sequence_id,sequence,length,gc_content,source_organism
SEQ_707913,TGCCAAAAAGGTATAATGGGGTACCCCCGCTCTCGCATTTGGTGACCTACAGAGAGCTATTGGGGCTCTCTAGAGAGTTTGCATAGTACAACCAAGACGACGGCGAACTATTGGGTAAAAATGGCATTCACAGGGGGGTGATAGAATCCGATCACCCTGTTCGTAAATCAGCCAGTGGATCCCACTCCGACTGGTTTGTTGCG,203,50.25,Homo sapiens
SEQ_152690,TGGCGCCACTTCACGTGCGGCCCGCACACTCAACGAAGAGCGTTCCACCCCTGGGCGACAGGATAGCATAGCCCCTTACGACGAGGCTCCCCCCTAGCACTTGGGCTGGGGGTCTTCCCAGATGGGCTGGGCTCGAGCAAAGCCACCCCATATACGATAAGATTGGATAAGATTACTGCAAGTAAGCCTATCCCGATGATTTGGCTCGACCCTCATTCTGCCACTGGGCCTCCTAGACATTCGGGGTGTACGTATAACGACAGTACAGGACGCGACTCTTTTGTCAGGAACTCGGTGACCGCGCAGACCTCGGCAATCGCTTCGATAAGAGATTGGCTTGAGTAATTGTAGGTACACAAGGCTTGGATCACTGAAGATTCCACTCTCTGCGCACGGACCTGCCCGGTCCTACGGGTGGGGCCCATCCAAACGATCTACCGGACATCATTGTGTCAAAAGTGTGATTATAGTGTCTGCATCGAATAAGACTGTGTGCGAGTGGTAAATATTTTTTCGTCGATCCGCTACGGAATTCGCAGGCAGATCGTTTGATATCCAGTAAAAACAACTATTGTTTCTAGCAACTGAACCCGGCGAAATCGATCTGGGAGACTCAGGTGGCCACGCGTTGGTTCCTAGGGCTCTACAGAGGACCTGCTTACGGCTCTCGTAGGGCGGCACAATGTTACAAAGAGTTCTACTCAGCGTTTAAAGTGAGCACCCTCGGCACTATGGGCAAACTTTTGAGGCAGCCGGTCCCGACCTCGGGTAGCAGAATGAGTTGCGTCTGCAATCTCAGTCTCCAGGGTCGTCAACCACCTTATGTGTACTAAGGTCACATTTTCTATATACTGAGGATGAATGTATAGCATCCTTCCTCCTGCATTTACCCTGATCGGAGGAATTATGGACTCATTCTCGAAGCGCCGATAAGACCGTACAACCCTGAAACTGCGCCACCAGTAATAAACGTACTACCCCGCCGCCCTGGACATAGTGCACCTGAATCATGTTTTGTCGTAATTAACACTGATCGAAAGTTTTTTATTCTTGTCTCGTAGGCCCACGCTCCGCAGCTTTCATTTAGTGCAGCGGGGGTCGCCCCAAGAGGGACCCGTATCCTCTTCTCTGCGTCTCTAATAGGTACATCTAAATACTCGTCTATTCCAGACGTGTATTGTTCTTGTGTGACTAAGAGAATAGCGATGTTTGGTTTTTTAGTACCAATGACAAATGGCCTCGGTTCGTTCATTGGTCCTCCAGCTCCGCTGGAGCTAAGTTGGGGCTCTGGTCCCTCAAAACACCATGGGGTGTCGGGCCCCATAAATAGCGGAGACAACGCCGTCTGTAGATACTCTTCACTAGCTATTAGGACGCGGCGGGTCGTTTAAAAAGTACGAGTACGGTCTCCTATATAGCTGGAAAATTTGGAGGCAACAAACCATCAGGTTGATCGGCACCGCTTCAAATAAATTCAACTGGCCCTGCATGTGGAGGGGAACATGTATGCTATTTGTCAGATACATTGTTAGCATCGCGACTCATTTGTCCACAGTCGGGCCTGGACTCTGGTATGGGTCTACGGGAAGGCCACGAGATTCCATAGGTATAATAGCGTAGTTTCACACTATACCCACTTACGATACTTGATTTAACCAAGTTTTTAGCTGTACGGTTTCCTGTCACTGGATACATTCGATCATCTGGTGGGGGGTTCTGTTAGCAACCCAACCGATTGGGAACCTAACCCCGCTGGCGGATCCACTTATCACCACACATTATAGTGTGTTAACTAGGTAGGGGTCCGTAGCTAATCGTAGTCCGGCAGCCATTCGTAACACGTGTGTGTCCGGCTTCAACCGACATAGTAATCAAGTCCACTTACTAATTGCAGGAAATAGAATGCCGTAGCCAAGCAAGCGTCCGCCGAGGTCGTCGCTTAGAACACATGTCCCACCCGTTCACATTTGGTTTTTCCCCGT,1982,50.15,Mus musculus
SEQ_586196,AGGCGCGCGGCAGAAACCCCTGTTCCTTTGGCAGGGTGTTCTGCAGGTGATGCTACTTGATACCTGCCTGTGACGTGCCCCGGGAGCAATCCTCAAATTGATAGCAAAATCCATCCGTCCCGGCGACTACTGTTAGCACGTGGCGTTATATAGGGCTGGCGATAGTCCACAGCCCTTCGGCTCTTCGGAAAGGAAAGAAATCGTCATTCGTCGCCTGCAGTTTATCTCTGCCACGGCCCCCCAAGTCCTGGGAACGTGTCTAAAGCGATACCGGCTAGAACGGTCCTTGTGTGGGCACGTCGATTGTTTGCGTCTGCCGCTACCGGCGCTCAGTCCTGGATATAAGAATGAATATACCGCGAGG,364,55.49,Mus musculus
SEQ_476103,TTGCATCGAAAACATAACAGTAGTTTACGCCCCTGTCGTGACATACCCGGTCAGGACAGAGACAGGTTGGGCGCATATCGACCTCGCACGCTGCTGCGAGAAGAGTCGTGGAATCTAAACCACTATTCTGGATCGGTGACCGGCCTTCAGACGCCCTCTTGGATTCGCGCTACATGGCGCTACATCGACGATATATGGTTGTATGAGCGTAATGCCCCCTGCATAGAACATAGCTTCTTACGAGCGTTATTGTAACAGTCATTTATGGATAAAGCTAACTTTAGCCGAAACGCGGGGTCCTCCGTGCTTGTCAGAACGCTTAACCGGGAACTAAACGTAGCACGGCGGGACTCTTCACCTACCGGACAGCCATAGATCTACCGCCACAACGACCTCTGGCAATCCTGAACTTCTTACCTGGTGTATAATGTAGATTATTAGGTGATCAATAAAGCGGTTGGCAACAAGCCTTGTGGTGTTAAACCAGCACTCGTAGTGCAGTGCAATCTCACCACATGTCAAGAGAACCTTTAGACTTCCAGTCCCTAACTTTAATGGACTGCAGATCCTAAGGTTACTCATATATCGTTCTTCGTCAAAGACTGAAGCGGTTGGTAGGGTCATACCGAATCTCCCACGTTGTCTACTCTTTACTCGAGTGGCCTGGAGCCTTGGTCAATCTCGTGACGGTGTATCATTTAAGTGTACTTATTTTAATTCCACGACGGCAGGCTAGGCTCTCAGGGATTGGGAGTTGGGCCACGGGGAGCAGGGTAGCCGGCGAGAAACTGCTGAAAAGCTAAGTACACGTTGTGCCGCCGACGGAACCACAACCCGGCCTACAGTAACTTCTAGTTTGGCACCCGTGGCGCCCTTATGTACACATTACGGTCCTCAATAAAAGACGGTGGTTCTGGATGGACAGCTCTGTCCCATCAGTTCCAGCAAAAAGATGTACTTGCTCTTATCCTGGCCAAGTTATTGGAGTTGTGCTCTAGGGATTCAATTACTTCATACATACCCCATCCTTGAAATAAATCACACGGAAGAGAAGAAGCACCTTGTTACCACAACTTCGCGAATAACGTTCACTACAGCTTACCAGTAAGTGTTGAGAAAACTGTCCAGCTCGGGCGCCAATCCGATGCAGGTGTACACAGTAGAAACATGAGAAACTAGGTTGCGCTGGCTTCTCTTAGGCCCCATGACATTCTAATTCTCGAC,1224,48.77,Escherichia coli
SEQ_914161,CCCCACCGCGCTACGGGCTAAGGACAGCGCAGTATTGTCGCACTAACTGCAACTCATGATACATAGCATACGACGTCCTTAAAAGGGGCCCTGCGGTGGCCTGGACTATTGGGGCACGCAGTTTTAGCCCACATTGCCTAGTTAGGGCAAACTGGTGGCGTGCTGCGGAGAGGGCCCT,178,57.87,Drosophila melanogaster
SEQ_134216,ATTGTTCAGAGGTACAAGCAGTCAGCAAGTTACAGCCTAGGCCGCTGAACTCATCGTCTCTTTGTGCAAGGGGTTGGGCGTGAAAGTATAAATCGTTTAGCGCGGTGATGAGCGCCGGCGCCTGAGGTATCCTCTCGCAGCCACGCGTGGCCTTGTAGTATTCTGCAACCTGATTTATTCGCCTGTGCCCTGATACTATGACAGTCGCCATGTCCTTTGTGGCGTTTATGTGGCCTCCTTGGCAGGTAGTGAGGCAAATGCCGTTCAACACACGAATATGCGGCTGGGTCCGATTGCTTGTAGCCCGGCGAACTAATTCGCCCGTATGAAAGGCGGCTGCTATGCCCCTTCGAGTGAGCGTTTCGGAATGTAATGAATTAACCTTCAGGAAGGGGTATGTTGGGCTTCAGAGAAGTCTGCTTATCACCCCTACGGATAGGAGATGCTAAGGTATAAACAACGTTGTACGCTCAGGTTCAAAATCAGTAGTGGGATAATCCGCTTCGCCGGACTGCGATGTGAATAAGGACCGATTAGCGGCACGACTTAAGGAGAGGTGCCGGGAGTCTTGAATCGACGAGTTACCGCTTACCATATGACTGAACAGATTCTCCCGTATTGGTGACGATGGGGCGGTAATGCCCAGGAGGGCCAAATCAGCTACCATCTGGAAGAACGGGATTTGGTTTCGCGTGACCCCCCGTTGGGCAGAATCAGATACATGTGCACCTGCCTAATACACCTTCGGTCCAGTTGCACGGTTGGCCCCTACTGGCGGCACTAGGGTCTGGACGGTGTTGGAACTTTAACAATGCGTTGTACTCCGACATCTTTGAGCTTTCAAGCAAGCCGCCGAGAGGTCCGATCTCGTAGCGGGTCAGCATCCACTCTCGGACGGGTATATATAACCGACATGCTCGTCAATGGGGTATCCCAGGATACCGGGGGGTGGTATCTTGGTTGTCTGCCTTTTAGAGAACAACTCAAAACCAGACACAGCATGTATGCTGAAACATCTAAAGCAGAGGGAAGCGGCACGACCAAGGGGTGTGTTGGCCTCGCCCATTACTTACATCTGGTCCAAGGATACTCGCCATTTAGGGATCCTCGCCCTACAACCAGCCGGAGTGTGATCGTTTTAATCGCGAGTTGTCGGATAATGGCTATATCCCTTACCTCTAACGTCATACCTCAGGCCGCACTAGTATCACCAGAGCCAGTGAATAACGGGTGGACGTATGGAAAGTAATCTTGTACTTCCTCCTCGGATAGCTTCGCAGAGTGAAAGTAACCTCACGCCGCTGTCAATCGCCAATACACTTCGCTTATGTCAGGATAGCGGTAAGCCTTCGTGTCTACTGGTCTCACTTCGTCCATCATTTCGAACGATTCGGCGTCTCCGCATCCGCCGATTCCCCACTTGACACGGCCAAAAACTCACTACTCGAATACGTAAAGCTGCGTCTCCCGCCGTCAGCCTCGTCGCTGTGCGTCCGTCTTTGTGATGCGGCCACTCAGCGCACTACCCGTTCCTATGGTAACCTGGCAGGTTTTCTCTGTCGGAAGCTAGTTTACGTAAGCGGCTCGTTATTACTGTACTACGTGGGGTTGAAGAAGATCGGTAAACCTGCTCTTAAGAGCGGCGGGCCATGCCCCCGCAGATGCGAGCATTCTGCATTATTCTTAACCAAGTGCCTCTAGCCATCGCGTCGTGCCAATTGTCCGATTCATGAAAGATACGATTCGGGTCTTTAATAGTTACTTGCATGGGGACCCACATGAAGTTCGGATTTAACGCCATCCTTATACATCTGTATATCGTGCGGTATTCCATACTCTCAGCTGTGTTCGGACATGGACAATTATACAGCTTTCCTAATCACTGTTGGCATACTAAACTTCTATTGCCCAAGCGGGAGCA,1921,51.38,Homo sapiens
SEQ_760215,GATACCCGAGCTCCAATTCTCCATACCACGTCCACGCCCAGAAGCCGCATTATTAACTAGCTCGTTGCACAAAGCGACGGATTACCCATCTTGTCGTTTAGCCTTGTCTCCGTCACTCAGGCCGTGAACATTCACCTCAAAAAATCCCCAAAGAGACTAGAAATGTCATACATGACTTGGAGAAACACATAGATCGCGGACAGCGTGCAGTGTAGAGGTAACATAAATAAAACGGATTGCTTCTTTGCAAATT,253,45.85,Saccharomyces cerevisiae
SEQ_901181,GTCCTTTTGGTCCGAAATATAGTGTTGCAGAAAGCCTCTGTGAGATCATCCGTCCTCGACGTCACGGAGCGGACTGGGGGAGGAGATCAATGAACGCTTTGTGCGGCAATGAAGAAGCTGCACAGGCACCACAGCCGTCGAGCTGATGAGGTTAAATTGTTGGTCGTGGCGAAACGTGGTTCCGTTGTAGAGGCTGGTATGCGAATGGACGTACAGAGTTGAATAGTTTGATGCGTAGGCACTTTCGATCCACAGCTATACCAGGCGTGGGCCGCATCCAAACGCTCTGGAAATGTGACCTGGTTCTCATAAAGTAATCCTACTACTTTGTGCGAGAGCAACGCACTTGATAACTGCGGAGCAGCAGAATCCAGACGAATCCTCCGACGTGCCCCACACCATTTTCCTGGCGAGGCCCTAGCGGTTACACGACATCTGGGGCTATTC,447,52.57,Escherichia coli
SEQ_792711,CCGTCTATTCCGGGATGCTCTCTCAATGAGCTAGAAAACAACGGCCGCCATTTGGTCACGGGGATACTCCTCGGATGCAGTGTAGGTCCCGTATTGCTCGTTTGCTCAAATGATTGTTTACTTCCACACTATAACTGAGCACCCTAATCATAAATGACTCTACTCTCCGGAAGTTTTAATCACCCAAGTCAAATCTTCTGCGAACGGGATCTTACCTATAACTAATCCCTATTGTTAAACGAACTGCCACAATAAGTTCTGTCTGGAGTTTTAAACCCGAGTCCACAGCCAATGTTCTGTTGACAGAAGTAACGGTGGATGGTGTTTTCAGCCCCTCGATAGGCAACCTCAGTATATTTGTATTGCTGGTGAGCAGGTCTAAGTCGGGAGAACATGGTTACGGAAGAAATCAGCTCTGCCTCTTTCTAATCAGAGGCGTGTCCACACCGGGGACAGGGTCGCATTCTATGCTGCCCATTTCGGCGTCCTTATGCCGAATAGGTGGATAGGCAGCGCGGCGCCTTATATAAAGTTACAATAGTAGTAAGACAAGTACAACGAACACTCAGGAGCTCGTGAGCCCCGTCACCACATCTTCGTTACAGTATGTCTATGGTAAGGTTCTCGGGGCGGGCCGGCAGTCGTCACCCGGCTGTCAATTCCACGG,667,48.73,Caenorhabditis elegans
SEQ_485072,ACTCCCTATGGCGCTAGCATACGCAACCTTATGCAACACTTGATCCCGGCCAATATGATTGCGCTTCGTACATCGTAGAATAACGTATCATTGTGAATGTAAACTTGTCAGGTTTACCTATCTTTAACAGCCCTTTTGATCGCTAGCGAACTACTCGCGTAATCACAGAGCGCGTAGGGAGTCCAACTGCCACGCGGCATTGTTTAACTTGCTTGCCTACATTAGGGACAAGTCAGGCATTATGCGTACAAGAGCTACCAAATCAGACTTGTGAGCTTCTAAATAGTGGTTTCTGATATGCGAGCACTCGTGCACGAACGACAACGCTGGTCACGGCCGAGAATTCATTTTCGATGTTGCGAAGTCCGCATCGTTTCATAGCAGGGCTTGGGGGACTTAGGAATTGCTCTGCCTTAACAAGCACAAGTCCGGTCAATAGAAAAAGCATGCGGTCTGCGTGTAACTCGACCACCCCTACCGACCTGCAATGACATCAGCCGCCAAGTCAGTTAGTCCATGGTTTAGTACTAGCGAGGACAGTGTACACTTTGCATTTATAAGGTCGTGTCGCGACCCACTGTTAGATGAGTGCACAGTGGTGGTTCACGCAATAAGGTTTTCTCATACCACATTTACCCGGGAGGATACTGACACTGCCTCGCTTAACGAAGCACCACGCGTTGATAGACGCTATATTATAGATCGGCGAGTTCTCGTGTTCTCATTTACAAAGCACTTCAAGAGGTACAATTTCCGCAGGCCGCTGTTCGGTCAGAGTGAGCAACGTAGTGAACCAGCCCCACGGGGGCTAGCCCGAATTGTGATTCGAACAAGAATACAAACGAAACCGGCGTTTTACGATTATGTATAGCGTAACTTAAGTGATTGTCCCTCCAACAGTGCCCATGTTCGCCAAGGCACGGCATGGTTCACCGGCCAGCGGAGATAGGAGAATAGGTCTTTACAAGTGGCGCGCCTCACAGTTGCGCTCTCTACACGTTAGTTAATTGATCTGATAAAATCCCTGTACGGCTCCAGTGTGCTTACGCGAAGTCTATCAGTTCCGGGATATGCACGCGTA,1081,48.75,Saccharomyces cerevisiae
SEQ_126546,AGCCGACGGTGCGACGTAAACACCATACTCCACTCTAGTACTGCGAGCAGAAGAAGCTTAACCAATCATAAACCTTAGATTTCAGTGTCGGCGTCAGCGTGAAAAGGTGCTAGTTTATAACTTTCGTCCCATCACACAGCAATATATGCTTTTTTACAATTTCTTCATCCTGCGACCCTTGGGCTAAGGTCTCCCCTCTTCTTATGGTTCAGACGCAAGCCATGGTACATCCCGCTGCACGATCAGGGTTCCTACTCTAATGCTCGCCCTTCAGCCTGGCAGGGCGAGGGTGGGACGCGGGGCCCGCGCCCTTTAGTTGAGCGGCCACTAACCAGTAACCCGCGGCTTGACAAACCATGTCGTCACATAATACAATTCAAGACCCGTCCTACTGCGGGCGGATATGCCTGATCAGTTGGTAGCTCGTTAGCCTGCCACAAGCCTGTGACGACTCTACGGTCGATGCCATGTTTGACCGAATAATTGCTCCTTCGTCCCATCGGGGCACTTCCTACTGTCGGTTGGCGTAAACGTGTGTCAATTAGAAGGTTTCCACTGCTAGTCGCACCTCACCATATGCAATATTATAGAGCGTTACCGTTCAGCCGGCCGTTTAAATGCACGCGCTGTTCGACAGTAACCTGGTTGGTGGGTTATCCGAACCGCCCCAGTGCGCCGGGTTAATCGAAAGATCTATATCAACGTCAATCCATCTCTTTATTACCGATACGCCGGTGGCCTCCGCGGAACTTTCTATAGGACCTCCTCGGTAAATTCTTTGGAGCTTACTGCTTAGAATTTCGTCACCAGCAGGGTTCGCAATGGCCGTCTAATAGGCACTTTACCTGGACAGATAAAGCGCTTTGGCTGACGACGAACCCTGTATCATATGCATACGAGCTACGTGCAGTTTGGACTGGAATTCTTACCCTATTAATGGTCCATACCAAACTGATGATTCCTCAGGAAGGAGTGCGCTTTAGCGAAGCAACTGCTCCATATTCAAGAGAATTGTCTACAGCTGACAATGCCAGAACTTTAGTAAGCAAGGACGGTCATACGCATTTGGCTGGCCGTTCGGTGATGAGCCACGTAGTCAAGCCTCGCAGCGGAGCGTGTGGGGCGAAACTTGACACAGATTTTATACTCCGGGTCAACTGCTGAGTGGAGACAAAACATGCACCCTTAGGAAGGCGTATGCATACAGATACATCTGGTGCAGTCGCGCAGTCTCAAACTTGTATCAGCATTGCCTGTCACAGTGGTACGGAATGCTAAGCTGGACGATGTTTAGCTGTATGACCGTGGCTAATGGGGGCCTTACTGTTAGTTAGATAGGCAATAGCCCACCTACAATAACCAAAAATGACTGAGTCTGGCAGCGCATTAAAAGCGCCGAGTTTACGCTAGATTCGTTACCGATTAGAAGCTTCTAATTAACAGATCACTGATGTCGTTGAATAATCTCACCAACAATGGTAGAACAGATGTTTTGCTCACAAACTACCTCGGATTACTACGCATCCATCCGGTAATTCTGACATCATGATCGACATATAACTGGGCGATGGAACTGGTAGCAGAGCACTCCCGGTAGCAAACGGCGTCCGCTAGAATAGGGAAGACTGAGGCTACAATGGCAGACGGCTTGGGTGTTTTGTCCCCTCG,1668,49.58,Caenorhabditis elegans
SEQ_474654,TCTTCCCAGACGTCCCATCACGGCGACCGTCGAGTCTAGCGGTTATCAATAGCAGACATACACCACCTGGAAGGCGTAGTACCAGTATGAGGCCCGAACCCGTGCTAGTTGTCAGTGCGTAAGTATGGAGGTAGTCCCCTACCATATTGCTAAGGTTGCTGGGGAGGATAGTGGTCCGATCCAGTACTTTTCCGTCTGTGCTCTCACCTCGGCCATTCCCCAGTCTACTGTGATGCTTGCTTCTGGGCCCTATGCTGAGTCTTCACCTTGCAGCTGCAATGCATTTTCTTGCAGCATGGATTCCATATGCTAAGGCAATTGGTGCTCTACCAGGTCGCGATCATCCCGTGAGGGTGGACATGGGTGTGATGCCGAGACGCCACGTCAGAGATCCCGACTATGAACATTGCACATGTTCGCCAAGCCGCGTCAAACAGCTAGGGCCTTCTATACTGCGAGGTATTACAAGAGTAGTGTCCATCACCAAGTTATTGGACTTCGTAGTTACCTGAAAGGAAGCTGCGCCCCTCCTGACCCGAAACGATCCTTATCTGCGTAATCTAGCTCTAATTGGCCCAAGTTGAGCATAAAACCGCCCAGTGTCGTCAAGATCTCCTAAAGTTTAAAAAGAGGTCTACGATGAGATCCGGTGGGTGCTTGTCGTACTTGAATGAACAATGGCGACCCTCAG,691,51.52,Homo sapiens
SEQ_738035,ATCGCGGAACTATTATTCACGACGTCAACCGGACCCAGACCCCTCCGATTCGACTTTGCATACTTTCGGAGTTATACTATAAACGATCAGGCGTATTCCTTAGTCACTCGTTATCCCTCCATGCATTCGCTTCTATGATGGTGCCCCAGGACTTTTCAAGGGACAGGTAATGCGACAAGAACAGAGCAACCCATAATGTCTAAGTTCTCCTTGGTGCGCCCCACGTGACCCTTCATTATGAGGCGGAAAGATAATGGAACTAAGCCTTACAAAACCCAGCCCGGCGTGTGAACAATGTCGGGACAGCCTCACATTACCCCGGCTGAACAGCCCACCCCTCCCCTCTCTTGTGGAACAATATCCCGTTTTATGCGTCAGCGGGATCAGGTGTAAGACAGACCTATGTATAAAGAAACAAGGGCAATGGTTATCAATATATATCGTAGTAGTACATCCTCCGGCTCGAGGGTTAATGTATCGTGACCAAGGACCCATTGCTCATTCCGCGGCCACCATGCTGATAAGCGATACACCGTCACATTCCAAGTGCAAAGGCATGTGCCAAACCGGTTCCGAGAACGCGGGCTCCTAGGTATGGCGATGCTCTTATCGTAATCAATCGTTAATCCATGCTGTCCGCAATAATGTTTCCTCTGTTGAAAGAGGACCGACGGGCGGGCTTGATATCCATCTTTGATAAACGACTGCATGAAGCGTGCCCCTATATTACTTCTGAGTCAGTTAACTGTTGAATGTGGTATAGACAGATAGACCGGTTATTAGTGGTATTCCGGGCTTCCCGGATGGTGCAGCTCCCGTCCCCGAAGCCTTTGCTGTAGCGTTGGGAGTCTACTAAGTAATCCGTCTTTCGTTGAGATGATACGAGCCGGTCGCTGTAGGGACCTAGAATGTGTTCACTGGCGTACGCATATTTAGGGATAGTCAATACCTGCTATCGCGCAGGGGTCAGACCCTTTGCCGATTAAACCCTGGGTGTGCAGGATTGGGTCCGCTATTGTTAGTCCTACTTGCTACCGTA,1039,49.57,Caenorhabditis elegans
SEQ_198588,ACCGGGCTTTCCCCAACGTTTACTCCTAGTGCAGACATTAGTCACGGAGTGGGAGTTCTCCAATGGGGCAATTTCCAGCGTTATGGAATAGTGTCCTTATGGAATAGTGAAACGTGGTCACCTGACTCCAGAAGAGCACAGAGAGTCGAGGGTGGTACAGGCATATGAGTCATAAAAAATCTAATCGACTTTTAACTGATCTCTCTGCCTCACCCCGTGATTCCTACGGATCGCTAAGAGAAATCGCCTCATGCACTCTCCTTGATTATAGCTGAGCCAGATGGGCCCCATATTCAAATACGCTGCCCTGTGAGTCGGTCCTTACAAGCCAACCGTGGTGACTAGCTGCCGCGACATTCGGTTAGTACTTGATATACGCTTCTGACCGCGCTCCAAAGTAGGTCATGCGTAACGGCACCTAGGTCGAACAAAACGGGTACACCACGCTACCACCGCAGGAGAATAAGTCGGATCGTGCCCTTG,483,50.52,Homo sapiens
SEQ_578944,CGGATACCCAACCACCCGCTAGACGAACTAGGTGACAAGTCGTATAGCTACACATTTCGGCTGGCTCTGAGGCCAACCCGGGTAACGATGATACCTAATCCAGGAGTAGGTCAGCTCCTGCTTCGACACAGTAATTACCACAATGCGCACAAGGAGGTACAACGATAAAACCGACGCATTACTTCGTCCATGGAGGTGATCGTCATGGCCGTAAATAATACAGGACGCCTTGACAAGGATTCAGGGCAATACAAAGTCAGGGAAAAGTCCAGCGTGAAAGAAGCGGGGTTTCGTTTTTTCCCTGCGTCGCTGAATCGGACGAACTATCCATGCGGTAGGGGATGCCAAGACACGGATATTCTTGCTCTGGGACAATAGCACCCTTGTATATTTGAGTTGCCTCGCGCTATATCGACCCCATAGCACAGACACTCAGTCCACCTAGCGCGATAGAGTTATCGCCCTGTTCACCCAAAGCCCTGAAAAAACTGGTCTCGGACGCAAGGGAGACGCCAGAGTACCACCGGACAGGAATCTGAACCGTCTCTGAGCCGAGAGAATCACTGCCATGTTAGAACCTTACTGGCTTGGTGTTATGGACATTGCTATTCATATGTAGACCGGTATGGGAGGTATGCGGTAGGTACATTGCCGAGAGATGGTCGTGCCTCCCCCGATGCGCTAGGTTTAATGTGCTACTGGAACAAACCTCCATTAGTGCGTAATCTGTTCGTAAGCTCCAGCCCACGTGCCCGCCTACATAATATCCTCTACGGCGGGCACCGAGACAAATACGGACTTGTCGGAGCAAGCCGCTGGCTTGGTGTTCGTTATTCATGTCAGTTTTTTGCAGTCTGCAGTGTTCAGGCAGGGCCCACGTCTCAACTTGGTGGGAACAAGCTCAAAATCATTTACTACAGGCCAATGTTATTGTAGGTTGCAGAGATCCGTACTCCTAGTATACACAACCCTCTTTAGCAACTTATCAGTCCCGATTTTAAGTCCCTGAAGAGAAAGAGCGAGGTGCCTGCTTGTCGTCAGGCATACCATACTATTTTCTGGTCGGAAGTAGGCATAAACGGTCATAGCGTGAGTTAGACGAACAGAGGGATATTAATACTGGAGAAATCTAAGTTGCTAAACCGACTATTAAGTAATGCCATGGCCCGCGTGTACTAAGAGCAGCACCATCCTACAAGCGAGGCCCCTCCATGCCGCATTTATACACCGACTAATGTACTCGGAGCGTGACGAGCAGATACATAGCCCGTTAAGGCGTAGAGATTATACGACACCGCCCCCGCTAGCAGCAAGCACTCACGAGCGAGTCGCGGCTCCTTATCGCCTCGGATACGACTGAGATCCGTGCTGTGATCGCGGGAACACTCCTCTTCCGCGGATACAGCACTCCCCACCACTTCACCGCGATGAGTAGATATCGAGTTATCGTAAGAAATATATTGAATGACCGACGCCTCTAGAACTGACGTTACCTCCCCAGGGTCTCCATGGGATAGGGCTTTTACTAGCCGAGGTTCATTGGGAGCAGGAATAGAACAACTGGGCCACTCTTACGTGTCAGGAAATAGCACTAAGGTGTACTATCTAGGGGGAAGAACGATTTGTACTATTCTTAAGAAGTCTGAAATCCGCGCTGGG,1659,50.33,Arabidopsis thaliana
SEQ_562434,GAGCCCGAGGAGAGAAGATTCCCCACCCAGATATCCCTTCTGACTCTTTTCATTGAATTCAAGGGTGTCCGCGTGGAAGGCCCTCTCAACCAACGGGTCGACCATCGACTATAATTTATCTCCGTCGGATACCTCGCTTGTGAGGCTGCGTACTAAGTTCGAGCGCTGGAATTCACTTCGCGGTGCGGTATGTATAACTGTTGACGTAATTAGGCTGGTTGGCGATGTGAACCAACATTCTTTTGAATGGCGACTAGAGGGCCATTACTGGGTAAAAGAGGGGCGTCCCCGGGTACAAGGATCTGAGACAGAAGTCTCACCCAGTAGTCCGGGAACGTTTACATAAGCAAACATCCCATGGGTGAGATTATAGTGAGCCAACCCTGAACACTTCCGTATACGGGAGTGGTCGGTATTCCTGGAAACTTTATGGCAGTTCATGTCGAGAACCAGCCACGGCCCCAGGAAGGCTAGTCCATTTTAATCTACGTATTAGTCGGCCGGAACGTTATATGTAACGAGTACGCTAGTCTGCGGATGCAAATCATTGTTTCCGCTGGTGAGCACTCGGGGCTCCTTCAAATGCTGTGAGGGGATCCGTAGTCCGTAAACAGATCCTCTGCGCCTACGACAGCCCAAGGTTCGGGGTTCTCGAAAGAGGCGTACTTGCCGCAGTAGCGCATCGCCCAAGATCTT,696,51.58,Homo sapiens
SEQ_841031,GGATAAATTGGAGAATCCATAAGGCTGTCGCGGGCCCATTTGTACGGATCTAAAGAGCGCTATCCTATTATCCGTTCCCACGGTGGTATTGGCTCGTTGGCGGTGGGATAACTGCTATTTGACTGCTTAAAGATCCCCTAATCGTACATGTTGTCTGTTACAGCTGTCACCACGAGCTGCGGCAAATTCGGGTAGATGCTAGGGACTCGATCGCCGTGTCGAAATTATAATCATTATGCAGAAAGGGCGACCTATCTATTTTCATCGATTGGGGGGATTCGGTCTGGCGAAGCCTTTTACGGACTTTCATCCTTTTCCCCTCTAGGTTAACATCGGTGGTCGAGGGGTAAGGCAGAGCGTCTGACTCCGTCGCTGATCCGGTTAGTCCTGCTGCGCATTGTGTGCCTTCAGTTGCCCTACTATGGATCCCTTAGCTTTGACTTCGAGAGTCCTTAGTTCCATCGATCCGAGTCCACTGCGTAAGCGCGACCGCGGTTCCAAGCGCAGCGAGCAACCGAGCAACTCCATTAAAGGAGCTAGTAGTACTGCCGGCTAACGCTTCATGATTCGTATAAGCCGGCCGTCCCAAGCCCACGCCTGCGCCACACGGGTGTGCGAATACAGCTTGGGAACGAGGTCAAAGTTTATTGGTCGGCAAGTAACGTGCGAGCGGCAAGGTTACAAGGCTCGTTAGGCCGGGCAAGAGGACAAAATTGCTCTGATTGTGTCGAAACCACCCCTACGTACTTCAAAGAAAAACCATCATTGGTTGCGACGGCGTACCAAATCAGGCTGCTCTTCACTCATCGCTATCAGCTCGTCCACTTAATCGGGGGAGTGTCTTGTGGGGCCAGCCCGACCCTATTCTCAACACCTAGGTCCCATAGACGACTCTAATACCGGGTTTTCCGGAGAATAGGCGTGCCCTAGGGACGATCGCCCGTGCACGGCGGCGTTCCAGATTGCTTGAATTTCCCGATGGGTGGTAAGGATAGCTCCAGCGCTCCGCTGAGCTATGTCGAAAGAGGCACTCAAAGTACTGAACAGAAACCGTTCTTCGCCGTAGTTCTAATCCGCCTCCTCGGTCCTCTTCAGCAGGCCCGCAGCAAAGCCCTACACAAGATGTTTATCTGCGTCTCGA,1141,52.94,Drosophila melanogaster
SEQ_314759,CGCCCCGTCAGTGCGAAAGGGCTATAATGAGTATCGAGTCAAGGGAGACACGTCTTGTACATAAAGACTCAGAACTGACCACCCCCGGCCTTGGCTTTAAGCCAGAGGGGCTCCCCCAACACCCTTAAGGCAGTCTGTACGCATTAGGGAAGTGCCGAAGTTATGGGTTAAGCAAACAGCCAATGAGACGTGTGATCTCCTAACAGTAGGCTAAACTAAACACGGGATGGCATGTAAAGCGGCGGTGTCTCGACTCCAGCGACCTTTTTTTTAGTGCATAGTCAGGATATTGCACAGTTCTTTTCAACCAGAGAGTGTTGGCGGTGGGATACCTTTTAGAGTACGGATCGTATTGTACATTACGAATAAATTCGCGCAAAAGGCAATTAAGTTAGTGGTCCCGGCTCCATTTATCGGCTAAATGAGTGTAGCGAAGTCGACCCTTCCTGGGACGTGATAACC,462,48.92,Homo sapiens
SEQ_580272,ATTTTAAATAGATCAAGCACTATCATGAACGATTGTGCCTGTCGCAATTACCTTCGGTATATCCGTATTCACTTAAGCTCACCTCTAGCTAGCATGGGCATTGTCTGACACTTTACAGCTCATTATAATCTGGTCTTCTTGTTTAAGATACATAAGTGTCTGGCTACCAGTCGTGGTTTTTCTGAGCCCTATCCCGGACTAAAGAACATAGCTTGACGGCGTCGAAATTAATGAAGGCGCAAGGATCTAACGCTGAGCGATATTGTGCGACTTACGTAAAGACACCGATCAGCCTGCGAAATGTGACCTAAGAGTTGAACGTAGCTGTCATAGCAACACCTTGATAAACACCTCCCGCGTCTAGTCATCAACCGGAAGGAGCTGGCGAATTTTAGAGTTGTCAGAATATTCGGCATATCTGTGAGAGACGCAGGACACGGTACTGATTCGCCCGGGACCCCTGCAGGGTCATGAGAAATTGTGCACTATCTCAGCGAACAGGCCAATTGACGCTACCAACTGTGGTAGTCTTGCTCAAGTCTCATGGGGAATTCTTCAGTGAGCTTCAGCGACTTTGCGGTCTTCACGAATCAGTAACGACTCGGCGCATAATATTTAGGGAAAAATCCAGAACAGAATTCAGTCATGTATTTCACCCGGTGTAGAATAAATTCTAGGGCGCCGGAATCTAATTACTCAATCTAAGCCAGCCCCCAGTCTCCATATCTTGGTTCTCGTACCACTGCCCCAGGGCTTAAGTAACATTGAGCACTAATGAGTCGCCGCAATCTAGGAACGGCCCTTATAAGGTTGATTGTAACGCTGGTCCGCGCAAGGCTTACCTCTACCCCTGCCTGACGGGCTATATCGTCGCGAATGTCGCTATGGACGTCCGAAGAAGCAGTACCCCATGGCTCGAGCCTTTAATACGCGATGACTGTTCGGTGTCTCCAGAAGCTAGAACTGATTGTAGCCAGCGGTTACTGATATCGTTTAAGTCATGCATCATGTATATACACGCGAAAGTCACATATAAATACAAGTTAACTAGGGAGGACCTCTCGTCGGGAACCCGTGCTGATGGACGCGGCTGTTTTCATTATATTTGACTGGGCGTTAGGGGTGAGTGATTTATAAGCCGTCGTGGTCTATTACCGAGACCTAGCCTCTCCAACAGTCTCACGTATCAAGGCCTCAAGGGCG,1203,47.55,Saccharomyces cerevisiae
SEQ_122120,CACCTTACTGGGTTAGTGAACGTTTCACGCAGTGGGTGTTTGTTCGTTTGCGATAGAGCGTAGGTCCGTTCCGATTCGCCACTATGTTCCATACCTTACGCCCGGGGACTAACTGTTAGGCCTTTACTCTTAGAGCGAAGTTTTCTGTTAGACCTTCGCCACTGATGAGTTTGGATCTCAGCTACAGCGCCGAGGTCGGTTCTCTTTCAAACCGCGCCGCTACAGTGATCGATGAGTCAGATTTAGAAACGTACAAGCACAAAAATTCTCAGTGCGCGTTGTTCTTCGAGGTCTCCGGGGGTCTAATCAGGGTATACAGAAGGTGAAGTCTCGGGTACAAACACAGTCTATCTGGAGACGCGAGCCCTGTTAGTACTAATTGATATATAAGCATAACAGGACTAGGCAAAAAATTGACAATCAGCGTCCTAAAGCATTACCTGCCAGATAGCAACTATCCCCAGGTAGCACCCCGTCTACAACGCACGAGATGCGACGACGGTGGACGCTCGGGCACCCGCCCGTCTGTCAGCTCCGGACACCGTCTTTGGTATTACCCATGTGTAACATCGAAAGAAAACCGTATATCCGTCCATGTACTCTGTCCGACCACAGTAGGCTGAGTACCTCCAAAACTCTTTCCAGCTCACGATCGGGATTTGAAAATGGGGGTACCAAACACGCAATGCCATCGATATCACGAAAGACCGAATTAATCGAATCCGCCAAATGCAAATGACTCTCATCCCGTCGTGTGTTGCATGGTGTCAACCTGGACCCAGTTTGTCTGGAACGACTTGTGGGGAACGCGAATTCCCAGAATGAACGCTCTTGTCGACTATCAAGGCTAGGTGCTGCTTCCCTCCCAGACGCCTACCTCCGGGGGCATGTCTGCGCGTGCCGGGAAGTCTCCGGACGGGTCCGCGAGGAATAAAATAACTACAGAGTAGTTGATTGGCTATTTTGGTCGGCGGCTTATAGTCAAAGGGTGAGATCCCGTATGAAATCTGTGGGCAAGTGAGTGCCCTGCTTTCTAATACCTTAGGCATGAGTCAACATTCCCTGTAAGATATAGAGAATGCGGGGCGAAGTCGCGATAGGAAATCCCCTGAAAGGGTAAACCAGCGGTGGCCATCTCCCAGCTTGCCATGGATAAGACGAGCCTCTATTGTTACGTGCTATATGCTCGCTATCCCAGTACACTTGTACCCCCCAGAGCGACTTGTCCTCCTACTGTATAATAGCCCTGAGCTCCGCCACTCATCTGGCCATCTTGTATTGCAACACCCCTAGTTAATGGCGTGACGGCCCTTG,1314,50.84,Caenorhabditis elegans
SEQ_844879,TGAGTATCACTCTGTATATTTAAGCTAGTTGGGACCGTTGACAGAAATATGTCTTCACATGTGACAGACCCGCTCACGTCCAAGATTAGATGCCAAATAAATCATTCCGTACGGACTGCGCACTTTGCACACGCCAGTGAGAAATATTATGCAACCGGCCTTGCTTTATAACTATGTCGAAGTGTCCGTAATTTACATGTACACAAACGATAGATTTAAAAAGCCAGGCGAGCATCGTAAAGAGCCGAAGAATGTTATGCATCTATGAAGCTTTGGCCTTCAGCCCGCCGGACGACAGGGTCCGCCGATTCGCATGACGGGGGTCGGCTGATGGGATCTACTCTTCTGCAACACCCTATCTTGACTATTAAGCGTTAGATGATTTTAAGACTGCGGCACCACCGGTTAGGATATTGGCGTGTACATACAACCTTAAATCCGGTGGCAGGGACGATGACCCCGTACAGGATCGCACTGCCTCTTGCTTGGTGGACGTGTTTGTACCTGACCAGTGCCGACGTGCTTCAGTCTGGGCCGGACCGGCTGCACCTGGAAGGGTATCTAGAGACTCGACATTGTACGAATGCGCAAAGGCTCAGTGGAAAAGATGTATTGTTAGATTATCATCTTGGGGACACCAAGAATAATCTCCAGAGGTAAGAGTGAGAGTAGATACGGTGGTAATTCAGCGTTCGGAGTGCGAGCATATCAGCGCGGGAGCCTGTATCACTCTACCGGAGGTCTTGGAGATTGCCCAAAATTTGGGCGAGATAGATTCAAGAACAAGATGCGGCTTATACGAGTGTATGACTCTGGGTTCGTGGCGTATACCGGCAAAACTCGGAGATCCGTTGGCAAAGTTTTCCCTATACGTCTTCCTTGAAGAATCACACGAGGGAGGGGAATGGTCAAGTGGTAAATATGTTTCGGCAATGCTGATCATAATGAATATGGGTATGCGCTGCCTGTACTGGTGGATCTGTCGATCCAGATCGTAGCATTACGTTTCAGAGACTCTGGAGCGCTAAGTCCACAGGTATACGGATCGTAGGTAGTAGTTGCAACTATCTCTCTATTGGCGGCTCTTGACCGATAAATGTCAGAAGGGGCTAAGGTCCAGATTACCGTGCGGAGATCCTCACAATCCATTGCGCGAATGTGCGCTGGCGAGTGCTTATGCTTATGCGCAAAGGCGTTATCAGGTCCTCTCGGTCCCAGTCTTCTTCGACGCACTGACCCGAAACTAGCACGTTTCCGAGACTTCCAACCGGTGCGAATGTGGACTAACAGGCTGGAGTTCTTATGAGACCGTTCGTGTGGGAGGCGTTTTGTCACCGCCCTAATTCAAGCTCCGTGCATAGACCCCTGAAGGCGAAGATCGCCCGCAACATGTTCTCACCCCCCTACTCGGAGTTGATCTACTGATGAACCCGCTGGTTGAATCGTCTAATATTGCCTCGTGATAAGCGTCTGGGTC,1477,49.7,Escherichia coli
SEQ_677304,GCAAGGTAGGGATTGCGGTGGAGTCGAGACCCTCTCGAAGACAAGTACAGTGTCGCTAACGCCTAAAGGAGAGCGCACTCGCACGACGCTCGCCAAAAGATAGCCCCGTGCGTGTTATATTCGAGTTTGTCCCAGGCCATCCGCCGGGCCTTCCTTAGGTCGTGCTCTCTGACGCATGAGTCCTGCGGCGAGACCCGGTGCCGATAGGCCCCAGTTACCCGTTCGATGGTACTCGAAGTTATCTGCGCTAAGGTACAAACGATTAGTTACACATCTGTTGCTGACCATCCCAGCAAGATAGCACACGGCGCTATAATAAGGCCACGTATAGCGTAGTGCTGAGGCCATACTTATAGAAATGGATGCATACGGGCTATCGCTTTAATTAAATTAACCCTAAGGGGTACAGTTTCTTAATTGGGTATGAGATACTGTACGCCTGAAATGAATCATTCCTCCCTGCCCTGCCGTAGGAAGGGCTTTACTTACGGTAACTAGAGTGGGGGTATGCTGCACGGGGTCCCTTTTTGCTAAACGTAGGCAGGTGGGGACTTCTGACATCCGAACATGAGAGGTTTTCCGAGCCACGTGTGTAACGCCCTTACTCTCAGATATCCTTGGCTAAGTAATATACCCGGAGACCCAGGCAGGTGCCCTGTCCTTGAGCCGGGGACGGAGCCTAACGTCATCCTCAGACGCTACCCGGTGCCGTACGCTACCTCGAGGAGCGCAATAATTCGTATAAAAGATTCGCGCATACCACTATGTATTAAGATAATACATAATTAATGAACTGCCTGTTCTGTACTACAAGGCACTTG,821,51.16,Caenorhabditis elegans
SEQ_930671,CGGTAGGGTATTTTAGGCTCGTCACCACAGTTATTCTAAAATTTCGTGGTACAAGACGGTTCCCACTCTGACGGTCAGGGCCTCGATTCACCAAATAAGGATAAATATCATCTGTCACGTTAACACCAGAGAGTTTAGAATCCCGGGGTACATTGAGTGGACCTCCGGTCACCAAAAATAACCGCACGGTTCTATGAATCCTTCGTGATCAACGTGAGGATAGCAAGAATGACAAGATGTTGTCTACCCAGGCCTCGCGACAACAGTTCCCAGATTTGGTTGTAGCAGGGGCAAAGACGCAATCGGTTTAACTCGAACAAAAAAAGAGAGAAAGTTGAGACTGGTCCTTTTATGGCTCACGAATTTCGCCCGATTTTTCAGGGACGTCCTAAGGACCTTAGCTATTCCTCACTTTATGTTCACCAACACAAGCACGCGACCTTGATCTTACTATTTAGGGTAGGCCATCGGTTCAGCGACCTTTTGCTACGCCAGAGACGCGCAGTTCGCGATTATCTCAGCACCCCTTGCATGGTCCTAACCAGACTAGTATAAGCTTTCGTGGGCGTCATGCGCGAGGGCCCCTTCAATCCATGTTTTAGCTCCAGAACGTAAGTACAGATTATTTGTGGCCCCCGCTGAATCCGTGATGCGTTAATAATATCGAGAGCGTAAAACTAATCCACCTATGAAGCCACAACCTGTAGAACCAAGGCCGCCATAAAACATTCGTACCCCTAATGCTGTGCATCTTCTACGAGCTCATGACTTTAGATCTTGGTGCCTAGGCTGTGTCTCCTCTGGCCACGCAACTTGTTCAGAGCGACCCTACTCTTGCTTCTTAAGTTACTTTCACTATGAATCGTCGGATGTACTTAACACCAAATGCCTCCCCTCTAGGTGGACCACCCGCGGCCAGTCTTACAGTACACGCTGGGCCAACTACCTTGGAGAGCAGGAGAGGAACATTACTCTGAGTAATCCAGTTGATTAGCCTTCAGGTGATTGCACCCGTTCAGACGTCAGCTTAACTTGAGGGATCCGACTGTCCTAACTAAGCGGCAGGAACGCCTCAGCGATAGTCAGTATCCGCCACAGAATCATACCTGAACGGGACCGTGATCTAGGCAGAGTGGACGTTGCTATCTTCGACCGGAGCCACTGCTTCGGTCACGCTGTTGTATTGCCAAGGTCCTCGCCGACCGTATTGAAAGCGGGACCCCTGTAAATTACTTCTTACTGGCCCAATTTGGCGATATGTTGGGCGCCCAATTCGGTCGGCTTTCTTCCTCCAGCAACGCGAGGTCTTGTGTCCTACATAGGATCGT,1328,49.47,Arabidopsis thaliana
SEQ_195074,ACAAGCACGGGAGTGGTAGTGGAGTCAAGGGACCTACCCGCACTGAAGAAAAAGGCGCTTTCCGTCCACCAGAACAAAATATCCGTTCAGAGGCTTCTACGACCATACGCCTTGTGGAGTGCCTGCGTAACATCATATCTATCAATAGTAAGATTAATCGTCCACAAATCACTCTGACGAGTGACTCGCTAGGCACTTCGCAGATGACGTGATCAGTCCCCCCCTCCACTCCCCCTAACAGCGTGCGAAAATCACGGCGGTGAGGACCATAAGGTACAAACCTGAGGGCCGAAGCAGAGATAAAAGCCGCCTCACACTCAGTAAACTTAATAGTAGGAATGGTTCTGCCCTTACTGTCAAGGGGCTGTGCAGGCAACTTCTGCTCGGCTCGTTATCGTGTTCCCGGTATTCTAGTCTGATATACTAAACAGCCGGACAGTCGGAAAAAGCGGACTGGCTCCGCAGGAAGCAGCATGTACACGTTGGCCACGCGTAGTCTCAAAGGTAATGTACGACATTCTTGCCAACTCGGCAGAGGGACAGTGCAGGACAGGCTCCATGAGGGTGCCTGCCCCGTTGGCGCGCAGTCTTTAGATATGGGATGTAATCCGCAGGAAATAGTCATACAACCACGATGCGCCAAGCCCCATGCGGACCGACACGCGCTGTGTGATTGATCCTCTGGTCGCTCGTACGGACCTCCCAGTGAAGAGAGGCTTTAAGGCCACCATTCATCGATTGCGTTAAGGTTGCGTAGGAATGTAACAAGGGGCACAGACGGCCATGTGTAGGTCTCCCGCCCGACCAGGAAGCGTATTATTTGTAATATCCGAGAGTCCGGTATGTTGAAGTATGAGGCGCGCGAGGCGCCAGATATCCGAGCGGGCTGGTAGGTTCACTACCTTCCGCCCTGGTTGAGGAAGCAACGACGGGTCTTAAAAGCTGTAACGCGTCTTGAGTGGTCTTCCCAACTGAGTTCCATGTATTAAACGGCCGCCTCCGAAGTTTTCCCTCTGTCTGTTATTTGAAGATAGCTCATTAGTATAACCCCTCTACAGTGGCACATCGCTTTTGTAGGTCGACACAACACGTGTCACCGGGGTCAAGAGTCTTCTCATGTAGGGGCCTACACTCCTGTATATTATGCACTCAACCTTTAGATTCTCAGCCACTAGTTTACGGCCCGTCTCCTGTTGCTGAACGGTCGCGAGTGGATTATATAACGCAAAACGAAGCCAGGCTATAATCACGCTCTAGCCTGTCGAAAGTGGATAAGGTTGCGGCTCTAGGAAAGTACAAAGTAAATATGACGTGCCTTTTTAGCTTTTTCGAATGGCCAGGCCGAACTCCTTCATCTGGCTAAGACTTCCGTTCCACCACAGATTTAGCCTGATCAGGACCCGATTGCGTGAGCGAAGGGCGGCTCGTACATGTGCGTGTAATAAAGGAAAGTGTCTCAAATGCAACGTGTGATATACTCGGATCTAGACGTGTGAGGCCGAATATTTAAGAACTAATCAAGCGGCTATCCCGCTGGATGTCACCTGTATGCGTCTCTAAGC,1562,51.15,Escherichia coli
SEQ_641011,CTCACTTTAGGGGCAGCATGGCCCGCACAGTGCAGGTTGATTCGAAATCAAAACATTGGTCCGTAACTGCCAGATAGGATCTTGACGCGGTGCCTATTTGTTAAAGCGGGCCAAGTAAATGCCCGCAATAAATAGGCAAGATCATAATGATTACTGCGAGAGCGCAACCTTGGTTATGTAAGAAGGTGTGGTTTTGAGCAGTATCGTGATCCGGACACGACCGAAAAGCAACGAGTATTACAAATACCAATATTTACATGTGTGCTATGGTGATATGGCTCGGCAATCAGATTGTGACTAATTGCTGTGGTTTTTGCAGAACTTGTTCCCCCGTTGAGGGCAGGAACGCCTGAAGAGAAACGATGGGCGCGAGATGGACAGGTTGAATGTAGATCCTACCCCTTTGCATCGACAATCACGCGCGTGATAAACGACATGGGGCCGACTGCGATAGATGGTTCCTGGAGTAAGCCACTTTCGATCCCTTTATAACGCGAGTTACATCCGCACAGGAGCGCATGCGGATGTTAATTCGATTGGGGTGCGTGCTCAGCTCGTACGCGCGGTGCCCGGAGTAGCATCCATAGGGAATCTCTTCGATCAGTGAGAATCGGACATCCTCCGTGGATACGTTAACTACAGACCTACTCCTATGTGCTCATCGACACCTATGTATGTGTGAAACCGTGCCCGTATAGCCAGGGCTAGTGGACACCACGGGAGACGTAGAGCAGGTCTTGCAAGCTTTTAATCGTTGCGATCAGGGAGATCGTGATGGTGATGAGTGACGAATTATACTCCCATGCTGTACGCTAAATGCGTGCGCGACATAGAACAGCGACA,843,49.7,Drosophila melanogaster
SEQ_826706,TGCGGCCTTCAGGATCAAATCCCGCTCGGGGTCGCCGGTCTATACCTCCCCAATTAAGTGTCATTTTAGTAACGGGTATTTGGCGTTCGCTAACGAATGTGCTTCCACGTGCACACTTCGCCCAGAATGCACAAAACAAGAAACATAGATCTTCTAGGTGTTAATTCCACCCACGTGGACGCGGCGGGGCTCCCTCCAGGTTACAGAGCTTCCATCCCCGGAAAGGATAATGCGAGGTGCTGGTCGAAGTACTTTGACTGCAGCGGTGAAATCTATACTTAGCACTCCCCGCCAGCCGCCGGAGTAATTACCACACGTACTCCTCATCGCGAAGCGGACACAACCAGCTCGAGGATAGGGGATGACGTTCAATTAAAGCCAGACTCCGGTGTCCTGACGGGTTGCCGGAGATCATGACTAAGCACGTGTGGACAGCGCTCCTTAACTTTCGTGAATAAGCATCCGTACTGAGACTCCTATACGCCATTAGGAGGTCGTCGCTTCCTAAGAAGCTCCATTCGACGGTTCGTGGCGCGTACGTATGCCGATAATAGTACCAATTGTATCGTGAATTCGTCCTGTCTCTAGATCTCGATGGCATGTCAAAACTGATGTCCTCTATGGCTTCTCGTGCAAGGCGTAACTGCTGGGCCTACCTCATCGCAACATACGTATGTGCTGCGCCTTAGGTGTCTTACAAGCTGGCGCACATGCCCGGGGTTTGGCCAAACCGTTCTGTCTCGCTGGGTCGGGGACTCTGTCATTTGCACTATGAATGAGACGAGTAGCGTTACAAACAAATCAGGCAGCGATACCTACGAGGCAATGTGGTAGTTATAACTCCTAGGACCCCGGTCACGTAGTCTATTGCTAGAGTGAAAGCCCCCGCAGAAATTTGCTTGCGTTACCCTCGCAATCCGCGGTGGTTCCACATAACGGTACCAAAGTCTGAAAGATGCAAACCTTAGTGCCGTTACATACGGGCTTTGGCTGCTTATCAACGGCATGTTGCTTCGCATGTCTGTTGGAGGGAAACGTTTGCTCGACGAATGCTCGGCCAACGATTCTTGTAACCCTAGTCTCAAACAGCGGGTGGTTACTCGATCGATCCGCCACTATTCTCCCCTAAACGCCCCTTGACTCTATCGGGTTCATGAGGCTGAGAGTAGCTCCCCCAAATCAAAGATATGGTAGTCATCTGGCCGGCGGTTCTATCACGTGACTTCCGCAGACCGAAAGTTTTCAGGCGTTCACTACCAACCCTAAAACCCCTTTGTTTAAAAGTACGTAAACACGCTTAATAATGCCATGCAGTGAAAACCGACTGGTAGCCAGGAAATAACGCTTTACTCATCACATCCGCAAGACTAACCGTTTAAAAAGCGAGTTGCGCAATCTTCCCGAAGCGTATCGATGTTCGGGCACGATGGAGCGGGCAATTCTCACGCGAATGGAATCACTCGTGCATCACTGAGCTTATACAACCGTGGCCGAATTCAGATGGAGTTTCCTGGGTGTTCCCATTGACCGGAGTCGTGCCTAAAGAATTTGTAGCCCTACCACATAGTCCCGCCGTGGGCTTACCCCCCCCATTCGAGTACTGGTACGAGCAGAGAGGTCCCGTGTCCCCACTAAGTACATGTTATTTCATAAAAGACAGCTCCTGATTGCTAAGGTTAGTAAGTGGTTCCTGTGACTCCATTGATGCCCGATTTACTAAATCAATTATATATCGGTAGCGGCCGCTGAGCCGCGCTGTTGAACACAGGCTAGCCTTCGAA,1781,50.93,Homo sapiens
SEQ_268401,CATGCCGAGAGCGCGTATTTTCACAGTCGACCCGTTAAATTATACTTGTAAATGAATTACATTAGGCATGCGGTTACCCAGTAGGGGAACGCTTCAGCTCGATGAGTTGTAATTATGAGTGAGATGGCATGATATTCCAATGCATCAGCTCAGGAGGTTATTATACTAACACAATGCACACCTGCTGTGCCTGTGTGCGCCAATACAGGATAGGCAGTTACAGACGCCTGAATAGTTCGCCCACACCAAATCCTCTTACAAGTGTGAGATGTTGAGTGGTGTCTATCCGAATCATAGGTTCAGACTCGATGTCGTGCCTGACACTCCTACTCGGGTTACCCACAAGTCATCAGGAATGCCCAACAACTGACATCTAAAAAATGGATGGGAGAGCGCGTATCATTCATAGACTCGCCGCCCGCCAATAGCGGCGTAAGACAATTATACTATTAGCTCAAGATCTTCGTCGCTGCGTGCCACGAAACTCTTTTAGGTCTTAGTCTTCCTGTCACGACACATCTGGATGCAGGCACGTAATATATCAGCACCGACGCATATTATCAAATATGGCTTTTGAAAATATCTCCGCGCCCTTGCCGCTGCCGGGGAAGTTGGTGGACTCACTAATTAAACTTGCCTGACTTTCTTATGCAGCATGACATTGACTAACTGTAGAGTGACCTACTGAATTCGTTTTGACTCCAAGAGGGCTTTCCATACAAAGCTCTATGCGGATTAGCGTTGCCATGAGCCCATAGTCGCAAAGTGAGGCGGCTTAGCAAGCAATATTAAGCGTGACCTAGGTTAGTAAGGAATGATTGTAACTCATGGTTGTGCACCGCTACTCCTTCAAATCTGGTGGCCTAAGCGAGGTCACCGTAGGGAATCAATTAATTATGTTAACCTTGCGCTGTACCTCGAAAATATCACATACGCTTTCTCACGCAGCGACAGCGCTGTTCAGGTCTTAGCACTCTCTTTGCGGCCTTATCGGAACTATAGGTGGTTACTCAATCCGGGATATCGGCGCCGTGAACTAGGTACTGTACCGCACCATCCCGTCACTGGCGAGCTCCCGAATGGCTATTACGCACCTAGGGCTGCTAAATCCAATTACTGGATTGCTGATATGCCACGCGGATATTATGGAAGTGTGTTTGGGCGAGTCCCAGCGTCGGGAGTTAGGTCAGCAGTGGCGCATGAAGATAGAACATGCGCAGTGGGCATGGACGGCTTGGTTGCGCATCACTTCGCCATTCTCAGAGACCGAGCCGGCGACCAACAGATAATCTTTGCTGCCCGGGCATACATGAGTGGATTGAGTAGGTCCAAAACCGATGCGAAGGCCAACCGAGTATATCGCGACATACCAGTACCTGTCAATAAAGTAGAAATCTCAGGAGTTGTTAGAGTACCGTCTCCCTTGGTATGTTCACGAGTACGACCCGCAGGGCAGTTGAACATATCGCGGTCGGCTCAGAACAACTAAGACGGCCCACAGTTCAGCGTAACGAATGACTCCCACGTTCCCCCCAACCCTCTTGTCGAGGTATCCTCTTAAAATTGCCTCGTTAATGGGCTTAACGCGTTGATCTGCGACCTCAGGGGAGTCGCTCGAAAGTAAGAGGTGGCTCGCAAAGACCTCTATTCA,1651,49.0,Mus musculus
SEQ_726063,GAGTAACCACGGGCAGCCGTGTCGCACAACCAAAGTTAATGATGCCTCGTACCCAAAACTCACGTTTTACCGTAGGTTATAACTACCCGTGGTTGTGTGTTCCCAGATTAGATTATTACTATTACGAATTTGACCGGCATCGCGGCTGAAGAAGGAGCCTCTGGGTCGCACACATTAGACAGTTTAATGGCAATCTTTACGACCGTGGTCCGAATTCATGGAGAAGGCGTCTATGGACGGGAGGAGGAAATGTCTCGAGTATCTCAGTGCCTGCCTCTCGATCCTGTGTTGCGTTAGGGCAACGGTATCACGCAGAACGACGACTCTGTTACGGCAAGGCACCGTTGCCCGTATCGGGGTTATATAGGACAGTTTCGGCCTGGTCGTGGATCCCACCTTTCCGGCTACAAATGGACAGGGCTTGACATGCAACGTATATTGATTCTGAAACTTTCGCAGCCTATAGCCAGAGTTAATTAGGGCCGTGTAACATGAGGGGAGTATTTAGATCTATCGCTATGGCCCCTACCAAGGACTGATAGCGCTGACATGTGATCCCGGAAACCGTAGTCCAAAAGGACAACGGAATCTCACATCCGGGCTATGTATGGATAGGGGCATAATGCGATGGCAGAGTTGGACCTTCAGGGCGCGGAAGCCATGGGCTCTCCGTCAGACAGATCTTCACGATCTGATGCCTCCTCGCTCAAGCCAGAGGCCTCAGAGGGTTCTGGCCGCGTCACTCACCAAGCCGCCTTGCTATCCGGCCTCAAGCGACGTCATAAGTGCTCACTGCTAAATCACGTTTATGAGTCGCGCAGGGGCCAAGGGTGGACCTAACCAGCTAAGTTATCTCGTGATAAATTTTTCACTATCCGCTACAAAGACCTGGGAAGAGGACAAACGCGAGGTCACGAAACTAGACCATCGCTTTCGAGCCAGCGTATTTGTCGTAAGCTACCAGCTGTTCTCTGACACTGCAAATACACCCGTACGGGGCGACGGGTCCTCCGATTGAGGTCTACTCTAACGATGTCGCCACCGCTAAACGGGATTAATCTTATCGTCTCTATGGCCCCATTGGATTCGCTATTGGTTCATATAGGAACAGCCTCTAACTATCTCTTCATGAACGGCATGCCTCGTGTGTTACGTCGAAAGCCCCAATGTGTTCGCTGTTCGGCCCATTGCTTAACCGGCCGGTCATGTGATCCTATATCATTTAAGACGAGCTCAGTCCAGAAGTCAATGTCAGGAACTTCGGAGGGACCATAAAAGTTATACACACTGTGCGGAATGAGGCCTCGATCTACATCGGACCATTTCTGCCGGATGCACTTATTCTGAGGATTGTCGAGGAGATAATTCGAACCCAGCCTTGGATGGTTTAGGAAATGCCGC,1401,50.89,Arabidopsis thaliana
SEQ_321278,TCCAGATGTCTCTTGCCGGCGCAGTCCGTCTGAGTAAAACAAGCGGGATACATAGTGCTCCCAATTACTCCCTCTACGGAGTTGAACGTCGGCACAGTACCAATATTTAGTAATGTCAGTCGAGTATGAATCTGAACAATGAATGAATAGCCGGTTAATGTCCGCGAGTAGAGGCAGGAAATGATACGCTTGTCAAAAGAGAGTGTCGAACGCGCAAGCCATTGCCATACGTAACAGCTACTACACTTTTCGTACTATCTCCTCTCTTTTAGGGCCCACAAACACCGCCAACGGTTGAAAGATTCTAAGGCTAATAAGGGTTATCTTCCGGGGAACCCGGGTCTATTGTAACCTATGCCGAAGATCCAAAGTGCCGGGTTTTAACTTTTCGGGCTTGGGGATTACACCTTTACAATGTAGGTAACTACATATATAGTTTCCGATACTGGATATGACTTTTGCAGCTTAATGCCGGGGTATCGTGTTGGTGGGTAGGCAGAAGTAACTCACGTCTTGCACTTTCCGTGGTACAGCAAACTCACACTAAACACACTGGGATCGCTTTGATGCCTGTCGACTAATGAGTCTAGATCCCCCATGTACCAATGCGGTTCACTGCGTATCATCAACGTTACGCGTTGCAACAACCTAAAATGTCCGCGAGAGTAGGAAAATTAACGCCAAGGACCCCCACCCTCCAGCCTTTACGCGACGAATCTAGTGCACTTACATAAGCGTCGACCTTCCTCGGTTACCCCTATACCCGTCTTGGGGCGCGCGCTATGCCATGCCGCGCGGATCTTTGAGGTAATCAAGATAGAATAGAGTGTCACGGGCGAACGTTATAAACCTTCACCTCTGATGGATTGCCGTAGCGCGGTTGAATTATTACGTACGCGGGTCTCTATCAATTGCAGCTACACGTTGATTGTCAGGTGCCCCAATCTTTTTATATTTAACATTCCCTACCATATCGCGAAACACAACAAGCTATCTGTCCTATCGGCTTGCTGGGCCAGTCTTGCAGAAGGAGGGACTGCCTGGGTCCTACCCGCCTGTTTCCTGCGCCGATTTCATGTATCTAGCATGGTGCTACTGAAATTTTTTCCAAGCTTCTGGAATGGATTATACCTACTTGTAGCCTGTAAATCTCGCGGGCGCACGTTTAAATAATCCAAACGCTTGTTCCAGCTACGCAGCCCCGATGTGGAAGCTGGCACTGTTGCGATCGATGTTCTACTACTTTCATTGGCCAGCACATAAGATACCAGACAAAGTCGTAAATTAGTATACAGTCTGTGTGCCTGGGGGGACGCCCACGGGAAACCCCTCCTTCGCGGCGGAGCTAATAGTATGCGATGCCTGTAGGGGATGCCTGGTAGGTAGTTGAGAAGAGTCGAGGATGAGATCCGGCTTACTCGTAACCTGAGCCTAACCGATTCGCCGGAGACCAGATCCTCCAGGACTATCTAAACGAAGTCTGGGGGGCGTGACCGTTCGTGCTCATCGCCGCGAACACCAGTCCGACACCAAGTCGGAGGTCGCCATTTGAACCCCGTGGTAATTTATTAACGAGGCGCACATTC,1586,49.43,Arabidopsis thaliana
SEQ_184450,AATCCCAGGTATCCTTCGGCGCGGGGAACGTCAGCGCCAAAGCGCGTCTCTCCCACGACAGTCAGTGAATTATGTGTACGGCCTGACTGTATGTTAGAATATCTTCCACCCCCTCACAGGTCACTTAGACAGGTCTAGTTCACACGTCCCCGGGGCCCTGAACGAAAGGAAAGGATACACAGCATGCCCCCCGCGATACGTAGGCCTCTCCGTGAGGCCTGTGTAACGCCCGGGAGAACCTCCAGGTCGTCAGGTTAACCCCCGTAGTTGCGAGGAGTTCACAGTCGACGGTCCGCAACTTGCAGTCCCCCGCGAGCCCCGTCCTGGAAAGGCTAAAACGATAGTGGACCACTGGTGAACGCAAACACGTGTGTTTCCCTTTCACGGCTTTTGTTGGCCTAACCTCTGATTATGTTCCTATAGATTAGGCATATTGTAATCAGAAAAGCCTAACCACTGGCAATGCCTTCCTCGGTGGCCGTGAGGCAGAAGTATGGCCCTGTGAATGTTGTCTTCCCTTTTTAGAGCATCAAGGGTTTCACGATTATTTAGCGGTCCCCAAATGTGCGCAGTCATACACCTAATATGCCACTCATGATTTTAGAAAGGTACTGCACCCTCAGATGAAGAGGTAGGATAAGTGTCATCCCAGAATATTAGCGCATTTAGCATCACGGGGACCGCCACCATAGGCAACAGGAAGTGCTAGTTTGTAGACCATGCTGCAGATGAAGCTTCCAGATGTTAGAACGAACCCAGGCCCAGCGTCCCGTAAAGCCATTTTGGTTGCACGAGTGACAGCGACAAGAATCTATCCGGGTTTGTTAGGGAAACATTCGTCATGGATCGAGTATAACCACGATGCTTCGACAACGATGCCTGCAGTAGGTCTACTTCGGGACATCCGAGAAGGGCCGCCAAGAACCGGCGAGGGACCCTACATTTGTTTGCAGCGTTGACCACTAAATAGTGTTGGTGCCTCACCATTGCCTGCGACTAGGCAAGATGTGGTTTTGACGGATCAAATACGCTGTTAACCTCCGTCACACTAAGTCAAACTTGAGTATCGCACCGTCTACACCTGAAAAGGTAACTACACAATAATATTTAAAAACCTTATATCCTTTTCTGGGACAAGTATTCTCAACTTTATGAGGCACATTCATAGGTGATAGGTACGTCCTAAAGATCACAAGGTTATGCTACGAAACCATATTTCAGCTCGATAAAGA,1232,49.51,Escherichia coli
SEQ_923964,GGGCCCTCAAGGAGGACGCCATAGTCCTGCGAATAGGGACACAAAGCATGGCTCGGGGTAATTTATGTAGCGGCCTACTGATTCTGGTCTGGTGCT,96,55.21,Homo sapiens
SEQ_160796,CTTCGTGCCCCTGCTTAAAAGCAGCTTCGGATCTACCGTTACGGCTGCGAATCGATTCTCCGGCCACCCTAACAGCGTACATAGGTCGCTTCGTGTGGAAAGATCATTCCTATGTCCTATGGTATACCTACCAGTGGAAGAATGGAGGTCCGGTCCGGGAGACAATTAAGACGATGAAGCGTATCAACCGGAGCCAGCCCGTCTTACCCTAAGCGATTTCAGCGTGCCGAAATACCAAACAGCACTTAGGTACCTCCAATCGTATGTAACGAACTGGCCATAGCGATGAAATCTGGTGCATCTAGACAAGCAATACACACTTATCAGGACGCCTTTCCCAGGTGTCACCGGCCTCCGT,358,51.4,Homo sapiens
SEQ_365848,CGTACGACTCGCGGCTGGATTAACTAGACTACGTGATGATACGCCGTCCAGTCCATATACATCTACTTGGAGGCTAACACCCAGGGCGTTCACTCCGCAGAATAGTGCGGCTACTAGAGCAGCTTAGAATTACTCAGAATAATTCGCGCTTTTGATTGGTACAAAGCTTACAGAAAAGGTAAATGGGCGTGAAACCCTCCTCATTCTCCGATTCGCGACGAAAAGTGTTATTAGGGAGGCGTGTGTGCTTGATACGCAGCGAGCACAGGTAGGTTGAGAGATAAGAGGGATTTCAGAGTCGGGTCCAATCCCCCCATCGCAGATCGGTCGTCTTTCACCGCACCCGGATTGCAATAGGTATTAACACTGTGTGAGAGAATACAAGCTCCCGTAAAACTGCCGTCGACTCACGGTCCTATCTCCTCGGAGTGTAAAGAATTCTATCCTCGACTTAAAGGATCAATGTGTGAACCCGCCTATACGAAAAGGAGTTATCTGGGTCATGAAGTGGTTACAGGGGATATGGAACTGCCCTTGAAATCAATAACCTCAGGGTAATAAATAAAATGAAGCGCCCACTTTAAAATACAGAGTGTCCAGGGGTCCTCGCGACGGCTCGCTAGTCCATCGCGATGCTGGCCGCCCGTAACTTAGCCGTCATAATTGAGAAACTGGTCCTGGGGTGCTAACTCAATACGACAGCGGGCAACGGTGTGATGACACTTCTGACTGGGATTGGGCGGAAATAACGCCTTGAACCGCGATAGCCTTTGTACAATTACTTAAGCGTGATCTCATTGTTATGTAATATTAACCGCGGTTGAAGTGTGTCCTAGAGTGGCTCCATCGGAAAGTAAGCTAACAATTCAACATTATCATTTGCTAGGGAGATCGGTAGACGGAACGGTGTCCCCCAGAGATGACTGCCATAATGCAGGCATTCACCGTCCGGTATCGCCCACATGGACATTTGCAGTGATTGAACGGCAACGCGGCTCTGCCTCGGCAGAGACATAGAAAGCTAATCGTCGCAGTGTTTCTACCAATTACTGGATTTTCCTGCACATTTTCAACGAGCCAGAAAATTAGCAAGCGTTCAAGGGGTGTTGTTCGAAATTCCAGGACACACCCAGTTAAAAACTTCGGCGCCCGCAAATCACTCTAGTCATTTTATGCCGACGCGCATCTTGCGCAGCGTTTGGTGTACGTAAAAGCGCGGGACTGTATGCAAGATGTATTGGGTATTCCCCTTGGTAATCCGGATCCCTTGGATTGTGTCCGGCTGATGAAACAACACAATGTACTTTCCTCAGTCTGACGTCCCAGAAAGTAGAGGAATAGGTATAATTTGGGTATTTGGCCGTGGGAGCGCTTACATTGAAAATAGACCGGCAGGCCTTAGCGCGTCCGCCTCCCACCGCTTCTAGATCTGACTCCAATCACTCAAGTCGATGTGTCAGCACAAGCTATAATGTTAATATTGACGCATGCCCCCATACGGTGTACTAGTTATATAGATAGCACCAACGAGGTAGAGTTAGGTTGATCCGTTCAGATAACCACGTAGTGCGAGGATTACGCTTTGGATTCCGTTGTGGTGAGATGCGTAACCGCGGGGGAGTGTACTGACCGCTAACTCTCGAGATACAATGAGTCAAACAGATCGTACTATGACAGAATCAAGAATACGACCCGAGGTTCTACGATGAAATGGTCTGGATGAATCGCATACGATTTTGCGTCACTTTATCCCTGTATAACAGTCGTTCTAAGCCCTTTATGACCAAGGCCACCCCCGATTTCCCGCTCATCGAGCCTTCATGTAGCTCTCAGAGGTGTAGGGAAGTAGATAGTGAGGAGTCAACTATTAGCTTTATTGGATGTTTGCAGGGACCGCTAAGTCTTGATGCTGACCTCAAGTCTCAGACATGCGAGTTGATAACAACT,1947,48.07,Homo sapiens
SEQ_277602,TTGTACTCTTCGTTGATTCAATTGACATGATGCAATCATGATCGGTCCCAAGGGTCCCCGATTTAGCGGGTGGGATTTCGGAAGTCAAGCTAGTTTGACGTAATGTTAGAAACGTCAACGGTACAACATGAAAAGGGACAGCTGGAAACATTTCCAGAAAAGGGACGCCCACGAGCATATAAGAGGACGTTAGCACAGTGATTGCCGCGAGAGTTCATTGATTTGTATCAGGTTTCGGGCCAGCCAATCCTGATCGCTGTAAGCGGATAATCTTTGTGCACAGCCGAATACCTTAGGCGGCCGGAGGCCGGAATTCCCATTACGATGTCGGGTGGCCGCGACCTTGTATGGTCGTGGATTCACGCTTGATACTTGGTTGCGCATAGGACCTGGTGTGGCATGTATTGCGCAGGAAGCACTATAATCACAAAGATGTTGAGTAGTTCCACAAACATTTCATTAATGGAAGCTTCGGGCAGCACACGTAATTAGTCATGGGGTTGTTTGCTTCAACGACTATGCCAGTCCGGTATCAAACGCACTATGATGTCAAACTGTAAACAACGATTGGCCGGGCTATATCCTCCAGAGCCGTATTAGGAGCAGCGCCGTGGTCGTTTCTATCTAACAGAAGACAGTTTTAGCGTAAATCATCAGTCCGTTTTAGGAAAGACATATTCTGTAGCTGATCATCTTGCCTCCCTGCTCCTCGCCAAATTCGAGGCTCCGTACGCCACGGCTTATAAAAGGGCATCAGTGGACAAGAAAAACACTAGACCTCGTCGACCTAATGACCGGGACCGTGACGCTTGGAACCTCCACGTCGCCCGTGCACCTGTGGAGACCCAATCTGTGGGTTTGAATGCTTGGCCTCAATTAAACTATGTATTTAAATTTCGAGTCCCAGACCGGACCATTGCATGTTCCCCAATCTCCCGGCGCCTAGAAAGATTGCCATAGGTCGCCCGCGAGGTAGCCTCGACTCCCTTAAAAACCTAACTTTGAAAAAGTGAAGGGATGGGGCCATATTAGTCGAGATGTCGTCCCCGTAACAGGTAGGCAGTAGCACCGGCCTTCTGAATAAGCGGACCAACAGATTGAATGTTGGCTGACTGTCTAGTCGACGGGCACTCTACGCACCCGCCCCCTATGCGATTGGGTGAAATACCAGATTGTCTAGGCGTTCCCCGGTAAGATCGTCGCAGCGCGGTACTGATCCAGAATTTGCGATTAGGCATACGCAATTTGGCTCGGATACTAGGACCTGCGAGAGTCAATTCGAATAACACTGCCGCGCTGGAAAGGTGGGGATTTGTCACGCGACCTCTACGGCGGAGCGGTCAGACGACAGCACGCTTATCTTACCTGGGCCGCGACACCCCTTGACTAGTCTGTGTCGAAAATGGTGTTGGTTCGTGATCACTCTCTGCCCGTTCGCCGGTCTATCAAAGTTCCGCGTTGAATCATAATTTGCCAAAAGGCACCTGCACCGCTCCAGCAATTTCACGGGCAATTGGCGGACCACTTCAGCGTCCAGTGGCAGTACTATGGTGTCACCTCGCTGGATCCGACGTCCAATCTAAAGGTGGGCCGACATGTCAATTAGGTCACCGGGCCTACATATCGCGGTAGCTGAAACTCTATAGGATTCAAGTTAGGAGGTTGGTATGAGGATGTCGGGCGTGTTGCTGGTCCATTATATAGTTAGGGCCTGATACTTCAAGGTACGAGCGATCTTGTGGCACTCTCTACCATATGCAACGTTTTATTGACAACGGCGCCCTAGTTTGGAATCTTGACATCAGGAAGCCATAGAATAAGCCTGTACTAGCGCTAATCACTG,1843,50.35,Arabidopsis thaliana
SEQ_845742,CGCTCTTACGGGGCGATGCCGAGGTACCACGCTAAAAACATTTTGTTCCACTTTCGCGCTTGAACCATTCACTCTGGGTACATCAACCATATTATGGCGGAAGTGAAGCAACACACGGTTGGAGCCGCTATAAGCAATGTGGACCAACCCGAACGGATAACTGCAATGATAGCTGAGCTGAGCTATATACGTTAGCTCACCAGATTTACTACAACTTACTCCGGACTGAAATTGGCTACAAGCCCTCAGGGAAATCAATGGATCCGTGTCAAGTCAAACCTGGCCAGAAAAAGCCAGGCCGGTCGCCCCGGCGGCTCTAAGACATGGCCTCTGATTTGAATTTTGGAGCCTATAGCAGTCATTACTCCTAGCTCTGTTCCGGCGGATCTTTGGGCTTACTACGCGGTACGCGCTAGACTACAGTAGACCCAAATCGGAAGGCACTTTGCACGTAGTAGCACTGACAGGATCATGGGGTCCGCCCTGGGTGGGGCTCTTGCGCTACTCGCTGAGAGGCTCGCCAGGGAATGTGGTCCAGTATTAGGGATAAGCTCGGGGACCTATGTGGGCTGTTCATTTCTGAAGAAGCCGTGGTACCTGTGTTACGGCACAAGCCCGCGGTTGTTGCTATCGAGTCCGGGTACCAGATATTCGCCAGATCGCCGTAGCACGGTAGGACGCAGGGAGGAATTATGCCAATATCATTAGCGAACATGCAGCACGTATTCCCCGTTCGATGCGAGAAGCGTACTCCGTAGCCGTTCTCCTAGGCACTTGCGAGGCCGCGATAGACGAAGCCGCAAAAACCTCGGTATTACAGGCTGCTACGACGTTAGTAAGCCGATAAATGGGGAGGTAACGGTGCAAGAAGGTTTCTCTTTTACCA,886,52.48,Escherichia coli
SEQ_379731,CCCCAATCCTCGCGTGTTAACTGCATTAATAACCGGGCTAGTAATGGTCTGATGATCCAGGTAGTTTCAGATAGATCAGTCAGTGACCCGCTAGGGTATATGGGATCTGACGACCTAGCAGCCGTTCGGCCTCACTAGGCCCTCAGAATTAAAAGGTCGTTCATGCTCCAGTAGGGAACAAATGCTCCGAAGGTACCCCGCGTGGTCGATGACGAATACCGCGGCGCGCATGAAAGTTATGAGTCGCATACTTTTTCCACCCCTTCCGTTGGTTCTTCCGCAGCCAAGACTGTTGCCACACGTGGATGAATCGCCGTTCATCGGTTTAAGTAGAGCTCCTCGTCCACCCTCGGGTTCGTTTTATAGGTGACGCACACTTTATAGGTTTAACTCCGACGGCAACGGGGAGGTCGCGGGGACGCAGTTACTTACACCAGATCAGAGGGTCACTAGAATCAGCAAAGGTAATCAACGGCAAGTGTGATCAGATATGGTCCTCAACTGCGAGTCCATGGGTAGCAATCCTCCCCCTCAGCCGTCCCTACTGCGACACGCGAGCGTGGGTTTCAAAGCCACAGCCAGTATTCGTTGCAACTGAGATAACTTAATAATTGACGTACGCCGTTAGGGAGCGCGCTCTGCTGAACGGCTTGATCCACCCACCTGAACTCTAAAAGGGGAATATTCTATGGAGAAAAGATTAAATCAGACGTGTGTGAACGTCATTAGCGAGTCAACGCTCTTCAAGGATAAAACTTCCGAAGTTGCCAGGAGGGCCTATTTGCAGTAAATTGAATGTGTAAGGTACAGGCTGACACTCAAGGTCTCAGTCGGTCCTAACATCCAGAGCATAGTCTAAGCCGGAAGGAGAAATCCCAATCGGCTGGTACCTGGGGTCTACATGCCCAGGAGTCATCAAACTCCCAATTCAAGCAACTTCGACTTAATTAGAGCGCTAAGTCAGGTGCCGGCGTGACGCACTAAGAGGAGTGAATCATCCAAGTGGGCTTTAGTCGGTTACATAATGTAGCCGGATTAACGCAGCGAGTTTCTGTGCTATGTCGCTATAGTAGGCTAAGGAGCCCTCAGGATCGGGCGTCCTTGATCTCGGGATTAGTGCAGTAGATTCCGCACATTAAACAGAGGCCATAGACCCTAAGCAGGTGTAGTAGCCTTCATAACACAGGAAGAGTACTGCTCCCATATTCCACTTTTTAGCGTGCGCAAGTATGTTACGCTATTTGACAAGTCGTTGATACACGCTTAAACAGGTTCACAAGCATCCAGACGGCAACGGTATTTGATATGCATACAGGGCTATGAGTCGAGGCATTTTGGACAAAACCGACGCGACCACCCCGGTAATCCGTATATGCGAATAGGCACTGGAGCCTCTCTTTCGCGGGGAGCCAAAAATCTGGGAAATCATAGGCGCGGCAATATCTGTCAGAACGGACCAACTTCACGACAAACTTCACCCTTCCCTTCTGCAGAATCTTATACTATTGTTAAAGAACTCTAACCAAAAACGATTTCTCATTGACCTTCCTGATAGAACGTCTCTGGTCGCAAAGGAACGTAAATACAAGACCGTCTACAACATTCCAGAACTTGCATAAAAACCCCTTCTCTTAGTGTTAACGGGCCCTTCTGATAGGGGTTCTGATGTTGTTGTTCACTGGCTGATTATAGGAAGCGAGCACCGCAGGAAGCGGATAG,1719,49.1,Escherichia coli
SEQ_629913,CCGGATTACAGCCGAAACCGATTACTTAGCAGCGACGTCCCCTTCTCGAGAGCGTAGCCAGCGAAGCTCTCCCCCTTGTGGTCTGTTATCCCAGGTCTAGGAAATAACTAACTCCCTCCAATGACGAAAACTAGATGCGGATGTCATCCGCGTCCCTCTTCGCGTTAGCAACCCTTAGAATCCGAGTACTTTAGATTATCCATGGGTATGTGGCTTTATTCCACCCGGTAGATACCGCTATCCGGTGTAGAACCCTGGGCGTTGGCTCATGAATGAAAAGGGGGGTATAACTCTACCTCTCATTCATGGTGGCATCACAGACGCTGGGAGTTAGATCCCGA,341,51.32,Caenorhabditis elegans
SEQ_901575,GTTTTTTAAGGGGCCATTCATTGTACGGTCACAGGAGCATCATACTCGTCTCTGACACCGGAACTACTATGACGGCACTTAGGCAAAGAACTGGGACGTCCTTCGCTAAACCATAGAAATCGCAGG,126,48.41,Saccharomyces cerevisiae
SEQ_103283,CATGCCCAACAACATTCCTTGCGCTTCCGTCAACACTTCAACTAGTGAATGGAAACGTACTGCAACTCGAGTTGACGTCCATGGACTTAATACGTTCAAAATCTCAACAGAATCCTTCACGGTCATGGGCCCAGACCGTAGTGGTATGAGCTGAGTTTGGTGCAATTTAGCCCTTCGAGACATTGGGACTGATTTGTTAGAGGATATCTACCAGACCCTCTTAGAGGCAATCCTGCGAATAGGATGCAGCTATTTTGCACCATCGGTACCCTTGCGAGTATCCTGACCAGAGCTAAGTTGACCCCGCTAGGGAATCACAGCCACGTGAGCTTGAAGTGAGTGATGCGCAGCGCCTTGGGTTGGTGGAGCGGGTCCACTGTAGACCCCAAGTTGACCACCGAGAAGTAATAGGTCTATATCCAAATGCATTGCACCAAGAGCTGCCAAGTGCCAAGGAAAGCTTAGTGGCCTTGTCTCGCCTGAGGAGCCGAATGATTAGAGCGTGCCACATGGGGAAACCGTTATTACTTCGTCGCTAGTTGCTGTGCACGCGAGCAAGGTGTCTGGGACTTTACTTAATTTCTTTCGATCGGCGAATAGCCGCGAGAAGAGATAAGAACAAGTGTGCCGAAACGGGGCTAGATGGGAAGGGCCATGGGCAGTCGGATCTGTATGCGGTTGAGTGCTCCTCACTCTTGATACACGAGTTGCCTCATCCTGACTATAGATCATTTGTCATTCTCGTCTCTCCCGTAGTTTTTTTCCTGCACGACACAAAGGTAGCAAAATGGCCTAGGCCTCCCCTGGTATGTGCTCGAAACCACGGGTTCCTTGGGTCCCATGCCCGTCCCTGGCGTCAGCAATTAAACCTCCGTGCCATCCATACACTTAGTCAGCTAGTTCTCCCAGGCATCTCCGAATGGACGCGTGTTATTAAGCATAGCCGCCGGTAACATTACCAAATTGATGGAAACCCCGAATGGGTTAGAGCCTGGAGTCACCGCGTCTGGCTTTGCGATTTGGAAGCCTGTGAGAGACAGATCCCGTTTAAGTTGGAGTCCGCGAGGCCAGTCCGTAGTGAGTAACAAGCTCACCTCGTTAAGGAGGGCTGACATTTGCTGGGAAATTTTCCACGGTTGGGCGACGTACAAGGTGGATCTCTTTGAGGGGGCGGAGAATAGCACGGCCTGAACGTGTAGGTGACTAGAATATCGCTTGTATTAGTAGTGTCGGTACATGCTCTGGCCTTTTTCACCCCTAAGCTCTAGTACTCCCAGGACTCACAAACACAGCGATGCCCGTTAGTGTTTGGGCTGATATCTAATTTGGCTCCGTAGACCCTGTTGTCTCCAGTCCCTCTGTCATATCATAATGGGGACTGCGGGTTTCGTCGCACCCTCTGGCGTACTTTAG,1413,51.17,Homo sapiens
SEQ_774246,GCTTGCGGACTATATACTCCTTGACCGTAACCGAAAACCATCCGTACTGATCACGTACGGACTGCGGACATCCGACGAACCCTACGCAAAGCGGACTGTAACGGGCGGACAACCCCTCGCGAAGTGAGGGGGGGGCACATTTTAGAGGCTCCAAGGAATAGTTTCAGCGTACGTCACCACTCATCACATGGTGCTAATTCGATACTTATACTTGACCTGTATGCCCGACCCCAGTTAGATGCGGTATGGCGTATCTGCAGATCTAGCTAATGAGAAGCTATGCGTGGGATTGGGCACATGGTAAGTGGTTAGCCAACGCACTCGTAGTCTTTACATCTAACCCATTTTCCATAGGCAGGTTATACGCGCATGGATCATAACGAAGACCAATATTAGCTAGGGAGATACCCCTAGATCGTGTTGGGTGCGCCACTACTGAACCTCAGTGTGCACAAAGGGCAGTAATCCAGAGCCCATCAGGCTAGGGGAAATTCAGGGTTACTCGGGATGGCCGCACCCAAAAGGTAAGTTCCCATTCACTGTTTTGAAAGGTATCTGCCAAGCCGCAAGTAAGGCACCTACGTGAGATGCAGCTTGTTACCTACAGACCTCAGCCCGTAATTAGGGGAGCAGACGTGCTGTCTTTCTTCCCCTATCCCTGATACGGTCGTGGGCTGTGAGCTCTGTAAACTGGGTTTCTCCTCCCTGTAAGTGCCTCGGAAACGAAATCACCCACCGGCTCAATCCGCAGTTGGACCTCTCCCAGGCACATGAGGAGAGCATGCTGTTAGTGCACTGTTTCTAACGCATGTTGACCGCGCTATAGAGCAACGACGCGTTAGCGTGGATGGCTTAACGTATAATTTTGGTGGTGAATGGAGAAGAAGGTCGCTTAAGGTAATCACCCATCACCGCTGACATCCACACGAATCAGAGCGTTGTCACTGCAGCCCTTGATGTGGGTCGAGGTCGGTTAGCCGTCTTATTAGGCCTATCCGTATGGATAGTTAGCGAGGTGACGAATGATCTATTCTGAGCGCAGACTGCATGTTCTAACTGGCTTCAATCACCTAAGTTATTCCGGGATGCGTAGTTTGCGTTACTATGTAATCCTTACGTACGCGGTATAGAGGAACCAACATTTTGTTTGTTCCCAGTTCCTCTTGTCGCCCATATACGTTGACTCAATCACGCCGGGATTTGCTGCAAGCCCTTCTTTTTCCACGCTTGGCGTTCTACCCCTCCGAGATGTTTTCAAAGGCCGTATTCTAGGTCGACGCAATGATGATAATGGACAGTTCCGACCATATACAGAATGCCACGTTCTTTGTTGAGGCCCGGACGTAGAGCCACCTTTGGACGAACCCGCAGAATGGAGGCTGCCTATGACAACCGGTATCACTCGCCGACAATGTTTTGCAGAATGTCGAGAAGCCCTTCTGCGGCTGAGTATACTGCGGTATTCGTCGATGAGAACCAACATTCAACGGTGTCTTCTCGCAGTACCTGCATTTCTAGCGAAAAATAAACAGTCTATTGGAAGGACAGTGACGATCTGTGCTCGGCAACCATAGTGACTTCAACAGTTGTGCGGTACTTTCTAACAACCTCCCTGTTCCTGAAGTATATGAACTGTGAGCTAATTTAGAAGTATTGGCAGCGAGTTACCCAATGTGCTAACAGGTTACACAGGTTTCGATCGCCCTCGAAGGACTATCCATTGCGGTTAGTCACAGCTGCTACTACAGTCCCATTCGCACTGCCGTATTTCAGGCAGCGATATCGGGGACGTTAATGATACTCCACATGATGGGCGCCTGAGATGACGATGGGCCTCCAATTGCGATACGAGTATGTAAGTTCAGAGAGCACTGCTTGCCGCTTAAAGGCGGCCCAGAGG,1900,50.16,Mus musculus
SEQ_482881,TTGACCGTGTGAAAGGATGCCCGGAAAAAATTAATTCATTGCCTCCTCAGGTATCAGCTTAGCCCCTCCTCCATAGGATCTCACATCCCAGACGCAGTAACTTGCGGATGCACGATCATTTAGTTGCGTAGTTAAGGCAGATTCAGACTGCTAGTCTGCACCATAATGTTAAGGCGTGAAGTGAAGAGCGCTCGCTCGCGAACATCCCAGATCAGGCTTGGACAAAGCGAATGGACCGTCATTGATGACATGGCAGGGAAGCGAGTGCCTATAGAGCGATACTCGCAACAGACTCGTGGGTGTCCAAGTCGAAGCTACGAGGGTTTGCGACGCGCGCCATACATCTGCTCCCAATCAACACTTAGTCCTGCAGGCCAAAGGAACTAGGCGATACTGGCTTCTAACCTAGGCGGGCAAAGACCACATACTGCGTCAAACTCAAGACACCACGTCTGACGGTGCGTGTAACGTCGTGCTATGAATCCAACGTGTTATGGTATTACTTCCAGCCTCCGGTCATAGGCGTGTACTACCCCGGCAATCGTGCGTTCGTACGGTGCTCGACCCTGGGGCGCATCCAATTGCTCTTAGGCAGGAGCGAGAGTGCCAGTGATTTCAATCGGAGGCATGCGCGAATGTACTGTAGGCGTGTATTCGTGCACCAACATAATCCCGACCGTACCTCACGTCAGCCCCAATACAGGCCACGCCCTGAGCTATAGGTGTATAAGGTCGGAGTGAAGTGCCTTGGTTCACCGGATTGACTTGCAGTAGAAGTGCGTCATCATTATGACCTTCTCTTACGCTCATAGAACGGGCTTGAAGAAGCTTCCGGATTTTTTTGGAAATTAAAGCTTCAGCCCGTGCTAATCATGCACTAGATGCCAATTGTCCCACTTGTTGGTGAATATAGAAATCTTGTCTTGTTATAGACTGAAGTGTAGCGCCTGAACTACTCACACAGTAGTACCAAAGTGCAACGGTCCGCAATAGATCAAAGTTTTCTCTATTTTTCCATCTGATCATCTCAGTATAGCAGGAAGTCCTTGGGCGGTAATGCCTGATCTGCACGGTAGCTGAGAATGACTACGCGCTGCCTATGGCAATCAGGCGAAGAGCAGCACTGCGTAGCCTTTGCCAGTTAGACCAAAGGCAATTTTGTAAAGGCAAGCTTTGTTACGTTCTCATCTTGGCGGCCAAGAGTGTAATCGTGTTCCGGCAGCAAGGTGTCCGTTACCCGGAATGGTCCTACTCGAAGCCATCTGATTTACCGAATTTGCTGATGATTACCGTATGGTCTTCAGTATTTCGGCTCAATTACGGATTTATGCACCGACCAGAGC,1343,49.81,Caenorhabditis elegans
SEQ_554805,GGCAGGTTTATCGAAGTGAGAATAAACAAAACCACAGTCCCGATCTATGTGTTGTCTGTCGTCACACCGGAACCGTGTGAAGAGATATACTGCTATACTTGCGTAACAAGCCTGAGATTTTTAGTACAACCAATGGATCTGTCTATAAGTGGGTTAGTCAAAAGGAGACGAATATAAAAAATTTGAA,187,39.57,Caenorhabditis elegans
SEQ_687313,CCTCAGAGATCATACCTGAACGTGTTGAGGGCCCCTTCGGGTGCTGTGCTCTATGGGGTATACGCAGACACACTGAACGCCATTGAGACCCCAATATGTCCAAGGGTCTGCCTCCTTCGGCATTGTACAACCAGATCCAGTCGCGAGGCTAAACTGCCACGACAGCCCTCTAGTAGTTACTTTACGCAAAATGCATGTCGAGTGCCGCAGAGCCACTTGGGGGCCTACCAGACTGAGCTAACGGGGCGTGTGGGTAATTTGCGTTCCAAGCTAAACCATCTCGTTATCCTCAGCAGAGAAGGCGTAAAAACGATATGAACCAACCAAGATGACGTGATATCACCGCCAGTTGTGGTGTATTGTTTCATTGTCAATGGGACAAAGGCAGCGGTGGGGTGCACTACAAATAATTCATCGCGTAGGTCAGTTGGCCGCTACCTACCTGTGGCCAACGGTGAGCGCACGGCTCGAGTTCCGCTAACCGCGCGGAAAAAAAGGAGGAATTGAAGTAGTGGCAAATCTCTGTGTCTCCAACAAGAAATCCACCGCGATCCTATTGAGACCACGGCTGCGGGTTCAGTTGCTCATGTAGCGGGCCGTTTGCCCTATGGGACCCTCTTTCCGGCGATCGAAAGCTCGCATTTACATAGGGGGAAAACATTAAGGCGATGCCTGAAACCCTGTGCTGGCGGTGGTCAATTAGACCGTCTAGGACTACTAAAAATAGTGGCGCCTCTAAATTTCTGACAGACGGCAACGAACATAGCATGTGACGTGTCGACTGTATACAGCTGACCGGATTGATGTTCTGTAGCATTTTACCTAAAGACCAGGTGGGTATGTGTCCTAGGAAGTCACCTGCAATATTGGCATCCTTGCAGCCAATGCGCTGCTTTCGCGCCTCTTGGGCACGCCGAAGAACCTTTAAAAGCTAAGTTGACATCTTACGGGAGAGATATGCGGACGATGGAGCTCCGGATATATCCTTTTACGGGTAGTCTGACCCTGAGCGGCTAAACGGCTGATTATCCATATCTAATACGTGCATCTAGACGGTTCGCGGGGCAGAGCTGCAGCACCGTAGCACTGTAACGCGACCAATGCGATTCCCGGTGAGTCCAACACTGGGCCTCTATATCATTAGCCTCCTCCCAAACTCGAGCGCACCAGAGCTATATCCCCTGCTGAGGGAACAGGTGTATAGGTGGCTCACGCCGATAGGTTGCCCCCCGGGGCAGCCAGTCATCCCCAAGTCATTACACAGAAGCCCTCGGCAACTACGAGCGGCATGCATTCGGCCTCTAGGTGGTACAATTTGACCAGTGGCCATATTAGCAGTGGTGAGGCCTCGGACTAAAACTATTGGTCAGTATGATGCGAGGTGTTTCCTAGGCTTAGGTCTCGCGAGTGTCAATCCCATAATATGCTCACCGTCACAGAAGAATTGAACTAGCCGCGAGATCGGTACTCCATACGTCCGACAACTACCACTGTTCTAAGGTGTAAGCCTTACCACACTATTGTGGGCGGTCCCAATTACCTGAGACGCAGTGTATCCAATGAACTGGATACGGTACATCTCCCCATCGAGCTGTGTCTACATTACGCAAGGTTACGAAGAGTATGCCAATAGTTCTTTGGCGTATCAGCTAAGGCACAAGTCTAGCGTAATAGAAGTGGAGGCTGCCGTCCGTGTCCCGTAGACCTCGGGGCGTTCCATACGAAATCGTTACAGTCCCGTAACACAAAGCATGACGTGTCCAAGAAAAGGTCTTCAGCATAGTAGAGAGAACCGAAAGGTAGGTATGTGTTCGCACTGAAGTTGCTTAAAGGTTCAATTAACAATTAAAGTAGGGACAACAATCCCCTTTTAACGATTCAGAGGCAGGTGAATGCATAGATAACTGAGGTCTTGTAAGAAACCGATAAGGATGGCGTGTGTGTCCCGTCCGAAGT,1956,50.92,Drosophila melanogaster
SEQ_934914,GGGATCCCTGGCGCACTGTTAGCAAATAATTTAGCCCCTGTCCCAAGGACTAAGATAATAAGGAAGGGTGACGCCCCAGACATATCCGCTTCATGGCGTGGCAGCATTTGAGGAGGAAGACGTCGTTATCCGAGCTATCCCCCTGTATCAATACGTTTGGTCTTAGTCAATATCGACGCTCAAGCGTCATGTCGAAGGTCCGGCTAGTTCTCAGACTAAAGGAAAATGGTTACCGATAAGACTGTCGGGCAGCTCCTGGGCTCGCAAACGCCCGCCCTGGGTGACTTCTGAATGTCGCGGGGAGGGCGCATAAATCCCATACCGATTCATGTGTGGGCCGACGGTAGGCGTGCCACCACTTAGGAGTTAATGTTGACACTGCCTCGATCAATCGGGTCTTTAATGACAAATGCATGGGATTCACTACGCCGCGTATCTTAAAGGAACCAGTGCGGCGCTCACAATACAGACCGGCCCCATCCAAGCTTGCGCCCTCGGCTCCATTTTCATAATCCACTTGTTCTTCACGGAGATCAAATAAGAAATCGGGAGTTCCAGTAGTCTCTGCAGGAATGTATACTCATTTAATGTTTGGTCCAATCATGTAGACCAGAGGCTCAGGTTGACGGCTCCTTCCGGCTTCAAGAGCTAACGGGCCTGAGTTAGCAGAGGGGTAGTGTCTAAAGGCATGCCTCCTTGGAGGAGACTCAGTCCCCCAGCCTATTACGAGGGATACTGCCGAACCTGGGTGCGGCGGCCCAAATTTGGTCGTTCTTAGATAAGGGGGTGGTTTTCCCGTTTTCAAGATGACAGTAATCAGTATCACGGGAGAGCAAAGGCCTGACTTCACTGCCCTAATCGCCACAGGACTACTTTGTAATACTTGTTTGTTGTCTCAGATACCAATAAGGATTAAGTGTTAAAATGGTCCGTGATGCTATAGATGACTGTTGTTGACATCTTTAGCGCCGTGAGGGTGTGGTTTGACGCTCTTA,995,50.35,Homo sapiens
SEQ_247662,TGTACATATGCAGGGACACTCTTGAACATCCGTCAACGACGATATGGGTTAGTTTGAACCGCGAACCGTGATGGGCCGTATGGGGTCGGTCAGTCAGACTTAGAGTCTGAACCGGAGCGCTTTCGGCAGCGTCACGTCCGGGATCACTCCCCTTCGCACAGACAGTAGACGACACGACACGCTAGCATCTCCTAGCTAGCTACCATTGGGACGTCGTCACACTAGGGTCTAGCTTTTACCTTAAATAGTCACTACCTCGAGCCTATATCTTCCGTTCGAGACGAGTAGATATGGGTTGAATCCGTTTGTGTGGGAAGCTAGCCCCCCGCCGCTTTGTGAATCTCAATCCCAATTCCTGAACCAGCATATACTGTGAATTGGATGCCAGAGTGAAACTCGTCAAACAGAATTCCAACGGAGCAGGATGAGATTGACACACTCCTAATACATTATTGGCTATAGCTGAGGTTGCCCCTAGACTTTATGGTTGCATTCAGCCT,500,50.0,Saccharomyces cerevisiae
SEQ_812965,ATCTGGTCACCAGCTATGTTTAGGCATGTCGCCCGATTGCACAGAGGTCGGACGACGTGGTTGGTGGAGGGGCCAGGTATTGCAAGGTTAGGTTGTACATCCATCGGCTATATTCGCTACACCACGAATGTTCAAGAGGCAAACTTGCTTCACGCTCCCGGACATTTTTAAGTTACTCTGCTTGCTTTCGCGGTTTGCGCATTCTATTCTGGGGCATGTAGCGCTGCGTACGGACTTTACGGCTACAGACGCTCCCATCCAACCCCTGTAGTAGAACTGCGTAGGTTCTAATGTCAAGTTTACTATGAGTCATCTCTGGATGGGCTCAGATCAATTTCATTAGCTGCTAATTAATGGGTTACAGCTCTTGCCTAGGGAGAATTAAGCGGCAGCTAGTTAGGAGCGTATTATATAGCCTAGACAACCGTTCAGACCATATCGGACTCCCGTAAGCCGGAAACAGCTCTGATCATATTCTACACCGCCGCGTCGTATAATAAGGATATGGGCTCAAATCAAGTGAACAACGTACTTCGCATCTTCCCGAGCCCGCAATTCCCATTTCATCCCAGTGCGGCCTACGTGGCCAATTATTTTCGAGAGCGGAGAGTCGACTATGGGCATGAAGGTCCACGAGTTTCGCGTTTCTGTCGATAGCTTATGAGAACGTCAAAAGAAAGGAATCTGCTACTAGTTGCACGAAGCAGGTGTTTAGCTCAATTCAGCTGCGGGGACGCGAAACAGACGCCTCACGTATGATTTTGACAGTCATTTATCTTGCACGACAAAGAGTCGTATTCCGTGCCCTCCCAGAAGTTTTACATTTGAGTATCGACCGCCTGTAAATAAGTACGTGCTGATATCCAAATAAGCGTCGTTTAAGTGGTACATCGACATTGACGTGGGTTAACCTTACGTGCACACCAGAAGGTGAATGCTCCTGGACTGAAGACAACTCTTCATGGGAACGATTGCTACGTGGCGCCTTTTGGCTCAATGTCATTCAAAGGCCCCCAAACTTGGTCAAACGAGCCCCCTGGAGCTCTGCTCCATGTTAAAATACAGATGGTAGCTCAGACCACGGGACTCCAGGACTCAGTTGACACTGTGTTTCTTCGATTGGTGGAGGGCTAGATGCCCGATTTAGCATCCCTTTGTTGGTACTTCTAACCGCGGGTTCGCGACCACCGAGGCGGAACCTGATTTATCCATCACGGATGGCCCCGACTTAAAACCCGTACGTACGGCGGGGCACTCCGGTAACACCCACCGCCCTCCGGGGTCAAAAAACTATAACGGGAGTGCGCTATTTCTGAAATGGGACCATATCTCCTCTGCTGGGGCTTTACTGTACCGATCGACATATATAGTCCCCATAGCTTGACGCAAAGGTCCGCAACCCCCTTACCCATGGTCACCCGGACATGCGGATCCCGTGTACGGTTGACGACGCCGCGTAGTCCTGAATACATAGGACCTAGAATCCTTTGGTCTGCAGGGCTAGCATACAATACAACAGCTGAGAGCGGAGGGCGAAAGTTGAATGTATTCTTGA,1555,50.03,Arabidopsis thaliana
SEQ_303486,TATGAGAACCACCGCCCGGCCGTTCGAGTCAATTTCCAGAGTCCCTCCAGGTCTAGCAACATTTAGATGAAAGCGGAGGATGCCCGGGCTTGCGACACTAGGTGTCCCCGCTCATAACATTGCCCCTGATGTGGAAGGAGAGAGCTAGAAACCCGGGCTATCACCTTGGAAAGATAGGAGCCGATGTGTATTCTGCTCCCCTCATGCACATAGTTCGGCGTATTGGCACGTTATAACCACCGAAATTTGCGTAGGGTTACTGCCTGTTTCTCTCTCCTCTGATTACTAGGTAGCCGATCTCGTCCGTTCGACAAGCACTAGCCTTTATCGACTTTTTTGTACGGGTCAGGGGGCAACGGGGATGTGTGCCAAGCTCTCATCCTCTTCGTGGCGCGTATACAAGATCCGCCCTGCCACTATATAGTCCAGGCGCATGTAAATCAGACGAATTAACATGCGTGACAGTGTATTGGTAAGAACGCTGCCGGTTATTTGTACTGTTAATGTTCCCTAGAACATCTGTGCAATCGGGTATTATTCGACTGGAACTTCCAAGCATAACGTTGTATGTTAACAGCAGTTTCGGCCCCGCAGCACACATTATAAGTGACGACCCGTCCTAGAATGCCTTGAGCGGACTGGCCCCTCTGGTTTTTCCACCATCAAAGGCGACGACCGCCGGCGATTCAGTCGATTCATCCCTTGACTATAACAGTCAGGAGTCTTTTGATCGTTCCCCTGTCAATAGAGGTCGCCGAATTCGTTCAAGCTCTGACATGGGGTTCGCTCTAGACCTGTGTGTATTATTCGAATAGCTATTTGTAAACGTAAAAAGCCGTACCGGATTAAGATGCACAAGTCGTCACCCCAACTGGCGGCATGCAGGTAATAGATAGATGAGTGAAGCTCAATTTTGTTCATTACACGCACCGTGGCCCTATGCTAGCTGAACGTACCCGGGATCGGTCGGTAATGGATGATAGCCATTTTACAGATTAGCGTTGAGCTCGCGCTCCTTTCTAGAATTGGATCCATACCTTGTGTTAAAGTTCGACATTCTGTGTAAATTAGCTATCAATCTTACCGTGTCCTAAAATGTCGACCCTATGTGACCAACCCCATTACACGGACCAACTTATCGAGCACCTTACGTTTCAGGGTGGCGATTTGCATCCTTCGTATACACCGCGATGTGCTGCGGCTCGTTATTGGGCCGGGTGGCGCCCCGTACTCTCTACCTCGAATTGAGTGAGCTGTGCAGTTACCTAAATTCTTTAAGCTACAGCACTCCTGGCGACCGAACACCGACCTCGGGAAGC,1319,49.73,Arabidopsis thaliana
SEQ_462495,ACTTTGCTGATGCCTCGGCGGCCTGTCCCAACATTCTGGTGCAAGATTTGCACAGAACGATTCTATCGCAGTTACACTCAGCCAGCTCTTCGGGGCCTCGAACGGGCTATAGACGGCGCAAAGGCGGGGGCAACCGGGAGATCCATCATGTGTAGAACAAAGCTAGGACACAAATGCCATCTGGCTTGATCGTCGAGATATTGTTGAA,208,52.88,Caenorhabditis elegans
SEQ_748366,GGCAAACTGTTCATATAGCAGAGAATTGAGACGTGGATGATCATACGCGATCTACTGGCAACCCCCTCAGTCGGCTAACTTGCACTGAGCTATTTACGATAACCCACCTGTCCTTAATCATCACTTAGAAAACGGTAAGATGAGAGAATTGACGTGTCGGCTGGAGCGCGTTAACTACTGCTAGACGGGCCAACAAGAGAGTACGGACTACCGGTATGCCTAAAAAAAATCAAGCATTACTGAAATGTCCAGGCCCCGGCCGCGAGGGACTCCATAGACTTATATCGGTACAAACGTGGGATCCACGAGCAACAGTGTCCCTCGTCA,327,48.93,Saccharomyces cerevisiae
SEQ_832012,GAACTAGAAGTTGGCACTCTGTAACGTTTGGGCCCATGTTAGTACACGGTCTATGGCACCCAGAATTATATAATGTCTAATCCCACAGCTCGTCCGCGCGGGGGCCACTTCGAAGCCTCCCATCGCACTAGTATCGCTTATGAACCTTTTGCTCTCCATTGCTTTTGCCTGGACTGCACATGCGAAAACTGGCCCGTGCGCCAACCCATCCTCTGGGAACTTAAGAAGCCATAAAACGCAAGCAGAGGTCCGAAAAGTAAGATTTGCCCCTAGGAAGTTGGTCTGTTAGGAATAGCGGCTTCGTGTCAAGCCAGTAGGCCACTATACATTCCCGGCCGCTCATGTCCACTGAACCGGTGGTCCAACTTGGAACCGGTAGTCCGAGTGTAGCGGCTAGATGCGGGTCCTTGCTGCCCGTTCGGTCTGTACAGTCGCCATATTACGTAGGATTGCGCAACCTTCTTATGTGCAGCGACTGTTACCTTCAATTAATTACTAATTTGTGACCCTAACGATTTTCTGCTTACATCACCATCCCCTGTAGTTCCCCTAGCTTTATTCCCACCCACTACTAAGTACTCTACCAGGCCTGCATCCCACCGGCCCTAACCTGAGCGAGAACGCTGCAGCCGCCACAAAGCTACAATAGAGCTGTAGCGACGGTGACACATACGAGGCTATGGACGCAAGGAGCGCCAGAGCCTCTCAGGCGCGAGGCCG,720,52.78,Saccharomyces cerevisiae
SEQ_782996,GATGATGCTGCTGATTTGATGATTATTTTCGACACCCTATTAGTTACGACAAGACACAGCTGGTACAGCATCGATCTTACCAACAGCCATTGAAGGAGTAACACCTCTGGGGATTTGGTAAGGGATAGTTTGACTCCTCAGAGATGTCACGGTGGGACAGTCCCTGATCCCGGGGCTTGTTCCCAGGGTTCACGAAGCTTCCTTATTGCGTTCGTGGGGACTAAGCTATCGGGCCCTCGATAGGAGCGTAATCTTAGACTAAATGACTTGCATAAGGCGTCTCTAGGTGAGTAATTCCTTTCATGGGACTCGACACCTAGTACTGATTTTCATGCGAAGTTATCCATGATTCTGGGATATGGTAAGAGTTGGAAGAGAGGTTCAACCCTGAGAACAAACCGCGTCCTCCTGGATGCGTGAGGCGAGATAGCACTGTGACCAGACCCGTTCTCTCGATCCAGTCTAGAAGCCTCTAAACAATGTGGGCAGGCTCCTGGGGGTGATGCCTGAATTCCGGCATCCCCCCAGATATCACGCAACTTTGTCCTAGGTCGATCTCCGCCAGCGACCTGCGTGGCGCATATGGTACACGTATTCCCGATCTCGGTTTGCCTTGCAGTACAGGACGACTACGTTCGTAACACTGTAATGAAGCATAGGTATCGGGCGTGAATGAGCTCCAAATGCAATGTCTACCAGAATAGCCGCAAGATCAGATAACTCATAACACTTGGTGGTTTGACTGATTAAAGCCGTCCTCACGTGGGCTGAACAGCGAGACCATCTCGTAACTACTTCACTGGAGTGCGTTGCTGTCTAGCCGGTGCAGTCACCTTACTCATTAGGTATTTGTAAGACAGTTCTATTAGCAAACCACGAATTTTATGGAGATCAGGCAACTGGTCATACAAGAAGATTTTTAGATATACAGCCGGGGGTCGCTGCGATGTATCTTAACGTGCTAGGAGATCTGATCTTAAAATGAAGTGTCCACATTAAGACTAGGCGTTTACGACCGAAGCCGAATGAAGAGCCACGTCCGCAAGTAAGGTGCTCCTGTGGAGGCTGTAATTCATCTATAACTTACGCATGTACCGATGGAGCACCCACGGCATTCTGTGGGACATGCGGTTAAGGAGTTCGCCTATCAATTAATTCATCCATGAGCCCGACGTATTAGTAAACACAGTTCTAGCAATACACAAACCTGAATTGCCCTCCATGAAAAACTCGACAGTCGTGCCAATGCGCTCAGGTGTGATCACAGGACGGCGCGCATCCGTATTGTAATGCGTTGCTCCAAACCATAGGCCTAATTACGGTGGCCAGTTTTCAAATTGTCACTTGAACTCCCGCCCCCCACCGGCGCCTTGAAGGCCCAGCGATCTCCTGCAACCGGTTAAGTAGTTACGCTACGACAAGGAGGAGAATATCAATATAGCGGCAGTAGGGGTTCAACTAGGGACTACCAACGCAGTTCGCGAGCCGACTCATAAGAATTAATGGACGAAGACACGAATTCCAAGTCGCTGGCCCAACCAGTCTTACCTCATAGTTCGAACCAGGCACCATTTGGACGGCTACAACAATTTAACTCCCTCGCTATCGTCACGC,1614,49.13,Saccharomyces cerevisiae
SEQ_419389,AGCGGGACTTCCGGCCCACTTACGCTGCATGTAAGCCTAAGATAGGTCATCGGGAAAGGGCGGACTGCTGGTCCGATCTCCTCACGTTAGCAGGATCGAAGGCTAGCCACCCTCTACGCCATGCCACTGCTATAACAAGTCGGAACGCAATGGTTCGAGCCGTCATATCCTGCCTGGTCGCCTACAAGCAGGCTCTTGGTGGGTCCGGGTTACTTAGGCTCAATGGCATACTTACACGAAGTCTGATTGGCGGCCAACATTAGGCACCACGCTCTATCGGCCCCGGAAAGTTTTCCAAGGCTGCAACGTTTTCCAGGGTTTACCTAGGTACGGGGTAGAGTAAAACGTCGAAATGCTGACCCGCTTAGGCGTGAGTTTAGGGTACCGTACAGGTACATTGTGTGTATTTGACTTGGCCTGCTTGTTGATCGCACCCCGGCGAGGCTAACGTTAGCATCCTTTTTAGGTCTGAATACTTCGTCTCCGAAGGTTAACTGAGTCAACAGAAGGGTGTTGCACAGCAAAGCTTTGCGTAGGACTCTTCGCAAGCAAACTTAGGGAGTCGCACCTACACGTATTTCTCCACCGACGAATAAATGCTTTTTCGCGTAATGTCGTTGCTTACAAGATATCTCCGGCGGGTTGGGTGAATGACCACCCTCGCTGATACTCTGCATGGATCGGGTTGGACACATATAGTGGATTCGGGTGGGTTGTCAAGGGCACGGAAAACGAACTATATAGTGTACTCGTTACAAAAGGCGGTTGGCGCTGCACAACCTATGTCGTTCCCATCTGATAAATCCGAAGACTCGACTCCCATCTCCCATTCCAAACAACGCCCTTTTAATCATGATGTAGTGTATCTACCCATGG,876,51.14,Arabidopsis thaliana
SEQ_729053,GGACAAACGCACCTACTATGCGTGCCCTATACCCGTACATACCTCCTCTGATTCGAATCTGGTCCCGCAATCCGCACAGCGAGGTGCCAACTAGAGATACAGTAAAGTAAGAATCAGCAACCGCCTGATCGGGATAGGTAGTCCCGTGTGGCAGAGTTGTCGTCGCAGGTACTTGTCGCAGAGGGCAACCCACAAGCTGCCACTCACGGAATTGCATGCGATCGCTTCAGGAATTACTTAATCTCGAAGACCAGATCACCAGGCTTAATCAAAACGAGCGAGCGGTAGCCTCTCTATTCCAAGTGTTGCGCGAAAGATCTTAACGCAGATAAAAGTCCTCACTTATCAATGCGTGACTCCAATACAGGATTGGCGACACGGGTTATTATGTTCGCCGTCAACTCGGATCTTAACAGCGTTCGAATCATCGTCCAGCGAGTTATTCACCCCTCGGCCCTAACTTGTTTGTAAGTTGTAGTGCGGGGGCTTGGGGGCACTCGGCTTAACATGCGTAAAGTTGTTCCGATGATACATACTTATCTACAACTGTGGTCAGGTATTTTTATAACCGGTGTCAATGTCTCGTAATCTACGGCCACGGTTCGAGTATTCCAGGAGTCTGATGGACCGAAGCTTGTAGTACGGTCGAGACGGCGGCCCGCAAGCGGAGCTTTCTGGGGTTGGGCCACGCCTCCCGCTTTCCAACCGCCCTACGGCTTTGTGAATGATATTTCAGGAGGGGCATATTCTGGTGGTGCCTAGAACCTTTAAATTCATGGCCTCGCAAAGTGCGGACGCCTTTGGTCGCAGTGGCCAACAAAAGCGCATGAATCTGTAAACGGTGGCGCTTTGCGTGTTTTGTAGGGTGGAGACGTTGTCAAGCCTGAAAAGCCTGACCTGACGGATCTTCTCAGTACTACCCTAGGCATGAGGCCGATTAACGACTCCGCCAAGTGCTCCAAAATAATAAAACCGACGTCTCCCATTATGATTAATCGTTACTAGGAGCCGCAAGTGTTAATCCGGTTTCCGAATATGACAGTCCGATTGTTACGAAAGCCTCGTAATCAGGGCGCTTCAACCGCCGGTTGCAACTGAGAAGTGGACGTAGATTCTCCGTCCTAATCCAAAGCCCCGCACAACTCTCGATCAATCGTACGCCTTTGTGTTCTCGGCGACTCTGAGAGCTATGGCGCGGCGCATGATGACAAAGCTTGAATAAAAAACGGCTCGCTGCCAATGACAAGCCCTTTGCTAGCTGTACGAGATCCTTAGCTCAATTTCGCCGGACAAATCTGGCAACCACAAGCCTTTGTTACGTGAGTCGTCTAGAAGGGTGACCTTAGGATGCAACTACTTCCACTTCCCAATCACTTGCTCGATTCGCCTGGCGCCTTATAGATCATGAGATGGTGTACCACAACCGCCAGCTTCGCCCTTACCCCAGAAGGGATTCACGACATACAAAGTAATACCACATATCC,1484,50.61,Homo sapiens
SEQ_131687,CCCCGCCAGGTCACAACCACCTGGCCCAGGGAAATCGTCGAGGATATAGGCATCTATGGGAGCGTGATCATTAGAGATCATGTCACTTTGGTCCGTCGTGCGTCGGGCCTAATCAGATATATCATTTACTCCGCCCTAGGTCTTTTAGAACATGACTAGTAATGCCGCTTCAACGTGTCATATTAGGCTACGCTGCAGTCTTCTTTGGTAGTTTGCATCTTGACTCGGCTATCGGCAACATCCACCAGGTGATTATAGATTAGCGACTACTTGGGTAGCCCGAATCATGGTCCTTAGAATAGTATGAAACATTCTTGACAACGAGCCCCTGACACGCCACGGCATCTCCTGCGCGTGGCCCTACGTACGACCGTCGGACTTCAAAAGGCCGAGTCTATAATACTTTTGCTCGATAAACGACGGGTTGAAAAGCTGACTCGAAGGGATTGGATACGATAGCAGAAGCCGAGAACCTTTGTTACCTCTAGGACCTGCCACTTACAACAAATTGGCAGAGGTAGGCCTAACTCGGGATGATGCATAAATCTTGAATCAAGCTGTGGGCCAAGCGCCATGGTAGTGGGATGGTCACGATAAATACGACGCACGTTTGGATGCCCACGGGCATTCCGTGATGACTTGATCAAATAGATTTCAGCTAGGCCCCGTTGTGACCCCCCGAGTGGGTACGACCGAATGAATCACCTACGCACCAAACCGTTCCATGAGAGTCTCTTTGCCAGAGGAGCACCATGTCTGTCAAACTACGCACCTTAGACGGGACGCTATCTAGACCTATCTCATGCCGACCCCTCTGAGAAAGGTGCCGTACGCAACAAACCTGGATAACGTGCGACAGAGCGGTGCAGTGAAATCGATGGGGTCTCATTGACACCCTTATATTCGTGCGGGGTTATAGCTTTCCCTTTGACGCGGTCATGTGTATGCACGTCACTGCATCAGTGTACCATACCACTCGGCGTAGGCCAGGCTAAGACATGTTATAATTCGTGGGTAAGGAGATATGTTCCGAGATCGGAATGCGCTATGGTTACTAAGTTTGTAATCATCCTAATCGGCAACCAGTTTCGACCATTGAACTATAAAAATCGGTTTGGAATTAAGTCCAGGGTTTTATTATAGGGAATCGAAGAATAACCCCGTAAACGCGACCGAGTCTGGGGCGCTTTATGGAGTAAATGAATCTCCAGACCGTGACCCTCAAGCCCCGGGAACTCTAGTAAGGTAGATCCTTTATATATCCTCTTCCTCGCAAAAGCAGATGCGGTTCTGAATTCTTACGCACTTCGGCCGAATCGTTAAGGTACA,1329,49.13,Mus musculus
SEQ_871326,AATATGCCGGCACGTATCCGCCTGTAATGCTCAAAATATTAATTGGCCTGCAATGTTTCTGATAATACCCCTAAGATCGCACGCAACCTATCCACAAGCTTCTTACGCCACCCTAAAGAACAGTAAACAGGCAAATCCAAGCATCCAGGAAGGGATGAAACTGTTCTGCTCGGTTATTGGGCATTTCGATCAAGGTGCAAAAACGTGCGCTTTGGGCTACCCTTTGGTGGTCACTACTCAGCCACTGCTCATTTACCAATCCGTGGTGGGGAACACCTGTTCACTCCTGGTAATGGGTAGACTTAAGTATATGCGCGACAAGAATGGCGCATTTTATTTCTTTGGGTACCCTCGGGCGAGGGGAAGCGATCGAGGTTGATCCTCATAATCTGCGTTTCCTATCGAAGACCTAGCGACACTACGGCAAGCATACATATATCTTAAGGGTTGGGCTGACCCCAAAATTTTCCCTTTAGCGCTTATAAAAACTATAGTCAACGGAGTACTCTTATATCGGCTGCTAGTAACGCAGTTCTTCAACATCATGTGTACGACCACGGGCGTCTGGGAACTGTAATCCCTCGCTGGACCTCAA,595,47.23,Homo sapiens
SEQ_624786,CCGCCTGTTAAATAGATTGGATGAGGCAGCCCTTTTTGACTAATAAGCCCTGATCCTGCTTGTGTGGGCCGTATGTGACCTCATTTCACCAGCTGCGGACTCCTTCTGACTAGCAGCTTGTCTATACATCGAACTCAAAGGCTGTCCTAGTTTGAGTAGATGCTGCCAGTCGGGCCAGCGTGGCGAACGACCACGGGGGCTGGACGGAGGGACGCGGACCGCTTGGACAAAGTCACACCAAGGGAGTTCCGCACTGTCAGACGTCCTATATGAGGGTCAAACAGTGCTGTTCCTATTTACTCTCTAAACCTACACCCTGCTCTTTACTGGCTGGCCGGATCCGGTCTCCTCCCCTAACTGTGTTGCACGAAGACTGAAGAGCTTGCGTCTCGTGGTCGGTAGGGTGCGTCACTGCTCGTTCCTAGGCCGGTAGACGTGGCACAGCACCCGTATTGTCTACGGCACCATAGGAGTGTATTAGCCAGGGGTACGGCTGTTAGCTTATCGCTCTTTCAAATTGCCTGCGCCGAAACGTAGCTAGGCGCACATTGTGATCAGCCAATCACGTCCTTCGGGGGCGATCACATGGTGCAGCCCAGAATAGATTAACAGAAGGTCATAAGGTTGCACCCCCTCTATCCATTCACGCTGTGCAGAAAGTTCGGATCATCTGTCGTTTCACTGTACGTCATGCAGTAGGGCCTAGCAGTGGTGTGGGTTTAAAGGGCCACTGTACTCCTAACCCTTAAGTTTACGACGCCACATAGGGGTTGCAGGTTGTTCAAAGTTCCGGTGTGCGCCGCATTTCTTGGTCGGACGATCTCCCATTACGAGAGCAGAGAAACCATCAAGTGCAACGGCTGCCCGACGGGCTCGTTTGAGGTCGTCATAAGCTGTGTAAGATAGTGCTGTCCATACTTGCGCGAGCGATATGGTATTTGGCACATTTTTATTACTGGCGGCATTACCTAGCGTTATTATGCTAGATCGCCGGGTGACGTGACCATAACACATCACTAGCTTTCTTAGGGTGGGCGTGTAGACCAGCCAGAACCTCAGAAAAGCATCGGCCCAATCGTCCCGTAAAGCGGTGCTCCCTAATCTTCCGAACCTCGGTCGTAATTGGCTCGAGTAATATGAAGGAAGTTTGACGCTAATTTTCTCTGAACGCGGTGGTATTGGTTGGGTACCCGTTCGGCCTTTAAGCATCGCCAGCCGCGCACGTCATTCGAGAAAGAACATGGGGGAGTCCCCGGTCGCTACATTTCGGGGAGTACAATCAGACTGAAGGATCACCAGCAAGGTAAAATCCCTGCAGTGGAG,1323,52.76,Saccharomyces cerevisiae
SEQ_359095,TTCAAATACCTTGTTAGCTATCCAATGTACTCACGCGGAACTCATATTATCATCGGTAGTTGCTCCCCGGACGTAGATTCGGAGTAGAAACGACACCTCGGAGTTACGAACGACCTATGCGAAACCCCGTGGAAAAACGTCATGACTAGCTGGAGTATACAACGGCAACTACCGGCCGTTGGCCCTGTCTGTGGTCCAGCATATTGTGATCGCATAACGCCATTCCCGGGCTCAGATCCCTCACGCCTTTGAGTTTGCCAGACACCTTGAACCATGCGGTTAGTCTCACCAAACGTAGAGGCGCCTTACAACTATAGCCTCTCGGACCATGAGCGTCCCAATGGAACTCCAGGCGCGCTACGCGGTGTCATGCGGACAACGACTTAGATCTCGCGCCGCGGCTCCGACCGGAGGCCTTAGATCTAAAAGTATGATTCGTATAAATACAAGCGTTGAGGGTAGGGGCGCTAAACGTAGCAGGGGTCATGGCCCATACGGATGAAATCATTGGTACAGAACGGTGCTCGTGGACCGACAAGGGTGACTTGGTCCTACCGGTCTTTGGACATACAAGTGGGCATTTCGCCGTAACCCTGTGCTCTAGTATACCGTATGCCTTCTCCAACAGTGACGCCGCCACACAGATCAGAGGAGATCATTGCAGGGCGAGGCTACATTTCCGAGTTACGTCATGCGGAGCCCACCTACAGTTGACTTGGATTAAGATGATGCACTCTGTATTTCGGTTAATTTGCCGCCGTGTTCCGCTACTTTCTGCAAATCCTAACGTAAGCCCCACTGGCGGGCATTTTCACCTGACAGCCAGGGACATTTAGTGTACGTTGCGTACTTCAACAAGCTGGTACAGTGATTGTAACATCTAGCTACCAGATTCTATATCCGGAAGATTTAGGATGACACAACGACTGTGACACGCGCACGGAATTAACCAAAATGATCGAGACCGGGTTTATTTCACGACTAATTGAGGACTACGAAAT,1001,50.65,Caenorhabditis elegans
SEQ_369421,AAGAATAATGGCTCAGCTGAGGAATGCGCATATAGGGTAGGAATTGCTATTCAGGTGGTGGCGCTGTCAGACCAGACTGGTTCATGATTGCCCATATTTTACCTTAATACGGATACCTTCGGTTCATGCTAGTCGGGAAATTTTATGAATATGCATAGGGTCGTCAATAAAGCTCAACTCAAACGATTTGAGCTGGGATTCCCAACATTGTTTCTGAGAATCCGGCGGACTCGACGGTTCGAAGCGCCATCCCGAGCGTTCGACGGTTTCGTTCACGGTTAGCTTCGTAACGATCATGCCCTCCTTGGATCACGCGGTTATGAAGCTATCTCATGCGCTATTATGGCCTGAGCCGTAAGCTATCACCACCAAGAAAGATAACCAGGTCCGAAAACGTGACCTATTACGTGAGTGGGGGCGAACGGTGGCATCCCGATCCCACTACCGGGCAGAGGTGTCTAATTAGAGCACAGGGCTGTCTGCGACATTATCAGGAAAGCCGGTCACTGGAGGAATGGGCCCTCCTATAGAATAGGACTTAAGTGCGATAGCTTGTCCGAATACGTAACGCTGACACA,578,49.48,Drosophila melanogaster
SEQ_565881,CCCGGCGAAACCGGCTATACTACACCAGAGGTTAGATTGAGTAGCTACCAATTCCTCAGTAATTACAGCCTGGGTGCAGGTCTTCGTTCGTGAGGCGTGGCCGAAATTAGGGAACTTCAAAAAGTATAGATTAAGTGGATTATTCTAGTTCCACTCCATAACGTTTCTACCCATCGTTCTCCTCGCGCTCCCCGAACGCTACCACTAAGTGAGTATGCGCCTGCACAAGCGTCGAGTAAGCGCTAACTTAGGTTCGACGCGCGGGGACAGGTTAAATATGTGCAGATATTGGCCTAGTATCAGACGCGGAACGCAGCTTCAATATTAAACACGACCTCCCGGGACGGTCACCGTTGGTGCAACTCCAAAGCCCTGGTCCCAGACACCGAGCCAAAAGTCGGGCGGACCGCGAAACGGCGTCGGCTGGCTGATTTCAATAACGCACGATAAATTGCATTCTGTTACCAGCCTGATCATTTAGAATCCACTTCATTAGGTGCCACCCCGGTTTTCGTTCCAGAGACTCCTAGAAGTGGTGAACCAGGTTCAGCCGCAGCAGAGACTTATAGTAAACTTCTACCTGATCTATTCTAAACGGGTAAACGGGTTATACACAGTCGCCTCACGAATTCGGAGCGTGCTATCAGTAGCTTCCGGGTGAACCCCTCAGCCTTCTTGTGGCCGTCAGGCTAGGAGTCACTACAGCATTCTTACCGTGCAACGCGCCGGCCGGATAAGAAGCCTGTCGCTATACAATGAGGGCCTACTCAGAGTAGCAGGTTATTTTCTGCTTCGCTGGGGTGCTTTCGACAAAAGCCCTAGAATGCGGGGTTCCGCGGCTCCCCCCCTGGCATATAGTCCATGCTGCTCGTAGCACTTATGGTCCTATACCTGAAGAAGTCCGCGATTCGCGTCGATAGACCATGGGTCCGTAAGTAAAAACTGGCGTTGGGCCCCCACGAGTATATAGCTTTTGCTCTCGGCAATGTGCTGCAATAAGAACCTCGGATCCGCCCGAGAGTTTAGGAAATTTCAAGATGCCGTAAAGTTTAGTGAACTCACGATGACTCTGTTCCTGTCTCCGTATATCGCTGTCGCTTAAGTCTTGTATCGGCCATGGAATCGAGTTTAGATCTGAAAGGGTAGCCCTCTATCCGTAGCTTCCCGAAATACAGCTGCGATCTATATCAATAAACCTCATTGGTTTCCAGGCAGCACACTATCCACACACTGCGAGGTCCAACCTGTTTTAGATTTCTCAAAACCGGGAAATGATGCCATAATGTAGCTCAGAACGTCCTCGCGCCCGTGAATCAATAAACGCACCCTTGAAAAATGATCCCACTTATTTCTTACTAAACTAATTACCACCTCCGATGTGTCGGGCTGTAAGGCAGCCGATTACGAGGATTGATGCGCAAAGCGAAAGTTAGCAAACTTTGCAATGCAGCCCAGAGAACGGCTTTTGGCGAGCAAGGTTTATAGTCCCAATCATGGTCCAGCGACTCAGAGCATTACTTAATCAGCGGTGACAAACGGAATCCCCGGATCCGCTGATGAGGTTAGTTTGTGCCCATGTATATTGAGTTCACCCTCCACCCTAGGTTTGCGATCCACGCCGTGCGTGGTACATAAGTAAAATTGGCCCAGGAGGCAATTAACTTGGTAGATGAAGCAATCGGTGTTACTAAT,1692,49.76,Homo sapiens
SEQ_258871,AGCTCGTGTAAGGGTTTACGCGTCAAATCGATCATACTAGACGTAATACCTTCCTTGAGCACGTCACCGAGCACAACGCGTACGGGGCTGCAGCGATCCAGACTCATCATCACTAATAAGTCGCCCGATCCTTGTTGGCGTGCCGAATCACGTTCGCTACGGTGGCGTATTCTTGCGTGGCGCGGACGAGGGTCAATTCGGCTGAGATTATTCACACGTGGATCGCGGATCGCACTGGCGTGAAACGGGCGTCTGGTCCCCCTCCGACTAGACTTCTCTTGCATTTCTCACAAGACCCAGCAGAGGGCTACCGAAAATGTAATAATACTCTGAGTACGCTATGAGTTCCTGACGTTGAGACATAATATTTAACATCTGAGAGTGCGTTACACATTCGGTGACGGGCTCTTACGTCAAGGATTGCATCACGTAACGAACGACTAGTTCCAGTAAAAAGGTGCGACGGTTCGTGTACGGAAAACTAGTAGGAGCACAGGTTATATTAAGATTCGCGTTCGTTTAGTGCCTCCTACCCACGTTTACTTGGATCGACAAGTGAGTAGCAAGGCTTCGTCACGTACGTACCAGGGATTACGTGCGCGAAGGATGCCATCCCATACGCCCGCATGCACCTAGCTCCATATGTTCTTCCTCTAAAGTCGGGCTTGGATGTAGGCGCGGGAGCCGGTTCGGTGCATTTGTCCACCCGGCCCGAAATAAGCGGTCATGTAACCATGTCGCACCATCCCTACAACCGAATGAAGTGTTGCGAATCTTTGAAGACCAATAGGGCTAATGTGCGCTTAAGAGCGTTCATCCGCTCGGTCGCTCCTTTTGCCTGGTTTCGAGCAGCTATGCCAGAACCTGGCCCCTAGATGCCGGCCGTCCATGAACTCTGTTAAGGGCCGCTGGGAAGTGGTGGCTGGTCGTTACGCTTCGGCAGTACCACCAACAATTAATATGTTTAATGTAACTGTGGTGCAAGTTATGAACCTGGGCTGAGTAACAACATATGTTAATGTAATCAAGCGGGAGGATCAGATGGTGCTTTTCTACGAAGCACCCTTCTGCGATCCC,1077,51.25,Saccharomyces cerevisiae
SEQ_165150,GTGAGGGACTCGTGTGCACGCAGGGGAGCTATGAATGCCGTTATCCTCGCCGGGATTTCGCTTACCAGCTAGCCGTTTCACTCACGAATAGCTGGACCCTACACGTGATCGTCTCCTGCCATTTAGGCCGACATATACGGAGGGCCTGTCCCCTTCATCACCGTTCTCCCCGTTCGCGCTGTCTTTGCGACCGAAGTCGCGGCTCTGCACCCCCTTCTCCCACCGCTTAAGCGCTCAGGGCGAAAACTATACGTCTAAGATGCTGAGGAGATGGATCGCATTTTTGGAGGGTTAGGATAAAGGTTTACACCGAGTGAGTGCCGTGGCAGGCGGGCCGATTACCGGAGTGCCAAAGGTGTGTACAGAGCCTACCCGTATCAACACGGCATGACCATTACATAAACCCCCACAGTTGATATTTTATACGAGTCTTGCGTTTAGGAGCGGCCTGCCGTTCGCTGAGTTGAGAGTATCCCCTAGTTGAGGCATGCGGGATTCTTACTACAACTAGATTTTGAAGGCCCGACAATGACCAGGAGGCGTTCATCCCGAGGTGTCCAGTATCAGAGGCATCACAGTTACCATTTCATCGCCGGCGACGGCATTCAGGTCTAAATAGATGGCCCCTCGGGATCTCATGGGATCCCCAGTCGTAATTCTCGCCACGAAAACATTCACGGCAATCCATAGGGACCATGGTTCTCCAATGGGACTGGGTCACCTACCTGCGCCATGACGCCAATATTTATAAATTCCGAGCTGTGAAAAGTGTAAATGCGCCATTCGAGTGCTAGGGGATATCGCCACTATCATTCCTACTAACACAAGCCTTCATAAATACAATTACGAAGCACAACATACAATGTCAGCTGTGTTACGCTGTATTATCCTGGGCATGTGCTTTGCGGTAGACAACACCTGGACCCACATTACGCACTCGGACTACTCAACGTTTTTGGGCCTGAACATTCGATCCCAATTGGAATCTGATCTAGACAGTGTTGATACTGGGGAAGACCACGCTTCCGCGATGCAATACTTCCGCTATGGCCTTATCAGTTCAACAGCTTCTCTCTTCTGAGATGTTACTGAATCGCGTGCTATGGATGATAAGCTCCATAGACCTAGTGGAATTCGCGTTACGTGACCCAAACTGTTCTCTGCCATGACAGGTCGGATTACTGGCCCCCACTCGCCCGTGATATCACTAAATCTTCTAGGAATTGCTACATCCGCTCCTGGGTAATAGCCCGTAGTTGACGGCATCACGGGACGAGGGGAAAGCCGTTAACGAGAACCGTAGGCACTCTTAAGTACACCTACAACCGAGCAAACTTTTTTAGTTTCCAGCACTGTGGACGGAGGTGACGAACAACTAACACACAGAGGGCTTCGAGCTATCAATTTGGTGCGCATGTTAGGTAGCAATTACCACGCAAGAACTGTCGGCTGAAGATCGCAAGATCGGAACTCGAGTTCCGAACGGGGCTAGATCTGATACGTCTGAATCGTAGCGCCAGTGCACCTGGTAGGAGTGGTCTGGAAGCGGTAGTACTGTTTTTTCCCTGAGATGGCCGAACCAACAGCGCCCTCTGTAAGGGCATGCGCAGAGTTGATGTGAAGGACGGGTAGCTCCTGCGCAGCCCCTATACTGTTATTTCGAAGCAACATCACCAATACCGCTACACAATAGGGGACCAGACCCGTCCTACTGCAGGTTCCAGTCCGCGGGCAGAGCATTCATGTCTTATCCCGCGACTTTTTTCAACTAATCGTACTTGCCAGCCAAGACCACTGGGCCTGAATTCAAGTGGGCTGTAAGGACTTCACCACACGAATCGGAATCTTTGCTCGAGTGCAAAGTATTGGTTCAAATTAAGAGAATATGTTATAGACGCGCCCCTGATCTACGCGCGAGACGTCAAATTACTCGGGTCGCCAATGAGTAGCATTATGAAGTCCAAATACCCAA,1972,50.91,Escherichia coli
SEQ_170159,TATCGCTGGAGCCGCGTGTTTAATAAATCGGGTACGTGCGAGGGAGAGATCGCACATTCTCTCAGGCCGGATCTCGCAGAGTTGCCGTGTGTCAATTCTATTAATTCAGCACTCAGCTGGGGTTCAGTCCATCCCGTTAACCGATCCGCCTCATTCCACCATGCCGAGTATCACAGGTCTTCTAGGTTTACCCCGGCCATCAGCGGCTGATATTTCCTCTAACGCTCAGGCATGACCCTTCTCACTTTGATGTGATTTGCGACTTAGACCATTGACCGCTGCTAGTCACAGAGCGTAGTCCCACATGAAGGTCGTTGGTGGACTCAGCACTTCGGTAAGCAAATCCAGGAGTCAATGGCGAAATTAGAAACGGTGGGCTGATGGGAGCGGCCGTCAAGTTACCGCGTGACAT,412,52.43,Arabidopsis thaliana
SEQ_952333,ATTAAGTTCAAGATTGGACAGCGCCGTTGACCCTTTTCGAGCAGCCTCCCCGACGCCTCCACTGGTCCGCGAGTGACGGATAAATCATGACAAATCTAGTATGGGTGGACTCTTTAGGGCAGAATTGCTCGAGCCAGAGGAAGTGTCGCTGAGTCCCCTTCCAGGGCTACGATTGGAATCTATACTCCCCTGGATCAAAGGGTGGACGGAAACAATGCAGACCGCTACACGCTCAACTGTAGGTTCGATTCACACTTACTCTGATTTGCATAGTTGTGTGAATGTTTGCGTGTCGCTGAGTCTACATCATGACGTCCTAGAACGTTTCGGGTGGCGAGGCGGGTTACCGCTCCAGCCCAGGCAGCCTAATGCGCGTGGTGTTAGTTGCCCGGGACGTCCAACTCACGTCTCAAAATTGCTCCCCGTCGACCTAGACAGATGGGATGCGATGACAGCTGCCGCTGTTAAAAAGATGTT,477,52.83,Drosophila melanogaster
SEQ_910414,CTCCCAGCAGCCCGAGAGCAGTTTTCACGCAGAGCTTCGGAGTAGGAGCGTGCTTAGCGGTTAAGGATGGGTAAGCGACCGTCAGCATGACTAATCGGCCAATGTTAAGGCAATGGTAACCACACCGCCGTGCGGGGGTTCATATTAGTCCACAACACTCACCCAGACGCCCGTCCACGGGAAGTGGCCCAATTCTTCCCTACCCAACGTACGGGCAACCCTATACCGTAATTCTCTGAATACGCTTGGGAACAACAAACTGCCACTTGGCAACCAACTGGTTTTATTTGAGAAAACGAACCTTACAGGACATCACGAAACCCAATCGGTTTTGCCCCTGCATAAGATCGGTGCCGTATGCCACAGCTGTTTTTGTACTGGTGACCACATGTGTTTCGATATGGCCCGGTCTGGTCTTGCTTATCAAAGGCATTTGACAACTTAGTTGATTGTACCTCAGCTACCCTGCTACTTCTTGAGCCTAAAGCCGTCTGCCCATGGCCACGATCTACCCGTAGCGCGCAATCAGCAGCGGCAACTCTTGTTTGACGAATTGTCGGTGGGCGTACTAAGCGGTCGGGAGGCCTACGTGAGGAGATTGATTATGTTCGTGCTATGCGCTTTCACACCAATAGCCCTGCCTACACCCCGCATCCCCAAAATGAACGATGCACGGGTGAATGTCCGACTCCGGGGACCCATGTGGAGGTACGGTCGCGAACCATGTCTGAACGCCGCTTATCTCGGCCCTATTAGCTTGGAGCAATTTGATGCCACGTACCCTTAGGCATAATAGGGCGCCACTAATGCAGCCAGCTCTCACCGATGACCAGATTAATGATCTTCCTCCCAGGTGATCCTACGCGTAGACGTGGCACCTGCTATTCGTCCTTTGAGGTATGCCGGGCCCGGCTCACCAGTTGGACCTTAATTCACGGACACTAAGGGCCTTAGAGCTAGATGATTCCGCCGATAGGTTCCCAAGTCTAAAGGACGCT,998,53.01,Homo sapiens
SEQ_310518,TATTTGGTGCCCGACGCACTAGTCCGAGGTGCGTCTGTGTAGCGGTTTAACCGTACCAGAAGTTAGCGAGAACATGTCTATCTGAGTGAGGGGTTCCTGTCGCCCCTCGTGGTTGGATGGGAAACTGATTAGACCCATGATAATTACCCGCAAGCCGGATCAGGCAGTCCATCGACCTCAGACGCGATACTCTAAGACGTCTGGGCGTCTTGTGGGAAGCGGTTTCTTATGCGGTAATAAGGAACGGTTCGCGAGGCGTCGAAGTAGTCGGCCCGGAGTTTTCCTCTGGTGCCTATTCACCCATAGCCCGATCGGGTTCGGCATTTGAAAGTGAGGACCAGTATTGTCTTCAGCCGAGTGGTGGAGATTTGACATGAACCCATTGAAGCGGCTGACACTCTGGCTGCGGTCTCGGTGGACATGTACTCCCCAGTACTATAGTCAGCTCACGTAGCAAATTACACTATACACGAACTATTGTGCGCGGCACCCTGGACATCACTCTGTGCTCTATTAAGACACGTGGGTTAAGAGAACAAACCTGCGATTTGTCAATCAGATCTATGACTGGCCTTGCACGCGCGCCAGTGTTGG,594,52.53,Mus musculus
SEQ_260914,GACGGGGCTATCCTGCTGTCAGAAATTTAGTAGGACTTTCATATATTGCCCAAATCTGGCTATTATGCAAGGTTAGCTTAAGGAATCCCAAAATCACTGGGTTGCCTTGCCTGGCGTAATCCACGGATCTGGAGCGGTCACTATATACAGCTGTATGTTTCCTCTGACGCGCGTTAGCGCAGCACCCGCGAGATGTGTTGGTATAAATTAATTCACAGCAACTCAGCAAAACTAAATTCATGACTGGGCAACAAACTTGCTCTGCTAGGTCTCCTTATCC,280,46.07,Drosophila melanogaster
SEQ_280994,GAATGCCGGTGTTCGATCCGGGCGAGGAATGAGATGCCAAGGCATGTACTGAGGTATTTTCGCTGCTTGACGGGCTGCCGAGGAACCACAGGTGTTCGCGCTCGCCGCTCCCAACACTTATACTGCGACATATTAATACTCCAATCACCAGCGGCCAGGTAAGTGTCCAGAGTTTTGCATAACACAGGTACTTCTCGCCCATCGCATAGAACTACCTGCCACTTGTCCTGCGTACACACACCGGAACACCGTCCGCAACGGTACACGGATGCCTTGAAGTCCGCCGCTCCACAGCGAAGATGTATACGGTTCCAACCCCAATCCGGTTAGCATCCTTTCCTTGTTGATTGGCGTGCGAAGGTTATACGTTTCAGTGTAGTAACTACGGCTCCATGTTGCTTGGAGAGAGATGTGTGCTCACGGGCGGTACTTCGTACCTGGCTCAGGATGATCAGGAAGTACGGCAAATCGGGAAACTGAGATACCTTCTGGTAGACGACATGAGACGTTGTGTATCGCTTTCCACGGTCTCCAC,535,53.08,Escherichia coli
SEQ_782363,TTTGTGGTCCGCAGGGTGTTAGCCTACACTACTAGCTCTTGAACGAGGCTCAACTATCACTACTGCCCAAATTCGTATTTTCGACCAACCCCACTCCAATAGTTATGGGGCGGCTTGGTTCCCTACAACCGGGGTGAGTCCAGAAACGGGGACGTTTTATGCCCGAATCTCGAGCGTGAAAACTACATTATGTGTCCGCATACGTAACGACCGTCCGTGTTGAAAATCTATATGCAGTTAAGCGAACCTGTCGTATGTTCAGACATATGGCCCTTCATTAGCGCACTAATTGCATGTGGATTCTAGAGTTCTCCCCCAAGGAACAGACGCACAGGAGCTTAAAAATCGCCAGGCCGCAATCCCGTCTAACAATTGCACAGACAGGCGATTCGGCACGGTCATTAGGGCGGGAGAGTCCTCACATTAGAACAGTTCAACATCTAACCGAT,449,49.22,Saccharomyces cerevisiae
SEQ_233915,GATTTCTTTGGTAAGGGCCGTTGCTAGAGGCAATGCAGTCTCTCTTAATTCGCCCCCGACCCTGCGCAGGGTTGAAATAAAATCCTGTGATCCGCTTGCCGAACTATGCAGCGATGCTCATTCCTACAGACTATCCAACATAGGCAGAAGTACGACGTGCCTTGGCCAAACCCGCAAAGTTTAGTAACGTTGTTCGTGACCAGGGCATGGTGTGGGTCATCGTCAGCGTCTCTCCTTGGGGAGAAGGCAGAAGTACACTCCTCCGTTC,268,52.24,Caenorhabditis elegans
SEQ_589345,CGTAGGCACCAATTTCATATTAGCGCTGACTTAAGGGTTGTAAGGAATACGTCTTCTTTCCAGTTGTGCGTGGGAGCCACACACTTTAGCTTACGCCGATAATCTTGTCCACGACCAAAATTTTGTGCGTCCATAAGCGCTGCGCATAACCCGATTGGGAGTTACGGATTCCGAAAGGCGAGTTCTTCTTAATATAGTGATCTTTAACAGTTGCAGGAGTATCCTTACGGATAAGTTCCAAGAATTATAGGCTGGACGTATTCCCTTATGTAGAATGGCCGGGTAGGACTTGCGCGGGACGGGCGGCCGTCTGGAACTAACTGGGTCAGTATATCCATAAAGTGTTTGCGCTTTTCGGGTCACTCGCATCGGAAGTAAAATGTCTGTGTCAATACACTGGAGACCTGGCGCATGAGGTTCCCCCGAGTAATCAACAGGCTCCTGCCCGCCAGAATCTTAGACCGTATCTACGTTCGCTACAAGGAATCCCCTGCGGACAATGTTCTTTCTTACGGACGGTTAGGGATCACGCTTTGAGGTCATGTGTGAGCCATGCGGGGAGCAAGTTCCAGGCATATGACTACGTATAAAGATATAAAGCATTGGTCAATCAAGATTGCACGATCATGCGTTTCTACTAACCCGTACGGCTGCACTCGGATCCAGCGTACCATATTGATACCCCTCTGGCGGCTGTTATCTAGGCAGCGCGGCGCCCTTTGGCTGTTCATTACAAGAAGGCTTTCCTCAACCTAAGCTGAGTACTTTTCGGAAGATATGGCGGTCGCTTAAATCTCGCCTCCAAACCATTTTGTTGAATGGCGCCACGCGCTTGACCAAGCCGACTATTCACGTATCACCCGAGAGTTTCCCCACGCAGCCAAAGTCGTTCAACACTTTCGAGAGGTTTCGTCCGAAATGACAACACTCGACCTGGATGGATTGGCTCGACCCAGGCTCCAACAATCGCTAGTCCCAGCCAAACCCAAGCTGGACACCACACTCATAACCTACGGAGTGACCAACTTTATACCCCAGAATACGCGGGAATCAAGAGTGCAACATCTTTTTAACGTTTTTGCAACGATCTGAAGGCCCAATATCAAAGGCCTTCCTGTTCTCCTCGAATTTTTCCGTGGTATGCGACGTAGCTTAACATCCATCACTCTTTGCATCATGATAACAGTCGGACGCAACAGGTCAACCCTCTTGAAACGCGTAAATGTGACTCCCGACACTAATGATAACCGAATGCCACGGAATTGATCTTTCACCGGGAATTGGAGTCGG,1290,48.99,Drosophila melanogaster
SEQ_509134,ACCGATATGCTCACGTGTGCCTGTATGTTCTAGAACAGTCCGAGGAATAGCACAGAGCGGAAGAATCGGCGGACTGAATAACATGCTAGTACACGCATTGCCTCGTAAGAGTACCTGGGCTTGGCTCCCGGGAAACACGAACTGCATTGACTCTTATAACGTGGATACTAATGATGTCTTTTACCGCAAAATAGACACGTGTCGTTGCGGCCTCTTGTGGACGCCTCACTACGCCCTGATAATATCTCCCCGTTTACACTCCAAATTAGCTGTTGGAAACTCGTAACCAGATAGCCGCTACTCGGACTGTACCGAGACACGTACACATTCCAGCACGTAAGACTTACTGTGGTCTTAGTGGAGGAGGTCCCAGTTCAATTCAGGGATGTTAACTTTGAGTCCGTCAACATATAAACCTGCTTATTGCAACATGTTGGTGCAGTAGAGTGTTCCAGTAACTGTATGGACCAGGTAATATCGTAAATTCATCTATGTCCACATTAAGACAAGTCGGGTACTGCAGCAGTGTACTAACCTCAGAGTCGCTCGATTACCGTAACCACGGTCGAACAACAAACCCGTGGCTGAAAGATAATGCATCTTGGCCTTGTTAGACTCTCATAAGGCACTAACCGGTCCCGAACTTGTTGGCTTTGTATGGCGTGCTAGCTTACGAATCCACTCCCCTAAAACGCAATGACCGCCTTATGGAGTGGTAATCTACACACGTGGTAGGCCGCGAGCGGAAAAAGACATATGAGTACGGCAGCCTTTAGCGTGCCCAGGACACGAGCGGGAAAACAGTTTACCCAGATCCGTGGTTGACCGGCTCTGCAGATCGCCGTCATTAACGTGCAACATTTCCCTGATAAAACTCACACGCAGTATTGGGACCCTAGGTTTACCTTGCAATGATTCAGACATGCCTCGAGTATAATCCGCCAAAAAGATGATTGGATAACATCGAACCTAAGTAAAGGCTGGATCCAAGGAATCGTCTCCTTAAACGCCAGCCGTGAAGGGCGACCCTTCGTTCCAACAGAGCACTAAATGGTCAGAAGGGCATCAAGGGACCGTTGAAGGTACGCAGGTTCCTCGCATGGGCAGGCTTAGCCAGGATCATGTCAGGTACGCGCCGGCCTATCCGGTATGAA,1154,49.13,Caenorhabditis elegans
SEQ_589355,CGAACGATGCGATACGCTGTAGGCTTTGGTGATCCACATCTGTCTAATGATTACATTGACCAGCCGGCGTCCGCGCCACGTTCAATCTCGTGGCAATACCGTTCCTCCTCGTGAGGTTGTGCAGGCGGCGAACCGGTGCTACAGGGCAAATAAGCCGCAGTCAGGCTGCAACTATAGGCGATTTGCCAGGTCCCGCTTAGCCCACATGGCCTTTCGTGTGGTTCATTGTAATCGTGGAAAACATGTGCAGGCCAGCGGGAGTTCTACATCCGCCACCACTGCGGAAACCGGGCAAAACGTCTC,303,55.78,Homo sapiens
SEQ_375786,GTATGTACTGACTCTGGCCAGCCGTTGTTAATTACCACATATCCAGGAGCTCTACCAAAGGAGGTCCCGCCTCGGTGTACTCCATGAATAGTAATCAGTTCGAGGCCGGAACGCCACGATCCGGTCAGTAACAGGACTCCATTCGTTCCTTTTCGGGTGGGTTATCGATGACAAGTGCACGGTCGGTTCGGAATTGATGCCCATTCCGCGTAATGTTTCGTATTTCGGTTCGATTCTCCGTAAGACATTCAATGACCTTTGAGGGTTTGCACCCGTAATCCTGCGGATGGTAGTTCAAAGCGCCACGCGACCGACACCTTGTCTCTTCTATAGGAAATCGGCGCATGGGCCCACAGATATGAGCGGGTACGAGCCGCAACTCGCCGCGACAGACTCCTGCCCGGTACCTCGTCCACTTACGCAAAATCCGTCTCCGCCAGTCATCGAACCGTGCGCTACGTTCGGCTAAATCCACCGAGGATAAGACTTTCTGGGTACAACAATAACGCAATTCAGGACATACGTGAACTTTGACATATAGCTGTTCCTTGTGCGAGTACGCACTGCTCTGCTATGTATGTGGGACGTAGTGGGGGGCTATCTCTGTCGAGTCAAAGTCGACGGTAGGATAGATGACCGCGTGTAGCTGTAATCAGCGGAAGAAATACGTGGACAGCCAAGAGCACGTTGGGGAATTCCCACTGCATAGCATAGCACGGTTTCTCCCGCCCCTCAACACGCTAGTCGTTATTTGTACGCATGCGCGAGCTGCACAAGGCAAAACCACCAAATGATGAACATTCGGTATGCGTACTGACTCACACAGGATTGTATAGACTAAGGCCCCATACAACGATTAAGAGGCGTGCAGCTCATAATCGCGGTTTGAGCAAACAATGACCGTTTTTTATTAATTACAACTCCCGAAGCCCCGGAAAGCGTACGGCTTGTTCTTTTCTGTCGCATCGGAAGTACAGTTTCAGGCATAGCTGTGTCAGGGGTCACTTCTTACCATTCAACACTTCCGTGTCCCTCCCAGAACCTCCCCATGAACGCTGGTGGGCCGTTTTATATGACTCAGTGCAAGTCGGGCTTGAGTGGGTGTACGAAGGACGCCATTCACGCCGTTACCGATATTGCATGACTCGATAAAGCCGTACACGCGTTCTCAAGTTTTTAGGAGTAGTTTATCTAAACGCGCTGACTGAGTGAGTAAGGGTTCTTTCAGCTAATCAGCATTGCGTGACGGTAACCTGGGCGCAACGTGTCGGGTTCGACCGTTGA,1284,51.09,Homo sapiens
SEQ_212549,GACCAACGGTTGCCGATAAGTGACTAGTCGGTACCTTTAGACTATGGGCAGGTTCGGTAGGCGACTGCTACGAGAAATCGCGCGTAAAGACGAAAGCCGAGGTGGGCATTGGCATTAGACGAGATACAGGCGTTCACTCGCTATGACTAGCACACTACCCTGGTGAGGTGAGGCGGCGATTTCCGACCCTTGAAGACTATGCCAGCCCACTAGGTGTCTATGGACGGAGACTGGAAATGCTTTGACGCAAAACGTGCTAAATTCGCAAAGACGTGACTCCGCCCATGGAGTATCATGCGCCGTGGTTACTTTGTACTCACTCTTCATCCGGCGTTCTAATACGCCTTCCTGGTTTAAGGGCAGGTTTAGCATCCGCCGTGCCGTCTTGCACCCATCCATTATTCGAGTGTCAAAAGCCGGCCGGCAGGTGCGACCTGGGTCATTCGATCATATCACGATTGTCTCCAGATCGAGCAGGAGGCTGTGCCGGCATCTCCGGCTTCATACAGACGTAAGTGCAGGTCGATCTAGGGGTACTTCAAGGGCCTCTGCCTTGATGCTACACTACTAGATTCAGGAGTTCTAAAATGGCTTCGTAGGGTCCGCTAGAAGTTGTGACATGCTTCTCCATGAACGAGGCGGTTCATCGCCCTGTTTACGGCGATACCACATGGTGCGTTGATTAGTGTTGTAGTTAAGACTGAGGAAGGATTACGCCAAACTTGGATAACTCGCTCTCCCTGCTACCCATTGCACATCAGGCTTCATTGCACTTCATGCGCGTAAAGATGGCTCAAGATTACCCCTGCTGTAGTCACGCTTCGTTTAGTACCCTTTCTTCTCGGATCCACCAGAGAAGAATTTTTTACATCCAGGGGAGCTCGCTCTCCATGAGCCCTCCGTTTTATCGAACGCGTGCCCCAGTTCAAAGCGTAAGGCGAGGGCCATTCTATGTGGTAAAATGACCTGTCCAGCATTCTGAGCCTAAACAGAGTGGGTTGTAATGGCCCCGATTGTCAACGGGTCATATCCTTCCCTGTTCAGTGCGTATCGGTGAGTTCTCTTCCCCGCGTTTAGCTGGAACTCGAAGCCCGGCATAGTCTTATGAGCATAAGCCTTGCCCACTCGGTAGTTGCTCTCACTACTGCTTGGGGGACATTGT,1162,51.89,Saccharomyces cerevisiae
SEQ_695616,CCCAATCATTCAGAGCAAGTGGCCACGGTGCTGTTGGCCAATTTCGGTCCCACGGTGGCAGGTTTTACCTCTCTATTTTTCAATAAAAATCGTGGTTGAAAGTCACTTGTCGTAGCAAGCACTGATATAGCCTTTTCCCTCCTAGGAGTATGTCAAGGGCTAGAGAATCTGAGAACGTCGTAGGCTCGAAGGGGTGGATACTAGGATCCCGGTCCCAGAGCCCATCGGTCTGTACCCGAGGTGATATGAACGGCCGTCGGCCACGAGACAAAACAGTTTAGGAAGATCCGCGCCAACTCTGTCCTGTGATGAGCGACCGTTACACTTCTCGCATTAAGTATAGTCGGTCTTAGCCTCTCTCACCAGAATTGATATGTAACGATGCACGCGGAAAGCCCCGAGCCTGTAGGGTTAATCCCATAGAGGACGTAGCATGTACCCATCCCGGCAACACAAAGTATTGGGGAACTTTTCAGGGCCGAGACCTAAAGGTGCCTTTCCGCTGTTCAGGGAACGCTTGGCGACATTGCCGCCAGGCCTCTTTGAATGCGGAACTTCGAGTCACGACCTTCCAGAGCACCAAGGTGAGCCAGGCGAGCGTCCAATTCATCAGGCCTGATGAGATTCTACAAGATACTTCAGCGATAATACGGATGGGAGGCAGGCCGTGCAACACACGTCGCGCGGCCATCTTCGGGAGAGCAACCTAGGAGCTTAGTCTTCACTTGCGTTTTTCTGGGGCATCTGAACGACCGTAGTGCCCCCGTTGCCTGCCCAGGTCAAGCAATGCGTATAAGCCTAGCTCTCGGCCGGCTCCATACAGGCCGCGTGTGGCCAAAGGGGGACCCTCGACGTGACTTAGATCTAGTGCACCGCTGACGAGACAATCCTAACCATATTATCGCAAAGACTGCCTTCCCGATTACCGCCCCGGGTGCAGAGTTCGTCTGCCAACAGGTCTCCACGACAGAAGGGACGGTCGTTAGGTATTCGCCCCTCCGAGGCGTACTATTCACCGCAGATCTCTACCTAGATCTCTATCAAAGTTCGGTAGTTCGACTGAGGGTCTCTAAGCAAAAGACACGCACCATAGCGAGGCATATCTCATGAAATCATGAGCGATCTCTGATAGGCAGACTGAGTTTTAGAATAACGACCCGGATGCACGACAGAGAAGCACTCCGTTGCGTTCCGCGTCAGCTCTTGGGGTAATGTGAAATTGGTACGTAGTGGAATTACCCTAGGAGCGGAAATCGCCTCATCGGAATTGCGTGAGACTCCTTATATCCAAACGTGGCCTGGTATATGTGCTGAGATTGATCTG,1324,52.72,Caenorhabditis elegans
SEQ_296829,GACGCGAGTTGTACTCGTTCTGACAGTACCATCCAGTCAAAAAGCGAAGTCTATTCCGGTCACGTGCATAGAACGTAGCTAATGCTACCTGGCCAGACGTAGTTCCGATGGCGCGGTACACTTTGTTGCGTAGATAGCGTGGTAGTGATCATCCAGCATAACCGATGTTAGTGGTAAAACATTCATTCCTGAAGTTGCAACCGCATTCGCATGCCGTCGACTAACCGTCATTCGGCAAAAACGTCGTAATTAAAAGCAGGGAGCTTCGGGTGTAGTCTTGTCATCGCCGAATTTGTTAGCAGCTAATGTGTATGGTGGAAAAGTACCTCTCAGACACAGAGGTAAATCTATGCGTAGTGGTCCACCGAGGACCACAGCGCAGTTCAGTCGGATGGCCACGTCCATGACAGAGTGATAACTGGGCAATCCGCCTTTGTAAAGTGGCCTACATGAAACCAGCGCCATCCTCGCCCATCTCATGACGACTGGGCCAGCATGCTCGTTACGCAAGGTCGCCCCTGGGGTCTGGTAGGTATCGCACCTCTGCCGGCGTCCTTTCAGCAGAACCTCATAGGGAATTGGCGACCCTCTAACTGCGGCCAAGCATGGTACATTCTCGGTAGTCTCTTCGACTTCTGGGGGCCGTTGCAGCCAACTAAACAGCGCCCCGTAGTTTTTCATAGATCTAAATGTAGTCGGTGGGGTACCTAGAACTTGCTCTGAATTCTGGTATGGTGGTGCCGGGCTGAGATTGTACGAAAGCGTCTGAACCGCAGCATTGGTTTCCTGTGTTAGGGCTAAACCGTACCCCTATTGCTCAGGCCTTGACCTTTCGCCGTACCAATGCCACTAGTAGCAGCTTGGCACTCTCTCAGAAACGGACTATACATGTATCCCTAAGAACGTTGTTATGTTATTACGCGTACGCGAGTCAGCCCGGCATCGATGTGATTACTTTTATCAAAATGCCATACGATCCGGTTTTACGAAAGTTGATCTCATTGCCGCAACGCACAATGTAAGTGGTTCAGTGCGTACCCAAACGTAGGGCCAATGGAGTCTCTCAGGCTTTGTAAAACCCCCCCCCAGCGTGAATCAAAACGTCAGGATGAATTTGGGCCCAACAGCTCCGAGAAAACGAGGCACAAGTTATCTGCTGATCGGATAGTTTAAGGAATCACGACCAAGGGCCTATTATAGTTGGGCGCGTGCTGTAGTCTTGACCCATGATGATTTTCCCCAAATATCACCACGCGTCATCTGTAGGACTCTCGTAATATGGTGACATACATAAATAGAGGATGAGTTGAAATCAGACGCGCTCCGCGCAGCATAAATGTAATCACCATAGGTCTAGCTGCTAAGTTTATAATTGATCTCAGTATCTCAGAAGACACCTTGATGAAACAGAGCCGACAGCAGGTTACTCGCCGTTAAG,1438,49.51,Caenorhabditis elegans
SEQ_220102,ACCCTGAAGCTCGGGAGAACAGGACGGTGGCTCGTCTGAAAACACTCGAAGAACACCGGGCTCGTGCCATATGCCCCTTTCGTGGCTCCCCACACAATCACTTCCTGGGTTTATTTCCGGTCCATGGTTCGCCGATCACATAAGCCTGCTTCACAGCGGGGCAACATTGAGGTGTTAGCTATAACTTGCCTAATTCGTCCAGGGCGACGCCGTTCAGAGTCCCCCTGACCCGTCGATCTGCTCGTCCAAGTACTTATCCCGCGCTAGAAATGTCAGACTAAACAACAGAAATCCAGCAGCGTATACCGACCCGGCGTCACCAAAAATTGCGCGAAATGGCTACGGCTGCACCCTTCGAAGGGCCAATCCGTCTGACAAAGAGGTTTAAGAGATGTCTGTACAATCTAGTGATTTCGGTTCCTAAATCTATTGCTTATCCACATCACCAGCGTCTAAGTCGAGGCACGCGCACTTCCACACCGTAGATTAATAGCAAGGCCCGTGTGAAAGTTGGCTGATCCGTCCAGTGCCTACTATCCGGGGACTCTGTTGCATCTACTTTGGTACCGATTGTGGGGACGCCTCTCCGCGCTGGGCACCTGGTGTCAATAGACTAAGAGTGGTACGAATTTTCGCCGCCGGCACGTTTCTGGCCGTGCAGTAGCAATCTGTTTGCGAGTGGCAGAGCTAGAGGATGTCCGTGGTTCCTTGACAGTGAGGATGTCGACCGTGTCAAACGAGGATTGCCACTTAAAGGTTCTGGACCACGGGGAAGCCCTGTATGAGAGAGCGATACTACTTAGTGTTACCAAACTGCCGTGAGCGAACCCGCAAGGAGATGAAACGTTTACCAAAGCTAAGGGGCAAGGTACGCGTACCAATTTGGGTCGAGTCGAGCATCCCGAACCAGCTGTGGCTTGCAGACTGAATGCAGCCGCCCACGGACCTTTGGAGGCCTTCGCTCGGAATCTGCACCGCTGAGACGATAAAAGCTCTAGCCTCCGTCTGCCTCAAGACCGCCCAGCAGACCACTTGAAAAGGGACGGATTTGAAACAACCTTGAATCGGCCCCT,1073,53.77,Mus musculus
SEQ_470074,CAATCAGCCCTAGCTTAACGATCCAACGCGTCATCAGCGAGAGGAGAGACCCCTCGTTGCCCCAGCAACAGTGTAAGGCAATCTACACGAACCTCTGGAGCGTCGTGTTTCAGTCCCGATCCTCCTTACTTGAACAGTCGTCCATAGTCCTACCTTAATGGCTAACGAGATTCAAACCGTCGCTTAATTTCCTGGCTCGGTTTGGCGGCCCCAGGCCCCGACCTATCGAAGGTCGAAACGCTCCCTAGTGACCACTTTAAAGCAGGATCTGAGTTACCGAACTCACAGATGAAAACCCACCGAATGTCGATCTGCACGTACCGGATGGACTACCTGGCTTTACATGCGCGCTGTTGCTACGAATTGTAATAGACTCTATCTGAGGTCTGGTGGTTGATGGATTTCTTACC,410,51.46,Arabidopsis thaliana
SEQ_781584,ACTTGCATCGTATTGAGATGTGGACTTTGGAAGGACAAATGGCCTTTCTGTGTATCCAACCCGAATAAAAATGCAGAACGACCGAATACCAATGCGTGAGTAATATACAGCCTTCACTCTACTACACATACGGTGCACTTGTTTTTGGCTTTCCCTCGCGAGTCGCGCTGGCAACAGTGCGGTGATGTTTCACTTACTTAGCCCGAGTGAACGATGTGAATTTACTTATCTTATTGGCAGTCTTCCTGCTAGCTTGGTTAGTGGCCACATAGAAATGGGCCAAAT,285,45.26,Homo sapiens
SEQ_567789,TTGTATAGCTCCCCTCTTAACCTTCATAAAGCTCATGCTCTTAAGAGGTACCGGGCACAGCGCATAGACTAAGTGCCAAGCATGGGAATTTTCAATCTCTCAAGCTCCAGATCTCCACCAGCTTTATATCTGTACGCTTATTGCGTTACACGGCTTCCTGGGCGAGACCGGCCCTGTTAACATGATTCGCGTGTTGCGCCGGAGCACATCGAAGGGAGTCCATCTTCTTAAGCGGCTACCTGTCCACGACTTCTAAGGAAAATGGATCGTGCTTAACGGTGTCCGGTTCTATGACTGTGTTGATCCCATGGATGCTCAAGGAGACGAAATAACAGGACGTACGAGCATCCATCCAAACGAGCTAAAAGTTCACTAGAGTACAAGCGAAACTTGCAAAGATTATATTAGATGCACCGGTTCGTCCGTCGGTTCAGTCAGGTTGGGCTTGACCTAGATCAAGCCCTCAGGCGGGCCGGTGCGTGACATTTTTCGCGAGTTTAGGAACGGGAAGCGACAAGAGACCCTCGCTGGCCATCTATCACTATCCTATGTCGGTGCTGAGTTCTGTCATATTTGTTGTCCCGCCGCTCAGCATCGGCCTACGATGAGCTCGCGCTTGTTTAGAGAGCAAGTCTCCTCCACCTGCATACGCCTTGCTAGAATCTTGCATGCTCTAAAGAGCCTAGATTTGGCGGCGACGACTTACTCGTGGTCGGTCTACATAAGTTGCTATCTGAAAATTCCAGGTTATGGGGCCGCTATATCAGTTAACCGTCCGCGGTGCACCTCAGCTATCAGGGACCTCAGCTTACACTTGCAGCCAAGCCCTACCGCAGGCTTATCGCGTAATACCTCGATGCTAGGCCAGCGATGCGGATATTCCGATTCCGTTTCTTAAGTAACCTGTCGCTTATAGGTGCTCTTTCGCCCTTCATCCATAGAGCTGCTCCTCATCAACATGTCCATTTTCCGGGGTTATTGTGCTCGCCCAGTGTGCTTAAACTATAACGCCCATACACGAGTGGAGCACGGGCTGAAGAACTTGAACCCTAATTTCTTCGCCCCTTTAGTTGCGTTACGGCTGAACATTATGTAGATAAGAGAGGTGACAACGTTCGACATAGACGCACACCCAGTTTTTCAGGGCCTACACCTTCAAGAGCAGCCCCCTGGACGCCTGACGAGTTGCGAGGCTAG,1197,50.79,Homo sapiens
SEQ_164683,GCCGGTTAATGCACATCAGTACAATGTTGAAGCGGTGGAACCTCACGAATGCTCAACTCACACGAGTTAGGTCTCACACCAAAAACAGCGCCAGTTACTGGTAAGGCTTAGCCTTAAATCGGCTGGGGCTCCAGGCTTTCAAGAATCTAATGGTCTGCTGAATACGTCTAAACGCTCTTGATAAGGCGGAATGGATGACAGGTACGAAAGGATCTCAGAGCTATCCCTAGCTCTACTCGATCGCCAGGCGAGAATCCTCAGAGCTCGGGATCGCAGAAAGGTAGACTAGTAACTGAGCCGGAAGAGTGACTGGCGGACATCATTTGATTTCGCGGTAAAATGGCGGCTAATATCCCTTTCTGTTGGTGTGGAATAGTCTTTGCTACGGAACGGCCATTGCACTATGTGCAAGAACACCCTATCAATCGGCCGGGGTGGGCCGTTTGGTGGCCCGGGAGTCCCTACGGACGTTATTAGTGCATGCCAGACGTTCGGTACCAGACCGTCGGGCGTGCTCCCTTACTGAATGTCATGGCTCTCGAAGCTACTAGACTGATGGAACGGGGAGCACGGCTCATATGTCTAACGAGTGGGATCGGTTACCCGTCCAACCTATATTGGGGAAGACATAGTGACTCAGGTAACCCATACTTAGTGGTAGCAGTTGTATGGGGCAACCACACGCACAGCCCGAAGACCGCTAAGGTGTTCTAGCGATGGGTCAGCCGGGCTCCATCCTTTCCACCCAGTTTCACCGAAATCTTCCTCGTAGCCTTGGATGGGACATTCTTCGTAAGTGCTTCCCGGATACTGATGAGATAAGTGTACCAACCTAGCGCGTGTCTTCTGGGATCGTAACTGCACGCGT,868,52.07,Mus musculus
SEQ_201724,CCGGTGTGATACGAACTAATACCCGAGGACAGCAAATCGAGTGCTTTGGGTTGGCACGACGTTGATCGTTTACTTGTACTAACAAGAATTCACAACGCAGTCGTAATTGGAGGATATCGAGACTACCTCCGGTTGATTGTCAGCGGTCTCTGAAGTGGTACCAATCGGCATATTCGCCGCTACTCGTGATCGGTCCGACCGTGCTTATAGTTTAGGTCCAGGTGGTTTCCGGATGAAACATTGCGCATGCTGGCGCAGTCTGTCCAATTTAGGAACCCGTCTCGGTCGCTCCCCTAACGCCAACAGAGAGTAGAGCCTTAGGCCGCCCCACAGTGGGTTTTACGGTTGACCTTTATCTGGGTAACAGAGTAGTCGTCTGTCATCACGTCTTTAGAACTATCCAGTTTCGGGAATGCCATAGAATTGCTATCTGTCGGATTACGTTAAAACT,451,49.45,Homo sapiens
SEQ_790073,AATCGGCAAGGATCGATGACCCTGGCGCCAACGCATTGCGGTTTACGCACGGCCAGGTGCATTCATCCTGCTTGTCACGGATCGAGGATCGTGCCCGCAGCGAAGTGCTTACCTAGGAATCGAGGTAATATGTTCAAGGATAGCGGCGCAGGGAGTCTCTGGGAAGCCGTAGTGATGGGCCCGCCCTCTATGATCAATGCTTGCGAACACTGACTCTACGGGAATAGGACCAGGAACGGGTGATGCTTTGCAATGCTGATTACATTGACTTCTTGGACCCCGGGACACGTATTGCTGCAGTTTATAATTCGTCCGCCAGATCATTGGTAGACTAAAAGGGCGGCGGTCTGCATTAAGGATTCGTATGGCAGAACCTAAGACAGCAGCGTCGGAGCTCCCCCCCACAATCATTCCACGCTCAGACAGCACTGTGGAATGGCCTTAGGTGCACGCAGCTTCTTTCAAGTTTTA,471,53.29,Escherichia coli
SEQ_520758,TCTTCACGACCCGTGGGGTAGGGAGGACTTAGCGACGGTACTTACTTGCGGGAGGAGCCACACTAGAGGAATAAGTGTGGACCCCTACTGACGTAACACGGAGCGGCGGGACCTTGTGGAAACAGCATCAGACTGACACGGTTTCCTATCTGTTCACAACATACTATCATCATGCCGAGACGTGAATTAACCGACTAATTGCTGTTATGGCAAGCCTCCGGGAAGAGTAGTGCGGGAAAGTGTACAGTGAATTAATTTGGAGGCTCGGCAAGAACTTGACCTAGATGTTACGTTTGTAATATCGCGCCTATATGTCGTGTCCCTTAGACTGAAGGTTACCGGTCGGCTGTAAACCTTGGCTCCACCATAAATTGATGAGTCCCGGGAGTCTCGTCGTTCGGTATTTGCTTCGCCGCCCCCCAGGTTGGCAACTGACTATATCGACCCACCACGGGACTAGTGACATTACTTGAACGGTCGCGAGACCACTAACCTGCCATGCATGTAGCCGGTACAAACTCCACCGGGTCTGGCCTATATTTAGCAATTTCGTATTACGGGAGCAAGTGCGCTGATCTATGCCAATACGAGATAGTATTCCTACTTCGTCAGAAGGGAGCTCATGGCCATACGGAATAAGTAACTTCAGCTTATCACGCTGGTTTATACCTAG,673,50.07,Mus musculus
SEQ_461436,TCTGATACCTGGTTGTGTCTTACTTGTCAGCATATAGTGAGTGTTCCTGGCTATGCAGTCAGGCATCCAGTGCGCCACGGCCCCTAAACTTATTTGGCTAACTCCTCTGTGACGTAGGTTATCCGAGGGCTGGGTGTGCGTCGTGGTAAGATTTGAGCTGCCTCAAGGTGCTGAGATCTAGTGGTCTAGGTCTGACAGATAGACACGACAATTACGCGGCGACAAATATCAATCATCTCACCGATAAAGGATATTCCCGGAAGGCACTCTCATGGACACGCACCCCATGCAGGACGGCACTGATAGACCGGGGTTCCGGCCGAGCGGTGCCAATTTATTGGCGAGCGGGATCCACATGACATTCGTATAATCTACTTGGGTATAAGGAACGGGTTCGTTGCCAGGTGTCCATTTATTAGCTGTGTGTACCGCGCTGTGACTTAGAGTGACCCATAGTGGTGGTACGCTTGTTGCTATAAGTAATTATAGTTCCTTGTGTGCCTACGTACTCACGAGAGGCTGCTAACCTGCAGCCTCCCCAACTCTCTTACCTACGATGCTACTAAAGTATTACCCGAGTAGGAGGGGAGTTCGCACCGAGGCGAATCCATCATCCTGCGTCGTCCTCGCAAGCTTAACTAGACCATTCCCCGCGTACTAAATAGAATGTAGGTCACGTCTGTTCTGCATTATTCCCTAGAGAATTGGTTTCATGAGCTCTTGCAATGTAACAAGTTAGCAACGCGGATGGCATATTCTGACTGTATCAGAGTTTCCCCCATAATATCCCGCTGGACTTATGGTTAGCTGGGGCGGTGCCCTGGACGTAGGACATCGATTAACTCTACGTGCGACACCGCCATATGGAGTAAGGCGCGCCACGCAGCCATGTGATGGACCTACGAAAGTGCTGGACCCCTCTAAGTTTACGTAAGATGTTGGCCTTGCGGAAACAACAGGTGAGGTTCAGCGCTCGAGTATTCGTACCGGGTCCTCCTGAGACCGACTCTGCCAATTTGATCAGGATTACTAGTGTATGTAGCGCCTGGCAGTCTGTGACTATCATCCTTCACAGACCAGCTTGAGATACTGCAATGAGGAGGGGATAGAAGTTTTTTTCTAACACTCCTGCATTTCCCGTATGAAGACTAGCGGCCAGGGTAATAGCC,1169,50.38,Drosophila melanogaster
SEQ_868009,TAGGGCCGTTCTGGTGTAGCTTCCGAGGGGCCGATCTTCTATCCGGGGACCAATTCGCATTAGCAATAAAGAACAGGCACGATGCTTGGCCGAATTAAGATAAAGGTGGATTTGTCCGAGTCGTAGCCGACGTGTTTGGGTAACTGGCATCCCTGTGTCGATATTCAACGACGTGTGCGCTAATCGCGTTTAGCTTATTACCCCCGAATCGTGCCAGTATGACTACAGCACCAAGAGAGCTAAAGGTTCACACATTTACCTCATATTGTTATGTACATCATCTGGAGTGTATTCTCTTACCGT,303,47.85,Arabidopsis thaliana
SEQ_446237,AATCCAGCAGCACTGGCACACCTTAATCTGTCTTCTATTCTAATAATGGATCGTGTGTTGGGCTAACTTTTGATCGTAAGTCACAGGATGAACCCCGCACTTCTTCAAGTGTAGTTTGGATCCGGGTGTATCCATCGTACTAAATCCCAAGTAGCAAACCCAATTATCTCTCGGGGAGCAATCTAACATCGAAACCCCCCTCACTTAATGGACGTGGTCAGGCCAGCGTGTCGGCGTAATTAGAGCCACTCGGTAAGTACGCACCTCTGGAGTTTACGCTCTGTGGCAAGCATCCTAATTATCCCGCGTTCTCGTGTTAGAATCATCCAAGTTACCGTTACCTTGTATAATTCCAAGTAGCGGAGCCCTTGCCTTTAAGTATAGCTTTCTGCAACCAAAGGTAGGCCGTAATCTCTCAAATATACGGTGCGAAGCGGGTCGCCTAAGGGGTAACAAAGGTCGCGGTACTCAGCGCGATAGGTTTAGTCCAGTGGGGGTCTCGCTACCATATCCAGCTAATGAGAGAGTTGCCCGACACCTGCAGCACCAGACTAATTATGTATTCGGGGACGACTTGGCATCATAAACAACGAGTTGCAGAGTTTTCCGGGAGCCTCGGGCATTCTCTGACCCTCAGGGATGTAGGATTTATGCAGATGTGGAACAGGAAGTTGATGATATGTGCGTTAAGCCCTGGAGATAGTAATTAGAGTTTGGCTTCCCTAGTAGTACAGTGATAGAACAGTTGCCCCTCTACTTCATTGAATCCCGCTATAAATACGGCGTGGCCATAAAACAGGCCCACCAGGCCCCTGACAATCGAAGCGTATTTCAGAAACGAGGTCGATCTATAATTGGACGGGGTCTCTCTAGTCAAACAGAGCTTCGATGCCGAGCGTTAATCCACCAAACCCAGAGTTTCGTGAATGTACTGGACATTGGGCCGGGTTCTTAAGGTCTTTGATACAAGGATCGCATTGGTAAGGAAGTTACTAGGCTAGCATTTCCCCTATAACTAAAAGGATCCGCACGAGGAACTCTTATAACAGTCCTTCTGTGAAGTTACACGTACGCGAACGACGATCGTTTTCCCCTGAAGCGGATCCGCAGATGTACGCACGGACAAAGTGCAGTGGAGCCCGCCCAACAATATGGAAAGTGTTCCATTGCAGCCCCCTCCGTTCATTGAGTTCGCCCTCATGGGTATGATTTAGGCGCCTACTATTCCAGAGTGACTATACACTTCTGACGCTGCGCCACCATCAGGTACTCTACGCGTTTGTATCAATGACGTTAATCTGCAATGGGAGGGCCCAACAAATGGCTGAATTCCATAGAGGGTCACGGAATACTCATACCGGTCCCGGTGCGTGAGGGGTTACTAGATTGGGTTGGCACGGTTAAGGTGCCAAGCGGCACTGAAATGAGTGTATCCGTACCAAGCGGCAGGTTAGGACGCATTTTGCCCTGCTCAGGAGGCAGCTAGAGATCCGGGTACCTGCACGGTCGACTGGACTATTATACTACGTCATCAGTCATGGTGGGTGTATGATACTTGCAAGCTTGGGAAACTCCCATCGTAGACGTAAGCCACGAAAAATCGCAA,1606,49.25,Homo sapiens
SEQ_101612,ACTATGACCCTCACCTTATAGTAACGCTTCACAGTCTTTTGAAAGATTCCTCGACGCCAAGTTGCACTTACCAGGATGCCATAATGTGATTATAGTCCAGTTGAACGAATACATAATAAGCACCCGCAGCCCATGGCGTTGCGTATCCATTTGCACACCGGCCAACGCCGGCATGCCAAACTGTCATTTGACTACTCTCGAGTTAAGGCAGCAGAAGACACTATGCATAGGACACTGTTCTGATCCGACGCAGTGGAGGAAGATCGCAGCTCATCCCCCTTTCCGCACTCGTGTTATGCCTGACGCATCTCTTCCCAGTAACAAAAGCTTTACAAACGTCCAATCGAACGCATTAGCCCTTACATAGAGGGAACCAACTGTCTACGAACATTTTCTATCCGTCCCTCGCAACTTCGGCATTACCGTAGAAGGCGATGATCCAAAAAAGCCTTAAGTTCCCTTACTCGCATCTAGGCGACATGTGTGACCCCATGGTGAGCCACGCGCGTAGTGATCTGTCGCGAAACCCGCAAGCGGGCGTTTGTCTTAGCTCGTGTTCTTTTACGCCACGTAACAGTGAGCTCATCAGGACTCGGGGTCTATGAAATGGAACGACCCCTTTGCTAGAGGGCCTGGTACTGCAGTACTGAGGCTCTGGAAATGTTCCTGGGTTAACTGATCTTTAAGATGATGGAGGTAAGATAAGGGCTTGCATAGCACCCTGTTGCAGCCCTATCACTCTAATGTCACCGGCCAGGGCCACGATTCGATTCAATTAAGGGTGAGAACGGCTTGACTCCCGGGCGGCGAGAGGCATGGGGTGGCCCCTATTCGAGACCTTCTAAGCCATGCAGGCGATGCAGACGCGGCTTAAACGCATACATGCAAGGATAACGTCAAGAGACTTTCTCGCTCAAGCGTGGGATTCAGCTGTATGGTTTAGACTACGCAGTATAAACCCAACCTAAGCGCTCTTGTAAGTAGTTGTACACGAACAGAGCGACTTGATAATCTGGTGGCTTCGAACTCCGTGTTACGAACGACCTGGGCT,1051,50.43,Drosophila melanogaster
SEQ_166413,CGCAGCTCGGGGCTCTTCACATCACCCCTTTGAATCCAATTGTCACGAGACGGTCCGAAAATTTCGTGTGTATTGACGGACTGGAACTGTCCCTTCCGTCCTAGCCATACGAGGTACGAAGCATGCGATAAATCAGCTACTATCGGCTCTAAAGCCGGTTGCCAATTCTGCACAGGGCAGGATTTCTTGGATATAGACTCAACGACCACGGCCTGTAATCACTCATGGAGCCTCAGGGGGTGCCTAGCAGCAGTAGTCAAGCGGTATGGGATAATCCGGAAAACTCCGCAGTCCTTGGGGTGGAAGCTTCGGGACTGCGTACTCGAACTGTAAATCGGTTCAGTCAAAGGCGAGTTGACCTATCGGGAGTGTCTCCAGTCCACATAAAGTAATGAAAGGAGGGTTAGAGTACCTCTGTTGAACGGTACAGTAATCGGCCTTCCCTTCGGCTGGAGCGGCGAAATCATTGTCCTATGGACTGGGGCATCGGACGCTGTGACTGACGGCCAGACTTTCTCATCGTCCGCCTGGCAATCTGCGTTGACAGACATTGGCCGCGAACATGAGGAGCAGGTCACATCTGGATCCGTCCCGAACAGGTAGATCCATGGGTAGTAGAACGGTGCCCTTGGGCGTTGCATGCATAATGCGCCACCAGAGGCCGACGTTAGGGTCGAGGGAGATTACTCGGAACCTACACCTCAAATGATACAGTCACGTCGTCTGGTCACGACGGCCTCCTGATGCCCTTGGAGATGGTCTGGTACCTGTCATCTTAAAAGTTCTGCCCTTGGAGATCATGTACCAGCCGAACGATACTTTTATAAGGATTCGTGGGGATTGACAATGGATGAATCCGCACCGTGGGGCCAGTGATGTGCATTACGAGCGAGGCGACGTGTACCGACCGCGGTGAGTAAAGCCCGTATTCGCTGGCAAACAACTGTCTTGACGGTTTCCAACCACAACCCGGGACATGTACGTAATTTTATTCCCACAGCCAACCAATCGCCGCACCTCCCGTGCCATGCCAGTATTAAATGGGGCCGTCTACTTACCATGTCAACCCATACTGTGACATTAGGGGTAATCGAATGACTCCTGCTGGTTCGTTGGCTTTTTCGTCTAAAGTCCACTATACTGCGCTAGTCCATCCTTCAGTTGCACAACGTTCGATTCTGTCCAGCTCTAAATTCTCACCCTTATAAGGAGTGATGCAAGAATCGTCTAAATCAACTTTCGGTAACTCGTAGGTTAGTGCTGTGCAACGCCCTGTCGCCGGTGACGATTTAAGTATTGACGATAGATTCCGTTGCAGAAGCAGCGCCAATGGATTCAAGCCGTTCACGCCATGCATGCTGATTACAGTTAACAAATAATGGGACACGACAATAACGCTACTGCCAATGTGGTG,1414,51.41,Caenorhabditis elegans
SEQ_449688,GTTAGAGGTCCCACCAGAAGGGCTCAGGAACGGGGCCATTCTGCTTGTTTACCTACGGGTGGTCGACATGGACAGGCCAGGTGAAT,86,56.98,Saccharomyces cerevisiae
SEQ_665524,GGATCATGTGGCAGGTACTTTCAATTGTCACGCATAACGAATGGGCGGTAGGATTCGTGTTCCTGATGAGGAAAGCACATTGTCTCCCTACATTTGAATTTTAATGGCCGTGCTTGCTCCTACGTTACCCCATTACCTCTCCCCACGTATGATACTTCTCAGAATGTTCTCATGGCAGCTTTAATGGTAAAGTTCGATGTCCGGACTCAAACCTAGGAACAAGTGGCCTGATCGTGATTAGATGAGCTTCCGAGTCCTTGGTAAGCAGGGCAAGCATTACATGCAAAAGACCAGCCCAACGCATTGAGGGCTCCTGCCAGCTGTCTTTCGCTGGTAAATACAGGCCATCGATCGACACGCTTTTCTAGTCGGCCGTCGGAAATCGTGAGACAACACTAGCTCGAGATGCCTTGAGGCCGTTACTTTGGGGTGACTCAGTTGTTTATAGCTTCACTCTGCCCGCACTGCACACTAGGTAAATATCGGCAAAGTGCTTTACCTCGGATTCTTGGGGCGACAGGGGTCGGTCTCTCCGTTAACTTTGTAGTACATCAAGGGGGATCCCTGATTTGTTTCCTGATGAACTGCGCTAATAAACCATGGTTCTGGCTTTCGCCATGCGTAGGTTTATCATGGAAGATATCTCCCACCGCATTACAGTGGGGTACCAAAGTGTTTGGGGATGCGCGCTCAGACGGCTTGAACCTACAGTGGATATAATTAAGACCTCGCCCTATACTTAACAGATTTTGGTTGGGACCTGAAGCCCAGAGGCTTCCCCGCCCGGCACAGACCTATTCCCCGCAATAAATTCTTCCACAACAGTTCCGTGTCGGCTACGTCCATTTCATCGGACGAGGCAGTATATTATGGGGTGCTATAGCTGACCAGACAGCTATTTCTAACAGGCTATCCCCGCCTATCCTAAGAATTACCGCAGAGCGGTATACCTAGGCCATTCCTCAGTCCGTTCTAGGTGGTAGTTCGAGGTGTTAGTCCACCCATACGTCCACCTACAACTACTCATTGGTTGCCCCTCATTTTCGACGACGGTTTCTGTTGTTTCACTGCATGAACATTGTAATCCGAATCACTCGGATAATAGGAACCATTTGGTCGGAGACACCCATGAAGCATACAATTCCAATATGCGTGAATATAGGTCGCGTCATTTCTGTG,1179,48.77,Mus musculus
SEQ_800013,GATAGTTTGGGGCACTCAGATGATTCCCTGTCCGGTTGAACCGACGTCAGTCGGACATACTCTTTGGTTGATTACCATGACCACATGGATCAGCTGTTGTCCGACTGCCCCTAGACGGACTTCAAGCTCCACACGGAGGCCAATTCGCACCAACACTGATTCTGTCATGTCAGCAGCAGCCACGGCCCCACCTGTTTAGCAACTGTCTATGGTATTCCGTGGAGGTCCAGCGGATGCCCTACTGTTTCCTGCTCTTCCATCCAAACGAGTACAGGTCGCCGAAA,284,53.52,Saccharomyces cerevisiae
SEQ_832153,GGGCGCAAAAGGCAGATGATGCACTGTTCGTATTATTTTTATATAATTTAACACATCCCATATGTCGAGCCCACATCACTATCGCTGTGCTGACTCCATGCAACACAATGTAACCTCGGGGCCTGTAGCCAGCAGTCTCTACTAGGCCGGCGTTGATCCTTCGTATTCCCCTGATGATCGTGGTCCGGAAAGAGAGACTGCCGAGGTAGCAATCTGTAATCTCGACATTGTTGCGCGTTTCTTCACAGAGTTACCACTGCAATAAGGCATAAGCTAATGGACCCCCATGCATAGTCTGGACGTCAACATAAACGGGTTGCCCAGGGCTTCGGTTCCGTCTACTTGTTCACCGTATTTGAGGTGATTCAGTGTCCTATTTAGGGGAGTGCTATTAACGTGGCATGGTATTATTAAATTTCTGATTCAAGACGTCTAGCTTTGAACATTTGACATCGCGCTTGACACGAACACCGGTTGGGTTTACGGCATCCAGGACTTGGGCGCTTTGGCCGGACGAGAACTGACATTGCCGTCTACACAAGTTTAACCTGTCGTGCGAGTCTACTCAGGGGAGCCGCGTATAGTCACTATGACAGAGCCTTGTTTAAGCACCACGCCGTTTGGCTCAACTAGGGCCCCTCCGGGGTCGTGCCCTTTAGTGTAAGGTAGAGCTCCGCTCGTTAAAAGAGCAACACAATGAGGGGTCGTGGGTTCGCTGATTCTGCAGTATGCGGTGCAACTCGTACTGGGCCCGCGGTCGCCGACAGTCATGATTGCGTTGACAACGATTTATCAGTATGAAGGCATGCGCTCTCACTTCATGTAAAGATCGATTGTTCAGCTGAGCGTTCATAACACTGGTATAAGCCGCGATCAGCGTCCTTAACAGGTATGTTGGGTCAATCGCCGCGTTGTTAGTGTCCCAGGCGTCTTCCACGAGTACTGCAGTTTCGTCCCACTACCCTATAAAGATGCCGGTATAACGGCATGCCTCGACAGGTGGGAGAGGGACCACACCACGGGCTAGCTGGGGCCGCACATTTTGTCTACATTGCTTTTAAGCCGCTCGACAATATTGTATAACAAGTTGCGAAAGAACACGCAGCGGACCCATGACTCAAGAGCGCAGGTATCATACAGGATCACCAAACAGGGATCTGCATTGTCGCTCTGGGGCGTAT,1181,50.64,Arabidopsis thaliana
SEQ_783899,GATGTATGTAGAATCTTATGCCTTGGATTACCTAAGTCCGCTCTCAGCAAATACAATTGGGCATATATACCGGCCATAAGAGACGATCCATGATGTCAATTCGCCAAACTCCATTCGTCCGGATGTGCGCGCTTGAATTGTTCTATCGATGTCTGCCGTACGGGCGTATCGGAGGTAGGCTCTATCGGTGACCGCCCGACCCCCTTATATCCCATAGCTGAGCGTGTACCCGTGTAGCTAGGATGAGCATTGTCGGACCTTCGGACGGGCACCGCCGGATGACCGTGGAAAACATTCTTCTTCGCGACTTAAATAGCAACGTCTGACCTTGACAAAAAGGGGCCGGTCGACCGCGTTCGTTTACTGTCATGTTCGTTCACTGATGAGACGTGCCTACGAGGGCGCATTTGTCTGCCCCCGTTTTCAACTATCCTAGAGGAGGCAGCCGAGGTATAACGTAGATCTTCAGGTTCTGTCTGAACCCGACGGTGGTCGGCATTCTGGCTCGTTCATGAAACATCATTAGATCCTCATAGCGCCACCAAACTCGCCCAGCAATTATGTTCTTAAAGCACAGAATACCGTTATTGGCTTAACCTCCCTCTGACGCCCGCTTGATGGCTCGCAGAGACTATCATTCTGTCAACCGGACGCAATTGTTCCAATTATTAGGACCGCTCTCTCGGCGATAGACCTAAACG,701,50.93,Arabidopsis thaliana
SEQ_123030,TCTGTTACGGGAGTATGTTCGTAGCGGGGTGCCAGATCAGTCCTGCCACAGACCCACAAACTTTCGCGAATTACTCTGTTCCGAGATCACTTACGGAAATTTCTATATTCATCTACAGACCTATTGGGTGCAAACAAAGCGATAAATCCGTTTCTCTGCGTCCCTGGTCTAAGTGACCAGTAGGGGTCGGGCTGGTTGAACTCAGTGTTCGTAGCACTCTTCGCTCTTGGCTATTGTATATGAGTCACGTACTAGAAGGTGGCAGT,266,48.12,Mus musculus
SEQ_215846,GTAGTTGTGATCTCGTTCCCTTGCTAATTGTCGAAAATGTAAGTAAGGTCAAGTGTACCGACTGTTGGGGTGTACAATGTAGTATCGGAAGCCAGGGGGGCAATTTGGTCTAGCCGTGTGCTCATATTTCTCCCTGATAGATCACGGATTCTTAAGCTCTCTATGCAAAGCTTAGATTTGACGAAGCCTCGGACCTCGCCTCGACGCTTGTAGTCCGAAAGAACCGGCGAGCCATAACGGAGCCGAAAGTTTCCCACGCTGTCCTTTAACATGGTCGTCCCAGACGTCCCCATCTCCTAATGTTAATACAAGGTGGGTGGGAAGTCGTCAAATCAAGGATCACGATAAAATCTGGAACATGGTGAGCGCAAGTGACTTGGATCTCCAGAGTAGAACCGAAATGCGAGTAGCTTGATGGTTGTTGAAACGCTAGATTCTACCCGAGTGACTACCGTTCATGATAACTGCCCCAGGGCGTTAGGTCACTTGATAGGGTTGCATATTCTTGTCAACACTGAGGTATTCAAATCACTTACCAGGAGTCGGGTACAGTCCTTTCTTTCCAAGCCGGAGTGAATCCTGTAAGCTTGAAAAACCACGCAAACTGCTGTCGGTCTCGAGACATACCGGCAGGGCCTGGCTTGTATCGTAGTAGATAGACTACCCTAGGAGAGCCGTTGCCTTCCTAGGCACGCGTATTTATCAGTGCTTTACTCTAACAACGCTCTCTCTGGTATGGCCATTACTCGTGGGACGCGGGTGCTCGTCCGGTGCGACAACGTGCCAGGGCCGGCGCCAGCGCATAAACTGCCCCAGGACGTGAGTCCTAACTAGGACCTGCCAGGAGTGTCCGCGGGCCGAAAATAGAGCTCGCCATCTTGACCAGAGATGTTGGATTACACCGGATAATGTAGCCGACAAGGTTTGGTGACACGTTCAAGGTCTTCAGCGATGCAAAGGTTGGTGAGTGAATAGAGAAAATGCAGTATGGAATCTGTGTTGGAAACTGTCGCCTTAGAACGTCCCCTAACGCCCGTCTCACCCTCGGGGCTATTCGTCCCGTGCCCTCGCACCGATTCCCCGTTCTACGGGGTGCAGATTAAATGGTGTAGTAGCCTTTTCATCCGGCCCAAGGGAGAAACTGTGAACCTGGAGTGGGTGGGATCTAATAGCCCGACGGATGAGACACGCCAGCTTAGTTACGTAGGAGTGTCAATAAACTGCTCACTGACTCCAAAGTGTCACTTAAAGCCTTACGTAGCTAGAGCACTCGAATAACGGGTTCTAGCCATGCTTAAAGGCCCTAGTTTAGGAGCACAACGTATCCTTCCAAGTCTCGGTTAATCTAGCGTAGGGACCCCATGGCTCTGGACAGGACCGCTGCCTCGTCTTTTGGAACCGACCGGTTATGCTTCCAAGCAAAAAATCGGAGGTCCATTCCATGCTCTAACCATCCTTTATATTATGTGAACTTGACATATTAGGTAATTTAA,1493,50.23,Arabidopsis thaliana
SEQ_373538,AGCTATTTATGACACTCGACCTCCATGTACCTCGCTCCACAGGGTACGATACCGGCGGTTCGTTCGCGAAAACGAAGTCGGGCCGACTGTACGCTATTAGATCAACACCCTCGCCGGACGGCCTCTGACAACCATAGCTATTTGAGAACCATAGCGCGATATATTGTTTACTACGTTCTACGATTAACCGCAAGCCCCAATAAGTGACGTACCCGTTTACTTTGTCGGTACGCTTCAATGATATCCCGGTTGACACGGCAAGGATCACGGCAGCTGCGGACAATGGTCATGGGACCTTTTCTCAAGCAACTGTTAAACGCAGCAGAACCGCTCGGTGTGGGCGTCCGCCGTAATTAGCGGTCTTCTAGCTTGCAGTAACTCCAGCTTCTGGATAGTCGGTTTGTCATGACATACCGGCGTGAATATCGAACAACCTTTGTACACCAGGTGATGGGGGGGTGGCCTCGCCGGTGCGATGCCATCGGTGCTAAGAGGATTTCGTCATTACGCGTCGCAGGCGAATTCTTCTAGGGCGGCTGGGCCGCACCTCCCTAAGCGGCCATGGTGCGCTGGCTTTGCAGGGCTTTGTGTCTCACCGAATAGCACTACCATATTCCTCCGCTATATTATCTTATCGGGTAGATACGGGTGTGCAACAGGCTTTTAACATGTGCTATCTCATCTGAGTCGCTGGGGCCAAGGGAGGTACTTTATCTTGTGCAGGCACGTTACTTTGTAGTCAGCCGTCGACACGGTACGTACCTCTACTTTGCGCGTTTCCGTAGGCAATGATATCTATTCGGGAATTGTCCATACCCGAGGAGGTCGGCATTCGAGTAAGGGACCTGTCTTGCGTATGTGCTGTGGAGGTACCCGTTAGTTAATTTAAACCCATTGACAACTATAATCCGATGGTAAATAGTCCCGAATGTTATGTCGCATCGTTCGCAATTTGATCCTGCTCTCCGAGAAATGGAGCTAATCCGGCTTCGTCTAGTCCGATAATTGGTTACTGACCTCGGCGCAATTACTCCAACGACGCGGCTAGCTATCCAGATAGAGATAAGTCCGCTAAGCC,1078,51.3,Mus musculus
SEQ_527494,TACGGGTAATAAGGGCCACACGGGCACGTGACCTGTCGAACGCGTCTCCGCTCGGCCCTAGCTAGCTTTACGCCCAAGGGCTGTATGGGGGTCCGTTCATGAAGGCCTCCGTTGGCGCTTGGGGCCATTGCACTGACAGCCGCGCCGACATTCGTTCGCGCACACGATTCCTTCTGGGTGATGAGTAGCTATACACCGGATTCTCGGCGGCGCGACAGGGACTCAATAGGCTTATGTGGGGAGCGCCGACGTCCGCATTCGATCGATTTCATTTTAAGCGTCTCAAATTCTGCTAATCGGACTATCAACAAAGCAAATG,319,56.43,Homo sapiens
SEQ_864244,CACTCTTACACAGCGGGAAAGTCATTGGAGCTATGCGTTGTCTACTACACTCCCCACTTGGAGCTGTTATCCCGGTAGTGACTGGTGCCGTAAGGTGGGTGGACTTCCGGAGGCTTGGCTCGCGTAGATGCGCCGTCAAAGGTGTATCGAGACTTGGCGAATGCTTTTCCCGCCGCCCTCATATACCCATGTCATGTCCGAGTTGAATCCGTAGTACCACTGTAAGAGCATGTTAGCTCTCTGTTTTCTATTGAAGTACTATGCCAGAAGTTGGATAAGGCCTGCGGCCCCTTTAACTCTTCCAATCTTTTCATTTGGTTAGTCGAGACGCTTAACTGCGGAGCTAATGTACTGGGCGCGCGAGTATATCTTCAGATATATTTCCTTCCGGGCTCGTCAATAAAGGTACGGGGTCGAAAGAGATCTTACAACTCAGCGATACGTCCTCTGCCTCGCAGATGGTCCTATGTGCAGTGTTCCAATGGTACAATGATAACCCGTACTGGGTCGATTACAACCGATCACGGTGTAAGCATCCCCTAATTTGAGTTGCGAACATTCCTTGGGGTGAATCCCCTCACGCAGGGGGCGGGTTACGGCGCCCAAGGGAGGTCCTCAAGTAGGACATTCGTCGTAACCTCGCCGAAGACCGCGGTCTCATTAATGCGACGGCCGAGTGTGCGTGCGTGTGCTGTCCTTACTCGAATGCGTTTACTTACCAGTCTATCGATCGACGATATGGTTGCAGTCTGCACAGGTGAGTAGCACTCGCATATAGGACCACCCCCCAGTGGCACGAGACCCCTCTATCACCTGTCTACCGTTATAAGATTTTCCAGAGTTAAGGCATATTCTAAACGGTGCTACGCTGTGCCCCTTGAGTTTGAAAACTCATTCCCCGTCTACACCAAATCGTTAGGCTCCCGTGCAGGTATGTGCCGTTCCCGCGGTCCACTCATATATGGCCAATTCAAAAATGGGCAAGTTAAAGGCCGGACACAAATGAGAAAGGATGTTGTGGCGCAAGATACACATACTTTGGGATAATCTTGTGGTCGGTGGCCGTCCTTAGACCTGTAATTCTACGCGTTTCCGCGCCTGAGAACGCGCTTGCATTGTCAACCCGTGTTTGGGCGAAGTGCGCTTGGCGCCCTGACCTCCCCTCGGTATAAATGGTCCTTATACACGTATGCCTTCGGCTACTGAGCCTGAGGAGCAAGGGACAGCCGGACTCATACTCGATTAGAACCCCAATGTCCGCTTCGGCGACGGTATCCCTGGTCGATTGATTTGGTCCTTCGAAGAAAGACATAACGGAAAAACGGCGCCCATAGATAGCCGTCAATGCTGTGTGCAAGTAGGTTCTACCAGTTTAACGCGTAATGTAACCCCCAACATAATAAA,1404,51.21,Mus musculus
SEQ_925864,GCTCGATAAGAAGCACGTTTATACGAGCTCCCTTGTTGATCCCCGCTGAACAGGTAACTACTTCTAGGTTCGTTGCTAATGTAGAGAGGCTGCCTATGTAACAACGAGTCAATAAGAATGAGACGCACGGGCAGTCCTTCTCTCACACCATCCAAAACTAACGTTCCGATCGGGTTTTCAGCCGGTCTGCGAGGCAATAGGGAGAATTACGCCATCCGCAGAGAGATTACGCAGCTGGCTGATGCTTCCTCGGGGTCATTTTCAGTGGGATTCGTAGTTAGGCGGTTGTAGGGCGCGTGGGTACCTGGGGAGATCCGCGTGCCGATCCTCGAATGCAAATGCTCGTTCGAACGGGCGATCATTGTCAAATTACGACGTCACGATTTCGCAAGCTCTCATCGCTAGTATTGCGTGGCACTTCGTGACACTGGTTCTTTCTCATGTGTACGGTAGAATCATACAGTGAGAGTGTGTCCTGATGCATGCATCTTTTGATTTGCCGGGTAACCACAAACAAACCCTCGGACCTTGAGGAGATTATATAAGGGAGAGTCAGGGTGTGGGAGGCGTAAATCACAACACTCTACCTTGGGGCACAGCCCGCCAAGACAGCCCTTAGTGATCCTCGTAGACGCTCTTTCTGTATACCAGGGTCAGTTTCTTGCGACTAAGACGCTTTTCGGATCGTCGGCTGCATATCGACCCAGCGCCCCGCAGGGCAAAAGGACTGAGGGAGGACCTTTGGAAGCTGACGACTCCCGATAAAAAAAGACGGGAGTCTCTCCAACTTGCCGAGCGATCCAACCTGTTCTCGTAAACTCTCTTTTGGTAGAAATCATTAAGGATTCTCGGTTTTATTCTTCTATCGCGCGCGGAATTGCTATAACGGGTTGGCGGTAAGTCTGCGGAGTGTTAACGCGGAAGTGTCCGACTTACGAGCCGGCCGCTACCCTGGTTGCATACAACCAGAGCGACCAAGCGCCTCGTCGCCGGTATCACGCTCCAAATCCCGCGTACAAGGTTTCTGAGGGAGCTTCCCGCCATGTTCACCTAGTCGCAGGACGAGGTATTCGGCGCGCTGATCTTTTGGAAGTGATTTAGTATCTGAGTCAGCGCCCTTGTCCGACACAGGCAACGCGATCGTCGTAAAGCAGTTGAAATTTACCGGTAAATGTCACTTCAGATGGTCTCCTATCGAGCATAGCA,1206,51.74,Drosophila melanogaster
SEQ_456711,TCAAATCTAAGTAGACTAGGGGAGTACATGCCGGAACTTGGAAGCTCGAGATTGCTACTCAAATCCAGGGCTACTCGACTCAAGAGGATCTAGCTAATTGTCCGGTAAAGTCATGCGTGCACTTTCGCAGTAGGAATCCGTGGAAATAACTTGATGTTAACTGCTAGTTTAACGAGCGAGGCGGGGGTCCGGACGACGGTTACCCGGTCCTCCCCAATATGTGCTCTTCCGACCCCGGTCACTATCAACCGGCTAATGTGCACCACACTCACTGCAGAGAGGGTTTCCGCTTGGTCCCTCCATTCAAACGACGCGTGTATGCACCACCAGACTGATTGTAGACAATCTCTCCTCAGGACAATGCTGAACACTATCAACTGATACAGCCGCAAAACGACGAGCACCTGGAGTTCCCTAATATTAAGTCTCCCCGTTTACCACGAAAAGACCCTGGCAAGACCTCCGCATCATACCTAGAAGAAAGGAGGAGTAACTGATAACTGCAGTTTCTGTCTCTCCGGTATGGACTTGGCAGTACAGAGATGCAGAGGAGCTGATGCAGATTGGAAGAATCGAAACTTTGAATTTGGTGTATCCCGGTAAATATGTCCTTTGCACGAAGACGTAGCACACGTACGCATAGACCGATGACTCTTGATTTTGTTGCTTTCAGCAGTCGTAAATAAGGTCGACGGATGAATTACGAACGGAACACCTTCGTTCGCTCGGTTGGAGCCGAAAGTACAGCGTCAACGTGCTGCGAAAGTGATAATAGGCGTATATTCACGCAGCGTGTCTACTACTTTCGCTTCCGGAAGGATGATCTATCGGCAGACCCGACCATGTGCACACACACATCCTCGCTACCAGATTGTTCCCCTAACAGCGGAACCCGGAGAGGAATCTATCGCAACGGTACTAGACGTTGTGCTACGACAACCGGTGAAGTAGCACGCAACCGATAGATTGACATTTCCCTTGCGAGGCATCGGAGCACTCCTGTGTCGTGCGACCAGATCTAGAATATCTACACCTCGGCACTAAGTTTACGCCGCAATCGATTTAGCTTTATGTATTAACCCATGTAGCTCGAACCAGGTGAAGCCGTGTATAGGAACACCCTGCGCGGAGCGCGCGGTCGTTGGAAACATTGCTTCCAGCCCAAGTTCAGAATAGATACGGACAGGCGATTCCGCCGGATCAGCCGTTAACTGCTTAGGTTGGACGGCCTCGGCGTGCTCGTCCGACCCTTTATTCGCGACCTGATGTGTTTAAATTTTCATATGGTATCGCTACTCTGCAGTCAGGTTTCCATTAGAGCGAGGTACGTCAGTAATCTTGGAGCGGGAATTATACAGGAGAATAGTGGTGGACTTTCGTGATATGGTGGGAAGCGCCGAACTAAGCCACACCCCTAGGATCACCCGGACATAGAAGTAAGCCCATGCCCTAGTACTGGGTCAAACTAGCGGACTCCCACACGGACGTAGGAAAACACCTGACTGTCCTGCACTATGGCACAGCAGACACAACCATAGATTACAGCGGAGTACCTGATGGTGGATCCGTGATACCGTGACGGGCTCATTAGCATCTACTGGTGCTCCCCATTGCGTCGTTATGGCTACTACTTCGAGTACGTCGCTGACAGCTGAGTGTTGAAGCTCGTTCGCGTCGTCTAATTAGCGAAATCTCGGGAAGGTTGGTTTAACAACTGCAAATCCCCATGGTCGGCATGGTCATCGTGGGGGCCAAATTGTTGGGAGTC,1768,50.62,Escherichia coli
SEQ_674776,CCTGTACACACACCCCGGACCTTATGTCTGCAGGGCCTTTACACGGCTTCAGCTCGGGAGAGGCGGGTACATTCGAGAAGACTCGCCCATGCCTCATTCAAGTAGGGCGAGGCTTTGCGTATATTGCTAAAAGTCCGTGTGAATTTACCCCCGGCCAGGCAACATGCTTGGCGTCGGGCTCCTTGGCCACCGAGCAGTCGCGTCTTGCCTATAGGCGCCCAGATATTCAATAATAGGCAGGTCGGTACGTGAAGCTATTTAGCGTAGATTGTGTTAGTTTTTCGATTTGCACCTTTAACGGGTGAATATTGATCCCCCCCATGAAATGGTGGGATATCAGGAACGATAGCCGCCCTGATTAGTATGGCCCTCGAGGCCGCTCATACGACCGTAGCTTGCAACGTACCTTTTGAGTACAAGTCAAGCAACATCTTGTCAGAGCTAGCGCGGTCGCCTGCAGTTATTTAGCGATCCGTGCCCGTAGACCGCTCAAAAGCCTCGTCGACTCGTAACGTCCAACTTCCTTACTACATTGAAGGACCGCTTACTCTAGCCATGGGCCAAGAAGACCAACACTATCTCATTAAACGTAAAGCGGGAGGTGGAGCGGGGTTCGATCGCCCGACATCCAGCTCTTACAACTTAAGTAGAAACGGGCAGGTTAAGCTCCGGTGACTTGTCCATAAATATAGGGCCTACTGCTTCAAGTCAGAGCAGCATGTGACTATGATACTAAGGACTGATAGGTATCCTTGGGTATTGTATAAGGCTCATGGACGGTTTGCGATGATATACCACTGTAGACGCGGAGAAAATGCTTCTTCCAGAACGGAAATGTCGGGATCGGGGGCGTTCGGAGGCAGAGATTTATATGTGCATAATGAAGAGTATAAGGTTTTATAACATGACCCTCACTCTTGCGACACTAACTGACTTCCCAAGCGCCTTCACAGCAAGACCAAAGGACGATGTAGGATTAATCCGTGCCTCCGGTCTCTTGCACGCATAAGACCCCTAGGCTAAGTAGAATGCAGGGTGCTTGTTCCGCTTGCCTCACACGCTTGGTGTAAAACTCATGATGCCGGTATGTTAACAAGTGTTATGTTATGATACAAACTATGTCGTGTTAGGGCTGTGTTGGGTTTGGCAACTTTCACCGCTAGTATCGCAAGAGCTGTGTCTCTCGCATGCGCGGCGTGTCTCGCGCGATCGATTTTCCGAAAAGTTGTGGAGCGATGGGCCCACAAGGGTCTTCGGTGTCAGTGTGTTAATTTTTAGGGAATTCAGCATGGATCAGCGATTCGCAACCGGGTGGAGAACACGCAACATAATGGGCTTGACTGCTAAGCGTACGGTAATGTCCTACGTGCGGGCCAAGGGTAAGTCAATGTGAACCCGTTGTTTGCTTCGCTCCTTGTCTCATCGTGCATCTGCCTAACTACGCAGGTAGTGGGTGATTCGTGGGAACGGCCGGGGCATGATGAGGGTGCGTTGTCAGTAATTCTCACTAGGCTAAACTTGTTGTTGCGGGGGAGCG,1537,50.75,Caenorhabditis elegans
SEQ_308284,CGATCTGCGGCGCCGGTGTTCCACCGCTGCGGGGGCGCTGAGGTGCTGGGGTAGAACGGGAGCACTTAGCCCAGCACGTGGTATAACATCCGAGTATCAATGTCATCTGAACTCCTTACTCATATAAGACAGCCCGGGTTCAGCAACGAGAATAGGGATCCAATGTACGATGAATGGGCGTAGAGCAGGACAGGCTCGATTCAGGCCGCTGTTGATTCTATAAGTCGGGGCGTCTTCGGAACGCCGATTCGCAGGGTTGGCATATGTAGTAGAACAGGGACCGATAACGGTCTCGCGAGCTGGCCGGGCGGTCCAAGTTGAAACAGAGGTGTCGTGTAAAATACACTCCGAGAGGATAACACCTCGCATACACTCGTATGGGATGCAGGAAAACGAACCCTCGAAGCGTCGTTACTAGCCGCGTTACTTCCCAGGCGGAACGGCTTCGTTCCGCTGTAATCTCCCGGAGGTGCGTTGCGAGGCGTTCGCACGGGTTTGACAATTAGACTCGTTTGATGTACATAGAACACGATACGGAGTCAAATCAGCGTGTGGGACGTTCACAGAGGGCAATGAAACATGTGCCGCCACGAACCGGTTAGATGTAGAAGAACCCCGGGCGTGGCATTTGCAAACTACTGTTCAATCACACATTCCAGTTCGGTCAATGGAATAAGTGACCAGCACTTACAACCCAAATGGTTCGGCGGGACTGGATTAAAAACAGCGCCCAGGAACAAGGCGACATGAAGGCCCCTTTACGCGCACTATTAAGGCGTAGAAAGTAGTATGAATATAGCGGAATTTATGCCACGTAACCGCCTAGTATCGAATA,835,52.57,Mus musculus
SEQ_172644,ACAAGGGGTGCATGCCCCTTTTGCTTATGCAGTGCTAGCCATGTGGGGCCTGAGCGCAGGCTCACCTGCAACTTCAGATAGCAGGGTTGATTGAGTCAAAACACCTCGCAGTCTGTAACCACGTGCGATCTAATGAAAACG,141,52.48,Drosophila melanogaster
SEQ_370784,GTCTGGTGTTCTCCAGAGACGCTCCACGTGCGCCCCCCTGTTTGGATCGTTCTGTGTAGTACGGTTACCTGGGGTTGTCTGAACCTTTTCGTTTTATACTGGGAAAGTGCTGCGGGGCGTTACTGGCCCCACGCGAATACGAATACACTTCTTGGGTAGTCCCCATGCGGGCCAGATACGTTTATTGGGTGATCTCTAGATAATTGACGAATTCTCCCGATCATACACCTGTACCCATCATGCACCAATGAAGCCTTGCGATGATAGGACACTAGTCCCCAGGGTACGGTTCCCGGACCAGCCGTCTGGGCAAATGCATTGCCTATGAACCGTAAGCTGTGGGGACCGTATTAGTCCTCTATTGGGAGAAACTTAGTGAGCCGATAATTGGATATTTGGAGATGAGTGAAACGTCGAGGCCTTTCCCCAACGCGCGTGTGCCAGTGCACCGCTAGGCGAGTACGGGATCTCACCATAAGTGAAGTCCACAGGGGAGAGTTCAGAAAAAGGCCCCCCCTAATAGATCTGACGAACACGCGATGATTGACGGGACACCATCAAGATGCCAAGTTGGGCGACGAAATTGTCTTTCACTCGAGAGACAAGGTATTGGGGCACGGTAATGTCTGAATAACAATCCTTCCGTCGCTTGACGGAAGGATTATTCCGATAAGCACCCCGTGGCGAATTATACTCTCTGACGATCTGTAAGCGATTGGATGGACGAACATGTGAGTGTCAACTTGAGACGCAATCATGGACGACGCTTCGGGCTAACGCATTTATTGAATTCTATTTACGGGGGGGGCCGCCGCGGAGGTGACGGATCGCTCAAGCTATGGTAAAGCTGGGGTACCACGCCGCGTGACTAATTG,875,51.89,Escherichia coli
SEQ_686443,GATGGCCGGTTGGTAATATTATGGAAACTAGGAATCAAATGTAATGCATCGCATTCATGCCCCGATGGAACCAGCCGTTAACGGGAACCATATGAGTTTATGTTCTCTGAGGACACAAGATCCCCCGAAGTCACCACTAGTTACACCAAAAGCAATGAGCGCCACGAGCCGTTACAGACGACTACATATAGGGCGTAAGACTCTACTAGGAGCTCCACGCAACTTGCCATCTTCGGTGAGGAAAAGGATATATTTCGGTGCGTGTTCCTTATGAACCAGGCAGCTAAGATTGACACTCTACTCTGTGCACGGAATACATACTTGAGTAGAAAGTGGTAGTGGTGAGTAATGTTTATTAACAGCAAGCTTCGGTAAAATCAGTTTCGCCCCCACATGAGTCGGGTACGTGGCATTCTCTTCCGTAGCTCCTATGGATGGTGCTCTTATGGTATTGAAAAGTTCCTC,465,46.24,Drosophila melanogaster
SEQ_560997,GTGTCTCGGACTACACCGTACTTTGTTCTCATGGGGTATTGGACGTTCCGCGACCGTGCCTGCTGCTGTCTGTGTCTAACCCATAACTCCAGGTGCTGATATCTATCACTCAGCTATGGCCTGCTGATCACTCCTCCCAAAGTTAGAGTATAGTGCCTAACCAGCCTCTTTAC,173,50.87,Homo sapiens
SEQ_337592,TGAAGTTACAAACGCAACTATCTTAGAGAAACAACTCGAAGCATGTAAAATACAGGAACTATAGTTTTGATAGTCCTTGAGAAGGCAGGTCCAGTGACGCAGAATGGCATCAACCTACAGAAGCTACCGCCTAAACTCTTGTTGACTGCACCCATTCCCAAAAAACGTCGGAGTCCGCACCTGAAGAGAAGCCCCGCACTTCCCAGTTAATTGAGACTGGACAGTCGTCACGGCAACAGACCATTCATCAGTCTTTACTTAATCCTAAATCAAGGCTCCTATCTTACGGTCGGACTGGTATTGTGTCGGCTTCGCAGAATCTGTGGAGGGACGGCCGTGGACGACGCCGTCGACTTCCGCTCCAGAAGCAAGATAACTCGGATGACTTCACATACTGGATTAAGAACTCGCGCCACATGTGTAGAGTCTGTACCGGCACGCGGATTCGCTTAGGAAAAGCTGTCAGTAACCGCTCAGACCGGCATAGCAGATGTTGGTCGATACACGGTCGCCGCGAAATATCAACCGTTAAGCGGCCTCCGCTGGCTCGAGCTGCGTCAGCCTAAAAATGAAAATGAAAGATGCTTAGACCCGGATATCGGGTTCGTTATCCACGAACGAATCGGGCACACATAGGGAAGCGATTTTGGTGCCTCAGCCGGTGACATCCATGATCATGTGCCTGTTTAGAAACCGCCGAGTAGTCGCCCGGATCCTAATCATCGTTCATTATACGTAGATTTGGTTAGTTGCGCGCTGTCGGGAAGTTTATTCTGGCAACCGGCTCCCTGAGCACCGATGTCTAAAGAAACTTCGTGAGTGCCAGTCAGGTCGCGCCGTAACCGCGGAGCGTGCCACAAGGGCGCAGTGCGTCGCTCCGGAATGGCATACCGCAGATGACTTCGAGTCTTCGCGTCCAGCGCATGCTGGTAAGCTACATTTCCTAATTTACACTTGCTTCGTCCTAGGGGTACGGCTTTGCCAACTCTAACCCGCAGTGTGAGGAGTCAACCCCCCATCTAGGGACCAATGCGTACCAGGTAAGTAACATCTGACCTTTCCCAGACGAGCAAGAAACCGCCGACAGGGTGGAAGTACACGCTTCGATTGAAATTCATAGCAACCGGAATGCGGTCGGGCGGTGGCTATAGCTATGCGATCCGGCAGCTGCACACGGGATTACTTCAGACCTTTCATGCCCTTTGCCGGACGGAACTCATCCATGAAACGGGCTACCGAGTGTCTTAAATCCGGTAACATGACGGTCTCATACCTCACACGATCTCTTTCAGGGCGCTTGCCGCTAGCATGCGACAAAATTAACTACCCACCGCTGATACGAGTTACAGGATATTAGAGTCGGCCATACTGGCGGGCGTTCTAATACAGTTGCCTAGCGTAGGGCCATCAATATCGGCTGGCTGCTGGTGTAGCACACGTGGTGATAGAGCATGTATCAATGTCAACGAACGCGTATCGACGCTGAAAGTTTTCGATACTATGTCATCTTTTTTCAGTCTTAGTAATGTCTATCAATTGGGCACAACGCGATCCCAATCCGGTATGGGTTCCACCGAGGGCCTGCTTCGCTGATATGTCTATACGGATCCTATATGCATTTAGCACTAAAAGCGATCGCAGAAGAGCGTTAATTATCCGTTCTTAAGCTTCAATCCGCCTATAGCCAGCGGCTCTTCCATAAGCGGATTGACAATAAGATGCCTCAGAGACTACAGTGTATGCTTAGGCGATGGAACTCCGCTTCGGAAGCCCTCATTCAGAGCCTCAATTCGGAGGTGAAGGTAGTTTTTCACATATGATCTCAGCCGAGCGGTCAGCACGGCATGTTAGTGCGAGCCGTCGTTACGTAACAATCATAGGTCATACATCCATT,1894,50.63,Mus musculus
SEQ_731776,TATCTGCATCACGCGCAAAGTAGACCTACTCCAGGAGACGCTGATGGAATTGACGCGGGATTGGCCCTAGGTGTGCCGGCATAATCCAGTTCCGCCTATTTCCTTCGCCTATTCGTAACTGGCTCGGTGAGTGTTTGAGGTGAGCTGGTAAGCCCGCAGAAATGTTTGAAGGTATTTCCTACTGTAACTGAGAGGAACGAGGCGGAAGGCTGTAGGGGGGTACAGGTGTCCTATTTTAATACGCTGCTGACAAACAGGAGTTATACAGCAATAAATACTGACCCATCCATGAAGTTTAGAACGGCTTTGGCTACTCTTGCTAGTGCTTTGTGTTCCGGCCTGGAGGAACTGCAGCACGTTTCTGTTAACACTGCGCAGCCAAACAGGGGAAAGTCTTTGTGGGGTGATGTGTCTCAGAAATTCAGGGCACAGACCACCAAAGCCGTACTCCCAATTCGTCAGCAAATCGCTTCAACTCACACTAGCCAATCATTATGCGGGGGTTGACGTTCTGCTTTCAAGTGCTATTGAACTTTCTGTTTAACTCAGAGCTCGACCCTTCTTTGCCGTAGTTGCCTCGAAATGAAACGCCTTCGCGCGAGCCTTAGGGGTCACACGATTTCACTTGAATTACTCCGCTAGAGACATCTTCAAAGACGCAAAGTTTTTTCCTCCGCGATTGTACAAGAAGGTGTTTACTCTACAACCAATTACGTGGAAGCTGGGAAAGGTTGTAGACGGTGGTGGCTTTATTTTCGGAATGAGATTTGCTCCCCTGTGAGACGTTGGCCATCGACTTCGTTTCAATTGCAACACAGACGACCACAAGGTGGCAGGAGCCGGGTGCACTGTGCTTCCATAGGTCAAGGTTGTCCTCCTACCGTAGCGCTGACGAGGTGTCGCAGTGATGTTTGAGCTATTTTTTAAGTTGGGTCAAGACTCTGGCGTTAAGTTCAGCGGATACGCTGGCAGCGGAAGTAGTCATTTCCAAACTATTATCACGCCAAGAATATTGAGAAGTGACAACAGGTGCGGCACCGGAGAACGATATGCACGCCATTATGTAGTTAGGTGCGGACTTCCTGCGCCTCATGCCCTCTTCAGTGCGTTCACGGTACTGTATATGTAACAGACAATGCTCTCTATTGCCCCTCTTAACCTACGTTAGCTAGTTCTCTAGAGTACTACGGTGATAAGACTAAGTGCTGGAATTGCGGCCGTGGAGTGCCTTGTGTGAGGTAACTATATACACGGGCGCTAGCCGCTTAGTGAGGCTTGCTGGGTTCCTCACGTTAACTCACTTGAGGACGTCAGACAAATCATTTGCTGGCACTCTTGACCGCGATGAGGTTGACAACTCAAGCATCGGTGCTCGTATGCATGTTTTCGAAGAAGACACGCACCCTGCCTGCTCACTTGCCTGTACATAGGACCTACCACTATTCCGTCAGGCACCCCTCTGGAGGAACGTCCACTACCTGCGGGAAGTCTGGGTGTGCTATCTGGGTTCTAGAATTAATTGTGTGTTAATTGACAGGAGGCCTCTTACATTTTGAGGAGGTCTCCCACGTGATGTGTGACTCGCAGCGCGTCTCTTTAGATTATTTAGCAGTATTTCCTGGTAGAGCGTCGGAGTCAGATATATGAAGGCGTTCACGGCAGTAGGCAAATCACGGACTTGGGAGCCATCGGGGCCATGATGGATGTAGTTGGATTAGCGAATACCTAAGCAATCATTAGCATCACGAATAACCTACCGC,1760,49.38,Homo sapiens
SEQ_270628,AATCTGAGGGAGTAGTGAATCTCCAGCACGCTACGTCTGATCTGGGCTTCGGCGGTCGAAGGCGTGGGCAGCCTACAATCAATCCTCTGAGGTTATGGAATTCATATAGTTCACGAGCTATACGTCGAACTATTCTCGCTTTAAATAAGCTTATCCTGAGGGCTAAGATCCGAGGCCACGGCACAGCCGGTCTGAATACCCGTTTGACGGTGGACTCCGCCAGAAAGATTTTACCGACCTAAACCCTGGCGAGAACCTCTATTCGTATGGAATCGTCCGAACCGTGACACCTCATCACTGCCAGTGCTGACGCGAACACGAGCAGCGGGGCTCACCTTGGGGCTTAGGACTTTACAGCACGACGCATTGTGGGCGGCTTTCGAGTTGCAACATGTGAGGCAGCAACAGATCGAGCTTTTTGTCCCCCCTATAACCCCTCGAGGCAAATAGCATAGTAAGTCTCGCCCGAAGTCGCCCGTAACGAGTAGCGCCAATACACTTCGCAGTCCCTGCCTCCTTATGCTTCGGGTATGGCATATTGGCGCATGGCAATAGCCTGTCTCGGTGACCTAGCGCCAATAACGTGTGGCGCCGGATGAGAACTTCGCACAAAACAAACTGTCGTAGTGGCAAGTTTAAGGGCCAATGCCGGACTCGCACTTCTTCGTATATACCTCTCCCCACAGGCATTGAGACCAGAGGCTCGCGGTATATGATATAGACTGACGGTGGTATACCATATGGTCTGACGGCAGGCTTTCCGGTTGGTCTTGCACAAACACCCTGTGTTAGGGTCTCTTAGATAAGTCGTGATGATGTCACAGTAGATTTCACCAGCACAACGAAGAGCGAGATGTATGAACGTTGTTTCGATAGGGCGCAGGCGTATCACCTTTAACTCCCACCATTATTAATGAGAGAGCCGTTTTACTAACAGCGCGCGGCAGAATCTGTGGAGGCCATATCTACCAGGGTCGCTTGTATCGTATCTTCGCAGTGTTTCTCTCCGCTGCAACTTACCGCTCTCGCTTCTATGATTTGTCATTCGGTCGCTGAAATTTCAGATTTCAAGCGGGCTTTAGGGTTAGCGGTCACTATCTCAATAACCCACAGCCCATTGTTCGGACCTAAATCTCGCATAGGATGGCGTACGCCTATCTACGGACAGGTGGTCTCACGACCTTCGGCTATCCGTAGGGTAAATCCTTTAGAATCTCAGAGTACACGAAGCGTAAATGAGGGGCTTTCGACATTAAGCCTACGGTAGCTCGTGAGCATTTGCGAAACGTTGTTAGAGTCTGGGCCCAGGAAGTGCCAATGTCTGCCAAATATCCGATATCTGCATTGCCAGATAGGCTGCACTGGATACCTTCCCCGGCTGCGAATCTGCGGCGGACATGAAATCCAGCGTCCAAGCCCGAGCCAGACGTAGATTAGAAGAAATGGTACTTTTGCTCCCTGTGATGATGCTTCGAACTAGGCCTAAACATTTTTTTCCACTAGAATGAACATGGTCACCGTGGTATCCAGTATTCCACGAGAGTCGGTTACTTATTGGTAATCGGCTCGGAAACGAGTCCCTTGTTCTCATGGCCCTGAGTGATCTATCCGGGCACGTCCAGACAGGGGCAGCCTCACCAAGCGCGTTATAGTACGAGGTTGTCCAGCACAACATTATCACGTTTCAGGTTAGAGTTAGATACCCTTCATAACTGAACGCTCTCGACCGCTACCTGTCTCAAACTAATTAACGTTAATATGTATACCTGCCCCCGCTCGACTTCAAAATCAATAATTATGTCGGTATCGAGTTGACCTCTTGATTGGATGAATTCGATCAAAAGTCCAGTTACGTTTTGGATTGTTACTTCCTGCAATGGAGCTGTTGCATCGGTTATATACACAATCACTATGCGTCCCGTCCTTTCATACTGAATCCGCTACTCGAAGATCATCGTCGGAATTTG,1967,49.72,Escherichia coli
SEQ_586855,AAAGGCGCTTTTATTCTGTCTCGGCATCACCCTCCGCCCAGTTTGAACCAGTACTCACACACTTAAAATTTCGCGATTCTCCAGCCCGTCGACCAATCGCTAGAGGTGATAGGACTGGGGCAGCCCTTGGATTAATCCCCTAGTTGGACAGTATTCAGGAGCAAGGTTGTATAGTTGCTTTTATGGATGAGTGATGGCCATCACCGCACCAGCTCGTCGCGCCACGAATGTGATGGACTATATGTAAGTAACCTGCACGGGAGTATCTCTTCCATCTTCGGCTGCTGAGCATGAACATGTTATTCCACCGCGCGAAAACTCTTAGGCTTCGGTGGGGGCAGACCTCCAATTTCATAAAACGTCATGTAAGCAAAGTTAGATAATCAGCCTCGTTTACGCACCTAGATGCCCAAATATCAGGAACGTATGGACCTCTCTCTTTGGTTAATGTTTCAGGCCAGGACACAACCTAATCCGCGCTCTCCAAGTATCTTCCCTGGCTCGGCTCACTTCGCAGTGGCCACTGGCACTAAAAAGTTACATTACTATTCCACCTGCTGTGACCATTTGGCGTAAAGTAACGCTTTACATGTACAGACTTTCCGCAGCACGAGGGCATATAAAGCTTACTCCCGTCCGGGGGCGGACTAGGAGCCACATTGGAAGTATGTAGATCAGAGATCAGCCCACACAAAAAGGGTGTTCTAAAAGGAATCTACAACCAGAGCCGGCAGGGACGGACTCTGGGTCGGTTCAGGTTTATTCCCTGGGTGGTGAATATCTTCGAGCTTCTCAGTAGCGGCTGCGATGGGGGAGAGAATTCGGCGCCGCGATTTAGTTACCAGCCGCTAAATCACGCAGCAAGCGACGTTTATATCCCACCTACTATTAGGTTGCCTCGTGTGAGAGCTGCCCTACTACTCTCACTGACGAT,934,50.11,Drosophila melanogaster
SEQ_462435,TGTGTATTTGTCCGTCCATTTTTCAACTGATAGCTAGGCTAGAGGCGGGAGTGCTTCTCGCTCATATCACTACCTGACACCCTCGCAAAGGCATCCACTCGTCCTGGGCGCAGATAGAAGACACGTCTTGACACATTATCTAAGCTAATACCACGCGATTGTGAGCAACGACTTTGGCTACCACCATAGGGAGCAAGCGCATACGCACCGTAGCCAGTAGTCCTATCTGCGAAATCCCCACAGCGCTTACACCTAAGTGACAAGCGGGCCATCCCCGGCTCTGGGATGTTCCCTATAATTCGCCATATTCCCTGCCGCCCTGGAAAGCGCAACGACGGTACGAATAGAATTATGATGTTTTGGCTTTGGGATTAGTACAACCATCAATCAGGTGGTAGGTATATCTCTTGGGTCATAAGCATCGCAAATATCTGCTCAGGTAACTCACGACACGTCAAGATGACCGCATTCCCCGGATGTGCACGACCTCCGACTCTCCCCCCGCAACTGAGGGAACGCGTTCGAAAGACACGAGCCTCAAGCCCATAAGGATCCATGTGACGGAATCAAACTGGTAATGTGGTCGATCATACTATCTCCGAGTGCCCAGTCCGATAGTGCCGCTCGACCGGTAGGCACCAACGAACACACCTGCAGGGCAAATCTTGGCCAAGAGGACGAGTCATGGCAGTACTGTGACAGCCGGGTAGCTCATCCACGACTAAGGACTTGCGTTTAGGGAACGGGACATTGATAGTTCGATGACTCACATCGTGGAACGGCCCGGCCTATTTGCGTGAAGTGCACAGAGAGTAAAAAGATCTCAGCAATATGATTCCAATCCGGCTGTCACGCTCCATAACTGATAGAAAATATAATCAGCTAGTTTGCTAAAAAGCGTGGTGGGAAGGCGTTCACGTAAAAAGGTATACCCAATACTTGCACCATAGATAGATGGCAAACTGAGCTGTCTAATTTTACTCGTTCAGATGTATCGAAATTAACATTCTTTCGGTCCGACCCGATTGAAGATAAGCACTATGCGTCAAGAGAAACATCCTGTTGACTTATTCATGTAGTCATGGATGATATCTTGAACCTCCGACCTAGTCGTGCGTGCGGTAAAGCGAATCATTCTCTCCTAGTTCGCTAGTAGTCTGCCGGAGCGCTCAACTTGTAGCGTAACCCACGTCACTCTCACAGTACCGGTGCCTGCGGCCGATAAAACTAATACCGCATAGATCCGATAAACCATTACTTGCGCCCTTACCACCATTGAGTACCTTCTACCCAAAGAACGGGTCCCTAATCTTACACACTGTCGCGGGATATGCGACAAAGCATTATGGGGAATCGGTCTACAATGCTCTTCCCGAGCCATTTGAGCCACTAGGTGATCCATGCCTCATACTCTGCAATTTCGCCGTGGGTGTCAGAGGATGGTGGAACCCCAGGTCCGTCATGGGCCAACTTTTGTGGATTGTGGTAAAGCTAAACGGCTGCCTCGCCTCGTGAATTTCTTTCGTGTTCTGCCCACAGAGGATTTAACTTCACACGCCACTGCCAGTGGGCGTTCACTGAAATTCCCCAAAGGCTACCGGGACCCTATATAAACCCCTAGGGTAATTCTAGTGTCAGGTGCAGGCGCAGGCAAGAGCTTGTAAGAAAACGAGAAGGCTTACGGTACTCGGTGTTGCGGCCATTTTCACGAATATTTGTCTGACCGGTGCACTCTTAAAAGAGACTTTCGGTAAGGGGTTTTACTATAAATTTCAGCTCATAACCGATAGATTTTTGATCTGTATATGGGTTCTGAACCTGGTCAGATAACGTATGTATCGCTTTTGGTCGACAGTGTCTGGATCGCTCCGGAAGGAACACTGAGATCCGAACGTCCATATTG,1903,49.19,Saccharomyces cerevisiae
SEQ_948166,AAAGGACCAGCTATTCCGTTATTCAAAAGCGACTGCGACTGCCTGAGTAACCTTCCTATATGTTGACCAAGTTAGTCCTGTCGATGACTCTCAGCAACCGGTGAAACGGTACATACGTCTCTCCTCCTTCTTTGAGCCGATCGTCTAGGATGGGGGTAACTTTAAGGTTCCTACAGGTTCATGTAATCAAACTAGGCGGGTCGAAATCTGCCTGCGGAGATCTCAGTTGGGAACGTGGTAATTTACAACAGAAT,254,46.85,Homo sapiens
SEQ_474849,AAGAGCTGACATGAGGGGTTTATATCTTCTTCTGGCCGCTACAGCGTACATAACATCTGATCTACGGACTGGACCTCGTTTGCTACCTCCTGTAACGCACCGCGTACGATGAAAACTAAGCCATGTGGAACCTCTTACAGATTGTCAATACTTCACATAGATAGCCCTAGAGCAAACATCGCAGGCGGCCGAGGCGGATGGTAATGCTGTCTCCCCTGGGTCTTCAAGCGTCTTATCATCCGCTCTGATCGTCTATACTTAACGTTGACATGGTAGTGAAAGTGTTATACGTTGCTTCCGAGCATTGAACGTACGGATTAGATTTTCGGTATTTAGTCGGCCGCCAATGAAATGATAACGAGTGGTTTTGATTCGCCCAACGGCGCCGAGCAGCCAGCCGGATTCTGATTGGAACACATGATACGTAAAGTTAGTTGTACCTATAAACCCTAGGCGATTGAGGGTATGACGTTCGTTTTGCCTCAGAGGATCATATACATCGAGCAGAATACGGAAAACTCATGCGTATTCACCATCATGAAGGAGCATCAAATGACCCTTCTACACTCTGAGCCTCGAAGCCGAAGGTCCTCTTCTCCCCACGAATACTTCCATTGTAATTGAAACGGACACATAAGAAAGGCGCTCTGCCCGCGTGTGCTATAATAATACTGGAATGGAGTATCAGGCCTGACTCCACATCTCTGGTCGCGTGCCGGAAACGCGGTTGTCACATCACGGAGCAGGTCCAATCTCTTAGTGAGCACGGCCACTGCTTCATAGGATAATGGTTGTAGGGGGTTTCATCGATACGGGACGTGTTCATAAAGGTTTATGGATGCCTGAATTGGCACATGAGGCACAGCTCTATTTTGAAGTAACCGAACACACTGACGACATGGTTAGTGTGTTGGTATAAACAGTCGATTTATTCAAAAGGACCTCAACGCCATGTGCCTGACCCGTTGAACGTAATATGATGGCGTGTTTTGTAGAAGTACGGGTCATAGGGATCTGTTGTCGATCTCTGGAACATCATTCCGGGGATCTATTCTTCGTAAAACGCGGCTTTCGGCCATCTCGAATCTACGTACATGACAACTTACCACACATGATGAGGAAATCGATTCGAATAACACCTGAATACTCCAGAACGAAACTGAAGCTGCCAGTATGAAGACCTTCGTGAAATTGGGTGAGGGTCAGAATTTAGTCTCTCATATTAAAAACGGAGTGACAAATACTCATGACGTTTTCGGCCATGTTACTATATGACCCGTTACGGCGGTCGCGTACACCCTCCGTCACCTGTGTCGTTAGAGTTATGATGTTGCGTATCCATCAGAGCGACCGCCCGATCCTGTTCCGCACTTAGATCGCGCGCTGGATCATTTGTTGATGTTCGTATGGTCTGTACCGACTGCCCGAACGCGATATACCACTAGTTTGTGGTACGAGTAGTGTGACGTCTTTCACCCGAGGTACACCTGCTCGCATACCGAAAACTCACGGTTGCTGCACCTCACGTTAGGGGTTCCCTTCTTAGACGTGCCGTGCGCTAGCTGGTGGGTCAATTGATCGGTCGTTACATACAAAGTTGAATCGAAATCCAGGGGATCAGGTTTAGGTTGAGACCCGAAGTCGGCTCACGGGGAGATATTGGAAACTCAACAGACGAGGCTTCGGGGCTGGATCGCCTGCACTGGTTAAGGAGTTAATGTTGTTCGGTCGGACGATCATGTTGGTCGAGGTTCCTAACACCTGGAGTTTTGTGAGGTCTTGACACTTTGAATGAAGCCCCTCACTCAGGTAAATACATGAGAAAGTCTAGCCTTAGGTCCCTGAATCGGGCTAGTAGGCAATATACATCCGCATGTGGCTTAGTATGCTTGCTTCCATCACCCGGGATGGCTCGGCACGACCGG,1925,48.52,Saccharomyces cerevisiae
SEQ_974655,ACAGTGACGCGGGAAAATGTGAGCGGTTGACCGATGGGTCTCGGTAAGTGCACAATCGTAGCCCACGGAGAACTCCGCCTAGTAACTGTACGACTAACGCCGTCTCCACCAATAAGAGTTGAGTCACAACAAAATTCCCTACCCCGCTTGATCCCTGTCGACTCATCACATAGTGTCTGACTGGGACCCGGTTTCCAACGGCGTGACGTAAGATGACTGCAAAAGTACTTTTCGAAGTAGGGAGCTATCCCTATACGGGGCGGACCCAGCCTGAATTAATTGTGTAGCTCGTGCCCGCTATGCAACCCCTTAAGAACCAGGAGAGACAAACAGCCTTGTGGTGTAGGCTAAGCGAATCTGGCCTACCGGGCGTATCCATCCAGTGTTTCAACGAAAAGATATTATTCGTATCTAAACCTGCGTGGGACCAGCATTTGGGGCCACTAGTGAAGTAACTCCGTGACGGCACTAGAGCAACATATTGTTCAGATGCTTCCCAGAGTCATCGCTAACCGAATCAGTCAGGCAGGTTGCAGCCGCTAAGCCGAGGCCTGCTTTGGCTTAAGGAGTAGCTCGCCATGATAACCCTCAGAGGATCAATAGGCGAAACAAATCCCTCGGAAGCTATCTTAGAAATCACGCAGGATCTAAAATTTCTCTCATTGTCTATCAGACATCCGAATATAATCAAAGTCCTTGTTATGGTAGGGCCGCTGTCCCCCTTACGATGCTTGAATTGCACATCCCCGGATAAGAACAATAGTACATCCGACCAAGGTCACCATCAAAGGAATCCGCCTGGAGTTGGGGATTCAGCCACGCCGGCGCTCATTCATGACGGACAGGTAATAGCATCCAGGGACACGAGTATTACTCAACAAAGCTAACTGGTCTGCCTATGGCGAATATTTTATGCCTTGAAGCGTGTTCCGTCCACTCGCTTTCTTGGGATCTCGGCCAAAGGGATAGATCTATTCTGCCTTAGTCCATTCCGGCCGACAAGCCCCTCCAGAGTCCACCGACTTCGCGGGTAACCCGAAAACGATGAACGTGCCAACTAGGTCGCAATATTCCCGGTTCTGCTGTTTACAACCAGATAGCGGCACCATCCACGCATCATCCTCGGGTGTCGTATTCAGCTGCAGACCTTATAGTAACGCAAATAGGAACAGCTAAATATACGCGCCTCGGACAATTAGGC,1201,50.37,Homo sapiens
SEQ_502270,AGGGATATCACCGGCTCCTAAAGCTTCAGAGCACATCGATTCCTGAAAGCGAGTAAATACTTGCGATGGGAATGATCTATGCCGGATTGGTCCAAACCTAAGATTACCCGCAAGGAGACCTCCCGCCAAGTGACGAGTACCACCGCCGAGTGGGAAGTAACCAAGCCAAGAGCTGGGTTTATGTCGGGGGGGGTTTCAAGGCACGCGGAGGAGAATCTTAAACTGTTAATAGTTTCTCTCCAGGTCGCGCGTGTGGACGTTTCTAACATAGGGGACCGCAAGGCCAGGGGGGTGATTGGGGGACTTGTGACGCGCGAGGTACAAAGCGAGCATGCGAATTCGCCCTGAAAACAGAGAAATTGCCTCGCCATTCCGAGGCGCAGGGAGGTGCCGCGTCGCATTACCGGACCAGGGTGTTGACGTCAGCTTATCCGGAGACCTCTAATAGTGTCACATGTAGTCTCTGATCTCTAACTTATGCAATGGATCGTCCTAGAGGAAGAGATCCTCTTTTACAATTTTTCCCACGTCGGCTTCGGATCGGTGTATCACGAGTCGATGCTTTATGGGTATAGCAGATTACTCCCGCAATTCGCGGGGCCCTAATGCTTTGGGGTTCATTAATCGACATAGTCGCTTGTGCGGCATCCGGACCGAGGAGCTCCCTAAAGGTTCCTGTCACCTAAAAAATGTGCGCTCTCGACCATGATTTCGGGCGCCGGTGGGGGTGCCCATTAACACCGCTGGCAAGACAAGCAGGGAACCGCGTGTGAGCGCAACGTGTCATATCGCGCTCCAGCATTTCCTAGGGAGTGACGTAGACAAGAGCCTCGCGACCCGTACGCGTGCACACATCGGGGCCAGGGAAGGTATCTGGCGCTGCTATATAAGTCGAGGTGGGATACTCTTTTACTCCGTCCACAAGGCTACAACGTCGATAGGCGTGTCGCGTCACGTGACGATAATACAGGAGCTTCGTGTTCGGCTCTGCCGCGACCTGGTTATGTCCTCTTATATTCGGACAGTTAAATGTGGTACACCGAAGCCCAACATGCGCCGTTGTTCCTAATGTACTTACATCCTACGAGCAAGAATAGCCCATCGCACCGGCATGACCTGCCTGTCAACTATCGCAATCACGTTAATGGGATATGTAAGGTGCGTGGGCCACGAGGTACGAATGCGTCGACTGGAGT,1196,53.51,Escherichia coli
SEQ_988514,GAATCAGGGCTAGAGGCAGATAGCCTGGGGTTTGGAGTGGCTGGATTCCTCGATTCCGGCGACATTCTCGCGTGGCATAGTCGTTAGCCTGTCGCTCTCCCACACATAATTGTTAAGATGGCCAAGGCGCGCCCCGTATCGCTGCGTGATAAGGACCAGAGACTTGAGATAATTGCGTAACTGGAGGAATGAGTTCGCTATTAAATAACCCGACACTATACGAGACCCCACTGGTTTGCTTAGTCTCATATAACATAGTCTCACGGGGGCCCTATAGGCCGAATGTAACCACGAACACGGTTCTTATCCCCTTTCTCCAGTGGTTAGGCACTACTTTCAATATAGCAGAATCAGCCAATTACGCCCGGGTTTACCCGCTCACGTCCGGGGGAGATCCCCAAAGACATGACGACGATCAATAAAGGCTCGCAAGAAGAAACTTGTCAGTGCGACAACAGATTTTATTAGCGAGTCAGTTGATCGACCAGGGGACGGGATATGGATCCCTCCGTAACCCGTGTAAAGAACTTTCAGGGCCGCACTCTGATCGTA,552,50.72,Saccharomyces cerevisiae
SEQ_901452,AGTGAAACCAGAAGTGCAGGGGCTTAACATGAGACGATTGGCAGGATACAATTACTTGCTGACCCGAGATTGATTAATCTGAAATGCCACACGGAAGTAGTAGACCTCCCGAGGTGGCGGATGCAACTTTGCTAATTACAGACCGTTCTAGTTAGCATGCATTAATTTATAACATGGGCGCCCGCTTCCGTAGCCACACCTGTACCTGTCTCCACATTGGCAATTGGCATTTTTTCCAAGATCGTGACTCTCTATACGAATTCCACACCGAGTCCTACAAAACACCATGGTGGAAGCTTCGGTATAACAGAAAATACCATCTTGATCGGTCGTCGAAAGCAACATAGTTGTCATTTTGGTTTATGCTGTGAGGCCGGGGGCATCCACTCCAGCACCCTTAAAACGGGGGGATCGAGGCTAACCACCAACCAGAGTAATGGTCGAATGAGCCCTACTTAAGTAGGTTTCGTCTCGTTACTAGGCTAACCACGAGCGGGTTTGTTCACATTGGTGTGCCCGGAGCTCCTTCGGGATCTAGACCAGTATACGTTCACCGCCCCGGCAATGGTTGTTACATACCGATATGGCTCGCTAACCAAGATCACTAATTTTATTTGGACTGACAGTCGCAACTCAAAAAGCCCTATTGAAAGACTTTGCGGTGTTGTGCTTGTGAAGAGATGACCTATGAGAACGCGTCAGGGAAGTTGGTGTTTGCCAACAAGCGTATGGGTACAGCTGAAGCAATTGCCTATATCGCTGGTACATGTTATCGGAGTTAACGTGGGACACGCGATCGCTCTTTACGTACTGCGGAATAACGTACCTTGACTCGTTTAGTAGTCCGACTCTTGCGGACTCCTCCATTACGACGCAAGCGCAGGTTTGTCTAGTTG,896,48.1,Escherichia coli
SEQ_432173,ATTAGGGGGAAGCAACATGCGGCGTCGAATATTGGATGGGCTACTTCCCGCCGATTGCTATCACGTGACACTTAGGTGTCTACACTCCAGCCTAGGCGCAGACGCATAGGAGGATGATTCTTTTTGTACGCTATTATAGTGTCATACCCGCCGTCAACACGGGCATCAATAGGGGCAAAACCTTATAGTTTCAATAGCACTAGGCCTCTCGTTGATTCGTCAGCCTTGAACGTGGCTGGTTTTTTGCATAATTCGAGTACGGACCTGTCAGGTGCAGGTCAATCAATCGAAGAATAAACTTACCCCATTTGAAACCTGCCTAGTAGACTAGGCGGAGGAAGACAGATGTACGAAATCATATCTTTTGTTACGATACGATTTTGCTACAGCGCTTGTTTTAAACGTGTATGAAAGTCTTCCGTTCTCTCCCGATCCTAGATCGCTTCATCATTGGGGTCCTGCGAAATCCGGTAAGTCACCTGATTCAACAGCTTAGAAAGATTCCAGCGACTCTCCCGATGGGTATGTTAACGCAGCCCCCTCCTATGAGCACTCGTATCTTTACTACCTGCCGCTGTAACCACTGCCAACGTCGGCGAGCCATCACTTTAAGACCGCACGAGGATCAATAACCTACTCATTGCTTCGCCGTACCTCCTATGGGATACGATTCGAACTTCGATAGTGAGCTAGGTGAAATGTCTTTTCGCCTCGATGGAACACAGACCTCTCGCTCGGGACGGCCTCCAGATAGACGCACCGGTTGTGCCCATTGGCACGCCAGACCACTGGAGCGTGCACGGACATGACGACACGACGGATAAATTGTTCCATTTGGTTGCACGGGTAGCAGGTTGATATGACCGTCCTGACATACTTCTCGTATGCAGAATTTTCAATAGACATGCAACGCGACTTCAAGTGCATGAGCGCGGGCCTCTTGGAGTTAGTCTGTCAACTTACGGCCAATAAGACGCTGACAGCG,985,49.44,Escherichia coli
SEQ_800154,TCTAGGATCAATCATGGCCTTTGGAGTACATCATCGGACGCTCCTTAAATGGCAGTCGCTGATCTACTGTCCGCTCGCTGAAATTAGGTTGTAAGTAAACGATGATCTGACCGCATCGTTCATGCGAAAGTATGATTTGCGAGTTCGGAACACATCATGCAGGGTACTTAATCACCAAAGTTACCTATATCTGTGGCGCCCCCTGGTAGCAAAGGTCCCCGCTTGCTTGAGCTCAAGCGGAAACCCCTTCATTCCATTCTTTGGTGTTACCAAATTTCTCGCAGACGCCACCCACAATTCGACGGCCTCTGTAATACTGTCGGACCCGTATTTCTTAATGAAGGCGGCGGCCGGATATGAACCGTACCTGCCGGAGGCGTGTTAAGCACTTTTGTGAAAATAGTGTTTTCACATGTATGACAGTTAACTGATTATTCTCCACATCCGCTCGCGAACGTGACCGACAACAAAGTGGGGAGCTGGTCGAAGTTATGAATCACCAACGACCCGTTTTACGCCCGATGCAGAGGAATCGG,536,48.88,Arabidopsis thaliana
SEQ_117954,TATTGGATGTACCTAGCCGACGGAGTGTGAGCAGTAATTAGCGTCCTGTTGTGAAAAAATCGTGTCTAATGGGCGCCTATAGATTCATGTAAAACGTCACTAAGCAGTGGTCCCCTCCTGCGCTGTATAGCTTCCATCTATGCCGTGCCCCTCGACGGGTCGGACACCATTGCTGGTTTGAATCTCAGGCGTTATTCACTCAAACAGTAGGGTGTCCCCTCTAATCGTATTAGACATCCGATCGCTAAACAGCGCGTAACGCGCCATCTCGTTATGATTAGCCACCGGGTCACGCACAATTATGTTAGTTTTGGTTACTGGTCCCACCGCG,331,49.85,Mus musculus
SEQ_461939,TGAGCCCTCACAGGCGTCCTCTCACAATGGACGGGAGTCAGCCTCGATTGCATTAAGGCGAATGTAGGCGTATCCAGGACAGGATGTGCGGCGTGACGGTTAAAGCTATATGCGTTGAAAATAGGCTATTATCTAACAATCTCTATATCGTAGGTCCAATAACGCTCACCGTTAAATACGACACCAAGACAGGTAATATATATAAAAGAATCACGGAGCTATAAAGAGGGCGGAAATGACTAATAAATGGCGGTTCAAGAGCATGTCGCTTAGACAGTTACCTGCCAGTTTCCGGTCAGGTAGCGTGTATCATTGTGCGAGATCCCACAAGTCCAGGTTCGATGCAGCATGATCTGGACCTTCCGTGCACTCACTATACACAAGATAAGGCGTCTCCCGCTATAAGGATGCTAGGGGTGGAAATGCTAAAATGTCGGCGGTCAGTAAAGACCCTGCATTGCTTGACCCTCAGCAGAACATTTTCCTGCACGACAGCTTAAAGGACTGGACGCGCTACTTCACAAATCTGCCGTGTACAACCCATTGTGACCACAAGATCATTGTGATATGGCATAGAGTCGCGAGCTTGTGGAATGGGTTATCTACGATTATGGACTAACTTTCATAGCATACACCCTCACGGAATGAGCTTGTCGATCAAATCTTGATAAAACAACTATACCGAACCGTCGCGAATCACCTACGAAGCCTCGTACATGAGCATACGCCCCGTGTGGCGT,740,47.43,Drosophila melanogaster
SEQ_395022,CTATTCGATATAATTTGCAGAACATGTGAGAGCTAATCTCCCCGTAATGACTTCTGGCGCTAGGCTACAAGGGATAAAGTCTGTAAGAATTAAAGTCGGTCTTACCCAAGTGCATTGATAAGTATGAACGAT,132,40.15,Caenorhabditis elegans
SEQ_781841,ACTGTCTCACAGATTTGTCCGTCGATGGTTATTTCCTTTTGACCTTCTGTCCTAAGAGTCGTCCCACCCGAATTAGGAAATTAGCGAGAAGATCGTCCGAGATTAACTAAATCTGAGCCTGGAGGCGCTGGGAGGAGCAGAAGGAGGATACACATCATACTATCCGCGTTTGCAAGCATGTCCGGGCCTTCCCGACGTAGATGCCGTTAAATTTTGACAGAGCGATTACTCTTCTACGCCCACGGTTATTATCTCAGGCTCGGAATACGCCGAGCATAGACCTAGCGCTAATTTGTACAAGGCAACGAAAAACATGTGTCCCGTCTGAGCACTAATGTGGTTCTAAGGGACGCTCCCGAAACGGGACTGTGATGATTTTTGGATGGCGTTGGCTCTGGCCGACGGCTTTCTGCCTTACGAAGTGTATTAGCGAGTCACTGTTCAGCGCTCACAGAACACCCTGCAAATGTCGCCATATCTCCAGCTGTTAGCTGGTGTGCTGTGGGCGCCAACAGCGATGTCCGCTATCATACGTTACCAACCCTGGGCATCGCTATATCGCTGGCGCCGGGAGAGACTGATTCCAGTGTGGTTATAACAATAGAAGAACGTGCCTTTGTGAGTGTCGGTTGTTCTACAGCAACTACAGGGACACTGCCCAGCGAGATTCTCTTACTTCTAAGCACTAAGGCGTTTACCTAACGCTTGTAAACCTGGGTTGATGGAGTTACCCGATGTTTGCAGCCGGGATGTGCCTGAACAAAGCATTCGCCATAAGCAGGGGACCCCGCAATACGTAGCAATTCATGCAACATGATTTTACCAACTAGTACGTGCTAAGATAATCTAAGTAAACTTGTTCGCTGCGGTCAACCTCGATCTTACCTAAACCAATTCCTGAGAAAAGACGCGCAAACCGCGCGCGGCAGAGTGTCTCTATCTTCCGTCGGTACCCCTCGCACATCTGGTAATCCAGCTCACACGACCGAACCCCTGTCTCCTGACGCAAAATACTATTATTCCTCCACGTGCGATTGATCGTATACCTACTTTGGATAGTTCCAGTACAGCTGAAGCCCAAATACCACGCTTCCTAGAAGTCCTCCTTTTCGTGGAGAAATAAGAATACACAAGCCATGGGTGCGAGATATAATTTACCGGGTACCATAGTTTCTA,1176,49.15,Saccharomyces cerevisiae
SEQ_221835,TTGCTCGGAAGGGGGGTTTCACCCCTTTCTGCTAATCACTCAGCTCTAGTCGCAACTACTTAACGTATCCAATTGATTTACAAGCCGCTAAGCGGGGAGGCCAAGCGTTTAGCGGGGAGTCGCCCATTAGTAAGTTGGCAAGCGGTCAAATTTCACAACTCAGTTTTTAACTCGGAGCGCACATACTCCAAGGTTAAAGGTGACAATAATTCGTGGTTTACTTAGTAGACTTGTTTGGGATTCGGGTTGTTTCTTGAATACACCGTACGCGTTCTAGTTCTCAATACGAAGGCGAATCGGGCTATTTCTATTACTGACGTGCCTCTCGTCATTTCGATACATTGCAAACTTATGTTTAGGCAATAGGGAGGCTCTGCCTCTGTGCCCTACCCACACTTCGATAATACGACAACCCGTACTCTCTCTGTTGATCCCTTTCTACTTTCGGCTTTCTACTTTCGCTGAGAACCTCACAATCTGCTCAGCCTCAGTACTCTGTACAGAGCCGAACACTAGAATCGACTTTATGGGCAGCCAACTAGATCTCCGAAGAGAGATTGTCCCTCCCCTGTAGTTTCATTTTGATCGGCAAAACGCTACTCTCTTGGCTATTGTTATTTTTTAAAACTCAGTAGACTGGGGTATGTGGCCTCACGTGGTTTCGGTCATAAGAGCGATTACGTGGAAAGCGTGGGCACTAGCCTTTATAATTGTAGGGCTCCTCGGACTTTTCGCGTGTCTCGAAACCTGGGTAATTGTACCCGATCCTCACATTACCGTATGTGAATGCGGAACCATTGAAGGAGAATTAACGGTGTGAGGTAGGTCGACTTTTGCCTTTTGTGCTCCGGCTCCCCAGGCAGAAAGTGGTTGGCTTGGTATCCAAGTGGCAGTAAGGTCCCGAGAGTTTATGCTCACCAAAGTGCGCAGCTAGGCGCCTAGTAGCACGCCCATTCTCATGCGGGTTATGCGTTGTGCTCTGGTCCCTACTCGGAATATTGCCTCAGGCATTCGACGGCAAAGCCCGTTGCTAGTAGGCCATAGTTGCTTGGTTCGCTCAGCGGCGGTGCTGGTGTCACACTCCCGGTCCACTCCCGGACGGCAACTCCGCCAGGGTTGAGGTCAGCCTTCCGGATGGCCTTACGTCATAGCTCGAGGCATACGCTCCTGTATATAGATGACAGTTTTGAAGTCTCGCGGCCTACATTGTCTACACTTGCGCAGTTCGCAATGGCACCCCTCGCTTCAAAGGGTTAGACAGTATAAACTCTCAGTGACTGCTGTAAACCTTCCCCCGGTCAGGATTAAGGACATGTTGGTCTGCTGTGTCCGGGTATAGGAACGATCGAGTCGTTTGGCTAGGCGAAACGCTGACCACCCACTGGCTGGCGCTAGGTGGAGCCCGCCCTCATAACCTCGCACGTTGTCAGGCATTCTGGGCGGTTAGATGAATCAACGGGGAAATCCCTCCTTGAGGTAAGCGCCA,1486,50.67,Saccharomyces cerevisiae
SEQ_593735,TATTGTACTTGTCGGTTGGCCCGGCACAAAAGGCGGACTGGCCCTAAACCCTGGCACCGGAAAAAGTCCTTGGATAACAAAGAGAACGACTAGCCCGCGGCTTTGATGAGATCCGGAGTGGCTGGGGATGATCCAGGGACCGCGGCTTGTTGACCACGCTAGGCAAACAGCTTCGGACATCCGCTGGGGTAATAGGACAATCATGCTCTGAATCAGAAGCGGTGCACACTAACACGTTGACATAGCTTTTGGGGACCCCGCGTTACAAGGTAGCCGGTATTGATACCATCACATGTCCTCAGCTTGAAGTTCGCGTCATCTTGTATCGCGGCGATGAGGGCTATTCTCATGGGTCTGCTCACTTGCTTTCTGGACCCTAGGGTACTGGAGTGAATTGCGCAAGGTTCAAGGGAGGTCGATCGACGAGCGCGATTACATCCATGAGCCCTTTCTCGCCATGTTGGGGTAATGCTTCCTCATACATTAGTGAACCTGAGTAAGTGGTCAGCTCCAGCACACGACTCAGGAGGCTTCAGAGCGACCCCTCGGAATCCAAGGCTCCTAGCACGATTTCGTTTCCACATAAGGAGGGGCTCTCTACATTTAACCTGTCAGGGTACATTCCGAACGCGACTTTGCCCCTCGTGTTGCATATCAGTAATCTTGCGTGCCAGCACCTATGTCTCAAGCCTTCAGTTGGCCCATGCGGAT,711,53.16,Arabidopsis thaliana
SEQ_581543,CTGATTCCACGCCCGTATTATGAAGGGACTTACGCCTACGTCAGGAATATAGAAGCTTCATATTGGCTTCACATGCCCCGAGTGCCCCCAAAGAACACATACTACAAATTTAACACAATCTGAATTCCACAGTGCAGGCCAGA,143,46.15,Homo sapiens
SEQ_472154,TAGAGGTCTATTCTCGACTAGGCTTCATGCTGCTTAGGAGGTTAATGAGGTTTCAAGCTGTCGAGACCCTCGTGGGCTGGTGAAGGTGTTTTGAGGGAGTTAGAGCATTGAATTGTAGCAATATGGAGTAGGGACGACGAGAGGGACAACCAGGACG,157,49.68,Mus musculus
SEQ_576396,CGCAACGAAACCGGCATGTAGGCGTCGCTTGATTGTTCCCAGGACACTCAAAGGATAAGCGAAAAGACTAATACCCGATCTGCCAAGGCCCTGTAGCATACCGATAGGTCGAGGATGGGAGCACTCCCATTTGCCGCGGATCACGCTTACTGCCGCTCGGTCGAGAGGTCCTTGATGCGTAAACTTTAACGATTATCCTAGATGATGCTGCAAAAACCCTGCATCTTGCGATTCAGAGTGTAGGCTTGAACATCGGCCAGATCATCGACGCGCCGCCATAGCCGACCTTGACCAGCTGACGCTGGGGGGCGTACTACTCCAATATCCATCGACAATCGTGTCGCACTCACAATCTAGGAGGAAGATAGCGAGAGTGGATCTTCCTTTCAGCCCAGAGTAGTCGCTAAGACTTGACTACGACCCGCTCGGCTGTTGCCGAAAGGGTGACACTCGGTCACGCCACCACCACCTCTTAGACGCTCGGGTGTGAGGGTTTGTTCATCCGCGGAGGGCATAAGCGCGAGGTAGGGTATCACCCAGGTGGACCGCTGAGCCTCCAACTACAGTGGCAGGTCCCGGGCAGTCAAAACACTCGCACGGTCTCCAGACAGGGAATTTCGGCACCTGGTTGCTGGTGGTTCAAGACCCGCGGTCCGTTCTTTCTCTCTAAGGCCGAATGATCAAAGTCCCCGATAGATGTGTTCAGCCTATATACGATGATATCCATAGTTGACACGCTTGTGGAACCGAACCGGGCTTCCTCGCGGAATAGTTTATCAGGCAGCTATTTTCTTAACTATTTGAGAAAACGCACTTCTCCCCCGCGCCTACTCCTTCACAGGTATCAAGGTAGGTTTTCAGATTCGTCCCATTGACAGAAGAACCGGTATACGAACCCAGTTAACTTCGACTGACCGGGTATCGCTGACAGACTACTTCTTACGATGCTTACACCTTTAATCGCCACTGCAATCTATTGGGATCT,985,52.69,Homo sapiens
SEQ_264462,GGGTGTAAAGACTCTTTTAGTGGCCCAGAAACTAATAGGTTCCCATTGTAGGCGGCCCATGCAGTCGCATGTGATCCAGTAAGAAAGTGAAGTTGACGTTTTGCTCTGCGCCAGTCGAAATGCGCCGGCACTACTATGCTGACGGAGAGTTCGATTTATGTTCATATGAAGCAAAAACGGTCCAGTGGGGTAGTAGTAGGAGCAGTGAGACCATTGGTGCATTCCGCAGCTATTACACGTCCGGTGCACCGGTTAGGGGGTGTCATCACCGTAGAGTCAACAGGACGCCGCGACTCCTTACACACAGCAACAAATCTCGAAGGCGAGTGTGGGACTGATGCTCATACTCCCTCTCTTAGTATACTAAACCGGGACCCCAGCTATATTCACTGTCCTGCTAAAAGACGGCCATCCAAAACGGTGGCTCGGTACTTCCTTCTTTATTCGCGGGTGGCTACATGAAATAGTGGGCTTCGAATTTAGGACTTTTTGTATCCATGTGCGCTAATCCTGCTTGTTGATCATCGTCTTGTTGTTAGAAAAACTTCCATTTCGTACTATGTATCTACCATTTGGGCAGGGCGGTTGCCAAAACGTTTTAGAACAACCCCCGTGTGGATTGTTAAAACTAGCACGATTATACATTCTACACCCAGTTATTTAGTCAAGGCCGATATGTAATCGTGGTGTAGCAACAAATCACGGCGCACGAATGTCTTCGTGAGTGTAACTTCGAGGACGCCAATGAGTATCCCATTGTAATACGGTGCCTACAAAAATGGCGCGAGTAATTAGGTGCACTTAATCAACTGGTTTGCTGCGGTCTACACGCTGCACGGCTATAGAACCACAGCCGCTTTCAGTGGAAAGGCGGTCACTGCTTGACGTTCTTGCCTATCTGTGATGGGCATGTAAGGAGGGTAGTGTCGCTGTCAATTAGAGCACCATCTATGGATCTTGTGCAGCAAAAGTTGTTCGGCGGGATCTCAGTACCCGCGTATTGCCCTGGTTTTACCGCTAGCACGTTTCGATCCTACCTGTCCGATAAAAGGTCTACATCTTGGGTTGAGTAATGCGACGATACAACGCTGATAGGGGTCACGCGCGCGCGATATGGCAAATTTCGAGCGGGTACGATTGGTACCGCGTCTGTGACCGGCTTAATCGTTTAGTTGGCATGAGGTAACCGATCAGAGAGAGTTCGACTAATAGTCCCTCGATTTCGCACCAGGACCTTGATACATACCCTAACAATTCGCTACTACAAAATCGCCCCTGGCGGCCGAGACTAAGAGCGGTACCGTTAGTAGGGCCCACTGCCTGAATAGGTTCTGCGTAGACATCAGATGTCATCCGACGGTTTTACCGCCCGATGTCCACCAGAGATGGGGCTTGGGTGCTCGACGGACTCCCTGACGGCCTGACGTATAACTCATTACCCTCGCCCTTCGCACGAGCCAGGGCTGGGGTATGAACGCACTAATCCAAGGTTACTGGAAGTAAAGTTGCTTCCAGTCGGTTAGTCATTGTGCACCAGGTGATCGCTTGAAGGATAATCGTCTTGGCCAGAGACCATCTAACTGCCAACTAGTAAATAATGGTCCCTGTCCCACCAGCCGAGCGTCAGCAATCACGTGAAGGCTTGCTAATTAGCTGCGTAGTAAAGTAGGAGCATGTCGTGCCAAGGTTGATACAGAGCGATGTTGTTACCCCCTACACCGAACAAGTTCCCTAAGGTCAGCGAGCATGCTAACCGGCACCGTCCATGCATATAATCATCTGCAACTACGTACACCGCAACGCACCGGGCAGAAATCGAGGTGTAGTTTTTTTCCTAGTGGGTACCTAAACTATTACGCTAGCACCTCCTGATCCTAGAAGCTGCATGGTCTTAGCAATGTCGCTGACGTTGAATGTGAGCATGACAATGATAATGTTTGCGAATTGAGAAATTAATCTAGAGTCGCTTA,1970,49.34,Homo sapiens
SEQ_413385,ACGGGACCGTGGCGGTCCCCGGCGTCCTTGTATAGTCGTGGTCCCGTATAGATCCCAGACTTACATAGACGATCAACGACGTTCCGCCCATACCTTTCGTCTACCATGACCCCGCCCCCGCACCCCTCACTGGATGTTCCACGCGATAACGGGTTGTGGCTCGCAGACCCGCTTGAATAACCTAATTACCATTGCACCATCAATGACACGCCGCCAGGAGAATTTGGCCAGAACGTATCACCGCCTGTTTGTAATTAATCGACTGGATGAGCGCAAGTCTAGACAGTTTACTCGCCATGTCGTTAAAACCCTTCGGGATAATGTCACGATTACTTACTCTACGTTATTCCTCGTCAGCATCACTTACGTCCTTTGCGCCTTTGGAGGATTTCCTCCCGCACGAGAGTGCACAGTCCAAAATAGGTTTGGGTAATAAACATAGCGCACGATGAGGTTCATGGATTTGTTCTTTACTATATACTTGACCCACGGGTAAAATACCTCTAACACGGCAAATCTCCTCTAGAGTGCCCCATTACCATTTCAATCCAGCTACATAAGCATAGATACTACAGAGCGCAGGACGCACACGTGGTTAAGTATCGAGAGACACATTGAAATAATGCACGAAATTACCCTCAATAGTGAATCTCAACCCCCAAGAGGAGGCAGCACGTATGACCGCGACTCAGTACTTCGGTCTTACCGCCACCACTAGGTGTTCCATGATTTTTTTGCGGGAGCACTGTGGGGAATAGGCGTTCGAAATGACGCTTATACCGCTGAAGCCGCCAGCGGGCCGAGTTGTCTTACGCTCGTATAGGCTGGTCCCCCGTTCCCGTGGCTAGCACTGCCTGTCGAGCTGGGCGAGTTGTACCACTTTATGTCTCAAGGCTAGCCGCTGAGGGTCGTGGAGGATTAGGACCTCTCCACCGGTCCCAGTTTACTTAGTGGGCACCATGCCACGCACTCCGACTGAGAATCGTACCCGGTTTCCTATGTCTCTCTTTCTCTTCGGTCACCAGTAGTCATGTCTTGATGAATGTGATACTCATCGCCCCGTCTGCCAGCGCGAACATGGGGGCCAATGGTGCGTGATTCTTTCGAGATCATGGACGCTGTGCATGCTTTTAGGGAACCGCCCGTAGATCCCGTGTCTGGATATGCTAAAACCATACACTCTGCTAGTGTACGGCCGCATTGGTCCTCCCAGATATTTTCGAGATATTCTTCGAACGGTGACATCTTGCTATTGTAGTAGGGCGCCCCGAATTCCATCGATGAGATACGATCATAGTACCCCCCAGATCGTTGCACAGCTTCTGAAGTAGCGGTAATGATAAGAGGCCTCTACCTAATGTCGTACTCGCTTTTTTTCACGGAGGATGTGCACCGGCGATGGACACATTTTCATGTTGTCAGGAACTAGAACCAACCTTGCCAGGGGAACGGTGATTCCTACCCGTGGGCACTCGCCCTACATGATCAGATGTTTGTGGGTCTGACTAGGAAACTAAATCCAAACGGCCTGCAGGCAAGGTGATTCTGGAAACTACCGTATAGGCCCTGGGCTGGAACCGATAACTCGACGTTACGCGCGGTTATTGATCCGATTTTCCTTGATTTCAGGACAAAAGCCCTTCTAACCTGGTCGGACGACCCCGGGAATGGTTGAGAGCCTTTGCGTTATCTCCACTGTGCCTGTTGACTGAATGCTTCCTTGACGGGTTCCTGAAGTATGCGCGGGACCTTCTCAGCAGGCCGTCGTGATAGAGGTGTTACAGCTTGTCGGAGCGGGCAAGTATCAACCCTCGCGAGGGACTCTTCCCCCCCGGGAATTCGCGCGGACAAAAACGCGTAGGCTCCTGGGGTCAAATCCCTGTAAGTAGGTACGGGAAAAGATATTCGCATATCGTGGATGTGGTAGGCAGAGTCGCAAACTTCATACAGTAGAGTTGGGATTGCAATTTGGCGCAT,1977,51.54,Homo sapiens
SEQ_710048,CTTATGTCCCCTTTCATAAGTCTTCACGAGCTTAGCACTAGGAGCCACACCGAATTCACGGGGCTGGGAAGGTGGTCACACAGTATCTGAGAGGACATACGTTGCCCGCGCTCATACCTGCCATAACCGTCGGGGTTCCCATAACGATGGTTTGTGAGGCCTTCTACACCTTCATCAGCGAGAGGCAGAGATTGACACGCCGATTTGCGCGTTGGGTTGATCGAACCCCAAGACCCATGGAAACCTCCTTACGAAGCAGAAGCCCGCTGGCAAACACCTGTTTCTTTGCGAGAAACGAAAAACCTGGACTCCATTAACACTCTGCTACGGGTTATTCTTCGTCTGGTAAGTTGAAGCGCTCCCTACCATTGCCCGGAATAGGAGGTTGCATGTTCGATGGGACAGAGTCGACGTTTTGGGAGGTTGAACCAGTACGGCCAAATCCTACTTTGCCCCCCTGCTTGCTATTACCCCGAGCTGGATGACTTAGCCGGGTTTCATCCCATGGTACGAACGGGGTTACCTTGCTATGACAATAGGAGCCCGTATGTCCAATTATTACCGGAGGGTCCACTTACGAGGCTGTCCTAATCCGCCCACTGTTGGACAGATGGCCGTACAGGTGCACGGGGAATGTCCCTTCCGACGTTTCGACGTTGCCCACGCACTTCTTCCACTTAAGGCCTCTCCAGGCACCAAGGGCGCGAAGGCTTACTATTTACCCTTACCTAATACGACTAGGTTCTAAATCCCCCACAGGGTACCGGGCAGCAGATTCACTTCTAATCTTGGGAGTCCTCTAATATCAAGATAAGTCGCGTGTATCATGGTGTTATTGGTTGATGGTGGTGTCCGGGTGTGCGGCATTGACGGGCCGAGCATCGCACTGTCTTCGTGTCAAGTAATCTTGCGACAAAAGCCAAAAATCTCTAAACCACATGGTGCTAGCAGTAGCATGCACCTGAGGGGTATCACTTACCAGGGTTGTATGCCGGTACGCATAGAGGCTTGGGGTGCGCTTAGTGGCGTACGATGTCAGTTTAAATGGCGTTCACATTGAATGATACAGAAGGAGGTAAAAGGCGCTTTTCTGCTCTCCTATTAGCACACCGGGCTCGAGGGTTGCAAACGCCGTTAAGACTACCTGGTCACATCGGTAAGCGAGTTAAACTATTCACGAGGCTTGGCGTCGGCGATTAAGGCTCGCGTGCGTAGCACATCCTCACGAAGATCTTCAGTAGTCCACGACTACCCTGGGTATGTAACCACATAAGAGGACCAGACCCCGCCGCAAGTCGCACAGGAGCCGTGATCCCTAAACCTCAACTTGTATGTGATCCGGTAATCCATGGATTTTAGTAGTACTTTGGGCAGGATAGTAATAGTTAATACGTTCCTAAGATCTCAGAAGGGATCGCTAGGCTGTTCTGATATTTCCCAGTGTCGTGGAGACCG,1455,51.48,Drosophila melanogaster
SEQ_482560,TTTTTAGTAGCGTTTGTCCCCGGAGTTCATCTTTGGTGCCAGCTCGCAGCGTATTCGACTCTAATAGATTAGGATTGTCCATAGACCTTCTGACTCTTTAATCCTACCAAGCGTTTCGCGGGAAACCGCTCATGGACCCCAGATAAGAGGCTCCCCATCTCCGCCACCTCGAGGACGGGCCTCGACAGCATACTTGCATCAGCCAGACTACTCAAGCCAATCACTGCACAGAGAGTTGTTGCTCAGTCGCGACCCGTCTAGTATGAGACGGGGGTCAGTCAGCCTTTGGGATTTCCGCAAGTTTAGGGGAAAGCATGCGAGCGCGCGGTTTAGCAGGACCCCATAACACGCCTTCCGGTTGACTCTTTCGCTTCATGTTATTGAATAGCGATGCGCACATCAAACATCCGCCGCATCCATCATGACATAAGCGTCCAGCTCAGTACCATAAAACGGTTGTGTTCTATAAGCATAGTTTTAAACGGGCGCGTCCTAGACAGATAGTCCTATGAGCTCGTGAATGGATTATAGAGCTCCGTATCGTTATATCTCATACTGGAGTTATGTCTGTTGGATAGCCCATGGTGGCATATATGGATCTAGCTACTCTCGTGACTGGCCGGTAAGGACTAGCGGCGAAGGCGGAGCGTGCAGCCCCTAATACCGGCATCTACTTTCCCTCCGCATCGTCAGTGCCCTTCACGTCTCTCTACCAGGAGCGCGCTTATTTACATCCAACCTCTGGGCATTACACCACTTGGATTATCGTACGGTGTATGGAGCCAGCCGTCACAGACTACAATATCATGCCATGACGTTCAGCGCCTACTGTATAGCTTGTCTCTGTGCGCCAGCTAGGAACACAGTAGCGAAAGTAAGTGGAATGGGCCGTATATGCTTCCCTTAAGGTCTAGTGGCGGGCCAATATGGTCACATACTGCCACTAATCTAGGTAATCCCGGCGGATGAACCGCTCCCAGGCGTTTAGTTCTTTCTACGTCCATCATCTTTATCAGGAAAAGTGCACGTGGGCTAGCACAGCTGAAAACATCATGACCTAATGGGAATCAAATTTTGTCCATAATAATGTAGCCCCCCAGATCGCGCAGGAAGAAGATTTAAGGTCAAACGCCTTAGGAATTTCATGGATCGACGTCTTGGTGGAGAAACGAACTGAGTTATGGTAACTGCCCACTAGGAGCGACATGATGGACCAACTGCACACGAATTGCGATTACGACCATTCCCGATAGTCCTTACTACGGCGTATACTGGGGTCGCCGGATTAAGATCGTATATGGCCCGTGTGGAGTCCGTACCTAGATATGGACCGGCACTCCCGGATTTTCTTTGTTTTTGCGTAGAAATAGTCGTGTCCCCCTTGGTTTTCTGAACGGCTCGCCTTTTTCCTCATATGAACTCTTTTAGATAAAAGACGTGTGATCGCCCGAGGATTTCTCTCGGGCAACAGTTTTATTGGGGCCATCATCGAACGTTTCCACGTTTCTGACGCCCGATGGTGCGTAATATCGATCTGTGAGGACATCCATACCGGAGGTGATTTACGACGTGCGCGGTGACACCACGCGATATGATCGGCGGCAGAGCGTAATGACATGTTGTCTCTTTCAGCAAAAAAGCTTTTCGAGGTTATGTAGATTCATTAGACATCGATCATCATGACATTTAGCTATCGAGTGGCACCCCCACAACAACAACTTCGTAATACACGGTACGCCGACAAGTGGTGCGGACTCTTTTTCGCCTACTAACCCTCTTGTGGCTTACTCGCGGATTCGTCTTGATTTAGTCGGAAATGGTATGCGATCTCCCGCACTTAAGAGAGCCGGGCACGCGTGTCGCACGGGAAGTCCCGAGCCAGCATTGCCTAGCTTAACTCCCGGCATATAAACCAAGTATGTTGATTGTCACCACTATTATCTCTTGTGTGAATTGCTCAGAGGAAACTGTGACCGGGAGAGAGCA,1986,49.75,Mus musculus
SEQ_194605,AACGGACACCTGGGTCTTGGACTATTAAGGGCCCGGGGTATTTTCTCGATAGTTCTCTGCTGGCAATAGGCAATTGTCGACGGACATGCTGTATGGCGTTTACCCCCCGGAGTGGGTGGCGTCACGGACAATAGAACGCTCAACCCAGCAATTCCAGACCGCTTTGAACCTTGCAGCTTCTCACCCATTTCAGCTGGCTTTATGCCAGACTGTACCGGGCGAACACCGATCCGCTATTTGTTTGACATTCCTAGCCTTCCAGACTCCAACGCATCGTGGGGATAAAAGAAGGTGAGAGATCGTGATCTCTCCCTGTGTACTGAGACTGATCAACTAGAAGCGGTGGATAGAAACCACCTTCGTTACATAGATCGTCCCGTACAATCCAGCCCAAAGAAAGGTCTCCTGACGCACAGATCAGTTCGTAGGATGCCGTGCCGCCGTTTACGACAGAAGCCACACCGGTATTGGAAGCGGCATAGTGCTCTCCCCGTTTTGGCCCTTGCCCACCAACGAGGTGGCAAACGTAGGGCGGCACGAGCATAGGAACTGGATAGTGATCTGAATAAGGGTGCTCGCCAGACTGGGCTTTTAGAGGGTGTGGACAAAGGGGCGTCAGTGTAAGTCTGCTTGGTCCGAGGTAAGCGTGCTGCGATTCGGGGCAGTTGGTCAAGGCTCAGGCTCTTTTTAGGTACTCTAAGGCAATTCGCGTTATGAGCCATTGAGCTATATCATCACTTGTAACGCCGGAAACGCACCTATACAGGAAACAACCTTGCAGTACGAGGTCGCAGTTGGCCCGTAACGGTACGGGTCTCCAACCGTTTCTGTGAGTGCCCACTATTTGTTAACGAACCGATAGGGCGAGTGCCTTCTAGGAGGATGGTCTGTCACACGGTGTCAGCCCCGCGCCAGTTTGAAGGGAGACACTGGTCGCCGAGAGGTACACGCGTGGCACGCCCGGCTTCGCCGACGGACTGCTCTCAGGAAATCTGGTAGGGCAGCTGCAAGTATCTGCATTGGGCAAAAATCGCTGCCAATTCGGCTGGTAAAACGACATCAAAATGTGACCATGCATAAACCGGGAGCACGCATAAAAGTACCAAGGCACCTCGGAGCTCGAAATTCCACGACAGTCATAACAAGTCCGTCTGGATGATTCTAGGGAGTTGAGTTGTTCCGCCCCAAGGTTGAGTGTCATTAGTCAGTGGGACCAGGCGGCACTAGGATTGAATTTACTGCCGTTTTGTAGATCCTCCCTACGTGTAATTGGAGCGAGCACCACGCATGTGGGACGGACCCGAAGTGCGACCTTCCTCTACTTGCCGCGCCTACGTATGCTTTAACAGGTTATCAAGATGAGTAACGCTTCCCGCAGAAATCCCGTGCAGATTCAGTGGAAATTTGTCCGCAAATATAAGGTCTAGTAATACCACTCAAGCATGCGACCCATCACTTCCAGGCCAAAATACTGTCTACATGGGTTATAAGGCTAGGGTAC,1501,52.5,Mus musculus
SEQ_901735,AGTGCTGTGGCCAAAAACGAACCTCGAAGTCTGGCCTCAACATGATCATGACTAGTAAGGAGCTGAAGAAACGCTAAACAATTCGCTTGACCTAGTTCTATGATGAACCCTTATCTGGTCCTCCGCGCCCATTAAGAATTGCAGACAAACAACTCTTTTGGGAAGCCCATAGATGCTCCGATGTTATAAGGGCAGACGGAACATTTGTTTCCGCCCAAGCGTTGACAGATATTGACAAAGGCTAAAGTACTATACCCATTCCACCACAGTTGACCTCGCCGCGCGAACAGAGAGTTGTTACGAGCGCAGTCGATAAACCGGTACGAATAATTATGTCTTTAAGATAATAACATCCAAGCATTGTGTGGCCAGTCGCCTAGATCCCCGCATCCGCACAGTTACCTACTAAGGCGTATTCTACATCTATCTTTGAATTATGCGCTTAAATATGCGAGTGGGCACTTGTCTGAGGTAAATTGAACTACGAAGCTCACAATATAATAATCTCGTTTGAATTGCATGAACACCTAGGTACACGTCATACCACAGAGGTCATGAACAATGATTCTTAAAATGTGGCGAAGTTGGATCGCTGACCGCTTTTCCGTAGTTAATTCGGAGGGCGTGCTATCGTTACGCCTGCCTTGGTGAATCGAACTCCTCATAGCCCGATATACCACTTGGGGTCATGCGAAATCGTAAAGGCGCCTTTTAAGGGAGATTCTGTCAAAACACTAACCCAACAGCGAGCCGATCTCTATCCGGTAGGCGGTGGAACCAGGAACCATGCTACTCTCAAGACATGTCCGCGCATTAAGCATAATGCTCAGAAAAGGCGGCACCCGCACCTGGGTAATATACATCGAGTGTCAGGACAAGACAACCAATCGTGTAGATATTGACAGGTGACTCTCACTGGTTAAAATTGTGCGAAAATATGACGACAGAACGAGAGGAGTGCAAGTGGACTGGTATAGTGTCCCATTGTCTTCTGGATCACGTTGTACAGTCGAGGGCTTTCGCCATCGACTGCACCTTTCTATATCTACCTCCTTTTGATCCACGGAAATGTCTCCAGACGCTCTGAAGTCGCCCCCAATACCCCGTCCGTCTTGCTACGTCAGGGGACTTACAGCGGGACAACCTGGAACTTGGTGAGTATGCAGGCTCAAGGTCAACGCTAGTCGTTGGATGTGCAAACCACGCGTCAGTTTTTTCCGGATTTAGTAATGTGGGGAGACACGCCAGATCCTCTGACTGATGGCCTTATAAACAGCTCGACCGAAGGGGGGCAAGCAGTTCTAAACAATGCGTGCATAGACTAGCATTAATCAAATCCGGCGTGTAGACCTCAAAAATGCAAATTTCATCCATACTACGTTGTGAATCGCATCGCAGCATTACCTACCTTTGTAACTCATTTGTGTACAAAGTTGAAAAGGGGCAACTCATAATACGCGTCCACTGTGTGATGGGCAGGTAGTGGACATCACACAGATTTCTCGGGGTAGTGGCGGTGTTTCCGCCGATTGGCGGCAGCTCGAATCTCTTGGAAATCCCTAAAGCAGGCCGATCCTGGTCGTAAACGGTACATGAGAATCTATTCTTGTTTAGGTGATGTGTGCCGAAGCGTTCTTCCCACCGTGAACCCAGGGCTCGGCTCCCAACGCTGTATTTTAAGCATAGATATCTCTGCCGGCTTCTTGGCGGACGTGATAAATACTGGGATGGGGCCGGAAGCAACCCCTACATTATATGTAAAACACTCGGCAATTACTCTGCGCTGTTGTCCTACGTCAAGTCTAGCTAACGCGAGTAGCTGCTGGTCCGCATCATTTAGGTTGAATATTGCCAAATGACATCTGGTTAACGTTCTCTGTAGGGAACTAATGTCTTCCTCAGCATCGCGGTCCTAAG,1917,47.73,Caenorhabditis elegans
SEQ_264266,ACTGCGAATTATCGAGATCAGTGAATTCCCTTGCACAAAACGAGCAAGTTGACAGGTATTTTAAGATCCTAATAGGCAAGTGGCTGATGGCAGTTCGTGAATAACAATATATGCGTATATCTGTAGAATGTTATTTTGAATGCCTGCAGCGTGCACGAGACGGCGCGGACAGACGGGTTTCTGAAGTGTTGGGATCTTATAACTTGATCGCAGCGCAGTTAGCTCGCGTGAGGTGTTATGAGTTCGAAATTCCATGAAAGAACGCTCGGCGATCATCGAGGAAATTTTCTAAGGGCGTAGAGGTCGCAAGATACGTCCGTTCATGGTCCGGGCGTGGCTGCTTTTAATTCCCGATAGTCTGATGGGTCAGTAAGTTGTCGCTAAGTCCCTTCTACCCACTGAATGACATCCATTGTTGATCACCCACAGGATTTGCTTCGTACATTCGGAAAAGTTGCTCGTCCCAACCAATCGAGGGTACGTACACATCCCTCTCAGGCTACGAGGAAAGCGGTATGAGTGAGGTAGCAGACGGCAGGACATTCATATCCCCGAGTTTCGCAGTGCTCCGCTATGAAGAGGACCTTAGACGGAAGACCCGAATGGTCGCCAGTGTTCAGCGTCGCCTGGAGCAGTCCGGAGGATCAACTAAATTAAGTTAGCGTGCCCCCGGTGTACTGGAGTACTTTAAGAACGCAAAAGTGTATCACGGTTTATTCGCACGTGAAAACCGCTACCTTTTGGTCAAGCAAGTCGATATGACCTCGAGCTGCGGGGTCCTGAAATGGTGGAAGCCGCCTTGAATATGAATCTATACGTCAGAACGCGACGCTACCTCCCAACCCAGCACAATCATGGGCACTGTTCTTAACGAACGCTCGGGCTCTCGCAGGGTAATATCCAACCCCCGATTCCCCCGGATCGTGAGCCGCGTAAGTAAGAGGAGCAACTCCGCGCTCCGAATGTTACCCGCCCTCTTAAAACTTAGCCCTCAT,995,50.15,Caenorhabditis elegans
SEQ_629798,GCTGTAACCCTTAAGGGTTGGAGCGAATCGACGCAATGGCGGGCTAAGTGGAGTGCAGGAAGTTCGACTTGCTGCAATCACAAGAGAATTCAGTGATAAGTCGACTACCTTAACTAACCTGCAGTATCATAGTGCATGGGAATGCTTGCTACACCGGGGTGATCATGTGGGCGAACTTGCGACAGTATCGCTCGCCGGCCGAATTTCTAAAATGGTCTGGAATTTCGGAATGCCCATATAATAACGATTGTAGCGGGTGCCCCTTACCCTACGCGAGATATGTTAATTTCGGTCCGTAGTTCAGTTACCCGCACCATACAATATCATTACCAGCCCTTTCTCGCACTCACCTGGCCGCTCAACCCTTATATCTCGAGCCTCTGCCTTAACTTAAGAAGGACGGCTGTGATTCCCCCTACGCTCGTATATAAAACTATCGTCGTTTTTCTACCAGGAGGGGCCAATCAAGATGACCGGTGATGGCGCGTATGACAGGTAAGCAGCGTCGGTTACCATCGTTCGCTAACTCTTTCAATCCGAATTCTTGCGAGTAGGTTAGTCCACCGCGTCGGTTACCCATGAACCAAATACATAAGCAAGCCAGCTTTTATGCCATCTGAGCAGCCTATAGCTATGCCAGCCAGGACGCTGCGCGGGTGCGTAGCGCCAACTAGGCAACGAGCTAATTCGTATTCGCATAAATTGGTCCATAGAGAAACAATTATAGAAAGCCTCGAATGTAAAGGTCAACCAAGTACGGGCGCTCTATCGGTGATCAATGGATCGCACGGAAAAACACTGATGAAGAGTGCCTCCATTGTCCCATCCAAGATACATTATAGGTACGCATACAACATTCGGTAGCTCAGGGATCAGCCATGTGCCAGAGGACCGCTCCCAAATGGGAGTCCAACTGAGTAGTAATAAAAAGGCCAATAGGGCACTTCACTTAATAGGGGGGGTAGTTAGTCGTGATG,977,48.93,Escherichia coli
SEQ_811166,CGCTGCGGGGTACCAGGCCCCGCTTAGCTATTCGCAGTTCACGCTACTGAGCCTGACGTATCAGCCCTCATCGAGACACCACTGAATGCTCCACGTACAAGAGTGTTAATCTTTTAGCCGGACAGTGCGGTTATTTCTAATTTGAGGCGATTGATTATACCACACTGGTGATAAGCTACCTGGACTCTCCACCGCCATAATAGGCGCGAAACCCTAATACGCCAGGGGTAATTGATGTGTAAAGGTATGCTCCTTTCCCAGGATTCACTAGATGAACTGGACAGTTTATCGCAAGAGAGGGAGATCTCATCAGTGCGCAATCGGTGGGTCTGTCACCAGAGTCGACTTGATGTCCAGGTACTAGAAGAGGTGAGTATAGATGTTTTAATTAGCCAGGTGAGATGCGCCCCGGGGTTCTATAAATCGCCGCAATGGTGAACTCAGGGTTGACTCTTTATGAAAGTGTGGACTTCCTATCGGGTCGACAGTAGCACGACACGCTGTAAGTATGCGCGACACTCAGCATCTCGTATGTTTTTTTGGAAGGGGGAGTTACACAACCCATTCATATCATGCAATATCCCCTCGAACTCTCCGAGAACCAACTTCTTCATTTTCGTCGAATAGATGTCCGCAGTTTCGCATCAGCACTAGGCAGACTATGAGTCGACGTGTCACTGGACAACCTTAAGGTTGTTCCCCGTCGCGAGTGGCTTGATAAGTCCCAGGGACCCTTGCAGATTATGTCATTCGCAGGACAGCTTCAGGTTCTTATCAAGGGGTAAGGGCTTCCTACACAGCTCGGAAGGGAGTCATGTACCATGTGCGTTCGGAAGACTGTTCGCGAGTGATCGGACCCGCGCTGACCGAGCCTAGCAGCTCATTCACCCTCGCAACACGGTATCTTGTCATTGATACGCAGGACGCTAGCGTGACTCTGAATAAGGGCCGCCATAGAGTCAGCCCCTCTACAGGGTTCTAGGGACCGCAATAACTCACCAAATTTAGTTAGTCCTTCGGCGCTAAGGGTATCAGGTAGGTAGTACCACATGACGAGAATGTACGCCGCAACGGAATTCATGGAATAGATCCATATATTTGTTAGTAGTGTTGTCCACGAAAAGTAATCCTTCCGCATATGCACAGTATGTCGGGCACTTGGCGAATATTCATGGTAGTCGAACTCTCTCTATCATCGACTTAGACACGTGCTGTTTAAAATGATTAATTCGTCATCGGATATACTCAATCTCGAGGCTGGGGAGACCAAGGTAGATGCTGGCCAGTGCTGGTTTAAATACGTCACTCAAGTTAGCACTTTTAGGCAGTA,1330,48.95,Saccharomyces cerevisiae
SEQ_182130,TTTTCTCTGTGGTCCATCCTAGGTTCACCTGAAAACAGTAAGCCATCAAACTCCCGGTTGTATGGGAATGTTAAGTCGCTCTATCGTAAGAGCCAGCACACCGTGATGCAACGGTTTGTTCTCCGCCTCCCTATGGCTTGATGTCGCTGTTTACGTCCCGGAATACATGA,170,48.82,Caenorhabditis elegans
SEQ_597094,GGGAGACAAACCGTCTGGGTGCCCGGCCATGCTAACACATCTGTCTTAACCCAAAAACATAAACGGGACGCATGCGGTAATCGGTCACGGAACCTGCTGAACGCTTCAGTCCGAGCCCTGACCGCCATCGCTACAGAGTGACCAGTGCACTTCGTTGATCGTAAGGGTCATACGCTCCCATGAGTACTTAACAGAGGCATGTGTTGTTAACCCCATTCGGAACGATCTCGACACAGTTATTGTGCCGTGGCTGATTTCGGGAGTTTTCCATACTCATGTATTCATCTAATCTCTCAGAATTCACATGTTCGCGTACGGATGTGATTAATACAGTACTACAGAAACGGAGGTTTCGACGCAAAAGCGTACTGCTTCTCAGAATCCCGTCCTGAGGGCGTCCGCCCAAACCCTAACCAAGATCTGCTTGTGTCATACGCAACTTATGTGACCACGCATATAGGACAACGAACACAGGGGATCGTCCAATACGCAGACATGTGGGGTAGGAGCATGCAAGTGTAAGCTGGCGCGAGCCGGATACCCCAGGCTGAGTTTGAATTGTGTTACTTGATATCCTTCCCCCTGTTACGCTAGGGCGCGGTGAAGCGTACAAAGGTAACAATTAAGCAGGCCAGGGCGGGCGTTCGATAAAGATAGACGCATGGCAAACTCCCATAATAAAATGCGAAGAAGGGTACTTTCTTGTGGGATGCTATGTAAGTGGATGTACCGGTTAGCAAGGTCTGGGACGAGCGTTATGCCCAGCTCTGGGTAGCGGTTCGCGCTGACACTAGCTATGTGCACACTTTTGTGACAGACATACCCAACTGCAATACAGTTTTCGCTCGCATATGCCACGCCCGGCGAATACATCTGTGCAGCCCTGGCCCCTGGACGTGGACCTGTCCGTAATAACCGCGTAGGTTTTTATACGCACCTTTTCCTACGGCGTTACAAAGAGCGGACCACGGCCCGACGTTCTAGAATTGGACGAGCCAGCATACGCGCCATGGCAGTATTCACGCAACTAGCCAAATGCGTTTAGACGCGGATTGTCCAGCAGGTCACAGACGACATCTAGTCGTCATGGTGCAGTCATTGCACGTCCTAATCTGCTAGAATAAGCAGTTCTTCCAATCGTTGACCTACTAGATCAACTGGCGGCTGCCTACGAAATTCAGTCACACCTCCTAAATGGGAGAACGAGTCCGTTCCTTGCTCTGCCTGTAAATGTATCCGAATTCGCAAGTCAACATGTTTGGCCGGGGCATCATCGTACCTACTTGGATACGCGTGGATCTTCAACGTGACTGATGGACAATCTATCCCAAAATTGCGCTCGGCGGTAATCAGATCGTCTGAGGATGCGGTGAGTACGCGATGACGGTTAATAGCCTTAGGATAAGATTCAAC,1413,50.74,Arabidopsis thaliana
SEQ_905227,TCGCTTACTCACTAGATGAGTCACTGTGAAGCCAAACACGTAAGCGTAGCCATCAACGCGCCGGTGAGTACTCTGTTCGCTTTTCTCTGTATGTACTGGCACCCCTAAGTTAATGGATATGCTAGGATGGAACCATCCAAGTCGATCTTTGAGGAGACAAGTTTCAATGGTGGGCCATGTGGGTGCTTTTTAGCAGCCTCAACACGTTTTTTACCGATGCGGCGGGTTGTTCCGACTCGTCATTGAAGTACCTCTTTTATCCTACGTTCTCCATTCATACATAGACCCCGCTCCTTCCGCGGTATCGCTCATTAAGCCGTAACATTTGTACCTTCGGCCACACCCACTACTATACTTGGCACCGCCACCGTGTCGTACTACAATTCTAGTAAAAGGCCGTGTTCTCTCGAGTACTCACTCGCCTAACCGCCGCTGAAGAGTGGACAAACCGGGGTGAGCCCAATGAGTAAATGCGTACTTGCGGACTCAGGTCCACCCTGTGACATTCGGGCCCTCTTTAGAGTTCGAAAACTTAGGTTACGTGCCTACTCATTTTCGGTGAACCGGTACCATTGCTTTACCGGAAGGGCCAGCTCACTTTGCGGATTTCGACCAATCATGGCTTAGGCTAGGACATCAGTAGACAATCTAGAATTACGGTCCCGTCCGGTTTGCTGGACCTAGTGGTGGGGGCGGATTTTTTGCATAGCACCACGAGTGCGTGTTGCATCCTGTCATATACTGAGTACTATCAGATGAAAGGGTGTTCGGTACGCTTTCGTGCCTTTGTTTCGTAACATACAGAAGTCGAAGAGTGGGTCCCACTCAATACCAGAATTGCCCGGATTGATGCAATACGGACTACCATTGTACTGTCTTTGCCATGACCCCACCCCCTTTTCGTAATTATGGTCAATTTTAGAGCTTCTGTTAAGACTATGTGGGGCATTGACACTAAGAATGCGTCACCGACAACGTTGTTGAGTGTATGTATGAAAAGGGCAAACCGGTAGGTGGTAGCATAATTAATCCGGCAAGAAGCTTAGAGGGCCTTCCGGCCCTGGCTCATCCGCGCGATGGTCCCGTCAGAATATCGCACTTTGAGACATACCCCAATTCATGGGGGGTCCATGAAGAATTCGCATACAGGAGATAATATCACACCCTCAACCCTGTAAGGGCCCCTCTTCGGATATAGAAGAACACAGCGCCTGTTCCGGGGTTCCACTAATCTGGGGATGTTGGACGTGGTTCCTGTCGCTAGCTTAAAACACCTGAACACTTAAAAACGTTATCT,1297,49.19,Homo sapiens
SEQ_731226,AGCAGAGACTCACCCTCCGCGCTACAAGATGCTCGGGTCGGTCGACCTTCGAGATGCTACTGTTCCCCGTCATTTCTAGTACGGCATAACCGGTCGTGGAGACATCCTGTACACTAGACCCTGTTACCCCCGGACAGCGCGGCGAGTAGCACTGCATTAAGCGGGATCTATCGATGGCGAGCCGTAAAGGAGGGTAGCCGCTTGCCATTGATGTTATGATCGACGCCTCACCGTTCTGTGATGAAGTGCATCTTGAAAGACGGCTTGAAATCTCGTCTCATGCAGTTAATTAATATGCTAAAAATGGAAATGCTCAACGGTTGGCATGATAGACCATCGCCGCACACCTGTGACGATTATGCCTTAGGTAAGACGTTTCCGGCAACACAAGTGCGAGTTAATACGTTAGTAATAGTGCAGGAGCCGTACTCGGCGCCTAAGGAAGTACGACGTATCCGCAATGCAAGTTCACGGAATTCCATGTGGCATCCAGTCGGTGT,500,51.4,Drosophila melanogaster
SEQ_348595,CAAATCTACTAAGCCACATAGTTGCGGAGTGAAGGTCTCTCCGGCTCGAGGAGTTCCGTCTCAGGCTCTTACTCATCAGCTGACGGGATTCTGACGTGGGTCGACTGGCTAGTCGTACGCTGGGCATGATACGTGTCCTTTACTGTCATAACCGAGAACGCTTGGCCGACTCTTACCTTATGTAGATTACGGACTAAGATGAGCACACTATACGGGGGCCGTGCTTCGTGTGTGTGTTGCTAAGATCTGACGACAGGCGGGACACTCAGATGACGCGTACCTGTGATAACAGCCTAGATCCAATACCTTGATCCCGCCGAGCTCGGAAAATGTGCGAGGAGGACATCTGGGTGTCAGTCGGGAACTGGTCATTGAGGAGGGGGCCAGGAAGAAACGGGGTGGAAGGTAATTCTTAGATGCAATATCGCGAAGGCTAGCACAGGACCTCTAATTAACTATTTCGTATGCAGCGCGAGCTACCCCTTCTAAGGACCGAGATTAAATCAAGGCGCGTTGCGCCACGCCGAAGAAAGCGGCATCTAATGGCACCTTAATTTTACTGTGGAACGGGTGTTGCAGAGCGTGCCCTGCGAACAGCGGTGGGATCTCATAAGTCAGAGTCGTCCGAGAGGGGCAACCAGCACAAGGATATACCGTACTTGCATCTGACACGTCACACAACTCCCATTATATCCCTCTCCAGGCAGTCAATCTATACACACACGTATTGGACCCGGTGAGAGTAGCGCATGATTAGGCTACAACCATGATGCCCGGATAAGCAGTCGCCGAGTCATGTAAGTAACCCGCAAGC,814,52.33,Saccharomyces cerevisiae
SEQ_506165,AATTCGGGAGCGTTAACGGGATCATAAGCAACTTTTCCGGTAGGCAATATTCACTTCACGATGTCAGTCTGGGGCGCGCATAAATCAAGGCGAAGGTCGTTAAGTGGACATATGAAAATACCGTCAACAACCTGCATACCGACGTCGCCCACGGAAATTGGTACTACAATGCGCTCATTGATCTATAAGTCCGAGAGATCCCGCTCTAAGCGGTCACCGCCGGATCCGCGCACTTATGAGCTGATGGCGGTGAACCACGTTGTGGTCGGAGCGCTTACTAGAAACCCGACCAAGGATAGAAATGATTCCGAGCACACTCTTACATAGTACACCCCCAAAGTAGTGCCCGGCCGGGATGATGCTGCTCGGCCGAGGTGCAGCATACAATGTCAGCATTCTCTGGAGACACTTCTGGAGGTGCTTAATGTAGCACAGCTTCACCATTAGGTGCAAAAAAAAAAGATATGCCACATATCCTCAGAATACATGACCGAGCGAGTTGACAGTACACTTTCAATTCCATACAGTTCCATGATGGCGTCTGCCTTAACTCTTGTCGGAGTTCTCATCCGTG,574,49.48,Arabidopsis thaliana
SEQ_963586,TAGAGGTATCACCTTGATCAACGGAGGAAAATCTTTTTGTCGCATGCTATAGCCACAAACGGGGATATTGGGGAACCGCGCAGTCTAACATCAAGCTGATACGAGTCGCGTTAACTATCCGGATTCTACCACTTGGAAGCGAACTGGGCAATAATATGGTGACGGCACTGGTTCGGGCACCGGGTGACATAGGGATGTGATTCGCCTGGAACCTTCCCGGTCTCGGTGCCAAAGCAAGCGAGGCATCTAAATCGTCCGCTCGAGTGCAACTTGACTACGGTGATACCTCTCGTGCTAATTTCGTGATTTCGGCTTGTTACTTTATCGATCGGCCTATAAGATCCGGGATGGAGCACTCTGACCTAATGGAGCCTGTTTTTTGGGGTAGAATCCCGTAGTATATATTTAAAACGTCGGACATTTCAATCAATTAAGTCCGACTACGATAGAATGATATTATATTGGGCGGTGCATCTGCACAATGCATCCCTACTCTATCTGCCGAGCCGTGGCATAATCTGAGAGGCCAGCCACTACGACCGCCGTAGGTAGCGCCAGGGCTTTGTCCAGCCTGGTCCCGGCTCCTAATCTTATAGGTCACGTAGGTGAATTTGAACGCGATATAGAGGCAGGATCGCAAAACTACTTTATAAATTTGGACTCAATACTCGAGATACCCCGGATACTC,688,48.69,Saccharomyces cerevisiae
SEQ_672714,TATAGGGTTTTAAAGGGTCGTTACGCGTGCTCACGGGCGATATACCGTTAAAGAACTTCATTATAGATCACTAGTCCCATCATAACATGTAGCTTAGAGAAAACAACTACAGGTGATCGCGATGGGATCATGCCGGTGTAAAACGCACTTAACTAGAGCATAGCGATAGATAAGCTTCCTTACCGATCTCGAAGACGGACTTCGAAGGCTATAACTATTTAATCCCTAGAGGCTATCGGCAACGTGAGTCGCACAACTATCCAGTTGTGTTTTTTCACATGCGTGTTCGTTGTTTGGTCGGCGAAACTCAACGCCTAGGCCTGCTTGTTAACGCCGCTACACGACTTCACTGCCGAGCCCCGACTACCCATCTGTCTACCAACCCAAGTTACCGAGAGGCCGAACCCACTATCCGGGAATGATTCCATACGCAATGTAATGGGGGTCCGG,450,48.22,Drosophila melanogaster
SEQ_625187,CTGCCGAACAAGACGTTCGTATTCTCGAGTGCCGATCGTAAGGCTCTCTTACACAATGTCTCGGTGATAGCTACCCAACAGCCAGGGCATAGCCCCTGTGCACAATGGAAAGCGATAACCGGTGCATGGGTTTGTAGGACAGCGTATCCGCTGGCTTACTTGCCGTATGGCTTTGGGAGTAGATACGTGAGGCTACGCATTTATCTGATGATCACCGCGTTCTCGTGAGGCCCTGGTACTACACACGATAGCTTAGAGTTTTAGGTGCGTGGTAACCAAGCTCTGGTGGTGATACTAACGGGGGCTGTACAGAGACACCATGCTCGATGTCACGGAATTACACCGGATTAAAGCTATAGCAACTCAGAGAGTAGAGATTATCGACATATCACACGCTTGGAGGGCCACGGATTCATAGAGTATAATGATAGCTGTTTTAATACTAAATCAGCCCCACTGTCGCGAATAGGGATTCGATAGCTCTAGCACGTAGATGGGGCTTCACCGGAGGCTTACCTGTAGTAAAAAACAACATACAACTTCTGGGCGCTGGCCCCGCACGATGTATGTGCCGAGGCCATGCATACCTGCAGGGCTGCGAACCAGTCAGACTCGTTGGTGGAGAGTTCGGGGGTCATAAGCAAAGGCGACTTGCGTGTCTGCAAAGAGCACCTTCCTCGCTTACTGGTGTCGCTGGTGAGAGGGTTAACCCTTGTTACTGGGTTTCTAGCGACCCAATTCAACAGTCCTCTGTGCAGCTCCTGGCTCGCCTTGCTTCCAGCGTTCCCAGGCATCGTAGGGGTCCCACTACAATTTAGCAATCGTAACAAACATAGGCTCACATCGATCATCGCCCTTGATGGGAGAACGAGAACTGAAGCTCAAACACGCGCGGCCTGACTCGGCCCCCGGACGGCTTACCAGACGTTATAGTGTTCGGGTCGTCCACGCTCCCGCGATAATGTAGTCTTCGCTACCCAAATGTTCATTT,991,51.97,Caenorhabditis elegans
SEQ_301174,GAACCCAGTCTCCTTCATAGCACTTACGTCTAATCTATGCGAGGCTATTCAAAATAGCCCAGCCAAGATTAATGAAGTAGGGGATCACGGACCTATATACTTGCATAAAGCGATGCATTTGCACGGGGTTGATTCCTCGCGAGAACGAACGGTGCTTCGTAGGCCTCAGAGCAACTGTCGCCAAACTTGCACGCGGTCTGCGGGCGTACAGGCTATGTCTTGACATACCTATATACAATCGCGGTGGCACACGTGTACCTACAAAAATGATCGAGACAGCGCCTTCAGGCTAACCTGGATATAGCTCTCTCAAGAAGGCCGTCTACGCAACCGCGGATCGAATCAATCCGATAGAGTTGAGCAACACAGTTTATAATTCACGGCTGTCGAAGACGTTTGCCTGCCCTGCAATAACAGATAGGGGCTATGAAGACGTGGTATACAAGTGGAATCTAAGGAAAGCGTGGCGTACTGATTAGGAAAAGATGTTTACTTAAAAGTTAATAGGGTCTGCCGGACCCACTCTTTATCCCCTTAAATAGTTTGTTCTTAAGGTCGCGCGCACAATTTGCAGGATACTGCGCCCCTATCAACCTATGCCGGGGTCGAGCTCTCTCCTTAACGATACAGAAACTGGAACAATACGCGCACGCATGGATCTTTGGGTTCCAGTTTGTCTTGCAATAGTTCTAATAACACTATCGTAAGATCTCATACACTCAGTGGTTCCCAGTTACTATTCTGCATCGCCGGTAACGGCCGGTAAAATCAATAAAGGCTAAGTCACAACAACCGATTCGAAACGGGGTGACACGATGCTCTTTAGCGTTTCTCATCACAATTATGCTCACGCAGTTATATCGGTCTACTACACTGAGTTG,881,46.99,Escherichia coli
SEQ_473000,GGGGTGACGCCTCGCAAGTATGTGGCTTTCTGACACGACGCGGGTCGCAGAGAACCCGGGTATGGGTTACTAGATCTCTGCAGAAAGCAACAAGGACAAGGTCGTACCTACCTAGTTCAAGGGCGATCTCCATGGTACGCGCCGTAGATTTGTGTTTTGGAGCGCGGCGGCGACTTACAGGTGTGTGCCGCCAAGGTGACTGACCTGATACATTAGGCTCTATGGTAACGGTTAACAAAATCCGCCGAGCCACAGAGCGCGAAATTGAGGATCTTGTTTCAATGACCATATCATAGACTGTTCTTTAGACTAATATTACAAGTAGTGAACAGTGATTGTGGCCATGGCGCGAAGGGGCGCTGTCAAAGCTAGTAGTCTATGAGATCGCTAGTCTTTCCCCTTAACCTGCGCACATCGTAGGCATGGTGCATAGTTGGAGATAGTGAACCGGGGACGGGTATCCAGCCCACGTGTTAGCACGCTGTCATTACAAAAGACAACCCAGCGCAGGCCGCGCGAGGGCTACACAGTAAGCTAACTGGCGGGGAGGAAGTAAACCGGGTCTCTGCAGTATTCCCGCATCTTCGGACTGACCCAACCTACCTCCCAGAAAAGATGCGCAAATTTCACGCCTCGGTAGCTTCGTCGATAACCGACCGCGGAAGGTGATTAGCACCCAAGCTTCGGCACGTGCTGAACAGTGAACGGCCTCTAGGGCATCCGTCTTCACCGGTTGAAGGTATCTCTAGTTTACAAGACCTTAATGCCTAGCTTCCTCAGGAGAATAGACAGAGAACTGTCCCGAAGGCTATTTCTGGCGGGCCGTCTTTCCGGTTCGGATAGCACCGATCAGTAGCACACCTTTCCTACTTCGCAACTAACCCCGTTTAAAGCAGTTAGCATCCCTGTAAGAAAGATGGAGTTTCCAGTGGGGTTGTGGTTTTGGGCTGACTTAGCAGTCGGGATGTAGGGATCCAAGGTCCGAAGAACACGACGAGCACTTGGCTCGGCGAGGTGAAGCGTTTATTCGCTCTCCGCCCACAGTCCTAAATGGAATCACAAGGTGAACAGTGCCAAATGTCGCAACACTGAACCCTACCTCACTGCCTGAGTGGAGGCACAGGGTTGTTTAATAAATCAAAACAAGAGGTACCTGCGTAGATTTGCCACTGAGTGGAGGCAGCGCTAATAGACTCTTTGAAGCAATGAACAAATATTTATTAAT,1225,51.27,Escherichia coli
SEQ_642547,GCGTGCACCTTGACTTCGGTAGTGTCCTGACGTTGGCTATTGGATGTGTACCGCTCGACGCTAGCTCTGTGGAGCCCGCGAGGTAACAACTACTACGGCTGAGTGCCATTAAGCGTGAGAGCTCGACGTTTTAAGTAAGCCTAGCGATCGGATGGCGCCGTAACTCGGAATCAAAGGCACATTATACCGGTAGCTAAACCGGTAGGTCAGACATCCATCAGGAATATCACGTGCCTAGAGTAAACAGCCCATCCTACATATATCAGCTTGATGAATTCAGGACATAAACTTAAAGCTCCAGTAGAGGCGGTGTTGATGCTTGCTGGATCGGACCGCCTCGTGTTTAGGGTCGGCTCTCTTCAGAGCGTTCTCGATGCAATTGCCTACATCGAATTAGCTGCTATCATTTGCTAAAGGTCACTTCTGTATCCTCTGCCGGGTCTGATGAGTAGGTTGCCGTAGTCGGACCATAACCGAGCCGGGCACAGCTTTAACAGGTCTTGGGTTGGTCGGGTACGTACCCTTAAGCGCACCTACACGATTCGTAGCGCGAGATAATTCACCTAATCGCTTGCAGATGCGCTCTCTCGTCGTTTCATCTGACTAAATGATTTAGTAGATCCGATGCAGGTTTCCCAGCTCTGTCTCCAGCCATTATGCTGAAGAACCCAAAGAATTAGAGTGCGAAAGGCATGCTTGACTGAAGAGTTAGAGTTCAGGTCCACCTGACCAGCCGCACTGCGTCCATGTAAAGACATTCGTAGGGATCGGCTATTTAATAGTGGAATGCGTGTTCTTCGTTCTTTCCACCATGAGTATGCGGCGAACCCGGATGAAGGACGCCTTTCATTCCTAACCCGGAGCCAAGTCTCTTGTTTGGAAAAGTTCTCTGGCGGAAACCCGCCCGAGCATGACCCCGGTCCCTCTTAATAGTTTAGAGCACGGGGCGTTCGATGTTTGTGTAGTGTTCCTGTATGCCGCTCTAGTCATGAGCTGATTGTTCATAGAAATAGGTGTCCATACCTCAACCCTTCAACCTCTACGATGTGGTTTAACTTCGAGGGACTGACGATAAAATGGGGTCAGGAGTTGTATTACTTAAGCCTAGCATGGGCCTATCCAAGTTGGATAAGGCCTAGTACATCTCCGGTAAGATACATGACCAGGATTCCGGGATGATCGGAGTCGAAGGGGTAGCAGAAACAAGTACTTGCACGTTATACCGTCAGATACAAGGATCCGCTGCATCATTGTGCTTCAGGTAACGGGTGCCGGCACTGATTAATACGATGAATCTGATTATGGATGCCGGCCAAATGAATAGTCTTGCCGGAACGCTCCTTCAACCTTTCGACAGCAGAACCGTTGGGCTCCATGGTCCCGCTTCTCACCGATCTGATCTGTAACATTCTTCATTGCTATTCCAGATTAGCTTATTGTGCATGAACCCGTGTATGCGATAACTTTGGGACTCCAAACTCCTTAAGATAACCGAACGATGGTCATGTCCCCTATCTCCCTAGGGCTACTAAACTCACTTATCACGGATGAGGAAGGTGGGTGGTCCGTCCCCCAGGCTAGTCACCTTCAAGGTGATAATCGATGTAAAAGCGGCTCGTTCACACACCTTCATCTTGGAAATCATGCCGCTGACAACCTGGGGTATCGTACAGTCCATAACTGAATCTATAATCTTTGACCGTACAATTGCTCCTCCACAGATGGGCGGTCCCGCTTCCTCGAGTACAGTTGGCAAGGTTGTGCTCATCGGTCGGGACACTTACGAGTTTGGAGACGAGTGCCCAACTACCGCAAACGCGATAACGCCTCTTAGACCGACTTCTTCCGTTGTAACCGCGGCCTGCACTGAATTAAGGGCTGTGTCAAGGAGCTCAGCGCCGTGCTTATTTTGCTGCCGCTAGCCACGGGCTACCAATCCCTAAGGGAAGTGCGT,1954,50.1,Arabidopsis thaliana
SEQ_321497,GTCAGTAGTTATCGTGACGAAGTCGATCGACCACATCTTACATCTTTTGGTACGCCGTAACCCAGCGCCCGTACGCCAAAGCTACCACTGTAGTGAAACGTCCTGTTCACAACCACGTGGACCTGGGATTTGAAAGGGTAATTACCATAGGGGGGCGATCGGCGACTTGGAGACCACCGCGCAGATGGCTAACGACTTTTGGCACAACAAGCATGGCGATGCGGAATGACTTGCCCGACGCTAGAAATGGAACGGCTGTAGTCATTAGCTATCTATGGCACCGACCCAGTACGATTTCGCTGACCTCCAGAGGAAGGCGGAAGAATCATCAAGTCCACATTACATACGAAAGCTGACGCAAAATACAGACATCACGGCGCAGAGTCAGCTCTGAACTCGGCCCTCCGCCGAATAGTGCCGTATGGCCTTTGGTAGCACATTACCTGAGATTTCAGAGAGCTGACTAGGCAGCCTGCTCTGGATCGGACTCTATATG,496,52.22,Mus musculus
SEQ_867202,TGTGTCACGAAATTCCCAATCTAACATCTTCCATTCACTCCTTCGTAGGTCACCGGTAGTTCGGATAAACATGTTCTTCGGAGGGGAGCATAGGAACCTAAAATTCCACCATTGGACTCTGTTCTGGCCATAGTATAGTCTAGGGATGAAGTGCTCTTAGTGAGCCTCCGGATGGTTCTCTCCACTCTATCAGTGAGAAGGACCCAGAGGCATTTGCGCCATCAATTCGGGATTGAGAGTCACTTCGAGACCGGGAACGTTGGCCGGATGTAATCCATGAAGGTAAGTTTTTGAATGGTCGCCCCAGACAGAAACCGACACTAGACGATGGCTAAACGCCGTAAAGTCTGTATTTCTTGCGCCCAGGTCCAGAAGGCGATCGCCCTTATTCTACTGTAGATCAGTTTAAATGTACGTGCGTCCCATACTACTGAGACGCGTCCCACTGCGGATAACGGCATGAATCTAGGGCCGTCCCATCCACACATCTGTTACTCATCGTAATTGGGAACTGAAACCACATGATGTTAGTCCCGGGTGTCAGTGCGTCACGTGCACCTTAATGACAGTCACGGTCAGGTACAGTGACTAGTGGGCAGTTTGTTCCAAAATGCGCGGTAGGACTAACCCTCCTAATGCCCCTCCTGCATCCCCTTGACTTCTAGTGTGAGCAATTAGAGATGGAGCCCATAGTTGCTGTTTTTTATCCAAAGCCGCCACGCGTCCTAATTTACCGGGCCGTAACCAACCCGGAAATTAAATCATTGTCCTTAAGGAGATCGGCTAGTTACCTGCGAATTCCGCCACGTGGGATAGCGGTTCGTAGAACAGCCGTTGCGAGAAGCGCAGTTCTATTACACTTCACTCGCAACTACAAGCGCCATATTTGGTTGTCGCGCAGCCTCTCTCAAACTACGGACTAACATTGACTACGCCAACCGGCTGACGGAACTCGGGTGATCCGGCTCCGCCAATCACATTCCAACTAAAATAGTCTAGGCTTACACCAATGCGCGAGCTGAGGTCTGAGGCCCTACTACTTACCTAGCCAGAATATGCGCTACGCACGAATTCGACAGTCTGAACATATAGCATCTGGCAGCTCTCGCGCGCTTATCTACGTAAGGCCAG,1131,50.22,Escherichia coli
SEQ_597845,ATTGATACCAACGCATAGCTCCCATTGGCCTCATATTCCCTTAATTCCAACTATCGTGGAACCCGTGGCAGTGGAACTTTCTTTACTACGTTTACAACTTAAGTTCCTAAGGCACGGATCCAAAACGTTTAGATGGCTCGATAACCGTAAGACATTGTGGCAATGTGGTCGCGATGTTTGGTCGAATCGTGCATTCACCAGCATTTCAGAAAGCTCCCGGTATTTTTCCTACGCGCAAAGAAACTACCGCACGTGTCCGCTAGGCTCGACGATCTTGGCTCGACAGCTGCTCCGAGACACGATCCGCGACTAGAAAGTCGCTGCCAGGGTGCGGAGCTGCTGTCGATTTTAGTAAGGTCTTAAGCAGATGGTAAATT,377,48.54,Saccharomyces cerevisiae
SEQ_256874,TCGCTCTAAGGATTGCGGAGAGTGTCTTCCACACCGACGGCGGCAGAATATTGTAATACAGATTGTAGTCGCATGATCCAGCTTTCTTCACAGCGCGGTCCACCCAAGCAAGCAAGTACCTGTAACGCGGGGCCACACAAGACAGACGCGTAACAGCATGACGGCTAGAATCGGCCCGTCCTAACCCAGACGCCACTGGCACCCTGAAAAAGTTTCCGTAGAAATAAAGCGCACCAGGATGACTGCTGTGCTCTAGCCTTCATCGCTCCTCTGGGCGGTTCAGGGAGTAACTAAAAAGAATCGACCCACAGCTCACAAAAAGTCTCGACTACGCCTGAATTTAGTGGAACTAACTACTCGGCGAGCATGCAACGCTGCTCGAGACTAGTGAAGCTTGCTTCTTAGTCTTCTGACGTGGCCAATCCTCCAAGCCTCCGTGAGAAACCTGAGCGTTAACTCCTTGGTATCGTACGCAGGTATACGAACCTTGAGAGTCCAGTATACCACTTGTCCTCGTTTTTACCTCTTTCGGCTTCTCCTGTACCCAACCACGTCGGTGCCCAACCGGACCAGGGTGCATCGCGGCTGAAATCATAGAAG,600,52.33,Caenorhabditis elegans
SEQ_118332,AAGAGCTTAACTATTAGTATATCTTTTCTCTGCTCTACGATTGTGTATCTGGTGAGCGGTCTTGCTCGTCTCTACCGGCCCAATGACGTCCGTTTCGCTAAGACGAATTTCTAGAAAGTGGTTTACCACCACGTCCGGTGTCACTAATGACTTAAAGTGGAAAACAATACCGCCGCCCCACACCGGCGTCATTGGACGGGGAACTACAGGGAAGGCTCCTATTTTGATCCCCCAAAATAGTTCGAATCGCGCCGGATATGCCATATTAAGAGGTATCCACAGACTGTGATCTGCGCCAGCCGTGGCCACTGATACCGCGGGAATACCGGTTCTTTTCAGGACCATCTCACATATACCCTAACCGCCGGCGAATTATGGCGGTCAGTGATGAGTGAACGTATACTCATCCAGTGACCCTCGCGGGCTATATCTGGAGTTAAAATATCGACAGACTGATTGGACAAGGTCAACGTCCGAGTCGAGAGGCGTCCCCACAAGTGGCTCAATAATACGCGTGTTATCAACAGGATTTGGTGGTTCAGAAGTGCGCAAGAGCTAGCCGAACAGGCTGTAAAGCACACGGTCGACTTAGCTGTAGAGGCTACATATTCCAGTGTTCACGTTTACGTCAAGGCCAACACGTCTCTAACGCACCTCTGCGCCGCTGGTTCAGACCTCATGCGGCTACTGAGATCATTATACCTACAACGTGGGTTGGCGTCCTCCTAGATTTGCAATAGTAGCTAAGAACTATTCGACGCGATGGTCAATAAGTACGCAATAATCGTTTACAGGTGGTATGCTTACACATTGGGGAGGAGTAGCGACGCCATTGTGCCAAGGGGCATTCCGAGTACGCTGCACACAATCGTGAAGCCCAAGCGTACGACGCCATACTCATTACACCGTTGTATACTTTTCAGCTGTCTACACGCCCGTGATAACTAGTTAAGCTCTCAATTGACTACGGCTCCGCAGTGGTTGGCCGAAGCGTGGATTACTGTATACGTCAGTCTAACGGTTACGGCTGGTACAGTGCCTTTGTACGCCCTATGACGTGTAAATATCGGCATTGCCCGGCTGAGCTCAGACCGCAAGGTGCAACGAGATATTGTCTATGAAACTCACAACCT,1133,49.87,Caenorhabditis elegans
SEQ_722763,CGGAATGTCGGCACCATACCACTTATGAGTGCGGGCAGGACCATGAGCTGCCCCCCCCAAGCCACCCATAGTCCTGCGGTTCCCTGTGGCACTATCAAGTGACTGAACGTGATTCGGTAGGCTCAACCCCTACGGGCCCATTAGGGCCCCCCAGATCTTGGCAGGACAAGTTCTCTCGTTGTGTTCGACTAAATGCTTCCTACCAGAGTATACTTGAAGTTATGGAGGCCCTGTGCCCTACGTGGACCGGCCCATGATTTAGAGGCCTCAGTTTCGTCGAATAGAGGAGATAGAGGGCGCTCGGATAGGAATTACCTGTCGGATTAGAAAATAAGACACTGAGCATTCAGTCACTATTAGGGGGAGTGCCCATCAAACGCGAGGTGGACATGTAACTGATTAGGTAGAGAAATGATAGGCGGGTGTCTCGCTGTCACGAAACGCTTCTAGCAGCGGAAAGTATGTGAAACGCGCTTTTTGCTAAGCCACCCCCCTTGACCACGGCAACCGATCCCCCGGATAAAACCATGCTATACGGAGCAACACGAACCATTATTCGCCTGACTGTGAAGGCTAGGCAAAGATATATGCCGTGCGTAGCCTACCTGAGAAACCCTCTATGTTCTTGCATACTAGTAATTTCGTTTTTCTGAACGAACAGATTCGCGCACGATCGCTTGACTGCGGGGTGCTCAGCGCCTGAGCATAGCTGGCGGGACAGCGAATTAGACTATCCAAATCAGTCACTTAGAATGCCAGCAGCGCGTAGCCCGGACATCTCAGGCACGCGACCTTCCGGGTTCATGACTCGGGTAGTCCCGTATCAAAGACTACAAGAACATGTGTGGCAGACCGTCTGCGGTGCTTTGTGACAATGGGCGAGGCTCTGGGAAACACACCAATACCGGCACGGTCGGGTTAGAGATCCAGCCGCCATCAAGCTTAAAAGTGGCTTGCTCTTGGCACGTGCCGTACACCACAGCGCGTCGCTTCGGTTTACTTCACATACGTCATGGACTTTAGCAATAGTCCGTGGCCGATTGGCAACCCGTTTACAGAAACCATTATAAGAATTGGGTGTCCTCTACCGCCCGTGCCACAGAAGGACTGGAAGCATGAGTACCGAACTATCGACCCGGTTTTTTTTATATGTTCTCTCTAGTAAGGTCCAGCCCGGATACCCCAGACGACCCGAATTAGCCCAGACTAGCTGTGGAAGGTCGATTGTTACAGTCCAGGTGCCGTCCATTTGCATCAAAACGTCCGATTTCGCGTCGATTATCCGCAAAGGTCGCGACAGGGTGAAGGCAACCGAGCCGGAAACGGTCTTAGAACCATGTCCCATGGGCTGTCCCCTCCTATACGCAACAAAGGGATAGAACTCCTTCTACGGAAGGACGTCGACTTTCCTAGGTTCGTGAAAGCACGTTTGCGCCACGCCGGCGGGAAAGTCCACTTATGGACGGCCCCCAGGGACACGAGTAGAAAATAATACTTAACTATAGATGCTGAAGCCAGAGGCCACTCAACACGAGACGCAAAGTTAGATCGGGGTCGCCCATGGGAACAAGGCCCATGTATAGAAGTTACTTAATGCCTCTCTGCGAATGGCACACTCATTCGTGTCCCTACAACGGCTCTTGCGACTATACTCGACGCCTGGAGCGGAGAAGCATCGGGGAGTCTGTCAAGCAAACCTGCGTGCAATTTTCCACGTCTTCCGGTTCCCAAACTGACCAGTTG,1743,52.73,Arabidopsis thaliana
SEQ_749713,TAGTCATGGCCGAGCGGACCAAGGAGGGAGCCGGCCACCCTGTTGACTAATTTATTCTATTCTGTACGCGCGTGCAACCGAGCATAGCCCTTCATCGTTATAGGGTTGTTAAGAGAACTTGTATTCTCCGTACTTTCATGTTAACGTCAACTAAAGCTGGTCGTCCCATCATACAGCGCACCACATCCTACTATCGATAGAGGGCCAAACACGTTAGCAACCATGACTGCGGCCTCAACAACTATGGGGATCCCGTTCTGTGCGGCGAGCTAAGCACGAATCCGGAGTGGAGGACTATTCAATTAGCACGTCTAGCTAGACAATCCTCTTACGGGAACTCTAATAGTGCACCCTATTCCTTGAGTTTGTATAGATGTTCTGCTCGCAGAATTCGGTAGCTAGCAGTATCCTGGCCAGTTGCCATTAAGCCGACTATAGGAGCGATCGTGGTATTGACCCAATCGCAGAGTAAGAGGGTGGATACGCAATTCTATTCGATGATTATACAGTCCGAATTCTCTAAAAGTTCCATCACAATACAGGTACCTTCGTCCGACGGGTGCGCGGCCGTACGTGTACTTTCCCTATGATACACGCCAAGGAAGGCTTCGTACTTCGCCATATATCTATGAGGTTTCACGGAGACGGTCAGTCAGAAAACATCAGGCAGCAGTTCGACGACTCGAGGCAGCTAGAGATGGCATCCAGACACACCCCTAGGGTCACAGGGTTCGTACAGACACACGACCGAATCGTCTGGAACGGAATGTCATTAACATCATACTTGCCAAATGTCACTCATTTCCGATGTCACACATACTGGAGCGGGCCGCCGTATATCGAGAGCTAGGGACAAGTGCCGCTTTCGTGCCTAGGTTCCGCTGTTTTTCTCGTGTTGGATTGGGTTCACTGCCGGTAATCCAAAGTACCTGAGGCCAACTTATACCATTGGCAGAAGACCTTCGCATTGGGTTTCGTCAACGGTAATTGTTCTAAATAGGGAAATCAATGTTGTCAGACGCAGGATCTATTTTTAATTCCCACGTGCTTGTTGGTTAGAAGCGCATCAACTGAACTTCTTTTTTCCATACTGTAGAGCCCGGTAGTTATTAAGGCGCTGTTTCGCCCTGATTGTCCCATCGCCTCTGCGATGCACTGCTTAGGCTTGGTCCGAAAGCAGCCGGCTACTAGTAGCTCAGTCATGGACTACCAACACACATCAAGTCACGCAGAACCAACGAAGTCAGAAGTAGCATAAGCGATTGCTCCAACACACTATCTTATACCTTACGAGGGGACATTCCTCCTTTTCGGAAACCGAGTGCGAGTT,1330,48.87,Drosophila melanogaster
SEQ_104307,GTTAATCGACATTCGACTACCGCTATGTCCATTAGGGCGCTTTAGTCCTTGGCTCGCCGTCCGACGGATAGGAAGGGGCAAAATTCCCAATCCCTCGGCTACATAATACCTAATTACACTTATTTGTGTATCTTTGCACGCTCACCTAGTCTGGATGCGTGCTATACACGGTGGTATTATGACCTCCGGAGCCGTATTGCATGTACTTACGCATGAATATCGATCGGACACCGATGTAGGGAACGCAACGCAGTGCAGGGCTGTTCGTTTTCGAGACCTGGGGGCATTCTCCATTTGATTGGTTCCTGATCCCTGGATATTCATAGCAAGCAGGTATTGAGACTATCAGCCGTTTTATTATTGCACGACCTCTGACAACAACTGGGTCGGGACGTATGTACACAACAGAAGATTATAGGCGAGGGTATTAGGAGTAAGGAGTAAGCGTTCTGGTACCGAACGGCAGTACGTCCCTAGACACGACAGACTCATAACCGGTGGCAAGTGGTATGGTCTCAGACTATCGGGATCTTCGAGGAGTTCGTTTGCTAAGGGGTTCCAACAACTCCCGTCGGGACACGGGGCCACTACACCGACAGGTACTTCTGAAATGATTCATGCTTAAGCGGCTCGTCTGCATGGACACGAAGATACCATGTGAATGACCACTTAGCCCGGCAGACGGCCGCCTATACGCTCTGTCGTCGAGCCTTTCCTTTTGGGTGAAATGCACCTGGTTGTACACAGAGATCGCCTTATCGAA,763,50.2,Arabidopsis thaliana
SEQ_373381,CTGCAACTGTGTCCTAAGCGAACGTGTAACTCGTAACAGCAGTGCCCTGAAAAATCAAGTTGGCTTCTCCAGTCATGGGAATCTTCTGGGCTCGTTGATCTTCTTGCGCTATACATGGCGACCCCCACCTTAAGCTATAGCCAGCCTAAGTTTATGCAATATGGAGAATTGCGTTGTACGGATCGTGCAGCCGCTCTTCAGGGAGGTGCAAGAGTTGCTACTTATCCAGCCTATTACATAGACATAAGTTACCGGAGTACGTACAAAGCAGATTCTTTTAGCCGTAGGTAGGGACCGGTACCGGTTATTCCGGCCATCCTCCAGTTCCCCGGCCTCGTCACTAATTGATACTCGTTGAACGTTTCTAGCGCATCTCCTTCAATGACAGCTCTAGGGGCTTGATTTAAACTAACCGTATGAATTGTTTATGGACGCACGCACCGTTGAGGAATAGGGGGGGGATTGTTAAGATACGGTGCCATGGAACGAGGATACTTCTCCCCCGACGTTCAGGGCGAATTAGCAAGCTTCATAGGTGCGAACAGCTAGCATAGCCAGACAGGAACCTCCCCGGACCACGTGAGCAGTCGTGGCAGAATAAAGTACTGTGACTT,614,49.67,Arabidopsis thaliana
SEQ_314735,ACCACGTTTATTTCTAATAGGAAGGGCTTGCTATTAACAGTCCTATTGAATGTATCTTTGTACATTAACACAACTGTGCCGTGAACTTCCATGCAACCGAGCCGAAGGACTTAGGGGCAGTGGGGTTAACTTGCGTGGGTCAGGAATGGTAAAAACTTAGGATTCTAAGAATCGGCGACTGACTTCGCACAGACGGTTATATCTGATTTAAGTTGACGGTTATGACTAGCAATGTGAAACTCACCCGGGTTCCTCCGTGTGTCATCTTTGTGGGGTTGGTACTACGGGACTTATAGGTATACAATCGGTACAACTCCCGACGGAGGATCTTCATAAGGTCATTCTGTTAACGCCATGGCAAATAAACCTAGGGTGAAGACTGGCTTAGCTGATTAAATTTTAGGGTGTAAGCCTACCTACGGCGACGCTAACTACACATCCTAAAGTAGATACGGTAAAGGGGTGGAGGCTGCACTTTTAAGATTGTGCCGTCAGGTGCAAGATCGCGGGACAAATATGTCGGGTACAAATGAAATTGTTCTTTCGCTGCCACATCGAGTTCACTTTGTGACCCTTATGCGAGTCCGGCGAGGCGTCGCTAAAGGAAGTGTGTTTCATTGCGTGGTATCATACTGTACCACTTAAACAATATCGCCTTAAAATGCATGGATTGTTTCCTTGCATGTGTACCCAATTAATGACTAGATAACGACAACGCCCGGTACTACCCGCAGGGCTGAGTGGATGGAATCCGTTCTCTTACACTATTCTTAGTATCCTGCCAATTAACTCAATTTGCCTCACACTGATGGCGTTGTAATCCACTTCGATCGCGCTCGAACGTAATTCAGTGATATCCATAAACTGCTTTTAGAATTAATGCTTATGCGTAAATGGGGGTGCATCGATATTCGATACGCTTGGTTCCCAGGGCCTACTACGCGGCCTCTTTCAAATGGCTATCGAGACTTACGTCTAGAACCTCGAGAGCTTGATACAGACGACGGTTCTGTCTATTCTTCGCCTCACGAATAATAAAACCGATTATATCCATGTGATGTTGGAAGTTAAAGACACTTATAGTTTAAAAGAAACTGTTAGCTCACTCCATAAACGCTTAAAACGTGCTCAAGATACAAGTCCTGCCAATACGTAGACGCTGCGATATCCCCGCGTCTTTCGAGCAAAAGGGTTTACTAACGGGAGCGCCTGGTCCGAGAATGCCATCAAGAGGCTTGGTACCGATTGAGTAAACGGCCCTGGGTTCGACCTTTGATTCATGGGATTGTCCAATCAAAAGAACACCTCGCTCTCGTTCTTGGGCATTTGAGCACTACATTTGCGAGGCCTCCCCTGTCAGTGGATGGCGGCTTTTCAGCAGGTCAGTCATGAACATGTATGGGCTTAGATACCCACTCAGTGAAGGCCTGAGGGATGTACTCGACGGTCCTTCCAG,1456,46.15,Caenorhabditis elegans
SEQ_935959,GATGCTAACACCGTTTGCCGGATAGACCAGTAAAGCAATTATGGTGTTATGTCTGCCACAGGGTACTGCGAACTAACAACGGTAGCGATGCTCAATTGGGTTGGTTACCAGTTTACACATGGGGTCGTGTGCCCCGTAGTCAGGTACATCTTCCCCCATGATTAAACACCGTAGGAGCGTAGTTCACGCGTAGAGCTCAAATAAGTTCCTTACCTTAAACATGGTGTTATACTTGGACGGTTGAGTTCGCCCACTATGCGACGTTTATTCTGATCAATACAGTCCAACACAAGTGGAGTACGGTTATCTGGGGTAAGCATTTGGCGACTGGATCGTAAGCCTGTAACAAGATCTTATTCATTAGTGGCCCTACACCCTTAAATGCCGTTTGCCGAGCCGCAAGGGTCTAGGGTACTAGTAATAGGTGACTCGCTTGTCTCTAAGATAATCCCAGTGGACCACCAAATCGGTGTGAGGGACGTCTATTCCTGCTAAGTCGCCCTACAACAATTTAAGCCCGTCAACATCAGTTGGCTCTCTCCCGGCGCTAGCCGACCTACTGGATACTCTTTCGCGGGTGGTCCCGTAACCTGCGTTATAGCCGGGGGTAGTGTAGGCGACCGTTTTGCGAAGCCTTTGGGAGGGGAACAAATGTTATTGTTGGACTTGAGTCTTTTTGTTCTGACTCTTGATAACCTAGTGGATACTGGGTAGGGATCGAACTCCAACGTCTCCTCTAGTGCTCGGCCTGAAGAACCCCGTTGCAACAAGTAGCCCGGATGCGCTTGCCGCAGGGTTACACCGTCTTTAACGCGGGAGACAGTTGGCGACCTGTAACCATTGAGAACGGCACACACATTCCCGTCCCACACGCCCGCGGAACTTTCCTGCCCCCTAATGAGTAGCAACGGCAGATAGAAATAGGACTCACTCTCGGCTACCAGATAAAGCCTACCTCTATCGTACATTTGATCAGCAAGCATTGTCCCGGGCCAAGTTAGCCCATCTCCCCAAGAGGCCATAGACTTATGTCTACCCTTCACGGCTGGGCGT,1053,50.81,Arabidopsis thaliana
SEQ_439597,ATATCACGATCATATCAGACACAAAATGTCAAGGTGTCATGATTAACAGACCAAATGCAAGGATAACACCGTTAAGCACAGGAAGTGTCAATACACTAGTGTTGCCCCACACAGATTCTTGGTGGTAATGCCGAAAACTCTTCTCTTTTTCGACGGAACCGCTGGATAACACAGCTGCGCCGTATCTATCGTTGCAGCGGATTCCAAGTCGAAATTGGTTACGATCGGCGCCTTATAGGTACGATTTGTGTAAGCTTAGACTCCGTTAAGATTCTCAGACAAAAACGTGGTACGAATCTACTAGCGAACAAAAGAGGGCGCTGCTGAATTGTCATAATTCAGTACTTAGTGAAGGCAGGCGAATTGGGGTGGATTTCATCATGGGCGGTAACCGCCGTCCTATTGATGAGATTGAGTCTGCTAACCCCTGACCAGCTGCTGGCGTAGTACGCCGCCTAGACGGGTGAATCAACGTTCGAGTCGATTGGCTTCTTTTACCGCGCAGATACGATATACCGTCGGTGGGTCAAACCTCAGAAAGTCGTCGACGGCTTTACAGGAGAGTGCTTGCCACACTGACCCATCGCGCGACCGTGGCAGGGTGTGAACCAATGACGCCGGCAACGCCCCTCGGTCTAAACGTAGTAGAAACTGCTGTTATTCAGTCACGCTGACTAAAAAGATACCGCATTCTATTGCCGCGTATCGTATGATGGTGCGGGAAG,725,48.97,Arabidopsis thaliana
SEQ_110630,GAACTGGTCTATGGAATCTTCAAGTAGAGATACGGTTTATGGCAGACATACCTCTTGACTAGCTATCCGGGTGCTGACTGCTTCAGGTGTGTACTAACTATCATTATTATGGGAGTGACTACGACGGCTGGCCAACAGTGGGACGTGACAATCATACTCCGGCTGGCCATCTGAACGGCTCGGCCACTATGGTTTTGCGATTGTTGTTGAGGGTGGGGGTAATAGACAGCTTGAGCCAACGAGATCGCCTGAATCACCCAGCCCAGCCGATGACGGGAATGTATATTACGGACAGCTGCCACACGGAAAGTAGAATCTCCATCGCACTTTAAGTGCCCTCATGGTTGCGCCCAGTGCTAGGGAACATAGGCTGACACCAACAATTCCTCCCTCCATCCGACATCTTGTTTCATCCGACGCCGGTCATCGGAGCAAAGGGCCTTACTGAACCCTCCGCACGCCTAGAGTAGAGGGCTGATCGCAACTTGCCGGACGGGTTGAACCTTCTAACCTAGATAAGCCGCCTGGGGTGCGTGAATGGACATGGGACTATGGAGAAGATTCTCGTCCAGAGGTGTACTGTATGGGGGGTTAGGCGCAGGCCTCAAACACGAATCTGCTCATCATAGTGAAAGTGTTTCATCTAGACCCAATGTCTATATATTCTGACGCAAATGAATAGAACAGTTGTGTTAGTAACGAGACTCGCGGCTTGACTAGTGACCAGATCAACGCGGTTGAAATTACGTTTAAACTACGCCCTCTAGCGCCTTCTTTCGGATATATGTGGGCAATAGGGATCACATCGTACGGGCATTACTTGACTCATGAAGTCTATTCATAATCGGCTACTGCCTTGGCCACCGCGCTCTCGTCATGGAGGTATCGTCCAATCCCCGCTTGCATAAGGAGTTTGAGAACCACACCTGAAGAATCCGCCCTGACTTATACCCTCTAGGGTACTAATTAAGAAATCGCACTCGTAGCCTCTCAAGATTAGCCGCGGGGAGCACGTTCTTCCAATAGCCCCCGTATTCTGGGGAACCCACTTACGGTGCGCCCGTGGCAACGGATTGTACAAGTTGTGGCATTAACTTCGTGTTCTCTTCGTCGGTAAATCGTTATCAGCGGGCCCCTAACTTCAGCTGGGTTGCCGGTAGTTGAAACTCTCATAATTCGCCTTGCGACCCGGCGCCAGTATTGAATGTAAATGTTCTAGGCTTGCTTATACGGCGGATCCATATGAACTTAATGCTCTGTGAGTGCCCAGAATCATGGACGATGAAATCATCATTCATTCGAGGGTATCCCCAGCTCACGATGTCGACGTCGTAGATGCCATTAACAGTGCACTTACCCCTGTAGGCTGTGTCTCGGGAGTGAGGCGAGTTTGAACATCCAGATTCTTGTCCAGAGTGCCACGTAAAGAGCTTATTCCTGCACCATCTCATATCTAACGATGGCGTGTCTGAAGAGCCCTTAGGTGGCTCGTCTGCAATAGCCTCACTCGCGATCTGGAAGTCTTATATCTATATTTACAGGCTGAGTTGTTTTCGTACCCTGATAGATCGGGGGTGGCATTCTTGTTCGGATCCTTTCTCGCACTGGAGGTTACAATAGTCAATAGTCGGTACGCCATCAGATAGCCCTAGTATGAAAGTTTCCCACTGATGCATGACTATCTCACACATTTCCCTTATTCAAACCCCAAGCTTGCATCACCAATGCCTATGTACATATTGCAACAGATCAGGACATCCGATTCTATATGAGCCTGTACAACCGGCCCTATCCCGCCCATAAGTAGTGGTCACCATATCTTCCCCAGAGGACCGTTAATGCCATATCGAACACTATATCTGCTAGCATCGGACGTCCCCCTAAACTAGCGTGCGCGAGACCGAAGTGAGGTAGTAACGTGTACGTTTACCTTACGC,1937,49.66,Saccharomyces cerevisiae
SEQ_179471,ACCTGGATTGGCACAGGGCAGTTACGCGCGTAATCAAGATCGTCGCCAAGGGCCTTACACGAAAGTACACAAGCTCTGAGATTTTCATATCCGGTCACCGTGAGTATCTTCTCTCTGCTCGATGGGATCCCATCTTTGTCGCCTACGGAATACAATTCGTTCCGCTACTTCGTACTGAATATGATTCTTTCCTAGGATGTGATAACGGCGCCAAGATCTTAGTCAGCGATGGACTTAGTGACTTGAACGTGCAGATAGAACGGGAGGGGTCGTGTACGGACTCAGAAGATAGGCCTTCCACCGCCCGTTGGTTCCCAAACACCAGTATTGGTTGCCCGTTCGGTCATGTGTCGTATATAAAAACGGTCGGCTCCGGGACCTTATGGT,387,50.39,Mus musculus
SEQ_272805,TTCAACGAGCTCACTCGACCTAATATGCACAGGATGGGTCGGGTTGAGTCAGACAATTGGACAACCGGACACTAACCTATGCGGGAGACATTTTACTACCCAAGGTCTCGCTATATGTACCTGGGACGGTCTGATTGTTGCCAGGTAGCTCTTGGTTGCCTGACGCACGCAATCTAGACGTAGCAAACTCGATACTCCAATCGCGTTGGGCTTTTACTACCCCCATTGTGGGTGTGTCCTAGACGAACGAGTATGGGCGTTCTCAAGTAACCGACGTACAACGTCCAGTACCCTCCCTTCATCACGAACTGGCTGTGGGGGATACGCAAGCTCACAGCGATAGAGTGGAACGACACCGACTTGAAACGGTCGCACTAGATTAGGTAAGCACCTCCAAAGCGACCGCACCGGTAATCTGTTGGAGCGTGGAGCGTGTCCTGCCGAGTTCGCGTTACCTCGAGTGGATTGTCAGAGACCAGCACTGCCTAGATCCCCGTGCAAACAACTTGAAACTTGTAAGGTCACGTCCCTAGGTTCCTATCCCGGTTAATCCTGAGGGAGCGCGCAGTATAACACCTGGTAAGACAAACTACTAGTCCGGCTCAGCATATTTAACACTGAGGTATCGGACCACTCCGTAAGCGCCCTACAACCCCTTAGCATCTGCACGGGTCCGCTGACAACAACTTTCATTAAAGGAAGAGGAGTGTGAGGTGAACAGTCCTACACTTCACCGGAGCCAATAGCCGAAATTTGAAATCAAGGTTTGCCAGGCACCAGCTCCGATGTTTCCGTTATGTAGTCGAGTGATACTTCTAGGCAGATTAAGGGGCGCCATAGATCTGTACCGGGTATGAGAGTGCCAAGACATTATTTCCCAGACCAATCCGGTTTGTCGTTTACCCACCCGCTGATTAGTGCTGGATGGGTATAATTGAACAATTTGAGACAAATCATTGCGTTTAGCGAGTGCTAAGTCTTGTAGTACTGCCTTCCCAAGCATGCTAAGCATCCTGTCGAGCCCACTGCAGAGTGGGAATAGTGGACTCCCCCTGGCACTATACTGTAATCATACTAAACAACCTTTTCTCCCGAGGATGTACAGCAATCCCAGTACACGCTTGGGGTCTCAGTACCCGCGGTTAGAGCGTGTACCCAGGCGCTACGGGCTGCGAGACAAAACCCGCGCTAGCAAAGGATTATCTTCATTAATATGGCTTTCCGAATGGGCCCTACTCATCCTGTATTGGTTCCAAGGCCCTGCAGTATAGAGCCGCCATGAGGATGAAATAACCGGTTTTCTTTTTTGTGTGCCGCCGCAGGAAGTATTCTCACCGGTCGACCCTCCCCAACGCGTATAGAGTGTGTGAGCCCGGCCGATGTGTATACGTCCTCCCCATCACGATCACATCCAAA,1416,51.2,Escherichia coli
SEQ_994545,TGTGGGCTAGCTAAGACTCAATAATTGTGTTTATTCCTAATCTCATTCCACAAAATATTACCCAAACTAACGATCACGCCGCATGTTCCGTTCGTAGCTGTTAAGATATTGCCACTCGAGGGTGGCGGCGTCTGGCTAAGACAGCTGTGGGCTATGTTTTGTAACATAAAAACTTGGCCAACGAGGCCTCTGGTTGCACAGAAGGGAATGCCGCCTCCTAAAGTGAGGGTAGGCCTGCGCGCTCTCGTTCGTGTACGGTCATCAGTAACTGGCTCCTCACCGGCGGCAAAACCTTGGATGACATGCTAGATAACTTATATGAGAGTGGTGGCACGATCCAATGTCAGTTGTCCTGACTCAACTAGCTCCCGAGCGTGCTTACGTCATGCCGGGTAACTCTTTGCTAGTGTCAAGAAACTTACATGCGTGAAGTTTAGCGAGCTGATATCGGCATTATTGGTCTTGCTGGTCTAAAAGCGCTCTTACTCTTGATACAGTTGGCATGGAAATCATGTATGCGGGTATATGAAGACCTGTAAAGCACCATCCCACGCTCTGGTTCTTTCACAGGTGTTCTACTGCATATAATTGTATATCAAGACAGGTAAGAGTTTGTATGCTTCAGCAAGGCAACAGTGTCCGGACGACCGTCGATAATTGGCCCTTAAAGGGAGTCGTGAAGTCACCGAAGCTTTGGCACCGGCCGCAGTGTCTAAAGAATAGCGCAAGGTCAGTTGACCGGCTGCTCTCCCACCTTCACGCCACGTTGAGGGTCTTAGGTGGATTTGTCGAAGGTGCGACCGGACCACAACGAGTCAATTAGGAGAGCAACCCGCTGCCTAGTTCTAACCCCCGAGAATCAGGGACTTTGCGAATTTCACGCACCTAACCATCTCCCTGTATACGTTCACAAACTTTCCTTTCGTGTCCATGCCGACAATTTGATAAGGCCTCGAGTATCGCTTCCTGGAGGATGATTTGTCACCTACTAAAAAAACTTTCCCTAACCTTGAGAAGTGGGTCAGCGTACTAGTTAACGTTACTACCCTCGAATGGTGTAACTCTTGATTGTACCGCCTGTCCCGATCGCGCATCTTACTCTAACCTTAAACCCGTTTGATTCTCCTCTTAACATATTGGGAATCTGCAGCTCTCTGTTGCTGAGTTGTGTCGGCCCGAGGACACATCCTTTTGCTATACCTAATAAGTGCAGTAGCGGCGTAATATTACGGTGTACCATATACGCTAAAAATGGAATGTTCACAGGCGGACGGGCCTTGTGCGATGCAGCGAGTATTAAGCGGATACCCGATTCGTAACCTCTGGTTTGTGACGTTCGCCCTGTCGTTCTCCCATCGGGGTTTCCAACCTCGAGGAACGACGTTAAAGACGTTAACCTCGCTCCCTCCATGCCCACCACTCGCAAGACTCCTGCAATCTCATTTAGCACAACATATCGGATAAC,1465,48.74,Mus musculus
SEQ_521532,GTCGATCCTTTGTTGCCGACCGGATGCGGGAAGTGCGAACGGAGTAACTTTGTGTAGCGGGGCTGTTCGCTGGCGGAGACGAAGCGGCTATTGCTGGCTCCCAATCGCTTCGTTTCCAACTCTAAGCTCATTTCTTTTAGCCATAGATAGATTGTAAAGGGCAGGGATTGTATTTAGAGGGCAACTCGCTGCGAATCGATGTGGTAGTCGGTAATACTTGGCGGAGGCCCCGGCCCATAACAGTCCTGCTGACAGGCAGGGGAAGCCGAAGTATAAGAGGGATTAGTACTCCGACAGCGCAAGTATCTGGTAATGGACCAAGTGCAGGTGAGCCTTCCTTAGGGGGGGTGAGAAGCAAACACAATAGTTAGAACTCTTACAGAGCGACAGGGGAGCGCTATGAGTTGTTTTCATAGCGTCGGTACAAGTACTAGCGTGGTAGTGTGCCCCGAAGGTCAGCTAATAGGTTTAGCTACTGTTCAGCGACTACCGACACTTGAACGATTTTCATCCCCCCAGTGTGAGCACCACGGCGCCTGTCCCGATAGAAAAGGCATGTTACCTGCACTGGCCACACCCCGAGTAGTCTTCTCACAACCTTTTGGGGTTATCTAGACCGTGGAGACATAATCTCGCTGTAGCCAGAGTGTTCCGCTACATGCCCTTTAGTTAATCAAATCCAGCCTAAAATCCGTCTCTGCTACAGTCCGGGAGCTTCGCCCTCTAGTATTATGTTCCTACTTTTACCATCTTCAACTCGGTCGTCCCCCGGAATTGCCTTTGGCATTCGTACACACGATGGT,803,51.43,Escherichia coli
SEQ_798671,TTACCTAACGGGTTGTGACCAATGAGAGAGGTGATAGATCTCCAGCCTGATCTGATAAGGGGTGAAGGCGGCTACGGGCATACGCTTAATGTGCCGCGCGCGGTTAGCTCGTACTCAGAAACGGGTTTCCTATCCGAGTTCAACATATAGTAGCATCAGCGGGTGACGTAGCCACGACCACGGCCGGTTGCATCTGTCAGTCGCTCAAAGCTTCGTTTACACCTTCTGTCAGCAAGGTTTAACATAGATACCCTAGCGTTGGCCTTCTCGGTCACCTATGCCCCTTCGATCGGTCCACTCATTCTGTGTACAGATTACACTCCATCTAAGACCTCCGCGAAACCCTTAGTATTACACGTGCAAGTCGTTGGTCATTTGGTTTACCTTCGCCAGCAAAACTCCTGATTGCAAGGATGTGTCGACTGTGATTAACGTGCCTCAATGCCTACGGCCGCATGCACCAGGCTTTAGCAATTGAATTTTTGGAAGGCCTCTCCAGGGTCTGACTGGCTTCGAGTCTGGCAAGCGTCTGGCGCAATCACAATACAACTACCATGTATAGCGGCCATGACGGGCACACGGCGCTGGAAGATCTCAGCCCGTAGGTGTCGGTGGCGCGTAATATCTAATACCATGTCTTTGCTTTATTACAGTAAGACCTAAGCAGCACCACGGGTCTGGGCCTACGTGACGGTCTGGCGCTTGGTTTGTATGAAAACTGTGATTAAACCACCTGGCTCTGCTATCACAACGCGTAGCGGCTTACTGCTACTTAGTAGTTTGTACTTATTGTGTTGTCAATACTGAGGGATGACCTCAGACACGCTGCTTAGCGTCTTTATCTGTACCAGTTCTAAATACGGGTACTTTTGGCCGATCTCTTTCGAGCACCGACATTCGAGGGAGCAAAGCCATCGAAAGTTGTCTTTCCATAATGTCGGAAGGTTGCCGGAATAACATATTCACCGCATTCCGGGCTCACCTACCACGATCGCTACCACTATATTCCATTGCCAGATGCCGTTTATTCGCGGTAGGAGGCGAACAAGTCAATTGGTCTAATAGCATTCTCATACGACAGAACGGCGACAGGCCGGCTCCTAAAAACACCCCGGCGACCCCTGCTATATGTTGCCAAAACGCCTGTGCATTGGAGCACAACCAGGTGTTACGTCCTCTATGTCCTTGCGTGTAAAG,1197,50.38,Homo sapiens
SEQ_631862,GGCCTCTCTACGGTGAACCATGGCTGTATACTAGAGTATCAGGCCATGGGCTCGAGAACAATACCCCAATCAGCACGCCATTGCACCAGCTTAACTAGTACGATAACCCCGGTTTCATCGACCCCTGCTTTGGCTCTTCCGTAGCCGCCAGTTAACTTGAACTAAGGTAAAGATATCTAGAGCTGGAAGAAACCGCAAAGGATAGTACCCTGACACGCAACTAATTAGAGACGGGATCTTAGAATGGCCGACTACCTTCTACGGAACGGGACTACGCATAGAAACCAGGTCGCATTCCCGAGTCAATGCAGTGGTGTTGATGTGGCCATGGGAAGACTTGGGGGCATAAACACCGTGTGCAAGCCTACTTCCGTACTGAAGCCCGCACGCATATCGTTTCGAAGATGATCCGAGCAAACGCTTTAAAGCCCCAAGTTACACAAAACCATATTAGCGGTCATTAGTTTGTTCACCAGTCAATGGTTGGAATAACGGAGAAGAGTAGGACCCCGTTATCGGCTCCCAATGTGTAAGAGAAATTTATCACACTGAGATAAGAGTGTCGAAAATATAGTATCCATCGGCGTGAAAAGCTAAAGCAGCTGTTGCTAGGGAATGATAGGTCTAGGAACACAACGATTGTCGAGCGCTCTCAGCACCGCAGATGAGTAGGACGATCCAATCCAACAGGCTCTAATGGGCTGAAGTTCTCAACGTGAGTAGGACAACGGACATATAAATCTCAGCGGACTTTCGGTACGGTCCGACACGTTCCGCCGGGCTGTACTTGGAGTCGAAGGCCAGTTTTTGCATCAAAGTATTCGCCTCAACTAGGGTCCTCAGCCAGTTGTACTTCGTGAAATTTTCAAGTAGGAATGAACGGCCCAATCCAAGACGGTTTAGGTACGATCTCTCCCCCGATGACGAGTCACTCGTCGGTGCCTGAGAAGTCGCATCTGTAGCCATCCAAATGCCACGCAGCAACCTATGTTGTCTCTAGACTGGCATGCAAGGCCCTGGACGTCCTATATGTACTCCACAACAATAAATGGGCAACACCGGCCGTCGCCGACTAATCGAAGACTCGTTCCGGCACACCTGCCTATTATCGTCCACACTAGTTGCAGCCCTCTTGTTTCAGTGCGGATGCGTACCATCGTCAGTTTCCGCAGATACCTGCGTCGCCCGGGCAATGGTACGCGTCTTTTTCCCCCTACCGCAAAACCTGTATAATTATTCGGCAGCTCCAAACCTCTTTGAGTACCCGAGAACGTGCCGTTAAATGAACGTGGGAAATCCTAAGATAGGTGGCGACATCGAACGGCTGTGTTTAACTGCCGCGTGAGTTAAACACCGATCACGGGAACAGGACTCCTCTCAAGTCGGGACTCTGGAAGTGGCATGTACGTCGCTGTCAGGCAAGGATACCAAAACCGCGGGAGGCTAACCGCTTTACTTGTCATAACATGGACTAATACTTATACGCCCGATCGAGCGGGCCTAGAATTGAGGACCCATAGACCCGTCGGAGGAGATCAATACGATAGTGTTTCTCTAGTATTCAAGTCTTTGGGATAGACTTACAGGCTCGCTTGAGATTTAGACCGAGTTTTCTGGCCTAAAGTCCCTTTGGGCCATCGGTTCCACGGT,1650,50.12,Drosophila melanogaster
SEQ_409188,AGTAAAGATGTGCGTTAGGTCCCTTCAATTGCAATGGGCAATGAAGGTTCCCGCGATGGGTCACCATGTTTCGCTAATCTGTGCTACGCGTATGCAGGTATCACCTGGTAATGCCCCCGAGTTAAAGCGAAGTCTCAGTGTCTGACCCACCGACTCCGCGCACCTCCGCGAATAAGTCCTCGGTTCAGCGTCTCGCACGACAACATACTGTTCCACATGTAGGGCCGACCCATGAGTCCTTGACGAGTTCATACAGCACCTTGTGTAACCATTGCATCGGATTTTAAAGCAACCCAGTGCATTAACAAATACAGAGAGATGCCAGCTTCAGAATACTCATGTGACACCTGAGTGGACCTAAATCTGCTGATAACGCAAAACTTGGCAATGGACCCCATGGCCAGGTGCATGTATATCCCCCAGGGCGCTGGTAGATTCGCTAAGAATGTCGTAGTCATCTCATGGGGTCGATAGGATCAGTGCGTTCGGTTTCTTCCAGTTAAAGAACATTTGGGGTACGGTGCCACGTGCGAGCTAATTCGCGATGACAGTACGTTGGGTATAAGCCCCATCTGTGACACAGTCTGGCTTCCTAAGGGGGAAGGCACTAGAGTGTGCCTATATCCTGGATCATGTAAGCTTAAGGCGACCTAGCCTTTGAGTTAAGTCATGGGTCGCTCGGGTCCCTATCTTAACGGTTCGGGAGGAGTGCGTTCCTTGACGGTCCGTGAACTTTGTGCACCGCAACAATAGTGCATTATGAGGCCCTCGTTTTTAGGAGTGTTATGGGGGAAAGGTAAGATAAAGCATGCACCTCTCCATTCGGTGGGAGCGCCAATTTAGGAATAAGGGAAACTTCAGCGACGCGATTGGGAACTCAGAACAGTCACGAAGGCTGATGGGGGCCTGTGCTGAGACATTCTTCATCAATCGTATCAGTTCGCTGACACTTATAGTACAGCGACGGACACTGCTTGCGCGGGCCAGGTCGATCGTCAGTGTGTGGTCTTCCCCCTGTATAACATCGACTTGAACTATGTGAAAATATAACGGTAAAAATATAGAGATAAGCTTAACGCGCTGGGCGTAGACTAATTTATTCCCCTGCGAAGCAGAAATGGTGCCCTTCCGGGTCTATAACGTGTAGATCGCATAATAGCTTTGTAGAAATGCTATCGTCCACCACGCAATCCTCAAGGGGAAAATTGACTAGAGACACGGTTTGACTGAGTAGCGTTACTCAGTCTTTCAGAGGGGCCGCATCGATAAATGATTTTGTGCTAGAGGGACGGCACCGAACAATCGCCGTTTTTCGACACTAGTGCGCTTGCCTGTACTTTACGGGTTTCCCTTCACAGCCAAGCTGTTCCAAACATATCAGTGAGAAACCCTTTCGTGAAGTCGCACTTCATCGCAAGTTTTCAGTCTAAACACACGCCCATTGCGTGTATGACCCACTAGGTAGTCGGGCCGTTAAAACAGGGAGGTCGAGTGGGCCAGAAATTGAACTTACACGGCAAAACCCCCCAAGGGCCAAGGCGATCCGGGTCAGATCGAATCATGCAACAAGCTACAGATCACATGTATGCGTGGTGAATAGACAATGCCAGGACTATCGCCGGATCAGGCGGCACAGGCTCAGGGTTACTGAGCGCATCCTGCGTAGTGGCACCAGTAGGCTGTCCCAATGGGTTCTTGCACGTACATTCGTAGCTGCTCTATATCAGAGCTCATCTCAGGAAGAACTACTTCTTTACGCGTTGAACCCCCAGATCATCGAAGGAGACCTATTGCTCTCTTAAGCGTTGTTACTGGCCAAGCGCGCTGGTCTTGCGTAAATACGCATTAGGATGGCCGGCGTCCCTTGTACCTGGGCTGACGGCCATTTAAGGTATTTGTACCGGCTCTTTTGTAGGTTGGCTTCTATCGCACATCAGGGTCAT,1943,50.18,Saccharomyces cerevisiae
SEQ_672980,TCTGCAGTTGACCTAAACGTATTTGGATACCGGTGATAGACGGATAGGGTTCGACTCTAACACTGAGTGTTACTATTGAACGTGATTGAGTATTTTATTTGGACCTTCCCGAAGTCGGTCACCCAACTTCCTGGTCGAGCGTACGAGTCTTATTAGCAGCATAACCCGCGCGTCCAAACCTTAGTTAATCCTCAGATAATCTACCTGTAAGAGGCATTGGTTCGTTTAACCGTGGCGAGTTGGCGTACCGCGATAATTCCTAATAGGCGAAAAGCGCCATCATACAATGTTAGGGGATATATTCCTAAATTAAGTTTTGTGCCAGCCCACGCTGACGTCCAGGTACATAAACCATAACACCTATGTCTTCATGCCGCCGGGACCCCGGCGTGCGCACCAAGCGCAGAAGCGGGCTAGAGCCCATAGTAGTCGGCCGCACATCAAACATCCGATCGCAGTTGCGAACATAAATTGATACCACCCGCAAGTCACAGGGAGGTCCCGCCCTGAAATACGCGGACCGGCAGTTCATCTGACTCGTTATCGACATCCATCCGAAAAGTTGAATGAGGATATAATCGAGGAGCGGCGCACACGAGACATTCGGTCATAAGACAGTCCAGACCGATGCAGGTCGCCAATGTCCTTAGATACGAAGATGGGAGGTGGAGACTAGCCGTTGTGTGTCGATAGAGGGGACGGCTTCGGTTGGCTTCAGAACTATACTACGAGACGCGACAGGTCCCGGCTAAGTCGAGTATTATAGGGGGATGTAGTAGGACGGAGTCTTCGAAGTAAGTAAGGCCTGGGAGTTCGCGCCAAGAGTGTCCTGTCTTTCATGCCACTATGCCGCGTGACTAACGATCGTGAGCGTCATATGCCTTACACGGCACTGCGGTGCCGCTAACCTTACTCCAACGCCAGTGTCGCTAGTGTTGAGCCGAGGCGCACCACCCGTCAGGCTGGCTCGTTCGCTCCGACTTACTGCGAAGGTGGTCTAGGGTAGCGTGCCCACACACTGTGCATCCTCGGTGAAAAACTAATCACTTGACGTATATTTTGAACTCAATTCTAACAGGGACCTTCTCTCCAATCTCTCCTGAAGTGTGTCGAATACAGCTACTAGATTTCTGTAGGGTTATGCTCGGCTGAGTTATTGCGGATCCCCACCCCTGAAGATTTTCTCGCATGATATTTAGAAAATAACGAACCTTTCCCATTATGATCAATTAGATCCTTGTGGTACCGTCGACTTGCCCCTACAAAGGGTGGAGGGTTGATCAAATGACTTTAGCTCATGCGGTATTTGAGCGTGTCTGGAAGAAGTTTGCGATACAGACGTGGCAAACGAATCAATATTCGTTTGAAGAGTCCGGGGAGGATAATCACTTATCTATGCCTGAATCGGGGATAGTGAGTTGGAGGACTGACTCGCAAAGCGGCACCCCGCACCTACACGCCTCTGGGCGAGCAATAGACCGAACTCTGTGAGCTTAGGCGGTCGAACATCCGTGTTGAACATAAGAGTGTGCTAGTCGATCGACCACTTTCTTCTCGAATGCCACGATAATCGGGTGGTGGGCTACTACAAGAGCCCGGAGAGGGAGCAGTATTGCTATCAGGAGGTTCACAATCGGGACCATTAAACCCAGTAATATATCTGCTTG,1667,50.27,Drosophila melanogaster
SEQ_959811,CACTACCTCATGTTTCGCGTCGATATAGTCGAAGGAGAATACCACGCTGTAATGCTTGACTGGAGACCGATACTCCCTAGATTTCTACGTGTTGAACCTACACGGCGGGGCCGGAAACTGAGCCTCTTGTTTGTCATGTTAGCAGGGGCGCTACGCAGGAAAACGATAAAGCTTCGTTCTCTAACATCGTAGCGAGACGTTCCAAGACCCATCGGACAATCATAAGAAACCTCGTCCCGCACGCGCGCCCCTGTTGGGCTAATAAGTCGCCCACTTCACAAGGTTTGCCCAGCCCGGTTTTACAAAAGGACTTGTTCCTATGCCCGTAGGGGTAACCCCCCAATGCAAGTCCTCCTTGCTTATTAGAGGGGGCTAGCGAATATTTAGCAACCGCCCCGTGAGTCAGTGAAGTACTGTGACGAGATGCCTACGCAAGACCCTTCTGCTGCCACAACTGATACTGCAACTACAAACAAACATCACTTAGTGGTCCAATTCTAGTAGGGCGGGTGGAAGAAATTCTTAAAATGGGTTGACCGAAACGACGAGTAGTTTTGGCCACTGGATTTATGAAATCCGTCTGTAGTGCCTAGTGGTAACAAGGGGGTTTATGGTTGGCCAACCAGCCACACTAATAAACGAAGCCGCTAATCTCTCGAACACCTCTTCGTTTCCTAGCCAGTTACGGTGGCTTAACTGTAACGACTCCAGCTTAGATCAGCGTGGCCGCTGCGGCTGGTATTCCTTTATGCTCACCTAAACACTTCCCTCCTACCTAATCCGGTCCCCCGCTTTGCCGGCGCGGTCGGAGCGAGGTCGATAATCTCGCTCCTCTAGACGCGGCTTCGATAACTTGGATTGCATTCCGGCAAGTTGAGACGCCTCCTTAGAAGTCCTCGGTTATATCAGCGGGGTGGGTGATTCCGACTGCGCCATGGTATCCGGGTGCCTTAGGCCCGAGCTTCTGTATATGTCAGTTACGAAGTTGAAATTATGACGCGACTGGAGCGCGAGCTGTCGCCTTATTAAAGATGCACGTACTTGCATCGGCGATCTAGAACGGCAGGGAT,1070,51.59,Homo sapiens
SEQ_340725,TAGTTGATGAAGAGGTCGCTACGGTCGCCTAACCAAGAATTTTGCGATTCCTGGGTGCTACCAATCTGACCCAACCGGCCTACATGGGTGGGGCTAAAGCCAATTAACTTGGCAGGAGGGTGTTGTCCCTTTCGATTTGTAATATTCGTAGGTACTTTCTGTCCAAATGTCTCAGAAGTTTGGACCGAGCACTACGCTTGCTGGAGCGCGCCCACTATCTCGTTAATTGAGACACG,236,49.58,Caenorhabditis elegans
SEQ_106890,TTGCGGTGAAAGTGACGCGATCCAAGGCTAAGCCCAAAAAGGCTGCGGAATAGTGAGGTTTCCAACGTGGCACACTGACTCCGGTTCTTTACACCTGAGAGATTAGGTAGGTCTTGCCGAACTCGGCTTAGGGTCCCGTCCCCACAATAAGACTTAGTCAGTAATACAACGTCCA,175,50.86,Escherichia coli
SEQ_650068,TACGGTCCGCATGACCCTGCGAGGATCAGGAGCAGGCCAGGTAGTCTTGGTTTTTGCCTATAATAGAGACACCATACACATTTCTCCACATACTAATCATACAGTGTGAGCCATGGGCATGCAGCGCTAAGAACCCCGCTAATGTGACGTTACAGCATGTATAATTTATGCTTACATTACTATCGATAGCTTGGAGCGGGGGTGAATAGTACGACTGGTGCGTTTTGCAAACATCTTTATAACGGATATGCGGCAGCAGTACATCAATCATGTCGCGCGTAGGAATGAATGGTTCGAAATCCATAACCCACTAGCTTAAGAGGCACCCCGAAATGTCAATGTAGATGAATCACCCGAGAGCAGAACGATAGTTTCCCACCGGCACCCGAGACTCAATATACAATCTGGCAGCGTTGACAACATGCCGCTTGTCGCACGCAGGTTCTAAAAATAACGCATGGATAGCTACTGAATCGATCCGCAAAACCTACCGTGCAGATTCCGAAGTTACAACGATCCTTATCTACCTGGCCTATGGTTTTTAGATATGGCGTTTTCGCACATCTTGTATAATTACACCTCAAATTAAAGTTCTCCCTATGGAAAATGAGAGGCGTTATCGGGTTATTCTGCTCGGGGTGATTTCTGATGTACCCGATAGAACAAATGGATACGATATACCCTTAGCCCCGGATCCGCCATTGCTTAGCGAGCCCGCGTGGCAAGTTAAAGTCTCAGTGTGCGTGAGATTCCAGGGACATCGGCAGGTTTGGCACTAGCGCAAATTAGAAAGTTGAAGTACTAAGACGACTCTCATTCCCAAAGGCAAGAAGTTAGGTGAAGCTCAGCTCGGAGTTATTTTACCAGGTTACATTCAGTTACCGCTGCAGTCGCTGCATCGCATTAGCCCTAACAGGCACGCGTCACATGGCGGCTCCCTCCAAACACGCCCGGAAACAACGCAGAACGATCGGATCGAATCCCAAAGGTCACATCGTACCCAGGGATAGGACTTTAAAATGATCAGCTAGCTCGACCGAGCTAATTTGTAGCTTGGTCGAA,1062,47.55,Mus musculus
SEQ_745217,AGTGTTTGGGCCGGTCTCTCGTCGTGGATTTGCTGCGCTAAACGCTATGTGCCTCTGGAAGCTCATCGCCAACCTGAAGTAATAGGGACTTGTGCCAGCTTACGCCATTTTCCTTAAGCGCTAAGACGAACGTAGGAGTGCTGGCCGTGTTAGGTTGTTCCGAATGCGAAGTGGGGAACGCGAAAGGTCGAAAGCGTAAAGGGGACGTAGTAGTATTTGTAACCCTAGATGGTCGCTCCCTCAAATTATCTAGAACTCGGTATTGCAAGATGCTCTTCAGTTCATAGTTGTGCAGAACTTAGAACACTTCGTCCTTCGATCATAACAACGAATACACAAACGTGTTGAGTATCCTTAGAGGTATGTAAAGATAGTGGTTGCTCAACCGTACCCTTCACCGTTATGATTAGTTAACCACACGCGAAGTAATGATTGCCCCATATACTCTAGTAGACCGACCTTAGAGCGAGAGCGCTCGTGACCTTTCACCCTGGCATAGACTATGGTACTCAATAGGGATGTACGAATCATGATGAATGGGCTCAAATCTAATATCAGCGTAACTACGGCTTTAGCAAAAGGGAGATACGGTTCAAGCGTGCGCTTCTGGGAAGACGGTGTTCCTTCCGTGTAATGGACCCAATCTTGGTACATTTACTTCTTGAAAAAATAGCTGCGGCTGAATTGTTATTTAAAGTAAGCAAGATAGCCGCAGATTCCGTTCAGTCCTTTATGGATGTTAAACCCCCTACTTTTCCCGCTTACATAGCGCACCTTTAGATGAATCGGGCTAACCGAAACACGCGGGTGAACGACTTGCTGAGCGAAAAATATAAGGGCGATGCGGGTCGCGCACGATTTCCCGCTAAGGTGATTGTGTAGGCTGTATGAGTCCCTGCTGTAAGTCGCTCATGAAACCTATTTCAAACCTAACTCCATAAGTGAAGTGGTAAACCCTCCCCTCGCAGAAGTACTAGTACATCATACTCC,990,46.67,Saccharomyces cerevisiae
SEQ_962339,AGCCTAGAGGTATAGCAGTTCGTGTGTAAACATCGGCCGACTCTCGCTTGATTGCCGAGGTAGATAGCATTTCGAATGCATGCACTGACTGCGATGCTTATTGTCAGTTACCTGGCTGTGCTCTCGCGTCCCAAGCTGCCCACATCAGTCCAATCCGGTGTCTATTGCCCACGCATCTGCTGATGTCCGTCCCCCAGAATGCCACGGTCCACGCAAGTTCACAATTG,227,53.3,Caenorhabditis elegans
SEQ_133391,GCCCACAATGAGAGAGCGTGTTACCATTGTGCCCTACGACTTATACCGTCCCTCCAACCTCATTGCTTGCGGATTCAACGGCCAGATTATAAACTGACCCTTCCATGGTTCGACCGAAGGATTTGAAAACACATGCCCAAAACGAGTCACATGAGTGGATTTTGAGTACAAGGTTCGATTGTCGGAGGACAAATTAGGAGAACACTCCTTAACGTTGATAGTTCACTCTTAGAAGTAGACCGGTCCCGCTGTCCGCTGCCAATGAGCATTACTAAGCTGTACGACGCTCGCTCCAACGGCTCAATCAGGTCG,312,49.04,Homo sapiens
SEQ_625992,TCAGTAAGGTGCGTCCCAGAAGCGCGCCCGCGGTTGACTGTTCATAAAAAGGATTCGTCCGCGAGTTTAGGCACGCCTGGCTGAGGCTAACTGACACGAACTCAATTAACGAAGAAGTCCCACGCAACCTGGCCCTAGGCGGTTTAGTCCCTCGAACTCTGGCTCCATCCGATATTACTGTCTCTACGGCCCAATCTTGACCGCCCCTGTTAATTTTACAGATGAAGGCGTGAAGCCACTGCTTTTGCGAGTTGCCTCCAAGGTCTTTACCAATACCCATCATATGTCTAATGGGGGGAGGGCACATGAACATACTGACATCGTGAGCGTTTCATCTAGTTTATTCTACGGAGCTCATTATAGACACTTAGCCTTACGATAATCTTTTATGAGCCGTCATGGCAATTCTTGAGCTACCTTGCTGTTACATCATTCTGGCGAGGGACAGCACTGTAACACTGTACAGCGCGCGCATAATGATATGCTACACGTTATAAAGGACGTCGAGCACGTCGGTCCCTGTAATACAGACTGAGTGCCAAAGAGCGCTATTTTCATGAGCCCCAAATGTGTTTGATCCTAACTCTTCTAGGCTACCTTCGATCATGGGCCCGGAACATTTAAAATTAGGCCGTGCCCGAGCACGGTCCGACACACAGTAAGCCTGCCGCTCCTTGTGGTTACCTGCTGAAGATGGTAGTTCTTCATCTGAGGTTATGATTTACTGTGCCTCCATAGAAGCCTCATGATCGTCTTTTGCAAATAGCCATAATGTAGCCAAGCTAGAAAATTGCCTAGGAGTATACATCGAGCCAAAGAGTGATTATTTGCCCAGCAAGGGGTTTTTGTTTTCAGGCAGGACCGACACCACCTGCCAACAAACATTGACCTATACTTCACTGTGTCGCTCCATGTGCATGAAACTCCTAGTCTGTGGACCCAGCAATGGCGCCTGCAATCTAAGACCGGAACAGGGTCGAGCCATTGTCCTCTCACCTCAGGGCCTTCGCCGTATGAGGTTATCCGCTGGATAGGTCGTTGTCGCGGTTAAAAAAACCGATGATGCCATATAGCTACTCCTAGGTGTCCCCCGAGGTCACCCCCATTGACGGCAAGTCAGGATGATACGGATGGGCGGCGTGGAACAAGATTTACCAACATGTCTGTCCATAGATTCTAGTACATATGGTGACCAGGCCTCCCCTTTTGTTTGTCCCGGACAGGTTGGTTCACCTAAGATATGATCTAGGTCACGACTGGCCGTTAGTCTCCATCA,1276,49.45,Mus musculus
SEQ_388749,GGTCACCGCACCTTAGCAGCAAACAGACGTATGGGCATTGGAACGGCAGTCAGCGTTTGGTCAATGTACGCTGACGAAGTCGTGAAAAATATAACGCTGGAGGTACGTTAGTATGTTCAACCAGTAGATCAGCCGTGCATGTGAGAGACTAGTGCTTAATAAAATCCCTGGCTGTGAACTAAGGTCCATACCTGGTGATCCAATTCTTAGCGAGAATAGGGCTACCAGCGCATCGCAAATGCACATAACTTCCAAGAACAACCGATCGAGCGGAGCCTCAGGAAAACAGTGTCACGGTAACGCGAGTCGCGTCGACCCCCCCTGCACGATGACTTCGGTCGATCCCTGGTCTCCTCATTCGCATCGAAAGAAGGCGCTGAATATGAACCCCTCTCAAGCCGCTCCAGCCGCTCACGTTGAGCGGAGTCTAACCGGTTATACTGACACTTTGTTACAAGGCAGCAGAATTAGCATATAGCCATCTGACGTCGCGACTTACTT,501,50.9,Caenorhabditis elegans
SEQ_235992,ATACCTCACCGCGCTGCATATAGCGCGCGTCTTAAAGGATACTATACCATCGGAACGACTGATGGATGTGGCGATGGTCACTTTTCGAACAGCAGTTTATGCGTCCCTTCTTCACAATGCGTCACCTGGTACTCACTAACAGCTTAGCCGAGACGCCAAACGAAACTACAGTGCGGTTTTAGTCAACTTTAGACGCAAGTAGACGATACACGCGAGAACGTTAAACGTCAGCACGTCAACTCTAGCGAATAGGCTGTCTATCAGTTCCCTCCCAAAGACTAGCCTCGTTAAACCCGCGCAACACTAAGGAACCAGGTTGCTTGTAAGGGGCAACTTGTAAAGCCCTCGACTCTCTGTTCCGCTCATATGAGACCGACGATTGGCCCTGAAGTACCGAAGCACAACTATCACGCTCTACCCCGGCGTGGCCGTAATGGAAGCCATGAACACGGTGCTCATGTTTGTCTCTTACGATCTATATAGCGTAGGATAATTACGATGTAGAAGGGTATCGCGGTTAACTAGTCCACTCGCTACGTAGCCTGCTAGGACTTTCGTGAGTGGGTTGCTGTGAGGGCCAGAACCCTTCTACCTCGGTTTTCTGGACGTGGGATTTTCCCTGGATAAAATATAGGGATCACATCTGTACGTGTCTTACTTACTCATAGTGTGCTAAGTAACTCATTAACAGTGTGGATAGTCCATAGTCACAATATGCCG,720,48.61,Homo sapiens
SEQ_472862,AGTGTACTCCCTACTTCTCCTGATCCGTTGAAGGGTATCAAGATAGACATGGCTTAGCGTCTACCCGCCATTTGGTGCTGCATGGAACTCTATATAGTTTGGTTTAGCTTATCCTATGGCGCGGATGTTTGGTCGAATTAATCCAAACAACCACATAAAACGTTTCGTGAGCCAGATGTTCTTTTGTACCCTCTGCCGATCACAAGCACCTATCCGGCATACAGTTGCCTTTGCCCGCCAGCTTAGCTTCGCACGCCAGCCTACCAACGTTTCCGCAGGACAAGCACCATTTCTTTATGGAGATACGGTCGGATGAGTATATATTTACCACGGCACTAGGTTCGATCAGTAGTCGAAAGCTAGCATAACGCATGCAACGCATATTCGCATCACATAGATTGTATGCGATGGGTAAGGAAGACGTTCCTACCGGGACGGAAGGGTCATGCTACAGGAACTATGCGCAGCGTGCTTACCCCGCCCCCACACGCTGGTCTGCAACAGGCAGCGATCTTTGTTAAAATATGCGCGATGAGTCTCTGCATGCTAAACACAATCTGGTAAAGTCACTAACGTCTCCGCTGCGTGGTAAGCTAGGTGACCTCATAGACAGAGAAATGCGAGGGGCTTGACTTGCACCGGAGCTTCTTTCCCTGTGGGCATTTTGCCAAACCCCCCTCGACCTAAGAGATACCTTTTATTTCGCGCATCAAATAATGCAGACATCAGCAGGATTGTCGATTTACGTAAGGCGTGTACGCCGAACCCAGGCTACACCGTGCAGATCTCAGAGGACCGTAACGTGCTCGCTTGCTGATCCGTACAGGAGTGAGAGGAGCGGTTTTGGGAAAGGGTCCTCCATCACAATATTTTTATTATGAGCAGATATATCTAGGTACGCCCCTCTTCTAGCGATGATGTAGAGACAGTCCTCCTTGCTTTGACAATATCCCAACAATGCTTGAAGCCTTTTCTAGAGGGATAACGGTAGGCGAAGACATCTGTTGCCTCGTAACGGGTAGCTAGAGGCCTGTTGCCCAGCACGAGCAGTACGCATTACGCATGAGACACTTGATTAAGCGACTGGGAGTGGGAAGCGATTTAAGCTCCATCATTTGCATAACCTTACAGGCTTCAAGTCTGCATGTTGAGTATACCGGCAGGACATGGCTTAAAAACAATTATGGCATAGGTCCCTGATAGACGCCAAAGGATAACATAGGTTAACGCTCAAAGCATTGTTCTGGTGGAAGACATTGTTCTTGAAAGCGTGCTATTCGTAACTGTGTGTATCTCTCTGCTGACCACTTTGACGAGCGCTGATTTGGAACGTCAGCGAATTATTAGTTCCTCAAGTGGCCGGAGTTATAAGCAATTCAGCACGGTGCTAGAGTTAATTTCCGTTATTTCAGTGTAAGTAGACGTGCCCGGGAAGGTCACCACGTGCTGCTCTCAGCGGCGGTTGAACTGGCGCCGGTTTTATCTGGAAACGTCGCGACGCTCTGTAATAGCGACTTGGTATTATGCCGAGGAACGCTGCCGCTTGTCTACTCAGGAAGACCCAGAGAGGTCCACGCTCGTAAAAAGTAACACCTTGCCTGCGCCCATGTCCAGAAGCTGACTCCAGCCCCCAGGAGCGAACCGTAGGCTCCTCACACGCATTGTTTGTCTCACGACGGGCAAGTCCAAGAGTCTGAAAGACACGCGAGACCCAAAGAGGTCATCGCTAACTCGCCGTGTACCTTTTCAGTGCCCCCACGGGGCCGGAGATAGCGTCAGTGAGGGGGGCTTCGTGATATGCGGAAAG,1807,50.14,Drosophila melanogaster
SEQ_578495,AACAGTGGAGAAAACAGTCGGTAAAAACAGGGATAGTGATGACACGGGGGTACAGCGGGTCGGAATAGCCGAGATCAGAAGAAATATTTGCACGGTATCCGAAACGACCATAAATATAGCGGGAGCGACTCCCCACCGGTCCTGGCTCTCGCAACCAAGACTCTGGTAGTGGCCATTAGTATAGGGCCCCATCGCCTCACGGCACGTAGAGTCGTCCAGGTCGATGGTCGATATCGAAGCCTTTATAAGTGGGTCTACAGGCCTCCGAAAGCGCGACCAAGAAAGCACCTCAACAACAGTTCCACCTTGTAGATTTGCGTCTGGTCAGAACACTAAAAGGTGCGCATTATGACAATACGTGAGATTTTCCGAATAAAGATCCCGCGGTTATGACTCTTCTCGTTAGACCAGAGTAGATGCTCTTGTACACGAGCCCCCCGCGGAGTACCAGTGTTGTCGACGCTGTTGTAATGTAATTTCACCTTCCGCGCATTGACTCCGTCCGACAATTGCAAGGATAAACGCACATTGACGTTGCACAATCCTCAGAGACAGTGGCCATCTGAGTTCTCTCGGCTATATTCTAAAAGTTTTCATCGACACTTTGTGCACAAACGTCAGCGTTCCGGGAAACCCACACCTTACAATGCTTAAGTATACAGGTATCGAATCACCGACGTGTTGTCTCCTGCCATCGCTTTCGACCTTAGGTGAACATTTGCGTTTTCAACCAAGGACTTTGTCGAAAGGTCAGCCATTGCTGGTGTCAAACTCGGCAAGTTAGTTCGAATGTGCGACTGCACCAATTGCCAAAAGGAGACTCTGATGGTCCCGCTTCTAGTTTAGGTAACACGTGGATATCACTGCGATCAGATACTGCCACCATACACCTCAGCCAACAGTTGTGATCCTTTGGCATCACTATTTTAATACTGTCTCTTTAGAAACTCTGGCCATCTCTATATCGCAATAATGTTCCGGATGTTTGAAGCACGGTTGGCTCACCTACTACAGGTGTTCCTTTGGACCTTT,1032,48.26,Drosophila melanogaster
SEQ_786303,CGGGAGGGGAAGATTGTCACGCTGGGTGGCCACGTAAATAGTACTATTCGAAGCACAATGGGCATATCCCGACTCGCTCGGCGTATGGAGACTTCAGGACTGGACCATATGGATCTCCCTCGAGGGTCACGGCGCAGGCTTACGAGCGTTGGCTGAGTAGGGCGAAACTCACCAGCCCGCCTTCTCCGCACTCCGTATGCCACTTAGGCTGCCGGTAGGCCGAATGAGACGGGCTCGATGGCATGGTAGTTACCCTCTGGGGTCGTCGATATATCAGAATTGTTTTGTAAGCCGGAATCGGTTGTTGAGCAACAATCTGTTTCTGATGTCATTTCTCGGGTACATAGAGCGCGGTTTCAGTACCAACCGGGACGCTCCTATCTACGCGTCCTAGTTCTCCCCACCACCAAACCCCTGAGACCCCACATCTAATTCGCACTTCAGTTTCAACAATAAGGACGGTCCCTGCCCCCCTCCTCCTCCGCGACCCAGGCGTGAATAAAGGCAATTTCGCCCTCCATTAGATTTGATGGCCAAAGTGATATGACCGGGGGACATAAAGGTCCGCTATGATCAGAGCGAGTGAGGATCCGAACAGGGCCCAACAGATTATCAGTATGTTTTACGGAACGTCCCGTCGTTATCGGTATTGAGTTAGGGAATTCCGTGTTAGACCTATATAGTAACTTACTTAATCATTGAATCCCCCAACTCGGGATACATTTTTAATGTAGTGGTCCTTGACACCTACGCACAAGGCGCGATTAACAAGATTGGGTGAGGGAGTATGGGGTTAAGCTTGTGGCTTTAACGCCCCCGTTGCATTTTTGTAGTACTACGCTCGTATCTCAAACGGCAGCAAAGTTAAGAAAGAAAACATACTAAATTTGGAGTGACGAACCGCTAGGGAATACAAGGAGGCAGCGTACCGCCCGCTGTCAGTGGCGTATTGCTTGATTCTCTGCGTGGGCACCCCCGGAGCTTCGCTTTCTCATGCGCCCTTGGGCTGATCATAAAAGTTAGGAGTATAGACAGGTCAAGCGCTACGCGGATGTACCAGCCTGGAGTATCGGGCCGACTCCCCTTCATTGAAGCCCGGGTCAAAAAGGATGGTGCTAAGTGAGAAGCATCGTAATTGGTGAAGGCGATGTTCAGTATCCATCTTTCCTAGTCGCCGGACCATGTTCATTAAGCGGCCCGAGTATGCAAGGATGTAGCCTGTATGTGTCCTAGGATTTGTCACCTTTTTATGTAGGATTTTGCGTGACGCTCGGGCCATGCAACTCTAATCCCGAAGGTAATGCGTTACGAGACTATCATCGTACACAGGTATCCCACTTTTCATTGTGTTCACTGTATACCTCGGCTCGCCCGGTAGTTCTCTGCCACGAACGAGTCACTGGGATTGATCAACGGTTCATCATCATCTATCAGTACCGGGCTAGTACGAGGCTAAGGGTTATGATCACCGCCGACTGGAAAGAACGAATAATCCCGGAGAACTAAGGCGCACTGGAAACGCGCTACTGCCACAAAGCCGAAGCGCTTGGTGTCTTTACCTGCGTTTAGCAGTGCAAGGTGTGGACTTGTTCTCGCGGTACAAGGTCTTGATTTCAACTTTGGTTCCCGCCGGTTCACACACTCAACCTCGCATACCGCCATACGGTGGGCAAGGGAGACTCGAGAACCGTCCCTGTACCAATCTGTTGTGAGCGTATCTGCGGTTCAGTCAGACAATAACGTCTATACCGATCTAATGCCAATTCACCCTGACTTGGAGAGAGACGCTACTGTTTCATCCTTTTAGGCCGCAGGGCCGTTAGGTCTAAAATTACCCTCATCGA,1844,51.08,Saccharomyces cerevisiae
SEQ_478635,TTATACCACTACATCAGATGGACTTCCCGGTAGTATCTACATTTGCTGGCGGATTCCCGACCGAGCAAAGGGGGTACTTGATGTCGGGATATGTAAAGTTCCTTATCCACACACAGCCACAACCTTAGCTTGATGCGGG,139,48.92,Escherichia coli
SEQ_378108,CCTGCCGATCTTCCGTTGAGAACCCACGCGGCATTTTGGTGGGAGTTTATTACGAATTATGCAAGAACCAGGCTAGAGATACTCTGTGTCCTAACGTTAACGTGACGGCGTATCTGCGGGATTCCGCAAGCTCGAACAATACTGTTCGGCATCGGAGTGACCTTCTGCTAAGAACACTCAGGTCACCAAGGGGCACCATGATCACCGTTTTAATATCGGGCCGTGAATTTCCCTAGGCGGGGAACAACAATTTCCCTGGATTTGCACGCATGACCCTACTATCATCCATCGACGGGACACAAGTTTCCGATATTCTAAGAGGCTGGTCAAACCCAATTACATATGTTCGGTCTTCGAGATAAGGGTACAAGGGATATGGACACCATTTCCCATCGGATTCGCTCTTATACAGCCGAGACTAGCCACAGCGTTCCGCCTATCAGGACTTTTATCCCAAATTGGCTCCTTATTCACTCCCTAAGTGGCAAAATTGACCTCACATATACTTCCGTCAATCGTTATGTCGTCTAATAATGCGATATGGTTTTCAAGGGTGGGACTCTGACGTCGAGCATAACATTACCCCGTAGTAACGCGGACTGGTTTCTCATGAATTCAAATTCATCAAAGCTCGATTCTACAGAGGTTCGTGGTTTAATACAACGGTGAGACCTTTTTTCCGGCTCGCCCACACATCCTGACCCTTAGGTTCGTCCGGGCGGTGAGGACCCGGTTATCCATTAAGTCGTCATGTTGCTCGAAGAGAATCTTCATATTGAGTCCTTACTTCGCCTATCGCAATAAGCCCCTTGTCGTACCGTTGGCGTAAAGCGTGGTTCTAAAAACTAAGGCTCTAGTCGTATACAAAGTGTGACGTATAGATTCCGCCGCTCGC,895,47.93,Saccharomyces cerevisiae
SEQ_585196,CTTACGAGCTTTCAGCGTAAAAGTTCGCTTCGAACCTGGCACAAGATCAGGTCGGTACGCATCGGAACTGCGAACTGGTTCGTCTCCTATATGCAACCACAACTAATTACTAAAGACACAAACGCCCCCAAACCCTGTCTAAAGATGAGTCCACCCGCCAGCAAAGACTCCGGGGAGCTCTAGGCACACAGAGTCCTCAAGGAGAAGCTCATGCATAAAATTGGCTACGAACAACTTGTATTACATCTTAAGGACTGGTCTGTTCAGTATGGCATTATAATAACTGTGAGTCGGGAACGGGTTGGGGACTATTATCCGCCTCTACTGGCATCAAGAAGGTGTTCCCGTGTCGTAAGAGTCGCTGTGTAATACACTTAAGGGAGTCCACGGGAGTGTTAAACCCCACCTCGACCCACAACGCTAAGCTAGGTGTGCTACATAATGTGGTGAGATTGCCAATTGGGCTCTTTACTTAACCTCGAAGGCAACGACATTTCAGACTGATTCTAAGCTCGGTCTGCATTCATGTTGGTGTCGTACTGTGAGGAGCACAGCTTAGGACACTCCCACGTTAATGGACTACGCTGCG,589,48.73,Escherichia coli
SEQ_235178,TCGTACCTTAAGTAAGTGACACAGGATTCTACGTCGTTGTACCTCATTTAACCAAGTTCCCAAGTACGTTATGAAGACCGATGGGTTGGCTACCCCTAGGTTGCGGTAAGCCTTTCTTCGTAAGTGACAGTTCACTGCCTATAGAACCATCCTTGTAATACCGTGAGTGCCACACCTCGCGCCTTGGCGATGTCGGGTACCTACAACGACACGCAGCTCCGATATAAGACGTACCGTCATCCGATTGGCCTCCGAACTGCACAGGTCTTGATAGGCCCCGACGCGATGTAAAAGCTATCCTGGTGGCGGAGAGACTGCCGTTTTACCACACCGACAGTCGACTGCTATAGCGATCTATCCATCCACTGTCGGTGCAAGCGAATGAATAACCTACCCACGGCCGCTGCTATTATGTAGCTCGCGTTCTGTGACGTTGCATGATAGAACGACAACATCTACCTCCAGGTAGACGTATGCTCTAGTGAACACAATATGCCTGTCAATCAACTCGCTATCCTCGTCTGCACGTATTAGGTATTGAGAGAGAAGCGTTCGTGTGGCAGGGATCCGTCACTTGGGCGTAATGTTGACTAACGGCCCCTCGATTTTCCGATTAAACTTACCATCTATGCGAGAGCGCCTAGATTTGACGCCCCGAGCTTCGCCGGTAGAACGGTGTAGCATATATGATCTACGGTGCAATAACGCGTGGGGAACGGTACGATAAATTGACTCCCGGTTGCGGCTACCCGATTACGCTCGGGACTCGCACTCAGCCGATTGGCACTAAGCTTCCGATGCCCACCCGTTATTTCTGTCCCTGTATCGCTCGTTCCTCTTCGCTTGTCGCAAACTCACCTACTACGTAAAACGTAAGAGGCAAGGTTCCGGCGCCCATACTAGAGGCTGTAGATCAAAAGGCTAGTGCGATGCGATTCTGGAGTCGGGGCACCGGTGTGTAAGCGCACGCGCTCACCCTAAATGCAACTGTTATAGCATGACCAAACTCCGTCCAGACCGGAATCACGCGCGTTTACGTTTCTTAGTGCATAACACAGGTCCTGGATCTTAATTGGACTGCACCCGTCTAGATCGAGTTATAGGACCTTCTGAGTCTCTCTAGCCAGTCCACCTATCAACGGTCGCATTTCAACACCGGTAATAGAGAGAAGCCGCCACGGCAGTGCACATTCATTCACGCGGTCCCTTGATAACCGCTTTTACAGGATAGGCCGAATGGGTTATGTTTTCCCAGCCCAGGTAGGGTATGACTCTGCGTCATTCTAGTTTGTAATTGCCCGCACATAATCATAGAGTATACCCTCGTTAATGTCCAAATCCCATTCCAGGCATA,1354,50.89,Arabidopsis thaliana
SEQ_488435,CTGTACCGATTCAAATATTCGAGCGGAGTAAGTGCGTCTTTGCGACGGTAGAACTATTGATTATTTTCTATGACCGCCCTCAAGGATTGCTATGGGTGAGAGGAGGCAGCTAGTAGAGAGCAGTTTTCATGATGATAACCCAGGATAATGTATCTAGCAGCCCTAGCTATCGTGAGGAATGCCAAACTCGACGTCGGCCGTTAGACATTAGCGATAAGCACAATCTCCTCTATGCTACGACACCGAATGTACCATCATACCAATAAGCTCGGAAATCACTCCCTCATGCATATACATTCTCGAGGTAGCGTGAGCCATAGTGCCGTTCTTGTGACGAACCGGCCTGACATCT,352,47.16,Arabidopsis thaliana
SEQ_436633,TCAAAGTCAGGAGGAACATTAGGGCGACTAAGATCGCGCGGAGAGGGCGAGAGAGTTATAATGCGGCCCCCTCAGACCGTTACTGAATCGTCCCAGCCGTGAGCGGAACTAATTGCAACTTGGCGTTCAGGGGTTCCTGTTTGTCAGAACCAGCGTTTGCGCATGTTTGCGGGGATATTCAGGTTCGTCACCGGCATTATAGGACATCTACGGGAATATCGTGGAAGCAATTAGCGATCCCACATGCTCGCACAACGGAAGACTTAGGCAGAATACTTGCTTATAGACCGGCGGCTACTACAATCACATCGCAATAAAATGGCACTAGGCCTCCAGCGAGGCATCTCTACACGCACCCCGTCGATTCGTGAAGTCTTTCCTTATTCTGATCACCGGATGCAGCGCTTAGAGCTAACCGATCCAGGTATGCCTGTGATCGTACTGACCAGACGTACCTCCCTTAATCGCAATCACAGGACTGAGATATCGGGTGTACTATTGCGAAAAGGGTCGGCCTTCACGGCACCTTGTCTTGCTGCATACTGATGTCCGATGAGGTTCGCTCCAATCCAGATGCGCATCACTATTCTTTAACTTTCGGTTGTGCTTTTGGGCCACATAAAGCGACATGCCACATTACCTGTGTTCTACTGTTCTCAACGCATGTGCGCTACTGGGAATTACGACAATGAAGGACACTGGTGTCTATAGACTCTCCCCACATTCGGAGGGTTCAGGGGCGGCTATTCCTTGGGGGGCTGCGATCGTGTAATGACCAGTCGCCCGGCACTTTCGTACTTCCGTTCCACGCACGGCACAGCTTACCTGAGTCTTACTAGGTAACCCAGCGGTTTTGTACGATAAGGACTGAGTAAGCCGTGTTCGTAACCTGCCATGCTAATCCAGTACAGTCATGGCTACCATTAATAAGTTATGGCATTCCGCTGACAACGGAGGTATTCAAGGACAATGCTGTACGCCCTCTTACTGGGTGTGTAATCTACCAAGACCTACAATTGCCTGGGTTGATATGAGAAGATGGGAGCGCCATGCTGCTCTTTGAAAGGGAAGAACTACGGGTTAAGAAGGAGGGATATCCCAATATCCCGTCTTGATAGTCCGTTCGCACGCTCTACTACATTGAAAGAATAGCTGAGGCACCGATCACAGCACACGTTAAGGCGGGCCAGCTCTGAATCCTCCCCCTTAGAGATCTCGAGTCTTAAATGATGCCCGAAGATGGAAAGTACCCGAGCGTCCGTGCGGGGGTTAGGAAGGATTGGAATACTAGATGAGCTGCAGTTACCGGTACTTTAGGTTCAATCCTGCGCAGGGTAATCACTGTCGTTTATGTCTCAACCAGAGTATGGGAAGCCGGGATTAAGACAATTGTAGGAAGCTGCGCGGTAACTTTCAGATTGAACGGGAAAACAATCTCTCCAGTGCCTTATGAGAATGGCGTATGGACGAAGTGATGGCGCTCTGCATTGGAGCTTATGAGCGGAAACCTCTTAGACGCACTTGAAGGAGCTCGGCCAATCATGTGGGGGGTCCAGTTACGAAGGATAGAATGATAGTAAGAGACATACACGATATATCATATCGCGGAGTTTCTTAGCTCAAATTAGTCGTTTTTCAGGGTACGTAATCCACACGACATGCTCGGGTAGGAGCCACCTGGGTCAGATCGAAGGAATTTGAGACGGTTAATTATGCGTTCTCGACTCCGTGGAGAGGGTGGGGCGCACCTAAGATTAGCGCTCCGTAAGATGGTTAGATTTGTAAGGGCAATCATGAGTCTATTCTTTCTACATCGCACACTCCTGGTACTGGCGGGCAGTATGGGGAGCGTGGCTGTAACCGACACACGTCGAGAGAGACCGCCGCCCCTCCTGAAACAGGGATGCATCAAAAATCGACGAACGAGATTTATTAATTGTATC,1943,50.08,Mus musculus
SEQ_230696,GCGGCTATCTCTAACTCCGTGAGGTGTGCGCGGCCGGCGGGGCATGCTTCCTCCCCCAGGGGCGATCTTGGGAAAAGATGAAGTGACCGAGCAGTCATCAAAGCCGGCCTAGAAAAATTGGACTGCAAGCGTAGAACGGAAATGCGGTTCCGATAGAGTTCCTCTTGTGATATGCTGCTGGGACTGATAAACGATTCTCCACATCGGGTGGACCGCCTCCGGCAGTAACTCGGCCCAGCCCGCCTCGGTCAAAAGGAGAGCGAGGTGCTCGATTTTGTATGCAACAGCCGATAATATCTAGTTTGCGCACTAAAAGAGTTTGGTTACGGTCACCGCTACGGCCCAGCCGCTAGGGTAGACGAGTGATACAGTCCACACCCCCTGGGATAAGAGAGCTGGGCTAAGTGATCAGTTTAGGCTCGGGTCCCATGGGAGGAGAGTAGGTCTACGTGACAGCACCCCCCCTACGATGGGGCTTCCTCCGATGCCTGATGCTAATTAACCAGACTAAGCCTACAGTAGCACTCTTTCACCTACGCTGATCGGGCGAAGGCAAATGAACTGAATTGCGTGTGTGGTTAAGGTGGCGGCCTGGTGCAATAGACTTACCGATACAATAGATCACGGCTATAGTCAGGACAAGGTCTTTTGGCAACGGAGCGGCGTCAAGCCCCCTCCAGACGTACCAGCCCCGAAGTTTCTGGACCGGACTGAACAATTCGATGTAAACATTGATCAAGCGGCGAGAGCCCTGACCCAATACAAGGTCACGCTTCACGTGCCACGTGACCTATACGGGGACCTTTAATCGCCCTGCAAAAGTCGTCTTTAAAGAGCTATGTAGACTATTGTCCATGAATGCATGCCGTTTCATTGACTGTCGGTTAGGACTAACGATGGGCGGCCTACCGTGTTACTCCGTTGGAATCCGTGTGAGCGTCGCCTACTTGATCCGAGTTAGAAAATGCATATAGGTTAAGGAGAGTGATAGAGCTATGCAATACGACATAGGGCATTGATCCGCAATTTTAGATTATCTCATTACTGCTCTGAACTTGCTGTTCCAACTTACACACGATCCTAGCCGCAGTTACTTATGGATGTACGCTGAAACATGGAATCTCACTGTCAAATCTACATGATCCTAGCTGTATCCGGTGACCAAATCTTTAATTAGGGTAGCGCCGCAATCTAACAACGGAGTATAAAGGTTTTCTATAACACACAGCGCGATGGCGTAAGCTCTATTCAAGCCAGATCTTGAACGTCCTACGACACTAGCCAGAAACCTAGGCAGTCCCCAACCCTCGGCTTTCTATTGGCCACAGGCTTTGTGCGTAGGCCCTGCCTTACAGGTCTTTGGCGGCTCATTACGCGTGCTCGACTATATAGTCTCCCTCGCGTTTAAGATGATGTTACTTTGCTGACACGGCACTCGTTCTGATAACCCACGTCGAATGGTTACTCACAGAGGCACCGTCTGGACGACTAACAGAATGGAATCACAGTCGGCGTACTGCGCCCGGGAGATGCTGGTCTCAATATTGTTGCATTAGCTGTTCGCCCCTTTGCCATTGTCTGGATTTCCCCATCTTAGTACGAGCCAGTTGGAGACTGAGGTGTCGGGTCAGGTATTATCGTACAGCGCCGGTTCTAGGGTTTCACAAAATAAGCGCATGAGGGCCCATGAAGGATTTATCAAGCCTATTAGATGTGTCTGATTTGTGTTACCATACAAGACACAAGAGAGATGTAAATCACTGAACCCGGTCACTGAATAAATAGGTTTAGCCATTGGGTCGCCCCGGTGCGGGTGCCGAGAGCAAACCG,1830,50.93,Arabidopsis thaliana
SEQ_473103,TACGGGTCAACCTAATAGTCGCATCCATGCTATTTGGACCTCGCTTACCTTTCCATGGTCGCCGCCGCAGCTTAACCTAACTCCTGACTGTTGCGGCAAGCCTAGCACCAGATTCCGAATCAAGGCTTGGTAGCACCCCCTCCACCTGGTGTTGAGTAAAGCTGTCCGAAACACCATGAGTTCCTGACTAGTCTACTATGCGTACCTATGCCCCTCGGGTACCGTCTCGATGTCCAATCCAACTGTGGCGGATACGAGGTACATTTCAGACTGGTTTAATGGACGAGTGACAAGCTTACGTTAGACACATAT,312,50.96,Escherichia coli
SEQ_100853,TTACGTCAAAGATCGTCGAAGTAGACGAGTTCGGATAACTCGCGACGCACACGCGCTGGCGAAGAATGGGGTGGAGACGAGGTAACTCCCAAGACATCGCCTAAGTATGTGTAAATACCAGTACTGACCTGGAGTTCTTGACTGCAACGGTTCCCCTCACTTCGCTCTCGTTAAACACGCAGGGTCCACCGTTGCATGACCAGCAGGAGATACACTATCCGATTTTCCCGAATACACCAGGCTTGTATGGTAGGGCCGAAGTCTGATAAATCTACACCCTACATAGTCTCGCAGTGTGGACAGTGACATATGGCTGACGGCATTATCTGCCATCACAACTGGCCAATCGTACACCTATCCTGCGTCTTAAATTCGTCAGTTGGTCGGCGCCATATGCTCTCGAAGATGGCTCGAGCAACTTTGGCGGCAAGTGAGATCTGTACGGTCCCGTAGTCGGCACCCTGCGCCAGCTCATGATGGCGGACCGCATCCTTCTAAAAAGCCGGCACATAGAGATGTTGAGCCTATCTAACGGCAAGTGCTAGTAAGCGCTACCACACACCGTCCTGTTCAATGGTCACTGTAATGCTTTGGCGACACATTGTTTAAGGAACGTGATAGTAACACAATCTCCCCTTCTAACGCGTGACTGCATCGGGTGAAGCTTTTAGGCTGTCCGTTCGGTGTTTCTGGGAATTGGGGACACCCGGAGGGACCCACTTCTCCCGTACGGAATTCCTCGGACATCAGACGGCTAAGAATCAAAGTTATCTCCGAGCCAATATCGTATGTTCGTGGTGGCCTTATGGTAATATAAGAGCCGTATGAGCCAAAGTCGCGTGCGTAGTTTACAAAGGTTGTGCACCGCTCATTTTTCGTTGCCGTAATGTACTCGTCCGTCAGCCACAATCGACTCTTCGCGGAGATGCCGCGTATGACTGAGGTCGGCTAACTTTTGGTTGAGTAGTTATGCGCATTTGGTGGAGTGAAGGTCCCTAGGAGACACGACGCAATTTAACGACCGTCTGGCAGTGCTAGGCCCTAACGATTACTTTAGCGGCATTGTGAGCGACAGTTACCGGGAAAAGCTTACACTGTATGGACAGCTGTCGCCGCGTGTGGCTATCTAACTTCATTGAGTCCTAGTGGACACTAAGATCACCAACTGGGTGACATGTCTTTCTATGTGGTCCTTTAGTCCAATTCGAGATTGATCCAGCCGATGACGATAGTATCCGACTCGCCCTCCCTCCA,1254,50.96,Escherichia coli
SEQ_390464,ATATCGAGATATGACACGAAACAATCTGATCAAGGGACCCACAGGAAAATCAAAACGGGATTCGTGGCGGGGCAATACAAAATAACTGCACCGCCCCGAGGGGCAGATTGGAGGGCGTGATCACGAACCACGTCTTATGGGAGCCAGTCAATAACCGACCCAGGACCGAAATGAGACCATAGGGGAGATACGTCTTGCCCGGTGAATGCGCCATATTACTACGCTAGATTTCAGCACGGGTTTTCGCAGATGCAAGACTTTGAACTCTGCAGGTCATCAAAGCTGCCGGCGAATGCAAGCGGAATACCGCCCCCCAGGTTATGCTGTGCCCTCACAATTGCTTCTGGGCTACGTTTGCGAACGGGATACCTCCAAGAAAGCAGGCCAGATCCCACATGTAAAGAGCTCGTGGTCTCGCGAGCTGTTCATTGGATACATGTAATTCGGAGCAGCCTGGTACAATTCTCAGTATCAGCTTTGGTATTGAATTTAGTCGACATTAAGTGGTAAGAGTTCTGTGAACGCTACTTCCTGGCAACACTCTCCCGCTCGTCTTTCCACTGCCCATATGTGTCCGATACATAAATGCATTATCTCCTGCTTTCCCCGGAGCTCACCCAGTTTACGTCTGGACGCGTCTTCCTGTTAATTATTCGGCCCATCTCGGTACCCGTCGTCGATTTCGATCCATGCTATCGAGCTCCTTTCCGCGCGCGGCAAGTTTCTTGGTAGATGCGATTTGCGACAATTGATTTCATCAAATGAAGATCTAAGGTTTGATCAACAAAGGACAACTCATCAACACTCACCAGACGACATCTGCTGATCACTCAAAGAAGAAATCACTTGGGCTAGTCTGCGTTCGTGTGGCAAATTCCATACCCAGTTCCGAAGCCCCTAGCTTGGCGCTTTGCTGAGAGCGTACGCGTGTGGTGAATAGGTTACTCTTTCAACCAGGGGGATTGTATGCAACGCGTTTGTGAGGCGGGATGCGTTGGGGCAACCGTCAAAGAAGCCAGGATGTAGCAAAAAGCTACACGAGTGACGTAGGTATTGTTCAACCTAGTCGTAGGGGGAGGCATTTTAAACACATGCTTACGCCAGCCATTTTGGCCGCCGGTCTCCATGCCTAGTTGATACTATCGACTCGGCACTAGACTCTCTACTTGTGCTGAGATAAAGAGAAAACAGAGTTCGGGATGTCGGGGATGGGCTGGTAAAAACACCGAACGGCAGTC,1238,50.08,Caenorhabditis elegans
SEQ_848866,GTGGGCCTTGGATGAAGTGTAACGTTGACCGATGTTGTCGTAAGTAACCTTTCTGCAGGCTAGTCCCGATAGCATGAAACCCAATCTAACGAATTCGCTCGGTATATGGGGCTTTCATCACCATGAGG,128,48.44,Escherichia coli
SEQ_502027,GCTCTAACTAATAGATTTGCCAGCAACCTTGGATGCTTGATACTTTGGTTAGCCAACTCTCAAGGCAAAGAAGCTGTTCGCATTCTAACCCGTGGTTCAGGCAATCTAGGTATGGTAGCGCCGAGACTCCGCCGCACGTTGATAGCGTTGGATATGGGCTATGACTAACCCCGACTCCGTCATAAACCACGATTCCGATGACCCAAACTTCACTACCCCCCGCATGAGCGGCCTACCAACTGGCGATGTGCACAGGTATGTCAAATGGTTCGTAGAACATGGGATCTACCCGTACAGATATAGGTGTTGAATACCAATTTTTTGAAACCGAGCATACATAGGTATTTCCACGCGCACGCAGTCTAGCCTAGGTCGAAATGCCTAAGTGATACGATATTCTACACCGGGGTACGCTGCCTGGATTACCGAGCTGCTATCTGAGAGGTGACGTGGTTACTGTATCCATACATCTACTTATATATCACGGTGCTATATATGGACCTCGTAGCATGAGTCTCACGATTATGAGTTAAAGTTTGAAGATTTGAAACACCAGTACAGTCACAACCCGTCAATACTCCCCAGGATGGCCCAGTAGCCAGGGGTCCACCAGACGCACTACCGCGTGAAGTGCAAGTGGGCAGCCCGGTGTATATCCTCTGTGTGCACCTGACACTAGGCTGTGGTACAAGTTTAATCGTTGCCTATGTCCTACATTGGTAGTAGATGGGACGGAGGACTTTTCACTGCCTAAAGGCACATTGAGACGTTTTCAGTTCGCTAGTAGGCTTTGATAGCTATCACCGTTGGAAAGTATTCGGAGATCCATTAACTCCAACACCTTCATTCCCTGTCCAAAAGTCAGACGGTTCGTGTTGCTATTCTACTTCTGACTATACGTATAGTATCAGTAGGCCCAGCGTGGAACGCTGAAATTACCTAGTATCCGTGTGAGAGCGCAGGATCAGGACTCAGAGACTGGGGCATGAAAGCGGTCCGTAAACGA,1006,48.41,Mus musculus
SEQ_771401,GTAATCCAGCGGTTCCGACAGCCCTAACGTACCACCGACCTAATCTGTGAGGCCAGCTAGTGGATAGTACGGGGAGACAAATACCAGCTAGCCTACGATGCTCGTCCTCCTGTTTAAACCACATGCAGAAGAATCGGTTACCTGACGTTCTTTGGGGTAAGCTCATATGTATAATTGTCTTTCCTGCCTTACGCTTGAACAGATAGAACCCGTCTGTGTTTACCAGCATGTGCGATGGGCGTGGCACCCGTAGTGATCCACATTGGGACGTGCACCTGTTCGGAACCAAGTACTGCAGGTTTCCTAATAGCGAGTGGTGAGGGTCTCGCAGGCTTTCAGCTAGATTTATTTCGCTGTGTTCAAGAAGGAACTCAGACGGTCATATCAATCCCGCGGTTAAGCGGGCATGGGCGATGAGCCATGCATACAGATTCGGGGATATACATAAAGGACTCACCCGGCTATTTTGTATAAGAGGCAGTTACAAACCGTTATTACAATGACCCCGTAAGTCAGCGTCCCGCGACCGCTTTACCGACAATCGAGGTGTATATCTTGGCAGTCCTAATCGATCGTTTCCTCACTTTAATAACGCAGGCGTGCCACGCTTCCACTCTCACTCGCTCTCAGAATAGCCGCTGCAACTGTAATAATCAGGAGACGTGATTAAGTAGAATTCCTCATCCTATGCGCGTATTTCGGAAATAAAATTGTTAGAGTAGGGACTAATGGCACCCTAGAGGCAGTTATGGCGTTAACGGCTGAGAGATCGCTCAGTTTGCCAAATGGTCGCCGATCTTAGCGGTTTGAGGCAGATTCACCCCCTGCCAATATCTAGCTTTCCACGCCGAAGATGATAGAAGCCAGGACGCGCATCCCGGTGCCTGTGGCGAGCTTAATAGCGTCCTCTCGGTGCTCCATCCGTCAGCTCATAAAGAGCTC,942,50.11,Mus musculus
SEQ_669960,GAACACATTCGAAAATTGCAGCCCAAGTGAGAGGCGAAGTCTAGGGTGCCTCTCAGAGGAGTGGCACACGACCTTCATGTTAACTGTCCAAGCTCAGCCAGGAATCCATGGTATCGGAGGTCCTTAGACAGGATTTAGAGGACGTGGAGCTCATTGCGTGTGTTGAAACATCGTTGCTACTGTCTGGGTTATCCAGAAACTCTCACTGCATACCCAATTTGATCTATAGACTTTCTACGGATAGATCGTTGGTGCCGCGGTCTGAGCGGAAATATCGCACTGGACACTGGTCCCTCGGCCTTTTCCAGTAGGACGCAATCGTGTATGAATATGGGATTTGGACCTGACATGTCGCACGGACAGTTAGACCGGTAATTCTAATCAGGTTGAGAACTACGAAGACGTTTTTGCTGATCCCACACAGGGTGAGAAAAACAGTGATTTGATTAGAGACGGATATGAGCCATGAAAAGAAGTCATAAGGAAAGGCACAAAAGGCCTGAGCTTGGCAGCAATTTTCGAAACCAATTAAACCTCATTGTATACTACGCCTATCTTGGGGTAGAGTTGGCGGGATAGGCCCGCCGCGTTAGCTCGTTAGTTGGCAATCCTCACGGAGACTATAATGCCTTTAATTACGGTCTAATGCACTTAGGCCGCCGGGCGACGGCTGCAGGGTGCTGTCTGAAACCCACTTCATCAATACCAACCCTGCCTCCTACACATCACAATTCTTGACACCAGAAATAACGCGCTGACGGGGCGCAGCGTTTGCTTCCGAAATTTGCCCTTACATAGCACCTCATAGCGCCAGGAGAAAGGGTAGCCTACACTGGCCCGCCTGCCTGCCATGCGGCCAAGCTAGATCGTATCTATCACTGTCCAACGTAGAATGCCGCCTCTAACGGAGTACAAGGGGCACCACTACCCCCAAATAACATAGCGGCACATCCTACGTATCAGGAGTAAGAGTTCTGTTGTCTATTGACATTGTATGCACTATCTCTCCCG,1011,49.65,Drosophila melanogaster
SEQ_219805,TAATCTCGTCGACGGACTCCAAGTCGTTCGGACCGCTGACGCGGTCAGTGTCGGAGATGTAGGGCTCGTACCAACTGATCTAAGCCAGCGGATGTGCTGTGTCTGCGGAATTATTCCCGGGCTCCGCGCGGTTAATGCATTGCAGATTTAACGCGCATGCCCGTTCACGATAATGTTAGTCACCATCTCCCGGAAAACTTTAGAGAGACGTGCAGCGGTCGTTTCTGCTTTGTCAAGCGAGGTGCCCTAGCTTAGCCGTAAGGAAGTGCCATGGGAGCGTAGTTGAATTACTGTTCCATCAATTAAGAAGGCGGTTCCAGTACTAGAACTTGGACCAGCGTCCCAATTTAGAACCTGCTTTGGACCGGCACCACCCAGCGAGTAGATCAGCTGCTGCAGTATGCTGGAGACAAGTTTAAATAGAAGATTCGAGACTGGCTACCCAGCCTACCGGCGGCCAAGGGCTCTTGTGCTCGGTCTGCTTTCTACCGTCACCCTACCCGGTAAAAAACAAGTCGTGAAGCAAGATCCCCGCCCAAATGGAGTCACCTTGACATCGTCTGCACATTCCTCATTCCTACGCAACTTGCGGTGTCATACGAGAATTGCCTTATAATTAAGGTCACGTCGAGCTCCCTACCCCGACAGCGGGGCGGGGCTAACGTATCGAAGGGGCGCTTCCCCTTCCGGTGGGCTTGTTAACAGGTTAATCCCGATTTAACACCCTTAGATTAAGCTTTATAGGACGCGAAAGCAGAAGTGTTATGAATATATGAATGGATTGCTGTGCGATTGTGCCAAAAGTCAGCCACCCTCGGTCGAGTCTACGGGCAGACTACTCACATATTGTTGCCGCAGCAAGAAGGCGCGGTAGGCCTGGTAAAGATATTTTGTCCGTACCGTGATCCTCGTGGCATCCCCCGAGATCGGATACCTCGGGGCTTCTACCAGGCAGCGCC,959,52.76,Drosophila melanogaster
SEQ_412674,CGACCACACGCCATGCCCCGAAATAAATGTATCACAAAACTCAGGAACTGGCATATGATGCTGTGACAATATACAAAAGAGCGTCCCAGTTTAACTATCGTCGCCTCAGAGTCGTATCGCATGATCTTGTAAACACCATCGTCGAGCAGGTACAGTAATGAGGTATCAATGTGTTAGATGGGACCGATGGGGTTGTTATCCAATATGTCGTGCCGTCATCTTGCCGCAACAGCAATTTTGTTTGATATAGCGGTCGTGACGTGGTTGAGTCTGATGGCTACAACGGGACATCTAACGCACGCCTTATGGGGGAGAGAAAGTATGTGGCGCCATTTTCTTGGCTAAAGGATCTTATTTACTGACAGCCTTGACAAGCCGTAGACCTATTTGCCCCGCGCGTGCCTACCTGCGAAACTGTTCTCGTTGATCTCATCCGATACGCCGGAACACTGGGCCTGCGAGCTCACGTGTCATGCGGCCGATACAAACAAAGTCTCTTCCGAGACTCTTACACCCTGAAGCTCGGTTCCCGGATCGGAGTACTGAATCTCAGCGTCTCAATAAGGTAGATGAGACTCGTAAACCTAAGACAACCGCCAGGGTTCTCAACGCCGTAAAAATCTTACTGCCTAGAGCAGCCCAAGACGTGCCAGGCTCTTAGTCTCGTACTTTCGCCGCACGCACTCGTGTATGATGCGACGTCAGTGCGGCAACCTTCTCCACCGGAGGTCCGTCCAGTCTCTGGTCGCGGTCAACGAACATTCTAAATCAGAATTAACACTGTATTAAACAATGTGGAGTCCAACGTCGACATGAGGTTCGCGGCTCCGTCAACTCGAGGGCTGATGTGCGGGTGAGCTCGGATGTAATGTCTTAAATTCTAGAGCACAGGTTAAAGGAATGATGCCCCGGGTAGCAGAGTCCAAAGCTACTAATCGGTTACTGTACGAGACTTTCGGCAATAAGAGGGCCCACAAGAGTTGCGCTTAGCCACGTCAGTATCTAATATCATACGGGGTTAAGATGCGGACGGTAGTTACGCCCCCGCAAACGCCCCGTAGTTTTGTTCTGTGAGATCCAAAGTACGGACGGCCATACAGCGCTCACTCCTCGTCGCTCATCGAAGGTACTTGAGTGTGCACGAACAGGATGCCCCAGGGCAGGTTAAGCTCCGGCGTAGCTTTAGGCCAGAACTGAATGCAGATAACTTCTAGGTGGGTCTCGAAGAGATAGTATGAGCATGTTGTGACATGGTTAGAATTCTCGGATGTGGCTCGTTCGTTAGACGTACTACGACTATCACCAATGCTTCGCGCTTGGTTTAGACAGGCGGACGGGCGTGTAATAGGGACGGATACCGGAGGCTACCCACGTAATG,1378,50.8,Homo sapiens
SEQ_776855,GTACTCATAATGTATTCGCCATCTCTCTAGCTCTCAGCTGGGATACGTGCGACGCCGTCGTACTAATTCCACCAAACTAATATCAGGGAAAAATTCATAGTGGGTTCGAAGATGTCTGTGACTCGGGGCCCCAGGCGAGCTCTTTCGAACTCGTTATACAAGACACAAGTCCTTCAAAAGACTTGCACATAATCACGTCTATGAATCATTTACAGTGGAATTCGCCCGAGCAGGGGCTGCACAAAGGGAAATAGTCCACTCGCGATCTAGAGAGTATCGTCACGTGAGGCCAAGTGCAGTCGAAATGTATAAAACCGGTCATAGCTAAATGTCGTGAATCCCGCAAGCACTGAGATGGCAGCCAGTCACTATGCCGCACTTGGCTCCCCTAACTAAGTAGCCCGTGAACAGTGACTCTTTGATGTCCATGTAGGCTCGATAGTCCATGTGATGGACTGAGACTATAACTTTAGTCACCGCTGAGTGGATAGGCTTGTAAGGCCGACAGAAAACGGGACCGCTGTCGATTAAGTGAAGGTAGTTACCATTTAGCTGCGTCAAAGAGAGATCAGTGGCCCGCACAGTAGTTAAAGATCGCGATCTTGTAGAACTTAGAGGAGGCGAATTCAAAAGTAGTCATCACAGGAGATTGATTGCCTACATGGCAGGCGGTGGAGTCT,680,48.09,Homo sapiens
SEQ_388141,TAATAGTACTCGAGCTGCATCCGGGTGATCTTTGGGTGTGATGACTGTAACGAAGCGTAGTACCTGAATGCGGGTGAGGTGGCTCACGCCGTTTTGTCGCGAACTTCGGGCTGTTCTGCACAGGAGTTTCCAGATGCCTATGGCAGGTGACACTCGGTTAACTAAGGAATAAGCGGCTACCGACACAGAGACATGAGCCTTAACTATTGACAGGGGACAGTACCCATTACCTTGGGGTACACGGGGGCTCAAAGAGGAATCGGCCATTCCAGTACACCACTACCAATCGATTCGCCTACGACGCATCATTTGATAATATCTAACGGCCAAAGCGCGACACTTTGCGGGCGGTGCTACAGGGGAGAGGGTAAGACGTTCCAATGTGATTGACGTTCCGCGTGCACGACACACTAGATGGTAAGGGATGGCACTTTCCACCCCGGCTCGAGTGTACGAAGTACTACTAAGTCTTTGGGCAACCTGGGTGCCACCGGAAGCTAGAAATTGCCTTCAAGGGATGCTGGGGCTTCCGCAGCCAACTTTGGATAGGTAAAGGGGTAGGACTTCGTTTACGTGTGCCGCTGCAGTCACTAGGGGCAAAGCGAAGAACCTAGGCGCCCGCAGCATCATGTACCAACCACGCTGTGCTCCCGACAAAACGGGAATAAAGGGCGTTAGTTCGTAATCCAGCTTACTCTCGCCTAGAAGTATGTGAGGACTAACCTTGGGACTCTCCTGTTAACTCCAGTACGACGCCGAGTGCCCTAGAACTTTAGTTCTTTAGATATCACGCTAAACGCCGCTTCTTCTAAGACCTCAGGTCGGGCTTCCGAACTCACTGACATCTGACCCAGTTCTGCAACTGCCCGTTTTGCGCTAGCGAACTGGGGGCGTGATTTCTATTGGACCATCGGCCTAAATTAGCTGCGGTCTCTTACGCTGAACCTAAAATGGAGCGCAGCTCACTAATGTTAAAAGCCCTCAAATCTGGGTGCACAGCTGAACTAGGGACAGAATATACATTCAGTTTTTGTAGCAGAATCGGCTATTCAGGGTCCGGGGTGGGTTGGAAGGACGATGTACGTCACGCACAGGCGAGACCGAGCCCGTAGCGTTCCGGGTATGTCACGGGACCCG,1137,52.68,Caenorhabditis elegans
SEQ_784437,GACCGTGCTAAGTACGAAGTATCAAACGCCTCGGTCGCTCATCGTATAGTATGAGCTAGCTACTTAGGCTCCTAGCTTTATGCCCAAGGGGCTTAGGCACATACTTCTGCTTAGCCACGTTTGGAAATCAGAACGTTCGATGACCTGTTCAGTTATGCCTCAAAGCGAAAAAAGCCAGAGTATCACACAGAGGGTATAAGAGCCGGACGCCCTTGTACTAAGCGAGGGTTTTGAGCATGATGACACGGAGTATTTAAAGTTCACTTTGGGTTGTTAACATTAAATGCAGTACGCCTGAACATTAAGGCGCTTTACGACCCTCAAGGCGGCATTAATTCTCTCCGCTAGAGACCTACAGGGAGTGGGTCCGAAATAAAATCTGGTACACATGAACAGAAACGCCCTCCGGGATCAGACATACCATGGAGACCGAGCGCACTGGCAGCGGTTGGATCCTCATCAATACTAATCCTTTATAATAATCGTAGCTCATACCCTAACCCACGTTGGGACGTGTACACCTAGATACTGCACGAGCGTTACTCGTGCATTGCTGCTGAAAGCTGCCAATCTTATTTTTAGAACTACCACGGTGATGCGTTGCTGTGAAGCCTTCTTTTCTCTGATGGTAACCGCCCGAAACAGGCGTCTGTAATCATGTACACACCTCATTATCGTAATCCACAATTACAAAAGAGAAACAATGATGAGACACGTCAGGCTGTTTTATAACTTGGAAGTGAAATAATGGCCAAGTACGACATTGGCTATATATACTTGATAGTCGAGTTGTGCTTACTAGACTAATCTACACACATATAATGGCGCGTTGCGTCTAAAAAGCCTGGGATCTCATCTATTACCTGTGCGCGGATCTACCATTGCGCGATTGATGTATAGAAGGTCCTCACCTCCCACACTCAGTCTAGATCTGTATATTCTAAGGAAGCTACACCTCCTAAAATCTTTATTTCACGAGTTTGCGCTCTCGGGACCGTGGACGTTGTTGCCGTACCGATGGGGCTTAAGTTCACACTCTCCTTAGCGATAAAGGAACTAATATCGTCATGGCCGGCCTAGCTTAAATGTTCGTGTCCGCTAGGAATTATTCGCAAATCAGGGGTCGCCTTTAAGTCAAGTAATAGGCTATCGTGACGATCCACGCGTGCGTGTGCCCACCCTCCTAGTTTGGAAGTCTGTTAAGATGCCAAGGAATAGGATCAGTAGTGCAGGTGACCTGTCTCACTGGGTCTCATTCCATGGCCTGCTATTGTCAACCCTGCAGCTTGAGGCTTTGGGCCGAATGTAGTACGCCAGACTAGTATCTACC,1330,46.77,Homo sapiens
SEQ_102456,CTCGGATCTGTACCATCACAGAATCGGAGTAAGTGCTGAGCCCCGTTGCAACCGAGCGCAGCGTTGCGAACATGGTACTCCGTCCTATTTACCTCGACTTCAAGGCCTCCTAACAATCATCCTTTTTCAGGCTATCTCGAAAGTAGACCCCCTGGATCCCGTTATCCCGGTGTGACGAAACAGC,184,52.72,Mus musculus
SEQ_755371,AATGAATCTTTCTCGAGGCTCCTATGTTACGATCGCATGCCGTCGAAGTAGCTGAGAACCGAATCCTCACCATACATACCCATTCCTATTCCAGCTTAGTGCTGGTGTCCGACGAACAGCCGCCCAAAATACAACTATTCCCATCTACAGATTGCTTTGACCATTTAGACGACCACGTCAAGCATGACACAATTCCCTTTGGATTGCTGCAAATGACCGGGCATCACAACTAGGTCTATTTTACTAGCGGCGCTATTCATTCCTTCCACAGCGGTGTCATGCAACTGACGAGGGGGAAGGAATACTGCCGGCCAGTGCAGGGTCTGGAGCTAGTCAAGTGACTAGCCTACGGTCCTGAGCCTTCAGGGTTAGAGTACGACGGCCGGGCTAGACTAAAGTCTCCTCGCAAAATCTTGTAAGCGCACCCATATAGACGGTCAGCATTTAATTTTGTTCTCGTTCAGAAGCGGGCTGTTACACCGGTTAGACCTACGCCTGTACTTGTCGCGCTGGACGTCGGAGGTAGGAAACCGTAACTTAAATGGAAAAGGTCGAGTTCGACGGCGGGGCGACCTAAAAGTATCCCAGTGCCATGTGGAGGTTAGGCTGTTTATTACCTGACCTTTTCCGAGAGGATGCGAGGGTAAAGTACGCCTGGGATTATATGCTTGCAAGATCTCAGAAGCCCGACACTCATAGGTATCTCGGGACTGGAAAGATCGGGAGCATGACGCAGATTAATCCGACTAGTCTCGAACTAGCTTGAGTCGTGGAGTTTCTTCGTTGATTCGGGTGCCCATCCACCGGGATGTTACGCAGAGCAACCTTCACGCAGGTAACCGATACGATCGTTCCTCCAACAATTAGGAATATTAGCCTTTGGTGCTTCAACTATTCCATACCTATTTGATTATAGGGAGGATTTACACTAAAACAACGGTTTAATAACCGCTCGCGAGTATATGTCGCCACCCTAGCTTTCCATCGGGAAATTTCCAGGTATGCGTGCCCTGTTCGTAACACAGAACTAGGTTGAAAGCCAGTAACTCGGGTGGCACTACACTACGTATTGGTCTAACGCCGCGAGAGGATAGGTAACGAGCACCTCTATACTGCAACTGCTTTCCGCTTGGTGGAGTATCGTGCCCCATTACAG,1156,49.48,Drosophila melanogaster
SEQ_896033,AGTTAACCCGGAGGAGCGTGTTGTGTGCGTGATTTCTGTCTAAGTAGTAGACTCGCCCTTTCGTATAGGGTTGATCGCGATGAGGTTATACCCTGAAGCCCATGAGGGTGAGGAATAGCGGCGCCGGGATTGTAGTGTGGTAGTCAGCGTTTCTCGGAAACTCCCCAGCATTATCCCGGTTATCGCTACGTCTATCGGGGTTAAGGGCAGCACGGGTTTGAGCTGGTTGCCAAGAAACTCCGGACGCAAAACATCGCTGGGACCGAGGACCTGCGCAGGGGCATCTTTTTCACCTTTAAAGAACCCTCGGAACGCGGCGAGAATGAGTTTACTCCCTGATCTTGACTCCCGTGCGATCTCAATTAACCGCCTTCGTCGGTGTACCCCTCATTGGGCTTCTCCTCTCTTCACATCGTTCCTCGGCCGCGTGTCAATGACGTAGCTCACGTACCTAAATAGCCGCGCCAGGTTCGCTATCCCGGATTAGGTACCTTAATATTTCTGCACCACGCCGTTAGGGCGGAGCGAAGGCTCTATGCTGCAGTTACGAGTCTCTATAATTATGATTATTTGAGACGGTCCAGTAGAGTTAGGTCCCGCGATGACAGCGCACCACGGAGTAGGGAAGAGCTCACTGTCAGTGAGGTGCCGAACCCGTACACCACAGGCCGAGGACCATAGCATTGCCCGATGAGAGGAGTAACAGTCGCAACTTTACAACAGCTAGTGGAGTAGAAGTCCCGATCGCTATGTACATGCATTTAGGCGTATATTCAAGTCGCCGCATCCAAGGTGTAGTGTGCTGCTTTAATTTTACCTGCATTTGTACGTAGGAGGACTGGCCGGTCCGCCAAGATTACGTTGTTAGGGACTTCAATAGTCATTCAGATCACGATTAGTGTAAGAGGGAGTATTTATCCTTCATTACCGGGCGTGGCAAAGACTACCCCCGGAGCGACGGCCCCCTCTTGGTGTAGACAAATGCGAATAAATGCCCCCATCTGATGATGCCATAGCCAGCCGGTAATACCCAGAACTCGCGCGTCTCCTTCCAGTGCGCTGACGGGAATTCTCTGTTTCGGCTATACGATACCGCGGGTCCCTCCCGGCCCGGAACAGGCTTTTGTACGCCAGTAGTCAAGTGCGCCGCCCCTCCCCTACACGAAGGCCCGGATGGGGCCAGTCAGTATCTCACCCGACTGAGTCAAATCCGCCGAGGAACCATGTAGGGAATACCCGGGGTGCAGATCATGGAACTACGCCGATTAGCTTCCTTTGTCTCCATTCCCCTAAAAAAGTACGATGAGTACACTTGCGTTGATGATATTATGTCGTAT,1337,52.88,Escherichia coli
SEQ_103891,TTCTTGCAACCCATAAACGACCAAGTAAGTCGTAGTGGGACACATGGAAAGCGGCTGACCCTCCAACGTGCATCAGATTATGTCAGCCAGGTCCGCTCACTGAGCGACGCCAGTTTGAGGGTCATGAGATTTCTGAAACAGCAAATCCCATAGTGAATGGCACTCGGTCCTTATTACTATGCATTCCGAACGATGGCTAGATCGGACGTTGAGATACCTCTAAGAGCTGTTCTAAATTAGATTAGATCGATGGCTGAAATGCCATCCGGCACCTAAATGGCGGTTTTAGGCCTAATCTCACAGACCTTTCTTAGTACAACGCTGTAAACCAAGGACTTCGTTCTCTACGTACTCGATGAGCCCAATTTCCCGTCGGGCCACTCCCCCCTACCTCCCGTAGATTCTTAATATGTGTCATTATTCCGCGTTTACCATGCGAATTTACCGGATCACTAATTCTGTTCCAACCGGCCAAGGTCGGCCAAGGGGTCGGGGCGTGCGACGAAATATGGTCTTTAGCAAGAAATCGCTTTGCGTCGCGCACAGAGCCTTACGATGGAATACAACCCCCTTGTTTTGACTTCCCGAAGCCAGGACTTAGCCTTATAATTTACTGAGAAACTGGCACATTGCCATTCAGGCTTTAGTCT,650,48.46,Drosophila melanogaster
SEQ_400720,CTTTCCAGTGCAGGGGTAACAGTGCCCGGAATTGTCCTTCTGCCATACTATCACTGTTGCTTAAAGCTATCCGCCAGATTATGGCGCGGTCTTCATGTCCCAGACTAGAGGTGGAAATTGCTTCACTAATAGATATATCGGTGAGTAGGTCCGGAACAGTTATCGAGTTCCACCTTAGTACCTTGCATTTACTTACCAGAGCATGCTCCCTGATAGCCTA,220,47.27,Escherichia coli
SEQ_349950,GGAAGCTGCGTAACCCGGGAAAAGCGGCTGCGTATACCACGCGGAATGCCTTGCTCCTCAAGAGCGACCCCTCTCGCTCAAAGCTGCGCCTGGCGCCTTCCACCGTACTCTAAGAGTCACGCCTTGGTAGGAGGAGGACGAGTATTCAAGCTTTGATTTAAGCCGTTTGGGAAAGACTATGGTACAGTCACCGCTTCCATTTCTCTGTTAATATGAACGATGAACTGTCGATTCAAGGTACTCCGGGTTTGACGAGCCATGGCCGCGTGGCCAGGGATCGGTAATACTTTGACTCCACCGTTTGAGGCTCGAGGTCCACATCCAGGCTCGCGCACGTGAAATCTTTCGGACTTCAAGCTAGAGGGCCCATAACATTGCTTATGCCTGGGGGACCAACCCTAGCACGCGACTACCGTATGATCAATTCCGGGCTGCAGTTTACAGACTAATCGCTTATAACATCATTGTATGAAAAACTAAGAGAATTAGGAGGCCAATAGACCGAGGGGCACCCGATCCATTAAGTAGAACCGGATGCCAGCCCACAGTCGCCATTTCCTCCATCCATTGAGAGTAAAGATGCGGATTCCTCTCCCTATCCAGATCATGGAGTGAATATTACATTGGTCCGCCATAGGATGAAAATGGCCGACTTGACCAAACGCTACAGTGACTTCTGGTAAGTACTCCATTGAAGAACTCATGCTCGGCGTGACTCGGCGGTCCTTTTAGTAGCAGCGCGAATAGTCGGAGAAGTTAAAGTAGACACTGGCCGAATCGTACGAGAATATGGCATCCAACGTGGCGCATCAGTGGGGTACCTAATAGTGTGACTCGTAACAGACGGCAAATCTCTCACAACGGGGGACAACCTGCACAGCCCTGACATGTGATTCACATTGTACAGTTTTCCCCCTACATTCGTCTCCGCAGACCCACCTCTGCGAGTTAGTAAGCCTCATCTTGTCTCCAGCGACGGTAGAATATCGGACATTCACGTCATGGGGTTTGGGACGGTCCAAGAAAATTCACACTGTCAGTTTGCGGACTCATATCTAAACAGACTTGAGCATCTAGTCCCGTAACAAGCGGTTAAAATAATGAACGAACTTTGACGCTATCAAGACTAATCACGTGACCGCTATGTCAGACGAGAACAGTCCTTCCGGCGTTATGTATGTTTGACTAATCGCGGCATGTTGGTGTTACCGCCCCCGCTCAAACTGCTCAGGTCCGATCCTTCTCTGAAGGGTAACGGTCGGCCTATTCAATGAAGACAAAGAATCTTCAGTGTAGGGTTAAAGCTTGGGCTTCTTTCCTGCAGTTGTTCGCACCACCTAAGTCGTTCGAAAAGAGCGGCTACCGCCCTGACCACACAAGAGGGCGAAGTTTCCATTGGATTCGAACGTCTCCACGCTTCCCAAAAATCTGGACCTAATCGTGCGAGATTGAGCATCCGAATACTCTAGGTGGATCATGATAGACAAACATCCCGGGTCAACCTGGGTCCCGTAAGACACGATGCTCACGCCTATATCGACGTTACCCAAAGATTTTACCGTTCGTCTATAGGTATTGCGGTGTTATAGTATTGGCAGTTCATCAAGCGGACTGTGTGTGCGCTTTCAAAAAAATAATCCAGTTGGACTTCAAGCTGATACGAGGAACGACGGATGGGATTGGCCCTGCAACGTGGATAGTCACGCGTGATAGACATGGATACCGCTTGGGCAACACGAATACAACCGTTCTTGCTCACAATGTCCGGAGTCTGCGGTGAATCGGGTACTCGTTCCGCAGGTTAGCAACGCCGAGTACCGCTTAACGCACAACGATCGGGACATAGCTCGGAACTGGTCTAGACAATTGCGTGCGCCTCTGCCCCTACTGGAAGATTCGCCCTAAGTGATTCAGCATCAAGGTACGTTAGGGTGGAGAAAGCTACACCGGCTGG,1954,50.46,Mus musculus
SEQ_569161,ACTCTCTTTCTTGGTGCGATTGTGTATTCCGGGTGATTCCTCCAATAACGAAAAATAACTTGCGCTCCTGTATGTGTGCAGCTGCAACCGAGATGCACTGCCGATTAAGCTTCTGCGATGAACTCCGCCGCCGTGGAATCGCATTAAGTGTTACCTACGCTGTACGCGCGCTACGCGCCAGGTTTTGTGCGTAGGACGTGGTCAAACTAAATGGCTTGGGGCATATTGGGCCGGATTAGTTATGTGGGAGGCCCGTTAGTGGGTAAAACTTGTGGTGAACGACATTTGTGAGACAATTGTTACGCATATGCAACCTCATGGATAAGTCCGGATCACAAGTCCTGCTGATCACATATTTGAACGCCTCTACCCTGGCTCGCTCTAAAGGCCATCTGAACGGGGAGGCTATGTTCTCGACAAGGGACTAAACCACCAGCCAGGCTAAATTTCCAGGCTGGCTACTTA,465,50.11,Escherichia coli
SEQ_310053,GGAGGTATACCTGCGGTTGCGTACTTAAGTAGATACTCCCGACCTCCAAGCGGGGAGCGATTCAGTCACGCCTCGGTGCGCGAGCGTCGAAATGTATAGGCGCGTGGTTTCATCCCTATTCTGCTATGGGGAAGTTAGTGGCTCAACACTATAGATCTAACCAGCTCGCCTTTAACTTCTGCGGTCGTCGCTGCGGCATAGCAAAAATGGTTATCCCTCGATTTAGATTCGGCTACATTATTCGGAGAATACCCTTCCTCTATAGGTCCGAGTGTAGCGATTAACCTCACGGAACGGCACCCGCCTCGTGACAGCAGCCCGAAGTCGCCCCGTAAAGTTCCGGGCGATAGTACGTGCTTAATTAGCACAATTATTCATCAGACCTCTTCGCTGAATGTTCGTTAATGCGGCGATCGTGCTATTACAATCTACCTAACCTGGACGTGGAAGCTAAATCTATTCATTCACGGCAACGCCCATGGACATCAAACAAACGGTTCCAGTTGTAGGACATATCTTAGTCTCACTTATGCCCTGGCAATCGCGCCCCGACTTCTCGAACCCGTAACTAGCGATAGGTGAACCAAAGACAGCGTGACAAACCAGAACGGGCCGGTTAGTCGCTTAAGTGCCGCCCACGAATGAGGTGGGATCTCTGAAGCTAAGCATGATCAGCTTCAGACCATTGTGGTCGGGATAAACATTATTGCTTGCCGCTTCGGGTGGGGCATAATTACATATCTAGATCGCAGTCCGGAGATTGGGTTTCAAGGCATTCGCCCGAGCAACCGGTATTTATAGGCACTTATGTAATCTGGAAGGGGACCGTATATCCTGTACGTACGTTACCTGAAGGTTCACCCACGGCTGGACTTTGAATGCATACGGCGGGTTTATTAACTCCTCAGCCTCAGGAAGCTAAAACAACACTCAATTGGTTCCATAGACTTAGCGCCGCTTGTAGTAGGCCAAAGGGTTGCGAAAGCGGCCACTACTTAACACCGCTTCTGGCTCAAGGGTCAGTGGAGTATATTGCGATTACAATACCCACCTGTTAGATCGACCAACTATTGGTGCTAGTCGTCAGGAATGCCTATTTGCTTCATGTGTACGCCAGACTGTTACTCACACCTCCGGAGTTGTTGACGTCTCTTAATGAGATAAAGGGGAGCAATGCTCCTCTTTTAGGCGAGAGAGCCCCAAGGGCGTCGAATAGGGTTCAACGCGTTGTGAGATTGTAACCTTGGTTGGTCGCTAGGCCCGGCTAAAAATAGACGTGGATGAGGTTATCCTGCCGCGCCTATCCATTGGCGTGTTGCTTGTCGCGGATTGCCCTGGAGCGACTGTTCCCTTTGACTAACGTCTGGTCCTCAGACAGGCTTAGCTTGTAACTAGCGCGGCCATTTGTCGAATAATTCTGCACGCGTCGATCGTGTGTTGCAGGATGCGTCTCAGGATGATGCTGCAGCATTGGTAGGGTTCGAGCTTCCCGTTTACGGCCCACTCCATGATGCCATTGGAGTGTCTCCCACCGTGGTTCGTGAAATCAATGAACAGAAGACCCTAAAAGCTCGGTTAGGATCCTTGGGCAAATCTTAATAACATATTGTATCGGTGGAATGTCTACGTTAAACAATTCTCTGTCGTCCTTGTAGAGACTTTAAAAGAGAAGCACTGAGCAGTAAGTTAGAAGCTCATGAATGGATTGGCACTTTCACAACTATTGGCCTGGCCATCATCTCGGCTCTAAGCACGTGCACGACTTTTTAGAGGCCAGCGATGTAGGGGTCCAAATAGATACCCTTCTTTTTCATAAGACTAGCGTTCTCCAGCGATGAAGAAGTCGTGCCCCGTATTACACGACGGGGCAGTAACAACAGTCATTATGGGACGCGAATGCTAAATGTAACTCAGTAGTCATGA,1923,49.51,Mus musculus
SEQ_316946,AGTCCGGGTCTAATCGAGCACTTCGTGCTTTTTGCCTCTAGCTATGATCGAATCATTACAG,61,45.9,Homo sapiens
SEQ_473705,CTAGTCGCCCTGGGTCTAATCAATTAAGTTGCCGCTCAGGCTTGAGATCGAATCGCATTGTACCTGCCGGGTTATTTTATGCACAGGCAAGCCCACCTTCATTGAAATACGGAGTTAACCGATAAGCTAAAGAAACTCCCATACCATTTAAGTGCTGCGACGCGCTATTTAAGAGTCATTTTGCTAGGACTTCTTACACTGTTATCTCGCGTGTACCTCAGCGTGGGATCTTCAGTCGTAAGTTCTGTCCGGTCAAGAATGTCCTACGATAATATCAAAGGACAGTCGGAGTCAGAACCAAGACGAAAAAGGTCGAGCCATTTAGAGTAGGAATTGGCATTTTAGATTGCGTGATTAAATTGATCTACGACGGGGATATAAAGCTACGCTGGAACGCTGATGTAGAACGTCTAAGCTTGAGTGAGAGGTGTACACTAGGTCACATGATAAGAAATTTGTGAGCGTTGGCGCGCCCTCTGCGAGCTAGAAATGCGTTCGTCTCAACTTCAGCATCGAATTCCGTGAATCTACTATACGAGTAGGGCTTAGCATGTTCGCGATTCCTACGCCTTTGAAAAAAAGCTTACCAAGCCGCCACGGTCGTTGAGGGGTGTCACAATGGGTAAAGAGGGACCAACGGTCAGAATATGGAGATACAAATCCAGGCTGCCGTTATTTGTTGATCTGTACTGTTCTATGGGAGTGCACTTCGTCCTTTATCGTTGCCCTATATCGGTGACCCCATTGTTGTAAGGGGTCACACCCCTTGTAGCGGGGTAGAACGTTGATCTCTCCATGGTCGCGTAACGCATACATAGTATACATCCTTTCAGATCGCTGTCCTCCGTAGTCGGGTACCGCTATGTTATTATCCATACTACCTGCGAATTACTATTGGAACCCTCTATCAGGCATACAAATCGGCTAAGATTCTACGCCCACGCAGACTTCCCACGTGATCACACAGACCAGGTCGATGTCTTAACATCGCTCACTAGCTAGTCTGAACTGAAATATGACTGACATTCGCTCAACTGTCGATCTCTAGAGCATGTCGCGGCATTCTACACTTAGTGATGACGAATAGTTAGGTTCTCGCCAGTTCCACACAATTGCATGTGTCGGTGCAAGAAATCTAGGCAGTTCCTGGGGGCTGAATGTCAAGTTTGGAACTCAGGTGATGTGTGAAACTGCGAGGGAGGGTTCCTCAAGTTTCACAAGGAGTTCTGAATTCCTTTAAAAGCATTAGGACTAGTACAATGTGACCAGTCTTTGCAGACCTTGGGAGTCAGCAGGTAACAGGTGGTAGCGTTCCTTTTCGCAATGATGTTATTCATAAGGGTTGGACGATACAGCGTCCTACATACTGTTCGATGTAGTAGTCAAAATAAAATTGATACGTGGGCTAAATTCTCCACCTTCCTGAAAGACTTTTAATTCCGATCGGCGCCCGACGAAGGCCCAAAAGCCGCGCACCCCGCGCTTGCTATAGAGTTCCTCCGTCCAGAGATGGATTGTTAAAGAAACTGAAGCACGCTACCCGCACGGTTAGTCGTCCACATAGAGTTCAAACCCGTGCCCCTAGCTTATGATGATAGGATAATCGGACTAATGTCCACTTAATTGGTGGCAGGTTCAGCTCCTGGGCTTAACACGGCTCTGGGGTGACGGCTCTATAAATCTCCGTGGTGCATCAAGTCCAGCTGCTTCCTTTTGGTACTTCCGTTGAGCCATGTCGATCTAATGCTATACCGGAACACGAGACCAGCCATTCTCTAATTGTTCGACGCCCAAGACCCTAAGTGAAGCTCGCTACCAGGTGCAGAGGAGATGGAAGC,1838,47.5,Arabidopsis thaliana
SEQ_703193,TCTTGACTGGCAAGACACCGTTAATAATCCAATCAGAAGATTCAAACGCAAGCTCGGTTATTAGGAGCCGAGGCGACGGATGACCCGCGGGCTGTAATATATGCGTCACTTTGTACGACAATTTGGAGAGAGGACTGACTTTACTTCGGTGCTCTCGGTACGCACTCGATTACGAGGTCATTAGACTGGGAAAGTCCGTGTAGCAATCTATGAGTCATTCTCCGGTCTCAGCGCCAATTATAGCCTATAGACTACCCTCCTGCCGCCTGGTTCCCCGTCTATAGTTGCTGATCCAGGGGCCAAGTTCCGTACGTGTAACACGGAAGTCAATATCCACTGGTAAGTCGGGATAAACATATGCTAGCGTGTGTCGTCAGTCCCATTCCTCGAAACGATGCATCTGAAAGAAGGATAGGAAGCGGAGTTCTCAGCACATGTTAATCGCTCCAATCGGAACATTTGCTCTGGCGGGGTATTATGCAAGTCTCCCTGTCAGTAGTCATGGTTACGCTCGCTGTGTGATCCGGCACCCCAATTTCAACGCAACCATGAGTAACGGTTTATCGAAACGCTTGTGCGGCCTTACCGGCGGGTACTTAGATATCGTTAACAACCTGAGATAACGATGATGAAGTCTACGTGCGATTACGAACTTATTCGTTCGCCGTTATTCCTCTCCAAAGCAAGCCCACTTTTCATCTGTCACGTTCGGGTATTACCATAT,724,48.62,Escherichia coli
SEQ_811009,CAAACTTTATGCTACAGTAGAAGCTGACATTTGGCATCCCAGTCTCTTACCACATGATCTTATGAAGACCAGACGTTGCAACACCTATTACCTACGATAGCTACTCTGCCACAACTCTATCTGATGGGCGGGCGCACATCTCGACCAATCGTTGACATACCACTTCCTGGCCGAGATAAGATCCCTACCATTATTGGCTACGCTGGCCATTGTAAGGCTGTCTAAAGGGTCGACCAGGGGATAACCCGTATATCCTACCGAGCCCTACGATGTCTAATTATGCTAAAGGGCGATCACATCGACATTCTGCAGATTATTGTGAATACTATCCACGTTTACCCACTTGCAGTGGTTGGAACAGAAGGCTAACACTGCAAAGAAGGTTCCACTTGGCCGCTTCACGCTGGCTTCCTAAAAGAGTAGCTAAGTCGAAAGCACAGTTACCATGACCAAATCAGGTCACGGAAAAACTATCGCACAGTTCGAGAGCTAATCATCTATCCTCCAGCCATTCATCATATTCTATGATCCGTGTTTGAGCGCAGGGG,548,47.08,Homo sapiens
SEQ_727624,ATTTTAAGCATACCGCCTCGTTCCTAACTTATGAGCGAGAGTCAATGCATGCTGGCGCGAGTTTGAGGCTCTTCGTCGTCACTGGTAATGTCATTTCAGTTTCATTGTCCTCCTCCTATGAATGAACTTTAGTCCTGAGTATCATTATAACCCTTGGGCGGGACGGTTGCCTCCTGGCCGCACATCTTACGCAACTAAGATGTTGTGCTCTCGGGTCTACAAGATCCGTCTAATTCAAACAAATAGCACACCTGGGAGAGTCTGCCTAAATTGGCAGGAGCCCGAGCACCGATTTATAGGAGAGTCGGAGTAGATAAGCTTCAATCTAGATGTTCGAACCCGTTTCGTGAGGTGAAGATCACGTTACAAACAAATCCCGCCGTAGCAAGTAGGACCCCCGATTGTGTCTTGGTTGGACAGGATGACTTTAGGTGGACTACCGTGACTGTTTTTTGAGCTTAATAGTACCATAGCACCTGCTCTTCTTATCTCGAATGAACCGACAGGTGCTTGAATAGATCTTCCTGTCGAACATTGAGCTAATCCAGTTGGGCGTGTAATCTACCGACCTGAGCATCGTAGCCGCTGCGAGTGCTATCGCCCCAAACTCTTAAGAAAAATCATGAAATTCCACCCCGCCGGGAATTGAAACACTCTGGTCTTAGCATAGTAAGCCCTATACATGCCAGTTTTGACAAGTTGTAACCTCCACCACACACACACGACCAAATAGACCGCTAGAGGAATTTGCTTCATGGAGCGACATGCGGCTTGTGGGGGTCGTAGTGACACGTCATGTATATCACCGCTATATCGAGGAGTTCTGGGCTCCGAACCTTTAGCCATATAATCCACCAGCATAGCCTAGTGGTAATGCAGAGGTGGGACATCACCGACTGATTGATAACCTTCGCAGTAGGTTCGTATATTGTCATAACGCCTCGCGTCACACATTCAGTCGTGTGACCCCCCTTTGTAGCTTTGATGCACTAGGATCCACGTAAATGCTCTATCAAGCTCGCACGTTATCCGGTAACGTAGCAGCTCGAGGCGTGCGGTCAGCCATACACTCTTTGCGAGGCGCCTTTCACCGAATTGTTAACCGTGGTTTTTATTTGGCTAAGGGCTTCTACGGTAAGCCAGCTGTCCAGGGCCAACCCACCAAAACGAATTCGCGGGCTGAGGTTTATAGCTTGAGTTAGGGATTGTCATACAACGGTCCGCACTTAGATGGCTTGCGATACCACGCGCGGGACACTCTTATACGAGAACTTTGGAAAGTAGCGAAGTGTAACCCGCTGGAAGGGAATGAATTAATCCCCCATTACAGCGGAAGTCGGCGGCTGGTTTGCTGAGGGCATCTACTAATCCGCTGCAGTAAATTAGTGTCGCTTATCGTCCCTTGCCAGGGATGGGTAGCGGAATCATATCGGATCCCGACGTATAATCCAGCAACCCAAGAGTTGTGCCCTTATAGCGACCTTAAGGCATGGACTCACAGCCGATATTTCCAAGTTCATAATTGGGTCAAAGAACAGCTTGCAACTTTAGACGAGATAGTGCTGGTGCACAACGTACCAGTAGGAGTTCTGAGTATCCGCTAACTGCTTCTCCGGTACCGTGCGCGATTTACGCGCTCTCAGTAGCCCAGGGGTTGGCAGGCGACATACTCACCTACATACTAGAGATCTGCACTCCCTCCTGGGGCAATGTTTTCTTCGCATTGCGGATACAAAGTCACTGTTTCCGGTACAAGACTATACCACGTGGTCGGTT,1776,49.21,Mus musculus
SEQ_931167,TTCATCGCACTATGCATACCCCCCGGCCGTGTTCCCGTCTATCAACGTAGTTTTCCATTCTTGAGGGTAAGGACACTCCGCATAAGAGCCCCATTGAGGGATG,103,52.43,Escherichia coli
SEQ_228240,CCATTACACAACTTCATGTATGAGGCTAAATGGAGAACAAACGGGAGATTCCTTAGTCATCCGAAACACAGTCAGATTATCCACAAGTATCTACAGAGCATCGTCGACGACGTGTTGAACGTACGGATATGCCGCAGGATCGTACGTGAGCATTAAAAACAAGGTATAGGGCTCGCATATAGGACGTTCCCCATTATCTCAAAAAAACTAATCTACTTTTAACAGCCGTGAACGAGTATGTATACAACTGGGTTCTTTACAAGATCTGAGAGCTCGCGCTAACTACCATTCCTGAGCGGATAGCGCTTGAATTGCAGAGAGAGTCCTCTGCTGTACGGCGACTGGAAAGCTTGACGACACAAAGACTCGTTCCGGAAACGGTCGGTTCGACACGAAATTAACGGCAGGACGATTCTAGCTTGACTCTTTGGGCACGCTAACCCACCACGCGTCAATCCGGATGGTCTGTATAGCCAAACATGCTTAGCCTACATGGCGAAACATTTGAAAGGTTCAAGAAATCATTCAGCCTTCGTTCTTCTCGTTGTTCAGACTCGTGTTTGCCTCGGAGAGGGCAAACGGCGTGATCAATGTACGGCGTCAATAGGGTCACCTCTTGGCAGGGCTTGTTTCTCGGTGTTTCTGGAGCATACAATTGCATGTCACTCGCGGACTATGACCCGTAAATACGCTTATAATCTCAGTGCGACTTTTATATGAATCCTGCAGGAGCGTGGTATGGGCGACGGTAGATAAAGGACAGAATTCCTCCGTGCTACATGTTAATATAATTGAGGGTTTACGCCTGAGGGTCTACCAACCACGACACTTCGCCTCGAGCTCAACGGCAGGCTCACTCTAGGAATGATGAGGAGGACTCCATCCAAATCGAATGCGACTCGGTAGCCGAAATAGACATCTAGTACATCTGGTCGTCTGCAGTCGTGCAGTGTATACGCACAGCCCATTTTTGGAGCCCTAAAGGCTAATCTCGATACTTGTTCTACGACGAGTGTCCACCGCATGCGCCGCTTACTCAGCTCGCCGGGTCTACAGATGGACGGACGACTGGTCCCCTGCGCATTATGGCGGGGATGTGGAGGCCTCGGTCGAGCGACACCTAGAAAGGTCGAGAGATCGTATTGATTGTGACTGTTATTCTCAGCTCCCCCCGTGAAACGAAATCTTATAGGGAATGAGTAATGTTGAATGGTGCCAGTAGCAGAAAAAAATAAGTGTCGCAAATTAGCATTCTTCTATGATGGGGGCCTACCGGGATCGGTTTAAAGGGAACGCAATTATGTGGATTCTGCTTCCGGCAACAACTTAGCACGGGTCGCCGCATAACTTCCAAGCGTCCTCAGGGCTTTTTTTTACTCCAGATCCAGGGCAGCTACCGATCGGGGATCTAAAAATGCGATCGGGTACGAACCATAATCTGGTGCTATCCCATAAAACGAGGTGGTGTATTGCACTCCCCCCTGAACGAGAATCGCATATTTCGGCCGCGTGGGCTAATTTCGGTTGAGTTTAGATGTTTATTTTCAGCACGCTTATGCTTGCTACCATGGAAGGATGAAATACGACTATTTGAATCATATACTGAGTAGAGGCACAAGTTTGCATTACGATAGTTTTATTGCGACCTCCACAGCGCATGCTGTGCCACCAACACAATT,1679,48.18,Escherichia coli
SEQ_412489,TATATCACGTTCGCCTATTCATTATTTTGAGACATGATGCTGCACCGCCTTCCCCTCTCCTGGTAACGGGGAGGCTAGTTCAAAGCCTCGATCTCGATGCCGAGTGAATCATCCCGCAGTGATCGATTCAGAAAAAGATGGGATCCGACACAAAACCTCAGGAAAAGCAATACCGGGCCCGCAATTTAGGTGGCCACGTAGTAATGCATTGCATGACGTGTCCATGGTCACAGAACTAATGTCCCGAGTTATCGACCGGATTGTCTATTGCTTCGTCGGGGTCTTGACCGTGCCTATGCCGCCAGCCATCAAACGCGTGTCCAAGCTGTATCTAGAAGCCCCTTCTGTTCGTTATTATCGGCTTCCATTACGCGCCGTCAACAGCCGGCGTCCCGCTTCACCTCTGTAACAGGAGTGATAGGTAACATCAACCGCGCGCTCCCGCGATCACCACCACTGCAAGAGGTCGACAAGACAACCCCTGCAGAATAGTCGAGAATTTACGCCACCCGGCTGAGGCGACATCAATTAGCTCTCGCCTCAGATGAAGAGAGACTTCTGACAGAGTTAAGGCACACCTGTGAAAGGAGGCAGTAAGCTCCGGCAGCGTTATTGAATGCCCGAAATTTAAGCTGATCGCGACCTAAGGCAGGCGCGTAACGATTAATCGTATAGCGTTCCCACGCAATCACGGTCGCTGGAACGAGTTAAATGTATTAAGCTCGACTTACCACATACCG,740,51.62,Escherichia coli
SEQ_579898,CTAGTCTTTAAAGTCAAGATCAAAGGGATACGTCCTGAAATAACTGCTCCTGCAGGCGGTGCAGTATACATTCTTAGTAATCCCCCCCTCACCCCAACTAATCGATTGAACCCTGGTCGACGTAGCATTAAGGC,134,47.01,Caenorhabditis elegans
SEQ_744325,GTCTGGGAGGATCTACCGCTCGTGTTTGGTCATGTCTTTCGAAAAGGTACAACCGGGTACCACATGCCGGAAACCGAGACCGTTACAGTCCTTCGCGGGGTTTACAATTATCGCTGCCCGTATGCCTGGGTTGGTCGGTATGCTTGCAGAACCAGATCCAAAAGCCCACCTTTGTGTCCACTATGCTTTTGGAACTGATTCACGATGTTGAAGTAGAATTATCACGTGCTGTCTTTGTCCTCAACTGCCGCAAGCGTGGAAGGAAGCTCGCGTGCATTGGGGCGAACTCGGGACGAAGGCGCAGTATCTTACCGAATTCTGCTGGGTCACGCGGCCGATGTATGGATGGTGGAGAAGCCACCGTGGTAGTAGTACGAGAATTCTTGAAGCAAATAAAACAATATTGAGAACAGGACAAGTAGACGCGTGAAGACTAGCTCCCCCTGTGTGCTCTCCTTCATCTAAGCCTTCATAGAAGTACGTTGCGGGTTATAAGCCTGTCGTCCGCTGGGTGGTGAATAACACGCGTCACCTAACTATATTCACATGCCAGTAGTGTTGTACGCGAACCTGCTTCTCGGTTACCAGCGGTCCACATCTCGGAACCGCAGCTACGACTCGAGTGGGTGTAACCGTCGGGGAGGCGCGTTATCGATCGCCTATCCGCGAGTCTCTAACAAACCTCCTGTATCAGAGTGCTCGCGCATCTGGATACTTCCCGCACCTCGTTCCGGATGTATCGTTTCTATTCAGTTCCGTGTGATGCTGATCGAACCCAACTATATGTAGGGAGACAATACGAACAACGGGACCAAGTTAATGTAGTTCTGATTTCGACGTTCTGTGTTAATGGCCGGATCTGGAACTAACAAATAGTCCGAGACTACCAATTGTAGGTACCCACCATCGCACGTTCTATCGATACCTTGAGTGGTAATT,939,50.48,Saccharomyces cerevisiae
SEQ_882392,AAAGATTGTCTGAATCAGACCTATTGAGAACGCGTTTCCTCGCGTACGTGCCTAAGGGTGAAGCGACAGGGTTGA,75,49.33,Homo sapiens
SEQ_470654,GACTTGCAGAGCTGCGATGTCCGATCGAACTGCTCTGTATGGAATAGTGAAGCTTATCACAATTGGTCGAGCCTCATACCGGGCATGATAAATGCTGCATGAAGGAGTCACGGATACCCGTTATTTTTCGGGTACGATAAGTCTATAGTGAGTAACCATTTATTGTACTTTCTGCGACGCGCACAGCCACGCTGACTCCACAGCGATGAGCTGCACGACAAAACGGGCTCGAATAGTCCCGAAATAGCTAAACCCGGTGCCGGCGAGCATAAGAATCTTTCGAGCACCTACGGCTTGCACACCTAAACATACCTAACGGATGGTTCAGCAATGACTGGACTTCGCTTCGTTGCGGATCTGTCTTTACAGTCAACATGCGATCCTCTTCTCTAACTGGCAGCTTAGAGACCTGCAATTAGGGCGGGTACGGAACAACGCCACTCATCCGGTCTTCGAACTCGACTACGGATGCTGCTACTACACCGTTTAACTTCCTCCATATTCGGTTAGTAGGTATTTACCCCTCCCTCTTAGCTATCCTTCGGACCCCGGACAGAGGTAAAGTTCCAGCGCACGGCGTTGGTTTTCTTCCAACTGCCAGTTCGATATCCTTACGGGTGTACATGTTTAGTTAACGCCGCTGCGACGGGAAGGTCAAATCAAATGGAATGAATATCATACCTGTTCATGGGACGACGACTTCCGCAGATTCCATGGCTGAGGACTAGTCTGCGTCATATGGCGAAGAGAGTTGATGCGGAGACCCCGGACCTATAGTCCCCCGGAGATGCCCAACGCGGATCACATCCTTTGCATAATTGTCCAGTGAGTATATGTGGTATCCACGATCCTACCCGGTA,860,50.23,Mus musculus
SEQ_272380,GATAGATGCTTGCGACTGAGGGAATAGCCTTTGTAGTGACAAAAACCCTAAGGAGCTTACTCAGCGAGCAGCCAGGTGCCCACGCATTTTCCGTACACAGGTACGTCATGTACCCCCCGGATACGTCTACTTGACGCTGTTGGTCATACCACGCAGGTGAACCTGAGTTCGCATAGGGTCTTGGCCAGGAGATTCGGCGCGACTGCAAGTCACTAGGTTGATAAAGGTAGTCGCCGAACCTCGCCGGCAGACGGTTTGATTTGTTGGCGAGCGGCTAGCACCTTTTACAAGCATGCCGGCTCGCGCAGTAAAGGTATACGCGTAAGTACAGCGGGACTTAAATTACGAACTAACACATGTCTTGGATTTAATATTCTAGCCCAGAGTGTGTGAAAGGGAGAGCGCAATGTTCGTCCCGCGTCACCGAAGACCGGCACCCGTCTGCCAACGCCCTGGTGTAAATACTTGTCCGGGAGAGGGCCATTAATTCCCGATGAAAAACCAATAAAATTATCACAGGAAGGGGGCGCGGGCCTTATGGACAGTGGGCCAGAAGGATGGTCAAATAGGCGGTGAATTAGACCAGCTAAACCCTTATGGCGTCTATGCTCACTGCCGTGTCTTAAGTATACTGGTCTTATCGCTGGTTGCACCGTTATGCATATAAGCTCCCCGCCTACAATTCCTCAACAGGATAAAATTGAAGTTCGATGTTCTAAAGTGTCCGAGCCAGACCTAACCGTAGAGGCCACAAAGATTCTACAGATCCCTGACTGCGCCGCACGTAGTGCAGGTAATCGATATTTCCATTCTCAATAACTTTGACTCATGATTCCGTGGGGCCCAATGTGTCGTCGCCCTCATGAGGGTGAAAGTCTAGCTGGAAGGCAGCGCTACAGGCCCGAGCCTACGGCTACACAGTGCGAGAAGGGACCCGTCATTTATGATCTTTTTACCTTGGGGCTGGCCGAAACATATAAGGAGTAGTTTTGTGCTAACCCGGTGCCCTATTTCCCGAAACGTGCGTAGCACTTGTGCTGTTGCCTACAACCCGTAGTCACCAGTCGAAGTTGACTATACTGATGTCGCGCTGTGAGTTCACGGTGCTGTGACAAAGATCGTGCTAGCTGTATTCACTTACAACCTGTAACTCGTGGAACGCGGCCATGAGCTGCTCGCGCAATCTGGTTCGGATCTATCCACGCGCCGGAATCGTCCCGTAGACGCGCTAACGCCGTCTGCCGCCCTAAACCCCTAGAGATATAGGAACATGCCAATACGAGCCCTCTACGCTACGTCAGCGTCAATTTCATTGTCAAGAGAGTATCACGTCGACAGCTCGGGAGAGCGCAGAGTTACGTGGATTCACGTTATAAGAGGCGGTTTGAATACTACGCGGGACCAACATGACTTCCCTAAACTAGTAGCAGCGCCTTATGTTTCTAGTCTAAAGGCGTGCTTTAATAGTATCTAGGATTACCCTTGTATCTGTACGGACCGTCCTACCTCCACGTTAGGTCCCCAGGCATGACTCGAAGGGTCCTGATGTAG,1551,51.32,Escherichia coli
SEQ_316463,TAGACTTGGGCTTCCGAACCATGTGACGTATTGCAAAGAAAGGTGAATACCAGTTAACATGTTACTGCATGGATACGTGGTCCTCATACAATAACTTTTCGGCGATCCACAGCAATCGTACCGGGCCGGAAACCTTGTGTCCCCGTGGTGGTTTGGGACCTGGCCACACAATTGAGGAGAAATGTGACATTAGGACCTTTGGATATCCTAGGCATGCCATCTCGATTAAGTGTGAGGGGTCATTTAGCGATTAGTCGCGTCACACTAAGCCTACGGGCTCGAAACCAGCGGCAGAGTTGGCGGTCTTTGTTTACAAAGAGTTTTCAAGCATCTATAGATGGACCCGGTCCGCTCCGGTAGTATTTTTGTGGGTTTCACATACCAGTAGTGGAGCGGACGCAAATGTGAGAACCCTACCAGCAAATTCCACCCGCTCTTAGAAACATCTCTGCAGGCCGATAGTGAGTGCGGGCGAGCATCGCTAACCCGTCGTCACCGTATCCGGATCGACGGATATGAGTGCTCCGGAAAGGCATCGCACGGCATGAGTACCTCGCGAAGCTAAGACAATACAACATGGGTCGGAGCTTATACGACCGTTGCCTTCAATGTATTGAAGGCAGCACTGGAAATCGGCTTGCGAGGGGACGATAACCGGATACCTCTTTAAACCCAAACTACACAGTTCTAGTGACTGGGTCTCTAGCATGGGGTCGCGGAGGTACGGCCGGCTGTATGTCCTACCGCTGCCGTTGTAAGTCCCCAACCTATATAAAAGCACTGCTTTGGGCTGTAGCCGCTAGGGTGCCGTACATCACGTAGGTCTCCGCTAGCGCTGAGGTTACGCACTACAAGAAGTGCGCGAAAGCGCCGTCCGGGGGTGCACAAGCGGTGAACCTCGCTGCTACTCTCGGGTAGAAACATGATCTGCCTTGTCGCCCACCCTTCCCGTGGCCTTAACACCGTGAGTTCCCGACCGTCAGTCGTCCAAGGGGGCTAGTTCGATTAAGGTGGACGGATGCGGTTCGGTGCTGCGAGAGGAGTTCGGATTACGGTCCATCCTTGCAACTGTCCAAACGAGTACGAAACACATCAGAGTTCCGCGCTATAAATGATGTTGGGCGTATCGAGGTCACCTAAAGCCTTCACCAATGGAATACCTAACAGTCCCCCTAGTGTACGCTCGCCTACGTCAATGCGCAGCCCGGTACCCCATGAACTTCCAACCGTATTGCGTCAATCGCAAATTGCTTGCGAAGAAACCGCTTGCCAGCTCTTTTATCTGAGGCGCTAGGTCGGCTGTGTCGCTGACACAGTCTAGATGAAAGTATCCTAACAATGCTAGACCAAAGCTGGTGCTTTTTGAAGCAGGTGTCTTCCCTGAAAGGAAGAACTTGAAACCTGATTGGCTCCTCAAAATGTGTGTCACGACCGTGTGCATGCTAGATTCTCACTTACTAGAGAGCGCCAGCTCCAAGCCCGGAAACACACTATCCTCCCGGGACGTCCGTGACTTGACTGGTCAAATAAGCCAGCGCTAAACGAAAAACAATGGGCAAATGACGTTAACTTATTTTGATCTCATGCGGGGATCCAAGCTTCGACGCAGTCCAGGCGCCCTTACAGAGCAGTTAGGCCTTGGTTAGCTAGGCGGAGTGAAAGATCGTCATCACGTTCCCAGTACATTGAGCGAATAATCAAATGGAGCGTTAGGGCGATGCGTCTGAACGGATTGTCGAAAGAATTGGAGTAACCGAGGTCTGAGTAAGTATGCCCGGCCCACCGCGACGGCTAAACGCGACGTATGGTACGATAAATAACTGTCCATTGGACTGTGACCCTCTCCTTCGAATGGTGTAGCGTTGAGCGGTGCTCACAGCGAGGCGTGCCTTTCGGGACGAGCAGGTCAGAAAGGTTCTCTTCAACTGTTGTGGTGACCACCTCGCCC,1948,52.31,Drosophila melanogaster
SEQ_571259,CGCACGAGAAGCATGATCTAGTAGCCCTTGATCTTGCCTACTTCCTGTTCGCCAGTGCTGATGTGTAAATTAAGAGGCCCGACAAACTAGGCCAATCGGTCCAAGACCCGCAGTGAGGATACGTCACGATCCCCTAATGGACCGTTGCCTGGCCGAATTTTTCAGAAGTTGCCATTTTGACTGCGAAATACACGCCAATATCCCGTCATATAGCTATCCTTCAAAGGATGGTACCATCATGCTTGATGATCCGTAAACGGAGATATCTCTGGAACAAGCGAATCAGTGACAATCGGATGACCAACATAGTGAGTTGAATTATTGAACGATTAGCCAAATGAGTGTGTTGATAATCACTCCAGGGAGGCCCTTGCCAATTACTTGTGTCAGATTAAGATCATCTGCGGAGGTTAGAGGTTCACAAGGTCGATAAACATGGGGTAGCACTCATCGGAATGCACGTCGTGATACGTGTGATGTTGATAGGGCTCAGAAATGAGGGGGTGTCTTAGGCCTGTCAATGCTCCAATAATCCGTCCTCAGACGTGGCCCCTTATCTCCCCGGAGTCGGACTTCATGAGCCGCGAATCAGTGAAGTTCGTCTACACGAGTGCCAGAGTGTTTTGCAGTCCCCGGTTGATTTTGGATTCCAGATGAATGCGCTGTAGACGGGCTGACATTCAGCTAGGTTCGGTGCATAGTAGTTTAGGTGAGTTGGGCCGCTCAGGTCAAACTGGAAAGCATTCTATGATTGATATCCTCGGTGGCGCGTCCCAGAGGAACGATGTGCTAAGTTAATGCGGACGTCGGAACTCCATTGGCACACTTAACGTAATCCTCTCTTAGAGGCACATGATTCGACGAAACCGTAAGAATAACCTGAATCTGATCAATTCCTCGCAGTGTGTAATCTGTGTAGGAGCTCTTCGCCCCTAGCACAAATGACGCCAATGTGACTTGCTTCGCCCATCACCCGAGCGGATTTGATCATATAAAAGAGTTGGCACACAGTCCGTTTTAGCTCATAACGTACTAATCCTGCGCCGGGGTGAGCGCGTCAAGTTAATGCCCAAGGTTGCGCGTTATTAATCAGAAAGTTGAGACTGAGCACACATCAGCGAGAGGGTCACGACTTATCCACAATTAGTTTCTAAGTCGATACCTGGCGGTCGAACCATGAATTGCTGCCTTCAAGCGCTCAACATCCTCGACCCTCTGTTACCGGGAAATTTGGCCTTAGTAGAGCAGATAGGTTCGACGTTGGGACTTTTCTGAGCCTAGCGGCAAGTTACATACTTGCATGAAGTGAAAGAGGAGGCACCAGACGGCCCCTCGGGTCGCCATCTCAACTCGTCCGCGGGGCGACAGGAAAAATATCTTCTGAAGGTTGTACCAGGGGTCGCTGGTAGGCACATACTAACAGTGTCGCCGTGGGCGGCTACTAACGTTGGTTATAAATTTGAGATTGTGTGACACATGAGAGGAAACAGCTACTTTATTTGTGTAGGTCC,1511,48.97,Escherichia coli
SEQ_544699,CCATCGAAGGGTTGGCTTCCGGGGTGTCTTGTCTAAGCCGCGGCCGGCCACCGTGCCCGGAGACCAGGTATCTACAGTTTTTAATAAACCATGTCTGACGCGGGGGTTCTAATATGACGTCTTCAACAACATTGGTCCAC,140,54.29,Mus musculus
SEQ_270658,GCGGTGACGTGCTTACGGCCGTAAGATTTCACCTAGAAAACGTTCGCTCACAAAGACAACACTTCGAGAAAAGAGAAGCGCGACTCGCACTGAATGCTTCATGGGGAAGTTTTAGTGCGAAAGGCGCCCTTGGTACTCAAGACTATTAGATGGGCATACGGATATATAAGTATCTCCCCCTTAAGTGTACTGCTTGCGAGATGTATTGGCCAAAGGAACCAATCTTATAGCTTACCGCCCGCCGTAGTCAGACCTGTTCCGTTAGCAAGCGATATGACAGATTATGACGATTGTCGGAACCCCAAATGTCCCCGAGGTTTACTGGCCATCGGCGTGGCCCTCATGACGGCCATTATACAGATTTAGGGTACTAGTAGCCATAGGGCTTATTTCACAACTATGGACTCGATCGTAATCACTCGTGGCACGTAACCCTGTGAGTCCATCCGAGATAAAGCGCAGCCGTAGGACGTTACGCTAGTCTCGGAAAGCACGCGTTATCTTCACATGTTGAGGTTAGCACATGGGAGCGAGCCTGCCGTCCCACAAGAAACCAACAGGAGCATTTTAAGCTGAAGGGCGGCCATGGGACGGTCTTCGGGGAATAGTGCTCGGATGTCATGCTCCTTAATCTAGACCGAAGCGGCCCGCATCCGTGGACAGCAGCAGGTGTGACACATGACTTAAAGCGTTGGAAACTATGAAGCTTCGCGTAGAAACTGCTGTAATCCCTTGAGCAGTTTGAAATACGATATCCTGAAAGGATCTGTGCGCTGTCGGGTACCAGAGTGGGTCCTTAGACGAACCACACGTACCAACCAGGAGCTGGTGATAACCAAAGGTCAAACGGGAGTCGCATGGGTTGTGTTCAAAAGGAATAAACCTCTGATTCGGCGGGCTCCGTGCATGGCAAGTCATTGGTAAAGCATTGACCATCTAGAGCCCGGGGGAGGTTCCTACGGCAAGCTAATGTGCCTCAAACACCAGGACCAGTTCCTTTTGTAGGAGAGCAGACATGGTACCCTCTAGTTAAATCTGAAATCTCCCTAGCAGTGGAACGCGGCACCCAGTGTCATTTCCAAGTTCAGTTTTAACATTACGTGCACACCAAACGGTTTTCGCATGATTCTCACGCGAACAGGAAAATAAGAGGGCCCAACTTGTGTCTGCCAGGATGCACTCACGGATTGGACTAACAAGCGTCCGCCCTTAATGCGCACACTCGACATTCGAGGATTGGTCCTTCTGACAGGTCAGTCAAGGAATTGACTTATCCCTCCTATTGGGGCCCATCCGTCAGAATAAGATAGGTGCGTATAATGTTTCCGACCTCCAGTGCGGGACTCAATGGGTTAACAATATAGTGCTCGGCCTGAATACGCAGTGACCCTTCTAGAGATCACTCGCAGCGTTCGAACAAGT,1422,50.21,Homo sapiens
SEQ_824733,GAGAGACCGGCGCGTATATTCTAGCGTACCTCACGCGAGTCCTACTGAGTGCCAACCTCTGGATGGACAGACTGTCAGCCCCCCGCCTAGAAGGTAGGAGGAACATACGAAGTGGCAATGTAATGCCCCGTTTCTTGTCACTCCCATCATTTGCTAGCTACCGTCCTCACTACTCATTGACCCGTCTTTTATATTTCACATCCCGCCCTTCTGCGGGGCCCTTCTTCTCCTATGAGACCTGTCCCTTAACAATGGGAGCCCCTTACCACTGGGTTTGGTGGACGTGAGCGTTTTGACTTACGCTGCGACGAGTCGCATCGGGCCGACTGATTAGCATACGTCGGGTGCGGTTGCGTCTACTACAGACCCATTTCTGCTAAGTCATACTGCGGATGTATGGCGGCCTGGACGTAGCCTGAGATCCCCTATGGAGACTCATATGACGGATATACTCGAGGACTTTCCCTAGATCTGTCCGCGCCGCAGGATGCGTTACGGGGGCACATCGCGTTCGGGCGTATCCTTTGGGGCGTCAATTGTCCATCGGAGAACAGGCCTGGATTTATAACATCAGTGGGCCTGCGTAAATTCTTTGATTTGTTGGGGTAGGGTGGAGCCCAGCTTAGAGTGACACACGCACTAGATAGTGGCTGAAATATCCTCATAAAGCGTTCAGCCGAACCATTCCCCGTGGTAAGGATCTGGCTTTACTCGAGCCCGTGAGCCCACTACTAGTGTCGTCCCAATTTTTTGGAGAGAGATGGCTTCAGAGACCGCAA,779,53.4,Caenorhabditis elegans
SEQ_356579,GTGCATTAATGGTGTTCTATCGGTAGCGTAGATTCACACGGGTCTTATAGGCGATGTATCCTACGGGTTTAGTTTCGTTGTCTGCGGCTTCGATGTTGTGACAGAATTGTTCTTGTCTCTCGAAGAACTCAAACCCTTAGTTTAATAAGACCTAACCCCCAGTGTTCTGAGGTCCGTGACTTGTATGCCTTTCAGGTACTTCAGACTGAATGACTCGGAGTTTGAGCCCATACAACACAGTCTAACCTACAGACTCGTCAGTTGAGCCGAATCTACCGCATTAAGCTCTGCTAATGAGTTCGTGGCCACCACACAGATACATGTGGGTAGACAAGCTTTCGCATGAATTAACTACATACAGGCGTCGAGAAAAGATTTCAGCGCTTATGCCTCGTAGTAAGAGATGGAGTTTCGGCTACCCGTTTGGCCAGAACACCGTTCCACAAACATTGTATAGGAAAGTGGGGAAACGCACTAGTGCTACCGACCGGGTCGGCCAATCCACCGCCCAGGTACGTAGGGCGGCCACTAGAACGTTACCAGAGGGTATAGCAGGCTTAATTGCCCCACCCCCCGGTACAATTAGGTACCAAAAGGCCTGGCATTGGAGTATTGCATCCCCTATGAGCATATGCGCAGAGTATCGCCCGGTACATACACCCTTCGCAGAGCTGAGTGTACATTAGCTTCTAGAACTAGTTAACATGATGACATGCCTTGTGGGTCCTGTATGGCTTGCGGCAAGCCTAATTCTGTTTTTTTCTATCATTCGCGTGGGATAAGATCGCTCTAAGTACATGTGGACTTTAAGCACGTCCACGAGGCTGGGCTGCTGCGGAATCGCTATTCACTGTAGAGGTCCAAAACACTCGTCCGGACTCTGTAAGACTGTCCTTGACTAAAAATGCAGCGCGTCCTCCAGGACTCAAAGTCCGTCCTTATGGCCGCCCAGGCCTGCCTCTTGCAGACTGCTCGCTGACGAGGATGGATTACACCGGCGTTCTTTTGGGAGTATAGGCAGCCGGAAAGTTTGTCTGAAGCATGATCAGATAACGCCTGCAGTGTCGCTAGTCTACCAGCAGCGGCGAAGGAGAGGCTGGGAACACGGAGTTCGCTTATTACAAGGTGCCGAAAACACCACTTTGAAGCCAACGGGCTCACTCCAGGAGGCAGGGTGGATCAGTCCGATAGCCGGTGCCGTTGGGGCTGTGGAACTAGCGTGCGAGGCGGCATCCACGTATGTGCTTAACCCCTACGTTCTTCTTCAACAATTGAGTCTCCCCACTGAATAACAAGGCATAGTTTACTATGTAAGTCACAGGTCCAAGCCTTACGTGGACCGCCCTGCTCATGCACCAGCGCTGAGGACTTGAAGGGGTCGGATGACCATCGTAACGACGGCAAGCTTGTTACTCGCGTTCTTGTGAAACTTACCAGCGATTCGTAGAGTTAGATGGTGGCATGCGAATCGCGCTCTACTTTGAACGATCAGGAGCTGCGGGTAGACA,1508,50.99,Arabidopsis thaliana
SEQ_722398,GCAAAGCTAGACACTCAACCACATGCGTTCTCGAGAAGCCCAAGCTCGCAGTGAATTAGCGGGACCATGGTCGACCACCGACGCCACCCCCGGCAGAATTAATAACACATGCACCGACAGCCCGAGGTTACATACCGTCAAATCACAGCTCTTGCAAACGCGGACTCTTACATCTTCCGGGCATAAAAGAACACGGTCGCCCAACCATGTTTCAGCCACAAACCTTCTCGGGTCGGAAAAGCAGCAGGGAGCCCCAGTCATACGTGAACGTCGAACCTCCGTGCCTCTCTTTATTATGAACACATATTTTTTGGGGGTGAGAAGGATATATTTATAGTGCTATATCCGCTGCACCCCGAGATGTGCACCGTTTGCGACGGTTCCTCAAATCCCCTGCTTACCGCTAGCCATTCTTCAGTGTTTCAACCAATAGACACCCGAAGGAGTTTCCTA,453,51.21,Mus musculus
SEQ_550472,CACTTTTCCTTCCCGCGTTGATGATGGGTGTACTGCAATAGGGTACACGCCGTCCTAAGGATTCGCTGCGACACTCGGGACCGTGCCTTCAACATGTCGGCGGAATGACTCATGGCCCCTTACATTTCATTCTACCGGCGTGTCGCAGGGGCCTATTGGCTTATCCGGTTACCAAGTACATAAATAAGAGATCAGGGGGTCGTCTTCCACACGGCGGTCTGCAAGAGCCCAAAGCTTGGTGGTGTCTTAGCGAAGTAATCGTTCGGTTATTCAGACATTTACCTGTGGATCAGTCTGTTTCGCAAGACGCAACTTATTCCTATATGCTCGTGATTATGAACCACCGAAACGCCTGTAGGGCTAAAAATAGCGGTCTCGAATGTGACTGTTGACGCGCCTAGATGCGTTGCTGAGTAAAGGGCGAGACCTGATAGACATTCAGCGGTTTTTAAACACTGAAGTACCCCTCGAGTGCACCACGCACCAATGGGGTCCTTGTCATCCCGTCCTGGTAGCCGCATGTTCGGCCTCGCCCTTACTGAATCGTAGACCCTCACGCGATAGGATGCGTCCTATCTACTTAGGCGAGGACACCCCTAAACCTCTTCTCCTGCGCCGACCTGGAACCTCCGTCCGATCAAGCCGAAGCATAATAAGGAATATACGATGGTCTTTAAGCCATGACCGCTAACTTTAAAATCCTGTTCAGTATAGGGAGGGGGTCCCATATCGCTGATAACCGGAGCTCACAGATTGCGATCGAAAGACCGCTGAAGCACCTGTTGGCGGGGTATCGCACTCGATAACCATGCTTGGACAGTGGCACTTGTATTTTCCTTTACAGCCCCAGTGCCTCGACGGAACCGCCCGAAATGCTGCAAGACAGGTGGGTAAATGTAGTAGGGGCGGACGAGGCTCAGAGTGATTATAACTGGTTGACACTGGTTTTAGGACGACGCACCTTGACTCATTGGGAGTCCGTTCGCCACTCTCCATATAAGGCCAGTATGACGGGGTCCCCAGCCGCGCTTTAGTTTACTCTCTCATACAAACGGATTGAGGTGCATCAGCGTGGGCCACACCATTCACACATGAGTCCCACAGGTACGCCAATTTTTATCTCCCTATATTTAGCACGTCAGCCCCCTTAGTACAATGGAACTATCTACTAATCACTCCAGTCAACTTCGTGTGAAAACCGGGACTGGCACGAAGCAAATTTAGTTATAGTATATACACTAAGACTGAGGGCAGAAGAGTCAATCCGTATGACTACGTGTTTACACACATGCCTAATGAATAGATACTCTAGTTCAAGTTTACCTCACCGCGGATGATTACGACGTAACCGATCATGGTTATACATAGACACCAATTTACGGGGAGCACTTCCAGCCATCACTCTCGAGGTGTATGCATGTCGTTAATACCGAGTTCATACCTTGTAATGCCT,1453,49.9,Homo sapiens
SEQ_399357,GGTGGCAATAACGCCATGGAGGTGATAAGACACCCGACAGTTTCTAACTAGCAACTGCTTGACCGTGGATTCGTGAACCACGAACGCCCCAGCGGCCGCCGCGTGGTGAGACTTCCGAGGTA,122,57.38,Homo sapiens
SEQ_340562,GCCATAGTATGGGGTATGCACCGTTCCCCCATCTAACCAGTGCATTGTATACAAGTAGGCGATCGCCTTAGTGTCATTCCGTCAGAGTTTTCCAATGCCTGCAAGTGAGGTACGTGTGCCGTGCCAGTTTCCCCTTTCACGCATGCAAAACGCTTCCGGTGTCTCTAATTGGGTCAGAAACGCCACAGCCTGAGGTTAACTCGTTCGAGACCAAAGAAACCGAAGGTCGAAGTGGTCCTACATGGTACCCTTTGCTCTCACTCACTGTTTCTATAGCGCTCTTATTGTGTCAATCGTGGTACAACCTTGTTTGGCGTGACTAGTTGCACCGGTCACCACCCTGACTTAGTTACGCTCAGTTTCGCAGTAAAGAGCGCAATGTCTCGCCATTAAACGTACCGTCCATTACGTATTTAAATGGAGCCGTGAGGCCCTCATTCGGTCTTTTGGGCTCGCACCGACGACAAGGGGTCGCGTAGGTTATGATAACGCATACATGTCATCGCTCCTATGTGCGCCCATGGTGTGTTTTAGACCTTAACATGTGAAGCCTCCCGCAGTTGACTCCTGGATTAGATGAACACGACTCGTAATAATTCTCTGGCCTTGACAAGGTCACTTTATGAACGGGCTGTCGAGGTTAGTGGTCCTGGCGTTGCTCAATGAGTTCGCAAACCACTTTACTAGCGAATGGGCTCGGTAAGCTAAACCCTTCTTACGGTATCTAACAGAATAGCCGTTGCCGTGATATCTGGCAAGTCCACAATTCTATAACGAGCTGCTCGAGGCGAACGGGCCAGGCCGACCCGATGCCTATAAATAAGCCAGTGCTGTCTCACCACACCTTCTATCAGTTACAGGGCTAACTGGGTCCACATCACAGTTCAAGGCCACTTACCCGCCAGCTGAAGCCAGTAATTTCACTCGAAGATGACTTTCGACTTATCTGCCGATTAGTTACATAGACATATGGCACCACGGTCACTGTGTCTCTCAAAAACGCACCTCTGAAGTAATGACGCGGCGAATTCCCTCTGCCCATAACCTGTGTTGAAAGCCAACGCCCTGATCCACTTTGCGTTATACCCAGTGTATTGCCTAACCGCCCGAATAATTGTGGTACTTTGCACTATCAAAGTACCCGACGTAGGACCGCTCAAGCAAAGATGTGGTTGCGCAGTTGCCAAGTAGTAACATCTGGCTTACAAAGAAGGGCGGCGCTCTCCCACTACGCTTTCTTGCGGGTGGAGGGCATGGGAACGTGACGGGCCGTTACATGTCCGAGACGGTCTGAGACGACAATTGAGAGTATGCGTGTTGCATGACGCTTG,1331,50.41,Homo sapiens
SEQ_791533,GGTCGTCGTCACCATTCCTTACACGAGGGAACCAGGACGTTAGAGTGGTTTATTTGATATACAGCGGAAGGACACCGACTTTCTGACGCTCGAGTTCAGAATGGGGATAATACCATCCGTTGAGTGGCCTATAATGTCGCTGGAGTACCAGGTTGATCCAGACTGCCGTTCAGTAAGCCAGTCAACTGGCCGAGTTTTTGCCAGCGGAACTCGTAAAGGGGTGGGCCAACGCAATGTTTCGAACAGGATCTTGGAAGACAGCTGGCTATGCTTTCTCGCTGCAATATTGTGTTAGGGGTGAGCACCTGGATACCGTCTTCGGCCCGAATGCACGGCGTGGTCGCGCTCCCGCTGAGGCACCACGGTTTAGGTGATAACATGATCGCTCAGGTCCCTTCTGATACTACAAGGCTTCGCGGAAGCGGACGCTGAGTTAGAGATCCAATGTCGCCACAGTAGAATTAATGAATGCTGCCGATAAGGTCGGCCACTGGTTAAGGTGCACTCCCGCAGGCGATTTGCCGAGACAACTGAACATCTGCATTGTAACTAAACCTAGCAAGTAGTCGGTAGTTACGTAGGCGCTCCCCGCCCCGAGGAGATGCACATAAATAATCCATTTATCCCAGCCAGGGTTGCTCATCTCAGAAACACATTAGCAATGGCAAGAGTTGATGACCTCTGACACCGTTGAGCGCCAAATCTTGAATTGAAAATTTCGGGCGATGGAGTTGTAAAGCGACCGGTCACAGTCTCTAACTTATCGGC,768,51.3,Escherichia coli
SEQ_126978,GCTCGCCGGCAGTAGGTGAACCAGCTCGCACCCTAAGAGGTTCCTCCTAGAGGATCTCCCTCGGTATTGGCGGGCTCGGACAGCAGCACGCTATCCTTGCCGTCCGACATCGAGTACCGCTGTCATCATAGAGATCAGCGCTTTCCTCGCGACGAAATGACTTCCAGATAATCATACACCTGCCTTTCTAACACGCAGGATGGTGGTTGTGCAAAATGTAGTTGAATACCCTCCCTCAGCCCAGCAATAGCTCCGATACCGAGCTATATGTGTATCTCGGTGGTCGTCGTGGAGGTTCCCGTGCTCGAACGTTATGGCTGTTTATTCGCCACTAGTAAAGAGAGGAGAACTTCAAAGAGTCGCGCTCCGCATGTTGGCGCGCCACGCTCGACTTGGCGTTCATTGAAATGGGTATAGGGATGTGTGCGTATAAAAAACCCGCGACTGCATATCAAAGATTTAAAACCCCGTACCAGCTGTATTAGCTGCCCGCCATATAGTGTGTGTTAAGTTACTTTTTAAGCAGTATTGTCATCCGTTGTTTGTCATACTTAATTCTGTAAACCGGCGACCAGCCCGTACGCTTAGCGGAGAGGGCCCACTTTATTGTTATGGACATAATAGATGAGCTCAGGAAGCGTTTACACTCTCGCGACTCTCGCGTGCAGCACGGCCACGACCCTTCTACCCGTCGACTACCATTCGGAATCTATCCAAAAATGCACTTTAAGCATCAATGCCTGCAAGCAGATTTCACTTTTGTGGTTACCCTAGGGCACCAGCTACTGCAATTAGTCACATGATGGAAAACATTGACATAGCCTGCGACTTGGATGATCAGGGGGACGGGGTCCGATAATTAGTGACTATAAAAAGCGAACATCAACAGGTTTGAGTCAGAGAGCGTCGGGCAAATAGTATCGTGCTGTGGTCTTCACTACTTTATACCTTCCTGTAGGTCTGACTCGGCGCCACTAAGGCTTGTCAAGAATGATCTCTGCGTTAGCTCTGTATTTGCGAAACTTAGCTGTTCTCGCGTATATAGTCAGAACCTGGTAAACGGGTACTGGCTGGAAGAGTGGAAATGCATAGAGCGTAGCTGACAGTATGGGATGAAACTATACCTTAACAACACATACAGACCACAAGGTGCCTAAGGATTCCCGCGGGCCCCGGGGGGGTCGGACGCATCGGCTAGTAGTTCCATCAGGATGTTGCCCACGTTATCCGGATGTTGCGTAAGCACTACATAAATAGTCTAGCGTTGAAGTCAGCTGCCAACCCGGCTCCGCGATGTTAACAACAAGGGATCGTCTTACTCCCGTATGAGTCAAGGGACTTGTGGCCTGTGCAGGACGAAGACAGTAATCGCGTTCGGGAGTTCGCGTTCGTGCACATCTTAAATGACACCCTTAGTCAGACTATGATTTGTTAATACAAAGGTATCGATAATTGATGACCTCCTCTTAGGGCCTGCGGCTTTACGTCATTTATA,1495,49.36,Homo sapiens
SEQ_217520,CGGTCGGACTATCCTCCTCAACGATCTGATAATTTATTCAGCCTAGCTAACTCTCTCCTCCCTTCTAGGAACGGGTATTCCGGCGATCGTCTTGGCCCTCTTAAGGACATCTAATAGTCACCCATGTATCCCTGTCATTTGTCAAGGACTCAAGATTTCTGGCTTGTCCACGGGAAACGCGTGTGAGTAGATGAGTGCGGTACATAACAACTTGGGACCTAGCTGTGCGTCGATATGATCTTTGGCCATCTACCTGATCAACAAGGAAAGCGTGCACACCCATTGGCCTGAAATGAGTACTCAGCCCTGAGGGTTGACTAAGTTAGACGTCCGGCGGGCTGGTCGGATTGGTTAATGCACACTGTTTGAGGTGTGGCCCTTAATAGGGGGGCCGTATGCCGTAGACTATGGTCGCAAACATGCTGATATAAAACTCTAGTGATTTCTATATCTTCCTAAATGGTACGCGGCGCAGCCCGAGCGCTGGAGAGTACTCCTGGTCGCTGAACACGGTGTAATATAAAGTGGGCTGTGTCCTAGCGAATCCATAGGAAGGACATCGGGCGTGGACCGTACACTGGCCAACACTCCTACAAAGATCCGTCCAAGTGGCGAGTGGCGGGAGCTCTATTGTAAACCATTTAGCTCAATATGTTCTTCGGGCCCCGCGAACGCACAAGATACCTTCTTAATGGGTCGCAGGGCAATTCTCAGGCGCTGGACATAATGGGTGGTCACCTAACGGTCCGGCGCCTATAAGGGTAGGCCACGTACGTCCACCGGATAGTTCATCCGGCGGGTCTAAATAGACTTCCCAACATCTACCGCCCAGCATCAGACGGATCGCGTTACCTTCCGGCATACAGTTCGACTCACGGACCCTATTCACCCCTTAGTGATGGACTAGGAATTTTAAGCCATGGGTGTTGCCCCTCAATTTCTGTTCAGACAAGCAAGCTTCGCTATACAATGTATCCGGTCTCACACTGTTAGTTGCAGGGCTTGTCCCAAGCTCATATGTAAGCGATATGGATTACAAGGAGAATTGCGGGCGATGGCTACACGGCTACAGTGTCGGCGCGTAGACAGCAAACGGG,1097,51.41,Mus musculus
SEQ_460408,CCAGAAAGAGACCCTGATCTGTCCGTACTTATGTGGGGGTATTGGTACAACTTGTGCCGTGTGCAGAAGTTATAGATCGTTGGGACTGGCTCGCGGGCTCGCTATTCAATGAGGTTAAGTCTGCGCAGTCAGCCTTCGTTGAGCTCGGACAGGGTGTCCTAAGAATTGAGGTAACCTTTCCTCTTGCTCTCACTTAATCAGATTTCTGGCGGCGAGCCCATCGTCGATTTCAACGAAACGGTTCGTGAGTAGAGCCCGTTCTTAATGACTTCGCACTGGCGTTTGATGCTATAGGTCCGCCTGGTGTATTAATGGCGGGATGGGGAGCTTCGTACACCGGGTTGCGCGATTCGCATTACAGATCGCCACAAGCGTCCGATCAAAACGTCCATGTATAGGGGATAGCGCTATAATTGAGCCTGTTACGATGAGGAAGGAAGTTCATACCACAAGCCGTACTGACCCGCCTATTTCGCCATTTGCCAAAGCATCCGTTTATCTTCTGCGCACGCCCTTTCGGTATCGGTCCCCATATCCTTACCCTTAGTGAGAGAATCCGGTAGACCACCCAGACCATTCAGGTTTCGGCCGTCCACCTTGGGCGCGATGGCACGCACATATTTGGCCAGCAAGCAGGTTGTTCAATCGGGATCGCCCCTGCGTTCTAGACAGAGGGCCTCTCGAAACTTCCCGACGCGCACGGGAAGGACGAACCGATGCACATATCGCTGGCTCTGTGATGATTAGAGACTGAGAATAGCAACAGCTCGTGTATGGAGCCAACTTCTACATATGAATGGAGGGTCCCAGTTAAGTCGCAGATTTCAAGGTGGATCAGCCATATCATGTTTTAACGAATAACTGTATGAAATGCGTGGCGTACGGCACACCG,892,51.68,Saccharomyces cerevisiae
SEQ_562777,CCATGGAGGTCTTCATGGGCGTAGGTTTCTTATAAGCTGTTTCGAATAAACAAGGTTTGTGACGGCGATTAACGTAACTTCTGACGGCTTAGGTGCTCCAGTTGCTGCTCAAGCTTGCAGCTCCTTGTAAACTTTCTCGTGTATGGCCCGTCGGATGTATACGTCTATCGACGAATATTAGGAGACTATTAAGCAGCCTGAGCATCAAGAACTAATCTGATCAAAGGACATGCTCTATATCCATAGCTAAGGTGTCTTACGGCGGGCAATAAGGGGCCCGCAACGCAGCTACGCAGTCCAATAAATATCTAGGTGGCTCAGCGACTCTCTATTAGGCTCGATCGCTAACGAATTATGATGAAAGTGCGGGGGAGTGCAGTTAAAACCAACGCGGTTTTGCAATTCGGCCTTCACCTCTTTCCTCCTTTTTTCATGATGTACTGACGGATTACACTCTCTGTGGAGGGATGTGACCAATCCCCACTTGGGACGCCTGCAACTGGAGAAGTGTAGATAACGCTATGCCCAGGTCTCCCATAGGTCTGCGGACGGGCGCCTTGCGGTGTCCCAATCATAAGTGATCGGTACGTCTGGTATAATAGCGGCCTTGCCATCAACCGCTGCTAAAGCGACATAGGTGGCCCATTAATTTAAACCGGCGACCAGGTTTTATAAAGACTAAGGTGTTCACCGCGCGCTCGGCACAACACTCTGCCAACACCTTGATCTCCTTGCAAGCATTCAGCATTTTCCTCCGCACATTCACACCAAGTCCGTTGTGCATCGCCATACTTGAGCACCCTCGCTCTCCCTACCCTACTACACTAGTCAATCGCTAGAGCATTTTAAGTGTCTGAATGTGGGGAAGTCAGGCTCCGAGATCAATTTGTCAGCTTGAGCAAGGCGAGCACTTAATCTGATCTTGTCGAATATTATCTGCCGAACCGGAAAGGTCAGCCCAAGCGAACGGTGATATCATCGGTTGAGTTCTCGTAGGTAAGTCCTATAGCTTAGATGATTCGTTCACGATTGACTATTCGGAGTAATGGACACTAAAAACCTCCCGCTGAAATAGGCGTCGCTCATGGGAATCGGTACCAACGTGACGATTAGAGTAAATGAGATGCGAAGGAAGCTGATTGGTACATTGTCTAGTTTACCTTATTTATTGGATCCGCAGACCTAATTCGATAGGCACAATCTTATATACCCGTACAGTATCTGCCAGACGAGTTGCGTGGTCTTACTATACGTATTGTATCACGAAGCTT,1271,47.76,Arabidopsis thaliana
SEQ_815017,ACACAAAGGGAAGTATGTCTGCAATACACTATAAACGAAGGCATCTATCAATTCCTTGCATAATCGTACCGCTCGTGCTTTGCCGCCCTTCACATCACGGAGACATTGATGGATTAAAGTTTCACGGCCAAAAGCGGTCCCTTTACGGTATAATAGGCAAGAGGACACATCAGTAAAACTTCGGACGTGCCAGTAGCAACATCCTGTTCGATGTTCGCGACTCTGTCTGTAGAGCTCATTCCTGCTTCGCGGGCTCCGTGCTTGAAAGGTAACTTAATTAATTTTAATGATACCGCGCTATAGTTCCGGTTTTTATGGCCCCCTCAGACCCTACTCAGCCGTCTGCAGCTGCCTCGTAGGAGAATATGTGTAACCCACTACCCGTGCTGTTGTCGCCGACGTGTACCATATGTCCTTACAATGTACGCACAGGCCCATATTGTGTCATGGAGTCTGGTCTGGACTGTTGACTATTAGTGAGAGGGGAAACTCAACTCGACATTGGATTCATCATGTGGAGAGCTCCGTAAGTACGCAAGGGCTAAGTAGTTCGGCTACCCCACAAGCACCTCTTCTATCGCCTGTCCAAATCATCCTGGGAGTGTTATCTCACTTATCCGATAAACCGCCTCCTTTACAGGATTGAGATACCTCTAAGTGGAAAAGAGGAGGTAATCGTGGAGCCCCGACCTATAAGCTTCTGGCCTCGGATCTCTCAATCCCTGTTACCACGAGGCGGTGGGCGTGTGCTCAAGCCTGAACGACACTTCCCATCCCCCTGCTCTTTGATACGCCACCAACTTCACGGCGAGCTTTTGTTCTGAGTAACATACTAGTGCAGCGCCTACATTTAAACCGGGAACTCTTCCTATTTGCTTCGACACATACGAGTGTAGGAGGTCCGGGGCGGAGTTGAGTTCAAGTATAGCACATTTATTGATACCTCATACAAAAAATGTCCACTTGCGATCCCATCACATATTTATCTGAGGCGAATAGTGAGAAGTTTTAAGTGTACGCTCAGGCGTGATTGGCTGGTTAGGAAGTGTGACCCCTTTTAACTCTCTTCACGATCGGCAGCCCCGCCTAACTCAATATTCGTAGATACCTCAACGAATCTGCATAGGCTCAGCATACGGTGAAACAAGTGCTTTGTGTGCTTGTATACCCTTCATGGCACGCGCTTATTCACTCGCAAGCACTTGATACTACTGTGTAACTTACTCGTTACTAGCTTAACATTGTGCACGTTTTGTTCTTGCATGTCACTATTTTAAAACCCTAGGCTCTTCAACATTCAGGGGAGTCATGGCTGTTCTGTTTAGTCCATGAGGTGTCGCGCCCGGATTAGTTGTCACTTTCGGTTTAATACAGAATCCTTTACAAAAGCACTCTCTTACGTTCCCGAACCAGTCGGAATGCATAACGCTAACACAAACAGCCCAAGGGCTCGTACCTTAGCCCCTCTTCGACGGGCGCAATAAAACACCCAGCATTGTGCATGTTACGTCTCGCTTTTGGTTTCTAGGTTCATTGCCCTAGGGCCGTGTAATACCTTGGTATAAAGAAACTCCGCGTGCGGGGATGACACACCTGCCGTGGACGGTCGTCCCAGCGTGAGTCGTCCCCTTTGACTGCTGAGCGTTGAAGTTTCAGGGCAAACACAAGCCGTGGATCCATCACGACAGCCTAGGATCGATCGTGCGCGCTTGAATTCTTCACACGATATGTCACCCGTCTTAATCATTCCGAGCGAGTTCCGTTCCTTTCGTCGTCAGGAGATCAATAACAACTTCCAGCACTAAAGCCTTGATTACAGCTATCTAGAGATCACATGCGGGTTCGACTGAGTGTTTTATGGCCCTCTTACCTGCGCCGGCCGTATTCGGTGCCTCCAAAGCACACCTCATAAC,1913,48.61,Homo sapiens
SEQ_812079,CGACTCCGTGCCGCGACATTAAGTAGAATGCGCATCCGTTGACCTAGTGTGAACTGATTTAATTGTCGCCAGGTACAATCGGTGAGGACTTTTGCGCTCCATGTCGCGCTCACCACGAAGTGGCCGCCGGCAGTGGAAGGAGTGAGAGAGAGTCAACAGTCGAACTGGACCACTGCCTTGGCAGTGGAACATGGCATGACGTGGTGGTTGTACACCGAAGCGCTCTGGTAATGTCATGTAGCGTTCTAAGAGCAGTCCGTCGCTGCTGACCTGCCACGGTTAGGCGTGGGAGATGCCTCTTGACGTACAACACAAATGCCCACGCGTGTTAGGATGAGGAACTCGCGTAGCTGAGGCAGTTGCTACCTCGTTCAATATGGAGCAAGTAAACAATCCTGTCAACTCGGCTTGTTAAAAAATTAATTCAGAGGGGGAAGGCCCAAATCCAGTTGTACCGTGTGGTCCGCTAGGGGGTCCGCATCTTGCGAATCGAAATTGTCGACTATCTACGTCTTTTTAGGTGTTGGGAGGACGCAGCACCCGATTACCCGCTGGCATGCATCATGATAGTAGCACCATAGGAGGCCTTGTTACGAACCCCCACCTTTGCTTTGGATTTGGGTCCTCGTGTAAAATAGACACTGGTCAACTATCTCTTCGGTGATGCCACGGCAGACGGTTTGTCTGTGGATCCGTAGGAAAATGTGACAA,711,52.04,Caenorhabditis elegans
SEQ_648181,GGGTGGGTTGTTACCGAGACGCACTTATGATAGGAAAGGGAATAAGGCATCCGCTATGTACTTCTAAAGTTCTCATATAGCCGTACGCCGAGATACTATCAGAGGCGTAAAAGGCGCGTCCGGTGATCACGCCGCTGTGACGCTCAAGTATTCGCCCAGTTATCTAATGACGTCCTGGCTCCTTCAACGGGGTTTCCCTCGCCGCTCACATCAATAAACAGTATGACGCTATCTCCAGGTGATCACTGACCTCTGACGGGCGCGGCAGGTTTAATGCACATAGCTCCGTACCCAGCAGATAGGGCTACGTCATGAGGTCGAGCCTGCGTTCTCCCACAATTTGAACCCTGTTAACAGCTAACCCGTCGTCGGGGCTCCCTGCGATAATAATGATACGCCCCTAAACCATAATGAGGTGAATCGACACTAAGCTCCCTGATGCATTAGGGCAATAACGGAACTAGTTAGTTCAATATTAATACCTGTTACGGCGCTATGCTACTTTTTTGTCTACCTCTGACAGAAAAGAGCCCTAGTGCGTCTTCCTTTGAATATCGGGTGCCTTCAGAAGTCGTTTTACAGATGAGCACTGGTCCGACGAGGCGGAAGCAGCCGCCCATGCG,623,50.72,Drosophila melanogaster
SEQ_175373,ATAGTGGTTGTGAGGTCGTCCACCTCGTCTCAAGTGGTGAGAACTTCTGTTGGGCCCAACCAGCCGATAAAGACCTAGAACAATTGTTTGGTCTCGGCGCGCGTTTGAGATCTAGGTGACTACTTTGAGTAACCTTCCGACAACGCACTGGAGATTCGATTATTTACGGAGTCATAGCAAGGACCGCGATCTAGACTTTGCGATCCCAATATCCGGTTGTGCTTGCTAGGCTGTTCATGAGTTCGTACGCATGCTGACGTTGCGCTAGATAGAGAGTCTCTGTCTACGTTGGTCTTGTAAGGAGCGTCGAAGCAATGATCGCTAATCTAGTCGGTTATTACTCGATGTATTGACTGGACCTCGGGCGCGACAAGTTTAATTTTTATCTACCCACATCCTCTTATCTTTTCCCACGCCTGCGTAGCGGGATCTCCAAGGCTTCAAGCAGCAATCTAGCGGAACCACCATCAATCCTTCACCGCTAGCTCAGCTCTCACAAGGTGTTCATCTTCCCTATGGTGGGCTCTTCAGGTCTTAAGGCGCGCGTCTCATGAAATAATCAGGCGTTCCTTACCACCACTCCGGTAGATGAAGGTTACTCTAAGGGGTTCTAGAGGGGAACGGATTTAGTTAGAGATGAGTCCAGACAAACTGGCGGGATTATCTTAAGAGCAAAGCAACATGGAATCTCTGTAGCCGAATTCCCTTTTTCTTCCCTTAGGGCTTAAGGCGGCCAGTCGTCTCTACCCTCGACGGCACAGTAGGATGAAACTGTGAGAGGCGTTGGTGCCGATGGCCCTGAACGTCGACCCAATTCTACCGGTGTTTGTTAGGAAGGTTCTGGTAATTAATTAGTTCTAGCTACCCGTTATTTGACCGTGATACACAAACATTGTTTCGTCCCTTTCCATGTCTCAGGGATAATAGCAATTGGTGCATACGATAGCGGTACCCGTTTCAAAAGAGGCCGTAGGCTCTGTTGCATTAATGCCGTTTTCACCAATCCTCGCGGATGACCCGAGTATGGATCGCTCTATGGTCAGGGTCGATGATTAAACTCGTCGGTTGAGCAGACAGTAAAGTGGCATCAATGTAGGTCGCTCTGTTGCCTGCTGAGCCGGGGGGCTCGAAGGTCCGAATTTGCAGAGCTATGAATAGATCGAAGCCTTGGGTCGGGAGTACTTTTCATGAAGGAAATGCGAAAGATGAGGCGAGGTAAGTAAAGGCCATATCACCTTGACAGTATAGTCAGGGGCAACTGACCAGCGTATTCGTTTTAATAAACGGAGCGATCGCCTGTGAGTCGTTTTTGCAGTGGCGGACATCGGTATTGTGC,1336,49.1,Mus musculus
SEQ_320528,TACGATGGCGCAGCAACCCCATAGCACGACCCACTCGACTTTTATAATTGTGTATAGTTGAGTATAGAGAAACCTATTCGCTTCACGGACGCTGTACTGCTCCCGACCTAGTGTTCGCATCTCGCGCCATAAGACGACTGACCGATTGGCGCCGTGGGTCCGGATACGACCAAGAGGTGTGTGTTCGACAACATTAGACAATAGGGTATACGGATTCGGGACAAGTTCTCTACTAAGATGCCCTGCAGTAGGCTCAGGAGCCGCCAGACAGTCGTGATCGGGGTAGATTCAACGATCGGATTAAGATCTCCGCACACGTGGTCCAGCGATATCCAAACTCGGGCGAGTCATGGATTTGAAATCTCAACAGTTCTTCCGAGATAAGTCTCGTTCTTATAACGCAAAATTCACCGTCACTGTGTTGAAAGGTACAGCGGTAATGCTTGACTGCTGAGCACTGTTGAATGGTGACCGAACGAGAAGCATAAACAGGTTCCGTTCGCACCGCTTCTTCGATGCACTCCCGATCCCTCGGACCCTCACCCCGCTATACTCTTAGCTAGCTTGTCTGTGTTCCGCAACGGAAGAATTTTCGTCCTACTCCTAGTCTTTACCACATACACCGAATTAATGATTCCTCTGTACCATCGCTCTGAGGACCGTTAAGAACTGACCCCAGAGCTAAGACAGCCGCATCGGAAGTCTAACAACAACGCAGGAGGCCTATCTATCGCTTGGATGAGACTTACCATTATGAGGTGGCGGTGGAAGGGCTCACACCACCCCTCGAAAGCTAGAGATCCGGGTCAATTGACTGCCAATGAATAACAGACGGTTGAGCGGCCAACTTCCAGTATGCTTACACGCGCATGTGCCTTAGGTAAGACCACCTGCTTAATGGTATTTAGAGATTGTGACAGAGTCGCGACAAAGTGCCCCACCGTTATGCGGGTCCCATAAATGTCAAAATCTAAATGTTAGTATCGACTGCTGGGATGACCGCTGTCTTTGAGTACACTGTCGTTAATCGGGATGACAGTCCGATTCAAGTCGCATTATGCGAAAATGATACGATGCTACTCATCCTAGAGAGACGCCCGAAATCCTCGTTCTAACGACTGTAACCATCTGTACCACACAGCCCCATGGCTATCGTCTCGGGTAGGTGGTCGGTCCAAGCTACCCACAACGTTGTGGCTCGAGGACCGCCCAGAAAAGGAATCAACGAGAATGCTTAAGACTGTACCTCAGATATAAATCATGTTTTCTCGAGCAGCAACATGAAATGGCAAGATAAGTACTTGTAGAGCCGTAGAACCATTTTAATTCAATGTCGTTCCATCCCAATCCCTTCACCCTATGATGCCGTTATTGGGCGGCGTCTGTACTGGTCGCGCCACAGTTAGTTTGTATTTTATCGTTCTACCGAACCTTAGGGCTTATTGTATTCGAGTTGCCACACATCCCGTGCATTGCTC,1478,49.12,Mus musculus
SEQ_858431,AGCCGTCTCCTAAGCCTCGCACTCGGGGTATTGGAGCCTATGCATCAACGTGACGCAGACGCGAGTATCATAGTGCTGAACCCCAATTTTTTAGAACACAGCTTCTTCGGCAGGACGATGGACGCATAACCTCCGTTCCTTTGAAGTCGCGAATTTAAGAGGAGCCACTTAACGCTTGTTGACCCACCAATAGTCTGCTTGGCGGTCCTCGAGAGCCGGCCAACCGTTCATTTGATACTAGTATAACGCCGGTGTCTGCTGTTTCCATGCGGTGCCTGGGTTTCAACAAATTGGCATAAAAAGCGGTATCTTATATACGCATGTAAGCGCCTGAGAATTTGTTCGACTGGCCTATTGACAATCGTCACAGTTTCGCCCCACCCAGGGAGTTTTAAGGCAAAGTTGTTACTACAGATTAGTCCCTCTCTCGAAACCAGGATGGCACCGGAGTAACGGCCCAGATTTGTGTGTTTTCGGGGCAACGCACACATTCAGGCGTACAAGAGAGGCCCCTATATAAAACGCTTCCATGCTCAAGCCATTGATTTCCCCTCTTTCCAATGTTTTCCTGGTATCTGTTACTACAAACCGGAAGGCTGGCCATCATCCACAGTGACGGGTCTGTTATCAGGATGTAAGTCACAGCCACGTAGCTGTGGCGCAAAACACGGGTACTGCGGCCCTTTTTAGTTGCTGACGATGTAACCCAGCTCCTTCCTTGCTATCCTCTGACCGCAGGTTACGCCGGCCTGAATCTGGAAACTCCCTTGTACGGAAGTTTAGATACATCATCCACTAGAGTGTAGCTCTCCCGCCCGCCGGACGAGGGCCATGTCGAGGCTCTTAGTACTGTTTTTGGATGATAGCAAATATCGGTGATAAATAGCAGGCAACCGCGCACGCGCGCGTCGGATTTGGTGGGCCTGTGCGTAGGCGTTGTATGCTTCTTATTGCACGGTCTGGGATTCCGAATATCGTCCTTGCACCTGTATCACGCGAAAGCTGAATATTTAATGTGAGACAAATACCGGCCGTGGATGAAAGCGTTCAAACAGAAGGTCCGCACTCTAGATCGTGCTCACTGCAGTGCAGGTCCACGCGGAAGGCTATAACTCGCATCTGGGTCTGATTCAATAGGTGGGGTGTAGAAGATTATCGAGCATTATTGCGTCACCTAGAGCCGCCCGTAGCATGGCTGTCCATACGACATTTAGTTCCCAGAGTTACTACCAGTTTGGACTGCCAGAAATAATCCTACGAATATCTAATGCCTCCCGTTATGTTACCCCGGCAACAGTTCAGATTCCTATGAATGTGTACTCGAGTCACACTTCGCTTCTTTCGAGTGGTGAGCGGCAAAGGGGGTGACGACGATCTCCGAGGCCTTTCTTCCTATTGGAATGAACGACATAGAACTGCAAATTATTCGTGAGACGTCGACTATTTTCCCGTTAAGGTTTAGTCCTGCACTGTTCACCCCCGCTGTAACGCGAAGGAGCGACGGTCGGACTGCATGACATAACTATATGTAGCCGATACGAGCAACAGCTAAAATCAGGAACTAGCAAAACAGCTTAATACACGGGTACTAAGTCATTAATGCACGGACTTC,1612,49.75,Mus musculus
SEQ_805059,CTCGCGAGGCGGAACTCCGATATGGGTATGTTGATGTACCTAGATCAGGTCACACGGGGTTGAATCGCGTTGGCGTCTCGCCTCAGCGGTGGTATAAATACCGAGGGCACGAAATCTCCGGTGCAACGGTTTGTAAGAGGGTCTTAACTATACAGTTTTCAAAGTCCAGTCGCTGCGGATTCCTACTTATGACGGCATTTCTACACTAAAATTCGTAAAATCGTACTATCGACCCCAAACGTTAGGTAGCGAAAAACCTGGGAGCAGGGCGAACAATGATCCATCCAGAGGCTACGTTGGGTCGCCAATGACATAGAATTTCGCGTGGAAATCAACTTGCTCCCTATAGTTTTTGTGTAGCTTTTCTAGGGCGACCCTGACTTGGTACAGTGCATGACTAGCCATTTTCGCCTTATAAGTATGCTAACACGCTTTCTTGTATGCCCCGCGGAGCCCCCTCAGGAGCACGCGGCTAACCTATACTACCGGGAAGACTGTCCCAGAACTCCCAATGGCAATGTCAGTAAAGATGGTGGCCTTACCGTTCTCCGACTGAATGGCATTGTACAGACTAACGTTGAACGGTTCGTGTTACGTGCCTGGGCTCTGACCATAAACACAGATAAGACAAAAAAGGTACGAGACGACGCATCGAGG,657,49.47,Saccharomyces cerevisiae
SEQ_937882,ACGTTCTACGGACAAAAGGGGACCTTTACATTCCGGGGATTCACGGGCAGTGGATTTCTGTCGGCCAGCATTAGCACCACTTTTCCTCAGGATTGTAGGTGTCTAGACACGATAATAGCGTATCTAGCCGGTCATTACGCTATGACTAGTTTGACACTTACGATTTCTCTATATCGGCCGGGCGGCTAATGCTGGTGATGAAGAGCCGTATGGGCACTACCGTTGAGTTTATTTCTTAGTAGGTGCAGAGACTGGTCCACGTAAACGAATTACCTGCGATACCCAGCGATACCCTGCGGTAAGGTTGGCCGCCGCACTCCGAAAATGTGCACGGTAACGTACGGAAAATCCAGCACAATGTTTAAGATGTGCCAAGACAGGGGCCAGTTGGGATCGTTATGT,402,49.75,Homo sapiens
SEQ_548513,GAGTTCGTCGATGTGTGTTCCAGGGACCTCGCTATGGTGTCCCCGGCGGATCGATTTTACGAACGCTCGTTTGTCCTGGCTGTAATTTATATAACGAAGCCTCATATCAATACGACGAGATGGCCCGCACAAATCTTGTTGCAGACTAATTAAAGGGGCTTACATGTTTTAGGTGATACGATCTACACGCAAAGTTTGTTGGTTTTATCGTTGATTCACAGCCAATTACCCCAGAATGTGCTACCTCACTGTTCCTCCAGCGGGAGGGCTAGTGACGCGTAAATAAGGCTCACTCTGTCACGGCGTTCTACATATAGACTCACGTAGCCGGGGGCCGGTCGGTGTCGCTACTCGGAACCCCCGACGCGTCATGGACGGATATCAGTTGAATAGATATTCCGATAGCAGAGTTTCTCCCAAAGCGCAACGATCTTATTCAAGGGCTTGTCGAGCGTTCAGAGGACTGAGCATATTAGCCTAATTACACACTTAAAAAATATGCCATGTTGCAATAGATGACGTACTGCACAGATGCTACCTCAGGTCTTAGGGGAAAGCGAATGGGACGATCTGAGTCCGGATGAGAAGGCGTAAGGAAACTGCCCACTCATACATCCTCATCAAACCGCTCGTCATACGGTAAAGTTCGTCACGGTATCGCCTTACGGCTCAATGACATGAGACGGACGAGTTCCCCGTCTTGGATGCGACCGAAACCACGATGTGGATTAAAGTCTTCTGGACGTCATAGAAGTTACTGGGTGTAACGCCTTACCGAAGGCCCCGTCAGAGCGTTAAGAATGATTTATTGGTTGCGCCGCACAAAACACGACGCGGATAGCGCACAATGGACCACATCCGACTGTTACGGGGCACACGCTGTAAATGGCTAGGTTATGGATTGTGTTGCATCCGACGTGTTAAAACCCAATCTCACACCCGCATCGGGGTCAAGGAAGCGGTGGCCATTTAGAAAGAGGAGTAATCTATGGGCTAAGCAACATGCGCAATTATGTCGATTTAACGAAGCATTATAGCATATTCACCAAAAAGTTTCGGGGGACTTATTTCGCGTAATAGGCGCAAGGAGTATACCATATGAACCTAGTTCCCGAAATAGCACTCATATGCCACCATATGAGTTAAGCTCTTAGGATCCGCCTATAGGGGGGTCGCTACATGTCGAGTGTCCTAAGTGCGTAATACAAGGGTTTGCGCCCCCTTTAGGCGGCATACACTAGAGGCAATCTGTCACAAAGCGCGTTGTTCCCTACATTCATTCCTTTTATTCGTCCACCGGGAAGTCAAGCTCTCTTTTAACTTGTAAATCGTGTAATCTTGTACGTGACGCAAGACCTGACGCTATAACCTAGGGGGATCACCTTGTGCGTGGATATCAGGCGTGGGGATACTGACTTGTATTCGTCCCGTCAGTTGGTGTCCTTAAGTTAAACGAATCCACACGAGCTCAATGAAAAACATACCGACCAGAATGGTATGTTTCCCATTTCCTGTAACGTATTCTTAGCGGCGGAGGAAGCTAGATCGTCTTCAACTTCGGTTAATCCCGTCAAGCTCCTGTGATTTTGATCAGTGATAATGACGTACACCCCAGAGCCCGAAGTGAATAGCACGGTACAAATTCACCGATTATGGTTCATAGTCCTATTGAAGCGGGAGTACTACGGTATTGATTTGGCACGGATGAATAAAGCGAGCAAGTCCTCAACTCCTAGGACTTATTGGTGCCGGCATACAAAGGTCCCTGACACTTGAGAAATAAGGCAACGGCCAAGCTAGCTACTCTGACACTCACGGACAGACATTTATAGGCATTTTTTCGTAAAGAATAAGTCATCCGCTGCGAGTGACTTACCGACCTTCCTACTTGCGACGGGAGGGAACTAC,1908,47.96,Arabidopsis thaliana
SEQ_416402,TAGCGACTCGAGAACATTCGCAGACGTTTGTAATTGTTCACACGTGAGAGAGAGCCGGTCAGCAAGCAGGCACAGGTCAATCTCTACGGCATCTCCCGCGGGGCCGGAATGAAGAGGCGCCCTTAATCCTTGAACGGCACCAAGCTAAAAGGCTGATCACACGTCAGTATCTAGCATCCAAAAGCGCAAACTCCAATGTCGACCCTTCCCCGCCAACTTGCTAAATTGCTAGCTGGGCGCGCTATATGTCCCCCGTAACAGATTTAGTGACAGTTCGGAGTTACAGTTAAGGACACTTGAGTCGACCGGGCAACGTAAGCCGGAATTAAATCATAGTGCAATGACTCCCGCAGCAAAGAGCATAGACCCGTGGAGTCACTAGCTCGCGCGGACTAACGGCGCCTTTGTTGTGGCCGGTTTCCAGGTGAATTGGTGTCGTAGTACACGACCGCAAACTTGGTGGCACAGCCGATCGATACGGGTTGAACGGGCCCGCAAGCGTTTTGGCGGGGTTGTATATGTCGAACCCCCTTGCGGAGGGACTTGTGGGTGATATGACAAGCGTAACTGTTAGTGACGTTTACTTGTGTTCGGAGTACCGATCTAGGCCATCAGATTACCACCCCGTCCTTGGGGACGTGTACCTAAACTTTCACCTAAACAAGCGTGCCTCACATTTAGCCATGGTGCTGGAGAGGGTACTATGGATTAGGATCCCGAATGTCGGTTAAAGCAGGTACTCATACTTAGAGGAGCCACAACATTCCGTCCCCCCGCATAGGGGTACGACATGTGACCGCCTCTGAGGCGTCCAAATAATGCGGTTTTCCGAGTATTTATCCCCACATCCAATGTCCGAAACATCGACACCGGGCGCGCCTCCTGACGGCGGTCGTAGTGGTCCCATGCTGCTTCCTGACGGGCATAACTTCATGCCCAGAACGTAAACGTGGTAAGGCGTCGGCGGGAGTGTCGGGCAGGGTCACATTGGTCTCTATCTAATCGATCGGGTGGTACAATGCTTACCCGACTTTCATCTTTAGCAAAGCATACGCAACCAAAACGATCGCGAGTCAACCTATAACGCCAGTCACAGGCGTTTCTATATTAACATCCTCCTGAAACAACCGACTGGCTCCTGCAATGACGTCTTTTCCACAGATGTAACCCCGTCAACAGCACACGTGGAGTCGGGAATAGTATTCCCAGACGGATCGACTGAAGTGGAATCGGGTATCAAGATGTTCAGACAAAAAGAATGATATCGAATATTCGCGGGTACGCAGAGCGAACCAGAATGGTACCCCGTGCGCCAATATCCTGGAAAACCCGTGTCGAATTAGCAATCCAGTTTAAGGTCGCTGACTTCCGAAGACCTAAGTACTGCGCGCCCCACTTTAGTTCTGAACCTTCCGTTTTCTCAACGGGAGGTGTATCTAATCAATGATGCAACGTCCCAAAAGGTAGCCAGCGTTTGCGCTTTCAATGTATCACGAGTTCGGAGTCCCTCCTTTCATTTCAATGGACACGAAATGGACAGATCTGACGATTGTCACGTCGTATGTATTTTTGCACGCATGCTATACCGTAATTAAGCTTTCCATTATTCTAAGAGCTGAAAGGGCGCAAGCTTGCTACCAGGATTCGTCGGAATTCTCCAGGGGCCTCTAATCTCCGTTTAAAGTTCGACCAATATTTTGGTACACCGCAGATTTCCAAGTTAGGGTATGTCTCTTTAAGACGTCGAGTATGAGATAATAGCCGTGTTATACGTGCAGTCCTGCGGATGTCAAAAACGGGTCCTT,1805,50.47,Homo sapiens
SEQ_474713,CTTTAGGTTATCTGGGTGTGTCAAGTGGACGTGTATAGTCGGCACTCTCTCATGGTTAACCACTGTTCAAGCGCGTGGACATGGTCGTTCCGCTTAGTCCGCCGCCCTGAGGTTTATTTTTTCGGTACGGAATACTTTACGTCCATCGCGGCGGGCAGCCAAGCGTTAAGCTGTCAGCTTAACGGTACACCCGCTTGAAATAGCACCTCGTCCCGGATCAAACTTCGGGCCGCCAAATTGTGGGGGGTAAAGTCTATAATGTAATAGATTGCTTTTTTACCCAATGCATTTCGTTAGACGAACGTTCCCAGGATGGGGGCCCGCACAATGAGTAAAAAGCATTTCATGATGAAGTTCTGGTCTCAAGGCCGGCCTTTCGCATGACGGATGGGGATGACTTTGTGCTATCCCGCTCAGTCTAGGTCACCATTCGGCTGAAGCTTAACTGGATGTGGGTTAAGCTCAGTGATGTAGTATAACAACTACGTTGACCCAGGGCGGGCAATTTGCACCCGGCCAATAAGGAGGAATATTTACCTATCTGCAAGGACTTAGATGCTCGTTTTGACGTCTATGTAAAATGACCAGTTTCGATTTAAATCCCTCCTGCTTCAACACACTGTTAGACGAAATCCTGGACGTCGCACGGAAGAGCGGTATGATCGTTTGTCGTATATGAACGCGTCTAAAGTAAATTAGGGACCCGCCTACCTCACTTCTGGTATCAGAATTTCGACCAACTACCTATAGTGGACACTAATGTAACTCGTCCGTTCATCCGTTCGCGGCTGCATCGTATTTGCTCAACGAGGCAGCCACAGACTATAACGGGTGCTTGCTCGCGGGCTTACAGCAGGCCTTTTTGTCAGAGTGTAGAGGTGCGACGTCATGCGCTTATTTTGAACAAGAATGTGCTTAAGTCGGCTCTCTGTCCGTAGTATCATACAATGATATCCGGAGTATCGGTCGCTCTCCGTAGCGCCCTCCACGATACTCTGATGGTGGAATGTTATAAATGGCAACGGACGCAATGCGGTCAGATCCAGCCCTGACCCAGGATATGCATAGAAGGTGACCCCGATCACGCACGTAGAAATCAGAGACGTCTTGACATCGTATTCCTGTTAAATATGTCGCATGTGATTATGACATGAACGGGATAGTTAGGCAGCAAATCCATCTCGGCTTATGAGAACTGGCTAACACATGAAGACGTCAATAGTACTCAATTATCGGGCTGAAAGCTGCAACCCGCGTTGCTGAGGATATATGATTTGGGTTGCACGTGTGCCTAAAGACTGCAACAGAAAGACAATAGCAGACCGGAATCGCATTTGCGGTCGTCTAAGGGGGCACCGGCAGCATAGGCATATGCTAACAGAAGTACCGGGCCAAT,1396,48.78,Caenorhabditis elegans
SEQ_614620,TTACTAATGTTGTGAGAGTAACTGGAGGAGCGGCGGTCTTGTCGCCGTAGCCCACCCGAGCTGCTGCTAGTCTGAGCGACACCCGCACAAAACAATCTCTTACT,104,53.85,Drosophila melanogaster
SEQ_751978,CTTCTCACCGTGTCCTTCAGCCCAGTTAAGGGGGCGATGAGATATGTTCGCGATAAGTACGGGTCTCTTGACTAGATGGATTATTCCCTATGGTGAATACATGTGGTAGGGGGCTGAAAGCGTACAGCAAGAATCTCGGCTACTGAATTCTCCCTTCCTCGCCTCCCGGCGCTTAAGAGCATATCCAGGCAACCATTTGGTATCTCGCTAGTGTGACCAGCGACTTC,227,51.1,Saccharomyces cerevisiae
SEQ_801624,AAGATAAATTCTATCGGCCTGTAGCCCACTATCCCCCAGCCTCTGATATCGTACAGGCTACACATTTCAGGCGTGCAACACAGGGATGGTTGGAAAGCGTGGGTCTCAGACGAAGCGCAGTGATGTTCCTCCGTGTTTTGGTCTCGAAGTTGCCATCCCATCTACTTTTGGTATTCCTGGGTTGAGAGGGCCATGACGCCCATACGGTCGCTGCACTATGTACTCATGGCAAGCCAGTTCCAAAATCACTAACAGTAACCCGGATTACGAGCCCTTTTCACACAGACTGTGTCATGTCCGTGGTGATAAGGCGATATTAGTATACATAACTGATGAAAACGATGTGTATTTACGAATCGTTCGGGTCCACAAGGGGTAAGTGAGCTCCGCAATATTCACATACCAGAGTGACGAATATTCTACTAACACGGCCCGCGGAACGTGGGCATGCACGCTCATCAAATCACGAGATCCATCCGCACCTAAGCATCGTCGGCGAGCTCGGTGCTGCAGCCAGCGTTCAAGGGGGAACAGGATTTGCCTTTGTCCCATAATGTGATATAAACACGGGTGGTCTTCAGTTGCAGAACCTTTATTATCCGGGGCTCAGTCATAAACGGCACTATTAAAATCACTGAATGCTGTTCAGGAATAACCGCAGATCTGTATTGGCAATGACTTCCACGTAGCCGCGGAGGTCTATAGCACTGGCAGGCCGATTTGCAGACAGATTACTCTATGCTGTAGTGTCTATTTTGTATTCCGAGATCTAACACGGACTCCGAGCCTGAAATCAATACGATGCGTACTGTTGTAAATTTCATAACGTACTCTGGTTTGTACAACTAGACAGCTTTACAGCTCTGACTAGGCCCTCTAAGTTAAATCCAGGGGACAACCCGTGGTCCTATAACTACATTTCTAGTGTCCCCTACTTCCCACCGACGCACCGGGGTGACGGCGCTCCGTTAGAGTACTACTCGACGGCGGATGAGACCAGTTGGCTCCCAGTGTCGCCTTTCTCGTCTTGAGGCACTACGCAATTTTCCGAGGAACCCCTTCCTGCGACTAGATAGGCATCGCCTAACAGGGAATCCTCTGCAGAGCTCTTCATGTGTCTCGTCGCGTAGTCCAGGGGAAATCGGTTTGTGCGTATCGTGCCTCCATCCTGCGCCTGACGACTGTCAATTCGGTTCACATTGGTGCCAGCTACCACTAAGCGTTACCTAGGATTCTCCCGGTCATCACGGTTCTTTAGATCGACACCAGCATACTAGTATGGACATCTATGTACGAGGACTACGTCTAGATTCTAGCATAAACGCCAATCCCTATGCACAATAACAACTAGTTTGGGATTCACCATCGAGCAA,1373,49.45,Mus musculus
SEQ_449043,CTGGTATGACATTTGGGCACAGCGGCAAGTGCGGCTAGGTATGAGCTGAAAGCAGGAAACGACATATAGAGTCCCCGTTTCTAGGATAGTCAAATCGGAGGTTAGTTCAGCTGGGCGAGGTTCTCACGAACTGCCCACTTACCCGGCGGGAGTTCGCCTGAAACCGCGAGTTCTTGTAATTGAGCCATGTTGCATGCGAAATTCTGAGGTTCACGATGACACTCACGTGTACAGGGTGTACGCTACCAGCTCCTTAAGGAGGTGCTTAGAGTGGGGGTACGCTTAAAAGTTCCCGGTTTGTGCCGAAGACTTGTAGTTGTCCCTAGTGAAGAAATGCGAAAACACGAAGATATCTCAGATAGGATTCCCCTGGTGGCCGTGAGCTCCGCCTCTAATTTAATGAAGGGAAACTAATATTTCGAAGCAGTGCTGCCCGGTCACTAAATATCACACTAATGCGGACCGTCACTCCAGGACAATTTTTTGGGGGAAGGATGCTTGATCGCTCTGTTATCACTGCATAGACCATGTGTTTCCACCGTAGAGGCGTACGTGCGCACCAGGAAACTAAAGGGTGGCGCGGGCATATAAAGACTGGCCAAGAAGTTCAACGCAAGAGTTACGCCAGATGACTCGAAGGGCGTACTGGTATGAGCCGCGTTGTGTTGCGGTGGGCTGAATTTCCAGCGCCGATGGACTTTGCCCCCTAACCGAATAAGCGTCTAACGACATAGATGGTGTCAGTTAAGGAAAACTTAAGCGGAATACGTCCCTTTCTGACAGCGGTCCCGCCCTAGGATCTCAAGATATGAGTTCAGTTGTTCCCGGTACCGTGTTACAGGGGAGGGGTGACTTGTACCCAGCGGATCCTCCGACTTCGGAGTCGCTACGAACTGGTAGCTTAGCAGGTGGTGTGTTCACGTCCCTGGGTGTACTTCCCTGTAGTCACTCACACGCAAAATCGGAAGCGGAACTTGAGAGGATACCTCAACGTCATTTTTCCGCACTTGGAGCAGTGATCACAACGATGGATATATCCCACTTTCGGAACCCGTAGTGGAATCAATTCTAGAACCTATTAACCAGAGCTGCAGGGACAGCCATAAGAGGACACAC,1116,50.9,Drosophila melanogaster
SEQ_514389,TCACAGTCACGGCATTAGTCCTCAGTCTTGGAACGGCCCAGTGTGCGACCTAAGCAGCCCCCTTTCGTAGATATGAGGTAGTCAGTTATGATCCGATCCTTCCTCTGTTGTAGGGGAGCACCAAAAAAGCTTCCAGAAGCAAAGTCCAAGGGCCTGCCGTTTGGTTAAGTCGATGTCGGCGTCCGTCTAATAGGCATGCAGAAGTTGCTTAAAACGTCTACTGCCCAAGCGGAACCGCAGGCCCGTATCCGCAGAGGCATAGTCCGGCCGCCCTTAGTCGGACCCCCGTGTGGTCTGGATTTCCCATGCCCATCGCGCGGCTGGTATACCACGTGCCTCGAACATTAGGCCAAGCTACGCCCAAGGGCACCACTACGGATCGAAAATGTCGTAGGGAAGAGTGCCACCGATATTGAGGGTTGCGCAGTTGATCGCTAGACGTTTAGTCGGAGCAAGTGATATTAAACTCAATCCGATTGGTGGAGGATACCATCAATGGTGATCCCTATGCCACCTGCGGATGACTGTCAAGACTTTGCTTAATTGATTTCTTGAGATGTGACGCAAAAGTATCAGGCTTATTCTGTCTCCAAGGACCCAAGAGACGGTTAACAAATCATATGCACAGTTACGTTTGTCTCGCTAGCCGGCCAGACATTACCGCATTTAAATATGTACTTCCGACTTGCCTGTGCACGTAATCCCTTGACGCCTTTATAGAATTCTGGCATTTGAGGCAGCTAAGCAGGGTGATCAGTGAATTTGAAGCTTTGTCTATTCTTCTCAATCCCACCACACTCTGTGCTTTCGGTAACTATTAGTATACCCGTGGTCCGATTCATGCCAGTTCACAATCTTGCTGCGAGGTACGTTTTGTTCTCTTGCTGGTGTAAATAACCGCACTTAATGTACCAATGATTTGGCGGTGGGGAAGTGACATATCGCAGTACGGCCGGGACTCGCAAGATGCGAAGAATGTGCCCACCCTTAACACCCAAACCGGAAGCGTAACTATACCCCTATCAGTCGTCCGTGCCTGGCCGTTGGGTACCACGGCACTACCTCGCATATGATTAGGAGACGTGGGGCTTGGGGCTGATGTGCTGTTGCCATGCCCTCCCCTCCTCAGCCACTACTCATTAATCCTTCGGAATAACTCTGAAGCACAGGGTCCGCAATAATGATTAGCGATTCGTGCGGAGAGGAAATACAAACAGCTGAATGGAACTTTAAGTCGGCGCATGGCATCCGTACTAGTTATCAACAGATCATCTCCGATGGTTACGCGAAAGAGAACTTGGCGTCCCGGAAGCACAAATGGCTTTCTCCCTCGACAATGCGCCGAATATTTGCAACACTTCTAGAGCTTACGAGTCTGGCACACGGTGGTACCGATGCCTTACAAGGACGGCACAGCTTGCTTTGCCCGTCGCGGAATGACATCTAGGGCCCGCGTGAGCACTAAACATATATTAATCCTCAATGCCAAATTCCCTGCCTGAACGCTCTTGTAACATTTGGCTCCGGAGAATGCCGAAACACCTACATGCTAGAGCAGCTCGCTATGCGTGAGGCATACCACACTTGTGTATCTAGCCGTCCAGCCTGAAATCATGTTTCCTGTCTTCTGTATTAGATTATAGTCGCTTGGAAGCAGGGTGGAGCACCTTAGTGCGCACACGGTCTCAACACGCAGTAGCCGTGGTGACTCGGATCGGAGGACCCATTAAGTCCAAAAATCGAGCCAACAACAGGGATCTGGTAAGACCGAACTACTGTTCCGCCCTCAGAGCTGGTGTAACTAGAGGCTACCCTCCGGACTATGTCCCCGCACCAGCGCCCATCGTCGCCAATGAGGGGAGGCGCTTCCAAAACAGTGTGCTTCACACCAAGAAGAGATCATTCGTAATTTCTAGGACGAAA,1923,50.91,Drosophila melanogaster
SEQ_220760,GGAGCCGCGTTGAACTTGTAACCAAGAAGAATTTCATGTAACCTCAGTCGCTGGACCTTCCTAGACCTGATGACCGGCCTGGCCCTGCTAAGTCTGGTGTATAAGATTCGACCACAAATGAAGTTTTGTGAGCCGGCCTGGCGAAGTCCCTGATCACTCTGAATCTATCTTCTCCGCGAGTCATTTCCCATCGACCTGTATTACTGTTTGATGACGCTTTGGACTCCACGCTGACGCAAACGACTAGTTCAGCTAGCGTACACTATCTCGACTAGTAAGGGAGTGTCATTGTAAGCCTCTGTGAGAATGGGGCCTATTAAGCTTAGTAGAAAAGTATATAGAAACGTTGTAGGACGCAAAAACTGTCTCATATGGGAGCGTCCCCCCAACGATAGTTAGTTCGACTATGAGCTATGACTATTCGCGTATCTATAACCGGCTTCGACCCTAGCATGACGATGGAAAAGGGCTAGACGGCTTTGTAGCATCATTCCGCGAATTCATGTTCGGATGAGCCATCAGCTGACGAGTAAAGATTGGCTTCAGCGCACAAGGATCCGTCTCAAACAAGGATATCAATTGCTGGAGGGGCTTGTCCTTTTGTAGCGCTTCCAACTAGGGGCTCCACTCAAGCTGTGTATGACGAGAACTGACTGAGGAGATCGCGTTGAGAGAAAAGCCTAAGAGCAAGAGTGAGGGTAATCTAGTCCGGATGTAGGTACACTTACCTCTAGAGCACACTACGTGTGCGCGCTATTAGAAGATGGACTACAATTTAGGATGTTGCGAACTGTTCTCCCTCTAGTTATTCTCTAGTAAAATCCAACGTACTCGATGTACATAACGAAGGGTCTTAGTTACCTCACAAGCCGACAGCTCGGGTCTAATACATTGTTTGCCGCTGCGGTACCGCCCACGAGGTGATAACATGACTTTAGGATCGATATTCCAGATAATTAAAGACGGCCCATACTTTGTAAGAGGTAGTGTAGGCATCTGACATCTAGACATGGCGGACTGTCAACTGACGGTTTATCCCCTAGTCT,1046,47.42,Homo sapiens
SEQ_628448,GACCGCCGGCGCTCGGATATTAGCTAAGGGCAGATCATGCTAGCGCTCCAAGGACAAGTAGATCCGATCAGGCCATATGAGACGTGCGAACCAGGCTTGGTCGCATTGATAGAGATGAGTCGTTCCACGCAAGCGCTAGCGCGCTTTCGGACTGAGTTCGAAAGCAAGTCTGTTGTATAGTGAAGACGCCTAGAAAAGGATGCCGTCCGCATGCTAGAATCTAAATGCACCACCAAGTCTC,241,52.7,Escherichia coli
SEQ_315045,TCATGGATGTAGGCGAGCGTGATAAGAAGGGCAGGTCCGTGGGTGTGTAATAGGTTAGCCCTTAGATGAGACTCTGGGCTGAGTTGGTTTTAAGGCGAAAGCGCCCTACGAAATCCAGATGGTTAGCGAAGGCGGGCTTTAGAACTTGCTCCGTGAGAGTCGGGCACAGGGGGATTATTGCTACTGCCAGGAGCATTACTCGCCTCAGCCTATGTAATAGGCTTGCTTACCTAGCTTGCAGCCTGGTGCCCGCGCAGCCACGAAATCTGGTCGCCCACATCTGTTAGCGGCTGGAGGGGAGAAGACGCCACGGACAACGCGTGATAGTGTGCAGCGCACTAAAATGCTCGAAGTGACTATCCTCAACTCCGTAGACAACGTTGCCACCGCCAAATAAGAAAGCAAAACGAATCGAGCACTGAAAAGTAGATAAAATACGTCCACCCATTGTGGGTCCCGCGTGCTACTGGTTAGGGATTGGATAATACACACATAACTCGAACGCTACGCTTAACACGTAATCGTTCGAAGCCCACGGATTAGGATTGGGTCGTGATAAGCCTAGGTCGTAGAGCCGCTTAGCGGGCTTACTAGAATCCACATCCAGGTTTTGGTTACCACTCTCTCGGCCTTAATTATTGGATCCCCGCCAAGCAGCGGTTTGTAAATTCGGCAGGTCTGCCTTAGCACATTTTTAGTAACGGCCCACATGCAAAGGGTTAGGAGCGCCCCGCATAGAATAGCGCATAAATCTCTCCCGCTGTCACGTGCAGGGTCGACAATGTGCCGCGCTAAGCAAGTATGAAGTTACGACGGCATTGCGTATTGCGGTCTTTCTCATACGTCCAGTCAACCATTCCCGCCCGTGAGATAGTTCTTGTCGCCAAGAGTAAGTAGAATTGTCATGTCATGATCTCTTGGTAAATTGTTACTTGGATAAGTTTGTATCCAGTTCATCCGAACAATTAGGTCAGTTCGCTAAGTCGAATCACTCCTTGAGAACGCGAACAGGGTTCTACGCTATGACACTCTCCTCCGGCGCATCGGGGCTTTCGCCCAACCTAGAGGCTATAGAAAACCTGATAGTAGTAACAAATGTGGATACCCCCATTTCATCGTGATCCCTCTCCGGAAGAGCGCTAAAAGGCGCATGCTGCTGTTACACAGGTATCGGGTGGTATGTTACTAAGTGACTTCTTAGAAGTATCCAGTTTCGTGTGAGTATCATCTACGCACATCAAGGCGTATCTATATAATCCTGCCGATGGGACCGTCCTATGCCGTATATAACGTGTTTGGTCTATCAGATCGTAGCATGTTGTGGACCTTTACTAATCATCGAACGTATTTTCTATGCGAAGGTTGTTTCCCATACTCATAAGAGTAACCAGGCCGAAGACAGGACAATGGAAGTAATCAATAGATCGAACGTGCTCGTGCGCTGTGAGGCTCTTGTAAAGCTTAAGGACGTCGCAGGGCAGCATGCTGATCACACTTGACCCTATGC,1507,49.37,Saccharomyces cerevisiae
SEQ_982875,AGGGAAACAAGGTACGAGATACTGCATGGAGTCTGGACACACAGGACATCTTTTGGTCGCCTACCCACACCTTAGCCGGCCCACACACGCAGTGCTGGCCTCTAGTGCAAGTCTTGTTGCACATCATGGCGGACCCTCGCGCTAGTCAATGTCCTTGCCTACGCTGTCTGCGAGTATTATCTTGTTATTAGGTAGTGCACATAACCGCGGCGCGCCGGCCCTCTCGAAACGGAGATGTTTTTTAGTCTCATCGGGTCAAAACGTACGCGATGGGGTTCATTGTGTACCGCGTCAGAGAGTTCCGGGCAAGCCCGCTTCAAACTAAAAATCGACATCCCCCATTTGAACTATATGGGGCCACAGTCAACCGCGGACTATATACCTCCGCTAGCTGGCTTGCACATGTTAGTGAGGAACAGCGACCTCGGTCGGGCCTAAGGAGTTGTGGCTGCTGATATCTAGGCAAACACATTCTAGGCTTGCGTCCTCTCCAGTTCCTATGGCTCACACCGTACACCCGCGCTTGCAGCAATTGGAACAATGTTCCAGATAATTGGTATGGCAATCGAATGTCCACGTTTGGCGATCACGCGCTCGTGTCCTAAGGACAGTGTGGTAACGAGTTCTACGGACGCTAGGCCGTAGGATTGGGCCGAATTGACTCACGACTGAAGTGTTTGCAAGCGCTCCCCAATTGCGTATCGCGGGTTCAATTGGGTAGGCTAAGGGTGACCATAAAGCCGGACCGAAAACGTATCCGCGAACGCGTTTAGTCTGGGGATGAGAAAAGACCTTAACGAAAAGGGTATATGCCGAAAAACAATTACATCCCGCGTTCCAGAGTATAGAAGAGCTAATGTATGTCCGAGTGAGGGAGGGCTTAAAACGTATTCCGCGCATACGTTCTTCTGTGTACGTCCCGGGCGCGGCACAATTTACCTCTAACACATTCTCGTGACACATGGACAATTGTAGACAGGTAGTTCTGCCCCAATTATGACGGAAGCTATAACGGACTTTACTAGTAGTTAAAGTGTCAATTAGACTAGTGCAGCGAGGGCTAAGATTGTTGTATGTAGGTACGCGGATGTGTCTGCCTCGGCCGTCGATGAAGTCCGACGGAGGCTAGTAACGATAACAGGA,1143,51.18,Caenorhabditis elegans
SEQ_246597,CTAGCGCCAATCTCAGCATCGGATAGGATTAGTCGTGAAGCTTAGGGGCGGTTACATATCGCATTCCTTTGCGGGAGTCGGGGAGGCGCAGAGGATTGGCAGACGATCGCGTTCAGCATCTGCACTGCTACTTGCCGCTGGGAACAATTTGGCCGATGGTACTCAATCTAATTCAGAACAGACTAAAACCATAAACATTGGTGACTACGCGCGTACAGGACCACGGAAAAAGCTTTGAAGCTCAGCGATCGCCACCTCGAAATGTCTGACCAGTGTGGCGGTGGAGGCAGCAGCTGCCTATAGGCTTCGGCCAGCCCGCTGGGCGGTAGGCGTTGACGACAGTGGCCTGGGTATAACTGACGATCATATCTGCTACAGACCAAGAGGCTCGGCGTGCGGTTTAGAGACAAGATATCGCCGTTTAGCCAATCGACCTTCATGATCTTGGTAGACTAATCCACCGGTGGTAAGGGAGCTAATCGCGCACCGCGTGGAAGGGGCATTCTACACGGGATCAAAAACAATGGCTTAGCTTTTTGGGTTTAGTGCTCGCATCGTACAGTCTCCGGCTGCAGGCTTCCCCGGATCCTCAACACGGACGACACGACGTCACCCTATCCAAACTCTTTGTACCGCCAGTTTCATGATCAGCGACCATCAGAGTCCAGGACTGGTGGTGCTCTCTAATATAGCCTCGACGCCCAATCGATGTGACTGCCGACCTGTCTTCCGTGTACTGGGGTTGACCTACCCCAGTCCTGTCAAAAAGAATTGGCCCAACTAACCTTACGGGCTCCCCGGCGGCTTTCGACATGGTACCCACGCTACCGTATAAGAGGTGGCCGGGAAGAGCATTTGCCTCGGCTTATGGTCCGCCTAGATAGCGTATCAATGTCCTGATAGGATTTAGTTCTCAAAAAGCGCCCAGAGAGAGGATGAGTCAGACACAGATCCTCCCCGGTGGACCCGGATTTTTTTTTGGTGTGGGAGTAGAGTTAGATGGCCTACGTCTGAGAGTCAGAAGCTGTAGCCACTATCAAAGGTACCCCGAGACCGCACAAAATCATTCGCAGAATACTTTCGGTCGCTACACTAAGGTTGCTTGACACAGTGCACCTATGGGATCTGCGCCAGTGCTACTCCTGTGCCAGAGATGACTCATTAGCTACATCTTTTGTATGGATGGTCCTAAGAACTCCGTCTTCTATTAAGGACGGCGGTGGTACGAATATGGGTAGGGATGACGACGCAAGTCGCGAAGTGTCCAAGCAGCTTGTGGGGCATTCCGCCGAAGATACTCATTGTGATGGCTATTAAGGTGCCACTGTTCGTTGTGTGGCACACGAGGATCGAAGCCTTATACTCGGAGTTAGAACAGACCGACGTTCGGTACGGGGCCACTGCGCCGTATCCCGGCGTTCAGAACCCATGTGCGACGTCTTGTCAATTTGGGAGAACTCTGGTGTACCCTGGGCAAGGTGTTGATCGAGCCGTTCCTGCACGTCTGACGCCTGTCATTGTATAGACTTCGTAGGGATGAAGCGTTGGACTACGTGTTCTTTAGCGGAATATGATGCCGTAGAGGCCTGACTACCAAACGTGCGGCGTTCCTCCTCTTTTCGGATCGATGCCTTAGGGACGGCCCGAGTGCCTCCATCGCACTAGTTGACCAGTTTGGCATGTGTTGTGGCCAAATAATTGCCCGTTTACG,1711,53.07,Homo sapiens
SEQ_620987,GGTAGATGTAGTCTGGAAAATAAACTGTCAACTAAGCATGACTACATCCTCCCTTACCGATAAGTTTCTCAATTCCAAGTTGAATTGGAAACGGAAGTCCAGTTTGTAAAGCGGATCGGAATCCCTTTACGGAGGGGCTGGCAGGATGAGAGAACCGTCTGCCTAAAGCCAATTATGTGAAGGGCGGTAAATCACGAGGCTCCTTCGATTTCGGCCGTTGACCGTGCAACAAGTTCTCAACCACGTCCTTCCTATTCATTTGATTGGCGAGAGAACCCGATTGGCAATCTCAATTCCGTACTACACTTGTTCGCACACGGCTTTCGCTTACCCTCGTTTTCTGGATGCGGTTCCGGGAAGAAGCAGTTTCGAAAGTAGTTCCGACAGACTGCAGAATCTCACGATAATCGTCAGGCGCGCCACCATGGCAATGGAGAGCGCGGAGAACTGTCCACTCGCATTCTGTGAGGGCAGCCTCGACTTAAACAGAAAATCTTGCTTTCACCGCAAGCTCAGCGGAAATTGGATCTAATCTACCCAATACGCTCCTATAGTAGGTATCGTAGAGGTATGTCTATCACGACGGTCTGTCCCTGGTGCTGGCAGAGTGGTTTAGCGCTGATAGGGTGGTCAAGACGAAGCTAACTGAGAGAAGTAACAGTTGATGCGCAAGTTTCTAGTTGCCACGCCGTTTAGTACAACTCGGTGCATAGGCGATCTACGCAGCATTATCGCACACAAGGTACCACTGTTCCGGCTGGCAAGCATCTCTCCTCAACCGTCGTAAGACAGTAATTAACCAGAGCTGGAATTGTCTCTGCTTTGACATCGCTGGCCCTCTTGCCGGCTTTTGGGTTGTCTGGTAGAATGCCACCCTGTACGCCGTCAAGGCGTAGCCTAAAAAGTGGGGTGTCTATCGTTCTCCAGCCCTTGTACAGCAGTAATAGTATCAAATGCACCATATAAAGGCTCTAACCCACGGAAAGCGTGTCAAGCCGGGCGCAGCGGCTTATCGTTCTGGGGGTAAAGACTACATGTACTGATTGGTCGAAGCGACTATAGACGTATGGAGTTTGTGTACTTCCTTTCGGCGTTCTCCCACTAAAAGAGTCATCGAACCTGAATCATCCCGCCGCAAGTTGGCTCTGAAGGTTGCTATCTTGTGAGCTGTGCTGCGGTGTAGATAAGAACGGTCGTTAGGGACGGCGCTACATACGAAGGCCGGCCCCGGAGCATCCCTAAGGTTTGGATCGTTCAGAGATGACATGTAGCGATATCTCGGTCACGGTTGCGTTCCAAAATCACCGTTTGGGTGCGCTGACCATACAGGAACTAGATCACCCAGCCGGTGTTATTACGATTTCATGCGGAGACAAGTCTTGCATCTAATTTAAATCCGGGTTAGTCGGTATGAACTCAGAACTAAGCAGTAACGGCTTGCCGGAGTCGCAATCGCACTCGGGATACCTTAAATCACTTGCGAACCCGGGACAAACGGCCTGGATACCCGAGGTTGATAAGCCCAAATCATGTCGTGATGCTAGTGAGTTCGCATGCTGCATGAAGCTTGTTGAGCGGATCATCAGTAACACACTCATGTAGGTGGAGTTACCAACTTCCATTTGGACGGAGTTCCCTGTGGTACACGGATCTCCTAATGCCTTGGCTGAAAGGCCATGTTACACATTGCGGAGGTATCGGCCCATGTGCGTGGGGCTCTATCCGTCCCTCCCGAAGTGTGACGACTTGTGCTGCACCTCACTGCCCGCACAGCTCTCTCTCTTTCTCAGCCGCCCGGGTGATTGGCGTTTGGTTCCGAGGGGTGGGTGCCCGTTACTACCACAGTTACTGGACGAACAGTTCTGATCAGGGACAAGAGGCTTCTCAGTGTTTGTCGATTCACGAGAAATCTTTTGGA,1918,50.73,Arabidopsis thaliana
SEQ_422130,TACGATATATGCACATATTGATCAGTCACACGTCGTAACCTCAGATACAGGCAAACCAATTCCCAAGCACAGGGATTTCTCAGAAACCTTTCCACTCCATCGGTTGTGCGGCTCTTCGACAGCTTTACGGCGGCTATTCCCGCATGTTAAGATGTTCCGGGGGAGCCCTACCTGTTAGCTACGTTCCGCATGTTCTACGAGCTCGCGGTGTCGGTCTCTTGAGGCAAAGAGTATGACTCTCCCACTCCTTAAAACCCAGCTCAAAGCCCAACGAGGAAGGTTTTCACCAGACGGCCTTATACCAATTCGCGGTACCAGGTCAGCCTGTTAGTTTAGACTCCTAGGCGTTCCCGTCAAAGCGCAGTAACCCTATGGCAGTGCTGGCCTTCCAAACGCTCGCGTAGAACACCTCCATAGCACTAAACCCTAGGGTCTAAGTCCCCGACAGACGCGACTTAGGCCTCTCACAAAAGTCTAAAGTTGTTGCATATTGCAGCTCTGGAGGTGCTATAATTTATTGCCGTCCGCGAACAGTAGCTGGAGAAGATTGTTCTGGAGCGCGAGATCCAGCTCCAGACTGCAAATTGGGCCGCGCGTTGGCTCTAGGGTTCAACACGGTGGGGCGATGACTAGCTTACACACGAGAAGATGAAACCGTCGAGTTACTTTTGAGCAAGTGGCAAGGGGACACGAAACGGGATACGGAATTTTTGATTCGTGAGGCTAGTCGGACCGTGTAAGTTCTGTTAGGTTAACCTCCTGAAGTGCGGTGTAGAATGGGATTAGAGCAGCCTCTCAACGGTCGATTCATGGCATTCTGGTTGTCGCCGAGCGTACAGAATAGGGATAGTCAATAAGCAGATCACACTGCAATTAGATTCGACGACACAGAACGCCAATTGTTCACGAACCAAAAGACGGTTCAGTCGTCCGAACCGCATGCCGGCGTAGTAGGTTAGGGTGTGGCTCGCTTGTCACGCCAACCTCGCGTCAAACGCGTGAGAGAGATGTGAAATGACGGTCTCTTAGGTCCCGATCTTGTGGTGCGCTAGCCGAGGACGTCAGAGCAATGGCCGATCGTGTATGCGAACCTACGGCTCTTGTGCAATAACCTTGATACTCAAAGAACTCTCGTTGCCAGCCGCCGTCCCGTGAGCCAGGATATAGTTTTCCTAGCGGTTGAGCATTGGGTGTATGCCGGTGAATCTGCCACACGATCAGGGCCTACGAACTATATCCCCTTACATCAAGCGATTCGATTTCTCGCGATCGACGCAAGCTCTACTTATATCATTTTAACAGCTTGTCTACGCTAGGCCGCTAAATTGATGAACCGGCCTCTTTGGGAGACTGGTCGAGTAACGGACAGATACCAGTCTTTAGCACCAAACAACCGTTAGCCCTTCGCGCCCATTCAACGTGCTTCAAACGGTACCGAAAGTCTACGCAATCAGAAGGATTAGTCATTCTTATAGTCATTTTCCTGGCAGGCTGCGTGGGAGACCCATGCTAGGGTTCATCTTACATACGGAAACTTATTCTAGGATCGCTGATGGGTCATATTAAGTATGTAACTGCCCTTCTCCGTGCTAAGCCGCAGGCAATCTTGGACTCGTTGCGGAGATTGACTAGACTCGCGACTCAGGGCGGGCGGCCTAAACTGAATAGGTATGGCTGAGAAGCATTGAACTGGAAGTTAGACTGGTTTTGTAAGGTGGCATAGTCCAGCATTTGTTCCAAGATGACAGTCCTTGGAGCACATGTGAATTTTAATGATGCGCCGTAGCACGTTCTTACCCTGATGAGGTATGTAAGCCGTAACACGTAACATCAGTCACCTATACCCGGCCCAAGTCTAAGCACGCAACGGTTCCTTCATCGTGCTGGGCGGCAAATATTCTCAATAAGGCTAACCACCGCC,1921,50.6,Drosophila melanogaster
SEQ_853618,TGTGTGCAAGCCTATCTACAGAACTCATGCCGTGATGCTCACTACGTGTGAGGCCCTCTGTACTTATGCAAGCGTAACCTGACATCTGATATCGTGCTGTCGCGCGACGCACTCTCAGATCTGTTCGACGTCACCCCGGATACTTATCTAGGTTACCTACAGTTAGGGAGAGTTACGGCGTCTAGAAGGCTCGCGGACTCTCAATCTATGTGCCCGAGGTTTGGAAGTCCTAAATCTGGGGGTTGACCCCGGACAAGGCAGAAATACTATACAACTACCATCAGAACTCCGGGTAAGCTGACGGCCGACAGAACCACCACATAAGCGTAGGTATAGCCTATACTTGCTGGAGTAGGTAAATAAAGGGCACACTCGTTTTAACACAGGGCTTTATGGACCATCCCACTGCGAGGATGTCCATCTAATCGCGCCAACTCGTCTTGAGGTCTTGGAACGCCTGGCTGCTATGCGAACACTATAGGGGGATTCGTGTTGTTAGGGACGCGTGATCGGCATCCCGGTTGCTAGCTGCTAGGCACACCGGCCAACGGCCAACTTGGCTTGATCAATGCCCAGGTAATCATACCAATTGGTTATCTGTCCTCAGTGAAGCA,614,51.63,Caenorhabditis elegans
SEQ_603353,CTCTTTATCAATCTAGATTTAGGGTAGATTCTTGGAAGCTCGTAGTGCACATGTATTGAGCCCGACAGTACTTGCATGTGCGTTCAAAAAAAATATCGGTTAGTTGTCGCGTATCGTGGGGCTAGGGTCGCAGGCCGCTTGAGTAGTGGTCGCAGAAAGTCGACAGGAACATGGCCCTCTTTGCTCAGTAACTTCTCTGCACCTAGTAGCAACCTGAACGTATTTATGCTTCAACTTACCTATCCAGGCATGAATGCGAGACCCTAATCAGGGGATTCGACCAGTAGGTAACTTACGGCGTGGCGTCACTGACAAAATCCACTATGTCTTGGGGCC,336,48.21,Escherichia coli
SEQ_977725,TTGTCCCCATCGTATCAGCCAGTTCGGTGGACGTTCCGCGAGAGCGTTTCGGAAGCAAAACGCTCCCGCTATCCGGGAAGTACACAATACGTAGACTTTACGTAGTC,107,53.27,Escherichia coli
SEQ_161606,CGTCGTACGGTATGAGTGGTTGCCTAATTCACCCTCCAGGTTTTCACCGCGTACGGTTTATGTGCATTACTCACATCTAGGTGCCTGGAGCGGCTTATCCCTGAAAGGTAAAGAGGCTCGAGAAATTTGTTTGGTGCCAAATTATGATAATATAAGACGGATATATAAAACCCTTGCCTGACGATCCGACCGCTCCGATGCAAACTCATTGGTTTTAGCCTGGCAACCGGCAAAGGTTTAGGTTCTGCGGAGATTAGTTGATGCTTCAATACGAGAGTTTGCTGGCTCGGCCGAAAAGCACGTCGGCTTAAGTGTCTTCTTACCGGATTTAGGACAGCTCCTTACCAGTGGAGCCTGAGGCTAGACCAACGCCATAGCTGCTGTGGGATCTTTGGTGAAACACGGCGATTCATAAAGTTTTCGCGAACGAGATTTCTTCCCGTGTCTGCATGTGAGCGCATTTATGCGCACGCGATGGATGAAATGTGCACCGACAGCGGACTCGTCACTAAGTCTTAAGGCATCATGCTGCGCTCAGTATGCTTCCTCTTCCATTACCCCGTTACTCAGCCTACGACCAAATGCGTAGGTTTTCGAATCTGGCGACTTTCACAGTACCTCGACCGACCCTCTTTCCTTGCCATATGTTGACGACCGGACCGATGCTCTACGAGACGTAAAGCTTCTGCCGGAGGGCAAACATAGGCTTAACGCGGGATGTGGTCTCTCTCCAGTCGAAAATGGGTGCCGCTAGAGAAGTTAGCTCAAAATATCCAAGCAGGTGGGATTTCCGGATAAAGTCTCTCCTATATGCCGCCGTCAACCGCCCGTTAGAAGCAACTCCTATAATTCATTCCCAGGATGGCAGTGTGACTTCATAGTATACAAATAATGGATACGTGTTATCTAGAGTAAG,916,48.91,Drosophila melanogaster
SEQ_133028,TTCTCCGCGTCCGAAGTTAAGAAGATTCTTGCTAGCTAAACGTTGTGAACCATGGTTGCCATTCTGGGTCCAGTCAAAAGTAGCTCAATGCGAGCAGATTCGCACTGATCGGACCTTTTGTCTTCATCATATCCCGATAGATGGCGAAGTTCTCTATAACGGCTCCGTCACAATTATAAGCTCCAATTTTTTGTGAAATGACCATACCAGTACCCCTTAGTTAAACAGTGCGTACGGTAATAATTAGCACGGTCGTATTTCTAGTACTCATAGAGTAGTTAGGAGTAAATCCTCTTACTACTTGAGCTTAAATCCATAAGCCAGGTATTAACCCCAACAGCGTGGACGCACGAGCTCGATGTTATTTAGGGCGAGGCGAGACCATGCAGTCTCTTCTTCAGTATATGTCAGATGGCGCGTATTGGTGGTGAGAGATTCGTTACGCTGCACTTGGGCAACTTGGTCTTTTACAACGCGCGCGTCTGAAATCCATATGGCCGCTACGAGTCGATTTGCTGGTCAACTATGTCACACTCCTCATTATCCCCCAAAGAAAGATTAGAGACGACTGCCCGCTTGTTCCTGGTTGATGCGCGCGGAACGAGAGTTTGGTGTCCCATGTCGGTGCTGTTGTGTGACTGCCTCGTAGAGAACCCGTGTCATTAGCCGAGGATGGACTGGAACGGCCCATCACCGTGGCGTTCTGAAACGTGTTAGGGATCCGAACAGCCGGGATTATATTCATTGCGAATCGTGATTGAGACCCGAGGCCATCAACACTACACCAGACGCGATGCGGGAGCGCGTTCTTCAACGTGCAATGTCGCGTAGGCATCGCCGAAGCAGCGTGCCGACGATGGTGCACCCTGACGGCAGATAACCGCCGGATGTTTAATATGGTTCTCTGCCTGTTAGGGGGTAACTACCTCTGGTGTAGTTATACAGGTCCTAAGGGGAATTCACACCAGCCAGATCCACATGCATTAACGACCCAGCCCGTAGAGGCCGACTAGTATGCGATGCCGCTAGGCGTACCCAGCGCATAAGGAGGTGACCTACGCTAGAAGTACAGTGTCTCCCTAATTACATGTTCACCGGATGATTCGCGGCACCTCTTAGGGAATCGGAAAGGGCCTGCAGTCACTTTACCCGAATTACAGGCCGGTGGTCCCAACTGCAGTAGACGTAAGTGAGGCATATCTTAGGT,1207,50.37,Homo sapiens
SEQ_206214,CGCCTATAGAGCCCCCAGAGCCTCTACGCGTTGAATGAGGTCGGGGACCGTACTTGTACTAAACGAACAAGAGAATCCGGAGCTGCTGGATAACTACGCGCCATAACGTACGATCCGCCACTCCTGTTATCTTAATACGCTTAAGGACGCAGTGGGATACGTGGTCCCGTGGTTATATGAATACAGTGTGTTGCTTTCGGGAGCGGCTTCACGCGTCCCTGTTGGTCCCAAGGCAGCTATGTTCGCGGGTGGGCGGTAGACACTTCCGGAGGCGCGTCGGATACTCGGTCGCCTACGCTAGGGCTTTCTTTGCCCCGAATGACAGTCACTTTCGCATCATGTTCTATGTTTGCGGTCAATAGGGTCAACTAAATCCTACTGGGAACCTTCAGCCTGCATTACTTGGAAGCTTAGTAT,417,53.0,Drosophila melanogaster
SEQ_140845,CCATTTTGTAATTTCCCATACGGAAATCCCGAGACACACTACGTTTGCGTGATCAAAGAGATTCTGCGGGGGTCCTCGGACACGTCAGTTGACTCTCCCTGGGATTTGGCAATGCCCGCGTTCCCTTCGTTGCCACAAGTATCGCGCATGATCTATTAGTGAGTCGCGACTTTCCGACGTCGATTTCCATTATACGATAATTACTTGCTTCTTAGGGCTGGAGGGCCATACATGGGGCAGTACGCTTATGTCATAGTAGCCTACTTT,267,49.06,Mus musculus
SEQ_599605,CCGTGACGGCTGGACATTTTGTTGATCTGGGCAGCAGCGATCGAAGAGGACTGGTATACTGGAGACCAACAGGAAATATCGTCTAAGGATATAGCTAGCGCCTTGTACCCCGTTTATTTTGGATCTAGGATGCACGGATATAGGAAAGCCGTTTCAATTCTAGGCAAGTAAAAGAGAACATCTACTGTTAAAGATCCGGTTCTAACCGGGTTTACATTACTGAACAGGGTGCCGGATTCAAGTCGATCGATAGATGTCTACGGGCACCGGATACTACTTTGGATAAGGTTGCGCTGTTCATCATATGATTTGTCGAGTCTATGTTTCAATTGCGATCGTGCAGACTACCATTGGATGACCTTAGGACCATCCTTAGGGGACTGCACCGGCCGAGTAACAAAATCAACCCATTAGGAATTCCGAGTGACCACCTTTTCGATTCTACTCTTAGACTGCGCTCTTCCGGTAGCTTACGGGCTGTCCATGAGGTCGGCAAAAAAAAGTTTCTGCCCCGCGCCTTTTACTTACGACTGGAGATTAAGATATACCGCCTCACTGCGAGACTGATAGGGAAGGTGGGGAGGGGGTAGTCTTGTAACGGGGCAGTATTGGGTCGGGCTTGATCCACTTTCCACCTTGTGGCACGACATTTTCCAACAGGTGTACCCATAGAATCCTCATGGAATCACAGACAGGATTCGAATAATTGTGCGCGAGCCCGTTTTGGACAACTATGAACGTGACACTTCTAGAGACACGGGATTGTGTTTCCAATCTACCTCAACTTTCGGGGTTAAGGGGGAGTATATAACTTGCCCTGCAGCAACCTGATCATTCAGCGGCAGGCATGTTGTGGCCGCTACAGTTGGGCCCCCTGTTCGAACGTGTTTTTACAGTGAGAGATCTTAGGCCTGTGGTTCATCACCGTATCCGAGCTGGTCTCATCATGCAGAACCAAGGCTAGAGTGTGCAGTGAGTGGCTGCCTGGCCCAAAGCAAGAAATCAAAATCTCATCCTAGCGCAGGTGGCGGGACTATATAATCAGTCATTTGCCGTCTTATTCATGTGGACTAAGAACAATTAAGTGGTCCATCAGCGTTTCTATCAAACGCCCCCTTGCGGTAAACCCATTGTTCGTCCTAAGTGATTCATTTACGCCCAGCTAAGACTGCCGCGAAGACGCAGTGGCTACGTGGCCGAGTTCGGTATATAAGGGACCACTGCAAACGGTCCTTGGAAAATTCCAGTCTGAGACTTCCGCCAGTACTGGGGCCCCAGGCGCAGAGGGAGCTCTCGCTTTTCATCACACGTTGGGGGCGTTAGGAAAATCTGCATAGACAGCTGAGATAGATCATCAGATTTGGGACGAAACTGCCGGACAAGATCAGTAAGGATGAGCGTGTCGTTGGCGCCCTCAAAATCGTGAGGCCTAGACTCGTTGGATCGATTTTTTCAACTGTAGGCATACTGGGTGCCGTCTCATCCCGCTTCCGGAGTGCGCTATCGCAACAGCGTAGCTCACGTCGAGGCCAATAACCGCGAAATCGCGACTGCCTGCAGCCGCCTCCCGCCACGTTTCGGTAACGTTATTATGCTTCCGATAGATTTTACGGTCGTGGT,1620,50.06,Caenorhabditis elegans
SEQ_761402,GCCATCTCCTGAGGTCAGACAGAGTGAGAATCAGGGCAACTCGTGGTGCGTACTGCAGTTCAATGTCCTGAGATCAATAATATAGCTGATATCTATGATTATCTTATGGCAACTTCTCCAAGCACCAGCCTGCGAACGCGCTCTGGGTGTGTTACGCCTCCAAATTAGGAGAAGGGCGCTAAACCGTCTAAAAAAGGCTAGTCACCGGTCCGTAGCAGTGCTACCACAATCGATTTCGCGCTGCCGTTTTGGATGGGTCGGTTCGGGCACGTTGCAGATGTAGTCTGTATGGTTAGGGTAAGTGTAGCATACGACCAAGGCCTCGCCGTGTTAGGCGCAGTTTCCGTCCGTCCACCTAATGGACCGTACGAACATACACCTTCTCCTAGTCATTGTACACGGCCCTAGGACAGGTCTATACGTCACTCGGACTCGTCGGTAACATTGATCTAGGATTCAATTTGAAAAAAATGCGGGAACACTTCAAGACTGGCTCCATCGATGGCCAGCCGTTCGAATCTAAACTCTATAAACAGTCCACTATGCTGGGAATGGGAACCACCGCAGGAAAGTGTCTATAGAATGTTACGACGGTCGGGAATAAGGGATTCGAGCCCAGGTAATTCCGTTGTTGTCTCGAGCACAAGCGCCGCTTATGATCGTCTTAGGACTCGTGACAACCCCACCCCTATTCGCCTTACAGAACGCTTACAGCCCACCCACTCAGACCTATGGGATCGAGTCAAGAACCCGACCTGCTCGTCATTACCCCCACTAACCTATGGGCCCAGTCAACTGTTTGTTCTCTGATAACAGGGCTTCCGGCCGCGTTCGAGTAAATCCATGCGAACATCATGAGCAACACCGAGACGTAGAATCACATACAGGCCACTTTTGCGTGGAGCTCGTTCTGAGGTAGTAGACGCAACACACGTACTCTCACTTGCTTCCTGCGGCTCGACCGTTATTGCGATCGAGGCCAGACTGGGCTACCGAGCACCGCATTATTTGTGACTACAACGAAAGGCTGTCTTGACCAACATGCGGTCCAGTTATCGAGTCACCCGGATCGTGGAAATACCCAGATATTATGTACGCTGAACGAGAACAATAAAACTCGCCGCACGTCCCCTAATGTGTGTACTAGTGAAGCTTAAGTACGCGTTGACAAGTCCTACCCGGCGTGTCAAAGGCGGCAATCGACTTATCCGTACGTCGAGAGTAGCCCCGGTGATGTGGAAGGATGTTTTACCAACTACGCAAACTCATGTAACGCAATAACACGAATTGAGTTGCTTATTAGCATTATGCGTGTGAAGCCGTGACTAGCGGGGCTCGCGCTGGGTACAGAGCCTCTCTGAAAGAGTCTCGCACC,1375,50.98,Caenorhabditis elegans
SEQ_984056,ACGGCGCAAAAACAATAACAAGAATCGAAATTCCGCTAGATACGCCCCTTATTTGACCCTTGATCAGAAGGCAGTCAACACGGGCGGGTTCCTCGATGCAGGGCTCGTTCGATGTGCCGAGTTCCTGTAATCCTTGGACTAAATTGGCCTCGCCGTTAGGTACCGCACCTTGGGCTCACAGCCCTGGAGGGATGGAGCTAAGTTGGTTTGTAGTATCGTTTTACTTTTGTGACGTTACTGCTCGAAGAGCCGTAATCAGGCACGGGGTCTTTTCTAACGTGCTTGAGCCTAAATTGGCCGACCGCTAGGACTGAAAATTACTCACTGCTGAACCCAGTGTGGCGCAAGGTCATTATATATAAAAACTTTAACCTGTCCCGAATCCCATGATCTAAGGGAAATGTTGGACTCGCACCTCCTATCAGCCGTGACGCCTTCGATGGGACTCCTGGTTAATTATGCATGGTCGCGTATTTAGCTAAACTGCGACGGGTGACGCCATTCGGCGAGAACAGCGGAAGTGGAATCCCACGTTTAGAATGCTCCCATAATTTATACTTGGGATTATCACACAATCTATGTAAAACATGGCAAGAACATCTAGCGCCGCTAACAAGCATTTGGTATAACCCGTGTAGTATCATAAATCTGGATACTCTCATATGTGGTGATTCGCGAGATGGGACGCTTACCTGCAAGGCACTACGTGACCAGATCCTACCAATCTTCAATAAAACCGACACCTTGCCGCCTTTGTGGCTCATCCGTCTGTGCATAGGGGCACAGGCCGTATTATGTC,799,48.56,Mus musculus
SEQ_420546,TTAGCATTGTCGACGGCGGAATTGTGTCAGGGTAGGACGTGAGACGTATATTGCTCTGCGTTGATGCGCCAGAACTCGTCCCGAGGGATCTTCTTATCAACGTAACCGTCTTTAGTCGCCGAGACGCGGAACTTCGACAGTTTTCTGGCGAAAATATACGTTCCCTGTTAGCGTCCTCTGTAGAAGGGCCAACAGATACTCCGCTAAGGGGGCGCGTGGCGGCGGCGCCCTAATGGGCCCACTGTTCGGCGACGCAGATACCATCAGTGATCGACAACGTCGGTAGTCCCTGCCCACTGAGCTGGGACACTGGTGGCTAAAGAAATACTATTATGCTCAACGTCGGGTTATGAGACCATTCCCTAATGCCCAAAACGGAGCCAAAACGGTAGCCGCCAAGAACTGAAAAACAAACGCATGCATGGCGCGTTTTGTGGGTGAGACCCCTTGCCAGGTCTGTGGATCCTACTCACTGAATTCGAGGACGCCACGTCTGGCAGCGATCTGTTGCGCGCGTTCATAGCCCCTGATCGGAGTCATTTAGATCTCGGAAGTTGTCGCAGTCGCAGGACGCTTCAAACAAGTTTCGCTAAGATGTAACAGGAAAGCTCAGTCGCCCAGTCTTTCCAGGCCCACACTCCCCCTCCAACCAGGACGTGACTCCGCCGTTCCGATAATAAGATGAAAGATGATAGCAGAACTATGAAGGTTCTTGCTACACCGACTGGAGACGCACCCCCGCTTCCCATTTCGTGGCATCTAGATACGGTCGACTGCTTCCACGCTTGCCGGCTAAGCGGTGGGGTGTGAGAATGTATTTGTTAGAAGGGCTATCCACTGCCTGAACCCATTACCGGTGTATTGCCTGCTTCATTCTGGGCAGTGGTTTTCTAAATGAAATTTTGGAACCGAAATGCAAGTACTCTCTATGCATCGATGCAATGGGACAAAGTATGCCAATGATAAATTTGCAGATCATGTTGGACTCTTGCAGTCGCGTAAAAGGACTGTCGTTGTATCACTCAGTCTGCTTGCTGGCCGTACTCATACCATGGTCACGAGGCTACAGAGGTACAGCACATATGTCTAGACGCCGTGGGTGGGATACCAGATATAGGCTTTGCTTTTCATGACTCAGCAGGGTAGTAAAGCGCGAATTTTCC,1163,51.59,Drosophila melanogaster
SEQ_791845,GTTGTAATCTGTGTGATGGAAACTTTTAGGCTCCATTACCAAGGGGCGGAGATCCTATAATAATGCGAAGAAGTTGATAAGAGTCAAACACTCATCACGGAACGAGCCGATCCGTCAGCTAGCCTTCGTTGTAATGACTGGGCCTTTCCACGGCAGTCTTGAGCGCCCTGCGGTCCCCACTTGAATTATTGTATTCCCTGCAATTAGACCCTTAACATTATAATCTGGCTCTCTCTAGGTACAGCGTCTTCCTGGTATGAACTGGTGTAACACCAAGGATAACTCGTTTCCTATGAAGATATCTTCGTTCACGCAGGATAGGTACTTTACGTTATTTGTTTAACAGTTAAGGAAGAAACACTGGATAGGCTGACGCGGATAGTACCTCGGTCCGCCACTCTTCGCACAAAAGGCGGCAGGGATAAGT,427,46.37,Mus musculus
SEQ_292125,TATTACAGCGGCCCAATCGGGTGTTCCTAAGAAATGCGTCACGCCGAACCTTTATGAGACTCAAGCCCTCGCATCGAGAGGATGAAGCGGAAGACTCCCCTCCAAGCAACCACCGGCTCCAACTGGTCATTGAAGGTGACTCCACTTCTCCCGGCGTCGACTCTCCAAGGAAAGAAGATCCGGGTCCTTCCGCCCTGACTCACGATATCCAGCTGCACCGTAACGGCTCCTCAGTGGCGCGACCTAGATGTTCCCGACATGCGCAGCGATAGTCTAGTGGCAGTAATCGCCTGTCATATACACCTACAAGCGGGAATTGTTGCTCAGTGACTCCCATCCGTAGGAATCTCTCCGCTAGAAAATTATATCTTTCCCACCTACGATCGTACCCACCAGGGGAACCAAATGTGGCCTGAAGCTGAGGCAACGGACCCCGTCCTGGCTTCGCTTCGGTGTCGTACCGGGTACGCACGGTCTCGGCGGCCGGTCGGTACGGCAGTACCCGTTAGATTACACGGATTGATCAGAAATATCCTGCCTGGGCACTAGCCTGGCACCTGTTAAACAGAGGGGAACGGTAAACTTTTGTACTACCAACTTTTACTTCCAAGACAACAGTGTTGGTGTGCTAAATCGTTGAGGAAACTAAGTAAAATTCGCGGGAGCGCCTGGTCCAACTCTGCGGCGTTTACTTCCCAAACAGCTCGGTTGGCCCACCGACAGAATGGATAAGACTTGAGGGACTTCCATGTAAGTGATGGCGCACTCACGCTTCACTACTCGCGATGTACACGAG,796,53.77,Saccharomyces cerevisiae
SEQ_513978,ACTTGAGTGTCGGGAGCATGACACCTTACAGGTCACGATTGCTGGCAAATTTTGTCGTCAGAGTGGCGCTAAAGACGATGAGTGTACCGCCGTGCGTATAACCTTCACCAACTCGCTTCGGGGCATTCGTCTGCCAGCAACTGCGCAAATTAACGAGGGCCATTAATGTATACGGAGCCGAGTGGACATTCAAGGTCCTCATCGAACGGGCCGAGACCGACACAGCCCTGAAAGTCGTTCCTGTAGTTCCCCGCATGGTCGCAGGAATGCGCTACTATGGTCATGCCCAACGGGATAATAGGACGAGCTGATGGTTGGTGTCGTTCATCTATCTTGGAAATTGTCCCGACCAAAATTGTATAACAATGTAAAATGTGATGTAAGTCTGAACATTCAAATTCAGGCCCATACCAGCGGGTAATGGTGGAGCTCCTGTGTTTGATTGGTTCTTGCATTAGCGAGCGGGGTGCTCTCTAAGTCTCCCTAAGTTCCCAATCTATTTGAACACGATACCCACCCCGTCAGGCTTAAAACGTGATTCCTCCCAGACGATGAGTAGCGCCTTTGCTTCCTACACCCGCAATGGAGACATCGTCCAAATGACCTTAGCTTAAGGACTAGGAACGCCACTGAAGTAGTCGCAAACTGGATCGGGGATAGAGAACTCCCAATGGGTTGAATCATGGCGGACGACCAAGAGCGGGGTTGCCACCCCAACAGCCAGGGTTTTAAGTATACATGAACTTCGCCTGGAAGAGGGGTATAGGCCTTGGGCGAGGCTTGGATGTCGATAGTCCCACAAAATCGATATTGCATTAGAGCGACATTCTGGCGAGAAGTCTAGGAAGATACCTATGGTCTCTCCACGGTAGTAATCACAATGCTATCGGCAATACGCGACTTCCACGCTCCATAATAAGCTGGAGAGCGGGGAGTGCGATGTTGGTAGTAATCTACAATTAAGCGTTAACAGTGCTCTGGAAGATTACAGTTGGAGACACTCGTCCGTCATCCGTCAAACGTATATCTTAGATCTACCATAGAAGTTCTGTAGTTTAGTAGCCATGATGCTGTTCGTCACGTCGACCACTTAGGTCAAAACACTGAGTTGGGCCAACACGGCCTAATAAGTAGATTCATACACAGGGGATCTCTGCGACGGAGCGCGACTCCTACTGAGGACTGTTGTCCTCGAGAGATCGATGTTAAGAGCCAAAGGCAATCTTGTTATTTGTAACCTTCCAGGACATTAGCTAGGCTGTTTGTTTGTACTCGGACCCAACACGTGCTGTAGTGATTGATATGGGTTAAATCCCGATCTGTAGGGCCCACTACGGAGAAGTATTAGATGCGGGAGCGCGGGACTCCGGTGATGACTTACGACTATGTCATCGTCATCTGTACGCGAAAAAATACCCCGATACTTATCATATTGCATCAGATACATCTCCGCTACTGCCGGGCATTAGCATCACTGGGAGGGTTTTTTACCACCGTCCACGTCCATTTAAATCGTTTTGATTTTGAAAAGCTTGGGCTCTTCACATGGTATTACGATAGGGGGAGTTGGTGTCCCCGAGCGTCTGGATAAGATATACAGGACAGGCCACCCGGGAAATTAGCCACCCTCTGTAGACCTTCATGCCGTGATTAACGTGAAGCTCGCCGCCATAAACCTTACACGACCCCTTCACATTGTGAGTGAAATGCATCAGAACGATAATCCTCTATTATGTTCTATAACTAAACCGATCGAAAGCCCTGTATGCCGAAGCTTGGCTAGCAGACAATCAAAAATAAAC,1802,48.5,Drosophila melanogaster
SEQ_758221,AAAGTTTTCTCATAGGTCAAATGACAGTGGTACTAACAGTAACGGAACTGTGGTATCCCTGATAGGTGGCGGCGTATCAGCTCGGTAAGAGGGACTTTTGGGGGGTACAATCTACCCCTTAGTTCACCATATTGACTTACGGTACGCCGCTTGCCCCCGTGACTAAATCTCACCAGGTTGACCCGTAAAAGGTCCTTTATAGTGCTAATAGTCGAGCACAAGCTCCATAACATCCCCTCGTACCTGTTTGTCGTGGGGGTGCCATACCAAGGGCTGGGTCAAGTGGCTCTGTAGCCCGGTCAGAACCTCTTGCTCCTTCTCACCCTTAATGCTTAGATATGCAGTTAGGGTCCTTGCGCGGACCCTCTTGTAAAACATGTCCCTTCGGCCTTCGTTGGAGCTCTAAGTGCCGCGTTCCTTTATGGGGGGTTAGGTGGGGTCTAAACGCCCGTCCTCGGATAGTCGGGAGTATCGTCCAGTGAAAAACGTAATCTAGAGCGGGGGGACTTTAAGATACGTCGTTTGGATCGCGTTATCAAGCTGTTTTTAATCGAAGCCCGGTGGTGGATACACGTCCGTTACGTACATAAGCAGAATTTCGATGGTACGATGTAGACTACTGGGTGAGGACAGTTGGAGGCGTACCAACTCATTCACGCGCGCCTTAGGGATCGTCGTACAAATGCTAACGTAACGCGCAAGAGATAACTTCGGTTTGTCGGAAGCGGTCAGACTGATCGGGGACGGTCTTATGAGAACGTTTGACATATTATGTTTGACAACACCACCCGTTCCCGGAATAGAGCTGACGGGAACCATTGTAAGACATAATTTCGGCACGGAATTTGTCGGGCTTCTGAAATTTCTCCTAGCTGCTTGCATCCTAAATGCACGCAGCACTCCACAGAGAATATTGGGTTTCCAGAGCGCGGATTCCTGAGCTCGCCAGGTTCTGGATAGCACGGTGACCTTGTAGATTTCTGTAATGGGGCGATCGCTCAGGCGATAACTCACCGATCAAACCTCATAGAGTTGAATCCAATGTGCCAGTAGATGAGAGGAATGTGACGTCACCCCCTTGTCGTATTCGCTCACGGGGGTTTCAAGCAGGGGTTGACCATGAGGCTATCATACTGATAGCGAGAGCCCGATAGATAAGGGTCCCAAGGCTTGCACAGGGGA,1182,50.59,Escherichia coli
SEQ_397279,TCCTGCTTTCCAGTCGGTAAAGAAGTGGTTCATAAGGTCTCTATTACCATCGATGGCATAGAGTCTCGTACCCCACCACCTAGATCTAATACTAGGGTGGTGCCTCTAAGCCCGTACCGCTGGCGCGGCCGTGGCGGCCGTTGTCGACTTCCATTCAAGCACTAAACACCAAGGTCGACAGGGGAGCGTTCCCAAGGGAATGTAGCGCCCAAGTGCACTAAACAACCTACGAGTGGTTTGATTGTAGTTTGCATCTCAGTGATTTCGGTTACGCTTGCCCTGGCCACTATCTCGAGTCCTGGATCGTCATCTTTAGACTCAGCGTGAAATAATACAAGCATAAAATTCCGATGACGACGAACACCCAAAATTAACAGGCGACGGCGCCATCGCCGCGGCTCTCTGTTGGTACCTCATGTACTGTTGTATACGCTGGGAGCAGAACATATCTCCCATGAGTATGGGCAGGCAGCTACAACATAGCAACTGGATTGTTTAAACATTCCATGCGTCACAGGTGGTGTAGTTGATCTTCCTTGAGTGTAAGTTCGCAAGAGAGCCCTGAACCATGCTCCCTAACTGCTATTTAATACGAATTTAAGCGGCAAATAGCCCGGGTTTGCCGCAATGGCGATTTAATCCTGGCAAGATGGGGAGCCTACCCCTCTGCTGTGGCGAAGATTCATTATTCTCTGGGGGGAGTTTTCTACATTTGCGAAATGAACGCCATACTTGCGGGTAATTAAGGGCCGATATTATTACAGGTCGATGTGAAGACTATGAGGCGAG,789,49.43,Homo sapiens
SEQ_574856,CCACCAACTATAGCGCTGGTCCCTGAAATTCAGTCGTGACCCCAGGAGGAAGGAATATAGACATGAGGTCATAAAGCATCCGCCCCCATGACCCTATATAGTGACCTGACGCAAATGACCCTTTCACCCGCTACACTGTGCTAGTATGTCGAGTGACTTGGACCAGTAGCATCTTATGATGTGGTCTGAAGTTGCAATAGCCGCAGTTCTTTGTTGCCACATTCGAATAAGCGCTCATAACATGTGTAACAAATTTGTAAGGCATCAGCACGTCGCCATGAAAACTCACTCGCGCTAACCATAGTACGTAGTTTATCGCCAGGAGCCATAGTGTTGTATCACTAATCTCGACTCAGCTCGTATCAGACATGGAACTGATAAGCAAATTGCTGGTAGCGTTGTTTAATTAGACGGTGAAGACAGGGTCGCCGCCCAAATTGATAGGCGGTATCATAGTCGGCGAACATTCGTAGCTAGTAGCCGATTTTAGAAAGCGTAGCAGCAGAATCGAATGGCCACGGTGCCTAGGGACCCTTCGATGCACGCTTGCGGTCAGGGATACGTATGGTCAATG,574,48.26,Caenorhabditis elegans
SEQ_130070,GGCGGGAGACCTTACTCATGTCTCGATTAGTCCGCCCAGGGACAATACAATGCGTTCCAAATAGATCATACATCTCAACTGATGTGTTGCGCAGGACGTGTCACTCGCCCAATCAGTGCAGTCGAATAAAATTTCGTTTCACGATGGGTACCATCAACCGACAAAACCCAACACAAAACGTAGTACTCATCACGCCAGTGATAAGAATACAATGTCCGCGACCGATGAAGAAGCACAGCCCTTAGCAAGTTTTCACAACTAAATAGCCATACTCAACTGGCCATGAATAGGTGTAGTATGGTGCGTGATCTTAGTTTTGCTTGTTGAACATCGTACAGTCGGGTATGGCTTACGACCAAAGTTGATTTACATCATATGGCCCTAGAGACAGGCGGTCGAAACGAGCCCAACAAGACCAGGACATCTAACGAATGCGTTTCTCTCGATTACCACGTAGATCTGTCCTGCACCAATGTCGAACCAAAAGTGAGCGACCGAATGTGACGGGTTGTAGCCATCATGGGAGAACGGACGACTTCGTAGTTTAATGATGGTGTTCGAGGAGGCGCAAGCTGGATGAATTCCCCGGTCGATGCCGCCATAATCCCTCTGAGACCCCTAGAACTGATCTTTCCGTTACGCGATCACGTAAGCAATCAGGGGGATGCCGGCAAGTTCCACAAGTCGGACCCTTCGGGTAAAGTACTTCCTAGCAGAAAAGCGAATACTTTCCGGTAATTCGACCTAGTGACCTTATCGAAAAGGTGTTAGATGATCTTGGCCGTCGAGGGGCGGTACTCGCCATATTGACGGGGGCGTAAGCCTAGAGGACATTATGCAATGTTTCTAGGGGGCTAGTGAGTACTCTATAGATCTAACGCGTTGCATTTCTTTACGATCAAATCTTGAGGGGAATCTAGGCGCCGCCAGAATAACCAAATTAATGTTGTTATGGCGAAGGTGTGTCGGGCACGGGCTTTAAATCCCGGACGACGGATGGGCCGGCAAGCGGTACCGATCTTAGTTCGACATGGCTATCGCCATGAAAGAATCGGCTTCAGCACCTGGCTATATGAACAGCGGAAGAACTTGCCACTAGTCATACCGAACTTCCCAAGGTCACGAGAACCCTCCTGACAAACACCCGCCGACCGCCTCTGTGTGTACAATACGTTGTCGCATCCGTCATTCGCTTTTTAGGTCCTCCGAGCCTTCCAGCTTTAGTGGCCACCTTTAGCCAACGGCGAGCTAATCTGGGAATACTTCTGATGCTCAAGAATCTTGAATAGTGTCCAGCAACTGTGCGACACGGCAGGAAGGAGTGATTACGATCGCAGCCTGCCGTATTCTCGATACCTATATATATTATTAAGTGAGGGACAGAGAACAAAAAAGTTTAGGAAATTTCACCTCGACGACTGGGGCCACAACAGCTACTGCGTGCTATGGGACAGCAACGGAGGTTCACGACCAATAACACACACTTGAAGGCGCCAGTACTATTTAGGTGTTCATTACTATGTTAGGTCACAATGAGTGTTTAAGGAATGGCTAGCCGTCTCAGTCAATTTCGGGTTATACGTAGGAGCCTCCGACCTTAGATCGCTGTATGACTTCCTCGCAAACCATCTAAAAGATATGGGCGTGCGCCAACCGTATTTGCTGAAGATCGGCCCGGATGGCGGGGCTATTCATATTTTAATTGAGTGTCGATCCGACGCGGGCTCGCACAGACGCCCCATCGGTAGATCAAGGCCCTTCTGAATATAC,1770,49.1,Arabidopsis thaliana
SEQ_541298,GATTGAACATCGGCATTAGATGAGGCATGAGATTTACCTTGGCTGCCCGCACCGGCGCGCATTTTGGTTAGCTTCCCGCTCACTGACAGCTGCTACGTTGGCAGAACTACCTTGCCCCGCACTTGGAATCAACTCCCCCTGCACCGCGATTTCCCTTATAGTTCAAACATCTCATTAAGCCCATATACAATTCTTCCATGGAATTTGCTAAGTGGCAACATTTTATCATTTACAAGCTCTAAGACCGCTCGACCGCTATGCGGTCCCTACTTTCCCTCGTGTCTAGCATCCGATAACTGATAACGATGGCCGTGGAGGCTGCTGACGATTAGTTTCCTTATTTCTACTTACTTTGCTAAAACTTGGCAGCTCTACCCGACTATTTACCATTATCGCCATGAA,402,47.51,Caenorhabditis elegans
SEQ_136463,CCCCTAAGAACCGCGACTGGGGTTTTCACTAGCCCGGGCACCTGTCAAAGATGTTAATTCCTTGGGTTGACGAGATCCCCTTGATGAGGCAGATGGAACATCAGCCGGGTGCGGCGTAACAGTCCGACATCTTATCAGACATTCAGAAAACGTGATAGTGCAAATGCACTATTGACGCCAGAATATTTTGTGGAATTAAGGCGGTCGCTCGGATGTTATTATGTCCGCTGAATCCGCATTTTCATAGGAGAGTTCGTCTTAAGTCAATAGAGAACCATACCGTATCCAGCCCAACTGGCACCGCTAGACATTTGATAGGATTCCACTTCCATTAATAAGTGGGTGACTAAAACCTTAGTGCCTCCAAAGGTTCATAAAGATATGGTGTATTTGCTATTCGCGCCATGCGTCTAGTGAGCAAAGAGCCGAGGGGGGATGCCATCAAGAAGTTGAGGTAGAGGATTTGCATAGACCGCATATTCCCATGGGGGACGTTGTCTTACTGCAGCTTCATACCTAGGAGCGTAGTATTCATGTGACTGGCTCATGTCGGAAGTCCTCCACTCCCGCACAGCTAAGCAGACAAGGCGGGGCCGACACTTCATCCAACAGGGGGGTTGGCAAAATCAATTTATCCGCTTTATACGTACCGGCCGTATGCGCAGTGTCGTGGGAGTATCTATAAAAGACGAGCCATGGACAACCAGAGTCTCGTAGATTCTGGTACGTGTATAAAAGTCTGGACGAAAGTCACCTCTTGCCCACCACAAATAGGTACAAGTTGATTCTGGACATTTTTATTATACCAGACCGAGCCACGCACCCGCCGTCGATGCCTGCATGATGCTCTGCTAATCTGCGAGGTGTGTCTCGGCTTACATCATTATGGTGACATAGACTCTGTAACTTCTGAACATAGCCTGCGCATCAAGTGTAAAGTGCGCCACCGGCCCGCGGCATATTCGAGCCATCGCCGCGTCGGGTATGCCGTTTTTTGACGGACAC,1005,49.45,Saccharomyces cerevisiae
SEQ_362779,TGTACAGATCCGCCGAACCCGGCGCCCTGGAATCCCGGGTGATAAGACACTTCAATATAATTCACTCTTGGCAAACCCCTGACAGTACACTATCACAGGTTCCTTGGGGTAAATTGTGGGCTATTCTCGCGGCACCGACCGGCGTGGCGCATAGGGTAGACCTCTTAATCCGCGTGGAAAAACCCTCGGGTCTTAACACACGAACTTTTAAAGAGAGCCCAGGAAGGTGCGGGCCCGGCTCGATTTTCAATTTACAAAGACCCGCGCGAGCTTATGCCCGTTTTGCACCGAGGGAGTTAGACGTACACGTGGGCTCACATGGCTCTACTGTGGATTATACGCTTATCGGCTTCTCGGTGTAACCCTGTCGGCGGCGGTGAAGATCTCATACAGTGGCATTATTGCCACTAAACTTGCGGCCAAGGAAGTATCATCCTTCTGATGTACAGGGTTTACATCCTCCAGGTGTACCGATACCATTATCCGGTCCCGGATTGACTGCAACTATACTTAGAGCATTTAGTCGAAAACCTGACCGAGATCATGATGAGAGTCCTAGTGGGGTATGCCTGTAAGTCGAAAGGCATGCTTGGAAGCTTGGTATCCGAATGGGTCACTACCCATGAGGGATAACCAACTACATCTCAGGCTACTACCAAACAGGTTTATTGCTAACTCGCCTTTACAGACTGCGCGCGCGGACCGCTATTAGCAGGGCGTATCGCATCTTCCTTGATACAATTCAGAACAGTGGACAGATCTTTTAGGGCGACGGATGTCCGGTATGATGGGGCAGACGTTACAGGAAAAGGAAACCTTACTTCACCTCTAATTCACGACTCACGGGAAACGAGAAAGATTAGTGTATAAGGTTACATTGGTCGTCCAGTTTGCTCGACAGGGTTGTGCGCGATGGATTAGG,922,50.33,Saccharomyces cerevisiae
SEQ_205419,TGGTCTTCGTTGACATCCGCAAAGCTAAAACTAGCCTCTAACGCTGGCGGAGGCTTTCGGGTCGAAAGCACAACCGTTTTGTCCTCAAGCTCCCAGGTATGGATTACTCAGGTAGGGGGGTCCTGTTGCAAGCTACGAATGAAGCGTATGAGGAATAGATACCCTATGCGCTACGGTTTTGTTACGTTCCAGAGATCACGCGCCGGTTGCTTGAGTAGGCCCTCGTGTATCGCTAGCATAGCCTGATTGGCTACGTGGTCTGCACTCCGTGTCACTGGGACGAGACTTGTTATTCGCACATTATTCATACCGTCAGCAATTAAAGGGCACGGCTACAGTTAATCCTTATAAGGAGAACTCTTTGGGCGCCCCTACCGACTTCAGAGGACGCATAGACGTACTGCGGTGAACGCTACCTCAGCAGGCGACGCCCGAACACAAGCCCCTACGACGCTCGATAAGCGAGCCAAGATTGGCG,478,52.93,Escherichia coli
SEQ_438302,GATGCGCCCACATCCGATGTCAGCATACATAATCACTAACGACATCTGCTGCTGAAGGTAGGTCATTGAGCCCGTAACTCATGACAACTCTCCATTCCCGTGAAAGGAGTTCTCAATCGACGCGTGGCATGCCAGAACACTAAATGTGTACGCCAACGTGGACGGCTCAAAACCACGACTAGGCCACGTCAACCCTGGATAGTAAGCATCTAGACGTAGGCTTATCTTGCTGTCAAGCATTGATTCGCTTATGTGAGTTGTCAGAAGCCGACAGTCAATGAATCGAAGCCTTGAAGGAGTGTAGGGGAGTGTGGCGCTGGTCGAGGATATCGGTCCGCTCAGTCTGCTTCTGGGTGTTCCCCCCATAGAGCCGTGGCATGATGCAGGATTACCATTGTGTTCCACTATAGGTCATGTTCAGCTCATTTTGACCCGTACCTCTTATATGACCGGCACAGGAGACTAGCCTGATGGGGTATAGTTCAGTATACAGTTGTAGGATACTACCTCCACAATTGTCGAAATGGAATATCCTTCAGCCCTCAGCTCACTATTCTATATTCGTGCCAAATTTGGGCGGAATCTTGAAACGTACACTTTAATGCTGTCATAGTTTTTTCACCTTCGCGGTGCCAGTCGCCAGAGGGGAAATATCGGTGCTCTCATTTTGTCCACTAGTTAAGAGCTTTCAGAGCAGAATATCCTCTAGTGTGTCCTCGGGTCAAGATCCGGTACAAGGCTAATCTCAAGAGCTTAGACTCAACCCTCCGTTGGGTATACATAATAGTGGACTATAGAGGACTCACAAATAGTCGCAGGAGAATTTGTAATAGCGTGATAATCCCCATCACGGCGAGTTAGATGTCGTTTCTCCGGATGTCCGGCACTCCTTTGTGTCGACCGAGACAACACCGTAGACTGGCAAGATCTAATTCAAATCACTCACGGTCAGACACTCCCTTGAAGCCGATGCCCGCCGCGTATGTAATAATTTCTTTATAGCTGTCCAATTTCGTGTAAAATGCTTTTTTCATGTTGCCGATTGCTGATTCCCGAGTGCACCACCAACTACTTACGCATTTATAACGGGTCTCGCGCAATACGATGCCGATACCCCGACCCAAACTATTTGATGCTTAGGTCTAGTCAGACACGTCGTTTTTACATATGGTCCAATCCTGGACCGCCGACTCGACTCGGGACGACAACTGTTTGGCTTTTGCCAAAGTGTTTCCATCCTCCCTGCGAGGTGGGAAACCGTTTCCCAAGCGGTTTTAAACCAAGAAGTCGAAAGCCTGGAGATTGAAAATGGACAGCTTCACGGGAGTCCCCCTTTGGCTGACCGTTCTTTTTTAGACTTTTGACCCGCATCAGTACATAGTCCTCGGCAGTATGCCATCTAAAGTGGAGTGACACGTCGTTTGCAGTGTAAGATGGCCATCCTTCGACTTTAACTGTGGTTTATCCACCGACCCGATAACGAAGCTTGGGCCCCAGCCCGTTGTTAAACCAGAAAGTGTTCTGACTCAACATGGAAGACAAGGTACCGGACGCATCTTCCACGCGATGAAATTATTGTGGGCAACTTGCAGACTTCTTGTCTATCTAGTTGGTTTTTAATAGCTGCTGTACGGGCGGCAACTGACTATGGTCCGGGATCATTGTGGTTATGCGGCTATGACGCGTTAAATATATGATACAGCCCTGGGGTCACTCATAGAATGTCTGGAAACATATCATAATCCTGCCCAGACTCCCCAAATATCGTTTAGCGTACTATTGGTTTACCACCAAAAATTACCGAAGGGGTCGAGCGCAGACCCAACTGACAGAGGGAGTCGCACCAAAGTGGCCTGCAAAGGGGGCTTATTTTAGCATTGTATAGAGAACCTAGCCAATTAGGACTACAAACATAAAATGATG,1923,47.74,Mus musculus
SEQ_997995,TCATGGCAACGTTTTTAGTCCGGAACCCCCCTCCAAGAAGTGCACAAAGCTTGGCAGTAAACGAATGCTGGGCTCCTACATTTGCACTATAAAGATCCTAGCCTAAACACTGTCTAAGGTCGGCGGAACGACGTGGTATACCTAGCTGGTTCCACCCTCTCCTTAGACAGATTCGATCTTGTTCAGCGAGTTGACTTGAAAGTCGAAGGTGCTCCACAAACGGCTTCTATTCACAACGAGTCGACATTTGACTCATGCTTGCAAGCCTCACGCGTACGGGTAGCGAACGGTCCCAACCATGCGATGGTTTCTGCCGTGCTCGGCTGAATCTCCGTCCGGGCCCCGATAACCTTGTAGGTGGATCCCGGGCGATCCCGCCGCCAAGTGACCCGGGGCACGCGTGGCCAACCGCCCCGACGTTTCTCTCTAGGCCATAGCCCGGTTCTTTCCCGAGATTCATATTAAGCGCCGACGACTGGCTGTAATCGCCCTACAATGCAGGCGGGGCGGACGCATATCATTGCATGGTGTTTCCCGCTTCGGTTATGTTGGGATGGCACAATACCACGTTCATAATATTCAGGTTACGAAGCCCACGTCTGAAGTACGTCTAAATTCGGACAGACTTCGACGGCATGCTGCACCTCTTCTTAGCAGAGGCTACCAATGATGGGGCACGTCACATAACTAGCTCTTTTGCTGCGCTAGTGACAAATTTTCCATCTCGTCAGATGGAGCGTGACTATCAGTAACTAACTCGTCTGTTTGAACAGTCAGATACCGTGTACGTCACCAGGTGGCAAGCCATTATGCTTAATGAAGCGGTTTGCATTGTGGGCCGCAAGATGCGACGGACTTCTTGACTTAGCACCATTAATTAACTCCGAATCAACAACCGGCCGCAAACCGAGGGTGCTTATCTTGTGTCTGCGAGCCTCCAGATAGGACGTTGAGGCAAGGGAGCCATGTGCGGAAACACTCATAAGGTCGTAGCTACCCTAAGGTTGCCATCATTTGTGAATGGCTAAGCTCCCGTTTCTTTGCCATTTTGTAACGCGTACTTATAGACGGTCTGCCGAAATCCCAAAGGTGGTGCGGTTCATAACATTATAAGGCTCAGGGTTCCTATGAACTTCTAAGATCCAGCAATGGCATCGACCGACATGGTTCACAGTAAAGGAAGTTCGGTGGCGAATTCACCCTTGGTACTTTGGTTACCTGT,1222,51.23,Caenorhabditis elegans
SEQ_598523,GGTCGATAATCTGAGACGAACTCAAACATCACAATCATAAGGCGTCATGATCGAGCCAATTCGAAGGATGCGACGAATTGTATGCGATCGTCTAGCTTACTCAATGCCCAGTACCTACGTGCCACGAATCGGTTGGTCTAGCTCACCATTATTCGTACTCGAGGACGCTTCATGACAAACATTAAATGTTCCCTGCCGCAACCGAGCTCAAGGAAGGATTTGTCTGAAGTTCTCGAGCGCAAGT,244,47.54,Escherichia coli
SEQ_591510,GCTTGAATGGTCCATTTGTGCAAGGCAGCCCCACTAGCGGTTGGCGCGGCGTCCATAGAGTAACATTACAGCAGGTCTGGGGTCCGATAGCCTGCGAAAGGTCGGATTATGCCATATGTCGTCAAGAGTCTGTCATATTATATGACGTATCGGGAGCCCTTGGACTATCTTTCTTATCAATAACTATGGCTCTTGGCGTTGGTGGGCCCACGCCGGGTGAGAAGATTCCTGAAGAGGCGAAGACGGTTTCTACCCTGCTAGTCTTAATTGCTTGACCTTGGAGGGCGCCCTTTAAAATATCGATGTATATGGCCAAAGAACACGAGAAGCGTCCAATCGGATTACCTGACGTAAGGATACCAAAATAAGGTGGCTCTAAATAGACAGCCACTTACAGTTCATGTTTGACAGCCTAGATAGTCGCCCTTGATTCGACTCGCGAAATTACGCGAGGTCAAAGATAGGCTCTTGTTTTGTCATTCGATTCGTATTGTAGCCGTGGGCGTTCTGTCACCGCGGCGACAGAGCCAACTAAGGTCGGGGCTGAACGCCTACCAGCTTCAGGATTCGACTATGTCAACGACTGTTTAAGCCGTATCTGATGCTTCTTTAGCCCTGGTAACCGCTTAACCATGGCCAACACTGGCACGACACTAGGTGGCGGCAGCTTACTCAATACTCAAACCTCTTGCGGGATCGTGTTAGAGCGGAGCCGGCTAGGTGGCCGGCATCGACGCCCAGCTGCCAATCGCAGTTAAATACTCACAGTGGATGTGGGAGTCGGATCGAGGCCACCATGCTACTAGGGTGGAAACCCCATGCAAGTAAATAACATGGTGCGAAACACTTCACCTTTCGTTAGGGCTTGACTGCCATGCGTATTTTTCAGAGCAAGCCGTTCTTGCCAGAGGTGTTTGACTAGCTATTTCGTTAAGCGTAGCCCTATGTTCATGTACGCAGGTAATTACTACTCGACCAAGCGCATGCCCTAAGCATCATTACACGCCTCTAGCGTAGAATCCGTTA,1026,50.29,Arabidopsis thaliana
SEQ_627200,CAGTATGCGGCCGAAGAGTGCATTGACGGAATTGTTCAACGCGATGGCACATCTCTCAGTGCGTCTGGCAAAACTAGAAGAAGGACTTTGCCGCGAGGGGGAAGAGATCACTGTCGCAGGTATGTGAACTTGCAACCTATCCTGGAGCCGATCGGGAAAGAGCCTCAATTTA,172,51.74,Saccharomyces cerevisiae
SEQ_182270,GACGGTTCGTAACGGCAAGTTTGACGGTATGATGATGTGCCTCAGTATCCAAAGGCAGGACATGGGTCTGAGGTACAAGGCGGCAGGCCGCCTGCACTGTACATATCTATTTCACGCGGCTTTAGAATACGGACCTCTGACCCTATAATGTTTCGGAGATCACGTTAGGCCTGGTATTTACCGTTATTCGGCTCATGTGCACAGCAATGTAAAAGGGGTCCCCGTCCTGAAGGTGCGCGGCCACGGTTATCGGATAAGAAACAAGTAATCATCACGCGAATCTCAAAGTGAAAACCAACATCCACCGTACAGATGATGCTTGCTCGTGGGTTAAGCCTGCGGGGTGTCTCTGTGGCAAGACCGAGCGAGAGCAGATAAGCAGGCTTTAAAGTCTTATCCCTCAAGGACTCTTAGGCGTGGAATTCGGTGTTGATACAGTCCACGGGTGACCAGCATTGACTCTCCCAATCCGGGCTGATTACTCCTAGCTAGCTCTTACTGGGATTCTAGCGATTTATTACCAAGCCGTTACAGTTTGGATGTGCAGCGAGGCACTGTCGTGTTGTTGTATAACTTCGAATCCAGAATTACTTCCCATGAGCAGAGGTTTGCCCACCCCTACTTTTACTCGGAACTCAGGAGGAAGCTCGTCGACGGCTGCTAGTCAAAACTTGTCGCGCCGCCAAATAAGCAAGATAATTCCACTGTAATTTATAAGGACCGTTACGACACTAT,735,49.39,Arabidopsis thaliana
SEQ_444876,GCTTACTTCATACATTGCAGATACACGACGGGATTAGGTATCCCTTTGGACTGAGCATATATATGGATCAGTCAGATCCGGCTTCCGGCGACGATCCGAACGGCTATCTCGTGGAGATTTTAGATGTGGGACATCCCAAGAAAAGATCGAGCTTATCTGATGCACAGGGGCCTCAGATCGCAAATAGAGAGTTGGGAT,198,47.98,Caenorhabditis elegans
SEQ_208915,CCCTGAGTTCGTGGCGACGAACTAGCAGAACATGAGCTTGGAGTGCATCGGCTGTCAGTGCCTTAATTAAAGATCTTATCCCCTCGTAGAGTACCCACAGAAAGCGGGGACTGCGTGATCCGGGGCACTTCTTGCGCCCGGCGTAGACTTGGGATGCTTAGACTGTAATACATCACGGCCGAGCGGGTAAGGCTTCTTAGCATTTGGGCCGCCCACGTAGTCTCAGTACAGTCAAAGAGTCGGCCCGTGCCCCCTTTGACTGGGCGTGGTAACAGGCTTACGTGGTTGAGCACACTCGGATGTTGAAGATGAAAGGACAATCTAGAATGCACGGCATGAACGGAATACTGTTGGTAAGCTCCTTAGGGTGGCTGAGATGAGGTTATGCCCGAGACACTTACATCTTAGTGTGTGCCAGGGACGCCCATGGGGATGAGATGGCTCACCTTGTTATTCTACCCTATTCGCATATCGTATTCGATCAGTACTCACTCGGTCAACGTTGCCCTCAGGGGCAGCATCGGAGTAGAGATTCAACAAGACCATGCAGGATGAGCTCAAGAGTTCGTTTGGCGTTCTCACCGTATTTGAGTATCTCAAAGGTTATCATAAGCCAGGTCTCGGTCTTGCGCAGAATGTCCAGTTCTTGATTATAACCTAATCGCGTGAAAGATACAGGAACGCACAAATCCTGGACGAGCAGTAAAATGGCCCTCACTATCAGTGACTGTTCTGAAGGTCCTACCGCGCATCGCAAGGCACCAACACGTGGGACGATAACCCTTTGGGCTAATCGACACGCTCCCACTCAGATATCATGCAGCTGAGTGGCAATCGTAAATGTGTTAGTAGATCGTCGTTTAAGGCCGCGCGACGCAACTGCCTGGGACGCCGCGGTGTGATCATCATCAAGCTGTTCAAATGGACGACCAACGCGGACATGTACGCACTCGGCTGTAGATTTGGAACAATTCCCCATTATCACCGCAATTACGCTCGTATCAAGGGTGCGCGTCGCGTGGATGAGGTCGTGAGTTTGCGAGGAATGTTGCCGGGCTTCAATTCGATGGTTGAGGGCATCTTCGGTACCGAGACGTTTAGTGAGGGGTAATCACCCCTCTATGGCCAGGATCTGTCTTAGTAGTGCGTAGCATTTATGAAAAAACCCCGAGCAGAAACGAGTCTCTTGATTATGGATCAGTCCGAGATCCCTTGAAGGCTGGTCCTAGACAGAATGAGTCCTTTCATATTCCGTTACGCGAAATGTTGTAGTGAGTTCCTAGGCATGGGTTGCGTCCTCGGAGTTTACGCACTCACGGGCTTGTGGTCTCAACGATCAATCTAATGACCGACATGGTCAAACTGTACCCGAATTCGTACGCACTGCGATCACGGGCACGGTGGTGGGAAGAACGCCGATTCAAGCGAGGGCGCAAGCACAACCATTACCGTAATTTCAGTGACCGTTGAGGACCAGATTGAGGTACAGAGACGATCTTAAAAATAGTAGCTTTCCTCACGTTGCGAAAGTTTTGGTCACGCTTGGTAGCAGCTGCTTACTTATACGAGAGAGGCAAGCCTGGTCAGATTCCTAGAGATGATAAAGGCACTC,1612,50.99,Escherichia coli
SEQ_647452,TGTGGTAGACGCGCGCTGCATCGCAATACGAGCGCCGAAACGAAGGGACCAACGCCGTAAATCTTGGTAGAACCGACAGGGCTATAAACTGCGCTGAGAGGGACAGACACACTGTCCTGAACGTCTGAGTGACATGGCGTTGTGTTCCTAAAGCTAAGGATTTGAAGCTCATGATGGATTTTAAGAACACCAAGAGCGGCCGGAGTCGTTCTGAAAAACCGTAGTAGGTCAAGCGGGGGTTTGTGCCTATCGATTACACTCTTAAGTACACCAGCTCGGCAGAAACTATAGAAAGGAATGGCTTCGAGCCCACGATTCGGGGAGCAGAGCCCGTTTACCAAAAGTTAACATATTCACACGGAGGAGAACCCAGGTAAGCAATGTCCGCACCACGGACTCCGAATGGTTTGTACTAATTATACTTGGAAGATGTCACCTAAGACGGGTCGAGTTTATGGTGTGGTCAAATCTCCAATCAATATAGCCAGGAAAGTGTATGTATTAACGCGGTATGTTCTTATAAGAACTGTCGATGACGGAATTGCAGACAGATTGGACTTGTGCCGACCGCCCGCGTATCAGGTATATTAGCATCATGATAGTGAGACGCGCACGCCACTATAGCAAAGCTATTTCGGTGAGGCAGTGAAACTCTACTTCACTCGAAATGTTTACAGCGTGCGGCGGAATCAGATGAGAACGACGGGCTGCCTAGTGAGGGGTTCGATGGCAGATAGTGCTTTTGGTTAACACCTTTTTCATTCTCAGACCGCAAAGAACGTTCGCTCTGTTTGAGTAGCTCAACGTCCTTCATGTCGTAGCTCGGGGGGCCTATGTGGCACCTAAGAGCAGGTCCGATTCTCAAACCGGTGGAACTTCCTTATGAAATTCCCTTGCACAGGTATGCCGGATTTTTAGAACGTGACGACAAAGTTGTGAGAGGGTAACGTTACGGCCGCGTGTATGGGAGGCCTGGCAGGCAAAACAGTTCATATGACTAGAGGCCTCCGCGAGTGCAGACGATATATGAAGTTAC,1036,49.13,Arabidopsis thaliana
SEQ_918720,CCTAATACGGCTCACTTCAGACATGACGGGCGTTATTATTTAAATATCGTATTACGTTTCGTGGACGTGTAGCGAGGACATGTAGAGGTGAAAAATTGGTTTTGTATCTCCTCTCTGAGACCTGTTTTCCCGCCGGGGTAGAGCGAGTTTCTCCAAGCTGGCTCGAAGGCTCCGCGGTACGCTCTCCTACACGCATCTCCAATCCAGACTCGGACAGGCACGAATGGAGAGCCCGTCGTTACTGGTGAAGGGTGGCTTAGTGGCGACACGTAGTCTTATTAGCTTACATTTGTCAGCGCTGCCGCCGCTGCGTGCTAATGATTGGCGGGACCAGTGATCGAGGGGCGTTGCACAAGAGCGGCCGGTAGTTAAAAGACTATTCCTTTCTGGCTGATTGCAGACCCTGGTGAGTAATGTATGGAATGTGCTCCTCGCGACTACTATAAGCAGTAAGTACCCTGGGCGACGCGCTAGCCCTAATCACTTAGTCACGGAGAGCAGCCCTCAATCCAGTGAATACCTCTTTGAAAATCCCAATTAACCTTCAGAATACAAATACACTTAATGCGGTTATGGAGGCGACTCATCAATTGGTCCTATGGACGTTACGATAAGTCGGCTGGATAACGCTGGAGTTTAATGAAACGCATGTGCAGAGTCGGGCGTAATAGTGAGGACAAAGTAACTAAGATGTCCAGTAATAATGCACCCATGAAGCGCCATGTTGAACCTTCAACAACCTCGGGGTGGCCCTAAAAACAATCACAAGACCGCTGGATCGCTTTTGAGCACCTTCCACACTAATTATGATGCTGTGCTGTCTGGGGCGGTGCGCTTCAAAACAGGATCAGCCGTAACCTTGTTAGCTGCTCGCCCACCGCGGCATCACCCCCGTTCAGTCTTCAAGCTTCATAAGTGCCCAACCAAACAGTCGAGCCAGGAATAAATATGAACTTAATCGACGAAGAACGGACGTTACTTGAACCCGCGACTACATGATGACCACTAGGGGGATCCAGCATGGTAATTATTTCCGTAGATCCCGACAGCAGCTGCCGAACTATAAAGAGGCTAGGGGTGCTTGTATGGGACAGAACCGCGCAGACTTATGTGGCCTGTAACGCCAACATCTGCTTCAGTACCAGGTATTTAAATACCCGTCAGCTCTTGTTAGAAACGATAAGCCGTTTTTCTACTGTCGCACATGAGGAATATACGTGAATACCCATCGTGGGAGACATGTCCAGGGACCAATCTCTCCTGTGGAAGCGGGCCCGTAATATATGGTGTCAACCGATGCTAAGATCTACCGCACTTTTACCAAGGATTCCGCCTCCTACGGGTCTTAACTAGTAAAGATCTAGTTGCGTTCGTGCGTATGTTTTCATGGAGCGTTGGCTCAATCCGCCTCCATAGCAGCCTCAAAACG,1429,49.62,Escherichia coli
SEQ_989561,TCACCCCAATGCCGCGGACGGGGTTCCAACGTGCAGCTATGTCTTTTGCCGTAAGAGTCATTCGTCCATGAATTCTTCTGTGCATGTGATCTCCCTGATTCGATATGTAAGCTACGTTTTTGCTCCGATGCTTACCCGGGATCCTCGATATAATGATAAGTCTAGATTTTGATAATATTGACCAGAGCATAAACTGACAATCCAGGACCAAGAGCCGCGCCCACTGTTGCGCCGACCTATGACCCGTTTTCGACCACTAGCTGCATCAGTCAGTTTGTTAGTGCAGGCTCAGGGGGTGTCGTCGTTCCCTCAATATGACTGTGGGTCGGCGCTATAGGATTCGGACGTTTATGCCTAACGTAGGAGACGCGGGATTCTAAGGTAGGTGTGGCCTCAGCCAATTAACGGTTGCAACTACAAGGGCACAACCAGCGAGTAACGGATCTAGTTAAAAACCGATTTGGTCGAGGGTTAAGGTACCCATAACTCTCCCCGTCCACGGCGAATCGGGCGGCGTTGGATGCTAATCGTTTATGTTCTATTCAAACAAAGGATTGTTCAATCCTCAAAACTTGGAGTCCTGTCTACTAGGGTTCATTTGTTGACTGTAGGCCTGGTGATAGTGCTTAAGGAAACTATCCTAGCAACTTGTGGGTCGATCGTGAACGGAATCGAAAAGCCTTTCCGAATCCGTGCAGACCATATGGAAAGTGTGTGAAATTCGGTGTATAAATCCGGATTTCCGATGAATTAGTTTTTATTGGACCTCCACAATGAGGACAACTTAAGACGCCCACAGGAGGGAATCCTTCAGAAAAGCGCATCGTATCTCTTACCGACATACTGCTAGCTGATGGCTTGGGGCTCCCTGGCGTGA,877,48.35,Caenorhabditis elegans
SEQ_624063,TTACGCAATTCTGAACACGGAGGTGTATAACTTCGCACTCTATACTTCATCATGCGCGTTCCGCTGGCATAGGTCCCTTTGGGGGGCCGTCTCTGTAGAGTATGAAGTTTTTATATTCTGGGTTCTCCGAACCCAACAGATAAGAAATCCAGACGATTGGCAGAACACACCGTAGCCCGCAGTTGGGTATCAAGTAGTTTAGAGGTACGATCAAACGGAAGTAAGAACTGGTGTCAATTGCCGGCTGCTCCAGAAGCCAAGAACTTCCAGTACCCAAGGATGGTTATTACCGCGCTGATTAAGGCACGGCAACCTTACGAACTGTCTAAAAAACGAAAACCAGTTATTTCAGCTCACTCGACTCTTACTGATCCTACAGCCGTTAATCCACTCCCTACTACAACGGGTCACCTCTTTCCGCTGATCATGCCACTTCTCACGATAGGAGAGTGGATTGCTCATTTATCAGGTAACTTGTCTACAGGGTAACGGCCTACGTTATTTACTAACAAAGACAGCTGGTA,524,46.76,Homo sapiens
SEQ_210902,GCTGTTAAAATGCAGAAAAAATTCTTCGCTCTGAGAAGAACCAAGACCCAAAGAAGCCCTGGCCCGTAGTTAAAGCCGTGTCCACTCAAAAGATTAAGACGTGCCTAAAATATCGGAGGTGAAAATTAATCACGCCGAACAGGTGAAGCTTAGTTCAGGTAAGTAGAGAGGATGATAGAAGAGCAAGTGGCTGTTATAGTCTCTACGCAGCCGTTTAAACCCCCGGGTCAGCATGGAGCCTCAAGAATTATCCTCAGCACTGTATTATGTCCAATATGCCGGGGCTGGAATCGCTAAACAAGACTGCGCCTAAGTACCATTGATCCGAGCTGTAATAATTCCTTCAGCTGGGGGCTCGACCATCACACAAGCCAGAGTCCGATGTCGGGATTATAGCTGCTTTACTGTCTATTCGAAGGAGCATCAATCTACCTATAACCTACTACCTGGACCACAAATGCCAGAAAGACAGGGGGACCTTACTTTTGAGCAACAAATGCACGATATCGTTGACCGTCTACACGAGAGACACTGGTTCATGGATATAGTGTTATGCACGTTCGTCGTTCGGGTTATTATTTTAAAACTAGACCTCTTCGGTCTGTAGTGGATGCCCCGCGGAGAGCGTGGCAGATAAAATATTTCTCTAAAGGCACCCGTCTAGGGGTGAGATGTAGATGCCTTTCTCGTGAAGCAGCACATAGTCGGACGAGTTGCGAGATATGTCT,728,46.7,Escherichia coli
SEQ_587789,TGCTCGTCCGGTAGGACTTTTACAACGGCCACCCGGACTTAGCCGTGAATACTAAATGTACCTATTCTCCGATCTGCCCATAGACAATTGGGATTTTTCTTGATCATATCTAAACATAATGCACGATCTGTTAACCGAAAATGCTTTATGTGAACGGCTGAGCGCGAAAGACCCAATACGGTACTTAAAGCTACCGCGAAGCATAACTGCCGGGCGTGAAGCCCAGGGGCCAGATTGGAGCCCCATCGAATAAGTTCTACGGCCGAAACAGCGTATACCATTCCCCGTCACTAGACATCCGTAGGTTTCCCTGCGTCGCAGCCAAGTATAACTCTATTCCTCCAACGTCGAATTAGGCGAACAGACTCTCTCTCCCTAGCTGGGGTCAGTCCGGCGCCATTAGTTGACAAAGATACACTGATCCGCAAGATCTGTAATGCACATTACCGTCTAATCTGGTCCATAGGTGAGGTACGTCAGCCCGTTTTTTTAGCGCACTCCTTGGTGGCTCCTCAAGATTCCGGGCGTGTAGCGCGCTTACCCATGCTAAGCTCGCCGTAGTCGAGTTATACATCTTAATTGCAATATAGCGTTATGTCCCCGCGCTCACAAGGTTGCGACCAGGAATGCTCTTTGAGCGTCCATCCGGCCACTGCTGTGTAGGTTCCGGCCCAAATAATATTAAAATCCCTATTACTGCTCGCCTTGAGTATTCCACAACAATACTACATATAGAAGCGAGGCTGGCTGCTTCCAGTAACCTCACGACTGTGTCCGACACTCGGTTTATAGAACCAGTCGTATAGACTCCCACTGCTTCACGTGGCTCCCTTGCACAAATTAACAGTTTCTTGCTACATCCATCGCGATTGCCCGCTATATACGCATACTGTTGCACGGCGATCTGTCATGTTACGCTTTAGTTTAAAGCGGGACTGCGGGAAGTCATGTGAATTGGACACAATCCGAGCGACCGCACATGGAATCTCCCGGCCGACGTCCCTCAACTGACCATAACATATTTCTCTTCCGTCGCGCAGGCGGCCGCAACACGTCAGGGTAGTAGCGTAACTGTACTCCTTGGACAACGTACTTGACCGTGCTGATTTCCAGATACCCCTGGTTGTCAACGTAGTGAAACGGGAGGTGGATCCTGTCCCTCGATTCTCCTTTAGACTCGACTTCCAACCTAAAGATGGCCGGACTGGATAGTTCAAAACGTGTTATGAAATCGGCCCCTGGAAGCTTAATTACCCGTGCTATGAGACGACGTTTTCCAGGTTACGAGTTCCAACCGTCGGGATCCCTGGCACCTTAAAGCTGTACCAGTTAATCCCCACCTGGGGCGTGGGGACAGAAGAATCGTCTGCTCTTATTACGGAGAACTCGCACTCCAAAGCCTGCTCTTATGTCGCCATACCTCTAGAAAGCTAGAAACGGACTGAGCAGGGGAGGTTTGGCTAAGCTTACCTCTCCCTCTCCAGACGTCGATCGGGTGAGATGATCGCATCGCGCTAGGGCTTTATAGACTATGCTGATATGAAATGTGAATAGACGCATCTAGCCTCCTACGAATTGTACTCATCCAGTTACGCTGTATTGAAAGGAGGCTTTATCTGTATGATCTTATACCGGACGTCGTCCCACCCGGGACTTACGCTGCGCGTCTGGCCAGGGTCTTTGGCCCTCGGGAGCAGTTCACGCCGCTGCTCGCCACGCTTCCCTGTGGTACTGCAGTACGTTGATGGGCCCAACGTGTAGAATAGAATTCATCTGTTCGTGCATCTATCGTACGCGAGCCTGCGCTTCTTAGTAAGACCACTGCCTTACGCAACGTATACCTCTTAGCCGCATA,1855,50.78,Drosophila melanogaster
SEQ_467400,GACCCTAGGGGCCTGTGGGACACCGCTCCGGAGAGCTAAGTGCTGATGCACCATGTTATGATTCACCTAAGTAGGTGTCCGTCTTGAACGCGGGCTTGGTTCAACTCTCGGGGTCGACTACCTTCAAGTGCGGAAGCCGTGTTGGTGCGGCTTGTATCGCCGTATCTGCATTATAGCTTGATCACCTTCCAGATTTTAGTCATCGCGGGGAAGTCATGCCGTTTCGGACATACCCTCGAAGGCATGTTGACGCCGGTCAACCGCGGAATTTCAGGCCTGCGAAACTGCTCACTAAGGAAGTAGACGACACCGGATGGATTGTGACGATTTGGGTTAGTCTCTACTGGAAAGAAGATAAACATACAGGCGGTTGCTCCCGGAAAAAAGTTGGGCGGGCCCCGAACCGACAGCATGTCCGCCGAGCGTCGCAGGGCGCAACTTCTAGGGTTCATATTACGATTGCGGTCTCACAAATATTTCTTGTGTTCTTTAGTGTTGCTACTTGGAATCATATTTATGCATGTGAGGGAGTCAAACCATGACCAAAGTTGATACCACACGCCTCGTCGTCATAGTTCTGTTCGTCTTTTGGAATTTAATCGCCCATCCCTCAGAGGAGTACACGCACCCGCTTAGGGCCTACGATCGGCTGAATTAATATCATCGCGTAACTTTGGGTTACAGGTCTTGCCGTCATATCGGTAGTAGGCCATTTTTGTTTCGCCCGCTCGATAGTATGACCTTGCGGAATCGGCTACAAGGGTCTTACTGTCCTGTTGCAAGCCACCTGAAGAGACTATTACATGATATTAAAAGGGCATACGGCCCCGGCGCTGATAGTTGGGTACTCATTTGCTTTTTGTACCTAGACAGCCTAGGCGGTTACCTAATTGTTTAACCAAGGTCAGCTCTCCTTTGTGGCGGCAATTGTCTTTACAACCGCTTTCCCAATCCACTGTGGTGAACCGACGCGCGCTTGGGTGAGCTAACCGTGACACCTCGTGATCTATAGGGCTCCTACGGTCGTACATTAATCCTCGTCGAACTCTGAACTGACATTAGCGTCGTGCCTATAGTTGGCAAAAAAGAAGCCCATTGTCTAAGTGAGGACGTTAAAGGATACGTTAAGGAAACTCATCTACAGGGTCGACTCGTTCAAACCTCTCCTCTGTGCCAATGCACGAACACGGACTCGGGACTTGGAATTCAAATTATTTGAAGTTGACAATTTGTATGAGTATTTGGCAAGAGGTATTTCCGCGTGAGATTCGATTGGAGCCACTCATTACGGTCAGAGATACCTACGCGAGTGGTAACCTTGGACACGAGAGTAGCTCGCCCATTAGACAAGCAACTCTGACAGTGACGAGCCTGAGTTAGGGCGACTAAGGATTGCTATGCTCGTGATTACACCGGCCTGCTAGGTAGCTAGCCGGCATAAACATTCCCTATGGGGGGCTAGTAGCCTGGGGTTTACCGTCCACTTTTGACGGACCCAGTTGGCCCAAGTAATGCAGGCGCTGTCAACTAGTAGACGTATCTCGGCCCCATGACATTATGGCATACGAATGAGACTTCCTAAGTTGGCCAAAGGATCTATACCCCCCGGACGGTCATGGTTCCCATGCAAAGTTAATTGCCAAAGCAAAAAGAGACAAGCCGCGGAGACGCATATAAATTCACGAAAATTTTACGTCCTAGGACCACGTATCGAAACTTTCGAATCCGCGAAAGCCAGAATTGGGTCTCGCCTAGGCCATGTGAGGCAGGTCCGATTCAAGTCGTGCACTTTGTCTTCACCGTCCTAAAATAGTTTAAACGTCATCCTGACGGCTGCCCACACTCCAGGTACCGATTAATGAAAGCGCCTTGTAATCTGATGGCTACTATAAAGCAGGATTACATCAA,1908,49.48,Caenorhabditis elegans
SEQ_752616,GGTCTAGACGAAATGCAAACGTCTCCTAGATGCGCACTTGAGGGCACAGCACGCATTTCCAGAACTTCATCGTCAGCAGACTATACTATTTAGGTTATCTCAAAGTAGGGCCTATGCTGTCATGTATGTAAGCAGGCGTGCTCTCCGAGAAAACTGATCAAAGTGAACTCATATACGGATCGTGCCGCGCCAGCTACTTGAATACTATTCCCAATTCGAATCGGCTAGTCGATGGCAGGATGAAGTGTTGTCCTCACAGCCTAAGGTTAGTGGACCGCGGGGACGAGTCCTGAGGGGCTGATGTATTTTAGGTAGGTACCGTGTATTTCAGCAGATCGGCAAGACCTCACACAACATAGATTTACCCGCGAGCAAGTCGATCTCGCTCGGAATAGATGGCCCACATGCCGCTTTATCCAGCCTACCCACGCTGCATCTCGCGCTCCGTGAGGCCGCGCTGGTTAGGCTGTCTCAAAGGAGAACTGAGTAAACGGCCCTCTGTCCACATCGTGTGGAATACCGGTACAAAAGCAGTCATCTAAACCCAACCCGTGGACCAATCCCCAAGACCCCGTGAAACTCACGAGGCTTGAGAGTGCCATAGGGATTTCGAATAGGACATCCCAGTTGATTCGGGGAGAGCAGTCCGTTTTGGCTTACCGACTGAAAGAAATGACTATATGTATTTGCCCTGCCGCTATTGATCACACGCTTAGCTACGACTCCTCGTGCGCGTCTCTAAAGTCGCATGTTGTTCGCTATATACGTCTTGATACCAAATCCCCGCGTGATCATAGCAATTGGCCTGCTTACGCCCTATACGTCGAGAATGAAGGTAGAGCGGATAACGAGCCCGTTATTCACAGATTAGATGTCTATCGGTTAATGCTAGTAGAGGCTATAGGGTTAGGCTAAGTCGAAGCTTACACGCCCAGCGTTCCCGGCCGAATGCCTAGTACATCTCCCACCGGCATCGGTACATTGATTCACCCTATGGCAATTAGGCTCTGTTGGTACGCACCTAACAAGTCGATGGGTCTCACTTTTGTTGAGTAAACTTGCACTGGTGAATACAACTGTTCTTCCTAAGCCGCTGAAGCCAAGGGCAACGCAGGATTGTAAACACAGGTATGGTTCTCCGTTCACTGGCCCCTAAACGCGCACTTTCACCCATTTTGGGAGTAATTCGGAGATTACTGCCGGATCTGGAGGATCGACGAGCACACGATAAACTGCGAATGGGGCCTTTATGATAACTAAATTAAAAATCGCATCGGCTGGCCGAATCAATATAGAGTAGTAGGGGCGTAGAAACATATATGCGTGATACCCCAGCGACTCCCGGCCTTTAGTTTCGTGCCTCCACGCTACGGCCTGAAGTCCAGGGAGGAGGCTAAAATGACCAATACTGGGAGCCCGTTGACCCCAAGGGAGGCCTTGTCCACCCCTGGGAACATCCCCGCGAGCCCACCAACAACAACCGGGAAGTTCCCGATGGTCGACGTGCACCCTTCATACCACGGTAGAATCCACATTACGAAACCCCCACTTTTTTTGGTCACCAGCGTTCCCTAACACTCTGTACACCGGGCGAAGGCTAAGTCGCGTCCACTCGACATCCAAAGCGATAAAAGTCCCCCATAATATGGCTCCACCTACCCATGCAACACCTAAACAACGCATAGCTGCGCGATTAACTTTTGGCGCATGAACCATACATCGGGCGGGCAACCGTAACAGTTCT,1744,51.03,Homo sapiens
SEQ_882383,GCTAGAGCATATTCTGCATATTGGTTGTAACCAGGCTCTTTATCACCAGGTCGAGAGAGTAATACGCCAACTTAAACATGTAAGGGTTGACTGTTACAATTATCTATTAGTCTCTTTGTCCGATTGCCTTGGACGGTACAGCAGTTGATAAACCGGGAAATCGTATTTTGGCCAGGGCGTGCCAGGTTAGCTCACGCCTCTCGGCTGGATGGGACGGTGAAAGGCTGGCAACTTGGGTTTGAACCCACGTTGGACTCTACGACCCATAACATGCCGTACTATTTTATTCGCATTCTCTCCTTGTACAGGACATGTTTTAGGATGGTCTGGTTAGGTCGGTTCAAGTGAGTACCGGCATACCGCGCCACCATAGGCACTGGCTCCCAACTAGTCCGGGTGGTACCTAAGAGTATCACGATCGCTAATGTGTGTCCCTCATGACTCCTCTTGGCTGTCTGACAATTGGCCTTCGATGTGTAAGTTGGGTATCAGTAGCGTCTTTACTGTATGCCTCGGCTGGTTGAGTCCGTGGCAGGACGTTATAAACGTGAAGTCAGTCAGCTTTGATGGCTCCCCTATCGTGGGTCAGGAAAGTTAGCGACGGGAGAGGATTTAGTTGTCGCACCGCACCCCTCCCCGACGGGTCTGCATATGCGTCGGCATAGAAGATTGAGCGCAGACAATGCCTCAAACCCAAAGGAACCGCCTCTCAACGGCCTGCGCGTGGTTAGGTATGAGGTAAACATTTTTAATATATCTAAAGAAGAGCGTATCCTCCGTGGCGGAACGTTTAGGGGGGCCGCACGGAGCTCAGCGACGTTAAACCTCGTGACTACCAGGGTGCCATTGACGTGTTATGATGCTAGGACCCGACTTGCGGTGTCGTAGGCAGTGAGGAGAGTGCGAAGTGAGCTTCTGAAGGTCCGCTATCATGGATCGGTGCTGAAATGTAGAATACTTTAGTTGTAAGGGGCAGTCCCATGTCTTTCTTCAAATCTATACTCTAACGGTTTATGGTATACTTGGTCTGTTTGCTAAGGCAACGTTTCCATACCAGCCGGCCGCTCAAAGCAGGTCCGGGGCACATTTAGCTCTCGATTCGAATCGACAGACACTAAATGCGGCTCTCCGAGTCACATATCGTTTTAACACGCCAATTATTTAACGAGCATCCCCCCTAAGCCTGGAGTCTCGTTCGTCTTCGTGCAGTCCCGGCATTGCACACAGGTTGGTACAAGGCGTTGCCATGTCCTCCGCAGCTAGTAGTCTAGTCCTACTAGTCAAATCGCAGCAACCAATAGCCCTATGGGGCACCGCGATGCTTAGTAAGGAATGCCGCACTCGATCGGTAGAGAGCAAGCGATGTGT,1368,50.73,Caenorhabditis elegans
SEQ_882972,ATCAGTTCGGGGAGATGTACCTGTTCCTAGCTCCGGCTTCATCCCAGGTTCATCGCTCGAAGTACGACTCATCGCACCCCTTCTTAGGATATAGGAGCGTATCTAGGTTGGTGTAGTAATACGTAGTGACAAAGGCTACCTATCAATTGCACCTAGTTTTTTATGGTGGCAGTCTCACTGTTTACGCTCTTTCAGCAAAGACTCCAAAATACACACGCCTCACCTTCTTATCACCCAGCTGCATTAAGGTCGGCGCCTTGGGCAGTAGTCCCGTAAGCACCAGGAAATTCCGAAGGTCACGTGATAACATAACACTCGACTTTGGGCATACCGTTAATTCAAGTCTTTCGAGCTTGGTGCATCTAGCAATTTCCCTTGCACAACCTAAAGCTTACACACTGGAGCCCCGGTACCCTGCGTTACCCGACTAAAACATGAACTCCCATACGGGCAAAATAATGACGAAGCTACAGGCGCACGTCGCGCCTGACAGGTGGACGTAGTGGTATGAACTTTCGCCTCCCGACGCGGGTAAGACACACCTTTCCTCTGCAAGCGGCGGCCTACCGGGACCATTCTTAATGCCCCCCACCGCTCCATACCTCCCGCACATCTTGCCAAGGAATTCCCTCTGTGTTGGGTAGCCCTAGATCCTACGGTCTCCCGGTCTCACCTAACGTTTGGCCACCCGATGTACGCTCCCGCCACTCCTTGCCGCAACTTCTATGCTGACGCGACGTTGCCGCATGGCG,752,52.79,Arabidopsis thaliana
SEQ_120070,TTGGCCAGTCCGTTGATGGGGCTTACCCCACGATACAATAACAGGCCCCATTCATCCACATGTATTCGTGAGTTATAGGTTTTGATTCCGTTTTAAGACGCGTACGGATGGGGGTACGGGAGGGTCGTAGTAGCCACTGTCACTATAAGCTAGAGTGCCCAAGGTCCGCCTCACTGTCGACCTTTCGCTCTCGTCGGATTCCTTGGATCCGTTCTACACAGGCCCATACTGGGATGATGACGATAGTAGGGTTACATTGCTTATCACGGTTATGGCCCTAATTCCTTCGGAATTTACCCCGCATGGGGTGCCTTGATTCAAATATACGCCTCTGCGTTACACGAGGAGTATCAGTGGGCGGCCTTGATTGAACGAATTCGACCTCGTGCCAAACAAAGGGACTGTGAACTAGAGTTGTAGTAGATCCGCGGTGTTCGTATTTTAATCAAGTTGATGGCTGAGCATGTGGAACCCCAATGACCTCAGGAAGGAGTTAATGTTTGCTGTCTGACTGACAACTAACTCTTAATGTTGAATCCAAGCCCTTCTTTTACGAGAACTTATCGCGAGAGATTTATAACTCTAAAGAGCCCCCCGTGTGTAACCTCAGTCGGCACGTTCAGCACGGTCACCCCCCCGCATTAGCAAAAGCTTAGTTGAGAAATGCGCATTCTAATCGGATCCCACTGTCGTAACTATCTCTAGTCACTAACGCGCCCTTCAAGAGAATCTGTAGCGCAGTGCAGCCCAATAGACCGAAGAGCCTAATGATCGAAGGGCCAGCGCGAAGTGGCTGACCCAGGTTCCCTCACGCCGGATCGCCGGACAGTGAAAGAGCAAAGCTTATGCCTTCCATTAACCACGTGGCTATACATACCCTAAGCCTGCCGATATTCTTAGCGGATCGATCTTACTACTAGTAGATTTGATGGTACGATGGCCTGAAAAGAGCACAACAGACATCCTGCTCATCGCACGCATGCTTGACTGCGACGCCACTTTTAGGCGTAGATGCGGAGTGAGAGTCAGACTTCGTCGGGTGAAGCCCGCAGCGTATACAATACGAAATAAATACCCTAATAATAGGTGATTCAGGAATAGTCTCCACTGATGCTCGGCTCATAATTTGTTGCACATGGCCCAGTAATCCCTTAGCTCTCCCGCCTAGTAGGCTTTCCTCTGGTATCCAGGGTGACTGGGTATTATATTCCTAGAGAGGCGCTCATCGGTCGATCGATTGCAATCCGCGACGACTCGGATCTTAGAAACGGCCTTCTAGAACTATGCAGCCATGCGACCATATCGCCTGCCACATGTTCATTTTAGTAATCCGGCAGAAAAGCCGGAAACTTTTTGAGACCATCTACCGGTTGGTCCGGCACGTACCCGCCATGCATATTGCGGTGTTGGGGCTGAACCGATCGTTACGGACCCCAGAGTGCCAACAGCAGCAACCTTGCTCTGCTGTAAATGACTCGTGGGCCTCCGTCTGAACCCATCAAGTTTGGGGTTCACTCGGTGTCTCCACTTACTGTGTGTGAAATCACTGCGTTGGGCGCTTGCAATAACATGCAAGGGTATGATGCCCTCGCTC,1594,50.31,Saccharomyces cerevisiae
SEQ_152179,TAATCTACTGCTAGTAGGTATGCGAGAAACCGCGTGGGATGGTGCATACCTTGGTCCTAAGGTTAGTCCCGCCTTAATGGCAGTACCCAGCGTTTGATACATAACACCTCAAGGGATTCGAATAGACTTGAGTAGTATTTCACTCGCCATACCCTATTGGAGATCAACCACAGTCTAGAGTAGTTCCGGAGATCCCCGCCTAGCGCATATCGTTACTGGTGTTCCAGCGACGAGCACAGCGCTGCTGATCTTTAGAATTTCGCCGTGCATGGCCTAAAACGTTAAAATGCACTATCACTTTGTCAAGAAGGCGTCACCCACATTCCAAGACGATTTTAGGAACTTCTACTCTAGTCTCATGAAAAAGATTAAGGATCCCTGTATTTGAGTGTGTAAATCGCCTACCTAAGGGCCGGACTCTGAGCCCGTACGGTCGTTCCAACTGAATAGTCGTAGTTAAACACTTAGCCTGGCCACTAGAAGTAGACGCTACTCTTCGTTACGCTCCTTATGACCAATACTACTCACACTGAGGCCTGTGGAGATATTGAAGGAGGGCTGTTCTCAATGACCTCAAAGTCTAGGCTCAGGTTACGACGAACTTTAGTCATGGATTTACGAAGGACGTTACTTGCTCAACTCCTCATTCTCCCTCTTTAGCAGCCACACGTGTAACGTATACGAGAAAGCTTCCATGCTGGCGTAGCTATGCCACACACGGCCACTTTTTTAAGGCCTAAAGGTCGCTGATTAGCTCGCTTCAATCCGTCTTCGGCTGTGGATAGCCAGGTCTACCTAGGTCATCTTAGCCACGGGAGGCTATTCACGATACACTAGGATGGCGTGACGCTAAACTAACTGGGCCTGCGGGATGGCTCGTACCGACTGATTGACGCCCGGCGAGCCTAGTAGTCAGTTATCGCCATAGCTGGAGCCTGGTGTGCCATACTATTTGCGGAGACGATAGGCACCCAGCCGAAGACACCCACAACTAAACTGATAGGGCGTCTCCTCAGGTAGGGCTCAGTCGCTATCGCTGAGCCTGATATTTCTCCCGCTTTCGGTGTGTTGCACTCAGCCACTTGACATCCTGTCTTTAGGCAGAACAATCAGAAGACGGCTTTGTCCCCTAAACAGTGGCAAAACACGCCTATAGAAAGAAGCAGCAGATGGCCGATGTATAGATTTTGACCTGTTCCAGGTGACAAAGCCTTCTAAACTGGTGAGGTCGATATTCAGATAGAGACATAGTTTTGACTTTACAACCCCTTAGGTCGTAGTAACGAAACGGGGCCAGAAACCCCAGGGGTGTGCTGCTCACCCTTCCTTTCGGAATAAATTCACCACCGTATTAGTCTCAAACGGAGTTAATCTGAGTGTCGAGCCATCGCCGCTTAACGTCGGTGAGTGTATTTAATTGCACGGTATGGGAGTTGCAAAAATGAGGGAGACCATGCGCGCCCATCTTCCGTCAGAGCATCAACCTAATCGAACGACATACGTAGGAGCAACAAACTCTCCCCCAAGAGGTTGTCCGTATGCGAGGAATCTGGACCAAGCCCAGTTACCCAGCGAACGGAGATTCAGACCCCTTGAGGTTTGAGGCACTTTTCCATTCCGGCTCTTCAATGACGGTTCCGCCATTGACAAGACACCCCAATCTGCGCTATCTGAGTTGTTTCATACCTTGGTAAGCGTACGGCATTTCATCTAGACCTCCTGGATTGTTCTTAACGGGTATATTCTTATTGTTAATCTGTCAACAACAGTAATCTACGTGCCGGTGTGTTAGCAGGACGTCTAAAGA,1807,48.92,Homo sapiens
SEQ_724911,AGAGTTGGTAGTTTCATGATAGCGTACGGTGGATTTTTAGCGTCGATGTTATTATTGACCGATTCAGGTCGCTCGTATTCGGGCGGCATGGGTTGACGCGTTGTTGACATCCAACCAAGCCTAATTAGGAGGTTTGAGTCATTGGTAATAACTGGCACGAGGCCTCCCTACCCAATTCTGAGGTGCCAGGTGTAACTATAACTGAATTCTCTCACGCACTAGAGGGCTCAGGCCGTTAAGACGTTTAGATACGGTGAATACTGACCAAGCGTTATGTGACAGCCATTCTGCACAAGAGGGGGGGGGAGCGACTCCTGTCACAACCTACTTCAGATGAAGTCCTGTCATTCTAGCGATCAGCTCGTGGATCATCAGCATGTTCTTGTATCTCTGTTGAATGCTTTTAATCTGTCGGCAGTATCCACTTGGTTTGGCCAAACCGCATGCATGACGTGGATGTATACTGCATGCCACACTTGTTAAAGACGCGAGCTCTGCGACCCTCTCTTAGTCGGATGGGAAGGGAATACTGGTCGTTCGGTAGACTCCGGGACTCTTGCGGTGAAACGTGTCCCGATTACGCATACATTTTACCGTACTTGTCAGAGCAATCCCGATAACATTAACCGTATCAGACCAGGATGAGCCAGTCCTCTATCCGCCCCATGCACGAGCATCTTCCAAGTGTGTAGTTTAACCGCAGTTTTGGACGTCGTGACGTCGCGAGATCTACCGTAAGATATCTCCTTATCATCGTCCCGGCCTCCTGCAGCAGTGTAGCAGGACTAAGAACGCATAGTGTCAGCGTTTCTTGAAAGAAGG,822,49.39,Caenorhabditis elegans
SEQ_479344,CATGTTCGTGACCCTAACACACGATGCTGAACCACGTCTGTACTCGCTGAAGCACTTTAAACATCTTTCGAGCGATATGTGTTAACTCAGCTGTGTTAATCCTGTACTTGCTGAATTATGATTAAAGAGACGACAAATCGAGGCGTAAATCGCGTACTACCTCTTGTAGGAACCTCCATGATAGGACGGGGAGGAGTTGCCTTGCGTAGGAGGCCAATTGACTGCAAGTCAATGCCCTAGTATGTGGGAACTACTTCCACCTAAAACGATAAGCTCAAATCAGCACATCGGTGTATGACTTCCGACAAGCTCTAAGCCAGATTTTCTTTCCATGGCACCGCACCGGGGACGAGAGTCCACACGAACAACATAAGTAGGTGCAGGTGACTACAGTACAACGTTCCTGGAATGGCCGACCGGAGAAGAAGTGCACGCCTTTCCCTAGTAGGTTCCCAGTGCGGCCTGTTCATTAGCCATGTCGCTTTCTGTAGAACACACCTACTAGATATTATGATCCCTGTGTGCGAGTAATCCATCCTCACGTGCTAAACGTATAGGAGGAGATTCTGACGAACGAACCTTGCACAGATCGGAACCAGCCGTGGTAGCTACTAGCAACTTGACCGACTGACCGGTACGGCTACTGTGTACCCAGTATCCGGATTTGGCATTACGGACTTTCGTAACATGGGTACGTGAAGTTGCAGGATAACAACCGAAAGACTCCAGAGCCCCTCACTCTGTTATGCGTGATGAGTGTTCACCAGTGGAGGTCTACCTTCGGGACGATCGCGGTTTCGACCTCGCGCACGAAGAGCGAATGAAGCTCCGCACACATGTGAGTTGGGCTAAGGTGCTGAACCACGACGCGGATCGGATTCGAGACACGGGTTGTCGGTTGCAATATTGGGATCACTCCGGGCGGTGGTTATATCGAAGAAACCCCGCCTCTCACTTCGC,960,50.62,Saccharomyces cerevisiae
SEQ_486394,GGATAGCCGCTTTGTGCTGTAGGACGCTAGCTCAGTTCAAATGTTGACGGAGGCGTTCTGCGCGCAAGGAGGCCGCTGCTTAGACCCAGTTACCGTACTCGTGCAGAGCCCAACCTAGATTCATCCGGAGACTGGGAGTTGCTTGTTCGGAGGCCCCTCATAGCAGGGCACTGCTATTAGGAAGATCCCGTGATCTAAGTATGTTCCGTCACTGAGTCAGAACAAATTCGGTAAACGATTATGATGCCTTTACTATGCTTAGTGCCATTTATGAGTGTATGTAGCTACAACGGTACCAAATAGACACGATCCTTCACCGTTTATCGACATATACGGAGGAAAGTGGACAAATGACAGTGACTCTATCTCCAAAGAATGTCAAAGTCGCCGTATTTACGATTCCCGGCCACACGGTCCCCCGAGACCCGTGTTACACGTGTTCAAGGCTAATCGGCGACCTACACCAGGATGTGGCATGTAGACACAGTAGGAGCTTACATTTAGTCGGACCCACTTCAATGTTCGAAAGTGACCATCGATCACTCAACCAATTTCCACGAATTTCAACCCACTGGAGTAGTTTAGCGCGGAGATAGCGGTAAGTTTCTGCGATTCAGACGCGCGCTCCCTATTCCACGGGCGACTGAGGTTACATAAAGGCAACTACGAACCTGTTGATACGGCAAAGTGACTAAAGCTCATACGGCTAGAATAACCTCTCGAGGCTGTATAATAACCAAGTTCCGCGCAATGAATCCACTTGGCCAACTTAATATCAAGGGCGACGAAAACTGAGCGCGGGCAGAGCAGTCATTGTGCTTTATGTTGTGTATCTAGACAAATAGCATAGAGGGGAAGCATCATGCGTGTAGTTTTAATAGGGAAAATCAAGGGGTACTGCAGTAATGAAGGTGCAGTTCCTGTAAACGCGGAACCGTCTTCTTCTCCCTTATAGTTCCAATTAGCACCGGCTTTATAGCCGCTACAAGTGGTCGTGAGCCTAACCGGGCATCGCTGGTAGTTTAAGAGTTGTCAGGGGTGAGACTTATCCACTCCTAGCACATGACAATGCTTTAATACGACGAATTTTTTTTAGGAGGTGGGCGGGATGTGTAAGAGCCATTTTGCTTGACCAGATTGACACTTCCACTTAAGGACGAACCCTTGCAACTCAGCACAGGA,1182,48.14,Homo sapiens
SEQ_703654,ACGGCACATCCATTAGGGCCCGCAGTAACCAGCCCGCTGCCACGCGGATTATGGCGGAAAACCATAGGAATACCCGCAACCAGTGTCGCCTAATTATCGGATGAAACTCCTATCGAGAGTAACGCCAAGGACGGAAGAAAGACGCTCAAGTGTATCACTATTACGGCGTTCTGGCGTTGGGATCATTCGTGCGGCATACTACGATGGTACTGGGTAAGTCCAGACTAGATATCACTCTGTAGAATTCAACGTTGAGCAGGGCAATTTTTGAGGGAGGTGATAACCGAGGAGCACCCGAGCTCCCTTCCGCAAGAAACGCTCTTTACATCTGAATTGTGTCCATGTCCCGATACGGTCCGTTAATACTGCTGTGGATCCTAGGTCCCCGGTCCCATGCACTTTTAACTTAATCGTACCCTCCAGAACTGTAAGCTGAGGTGTGAAGATCGTTAGGAGCGAATTTCGGGGCTCTTCAAAACTGTAGGCTATGATTCAATGCCTAAAAATAGTGATTGCTACTCAGACGGACGAGTTGAGATCAAATATCTTACTCACGAATTGACATCCTGCCGGTATTCGGGTCCTTCCTACGCGGATCTGAGGACCTTTTTACATCGATCCCCCGACACCGACGCACCCCTGTTGATTCCGAACAGAATACTTTTCCAGCAAGTTAGGCTTGCACTAATGTGTTCGCCGTGCACCTACTTAGCCAACTGCGTCAATCAGGAGGCCGAACTTTTCTTGAGATGGACTTTTTCGGCATGCACTGCACCGAATTCCACTACCTGCGGTTTAGAAGCTGTTCCTGGCCGTCATGAGGTACATTTCCGACGCCCTAATTATCATTGTGTCTTGCAGGTTAAATTGGTTGCGGTGTAGTTACAACAATCCCTCCACATACCCGTGGCATAGAACCATTGCGCTAGTAACCACCGAAGGATGTCATTTCGTTCCACATTGTTCGGAAGATATGACGGGATCTTAGCAGATATATGTTAGGAGAATTGGGCGGAGATATCTCCAGCCTGATGTATAACGATATATTTAATACAATATGGGTGGGATCTCCCTTAGGAGAGATTCAAACTCCCTGATGGAATGGAAATACTGAGTTCCCATATTCTATCCAAGTTGGCATGCGCGACGCGGACCCAGTGAAGTGTCGAGGTACGCCTGGCCCTAACTCGCACGGCGTATCACTACGTCACCAGAGCGGACATTTACCCGTCTGAACTACTAGGCGTACGGGTAATGTAAAAGCATTTAGTACAACGGATCCCCATTATATACCCAAGATGTCCTAGGACCTTTCCTGGACTGTGTGGCTTTTCGCCAATGCGAGGGTCCAAGTCCTCCACGTGGTACAATACCTCCTCAAGACTGGATGCTCGCCATTTCCTGACGATTAGCTGAGCAGGTAGACGGGGCTCAAGGCACCTGTCGAGGGTATAGCTCGGCATCCGAAACAGTCAGTCGGTGGTCATTTACTATAAGCATATAAGGAAGCTAGCGTAAATGGAGTGTTCAAACCTTTTTGTCCGGGCCACGCATTTGCCCTAGGCACACCCCATTCCTGAAACTCGTTAAGTTTGTTGCGCAAGTGAACCAGTGTCGGGTTGAAGTACAGCTAGGCATCACAAAGGTCTGTGACCGGTCCATGTAACAACAACAATAGTAACGGCCCGGTCCGTAGGGCTTGTGCGTATCCGATCTGGGTTTACATTTACGACCAGTAAAATGACCGCGGAGTGAAGGTAAAGTTGCGCATTCCTCCCTGTTGCTAAATTGATAATCCCTCCTCTTGGTACTGCGAGCTGCCTATTTACCGGTACTGGAAAC,1842,49.02,Drosophila melanogaster
SEQ_906958,GCCAACGTGAGGAATTTACACCCGACTGGCTGCGCAAACTTCATCAGCGTTCCAGTTTTCTCCCTACCTCTATGCCGTGTGATACAAGTAAGTAAGGACGCGAGCCTCGCCGCGTTATGCATTGTCCAATTAGGTGCCGACCGATTGGGCCTTATCTCTACGCGGGCGTACTAATGCCCTTGCCGCCGGAGCTTACCATGACTAAAATTTTTATCCCCGATGTGTAATAGGCGATTTCCTTTAAAGAATTCGACCCTACAAGTAGCGAGATGCAGGTGGTTTTCATGCTGGGGGAGATATCAGGTTAAACGGGTAGCTTACAAAATCGTCGGTGCAACACTCGGCTGTCCCTTCATGGTCGCCATCTCAAGGATTGCTCGCAATCAACGAATACGGTAGTTTCGCTCCCGCTGTTAATGATTTCTAGTTCACATTCTCATCGGGTGCGCAAACGCGACTTATAGCAGTCCAGGCCGTGTCGGTCGTTACCAAAATACAAACTCCCACTTAGTCCGTGCAAGCGTTCTATTGTTGTATCAGATCTAAGTAGTGAAGAGGCATTGCTCACATTTTCGAACGGTGCGCACGTTGTTGCAGATGGGTCTACAGCCATAGTGGTTTCTAGACAGTGGAGCGCGTTTATACGAATCCGCCCTCACTCCTTTTCTCTTCCAACGGCGCCTTGGAGAGCATTCATCTACTGAGAGTGAATGCCCC,717,49.65,Caenorhabditis elegans
SEQ_729345,CCTCTGTGACGGTACGATACGGCGAAGGAATCAGTACGGTTGACCCCAAGTGCCAGGGAGACGAGTTGGCTTCCACAATTCTTTGACTCCGCTCGAATCGCTAGCGTTGGGGTGAGAAGGTTAGGGGTTTCACAATAGAACTTGAGAAATCGGTGACTACCGCCACGCCATCCTACTAATAATTTTCGATTGCGAGCTCCTCACCCAAGTCTGTCACTAAACGTTATTGCACCGATCAAATCTCTTTCCCCTTACCCTCCACTTGGGTGTCTTGATTTGTGTATAGGTCGAATGTTTACGTGCAGCGTGGAGGATACTGTCCCCATCCTAAGTGGTACCATAGTGGATTACCTCAGACTCAGCGAGGATGAGCGTGACCTATCTAACGGAAGTATGATACTTGAAGGTTAATCTCCTGTTTATACCTCCTGCTGTTTCTATAAGTGGCTTCGATAGTCAGCTGAACGGTTTGCTAGAACAATTAAACCTAAGTTAATCATAAATCTCCCAATGTGCGTAAACGGACAAGAACCGTGCCAACCGATTTGCCGTCGAATCGCGCCTCCAGTCTAATAACCGTTACGCAAAAGACGGAGGGAAGTAGGGTGTATATAGGACTTTGGGACACTATGTAACGGATGTCGGAGCATCTCCCAACGGGCCCCACAAAAAGTTGCCATCAACGACGAGGTACGTAAGCCGGCACCCGTAGATGCACC,719,48.54,Drosophila melanogaster
SEQ_208170,TCAATAATGACGGCGCGTACCTTCTAAATCTCTCATCGACAAATGGCGGCAGTCTGTCACGTGTTCTGCGGTTACCGTCGAACCGCATGCTGCTCGACCATCTAACACAAGGTGATAAGACAGGGGGCGGCTTCCCGTAGTCAATGACCAGAGACATACATCAGTCTCGGTGTCACACCCCAGGCGCAGGAGTAACATCCATTCTTACGGACTGTTCAGATCTACAAAAAGTAGCCATCCGCGTAGGGAAACGCCTGGCCCGCTTCCATGCCGTTAACTGCCCCTGTTATTATGGTTGATAAGCGCACCTGTAGGTTCCCCCCAATTATATAGAAGGGCATCCCTGCGGAAACACGGAGTAGCGCGGATATTGCTTGACCAAATTTAGGGCACGACTAGTGACAGTGTATGCCATGCACGAGTTGTCTATGCGTGATCACCGTGTGACTAGGCAGCCGTGGTCGAAATGTAAGAAGGGATTGTCGGTCTAATAAGAATTCGGGTAACCCGGGTGTAAATCACAAGGGGCAACTGCGCGCTACGATGCAGTACTTATCGGGGTACCGTAATATCCATCGTACCACTCAGGTTTTGCGGGCGGCGCCCAATGCAGGCAGTTGGAGGATGAACTTATACATTTGTCTGGAACCACATTCGGGTGGTTGGCCCAGTGATGCTGCACTTATCATACTCCGCGCCAGCGCGGGCTACGACTGCAGATTCTAGGTCATCTTAGCGGCTCGTAACGAAGCGTCGCGGAAGCTCTAGCAAGAAAAGCTAGATATCTTTGTCCAACTGAAAACTTCGTAACGGCAGACCCCTATTTTGTTGTAACAGTGATTACTACGTGACCACGCACGTGTTCTTTGCGTTTCCAAGATAACCCAGGCCGCCGTTGGGGTTCCGACTAGGTATTATGACGTAGGCGGATATCAATGCACCGCCTGGGTAAGACGCCTACGACGTAACTCATCACTTAGAGCTTCGGAACTCGTTCCTCGAGAAGATCTTTTCTCAGGGCTAAATCCACCGTGATAGCCCAATAATACTGGATCTATACAGTTGACGTGGGGGTCTCATTGTGGCCGTTCTCGATGCTTTTAATGCAGAATGATCACACCAGCCCCTGAACGCTCGGAGGTCCTAGCTGCGTACATACCGGAGGAAAGCAGTGCTTCGATTCTCTCCTAGCACTAGCGAGGCCTAGCCTGAAAGTTATATACAGAACACACCATGTTGTCGTTTTAGTGTGAACTGAGAACAATGATCGGCGCAAATCGCGCAACGATTTTCATATTCATTCAAAGCATAGGTACGAATCAACTTAACGTAGGGCATACGGTACCCATGCTCCCACTCCCTATATGGTCCGCTGCCCCTACCACCAGCTGGTTGGTATGATCCTACTTGTACACGTTCGCCTGGTTTTTGGACTTTTCTAGCTTAATGTATTAGCACACGGAAATTCAAGAAACTAGAAGTCTAGCTCAGGGTATGCCCAGTGGGTAACTAGTCGCATGCGAAGTTCTTCACACACCCCAGCAGGTACGGTGAAGGGACCGAGTTATGTTGGGTACCGCAACAATCCGGGGAAACAGTATATTAGGGGTGGGTCTAGCCGAGGACTCTAGTAAGCTCCCATCACATTTATGTGACGCCCAAGTGTTACGAACGGTGCCCGACGTAGGTCGCTACCCTTAGTCTCCAGATTGTAGCTGGTGCGGCCGCCAACCACTAATGTGAACAACCTTCAGCGGACAGTTACTTCGCCAATTCCTTCCTGCCGACACGCTTGGCCCTATTTTGTTG,1809,50.58,Homo sapiens
SEQ_651321,GGCAATGATAAGACGACCTGGCAGTAGCCCGCTTTCGCGTAACGTGCCCTTGGCCTGCCAGTGTTAGTGATGCACTAATCCTACGGGGGGTTGGTCTCTCTGCTCGGCGTTCTCGTATAATGCTCGGGCGACCCTGGGCCCGTACCCTACGTGCATAGGAACGAGCCTATTCCTGCTCAGTTGTTCGTCCTGTGTGCAGTCAAGACCCATGCCTACGGTGCTGCGCGCTCATTGGCCACAGGTCATCCCAGGAAGACGGCGTCACGAGCCGAGGGCTGATCCCCCAGACGGGGAGTAGTAGTTACAGACAACAGTCCTTATTTGATTGGTAGTACGAGGATAAAATTCCGTGAATCGCACTAGCAAAAGCCCACACTTGGGGCAACACTGTGGGATAAGAGACCCGCTGACGTGGTAGACACCGGTAACATGATGGCCAATCAACCCTCCGACATTGAGTTGCGCAAGCTTCTTTGTAGGAGCCGGACTCGACCGTAAGCTGGAATATTGTGCAGAGGTGCTCTCTCCCCGGAAGGTCCTAGGGGGGTTATAACAAAAGTTGTAACCCAGGACAACGTGAGACTTGCAGCCCAAAGGCGTGATGTGGTGAGGAGTTGATATGGTGAACCGAACGTTTCATAGATAGGCGGTCCCTGCAAGTAAATGTCGAGACTGCGAGAGGGTCGGACCACACGTGGAGTTACATCAAAGCGACAGTTAACTAAGCAAGTTCCGAGTTGGCCACGACGATACCTGGGCGGTTCGAGAAAGACGGGTAATACGGGCAGATAATTGGGATCTTGCGATGCGGGTTTGAATCACCCCCGGCCCCGCAGACTCAGGACCAGCTGTGCATAAAGTTCTGACTTCTCGGTACGAAGGGTTCGGCGACCCCTTTTTCCACGATTCGTTGCTAAGGACTTAGATTCGCGTCTCCAAGAAACTAAGTGTCCGTTCGGTATCGCTAAGCGGTTAACTTCCTACTCGACTTGACGGATCGTGCACTTTTCCCCGATAGCGGGTCGACACCACGTTGGCCTGATTCTCAGCGTATATCCCGCAAGTTCGATGACGTCACGCTCTGAGTTTTTGTGCAACATTTTAGAAGCTCCCCGCATGGACTTTGTACATTAGCTCAAGTGGCGCATTGCATCATGGAAGAGGGGAGCCCCTGCGCTGCGTATCAGGGATATCAGAGTAGTTGATCGGTTAATCAATCCACGATGTGAATCGCTCCCGGGATACTCGCGAGCGACAGCGCTGGCTAGAATCCCAGGTCACAGCTAGGTGGACGCGCGGG,1300,54.0,Mus musculus
SEQ_351685,ATCGCTGATTATACATAGGCGGCTTAGGAATGTCTGACAGAAGCATCCCACATCTTCCCCAACATTGGATGTAGGCACTACAGTAACAATCCATGGGCAAACACGTGTTGTACTTACGATACGTTTTGGCAAACTTGAACTCCCTCAGTCCCCAAGTTGTACCCACGAATCCCCCAATGTCGATAGGTGGAACTCCGTCTTCAAAGGGTGTCGCTCCTCCTAACCTCCGGTTTGACGTGGTCAAATACCTTGCCCCAGATGCTAGGCTACACTTTGCTAGTATTCCGGACAAATCTTTAGGTCTAGTGAGAGCTGTTCAGTTAGTGCGAGTTAGGAGGGTAGGTCATGCCCACTCCCTTAGGAGGCGGAATTGTAGCAGACTCTTGTTCACTCGATCGGGTTAGCCACGTTTCGAAATAGTTGAGCTAATCTACGGTGCGTCCACCATGACGAATTCCGAAAGCTGGCGAGATCGGTATGGCTGCCTGACCCAAGGCGGAAGTTCGGTGTTGACAGAGATCACGACTAACCGCACCCACCATGAACGTGGTGATCTCTTGAATTAAACTACCTATCAATAGCGTCAATACGCAAAGGGAATAAATAACGCGATCCCTTGCGAACAGTCTGCGACATAGCTCGGGTAAGTAGTGCTCACCTCTTTGGGACTCACCATCGTTGGCGGCTCGTGGGCGCTGGAGGGCTTTGTGCAGCCTACAGCTCCCTACGGAAAATGTGAAGGACTGGCGGCACTGAGGCTAATAGTAATCGCCTAAGACATTTTTTGTGCCGCCTCAGGAATAGCCCGCGAGGAGACAAAGCGAAAAGTTGGGATCAATCGTTTTGTAGAGGATACCCGGCTGCGCGCAGGAAATAAGGGCTACCATACCTGGACGAATCGGTGCGGTACGGCGTCCCTGACGAGCGCACGGATACACTTGTCTAATAACTACGCGACCTTCTCGACTTGTAGACTTTACGACGTCCTACGGCCTGCAATCTCTAAATTAGCGATATCTAGCCAGAGTTATGCTTGCTTCGTATAAGGGGTGGGTATCACTCATAATTAAATAATCGATGATTGAAACAATATCTCTCCACGACTTCCACACGTGATGGCCCATGCCTACCGTTATCCTGTACTCGACTTCGCCACCACTCTTTCACGCGTCCAAGTTAACTAAACTATAGTTGTATGGGGTCCGTACAAACATATATCCTATTTTGAGACGTCGCGTAGCGCGATAGTGCCTCGACACCGGGTCGGCAGACTTCAACAAGCATAGAGCTAAAGCGCGTTGTACGCAATCTATTTTATCCCTTCATCACGGGGGGTTTGGTCAGCAGGATTAGGATGTGGCCGGTGCGACCCTTCGCTGCACTGTTTTCGTGAAAGATCTATATAAAGGGACCAAAACTTGATCTATTCGTGTCTAAGGTTCTAATACGAGACCAGCAAGAGGTTAGTAAGTCCCGTAGCTATCGTCTAAATCGGCGTACCACCCCCCTGCCTTAGGCAGAAGAAAGCCTAGGAGCGCTAGACTGTGACTCATTAGAGGACATCAGACGTGCCGAGGACCTTTTGGATGGCAGGCGGGCGCATATTGCGTTCCCGTTATCAAAGGTTAAATTGTCAGCCGTAGTTAACCTATGGAACACCCAGCAATCTGATATCGACTCCGTAAACATAGGGTCACGCCAGCTGTCGCGGTCGTTGAAAAGGATGATGAAGGGATGTCAGCCACTCCGTGCCCAGGCCCACCTAAT,1767,49.92,Caenorhabditis elegans
SEQ_388815,TTGTTCTCGTCTAGCCTCGCATTTACCCGCCACCGGGGCACAGCGAGTCAGACACCAGTAAGATAAACACTCATCAAAGACCGCGATACGCGCCAAAGACTCGGCATCTTTGCCGATG,118,54.24,Saccharomyces cerevisiae
SEQ_840099,GTGAGAGCGGTGTGCCTAATTCCGAGACCCTCGGGCAATTATTTGTACTAACGGTGCATTCATACACAAGTTTAATGCTGAGCTTCTCTTATCGATACTGGGCCTCACTGGAAAGATCGACCGAAGGAGCTAAATTCTCGGTCTGGGACACTTTCTATGTGGGCGTTTCACGTGTCCTACCGTGGCAGTCGTCTGGGGCACTAAGGGAAAGGCGCGGTGTTTCGTGGATTATTATATGGCTTATCAAAAGTGCGTGACGTAGAATTCTTTCTGATTGCATATCCTTATACCACGGGGTAGACTTTAGCGGTACCTTCGGGCTTTGATCTCTACGGAGATATCAAGGAACGGTCGTAAGCATCTAAGATGCGCATCAGTCACGCAACGGGGAGGCATGCAGCACCTGCTTAAATGTCGCGGTCATCACGTTAAGGCACTCATCAGCCTCCATGAAGGCAACGGGATCGACATGGCATAGGTTTCACCTCATACTGGTGTCCCGGTATGGGATAGGCCCCGTGAGTGCCGATCTCTAGGCTCGCCCGTCTGTGTACATATCTACGCTCGTCAGCTACCGCACCGCTCTTACTAATATCAGAGTTTCGAGCCCCTGGATAGACAGCGCAACTAGTCGTGTGACAATATAATGCCTCACACAAGGGACACCAGGAGACTTGCGCCGAAGAGAAATTACCCACGCAATATTTGCCCAGCCACTGACACTCTTAATTCCACATTAACGTGAATAGACCGAGAAAAGACCTCAGGCGCGTCGCATAGATGTAACAGTGCTCTATAGCTCGTAACCGGGAGTTCAGTCTGAGGTGGATGGGTTAGTTAGGTGAACACATCTTAGAGCATATAAGGATTCTTACTTGCGCAGTGCAACGCGTGGGCTTCTCGAACCCGTACCCATATGAGAAGTGCATTCGCAGAAGGCAATTCGTGGTTCCCAAGACAGGAGGTCTGGTGTCTGATTCTCATCCTTCGCGTTTGCAAGGGCGGGGGAATTTGTACCCCACAAAATATGCGACTCAAACAGCAACCAGCTGCATTCTTCCATTGGCAAGCAGAAGATGTTTTCGGAGCGGGTTGGGATCTCTCGGATGGCGGGGCCGAAATTGTACCAGCATCCATGCGTAGGTCCACTTGCCCTCTCGGGAATAAGTTCTTCCGTGGAATTACTGTCGTAGTGCAAGCGAGCTACCTACTGCGTGAACGCTAATCGAACCTGAGGAGTGCCGGTGACACAGCGTAGTCCTTATCGTATCGTTCGGAGCCCAAATGAACGGCAGGGATATGGCTTTCTGCCTACCCGCTCGAGAATGTTATCAAAGGCATGCGTGGTGGCTTAGTAAGCTCATGACGCCTAAGCCGTTCGGCCGCGCTCTACTCA,1396,51.07,Caenorhabditis elegans
SEQ_255621,AAGGTTCACATGGGTTTGGGCTCTTACCTTAGTCTCGCGCCAACGTCTGACTGAACAGGTAAAAACCACCCGCGTCAAGATACGCCAGGGTGGCATATCTGGGAGGCGCTATGGTAATTACAGAAAGAAGCAGCGTGATTTACATTCATCCCATTCGATACCTCTCG,167,49.7,Mus musculus
SEQ_961436,TCACGCGTCCGATTGATCGCAAAAGGTTTTGAACAACGAAACTAGCGAGGAGATGTACTCTAAACCACGCGGTCAGGTGCCGCACGACGTTTTAAGCGAATTGCCATCTCAGTCGCCAATAGCACTCAAGTACCGAGCCAACTAGCGTTACGGTTAGCACTACAATAGAGTGTACCCTG,179,49.72,Drosophila melanogaster
SEQ_147857,CTACTACACTACTGATCTGATGATACAAGCGCTCCAGATGAGGTGGAGGTGTCCAGCTGCATGGCCCGGGCCTAGAGCCGGTAGGTGTACGCTGGCGGAGTCCAAAACGAAGTCAAGAGAGTCCTAGTTGTCACTACGCGGTCATGATGCATCACTATTGTCAGGATTTTGATTTTTGGAATGCTACATTTGATAGGCAGAGCGTCGTATTGTATCGGGTCCATATGCACGGATACTCCGGAAGGCGAGTGACGTGCGTGGGCGACTTAGATTAAACTCCGGTGTAGCGGACAGGTAGACAGGCTACGTGGTTAGGTGGAAAGCATAAGACTCTGCCCGCTTTCTCTTTGCTTGGCTCTAAAACTGGGCCTCACTAACAACCTCCATGCCTAGATCATAGTTCGTCGCGCCGAGCGTTAACTACATGTTGGGAGGAACTATATAAATAACTTCCTGGTTGTCGTTTCTAGCCTCACTCAGTAACAGACCAGCAACACTTGGTATCTTGGATTGAACTGGGTAAATTTGCTTTTCCGACGTAGGAGACACGAATTCCGCTAGAGACACTTAATTATTCGGTGAGTGTGGCATCGCGAATATTATAGTGAAATTTAATGTAGCGTGTATCTGTATCCCCTCCTAAACCCCTTTTCTAATCTCAGGCTGTAGTTCACATGTTTGTTTGTTTCAGCTCGCTCCTTCAGCCCGACACTGCGCCTCACTGGCGTAGATGCTGGTCAACCTAAGGTGTCTGGTACATGTTTTGAATACCCCGTCGGGTTCGGGGCGGGCGTACCCGAATCGTCCTTTTCCAGTGCATGATAAATTGTCCCAAGCGAGTTAAATACAAGTTCTGTTTCACGCGTGTGAAACGCACGATTTTCTTGTCAAACTTGGGTGTGGTAGGTCTTACGACTAACGTCGACCACCTAGTACGTTGGACAAGTGAAGCTCCCTAGACGACGGATATTTGGTGCTCAAGGGGG,986,48.68,Arabidopsis thaliana
SEQ_812262,ACGCTGGACTCCTTATTATAGGCGTACCGTTAATCTATCTATCTAATAACACATGCCCGCAAACCCCCCAGTCAGAGCTAATGTTATACATTGTGCTCCACAGCTGGGACTGTAAATATGCATTACTTCCTCAGGAAGACCCAATGCTGTGCAAAATGTAAGGCTTGCGGCGGTAAACGTTAAGTAGATGGGCTGCGTTAGACAGAGGTGCTTTCCACTTGATCTCCTTCCTCTCGGGCTAATCCCCTGCCGTGCATCCCGGGTCCTTCTTTAACACCGACCAGACGTGCGTTAACATAAGTACATTCTGGACGAGATAGATGATTTCAGGCGAACAGACTGATGACCATCTGCTCTGATAAGTTGCGCGTTTATTTTTCTTAGCCCGTTCATTACTTTTCATGCGCTATTAACCGATGGAGATACCAGTTCCCTAGTAAGCAGCACAGTGTGTAGGTTTTTGAAAATAAGATTGGCGGTTTGCGGCTACAAGCCTAGCTATTCCTCACGAATTGCAGTCCGTTGCTTCTGCCATAGGGCGAAATCGGCTCATGAGTAGAAGCCCCCGCATAGCGCTAACTTTTCTGGTCTATGCAACCATGGGCTATTAGCTTGTCTTAGCCCCCTGACCGGCCTTTATTAGCCCCTGAGTGCACCAAGTTTCTTCGAGAAAAGTTATCCGAGTCATATTCCCACACAGAAAGTCTTATCCATCTGCTTTTTCTATTCGCCATAACCTCAGTTGGCGACTAATGAATCCTTATTGTGTCTACTTCA,777,46.46,Arabidopsis thaliana
SEQ_995210,ATCAACTTTTGGCGGACGAGTGGTCTATCGCTGCCTCTATTCGGAACACTGTGCATGGCGAAAGAGCGGGTTCCCCTAGGTATATACTAAACACCTGGCCCATTCTGTCCGCGAGTTTCTTTCGATAGTCGCTAACTTTGGTGCGTTGGGGGCCCTAGGTCCGTCCCAAAGTAGCGGTGATTTGGATGAGCGCAATGTCGGGACCTATCTCCCCGTGGGCTATTACGTCCGCCGGTGTGACGCCGGATCCTGTAGGCGCATGACCCCGCGACTTCCTCCGCAGAAGCCTACGTATTCACCATTATGGATTACTTCTGATTCGAGACGTTTATAAGACTAGGTGGACCTGTGTGGATGCAGAAACTAGCAAAGTCTTGGGTCTCTCTCTGCCTTAGACCCTCCTAGAATAAGTCGCGATCTATGAATCGGACGAGGTGAAGACGTAACGCTGAGGAGTTAGACTCGTCGGGGTATGCTGCTGTAAACCACGGCCATTCCGCAGTTCCTGTATCCCCCATCCGGGAAGCTTCTGAAAGCTCTTACGCTCGCGTTAGGTAAACACAGGTGTAATGCCGCCAAGCAAGGGATGATACTAGCTCTTTGACGTTTCTCCCTTGCTTACCCAAGAGACTATCAACTCCGCCTATAGTAGGGGAAAGACGTTCCGGATAATGAATTCTCAAATGGGTCCCGTGGACAGGTATTACCCGTTAGAGAAAGTGTGGAGGTAGACGCCGACTGGTACAAAATATCAAAGGGGCGAAGGTCTCGTCTCTGGAGAAATGACCGTGCTAGCGCTGACAGCTCAATAGAGACACAGCGCCCCACTGATCGTTGTTCCGGTTGACCGGTTGTAGTCAAGACTCCCAATCGTAAATGAAAACCTCTCCGCTAGCCGCTTTGCCCTTCCCGCATTATAATTGGCGGTTAGTGATCCGTCGTCGGAACTTACAGAGCGTTAGTTTACGGGCTATCGTCCGGATGCAGAGGA,991,51.97,Mus musculus
SEQ_634867,ATCCACCGTACTCGCACAACTCGAGAAAATCCACCGCTCCTGAACTACGGGGGTGGGCCCTTGTTCTGCCTAAACATAAAGGTTTTTGATAAGACACTGTCGTGCGATTAACTGGGATCACGGTTTGAGCGCGGGGTTGTGTTCCGAATTCCAATGACAGTCATGGTGCTTTCGGACTCTGTCTTGGTAACCGGTGATTACTGTCACGTCAAGGGCCTGGAAGCCCGAACGCTAAGTCTACAGTGTTGTTCTGATGTAACGTAGGGACCACCGCTACTGAATTATCTCTTAGCCGAATTAGCGTATGTGTTGGCATTTGATGGCCATGAATCGTCCAAATTTCGTAGGCTTGAGGCAATCGGTTATATGAGCGGACTGCTGCAGCTTATAGAAAAAACTAGACAGAGACCCCCGAGCACTTTGGGATCGTCTGTACAATGATTCCTTCTTGCGTAGTATATACCGGTCTAAAGGCCGGCCGGAGACTAGTGTTCGTGTGAAGATTGCTGTGCTGCCAGGCTGATTTTACACCAATCTAATGGAAGCTAGTCCTTTAGCAATTCCCTTAGAAAGAATATTTTGCCGGCACCTTAGTATCAGCGCGCTTGTGAGGATGACAGGTTTTCGAAGTCGTTATACCTCTCGGAACGAACAACTTATCGTCGAAGCCAAGTTAGGCGAGTAGTGGAGGCTTCCTCTATGACGTAGGGAATTTCAATCGCGAGAGGATAACGTACACATTAATAAGGTAGAGTGACTTAAGGCCATAACGTGCGGAGCGGATCTTGAGTTGCCTGGCCTAGTATTGCTCGTTGACGCCCATGCAGAGAGTTTCATACGATTAAGCTTGTCAGGATTAGTATCCGTGGCACGAGGATGAAACCGAAACAGGGTGTGATCGCGCGGCGAGCGATCAGTTTCTCGTTAAACCAGTTCAGCACCCTCCCAATAGGACGATAATGTTAATCTGATCCCTGGAGCGATTTACTTTCTTGAGGCTCCGCACCAAGATCTCGTAGGCGATTGTCGGTGGGGTGGGGTTTTCTAGCGACGATTAGTAGAATGAAGTTGTGGTGGGTGAACGGCCCTTCATGGAAAACCGATCGCGCCAGATGGCATTCCCGCTACTTACTGTATAAGGCTTGTATTTCCAGTCTCTGGACGATGTTTGTCGCCAATGGACATCATGAGGGTGCGAGCTTTAGGTCCCTGACGCCCAGGCAGTGCCACAGGATTTGGTAGACGCTAGCAATATGCTTCTACATCTTGATCAAATGGATATGGTGAGAAGGGTTACTAGGGTCGCCATATTGAGACATCATTTGCATGATGGCTACCAACGCCCCGGAACCCCCCAGCTAGAGGCA,1367,49.09,Arabidopsis thaliana
SEQ_252314,ATCTAGACTGTGCGCCGTCGCCTGTCAGTTGAAATAGTCCGTCCGTACGACTCAAGCGGGAGAAACCTAGCGGGATTGTCGGGCAACTATTGATGTGTCCGTTATTAGATGATTTACGAAATACTACGCCGGCTCGGGGAGAGGCTGCCAAGACCACCCTCTAAGCGCGGAATCTGCGTATCAAGCGCCACGAACCGCGGTGATGAAAGTGAAAGACGGCGATTAATATCTGGAAAAGGGACTGATCGTGAAAAAAATTTAAAGCCACCCCCGTGGTAACCGCTCTAGAAGTACTTTGTAGTATATTTCGGCCATTGGCAATAAGCAGTGCATTCATTGAGTGCTTGCCTATGCTTGACCAGGCTCGTTTGATATGCAATACAGGAAGAGCCTGAAGCATTGTGTAAGACGTGCAGATCACGTCGAACTACAACAAAGCACAGGGCGAAAGAGGTATGTAGGACGAGCATCCGAGATAATCTAGATAAATTAATGCAATAGGAGCTCTAAACCTGTTTGAACGGGCGAACTAGCAAAGGCATAACGGAGACCTCCGCCTGTTCGATAGTTGTTCTAGTAGGAACGATCCAGGCCAGCCAACCGGGCAGGAAACAAGGGTGTTTCGATTGCTATCTATGGCGGAAGACCTACGGTTCCGGCAGGCACCCAGCAATGGCATAGTATGATTAATAGGAACTTTGCCTCTAGTATTTGGCCGCATTTACTCCTACGGACGCTGACTGGCCTTAGGTGGTAACTCAACCCACTTTTCTCCTACTCGGTTGACTTGGAAGAACACCATCTAAGAGGGCGGTAAGGTCGAGTCTCTAGTTCCAGGTCAAGGTGTAGGACAACGAGGTTCCTAAAACCCACTATAGTACTATGGGACCAGACACGCTATTCTGCCCCCATGGGCGTGCTAAGGTCAAGGGGGTTATGCGGCGTGCTCTATTTATTTCATTGGATGTTTCTCTGACGATAATAGCCTACATCTTCAACCGCCGCCAGCATGTGATAATTGTGGCCAGTTGCAGGAGGTCAACTTTTGATTAGAATTCGTGGAGGCTTGGCAATTCTATTTTTATATTTTGGCCTGGTTCTTATTACCCATACTCGTATTGTCCACCCTCAGTAACGTGGGTATTCCCACCGCGTCCGTTGCCGGGAATTGTAAGACTCAGCGGGATTTCTTCGCAACTTTCCGAGCGGGTCTCCTTAAGACGCTGGGTCTCCGGCTCCTTGTACTTCATATAATTCAAAATGTCAGCCCGGCTCCGACTTCCCATGCGTGACACGTGAGTCCAGATCTGTTGTGGCTGCCCCAATATTGCTGAAGTGAGTTTTGCAAGCGATCCCCGATCCTGTCAGTTTTTCTAGGACACGAACCGGCTGCTATAGCCAGGTGTGTGGAGGGCTCAAGAAACTTGTCGAGACGCCGGGACTGTTGGCCAGACAATCGTAATAGTCTCGAAGTATTATCAGTTGATGTATAGATTGGATGCGCGCGCAGAGGCCCACGCCTCGCCCAATGACGATTCCATTGATTGGTCCTGGCAGCTCTGAGTGACAGTGCGCGGGTAACGTTTGCAAATGATTATGTCCTGATTTGGCGAATAGGGGACGCTCTCGGACGACAACAGTTGCCTTCAATTATTTGGATTTGATACCGCAGGCTTCCATACAACCGCCACCAGGCGATGTTGTTTTTTCCGAGCACCGAGGTCCATGATTTCCCATTATACTCTTGAGAAACGTCCCCTGTAGCTACTAGCGTGCAGGTTGAAACGCATTTGCAGTCAGCTCACAAGACGGAATAGTATCACTGCCGGCTTGTGGACCCACGCTAAAGTCCCCTCCACTAGACCGCGTTAGCATACAAGCTACTACTCGGCTACCATCTATTACGTACGTGACTGTGCGGCAAGCCTCGGATATATATGTTCTTCTTC,1949,49.51,Arabidopsis thaliana
SEQ_495738,AAGCTCCCATTCACTGTCCGTGAGTAAGCAAATCCACGTACAGGGCTACGCACCTTGCTAATTTTTTCCCTCAGGCTTCACTAGAAAGTTGGTTGTCTCTATAGGCCCTTGGCTACTCTGGCTTTTTGCCCTGTATAGGAGGTTAGCGTTCGGTCCATTAATGGGGTGTAGAGCGAACACACCAGCTGTTGGCAAGAGGACTGGGACGGCTCTCCCGAAAAATAGTAAGTGTTGTACCATAGCGAACGGCACCCGCATCTATTGGGTATGATTTCGCTAGGAAGAGTTGGCGACCGCGTAGTCTGCATGTTGGCTCTTCGCTCATGCTTTCCAACGTCGTAAGCGTTATCAGACTTCGTTAATGTGCGATTTTGAGTTCTATTGATCCTAAGTGGCTCGGTATGTCGGAATTCCTTCGGATGATGATAGGGTTGCCAGCGAACCCTTTATATACCGTCGTATACGGTCGTATAGACACTCAACCATCATTCGCGGGCCCAGCGACGATAGGTTAATTACAGTGGACTGTACGTATAGCCTCGCAATGATTAAGCTTGATAGTGACTCTGGCCGCTGCTAAGCGCAGCGACTCCAATCTGAGAGTTGTCGGCTTGTTAGCGATTGCTATGGTCTCCTCAATCAATGTCATATCTAGAACTTCACCGAGCGTGGACACCGTCGAGTTCAGGTTTATTCCTACGCTATGACAGGCTGGTGGGCACAGATAGTGAGTCTACTCTTCTTTCCAGTCTTAGAGTGTGCATCACCTCCTCCCACATCTGGCGAAAGAGGAGTGGACGGTCCTCCAACGACCAAAGAGGTTTCATCTCTGTTTAATGGTGGAAAGCGCTGTTTCAAGCGCCCGGACACATACTGCTTATGAGGGCCGGCGTAGCCCATTTTTGCAAGAGGAAATCTCTGCTGACTTCAGTCTGCTACGCGATCGGGGCGTGAGTTCGGCCACGCTATATGCTCTGAGATGGAGTGATGGGCCCATTGCTGAATAAGACGCTCTCCATTACGGGGCCGGACTATTGCCTCTTGGGTACACGAC,1054,50.38,Mus musculus
SEQ_112961,CGTTTTAATAGTCTCCGGGGGACAATCCTGATTTACGGAAGGCAGTACCCCGAGGACACCCAAGGCCGACTCGTAATCCCTAGTACACAAATAGCGTGCTCATTTGCACGGACATATGTTGTCCATTCGCTCTCAGAGTGTCTGCCGAAAAAGTAGTACGTCCCGACGATCGCACGAACGGCGCATGCTCTTTTGATAAGAGTGACTACTACAATATTCACCGCTAAGATGAGGACGCATTTATCGTAACCGCGTTTGAGCACCTAGTACGAGCGCACGTAAAACATTTACTCTTTCGCCCGCGCTTACATAGATAATTACTGCGGTAAAACCCGTACATGGAACGCACCCTATAACCATGGGACTGTTATCTGAAGCCAGGTACTACTTCTTGAGAGGTTTGTGATGGTCGGTAAAAATCGGCTCCGTGGCTAGCTTGGACAATCCTCTTGTTCACCTAAGTTAGAAGCAGGCCTGCCGAACGATATGTAATTGTTGCCCTTGTGGGAGAGTCGGGATGGCCTTTAACGGAGTGATTTTAGGTGCCTAGATAATCAGAAACCATTCCTTTACTCGTAGTGATCACCGAAGTGCTCCGACGTCAACGGTATAACTCTCGTCGTCTAAAAGTCAAGAGTTGCAGTCCATCTCTCGAACGGAAGTAGCAGCAGAATCGCGTCAGGTAGCAGCGCATTTGTGGGTAGGCTGTTACCACCCATGGCCCGGTGCACAGTCTTCTGAACCTTCTAATACTATGTCAACTATCGCCCTCACTTGTTCCTGCCAACAGGTTTAGATGAAATACCTAAAACAACTTCTTCACGGACAATAACCACTCTCCGCTCATATCGGATCTCCACCTAGCTGGCC,870,48.39,Mus musculus
SEQ_957309,TCGGCCCCGCTGGACTCTTGTGATGACACATCCCACCCGGCCCTAATACAAGCCCGATATTAACAGACACTATGCTTCTACCGGCGGATGTGAGTTAGGCGGTAGCTGAAGTCGTTCTAGGCGATATGCCCTTAGCTTTGAGACGTGGAGCTTAATGCGAGCTCTCTAAATTACTAACTGAGGGGAGCGATGTGGGCTGGACCCCTACGATGCATGTTTCCGCCGGTTTAGCTCCGAAGGCTGAAACCGGGAAAGTCTCCTAAAAGCTTGATACCTAGAAAGGCACATAAGGCACTTCTTCGTGTCTCTCGAGGCCTCCATACACTCGACACCTGAGAATGGAACCTAGGCCTGCGAGAGATTCATTTGAGACTACGTGCCCAGACAGCCTGTAACTTCCTTAAGCCAAGCTCATCTGACTAAGGGATCGGTATACGCTCTTCTTTGACCAAGG,454,51.54,Caenorhabditis elegans
SEQ_118819,TCTGGCTGGCACTTGTTCGGATGAGATTGCACATTCTCCGTGTCCATCGGGGGAATAACAGCTATACGTTCGGCTCGGTTTGCATTCCCTTCTAAAACCGCCTTGGTTAAAAGTTGTGTGGACCATTGTGATCCCCACCTGAATTATCTCACACGTACGGAGGTTGGCATCACGGTGTTGCACTGCACTCGTACCTCATGCATTTAAGGCTGCAATTTATGTGGCCTACTGTGGTCCGCCGCGCACTTACGTATCCCGCCCAACAACCAAACTGGAGAGCGATGTCTCTCCTGAACACAAGCAACCTGTGCTTAGGAGACTTAATCCAATGTCGAGGTCACATCCCGACCACATTCTGGCGGTAGTTTTGAGTTCGGCCCCCGTACAGGTCGGCAAGGTACGAGATGTCGTAGTAGTGATATTATACGTGCGGGTCGCAACAAGCCATCATGGTCGCAATGGTCTACCTCGGCAGGGTACTCTCATCTCACAGAACAAGGCTCCAACTGGCGAGAGGAGAGCTTTACGCCTGTGGTAACTAGTGCTATTTGTGACTGTGGTTTTCGATCATGCGCCCCACACCAGGTTGCGGACACGACCGGTGACCGCACTAACCAGTGCAGGATGGTCTTGCCTTGTTACATGACTCGGTGTATGCCGTTGCGGTGGGAGTGCAACGTGTCAAATAATAGTAAGTGGATTTGACCAGTTTTTGGAATGCCGGCCCCTGAGTGTAGGCCTCACCCAGTATAGCATTACTCTATTATCTCTGGGAAAACACTTTCAAATAGGCCTCAATCTGGAGACTACCCAGTCGAACGTTATGGGTGCAGACACCGCGGTAAGTCCGGCAACGGAGAAGTGATCCGACTGCAAATTGAAGGAAGCTATCAGATGTACCCGACCGTTTAGACCCATTCGACAACTCGACCCTATTAGACCCCGCCTCCCCTGCGTAATAAACATACTGGGGTAAAAGGCACAAATATCCGAACGCGCGAAAGGGATTCAGAGTCTGCCTCGCCTTTGCGCCCCTCAAAAAGGAGTCGCCTATACCGAATATGGAAGATTTTACTCTGCCGGTCACACCGTCCCCATGTGGGTGCGGGATCGGTGGACCGCAACTAAGCTACTTGGAATGAGTTGCAGTCGGCAAATTGAGGGTCATCTTGTCATAGCCTTCGAAA,1187,51.47,Arabidopsis thaliana
SEQ_638961,GAGTCGCCTGAAGACTTGTCACTTCGATTGTACTCGCAAGATGGACCAATCAATGGGCTCAGTCGGGACTTATCTGATAAAGCCGTTGGCTAGAAATTCGACTGCGCCTGGTAGGCAGGTGGTCCGAGGGCTTGAATCAATCTCATATAAAGTCAATTACCGCT,164,48.78,Drosophila melanogaster
SEQ_343708,ACCGGCACTTACAATCCCGACTGGGGGCTAATACTGTTCACCGAACGGTTGTCAAGGCTGCTAGATAGCAAAGTTGCAAAGTGTGATAAACCAACGAAGATTGTGGCGTCCAGGTGATGCGACATTACCTGTAAAGCTGACGGGAAATCAGCTTCAAAATCCACTGAATCGTATCCGCCAAACGTACATACCTCCTCGTATAGAACAGCTGCTCCCTATTACACTCGTGTCCACGGGACGCCACCAAACCTCTCATAAAATCCGTTAAAGCACGCTCATTATTGAGGCTTTCTTTGGCCTGGTGAAACTATAGCGTGTACCTGAGCCCCCTTCCGGATAACTTCTAACTCATTAGTGGGGCGCAAATATCACTAAGGTGTCCCGCGGTTAAATATCCCTGTAATCGGACAAAGAGTGGCAAATCAGGTTCCCGCACCGTTGCCCCTAACAATGCCAGAGAGGAAACGGTGTCCCCAACCGAGCGCCAGTATTGCACCCGTTGAGGTCGATGTTGGCGGGAATGCGCGGCTCTATCCGAAGTGACTCGCTACGGGCCGTAGATCAGGAGTCTTCTGATACAGTTATCGTTTAGCTCGGCCAAGAATAGGTGTCATACACACGCGCACACAATCCAGTATTCGTGCTCACTAGTCGCGTCGCGTGTTACCTCGGGCCGTGATCCTGTTTAACATATTGAGAATGAGCGCTCATCAGCAACGTTATAATGCGGAACGTCCTCATAACGGAAATTCCAAGACGCCGGGTTATGTGCACTTTCCCGTATGACGAGAGACATTAAACGGGCACTCTGCCCTGCCGTTAAGCTCGAGAGGGAAGACCCGGTTTGTATGTATCCTCGTATCAGTCCTGTGGCGGCATCTCTAACGAGTAAATGCCTAAAGTCGGCTCGCGTGGTCGGCAGACTTAGCCTCAAACTCGTAAAACCAGTCGAGTATGTGATATGGATACCTCACGCAATACGCCGCACCGTTACCACCGGCAGGCGTAGCTTGTCTGCTCTCCGGTTATATACCACAGACGTGACCGAAGGGCGTAGCGATGGCCGGGAACCGATTTATCTCCTTGACTGGACCTCCTCTACTGGTGCAACATTGTGTGAGAGCCGTTGTGCTAATGGATTAACCACCCCACAGAAGATAGATCCCTATTGGCTACTGACCCACTAAGCCACGTTCTAAGGTTCGGTATGTCTGAATATGAATTCTGAAACTACGGTTATCACCCACGAACTCTAATATCCTTCCTTCATGTTCAGTTATATTCGGGTAGACGACCGAATTTTAAGATACCGGGGTGTTTAATGAAAACTGTAACTCACAGGGC,1344,49.93,Caenorhabditis elegans
SEQ_656777,CTCTCTTGTAGAGTCGCGTGTCTGTTTAGGGAGGAACGTCTCACGTCTGCAAGTATACACGCACCAGAAGGGTGCGCCATGCCTTCTTAGCTTGTTCTGAACGGGCAATACTCTACCAAACCATCGCAATACGTTACAATGGTCTCCTACCAGGATGGGCCATTCCGGACTAGTTTTAGTCATCCAGGTTGTTGAGCCATAGGGGAGCCTTATCCCGTCGCCGACTCCGGTCTGTGAGGACCGAGTTTGGCTATTGCATAGATTTGTACGATTGCGGTCTTGAAATGACCAATGTTGCGAAGATACACGCTAAATATGAAGAGATGTCACTAGTCAACCACCTCGATTTTAGAGCGACAGGTCACTACCTTTGTCCCACCCCGATGATTCCGGGGTATCGTATCGTTGTCATATCATGATCGCTTGACACATCGTCATCGAGCAAATTAAATACAGCTGGCGCAGAGTTCCTACAGGCTCAGCTGAGGTTTCCATCCCATAACTTACGGGAGCGGCGTGCACCGATAGGTGTTTAGAATCACTTGGGGCGGCAATAACACTAGAAGGGTGAATGATAGAACAGTGTATAACACGGTACTTATGGGATGTGTACCAGACGTCCGGATTTGCATATACTATTTTAAAGTACAGTAGCGCTGCGTATCTTCAACCACTTCGGCATCCAAATACGACGACAGCACGCGATCTGTGTTGCCACCCCGGTAACGGCCGGGTCGGATAGAGGGATGGCAGTTAATTGGTCTTGCGCCCGATCTTTAGCGGGCTTAATCCCCGAACACGCGCGGCCGTTCGGTTTGCAGGCCCAAAAAAATTTACAACGCCTCAAATCTCGCTATCTAATTGTGCCAGAACCTCTACCTTACTTCGTTACAAGTTAGTGTTTTTGAACCCTTAAAATTGTTGGCCACGTTCCTTGACCAGTCGCACACATGGGTCCCCTATAAACTACGCCGGTCCGCAAATCTGGGGGCACACCAATTTGCAATATGGCAGGGGGGTTTACGGAAGCTGTACGCCCTTACCATGTGACGCGGCTAGGCCAGTGCGGAGGTCGATATGCTAGGGGCGACCGGAGACACTTCAGTAGTTGGATCAATTCACTGAATCGCGTCTCAGTATAGCTTCCGTACCTTTAGGCCGCAAGAGACTTGCCCTCGGCCTCTACCATCTGGCTGTCGCTGCTGCTATATTAGGATGTAAACTCGAGACCCATGGGCGTGTCGCCAATACAGGGCACTCGCTACCTTACAAGCACAGTTCCGCGTGCGCGCGTCATCTGAAAGGACGTCCAGGCCACTAAATCTGAGCCAGTAAGCATGCTACTGCAGCTAACTGGGGCAGGTGCCCACAAGTAGGGGTGAAGGTAGTATAGTAGTGTCGTGTGCATCTAGAGAACCCGTTTCGGAATAGCATGCCCCCAAGTCCCCGAGCCAAGCCATAACAGTATAATTGCGGCGGTATGTTGCGCTCTAGGTACTATCTGCTTGCTCAGCCGAAAACAGGTTCCACTGCAAAGTTGAAAAGGACTATACGCATCCGCGAGAGTCGGTCAGTAGTGTATTATACCTATCGCATGGCCGGGCACTCTTTTTCAATAGCTGCCTTTCACGGATTTTATCCGGCGGTGCGGATTCCGGCCATTTAACTCCGTCAGTCCTCCTGAATTAAATCGTGAAGCCAGAAGGGGGCCGGTACCCTTCGCCTCACAATCATTAGCTACTCCGTCAAACTCGGCGAGCGTGTGACTGCCGGTACGTCCACCAGCTTCCCGTCTGTAAGAAGACGAACTCGTGGTTGGACCATCCTGG,1829,51.34,Arabidopsis thaliana
SEQ_104410,TACAAACATACCGGTCCGATTGGAACGTTCTGCCTACCGTAAATTAGGTGCTGTAATGAGACAGCCACCCAGACCAATTAACGGTTGTCACTGTCACAAGCCCAACATAAATGGGCAAAGTGGGCCAGCTATCCAGTCCTATCGGCAATCTTAAACTCTATTGCGCATCTATACGTGCAAGGGAATTGTATGCACGGGGTTCCCAACTGACGTGCGCCAAGGAACAACTATGGTTCGCCCTAAGGGATTGCGGCTACGCGGAACATTTCTTGGTGGAATGGAAGGAAGCCGACGAAATCGGGCCTATTCAAGCAGATTTTTGCCACGTGCTCCCTATCAGGTCGGGACATTCAGTCCCCGTGGCCTTGACCAGGAGCGCTTGGTACGAGTAGATCACATCCTATTAGGGAAGATCCCCAAGGATTCGGATGCTGGTTACTTCGTGGCGGTGCACGGCGAAGGATACTAAAACAACTAAGTCTGAGTCAGAGGTATTGCCGGAACGCAAGCGTCGGTTCCCTGCTCGAGTTCCTAGGTCGAAAGTGCAGGAGACGATCCCAGGGAGTTCTACCAACAGGCGGTGCAGCCTATGATGTTCTAGGTCGTCTTTCCGCTCGCTGTTGCAGGTGGGCGCAATTTAAAGTGTTTTGATTCGGAAACATGCCACTACAACTTGGAACATCTACTGACTCAATACATAGTCTACAGATCATGCGCCGCAATAAAGACCACTTGCTAGTACTAACAATGAATACCAACCGGGGTGCGATCCTTGTGTTCGCCTGCCTCAGCTTACTCTTACACCTGCTGACTTGTAGGAGCCTAACGCTACCTTTACACAAATATCCGAACGAGCCTGAAGATAAGGGCCAGCTCCTGGACAAATTTCGACTACTGTAGAGTTACATTTCGATAGGTGGTGTGGTAACTCTGGACGTGCAAGTGTGAAACCTGCAATT,959,49.84,Mus musculus
SEQ_813327,TACTCAGAAACCATTGACCCACCCCTGCTATGCCGATGATCCCACAGTCCTACACCGTTACTCGGTTTACGTCCACCTCGCGTAGACTGGTCGGTGGTGCTATAGAGTCTTCGGTTGTAGTCGCCAGATTTTACCCGTCCCGGATAGTGTGCGACATGGGGGAGTACACATAAATACCCACGGGTCTAAGATAACCGAGTCTCCCATGGGCGGGGTCGACATCAAGGAGGACATGACGCGAGTGCGCGGGCAAAACAGACGGCGGCCCTTGGGAAGGCGTTATGTGGTTTAATGATTAGACGCGGTCTTATCAGCGGTGCATGCCGCAGAGTTCCCTCGTTCTGACGACCCGGATACACTCGATAGGTTTATGTATTCAACCGCACCAAGGTAAACCGATCCTCCTGGGCTTTGATCCCGTGATGACATGTGAGCAATATGCATCCATAGACAATCCAGGTCTACGTCTCACTAGAGATCATGCTACCAGAGCAGGGGCGGGTCCAGGGGTCGTGTCTATAATAGCCTACGTTTCTGCTATTCGTCAGACGTTTCCCACACGAAACTTCAGGGTAAGTAATGCTCTGTGCCCCAATGAAAATGCTAGCAGTAAACGGAATGTACAACACTCCTACAATGCTTCCATTGATCGATAACGTGATTTGGCTCGACCGATCACCCGTAAAGCCGTCATTACACGAACGTACATAAGCGATCTATAGAGTCCATACCACGCTTGAATAGTGGTCGGTTTGCTCACCACTTATCCCAGGGATCATAAAAAGCCAAGAAAATCTGTGAATCAATCGAGCTTCATCTCCGTACTTTGGTGTCGGGCGTCCATAATAGCTCGCTTCTGTACACCTTTCTTGACTAAATGCTCGGTCATCCCTATGAACCGGTCGGTACTGCATTTCGACCGCCTTGACCATGCTCCTCAGGGGAGTCGGGGTGAGTCGTGTTTTGTTTAAGTCGGGTGAATATCACGATAACAGACACGATGAGTGGGGAACGTTACCGGGTTACCGGGTGCTCCTTTCCATGTGATGGGGCCGTAGGGTCGGGGGCGCAACAGCAGAAGTTCGTTTTAACCGAAAAACCTTCAAATATAACAAGATCGTCCCCACCGTCAGTCTGGATGATTAATAGGGCTGATAGCGAAGAGGCGCGTAATTAGAAGGCGTCCTGAGTCCATGTAAACTTCGTACACCAGCGTACAGAGAGGCCAAGAGCTAATGAGCTCACCTACTCCCGCTACAGATGTGCCGAACCGACCTTCAGTGGTCTTTTAACCTCACAACGTGCAGAACACTTATTGGCCGGACGCCGCTGGATGTGTTCTAATATATTGCAACTCGATTGGGGCTGCTGGCGACACATAGGGGGCGTGTTCCGAGGCAGACTCCTAACTATACATCAATTGCCGAAAATGGAGTTTTATATCAGTTCGCAAATCTGCCTAGGAGGAGGTCAACCCCGTCAAAATCAAATTCATATGCCCTCCACCGAACAGTATCCCCTAGACCAGCATGTCGGAGTGATGGGCCGAGCCTCGCTTACTCCCTTAAACATGTGCAGTATCGTCTCTAACTCGACATTTCTTGTCCTATAATGAGGGCGTGACCCCGCACGCGCACTTATTGGCCTGCATGTTCAGGCGCCA,1663,50.81,Homo sapiens
SEQ_221987,GAGTGCCTCCGATCACCCGGTAGTCCGGGGGCCGATTAGCGTTCTAAACGTACATCGTAGGATGCAACCGAATTCTCTCACTCTGTGAGATATTCAAGCAGCAGAGGCGACCCGGGAGGTCGCGACCTTACAACGAAGGAACCTGCTCATCCTTTGTTTGACCTGGCTAGCAGAAACCGGGTAACATATCCTGTTTAGTCAGAGTAAAGGGCTTGCTGCTAACTCACCAGACATGAACTAAACTCGTCACACGTTAGGAAACAAACGTTGAGGTCTGAACAAATAGCACCTGATGCCGGGACAATTACGATGCCACGTAATCCACGCACTGGTCGTGTCAAGTCACATATTTTCGTATTGCGCGGCAACGAGTGTCGCCGCTTAATGGGTATAGTGTCAGCGGTCATCTTCTTGACATGATTGTTCGCCCGAAAACGATTAGGATGGGGAGTCTGATCACTTCTCGCATCGTCTATAGCCCAGGGTACGTACTCAAAGAGGCTGGCCAGTGACGAACTGAAGTTGCCAAGCGCTCGGATAAGCTGATGTATGCCTTCAGGGCTCTTAGATGTTTGCGTGTTCAATACCATTCGTACTCGAACCAGTAAAGATCCTAGGGTATTTTAAAACGGAAGGCGACAACCGCATGGCGTATTAATGGTCCCCCCTCGTCTCACCTGTGCTTTGGGCCCAAAACTACACTGGTTAATGACAGTAATACTCAATGCCAGGCACGTACCAGGTGGTCGAGCACCAGACTCATGCGTGTGCGAGTTTATAGCTCTACGTATACAACCATAAGCTCACTGCTAATAGTGCAGCAGTCACATCCTTGGAGACTATTTACAGGGGAGCATCTAGCGCTAGTACGGCGAGACTGAGAAGTTGCTGGGACGTCAGTGGGGGCTGTATTGAGAAGAACATGCGTGAATCAGTGGCGTCCTCAAGGTTAGAAGAAGGTCAGGCGTCGTAA,973,50.05,Caenorhabditis elegans
SEQ_800642,TAGCCTTCATGCTGTGGCTCGTTCTAGACCCACCCCAAGTATTGAGGTTTAACTATGATTAGTTTCAAACAGTCTACGTCTCACTTTAGGAATCTTTGTGAGCGCCCCATCCGTAGAGTCCTCTTTTGCCATGATGCAATCCTCACAAGCTATCATGGGCATCATGTATGCGCCTAGCCACTCGTCGACTCTGAAGGCTTCCACATGGTGCATACCGGTCGAATTCCAGTACCCTA,236,48.31,Arabidopsis thaliana
SEQ_793743,GTCCTAACCTGGCTCGAGGGCGACGCTCTGTCGGCACACCGAAGAAGATGTCGCATTGACCTTATTCTGGACCCAAGAATGCAACAGGGACGTAACACCCGTAACTGTATACTATCCCTTGCTGAGCCGCAGACGTGGCGAGATGCGCCCTTGTATTGGCGGCGGGAGGAGGATACCCTTC,181,56.91,Escherichia coli
SEQ_433813,CCAATTGCACTGTATTTGTCTTCAATCAGCCCACCGTCAGCGGGATCGCTTGGTATTCAACAAAGATGGTGCAGTCAGACCACTGATTTTGCCGATATAGGTTTAGGGCTTTATGCTCAGGTTAGGCATCATCAGTTGACAGATGCGGGGTTGAAAAGGCCGTGGTGTACGTTCGTAACTCAGGGGCTACTATCACGGCGTGCAGTTGGTGGTAGAGACA,220,49.55,Drosophila melanogaster
SEQ_541147,CGTCAACCCTTTTTGTATTACTAGTGATTTTTTACGTACAACCATGAGTTATCTGGCCCCGGCAGCATCGGGCTACCTATCTTTACGATAACTGAAATTCTATCGAGGGATTTAGCAACCTGAAGCGCGACATTCTAGTACGGCGTACCGTTGCCAGAAGAGGGTGGGCGACAAACGATAATGCCGAGTCTCCGGCCTGTCAAGGTTACGGCACAAAAAGGACGGTGTCATGTCTCTCAACACGACTTGCGTGGACAACCAGTTTGAGCCCGGTCGATTGGTTCCCATTCTGTGACTAAGAGCATCAAGAATTATATACGCTCACCCTTGGTACTAGTGCGATTTAGGGTGTCCTCGAGGAGCGATCTGGACCTAAGAACTGCCCGAACTGGTAGCACCTAGCAACACTCAATGTCCTGCCAGACACGCCGTCAGAACCGCGCTACGGTCCAGCCTTGCACTCACTGAGGTAGTTTAGTTCTGATGAGTCTACTTGCTCTTATCATCCGCCAAGAAGGGCGATGGAGCTTGTGGCTTGACTTGAAGCATGCTGACGAATTTTTGTCTGAAGTATGAGCTCTTTTAAATGATCTTTCTTGTAACGGAACTATGTGCGGACTCAGTATCGATGCACAGATAAGAAACTGTTAAACACATTTCTATGATTAGTAGCGAGTACCAAAAGCTTCGTAGAATCCGACTAACTAACACTACACCAGTAAACTAAGACACAGCCGGCCAGTATGTTATCTAGCTACGCGTGTGGGGGAATGTAGAGTTAGGATAAATTACGACTTATTCTGGCTTTTGTGCGCGAGAAACTATGTGTGATTAGCGTTTGAAAGTCTCGCGTCGTCA,858,46.97,Caenorhabditis elegans
SEQ_818460,TAACATAGTAAGGGGAAAGAAGAGCGTTCTCAGCGCTAGTGGGATGAACCGACTGGCGTGTAGTTACCTAGTGCGACACTTCGGCCTGGCTAGCACATTAAGTCCTGCACTTGTTGGGTCAGCCAATGACTGTAGCTGCCCGCTCTGATTCGAGGGTATTACCCAAGTATCAGGGGCTATGTTTGTCGGCCATCATTCGT,200,51.5,Drosophila melanogaster
SEQ_120926,TAGAGACAAGCCGCTACGGGCTAGGCACGAAGGCTAGTATGAAGGGACACTGCAGTATCCCGCGATCTTTCAAGAATCAGGCTGTCGCCCTAGTCTAAGCTTAAGACATATCCCATTTCCTCCTATACGAAAATGTACCTCGCTTCGTCCTGATCTAAGTGCTGTTTACTCTCAGGGTAGCATAAAAGGGTGGTACATACTCCTGATCGCTGACGAAACGCACAAGACACTGTCTATTACTGGGGGAGGGGGGACAATTAAAGTGAGCAGAACATATATCATGTCTAAGTCCAGTCAACATATCACGAGAACACGAAAAGTGGCCTGGGTTACATGTGTTGCGTGGGATGGAAATCGACAATGTTTTCGTTTGGCCCTTGCCAACACAGGGCGCCCAAAAACAAATTTACAAGCAAACCGCCATAACTCCGCGAAGTGGAAATCTGTTATATTCACGACCAGGAGGACGGCATGTTGCGACCTTGATATGCATTGAATGGTCTCTTTTTTGAGTGGGGTCCGGTACAGGTACTACTGAAACTGCGTTTGACGTTCCGTCATGTCCATGTGCATTGAATAGACGCCCCCCCCCCCATTCGCACGTACTGACGCGACGATGCATTCACACTCCGACCAGTGCGATTGTGGTCTGTGGCAGGGACGCCGCTTAAGGACGCGTCAGGCTATTATGAAAGAACTCCTTATTTGTTGATTATTTCCGGCGGATTGTGAACCCCACTCCACCCAAGATTGCCTCGTCTCACGGGGAGTCCTTAGTCCCCTCCAGTGACGGTGACAATCCTATTTCCGTATCGTTGTATACGGAACGCAGCGTTAAGATCTTCCGCTCGTATTAACGGCGCCATATAAGCTGCTAGAAGTCATTCGAATAGGCGCACGTCTGCCACGATGACCGATTCGGACTATACACGTGTGTATTCCTCAAAGTGGTGACAACGTGTCTAGGGCGATGGCGCCTACCCAGGAGTTGTGAAGAGGTGTTGAGAACAGACGACTCCGAACTCAATGAGGGCCCGGCGTGGCTAAGCGCGAATGACATTGACGGCTCAATTTATACTAATTCCACACTAAATGGACCTGCCCTACATCTCATGGCCGCGGCTGGGCGAACTTTTACCACTGATGTAGGTGGCTTGTTTATGTCTCCGTCAGCAGTTCACGGTCATAATCTGTGGGTGCGATCCCATGAAAAAGGCACCTGCAATGCCTCCGTGGATTCACACGGGCGCTGTGCGGTCTACGTTTGCACACCACCGACTCAAAATCGATACGTTCTGTGAGTACAATATGTTGAATTACATTTAAATCATGATCGCTTGTGGTTATCTTTTACTGGAATTTGCACGCGGCTAAGAATGTAGAGAGGAGCTTCATGGACCGTGCGATGGATTTTATGCATTAGCCAGGGTATGATCTGGTGTGATAGTCTGAGTCAACGGGCCAAATACGCGCGCATCACGAGCCCACCACCCCTATTCTACCTTACGAGCATATCCCTTTTCTTGCCGTATAACAACGATATAAGGGACCCTCAAGTTGACCAGAAGAAAGATGGCGTGTCTTCTGCCTCTAAAGTCTGAAGCTGTTTGATTTGTCTAGATCAGTCTCGGTACCACGTTCAGAAATATGCTCTAAGCCGTTTCACGACCCTACAGAGGTTTGTGGGTCCTGAAAAGGGTGGAACCACTTCAAACACGAGCAATCAACGCCTTAGAGTGCAAGTGTGGAAAAACCTTATAAGCTTTGAGAGAAGGACTGCGTGACAGCCCCCGGATCGGATAAAAAATCGGCTACCTATCAATGAATTCAGTAAATGATATGCAGGGTCCAGCCAGGGAATTTTGGATGCATAAGACGCGTACCTCACGACAGGAAGTATTGATTCTTGTCTATTAAAATAACTGTGGACACATATAGG,1939,48.48,Saccharomyces cerevisiae
SEQ_249543,TATTCTGCTTAACCCAAATTAGCTGCGAGATGCACGTGAACATTGTAGAGACGCATAAATAGTCAGTTCATCAATTTGGGATCGTCTTGCTCGTGACCTACGTCGGGGTGCCTCGGAATGTGGGGGTTAACGACGGAAGTATTGAGGTTAAACATGCCGTAGTCCATCGTAAGGCCGGACGAGTCCGCGCGGATGACGCAAGCGATCAGGTCCTGGAAGCTTAATTTAATTTCAAGGAGCGAATATAGTGTGTCTAAAGTAATAGAATCGACTGAGACATTATGAACCTCAGATCCTGGTGAAGAAATGTCTATGCCTTTGATTCGTTATATGTACTTGCCCACGTATGATATGACACGACTAGCAAGTTAATACATAAAACTACGCGCGCATAGGGAAACAGCCCAATCTCGCGTCGAGTCTTTCGCTAAATGGGCGCCCGTGATCTAATAAATGCTATTTAACCTTGGCGACTTGACAAGCAACAATTTTAAAATCGTTTATTAGATTCACAGCTAGTCACCCCGAGTTAAACAAATTCTGCAACCAGGGACGCGGGTAATAATTGGGCCGTATGGGTCGAGAGGGATTTGTGATCTGGTAAGACGCATACAACATAACTGAACGGAAGTGGGTACGCATACAAGTCACACTGGTCATGGCCCTGACGAAAACATACAACCGGTTATTAGGTGGTCAATCGTGAAGCTTAGTCTCACTGAGGCTATCCCTTATTTCGGCAAAATATGTCGTGAATATTCTTGTGTCTATCCCTTCCTAGGACTTACCTTCAACAATTGCAGCTTTCGAGCTTTGACTCCTGGAGACGGCCTGAGCGAGCGACCAACGCCAATTTTGACGCACTCTGGTGCGGTTGTTCACATACCGTCGTAAATGATTGGTATACAGCGAAATACGTCCTGGCCACCCAAGCCGGCCCCCAGAGAGGTCCAAACTGGCGTTCTAGGGTTTAAAGTTGGCTTATATCAAAAGCGGCGGCACTACTTCCCACGTCAGTCAGTCGTCTCGTTACGATCAACGCCCACAATCAAGGCTAACGAAGCAAAGATAGGTCGAGGCACCTCATCTAGCACACCACCTGTCCCAGGGCCGCTGCTATCAGAATAAGCCGGTGGACGGCCCGCTGTGGCGCGACGCGGGAGTGAAGGGGTTGCGGTTATAACATGTATCACGAGCGTCTGGGTATGTCCCAAGCACAGAGTCCCATGTATTTGCCTCTCAGCTTCGGTTGATGCGTAAAAAACGCGGCGAGCCGAAACAATGCTTTAGGGAGAAGGAGCGTTGGGTATTCAACGCTCCGATATCGTACCAATGAGGAGTACCGCGCCGTCAGCAGTAAGATCCAGGTGAGGATTCACTCAGATTGATCTGTTTCATACACGCCCTTCAAGCCCTGCT,1419,48.7,Homo sapiens
SEQ_921698,CGTGGATTCTAAACCGAAGGGGCTTCTTACCGGGAAATTCGTGGCGACAGCCTCCCCCTGAACATTTAAATAAGTTGTGTGGGGACCGCAAATATGGTGATCAAACTTTCGTTTATGCAGATGCGGGTAAGACATTGAGGGCACAATGGCTGTCAATACCAATATAATAGCTTTAGGAGCAGACGGTACAGTGTCGCGTCGGGAGTTGTAGGAGCCCAGCACAGATATGAACCTCCGGGTATGCGGTGGAAATCGTTACGGTCAAGGGGGCCTGTCTCACTCCGGCCCGGGCCTCAGTATAGATGTCAGTCAGTCTACGAAGATCATAGTATCGTAACGTAAGCCAGTGAAAATTTCACCCGCAAGATCCCTATGTTTTGAATGGCTAGCAGCGGCCTCCACCTGTGATCATCGCTGTTTAGTGCAAACCCGGTTTTTCCGCTGTTCTAAGTCAGGAAAACGTACGCCAAGTTTAAAC,478,49.37,Mus musculus
SEQ_167536,CCGCATTGACTCCTGACCGCCCACACACTCAGCCTTGACAAAGCTGGTGCTCACATACAAGCTGTCGACCGGTATTTCCCTCTACTACCGAATAAGTCGGCCGCATCCTGTGCTGGGTACCATACTTCTCATAGTTGCCGTTGGACGGACCTGGCCGGTGATGTTCCGCACCCAAAAGCTTCGTAGATGAAAAATACTTTAGCGTGTCACGTGTATAACCGTCTAGCAGCGACGGCTAGAGCCTTGGAGCAATTTGTGCGCACCCTGAGGTCGAGTACTGAACCATCGCCAAAGAAGGTGACCCCGTTCGGCCTCCTAGAAGATATAACTCCGATACGAATATGTGCCCGCGATTGACGACGAACGAAAATCACAGCTGAGCTACTACAATGATACGGCTACATCCCTCGATCAATCCTGCAGCTCTAAATCAGATGGACCCTCTCTCCCTGATTATGCGTCCGCAGTGTAAGGGGTATAACTACCCGAAAAGTATAAACTCGGCCGCCGAATTAGGCACAACATGCAATGTGCTGGTACGGATCCAACTACAACTTTCACATTTTGCCACCCAGGGGAACCGCTGAAAGTCAGATTAAAGGGGAAACGTCAGTGTGTCGGCACTTCTACCGCCAATATGTCCTCCAGTTAAATGAGTTTCCGACTGCAAGCCACTCGTTGTAAACTCCTTGCAGGGCACCCTCAGTTGAACGCGCGGTTCCTTCATCCAGTGAAAGCAGGATTAACGTGCAGGTGCACCTTGATATTTCGGTCAGCGCATGGCGGACTGTTTGGGATCCTTTCATATGAGAAAGTCTGTGCCGAGCTCCATTGTGTAATATGCTATTGTTTAGCCCGCTTGTTGTCATTAATAAGTTACCAGCTGCGTATCACTAAGAATGCCGGTTCACCGTTGATACGCCGCTTCTTAAACTCGCCCATCCCCGATCTCAATTGGGGCTGTGCTTCAGGGATATCTCTAGAGAATCTTGTTCTTCCCGGAGTAGGATAGTCACGGCTAGGGTCCGAATCCCCAGCCGAACTATTGGAGCAGCTGTTTTCTATTCGTTGTACAGATCCACCCCAAGGAGGACAGATCCCCATAGTTGGACAGTCGTCCAATCTTCATGATCTAGACCTTAGCCAGAATAGCAGGATGTTTGACAGACCATCCAATAGGGGTGCAGCGTTAGCCGACTTAGGCTGGGTGAATGCCAATGGGGTTATCACCACCTTTGATTTGCGTGCAATATTATGGGTTGAACTTTCCGAGCTAGAGGAGGAACTTTGAAAGACCTCTTTATATTTACTACGTATCTGATAGATTAGAGCCGGCGGAACCAACCAGCCGATGATCTAATCTTGGGGGGACGATTCGTGCTGGAAGCGCTTAATACGTGGAATGTTGGTTTTGCGAATCTTCATATGACAGGCTATAGTGGATGGTTAACGCCCCCAATTCTTGCCAGGGCCCCGTCTTAATCTTAGATATTTAGCCTCCTCGTCTCAATAGCCGTTTTACCGACCTAAGCCATTGTCTCGTGTAAGAACCGACATTATAGGTCTAGCGACATCTATTTAATTCCGAACCATCTGACCGTAGAGACTGCGTGGAAGGGGATTAGGTGACTTGGTCGTGCCATGATGACTTTGAGCAAATTGGTTCTTTCACCGTGAGTGTCTCGTCCATAGTGTCCAGCCAGACAGGGCTTGGAGAGTGTACGTTCAAGCGTCTCAAATTATCAGTCTGCGTATCGTCAGAGATAACTTGCGCTATCGTCGTCTAGGCTAATAGTTATGGTCCATCTGATCGGTATAATGGTCCCATACAAGGATAGGAGAATCCCTCGGCGATGAAGT,1860,48.98,Caenorhabditis elegans
SEQ_248389,TTCGCTGGCCATGAGCTTCCGGTATGCTTCCAATTGAGAGCAAGATGTACTTGCATCGATCAAAATTCCGATTTATAGTTTTATACCTAAGTGGATGAGACACATATTAGTGTCATGAGCTCGTGATACTAAGCTAAGATATCGGCATCTTATCTAACCGAATCATGTGGCCCACCGAAGTATCTTGGAGAGCCAAAGCCGCGCCCCCTTATATGCCAGGCCCTTTATAATAGGGAGGCCTTAAGTAATGACACACCGCTCCTCTAATGGTTTATGATCCTTCTGGACTAGGCTGTCCTACAAAAGGGCCGCCTCTAAGAAGCTGCACCGGCACGAGAATGGGACTGAGAAAACAGACTTAGCGTGAAATGCTGCTTCGGGTTCACATAGTACGTTGCTGGATCGTTTGACGAAGAGAAAGGATTGATGGGGCTTCCGTATGTGTACAGTCACTGTATTGCGCGACTTTCTAGTCACGACGAGGGTGAAACGGTGGTTCGATCTAGGTGTGGTACATTTGGGTGAGTGTGGCTCGATACGAATGTGAGTCTGCCCTCAGCGGTACCTCACATGCAATTCTACGGCTGACCTGGTCCACTATAGCGTAAACCGACGGGACTGCGCTGCAACGCCAGCTGGTTGGGACCGCATGTATCCGGGAGTTCTAAAGAGGATATTAGCAAGAGGCCTGCGACGCTACCTGTTCAGCCTCCCCCTACCGCATTTTGAACTTGCTAAATCTAGGTGTGCAAAGATTACCTGTAAGCGCCCTACCTATAGTGTGTATCTATGCAGAAGTGGGACGGAGAGTCCGCACCTGCTGAGCTCGTCTTCAACACTCAACACCTCCTCCCTATTGCGTATATGCGGAATTTTGGCAGGTTAGACCATTTACACGGAATTCTATGTACTAAAGAGCTCAAGTTGCCGTAACTCGTCTATAAGGCTATCAATACTAGAACAAGAGCAGTCTCTCATTAGCCTGCACACTAGGGGCCGAGCGGTCAGTTCATACACCATATGAACGTGTAATGAGAGATATGTAGATTCCGAGAATTATCCAAGCTGCCGCCAAATAGGGGGTCTAGTTCAGCGTACCAATTTAGGCCCAACGCTCCAGTTAACACATAATCGTCTAAAATTATGTCGAAAGGCAACCCTATACGCCAGATTGCAC,1177,48.17,Drosophila melanogaster
SEQ_436241,GCTTGGTTTGACTTAGGTATGCCTGCGTATCGCGCTTACTCGATCTCGAGGATGTTAGACCCGCATACGGATTAGATCCAGACCCATCCAGGTTTTCGACTACCATAGATAAAACAAAGTTAGCAACACACGAGGGTGTACGCCGCTAATGAATTAATTTAATGAAACTTCCGACTGCTGTGGGCTTGTTCCGAATTATGCTCTTAGTTTAAAGAATTATCTAGAGGATATTGCGGGAAAGTCGCTTACAGGATATTGCTCTGCTAGTGTGGGCAAGGAGGCAAGTGTCTGCTAACGGTGTTCGCAGGAAGCAAATGGGCAGTGCCTAGCGAACCCCTGAGTATATCCTATAAGCGTGGTACTAGGGTACAGAGCAT,377,46.42,Saccharomyces cerevisiae
SEQ_397887,GAGACAAACCACAATCCGATCAGCCCGCTTTGGGGCCATTACTTTATGAATTTTTAAGGCACGATTCGGCAGGCTGGACTTTAATGATGAGTGCGTTGCACCGACTACGAACTGATGACGGGTGCCCGAGAGGGTGCCACTCCGACGTCTTACCCACTGGCGTCCTATGGGGTACGCCCTGTGAAAATAGTCTTACGAAAAGTAACACAAATATAAAGGGCGGAGTCCAAGCGACAAAACTCTGCGATTCGCTCCGAACGTGTTTAGTCCCGATACACTTAAGCATTGATCGAATATGTCGTTCAGAGTTTTGTAGTGGAGTGCATCTCATTTTAGTATATTAATACTTTTCAAATGTAGTTTCTCACTTTGGGGTTTCCACTATTACACTCTTGTATGGAGGGCCCCATTGATTAACCCGCTACACCTAAAGACGCATCGGAGGCTCCGGAGCGGGGGGTTGGACGTACAAGGCATCGGTCGGGCTGAGATCTGAGTGTAGGAATCAGAGGCCTTGAATTGTACCGTCGAGCCAAGGTGCAGTGTATCATAACTCGATTATATACCTCCATAGGCTTAATGAGCTCAAGGGGGCCCCTGAGAGGCTCACACAGTCATGCATCAGCTCTAGACTGCTTAACCCCAACGATATAATCCATCATGTGCATCGCCAGTTAGTGGTATGTCCGGTCCCTACGCCACCTAATGGACAATGGACATTATATTGATTAGAAGTCCTAACCTGTCCCGATGCCAGGGTGGAGTGCTGCGGTGGGACTACCTCTCCTTTGGAGCGTTGGCCCAGTTTGGGTCCTCCGATAAGCCCGTCCCGTTCTGACACAACGGTCACCGGCGATAGCCGGACATACATGATTACCAACAAGGAGCGTTGGGAGCCTCGAGGGGTCACGAGAAAGCACTGGCAAGTGGGAGCGCAAGCCTTGCGTGCTACGTATAGCTTGAGAATGAAGTGGGCACTTGGAAAATCATCGAAACGACTCCGACTTGAGCCTGCTTGCATGGGCTGCCTCTGTAGCCCTGGGAGCTTGTAGCATAGAAAGGTTGGGAAGCGTCCTCACCATGGGCCTTGATGCTGCCTGAGGATGGCAACGGCGTTAAATACTTCTTTGGGTTAGCGAGCGAAAATAGCATCCCACCATTTATAGACACGATACGGACCCCCATGTGGACAGAGTGCATCTCTATTCCTATTTGGAAGTTGATTAATATCACTTCGCCGCTGGGAGGACCGCGGGGAATTACAAGCTATCGATCTGCGAGGATGACTTATCGCCTAAGGGTCTGACGGCCCCAATGATTTTGTTCAACCAAGTAAAAGGCCAATATTGTGCGATGTTTTCTGATACCAAGTGACACCACCCACTGCGATCCAAAACCGGGGGGCGTACTTACCGCGCCCCAAACGGGAGGATTGGGGGTCCGACATCCTTGCTGAGA,1458,50.89,Drosophila melanogaster
SEQ_222177,CTTGCCTACGATACGCCACGTGTCGCCCGAAGGCCTAAGTCCTAATTTCTGAAGACCACTGCCCTGGACCTGCCCAAGTGACCCACTCTTCTGATAGAGCAGCGCTTTACACGGTAGACAACGCACCTTTCTACTATCGCGAACATCCTCTAAACTTCGGTAACTTCGGTCTTAAGGCATGCCGACCTAGCATCGTAACCCACAGTAATTCTGTCCGCGTCTCCGGATAAATCGCGAGATCACGTTGCACAGGGTCATTCGACACGCATTTTACGTCACCTACTCTCCGTTAATGCTCTTTCATTGAACCCAGGACAACCAATTGTATGGGTTCTCCCCTAGGTTACGAATCCGCGATTCGCTTCGGCCAGGTATAGTTGTTCCGGATGTTATAGCGGACGCGACGTGCCTTGTGTCGAAATTACTTAGGACGCGCGTTTAGTTGGTCCTAAATGCCAATGCGCCGCGAGGTTTTAAATTGACGGTAACGTAACCTCGATGGCGCCACTAAGCCCTATATTACGATGCTCCGTCATGCCTATAGGATCGAATCAGGGCGACTCAAGGGATATCTGTTACGTGGTCAGGCAGTTGACGCACGCCTGCCTGTTGCACTGACCTTGTGCCCTCGATTTAAGTTGTGCAAAACTCTGGAACGCGGTTCATGTTTAACGCTCCAGTGTCGGCAGGAGTGACTAATAGTGACACACCTCCCTCACAGGAGTTAAGCATCCCAGCAAAATATGAACCTGCTCCAGCGACACTGACAACAATGTCAAGGCGTGAGCAAGTATGATACGAAAAAATAAGTAAGTGCGATTTTGTAAGCGGGATCTCCGTCCGGGGTCGTACCCGAGAAGCACATCATCAATCATCTAGTCTAGAACCTCCGCGTTCATCTCTAACCCATCTTATCGACAGTTAGTACGACGTTATAGAGGCAGGTGTCATCGATCAACAGCAACAAACATCGTCGAACCTCTAGCCCGGGGGGGGTTGCGTAGGTCTGTACTAGGAATTGAGGTCTCGTAGGCGCGCTGACTTCTCTTTTCGTGATGGTAGGGTATCCACTGTAAGGACGGCGGGCCAGCAAGGAGCTGGCGTTTTGTTCTATCTATTCCATCTTGTGTCTGTAAGCGGGGTCGGGCATTCGGGTTACACGGAGCTTAGTTGCTGTGTTGCACACTCGGTTGCAGCTCCCGAATTAATCGTGCTCCTCGAATCCGCTGTGAGATCAGTGCTCTTGTGCTAGATTTACGCAACCAACAGAAGCGTTTGTAACCTCGTTTGTGACTGGCATGC,1302,50.69,Homo sapiens
SEQ_770026,CCCCTCTTATGACTATAGAATATTGGACGTGCCCTAGGCACGTCAAGTCTGTGTATAGTCTAAAGGTAGACCCCAGCCTATGCGACGGGAGGTTACGGGGACACGAGACTATCAAGCACTTTAAATGCGACTGAAGATAAGAAGCCAGTGCAGCTATTTTCCTTGATGTGTAATAAGTCAACACTCTCGAGCGACAGACTTCACTTATAAGTATCACCGGTATATGTCTAACCCTGTTTTCTGCGAATATACGCAACCCCATTTCAACTGTACGACACGCTCCGTCTTGTTAAGTCGCTTTTGAGCGATCTTTATGGTTACCGCTGTCTTGCCTTTTCACGGTGGGGCTAGTAACGTCCATGAAGACATGTCACTCTGGGCCTCACCGTCAACAATATCAGCGCAAAGCATACGGCACGTTCATGGTGTGGTATCTTATGAGATCTACGGCCTCGATGCACATTAGCCCTTAGGCTAGTCGTCATCACCAAAGTCGCGTCACGTGGGGATTGGCGATACCCCCGAATGAGTACCCGGAGGCCGGGGGGGCAAAAAGGCACATGCAAGGGGATCATGACTTGGCCACTCATGGCTGCCAAATGGCGGGCATATCGTGAACCAAGAACATTAGAGGCAATAGTAGGCCTTTTGGGGACGACTTGAAAAAAGTGTGAAAAAAACACGGCTAATTCATATCAGCGGGTCTTCGCTATGAAAAGGTTGCTGGAGAGTATTACCCGACGATCGTTCAGTTCTGTCTGGCCTATAGTACACCACATGGTCTGCACATTTCCTTCATATGTGGCTAGTGAAACTTTTACACCGTAAAAGCTAGAGGGATTATCGTCAACACATCAATAGCTGCCTTCACACCCATGGCCTACTCCCTGAACGTAGTACGGGTGTACCGCACCTTGACTCGACCCACCACTTAGCGCGTAGATAGGAGTACACCTCCGCGGGGGGAGCTATAGTACCGCGGGAATCGCGGTGCTTCCAACCTAGGGATAATTACCAGCCGATTCACAGCTTTGAATTCAGCAAAACCTCATATGGGACACCGGGGTGACGGGGATAGAATATGTGGAAAGGGTATACTTGCCTCTCGCTTGAACGGGTCCGTTTGCAACGGAGAGCTGTCAGGTCTAGTTGAGTTTATGAAATGGCCGTTTATGTTCACAGAGTTATAGACGGGTCCCTAGGTGATTCACAATGATTCAACGGTAGATATATGAGATGCACTACTTTACCAGGTCACAGACAGTCTATTTGGGACAGCAGATAAAGAAAAGCTTGTCACGTGGTACGTGGACCAAGAAAGCTGAAAACGATTGCTGAACTGATTATAAGGACTTTCCCTTATTAGGGGTTATCGTGCGGACTAGTTTCTAGTGGAAGGGTTTAGGATCTGTGAAAGCTAGGCGGTAAGATACTATTAGGCCCCGGGCAGGTGTGCCTCACAAGTGCCCTGACCCGTACCATGAGGACCCGTCCACGATGCGGGATACAAAGTACTTACGATATGAACTGCAAATGGTGACACTCACAGCTTGTCCTTTCTCTACCTAGGAGAAGGTGCGTAGCATGGGTGACCCAATTCACTCCCAACACACATTTAGTGAAGTGGCCCAGGGTATGCCCTCTTAGCCATTAACGCCTCCAGCTCATTACACGACTTAATCGATTAATAAGTAGACCATTCGCAATCTCCGTACACTTGGACTATTCGACCAGCGTTGTGCGGAAGGGTTTAAGCTAGGCGCGGCTCGCCTGAACCCTATATATTATGTGAACCACAGTCTTCAATTGGCGTCGAATACTGGCTAATAACGGGAATGCTTACTACGCGGAGTTGCCCTCCCGATCGATGTAATGTTGAGTGTAGAACATTTCCGCGCAACGGTTCCCTCGGTTGCCGCTTAGTGAATAGACGCTTAAAACCAATGACATCCCAGGTTGTG,1961,48.65,Arabidopsis thaliana
SEQ_739733,TTCAGCACCCGTTTGATTGTGAGGAACTGAAACGCACGCGGATGTTCATGTAGGGTGTACTGAACTGCGAGAATCGTCGCATTGCAGTTACCTTTCCCCCCTGGCTCTCATCTGAGACCATGCTTCAGCAAACGACCTTGCAGGCACTGGACCAACTTCTAGCGAGAGTACTTCGTTACGTCATCTTGCTAGTGCCCTTACTCGTACGGGCTGCCAACTAATGCACAAGGAGTAGACATGATATATATTAGCGGGACATTATGCCAGCATAAAAGGCAGGTGATGTAATCACCACAGGCGCAGTGTACATCCGGGAGTATCACATCAATCGTGGATACTCCGGAACGACTTGCTACCCGGGTGACCGTTTGAACTGAACTAATCGTATGAAGCCGCTAAAATCCCTCCAGTTATACACATCGTTCCTAGGGTAGATTCTAAGAGCCACCCCTGCCTTATATGGATCGGTATAAGGCAAACAGCTCCACAAGTGTGTAGTTCATGTCGATTCTGCTTGCTCTCGGGGACCAAAATAATCACATTCCTTTTAGTATAAGCCCAGTTTGTAATTATTATCAGGAATGACCGGAATTCTTTGTACCCGAGTTAGCGTCGATATAGACAGACACAGAAGGGTACGCTGCTCTGAGGCCGAGTGGATTGGGTCGAACACTGCGCAACCTTCACGTGCTCGGCCGAGTATACCAATGACGACAGGGCTGAGACGGTGGGGCACCTCGTTTAGTATGAAGGTGACCCGCCCGTTGAGCCCTCCAACGAATACGGCAGCTCTTTACAAAGAGTGGCCGGACAGACTTAACTGAGCTGAGCCGTCTCTGCAGCGACCTCGGGGTGGATTTGCATTATATCAAGCGGCTTTGGCTACTGGATCTTGTTGTCTAGCACATCATAGCGAAAGGTAACCGGGCTGACAATCCACTGCGTACCAACTTACAGACCAACTTTGCACGTTCACTCATTCTCACCCATGTTCACATGCACGGGTGTATCCGGGTTCTGTATGCATAATTGCCTGCCTTAGAGCTAGGGG,1051,49.86,Mus musculus
SEQ_197976,TGAACGAGATCAAAAGATGGGAACAAGCTGTTACGAGTGCATTAAAGAAGGTTGCGACTAGGCCGATGGTTACTTTTATGTCGGCGCCAAGAGGCTGTGATCGCGCGGACTACTTACACTCGTGTAAGCTATTCCAGAAGGATACCTTTACTCTACATAATCCCGCGCAATGGGAACTGTCGAACACGATGAGGTGGCTAATGAACCAAGACCTCTAAGGAATGCCACGCCCCCTTGAAACTATGTCGCTCGAACGCAATGCCGCCGGAAAGAGCCCGAAGCAGTGTGCCGCCTATGTATTGAATGTAACATTGAGGCGGACCGAGCCCTCCCCGCTCCTGTAAAATGAAAATCGGTGAGAGGGACTCGGTTCAGAGTAACGCATATAGGTTGCTTTCGTATGCCGAGAATGTCACCTTTATTGTGTGCTAAGTTCCCACGTTCCATGAATGACAGAGGCTCTTCAAGAGGATCTATGGAAGCTCTAGGGGATTGTTGGAGGTCAACAGCTAAGCTGGTAAATTTGTATTGTTCCCTTTTCCATTGAGTACGTTTACTCGTGATTTCATACTGGTAGACACTTGGAAAGTGCCCTCATTG,600,48.0,Drosophila melanogaster
SEQ_353805,CATACCAATAGGTGGGAGTCCGAGAATTTGCAGCAACGAATAGACAACTAACTAAATACACTCATTGGATTGTTCGTCGTCTGTTGGATGTGCAGAAAGCACGGGACGGCCCGGTGAGTATTTCTTTGAGGATTCATCCATGCGATCACAGGTTTCACTACAGGGCTGACATTTTCTAACTTGTGTTGACCTGGACCGAGCTTTGGAGGCAGGACCTGCCGTAATGAAGGTTACGGTCTCCTTACCTACAGGCTTGCGTAGGTGGAGATTCTCTGGACATTCTCCTTATACTAGCCTAAAAGGACCGCATGGTTTAGGCCCAATAATCGCTGGATCTTCAATAGAACAGCACACAATTAAGAGGGATCTACGCAGTTCATATATTGATAGCAAGCTACCGCCCAACCACCCTCAATGAGCCGGATGACGATACTGTGAGGACTCAGCGTACCCTGATCACCACATCGTACGGAGGGTCGTACCAGTGGAAACGTATGCTTGTAACGTTATTCGGCAAACCCGTCTAGATATGTCATAATGCCAAATGTGGGCCCATACAAACCAACTGGGGGTCTATCAAAGTTCTAGATGCCGAAGCAATTAAAGCGGTTTCCCCACCCACCACTCAGCGACAGGAGCCTAACAGTACGGATGTATCGGGCAGCGTCCGGGAGGGCACTGAAAAGGCTATAAAGACCATTAACTTAGTGGGACTTTTAATGCAGGCTTTCTAAGACGTGAACTAACTCCACGGCAGCGAAAGACAGCTGACGGTAACACTATGAACGCGACATGTTGCGGGCTCGGTTAACGTCTGGTTTGAAGGTACGCAAGGGTCGGGTCAAATCGCAATCATAATAACAATGCTCAGCAGCATATGCCCTAAACGGGTGAGCCATTACTCTCACTGGTAGTGAGTAGATGCGAAGGATCAGGACACTCGGCCTCCCCAACTCGTTATTTGATACCTCCTATCCAGGGAGGAAAGGCCCATGAAATCGCTAGGCCGCTTCCAGATACATCCGCTCTGGAACATCCACCACCCCGAAATAGCTGATCTCCGTCCCCGATGGAGTCTGCCTATGAGCCGTTTACGATCTAGATGTTGTTACGAATTTGTTACTTACCACTTAGTGATCGTCCGGACGCTGGCCCCAAGGCGAACTTTGTGCTGTGTACGGTACCAAAGGCGAGGGTCCTTCTTAGTCGGTTGCCGCGATGTGAAATTTTAGATGAGCACAAAGAGACCTCGTCTGCCGCGGTGAAGAGCTTTGATCCATCAACTATCGAGGCACGTTTGTTACCATCTAGGTTATCATACGGGACCAGAACACATCCGATGTTCCCTCCATGATCCTCGTTTCGTAGAGGGGCGACCCAGTTAGAAGCCAATCTATGTAGAGCGTGAGCGTCCAGTCGACCACAAGGGGGTCGAACATCGCTTGGATACAA,1452,49.72,Arabidopsis thaliana
SEQ_830859,AAGTCTGCTGGGTCGTTAACAGAACGCGGTCACAGAGCAGGTCGCTTTGAGCCTCGAGGTTTCCCTCAAATAGAATAGAACCTGATTAATCGCAGAAATATGGGGGTAACGACTAAGGAGACAGTGCACTTGGGGTGTCCTCACAGATGATGGTCCATGTCAAAGTTTGTGAAGAGGCTTAGTTCTTGTGGCTGACTTCCGGCAGGTGTAAGTTAAAGATGCTACGGCTTTAGGTGTAGAGGGGCAAGCATCGGCCATGTACATATTCAGGTTCTGTCTTTCATGAATTAACACAATAGGATAGTACCTTGTTTCTACTTATTCAACTTGAACTTCGGGTGTCAACTATCCCCTGAGTCCTACCCAAGGGTCAGCGGAATATTATGGGGATAATATGCAATGTTCTAGGATGAGTATAACTTAGACACTACAGGCAGAGGGATACCTCGACACGTGATGGTGAGGGAAGAGATCGGCGAACGTTCGCTGCGGGTCGAGGCTCCTTATACGAATAGGTCGGCTCCGGTGTCAAAGACGCCCCGATTGCGGTGTCGCAGCTCCATCAGAACTTGATGACCCACCACCTGCTCGTACAAAGACAATAAGTTCTGGGGAAGACGCCGGGGAGTAGGGAGATGTATGTGGGCTGAACTCTTCATGAATGTATCGGGTGAGAGCCGTATCGGATCCGGCGAGGCGTTATGGAAATTGAGCCCCTGGTAGATTGTGCTTCTGGTGAAGGTCTATCACCAACCCTAGTTAAGTCGTATAGCGATACACCTAGTAGCATTAAGGTAACAAAGGCTGGCGCGATAAGATCCCGGTCGAGTTTAGCTTTGACAAAGTTCGCTTCTCTCGTCCCCAAATCACGAACGTTAACGCGCGGGCAACGAGTACTGAACACCATTAAGAGAAAGCCTCTCTGTGAGCCCTATCCTAGATGATCGTACTTAAAGACTATAGCCGGTAGTCATCCCACCGTCCAACTGATCCGTCATTTGGATTCCTACAGTGCCCAGCTTTCATTACCCCGCGGATCTCATTAGCCGCCCCCAGCCTCCTAAAAGAGAACTGGGACATTACATTTAGTGAATACGCCATTAACGATTCGTTAACATTCCAAAACTTGATCAAGCAAGAAGTGAGAGTAACCCAAGTAAAGTGTGCCATCATCTAAGAATGTACGTTGTCCGCATCAACTCAGGAATATACCCAGGACAAGATAGTCGAGTATGCAGGATACAACGAGATAAGCGTATCAGACTGCACAACAGAGGCCGTTCAGTACATCCGTCGCTTCTCACGAACGTGGCCGTAA,1318,48.33,Caenorhabditis elegans
SEQ_901424,CGGTTCCGGTTACCTTGGGCTTGAGCAGACCGAGGTTCCAGTTTGAGGTCTGTGACTTGACGCTTGTTTATCTGAAGGCCCACCATATGGGGATTAGCTTGCTTTGGGTTAGTAATTGCCCACTTTACTAGTCCCCGTGTTAGCCCAACATGTTAGCTGTAATGGCCATCTCGCACAACACACTGTCACTCACTTGAGCATACAAGCGTGACTCCCTTGACTCTAAGCGATGGAAGTTGCGCAGCAGCGTGCCTCCGGAGGGGTTATTGGTACACGTGATATATCATAGGTGCGGGTGACCACGGAATGTTCAGCAATCTCTGATACTCAGAAGACAGGCTAGTAATCGCATGTGCGACGCTCTCCGGGAGTAAGATTTGTCGGTATATCCTTGTGAATGAGACCACAGGCCAGGAGCGGGCATAGCTAATTATCTGCAACACAGATTCGTATAGAACGACGGTACACCTAAGGTCAGCCAATCGTCTAATGTACTGTCGTATTTGCACAGCGTACTCACACGCATGCCTATCATTATGAGGTTCGCATAAGTCTTGAAGCAAATATCCCTGCTGCAAGCCATGAATCGTCCAACGTCAAGCCGGAAAGAACCAACGCGTGGTTGGCTCGCCGTTGGTCAAACCAAGTTGATGGGAACATCAGCATAGCCTTTCCTATCGACATTATAGGCCGTAGTCTGTATGCCTCGCGCGAGAATTTGACCAGGTGGCTAGAGTCTCAGTGTAACCAAGTAGCGGCGAGTATCGTGCAAACGTCGCGATAAGCTCTGAATAGAACCCGGCTGCTTGCTCCGCACGGGCGCCACTTGCTCCCTGAAAACATTTAGATGGGCAAACCTACGCCCCGGCCAAATGATGGAGGGTCGTTTAACGCATGAGGTACGAGACAAGGGGCTTGGGGACACCCCTATGGTATGTGAAAACGCGCCGGCGCACTGTTTGCTGAGATAAGGGTTCAATCCCCCAATATCGTAGAAAGGAATGATGGGTGCCCCC,1016,51.18,Homo sapiens
SEQ_490094,CTTGTGTACTTCCCGTATGAGACACCTAGTCCAGTTGGATGGGGCGCATTTTTCGACCTCAAGCGGTTTCGGAAGACGGGCCATGTTCAGTGCCGGAATCCCGACGGATTTCCACCTATTTCAAGCACATGAAAAGCATGAGCTGAGGCTATGTCCCCGACTTGGCACAGACCCGCGAACCGCTGATCAACGAAGTAAGCGCACTGATCATGTGTTCCACGTCGGTGGTCCGGCCGATTGGTTGTATACTGAGCGACTAATTCACGACGAACTTCGCTAGATAATAAAACTTAGCCTCGTTTGAGAGGAAAAATGTCAGGGATGATCGCAATAAGTCCTCGACCGTAGTTACTAGACCTTGAGGTACCCCCAAATCGGCCGTTGCCATCCTCAGACTGAGAGGGAGCGTCGTCGCGCGAATACAGGGGGGAACGGAACGTGTAACGGGGACAAAGTCGCACGCTATAAACATACGTGGCGTTGTTTGTACCTGTAGAAGGCTATCAGAGAAAAGGACACATCAAATTAGGCTTGGTAGGTGAAATTCTTCTAGATGTCACTGCAATACATTGCGACTCAGCCGGACACTCTCCGCAACAGGGAGTACGTCGCTGCACAGATCCAATAGCCGGTAATATGTTACGGAACGTGGTTCTACAAGTCGTCATAGTTTAACGAGGGCTTCTGGACCGGACGACATCTGCAGTGTCATGGATGCGACAAGGTTACGCCACCGGAGGACCGGAGCTAAGTAAACGTGAGCATTGCCGCCGTAAAACACAGCGCGCGGAAGGCAAGCACGCTGTTTAATATAACCATGCTACCTAGGAGAGTAATTTTATGCTTCGTCATAGAACCTGACGGACCACTCGCCTCCTCCTATCAGGTTGTCTTCCTCGTTCGAACACAGCGAGTGACCTGGACCGCATACGCCCACACCCTTTAATGGTAACCGAATGCACTACTAAGTTGACAACTCGACCTCTCTGATTATTTTCCTGACGTCATGAGGGACGAGGAGGCTCTTCCAACATAGGGCGTCAATCCAGTTTTGGTCTAATCATTGAGGTCACGGAGGCTCATGGTCTTTCGAGATCCCAACTAGTAATAGAGTTCTTGTCCGCCTTCTGGGTCCCCTCTAAGGAAATCGCACACCCAACGCACACTGTGCTACTGGCGATCCTCCATGCACCCGCGAAGGTGGCAGGTCTCTAGCGCGCCTTCTCGAACGTTGACTCGTTTCTTTACTTAGCACATTGCCTGAGGGAATAACCGATGTTATACAGCAATCAATACCGTTCCTCCGGCGGGCTACGTAAGGATTCTGCATGTATAGGTTGCCCTTAAGTTTCATAATTAGCGTTGTTCCGAGTTTTGAGGCGGGCGCTAGGAGCAATACCACATCTCAAAAGTTTTGTCCGCGGCCCGCTTGACTTTAGCGCGTAAAATCCTGATCGTGCGATGTATTATAACCATACGTAAAGCCTCTTGATACCAGTCGATCGGGACAGACGCCGCTTAACCCGGTGCCTCGTGGGCATGAGTAAAATCTCGGATAGCCGAGTCTTGTCTTTTAATTGCCACCGACATCTTCGGGAATCTTGTGCCGGTTTTAATCCGAGGCCTCATCCCAGTAGCTACATCTAATTACTGTTTCCCAAATTAATGCAGCTACGTCAGCGTGTCCGGCGCGATTTTCCCGAGGTTCAGTAGAGGCGCAGACTTCTGACGCGGAAACAGGCGCCGTACTTCGTGAATCGTAAGG,1765,50.76,Arabidopsis thaliana
SEQ_164508,GACACCACCTCATAGCACCGAAGGGTTCACTATAGGGATAAATTTGTACGCGTGGCTACAAGAGCACGGTGAAGGTGATAGCCTAATTCTTGCCAGTGATTTCGACTTAAACTGTATGACGAAGTGATACCGGCCGGCTCCTTAAACCACAAAGTCCACGATATCCATAGTTGCTGGGTCATGTGCACCTATGTCATAAGTCAACATTTGGATCCGCTTTTTTGGAGCTGACCGACGTTTAGCATGTCGAGTCCGTGTCTCCCTACTCCACTGTGAGGCATGGCAGCAACCCTAACACAGTTCTCATTGCATTTCAATCGTTTATAGCCCCGCTGAGCGTGAAGGTACATAGGCTGATGTAATACGCAGTTTAATCAAGTCGCACCCGCACAGGCCCGAACTCTCCTCGTTGTGTATGCGACAGGTCTGATAGTCGTCTGTGTATCCAGGCTATTCAGTCTTTCCAGGGTCGTTGGGCAACTTGTATTTTGCTGACTATCCAACTTGCCCAAGCAGCGAGGATCACAACCGTTAATATCCCGATAGCGAAAAACCTTCGCCAGTCTGTGGTATCACGGACGGACGATGCGCAGGAACGAATATTGTCACACCACGAAATCGGATTAACTTTCGCTCTGATGCTGCAAACGGTCCAGACTACGGTTATGGTTTGACGCCGTATTGGCGAGTCTGCACTAAGCCTTAGCTGTGTCTGATACAATAAACGTTTAGTTGTACTCGCTGCTCGTGTCGCGAGAGCAAATGCATCCTGTGCAGCGATTCTAAACGCCCGTTCGAAATCATCCAAAATGCGGGCGCTTACTGAGTATAAGCCGGGCGGGTGCCGGCCCTTCATTATGGATCGCTGTGCGATCGTATTTAAAACCAAATTAGACGCACCAAACTGTCTGGTGTGTATTTAAAAATCATGGACAAACCTCGGGATTGAGGAAACAAGATTCACACCGTGCTCGGGAACGGCAACAGTTCAAGTTCGAATGGTCACAGTGCATACCGGAGTACGCCTATTGTTTCTCACGCACGCTTCGGCCATTAGGCCTACTGGTCATTCCCGAACGAACTGGGCGTGAAGTAGAGAGATTAACAGACCCTTACTATGTTGGACTAACTACATGTCTTTTCTACGATGCCTTGGCGTGCACCATCCCCATATATCCCTGAAGGTTCGATTGCCCTCATTATCCATTTGGAATTAGGACCAGCAGACCAGTTGGGTTATCACCGGGAGACATCAAAGTCCGGCTCTTATCTGCTGTTAGGGAGAGCGGATGCCGCCTGTGACTCCCTTCGGTTAAAGACAGCCCACGATCACTATGAGGATGTACTTGGAGCATCGCCACACCGATTGGCCTCGAGAAATGACTTGATTGTAGTCCATTTCTTTTCAGAGTGCAAATATGTTATCGCAAAGTCTTCGTGACTTACTTGTCAACTTGCTGGTCGGAGTGTGCAGGTAAGCGAACTCCTCAAGGCCGTGCCGTTAACAATAATAGTAAAGTGAACAATCGTAGTCGACTCGTTGCCTTATTTCTGTCGTGCAGAGTCTGCAGATGAGGCAGCTGCAAATGAAAACGTGGTAGATAAACAAGGCCGACTAAACCCGGATCGTATGTTTTC,1638,48.47,Mus musculus
SEQ_502664,CCCGATGATGTCCGCACAAAATTTTAATTGGGATCTTGGGTCAGGACATGACAAGCTTTACATGAGCGTTTTATTAGGGTTAACGAGCGAACTCACTGTATGTGCAACCTCCCCGGAGGCACTCACTCCGCCGGACGCATGTCGTTCCAACAGTAGTCCAGTGGAACCTTAGGGCGAGCAGTTAGTTAGTTCTAAGTAGCGAGAAGAAATGTGCTTAGCGGGAAGTGGCTTGGACCACAGAGAGCGCTTGAATCCCATCATGGAGAACATGGGGCTTCTCCCCACTGCCGTCCGTGCATAATCACTGGGTCTGTGGATCATCATAGTAGCGCAAGGGTGCTTCAACAGAACGCCACCGCTGCAGGAACCAAGTTCTCTCGAACACGAACTGGGCACATGTGCGGCTGACAATACGCAGCAACCGTTTTAACGGTCTCCCCCCGGTGTGCAAATTCCGGGCCTCATTATGCACGCGGACTCACTCCACGTGCCGCAGTCTGCCGCTGTCTTACTGGAAAGTCTCTTAGCGAGATATGCCCAGGTACATCGGACACATATCTTCGAAGGGTGACGACCCTTAAATGCTG,587,52.81,Mus musculus
SEQ_676483,TTTTAGTTGAGATGTTACGCGCGGAGATACCTATTATATCACATATGATACGACAACGTCAAAAACATGACACAATCAATCAATCCGTCCGACGCCTGTTGCTACGCGTCTGTGCGACCATGTGGAAAGCAACCACCGATGTGAGGCAGATTCACCCGTGCTGACGTCCCCACCGGACTAGAAGTGAGTGGGGTACCGCCTCCCTACGATGCGCTCGTACTACGGCTACTAGTGGGTACAAACTGATGGGCGCTATGGATAGATAGGTTACGCGGTGAGGTTCTATAGACCCGTATATCATATCACATCGCCCTACTGAGACCTCGAAGAATAGGCTTCTTCGAACTCAGGAAGAGGGCAGTATGGTATCCATGTGTCCGAAAAAAAGCTGCGCAATCTGTCCCTTAAGGAACGCCCTGGTGCAGCGGACCAAGCGACTTCGGCGGCCTTCTGCATCACATTAAATTCGGACCCCAGCATAACATCGTTAGATCCTAGCGTAGGCGATTTGTAAATATACTAATGTGTCATCACGAACGCCCGTTACTCATTACCATAAGCACATGGGGCTTCTCGTGAGTTCTAATCGTATTAGTACGTCTTAAACCATTAGACACTATTGTCGCCGCCGTAGTCCGTTCCACCCAAGGAATCGCGTCTTGTAGTCAAAGTTTCTTCGTTATGAGTATTCGAGACGGGAGCCCTGGAACGCGCTAGATGCGTAACATGCCCTTGAGGCAAAGATACATAACACGAGAGGTCTCTACACACATGATACACCTTGGGACGCGAGCAGGTTACTCCTTCCTTACTTTAGGTGTCAAGGCGCGTTCCGGAAAGCTTACTGCGTCCAGGTCGTTCCGGGCCTCCATGTACGATGCGCGGAGGTGTGCGGTATAATACCTCTTGCGCTGACGCGCATGGTAGAAGAGATTGATGATGTTAACATAACGCTGCAAAGGCATAATTTTCGGTACGCGGGAAGGTCCAGAGCAAGTCCACACATAGTCCACCATAAAGAGTGTGGATCACGAAAAGATCTGCCGGACATTGCAACTATGGGCTCACGGTATTGCCCACGGGTATACTGCTATAACGAAGTCCGAGTTAGTATCGAGTGAGCGCGAAGTTCTAATTTAAATAGACATTTAATATCAAAGCAGACTATCCAAATACGGCCACTGGATTCGGAGCATAAATACCGAGGACGGCGG,1214,49.18,Escherichia coli
SEQ_175336,CAAGGACAAAAGTTGAGGGTGGCGCCCAGCACTCTTACTGTTGCGTGAGATTTTCAGAGAAAGTCCGGGCGCGGGCAGGAACTTACGACATTGAGAACCTATGTGTCGAACTCCGAACCGTTCCGACTTTCAGATCCTGACAAAGAACACAAAACTGGACTGTTGCTGGCTTAACCGTACGTGTCAAAGAGCGAGGTCCTGCCGTGTGGCGTAGGTTTCCATATAAACGGGGGTCGTACTTAAATGAAGCGGAAGAGTGCACGAATACTGGAGTCTGCAGATTTCATCGTAAATCGAGAACGTTTCGTCCGTTGTCGTCCGCTGATTGACTGTCGATCAGACTTAATGTGCTGTCGCGCGACTGAGGACTCTTTGGCACCGCTATTAGAGCATTTACTAACATATAGTAAGGTTTATTTTAACTTTAACCAGACAGGTCTCGATAGCTGCCTCCCTGTCATAGTGACCGCTTGGCAATCATGCTTTGAGAGC,492,48.58,Homo sapiens
SEQ_202153,CTTGAACCGCTGCGCTGGGCGGAAGAATAAAGCACACCGGGTGGCATTCTCCCTGAGCAGTACGGAAGTTGTGGGGCCACTCTATCGAGGGTCCATTAACAATGAGAGCTGCACTAATATGACCGCGAAAACTTTTCGACTCTTGTATCATGCTGACTACACCAGATCGGAACCTTCACAAAGTGCCGTTAAACGGTCTCATGGATGTATGCGGTTTAAATCTCTGGAAAAGTCGGGTTTCAAGAGTCAAGGAAAGTGAGATGACTTCCCTAATTCCTCGCCCCCCCCTAATCAAAGATCCCTATTACTAGGTGCCGAAGCTTACACATTATAGGACTCCGAGGAACAACCTGACAGCAGGAATCCGAGAATTCGTCTGTCCGACAGTGCCAATGCCTCCGTGCGGATAGCCCAAGGAGCTACGATAGACGCCCGCGAGTCCAGAAATCATTCTTGTTGTGCAAATATTTGGTCTTATATGGGCAGCTCGCACTGAAACCCTTCGCCTAGATTCGGTAACCAAGGGGGAGCAGCTATATTAGTCCATCCGTACGAAAGACACAACTTCCCGATAATAGTTTACGTCTCGGAAAACTAGATCGGTATTTGCCCTATGCATGTGAGTATACTCGCGGATGCAAACCGTCCAAGAGTCACCAGAGGCCCACGAAGTCGAACATCAGATTAAGGCTGCATCACCGTTTCCCCAGCATGTCGAAGTTAGATACATTCACCTTGGACAGAAACCACTATAAAATCCGTACACCCACGCCCTAGGGTTTGCTAGCGACGTAGAGTTTCGTCTTCGCGTACTCGGCTATTTTGAGAAGCTCCACCCCACTAAAAAGGCGAGCATAAGGACAGCAATCCGAAGTTCGAATTCTAAGGCCCTTGGATGCAAATGCAACTATGAGGCAGACTAAGAATCATGAAGATAGGTTCATCAAGCGAGGTTGCCGGATTGTCTAAATACTGCTGAGTATGTCGGGCGAATACAAGCCGCTTCATGCGAATAGTTTGGCGACTCATCGACGCAATGGCGACGCGTAGCAACCCACCAATTTGAGGCAGAATATCAGACACTACCAAAACCCAAGGCCCAAATTGATTCGAGCGCATATCTACCTCTTACTCGCACAATGGAGCTCAATTACGTGCACAGAGAAACCACAAAACCTGGCTGAAAGTGTTCCGCGCGTACTGGTGAGTGCAGCCTGGTAAGTAGCACCTGTCAGAAAGCGATCAGACCTTGGTGAGATACAAATGCTAATACAAGTATTAAAGGGGCAATGATCCACAGCCAGTGGGCCGGAGCATATGTTTGACCCACTTGTCGCTTCGGGAAGACGGTGTTGGTTTTTGATATAGCTGAAGCATGTTCACATAGGCGAGCTTTTGTTCAATTCTTCTATTCCCCGGCACGCCTCAGAATAAGAAGTGAGGAATAGCTACTAGGTGGGAACCGGTAACTGCTCCGGACGTACGATTAGTCTCGGCCAAGGCCTAAGACGAATTATGGTGGATAGTGTGGGGTATTGCCTCTATCTAAAATTCAGCTGGCTTTGGACAATAGCTTCATACCGAATATGAGTGAAAATCCAGTAGTGTAGCCGGAGGCTAGTTCGCCGGCACTTCCAGGACAATACGCACGATCTGACAAGGCTCAACATATTTGTCATATATACGCTTCCGGCTATTGAGTAAATCTAATGACTACGGTTGTATATATGACGATCCACCAACCAGGGACGGTTTTCTCGAGTCTTGTGTAGAGCTAATGGAGCAACTTACGTCTTCTTAAATGTTACGCAGAGTTTCCTGCTGCCTAGTCCGGCAATAGAACAAATTAAAACTCGGGGCGAGGGACCCTGTAAGAGAT,1879,48.0,Saccharomyces cerevisiae
SEQ_994724,CCTTCATTCGATGTAACTCTCGGGGTAAAGCGCTCAGCTCCCGCCCTCGCGACGGGGGATTTCGTCTCGCACTGCTAGTTTTACGGCTGTGTTTAGTTGGTCAGAATGGTGTTCCGATTGGAATGTAGTGATTGCTAGTGCTGCAACGCCCGGATATCGCAGGCCATGCATTACTCGGGCATAAAACGAGCCATCACGCAACACTAAAGGTTGGCTTAGTCAGCGTCCCTAACTTTATCAACATCATCAGCCAACGACAGTAGGGGTGACGCCCCATAGATACCCCAAGAGACTTCGAGAGAAAATTCCGAAGCTGGGGTGCGAAGGCCAGATGTCTAAGTACGACCTCTCAACGGATGGTTCGCTGGGATGACGAGTCACCTTTTTCACAGCTCATATGTCAGCACTCCCTGACGACCAGTTACCTGCCTGAACTAAAACTACTCCATTCAAAAACTAACCTGCGGCCTTGTTGGCTTGGGAATTGACCCACGGCTGGAAGTCGAGACCGGACGTCATATAGCACTAGATCACATAGAAAGGCACCAGAAGCGATAGTTAAGGCGGGATAAAGCAATAGAACTTACGTGCCTTATGGGTAAGGGCGGTTAAATACCAATCTGGGGAGCTAAAAAATAGCCTAGTCACCTATTGTAGATCGAGTGTCGTGCGAACGTACATAAATCAGTAGTATTCTTTTGGGTGTACCTACTTTGGACACATCGTTAACATGATATTGAAAGGATTCCCTCAATTTCAAGTCATCATACGGCGACCGCCCCGCCATACTGGGGCAGGGGTAACGCGTACTGCGAAAGTCAACGAATGTTGACCACTGACACATATGGGATGTGTTGTTTGGACTGCTCCGACGAAGTTTGTTAAATCTTGCCAGAGGTGAAAAATAAGCGGCTTTCTTTTGACTCTATATTGCTTTATGATTACACGCCATGCGTATATGTAGTGGCCCACATCGATGACTGCCACAAAAAGATTGAAGCGCTGATGTATAGGGATTGGAGTGATTTGAGCCGGATTCAGGTCTGGAATATACAGGGCGCGCGCTTATTGGAATCGCCCGACCGCCTGTCCCGGGCGAATGTTGAGCCCATCCGTTTCCAACAGAACGAAGCTCACGGCCCACCGTCTGGTGTATAAACTAAGCACATGATCCCAAGCGCCGTACTCTCCGCTATATATGCCTCATAGTCCCCAATCCTGGCTTTACGCAATCGTCAGCGGAAGTGAAGTTTTGTTCTCCCCCCTACGCATCCATCGGTCAATCGAGGCGACATGGCCTTAACGATTGGCATACCTCCGCATCTGCTGTCGGATGCCATGACGTAAGCTCTGCGTCAAGAGGCAACTGCCAACCGGAACGGCCTCAAACTCCGTGGTCACTGAGGGTTGTATTGGAGTATCGTCGTAGCCCCATTGGGGCGGAAACGCAGCGAGGATTAACTGTGCTGCCTTACTGACCAGTGCAGATCTTTAGCTAGAACCACTGCGCACAGAGGGCGCAAACTGCATTGGCATGCAAAGGTTAGCGGAACGGACATCTAGACCTCAAGTCGAGCATCCTTATTGTCATGACAGTAATAGCTCTTAACACTAAGACAGTGTCGAGAATGCCTGAAGGATTGCACATGCAAACTATCTGGCGAGGGGGAGCCGGGTATTACTAGAAAGGTAAGAGAAGCTGAATTGAGTTATAGGGCGGACCGTTCTGTATCGTCGCTTTGTTTGAGAATAACCCCCAATTTTCAACGTCTGCTGAGTGAGCCTTTGCGGCCAGCCAATGAGTTTCTAAAGAAAATGATCCGGGCACGAAGCAGCGGTTCTTACTCATTCGTTTAACCCGGAGATGGATAATTATCCGATTCAACGTTTTGATCGTTAAGGCAGAATGCTGGGGTTTTCTTCTGCGGGTCTCTGGAGGAAGACGTAATTGTGGGAAGCCTGTTTAGATGG,1971,49.47,Saccharomyces cerevisiae
SEQ_205814,GATAATCGGGGTAACTACTCTGGTATCCCCCTTTCTCGGTCTCCCGGTAGAAACGTTCGTGGCTGATCACTTGACCCCTAGACTCGGGGGGCGGACATAAGGGAGAAGGCCATACTGGGTCTAGTACACCGAGAGCGCAAATAATTACATTTAGTGATCGCCGTGGCATGACGGGAATAGCCTAACTCCATTTGGGCCGCGATCTAGAGAATCAACGGGCTCTATCCCGGTGTACGCGCAAAAAGCTCGCATCGTTGTATTGCGAGCACGTGGTGCGCGGTTCCCGTTAGGGGCGTTGGCACGTTGCGTCGGACAGAGTCGCAAATTCACCCAGATTCTGTAGGCGCGTAGGTTGAACTTCCCTATATAGCAGTTAGTGACCCCACATTACGGAAGCTCTCAAATACTTTTTTAGCCTAATTGATAATATTCGCCCCGACTTGGCCTTGAGAGTGTGGGACTGTAGATTTGGGTTCACACAATAGACGGCAGGTAAAAAGAAATGCGGCGCGAAAAGCCCGGGAATACAATGCGAATGATATATCGCTTGCAAGAGAGACCGAGTGTGTGATAGCGTCAGACGTAGTTTACGGAGGCACTAAGATTTTACATGTTTTTGAATTAATAGTTTCCTCAATCCCATGGTTCTGGAATTTAGTGTAGGTCAAATGCTCGACCGTGATGGCCGGGGGTTCACCCGTAATAGAATGCACTTCCAACCGGCCTTCTCGACCGGGTGGATGGACTAAGGGCGGCACGCTATAAACTCTAGCCTCTGGCTTCACCAAGTAACCCGGTAGATCAACCACGAACCGGTAGGGCCTGGTGAGACTGCTAACCTCGCCCACTAATATATATTATGCACTCTGTAGTTCTGAGGGGGTCTCGAGAGAAGGTGTCATTGAATTCCAGTGCTATCCAAAAACTAACCTATGAGTGGACGTGCCTTGACGGGCCCCGTATTTGGACCCGCAGACTTCTACGTCGTCGTGTTCAGGATAATGGGAGCGAGCCTATGAGATCACCGGATCCATTTAAAAGGTTGGGACACTGATCTTATTATGGAGGTAAAGGTAGTGGATGAGGACCCTTGACAGCTTTATCTTGTGCGGTGCTGGACCAGCTGACCGAGCGACATAACCGTCAGTGACGTCAAGTAGGAATGTGGGCATCGCAAAGCGCTATATTTCTCCCGTAGCATCATTACTCGGAATTCCCTTTGCGGCGCTTTTGCAATATGCCTCCTTTTGCGTTCGCTCCGCTACATACGTTAGAATCTTTGACCTGACACAAGCAGTTCATTCTTACACACGCATGAGCATCT,1324,49.92,Mus musculus
SEQ_527767,TAAATCAACACTTGTCCACCTCTAGACCTACACAGAGCATTAACATAGGCGGAACTTCATGAATTATTTGACGTTCAAAAGTGCCGGGCCTCGCGCCGCCTGTGTATTTACGCTCATACTTACTCCTCTTAACAGTGGTTGAGATCCTCGTAAGGTTCAGCACGTATAGGCTTCAGTTATGACCTACGATAGCTAGAATTCGGGGAGCCATATCGTCTTCCCGACGGGGGTCGAGTGACCTTGTGTCCTTCACCAGTCTTGATCTCCGGGTAACTTACTATAGGAGTTAAGCCCGGTGGCTCACAAGGGCCGTTAGGGATCCCACGTCAATGACGATCATACTCTTATCATCCCGCGCGGATTAGGTTACCTGTTTTACAATAGGATTCTTGTAGCCCATGCTCTCCAGACCCACAGGAGCGAGCACATCGCGAGGTACCGTGCGACGGGCTCCCGTGTCGCGGCTTCCCCACCCACAATTTCCGAATACAAGAAATTCCTCACGGGGAACTGAAATCGCGGCTACGTTATTACGTCATGTCTTCGAGAGGTAACAACCTGAATATGTCAAAGCCACACACTAGAGCGCTTGCCTTCACAGCTAGAATATTTACGCGCGACTATCTACGCCTGCTACGGCGTATGGTTCTACCTCCTTGTTGTTAGTTCACCCCTCTGGACTCCGGCGTCGTGCATCGCGCCGCAAATAGCCACTAAGTTGGCGAACGAGATATGGCGAGGGCTAGGACCGGAGCCTTTCAAGGGTCTCGGAGCTAGAACTGAGGGATCCCGTTGATCCCTCGCGTTTTGGCCGAGATTGTACGACAGAGGTGCGGAGGCTTCATGGAGGGCCAGAAAGAAAGCGTCCATGCGTAAAGTGTCTGTTTGCCTTGGCCGCGGCTCCGGGGCCATGGATGCAGCGTTGG,926,52.81,Drosophila melanogaster
SEQ_801183,TCTGAGATTTGAGGATTATGAGAACTGCACAATGTCCAAAATGAACTGTGTTGTTCACAATCGCTGGGACTTGTCTCTGTAGAGTCTGGTAGCCACGTGTGCAGTCACTTCAGGTGGCTCGCCTGTCGACCGTCATCATCAGGTAAATCGCATAGGTAGTGAAGTAGGGATAATATTCGTACACCTGAAGGAACCAAGAGGTACCCAACAATCCCTAACTTCAAACGGCCGAAGGGCTATTGTTACGGTGTCTAGTACTATTTTGTGCTGGGGGGCACCACGTGCTTTCCTCCGCAACCGGCACCTAGATATCTGGGGCGCAATTGGAGGCGCACGTTCCTCATTGTGACTGTTCAATGGCGACCGTCTGGCGCCTC,377,50.66,Homo sapiens
SEQ_973367,GATCAATAGGCCTGGGCGAACAATGTGGGTTCACGACGCTTTGATTCTGGAGTAGCCTTGTTTATTCATCGGCGGGATACCGGGTCCCTCCGTCAAATCTCTTTACCATTTGACTTTTAAGACGGATCGCCGATGCGCGTAACGCGATCTTTAGAGCACGGGGTGCATCTAGGTACACTTCTCGTTACGTAGTATCGAGGCGGGGAATGAATTAATCGTACAGTGCACGCATTAATGTTACCTGAGAAGTATTGAGTTAGTCTTTGACTTACAACATGCCCGCGGAGCCCACTTCATACGACCGCGCGAGACAAGAGCTCCTATCCCCGCTCAAATACTTGTGTACAGGAACTGTACGTAAAAGGTGCTACGTTGGCCCCCCCAGTGTTGAGTGCACCCCAACGTGGCAACTTCGTGGTTAAACACTGAACGACGTGCAGACGACCTGTGGGGGCTAACAAGCGTACCCACGCGAAATTCGCCAACACGCACCACATCGATTCGGGCGCTGATGGTACGGTTTTTGCCTTGGTATTGTATTTATGGCATGTGATGCGGCGGGACAGCAAAATACAAATAGGCCGGCACCCATCTAGCCGACGCGCCATATGGTACAAGAGTGGCTACATACCATCTATGGGGTGCGCTACATACGACATAAGAGTGAGCTTACTCTAACCGCGTGTTCGTATGTGCAGTTGAGGTTGGGCCTGTACAAACATGAAAGCCATGGCATAGGAAAGGCTATCTGCTTCGCCCTCATCAGTCGACCGAAGATGCTTTCGGTAACGCGTGGATCTAAAGTGATTAGGATGTAGTTCCAGCGTAGGAGTCGAATGGGCAGGCTGTACCAACATACCATATGCTGCGTAACTCTACATAGGTACGACATTAATCCTTAATCCTCAAAAACCCGTATAGGAGTTCGGTCGAGTACAAACAAACAGCCGGTACACCGGGACCT,964,50.31,Saccharomyces cerevisiae
SEQ_821835,GGGTGGACGCGTGGGGGCCTTCTGTTTTGCCGCCTGAGGACCTCTCGCCTAACTGATTCACCGGAGGCACCGGAATTAGAGGTCTCAAAAGGACACCGTCGGGGGTCAGAAGTGAACGTTGTGTACGTTTTGTCGGGCAAACCCAGGGCAATGCGGGGATTTGACTCCGTGGCAACGACGAAATCTTTTCCAGTTAGTAGCCTACTTTTCGGGTGGCCACAGCTAAATCATCGTAAACGCAAGCATGACATTGTTGGAGGCCAACATACGTAGCCCAATACGCGTCTTCCCAAGGATGTCGAAATATAAAGTCGTGCGATGTTACATGCGCGTCTCGATTCGAACTGTTATCCTCACGAATTTGCCTGCTACCGTCTCGTCAGGCAACTACTGTTCCTGCGTCCAGTTCCATTCTCGAGCCCGAGTAGTCGCCAACCACTTAGGAGGCCCTGAGTACAGAAAACACAGGGCAATGCTAAAATGATCATAAAATAGTAATCGGGTGAGATGTACCCTACACGTCACACAGGTTTAGGAATCGATACAGCCGAGAACCGCCGATTTTTGGGGGGTGTTTTATCTAGATTCTCATCTCGGAGGTGCCGTTCACCGCCATGAGGCACCCTCGCACTGTTAGTATGCTGCGACAATAATAGTCGCGTCGCGCGTAGGGGTCTAAAGGACATGGTGGCGAAGGTAAGCTTACTTCCAATGACTAAACACTATGGCAGATGGTTAACAGGTAGACGTGGCACTAGTATCAATTACCGAAGGACTCCTGTATGCTGGCAGCACATGTGAACCGGGCAGGCCGCCAAGAGGACATCGTCGCCCGCTGAATGC,843,51.84,Arabidopsis thaliana
SEQ_574502,TAGGCAAGCAAATCAGTTGAGTAGAAGAGTAAGTATAAACATGACAATTAAAGGGGGATTAAACGTCCCAACCGGAACCTCTTAAGGAAATGAAACCAGCGCCCAGTGAAAATGGGTGAGTGAAGCGAGGTTTATGGGGAATCAAGATGAACCGCAAGACATGAATGGTAGGCCGCGTCTGGCGCTATTTAAGGTTCAAGGAAAGCAGTCACCCAAGCTTCTTGGGATGTCTCGATGAGCGCTCGGGCTAGTGTACATGCAGTATTGTGACGGGCTCAACTTGATGTTACAGTGGTATCTCGTAGAGCCTAGAGGGGACGTGACGGCGATAGCGCCACCTGAAATTTGACGGCACATTTCTTTCACGGTCTCCGGGGCATAGTGTCTGTCGAACCCATGCCATGGAACGCGGAGAGGGGGACTATTGCTCTTATGCTATATACGAGTAAGTAAACAGAGCAGTAGAGCTCAGGAGCAGGAATGATACGATAAGTTGAGCCCCGAAACATGTTGCAGAAACTCCTATATCTTGCGGTCAATTTTAAATAAGAGGGCCACATCGCTCGCGACCGGGGCTGCGCTAGTGTAACATACGTAAAACTAGTCCCCCAGCTACCGTATCCCATGATCGTTGACCCGTTCTTCATTGCGCTAGTACCTCATACGCAAGCCATATATAAGGATCGTCACTCTGAGACTCGTTGTTAGCTTCGCCCCTTCCGGACAAAGTCGATTAGGCCTTGACCAAATGGCGGGTACCAGATTTCCGTTGGACTAGATCCATCGTGCCACCTGACAAGCAGCAAGTAGGCGTAAGTACTAATGGGCTATAGCAGCGAGAGAGCAGAACAGACCACCCGAACAAATGTCTTCTGATCCTCAACTGAGGTAAAAAACGCGACATGGCGGAACAGGATCGCCTCAGTGATGGGCCGGACGTTAAGTCCCGCTTACCTGAAATAGCATGGATAATGTTAGGCCGGGATTACCAGCCAGGGCCCCAGGAAGAGCGGTCCCCCTTAGGCCCGCGCGGGGGCTAGTTCCAGACAACGGGATGATACACACAAGTTTCCCCAGGTGTGAGGTACCGTGGGCTACCGCCCAATTAGGTTACCGGGGGGCTTCGGAGTGCGACCAAGGGGGTCACGTATGAGGCGCAAGGTTACCGATTGTCAATATTCTTCGGCCATCAACAGTGTGCTCGTTGTATGATGATAGTCTTTGGTTGTAGAGTGCCAACTGGAAGCCCATCCGTCTTTTAGACGCACTATCAGGGACCGCGGATAAGTAAAGCTTGCGAACCGGCTCCGAAGTCATAAAGTGCGACGGGTACCGCACCGGGGATCAATCGGAGGACTTTAGGCACTTGCACGGTTGTTTATCAGCTGGGCGTGGACGGCGTGTGCATATATGGCTCAAGGTTACACGAGACAGAAGCAGACTGAACTTACCTCGTCCCATTGAGAAATCATCCGGAGCCGGCCATGGGCCTCGCTTGCCATTAGGAGGCTGAGAGGCTTGCTTCCAACTGGGATGCTACCGTCCGCTCCTTTTGGCGTATTTTGGAGCGAACCCGTTTGAGGGGGGG,1588,52.08,Homo sapiens
SEQ_243836,GGGAGCGGCCAGGATGTACCATTGACTGTGTTGGGTAGTATCACTATTTCCAAGCGCAAGTTTACAATCACGTTTTATTGCTATCATCATCGCTCAATAAGCGCCATTGCAGCCCCGAGCCAACTGGGACCCTAGGGCCTTAGTTACCGTTTGGTTTCCCCTCCGTAAGATGTTACTCCAGAAATAGTCCGTGAGCCCATCTCATCTAGATAGTTTTAGAGCAAGACGGTCCCGCGCGCAAAATGCGATACGTAGTCTGGTCCAACATATGAACTCTGCTCAGCTATATTTATATAAAGGTATCTCGACCCTATTTTGCGCGGCGGGGACAGAAATTTGGGGAGTTTTCCGGCGCGTTTATTGATGGGCCTTGAGCAATCTTGGGTGTGGACCTGCGGGTATCCGGACGCACCCTGGAACATCCTAACGAGGTCACTTCTTTACCGTGACATCTGACTTTCCGTAAGGGACACAGCTTACATCTGAGCCACACAAGTCTTCTGTGACGGATGGGAGGCATACGGATAGGCCGAATTATTCGAAGTGCATTCCTAGGCATCTGGAAGAGCGCCACGCACAGCTGCCATACAGTTCTTTCCCACTATCGTGCGTACATCTGCGGCGACGAGGCGTAAGATGTTATATGACTGGAGCGACAGTCCAGAAGATAATTAGGCCAGCTGCTATCTACCTCTGACTAGTGCGAACCGTACCCGGGCCGGTCCCACACTAAAGGGTTGTACATCCAGAGCCTACCCCGCGGGGCCGGTTTGGGCGGTTATACCGCGTGCTGTCCCCATAGCACGAAACGCTCTCCGTAAGAGCCGGAGAGTCGATTTACCAAATTCTCAGGGAGACGACTGGAAGGGGCCACCGGGTGCAACTACGGCGTACCCAGAACTGAGGGAGCTCGGTTGTGTGGCGGATCGAAACAATCCGTATCGTCATTCAAAGTGCGCCCGTAAGGTCCCGATAGTCATATACTCATTGCTCATTAAGTTCCATTTAAAGGTCATGAGCGAGGCCTGTAGAGCGAGACTCAGGTACGGGCGCTAAGTCTTTGTCTTGCACAAAGGTACGAAGAGATGCCCTATATGGAACTTAGAATAAGCTCTGTGGCCATTCATGTCTCCTCCTCTCGGGCACTGAGCCAGCGGCGACTACAATTCATTTGGGCCACATATTTCGGACGGCGCAGCAGTGTAGCGTACTCGGACGCAGAAAGTGAGGCGCACCTCTTCATGGAGTCGTTGGCACGAACTCAATTGCGGCTTGCCGTTGTACAACTTAAATGCTCCGCCTTCAGGGACGTGTGACAACATAGCGGCGCTCATCCTCTGCTGAGAACTCCCAGCCAGTAAGTATAAGGACCGTCCGGACT,1381,52.35,Homo sapiens
SEQ_106938,AGCACGTTTTGAGCGCTGTATTCGTATCTAGGCCAACCCTAATATTGTGACATGCTATCACGTTGAGTCTCGCAGATTCCAGCCAACGATTAAGGTAGCCTGCCATTGTCTCCGTGCTATGGACACACGTATTTGGACCGGACATCATCGGGCAGTTTTGCGACGACTTTTTTCCGTAGGACAACTCAAGCGCTAAGGAAGCCCCCCTGCACTCACCCCAACTAACACCCGGCACGAACGCCAGCTGTATTCGACTGGGAGCGGGTACATCATTACGTCGTGCGCTTTACCCCACAATCTCAAGCTTAATCTTTCATATGAGAAATCTTTTGTTGTCCAGTACGGTGAGTAGCGTCTAGTACTTCCTATTCTTGAAGTTTTACCTCAGGCTAATAGCTTCTCTACAGCTAGGGACATGGCGTTTCCGGGTGTGAGGAGTGAGGATCACGTGTAGTAAGAAAGGAGCCTTGGAGAGCAATATACTATGTGTGAAAGCTTATTTAATTGAGGGGTCCGGTCGCGCATCCCCATG,532,48.87,Drosophila melanogaster
SEQ_949913,CGGTACCCTGGTCGGAAGCATTGGCTATACTTAATCTTATCACGACATGAATAGCAGAAGACAAGGGCGGACTTTCTTAACAGGTTGTAGCTATTTCACTAGTAGTCAGTCTGTAAGACCCTACGCCCGCATAATTATAAAGATCGGGGGCCCGGGGCGGCTTTCACGCAATCGCGAGATACGGATCGCTTATAAGGACTTAGTAAGAACCTTCGTCGAATTAGTGACCGGGTGCCACCCTCATAGGGCATAAAAGTGGTCTAGTATGAATTCTGACGGCCTCATGCAGTACCAACGTGTGACGGGCGGTCAAGGCAGGCTAGTCATCTAAACACGTCTCCATACGGGCTACGCCGCCCCACGTCTTGAATGAGCGTGATAATTAGCCTCCGTGGCAATTGGCCGTGTCGGAATCGGACCCAATGTGGGGCCGTGCTTCGACTCCAGAATGTCATTTTTAGACCTTTTAGATAGTCTACGAGGCCGTAACAGCCTGGATCGGGAGACAGGTAAGACTTGTGATGAGCCGATGGCGAGGCGAATTGCCCGACCAGGGTCCAGTTCATTAGCCAGAGAAAACACCCAGCGGATCACTTGACGATAAAACAGGGCATCGATGACGGTGGTCCTTTGTGGCACAATTTACAGGCCTGGGTCTGTACCTTGGTTCTATATGTTTATAATTTAGTGCCGCAGATATTTTTGTAGTGTCTATACTGTAATTCAG,727,49.66,Saccharomyces cerevisiae
SEQ_949887,GCGGTCACAGCTATTTCATGAAGCATCATGGGCCTAGCGAAAGTGAGTAACTAGCGACGATCCCCAACCTCTAATGATCCGTATTTTCGTTGGGCTGTTGCCAATCTCAGTCATCACCGAAGTGCGTAATTCTCGTTTTAGCTCCGACGGTCAAAGGCATCGGAAGCGTCCAATTAGACGAAGTTCGTGTAAGAATGCCACTTAAGGGGCACTTCTTACAGGAAGAGTTGCCCCTTAAACAACAACGCGACCAGCCAGGGTAGAAGCAGCAGGCGTACGAGCGTATCCCTATCCGGGACACACTCGAAACAAAGCAGCCGGCACAATGAATCAAATGACATAGTCTACTCGGCTATGTGTTACGCATTCGAAGTCTCTCCCAGCACGCGTGGTAGTTGTTTGTCGATATTAGAGTCACGGAGCCGGTCGACCTTCTCAAATTTCGCCTAGTACACCTCTATATCTAACTTTCAGGCGCAACCTTACACTGAGGCAGGAAGGGTTTGCGGACCTGGCAATCCGGCTTAGTCACTATTAGCCCGCATGAACTAACAGGTTGAATTCGCAATGTTCGTAGTCCTGTCCGTTACTCTGTAGTGGACCGTTTTGCCGACATTCAACCTGCTGGGCCCCAAGTGGTCACAGTTTAGCATAAGCTATTGCGCATCTCTACTGTTTGGGCCGGTGACACCCCGGGTCTTAGTCTGCCCGCCCTCCCCTCTTATCACCTGTGGCTCGAAGCCACTTACCGCTGATAGGAGGGAAGTAACAGGCGATACGGAACTCCCTTCCGGTGTTCGTGTCCAATGGTCTCCGGACTTTGCTGATTCTCGCAGACCCTCGGAACGACTCATATGGTGTTTTACATTCTACGAACTGAGACTGCTACTAAGCGGAGTTTCTGCTGAATATCCATAACCTCTTAGTACGAGGCAAACGCTCTATTGCTGCATCCCTACGGGCACATACGAAGTCTCAACAAGCCTCAGGAACGCGGGAAATATCAGTTAGTCCACTGATCAGCCATTTCGAGGAAGAGAGTTACAGAATTTTTAGGGCATCGCCCGTGAACTAACCACATGGTTGAGCACCAAACCTAATGCTCGCGTGTGTGAACAGTTAGGAGTTTAAGTGAAATGTAACTTGTACAACCGCAAGTAATTGTTTCCCAACGTGTCACGGCCCGCTCAAGCGAAACAAAGAACTATCAGCTACCGCTTCGATGTCGGTCCATCTGGCCCTCTACCCCATGTCTGATGTTATAAATTATACTGGTATTACTTCGACGAGCGATCACCAGCGGTTGGGTCGCACGCGCGTCTGTTGAGACATTAATGGTCTACGGTAGAAATGAAAACACGGAGTGTGGTTCACCAAAATTGTGTGAGA,1389,49.6,Homo sapiens
SEQ_525269,TCTCGTGGGTTACCTTTAGTATTATCCAGTCTTTCAAGGAAGTCGTCTCACCGTACAGGAGATCCTTCTAATTGTTTATCGGGCGAGGACAATTACAGGCCCCAGTTTTGTAGTGGTATCCGTTCGACAGCAGCTGCGGATGCTTGTTCGTAAGATAATTCCACTGGGTGAACGAGGCGCGGCTCAAGATTGAAGACTTTCTCACGCGATCTGTTCGCATGTCAATAACGGTC,233,48.07,Homo sapiens
SEQ_258722,TCGCCTAGCTCAACGGTACATGACCTTGAAAACTGAGGAAGGCCCATATTATATGAATGCGGTCGGCGTCTCAGCCAAGGAAGAAGGGTAGCTCTTAGGGTAGAAGGATCTCGCTACAAAATGCATAGGTCCCCCAGCCCTAAGGCTTTAAGCCACTTTTCGTAAACCTCACTAGGCCAGACTTTAGATCATTCCTTAGACGTTATATGCATTAGTGACCAGCCTGACCAGATCCTGGCCTGTGGATGCAAACGTTCTAGTGACTCCATTCTCTATGGCTGAGTTCACGTGGCATTGTTCCCCGGGCCCGCACACCTTTCACGACAACTGAGAATCGTTGTAACGCTTACACCGTAGAATCAGGAACTACAGATTACGGACATAACTCTAAAGCTTCCTGAAGAAACTGGAGTGTTCTGCAGCCTCGAACGAATTCAATACTTAGTTACTGTGCACTCGGGTAGCAGAAAGCCCAGCTTAATTTGGGGCAGTGGCTAATTCCCATTCGTTAACATCGCCGCATATGGAGTGCTTAGCAATTTTAAGTAA,549,47.36,Drosophila melanogaster
SEQ_212301,AAGTTCGGGAGCTAACACGCCAGCCTACGGCTGTGACTCCCCCATTGGCGTCTAGAATCAGAGGCTAACGACTGTGGAAGATAACCCCGAGTACTCTTTTGCTGCGTTCCCATAGTGCAAACTTTAAACCTTTTAAGGCCCGGTGGTTTAGACTCCACGTAGACTCCGAGGGTATCCGGTGTTCGGAGTGCTTCTAATCTTCGAAATTGGGGATTCAATGGTACGCGTGGGCGCTCTGCGTGGTGGAATCGACGGAGGTTGCCGGTCGAGCAAATGTCCATGCTTCAGTCAAATCCGGCCATCTGGGATGTCAAGATTTAGTCTTCTATATGATGGGGCCAGTTCCATAGGTTCGGGCTCCGATCTTCCCGGCGCAGCGTACACTATATCTAACAATGTAATACCGAATCGCCTTTGGGGCTCCCGACTCTGGAATAAACTCCAGCACAGGTCGGACTGAATTCCAACTAGGATGTAGCCCTAGGCGACGAATGAACCTGGCACAGGGTTTACATTAGTGATTTCTACGTTGTCGCCCGTGGGTTTGCTTAGGTACAACTGGGCAGCATTTATTACGCTATGTACTGGAAGCTCCACTTGATGCGGGACTCCAAATGGTCGTCGTTCCCCTGGGTTTTTCGGCCAATGACCCAGCCCCGCTAGAGACTCGATCACCACGTGAGGGTGTGTTTCGAAAGGCCTAGTCCCCATAGTAAGGGACCTGTGAAGCGATAATGAGCAGTTAGGGCAGCACTTTCCGTGGAAGCAATATTCAAGACCAAAAATCGACTGTCCCTAGGGTTACAATAAGATCTGGGATGATGCCTGTCCCTGGGCGCTGAACGGTGGAGTTGGTCATGGGTGGGTGTTAGCGATTTCATCCCCACCATTTCTTAAGCGGTGTTTTCATTCTTAAAAGGTCAAATCTAGTAGAGCACTCCGCGGGTACCAACAGCAAGCGATGTAGCAGAAGACTGCATGTGCGCTAACGGACGAAATGGTCGAAGGGCGCAGCCCCCTCGGTACAAGAAGTGTTCCGAGGCTCGGAAGAGAGAGAGGTACCCACTGGCACTACTCCCAAGTAGGGTTTTCGTTTATGGGACCACCCGCACGCTGTCTCCGTGGACATGAACACATAGTTACCCTAGCCGGCGGGCAACGGTTAGCTCTCCCAACAAGTCCCCAGTCTGGCACGCCATTGCATTGAGTTCAGTCGCTGAGGTAAGGAATCGTAATAGTGGTGATTCGCTAAAATCCGGGGGCGAGTGTTAGCGTACCAGGATCTCTCAGTCGCCCTGCTCCTTATTAAAGTTACAGTTATATCGTTTCCTTCCTACTTCGATGCCTCTGTGGGGTTGCCATCTGGATCTACAAGCTTTAGTTAGAGCTATTCTCGCGCTTGCTGATTAATCGGGCGGTGCGCGTTCCACACCCCTAATACCATGAGAGTGGGACGGGAAGCACGCG,1467,52.08,Drosophila melanogaster
SEQ_849357,TGGACCTAGATTCGAATAGTGCCAAAGCGTCACCCGGCTCGCCCCGCATCGAGAAACAAAATGGGTGATGCAATTGGCCTCGATCAAACGCAAAAGGAGAGTCGGAACGAGTAGATCATATACGCGATCCACACCTCTAATGTAGAGCCAATCGATTCAACAAACAGAAGAGGAGTTTGACTAACTATCATATAGTTTTACTTTTACATTTCTATCATACGAAGGGTTTGCTGTAGGTATACAATTAATTCTACTGCTACGACGCCTCTCTATAAAATGTAATAAACTTGCAATGATGGTTAACACTCACGAATCATCAGTCCGTAGTGCTCCTAGTGATGCCTATAGAATTTCCCATGATCAATGGTCCAGATACATAAATACAAGACGGTTAGTTGGCACTCCGAATGGTGTACCTAGAAGTGGTGACCACTGTAGGAATGCGACTTCGAGTTTCTCGATGCCACACGCCCCTCCAACCCGGACAATACTGTCCTGACCTGCAGCAAGCGGTTTAATTCGGCACTAATCAGGAAGAATGTCAGGGCCCCCTAACAGATGCATCAGCCTATTCTTGCGCAAAAGTTGCCACACGATTGTTAATCACTAGTATTGAAGGCGGCTCGTTAGCCTTCACCCGATACAACATGTTGACTGCGAACCTCTAGCGGGCGAAGTATCCAGACTTCGGAGCATGGAGGGCCCCGCGTTTATCATACTAGCACTTCGGCCGATCACTTTAGAGCTCAACGTGGCGCATGTTGTCTTCATAATCTCGGCTTCAGGGGTCCCGCTAAAAGAATTGTCAGTCACCGCTCGGGGTAACGCACACAAACATTGTAAGACCATAGCATTGCGTAGTACCTACTCCAGCATACTCAACGCTTGCAGCCCAGGCAAAGAAGATGAACCTTAGGTGACCGGTTGCTGGGCCTTTGAATTTTTGTAGTCCAACCGAGCTCAACCTTGCTTCTACCATAGTCGATATACTTTCGATGTCTCTTTTCCGATTGGCATATCTCGTACTGCAATTCCTAACCCCAATAACGCCAGGCACAGCTGGATCTTTTGTTACGTACGTCCCAACCATCTCACGTTACGGCGACTCCATGTAGTTGGGTTGGTATTATGTGACGGTCACTTCGTCCATTGATTCACTCCCCTGCCGGCTGTGCT,1176,47.36,Drosophila melanogaster
SEQ_111850,GTCTAAGAGGCTTCCTATATGCTTGGTCGTACTTTTGGCGGCGGAACGAGACGTAGGGCCGCAATCCACGCTGAAATAAACATATCCGATCTAGTCCGTTGACGGCCTAAGGTGTGTTCACGGTGCATACTCGGACGTCCGGATCGCACTGGCCCCTTATAGTGGTTGTACTGTACTGTTTAGGCCGGAGCTCTACTGAATATAGTTCTCCTCGCTCGGAGACAATTCCAGTCAGGGTGGGAGAGAACAACCGCTCTATTTTGCCTTTTTATAAACCCACCACTGCTTTAAAGCCAGCTACCCAGGGGGCCCTCTCATACTCCGTGGCAGAACCGTGCGT,340,52.35,Escherichia coli
SEQ_970442,CGTCGTGTTATCACTTCCGTTTCGAGTGTATCCCAGAACGCTCTCGCAACCCTGAGGTTAGCGGTTTTCTCGTGTGGTGACTGCCCTACCTATGAGCTCCGAGTGACTCGTTATGCGGGTCAGTCGCGCTGGGGAGTTTGAGAGCTAACGAGATTTCATTGGTTTTTTTCGCACTTTACTGGCACGAACCTTAACATGAACGTACTGCCCATGAGCACTCTCGCAGGCCAGCACCGCCAGGACATAATAGTACTTCGCAAAATCATTACACTGAAAGGCTCTCTAGGATAACGCTGCTCATTAAGGGTGCTTCCGCTTCCGAGTGCCAGAAAGCTATTAAGAGGAGGGCAGGCGTATTGAGTGAAAGCAGGGTTGTCTAAGGTCGAAGTCCCGTCGGCCCTCTAACATGTTCCCTCATGCTGGCAACAAGCTCAGTCGAGGTGGAACGTGTTGCAGTCAGTGCCCCGGGACGTTATCCCTCGAGAGGGAGTCGCTCAGAATCAGCTATCAAGCATCCTGCAGAAAAACCAAATCAAAACGATGTCCCCTCGTTATAGAGGGGCATATAAGCGGCACCCGCATGTCGCGGCTGAGAAGGGTGGATCTCCTTGAGTCTACATACAGCAAAAATCCATGACGGGTCGGAGAGCTCGTGCGGACGCACTCGGGCGTATGTAGTTGCAGTTCACTAACTCTTTCAAAGGCTGTAAGAATGTCTAGTTGATTGCCGATACTTTTGAACACCGATGAATTCGGTGCTGGTTATAGCGTATGTAGCGCGCGTTTTATACCGTGTATTAATCTAAATCGGCCGTCTCCGCGCATGAGGAGCGTAGGCATCCAGTGCATTGTTCGGTTCCGCTCACAATTTCTACCCAACTGCCCGATCGCGTATGCCGCAAGATCGTACGTCCTTTTGTCCTCTAGCGTGTAGACATCTCGAAGGAGTTACAAGTTGTAATAGTACCCGGAGGAGTCCGATCGTGCCGACTGCGTGAACCAGCGACACATCCCGTATCCCGCGGCGGTGTGAGCAATTATAGGTAGCCCGTGATGATAAACAGCGAATAGCCTACATGTAGATGAGTATGGCTAAAACATAACACGACGAAACCACTGCTCCCAACACCCATCAAGCCTATGCGCTTTCTTCCAACGA,1159,51.16,Drosophila melanogaster
SEQ_425542,GGAATCGTAATTCCCCCCCCGTGACCTATCCATTCGACGACCGAGCTGGGGGAGTTAGTTGTCTTTCCGCGGTCCCTAAGCAGCTACAACTCTCCCGTCTTTGTAAGTCCGTGGGTTAACATGAGCCGCTGTGAGAATTATCGAATCTCGTGAGAGACCAGTGCGCGCACAGTCTACGCGATCATTGGCAAACCGGAAGCATGCGCCTAAACAGTTCCAGGTTAATATACGAACCAGGGAGCCCGGTCGGTCGCCCGCTCATGTATACGGGGTGGCTGTTTGAGCTTTCCATTAGTCAGCTTGAGTGCGCTACATGGCAAAAACTGACACACAAACCTCGCTTTAAGTTGCAGCTAGAGTTTGCCTCGATTTATCTCCGAATTGATATGCCACCGGCCAGCGTCGTTAGCAATTCTCTCGAGGAAGGCGTTACAATTTACTAGTGAGAAGGACGGCTATCATCAGTTCCTACGCGCATGGGAATATGGCTGACAATAGTCTTGGCCCAGACACAGGACACCTAGGGGAGTGCGTACATACAGCATCAGCGAGCTCGTGCGGAACAGATAGCGTTAGTCGCCGATGATGGCGTATACACACGGAGCTCGTCGAGAGGTAGGGGTACTATGGTATGTGCCTTTGAGTAAGGCGATTCATACACATGAACGTGAAACACTCATCATATGTTAAATTCGGTCTCCATCGCTACACCTTTATCCCTTACACTCTCTAGCGCTTCTGCGACCATGGTCCGGACGTGTCTTTGTCTGCGGGCATGGTCTATCAGGAAGCTCATCGGCCATCCGAAAAAGGATGTAGTGGTACCCCTAGCCGACAAACTACAGGGCGTATCCACCTCTCAAGTTGACGGTTCTGGGAAGTGCGTCCGACGCCAGGCGGCAATATAGCCGTACGCGTGCAGGCTAGGATGTCAGAGACCGGGCTAATAGGCACGGTTAGAAATGTAAACCTTGGCATCAGGGCTTCCATACTACGCGAAGAGGAATGCGTTCCCAGCAGTGTCCCAAATGACTGCAGAAGCGTTTCACAGTGATCACCGCCAGCGGATAAATCTAAATAGATCTAGCCCTCTTCTCCTTATCGAGATACTTCTCTTTGCCGTTGCGAAGCAAAACCAGAGGAGAGTACTAGGCCCATCTATATTTATACTAAGGCAGGTAGGTTTGACCCATCAGCCAAGACGCACCAGATACTGAGGGAGGACGCCCTCCTTCTTCACCGGGGTGCCGTGACTCTGGTGTTTGTCACCTGTGTCCAACCTCAAAGTCAACACGATCCTACGGGCGGTACTCAGGGCTATGAGTTCACATTTTCCGTCATCTGGGCATATCTTCCCTTGATCTGTGACACATTTAAAGCTTCAAGCGAGGGCTAAGTATCGTCCGAGAGGGAATAGTGCTGCTACAGGAGGCGGGCGAGCGATAGCCAATAA,1453,51.62,Homo sapiens
SEQ_730717,GTAGACGATAGTTGCCCGGCTGACCGAATAGCTGTACTCATTACCCCGAACTCGCACGTCGAAAGCGACTACCCCTTCCAGGCGAGCCCAAACCACATAAACTAGCACGTAACCAATGGGTGGGCTTCTCCAGCGAACCACGGTGATGGCAACTTTGTTCGATGAAGAGTTTTTCCTCGTAGTCATTTCCTATCACTACGTTTAATCCTGTACACTAGACAGTGTTTAACACTCGCCCGTATTCGATACTCTTTGACGTCCAAAGCCAGCGCCTAACTCAGCGCACCGTATTTAGGTAACAACATGGCGTGGTCTGGATGATACGAACATGTAAAAGCGTAGTAGTCGAATCAAGCCATAATCCGAGTCCTACCTTTCAAGACGACCTGAGTTCCAAGGCTGATCTCGGCAACCAGGAGGCTTTTAATCCGAAGGGTCTAGGTGACGTATAATGATACGTCGATCTCCCCACTTTTAAGTGGTCTATGCCCACACGAAGTCAATTATCCATCGGACGACATGTGCAAGATATTTGCTTTGACTCGCCTCTCACCCCCCATAGCATTAACTTAGCGTCACCCTGCGGCCTCACCTTGGCCTTGACAGCACGTGACCATAACGTCTGGAGCTTCTCCTCTTATCAGAGTCCACTGGCCTGTTTCTACTTGGACGTTTCTGATGGCGGGTCGTTTTCGCCTTTCTCTAAAGCGGTCAATTCGAATGCTCCGGACCTTGCGTCGTCAAACTCTAGATTAATGATGGAGCTCGGAGGGCCCAACGCACTAGCACTCTCACTGAAACTAATTACGCCTGACCAACTTCCCGATCGCCCGTTGCCTACTCCGTTTAGTGGCGTTCGCTATGGGCCCATTAGGACATTCTCTCTTCACAATAGGGGGGCGCAAGCTGTTGCTCCTAAGCTAACTCGGCCGCCGTGGCCCCCGAGCCGGCGCGTTTTCATTAAGTCAGGGGGATTGTGGCAGGTGGAACCGACACACACGCCAGGCGGTTCTTGTAGGATATGAAGACGACAGGCGTAGATTCCGTCTCCATTTGGGAACGGTGACCAACGAGGTATGTGACTCGAGGTCGCTACCCTGCGCCGAGCAAGAAGTACCCAACACGTGATCAGGAGTATAGCTCTCTAAAACCTCGCAATGATCGTGCGAACAGACCAGGTAGGTGAGAACTTGGTACCATTAGCAGGTCATAGCAGAAAGAGGACCCGTAAACCAAAAGGGCGAGTCGCACGACCTTATGGCTCAAGGGGTATACGATTCCCTC,1284,51.64,Mus musculus
SEQ_916992,TTTTTACGCGCCTTGAACTATGTTTAACAGTTGGAGTGTCGATCATTAACCCCTATCCAACGATACTGACGGTCTCACCCGTGCTCTAAGTTAAGGAGTAGCGTACAGCGGATCGTATCGCACGAAGTAATACGCTGTACAGACTGGTCGCATGGACGCATGTCCTTGGTGTTTGGACCGGTCCTGACCCAACGTGACGATAAGAGCCTTAAACTGCCAGCAAACTGAGCATGTTGTCCAACGCCATGAGACCTGTCAGTATGACTATGAGTCCGTTCCCCAGTCAAAGTGGGGCTTCTACGGCGAGAAGTGTAACCGGCCGTCGGTTGAGCCTTACAAGTACAAAGAGCCAACGATAGCGTTAATGAAAGGGACTAGTACACGTCCCCTACATCTTCTTCCCCTGGAAAGAATCTGCCAGGGATTCTCCATTCTAGCACACGTCCTCAAGGTTCCTAGGGAGCGAGTGAGACACCAGCCTTCGGCGGGAACGGGATTCCGCGCTGCTGCTCAGGTCTATCTCTCCAACGGATCCGTATCGACGTTGGACCGCCAGCGGATCAGCGCCGGGGCAGAATGTGCCCCTCTAAAGGCCCCGCCCCGTGTTACCACAGCCGACGCAACAGAGCTGGCGCCAAGGTCATAATGCTCTACGTAGTTCATCCAACTGTGTATGTTCATACTGTAGACCCCCTAATAGGCGATCGTGGCGCATTTACCACTCTCGACACACAACACGATGCTCATAAAAGGCGCCAAAACGACATGCTGGTACGAATGGTAAAGAAAGTAGTCACGTGGGGCAATAGCCGCCTGGCACCCTCTGGGACACCTATATGGTACAAATCTGTCCAATTCACACACCATAGCGTCACGTATAGCCGGAGAAGGCGAGAGTTGGCTGAGATCGACTGTGGAGCTCATCTCAGTCCTCACTTGATTCTTCTGTATTTCCCCTATTCGAAGGCGACCACAACAAGATACTGCTCCCACACCGCGCGATACTGATACCTGGCAACACCTGAAAAAGAGAGTTGGTTACGGCTACGCTGACGTACGGCTCATGTCGCCATGGTTGGTGGGGTCTGACGATTCTTCCCGTATCAGGCCAAAAGGCGGGGCCGATCATTTAATCCCAGTCCCGCTATAACCACCATCCAAATCGAAACGTCTGGAGCTGTATGTAGGACCGTTCACATCTTAAATTGGGATTACTGTCGACTCAGTACTTACGGACGAGGATTGAACTACGCAAAAGGACCCTCGGAAAAGCCGCCGTGTGAGGTATATCCGTCTCGTTATTATGAGCAGACCCTGGGGCAAGAAGCTTTATATGGCCTCGAGAAAAGCCACTCAGCCCGGTCTTAAAAGGTCGGGGACTTCTAGCTAGCCAATCATAAATAACGATTTCCGGTGCCAACGGCGGGGAAGCACAAAGAGTTGATGTCCTGTCTGACGCGGCGGTTAGTCCAGGCGCCGTAGTAGGCGGCCGCTCTATTCCTAAGCAATAGAGGGCAAGGTTTAAGTGGCGCAGGTCTGTAACACGACGACGGTA,1555,52.41,Mus musculus
SEQ_748361,AATGAGTAGCCCATAGTTAGGTGGGAGTACCTAGAGCATTATTGATACTACGACAGCGCCAAGTGCGATTACATTCACGTTTATCCTGAATCCAGAATCCGCCCATCAATTTGGAGCGTAACTAAGAGAGGTCTTCGTGGGGGTTACTTACCCACTGCTCCGATGAGTTCCCTGCGTAGCAGTCCCCCACGTCTTTGACCTGAACAAAATGAACCTTCCCTGACTTTGTTCCTGGTTGGAAGAGACAAAGTGTATCTCGATCGAGTTGAGGATAAATAGAGCGGTAAGCCGCTTCTCAAATCTTTCTAGAGTGCTAATGCACTAACAATTCTCAGAGCAAGCGTCGCGATGAATG,355,46.76,Saccharomyces cerevisiae
SEQ_723417,GCCCAGTTTGTCCATATCGGGAATTTGGTAAGGTGTGTACGCAGTATGTTGCGAGGAGGTACGTCCCCCACAAAGCATTGGCTTAAACTGAGGAGTGCCTCTACAATAAATGCTCATACGCTGCGCCCATTAAAGTCCTATCTATGTCGCTTTGCAGTATGGAAAATACGGCGTGTTTAGCACCATATAATCTCGGCGGGGAGACTCTGTTGGCTTGCCGTCGAGTAGCTGTTTACTGAGAGTCTGGCAAACAGAATCTCGTCGGCCCTACGGTCCTAGACGTAAGAACAAGCCTGCTGCTAAAGGACAGGATCCTTACCTAATGATCACAGTACCGAGGTGTCCTCAGCCCACATGAACGTAAGCGGTAATTAATACCTGCGCCGAGCAACGTCCCAGGCCAGACAGCTATACGAAACTACGACCCACGCTCGTGTCGCTACGGACCACTGAGGTCGTCTGGAAAAGAAAAGCATCTCGGCCTTCTCCATAGATGTTTCTGGGAGGGCGTTTAGGAGTCGTCAGGCCCATACGATGAATACCAGGCAGGCTAAGAAATAACGAAGTGATACGCGCACCTTCGGCAAGAAGCAGTTTGGTTCTATCTTTTACGCCTGCAAACTGGACTACGTCTTCAACTGTATAGAACTTGCCTTGGGTCTTTACTGGTCTGATTTGGATTTTGTTAGAAATCGGTGCGTTTGAGGTTGCCTATCGCCCATTAGGGATGGTAAGGCCTAAAGATGCAGTGGGTATAGATCCGTAACTAGCCGTGCTGGGACGCGAATAGCGCAGAGGCCCGCACATCCCGAAGATCAAGGGAGCATGACTTGGAAGGTAGGCTGCTCTATCCTTTGGGACCTAATGACAAGTGTCTTAGTACCCTTTCGGCGACATTAAGATCCACTTAGATTGTGACGCACCGGCTTAAATTACTCCAACGTTAAACATTATCAGGAGTCAGCTCAAGTCCGCAGATGCATCTGTGGAGTTCCCTAAGGTGTTGCTGCCACAAGATCCGATGTG,1026,49.71,Escherichia coli
SEQ_132516,AAGCATAGTGCACATAAGTCAGTAGTTAGTTAAAAAATCAATACGAACAAGAGTAAAAGCACTGTCAGTCTAGAACAATGTGTCAGGTACCACTGAGCCAGTCGATTCCTTCACTATGGCCAGCTCGACGTGGCATCACGTGAAATCACCGCCCAAGCATGCAGTGGTTCGATCA,175,45.14,Homo sapiens
SEQ_333149,ATATAGCGCCTTTCGGCTAATATGATCAGCCCTCATCACCACCCTAACCGACGGAGATCCGGACATTGTAGGCAGGAGTTGCTCATTGCGCAGAACAGTCGAATAGAACGGCTGTTTTTGACGAAACCCCGGCATTTGCGAGGTTACGCAACGGCCGTCTGTGGAATTGAAGCAGCCGAAGCTCGAAAGTTAAGCATCTAACCATAGTTTATTTAACAATTTACAGCATGTCGAAATCCAATGCATAATTGCCTTACGATCCAACATCTTGAAGATTTAGGTGCCCGCGAGGGAACGGTGCATCAGAAGTGCAGCTTGCCAGTATCGAAGTTCTTGCGCCGTCTCTCTGCGCGAACCATGGAATTCACTCATGTCTTTGTCTCGTTGCAGGTTTGTCTGGAACCCTCGTGGGCGGGAACATGCGGCTATTTTACGGTTTCTACTTCTCGCAGCAATTCCTGAACATAGATCATACCGTTTTTGCTATGGGTGTTACTTTTCTGAATTTTGTTAGAGATAAATGGGCATATTGGACTCCTTACACAAGCCTCCGTAGTGGAGTGCCGACTGAGTGAGTTATCCCAGACAGAATCCTCCGCCTCTCAAATCTCAGTCCCCCGCCGTACGGGGCCCGATGGAGGCCACGAGAGACAGAATGGCGAGCTCCGAGCAGACACTGGGAGTATCTGATCGTTCGGGTTAGAGCCATATGTTTCCCCACGGGTACGTGTTAGCGCACCATGGTTCACGAGAGTCCCCCGCTAGAACGAGCACCGAACGAGAGGCGTTTCATCTGTCCGTGAGCCAACGGTCCGTAAGTTGGACCATCATAAGTTATGGATTGCCCCAACGTGAGAACTCGGCCAGTTAGAAAAGGATGGGGAAACGGCCAGTCGTCTCCCAACGTGACGCGAAAAGCGTTAACGAACTCACCATTCCTGAACTTTAGTCGAAACTGTTTAGAGTTCTACTCGAGTTGGTCTGAGTAGACCAAGCAAACCACTTATTCACTATACTAGGCCCTAGAGCACTGTTACGCTAGACCTTCCCATATAATAGTGCCGAATTCTCAATCATAGGCACAATATGTATAACGTTAATATTCTAGGCATAAAACTATGCGGAGCGATCAGGAGTAGGCGTAAAATCCGTATCCGATCCGGTTATTGGCACAATGGTCCAA,1183,48.94,Saccharomyces cerevisiae
SEQ_278528,CTTTGTTTGCCCACCAGCCTAATTCAGACGGTGACACCCTCCTCTAATGGGTTCAACCCAGAGTATGTTTTTAACACTGTACGACACATCTGGTTTAAGATCCACCTCATTAAGTGGTTATGTGTATGGAGACCGATCAGCAACACTTAATGGGAAACCATGGACCTACTTGCCACCCTGGCTGGACACAATTAGCGATGCTTAGACTCCGAATGACACCTTCTTTTGGTGGGACAGGAGTGAGTATCCTGACCCCCGTGGGGAAAGGGTATTGGTGGACGAGCATTCTCAGAACCCCTATCACGGTCGTTACTCCGACGTGTACAAAGGCTACAAATAGGACTCTGCTGTAGCTTAGCGGTTACTTGACTTGTGCGACGAACCAGGGGAAGCTTCGCCCTTATTAATATTAAGTTCGACTGGGCCCTATGCGTAATTGATCGTGGGACAATTGACGGACCTACACAATTTATCAAAGCTAAGTGGGCATATCATGGACTATCATAGGCTTAGAGGGGAACCCACTAAACACGTCTACGGGCATACAATATGACGGCACTCGCGTTTCCCGCAAATAGTCCTAAAACATAGAGAACCTAAATGGTCTCGCAATAATACTTGTACTCGCGGAGCAGTCGTGGTCCGGTCAAAATCACGACTAAGGCACGCTAGACGTGTCAACTTCGCCTGGCACTCCCCATTATTCTATAGGTGTATCCTTAGACATCGCGCCATGCTAATGTGGTGCTAAACGCAGAGGGACATCCGCGTCTCAAGCTTTAGCATCGGGAATCAACGACCCTATAGTCTCCCGACGCAATTCTTGTTCCATGGTACACGCCAGATTGATTTAGC,855,48.3,Caenorhabditis elegans
SEQ_162943,GGATAGACTTGTATAATGAAGACCGGAAGGCATTGTGCTTGGTTAAACATAGTACACACTCCCAGACCAACTTTTCTAGCCCTCTGGGTTTTGGATCGCATTCGTATGATACCGAAGATACTAACTGCTCGCCTAGGTATGGAATAGTCGATGCTAATAGCTGGCTGGGAGGGCCAATAGTCGAGGGGTCTTCCTATGGATTATAGAGGCACATAACGGGCAAGGGAGCTATCAGGAGTGTCCGCCCCGCTATTGGAGAAGTACAGGGAGGTGGTGCTAGCCTTAGAACATGCGGTTAACTCCGCCTCCTACCGCGAGGAAGTAGAGAATACAAGAAAGAAAAAGTTACATGTCTTTTCAGTAGCGCTATGCGCCGATGCCTTGATTTCTTAGTCATCGCATTCGGGCCTAGGGGGTTGGTGGCAAGCCTTATGCGGGATCCCTTCGACCCCCGTAAAAACCTCATGCGCCTTGACGTCGGCAATCAGATTTGCACGCTAATTAGACACATAATCAAAATCCGGATGTCTAACTGCGTCAACTATGCGAACACAGAAAGCGCTGTCCTATCTTGCTCAAATCTTAGGACGCCTCCAGTCAAATGACCTGCAGCTGCCTGCGGGTTTGAGCAATGTGAAGGAAAGACAGTAAGCGCCAGACGGTTAGGCACAGGGTCAAGGGGGTAGCTATTGGGATCTTCGTACCGCTCATTCGAGCAAGAAACATGGCCGAGAAAGGACCAGCAGTCCTGAGAAAGACGGACCATGTATTGCAGTCGGATGTCTCCTTATCATAGTTCTGCTCCAAACCACATTCCTGAGTGGAGCTCAAAGGTCGTAGAGAAAACTATACAACCAATCGTGCAGAGGTCCTCCGGACCCAGCGGAAGCCCATACAAGACTCTAAAGTGTCGCTGGCATAGGCAAGGAGGAGCCGTGAACGCTAACCGTTTTAACGGAAGCGGCGCGGCGAGGACATACGATGGACTATATAGTCCGATCTGCATTCTATCCCTCGGAGCGGCCGTAAACAGTTGTCTTCTTAGAGAAGGACTAGTCCACCAATGAAGACCTACTCCCCCTAGGAGGCTGGCAGAGATGCCGACAGGCTCTGTTCGCGTAGTGGATCACTACTGCTACCATTATAGGTGTTAGACTACCATGACCGGCGGAATACCTGTGAGAACCGCACTCTGGGCTACGCCCCATCAATCCTGACGTAGCGTCGCCTCTCTATCGAGTCGGACGCTGGCTGGGACGGGGTTAGTCGGCATTGACCAGAGAAAGACCTAGAGCGTGCATTTAGTGAGAACCTCACACAATTAGCGTAGCGGCACTGGAAGTGCCACTATTGTTAAGGGCCCCCGGATCTCTCGCTACAGCTTTACCCCAGTCGCTCAGCACATTAGTTGAGACAGATTTCACAGTTGACAATAGATCCTCAGAGTCCGCTTATCGTTATGTTTAACAATCCCATATGGTGATAGTGAATAGATATGAATCCGATCAATCGCTTGCATATAAACGAAGTGTCTCATTAACCGACGCACGTTCTCTACCGCATCCAACTAGGACCTTACCGACTAGGGGCGGTCGCGCAAGTTCGGAAGGGCGCCGATTCCGGACCCGTCCGGCGGGCTGTGGGAATCATAGTTAGTAACAAGTATGTTTACGTCCTTTTGTCTCTTAGGCGACGTGTTGTCAACCGATTGCCCTAAGTAGTTCCATAGCGACTCCATGGGTACTCCATATGTGGCACTAAGGCGCAGGGTTGTGCGCACTGGTCCGAATGAGCTCACTTTTTACGGTCAGAGCGTACAGGCAAAATAGGGCTACGGAATCATATTATGATACCTGCTCCTGGATCGTTACGAATCCTTCTAGAAAGTAATCGTCGTTGCTGCAAGACAATGAACGGCGGCGCAAGAAAGGCCTCCCACTTAAACGACTTCTAAAAAGTGG,1961,50.54,Escherichia coli
SEQ_803785,GTCGTTTAGATATATAATAAGAAGCTCGGCCTCTCTCTTAGGCCTACCGACGCGGATGACGTCTTACTTGAGGGTCTTATCGTCAAACACCTGCAGGACTATTGCGACAGGCTGGGGTGGGGACCAGCAAGGGGTGGGAAAAGCTCCGTCATCCCCCTCTTGTAACTATATGAAACTAGTTCGTAGTCACCTGATATTCGGGAAGAAGGGTCAATGTGGCTCAGTCCGGGTGACTATTTATATGTCATAAGCCCTTTCGCAAGAACGACCTCAAAATTGGCCACCTAGAAAATTAGAATCGACTTTGAGCAGAATCAGGTGTACGTGAGGACTGTGAAAATGGCATGAAATCGCAGTGTCACCGACTAATCGAGATTCGCAACCCGGACATTCACTTCCAATTCGCCTAACGCAACAGCTAAGCGGTAGCCCGGGAATCGGTCGGTAAGACCCCCCGCGCGACTCCGGTACACTACCTTCAGTCGCGGTCCTCAGTTCGGACAACCGTATCACCAACCGAGAACGCTTTTATTTGAAGAACATTCTACCCGCGGAGGCTCACCTTCAATGGAAGAGCCAACCCACAGCAGTCAGACGATAGTTCTATCCCCTGAGAAATGCGCAGTCGTTAAATAAGGTTTTAAATGATGGCGTGAAACTCGATCGTATCTCTGAATGCGGGCAAGACCCACTAACTCGCGTCCAGACTGCGCATCCCCCCGTTGTCGTAGGAGAGCGGAGATACGGATCCAGTTTTGGTCCGCATCGTGAGAGTACCCCCCGTGCAAGTCCACCACCGATTCGGTCTTAATAGACGTCGGTGAAACTTAAGCAAACCCCGGTCTCCACTTCTTGCTGAACCACTAGATTCGATGTGTACACAGGAGTTGCACTTGGATAGTGGAGGCAAACGGGCCGGTTAGGCCTCGGATGCATCGTGCTGGGTGCTACTTGGATAGGTTCGATTTCCTATGTGCACGTATAGCTTAAGGAACGCGCTAAGGCGGCTGGTGCACTCTGTGTGGAAGTCACTCACGCGGCGTTTAGCGCAGGACGTTGTTAAATCGGTGGACTCTCCGTATTCGAGTGATTTTAAATCACTTGCTAGATTACTGCATTACCTAAGTGCCGAGATGGTATAATAGCCAGCCCTCTCTGACTGGTGACAATGATGTGTTCGGATGCGCGAAACCCGCGTTTGCATTTTCGACGAGACTAGCCGCTATAGTGCCAGAGAACCTTTAGAAATTGGCCAGGTTACCAAAGCCATTAGCGAAACTCGGCGCGGGAGTTGAGAACCGGATGAGACAGTCCGCAGGGAATATGACGCCGTTAGTTTCACGATTTCTAGAGGCCTTGTCCAGACACAAGTCAGGTGGCTCTGATGAGGACATGCTCAATGGATTAAGAACCTCTGTGCACCAGCTGCTATGGCAGCTCCACCCCCCCGAAATACCGTGGGACTGGTATGCAACGCGGGAATGGGTTAGTACGCCCTTACGAGAGCGGCGGGGTATGGAAACGCATTACGTCCCGGTGGTGACGGTGAATTTTCTTGCGGTAGACTGCTCAGTGTACCACACAAATGCTACAGCCTATCTTAGGACGAGCCTCACCGCCGGGTTTTTCCGCGCGGCCGTGGTGTATCGCTTCAGAACAGAACACCCCTGTAGTGAATAGCCCGAACGGAATACAACAAACAATGAAGCCGATGTGTAAGCTATCGTCATTCTGATAGCTTACCCTGTAGAAGTGGCCCTTTACGCACAGTGATGTGGGAGGGATTTCGGCTTGTACCGAATAGTCAAGAGCTCGCCATCTCAACGGGAACCATTGCTCAATACGCCTTTCTTTACATTTCAATCATGAGACCATTAGTTTTTGCAAGCGACGGGTCCCTCGGTAAAGGTGCTTCCCAGTGCACAGGATGCAAGCTGCGTCAGGCCGGTCGCGCTGACTTACCCGATTTG,1970,51.47,Drosophila melanogaster
SEQ_960130,ATATGTAGCCACTCGCTTCCTTTTTGGAGAATTGCCACAGCTATAATCCCACCTAGCGCGTGCTCGATGAGTGAGAGGTTTGGCTAGTACCACATCTGGCGGTACAATGCCTCCAAGAAGGACTCCGTGGAGTAACGTAGCCTATCGGTACGTGAAACGTCATCACAAGGAGGGGTGTAGGAACGCAGTTCCGTTATTGTCGAGCGAGATCCAATAGCGGGCTATGGGAACCCTTAGCAAGCGAAGTCGAGATTGTGAGTCTTAAAGTCCGACAGGTCCCGCGCCCTGATCCGGTTGTGGGCCTGGCAGCACGGGAAAATGGGTTCATGTTATAAAGGAATATAGTATATGTGCCGACAGAGGGATAGCTTGTTTTAGCTCACTAAAACGAGTATCTAGAACCCCTTTAGGTGCGCGAGTGTGGGATATTGTCTAACCGCAGTTACGGTAGCTTGCACAACATGAGGTGGCTTACATCGCCCTCTCTGGGGCGTTATGCGCTAGACACACATTCTAACATCTTACTACGGCGAAGTCCACTCCTCGAATACCCTACAGGTAAAAGGGTTCCTAGCCTTAGTTGCAACTCAGCCGTAACGTCAGCTGGAAGATTGAGTCGCCTCCACCCCAATGTGACGGGAGGGTGGTAGTTGTGCGATCCAGAGAAGACTCGACCCCACAAAGTAATTTACTGGCCTAGTGTGTGCAAAGTATGCTGCTATCTATACATTCTGCCGTTTGTCATCTAATCCTGGGATAACTAGGCCCTTCTGTTAGAAAGGTACATGAGATGTAGGGGCTAACTACATTTGGGGAGCAGCCGTACTAGGCACTGGCGTCGTTGACAAGTATAAAGGGTCTGTCACGTTAGCCGAAAAAGATTAAGCGCCATGAAAGCCACCCTAATAAGAGGCTGCCCGTAGACAGGTATCCTAATTACCCTCACCTGAGATCTCTGATGCTGGTGGAGTGACTCGTGCAAAGAGGTTTTTTATAATCTCTTACACGCTCGATCGCGCCTACACAGTGATTAGGGTAATGGGCGAGATCGTAAGTGTAGGGCTAGTGGCTTAATAGAGGCGGGAGATAAAGTGATCTATCTGTCATCCGCCTCAGACCCTGCAAAAGAGTGGATTTAGTATATGTGGCTCTTTTTTGGAACGGTGGGTCCGAATTCTCTCATAGCGAGGATGGGGGGTGGTTACTACCACTCTGACATTGGC,1223,49.47,Mus musculus
SEQ_323117,CTTCTGCCCAGGATTGGCATTCATGACTTAATCTCTTCACTCTTTGAATTCTCCCAATGATTTCCGAGTAGGACGCGTAGCATGGATGGCAGGGGTCCTCCTTCGAGAATCGTAGCGGGAGTTTTGTTTATATCATTTCCGTTATAGGGTATGGTCCACTTACAGCTCGTTATTTATACCGGAATCTCCGTTGCCTGGTTCCTCACCCGAAAGACACTGGTTTATATCTACACTGGGTACTATCTATCCGGCAAGAACTCTTTGTCTAAGTTTCCGAGTTCCATGTATTGGGTTGACCCTGTCCTGACTGAGCATCGGAGCGTCGTACGGGCCTATCGCCAGCCACGTCCGGACTCATTTCGGAAAAAAGGCTGTGGGGCCGGCCGCTGACGTCTATAATTTTATTTATAAACGTAGTTCATAAGTGGCACAGAGTGATCGCTTGACGAATGGTAGCTTAACCTCATTATTTTAATATCGAGTGCAGACGGACCCCTGCCACAATAACAGCTCCAACAAAAGCTAATTCGTAAGA,535,46.73,Escherichia coli
SEQ_533915,ACAGGCTCTGTTTACAGTTACGGCGAGAGGCGCAATTACCAGCTTGCTGCTAATGTCCGATTATAGTAAGTACTAGTCTTTATGGCTGGCGCTCCTGCACATCTAGTGCCTTACCCGATGGACTTGCCTGAAGTTCAGTTAAAGTGGCATATCGAGAAGCAGCAAAGTAGAGCCCTATACATTCAGGAGCCTGCATCTACGAATGAGTAGCTTTCGCATCGCTGGCAAGGCGCGCGATCATCGACTCAAAACGTAAGCAGCTTGAGGTGATCGATAAGATAGACTTCTATTAAATATGGACTGGGCTACCCAAAAGGATAGAAGGAGACGGGTTAATCAAGCATAGAGAGGGGGTCCGAAAGATCTCCTTCAAATTGTCTTATTAGGTTTTCATGCTTCTTTTTGAATCGGGTTCCAATGTAGTCGCAGGGTGGTGTGCCGACTTTCATCACGCCATCTCCAAATAACCCTAGCCCAAGGTATCCCATCCCGGAAGAAGCGAAGTATCGAAAACGGTCTTCCAATCCATGAAGGAAACAGACTTCGGACAATGACCGTAATGGTCACATCGGTGATTAATATACACGGTATCCATTTTGGTATGCAGATAGAGCCCTAGAGACCGTAAAATATGTTGAGCTGCGCGCTTCTTTGAACCGATGAATACGACTGCCTGTGTTTGTAACCGCTGCTCCTGCAATTAAGAGATTTTAAAAATTTTAGCATCCGCGCAAGGGGCATCACGGGTGTAGAGTGTATGCTATATGGCCGGGAAGCACTAGTAAATAGTTGGTCCCAAGGTACCTTATAAGGCCTGTTGTTTTCTACTCTGGGTCAGTATCTGGGTTGGCGCTAGCGCACCTGCAACTCGTCATACGGATAATCGTGAATGACTGCATATCCACGACGCCCCGTGGCTGTCGCGCCCCTGTGACCACACCCAAATAAGTTAAGCGAGAAGAACATTAACTGAATACTTGGTGATTATGAACGTAATGGCCTGGCTTACTATTCACGAGTTGGCATGGGTAGGTAAGTCCCGGATGATTAATAGCGACCGTTACCCCCGGAGAACGCGTCCGGCGCATGCAGACGAGAATGTGTGGCGGAGCAGGTAACGGTTCCATCGTCTATAATAAACACAGACAGATTGCCACGACCATAGTCGTCATCCATCAGCTTTTGGGCGTATGGGGGAGGTTCCATTGCCAGGAGCGGTTTAGGCGAATGGTTTTTTAAAGACGCACCATGATTTGTATTTCCTAGGGCCAGGCTAGTGGTGAGACGTAGGGAGCCGTAGGGTGAAGCTCCGCAACGTAGGCCTCGCCAGGACACTTCGCAACCAACCAGCTCCTTTCGAGAAAGACGCTCGGGACAAGTAAACACCCCTCAAATGTGGCCATCTTCTGGGTGGCTCCAACTCTAGCTCCAGCTGCCTTGGTTAGTCTTTTGGGTATGCGGCGGACGGCAGATAGATTTATCATCGCAAAGGACACCTCCTTCGCGGCCAGTGCAGGTTCTTCAAGGAACAGGCCCGCTGACTTCAAATACGCCACGCGCGGGATAAGATCTTGTCTACATCGGCCAGCGCAAACGTGCATACCAGCACTCCTGGCGTGCCGAACGCTAGTCAGTGTCACCCTGCGGATGCACTTCTCTTC,1661,49.91,Escherichia coli
SEQ_398760,GGAATAACTGTCAGCAAATGTAGTCCATAAGTCTACGTCGAACGCGGCCCCCCCTGTTTTACACTGTCAACCACTATAAGGATGTTACCGCTAGAACAAGCGGTTGCCACAAGAAAAACAGCGAAGACCGACACGACATTCAGGAACGCTGACCTATATTGGGCAAGCCGCGACGCACACGGACGGACGGGATAGACTCGACTAATTCGATGCACCCAAAGGCTATTCTGTTTCACGCGACGAACCACGGTGTTAGAGTATGCGTTGACCGTTGCATCAATGACACTAAAGTAGTCCCCGGACTTTAATAGTGTCGGTCATGTAACGTAACCTTAAAAGGGCCTTGAGCGGCCGTAACTGAGTGACAGATAGCTAAGTATACGCGCTACCACGACCCCGGAGTGTTTCCAAATACTATTGGTCTTTTCTGTGGATATACCTTCCGATAACGCTCAGCACCCAGGACACTCTCTCCGTAAGCTCAACGAGAGAACGAGATATAAACCTATTTGTGCGAAATCCAGTACGAGAGTTGAGTCGTGGTCCTTCGAACCTGTTAACGAACGACTATAATAGAAGTGCAGCGGTAATAGTGGAGCCTGAGCTGATGCTGATCGTCGGTACTCAGGTTCTCAGCTCTGTGGTACCACACATTTCTCGACTTAGAGCGGGGGGAGTCTTGCACCTGCGCGACCCGCACGAGTTCCAATTCGGCAGCGGGGCAGAAGCCGTGTCTTACCGTTGCCTGAACCTTCTTGGTACCTTGTATGTTAGGCTCCAAATTTTTTAATGGCTGCCCCTAGATCATATCACTTTTAGTCCTCGGATGTGCGATGCTTGATTATTGAGGGTCAAGTGATGCGTTACTCCCCGGTCTGACTTAACCGGCGCCGTCTTTACGTTAATTTGCATAATTTGCCGGTGGAGTGTCATGTTACCCATAGGTGAGTACAGCCTATCCTCAGAGTTCGAAATGGCTAAATGTAAAGATGCAAGTTTTGCGCTAGACGGTTTATCGCCATAATGGCCTTCGAATTATACCGCCCGCGACCGCGGACTATAAAATCTCCATTCCTCGACACCGTCCACCCCATAAGGCGGGTTTTGTCGGTACCCATTTAACGGAGAGA,1130,49.38,Arabidopsis thaliana
SEQ_623733,AGCTGATGCAAGTCGTGCTGATATACCCGCTTCAAGTTGACAACCCTTATTGGGACCTCCATCCAGGGTGTTTACAGTCACCTCCTCTACGAATCAATTATGGCGTTGCCTCGTTCTCTTGTTAACTGGAATAAACGATCCTAGTGCTTTACTCGCCTGGTACGAGAGTGGGCTAGCCGAGGTCGTCGTTTCTACTGGTATGGCAGTCAGAAATTCATATGTGCCTAGTAACGTGGAGGAGCTGTGCCGTGAATCATCTAAGGACGCGTTAGGAGTCTAACCAAGAAATGTGTTGTGGGATGGCGCTGGGGGTTCTAGGGAGCGACATCATACAAGTGGACCGTTCAGAATAATAGTCGTTACAACCAGATTTCAAAAGAGGTGCGCCGAAATCAGGCCAACTCGTCCAAAAGCCGGGGGGTATCTTTCCTAAGGGCGATACTTCACCGGTACAATTCCACCGACAGGGGGCCAGGTTTCAGATAAATAGACTTTGTAGCAGCTATATATATAGCGTCCCTACACTTCGGGCAGAATTGCTGTATGTAATGGTACGCGTGCTGATTAACTCGTGGTACACTACTGAGCTGTATCCGACCAGTTCGTGCGCTCGATGTTTTGGTGTGTGTCTTTTAATAAAACTGGAACTTGAACTGCAATTTTGGCTGTCAGCAAAACGAGGTACCTGGATACCCAGTATAAGTGCTGTCATGTGGGCTAGTGGTTGGCAGTTCTCACAGTTGGCATTTCTCATACGAAACGTCTATCATTGTCATTGCACATCTATTAGACTCTACTGGTTTAATTCTACCTTAATATAACGCTATTTAGAGGGGGTGTGGCCGCCTCAGGGTGACTTCTGACGCGGGGTAACTCCGGTTTGAAGTGGACACGATCCGCCATCGAAACGGAGCGACGCACTTCCGCGGCGCATTATTCTAGATAGCTGCGTGTCACCACCCCTCCAACCCATCTTTCTGGCTTGCTACAACCAATACCCGATTGTAATGACGGGTACTGCATTGTGAACGGATCGGGGAGTGTCTGTCAGCCGTCTCTGGCACGCAATCGGGAATCGGTCGGAGCATTCAGTAGGCTGACCTGGAAATAACACGGATCTGGCTCTGGAGGGCATCGAAGACGTCATGCCTCGTAGGTTGTCCATGTATAACCCCTTCACGGTAGCTCCCACTTACTGACTCCCCAAAACGCCACCTCGCCGGGGACCTTGGGCAAACAGTGCGAATTGTTGTACCGGCAAGGGGATCCCAATGATCGCGGTGCTACTGCCTCGCCTTGAGTGGATCAACTCTCAAGCAATGTCTGGCACGGACAGTGCTGCTACGCGAAAGCGCGGCGTCCAAGCCAAAGGAAGTCAAGCTGTAATGTGTATGTAGCGGTCGCACGTTCCGCAGTCGTGACCCTTTTGAGCCATTTGATGCGCTCCTGATCTCCAAACCTTTAGACTTTCAGTAATCGTTGTATCTCAGAAGTGCTCCTACCAA,1505,50.3,Caenorhabditis elegans
SEQ_744666,TCTCAAAATGTATCTCTCCAGTTTGACATCCCAGCTAAATTGGCCTTTGCTTTTCTAGATAATTAATACTAGAGCGTAAGGGTTGCAAACTATTGGATTTGCCTCATAACGCAACTATGAGAATTAGCGACCTATGTATGTATTGTACAGAACCTTATGTCGACATGGTCGGTGGGGCCTAACTGGCTCCGAATAGGCAATTAAAACCAGCTCGCCCTATTCCTGTGCGTTCCTCCCACACTTTTCTTCTGAGAAACCTCTAAGCGCATTACATATGAGCTTCGCATACATGCGGGTAGCCTAACAAAATTTACTTATTTTTTATCACGTGCATCTGGTCGTTATCAATTTGTGTCTGGCAGCAGTTTAGAGGCTAAAGCGAAGCATC,388,42.27,Drosophila melanogaster
SEQ_898145,GCAGCACGTCGGCTCGCTCTCAATAGCTCAGGAAATCTCTTTGAGAAAACGGGCGTCATCGCCCTATTATCCCTGAGAAATCAACTCTTGGGCCCGGAGCGCAAATATCTCCGATATTCTAAATCTAGACCTATCCAAGCCAATGGCGAAAGGGATTGCTTGTCCCAACGCCAGGCCCTCCGGATATTAGTCGTTTATTTTTTGCTGGTACAGCCGCTATCGGTTCATCTGGGTAAAGGTATGTTCCCCTGGACCAATGGCGGGAAGAGGGACCTTATTACCGGGGTTAGCTTTTGGCGTCAGACCAGCTCGATCTGAAGAATATATAGACGACGGCAGAAATAGCATCCGCGCCGACCTTGTCCCTTAGCCTTAGGCAGTGATCCGTTGCTTCTTTCGTACTCATCTGAAGTGCCATACGTGATCATCACGACATTCCGATAGGGCAGTAGGTTAAAGAGCTAGTTGTATAGCTGCAAGATAACAGGGGTCCAGTGTGGGTGACTGGCTCACGCCACAACCGAACTGAGAAATTCGGTTGTTTCCGTGAAATATTTCTAGAAAGCGTCCTGAGAGTCCTCAAAGTCTTCTGATAGCGCATGAGTTAAAAGAACTGCAGGTGGCGAGACGGCCTTTATGGTCGCGCTATGCAGGGGGCAACTACTCGGGGCAGGTGTCCCGTCAGAAACGTAGCCACCGTCCACAAAGTACTACGAGCCGTTACCGTACCCATTCAAACAATGAATGACCAGCAGCGCATAGACCCCTATGCGAAATGGAACTTTTTGCCGTAACGTTGTGAACAAGGTCAACCCAAAGAGCCTTACCGCATGCTAGCATAAATCCTTTAACGCCCATATGTGGTCCGCTGTTGTACGTTAGGTCAGCGTAAAGGCTCGGTCAACTTGTCTAATTATAGATTCCGCGTCGCGGCCCAACTAGAGTGACGTCCTTATTAACTATGAGGAGCGGGATAACCTGGTTCGAGTTAGAATTTCTTCGCTCCACCACCATTACGAGATAACTAACGACCCATCCTAACTATGTAATTTCTCTTGTGTAAAAGTCGTGTCCGTATCTGGGGTGGACAGAGGAACTCACATGAGTTGAACAAGGCATCGGTCCAGTTTTTAGCTACGTTTCAGTTTACCGTAGAGTTAGCAACGGACCCCGGTGCACGATGACTTGAGCTGAGTTGTCGAAAGTTGCGTTAGGCTCCCCGCTATAAGAGGTTATTAACAGGCGACCTTTCACTATGAACGCACCATGACCATTTATGCCGGCTGCACAAATCCGAGCTCTAACTCACACGCTTCCATGCTACCCATGTCAGCAGTAGTAGTGAAGTCTCAGAGAAGATTCGCTCACTACGCGACCAATATATTAGGTAGTCGTACCCATACCAGGCCGATGTCATTCCCTGCCGGACTTCGACACAACTAAGCGTACTGTTCACACAGATAGGGTGGGTAGGTCTGTTACTCACAAGTTTGCTGTCCCCTCCCAATTCTAAGGGTGGCTGTTT,1525,49.25,Homo sapiens
SEQ_996472,GATACCCAAGGTGCGTTGCATTGGGCTGAATCCCTGACATCGCGAGCAACGCAGGCGGAAGTCCATTGCTAAGTGTTTTACGGTATTTGTGGCTACACTAAACGCGGGGAAGACATTACTTTCCGATGAAACGTCGTGCAATCGGGAGGAGCCGACTACACTTCTGCTCGATACGCTCATGTGAAATCGTGCCTTAATGGCAACCCTTAAGGTGTGCTCGGATTATATGTCTTGAGACGGTTCAGCTTCAGTCAGACCGGATTCGCGAGTAACAAATTGTTGTTGGTTGCCCCGAAACACGAGGTTGCCGGTATTTATCCACTGGTAAGGTACACTCCCACTAAAACCGAAGGTGCGTTTGATAGTAGCTGTAGGGCGCGGACGAAGACCATATGTATGTACAAGGCTCATGTGGCCCCATAGGCAGGTCGCACTTCGGCGCGTTGGTAAGGGGCGGGGATTGGATACCTTCATGTCGCGCCCTACGATTCCGTTATATATTGCGCACGTCGCGACTGTAAAAAGCGGAGTTGATTCCACGCTGATTAAAATAGGCCATAACTAGTGGGAAGGACAAGCCAACGTGGGTGCAACTTCCAATCTCACCTGGTAGCATTATAGATCTTCCCCGTTGCGGCCAGCAGCGAGCGCTCTACTAGTCGGTGTCGCGGCAAGCGCAAGTCATCTGTCCCCATTTTAGCCCCACTACCAGATCCATAGATTACGACCCTAATCATACGTTACACAGCCGATGACGAGGCACCACGCTTGGACTACTCTGGTGTGACGGCGAGCCTCTAAAGGGATATGGAGGTTACGCGGCTTACAGCTACACTTCATAGGTCACCCAGTAGAGCACGCGGTCTAACTGATTATCTTGGAGGAAGGTGCCCTTCATTGTGGGGGTATGGGCGTCCGCCGTAGTACGCTGAGAACGTATTGCCCCTT,948,52.11,Saccharomyces cerevisiae
SEQ_728411,CTTTAACCTAATAGGAGTCTATTGGTATTGCGCTGCATCGCTCGCAGCGCCGCATCAGCCCCAGCGACGGTTACGCAAGCTAGTCTTTACTAGGTGCCGCCGACCAGCCTCCTCCCTAACCGAATGAAAGTGCATTCCTATTGACCTGGGTGTGTTCGTTCTAGATGCATGGCGACTAAAGCGTGCTTGAACTAATAGAGAGAGCGAGGGTCGACCCTATGGGACCGCAATTTTATGCTTGCACTGCTAGCCTAAGCCCACTTACTATCGGTCGCGTCCAACAACATCATTTTCCTCAAATCCTAAACACTCAGTGCAAAGAGGTCTGGTGGATGAGCGAACCATTTTGGGACTGCCTAACTGGGTAGCGTACAAAACCAGGGCTAAGGCTACATTGCATAACACCTGATTTCGCGCTCCAGGC,424,51.18,Homo sapiens
SEQ_612795,CTCTCGGCTGAGTGGCGCGAGTGCTGGACGAAATTGACCTCGCGGGTTCATCCCAGTAAATGAGTAACCTGGGTGATCATCAACGGGTGACTGTGCCCTGGGTGACAGCGATAGAGACGGTACCTTACGAACCATTCCGGGAACAAGTCACTTATGTCGATGTCTTAGGACATGACGAGGTCAAGGACGCCTTTCCCTGCAGACAAACACGCTCTACCTTAGGCAACAGTTGGCCCGTGCACATAGTTTAACGTTCGTGCACCCCATAGGACAACCAGCCTCCTTCAAGTCAGGTGATTCATACCGTGCTTCCTTACATGTCCCTTGACTAATCGTGTCTAGTTGGATTCGAGGGGACTCACGAGTCATCCGCTTTTAAACACCAAAAGCAATATCACCACTGCTATCCCGCAAGTGGGCGTCACCGCGAGTAATCGGTGTGTACGTAGTCATTACCTACATATAGGAAGCTTTCAAATTCTTTCTTCCCCGCCTACGAATGTCTTTTGAACCAGGTGAACTCCGCCTTCTACGTGCAAATGGATAGTTCGGCTCGCGAAGTACTAAGTTTTCTCTAACTACACCTGCCTCGGTGACGAGTATGCAATTCAGTGGCGCTCATGTTACAGCTAATAGGAGGGCATACTCACATAAACGCAAATCCTTTTTTATAACCAGTAGTTAGCACCGAAAGCGGAAATAAAACCGCTAAACACATCGGGCTCTCTCGCGCGCCTGTTAAACATCGAGACATAGTGACATCGCCAGTGACGTAGCTTGAATCAGGTAGAGCCACTAGCCGGTGTCCTCGGGGGTGCGTGAGCTTGCTCGACGTTAGTAAAGGGTATAGGTCCCTATCATCCTTCAGGCCTAACGTAGGGCTAGCAGATGTAATGCATTGCTATTCAACGGTCGTTCCGAAACCTACTGGGTTGCCGTTGGAAAGGCCACCTGGTAGATGCCTGCACTAGATGTAACGTATGGTGCTAAAGGGCCGTTACACGGTTCTTCTCGTCTAAGCTGCCAACCGTCGCATTTACGCATAGTGCTCATCACTATGCAGTTGTATCGGCTTCCCGGTATGTTGTTTTGTATTTACAATGATTCTCGCGGTTCCACGAGTCTGTGTTCTCAGCACCAGAAACAACATCTTACAAAACGCCCTCAAGGCGGTCCTCGACTCTTCCCCAATTAAAGAAACTAAGATCCAGATTCTTTCAATACTGGAGCGCTAACAGAGCATGGGGTCGGGAGAGGGTCGGGAGACGTATGCTCAATTTAGTGTAACGACAATTTAAGGTGTAAACAAGGTCAGAGCGAACCCAATTAACACCGAGCCACTTGTCACCGTTGACATCATACCTCCTTTTCCATTACCGTCATCGATAAGATTGAGGTTCAAGTGTAGCGTTTGGGGTATGCTTCGGAGAGACAAGAAATGTAGGGTTCGGAGACTACGTCATGTCGGGATGAATAACATTCACCTGTCTATAGTCTCAAAAACCCGCATGCGCTCTACTAAACCGGACACGCATCGAGGATTCCCATCTGAAAATTTTACGGAATCAACACCGTCCGCGGGTGGCTGCATGTTCTACAGAACGTCTACGTAGGGATAGCAAAAACCAGATAAACCGCTAAACTGATCCTGTAAGACCAGGTCCTTCTCACAATATTCTTAGACATTGAACGGTGCTTCGCGGATCAAAAGCGGGCAGACGCCGTAGTAGAACGCTTCTATAGCTGACATGCGACCACTACCCTCTTATCTCATTGTTTTTAAACCATTGCCCGCCCCGCTCATTAGACTGCTCAATCGTCAACATATCATACCAAGCGTTTTTATGCTAAACGTGGCAGGACTGATGCCACCGCCTCTAGGCAACATCCGCCGAACTGACTCGACGGTTGGGCA,1915,48.88,Arabidopsis thaliana
SEQ_797840,CATGATCATAGGACACCGCTCCGCGCGACAGTATGCCACCCTGGTGGTTAGCGGGGACAAGAGTGAGGGACCGACGAAGGTACCGGCAACGGACTTGTGCCGTTTCCCTTAGCGCCCGACCGTATCGACCTTCACACGCCAGTACCCCCAGATTCCATCATATGACTCTGCAGACCGGTAAGGAGATGGAAGGTTCGTCCGGATTGTTCGTCTCGTACTTATCCTTACACTCCTCGCGTCCCTCTGGGCCCGTAGCATTGGTCAATGAGGCTCGGTTAAGTGAATGGGTACGCACGATCACATGGCGAACCGGCGAGGTCAGTCAATTGATGTTAGCTGTGAGCAGAGGCGTCCTAACGTGGACTCGTGGTCTGAAGTATTAATTGGCCGTCTACACCATCGTAGGCCCCTGACACTCCTAGAGTGACCGTGGCGAGTTGATTTGGTCAATTACGGGACGTTACATAAAGCAGGATGACTCTCTACTCTGAGGTTCGAGCTTCCCGCTCTTAGCAATGGGACCCTTACCGATCAATCGTACGACTAAGACTCCGAATTGTTTCCCAAGTCCTTTGTGACCCATCATCGGATTCTAAGGCCACGGTTTGTTTATGCGTTGTTGCGTGAATACTATTCTTGAAAAGGATCTACTCCCGCTCCGCTCAGAATCTTGAGGATCACTCGCACAGTCTAGTATATGGAACGACTCTTGGTCTCTCACGCGATGTGGTATGGGGTAGGGGGAGCGGAGGGACCGATCCGCATCTTATGCGTGCCTTTATCCATGGATACATATTTTCCCTGCGGGGGCCACTTCCGATGTATCTCTGTGGAGGGCAGGCACTGGCATGAGGCCATTAACGTCCTTCCAGGTCG,876,53.31,Drosophila melanogaster
SEQ_578885,ATCGCATTTAGTGGCGGCGCTATTACCCGGCGCTGCCATCCATATCTCTGAAAGCAGGTGTTCACTTTGGAGTTCTCCGCGTATATGCTGTAGGCGAATGAAGCAACGACTCCAAGATGTGTGGAGACAGACCCTATCAAGACAGTTGACCCCTTCATACATTCGGCAACCCAGAGCAGAAGACATTGACACTGGCTCTAGCCACACTAATTGTCGATTAGAATTGCGTGCCCACCATTCTAACCTCATTCTGAAATAAAATTATGCTTTAACAGGTTTGAAATAACACTGCGTACGACAAAATGTCTAAGGCTCGCTCAGACGACTATACTCGGCGTCTAGGCTCTCAGCCCACACATGCGCCCAGCGTGAGAATTTTTCAATGTACGGCAATTATTTATTTAGACTATCATCTCACACGATCGGCGTCGTAACTATATGCCTCGCTTCAAACGCTAATACGAGCGCGAGCACATTGCATATGTGGAGACCGCTCCTTTATCACCGGGACCGTGCTCGGTGAAGGACCCGATTGTCTACACTACAGCTGCCTCCTCCACGCCAATAGTTAGCGCGCGTGACCTATTCATTGCCTTTCCTAATAGCGTAGATACTATAAGGACTTTGGCCTATTGGGCTTCCGGAGCTACGTCTACGAGAACGTGCGAGACCCGGACTGCCACGAACTGCTCCAGCGAGAGTATACTAAGCGGTCTCTGTTGCCGTGCGCCATTTTACACAGATCTAATCAGCGGACGACCAGAATAGAACCCATGCCGGGATAGCTTACAGTGTTGTAGAGGGTCGGGCGGTCTTTTCCCTGCGGGAAAATAAGCAATAACAAACTAACTCCGTATGCTAGTTTAGGAGCACCAACTGAACTGTCATGTTGTTTCCGGGTATTTGAGGCCTCAGAACCGACCAGCTATACCACCTAACGGGGGGGCAAGAGCAGTTGGACAACCAGCGAAATACGGCCACTGGTAATCATGAAGTCCAGATCATACTCGCGGCATCTCGGTGTGATCGGCCCGCCGTGTCGCGTTCGAGATTTAGTGTTACACCACCATTTGCGCGTAGATTTACCTACTCAGAGAAGAACGGTCATTATCAAATCCGATATTCGTAATGAGCGCCCCCGCGAGAGCGATGGTGTTCATGCGCCCTGAAGCCGGCTGTATGGACACCTCCAAGCAGGATGAAATCTGGTTCTGTGCGGAGTAGCCTCTCGCACAACATCTACCACAAGCAATGAGAAGGTATGTGAGAAAAAACTTCCGGAGGCGTAAAAAACTGTTGCAGGCGAGCACACAAAATCCCAACTATAAACTAGATTAGACATTAGACGATAAACTTAAGGTCCAAGGCTACCGCGACTCCGACGCGAAGTATTGTGATCCGGAAATGGTTCCACGCTTGCACCGCCACGGCTAGTTTATAACAATTGGGCGCCACGATCACGAAATAACCCCTACTACAGACCCGGTGTGTTTCTCGCAGACTAAGTAATTTCATCTTCGCCTCTTCCGCCGAGTAGGCTCAGCCACGAATCCGTCTCAGTCGAAATGAATTTCTTAGGGGTAGTACGGTTTCGCAATATATACAAAAATCTCCGATCATGTCCCTTCCCGGTAGGAATGGATCTCTTCCACTCGATTGACTCTAACCGCGAAGATCCCACGCGGCATGAATATTCTGGGATCCTGCTGTATGATGGTCGGGCCCACCCGCGACAGACGCAAAAGAATAATGCCACGTCAGTTAGGATGTCACAAATGCGAGACCCCCGGGCTTTAGCTCAACCCGGGCCGAGTGCCGGAGGTGATTCAGAGTTGATGTACGAACGTGCTAGGTCAAAGGAAGGTTTGATGTCTGGTCATATAGGACCGCCTCGGCTCTGAATCACCACGGCGTCAGCTTCTTGCGTGTTGGAAGAGAAAA,1941,50.03,Escherichia coli
SEQ_966248,ACGAGGCGTCTCCCCCCGTTTAAGGTTGATGCCTTTTCGACCCCGACCCAATCTTACGCGTTCTACAGGCCTACGTTAATAATTAGCCACCGGCGAACTGAGCGCTCACACGCAGCCTTCCAGATTGTAAGTACTTGAGTAATGACGTGCCTTCGGAGTGCTGCTAACACGTAAGCCACTGGCCGAGAAGCGGTTGTTATATGCCTTACGAGGTACAGTTTAAACGAGCTGCTGCGCTGGATCAATCGCTCCAGTTCGCTATATCACATTGCCTCGTATTGCTTTGGGCACGTCTCAACTATCAAAGCTTCTAGTTTATAAGCTACGGTATCAACGTGGATATTTACCTTTAGATGCTACAATTTGGTCGGCTGTGCACCTGAAGCTTGTGCGATCACTAGACTTCTTTGGTTGGAGTTTTGCGAGGGGTGACGGTTCCGCAATAACCTGCGGTGGATGAATTCACAGGATAAGAATCTCAGCGTGGTGGCAAGTTGGGCTGCTTCCACCGTTAGCCCGTCCTGTATAAGGTTTACACCCATGAGAAGGGTGCTGGTCGAGCTCAGCTTCGACATTTCATAGACACTAGCGCTTTACCACGATGGAAACCAAGCGGCGCTCGGCATAAGATAAGGCCGTATTTCAAAGCGAAGGGGCGCGCCGCCTTAATTGAATGATTTGTAGTTGTACGCCGAGGTGGGATGGGGTAAGTCACTGAAACTCCTGACGAAAATCCCAAGTATGATGTGATATGCTGCCCGCCTTGATGGGTATATCA,778,49.87,Homo sapiens
SEQ_177301,GTGTTGTCTTCAATTAGCACCTTCCTTAGGACAGTTTGCGTCCAGCATCGACAGATTGTGCGAAGAGTGTAATTTAAGTGGGCTCCAGGCGAGTTAGACCCATGACCTGTAAGCCATTGTGAAGAGGCCACGAGTTGTTCCACGTCCAATCCAAAAGGACGCTTTGTCATTGCCGTCCTTTAGGCTCACGAACTTCTGATT,201,48.26,Mus musculus
SEQ_697401,GTCACCTCTCCAAGGTATGAATCTCAAGTAGACGTAAATGAACAGTCAGACCCTATTTCGCTAAACGTAGGGTACTCAGTAATTTCAGCTTCCAAACGGTCGAGTTTCGTTACTCTGCCTTAGGCTTGTTCGCTACAATACCCGTCTGGGCGCCCCGGTGCTATTGCATCTATTTTGTTTTAAAGGGACCTCGTAGAGGAGATCCAATTGACGATGCTGCTCATTCGCCGTAGGGGTACGTACGGCCCCCCGCGTGCTACGGGTTTGGGAGGGCTCAATGTATTCGCAGGTGCTTGAGCCCGGTAGTTCATCTGTAATTCCGTCACTGCGTTGGAATAGTTTGTTCGCTGCATAATCGAAGCCAGCCAATACCCTTAACGGCAATCGGAGCTTTCGCTTGTAGGA,405,50.12,Saccharomyces cerevisiae
SEQ_213546,GTAGAGAAAATTTTCGACCCCGTGCAGATCGGGGTCAGACGAGTGCCGATCCGTACTGCTCTTTCGAGGGTGGTTCCCGGTGAGTTACGGCGCCTAGTCTTCTAACAGTCCAAACGTTGAACCTTGCTGTGAATATTCTAATCAAATAGGCGCTTCTTTAGTACCGGTTCTGTTACGCACAGTCTATGGCAAAAGCACGCGTATTAAAGTTCATGGCCGGAGCTGGTGGAGGGGCCGAGTAAAATCCAGGGGCGCTTGGTTCACTGGGGGAACAACGTTCTAGGGGCGCTCTTGGCTTTCCGTGTAGGAATATTCTCTGCGGAGGCCATCCCGGGTGGCGACTCTCCCCGAGGCCAGAAAAATACGGGTTGAATTAATGTCGCTGGCGCGTAGATAGTGTTAAATTCCAAAACTCCTGTTATCTCAGCTCCTTTTGTAGTCCCAGATTTTTAGTTCTCAGCCTCACACGGCATCTGTGGACCTGACGTAGAGAGGGCGCCCAAAAGCGCTCCCCTGCGTTCGGCTGCGACCGAAATGCCCAGACCCCTAGGAGCCTGTTCACGGAGGGCTGAGCGGGGGTACTGAGCCGCGCTTGCAAAGCAGATATCGCATTTTGTTAGTCCGAAAAACTGCGGAAACTATATTTGGCACGTTAAATAGCAGTCCCACCGGATGGGCCATGTCGCATGCACCCTCATTATATGTGTGAATTGTTTGACAACTAAGGGCCAGTGTTTCGGCGCAGCTGTCTTTCTGACTGTGAGAGCAGTCTGACTGTTCGTACCAATGAATCGAGCACATGTATTTGCCCACCCAGGCATTGATCTTTGCAACGCACGGCAAAAGAGATCATTGAGAAGATTAGAATCGCCCAGGACGCAGACCAGCCTCTCTTAGATGTAATTTATGTGGGAACTCCGTTCCGCTACCAGGCCTCAAGAACTAACCGCGCGACGCCCTGGTTCACTTCTACTGCGTCATGAGACACTACATGGTGATCGGTGCTTTTGCGGTCCGATGCAAATAAAGGTACAGACATAAAGTACAGTCTCTCAGTGTGAAGACTATCTAGGACCATCCTATCGCAGGGCTCGGTTGGATTTTACCAAGTGGCCGCTGGATCTCAATTACAACAACACAAATAAGCTCAGTAATCTCGATCGGCAAATCTCTATGTAATACCTCCTAAAATGTTTACTTGCAGCACAGGACCCAGGTCTTCTACGTAAACAATCGTACTATCAATCTACGCGATTACGCCGATTCTCGTGACAAGCTTCATACGCGCCGCCGATTGTGATGGTGCAACTTGCTCGGGCCCTAGTCAGGGGGAGTGTACATGTAGCCATG,1350,50.67,Mus musculus
SEQ_428197,GAGAGATAGAATCCTAATAAACATACGGGAATTTATGAGATTTGACGTTTCGCGAACAGTGGAGCTTACATATACTAGCGGCACGGAATAAGAGTGCACTTACATAAGACAGTTTTTTGGTGTGTTGTACTTTGAGGGCTAATGCGACGACTTATTTACCATACATGGACCCGGTTCTGCGCGCCCCCCGCCGCACTCTGAGCCGACTTGAAGCGTGCAGAGTAATCAGCTAACAATGCGAAGATGACCTAATGTAGCATTGGCTTCGCGGTCCATCGTTAATCTCGACTTGCCAGTGCATTTCCCTAGCGACAGAGAACCAGAAGCTCTGACCCGACAGATGGCGGCGCTCCGGCCGAAAAGGATTCGAGTCAAGTCATCACTACCATCTAACGCGTTTCGACACACGGCTTGAAACCATGGACCTCTTACGTGGGAACTCCTTAGAGGTATCAGCATGGCGTCCGCCCTAGTGGGCTGACAGGCGTACGTTGAAAGGCAGTCAAGGGGATTGGGGACTAGTAACTAGCACGTCCGCATGAGTGGTGGCTACGAGAATATCTCATGTGACCGTTCCGTCTTTGCGCATAATGTAGGCCGCGCTTAGCCTGAAGAAAACCTTCACAACCCCCAGGGTCAGTCACTCGACTTTGATATAAA,660,50.3,Saccharomyces cerevisiae
SEQ_693668,TCCACCAAATACGACATTGACGGATTATTTGGGGGCATGCATCATTTTCAATCCGATGGTGGATCCCCAGTAGCACTTATAAACTCGATGGGCAGAACCGGGACGTGAGCCTTTGGAAAGGTCTCAAGCTCAGAAGAATGGTTGTCGGAACGTACAGGTGACCTTGACAACGGAAGCCATTCCAAGAAGGCTGGGTGACCATCAGCTGAGACGCTCTTGTGCGATCCCAAGAGTCAAAAGGGTATGACCGAGATCGCCTACGAGAAACACAGGGTACCAACCAGCGCCTCTAACCTGTGATGCAACTCAACATTTCTTGACGAGTGTCGAGAGTCCCTCCATATGTCAGAACATGGATTTCAAGGACTGGTTCAGCCCGCGTATAGTAACCCGCCCCTGCCCGTACACGACCATTAATAAAGGTGCCTCTGATAAGCCCCCTATTTACATACAATCAATCCGTAACCTATCTTACCGGACCTCTTCGACGCTGTAAGTTCTACATCCCTTAGAGGGTACTTCTGTCTAAGTCTCTGAGCTATAAAGTACCCTGATGAACAACATGACCTTGCACGCTATGGTATACAGCTTTAAGACAGTACATAGACCCAGGGAAGCGGCGTTACCGACGGATCCCGAACGTGGAGTAGTCTGCTCTAGGCAATCCTCCACGGGCAAACACTCAGGTGAATGACGGGTTGTGCCGACACAGGTTTGACAATATATGGCCACGAATGGCGGAGGATGTCAGTAGATGCAATCAAGATCAGATCGTGGTCGGGGCCCTGGTGGGCTAGGCATGCTTGAAGTAACGCTCCCCATGCGTGCTCATTTACAACATACAATGCCATATTTTCACCCAATGGTCCTGAGCAGCATGTTGCGTCGTGAACGCAACTTCCGGAAATACGGGGTAGGTACAGCCGTACAGGGTGGCCTACACATCGTCTGGCTGCCTCTGATAACGGTGTATGGGTTGACCTCGAAGAAGTACTGCGGCCCCACCACACGCTAGTCGTGAGTATTACAGGCCCACGAGAGGAGGAAAAAAGCGAACGTGGACGTTTTTCCTGATTGCACATGCACTCCGCTAGGTGGTCAAAGTCCGTTTGAGTATGTCGGAAGCTTAGGAACGCCCATGGCCAATCTCAACTGTGTATCTCGGCTTGTTTCAGTCTCACGTATAATTACTAGGAATGTACCGTCGAGACCGCATACTTTGGAAGAGACTACCTAGTGGGCCGGAAATACGCGTACACTGGCGTTCGATATTGGCGCGGAACTCCACACAGTCCGGAGACAAGTCCCTCCAGGGATCGAGGAAACGTCTGCAAAGAGCCTTGTCCCTCTTGTTATCTTGCCGTCTGCTTGGCCTGCACCTCCATGCCGCCGAGACCCAGTAACTCCGTTCGTACCCTGGCAAAATGCTTACGTGGCCCGATAAAACGCTTAACGTATAACCAATGAAAGAGGCCCAACGGCTTAGTCTTTATTATGTTAACGGACGCCGTTGATAAGTTGCCCCTTTTCTAACGTGCCGTCCTCGATGCCTGTTGAAACGAACATGGAACCACGTCGGAAAATATACGACCCATTGCCCGTATCCCGTTCGGTTATACCATCT,1624,50.86,Escherichia coli
SEQ_918084,AGTCCTCGGTGCATGCCCCTTATACCGGTTCGACGGCGCGAACATAGGACTACATGTGAGACGGTTATATGTGTCGTGTATTCTCCAACGTCAGCCGAAACGCATAGAAAGTTGCGATCGATACTTTACGCAACATAGCTCCGCCATCACCTCTCCTGACGAATGGGGCGACCCTCTTGATTGGCGCGGAAACCATCCAGGTCCTGATTCGGGCGCCACAGGCATGTCAAAGACGGTTTTGTGGCCACTGTAGCATTCTCGGTAAATGATGGTTGTTCAAAGAGTATCCCAGACACGGGTATTGGAGCCGTCTCGCATTGCAGGTTGTGGTGTGACTACTACAGGCGGATTTTCCGGGGCAGTCGCGGTGGGAGATGTAGGGTGCAATTTGGGGTCTTTATTCTACCATGCTACATAGTCAACCGTTATGTTGAGCGTCCTGCATCACCCAGCTTTATGGAAAGGGGGACCAATTTAGCATGCCGATTTCTGTCTTGTTACCAAGATTGTGCTACTGGTCGAATAACCAGTAGATACCGCGGTTTGTACCTGCGTAAACATGCGTGGGGGACGGGACTAGTACATCCCATCCGCAGGGGTGTAGAGTATGGAAGTTGCACCTGTGCGTGTGATTGTCAGAATAGTCCGCAGTACGCCTGTCGGCATTACTACAATAATCCGCTAGGGCTCGACGGCCCGTGCCAGGATATGCTCAGCTGATTCACGGTTGTAACAGCCCCTGCATTGCTAGCGCCTTAGATTAGGGTCGGCCATCTGCCATAGATGTGCACGCCCTACGTCTCTCGAAAGTTGGATAGGTACCGCGGTAAGAGAGGTCTCAATGTGAGGGATATTTGGTGCGGGGTGAGTAGTGAAGGCCCAGTATTATGCAGGGATCTTGCTCCCCGCACTCCTTGGACGGTTGACGCCTGGAGTAAGTGAAGTCACATTTCCCAGTGGCTTTAGAAGGACGCAACAATGCCTGCCCGGGCATGAGGATCAGTAAGCCCAGTGCAACTAGGCGTGATATCAAAACACGTCCCGTTTAAAAGCGCTCGCTTAGAAGAGACTATTCCTGATTGTCGCAGCAAATATCAATAGGCTGGAAGTAAAGTAAGGACCAAAATAGAAAAGCCGACCCTCCGTGATTTGCGAAAGTGAGGCGGCATTGTCAAAGG,1178,51.61,Drosophila melanogaster
SEQ_610589,TGAAGGGATCGACCATTATTGTTCTTACGCTTAGTGACTTGTCGCCGAGACATAGTTCCTTATCCACGTGAGTCGAACTGCGAGACTTGTATCGCTATGGGAGTCTTCGCCGGACGCTCACAAACCCCCTCCCACGACCGGGTTCGAAATAATATTTTGACAAAGGTGAGGGAAAGTGGCTACTGTATAGAATAA,195,47.69,Saccharomyces cerevisiae
SEQ_278463,TCCCGAAAATTCGTGTAACTCTTTAGGGACAAGGACCTCAGTCCCTCGGCAACGTCCAACGTTACTATCTTGGATATTGGAGGTTCCCGAGTTCTTCAGCTCCTATCTTACAATGTGTGCGCTCGGCGTACCCATATCTAGTGAGGAACTGGCCTGTCGTGCACAACCTCCTCTCCATGACAATGGCGGTCTTGTATTCCGGACCCATTCAGGATGAAGCACGATGCCCGATACGAACCAAGATGATTAACAGGCTCGACTGGATCGCGTCCGCCGTTGGTTACTGGCTTCTGGGTAGCCACCCAGTGCTACTTCAGGGAACTTATATTCCGCCTCAACACCTTTTCGACAAGCGGACTTTCGGCTACGGAGTTTGTTACCCAATTACTGTCCCCGTACACTCTAGTTACATGATAAGGCTGGTCACATTGGAGATGAAACATTATCAACTCTTATACATAAGTTGATTGGAACGCCGCTAAAGCGGAATACGTGTTACCGCAACGATAGGCCCGTTGGGATCCAGGGGTGACGACCCTTTGACAGTTCCGTGATGACATAATTATTATAGACATCGTCTATCGAGGTTTAATACCCACTTCGGTCCTGTGATAACAGGTTGGCGCCAAAATTACGTGGCCCTAGCTTTAACGGGTAAATCGTAAAACCGCGTGGCTCTTCTGACAGGATATAACGGGCATAATCATAATTCTTGGTCGTCATTCATTTGCGGGCATCATCCACCACCAGTAACTCAGGTAGGACGCCATGACTAATATCCACTCCCTCTGGTCGGCTACACGTGTCGCCTCCAAGACAGGTCCCCCTTAGTTGAAGTTTGATTAGGAGGCCCCACGAGCGGCAATTGTTCACTTCGGTTTACTGAATTTCTACGACCGATGATAATGACGGCGCCTATATAGCGGGGTTGCGTATAATCAGTAATGCCATCTTTCCTTCCGTGCTTTCGCTCAATAGATCTCATCAGAGCTGTTGAATCGCGAAGGACCACAATCTACAGCTAGGTTGTTTGACCTATTCGGATTCCATCCCTACAATAAAAAGAGGTTGGGCCCAGCATAGGAACTGCGAGAATATCCTATAGTGATTAGTCTAAGAAAATTACCGTATCAGTTCCCTAAATTCCACTGGCCTTCACCTCCGTAGTCAATAGAACTTGATTCGGGCACAGTGCCCCTATTTAAGCATTGGGGCTTCGAGGTATCACCGCTCCCAATGTTGCACTCCCGAGGCGAGACGTTCGTAACATGCACGTTCCCCTACGTTTCGTATCGAGAGGTGAAGAGATAAGTCATAGGCGCGCTGTATCACCGTATAAACCGCTAGCATATATGTAGGTTAGTTCAAACGCATGTAAGATAAGTGGAACCTTCCTGGCGAGGGCACCATTCGTTTTATAATTTATAGATCTGCCTTCGTTACTATCTTTTGAAGTGGCGCATTGGGTCACCTCCCTTGATCCCTGCTGACTTTCTCTACAGTCTCGCGGGGTATAGATTGGATGATGGCGCCGCACCCGTTTCTATGCTATGAGAGGGGGAGTAACTACCCACGAAGACATTCTTGCCCGTAGCTCACAGCTTGTTGAACCCCAATATGACTCAGCGTCTGGTAGGAGTTGAGCTTACCCTGCTTTTGTGGTTATAAGCGAACCACTGATGGGGTTTCCCCCGGTTCCGTTGGTGCTAGTCGGGACA,1718,48.6,Homo sapiens
SEQ_898516,AGAAGTTAAGCCCACCCGCCACATAGGATATCTGTAATCAAACATTTAGGAATAGGGGCCCCACTCGGCTACAACGCTAATGATTTGCTCTAGCTTATAATGGGCCTGCAGAAATTGTGCAGAGATCTATTTGCTTACGGCCAACCCTATTAGTGGCATTGGGACTTGCCAGATTAGTGAATACGTGCGTGACCAAAGCAAGGGTCTCTCAGTCAATTCCGTGACCCACCCTACGTTGTTTGAACCGTAAAGCGCAGTACCTTGCGCTGCCGGCTTTTGTGAATAAGTCAGCACGGATGTCCAGCCGCACTAAAGACAGTCAAGCAAATTTTGATGACCTGTGCAAAGTTGTCTCAGGGCTTTACCACAGGCATGGCTCATTTGAGGGGTCATTTATTTTGTCAAATACGTATAAAGAAGATCGTGTATGAAATTGTTTGATTTCGATGAGCCTCATCCCACGCTGACCAGGATAGAAGACCATTGGGTTACGGAGGTAGGAGGTGCGGATCTTAGTCCTCTTATCCATAGTGGCGTGCTGAGTCTCATTCCGTAGATGGCTGTGGAAGGTGCAGAGAGAGGCCGTTGTCTCCCCAACTAGAGATCGTACCGGATGGGATCTATCTAACCATAGAAAGGCTCGCGAGTCCCGGAGTTTCTCCAGTGTGTTTGGGGCGAGCTCTATCGGATCGAGCGCACATTACGTGTAGGATGGCCGCCACCCGTGAGCTTAGTCTTCGTTATCCCTGCAAATCGGCGTTCCCTGGCTGTGTTCCGGACGTAACAGAGACGCGCGAAGCAAGTAACCGGAGCGGAGGAGCTTCATCACCCTGACAACTGCCCCTAACCATTCATCGGGGCATATTATTAACGCGGTACCGCTGCAAAACCGACCGTTTTGCACTCGGGAGGGAATAAACGAAGGATCAGGATTTTG,937,50.05,Homo sapiens
SEQ_154951,GAAGCTTAGTGACCTCCCGTGACAGGCTGGCGCCATAGGAGGCCTGTTATAAAACAACCTAGCACCTGATGAAAGTATTGGAACGCAAACCCAAGGACGGAGTTTTGTTATACTCGGTGTCTAACCGGACAGCAAAGTTGAGGGGGACTTACACTTACAGGTAGGCTTAACCATCCCACGAGAATCCGGGCGGTCCTTTAGGTAATCGTGTGCTCCCTATTTTGGCCTTGTAAAATCCTCGGATGGGTAAGGAGGAGCAGGATGCCCTTAATAACGTATACTTTAATGTTCCTCTTCAGATCTGGTATAGGGGGACCGTAGGGTAAACAAGCATTGAACCACGAAGCAACTGCATCCCGTCTGATGCTACCTTCAATGTCGATCTCTCGCTCCGTTGAGGAGGCGCCCATAACAAGTGGTCCGAAGCATCCGGAATCCGCCTGTGTTCCTTTACTCGAATAACTGAGTTTCCTCTCCGTGCGGTCAAAGCCACCGAAGGATCCTTGACCCCCGACAGGCGGACCAGATGACTCCAACTCTCTTGGTTGTGGATGACTAGCAGGAAATTTTAGACCTACGCCGTCGATCTGATCCAGTGCGAAGAAGTTGCAACCGGAACACATCGTAGGCACGATAAACCTAACCACTAAGCGACTCCACACTATTAGACAGATTGATCGCGAAGGTCGATCTAGACGGTGATTGTGGTGATCTGTTATCAACGGTCACGGACTCAACACCTACCCTGAACAGTTAGCCAGCAACCCAGTACTCTCATAACGGCACCCTTGTTGGAAAAAGGCACCTAGCGCGGTCCGTAAATCGACTAGCCAATGATCGATTCGTAACCACTACTCAGACGGGAATGATTCAGTAGTTAAGCACTCAGGAGGTTCCGTCGGAAGTAGAATGTCATATAAGCGCGAGAGAAGCCACTTAGAACGAATCACTTGTACTTTACTATACATCAACCGACGTTG,980,49.39,Arabidopsis thaliana
SEQ_653912,TCGCCACACCTGACAGGGGACGGTAGTAAAATGACAGCTGCCTTTGCACTGAATACTATCTACAGGTGGCTGCGTTAGTGTCCCCCGAGTAGGATTGGGATACATCCATCATGGCGACACAAGAGAATCGCATCAGGGGGGTCTGAGGTCCTACCGCATAGTAATCTCAGCCGTATGATACAAAACAGGTAACTTCCTTCCTTGGTAATATTCATTCCGCCTTAGGACGCTCGGTCCGATCTTCACAGGCTATTGACCTCTTGCGTACCCCGTCATAGGACCAGGCCTAGTGCTCACGTGGTTCATTGTCACATACGTTGCCTGACACGTGTGGCGTGCGGGCCCTCGCATGATCGTGGAGCGGAAATGACCCCTGCTCGAGATTCCGATATAGAATTGCGCTATTTACACCACTGTTGAGTCTGCCTGAACGAAGCAAGAATAAATCGGATCCGGAAAACCTATTACGAATCCTCTCGTGCCTGGAGGCACAGCATGGATCTAGACGTTTGAGGCCGACGTTCATACTCCATTATACGAGCCCCGCTGTAGTACCCCCATTCGTTGTGGTGACTTTTCCCGGTTGTGGTTTG,593,51.6,Homo sapiens
SEQ_414420,CAGAGGTTCCCCGGCCCCTGCCCGAACAGCTCGTGTTGTGGCGAACCCCAGAGAAGCGGTGCCTCTGGATTCGCAAGGCAGTTCAATGGGCATACGGATGTACGCCCAGAATTGTCCGGAAAGGCCGCGGAACGAAACGGACTGAC,146,60.96,Mus musculus
SEQ_445927,ATCGACGACTACAACTCTATGGGACCCGACTCCGCGAGCAACCTCCCGGGATCGAGTAGCAGAGCGGGACTCCATCAACGGCCTCAGGGACTTCGTGCCAGACCCTTTGCAAGTGGAATAATATCCCGGTTGGAGACCGCTGAGAGGTCATGGTAGGTTTATAAATGGACCACCGACTTCCCGCAGAATTCTGGTACCTGGTAACTCAAATCAGACCGACCCGATCGGCCATTGCGAGGACAGAAAATTCACGCGAGCGACGTTCGAGCGGATAGGTGGTGCCTAGTTAGATCGACACTTCGCCAATAT,309,54.37,Homo sapiens
SEQ_160438,GGCGTTGGTTAACAACTCGCTTCGCGAGAGGGCCCTGGTCGGAGCCCGCGCGGTGCCTGATTTTTTCATGAGTACATATGGCGTGAATGGGTTAGACCCAGCCTAACAAAGTCGGCGGATCGCTAGACAATAAAGTCGACCCCGAACCAGCATACACCCGGTATTTTAATTTGCCAGTGGCCTGCCTGCTTCAAGGGTTCATTAGTCGCGATCTGGCGCCATTATAATTCACGCCAGAGGTCTGTTCTTCGCCCCAATGGGACTAGTGAGGGTGTATCACTTGGTTGTCATATCTGAGCGTTAAAACGCCGACGATGGACAGACGGACCATGAACCCTGACTGACGTGGAGCTGTAGGGAGACGATCGTGACTAGATCTCCTGAAGGCAGGGACTTACAATTTATGATTTCCATTCCCGGTCACGGCTTGGGGCTAATTTCGGTAGCCCTGTTGGAGCGACCCGTGCTTACTGGTCACGCCAGCGAACTGAAAACTTTTCGGGTCTGTGTGCAGTCTCCGATGCTCCGCATAGTCTCGCTATGTGCCGGCGTTTCGTATACTGAAAACGTCGAGCAGGTAAGACAATAACGTCCCAATGCCGGAGGTGTTTTAGGAACGACGGGCCGTGAACTACGCGAACAAGTCCGTTGTTGATGTAAGGCGATGTCCATGAATTTCATCATAGTTCCCAGTATTACAAACCCGTGTGAATTGTGGTACCTGCTTTCCTTGCCTGGCGTATCGAAAATGAGCATTACGTCCTACCGACCGTTGGACCCATTTCATTTCCAGTTAATCGGCACTAACTCGCAATACTGACCACCGATATTCCTGCGGTATCGGGACAAAAATGACTGATTGGGTAGATAATGCATCGTTCGCTTCCAAGTCGATTTCCAGTATGGGGACGGCACCTGTCCACCCCTAGGGCGATGTACGTTGCCTCACGTTGGCCGCAGCGGATTCCGTTACGGCCACCCAGCTTTTCGTGGTAAGACCCCCTTTACGGAACTGTGTTTTTGTTCTTCGTCTTGGATACTCTCTCCACAGTCTTCCTCACTCTTAATATCGACTTCCAAGACATATTCATTTATGGATACCGACATATGGGTCTGAAGGGAGCCGAGAGCACTGATCAGGACCTCGCACATCTCAACCCATGCAGATTAGTACTCAATGGGCACACGGAATCAAGTTAAGCATGACTTCAACATTGTATCTGGGCGTACGACCTACTAAGGGTCCTTAATAGAGAACCGATCACAACCGGAGCTACAAAGAGGCAAAACTCGGTGTTTCCGCCTGTAGGCCTGAT,1316,50.68,Arabidopsis thaliana
SEQ_132678,ATCCGCCGAAGGGCGTCGTATCAAGTGTGGGACATATCTCATTTCCCAGCAATTATCAATAGAGGTGTCTATCATGTTTAAGGATTAGGTAAAACGAGTTGAATCTCTTAGACATGCCGTATGATAAGTTGTGTAAGAGGAGTTCTATGCACAGTTAAAGTTTTCTACTTTATGTTCGTCCCAAGTCTGGCCGTCAGGCGAGAAAACACGAAGAAGTGTAAAACTTATAACGATTATCCGGGCAGTCTTTGTCTGACAAGTTTGTGCG,268,41.79,Escherichia coli
SEQ_558495,GCAAGTGAAGCTACGCCTGATACGGGGGTAGGGTGCTCGGCCCTGACAAACAACCAACATCTTATCCTGATTCCATTTCAGAGTATCAATAGAGTCGCTTCCACACGGCCTGCCATCCTTGAATAGCCGGGCAGCGGACTGGGTCCGATA,150,54.0,Arabidopsis thaliana
SEQ_443501,GTCGTAGATCTAAGGCTCGGTCACTGTAAATGGTAACCGTTCCGCATATCTTAGCATCCAAAAGTTTGCCCGCGGGGCCAGATTTTTCGATCAGGAACGGTTCTATTTAAGGGTGTTTTCCTTGTGATTTGATGCCGATAGCGAATTCTTTCTTGTAATGCCTGAACGCTGGAGTCGCATGAACTTCGCGCTAGCCCCCTCATTCGGTAATAATTTTTAGATGTGCCAAATTCTAGCAAGCTGCACCTCAGAAAGCGAGGATTGGTCGTGCAGTTCCCAAACGGCAGGCGGATGACTCCCATCGCCCGGATTGTGAATGTTACCAAAACTAAGTGATTCATCATCTGAGTGCTCTCCCCTCCAACGTTCGGCCGCTGTGAATTGAGGACGAGTTTCCAGCTTACGACATTACAATTCCCGCCCTACCTGAGGCAATAGTCATATCTTGGACGGAGAGTTTCTCTCATGAAGCACGACTATTCACCACTTATGTACGCTCCGCTCTACGGACATGAGCATGTGACTGGGTTAGCCAGAGAGAATCATGTCGTAGATCGTCAGTTGGCACCCGTAGTAACCGATGTTTCATTTAACACGCTTATCTACTGTGAATAATAACAATAGAAGCAATAAGTTAGGCGCTGAATCCCAAAAGAAGTGCTAAGGACACCGACGGTGCATAACAAAGCCCGTGAGGCCCATTGACAGCTAGGCGACGCAGGATTCCTTAAAGCTGACACGATGGGCACATTGAAGGGGGAAGCGGACTAGCTGGGGTCGGGGTCAGTCGTTGCGAATCTCCGACCTCAAAAGTCGCGTAAGACTGATCCACCGTCTAGGACGGCTGGTGTTACGTGATTCCAACACTGTAGGAGTCGATCTCTTAACTTACAGTAAAGCTAGCAATCTTGGGGAGTCCCGTTGGTGGTGGCAGGCAGGGATTCCTCATCGATCATCTGGCTTATCATATCTGTGGCTCGGCGGGAAGCAATGAAATACAAACGAACACGCGATGCTGGTCATTGTCTGACTCCATTTAAAAGAGGAGCCTGAGATTTTGGGCAAGCGTCCACCCAGGGCAAAAAAGGTACTACACAGCGCGGTCTCCTCAGGAACCTATGGCGCCACATTCAGCCTCGTCCCGGCATATTTCCCATAAACTCACCTGTTAGGTATCGTCTAGGGCTGCGGAATATTCAAAGAATCGGGCATAAATATACCCCAAGTAGGGTGATGCGAAGGGCGAGTCAAAGCCGCGTCCTGCTCTATTGGAAAATGTGAATCTCAGGTTTTCCACGAAATAGATTGATACCGGGTGGCCCTGCGGATTTTCGGGTAGCATCCGTGTGTCGCGCTGTCAAGGCTCTCTCACTCGTGGACTTAGGTTAGCGTCTGTTGGCCGTCCTAGGCGAAGTGTGCATTGAGATGATCTTTACGTACAACCGTTGTGTTATACCACCAGAAGGTATCTAAAGAAACTCAGTTACTTCGGTCTGGCCAAGGCGCAATTGCGGTTAATGCATATAAGCCTTGGAACTTAGCTTCAGTGCTAACCCCAGGTTTATAGCATCTGGGTGAAGTGCGCTGGCACGCTGCTTAAGAGTCCTGAAGTATGTCCTGAGGAGATGAGCTAGTGTCTTTTGTGGTATCTTGTGAGTAACCCTCGATACACAGCGTCCCCCGCAACGTGTCCATAATACCATAAACATATACTAATGTATAGCGGCTCGTACCGTTGTAGAATCTTTCAGTTGGCGGATGTACTTGTTGCATACAGTACCACCGTCG,1788,49.11,Mus musculus
SEQ_429811,TCCCCCCACGCCTTGGTCAACGCCCAACAATGGTCCTAGGCAAGACAGTATGGCCAGGATAAGATTACCCGTCACTATGAATAACACCCGAGATCCTCAGGGGCTGAAGAGATGGGAAGAGGACTTAAGCCCAATACGTATCCGTATGCTTAGACTTCAACTTTGACTATGTAGCGGGCGATAATAGCGAGCATTTGATGGTACCTTTTCTGCCCCCGATAGACATTCTCTCTCAATGCGTTGGAATCCTGATTCTCTACGGCGAACTACCTTCTACTACGTCCATTGGGCAAGTTTCCAGCGAGGTCCCCTACGCCCAGCGACCTTACCTTAACACATTGGGGATACTCCCCCAAGGGAGCCGAGAAACGGTCGAAAGGAGCGAGAAATCGAATTACTAAAGCTGCGCTATACACGGCCGTTGTCCTAGCCGCACCCGGGAGTACAGCCGGTGCGCTGAGTCACAGGTGGTATTTCCTAACGCTGAACTCAAGCCTACTGACTTGGCTGATAAATGGTAGTATCGCCGTGTCTCGACACTTCATTACTTATGCGAATTTAACATAAATTTAGGTATAATTGGTTCATAGATTCGCGACCTACATCGGGAAGCCTCGTTTTTAGAGACAGCTATGGCGCTAGGCGGGCGCAATTAACGTTCTTCACGCCTGTGCTCACACCTACCTGTAATTGGTAAGTATTTACCATAAAAGCCGTCGTTGACTGAATCGGTTACCCGGCCACGCGGAACGCGATTTCTCTGGGACTGTGATAGTAGCCCCCCTCATTGCAGTCCAGCGTAAAGATATCTCTGTCTGGTTAAGGGAGTTGTGCGAAAGCGAGTCTGGTCCTCCAGGAGTTATGGTTTACTTGAGGTTCGCGAGCGAGAGACTAACTGATGACGGATCTCAACGGCAATAGTAGCCGGAGACGGCTACACTGCCAACCCAGTTGCGCTTACGCAATTCCTGAGCGCTGGCCCATAAGGGTGGATAGAGTCAAGACACGCATGGCGAAGGCGGATGCCCCCATCCGACCACTAAAGTTAACATCGCCTGGCAACTTACATATCGCAAAACGCCTTATATAGGCCCGTACGTTATAGCACCCCAACTCACCAGGGCCTACACTAACGACTCACTCTGGCAGCGTATTCGCGCGCCCACGGAGGGGAACGCCGCCATAACCTAACCTGTCTCAGATTGCCGCACTGTCCCACGCCACACGCGTCTGGCTGGTACGTCGACTACGAATCGTGG,1259,52.03,Drosophila melanogaster
SEQ_553883,ACTGGCATGATGCTAACCGAACAAGTTCGCCGAACCGAGATAATGGTTCTTTAACTAGAAGCCACACGTCATATTGACGCCGCTAGGTGATATTTCATAATCGATTGGGATGGGTTAGTACTACAATATCTCATCCACGACAGCCTGGTATTGCACCTCTCCTCATCGTTTAACGCGACTATGCGACGAATGCAGGACGTCAGCAGGCTGCACGAGAGCTAGAAACGACCTGCTCTCATGACTTCGTGTAGTCTAGCGGGCAAACATATTCATTCGCTTTCTAGATCTGCTTTCACGCAATTTGAAAACCGAATGCCCGCTACCAGGTGGGGGTCGGACTCCACAGTTTGCTAATGTGCCGTTGTCTGATCCAACTTTGCACTCCCTCCCTGTGTCGCGAGCGCATTAAGCGCATCGCTGGATCCAAAAAGATCGAGATATCACAGATCAGTGACCATGCAAGACCATTTACGACCTAGGTCAAGGTCCATGAGAATTAGTTTTACCTACCTAATGCTGATTGTTCGGAGTTCGATAGGTTGCCACGTTATAGCGTATATGAGGTCCACTACTTTTATAGGTCTAACTGCGACTTATCATACATCCCTTCCTGACCCTGGATTTGTTCAGACTTTACTCGGACTTTACTCGTGATACATTAAAGCCCAGGCCTCCGCCATTGTCTCATCCTAGTTCAGTTGCAAAGAGTTTACCTGGCCAAGTCACTCCTCCGTTTGAACAACAACTCGAGACCGCGTAAGTTGTGTTTCATCATCAAGCGATAAACGAACAACATCGAGACTTCCGGTACTAACGTCCATCACGCGTCACGATGATCCCGACATTCGCCGATCGCCTCGTCCTTAGCTTTCTTATAGCCAACGTCTATACTGTCCTCTGCCTTACCGCAAAGTATGGGACCGGATTGAAGAGATTAACTGCCTAAGTCGAGAGCCCCTTATCCTGAGACAGGAACATAGGGTCTAAACTAATGACGATGTGATCAAACAGTTTTGCGCCGGGACACCTGAATACTCGCGACTGGGAGCGACAAA,1055,47.77,Arabidopsis thaliana
SEQ_389685,GGATTACGTGTTTCTGTGTTAGAGGGCTTTTCATTCAAGCCCGTCTAGCCCTATTTTGGCACGATCCCCGGGCACATCTTCGATTGGTCGTGAACCCCCTTGGGATCTCCTGAGTGCCGGACGGGAGAGGAGTGCGCACTCACTGAATCGGCGTTACCGTAACAGAAGGAGCAGGCCTTGCGCACGGTAAGATACACGGATTCTAAGCTGGACTCAACAGGCCCTGTAAAGCTACGCAAAAGGGTCCATACGGCAACACGTTGACTCCACGCTGTGTCTATCGTTTTGGTGGTTCACCATCAACTTTTTGCTGGGGGGCCTTAGACGCAGATCAGAGTGGCTTTCAGCTTTTACCAGTCCGGGTTACCGAGATCCGGAGCCAAAAATCACCAAAACTATGCTTCCCTTTACGCGTTCATGATTGTTAGACTGGTAGCGGGTCGGATGACTAACACGCTTACTCCATCGTAGGAGTGAGAGCTCCTAAGACGAGCACGCTGGTCAAATCCCGATTGCTCCAACTTTCGAGCTGTCTCGTTAAAACAATGGGCGTGGGTCGCCGTTATGCGGCCGTCTTGCCGGATGCACCATAAAGAACTTCACACATCAGGTTAGGATGCTACGGCGTAACTTCAAGCGGAGTAGGTCCTTAATCAATTCAGCGATCGTTTCTTATTATGCCTTCGCCTGAGGAATCCAATACTCAGTACTGGCTTGAAGCGTTTTCCAGCGGCAATTTGGGGGCAGCGCACTTGACCGACCAGACGAACGGTACTTCCATCAGCCAATTATTTATGGGAACGGATACGCGGAGTCTTCAATGACGGTAATTGCGCAGACGTCGGCAGGCGGCATAGCTCGCCATTTCAGCATTATGATGATAGTGTAGCTGAGCAGAATAGCGCTACGATTGACAGAAAACAAAGACCTGTTCCTAAGCGCTACCGATGTAGGAGCTGACTAATGGGATCCACAGCTCCCTGTATAGGATTTAGAGTATAAGCAGGTTTAGGTCCCATTTTTAGTCAGCGTGTCACTCAAGCTCGGTAGAGCGATTGGCGGGTCTCGGGCCTCTTCCCGTTAGCAACAAGGTTAGATCACTCATTTGGCAAATAGAACATGTCCGCAAATATACACACAGAGCACATGTCGTCCCCAACGCGACAAAACCCGGTTGGAGGCTGGTACGGCGCACAAAGATTCCAAATGGACTAACTTTATTTTAGTTGGCGTGATCAAGACCGGGAATTGGGACTAATTCACGCACGTGAAAATGTAAAAACGGAACGAGGCTATATACGTTGGTCGGTCAT,1313,50.19,Mus musculus
SEQ_677520,CAGACTAATTGCCCAGCCGGCGTTGTAGGATGTTGACCTGCCTACCCCGAACGGACAGACTACTGAGGCTTTAACGGAGAGTGTAAAAGGCAAGGCGCTAACGGTGTAAATGCCTCAACGGATAAAAGCGGAGATAAAGCACTCTGGAATATACGCATTAATGATGTGGCTGCGTTAGTTTGACCGGAGCGGTTCGACGGGCAATCTTACCTCAGGTAGTGTTGCGTGTAACATTACGCTACGG,244,50.41,Arabidopsis thaliana
SEQ_185761,GCTCTTTTATGGGTATTGCTGGGGGGCTGAGAGATGTACACCGCTTGGAAAAATGGGGACAGCCACTAGCGAATGAATTCAAGTGACGCCTTTACTCTAAAGATGAACTTGGCTCATGCCTTCGCTTCCATGGACTTGTCAAGCTCCGAAGCGAGTCCGCTGAGGGAGATAGCGTTAATTCTCGCTGAAGTTGGGCAAGAGAATAAATGCTCGATGTCTACTATCTGTTATTCACCTAACTAATGTACTAGGCTGTAGTTCTTCTGCGGGCCACACTCCGGTTTAGACGTGCACGGTGCTACATCATGTTTTCTTGGCTATCTTTTTTTCGACCTCGAGTCCACTATCGAACGACCGTGTCGAGACCGGTAATTGGCTACAGGACGTATCTTTCCTTGGACATAATTCTGCTGGAATGTGGAAAGTCGAAGCCTTGTGCCCCGAGTATTGCGGTCTCCTCCAAACGCCATTCGCGTCCGTTTTCAAGACGTTAGCACATGTACACTGGCTTAGTTACGGTAGACACCTCCGCTATTCCCGGTGTCATGAGCGACGATGGTCCGCCATTTAACGACCACCAGCAGTACTTATTGGTCCCGGGCTTTAGGTGCTGACTGATACGCGCCCCAGCCAGCTACTTAGAAGAGCCTAACATGGATAGCCTCGCTAATTGAGAGGGACTCGCATACAAAGCTACCGGCCTAAGTAACATTCAACACTTTTCCCGACGCTGCCGGAGTCAGGTGTTTTGCAAGTTGTAAAATCCGTACAATTAGACAGACTCTCCCGACTGAGCAGCGATTGAGATCTGTACCTCACAGCGTGAACCAAGGGTGTTTTTACATCGTCTTGTGAATTTTCCTCTATATAGATTGCACCACGTTTGCGGTATGGAGAAGGAAAATAAGCGGAGCCGACGGTATGCACTCCCCCGACGATGTCGGCTCTTTCTTGAGCATGTTCAAGCTGTCGGCGTCCCTAGGACGCATCAGCCGCTTTCGAAAGTTTTTACATACCAACACTAGGCCAGGCTCTAGGGTCGTCCTATTAGCTGACCACGTTATCAACGGCGACCACTAAATGGAGGGTGTGGCGTTTTCGTGCAAGCACTCTCGCCTAGATAATAGCTTACTGTGAAGATCATTCCGTTACGTGAACCAACGATACTTTCCCAGCTTACAATACAGAAGGCTTAATGGTCCTTGTTCATGTGGCGCTTCAGTGAACGGGTTGAAAAAAATGTATGGAACTAAGCCAATCCGGTGTCGGAATTACGTGCTGCCGAGGGGCTACCTGACTGGTCCTTCACCAAGCCCGCCTTAGCAATATTCCAGCAGCTAGGCTGCTGGTATAGTTCTAGTCTATACAGCAGGTAACGGGGAGCAGACTAGTTGCTCCTGGTCGATCGGACAATATGGCTACCTTTACGTGGTCCCATCCCAATCCCTCGAACCTTGTCCGGGACTACTGGTGGAGGCTGTCCACGTAGCGCCTCCGTGCTAGAACACTCGATATGGCTCCGGCATGCTTTTCTCTGGCGGTTCTCAATATACTTCGCTCAGAACATTCAGGTCGCCATCACACGGACAACCCGCGTGAAAGCGCTGGAAGTTTCATACCAATCAAAACACTGTGATGTAAAAATAACACCTCCCGTAAAACTGTCGAAGTTCTGAAAAACCTATTCTTCGTATTACTGAAGCTGCTCCGTCGATCCCATGGCGCCTCGATTTAAACCCCCTAGGAACAAAGTTTTACGCTTCAGTGTTTTTATATAAATCTGGACGACGGCCTATCAACACGTAGGTAAGAATTAATGTATGTGTTCGCCTGACTGTTTGCGATTAGATAGTCATGGGAAAAGAGGCGCACGGTAGGTGCCTCAGAAGAATAGGTGCCT,1900,49.11,Mus musculus
SEQ_171039,AAGGATCCTAGGAAAGATACCTCCGGCTGCGTCGGCTCGCGAATGCCCAGCAAACATCTTGCTAGTGTCCAGACAACGCGTATTTGATATGTCAAGAAACCGGATAGAAAGGTTAATTGTTCTAGAGCTGTCATCCAATACACTCGAGCCTATCTAAATTACCCAGCGACCGCCTATTCCAGATACTACCAATTGTGCGGTGTTAAGGCGCGGGAGTTAGACTTCTGACTGTCGGCACACTACTATTTGATAGACTGCCTAGGGGCACCGCTGCTTTGCTGCGCGTTGTTCATACAGCCAGCTGAACGTTTTATCCCCCAATACGATCTTTAAGCCACCTATACCAGATCCCAATTGATTAAAATCAGGCTGGGTGGCCTAAGTCAAGACAGCTCCATATCCCACATACCCTTGGGTAACTCCAAGACACTCGGCCCTATTATGCGGATGGTACCCGGCCCGTGGTTTAAATCATGCTGACGCTGTCGGTCTAAAATTTGGCGAGGAGAACATAGTTAGATAAGATTGTATATACAACTATGCGATCTCGTTTACTGCGGAGAGCGAGTGGTCTATAGAGCCAGGCCCACACAGACGTTGATTATCTCTGCAGAGTCTTATCACCCGCAGACAAAGGCATTATTGAACAGATTGGCTTGCAGGCTACGATCTCCAGAACGATTTATAGCAGATCCCAGCGTACGTACTCTGGGCCCCTGCAAAATAATGAGTCATCTTGAGCACGGAATCTCACAAGCTCGCCTGGGTGATCAGTAACGCACTTTATATAACGATTACTCATGATGTCGAAGCGAACCGCAGCGGTATACTCACCAGGGAGGATCTCTGACTTCAATGCGTGGACATTATACAGACTCGCGTAGAATCCAAGTAAAACTAGATTTTAAGCTTGGCCCTCGGGGTTGCTGCACGTGTGGGGCGCCATGTGGAGCAGATGATTGAGCCCTTCGCTAATAGAGTCGCGACTAGTAATGTCTTGGGTCGTATTCTGGGTATTGCCATATACTCTTAGTCGCTACGGGTGCTAAAATGCCTCGACAACGTATGTGCTTTCAGTGGTCACCTAATATACAGCCCCCCATTGCTCCCAATAGTGATTAACGAAGGACAGGACGCTAGCGTGGCCGTAGTGAGTGGCAATCGGAGTCTGGGTGCAGCAGAGACGCAGCATTTCTTTAGGCGCGTCTCGTCCGGCCAGTGCTAGCCCCGTGAAGCTAGTACCACCTACCTGTCGTCCCCTCCTCTGGTGTTTATGGGTCTCTAAAGCTATTTTTATCAAGATTCCTAACAGCGAAAGAGTCTGGGGGCGTACTCACGGTCAGCATACGATTGTTTACATCAGGCGACTTATTGGCCACGGAATCGGCGCAAGATGGGTATTTGTGGCAACCTCCATGAAGGCTCGGACACCGTCGTGGTTCCGTATACCGTACATGCTCAGATTTCTCCAGTCCATAACAAACCTCTTCCCGATCACCGAGGTAAGGCAAAGTGAGCCGTTAAGCTGTAAGTTAGGATTATTTGCGCCCACGGACATTGGAATACGGGATTGGTATCTGTTTATCGGTATATCGCTGAACGAGTCGAGGCCGCACACCACCGGACGAACACCGACTATGAGATACCTCCGACCGGTATGTATATGTTCGGTTGACGCGAGCGATTCTTGTTTGCGTATCGTGGTGGGGACTTGGTTTTGACATGGTCCACAGCTCCAAAAACCTTAAATATCATTCCTTGTTCGGACATTACCGTTTTCGCACGCTGCTGGAGCGTCGGAACAATTAACGTCTCCTAGGATACGGATAAGTCAACCCCTTCTCGTCTATCAACCGCACCTGGCCCCGACCTGAGGAGCAGCCACAATTAGTCCCGTTGCGAGAATGTATCACCGAGGCGGAGTCCCATAATTTAGCA,1938,49.69,Saccharomyces cerevisiae
SEQ_564568,TAAAGGGAGTCTGTAAGCAGATCAAACCTCCGAGAGTAATCCTAGTACACCCTCCACCTCAAAAAGATGCTACAGACGGGGATGGTCGAAAGTTGCTCAGACCGACTTAGGAACGTACGCAGACACAACGTATGGAAGTCAACCCCCTTCTGTGCTTCGCAGGCTGTGCCAATTATGACAGGTGACGCAGCGGTCGATAGCATAGAGCACGGCTTACATATCGGCCAGTTTAAAAACTCATCAGTCCGCCTTGTTGTTCGGCGAACAATGAGACATTGGCCTTATGATCGTTATGCAAGGTGCTGTCTCTCGGCAAATTGCCCTATCATTAAATGTCCACCGAGTTAATGTCCGGTTCGTTATGGGATTGGCTGGTTACGCTTATGGAACGGTGGGTTTCTAACTCGATCGCCTGCCATATGATGGGAATGAGTCGTCCCAGGTTTACTCAACTATAGGAAGTGAGACTTAGAGGCCCGCCCCTCGCCGAACTGGGAGACCACCTACTACTGCTGGTATTGCCTAAGTAGTGGTCTTCTATTTTTCTACTACGCGTACAAAGGGCTGAACATGGCAAAGCATGTCAAAAAAAAAGTTCGTGCGGGCCGATATTATTAAACCAACGTCGCGTCTCTCATCGCATTCGCTAGAAAATGCGTAGCTAATATGCATATCCACACCCTGACCTAGCCCTGGTATACGGTGAGGGCGCGTATCTATACGCATTGACCCGGTCGGCGGGTAACTGGCAGTTCTATCAATAGCCCTCAGCGGCATTGGAACACACGTGACGTGACGGCAGGGGCTTGCAGGCTGGGTCGGTATAATTATCCAGATCGCGCGGGGTTACCCCATACGGCCATCCGGTCATGTCCATAAGGGTTCCATAAGCATTTCAGTTGGAAGAATTCAATAACTCTGCTAGGTACTGAGAGGGGCCCGTCGCACTCGATACGAAGACGATAGGCAATACAATCGCCTATTGATGTCTTCGAGTTGTTTAGATGCTGATAGTTGTACGTGCCTCACACATACGTTACAGCAGTTAGCACCCATTGAAGTTGATGCGCGGAGCACAC,1079,49.77,Caenorhabditis elegans
SEQ_363526,GTCTGTATTTGGGCTGACGTGTCGTCCGAACGCCTCGCCTGTCAGAAAGCAATGCTCTGAACTGAGAAGTACTTTCTCTAATGACACTGGGTTACGAATCCCGGGACAAGGCAGACGCTCGTCCGGTCGCAACAGTCGTTATCGACGACGTACCATCACGGCCCTTTGCCCATTAAATTCCATGAAGAGTTTTGTCCGGCTGGTATTATTGTACCCTTCTCGCGATTATTAGTATGTTAACTAGAGTTATCGGCGACTAATGACAAAAACCCACTATTCGTAGGAGATGTGTCAGATGGGCACACCATCTTGGCAATAACAACACTTTATCTCAACGCATTACGTACCCTCACGTGCCAAACTCGGCCTACTTTGGAAGTAGCGTATGTCGGCGAACACCCATCGATGTAAATCAAACAGGTCTCTCTCTCCGGTAACCTCTAGAACGGCTACAGTTCGGATGGTTCCCCGGAGTTGGCCTCACTTGGTGCTCATGCGGTGCTGCCATCCGCTGTAGCTGGTGCTTAGAAACTGGCGTCGCCATGGTTATGCCCGAAGTTAGTATCTTTTATTCTCCCTTAAACTCGCCGTATATAAGACTTCACGGTGCAGATTCAACCAATGTAACTTTTTAAGTCCCTGACAGGGGCTCTTATGTAACCAAGGTTGAGATCTTGTAGTACGGGAACGATCGGTCCCGCATCGCGCATATGC,714,49.02,Caenorhabditis elegans
SEQ_125690,TCAAAAGTCGCGTTCACTCATTTTCCCCTAATGATGCAACCCAGGAACAAATTCTCCCATATAATCCGGCTTGCCATCTAGGGAATTACATTTACGACAGGACAATTAATTCCTCTTGCTACGAGGACCAAACTTTGGCAGATTGAATCAAGTAAGAAGAGGGGCTGGGAAAGAGGCAGCAGACTGCTCACCGTTAGCCGCGCGCGGAGTATATCCCGTGGGTGCCTGCAGCAAACTAAGTTTCGCCGTTCGTAGTTATACCTTGACTGCGGCGTTACCCGGCTAGGTGCAAATTCCATAGTTACGTGAATAAACCGAGTCGAGCCTGACTACGTTTGAGCGTAAGTACACCAGTCAGACCAGAAATTGTCGTGTCGGATGGGTGTACTCCTCTCCCTAAGCTTGGGTATTGGTTGCCAGGAATATTTGAAGCTGGTTCGCACACACCTAATTCTCTACACTATTGTCACGATTTCGACCATTCGTGGGGTACGCACCTGGATATCCGCCGGGAGTTGACCCACATAATGACACGTCCTTTCAGCTATCTAAGCTGACGTGTCAGCATTTATTGCCGAACGAGTCCAGTTATGAGCTAATGTTGTGCATACCGTCAATTAAGGCACTCCCGGAATGCCGTCCCAGCTCCGCCTGGGGCGCGTCCAATATGCGAGTGCTGCGCTTCTGTCTCTCGACTGTTAAGCTAGCTCCAGGTCTCTAGCCATTCAGACAGCTAACCTAAAAATTGGCTGGTGATTCACTCAATCGCGCTGGGATACCATCTCTCAAACCGCGTAGAGAATACGAGTTAGTACCCGAGATGTTCGACCATATCGCGCCAGAAATTGAACCAAGGGCCATCCTCTCTTCGTTTAGAATTGATGGCTCTAAGAACATGCCCGGATTAGCGGCGGGTGTTCTATCCGTCTGTGGAAAACTTGCGCTGCGGCCCGCGGACTTCTTATTGGGCTCCGGTCAACAATTTCATACGACGGTCGCAATTTAATAAACTCGTAGAGCAAGATGAGTTAGCTCCTACGTGTTCCCAGAGCCTATCTGACTTGTCTAGCCTTACTATTTATAACCTACCTGTACAGTCGTTTCTGCCGAGCTCCCCTCCCCTTAGTTAGTATAGATACATCATATACGCAGTCATAAATTCTCGTGGTACACCCCTAAGCACATAGGCGTTAGCGCATAGCGCCGCATACAATCCAGGGCCATCAGAAGCGGACATTGTACGGCTAATAGATGACATTGCTACAAAGTTGCACACCCTTTTCCCCAGCCGAAATCCTGCGCCGACGTTGAAACTGGGGCCCCACATTGGAGAACGTAGATGTTGTGACCCGGAAAAACTACGAAAGGCCAATACATTCTTGGAGGGTATTGCGTCAGTATTAAGGTGGGTTTCGTCACCGCAATACGCGTGGTGACCCGAGCGGGGTCATGTTTCGGTAGGGGTGCCTCATAATCCGCAATTCCAAAGACAGACGGACTGGTGGGGCGATAGCTGGCTTTTGCTAGGATCTAAATACTGCATCCGCAGATTCAACATGCGCTGACCAGTCACATTGACGTATTTATTGCTTCATGATGCGCTCTTCAAACTAGAGCCAATCCCACGTACGAGGATCCATTTGCCGATGGGGGGGCATTCATCCGTATCCCGCCCGTATGTGCAGGTTGTACAATAGGCAGCGAACTCATAACGTGTCCACGTAAGATGGAAGGCACAACGTCGGAGACTACGCATCGGTTGTCTTTGATCACCGGCATCTTCTCGCTGTGCCATAGACCAGCTGAGGCGATC,1813,50.03,Mus musculus
SEQ_848204,AGCGCCTATGGGGCCATAGCCCGCAAGTGTTTGGAACTCTGAAACGGGATACGTTACTAGCATTAAGTCTTTTTCAAGCATAATAACATGCCTGGCCCGCGAGGGTCCCGCCATGTCACGAACGTTGTCAGAATGCTAATAGGGGGTGGAGTAGGCATGAAAAATACAACGATTGAATTATAGTAGTTAAATAGTACTCCCGAGCGGAGCCGTACAAGGGTACCAAAAGGTATGGATTATTGTTCGTAATTACTCAAGATTACCCTCATATAATGTTACAGTCCTATGGCTTAAAGTTAGTACCTTGCGAGTTAGTTTGTGAGTGCCCACTACACACGAGCGGGGTACCCCTGTAATATAGCTTCTACTACAGTC,375,45.07,Saccharomyces cerevisiae
SEQ_289678,GGGTGATAGCCCGAAGCTTTAGGTCTAGCCAGTTATAATCGAGGGGTGTGGGGCGGCCAAGATCGGCAAGATAGAATCCTACCGTGCCTTCATTTATGTGGGGTGTAGGAGTCTGCGTCTCCCATACTTGCGTTATGTACCAGCTACCGGCCAACACATACGGGCCGCCAAAACAATGCTAAAACCCCCCGCGCGGGAGCGCGCGTTCGCTACTACGCACATCAGCATACGTTTCCATTATCCGTCACCTAAAAAGTGGCTACCCTGCTGTCTCCCCAAATATGTTCGTGTCCGGTATGCAGGCTGTTACAACGTGTGTGTTCCTGGTGCGAACGGAATCTGTGTTGTGTTGGGGGAAAGCGTACACAGTGGTACCGTGCTGACCTTAGCTTTCCTAGGAGGTCGCCTCGTTTTGCTACGATGATGGAAACCCCAAACCTGCTTAGTTCTCATTTAATAGTGTACTGTAGAGTGTGCGACGCTACGTCGGTCCACAATACTGACTGGGTCCTGACTTACACTCTAGCTCGCCCATTCGGCTAAATCGGGGGGATCACACCAACGCCCTCTTAGCATTACGGTGAGTTATTTTGACCGCCCTACCCCTAACGAACACCTGTTCCTAACTGATATGCTTGGGTGTAGGACAGAACTACAACCGGAGTACACTCAGTTCGTAGCCCTGGGCATTGCGTAATGTCAGACCATGAAATTATCTGAATCGCGGCTTTTTCACGCCCCAGTTCGCCGGCACGTGTGCGGGTGGGTTACGCTTATAGGCGGGGCGCCCGTAAGTTGTGTATTCAATACCGGGATCTGCTCACGATAATCAGAGAGCTTGCGTCTGAGCAGGAAGTCAGTATTCACTATCGAACAGACCTCGTCTC,887,52.31,Mus musculus
SEQ_832214,AGCTTTGCTATAAGACGGACATATGGGCAGGGCTTCTGTCTTCTTGCTGGAAAGCCACCAGTGGGTTCTCTAAGCCATGGAGCCGGCATCCGGGGGATAAGGTACATTCTCCTCATATATGTAAAGATTAAGACCTGGGGTGGATATTGACACATGTTTCAAGTCGGCAGGTAACTTGCGTAAATTAGCTGAGTCCTCCGCGTTTGGGCCGGAGCGTCGTCCAAGCTCGCAGTTTAATTTTCCTGCCCAGTTGCCCCTGATAGTTTTAAGTGTGACCCTAATCCGCGGGTGAGTCCGTCATTTCCTAAGTTTCGCGAGTCCCGAGCCGTGGCATCAAAGATTTCGGAAGACTAATGGAATACAGGGAGCTCGGAGAAATCATTTTATCTTTTCCAGAGAAACGCCCGCTGCCTTATTTGCAGTTGCAGATACGCGTGGGCTACGTCCGTCTATCCTTAGCTGTTCGTCACGACGGACCGATTGGCGAATG,490,50.41,Caenorhabditis elegans
SEQ_462301,TTAGGGCTCCGTTCCCTAAATATGCAGCCAGCCGTAATACGACCCACCCCACGATTCGGGTTCAGTACAAACATCTGATAAATGATGGTTTCCATCTCTGCCACCTCGGTGCCGCGGTATATCACTTACTTTTCTCGGTGGTATATGTGTTTTTGTACATCACGATCTCGACCCCGGTAACAGAGATCGACCGTTACGATATCTCCAACCCCGCGGTCTCGACCTCACTCGTACTGCTAAGTATCGTAAGCGTGTGGGGGAGATTGGTACGTGTGGTTTGTGGTAGGCTATGTGTAGGGTATAACTACTCAGCAATCGTGGGATCAGGATTATCCCCAAAGCTGAGAGTACCGCTGCATCGACGCGTTATCCTAAATCGGTTTAATCTGGCGTTGGGCAGAACACCTCTGGTTGACTTCTAGGAGCAGTATATGAGACTGTATAATGAAAGGGCTACGACTTTAAGGACCGTGATACCTGAGTGCTACCGCGGTTTAACAGGCCCAACACTCAGCTGAACAGGTAGGGATGTTTTATTCATGGCCGGTATATTTCCCTAAATAATGATGTGTGCATATGTCGCGTATTTGGTCGCACCTTCCATCGACCGCTTGGTTGACATAGTACTCCTGGCCTATCGTGGCAAGCTTCGTCGCTTGCTCTTGGACCCTAAAAAACTATCAATGTGGTCGAAAACGGTAGCTTAACCCCCTAACCGCGACAAAGCAGTGTGTGATCTATATGTCGGCTAATGACGGCGGTGCTGGTTGATCCTTTCTTGCTTCCGGACGGTTTTGAGCGCACATACATGGCGAGCTTTTCCAGTCTGTGAATCCCCCCGACTATGCGTCGTGAAAGCCCGTTGGCGCCGCCGCAAGGTAGCATGTAAGACATTTATATATGACAAGTGATGGTGCAGATTCAATGTATAACGGTCTCACGAAGAGCGGTGTACCAAGAAATGGGGACGAACGAGTAGGCCATACCGTGCCCTTGCTCACCCGCCTGTTTCGGGGGCCGTTTGAACGCACGGCCGAGGGGGGCTAGTGGTTATTCAACGAAGCATCTAGGAATAAGAAAATAGGAGCTGCTGGGAAGTGCTCGCCGCTCATGAGAATGAGGCCTCTATCCTGTGTAGGCAAAAATTGGACAACGACTAACACACCTTTCCGGTAGTCTTATGACCTCCATTGCGCGCAGCAAAACTCGCGACTTTAAGATGCGAAAACTGCGGCGTCACGAAGCTTGCGGATACTGTTCCTAGACGACCGCTGCGAGTATTCGCGGTTGACCGAACGAGGATGGAATCCGGAAGGAATGGCGGGTTTCTAGCCA,1335,50.56,Caenorhabditis elegans
SEQ_366943,TGAATTGAGTGGAAGAACCCTTTCAACCGCAGCCTGCGGCTAAGCCTTTGCGCTGGGCCGCAAATGACGGTGCCAACTGGGGTCTAACAGAAGAAATGGTCGGCAAATTAATAGGATGGCCTAGGCAACGTTGTGCCGTGAATGGCAAAGTGTACATCACACTACCAACGTGGAAGAGCCTTTAGACCCGCATGAACTAAACTCAACATTCGTGCACCCCCGCAGCAGCATTAAGCAAACAGCATAAAATTATGCGTACGGGAGTATTAATCTCCGCAGCCGTTAGGTCTAGAACGGGGCGTGCAGATCCAACCATTGGCTCCAAGTTTCATTCTTGGATGGGTCCTGCGCTTAGTCCACCGTATCGGTTTTTGACGGT,379,50.66,Arabidopsis thaliana
SEQ_184008,TTTGGACCTAACAAACTCATGAAGCCTACCAGTGTTGCGACATATACAGACAACAATACCAAAGGAAACGGCGGACACGCGGACAGGGTCCAGAGTCGTTGCGGCACCACCTAGGGCATCGATTCATCGCCAAGCCGTCGGATAAGCATGTTCCTAATTAACGCCGGGTGTAGACAAGACACTGTTTCATTCCCTGCCCCGAGGCCTTAACAGGGTCTACCCTGCTGGTTCTCCAACCGCCCCGTTCCCACTTTGGGCGAGATTTTCTGCGAGTTTAGACTTGGAAGTGCTGGACAGATGTTGCAACACAATTGGGATCTACTCGTAGACGCCTGGCGTAGTCCGTAAGGTCCATGATATAGAGCCGCTAGTCACGTCTGAGATCCTTTAGCCATCATTGCCGCTGACGTCCACGATGCTGTACGGGGCGCAGGTAGCATGTGATATGGGAAGAAGATCTTAACTCGAGGTCGGGTCAGGCATCTCATAGGGAACTAGTCTGGGTACCTGTTACATGCACTGCCATCGTCAACACTGTCATAGGGCCCTATCACTAGGATAAGGAAATTCAGGCGTAAACCCGATCGAGGATTATATGTGACAAACTTCGCCTCTAAGGACCACGCCGCCCCATGACCCTACCCCTGCCTTCACAAACCGCACTCCACTTTGTCCACCAGTAGGCTGCTAATAGGCCGGCAGCGGTTGACTGCCAGTAGGCCCGGTCGTAGTGAAGCTCTTTTAGACCAAGTACACACCCTAACATGCGAGTTAATACACTCTGACCAGCCTATAACAAAGGTAATTCTAATCTGCCATGGACCATCTGCGGATACGAACTAGCTCGGAGGAACGTTTCTCTTAGGCCCTTGTGATTGCTGACATTTTCCCTAAACATACGATTTCGCACCCTGGTCGTAGGTTCTATACCAGCCTGCATTATTAATGTGCCTTAGATGTTGGTTCTTTTAGTACAGGTATAAATGCAGTCTGTCAGTTAAAGTGTCTACTCGTGTTAAAGAGGGCGAGCTTCTGAAAGTGCGCCCTCTTTCAAGCCGCTGCGTTCCATCGGAACTGCTACGCATGGTATCCTGTGCACCAAAACATCGGCTCGGGGAATTCCGAAACTGGAAAGTGCCAAGTCTCCATCCTGAAGAGCTCTTGAGGCTGCGGACCGGTTCGAGCCGTCCCCGTGCTCCTGAGCTGATGGGAATGTATTGCTTTGGACCACTCGGCTAAGCTGGTCACAATGGTAAGATTCCCGTTCTTAAAGCTTGCGGCGTTCTTCAAGTAAAGCCCAATGGGGATTGGGAGACCAAGAACATTTTTACCGAACTGAGCGATCTACGAGAATTGACTTCTACGAATAAGGTTGAAGCTATCGACTCGCCAATACAGGCTCCCAAATTATACCGCTGTCGCTTTCTCCGCCTAGACCCCAAAAGACCTGCCAACTACCGTAAACTCTCTCTACCCTTTTAGCTCAGCATCGGTCGATTACGGATCGCGTCCAGATAAATTACGTTGTTTTAGGCGCAGACTGGATTTTAGTCAACCAAGATCACAAACGACTCGCTCAGACATTCCCATTGATGACACGACGTGTACGCACCGAGCGGCATTACAAGCACCCCCAGCAGGAAGACTGATGCCCCCACTCTTGCATCCCATTGGACGCAACCCCATGGGGGCCCCTTGATCGATGACAAACAGTGCGGAAAGATAACTCGGTGCGTTATCATACGCGGTTGATGTTTTTCAACCGGAGAGATTCGATGAGTTAGTCGTCCGATATCTTGGTAGACTGGTTGGGCGGTCTTTAACCCAGGATGTATCCCGATGCTACCAATTTGCGGATTCCCAGGCCCAATAATACCTCCTGTGTGCAAGCCGTGACTCAGACAGAGCGGACAGGTCCATAGCTGTATGCACGTAACGGTCAGTCAGAGAGGTTTTTTTCAAGCCGTTGGTTGATAAGCT,1980,50.61,Drosophila melanogaster
SEQ_475893,AGCGTCTTCCCCCCCTATGGCCGGGGTTTACCCATGGGCGGCTAAAGGACAGAGTCGCGTCGCTAGATAGGTATACGCACAGGGAATAAAACGGG,95,57.89,Saccharomyces cerevisiae
SEQ_958570,GCCCTGTGGTTTACTCGGATGTATACTGTAGGGATAAGTTTATGGTCGGGATGAGCCTGTGACCGGTGGTTGCGGCGTCGACATACCTAATAGGCAAGGTTGGAGTCACCCCACTCTACAGTTTTACAGCCCTTTGTTCACGTGACGCAAGGATAAACAATCAAATGCAGCAGCCTGATAGCGCATGACGCTTTGAACAGGGGGGTCGGGCCGACTGTAGCTGCGGTGGACGACTGTTGCCAACGTCGCATTATGCGTACCATGGAGCGTGTGAGATTCTCCTCGGGCCTAGATAGTAGTCATGGGCATTCTACATATCGGGGTACGCATGAACCGACTAAGGATTAACGTCCTCGATAGGTGCGCAACGATGTGGAACCTTTCCTAAGACTAAACATTAGGTTCACATAGGCTCACGGTACGAAGGGGCGTGGACTGAAAGGTGGATCAACAATGACTAAAAAGGCCCAAGCACTACCCCTCGGCTCCATATCGATCAAACCCAAGACGCTAGACTCAGTGCTGAATCGGAAGTGCTTTAATCCCTACCTTGCCAATCGGATTATAAGCACGTAGGCATTAGGCGTACAAACCGCCTCGCAACTCGCCAGTGAGACGGCTTTAGGTCAGAAGAGGAACGGTTACATGACGTAACACCGTACTGTTCTAGCAATCGGACAAACATCTTACCGCCACTTTCTCTGCAGGTCAAGCGGACACAACTTGGCGGGTTTGCGAACCCGGTATCTTGACTTAGAGACGATATTTGGCCCAGCTGCTCATCAGACATCCATTAGGGTAAAGTTCGTGTCAGTGCAAATCTCATGTTAAGCGCCAACTCGAGATGCGTGCCTAGAATTTGATAACTGACGTA,874,50.34,Escherichia coli
SEQ_295310,GGACAGCGCCTCTTTTTATTTGATTTGACGCAACCCACACCGGCGAGTATACTGCCGCGGTAGGTCAGTGAGAGGTCGTCGCGCATAGCCGATAACAGTAACGATCGCTGAGTTGAAAGGTGTAGTCCCGACGGTGGCGCCGACCCAACACTGATGGCGAGTAATCGATGGGACAACATGGCAGTTAGACTCTAGAGTACTTTTGATACGAAACTGCTTATCCAAAGGTCATTAACGGACCTAGATCTCTATTCTGGCGGGAGTATATTGGCGCAAGTCATGACAGAAACAAGTTGCCAAATTTGTTAACTAGAAGAATAACATTAGAGGGGTAGGGATGCGAAATACGTTCGCTCCGGTTCCAGTCCATCTAAACTGAGTTAAGCTTTGTCTGTCATTGAAGGAGCACACCGGCACGTAACCTAACCTCCGACAGAGGCCCTTTCTTTCCACTAGGGCGCTATAATAAGTGCATTGCACTACTTGCCAACCATGATGTAGAGAGGTGGTGTGACACCCAGTTTCTCCTACGCCAGCTAGACAGAATGCGCTTCATATCTCACATGTTTTCGA,573,48.34,Homo sapiens
SEQ_415723,TCGTAGACCGGACAGCGAATAATAACTCGGAATTCTACTTTAACTACAGCAGAATCGTCGCGATTGGCCACTAGTAACAGCTAATGGATGGCCCTAGAACGCACCCTAGGGGGGAACGTAACATACCTAAAGCTTTCATGCCGTGGAATCCGTTGTGTAGATTGCAGAGGGTATCAATTCCCGGTGTAGTAGCTATCGGCGTGCTAGTCAAAAACTGACACATAACTAGTGTGGTTACGATCTGCTATTCAGAATAAGGGACATTGGTTAAACTGCAGAGTCTGATTTATGCGTATATGTAGGACGCCGCCCCCGACTCGGTATTGCACCGGGAAGTGCGGCCCCCTGCAAAAAGTGGATGGCGGGATGTATGGTTATGACATTAAGAGCACTATCTATGCGAGGCATGGGTCCTTAGGGTACTAAACACAGCCCAGTCGGTCGCCGTAGGAAATAAGTTTTCTAATGGGGGGCTCTTGTTTCCGGGCCCTACCTCTGTCTGCGGCTTACTAATGATCAAAGCAGTCTCATCAAGATTGATCATTTTCTGGTCTAGTCCATACGAGTGGCGATTGACCACAGACGGCAACCTGGACATGGTCGTAGATGATTTCATAGCAAAATCGACATCCGGAGAGTGACGTTTTGCCCTGTACCTATAGCTCCACGACGGCCATAAGACAGGTTGCTCCCCAGGTTAAGTCTCTATCGCGTAGGTTACAGACGTTATGGCCTATCAGTGAAATTATGCTATGAGTAAGCCGGCATGCTGCCCAGCCACCAACTTGGCGTAAGTTACCGCCCATCTCCGCCAAATTGGATGCACCGGTCGCAACATGGGTTTCGTCTAGCAAAGTATGTCACGCCCGCCCTCTGGCCGCGGCCCAGGGATCAGCCTCTGTACTGTATTCTGATTAGTCAGCACTTGCCTAGAACCCTTGGGCTGATAAGAAGCTACGTTCCGCACTTTTAATTTCAAAAAACGCTTTGGTCCGCGACAAGGGACGAGCATGCTGCGCTGTCAATACCGTTTTATCAACGGGAGGTTGACCCAGTGTCGGCCTGGTGACTGGCGAAAGACGCAGGGCACTGACCTTACTAGTACAGTACACATAAACCAACAGATCTTTCTGTCCCTTGGTATAACTAGCCACGCTACTAGGAGTAGTTGGGTCTTATGTGCACTTGCCACCTAGCGGATCTCCGCTCAAAATAAAACTCGCCACT,1227,49.88,Homo sapiens
SEQ_821005,GGGAAATCCTAATCCAGAACATAGTGCATCGGTACCGCAGCAGAGTTAAGCCGGTGACATCGAGTCGTATCAAATATGCCGTATCTCCTACTTAATGGGTGCAACAATGCAGCCGGTTGGCTAGTCCAAGCTAAAAGAACCTGGGAGGCAGGAGGAGAAAAAGAGGGTTTAGATTTGCAAGGTCTGGTCCAACAAAGGACTCGGACTACTCCGCTTGTTAAGTCGTCTTTCAGACGTCCTACGTAGTGTGATGATTTATGAGCGGATTCATAATTCTGGAAAGAATCATGGAAAGTAATAATCCGCAATGGCCAGTGCCCTAATTTCGCACCAACTTTGCACTTCTCGAGTGATCTGAGTTCAACGACTAACTACCACGACAAATAGTCAGCGATTCCTGGGGATCCTAACGCCACTTAAGCTTTCTAAATGAAGACGACCTTCCCCAATGCTCCGACGGCTGGATTTCTTTCGATCCATGGATTTACGCCAATAATGGTTAGGACCGGAAATAAGAGCCTATGATCCGATGATCACGTTGTGACCGACCCCCATTTCATATTTGAACATATTGTAACCGCTGGTAGGTCTGACGCTATACCGTTCTGTGACCTAGACAGGCACAGCTGTCGCGTACGGTGCCAGTCGCGCGTAGCCGTCGCAGGCGCGATTGGTGAGACCCTTTAGAGAAAAACGCGGCTAATTAGTCGCCAAATTGGGCAATAGCAAAGGCCCTCATCTTTCTTTGTCATGCTGAATGATATGTTAGGGTAACTACACTACTCTCAGGCTTCAATCTTGACTAAATCCTGACGGAACACCCACTAGGAGCGTAGACCGAAGTGCACCTGGGATCAGGAAGGCCTCGTTGTCTCAGTTGTCACGGAGGGAAGGGTTCGCTAAGAGATGAAGGAACTAGGGTGGCTGCCCTGATTGCCCAAGTACTAGCCTAGTTATCGGCTCTCTGCCGCTTAGTTAGGAGCCACTCCTTGTCGGCGTGCCCCTATGAAGGTCCACGTGGCCCGGGCTTCCGGCGCTTTTGAACGGTGTTATACTGTAAGCGCTTTCAGATCCAAAACTAATATCGTGGTCGATAAGACATGGGCGAGACCAGCTAAACTCCGCAAAGCGTGGTGCAGATCGTGACCAGTAAGCTGGATTTATGCGAAAGGGGCTTAGGGGAGTCCGTTAACTAGTACGGACAATTCTGTCAGGACTTCGCCATAGTAGATCATACTATCTTAAACACCAAGGAGCGAATGAAGTTATGGCGGCGTGATCTGACACATGAACTCGTCCAAACTTCGTACGGAATCTCCTACCTCAAGGTTAATGCTAGCGTTCTGATTGACCGGGAAGTTTTCGCAGGTCATTATCGACACGGCCCCACTATCCGGTGATATCAATTGATCCCGTGGCCTGAGACCGGTCGATTTTCATTGTATTGCCAGGACTAGTCGCTCAGGAGACATTGGTGAGTAATAGAAGAATTGTATAGATTCTGCCAGTTCTATGTTCCGCGAGGACGTGGACAACTACAACTGCACCTCGTGCAAGTTAGAGCAAGCCAATGTGCTGTGCGACCGTCTGTGAGATCCGGATCGGAGTTGGATGCAATTTCTTGGGATGATCCAATCGGTCTCTCAAACTTTTACTGCACCACCAAATATCATCATAACTCGTTAAGTAATTGTGATCAAACGGCAGCGACCGCTAGCGACTCTTTCGTAATAAGCAATATTAATCCCCTACCACGCTACAGCGTCTGTACCAGCAG,1777,48.68,Drosophila melanogaster
SEQ_876457,CTTTGGTTTAACGGGCGCACCACGTGTTCTGAGACTGGGGGAACAGGGGCGATCCCAGCGAACGTGGCCGCACCCACATCTTACCAGACTCGGCATTAATGCTCCGGTAATAACCAATATTTGAATTATCGCTGCACCCTGATCTCGGATGCTTTGTGCTCGCCAAAGGCAGTTATCGTGACGATGCTGTACTCGTGTCGTACCCACAGTTCCTTTAATGCGGTTTGGCTAGTTACCACTTTGTGGCGGCCATTTCCTTCCCACACGAATATGGTCTGTGCATCCACAATTACTGCTGTCCGAAGGCTTGTCAATGAGCGAGATGCTGGATTTACAAGGGCTTAACGGGCATCTAGATTGACATGGCTTCGCGTGTTAGACTTTACAACACCCGCAGGTAAACTTAGGCTCACTTTACTTAGTCCCTTCTACTTATTCTGCCCTCGTTCCGCGCTGCGCATACGTAACTTGGTACCTAGGGCCTGCTACGCACTCTGGGCTGAAGACCCACATTTGAACGCCCATTCGTCATCGTCATGGCAGTGTACACGGAATAAGTTTTAGAATGCCTCATTTAAGGCTACTCCCCTCACGCAGCCCTACTGGGAGGCACAGCGTTCTAGCTCCCGATAGACGACCGGCGGGTCGTTATCTCTATTCCAGACACTAGGTGGTCATTTCATTCGAGTGAGAGCCATATATATTAGGGCCGGACACAACTAGAGGTTGGCCTGCATGAAGGAGGATCGTTGCTGTCCGACCTTGCTTCCCTGGAATACAGTTGGGGTTTATTATGCTCAAGACTAAGATCGGAGAAGTCCCAGAGCTGGGTAACTGCCTGCGGAGTCCGGGAATCGTGATAGCTGAGCCTTGTTTTTACATTGGGGACATGGCGTCCAAACCCTAGTCCGCACGGTCGTAAGCTTACCTCAGACTCTTGGGGACAATTATTTTTATTACTTGAGCCAGGCAGACTCGCGCTGATGGCATTTTTGGTCTCGACTCCTAGTTGTACGCTTATCACACACATGTTGGACTATCTAGCGCTTACCCCGCAGGTCCCATGTGCGCGACTGAGCGAAGACTTGACTGGCACAGCGGCGACTTACTACCAGACGATTAGAGTGCCCGTCTCACCATTCTACCAAGGGCCAGAAACGGTGAGATTCTTGACTCTGGAATGAACGTACGTTTCGGTCCAGTGAGTACCCCACTGAACGTGTTGGCTACATCGACGGAGAGGCTCTGGAGTCCACCTAGCTAACAGTAACATCGTGGAGAACGCTGTTGGTCTCTTGGTCGTCGAGTTGGCCTATCCTGCTGGCTTCAGTTCCCCTTTTTGGGGCGGTCGTGCATACACCCCCTTGGTCTTCAGCGCTGATTGTAATAGGCGGAGCCAAATAACGAAGCCGCGCCCTGTCTAGATAGATCGAGGCGGTTATAGTGGAAAAATATACCAAGTACAGGCAAACTACGCACCACAGACCCCTGCTAGACGGGAGCATTGTGCAAAGGTGTTTCCTGGAAAGCGTCGGTGAGCCGATCGAACGTTTTAGGGTGGTACGGGTGCGTATCCTCGGGGCGTTCTCGTCCTATTTAGACGGTTGTCAGCCTAAACGAACCGCGCTAGGCCCTACGAGTGCTTCTACGTTCGGTCAGCGAATGCTCCCACTCCTCGACGGTTAAGTTTACTCGTCGCAAAAGAAGGGTATAGAATACACGGCAAGGAGGGCAAACAGACTTTTTATGTA,1751,51.8,Saccharomyces cerevisiae
SEQ_924286,CTGACTAGGTTGGTTCTTCAATTAAAATGCACATAGGAGGTGTGACGAAACTCGGGAGAAGCGTATTAACCACCTAACATACCTAGAGCGGGTTCAACCTGACTCCCCTTTATATTTAGTTGACCGGTGTACAGAAACGGTGATCTATCCGGTACGCCAAAGCCGAGGCTGCCAAAAATTGGGGGTGTTGCGCAGAATACTCCGAGGATAAACGACGCCAGCAGTGACCCGCATCATAGAGGCCAGCTTCATCAGTAGAAGATCACAATGTAGCGACAAGGGGCTATCTGACCAGATTCA,300,48.67,Caenorhabditis elegans
SEQ_234279,GGCGTTCCGGCTAGGCTTCACTCATGAGTTGTCAGAGGTGGATCGTAACCCCAGCGCTGTGCCCGACGCCGGTAGATCTTTATATGAAACTAGCGCAGCTTTCAACTGAGACTGAGTAACTGTGACCATTGGGATAGATCGATGAGTCATAAAATATCTACATGTCGCAGTTCTTCTACGTTAGAATAGAGTGGCAAGGCGTCCGCGAGTGAATATACTAGTGCACAAGGCCCTGAATCGAGCAGCTGACCGTAGGAAGAATTGAGTCCGAGCTCCAACACTGGCAAAACCAGTGATTCTCTTTTGAGATAACAGAAGTTATCAAAGGAGCCAAATAAATCGGCGGGCCCTGCCTAGTGCTTGATTGAGCGCGTACTTTCTACGCTGCCTCGTCAAGATAGAATTCACGACAAGTACGGTCGGTCCACGCTACAGTAAATAACTATCCTTAGTTAGCTTCGAAGCGTCGGTCGCGCGCGGCCTTAGGTTTCGGATAACAAACCACGTCTAGTTGCCGGTGGGCGTATTGTCTTCGACACCAAGCGTTGTCAGCACTGCCAGACCGTATCGCGTTAAGTGTGCAGTTACGCTATGTCCTAAATG,603,49.59,Caenorhabditis elegans
SEQ_676494,CCCCTTTGGGCAGCTATGGTTCTGAGTACAAGTGAATCGTACTCCGTGCCATTTCCATTAGCCTGGCAGTTAAGTCTTCGAAACGGTTTTGCCGGCGGAAGACTGGGCCCTCCGATATTGTTTCTCAAAGCCAAGGACTTGGAAAGCCATGCTAGAGATCAAGTTCTGGGCCGGTGTTGACACGTAACTGGTTCAACATCGCAACGAGTGATCATGATTTCGGGCATCGAGAGCCGAGATGCAACGTCGGCTTGACAGCCGGTCGAGGCGCGTAGTGACCTCGTCATTCACTCCGTCTAGTACACGAAACATGATAATTAGACTCATCAGATACTGATTCTCTGAGCAAATGTCTCCGCACTAAAGCACCTCTAGGGAGTAGTCAACAGTGCAGACCTTTACTACTCCCTTTAGAATTCGTGCTTTCGCCATGCACCATCCAGTAAAAAGGGAGTAGCGCAACTTTTTACTGACTGAGGGTCCCTGTGATCAGTAAACGCTATCTACGATCACGTAGGTGAGACCGTCCCGGATGCCGAAATACCAGCACTCCGTAGTCATGATAAAGGAAAACCATCGCTGTCTCTGTCAGATCATGCGAGCAGTGGGAAAAGGCGAAACTTTCTCCGGCCGGTGAGGACGTTGAACTGTATGTGGTGTCTAACCAGCCGGCGATGAGTTACCTAAGGCCCTATGCACAGTGGACACTGTAGTCGTGGCATGGTTTATAAGAATTTGATCGCGGGTCCATATAGGCCAACTATTCCCCGTACTCCGGGAACCGCTGGCCAAAGAATCAAAACCTTCTGGCCGTTTGAATCTGAGACATCATCACTTTGACAACGGATAGTATGATTTAGCTCACGGCAAGTCTTCTCAATCCCGATACGCCGTGAATGCATCTTAGGAAAGTCTCAAGGGACTTGTCCATTACACCGTCAAGCCGACAAAGTATGATTGCTGAACAACCCTGTTTACTACGGTACATAGGCCTCTTTAATTGTCTTGTTTGTTTTCTATTACTACTTCAAGTCTTGGAGTGAGAGTTCTATCACCACCGACGTTATAATTAGTTATTGAAGCAAAGACGTATAGAAGTAATTAACCGCGCCTGATCCGACACATTCTCGGGCCGCGATTCAGAACCAGACAGAGCCCAAATAAGACGCGCGAAAGGGCGGAGACAGTCGACACGTTACGGACCGTCTACAGGTAGAAGGTTACTCCATGTTTGTGTAATCCGGGACATGCCGCGAGCGCGGCTAGTTTTCGCAGGTACAGCACAGGCTTAACGTTCAAAAAATACGTTCGGTGTGTAACACCCACTGGAAGCTTGCGGGATTCTCTCGAGCCAAATATATGACCATTACCAGCCCACGCCTGCTCCTGAAACCGTAGGCCGCAGCAAAATCGTTCCCTTGCAGTTTACCTGTTCCTCGGTTAAATAGATTTATTATGGCCACTGCGCTCAGCAACCATACATAGTAGTAGCTTCGCTATCATCAGATGGAGGATCCACAATTACGTAATCCAGTCCGTATAAAATAGCGTATTAGGACCTGAGAGGAGACAGGAACACTCCCCCTTTCCGGGATATGTATAAGCTGAGCATGATCCCCTATTTAGCAGGCATGGCATATCCCCCCCTCAGCATGGAAGGGGGTCAGCTCTGACCTCCGACTAACCCTGAGACACACGAGAGACCATTGAGGCACAGTCTTGGGTAGAATGATGTGGGGTTACTTGCG,1748,48.97,Escherichia coli
SEQ_506386,GCGTTTCTTAGCTAGAGATAAGATACTCCCTAAGAGACAAGATTTATTTTGTATGGGTCTCATACGAGGTG,71,39.44,Escherichia coli
SEQ_797119,AGGGCTTCTGCCCCACGGTCCATCAAATTATGTACGGGCTACTGAGACCGTACTTTTGCGGGGTCCGTTGTGAGAGACGGATACGTCTATAAACTATCCGTTACTTTGAGCTCCGGCTAAATGCACATGCTCTGGAACATGGTGGTCCGTGAGGGTAATCCTTAGGTTTTACACTGACTCATGGGATTTTTGGGGTCGGTTTATGCTGTTGGATATGTTCCGAGGGATTCTTACGAGCCCGGCAGGTGAGTGCTTTACACGTGTTCCCTTGCAACAAGGTCACTCGGATAGCCCACGAGACCAGACTATAACATAGCCTGCATCGTCTATCACGCAGAGCTTAACTACACCCCATGCATTCACTCGAGTCTGTATTCATCAACAGCGCTGGGACCCCCCGCGTTAAGGATGAAGTACAATGATTGGGTTCTACATATTCACGTTAATGAGGACTCTCCTCCTAACAGCGGACCCACGTTCAGCTTGCATTTGGGCTTTCGTATCCCTGTACGATCCCCATCAACATAAGTGCTTATACGATGGGGCAGCAACAGGACCAGGAATAGATACAGTATTTCCCTCATGTATTGAATAAGTCTTGAGGGATAGGTGTCAGTCATGTCAAGAGCGGTCACGTACGGATGTCTAAGAGAGGAGTCTCTGTCAGTAGACCAACAACTACTGTAATAGCGAGCCAGTTCCTCGGATGAGAGACTCATAGTATAAGCAAATATTCGTTGTGCCAGTTTGCAGCCACACTGAGCCGCGAACTGATCGGGACACGAGCCATTACTACTGCTCGGGGAAACAGACCCGCTCCACCAAAGACCACTATAGGTCGCTACTTAATGGTGCCTCTTCAGTTAGGCTTTTCCGATTAGCATGTGGTCGATTTACGCTTTGTAGGGAGACCCCCCATACCGGAAAGAGGTAAGTCGCTCGCTATCGGATATATAAGCAACCAACAAGCCACTGAGCTTTACGACCTGTCCTGACCAGTTGTCATTACACGAACTCTTGATCCATGGGCCCTCCAGGCCTGCAAGGGTCCGTCCAATCAATGAACGATAAGTCACCCGTCACTGATGGGCGAAGGTACATTCGATCACTGAACTGTATCACCGGGACCGCGCTCTAGTCCGATTCACATCTTAGCAAGAACAGAGCACCGTCTAGCCGTAGAGTACTATTTGTCTTTAGCGTGTCTAGTCTGGGTGGATAAGCGAAACTTCCCTCTCCACCCTCTGCGGTGGATGTTTTGGCCGCGCTGGCGACAATACCATCTTGCGAGCAAATACGATGTTCTTAAAATATAGTCGGGAGGTGCGACAGGCCTACCTCTTCGAAAATTTCCATTTTAAAAATAGCTGCGCAATGACGTTTCTCGGGGGTAATT,1396,49.28,Saccharomyces cerevisiae
SEQ_130786,CATTACATGCCGTCCGTTATTCTTGCGCTTAAGCGACCCTGTGGGCATTAGAGATCAGCAGTAAGATTAAGTTCGGTACACACTGCGGATTTTATGAGCCTACGCACATTGCAAGGGTAGCCGGTTGGAATAGATCCCTTCAGCACATCCTTGACTGTTTCCGTAGGGGATCCTAAATCATTTACAGTGGCTAGGCTTTGCGACCTGTGCGTCGCTCATGCCGGAAGAGGATACAATAAGAGAAACACGGGAGAGCGAGGGGATGGCTATAATTTTGTGATTTCCGTACAGGGCGCATGCCATACCGGCTGGTTACATTAGCATATCAAAGATATAATTCCAGAGGTGCGGCCTCACAATACAGACAGTGACCGCAATCCCCTATTCTCAGTTTGTGTTGATCATATCCACACCTACTTGTAGGTGTGGTAATGGTAGAAGATCACAACTAGTTGTCGAC,460,47.39,Drosophila melanogaster
SEQ_916238,AGCAGCGCGAGCGAGAACATTGTTATCATCTAAAAGCTCAAATGCATGAGTTCAGAAAGTGATGATGGTAATTAGGCCAAAGGGAACTATATTACGAGTCAACTGTTTGTCACGTTTCGGATGACAGGGCAATGTGTACTCTACATGGAACAGCCACCTTCAATACGCCAGTGGTATCGACCATAGTGTCGGACATTTGACGGTTTACCTGTGTCTTCGGGACGATTCTGCACGGAAAAATACCGCGGGATATAGATCGATCGTACTGTACGGCCCAGTGAATGCTCAAGGTTGACGAGATATCTGAACATAACCACAGATCGATCGCCCGCTTAGGCCCTCTCCGAGGGTAGAGCGTTGATTTCAATGCCGTGCCACGCGGGAAGTTTCGACAAGTGGCATAGGAACCAACAGCAACTCTTTAATAAACTTCGCCCTCTTTCAGGGTTTTAGTGATAGTCGGCGCACTCTGCTATCACCATTCGCATTATTAGCGTTCGCTCGGCGACAAATATCCGAACCGGGGCTTGGGGTAGCCCTTGCTCTAGCCCTGCATTGTACGATATTTTTCGCCAGGGAGCAAGAGCCACTCTCGTTGGACTCGAGTTCCAAAAAGATTATCAGACACGCGGACGAAGA,639,48.83,Mus musculus
SEQ_801498,TGTGTCATGGAGTCTATCACGTACACTATACCCTTCATACTGAGAGTTTGCCATACGATCTCACGCGCGACTATCTCAACCCCTAATCCTCTGTCCCTTGAATCGGCTAAACGCTACTTCGGTGGTGTGAAGAACATCCCCATGCGTCTTTGACAGTTACTGCTATCTTATGCGCTTGTCGAACTCGATAAATATTCGGCGGCTACCCAAGTGTCGTAGCGGTGCAGCGCCTTAAAGAATCCTGTACCTGCCGGTCCTGCGCGTGATTCTTCGCGTACATCGGAGCGATGTCCTATTCTTATCTCCGGATAGCACCTCAGTGGGTCACGCTGTCTGGAAGCATCTATTCGGAGGCTGATAAGTTTTCTCGCCTTATCAATACCCAATAAAAGGGTCTTAGTTGCATGAGTAGTAAGATGACCTACTAGCAGCGAGGGGAGGATTGCGGACTGCGTGGAGGAACTTTGGCAGTCGAGGAGCGCACCACACCATTCCCAGCTCATCAGCGCTCAAAGCTGAGGGGCATAGGTGTCAGATTGGGCACAAACATGTGGGTTGCCGCGGTTATCGCTTACCACACAGAACTACACTAAACATCATTCTCGTGTTGCCGATTGTTTAGGCCGGCATCCCAGCCAGGCCGCCGATTTCTATCGAATCTCAAGCGGAACCTCCACCAACCTTCCTTCCATCCCTCCTCGAGCGGACGATCGGGATTAGGCAAGACATGGCAACGCCGGAGGATAACCGGGTTCCGTACTAGAGCCCGTTTAAAAGGTACTGAGAGAGCAACCGTGTAATGTTTGAACTATAGTTAATTCCACACGATTGGCCTACGGGAAGTTTTCATGAAAATAGGGGCAGTCCCAAGCTCAATTTGGCCGGTTCTTGACACCAGGTGTCCTCGATTCAGAAGCAATGAGTGCCGGAGC,932,51.18,Homo sapiens
SEQ_522629,CTTCGGAGTGTCGCGTCGGAGTACATGACGCAACTCGGTGAATGTCAACGTTAGTCCTGTAACTGTAAGCTTAATCACGGTCAGCTTTTGGAGTATGTTACCGCGCATGTCAGCGAAGTATCCCTTCGGGACGCCAATTTTGTGACATACGACACGCCTGAAGACGAGAACCATTAAGCTGTATGCTGAGGGTCTTGCACACACGATCAGACTACGAATCTGCTGAAGAGTTCTCATGTAAGCGTAGAGACGCCATGCGATGGGAATCCCAACTGTTTGTCAGTGTCAGATTACCGTCCATGGGCATTGAATCCATAATTATGAATCAGTATCCTTCCGTGGTTGTTGTCTCAATAGCGTCACGTGTGTAGTTTCAGACAGGGCTACAGATTACTGCACTGCTTAATTGTTAATCTTAGCGCTTCTACACAGAAGCCCCTAAATTAGTGACCCTACATTGAATTGAGGGGGCTTCAACAGTGTCAAACTGGGGCTACGGCTGCCGCATGCGAAGCGTTTTGAGATGGCGTCGATTGCTCTCGAAATGTCACTTCCATAACTCAATAGATTTAATTCCTATGGGCCCTTCCGTGCACTGTTTTACCTTTTTCGTGCTATCCGCCATGAAGCTCATACAGCGGAGCCAAGGTTAAACCAGACCTAGGCCCAATACGTCGACGTGTCTCGGGTCATACGTAAGTCGCTTCATAAGGATACTATATTCTAGGATTTCCACGCTGTTATTCGCTACAGTGCATTTCGGGGGGCAGTCGCTCAGCAATTTTTTGAAAAGCC,795,47.42,Mus musculus
SEQ_319306,TTGGATCTCCATCCCCTCCATCCTATTCCTCAACAGTTGACTTTTAACTATAGGAACTGTCTACACTCTTCCTCGAAAACCGGGGAATAGATGCCCTGTGATGAGGAGCGCTAACCACGTGCTTCAGAGGCTATGCATGATTTCCTTGACAATGGAGGTAGGGACAGGTGACTGCTTACAACTTCGCCACATTGGGGGTTCGGGAGAAGCGGGGCCTTCTCTAGGAGGGGCCCGTGCCGTCTCGCAATGTCCACGGTGTCTGACCTGTCGCTACTAGGTGTCTACGATCTCCCTTACAAATTAGTGGTGAGGTTGATAAGTGCCTATATGCATCTTAGATGGCCGTACGGTCGACGACTCAGAGCGCTAGAGCGAGGATCATACTAGTGTGCCGGGTGACTCATAGCAATGCCATCGAGGCCTTCTTCACTTGTGGCAATTCCGATGCATCGCTAACGTCTGTGAGACATGATGAAAGAAGACTTGAAACAACTTGGGGATTCACGCTCAGAGTCAGCGTGAAAGAGGCGGGTTAAGGTAACTTTTATTCGCGGGTCACACGGTTAATTATGCAAGGCCGCGGCGGGGATTCTCGTAGATGGTTCTCGTCGACCTCATTCCAAGCCAGTCATAGGGTTCCTTATAATGCAAGCGGGCCTTGATTTAGGGACTCCTAATAGACTTTGAAATTTACCAAACAAGATTATTGCATACCCTGAGATGTTTTATGACTCCGTACGCTCACTTAGTAGTTAATAGCGGATCCCCTACGGTATTCACCCTGATCGCGATAAAAAGCGCGGTCTCTTGGCTGTTCTTGCAGTACCGTAGTACGGTTTATAGGTAACCGACATATCCCACGCGGCAGTAACTACGCATAGACTATCGCTCAATCGACTCGAAGATGTGTCGCCCAGGAGCGCCGAACCCCATGGGTTGAATTACTTACTCAACAGTCCACTACTAAAACGGCTCAAACAAACGGGAATATGAGATGTTTGAATTAAACTACCCACGTAGGCGGAGAAGCGGCCTCGAGCAGGATCCAGCCACTCAGACCACGTATCCTAATTATACAACAATCCTGCAGCAAGACGAGTAACACTCAGCGAAACTGGACCGAATGCCTATAAGATGTTATAGGGAACTGATCTGA,1156,49.05,Drosophila melanogaster
SEQ_464351,GTGTTACCGCGAATCGCGTGTGAAGTCGCCTGAATGAATCAGGTGGTTGGCTAGAAGTACAGTATAATAGTAATCCATCAAATACTGTCCCAAACAGGTAACGTGACAGTGTATCCATCCAGCATCGGCTACGAAGTGCCACCCTCCAGCGGATCCGCTAGCAACCAGGGAATCAGTCGCCACACCCCATATCCGGGTTGATCACAAAGGAGGTCGAGTTCTCACTACCTAAATCGGCTAGCTTTTCCGTCTGCATCCCGAGAAAAAGTTCGGACAAGGCCCTTAGCACAACCGAGTCATCTCACAACCGTGCGGGTGATACGCCTTTTATTACTTGCTGCTCGGTTTAGGGAGTGCATGTATGCGTCCTCACCCCGTGGAGTCTTAACTAGGTCCTACTTTATGCTCCTTGCGGCTTCCGTACGCTTTCCTTCTCACCTCTCCGTCGAACAACATTGGTTGGCTTTCCGTATACGTGCATATATACACGAGCTTATGGTGCGAACGACATTACTTCTCGTCAGGCTGTCCTTCCTTTGGAATATGGACATGTCGGTAATCCCTTTATAATGGGAACCTTTCTTACAGGCGAAGTAGGACTATAAATTCCCGCCACTGTGGTGGCCGTGGTTCGTGTTTAGAGTAGCAGAAACGAAATTATGCGTGCATCAGCATCATTTTCCACTAGGCTGCCCATGATACTGGACGTCTATTGGCCTATGCGACTATATCGCGGCGGTTTCAGCCAGCACCGGAAGGCTTCGCGTAAAGCTACTGCTACCCATCATGCCTAATGTGGCCGGAACTGATCCATCTTTCTGACCAGAAAGTATTGTTAGATATAGATCAAATGACCTCTGAAGTAAAATCGCATGGCCATTACGTCTCGACTCATCATTTTTACGGGTCGACACCCAAAACGAACTAACTCAGTTTAGGCTTTCCAACCGATCTCTGGTAACTAAACCGGGAATTAGGCCTTCACAAGCAACTAATTTCAGAGTACATCCCGTCAACGAGTAGATGCGTCTCCCTTGGATTGACACGACGTCCAGTAATACGCGTGGTAGATAGGGCGCTTTCGTTAAGCTGGAGTTGGCTCGGCTGCCGTTCCAGCATGCATCGAGGCGGGCGCTTCCCAGTCATTACCCATCAGGCCTACCTGCGCTATAGACCGAGTTCATAACCCGCCTTCAAATAAGGTGCCCCTTCCGGCATCAGGGTTAGTTTCATGAGCTATATTAGAAGCTATCTAGGGGACTAGTCCGGTAGCTGGTTTAGATAAACCCTCCTGCAATTCCCTAAGCCCTCGGGCGCTCGCCTGCGACTAGCACTCGATAAATGGTCACCGGGGGCGGCCGACCCTTGTGCCCTCTTATAGAAGTAGTTGCCAGCCCACCGTGCCCGATGCTTAACAGTTCTGTGATTAACAGCCTTAGCTTGTACAATTAGCCTGTTTCATCACTCCCGGTGCAGGTATTTACCTAAATTCGATGGCGAGGGCGTAGAGAAGAACCCGCCATCAGTGAAAACTGTAGCGGCTGTGGTCGTAAGGACACATTGCGATGGCCTGTGTCTATAACATGGTTGAGCCGTCGCGAGGCAAAAAAGTGCTGAGCGAGAACAATTTCTGTCAGAACGGGGTAATGGGCGGCAGCAGTTGAAGGGAATCTCAATTGCGCTTAACGAGGGCAGCCGGCTTGCGGTGATTACCACTACAAGGGCCGCATATGGTCCAAACATTTGCCATAGTTCCAAAACTACCCCCACTAATGCACTATATCGGATTCGGCCGCAGACTCAATCACGACTGCCGTCGAAATGGTCTACTATCGTATGGCTGACGCGCGCGAAGCATGTACGTTTGTAGTGAGCACGCGGCCCTCGGGCGGCCCCTTCATGTACCTAACATGGACGCT,1919,50.76,Saccharomyces cerevisiae
SEQ_373436,AACAAATCCCATGCGCACGACACAACTGATGGCCAAATGTGGCTAGCAGTCGGACAAACAAAGGGACGTTTAACGAGGTGGGATCGACTCATCCACGTACAATGTGGAGGCATCTAATGTGGCACAGCGCCCGCTTTTTACCCTCAGAGTCGTTGACTTAGCCTACTCCTTTCTGGTATGGTGTTGGAGGTATGGGGCCGTACACCCGATATACTAATGGTACCGTAAGCCGCATACGATCCACTGAGAGTTTCGCCGGTTTATTTAAACATAGCCTGGCAGCCATGACCAGTTGGCAAGAGTCCAGTGTGGCCTCACGCAGCCTTTGTCCCATCACCAGAAGAGAACCATTAATCATTTCGATTCACACCTGGAGACCGAAGTAGGCTAATAGGTTTTTGAGATGCGCCGTACGGCCTATATAGAGCCGAGTTGCAAGTATTGTCACAGCACGTATGGCGTATTTAACTCCTCGACGTGGTAATGAGGGAGCAATGGGGTTAGGGATCGCGCAAGGTTCCCGTTGGCTCAGCGCTCTATGCTTTGAGCGGGACGTCTCATTTCTTATATCTGAAACGAAACGAATGACACCGGAAGACATTTGGATATGCGGATGAGGTTCCTAGTAGAGGGCTCGGGGAGCTTTGAAGAGGTACTGTCAAGACCATACGATAGGACGTTACACCCCGGCTGTTAAATTAATTATAGATACCGTAGAGACGAGTTGACAGGCCGGCCAATAGGAGCGTTCTTCGGACATGATAGCCTGAAGTACACGGAGGGTATGGTTGACCTCCCTTGATCAGGGAACACCAGAAGGGCGATAACGTAAAGTTTAGTTCCTAAGCAGTGTGCCCTTAGCTATATGGCCGTTCCCTCATGCTTGTGTCACACTCAGCCTGATGACCGCCTGTTGTTCTACGCTATCCTGACTCCTGAAACTCTCTTGCAAGCTGATGCCAGTGTTTGGCGGAACGGTACCCTGTTGTTCGGGCTAAGGGGGCGGTGTGCGTGGTATTACCCCATTGCGATCCATCTATGAGTTTCCTCTCCTAGCCTCCAGGCTCGTACAATCCAACAGGTTTTGAACCGCCAAGGTACCTTGTAACATTGAACGCTGGTGATCTGCCAGAGGGCCGAGACATAAAAACCCAGCTGCAACGCAAGGCGTCACCTGCGGAAGAGCGCGGTCACAACGACGCCCACATCTCTATGCAGATTGTTCGATAGTACAGACATGATGGCTTACCGCGGGCGTCCAACGCTGCGAAACCTACCAAGAACGGGATCACGAACATGGAGACTGGGTCCTTAGCGGCTTCGCATGTCAAGTGCCTGCTACCCCAAGGCCTAGCTCCCGGCGAGCTCACCCAACTCAACATTCCCCAGTCTCTACGGCGGCAAACGGTTTGTGGCAAGATCCTCTCGCCTCGTATTGAACTGATTATTTGAAGTACGAACAAGCAGAATAGTGCATAAGCATCCTCCAGCCA,1493,51.51,Caenorhabditis elegans
SEQ_813241,CATTTCCATTACGGATACGCAGGGGTGGAGGGCTCAGTTAGCGATATACTGCCGGGGGTTGAACAGATTTGGCGTAGGCCAACGATTTGCAAGGTCATTACGTAGGAGTTAATGCGCGCTCTCCTGACCCCTCCTAGGGCACTCGTTTGAAAAAGCGCGGGAGTCACGCGCCGACGCGGGGCCGAAGTACTGTGGCGCGCGTTGGCGTAATCATGAGATAATGAGCTATCAACGGTCCGGTCTATTCGGAGGACGAGCAAGCACTGGCGGTTTTCCACACGTGGGGATCGATATGATCGACCCTAATTATGCGGCTCCGTAATTCCCCTTCCTTCGATGAATTCTTTCCCGCAGACTCCCTCAGTTCAGATACTAAGGAACGGCAGGTAGATACCAACCGGTCAGCTCGGGGTACGAAGAGCATACGTCCCGTTTCTAGCCCAAAGTAATGCCTTCCTGGCTCGCACACCGATCCACCCTATTTCTCAAGCTTCCTCGCTGCGATTCACGTCTCGAGCTGGGATTTGTTCTTTAAGGTTACCACATATGGCGAACTATTCCACAATTACTGCTCATTCTCCGATCGCCTCACGTCCTTTCACATCGTACTAGCCTCCTTTCCGCGCATATTCCATATATACGACATTCCGATCAGTTTGGAAATT,665,52.03,Homo sapiens
SEQ_153457,ATCACCAACGTTGAGAGCGTCGAGTGCAGAGTCTGTTTGCCGGCGTCACTTATAAACTATGCATAAGATTACGGCGGTTCGTGATCGAAGTCAATTCCGATGCATCAATGATTTTCGCACCAATTTAGGCGTGGATAGGCAGCGGGTTTCAGTACAGAGATTATCCTGATAGAAGTGTACGATCCTCTTTTGGGGTCACTATTGGAGCGGCGTATTCAACGCCCCGGGTGGTATTTGCCGGAAACCATGAGATGACAAACGGGATGAAAGTACCGCCGGCACATGCAGATGAGTTTATCGAATCCCTGCTAGAGCTTGATATACGCATTTCAAGAGGAGACCTTGGGGGAGTTGGTTTGACTCCACTATGTCGGCGTAAGCCCGACAAAGTGATACGCTCATAGTACACCAGAGAGGCGTCGGCGCTCCGAGCTAAATGAAGTTGTCAGACCCTCGAACCAGACAGAGGATGTATGGCTGCCTGCGTTCTATGATTTAGGAATTGATCGTGACGTCTCTAGGGACACCCTCACAGGAACCGACCAACCTCTGGGCTATGCCTGTGGTCGGATGGAACCGATAATTTGACTATTCTCCAAGACTCTAATGCTCGAAGGCGTGGTGTGCGGCGGCCTACTGACATGCTATCTTATTTGAGCCACGCTGATCCCACTATTAAACTACGGTGATTAACGCAATCAGCACTGGAAGCGGTTTCCAATCAAACTCATGCAAGAACTGCATAACGATGCATGATCTATAGTTTTTGAATATGCAATACCCGATAACTCTTAGATCGTAGCGGGCAACTAGCGGACAAGGACCAGCAATAAGATATTGATGTAAGAAGAATCAAAATCTCTGTGATCGCCAGCCCGACAGCTCAGCCCCGATCATAAGCTCCCACCGGATGGTTAGC,919,48.75,Mus musculus
SEQ_487608,CCTTGAGACATCATCTTGAATTTGCGACGAAAATAAAGTGCGGATAGTTTAGCCTACCTAACCCATGCTGGAGTGGGGGTCTATAACAAGAAAGATTACCTATTGGGCCACCCATCTGATCCGTAACCATATCTGGAACCGGCGGTGTTTAGCACGCATACTCTTACGAGCGATGAGTTTGGACCGGGTACAAAGGATGGATAACAATAGTGCGTGTTTGATGTCGCGTCGGTCGGTCCTTCAGGGATCGAAATGCAACTTTACCGCCCGAGTCTCCCACAAACCTTCGTCAATATGCGTCGGCGGACAGAAGAATCAAAGATTGGGTCCCTATTGCCGTTCGTTATTAAATCGCGTAGTGCGTGAAGCCTAATCGCCGCCTAATTTCCCAGCCAACATGCCCGCGCGTTCTAATAAGTCACATTCATCTATAATTCCGGCACTCATATTTTAAGGAATTTGTGAACAAGCTAGTATGGGTGAAAGGTCATAAACGAAGGAGCTACCCGCGTCGTTATCCGCCAGTAGCTATGTCATCCATATCTTTGTGCTAGCCATCGTCGATATCTGGCTCACCATCAGGGATCTATGCGCCCGCGCCCTGAAGGAGCTGTTACCAACGTAGGACACGAGGCCCGGGATAACCCGGCTACCACGTCGATCCTAGATTTGGATCACCATTGCGTCCCTGTATGTACCCTACACCGCCGGTGCAAGCGCATGTTATACCAACATATCGACTTATCGGGATTGCATGCACCAGTCATTCGGATAGAAGTGTACCGCGCGTGTTAAAGCGTCCAACGAGGTAACAAATGTCTAAGTAGACAATTATAAGAGATGTGGTTCGGGAGGTGTCAGCCGTGAGTGGCTACTAAAATCCGAAAGGTTTCCACGAGGCCCTATATTCCCAGACTGGCATCAGTAATTTGCACAGATCGCTACATGTACCTCGGCCTTAAGGCGGCGTAATAAACGAAGGCCCCGTATAATTAGACAGCTAATATAGCTTGTCTTTTGATCCGCCGAGACCCATCATCGGGGTGCAACACTTATTTTCCTATCTTCGGAGGAAAAGAAACTCGTGGGCATCACGAGAATAAAAGTGATGTTCGGCCACCCTTCTGGATCATATTA,1137,48.46,Saccharomyces cerevisiae
SEQ_239027,GCTCTAGTTTGCGGAACGGGCCGCGGGTAAGCTACATTTGACGTGACAGACTCTCTTAGGTTATTTTGCACGTACCCGGCTATTTAGCGTAATAAGCGCCGTTATACAACACGAAGCACGCGCGACCATAACTAAGCCTTTTGTCCCCGTCCTAGCTACGACTTGCATACTTAGGGGCGCACTATCCGCGTGTGCCCGTACTCATGGTCATTGTTAGAGAAGGGCTACGAAAACTTGCTCCTATCTCAGTTTTACATTTATATTAGGAGCGTTTAGACTGAGCTTTCGTTGTTGGGTAGTGACAATTGCTGGTTATGGCATCTGACAGCCTTCCAGTGATACAAGAGTAGGCGCAGACAAAATTCTACGAACACTTCACACTCTTGGCCAATGTACATATATCTGTTGGCTGTCGCCCACCGTGATTAACATTAAAGCGAATCATAATGGATCACGTTTGTCGATCATCATCAGACCAGGCACTTTAGCCCGTCCGTGTGCTTGTCATAAAGGTGGATAGTCATTTACGAAGTATTCGATTTGCGGGCTCAAACGAGGCCCCACACGCGGTGCCGGTATCATCACAACCCAGGACTTATAGATAATAAGTCCATCGAGTCCGCCGCTACCAAAATGCTGACCATATGCATTGGTCGAATTGTCGATTTGTTTTCAGGCATGGTATGCCGGGTCTCATAATGTTGGAAAATGATCCGGCCGCAGAGCGCCTCTATTGGAGGAATACATACTACATTACCGTCAAGCCTGTATACCCCCACCACTCAGGTGATCGGGCGAGACGAGATTATATAGCACATCAATTCGAGCAATAAGGGCTATTCGAATAATTACTCGACTAGAGATCCGGCCTACAGCAGGCATTATATTCCTTGCTCAAGACCAGTCACAGGAGCAGGAAGCAGCGCGCTTCGGCAGTAGATGCCCGCGGCTAAGCAGGAAAGGTCAGAAGCGAAGGCGGCAGGGATGGTGGCATGGCCAGTCCTCCCGGCTGCGATTACTGGCCTCACCAGACACCCTACTAGAGAGGCCCCAACCAATGGACTAGCAAGAAGATCGTACATTCCCCCACCATTCGGGTGCCACCTGGGACTACGCAATTACTTAGCCGCAGTGCTGCCCCAGATGCGGGAGTGTGGCAACTAGTACCCCTATAGTGGGCCTAACTTTTCCCCATCTAATCAGAATCCTTTCGCGCGTTTTGTTTACGGCCGGCGCCTGTATGTATAATTCATAATTCGACCACATATGTTCGCTTCTAGCGACTCCGTCAACGCTACTCTAGTGGTTTCTGGGGGCGGTTGTGGTCAACACTGTGTAAACTGTCGCAGTAAGCTCTGGAACGTACTCATTTGGACATTAAGTGTTTGGTCCGTAACGGATTCCGCTCGGACCCCTGTCTAGGATAGTCGCAATTGTCGCTCCTACAGTCTGCCCTACTCGTCAGGAATCTTTTGAGTCAGTCGGCGCGGCACTGTCGAATCCTATACGGTGAGGGGGGGTGTCAGTTCTAGCGCTCCCTTTAAAGAGCACATAATAACCGCAATCGCACTATAGCCAATGCTCGAGCAG,1590,50.19,Caenorhabditis elegans
SEQ_608981,GTGCTACACCTAGGCATTATGAGCTGAATGATAATCCAGATCGTCCAGAAGATAATTCCCGCGTGGTTTTCCCTCTTAAAGCTTCGCGCACAGCTTCTTACGCGCATTTATAGAGTCCGATGATTTCGAGTGTCGCCATAAAAAGTATGCGGGTTCGTTAGGCGCTAGCCTCCTTTGTTTATTCCCCCGAGAGCATCAGCATCCGACTGGTGCTAGATCTGCAACTAAGGATGATAAACTAGTATGGCCAATAAAAGCAATGACTCTCAGCTGGGACCCCAGTCTATACCGATAAGGCCATCTACGTTATAGATATTCATGGTATCCATTATCGATGTCATAGAGCTAGCGGATTCAATGGATGGTCTATAGCACCAGCACTTGCCTAATTTACGTACAACACACGATGTTTTGACTTCTCCAGGTGGTTTAGTATGGGCCGCCATCGAATGATTACCCTCGTTTGTAGATCCCTGGCGGACGCCATTACCATGCCCGTAAAAGCTAAGACCAGCTACCCATTACAGTGCACCAGTTATAATAGACTAACCGACGTCTAGCTGTAACTGCCGTGCTGACCGCCTCGGTAGGACTTTACGGCGTAGAATTTTGTATTTTGACCGGCTGGTGCCTGGACAAAAGGTTCAAGTTAGACGCGAGATCTGAGACGTGAAGCCAGTGGTTTGTAGACGTGTTTTGACGTTACATATCCGCGGGACCAAACCTCGAGGGTTTACCTGAGCTAGAAACTCCTAGTCCTCCTCGCCCGTTCCAATCGGGCCAAATATACTTCGCCCTCGCTACCAACATCACGACGAGCTCCAGTAGAATGGCCCTGGCCGCATAGGAGAAGAAAATGCCTCATACGCACAATGCAGCAACGAACGAGGCATATAAGATCTTGATAAGACGACTCTCATGCGATCCCCTGCATGTATGGTTTCCGACGATGGACACAGGCCCCAGACAACTCGCTTCATCGTCTTGCGCCATGCAACGACGAAAAGATGGACGTCAGACTAATAAGGAGGCCATATGGCCTAAAACGGTAAAGTGGACGAACCTCAAATACTTCGAGAGTATGCGAATTATAAGCCTGAATCTAAAAGGAAAGACGGAGTCAGTTGTAACATACGACAATAATTGTTCAGGTAATACAACAAACACCATACGTGATTGTCATCGGTCGGCTGTATACTGACGGAAGGCCCGCCCGGTAGTCAAATCCCCACCGAATAAGAATCGAGGACTCCTACACCATTTGCATGCTTGTGACACCGTGAGGTTGTGTCATGTCGTGGTGGAAGTATAGATGGAAATCATTTAGTCGTAAAATAGTGAGAGAATAGACTATCAATAGTACAAGGCTCGGGGTGTGACACGTTCAGGAGCACTCCACGTCCTCAGGTTACCGCACTTCAAGTCGCTCATACTTCACGGCCGGCTCACCCTGACCAGTGTATTGGAGCCTTTCTAGATCCCAGTTAATTCAAGTTAAGCGATGTGCAGTTGTGAAGCGCTGCTGTGGATCTTGTTTATATCCAGATGGTACGAGATGTGTAGTTATGTAATTCCGCCTGTAATTGGCCGCTCCGATTAGCTTGTCGCCGCCGTACTTTGTGCGCCGACGCACTCTGTGTATTTTCCAACTCTTTCAGGGCGAACGAAGTCGACGCGCGCGGTAGTGTCGGATGGTAAGTGTCGGGAATAACGAATTGTCAGATAGCGCCCCATAGATAAGCAGGGTCCGTAAGTGCACCCGTTATACCATAGTAGCACGCGTGGAGGCGCAAGGGAACTGTGAGTCTTCCCGCTAGTCATACCGGCCTGTAGCCCACTTCTTGCAACAGGTTTACGTGATTCTGTCACC,1870,48.66,Mus musculus
SEQ_602271,AGGATATCGAAATATGTGACTGGCTTCTTGCGTGCATGCGAGTTAACATCGAGCAGCTAATCGCTAAGCGCTGCTACGCTGTAGTATGTTCCGCCGTTACAATAGCCTTCCGGTCACTAAATAGTGCTTGCAATTGATCACACGTTCGATCGAACTAGTAGCTCTAGGATCTGGAATCTGTACGGAGTTGGTCCGAACATGGGGTCTAGCCGCATGGGGGGTAAGTCTCAGTAAAATACTCTAGTTCGACTGTAACTTTAAACCTCCAAATCTAATGCATCGCCTCCTTCCATGCCGCAGTTGCAATTGATTCTGGCTCAGATTATCCCGGCGGCCCTGAACTGCTCAGGGGAGGGGGTATCCAAGATCCCCTCGGCTTTCCGCAAGGGCCAACTTAGCTGTTGGTGCGATCGAGCGTGATTTTTCGCTCAGTGCGGGCCCACAGGTACTCAATCCCGCCAAGTCTTGGGCCTCCAGTCATCCTTCCTCGAGGGGATTAGCCCCGATCCTTAGCTCTGCCCTCCCAAGGTGGATAGAGAGACGGACATTTTTACATCGTGGCTCGTTACATGGTGGGCCGAGCCCAATTCAATAACAACTACGTCGGAGGACAAAACCCACCAGGTTGACGCGTACAGTTTAAGCGCAGAGAGATACCCTACCACAGGCTACTATTCGACGATAGGGCTCTTACTTGGCAGGAAACGCACCTGACCTGCAAGCTTGTGCTAGATGCGGGGCGATCTCGAAGTCTA,755,52.05,Saccharomyces cerevisiae
SEQ_566504,ACGCGCTACGACGCACGTGACCTGGCAACAAAACCACCGCGCGGAAGATTTTCCTAGCCCCTGCCATCGTTCCACTCGTCCTAGGCCAGGAGATAGCTGTGGGCGATGATGTAACTCTCTAAAAACGACATTCCATAGCGTTGACAGGAATGTTTCACTGCTGGTAGAGTATGGTGACATAATCCGGTCGGTAGATAATCGTTGAATACAACTGTATAAGAAGGCGCGCTAAACCATTTTCATTATAAACCGCACCAAACAGCGACGAAGAATTAGCAAGGAAAGCTCAGTGCGGAACCCCATTAACGTTACGAGCATTTCGTGGGCAAGTAAGTGATCTAACACCCCGCTAGGTACGAGCTCACGGCCCCGTTGCTTGCCGCAGCGGTCGTCCGCGGGACCCGTTATCGGGGTCGTCGCGCAATCTTACGTGCGTATTCGTCAACTTCTCATTCCAATATGCGTTGCCGGTCATAAATGTAAACCGAAAATTTGCCCCGGGGAGCAGTAAAGCTGCGGACACGGTACGCCCTACACGTTTGACAGCCTCACCTGATAAGCTTCAGAGCGTGGGCGCCAGAGGACGAACCGGACCACAACCCCAAAAGTTGAGGGAAATATCCTGAAGGGGACGCTTCATACACGTGGGAGCGAATCAATAGGTCCGGACGATCGCACGCCCACAGGGTTTTACGGTATCTGTGGTGCTACAACTGGGGCTAAGGTCCACCTTTGGCCACACATCCGAAAGCGGACCGGTTTCGAACTAGGCGACCATTGCAGCCGGGGCGTAAAACCGTTGCAATACTTTAGTCATAAGTTGGCAAGGAGCTCGCTTTGCACGTTCGGGTCAGACATGGCTCCCGATAGAAGGACTCTTCGGCGCGCGCGCCTACGCTCGCACAAGGGAAGTGCAAACTTTATACTAGGATAACATTACAGCTGGGTAGTCGGTCGTCATAAGCCCTAGACGTTACATTGAGGCCCCAGCATGTAGCCTCAGCCAACGAACCCCGGGCAAGTACGTCGAGACATCCAATTAAGACTGCGTCACTTTCGTCGGCTTGAAGAGTTGGGCCTCCACGTGTGACGGCCCAAGGAGCACAATATCTTGCGACCACACACGTATTCTTCTTATCACAACCCGGGAGCTAAGATTAGTGCCCCAGAAAGCCGCCTGTCAAGACGGGATCGCCGTACATGGGGGGCAGACTGTCCTGTATCAGCTTGAATGAAGTTCGTCTGCGCAGTACTAGTCGCTAGTAGCGGTCCTGTGGGGGGGTCCGCCAGTCATGAGGGGTAAGCAATGGCCACGGAGGCAAAAGGGTGAACGTCGCAAGCAGGCTATGAACGTATTGAGCTGAAACTTTGTTAATACACCCTCGCTTCGTAGTCCACCGAGTTCTTCATGCAGTAAGCGACTTTGATACGTATCTTCGATGAGCAGCAAGTCGCCCTTATGCACTCGGTGTATTGATGGTTGGCTACACTGGTATCTCCGGCAACCAGCAACTACGGGCTAAAACATTTGTAGAGTAATAGGCTGTTGTTTAACCCTTCACGAGTCAATCTACAGTAAACCT,1583,52.5,Arabidopsis thaliana
SEQ_660729,TAGCTCATGCTATTTATCTAAAAAGCGAGTCGAGGGGGATGTCTCACAGCCGGCCGTGTCGCGCAATCTGTTTTATGGCGACACAGAGCTTCGCGATCGAAAGACTATATTTCATGGCTCGCGATAGTTGCGAGTCGCTTAGCCGGTCCTCGGACTCACCCAGCGTTATTTAGCAATAGCTTCGTTAACTCTCCCAGAGGAATTCCGAAGTGTCCGAGAGTTCGGCCCGCGCCCTGCGTTGAGAAGGCAGGGTGTGCTAGGCTGGGGCCCTCTAGAAAAAGAATGACGTATCTATGCACTATGGGGTGATCCGCCGATAGACTAACCTCGCTACGTGGGTACTAAAACTCAGTTCTGGGCGGTCGCGGCAGCTTTTCTCCTGGGGTACGATGGTTAGGAGGCGTAGGTCCTCATGCTGTTCCATTAGAACTCCTAATAGATCGGAACTCTGAATGACAGATAAGTGTAGATTACGCCCTAGACAGTCATAGTACAGAACCGGGCCGACACCAGATTACAGTAGTTGATGCGCAAGGTTCACCCTTTTACCCAATATTTTATGGTCGTCGCCATAGCAGCTGGACCTCCAGCCATTATGTGCCGAAATACATGACCCTCTCGCAAGCGCATCATATGGTAGATCTCTTCAAAAACAACTCGTCCTGACTGAAGCTGGAACTCCCCCACTTAGAGGAAAATCAGGGGATGGCACCGCGCGCTTGCATTGGCTACTAGGACTCACTTGCACAGGGAATTACGTAAGTCCACGGATGCGATCAACCTCCGGTGTGGCTGATCAAGATAGAGTCCTGTTGCTATATACATAAGGTTACCTGCGCCAAACAGACGCAACTCAAGGAAAAAAAACACAAACTCGTACTGCACACTAACACATCAGGAACTCTTGACTAGTGGGCGCTGCGCCGGCCAATGGTGATACTCCCACTATCGCATATGTACGGTAACAAATCAATCAAGGATTAACATTCTTTATCGTCGTGTTTACTCTTTGGGTAATATCGTGTGCTCGTCCAGACCCCAAAGCCAAAAGAGTCGATCGGCTGCGGATACACCAACGTTGTTGTGGACGGGCTCGATCAACAGTATCCACATCTGAGATCATCACATGCCCTTGTACAGGGGACCCGCTTCACTCGCTTTAACCTGAGTACCGGTAGGTCGAATGTACGGTCTAACGACGCCTTGGACGCTGACTTAACTGTAAAGACACCCAAGACTCCATTGCTCTAGTGCGATTTATGGTGCTGCCAGGCCAGTGCTCTCCGGAAACTCCGTTCGTCACGAGGGATAGGACAGCCAGCCCTTTAGCTAGTTAAAGATAAAGTTTATGCCCTCACGACTATTTGAACATCAACCACCAGTAGTGGTGATTTGACTACGGTGGGGCATCGCTACCTGTTATCTCTTTGGGTCTGAAGAAAGCGTAACGTGCGCTCGGCTTAGAGAAGTTAGAGTACGCCAGCCGGTTACCGTCGAAAATCACGTTGCTCGAAGCCAGCGAGACGAATAGGGTTGTATTCCTAAGCACGCGAGATAAGGCGCCACGGGGCCCAACTTTCGGGCTCCCGGGCGTCGCACCTGTGAAGTCCGCAGTGGGAAAGATCTAATGAAAGACTCCCACACGTGTGGGATGAAATATCATGCGCGACTACTTCGATTCACGGTGATTAAGTCAGGGACTAAGGGCGAGCACTCGTTTACTTCCGGACGTTTACGACGCCTAGTCCCATGCCAAGAACCGGGGGTTTACCGAGCAGCATGAGGGGTCGGTCTTACGGTACCTAAC,1807,51.02,Arabidopsis thaliana
SEQ_306482,GCACCGCTAATTGATGGAGAAGTAAAACGAGGGGCCGGTCCCCATCATACCGAGTCAAGGAAAGGGGGACCTCGCTCCCACTAGTCCCGCCGTCTATCATCTAGACAGTCCGCTACCTTTGCTGCACAGTCGTAGGTTCCAGTACGAAATCCGCGTTTCGCATGCCCGTTCGTACTGACAGATTTCATCGGCACTTCCCGAAAATTGCGTCGCCGCGGTCCCCGCTACTAATATACCTCTACTAGTGGCAAGGGAAGCAGCCTACGAGGTAGAATACCCCACGCGATTTTAGTAGAAGAAGATTTACTACATCGGATGGACGTGGAACATACTACAACGTCGACGGACATCCCGAGCACAGAGCACTCATATCTGTTGCTCCTAGCTTGCTAAGGTGTTAACTCACCCCCCCGTTATTGCTATCGTGG,428,52.57,Escherichia coli
SEQ_282762,GTGCGAATCTACGTCTACACCTGCGACGGTTAAACCATTAGCGGCAACAGCACCCTCACTCCCGATCTGATACCGTCCGTGGAATACTAGTAGGTCGTAGCTCTAGACATCTCTATTGCCTCTACTCACTTTTCGCGACCTGCAATATCGTAAACTTCCGGGGGGGATAATAGAGAAGCACTAGCCAACCTGAATCATTTATACAGATTCGCCACTCGAGAGAGCGGGGGGTCGGAAGCGGAAACCGTTCTGTGGCAGAAGCGCCCGGGAGGAGTGGGATATTAGTACAAGCGAGTGACGGCGTTACGATATTTGCAACTGGATTGGATGCGTCTTCATTGCTAAGAATTTGGTGGATCCAGCGTGCGTCCCGCACTCTGATCTATTCGAGGGAGGGTTGGCGCGGTTCGCACAGCACGCCTATGCTCATCGCCGTACCAGTTCTTGTGCGGGTACCTTTCTTGCCATAGACCTTGATACGAATAGGGAGTAATCGTAGCTAAGTGTAGGGTATCACCAGTCATTCGGTGGGTTCAAGTGGTCAGTGGTGATATCTGTACTTGCAGCCGCTCGCTGTTTGGCCATTCCGCAAACATGCCTCTTGAACGAATTACATGGAGTATCAACCGATGGCCACGGCACTGACAAATCGCAGGTCATACGTGCGATAATTTTAGGATCTGGTGAGATTACGTATAGGATGCGGTGGCAGCATCCGCCGACATATGATTGCCGTAGGGTAACGCTAAGACTATTCCCCCACACCGGGCCATGGTGTACTCCGTCAATATAACCGACGGCAGCCATGAAGTTACGGTCAAGTTCACTTTACGTGCGCGGTCGTATATGAATTGCCTGGTGTGATCTTGACTTTTGTGCTAAGGCGTAAACCGTTACTTCTCAAAGTAAAACCTACCGCGGCTTACTTGTGTAAACGCTGGCTTTAGTTGGATCAATACTGGACACGGGCATAAAGCTGCACTTTTCTTAAGGTCGCCACGAGTCGCATACTCTCATCGCGTGTGCGGTAGCTAAAGACATAGTAGAGCCGGGACGGAGGCCCTTAGAGGTACTCTATAACGCTATCTTTTCGTGGAGCCCGCTCTCGTAATACAGTCGGGATGGATGTTGTATGGGCAGCAGCCTCTTCAACAACAGTGCGTGAAAGGTATCTGTACAGCGCCGCAATCCGTCGTGGCCACAAGAGGGCTGTGGTACAGCTCCCTGAAACAAGGATACTCGGCATAGTTTAAAATCTCTGCTAACGAATTGGGTAGATGTGGTCCTGTGTCTTCCACAGTACTCACCTAACCTCGACTCGTACTGTCCTACAGAGTCTGTGCTAACAACCTGAGTATCTAATTGGCTAGGAATCTGATTTTTCACCGGAAATGCCCATCTTACAGACTCTAACGGTTGATTCCCTCGGCATATGACCGTCCTAGAGACTAGGGTCTCTCGTGACATGCAAAAGAACACAGACCTAAAGTGGATAGGACCAAACACTTGAGAACACTCGTCCCAAGACA,1529,50.1,Homo sapiens
SEQ_686284,TGACCTTCCTAATCATATAAAAGCCGAGGGACGGTTGGTAGGATGAACAAGTTTTCACGCCAGCTCAAACTTTTAGATTACCATTCTCACTGATCTCCCCCAAGTAGTGTCGAGTACGTTGTTGAGCCATGTACGTTAAGTGATGTGTGTGTCCTGAGGAGGTGCCCTCTGTTCCGGGTTAGTGTCATGATACCCTGAAGGTCAAGGACGGGTGATGATCGCAAAGCGCCTAACAGGAAGCATTAAAGAAGGGATGGCGAGCCCCCAACACTCGGCTCACTAAGCATGATGTTGATAATTTAAGTAGAATAGACGGGCTCTATGGAAGACACTAATTGGATGGAAGTGACAGACGTAGTTGCCGTGGCGGTTGTTGACTTAATGTCACCGTAAAGGGGCTGAGAGACGCACGGACGCTTCACAGTGATTCGCATGCTATCTGTACGTAGCACGGCTGGACTGAGACGTACATCACCTCGGTCGGAGTGTGCCTACAAGTAAGCCTGAGGGTATACAGGAGTCGCAGCCCACGGCGAAGAGGGATCTCGATGTTTTAGCTCACGTACTGACCGCACTAACGGGTAAACTATTCCTGCCACTCTTGGTCCTCTATGCCAAATATGAGGATATCCACTGCCTTGAGTTATACTATGGTGAGCCACACGATAGGGTCTTTTAGCGCGACCGCTATAGGGCTTGTGTCTAAGCCAGCCTCAGCACGTACCGGATTATCCAACTACGACCCCAGCGGGCCTCAAACGAGACGCCCGTGGGAAGCTCGAA,783,50.83,Arabidopsis thaliana
SEQ_713792,TGTGCATCGGATTTTACGAATTCGTGTCAGTGGGTCGTCCCCATAGTATGAGAGCCAGGGTTAGGAACAAGCACATCTATCATAGCCATAGCGTCCGAGGGCCCTCTCTACCGGGACTGACTACTGAGCCTCTGAGCCGTTCCCGTGGCGGGCGGGGGTGCATAGGTGCCGAAGTGGATTCGGTGGGTCGTTCTGCAGGCGTTCACAAGGAGACCTGAACCAGTCTTAAATCACTGTCAGAACTTGTGTAGTCACGCCCAGTCCAAAACAAAACTTCAGTTTCCGAGGAGGTTTCACTAATTAGTACGATTTATAGGTAGATCTATCGTAAATCCTGTGAAGCGTTACTTCCGCGGCTCCGTGTGCCGGGAGAGAACGCACCGTGCAATGACGACCGGCATCCGGCCCTGGCGACGAGTTACAACTTACAGTAGGGCTCTAAATGCACATAGGTGGGTACGCTTGGAATAATCCGGGTTCGGGCGAATGACGTGACACGCGGCGGAATTACTTTCACATGTTACTGCGTTCTTTGTATAGAACTCGCTGTGTCCCTGACTCCCCCCGCGACAGTTCAGCCACATAAATCCTGGCTGCATAGGGTCATTGGCGTGGCAAGACAGTTGCTCCCTCCAGAAAGCACTGCGAGACCAAGTAGCTCGTGCTAGTTTTGTGAATGATTAGCCCCTGGCTAGCAAAGCTTAGTAGTCTCAAGTCCAAAGGTATTTTCGTGATTCAAGAATGCGAAAAGCCCAATAAGACCGACATGTGATAGAGCAACCACGGCCCGACCAAGGTCGGATGTACATTCTTCGCGGCTGGATCAACGAGGACCAATAGGTGATGCTCAATATTTATACTTATTTTGTCTTGGGCTTTTCCCACGATAGACGGATTCCGTCGGCGGCCTCCTACCGCCGCATTGCCGTAGCAGACCCATTGTCATACAAGCTGCGATTGTAGCCGTAGTCTCACAGTCCCATAATACCTAAGTCCAAGGGCTGTAGTAGAGGATCACTGTGTGTGTCTTATAAGTCAAATGCATGTCAAACGAATCCCCTGCGGAAGTGAGCGGAGTGGTATAATTTATCAACTCATATCACAGACGTTTTCCTACTATGTAAAGAGTTTCTCCAGATTGCCATTAGGCACACACTGAACCTTCGATGTCCGCATGCCGCATAATGTCGCTATTCCAGGTGCGAATAGAGTTCCCGTGACGCCTTTCATGCAGTCCTGCAGTC,1244,50.56,Saccharomyces cerevisiae
SEQ_659337,CGCTCGAGGAATTCTTGAAACGCATAACGGGCGAGCATACGGCGGTTCACGGTATCTACCCCAACGATCTAAGTCAGTCGAGAAGATCCGCGCGAAACTACTTAGAACGAGCGCCTTCGGCGCGGAGGATACCCAAACAAGAGGGGAGTTTTCCCTAATGGATCCGAATGTGGAAGCAGACTCGGAACCAGTGCCTAGATCCACAACATAGCGTAGTAGGGTCTGCCCCCACAGGGTTCCATTGACTTTAGGAGTTTCCAACTAATCAAATTCATAAGCTACCACCCGTGGGAAGCCGGGCAGGGAGCCTCTGCACGGAGACCGACCAAGACATCCTTTGTATCCGAGCGGCTGTATTTACGTGACTTTCAATCTCTCCCCCACACATGCGCTAGGTCTATTCGTGAAGGTAATCTGATAATCCAGTGCTCCACGTGTGGGCTTCTAGGCTACGTCGGCCGACTGAATCATCCGTCGGGGACTAAGTCAAGTACAGGCGTAGAACGTTCCTAGAGCAGGAACTTCACTGGTACACTTTTCAGAAAGGGTCGTCACGAACTGAATTGAAGAAGTAAACATGAGATGCCATAGAAAACGTCTTTCCTGCCACTAGGTCTATCCCGCCAATAGAAGAGCCCACCCCAGTTTTCAGAACGCGTATGTTGGCGTACCGGTTGTCCAGGTGCGCTGCGCTGTCCGGTGCTGTGATCTCGTAGAGCAGAAGGCCAACGGTACATACTCCGCTAGCTACTAGTCCTTTTCTTGGGCGAAGAAACGGGACGAACGTCACAGTATCAACACTCATGAAGGCCACCC,816,52.21,Escherichia coli
SEQ_215583,TGCATATCCCGGCTTTGCTTGTGTGTCGAATCTGTGAATTAGACTTCGTGCGCTGCTACGGTCCGCGAGCAAGGTAGGACTATAAGGCGACCTTTACATGAAAGAATGCGGGGCCGAACGACCTGCTACCAGATCGCTTCGAAAGTCCTGCCTAAGGAAGACATCTAGTGCTCACACGCACCTGCTGTCACGGAATCGTAGTGTGTGCCCGGGGTTGAAAATTATCCCTGTTGTCCCTAGCAAGGGCACTGAACAAAGGGTCCGTGGTCGAAAGACGTCCCCATCAGCTTACCCAGCTGGGGCTGGCAAAACTCGGTTGTGGGGTACAGACACGCCAGATTCAGCAAGCACCGGGTGGAAGCACGTTTTCTAACGAATGGGAGTACTGCCACATTTTCACAACTTCGCTTTGATGGCATTCTGTATCTCAGTGTGTACGACTATAGATAGATACTGTGCCAGGGTGGCATGACCCGAGCTCTTTAGCGGACGTGTCTTCGAAAGGATGTATTTTTGGCGATTTTATACTTGTCAAGGGTCTGTAAAGGAGCCCGCCCATGCTGTAGCTTCGGCCCGCTATTGTGGCAAGTATGATAAAGCTTGAAAGCCAGCGCCTGGGACGTAGGACCGCCCTTTGCGCGGCATATCCGCTTGGGAGGAATTACACCCATATCGAGGAACCACTAGGCAATCCACTGTCAGAAGTTTACGGAATCTGACATAGCCTGGCCAGCCCCGTAGCAGGGTGCTAAGACAGTAACGCCATCAACGGCAGGGCAGGACGCCCAGTAACACGGAAAAAGTGCGGAAGGCACCTAATCTCCCGATGGCCGGGCAATAACTGACTTGGCCATCGGCCCTGGTACAACCATCGTAAAAATAATCGTTCAGTGCATGCCCTTGCATCATCCGTGTCCCAAGGACTGGCCCATGCTAACCTTACGTGAGACCGGATTGACAACCTGGTTTGCTGAGTTCAAATGATAAGGCTTCCGGAACCCATTACGTGACGCAAGACACCATCTCGCCTATCAACAAATACTACTTGGTTCCGAATCGTCTATTGATATAATCTCCAAAACGTATCGTAAACTAAACTCATAAACGTATACACCTTCTTACTACACGATACGCTTGCACTCGATCTTGATGCCCGAGCTCTTTACTGTCGTAAGCACGCACATGCACGTCGGCATTCCAGATCAAATGAACCATTGTATTTCATATTGATACGCTTAGACTACACAGGGGTTCTGCTGTTCCTGGTACGCGACAGATGGCTGCGCCGTATGGTAAAAAGGGGACCGGAGTGCTGCACTGGAGGTAAAAACATGCCGGCTATTCGCTTTCTAAGAATCTCTCGCCGCCGCATCTGCCCCATAGTTTCACGACCAGTTCTTGTACGGGAGCCAAATAAAAGATGAGCCGCTCGCCCGCGTCCAGGTTGTCTACTTCAAGGTCCTAGACGATCAATTAGCCGTCCCGTAGTCTCACTGCCAACCCAGTCTTAGATGGTTCTGTAGGTTATCGTGTTTAAATACCCATACGACAGTAGCCCCCTCTTTGGTGCAACTTATTCTTGTATTTCAGCCACGTGTGCAGTTGTCTGGGATTACAAATGGTAAATGGATTCTGTATGAGCGGTGTTTGGGTGCAGAAAAGTCCCAGGTGCCCGCTCACCGCACTCCGTCTATCGCTCTGAAGTGCGTCGCTGCCTGTATACAGGGGAATTGGACTTAACGTAAGGTGGGAGGCGATTTTTATCTTTATAGCACGTCTTCTCAAACTACTGGCATGGTGCCTCTGTCTTATTCCGGCTCTTGTCCGAGCCCCAATCGTGGCGGTTTCACC,1851,50.73,Caenorhabditis elegans
SEQ_411765,TCTTAATATGCTTGAGCCTTCGTCCAGGAAACATAGCTAAATAGCTCCTTGTTTACTATAGAGCCGGACTTTCCCCCCACTTGAGCACTATATAGACACTAACATCAACACTCTTACTCCCGGCTTACCGCGGCCTATGATGCAATATTTAGTCTGACGATAGCTGGGAGAGGTCTGGAGACGGCGGTAGAGGCGTGTCGAATAACGTCGAGGTGATCCCCGATTGGTGCATCAAAAAGAGCGTTTTACCTAGGGCTGATACTGCGCCCCGCCTTGTGTCCTAACACTTACTCGGGCACGTAGTTTCAAACCTCTGCCTCAGTAGGTCCAGTTGAGTCGTCAGTGTCCCCAGACCATGACCCTATATATTACCGCGTAGGGTCCCACGCATTCTACTATTTGCCCAGAGGATGCAACACAATCTAACACTTTTGCACCATTCCAGTCGTATGCCATGGAAATCCGCCAAATACGTTGAAGGTGGATTGAGAGAAGCTACCACCAGTATAAATTAAAGACCTGACAGCTCGACGGTAAGGCGCGCGAGCGTGCTCGGATTATATATAGAGGAGTCTCTCTGCAGACCTCAATCTGCGTGATACGTTTAAAGGATGGGTGATACCGAACCGCGTTCCGCTCCGAGGAGGCGAGCGTCACTTCCA,662,50.0,Saccharomyces cerevisiae
SEQ_238973,CTGTTTGACGCTAAGGCTGGCGTGAAATCTGCATTGTATTGCTACGTTTCCGGACAGTCAACATATTCGATAGTCGTGTTTCGAATCGCTAAAGCTACCTGATGACAACCGCTGGTCTGCGGGTAGTCATGTGCCCCCTAATCGTGAAATCTTCTCCTTGTCGGGGATCCGACACCACACCCTCAGTCAGGATGCGTTCAAACGCTATATGCTGGGTATGCCTCAGAAGGCCACTTCGGGCGGGCCCATTTAAAATGCTGATAGATAGGGTTTACGACTTAAGATGAGGTATCGCCTCGGCCCCGCAGAATCTAAACTGATTATACCAGCGCGTGGTCATAGCTATCGTATGGTGGCGATCTAGAGCTTCCAAGACAAACGTTATACCTCCCCTTTTCAAGGTTCCGTCACTTGCATATCGACCACTCGGGTTAGGCATTGAAATTGCCGACACGCGTCGCGTGTAGCGAAAA,473,50.11,Escherichia coli
SEQ_218252,CATGAACGTTAAATGCTCCGGCTCTCTAGAGCGTATAGGCTTCAGGGGTCGTCTTTATTTTGCATACTTAACTGCATGTCCAATTCAAACTTTATAGGCGAGCTAGCGTCGTTTCTACAATTTACACTGGTAGCCTAGAGGAAATCATATTAGACAAAAATGTAATGTTAGTTGGTATACCTGAATAGTTAACTTGCAATCATTTCCCTAATTGCGGTTACATGCTGTGGATTCATCCTAACGATTCGTTACGTCTATGTCGAAATCCCGAATGGATATGATCTGTAATGTTGTGGTCTCGTGGAGTCGCCTTGTGGGTAGACATGTACGTCCTCGAGGAGTTACCGCATCCTTGTAACTAGCTTCGTACCGTCCTGGATATTCGCCAGTTGACCCAGGCAGATTCCTTTACTTGGGCTTCCCCAGAGCCATCCGAACCCCTTCCCTTTAACCGTGAAATGTTAAACAACGCTGCTTGCGGCGAGACTTTCTTTTAAAGGATTAACTCAGATTGGGACGGATGAGTCCGAGCGACCCCAAAACCGTCTGATTAGACGTAGTATACGCAAGTGAGTACCGAGGGCCATAGCACTGAGCCGTCTAAAGTTGCGCTTATATGTGTCTGCTAGGCCCGATTCGGGGGGTGCCCCAGAGTTAGTACGTCTACACCTGAGCGCGTTGGCGGCGTTAGAAGTTTTACCATGTCCTGACACAAGTCATGTTGCACACCAATCTGCCGCACCCCCGGGGCGTTACTGTCAATAAAGGCGCAGCGAGTTTACTAACTTTGCTAGTATGTCGTCTCGGCTTCGCGGACACAGCGTGTAGACCCCAAAATTTCCAGTCCTTACGACGGAGCTAGTCCCCAGTTATCGCTAAAATATGATTGTCTATCGAGACCCCGGTAGTATTTCCCAAAATCGCGGGGTCCGGACAGCTAAATGTGCCGAAGGTTTTCCACAGTGGGTGATCGATAGATACCTATCTCTGTACACTGTATCGTTTTCGTACGCCATGTGCACACGCATACCGACGAAATCGCGGATCGCACTTTGTCGATGCTTAACACATCCTCAGACTCAACCGAGTTTGGAGCCGTTCATCGGCTTCCTATCGAAATTCGAACTCCGTAAGTCATCATCTATTGTCGTCCCTACTACAAATCGTCGCCTACACAGATCATCCTGTGTAAACACGCTGAGAAGGTTAGCTCCATTCGACTGGTGGTGATTGACACTGTTGTTTGGCCTCGCTTCTGGTACAAGATTGGTTCCTTACACCAGACGCACAAATGTTTCCCTTTTGAAACTGTGGTTCACCACCGAATGTAGCCGGGCTATGTTTTCGACCCACGGGGTATGGTCTCTAAGGTCGTTCAACTATAGCAGCGCCAACATTGCTCTAATGGCTTACTACATATGTCCGCCTAGGCCCAGTGCCATTTATGAATCGACTTACCTGACAGTCCTCTCAGCACGATAATGCTGCTCCTTACTGGGCGTCAGAGTTAGGGGTCCCGTCCAAGACGAGGGCGTATAACGGTGGCTTTCGCTCCTCAGCAATTCGACTATCGAAGAGATTGCAGAGGCTCTGCCCCACGCATCTTAAAACCGGCGACACCAAGTCTATCAGTACCGTATCTTTATCTAGAAGCTTGCACGCGCCCCTGCTTCAAACCAAAAAATACACGTTCGCGTTTGCTGTTGGGCAACGATCCGGCAACTGGTTACGTGGAGAACACCGCTCGCGCAAGCGACGGACATCTATACGGTAGATAGCTCATAACATAGCGCAAGTTGGGCGCGTAACAACGCCTACAGCAGGTGCATGTTATGGCAGTCAAAGCATGAATCATGTGCGAGCCTGCATCATTCAAGTCGACAA,1884,48.94,Mus musculus
SEQ_218146,AAGTAAGGACGAATAGGTGTTAGTTATGAAGCGCATGACGTTCACTCTGCATGGACCGGCGAGCTATCTATCACTTTTAGCTTGCTCTCATTAGTGCGCGGGGTAACCCACACCAAAGTGCATTGATGCACGCAGACAATTTAGCCATGATGTATGATCTGATAGGCAGATTACCTGCTTGGCGGCACTCCAATCTCTAACGAATTACAACACAGCAAAGACGCAAGATGGGAAACTTTAGTAAATACTCTGCTGGCGGACCTCAAGGCTGCCGATTGTTCTCTGCCACGAGATGGTCCTTCGTGCTTGACTCGCGCGGGAAGACCCTCCACCTGACCTCAAACTCGCAGCATTGGTCCGCGATCGCCAGCCTGGGTTGCTAGTGAAGACCACGCCATCTATCCTGGTTAAGGAAGCTCGAACGGGGTAGTACTGAGGCGCCTTCGTTTACATCACGGAGAGGCGCGGGCTGAGAACCTACGGTGCCAAAACGCAATCGAAGCCTTAAAACTCGCTCTATACGGCATATCTGGGTACGTGGTGGCAAACACGGTCGCTGCCTTTCGCGCTAGTCCCCGATCGCCACAACACCTCATTTTGTTACTGGAAGGCCATGTGCGCACGAGAATCGAATAGCTGACCTGCGATCGACTCCTGTAATCCACCAGGTGGAGCCTGCTTTGGTACCGATTGGACGCTCATCGCAAGGTTCGAGGTAAGTCAACGAGAATTATGTCAATCACCACCGGACATACTGAAAACATGAACGGTCATTTCCTAACATGATGGACGAAATCTCATATCAATAGGTGTCTAGGTTACCCTGTTATAGCCCGGTACTACTCAAGAAGCTCGGATTGTGCCTTCGGGAACGACACGCGATAGATAATGGAGCGCGCTCATGAGACTCAATTTGGATTTCAACGGTTTGGGCAACCGGATGACAGAATGAGGAGTGCACAGACACATGCTCCTTAATAAACCACGTCTCGTCTAGTAACTTGGACCTATCATGGAGGGATAAGAAGTGTACAATCTCAAACCTTTATAACTCCATCTTTCAAGCAGGTGAAATACATGGATCGCATGGGTAGGCTGAGGACACCTAGACGACGAGTAGCAGATCAACTGTCTGACGCAACCATCTTCCAATCAAGGATTTGAGTAAGGTACCGTAAAAGTAGAGACGACGTACGCGTCGCACGATAAATCTAGTAAGCGTTCGGGTTTACATGGCAGGTAGCCCCCTAACGATACATTTTTAGTTCCATCTTGCGACCCTAGTTTTCATGGTCTTATTATACTTGTAACGTCAGCTGTTGCGAGTCAAATTCGAGCACCATTTGCTGCCCTCCCTACTAGGTCGCCCGTCTCGCCTATTACTGCTCAGACCACAAGGCTTACCGGTCTCGCCGTGTGAGATGATACAATCTGGTACGACCAGGCCGGGCCAGCACCCAGTGCGCTTCGCCGCTAAATGCCGTCTAAGTGAACGAGAAGCCACGACTAATAACATACCAACCCTTCA,1528,49.93,Arabidopsis thaliana
SEQ_277332,CTGACGGGTGATCAGATACCTACGAATGAGTTGTTCGGGGAGACTCGTTAACGCGCGCTCTGGGAAACACAGGGACACTAATTAGGGCGTTCTGGCAATCTAATATGGGTACGGCAGAGACAGCCTAGCTACATGATCTGTGCGCCCCATGCCCCGACTAGAGCTCTCATACAACGGTAATGTATAGTCAAAGGCAGTGGGATTAGGGGTTCATCGCGTCTATTTTTCGAGCAGGGCAAGTTACTTCATCACGGTATGGACCGTACATTGTTAAACTTTGGCTTTGATTTGACTGCACGAAATTGATCAACCTGGCCCATGTGGCTCTTGAAGCGAGGTGCTGCATACGCGAATCAGGTACCTGTAATGCGAGGGGCAACCCTACGATAACGGAGGTGTCTCGAGCGGGTGCTCGGTGTCGACTTAACACAGTGGGAAACTAATGTCCCAGGTGGAGCAAGGCTGTGACACGCGTATGTATAGAACCCGATGTCTTCTATCTGTTAGTTGAGATGTAGCCGATGCTGTCCGCCTTTACGACCGGAAGTCTGAGCAGAACGAGATTACTCTTCAGTGATGCGACGAAATGACAACGGATGGTGGTCATATCAAGATTTCGAGACTGGCCCTTTCTTAAGAGATGAAGTTAGCTACACATTCGCCTGCCGAAATCTTTAGAGGGAACGCTCGACTCATCTGTCCGTCGATTAGCCGGGCCAAACTCCAAGGGTTTCCACAGGCGGCCCCATGTGATTCCGCGTCACCAACCGCGGTTGGGACGTAGCCGTGCGCAACACGTCCACGCAGTAATAACGCGTTGCACGGCGGGTCGACGTGGGCGGCCACGCAATCCTATGATCAGGTAATGGTCTGGCAGACTCTACGAAGGTTCACCTAAAGAATCGCCGTAAGGAGTAGACACCAAGTCACGGTAGAGCAAACGTTGCTTTGCTA,954,51.89,Homo sapiens
SEQ_618654,CAATCCCGGTTATACTTGGATGGGCCATTAACCTAGGTACAATGCTTGTCACGGATTCCGTCTAACATCTCCACGGACCAATAACTCGTAAATTTTTTTAGCCTTTAGGGGCCTATAAATGATGGAAGACTTATACGGCTGTTAGCACGCCGTCACGGCAGTGCATGGTTCCCGGATCATTAACGTTCCGCAACGGTGGTGCGTGACCTAGCGGTAATTGTTAGCAGTTGGCAGCCGTGTTGCAAGACCGAGCCCCCGGAACTAATTTCCGACAAAGCGTAGTGCGGCTTCACCCTGGAGCGGTGGGGTATTCACAAAAGCGGCCATCGGGAACTGCGGATTAGGCCTACAATGAAAGTCGTCATGCTTCGTCATATCATTATATC,386,50.0,Mus musculus
SEQ_104600,CTAGCAAATGGCCCGGGTCTGGACCAGTACTAGGTATCTGGCATGGATTGAACCAAATGACCACTTGACTAACAGTTTGGACGTTTATACTGACAGAGGTAGACGTGACCTGGGCCCATAGAAGCCACGTACGCGTGCATTGCCGCAGGCGCGGCGTCGCGGTGCTAGACACGTACAGTGCGAATCAACCAGAAAATATGAATAAATATGCGCCCGACCTTTACAAACCGACCCGTGTGGAGTCAAGTACTGAATACGATCCTTTTCTGTCCCCGGCGGCATATTTTATAACTACCCCTATTGCGAGTCATTGCAACTGAGGCGGCCTGTCTTCGTGACACCTCGGTGGCTGTTGCAAGGAGAATCTCGTCGGCTGTACTCAATTCTTGCCTTGTTATTTGAATACAAAATAACACCAAATCCTCATCCTTCCGGGGGTGTGCGCCAACTAAAAGGACTGCTAATCATCAGGCATCGGATGTTGCTCGGCTTCCATGTATCTACATCAGGCATCTGTAACGGGCGCGACGATCAATTGAGATCCCCACGTAGCCCCGAGGCCGAAATTACGCTGACATTTATCGAGAAGAACTAGTGCATAAGATGCTGCTATGGGCCCGGTATATCTTTTACCAAAGCGGCGATCTTCATGCGTACGACCTTTCATCCAATCTTTGGCGAGCATTGGCAGTAGGATATTAGAGGGTTACTATGTAAGTAAGGGGGCGAGACCGCTACGGACTGATCACCGGGGATAAGACTAGGTATATATGCTGTACGTTGTTGTCAATAAAAAGGAGCGAGCCCGCGACAGCTCGAGTATAACGTGGTACTTCCCAAGAACGTTGCACATACCAGATCCATCAATTATCCGAAAGCTAACGCAGCGGTCTGCACTTACACAACTAGAATAGGGACTTACGAGAGAGTCAAGCGCACGTACCACATGACATCCTGCTGACCGTAGCACGACACTGGCCCTGCATCTAGCTCCCTGCTGATTCCGACCAAACTTGGTCATCCTGTACACAGCGCGGATTATTGTGAGAAATACCCTTAGACCCCGCGTAGGTATAAATTTCTGGCACGTCGTTTACCCTGTGCTAATAGTACATATGATCCAATCCGGGCACACACCTTACATCAAATTCCCTACATCCCCTCGTGCGTATCGACAGGCAAGCTCTTGTTGACGAGCAAGTTTGTCGCCCACCGGCCACGAGCGTAGCGGGAGTTCGGGGTAGCCCAGTGCCACGAGGGTATGATAGGGTGCGCGATGGTAACCTTATTTAACAGATTGAAACGCTCGCTGCTCCTCATCCCAACGCGTCCTCGACGATCACCAGGCTGGTTCATTTATCGTTTCGGCGCACTCCCCTGGCTTCTCAGTG,1391,50.75,Drosophila melanogaster
SEQ_549255,CGGTGGCGGAAGCGCGGCATTTTCCTGATATTAGCGACCTATTGTTGTGCCGCTCCAAACGCGTGGCCAGTACAATGTTGCGCTGACGGGAATTACCCATAATGGCTAGCCGCCCAACGCCATTTCGCTTGCAGTCGTAGGCGGGGTTAAGCCTGGCCGACGTAAGTAATAGTTTCTGCAGGTTTGCCACGCCCTCGTGCTTGCACGGGTTGGGACTCGGGGTGGACTCTGAAGTCACCCTCGGACTCGACGTCCTTCTTGACGAGCGTCTGGGCTATGCAGCGAAAAGTAGCGCAAGGGTACCTGATTGAACTAGTAGCGATGAACTGGGCAAGTACCAAATCGCTGTGTAACAGTAGCGTTTGGAATCCGGGTGCCCTCGGCACGAAGGAACCAAGAAACATTAACGTGGTTGGGTGGGATACGATTTCGGTGGGGGTCTACTGGTTTCGAGACTAGCTCGACGACTGCGTGAATGAGAGATGGCTCCATTGGGAAGGTCCCCTCTGTATTAGAAATCATAGCTACTAATTTGGCTCGTGTCACGGTTAATTGCTAATTCTCACGGAGCGCTGCAAGTTGTTCCTGCGTGGGGCGAGGATGTCAGTTTCCAGAGGTCGCCACTGCAGAAAAATCGTGAGCCCCGACTTCTAGCAAAAGGGGTTCGAAGGGTTACCAAACCCATGCGTAGAGTCTCCATGATCCTTAACTCGAGGGCCAGTGGGCCTAGCAAAGATGCCCCAAAACAATGCTGCCTTCTAAGTAGGAAGCCAGAAAACGCCGCCTAGTGCGCCGGGGGTAATTAGCAGAATGTAATAATCACAATCTCGACCATTATTCAGCCTCTGCAATTAACGCGGAGACCAGCGGAGATAGGCCGTCTGTGTAAAAGACGACCCAGATGGGTGCTCAGCCTTGGCAACCCGCCGCGTATTTAGTTTATTTGCTCAAGTGGTACCCACTAGGCCCTTCGGCGCGCTAATTACGTACCTTTCCGTGGTGCATGTATATTACCAGTATACGAAGGATGTCTTAAGTCTCTCCTGTCCTCTGCGAGCTTAGGTAGGTAACGAGGAGTAACCAGTGCTGATAGTTGCGCGAGAATGTCAGCGGGTGATCTGTTTTACGAGAGCTAGTAGTCCTACGCGATAGTATCAATGTAAACATATGGGTTTTTGCCGGGCCGGGAATCCGGCGACTATAACTGTCCCACATCCGATCGATTCCGTTACTTAAACTCAGGGGCTAAAATGGGCAACTTCGAGCTCAGGGGACGGCGTGCATTTCATTCACCATCCATCAACCTGTCGGGGCCCGAACGGAACCTTCGACCAGGTCTAATTAAGGCCGTCGTTCCAGATTCCCCGCCCATTGATACTTCGTTGATGGCGTAGGGGCTGACCTTCTTGCCGTTGAGATTCTAGCTGATTTTCATAAATCCCGGATCGAACCGGAGGCTCACCTCCTGGAAAGCGTCCTGTGGACGACGGCTCACCACGGAGTTTTAGTAAATTAGCCGGATTGCAAAGTCGTCGCCGTCTTAGGGGACGGTGGAGACGCCCTCGCACTGTCGCTTCCCGACTGTAAGTTCAAAGCAGCTACGGACCAGCTTAAAACCAGTATGTGCGCCGCTTATTACTTCCGCGGGTTTCGATGTCTGGAGTGACATGTTGAGAAAAAGTATAACGCGATTTTAGACCCGGTAACAATACCTATGGTTGGATGTGCAGAGAACGCCCGGGATCCCCAGATAAAAAACCTTGGAGTGGCATATTTCAGCTCGGGGGCGAGTCCATTATTAACTGGCCATTTCGGACGAAGCTAGTCGGATTTGTATGTACAGACCAGTACGTGGGCATTCACAGAGAATAGGGCAACAGCTAGTATGCTGGTTTGCTGCAATACACAGGCTTGCGTGATACACGCG,1927,52.05,Saccharomyces cerevisiae
SEQ_673814,GAGGACCGGCCGGAAGCTACGTCAAGGCTGACCTTAAGACAGACAGCTTCTGTGAAAACAAACCTAGTTGGGATGTCAGGCATACACAGGACACTCGCGAAGTGCAATAACACACTTCGATTGGCGACTGGACCATCTAATGAGACATGATCCGTCTCCATCTGTTAGCTTGCGAAAAAAGACTCATCGCATCGAATCGGATGAACCGGGATCATGGGAAGCATCGTAGAGTAGGCTGATCTCAGTGTAGAAGGCCACCCAGCAAGCTGACCACTAAAACTCTGACGTTTACCGGGGAGCTGGAGGATACTCTCCGTGCACTGCCTAGGAGGTGGGACAGTGGTTCATTTTTTAGCCTACGTGGAGTAATGTCGGCGACTGAGTTTGAGGATTGAGGTAAATGTACACACTACTTAATGGGCGAACTAGTACCTTTGCACCAACGGACCAGAAGATCCAGCCCTACGATACTCGCCATTAGCGACGCCCCGATGTGTTTGGACTCCCCCTGGCATTCTTACTGAGCATCTTGGTGGCCGCCGCTGGTGTCTACAAAAGGTACACCGAAATGAGCTACAAGGACCGGCTAGCGCCCAAATTCCTCGATCATTTTTGGGCTAATCGTCCCATATCCAGGCGGCTTACATTAACCGTTATGCACGTGAGCAGCACTCGAAGGCCGCCGTTCCTTCCTTAGTTGACAAGCAGATGTTTAGGCAGCTTACCCATGGATTCTAGGCGGAATGGCGCCTGTGGCCTTTACCCCCGGCGCGCATGGGTCGGGGCCTAACTAAACGCCAAGTCGGTGATGCGGTCTAGGGGACTTCGGTAGTCCTCATTCGTTACCCCTCTGTAATTTTTATTTTCACATTTGGAATATTCCGATCGTTTATTGAGGGCTTTAGGACGTAGTCCGTAAAAGACCTCGGGGGGCGCGTGCACTGACTGTGAGGGTTAACAGCATCATCCAATGTGACAAAAAAAAAAGTCAACATAAAATAAACGATATGTCGGCTAGAAGATTAGTTTCTATATAGTTGAACGTGCTAGTGGCTGTGCCTGTAATCCGATAGCCTGCGTCTGGACCCGAACCACGACATGCGCCAAGGGTTGCGTCCATAAACGCTTGTAGTCGCGTCCCGGAAGCATTGGGTGGTGAGGTTCTTTAGCGCGGGTCGGGCGCTGTATCATGCTCCTCCAGTAGAGTCGAACACTGACTCAATTCGTCTGCAGACATCCGAAGAAGACTCCACGTCTTAAGGAACATCTCCAGGCAGCGCCACATGTGACTGGGGATAGCTCTAAGCTATTGGCGCCTGATCTGTAAAGGTCATACTCCATTATCCTTTCTTAGCGGT,1358,50.88,Arabidopsis thaliana
SEQ_168679,GGGCGTTTTACTCTGTCTCCGATGTGCTATGAAAAGCTGACATCACAACAGGATACAACTGGGTGCGCCGGATCCCGAAGAATGTCCGTAACTCAAAATTCGCAGGAGTGGGTCACTACAAACCGTAGACGTCCCCACCACAGCTACACACCGCATGAGAAGCTAAACCTCCACGAGTCTACTGGCTATTCTTTAAAAGCGCGGACTACGAACCGCTCCTGAGGGTGATCTGCGGCCATGCCTTGCTGTGAAGCTGAGACTTGTATAGATACACGACGCAAGGGCCGCCTAACAGAAATCCTAATGTTGGTATAAGTGTCCGATTTGTATACAGGGGGATGGAGGTACCGCACCGTACCTTCGTACTCATACGCCCTTGGAGCCGAGCCGCTTGTCATGGTGGAAAGACAGGATCATAGAGAAGGACGTACCATAGAGATCTTGTACTATCGCACAGCTAACGCGAAGGGCTCACGGCCGATGAGCGTCCTAAGAAAATCTGTTCGGCATACGGTTTAAGATCTCTGAGGCACCGTACGCAATCAGATCGCATACTGTTTTTAATTGTTAGGTGGGAGCCTCGTCCTGCATCCTCCCGGTCCATGCGAGCCATGTCGTTTCTGAGCTCAGTGGATGGGCCACTCGAGCCCCCGCCATAATGACATATCTATTAGTTTGCGTGGGATTACAGATTCCTGCTCTCTGTGCCCACCGCCTCATGGTACACTCGTAGGCGTAGACGAAGATAACTGGTCTTAGTTTGAGTACCTGCAAGGTTGAGCCTTTCCTGAGCCTCGTAGTGGGTAGCTCTGAAAAAAGTTGCTAAATCGCGTACGTGCCCTAAGACAGAAGACTAGGCCGGCTTTAAGATCGTAGGCCCTTACGACGGTGTGGATTACGATCTTAGCACAATTAGGTTGTGCCAATTTGCGTCCATATCCGGGACGATCCCGAACTGGACTTGAAGCCTACGATTAGGGTTGTCTATCTCCTTAGAAAAAATGCGTTCTACTGGCTTACGACTGCTCGTCGGAGTTCTCATAACTCCTACTCATGTGTGGATTAACCGAAAAACCCTTGAAAACTTATATGACTGTTGTACCAAGATAATCCGAGTGTACTTCGACCGAATCAGGGAGATGGCAGATCACTGGTCTCGGTAGCCGCTACTTTCGGGTTTGGG,1183,50.21,Saccharomyces cerevisiae
SEQ_614224,TTACGCGGTCCGAGGAGGACCTTCATTATGCCAAATTCCTGTAAAATCGAATCGTACTATACCTCCTCACGTCTAATGCCTCCTCATAAGGTAGGCACCTACCGCTTTGAGGTGTAATTTCTTATTTCCAGCTGGCGATTTTCAATGGACACTAAGGCCCCAAACACATCAGTGGTGAGCTGATTCGAGTGATAAAGTAGAGGACACGACGCCTCTGCTTACGTTTTTGTTGTCGTATCGAACCTTTTAACCCACTAGATTATCAGCTGCACGCACCGCTACAGACTACTGGCTTGGGGTAGTTACCGGGGAGTCACAATGAGTGTGGCTGAATTAGACTGAAGTGTTCACTTTGAGTACATAGATAGTGACTGGTAACGACCGACCACCTTTGTTTATTAAGCAAATGTGCAAGGACGCCTACATGCTAAGAATACCGAAGTCTGCCGTACAGCTCAACCTCGAACCTAATATGACAAATTACCTGCGTAACGTGGTCGCGCGCATAGTCGGAAAGACGGCCGGGCTGACCTGCTGCTTCCCGCGACTATGGAGTCAAATTTCAGTAGCTGATGACTCATAGTCTTGCATCGATCCCTCTCAAGAGTCCCAGTCAGGTTGGACCTAACTTTCGTGTTGATAGCCCTTCTTGCAGAGGGGTAACTCGCGACCATAGCAGTATTTACCCGATCTATGGTTCCAAACGTCTACCTGATTTGCACAAGCCATTAACAGTGATGTAGACTTTTTCCAGAGGCGCTAGTTTAATAAGACTGCGCGCGTCATACGCCTGAATCGATGGGGGGGAGACATATGCGTGTTCCTTACAGGTGCCCTCAAGACTGCTTATCAACCCTGATTGGGCGAGACCAATAATATGACTATGAATTCGACCAAGTACGAATCCGCCGACGGTCCTTACATGGGATAGCGCTAAAAATATATTTTTTGGTACCTTTCGATTCGTGTAGTTAAACTGAAGCTCTGCTCCTATTGGAAAACGAGTGAGCCGAGAAAGAGATGAAGATATATGACGGAGCGACGTATCATAGTGCAGCGTCACAGGCATCCTTGGAAGGTTTATGCAGCCCTCCCACCGCCAAGCCCCCGTCCGAATCCACATGGCCCGTGCAAGGTTGATGAAGGACTGCAACCGCGAAAGTATCCGCTGACGCTGTTCGAAAAATGTGTGAGAAAATTATGTATGGATCTGGCTAACAACTGTGATTTGCACCTTCGGTCCCTGGCTGAACTCGCTAGTGTTAAAAGAACTTAGTATCCTGAATATGCCCCTAAGGTAATAGACCATCTATGAAATAATCTAAATGTGTTAGGACGGAGCACCCACCATCAAGAGCGGCCAGGTCGGGGCTTAATCAAAGCCGGACTGGTTTACGTCCGACCTTGGCACGAACCGTAAC,1421,47.85,Drosophila melanogaster
SEQ_831953,AAGTACACGTGCGAACAAACTCACTTAGTATTGCCAAAGGGTAAAGCCAGGATATTACGGTTGCATAATTAGCTCTGTAGCTAGGCGCCTATATACCTACGGACAACCACAGAGGTGGCACTGCGCTGTTCATTCCAACGAGTCGCGGAAGACCTCCACCCTGCCAGGGGTTTTGTGGAACCGGGTGTCCTATGCTTCAGCATTGAGGCATAACAAATAGCACATGGTTATATTACATATCTATGGTCGTTCAAAGCGGGAGGCAGGGGGCGGTCTAGGCCACATACTATTTTGATAGGTGGGGCCCCGGGTCGTCGGACTACTCGCCCCCGCCAGGGTCAGGGTCGTGCCACATTATCCTTCAGTCTTGCTTTCGTCCATCTAAAATTAAAGAGTTTCATCGTATACACCTACAGTCTTCTTGTTCCATCTGGTTTATTGGGCTGTGATCAAGTCCCTAAAGATAGGCTCATCTGCGCCCAGGAGGGTTGTGTTACCAGGTAACCCCTTGACCAAATAAGCGCTATGGTGTCTGGCGACGAATGGTATGGGGATATTATTAACGGAGGTCACGATCTCTTAAGGGGCGCCAACCGCGACCCCGACGTACGCTGGC,616,50.97,Homo sapiens
SEQ_322081,GGGCACATCTATCCCGGTACAAGGCCGGCGCAGGACATGTTCATCCAACCCAAGTAACATCGAGAGATACGCAGCCAAATGATGTATATGCGCTCTAGCAGATCCATAATTGTCAAGCGGATTAATACGAATTGTCCGGAGCGCGCTACTTCGAAAGCGTCTGTATCGTCAGCATCCGACGGGTCGTCCCCTTGCCTGAAAAACGTAGTGAGTTTGACGGCACCCCGAGATCGAAGGCGCCGTAGGTCGAGTTTGTGGATAGGAACTTCCGGATAAGAAGCCTGACTCAACCCTGACCTCCAGTCGTCTCTGGTGCTTTGAAAATAATTCATTACTGGCGAGCACCATTTACATTGTGATATCCGCAGTTGTCCTCCTTTCGTTGTCAGCCGATTCGCCGATACCCCCTAAGCTGCAAAGCCGACGGTTGCCCTTAACTGTTGAGTGCTTTGGACGCGGTTTCACAACCCATTTACGACGGAAGCCGGACGTTAATAGCACAGCCGGCCGTCTATTTGTCGGCAATGCAAGGACTAATAATAATTCACATCCCTCAACGTCTCGATGTCACGAGATGAGTCGTTTAAAACATAGAAGGAATCCAGGGGCGTACGTAAGAATAGTAGGTGGAAAACGTTGCTCGATAGATAGCCTACGCCACACGGGTAAGAGTCAAAGGGTGTACGGAAGAGAGTCCACGTTAGCGTGCAGGCAAGCCAAGTGTACCACTCCGCCCGGAGCTTTGAACAAATTGCTCCCCACAGGATTAGTAACTAGCCACCTCATTCAAGATGCTCGAAACGTGGGGTAGTCTCTGTTTTTACGAGTCTCATTTCGCCGACCTATTACGCTTCGTGCGTCTGATGTGGAGCGTGATACTGGCAGTTACAGGGAGGTTACAAGAGGCGTACCCTAACCGCCCGGTAAGGTAAACACACTAACCGCGGGCGGATGCTCGGCGGCTATAGGAGCGAGTTCAAGGTGTCATTTTCTATATGTCAATAGTTTGGATTGTGCGCGCAGATGAGCGGTAATAATCCGTGAAAGCTCATTCCTTGTCGGGCAACCCATAGAACGCGCATTTAGATAGTACCCTCGGCTATCTCAGGGAGCCCTTCTACTCATAAGAGAGGACGGAGGGCGAATCTCCGCTACTTTCCGTCTGACGGGTAAGGAAGCTTACTAGAGTTTACGCCAGAGCAACTGCGCATTAGACTATTATGTTAGCGGACTACGGCATGTAGTTTGTGGGGTATTGATTCCCACACTTCTTCGAACTATCGATAGCGCTAATTGTTACCCGCAGCTGCGCGAACTCGTGTTGCTTC,1328,50.53,Arabidopsis thaliana
SEQ_663287,GTTATTCAGATGATGTGTAACCTAGCCCTTGCACAGGAGTTATTGAGATAGCCATGGCCTCACCGGATTATAATGGTACTAAGTGATGCGATCCTGGACCTAATATAGTTGATGTAGCTCTTGCCTACCCATTTACACGCATGAATCTTGGCCGGGCTATAGCGGGTATGTCGTTAGGAGGCAGCTTCCCCACCGCGGGTCTAAGAGTACGGACCTAAAACGTTGTGCTCCCCGGACTTTGAGCCCGGACTATTCCATCCATGCTGCGACTGTGCCGCAGCAGGTTTAGGCGCCCGTCTATATAGCGTAAAACCTCAGCAATTGAAACTTATGGAAGGGCGTGCGCTCATGGGTAATGTAAAGTCTCATTGAGACAAAGTGCTTCGGTATGTCATGTTAGAGTACTCTTTTTCTAGTTCGAATTCTTCGACCACACCCCAATATACCGCATATCGTTCTGTAACGCGCCCGTTAGACTGATGCCTGCCGTCATAGACTCTACTGGTTAATCACGTGCCCCACACCTTACAATATTACTTGCTAATAAACGATTAAGTACTCTGTTGCACGATCTGGTGCCTGCTACGAGTGAAATTGTGTAACTCCGCGAGGGACAGGCTCACTTGCCGAAAGACGTTCTGAACACGGTCTCCAGTTGTGGTGATTGTCAGCGGGATATGTATGAGGACTAGCCCAAGCGGTAAGGTTTAAGGGTCGATAAGAAGTGTAAACGTGCCTTACGCCGTTCCATAATTATTGCCCGCCGGTATCTGACTGTAGAATCCATTCTCGTGTAGAGTACTTGCTAATGCCATTACCCTACTGCAAAGCCTAAATATCGTTGGAGTCAGTAGTCCAAGGCGCAGATTCGTTTGATACAACCCGGGAAAATAGACTTAATGGATTTGCGATCTCTCCGTTTCGTAGTAGGAGTCTATTTCATGCTCCATGGGCGCTATAACTTCTCTTCCTATAAGCCAAATATGAGATATACTCTTGTGCCACTGATACGTCAAAATTGATGCAATGAGTGAGACTATGGGGACTATTTGCTTTCATTGCCAGGCGAGTACCTCCATGATTATACCGTCACTTGTTTTTGCCGATAGCGTCCAGCCTGTATCACGTCCCGGTACCCATTCCTCGTATTATAAACAACCTTCAACTACGATCGGGTTATGAGT,1184,46.79,Caenorhabditis elegans
SEQ_357793,GTTAAGTGTGACCTGGGCAACCATCGAGCTTGCAGTTCGCACGGGAGCTAGACATTGGTTGGTGGGTATGTATGGTATGGTCGACCAACTCCACACACGACATGTATTACGTGACATATGGGCGCAATGTTGCCCAATGCTAGACGATGGCTTCGCCGTGGATGAGTCCGACGGTAGGGGAAGCGATCCTGGTACTTACTTTAGACTTTTACCATCGGCAAAACGGCACTGGGGTGCTCGGTCTACACTAGGCTTCGCTAACGCGCAGATAGTCTCAGTGGCAAAACGGAGGAGGGAACGGGTGTGCCAAG,311,53.7,Saccharomyces cerevisiae
SEQ_745274,CGAAAGCCCACCCCCCCACTCTTTACCCCTTACTAATGCGAGGTTGCTATGCCTAGTGAGGTTAGATCAGAACCAAGTAATTTACGTTGGGATCGTGAAGATAAGGGTGGGACAGTATGGTTCACTACAGCTTCGACGTATACGCTTACCAGACGTAGCGCGACTAGGTTGTGTATATAGCCCGGAGCAGGACGTGAATCCAGCAAAGGCGATTAAAGACGTAAGTCAAACCGATTCCTGGGTTTGGTGCCGTTTTCCATCCGCAACAGCCAAGACAGTATCTCATGGGTCTGCAGGGGACCTGAGCGTGACCAAAAAGCTCTCGAAGGAAAGAAGAGAGCGTAAGCATGGACGGTGGAATTGGCATGCCCATCGTGCACCTAGAAGTAAAGC,393,50.64,Arabidopsis thaliana
SEQ_134093,GCCGTTCTCAGTTTGATGGTAATTCCCCGTTGAACACGCGTATAGCTCTAAGGGATCTAACCGGCGTTTAGTCATCATTGCAAGTAACAAGTTTGTGTCTTTCCCTGGAGACACCGAGATTAGAGAGTCTATAGACCAACTGAGAAGTTCACCCACAGAATACAATTCCCCATTATAATCTTATGCTCTAGTCTATCATCCCCCCCTTGGCGGTAGCTTTGTCTTTCCGGTCATCCTTCAACATGAAAAGATGCCAATCGAAGGCTGACGTCACCGATATAACGCCTTTACGGTTGCCTATACAACACCTTCATGTATACGGTAGGTTGCTCAGCGTGTGCGAACGAAAGTATTTCGCGGGCCTATCATCCAACACTCGTGTTATTCAACTCGCACGTGTTGCCTTGATGGTTACTTCCCCCCAGTAACAACGACATTTCGGGCTTGCTCTGTCGGCTCCGCGGTAAAGAATAGAAAACTAGTGAACGCTAACCGGCATGTCACGCATGGCCATAGGTCCTGAATACAGCGGGAGCAGCGGCCTCCCGGTGGGGTGTCATGTCTGTTGCTCCCTTAACAAGTTATATAGCACACCTAGCGATCATGATTGGAAGGGTTAGATGTTTAAGTAACTTAGCGGGCGGCCCTTCCTAGGCTAAGAGCCGACGGCCGGCTCGTTCTTTGAGGCTGCGCATGGTTATTCCATGTTGTAGCTAGCCGATATCAACTCACTTGGCCGGAGGTGAAATGCACCTTTTCGCGTTTATTCGGTGCAATGGTCCGGTCGGCTATGGCCTTGTCACGACAATAGTGGAGATTATTGTATAGAAAGGAGATATAACAACCGGCCCTGCTCCTAACGCGTACGCAGCAAATGCTTCCAGTCACGATGCCGGGTCATCTTAATGATTGGAAAGATGTCTTATGCCCCCACCCTCGAAGGCTCTCTTTACTGGAGTATCCAGATAGATCGCTTAGAGTATCACTTTGACTGAGGCCGAATGTCAACTTGGTGGTATCATCTGAGCCCGTAGCTAAGCGGGTGCGTCGCGGGCTGTACGCGGTAATCGCGTATGTATTGCTACAGTATCCTCAAGCCGACAGAGTCTCCGACATAAGCCGGCACTAAGGGCATATCCGATGACGGCGCCACAGGTGGTTCCGACGAGCTAGAAAGTTAGCAAATGGGTATAGACCGTGACAACTTCGGCTGCTTTATCTTCAAACAAGACTTGCTAGTCTTAGTGCGTCGGAAGAGGGGTAAAGAGTTTCCGAAGTTAAGTAAGTGATGTCGCGCCTGTCAACATAAAAACGAGTCACCCGGCGTTGCATGTTCTAGAGAGGTTATGCTGCAATACGTGCAGTGGAGTCGCCTTGCAACGACCCCGGCAACTGGATGGGACGCTTTCGTAAGCCCGTGCAACGGACAAGCGATCTAGCGCGACAGTAATCCGCGTGAGAGGCTGTAGCCTAACAAGTCTTCATGCTCGACTGCGTCACGAAGTCCCTGCACTGCCGTACATCAGGTCACTGATGTCGTACCTAGCGTCCATACTAGGTTGAATCCTGTGTGAAAACCATAAAGTGGAGTATATAACCAAATTAAATTTCGTGAGACTCAATACCTTACATTCCTCTGCTAGTGTGTGGGAACACAATACTTGAACACGCGTATTCGCTGTAGAGTATTAAATCGACGGGATGTGCAGCCCGAGGGGTAGCACTTCGAATTGTGCTGGCCAAATGCGGGCCGAGCGCCCCATCTAGACGCAGACTATATGCCTGCTTCAAGTAGACCTAACCCTGACACTGACAACAGATGGGGCCGACGCGTAACAGCT,1841,50.03,Mus musculus
SEQ_865783,ACAGCGTCGCGCCTATTGGATGGAAAGCACTAGGACATGAGGGTTGGCCGCAAGCTAGGGTTCCCGCGGATCTAAACTACAAGTGGCGGTCTCGTGCGACATTTGAAACGCTCGCCTTATGAAAACTTCTCGCGCTCCCACGGAGATCCTCTGTTGGAGATTCATAATCGAGCCAGAACACGCCGTCCTGTCCAGAAATCGCTGCGACTAATAAGATATAACCTACGCATGTTAGGCTACCACCGTGTGTGCATGGGAGGCCCTTGACGTGGTTTGAGGCTACAGCTCTTGTACATTGACACAGCACGGGTAAGGTTGTTCACCAAGATCGAATCGCCCGCGTTTGACAGCGTTCTTATTGGCATATTTCTAGATCAGTTAACCGAGACTACGTGCACGAAGATAGAGAGATGCCCTTGTCTACACACACATATCTGTACAAACGCTTGTGGCCCATTCCCCAGCACCAACCCGCGGAATGGCGTGAAGCGTCAGCCCGAAACTCGCGCGA,511,52.45,Drosophila melanogaster
SEQ_530240,AAAAACTGCCGTCTTTGGGCTGGACATGTTGACTGGTCCGAGTACTGTTGGATAAACAGTATTTAAATACACACCGAAAACGAAAGCATACGACAGTAGACGCAACCCTCATGTGTCCCTCGAGACCGCCTCATCGCCTGACCCATTCCCCTATTCGAAAATTCACTTCATGGTTTATACGTCTTGAGTTTAAGTTACATCTAGTCACAGCTCCACATTGGTAACGGCTCTTGACTTGTATTTCACTTCGTGTTGCGCAAAAGTCATCACGTCCGCCCCTGCAACGCGCGCTTGGCATCGTCTCACAGTAAAATTAAATATTAACTAAAAGAATGGCACTCCACAAATGTAGCGTCCTTACTCCGCGTCCTCTGTTGGATAACGGGCAGGGCAATGATTGCAGATAATATAAATGGCTGAGGTTGGATCTCCCTTTAATTAGAAAAGGTTGTGATTTGAGGGAATAAGGTATCGAAATCCTAAACAAGGGAAAAAATGACGCGAAAGTTAGCCAAACCTATTCAATGCGTAGTACTCCTACCACGACGCCTTATTGAAAGTGCGTTCGTCTCCTGATAGTATCTACCCGCTTAGGGACCCATTATTTAGATTAGCTAATGGTTAAGGACACTCTCGACTGAAGTCCCTCTGGCATATGACGTTCTCATACCAGGGGGACTCTGGTACGAATGATCACAGCTTCAAATCGCCCATTAGGCGGAGGTCTCTTCAATCATCTACAAGAAGCCGCCTTCCTTATGGCAAGCGACCGTCACAGCGAACACTAGCTCCGTAACTCCAATCTTATACGGAGTATCATGCGAACAACCAGATAGCACC,840,45.6,Escherichia coli
SEQ_526725,GATTTGCGATGAGATACAGGTAATCAACATCCTGCGGCGCCATAATAATCCGAGACGAAGTGGGGCTGATAGGAGTATATATACAGCACCACAGACTATCTACAAATATGTGTTCAGATGGTGCATATCGCAAGTGTATGGGCTGTTGGGGTCTGAAGGGGTCCTACTAATAAGAGGAGGCGTACGAGCCACACCACGTCCGGAGTGCGGCGGGTTTGGTATCAAGGTACGTGAACCGAAGGTTTAAATCGTCCTAAATCGCGGCCAGTTTTATGCGCGGTGCTAACAAGTTGTTTTTTTCTGTGGGTAGTCTGCCGCGTTCGGGCAGGTGCATACTCCTGGTGCAAGCAGTAAAACCACTCAGGTAGTGTATTAGCGAAACGATATTACGGTGCACGCTTTTCTGACACCTAGGCCGAATTAGGGGGCCTTTCCCTCTATGTCATCTCAGGAAACACGGAAAACACTCTCGGTTGGTGTACCCACAGTCGCGACGCAGTGTAAACAACTCCAACCCTGAGATGATGCACAACCGTTACGTCTACGGTTAAGTAACAAGTGCGTGAACGGGATATCTGTGGGATAGATGGCCGTTGGCGTGGGAAATCTTGGCAGCTTATACTTTACCGCAACGGGCCCTGCACCAGACCGCATTAAAACAGCAAGGCTAAATATTGCAGCTAGCAGGCAGGGCACGTAGGATGGGGCGCACAATGTCCGAGCAAAACGGAATGATTAAATAATTCTACACAAGCAAGTAGGTACGAGCTGTACTCACCACCCCTCCCCCGTCGAACCAGCATCTAGACCAAATTACGGGGGGAGACTTGGCGATATGACCTTGAGCGTGCGCTCGCTTGTCCCTCGTCATGAGATCCTCAGCCCTCCAGCGTTTTGCCTTAAAAAAGGACACCTGATTAATTCGGGTTTTTTATACCAACTTCCGAGGCCTTCGAAATACAGGGGTCGCTCCTCGGAGTAATACGGAGTGTCGATTCGACCCTAGCAGCCAGCCATGTCGAAGCTGTAGGTGAGCCCCATTGCAGGAGACTTCGATTGGTTCGGGTCAGCAAGCGCA,1078,50.93,Arabidopsis thaliana
SEQ_666431,TTCGGTGCGTATATTAAGTGGCTAGTGCGCTGCACTAAGGATACAGGCCGTTTGAGTTACCGTAGCCCCGGAGAAGGCTCACAGTCCTTTCAAACATGGATTGGACCGTTCTGCGTTTGACTGAGACAGCGTAGTAGCATCTTCGATCAGCTCACTACACTCCGCCCTCGCACCTCAGACCAGTATGCCGACTACTAAGTGCGAACCGCTGTATAATTGGGAATGACTCGGGAAGCTAGCACTGAAGTCATGGAGGAAGCGGCGATAGAAAAGCTTCTTTGGCACTATTGACTGGCGATATGCTCGCCGCAGTTGCTAAACCTGCAAATTCCCCGTCACTTTGAGTGCTTCTGATACGACTCTCTTATCTCGGCACTTGCTGACTCACAGCGGTCCCGTCACGATAATTAACTGCAACAAAGCTTGTTCTGTACGTATAGAATTTCGCCGAGACTTCCTTACTAATGAACAGAGTGTCAAGCATTCATTACACGTTTTTCGGACAGCGTCGCATAACAACTACAGTCCGCCGTCCCTTACTGTGGTAATGAGTGCGTTGTTAGCCACGAACTAAGACTCTAGATCTCCGACGCACGGTTGCCAGACCACCCCTACGATAGAGGCAAAGTTATTGCTACGGTAGACTTAAAAAAGAGTCTTAGCTTTATGAGGGCGGTCTAGTGAACCTCTTGCGCTTGATGGTCGGATTACGGTCAGCAAGGAACCTTCGTTGGCCACGATGACTTGTCGGTTCTAGTTCAGCCGGGATAGATATCAATAAAGAAAAGAAGTCAATAGGGGGAATGCGAGCCGGTAAATGTTTTCATCGCTCTTGACGGCGTACCATTTACTGATTAGTCATGTAGCAGTTCTGGCTCAATTCATTATCTAGCTGACAGCATTGCCTCGGAAACTAGAGTATAAGCTAAGCGTCTAGTATAAAATAGGGCGAGGGCCGTGGTCTGCGTCTGGCGGCTTTCGGTGTGAAATCACGACTCATGGGAGAGGCGACCTTCGATTCGTGAAGAATGTGCGTTTCGCTATTCGGGTGCTTCAGGTGGATAGACTCAGTAGACTAGTGACGCGGTGTCGGAGACCTTAGTCCAGTGTCGCGAGCTTATCTATTCTTTCCACGGTTCCCGCGAATAGACGATAGACAGGCTGGAGAAACCATAGCTGTATCACATTAATGATTTATGCATTGATGAGATCTTCCCGCAGTACCTCTAATTAGGGGCGGATGAAGGTACTAAACAGAGCCGCATAGGCTGGGAATTGCGGTTCTCACCGCTCAGATTAGGAACAATCTTAGGGCTTAAGGGAATGCGTCCTGTATGACCTTTACCCATATATAGTGTAGGCAAACGATATAGACATTAGCACCGAAAACCTGAGAGCTAATGGTCAAGTTTAAAGCATCTACCCCTATTCTCCGGTTTTTTTTTTGCTATCTAAGGCATGTCATACG,1468,47.82,Mus musculus
SEQ_634192,GAGACGCGTGGCGTGGCTGAACTGTGACAGATTCTCCATCCTGGTTCTAGCATTACACCCTCCATAAATGACTCTTGCGGCCTCGAGATCTTAGTACCCTCGGTGTGATGTCGGCACTCTATAGGTTCACCGGGGGGCTACCACACCGTGCACTGATTACGATCGTGCGACGTCGTCTTGGTCGGTTTGAATGATGTGCGTAGTCGATACATCGACGGATTCGTAAACGAGTCAGGAGACCCACTGTTTACAACAGTGGTTCGCATCTGTTAGTGAACACCCTGATTATGACGGCCCTGAATAATAGGCGAGAATGAACTCGCCGAACGTCCCACCGAGGATATACTGCATCTGCAGATTCTGCCGAAGCCGCAAGGTGCCGGCGCGCAACCTGTCCAGAAAAGATTAAGTCGTATCTAGATCTAAAGGAGTTCCGTGACCACCACCCCGGTACGAACTATAGCTGTCCTGTCGTCTATTGCCGCCTGACCACACTTTTCGTAGTTTGGTTGAGAAATCCAGGTTATACTGCTGGGAACCGCTACGTGCGCTGTACTTGTCGCGCAATCTCTTAAGCAGTTCGGCCTCCGGTGGGTATCAAGGCTGAACACCTCGTTCTACTAGCACTAGCACCACATACCAGCAAGGTCCTTGTCAAGGATAATTATTAGTTCAGACCTTGTCATATTATCCATTTTGAATGACAGGACCTAGATCTCGTAACGCGCCGCCCCTACCCATGCACTACCACGTGTCCAGCGGGTTTTTCGCAGTCAGGACGTCAATGGTATCAAGACTCTGAACCATCGCCACATCATGCAGGACTATGCCCGATGTTCTGCGCGGGCTAGAAGAAAAGGAAACCAGCTCCTAGGGGATCTTGACGCTCTAAGCGATTGCGGAGGGCCGAATACGGAGCGCATTCGGAGAGATGGCAGGTGGGGGTAGCCACTGACCCGGCACGTCCGCGGTGGGTACTCGTGCACGACGCTGTTGGTTGTCGATGTGGATACTTTAGGAGACCTTTGGGTCAACTTAACAAATATGATGGG,1052,52.38,Arabidopsis thaliana
SEQ_192480,TCTGTCTGTGCATACAGAATCGGCAAGTATAACAGCGCTTAAGTTCAAGAGCGCAAAAGGGTGGGGTGGATGGATAGCTACCAGACTCAGGGTAGGTACCTTACACCAAAAGATGCATAGTAGCTTTACTCATGTACACATAAATAATAAGTGGCTCTACTAGCGTAGGTAAGGGAATTTAAGGATATATTTCTAGTGGAGGATCGACAAGCCCAAGCACTCCCCCTTGCTCACCCGTGTTCCCTCACTTAGCCCCATCAGATTGACTACGCTTCTTAACGAGGGGGGATCGATAATCTTGTGGTTGTCTTAGATTGAGCCATGCTGAATTAGAGTGATCGTGTGCCTGGGGATCCCGATGTGCTGTGGCATTATGGACAGGTTCGGCCCATGACCTCGTGACGCTACACCTGGTATAATTGGATCTACTTACGCCACGGATAAATCGGGCCGGGAACCTGGACACGCGCTAGCACGTGAACGTACCTCTACGTACATGCGGCCGATAAGATACTTCCATCAAAAGTTACTAAGTTTCACGCTCTAGATAACATCGAGGACCGTACGTCTGGTGCTTCGTATCGTGCATATCCCGACTTTCCGTTTAATAGCTCAACACAGG,622,48.23,Arabidopsis thaliana
SEQ_501008,ACATAGGCATATTTGAGTGGGTATTTTGTCGAAACGCTCACTTACCCGGCTAGAGGGTCCGGATAGGCGGGACGCGGCAATAAGCAAGTGTTGGAGTTCTCGCCTTCTTATGACATATGAGATGCCTTCTTATTCGTCTACACAAGTTTAAGCGAGAGTTACATTTCGGTGTGATCAAATAGGCGCGAAGCACCCCATAAGTTTCCTCAAGAACGGTTCGGATGCGAAATGAGTTTTAATACCTCTGCTAAGGAGTCTGGTGGCTGTGTAGGGTTGAAGCTTGTATAGAGGACCTATAACATATCAACATGGTATAGAATACTATTCTATCCCCACGAGCCCGTTCGCTCGAACGGTATCTACGTGACTTATGGCTTACGACTTTAGGTGCACCAGGACTCCCTGGTAGCACGATCATCAACGGCCCAGCTGCTGGAGAGAACAGTTGCAACAGAATGGCCCCACCGTGGTCTAGGCGTGGGCCGATTGATAGAATACGGCAACGTCGCTGGCATCTTTAGGTCCGTTGTGGCGATCGAACATTGTTGCATTCCGGCCCATGACAAGAGGCGTGTTTTTGCAGCGAGGCGTCCCAAGGGGGAGCTGTCCCGTAATCACCCGCCCACTGAATTCGCGAGAACGCGGGGGGGCAGACGGCTAACTGATTTACGATACACCATTGTCTGTCGACTAGGATACAGAAGCTACGGAGTCCTTTACTACTGCGAGTTTGATTGGAAACA,743,50.34,Mus musculus
SEQ_814410,CGCTGCTTCGCCCCCCTGGTTTCCTAACGGTTCTGAGATCATGGGCGGTCAAGTGGGGTGTGGCTACGTAATTCTTCACGGAACACCGTCGGAAACGAACGGTGGATACTCTGTGCATCGCTTCGATATGGATAAGGGTTGATAGATATTTTAACGCTCTAAGACCGATACTTTTACCCATTACGAGAAATCTCGCCGGAGCCCTGACCGTCTCCGCATAGCCATAGAACTGCTCCCGGAGGGTCTCTGTGATACGTCCTGTGATACTGACCACTATATGGCCGGTGCCGGATGCACGTGGTCTGCCAACTTAGTCTTCCTCCGATCGATATAATTCTTTTTGTACTCCGGAGTCCAACCACCTAGTATGTTCCCCGTGCAGAGTATTTTCGTGGCTTTTGTCTATCTGCATGGCTGTCAACTCACCAAATGACTCAGCGGTAACCGGGCGTTGACGCCATAATCGTGTGAGTGGCGACATTGGCCTAGAAGCAGGAACGTACTAAGGACATAGCAATCGAACCCGGTTCCCCAACGACAGTCCTTTCTGGCGGGCGGCCTTTCTTACAACTCATACTTTTGGAAAAACAATATATACTAAGCTAACATGCCTCAATACTGAAGTCGTGGTCCTAAATCGGCCGATCACGAGATTGCATGTGGCACCAACCACAGCTTACGAGTCGCGTGATACTTTTCACAGTATCAAAGGAACGACCCTTCCATCTTGAGTCCGCACGCCTGACAGGAAACTGAAGGACCGACTATCAATGGCGTATAATATAGTCTTGAAGTGGGCCTGTTCTGGTCTATGCGTAAAGACAGCATACTCTGTCGAGATTAACAATCAAGGATGGCTCAATCCTTGGGGCCGTGCATGATGTCATAGGAGCAACATGTGAATGAACCCCGCTCTGAGCGCTTTCAGGCCCATTTATCGCTGCAAACTTACAGAACCCAGGAAGAAGGTTAAACCATTCCCGCCGACTTGTTGAGCTTCAGGGTACTGCCAGGTTTCGCAAGGCTTGAGCCCGAGCAGCCGGTATGGCACTAAGGCATCCTAATCTAGGTCAGTCTTGGGAGTTATATTCAGTTGCCAAAGGCCGTGTCTAACGGAAAAACAAATAGACTATACGCAGGTCAGGACCGCGTAATAGCAACTTAGTACTCTACGTTCGCTAAAATGCGGAACTCATTAGCTTATATGAGGGCCAGGTTCATCTCCCAGTGCACAATGTGGGTTCGCCTTGTGTACAGTCTTCACGGCTCACGTAAGTAAACAGCCATGGCACACAATGGTTTGTAGCGCGGGAGTCGTGAATCAGGACTGGTCCGAAATTTCTTCCTTTGCGGTTCACCGACGTTGTTAGACAACGTGAGTGGGGTGTTGAATCAAAGGAGGACTGTGACTTCGGAGTAATTGACCCTATCAGTAGTCCAACGTCTGGACCACACCTTGCCGTCTGTCCGAACTCCGGATATTCTGGGCGATGAGGGTAGTTACC,1505,49.83,Drosophila melanogaster
SEQ_213457,ACAATCTGGCTGGCTCGTCTTATTTATAGCAGGATGGGGGCAAAAATTGACTAGACCCAATGACTGTCGCGCTACTCGGATCTATGGCTTGCATGCAGCCTAGAGCACAAACCCATCTAATTAAAAGATCTATCTAACCTTTCATTTTCGGATCGCGGAGAGTTGTAAGCTCACATCTACGAACTAATCTGATCCCACACACAAAATTCCTTACGGCACCGTGATGGACCGTCCTATGAGATTCTTAACCACTTGACCATTGTTCTGGGACTGCGCTTACGGTGTGGCCGGTGAAACAAGAGGGAGAGTCCTATACTGTCACATGCTTCTGACCAAAGTGAGCACGCCTGTAATATACATTGTCGTCTACGGGGTGCTTTGCGCATACCAAAGATGAGCTAAAGGTATCGTGTCAACGATAAATGCGGAAGCACGTATTGAGTCCGGTCGAGAACGTGATAGGCCCGCGCAGAACTCTCCGCTCCAATACGATACTGACGGTCTGGTACATGGGACGTCCCATTTCTCGGCGACTGTATGCGAATCGCGTGTCATACATGACGATCAAATCCCTAGAAACCCTGCTCGCCTGTACCGGGACCCATATTACCATCGAATTCCATGTACGTACCTTTTTTAACTATAACTTAAGGGATCCGTACTAGCTAACGGTAGAGTGAACAGATTATCACGTCGATCACCAGATGCAGGGAAATTCTCAATCGACGGAAAAGACGCCTCTATGCGTGCCCTGGTGGTCCACCTGCTGTGGCGTCGCGAGGTAGATGGAGAGCAATGAAAGAACTATTAATACGTCCATTGATTCGATGACGTTTAATGTAGAAGGTCTCTCCACCGCGCCAAATGGCTGACGTCCGCGTCTGTATGTTGACCAAATGGGCCGTATGGTACTATTAGTCCCATAATAAAGGGTTATAACACCTACTTCAACGGCGAACGTGAACACTCTTGGTTTATGGTCTAGCCTCATCTCATTCCTGCACTCTTAGTTGTTCACCACTTGCGGTCTGCCCCAGATTGATGTGTGCAAAGTGGCGAGTCATGACTGGAATTTAGTCGTGGCGGAAGTCCGGTCATTCGGCATGACAGGGGACGTTGCGAGTCGCCGTCCTAAATGCTACATTTTGGAGGTCGTCATCCACTCCATATGTGTAGGGGCTACATCGACCTATGACACTTCGTCTACTGGACACCCGAAATATGGGTTTGTGAATCAGGGAGATACTAGCTCTCAATAAGTTTCACTACCTTATGAGGAACAGGGACAGTGTTGTCCGGAAAAAATGCCGCGACGTGTAGACGGCCCTCTGGTACTCTAGGCACTTTTCTGAGCGGGGTCTAACGT,1366,48.61,Caenorhabditis elegans
SEQ_189638,GCGACAGACAGGACTTAAGAGCTGCGGTAGCTTATACCGTTAGGACGCATGGTGTCTGCGGGTCAGCACTTTCCACGCACAGTGGATTACGAATGTTTTCGGCGGGTATATGCTATATTTTGTAGTCTCAGTAATAGTGGCGATGGATGGTAATCTTCTTCGTACTGTTGGCTCAGATACATGCTAAGCCAGGCAACGGGCCGTAGGCGGATGGGTATAAGCTCTGTTGAAGCATGATACTCGATCCAGAATCAGGTTCTCTACATATACCTGTGCTGGTCCGGACACTTGGCATCCCGCGTAACAACGCAAGATTCTCCTAGCTCGCGGTACTATCCGAGCCCGAACTATGATACTGTGCCCCTGTGCGAAACGTGGTGCAGCTGAAGCCCCATAGGTCCATGGCTTTCCTACTACCTGAGCTGCCCGGACATTCAGAATCCCTAGGTACTATGAAAGCCTATACTTCAGACGGAATGGCCATTTTCTCACTTTGATCACAATAGAGGTTACAAATAGTCGGTCTTTATATCAATACGAGCAGATGTTATCTCACCTGCTGCATGGCTGGCATGTTGTATAATAGGTGTCGTGCGGCCCGAGATGTGGAGCGCCCCATAGTAGGATTGCAAACGATAGCCCGGATTACGGCGCTGTAGTATCCACAATCTACGTGGGGCAGCTGGCGTCTTGGTACCTACTGCACTATACCTTTTAAGTCGTCGTTGAACCCGCTTGCGGACACCCTTTCGGCATACCGCGCGTTTACAGACAGGGTCACTACCGAGATTCCGAATCCAGCCCACTCGCACACCCTACTGGGGGTATAGAATATTCCACCGCTTGAGGCAATACGCTCCGGGAAAGGGAGAGCCGTCGAGAGTATGTAGAGAAGACCCATGGGCGCCAGTTTATACACGGATGACCTTTTCGTAACTGAGCGTACAGTGGCAGGGTGCAGATTTAGCTCCAATTCGTACAGGAAAAGCATGTTAGCAATACTCCGTCCAGTCCCCGGTTATATTCATGGGAAGAACACTGTGGTCGCTGTTTCGAAATCAGAATAGGTTATGCGAGTTAGTAGACCACGATAATAAACTTCTGGCGCATTCCCCAGTCCTACTTCGGACGTAATCCACCCCACTTATGATTCCGAACAGCGGTGTGACCCA,1172,50.43,Drosophila melanogaster
SEQ_491806,CGCCTGAATAGAGAATTGTTTGGACACGCATTTGACATGTCATCTCAACACTGCAGTGGGTGACATCTGGCACTGTGGCCATTGTATAAATATGTGACCCCGAACGAGTAAACGCCCAGATGTCTGATTGAGATTCCAGTCCCCCAAGCGTGCTCGTAATGCAATACCTGGGAGCAAGAAAATGAGTAAACTCCCTGGAAAGGTCCCGGCAGGATGAATAAAGCTCTGGGCCGCAGTGTTAGAATGTGTTCCATAGAGGGTTCAGGCCGGAATGAATATGACTGAACAGACTGACTACTTATGCCTTCGCGTTGTGGCAGGACCAAAGAATAATTCTATATTTTATTAGCATTAAATAATGCGTGGTCCGAACTCCTTACCAAGGTGGACACCGACGGAGCAACTCACCTCAACAGGAGATCCCCCGCGATAGCGGGTTGTTAGAAGTGCTATGTTCGAACTTGCATAACGTACTCACGGACAGGCATCTGTTAGAGCGTGGTAGTCTTATCGGTTAACCCGAAACTACATGCAAAAGTACTAGGAACTGGCGAGGCCATTGAGAGAGAATTGTTGGAATTACGATCACTAGCGTTCTGAGTCGGCCCAATAAAAACGTGACCAACGGAGATTACCTATATACGCAAGACCACCCCAGCACTTACGGCATTGGAAGGTAATATAAACAGATAGGAAAGGAATCCCTATCTATCAAAACTGCCCGCAACGTCGAAGGTGTAGAATCTTTGTTTCAGACCTGGCAAACTTACCCTTGATGAAGCCTATTAGAGTGACCCATTGTAACCAGATGGCCTTCCTCATTATGATCAAACGTAGGATCTGTGCGCAGTGTATCCCCCACAATAAGCAAAGATCTTCATGCAAGCGCTTAAGCTACTGATTCGGTTTAATGTCAGACTCATGGAGGAGTATCCTTAACATTCCAGACGGGATTAATGTAAGGTGTCCACTCTCCGTCGGTATGCATCCTCACAAGCATGAATGGCGCCAACTACTAGAGGACAAACAGCACGGTAGGTCTTTTTCTCTGGGCCGAATTTGAACACGAAAGAGATTATCCAACATGCGTAAACTTTGACAATTCTGCCA,1110,46.13,Drosophila melanogaster
SEQ_425300,AAGTCATAGAATACGGATGACATTGTCAGTGAAACCTCAGTGTCTCCACGTTCCAGTTGTTCGAAGGGTCGGAGTGAGCTCAATGGCATGTAGCCCTTATCCGTTGCCGCCGGGGTGAGCCACCTAGCCAATCGAGTAAACGGTTGTCTACTAAGTGGTAGTCAGGTCCGTGGAACGTAAGCGCTATGTCACTAAGGTCAGTCGGATTTTGATCATTTTCCAATTGCCCACGAGACAATAGATCTTGACTTAATATGTAGGAAGTCCTATATACAGTAAGGAGCCACTATGTCTACGCGACAGAGTCACGTTAACC,316,47.47,Caenorhabditis elegans
SEQ_415277,GTCTGAATCACACTCTTTTCGTACGCAAGGAGAACATTAGATGCTACTTATTAAATCCACGGTGTCAGATGATTTTAGTATGAACAGATTCCAACAGACTATTCATCGATGCTTGATCATTCTGTCCATGTTTCCCTGGAGACCTGATACCAGCCAGAAGAGCAAAAGCAATTTAACCTAGGCATCGTACTCTTTACATCGGTGAGGGAACTAGCGACGACCGCCCAGCCTAAAGATAGTGAGCACGACCATCGAGTGGCCGTGGGAGTCACACCCTAGCGAGCCCATGTGTATCCGAGAAGCTTCGTCCGACTGAACTCCTTAGGTACCTTATGCGTCAACGTCACCAAGGCGGTGAATTGTGCCTCGACTGAGATAGGGATTACCATATTTACGGAGCGGAGTCCATGTAAACGATCGTATAAGCAGCTTTGCCACGAAGAGGTTAGGGCTGATGGCGTATCCCTGGTACGACAGCCATTCCGGCCGCGCCCATACAGGTTGGTTTCCCGCGTCGTGCAGCCTCTGGGTCTAGACGGAAAGCAATTTAGGGTGCAGCTCATGTACGTCCATGGCAAGAGCATCCACCGGAATAATGTTTCGGCTTACCGGTTAGCCATTATCGCCCAGCATTCCGACAATAAATTGACCGGACCAGCCACAACGTATAAGACCACAGTCTAGGGTCGGGGTAAGTGCGTTGGAGAACCCGGTAGAATCACCAACTGCATGTGGCTAATGTTGTGACGTGAGACTGGAGGTAAGGAGCGGCTAGAGCTCCTTATAGTGTGTCTGCAATCCAGGATCACTCTGAGTATTATTTCTCTTTTTGAACACTCCTCAGGAGTCAAATGGCGTGATTAGATAGTCCAGCGAGGTAATCAAGGTTGACATTATCCACCTCTGACAGACATTTACGAAGGCGTGGCGTCACGGCAGGAATTAGCTAAGGTCTTGCCTATTTCGATTTTCACAGAGGGGCAACAAACCGTTACTCCGCGCCGGAAAGTGTTAACTAAACCATTCTGAGCCTCTCTAACCCCGTATTGCTACGGTGCAGGGTGCTATCTGGTAATGACGCGATTCCGCGGATCTTTCTCGAGAACGTATGATTTAAACGGGCATTATAAGGCTGCAGGACTAGTATTCCTACAAATTGCTGGAGATCGCTTCCCATGGCGCGCACATGATCAGGGCATGCGATATCTCAAGACTAATATCAATCGAGCCTGGGGACCGATCCTCACTGCCCGAGCTAGTTAAAGGTCATTACCAGGGATTTTTCTCACCTCTTATACGCCGAAAGTACTCTTCTGCCATGCGCACGAGTAGACTCTGAATGACAAGGTCCGACGTTTTACTTTCACTTCAACAGTAGAATCCCGTAAGCTTGGGAACGGACGATTAGCTGCCCTCCCGTTCACGACCTGCCGCCTCTGCAACCCATGAGCCTCACGATCCCTATCGAGCCGTCTTGTGGGCATGTGATACCAACCGCCCTGGGTATCTCTATGACTGCGCAGCCTAATAATGGATTGAACGTACGTGTACGACTGCTATTCTACGTTAAGCAAGGTGAGTGCGTAGCCCGGATGAGTCACAGATCGAGAACGTTGTTATGAGCCTTCTCATTCCACTTACTGTCCCGCCCACCTCAGCGGAACCATCCGAGACTTCCGTTTTAAAAGGTAGTCTTCTAACAGTAATCTTCCTTTCAACTTCCATTGACAAGACTAATGACGAATTCTATACGGCACTTACCTTCGCATCTGAGTGTAGCATACGGTCCACGAATTGATCTCCCGCCTGGAGGGCCGCGGAGAGCGCAGTGCGGCCCAACAAGTACCACTATTAGAGGGTCCTCGTCCACCCACGGCAAGGCCAAATGCTAAAATCGCTCTCCCCTAA,1908,50.0,Escherichia coli
SEQ_684769,GGCCGAAATATTACAGATCTCGGTTCGTTGCCAGGTCACTAGTCGAGCTAAGCGCGCCACAGTCTCCGGGGCTTCCCGGATACCGGACGAACATGCGTGGGCACGGCACTTTGTTACCTTCACAATACCGAAAACCATGTAGTCCGAAAACCAACATTCAAGTTAGGCTTAATCGCGTTCATCCACGAGTTGAATCCCAAGTACTGCAGTTATGTTCTTCAGTTTACGTCAGTACTAATACAGACGGCTACAAAGATGTTTGATTCTCCAATCTGTTCTCGCGATACCTTCCAGACGGAATTATGTAAGTCCGTGCTTACAGATACAATCGAGGCCTGAAGACACCTTCGCGCCTTGCCGCTGCTTCAGTAGCGAAAACTTTCAATGCATGCAAGTGCCTAAATGAAAAGTAACCGGTAAGGGCGCGACACAAGATACGCAGGCGTAGTCCGGATAGCCTCCAAGTTGAGCGCAGTGCAGGCGGCCAAAAGTATACCCGCTAGTTCAATCTTAGTATTAACGTCGTCAAATCCCTTACCGCTAGTGCCTCTTCTCAAGCAGCGCAAAGTAGACTTCATCAGCGCAACCTGGCTTCTTCCTAGAATCTAGTTGTTTTCACGAACCCCACTGATGGCATCCTGGGAAGCGGCCGTAAAGGTTCGGTGAAACACATCTCCTTTTGCGAGCTTCAGTCAAGATCCACAGTTTGATATCGACTACCCTCTACATGATGCTGCCTATGTTCGGTCGTAACATCGGCGCGTGTTGTGCGCGTACCATGCAGACGCAGATCTCATGGCACACTCCTTCCTTAGTATTCGGTACCGTGTGAAGCCGCAGCCCGGGTGAGTTCCACGTACAAAAGATCAAGTTCGTTCGAGCTCGACTATCATACCACTGTGTAAAAAAATAGGACTCCTAGTTGATTTACTGTAACATGCGATCAAAGGATAACAGAACATGACATGGCGACTCGGTATGGTGTATCTTCAGAAGAGCGATCGACTCACATCGCTATGAAACGTATGGAGCAGCCTAATTTGCCACAGGCAAGGGGAACGTAACATTAGCCGCAGGCGTTTCCCTTAGAACTTTCATGACGAGGAACGTACAACCAATGGGACCCGGGAAGACAAAGCGAACGCGACACCATGTTCAAAGAAATGGGATACTGCGTGTATGGAGGTAGCAATGTGTGTTAAAAGATGATATGGAATCCTAAAATTTGCTCGGAGAAGGAAGGCTTGATAACAGCTGTGTTCTACGCTTGAGATGCGACCTGTAGGCATGAGAATGACGCGACTAGCGAACGAAGTCCCGATGCCAGTGAATTAACGAATTAGGCAATGCAGGAGTTTATAGTCGCGGCAAGTTAAACAAGGTTGCGTAAGCCAGAATCGCAGACGT,1407,48.4,Homo sapiens
SEQ_978073,CTGAACTTTTACACGTAGTTGTCCTACACATTCGTTTAAGAGCATAATAAGGAGCACTCATCTGCAGGTATTTGTAGGAGGATGTAGAACTACGATCCTAAGATGGGAGGTCGGTCAATGACAAAGGCTACGGTGCAACGAACCTCCAGCGCTAGCCGCGGACCTACTGGGAGCAACTCTTCAGTGATAAAGTGGTTTCCACTAGGTCAACTATGCATCCGTATATTTCTCCAATGATTTCTCCCTATGCATCGAGGATAGAGACGAGCCCCCAGGAGTAAAACTTCGCTGTGGGTAGGATATGTCACGGTGTGAAGTTTATAACGTCCCACTCCCCAGGGTCCACTCCGAGCTCGGGCAATGCCAAACGACCGTCTATATATTGATTCGTTACGACTTGGCCGTCCCCTAAAACCACATGAAGGGGCGCAACGCTGTGAAAATCTGGCATAGATCGACTATTTCGCCACAGCCCGCGATAGTGAAGTAGGGCTTGAAGCTTCAAGTCCATAACTACGAAAATCGGGATATCCCATCCCCCACAATGGATGAATTTCCAATTGCTTACAGACATTGCTAATCCCCCACCACGCGGGCCGGGGTTCAAGCCCGCTGACGTCGGCCCTTCTGACACAAACATTATCGCGCGCGGTGACTCACCCCCAGTAGCTACCACGAGCCCCGCAGCCGGGAGCCGTAGTGCCGGCCTAGATCAGGTTTGCTCGTTTCCGTACGGAGTGGTTAACGCGAGAGACCGCTAGGGCGAATATTTCTTCCGGCCATTATGTGAGAATGCTACGTGGGGAAATCGTTGCT,816,51.59,Caenorhabditis elegans
SEQ_848964,CTCGCGGATCTTAACACCACGCACATCATCCCCTATTCTAGTACGGAGCTCCGATGGGTAATACTTGTCTATTTGTGATGGTAGGCTCATCCCAAGCCTGAATACCGATTGCCGAATACGAAGCCGCGCTTCCCAAAGGGGACCGCTACGTAGAGGACATGGCATCCGGAAAGAGAGCAGGGTCGGAATGCATATTAGTATCCATCTGTCAATTGCTGGTTCTGGACCAGCTCAAATCCACTGCAGCTAAGCGACCCGGAGCCCTTGTCTGGCAAAAAGTTACCCACTATTTGTCCTCCTGCTGTGTCGTGGGGTCGGTGCAAAGACCGGTGAGGTCGCAACTGGGCGACCAACGAAGTCTAACTCGTGCGCGTAGGCGCGGGAAGGCTTAGGGCGGGTGACTTTGGTGAAGTTATTTGCTTGGTTAGTGTAATACTTTCAATTCAATCATGAAGGACTTCGAACCGTTCCGCGGACGGCCTTAAGTATACATCGTCTTTTCAACGATTCGAATGACAGCGACCCAGAGATTTGCATTGACTCGAGAGCGACATCGTCCCATAACACAGATAGTTCGATGCAGAGCGCAACGGCCTCCAGTCTCAGCGACAGACTGGAGCCGCTATGGCACGTGACAGCATTGCATGAGGCCTCCATCGAGAGCAGACGTAACTGTACCTAACAGGATCGTCGCAAGCTCGGTCTAGATGACTTGCCTCGCGGATATTTTTGCGTGGTGCTGCCTGTACGCAAAACCTGGAAGCTACAATCTGCGATAAGGGCAAGCAAATCACCAATGACACACACCTAATCTGCCTTGATGCCGACTGTGGACTTAACGGCGTAATGTCCACCAGATGTAGCGTGGGATAACTGTTCTCCCGAGATGCAAAGATGACCTGACTATGTACCAGGACTATCGGAGCGGCGGGGCGACAAACATGCGGGTAAAAGTCGGTCTAACTGCAATTGTGTACGAAGGCATTAATCGACCTGCAGCCAGAAGCTAATGATGTGATTGACGAGGTTGTGTCTGGGCGCAGAAGAGTTCTAGAGCAGTTTAGATCGCTATCTTCGCTGTTTATCGTATGATAGTGATGGAAATCCTCCACTCTACTGGCCGATACTATCCCACCATATTTAAATCTGTGCTGACCGTGAAGGGACATCCTTGCATCGGAACGGCCTGCTTAGCGGGTTATGGCACCGCGCGGCCGGCAATAGCGAATACGATTACAATAGCTCCTTTGTGAAGCGGCGGTTAAGGGGTAAGTTATTCTCACGTTTGACAATGGTGCTGCCTAGTACATCGGTGCAAACCACACGGTTCCACTACCCCGTAAGTGCGCTTTCTAGGCGTCCAACATCCGACTTAGCTAGGAACGGTTATGCCACAGCTGAGCTATTAGTTATTCCACGGTGGG,1424,51.26,Caenorhabditis elegans
SEQ_217035,CCTCCCAATGTTTCGAGGACCGTAAAAACTCATGAGTAGCATGCCACAGTCGAGCGGGCGGACTCTTCCTCGGGAGAAACAGTAGAGTTCTATACTTACACGATGCGAACGTTCGACCCTCAGGTTACCATCCCTCAAAGAGGACCCAATTTAATGAATCGTGTTTTTTGTGCGTAGACGAAGCAATGCGCCATCGGCTCACCAACGCACCGAGAGAGTCGTCCCAAGATCGCTCCACAAGATCTCTGATCCTGACAATACTACACACATAGGTACCAAAGTAGTCACACTACATATCGGGTGTGTAAACAGCTCGTGGTTGTATCGAAGGTGACCGCCG,340,50.0,Escherichia coli
SEQ_784806,GCCATGAGTCTGTCGAGGTATAAGGCGAATTTACGTCAAGTCATGAACAACATGCAAACGAGCGCAGCGGTTCATTACAGCATTTGGTTGGTAACCCAACCAAGGAGAGTAATTCGTCTCAATCCCGCGCTCTCAAAGTTTGACTACAGCCCTGCACGGAATTGTAATAAGATAAACCACCTGGTTGGGCCGGGAGGGAGGTGCACGCAGACAGTATTTACCCCTGGTAGCGACATACGTCGGCCAATTCTGCTGCTATCACATTTTGCACTACCATTCTAAGTGAATGCCCAACTCAAACGTCCTTAGGAGCTTTAGTGAAGGAACGTGACCTTAATAGCGTTAAGGTGCGTGTTTAGGAGTGGAAAATGAGCCTCCTGTAATTACTGGACCCGTAGTAACATTCTCTAGTCGGAAAACAATCTCTATGACAACTTACCCCATTATAAAGGTGGCTGTTGAGGCAGCGGGTACTAGAAAAGCGTCTGGAGTGTACCTAACGCTCTTGGGTGTCGTACTCGCTCTCGACCCCGCGCGGAAACTCTGTGTACCGCCTATGTTAGGCGTCCCCCGAAGGACATATGGTGGGCAAGCCCGCACTACATACTCCCTTACCAGCTTGTGCCGGGATCGTCGCATTCTCGGGCCTTTGAGACAGAACATGGGTATTTCCGGTCTTTAGACCCCGGTTGGAGCAACCTATTTTTAGGCCCGCTCGCTGTGCCACCGCAGTAGCGCTAATAGTAATTATTGTACTTTGGCCCTAAAGTCAGCCGAATAGATCACAAGTATAAAAGCGTCGGTGGGAGTCAGAACTAGTATTTCCGGTTTCACCCCGATACGACGGATGTCGAGAATTGTATATGGTGGAATCAGCGCAAACAGCCTGTACTCCCAGACATACTGAATACGCGACTTCGCTATAGACTGGTCCCCCCGTGTCTTGTAGGACGCCCTGACAAGCAATCGTCGCCTTGCCCCCCTTGGAAACTCTCGGCTTGGTGCTTCAATGTTCTTTGAGGTGGCTCTAAGGACTTGCGACCCAGTGCATATCCGAGTATCTAGCTCCGGTACGTTCAACGGTACC,1087,50.41,Caenorhabditis elegans
SEQ_627044,AACCGTCACAGATCGTTGCAATATGAACATTGCCATTGTGCGCGACCATGATATCGACAGTCCGCCCACAGGGGCGCGGGGATGGATCACTTAGACTTTTCCAGCCTGGGGGATTGTCAGGCGCGTTCACATAGTAAAACCTTGTTAGAGGGTAGGGGTATTCGCCCACCACAACCGGTCGTGAAGACCTTACAATAGAGTAGGGTAATAACGTGCTGGCTCGCCCATTTATCACTTTCCCTGCTCCACCAGGTGCATAGAGTCTATCTGGAGAAAGAACGGGTCACCGGATTCGGGACGCTAGAACATTACTTCTCTTCCGCATGTGGTCATAGCCGCAAAGCAGTCCTTATAGCGGCGTATCTCTCCCACGGCCCGCTAATCCTGGGCGTTAACAAATGTATATATAGAGCAGATGGTTATTCGCAACAGTAGACACATAGCACGAACTTTTACGAATATAAATTGATGCTCCTACCCTAAATTAATAGTATACAGGAGAGTGCCGTTGTTTCGAAGATTATTTGTGCGGCGAACGGGGCTAAGACCTACTAGCAAAACTGTATGACTGTGCTGTTTGTTTTTGGTACTGTTTAATCACGGGTGAGTCATCGGAGAGTAAATCGCGGGCCACAACTTCCAAATTCTCGATTAGTGTTCGTCAATCACTATTCAGACATGTAACGCACCTAAACTGTTCAGAAGAAGGCTGCGAATAGATGCGTGAGTTAGCCATTCGAATCCCTAAGTTCCTGGGCTGTAGGTTGACTAACCACTCCCAATCGAGTGATAATGTTAGTGGGCTGCTTCGTAGTCGGTATAGTCCAAGCATTATACACGGAGAGGTAGCCCAACGGATAATTACAATCTACCAAGGATCTCTTAGTTGCTATTTCTGCTGGACGAGCCGTAGTCTAGGGTATATAGCTGGACGATGGTCGTGGGCCGCGAGCGCGCTATGGATGATTCGTCGCTTACACACTCGCCCAGCAAGTGAATATCAAATAAGGTACAATATCCTTACGTTAATCATAATCTTAATTGTCAAAAGACGTGAAGATCCGGTCCATATCCCTAGTCGTAGTTGAGAAGTACGGATTGGATGGGCAGGAGGTTCACGAAGTGGGAACTTTTAATAGAATATGACTGATAACTAATCATTAGTTCGAGTAGCTCTTCAGGTCTTGACCTCAGTGATACGGGTGTATCTTACCGGTTGACCTGACTGGTGTAGGTTTATCGGCAGGCCACTGAAATCTCATTTGGCATCAAGGCGGTGTGGTTCGATGCCGCGATGCTTTGCCAACAGTTGGATCAGCAACTGACTTAGAGTGTGGAACGTCACCGTGCCCGACGGCAGTTCTCAACATATTGCCTGGAGT,1382,47.32,Escherichia coli
SEQ_638881,TTCTAAATTTGCTTGAACAATACGACAGGTTTTGGGTGGGGGATTTATGAATAAGCGAACAGTCGCCTCCCTTTTTCTCTATTCTGGCCCAGTCATGGATAGCCCGGTCCTCTAAGCACGGAGGGCAGACGCGGCAGCCGGGGGTCGCCTTGCCAGGCCAGGTATCTGCATCGCTCATTTGAGCCAACACCCAGGATTGAGATACGTTAAGGGCAACGACTTCCCTCTTCCACGGTCCATAGGTACATGGCCTTTCCGGAAAGTCAGGGAATAATAAATACCGCATGTCACGTCATGCGCCTTCATGAGCAATACTGATCAGTTGATGGAAGTCTGGCACGATTCTTTGGATCCAGTTGCGTTACAACCACGTCAACGTTTGGGGGCGGGGGAGTTGAATCTAAGCTAGAAGTGCACGCTTCGGAGGCGTGGATCATATCCCTTGTTCTGGGAATTTAGAGGCGGTGTACGTTGTCACTTCAGCTGAGCTGCGCGCTCTGCCGATCGTAGAAACTCGCGCGCCCGCTCTATCGACCACAACTTGAGTATTCGTGATGTAAGGC,563,52.22,Escherichia coli
SEQ_836767,TCCTGTAATGGGTGGTTGAACAATATAAGGGCCTCTCTGGGCCATCTCGCGACATGCCTCCGCATTGCAGAGGTTCGTGCTATATCACTCCGCGTTTTGTGGAAGTAAGAGCAATCGACGGAAAGCTCGATCCTGGTAATCAAACCACAACTTCTCAGATAAGGTGGAATATCTCAATTATTGTTCAGGACCAGGGGCACATGTTGCTGGGCTTCACTCGGACCAAGGTAACACGAATTGACCCTACCTCACGATGGCAGATGAGGGCCCTATAATTCATGCGTGTCCCTTGAGCTGATACGAGGCTTTAGTTAGCCGAAAATCACAAAGATGGCTCGGAGATATAGGGTGAGATGCCGCTGCAACGCAGCCATTAACGTTAGGCTCGGTAACAGGCAGCTGACGGGAAAACACCTTCACTTTAAACGCCGCGTTTACATGTAAGAGGAAGTAGAGTTAAATTGTCGTTTGCCAATCGCGCAGAGGGACTCGATGATGTAAGATGCGATCCAAATCGTCGATCAGTGCAATCACCACAACCAAAATCAACTAGACAATTTATGACAATCAAGGAGTCATACCCGGGCTGCAATTGTCTGTCAGTGTCTGGCTGTGATAATAAACCTCAAGTCGGAATCCCGTACAATATCACTATTCGTCCAGAGACAGATCCGGCTCTCTGAGGTCCGGGAGGATAGACCGCAGTTAGTGGCGGTCATCAGATACGGAGGTCGCGACACCAACGGGGGAACCTCAAACTAGCTGCCGTGGCCTGCTGACATAGACGGTCTCCCTGGCAGTGCCGTCGCTTAGCCACATAAACCTTGATTTAGAGGCGTACCCAAAGGGTCCTTCTTGATACTTTTGC,868,49.65,Caenorhabditis elegans
SEQ_144917,GCGTAATGACCTAGTGCCCGGGCGATGAAGATAAATGGACCCCTAAACTCATAATTCGCCCGCAGTGCCGGCTAATAACTGAAAATCCCCCATCTACCCTGCCCTTAGTTATTCACCTCACCATAGTACCCCTGTGTCCCCGTGATACTGCCGGGCGGGTTCACGGTAGGAAGGTACAGCGACATCCGGGTGTTGCAATGCTCTCATGCACACAGAGAAGATAGGCAGAGCCTGTATTTCAGACTACTATGAGTCCGACAACGCCTAAAGGGCCGAATTACTACTCGAATACTCCCTGCGGCTCGGACACGTGCCCATTATGAGCGCCCCATTGAGTATTCGGAAGTTTGTAAGGCCCCTGCAGGATAAATCCCCCTCAGAATCCGCTTTCAGTGGATCAAGAGGGTGTGTTGGCTACCGGGTACTACTCATAGGTTTCGCTTACGCGCGGAGACGCGACGGGAATTTCTTTAACGACTGTCCCTGAGATGTCAAATACTGTATTGCCCGTGGATGCGTTGATGACGCAGCTCCCGGAAAACGCAAACCTTCGAATGGCAAGCTAGGTCACCGCATTAACTCGCCCCGGATAATGCTCAGCGATGATATGTTTCAGTGATCCCCCCGGGAGCTCAAGTCATTCAATTTGGCATGGACCCTTCAAGACCCCCCTCAATGGAGCCGATTGATCTGTAATTTCACCTTTCTGCCGTAGAACGCTAGTCTGGGAGAACATTATGATCACGGACAGCTACCTCACCTCTGAAACAGTCTTTGTCAGTGTATACTGATTTCTAATGCAAATAGCATAAGCTGCACTGGACGCTAGTCATCCAGTGGAAAGCTCAAAATCTTTTCAGTACAATATGGGTTGAGCGGGCATAATACGATATGACTCGTGACATCACTCCCCTCTAGGCACACATCTGTATAGAGGCACGCTAGGACCGACGAACTTATGTTCGGCATCACAGCCTTTGCACGAAGCGAGCCGGAGAAAGGCCTATTCTTCGCGCGGCGTCGGCGACAGCCCGTTAAATAGGGGACAGGCTCCTCTTCATTATTACTCACAAAATACCCTTAGTTTACCCCTATGAATACCACCGGTTTGCATGCTCTAGTACTCGACTGTATATT,1137,50.31,Homo sapiens
SEQ_480520,TAGTAATCCATCCCTGGCATAACAGTACTCTGCGGCCGCCATTTTAGGTATGAGGGGATGGCTTCGGGTGGATAAGCGCGCGCACCGTGCATTAACAAGTGATATCGACGCTAGTCTTCAATGGGAAGTTTTGACGTTTCCGTGGGAACAGTCGATAAAAAACCCTGAACCTTAAGACGACCTGCCCGCACGAACCGAGGCGTGTTCCGCTGTGCGGCGAATGCCAGTAAATACTCTACGGAGTCGGCCGGGAAGCGCCCCGTTTTCGAGTACATTATATCAAGGCGCCTCGGCACTGAGCCGATTTGGGCAGTGCTGCAGTGTGCGCGAGTCCACGCTGGTTTTCATCCCTGTCGTGATGCTTGACAGAACGGTAGCGTGGAAAACTGATAGTGATATGCATATGACAATGACTTGAGGGAACGGCGTGCGTTGTTAGGACTTAGCAATAGCCCTTAGGTAAGAATGACGACCTCATGCAGGAGAGTCCGGTGTAATACTCAAAGTGTCAGAGGTTGGACGAGGTACCGTGCGCCGCTATCTCGTAATACTTGTTAGGCCATGTCCCCTGGTTATTGACAAAGCGACGCTGGACCTGACGTGGCGCATGAAAGTATCTAGCTTCCCAGCCAAGGTTGTAACATGGGATGGCCCAGGCCTTAGGTTAGATGCCAGGAGGGATACAGACCAGGCGCAATGTACATCCAGCCAGATCGTTATGCTATGTGTGCTGATGCGGCCCTAGCCACCGCGCAACGGTAGCCAGGCGTCCTATTGCGACGTAGTGACCTCAATCCTCAATCTCAGGGGCCAACCGCAAGTGGGCAAACGCATTCACCTCGACATGATTCCGCATAACTAAATATTGCTAAGAGAAGCCCCAGTACTTCGCGGAAGCCGACCTCAATCACGTAGATGACCTTAGTCCCTCATAATGACAGCCAAATGCTCTGGAAAAGGTTTGACCACGTTTCGGAATCGCGTTCGTTGTCGGCTGACATCGCCAAGGCCCTAGGCGATGCGCAGTAGGGCATCGCAATTCCCATAGACATTTTCTGGACTACGATCAGGTCTGCGCCGCTGTCTTTTTCTTAAAATCTCCTAACCAGATAAAGGGCGTGAATCCTCCGGGCGCGCGGCATAACGCCGTGTCGTATGACAAAGCTCGTGGTGCAATCCTGGCCAGCCCAACGCGGGGTCTTCCGTAGTCCCGGAATCTACTTAGGTGGGACGTCCGGAGGCAGCGTTCTGCCTGCCTTTCAACCATACATGCAGTTCCGCATGGGAGGGGAATGGCT,1298,53.54,Mus musculus
SEQ_758441,TTTGGACAGCCGCGAATCACCTCAGAGCGCTAAGCTTCGTAAAGAAGGGGTGTATACGTACTACGGACTTATCGATACGTGCAAGGGTTCCTCGTAATCAATGCACATAAACACCCCAGCTAGCTATAGACAACAATCCAACATGATACGGTCATTGCTATTGAAGAGGTTTCAGAGAATCTAGAGAGTTGTAACAG,197,44.67,Drosophila melanogaster
SEQ_287604,TCCCACGTCGTGGGTGAACATCTCAAGCGATCCTAGTCGGACATCTCATAGGGTAGTCACAGAGCCCTGGCTGGTTTTGAAGAGGACAAGTAGAGGTGTATGAACATAAACGGTATGACCAGTACCAATAATATAGCCCCCCCTCTTGACTACAACCAATAGATCAAGGGGAACCAGTCAACTTTCGTGAAAAACCGGCTGATAGGCATGGGCTAGGGAGAACGTTGGCCTACCCGCTTGACGTGGGATTTATCTGGCATGCTGGGAGTGCTCCTATTAAAGAAATCCGCCGTGAATTTAGCTCGTCGTCGGTCGGTTGGCTAATAGAACGGCTATCTGCCAGGGCATTCGCTGTGTGGGCTTTTAGACCTGTTAAAGTTTTATACCCGTTTCTCTCGGGGTTAACAGTTCCATTCTCAAGTTGTGCTAAACACTACCGTCGTAAGTTGAATCGGCTGGAGTGTCGATGCAGACGTGCGGAACCTTGGCTGGAAAGTCGTTTCCGCGCCGCGGGGTGTGCCACAGCCGGCGGGGTCCCATAACGATAAGTTGCTTTGGAGTGATCCATGGCAGCATTCGCCCGGACCCTGATTCATGTAACACATAATTGGACCTTCAGCCACGGAATGGTCTTTCTAGGATCCACCGCGGACGAAGTTGGCGCTACCGGCTTAATTATCGAGATACTAATAGTGTAGACGGATAGCATGGGCTGCTGACTCGAATCCATTCTTCACTGACATGTCCGAATATGTTCCAGATAGCCAGGTGGTCAGGAACATTGTTCGAATAACGTCCCGAGGGCACAAGTCCTCTTAGGGAAAGATTGGAGGGCCTAAGCATGTTCGGATTAAACAGTTCGGACCCCTCGAATATGCGCGGGACCCAGCATGCACGCGGAGAACTTCACATGCTGACACAACCTGAACTTTTGATGATCCCAGCACCACCCTTCTCCAGTGCATATCACGTGTCCAGCCAGCACCCGG,989,51.37,Saccharomyces cerevisiae
SEQ_777547,CAGTGATTTGTAACAGGCGTTTAGCGGTCAGCCTCTTATCGGTCGTCGCACTTCCTATACGTCGCGATCTGAAGAATAAGTCTGCCCGAGATTTTGCGATGACCCTCGGCCCTATACAATTAGTGGGTATCGAGTGAGACAACGGAGATCACCGGCGTAAGTACTGCACCCCTGACGCCATAAGACAAACATGTTGCAATATCGCAGCGAGCAGCGCCCCTTCCGCTCTTGGTCATAAATCCGAGCCAACTGTATTGGTCCAGGCTCGGATCAGTCCACTATCGGCATCATTCCTCGTGACAGCCCCAGGTCTCAGGGCCCTGTTTGACCTAAGACCCCATCAACGCGTAAGGCGTTACAGCATGTAAGCTTGGGATTCTTATTAGTTGGTCGCGAAAGAGATCGGCGGGGAACTCTTCTTGAATAAATGTATAGTAGTAGCGTTGCCACATGACAGCCAAATCATTATCAGGTGACCCGGGTCGCGTTTGCGGCGTATCAGCCCCCCCAAACCGTGAACTTCAAAACTCGCACGGCTTTCAGATGCTAGCTTGTGATCGCATGGACAAGATATCACCGACGAAGTTATCATATTCATGGACAAACGTCTGAGACTCTATACAGCATGCCTGCACCGTCCTCACTTGGACGGGAGAGGGTCAGCAGCACGTGGGTCCTATCGTGGCAGCAGGCCCGCCATAAGAAGTAGAAATCGGTCGCGAGCAGGGATAAAGTACGTGAACGATAGGCCAAGATATCCCCCCCGTAGCGGGCAAGGCCAGCGAAGGGTTTTCAACGATATACTATCCATCGATCCATCCTGCTACAGCTTCCGCCGTATTGAACGAAGATAAACAGCTCTCTCGCGGTGCTCGCGCCTTATAATATTGAATTCACCGAATAACACTGCCCGTTGATTACAACCTGTCTCTTCGACTTCCAGAGGAAACAGATGGTGGACTGTCCGAACAGGCAGCGATGCGGTGTAGATTTCTACTCCGTAGCCGAAGACAGAGCACCCTCCAGGTCATATACAGGGCGGGTTGCCGCCAGTACCATTCGGCACGGTCCCCCCGTCGTAATTTCGTTGACTACAGGTTCCAGGTCTCTACTGCTACACCCGAGAGCTCACAATTAGCTCTTTTTCCTCAGCCCGGGTACGACAATGGATTCGCCCGGCTAAAGAACTCTAGTATAGTCACATCTCCCGTACTTAGCTATCGTTCTGTCACGCACCCAGCTGAGGACTGCTATACAGTACCATCGA,1267,52.01,Mus musculus
SEQ_744456,TCGATTGATACGGATGCAACTCCAACCGATAAATTGGTGTAGGGCGTCCTATGAAAAGTGCCTATGTACCAATGCCTGCATGCACCTCGTCGCTACACACTATTATATCAATTAAATCACCTTCCGATGGCCCTCTCACTAAGTTTGGATGGTGGCGGTTACATGCTGGATAGTGCAGGGCGCAGCTGATGTACCGGACAAGTCATTAGGACAGGCATTGACAGTCATGTTTAAAAAAGACTAATCGGGCCTTCCCAAAAGCATTAGGCAGCTCTTATGGAACGTTATTACATTGTAACGCTCCAACGCAAGAAGCCTCAACGATGGTCACAACGACCAGTGAGGTAGCCGAGCTAAGAGTCTCCCGTGTCGATTCCCGCCGGGTCACTGAAGCGGCGCGACAGTACGTACTTGTCGCGGGCGCATCACGATGCTAATACCCGGACCACATTACGTGGTTCCTAATTCAAAAAATAGTGCGGTCGCAAGACACCTCCGTCGGTGGCATGTGCTGTTGGTCTCAGACAGGGCGTTGTATGTGGGGCCGGTCTCGTGGCATGGTCTTGCTTCAAAACGACACTGCACCTTGGGGATCGAGTCAAAATTTCCCTTCGCGGGATAAATAATGGTAGACTAGTCCTGTGGGTAGAACCGCAGGTCTCATGCAGTGTATTTCTGACATGTCGTTCAAGGTCTACAGGCATACGTCATTCACGCGAACTGGTTAAACTCTTTAGCTTCGGTTGCTGAGTGTTGAATCACCCTGAAAACTGCGCAAACGGGGTGCACTATAACTCGTAAGTACGCCTATACAGCGGCACCTGTGCATGTCTCTTGCAGCGGTCCATACCGTCCCGAGCCAGTGACCTTACCCAGCTCGGAGGTGGTTCAAATACTCGAAGTTGTGCATGGGGACTAGCTGTCAAGCGCATTACCAGTCACGGGTAGCCATGTATTTCCACCGATTGTTCGATCGCCGTTATGCCTACCTTCGGGAGCTCGGTGATCAATAGTCATATTTGACGGGCACTAACTCCGGCAAGCCCATTCTTCTAGTCCGTCTACCGGCAGGACGGGGCCTACGAATTTGGCTACCGCGGAACTGCGAAATTAGAACACTAACTGGATTCACGTGTCGCCGAAAAGGAGATCGGAACGACTTACTTATTCTCCCATGAGGGGCACGGGAGTAGGAGACGAGACTGTCGTTGTAA,1214,51.07,Caenorhabditis elegans
SEQ_787457,CCCAAAAATCGACTCCTGATTTAGGATCATGGCGACAAATAGAAAGTCCGATATATACCAGCCCGAGCGGCCTGCTGATTGGGCCCGGAACCTCGTACCCACTATTTAAGCTGTGTCCATGTAAGTGCTCGGGCTGAGCACTCGTCCCCTCCCCATCCGCGTCCGGTTACGCAAGGAGCTCCACTCAAGAGTGCCCTGCAGGACAGTGGTTCGGACTGACGGCATACGGGCGGCGAATTCACACACCGTCCAGTCCTCGTTAAGCTTCCTGCAGACACCGACCGCTTGTTCGTTTGATCAATACCAACGCTAATTGGCAGCTGGCCACTGGATGTGTCTAAGCACACTTAGGCGCCTCCGCGCTCCTAGGACAACCAAACCGGGCCGTTTGAAATTGGTGACAGTTGCCGACTTAATGCACCTGACCTATAAACGGAAGGTACAGGATTACCCTAAAAACATTAGACAAGAGTGCAAAGGAATTAAAATTCAGTTTATGCAACAAAGTTACGCGGTATACGGGACCTAACGGTGAGTTCCATTAACGCCAACATCATGCCGTGTTGGGAGCTTGGTGGGTAGGGCATATTTTTTAGCTGCGACTGTGCCATTAATCCCACGGGTAAGTGACATCCCTACGCTATACGAAACCGCGGGCCTGCAGGGTATGACCACGAGATGCCCGATGCAAGTTTGCTAGCGCTCATAATCTGTCTTTAACTTTGTTCCGTACGATGATCGCAGCCGATGGTTCCTTGGAATTAACGTCATCGGGTCGAGAGAAAAATCGAGCTAATCTTTTTGATAGGTAGGTACGCTAGAGGCCGGCACCCCAATCGAAAACTATGAACGACTGCACAAAAGAATTTGTAGCGTGAGCCAGACCGCGATTGACTCCCTCTTTCCTCTGACCAGTTAGTTAAGTGGACATCACTATTCGAAACCTGCCTAACCCGGCA,959,50.78,Homo sapiens
SEQ_797504,CGGAAGTTAGATGACACAGGCCAAGTACATGGGGTATGGTAGTCTCAATGACGCAATATTTGGGCAATTGGTCTTAGTTAAATTTACATTTTCGACTATATCATGCGACTAATACAATAGTATCAACAAACCTAGATCTAGAGTGACCCGAACCTACTAAACATCGGCTCCGGGCTACTTAACTAGCCAGACAGATAGGTGCCCGCACCAGTGAGCCTATCTGCCCGATAAGAGTGTACTGACAGGGCGCTCCCAAGACAGGATTATAACTCCCACTTTCCGACCACCACTTGCGGCTCTCTTACCTCCTTGAATTTTCATGTTTTCTCGGTGCACCCGTGGAACGGTGGGGGGAAGGGCACGTGATGATCTAAGAGACACCGTGCACCGATCCCACCTTTTCATTAGGTAGAGATTCCAACAGGCTACTTGGACGAACCGC,442,48.42,Caenorhabditis elegans
SEQ_796914,CGGATGTAATGACAAACGGAACCGACTCTTCCTCAGAGGAGGATTCGCCTCTGCTAACATTACTAGATTGCCGGTTCGTATCACCTTCGAGGAAGAGATAAGCGCCATGAGATGCCTACTAATGACGACGGCTATGCGAAACCCTGAGGGCGTCAATAGTTATGATGAGCAATGCGCAGCAGAGAACGAATAATTCGATCATACAGGCGTCCAGGATTTACTCTTGCGTTTAGGCTGCTCCGGCTAAGGTCGATTGTGTACAGCCATGTAATGAGACGACATTCTGGCCACCCGACTGGTACACGCCCATTCGGTCGGCTACTATCACTCCCGGATCTATTTGGCCTGTTCCCGTGCCTGCCGTTCGATCGTTGGACGCGCGCATCGCAGGTGACCGCCGACTTTGGAGCCGCGACACTTCGGACTACTTAACGTCCCCGTTGAGTCGTTTTGAGCCCATCTCCGGGTTGGTGATGATTTCCGTACTGTCTATACTGAGTCATAAAGAAATGCATCCTATAGTGGCGGAGTACCCCGCCGACGTCGGTCTGAGCTCTTATCCCGCGCGCCATTAGTCCAACCGGCCCTTCAACTGGTCTGGCGCCGCTTGTGCATCTGAAGTTGTACACTCGCTTTCCTGAGGAGTTCAAACCGGTATTATTATAGCCAATCTATACTTGTCCTTACGGGAGCCACTTTAGACGTCGCAGGCGATGTTGGACGTTGTGGCTAGACTCGTCACGGCTGCGCGAGCTTGCTCTGACTAGGACGCCAACCCGAGCCGCTGTACTGTGTACTGATGCCAAATGACCATAAAAACCCCCCGGTGGCTGAACTCCTACTATACCGATATCAGTCTCTGTATAACGGCCTTTATGCGGGGAGAAGGCAATAGGGAATCACCCGGTTTGATGGCTCCTCAAAGCCGAGGGATCGAATCCGTGCTCATTTGCACAGTCTGCTCCATATATCACCTTGTGTGCAGGACACCGAATAGTTGATATCAACTATGGCCCAGGGCACGCAACGGTGCCATGAGGCGGTTTCCCCAAAAAGAATTGTAGGGGGAGACTGTGCTGCAGTCTAAAGGCGTTTTGAACTCACATGTGCCCTAGAGCGGCAGCCCTGCACAAATGGGTCGCAAGGAGATGCTACCAACACAGATGGCGGGAGTTCCTATAGCGTCGATTGGACGTACGTGTCAGAGTACTACAACAAGATCGCAACTAAGGTGCCGATGGTCACCTGTACACACGCTCCGGAACGCCTGCGTATGGCACAGTGCCGTCTGCCACCGGAGTCTCGGGCCTCCACCGGAGCCAGCCGTGCCAGAAGCGCTGTAAAGCGAAATGAGGAAGGTAATCACAAAGCATTAGTTTACTTGTCCTCTTTCGTGCTCTTAG,1403,53.17,Caenorhabditis elegans
SEQ_834487,TCCCGGCGTGTAGACCTGGCGTCCAAGGCGTTGTCGGTCATTACGGGGAAGGTGACCTTATTGGTTTGCCCCCTTTCGGTGCCTGCGACTGATAATACCATCTCACGGTGTCGAGAAAGGCCCTCATTAGTTATGAAATTAGTGATTGGTAGATGAGATTGGAAACCAATCCCGAGATAGTCTAGATAGAACCAATTCCGCTGACGCGAGTCCAAAATGCGCTGACGAGGTGAAACGCGCATATGACTGTTGTTATTCGTATTCCAGAAGCAGGGCTGGCGAGGTAGCCTACCGCAATCACAGGATGTTAATCCTTGAAGAAGCTAATATCCTCGTAGACCACGTATTATAAGCACAACTTCGTGCATAATCCGTTATCTACAAGTTACTAACTAGCACGATTGAATACGCTTTGGTCCCCTGCGCAGGACAGATAATTTGCCGCCGTAAGGGCGCACAAGGAGTAATTTCTTATGGATGTACCATATGTTGGCGCGACTAGGTGTAGTTCTCTTTCCTGAACTTACTTTCTGTTAGGTATCGCGTCCGTGGCTGAGCTCAGAAGTCTAGATCGCGAAACACGCTGTAGGGTCTCGCGCCTCCTTGGGAGTAGGACATCGACCTACAAACGGAACAGCTGCAAGCCTGCTCCGGGAGCAGGTCCCAATTCGGCTGGCAAGTCAGAGGCCCTCACCGTATGTTTCGCCGAAAGTTCCCAAGCGGCCTCGTCACAAATCGTCCATCAAGAGAACGAGGCCGAACGTCCGCATCTCTGGCCTGCGCGAATGGTCCTAGAGGGAGCCACCGAAGATAATTCCGAGCCGTTAGTAGAAAGAGACAGAGTTTAGCAAACCTTCTGAGCCGCGTACTAGAGAATAATTGTAATTGGGATGGACAGCGCGTAGACTGCAATAACTTATTCATGTCGCATCGAAGTAGGATTCATAGCCTAACAACTCGGGGATTCGCAGCAGTTCGGTCGATGTCGTACGGGATTATTCCACCTGACGCAACCGTAGCAGCGCCTGGGACTTGGAGTACATCAAACGCGAACGGTGAGATGCTCTTATCGTAGGTGGCTGAGTTGGAAGGACTCGAGGCTACGAGACCACGCAGCTAGCTGGGTGCTCCTGTGCTACATTTCGGCCTGGAATTACCCCGGCTATGCTGGCACATTTTGCACCCGCTGTTGTAATCGATCGATGGACGCAGCTGCTCGTTAAAGACAAGTTTTGACTATGCAAAGAGCACTTGTGGGTGGTGGTCACTAATGAGACGAATAATTCGTTCATGTCCTCCAGCTCGGCTTGTTCAGCAGGTGAACTATTCTGTGGGTGCGGGACATCGAGTCTTTGGGGTGATACTAGCCTATGCCTCGGAGATTTGCTCTACTATTCCAAGGCTAGCAGCGCTGCTCCCTCAGGCTCCGACAAGAGGCCTGATGTGGGCTAGGGCGACATGAGAGAAAGATTGCAATAGGTCCTTCGCTTGCCTCTTTGCCGCCATCCAGCTCTCTCAAGTCACGCGCATAATCAAGGTGATCCCCTTTTGCCCCGATTAATAACGGGCACTGTGGCAAAGCGAGTCCGGGCTTCCCCGATCCTTCTTTACGGCTTATCGTTATCCTTACTAAATGTGACGGGCAATATTTACACAACCGTTCGGACTGCGAACGGTACAGGTGTGGCTTTTGGTTCAAGTCTTCCTGATGTGAGCGAGTCTGCTGCATCGGCACTCCCCTGCTGTTCTTGAAGGGAAACAACCACGCCATCTCGTCGCCATAGCTGGACAAGGAATTTCAGTAGGGGCTGCCACGCCGATCCGCGGGAATGAGCTAAAGGTAATTCCCTAATTCTCTTTGAGTTCAATCCCTATAGGGCGGAACTCGACCAATGTCCGCGCTCTACGTTGCAGTCTTATTTTTAGTTGCGATCACGCGACTCGAAAAACGATGACAAAGGGGTTGAATGTGC,1973,51.19,Drosophila melanogaster
SEQ_849781,TCTAGGGACCTAGGCCTCTAAAGCGAGCAACGGAAGCGACCTTGTACGAGGTCCAGTCTCGGACGATGAAATCCGACGACTCTGGAGAGGTCTTCATCCGTAACTTCGTTTCTAACATCGTTAACATGCGATTCGAGATTCTTATGCGACGCGCAGAGCCTTAACAATCCGTTCGTAAGAAGGAAACCGGCTTTAGCTCAACGCTTTCTTAGCACATTGAGCATCTGACAGGATATATACGCACTTCCCCTGCTATCGGTCGGGCCCATACCAGTCTGTTCTGAATGGAAAGGAGTAACACCTCGGCCTCGGTGGGGGCCAGCTGTGACAATCTGTAAGCTGCCTTCAGTGTGGCTCGATCATTTGCGGACACACACTTCTTTAGGCAACACCCCCTTGGGAGGAATGTGGCATCCCCTCAATCAACACGCCCGCTGCTGCCATTTAGAATGTACAATTTTGACTCATCGCACAAGTTAAAATGAATCAACCCAGCGATCATTGTCTGATTCCCGCAGCCTATAGATGACACCGTCAGATTAATTATTAGAGCTGATGGACTAGAGGGTTACTCCTTTACGCTGATGATGCGAATGTCAGAGCTAATTAGCGATGGGGTTGGGCGGATTGTGGTTGTGATAATGCGTCGTTATTAATTAGATAGCGCTTATATAGTTCCAGTTTACTGTACGGGCGTTCAGTGGACGTGGTGGTCTTCTCCAGCCCAAAACTGAGACTACGCACCGGTCACGTGCATATTAAAAAGGCTACGAGCGGTGAAACTATAGCGCTCACATCTCGGCTCTACTTTTTTGGAGAGTACGAATCAGCTAGAGCTGTCGCAATTGCTTCAGATGCTGCAACAGTCTAATAAGGAAACTATGAACATGGCCGG,895,48.49,Drosophila melanogaster
SEQ_254729,AGCGTCGATGGGTGCCTTTCATATGTAGAACCAGTCTTGGCCATAGAATGCGAGCGACCCCCTGCGACGCGTAGCCCCAGAGCACATAAATTTTATTGATCTCATCCCGGATCTTGCGCTCGTAGAGTTTGCCAATGGCCCAGGTGGTCTTGTGTGTTGGTATTTGATCACAAGCAGTTTGTCCTTCGGAAGGCAAGATGCCCTGTTTACAAATTTCTGGCTTACTGTGGAGTGCGGATGCGACTTGTGGAGTTGTTGGATTTACATTCAGTGTTGCGTCCGCAATCGCTCGCTAATCGGTTAAAGATAGCTTTTGTCTACGACAAGAGGTTCGTCTTCCTCGACTCCAGTGGACCGCCACGTTTAACTACCCTCTCTCCCGGGTTTATATTAGGACAGAAGGGCATGAAGTCCACCCTTCCCTGCCGATTCCGCCTGGACGATGAGACTTGTGCATGTTCCCTTGCACGCATGGGCCCGCTGTGGTTGCATCAGGCCTCCATTGGGTAGGCCCGTAGGAACATCAGTGCTTACTAGGTCACGACCCTAACCGGCCATTACCCCCTGGAACCAAATCGTGCTGCCCTTATAATACTTCTTGTTTCAGTCACCCTTACTTATCTCTAGTGTACTACGTAAGATCGTGAGCGAGGCGCAGCCTTACCATAGCTGACTCGCTACACGCGGAGTCGTTCAAATGGACTCAAAACGCACTGGTCATTTTTCGTGAACGTTGTGTCTCCCCGCTCGGTCATGTCTGTTACTCAGTCGGCTTTCGTAATCAGTATGAGTTTTTAAATCAAACCTATTTCTGCCTACGCCAGACGCCGCACTGCTTCAGGGCCAACGACGTCGAGAGAAGTATAGCCTGTGGCGGTTTGACGTAGCCGGTACCGCAATAACAGAAGTGCAGACACATGGGCGCGCAGTCATGACGGAACCTACGTCTCACCAAGGGAGTCAAAGGCGCTAGCTACATTACTACCAAGCGGCTGCTGGCGTGACGCCATCCCCTTGACGGATTAAGGAGCGGTGGTTCCGGTCAGCCCGATCTCGTGGATTGTACCCGTCACGGGTCATTGAGTTGCACCGATGGAATTGCATCACGAGAGGGAACTGAGCAACTAGGAGAGGGACAATAGCATGCGCCGTCCAATACTC,1161,52.28,Caenorhabditis elegans
SEQ_735023,CGGCATGCGAATATGTTCTCATATATCTGCCTGATATACGAAGATAACGACGACATCCAACGCGGGGACTGATTCGTATGTTCCATGCTGGCGTGGGGATCGTACTGGCTGGGTATGCAGAGCGCAGGCCAAGTGAGGTACGATAACTTACACAGCGGCGCCGGCCCTGTAGTGGGTCTGCCACACACGAAAATTGGGTATACTCGTCTTGAGCTGCCGACTCGTAGATTGAAACCCTGGTGTCGTGAACACGAGGACCGTCTCGTGAGTCTACCATTATAGAGAATGTGGCGCAAATTTTCTTACGCGGTCGTTACATTGTCAGGCATGGGGCCAACCGGCGGGCTTAGTTAAACTACTTGCTACAAAGTGTCAAATGATCTGTATCCACGAATCTGATATCTGAATAAACTTTTCGTTGCTCCGCGAGCATCCGTGAGCCAAAACAACTCTCAGATCGGTTGGGTTTCATGGTATGAGGGATCTCAGGTACAGACTGCTTCTCCACATGCACATGCTAATTTTTCTCGTAGGCTCGGGTGTTGAGTGCAAAGGCTCTGTAGAGTTTAAATTCAGTGCGACGGTTGAAGAATTCTGAACCAGCACTTCTTTCTCACTTAAGAATCCCTTCGTGACGCTGCTGACGATGCGGTATTTATAAGTGGAGGTATCAACTCACCAATCCGACCAAGTCTCTTACCTTTTTCCAAGGTGGTAATTCGGCCAGGTGTGGGGGACAATGCCAGGGCCAGAATCGTGAGTCCCAACGGACCACGGTCTGTCAATATTTCGCACAGTATTACCTATGTGACTTTCCACAATCTGCAAAACGGTGACTGCGCGCCGCGTAAGCGGGTCGCCCTGTGCTGGTCCGGGGCAGGTTGGCTCAAAAACAAAACTACATGAAACGGTCTGGACTTAAGGGACCGCTAACCCTCAATTTACCGTCTCCGGGGGCAATCCGCCCACAGTGCGTATGAACGCGGCCTGTTAGGTCATGCCTCCACTAGTCGGCCATGGATCAGCCGC,1029,51.02,Saccharomyces cerevisiae
SEQ_218226,ACGCACGTGTATTTGTCGCAACACCCTGGCGTGGAGGTGAGGGGAGGACCGCAGGTGATGGCAAACCATGATGAATCATTCCGTACGTCGCTCTGCAGTAGCGGTTAGACAAGCGCAATTGGGAGAACGATGCTAACAACGCGACGCTAGCT,152,55.26,Mus musculus
SEQ_919762,TGGTGTGGAGCACTATTTACAACATAGCCTTCCGGTATATCAAATCTGACTTCATGATCTCGAAGACCCGTACAGGCCTATGACATGGAACGTGCCAACGGTTCGTACCAACAGTATCGCCCTGATAAGTAGTGGCAATGCATGACCAGAAACTCCTTGCAGGTGATCGACTTCAATCAGACATGGGAATTTGTCGTACGTTGAGGCAAATGCTAGGGTCTTCCCCGTTAACGAAGGACGGGAACCCTGTTCTGCTGTTCTGGTATAGGGTCCGAGAGCGAAGAGCAACATCTTTAATTTATCCGACTCTCCACACGCCCATGTCCCAGCTTGCAGTATCTCAGACGGGTTTATGAGCGCGGTGGACTATCCTCGCGCAGTGTTGCGTCCAATGCGACTCCTAGTATCCGACCTGATCTACCACTGTGGTTATCAGATTTGAAGGGAGCGTATACATACCTGCTTTGTCGAGACAGGTTTTTTTCACGTCGAGAGATCCCTGCAGCTTTCCGTTTTTTATCAAGGCCAGGCCCAGCGGAAGATCGTAGTCAGAGCGCTCAGTGGTTCATGACGCATACTGCTGCGCCCTCAAATTATTCCTGAAGTTACCTTAGATATGAATGCTCGGTGTCCAGCAACCATTTTGGGGTATTTAAAGGTTGTTCGGATCCTGCCAGCTTTAGAGCGGATCTGACTTAACTTCAGAGTCAGCTCACCTAATCCAGCTATCTGGGCCGCAGGGTATCCCGACGCCAATGCCACCCAGTAAAGCTCACATATTGAATGCTTGACTCAGAGCG,800,49.5,Arabidopsis thaliana
SEQ_777989,GTAAGCTTTCGTGCAGTACTGCCCGTTCGCGGCACATACTATAAACTCTAACAGCGGGTACACCAGTGTTCTTACGTGGTATGGCTCGATTTGCTTATAGGCGGCGTATCGCCGGGCGTTGCTTCTGTGGTCGAATCCACTCCGTGTCCTGAAGGACTAATCGAATGCGTCCACCTTGCGTTTATCTTGTGGGGTATAATAGTGTGGCATCCGAGCCGAATTCGCCGTGGTAGAATAAGGAGAACTAACAATGTTCAACGGCACATGGATTTCCCGAGTCACGCCAAGTGAGCAGGTAAAGCGAGAATGACAGGGCATCAGAGAAAACGCATCCCTTCGTGTATACGCACGGGCTTCGAACGACGGGACCGAACAAGGTGTCACAGATGGCGCCACTAAGAGAGTCGGAGCGGATTGCCATGTGAGGTGAGTTTCCGTCAAGGAGCAAATAAACAAAGACTAAAAATTGGTAGAGAGTCCATACTACGGCGGTCTGGTTGCTCGCTCTTGTGCTCACACATGGAATATGCGAACCGCTACCGCCCATCGTCGCTGGAGACATCACTTCTCAATGTTAAAAGATTCTAAAAAAATCATTGCCTCGAATGGGTTCTCTTCCCCCCCGCTAGACAAACCGTTATTATGCAGAGACGACAGGTGAAAGCCGACTAGCACAAGAAGACAACCTTTTTTACCGTATATTTGGCGGTGAACTGAAGAAAGCCATGGGGCGCTCTCGGCAAGTGGCTACAGCTGCCGCGCATATCAAAGGGTAGCGTAATCCGTTTCAAATTAGCAGCATAAATAGCAGTATTTGACTAGATGACTAAGAACCTTCAGGGTTATCG,848,49.29,Mus musculus
SEQ_490336,AGGCACCCCTCTTGGACCCCTGTTACCCGACCACAGCCCTCCCTTCGATGCTTTATCCTACAATATATCTCGATCGCAGGTTACCTGTAGTTCGCATCGGCGGATATCATTCTAGACTGTCCCTAGCTATGACTAGCGGTACTGTTGCATGCTGGTGCACCGAGCCCTGACTTAGACCAACTAAGCGATATAACTTTATGTACCTCCGAGCTTCTTCCACGGACTTAGTGACGTGAAATTGTAGAATCCATATCCGAAGTGTGAGCCGGTACATGCTATGAAATGACATCACATGGGCCACGAGATTCGGTGTTTGCGATCGGCACACGTTACTGCTACGTTGGAGGACTCTCTTTTCTTGAATTTTCCACCTTTCTGCTGGTTTCACTAGGCGCCATCAAGCCATACTTTTAGCTGCCGACTCCAGTACGCAGGTCGTCGTGGCTCTTACGGAGCGCTCCGCGCGGACACCTCGAGTCCCAACACGCTACGTAGTATGCCTGAAACACGGTGAGTTTTCGGGCAGTGCGACAAGAAAGTTGCACAATTATCGATGCCTACCTAGTCTTTATACACTGCGTCCAGCCACATAAGAATCTGAAGTCAACACTGACGCGTCTCTTATATGGGAGAGATTGGAACTGATCCGCAACGACCTATTAGGGCGAGGGCCGACAGGACACTTCTCTCGTTTACTTACATCAGCTGTCGAATGTGTCACTAAGAGCATGGCGTTCCGATGCATATGGTCGTAACGATAACGATTATACAAGTGACTTAGCCACCATTCATATAGGTGTAATCAATTTTCAATTATACGAGTAACCTGGGAATGTGTGAGCCCTGTCGTAGTCGAGCGCCGCAATACGCTTGAATGGCACCATACTTGTCGGGCTGATATTATGATCGGAGTCAGC,917,49.18,Caenorhabditis elegans
SEQ_316018,TCAACCGATTAGCGAAAGATAAGTGTCGTGCCTTACTGAGTCGCATGTAAAGCCGCGAGGGTATAAAAAAGAACTCGCCGTTGAGACGGGCCGAGGAGCATGGGGTACAAAAGTTTCGCTTAAGCCCGTAAAGTTGTGTTAAGATTCGTCTACCACTCATCAAGCAAAGTGGACTGAACGGCGAGCGCGTAGCCTGATGCGTTGGACTCACGGGCACGATCCCGCCTTCAAGGTTTGCTCAGGGCACACACTAGGCCGGCGACTTCCAGATATCTCCGTCATTCTGGGTATTAAAACGCGCCGAGTTATAATGCGTTAAATATTATCTGCTAAAACCCCGGCCCCAACGGACACACGAAGCCGCCGCCCTAAGTATCAAATCACCGTGGGCATAGTGACCTTGCCGAAATGTATTGTCCATGAGGCCGAACAAGTGTTCTGGCAAGTGGAGACGACAGGTTAGACAATATAGTGTTCTATATCCAAGTATGTTGAATATAAGAGTCTCCAAGGTTTGAGTTTCTAACATGCATATCCAATAACTGATTCGTGTCTTATAGGTACACGCACATTTATCTGACTCGTATTCGGAGCACATGAGGTGCCATAACTGGCAGCGCTCATATCCCGTGCTATGGACGGTAACCCGAACCGATTAGCTTCTCGTCTTTAAATGCAGAAGCGGTCCGCGTATCTAACCGGTCCCACAATGCCAATCAAGGGCAATTATATACCATGAGCGCTATCCGTAGAGGGGGATCGGGATTCTCCAGGAGGTGTTTTGCTACCGCTACACAACGCTGGAATCAAGCGCCTAGTTCAACACCATGATTGCCCACTTTTGATGTGATGCAGCTAATAGAAATAGCAATACGCCCGGGCAGACGCCAATCTCGTCCTTCAACGGTGGTCGGTCGGTCTC,922,49.35,Caenorhabditis elegans
SEQ_606442,CTGCCACAGATACTTCCACGCTACCAGGGTAAACGTGACTCTCAGCCCCCGAAATCAAATTTTTCGTAGGCGTCCAATCCTCGCACGGGGACGCTGAACGTACGGACGCTACGCGAGCCGTTATGCTGACGACGAGATCACGACAACTGCTATTAGAGAGGTCCCGTCTTTTAAGCTTTGAATCTTATCGGATTGGCAGATTAATTCGCATCTGTCAGCGAAAAGCGTCGAAATTAGCAGGCCGGCTGAACCACGGTTGTTCGTGTTTAGTTTATTAATCAGTATGTTGTACAAACACCAACGGTGACCAATGGCTTGCATCGGTTTTCCTATCGTTGACCATGGTGATGGGCGAGAAACTCCGTGCAAATCGATGTCCACCTTCAAAAAAGTTCTTTGGGACAGTCGCTGTGAATCTCCCGGCCGGCTCACAATGGGATACAAAACCGGATCCACAGGTTTGGCATACTATCATTGCCAAGAATGAGTTTAGTCCATCAGCGCCATCAGCTAAGATCTAGATGCCAAGAGTCTTACTCCCCCTCAGTCGGGCGGTGCCAGCTCCAATCGTCTGGGGTCCATTTCGTATGTAACTCACGCCCGGAGGATAACTGGAGGCTAAGCACCACGCCGTGTTCCCATGTAATAAGACTTCATTCTCTCCATAAGCCGCTCCAACCAGAACAAGACTATGAGGATTTTCACTTCAAGACAGCGGTAACGACCGTAAGACATCACTTGAGGTAAGGGTCCGTCTTACGTCAAGAGGGAACCGAAGTCCTGCGAACGGTTGCACCCGACCTCAGGGACACGTTTATGTGACTTGATGACCTGAGGGATGCGCAAGAGCGTCGTGGCTCTGATCTACTGGACCGGAACCAGATAGACATGACACAGAATTGATGAGAACAAATAGTCGCCAGCGGTTAATTGAGGGTACCCCACGACGCTAACGGTCTGCGTCCCTTAGGTGGCAAGCCGCAAAAGCAAAATCGGATCGTATCATCCCGACATATTATCACGATGTTCCAAAATTCACGCACGCAAGTAGCAGGCGAGCCGCTGCTACAGATACCCTTGGCACATGCTCCAGCGGAGGGCGCTGCCAGTGGTCCAGGTGTTGTCTATACTATTTGCCGTAGCATCCAGAACCAGCCTCAAACCAGAGGACCAAACGAGAGGCCTTAAGGTGACGAACAGATCTGTTGCCCAGGCTTAAGATCTAGAACCTGGCACCACGGTTGCGAAAAGCGC,1254,51.12,Drosophila melanogaster
SEQ_835124,TTACCTACGTTTGCCATGAGGCAATAGTCGACGCTCAAATTGCATGTTTAGGATAGCAGGTTATCTGAGGGGACTTGCCAAGTATCCCATGTAGACCTCATATTGATCCGGAAGACGTATTAAGAGCGGGTAGCATTATTTTACGCCGCAGAGCCTCAACGGATAATTTCTAAGTGAATCATCCTAACGATTCTCTGTCGCCTCTGAACCAGAGTCCATCACTGAACAGTGCGGACGCGCGAGGTTATCTTCGCGAATCGCGTAGCCGCGGAAGGTTGCGGCATAAATAAGCTGATGAACAATAGAGGTCGGCAAACGCACGAAGATTGAGGATGTTTGCAACGCTAGTTGAACCAGTCCTGAATCAGTAATAATGGGTTACTACTCCTCACGACTTCATCACAACGTTGTTGCGCCGTGTTAAGATTACAAGTGTTCCCTATTTGCTGGGGATCCTAAGTATCTAACGCCCGCTCTTATCTTGACTCTTATGTAGGTTGCGTGGATTCCGTCTTATGTCCTCGAACTATGACTAACATCACAGACCAAAGGTGTGTGCGAGTCTCTTGTTTAGGTCACAGCTAGGGCTGGTAAGTAACTAAGACAGGCCGTAGTTAAGTCCACGCGACCGCTACGTGATCTGTTCCAAAGCCCTGGCGTCGGACATCCGTCATTTAGTGTTTGGCAACAGCATCTAAGCATGTGTACCATGCCGATACGGAGGATGAAAACTCCCGGAGCCGTCGTGTTATCTTCGATAAAACTGACTTGGGGTGACAATTTTCAACTGCGCGCACGACGATCAGAGTGCCTGCCGTTAGGATAAACAAGAGAACTCCGTCATCGATCGCCATGTTAATTGCTATTTGCATGAAAGATATCGTAGTTCGGAATTGCCACCAATGTCGCTGATAATTGGGAGGTACGAACGATTATGGTCATTAAACTATCACGCAAGCGGGCTCGAGGCTTCGCATCGCAGCAACCTCCTTGTGCATCTTTGATTGCCGGTTCGGTCGGGTTCATAGCGACCATATAATAATGCCAACACCGCTCAGATAGATCGCATTGACTAGCAATAATGGGTGTCTTTGCATCTGAGCTGAAACAAAGCCGGTCCCGTGCCGTTACGCTGTTAGTTGTAAGCGGCCCTTCGAGCGGAGGGGCTCGGCCCGCGAATCTGACATCACTT,1192,48.49,Saccharomyces cerevisiae
SEQ_338348,AACGTTCGACTGGGCGCGGCCTTCTCTCGAGGCAGGAATTCCACGATACCCGCTAATAAACCCCATATTGCATTCCTGAATCTTAAGTTCGGCGGACTCTCGGGTTCCGATTCCTATCCCTTGAAGCCATGTCCTAAGGCCGAGCGTTCAACGTTCCCGGCGTATCACCATGCACAACGCGCTCGAGGTTAAGCATGAAGGACTTGGCTAAGCCCCTGGCGCGCGAAATTTTGCTGAGTACCAACGGTCGTCAATAATCCTTCATCTTTCGCGAATAAAAGCTCATCTCGGCTGTGATATGATCACGGTACATTGTCTCACTGTAAGAGTCGATGAAAATACTAGGAGGGCCAAAGAGGAGAGAATAGCAGCCCTACGTACCCTCGTGTAAGGCCTATTCAACGGAACGTCCGGTTGTTTAAGGCTATTCCATTACCTCAGCAAAGTGGTAGGAAAGGCACTTTCCGATACGAGCTTACGTGGTCCGTGGCATATCATGTAAAGGGTCTGAGAGATGCCCGACTTTGAAGATTGGCCACACCTATTGCTCAACATTAGCCCGACTGAACCTGATGAAAGCACCTGTTTTCTTTGTCTTTACCCCGTAAGAGGCGGTGTGTACTGCGAAATCCTTCCGGCTAGCGCAGCAATTTAGATGGGGTTTAATCATCCGCGAAGTTTCCACCACTAGTGTCGGGCTTATAACATCTCGTCTTGCCTTGTGTATCAATAAGGTTCTACAAGGTGTGACTAATTATACAGAAACATAACAATTCAAATATTTACGTCAACCTCCGCGAGACCTCGCACGATCGCATATGCGGAACGTCGGCGAGGCACTAATATAGCAGGTGAGGTGGGCGACCACGTTAGTGAGACATATTCCGTGTGTATTTTGGCATGGCGTGAGCACTATTTCGCTCTGCTGGGTCAATAATAATCAGACTGGGTCTTAGTTCCCACATCCTTGTGAA,974,48.67,Drosophila melanogaster
SEQ_231270,TAACCTATGATAGTATAGTCAGGAGGAGAGTGCGACCGACTGCACTGTGAAAAAGTAATAGTCAACCTAGAGTCTTATTATCCAAGCACCTGTTCAGCTTGGTCACGAATGTTCCCACACCACAGCGGGGAAGTTTTACTTTGGGTCCGTCAGCTGCTGGGAGCCTGGAGAAGAAGATGCTGATAAAAGTGTTTGAGGCGGAAGAGCCACTCGGGCGTCCCTTTTTAGTTTAGGCTTCTATGAAGATATCTATGGCGTTTTAACACCCCTTAGATTAAGTGATCAAGGCCACTCTCATTCGATGAGCTAACACAGCTCCGGGGGGTAACCAAGAAGCTATGGCCAATAAAGCCGCTGGATTCGGGTTAAGCCTAGGACATAACCTGAGGGCCATACCGCTACATTAGCATGCACCATTCTAGAAAAACCGCGACCGCGATTCCACTATTGGCCGCAAACCGCATCCGAACACCACCGTGAGAGGGTACATTCCTCGTGCCTCCCTCATCACTGGTGACACCATCCGATCGTTACCGAGCTACTTTTGCGTTTGTGGGAATGGCTCACTGCTTTTTTTGGTTGTAGGCAGGCCGCCCATGCCTGGCAAAACTTGCCGTCCAAGCCACGTCATAACGGGTCAACTAGATGTATGTACTCTTCGTGCGGTTTCCCGCTTTATCGAACGTCACAATTCCATTTGCGAGTATACAAACACGATCGCTTTTAGACGAAGTGCCCTTCGAAAGGACGACCCCCTAGCGACGTAGGTGTAGATGCACTAATTTCTAGCGTTTTTCTCCTCGTCTGGTAGACGCTACTAATTGATGCCGGGCGTGCCAACTAGGAAAGGAACAGCGATGGAGTAGCTTAAGGATCGCGCGATACGTCTTAACCCCATTAAATGCCGATTAGATTTGAAGGAGAACAGTAATACTTGAGAGGTTCGTCGCACAGTATAGAAACCGACGGGGACCAGGTTGTGTACCGACAAGTTGTGACGTGTGGGTGAGGTATAACGGGTCCGCCTGGTTCGTACATTCCCCCTGCTTCTATGGACCTCTTCGCTATCTCGTGGTACTCCAATACGTACCTGTCTCCGAGCCTTCAGTTAAAGTCCATCTGGCGTCACCGGTACGCCTATATCTCGATTCCCGCTATAGGGTTCGATCCCTAGCCCTGGAATATACGGCACGCCTCGGCAGGGGTATATGCGGCGTCTTAGATCCAGGCACGCCTGGGTCCCTGACGGTAAAATGAATGATAACGACAGAGCAAACATGAAGTAAGACCAGAAAGAGATTTGTATGTTTTTACTCCAATCCAGCCCAGGGTGTATATAGCGGGACGCACTGCCGCAGAGTATTACTTTGTTGGACCACTCTTCGACGGCTCGGGGGAGGGTGTGGTCTCTTGGACCACTTTTAAGGAACGTCGGGTCGGTCTGAGTTCCGAGTGTTGATTTTAGGAATGTACACACTGTAGAGTTACTACGCTGCGGGCGTACTTCTGCTCAATATTAAATGGTTATCCCTATGTCGTCGTTTGATGTGATGTCTAGAATGGGTCCTGCTGGTTCCCTTGGATGCTAGCGGCTACACTCTCTTAACGGATGTAGCCTCTGCAAATGCTCTAGCCAAATTGTGGGATTGTAATGGTTCACAAAGAACGTTCGTCTCGTTGGCTGCTTGACCTTGGAATCCTATTTAGCAAAATACTAACTGCCTACGAGTACTGAATAACTATTTGCAATTCACACAGTTTTCCCTCGAATTCACCTAGGGACGTCCTAAATTCCGATCGACGGGGTAGAATATGAGTAATGACCTTTGCGACCGGTTATCGCATGTCGTAATGCGT,1857,49.17,Caenorhabditis elegans
SEQ_485286,CTTAGCCGAGACGACCGAAGGTCTACTTAAAGTTGTTGCTGGCAAAGCAGCTACACTGGGCCATGGGCTAGCCTACCTGTAGGATGTGGGAACTTAACCGTCCTCGCTGCTCACATGACTGCAATCTCGGGGCCCAACCCTTCAGCGACTTGCCTGGTGCCGGGCGGACGCATCGCATGCCCAACGGGTCGGTTAGAATTCATGTGGCTTGAGGGGAATAACGTCTTCCGAAACCAGGTGAAGTTGTATTTCCTAACCAAGCGGCCACGCCTATACGGCCCCACTTATATGTGTAAAACAGAAAAACGACAGGCTACCCAAGCACGCGGCAAAATCTACGCAATGAGTCGTCCTGCGTGCAGATCGGCGCTTGGCACTTACGTCATACCGCGAATTGTGCAGTGTCCTTTGGAATGTTGATCCCCCTTGCGACAGGCACTATTATCAAGAGAGTGGTTACACTCCATCTTTCCACAGATCCTCTGCATCGCACAAGGGGTCCTGGCGGGGAGAAGCATAGACTAGAAAGATGTTGCTGAAATGGTTATGGACGAATCACACATAGAAACGAGTTTTGTCGCGCGAGGCGCAGCCTGATGTAGTTAAAGTGGCGGAACACTATTTCGGTTACATCATTTCGGCACGAACCACCGCGATAGAGCCTCTAGCGAGCCTGGATTGCTATGCACCGAAACCTACGTGTTTACATATACAATCTATGAAGCTCTTATACGGTTATGAATGGAAGACCTCGGCAACCTCGTTGTACGTGTATGCGTAACCAAATCCTTACCATCGGGTAGGTTTGCTTACCAGGCCGTACGAAACGTACATGACTAGCAAGGTGACCGCCCTGTGCCGCAGAAAAGAATCAGTACTGAATCACATAACCGCTGTTGGTGGAACAACCTGTACGGTTCATTACGTCATACTATACTGTCCTCCCTTCATGAGTATCGGATGGAGTGCTCCTTCGCCGAGAAAAAACGTAGCTCGAAGGGAATCTCAGCTACGAAAGGTCCAGCGGCTGACGAAACTCTCGTGGTCCATATATCTTTTGGGAATTTTAGTTAGTGCCACCAACATATGTTTTATGCTTTGGCAGTTATGCTCGGGATCCCTGTATTATTGTTGCAAAGAAAGATTGGCCTACATTTTCAGACGGGGATGTTCTCCGCAAAGCGTTGTGATTGACAACGGGACGTTCGAGGAGTAGGGGCCGTTCACTATAGCCCACTCGTTAATCACAGGACGGTGGTGTAAGGAGCTAGGATACTAAACTAGGTTATGCCCCACTCGATAGAAGCAGGGCTTAAGAAAACAAGAAGGCTCCAGCGCACGTAGACACTTAGCTTCTGAGTAGTTTCGCGCATATGCAGGCCAATTTCGACCCCCAGTCGGGGTTGCCTTAGTTCCGCGCTTCTTCCAGCCTCGTGACTACGAGGTTGAATGAGTTCGTATCTCAGTTTAATGATTGCTAATAGCTATCATGCGAGGTAATTGGCCCGCATGTGGGACTTCATCTACGGGCAACCTCGTACTAAATGTTCATCAAACTCGCTACGGATCGTTTGTGCAGACCGGGTAGTTATCCAGGCCTTGCGGGCACGACAAGACCCAGAGAAGCAGGAATGCGAATACATTTTGACACAGCCTGTCCGACGTTCAATAGGGAACTCA,1680,49.94,Homo sapiens
SEQ_234786,GCCAGTTTGCCACAGGTAAACTTAAGTTAAGCTCGTTTCCTGGGAACAGAGGAATCTCCTTAAGGGCTCTATTCGCGCCGTCACTGCTTTGACAAGAATCCGAGGGGGGGGTCAGAGAGGGCACTAATGACGACCAGAGAAAGGACCTAACCGAGCCATCGTTTAAAGCTAAGTTTCATCATCTACCGTCACTTGAACGACTACTTATAAGATCGGAAGAAGTAGGTGCCCAATCTCAGTCGTCCTCACAGATTGAATGGCCGATTACATGTTACGTATGACAAATCGCATTACGGAATTCCTTCTGATCCTTCTTCCGCTATCAGTTCCAGATCTTCATGCTGGCTAGATTTAGAGTTAGATCGGTCCCGGCGTACAAGATTATTAGCGATTGAAGCATCGGCGGAAGTCACTAATCGGACTCACCAGCAAGGTTACAGAGTCGGGCACAAGCTGTAGAGAACGGTGGATATGGCTTGGGCGACACATGGCGCTCAATTGCTAAAAATCGAGACCGACTGATCGAACGTAGTAACTTTTTAGAAGGAGTCACAAGAAGGTTACACGACGTCTATCGCTCTCCCGTGAGGGCAAGGCGGTATAAGTGGGATGCGATACTATATACAACAGTATAGTCGCCTCCATCTCACATCGGTCTTTACGGTCCTCATAAAATTTTTCGCAATACATCCTTAAGCTAGATGGTTAGAACGCTGGCACAGCGACAGGGCGAAACATATATTTCATGAGCGTGGCTACGTATCATTCGCTTTCTAAGAGCACACACATGAACATTCATTACTTGCGGCAGAAGCAAAAAGGACGTTTTCCTTGCATGAAGTATAAGTGGTGACTCTTATGTGCTAGATCCATGGCCATGGCTCCACATGGCCCCGGCTAGCTCTGCAATAGTACCTTTCGGACTGTGAGTCTCTCGGAACAGCTGGACTAGAGCCGCGTGTCGACGGGATCGTCCAATCGGCACCTTGTAAGGTATAGCTGAGGGTGGTTGCTGCAACCAGTGACGTCCCCTACTGGCCTGGTGCCCAGCCCGTTATGCACAATCTTTGACCGGCGACGCGGACGACCCTCAAAACGTTGTTTCGGGTTCCTGCACAACGCGGTGTCAGATAGCCTGATTGCTAGTTTCTTTTCGGGTATCTTGGTAAGACACAGGCGCCGCAAGGGTACCTAACATTTTGTCCGCAGACTCGGAGGTGGACATTCCGACCGCCAAATCAAACCGGTGTGAATACTTATTATCCAGACCGTGCAATCGCACTCGGATTCCTCGCTTGATGTGTGTCATATGTAATGCCCAGGCGAATAATCTTGACTGATGCCTCAATTCCTCGTAAGTGGATGGATCGACCGATATCATCCCCACACTGGATTTTTCTTCTTCCGGCTGTCAGCACCTTCACTACCTCATTCATAGCTGGTTACCTCGATACACATTCATACGCCTTTATCTAAGTTACAGGGCACACTCTAATTCCCCCTTTGTCCCTGCCCCCAATGGATTTGTAGTCGCGTTAGAGGACTGGGATCTTTAGATTAATGAACACACGACAGGGGCTCCCTGCTAATGACTCGGGTTAACGAGACCAAACTTGGGCTCCGAGAGATTCAGAGGGAATTGAAGACGTTAAACCTCACCGTACATTCGATCCTAGGCTATGTTTGAACGCCTCCAATGGATAAGTCCCTTCCCCCGCCTTCGGTCATGTTACCAAGCCACGTGCAGACTCTGGCG,1756,49.2,Escherichia coli
SEQ_613803,GCTAGCAGAAATGTGTAGAGAGCCACCCATCTCGGCTTAGGTCCTAATAGGAGTGCCGGACTAATTCCACTATTTTAGCGATCTTACCACCTACAACACAGACTGAGCCGGCACCGGCATTTCAACCGTTACGATAACTTGGGCCTACCATCTTAAATGTTCACTCACCAAATGGCAATTAGTAATCTTGCATGCCAGCCACATCCTAGACTCTTACAGATGAGAGAAATGTATACTGTAGCAGAACAAACCTACACTGATTCAGCCACTCGCCGAGAGCCCCAGGAATACTGAGGGATGCTTTGAACACAAGGCCACATGATAACCAAGCGTTAGGAAGAAGAACCGACTTTAAACACTTATTCGACTATGCGAAGGAGTCTGGGTTCAAACACACGGCGGTGGTGATCGTTGGCCTCTGGTTTTCCAATCCGGGGTATCCGATAGCTAAGCCATCTAGAGCTAAGATACTAGCGGGGACTGCTTAGAAGTTAAATGGACCAAAATTTCCAAGCAGAGGCAGACTGAGGTGCAATTACCCCGCGCAGAGAGTCGTGTGACCAGGGAGCTGTCAATAGCCCGTTAAAATTTCTTTCAACTACGCGCTTAACGCTTCCTAAGATCTCAGTCGTTAACGTCGGGGTACAGCCAAATACCCTCCCGATACAGTGGTTCCCGATATAGGTCGTGCACTCCATTAATTGTCTCGATCCACCTCCGTCACTGCAACGCGACTCCAAACGTACAACACACTCGTGCCAAAGAAATCCCGACAGGGCCCACAACAGGGCATAGCTTTCGCCACCAAGCGGAACACAATTTACCGGGCCAAACCAAGGAGGAAGGAGTTCTGCCTATGTGAGGTGGCTGCAGAAAGCATATTTTCAGTGCGCAAGACGGGGAGGCAGGCACCGATACTAGGTCAGGATAGACGCCATCGGTTGGATATTCCGTGGAGCCCTAGTTTAGATTGAGACGTTGCGTATATCGAGGGATGCGTCCTGGGATCGAGCCGACATCTTTGTTGACACCCTACACTTTCACCAGTCCGGCTGACTACTACAAGTGACCCGGCCGAACGCCGGGAGAGCGCGAAGACTATCTTTTGGGGAGTACGGGAACTCCCAATGTCTAGTTTTCGAAAACTCGAACGTGTGACACAGGGCTCGTTGTAAACCAGAATTCCAACGCGGCTGTTTGGGGCCAGAGCCTCTACGTTCACTATC,1226,50.41,Drosophila melanogaster
SEQ_818792,ACAAAGGGTAGACTTCTATTGAGAAGCGGAGGGGCGTCCATCATTTGGCAGGGTCACTTGGTAAACATATGATCCTACAGACCCTCTACTTGAAATCACGAGTTCTCGGCGGTGGCGCTTCTTGTAGAGTCTACAATCTCCCCGTTACCTGCATCTTACTTTGGCCATTTTATATCAGTGCCCACGTTGACATGCTTCTGCCGAACAAGGCTCCAGGAGAATGCGCTACGTAATTAGTGCGGATCGGGGTAGGTCTAACCCAGCCGTGTCGTGAACTTGTTGTACTCCCACTGAGCGCGCGTGGTCTTATCGCTGAGTAGTGTCGTCTGCGGGGAGTACTCCGCTTTCTCACAACACTATCAAGGGCGTAGAAAAACCACCAACGAAAACTCTCAAATTCGAAGAGTTAGATCTTAGTATAAGTCCCAAACGCCCCGTGTGTGTATACACTTGAATCCCATTCCACGTGCAAATACTTTGACCATCAGTAGGCTAACCTGCATATGGTAGGCAAGTTGATGTCTAAGTAGCGCTTCAGTTGAACCTTCTGTGGGCGACCTCCTACACGTGAAAATTACCCACAGTGCACACAAAAAGGTCGCAGATACCATCCTGCAGTTTTATACATGCAATGCCTGCGGATAGAACATTAGGTGAACTCCGCACATGAACTATCCCGTTGCACACCCATTCGTGGCCGACTCGGACGTCGGGTGTTCGAAAGCGTA,728,49.18,Saccharomyces cerevisiae
SEQ_596795,GTGCTGCAGAAGGCGCCGGCATGGGTAGCTACGTTAAGAGCACAAGATTGGCCGCAGGAGACTGTCATTGTGTACGAACTGAGGGATAGGGAGTCTGTCGACATGGGAAACGGGGCCTCGGGCAATGATGGTTGGGCCATTTGTGCGTACAGGAGGGCACGAACGCGCGGGCTACGTAATCATACAACAGTAGCCCATGATCCTACTTATGTGGTCCCGGAGTATGTTATCTGCATTGGGGAACCGACGCGAGTTGGGGGTTCTTGCATGCTAATTTCCGCATATAGTCGGCATATCTGTTGGTTCGCCGTCTTATCAAGAAAGAGATGCAGGGTACTTCACACCCTTGTTGAATCGGTTGGCCGTCTTAAGTGTGTTGCTCAATGCAAACTAATGAGAGACCCACTAATGCGGTCTGGAAGACTGCCGTCATTGCAGTTGACATAAATCGGGCCAGTTGAAATAGTGGGCATAGTACTCACCAGGGTCGCGGTCCCATGACTAATAAGCCAAAGCGGTAGGGTGAATAACTAGACCTACATAAGTTCGCCTCCCAATTCTTATGAGAGTGCGCGTATCTTCTGATGGAGATACATGCTCGTCCGATTAGAGTCTATGCGACTTTAGGGCTCTAAAGGGCTCAGATAACGCACGCCACCGCAAGCCCGGCCCACGGGCTGCTCTGATTTACAGATGCTTAAACGCGATACAACTTGGCAGTATGGTTTGGATGGCTCTCCATCAGATTTCCCACTTTAATCCTCCGTATTACACTTTTGGAGCCCGCAACAGTGGTGTGGTTCACGACTAACG,813,50.92,Drosophila melanogaster
SEQ_996361,GAAGTGATTTGGTTATGTGCTCAGTAAAAGCTCCCTCGGGCTCAGCTAAGATGACTAGACGACTGTTCATGCTTGGTTGACGACCCTCATGACGTAGACGAAGGTCACGGCACCTTAGCGGCGACGTTGAGGAATGAATGGAGTCCAAATCAACAGGTCGGTATTGAGTTAACGGCCCTAGACTCCTCGTTCCGATGGTCTCCTTTCCATTTAAGGTCCTGCCACGTATACTACACATTAAATTTTCACTCAACGACACCTATTGTTGCTGTTAAACCCCGACGACTCGGGGTCCCATAAACCGGACTATTTGAGTCGATATCTCTAATGCTCCGGACAATATGCCGGTGTTAAACACGCCCTCTACCCAGACAGCCGTAGAGACGGTGATTCTCCGCTTTCCTGGGATAAGAATGCGCCACGTGACCGGTGCTACTCCTTGTGTACCGTTTAAATGATAACTGTATGGAAGTTGTGTCAGTCCCCGCATCGTCGAATCCGGTCGGTACGACAACTGGATCCGGAAGGGTGGCAGGGTCTCTGTCCCTGCACCGGAGGGCATGTACAGCAGTTAAATTCTTCCAGCCGACCATAATGCTTACATGCTACGACGTGATTAATTTTCATGTTACTTGCAGTGGGGTAGCAGTGTCACACTGTCCCCGGTTCGGCGGCCGGCCACCTACGGAGATTTCTATATTTTACTCAATCCCACCACTAACCCCTGAACCGTTACGTGTTGACATTAGCCGCGAGGGTCAAGAGTTACATATAGTAACACTGTCCTTAGTCTGATCGGGTCGTATTTGCCGCCGCTAGATCATTGCAGGCATTGTAACTTAAGACTAAGAAATCCGTCGGTCTGCATCTCCAAGTAGAGAATATGTATATTGGACCTGCTCACTATATGCAACACGCGTATCCCTCTTGTATCGCCCCCAAGTGCTCGAATACGCCAAATTATCCCTATGTTGTGCAACGAAGCAGTTCCGACATTAAGGTACCGTTTCCCTTGGGCGGATTCTTATACGCTACGAGGGAACATCGCGGTGGTGCTGCGTACAGTGTCTCAACTCTCTGCCTAGTAGCCTGTTGGCATGGTTTTGTGTACGGCGTCGAACTCCAATGTAAGGCGATTTGTAAGACATTGGGCGGGAAAAGGATTAAGCCGCGTCGTTAAAGGAATGTACCGCTCAGTGATCGATGGCTGGTGTCGGGGTTACGGGACAGGAAATCTTTTATTACCACTGCGCTTTGCCATGTCACTGACTCATCGTTATACGGTTTCAACAGTCCCTACCTAAGTTAGAGACAAAGCTCAAAGAAGTGGCCATTAAAGGAGTATACACTCAGAGCCTCATCCAACTGCAAAGTTGTCATGGCATTTGCCGAGCCCATCACTCATCTTAGAGCTTCTAACGAGCTAAAATCTGCTGGGGTGAATTTCGGAGCGAACTACATATGTAATACATAATCTCAGATTTCATATAGACCCCGGATACATAGCACCGGATACTTGGCCTACGAGTGCATGTCAACCTACGTACGTAGTACAGGTTTTTGGCCCCCTATGGAAAGA,1579,48.64,Homo sapiens
SEQ_503423,TATTGAGGGGATTAGTGTCCCGCTCGTTTCCGCGTTAAAATGAGAGCCCGATTAGACCGCTTCACCTATCTCGATAATACGTTCCATTAATAAACGGCGCCCTACTCCCGATTCCTGTAGAATCCCGTACCCAGGTTGGCTCGACGGCAGGCGAAAACTACAGGCGTCGGCTTGTCGTGTGTTATAGATCGCTCTATATAGACCCGTAGTTTTGGTGCGCGTGACGTCGAGGGGACTTCCTTGCACCCGCGTCAGTTTGATGATGCAGTCCGGGATAGGGAGAGCGGCTTTCCCGCAAGCCTGGAACTCCTGAAGTCGCGGAGCCGTACTGCATTAGCAGCAGCCTAGGGCGGGTACTGTTCATTCCAAATGGTAACCGCCGCGTCTTATGCCTCGAGTGACCGTCTTTTCCTTCCCGGTACTCTCTTAATTATTTGCAGTAGCCGTGAGTATTGGCTCTTTACGGTTCCCCGTGGCGCCCGTGAACTCCGGTAAATGACTATGACATTGGATTCTGTGGTCCGTTAGGGTGTACATCAAGCAATTATAATTTAGCGTAGGCGCATCACACGTTTGGCTACACAGCACAATCAATAGAGTTGATGAATGATCAGAGAGATTGACTGGCTGTGAAAAAACGCGTGATTTTTTCGCAGATAGTGGACCTATTGCTTCGGGCTACTTAAGTTAACTCCTTGCATGTTTCTGCAATAGAGCGCAAGTTTGGGCTTAAGAATGGAAAATTCCCAG,750,49.87,Saccharomyces cerevisiae
SEQ_483472,GGCGCTAGATAGGATTGCAATCCAAAACACCGCGCTTACAGCTCGCACTCTCGATTGTGTCTATCAGCGCCTGCTAAACGGCCACAGTTTCTAAGGATCAAAATTAGGCGTTTCGCGTGACCAAGCGCCGGATGCGCACGCCTATGCTTGTCATGAGCTGCCACTTTTAATTTACCTCCGGTTATGGCTGCCCTAGAACTAACTGGCCCACAATGTGTCTTCGGTCCCTATTTTGAAAGTTTATGAACGATCCCGCGAAACAGCTGTGAAAAAGCTCGAACCTAATGAGTCTTGTTCTTGGGCCGAACTCTGCACTGCCTATCACGTAAAGACCAGACCTGTCGCTTCAGTTACACAAGCTAGTACCCAGAGTTGCTCTTAATCTGCGAAGCCGGATGACAACGAACGAGCCAGTACACTCGTATGACCACTTGGATTGCCCGACCAGTTCACCGTAGGACTGTGCGGTTGGGTTATTTGCCCGAAGCGGGGCCCAGTCCGCGGGATAAAGCACTCTTTTGCGCGCAAGATTCGTACTAGCCCTAGACAAGTCGTTGCTTTTACCTCTTAATTTAGAGTTCTCATTTACGCTCGAGCCGCGGTCTTGTCAAGCCTGGTCTCCCACCCGTTCCGGTATTGGTCTAATCTCTCGCGGATCATCACACTGAGCTTGAGACGTAGGCTGCGACTTGCATCCTTTGTAAGGGGCTATCTGGTC,718,51.25,Homo sapiens
SEQ_853919,GGCTGGACATTGTCTGGTTCAAAGATTAACAAACTTCCAGAGTTGGCACCGAGCTGACGCACAATACGAGTCGATTTATCGCATCATGTCTCGTGGTAGTCCTGGGGATATCGTATAGTACAAATGAGACACTTATTGAGGCGGACTCAGCTAGATGTCGCATTACCTGACGAAGCAATGCTCACAGACGACCAGTCGCTGGGGCAATTTTTCTCTTAGCCCACTGAAGTCAATCTCTCTACACAAGCAGCTAAGCGAGCGTGTTAGGTGGATTCGCAGGCCGTTTATTAATACCCACCCATGAAAGAACGCTAACCCGTCCATACGCCTGCAGGCATACATGGCAGGCCATCTGAAACTGATATCACAGAATTTGACGCTCTGTCCAGGGGGATATTCTCCAATGGTAACTTGACGATCACGGCTGGTGAGCTTAAAAATGGGGTGAGATACATTATCGGAGTCTGTAGGTAATACGAGAATCCCTACATCACGCGAGTAAATGAAACGAGTCATATAGCGCGTCAACGGCATGTCGACCTACGGGGTCCCGCTGCTTAATCGCAGAGTGGTACCTACGTCCTCCTGGCGTATTGTTCTGACCCAAGCGTCGTCATTGTCAGATGCATTAACCAGCAATTGCTCGTATTTCGTGAATGATGATGTGGAATGATATAGTCAGGGGCACCTATTTCGCTATTATTCGTGACGAGAATCCGTCCTTTCTATTAGCGGCAAACAGATTCGATGGGACGTGCAGATGCAGTAGCTCCCGCCCCAAAGTCGGTGGACCTATGTCAGCTATTAAAAAAACTCGTAATTAAACTGATTACGTGTCTTTAAGTCGCGCGGAAGAGACCCTAACCCGTTCCTGGAATCAAAGAACCCTGAGTTGCATACGCCTACTGGATCTAAGAAAATGTATTTGGACGAAGCTACCAACGTTGAAAGGGCGAGATACCATATGTCACAACCAGGGGCTGCAAATCGGTTTATTGAGTCTGTGACCGGCAGCTCGGGGATGACCCAATACGCTTGTGCGTTACTCTGCATATTATAGGGGTCCACCGGATTGCCTCAGCCCAATATATGAGATTTGTGGTACTACAAAGGAAGGGAGTTATGGTGTAACAGTGCCACTAAAATGCTACCTAAACATTTTGGTCACCTGACTAGATTGGATTCACATCGGGCCCCATCTTCTGTGTGTGACTATGCGATTTGGGGTTGTATCTGGCTTCAGTAGTGGCAGTCGGTTACAGCACCGACCATGATTGCGGAGGCCAACGGGAGCGGAAATTTCACATGAGACTGTCTGTATGAACTAACCTAGTTGGAGTGCACAACCCGCTCGGGTATCAGGGGAATCCGGCTCGCGTTTTCTTGACATCGAAAGCACCGTCTGGGAGATCGCGCCTGTATAGCGGTTGCGTAGTGAAAGATTCGAAGACTCGCTCGCTGCTTGTGAGAACGCTTGCAACAGTCTTGGAACTGGCGCCAAATTGAGGAAGCACTCGCAGTATATTCATCAGGAATTCCGATTTTTATCCCGCTTATGTCGATGATTATAAAAGACCATACTATAAGTCTAGCGGACCCCTTGACCATGTGCCTCGATCCAATACGATACCGTGACGGTGACTCTGGCGAATCGTACGTGGGATTTTAGAAAAAAGCTTGGCCATAATCGCTTGCACAAAATTGTTAAAATGCCGGGTAGTTGCCGTCGCGTTAGCTTGAGGGAGGCACTCGGGTTAGAAAAGAGTTGCAGTAGCTTCAGACCGTTCGGAAAGATTTCAGATGAAATGGCGACGTCTGGGGATATCATATGGAGTTACATTATGGCCTCGGCCGATTCATAGAATCTATGTGGCGGTGTGCTCATCGTGGTTATGAGTGGCGAATCTCTGCATCAAACACTAGGTTCCAACA,1932,48.08,Escherichia coli
SEQ_819859,CGGTGCTTCGAAGAAGGACTTGTCTACGTGCTATTTCCGGGCCAAATAGAGAAGTTGTAACGACACTGTTCGGTTTTCGCTTACTGTACATGGCAAGGCATGGCTACAATTACCTCTATGCGCAATTACGGAGGGGCTCGATTGACAACGGCTCTTTCGGACCCCGTATCTAAACCATATGAGAGGGCCCCGTGTCTGCTAGCGACCGACGGCGAAGTAGAGTCCCTCGCGTCGGTCACAACTGTGCCATACAAATTGATAAGACCAGGACAGCCCCACCGCGGGGATGAATCCGCGGGAGTGCGTTGCGAAGAGAGGCAGGACGGGACCCGAGGCTAGCATTGTGAATCCACAGCCATTCCAATTGGCTGTAGTGATCGAGATCGGTAATGGGCTATGACAATCAGGGGGATGAGGGGACAGCTGGCTACTTATCACTCTAATATTACTAACCCTACGGTCGTCCTCTGACGGTTATATTGGACACACGAACGGATGGCCGTCCTGTCACAGCCCCTAAGGGTGTCATAGTAGCGCAAGTGAAGTGCGCAAGGGTCGCGCCGACGTAGGATGTACGCCGACTCACTGTCTTCTGTACGGCTCGTGATCACCTCCAGACACTGACCAACAATCCCTAAACATTACTGTTTCTGAAACAGTCTACAATTGCTGTCATATCGTGCTAGGATTTTATGTGTCAAGAGCCTCACCACGATGGACAATCTTGCTACAACCACGTGATCCACTCGGGCTTACAGTTATCCTAACCCCTAATCCCGCTCCGTCGGCCCATACGTCTGCCATAGCTAGATTTGGATCCCAGATTCTTTTTATAGCTTGCGCCACTCGTGATCCACGTCGAGCTATCATCTGAGCGAGCGGTCGAGATACATGGGTGCCCCGTGAATGGTCAAATGCAAGTATCGCGTGAGGCCATCCTCGTTGCCCTAGCCAGCATTGGAGCATATGTGGCATGAACCGGGTGCGTACTACATGCATTAGGTGTAATAAGTAGGCTCACATCCAATTATGCCGAAGAAGGCCTGGTTCAATCATACTACTTGTGCTACGTCTCCACCTAACTTAGACTGTATCTAAGGAAGGCCCCCAGCAAAGGCGCGACATAAAACTTAGGGCACAACTCACCTCTATAGTGACATACTGTATCAATTAGAAGCGCCCGTCAGAATTCCGCATATCCGTCCTACCGATTCCTCGGCTTTCTCCTTGATCCCGGCCGAAGCGGACTGGAAGGTTGCCGGATGCGGTACAGGCCAAAGCACCAAGTCCGTTAATGTCGGGCGAGCATGTAGCAAAACGTCTTGCTTATCTTTTTGTGCCCTTACAGATCCTCCTTAGCGCTCGTCCCCCAGTTTAAATGTTATACGAGCACGGTTGTGGTCGCAGTGTGTGACGTAAGCTTAGGAATGAGCCGTTTGAGATGTCGACGCCTTACCCAGAGAAGACGACATTGGCTCGACAGAGCATATTCGCGTCTTTC,1501,51.57,Escherichia coli
SEQ_281128,CTGTCATTCGCTAATCTATGAGTCAGCCCACGACTGGCTGCTCCATTTCGTCAGGACAAGTGTCTATTCGGTTGAGGGGCAGTGGTACGGACTTACTTGCATCATTGTTAAAACAGGGATGACGCACTCTAAGTTTACACTCATACTGAAGCCGCCTCCAGTTACGGCGTGCAGTGGACAGGAACGGGCTATTATTGGCACGGCTACGCGAAAATAATTCCTCAAGCCGACCTTGGGTTTCTCTAGTATTTGTTCCTCGCCCTGACCATATGATCGATAGACTAGGTCTTTCCGGCTATTAGTAATCTCGGGACAAAGGAGGACCGGATCTTTGACTAGCTGGTTACTCAAGACGCTCGTACAAGTGCAGTTCATTATAGGTAGATTACTGGAGCATTGCCCTCTCAAATGATCCTGGGGGCGGCCTGCACATCGCTGAATGGGACTAAGCGAAGTATATGGCCCAGGGCGATGCATTGCATTAGGCTTGAGCCCGAGTGGGATTGTCTACTTGGGTATACGGTAACTGTCAACCCGGCGCCATACTACAGTGTAGGACCGGGCACATCTCAGGAGTAGAGTACCAGCCTACTCGCTCCATCTGGGGCTATATATTACGACAGGGCGTTACACCTCTATGTCCACAAGAGTATGTCCCCCGACTCGATCGAATCGATCCTGAAACAGGATCATCAAATCCTTTCACAGAGTTACATCGCGTCGTATGTTGTGTTTCGAAGTAAGCGCGTTTGCTTTTATGTCCAATGTTTCCCTTCGTTCGAGGGCCACGGGACTTGGATTCCAATCCGATAAGGTATGGGAATGCCTGGGTCCGTACCGGTAAATTCACGCCTTAATCCGGGGAATAGTATGGACCCCAAGTAGGTCCGGAATATGGCGGCGCCCCTTCACGAACGAGAGGACCAAGCCAAATAAACATATAATATAGGGCGAAAGACCTTAATGTTCATTTATAAGGGTACTACGTTCCAGTAAGATCCGGCCGATTATTAAATGGATTTGTCTAACGTGTTGGATACCGGCGGTTGACCCTCGTTATAATTGCCATGCGAAACCGACCTTCGGTGAGCTTAGCCCTGCTTTCTCAAATGCCGCCGGCTCAATCGAACCCATATTGAGAGTTAGTCCCAAGTATACAAGTTAAAC,1167,49.01,Arabidopsis thaliana
SEQ_833976,TAAGGGAGCGCTGACAAATGCAGACAGATTGCTATGGCGACACAGGTAACGTTCGTTTTGGGTTGGAACGAGTTAAAGTCCTGCTTATGTGGACATCCGGCCTTGTGGATGCTGGAGTGGTGACTAGCATCGCTAGCGTTTCAGTCTGCTGTAGCGTTACCGAGAGATCGTATGACGCGTTTCCATTTACCAGCTCTGATACCTCTGCAGCTGGTTGAAGACGGAATCTGAGGTATGCGTTTGACTAGTCCCGGGAAATGAATAGATTTGGTCGGTTCGGCGGTGTAATACGGACTCGTATCGTGCCAGTATTAGACGAGTAGCCTCTCGGCCGTCCGCGTGGCCTGCACTTAAGGTACCGTCTTTAGAGTTATGCGGATCGCATAATAAAACGCCTAGGAGATGTATTTCGAATTCGAACGAGATCCGAGAATGGCTAATAATTGGCATCTACGCTGCACGTCAGCAACCCCGTATTTTTTATCGCTTGTCCTTCATTCAAATTTGCGCCTGTTATAAAGGTAGGGTAGCGACGTGGCGGTTGCGTATCGCCCAGGAACCCGACAGAGCATGAAGATTTAAGTCCTATTACCCACAGCCTCTCGCTGATTTCCGGGTGAAGACGCCGTCGTAGGGCATCCCACGAGATTACCGCATGTGTTAAGGCTATGAGACCACCCAACCTCCAATAACGGTATGCCCTGCGGCCAATGAACTAGGCGCTGCACGCCACCCTGCATAGGCCCCAACTGGAACCAGCTTTATCAGCGGACCGGTCTCATGCGAAGGTGCCACTGGGAGGTAAATCTCTAATTTAAATGGGCTTGCCCAGACTGTTTGTACTACTTGCATAACTATACGCCCCCCCCTGATGTGACGGGGAGAGTTGCGTTTAGTCGCCGGGGAGTAAAACTGATCCGTTTACATGTGATTATAGGCCATGCACAGAGTTTCCTTAAAAATTCCACGTTGTATAGGGCTCTCAAACTGTTGTGCAACTTAAGGAATCCTTTCGAGTCCACGGGCCGGCCCATCAGGATGTTTGACCCTGTATTATTCAGTACGGATGGAGTGTTCCTTTAGCCACCAGCTGTGCCTCGTTTCCGCGATGTCCGTAGCTTCTGGTTCATTTGTGCTGATGCGGAGGTGGCTAGTGCAGCCTTCGAAATTAAAACCCAGACGAAAGTATCAGCAACTCTGTCCTATTGGTGTCGGCGAGATGACGGATCGGTCGCCTACCGCCCCAATACGCTCGTCAAAGATCGAGTCCTACGCAGAGTATTACCGACCACCGAAACTACCGGGTAGTGGAGACCGAAGACTCCAATCTCACTCGATACTGGAGATCGGCCCCTCCCGCATATCTGTTAGTTATGAACTGATGGGGGTAATAGGCAAACTATTAATCTCAATTCCGACCATTCGACGGTATTTACA,1437,50.45,Saccharomyces cerevisiae
SEQ_945092,GTTAGGCTACTCTACCTCCAACAAGGCATCGAGACTGGATAGCTGCTGGTGCAGCATTAAAGAAGAGTGGTCTTGCATCGGGAGCTCGAGTTCAAATCGGAGTTCTCACCTGCACTGCGTGTCTCTGTCACGTTGCCATCAAGGATTGTACTATCTCGCGGCTGAAATACCTTAACAGGTCCCGACCCATGTCTGCTATGGTTCTTTAATTTCGTGATGAGACTCCGCGTCTCTCCCGCGAGAACTTCACTTTGTTCAGGTACAATAAGTAGCAGGAACCGGGGGGCTCTCATGACAGGCTTACCTCCAATGTCTGAAGCGCGAAGCGCGCTGGATATACTTGGTGCTGGGCATACGAAACTGGAACAGCGGAGCGCAAGATCGAAAGGTAACTGGAGCCTACCTTGGACGATAAGGACGCTGGCACCCGCTCGATTGTATTGCCTAGCGTAGCTCGCACTAATGACAGAGATATCGTGCTCTTGAATTTATTCGACCGGCTGTGGGCTCGTCTTGGATGCACACTGCTCTTGGGTCTCGGGGTTTTAACCTGTAGCTCGATCCTAGTAAGATTCTACACTTGGGCCCGGACATACGTCATAAAGTGCGGAGCCTCGGGTTTATCCCAGTTGTACTACGAGGGCCGTCTGACGGCTGGAACGCGACGAACCTCAAAACGACCACCATGGGTGCAATTTTATGTAGGAAGCATTTACCGAATGAAGGTACGGGCTCTGCCCCTTCGTCTCCCAAGCTCAGCTCAGCTCTAGCCACGCCTACGATTTATACGCCGATAGTTCAGTAGGGGCGGGGCACATCGTGGGTGCGGACTTAAATGGACTTCTTTAGCATCAATATAGCCCCAGAGACTCACTAGTATGCCCAGGTATG,891,52.08,Escherichia coli
SEQ_860709,GAAATATAGCAAATTATCTCATCACAGGTGCTTTTGTCTCGGAAGAAGTTCTGTTCCGATTCCCATCTGAATCTGGACCCGGTCATTGTCTTTCTCGGTTTCAAGTTAGGTTTAAAATGACTGCAGTTGACAAGCTCACGGCAGTGTTCAGTCTTCCGCGCGATATATTCCAAAATTGCAAGACACTTCAGAACGTATCTGTCGTGTAACCTTTGTCTTTGTATATCACGGGGTAATAGACCCTTTAATTCATGGATCGTTCAGTGAGGAATTATATACTAATGGCTCAGTTCGACTATCTTGAACCCGCGTCTACTTATAACCCCACATACAATTGGCTGTATGAGAGTTTGATCCGACTAAACAAATTTAGAACTGGGGTCAAGACCCGGTAGTGACCTTTGAAAGACGCCCGAATGCGACCTAGAGAGAACCAACGCCCATATCACGGGGGTCAGTCCGCACCACGTGATTACTTTTCGCTTTTTTACGTGACCTAATACCTCAGAGAAATTACAAACTCGTATACCGAAGCTCTGCAAAGGAGCCCTCTGCAGTGCGCAAAGTCCTTGTGGGGATGCTACATTGTAGTATAAGGACCTCGTGAATAGACGACGGAAGGGTGCATCGATACCGGCCAAGCAGCACTATGACGGATACCGACATACGGCCTCTGGCGTTACTGGGTCTTGTAGAATCTTTGTAAACAATTGCTACATTATGCGCTATTGCAAACCCAAATTACAAGCGGCGAGGCGGTTACGGAAGATAACCGATTCTCGCCAACGGATAAAATGTTCACAACCCAGATGTCAGGAGATGCCGACGCCAGCTTAGAGTCTGACGCATCTATACGAGTGGGTAGGTAAGGGCACGATGGAACACTCAGGAACTCCCGGAAGGCCCCCCGGACGTCAGATGTAACGCACCGGGCGGGGATCGCGCGACGACGCCGTTCAACGTACAGAATGTTTGCTAAATGG,983,47.71,Escherichia coli
SEQ_319724,GCAGTGGAGGGAGGGCCATGACCCAGCATACCGCCGTTGCCACGGGTGCGTTTACTTAGCACAACCTGGTGAAACCGCAGTCCGACTCACGATAGTACCGGATAAGGAGGCTGCGAGTTGTACTCAGAATGCTCGACCGAGAAACTAATTCCGACAACGCTAACGTGCGATTGAAATATTATTGAAAAACAATACAGCGCAACAGTAGCGACCCAGGAGGATCAGTACGTGGAACTACTGCTTCCAAGGCCCTGAAGCGCATCCACCCAATAACTAGAACCAACCTAATCAGCCCCAAGTTGACCACTAAAAATCTTCAGCCCCAGGCCGTACACACGGTAACCGTAACCAAAGCTACCTAGCGTACTAACCCGTTTAAAAATCGATTGTGGGCCTCTCTCTTTCAATGCACATTTATGAAGGGATAATACTGATTTTTTTTTTTAAAGGAGAGCTTTTATTCCAGTGTACGACGTGTCAGTTCCAGTGAGAATGGCGGAGGAAGTACTGGCCTTTCAACGCTCACCCTAGACCGATCGTCTAAAGCCAAATACAGCCGTATCATCGTGACAAAGCCCTTTCGCAGGGACCCATCAACCACTGCTTTTAGACATACTTTATACTGAGGACCGCGAGGGCCGTTTAACATGTCACTCTTGTAGTACCCCCCTAAGTCTCAGGACTAAGCGAGACGGCTAATAGTCTCTGAGCCCGGCGCTGGGGCCAACGTTATACCGTACACTGCTACAGGTGTAGTCCCCGGAAAGGGTCTAATACCACGTTTTGTTAGCAAATACACCCAGCTGATCAATCACTTAACATTTGAGTCATTCCTATTAACGCCGTAGATCCTGCTCCCACTACCCCTTCTATGGGCATAGCGTTTTGCACGTCATGACCGACACTAGAATCTTTGTCCTATGAGCAAGGTTCAGCGTTGGAAAGTGATATGTACGCTAATTAGATTGGCCGGTACGAAACTGTAGTCAGAGACACGTCAACAAAGAATTTTGAAAGTGTGCACAGTCAGCATGACACCCCATTCACCATTCTATGCCCGCTATGCCGCTTCCCAGGGACATGCGCCACGCCGGGGCAACGACCCACGTAGTAGGCTTGACGCCGCTGGTCAGTGGCCGATCGTCGGTTTGTGTGCCAATACTTTATTCTTGCTTGAACCCGCTCCGCAAATACGTAGAAGGAATCTTATACAGATACCTGTGCCGACCGATGATCAGGCACTTCGAGGTGCAACGTTGCTTCTACCTACAGCACGTCAGATAGCTCGGTCTGCCCGCAGGGCCAATATCTGCTGCTTAGGCCGAGCAAACGCTTGAAAAGCTTAATAGACAGCTATAAGAAGCTGGTATACGGCACTTGACTTGGACGAGCTGAGTATCGCACTATCCGATAGCACCACGTGCGTACTACTACGTAAAAAGTAGCAATTGCTGCCCACGCATTCATGCGATATGTTGAAAACGCCGGCATTTGCATCTTCCCATACGTAATCCAAGTCACGAAGCCCGTTGTTGATTTTGACAAGGAGTGTAGCTTCTTTGGGAGACTCCGATTATGTCGCTTTAGTACGCAATGTGTTCCGCTAAGCTCTCAAATCAATACATTTGACATCAACGGCACGGGCGCCCATCGGCGGCCGGCGAGCGGGACCCAAGCATTGCCTACTAGTCCAATTATCTACTTTTGGTAGAACGGATGACCACTGCGGCATCGAACTCGATCTACCTCTAGGGTGTAACTCGCTCGGGTCCGTGGGTCGGACCCGCCCTGCAGACCCCCACTATTGAACATCGAGTGTTCCTCTTCATGTAGCAATGATGAGAACGA,1848,49.84,Arabidopsis thaliana
SEQ_337184,CGGCCGGTGAACCCGTATATCGCGGCAGTGGGGTTTAGTGTGAGTGTAACGAATTATAGGCAAGGAATGAGTAGCAAGAGACAGATGAGGTGGCATTGCAAGCACGCCACGGGCTGGAGAAGACTATGGACCTTCGTTGTCAGAACCTGTTCTCTGCTTAATCCCTATATACACGGTTGTGATCGATTGGAAGCGGGTGCGCGTGAGGCCAAGCGAGGCCATGATATCTCTCCACTCGGGGGCCCTCTCTAGTTCCTAGTAACTAACTACCCCTCGTAAAGCCATTTGCCTGAAGGAACGATGCTAAGCCTAACTCGTCAGGGGTTTATACGGCCGGGTTAAGCAGGTTCCCTGGGAATCGTCTCTATTTATCAATTGGCTGTCGAACAGCGGACCTCGTTGGTGGGCGGCCTATGGTATAATGTTAGTATATAGTAGGCCTCGGTGCAGGCACGGGGGCTCCCTGGGTAATGGCGCCCTCAATCCAACGATTGTTGTCGACGAAGATTTACTCGGATAGGGTCAGCCAGAGGTCGCCTAAGCCGTCTCTAGCAAGCTGCAAGACCACGCGGAAAGCGCTTCCGCGCGGCTGCGTGTACACGTTCTCCTGCTCATCCACAGTTCCGTGCAACAATAATTGTTTCCTATACTATCACATAAATCACAATGAAAGCGATATTGTCCAACCCCCGGATGGAACATGCCCAGGGTTTCATCGCAAAGCCCTTATAAAGAACTGTCCGCACGCTCGAATACCCATACTTAGCACGAGGGCACAAAACACACGCACTCACCGATGCTCAACTGATACTAGACCGATGTCTAACAAGTGTTTTTAGACGTAATGGCTCGGCATGATGCGAACAAAAGCGCTTTCCGGGAGCCCGTCATGGTGATATCCCACTCAACACCTGCAATTACTCACTTGGGCTCTCAAGGCGCTCAAACATGTCATGTCTCTGGCCAATCCCGACTGAGGAGCATTCTACTGAGGTGATCCACTTCATACCGATAACGGCAGGTTCGGTGGTTATTGCCGTCTTGGCGCAGGTGTTTAGTGTTGTAGCTCGCGAAACTTAGTCCCTACTGACCACATAAGCCCATGTATACGAAACACATACCCTCCATATTAAGTATCTCGGGAATACATGCAAAGAGAACTACTAGCGGTTGAAAATGACCAGGCTTCGTCGTGCATAAGTACGCAGCGGCCTATCCACGGCGGATAATGACTTAATTGGCATCCTCCCACTCCGGACCCACACTAAATTGATGCACTCTTCCTGCTCTAATGTGAGCAGTACTCATCCAGCTAGCATATATAACGTCCACTGGCCTGGTAAACAAATAGTCCTGTGGGTACATCTTGACCTTGCGCTCTTTCTCGGTGATAGCAGACACCTGCATGACACTTCATCCCTGGAAAAGAGAGAGTGGACTGCGGGAGCTGATAGGGGAATATGTACACACTCACTCTTGCGGGTTCGGAGGTGTCTAGGACCATTACAGACCCCTTCCAACGGATTCAATCGTCGGTAGTTATCTTGCAGGTACTACGCTTGGCGGTAGTTTTAAAACCTGCACTACTGGTACACACTAGGTCTCTATTGTTCGGAACGACGTCCACTCGCCGGAGATTTCGCAGCGGCGAGTAGCCTTCCGACCGATTCACTCGTTTTAACCCGGCCTCCGTGATTTTGGCTCACCCAACGGCGCCTCAAAGGAGAAGCGAGTAGTATG,1740,51.03,Drosophila melanogaster
SEQ_270645,CCATATAATGGTGAATTAGCCCCGGTACTTGAAACTCCTGGAACGCTCTCAGCCCCCGTAGAAAACAGATAGTCTGGCTTATCCGGAACGTGGCACTCCCCATATACTGGTCACTGTCCACCTATAACTCCGGTCTAGGATACGTAGCTTGCGGTTAACGTGGATGTGTTTAAGCTCTAGCGCCATTGGTTAACACCCTGCGTTGGCTTAACGTTCGGAATAAGTG,226,49.56,Escherichia coli
SEQ_582262,CTATTAGCCAGTCCCGCTCGTAGGGTGGACCAAGTTTACAAGCCCATTTGATAATAGTGAAATCAGGCGAGCACCCCAGGATGAAGAAAACGACATTATATGAGACAGGTGTGCCCTTAGCAGCGAGGAGCTATACCTGGGAGAGAACTTACTCGCATGAAATCAGCTATTGGACAAGGAGATATGGATCAAATCACCCGATCTGTTGTGGACGGGACGTGGCTAGTTGTTTGTTGAATTAATTATACAATATAGGAAAAACTGGTGTGATGTACCAGGCGAAGGATGCATCCCTCACGCCGAGTTTTTCAAAAAGATCAGACCCTTGGCACTGAACAGACATTGCCCTTGACCGCTCCATCAGAGCTACTGCAAGCTCTTGTTTCTGTGAGTCGGCTGGAAAAGTGCGGTGATGTTGTCTGGTATAGCTCTTAAGCACCGTTACGTGGGATTCCCAACTAGCAGCTCACGAATACGTCACACGGTGTCTGTTCAAGAGACCGTGATACACAGTGGGACTAATATCCCCACGGTGTTGGCCCGTGACTTTGGGCTCTTAATGGTACATGGTCTCGAGTGAGCGGTCCAAATCTGAGAGATGCGGATCTATTCCTGCACGATGTGGTGTTCCGACGAGACGATGTTGACCAGCGTCCGTAAGGGCGACCATACCGTCTGTCCTAGTACCCTTGATTTCGGCATAGGCATCGTTTCATCATCCCGACGCCGGTCAGCCGATACTCTGCGGGTCAATACTCCATACACATGCCTCGATACTACTCGATTACAGAGGTGGTATTGGTGCCGAAATTATGGAAACATGCTAAGCTGATTTATCACATTAATGGGGTACTCCGACTTACCTCGCGGAAAAACCATCCGAATTCACATTAAAGCAATGAAGGGAGGAAGGTCTATAACCTTGACTAACCAGTGGTCGCTGCCCAAGTGTCTCAAGGTTGAATACCTGCCTGGTCGCTTGACTCCGGGACGCGACTGCCATGACATTGGCTGGGGTCGTCAAGTAGCCTTCGCGACCTCTGATTCGTTGAAAAGCCTAACTAGGAAGCCCCGGTGCTAATA,1083,49.4,Escherichia coli
SEQ_695899,CCATCTGCGGTTCACGGAATTTGGAACCCTTCCACCTTAGGCCCACAGCTGTTGGAGGGGCAAGTCGCAGTCAGGGCGTGCAGAGGCTCTGGATTCTCGGGTACTAGACTGTCGGCTGCAACATCACGACCAAAATCATCGAGATGTAATCTATCTGCAACCAGTAGGGGCGCACTAAAAAAGCTCACCTCGCCAGCTTCTCATGTCACGACCTGAACGATTAGATATCTTGTGGCAACCCCGTCGTGACCGATATACGCCCCTGGGTGTATGCTATGAACGTGGGTTTTAAAGCCGATATCGCCGGAACAACAGCCCGCTCGCGCATCGAAAAGGGAGGACCCAACTGCTTCTCATGTGCCAATTCCCTGGTGGCATCTGTCGAAAAGTAGGGCTAATGCAAGAGAAGTGGTCATAACGACAGAGATCAGAGATCCGAAAGGGCGCTGTTGTACCCCGTCCAATTACACACATTTTGACCATTTTTACTGTCAACCTATTTAGCTGAATTCAGAGCACCCGCTGAACAAGTGTGGATAACCTACCCTGTTGAGCCGTGCCCTATACCTTAGTGACGCGCGGCAGCGAACTTGTGACTTGGAGTGCACAGGTGTTTACCAAGCCGCCAAGTAACGCGGAGTCTGGTCCGGAGCCGGGCGGCCTGTATCCTATCTAAGTCGGCACCGTCTTACTCACCAGACTTCAGCGAAACCCTCAATTTCGGCGTTCGTGAGATGAGCCCGAGACGCTTATTCTCTTCTGCCCAGCGGTGTAACAGGATTGGGGTGAATCACTTCCACGGACGGCAGTCGCGAGATCATAGGATGCCGATACAAAGCCTAAAAGAGAAGTAAGGAAGAGGGCATGACAGGCTATATACTATTCGAACACCTAATTAGTATGGCTTGACTCACGATCCCTCGCTGACACACTCTTCACTTTCAGATAATCACGAAATAGGGCTTCGAGCAAGGAGTTAGTCTACAATCCTCGATTGTGGAGCAGAGGTCTTACTCAACTGGTGGAAGGATTTTTTGCGTGATTCCCAGGGAAAGTCGTTCTGACGCTTGCAGATCAATCATACAACTGGGCACATTTATCTAACACGCTCAGTGCGAATGCGGTATGCAATCTCAAGAGGAAACCTTAATGAAAATGGGAGATGTTTAGCATTCTAAAATCGATTCTCCGCAAAAAGGAACAACCATGTGACCTGTTTTTGCCTTC,1227,49.96,Saccharomyces cerevisiae
SEQ_303078,ACTAATGCCTGCTAGATGCTCTAATTCTCATAGTCTATACACTCCCAGTAATCGCCTGAGTCTGTATGCCCGGTAGAAGGCTACAAGCTAGATATCTACGTATTGCATTAAACGCTCTAGCAAAACGTGATTTGTAGAAGACAGTTGTGAGGCATTAGCACGTTCCTTTAGCGCTTGCCGTGCGGAGGGCTGTAGTGGAGTTCCGTTCCATTCGGGCGGTGGGCCGCCCATCGGGTCCTCAATGTAACGTCAGGCCA,257,50.19,Saccharomyces cerevisiae
SEQ_655972,TCTAAGTAAGCTGAGGAAGGCACCTAAAACGTCTATAATGGAATCCTGCAAACTGAACGGGTCATTGTACCTAGGGCCAAGGCGATCAGAGTACCGGTTCGAAGTGCCTCATGCTGAACGGGTACGGGAATCCAATGATCTGACCGTGTTTGATGAACCAACTCTTATGGATTTTTAAGGATCCGAGCTAAACAGGATCAGTTTAGTCCGTGCCGCCCATGCTAGAAGAATCGTACACTTGTCTTCCGAACAACGCGTGACTAACAAAAGTGATACTGTCGACATCTCAGTTCGTAAATGACCAATTCTGGATCACGCGGATCTTAGTCAGATGCCACAAGGAATTCACATGAAATTACGAGAGAATCGGCACGGGCGGTAAGTAAGCACAGACCCATATTTTGCTCAGCGCCGCCATGCGGTGCATAAGCTGGATAGGATCGGGAGCCACCAGCGACCAGTCTCGCGCACTGCCGTGAGCCGTACACTCGCACGTACTTTACCAAACCGACTCTTCGGTTCGGTTGCGTAGGGTCTACGAGCTTGTATAAGGCCTGTACCTGTTTTGTAGGCTTGAGACGACTTACAGCAGCGTACAATGGACAAATACAGTAAAGAGCCCTGGTTGCCTAACCCCACGTATCGCCCATATTCACATACACATCTTAACCTCTTAAAATGTAGATGGTAATTTTTACATCCTGGAACAGGCCCGGGGAAGGCAGTGGTTTGTATCGTTCGCCCGTACACTGCCTGGGGGCAAGAGACTCCAAGACTTTCTTTGGACTGACACTCACCACAACACCGAACTTCCTTCAGAAGAGGTTCCGCGATGGTCACAGGTTAAATCTACTAGTCTATCACGCGTTAGGGGTCGATGCGTACGTAGATCTTACGGTTGTCTATTCCTCGACAATGACATTTGCGAATTAAACGTCCTAACGAGGACTAGACAACCGTTGGTTTCTCGTCCGTCACATTTTCCTGCCGGATTAAGGGGACTAACCGGGCGTGACGCCGAGTAGTCACGGCGTCGGCCCCCGGCATCCAGTAGAAAAGTGAAATCTAGACGTGAGATGGGAAGCCACTGATGACCAGCACCGGAATCTGCCGCGGATACGCCCTTTAATGAGCGATTTTCGGCCCCAAGAGCCTTCCTTATCCCTACTCTCTTTCACTCATCAGAAACTGGGTGCTTCGAGCGAGATGGTTACTATAACTCAAATCCTGGTACTACTAGAATATATAAGACTCCGCCCCTTAACGCTGCTTTGAGCTCGACACCCGCTCAGAGTATTCTGGCATAGAACCCAAAGGAGGCACGAAGTGGAAATACCGCGCCGACCCAACGCTGTTTTCAGCCCTGAACAGCGCTGTAGGCCAAACTGTGGAAGCGCCAGTTCAACTTTTTCACTTTACCGATACTCCGCAAGTGACTCATGATGAACAGCAGGCCTCATATAGACACAACCGTTGTTACATCCAGTGCAGAGCTATCTTCTAAGCCAGAGCCAATTGCGGAAACGTTAAAAGGTAGCATAAGCCATAAGCGTGGGATACAGCCTTTACCTAGCGATTGCGGCCGTGGCCCACTACAACCCGAAAGCCCTCTAGCGTATATATTGGAAAATCTCACGCGTACAAATCCAATAACACCGACTCCTTCGGTCGAAGCGAGGCCGGACTAGTCTTTCCTGGGTGTGGTCCGCGCTAGCTATGCCCTCTACGCGTTACACCCCACAGAGACAAGATCAATTCTCTCTCGATAGAGTTCTGTCCTACCGTCACAAGTAGTCACATCAGGGTCAGTTGCAGAGATAGGTGGATATCTACGGGCACAGCCTGTGGAACAAGGTCCCAAAATTAAAGTACATCGGCGGCCTGCCGTCGGGGAGCTGGATCATTCATATTAATGCCGCCTGGGGACTTTCGTAATCCTTAGGAGAAGGCGACGCCATGT,1960,50.2,Caenorhabditis elegans
SEQ_756059,TAAAAGACTCGAAATCTTATGTTTCCTACAGGGGGCTACGATTGCTCTCCCAGTCAGTACGATAGACCGCGCTCTCTTCTAATTGAGTCTTCGCACTTGAGCTTTACCGACTTCCGAATCCTACTAGGCCCAGCGTTTGGCAAAGGACCGTTCGCTCCACATTCCGACTATGTGTTTAACACCCTATGATAGAAGCCATGATGTGCCCATAGCCTCTTACTAAGTCAGGACGGTATTACCAGTGTTAATGACGATCCCCACCCGATAGACAAAATCCGACACTTAGCCTATAAGCAGCCGAAGCGGGGTAGTCTATATTCGCTTGACGCCCACTCTGTCAATGCGAGTTCTACACAGAGACAGTACGGAGTTGGCTTTGGGGCAGCAATAAGGATGGGATCACTCGTATGTTGGGATGCAACTTGTCAACCGGCCAATTAGGACGCGGCCTGTGGACCGGAGCTTAGCCCTGAGGATGCCGACTTCGGCGGTCTGCGTATGAGTGAGTCGCTCATCTAGCTGACACGTCTCTTGTGAATTGAGTCGATTGTCCGTTACAACGCTGGCTTAGGTAAGGCCACGGCGCTGGATGGCCTACACGTGGGACGGGTCGCCCTACACCTTAGGGCCAGGTGGGCCCCCTACCTGGGTTCACAGCCCCACCTGAATATCGCGGTAGCCAGACGCTTGGGTCATGCCGCACGTTTAATGGAATCGCAGCGGTGGTACCGTGCAAGTAAACCAATTTGTAACACTAGGGCGTATCACGAGAGAAACTATCGCAGCCGAGCCGGCCGTAGCCGCGACTCGATTGTAAAATACACTCGTCCTGCCAGCAAGTACACTCGCGTACAAGTTTTGTGATAAGTCGCATCTCCAACTTTCCGGGTCCACTATAAAGGGATCCCTGGCTAGACC,918,52.83,Drosophila melanogaster
SEQ_389694,TGGCAAATTGTTTAGGCGTCCCCCGATCCGTTCCAGGTGTAATTGAAGTGCTCTACAGTCGCTTTTGCAGCGTCCACGGTTACCCAGCTGTCGCGGTTCGTCAGTGGTATAAGTGTCGAACGCCAGGTTTTCTTATTAAGAGTACCGCTTCCTTCCACAGATGGACGACCGGGTGGATTTTTGTACAGTATCTGCAGCTACGGGTGACATGTCCTTAAGGATTATTGCGATCGGTCGCGAGATGGTC,247,51.01,Drosophila melanogaster
SEQ_534852,CTGAAAAGCTGCCATGTCGCCCACTTATCCGTAGGATAGGTGGCTCACGATGCCATGTCCTACGCGGTCCTGCTACGCTAACGGTGAAGCACAAGTTTGACGGAATCGCCTTTATGATGCTCGACACATACTGACTGATCACGACACGCATCTTGCCTAGTCCTGCCCAGCCTTCGGGCCTCGGCTGGATGAAACGTGTGCATTGGCCAATGGAAAAGTTCCCTGCACACGATGGAATCCGTGTGTAGATGCTGCCCAGAAGTTTTGCGCCACTCCTAACGGACCTATCTAAAACTGTTCTCAAATCATCCCAGAACTTTGCGTTTCTCACGGTTAGACTTCGGCTGTGTTCGCATACAACAAACAAATCGAAATCCAACTCGTGGGGATCTGCTGCGCTAACTGTCGACGCCTTGCCCTCAAATTACACGGTTCTGGTTCCTTAGCCACGAAATTCTCAGCGAGCAGAAGATACCACAACCGTTCTGACTAGGTCGTAACCCCTGACTGATACGCCATGCGTGTAAGATATTGGGAGGCCCTCTCAGCCAAATTGAGGACTTTTTAATGACCTTCCCTCCGTTACGCGAGACTAACCCTAAGCTAACCCCACCTGAGTTGCGAGCATATGGGTCATTAAATTTAGATGATTGTACGCGTACTATGAGGGAAAAAGCTAGCAGGACCTCAAATTAATATCGTGCCGGGACTAGCAATGAGGTTTTTAAACATGATACCTTAATACCTCGAACGTGTCCCTGGAGTGGACTG,771,49.42,Saccharomyces cerevisiae
SEQ_910763,TGCATGAGATGGGCGTACAGAGTTCACGGTATACCGCTGGCATTCGCACGATCTAGCTTCCACTTAGCATTCCTTACACTCTTAATGAGCGTATATATAGATAGACCATCTTGATTTGTGAAATCAATAAACGCGAGGAGGGAGGCTGTTTATACGATACCCCCGCTCATATTTTGAATAATATATGCATCTGCTTGTAGACCCAGCTTATTGGATTGCGGCGTGCCAGCCTGGCAAACACAACACCGAGATCGGTGGCCCCGTTGAGCTAGGCTTGTGACTATAAGACCTCGTACTTCAATAAATACACAAATTCGGTCAATGGATTTTATAGATAGAATGACGATCTTGCGTCTCGCGTGCGGTCTCGGGTGCCGTGTTCTTGAGGCACACGGCAGCGGAAAGGATGGAACGGGCGTACTGTTCAACGTATGGGTTGATTCTTTCCTCCTGATTACTATCGTCATTCGCGATGACATTGTTCATGACAACCAATGGCGTACCATTGCAAGCCTCGAATCGTGTAAGTACCCTTTAATCGACTCCTTCTCTGAACGCGCTCACCGCTGCGTACCGCTTAAAATGGAGTTAACTTCGGAGCAAAATCCGGTGCTATCTTAACGCGGGCTGACCGCTTTTGTAATATTTATCAGCTATCGTCCCCCCCAACGATCCAAGCACCTCTTAAGTTGTGTGTTGGAAACGGTAGTTGGGCGAGGGGGCCTGAGTATCAACCGGCGCGCGAGCCGGGGAGCAGTCGGGTTAGCAGGACCATAACTTAGGCAGACGTAGCCCTCCACATATTGGACGGGGGGAGTAAGGTGCACTTTCCCCCGTGATGTGAGCATGCGTAGGTAGAGTCAGCTGTGTGGCACGTGCAGAACAGGTGTATTCTCCCTGTCCTAGAATTGGTCTGAGCAATGACCTGTCTGAGGATTTGGACCTTGATTGGAATACGTGGTAACGTTTATTGCGATGTTGGAGATCTTTACGTAACTTGCTTGCCGTGCTATCCAACCAGAGGCAAATGCATCTTAGGCGAATCATGGCTGGTGAGCAGGCACTGATCGGTGTCGAGATCACATATCTATGACGCGTTACCGTCTCTCCTAAAGAATCAAGGTTTGTTTTTCGAGGTATAGTTAACGTGAGGTACCATACCATCCTACATTGAGTAGGGACTGTAAAAATGACCTAGCCCTTCTGGATCCCTGCCTGAGATGCAGCCGTTGAGGTCGTAACATAATCCCGAACAGTCACCCAACTGGCGAGTCTACGAGCCATCAAGAAGGATTGCGAACCTAAGTATGATTCGTGCTCTGCTAGGCAGTTACGGTCTTACATTACAAAAGTAGCGGGTTACCGGGGACCACCGACACTCCAACAATGGGAAACAGATAAAATGCCCCGGCGTGGATGAGATCTGACAGGCCTAAACTGCCGTTGCAGTGTTGTGGCGTGTAGCCGGTACATAGCACACAATAAAACACAGATATGCCGAAGCAAACACTGATGGGTACGACTTAAGGGGTCACGTGGACGCAATTCGCCTTAGTTTTCGTTAGGGCCGAAATGCAAGTGCACAAGCGCGTGCATTAGCGCCAATGGAAGAGACTTCTAACCTGCATGCTCCGGTACGCTGGCACTTGTGCGCACGTTTATCAATATTTTCGTGTAGGAGAGCTGGTCCAATGAACCTAAATTCAGCCACGGTTGTCCGGGAGTATGTTTTATGGACACGCAATTACGCCTATGATCTCCATTACCTCTTTACCTAAGTCCTGATTTAAAAAATAACAACACGGGAGGATCGCTGTAGCTCAAACCCGGCTAGGCACCTTACTAGTAAGCCCCATTGGCACCGCCAATCTCCGGCAGCAGCGTAGATCCGCGCTGGTTCGAATGGAGGAGCGAAGGATCTCGCCGGTTCCCTCCCATCTCAAT,1944,49.54,Caenorhabditis elegans
SEQ_821920,AGATACGGCGGAGTGTAATGAACATTGTCCTTTGACTCTAATGCAAGACTTTGACTGATTAGGTGCCGTCTGTAATGGAGAACCCTACATAAGAGAAAGTTGTACGTTACTATCCGGGGTTTGGATCCCGTATCTACAACTTTGCGCCTGGACTCATGGAGGCGGCAACGCCTGCACGCTTTTCGCTTCGAACGGCGGAATAACTATTCCCTGAACGAAACCATTTGCTAACCCAACTCTTACTAGGACGCGCCCTCTGGGAGCCACCGAGAGCCCAATGGCGTCGAAGGGGAAAGGAAGTAGCCTAGACCGAGCATATTTGGTTCGGCATGGGAGTCGATCGTCCTTGAGTGTCATGACAAAAAAGAGTCGGGGACGACTAATCTTAGGGCTCGTTTCTGCGTGGTGTGCCCGACCGTGGGATTTCAGCGCTGAAACCGGTGTTTAGGACGTGCGTCTTCATACAGTACCCGTGATACCCACCTAGCCAATCAGTTTTGCAGTGCCACCGGCGGTGTTTGCCACCGAGGCTCCGGATGTGACAATACGCGTACGTCCATGTATCGAATCACCATACGCCTCTTTTCACGTGACACGCCCCCCAACGTCCGGGGGGCACCGAGTTACCGCAAGGCCCCCTGGACACGGTTGAAACATGCAACCTTGTTTAGGGACGGGCCGGCTACTAAAAGGTCCCTTGAGCCAGGGAGAGCGCATATCCTCAGCGGACCCGTTCGGGGAGAGTCGTCCACATCCGTCATAGGCATATTGTAAGATGCTGTAGATCTGCTAATAACTCCGCCTCTTTCAAATAAGGCAAAGATTTTTTAAACCCCGATAGACTCATGGTCTTTCCGAATATGATCGTACGTGCGTATTAGAAAGCGGAAATAACTGCGGTCGAATTGGCACAGACCAAAGTCTACCCGCCAATTCACGCAAATGGAGGTATATATCAAGTGGCCAATGCTGTCGCAATGATCCGGTCCCGCATCGGTAATATGCAGTGGATGCATCCATGTAGTACTTACGTCATCAATTTGGATGATGAGTGTTCCAAAGTAGCTACGCGAAACTATTATAACAGGGTCCTCCTATATATTCTGACAATTAACAGTGACACTACAGAGAGATCCCGTTTGAATCTCTCCCCTCAATAGTACGTGGTGATCGATAAATGTAGTTTTAGCCTAGTTAATGGGCGAAAGTATAGATTCTGCGTAGGCAAAGCTTCGTCTGACTAAGACGACTTTTTTTACCATACCGTTTCGTCCTAAGGTTCAGTTTGTGGTTTAGTGGTGGATTCTGACCTCGTTAGGACTCCACATGCTGAGGATGTTTATGATTCATTCTCTTTTCTGACGATCAAACTTCAATCTACCTTTATTCTATAGCGGGATTTAATCGGAAGGAACTATGGATGACCCTTACATCCAAAAACTCATCATTTATAGGCAAAACTCAGCATCTCCGTGGCACCTTTGATAACTAGTTGTCACTATGTTATCTGGATACTCAGTAGCCCGTACACCGTCGGGTTCTTTAATCGGTGATTTTAATGGCCATCACACTTGTCTATTATATATCGAGAGGTTTTCTGACGCAATGTATCCCCGTCTATGATTACCCTCTGGGGTTACACCGTTCGCTGTCAGTCGCCCAAGGCTAGTGCTGCCGCTGTAGAGGGAAGAATAACGTAACGGCGGGAAATATCCAACTATTGGTTCTG,1729,47.95,Mus musculus
SEQ_956167,GGGCCGACGGCCGGCGGTGAAAAACGCGCCCAAGCCCTTTCTAAGAGCGAAATACAGGCACGTGGAGTTCCCCTTCGACAGCATGTACCGGCATCCAGCCGGTTACGGGGTCAACCGACAAGCATTTGCCCGTGAGGATTCATCACAATCGAGGCTCCGCTTGTAAGCGTGGACACCAACAGACAGA,187,58.29,Arabidopsis thaliana
SEQ_471620,CGCAAAAGACATCCTACACCCGAGTATACCGAAGAGGCTACCGACGTGATGCAAATCCAAATGGACAGCTAGCCCTGGCATAGACGCAGCTTCTTCTCCGGCGGGGGTTTCTCCGAAGTTCAAGCAAGGTCTGCGGCATTGTAATACAGGATAATAGGCCGCCTAATTCTGGGATCAAGGAGGCTTTTAGGAGATGCCAAGGTGCTACCTGCGGTCTTAAAAGGTGTCTAGGGGTTCCAGTAGGACAGGTCCTTATATTGGCTACCTGAGAAACCAGAGTGCACGGAAGGAGTCCAGCCTTTAAGTAAGGTCGGTACAATGGTCCGGACAGAATATAATAATTTATCCCTCTGAGGCGAAGGCTAACCAGTGACGATGCTTCGGATCTGCCACGAATACATGAGGGGTATTGCCGGTCGCCGCTTACTCGTTCAGTTAGTTATCGTGTCTGCAAAACACCCAGATGCACCAGTGCCCTCTATATCAGCTTTAGCCATTCCCCTTGGCTCTAGAAAGTACCCTTGACACCATACGAAAAACCCTATCACGAATATCCATGTACGGGTGCACATGCCTTGCGTTGCGTATCCCCTAGCACCTGTACGCCCAATATCGCGGTCGAGTACGTAAACTGGTGCTATGCATGCCGGAATACACAGGGGTGAGGACACGGTCGGCCGTGGGTCCTGGCATGAGATAGTTCGCTCACAAGGTGATCATACGAGAATCGCCGTAAGAGAAGGCAGTCGCTAAAACATTGTATCATAAAAATGGCACTCGCTTGCGTTCTACTGTCCAAGAGGTGCTGAAGGGAGAGGGTCTTTCATGGGAGGTCCCATTGGATCCCACCAACGGGGAGAATCGCAACCACTGACAACGACGGTAATGGTCGCGGACTAACCGGCCCTGCCAAGGACTGCACTCATGACCGTGAAGTGTTCATAAGCGCATGACGTACACCTCACGCGCCTGTGCGACGACAGCCGCACCTTTGTCGAATCGGCCGTTCTCTCTGTGGTCAGTGCGCTTTCCTTGGTGCGCAAACACGCCTATTCTATATGGCACTGCAGCTATGGATTGTGCCGCGTTGATGGATGGGTTAGACAGTGACTGTATGGTATCTATTCGCACTCGCTTTCATAGACTTTGTCTGGGGGACCAATATTTGTAAGAAACGTACAGACCGCCTGAGCTAGCTTTTGGTTCGAAGAAACAGGGTAGGGCAGGCGTGGATCTGAGATTTTAGACTCTCATCGTTTAGTATAGCGGTTCTGCGTCCTGCTAGCGAATGAGACCGCTAGTTAGTTGGTCAAACAACTTACTTGACATAAAAAGGCCCACACTTGTTAACAGGGTAGCTGTCAAACCGGTAATGTGTTGAGCGGAGAAACAAGCTTGTGCATAAAGTATCGGAGCGGTCCGGCCTGAAACCGCATTTAAGTATGCGCGTCGGTGCGCTGGGGCCAATGTGGCCCTACACTGATATATCATAGGGTACAAGTTGAGATGGTCCTTGTGTGAAGGTCGAATGGTGCGCACCCGCTGAAATCTACTTCGTTAAGATCTGCTAGGGTCTAGTCGCGCTTCTGTAACCTTGCAGGGAATATATGAAGTGGTGTTGCTGTGAAGCTCTCTGGATACGGACTAAGCGGTCAGCGAGCTATCGTTTGAAGAGGTCAAAGCTCAGGACAAACGAGCTTGCACAGGGCAATCAGGAGATCGACTTAATGTGAACCTCCGTAGTGGGTCTGGTAGATCTTGTCCGTTAGTCCCTCACAACAGCGTCGATGCTGCTGCACGTAAAACAACATCGTCATCGTTACCATCGACTATAATGCCAGAGCCATGTCTTTGATATTTTTAAGAAA,1868,50.37,Escherichia coli
SEQ_185470,GAACATGAGTGGATACAACGCGTTCTAAAAGCAAACATGCTGATCATTACTGGGAGCTTATGTCCACGGAGTACACTACTAGTCCTCAGTAGTGTCAAACCAGTGCTCAGTTTTTGCC,118,44.92,Saccharomyces cerevisiae
SEQ_579845,AATGAGTATGTCTGATCTAAAAGTAAAGCTACGGTGCCGTAGTGGTAGTTGTCATTGCATGATCCCTGACGTACCTGTGGACCCGATGAGGGGTGTGCAAAACGCCGAAGGCGGGACTCAATCTCCTTACTCTTGCAAATGAGACCAGCGGCATAGCATCTAGTAACGGGTTTGAAGGATGAGTTGGGTGCGTTCGCAGTGTACTCAATCGTGGTCTTCCCCCAAACCTGGTGATTTAATTGGGATTGCCGTCGCGGCGTGAACACCAAATCTCTGCGGCCCCTGCCGGATAGAGCGGTAGTTGGACCTCAATACGTTTAATGGCTATTAAATTTAAATCCGGATAGAACCACGATCTGAGTTTTCATGAACTCCGTACGTAAAAAAGACGTGAAACTAGCTACTCCGTTTCTCGAAAGTCCTCCATTTTCTCTCAATCATAAACTGGCCTTCAACGGCCCCCCAAACAATCCTTAGTATGAGTGCGCGATCTACGGGTGGTTACCCGAGTAATCGACTATTTCGACTATCTAGAGAAAGCGCGAAAGGTAGTTGAACGCGCTAGGTATGGCTAATTATTTGCATGCTTCGTTCTCGCCGTGAATATTGCCATCGTTTCAATTGCAGTGAGTTTCAAGCAATTCTCCGCCGCCGGTCCACTCGGATGCTCGTAAGTCCAAACCCGCGTAATGCTCTGACTTTTCCAAACTTGCCAATAGTCGGCACTCGTGGACTCGAATAAGACTCACATTATGCGTTCATCGGATAAAGGACTCACCCGAAAATCAGATCTTCTGTAACCCGGTTGTGAGGCGCATTTGATATTCCATAACCGCGTACTCCCAGCCTAGGGAGGTATTCAAATATGGACGTAGAAACTAGAATAAATTTGCGAGCACCGGCCGTAATGGGCCTACAGCTGGACGGTCCAGCATACAATCTGGTCATGATCTTGGTGCGCCACCGTGAATCAGGTCGATCATAAAGGCGGATTGCCGTATCTCGCCACCCGCGGTCGTGTTACTTTCTAATAGTAGGTAAGGAGATGTTCTTCAGTGCCCAGCCTAGTTAGATGTACGTGCGTGCGTATGTCCGTCGCATTGAGTTCAAACTCGAGACACGCCGTCACAACCTACATAGCCCTTGATCGAAATCGGCTTGCGGGAATGTAAAGTCGCGTGGCACCGGTCAAACAACTCCAGTTAGCAAGGTACCGTCTTACATACTCTCTAGAAAATCTGTGCACAGTTATTCATATGTTCTCTACATATAACAACTGCAAATTTGGCATACCGGACATCTAAGTAGGCGTCACCGTTCTTCTTCTTTCTGTCCTTGAGATAGACTCGCAGGTTTGGCGCAGGGTACCCCCATACGACCCGCCTATCAGTTAAGCACAGTAGCTTCTCGCGTAGGGGTTATTGCTCGGTCTTGCCCTAGTATACCAGGAAATTCCGATCCAATTCGTGTAGAACGTGATGTATACTGCGGAATCATGCTAATGTTCTCGGGCTCTGAGAATTGTTCCTGTGAACTCACCTATAGAGGCCCTGTCCTGTCATTTCTTCGTAGGAAACCTCTCGTCTCTATCTACCATCATACCTAAGTCATTGAAACGTGTCCCCGTAGAGGAGATAGCACCTCTGGGTTTATGCCAGGACTTCCTTTCGCAGTGCTGTCGGAAATTTAAGCGCTGCGACGTCACATACATAGCGGTATTTCCAAACATTTAAACAACCATAAGAAGCGCACAATTAATGGTTCCGCCTCCCCGCTACT,1779,48.06,Drosophila melanogaster
SEQ_277333,CAGAGCGTGACGTCCGGTTCTCTTGCGGCTCAACTCGCCCGACTCCCGCCCTTGAGTGCAGACGTAGGTAAGGCAATATAACGTG,85,58.82,Homo sapiens
SEQ_781184,GGAAATGGCAGCCAGACGTGCCCCATATTCCCCATACGTCATTAATGTAGCGCATGTCAGTTTGCAGCCGAGTGGGACGCCGAGCGGATTCATAAATAGCATTCCCCCCCTTAGCAGTTGAGGGTCTTGTAGGCAGTACCTTATCTTCAACCTAGCAATATCTTAAGTACCTGAGATGTCTCGATAGAATTTAATCACGTAGCTGTAGAGGTGAGACACTGGTTCGTCGGGGAAAATACGGTTAACTGTTCGTGATGTCATCAGTTGTATTACAACTCACTGGGGTGCGACGGAGTTTGTGCTCTCTACAAATAAAGAAGTTTTTCAAGCGGTGGACTCTGCAGGCTCAATGAGATAAGATGTCCAAGGAGAAGAAGCGTTACTACCATTCCTGCATATGCGCCGCGAATCCGTGCAAGAATTTTACCTGTCAATGGGTATCTCAGCCGTCCAGGGACGCACTCCGCTGAAGCGGGGCCACCATATGGGGAATATCGAAACGCGGGGGTTTAGCGTCGATTGTTTTGTTGTACCGAGCGACATAGATCCGGAGGTACCAGCACTTCTCGAGGACTGAGATGAGGTTTGAGTTACTGTAACTGGTGCGCGCATTCTCCGTTATATGGTGTCGCGTAGTGTGCAAAAAGCGTCGCTGTCTAGAAGACCAAGGAGAATTTCAATACATTGCTCTTCAAAAGTAAAATTGGAAGACGGTGGTAAAACTGAGCCACCGTTCAGACGACATTGGGTGCTCTGTGAAGGAGCTTGTGTACCACTGACGGCAAACCAGCTAATCGCAGCGCTGAGGCTTTCCTGTCCACAAAGTACCAATGAATAAATTTGTTCTGTCTCCTGCGCTGTGTACGGCCTGAGCGGCTAGCTCCGCATAATGCTTTCCAAGGCTTGCACACTTCCCGACGGAAGCTAGCGGAGAAAACACGGATATGCCATCTAGCCATTCGCACCCATTACTTATAACTATAAAACTCGGCATTGCCCCACGCTATCGGAGACAAAACGGCACACTGCGCAGCACAGCCCTAACGGTCCGGGTTGGCGGTGCATTTTCGTGATAGGGGCAGTTAACCATAACTCACGTCATCTACAGCGGCGCATCGAGGTGGCGATGGTATCCACATAGGATGAGTCGGACATAATCCCTACTGTGCCCACTAGCCTAATTGCTTACGCCTCCGGAGAAGTAGTCTGAAAGACCGCCGGATTATAAGCAACCAGGCAAATGGTAACACCGGAACTTTGAACGCCTGCTCCCCCGGG,1278,50.16,Homo sapiens
SEQ_579226,ACAAAAGCAATTTGGCACCTCTTGAGCCTCATTTAGAGCGTTTACCGAAGTAAAGTCGGGAAGCGGTGGGCTGCTCACTTAGGGGTTCGCCAATCTAACCTGTTTCGAAATAATAGCAGGTTCTAGACATTACCTTAGATGAACACCCATGGTTGTATTAACAACAAAACTGTAGAATTAGGTATGTACCCTAGAGCGCGTTTGACGTATTGTCGGCTCGCAACTGGTCTAACAAAGAAGAGCGCTAGATGGGGAAACTATAATAGGAAAAGCCGCACTAGGAATCCTAGTACCACGGTGACATTGTGTTTTCTGCATGGTTAACCAGAGGCGTCCTTCATCACCAACTTTACCAGAAGGGACGTCTAAGGATCGAGCAGTTACTCGGCTCTATGAATTGTAGTCTAACGCCACAGAGTTCCAACACCTATGTGATCCCAAGATGGCGAACAGGTCAATTAATGTCACCAACGTCCTCGCCAGGGAAACATTATGAACCAGATCTAACGACATCACCGCACCTAGCTTAGCCAACTCGTGTTTTAGGAATGCGTAAAAGAGTGACTTGTAGGCTGTCGGCCCTTAAGCGCCCGGAACCGGGGGGTTAGCATGGGATTTCAACCGCAAGGTTCCCCTCATAAACACCATTAAGCCTGATTCTTTAGTCAAGCCGGTAATTCCATACATCCGTCCAAGTGCTATACGAACAATGCGCAGCAGACTTAATTCGGCGGGCCTTTTAGGGCCTTTAGAGTGTACACGGATGATGCATCTGAGCAGACTTACAGACTCGCGGCGCAACATGTACTCTGTGTTTTCATCAGTGTAGGACCGCACCCGGCTGCTAGATGTAAGCGATCTTACAAAAGGCCAGAGAACTGCTGTCCTGTCGACCGCCCCGACCTGCCACGGAACGAGTCGGCAAAGGGCAGGAGTAACCAACTTGGAGTGGGTTTCGCAGCCGACTGAGTATCGCTTCGCTGTAGGACTACCCCGTCTTCGGTATGATTGACTAGCTGGAGTGTTCCAGCGACCTATGTTTTGTCTTTCTGTATTGGGTCGCTATATAGTTTGTATTGTCACGCACATGCGAAGGTCGAGCTCTTGGCCACGCAGCTGTTCAGGGGGGGTCTTCGACTAACGTCTTCCAACCAGAGAGCCCAACTTCACTACGACCCTGCGAGCTTAGACTCTACAGATTTTGCACGCGTATTCCGATAAAAAACACTGTTCCGGCGAAAGTGGGAGTTGAATCAGCAACTTCTTGTCGTGGGGTTATCATTAGCGGTCCCTGGAACCGCCGTTGGTACTGCCACCTTGGTGTAGCATTCGACTGGGACGGACCTGGCGGTGTGTAAAGTATACACCACTGTGTCGAGTGATTCACGGCGTCATCAGTGAAAGTGTATAATCGAGGATGCTATTAGGAGCGCACAACCTGAAAATGCATATGCCAGCGATTTATGGTTGTTCACGAATTTAATACCAGCTTTCTGTCTCACACGATTAACATAAGTTCGTTGACTTACCACCTGTACGCCGACTATAGAAGCCGTTAGTCTAAGAATGATCGTTGGAACGAGTTTCAGTACTGTACTCCCCCTCGTGAACGATTTTG,1618,48.7,Saccharomyces cerevisiae
SEQ_398975,CCTCACACTAAATGAATCCATACTATATCGTTGATTAAAACCTGTCGCAGTATTGCGGACTCCGATGCGGGGTCAATTGCATGCGCTGTTACGTTCTAGTGTGGTTTTTTGTAGACAAGGGATGCATTAATGGAATTGCTGTCGAAAATCAATGAGTAGGTCGTGTCCGCTGCTTTGTCATTGACGTTTGACTCGCGGAGTTAAGTTCTTTTCACAGAGAGTAACCACAGTCTCAAATTTCTTAAACCTGCCGGTTGGGGTAGTTTCTTAATAAGTATAGTCAGCGGTATGGCACAGTGCAGCAGAAAGTCCAGGACGCATGAGCTGCAACTGGTCGGTTATTGTCCAATGCTAGTCCCATGCCGTTCAGCGTAGATGCAATTCTACCGAATGTCCCAGGTCTTCTGTTCTGTCGCGTATTGGGTCGCGGCTCCTGGCTACCGTATCGTCGCATCCGTATCAAGAGGAACAACGATGGAGTAAAGTCGTAGTAACATCTGTTTATATAGATCCAGGTGCTAGGTCAACCGGCGGATAGGCTGGACCATCGAATAGCTCGAATATAACCTTTGTCCTAGAGCCTTTCGTGTAGCAGACTATGAATTATCTTAACTGCAATGCAAAACGTAAACCGGGTACTTCGGACTTAAAGGCTCTCAATCGTTCTCGAAGCGTGGTCAGGATGGACGTGGGCTCCAATAGTACCCCCTTGAGGTGTTAGTGATAAAAACGAGGACACGCATAAGGGGACCGAGTGCGTCCAAGGCGGGTATAATCTGATCAGGATCTGCCTACACAGCCGCGAATATGAGGTTAATGTCACGCTGTACGATAACTGCGCCCCAAGTGTTGCAT,855,47.49,Drosophila melanogaster
SEQ_253210,ACCCTATCAGAGCCACCGGTTTAAACCCATATAATGTAGCTTGAATCCGAGAGTCAAGATTAACCCGGGCGAATATGAGACCGCTTACTACGATCGCGGCCTCACGATAGCCGCGCCGACATGTACGGCGATGACTACACTGATAATATGGTGTAGGTGTGTTATCCTACGACGCATGGGTATTTCGAGGAATGCATCACAGAAAAGTAACGACTAGGGTTACTCCTGAGGCAAAAAGGGACCTCAACAGGTCCGACTGTGTTAATGGATGGCAAAACGATATAAAGAGCTGTAGCGTAGCGCGCTCCTCAGTACCCGACGTAGATTGATGGGGCAAGTGACGACAGTTCTGCCCAGAATTGCTGTCTTAGCAGATGGGGGGGTTAACGTCACGACTGAAAGGCTACAATTAATCACGTTACATGACGCGATAGGAGAAGATCACCCATGGCCCTACCATTGTTGCGCTCGTCAGTCCCGATTAGCGAACCTACTTACCCAAATTTGCATCAAGCCGAGATCTGGCATAGATCTGCCCGCTCTACAAACGGCCTAAGACTCCCCTCGGTGGAGCGATCAGATCATTTTGAGGGTATACGAATATAGAATAACGGACATTTGGGGTAATAGATCGCCCAGCCAGACATATCACAGCCCCAACACTTTTGAAGACACGTAGATTGTTAAACTGCAGTCGAGTATCCGCAGGATTCTAGCGTTGACAGTAATTTATACCGGCCGAGAAGACTTCCTGCAGAGCACCACCTCGTATCTAGTGAGATCCTGACTTGCACCCGATTTATCTAAAAAGGGAGGTAAGCTCGAGATGTAGGCAACACGCGGCACTAGCCTTACCGTGAGAAGTCCACGCTGGTAGATTCTCGATTGTATTCTCTGGTGATATGTCTTGCGTGCGGTTAAGGTGGACTGATCCGTAGACTCTTATGTAACCACGTTCGTAAACATGATTTAGTACAGCAGCCCCCCGCCGACTCTATAAGTGAATGCCTCACAGGTAGATTAGAACTTACATTCCAAGAGTTGAATTCAAACCCCTAAGGTCTGTCCACAAATTTTAGAATCTAGCATAATTTGCTGTGTACACCTAGATCACCGAGACTAAGTCGGACAGCGTTTTGCCTATATCGGACACAGAATTAACGTTGCTGGACAAGCTCCCCGCCACCTGGTCTTGCACGACAGTTCATAAACGAGTGGCAGCTCTTGACAGAGGAACAGAAATATTCCCCTATGTCAAACGGGACACGGATATAGGGCATTGGCTAGTTAGTTGACGTCCCTATCAAGTAGCGGTTACCTGGCCGTTGGAAAGTACTCGTTCCGGTCGTCCAGAACTACGCGAATTGGTCGGCCTATGTCCCACTTGTTGACGGACCAGCTAAGGCTTACTACCAATTGCTGTTAGGGTGACCGTT,1436,48.47,Mus musculus
SEQ_992708,AGATGATGACAAATTATAACGGTAGGTACCATATAAACGCCTGATGTACGCTAGGCGGATGGCCTATCGCGCAGAATATCTGGATATGGGCGGGCCAGACACGCGGATGATCCTAGCACGCTCCAGCAAGGACGGATGCAACACGCCTCCGTCGAGGCGACTGACGACAGAAAGGGCTCCGTGCTCCGCTATGACGAGTGGTCTGCGATTCCTTGCTTCGTGCCTCATTCTAATACCAACGTTCACTGGTGGAGTCCCAGTCTCTTTATTCGGAAAGCGAGAAGGAAGTTGTCCTAACAGATGCAAGAATCCTCAGGTCTAAAAAAGTCAGCGTAGCTGCCAGTCCAGGAGAAAACACGATCCCTTAACATACGTACAAAGTTATCGTTCCAGTGCATATTTGTGTTTAAGCACAACAATTTATTCTTGGACTCGAATCGAGCAGGCAACCCCTCGCTATAAAGCGCATGATTGGTTTACAAATCAATCACTAACCGACAAATTTCACTGGAATTCGGTCTGCACGTTAGTCGTGGGAGCCGTCGTGTTTGTTGAGGACTTAAAGCCCACATGTTGCACACGATAATTCTCAGTTCTCAATTACAAGGAGCTGTGCTTGATCTGAGCGTGTGTAATCCTCACACTAGGAGGAGCTTGAGCGAAGGAACACAGACTAC,677,48.3,Escherichia coli
SEQ_510592,ATGAAGCTACCATGTACGACTACCTTTCATGAAGAACACACGCTTACAGACGCGACCTCGGTTGCGAAGCTTGTAGACCAGCTTGGAGGCTCTATGGGGATGCAGCTGTCGGACAGGTTCATACATCAGGTTCAAACTCCTCCGATAATCTTGCATATATGGCAGAATACAAAGTATTTCATTCCAGTCCCGCCGAGTTCTCCCTAGACGGGTGTCCCGGTATTCCAGACAAGGCCCTACAGTCTTTTCGTCCTAGGGTCCCCTGTGTTCGTGGATCGATGAGGAGAAAAAGACTTATGCGGGGAGAGAAACTGCAATACACAGCAGTATGCGAGATTTTGCCGTTCTTGTAGCCAGTTATCTCTCTGCATTCCACCAGGCGTTTGAGGCCTCCTAATCCATCAAAGTATTACTTGTGGCTTGAGGCGGCTTCCGGGGCACACCTAGAGAAGGGTGTATTCACGAGTGATTCAAGATCACAACAGGGTGATCGCTACATGTAGTTCCGTCTATTTAAAAACTCACTTCTCTAAAGTCCCAGCTGCTTGCCAAAAACCTGTCATCGAGACAGGGCATTACACGCACGGCATAAGCTGGGTAGACAGAGGAATATGGTAAATCTATCGAGATATACATTCAACCCGCACCAGGGATCACTGACCCCACCATTTTAGCCACCCTGCTTATCTCTCAGCTTGAGGGCAAATGTTACGGTTGGCCATGGTAGTTCACTTAGGCAAGAAATTTCCTGTCCGTTCCTACTTGTACCTTCGCCGACATGCAAGCGTCTGATACATTATTAATTAGGGTAAAACCGCGTTACTACCGCCTACCAAGGGCCTTAGGTCTCGACAACTTCTGTCAATGCTTCAAGTCCCGGGACCGTAGAAACTACAATGTCTGCAAACATGAATTAGGCCTACACCATGCTAGTATATTGTGCAGCCAAACTAGTATCAGGAAGTCTCATTCAACGTGTCTGGTTTGAACCCTAGACCGACTCTTCTGAAGGCGGAGACGACTTTGGTGCTGGGGAGCGTCTTTGCTAGGGTACATCCGGATCAGCTTAGCTTTCAGGTCAAACTCTATTGGTGGATGGTCTTACGCTCGCTTGGGATCTCTTACCTCCCCCCTCGTCACCCTTCCTTTGTTTATCTCAATTCCTCGCTAGTGCCTAACCGCCGTCTATGAGCCGTGATTAGATCACATCTTGCTAATATTCTGCGGCGGACTGAGTGGTCACATTACTAACTCCACCTGGTCATAGGCATTTCTGCCACGCATTCCTGCGTTAATTCAGAGACGTCCTCTGCGTCTCTGGAGCAAGAAACTAGACCGGGTCAACTTGGGACTTCGCGCCGCCATGGGCGCAAATCTGAAGACTGGTCGTCTAAGTCTCTACTTGGGTGTGTAAAATGGGCTACGGCGCTCCGAGC,1436,49.3,Mus musculus
SEQ_649975,TACTCTCGCGTATGAGCCCATTGTACCGTTGAGTTTTCTCGTTTTACAGAGATTCATTCGGGCGCAGCGCTACACCATGGAGTTCACAAAAGGATCCTAAAATCGTATCCCGCCTGCCAGAGACACTATAGCCGAAACGGCCTCGGACAGAGGCGTGCCGACTAGGAAAGCCCTTATCGTAATGTGCCTCGGAGTAAGCCCAATTCATGGGTCAACCTTCTTTACAATGGCCGGGACACAAGCGCAACACACGCAGAACAAGGAGTAGACGGAAAAGTGTATGCGCAAAAGTAGACCGTGACCGAAGGATCGCCCTGATTGTACAGCGCGGCCCGAACTCCAACTCTGGGGAAGTTGTGTAGATTCACGAGGGGCTTGATTTTAGACAATCCGCATACTGCTACAATGCCAAATTTCTTCCGAGTCGGGACGCGGTTATTATAGGATACTGATGGATGAAGTGGACACCGCGTGTATCGCGATGTCATGTAAGTCAGGTATTTGTGTGATAGGCGCGGGTCGTAGTTTAAGTAGTCGCTTTTATGGGTGGTGGTAGACCCGAACCATGATAGGTAAAGTTGACATGTATTACTTAGGAGAAGATTTCAAATTCCAATAAGTAGCACTAAGTCCAAACGTGCTGTATGACCGGGGCTCATTAATATGTCCTTGCGCTCTCACCCACGATATGCTGCGAGGTTCTCCTTTCTGATCTTGCTGCATGCACCTACCATGCCGATAGTTTTGAATTCCATGGCACGTAAAAGTAAGATGATCCGGAGACTCGTCCCAGTGCAACCAAGCGTTAGGCAGTCGATTATCACAGTCTCGGACTATATTGGTCGGGCATAAAGATTTTCCCAAGCTACACAGGATTGTGCTGGGATAGGCGACTTGGTGTATTCTGCTCGAGCCCGTTTTTCGGTGTCTTGGGGGACGCTGTACTAGTGGATCAGCTGGACGGCCCCTGAATGCAGGAAACTATCGGT,989,49.34,Mus musculus
SEQ_929417,ATTAATGTTGAGCCTTCTCTACGCACCCGCCGGCGATCACTCTAAGGTCACCATTTGGTCTTTGGGGATACGCTGCTATGTCTTCTAAGCCAAGTTTTGGGCACCACTCTCTCAGACCACGGTAGGAAGGGAAGTGGTCCTGGGCTAACAAAGGTATTTTTCGACGACGCTTTTTACTGACACCCAGGGCATACAATCACACAAGAGAGAGCACAAATATCCGTCTCCGGTTTCCCGTCCAAGATCGCTCGCACACGAAAGGAAACAGAGGAGAAGTTAGAGACTCAGAAAAACTTATACAAGAACCGCGGTGGCTCCTGCCGTGTAACGTTGAGGAATCTTCAGGTCATGCGCTGGGTGAGATCTCCCGATTACCCAGCAAATGAACGGTGGCTTGACTCATGGGCGAACTCTCTCCAATGGTTCATGGGTTCACATGAACCTGATCGATCCCGATTTTTCACTCAAACCTACCCTCGCCAGGCAGTTCTGTCAGACAGATGCCCTCCGTACTGTGGTAGACTGCAGCTAGACTTCGGAAGTACAAATTGCATATCGACCACCACCCCAAGATGTGCCCGGCGCCACCCGTTTTATGTTCGCACTCGTTAGAACCTCTTTCGCAACCCACCTAGTGCAGGAGTATAGGGGTAGCGTCAGATCGGATGATGTTGGCCCGAGTGTGAATCGCTCGACTGTCTTTCTCGAGTCTCGCATGTTGTCAATTGAAATTCTTGGTATACGTGTAAGAACATTTTCCAAGAGGCGCGCAAAGTACACTGTTCGGAGGATGAAAAATCTTCAGAACGTACCAGTACGCACCTCTGTGTTTTTCGATAACTCCTTCCACCCATCTTAGACGACCCAACCAAGCACCGTACAACGAGCCAATTTGGTACACAGTTTCCATGCCAGTTGCAACGTCATGTTGGACCTTGGCGGTTTTGAATGCACAGATGAGAGTGAACTTTATAACAGATATGTACGTGGGTCGCGCGCTTGATTCTTCGGATAGCCTGGCGACAATTGGTCAACTAGACGCTGATCAGCCTGCTGCAACGACTGCACTCGCAAGCCCAACTCGGCCATAAATGGTGCTATGGCTTGTTTTAATCTGTCGGGTGCAAATTGGTGTCTGTCATTTGGGTTTCTAGGGAGGAAGTAGTTCGAAGTCTGAACTAAACGGTGGTCAATACAGAGTAACTGCCTTGTCTAGCTTACGAGCCAGACGAGCTCTTTCTAGCGGGGGATCTAATACATTAAACCGTATTGCTCCGCGCATGATGTCCTTAATATTTAGCTCGAGTTGTAATCCCACAACAAAAATAGCAGTCGGAGCTAAGTGCTAAGGAATGTTGTGCAGGGGCCACCATTTTAATAGCCAGTCCAGGTTGATGTTCTGGAACTGACACGGCATATGCTAGAGACTCGATAGCGGAACCCCATTGTACGGGTATGGGCGAAAGCCGCCTCCATTTAATGATGGATCTTCTCTAGGTCTGCGTACATGAATTCCCTTAATAGTATGATCTCGCGCATTATATTCTTACCTGCGTTGCAAAGACTACCGGCGGGCCAGACGATCTAGACTCGGCAGGTGCTTTATGCACTCATTACACGCGTTGGACAGCTATGTAGCATCAAGTATCGAGCGACCAGTGCATCAAGTATCCAATACCTACTAATATTCCTCAGGCTGTGAGTGAAGTTCTTAGCATCAGTAGTTGAGGGCCCGCGCAATGAACCCAATAACCCCAAATCATGGTAGCTAAGTGGTTACAGTCTTTCGACCCCGACTAGACCAACGGGCACCTCACATGGATTGCACACCAATACGTTAGGACGCGTATAGCCAGCAACAGAACTAGTGCTTTAGTCCCAAGCCGGAACGCTGATGTGGGTAGAGCCGCCATTTAAGCTCGTTAACCTCTATACACGAGATTGAGTACA,1950,48.87,Drosophila melanogaster
SEQ_170500,TCATGCCGCGAAAAGAAGCATTACGCACAAGCCCCGAGGGCGTGGTCTTGGCTTCTAGTACAGCCGTTCATCCTCCCCTACAGCCAACAGCTCGGATGTCGTGGAACTAAGACTTGGCACTTACGTGGCTACTCGAGACATCTGGATCTGATGAAAAAATCCCATCAACGCTACACGCCCTCATGGATACGATAGTCCCGTCTTCGGTCGCATCGGGGGCCCCGCGAGTAATTTGCCGTCGCCGGGTAAACTGAAAATCTACCTCATAAGTTGGGCTTCTTACGGTTATGAAGTGAATCTACAGTCGTGACTAGCTCTGAGTCGATGGGGCGCTAGACGGACTGGGAGGACACCGCTATCTAACATCGCGTTTTTTATGTGCCGATACGACTTCCTGACATCCAACTCTGGATGGCAACCAATGCTACAATCGTAGCCATCATAGGGGGGGTGCGAGCTCTTTGACGTTATGCAGTCACCTGCCCGACGTACACTGTCATACTCTGGTTGATTAACAATCTTCTGACATGCTACAATCTACTGCGAAAAGATTTGAACAACAGTACATAAGAGGCTGCGTCATGGTACTGAGGTCAAACGGGAACCAGGTAGATCATGAGGCAGGTCCGGGGTACAGGCTAGCTGATGGAGTACACCCTGCTAGGAGACCAGCAGTAAGGTCGGCTGGAACCACCCGTCACTCAATTGTGCAGGCTGGACGTCCAACGTCCCAACAAAAAAGATTGTCCCCCTACGCCTCTAAGGGGGCAGGTTGCACTAAATGATGGGTACTAGGATCTCACCAGCACATATTGTTACTGGAAAAACGGGAGGCGGTCAGAGCTGTCTGCTGATTGGTTGTACGTCGATAACCAAAATCTACCACTAGTAATACTACATATCCCCTTGTTCAGGGCCGGAGAGACCGGTTTTTATCCTCGTTAGTTTCGTAATTGTGCAAACAAG,966,50.62,Arabidopsis thaliana
SEQ_506983,TCTGTTCTAATATTTCAGAGAGTTCTTTTAGGGCGCCGTGGATCTTCCACCGAAGGAGATACCACTGGGCGGTGGTGTTTTCTGAGGCTACGGAAGTATACTCACGACCATGGATAAAAAAAACGTTTCTTGACCTGATTACGAAAATAGCATCTTGATATCGCTATCTACCCCAGGGTTACTAAGGCGCAGCCGATCGATAGCCTAGAAGAATACGTGCTGCTTGGCGAGTTGACAATGTCCCTTATCCCTAGCCGCCGATTGACGAGGATGAACTGCTATCTTTAGCCTGTACAGCGATAGTTCAAGGGGATAAGGAACTACATGCTGTGAAGGTGAGCGAAGCGACTGCAGGTACGTTTTCCCTCTCGGAGACGGCAGTTCTTCCTAATCATAGCTTAGGGTCGTGATTGCGTCTTGAGTTGGGGCGGATGCACGATGTGAAATCCTTATGATTATTCGGCAACTAGACCGAGATATCAATAGAGGAAACAAGGGCCTCGATCGTTCGCGCTAAAAAGCCGAACCCTAGGGGAGACTAATAGCCTATGAGGACGGGGCCGGACGCTTGATGACATTCCAGGGGGCAAAGGTGTGCACAGTACAGGGGAATGTAGTAGAATGCATCGGTCTCCGAATATGGTACCTGGTAGTCGTCCTCGGAATCAGATAACGGGACTACCTGGGCTCTACCGAACGAGGGTCAAGAGGGTTATCCATCGATGCAAACGCGTCTATTCCCTGGATCGTTCGTCGAACCGGATCGGCTGGAGTGTGGTCACATTATAATTTCGCAAAGGTACCAAATGAGCGACGGTCGCGGCCAAGGACTCGGTATGGGAAGTTATGGCGAGA,855,50.18,Escherichia coli
SEQ_576098,TTTGTCTCTTCTCATCTCGGTCGGCCCCTCATGAGCCTTGGGTGGACAAAACTCTGGATAACAGTTTCGAGGGGGCAGCTAGACACTAGCACCTACCTTGATTAGCCAATTGTTTATGTGCATACCGCGCCGCGGCGCAAGGACATTATCCCAAATGCTATGGTGCTGAGTCAAATGCCATTAGGGTGGCTTACTTAAGTCAAACTTTCGATCCTTGGCGACGACAGAGCGCACGTCCGTTCACCGCGATATACGACGCCAAGCAGGTTTACTCTCGCGCTAATCTGGGCGGACGCATATTGGACTCCTCATGTCAGAGGCCTAACAGTCCTTCGCTGCACAGAACCACGAAATGTATGCCTATAAAACAGACGATGTGATACATTCGGTCTCAGGAGATATCAAGCTTGGAGGTGATCCTTCCCATTGATTAATATTTTCTGGTTTCACACGCAACCGGGACAACCGCTCTCGCACGGCAGGTGTACACGACGAGCCATTGCTGACCGACTATTAAAGTTGCATTTCTGGAATGAACCGGCAGGTGCTGACAAGGCACTGACGACCGCTGACGAGTTGGATTTTTGGCCATAACGAGTGTTTAGCATACAGGTTCGTCAAGACGACCGGATGAGGAACCGGCCCGATCCGTTGTTGTACCAGCTTAGATCCATTAACCAGGGGAAGCTCAATCTTAAAAAACTCAAGTTATTATTACGCCTGCGATAATCCGACCAACCGGTCCAAAGAGCACAATTCGCGTCGCGACCTCGCTCACTTACAGAGTGCGGGCACACACCCTCATACGGATGTTGCCAGTATGGGCGGCCTGTAAACCAATAGCGAAGGAGAATTTCCACGATTGCGCACGTGTCCAAACTCTATACTCTTGACGGTGACACGCCAATGTTCAATTAGAGGCTTACCAACATTATGAATCTTTCTACCCTGTCGTAGT,958,49.9,Mus musculus
SEQ_984585,ATATGTCCACTTAATACTCCAATGCAGAACCGTTGGATATCACGTACGTTCGCGCTACGAACTAAATTCAGCTGATACCAGGACTTGGCTATCCGGGGTCGCGCTATTGTTTCCTAACAAGCAGCTTGGGCCTCGCTGCGCGCGCAGTCTCCTAAATCCCACCAACAGGTCGATGCTTGGCCACGAGAC,189,52.38,Escherichia coli
SEQ_389505,CCACAGAAAAGTCACATCAATGAGAACAAGTCTCCCACTTTTACCTGGCCGCTGCTATAATTGAGAATGGAACAGAGTTGAATAACTGCCTGGGCTATGTCCACAATTGCTTGTAAAGCCAACTATGAACAGCCAGTCTAAGCTAGCCCAGCTTTAAAGGTATCCTGATTGTACATAGTAATCAAGTGCGATGATGTACAACGCGTGAATGAGCAAAGCCGCCATTGATAGAATGATTGGGCACCAACTGAAAGGGCACTAAGCACCATGTAGTAGTCTTCACCTTGATCGGCCATATGGATTACCACGACTAGTACCGCTAGCAACTCGTGGGGCCGTATAACGGATGTTGAATGCTGTTGCGATAGTGCAGGCCCAGCCCTTTGCTGGCGAGGCTCAGCTTGCCGGGTGATGTCACAGGCGAGTCTCTACCGTTGCCCATCATTTTGAATAACCTCTCCCTAACAACTCGAGGGATCCGACACCAGGACGTGCTAAGACTGCCGCGTGCAAAGTGTGATTGATCAGCCCGCGTGGTCATATCGCCGAGTACGGTCACCAGGCATTCTGATTTAGAGATAGGCCAGCCACTACCCTGCGCAGTGTTGTTTTGTTTCGTTGGTCATGCAATCCAGGAGAGTAAGAGCGGTCGTACCTCTAGGATTTCCTTAGTCCCGTTCCTAACGGCATGGCTTGATCCATCTCGAGATGCGGATCTCAACGGCGACCTGATGAGAATCTCTGAAGCCCGGTGGCAAGGCGAGACTATTATCCAGCCACTACTGTGGGCGATACTAAAGCAGACTGCTTGTTGCTCGTAATTCAGCCGACTCTAACCGAATCTTGGCTATAAGCAAAACCTTCAATATTAAACTATTACCTGACTATCATCAATAACGTCCTTATCCTCTAGAGCTGAAGGAGATCTCCCTTCAGCACACATTGATTGAAATGCCTGTATTATGCCGTGTAGGTCCGTAGCGGTAACTCAAGGGCTTTCTGCGTTAAACTGCGGCGACGGATCTTCTATCACAAGTGAGAAGGACATCAGAGCGAAGGGACCAATTCTCTTAGCGATAAATACGTGCCCCCCTCCCCGGGGTTCCACGTCGCCACTGAGACACTAAGGAGAACCACGTCTAATCCGAAGCACTGGAACATGACATATCACTTGTGAGAGTCAGCAACACGGCACAGATGGGAACGCGCTAGGGCTATATAGTCGCAATTTCCAGGTTGCGAAGGGGTAGAGCGTGCTTTACAAATATTCTAAAAGATAGGGGCCGCACCAAAGCCAGCGCCCTGTAATCTTGATGACCTTATTTAGGTTAGAATCTGATATCCCGCCTTTTGTTTGCCATTACACAGAAAGTAGGGCAGATCCAACACCGTAGAACGTGCCATAAGGTGCAGGAAACTTTCTAGACCCTCTTCGGTAATCGTATTTAGCTAACCGCCTTGGAAGTGAATGCCCCTTTATATCTAAAACAAATGTCTAAGCTAAAGACGTTCTATCTACGCTGTGTAGGTCTGTATTTACTTGGATGATATGAATCGGCGACTCGAATATTAAAGAACTCTTTCATGGCTTAGACCATATTAT,1603,47.72,Drosophila melanogaster
SEQ_704600,CCGCTTCCAGACTTTGTTGCTACACCACGCTATTACGGCGCGTGGTAACCCCATTGAGGACACCGGCTCAAAGAGAAAGCCTAGTAGTCAAATTTTGCCAAGCAGATGACAAATTACTTCGCCGCGCTTCCCCTGCCTTGCTATCTGATATCTGAGGCCAATAGTCTGCTCCATGTCCAAGCAGGGTCCCCTGATCTCGTCCTGTCAACCACACCTTAAACGCGTCGAGCTTCTAAGCATTATCGATAATGAGTTCACATAACGCCGCAATAAATCCCTCCTTCACTAGCTTCGTTTGCTGTGCGGTCACCTTACAGCACCTGTTTCGCAGCGCGCCTGCCTCTCAGCTCAGTGAAAAAAACGCCATAGGCATGGTTATAGGCTAGCCTCATAGTCCCCATAACATTGGTATACGTATGACTCCTCACTGTGTGCTAGGCAACCAGTCGGTGGTCGGGTCCGCCGTCTGCTGCCTATTATTGCATACAGCCATTAGTTACTCCAACCAGAGCTCCTTATTCGGCATTGTATTGCACCTGATTTCTCTTGACAAGCACAACTGTCGTGTTCCTCGAAAAATTGGCACGCGCTGGGTGGACGTGAACAACTGACACAAGGCTGGTTGGGAGAGGTTCCTGGTGCTCGTTCCGGAGCAATTGCCACTCTGCGCACGTTGTCCGTTACAC,686,51.31,Caenorhabditis elegans
SEQ_156758,GCTTCCCTGAGTTTGTTCGACCATTCGGCCAGCAACGACATTCTGCAAAATGTTGTAGTTGTAGATTCAATTAAATGCGGAATCTTTATACCCGATTGCCTCTCTATGCAGAACAACTATAGCCAATGAATGACGCGTCTATCATCGGGCTTTGGGAAGCAATCGCTTTTAGTAATCTAAATCTAGGAACTAGCGACGCATGCAACAGGTATGGATTGGGAGGACTCATAACGACTAACTACACGATGCTGTTGACGTACTAGGTTTCCAACCTGGATAGAGTTAAATTTTTTGACGTTGGGTACACGGCACGTGATTAGTGAAGGAGACGCAATGCGTCATTGCAGCAAATTGTAAGGAAACAAAGCGTGGCAACGTTAGAGGGCCAGCCGATTTTGAGCTTTAAGCCTTATCCTCTTGCATTAGCTGAACCATTGATGGTTCGGGACCAGGACAACCCTGCCGGTTCATGAATCATAAGTAGTTAATTGCCACAATGTTCTCGTAGTGATGATTACGACTTTCACGTTGCTCTCGCCGATGGAACTTATCGAGAGGT,559,44.72,Mus musculus
SEQ_373535,ACGGGCAGGACATTGCGAATCGGGCAGGTCAGACGAATTGTAAGAGGACTGATCGTAAAGTACAGATCTGTTTGGAACAGCCTCCTCCCTTGTGCAGTCGGTAAGGAGAAGGGGCCTCTGCGAACTTCCCCGGGAACTTGGGGCCGAGGTAGGAAGAGTCATCGAGTTTCTCACGTGGTGTAAATGTGCTCGCCGATTATGTACTACTTAGATTGCCACCGGTACATGACCTACCCCTGAGACCGGCCTTACAACGAAGCGTTCAGCTCGCGTGGCTCGAGCACGTCTACTCGTCTGTCCAATCAAGATCGGGTTTCCAGCCCCTGGGATGTCCAAGCGAACTTTACTGATAATTCGGAGCGACGATTAAACACCGGCAGGTGTATGCTCAAGCATCCACATTCCGATAATGGT,414,52.9,Saccharomyces cerevisiae
SEQ_179460,ACCTACGCGAATGATAAAGTTGGCTACGTGCCGCGGGTCCGTAGCACAGGTTCGCTTGCTCCCGTTACCCATCTAAAATGCCTCACCATGTGTTCAGCCCGTTCGTCATTCTCTCTCTCACAGGTCTGCGTGTGATAATTGTCTGTTATTCGCAGATTAACCTTTGAATATCTTCCCGCGTCTCAGGCTCGCAGACGGTTGATCCTAATAGGAATCGCCAGGAGCAATAACGTTCGTCCTCCAATGCTAACAGTGAGCTTCTCAACAGTTTAGAGTCCGCTGCGTGCTAAAATTGCCGCTATGACCCATTTTCACCAAATGGGCTTAAGGCTTGCGCATACGGTGTAATCTTGCTCTTCTTGCGAAGGTAAGTATCCCCGACCGCTATCCTTCAGAGCACTTGCCGAACTTAGCAGTCGCAAATTCCGGTGATATCCCACACGGTCATGGTTACGCCAGTGCACTCATGGACCAGTTCTCCTCTGCTATTGGAAGCTTCCGTAAGCCAACTTCCGTAGTGAAGAACAACAAACGCTGGAGCTACTTTCAAAGACCATTCTGTAGGCACGTCGTGACAAACCCTCCCGCGAGCCCTCTCAGACTCGTGCATGTTACTACATGAGTTATATCATAGATCGCCCCCTCATGAACCATAACCGGCAACTGCCTTGATGAGGTGAGTGCCACTATTCAGGATGTAGAAGCGTCACAGCTTCGAAGAAACTAATAAAACTCCGTTCTACCTTGACCCGAAGAATCAGCTGATCCTATGCCTCGTCTTCAAAAGCAAGTCAACAATGAGATGACACGCACTCGCGCCGCGAATGTTGGCGAGTACCACAGGGGTCTATGATGCGTGATAATTACGTAAAGGTCCAAGATGTTACATGAGTATATTCTGCTGGTAAATACTACCTCACCCTGGGGCATACTATTACCCCCCTGTTCAGGAACAGCAACGACAAAAAATATACCTATAGAGGAAGAGCAGCCGGGCACGTCTGGGGAACCTTTAGGGGCCACAACGAAATTTAGGTGCAATGCCGATGTTTCCAGAGGCCGCACGACATGCGGTATGAGTCCTCCTGTCTCGGGCTGGCTTAAGAGGGTCCGCAACTAGATCGGGTATAGTCTTAGATAGCCTATAGGCACCTTAGAAACATAGACGCGTCAGGCCTTTGGGGGATAT,1189,49.54,Caenorhabditis elegans
SEQ_478187,GATTTACTATCGGCGTACACTAGAGAACACTATAATAATCGTCAACCCGAAGCCCTACGCATATCCCTACGCTAAGTTTCCTTCGTAAGGCAGGGGCCGCGGTCGATACGCTTACGCAATTAGTACAAGAGAAAAGCGAAATCTGGATTTATCATCGCGCCAAATAGCATTTAGGAATGCTCGACGATTGTTTTTAAAAGATTAGAGAGTGGAGTGTTATCCTACGTGCTAACTCCATGGTTCAAAAATATATTAATTTATCGGGAGTAGGTTCTGTCAATATACGTATAGATGCCTCTACAAAGGAAGTTAATAGAGGGCCTTTGCTAGACCAGTGTGGAAATCAAGGAGAAACTATGGTTACATACAGATATCTCGTCAAGTGAGTAAATGCTCAGTTGTCACCTACCCCTTCGGACATCAGGTAGACAACTTGTGTTGCCAGGAATGGCCCCTTTTCCAATCATCCGAATTTTAATGCGGAATGTCAAACACGGTGAAATACCCCATGGGAACTACGGTAGATATAGTACGATGGATTCACCATCTGGCCGGGGCTCTATCTCTGCGAAAAAACGTATAGTGTAGCCGCAGAACATCTACTCGAGACCGAGCACTCGTAGCCCGCCACGCGTCGGCGTCTTCTAACGCTTATGTACGAACTGCAACTCGAAGTTCCGGTAACCTACGGTGTACTTGCCTAAGCATCTACAGGAAGCCCTTCCAGGCAAGGTGCCTCACGGGGCGTGAACGGCGGTCTCGCAGGAACCATGTGCCGTCGGCAGTTGTCACGTTAAAGAACGTCAAGTACGCAGGAAATGTCTTGAGCCGATCGCACGCCCGACTGGGTATGACCACGACTCGTAAATGGGTGAACCGCTCCGATCGCGGTGGGTAGGGATCTTGTTCGGGCCAAAGAGTCAAAGCAAGCTGTGGTTTTCCTTATTTCTCGTACACTTTGGACGTTTCGATTCGCTTGTACGGTGACACTCGAGACTGCAATTTCAAAGGGAGATCCGCACGCTCGGGTCAGCATTATATCTGGCATCATAATGACTGGCTCGGATGCCGACGTACGCCCTCAGACAGAAGGTGTCACGTACCTCAGGTTTGGGAAGATTGCACCTGTCCGTACTAAGCATGTACAAAGTTTATGCGACCTTATAGACGTCTGTGGCGTGTTTGTCTCGCGCTTAGCCCAGTCACGTT,1209,48.55,Mus musculus
SEQ_957527,AGGGCAGCACAGTAATAAGATAATGATAACGGGCATCTCAGAGGACAATGGATACGTGTGCACTGGTTCGAGGATTCTTTCCCTTGTAGACACCCGCACCCGGTGTTAGCATATCAGTTAGACGCATGGGTCCAACGCCCAAGTTAGGTCGAAGATGGGGTATTCTTTTCCATAGATCCAGGGGACATATTTTCAGCCGCTACTTTCTGACTACTCGTACGGTTTCTGGCGGGTGGGGGGGCCTGATCTAGATGACTCGATGATGGATTCCGTAAGTAAAGCGAGCTCGGCACTACGCTGAATCCGAACGAAAACTGTCGAATCCATGTTAACGGTTTTTGGCCTATTCCATGTGCGGATACCATGCTGGGCTCCGTCTCCGCTCGTCAGGGTACCGATCGTTAGGCCGTAAACGATAACGGTCAACCATGCGAACAGCAGACCGGGGCGCCAGCTCACATAACCGCACGACGTAAAAAACCGTCATATTAAACTAACCGACCGACACGATCTCGCCTTCAGATTTGACTTTGTGAAACCTTTCAAACAGGCCGCACCAGAGGGTTGTGTGACGCCCGCTCGTCGCTTATTGTTCTCATCCCGCATTCACTCCACTAGTAGCGCCAGATGTCTGGATTTTACCCGGTCCGTTTCTCAAAGCAGGTTCGCCGAGCGACCATATAGGCGCCTCTTTCACATTCAGGTCATCAATTTGGTCAGGGTGGGTTGCAAGTCCCCGCCAGTGTTTAAGTACTACCGTCCTGATGAAAACGCTTCTGGCGCACCGAAGGGGCACTTCAACGTGAACATTTTATGCTACGTCAGCGGGTCATCGTATCGCTTCGTTGATCGTGTTAACGGACTCTGATTTTCGCCCCAAAGTCCAGTGTTTGCATTTATGGCAATCTTAGTGGGGGCGGTCATTTCGTATGTCAGTTCCCGCCGGATGTACTGAAATTTCTCTTGCGGTCAAGACACCCGCATTTTCATTCACTACGTTGACCTAATTCGTGATACCGTCACGAGCCGCTATGTTGAGCTGGTGTCTCATCAGAGTTGTCTTTAAATTGAGGCTATTA,1079,50.32,Escherichia coli
SEQ_909079,AGTGATCGAGTTTTCTAATGTTTTAGCGAACTTCCTTCGCGCACAATAACGTGCTCACATAGAGTCAGGTTGTTTGACTATGGCCTCAATTTCACCCCTTATCTCGACAGCCAGCTTGCGAGCAGTACGGCGATGGTTCCTAGCCCGAGTTAGCGGAAAAGCTCTGCCTCATCAGCAACGTTCACGGCACAGCGTTTGAACCTCTAGCCTCCCGCTACCCGTTATCGCGTGCCGCATAAGAAGTGGATCCCCTGACCTTACAGCAGGCACGGGGACGGACTTCATCGGGTCGATCATCTCACCGCCGGGCGAGCTCAGGGCACGGGCGGAAATTTGTGGTTCGGGTAATTTGTCTACCAGGTTTTTCGCCTTCAGACCGGGCATCTACACTCTCTTTACCCAGTACACGGCATCGAAGACGGGTCATAACCTGAGTTGAGAACCTAGAGTGCGTATTAATGGCGGAGACGAAACATGCTGATCCTATATGATGCTACCCGAGTGTCAGTATGGCCCGAATTGAGGTAACCATAGTGATTAGATCTGGTTTACGACACCTCAGAAAACATGAACTGTCCCATAATGCTAGTTTGTAGTGCCCGGTGTGGAATCATGGCTGTCATACTCACACTTATCGGCAGTACGGACATTTATCGGTATGTTGCTTCCCTCCCGATTAGAGAGCAAATCTTGGAAAGCAGTGCAGGCGGATGGGTCGCAATATAAGACGGGTCGTACTATCTTCCCCGCGACGGGTGGGCGATTTGGAAGCCTTCGCTACTCCATCTCTCGGCCGTTCCATATTCACCAAACGATCAGCGAATTTTGCAAAAGCTGATGCAGGTCCGACTTCCAGACAGTGGGCGTAGAGCGTTCATTAAAGATCCACCGCCCGCCATCACATACTCACAGACCTTTTAGGCATTATGCATTGGACGGCCGAGCGGTCTCCGCCACCGCTGTAGGCCGCGGGTCACTCCGAGATTATGCAGATGTAACTACCTCTAGCCGCACGACGTCGATGCCATTGCAGTCTTTCTACAGAGTTTGCTTTGGGGGGAGAAATTAGATCACACCTCGCTGACGAAGGGTACAGCCGTATCAGTATATCCTAGACGTAATAGAGAATGATAATACGCGCATCTTACGCGCCATTCATCCCATTTCGTTCTGCAAGACTCTCTCTGCCAACGGGGAACGACAACATTGTGCTCCCTTAGGCGAAAGCTTCACGGTTATTAGGGTCGGGATCACTGTTCTGAATTGACCGTTTTCCCGCTAATTAGTGACGCCTGGTAGTCAAAAACTGGGCTGCGACTAGGACCCGTGTTTCGTACGCCTTCCGTCGTCTCGACGATTAGCACTCGCGAAAGTACCGCTCCATGAATATATACAAACCTGGAATTAGTGAACAGTTTCAAGGTATTAATACACTAGTGCAGTGTCTAGACCATAGGACACTCACTTACTGGGGTCACCGTCACCTTGCTTAAATCCGGTCAGAGGCTCT,1510,50.79,Caenorhabditis elegans
SEQ_974785,ATGGCTTCGTAATGCAGGTCCGCGATATAGCTCGAGTACGATTAGCAGGACGTTTTGCGCCGTCGCCAGTTCAGGCCTTCCCACGACGCATTGGAGCGAAGTGAACGCGGCTTAATGCGATGCCCACCGTTTTGAGTGTGATCTATTGCCTAGCAGTAGGGTAACGAGTGGTAAGATACGTCACGGTATAGGGAGCGACGCGTACCGCGGTCCACGCGTGTCGGCAAACAGGTTTTCCCCATCAAATACAGTTCGAGCGTCCTTTGGGCCTGCTTGGAATAAATGGGAGCGGGTTGGAAGCTCAGAAGAATATGGAAATAGCGCCTGTTCTTTGTGGAACATTGGGCTTTGACAACGTCAGGTCCCGTTAAAGTTACGGTAACCCAGGCGCCGCTCGCTAAGCCGTGCACCCTGAAGTCTGAGGCCGTTATTGCCACGGAAACGATAACCACAAATCTCATCAGGCGTCTGTTCACTATTTTTTTGGGCGGTTATGAACAGCGCCAGAAGGGCCTATCGCTAGTGTCGAGACGGATGTCAACCCAGATGCATACATCTCCGTCCCCTTGATGCATAGCCATCAAGATTCACGTATTGAGGAGATTCTGTAATCTCAGTCATCAAGCCGTTATATTGCGATTACCAGACTAATTGCTATGCCGAATGCCGATCCGGTCACCCATTCCA,687,51.53,Caenorhabditis elegans
SEQ_615863,TAATGCAACTCTACGCGACCCTTGGTCGTAGCGCTCCCAGGGCGAATTAGTCTCCGGCGCGCTAACTACGTAAGGTCCCCTTCCCTCCCCACTTGCGAAAACGTACACTATGTGGAAGGTCATAAATTTCCTGTATAAATCTGACCCAACAAACGGCTATGTTACGTTGACAGATCGTACGGAGAAGACAAGGAAGATTCCAGATGTACAGGAGCTCCACAAAAATGGGCACGTACTGAACCATGGAAGTTCTCGAGGCGCATTATGAGTGAGTGCATTCTATGCCATGAAACAGGCCCCCGGCCCGATACAAGCCCTATCGTTGGATTCGATGAGATCTTCATATCTTATACGGAAAATTCCTACATGTCTCTGACAATTGTATGTCGCCGGACATCCAATCAGCACGGCTATGAAATCGGAATAATCCAACGCCCCCCAGAGGTTTTTTCGCCAAAGATTGATGTGCATTGGTAATGAGCTCACCAGGACTCAGTCTTTCCGACGGTTCGTGCCTAGAAGGGTTCTTTTCAACCACTTTAGTCTGATTCCTCCCCAATGTCCTTTTTAGTGACGAGGTTGGGCCTTTGGCAGGAGGGACTATCCTTGGTATTCACCGGCAGCTTTTGCCTATAGAAATATGTACAGTCAGACTTGTTGAGCGCCCTTAAGCTAAAAAATCGTCAACATCGTTCGAATATTCACTAACTGGCCGGGACGTTCCATTGTGGGGTAAGTTCTCTCGCCTTCCCGGGAAATAATGACATTTCAGGGCACACCTCGTGGTTTATGCTGCGAATCTGCCTCAACTACTGTAGACGTTAACCGGAAGCGAAGGTCTAGTCTCCGACCTTCGACGCACGATGCCTAGACTCAGGAACCCTGCCAGCCTCGGGGCGCCTGGTCATTGGTTCCGGCGGCTATCGGTGACTTGGGAACCGGTACGTAGTTACAGATCCGAAGTGCTTCACGGTTTTCGTAATGGTGGTATTGCTAACCAGCG,1003,49.65,Homo sapiens
SEQ_556106,TTAGGGAACTCGTGCGGCACAAAGCACCACTCATCGCCCATAATGCGGAAACCTAGCCGGGTTAGAATTAATCAAAAGATGTTCCGGTCGGGGTGTGCAGCTGTGAAATTTAGTTGTGCCTGGGGAATATGTCCAATCGCGCAAGCCTTGCTCACTCGTTCCTCGACGTTGTACGTGGGGGGGTCCCACCTTCCTGATAGGAGCTCTGGAAACAATGGGACTGTCGCATCGTGGGCTGCGTCTCGGATTAATAGGTGCGGTTATATGATACGGGGACTGACAAGGATTACACGGCCTAGAAGGAGTAATGCACAATAATATGACACCGATGGATCCTTGTCAATAGTCGTATACCAGTGGAAGACCTACTTGGCGACTCACGGGTTGACACGGACGCCGGATGGCTTCTTCGTCTGATCTATATATGGTACAGCTGTATCATACTGCATTCTTGACTGTGCGCCTACCGTCCTTGAGGTTTAAAGAGATCTTAGCAGACGATGCCGATACTCGCCTATAGTACGGTTTGGC,531,50.47,Caenorhabditis elegans
SEQ_150531,TCTGGAGTCCGCTATAACTCGGGTATTGGGACGCCTTCTAATGTTTCATACAAGCAGAGCGATATGGAAACCTATGTTATTCTATTTATATTGTTACTTTATTACCATATGCTACTATCTCTAATACTGTATAATTTTGCAGCAACCAAGAGGCGTTACTTTCTGGGTCTAACGGGGAGTGCTCCGCGGCGGATTCCCACCCATCCCGTTCTTTTGAGTGGTTCCGGTAGGAACCGCATGGCCGGGAGTAGCTTTCTATGCCAACCTAGTGATGGTAGCTAGGGACACGCCGGTCTGTAGTCCCCAGCCCTCCATGCTTCCCGGCCGGCCCATTCGGAAGGTGCATGAGGTACGTGGCTATGAGGTCAATGGAGGGGTCGCGGGTCAAGGCGGGACTGGATACGTGATGAAGTCCGAGCACATCGGGCTCTTCTGGCGGGTGCCTGCAATGGGCGACCTACGTTATTCGAGCGTGGGCTCCGCTCAGCAATAAGAATCCTACAGCTCAGAGTGGCTTCATCAAGCATGTCCCATACGGCACCAACAACACGAGTGCCTAGTTAGTAGCAGGTATAATCCACTTGCGCCTTCAAGGGATCGCTCCAAAGTACGGAGGGAACCAGAAAAACCAAGACCATACGCACAAGATTATGATTGCGTGGGAGACAACGAAAGATCCTTAGCGCGCAGAACTCTGAGCGAAGTGAAATACTTAAATCGTATGGCGCCCCCACCCTAGAATGTCGTACTGCACGGCAGAATCGCCCAGCGGACCTGGATTGCCAGGGGACAATCCGGAAGAGTGCGGAATAATAGAAGATTACGGAACGCGTAAACCCCTAAGACCAATACTGCACAAGCGGCGTAAGTTTAAACTTTTTAGTGTAAATGGAGGATCGCAAGTTCTCCATGTATAACCCCGTTCCGGAAAAAGGGCTCGCCTGGGAGCTCGTAAGCCTAAAATTACCCAGTA,973,51.08,Escherichia coli
SEQ_865169,TGTCACTAGCTTTGTGGGGTAGCGCATGAACCCCTGACCCCTCGGCCCTTGGAAGGCATAAAGATCCCTAGGAGCTATCTATACTGTTGCGCATGGAACCGACATCCACATAGGAAGAAATTGAGCGAAATACCCAAGAAAGGCGGCGGGCACGGCCCTCATGGATCCAAGACAGGGGTGCAAGACAAATGCCCTTTGTGCTTCTAACGACAAAAATTAACAGCCGCCGAAGCCATAATGCATACAGGAAGACCAGGGGGAAGCCACTAATGCGATGCTAACATGAAGACTATTGGGGAGCGATCGAGCCTATTTTAACTGCATTTGATGGTATGACCTCACCGCTCAACATACGGTAAGCCAACTAACCCAACAACCGTTATGCCTCCACCTCTAATGTCTTATTTATCTGGATAGCCAGCGGACCTTGATCTTGCCGACAAAAACTTCCTCTGGTACATTCGACTGCGGTTATGGCGCTCATCTAGGCGTCTTTATGCTCCTTCCGACTATCCAAATGATCGGCTAGCCAGTTTCGCAAGGTCACGCGTGAGTGTTCCCCGATACTAAATCAAACTCGGTGGCCATGTCTCTTCTTCGATAATTGGCGTAATCATGACAGTGATGAGGGCCATCGCTGGCATCTCCTGACGCTTTGCTGAGTAAGTTTGGAGAGCGTCAAAGTCCTCTCTTTACAAATTAGGGATTCGTTTCTTCTCAGTAGCAAGCCTCTAGGGTAAGCGAGCTGAGTACTTGCACTTATGCTTAGATGAACCCGGGTATGGCCTCCTCAACGAGGCTTTGGGAGTAGATCCAGGTGTTTTGTATAACAGTCGTCATGCGCGCCCACCACGGCATAGAGTCCACAAGGTAAGCGAACTTCGAGACCTACCAGAAATTTGAACCGGTGCCACTTGACGGATAAAGATAACCTGGGTCTATCATGGCCCGAGACCTACAGCCTTCGCGCAGTTGTGCGTCTGTGGTGATCTGTCGGCGAGGTCGTCGGGCATGGTATAAGGACTCAACTCCCAGTCCCGGTTATAAAGGAAACCGTACGTAAGAATCTGACGGAGGCGACGCCGTTAAACTGGGTTTCGATGGCTGCTACTTAATAACACGAAGCGGGGTCCTATCAGAAGGCGACCCAACCAGCCATACGAAAGCCACTTTGTTGGTGAAAGTCAAAAGGTGATACCACGTCAAGACCAACCCCTGGTTATCATAATAGTAGCAGCGGTGCCATTTCCACTGCACTGAGTTAAAGGTCCATAATACCGGCATACTAAATATCGCAAGCTACTGCTAGCGCGGCGTCACACTAAACGTACTCAGCTCAACCGCCTGTAACTCTTGGTTAGATCAGCCGCTTCCTAATAGTCGCTTATGAACCTACTGATGAACATCCACTACTAAGACGGAGCGCCCCCCGTGGGCGCTTGTGAAAATGGGTAGCAACTGGAGTCGATGATAGTATTCCATATGTGATACAGGTGAATCAAATCCCACACCTCGTCCCAAACAGTACCATCAAGGGAGCAGCGCACTCGTGATACGGGCTACCGGTATCTACAGCTCGGTGAAAAATAACACCCTCTACGCGAGCATGATTGTCCTGTATTAATGAATGCGATATCAGATCCGGAGAGTCTGGCAGTTTGTTAAGAAGAGTCCCCTATAAGAAAACTGCGTGGTATGCTCTAAAGTATGACTGCCATAGCAAGAGAACGTGCTTGCAGAGGTATACAATCGTTCCCACGTGGTAGGCCTGTACCGTACGGTGGACTTATTTATCCTACTCACGTCAAGTCCACGCCGCACGCGTTTAGCAAGACCTTATTCATCTCTCTCGTACCTCAGCCGGTTGTAGTGCCGCTGACCCATATTAAATTTGTTTAGCCCGAGGACATCCTTTTGCTTGCGGACTGCGCCATTGAGCGTCTAAGAGACCATT,1954,49.59,Mus musculus
SEQ_803168,CCGACTTCCGGGATGCGCGTTCTGAAGATTCAAAAGCTTCCCTCTGCCCACAAGTGTGCACGTACGTCGGAGCGAGTAAATAAATTAGAGGGTCTAACTCGCTTACTAGTGCCTATTGACGTAAACCCTATAAAAATGTTCGTTGGTACCCTCTAGGCTCAGGGTGGTACGCCATGCAAGGTCAAAGGTATGGTCGACACTCTACCAATCCACTCGATCCCTAGCAACAATGCCCCTTATTACGCGTCAAGTATAGATTCTAAGGTTTTTACCACGATCGCGCTCCAATGCCAGTCTAGTTCTTCGACAGCCACGCTCGGCGTGTGGTCTCTTAAGCCGTCCGCGATCCGATTCGCACGGGTTGATACGTTGAAATGAACAGTATCTAGCTTGATATTAGCACGGGAGTATACGGATTACCGCCCTTAGCGTTATGCTTCTGCGCGCCCTCCTAGGTAAGGAATAGGAGGCGACGAATGACCTCTAGGCGAACATGTCAAAGATCTCTAATGAACTCAGCTCAAAGTGGAAACTAGTGGGACCAAGCCTAGTTTATCTTTGATCTAAGGTGAGTTTTTGCGGGCCGGGCGTGACCAGGTGTCCGTGATACGATGCGCCCAGACGCAGTTCACCGGCACAGATCATTGGCTCCCCTGTGGTCGGTCTCATTAATAATCATCATGGCACGAGCGACTGAAAGATGAATTACGACCTAACGGAAAATTTGTGTCGTTGGAGAGGCAATCTCAGTCTGCCAAAAGTCCAAAAGTACTTTATTAGAGCGGACTTATTTACGCTCAGGCGTGGCGAGTGATCTGTAGCGGTTGTCACGCGCGACCACGTAGGTCACTCGAAACTCGCTGTGGCCCGGAAAAGTTTAGATACATATGGATTCTGTGCGCTGCGCGAGAAGGGGTATTACATGGCAATTTATTTTCCTCTGACCCCGTACACAAGAGTTCAGCAGTCGGCGGATAACGATAAATTGGAGTGAAACTTTTAAGCGGTTGTG,1012,49.31,Escherichia coli
SEQ_964088,CTTCGACTGAGCACCCGAACAGATTAGACCGGTCCACAGACCCGCGCGGCTGAGTATATACTAAGCAGATAGTAGTCCTGGCGGCTGACGCTCACCCAGCAGTGAATCCGCACCACCAGTTCAATCACCAAAGAGGCATAGCGGGGCAGTAGAAGAATCACCCACTTATTCTGGGACATAGTGCGGGCTAGCCCCCCCCCACAATAACTACACTTTATAAACCTACCGAAGCTAGCAATTTCTGACCGCTGGACTGGAGCAGGGTGGCGTCCAAGCGGTACCCACCAGATACTTAACCTGAACAGTCAGTCTTCTTCATTTATTTAATAGGGCCAATTTTGGTTCTGTTCCCGGGACGGCGGACATCCGTAGCACGAGAATCAGGTTGGTCGCACACATGTATCTCCCGGCTCCGTAATTGCGGGGCTCGCGCTGTTCCATGTACCAAAATCATTACGCCTGCTGCGGTATCGTCGATCTAAGACTATACTCGGCCAGTAACTCACTTTTCGGGTGGGTTCTAGTATGCAAGATACAGCTGTG,543,52.3,Mus musculus
SEQ_737667,CAGTGTCTTACCCCCCTATATTTATACTTCTGGTGACTCATATCTCAGGGAAACTATGTGTCATATCACAAACATGTTGACCCGGATACTCACGATTGTGTTGATTGATCTGCCCGAGTTGCTCGGCATCGATCGCATCCTTTAGATTGGTCGGTCC,157,45.86,Arabidopsis thaliana
SEQ_420670,AATCTTCGTCAAGCACACCCGTAGCGTTGGATGAAGGTCGGTATAGAACCCGACCTGACTCTGATGCTACCCATAGACCCAATTACGTACAGTCTTTAGCTATCATAAATTAAACTGACGAGTAAACCCATAAGGCTCTTGTGTGGCGACACCTACATCCACTACAACTGATTTGATCGTCGCGTAACAATGGAGGTCGGGGTGTCGGGACTTCCTGCCGGGTATTTCGCATACTTGTCGAACCAACTCTCGGCCTTGGAATACTTGAACCCGCGCACGAGGTGAGGACCATCCTATTGCAGGGCGTGGCTTACAACGTACACTGCCCGAGTTACGGACTGCGACTAGTTGGATATTCTACCCATGGATCACCGGCTTAGGGATGAACTATTCCCAGTGTTTTAATCGTACAACAACGTTAACCCCACGGACTAACGCGGATATGGGTGTGACTTGAGCTTCGAAACGCCATGCCTCGGGTCACTGCACCCAAGACTACAGACGGCAGCCTAACACCCGTGCTTCCTAGACTGTGTTCGTTAACCCACGCCGCTGAGCATCGTGACGTCGTTGCCTCGTGTGAGATTTCCTGACTTGTAATACGGTTTTCGGAGGCGGACATTGTCAAGGCAGGCTACAATCCGATAGATGGTAGTAGCCGGTATCTATGGCCAGATATTCTGCGACCAATTAGGTGATGAAGGTTTGAGACCAGACATTCGGCTCACAGCGGGAATCCTGAATCATTGACCCCGCGTATCGCCAATGAATACGTATCGACTCACAGTAAGAATGCAATAAGTGCGCAGTCCGTACCAACGACGAGTTCTAGTAATATAACTAAGGTCTATACCCTGTCATCGTGAGCGAGGGCTTGGACCCGCCAGATTGGTATGGGAAGCTGATGAATGTCACAACGATCGATTTCTATCGCCATGAAATCAATCGCTCCGAAACGAAAGCGCAAGGCGCACCGAATAGTTGACTAGGGGGTCAGCCTGCAGGTAGTTCATTCTGCAAGGTGTTACTTTTCAGGGTTCGCTCGCCGTTGCGGTCGTCAGTGTCTGGTATGGCTTGGTCAGCCGAGAACGATCTTAGAGGGTCTCTGAATCTACGTATCCACGTAAAGGACTTCTCCTACCCTGTCAGAGGTGTCGAAAGGCATAACTTGTATCTGGAGAACTTCACACTTCCTCCGCTGGTCAATCCGTAGGCCTGTTTCGAGACAGCTAGGCCTTGGTCCCCCACAATGTGCGCTGACTTGAACTGATCGAGCTCGCTATCCACCCGGGCCGTTCCTGAACAATTTTCCCTATCACTAGGGTACTAAAGATGAATACGAGCTTTCGCGGGTAAACACATTCGGATAAACATGAGTCGGCGGAGGCTCTACGCCCCCGGGGGCTGTAGTCTCGGACAAATCAGCCGAGTTTGAGGAGTACCCTTCTCGCTTCAGACTGCATCCTCAGAGCCCGCTCATCACAGCTTCGGAAGTTACAATCGGGATAAACCGCTTGGACATCAGGGTTCGCCATCGTTATACATACTGTTACTGCATATATGCTAGGAATGGCGTGGGGACGGGAGGTAAGATGCACCTTTATAGACCGTGGCCCGCTCTGGAATTCGTTAATACCTATTCGCTAATAAGAGTTTGCCCCAATATCCCAACGGCGGCGGCATTCCCGCTTGAACGAATAACCGCGGTTTCT,1712,50.99,Saccharomyces cerevisiae
SEQ_215837,TACCCGACGTGTGACTGAGGACATGTCCCATCTCCACACCAGGCCACCGTGAGTCTTCCCCATGCTGATACCAGATAGACTGAGTAGCTAGAAGTTGGAGAGGAGATTATAGTCCAGTGGAGCAATAGCTTAGCATACATTTATACAAGGTAGTTTGTATCCGCAGAGACATTTACGATTTGAGATTTATTGGTGTCGTGGCTCAAGTTCACCCCAAGCTCACTCCTTGAAATGCGGCTGGCGATGAATTTGTATTTTCTGAGCGTTGCACGCTAACGTTTTCTGAACTCTCAGTTTCAGATACTTGGAGGCGATAGGAGTTCGTGGATCGAAAGATAATTATCCCTGACGCTATTTTACGCGCCTCTCCTTCTTCTTAGTTATGTCTTGGGGTAAACGGTCCAACCTTGAGGGCTACTACTACCCTGCATGTTGCAAAGACCAATTAAGGCTCCGACCTCTGGTTGCCTAAGTACTTTATGTTAAGCCATTGCCCGGCACAGACGTTAGGGCGCATGACTACAGTAGCCCACCATCCCTTTAACAGATGGTAGACTCGCCCACCACCTGAAGATTGAGTAGTTCAGGCGTGCATATAGCTACCTTGCAGCTCCCCCAAAGCGAAACCGTACGTACCAAACCGCTGGTGAGAGACCCGTATTCATTAGAAAGCCCTCATTACCCAGGTATACTACCGCCGTGTCTCCACCACGAATAGCGTTCGACCACTCCGAGCCTCGGTAAGTGCCGGCGCGGGTTGTACGAAGACGATCTACTCAGGAGATTAGTTTTCCTTTGTTACGGGGGGCCTCGGCTGCCGGATTCTCGGCTAGTCCCGAAACTCATCAGAGACGAAAAATATTTCAACATATCATGCGCAGGCCCACACTTAAATTCCCTTTACCCACTCTGCGTATTAGCTCCGACCACGGCGCGAGACACCACAGTTGATGAGACGCAACTTCTGCGCTTATACGCTGTCATATTAATATGAGTTCGGCTTGTCGACCTTGCCAAGTCGCGACGCGCAGGCCAGAGGCCTGTTGATCACACAGTCGTGTATGATACTGTTGACGAGGTGTACTTGAGTGGCTTAACGACGGGCTTGGACCGGATTAATTAGCAGGGGACGTTTTCTTGGGGACAAGACACTCCGGTATCTGTCCGTAGCATAGTTGAGAGCCTCGAGCTGGTAAGCCTCGTGGCACTTCGCGTCACTTGCTGGCGTGGCGTAGTAACCACGGGTGAATCTCTAGATCCGGCCTCAGGAGCCGAACATCGATGAATATGCAAAGTAAGTTCAACCTGATGCGCCGGCACTTATAGGTTTTTAATAAGTTCATCTACGGTTAGTTGGCTCGAGCGAAGTACGCAGGTGTTCCCGTGAGGCCCTTGGCACCTTATAATAATATCCCCAAGCGAACTGTACCGCAGTTGCGCAAAGACCTCCTACATCCTAACCGCCGAAGACAGAACCTCCGGGAGAGAATCCTCTCGTCATGGATAAATAGCGGGAGTTATGGAGTGACATAACGGAAACCAGACGCCGGTACCAACCAGCGCGGGTTCCAGATGGGAAGACCGCGATCTCGTGAATGCATGCCGGCCTAAGCCCGAGTTAAGCCAGGAAGCGCCTGTGTGTTGATACGATAATCCAATGGTTTCTACGGCAGGCATAATCCACGT,1686,50.77,Drosophila melanogaster
SEQ_504289,AGCTTGTGGGAACTGGTCTGTTGCACTCAATTGGCTACATCTCAACAATGTACATCAACGGCAGGACGCCCGGGTGGGCATTCCTACCCCGACATCCCACGGAACGGAGAGTGCGTCGATATTGCTCCCTATCTCAATGCTCCGGACGTCAGAGAACGGGCAGAAGTCGTTCAAAGTAGCTGGAGAACATTGTTCTTAGTACCTCCCAAGGCCCGTTACTCTCGAGGGAGCGAGGAGGTCCGTGCAATACCGCAAGTGTTAGCTAGGGGTCGGTTGTTTCTAATTACACAAGAGGAGTTCGGATTTTCCCGACCACTGGGTCTTGGCTTTCAGTATCGCCTTTACGATGCTAAATCGGTTCGGTGGTAGACGGTTCCCTCGACAACAGCGCATCCCCTCCGTGCTGAGAAAGTAATGTAATCTTTACGAACCTCCATCTGCTGCACCGGATGCGACCGTCGAAATCGCGACTCTTGGTTAACCTACTAGGCTTAGCAAAAGGAAGATTCTTCCGTCGTTGATCAGCGTTCAGCGCGATAATAATCTCCTCAGCTCCATTTTCGGGGAAAGAACATCGATATACACTACCGTTATTACTGGCCTAGATATATGCCTGGTACGTTGAAGATCTACTTCCTTGCCGCGGGACAACTCGTGGTCAGCCTGATTAAAGCTTCTACCATTTCAACTCGTGTGATCCGGACTTTAAGCTCCGACAAGAGTCCTGACGTGGTCGTCGCTGCCCTTAGACAACCTAAGTTGAAGCAGATCACCCGCACCGATTTACCTTTGATATGCCTCGCAAGTACAGTGCGCGCTAAGACGCCGGTCATACTCATCTAGTAGATAAGCCCCATGTCTCGCGGATCGGCGTTCGTTATGATAACTCTACGTCGAACCACAACTTATAAGCGACGATCAGAGGGGTCGGGGAAGTTTGTACTAACTCGACCGATAGGTCAGCTTCGACCCTCACTATCCTAGTCGTTCTTGGTATGCGCATATATGAAGTCAAATGTTGCGGACGCCTAGATACTATCAGTCTTCTTACTGGGTAGGGCACCTTACCAGAGCTGAGCAACTGATGCCAGTTTGTTCGAAATCAACCGTGGTGCGAAGACTTGTCCGAAGTTGCTACTGGAAAGATGGACGTCTCGGACGATCTCCATTAAGTCAAGTTTCTGGCACGCGCGCCACCACTGCTAAAATGCTAAAGTACGAGCTCGGAAATACGCTCACCAGCGTAAACCGATCTCCCGTTACTGAAGGGACAGCTAGCTTTGGTGTCTCCAGAGACCTGATGCTCGACAGACCGAAGAGAGGATTTCATTGCCTCACGTTGCTTGCTGTATATGCCCGTTCTGGAGGCTGGCAAGGGCGGGGGTCCTGTTCCGCGGAATACTACTCATAGAAGGTTTGTAGAGCAGCACAGAGGGTTCCCTAACTCAGAGCCCTCATATCTGTTGTGCGACACAGCCGGATAGAGATTCGTGTCATCGATGAACAAGGCCCTTGACAGATTTTCGCACTGGACATCGCCTGTTG,1545,50.87,Drosophila melanogaster
SEQ_917791,AATCCATTGCCAGTGGCCGCTGCCAGCTAGGTAGAGAGCGTCCTACCCTTATCGTTGACCGAAGTTGCGAATCTGATTGGGGGAAGCCTAACGCCATTTATTCTTTCAACTTAGGCAGAAGACGACGAACCTAACGTCAAGTTCACAATTGAGCAGCAGCCGTGTTTCAAATCAACAGGTCTCCACTTCCGGAAGTCACCCGCCGTACACTGGTGACGAAATCATAATGGTAGGCTCGCGGCTGAAATACGTTCTTAACATGAAGTTATGTGTTTATCACCATCAACTCATACGGAGTCGTTACCGCGACCACTACGACCCTTCATAGACGATCTCTTTTAATGATTTGCTCCGGCATCATAACCCTGTAAGCCTGTAGTACATTCTTCCCAGATTTGTAACTAGACCGACCTACTAATAGGAGTTAGGTGGCTTGGATCAGCCAGTTAGAGTACGTCTTCCCTGTCCGGGTATGCGCTATATGAACTAAGTTTTTAAAACCAAACATCTCAATGGTGGTCCAAAGTATTTAAGAAGGTTGATGCTGTAGGATCATGCTAGACGGTTGTCAACCGCCACGAGTGATGCGTGAAAACGGGTGAAGAGCAGACGGGAGCCTTTACAATCCTCGACAAACGTGACCTTGGGCCAAAGTCTAGGTGACCGGCAGGAGCATGACTAGGTACCTAATGCGATCACTGTTCCCTGTCGCGTCCCCTAGTGCACGCTACGTTTAAAGTCTAGTACAAGCTTTCATACATCGGTTGCTCCCTGCCTCGACCCGTACGAGGGCATGTGAACAACCATTCTCGGCGATGACTAACCATAGTCATGCTGCACAGATCTGCGTCCTAGTCCCTCATGCGGCTCTGAGAGTCGGCACCCATCAGGCAAACAGTCGCGCCCATAACTCAAGTCATTACATTGAAGCTACTAGAGTGTTTGAACTGTCAATGCGCTATTGATGCAGGGCATACGAATTTATAGGACGTGTCGGACGACGCCCTCTACCAGCCGGCAAAACAAGACAAAGATGCCAGGTGTTTTTGCTAAGTGCTTGACAACCGTACAGCCCTATCTGCTGTATCTGATGATATGGACGGCCAGACCCCAGCAATGTCCAGACTAACTATCCTTAAATACTACGGTTCCGGGGCCGTTGATGGGTCGGGTACTGCGGGAACTCGGATTACGCATAACCCACCACGCGTCCAGCGAAGATAAAACTATTTGTCCACATCGGCCTGCCAAGTAACCGTTCCCCAGGGTGACGTTATCTAGGTGAGGTCAAGGAATGTTCTGGATGGGAGGCGCCAATACAACGTAATATTCACCAGCAAGATATGCTGTAATCGGCATTTTGTATGTCGCCGGTCTATACTTAGGATTGAGTCGGAAAAGGGTTCTGAATGCCGTCCTCGAAGGGGCCAGTGTAAGCGTCAGACTTCGCAGCGTTACTATTCAGTTCAACCTCGGGGCGA,1481,49.43,Arabidopsis thaliana
SEQ_734464,CCATCTACAGTATGCAGCTAACGTGATAGGCTTACTGGAAGTTCTTTCAGAATTAGGATTAAGAAACAAGTTAGGAATCTGGCGTAGGGGACATGGGTAGGTTGATGAGTGGCCCCGCAGCCGTCACTACACGTTAGGAAACGAGGCAAATTCCATTTGATAGGCCGCACCTGCGTTACAAAACGCGCAGCTTATTAGCCTGCGTACTGCCTTATCATGCGGCGCAAACAGAATCTAGATGGAGTGGCTGTTAAAGAATTAAGTTTGTCGACCTTCATGTTGTAGCACTGGCCACCGATAATACCGTCATGTCAGTGCACAGACCTATACCGGACAATGTGATCCTTCTTAGTTGTGTTAGGTTAGAGAAATCCCTCCCCGATTATTGATGTAGATCTTCCGTATTCCCACTCCCACTTCATACGTTCGAGGGCCTGCGGCCAGGCCACACGTATCCCGATCCGGCACCCATGACTGGTTTGGACCGCTCTGTTTTGTGCATGCTGCTAAAGTCAAATGACGAGCTTAGTCGAGTGGAAAAAGCGATGACGCCGACCCAACGTTTACCTCGGTAGGCCCACGGACCTGGGTACGCCGAACGCTCGGAACGTTATCCTGCTGGTCCAGGAAGCGACTCGGTGATTGTGGCACAGCAGCGCAATAACATTAGTCTAGCGCTCTAAGCATCAACTTAGCTGGTTGTCGATCCCCTAGGTTTGTCCCTGGATTGCGCCCTATAGGAATGGTAAGTGTAATTTTAGCAATCGGCCAAGGCTCGCCCCCCCGTATAAACGGTTAATACATGGGACCAGCGCGGTATCAGGGCCCCGAGCCCCCGAATGGACGGCTGAGCGGAGTAGGAGGTACCTTATCAGAGCGTGGCGAATCTTGACGATAGGGTCCCCTACCTTGGGTACGAACTCTCTGTAGGTACGAGGTTCCCACACTTGTAAATGCCAA,960,51.46,Mus musculus
SEQ_541043,TCCTGACGGACTCAGGGGATCAGAAAAGGTAAGGATTCGTTTGAAGGGAAGATAAATCTCGTCGCTCCGGTACATGGCCTTATTGCGCGTTCAGTCGCGGGCCTGCAGACTAGGAAAGTGCACATGATTGATGTAGTTAGATTCAAGCAGACCTCGTTAGTGTCTTTGCTTAAAAGCTAGCTTACAGTGCCGTGGGGTGTCCATGCAGGAGAATACCCCATAATCGATCGATAAGTCAGGCGAGGAAGGAGTTAATTCACCTCGTTGCATCGGCGGAAGCTCATTCCTGCACGTGCAATGTCGCACGTCACTGGGGAACAAGCACCTTTCCTAATATCACATGGGTAACTTGCAGCATCAGAAAGACCCGGATCGGTTTCCGCGTTAACCTACGGAGAACTATATAACCGAGCAGGGCGGAGCAACCCCCTATGAGCGTGTTCCATCAGATGTCGACACTCCAGGTGTGTCTACTCCGAGCAGCTAATAGTTCCTCTAGCCGATGAGCGGGTTAGCCTATCCCTTGGGTTAGCGGCAAAGCCCTAAAGCTGTAATGTATTCTATGTTCGCCTCTCTACCCTCATTAACAACAGATGACGGCGATGGCCCCGATGTTCGACCGGCTCGTG,629,51.19,Saccharomyces cerevisiae
SEQ_152967,ATACAGGAATCGGGTTCAGTAAGACACTTGGTGTGCACTTCCGGTATTATTTGCATGATAGACAGTGCCCGTATCACGAACAGCTTATCCGTAGTGGCGACTTAGTTCAAGAATCGAAATCGCCCGCACGCTTTATCACTTTCATTTAGAATTTTACCGTTTCCCTATACATGAGTACGAAGTACAGGTGGCAGTGGGCTGGCAGGGGGCTTGCTACTCGATTTAGTGCTCACTAACCGTACTGTTTCCGAATTGCTCGAAATGTAAACTAAACGCACATCTTTTAACGGTTGGCTTTATCTAGGTCCAAGGATCCTATAACAGAAATCTTAAGTTTAGACCGTCTACTATATAAAGATTAAGTAAATTAACAGACTCGATCTCCGGTCCCTTGCGATCGTCCGAGTGTTAGCTATCAGAAGTATGGCAGTCGGCGGTGTTAACATATGCCGCGGTCTGCCCCGGTCTTCAATTCGGCAACTACATAATTCATGGTTTGAAGTCCTACTGACTAACCGGACAGCTTTCAGTCGACGGAACAGAAGCACACAGGTTCTGACCCAGACTACTAAAGGCGCCTCCGTTTCTGTGGTTCTAAACCAGGCACGGGCCCCTCCCTCGTCTCTGAGC,630,46.83,Drosophila melanogaster
SEQ_102036,CAGAAAAATAGCTGTAAGCGCGAACACCTGTACGAAAAAAATACACCCTAATGGGGAACCGCTTCGGTTAACAGATTCATGTGGGGGACACTCCCAATAAGCAAGTGCAACACAACGGTTAAATTTGTTATCGAAATACCAAGAATCTTCGTAGGCGCAAGTCGCCAATCGTGAGCGTGGACTGTGCAAAAGGGTCCGTATGCTTCACCCAGCTCGAAATGGATCTTTAGTAGGACATACGTTTTGGGTCTCTCGTAAACTCTTGTTATTAATTTGCGTACTTCGACCTTTGGGCAATAGGTTCAGTTCCTGCCCGCGGGCACACGGCTTGGGTCAAGTTCTGTTTGTGTTAAACGTACTAAGAGGCTAAAGGCCTAGAATTCACTTGGGCGTGTGGGCTCCAAGACAATCTTTTGCTGCTAGTTCTTATGTTCCTGTT,439,46.01,Mus musculus
SEQ_592877,GCCTGGTCGACGTAAAATCATGAAACCGGACAATGTAAAAGGGAGAGATGCATCATCGCCGGCTACGCTGGTTATGGCGTGAAACATTACTGGTCCCAGTTGGGCTTTATCATTCTTCGGACGACTTGCAGTGAAAGAGGATAGCAAGCCGTAGGCTTGGTCAC,164,50.0,Caenorhabditis elegans
SEQ_348083,CGACGATCTGCCGATTAACAGAACGGACATCTCTATGTGACGGCCACCCTACACGTTGTGCTTAACACCG,70,52.86,Arabidopsis thaliana
SEQ_201542,GCATGGGGAAAGAGAGTGCTCTGAAGACGAGGATTCATAACAGCATCGCTGCGCCCCATGCCTATTCACCGCTAACTAAGGGCATCACTATCAATAATTTTGAATTCGCGCGGAGTAATCACGCTTGACACAACACACCAAAGCATGCCTATTCCTATAGAAAAGAGTTCCGTATCATGGGTCTTCAAGGCTGGAGGGTAATCCATTTCAGGACTATTCGATAGCGTGTCACAAAGGGAGTTCGAGCTCGCTATTTTAAGTATTTCAGCTTACTGTGAGTTGGTGTTGCTTATGAATGTGATACCAGCCCCGTCTGATGTACCTCAACACAATCTGGATTGGCGATATTCGCTTTGAATCACACGCACCCCGCGCCCGGACGACTTACCCGTCTACTCGGGCTCTAGGTAAAGGTATTGTCTGGGTTGTGATAGGTACGTGACGGAAAGTGGGGATTAGGATTCATTTTATTACCACGAGAAGAATAGAGAATATATTAGTGCAAAAAGTAGAGATACATGAGAACGCAGCTGCTATTAGGGGGTTGAAGTTAAAACACAATGGACGTTACTACGAAGGTAAGGATCACCATGGTTACAGATATATGGACTCTAAAGGGTCATAGTACTCATGGCATAAGGAGAGCATACCGTACCAGGTAGGCGACCGTGCGGCTTCAAAGATTTATGGGCAGAAACTTGCTGGTATTAATACCTTGTGGCTGACCGACTAGAAGCTGTGCAGGGTCGCAGACGTATACGTCATTCGATACGATCCGCGAAGTGGAGGCGCTTAGGTATGGATAGACGAGGATCCGGCGCCATGCCACGCTCCTCGACATCATCAACTGCGTCCTCTAACATGAGGTGTCTGATCAGACGAAACCAATTGCTCCGGCCGTTTACGCCGATACAACTGCACGCGTCCTAGATGGGACATGTTTGTAGGATTGCTAGTGAAGCGAGGACCGTGACTTCTCGCCAGTGCAGTCGCGGAAATGAGGCGAAATACGGCTTACATGTAAATGAGATCTCATATCGATTGTGGAGCATCGACCGTGCCGTCGTGGCCATCGATCCAACAGAAGGATCAGTAAGTGCTTTGTACGTATCGGCCAAATAAGTGAGGTCCTGCCTTCGCGTCTCCCTGTGTGGATAGTAGCTAAAGCCTCGGTCTTGCATTCCTTGGCCGCGAAAGCCGATCAGCTGTTCGCTGATCATCTAGACCGTTCAATCCGCATTAATGACGCTATATCCGACCGATCCGTATCAAGGACTCGTCCGTCTGTCCGGAGTCGCCCTCTGTCCGACCTCGGTGCACGTATAAATAGTACGTTCACTATATGTGACCAGGTACGTTGATTGGACCAACGAAAGGTCTTAAGCGCTGTCTCCAAGACACCGAGAGGGTGGAGTTACCAGGCGATTTAGTAGAGCGGGTCAAGAACACCATATAGGCAGCCATGTCATTGCAGAGGGCTGTTACCGGTAAACACCCTTACGTCCCTGGCTTACAGCCGAGCAGCTTTGTTGAATAGCTACCCAGCGACATGGGCCCGTATGGTCCAGCCGGTCGTTTTGGTTCCTCCCTGAGATATAGCATGGCATGGAGAGGCGCGCCAAGGTAAAAAGCTAAATGCCTCTTTATCTTGTGTTCGTAATGGAAGTGAAGGAGATGTCGTTTGAATCAAGGGAGTATGAGCGTAGAGCTTTTACATTATAGGCCATAGTACAAGGCAACGATGGAAACTCGTTTACATCTCATTCTCCTCTCTTAAATCTATGGTTGCAACACGCAGTTTAAGAAGTATTGTTCGCGGGGTCCGTAAGACTGAAACCTGAACTGCGTCTTAGCCCCCCAAATTCCTTCTACCCTCATCACTTCGCCTAGCTACCGAGAACCCGCGGTTAAGACGTACTATAAACACATGCGGGCGCCGCCCAGCACGCAAGGGCTCTGAGGATAGATCTCGATGGCTGGTCTC,1984,49.29,Drosophila melanogaster
SEQ_572985,TGGGGGGACTGCTACCCAGGAGACAAGGTAACATACCGAGAGTAGCCAGACCGAGAGCTTTGCGCAAAAATATTTTGCTGCTGCTGTAACATACAGCTTATTAGCCTACTATAGAAGAAGGTGTTGTAATGCGCTCCCGGAATTAGCGAGGCACATGGTCAATCATCGCCCGGGTTTGATGATTGTATGGAGTGGTTTCTTGACCGCCTCTTGGCCTGCCCTACGATTCGAACTAAATAACTACGCATAAACCTCCACTGCCCATGACCTCCCCAGAGTGTGCCATTCGGGAATCGCCGATTACCTCAGTGGGTACCCTCGAAAATCTAAGCGAATGCTTGTGTGTATCGACGTTCATGGTTGAGGACTGACGAGTCGGTGGTCTCGGATAGACAGGGTGGGCCCAAGTTCCACAGTAGTGTTTAGGGAAACGCAGCAATTTGGCAGTAAGCCCATGGACGTATACCATGGGTGTACATTCAGGCACGCCTAGTGGTTTGACACGCCGACCCTAGGTGAGTAGCGTTCGACTCACAATGGGGAAGTTTACGTAAAGACTGAACAGCAGGCCAATAAGAGATATGTAAAATCATCGGCGTCACCCATTGAATCGATCCACAATCAACTATGAGTGTCTTAAGCGTGGCTAAAACGTTGGTTGTGTTAAAATCTGACGAGTAAGTTCTGGCTCTGTGGAATAACGGGGCTTGTGATCTGCCACAGGATCTTTTGACATGCCTTAAGAGGTACTTGCGTGTAGCGACCCACCGGACCTAACATGTTTGAGATATCACAAAATCCTCGAAAGAACCATGCCGCGACCAGAGAGCTCGCCGATAAGCTGCAGAGCTTGTTACCGTGCTGGCTGGTAAACTGGTAGCTGGTGCGGCAGAGCTTACACAGAACGCGCTCAACAGAAAGCGAGTGAGATGAAGTCAGACTGTTGACCGCTAATTCTACGGCCCCCAATGTCGTGGAACTAGACAGAGGCCAACAGCGCCCTATAGTGTCCTGCGGGTCTGTGGATTTTTCACGTATAGCATAAACGCGACGGTCTGTGCCGCGAAAGTTCTGGTAATCGCTATAATAACCGTAATCTGGCTATACTCACCAAGTCACTGAACGGATTCTCCTAGGCACATAGCGCCCCATGGGCGTAGACGCGTCCGTAGCACCCGCCTTTCACCGGTTGCCCCCCCAGCGTATTGCGCCTTAATGAGCGCCGCGAGTGGCTTAAATACACACCGCAAATGTAAAATCGGCTTCCCCGGTCGCTACGTTGGCGCATGCCTACCCAGCGTTAGAGACCCCCGGTAGGTTCCATGTAGTTAGTGGGTATGGGGTGAATTCGGTTACTGGTATTCCCCCTCCGCACTTAGGGTCCGAAAAACAACAACACGGACATACCGATCGGGTGGAACGAACTGTGGACGGCCTATATTTCCCAAGATGGGCGGAGGAGTGTAGCGTAGTTCCGACTTCCATTCTTCGCGTCGACTTGATAGCTGGAAAGCCATTCGATGTTTGCTTACGCAAAGACGGAT,1544,51.23,Homo sapiens
SEQ_546163,GTAATACTCAAATTTTCTGGTTCGGGCACGCTGGCCGAATGCAACGTTAGTTGATTCTGTGGTCTGGTATGAAAGTGCTCCCCTAGCTCGTGCCCGGGGAATGCTCACCGAGCGGGAAACCATAGACGAGGGCTCTGAATGCGATGATACCGCCCACGTGAGTTAAAGTACATATAGCCGCCACAGTTCTCACCGGGATGGGGAACTGGTTGCCCTCACCCAGCCTCTATGCTAGTGACAAACGGAGAGCGCCGAACATTGTGATTCAACGTATCCTATTTGCCACGTAATTAAACTCCGCGGGGGCTTCTGTGTCCCCCCGTGATATCCCAGGATGTTGTAGCCCAAAAGCCCCTACTGCGCTGGTCGCATATTAGAGTTCCCTATCGACGTTGAAGGATTTAATGCATTTTCTCCTACATCTACTTTCGGTTCATTGGGTCCTCAGTTCGTCAATTTTCTTGAAGCACCGAAGGTATCTAGTGGAGAGGTATACACTTAGCCACATTCGATATAATCCGCTTTACACACAGCCTATTTATGAGAGTGCTTTTGGCGAGAACCCGCAATCTACTAATGTAAGCATTGATAGCTAAGGATAATTCTTGAGCTAGACATCATGCTCTAACAACAGCCGATCTAGAACAACGAGAATGTTGTGGCGTTCCCGGAGCAGCTGGGAGCTTGCATTCAGTCGTTTAGGGCTATCGTCGTATAGTTAGTTACTTAGACTAAACGAGGGCAGGAAGAATCCAGAGGAGGCGAGTGTACTCAACTTCTGCCAAACGAGTTAGGGCCGACCGTGGCACGGATCCTCACTCTTATACGGAGAGAGATGTGTTTGAATTCCCTCCGGCCGTCCGTCCGTATAGAAGTTCTGCATAAGATGTGATGGATAAACGTCGGTTTACATCGCAGGTCTATCGGTTCGCAAACACGACAAGAGGATTGGCAGCGTTGAGTGACGCGCCAGGCCTTGGCGTCACAAGCGCTTAGATGGTATTCAGGAGCTCATGACGAGTAATACCCCTTTCGTGTGGGACTAGTGCAGAAACCACGCCTGCCCGGCAGGGAGCCAGGGGCAAATGCGCATACAATAAGTGAGCGAACGAGGGTGTAATCAGCGCCTCCTCGTTTGCGAGCTGCTTAGAACATCCCGGAAATCTCGGCCGTCTTCTTGACCGCCTAAAGTGGCCCGGGCCCGCGAAATAACATCGTAATCAAGTGCTGTACGGATAAATGCCCATT,1248,50.48,Mus musculus
SEQ_585175,TGGTCTAGATGCTTTGTTGCAGTAATGTCTTCTGCCACCTAATGCCTAAACGAAGAACTCTAGGAACAGCGAGTTGAAGCGTGCCTCAAGGCAATATGGCCCTCCGGAGAGTTACCTGGTGTGGACAGCTTTCCACAACACTATTCACTCTTCTGACTCGCACAACATCGTGATAGGATGGCTCCCGCAGGGATGAGTATGATCACTGCACTGGTCGATATTTATTGCTCAATGCGAGCACTGTTATCGCAATCAATCTAGCACCTGACCTTAACGCAACCAGAACCCTTAGGCTCCATCGTTGAGGCAGTGGTTTGGGTGGAAGCCACTCTTCAATCTTGAATCAGTCGTCACAGATACTGCAGAGCTGATCGGTAGGCGGTTCAAGATCTAGCCGGTCGGAGTTGAAGTAGGCAACATGGCAGCGTGTGCTAAGATTGCACTCTTGCTCTCAACTTCGACAACCACGCCGATTCTGATTCACCAAATATTCCATTAGGCCTTTCAGACATATAAGCTTGGTAATAATCTCAGCACATGCAGGACAGTGACCAGTAAAACTGTGGCTCTAAGTGTCTGAGAATAATGCGTTGCATCTCATATTTAACGTCCTTACCACTCGGGGGTATCGCTAACATAGGGATATTCCCGCGGCCCCCTGTAGGTATACATCGATTTTATACCATGTGTGTTGTGAGTCCTCACCCCCCACAGGCTTCAGTTTGAGGTATATAGGAAACAATTAACATAGCTAAGCTAACGGTTGCTGTCACCAATGGTGCCTCGCAACTCTATGGGCACCCAACAGCTTATTTGCTGAAGCCTCGGAATTTTTGGAACACGACGGCTAGAGTTACTATGCCCGATTGCCCTGTACGTCGCGTAAGGAATTAATCGGCTCACCTCTAGACGCTAGTGTTGATACCATATGGAATAAGCTCTTCCTGAAGTGTCCTTAAGGATGCCCGTAGTATACGCGAGAGCCTAGGCGTCACGTGCAGTACAAGTTCTTTTATGTAGGATCCTCGATACGGGAAGTATCTTATTTATGTACCGAAGCAGTAGTCCGTACGCAGGGTGCCTAGCCGTGGTAACAGTAGTGCGCCTTGAATCTTTTGTAAAGGAACGGTTAGCGGAGAGCCTCTTCTAGAAATTCCCGCAACAAACTGGGACGCTGGTGTAAGATATTTAACTCAGACTGACTGAATAATGTTTATATGCCGCCATGCTAAGATATAATTGATATCACGGATAGCTTTACCTTCCCATGGGCCAGCGGAAGTATAGGAAAAAACCTTGCTCGTAAGTGTCACCTCGGGACCAGATCTTCTAATAAACGGAGGTCTGGCCTCGACCTCAGCCCGTTTACATCAACGATTAGGGAAACGGCTGTGTCGATGTGTACAGAGTACGGGACAGCAAAGCACCTGTAAGAGTACGCCTTGCACGTCAATTTCCGCCAACGTTTGGGAACCACGAGATAGTTCGTCCCGAAGAAGTGCCCTGCATGGGTCTCGACAGGCATTTCAAAGGGCGATACTTTGG,1545,47.96,Saccharomyces cerevisiae
SEQ_679284,GACATCGTACCACCCTTAAGGGGCCGAGGTATTCAGCTACACCTCATGAAGCGGATCCGACGTGACCGAGTGTCGGGAGGTAACTAGCGCATTGACACCCGGACAGGGGGGCAACCCGGGTACCCTTGGAAAGGAGACGAACTCCTTGTAATCATGCGCCTCTCCGCACGGAAGCCCTTATCGTACTGACCCTGAGAGATATCCTTTACCAGTCGTAGAGAGTGAGTGCCTGCTTCTAAATTGTCTTCTGTCCGATCATTCGCGGTTCTTTAGACCTGGACCTTTGGAATTGCTCTCCCCACAATCAGAGTGCATTGTCAAGAGATTCAGGTTATGACGCAGCCACAGTATATGGTGGAACTCCATTTGAGGACGCCCAAATTTATCTCATGCCTAGCATAAACTGCATTCCAGTGTCAGGTTTTTAGGCTGCTGACTGCGGACGGCGCCCGAAAGACAAGTGTGTTGGGCGTGGAGCGGTAATCTAGGGTGACTTCCTCAAATAAATTCACGATAGAAATGCTGTGGTCCCTCTCTACTTGAATCGAACAGAGTACCCGATTTTAATGGTGCTGGGACTTACAAGCCCCAACCGCGGAATAATTACGTGACGAAGTCATGACTTACTACTCCAGGTTGGACACAACTTGATTGAGTATAAGTCGAGTAAGCTCGGGCGTAATTATTTGGCCTGC,695,50.07,Homo sapiens
SEQ_552215,ACTCTACGTCCTGCTTACACTCAATTGACGCAAAGCCTAAGTAAGTTCCGGATACTACAAAACTCCTAGGGGTGGGGTTCCAGTCCATAGCAATGATAGTACGTGCGGTTGGCACGCCTAGGCCATTGTTCCACCTGCACGGGGTTATCCATTCATGTCCGTCTAACTCCTTAATGTGAGAGCCGCACGGGGTCCGAGTCACACGTGACGGATATCATAAAGACACGGTTGGCTCTATGGCTGGCGGCCGCCGAAGATGCGTGCTGGCAGTAATCGCTCTCCATATCGGGCAGAACACCCTGATTCCTCAATGTCAAAATCGCCCGCATGTGGTGGACAAAGATCGACGTGTCCAGGCTTTATGTGGGAACGACGTTTCCCCGGCCTAGTCTGCTCATCCTTAAGGTACTTTAAGTATAGTTTCACGGCACTTGAGATTCGTGTAGCGAACGATCGGCCTTTAGCTCCACGTGGGTTACGGTTCGGCCATTCGATTGCCCTTGTTTGTTACAGTCATTCGCGGTCTCCTCGTTGGATAGACGCCCTGACTTGATCAGGGTTCCTACCTCGACACCGGTTTTAGGTGCCCTATTTTTGTTATATTCGATGAGCCGCGGCTTTTACAACGTTACCCTTAAACACTTACTTTCTTTCGCCCATACTGAAAGATCCATCCGCTTCCAATCAATGTAGACTTGGAGACGACTTGGCGGATTAGTTCTTACCTTCTTGCTGTCAAAGTAGCGTCCTATCCTTAGTGACACAACGACAGCGAATAACACCCTGATGAACATCGGCGATGGCGCCTGAACTCAACACGAATTCTGTCGGAGGAAAGCCGGCACCACGATCTGGCGCGAACCTTATAGCGACGTCGATCCGGTAGCTACCGTTCCTTGAAGGTTCTGTGGAGGGAGTGACGGGACGCTGGTCATTGTTGAAGTAGTCAGAGCCGACAACGAGCTC,966,51.35,Drosophila melanogaster
SEQ_390681,TGTCTTCTTGCGCCCACCTATGTTTCTGCACTAATAAAACCCAATCGTCCCACTTTGTAACTTGTGGTCATAGCGGCACTGTAGCTATGTTCCTCATTTATAATTGCACATAAACAACAATTTGGGAGATGTCCTTGTAACCGAGCACATACCGGTGTGACGCAATGCGTTCTGCACGGAGAGTTTTCGCGACGACGACATAGTGTATGTCCACAATAAGCTAGGATCAAAATCCATTGAAAGTCTGCCTATCCAGCAGTCGACCTGAAAGAACGTTCGCGGTGCTCCACTCGGTTGTAATGCCTCACGGCGAAACAGGAGTGGCGCATAGACCCTTCAACTTATGCACTTCTGATAGCGCAATCGAGAGCCGCCATCACGCATCTCACCGTCAACTAGGTTCTATTCTCATTCAATTCGTCTGACTCCCTACGCCCTTGCTAGGCGGACTACGGACATCACCGATCAAACGTCGGGCAAGTTTACGTCTGTGGTGCAGGGAATTATACGGTATCGGATATCTTTTGGGTAGGGTCCTCCTCCACCCAGGACGGGTCCAGCCAGCGGTCTAGCTAACGATACTGCCGGACGAGCGGAAGGGCCATTAGGAACGAGTCCTAGAGAATTAGCCATCGTTCTTGGACCGCGACACCATCGATGGGACATACCAGGTATAACGAGGCGCGTATGATCCAAAGAGTAGAGATTATGAAGTGTGGCAGGCAGGTCCTCAGCCGGACATGAGATAGGTGTGAGCTCCACCCCGCGACCCTCATTCCGCATTTTAAGGTGAGGGGGTGCTTTCATAGCTCTCATATCGGGAGAAACGGGGTTCTGGGCATTTAGTGGCCTTCACTCACAACTGCTTTCGAATTTCCCTTCTAAAAACGAGGC,894,50.67,Caenorhabditis elegans
SEQ_678225,CGCGTCGCTGGGGTTATTACAAAATGTACTATACCGTATTCTTTGCAGGGACAGCATACCGTCCCCAAGCGGGAGCCATGTCTGCCAGTATGTTTTAAGGGCCCTCCCAGGTGGGGGGATGGCACACTGAATCTGACCTAAAACCGTCTAAGATAGTCGGTAGCATATGCGATATGATAGCGATGATATGGTGATCTTAATATAATGCTGGGCTCAGAGCCGTGGCGCCAGGACTAAGATGTCTGGGACGGGGGGGCACTAACTTGGCGGCCCCCCGGCTTGCGAGGAACTAGCCGATCCGCAAATTAGGTAACACGTGGTATAGTGTTGCTTTCATGTTGACTTGGTTGTGCCTGCACGTGTCAAGATTTCCTTCGATGTAATGCCGATTGCTGGAGGGCGGGTGTGATTGCCATTCGCCCTACAATGCTAAATACCCTACTCACTCTACAACGGTGTCAACTTTTCATGCATTGAACCCCGGCTCTAGCCGACGACTAATAGCCGTCCGGTATAGTGGTACGGTGGCGGGACCAAAGCCCACTGCCGCCCGTGTCACACAGCCAGGAGCTATACTTGTGCCTTCAGTGTTCTAGGGACGTCCTTGCATATTTCTCAGACTGCTAATGTCTCAGAATAAACCTTGTTCCAATTCTACCACATCTCGGGTGTCATAACGCTGAAGTCGTGTCGAACACCTGTGTACCATTTACAATATCGTCCACGGCGTCCCGTGTAATTAATCATACACCTCTATACGGGCTAGGTATTAATCGTTACGAGGAATAACACGCAACGACCTTCTTTTTAGATTCCTCGACAACT,825,50.18,Caenorhabditis elegans
SEQ_101542,CAGAGAGGAGGGTTATAGCCGTTTAGTAAGGCGGGACGGAAATATAAGTTTAAGAGTCATTACTTCGTCCTCCGCGGTACGGGCAATAACATATATCTGGTACACAGACCGTGTTTAGGTTCTGCCATAGACACCGGCCGACGCGTGTTCTACACTTCGCTGGGTGACACAATGACGCGTTTGGGACATTATTGGGTTCGAAAAATTAGTGGAAGGCTGTCCCCTATCCTAGATTTGCATAAGTAGGCGGTTATCACGCTCTTATATAGGTTACCAATCAGGCTCCAAGGTGCTCCACGCGCTACGCCCTGGCCGGCCCCATCAGGACAACAATATTAATTCGTATCAACATCAGTCTAGCTGCTCGCGTCGACCAACTAAGCTGAACGTAATATGTCATGTGTTCATCTCGCTCCCTAATGCGCAGCAGTTCTAATGTGGCGAAATAACAAGTCAACCGGGATTCCGAACCCGTAGCCAAAGACTTTTCCCACATGCGACTATTAGGGCTTACTTCCACATGTATTCAAAAGACTTAGGGGTAGTTTAAAGTATCAGACCCCCACGTTGACGCTCGTCCGCACGAAACAGGCACTCTTTCGTGCATGTTTATTAGGATTTTAAGTATGTTGCAGCCGCCAAAGTAATCAGCCCCACGGTATGCTTTGTC,670,47.91,Drosophila melanogaster
SEQ_454341,GAGGAACGACTCGGCCCAAGATCCACCCGCTGCCGAGAAAGCCACACTTAAACAAAGGTGATCCCAGGCGTAACGATAATGTGTGAGAAGTCCATCGGTTCGTGAAGGCGCACAAGGTCAGTGTTTTTGATAATGCCCGTGCTTCGAGGCGTGGTTAGAGGGAAACCTAATTTCATTTCTGGAAGGACGTGATCGACGTGAGACACTTACGTCATAAGCGGACAACAGACTCCAGACTTGGGAATATGCCCTCATGTAAGGATCGGTACTGATGTGCCAAATTACGTCGTCGACCAGTGCTCGGGCTCACAAGGGCGGGCTGTCGACACCGTTTTGCGCCTATGTCCTTGGCGACGTCTCCGCTCATTGTCCCCTGTAACAAGCGACATTCCAGGAGCGAGTATCATGGCTTACGGACGTTAAATCGCCGGGCCCTTGCTATAATCGATGCATAGGGTAGTCACTTCACAACATAAGGTATGCTCAACTTATCTTTTGATAAAGAGGACGCTCCCCATATGGTGAGACTGGACTTATGTGCGTATGGTAACTCGGGCGGATCGCGATGTCTAGACCAATCTTTACGCGATGTCATTTCTCTGTCTCGTTCGCGAGTGATAGAATTCTCGGGTTTTTTCGCTGATATCTTTGGCCTCACCCGAATACATACAGTCTCTCTTTGAATTACCTGGGTCCCATCGACGGTCTTGCACCGTACGTTGAGCACTGGACCTTTTTATTGTTCCACAATCGTAATCAAACTGTGGTGTCGGTTACGTGACGGGGCGTTG,791,50.19,Saccharomyces cerevisiae
SEQ_464476,AGTGATACGGATACGGTCGGCGCCGTCGTGAACTACTTTAAAGAATGTTAGCAGAATAGTCAAAGGATTCGTGGCGGTCTTACTGCCTAAAAAAGGGATAGTACATGTCGTAAATACCGTAGTGCAACTCCTTCCTGTCTCGAGCGAGTAAAAAAGGAGATTCGAGTGAATGCGCATGTTCACCGATCTCTGGCAGCATCGCAACCACTAATTCATCCATGACAGGGGGTGTGGCTGGGCGGAGATGCGTGCAAACTCGGTAAAGCGGGCACCGGAGCCTCGTCTGTACGGCGAACTTCTATGACATGCCCTACTAGGTTGGCGCCTCTGGATCCACTAATCGTTGGCAGCTAATTATGACAACCGCGATCACCAGGCGCATTCACGGAAGCCCCATAACTGACAAGTCGCGACCGACCTTGGTGCAGGCGTAATGAGCTTTTATGCGAATAATTGACGGCGTCTCGCGGTCAGAGGTCTGTAGAGTGTGGGCTCAGAAACACCCGCAGGGGGTGGCGCAGTGTCGTTTATCGACGAGGCGACTATGTTCGCGACCTAGCCGTCCCGGAGGTCCAGGCATACGCGTACATTGAGCATAACATTTCCAGGTCTGATATGGCACTCAAAAACGGCTCGGAGCCGAGCCGCCTCCCCGTGAAATGAAATTAACATGGGTTATTGTTTTCCTGACTATACGAAACGCCACAGTTCATCAAGAACTCGTGGAACTTCCGGATTTTACCACATACATTCACTGGTTCGGACCCGACGGGGAAGCCGTGTCCAAAGTGGTTCGAAACATTCATTAGGAATGAGAGGGTAAGGGCCATGGGATCATCTGTAAGCCTGAGCTCGAAC,858,51.86,Homo sapiens
SEQ_257654,CCTAACCAGATAATTTAATGCGTCAGTTCATTGAATGATCCGTACCCAGTATGTTGGTGCTGGGTGTCCAGGTTAGACGGGCATGCCAAAAATTCTCGATTGGCCTCGGTGTTGCGGAGAGAGCCCCTCCGGTGCAGGAC,140,52.14,Caenorhabditis elegans
SEQ_103473,GTTAAGGATCACGATGGCGCATTGAGCCGTCGCCGAGAAACTTAAGACTGAAGGTAAGTTTACACCTCTTGGAACTCGTTTGATCTGGGGGGTTAGTTTAACCAATGAGACAGGGAAAGAGGCTTTTGTGGATTACGAATGCGTGTCGATTTGAATACTACAGGGCCCGCGAAATTGAAGCTTTTTGTACCACTTGAAATTTGTTCCTCGACCAACCCATATAATATGCACTGCATGTTTTCCCAGGGCCTATTGTTTGGATAATGCAGAGAGAAGTATTACTCTGATTCGGGTGCGGACTGGGTGTACCGGCGGTCCTCTGGGAGTCCCATCTGTCAACCGCAGCACGACCCAGAGACAGTCAGCTACCCCAATGAGGTCGGAGACCGAAGAGTTGAAGTGTGTTGTTCTTTAGTCATCCCTTTATGAACAGCGCCTGACAGAACACCCCCCTCAGCCTGGATGGAAGTCCTTTGTCGCTGGTGTCCCAGCTTCGCTGGGGTAACACCTACATGTTAAGAAAGGACAGGCCGTCTGTAAATGTGCTGGGCATAGATGCCCGTGAGTTGTGACGCAAAAGCGGGACTGTCAGCCCCACGATCTTATGCTCGATTTACTGCGCTCCTAGATCCGAATCGGGACTACGTAGCGGCGTGTACCACTACGCAGGTTGTCCACATCCCACCAGTCCAGGCTCAACTCTAACTTGATCATGATTGAACAACATCCGTCGAAGTTAAGATATGGCAGATGACATCTAGCCAAACCTG,770,50.0,Caenorhabditis elegans
SEQ_949609,TAGTGGAATTGCGAGACCGACTGTCTAAACCTAAAAAGAGTTTAATAATTCTACAGGTCGGATGTGACGACACTCGGTTGTGGTTTGATACTTCGAGGATGATCGATTCGCTGGAATCAGATTGATGGGTCTGCTAAAAGCTCTCGGAACACCACTGACTAAGGCGAAGAAATGTACCTTGGGTCCTTTTCCTAATCTCGCCCTTTCCCCATTGTATTGCGCATATCCCATACTGACTAGTAGACAAGACTGAGTAGTCGCGTCCCTACCTGTCTATCCAACGGGGGCTTCGGATCGGGAGGTAGTCGTTTCGCTTCTTTCAAAACCATGCGCTCGGAGGTTTGAGGAGAAAGCGAGATATGCGTATAAATGGCCAACTGAACAGATGCCGCCCCTTATTCGAACCAATATTATTCTCAAAAACGCATTTCTAGTTCTGCTGGTGAATTCCCTGATGGTCAAGTGTAAGGATACGATTCGAACGCCCGTTTCAGAAAACCAAATTTGCACGTACCTCTTGTCAATGAGAATTTCAAAGGCGTGCACGGCTCACAAGAGTTCGGGCTACCAAATAACAGCCATTTATCTACGGAGACTCATCGAGCGTGATTTTTAGAGTGCTCACTGATCCCAGATCCTCTAATGCACTGTGCGGCCCCATATGAGTCAGCGTTTCCTTAAGGCATTAGTAAGATAATGGCTATATACCGAAAGAATAGATAATACAGCCACGGGTCTGGGCAGCCGGTAGCAAAGTTGCCGTTTGAGAAGTACTGGACATTGTATGGAATTAAGATTGGAAGAAACTTAAATCGGTTCCTACGGGGACTGCGTTAGCTGTAGACAAAATCACTTCCTTTAGGGAAGGGTGTAGCGAGGGGTTACCGTGGGAACAGCCAATTTTCACCTGACGAAGCGAATAAGAAGGAAGTATTGCCCCACCTGTTCTTGATTTAACTTATATCCACTCTCTGCTGCTCTTCCTGCTATCCGCTTACTACATGCTTAGAGTCGATTTGTGCTGCATGACGCAGGACGCTACTGTCTATCGAGCTGTACCACTGGAAAGGTACTTTTGCACGTGGCGGTCATGACATACTCATCGGCGGAGTCATTCGAACTCAATCGTCCTGGTTGGTGGTACGAGTAGG,1151,46.66,Drosophila melanogaster
SEQ_707654,AACCCCGCGAAGCTGCGGCTGCCACCATATCGGGATGGCTTAGCATGTACTTGTCTTGTATCAAACACGTCCAGTAGGGATGTTCCTGTCCGTAGGTGATCGTGCAGTGTCGTGAGTTGGGCTATAAGCTCTGGGAGTGCACGTAAGCTATTAGGCTCCCTTTCACAGCGAACTCACGGAAAGTACTGTCGGGACGTAGGGGGACTTCTCTATGTATAGGTCGGGGCCAGGGATATGTTCGTTTCCCATATGTTGCCGACATCATAGTCTGTCTTCATGAAAGCTGACCTGAACAGTCCCTTTCAAACGAAAAATGTTGAAAATCACGTACTTCAGTAACAGTTAGCAGTCTAAGTATTTATTCACCCTTCCTACCCCGTGTCGAGTACACGCTCAGACGGGTTCTCCCCACGTGCGATCTGTGTTTTTATTGTATCCAGCTGTGCCTTCCTGCTATCGAGGCCTTTTTCTGCAACAAGAAAGAGTTCGAGACAGCCCCGTCAAGCTGGGCACTTGACAGCGGAGAGGAGCCCGCCCATATTAGTACCCTAAGGTGTGACATAACGGTGGCAGATAACCGTACGGAATGTACCAAGCGATAGTCGAGACCATATGTGATTAAGCATCTTATGGATAACCCACCGTTGGAGGGGTTCACAACGATTCCGATTCGTGGCCGGCCCTACTTGGTATCGGCTTACAGAAAAAGACGCGCTAGGGCAGGATGGCTTCGGCTCCTCCCAGGCCAACTCGGAAACGTAACGGACATAGAGAAGATCCATTTCTCAATGTTCTCGGCGCCCGGTATGTATTGGCAAGACGCCTTGGGTTGTCTAGCTTTGAACATTAGTCAATCCGGTCTAAGCCGTCGCCAGAAGGGCGCTGAACAATCACAAATTGCCCAGTCCCAGGCAGGCCCGCCCTCACGGGGAGTAATAGTCCTCCCAGCTCTGGCTTAATCCCAGCGGCGTTGCGCGCGTTCTCATGCATGAGCGCTCATAAACTAGGTGGGGTTGAGCGCCATTCTCCACGCATTCGAGACCACTAAGGCACGATCGAACCTCTATGAAGTCTCTGATATTTGGAGGTCGTCTACCAAGCTAGTCGTCAGAACAAAGTAAGGCTCATTACTAATCAAGGAGGTTACTTTGTATTACGAGTGGCTCGAGATACGTAACCATACTACATTGTAAAACGGTCGCCTGATGCCATGCTCGATCACGTCCCCTCAGTAACTCCGCAGAACGGACACCGAAAGTATCCCACCTCACTGCAGAGGAATTCTGTTCGTCGCGACAATCGTATGATATAAAGAAGCAACTCTGTGGGAACCACTTACCGCACGAACGGCTTATTCCATGTCGTTAATCATGCAGTTGCTAGCGGCTTAGGGTGTGCGTATTGTATCCCCACAGGCGTGGCTCTCGGGATGCCATGTATCAGACTATGGCGGGCACCCTGCGGATTAGCTACACGACTACTCGGGCACGGGCCGTCCGACTCACCAGTTCCTGCTATTCTC,1522,51.51,Mus musculus
SEQ_861278,ACCAAGGGGAAATTACGAGGCGGTTGTGGGCTATTACGAGCGTCTCGAAGCTCCTCAAGACGTACTTCCGACTTATTCGAGCTACGCTGGAGCCCAGACCCATCCGCGCGCACATGCAATCCCACGTTTTATGATAAGCATTTGTGTGTATTCTCTGATGCCTACCTCACGGTCAATGCTCGTGCTTGCCGAAAGGCGATTTCCTTAATCCTCCTACCTGCATGGCAAGAGGGCGGACCTAATTACGTTAACAGAAGTGAATACACTTAACACTGCCCGAAGCGGGCAGCCTCAACGCAACGACCCCATGGCAATTGGGCCTAAAATTAGAGTCTGTTGAAGTCCTATCAGTGTAGCGCGATCCAGACCGGTACTCCGCAGAGCAGAATTCGCCAATTGGTCGAGGCAAAGCTTGTGCGAAGAGCTCGTACCGTTAAGCTCGATTCAAGAAGTCGCGGCTGGGTGCAT,468,52.14,Escherichia coli
SEQ_783665,TCCGGACCAGTATCAAACTCAAATATCCTAATTAAGTCTAATGTGAACTTCCGGTGAGCGTGGCGGGGTCGACCCGGCGTGCGCACATTCATGACAACCTACTGTCAT,108,50.0,Arabidopsis thaliana
SEQ_566417,GACCTATGAATGTGCGAAATACAGCTTGGGCCACTGCTATGTGCCCGGTCACCGCTTGGACGGCTTGCTCGCATTGCGTGATTGATGCGGTCAATATGGAAGGTCGCCTGGTACGTACGCACCTCTTCACGAGTGGTAAAATGAAACCAATACTAGTCAGCCATAGGATCAGGTGTGTATAAATGAGGCATATGCGAGAGTTGCGCCTGCCAACCCCCAAGCGGACTCTTTGTCGGCATTCCTACTAATATGCGAAGTTAGATCTCCTCTGACTCACAGCTGACACTCTCTGTTATGACGAACTTGTGAACTTGGTGTTACGGACGAGACTATCATAGGGAACCCAAGACACGTAGGATAGTACCTAGATGTTAACTCTTACAAGCGACGGACGGTGTAGAATGGGTAGGTGGGCATGGTGTGACGTGTTCGTGTTTCATCCTTGACGTGGGTAGTAGCACGACCTTGTGTATGCGAATCACCTCCTAAGCGACAGTCCGCTGCAAGGGGTGGGGGTATGTTGCCAAATCGCGCGTATAGATGTACGGCCAGGCCATAAAAGGAGTCGTTTCCCCGCAGATATATTGTCGAGCGGTGACGCTTTCTGGTGTGATTAGGACTGCATCGATGTGAATATCGGGCCAACACTTTTACTGTCCTCGAAAGAACATTTTGTCAATGCGCCAGTTGGCTAGGCAAGTGCGCGGTGTGATCGACCCTCTGTGTTAAGCCAAACTTCGATGCGGTCATGTTATAAGGACCACCGTCGATGCCCGGGGCATTAGTTTGCCAAAAAGGCTATGAGGGGCTGACTCGATATCTGAATCAACTCGCTGGAGAGAAGCAACTAATGTATCTTCGCTATGACAGTATAGTATGTGGGTCCGCGAGCGCTCA,897,50.39,Drosophila melanogaster
SEQ_591407,ATCTGCTGTGCGCCCGTATTATGAACTGATTGCACATTTCCAAGTTAGGGACAGTGTTAGTTTGTTAGTACGGATACACATGGGCAGGTCAGTTGCCGTTATGGCAGTACTCAGCCTCTTACCTCTATGCTGAGACTCTATGACCAATCGATAAGGAGCAAGTTTAATGCTGACCCCGCTAGTCGGATTTCGTTTAAAACTGATGCTTAGCCACAAAAGTTCTAAATATCCCACAGACGTTAGACGGATAGTTGGGCACTAAGAGCCCGGACCAGGACCCATTCTGTTCTATTCAGTCTGGGCAGAAACCGCGGTCATCGGTCTCGAAGAAATGCTATGACCCTTATTGATGCGACGTCCTTGCCCCCCCCGTGGATTCACATGACAATAGAGTGCGTGGGCCCATCTTTTACCGAACTTCGCCAAAATTCTCGAACGATTAAACCCCGAGATTTACATGACTATGAGTGCAACCAGTGCTGCCAGTTCAACCGGAATGGGCGAGCATAGAATTGATCGCGTATCCGAGCTTAGTGCTACAGGAACGCGCTGCGTTTACCTGGTTACTATCTTCTCGATTGGAGTGGGGTTTCCACATTCGATCCCCTTTATCGGAAGTAGTGCAGGGTCTGCAACGTAGTCCTATCGCGTACTGCAAGGTTTTCTTTTTTTCGGCCGAGGGCACTTAGTAGCATAAGCGGAGATCCCCTTATGCGTATGCGTTTGCGCTCATTGTAAGACTCATCACAGCCTACCCTTATAAATTCTCGCAAATAACCGTGGCGTGCCCTGGGCAGCTACCCTCACTACTTCACGTAGACTCGGTGGCATTTGTCTACGCCGGGTGCTTTGGACGTCGGGTTCTACCCCCGCAAAGTTAGCCCGCGAGGAATAATGGTGCCCCGAATGCACGTTCATAACAGGCACAGGCACTTTGAATTTCGAGTAGCCGCAGTATAGGTTATTTACCCCCG,974,49.69,Homo sapiens
SEQ_969577,CGGCGTTTTATCGCCGATCTTGGGACCTCACACGCCTTCTTTAGAGCTCCACTGACTTGCGTCTGTGCAAGACACGATAACGATCTTCCATAGGTTCGGTTGAATTTTTTAGTCCGCCTAGATCCTCTCTAATACGGCCACGCGTTACGGTCGATCTTGAACTTGACCGTTCGCCTAGGTCTGCGTAGAAGTTATGATAGGGGCCTGATTGCCCCGATCCCTATTCGATCCGGTCTCTCAATAAGTGGGGGCACCATCAGTGTACAACTGGAAATCGACGCATCTACGACAATTCATTGATTGCAAAGAGGGAGCGGCAAGCCGTCTACACCGCCGCACGACCAGCGATAGCAGGTAGTTTATACGTCCCAAGCTGCCGAAGTAAGGTGGAGGCGTTCGTTTCAAACGGACAATATAAGGTTAAGCTTATGTTTTAGCTGGTGCAGGGATGAATAAAACGCTCTAATTCCGCAGGCCAAATGAGAATGGACCCGCTCACAGTTCTATGGACTCTTGTCTCAACCTTCCGTGGAGAGGGTGCGATCAGCCAGGTACCCGGAGACAACCAATCTGCCAATTGTGGATGCCCACAAATTCTAGCTTCGAACTGAGCTCTGGTTTAGTAAGATCCCATAAGTAGGTTTACGTTTTGACAATAAGCGAGTTTATACAAAACTTCCTTACACTTGATACAACAAGGAAAGTCTGTTATGAACAGAAGGGGGGACGTTGACATGTCGGGAGAAGATATTTTACTGTGCTTTACGCGTGCTTTTTGTGGTGAACGTTACGGAATAGTGAATAATCGCTAGCCGGTTTCATAGCCTTCGCGCGTAACAAAAGGTATTCATAGCGGGTCGTCAACTTGAATCCGCAATGGCCAGTCGTATACCCTAGGACCAAAGGCTAAAAGTGTAATGAGCTTTGTTCTTCATTCAGGGTTTAATGATTCGCGGAGAAATCGAGCAAATGCCACAGCCGAGGACACCGGCCGACTTAATCATTAATCCTTCCAGCCCTCGGGATTCATTGAGTTGTGTAATGGGCGCGAGGATTGTCCCTTATTTTTCCCAGATCGTCGCTGAGACGTACCTGCCCTGCTTTTCGCGCCTCAGGCGAGCGGCGTGTGCTGCTGCCTGCCTCCTTAAGTAGCGAGACGCAGCGGTATTAGTCACCCGCCTGGTTGTCTTCCTGTAGTTACGAGTCTAGGATGCCGCAGGGAGGCAATGTACTGGTTATATGATCACGGATCGTGGACGACCTGCTCTTGAATTCGCGAAATCCGCGAGGATAGGAGCTTGAAAAGCCCGAACCATGAGTAACCTGTCCACACCTGCCAGGCAAAAAATCCATTTTGACACGTTGGTAAGAGGTGTTTT,1379,49.17,Mus musculus
SEQ_672693,AGCGTCAAAGCCTAAGTTGATCGCGGTCGTTATGTTGGGAAGTTGTAGTTCAATTGCACTCCTTAACGTGAGTTCACAATCGGATAGCCCTTGAATGGAGGGGCGGTTGTCGTGTCTTTCACGTATCCTAGGCTAAGGAACAAGAAGAAGGGTAGGGCTTAAGCACGTAATCTTAATGAATACCCTCGGCCCATAAGGAGCCCATAGGCGCACAACTTGACTCTCGACCGTAGGCTGTAAGTTCCCCTCACTGGCCGTGGAAGCCCACGGAAAATGGCGGCACGGACTTGAAGTCTGAACTTTTCCCCACCTAACGGCGTCCTAGTTCGCCGTATGGGGGTGGTCGACTCTTGTCATGTTAACAACGTTCGGCCTTCACAGTGTATCTACCTATCATGCTTCTAATTAGCCCACTAGTTTGGTCATGATGAGCTTGTGGCACGGTTTAGGAATGTACC,458,50.22,Saccharomyces cerevisiae
SEQ_452157,TCCGGCCTAGTCGGTTTATTCAGTAACCCGAACAGCTTGCCCAAAGGGAGATAGACATCAAATAGTGCCCATGGCCCCAAAGCTGGAACAGTGATGGCCAGGCCGTAAAGGATCTGTAGCGTAAACCCCTAATAGACGTTGGCTCTTCACGTTGGATCGCTACTAGTTCGCTAAGAACAAGGTACTTGTGACGTCACCCCCTGTTAATCTGTCCGCGGAACCCCAATCTGGATTATCGAGGGTAGTCGTTCAATATCAGTGTAATTCTGTACATTTGAGATAAATATTTAGTGAGTTAGTCAGGGTATGTTATCTCAGATTATCTTACAAAGCCGAGAGTACTTAGGGGCAGCATCACCGTCGCGCATCGATATGTGCTTTAATATACGGGGTGGTATTTGCTCACGGTTTATTCATCGTCTAGTCAGCCTAGCGTGAGCCAGACCGATGTGCGAGCTAGTGGGGTAGACTCTATTCGTGGTCACAGAATCTACATCTTCGCTCGGCGCGCGCTACGTTTGGGGTCGGATCTCTTCCGCCGCCTCCGCTAAGGAGAGATTATAATGACAGTCACTTCGGCGCCATACGCGAAACGCTGCCGAGACACGTTCTCAGTTGATTCGAGGGAGGTTTAAGCGCATTCTACATTCGGTAGTACTGCCCCCCTACAGGTGTGGCAGCACGTCCCCGATAACGTCCTGTGTTCGTCGCAATTCGCGGCAAGGCTGATTTGTCAACTCGACGAAGCACCTTATGTATGTGCACTCTCAATGCTCACCACAGGATTTAGTCCCTTGCAGATATATGACTCGCTACTGAAGTGCAGTAACACGTCCGATTTGAATGACTCGGGCCTTGTTTTTTATTACTACGGCACGCGCATAGAATTATGCCTATGGATCCCCTGGCCAAGAATTCGTCCGGCCGGAAACCTGACGCACTGGCCAATTACATTTGTTGGTTGACGATAGATAACCTATCGTGCAGAGAAAGGGAACTTCATTCGTGGGGGTTTGAGTTACGTATCTTAATAATCGCTACCGATCTCGTTCGTCTGACGAGGTCATCAGGGACTTCCAGGATAGCAAATGCCCACGAAACAGAGACTCAACGACGCGCCATCCGCGCCTTGCACGCTGTATGTGAGGAGCATAATAGCAGCAATGGTAATACGCAGGTGCTCAAGACGCTCTTCAGCTGTTTATCCAAAGACCAGCGCTTCTGTTGTTTTAACGCTCACAAAGGATATAACTACGTAAATCGCGGATGTAATAGAAGATAGTCCTTCTCGTAGAAATAGTGTTAACAAGGCGTGAGCACGCGTAAGAGGTAATCCTCAGAATCTGGATGACGTCCTACCATACTGGTGCGGACAGATGGTGGATCTTTGACAACAGTAGCACCTTTCCGACGAGAGGTCCGGCGATTAGCTAATTGATCAAGAAAACATATCGCCTTGTCTCGGGGTAGCAGCCGAAGGAGCGAAGGCTAGATGCAATAAAACGAGGTTTTGTTTTGACTGCCATTTTTCTAGCTGGGTAAGCCGGAGGGTCACACGGTGCTGTTGAACTACTTAGACGAGGATTCTCCGTTAGCGCCTATCTGATGTGTAAGGTATCGACCGCTTAATGAGTACCAATTTTGTCCTATGATTAGATGATTGGAACTTCATGAACTCTGAAGATCGTCATCCTCTTACCAAGAGACAGTGCTAACC,1717,48.4,Saccharomyces cerevisiae
SEQ_306847,TCTGGCCAGTTCGTCACGTCAGGACTGACCTAGCGAGAGGCGGGCCGCGGATAAACCGGGCAATATCCGAAAAGTGACTCTGTGGAGCCCACCACGTTTCAGAGTCGAGACTGACACCTAATGCGAAAACGACGCATAAGATATGATGGCTACGCCGCCCGATTTAATGACCAATAACCCCTAACGTCATTATTGGGTGAGCACGGCTATTACTACGGACCGCCAGGCACTCCTACAAAGGACGGCTGTTTGACCCCGTAACTCAACTGGGCTCGTACATCATGTACTTGGTAAGATAGCCTGACGTCCCCGTCCGTGTCAAAGAACCAGCGGCAGCCCCCCAAATGGTACCTCACATACAGAAGGCTAACAAGGTGGGAGGCGACCACCGGGTCAAATCGCTTAAGCTGATTAAAAACGACACACCCGGACCGCCTAAACCGCGGCGACAGGACACCCGCCATCGATTTTCACCATAGTTTGTCCGAGTTTACCCCAGATAGGTGCGAGAGGGCCAACTGACCTGGGCGGGGCACATACTCGTTAACCCAAATGGTATTCTCCGCGGTTAGGTTGACATAGTAGGCTCCATTGGGCGGGGGTTATGGATGAGCCCGAGCGAACGCCAGTATGCATGTCGTCCATAAAGGGTAGACGCTACGTTAAGGCCGGCCGGAATATCCCTTCATGATAGGCGCATTCCCCCCTGACGTTCACGGTGATGAGCACTAAAGGTGGATATTGAGGCAAGCCGTGATCATGGGCCAGTGTGCCAGCGTCATATAGCTTGTTATTGTCGTGCTGATGGCACCGAGGCAAAATAAACATTTGGTATAAGGTCCACATTTTACGGTATACATAAACAACCGTGTATGTGGAGGAGTGTTACTAGGACGTCTACTGAGGTATGAGGCTGCGGCCTGCGCAGGAGACAACTAAAGCGGTGGCGTCACATCATATGAGCTAGGTTCGAGAGGACCTAGACACAAAAACCCTTTCAAAATCATGTTGCAAACCTGTCTGATGGGCTGCCTCAATCTATGACCACAGCTGTTTCACAAGCCAATTCATTCGCCGTGCGAACTCACATTCATAATAACGAACGATACCTACCGATGACTTTATGCTCTAAAGGCATTCCGGACTCATAGCCACACTTTTTCCCGCCGGGTCGAACATCCGCGGACGTAGTGTCCTAATTGTGCGTCTAAGACATGAGTAGGGCGTGGTGAAATTTAGCTGCCATTAAGTATGAGAACTAGCCAACTTCTTTGTGGCACACGGGACCACTGTCCGAAGCTCGTCCCGTTGCCTTTACAGTAATAAGAGTGACTATCGACAAGGAATGTCATGGTTTGCAGAAAGCGTCACAACGACAAGACCATAGTCCCTGAATGCCGTGTTGATGCCTCTCAAGGAGGGCGATCCGTGTTAGCGTTACGCATTATGGGTAGCGTAAACGCCTGTCCGCGAGTGGAATCCCTCTCCCGCATGTGTGAAGATTCGTTAACTTGCTTACTATGCGTATACTTGAC,1535,51.27,Saccharomyces cerevisiae
SEQ_708186,GCGTCTGGGCACCGGGGGCTAAAATTAGAAAGCTCGCCGGCGTTGACCATTCGTATTGGCCACTTGTTAGAAAGATAAGTAGGATTTTCATCCAAGAGCATTATTGTCTTCATAGACAGACGTATATACCGCCGGGTAACGTGCAGGTGGCACATATTCGTGTACAGAGAGTAACGTGAGGAGCGCTCCCTGATGTAGGATAGAATGCGTGGATCTGTAGGATACCCTCCTTCTCGTGCTCGGCTCTGATATAAGAACTATGTCACCCATCCACTTATCGCTAACCCAGAAGATAAATTTGTACCTACTTGAACGAGATGTTCAAACTCCTCCTAAAGGGGGACTGCGGTCTAGCTATTCTTGAATAGGGACAGGATTACTCTTTAATTATTCCCGATCGAGTTCGTTCAGTAGGTCCCTAAGATACGATCTTTCTGTTCTGTTACAGGTGCAGGCGAGTATGAGGGGAGAGTTGGCGGAGAAGTCACACTGTCTGTCAGTCACCTTATCAATCAGCCCGTTCTAGGCGACACTACACCCCCTTTGGTTGGGCACGAGTATGCAAGCGTAGCTATATAGATTGAAACTCCCGTTAGTAATGAGTCTATGACGATCGTTCATGGATTACCTTTCCCTGGTCGGCAGTTCTCTGTACAAGATATATTATTCGGACCCTGCGCTTTGAAACTCCGGCATTGCATCTTGATGTGTCTTACATATCGGGTGTTAATAAAGTTATTAATGGGAACTGATACCGCGGGTCAGCAGCGTATTGCTCCATCGAGGCACCATCCATTACGCGGACAAGGAATGCATCCGTCCAGCATGACCTCTACCCCCCACTTTCCG,849,47.59,Caenorhabditis elegans
SEQ_339261,TGGGCAAAGGGCATTCCAGCTTTGTCACCGTGCACCTACCGTAGATATTGGATTAGCCCATTTTGACAACTACGAAGCTAGGTGACTTCTCGTTCCGCGAAGGTTAAGGCTGCGCCACGATGATCCACTCCATCAGAGTTACTGGTGAGCCTTAGAGGTAGTCAAGGCACGGGAAAGCGCCCTCGGTGCTAATACGAGCCATTTCGACCGCTAGCCCGTCCCAACGTAAACATACTGTTGTGCCCATTATACTTGGTGACAAATCTACCCTGGGGGCAAGAGAAGTCCAAAACGGGCTATTGTCAACTGTCACCTCTTATTTTCCACATCG,331,50.76,Drosophila melanogaster
SEQ_571071,GAGCCTAAGCCATGTTACATCCGAGTTTTTTATGTGTTCAGCTGACCCCGACTCAAAATACGGGCCTAGATTATGTACCAGGGCTGCCAAGAACCGAACTCTAGTGACGTTTGACGACCTGGCCGCACTTGGGAGCCTCTAACGAGGAGGCTGGAGAAATCGACGAGTCGTCCCTAAACGGTCCTTACATCGACCCAACTCTCCGGGGCATGCTGACAGTGTGGACCACGCGGTGCTAACTGCTAGTTCGAAGTGTTCCTGTTAGAGTGCTCGCACGTTCGTCTATGTTCACCAAGCCAATGCCGTCCAAAAATCGCCGATGCTTAACGGTGTCACGCCAACGTAATCCGGC,352,53.41,Caenorhabditis elegans
SEQ_186313,GTCCGTGTTTCTTTATAGCTCTGGCGTTTGGATCTTCTGGCCACTGTCCAGATGAAGCATTGTGCCGCTATATGTCTCCGATTTATGAGACACAGCCTACTGGGTTGCCTGTATGATCGTGAGCGACGCCTCGCATCGTTATTCCTTGAGAGGTGCAACGGCTTGGAATGTTTCCAAGGTGCAATGGTGATGACATATTTGCAACGTCTAAATAGGGTCGCGACCTTATATTCACGCACACATACGTCCTAGTTTATTTCGATACCCTGAGATGACTAGAGTTGAAGTAACGTCCCATCACCTTGAAACTATTACAGAGAAGTGTTCTTAAAAAGTCTAATGGCCTTCTCTCGGA,355,45.63,Escherichia coli
SEQ_643423,CCCTGTCTTTAAAGTTGCCTCCTTGAAAGGTCGAGTAGGTTTCGTGAGTACAATGACGCGTGGGTCGACGACACGTTGCGCGGGGGAGAACCGGACACTTAGTGTCAGATATCATCCTCATGTGTGGTGGCCGCACGTAGTCGATGCTGCCAATGGCGGTACCGCGGCTAGTTGGAAGAGTTCGCGCGACAGTGACGGAGAACGTAAAACCTGGGACTCAACGGCTTCCTTTCCCCGGGTGACCCGGTGGATCTCGAGACGGAGATCGCGATGATGTAATAGGGAGCCACCTTAAGTAGCCACAATTTTGTGCAAAGCAACTCCTGGACACGTCAGAAATCA,342,54.39,Mus musculus
SEQ_303537,GCTACCATACAATCGTCATATGACCAGCCGGACTGGATGCGTGTATTCTGACGGCTTACCGCTCATGCACCGAGGTCGCACTTGAAGAATTATACGTGTCGAAAATTGGCCACCCATGTTTTAAATTATACAATGATAAATACATCCGGCCTCAAGATATACCTTTGATAGCCTCACCCTAATGAGGAACGCGTCACTCGGTCTCGGGAATCCTGGACTCTCCCACAACTATTCGAAAAATTTGCTTGATCTAATAATCCTTCACAAGACTCACACTCTGGTACAACACGCATAGTCCGTGCGTTGGCACTGCTCAGCCGGGTCGGCACGCGACTATTGTGATCGGTTTTTGTTTTAAAATTTCTCAACACTTTCCTTTGCTCCGGAAATTTAATTTTCCAGGCCCGTGTCGTTGCTAATCACTAGCTAGTCTGGAACAAAATACCTTGGTCGAAACGCCGCACCGCGCGCTCCAAAGCCCGCGTACATATCGACAGAAACGGGATTTTTCTCGTGAAACACAAGCGTCGGGTCATCGCGCGGGGTGGATTCTCTTCAGCAAGCTAGTGACTTTTTCTGTGCTACGTCTACGCATTCAGACCACTGGCACTACTCAGCACTGTCAGCTTTGCATGCAAGGATCTTCTTTGAGTATTGGCAAGGGACGAGAGGGATCAACGATGCTATGCGATATGTGGCGAGGATATCACGCGGTCTTTAATACGGTGTGCCTCCTAAAAAGTTTCTCTCAGAGGCTACTCCGTTAGCGATGTAGACGCAGAGATGCCTTGACTCTATTTCATCGCTGATGAGGACTTATCACTGCCACATACTTGGAAGTGCCCGGTAAAGAACGCGAATCTGTGATCCGTTCACATATGCTCTTTCGAACACTGTCGGGTTGCCGGTTCAAGAGCCGCCTCTTTTCATTTCATCCCTTTAGAAAAATAGGGGTTTCGCTGTAGAGTTGACATCTCTACGGGTCAGACCTGAGGTACGACGACTTGACTACAATACCTAGTCGTAACCACGCTCCTGGCGCCTGGTTCAACATCTATCCTTCGCCTGTATGAAGCGATCCATGAAGGCTTTGATTCCGTGCCATGGAGTATCCACGGCTATTTAGTTCCTCATACGAGGGGTAA,1145,48.21,Arabidopsis thaliana
SEQ_366084,TTGCCTGGCAACTTCTGCCACAATTTTCCGTACTGGACGCGCCGTGGAGTGAGCTCATGTGTTATATGGAGTGTGGTTACATGATGTACATATGTACTGGCTGGAGAGGCGAATGGAAATCACACATCATTTTGGGGGAATTGTTTGCTTGTTCCGGGCGTTTGGCTTTCTAGCTACCCTCTGGATCATGAAGTTATACGTTAGTCCCGTTGCTTGTCAAACTCGTGACTTAATAGTGCCGTCACAATTTTTCCGCCGCCATGCAGAGAACTGCTTCTTTCGAGTGGCTCCTTGGGTGGTGTGCAGCGATCGGCCCACCTTAGCTCGCCAATCCAGGCTGTATCATCTTCTGCAGCAGGATGGAAAACTCACAGAGGAATTAATTGTGTGCTGCTCTTGTGCCGGTTGTACAACGCAATGGGAAAGCGTGATGTGCGCATCTTGATTCATACCCACCCTGGTGAATGAAGCTTGCGCCGGGAAGCCCTGCAGCACTGCGAAAGCTTCGTGGAGAGTGCAGGATGTAATTACGGATTTACCCGGGCAGAGAACCGATTCGTCGGGGGGCTCGATGAAGCACGTAGCCCGCGTGTCAACACTGAGTTAAACATGCCTGCTGCCTCCACTGAGTTTTGATTGACTTAGTGTGGATGTTTGAGGGCTAAGCGGTCGGACATATGGAAAAGTGACGGTACTTTTTCTTTGTTGCGTGACATATCAGTGCCCACAATAAGCTTGTAGGTGCGATTGGTGAACCAGGATGCTGACCCCCCGCAACTAGTGGGATGGCAGTAACTCATTCCAGTTCATGTGCTCTTAAATCAACAATACGGGGCACAAGAGGATGTAAGGACCGGCGATGTGGACCGTCTCCAGTAGAGCCCCTTTGCCTGTCGAGAGAAGTAATTAGCGCCCCAAGACACATCTAATTTCACCGTACGTGTGGAGGGGACGTCATCAATGTACCCTATGGTTGTTCCTTCACTCGAATAAGGGTTTATGTCTCCAAACAAGCTGCCCTTGCACCCTCGGTTGTTATCGGAATCAAGAGCGTGTTCTAACGTAATGTATTATGTAAACATCCCAGTTCATTGATCGTTTACGTTCAGGCGTCCTGATAGCAGAAGTCCGTTTAAACGGTTTTCGGGGATCTCCATCAGCCTTGACGGAGCCGAAAAGTGAACTGTATTGTAGTTATATTGCTTATCAATGTCGTTGTTGGGCTCGTGAATCTTGCATTAGAAAGAAAAGAGCCCCCGAGTATGAATACAGGACTCCAGAGGACATTCCTAGAGGGGTTGCGGCGCTAAAAACCGTATCATGCAGTCAGTCGGTAGTAGAGTAATTAAAAAAACCCGGTTCAGACGTCACTACTTAAGAGCGTAACCATGACTTGCGCGCTTCACCGTGTGGAAGTCTACCAGTACCCGTATGAGGGGAGAACGTTCGCGCTTACCCCCAATTTAGGTTACTCATCTCTACAAGTAAGCCCAATATCCCAACGGTAGGATCTGACATCGCAAAGTTGTTAGAGGCGGAAGAATTACGTCTTGCGAATCCCAAGTAGCGTCGTTAAACTATCTACAATTGCCATGAATCAAGCTGAGGGTAGCCAACGACTCAGTGGCTATGGTCCTGTTTTAATTGATTG,1651,48.58,Escherichia coli
SEQ_788126,CAGGATGTTGATATTTAACGTTTGATTGTGGAAAGGATCGAACGGGACGTGCTTGCCAGGTTCCTTCCACGTTCGTGATGATAGTTATATGCCAGCTGCTTTCCGGTCATGACCCCGATGAGTAGGTAAAAACAAATAAGGGGGTGCGTCGCCCTAGCGGTGTGTGGATTGAACTGTTGTCGCGGCCGTCCCATTGGTGGACCTATATACACGCGCCAGTGTTCACACTCCGGACGGTGCAGACACGAAGCCAAGATATTACGAGTAATGATTCGCTCCGTATCTAACCCATGTTCCTCATCAAAGGAAGACTCTGACCCACTGGAACTTATACAGCTCCACTTCCGGGAGTTAAAGTATTGGACTATTCTCTCTGAACAGCGTAGCTCGCTACAGGGAACCTTAGAAGCCGATGATCATGCGACAGGTTGATGACGCGCCACCGTTGGGAGTTTTACCCGAGAGAACCACTAGTCGAGCCGGTGAGACTGGGCCCATTAACGGCCATTTGGGGTGGCGTCGTGGCGTGTTGTTATGGGACCTCATCCCCTTCTAATCTTCTTCATAAACACATAAATATGCATCTCTCACCGTACGTGGCAACATTGTTTTAAAGCGTGACCGTGGAATCGCCCACACTTAAAGGTACCTAGTGAGACCATACAATACAAGTCTATTGCACATATTTACTACCTTGATTCTACCTGCGTGCAATCCGGAAAGAGCATCGTGCTTTAATGCGCCTGGCTCGTCGACCCCGGATTATTTCCTGAGAGTTACTCTGCGAGAGCGAGCTTATGTGAACCATGAGAATCAGGGCCTTTGTGGAGAGATTTTTATACTGTTCCGTGGCATCTTGTCTGTAGCTCAGACATTGACTAAGTAGACCCAGCCTCTCGTGTGGCACAAAGGTGCAGTTACTACACATTGACTACGCGCGTTTGGTGGTCCCGAACGATGTCAGGTAGACAAGCTTAAAAGCGTTATTCAAAAAGTCCTGTGCGCCAAGGCGGGCTGAATGTGTCTTCTAACTTTCGGGTTCAGATTCGAATAATCTATCCTCCTAAATGATGGGAATCGCGCCCGTGGATTTATTTACGCTAACGTGATGGACCGAGCAGCCATGAATCTCGCTTCACGTAATCATATACGCTGGTGGTATAAAAAGACGGTTCATATTCTTGCGCCACTGGTGCTATAAATTCTTCCTGGACAAGCGAGGTTTACCGGGAGTCCCATCCGAACAATCGTAGTAGTGCGTTTGTGGAACAGTCGGGGAGCACGTCTCCTCAGTGTCACCAGAAGCCCGTTAGCGGACAACGACGCGCTAAGATTTCTGAAGTTGTCGTCAGCTTCGGGCGATTGTAGGCGGGTTTCAGAGGAGAATCAGGAGCCTATTATGGAAAATATTCCCGCTGCTCTGTGAGTGCCTCTGGAGAGAACTGGGAAATTACTTCCTTGCGTTGAAAGGTCGTGTGTCGGGACTCAAGTATGTCGTCATTCTTCTGATGCGTATGAGCTGCGATGTATTGTGAGTGCACCAGACCCCGGGGCTTAAAAGCCGTTGCTGGAACCCACTGTTGGCTGCCTAC,1592,49.43,Drosophila melanogaster
SEQ_883448,CCCACCCTACGAAGTGGCACAGCTCGACATATCTGGACGATCGGGTAGGCAACGGCCGAGAACGTCATTTCTCAAGGTTGTAAGTTTACCCTGTATCCGTACTTATCATACTCTAAACATTTCGTGGTAAGATGGATATGCAAAGCCGTAGGGGGACTACAGGACTTGTCGGCCAGGGCTTCTAGTGATATTAGCTATGTATAACGGTACTATATGACTAATCGCGCGAATAGGTTTACCGCTATTACGCTTGTCATTGTTCCGTTATCAGATCGGATCGTATCGTCTTTTGGAAAAGCACTTTACGAAAGTCTCCCGTAGCCTGTCT,328,46.34,Caenorhabditis elegans
SEQ_192684,TAGGCCAACCAATCCTACAGATGTGTCGATGCTGCTTCGTACCACGGCAGGCAGAGGCCATCAACGGCCTCCGCAGTTAGCCCGGAGTTGGCGCTTTGCATAGTAATTAGGCGATACTTCCAGTCGTTCAAGGTGATATAGTCTAGTGTTGCGGAACAGCGTTCTGGGGCAACTGGATATGATCGGATGCCTCTTGGCCATTTGCATGATGGAGTGATGTTTAACGGGGGGACTTACGATAAAGTTTGGCTCTAAGGTGTGTAGTCCACCCTTTGATAAACGAAATCGTTCTCGATCTAGCACTTGCATGGCTCTGACCTAGCATGCGGTGCTTAGGGGATGAAAATAGGCAAGGAAGTATTCGAAGGACAGTCTTCTACTTTTGCCGTCAGACCGTGGGTGTCTGTAGCATTCGCGCAAAGCGAGACAGAGAATGGACCTCACCTGGTCCCGCACGAGACAACACAAATCGATCGTGTTTCGACATCAAAACCCTAACGCGAACCCAGTTCCGGCGGCCTACGCGGAACTCCTGTCATATTCTTAACACTCTATTAATAAAAATTATGTTGTCGTCAGTCCTGTGGCGTCAAGTGTAGTTTTACCTGGTAGTAATGTCGCGTGCGGTGCGTCCGACCCAACCCGAGCCCCTGTGTTTGAGATCGTGATGTCTCGGCCAAGATCACCTACTGTGACGGCAGTGGAATTCCCCATCTGAGGCCTCTTTCGGTTCGACACAGGCTCTATCGAAGGGAGCCAGCGTAGGGAGATCCGTATGTTCGGCCGCTGCGGCGCCTTAAGTTAGATAGTATCTTAGCAATAGTAGCTAGGGTGGCTTCTCCCTGCAACTGGAAAGAGAACACATAGGTGATACACTCCTAGCAAATGACCCGAGGGTATCAATTAAGGTTCCCGTAAAACTAAGGTACTCGGAGGTTTTACGGCTCGTCGAATAGTCTAAAGTGGACAATTAACTATAGTTTGACACGTCCTACCGACCCATTCCTTATCGAGTACATCATGCATGAGCGTCCGTCGCCCACGTTACCATCAGTATCCTTTCTAATAACTCTCATACTATATTCAGATATCTTAACTACGTGTATCGGGAAGTATAGTTGGCTGCTGTTCTGCAGCCCACCTTTCGCTTTACACCCGTCGGGAGGACGCGGGCAGAAAAAACGGAGGGAGTGCACGGGCGCGGGTGGAGGGTGTGGAAGTAGTCGCGACTAACACTGTGGAGTAGGAGTTCACACCGCATTATGACTTGTAAGACGGGCAGCCTCACCGCGTGAGGCAGT,1301,50.65,Drosophila melanogaster
SEQ_125682,GCATCCTAGCCCCAAGTGTGTACTATTCGGTACAGTTTAAGGACAAATATTGGGACGGCCACTGGATCTGTTATTCGGCCTCACTAGTGTTCGCCTACGGATATAGGAGTTGGGCCCTTACTGAGACAAGAGTATATCATCGGCTCTGAACGATCTAGCTCCGAAATAGGGAGTTTACTCTTATTAACATACAGAGGACATCGGATTCATCGCACAAAGTATAGAGAGAGGCATAATCTTGACCCTGCAACTGCCCTAGTGTCCATAGACGAAGACCAGTGAAAGGACATTATCTGGCATGGAAAGTGGCTTTACGCCCGCCACGCAAGTAGTAATCAGTGGAATCAGTCCCAGACCCGGAGACATCGAGTAGGTCGCGGAAGCTAGCACTGTTAAGATAGGTTAGGTACAACGTATTGCGCAGTTATCGAAATCTCTAAAATGTTTATCTAACGTGAGCGCCGATTTAGCGAACGTAATATCTGGGACCGGTCGCCCTTAAGAACAAGGTCTTCGGGACCCGTTAGGAACTCCTCAGTCGGCGGGAAAGTACTATCCAAGCGAAGGCACCGCCTTTTGAGCGACCGCTCCTCTATAAGAGCTAGTTCGCAACGGCACCACGCAGATCAGTGGAGAAGA,639,48.83,Escherichia coli
SEQ_415463,TCGCTCACAACCAGATTCTATTATGTGTGCATGCGTTAAAGCTCTGAACAATGCCCACTCGTGGAAGGGCGCATAGGACCTAGCCAGCACCCTATGAGAGTACCTTCAGCCCCCCGTTTGACTTGAACAGGATACTGGAGGACATTGGGCATATAGGTTTACCATAAGTTGTATGATCACCGTAAAAGATATGCTAAGAGAAGATAACCGCCTTTAATATTTCGGCTGATATCCGTCGCCTTTGGGT,247,46.56,Escherichia coli
SEQ_520136,CTAGTCTGTAGGCTATATTAAGTAGGCTCAAATGTATTGCCGGAAGAAAGGCATGTCTCTGTTTACGCTACAGCTGACTCGACAATTCTGACCAGCGTCGATGAATCAACGAAGCACTGAATGGCGGAATATACGTACCCATGCTCTCTCCTGCTGTGGGCAAGAACTCCGGAGAGCATAAAGCTCACGTCACTAGCAGATTAAGGTCGATGATAGTGGATAACGGGCACCGGGGGTGCTGCCGTTTCCGGATGCTGTGTTCATGGCAGACTTTCCTTGCGAAAATAGTCTACGAGGCACAATGAGTTATTGATGTCAGCGAAGTAGGAAGAGTCCCCGGTTGAGAACGGTCCCCGGCAACGGTGTACCAACAAGTTTTCTGGTCACTTCGGGACACCGGCAATTGTTACTCGGTATTATCATTGTCTAGCCTTGTGGTCGGCCAAGTGTATCTTTATCGTAAGGAAGAGGTCTGGATGCTGCAATTTTTACGGTTTATTTGTACACGCTAAGACAATTTGACAGTCATATCGTAAATAACTGTTCCCAGGAGAGCTAACGAGTCTTTAGCCCATGACGCTCTCTGGAATTGGATGGGTGTAAATTCTCGCGGCAAACCTAGAAAGGACGGACTAGTTAATGTCCGATCCCGTTACTAAGGCATTAGAGTGAATCACCACAGAGTTCCCTGACTATAAGATATTACTAGGCTGTAGATAACATACACTGGATGGGAAAGCTATGAACGACCCATTTCGATCGAGAGCCGTCCTAGGGAGGCTCAGAAGGGGCCCCGGTTCCAATCCTCAGGCTGAGCGTCCCGTCCATGTGTAGGGCCAGCACAAGTGAGATATCAGATCATTTAGAACCGCTAGATTCGAATTCTCCCTTCGAGGAGCAAGTACGGCCTGCACCAGCACGTGGTGACGCTATCCCACAGGCATAGGTTAAACCACGGGGGGGTAGATGTCGTCACCGAGTAGTGGGTCGTTGCATGCGTCTACCTGCTGGCTGAGCGTAATAGTCCCCTTCCAAAAGCACACGGTCGAACATAAACGGCTCTAGCTGAAAACGGCGCGTCCAGAGCTACTACGTCGCGCTCATCTATAGATTAGGAACGAATCTAGGTGTTTAGGCCTTTAGAGGTGCCTTGCGCCGCGCTAAAGCGTTGGGCTGGCTTACCTGTAACTGAGCGTTATTGATTTATCTCTGGTAACACA,1220,49.51,Escherichia coli
SEQ_561066,ATTGGTCGGAGGGTTCCACGTTCTATACCCCCGGCCTATCTTGAAAACACCCTATACAACACGTCTGTTCTCTGTTAAGCAAACCGACGCCCGAGGACGGGCTCATAGAACCCCATTTGGAAATAGTCGTTCCGAGTGTTCTCCTACTGTGCAAGCCAAAAATAGGACTGGCATATTATCATTTATACCCCTATTGTACCGACACTGCATTGATCGGCTAGAACGGGCTTTGGGGGTGTGGTGTTACAGGCGTCCGTCTCGACGTAGCGCTGCCTGGAGGGACCTAACTAGCCCAGATCCCGTAATTGACCCTGAAATCTTTTCAGACGATGAACGGCTAAGATGCTAGGCCCGTTCGATTTTACGTCCCATTGTAATCCATGGATTAGCCGGCGTAAGCGCACGAGTCTCGTGGTGAACACGTATCCATTGCATTGACAATTCATCAGGTTTAACATTGGCACAAGATCGATGGTGCTGTCCCCACAGATCATCTAGGTGTCGTCTCGACCACTAACACCGGGAGGCGCGCAAGTGGGTGTCCTCTGCTATGAGGTGTGGTAGATCGAATCATCCCGCTGGAGACGGTACATTCCTCATATCCAGTTTCGCTTACCACTATTCACGTGGGGCACCTTGCAGGCATGCTAAGCCGAGTCGGGTTGGCCGCACGCCGTCAGTGTGCGTGACTCCTACCTTATCGCCTTTGTAGGTCTGAGCTGGCTGCAGGTAGGTTCGCACCTATGCCACGAACTGTTTAGTTCAACAGGCCGTAGGCTTGTAGAGAGTATTGTGAAGCGGATACGTCTTGCACACGCATGTATAGGTCGTTTGGAATGCCGGCTTATCTGGTACTAGAGTCCCGAGGCTCTCAACTCTAGAGCGTAAGCGCCTAAATAGTCATATTTCCAGAGATCTTCACCGAGAGTAAAGATGACGATCAACGAACGACGAAGTCTATATAGGTTGGAGTGATGATACCTTGCCAGAACCTGGTCGTCCATCACATTCCCGACTTGCCGGATGCAGGTGGTGGCTCGATAAGAATCCCATGAGTAGACTACGTGATCCGCGTATTTATAGACATGGGTGAGGCCAGTCGTCCTGTGCATTGCTCCGTTCCCCGTTGCGGTGGTCGAGATCTCGAGTAGCACCGTCCCGTTAGAACTGGTTTCTCGTTAGGCGTTACGTAAGCGTAGTACTTTCGGGAGGAGATCATAATTCACGGCCCGAACGTTCAGTAGATGTTTGGAACCACTCGAAGTACCGATAAGCAGACCCAGCACACTCTCGGTACCACATCGCCCTCTCGCAAACCTGGTGAAGTTAGGGCAGGAAACTCAGGAGACGTAGTATCTTTCTGTAAGCCTGGCTAGACTGTACTGGAACATACAAACTGCCCTGAAGCCACATAATTGCCAGCTGGACACCTTTCGCTTTTGCATTCCACTCAATCTTAGGTGGGATGTAGACCCACTCCTAGAGGTATATAGTTAGGCCGGGTGCCCTTAGCCATACGAAAATAATTGGGATAGTGGATTCTACAAACGATTCCATGCGCTATTGCACTCGCCGCGCCATTAACGTTTGACATGATCGGACGAAACCGGATTTTAATACCTAGCCGTAAATAACAGACTTATCCCTGGGGTGGATCCGAATCCTGTCGCACTTCGGCTTGGCAATCAAAAGGTGCGTAGTCTCTTCAGCACTCAACTACAGGCCACTGGCGCGCAGTGTGATGGAATCTTCAACAATTCCAGACTACCCACCCACCACAGAACCCCGAAGCCTCATACCGGGAGTTGCAAGCTGCCCCTCGCAGCTAAACTTCGTGTCCGATAATCGCACGCAATGCCCTTCAGTAGTACTCGGCCCCGGTGAACTCCAGACA,1894,51.21,Escherichia coli
SEQ_864698,CAGCCTACGGTCGACATTCGATTTTGAGAGTAGTTCGACACTACTACTCCGTGCGCGTGCGTACGTCCTTCTAAACTATTCGGACAATAACCAGAACGGCGGTACCAGGCTTCTATAGCACGCTCGGAGCGCGCGTAATCTTAGGCGACCGGGCAGCGGCGGCGATTCCAGTGGCACTATGACATGATCGAGCCATGCATGTGACTTCAAAAAGTCCGGCCGCGTCGCCTTCGTCCCAGCGAGTGGGAGATATATACGCAGTCACGGTAGCAATGTAGCGCAGTTACCCATCGGGCCAGCGGCGG,305,56.72,Caenorhabditis elegans
SEQ_209096,GCGTTACAGTGGATCGTAGTCAGTCGGCTTGGGACGCGATGCTCTAGTAATATTGCCCATATAGTAGTGCCGACAGGCGAATGTATATTTGAAGCGCCTGTAGTTTGATTGGCGGCTAGGCGGCCAAATTCGTTCTGGGCGCGACTTAAACAGCCTGGACTAGTACTGGAGACTTGAAGAGGGAGCGCATGTAGAATGTTACGGGGAAGCATGAAGCTGGTCTAACTTCTCTTAATGGAAACGATACCGCGGGGTAAGAGCTCTGGAGTCCCAATCACCAGGGGGGCTCTCGAGTTTGTTGGTAAGAACAGAGCTGAGAATAGACCTTTCGACTCGCTGTTTGGGAAGATGGGGCGTAGCGATCGCCCTGAGGGCTGATGTTTGTGGATTTGGTTAGCAGCCGTGACAAGGTCACCACTAGTTCGGGAGTCGCACAAGTCGGTAAGAGATCCTAAGAGATGAATGGCATACGGCTTACCTTTAATTCTTTAAAGGAAACTCTGTGATATCGCTCTGTGTATGGGAGGGCGGTACTTGGAACACTATTCTAGTTCGAACAATGATGTTTCGCCCTATTGACGTCCCAGATGGACCTCTAGCTTAGTGACCTGACGCGAATGGCTGTACGACGGTTTCCTCTCGGGTCTAGACATGTGAATGCACCTAGGAGCCGATTTACTAGTGTAGGACTACAGTCAGGCCCGTTTTGGTTCGGAAAACGATGTCGGCATATATCGCTCCGGGGCAGGACTGTAGTCAGAGCACTAGAGCCCTCGCGTCGTAATAAAGATACCATGACATACCGTTCCGTGATCTTGTTTGTTACCAGGTCATCCTTCCTGCGTTTACAGCCATGGACACATCTTTACCATGGTGCGGAGGTCCTCAGACTAGCGCACTTAGATAATCTCTTGTAATAGAGCGAGAGGCTATGCCCACTTAGTTGTAATTCCCCTATTACCCGACCGGAGGCAATGCTGCCCCCTAGTGGGAAACGTGTACCCTGTTGCAATGGCTCACGAAATCATCGGAACGCTCGTGGCCATAAGTATGTTCCGCTGTTACGTCCTGGCTGCACTGAGTGCATAGACGGCTTGCTCGCCGTTGGGATCAGTTACTTCGGCCAGGGCCACTTCGAAAGGTAACACCGTCCGCTCAATCCTGGTGGACTGGTTACCGTGAATGTCATCGAACGTAACTACGCGCCCCTGATTCGAATGGCAAGTGGCCTAGTATCTGCTGTGAAGCATATCAAATGCAAACATAAGTATTGGACCCCGAAAAAAACCGCCTCCGAGTGCTTCCTCTAGGCGTTCTGGAAGAGAAAGATCCAGACGTGATCTCTCAGGATTTTGGACACAAGCCACGCCCATGTGTGTCTAATAGGAGGTTCTTCGACATCTCTTTTCTGGACCGAGCACCCAATACCTCTACAGGCCCTACAGGGGCTTGGCGTGATGAAAGCACGACTAAAACCAACGGCTCAGGGTATTCGGCGTAGGACACTATGAAATATTTCACATGACCATCTCGAGGATTTACCGAGGATCCCTCCACTCGTCCTCGACTGTTAAAAACGGCGGTGCTCGCAAGGGATCGGGCTGGCGCTAGTAAATAACATATTACAGTTATCAGTTCATTGGTTTATTCCACATTTCATGCAGTTATGGGGGTTTTTCGATTGAACCATGTAGGAATTCTCGAACTCACCCACGTTGTGGGTCTAATCTCGAACCAGCTTGAAATACAGTGGCGACCTCATGTCGTCGGGAACTTGTGCAGTAACTAGGTATAAATCGCCCGATCAGCACGATCAAGAAGACTTCTAATACTTGACCTGCAA,1843,49.86,Escherichia coli
SEQ_560901,TGCGTGATTCGATACTCATGGTGCTTCCGCGAGGAATTGGTACGTCTGCGGCAATCCTCGGACCCTGGTATGCCTCGTACTTGAGTAAAAGAAAGTACAATTAGTACTGCTTGTGGGGACTGGGTAGGCGCTAACGGGGCGTCATACGGAACCGCTATTGCACCCCCGTAGTTATATGTTATCAACATGTGTAATTTGGCGCCTTACGGCGAGCGCATTTCGTCGAAGATGGGTCGCTTACGATTGCATGCCAAGCGGATTTGCTTGGTATTCTGTATATTGGTGTATGTAATGTTGTGAGTAATCAATTGATAAACCGCCCGAAGAAAAGCGTCATTCCTAGGTCCGAAACGCATGTTTCATCCATATCCTTGTTAAACGCCACTTAGTGAT,393,47.33,Homo sapiens
SEQ_328438,TACCTCGACGAGATATATATATTACTCTGCCAGAGCAGAACAACCTTCGGTCGAGGTTGGAGAGCGTCGCGTAAGCTGATGGGGGACGCGCAAGCGTCAAGACCCCCTCGATAACAATCGCAAAGAGGGTGATTCCTTTCAAGTATGTGAGTCAGAATGGGTCCACGTCCGTCACCGGCTACACCTCTCCCGAGAAGAACCTTTTTGCGGGACCTGCCTTACTGCAAGACCTTCCCGATGGAAGACGAAATGCAGGTACACGAACGCGGAGGTTCTAATGGTAGGGTTGGCACTGGTCTGTATACGAGTTACGAGCAGCTGCTTTAATCTTTCTGGTCTGGGCTAAGAGGTAAACGGATTTTAGTACGGTAGAACTTACAAGGGGCAAGCCTGTACGTGCGATAACAGCGAGGTAGGCGGTATCTCAAGGCTGAGGGAAATAAAACGCAACTTGTCCTCGTTCCCTAATTGTCAGCAAACACGGGGTGCTGTTCCTGTGCCCGTACCGGATAAATTGCTGAAGCTCAAAGCTGTTTTAATGGTGAAGGACCCCCCAAGGCCTGTTGGATTCTACTGCCCTCCGGCTCTTTGAATCCTACGGCATTTATCCCCGCTTCGAGAGGTCCCTTCTCTCAGAATTGGTCTCACGACACGCTGTGGTTGGCTTGACGTCATTTGGTAGCTTCTCTCAGTCTGCAAAGCATCCAAATGACTCCCTATCCGGTATTAACCTCTTGCATATTAAAAGTCCTAGTGCAACCCATTAAGGGGCATATGGCTCAGCACGACAGACCCGCGCTTCTGGGTCCCCTGAGCTATGACGGACGTCAGGGACTGCCCTCTGTCAGAGGAAGCCATATGGCTCCAAACACGTAGACAAGGCGTCCTCCTTACGGCAGAAATTTGGCCTAGTGTCTATCTAAAAAATTTTGCGGCAAAGCGACGAGAAGAACGCAGATTCTACCAACAGACCGTACCGGGTATAGTATCGGCTAGGTGTCCGCGACAAAACTTGCCCCCCTACTATGGGCTTGAATAACAAATCCGTTCCACAGCAGTCAGCGGTTGTACCGCCAAACGGAGGGGTTTCTGCGAGGACCGTGCGAAACCCGTAAGTCAGGGCGATACTATTGTGAGAGGTGGGTGTCCTTTGTGCTGCTGGGAGTGCTTAGTTCGTCTGGGTGTTGTCAGCCGGACAACAATACCACGTCCGACAGAGCCAGGTTGACATTCTGGGACCTAAAGGCTGGTTTTGGGTGCTATACGCTTCGAAATTTGACACTCTCTGGTCCGTCGATCACGATTTTCTGTATTTGACCTGAGGCATAAGAATTATTGGACTCGCCACAGAGACGGGGGTTTTCTGATACAGGGCAGCTAAGGTGGGCCGTGCGAAGTCAACACTCTTTTGCCCAGCGGATACATAGAGCGTTGCAAGATTACGTCGTGCCCCAAGAGGCGCAATGACACCCGTGTCGTGGGAGTTAACACACCGAATCAGATTAACATGCCATGCAAGTAAAATGGTTTTAGAGTGAAATACGACATAGTCCCGACGGATGGGCGGGGTCAATAATGGACATCGAGTTGCGATGTAGGGTCGCCACCTACGTGGTCAAAGGGGAGTACGCCCCGCGGGCCGCTTCTCAAAACGCCGGGGGACAACCTGACCATCCTACGCTAGAAATCGTTGTTCACACATGTCCTCATCTTTAATAGATGTACATGACTTCTCCGGCTGCTTGCGAAAGCAGGGCCCACCGTACGCCGGTGATCTGCATATCCAGA,1788,51.79,Saccharomyces cerevisiae
SEQ_816083,CGTTAAAGAAGGCAATAGCGGGGGACCACCATCAATTCGTATAAGTTGCCGAGGATCAATGGATGCAGCTTGGGCCGCTGAGCTTCAACAGTGTCACTTTTCTCCCGATTTCGATCATATAGTCCCATGCAACTACCCCGACTATCTACCCGGCGTACCTATTGTTTATCTTACGACTGTGTGCTGGACTAGCAGGGAAGATTCGCCTCGTCCTGTCCTTTGATCTGCATAGGTTAATTTAGTAGACGCGTATAAGACGAGTAAGTCCGCGGCGTACGCTTAAGCGTGTCCGTCCGCCCGTAAGGCCTTTGCCCAGATAAGTTCGCGATACTGATCGCTCGCAGTAAGATTAGTCAAATCGCCACAGGAACGTCAGCGCGCCCACCTCGGGCACCGTTCCCGAACATGGCATTAGACGCATTTCGATTAATCCTAGGGCGAGACATCTGATCGCTTTCCCTGGTTCCAGCACTCCAAATCTCAGGTACGTGTAACTTTTTCTTGAATCGGACCGCGTCAGTCGACTTACCAGTACAATGATAAGAGTCCATACAGAGGTGCAAGCATTACAGGTTCAAATGCGGCCGGATCAATACAGAAGTCATTTACTGCCCGCATTCTCTTATGGCCGTGTGCAACAGACGGCGTAGTAGTACCGTCACTCATCGCTGCCGCAGGGTTCTCTCAACGTGCGATGGTAAAGTCTCCCCCTTGGGCAGGGGGGTCGGGGGTACTACCCTGCGGATCCATCCCGTTCTAAAACATCTAGATCCCTGAGGGTTCTGTTGGGCACGCTGGCCGTGGTAACGCGATGTATAGTCCTATTAGATAAGAGTCGCACCGTAGAAGACCCAGCCCCCGTTCTCCATGCCGAGATGTACTAGGCCAGGCACCCCTCGGATTCGGCGATCAATTGAACCACATTCCTCTATCCGATATGTAATGATCGAACAAGGAGGCTCCTTAAAGCTCCTGCAAGGGAGGTGCATCCACTTAAGCGATCATACCCTTGACGGCGCTAGATTGCTTCTGACTATCGAGCGATCAGGGAACCATAAGTGTACCGGACATTTCATGAAACATTCTCGGAGCACCGGAATTAGCCGTCCTCGTGGTCACTTAGTGCCAATCGCCGTAGGAACATCGATAATATGACTTTGACCTGTGTCATTGCTAACCCCTAAGTGAGCCGCCAATTCTCGATCCTCTTGAGCGGTAGAGTGCGTGAAGGGTGCTTTCATCTCCCACAAAGTTCTTCGAGCTCTACTAATGAAGGCAAAGCCACATTCCACGCATTCACCAATCGCATCGAGCTTGGTCACAATTCGGTTGGGCCACACTAGATAGTTTCTGCACCGCTAAAACTGACGTTGCAAATGGCTATATGCTTTAAGGGACGCCCATTATGACCTCCCGCGGTAAATTGATTGAAAGATGCGGTGAGATGTCCAGAGACCTTGTAGGAAGCTCATCTGTGCATCAGGTGGAGAAAAACATCTAAACATATGTTGAACCCCATCACCCGTCCAGCGCAGGTTGAGGCATAATGTGTATTGTTAGTTGTTTTCCTTTACTGTGAATATACGTAAGTATTTTGGTACTACAAGCTCAATTACGATTGGCCCGGTATTATTAGACGACAGTTACGAGCGAACAGTCGTGTCCAGCAGAATAGTACTCCGTAACT,1687,49.79,Escherichia coli
SEQ_949565,TTACCCGTCTCACTCGCTACGCCGTACGGCGGCCAACACACGAGCAGTCTAACCCCTATAATTCCACCATGCGTCCTTTCATGCAGATCAAGATCGCGCTACACAACATGGCACGTGCGCGCCGTTATCCTCATTGAGAGGTAAACATGGTTTGGGTTTGAGATGTAGTCAAAGCGACCTCCTCCGCGCACGTTAGCGTTAAGTTCCCCGGGGAGTAGTCTTAGGTCGTGACTTGGGTTTTACAAAGGG,249,53.01,Saccharomyces cerevisiae
SEQ_960271,TCCCCTTTATCCCATAACAGACGGACCACGCGTCTCCTCGGGAACTATTCCGACGTAACGGAGGACGCTAGTTCGCGTCACAGTGTTGCTACTTCTCCTACTGCGCTTTCAAATTTAAGGGTTTGTGGCACATGGACGTTTCATCGAGCTGGTCAGTGACAAATTAATAGATACTACCCGAATAAGCGTTTACAAGAACCGGAATATTCGAATTGATCAGCTCCGTTACTGTGTGCTCCCCTCCCACAGACCCTGGTCCTTGTCCCTGCTTTATCC,276,49.28,Caenorhabditis elegans
SEQ_142211,TAACTTTACTCAGATGACCATCGTGCTAAAGCCTCTATAATGTTCGTTATGGCAACGAATGGGGTTAGCGTCGCGAACGCATGCTCTTTGTACCTGGATGTTATTGTCTCCGGCTTACCGCCGACGGAACGACAGCGAACGCTTACGTATTAGTACTGGGATGACATGGTCCAGATTAGGTAGAACAATGTAGAATGCTAAACTGTACGATATACGTAATACTTTTATCACCCTAGTGTATGACCTCCCATTCACTAGACACTCACATTTTACATGTCATTTGTATGTATATGAGGAGCTGGAGCCGGACCCGGTGGTTGTGATGTTTTGACGGAATTATGAAAGTGGCAATCAGCATGTGCTAGGATCGTGGCAGGAAGTACGACTCGAAATTCAATTATAGACACTGTTGTCATTTGGGGTTACCCCGCGCGAGGCACTAAAAGATCATCTCCTCAGTCGTTCTCCCAATCAAGTTAGCGCTGATAAAATCGACTAAGAAATCAGTTTCACGGGTTCAGGGTACGAAGTCATGCTGTGATGGCTGGAACTGTAGAGCCAGCCCTGAGTGCTCAGCATTTAGCGCTTTCGACGTGAGGAGCGACATACCTAACTCGACTTTTATCCTCGGTAGGCACAGAATCATACAGGCCAGTTCACCGCCTCTTTACATCATGCCCGTCGCGAGGTAAGATCGGTTGCCCATAGATCCGCCTTTCAAACTGCAAAAGAAGGGTCGCGTCGGAGACTGTTACCATCCGATGTGCCAGCGCTTAATCCCGGAGGGGGCCACCCCCCCAAACAGGCCGTTAGAGTCGAGGCTCTGTGAAGGGTAATACCGAGTGACCATTGCTATCTAGCGCTATCGCCTCGCTCCAAACACATCCGTCACTAACGTCCAATGAAGCTTCATATAACCCCTTGGGATAGCGATAGAAACGCATTGACAGAACCACGCCCCAATAACCCATTAATGGACTCTCCCCGCTCGGATGGTGATCTGAATGATCGACATACCCTCTACGAAATGCACTCAGCGTCCATTTTTTATGTTACTTGGTAGTCGGTCTGCCAAGATCCTGTCTATATGTCCGTTATCCGAGCCACGAGTCCAGCTGGGCCGGTAGTTATAGATCGTCTTACCCCTCGAGAAGTTCTGTCTTTTTAACATCGACAGGACGTTCCGAACTCACTGGAAACCACCCTTTACAGTAGACCGTTGAAAAAATCATGGCATCTAACTACGTAGCGGGAATCCGTTTCGTGAAAACTAACTTGCGCTTTTTGAAGCTTGTCGGCCCAAATACCAAAGGGGGAAAAGATTTGGCTAAGAAACCCGAGTATAAGGACATCACGAGCGTATGTTCGGTTCGGTTGTTGGCGTC,1385,48.23,Escherichia coli
SEQ_509354,GCTGCCCTAGCGGCACTTCAGGGCGTGTGCGACCCCCGATAGTGATCCTGAGCAAGCTACGGTATTTTATCGGCCCTCCTTCCCGAGGAGGGGAACGTTTGACGGTTGGCTACCCAGATTGGCAAGGTTGAACAAGCGGTACGTAACCACCTCAAGACACACTTGGAGATTCTTGTACCTCTACTGCTACGCGGGAGGACGCCAAACACGGTGGACGCAAGCAACAGGAACGTGTTGGCTTAATGTATGATACGGTTGTTCACATTAGGTGTGAAATGTATTTGTACGGTTCATAAACCGCGAGACTGACCAGAAAGTCTATTACGGGTTCAATGTGGGGCTCCTACGGTCGGTAGCATGGAGGTGCATCGTTGTTTTCGGCAAATTGTACAGATCGAGACGCAACCGTCCGCTCCAATGGTCAACGCAAACGGCTCATACGAAACCCAAAGGAGTGTTGGCAGATTAGATCCTGCCAGCCTGGAGGTTGATGTATCTAATAGCCTTCCGACACCACTCAAATAGACGCTGTCTGTAGTCATGCCGGAGCAACCTGCATTGGCGCAAATGAGGCAGGAAGAGGGGTACTTTTGGTTAGAACTCCATATCTTAACGCCCAATATTCTACACACACCACATTGCACACTCGCGTTCTACAACCAGGCAATGCGCCCGTCGAGTAATGGACTGGGGGTCAGTCTCGTGTGGAGGGCAAGCTTTTCAGTCGGAGTAGTTCACTAATGAGAATGCTGCATCACGCTGCAGTCGGGAAAGCCCAATTTACACACCCGGGTAGGGCGAATGGGTTATGAAACGTATGTTTTGCAATTACATCCTCCATGGGCCCACGCTCCTCCAACTCCGTCAAGATTCGGACGGGCCCCTTATGGGGGCACCGGAATTGCAAGTGTTTCTTGGCCTCCCACTTACCGCCTAAAAGCTTTCTAGGCATGGATTACCGCCCATCCGTGACTTGATAGGGCATCGGGTAGCTCAAAGAATACCTAAGGGTGAAGGCTCCAGGCTTCAGCCAATCTTGTAGCCCTCGCCAACTGTTACTCCCTTGTATTGCATAGGCCGTAACCACCCGTCGTT,1095,52.05,Drosophila melanogaster
SEQ_543885,GGCGAGTGGTTCAGGATTCAACGTCATTGCATACGAGCCAATCGCGGCAAATTTCCAACCTGGGCCGGCTGTGCGAAAACCGTGCGATCGCATGTGGCTCGAGAGAAATGGTCTAACGAGCCGGTTATGAACACACAGAATCGCTGCACTGATTGCTCAAGGCATGAATGCGTGTGGGTCTATATCAGAACTTTGCTTCCATTATAAATCCCTTTTCAGCAAGAGTGGAATTAAACCGCCAACAACACTTCCATCTCTGCGTCGGCAGAGAATGGACCTCGATGCTTTGTCGGAAGTAATGCAAGTAAAGTGTGGTCCAAGATCTCGCTCGACGACACTATCATATTCCTGATCAATCCCCATCTCAACTTTTGGACATCAGAACCGGAGGACCAGCCTTTGGCTCATCCTGTAGCTGACCGAACTAGTCGACCGGTATGAGCTCGGCCTACACGCTGACCTCTGCGAGGCATGCGGGGGGCCCCCAACCCCCTATTGTACAGTTGCTAAGCGTGGATAGTTCCGACGCTTTTGGTATATTAAGGAATCAGTAACACACCATATGACCCACGCCGAGGAGACCCGGTCACGTTTAGAATTTGCGCGGGGCAACGGCGCGTTGCTGCCCATAGGTTCGTTGATACGCCCGTGTAAGCTGATGGCACTTCTCCTCCGTGCTGTGTACCCCTTAGGTTTAAGCTCTCTTGAACCCTCTCCTTAAGCGCATATTTACGCT,736,51.63,Drosophila melanogaster
SEQ_668702,CTGAGACCTCCTTCTCTTGGGGGTTTGTATGTGCCTTCAAAGGGACACTCTCCGTAAGACCTCCAAGAACGGACCACTAATAACCACCGCTCGCTAGTAACATGCAGCCCGATTACTTCGTTCGCTTTTACTGGCTAGTACCTACGCGCAGCCGAATTCTACGTTGAGTAGCTGCCCGAACGAGCGATCAACCTAACGGAGGGAACTGACCGCAAGTGTGTTGCGGACAGTCCTCGCCCATAATGGTCTAATGGGTCAAGTGTGGGGGTACTCCGTGAATGCCGTGGATGCCGCACTTATCTAGTGCCTTTAACGGAAAATTGTTCCTTGCCTCTGCGATAACGCCAAAGGCCACAAACGTCGGGGGGTAA,371,52.83,Mus musculus
SEQ_892951,TGGACGTGAGGCTATGGACGCGCAGGCAGTAACTGAAAGTACGACTCACCGCAATGTAGAAGCCCTCTAATTGGATATAAAGGCTTAACCCCGACGTGAGCTCTGAAGTGCCTGCATTAGACTGGTTTGGAGCTGGATGAGCGGCGACTCGTCGGACTGAACTTCGGGGATTGATCGGTTAAATACAGTAAGCGGGAATAAGCGTCGTAGGGACCTCTTATGTTCTAACCCAGACTTGAACGAATGAGTTGTCCCTGCCGTGTCGAACCAAGTACAACCGACCTTGGGGCTCAACATACAGACCTTTCCATTGAATAGGCTTGGCTCTCCTGAACTATTTAACCCATTAACTACGGGCAGATCCGAGGTGGCGGTACAATTCAAGAACCCTGCTAACCCGCCGGCACTCAGCCCCACCGCGCGCGTGGTTCGTTGACTTCCTTGCTAAGGTGGTATCAGTCAGGCCACTGATATCCGGACAGCACCCGACCGTCCAGGACTCTCTTTAAGTATCTTTACTTCACCCATATCCCATGGTTTAATCTCAAATCTACAGGCTGCGCTACAATTTTGTGGGATTACTCGTTATCTCATCTTAGGTTAAACTCATCTCTTTGGGTTGATTCCAGCACACCGTGCTATAATAATGTGTACATCGGACCTGAGTCAATCATAATGGACTCTTACGACTTCTTCGGACCGCTTGCGAGGACTCAGCAAGTTGCCCAATAGGTAGCCTCTGAATGGGTAGGGCTAGAGTGCTGCTGAGGTCAACAGGAAACTGTCGGGTTATAATAACGTCAGTCTGATCGATTTCAATCACTACCCACCACTCATCGGTGTTTCGCTACCCTTTCTAACTAGCATGGATGATTATATGGACCTAATAAACAGCATGCTTAACCCTTTGGGGAACCTTGAACGGGTATCATCAATCAGAGGATGTCTTACTCGTTACGGTGTCCGCTGGTCCGCTGACACATACTTACTTCTTGCCCAACGCGTGACGTGCCTGGACGGCCTCCAGTTGAAGCCCTTAAGACTCTGATTGGTCGTCTGTTCTTCATAAGTGAGGCGCTATCGTCAAGATCCCATTCACGGACCGTATTGTAATGTCCTGGTCAAGAAGACCTTGAATGATTTAACCCACAGGAGCGACGACACGCGCATTAACTCATCAAAAAGTTAAAAGGGCTCATGGACCCGTTGCGTTGGCAGATATCATTAGTTCACTCTTGATGATCCTGGCAATTGCTCTCACTAACAGCCCTTGTGACAATAAGGAAGTAGACAGGTTGTAACTATTCCAGCGGTATAGACTACCATCCAAGTTACCGGCTGAATCCAAAGCGGGACCCTTGCGGCTCTCAATTTCTAATAGCACACCCTGATGCGGAACCCGGCTCGAGGGGCCGACCGTAGCAGAGCTTTCTGGAGGTGATGTTGTACCCGCGGGTGGAGGAAGGACCACCTGGACAGGTCAGTTATTGCGTAGTTCCAAGGGACTGGCTGTCAGCCGTGCAGAGACGGCGCCGGGACCTATTCATGTA,1550,49.87,Arabidopsis thaliana
SEQ_152083,TAGACTGCATCTGTGAAACGTTGCACAACTGTTTATTCTGAACCACCTCTAGTGCCGTGAGGCGACCGTTATGGACCTTTACTTTTGCATGGTATGGCCCTGCCTTGGAATTCGCCTTCCCTATTGCGTGACTATCACGTTCTCTACCGCAAATAACAAGACACCGATGTAGTAGAAAAGAGTTTTGGCGCACTAAGCGATGACCGTGCCCTCTCTTGGCGTGCGTCTGCATTCATGTGGGCTTTCACGTGAGTTCTCTACAACGCAAGATCGGGCGATACTACGCCACCTCCTTCTGAAAACGAACAGTAGCGCAGGAGGATGATAGACGCGCTTCTGCAAAAGCACGCGTTTTTTACCTGAACCGACGAGTCCCATCAGGTCTTATTGCATCTTGTTGTACAAAGTATTCCCTTCAAGGAGGCAATGAGTTCTGAATTTACCATACCGATGGTCGGGCGCTAAAGGGGAGAAAACGGCCGGTTCAGGTCACGCTCGTCCTGCTCGCTATCTGAGGGAGCCGAGTTGTCCTAGTGGGCATATGTGCACTTCAATACGAACATCAGCGTGGAGACCCAATGCAACTGTGGAGCTTGGAGGGCTAGGGGGACCTCCTCCCTGACCACGACGGTTACTATGTCCTCTCCGCGCGTCAAGTCTAGTGCGTCCGAGAGACGCAGAATACATATTCGTAAGTGCACTCGTTAGGCTCGGCCGCTAGTTGCCACATAATACCGCAGCAGGAGGATTATAAATTCCCGTAACGCCGCTGAACGATAGACGTTCCAGCCCGGCATTCGCTACCTCACCAAGGGTCCCTGCCATCATTCGGACGACTTAGGCCCGGGAGGC,852,52.46,Drosophila melanogaster
SEQ_698155,ATCGACGCGGTGGAATACGCAACAGGATATACATGAGGAGGGCTCGTAAGAGCGCGCCTCATAATGGTAATCTTCTACTCCGATTCAAGGGATATAGCATCCGGCGCGACTAAGTGGTTGATACCCAAAGTATCCAAGTTCGGCACATCCTCTTCGGGGAAGCCTGTAGAGGCAAACATCCGGCAGGGATGAGCCCATGGGGATCGACATGGCCCTTATGCAGAGCTTCTGAGAACCTCAACCCGCCAGCATGCTACATAGGGTAACACCTTATAGTGTCTTTAGTCCTCACTGCAGTATCCTTTTCAGAGTCTGTCAGCTGCGTGCCCTCATAGCTCTCCACACCACGCGCCTCGTATACGGCTGGTTTTAAGCGTGCTAGGTTTTACATCCGGCGACTATAACCGGTGGAGCTTCTGGCAACGCGGTGGATGGGCCGACAAACTGAACGATAGTCACGGGTTGGAACCAGTATTCTTTTATAGAGTAAAAAACGGTGAAGGTTACCGGACATGGTGGCTCCGCCGAGAGAGCAGGCGTGTGCATCTGCATCGCGCTCCTAATGCGTTCAACGGGGCGGAACATCTGACTCCATCCGGACGTCCGGAGCACTTTGCGAAGGTCTGACCTCTCAGAGGAGGAACAGCAAAACGTTGGTAACCATACTCAGTCCCGAGAGCGCCCGTCCAAGATTTCATTAGAAATCATAGTCGTAGCGTATCATCGCAAATGCGGGGGGTATATCGATGAAGGTCGTCTAACCGTCAGCCAATTTGGGGTCAGCTAAATGACCTTACCAGGGGTGGGCTCAAGTACTGGCACCAGCACTTGTTCTGAGGCGCTCCTGCCGTGCGGTTTCGCCAATCGCTGTTGTACAAATTCGATTATCTGGATTTATCGCCTCATCCTCCGTATATCTACGGTCATACCTAAGATAAATAGGACTCTATTAACTACGAATCACCCTTAGATAAACTGAATACCTCTGTCGCCGTGCTCGTGGGAAGATATAACGTTTTCACGAGCACCGCCACCTGCATCAAAACTCTATATAATGAATCCCCGGATCAGCCCTTTCCTGAATCGAATGTAGAGAGTGAGGGGGAAAGTGGGTTCGTCATCCCTCAGGCTAAAAGTACGCAAAGAGAGGTACGACATCCACCTTTGGCGCATGAAACTTCTGCCACACCGAACCCGTCTCACGGTTCCTTACCCGTCATAGGCAGCCTGTGAGATGCTTTGTGATGTTATCTTTAGTGTCCATCCTGGCAGACAATTTACCGTTCTTGGCTCCTTCTAACTAGGGGGCTTGGTCCATATCTATCTGGGTCCGAGAAAGGTTCTAGATTAGGGACAGGGCATAACGGTACTATATAAACGTGGCAACACTTAGCCGTTACAGCTTACTGAGTTGCGGCACCAGAATGGCGCGTCAACGCTGGGGAATCACTCTGTGTCTGAATGTCACACGAATTTATAATTTGTTACCACGAGGTGCACTGTCGCTCTGCGATGGTCGAAGAATTCTTGATAGTTTTTGGTCAATTCGATCGCTTTACACTGGACGCAGCGTCGACTATAATCTCTTGATCTGCGCGTGCTACAGGTATTGTTTTCACCAACCTTCGGGTTCAGAAGACATTTGCTCACCATATGCTGCGACATTGATTTGTGAAGGATGTATCGTAATAGGGTTTCACGACTGTAGGTGTTCTCGTTGGCACTAATGGTACACACTCGCACTCCCTTGAGCCTCAAGT,1760,49.89,Caenorhabditis elegans
SEQ_675613,TGACGAGTCAGGACGGCGCCGCGGATACGAGCCAGGGTCGACTCTTGAAATTCCACCTTAAGGAGCAGATAAATCAAAAATCTGCGGTACTCGTGTTACACAACTGTCAAGTCTGAACCTCATAGACTCTATCCAATCGGATATCGTGCTTCGTCCTCGCCTCGATTGCGTACCAAATAGAGCACGAAACGTCAGTCCAAATTCTGTTAAGCCTACCAGGTGAATAATGTGCGTTGCGACCGGGTCGGCTAGTGCTCGTTTTCCCTCAACTAATTGGAGAGGCTAATCGAGTCCCGGACCGTGCCAGACCGCAATATGATATGATAGGAATTGATCCTAATGCGCGTGTAGGGTACCTCGCACCGTGTAGTTAGATTCTGAGCAATCAGGCAGAGTTTGGATAACAGCTTCGACAATGGTGGTCCCGTCCTGGTAACCGGCATTTAAAGATCATCCCTCGAGTGCATATACTATCCCTTCCTCGGCCTTTTTATCGTTTCTAAATTTCAAAAAGTGATACTGAAGGATTCCTCGGGCGGCAGATCGTTAACCTGCGGCCCGGTACTTTTGCGTCTCAATGTGTCCCGTTTTACTGTCTGTTCTAAATAGCTTCTCCTCGGCTGGACAGCAAAGAGAACTTCTCCCCTATCTCGCCTCATTTCCATAGGGCTCGCTCTTGAGTAACCGGTGCTCGGAAACGGGAGCACTAATCAGATCTGGCTTCCAGTCCACAGCGGGAAGAGTTTCAATTCCATCCGCCATTCATAAAATATAGCTCGACGACGATTAATAGGGCTCCAGTGTCTTATTACGGGTCCACCCCCGGGCGCCCACCGAATTCTCGTGCTTTAGTATGGTACCACTTGCCAGCCGCCACAAAACTACTTCTCATATTCCGTCATTTAGTACGCCTGATACGAAACCTCGATCTGCGATCGAACCTATCTTCTGTTATCTTTTTTCTTATGCTGTACAAATGGTTCCGAGGCAACGATCCCTCGGACGCCGGAAGAGTCGGGGCGGATGCCTACGGCAGCAGCGAACGATACGATGCTGTCCAACCCTCCGGAGCGGTAGCTGCCTGCCCACAAACGTAATCCCAATTAGCTACAAACACCCCCGACTAATAAGCCACCAACACTAGGTAACTTATTACGTATTACCGTAGAGCTCTGCAAATGAATCCCTATTTACAAGAGAATTCAGTATCCTTGGGACTTTTCGAGTCTATAAAATGCCCGTAGTAGTAGTTGAGAGGTCGTAACCAGCAGATCAGCGCTGCGAAGGCCACGTCGGGAGGAACTCAGAAGGAGTCTCTAGCGACACTTATCATGATCGTAGCACTGTAGGAGATTGTCCTCTGGTGTCGCCCGCTATCAAGTGACGACAAACTGGCCCGATCTTTCCTCGTGCCGGCGGCACCTTGACTTGTACATCGGTGCCACGACGTTACTAGAATTTGCCCTGGACTTTATTACCGGGGGTGCCTCCGGAGTTTCTATCTGCCTCTGAACCCGTCAGCCCATCACTCTGCACTCGTCTTCATCCGTATAGCTCGATCTCAAATGTCCAGGCAAGGCATGCGAGTCACGCTCCTAATAGTTATGAATCAAATAGATTGATAATAGCCTGTCATATCTGAGATATGGGGAGATAAACGAAAGTCCGCGCAGTAGCGGCGTCCTGGCGATGGCAGGCAGTTCCCGTGCGTTGAATAACAAACGGGCTTCCGTTTGCCGCTCGTAGCTAGTAGTATGCTACTCTAGCAGCCTATTTATCAGGCCCCGATGGTCGCATCCCTTATCGCAATAGCTGCGAGCCTCACTCAGAGTCATTTACCTTGCTTACGCGCATAAGGTATAACAACGGTACGTTCGATACATCGAGGCATGGGGGGCTGCCGCCTACGACTGAGCTTTAAAAACGCGTGGGCCTGCGTCTTTATACTGGATTCGCTTACTTCTGCCAAAGAGATAACGC,1980,50.15,Saccharomyces cerevisiae
SEQ_154991,TGCGATCGCTTGAGAGTAGCGCAGTCTTCCACGGCAGGTTGTACACTGTACATTTCTTAAAACGTGACTGCGCTCGCGACAGTTACCTGCACTTCGTCTATCACGTGGACGGCTTGAATGATGACCATCCGTTCGATAATCCGGCTGCTGCCGGCGAGTGACGAGGCCCAATCTGCAAAATTACCAGGTGCAGATTCGTAATCGTCTCGGTGGGCAATTCCCGGGCGAATACTTTAATATACATACCAATCATCACGGAGGTTTCCTGGACCTTGACTAATGTATTCTTCTAACTTGCTCCCACGTTCTAAAACTTCAGTACTTAGACAACGCAGATGTATAATAGACCGGGAGGAGGCTCACCAAATATTAGTTTACTCAAGCTACGCCGGATCTGAGACTAATGAAACTACTTACACAAACCGAGCC,429,47.79,Caenorhabditis elegans
SEQ_764022,GGTGGATTGGACCTACTACAACGCTTGTCACCCACTACTGTTGGGCGAGATGTTACGCCTCGCCTGGGACATCCAGCTCTCATTCTCATTCTTTAACGGCCCGGCTTCCCTCAAGATCCCTTCCCCATCATCATCGTAAGGGTTACTGTTAGGAGCTCCATATAGCTCTGCGTGCGAAGCCATATGCTTGCAGAGTTGGAAATACCGGAGCATAATCCTCTAACTGTATGTGCAAGTCGTATAATCCAGGCTTGACAGGTGGGCCACAGAATAACATTAAAGGCAATGACGGGCCAGAAGTCCAAGGTCGTTCAACATAGCTCACCATACTGGCGAGATCGCCAATGCATGCGTAGCGCGAAATAATTCCCTGTTGTCCGGGCACCTAAGATCCTTGACAGCAAAACACAAGATTCTAACAACCTGGGCTCGCCTGGACTACTACAGATTACTCGCGTGCTCTAGGCGTAGGAAGTGTTGCCCCTAGCCGTGACTAACGCGGCTTGGCGAGAATCAATTTGACTATTACTACGTAGCCTACGATCTCGCCTGGCTCATCCGCGGTGGCTAGTTGGACCATTTTAAGCGCGGCCAAGGAGACCGTAGCCATAACTCTAGTTGAGGCGGGCACTCCATGTCGCTTGTTTCATAGCCAAGCCCCTAATTCCCCTTAAGCAGCGTGATCATGCCTATAGCGAAAAAAGACATGTTTATTTTATCTTGGACACCAGTGGCAGACGCGAGTGATAACAGTTCGAATAGGGTTTACGTCTGAACCTGCAGCCCTGAGGGCGCACTCGCGTGAGGACCCTGTGGTACGCCGTGAGT,828,51.45,Homo sapiens
SEQ_564311,GGTAGCCGTTTACTCCCCCCTCATTGACTCTATAGAGGAAAGGAAGTTGCGGCGGTGATTTCTTTCCTAGTGGGTTAGACTGACTTTCAAGAATGCTCAATCGGTGCCGGTTAATTGACAAAACAATTCATCCCGACACTATGGCATTGGTTCCGCACGCTGGGACTGATCGAGCCTCCCAGAGCGCTATAAACTAATGATTCCTGCGCTTGTGAGTACCGCGATTTGCTGGGTACCTGACTTAGCAAACGCGACTGAGACCATATCCCACCATAGTCAGTGTAAAGATATCGAAACATACGATACTTCAAGTCGGACGCTGGGCGGTTCCCACCCATGGAGCGCATCCAGGGGTAAAGTCCCTCTCGTTTAAATAACACGAAATGGCTAGCCGTGGTAAATCGCATGAGAATTTTTGACGCCAGAGTAAGAGATTGCGAGAATACCGTATCTGCCCCAGGCCGTTAGCTCCACGCTCAAAAATGGGAACGCGTAATTTCGTATGACATCTAGTCTATTTCTCCCC,526,48.86,Homo sapiens
SEQ_941941,TCCGATTCTTGTAGGATTCTTGTACTATCGATGGAGGTTCCTGATACGTTTAGAGCACCGGGACAATTAAAGCTCGGCTGAAAGCATCGGGAGCCCGCCTGAAATATCAGTGTATTGCAGCGCATCCCACATAAGACTTTTCGATTTTTGAGTACGCATGAGGTAGAGACCGTCTGAGCTCCTAACGACCTCCAACCCCGGGCCTCTTGGCAGATCCCTGCCAATGCAGTTAGGAGCCTCTCACACACCCACATGCGGCAATTAAGCTAATCGCTGCCGCACGTACGGAGTGAACTTATAAATCTGATAATGCAGCGGGTCTCTGTACCGCCTATGGAGTATACTAGCTCACTTCCACACCACTTCGTCTTGTGCCACTGTTAGATGCGGGAGGTGGCAATCCTCAACGCATACACGCTGAGGGTTCCAGGGGCCTCCCCCATGATCCAGGATGGGGAATCGCGTGCGTTCTCCGATAACACTTTTGTTACAACTGGTCGTCGCGGGGTATTCTCTATCCGGACGGGCTGTCGTGGCGATTCGCCGAGGATTAGAAAAAAACAGCGAGTAAGTTTGCCGTCCTCATTTGATGTTCACACTTAGAACATTGACCCACGCATTAAGATACCCGGTCGATGAGAAGAAATCGTTAACTGTGGGCATTCACACGGTGTCAGACGTGCAGTACCAAAGGACAACTCCGATCTCACCAAGTAGCTAGCTGAACCCGGCCCTCTCATTCAAGAGCTTAGGTAGATCACTGAGTGGCACAAGGGCTTAGAGGGGGGCATAGTACCGTTTGGTACTAATAGCGCAAAGAGTAGTACTACCTCTAAACTGCACAAGAATACAACACGTGCTAGTTGCTCTCTTAAGCGTACAGTTTAACCAGCTCGCTGCGTTTGGCACTTCAAGCTAACCGCAAATAGACTTCTCAGCGCGAAGTGACACCGCTTGCCAAAACACGCACCGTACCCACGTAGGCGATCGAAAATGAGAATTATCCTATGTCCCGGTCTAGATCCATTAAAGGGACTCGATTGCTGCATCTGCGGGGTCGGGGCTGTGCCGTCCCAGTAGCATGAATTGAAACCCATCTTGCCCACTTCACCCCAACAAATGGTGAAAGGTCCGACGCTCAATGAAGCACTTCCACGGACGTACGCCAGTTTACAGCAACAGGTCGGGCCAGGTAAAGTTGTATGCCCATGAATCGCGCCTATAAGTCCATACAGGACGCGGGACTGACGTCTACTTCTAATTTGTCTAACTGATCTCCGTGCTAAGACGTTAGAGCCTGGTGGCGGTTAGACCATGGGTCGCACTTTGATGGTCTGGGTACCCGGAACACTCGGATGCCTCTGACATCGTACGGCTACGC,1381,51.34,Escherichia coli
SEQ_876987,TAACAGTCATAGGACTAACTTCAGCTGTCACAAACCCGTTTTAAGTGTTGTTCATTTGGATTAGCGCATTACACGATAGTACCCCTGCGCGATATCTTTACAGGCCCTGTGTGTTCTTC,119,43.7,Escherichia coli
SEQ_176045,TGTGGTAAAGGGCATCCGAAGGTAGTTCGTGATGGGCCACCCTCGGACAGAGAGACCGCTACCCCCCTCTACTTGCGCGGCATTGCCTAATGGAATAAGCAAGGGTGGCCACTTCTCGAACGGGGGGCGGCCTGTCGATCGGCCAACTCTCTACTGTGAAGGTCTTGGTCGAGACCTATATCATTTATGATCGCACTCTCCGGGCATCCTTTCGGGGCGTCTACCGTTTGGATATAGACGTTTCATAGAGTCGGCACTGCCCGGGTGTTGTGGGTGCCCTC,281,56.94,Saccharomyces cerevisiae
SEQ_939305,TGAGCACAGAAATGGTGAAGCCAAATCATGTGCACCTTGACGCTGATTGTTCCGACGATTTCCTCTTCGGATTCCTCTTCGAACTCTGTTTGTCCAACTGTAAATTCAACGTTGCGGGTAGGCGTGGGCATTGCACGACACCCTACTACCCCTGTCAGTAACACACCCTCTCACCTCTCTAACTGAAGCGTGGAAATCTCTGCTATCTCCTATTAGTTTTCCAGGGCGTTAGGGGACAACAACTTTCAGAGTTGCACCAGGGCTCTTCTACGGGCGGACGAGAGTATAGTAAATAGACAAACTATGGTCCTATTTTGTAATCCTCTGCATTAGGCTGTCGCACCCAGTGCTACGGCCCTACGGTGAACGCCAAACCCTTATTGAGATAGCTACTATAGTCGCATGTCATCATAACACTGGTCGTGTATTATACTCCCACGTGTAATCCCTGTGTACAATC,460,47.83,Arabidopsis thaliana
SEQ_119574,TGACAGGACAGCAGCAAGCAAAGTGGGCTGCAAGCTATCTTCTATTCTTCGAAAAGTCTAGCTTACTATTTTCATCCGTGTTATTTGCCCCAAAGCCGATTTACGACGTTAAATGTTTTCCCGGTACACGAGCCTCAATTAGGCCTCATGGTGAAACCGCCAGCGACTCGACCATAAGTTCAAGTCCTGAACTAGTACGATTTGTCTCACCCGGCTGTCGTGGTTGCTACTCAGAGTCGACTATGGTGATGGCACCTTGCATGTCTTTTAAGCGGTAAATACTCGCACCGCCCACTTGGTTCTACGATAAAGTCGCTCAGTGCATTTCAAACTCATGTGTCCTTGACTATTCTCACAGCGGGACCTTTAGTTACCTTAACGGCGATTTACCGGTGACAGGAGGGGAAGCCAACATGACGTTCCAATCAGATAAATCCGTCGACGATATGGGCTGTCTGACTGATAAAAAGGCGCCCCCTTAGGCCTGTTACGTCGGCAACCGTGGGCATCGGGCCTTTGGAGTACACCAGATGAACAGAGCTGTAATGTCTACTTGTCGCTAGTGCCAAATGAATTCCTATCGGTATAATGATGCAAGCCCTCAGATCTAACACTAACGTTGAACGTGGTGAAGGAGGTGTCAATCGTACACGGCGGTAGTGCAGCCGCGGATTTGTATAAAACTATGAGGTCTTAGCATACAGTACGGCCTCGTAACCT,720,48.33,Caenorhabditis elegans
SEQ_146766,ATAGCTACGCTGCAGCCGTTGCGTCGCAACGGGTAGGAATTCAGGGGCTACTTCGTGCCACAACCATTACAGTTTTGCAACCGGATATGGCGAGTTGTACTTCGGCCAAGGAATACCTCACGTTAGGTTTAATTCGTACACACTGAACCTGTTGATCATCGTTGTATAAAAGCGAATAACGCTATAAGGCAATAACGAAGGAATTCTACACCCACATGCACAAGGTGCGGAACAGGTGCCTACGAAACGTTGATAGGGACCCAGAGCTCACTC,273,48.35,Arabidopsis thaliana
SEQ_307642,ACTAAGAAACCATCTGGCCGAAGATGGTGCTTGGATACAAGCGAAATAGGAGCCTTCAGAGTAACCGTGCCCTCCCAAACTTGATCGCTTACTGCTTCTAGTTAGCCCCTAAGCGTAAAACTGACTGCTATCAAGTTTTTTCTGCCGGCCCGGGGTCCCTGAATGGTCGATCTAGGGTCCGCGACTTGCATCACAAATATGACCGTTTAGGTGTCTGCACCCACGCAGTCGGTCTATGTCTTCACAGGCGGCCCATAGGCATTAATACTCTTACGTTTCAGCTGAGACTCACCCCTAGTGCATCTCCATAGGAGTCCCTGTTTTATCACCCTCTAGTGGCCCGAGCTGAGGCAGTACGGTACGGAGCGAATGTCATGGCCTCGCGCGTGAGGCCGAGAGACGCGCTAGAGTGTAGGCCTAATTTAGTTACCGTATCCGACCTGCCCATACTTTTGCAAAGACGTGTCCCGATTACGTGAGACACAGTATACTCAGCGGAGGATAGACCCGTCACCGTCTACTGTGAGGTGTTCAGGTGCTTTGAGCTATTGCCTGCATAGACCATCTCCCTTATGAAGAAGCATCAGCCGGGAGCGGTATTACATTCGGGCTGACTTGCCATGTAAATTACTCTTATTTAGTGACGTGTCCGCTTCCCGTTGGCAACGTGTACTCTCTATGCTGTAACGGACTAATGCATGCGAGGTTTCTTACGGCGCTAAAGATTTTAAATCCCTGCATATCTCCACCGCAGACACGTGCGCACTAGCCTCTACTTACGAAAGCTACTCGAAGGATTCGAAATCACTTGACCGTCTCGTTGAGGAGCATACGTCCTATGGTCGTTGGAATGCAGAGTATGGGGGTTTCCATTTGGGAATCCCACTGGGGGACGATGCTACCTAAATGTACGCGACCAACCTCAAAATATATAGCGTTGTTCTGTCTCTGTTTTCCCAGATTAGCCTGGAAGCGGTCGGGGCGCCATCCAAGTAGCAAAAAAACCAACTTCACCGCTCTGGCCGCCAGACAACTTGCCGCTTCCTACTGCGGGGTTTTGAGCAATTAAGTTAATATGATTCATGGTAACCTTCCGTGGACATATTTCGGCCACACAGCACACTGTTTGTTCACCAAGTAGATCCAGGCCTTAAATCCCCGTCAATTTGTTGCAATACGTTAACCGAGAGCCTGAGTTTACAATGATACTAACTTGTTGTGATATGAGCTTCGCAACCATGTCCTCAAAATTCTAGACAGGTGCACCCGGTTATACTTCTTGAGACTCTACATGCAGGTCGGCCGGAGCGACAGTTGAGTTTTAATATTGCAACAGCCCACCTTCACCAGACTGCATCCTCCCGTAGCTTCTAGGCATTCGATGCGTGTTTATCAGCTGCTTAGTGCGTGCTCCTTGCAGTATTCATGAGATTGGCTCATAGGCCAGCACTTCGGAGGCCCCACGCCCCAGTTCCGTGTACGACTTCGCAGATGGCTTCTCTGGCTACGGCAGGTCTGTCGTTATACAAGGCCCGGCTCACAACCGAGCACTAGGGATACTACGAGTAGGGCGGGAGTAACGTCGCAATTGCTCATTTGACTGTTTGTTAGTGGATGTGAGCAGGGAACCGCGATGCGGTCTCGCATCGTGTGCTCTAAGGAGGTACTGAAGAGACAACTACTGGGTCAATGGGCATGAGGCTTAGACATCCTTAGGGGAGAGGGGGCGACCGCCAGAATTCACCTTCTCGTCTCGGAATGGAGCATTTAAGCTCAAGAGAAGAGCCCTGTCAATTCACAGTTTGGTTAGCTTCGAACGTGGGGCGTCTCA,1831,50.68,Escherichia coli
SEQ_373714,CGATAACCTAGACGCGGACATCTCGTCCGTTAAAACCCCCTTTAGTGGCTCTCTTGGATACTTCTAAAGCGCGGCTCGATCTCATATATCTACGGCCTAACACTTGGACAGGGTGGCCCAATGTTTCAACTGGTCCATGCGTCCGGTAGAGCAGAAAGGTATGGGGTAGTAAACCGAGTGGGGGCTTTAGAAGACCTTCCAGGGAGTAGATCGGGGGGCCCTAACCCGAAGCGCTAGACTGTGACCCGTGTGTTTGGGAGCACAATGGCTTCGTAGTGATCCACTTCAGTCGCTATAGTCCCACCCCCTGGATGTATCGAGAGGTCTCGGGGGAATAACATTCTACGACGAGGGTCATGGGTTTAGTGACTGAGAGGCTGTCAAGAGCCCGCGTAATCCGCGTGGTGGTAAACGCTTGCCAGGACGGGGTAAAAGGGTATTGTGAACAATTTACGTGGGAACGCAGCTGCCCGCACAATAGCCAACCATCATAGCTGCCGTGCGTTGCCCCCGATTGTGATATGTTCCTTGTTAGCCACGACATTGCTCTTCTCTAGATAGAGCTATACTTAGCATATCCCTCCATCGAAACTTGGGCTGGCGTCTACTCGCGGCATAGTAGCCGCAACGCTACTCAATTCTATGAGAGTAAGGGGATACGCGACAATCGGGGTCCCCTCGAGTGGACTAGAAAACTCTCCGCAGGAAAGGTACAGTATGAAAAGTTGAGTTCCGGAATACTCTTTGTAAAACCTTTCTGAAAATGGGAACATTCGACCCCCTTCATCGCCTCTCCACCCGTCCTCTGAAGAACCGTTAGCTAGTGGAAGTCAGCTCGGGTGTCGTCTAGTTTCCAATCACTTATGGCAGAATCAAGTAGCGTTACATACAACCCGAATGGGCTATTGTTCAATGGCTTAACTGGTAACACAATCGGTGCCCTTTAACTCCAAAGCCCTGCATATGTCACCTCACGTCGATATACAAATGTTGCGGTCTGGATTAGTGTCTATTGACCCTGTCGGTATGGTGTCTCGACCGCTTTGCCATCTTCCCGCGAGTCACTAAGGCTGAGACGTCGTCCCTCACATCTCAAAAGGCAGGCGGTTGCTGGTCAGAGGCTATCCACATTCTTAATCTCATAAGAACTGATGAGCTGAAAAGCGCTCTACTGTCTTTATAGACGAAACGTAAACGGGTGTCCCCTGCAGTCTAGTAAGAGCGTCCTGGGGATCGGTAGCGATGCAAGTTCGATATAATTTTGTACGCAGCCATTTCGTCGTGCTAACTTAATGCGGTGAATCAAAAGGATCGGTAAACTACCGTCAATCAATGTTGTTATATGTCCAACAACTACGTCGTAGGCAAGGACGTCCGTAACGGACCTATACCCAACACTCCGCTGGACTGGCTGTAACCATCCCCGGTCCGTCTAATACTGGTCTCTTTGGCAACTGGGGGCGGGGGATCGTAGAGCACGATGCATGATTGTTATGCTCCCCCTTGCTTATTCTTTGTACCTGCACTTACCATGCTAGTTCCGTACGGCCT,1551,50.48,Caenorhabditis elegans
SEQ_549410,AAGGCCGAATAGGCCCCGAATCGGAGCCGGGAGGCCGCAGGTATCACTCAGGGAATCGCCGTTAGAGCCCGTTTCAGTAAAAGGATTATCGAACTCGGATAATAATGGCTCTGCTGGTTCTTTGGGTGTGAACCCTTCAAGAGTAAGTAATGTCGTCATGAAGTTTACGTTCCTATCCTCGCTACGGGGAGCAGTCCCGGATGTTCATCGGATGTGAGTCGGTTGAGTCGCACCTACTGGACGGTTCCATTCAGATACTGGAAGCTGAGCTAGTCTCTAATAAGGCCGAGGCAATTTCTCATCGGCAATTGGCGACCGCTGATCGCGAACACATAGAAGCCATGTCTACCGACTTTGGGTTGTACGTATACAAATATATCCAAACGTACAACCTGATCTGGCTATAATCAAATACCTCACCAAATAACGCCATCGGCGACTGGCCAACCTAGGCAATAACGACCTCGCCAATACCCAGTGGCATTACGGTGGGAAGACCTTTAGTTGGCACCGACGATTTGCACACCGGCGGGTCAGATGCTTTATAGGTCAAACCCCAGTGCCAGTAGCTGTCGGGCCAGCATTTCGCGACCGTCTGAATACATTGGGCCGGCAAGCAGGCGTCAGGTCAGAGGCAAGGAAAAGTAGATTCCTTCGCGCCCACAAAGCAACTATCAGTTTCGGAGTCAAGTGTACAATAATTTCGGCGACGCGATTGTCGATGTGTTGACGCGTAGCCGATCCAGACGTACACCCTCTTAACAATCCACAGTCAAGCAGCTTCCGCGGAGTCTCGTGCGAGTCCGCTGTAAGCTCCTGCCGTCTTTCCCAATTTTCCTTCACCTGCAATATATGTGGCTCGTACCTAGAGCGACTCTAGCGCCATTACTGCCTCGAGCTATGGACGGGGGTATTGCGCCACCACACAGCCAGAGTAAAAAAACTCTTGGGGGTGTTTTGTCATGAGTCTGTCTCCCTCTTCATCACGTTTCCTTATTATATACTCACGCCGACATCACGGTCAGCCAAGCTGCTTATGGTCGTGGAATGGTCGTAGTGAACTCAATTAATCCCAGTTGATGGACAATACATGATGGTTAACAGGCTTTTGTTACGAAGCGGATGAAAGTCATCATCCAGCACGAATGTTGGCGAGGATGGCGTGACTTATCTTTCTGTATCTCTGACAATCCTCAACCGCCTGCACCACAGACCTTGCTGAATTGTATTCGTACATGGTTCTGGCCGTCTTCGCGCTACCTCCGAAGGGGGACGGATAGGTGGTCATGTGCTTACAGTTCAATGATGTTAGATGTCCCCGGATCAGACCCCCCCTGCACTAAACGGGGATCCCGTACCCCAGGCTCACCGTTTCACTTACTGAATCACTATA,1393,50.83,Saccharomyces cerevisiae
SEQ_909862,CACTAACACGTCTGTGGACACTTCCATCAAGAAAGGAAAGAATCTCAGAGCCACGTTCCCTGACCCACCACCGCCTTAGGCACTAACAACACTAAATGTTTAGTCAAAATTTTTCGCTAAGGGGTGTCTACTTGTCGATAACTTAAGTGCGGCTGGTAGCTTCAGGAATCACGGCCTGCGTGGAGCTCACTGGCGCAGGCCATCACAGACCGATCGGCGCGTGTGAGTTCTATGGAGAAAAGCATGATAGACGCCAAAGGTGTAAAACGTCCAATACCTCTTGTCTCCGCTAGCCACTTGACGATGGATTCCGGAGGCGACCATTGCACAGATAAGGCATGGCAGGGTCCCCATATTGCCCATAGAGCAAACGTAATATCAGTCTACAAACACCGTTGTGCAAATGGGCGTAAATTATTTCAACTGACCTGAAATACTTTCGGTTTTTGCGAATGGAGCCATAGGATTATATCGCCGCCTTTGCTGACCGGGGGCCTTTTAACAAGACATCGCATAGCCGAGCCACATCTTCTCTGCGGTAAACCCCCGCTTAGGAAGCTATTACAACGGACCCCCCCACGACGCTCAGGAGATCATAATAAATCTCGGCGAAAATGAACAAGGCATTATTCTATGGGATATCCCTCCTATGGAAGCTCGACTCCGATCCTTTTTTACACGAGGCGGAAGGTCTGCGCGACCATACTCAACTCCTCCATTTAAGACGCATGACTGTTAGCACCGATTGGAGTAAGATCAGGATACACTACCGAGGCCTAGTTACATCGTATGCAACACCTCGTTACCTTTGGAAATCGATTGACACACCCGATGGTTGCGTTTCTGTAACTAGCGTTCGAGGTCCTGCTGGTTGGCGGCCTATTACTATCGGTCGCGACCCGAACCCATCTGCTTACATGCTACTCCGTCGATGAAAGCCCTCTAAATAAAAATAATGATAACCGTGTGTCCGCCTATCCCAAAATTATTATACTTGAACAGTCGAGGGATCAACTCACTGCTAGATGTGGGTTTGGGTACTCGAGGTGCAGCGAGTATGGCATGAAGCCAACGAGTATACATCTAGGTTAACATAGATCTACATACGTGATTCTGGTCTCGAACCCGAGGGGGTATCCACACTTGATCTCTCGAATGCAACGAGCTGCGGTGAAAACTTTGTTATTATTGAAAAAAAGATTTGTCATACACGGGACCACAGAGCAAAGCCTTACCGCGGGGATGCGAACTGCCTTCCTTAATCGAATCAGAAATAAGGGCCCGGTATCTTCGGACTGTGCCCATTGGTGTTTTGGATACGGAGATTTTGTGAGGCTAAGTACAGCGCCCCAAGGGACGGTCCCCAGCGCG,1371,48.8,Drosophila melanogaster
SEQ_732626,ACACAAATCAGTGGAGCGCCGGTTAGCGATCAGATTCGCGCGTCGTGTGGCTCTTCTCAAATCCTTTGACAGAGCTGTGTGTGTAGATTACTGAGTGCTAGCCGGGGAGCCAGTGACCATTACCCGAGAATAGTATCGATAGAATCAGGTCCATCAACGTGCTACCGAAGGCGCAGCATGTAGCGGTTGCCCGTTAGGAAGATGGGGGAACCGTATACTAAACATGGAAATCAGCTCGGCAACCCTGAATTCTATATATAGACTCACTAAAGCACTCGGTAACCTGCTCAGGAGTCGTCTAAGAGCAAACCGCTACTTATTGACCCATTAGTCTGAGAACACTAGGCGCAACCGAAGACCCTAAGATATACAGTGGTTACGGGGGCCGATACACTGCGAGATTAAAAGGAGCAGATAGACGCATAATATTTTAACGCCGGAGCTACTCCATGTGCCCAACCCCAAAAGACGCATGATACAACACAACGTAACGAGTCGGACGAACATGTCTATCATTTGTCCAATGATTGGCAACTCCCACTGTACGTTGGCAGGACCCCACCCATAGATCGTTAGGTTAGGACGCGCCGGTTTTCATAAAGCCCCGGCTCTAGTTCTTGCGGGGTTCAAAGCGCCGGGCCATTAATTATTCGTAAATCTGACCGTTGGCAACTGTAATGCCTATAGACCCTTGGCTCCCGTTACCGACGAGCTCACGTCATCAAATAAGGCATCCAAAATTATCTGTATGTTAGTCGTCCAGGCACTACGTGATTATTACCACGACGACAGGCACCGGTTCTGTTTCAGGCGAAAGTGCCTCTGAAAGGGACTAGGGAGCGATGTCTAACGCGACCGTTTAGCGTTATCTATATAACCACACGTAGTACACATTATTCAAACATCAACCTTATTATTAGGGCTCGTTGTATAACTGAATCGGTATCGCAATCAAGCTTTAGGATCATAACTTGGGCCTTAGGCTGTACAGCTCC,995,48.24,Arabidopsis thaliana
SEQ_462178,CTTCGTAGACGTTGTCCCGTAACCGAGATTCACGAAAGACAATCACTTCATCGTCGGCAGGGCTGGAGCGTTCCTATTAATGCTCACGGGAATGGATTGAAAGCATCGATTTCGGGGTGAATCCCTTAAGCTGGGAGAAACCACCCTGTACGTATTTTGGTTAAGATTGAGGCTGATCGGCTAGTTCGAAATTCGTGCACGCGTAGCCGGTCCTCTACAACTGGGCGATTGTAATAGTTTGCGTACCCTGACTTGACCTGCGTTTCCAATCTAAAGAAACCCCTTCAAAAAGGGTATCGGTGGGGACACTCTGAATACCACATTAGCCCTTCTCGAAGCCAACACATTCATTTTTCCGACCCCCAAGTTCACACGCTGAACTCGCTAATTGCGCTGCGCGGGGTATTCGGCATGGTGCGCGACGG,425,50.59,Saccharomyces cerevisiae
SEQ_726716,GCCGTAATGGGCCCCCTTACGGCTCTTTCGCCTATTGAGCTCGGAACGCTGCAACCGACGCCCCATCGACAGAGATTGACCCGACTCAAATGGGCCTGTTTAATTAGTCGTCTTTTCTCATCTCCCCGATTACAATCACGCTCTGCGTCGCGTTCAGTACCCTGCTCTTGCGTTACCGTCACGAGTATGCCTGAAGTTGCGCGAAATGATATTCCCAGCTAATACCATGGACAGCTCGGAGCGATCTATAAGCACCCCTGATTTGTGTGGTTCATTTGTCATCACTGTGTCGCTTAGGATAACACGTATTCTTGGAGACACATTTTCGCCATGGTAGATATTGGGGCGGCTTTCGGCTGGGCCTGACAGCTTCTCCCATCAAGTCCAGGGTAGGGTCTTACAACATGTCGTCAAGGATGGATGTTCCCGTTTTCTCCGAAGGCTAGCCCTAACGCTCAGCCTGTAGCAGTCCCAGGCAGTCTCAGGACCACTCTGAGAGCTCAAAGGCAAAGATCAGTTCGTACACGCTTCCCGTAGACAACCCGTTTCTCTTTTCACGTCTCCAACTACCGAAAGGGATCACGTTAA,588,51.7,Arabidopsis thaliana
SEQ_763226,GGCGCAAGACCGTCGCGGTGCGCGTTGTGAGCACGGGGTATATATAGTCATACCATCTAGCACGTCCCCATTCGCCCTACTCAGGCTCAAGAGTGAGAGTCGTGGGCATTGTCGTAACGCCGATATTTGCCCCCTATAAACCGGGAGTAGTAATCGCAAGGTAGGGATTCTCCACCATTAAGTGGGGGATCGCCTGTCACAGAAGAGTTTTCTGAACCGTCAATCAGGGTGACAAACGGGAGTACTAATGCACACGCTTCGACCTGTCTCATTGGAAGGCTCCCTTGGAGGGCCTTCGAGACAGATGATCTAGGGGTGACTTAATTTCTGTACCAGTCCTCCGACTCGAGGGGAACCCTGTTAGTTGAAGCATCGTACCACCTAGTCATCAAGGGTCTTCACGATTGCGGGCAAGGTCTTCCTAGTTAGAGTAATCTGGCACCAGGAAGGTGATGTTCTGACTTCACACGGACTACCTGCGCGGCATCGGACCGTAACTCCTACGCTTCCTGTCTGTGCACTCGCCTAGCTACGCGCTTCGGAGACGTGTTGCATCAACTGCGCGCTCGATATCGCTACCTTTGGCTCATGGGACGCTTTAGTTTCTTACGCGCTCTTGGATTGCTCTCCTGTCAGTCGGGGTTGCGTGACTTTACTTATTGCGAATGGCAACAAAGGGTCAGGTTAGTTAGCGATGTTATAGCAGTTGATAGTCTTGCACGCAGGCTCAATGCTCCTGACTGCTGTCGGGATCTCGGGCCGACTTATAGCGTGCAGGGTTGTCCGGTTTACTAATACTAAAACTCTGGGAGTAAGATGCCGCCCTCGGGCGGACATTCATATACATCGGAGCCTTATATTTGTCTCGGCTATGACGCGTTTAAAATAGCTTACTATTTGTTCATAACCCCACAATCAGCCAAAAACCTCACCAAGAGTTCATGTAATTCACCCAAACAAGGCGGCTGCGTTGTTTCATATTAGGCACTTCGGAGATCGGATGCGAGCGTTTTCAAACCAATGGTGTTTCCCACAGGATAAGGTGATTACATAAGGAGATCTGTACCTGCGACATGCCTTTCGGGCTTTGCGCAAATCGCATCAATGCCTTCCACCTTTATTGATTCCTGCTATAAGTACTCCCGGCGTTTAGACCACAATTGAACTGAGGTGACGCCCGACGATAGCGTTA,1192,50.59,Saccharomyces cerevisiae
SEQ_188214,TCCTGGACGAGTACTAACGAGGCCTGTACGGCAAGAGGTAGAGAGTACGAAATATAAAACACAACCGCTGCTTCACGATCGTACCTAACCCATACGGCACTACAACATGGCCCATGGACTCAGTTCACCCGGTAACTGGATGATGCGCGAATAGGTTGTAGCCGTTGTGGTACAAAGTGAGCGATTAGGCAATCAATAGCATTTCACTGCGAAAGACGCGCCGCCTCCCGCAAAAGACAACCCTGTTTTAAACATGAGTCGATAAATCCGCGATCGCCCGCAACTGTCTATAAGCAAGTCTGCGCGGTTCCACACGGCGTCGGGGCATGCACACGCGTTCTAACGCTGCTACTGGAAAGGTAGGATACGTCGACCGCACCAAGCGCTGTCAGTCATCTCAGTTCGTATTAGACCTTTTTAGCTCGGTATACGAAGAGTGCGCGCTACCGACGATTTAGACCCTGGCGCTAAAAATTGTTAGAATGGAGCTCCAAAATGCGGAGATAGCGATTCCAGTCGCCCGTTTCGCTGCCTTTCCCACCAGGGGGTGCTTAGAGTCTCACTCACGTGCAGAAACTGCTCAGCACTCTCCACGAAGACTTCAAACTAAGAATAGCCGACCCATTCGCACTTCAGCTTACAAGTCGTAAGGACATGGTACGTAGTTGCCCTCACGCGGATAGAAGACCCGTGTAGCGGCGTACTTCGGCCAATTCCATGAGCGATAGCGTGGATTCTGCCACACCATTCCAAAAGGTCACAGTGGAGCATCTACTTGTCCGCCTCCGTTGATGTCAAATCATTATATGGCTGAGACGATAAGGGTTCTTATAGCACTGGCCTAGCCAACGGAGGTAGCAATATAGTGCCTCGCGGTCGCCGTCCCTTCTCGGGTCTTGTATGGCACCAGGCAGGAGCCTATAGTAGCCATATGATAGGTCAAAGCATCAAACTGATGGGATAATCCAACTCGAGAGATTTAAATGACCAAAGGGGGGCGCTCGTCTAGTCACACAGGAGCTGGCACCGCCCTGGTTCGTCAACTACCCCCCATCTTGGCCCATTTGCCATATACAATGTGGAGGACTTTACTCCCGTAAAGCAACGACAGTCCAACCTTTTACGGTCTCGTATTGGATCAGACCCCCTTCCTGTCACTACTCTACGGTGTTTAGTGTACGGGTGGCTTAGACGCCATTGACGGATAGAAAGCTGCGTAGTGTCCGTACGCGTTCAGGGCCAATGAACTTTTGCTTCACGATATCGAGCGCCGAGTCAATTTACAGTCGTCAGTTTGCGCAGTAACTCCAGCCCACCCAACCTCATTTCCGTGGGTCCTACTGATCGACGCCAGACCATTCCGAGGCAACAGACTCGGCCAGAACCCAAGCCGGATTGGGTTGTCTTCCCTAAAAGTCGCCCTTTGTCTGAATCAAGAGTCGTGCTTAAGGCTTACAATAAGGTACCCCTGTTCTTTTATATAAACCGCGGACCTTATAGTCACAATTTTGAGAGTCATCTAGCCCAGAGACCCGTATGTACCGAGAAGCCTTACGAATCGCCAATTCTGTAGTAGTGACACAAGAATCCGAGAGGCAGTAGTAGTCCCACCAAGCGTCTGCATGTTGTAGACCCAGGCGCGAGTAGGATAATAGGCCGAGCGCCATCCTTAGCGAACGTAAATGTGGGTCGGTAATGTAAAAACTAGTATAGCGTGGCGCCTGAGTGGTAGTGTCTTCAGCCATTAACGTGCGTCCTCAAGTCAACCGGTAGGACTGCCACCAGCTAAATGAGACAGGAGTGATACAACAG,1812,51.1,Homo sapiens
SEQ_708468,ATGTGTAAGCACATTCTATCGTCCCCTAATGGCGAACAAAGGCGAACATTCCGTCTATTTAGTCCCATCTAGACACCTGCACTAAACTCTAACTTGGAGCGACTATTCTCGCCACCGCGTAACTTGTTTGGGGCCTCAGCAACCACGTTCAAATGTGGCTGTGAGGGCATGATGGAGGCCAGCGGGTCCACTAA,194,50.52,Caenorhabditis elegans
SEQ_826739,TTAGTGATTACTCATAATCTCTGGTGAATGAGAAATCGACTGCTGATGAACACGCACGGTCAGTCAAGAAATTGTGAGCTCCCTTGGTAGACTAGCCTATACGACTGTCCAAAATAGAAATTTCTCACTAGGTTAGTGTATTAAGAACCCTCCTCAGGTGGCGTGAACATGACATCAACGCCCACATGCAGTGCGTCGTAGCAGTCTGTTTTATCGAGCCTAATCCCTCATTTCTTGCGGCCCACCTATAACGAGCGCAATACAGGTCAGGGGGACGGTCAATAAATTGCCGTCCCAGCTCGTTCGGCGCCGGGGTAGTCAGCTGAC,327,48.93,Homo sapiens
SEQ_883471,GGGACGTGACCCACCATAGTGCACCACTATTCGCTTTAACCTAGAGAGCGATGTGTCGGAAGTGGTAAGTAGCAGTCTTCTAACTTACATCCGATTACTCACCATCTCTCATAACTCTACCGCTCTGAATGTACGTATGTTTCTCGGAACGACGAGTGCTCGAAGTACTTCACTCATCAACGCCAGGCGCCGAGACTACACAGCAGGGTTGGTCTGCGCATAGAGCGGTATTTCAGGCCTACATCAATCTCAACACATGTTGTCCCTCAATGTATCTTCGTTGTGGCCCCGACAAGATACCTGCTAACAGGTATGCAAGTCAGTCAGATGTACCCCTGGGGCGTCACGATT,351,49.86,Mus musculus
SEQ_853131,TGCAAGGCTGCCGGGTCCGCAAGGTACCCACCTAGACGATCTCCACATCGTGAGACGGGACCCGCAGGTCCATCGCAGTTGAATCATCGTAACGGGAACAAATACCCTTGCGATATAACGTGTTGCAGGTCAGACGGAACGCTCTGACTGCGATCCCTGACAACCTCAGCGTGGGACTCTGAAGGGAGGGTTCATCCTGAGTTATACGTACAGTTTGTTGTGAGGAACGGCGCGAAGATCCACGGATGATCTCGATCTAGGTCTAGCTCCAGCGGAATTTAGTGGGTCTTTGGCGAGGAATCGGTATGATTGGAACTGAATCTTGTCGGTGGATTACTCTCTACGTTGTCTAAGCTGTCCATTCCTGGTCTAACCATTTCATGAAGACCAATCCCGTGTAAGGCACGGTTCCTACTAATCTTTGGCAGGGAAGATTAAACGTCTAGCAACAGTCGGAAGTTAAAGCATTACGGACCGAACCGTAAACTGCTAAACCAACTGCCCACGATGCATTATAGTGTTAATGCTGAGAACTTCTCAGCCTGCGTCCTTGTCCCAAACCAGGTCATAATGATATGAGCGCTTAGTCGAGTCTGATACAGGACCGAGATTGACTAATAACGAAAACGTGGACAAGAGCCTTCCGATTCTAATGCGGCTTCGGACGCGAGCCTGTAATATATTGAGACATCAACAGGCTTGGGGGACAACGTAGGGGCCAGAGCCCTGAACTCGCAAGACACTTCCCCTTGGTGCCCATCGATTTGGGGTTTCCGTCCTACTCGTAGTTTGAACTAGGGGCAGGCCTCCTGGTGAGTATTAACTTTTTAGAGAGGCGGGCGAGGGGACTCAGTAGTAGACGACACATCCTATATCAGGAGACCTAAGACGATGAGCGGTCGCCCATCCCCTGTCAGAAGACGCAAAACAAGCCCTACCCATGTCTCTGCCGGGCCTCCAGGGTCGGAGCGCTTCAGCCACGGACGGAAACGAGGGGTGCATGAAGAGCGTCGTGTAATAAGCCGGTGGATCGGTCCTTGTGATCCCTCCTAAAAGCTGGATACTGCAATAGGTGTACGTGCGTCTCCTTACACCAGTTGCCGTGCGT,1108,51.99,Caenorhabditis elegans
SEQ_767332,GGATAAAGGGCCACTCCACCCATCAAGCTCTTTCAGGTAATGGCAGTACGTGGGTGCTACAAGTGAGGTCACGATGTATGGCTGTCTTACGTCTGCTCTTTTAATGATATGGGAAGCCGGCGGGGAAAAAATTTCTGGGACTGGACTTCATGAGCTGGCTAAATACGAGGGGATCTTGCGATTGAGCGGCTTATAAGGGCGGGCGAGCAGATATGACGTCGGCGTTATATGATGGTCTCGAGCTGCTAAATTCACTCCCTGACAGTCCAGGCCTGTGTTGGCACATCAACCGTAGCACGCTGCGAGCATTCCCCTGAGTCGCACGGGTTTCGCCCGGGCTCGATTAGTATGCAGTCCAATCACCGTTTGAGGGCGCCAGGGTACAGAGGTGTTACATTACCTTTTTCGTCTCGTTGGACCTCGAGTCCCAGCATAGTGGTGTTGAGTTCCAGAAGGCGTGGTATCCCGCCTTCTTGACGCTTGTAATGAGTACATCCGAGTTTTCCGAGAGGCGTACAGTTAGATGTGTAACCTTGCCCAGAGTCCTGGGCGGGTTTATCGCTATTGGAAAATTTTACCTGAAGCAGAACCTTGGACTATAGT,603,51.58,Drosophila melanogaster
SEQ_603030,TCAGCAAAGGGTGCCCGCCTTCTGGTCACACCATCCGGTATTATGGGTTGAAAATTGACCGGCGGCCTGCTGATTGGCGGTTGAGATGAGGGTTAAAATCCACGGATGCTGCCCTAATTCCTTAAAAGTTCACTCTATTAGCAATGAGATTGAGTTGTTCCGACGGTATTCTGTCACTGTAAGGTCGAACGGGGACAAAGATACGTAACTCGAAAGGCAAATCTTTGGAAGTACCCAGCCATTCTCACGAGACTATGATCATCACATCAAACCGACTCCTTCTTGTTCGGCACCGTGATTCGAATGTTATTCAATTCAGATTGGCCACGAGCCGGCGTTGTTAGGCGCGAGACGAATCTCTCGCACAGTACACCCATGTCTTAACAACGCGCACATTTATATCTGTACGGCAATTCATCAATTCACAGCACCGGGGAGTTCCGTCACGCCCTGCCGTACAGCGTGGGTTATGTGAATGGC,480,49.17,Mus musculus
SEQ_962507,GATTTGCAGCTTTAGAAGCGAAAGAGTTGACCTACAACATCGGTCGCCTGTGCGCCTCGCGACATTTATAGACGCACATGCACGCAATAGGGCACCTTATTCGAGACAATGTCGAGTCCGCTGCCCGCGTTTCGCTGCCGCCGTATACGCCAGTCCCCCCCCCCTGAATTCCGTTTCCCACACGACCACAGGGTAGGTTCTAAGGCGCACCCCCGAACACGTCAGTCTAGTCGAATTCATACTGAAGTGTGAATTACTTAATACGTACGCAACACTTGCGTGTTGGGAATTGCACGAATCGGCCGTAATCGGTTCGCACTGGCACGGATTACGTTATTCATTACGTATCTTGTTCCAACTCTTTAAGCTAAATGACGGTTTTAGGAGTGACGTCACGACTCTAATACTCTCCCACTCTCAGAGCAGCTTATATAAGTAGTCTGACGGTACTTGATATGTACCAGCGCTGATTCTGCTAGAACTCTGTTCTTGGGAGAGAGGTGTCGCCACCGCGGAAACGTTTCCGTCCCTTCCAGTTACTGATTGGGCTGATCAGTCAGACATGCTATCACCCGTTAGAATCCAAATTGACGGATGTGCGCTACGCAAGAACATCCGGAGTGGACATTCGCATGGCTGGAGGCCCCCGTTTGTAAATAGTATTCCTGTGAGCCCTGAATTCATGTCTCATCCACCGTGTTAGGAAATGTGATGGAGAGGTTCAGCTCTATGCTCATCGTAGCAAGCAGGACTTCTTCGCGTCAGCTGCCACCCGACGTACTGATACCATGGACCTTACAAACAAACGATACCCTAAATCCTTCAAGCTTACGGAGAAATCTAGTAGGAAACAATAATAGTGGACATCCGGATGATCCTGCGGA,884,49.66,Homo sapiens
SEQ_822440,TAGGTCCTAGAGGAAATACGCCAGGCTAAATTCTATAACATATTGGGTCCATTAGGACTC,60,41.67,Arabidopsis thaliana
SEQ_274574,CCTTCGTTGCGGCGCACGTTGACAAATTATGAGAGTTCCACACTATACGATACAAAGGGACGGATCCGATTAGATCATGCGTATCCCTTAAAACCTGTGCGAGATGTCGGTAATATAATATTTTCACCGCAGTTACACACTCTGACACCGCGACAGAGATAGTCATAGATACCTTACCACATTTAGACATCGGAAATAGCTACTTTGAACAAAGTGCAATAAAAGGGAACAGTCGTGGATGGGCTGATGTGGTATTTAGCCGAAGTTTAAAGGCTCCAACACAAGTGGAATGTTATTTACCGCCGCGTTGCAGTAAAATAAGTGCGTATAGTACAGCCAATCATACAGCAAACAGTGGAATATTTTGTATAGACGTTTATAGAGACTCAGGCTCCGATCTGGGTCACAAACGGTCCGGCCTCACAACTAATACTTACTTAAATGTATTTCACCTCCAAGACCGACCGAACAAGGCAGGCCAGGGAGCTTAGCGGTGAAGAGTAGTTGTTTGTCGGTATTGGAATACGTTTTGCGATGATATGGTATATATTCCGCGGATGTTCAGTTAATGATACCCGGAGGTACCTGACGTACATGACCTTGTGCCAATCGCTCAAGGGCGAAGGCTTTCTCACGCCGCGTCCGGCGGGGCCGAATTTTTAGGTCCGGACCGTGTCATTGTTATTCAGAATCGGCAGGGACTTACTCGTGTGTCTTATGATTTTTTGTCTGTGCTTCACAGCGATCCTTCCCGTCGATACTCTTTGCATCTTACTGGCATCTATCCCTAACTCTGGAGTTGCGTTGGACCGTAAGCCTTATACCATAGTTACCCTACAAACTAACTTTATTTAACCATTTGTCCATAAGTGTTTGGTCCAAACCGAAACTTGTCTAGCACAAGTCGTGGGGGATCCGGCACGGTCTGGCCGGGCTCAAACTTGCCTTGAGAGCAAGCAGCCAGTCCATTCAACCCTTTACTGTTAACGAGCTGTATATCCCCAGGTATACAAGTTTACGTGCGTCCATCTGTCTCCGATCACAATCAAAGTGGCAACAATGCAACTCGCCTTTTTGTACTTTAATGTTACTAATGCTAGGGAGCCGTGACTGGAAATGGACATTAGCGCCGAATCGCACTGTCAGGGGTTCCTACCGTAATCAAAGCTTAGAACAATAGAGTGGTGGGATACCTAACAATTGCACCGCCAACTGCTAGCGTCCCGAGCACGTATGATCTCATCACGCGAGATGGCTAGATTAAAAGAAGATAACCAAGCATCAAGCGACCGACCCGAGTCGAGATCGGAATATCCCCAGAAGGGGCACAACTCCAAATTCCAAGTCCTTTATTACTAGCCTAATGACGCAAA,1373,46.32,Escherichia coli
SEQ_224908,AGGGCTCGTGGCGAGACGAGCATTGCGGGAACAGTGACATGGAGATAAGTCCTTTCCTTATTTGTATGTGGGCAGCATCTTTGTGTTTGAAGATCTAGCAGAGCATGACTCATCAGCAGCGAATGTGTCACTCGTTAGGCATCTCGGTTCACTGACGAGATTCGTGCTCTCCATACTACCCTAACAAGTAATTGTTGGCGTCACAAGTATTCGGACAGGAAGAAAATTGAAACTCAAATACAATCGCCCGTAACCAACACTGGGTAAACGGAGCAGAAAGCTCTGATCAGGGAGGTCGTCGTGAGATCTCGTTCGAACACAAAAGTCGTAGCGAAAAACAGTAACACCCCGATCTTTACGCATGTGGTTGCGTTGGAGCGCGGTACTTGCGTATGTGGCAGTGCTGATAAATTGGCTGTTATGCGCCCGTCCAGCTACCAGTCCAGTCATCTACGTACGGTCCGCGTTTCCTTTCGCTTCGTCGAGCCACGACAACTAAGGGGCTGGCACTTACTCAGAAAGGACGTTCTAACACCGGTCGCCTTCTTTGGGCGTAGTTCAAGGATGGACACCTAGGTAAGACGGATACGGATTACAAGATCGGGCGCGCCGTTCCGGATGCTTATGAGTGAGGACACACTCTCCAAGGCAGCTTCGTGAGTGGGTAACCTAACGCGACCTCCCCACAGAATTCTCGTGGTGGATTGGCATTTTATCATACGTTGAGGGTCATACGTACCCGACCGACCTCCGGATTTATAGGCTGGCCATCGATGAGCATACCGCGGCGTGCTCTAGAGAACTCTCTAATTCTATAACGGACGGCGTTATGCGCGCTCATGCTCTCTTATGGGTAACATGCGACGTTCTTTTCCCGCGGGTGTGAAGCGAAGAAGACATGCAAGTGTCGCATAACCGAAGTTTCTGCCATAGGGGACGAGACTAGCACTCGAGGTGGCGTCAGAACGTCAATTGGGCTACTTGCCAACTTGGCTCGGAAGCAAATAGGGTGTTGAGAAGTAGTGGAAGTTGCTGACACAACTGGCGGAGCGCGGCGAGGAGGTGTCGGGTATTGGTCTGGTGGAGCACATAGGTGAGCTTTGATCTAATAGCGTATCCGGCTTGTCCTCGAATAGCTTTCGCCGAATTAATGGTGGGAGCCCAGGCTCCGGGTT,1175,51.74,Drosophila melanogaster
SEQ_830533,GAAGCGAAGCCCCTTGAAAAGCGTTTACAGCGAAACCGAATAGGATTCGTAGTTTGCGAGCTTATTAGGGCAGTACCGAAATATCCAACACGAACCTTGCACTTTACGCCCACGCAAACCCGAGTATTTAACGTCTATAGACGCCCCGGATCGATTGCAAGCTCTACCCGCCGGCGCACCTCGGATCACGGGTAAACGCGCAGCGATTTGATACGGGCTAAGCGAGGTTCGCCTGATGGAGACAAAACCTTGATTTGAGTGTTGATATCCTTGATATGACCCGCTGTGCACTCATGCGCGTCTCCTCTTATAGAATGCGCATAAGTGGTCCGTCGGACATCCTACTCTCGCCTCTATCGCGACTCCAACAATCCGTGACAAAGACGTATCAAGGTATTTTAATTGCGAGCA,411,50.36,Arabidopsis thaliana
SEQ_250709,ATGGATGGATATACAAACTTAAACCCGTAGGATAGTATCCTATAGAAAACGAGCGGGTTCGCGTCGCGACAGGAAGATACTGCAAGAATTTAATACATGATTTCCCCTCAATTGCTAAGGTTAGAATTGGTTACCCAGGCAGAGTTACGTTCGCGGATGGTCTGGTAAACGCGGACTACAGTCTGAAACGCTTCGCCGATCGTGTCCGAGATGGTTAAACAGGACCGAATTCCAATCTTATATCGGACCGTCTCCGCCGTTCCGTAAGGCGAACCGTCGTATCCGCCACTTAGTCTTACCGTGCTTTTCGGTGCATATGCGTTAATCAGCGTCGGGGGTTTCCTCCAATTGGCGCACTCGCCTACTTTGGTTTATTGGACGCAATTTATTAAGACTCTCCCTCTCTTTAATCACTTAGCTAATCCACGAGTGCGGTAAGGGTTTGTTGGCACCGATACCGTGCAACAAGTTCTAAATCCGTACCATGGATATACCGACACTGACTTTTCGCATGATCGGCGGCATCAGGGGGCACTACGATGTGAACGCCTACTCACTGTATTAAAGAGCTGGGAACCAATATTGCTGTGCGTGCTTTTGCGTCCTATGGGAATAGTGGCTGGTATGTTACGCTTGTACAACAATGCAGCAGTGGATAACTGGCCTTGTCGAGGGTTCTCTATATGCGCCTACCAGCCGTGCAAACGTCTGCCACGGTAATTACGCGGCATAGTAGGCTTATCAAGTAAGAGTCCCTACGCTTCGTCATCTGTTCAGACCCGGCGAATGTTACTACGTGGCCCTGGTAGTCGTTTTAAACGCGAATTCTACCGACCGGCTCTCTGATAAACGTTGAGCTACCAGACTGGGCGAAAAACTCGCGCTTCAAATGGCCACAGGTGGGGTTGAGCATTAAGCATGCAGACGACAATGCGTGTTTCCCTTTCAGAATGACTGCAATAAGATTCAACTCTGTGATACGAAAACTCTAGTAAGACCCCCGAATGTAAAATTCCACCTTCATCCCACCAAAAGTTCAAGTAAATAAGAGACCCTGGTATCGCTGTTGGTGTCATGAGGGCAACTGGATTCAACCCGGACCTTAGTGAGTGCACAGTTACTCAAGGCGGGTCGCGTACAATCTCCTCGAGCGTGGGCATCACATGTGGACTATCTCTAATGGAACGCGCGTCCGACCATCCTTTTTATAGGCTTGGATTTGATACGGCACCAGACGGTCGTGGGAGGAGGAAGCTCCGAGTTGACATGCACGTTTCCATGCCAGACTAAGCTCAGCGTCATTGCTCTCTCGCTTGTAGTCCGAAGAATTGGCTATTGCCGTAGACTTTGGCTCTGTCACGTGTTTTTCGGAAAATCCGTCTACAATATGTCTTTACACAAGGTATCATCTCAACGAAGAGGTCCGGTCCTCTAAAACTGGCTACCAAGGGGTGGACTTTCTATGTACTAGTTTAAATGCCGGTTCATCTTGAATGGTGCCTTTGACAAGTGGTGGTGCTATTCACCTTGTATAACCGGCAAGTCGTGGACATAGTTGGCACAGTCGTAACCGGGTCTCCAGCCGTCATAAGCTGCTAATAACGCACCATCCACGCTCTGAGGTTCAGGACATAGCCATCTTCTGTAGGAGTTTCCTCTGCTCCATGTCCCCGACTTTATAGTGACGGTACCCTTGTGACGCATGCTTACTCTAAAGTCTCTATCACTGGACGTGTTTTCATACGTGTCGGGAT,1754,48.69,Drosophila melanogaster
SEQ_781540,GGTTATATCGGCATTCATCCCCCCGACCTCAGTCGTCTCGACGCTCTTTGGAAGGCAGGCTGGGCTCGACATCAAATATTACACGCGGTACGTTGTATTTTCACTTCCACGCGCCCGCGTTTTATTTACCTGTCAGGGCCACTGGTCGAAGATATGTTCTGGCACTACTCATACACGAGTACATGCACATGAACTTCATTGTCCGGTGTAGCACACGTAGCGACGGCCGAGGACAGGCTCTGCATCCTCAGTAGTCGGTATGAGCCATTTAGCAGAGTCTCCTAATAAACAGAGCCATATAGCCCCAGGCAGCATCCGTATTTTGCGGTTAAGTAGCTCGAGTCCATGTAGCACGAGCATTTCTGCAGGTCATTGTTACGATCCTGTAAGGAGCTGAGATCTAGTTATGCTGAGTGCTTTGCAACCAGTTACTAAAAGCTATTACTCACAATTTATCGTGCGTTTGTCGTCGAAGTCCCTCGGAAGAAATTAATTGAGCGGGCAGGATTTTTATTTAAGAGTCCGACCCGACCCTGACTAATAAAATACGAAAATCTACCGGTGTGGCGCGAATCGTAAAGCATCCTACACTATGGGGTCCTCACGCTATTATACGGAACCGACTGTGTATTCATCGTCTTGAAAGTACGGTATGGAAGAGATGGCCTACTCGTCACCATCGCGACTAAGCCTGAGTTCCAAAGTTGATACCTAAGCCCCGGTACACGGCACAAGCTTCATTAGTACGTCAAAAAAAGTCCTTCAGTACGATGGATCTCGACTTCTGCAACTATGTTGTTTCGGACCTGACGCATTGTTATGGAGTAAGTTACCTCATACCGGGATATAGGCGCGGCCAAATACACCATTCTAATGATGCTTCAGGTATCTCCAGCAGAATGGTTAGTTACGCAGTGCTTAGCGTTGGCACTTCCCCGGGACTGAACCATCAAGGGAGGGCGATGGATCGACGGGGTCTCGTATTTCTAGGGTACACCCGGTTGACCTTACTTCTTGTCAGCACCAAGCGGCGAGATGTCCTTTTATGACTCCCTTACGCATTTGGCTAATAACGGTTCTATGGGGGGAATCGCGATACTGGATCTGTGGATGATCACGTCTGTACCATTAGTTCTCCCGCTTCATGCCATGTCAGTCGGGTTATTTGCGAGCATCCCACATCTCGTGCACACAAGAAAGTGAAATCAGATTAATCAGGAGGGATTCTATCCTAGTGAGGGCTTATAACACTTCATACGAGTACTTGCACTTGTGTAGGTCGAATAGACGGGCCGACTGACCACTATGCGTTGACCACGTTGCTCTGACTCAGTTGCTTCTTACTGCGAATGGAGTAGGGTCGCGTCTTGCGTCCTCGTAGCCTTGAATCGTTCTTTTTCGCAAGACTCAGGGCTTCTCCTACATTAGGACAAGATTCGATGAATTCGATCAAGGGGTCTCACACTCTCGCAGCCACACCCAGCTCTGACCGGTGGTCGCTGGATCTTTGTAGAGCTACGTGTAGTACGTAGACCCGGTAGTCAGGATACCGATTAGGGTATCCTTAGAAGATGACCGGATCATAATTAAGTGTAACATTTAGAGGCCCACCTCATGTCCTGGTGAAGGTCGGTCAGCCTCAAGCCTGCGTTTTCGGCCGCGCGTAGTCCGCCAGTATCGCAGTTCCCTCACCGAGAGGCTATGTGTAAGTCTTCGGGGTACGTGGTCCCCGTGCAGTTGGATTCCGTTACCCGCGTTTCTTAAGGACAGATAATCACCCCATTCAATCGCTGGAACCGCTATTGTGATGACGTCGATAACATCTATAATAAGATCGTGCCTGGATACAGGTTCATTAATATCCCGTGGGTTAGATCCGCACTGAAGACCAGGACCAAGCCTAGACACC,1909,49.24,Saccharomyces cerevisiae
SEQ_293576,TGGGGTTATGGCGTTCCGCTCGGATGGCGCAGAGAAAGTACTGCACCGCTCGACAGTGCAATACGACTGGGAATGGGAATATGCAGCGCACTGGGGGACCTAACCGCGTGTGGTCTTTGTACTCGTAAGATCCCGTCATCATCGTCGATTCTATACAAAAGTGGAAGCAGCCCACCATTCTCTACTACAGAGTTTAGGCGACGGAGAGTTCAAGCACCCTCATCACGTTGCCCGCTCGATCGAGGATAGCCAATTCGTCTATGAAGAGCAGCCGCCAATATGAGGCGAGAGGGTCAATGCATTGAAGCATTTTGCAACCGACGCCGTATATCACCTAAATAATATCGTAGGGGCTCAGCTCGCACTCAAGACTAGAGATTGATCACCAGCGACCCTCAACCATATGACCCGGTTCACATTAGTTGAAACTTCCAGTTGTGAGGGGTTTAATGCCACGTGCTGTCTTCGCGTTAAAATTTTTCTTCTTCGATGCAGTCGAAAGGGAGCCCCGCTATCGGGAATCCTGAGACTGGCTCGCTTTACGTAGTCACGCTCTGAATGCCGTAAGAGACTAGGGTCGCCTGTTATGAGATAAATGGCCTTTTTTTAAAACAAGCTTACAAGAATTTAGAGCCTGTGCGGTTCATCCTGCCTCGGCGTTGATTGGTCGTGTTCAGCATTCACCTTTGCAATTTGAGCACTAACGCAGCACGCGTTGACGTTGCCCTAAATTTCCAAAGCACCGCTCGGCGGTCTCACTCTGCCGCTCCAGCTCATCCACGATCAGTCCCTAGACAAGACGCCGTTGGGTCCCCTTTCAAAT,823,50.79,Escherichia coli
SEQ_581526,ACGGTTATTGCAGAGGACGCACGTGAGGCGCGCTATCTCCTCCGCACATTGGAGACGATTGCCTATACGACTAGCCGGAGGAATAACTGCGAACGCCGGGCGGCCCCGAAACACAGTCTCGAGAGTTCCTGTTCGCTGTTTGCATCGTCAACAGTAGATTTGTCGCTACCCGTGATGTGACTAAAAACTCGAAAGTCTAATGGGCTGATAGGTGGTAGTTC,221,52.94,Caenorhabditis elegans
SEQ_169732,TGCACTTGTCGACGAAGTGCTAAGACCCTTCTATGGAGTTATGCCCGAAGGCGTAGAAGTAGGTTCGGTGTAATGACCTACAGATTAAAAAATGCGGGATTTTTGTCACAAGAAAGAACGACCCGGGGAAGGCAGGATGTCGACAACCGGCGAGATTGCCATGCGGCTTCCACAGTCGTCCGACTCTGTCACGGGGCGACATATTAGTAAGGACTCTATAGGTGCTGCTTAGATTGCTGCATGTGGGTGCCTTTGAATTATTAAGTCCCCATATCTAAAGGTATGCGATTTTTACATAATCGGTGGGTTGGATCGATCCGATCCGGCCCCGCGTGAGGGGTGCTGGGACCGATTCGGCTGTCATCCAGATGACGATTAACCAACA,385,50.13,Caenorhabditis elegans
SEQ_400118,ATTGACCGGTCTTTCCTTGCCAGTTTGCGATAAGTACCCGAATCCTTCAAAGTGAATTCTTGCTTACCTGATTAGAAATAGGTCCCTGGACTATTCGACAGCGACCCAACCATATTGTAGTTATCTTCCGCGGACCGTGAACCCACGCTTAAGTAGCAGATTTGGACGTTCAGACTTTGGCGTAGAACTATGTCTTGGGTGAATTTCGGTTGTACCGTAGCCATAGGAAATGTCGTGTGTTGCATAGTAAAGTGCCACGTGGCAACTATAAATACGAGAATTTAGCCAATTCCATCTACATTTTCCCAGGAGGGGGCACCACATGCGACTGCAGAGCAGCTAGCCTATGGCCCGAGTGTAATCCCCCCAGATGCAAAGTTTAGCTCGGGCACCGGTTAATCACCTGAAGCGGGAGGCGTGGATAAGAGATGGTTAAGACTCCTCTCGGGACCCTTTTTTTAGCACGTCAATCGGCGCTCTACCTAACGCACCGGATAACTGTCTGACTATCACGCTTACGTATTTTCACGGCATCCACCAACAGAGTCGTAATCGGGGGTGCTTTCATTCAATAAGTTTAAAAATCAAAAAGGACGGGGATAACCCCCCTCTGTCGGTGGACCGATAAGGTGGAATTTTGGATAACATAGTTAATCACCTGCCATAAGTGCTGTAATAACTTTAGGGGCTCGATGGCTAACGGAGATGGTTCGTCTACGTGAGAGCTGTTTCAAATCTGGGCGTGAGAAAGTGTGGCTGAGTTTGCTAGGCAAGCGCACTAGGGTGCCTGAAACTACAAAGCGATGTAAGTCCCCCGGGCGTGTGGGTTTAACCAGGTAACGTCGACGAATAAACGTATGGGCTCGGAGTCCATGCCATCATATTCCATTGTGGGCCGCAATTTGCACAATGTTCTACGGGATCCTTAAACGTCGCGATCTTCATTGACGAATGGTGCCTATACCGATCATCTAATTCGAAGCCAATGATACCATTCCTAACCAGTCCGTTAGACCTGGCTTCTGTTAATTGGTGTCAGAGGATAAAAGGTCGTCTATTGCAGACCGTCTCCATGGGGCTATCAAAGATGTCTAATGGCCTAGTGTCCAGCTCAGGCGTGAGGTGCATATGATACGTTTCAGTAAGGCAAACACTTTGCGCTAGCAGTAGGTAAGTACCGGTTTGACCGGTTCACGACACCCGTGCGCTCTCTGAAGTGCGAGGGGTATAGTTGATCCATGGTCACATGATTGCGTTCCCGGCAGCGGGAGGCCCATACCGAGGGATAAGTGTCTGACTCGATTATAGGTCATTAGGATACTATCGGCTAATCATGCGCCAAAGCAGGCCACGCATGCTATGCCTCGTGTAAGAATCTGTCCGCGTTCCCTATGCAACTGCCATCTTCGGGACTTCTGATAAGGAAATCGTAAAGTGTGAAACGCGAGGTGAAGGTGCGTCTCTAAGTTGTTGGGCGTTAGGTTTAGAGGGCTAGATTGATGGCGCTGTGCCGGACCCATCGGGAACGAGGGCGCAATCTGCAATTCCATATGGGCATTTCCGATTGCGAAGATCCACGGCGGTTTAAGTTGTTCAGTACGCGAGTAAGCAGTAACTTCGTATAGGACAAAGCAAACGTCCGAGTGCCTAGGACTTAGTACTGGTGCACTCATAAGACCCGTTGGTCACCTCCTCATAAATCTCAATCAGCGTCTAGGGCCCCAAAAGAGTCTCCCTCACCGCATAAAGCAATGCAAGGCATCGTCACCTCAACCCAGCTCATGGTTGACGTATCTACGCGCGGCTCAGCTGCGGGATATTGCCAGGACGGTGCCTATGTTGGATGACGTCACGTTAATGAGCCGTGATCTTCGGAACTGACCTTGTAAGACCTCATAT,1899,49.45,Caenorhabditis elegans
SEQ_994879,GCAAATCGGAAAATTTCGTTTGTTCCCAGTGATTCATAACTAGGGTTACGAGACACTTGGTTTAAGAGGCTTGGCGTAACCTAGGTTGGGTGTGACGGCTCTAATGAGCAGGCAGGACGAATCGCTTGCCGCCCCTCTATCCGTGGTTAGCTATCCCCTTCAAGACAAAATTTGTTGCGCTATTCGTACTTCGAATGGTCCGATCCTAGATTTCCCTTTAGCATCACGATCAAGGAAGTCCCCAGAGGACCAGACAAGCTATTTTTGCGGTGTGTTAGAACCTAAGAGGATGCCACGTAGTTAGGTAAAGAAGTCACACCGGATAATATAGCATTATTGATACCATAGTTCTTCGCCGAGCAGGGGTGTGGGCGTGGATCGGACCGTCGCGCACGCCAGAACGTTCTGCCGTAAAAGTCTAGTACGGGTGTTGAGGGCATCCCCATACAAGCCGGCCTCGGAGTGCCTGCGGGTATCGACTCTGGTCATTTGAATCTACACAGTGAGGCGGCAACACTAGCATACGTTACCTAGTGCTCCGGCTAGGGAGCTGCTGTTGGTTGCGGAGTCGTTCGGAGAACTCCACTGCACTAGGCTAGATACCCATCTGCACCGAAATAAGGCAGGATGATTCAGGTCACAAAAAGTCGTCTCCCCGTACTCGATCCTTTCGCACTTATTTCTCGAAATAAGTTCCCCCTCCAGTGCTCGACCTCCATCGTAAGCATGTTCTTAATCAGGCGCTGTTCGGTCATGCCAAGGACCGCTGGACGGGCGTTTACTACCGTAGCATCTTACTTCCGCGATGGGACCGAGCAATCACAACAGTTTCACAATAGGTTGCCTGTAATTATTACCGCTATATCTATCAGACAATCAAGTGGTTAATCCAGCGGAATCATGTCCTCGGATCAAGGGAGCGTGGACATTCATCCCGTCGCGTGAACCATCTTGGCCGTCCTAGTACTTATTCGGCGAGAAGTAGCGAAAACTGGAGTGTTGAATGATATCTAATGCGTTCTCATGCCTCTGCCCTTCCACCCCACGTCGACAAGCGAGGGTGTACCGGGGTTTGCCCGTGTACTCGGTCCGCATATAGTAAGCGAGACCACGACAGTAGTTATATCAGTGATCGCCCGTCGCGAGCTATTCCTCGGCTGATGGAGTCTAGGTCCGCTTGCACCGAATCCGACCTAGTTTGATCTGACAGATAGCTTATTAGAGTACACCCAGTATTGTTAGCCCCGACGCAATCGCTGCCCGATGGTGGAATGTGAGACCTTCAGAAATGTATTGTCAGTTACGGATTGGCGTGACTGTTAAGAAACGGCAACAGTAAGGAACTCACTTTTAAAAACCAAAGATGCAGCTTGGGTGCGCGCAGTGGATGTCAACCTAAGACTCTCCGGTACGTTCGTGGCGTTCGGCCTCTATTATGGAGCGTATTAGCGGTAATCCACCTGATTTCACCCATCTACTCTCGAGCTTTGACCAAATCACGGTGAGCTTAGGATCGCTATACGGTTCGGACGGATAGGGTAAGACTCGACAAGGACACTGATCGACCCATGCCGGATGATCCGTTTGGGGGCATATACCTATGACGCCGGATTTATCGCCGTGCATGGAGCGAGGGTTGGAGATACGGGAATCCAGCAGCAATTTATCGTCTGGGGTCATCACGCGCTCAATGCAAGTGAGCCCCGAACTGACTAAATCTTCCACATGGGAAGATTAAACAACAAGTCGCGGGTGGGATGTCGGATGGTCCATGTTCCCTACATTAGAGACAGAGTGATGATGAGTTATAGCGAGTTTAGTGTAATGTGCATCGTGCATGCGGACGTTCTCCCGATACAGTGCGT,1865,50.62,Caenorhabditis elegans
SEQ_931036,TATTCCGCCGCGGAGAATAGAGACCGGGTGGGACACCCCCGGAATTGGAAGGTTTTGCTCCGTACATTACCCGAACGCACGCCACATTCAGTGATGCCGGGCTACCAAACGTCGCACGATTATATGCATAGTATCTGGAGTATCGATTTGAGAAAAGGCCTGTAAGGTGAAGGCACCGAGAATCCTCCTTCAGTTAAGACGTGCGTGTCGGACCTTACAGCGGAAGTGTGTTCCGGTGAATCGTTCTCTTGTCACAGACCTGTGATCACGCTACCAGCTTCTAGCAGCTATCCTACGAGGGTCGCAAGGTAAATGTAGCGGCCCTCTTCTGGTTTTCAGGTAGGTACCCTATTGTTCCTGATTGCGCTGCAGAATGCGCAAGAGGGATGACCCAGCTGGGTTACACTAAACGCACGCCACTAGGACACAGCCAAACACCCATATCACTTATCATGGCATCACGGTATATGGTTTAAGATCCCTAAATTTAGGGCGTAAGCTTGCTACTACAGGTGGAGACAGGGCCGGTCAATAACCACCTTTACTGGATTGATGCGGTTAGTACGTGGAAAATAATCGAAGCTTAATAAGAAACTCTTTGAACCTGATGGGGGGCTAATTGTAGATTACATGCTTTAAAGATCCTCGTGGCGTGTGCTACACTAAGCTGCACTAGTTCGAGGACATAGGCTTTGAAGCGACG,703,49.36,Mus musculus
SEQ_820589,ATGCTCGGGCCGAGACAGCTAGGCTGCCCACATTTAAGCATAAGTGGTCTTTCTGCTGTTAAGTTAGCCGCCTCGCATCAAGCCCGATACGAATGTGGATGCCTCAGCAACGCCAACTAAGCACATCACTTTTTGTTGTCGAGGAACACAAGTTTGTTAGCCGGGATCAAATCATAACCAACGCACCGGGGCCGCGTCCCCTACGTACCGTAACGCAATTCTCGAGACTTATAACCAAATGACGCATGTTCGTAGGTGTTCACAATTGACGTCCCCTTCCGAACTGCTCAGGCGGGCTGCATTATGTCGCGGACAGGACATAAAGTGTCTGCTGAAATAAAAAAATTCCTGAAACCGGGGTACGAGACCCATGCATAGGGCATCCGCGACTCGATCTTCGAGTGGTTGACATTCTTAAACCAGGGCTATCTTACGACCGTATGAGATGTGCATCCACATCCACGTATAGGCTTGGAGGCGATCATGATCAGAAGCGGCGAGCACTCGCCAGACAATTGGTGGGGATCGGAGCGTGCCGGCACATGAGTGTGCGTAACCCAATTAACTGTACGGGAAAACTAATGATAAAGCATGAGGTAACGTCCATCACATGGTTGCAGAAATCCCGTAGTGGATGACTTGGTAAGGACTTATGCTACCGGGAATACTGCACGACTGGGACCTCGGAGGGGTCGATATCCGCGTACGGGCAAAGTGTACATCGAGCGTGGCACGGAGCTAATCAACACATCGGAAAATCGGTAGATCGTTTGATCATTTCGAATTGCGATGGCGCTTCTGACCAAGCGGATTTGGTCTAGTCCCATAATAAATATTTTAAGGCCTGAAGTGGCCTGTTATAATCAGGTGACGCTGAGATCCCCGGATGAATAGCGCTACCTTACCTGGTTCGAACCATACTGAGATTCCCTTAGGTCACCGCAGTTCGACATCACTTGAAATTATTGATGGGGCACATTCCGCCAGTTCGTAGTTATTGTATCCACCGCCGAAGGATACTAACGGGCAAATTGGGCGTGACGTCCCCCTTGTGACTAAGAGACTATCCTGTTCCCACTCGTTGCAAAGACGAAGGAAGAAAGCCATATTCTGATCGCACCACATCGTATTTGACATTGAAATTCGCGTTCACCCACAACCTTGCTAGAGAGCTGAAGACCATGGCCGACTAATTAGTTGAAGTGCCAGACTTGCACCGAATACTGCAGACGGGAGTTCTAGCGCATTTCAGCGACTT,1258,49.68,Saccharomyces cerevisiae
SEQ_105670,ATGGAGGAAAGAATCACCCCGGCGATTATGTGTGTGTAGTTAACCGCACCCACAAGGCACTGTAGAAAAGATGAGAGCATTGCTCGGTGAAATATGCGAACCCTCTCCGAGCACGGAATCGCAGCGTATACATTCCACAGACACGCTTCGAATCTACGTAATCCACGCGGGAATAGCGGAAGCCGCTAACGATAACGACAGATAGTCTTATTCCCTGGTGTACACAGGATTAGCAACTTGTTAAGTGCTACTCGAAGCCGCTAGACGATAAGTCGTTTTAAAATATTTAACCCCTGCTATCGTTGAATGCCAAAGGTAACAAGAGATATCCGCGTGAGTATGACTGACGCATGGAAGCGCTTGCAAAAAGGTTGAACAAAATTATTAACGATATCACTAGTTGTACGGATTGCATTTAAGAGAACCTAAAAAGGACCACCGAACTAGTTTGATGACGAGTTGCCCAGGCCTAGTTCTGAGTCCCACAAATAGTTGGGGGCGGCAAGTGCTCCATTAAGCCCGCCAGGTCCAGAAACGGAGCATCTGGAGTCTGTTCTATGGTATCTTTCCGGTGCCCTCTACCGGCAATAGGATGTGTGCCGATCGCACGGAAATTTCATTCTATAATAGTTTTTTACGTTATTCTGTTAAGCAGAGTTCTCGTGTAACTTACACTCTTCACCATGACGCCACGGCTGCGGTAGTGACTGGTAAGTCCCCTCCTCGATCCAGTCGCGACAGCTGGCTCGATTCAGATTTGAGGGTGCGGGCCGAGACCACCGCTCTCTTCCATTGCGGTAACAGAGACCCGAATCTGCCATTGTGTCGAGCAGTTCGGGGAACTACAACCGGTGCGGGAAGGGCCACTGACACCATATTATCCGAGGAGTTAATGTGCGCGTAATGAGAACTGATTAGACCCCCAATCCACTGTCCCACTTTGGTTAGTTAAATTCACTTGCATTAGCG,969,48.4,Homo sapiens
SEQ_800019,GGGGGTTCAGACTGACGTGGGGCGGCCTGCCAATTATAGTAGCGTAGTCCCGGCCGTACGCCTCATACGCCATTAGGACGTTGTGGCAACAATGTCGTGGTACGCTTAAGATAAGATCGCGGATATGACTAGATGCCGCGATGTCCGGAGACGGTTGAGACTGCACACTTGAGGTAAGTAGTTGTCCTACTCTTGTATATCCGAATTATTTCGCGCAATGAAAATTCTGACCGTACGGTCAACATTCCTTTGCACGGCAATTTTCCCTGTGTGGGAGCTTTCTGCCTCGTGTGTTAATGAAGGAGAAGTAGCGAGAACATGAGGGGAGAACGGATCAAGAGCTAACCTCAGCTGGGTTGGATTTAGTAATGGTTTACCCAGAACATGGGGCAACCACTTCTCTTTTGTATTCAAGATAGTCTTCGCAC,428,49.07,Saccharomyces cerevisiae
SEQ_531663,GGTTCCGGCCTCGTCATGGAGTCGACTCTACCACGAAAATGTGTTACGTTAAATATGATCGCATACTACGCTTTGCCGTTAGTTCGTCCTCCGACGGTCACATTTTAAGCGAGTGATTACACTACCCATGGGAGATCCCGCACTGTAATAACACATTTCGTGGCAATCAGAAGTGTCAACACGTCGCGCGGTCACCCGCCTCTAGACCGTTTTCCGTGATGAGGACGGAAATGCGGGTCTTAAGATACAGGGACGTACTGACGAGACTTAATTCTACTTGTTTGGCTGCTAACGCTCCAACCAGGCGCGACTCATTGGATCGTTGGATACGACTGACTACAAATTCACCTAAGAGTGATATACTAGAGGCTCGGCGATCTCGATCGGGATTATGTCTCCAAATAACTAGGCCTTAAAGCACTATATATCTCGTATAATGCTGCGGTCCAGGATGATCGCGAGTGCGGATCGCCTGGTTGGCCATGCTCCTCATCCGCAGCGATTCATTGGGGACACACGTTGTCCATCAGCCATCAGAGGTCATAAAAACCCGGTCCTGGTAACTAACCAACGACTGTTAATCTTGAAAGGCACAGCCGCTTGGCTCGGCGAAAAGAGCGAATCGACGCCATATCTATCGAGGATCCGACCGGCGAAGAAGGGTATAAACGATACTCCAATCCTCGACCCAGATAAACAATGGTCGCAACCGGAGGCATTTGTTTGGCAGCAAGTGCGTCGAGATGAGCAGTACCCCCAGATAAGCACTACCGGGAGTTTGTGCAAAGCTGATTCCCACCGATGTCCACCGTTCGAATTTTTTCTCGAGAAATGGGGCACCGGTGCAGTGTGTCACCGATTGCCCAAGCCCACCCCCAAGGCTTCAGATCCATACGGAAGAGAAGCCCTCTCTATAAACTTGGGACGTGGGGAAGCCAGCTCCCCTTATCTTCAAAGACCGGATGTCGAACGGGGCGCTTGTCCGTTAGTTCGGACCACGACGGGACTAACAACGCTTGCCCTCTTGCTTAACCATCACGACGCGCTAAAGAGATCGGGGAGGGGCGAAAGAGCTCACAAACAATTGTTTAACCACTATAATTTTCCAAGGGGCGGAAACCGGAGACAGGTTGCCCTCTCCCGATCGGGCAAATTAGACCATATCGGTTCCCGAATCACACTTTGTAGCGAAGACCGGCGGATGCCCGGAATGCCTGCCCATACTTCGCTTTCGTCGCCGTAAGTCGCTTCAAACTTGTCGATGGCACGGCCTGACTCTTCGTCCAACATTGCTTCTGTCTGAGGGGGATAGCCCAAAAGGTTCCGGATCTGCTCGCCTAATAAGGCCAGCGATGCAGATAACACAGCCCCGTTTGTTGGCCGACAGTACGCGGTTTGAGGCGACCGTTCTGCCACTCCAGATAAAAGGGGCCTTTCACATTTTAGCCCAACGGAAGCGGCCGCATGAGCTCACATAGCTCTTAGGGTGAATCGACAGAGTTTGGTGGCGACAAGGAGCGATGCTCCCACCGTCATTCGTGGTCTCAATATAATGCACTGAGCGAAAGGTAGACATCGGACT,1582,52.15,Caenorhabditis elegans
SEQ_732958,AGGCCTTCGAGACTGGAAATTACATTAAAAGGGTGATAGTGCCGCGTCAGACCCATCATGAGACAGCCCAGTCTAGGGTTCCCGGACGCTAATCAATACGCCTCCAAGTACAAATATTACACCTACCTCGTGTATAACGCGGTTTAATGGTGAAGGATCCTATGTTGTACCGGTGCGTCCGGCTAAAGGCAGGTATCCGTGGCCCTCTTGGTCATACGGAGATCGAAGGTATGGTTA,237,49.79,Mus musculus
SEQ_227264,ACGTAACCCAGTCTGGCGTTTTATGCGTAGCTGACCGGGTCATATCGGAAATTCACCGAACCGAAATGACATGCAACGTATCAGTGGAAATCTAATGGACATAAAAACGTATGACCAAGTCGCAAATACACTCATCTGCTAGAATGAGCAGCGCTTCGCTTTATCTTACGTGGCCTTCCTCTAGAAGCAGTAATATAGCCCTTTTTTTGAGCCGCAGCATCAATGGTGGGTCAATTACGGCTAGCATGCGCAAGCCAGCAGACCAACCCTTGTAATCAGCTGTGCGGCAACACTTAAATAACAGTGGCGGTACGATCCCCTACATTAGGGACAACGGTTCCGGAGCGGCCATCCGCGGGTAGAGTGTATTTAGTGGTTTGCCTCAGATGGCCCGGAGTCGAGTAAGGAGGCTCGGTAGGTCTATGGAGAGCCCCCAAGTTTCCTATATCGTGCCGGTTCTACGTTAGATGGGTTATTGGCAGTTGCCCGATACTCTGCATTCGACGTAGCCACACTCCACAGTCAGCTTCTCAAGATAGGCGTTGCTGAAAGAAAACCAAGTGTGTAAAAATGCAGCTCGACAGTGGTTACCGTTTTTCTCGGTTGTGACTACGCGAACAGTCTAGGAGCCTGGGAATCGGACAAGCCCTGCGAGAAGGGGTCGTTGTCCGAGTCCCGGCTCACGAAGGCATATCGGGGATTGGCGCCAGATAACTACCCAAGATTCACGAGCAGATATAGTGGATATAGAGACATTAGAGGACCTTGCAATCAGAATCGACGTTAGTAAGCCGATAGCGCCATGCTTTCACCATGGATGAAAAACGCTCGGGTTCCCCTCGTGTGGAACCCTGACGCGGTCACACTTTGTGGTATGCTCGGTACATGACCTCATGGTGCGGCCATAGTGGCCAGCGCACCATGTCCGATCGGGTTGCGTCCTCAGGCCGCCGACTGAACCGCCAAGAATAGCGCTGTGACTCCGGAACACCCACTATCCCTCTTGGGGATTTATTAACACCGCCTCGAGCCGCTGTAGGACTGTCCGTTGCTTGGCCTGCCCATGTCGCAATTGTGACCGCTACAAGTCGAGTCGGATCGGTCGGGAAACCATTTACCAAACGACACATCGAGAACAAACATCGGGGGCAGAATAGACACATCTTGGGACCCCCGGTGGCAAAGATTTCCTTGATATACTGTACTTAATAGGTCCTAACTCTTGATTCTAGTTGTGTAGAGTCTCACATTAGTAAATTGTACTCGTACTACAAGTCATCCGGTAAACAACCAGCAGTGATTTGATATGCCATCTATGCAACCTCCCACGCCTCATAGCAGGACGAAGCAATAATCGCTTCGGACTCAATTTTGTAGGCATAGTAAGTAACGACATATAACACTGCGAGCCGCTGCATAATGAGCTGAGTGCGAACGACACCGCTGTTCCTATCGCTCTCTAGAGAGACGAAAAAGTGTCTACACCATACTGCGTCTCGTTCACATCTTATCGAGGACTCAGATCGGAGCAGTATAGTTAAAGAAGATTACTAGGCGCAAACGAGCAGGCAAAAGTATCTGGGATGAGGCGACTGACTGCACTCCAATTTGAAAACGAGCGATCCCGGTTGTCAAACAGGTGGGGACTGCCCCTTGAATAGTCCCACCAAGCACTAATACCATTTAGTAGTTCCAACTTCCTCTCGTCAGATTATCTGACCCTTAGGTTTTGGTGACGTGTCACCAAACATACATAGGAAGCGCCTCTGCCTAGGTG,1777,50.03,Saccharomyces cerevisiae
SEQ_629133,TTCAGGCATTCGGCGACGTAAGTAGTTGGGCCGATTCAACGTGATGGGTAGACGATACCCTATCAGGACTGGCGGTGCAGGCCAGACGAGTATATAATTTCCCGACCTGCGGGGAAGTAAGCCCGCAGTTCTCAGAACAGAAAGTATTTGAAACATCTTACCCCTACAGTTCTTAGGTTAAGCCCCCCACCGACCCCCTACACTCAGGGAGAATGCTGCATCCTACACCGGATCTAGACACAAATAGGTAGTTGGTCGGCCCCGGACTAAATCTAGCGCCCCAAATTAACGCCAAAACATACTCGTGTTACCTTACAATTCTACATGAGCATACACATCTCACATATACCAGTCCAAGCGCTCATACCAGCCAGTGGTAAAACAACCTGCTTCGCGATGACTCATTGAGGGGTGTGGTGTACTCGCTGATCGTTTAGCCCCTATACAAGTAAGCTTCACCAAATATATACATTCATTAGCGACGAGGGTGGCAAATACCTGCTTCGTACGCGGAGCTATCAATTGATGCTGATCGGTTTGGTAGTCCAAAGCCCTATATGGCCGTAGCCCTCGCGGCCTAGGAAGCTGGGTCTCTCAGGCACGGCTTGTATGGCCTAAGTCCTCCTTGGTATACGGCGATTGTGTACTAGGTTGTAGTCATTTCTGAGTGAGGGACATGCGCCCTCTTTTCATCCGGTACAGTACCGTCTCTAACGAGATTTCCGTCACACCGATGAGGTTAGAGAATTCGCACGAACCAACCCCGTTATTACCTATAGCTACTCGAGGGTCATGATGGGGGAGCGTTCGTTAAGCACCATAACCAAATTTTATGCGCGGCAGCAATGTATCGGGGCCAATCAAGAGCCAGGTTGGATGTGCGCTCAGTCGTGTGTGTTACCATTCACATAACCCCCTGCTTGTCTTTGTGGACGGACAGTGTTGGCCCACGCGCCCGCAGGCTGCGTACCCAAGGTCGTTCGGCCAATACTCTGTTGAAACGCCTGTCCTAATGGGCGTACACATTGGCTCGTTACGCAAACTCAGGTTCTCTTAGAACAGCGCGATTCGACACACGGACACAGGAGTCTATATCATGGCACTAGCTGATATTGACCTGGATGGTATGGGTCTGCGAAGTGGTACGCTCGACGACGGGTTCAAACATCGGGCACGCTTACCTCAGCCAGATATTGCACAGGCTATTCGATAATTTTACAGAGGAGAACGAGGGCGCGGCCCAGTCGAACTGCACCCCTGTGATAAAGAAGAGTATAGCCCTCACTACCTAAACTCCGGGCTGTGGCCTCCGCTACCCCTCGCTAGCCTCTGAGCAAGACCCGAAACATGCACTAAATACCTGGGCGTCGCTATCTGACTCAGGGAGTGCACATTTGGACTTTGAACCTGTTTTATACCCCGCGATTGAGTCTCAACGCGATCCACCCGGGGGACATTGCCTGGTGCTCCTAGTAACAGCCGAGGACGGGAGCCGACGGGCGTTCTGCAAACCGCAGACTGGGAGACACTCTTCAGTAGTTCAAAAGGTGCCGCGCTAGTATTTTACCTAACGCGATGCTTTTCCATTTACGTTATAGGCCTGTGCTGCCGTGACAGCCTGCGCTGAGGACCGGTACATTCGACCTTGTCTGGGTCCCGTGACATGCAAGGAAAAAAGGTGGTAGAGGGTCCCCAAATGTCTCAGTCAACGTACCGGATGTTCCCGGATCTCTCAGCGTGCAAACTTCCGTGCGCCCTCGTGCAAGGCTAACATGCAATTCTGTGGAGGAGACGGTAGGCCTTCGTTTCCTACTAGAGTACAGTACGCCGCCCCGTACACAGGCTACTTGCTATT,1855,52.29,Arabidopsis thaliana
SEQ_335710,ATGCTGAACGCACAACGACGTTAATGTTAGAAAGAGAGAGTACAGTCTTTCCCCTAAACGTACGAAGAGGCTCCAGTTATAAACACTGCACCAAGCATGCGCTTACCGGCAATCAAGTTTGTAAAAATGACCCAAATTGGCTCATGTTCCGCTAAACTTTCTGACTAAGTGAAAGCGCGTCTTCCACGCTACTATGGTTAACTGCACGGTCTACATACCACTTCCAGCTTTTGCAAATATTCGGCAGAATGTGTAAAACTAATAAACGAGCATACCAGAATTGTCAGTAATGGAGCCGTGTCGAGACCACGTAACACTACCGTTAAGCCCACACCGGGTGGCCGCACCATAAGGGACTGGTGAGACGGTCAGTTCAATGGAGAGATAGGCCCCTGATTGCATGGCGTAAGCTCTAAACCGACGACATCCGTATCACCTAAGCGCTACAAATAGCACGCGAACCGGATGCTCAATTACCTAACAAGGTCTAAAACTCTATTATATCTCGTATCACCCGCCGAGGAACCAATTCTGCCCTTACAGGAGCACTTCTAAGGGAAGAACCTCTATCCAGGTCTACGCGCTGCACCGTCCATACAGGGAGGCGTATAGTCTTTTAAATGGCATAAACCCGATACTATACCTGGCCGCAATCATATTGGCGTAACCCTGCGGATGGTGTTCTCATTGGCCTCCGTGGTCCAGGGTTATGTCACGATCACCCGGCGGAGAAGAAGTGTTGTATGGGAGGGTCTGGCTTTCGCGAGAAACTTGCGATCGACGGAGAAACGGCTTATTCCTAGTAGTGTAGTCGACGCCTATTATATAGACGTCCGCCTGAACTGGTACGCGTACCGATCCTGCATCCGGTCCGAGTAACCGCTCGGCCGTCACCATAATTTTGGGCCCCATTTTACAACCGAGCTTGTTTTAGAAGATGAACGACGTCCGATTGTCGGCAGGGTTGAGTGTGGCGTAGCAACTTCAGAATTCCACCGCGTGGACCTCCTATGTAATTTCCTGTTGCACGCTCGCTTGAAACGTTGATTATTGTTTGATCTCAGAGCCGTACGGATCTCTTTACTCCGGGCTCGCCACCCCCGAGGCGGTCAGCAAATAGAAATCCCGCTGCACGTCACGCGCCGGTCATGCAGTATATCGCTTTAAAGCGCTGGCGCAGAAGCGTCCACGTTCTCGTGGTGGGCGCACAATAACCATGTCCTACGCTAGATACCACTTGGCAGCAGGTACCGGTGGTGACATAGGCTTACGCCATCTAGCATCCGATTTATTCGGAGATCAAATCCGTTGCCATGTACTGGGGAGAAACGTGCAGCGCATATAGATGTTTATG,1354,50.15,Arabidopsis thaliana
SEQ_743689,GTGTTGAACTCAGAAGGCAGCCAAAACTCGATCATGTAAATCTCAGTTTGGTCAAGTACCTCTAAGAGATTCCGGATATCGAGCAACTGAGGTCTTACCAACTGGCTGGCCTAAAAGCGCGACGAGAGTAAGCATAAGCCTTGGTGCAATCGCCGCAAAATCCCTGCGCGAAATTAGCATCACCTTCCTGTACTAAGATACTGACTAGAGCGGTAGGCAGAACTGTTGGGGCCCCTTAACACCAGCGACGCAAGGAGCGATGGCCTGCGAAAATGCGTATCGTGGGTTCAGCGTTGATTGCTAACTATCATGCCGTACTCACGTAGTTTCTCACTAAAGGCCCAAAACGCCGCGAGTATGCGTCTGATTAGCCGACTCACTACTAATGTATGATACGCTCAGTACTTAGGGGGGTAGTTCCAACGCCCAAAGCGCTTAGAGCTCTTTATCCCCATATCTGGGGCACTCTTTATATGGGCAGAAGGGTATACGGGCAACCTGTCATTCCCGGCTGTGGCCGTGATAAGCTACGTCCGTATACAAATCTAAAGTCAGGGCTGGATCGATGTCTCTTTGTGCGAAGAAAACGGCCCAATGAAGACCATAAGTCCGGCCCTGCAAATGGACATCCGGGTTACGTTTTTCGCACGCACAAAAAGCCCTTAGCTCCTTGCTGTTGATCTACATGGTTAGAAGTCGTCAACTCGGTGTGGTAATTGTGGTTACATAATGCCAATCCCGTTAAGCGGCGGCCATACAGATCTAACTTGAAAAACGCGGACCGTCGTTCACCATAAAGAAGTTATATCAATTATTTTACCGACTCATTACTGAAATTAACTCTTATCGCGTCCATGAGCCTGTGAATCGCCGAAGTGACCACATTAGCACCTCCACCGATGTCCAGATTGACTCCGTGGCGTGTGTTATGTATGCCCGCTCCTATTGTTTGAGGGATGTCCTCCCCTACACATGCAAGACCCGATTCGCTAAGCCCGGTTAGTCTCAACACAGCCAGCACTTCTACGTTCCTGTGACGCGGCTCTACTTTTCCTGTACCTCCTGCGCGGGAAGCTGAAGATGGACCAGGCCTGCTACTGGAATAGTTCACTAGTTACGACTTTGTAATCTTTAGCTTCCCGTAGGCCAGACTTCCGCTGCTAGCATTGGTCGTCACTGGAACTCTAGGCATGAGTTCAATCTGACCTCAACGCATTCGGACCCCGCCAGGATACCATCCGTTAAGAGAACTCACGCGATCTGACCCAGCCCCGACCGCCACATACCGAAAATACCAAATAAAAGGGGGATTGGCACGAGGACGAGTACTTTAATAGGTATGTTGTCCGAGAGCAAATCTACGTTAACCGGAACATTTGAGTATCGGCGTCTTGTCCGCTGTGTCGTCTCAGGTCGTTCCTTTTGGCAATGACATAACAAAAAGATACTTTGACTCTATATGGCTCATTATAACTAAGGAAGCAACCAGACCAGGAGTAGCACTGCACTATCCTCGAGCGGTTCCTACTCGGCCCCCTCTCGTCCCGATTAGGGCTCGGTTTGGGAGGCTATTACCCCTAGGCGACAGCCAGCTTAGATGCTGTTTTTTATGGTCTGCGATGTCCGCCTGGCACAACCGTGTATTAGTACTGGTGGGGGTCCATCGGGGAAAATCTTTCCTGCAAAACAGCCTTATATCAAGAACTGTTATGGTCCGGACCTTCTCATGATCAAACAGACCACCTGGATA,1750,49.54,Arabidopsis thaliana
SEQ_865970,CCTCCCATGCTACCAGCCTTATCAGCATCTCAATAGGAGCCCGATAGCGTCGGTAACCTAATTAACGTACAGACATGGTCGGTCTCGTAGACATTAGGCCTCCCGCCTAAGAGGATGAGAAGTAGTGATCTTTTCCATAGCAGCTATCTGGTCTTCTCTTACCGATTTCCGCGTACTCTTTCTAAGGCCCTGCTCTTATTCTGCTGAGTCCTTAGAATCAACGCCTGCTACCCCAATCGTGGAGCTTCGTAACATGCTTGTCACTGTACGCTTTTAACACTGGAGCTGTCATGAGA,296,48.65,Saccharomyces cerevisiae
SEQ_787009,TAGACCGGTATTTCAGGGATTCCTATCGTATTAGACCCGGGTAGATCTCAATAGCGAGCCATCTGGAAACCAGAACTTCAACCTTACAGTGCGCCGCCGGTGCGGGAACCTGTTCATTCCTCCTTGGATGCTCTACACACGGGGGCAGCCGCTGGATCATATAGATCGTTACCTGGATGAGTCTCAATCATCCTTCTTGATCTTTGGGTCCCGCTGACGTCATAGATTCAGATAAGATGTCACGAGGTATCTTCAAAATGGCAATTAAATACCTCAGCGGATGAGCTCGGGCATGTCCTGCCGAACGCGAGCTGGGGAGCCATAGTGTCGTTCGAATGGCTTATCCATGAGGGATTAATACTTTCACGTTGTCTGAGTTTATTTCTCAGACAGGGCAATACCGCATGTTGGGGCCGCGGTTAGACACAACGTCGGTCACCTGGATGCCCCTGTATGGGATTAGATGCTAGACCCTGACTATGGCATGTAATACCGGGAACTTTGCTACGCGGGACTTGCTACCCCGCACCTGACGCCTATCGTTACGGCCGTACCCGTGAGCGTCTCAAACCTTGAGGCCAAAAGACTGAGTGCCAGAGTACCATTGCTTCTTTCCAGAATAACCGAACAGTGATAAAATTCCCATATGACACGTCGTCTGGCGCAAGAGGCCACTAACGGCTCATTCTCGTCTTTAAGGACGCAAGAACACAGCAGTATCAAATCGAGCGAGCGATCTCAATAGGGCGCTGATTGGTTCCTATGACTGAGACGTATGAAGGAGTAGAGGCTTGTGGCGACCACAATAACTGCCGATTCTTAAAGCATATCTACACCATCCACAATTCCGTTGATAATGTCCGAATGAACTTGGACGGTTAAGTAGGGAACAATAATAACACACCTTCGGGAAGCCTAAGGATTGAGTACGCTCCCATCACGCTAAATCTCGTATTCGGGCAATGCAGAACGGATGTTGCTGGCCACCTGCAAGCTCACGACAGGGGCCGATGCATGCCGCCATTTATATTTACGTATCACGGGCGCCTGATCACGAGATAAAACGTCGGTTGCTAATAATGAACAACGCATTCCCGTTCAATACATGTTCACGGACTACAGTCGGGCCAGCACCTTGAATTAAGTCCGCAGGTGATGCCGCCCACGCTCAAAATCACATGCAGTACCGTCCTCACCAATGACAATAACTTCAAGGACTATAAGCTGGGATTGGTCCCATTTTTGGTGGACCTTGACACGGCTGGACGCCTCCGTCTCCACGACCATAGTTCAAGCCTTATAACGAGCCTACGTTACCTTAAGCACAACTTAGGACTACTCCTCATCAGACAGGGGTTGACATACAGCTACGTACTGAGTGATGATCCTCAGATGTGAGTCCCGTAACACGAGCTGATACGCAATACGATAATTATTTTGATGACCTGCTTCGGACTATGGGATTTTTGCAACACAGCGTCGACAATACTTACTCGGGTAAAGGCTCTAAGAGAAACCCAGCGTGGATGCATAACAAGGGGCTGCCAGGACTTACCCGCAACCGGTAACCGCGAATGCACCAGTATATGCAGAATTAAACGTCTTGGTTCTCACTTGACCCTATCGCCATAGTTTTTCATCCACCTAACGGCCTCTATTTGCCGCAAATTAACAGGAAACGTCTTGCTATCATGCCTTCTGAGAGAGGGTCCTTGACGACCACCGGATCCATTTTCACTCGTGTCAGTCTTCAACACACTCGTGGATCCCCGTGCCCTCCGGCGAACACTTGACTGTGGGTGCTCGTAACACCCTTCCACATTTTCGCAAAGAAACTAGACAGTACGTGTGGCATATTCTCGGCGGAAGGAGAACATTAAAGT,1883,49.44,Arabidopsis thaliana
SEQ_347708,TCACGCGACTCAGTCGACCAAATAAATCGAGGCTGGTACCTGTATGCCTAACGTCCAAAAATCCCTCACAGGCGGATTGCTGGTACAGCTCTCTTCAATGAGATCACCAATGAACTCGTAATGTATCATTATTGGAAGGGATTCGATGTGGTGCCAAAGCGTTACCAAGAACGCGTGGCACAGTCTTGATTGGGTCCCAGCGCTTCACGCCGCACATCGAGGGCTGTATCTGAATACGTTCAAACCCATCGTGCTCAATGCCCCATGCGTAGGTTTACTTGATATAGCAAACTAATCCGCCTAGTATGAACAGGAAACCTATGGTTATCAAGGAAACCCGCATGCGTCCGGGAATCGATGCATAAGGGCCTGCACGCGAAAAGGCTTGCTTGGACGTATCACCGTCACTCAGCATGTGGCCCGATTCTAATCTTTTAGGCTCGGCTGGACGCGCGTTCTCTATGCGTCGTATTGAGTTCCATTTCAGTACCAGGCCCCAGCATTCGTCAAGCAAATTCTACCAGGCGATACCTAGCGATTCGGATGTTGACAGTAGGGAAAGCGGGCAGTTGGGCCTTTGTAAAGCTTAATATGCGTCTCTAAATATTCAAGAGAGAAGTGTAATCTAAACTCGGATCTTTGCGGGGGCCACAGGGCTAAGCCTGAGGCGTTATCTTGTTTCTTCTAGGTGCAACGAAGTGGATAAGGACACATTCCCTAGGGTCCTACGATAAAATCCATCAGGTACCGTTCATATTCAAGTCGAAGACCATAGAATCTTGCCGTTGTAACCCCGATATACTGGGGATACCTCCCTTCGCGATATGGAGGTATTATTTTTTACGTCACCCTGTGACGCTGTGAGCCTCCGGGGGACCAATCCCTCGCGATCTCGAGACGCAAACATCCACATAAAGATTGCCCCGTGGAGGGTTTTACTCGGCCTGAAGTATCACCTACGCGATATTCGACCCTCAAACCCCCCCAACCATCGCCTCTTTCGCGACCATCCGCTGTCTAATTACGAGCTCTGCGAACCCCTCAAGGAATGCCCATCTAGATTTGGTAGGTCTACCTGCGACTTTGACTTATTACAATTATAGTGTGACGCCGTGAGCCGGAGCCGGTTCAATTTTGCTGTCGTGAATCCGGGATATGAGAAGAGCTGGTTCACTCCGCGCACCTCGCAAAGTCTAGGTTACGTAATAGTTATGATGACATTTAGGCTGTCCCAAATGCCAAGGTAGGGAGTGGGCCGCGAATCGCACAGCCAAACAAATGGTTTGAGTTACGAAGAGTCGCTAGCAGGCTGCAGCATATGTTCAAACCAAACTCTGTTCAGTCACTTCTGCGACAGACATATTCAGATGTGCTTCCATAAGGGTCTAATGTGCGGTGCTCCACAGTAAACTCTTACCGAGGAGTTTCTAGTAACGAGGGCGTACACGGTGTCGACAGTTCGAGGCCGCAGTATGGAGAGTTGAGGCCTTCTAGTAGATTTGTGCACCAGCAGGCGGTCCCGCCGAAAAGTAAGCGTTATTGTTTTCGAGTGGTAATGACCGGGGAAGTTACGAGAAAAGAACCCCGGATTGTGCCCACCAATGTCATAGTAGGCGGACAGCTGAAGATTCCGCGTCTATCAAACAACCTCACTCCGGCCATGCACTCCCACTGACGCAGTCCAGTTTCGTAATCCGTTCTTGATATTTAGGTTCTGCGGCTATTCTGGATTCACGTTGTAGCATCTGGACACCCGTCTGACCCGCTAGCCGTCATCTCACCACTCAGCTAATATCCTCGCGTACCCTCTCAGCGAGACAACATCGGCCTCTCGACGATACCGAGTTATGTTGTGAGCGGCTCGAAAGGGCTTTGATTCGCCTGAGTCCGCTGAGACTAATTCCACTGCTAGCCCGCGGCGTGGCACAAGTGTCCCCTCACGTTGATACAATGATATTTTCCCGGAACTCCAT,1973,50.38,Mus musculus
SEQ_605516,GTCTAATTTTAATAGTCTCGCGGACTAAATATGCCGTTGATCAAATAAGCCATACCGCAGTCCTGATCTTGTACCAGAAGGAGGGGACGGTGCCCTCCAGACTGACGGAGGATAGGCACTCGCTTCTTCCTAACCATAATCAAATAAAGGGCCCGTCTCTCTGGGGGCCAACCATACTAGGGCCTTGTTAAGGGGCTGAGCTTAAGCATGATAGCTGGTAATCGGTCTAGCTTACTGAGGGGAATGCTACTGTGTGCCCGCATAATTACAGCCATAGACGTCAACATAGCATTCGTGTGTATGTATACTTCGCCGGTATATAACACTAGCTGCCCCAAAACTGTGTCAACTACATGCCCTGAGCAATAAAAGCCAAAATCCAGGCCCGCAACGACAGTGCCTGGGTAGTTGGGTCGCCGAGAAACCTCACACCCGACGGCGACACTACTGTTGTGATTCCACCTCAGATGTTGTGTTGTTTGGAAATCTCCATGAGTCGCCATGAATTCAATTATGAACCAACTTCTCGAAATGGACGACATCACGTTCGGTCCGAATTTCTGTACAGTATGTTTCGCCATAGGGCCCCTTTAACTCCATGATGCGCTGACCTCTTTGTACTAGTCCGAATATATGAGACAGCTAGACCTGGGGAACTTAACGATCTGGGTTAACCATTCTCTGCCACGTAAAATGTCGAACGCTCGTGCGTACCCACAGGAACAGATGATTAT,734,48.23,Homo sapiens
SEQ_237481,GGAGTCTACTATCTTCTTATTTGCGAGATACGCGATGAAGAGAACAACAGTATAGCTTTTCCTCCATGTTATTCAATAGCGTTAGACGGGATTCAAAAAGACACAAGGCTGATGGCTATTAGGAATCCTATTTACCCTTGCTCTCGAGCAGCATTTCCAGTCCGTCGCTGCTTCTGGTTGTCCGTTAAAATCTTACTGTCGCAGCGTGGCCATGCAAGACTGCATGAGCCAACTACCTGTCGTGCCCTAGTATTATAGGCTATTTTGATCGATGCTGGCGGTGCGTATGCACGAAGCAAATGCGCAATAGAGTGCACTAGCAACAGAAGCACTATGTTGTCATGTCGTAGTATGGGAGGCGGACCCGAAGCTGCCGAGCATCACAGTTCGGCGAAGGCTAAATTTCTAATTTAAGCAAGGGACGCACCTGTAACAGATCACCCTGCTTCCATGGGTGGAACGGTTAGATTGAACGACTCCCGTCCGAAAAGCATTGAACTCCAGAAGGACTTGTTCAATGTGTCTGCGTTCGCTCGCGCGGCGTAGCGCTTGGGTACCATCCATAGTTGGACGACGAGTCAGTTCAAAATTACCGTGGAGCGCTTGACAACGTACCTTACAGGTTAACCCACGGTAGATATCAACTCCATGCTTTTACGCTGTCGGTTGACCCAGGAGAAATGAAACTCCAGTCTCTAGATTGCTGCATTAGGTTCCTGCCCCAGAGCTCCGGCATGAATGGCATCTTTACAGCCGACTTCCGCTATGGCCAAGTGACGGTTCGCTATGTTCCTAGGTACCGACGCGCACACACCATGTTCCATTCCCACTGGATAGAACGCGCTAGATAAGGCGGAACTTGCGCGGGAATAGTTGGTACGTAGACGTAGACTGCGGTTATTTAATTCTAACCAAGTGTGTCCCGTTTCGAGCTCGCCCGCGTGCTGACCATCCAACTTCCTTGTAGACGGCGTTCCCGACTACATTAAGGTCTCTCGGGCGGCAGATAGAGTTATCTGGCCGGCGAACCCCAACGCGACAACTGTAAGGAAGTACAGAATCTCCCGCTGCTGGTAAGTCGGCGAGCAAAACGCCACCTCCGCTGCGGATCTGCATAGGGCATATCATCTCTTTGACTTATGAGCCAATAACGAGTTTGTTTAATCTGCCCCCCCGTTGCTGCATCTCTGAACTATATCTGCGACTCCTTTCTTTCCATAGTGGGTCAAATCCAGCGACCTTCAAACTCCAGCTTCCGTAGCGAAAGCATTCCACTTAGCCGTATTCGAATTAGGGGTCAAAGCTTTACGATATTGTTGCTCTCAAACCTTTCTAAACCCAAACCGCTTTGTGCTCTGTTGCTGGCGTGCGGTGTGAAAATTCCAAATTATGCCATACCCCGCAAGTACAGCGGCTGAGTCCGCCGAACTGTTTAACGCGGTGTCAGCCGCGTACAATCCGCTACTAACGACAACCTAAGGGGGACCATGTGCTGCTTCATTCGGAATCTTGTGCACGGGACCAGTCAGCAAGTTCCCGCCAAAGATTACAGATTATGCACGAAGGAAATGCCACTTCCATGGGTCACGTAACAGCGCCGCTACCTAAATGAATAAGGGGACCGGGGACACCTATGTGTGGGGGGACTCCTACTGCAGCAAAGTTGTCGACAAAGAGCCACGTAAGTTATATCCGGAGTATTGCCATAATCACGTGATTAGATACCAACTTGAATTGGATCGCCATGATTACTGACACCACTTCCCCTGTGTCGATCAGTCTAGGTAATCTTTCTTTTTTA,1801,49.69,Saccharomyces cerevisiae
SEQ_674648,CATCCGTCGCTGGATCCTCTTGAATCCATATACTGACAGAGACGTTGGAAGCAGTCTCGGCGCTTATTAAATTCGACATCCCACACCATGTGTTGAAAGGCTATGTTCGAGCCATTGGTTGGCGTTACGTGATAGTTTCGGAATTACCAAGACGACCACAACTCTCTCTAGCTCTGAAGTTTCAGTGTTTGTCTAGCACGTGGGGATACCATGTAAAAAATTGTAGCAAGCACCGCAGAAATAGTTAACCTAAGGCATTTGAGTGTCTTCGGGGGTCCGTCCCGACCAGAGCGTGTATAAAGGCTGAGCCTATTTGCATGCAACTTATTCAGTCTGTTCAAGGTGGGCTGTTCTTCAGTGTTTGATCTCCTGTATCTAGCCATACGTAGCGAGGTGCCATTATTCGGTGTGTTAAATAGGCATAGACAATGTTTCTTGTAGCTGCACTGCAGTCCTTCGCTCAGGCCAATCCATATTACTTAAGATTACCCGACCGCCGTGTTGTCGTGCCAGGTCTCCTTCGTGGACCTCGGCATATGGCGTTTTTGTTCTTCTTGATCTGGGCACCCGTATCGCGTTATTCCCAAAATGTCCCCCGCCAGTAATACTCACACTGTTGTAATTGCGACTGCCATAGGCACCCGGTCGATGCTAGTCCGACGACTTCCAGGTCGAACCTTGGGATGTCGTACCGGACCTGTGGCCAGCTCGGGACCACTGGCCAGGGGCGCAGTCAATTTAACCTTTTGGGATGCAAGTGAAAAGCTCAGACAGTTTCTTGGGCCATCGAATCTCTAGGGAAGGCCGATTCTAGGAAATCTGCGAAAGTTACTTGTTGCATTTCATCACGCCAGTCAGCGCCCTGGCTGATTATCATCTCCATGTGGACGCCACTCGTTCGTGGGAGTACACATATTGTGATGCGAGGGGGCTCTCCAGTGCGCCTGCGATCAGCACGGCATGCCGCGTACGGGTGGTTATATCTAATGGTCACGATGGCATCAACGCACTACATATTACCTTCACGAGCTAAAGAGAGGCCTTAGCTTAATCGCCGTGCTGATCATGAAATTAAAAGGAAAAGGACGGAAGCCGAGAGGACACAGCCCGAAGGTACTGATGTCACATGCAAAAGCACCTGAACAGACGAAGCCATCGTCCCCTATTCTTAGCGGGACAGGATTCTCTCCTTGAGAAACAATATTTAGGTGTTACAATGTTAGCCCTGCGTGAGAG,1236,49.68,Arabidopsis thaliana
SEQ_697059,ACTTCCGAAACACTGAATAAGTTCCCCCCCGCCAAGTCTAAATGGTAAGCCGCTAAAACCGCTCAGGCAATACCACTCGAAACTGGCTTCAAAAATATTGGTTTAGACGCATACACCCATTACACCTAAATATTTTTGCCTACACGAACGATGATCCGTAATTACACGGCTCTATTTCGGATAGGTGGTTAAGGGCGACAATAGACCGCGATAAGGAATCGGTATGACGCCTATCACAAGAGTTTTCGATCAGGTCTCGCGCATGCAAAATGACAGGGCAGAATCCGCCGGGGTATAAAAAGTTGAGCTGGTCGCAGAGGGACTAATGAGCGAGACATGGAATGGGAGCCCTCAGTACGAGGAGGCTCTTGTGCGTGCTATACTGAAGGGGGCATCATATCGGGGTCGTGTCTCGGTGGCTTTCTTGACCAGGGATTCCGCATGGATGCCGAGGGTGTCTACGCATGGAGGGGTCGTTGAGGGCTGCCTGGCACTTAGCGAAGCTGATTGTATGGTCTTCGTGTTGTCGGTAATTCTAAATTCCCGAGCACCTGACGCGCCGCGGCATACGATCGTTTTTGCAGCCAAACCCGGAGAGGTAGTATACGGACCGTTACTATCCGAGGAAAATGCGTGGTTGCCGCCCTGCCTCTCACACGGCGTTAAGCCACTGGCACACAGGCCCTAACGGCCCTTGCCTGTATTAAGGCCGTTTCAAACAGGGGGACTGATTCATACTCAAGTACCCCGGTCTAGCTTCCATAGTGAAAAGTAGGATACGCTCCGAAGGGTTTGCATCGGGTACAGATCAGTCTTAGGGCATATACGTGACCGTGTCAGTGGTGTCTGGATACCGCACGCAAGTACCAGACTTGCCGGTACACATTGGGACTAACGGCTTTTACCATTGCATGTTCAAGCGCACAGCATGGTTGGCTAAGAAGTTGATAACTGGTCTCACTGGTACGGGGATCGGGAACACTCATCTTTTCAATGTCTGTAGCCAATCGGAGGTTCGTTGGTCTAGTTGCTTTTGGTGCTGTTAGACTGGCCGCAGGCACCGGCGGACAGTGATCCCACTAATGTAAAACGACGGAAAGGCGGATGTACGTGCTAGGGTGCTCTCAAAACTGCGGCGGTTGTCGAACCCCTTGCATTTGCCGTACGACCTGGCGCGCTCACCTTAGTTAGATGACTTGCACGCCTGGGCGGTTCGCTCGCAGATGAAGTCAGTGCTCTTAAGGTGTACGTAATAAAGGGAGCTCGTGCGGCCGTACTTTTGAATTTCCTGACTGAACAGGTTTGGAGACCTTCAATCGCTGATATGTACGGGGCGTTAAATAGCTCCACGACACGGCGAGATAGGGGGTTCGTGGGCTGCACATCCGGTATCCCTTCGCGAAATGCGCTCAGATCCGATGACCTGTGGTCTTACAAATAGGTAAATAGTGAGCCTACACGCACTTTAGTCTTTTCCACAATGCATAAGTTGTCATACGCATATAGGTCTATTCTCGTACGG,1522,51.45,Arabidopsis thaliana
SEQ_763942,ACCCATCGCCAAAAACATGATACAGTGCCAGTGGCCGCCGTTACGATTAGATGTTTTCGTCCGCCGGCCATCGCTGCTCACAAGGATTCCCGTTGCACGATAAGAGCCTGCCCTATCGTAGATCCAACCCAGCCACTGCGGGCGAATAGTGTGGGCGCACACAACTGATGGACTCGTAGTGTGCTAGGAACACCCGTCAGACACCTCAGAGAGTGAAGACATACACCGTCCGCAGCTGCAGTTGCGCGGCCTTAAGCTACGTGATCAGATCCTCTCGGTCGCTCCACATGGGCCCTCCACAAAAGACGTTAATATTAGAATCGGAACAGAAACAGCATAACCATTTTGCAGGGCCTGAACCATGAGTGTCAACGAAATCCGGATTCCTACTTCAATGACACCTTAATTCAAAATGATAGAAAGTGTCGGGTCTGAGGGGGCAGGCGACCCAAACCCTTTTTGACGGGAGCACAATGTGATGGCTCCCAATAGTGTTAGCTAGAGCCGTTGCCCGCGGTACAAATACTCCGTTCATAACCTAGCGGACTGCATCTTCCAGTCGCGCAGGCAGATCCACCCGACAGATAGATACGAGCCACACATCCCTCTCTTAAGTAAGTACCGGTCCCTCTG,633,52.61,Escherichia coli
SEQ_244438,TGGGTCGGCCATCTCCGGAATGTTGCGACGAGAGAGAGCTTTTGACGTTTCTTCATCGAGCTACCGTAATCAATGAGGCACAATACATACATAGGCGGTTACCGGACTATCCCCTGGACTACAGGGCGTGCTGTTTTCATAAGTAGAACAGTTGTGCGGGGTAGGCACAAATCGGCGGAGTAGGTGTGGTGTTACATACGCGTTCTGGCCCTGTCGCAACCAAGGATCACGCCAGCACCATGCATCTGTTGCTAGTGCGGTTATGATCCGAGCTTGTGTTAATATCGCCCGCGTACTAAATTAACTGAGGCGCAGATACAAAAGCCGGCTTAAGGCATCGCACGCTGCAACATGCCGAAGGTTCCACGTTCATGTACCAGCCTTTACACCAATACCAGTCGTCTCGGCACCAGCCTATCAAGATGTCTATCTTGCCAGGACGAGCTCCCAACTGTGGCGCCCTCCACAGGTAAATCATCAGGCAATCGACCAGCACTACCCACCTACGCGGTACCTGGGCACCTATTTTGCTGATGCTGATAGACTAGCCGCAGGGTTTCATGCGCTGAACAATGTTGCAGCCTAGGGAATGGTCCACCAATCCACAGCGCCGTGGTCGGTCATGGGCGATTGACCCTTTGCCGGTGCTTGCGGGCAAAGGATCGGCAGGTTATAGTTGCGAACGCGGGTTCTGCCTTACCCAAGAACGTTCGTTTAACCGTGCTATTGCCACCAGATACAAGGATGGCTATCTGGACGCAAGTTCTTATCCCTAGTCGCTCTAGCGAAGAGCCGTGTATCTATGAGCAGGATGGAAGCTGCTTTGTCTGGTTCTAGAATTGAGGAGGGGTTAAGGCCCTCCTCTGAAGTGTCCCGTATCACCATTCATCAAATCACATCTAATGCCGTAGCTGATTCCCTTGTTGGTCACACCGAGATGACTCTCTGCAGGATATCTTCCAGGGGATGTAAGAGTTACCCGAACGTCAGTCACGAAGTTTCTAATTGAACCAAGGGGTAACTGTCGGGGTCCCGCCCACGGTTAGCGATTGGTTTGCCCCAGCTATGACATTGTCACCGGTTTTTCGGAT,1091,52.25,Drosophila melanogaster
SEQ_866509,GTTGCTACACTACATGTGTTTGGTTAACTCCTTGACTGGATCGCCGAGTTCAGTCGGGGGTCAGATGCAATCTATATGAAGTTGATCCTCAAGATCAGACTGGTAGATAGGTAATGGACCACGACCGTGCGCAGCAACGGCACAAGGCGTGACAAGATTAATACAGCGGACTTTACGCGCCCATACACCATCCATGGCCTGGGTTGGGCAGGGACGCTGTAACTAACTGCACCGAGGTCAGTCGACTTCCCGGCAATACGAGGGGGCGTAGACGCACATAAGCAGATGTTGTCCTGCAAGGAACGAATGTGTCATTACAGGTCTCTACAAAGTATAGAAGACGGAATTCCTAATGTTCATACAGAAGAGCGTTCAATTATATGAGTGTGAACAGAGCCGTACACTTTGAAGAGGGCGGCGCACGTTAGCGGGCATGGGTTAGTTTCACGGACAGAAAATTACTGCACCGGTGATCAACATCGGGGTATGAGGCACCACCAAATGGTAGGACAAGTCCCCGGGGCTGACGGAGTTGGAGAACCAGGTCAGCCTTTTCTGTCCAGCTCGAGTTGCGTCCCTGACTATCATGTGCCCAGCGATCGGATCCTCCAAGTCAGCTCTTAGGTAGGGGGTAAGGTTCACTCACCCTTGCCTGTCACAATGTGCTACGTATGCTCAGGGCTGAGAAGCTGACCGCTTCCCACAGTCCTTTTTAGCGATTGCACATGTCGTCGAGCACTCAGTCTGACACGACTAAGGCTGTTTAGCTTCGGTCTATCGACAACCCGCCCGTAATGCAAGCAGTTACTGTGCCGATGGCAAGAGGTAGCGAGTCTGTGGGACCTGTTATTAGATTCCACCTTATTGAAGTGTAGTTTCAGCTGCTTTACTGGAGTAAATGAAGTATGAATGGCACCGAACCCGAGTTAAGAATAATAGCTCACTCTACCGCACTCGAGCATCATAATGCGCAGTTATAAAACTGCACTCCGTACTGTGTCAGAAGCGCCTCGACTGACGAGATATCGTCGACCGTCGACTTGGGAATCACAGTACCGCGCCCGCGAGTGATAGATATTCACAACTAGATGCCGCCTTCCTCATAGCCCGGACGGCTAACCATTTTGCTTCTGGAAAAAAGCTTCCCAGGGGTTCAACGGGAAGGCACAGTTGGGACGGCTAGATCGCCCGGAGACCCCCATAGTCCCCACTGTGATAGTAACTGTAGGGTAACACTTTGTTTTTGCGCCCTTAGGTTGAAGGTCCACTGTACGCGACAATCGACCGCCGTTCGAGCGAGACGGTAGACCGATTTGCTTTCCTAACACCAGACGATTGTCCAGCAGGCACGACTTGGTTCCTTTTTAAACCTGCCAATACAGTCTCAGTCACGGTGCACTGAATTCTCATCCTGACTGTCATTATTCTTTTGGTAGAAATTGACCACGTCAATGCCCCATTTTGCGATCACCGAACGGCACGTTGTATCTAGCTTATGAGAATCTGGATCATTTATGGTTTCTGAATGGTACAGATAGACTTGGCGATTTTGTCGAAGTCTACCTAAAATACCCCTGAGGGTCCCAAGCGCGACGATTCTAAATACATCATATAGATACATAATGTGTTTTTCACGTGCGGTTTAATCTTAGAACGTATGCGGCAGAGTTGTTTTGACCTCTGCCAGCAACCGTAAGGAGTATTACTTCAGACGTATCGTTCTCTCGTACAGGTCTAGGACGTCGTGACCAAACTTATACCCTAGTCCTGGTCTTGCGTCTATCGTGTAGCGACCCTGAGTTCTTGTTAAGGTCTGAGCTATTGATACGACCGATTCCCCAGATTTCTGGCGAAGGTCATTGGTGCACCACTATCCCGTCCCTGGAGTACACGTGATGCTGGACGCGTGGTTTCAACAGGTCCCAATTAAGACGCAGAACCCATTAGT,1948,49.69,Saccharomyces cerevisiae
SEQ_808564,GTGCCGTACGACATGGGCAAACCGAATACGATAGCGGGCCAATGTGGTAAAGTCAAAATTGGGTCATTCTCTAAGCTACTACTCCTAGGCCACCACCCTCGGGCACATGGTGTGCACCGTCGAAAAAAGGCTGAATTCTACGGGTGTCTGCAGTTAACACATGTACTCGGGCCTAACTTATAGTATGAGTCGGCGAGAGCTCCAGCGCCATAGCTAGAGCCTAACTGTCGTTTTAAGGGACGCTGCCGACGTGCTCACCCCCGGAACAACTAACGGTGTGCGGATGCTTCATATATGAACCTCGTACAGGACACTCTCGGACCAGGTCCGTACTGGGTATTAGATGTAGAGCGGTGATCCCATTAGATATTTTAGTGTTTCCAGTCCGTAGAGCACTAAGAAACGCCCTGTCCGGTATCACGGAAGTCAGTCATTGTGTTCACGACTAGGTTTCCGTGTGGACTGGCAACTGATCATTCTCCGCTTTGTCACCCGGTCATAACTATGCGAGGCGACTTTATTTGCGTTACACTGGGCGCCCCGTCACATATAGGCCAGAGTACGTTCCTTA,571,51.14,Saccharomyces cerevisiae
SEQ_959789,TTTAATGCTTGCCGCGATCAGCATCTCTGGCGTCGCTGAGCGAGACGCCCAATACCACGATCATTAGCCTTGAATGAGGTACGGGCAAGACACACTGTCTTCGGAACAGATATAGAATCTAAACCCTATAGTGCGTCTACCCTGGGAACTCCGTACCCGAAGAATTCACTCTAGAGAAACCATCATTGCTCTGAAAAATTTTGTTTAGGTGCAGTGCCCCTGTGTAACCATGCAAATTCATCCCGGACCCCCAGCAACTATTTCTAACTTCCGGTATCTGGCCGGCAAAGACATGAAAGATGCTCGTGCAAGGTGGTGTCGGCGATGCAGATCATGACTTCATCTACATCTGAAATGCTCACCTCAACTACCCGCAACGCCCCTTAGTACGGGTAGGCCCTGGCATGGTCTGAGGTAATCGGAAAGCGCGTTATTAGGGGTCCTCACCAGGTGCACGGCCAATAAGTTTGTCTGATACGGGGGGAGTCAAGCTTTAAGCACAGCTTAGTGCATGTCTAATATAAGCCCCCTGCGCTGACGCAGAACCATCAACTAAAACGGCGTGAGGAACCGAGACATCATATTTCATTCGGATCTGTAATTCACGCCCGTTCCCAGTTCAACTCAGTTCACGTGTGGCGTATACCCCATTAGGTGTCTATACTCGATTTTTGATCTCCGTCACAAAAGATTAAAAAATCTTTGACGGCAAGTCTGCGTATATGATATGATCCTATAAGTCGCCGGGGGAAGCGCTGATAGAACTGGCCTTAGAATAGTAGAAAGAGGTGCGTGAAGTTTGACTGCCTTCCGATGCGTCGCAAGACTACAAACCCCATAAGGTTGGCGAAGTATGCTGAGTAAAGTTCGCCAGCCGCCACGGCTTATACTTTGTCGAATCTACGGTCCATGGTTAAGTCGACTGTCGCGGTACTGTGATTAGACCCCCGGGGCTTGGCAAACGAGATGGTGCTTTTAGTAACAAGCGTATACTGGACCTACCCGCTCAATACCTTGGATAGTGTCCTACGGCGGTGCAATCATGTGATCTATGCCCGCTTACCCATATTTGGGAAAGTTAGTGGCGGAGGCGGAGTCGTTCGACAGACATTCCTTGCATAGAGATGGCCGCGACCGTTGTCCGACCTTATGTGAGACTCGCGGAACGTTAAGGTCGACTGTGCAGGCGATGCAAGCCGCTCCCGCCACGAAGTCCCTCTTCGCTTATATTTAACTTGTGAGTGCACAATCTGTGCTCCCCATGCGTTGATTCCAGCGAAGCATAACGTAGTGATCACCACTAGAAGGGAGGTTCTTGACGAACGTCTCTCCATTCATATCAGCCCGCGCAAGTCCTATTGACTAGTTGGGCGAAGCCCCGATGAACCGAATTCTCAGCTAACCGCGAGCCTGTAAATGCTTCGTG,1426,50.14,Homo sapiens
SEQ_130425,GACTGCAACCGATGTGTGTTGTTGCCTCTGTTGAGTGGTTTAACTCGGAGGATAACACCTGTGATTTACATATCAGCGGCAGTAGGCGTAGGAGGCCAGCATGACTTACGCGAGCAGGTTCGTGACCACCACTAGTCCAGGAGGGCCTGTTAGCGCTTTTGGTAAAACTCAACGGACGTGCCTCCCGGCATGATCTATGTCTGTCGAGAAAAAATAAAGTGGACTGTTAGTGGGCCGTTTAGTATCCCAGGCCTCTGACAAATTTAAGCGAGAACTTTTCGGTAACATCTAAAGGGTCAGTCAGAAACAGTATGATCGGTAGTCGGTCCCTTATGACTCGAGCCAAGGCCCGGTATGTGCAGTACTTTTTATGGTTTTTCTGTGCGTGGGGGCTCGTAACTCTGCCAGTTATAGGGCTGAGGTTCACTAGACATTACGTCTCAGTCCGTCACGTCACCAGTATATATCATGATTACAAGGGTGCCGAAGACATCTTACCGCCGAGGGCTTTCTAGGCGTTCAAGGTTTGACCCCTATCGAACAGAGAGTACGCACCGCGACGATTGCAGCCTGATCACCAAGACTTAACGAGAGGCCGTAAACGAGATATGCGGCAGTTAGCTGCGTCGACAATTGTGCCAACCTTGAGTAGTATCAGCCTCTGCCTCGACCGATGTAGGGAACGCTATGGCACGATAGGAATATCTCCCTTAAACGGGTATGTGCTAAATGGCTCATAACCGGGGGGATTCCGGAAAGATGATCGAGTGGTACCGTTGAACTGATCGGACTTGCAATGACCAATCCTCGGGCGCTGGGGTGGGAAGCACCAGGCACGATACGTCTATGATTATAGATCATCCGTTCTTCATGGAAAACCGCTCTCGACAGTACAGGGTTACCCCCCCTCGATATTCGCAAAGGTGGTAACTAGTTATCGCGCTCCTGCCGACTCAAGCTTGGGGGTACATTCATTGTGTGGTTCACTTTACGGCTCGTAGGCGATCGCATCATCTCCTTTTGCTGATAATTATTGTCGCAATGTCGACCAGTAGCCAAATGGCTTCACAGTATTAAGTGGAAAGGCCTCGGGACAACTGAAGGACGTACCAATATCATCTTGGCCTAATTGCCTTGTGAGCGTGGAGGGCACAATACGCATGTCACCTTAGGATAAGAGTGTTTGCAATACCAGAATTGGGCGGTTGAAGACTTCTGTTAGAATATTAAGTTCATCCGTACTCTGAAGACCTTGACATTTCAGTCACCGGCGCCCCTCTACGGCCGGCCACTGTCTTACTCCAGGAACCGTGACCTGATCTACGTACGAGTCGGCTTAGTTTATGAGAATGAGGCACGCACAACCATTGATAAGACGGATTATCAGACCGTAGCTGATTGGTGGTCTTCAGATTTTCCTGTACATACAAAACTTTGGCGGCCGGACAATCACATAGCGACATTCCGCTTATGGTGCGTCTTCGTTAGGTACGGTGACACGTCAGCCAATCAAATCGAACATTTGGATGGGAGCCTAGACACTGCGTTAGGCTGAAGTCAACACGGCGCCGGCCGATTCCAGCGGCAAGCATTGCCCCGAACTGAAGACCGGAAGACGATATCTTAAAGAATCAATCGGTTGGGAGAGAGCGTTGCTACCATCCACC,1667,49.97,Arabidopsis thaliana
SEQ_788665,GATAGGGCGTTGTCGACAACATTTTGCTTTACGCAGAGCTCTAGCGGCACCTGCTACGAAGATGGACTCCACCAGTACTTAAGGGGCATGTGCAGGAGTTATCCGAACTAAAGATAATACCATACACTTAGGGACTTTAGGTCTTTTGTGGGGACACAAGTTAGATGGTGGTAACTGGATTTAAGCGCGTGAGTGCGTAGGTAACCCTGTATAGTGAGTACATGCTTCTGGGCCGACCATCCGGGCTGGAGAGGCCTCGGAAATTGCTCGACTCGACTCCGTGGTTATAATGGGGACAAAAAAAGTAGGGATTGGACCGAAAAAGTTGGGCGCTGCTACGGGTTAAAAAGCAGTACCATTGACGAGCAGGCCTTTGTCTTGGGGGCTGCTGGGAGTCGATTTATGTAGGAAGTCGAACAGATAAAGGAGACCCCCACTCGCTAATGAGATAATAAGATAAAAACCCAGCAGCAACTTCCGTGCGGCTATCTCTATGAGGACTGCCACCCATTGATGCCATGTGACTTGTCAAGCTGCTCGCTACAACGGGTGAGTCGAGCTGTATGCTAATGTCTGACAGGTGTCGCTTAATGATGAGCAGCTCTGTGATTGTCGTAGGTTGTACGTTAGAAATATATGAGTGCGCTCCTTTTTTATCGATCTATGAGGCATCAAAAGACGGCAACTCCCCAAAACCTGGAGTAAGGCGTCGAGCCTGATGGATGTTATCTCGCGGATGTGTGAGCACCCGCTGGTAGAGATCTTATAGTCTACAGGTTTCTAGCCGGCGTTCTCTAACATCACAAACAGGAGGGAGCCTCTTTTTTCAATGGCTAAATTCGATCGATATGTCTCTTACTCGTAGACGTTTGGGTTGCTTCTATACACAGGTTGCGTGAGATCGGTAAATAGTAACACCTCGAGGTTATGCTTCGGCAGAGGACAAACCATAAGCTTCCGCCCGGGATAGGATCCTCTGCACCATCAGCGGCACACTCTGCTCGTTGTCTGTCCCAAAGCGCATCACAGCTGCCTTTGTCGGCCATTTGACTCTGTTAAAGAGGGCCGGCCTAACCCTACTGTCTAGGTCACCATAGGTATCGTTATTGCTGTTCTGATGTGGCATCAGCTTAGTATACAGTTCCATCTTTTAAGTCCCCTGTGGATAACTGGTGCCTCGACTATCGACTCGTCCGTCCACTCAAATCTGGCGTTGCGACTACGCGATTTTGTGATCCTTAATCGGGGATTGCACACACTCACGGACGTGTTGCGCACAGTTAATGTAGCGAAGACCGTTTAATGATCGGTCAGGGGAGCTGGGCCGTGCGAGATCTAAATTTCCCTCGGACCCCGAGGAAATCCGGACTCAATGTGGTAATGAATTTTGACGGCCCCAATACAGATACAGTGAGGTAATCCGATCCAATTACACTGTCTGAGCAGTCTGAGTCAGTAAAGCGGTAGGTTTGCCTGTGAGACTCGAAGAGACTCCGTACGCGATGTGTTCAGAGTTTATTCGATTAAGGCATGCGCCTTTACGAGGCGACTACTCAAGCGCGGTTCCGAGAGAAGGGCTCACCGCAATGGTGTAATGCATGACGAATCTGGTTTTATTACGTCGTACCTGTACTGGTTCCGCACACCAAGTTAGCTATGCCGAAATAGGATTGCGTCTCAATACAAGTGTAAGACTGGGAGTGCAATACTCAAGCTCCGATCGGTGGCGATAATCGTCACCACGAAAAAGCAAAAAACGCCATAATCTCAGTCTCCCGTAT,1781,49.02,Caenorhabditis elegans
SEQ_265145,ATCAGGCGTGTACCACGCGGACTATAGGTGCTGCCTTGTGGGATGTCTACGGTGTGTGTGGGGGGTCTCAACGCCCTAGTCTCTCCTAACGGGATTTCTGTGGTACTGAACGAATCCGCTGCCTGTTCACGCGCATCAATCAGAACCTGGACTTAACAAGGAATTGTCCCACCTGGGCTGAGAGTGTCTCGTGTTCTCCGTCAGAAAAATCTTCTCAGATAGTTTTGAAGTCATTTACTGGGAGATACGCTAACATGTAAATTCATGAAGTGCTTCGTGGCATTTGCCTGCCTACCGTCGGGGCGAGTTTTCCGGGCCCGCACCAGGAAGAACCCGGGCGATCGGTCACTGAACATATCCATTCCGTGTATGCGACCTAAGCTAATTTTGCAGGACGGGAATGGCCGAGGAGCTAA,416,52.16,Homo sapiens
SEQ_347800,AGATTTACGGATAGGGATACTTCTAAGACCAGGATCAAGTCGGTAGGGAGGGAGAATTTCCACATCGTGCTCAAAACCGGTGTGCAATACTCGTTGCCTTTCATCTCCAGGCAGAGCGTCATGAGGTCTTATGAAAACCGCACATTTATTCAGGCGGAAACCAGCCTGCATTATTTCTAGGCTTTTCAATGGTCGCCGGGGAGGGCAGAAATAGCGGCCCTGTTAGGAGCGAAGCTTGAGCTTTGAACCTCCGGGGAATTGCGGGAGCGCAAGGTGGGCCCAAGTCTAACGATCTTATGCGAAAATTCGGCTTTCGCAATTGAAGTAGATGCCCCCACAGGAAGCCCTTTACACCACACTCACAGCTCGATGAAAGTCAAAGCTGCAGCGGCACCTTTATGGTAGGAAATCCACCGAGTTCCCTCAGGCCGTCAGGATTAAGTGCGTGGCCAGTTCAGAGCGCCCTAACCGTCGTAGCGCCTTCGCCGATTGGATTTGGCAGCTTCTATTGGCTTGCCAAGCCCCACGAACTATATAGCCGCTGCCCTTCTTTGCGAGCTCAAAGGGAAGTGTTTGCTGTTGGTTGTAACCTAGTTCCCGTTTCACAGAGTATTGACGCAACATGGCGGGTGCTAGAGCTAATAGCTAGCCCGCCAACAATATACCAGGCGAATT,675,51.56,Escherichia coli
SEQ_402205,CGGTAACTTCACTTTCAGGCAATATCCGACTCAATAGCGGATATTAGCTCCATCGTATACTGGCCGGGAGCTGACTGGTGTCCGAATCCGATATCTAGGTTGGATATTGGCTCGATAATCACGCCCTGCGGGCACCGATAGGCACTGCGGCCTTATCTCAGAATTCAGCAACTCACAAATGACCGGTCATACGTGAGAATAGAATTTGTGCCCTAAAGGTCCGTTTCGACTCCGTCGTCTTCAAATAAAGGTAAGAACTCGCTGGTGTCATTAGACTCGTACCTAACCAAATTAGACACTCTCAAGCCAAAGACTGCTTTCTCAAGGACGCCAACCTAGAGTCGAGATAGGACCAAAGCGGCAACCGAGTCGCGTAGGGCTATGTCACTGAATGTGGTCCATATTAATTTCAGGACCCAAAACTCCCTCTATCCAAGGCAGAAATACTCTGTATTTGTTCTCGGGAGTATTAAGCATATGAGGAAACGACATTCCCCATTCCTGTTTGATCAATTTAGACCGCCCTCGGCGGTCGTCACTGTCTCGTCGGTTTGGTAGTCCAGGATGTGGGGTATACTTCGGGGAATCACACCCATTTCGGTTCATTCGAGAAAATGCGAGTGTCGGAACTTACTGTCCAGCGAGATGCCTCACGGGAGTGCGTCCGGTTACTTCCACAATCTGCGCGGTTTCCCGATTGCTCTGGATTGCAACCCAGCCGCTAACTGACGTCAGGCAGGGACTGCACATGCTTTTCTGGTAATCATGTGTTCATCATCGCCGAATCATAATTCTACTCAATACACCAATGCTGTATCCATGTCATACTACGCCACTATGCCTACCAGTATATACGGACAAACGACGTAAAGGACCCATTTGGGCCTTGGCTGTGGCGTAGTGGGACCTTAAGAAAACGAGGTTGGTATATCGACCGGATCCTTACGGCCCCCATCCCCGTGTTGAACGTCATGCCACGGTACAGTCTGTATCCAGGAGACGCCATTGGAATACCCCGCTAAGAGAGATGTCTATGATCTTTACTACGATTCTGTCACTGTCCGGCTGCTAGGCTGTAGCTCCCATGCAACTTGTCAAGGCTTCAGTTTAGGCTGATCGAACTCAAAAATGCACACTAGCGCATGCTAGGCAATTTTACTCCCACGCGTCACTACTAAGCATCACGGACACGGCCCGATGCTACTTAAAAAC,1212,49.26,Homo sapiens
SEQ_943562,TCATTGGGCGTCCCTGGCTTCCCAAAATGCGCTGGCCTCTACGCTTCACTTATCATATCCAGTATCGCATATTCGTCCCCTCCCTTCACGTCTGATCGGGTGTGACAGCTTGCAACCGGCAAATTCCCGAATTCGGTTTCTCATCACGTGTCAACGCTACTGTCCATTTGACTGCGGAGTGAGCTTCGCAGCAGCTGCGGGCCTAGACTGTCTAGAAACATGTGAACCAGTACAAAGCACCTAGGTGCAAATCACGTACATTGAACAACCTGTGGCTTTTTAGCTAAAATTGCGTTAATCTAGTTCCTCCTATGGTACCACACCCCGGGAAGCGATATGCCACGATCACGACCCGGTCATTGATAACTGTGATCTGGCATGGACGCCACAAGCCCACAGACAACCTGGTCGTCTGGTGCCGTTTTATAAGGAAGGAGAGAAGAGCGATTTAATCCACTACAGGGTATTCGCCTGCTGACCTCGATCTCGACCACGGAACCTAACGAAGGGTGTACAGTTCCTGCATATGCATGTTGTCTACTATGCCAGAATGAGAAATATGACCGTGATGGGTACAGGCTCGACACTCCGCACGTCTTGACTTCCATACACGGTACTATAATGAATTCACCAGTTGAGAATACAGCAAGGCCGCGGAGTCGGCGCCAAACTGGCTTCACTTGACATTTTCGGCCGGACTAACCGGAACCGGCCTGGAAATATTGTATCCACATTGGCCGTGTGGATGGCTCCCATACATGGCATGTCACGGCTCGCTATAGCACCTTTTAAAACCGTCTAATTGTCTGGCAGGGCGACAAAGTGGTCAGCGTGTCGCAACCGTAAGGGTATCTAACTTACACAGCCACCTATCTGTCGTGGTTATGAGGTTAGGTACTGGCGAGAACCCACCCGATCGGTAAACGTTGGGTAAACGCTTCTAACCACTAGACCGCGAGTTAAAGGCCAAAAGACGAACCCTCGTCAAGGTTAGTGTGCGGTCT,1004,50.8,Caenorhabditis elegans
SEQ_882507,GATCCGTGATTACTTATGTGTAGTACGAGTGGGGAGAATCATGGCCTTAGCAGGACTAGCGCGCGAGCTAGACCGAATGCCTCCAATAAATTAGCAACCCCTGTGAAATATTGTCGTAGAGCTTAAGTCACATCGTTCTATAATTGTCCCCGGAACGACGCCGATTGCCAGCCTACTTAATGCCGGCAAAAGTCTACGGTACATAGTGAGACTTTTGTTCTCTCGTTATACGAGGGATATGTGACCGTTTCAAAGTTTTGGCGCCAACAAGTAATAACAAACTGCCAGAAATAGCTGGTCAACTTCCGCTACGGACTCAGGATATTTACCGAGTGCATGCCGAGTCCGAGCGGTCCACCCGATCCCAGTGTTAAATCTTCCCGGGACAGATATAACACGCTCGAACGGCACCCGACATCCAAACGTCACCAGATAAGTCTCTAATGTAGTTTGACTGCGCCCTGTATCGGATCCCAGCTACCAGTCTGAACATTTCGGTTATCGGCGCTTAACGTACCCTGAAATTGGTAACGTTTGGGCGCGCCGGACACAGCCAAAAGGTTAGAGTTCGTACCCCAGGATAAAACAAACCGATCCTAG,600,48.83,Arabidopsis thaliana
SEQ_614668,ATGAGTCCGGTTTGAAGAGGCTATTTGCACACTCCCTGGATTGATTCTGGTTTTGTGGGAAATGCTCCTCACCATCCTGTATCCTATGAAATATAGGTAGGTCACCCGTACTGTTCCAATCGCGGAGGGCCAGCGACGTTGCAAGCATCGCTGGGGCGGTCCCCTCCGCTTAAGACTCTCCGGTCCGAACTGCGCTACCTGCTGCGGCGAACCCACGTACCAACTCTTTGTTCTGAATGTAGTCACGTTATTGGAGACTTAACCTACTAGAGGAAAACTGAGAGGAAATGAACTTAAGCCCATTGCGCCGCTCCGCTGAACCGCCAGAGCTTGCCGTCCCGCTGGGAGATCTCCCTCACAGCTGGAGACTCCATATCTATCTGGGACTTTGGGGGCGTGACAATCCAACATGTTTACGGATCGTAACCCTTTTTCGGAGCCAACGGGTAAGCATCCGTTCGATACATCCTAAGGTCACCGCACCTACAATGCCGGAGCCCCTTGACGTGCACACTGATTGCTCCGTTTGTTAGAGAGTCAGATTACACTCTCGTCAGTGAATAACCTGGAAGTGCTACCATGACCCGGCTGGGTAGTGCATCGCCTAGTTCGAACTTTCCAATCAGATCAGTCTCATCTAGTGTTTTATCGGCGTCTCCGTTTACCTAGGCAATTCGGGTACAACCATACCAAGCGAACACTGTTCGGGGCCCATAGAAAGTGTCGCCAACTTGAGTGGCGACCGCTAGATAGCCGTTGGCCCCACGGAAACCGAACTACTTCAATAATCCTATGGATATAAATAGAGGCCTGTACTGGCCAAGGCCCCCGTGTTACGCTTTATTGCATCTGATGCTGCGGGTATAGTGAGTTAAAGTCAATCGTCATCTCCGGGCGGAATGATGCTGAAGTCCACTGTGCCCCCATGGGGACGACGGCCTGAAAGCTAAAACAATACCTCTGGATCTTATGGACGGCCTCCTGGGATGTAATGGGAATGGCGTAACTGTGAATGAGAAACTCCTCTATAGAAGTACTGCGGAGATCGAACCTGGCGCTATGCATCAAACTACTTCATAGGTGATGTTGATGAGGAAATTACGATATAGTAGACCAGATGCCCCCGATTCGTCACACTGCACAAACACCTACCCGCAGTAACAGGAGGTGGAGGAATACGAGCCGAATGACCTATCCTGCGGTCCTCGAATACCGCCGGGGGGGTGTGTCGAATAAATAAGGGTCTTGGCGCCTTTAAACGTGAATCAAGAACTAGAGGCTATCTTGAGGGGATAACTTTGTACAACTTTCACTTACCGATGTGCCCGGTTAGAGCTGTATTATAGACGAGCAGGATGAATTTGGGCGTCCAGCTCCACCTCATTGAGCGTCGGCTCAAAGTCCAAAACAACATGCACCACAAGATTAACTTTCAGTCGTTAGGGCAAATAGCAAGAACTGGTAGCGAGGCCTAAGGAGTTTCCAAAAACATCG,1494,50.54,Mus musculus
SEQ_473955,TTCGGCTCTTACGGCGTGTCGTCCGCTCAGAGTTTGAATCGGCCTCCGACCAGCGTGCCAGTTGAGTAGCCTCGCGTCGATTCTTCTAGTCCACACAGGACTCAGATCTCCTGTCCTCCTCTATTGGTTCGTAATGAATGCGAGTATATTGGTGCTTGAACCAGGTTGTTAGTTCCTTTTAGTTATTTTGACGTGCCAACGTCAGTATTCTAGTAGAGATGCGGGGTGGGCCTAACAAAACGTGGCCGAGCAGGCAACTCATATCCTTGGTCAAAGCCCGAGGCTTATGTCCCATACGATTAGTTCACATTCTGTACGGCAAGAGGGCTGCTACATAAATGTCCGGTCTCGGTCGTTGGCGAGCCGAAAGAGGGAAAGGTGCCCTCATTCTGTAACCCGAAACACCGATCGCCCCATGGGGATGTCCGGATGCAAGTAAAAGATCGGATAGCGGGGACCGGTGTAACTTGTTAATGGCTTGCGACCCCGACAGACAGGTTGGAGTACTCAGATTGCAATATATATAACGCGGGATTACGCTTAGGTGGGGGCATTAGTCGGCGTCTTGACGCCAGACACATGATTGAGTAGGGATTCTTAGCGTTAGTAACCCTTTCCCAAACCCTCTTGCGTGAGCGGTCATCGCGAAAATGTCGTACACCAAACTAA,669,50.97,Caenorhabditis elegans
SEQ_745193,GGTGACCTCAAGTAATTCAAATATGCGGATATAGCAGCATACCTTCATTCGGAATTCTCGTCGTCGTGACATCTTCGGCTGACGCCGATCGAAGGCTGGGAATTAGGATGACCGTCCATGGGCTAACTGCGTGAAGTTCCTCTTTTTTATCCTAACAGTGGACTATAAGCAGGTTAGCTACGGGCACATTGCAGAGCGTCGTACGTCGTATCCCTCCTGTCCATCTAGGCACGTTGCAATACTTAGTCATCGCGAGTTGTCGATTTAAGATGGTGCCTTGCCCATTCAGAAGCTAAAGAATCGGGGCCGAACAGCATGTGGGCCCCGCATGCATTACTATCTCTGACGATGTTCAGATGCC,361,49.58,Arabidopsis thaliana
SEQ_130359,GTGAGATTCTGTAAAAGTCTAATGCCCTAACCGGGCGTATAGTGGTTTATTTGGACGTCCTGGCGTCCGTAAAATCGCATTCCATCTTTGACCGGGTCGCGGCCCCATCTCGGCGAGGATCAGCTGGTCATCTCTTGCGTGAACTGTTGAGCATGCGCAGAGTCCTTTAATTAGCCCCACTGCATATCTAGGTTTAGCATTGATCAGGTCATTAGAGGAGACCCTATACGGCCACGAATCCTTCCGATGCGGCTTCCAATCGCCATTTTTCTCGGTGGTAGTTCTCTCATTAGTATCCTCCTCCCGACCATCATTGTCTGAAGAAGATAATCGCGGTGCACGCTTTGGGAGTGGCGACTTAGGTAATTTGGTGCACGTGACCCGGTACGGACAACTTATTTCGGCGGAAGAGAGCTTATTGGCTCGGGGTACGGGCGTCGGCCACTACGTGACCGTGCTCTTCGATGCCATCGGTACAACCATCACGGAGCCTCCAGAAACAGTTTCCTTGCTCTAACAACTCGCCTGGTGTGTCAGCTCGCCTGAATCGTGGGGCCGAGGCGCAAGGAATTCGAACTCAGCCCGTAGTTCTCCGGTCATGTTCCTCTATGTTCGCGTGTTCTATTATTAGCGTTGACCGATCCGTTTTTAACGGCCAATATCTTTCTAACCGTCCAATTTAACACGAACTTTGCAATACATGACCTCGAGCAGGTGCGTTCACACGACTTCAGCCGGGACAGTAAGCCCCGGGACGGCTCCGTGATGCTATAAGATATATATAAGCCGAAGATCTCCGCGTTGGATAGTATTTATGATTCGAATTACTGGGGTATTGAGAGCGAGCGGTTACTGCGGAGTCGAACTCGGGTAATGCGTCTTTGACTTCCCCCTATAAAAAGCGGCTCTGCTGTGAGGCTAACATTGTTAATAGGGGTTACGCCGGGAGACGGCATTATTAACGACTTCTCCCATCCATCGAGGGTGTGGCGGGAAAATACTGAGATCAAACACAGAGGAGATTAAATAAAACGAAGACACTAGGATGTCGTGGTATGCCGGGAGGAGTGAAAGGGCCCGATCACACCCGGTTTGTTAGGTCTCGCCTACGATTCCACAGTCCAAAAGCATCTGTACGCCAGATTTTTGCCTCGACTTGAGTTCAACAACCCTATTATCAACAATTAACATAAGTGGTGCACTGGCATATATCGTCCTCCGCGGACCTTCCCCAGTTTTTAAGTTAGGAAGAAGATCTCGCATTGCTGGCTTTCTTCACATGCGATTCCAATCCGGCGCGTTCGCCATGCAATGAAACCCGAGCTCTAATGATAGGCCCCACGATAGAATACTTCCGAACTGTAGTTGTGAAAAGGAATTACGCCTGTATGCCACTCCGTTCACTGCCTACGACAACGACTTTGACGTCCTATAAGGTTAGACTATTGAGTAACTACTCCAGGGCCAGGTCCCCAGGAGCGCCACTGTCTTGAGGGGGGGACAAATGTAAAGCGCACGCCCCTGCACGACCTTGTTAGTTGTTCGCAGAATTTGAGGATCGTACAATGCTATTACGGCATTCGGGTACGAGAGTCTCCTGAACATATAGGGCCATTAATTCCCTTGAAATTGCACCCGTGATCACCTCGACCACCGAGTCTACGGACCGAACCGTGTAGCATGTGGGTGAC,1691,50.33,Homo sapiens
SEQ_285907,ATTTGGAAAGAGGCAAAGCTTAAGTCTCTCAGTATTAGGCCGTAGGCAGTCCAATGGAATGGGGGGGTCATATCTCTCGCTAACGAATGGGCTGGTTGACATTCGGAGTACTGCCGCAAAAATTGGCACGAGCAACGAGGTAGACGAAATGGGCACATCAGTATAGCGCAAGTGAACCTGCAGCGTCTCCACGCCCTGAGTATAAAATTGAATAACCAGAAAACATTGCATGTTAGGACCGCACACCAGTGAGCCCCAAGTCGGTAAAAAATTACCTCCTGGGTACGCCTTGCGTACCTTACTGGACAAGTCTGCACCAAGAATCGGTCTCATGGTACTTAGGCAGCGTAAAGAGAACGTCCCGACCCGTTACCCCGCAGCAGCATTGTGTGCAATAGATCGAGGAACCCAAAAGCCTACCGTCTGGTTCAGTTGTTCTATTCTCCAAGAGATATATCTTCATCTAACGGTGAATTGAGATGGATCGCAAATATAGGCACGCCTCCGGTCCTTCCTCGAGACATAGCTTTCGACAAAGTTGCAGAGGAGCCACTCAATCCCGTTTTTCCGAAACTGATGAAGGCCATCCACTTTACCAAGGGTCTTCGACTTCCGGTTAATTGCTGCCAGGGTGATGCGGACTCCATCTAGGACAGAGAGCCAAGTTTCTCCGTCGAACGCTATTCAATGTCTGACCGTGCTCTGTAAAGGAGTGAGTCAGAAGTTCTCGCGATTTCAGTAGACTGGTGTCTAACTCTTTCCATCGCATCGTAGGCTCCCCCCTTCGGAGGGTTTACTGTTAGGCTACTTAAAGACATTTATGGCACATTACGCTGTGGCGCCGATAGTCACCGGCCACGCAGTAGCGTATTTCTTACTACCAGCATGCATCTAACCACCGTAATTGTTTGCCCCGCCAACACGTGGTCTCCGAAGAACAGCCACTATGCGGAGCATTTCGGGATAGGCTCTCGTCCTAGCCAGCATCGCCTCATTATATGCACCGCCAAAGCTGCGGCCCCGACACCCTGGATTATACCTACGCGAAGTTGAAACATTCTCACGAGAGACCTGCATCTCGCCGATGTGCATGATACTCTGGTCTAATAAGAGGTAACAGTTGTACCCCGGAAAATTATCATTGGACTTTCGAACGCCGCACTGATGAGACCTATTATGAGTAACGGGCCATCAGGCTTAGCGTCTCCTACTGAGCCTCAGCGTATGACACCACGAGTAACACACCTTTCCGTATAGTTGTAACTGCAATTTGAACCTCCGTAGAGAGTTTGAGTCGTTCATAACCTA,1308,49.54,Escherichia coli
SEQ_580028,CATGCTCGTGCAGCCCTAGACGCGACCACCCCCCACCTTTCTTTTGATTGTGCTGGTGACGCAAATGGCGTCCGTCGTGAAGATGCCTTATGCTCCGGGTACCTTTAACGCGGTAGAACAATCGAAGCGGAGGGCGTACTCGAGTTTGGTAACGATCTACAAGTTGTGGCATCTGGCCTCTGCACCGGCTTACGAAAATAAGGCGGAGTTACGCGCTCCCATAGCATTGCGCGCCACATACTGCGAATAAACGCCGGTTCGTAGAGACGATCCTAATGTTGAGTAATCGGAGCTCATAGGCGGTAAAGGACTCTGTGAAAATGCGGGTTATGCATCCTCAAGGTAAAACGGGGACGAAGATTAGCGACTGACCCGGGGAGATTAGATCTCTTCCGAGAGCGAGGTCTGCACTTATTCCATGTATTGCCCCCCCTTGAGTCTCTTGAGTACCTATCCTGCACCTATGGGCTGACCGTCGGGATAGAACAATCTTTGCTGTTGGGCAAATCCAGTGCGCCCTTCCTCGCTAGGGCAAGACGCGCGTGGATATGATGTAGATGTCGCACTTGTAGCCGAGAACTTATGGGAGTTAGTGAACGCCTGTGCCGTATGCATTATTGGGTTCGAGTTACTTCAGTCCTATTCAGTGGAGCGTCCCAGGCAGGGCTCAATTTTTCCATGCGGGTTCTAGATAGACGGTCCCAGCCTAAGCCCCTGAGTGTTAGCCGACCCGGGCATAGTTTGTGACCCAAGATTGCTAGAATCAGCCCAGCCAACGATAGGTCATGGTGACCGGTGGGAAAAGTGGCGACATTAAACGTATGAAGGGGCTTGTCCATCTTCTCCGTCACGAATTGCGTAGCGACGAAACGCCTTGGCTTGGAATCTTGTTCAAGGGGCCACTCACGATGGTGACAAGTCGGCTGCGCCTGATCGAATGCGTCCGAAGCTCGCCTTCGCCACGGGGCGCGTAGGCGTAGCATTGGAACAGAGTCTTTACCTCATATTAGTTCAGTGGCGCCAGGGGATCGCCGGCTGACTCGTAGTCCATGCACCGTCGGGCCTAGATCTCGGAATAGCGCCTGGGACGTTTGCAACAAAGGTGAGGCAAATAGACACGGCGCATGAGCATATTTGGCTCGCCAAAAAGCCCTCCAATCCGGTCAATCAATCGCCTTCGCATAGCCTTGGAGTAACGAATGACTGGGCTGCTAATGACACTCTTGGAAACGGTTTACTCATCGGTACCTGGAATCTTTCAAAAGCGGATATCATAGTTGAGGTTATGACGCTGGAGACGTATGTTAGGTGCTCTGGGGGACTAGATATTAAGACTACCGTTACGCCCGGTCTTGTTGATATCAGGGACGGGCGGGGACCAAGACGCCATTAGGCGCACGTCCGAGTAGCTGAGTACGATACCATTGCAATAGATCCGACCTCCGCTGACTGTTGTTCACTGGGCACTCAAGCAGCCTGGAGTTTTAGTCAAACTAACGGTTTATGCGTCTGCGCCAATGAACTTGTATGAATCTCCCAAAGGGCCACCCAGAGTCGGCCTCCGCTACTAAGACCGTGCGGACTAGCTGGCTCTGAGAAGACGGGTGCTTCCGCACTGCTCTGAAGAATGCC,1632,53.25,Escherichia coli
SEQ_913528,GACTGCCGACATGCATATGCGTTGAGCTCGCTCCATCCGATCGACGCGCCAGACACAAACGCGCAACCACGGTTCTTCCCCGAGACCACCTCCCACTTCCACCATAGTGAACGTCGGGCCTGGGCGAATTTAAAGCCTAGCTTCAGATGCAATCAGCAGACGTCTACTTGGGTTCTTCTGGACCTAGATAAACTACATGGTGGATTATACACGCACCTTGGGCCTGCTAGTTGGAAGGGCGTATATTTCAACAGCGGCAAACCGCGCCGGGAAGATGAAGGGGCTCAGGTTATTCTCAAGTCTAGGTACACAAGGTCCTGGTTCAACATGCTTGCTCGGCTCACCCTCTATAAAGACGCACTACAGAAGTACGCTCTAGAAGTGTTTATCAAACGGTCGGTAAAGTAGCACCCCACCAAGTGCGACTCTGCCAAGGTTGCTTCCATTCGTGTGTGGAGAAGCCACTCGCACAGATAGTTCCTGAGATAAGACCACGCCTCTTCCGATCAACGATCTCGACAGAGGTAGCTCACGAGTAAACTCGCACGGTCCAACGTCGAATACGGAGTCACGCTCTCCTTCACAGGAGAACTCGAAGGCCCTTCCCAGGAGAGAATGTAGAGTCAATACCATTTAATCTCGTGTATACTCCACGGCGACGTAGTGCAACCGTTGTGTTCTTCTTTGCAACCAAGGTATTACAGAGCCACACACAACCCCTGCGACCTATCTACCGATGAGGTAATTGTAGTTCCTCATTCGGAATTTGCATTGACGGCGCAAGGACCACATCAATCCGGCGGTGTCGATACTAACACTGCATTTTCTAAATTGGCGACAGCAAGTCAAATTTGGCTAGTTAATGTGCCCGTGAAAGCGAGCTGTTGGTATGCAATGTGCCATACCGTAAGACCTACAGTGCGGACCCAGTGGGATGTATTTCAGAGTCCTATACCAAACCAGGCGATGATGTGACTTCGACCGGGAGGTCGAGCAAACACCGCAGGAAAATACCATCTCACCGCCGATCTGTTGACCCCATTAGTCCTGGGCTACGCACTGATGCTGGTTAGAGCTCGCACTTTAATGGCGGTATGTCCGCGAGGTAGGTCCGCACGGATTAATGAGGCCCATCCACGACGTTTCCGATTCCGGGACTCGTCCATGAATAGCTTATATTAGCCCTATTTCTTAGATTTTTCGATAACTCGGTCCGACAAAATAAGAGGTGGGCAGACACCCT,1243,51.01,Saccharomyces cerevisiae
SEQ_378232,CTTGTGATTGTGATCGCTGTACGGGCTGCTTGATATGTATATCCCCGTTAGAGTCAGGATAGATCCAAGGTCATAGAGGATTTGCGGATACCGATTAACAGGTGGTTGTCGCGCTTCTTCATCTGGCGTTTGGACACCAAGCGGCCTTTCTTTTAGTTAAGAGTATTCGCGAGAATCCTATAACCGAGAGTGTAGCCCAGCGCATGAGGAAGCTCTCCCAAAGAACATTCCGTGTTATCTGAAACAATATAGAAGACCGCAACTATGGTGGCTAGGCGGCAGACTTGTTTGCATTCTTATGTGTTCGGCACTGGGGTCATTACCCGTGGATAGCGGATGAACATGTTCCGGTTCTGTAAACAACGCAGGCCATACCTGGTTAAACCGTATGAATTGATGTCGCTAGACGAACATAGTGTCTCCCGGCTCCTTTGGAATCAATCCGATCATATTTTACCGATTCGGACACCGCTCGAACTTTAGGAAAGGCCTCCCTTCTGAACACTGAGCCTAGCCACTCCACTGCGACCGGGCTACCTACGGTTTGACCCCCTGTAATAGCTAGAAGGC,570,48.95,Escherichia coli
SEQ_459578,CTTCCGTAGTCGATATTCCAGCCCTGTTGCGCCACATGGTGTCGCAAACTCCGTACCCGGAAATCGCCCAGTGAAACTTTCCCAGCTATGGCTTTTCTCTTAAGTGGTAATTATGAGATCTATAATTAGATATGGACGAGTGCGGCTCAGGACTAGAATCACCAGCATACCCGCCGATCGCTGCTGAGGAGGAACGTGAACTAAGACGACCCTGGGGGCCAAGCAGAGTATTTAAAAGGCATTTCAGCCGGCCTCGACAAAGTCTCCGGTTCTTCCATCCGGACAGTCATCGCGGGGGAATGTTGGGGATTGAACGAGGTTGATATCCGCTCTAAGTCCGCATTATCCTTACTTTTATTCAGATCCTTCAACGATAAAGAAAATGAAGTTCGCGAGACAGTTTACATTTTTTTCTGAAGGCGGGGGACCGTACTAGCGACTGTTGCGCGGCCACGAGGGGCAGAGCATACGCCCGTGAATCCTGGCACTGGTCGCTTGAAAGGCAGACCAAAGGGTCCGATCCGATAGGTATTCCCTCGCTTTACTTAATGCTAACTCTTGAACAGCGGATACATTTTCATTCAGCTAAGGTGACAAATGACGAGGGGGAGCGGAATTCTATCATCGCTGCCATGGCCATATGTGACAACGGTAAGTCGCCTATTCACGCACTAATACGAGACCACATAAGACACGTGGTTGGTAACAAGTAGTTAATGACCCTTATAGTGGGCGACGAGCGTGTGCAGCTGGGTGTACTTCTGAAGCTGAGGCACGGAGGTCTCACGTCACTTACCACTTAAGTTGATGCTCATGACTCCCACCCCGACCTCGCCCGCTCAGGTCGATTCGTGTAGTATATGATTAGTTAAGTGGCGCCCACCCAACAATTCCAGGTTCAGAGCTGATCTAGAGATAGTCGTGTATTGGTCAAGTTAATCGACCCGTGGAGTTCCCGACCGACAGGTATTATTTGGGCTGTTAGACACTGAATTATACGGAACCGGAACGACATCACATGTGCAGCAGGCCGTTTCGAACTAAAGTTGGATAAAAGCGCCAGCTCAAATCAAACTTAGGTGTTATTCATCAGTCAAATCTGTGCGGTCCGTTATCCTCAACGACTGATTGGACGCACAAATGCTAAGGGATTTCGAAGTTGTGTCTTTGCCGGGACTCACAGGGGACGTCTCCGTAACCTTATATGCCAGTTGGTTTCGAACACCAAACTTAGTTAGCGGGTTAAAGAGGACGGTGGTCAGGTTTAAAATAGTGAATTTTGCGTGGAGTTACTCGGCGTACGAGGTGCAATCGGCATATACACAGGGCTTCCATTTATCCCTCCGGGTATTCAGGCGATTAAAATTCATCGCACACATCAGCCTCTCACAAAAATAAAGCGTCAGTTCTTTTCATTTCGATGTTTACACTAATGACCGATGCCATTTTATATAGCAGGGTGGAGAAATAAGGACGGCCGATATAATGACGACGGCTCCAGAAATCGCGGCATATGGTAATCGCGCGCCTCCCGTAGTTGGAGTGTTTTCCGTCCATGTACTGTCGGTGTCGT,1573,48.7,Homo sapiens
SEQ_456533,CTCATCGTTCGGCTATTTGATGTCCCAAAGGGGAAGGCTCTCAAGTACGATCCTACTACTACAAAACTCGGCATCGGCACTGTCCACCGCCTCCCACATCACATCCTATTAACGTAGCTCCTCAATTCAAGGGGGTACAGGTACCACGCCTGATGAATGTCAGCCATCTACAGCCTAAGAAAGGTGTCTCGGTTGCCCTTGCAGGATGTCCAGTATTCCATGAGCCTACCTGAAACTCCAAATTGTGGAAGACGAGGGCTTTCCTGGACATGACCCTGAAATTGCTAAGTCATGGGTATGCTACCCTAAATTAGGTGGTTCGCGATTATACTTTGAACCGTGAACGCGTGGCAATTAGCCAGGCAAAACGACGAAACAGAACAAAGTGTTGATTTCCCGCTCGCAATAAATCCTCCGAATACAGCCCTGTAACCTCTTGTCTGGTTCGTCCCGAGTCTTCAGTGGGTACAGCCCGCGGGGCCACCACACCAGCAACGCTAGAGCCACAGATTAAGCCGCGTGAGGTGCTATCTCCATTCCGGACACGCCCACTGTATGATTTGGTGGCACGCGAGGACTGGTTATCAAGAAGACGCTTACTGACGGTCCAGGGGTAAATAGTTGGCCACGGAACTAATCGATATGGACCCGTGTGCTTGTAGGATTCTTTCATACTGAGCTGCCAGGGCCGCCAGGGGGATTTCTCTGTGATACGTTCGTTCGCATTCACAGGCTATACATCGACTGGCAAAAGATAACCCAACCTGGACATGTGGGTGGTGCTGTACCATTATATCTACGTATATTGCTTTGACTAGGATCTACTTATGTCCGATTTACTTGAGTCCGCTCGAACCTTCTGCTGGAAACTACGTTCTGCTAACATAAGGTGGCTTCTGGCTACCATGACCGGGGAATTTATTCGATACCTCGTTCAGGAGTTCGTGTTTTACTGCACTGTTGTCACTGTCCACAGACCGTAGCGCTAATGACCCCGGAGCGAGGACTCCCGCTACTGAGGACGCGGACTTCCGGTCTTGTTTGACCTTGACGCGAAAACTTAGTCAGTAGCCTTAGTTCAGAAGCCGGCAGATACATTCTAGTGAAAACACCACTCATCGGTTATTCCAGTCAAGGATTAGTGCAGTCTCGAATTTAATCCTTCTTGAGTACTAGTTCGTAGCTATTCTGTTAGCCTATCGGGTACGGCTTTTAAGCGGACATCCGTAACTCGCACAGCATGGACACGCGCTTTTGAGGTCACTCGCGTTCATAACGCGCCCCTGACACGAGCGGTAACCGCGATCCCTACGAGAAAACCTCACTGAATAAACTTACATAACCTGATCCCTACGTGCAATTCACTATTCTCAAGCTATATACAGCCGCGCTTAACGGTTTCATAGTAGGCGAACCAGGGGACGCAAGGATCCCCACTGATTCAACAGTCAACGTTGGTGATCGAGATAACTCCTTTCTTTCCGATATCCCCCAGATCCAAAGTCGATGCTATTTAGCTGCGTTTACTGCCCAACTTTCAAGTCTTAAACCATTTAACGGTTGAAAACCCTATCTGGACAGTGTATTGAACGAGACTGAGACATAGAGGATCCATTTATCACTCCGCGGGC,1631,49.23,Caenorhabditis elegans
SEQ_286114,TCATCTCGGAGGAGGCAACAAAATGACACAGAGCAGCCAATAGTTGAGTTAGTGCATGGCCCACCCGTCAGAGTGTGTAAACCGGCATCCTGTAAAAGTATGTTATTTTTATAGCTCGAGCTTCTCCCGCAAGTACTATATGTGTTGAGAGAGGCCATCTCGACCAGTCACTCACTTACTGATCTATTCTTATTGTATTGATCAGGCGGGTAATGCGGTGAGAAAAACCTTCTTTCTCACACAGTGCTTTTAACACCGCG,260,45.38,Homo sapiens
SEQ_868923,TCACGTTGCGTTTCGGCGCAGCAGCTCTAATTTCGGACTCCGCAGACAGCTCGTGTTAAAATCCTTATGTGTGGTATACAGATGGCCAAGTTAGACTACGACGTAAAGCGATGTCGCCCCGACACAGCGCTCAGGGAGCCGCTAAACGTAACCGCATAAGTGCCCTCTCTTTTTCGTAAATAGTTATAACTAACAGTCCCATTCATCCATTATGAGACCTGTGTCCTGAGGAGTGCAATATCGGCAGCACATTCGTTTTCACTGTAGCGCAGCATTGATATCACGCCAGTCTCGGCATCGCAAGCCATCTGACTGATCTGGTCTCATCTAGAGTACTAACAATGGTTGCCGCCTCCGGGCATATTCGTCGTAAGCCTCTGGACTCAGTGTTTCCTCAGAGCTCACTCGGACTCATATAGATCACCTTGATAACTTAAATCGGTTGCTATATTTGACTTTAACATGCTTCAGGTTGACAGTTCACCTCAGTCTTAGTACATTGTATTAGTCAAGAGGCGAAATCAGGTGTACGATCTTGTACACGAGGCACGGGGGGGACGGATTAGAACTGAACGACAGTCACTACTTGGTGAACATTCGAGTAACAAGACTTCCGCTACAAGGCACGGAATAAACAAAACTAGACAGCGACGGCTACCAGCATGGATGCATCGGTGGGTTTAATCAGCAGCTACAGATCCTCAGCCCTTTACGAAAACGTAAGATTAAACACTTCCCTCAGCAGAGGGCTTGCCGTAGCTATGGCTATGTGAAGCGAACTAACACTAGCGAAAACTTCAACCGGCATGAAGCGATTTTATCGCCGCTTTGTGTTGTGCTACCCCGTATAACACGAGGGCGCATAGCGCGGCGTAGCGTGAAATAACGAAGCTCTTTCTGATAGTAAAACCCATGGAGTCGTACCGGGCGCGAATCCATCATAACCGTCGAGGGGGAAGACCGGACCCGCAACGAGCTTTAGGTTAGTACGCGTATGATAAGCTGCGCCAGTGAGGACCCGGCCCGCGCGCTCAAGTTATGAGCTGCGCTAGCTTGTTACCTTTTGTTATTGAGACTCCCTTCCGCCCAAGCTCTTGCCAACTGGGCAAGTTGGAGTATTTCTCCAAAGATGGCTTTGCCTAATTTAAAGCCTCATGTATGAACGGGGCCCGGGACCGGAGTCGACAGTCTTTCGGCACTGGGGACATGTAAATGATAAGAGGCCGGAATACCGGTCGCCTTTGAAGGACTGGTAAATGTAAACGCTCTTAGCTAAGGATGTGTACCGCCATTCCGGTGTATGATTGAAGTGTAGAATCATCCAGCCGGGTCGCTAGCAAGGTTCCGCCCACCCACTACACATGGAGCGCGTTGCCTCCTATCTACGCGGGTCTACTACTGTTATGACATCAAACACCTCAGAACAGTGCATTATGTCTAGTAGCACGATATGCGTAACACTCTTAGTGTGTAGACTGCCGGAGGACTGTACATTGCTCCGTTGAAATCTCCCGACCCGT,1520,49.67,Escherichia coli
SEQ_971808,GGCTGAAGAATCCTTCTAACAAAAATTACATAACCCTTTCAAGCCAAGCCGATCAGCACCCAAGATTAGCTATCTGTATAACGTGACCCGGAAGCTCCACCGAGTAGTTATCGCTAGGACCAGGGTACTAGTGTACGTTTCAGACTGACCGAGCCATGGGACATATGGACTCAATTGCATCTCTTGGTGGCCTTGCGTCCCGTATGTTCCTGATACCCGAG,221,48.87,Arabidopsis thaliana
SEQ_968321,TCACACCGGCACTGAGACGTGCGAGAGAAGAGCACAGTGACCGTCCTCCACAAATAACCTCGGCTTGTAAGGCATCAAGCTCCATACCGCATATAGCCGCAGGTCTGTTTCGGAGCGTTAAAGCCTGTGTTGACGCCAAACAGGGCTCTCCTCTGCCCGACGTGACTTGCGCACGGGTCCGGGTCAAGACAGAGGCGCACTGGGAGTCCCGAGCAAAGCAACCAATGCATGCTGTGTCAAATTAGACTCCACATCACTCAGAGAGCGGGTTTATACAACCCCAAAAACTTACGGGGGACCATCCTTGGCTACCCGCCAGTGTGGCAAGAACTAGCCAGTGCTCGCCTTCTGAGACTTCGCTATGCCGCGAACGTCGGGGTGCGCTGGTGAGGCATGTTGCGACAAGGCGGTTCCGTCTATTGGACGCAGTGCTGCGACGGGGCTGCGAGATGACTTAATAGACACCGTTTCCAAGAAGCATTCGGCTACTCAGTGGATATCCCATCCTTTTATTGTTCGGTACGGCACCGGCCATCTTTTACGTCATCAGCCATAAAATATTTGAAATATGCGAGTAAGGAGGCGTTAGTTAAAGGCCTGTCGCAGTAGTTTGCTAATTGGTTACGCGCCTACCTACTGACCAACTATGCGCGGAGCGCTATGACCACCTTGTTCCCCCTTGGTCTAAGCGGTCCTGTAAACTAGATAAACTTAGCATGTCAACAATAGTACCCGCACCCGGCTAACAGCCAATGTGATGCCCCGCACTGCTGCGGTATATAGCATCTATATTCGCCTCACAGATGACACCTAAAGCTGGCTAGCGTTTCCACTGGACGTTGGAGCGTGGTAGTTTCACCCAGCTTCCTCCGAGTCACTATGAGACTAACGGACTCCTCACACGCAGACTAGGATAACGGCGCGTGGCAACTGTGCCTTAGTCCCCTTCAACTTACTTATAGTTACCGAGTCTTTGTTTACTAGTACTGCATTGCTGCACTACATGACCCTATGGCAAAACCCTTCAAACAATGCCGCGGCCGTGACGAAATAGCGACATGATTAAACCACCTACTAGGGAAGTGCATGTTCCAGACCAAAAGCCGCTCTATATACTATAAAGAAAATGGTATCTGACACACTCCGAGAGACT,1153,51.6,Saccharomyces cerevisiae
SEQ_620612,CCCCGCGTCACTGTTTTATCTAAAGTACATTCCAATCGTCAACGATGCGTGTAACCCGCTGCTCCATGCGTGCATAGACTATGTCGGGTTGCCTGGTGCTGAATGCGCGTTCAAGGTTCGCATCCGACCTTGGGGAAGGTCGCAGTATCCCAAGTACAAGAGACATCGAGCACTCACAATCTAGCTCGATATAAGCTCTTGGACGATCCACCTAGTGAATAAACCGATGGACCCCCATCCAGACAGCTTAGGTTGAAGTATTTTCTTGGATATTTCCTAGAGGAAAGACCCGATATGTTTCTTACCTGTCAAGCTCGAACAGGGGGTTGGAAGCATCGCCACAATGCGTCCTCTGATCATGACGCGCGGCGGTTATCCGTCTTGGATATCAACCAAAATAGTTCAAGTGAACTCTCGCTGACATTGCAGTTGGCAAGAGACATCCTTTACTGTATTCGTATCCGTTCCACGGCCCATCAAATTCTGCTTATCTCCGTAAGTTGGCAATTACAGGGTGAGGTATGATCAGTGTTCCTGCAAAACCAGTTAATCGCTACACAAGGCGAGCTGGCTGAGGTAGAGAATCGCGGAAGGCGTGTGTCAACAGATCGACTCCCATATCCATGGAGTAAGGCAGACGCCTCGTGGATATCAAGTACGCAACTGAAGAGAGCGTGAACTCGCGAAGATTTGCCAGCTAATATGCGACATAATCTCGAGCCCCTGGCCTAGCTTCCTTGATATGTATGCTAAAAGAGTTCTCTCGACGCCACTATGTAGGTTTCTTAAAACTCGATAATGGCCCGTATCGGTGACTCCCCAACCGTACGCGGAGAGGACAGGCAGAAATAGTCTTCGAGCGGCCTGGGTCATTAAGCGGTTCCGTTGGTGTAACTTAGACTATCCTGCTAGGGTGCAACTCCATAGAGGGTCGAGTCACATCTTATATTGGGAAGTTTTAAGCAGCACCAGTCCAATGCCAAGTGTAGGTAATTTGCTTGTCATCCTTGGATGGAGGTTGGCCTGCCCTCGATCTCCGACGCCGCTGAACTGTGACAATGGGGCTTTTCGTAGGAGGTTAAAGT,1085,49.4,Saccharomyces cerevisiae
SEQ_911383,TCTACATTGAGTCGGAAATAATCCTAATAGGTTTCTGCCACAGTGCTCAGTGACGGCCGCCAGCTTTGCGCAGCCGGGAGCCTCTTCTAATACGCGTATATCACTCCGGGACGCACTGGACCTGCCGACACTTGGCACCTTCTATGAGATTACGCTGGTACTGGTGCGCACTAACTGCCAAAGAACCGCGTGTATTCCCCTCCGAAAATTTCCGACTCTTAAGAGTTCATCGATGTCGTGAGGCGCCTGGTTGTTCGAGTGTATTGTCAAGCGGTCAGTAGTAAATCCTATCTCCTCTAAGCAGATACTAATTCAGTCTCTGGATTTTCGTGCAGCTCGTGCTAGCGAGCGTTAGTCTTCCGATTCCGTCCAATCCCGGCGCGGTGATCTGGTACGGTTGAAATGCCGAAGGTTTTAGGCCTGCTTTTGAACCTTGCGGCCTCTGATGATTACACCTGGACTTCTACTGTAGTCAGAAACGGGAAACGCCCGAGCATGTTTGAGGCACCGATTTTTATGCAGAGGGAAACGACGGTTCCGAGAAGACTGTTGCAGATGCGGCGGGAATGACCCCCCACGGCCCACGCGCTTTAGGAAATAAAGCTGACCTCCATAGTAGAGACCGTTTTCAAGTGGACCCTAAGGCGAGTTCAACGACCCTAGTTTCCTTCTGACTTGGTTAGCCACTCGCTCTTGGCCGAAATCTAACGTGCATGTACTGGTGAGCAATATTCGTCACAGCGTGCTCGCTTTCACTTCCTAGCCCGTAACCTATATTTCGCTCACGTGCACCTTCCTAGCGAACCCTGACGCGGTTACCTTCACTTTAATGCGGCATCCCCGAGGGTGCCACCATAGCCCTAGAGGAGAGCAAGTCGTATGCGAAACGCGTTAGACGGTGCTCCAACGAATCACGCACTATGTCACAGCCTCAACGCGACGAGGGTCGAGTTGCTCGACCTGACGCTTCCACGCGGGGGATGTCCCACAGAGTGCCACCACCACAGTAACCATTGGCTCCTTTTTATCCCGGCATCCGCGTAGATCTTAATATTTGGGGGCGGAC,1066,52.91,Homo sapiens
SEQ_373735,GGTGGCAATGGTAACGATATGTCGACACAGGAGTGTACATAACGGTTGTCCTGTATTCCAACGTCCTGCATCGACATCGTTTGACCCGGACAATATCCGTACTGAGTTGACCGCACTCATTATCACCAGGTGTCCCGTACCCCAAGAGTGTCAATAGTAAACAACCTTACCTTTGCTCCGGAAAAGTTTAAACTGCGCCTTCCAGATTCGGGGTTTTCACCTAATGGGTGGGAGTACCTCACGCTTTCAATTACCGCCTGTTGGACCCCTCCCCGGCTAGCGAATTGCTTTTTCGTGTCATGCGGTAGAAAGAAGCGCCGAATATCACTCTCATGCGATTCGTTCACCGTAATCAACGCGGTCTAGGGGGCGTCCCCACCTCAAGTTGGGATTGGGTAGCCCGGTCAGGGCTTACACCAGCCTCGTAGCTACCGTTCAAATTAACGGAAACGACTCTAGGTAGGCACGCCTTGTGCCCGAGGCCAAAATTCGCTACTCGTAGGTACCTTAGAGACGTAACGGGGTGCACGGTCTTGGTCTCTAGTTCGGGATTTTGCCACTCCATGCTTTTGGCCTAGGTCAACTTGATCTAATGAATGCCATGCCGATGCAATGATCCCGCGAAGGTCGAAACCCATGCATTAGCTGTCTGGAGTACTTCGGCGTCCAACTGCCGGGCAGTTGTGAGTTTGGCACCGCGTACTCACTCTTCACTGAGGTGCAACAGTTCGGATTGGCCCTTCAGCGTATACCAGAAGTAAGTGAGCATCTGCATTAGCTTACCCTACAAACTGGAAGCACCACAGGTGCTGTTTACAAATCTTGCCATTGCTGTATGTTAAAAACTAGAGTTTAGTTGAAAGGGCTGAACAGATCGAAAACATATCCTTTTATTATTTCGGGCTATAGTCCGGGATAATTCTCCTC,927,49.84,Escherichia coli
SEQ_981668,GGCCTTCGTCCATGGCCCTATATGGTTTCAGGGCGGAAGTTTGAGGACTATCCACTCACAGCATGGGATCAATTCTATGCCACGATCGTTTAAACAGGTACATTCAGTGCCGCTTTCGTAAATTATAAAACAGCGGCGATAGTGTGATGCGATTCTTGAATTTCGCTTATTAAGTGCTTGCTTGTATATTACTCTCAGAACCCGTCCTGG,210,45.24,Saccharomyces cerevisiae
SEQ_192315,TGAAACTAGCATTACGCTTCGCTCTGCCCAAGGTCACACGAACACGCTAAATTATTAAGAGCTGCCCCGTGTGGTCCGTTGGCTCCAAGAGACACGGATTATTTCATTAAGTTGCGGAGTATAATATACCGCGGTGGCCGCGTAACTCACTGTACAAACGCCCTTTTCAGAAGACGTTGTCCTAACTCGGTACACCTCGCTCTACAGGTTGACAGGGCATTGGCCGTAGAAGGCATCTCAGCCCTCAATAGGTACCCGGTGTTGATTCTCCCCCCCTATTTTGGGAGGAGCGGGCCCAAGATCGCACCTTCGTCAGGCCCCGCCTGTAGGGACTGTTTTATTACATCTAGACGGTGCTAGAGTGGAATCTACCGCCCAGACGAATGGAAGCGCATTAAGGCCCGACGATCCGCCCTTAAATTTATCACGGTAACCCACGGAAATGAGTTCCTGTCTGCTCTGGTAACACGGCGTTTGTGCCCACCAAACTTAATACTTGGAGTAAGGGGGCCGGCTTGAAGGCGCGCCACTTCTTGGTGGATCTGTTCAGTCAGTGTCGTTGGGTATGACTTTGTAGGGGTGTTACTACTGTTTTGCGGAATGATAAGGGCGTTCTGCACCTCAGATATTATGAAATCTTTAGTCAAGAGTA,652,50.77,Drosophila melanogaster
SEQ_908889,TCACCAATCCTTCGACCGTCACTGTTGGACAGTGTTATACGCTTTTACGTTATCGATGAGAAGGTAGAACAGTGTTATCTATGTTACGGAGTGCATCGCAGGGCTTCCCCTGCGACCCCTATTTATAATCGTCAAGATGCCCGTCGGAGCAGCTTAGTGTATGTCCTCTACGTTGGATCCCACGCACGCTTTTATTATACCTATGACATAAAGTTGGACTCGCCATGTCACCAAGGAAAGGGCAACATTCCTAGTGGACGGCACAAACGACCAAGTCAGCAGGGGACGGAAAGAGTGATGATCAGGAATTCCGCATGGAGCTGTGGAACTACAGTATGCCCCAGGCAAAAGGCAGAACCCTAATCTGATAGCTCTAAATGAACCCCTCACCCCGTCTTTAAAGGCCTAAATCTGACGCCTCTGTCAGGATACGGTATGCTGTATACGTCCAAAACATTCAGTATGCATCACTTCTTGTCCTATGTGGCGGCGTGTCGAACGACCTCCGAGGATTTCAGCCATAGCGAGTCGCCTAACGTATGCGCAACGTCGCACCCCATACCAAGTTATGTGAGGTAATCATATCCCACCCGACCCGTTTGGAATTGACGTTAGCTTTGCGGAATTTGATTGCTAGTCCACCATTAGAACCCATCTAATGCCGTTGGAAGACTTTCTACATTCGTCTCTTGGAAATAGCGTGCCTATTCTGCGTTGAGTTGGCCTTTTACTAGAAGCTCTCGTGCAAACGGGCTATTATGGGTTACTCGGATCACGGTACTCTGGTATTTACATCACGAAATTTACGAGGCCAAAACTTTGACCCGCGTTGCCAATCATTCGATGTCGTGTCCCGGAGATCACTAACTCGAGTCTGATACGGGGACGGTTAATGTGTCATGTTAATACAAGGAGCCACTCCCTGTCTATCGTCTGACAACTAAGGCTTTGGTACGGCTACCTGTACTGGTTCTACCAGGTTGACAAAAACGAGTACCGGCCTTATAATTTCCTAATGGTTCCGATTCGTTAACGCATACGGTCCTATTAATCCGCTGTCTCGAATTCGATCTAATGACCGTGGCACTGCCATATACTCGCTCGGCGAGCCCTGAGACCCTGCCCCGTCGGATGGTGGCGTGTAGGCTGAGCCAGTATCCCGTCTTCGGCCTGAAATCCGTACAATCCCTGCTGAGTATTCTATACATAAGGATCGTGCCACGG,1224,49.02,Drosophila melanogaster
SEQ_598966,CCGTATCCAGCGTGAAGGAGTTAGGATACCACAATGCACACATCGAAGCCCGATGCGACCCCAACCGAAAATCCCACTACACGATACCGCACCGACAGACGGCCCAAAATAAAAGCACATTACTCGTTTTACGACGTGTCCTAGTGGCCCTACGTGTGCATGATGGTGCAGGAGGTAAGGGCAAACGATGAGGTCGTAATGAGTCTTAAGCCCCGCGGCGTCCGGTGGATCTCAGTGGTTCACACTCAGTGCAAGGGTGCGACCGCGGGGAAAGGGCACCGTGAGCGGTCGGGAACCCGAATTTATGCACCCGACGTAGAGTGCTTTATTCATCTCTAAGAAGTATTACCGGATTAGAAGAACCTTCCTCGGCATCATAATACACGCTCGGTACGAAGAGTGGAACATTACTGAGCCGGTCGCAAGCCCTAAGTTTAAAGTAGTAGCTCAAGACACGCTTGAAATGCCAACAATCTCATTATTTGATGGTTTGCCTCCAGTTGAGTCTCACACCAATGTCTACCTGAGGACACAGCGCTCGCTGTCAGATCATACAGTAAGACCAGAATTCGTGGGTCCGTGCGTCTAGCCCTCGTTCGTTATGCTTCAATCGCTGCCTGCACAATTGCCCGTCACCTCAGGCCGCGGCATCAATTGGTGAAGATATTTGAACCAAAATTTTTGGAGTGTGTTTCAGCTAGGGGTCTGCGTCCACAGCCCATCTCTGACACCGAGCCACATAGCGGACGCACCATCAATTCGCTAAAATTGCAACCGAGGGTCGCGTCGAGGAGGGAACGTGAATAAGCTATACTCGGAGTGCCACGTTACATCTAGATAATGGGCTCCAACCGTACGGTCAGGCATAGTCGAACGTACAAGCTTTACGGGGCTTGCACTTGCACGCCTGGTCATCTCGGGGAGGCGAGCTTGCGCCCAGCTTGGAATGATAGCACGACCAAGTTGACAAAATCTGGGTTTTAACGATGGAATGGGCTTAATGCTATCGGATGCGTTAGATGCCCAGGATCCCACTCATTGCCCAGGGATAGCTCCAATTACATTGGTAGGGATCTTTGTCCTTGTCTGCGTGGCTTGGTAACGGCAGACGACTAAGACAGGCGTAGTGGGGGACGCTTACGTGTCCATTAATCCCCCTACGCGTCCCAGACTGGCTCCATACAGTCTTGAGGGCCGGGAAGTCATAGAGAGGTTCGACGCCCGGCGAAATACCAGATTACAGTATCTAATTTCTGTTGATATTTTGAACGCAACTTCGACAACACTAGAACCACTGTGGATACGTGGTTGCTGAGATTCCTCAGTCGAAGCATCTATGTTG,1342,51.42,Mus musculus
SEQ_616690,TGTTCAAGGGTTGCTACTGTGACCATCGAGAAGGAGCGAAATGGACCCAAGTCAGTCCGACTTTATCGATACCACGACATCTGAGTAGGGGACACCACCATACGAATAAACTCCATTGAGCATCAAAAATGC,132,46.97,Saccharomyces cerevisiae
SEQ_462993,GGCATCAATCTCCATCGTCCAAAAACGTCCCGTCTGGACTGGTCCCCGACTTTTACTGTCCGATCAGGTCCGTTCACCCACGTCGCATTTAGGAAGGGGCTGGTACGGGTCCGAGAAGTCCTGTTCTGGGGATACGTGGCATCTTACTAATCTCGCTTATATAAATCGTGGCTAGCGCGCTGAAGTGTTGGAGGTTAAAAACTTGCAAGCCGTATGATGCGGCATACTCGTTTTACCACGTCTGGTATAATGTGGAGCCTTCCGGTCATCGTACGTAGCAAACTGGACGCTGGAGTGTGCGTTACATGAGGCTGATCTATGGTGCGGGGTTCGCGCCGAACAACGCGCACCGTGGGTCCCACTTAAAAAACCAGATAGTCCAGTCACACACGTTCACGGCACCTACCGTAATCTGCCCTAGTTAGTGACGCTGCACCACTGCATGTGTTGATTTTGATGCACATGTCAGAATGTTTCGGTTCCTCGGGATCAAGCGAGCGTCTATCTCAGATATAGTCGGGAGCCGATGCC,531,52.35,Saccharomyces cerevisiae
SEQ_538976,AAGCGCATCAGTAGGAGGTTGTGGAGCAGATATCCATATGACATTCGGTATGTTGTCCATAATGGGTAGTCCTCAGGTGTATGGCCAGCTCTCAGTGTCGTTAAGTTCGAGGTACACAAAGTATGTGTGGGTAGGTCCCTCACAGGATCATCTGTTGAATTGGCTTGTCCTTGACCTTTTATAGGTAATCTACGTTATGCTGGGATGTTATCAAGAATCCTGAACCGTTTTAATAGGGCTCGCAGAACGGGTAACAGATTAGAGCCGTGAATCTTTCCGTGGCAGACGCAGCAAATGGGCGCTTACGTGGCGCGACAAGGAATAATGGACTTATGAAGTCCCTCTCGATTATATGCTATCGTGAACTCGCTTTGTA,376,46.28,Caenorhabditis elegans
SEQ_607626,ACCCTCAGTCTCCTTGTCTCTCCTACGCTTGCGCTGACCATGCCCCCAAACACTCCTCCGATCAGGTTACCATAAGCGGCGCTAAGGCGGAGTGTCCCCAGTGGTTGGCCTCTATGGCCTCACCAGCGGGTGCGATTGTACCAACTTGTTAAGCGTGCGGCTTCTCGCTTCGGCGTGCCGGTAGCAATTATTAGAAGCATCTAAATCCTCTAGATGGATTAGCTAAAGGTGCTTCTTATCCTCATGCCCCTCTGGAAGGGTTTGCGGCGAGAATTTCGTCGAGGTAATGAGAAGCGACCTAGGCCGGTTAATCTAGTACCTCGGGTCGGCATCATTGCGATATAGGGTGAGTGAGGTGCTGCAAAAGTTCCACCGCGGCCAGACGTGGAGTCAACATAGGACACTGCACGTTGTGGGTTCCTTACCTCATATAATATCGCCTGCCGAGTCAGTAGATCAGACGAGAAATGCCGCGTACCCAGGTTTATTAAGAAGCTAGTTAGGTGGCCCATGACAAATCGCCATGGTCGGACCGGAGAAGACACGGAATCGACAAGTTGAACCAAGCTGGATCGCCGCTGCTATCAAAGGCACGGGCTAACTTGAGCAAAACCTACATCGATGAGACGGAGTTCCTGAAGGCTATGAATATGGGCGCTCGGCGCCTCACCTTCTTCACACGACCTGTATAGGTAAGTGGGATGGTTTGATCGAGAAGAATACAGCGACCAGTCGACCTGATGGTGGGTCATAGTTGGTACGTTATGCAGATTAGGGGCTACTGATACCCCCACCCTGTGACGATGCGGTGGTGTTATCCTTTACGGTTGGATCAACCGTTTGCGGAACGTCTGGTCAGTATACCAAAAGTCTCCGCATCCCACCACTTGAAGATTGTGTCTTGCCACCCCCGCACTTGCTCTATATCACGGGATTACCTGCGATGGAAACCTGATGAAAGTGAATGGAACTCTCAATGGGGGGGCGAAAAAGTGCCCAATGTGACCGCTGATGGCTGGTACCAAAAGACGGTACTGGGAAATATCAGGCTTGAGAATCCACATATGTACGGCTTCCATGAAGTATTCTACGCAATCCGTGGCCTCGTAGAGTGTACTACGCTCCGTGGGGCCAGTGACATGTCGTTATCGGATACGGTGGCGAGTCATGGCACGTACGTCTAGCGCTTATACCATGAACTGAACCAAGCATCCCCACGATCTACCCCCCCAACGCATATACACAAGGCAGGTTAGTCGGCATTGCTGCCACACTTACGCCTTTTTTGCGTAGCAGGAAGGAGGGATTCTAATACGTAGTGCTTGGTAACTAACGAGAGCAAACATAGTGGCACTTGACGTCGCAGTCCTAACTCGACCTATCCTACATTAGTTCAACCCCTGAGATGGGGCCGTTTTTATTTGAGTCGTGTGACGTCTAAAGTGGATCTGATTCCGGACCCGCCCCCACTGTACATCGAAGGACGATTGCGTCTTGGAGTTGCGTTCTGGGTCTGATATTTGATATCTTTTTCGAGGGGATCCATAGGGAAACCACTAACTAGATCGGTGGATGGGTGGCGTCATCCTGCAAATTTATACTGAACCTTCTCGGACGCTGAACGCATAGCCACCGGCCCGGTTTCG,1646,51.7,Escherichia coli
SEQ_832952,CAGGCCATTGGATTCTGAGGACCTAGCGAGTAAGAAGCACTGCCCGGCCCGGCTAGTATCACAACGGACCCTTAGGATCGCCGTGATCATATGTTGCAGTCATATGCGCCTAGGGCATCACTCGAGATGGGGTGTAATTGTGGATAGATCCTTCACTATAAAGTCAATCGGGCCCAGAGCCTTGATCCCAGCTCAGAAAGAACATAAAGAGGCCGTAACGAGCTTGCTAATTAGATCCGCTAACGTGGATAGGCGGATGAGCTCCCAAGCAGGGTGCGAATCCATCTGAGATTGGCAATGCTAGTCCTCTACCACTCCGGCTGATCCAGAGGACATACACTTCCACTCTTCTTGAGATAAGACTCGGGAGTCTGTCTCCGTTAGGGTTATTTAACTGGGGTATTCTGAGATGATAGTCAATACCCAAATACTTATTT,437,49.2,Caenorhabditis elegans
SEQ_387181,CGCATGAAAAATGTGCCGCTCACCATGTCCTACTAAGTTCTCACTCCTACCTCCACTCTGTTGCGCTGCTACACTATGATCCCACGCCTACTATGGGCCCGGATAACGCTAAGCGATCGTCCACTGCTGCCATCGCAGGTGTCTGTATATTTCTCATTTCTTTCCATGCTTGGATAGTAGACGGATTTAGTTAAATAAGATCAGTTCTCGCGAGCTTGACAGTGGGCTTTAGTGAAGCCCTAGGTCCCGACCTAAACTGGTAGTCGTGTTTCATCCCCTTCGATTGCTGACATGAGGATTTGGCAGAATC,310,48.71,Caenorhabditis elegans
SEQ_110285,GTAGTTTGGGCTCCCCCAGTGCGCATCATTCCGGATTTTAGTGGTGCTGAAGGACGCCGTACCTACGACGGTTGGATACTTGGAAGACGCTAGGTAAGTATAAGCATGAACGAGTTGGCTAGATACTAACACCTCAGCTTGACAATATGGACGAAACCAGCAGGGTACGCCCCCGTCAAACATTGGTCTACGTGAATGGCGGGAATGACCCCCGCGCATCATAAGGTGATGGAAACGCAGCTTTATTAACGTGACAGAATATATTACTAACGCACTCCTTTGTATTTTGTCTGAGATTACAGGAGATTCTCCTCCGGGCAATCATGGGAGTTCGTGAAGGCCGTACTACGATTAGTCTACTGGCATACGATGCTATAGGAAATTCTTAAATGGTCACTGTCGCTCACCTTCAGAAACATTGGATGGTCGGTCTGTATATAATATCAGCCGATATAACCCAACGCGGCGGCTTACCTGGACGTGGTCTGCTACCGTGCCTAGTCCTCTTGCCCAGCTTAAGCATAGTATTTTGTAGCTCGCGGGTCTGGTCGATGAAGAGAGAAAGGTGGATCTGCTACAATAGGGAGAGTAAGACCGAGTTTAAGCCACACAAAACGACTAACGATTCGTATGGGAAGTAAACGGGCCAATGACGCCAAACATCTCGGGTTCTCGCGCTCCTAGGACGAACTGGAATTATACGTGTCTCCGTTCGAATTCAAGTGTGGTTTGTAAGCGCAGTGACTGTTTATGTTCTTACGAGTATCCGTCGTTAGCTCTTTCGATTCTCTACACTAGCTCTGATGCAATATATCATCTAATACTGGGGTACACCCTTTGTACTTGTCTGTTATCATCCTCGTCCACGGCAGTCACGTTGACGAGAACCCTTATACCAGGGGTTTCATTAGAAACCCCCTGACATGCTGTAAGTTTTCTATCGTTAATGAGGCTTCTTATGACCACAGGTCCA,973,47.28,Caenorhabditis elegans
SEQ_852297,TGCAATGTTTCTCGTTAGCGGGCTCCGAGGTTTATCGGCCGCTAGGAATTACTGAGACAACCGAAGGACAAGTCATTTAAGGCACACATGTGACTAAAGCCCCGCTGCTTGGGACGAGGGATCCGGGAATTGTCCGTGATGTTCCGTCCCAGATAGATTTTCTGCCACTCTCGATCAGGTTGCAGGCCCACCTTTGTAGAATTAACTTCTAAGAGCCTTTCCCACAAGTTCTTCTAACTAACTCCTCCACTCACCAGGCAGTAGTCGAACATAGTGACACCGGGCGCGCGCTACTAACGAACCGTCCGCGGACTCCAACCGGTGCTTTAACCGACTCGCTCGTTGTCTAACGAATGGCAATCGAGCATGCTAGGCACGCGGCTTGGTCCTCTGACTTTCAGTCGCATGGTAGAGTATACGTGCGTACTTTTGTCATGCATCACTTACATGACGCTAGTAAAAATGACTCTGACCAGTGCGTGGGCGCAAGACCTGTAAGAGGCGGGCAGATTTGTTGGCGATAAACAGCAACGATACCATGCCCATGCACCTTCTGGACTTACGGCCAGCCCTTGCCAATTGACTGGCTGTCCGTCAATTATTATTACCGCCGAGCCTAGTAAGCTTAATTTAATTAGGTGGGACAGGGCCCGCGCTTCAGCCGGGACCATGTACTCGCAAATCTCGGAGATTGGCGTAAAGGTCCAGTGCCGCCGGAGTCAACAATTAAACCTCGCCGTCGTGGGCGGTTCGAAAAGTGGTGTTTCGAAGGCCCCAGGTTCTCACAATTGTGGGCGGCGCGCAGTTGGTACTGGCTCGCGACCCGGCGCCTCAACCCGTCACATTACCTATTCTGGCGAAAGCCTCGTTACGAGAAACTTCGCGACGAACTTCAAAATGCGAAAGTCCGGGGCATGACTATCAAAGCGGTTCGATCACTGACGCGCGACCACCGAGTGTCGACTTCAGACGGAAGGTAGACACGCACTAAGATAATGATCGCTAGAACTCAGACATAAGCAGAATGCATAACCAATGACGCTGGCCATCTACTCTGGGGAAGCCCCCTGTCTTGGTTAGCTTAAAGTATTTAATCATTCACTTACGTGCTAGGGAGGGCACCACGATACATAATAACTGCTTTCCTCATAGTTAATGTGAACAATTCGTGCCCCATCTCTAAATCGGAAAAGCATGCGATGCCTTCTTTGGATCTCGGTCACAGCAGCCACTCGAATGCTCGGTAACTTCAATTCTACAACATTCTCAGCCCAGCACCCTCAGCTGAGTTGCGAAGCCTACGGTTACCAGGTTAACCTCGTTAATAATTAACCTATTCACTACCAGAGCGGCGGCTACCCAAGTTGTTCGTGCTGTTTTCTAGGTTTGTGCGAACAGTCCAGCCTCTGTTCTTAGGGCATTCAGCTCTGTAAGAGCACGATTATAACGTGAGGCCCCAGTTAGACTTAGCGTTTTGTATCGCTAGAATAGGCAGTCAAGATTGGCTAAGCGGGGACCGGCCACTTCCGTATCGCAAACTTTATGCCATATGAAGTAACGAAAACCCTTACTGTAGATCAAAGTCGAGGAGCTAGTATACGCGCCAGCGATAATAGATGTAAATAACGTAATTCCCGCCCGAATCTCCTTTGTTCCGATGATCAGGCAGGATTACTAAATAAAATGAGTACGATTGAATATTCTCTAGTACCCTATGACCCCAACTTACAAGGACCGTTATCACTTACTTAAAGAAAGGACTTGCCTTCGTATTTTCCATTCAAGCGATCAACCGTGTTCGGGCTCTACCGATAATCAGGTGTAACGAATCAAGATAAGTTCGTTCAGATTATCCTGCGATTGATCGTTCACATGGGGCAACGCGCTTCGCGGGAAGGTTTACGTCCATCCCTCGAACTGCACAAGAAGCCCCTCTACACTGACTTCAGCTTCGAACGCCTATTGGTA,1968,49.54,Saccharomyces cerevisiae
SEQ_289439,GGCCAGTACCGGAGACACCCCTTGATACAGACTCAATTGGCTAATGCAGCAAGTGGGCTGCCGAGGTGGGCGCTCCTAACTACTTCATGACACGTTGCAGTCTAAATATTAGCTTTATCTCATGGGTACGGAAAGAA,137,49.64,Caenorhabditis elegans
SEQ_531298,GCGGGGGCCTAAGGAAGGACTAAGTCTCTGACCGATAACGAGTGTCCAGTAGCTATGACGCCTCGAGCCTACCGGTGGAATTAAGACTATTTAATTAGTTTTTGTGATGACTCTATGGTCATCGTTCGTAGAGCGGGAGGCATAACGGCGAGCGGCGGACAGGCGCTGGCGACCGAGTCTACTCGAGTTATTCTAGCCTTCGGGTCGGTCTGAATTGCGATTAAGGGCAACGGGCTGCGAAATATCTACACCAGAAAGGTTCGAGTTATAGTCAACGAATTGACCGACGTTTCGGATTAGACAGATGCCTAGGGCTCCCAGCATTATCGCACGCTATGTGTGTCCGTATTAACTTCCCCGCTAGACCGGCTGCATGCTAGTCAGAGGATGTTTGCCTAGGACACGTTGTGTCTAAAAAATTTGGGAACGTGATCTCACTCTACTCGGGTTATCTCATATGAAAGTCCAGGCCAATCGACCAGAGCGTACGAGATGGGAGTTGTCTGCTAGTGAGCGGTAGCCCGGCTACCGATTTTCGTCGGAACTAAGTCGGCGGCAATCATGGTTGCCTCGAGTTTTGGTCCAAGAGAGCGCGAATCGTCCCCCGTCTTGGCGGGCCGCCAGACTTCGGAATTAGGCTATATGCCACATCAAAATGCATCAGACCGGCTCCGGTGAAGCGGACCCCAGGCTTAACTACCTAGCCGGGCATTATCTCATGCTGCCTTTTAAGATTAACCCTCAGTGACGGGATCCACACTTAGTTATCGACAGCTCGAACCCACCTATATGAAATGTACGTTCGTCCTCGCATGAATTCCTGCTAGGAGGGAACACGAATTTTGTCGTAGCTCCTATCATTACCGTGGCTCGGCCATATGCGCGCGAATCAGTGCCGTGCGGTCGTAAGGTCCGGCTCTCAAGAATGCAGGGTTGAATGTTATCGACTCTCAAATCGTTCAGCTTTTTAGCCTCCTGGTTTGGTGTCCGTAATTTCCCTGTCCAGCGGTTGTGTATACTAGAGTCTTTGATATGATGCTCAGTCTGCGAACTTTCTGATTGAGAATGGGCTTTTAATGATGATTCAGATACCCCGACCGTGAGCTCGAATTCGTGGGCAAGGGATCTAATTCCATCAACCTATTGAGTACATTACTGTGCACTCGCGTTTTGTCCGTCTCGGGGCGGAAGCCCGTGTAACGCAACGCCTCCACCTGGACTCCTGACCTGCAACCACAGCAGAACCTGAGGAAGTTCTGGAGATCGGCTAAGTTTAGCTGCCAAAACTGATAAGCAACCATAGCGTCTCCCCACTCTACTAGAATTGAAATATTGTGGCCCCTACGAATACAAGCGCTTATTAGTCCGTTGCCTAGTTTCTGTGCCGTATTTCAGCTTTAATTAGAGCTTGCTTGCAGTAAGGGACACGGAGCCGTTCCATGCCCTTCATCGCTCCAAAAAACCACCACACCTCACCATATGATGATTAAAT,1492,50.27,Caenorhabditis elegans
SEQ_895255,GGTCCCTGTTGGGATGCGCGTAGGTTGTAGTTGACGGCGGAGCAAGGTCCTTCTAGCTGCATAAGCGGCTGCGTACTCTGCGAGAGGGTTGAGTAAACCAGAGAAGACCCTCTACTCGGCGTGATGCTGACTTGTTGCCGAGATAGCCCATGATTCTAAAACTGGCACTCGGACGTGGTTCGATGGGGCCCACGGGCAGTTGGCATTCGTTCGGTTTTAAATACCGTTAGTAACGAGGCGCCCTAACATAGCCTGTCCTTGTGAACTGTAACAACCACTGTACGTTTGTAAGAGAAAGAACTAGGCTAAAGTAGAAACGCATTCGGTATCCGGTGGAAGACATACAATGTGGGCGGCCATTATACGCGCGATGAACTCATCAGCGTTGGTATATATTAACGCTAACCGCGATAAAGCTTAGTGCCGGACGTAGTTCGAGGTTGTAGAGACGTGATACGCCGGATCCATCAAGGAGGTTCACAGCGACTGGGCGGTCTAGGCACAGTTCACTTTGTCTGCTGATCGTAGAATCCAACGTAGTGATGGCCCGCAAGAATGGGAATACAGGTCCAGCCCTTCCGCAGTGGACGTAAGAAGAATTACACCAACATGCTCTCCAGTATTTGAAGGTGCTCGTTCCCGACGACGTTCGTGGCCAATTTATTTAGAGCGTACTCAGAGTAGAAAAAGGGCAAACGAGCCTACATTGTTACGCGGCATTCTGCAGTCCCATTCCCATAGGATTCCTGAGGCTCGGTGTCTCTTTGCTCTAATGGCGTGAGTAAGTCGTAACGACACGATGGGAGGACTGGTACTTGGCTGAGGC,826,51.21,Homo sapiens
SEQ_286470,ACTGTCCCAGTCTCACTCCGGGTTAGTTCATAACTCTAACGTGAGGCCTAAGCAGAATATACTTGTCCAGTCATACGAGGTTGGTGACCTTGTATCAGAATGGATCATCGCGTGGAATCAAACCTGGATTACTTCGAGGCACTTCTTGAGATCGTGAGCCGGCAAAAAATCTCCGCTGAGGTGTAATGCAGCAGGACCGGGAACTCGAGCAATGGACGTGCTCCCAGGTATATTTGCAACGGGTTAGCCAGCCCCAGACCGTGATAAGGTCACCTCCGCCCGGTGTGATTCACGACGCGATCTAGTCACGGCATGCCTGCAAAGCCCGAGATATGCTCCTCTCAAGATTGCTGTCTGAGTTCATGGTGGTGTTGGTGCCATAACTACGGCTTCTAGACCTCGGGGGACTTGCGAGTAACTCATACAAATATGGGATGCGGTTATAATTCGCGCGTTAAATTTTGTGCGATACGCTGCATGACACGGCTCTGTAATACCTCAGGACGATACTCCAAATTAGTCGCTTCGTTGTCTTACTACGTGCGACGCCAGATATCTCGACATCTCCGTACACCCTAAGCGGCAGTGCGGAGCCTCAACCCTCGACATAACTCTGAGCCAAATCCCTTACTGGAGTGACGCCATCCTTTCTGTCGGTTCCGGTTCTCCGTCTCGGTAGTTATCGCGTTTTTTTCCATGTCACTACCGCCGAGAGCCCTCATGAGAGTCCAATGCAGTCCCAATCACCTCGAAGTCGTTCAGTATGTCTCAATATG,776,51.03,Drosophila melanogaster
SEQ_602154,GTACATTGCGACGCAACCCTATAACGCCCACTTTTTGGACGTCTCCGAGCCCAATCTGAGCATCGCTGATAAATGATCCATCACTAAAGGCACGCGTCTATCTAAGTGTGGAGCCTGTAGCAAAATAGCTGGAACCTGGAAATGTCACTGGTAAGGTCTCTTAGGGACCCGACCACCGCAACAGCCAGCACGTAGGTAGCACGGCTGGGATAGCCGAAATGCTGCTAGTGCGCCGATCAAGTACTGCAGCCTAGACGTGTTAATCTCGCCGGAGGCAACAGTTATTCAGGCTCCGACACCCTGCGCCGAGAGTGAGGACCGTGGGCGAAGCCAAACGTTGTTTATGTCAGTTTCAATTAGCCTGTAAACCGTACAACAAGCGCAAACGACCCTAAATTAAATACTAAACTTTAATCGGCCAGCTGGTGGCGAACTTCCCTATCTGTCTGCCAGTCAAGATCCTTTACCCAGTGCCCAAACATTTGCAGTCTGCTTGATAAGTATGAACACGATGAGGGAGTCTGGCCGGGCAACGTTCTTGGGTGAGTCAAGGATTTGAAGTCCAGGTTTCTTGCGGCTTTGGCACTTATAATATCATCACTGTTGCGATGTATAGAACTAGAACCCGAGTTGGGGAAACTGAGTTTGGTACCTACTTAAAGTAGTAGTTAGTACTTTGACCACCCACTCCAGTAGGCTTAGACGCATTGCTCTGTCCTCCCATCTTATAATTTGCTTTACAAGTTGGCGTATACGTTTAAACAGAGGATGTATTGCACGCCAATTCGACGTGCGCGCTGATCCATAACTAGGTCGACTCGTGCATGTGCCATCGGCACAAATTCCAAAATCTTCCTGATCTCTACGTATGTAGGCGATCCGTTAGAGTCGGTGGGGTGATTTTTTCTTATAATTACATTGACCCCGATTTAGTGTCGGACGACAATACGCATCCTTGACATCCTGCTCGTATGCTCCACAGAGCGATGTTGGGTCGTTGATGAGTCGCTCAGGGATTCTTGAACCGTTGCCCAGCACTACATATTGGCTGTGGGGTGCGCGAGCTTAAAAGTAAATAGTTTTCCTATGGGGCTCAGCATTTAGAAACGTTGTCACCGGGCTTGGCGGTGT,1131,48.72,Arabidopsis thaliana
SEQ_944570,AGGGATCGCGTGTAGGGGCGGCCCTTGCACTAGCAACCCGAGTCTGACGTGGAGGCCACCCTACCCTCCTCCCTACTCCTCTTTTTCTGCCAGGAATGAGGTGAACACGAGATTTACGGTTGAAAAAGCAGGAGGCTTGAGTTAATCTCACTATAACACCCGGTTTTCGTCCTCATGATAGGAAAACCGCAACTAAGGCCGCCAGCGTGTATGTGCGATTTTTGATTCAGTGATGACTACCAAATAGCTCTAATATTACCAACATAGCCATCGGTTAACGATCCCGCGGGAAGAGACGTTCGTTTAGTCATCAGCAAGTACATGGTAAGGACTCGGAATCAAAAGTCCCATGACTGGCATCCCAGAAATTATCAGTGCGACGGGCGACAGCAGCACTACACCCAAACAGACTAACTAATCCAAACGCAAGCGTAAACTTATTTACTCAGTCGGGTTGCTGTACGAACTCTCCAGGAACGCATTGTACTTGTTTCTCTAACCTCGTAAAGGTGCAACTAGGAATCTACCACAGCCACTTGAATTAGATGGTGAGTCCACTAATTATTTGGAACACCGGGGTACATGTAGCATAGGGCGTAGACGATCGCATGGGCAAGTATTGCCTCTCATACCTCGGATTAGCCTGAT,648,48.3,Homo sapiens
SEQ_181016,AGTGACCATGGTAATAGACTGCCAAATCTAACATATTAGTTGACGAATGTCTTCCACACACTTACAAGGGCAAGATCAGTGTGACACGAAGCGTGATGTAACGGATGAGTTGCCAGGGCAGCGCATTTTGCGGAAGTTGGAACGACACTACCGGCTCAAACGGTTCCCGTAGACTACTTACTCACTGTATTAGACCAAGCTTGCGTGCAGTATATGTGCGCATGCAAGGCGCCTGATCACTCAGCCAGTAGGTGGACCATCTCCGGTGGCTTAAGGGCCCCACTTCTTAGGACTCTCCTCGGGTCTTTCGATCGTTAATATCCCTATCGGTACTGGCATCACCGTTGAAGTCAAGCTGATGAGGGGCCCGTAGTTAAACTCATATGGTTAAATCGAAGTCATGGCGTGTACTACACCTGCCAGTGCCCGACATGAGAGCCGTTTGTTCTTTCCACGATGTAGTCTTCTACCATAATGTACAGGTCTGGCACGCCGATCATCAAAATCTTGAGGCCAGCGTAACGCTAAGCGGCACTTAGTAGCGGCACGGGAGCCTCACCCTCTAACGCGTACAAGAGTGGAACTACAAAATGGGTCTTATAGGACCACGAGAATCGACCAGGCAGACATACAAATTATCTGACTAAGTACTCCCCTCCTTATAGGTTCTATTTTTTGCACTTTAATCAGCGGTGTAAAGTCGGTTAGGGTTTATCGAATATTAGACTGTTCGCAGTTCTCCTCCGTCCGACGCTTAAGATTAGACACTCCACCTTGATGGGTGTCCATCTTAACGAACCCTTCATCTCTAGCCGCGAGCTATTTAACGACTCTAGCGTACTACTGCACCAAGTCTTTAAACTGGAGGGAGTAGCCTCTCCCAGTCCAATCTCAGCAACTAGTCTGCGTTAAAGACGACGCCTATCGGGGATCAGGATTGATCGAACACTTCACCGCTCTACCTAATGCCGCGAGGATTTAGTATGACGCGACCCTTTGTTTTTCGCCCGGAGCTTGCCCGAGCGATTTAGTCATTATCTGCGAAGAGGCACACAACTATGCATTAAAGACTCCGCAAACTTCGCATGTCCGATGTAGTAGTCTGCGGTTTTCCTAGTTCGAAACTTAGAATTCTTGACTGGGTGTTCACCCTTGGCTGGCATCTGCCAGTCAGTGCTAGTTCACTATTTTGTCAACGGGATTCAGTCCACTGATCTAAGCAAAACTGAGGGATAGTTTTTTAAACGAATCATTACCATGATTGATGCATGTCTATACCGGAGCCAGCACTAACATTCAAACTGTCTCTACAATTTTTTTCATGAAGAGGAGTCGGCGGATTGTAGGTGCCCCCCATACGCCGTGGTTTTGGCGTCAGGTGAAACCGG,1388,48.13,Arabidopsis thaliana
SEQ_207104,ACGATCGTGATAGAGGCTTTAAAGGTCCTTGCCTAGCTCTAAGATGCCCGCTACTACATATAGGCCCTCTGCAGCCAAAACCCCTCGAACGGTTGCATATGACGAGTAGTATAAAGGAGAATCAGACTCCGTCTTTCAGTGCGGGCCGTGTGCCATCATATTGACTTCCATGACGAACACAAGTCAGCTTGATTGACAGCTAGTTATTCCGTAACAGCAGGGATAAGAAGCCTAGGCAGGCGCGGGTTAGTCCGTACGAGCATGATAGAAGCCGTGCTGAACGAACCGATTCCAAAGTTGTTAGCTAAAGGGCGTATGATCGAGCTTCGGGCGATATGCCCGGCAACCATCCCCGGTAATGACGTTCGTACGCGGGGTTGTCCAGCCAGCCTCCTCAGTTTCCGTGACGTTAGGTACCTCGAGAGATTATAGGGCCTCGCCGGAAAAATAACAGGGCAGGTGAGTCTCATGGGATCCATAGCTGTAAAGTCTGATATTGATATGCGACACTCGAAAATTCCATTGGGGTGGGACAGACATCATTGGAGTATCGCGTAGGCGACCGACCCATAAGGCTTTTGGTCGACAGGTAGGGCGAAAGCCCACATGTTCCACCCTCCGCAGACTACAGCGCCATCTGATTGTGTTACCCGTGAGCAAATTAGCTGAAAATCTTCTCGTTCTGATGCCATCAGCTTGTTGGTACGCCCGCATAACAGGAGGACTAAGCCAAGGTAACTTAGTACCCTGTGGAACTTAATTCCACTATGATAAACGCCAATCGTATAAATGACCTAAAATAGGCCATTTACCGCCTATCGCTGTTATCGCGGTGCTGTGAACTGTAGGGCCCACAACAGTCGTGTGTAACCAAGAGCGCCTCAGATGTAATCGTTCCAGAATGGTCCTACGCGGCACAAGTCGATGTCAGCGTTGGCCAGCGCTACGGGGCCATTCACATGATCACTGTTCGAGGCGCGACCTTATGGTAGAGGGCCGTTGTACTCATTGAAACTTCCGGCTCGACTGCAGGGAAACATATATAGAATCCGGTTGCAAGCTAACTGCCATTAACGGGGCCCGATACTATTAGGAGAAGAAAATGTTTCGCCGAACATACCTCATGGGCCTTGACTGGGGGCTGTTTGACTCTTTTTAGTCGGTACTGGAGTGCGGATTTCGACACTCGGTATTGAAGGGCATGCCTAGAGCCTTGGAGTCTCTACGAGACTAGCAGAAGTCCCAGATCCAAGTGGGCTGACAAGATGCTATCGTGGTA,1279,50.66,Arabidopsis thaliana
SEQ_564281,ATTAGGTCGGTGCTCTGGAAATCTTGTCCTGCAACTAGAGCGTTTCGGGAGAAACAATCGTGTTATGTCGGAATCTCTACGATTATGTCTGCAAACGGCGGGCACCAGTGGTCCCGTAATATTAAGCGGCCGCGCTTTCCGGAAGCTAGTTACGGCGTAGGGAGAATCGCATAGTGTCACTAATCACGCAATACACGCACGGCTCTTAGGCGAGGACAGCGCGTGACATCTGCACATAATGGACATCTGCAACCACCGACAAACTTGATGTACCGTGTTGCACGCTCCCATCCTCCCCCTACCGCTCCCGCGTAACGGTCCTCCCTTCTTTTCGAGACAACGTTGACCATTTTCGGATACATTCGGTATACTGTCTAGAG,380,51.84,Escherichia coli
SEQ_550489,CGGTTTTGACGATCCCTGCAGCTGATGGCGACGTTATAACCTGCCTCCTAAAACCTAGGGACATTGAGTAGTCGTCCCATCAAGGACATCAAGGGCTATGAGTATCACCTAGCGGGCACAATAGTGCGACCGGGGTGGACGGTCAACCGCGGTTTCTTCTAAGAAGCGTGTAACTAAGTTACGTAGTAGACGTAGGTAGTTTTCTCAACCTGTCCTGGCGCCACGTCCACACTAGCCTTATAAATCCGACTGAGTTCAGAGTTCGTACCGGCAACCTCACACAAGGGCATCAACACCCTGTGAATTCCGAACCACCCAACAAAATACGCTTAATTTGTAGAGGGCGTAGAGATAAGAGGCCGTGGAGCGCTAGCTGTTAGACCCGTCCAGAGGATAACAGTGTCTTGGATTAGTTTGCGGGTCGCCCTGTAGAGAAGCGTTCATCTGTTTATTCTTAGCCGATCTCGTCTCAGGAAATCCTGGGTACAATCTGAGCGGCTATACGTAATAGCAGACATTTGCCGAACCATCCGAGCTCGCTCCCCATTCACGTTCCAGACGAGTATCTAATCGGTCTATATTGGCATTGCGGGTTCGTCTAAATGGTGTGTATTTGAGCTGCTATAGTAGGCACATTGCTCAAACGAAGTGGCTCAACTCGGCAGTGCGATACCCAGATCAATCCGAGGTAGGTTAATAGCTTTACTATCGTGATAGAAAGGTCTCAGCGGGGCATGTTTATGGTGCCTCTGCGGAGCTCAGAAGTCCGCCGCCTGTATAAGAGGTCGAACCGCGCAGGTAGCGTTATAGATTTACGAGCCACATAGGTCAATCCTGAAAAAAAGCGAGCGCGGACTAACAGTTACCGGGCTTCGGATATCCCCAGCATCTTGGTGACTTCACTCTTGTATCCGACGGCACCTGCTGAAGCGTTTCCGAACGCGATCCCTATCGCGCTGCCGAATTGAGTACGGCGCTGACGGAGATTGACAAGAACCCCTTTTTGGCAAGGGTCTTTTTTCGCCAACTCCGGGGTGGAAACGGTCAGCTAATATCTTCTGTATAGGGCTTCTACTCCCGCTGCTATGTTCGTTAGAGTCGTTACCGCAGTATGGATGCTGTGCACATTTTGATAATGCCAGTTGGGGCAAAGTTCACCAACCTGGAAGAGCATATTACAGCGCACCATATATCCCGTCATGTAGTACTCCGCTGGTTTGTGGTGGATTAATATTAGCTACACTTAGCCTAAGGCTAACCTCCGGCCGACATTCTCGGGTTATAAATGTATAAATCTCCGTTCTTGACGTTGGCTCTCACGAGGTCGGAGAGGCTACATGCGATTCCCACGACGTGCCCCCGATGACCTTGAAGAGAGATGTCATTTCCCGGCCGCGACTGAAGCCCTGAAATAGATAGCGTCCGAGCGCTGTTAGGTCCGTCGGGACCTAATTAAGTAATTCCTGAACTGTCGCTCCCTAACCCATCGGGACCAAGCTCCCTGTTGCGGAGGAGGTTTCCTGGCAGAGGCACCAAATGATTTCGGTACTTGAAATGTTGGAACCCCACGTGCTAGCCTGAAGCAGTGATAACAACTCGTATCGTTTGGAGTCCACACGTCCACACACTAGCTTCCGGGGGATCGAGGACCAGTACCCAGTGCAATTAACTACAGTTTCAGAGCTAGTCTTTCTAGGAGCCTGCTAGCGCTTACAGAATGCAAGATGAACGTACGGCGCCTAGTCTGAGGGTCAAGCGCCATCATCTGAGAAGTTCCTATCTTGTGCTACTA,1792,50.61,Escherichia coli
SEQ_683501,TACCTGGTGAGCTCATACACATTTTGGCTGTTGCAAAGCTCTCTAATTTCGTTGGCAACTAAGCCAGGGTCGAACCGGGCGCTTCAGGTCCCCGACTAAGCCTAGCGCTAAGCCGGCATGAAATCCTGACACGCATGAGCCGTATCGCCTTCCTGTGGATTGCATGCACTTTTGCTTAATCCCTTCGTCACATAGGGGAGGATGCGAAATACGCAACGGCCGATTGACGGCACGTTAGTCTATTAAGATTGCACGATTCGCCCCACTTATCACACATGATCCCATACCTGAACATTCCATAGTAAGCAGCGGCTTCGCGAATCGACTCCAGTCCCTTCATACAACAATCCTGGGCGAGGCGGCGGTAGGATAACCCACCCAAGGTACTCGTTTAGACGGACCACCGGGTTAGTTGGAGTTGGTTGTCAGTGGCGATTCATGACCTGGTTTATGTTGAGTATGGCCGATACTTTCAGTAAGCTGGGTCAAATCAACCGTCGTTGTCGTTCTCATATACCTAATCTAGGGATAGACGGTTACGGCGGAACCTAGCCGTAAATGCGATGCATATCGATTATGCTCGTGCAGGGACTGAATAGCATCTCGGCGTACAAAGGTCTGCCAGGGCGCTATTCTGGATGTATTCGCAGGAGTGAGGAAAACCGCATCCCAAACAATAGAGCTAACGTCGCCCTACAGGTGATCCATGAATCCGTCTTACTGAAGAACTAGTTAGCCTAAGACAGGCTCAAATACATTGACAGACTGACAAATTCCTGGTAGCCGGCAATGAAAATATACGACTAGCAGCCAAATAGGGGTTTCTTCCACTTGTGCGAACTGTTGTTAGAGCAAATAGCACGTTAGAGGTATGTGAGGTTCTCACCGATCCTGGTGCAATGCGGTTGTTATCGTGGATCAACGAAGTGCCGGCACCCAATTACCACCAGGTCTCAGCCAAGTGCACCGGCAACTGATCGCCACACTAGGAGTGAGGAACCATGCGCGAGGGGGTCCATGTGTCCGGAGAGGTAGGTACAGCGATTGCGTACTAAAGCGGTATCAGACATTCTGTGAGGGGTGAAAGAGGCGCTGTACTAGTACACATTCCAAGCCTCGCTGGCCCGACAGTGTCTTAACCAAATGTCAATATTTTTTAGTGTAGAAGCCGGACTCGTCGGAAGTTCGACTTCTATGAGTTTGACAGGACTGGACTCTTTACTTCGCCAAATATCCGAGCTGCAGGGCGCGGTCCTCGCCCAAGGGCCAATTTATATATTGCGGCGAAACCTAGTTGACCTAAGAATGAAGGAGCCCAGGTCTCTACGCCCCTGCTGACTCATGTGGC,1348,50.59,Caenorhabditis elegans
SEQ_395805,GAGAATATCTAACGTTATGATATCGGGATATCGAGTCTTTGTCGCATCGGGACCCCGCGAGCGTGAATCAGCAGT,75,49.33,Caenorhabditis elegans
SEQ_706648,CCAAATCAAAGTACCCGGCGTTCTATGTGATGTTCACTGAAACCTACGGAATGTCTACGAATACGTATGCTGATGTTCGTCGTCGTGCGGGGCTTTAGCTTTCCCTACACCATAAGCATGCGGCTGCGATCATAACTGGATGAGGATGTTGTCTGCTAGCGACAAATTAAGCTTATGTGTCGTCGTTGTTTTAGGAGAATGTGTTCGGCAGTGCAGGTACCAGTTTCGTTAGGGA,235,47.23,Escherichia coli
SEQ_499838,TTACGTTGTCGCGTTTGCTCTTTCTATTCAAAGCATTTCTAGCTTGCCCACATCCAATGGAACCGATGCGCATCGTGCTCTCTTAGTATCACAGATAATGGGTCAAGTTTTAGTTGCGTTGCCATACTCGAGCCAACCGCTACCTCCCCCGCCTCTCCTGCCCGATCATTTCGTAGCCCCACCCTGACGTGAGCTGCCGAGACCTGTAATCCAAGCTTCAGGACGAGGTACCTTGGGAAGTCGTTGCTGGAGTTGGCCGCACGGACATGAATCCGCAGCACGAGCTTACTCGATCCGTCCCCGATACCACCGGATAAGCTCTTTTGAAGCGGTCCTTGTCGTCCTTTCAATTCCAGGTAGGCGATATCTGCCTACGGGGTTCCCACAGCCTACGTCAATGTCATGAGGCGATGTACCTGAAATGAACGATATCAAGAGACGTGTCCGTGGCTAATCATCTGGTCAACAGCGGTTCCTCAACCGCTGCAGGTTTTACCACCGCGCACTGAAAGGTGACTGAGGCCTATGTCGGGGTACCCGGGGCGCCTCACGACTAACTTGATCAGACGACGAAAACCCGGTTTTGAACCATAGTACGGGCTCAGGACTAGTCTAACTGCGATCCATCATTCCGGTACGTCTACCCCTTTCCCAATGGTTTATACCGATGCGTA,674,52.97,Escherichia coli
SEQ_403341,GACTCAAACGACGCCCTCATCGAAACCCGCGCGCCAAAGCTTAAACCGTTTCTTCTCCAGGCGCTCACGTGCGTAGCAGGGACCGAGATAAATAAGGCACTTGGCAGCCTGATGAATGGTCACATTCCCGTCTTGCCCGGCCCTTAGCCGAGAAAGATATGCCCTAACGGCCGGTTAACGATCTACCTTACCCAAAACATAACTCTGCGAACATCCTAGACTCGGACCTTTTAGCGGCACTGTGCCTGAGGGATTCACAAGGCTCATCAAACTTTAATCGCCTTATCATAGCTACAGGCCGTACGCAGACAATGGTTACAGCGAGAGGGGCCTCCCATTCATATTAGTTTCTAGAATACCCCTCCGAAATCTACGACTTCTAGTCGCGAAAAAAGCACTTAACGATTAGCCGAGGCGACTGTTTCCCACAGGTACATTCGACTGAGCTTTTGCCTTCGTCGTGAGGCTTGGAAATGTATGGTGGCGACACACGATCTTCCGGCGAGGCGCGACGGACTTGGTGACTCTCGGTGGGTGGGGCTAAAATTTGACTATGGCTTGGGTGGG,567,52.2,Mus musculus
SEQ_126403,CGGGGACTAAGTAAACTTCAGGATCTCTTTATCAACGTGTGAACATTTGCACAGATCGATAGGCGAAGCGCGCACCAACTTCGACAGAATCAACTCAGGATGAGAGAGGAGTAATGAGATACCGACCAGGAGTTGGCTCGTAGACTTAAAAGACACATAAACGTGCTCGCGCCTGAGGGTTGGCCTCACTCGCCCCCCCTCGACGTGGGATTAGCAGGACGCTCTTTGTCCGTACTCCGGCGCCATCATGATGTAGCCTCAAAGCACAGTGCGCAGCTTCTGCTTGCGCACCGCGAAGCGGATGGTTACTCCGCTATGTGCACCCTGAATTACCTTGTAAATCAGCGCAGGGGGAACGTTCACGACCATGTGATACAGTGGTGTACCTTCTTCGATTTAGTCACAGATAGCCCCTTCATGGGTATTTATGAGGGAACGCCATCAGTGCGTTGTGCCATCACACCTACTGGCCTCGGGTCTCCGGTGTAACACTGCAGTGCGTGACATGTATTACCGGTTTTGGAAGAACCCAAATGTGGGAGAAAAGAATCTGGAGGTGTCTTCAGGTGCCGTCTTTGGTATCAGGGCCAATTGAATAACACCTTTGCCGCGCCCTGTCTAGTCGTCTGGAGATCCCGGTCACGGCAAGTCGGCCCACGACTTTATCAATGCGCGTACAGCGCCCGGGGAATTACACAATGAAATTCCGCGAAGAGTACGTGATGGCTCATAATCAGCGTTTCAAGCCTAGAACTTCGGACCCATACGAGCTCACGTGGTTTTTATCAAGTATGCACCGGGAATGCCTCGGCCGAACGTTCGATACTAGCTCTACCAGATCTCCGAGTCGAGTACTTGCATGGGACCTAGTCTTCAGACTGGAAAACGGGCAACCTCACGTCAATAATCATACGATTGCAAGCGATGTGCTACGTCCCCCTCTACTAGTAGAAGCCTATCCCCCCCTTTAATGGTGCTGTTGTGTGAGCTCGCTGGTCAATCGAAACGGCCCTGTAGCATATATTCCTCAACAGCTCTATATGGTCATGTCTGAGAGCCAGAGTTGCCTGAATATGGATTTCCCGCCCTACCTGGGTAACGGTATATTGAATAGTATGATGGATACCTCTGGGGCTTGCACCATACTGCCGTACTGCGCTCACCTTAGGGGGTAGCCCCCATACTGGATGTGACAGTGGTTTATGTACCTGGGTTGATATGTTATGGATGCTTAGGAGGGCACTGTGAAACGGGGACATTTTGACTCCCATTTATCTGTGGGCACAAGCCCTAGATTAAGCAGAGTCTTCTAACGACGAGAACGG,1325,51.25,Caenorhabditis elegans
SEQ_744505,CTCTAATGATTCACATCCCCATGTTAAGGACGAACGATCCAGGGGCTATCCCACTTTCGGGGAAACTAATTGCCAGCTAAGCTTGATCAGCCGAATGCCATACGGCTATAAGTCGGAATCCCCTGCTCGCTCAGGTATTTTTCGTTACCTAAAGCTTGTGCAGGGCTAAAATAAGACCCCTCAATGCCATGAAGCCTCGCGAGAACTGTCTAGTGCCCGCTACGATTGCGGACCGTCACCGCATAATGGCTGAAATGTTTACCGAGGTTATTTTTACACTAAAGCCGTATACGGCTCAGGAGTCGTGCAAATTATTGTGCTCTTAGGTTCCGCGCGCGCGATCACCTTCTAACGTGAGGAATACGCTCTTGTGTGGGTAAGACTTCTATAAATGGCAAAACAGCGGATCGAACAATGCGGATACGGAGACTGTCTGTTCATAGTCGCGCGGTACATCCAATCACAAGAAGATACGGCCCAGATAGGCCCCCCACGCATTTACCCGTGGCGGCGTCTCTTGACAGAACATGTGTTCCTATGCCCCTACCAGGTGCAACCACCCAGGAAGGTCAAGCAACTACACTGGCCGGGGATGCCCTTAGTAGTGGATCGCGGCCTCGAACCGTACCGGATTAAAAACAACTACTTGTGAAGCGAACAACAAGCATCTGGAGAGGAGAGGCTTCTGAGCGGGGGCAAAGGGTAGCCAGCTCTCCATAACATGTGTCCGATATGGCCAGGAGTACCCCCAAATATACCGAGCTGCAGCGAGCGTCCCGGGGAGTTGACTGGATTTGTCTGTGGAGTGATTCGGGTTCGGAGGGAAACGGGCTCCGTAGGTGTGAGTTACAATGCTTTGTGCGATTTTGTTGCGCTGGTCCTTCCAAGTGGCCATGATAAGTCGTCTGGTCCCGTTGTATAGTAGCTCGAGAGATAGCACCCTGACGCACTCAGTCATGCTTGGAGTCGTACGTGTTGCAAAGGCTGGCGGTTGAATGTGAACTTAGGTTCAGACCCCGTCTACAGGCTACAACACTCTAGCACATTCAGGAATGGGACAAGATATTCGACGTCCTACCACTTCCGCCGGTGTTCCTGCCGTGTAAGTTTAGGGTCTATAAATATCATAAGCTTGCGGGACAAAACTTTGATTCCTAACGAGCGCTGCGTACTTATGTCTATATAATAGGCTGGATAGGATACATTGTAGCCGAACCACATCCATGCGTGGGTAGGTAAAAACGCGAGGTGGGTTCATCGAGCCTGATCCTATGAAAACTTGCCCTATATCGTCGTCCGATCGGCTAATTGTGACAGTTTCATAGGCCGATATTACGAGCAGCAGGTCGGATGACTGCCGAACTGGGTGCATAAAAAGCGAAGTGGTGGTCTCGTATACGGAGAGTCGTTCGGTGAAATGTATCCAGTGCCTTTGAGAGCCACTTTAATTAACCCTTCCGATATGGACTCCCCATATGTCCGGCAAATCTCGGTCCCGTTCACGTGCAGGTCTGAGCCCCCAGATAGCAGTTCCGTCTATTCCGAGCGGAGACCGATGCAGTAACTATCTATGCGCGAATGTTCCTTGTTTACAGATAGGCTGGTGGGTTCCGAGAGAGCACTATCCTATACTGTAAAGCCACGCTAAGAACCTACGGTAACGATTTCAGGGGGACTCACGAGGAATTAACAGCGAATAGTTTTGCACGGACTAGACGAAGGGAGGGGCTGGTCACCTCCTCGTTATCGTGACGAGGAGCCTGCTATAATACCTGGGTAAATTTCCTCCCGACAGGGCACTGGCCAGGGAGTCAGCGTCGTCTACACTGTAGCGACGCCCTTGCAGGACGAAAGCG,1856,51.24,Saccharomyces cerevisiae
SEQ_720084,GGCAAGTGGCCATCCCGCTGTGTAGTGCGAGCGATACGAGGTGTGTTGCAGGAACGACTGTCTCATCAGATAACTACTTCAAGATGTTGAAACGCCATACTATTGCGTACTTTGGATTAGCTGACATACTCGTATCTCCATACAATTGTAAAGCAAGGTAATGATCTTATAACGTAAAATCTGTCACGCAGCACTATGAGCGGAGATCACGTAGGTCATGCCCTTTAGGAGTTCTTGGGAGTCGCAAGCCGGTTAGCACAGGAGATAAGGAGTAAAACCACGACCCCTAAATGATATAGCTAGACGCCGTCACGCACTAGAGCCCTACCTTGGCCTTACGTGCGCGTGGCAACCTCCAGACCAATTTGAGTCTAAGTCTCCATCTCGCACGTCGCCAGGCTGCTCCTAGCGGACACATAGTGGCTCAATATAACGAGGCAGTGAAGGAATCAAATCCCTAAAATTCGCGCGGGAATAGCAATGATCTTAGAATTAAGGACTCCCACTTGAATGGTTCTGCTGATGAAAGTGAGTGTTCCAGTTGGGGTTAACCCGCTGCACATCTCTGGCAGCGGCTATCAAGAAATCTGTCCTTGCGCTCAAGCTAGAGTGGTAGTAGGTTCGAAACCAAAGTGGAATTATGTTCGCAAGTTCGAATATCCTTCCGTGGCCATCATGTCGGTTCAAGAATGGCGTTGTAGCGGTGCCATTACCTCAAACAAGTGAAAAGCATCTCTTGTGCTAATTGCCTTGGAAGTCCTATGACCATTCCCAACTCAGCACCGTAGCGCTGGAGAGTTGTGCAAGAGAACTAGTTGGCGTCGCCTAAAGACTTCCATCGTCTCTGTTAGCAGCCTTTTGGTGTTTGGAGGGTCGTTCAGCTTAATTCTTACTCAGTGGCAGAAGGAAACCTCGCTTAAAGAGGCGACAAGATTCTGTGTTTTGCGTGTACTATTCGCTGACGCACTTGTTCGCCGGCGGTTATCGGATATTTGCAACGTATTCCCCGTTTGATGTCCTGAGACTAAGGAAGCTGCCATAGGTATCGGCGACTAACATAATTGGTCGCGCCGGAATGGCAGATGCGCAGCGGCATACAAGGAGTTTGACAAGAAGCCCGTGAAATGTGGAATGACATCCACTTAGGCGTCCGTCCCCGATTTAGATATCTAATCGGGGAAGTCTGTAGAATCTACCATCATCTACCACCGAGGTGGCAATTGATTACAGTGTCCAATAATTTCATACCTGTCGTAAGCCTTTGAAGATCAGCGATTACCACTTTTCGGACCGGACATACCTAACGTCGCGGAGGACCGCTGGGATAAGTTCACCGGCTCTTGTCGATGGCCATCTGAGGTGACTTCACTGCTACTGCCTCCCTTACCATCGGGGCGTCGTTTGGGAGTGCGACTTACAATGTCTAAAGAAACGTCGGGTCGCCAGTCCCGTCACATGGATAGTATATATGTTCATCCTCTTCAGAATTGCAGAGTTATTATCTATTCAGCGCTACGCTCGTAGCTTACCGTATCGTGCCACATGAACGTCTCAAGAGAACGACTCAAAGTTAAGTACTGAGCTGCGGAACTCCCCAGTTCGTTACATTATTCGACAAAGCACACACGGCCCACTTCGTAGCTAGACTTCATTTTGTCGCTGGGAATGGTGACCGCTTCCGGAGCCGCCCTCCTCACAATCTGCCAAATTTCTGCAACAGTGCCGACTCTAGTAACGCGCTAATGTTGCCATCC,1754,48.92,Saccharomyces cerevisiae
SEQ_567343,TACTTTTTGTATCGGATATAGGTATTCCGCTACAGCAGCGGCTGATAAGGACAATGTGTTCTGAAGCCGCACGCTATTGGTCGAACGGTAGGTTCAGGCCGTAGCTGAAAGGCGGACTCCAGCAAACCGCCCCTCCGCAAACTCTGCCTGGACAGTCATTCACTCGCTTTATCTCCGGTTCTAGGCTGCGACTGCAGCAGCAGTGTTTTGGACAATTGTCCTGGCCCCTAACTCGTTTGGTGCACTTCGGCTGACGTCGAACGTAGCGAGACGAACATCGCGGCGTCACGGTCTAGACCCGGTTGCGATGCGCTCCTCCTGGATTGTGTGAGAAGACGTGGGAAGAATGGCGTGGGGGCCAGGACCCTTCTAGCCTGTAAGAGGAGGAATGCAGACTCAGACCATCAGAATTACCAATATTAGTTGTACCTGCACGTAATAGACTTCGCAGACAGACTAAGTTGCCCAACCTTTCGTGGACTTAGTGCTACATAACTAGTTGCACGAGGATAAACTGCTGGTCTCGCCCATACCTGAGCGCTCCATCGAACTTCGGAATTGGCCCGCTGAGGGCTTTGGGAACATCTTGAAAATCGTGACCACAGACAAAAAGAAAGGCGCCCTAGTGGGAAAAACACCGATATCATATTATCCCCCGTGCCGCAGGTGCAAGATTTACTACGATCCCCGCGTCTTACAAGTCATGGCACTGGTTCTTATATGAATCGCTAAATCGCATCAATTTGTTGCAACCTGCC,758,51.58,Mus musculus
SEQ_501740,CAAATCATCTCCTACTCCTGAGGTCGCAGTATCGTGCCTTTCTCGTCTGCACCATTGCAGTTTCCTTCGGAACGTAAATTTAAAAGCCCGCAGGCCATGGGTGTTCCGTAATTTTAGCCGGCGATAAGATCGTTAGTCGTAGTTGCGCTGGCTCCCTGTAACTATTATATCCATTCGATCACTGACGGAACGCGGTAGATAGCTTCTTTCAGGGTTTAAACGTAAAGATGGTAGCCATGAAGCCTCCTAAGTAAGTGGAGTTCTTGGGAAGATGGTGCGTGTCGGCCCGGTCGCTGCGCTACACGCGGTAGGTCAAGGATTATAGCACTGTGACGTCTCGTACATCAGCGAACCTTGACTTCTATGTCGTGTCTATGTAAGGAGGGGGGGAAGGTATAAGTACGCCTAACTCTACGAATCTGAATGGAAATGTAGTGGGTTCAATGCAACTTTCACACTGCGGTGCTTGCTCTAGTTTTAGGTGATGCGCGGACGCATTCCAGTGGGGCCGCAGCAGGTTTGTGTAAGTAAGGGTCTATTTAGCATCATGCATTGTGCTCGCCGAGATCCGCTCTACTC,579,49.57,Mus musculus
SEQ_548631,AACAGTCAACTGATTAAACAGGAAGTTATCGTATAAAGGTTCAGTATATGTTCCACGGAGGCGTATTGTCCCTTATGGGACGTGGTCTGCCGCAGATCCGCATGGTGGACTCCCAATGCTAATGTATCTCTGCAGTCCGGTGACATCATCCAGAGAAAAACTGACGACTTTACAGGGACAAGTCAACCCTGATGATACACCATACATGTAAACTCGGAGCTTCCACGTATCAGAGTATGGGGTTACTAAATGCAATGCTGCAAACCCCACGCTGGTTACATAGATATCACTATGATTGCTTGTGCTGGCATCGAGCGCCCTCGGCGAGGGAAGTTTTGCGTTAGGGCAACCGACAAGGCTTTTTCGATTAACTCTGTGGTCGCATTAGCGAACCCAACGCACCGAACGGCCACGAGCCAATTACGATGACCAAATAATGCACCCCGTGAAAGCTCGCGAGGCATCTCTATTCCGGCCCAACTCCCCGCCCTGTCCTCACATGTTCGGTGTGCCCGCAGTATCGCTCGGTGATCAATCCGGCTCTGCGGCATTTCATTAGCAAGACGGCTCGCGGACAACACCCGCACCAGCTATAGGAATATACCTCCACGGTTCTTGCAATTTCTAATTGGTCCATTCTAACCAGCCGTAGTGCGTTATTAGCCACTCTTGTGATAGTATCTGGAAGACAATTTCAGCTCCAACAGCGATTAAGGTTAAATGCAATGTTTTGTAATGTTAGTAGGCAGTGTGCCTCTTGTGGAACCTAACGCCGGTACTGTCTGCATCTTTATTAAACTGTAGCATTAGTTTCTTCAGAATCGAAGCCTAACGGGGTAGCGCTTTCTACGATTAATAGGGCGCCTGGCGGGGGAATTAGCATAGTAGAGTACCGACCTCTGGCTCGGAGGATGTATCGTACTGTGTGGCGGCACTTACGACGTACCGCTGCTACCACTGATTCCAGGCGGCGGAACCATGCGATTTCCCGCAACCTACGCAAGCAAAGGCGACACTCCATTCCTAAGT,1029,49.85,Saccharomyces cerevisiae
SEQ_809884,AATCGGCTCTCGATTCTGATCGAGGATATACACGTGAGCCGCTGCTTTGAAAAGCCACTCAGTTGAGTCGACTAAGTTGATATTTCCTTCCTGAGGTGTAGATAGACCTCGGTAACCGTTGGAACTGTCAGCACACGTCTAGTACCCGTGAGTTCCGAGTCTGGACGCGACTCCAATCGAGCGGGATCAATACGGTCTGTCGAAAAGACCCCCTCTCTATCTCAAACCAATGGCCAGAGATGATTCGAGTTGGATTCCGGTAGACAGTTTAACGATCGGCGAGCCGCTATCTCGCCCCGTTAACTGCTGAGGACTTAACAAGAGAGGTGTCCGTGGGCGTGTTACTGAGTCTATGACAGCGTAGCTAGGCACTAATTCTGCCAGAAATACGCATAACTATGCTCCAGTGGTTGGACATTAAGGGAAGCCACGAGAGACCCATCACGCCGACATTGAGGGGAGTGAAAATCCAAGACCAAATTGTAGGCTTTTCGCTGACGTGCACCCCCTCAAATACTAATGAGTGGAGCGGGGTGGAACAAGACCGTCCCCAGGAATCCCTAGTCTGGCGACTTGCCGATCTCCGGTCCCTATAGCGCCGGATACGCGGAGGTAGTATCACATCTACAGAGTCAGCACGCCGATGTAGGATTCAACGGGGCGAGGTTTCAGGACCCTTGGACCCGTTGAGGGGGCGATGCCTGCGGTACGGTTCTCAGAGTCCCACAGACTAGGTACTTCAGCGAATCTTATTGATTCACGTTCCGCTGTTTAAGTTTAGCACCGCCGGCAAAGAGAGATCGCGATCTGGCTGACTGTCTAGTCAATTTGTCTCGATCCAGCTGTTTGTACGAGGCCGGCGGGTTACATCTCGCGTGCTGTATACTCTAGGTGCGTGGGGGGATCGTTTGTGGAATTCATTTATTGCATGTTGGCTCGCAGATTGTTCGAGCGTTAAATCCGGTAATTGTACCCCGGGGAGTTACCAAAAACACTACACTAGGAGAGGAGAACTTCCCTATCTCACCCTCACCCGTCCTAGGCCACCGACATCAGAAAGGCCCGAGGATCCGTTAGGCCAGTTGCGACGGAACTATCCTATCACAATGGCACGAGGCTGGACGATATCCGCGACGAGAAATCTTGACTCGTAGGTCCGGGTTACCTGTTTTCGTGAAGGATCGCGAGATTAATAGAAGGCCAAACTGAGGATGAATTGCGCTGATTGCGAGCACGTCCTAGTCAGCGCACTTTCTTTTTTCACCGTGTCAACCCTCAACGCCGCTTGTAGCTGAACAGCGACAATGGCTCTAAGCGTGAAATTGCATCTTTCAATCCCACACCTTCCCAATATTTGGTATTCTCCTATACTATGGATGGTATGCAGATGATCAACCTGCCTCGGTATCAGGACAAAATGACTAAATCCTTCCATTCTTCACGGGTTAAAACCCGATGTGAAAATAAATACGCTACGATCGCTCGCCCGGACGTCTTGGTGGCCTAAGTCAGTGTGGGTAGATTATCCCGAAATTCGCTGCAAACAGGCATCTGCGTAGGTATGGGTTGGGTTTATCTCTTACCGTCAGCAGCTTCGGATTTGATGCGTGTTGGACAGCCACGTTTGGACATGATCATTCTGCCCTATTTATTGCTGCTCTCCCGTC,1667,50.93,Arabidopsis thaliana
SEQ_913957,GACAAAAATAAAAGCAAGGGGGACGGAGTGCACAACTTTCTAGAGCTTCACTCAGCCCTCATTATGGGCAGTAAAAGACCTTAGTACGTGTCTCAGGGAACACAAGGATGTGGATCACAGGTCCTCATCCCGACCTTAGGTCATGTCCGTGCAATCTTTCTAATTACGCCTCACTCGTCCACCGAAATTCTGGCCGATAGCATCTACAGCCCCACCGTTTACGCCAAGGTTGGGGCCAAGAGTTCCATTCAAGAGCGCACTACAACTCGGAAGCTGCTCTCTTAGGTTATATACAAGCGGTGACCAAGGTGAAGCCGGCAGGGGCATTGTAGTCTTGAAGTTTGGAAGACCCTGGACCGAAGGGCAGCACAAACGTAAAGCCCA,384,50.78,Saccharomyces cerevisiae
SEQ_316189,ATCGCAAGCATTGACGACTTGACTTGTGAAGTCCTTTGTTCGGATGGTTAGGCGTCGTTGGCGCTAGCGTCTAGTCAGCTCGAGGATCAAGGGATGACGGTGACCCGAAAACGTTCACAATCTCACATAGGAGTGGTGTAGCATATTTAAGCGGTCTCGGTTGTACTAATCACGAAGCGATTGATTACTTATTCCAGCTAAGTCGCTTATGAGTTGCTACTACGGTTCACGACGAAGTAGGTACTTACGACGCTACACTGTGCAGGACACTGCTGTCGTTAATTGGTGCATCTAGGTCCCCAGAGCTCCTCTATTCGCCGTGGGGCAAAACCAGGAAGGTCGGGTAATTAACGTCCCGCGTACTTAGGCCGAAAATCTACCCTCCTATATCAACAAGGCCCTTGCGGCCGCGGTAGCAGGCGTTTGAGGTCTTGCAGTCTGATGTAGTATTCCAGGGGATCAGATTTGGTCCGCAAGAAAGGGAACAATGTCTGGAATCGTGACGCAGCCGCCCAGGTGCATCATCTTCAGACATCTAGCGGTGATGCTTCCTTCGTGCTTACAAGTCAACCTCGAGGACAGATCCGCAACGGGTCCACCGCGAGAGCGAAACCTTGAAGCCTGAAATATTGGTGAATCAACACAAGACACCGTTTTCTGTAAAAACACCTAGCTATCTCCCTTCTAAGTGAAGCCGGATCCGGACCCCGTGATTCGTTAGGGTCGAGCACGTGTTACGATTGCCTGAGAGACCAACGATAATGAGCAGTCGCAGCCTTACCCCATGCTTCTCGTGTGAAAAACTAACGCTCTTTCGGGGCCTTTGATCTTTAAGAAGAGGCAAAGCCTGTGGGTGGCTGGGCCCAGCCGACGTCTCGTAAGATACGCTGGCAACAGACAGGACGCTCACAATCTTAAACGTTGTTCGCAGACGGGGGAGCCCGGATCGTAGCGGCTAAGTGCTTACTGACTTGCCGACCACCACATTGCCCCTCGCAAACTCTCCGATATCTTATTCCTGTCTGAGTCCATGGCATGGGATACCTAATAAGGTGTATTCGTCAAGTAGATCCTACGAGTCCTTCTTGCGCGACTCTTGGCTGGAATTATTGTCGTTGGCTCTCGAAGGTAGTCACGCGTTGAAATTTGAAGGGAACTTCGTAGGGAGCTCCTCCGTTGATGATAGGACCGTCTCGGTCCCCATAGGAGCTCGAAAAGGGATGACCTCCGTGTAACGGCACTGAGGCTGCCGGAATTTTCACACGGCATCGATATTTCCGTGGGGGATTGTTTTACGACGCCCACAAGTGTTTTAATCAACGGTCAGAGACCTTACGATGGGTTCTCACCGCTCTCACCCCGGACGGTATACGGCGCGCGCCTAAGATGATATTGGACCCGGTTTGACGTTACTGCTGGGAGCTATAGTGTGGCTGGTACTGAGGTCGCACTAATGGCGGAAGCTTAAAGTACAAAGGACAACGATCACCTGAACACGGACAGGTTCTCAGTGTGCTGTCTGTGGCTAAGTGGCTAGTATCGTTCTCTTCACACCTGCTTTCTAACGGAATCCACATATAGCTACATCTAGAACGCGAGTTGCAGTTCGACCTGTACATTATTCGCCTAAGACTCAGGGGAATCAAGACGACGTGATCACTTAGCTTATATATGCGCTGTACAAATATCATTTGGGGCATCCGCTGCTACCGTTTGAGTTTAAAGGAGGTTCTACGCTGTCGATGCATAAGTGACACTGGGAGGACCTTCAATGGGTGGGTCTAACATGGGACGGGACGCGATCTTATATCCCTCTAC,1818,50.88,Arabidopsis thaliana
SEQ_310823,GGTGAGCGTCGAATATGGCTATTAGCGCGGGCAGATGTTCGCTGGGCAACGCAAACCCTAACTTTCCGGAGACAACACATATAGCCGATACGCGCGATCGACAGAATTCTGCCGTTTGCCGGATGGGGGCGAGGCCATATGCCGTTGACCAGGGAATGTCACGGGTCCACTGCAATTGTTGCGC,184,56.52,Arabidopsis thaliana
SEQ_407183,CGGCAATCAAGTTACAATACGGTTAACGGAGAGAATGGACCGAAAAGTCTCGGATGATATACCGCCTAGCAGATTCTCTGAGCTCGTCAAGGAGGGTTGATTAACTTTCGACCATTGATCGCCGTGCTAGTGCGGAAAGGAAAGTTCTAACTGATGCTCGTCGTTGCAGCCCACCATGCCTGTCATCTTATACTAGTTGTCGAGCAATCAGTCGAGAAGTCTGCAGCAGGAGTATATTGTGACACCGGCAACCCAGGGTAAAAGAGGCTACCACAGACACCTTGGCGTAACTCAGGACGTGGCTCTCCTGAACGGTCGGATCACTGAGTAGAGCATACCTGTATCTCTCAGTGAGGAGAGCTTCGAGGCGCACAGTCGAGCTGCGCACCATATGGCATCTCTAAGCCGTGAAATCAGGGGCTTACCCTGCATTGAGCTCCCTCTGACAAAAACACGTCTTCCGAGGACCATTATTGCTCGTTACACGAAGGCTTAGACCCAAACGGCATTCTACTTCCCCGGACCAGGTCTAATTCAAAATTTTTGCCGTTGCGTAACGGGAATCCCTAATGAAATGTCCAAACCTCGCAGTCAGTGAACGCGACAACTCAAACCACTTATTACAATTTCCGTGCTGGGAAGCAGGTACTTTCGGACGCCATTATAAAAGGATTCTTCCCAAAATCATTAGGCAGCTACACCTCATTGTGTAGCGATCGCCACTTTCCAAGCGCGCATGTTATGCCGCTTCCCGTTTACTAGTGGTGTCACGCACTCTGGCGGGGTGCTCGGCCAGACGAGATACTACTGGTTATGAAATCCTTTCTGGGCTTATGGCGTAGGTTGCTCGATGAATTCTGCCGAGCGACCGGGTGAGGACCAGCTCACCGAAACATCGCAAGGCATCATAAACGACCGGTCTCCAGTCCTTGTGTCGCGGAACTTCCTAGGACGCATGTGCGGCCAATACACGAATAACCGTGGGTCGTATGGATGTATATGATAGCTCAACACCACAGGTGTGCAATCGAGTATAGCACCCTGACTGACATCCTTCGTACCCTCGACGGCGGACTAGTGGTCTTAGTTTGTGGAAATTTTAGAAGTCTGAAGAGAGGGGGATTTTAGGAGGAGACAGCCCACGGATCAGGGAGCAAGCCTATGCAAAACCTCCTGAGGAAAGGTAATTACTAGCTCCAAAGCTGGGAAATTAATCCCTTCCGTGCGCGGGTACCCACAGCCACTAAGGACATTTTCCGAAACCGCTGACATCATGATGTTTTAGAGTGCGGTACTAACTCCTGCAAGATCTATTTACTCCGCGGCTTACCGTCCGGTGTAGCCTAATCCTGGCGGCTAACAGATGTTATGTCTCCGCTTTGGTGGCAAATCAACCAATAACGAGTCATCGGAGGTGTAGCGCCGTTTGTTCACGCATTTGTGGCACCTTCCACCTAACTGGATAGAGGAAGGTTAGACTGCCCCAACGCCTCTGATCTTAAACACTGACCTGTGTAGCCGCACGGAAGGCTGCCTTGCCCGGCTTTTATTTTCGTGATATGAGGTTGCACGTACCTTTATCTGACATCTGCTTATCGAAAGTGCTCCCACGTTGCTCTCAAATCTATCGGCCGTCGGCATACAAAGACGGTAGCTGGATATTTTACCGTGTTATCTCCAAGCTTTATGCTTGAAATAATCCACTCACCGCTTGAATAATTTATCGTGTAAGGAGTGTCACCGTAAGAACTGATTATATGTTTCAGTCTGCGGCAAGTTGCAAATTTGGTCCCTTCGCCTGCGGTGGGTCGCAGCCTCTAGTTACTCCGAAATTATTCGTTTAAAATTTAGTAAAGGCGTGGACTAAGCTGCCTAATTAGGACGTCAGAAAAATATCTTTTTTGTATGCTCACGTGACATTCGGC,1925,49.14,Drosophila melanogaster
SEQ_761305,TCACGTACATTACGAGTTGGAAAGACTACATTCCACACTAGTGTACCCTGTTTCAGTTATCTGCGTGGCATTAAGTAGCGGAAGCATTACATATGATATCCTGTGAAGCGAATCAGGTAAGGTAAACAGGAGGTACACCTGGAGAGGAGGTTGCCATTAAGTGTGGGGCACAGGGATCGCAATTTACCTCATCCCCGCCTCTGGTATTTTTTTGTGTTTAGTCAAAACCAAATCTTCCTCATGGGAATCAGCCTGGAGCCCTTAATTGCTGGCCAGAAAGATTATTTGCCCCTACCTCACCCAGTCAAGCGTAAGATGCGTACCTCTGGTTAAATGGCAGGCCTGACGATATCGTGGCGACCCTACTGACCACTCGCCCGTCGAGGGACGACTGTGCACATAAAACAACGAATTAATCTTGGCAGTCGCGGGCAATGTGCATACCCGACCTATAAGTGCTTCTTCCAAAACTCGGTCCAGTAACTTTTAGTCGGAACTCGTTATATACACGCAATCTGAGCGCTATGTACGCCATAGTCCGCACTCACAGGGGCAGGACCAAACAAGCGGGCAGATTCGAAAAAGCCGTATAGGCACCACCGGAGTAAAACGATGTCTTTTCACCAAACCGGCTATCAAAGGCCTTCTTCACAATTGCTATCATCCCCAAATGGCTGAGGCGTGGTACCTCTTAGTCTCCTCTATTGCGCCGATACAATCAATCAATCACCGGTCAAATTAAGCTCTTTTACGTTCCGCTCAATGAATTATTGGGTAACCATGTGTCTATGTATAATCTTCATGCATCTTTTTTAAGGGCATTAAAATGAGCGTTAAGCCCGT,843,46.74,Caenorhabditis elegans
SEQ_832708,CAATACCACAATACTATTGTCGTGGTCTTTACACTCCAAGGACCTATTCTTGCATCTAATCTCGATGGGGAATGTCGTATCAGACGGGTCTGCTGTGTTTTATTTTTGATGCCGCATTCCGTACAGATTGTTCGTGCGAATCTTGGACATCTGGAATTCAACATGCCTCTTGATTCTGATCTCAGGGTAGATACGATAAATGGTGGCGGCCATCTACCCTGATGATGTCGTGCAATAAGGATACTTCCCAATTGAGTGGAATGGGGTCAGGCAGGTCCTTCTAGCTGGAGGTTTCAGATGGTGGACACTCTAAGTTGGTGGACATATAAACTGCCTGACCATCGCGGTGTAGACGACAAGGTGTCCGTCGTTTATAATGCTTGTGCCGACTTGAACGTTGATATGAACTCGGACGCTTATGACCCTAGCCTGTCCTACCGCGTCTGGAAGGTGCTGCGTCTTGCCAGAACCCAAAAATTGAGCGATCTCGGCTCGACTCAGGCCGCGAATAGCTTGCCTGGCGTAGGGAAAGCTAGGGAGGTCACGAGATGCAAGACGCTGTGCAGTGTCGCACGCTAAAATCTGTGTCTACAGGTGCTGGGGTTTTGTGACTATGGCTAGAACTCACATCTCATGCAATAATGTGAAATGACGGGACTTATATAAAAGTGATAGGAAGGGCTTAGGTGGCGAGGTGCCAAGCTTACATGCGTACACCAACCAGAATTCGCTCTGACTCAGTGCGTCTCGCCTTCGGTCCATGTTAACCGAATTCGCTCCACCGGGTACGGCGAGGGACGGAGGAATAGACCATCGTGTTTGTAAGAAGGTGTCCCAGCTTTGCCTGGCTAACCGGACCGATGAATCCAAAGGGCAATCCATGGGCGTGCACCCTCTGGCTATGAGCGCCAATATAAAGGTGTGACAGAATCATCGTGTCGGAGAATTTTACTATGGCGACATAAGTGGGACCCATACACGGCGTCCCGTGCGGAAATTTCCCCGGGCAAGAGATCCGCACTAGTCCTGGTAAGCAATCCATTGAGACTATAAGACTCCACTTAGTTGTGCAACCGAAAGGATCGGCGACTTAGAACTAGACTTCTATATGTTTACTCAGAAGGGGCCGGATCTTAATCGCGGGGCCTCTTTACTCTCTCTGATACAAAACGACTGACCTGTGGTGGCGTTTTAATTCGAAGACGGTAGGTTCGAGCCTCTCAATACGGCGTTACCCCTTGCTTAGTGGGGTAGCTGCAAAGTGGGTCGTGGAGCGGCCGACGCCGCCTAGGCGGGTTCAGTCAGCAGAAGGTGGCTTGAGTGTAACGTGGTGCGTTCAAAGGGAGATGCGTGTACATCGGTCCCTGACTCTACCCTCACGTACAGTTCACCATTCGCTGGGGTCATGAGTACGCACCCGCTCGGGGCATGAGCATTATTAAACCTGGGATAGGACACGACAGTCACCTGCGTAGCCTAATCATGGTTCGGACGCTTAGGCACT,1504,51.13,Drosophila melanogaster
SEQ_869362,GATCCATGTACTTGCTGCTGTTGAGCGCTTACAGGGCTCGTGTGTCTGTGCGAAGATACGTTTGTTAACGATAAGGGGGGGGACACTTGGTATGGATTACTCATATCATGCCGCCCTAGGTCAACTTATCTCGCCTGAGATAGGACACGTAATTATCTGCAGAGTTAGATATTGTGGAAGCATGTGCGTTCGCTTAGATGCTATGAACCGGCCTGGAAACTGTGCACATAGTGTTGGCGCTCAACTGCTTGGCTGTACACTACCCCGGCGGCCCAGAGGAATTCCTCTGGCATAGGTAAAGTGCTCTTCGCCATGCACCAGACCTAGATTATAGCTTCGGTAACAGTACTCCGGCTTTTGGAGGGGGTACGGGGCTAAATTCGGATCCTACTTCACCTGTCGATTCATGGAGAGTATTAAAACTCATACTGCCCGGGTAATATGAAACGTTGTGCAACAACACGTCCAGGGGCATATAATCTAATGAGCTATATGTGTTTCACGACCATCTGTGCAGGAGGCGTCACAGCCGGCCGTAGCTGTCACGATATGAACGCGAAACTGGAGGCAGATATGTCTGCGAAGCTAAGCTAGAAACGAACGAACCTAGTCTTCCATAGGTTCTCAGCCCAGTCCCAGGCTACAACGGCACATGGTTGGATGTCCCCCCTCTAAGGGAATACGGAGTGAGATGTTATAGTGGATACGCGTTTGTTTTCTTCATATTGGAAGTTCTGAATGCAGATAGATTAGCATGTTTTATGAAGGTAGCTGAGTTATCCGATAAGCTGCGGCGGGTCTTGGCCTGAACAAACCTCCACTCGCCTCTTTATGGCAACAAGGTGACGTAGACGGGCATAACTAGGTAAGCATAAATACGGTACTGACCATGAGTACCTAACTTGCGGTTCACCCCTTACTTGATGGTTCTTATGCTAACAGTGCATTTGGCCTTAGAACCGCCGTCAAAGGAGTTGTGCCTAAGTTAGCCCCTAAGTTTGCAATCGGGTTATCACGCCCCTGCAGCGAAACACCCGCCTGAGTATACGCGGCGGCGATGCTCTTAGGCTTTATTGTCGGGGCAATAAACACGGATAAGTGAAGCGTTCCGTATGCCACGCTACGATTAGTCGCCAGCAGGGGGGGCCTTACTTGGCTAGTCACTACGTGGGTAAGCTCTAACTAGGGACAAATAGGTGGGGTCAACTAAAT,1212,49.42,Saccharomyces cerevisiae
SEQ_180217,AATAAGACGACTTATAGGGTACGTGTTAGCCAACGAACCAATAGTAGTAGTAATGGAGGCTATAGCCGGAGTGGGGATCTAAGAGAGGTAAGGAACTCGAAACCGTGGAGCGAAAAATTAAAGGCTGACGAGACTAGAGTCCATAAAAGAAGAACCTAGTTTGTACGGTTGTGAGACGGCGGGTTCGGTCGTTGGACAAGTGGCGATATTTGCATTAGGGGTATATCTAACTCGTTGTCCGAATTTGCGTATGTTCGAAAGGGAGCTACAGGCCATTGAAATAGTCCCGGGATATTACTGTCTTGTGACTAAGTGTCACTACGTAGAGAGGGCGGCGGGATCTCAGGTTTGGGTATGCGAGACACCATGAGGCCTCGTGTTCATGGAATTCCCAGAGTTCCAGCCATCCAATAGTCCCAACCTATCCAAGGACTCGTAGGCCCGCGGACAACGTTCAGTTTAGCGAAACCAATTCCTGTCACTTCGGTCTCCTGCTTTCGATTATGTCGTCTATCACCGAGTCTCTGCGATTGTCTACTGACATGGCTGCGAATCGGGCCACTGTTAGCAGATTTGTTATAGACGGCCGAAAACGATGGGCAGAAACCTCAATGCTAAGCAAAGAAGATGTATGCCCGCCGATTGAAGTTTATTCTTCTATTCCTGCTACCTCATCCGAGCATGGGATCCACGCAGTGTTGCGCACGTAGAATCTGATCTAATCGCGGCAGCATGTCCCGTGATCCATATGCTGCAAGAGCAGACTTAACATTTTCTTACCTATATCCTGCAGGCGACCAGGCTACTTGATAAGTCGGAATAGCTGACCGTGGGTTATACAGAAGCTAAAACCGAGGACTCCCACACTAAGCCTAGGTCACTTCAATCGATTACGAGCGATTGACCGACCGGTACGCGATTATGCTGGTACTACTTCCTTCTTGTGTTAGGCTGGGAACCGGGAGAATCGA,971,48.61,Saccharomyces cerevisiae
SEQ_598610,TTCACATTCGTGGGGTCTTCGATCCCCCTGTTGTTACGCGCTGCGGCGTCTCCACGTCCCATCTGGCCTAGGAGCGGATCCTGTCGGTGTGCAGCAGCCGTCTGGTGCGCCATTGAACGTCTCCTGGTGATGTCTTGTGTATGGTGAGAGGGAGGTGCGTTGAAACGTGCCGGATTATGGAGAAGAACGACAATTCAGGAACAGTCGCAGTTGGTTGTATGCGGCGGGTGGGCATTTGATAACGTGAGTAGAACGGTACCACTTGGTGACGGAAGAAGGAAAATGATCTCTTCCCCGATTGGACAGCCAAGTGCTCGTCTGCTGTTTTGTGTATACCTCTTGCATATAGTACCTAGCTGCCATAAGCTCCAATGGCGATAAGGACGTCGTTTACAGGCAGAGGCGTCACGCATGTGGCGTACACAGAGGCCATAATTATAATAACAGCAGAATGTAGGCAGTGAAGACTAGAATGTTGCACTCCTGCCTTCTTATAGCCCCTTTCAGCACGTGTAGGTTTCTTAGCGCGTCGATATCTACCTACCGAAAGCACTATACCGCCTCTATAGGGATCTGTTTCAGGGTAATTCACGTCACAGAGGTCGATAGTATTAGGATTGGGTCGATGGAGCAGCAATTCCGAATGTACGACCGTTGCATGTAGTTGCTCGGAATCAGCGTCATAGAATTGCCTTGTCCCCTCGTGTACCTTTTTGCGGTTTGATCAGGGTTCTAGTCAAGATCAATACCGAAATTTGGTGAAATACGTACGACCATGGAGGTTTCAACCTGCGGTGCCAGACGCAAGGATTCGAGCTAGCGATCGGTATTTAAAGCTTTTAATTCATCGTCGGGTTGGACTGCGTACTGTAAATACTCGCAATAGCAATATTAAGGGTGTAGTGGTCAGCTTTTACACTTTTACCGAGCGGGTACGCGAACTGAGTGGATCAAACTATATATAAACAGCGGCGCACCGCCCTTTCAGCTAACTGTAGTCTAGCCCTGGTGGGATCCGCTCTATGGTTTCTCAGAGTCACGCGAACCTGAGCCATGCACGGACGCATCGTCCGCGGCACTACATTGTCCTAGACGCGCGATATCCGGCCAGCACTGTTGCGTCCCTAGATCCGGAGACAGGTGCTCGCCAAAGTACCTTTACGGCAACTAGCATTGCCACCAGCAGATTTCC,1192,50.67,Mus musculus
SEQ_387605,GCGTCTCAAAGTATATAGTGATAACGAGCCCATTTTCTGCACGCGCCCAGCCGTTGCTGGGACTACCACTATAACTCCACGCAGCATTTATCTCGATATCGTTCTGAATTGGCACCAGGGAGGATGAACGGATGTCTGCTCACACCCCTTAGTCGCGTACCATGACATGTACCGACTCGAGTCGACACACCCGGAACGCCTTCGCGACGTTTTCCTAACGTCACAGTCTGTATCTTTACAATGAACCGCTAACGGATGTGTATACACCTCAACCCTGGTACGGCTATATCTTAACAAGTGTTTTTAAAAAGCCTTGCGAAGTGACGAAATCACTCCAGTCACCAAAAATATGGGAGAGAAACTCGTTGTACGCAAGCGATTCTTCGTCCCAGCAACTATGTAAAGATACGGACGCTGCGCGTTCATCTTAGGTAGATCATATTGCTGCCGGTGCTCGAGGAAGAGACCCCGCTAGGTGAACCGACAAAATCGCATCGTTTCAGCCGATTTGTTTCATGGGTAGTGCGTTGATCGTACCGAAACAAACACTGAAGCCACCACAGGCCGGAAGGATTTTTCTGTCTTGACTAGAATAAGGTCGGAAAGAGTATTCATGTGAGGTAAGGTCCGGTAGGGCGGTTATTGCCTCCGGGTAGGAAGCCGGAGCTGCGTCCAATAGTAGACCCCATCCATTCGCCAGCGCACGAGAGATTCGGCGGTACTTTACGTTGCACCATTGGCACGTGACCTTTTTCTGAGCGTCATGCTAGGGACGAAAGGCACAACGATGGGCTCCACAGGCAAGAGACTGAGTATGCTGATAGACTCCTCGAGACCCCTCGTACGGCCAAGTTTAGGTCTTCAGCCCGAAAAGTTGACGCGCCAACTTTACCCACTGATATCTGTCGAGCAATCTCCAGATAGCGTAATAGATAGTATGCAGTGGGGGGTGAAGAGGTCCTCGGCTTGAGCGGCATTATGCCGGCACCCGAAACCGTTAACTGGTGCTGCAGTATATTATGACGTGACGAACCGGGATGTAAATGCATCTTACCCCCGAACACGTCGCGTGTGGTACCCGTTACGTCTCTTTCTCTAACCCAAACCGCCGAGTCTGCCAAATGTAGTGTGTTGGCTTGACTGGTGGTTCCGACCCAGTTGTGCGAGCGTAAGCGACGAACTGCCCTCCCACAGCACATGCAGCAACGGGTTGATGGGTACTAGTGCGATCCGGGCGCATCGAAGACTACGCGTTTTCCAAGTTAGACTACAATTTGACCACTAATGAAAAGATGTCCCCGCGACCAGGCGCGTGGACCGTCACACAAATCTACCAGCCATGGCCCTAAAGGTATTCGTAATGCCTTTGGATTCTAGCAATATCGCAATCTTAGTGGCAATCGGACGGTGCTAGAACGGACGGACGGCACCTGTTAGACCACCCGTTCGGGCGCAGCACTCAGGAGACCGTGGCCCGCTAAAAGACTCGAAATTGTCGTCTTGTCGCACTGCGAGCAACTTCTACGGCAGGAGCGGCAGGCCTAATCGGATTATACGGGAAGCGACAAGTGTACTCCGTGGTTCTGACGAGGTTAGATCAAGCCCATTAATAGGACGAGGCGTGAATTGTCCGCTATGTTCCTTATCTTGAAAATTATTCCCGACCTCCTAGAGGCGGCACTAGGTAACCTGAAGGACGAGCCAAGCCCACGGTTTAAGTCTCGGCTGCACTCTCCGGGCACAGTACCGCACCACATGAACCGCAGCCTCAATGTTCAAAAAGAATATCTGCGCCCTCAGTCGCTCATACCCACAACTCGGGTTGTAGTAAGCCCGGCCTTACATGTACAAGATAGGGTGTCTAGTAAGGTGTATTTCGTGCTAACTCGTTGC,1893,51.66,Mus musculus
SEQ_614950,GAACCGCTATTCTTGTGAATTATCCTCAATCAGCCCGACATCTCTGGTATTTCATAAAACCCTCGTTGAATGTTATAGTTATTCCCCGCACTTTTAGTCACGATTGTGGGCTTAAGCACACAGGCCAATTTATCGAGAATAACAGAT,147,40.82,Mus musculus
SEQ_408534,TACTTCCGGGACAAATGCGCTGTGATTGCACGTTACTAAGGGGACCGTGCTCCTCGAGCCGGTAGTCCCAATTGTAACGCCGTATGACTCGTGTTGACCTCCGTCTGCTTAGGGACGACCTGACTTGGCGCGGTCCTAATCCCACATCGCACCGGAAGATTTGCTCTGGAATTTTA,176,53.98,Mus musculus
SEQ_222863,AAACCTGCTCCCCGCGGGCACTAATGTGTGCGGGGGAACACCAATCTGTGCTTCCTGTAATATGCGTATTCCACGCAAGTGTGTAACTAGCTGCGCGTCCTCCGGTATGGGCTTTCTGGCAGCGGCGAGCTGTTTCACACGTCCAGGGTTGGAATTATCATTTGCAACACACAGCGGTCTAACTACACCTGTGTTGCCAGCGGAGGAATTTGATTATAACGCCTCGGTACTGTCCTCTAATGCGTGAGATAGGAATGCCGCCGTCATAATTCAACTATTCGGTGGAATACGTTATAAGCCGATATTATCGCCTGACCGTACTGGTGGACCCTGACGCAGAACGGCCCTTCCTGCAGCACCTGTGGAGCGTGAACACAACCAGTCGATCGGGATCTACCTAACCAAACTAAGACAGAAACCGGATGCAGTCATCGTGCGATCTGAACAATACCCTCGAACTAGACCCACGATCTAGCTGAAGAAAAACTAAGGTGCAAGCATTGAGACACTGGAGTAGCTGAACGGCACGCTAGGGCATAATATTAAGAGAAGGTTTTATACGGCCACTAAACGGTGTGAGATAAATTGAGTGAAGGTTCGCACAAATACTTAATATAAATATGTATCGTGCGAATACAAATCGCTTGCATGCCGCCCGTCGTTCATGCCGGGGAGCGCCATATGGGTTACGGAGAACCGGGTAGAGTGCGCTGTCGCGGGATGAAATTAGTTCTTCCAATGTTGGATAATTAAACTAGAAGGCATAGGCACGAGGGGTCCGACGACGATCACAAAAAGAGAGACCACGGAAACAGTAATGAACTACAGGTACGCGAGGGAGCCGGGTGTGCCAGACAAAGTGTTCCCAGGGCGATCC,877,50.17,Drosophila melanogaster
SEQ_160100,GGAACATATTTCTCATTGCAATTAGAAGATGAGATCATCCTGGGTAGATATAGCCTGCAAATCCTCCGGACGGTTGTCTTTAGGAGCCCGTACCGTATGCTACGAAATATGGCGACCACCTAAACCCCCATGAGCTAGCGGCGGATTTTCTCCCTGATAGCACAGCAACAGACTTATCACGTCGGAAAAGCAGCTACATTGATTTTTCTAAAATCCAACGATTCAAACCGCTCGCTCCTCCAGGGCTCCTTGCTTGTTAACTAAGCTCATTATAAGGTTGATATGAACCCGTCTGAGGCGACCAGCCGATGCGAGACGGCTCTAATACCTGCCGAGAAGAATGGAGTGTTACATTTATATGCACATATGCATTGTAGGCCGGATGGTCGACCGACACACGAGACGCAGATGGGTGGGAAACGACGCCCGCTCATGCGAGGCCTGCTAGCCGAACGGGTTATTACGGAATGGAAATCTACGATGGCCTAATTCACCAACTGTTTGGAGACGGAAGAGGAAGCGAATCCGCGCGGCCTGAGATATTACAGCTACCACCCCGTTCACCAGGTAGTCCGCAGCCCGATTTCCACGTGTGCCCCCAGCTTTCCTCTGATCTCTCATGTTATCAAACGAGTCCTCGCTCGAGAGAGGTGTGGAGCTCCCCAGAGAAGTGAGTTACGATCGCTCATTAGCCCGGGCCCTAGATTCTCCTGTTACTCGTCACGCGCATAGCGAGCACTTCCTAAGGCTGAGGCCAGGTTTCGTAAGTTTTCGAGTTTCGCAAAGTTCTCCGACAATTCTCAACCCTCAGTTTCCCTCATTCGCCTCTTGCGCCTTGGACTAGAGACGCCGCTACCGGCTTGCTTGATAACCAGGAGACAGCACCTTTCCTCGTAGGTCTGTACCCGAGGCCTAATCGTCCGGAATCTCGTCGATTCAGCAAATGAAGACTGTATGGTTGTTGCGGATTCGCGACTAAGCGCAGTGTGTTTATTAGGGAATTAAATAGGTGGCACCAATGCCGTGATCGATAGGTCCTACTTCCGTAATTCAGCGACCTAAATTGCACACTACACGGCCCTGTCCGGCAGGGCCGAGCTCCCCACATCAGTTGAACTCGGCAGCGCGGTCCCCCTATATATGTTCTGCGGCTTGGTGCCCAGAACTGCCACGCCGGAATGAACGCTTCTCATATTGGTGGATTGCTCTCTCCTCAGAGGCCCCCCACGCCTCAGTTCCAACAAGATTCCCACATAATCTTGCCAAAGATGGAAAAAAACAGATTTTCGGGATAGATTCCCCTTTCACCGGATGGCGCGGCACCAGGTTATTCTACACACAGTGTGCACGGAGATTCAAGCGGAGGCGCTACCCATGGGACAAATAAGAGACCATGTTCGCATGGGCGCTAAAGTACGCCCATCTTAACGGTTACAGTGAGTCGGGATCAAATGCTCCAGCATGACACTCCGGCTACTGTGGTTGGTAATTGATAATACCATAATGTCCCTACCACTTCCCGCAACCTTATTCCTTGGATCTACCAATACTCAGGCGATTCGGGTGCGGTCAGTGCTGAAAACGAGGACGCGCCTATAGATCCCTTGCGCAGTAACAAAAGGCTTTCGCGACAAACTGCCTTGCGCCTTGGAAGTGTGCGCAGGTAGGTATCATAAGCCAGACATACTCGAGAGACGTTGAAATCACGCCCAAACCGGGTTTTCCTGGCCTATGTTTTTCAAGCCTAGAGGCAGGCTTGATTACGTGTTAGTTTGTTCATTAAACGGAGCATCCGTTCGGTA,1802,51.33,Saccharomyces cerevisiae
SEQ_740308,GGGCCAGTGTATCGCGATTGGTTGCCGTACCTAGTCCGTCGGCCAGACGCGGGAATCTTAGTGTTATCGGAATCTGATATTTACACCCTGTGTAGACCGGCGGTTCCTACAGCCGTCGACGGCCTGATTATTCTTGTTCAGAGCAACAGGTTATCGACAATCACCCGGCCACTGAGCGACTTGCGGTAGAGCGTGGCCATAACGACCTGAAAGTCATTTGTACTAGAACAATTTCCAACTTTGTTTAAGTGATTTTCGCGAATGCGTCTGGCTAGGGTGCTTCACGGGATATGGTAACATATAGACCCAAGAGCCTCCAGGCTGTTATTGGCGAATCAGACTCGCAAACAAGACGTAACTCACGCAGCTGACAGCCACCAACGAGTTATTACATTTCAGCGACACTAACGCAACGCCCACCGGCAGCACGCTAAATGTGAACGGCGATGGATCTGCGCGAAGAGATTCACTAAGCGATTGTGCCTCTGACGAATAATGCGTTGCGTGCGTCGGTGTACCCCACCCGTCTAAGAAACGACCTGGTAGCGATGGGTCATCATACTTTTGATCAAAGTACGACTGAGGAGAACCGCCCATTGAAGCCGCATCATTGCCTACAGGACAGCCCTGAAACGTAGGTAGAGCGGCCCGAGACTGCTTCTCCGAGCCTTGGCTCGGGAGCCGTACGCTCTTGGGGCACCGATGGGAAGCACAGCAGGCCTCCGGTCAAAGTCTATTGACGAGTTTCGAGATTTTGGACCAGACGACGGCCGAGAGTTCCCCATTCCCCCATAGTCACGCTCGGCCACCCGGCGTGTCGCGAGGACATACTGCCCGACGAGCATAATTGACCTTGATGCCACGGGTCTGTATTAGTCACACTTGAGGCGCCGATCGTGGGCCTTCTAGCCATAGGCGCCTCCACGTTTCCGTTGAAACTTTCACGGACCGGTCCCACTTAGTCGGATCAGAATGGCCCATAGATTACCTGGCCCACCGGACAGTCACATTTGGACGCATGGAATCCTACTGACTGTGCGACATACAACACTGCGAGGTGTGCCTGATATTTGCTTGGTCTTAGTGAGAACGGCTAATGCACACTTGAATGTGGAGAGTAACTGTATCACCCGGGGCGTACCTCGGTGCCTTGCCTGCAGTTCCTTAAAGAATAACTGCAATTAAGCTGCTCGTCTAGGACCGGCGCTTTATGTCGCATAGCGAACTCGTGACTTATGAAGGATCACGTAGGTCGATATTAGGTTCGTGCGTGCTAGGCATAGCTATGGAGGACGATGTCAATATGTTCCCGGCAGCTGCTAGGCACCACTATCTATGTTCCAGCTGCGGACACGCACTAATCGCCGGTAAAAATGCATCAACGCAAAGTTAGCGTGCAATGCCCTCCCCAAGTCCCCATCTCGACAGTTACTACGTAAGATTTGAAGCCGGTAGATTTGTACAACGACCTATAAGCGTGCGGTGTTCAGATGTTCCCGAGATATACTGGGATCCTTATCTAGATAGCAAGACCTTATTGCTGCTACCCTTCTCTTATAGCCGGGAAGTGAACGAAGATAATAGGCTTATTCAGCAGTTAGCTCGCGCATCGTTGGGTGTGGCAACGGGAACATCGATAAGATACTCGCTACTTCGCAACCAATATTATACGAGCGTTACAATTGCGTCATATTCCCCCCTAAAGTCCTTCTCCTTCAGCGTTATTACAACTCATCAGCGGCTGTGCGGGAAGTAACCCCTTGTATTTCATCTAAGCACACGGGACGAATGAGAGTATCTAGTTTATAATGCCCTGTGCTTAACTTGGGATCGTGGTACGGAAGTCTGGCGCGTCATGCATTCCGAGAAGAACAGCCACCGACTTTCTACCCCCTCGAGTTAATGGACCGCCGTCCCAGGGGCTTGACCGATCGGGCAGACTAGCGGTCCTATCCGATGAATGGCATCACATATGTAT,1978,51.67,Drosophila melanogaster
SEQ_977217,ACATGTCACGCGCTGTTTCGCTGCTCGATCATTTGGATGTCAGCAAGAGCGTTTGGTCCCGATTAGAGCCACGCCCTCGTGGCTCCAAAATTAAAGCAGCTGTCAGACTGTGATACCATGATTGAGGTACGCCCGCACAAGAAATACTCGGGTATTCTCTCAGAACTTGGTTGTGAAACATTGGAGTGGAATAATGATTTGTCAAGCTTAGCACGCCCTTGAGCGTCCAGTCCTAAGATAATCCCTGGTATCTAACAGCGTATATATTCCCGCGACGGATG,281,48.4,Mus musculus
SEQ_236309,TCAACATGTTATGTCACCCTTGGTGCAAAAAGACTTGCCTGCCTTATCCTCCTGAATCAATGACCGGCACCCCCCACATTATTGTAGACTTGTAACGCGGAACGTTATAAATTTATCCCAATTCCATGCTGAATATCGGATCGAAAACTGCCGGCCGTCCCATGCCGACCCGGCATCGTCATGCGCGCGACGTAGTGGGTCGATGCGTTTTACCTTCGTGCCGATGAGGTAATTCAGACAAGGAAAAGCTGGATGTGGGTAAGGAATGGCCCAGTTGATTTTTTGGGGATGATTCGGATAATTCGGACCGGCCCCCTACGGGGTTTCAAACGATAGTAATTGCCATGGACGTGAAT,356,49.44,Caenorhabditis elegans
SEQ_476729,TCCTCCGCTGGGCCAAGAAGCACCGGGGATAATACCCCTCGTCACAAGATAGGCACGAGGGATAGTCGGGTGAGATGTCATCGATACATCTAGATGTTACGCCCCCTTCGAGCGCGTGGATAACAGCGGGATGAGGGCTCGGGCCCCTAGACATTGCCAGCGCAAGCTGAGCCCATGTACAGGCATTCTCGTGATTTGTGAGAGATTCCTTCAAGACATACATGAACGACCTCTATCGGTGATACATGGTGCCTATGCCCAAACGCCCGGCATACGAGTGCATTTCAATATGTCTCCAAAGGACCCCCCCCATCAACATCCAAGATGAACCGAGCCCATCCCCGTTGACTATCGAGTGGTAAAGGTAGCAGCAGTCTCATTCCGTCGAAAGATCGATCTCGTAACTGTGACCTATTCCGCGTGTCGGAGGGCCATTACTGATTCTGTCGTTCGGCAGTTCTCAGGCCGCCCTCGTCACATCAGAGCTGTAAATCTAGCTGGCATTATTAAGTTGACACACGCTGAAGGGCGCGGAGATTCGACGACACGAGATGAAGGTTACGGAGCCTAACAAGGCCGTCGGACTCTAGGGCCCGCTGAAGTTTGAGATCTATTGCCGCTTTGGTGAGCACCAACTTTTAAGATCATTCCAAGCAACCAGCAAAGGCCGCCAAGCACTATCAATAGATAACTATCTCCTAGTTGCTCATGATCCCATCGTGGAGCGAACGTGGCGGAAATGCTCCTTCCTCGTCGGCCATGGAC,765,52.94,Saccharomyces cerevisiae
SEQ_398279,CACCCTGAGCTATGAATCAGTCTCCCACCCCTGCTCGGGGTCAAAGCGAATAATACGGCAGTAATTGTCGACCCTGTACTGCTAGGACTAGACTGCTTATATCCCCCCGCAGGTACGTCTAGAAAGAATTTGAGTACGAAAGCAGGCGGGAGTCAACCTATACGCTGGGACGAAATGGCTAGTGAGATATAGAACATGGTAAAAGCCCGAGCTATTTTTGAAGATGGGTCTAGGACGAATAATTATACAAGGTGAAAGGTGGTTATGTAAGTAATGTATGCCTATCGCTAGTACCGCGTCACAGCCATTATTCCCAGCCCAAAAGAATTATACTGACCGTTTTCGGATATAGCTGCAGGTAATTCCCGTTATGCTAGGTGAGCTCATAAGATTTGAGGACAAAAATGCCTGCGGACAGACGTTGGACATGATAATTGATGGGCGCGGCTCAACGCGTTACCACCGCTGACTTCCTTCGCGCTCTGCGCGTATGTGGGGATTGCGGGAACGCAAGAGGATGTGCTACGTCCATGAGCAGATCCGCTAGCCCCATCACTTTTCGCCTATAGTGCCTATGGGTCATCTGCACCTGGGTGACCTCCGGCCGTTCTTATGCAACCTTAAAAAAGACGCTATTATTCGGACGAAAAGGCCGCAGTTGTAAGCTGCACGCTAAGGGGATGAAGCGATGCTTGTTCTTCTTGCTAACAGCTGAAAGCTGCAAAGTTACCTGCTTTTACTTATGTGGAGGGTTAGCCACCCACCCTTCCAGTTGTTCCGATTAACCCATATCTGACCTTTGTGACCGTTCTGGCCGAGGGTTGTGTGTATGAACACTCGATAACGCAGAGTACGTTTCCGTCCTCTAGTACACTAGATAAATCAGGGAATGAGGGTAGCAGCCGTGTAGCTTATCAATGTCCCGACTAAATATGAGTTCGTGTGCGGGCCTACAGAGGAATCTCGCACCATATTCCAGGGCAATGATCGAGGTTCGCAGAAAAGATACTCGATAGTACGCGTAATGAAACCACCGAGCCCGTGATAAATTTCTGATTCAAGACAACTGCTAAACGCCTCCATCCCCAGACTACGAGAGGAATGGTTCCTTTGAACCAGTGCAAGCTCCTAGGGACCCCCGTTTCGCATAAAAAACCCCCATAAGCACGGGTTGTTGTCACCGTTGCAACTTTGATCTCGATCCCACACGTCTGATGCTACGTAGTCCGCTCTCTCGGCCATTACTTCTCGGGGTTGGTGCGCCTGATTCATAGCTAATACACTGTCCCCGGTTCGCCAGATCGCCACGCTCGCATTTTGAGAGTTATTACCCTCAGTCCAGTAATCTCGAACAAGGCGTTGTATCCTAAAGCGCGGGAACTCAATGACGCATTTACTGGGTCGCACCTTTATCCTTCAATCTACGGTAAGTTGGGGCCAAACAGCGGGTTGGTGGCGTATTAAAAAGAGGTTTTCGGCCCTAAGTTTCAGCGACTGCAAGAAATGACGTTCGTCTTTGTAAAACGTCGTACATTGCGGACTGAGCTAATTAGACCGCTGATACCCGAAGCACGAGACTCTAACCAGGGTGAACCCTATGCGCAACGCTGTCACACCCAATGGGAATACTCCGTCCCGCAATATATAGGGATGCTATATACGGGACGCTCACTCCAGCGTTTTTCGTATCGTCCATCTTTCAGCGTAAGCACGGACGACTCCCTTGTCTCCCTGGCGGGCCACGAACAACCGGGGAGATAAGACCACAGCGTGCTCATCAGTCCCAGGTGCGATACGCTTGATTCGGTAGCGGCCATACTATCGGCGAATGGCCTTACCGTCGGAGGCTCGAAGATGAGCCTATCAATTAGACATACTAGCAGTAGGATTTGGACGACCCAGCAGGGTTTTTGTCCTGTACATCTTTCGTATCTGTAAACCGTTC,1945,49.82,Mus musculus
SEQ_215031,AAACTAGTTGGGGGCAACTCCCGTATTCATGTAATTCTGGCGCAGTGGGGCACCACTCAACTCGAAATCACCCAGTTGATTACCTAAGCAAGTCAAGGAAGGCGCCGTACATATGAACAAAATGAGCTCACGACTGGACGTGTCAGGTGCCTCGATAATACTACCATTTAGCTAAATACGAAATTGTGTAGCACGCCGAGCCTAAACTCCAAGTCGGTGTACTGATGGCCTCCTCAGAGACGTCCTGCCTCTGCTAGGAAAAAGAACGAGCGCAACCGATTGACCGTTGTTTATCCGGCGTGACTGACGCGTCTGATCCTTAAGTCGACTTAAGAAGCGATCTTTTGTAAGCTCCAGTCCGCGCAATGCCCCCGTGCTTGCACCGATGACCCCCTTTCATAGAGGTCTGGAGGATGTTATCTGAGTAACTTATCTTTAGAGAGTGATCAGTTCCAGTTTTAGCCTTGGTAACCACCTGACAAGAGAACCTGATGGGGGTTCATAGGACTCCCCGGACGATGGTCTATACCCTCGGAAATCTAACTGATCCTTCGAAGAGAGAACCCGCCGATTAAGAACATATACCGCGGCTGAATATAGAAATTAGTGAGCGGAGACATGGGCACAGGTTGTGTTCATCCTCCTTCTCTCGCTGCCACCTCGCTCTATCACCGCGAGGACGCAATG,687,49.93,Escherichia coli
SEQ_189807,ACAAACCCGGTTCATTGGGATCTGAGCGAAGTACTCAGTTCCTCTTTGACAACTGTCAAGGTGGACTAGCAAAGCTAACAATTCGCGATGGCGGTGACATGCGTTCCAGGAATTCTCTCCGTCTGCAATGTGTAGCAGAATAGCGAATGAGGGTTGACCGTCGGGAAGTTCTGAGTCGTAAGCGTGAGCTTAGGAGCGAGGCGGGTGAGTCGGAGCGGTAGATGTTAGCTGTACTAGGTCAGGCCGCCAAATGCGGGACGTCTAGACGATGCGAGAATCTGACCCTGTTAGTATATCCATTAATCAGTCGGGCTACGCTGCACCTGAGACTGAAACTAACTCATAGGCGTGCACCCCTATCCAGTCGCTCGTACAGGTGGGATCGTAACCGCCGTGGACAAACGCATGAGGCAGATGTACTGAATACCCCTAACACCCACAGTGTGAGTATGAGCATGAACCTGACCCGCTCCGATTGCTAGAGCAACCCTGCAAGTTTCATATGAGTAGACACATGTCAGATGGGCGCTTGTGCCTGTATCGTCGGGGTGACGAATGTGGGAGCGCGCCACCTACAGATACGTACCTGCTTTCGCGAACTCCGTTACCTTACACTTGATACGCGGGTGTTATGGATAAAGAAAGGACACTAGGGCGCGCCATGAGGGCCGTTTACGCCGCGATACCCGTAGGCTCCACTGCGTATATCTCGCTATATGGCCGAAATTCCCGCACGCCCGGATTTAGGTTTTCGACACATCGCGGTAGTATAGGCCCAGGCCGGCTTTGGAAGTCCACCGGAGAACACTACCATTGACAAAGGTCGCTCGCCAAACAGTCCCTGACTCAGCGGCTTTACAGATATTACCAAAATATATGGCCAAATGAGGGGGGTCCGTATGCGAGTTCCGGCTCGGGATGAGCAGCACATCCAATTGTTCGTTGGTAAAGCATCTTGACGATCTGCGGCCTTCACGAGAGGAAGTCATCGATTCAGTCAGGATTCCGGGCTGTTCGGCCGTTGTTAATTATCTAGAACGATTCCATATCACCTTACATATGTACGTGTACTTTTCTATGTGTAGTCTGGCATGAGGCAATAATCTGATCCGGGGCGGATGGGCTCGGAGGGCCTAGAGGATCTGTAGAATCGCATGATATCGCGGGCCTGGCCTGGTGGTCTCGTGCTATACTTTCTTCTCGTTCAGAGTGTATCGTGGCTAAAAGTATACCAGACCGGGTGTTAACTGATTATGCATCCCCCCCATCGATGGACACATATTCCTAGCGCGTTGGCCGGACTGGCTCCTTGTTTAAATCGCGCGAGACGGCTCTGCGAGGATGACAATGCCCAGGACTTAGCCGGTTATTCCTTTGTTATTTCCCTCCCCGTCCACAATGTTGAACAAGTTACACCACTCACGCTTGCTCGACGGGCTGATCTGCCTTTGATAACAAGACACCGTCTCTTGAAAGGCGTGGCCGGTGCCTAGCGAAGCGCTGCAATTGTCACACAAACTGAGATTGCTTTTCGAAGCCAAGGATGGACTCTCGACGCGGGGCCATTTGCACTCGTTCAC,1580,52.34,Homo sapiens
SEQ_462402,GAGAGGGTCCCACGATGTGAAGCAATGTCGTGCTAAGGCGTACATACGTTTCCCTGCCCTGAACTGTTGAGTATGGACGTTATCAGAAGATTTGTGGATTGACGGGCTATCCTCAGTAAGCATCCAACCTCTGAAATTCTGCTGGGTGCCCGGGGAGGGTCCTTGGGACGTCTTTGGCATCGTACGGATACGGACCCCCAGACGTCTCTCAAAGCTGCCCATGTAATAACACTGAGCTAGTGTATTACAAATCATGTTTGAGCCGTGGCTGTCGCGCGCCGGGCCTAATCGCATCGCTAGGGGATGACGCACAGACCGTGCGTTACCACTGTTTACTTAATCACCTAAGGGCAATACTGAGATCCCGGGACATAGGGCGAGTTGAGTTCTGTGGCTGGGAGCAAGCAATCTACCTCATCGCTGCAGACCAGATGTAAGGATGACGATGCACATAACTCTAAGCGAGCGCACAGAGGCGAAAAATTCAAGCACGACGAAAGGCTGGTACAATTCGATGGATAAGGAACATGTGTCAAGGCTGTAAATAGGTCAAGCTTAAGCTAAAATATCCCTATCCCATCAAGTCAATGTCTTGGCCGACAGGGATGAGATATATACAGTTTAAAGCTCTTAGCGATCTTAACAAATTGGGTTCGTCGTCTAGACAGAATTAAGGGAATCCAAACTTGTGGCTGGTGAGGGGGATCCCTGCATTAGTACCATTGTTATCCGCCATTACAGAAATGTTCACCTAGTTCCGTGGGCCTACGATAAGAAGATCATGCGTACAACCCGCGGTATTCCTAGGAATGCGGGGACAAGAAGTTTACGCGTAGCGCTAGACGTACAAGACCAGCACGCGATAACCCACGAGTGATTGATCCCAGAAAGTCATCGGCCAAACGGTGTCAATGCGGCCTTGCGCAGATACTGTCATTGGGTAGTCGAAGATTTCGGACAATAAGGTACCCCCAGTAAATGAACCTGTCAGAATACCTATGGTCGCTTTTAAAACCAACTAGGTTCGACGTCAAATGACCTGCCACTACGCCCGAGTTTGTCGCTCCCTATCTACAACTCCCGGCGTAGGCAGGAATCGCAATCTTATTCGACATATAGGAGCTAAGGACGGGCCAGTAAGCAGGAATAGCAAAATTACTATCCGAAATGCCCCGTACGCTTAAAGGGGAGATGAGGCAATTGCTTCTGGGGCCTGTTGATGCGACTTCAGCGTTGTCAGCTACCCCACCATGATAGGGAGAAAAACCACCTGACATTTCGCTAATATGGGGTTTACGCGGCTACGCAAGACGCGCAACAATTCTCATCAGGGCTGAGCCAGATTACTAGGACAGATCCGTTTACTTGAGGGCATGTCTATTAAGTTCATATGCGCCTACCCTCGTTGGAAACCATATGTCGAGTTTTTTCTTTTGCCCTTTAGAACCGAAAGTAATTAGTATGGGTAGACCGAGTTCGACGGCCAGTACACCTCCGCTTGGAGAGCCCGTGCCTTGCGTTTCATCTCCATAGGACGGGAGAGCACAGCACACCGTAAAGAGATGCTAGCTCTTCCATTCTTAAACCGCGGTGCTGGAGTTGACGGCAGATTTTTGTATCCCACGCAGGCAGGCGACAAGTGGCCCCGGCAGGTCTGCCGTCATGTGATATCTATCGGTCAACGGGCCCTAATACCGACTACTGATGATCACGTGTGCGGTGTGGATGCAACGCTATGTGTCCGCTGCATTGAGTATAACAAACGGATACGAAGACTTTTTGCGTAAGTCCTCCGGCACGAGATCATTATAAGAGGAGGGGATGTGAGCTACGCTTCCTACAAGGTTTTTACAAAGGGACAAATTTACGCGTAACCCCGGGGCAAAATCAGTCAGAGCATATATTCGCCCAAATCTACACGATCATTCACGCGC,1934,49.59,Caenorhabditis elegans
SEQ_908654,TCTAGGGCGGTCTATCACTTCATCAGCGAGGGTACCGCGTCACCTGGAAGCGACCGGCGCGCTTCCTGTTTGAGCCGCTCGGTATAGACTGGCTAATGGTCCTATATCAACGAGTGTATCTAACGACACTCTACTAGATCCTATGTGACCGATTGGATTGGTAAAGGTCCAACTGTTGATAGCGGTAAGTAATATATGTTCCGGTGCTCACGTGTATGGGGGTGCGGTTAGCCGGTTATGGACAGTGACATGGAAGCCTGTA,262,51.15,Homo sapiens
SEQ_895352,CTGTCGGAATTCATCTCGAGCTATAGTTAACGCGACTTTAGGGCTCCAGCTGTATAAATATCAATTAGCCTGTGTCCTTCGTGTTACCCACCGTTAAACAACGCTCCGCCAACCCCCTCATAAGTCCGGAGGTCTGCCTCCCCAGATCGTCTGGGTCACCGAAGTAGTTAGAGTGTTGGCTAAACCCGGGCACGTCGCTTCTCCCCTGCATGGGGCTGCGTTCGGCCTGCCGCGAAATAAACAACACCGATTATATTCGAAACTGCAGACATAACCGTCTTAGCGGCTCTGACGATCCAGGCGCAAGTAGCTGCTAACAATACCTGATCAAATTATGGACGGCCTATCACATATGGAGATATGCCGTATAAGCAGAGGGCGGGCCACGCTGTTCGATAGCACGGGCGCGGGTGTCAGGTCGAGGGGCTAACCAGTAGCACGGTTAGTATGGGAAGCCCTTTGCTGACCGTCGTAGGGACCAGCGGCTCTATCATTACCTCACTTTAGCGATCGCGATTGTCAGAATGTTGGGCCGCGCGACTTCCGTACCGGGAGCGTCGTCTAAATGGATCAATCAAGTAGGGCATGTGCGCCCGGAATAACCTCGTCGTTTGGGACGCAACAGCCCGCGTTTATAGGTCAACTAACATGCCGGAGTATGTAAGCCTGGACTTCCCATGCTCCGACATTTCATGCCGGCAGAGGACAGACACCAAATCAACCTCCTAGCGTCTGCTCTTCGGACCGTCCTTAGGCGGAACTGAGACGTGCGTGTGTCGATCGTGATGAAATCGCTCAAACATTGGATTATATAGAGGCCTCGCCCAGCAGCGGTTGTCGCTCGCCGTAACCTGAAACATCCATGAAGTAAAAGACTATTGGCTGCGTCCGGACAGCACGTCCGCCGCCATTGAGTATAAAGCCCTCGAAGACGATGATTATGCCAATAAGGTATGAAGGGCTGTGCCCCGTACAACCGGGACTGAGACTGGAATTTCGTAGCGTAGCTTCAGTGATTGTCTCGTAATAAGAAGAATGCGGATAGATAGTCTCTTCATTAGTAAGCAATGAGCTCCGCTGGACAGGCCATTCTCAAATATAGGGCATTCAACCATTCCGGCCGGGTTCTGGAGTTCGTTTACTAACGTGGTTCCGCCAACTAGGGATTAACCTGATTGTCCAAAGATCTATCCCGCAGGCCAAGCTGCTCCTTTGTAGCTCAAGAAACCGCGTGTGTCCTTAGCGGCTTCGAGCGACAGATGCTCCACCCGAAGCACTATATGGCATAATCGCACCGAAGTTAAATGTCCCTTGTAAAGAGTGTGTGACCAAGGCTTGGCCCATGAGAATGCACGATAAGTTCTGCTGGGTCAAGGAGCGGGGGATATTTGCATTTGAAACCTTCTCCGTCTAGACCAATGTAATGCGCCCTCTCATCGACAGTACTCTCTGCACCAATAGGCCTTAAGGTGCCCTACTTCGATAGCGACATAGGTAGAATAACCTTTATCCATTGATATGGCTGATCAGCGGCTACAGTACGGCCTAGGTCACCGAAGGACGTGGAATATGATGTGCTGGGCGTGTTGTAGAGCGCGCTGCGACTTGATCTTTTCCTTATGACGCTGCCTAGCTGCTGTGTCTCTAGAAGACCTCCTGCTGCACACCTACGTTAAAGCGACAACGCTACCCTTGGGTGGTTGGAATTCACCCTCTCGACACATCTGTATCTAGGCGACCCAGCAAAGCTTAGGTTACTCCTCAAGGTACGAGACCTTATCCGCAATGCTCACGTAATAG,1800,51.72,Mus musculus
SEQ_224668,GTAGAGTTCTCAATCTGGTCCAACACTTGAAGGACTATGTGATCATACACGACTTAGAGTCAAGTAAACAGAAATAGAGGGGCTCATTGGTTACGAATCCAGTTCTCCTGCCGAGAGTTGTCTTTATACGAGAACAACAAAAACCTTAAAGGCCTCACGGTTAGCACCGTTGTCAGTCACATAACTCAGTTCGCTATCCAACCTTAGACCCCACGAGTGAAGAAAACAGGAAAAACGGTTTTAACGGACGGCTTCGACGTCGGTATTTATGATACTCCCTACTTCTATAAGAATTTTAACGTAAAGTCCTCACTTGCTGACCAATTATAACGTTG,335,42.39,Escherichia coli
SEQ_908719,GGATTTTAAACAGAGGGCGTATGGCCGGTCTTTATCCACCTGATCTACATAAGGCAAAAAATATGCATGGCGTCCCTTGGTGTCCCCTCGTCTCATCCAGAAGACATGGTCCCCTAACTGGTACGATCCTCCATCCATGTGCTGCAAAGAGGGCCCATCGTTGTACGCCCGTCCTCTTGTCAAGGCTATGCACTGTCAGGTGGGTACAGAGGACGGACCCTGTTATACATCCACGCATACGCCGGTGATCGGGGCTCTCCCCGGTACCCCGTGGAATCATAGATGGGGAAGTGGTCAACGTGATCCTGCGACCCGGCTCATGTAAACACGCCGTTTTTTTTATTACGCGCGATCCACGATTAAGCCTCGACCTCCAATCTATGTCGGTTGCCTTAAGGTAAGGTCTCAAATATCACGCGATTGATACCCATTGGG,435,52.41,Saccharomyces cerevisiae
SEQ_271094,GGACTGCCGAAAACGCATTTTGGAGTCCGTAGAGTAGTATTCGTTTCCCTAAGCTGGATACTTAAATCGACACTGGGGAGTCCCGACCACGTAGAACATATACGAGGGTAATTGTTTCTCTACTTGACCAACTACGCCTAATAGGTCAAATCGACTACGACCCGTGGACTGCGATTACTTATAATTACAGGGCCAAGAGTTAGTTCTCAGCGGTTAAATGCTGACACTGATTTTGTACCTTTAATGAGTAGACATGCGAGCGACAAAGGTGATAGTGGTACGAAACCCCGGTAGCTCCAACGCTTTTACGCCTTATGACCTCGGCCCCCCAACTCTTCTAATCGTTTGCGTTAGAGGATATTACGAGCACACCTCCCGACGGGAAATTGAGATCGGTCCGGCTAGTTCGTGCATAGAACCGATGTTATAACTCTCTACAACCTAAGTGAGTTTAAATCGATATCCGTGAGGCGGCATGTATGACAGGCGTCGCACTCTGCGATTATCGATAAAGGGCTTGTTTTTTCTTATATAATAATTCGTTTCCCGTGCGCAACAAGGAAGACAAGTCGTTCGTAAACATTACGAGCGACATCGAGATCAACATTTGCACCTTACACATAACTAGACTGGATATGTCCGCAAGAACGACCTCCGCTCACCAATCTCGGCCGTAACAATAATACTTAAAAGCAAGCGCCAGTTAGGTTGGTGCAAGATGAGCCCGGAGCTCTTTTTTGACTTTGGCACGTACTACCCAGAATGGTACGGGGCTACTCTTACCCGAATGTATTACGTTTGTTACACGCAGCGCTGTAGGTATTCCGGCTCCCACGTGTTACCACGGCATGCAGTTCTCTAGTAGTTTTTATATCCAGGCGCTTCTGTCTTATAATCAACCATGCCGGGTTGCATTGGCCATTTTTTTCACGAGTACAGAATACACTGCGGCCGGCCGCAGAACTTTGAACGTAACTATGGAACACTCAAACTCGTTGATAGGTTAATGCATCGTGGGAGCACGCATGCCGTCTAGGGACATCCGACACACGTGCGGCCACGGTGCAGACACAGCTTACGGGGCCAGGTCGCTATCTGCATGGCCGCCTATCAATGGATACA,1122,47.86,Escherichia coli
SEQ_116872,ATACAGTAAATCACAGCTGTATGTCCCCAACACAACCCGAGCGTCCCACAGAAGAGCGTGCAATTGGAGCAACGACGAAGGCCCGGTGGTGATGCATCGATTTAGGCGCTCCGATTTTTATGGTAGGTGGACACACTTTTATGAAGGGTTATTAGAAGGCGCTCATAGGTTCCAATTATTATTGACCCGCACGTCGTGAAAAAGAGGCATTCGGGATAGGCTAGCTCACCCTGAAATCTCTCAATCATCCCGTCCAGCTGCGGAAAACGCTAGCCGCATCTGCACCTAATTGGTAACCTGGGCTATACTAACCGACACGAAACGTTTGGCCATCGTGATCTCCCAGGCAAGGGGCTGAGCAGTGTGAGGCACAATACACGTTCTCGACGGCCATCTGACCAAAGAATCCATGAATGTGCCCGGAATGCAATTATTAAATCCCTGGTATTCTCGATCAAGTGAGTTTGGCAATATCGCGAAGAGTCGGTTTGGATCTCGGGGGAAGTTTCTATCTAACTAAGTCACGATCTAGCTTTTTGTTCCTCTAGAACCGCCGGTCAGCGATCACGTATCAAGCGCCGGTGTACACCTCTCTTTTGCCCATCTAAAAGGTAGTGGAGGGGTACAGAGTGCGGCGATCTTACCATTATCGGAATTCTGAAATCCTGGGTAGGTGTGAACTGGTCTGTGCGTCTAGCGCTGATGAACGCTAGAAGTCCCACCCCCTAATACGTTATTTCGCTAAAGCCAATACCTGCTTGGCAAGATGTCAACGATTCGCCCTAGGCGAGTGGTAACACGCCGCTATGTATGAATAAACGGCGAGTAGATGACGAGGTGCTATAGCGTTGACGGGCGGAGTCTAAAACAAGCTATGTTCATGATTCGGTCTAACAGGCACAACGGAAGTGCTTATCTTTATCTATCCGAACTCCTTACTCCCCTTCTTAACGGCTCGTTTGTATAAGTCTGTATCTGACCGATAACTCCCATAAACTTTCTTGACACACCGGGATTATGTAAGTGGCGACGTTGTAAGACAAAGATCGTCTAGAGGGTATGTACACAGTGTATTAACGCTCCCTTAGTGCATGGGGATCATTAGCCCATTCAGCTCTTTATGTTCAAAGGAAATTAAACGACCATGTCGTCAGGTATGGTACGTAAAAGCGGAACCGGAACTTACAGAACGAATGTCATGGTCTCCGGTTGTGACACTAAGGTGCACGGACAATAGCCTAGTTTTAACGACACGTTGCGGGGCGTACCTTCGAGCACTACTGGGGCGAGCGACAACGCCTCCGGGTAAAAGCGGAGAGTTTTATCGGATCGCCAACTAGGCTGCTCCAGACTTTCATTACGACTCGAGCGAAAAGTACCCGCCACGCTACCTAGCCGGACCCTGTGTCCAGGTCCAAGCAGATCGCGTCCGCGAAAATTGCGTGCTAAGGGCGAAGAGCCTTCGGTTGATGCATTTGTGCTTCCGTAGTAGAAATTGGGGATGCGGTCTGCTTATGCACCCCAAATTGTATCACGATGGTTCATAGTCCAACAACCAGCCGGGCATTTTTGAGCTATCGCACGTGGACGGGGAGCCGCATCCTCCCACGAAGAATGAGAAATGGGCTAGGGCGGCTTGGGTGGTTCTAACTAAGACAGAACAGCATATAACGATGATGAATGACCATAATTGTTAAAGGATGTGTTAGGTCAGTCACCCGAAGACAACACAGTTTCAAGTCAGCTAGGGAGCTGCAACTTAATTGAAACAAAATCGACCAAGCCTCCGTCAAGC,1795,49.14,Escherichia coli
SEQ_580098,TTTTTTGTTGGCCGCCTCGCGAACCGAATCTCGCGCCTGGTACTTCTGTAGTTCTACGGTTGGATTTAGATGGATTTCTAGCCGTTCATCGTACGCGTCTCCAATGTTATTGTGCTCGCCTCTCTCGCTAGCCTATGTATCCGTAGTCCTTGCTTGCGTGACGATACATACGTACTCTTATGAGGGCACTACATGGGTAATTCGAAGTAACTATTCAACCTAATTCGAGTAGTAAGATGACGCCCTTCCTGGTGGTCCATATAAGTGGATAGCCGACTGCAGGCTTACAACGGCCGGCACTGCATTCAAACGACACGGCGTTTACTGCTGTTGGGATAGCGAGAGCCGTTAGACTTACATCCAGAATAGGCCAAATGCCCATCCAGGGTTACTGGTTCGACGGCGGACGTGTATGACACACATCTACTCGCTCACTGACACATATGGGAACTAAGATACAGGCACCGAGAAGCTCCCAGCCCGATGCTACGTAAGAGTTCGCAACTAGTAAGAATTACATATTACATGGGTCAGTACGCCCGAGAGATTTCAGACTATTCTCCGAATGCCCATTCCTCACCTGCTAGAACGTTGTCACTTCCGATCGTGGAGCTTATTAACTCTATCGCAGGTCGTAGTGACTTGCCTAATTCAGCGTGCCAGATGGTTTAGCCAGCTGCTTGATGCGGCGGTTTGCTCCATCATTCGGGAACTGGGGCCGCAAGTTCACTTGGGGTTCTCCACGATACTACGAGAATCTACGATAATTCGAGATACATCAAAGCCGCCCTTAGTACTTCGTTGGGTTTTGGCACAAATGCTGGCAGATACAAGTTCTTAGCGTGCAGGGTTGTCTACGCAAGCTTATTTATGAACACTAGAAATTAAAGTAAGGGCGGGGTAAGCGAACCCGCATACTCTGTTCTCTTCTAACTTTCAGACCTTTGTCGAGTTAGGGTTTGGTCTCATCGGTTTACTGGGCCTCTGAAGTGTTAATAGCCGAAGGCAGTGATTCTGACCAGACGCCTAAACCATGGAATTGAAGATGAACATGTAACCAGCCGAGGTTGTACCCGCTGAGCTGGCTCTGTTGAGAGCCCTTACATCCCAAATAACAGTGCCGGATATTTCCTTATGCCGAGGGGCACTGTATCATTAAGTAGCTGTGCGGACCCCCTGACTACCGGGTAACCCTGATCGTTGAACTGCGTATCTGGCCTACCCCACTACATACCGTTCATAACGTCAGAGGTCGTGGTTCAGGCCCCTCGGGTTCCACCTGGTCTGGACATCGAAGAGCCCCAGTTGTGTGCGATGACATTGTTACAACCAGTCAGTTGCAGAAACCAGCTCTTAAGCAGGGTCCCGTAGCATCGATCGACGACAGATTCGATGGCAAATGAACACAATCCGGTGACAGTATGGAACAAGAGCATAGGCTCGGATGGTTGTACTGCATGACAATCCCCGTGGAAATCACTCGCGATAATTTGTTAATATACGCTTCAAATTGTATCACGCAGGGTGCCGAGCCTTGGTAGCGTTAAACGAGCCAAGGAGACCGGTCAATAA,1572,49.36,Homo sapiens
SEQ_318149,TTCCGAGAATCGAGTACAGCTCTACTGCTTGTCACCGAAGTCGGCCCCTTGATCCAGATTTTAGAGGGTCAATCATAGAGATTAGCGGCTACCAGTCCATGTCTTGACTGTGGCTGTATCCAAGTCACCACTTCGTAATTTAGTCAACCTATGAGCTTGAGGTTCTAAACTCGACTCAGTCAAGTGGCCAAGTGTCGAATCGGTGCTCGATCATCGAGGATCGTAGTGAACCTATAATCTGACATTATATGACTACTGTGTCGGATGTTTCGGTCAGCGAGGATTTAATCAGGGATGGTAAAGTATTTGGTCTACGTCCAATGTCACGAAGTCCGATCTGGGGCATGGGAAGAGGTGAGAGGTTTAGTAGCTCTGCGTTTCTTCATTTCACGTCCTTGCTCCTCCTAGATAAATAGTTACCTAAGGTCCGGGCATTGAGGGTACATACCACTTGGAATACGATACAAGCTCCAACTTCAGCATAAGGGAATTCCACTAGTCGTTCTGGGTGCGTGGTAAGCGTAGGCCGCTTTAATGATCCGAAGCAGCCATTTATGCCGCGGCTGGAACAATCACATTCCTGCGATACTAGGAGGAGCTCACACGAAGTAAAAGTTTGTTCGTACTACTGTCGAGCGTATGAGCATTTAGAAAGGATGCTACTTTGGGTACGCTGCTGTCCGTAGCCGAAGAATGGCTTTGGGAGGTGACGGCGTGACAGACGTGAGTAAGTGGTAAACTTGTGTCAACAGCCCTCGTGGATGTAGCGTGTTGTAAAATTATCACCTGAGTGGATTAAGGTCACAAGCATCCCACCATCGCTGATGCTGTTCAGACTAGCCCTCGGAACGATCATGTCACCCGGCGTGTGCATTAAGCAATCATGCCTCCTAATATTGCACTAAATCGTCGGTTCCTAAGCGCCGTTCGGAGGCTGACGCGAGATAGCTTGTATTGGCATAAATCTCCGCCGGAGAACTTTCTGCGTCCATCCCGGGATGCATATGTAGAGGAAGGACCCCCTGTTTGAGGACGATCTAAAGGCCAAACTAACTCCGCGATACTAATTCGGTTCTTCCCTTGTTAGTAGTCCCGTGAAGTGTAATAACTGAATGGCATCTTGTTAACGTGCGAGGTGTTCGGTAGCAAGCTCTGAGCGATACAAGTTTGGAACTAGGATCAATGCTTATGCGATCTCATCTCTACCTTATCTCATCAACGCTTGATTCCCGCAACGGGGACGTTTGGCTAGGGGCAGTAGCCGTCCACGCCAGTGGCGCACTCCATGCTTCGATCTAGTCTCACCCTACGCGCGGCGTATGCGGTGCGGATAGTGTAAGCGTGGGGTTTTTAAGTATAATGTAATGAGTCAGCCGCGGCGCCTTGTGCCGAGCCCTATTATGCCCGAAAGGTCCGAGTGTCCAAGGAGTCAGATGAGACACTCCAGCACACGGAATTATGGGTGCACTGTCTCCCCAACGCCTATGGTGCGCCTCTAGCAATAAATTGAAAGTATTTTACGCCGGTCACGGCGCGATAATAGGATCGTTGGAGTGCTCCTGGCGATACGTTATAAACGGATAGGCTCCTATGGTCACGAAGATCGACTCTATAGTGACATTCATGGAAATTGACTCTTATGCAGTCCCAGCAGTTGAGTACATTCATCCTGAATGACTATTATCCACAGAGGCCCGGCGTATGAGAAACGCACGTGGTTCATATCCAGACGCAGCGTCAGCGAGCTTACAAACTACGATTAGATTTCCTCGTACCCCTCGATAGTTAAACCTGGAAGATGATCCAGTCATCCACATCATCGACCCAGAGAGATTCGAGTTACCCGTAATGCATCGGACACAACAAAGCGGCCAGTGCATTCGGCCCTACCTTCGACTTGTTTGCCGACGGCGGGTTGGACTCGTGGGCTTATGTAGGGGGGCTGCAATTGTGGCCGCGTTTGCGCA,1967,49.72,Drosophila melanogaster
SEQ_620820,ACGGTACGTCCGTCGATGGCAATTGGTTCATACGGGGCAGTGTAGGCCTGGCATAGGCCCTCCAGCGAAGTATGGAAATGTTCGCTTGAGTCCGAACAATTTTAAGGCCCTGGTAAAAAAGAAAAATTTTCTACGGCAATGTTAACGCTTCGCGCGGCGCATATTAAGGTCACTCTGTCTCAATTTCCTAATCCTCAAAGACGATGTAAGGTAAGGCCTACCACAAGTTGTGTAGACTTCAATCGCACTCGCGACCCAACGCTCCTCACAGTACAGGTTGATTAGCTACCACCGCAAATTCCAAAATGCAATAAACGCTTTTCTCCTAATGTATGTCTTTTCGTGTGTCCACTCATGGCAGCCACTCCATCCATAGAGCAGCTATCATTTTTTTGACCTATCGCATACCGCGTGGTTTGAAGCAAACCAAAGCTCTTGCCAAGCTGTCTTCGTCAGTTCGGGGTCTGAAGGTCTACACAATAGACGAGGCTCTTTCGACGGCGTTTAGAATCCATAGGCACGGACGTGTGCCTATATAGGTTCACACGGGCCTCACTTACGTATACTGGGCCGGCTTAAGGTTGTATATAGATTGGGCTCAAGCGTCGATGCTGTCCGTCGTAGCTCACTAGTGTTACACTGCCCGCTAGCGCCGCCGACAAAATAACGACAACGCTGTTGAACTGAGGTGATACGCCGTCGGTCTAGAGTCCGGGAAAGACGTCCCCGCGCCCTTCCCCATCTTTCGGACGGTTACATGCGTCCCAATGTCCTAGTACCGCGGCACGGCTATACGTGAGTTGAGGCCGCAAAGGGTTCGCTGTTGTCTTGAGTTGGTTTGTGTCTTCGTAAGTGTCATCACGCTCGACTTCCAAATGAATCACCTAGCCCGTCCTCCAACCCTCCCTGTCACGGATGGTTAGGGGTGGAACATTCTAATCGTTCGATGACGACTCACCTTGCAGTACGTGGCCTTGGGATACACCGTGCCTTTGGTAGGAGGAACGGTGGCGTACGAAAAGTTAGGGTGGTGACGCCTGCTGGCTCTGCTAGTTCTCCTGCGGTCTCCCTCCTTCTGTACTGATACCACGTGTCCGTTGCGTAGCCGCGGCTCGTCAAGTTCCCACTCCCGACGGCAGTCCTCATAGGGTACTCTCTATCCAGCGCCATAGGGGGTCTCCCGCTAGTACACCAATGATGGCGCATTGGTGCGGATGATAACCGTATCTCTCACGGAGTTATTATTCCCGATCTTCTTCTTTCCTTAATTGATCTCGTTGTTCGTATTCTATAATACATGCACACCTTCGTTGTACCCTGGGCTCTGGTTTCGCCGTCAAGTCGCCGCTCGTAAGTACTGCAAGAGCTAACTTGAATGCTCTTGAGGGCGATGAGCGCAAGAGTGCCTTGCAGGAGCCCCCGATTATTTCAGTACCGAATCAACTGCTAAGGCTGGGACATAGGAAATGCGCATTGTCGTGGTATAACCCCCACCCTAATATAGTGTGCTAACGAAACGCGTGGGTTTCGCCTATCCGTGTGGTCGGGTGGGTTTATTCTCTACGAAGACTATGAAATGGTATTGCGAGATGGGCCGAGTGACGTGAGCATATAAGCTATGACCCGCAAATTTCAGACATCGACCGTGTTTGCAAATGGGACGTTCATAGTATTAATAGTGCCATGTCACGTGTCCAGACACCACAGCGAATTCGACCATTAAAGAGCCAGCGACCTTAGCACCTAAAGTAGTCCCGTGGGGGCGGGGGGACTTACAAGACATGACACGGTTCTAGGGAACTAGCACTTTCTTCCAAGTAGAATCGTCTTGCCTGCAACATCTTGATTTGCCTACACTTAAGAATGTATACATTATTGACTTCTCCGCGGGGCACATC,1898,50.68,Mus musculus
SEQ_856058,TGACTAACCGTGAAGGACATAACTGGCATAGCCCGTGCAGAACAGGTATACACTAAAAAGGGATAAAACATTGTCTTAGTTGGTGACGCCACAGATCGGCCTCGGGTACGGTCGTACTGCAGCCCAGGCGTTTGCAGTAGCCACAAGCTTCATAATTTGCTCAACTGGCTTAGGTAAAGGCCATTAGCACCGAAAGTGTAGGTCAGCCCTCCTCCGCGGTGTCCTCCTTACAGTTCGGATATGCCTCTTTCAGCCGGGGACTTCCATCCTCCGTCTCCCCAATAGCCGCCTACGACCTTTATACAGGAGTCTGCTCCCGTCAACATGTTTATTCTTTCTACGCAAGTCATTTTTCTTGTAAGGAATCAGACAGAAGTTCAAACGTGTAGGAAAATCGGCTTTACTAACTGTAGGCCATGTGGACGTTGGGCTACTGGTAGGCCACGGGGCTACCAGTACTGTCCTTGCTTATGTTTTATCTGACATGGGCGCCGCCTTAGTAGTAATTCTAAAGTAAGAACCGGCGCGACATTAAAGTTATGCACCTTATCTAGGAAGTTACTTATTGTGGATTTACTTTGTTTCATAGTCCCTGAATGGGTTACATTCCACGTACCGGCCGC,623,48.15,Drosophila melanogaster
SEQ_804980,CAAGGTACTCCCATTGAGTACCTCCGCGCGTGATAGTATTTGGGTCATGAACTTTTGCGCAAATCAAAGCGCATTTATCGAGCCCCTTTTACGAACCAGGAAGAATAGGTCTTGATGACTGCGGGACCCGTGTCCTATGTGCTGTCAGACCGTGTCTTGACTCATGCCTGCATACTTCGGCATGCTCAACCACCCCCAATGGTAGTAAGACTCGTGGATTCTGTCACTCCCCTTAACGCAATGGCGCGCGAGATCCGAAGCGCGCCAGTACAACTAGCGTATGGCAGGCGGTGGAACTACTTGCGGCGCTAGTTGCA,317,53.0,Escherichia coli
SEQ_945901,ATCTGTACAAGACTACAAACCGCAAGGCTGATGATTTTACGCTGTAGGGGAAAAGTTGTTAGTCAAGCGGAAGGCACAATTGGTCGCAAAGACCAAGCACCCTCTTACCATATGCCAGAAGACCATTTCTGCGGGCCTAGACAGACGTGGAGTCAGACAAAGGGCATTGAGCCATCGGGTCAGGTCGCCACGTGGAACAGGCTATGCTCATCCACATCCTAAGAAGCTCCTGCAAAATGGTATACTGTCCTTACGGCTCGATGCTATCCACATCATGGACGATTCTATGCTGTGTGCCACTCGCTAAAATTTATAGCGTACGCATTCTGGCAGCCGTGTGCCCAAAT,347,49.57,Homo sapiens
SEQ_920737,CGTGCACCCAATTGGTCGCAATTCTTTGAAGCATTCTACTCGACGTTAGTCCATGACGTGGCCGGGTCGGCCGTCACGGGCAGGAATCCGCTGTGCTAAAAGACAAACCTGTTGCTGCCACGACACAATACTCCCGAGGGGCTTAGAAAGGAAACGGAGTATCTAGACTTTCGGTTACCGACCCAAGCGCATAATAGACTTGCTGGGGTCCATTGAACTGGTGTCTTGGAGGGACTATTTTTACGCCGTGAATTTTCGTCAAACTAAATCTCGATTGAGTGTCGACTTACTAAGCCCTCGGCTTCGTTCATGCTTTTCATCGTCGCCGTCGATACTGTCACCGTTGAGTGCATTGGTCTACCAGTTAAAACGGTTCTCTCCGTAAACTTCCGTAGCTCGCGCCTTAGATGTCACAATGCCCATGGATTTTCTGGCAAACTGTGACACATGTGATCCTACGCGGACCTACGTGTTCTTAGCTGGGAAGTTTCCTACCAACACATCAATTCTCGTGGACCTTGTAGTCAGGTCAATTAGCCACGTGAGGGTTTTTCTTGAGCCAGGCGGATATTACACAACATCACCCTGTCACACTTATCCCTCTCCCTAGCAAAGGTGTCGTGACATTGTTCAGAGGATTCATACGACAATGAAGACAAATCGTGCGAATTCTGGCTGGGGTTTGTCGGAATGAGTCGCGCGTGTATCTAAAACTTCTTTCCTCCGATGAATCAGTCCTAGTTTGAGTTATTATCACCAATTACCTCGTGTAAAAGTTGTCAATGTAAGAGTAGTTAAGCCGGCCGGTGCATCAGGAGGAGCGCACGTCAGATGAACCATTCTGGGGATGATGTCTTTGAAAACGTTGCGACAATCGGTCTCTTGGTGATGAGGGAGGCAAAATTCGAAAACTTGGCAAGGCGACTATCCGGTTGAGCCAAGTCCTATCTCTAACATTCTTTTTCATGAGTTTAATAATCCAAGTAGCACTGCCTAAGGGGCTTGCGAGACTAACTCAGATTACTGTGCCGCTATCATGACTCCATTCGCCGCGTCAGCGCCGCTAAGAAACTAACGGACACCTTAGTGGGCAAGCGGGAAAGCCGAACAGGTAGTGCCAGCTGCATGCGCGGTACGTGTTCCCGATCTTGTGGCTTCAGATAAAGACCTTTGACGCACTATCTAGCCTCAATATGATTGTTAAACCACGTCCTCGCGTGGAGCGAACGTGGGGGGTGAGGGTGCAGCCTTTGAACTCGGACGGAAGCTGGATGGCTAGGCCAGTAGGGCGCGATCGGTTATGCACGCTTTGCAGGGTGCCTCTGATCTGACGGGCCCCTACGGCCTACTGCGACCTATCTAGTCGCTTCACGCCTCATTGATCGTTGATACGAGTTGACCAGGATCGCGCGGGCGTGGACACTCGCCTCCTCAACCACCCCGGAGCGGAAATATGGTCAGCCACCATACAACAGGTTGGTTTTTCGCTTTCCCGGTGGCGGAGGAAGATTTCGATTCCTTCACGCATTTACGAATGGCAGTACATAAGCAACTTATGTTACAAGCCCCTGCTACTATTCTACGAACAAACCTAGGGACAAAGAAGTAAGGGTATCGATGTGCGTCTCCCGTTCTTGCGAATTACGA,1647,50.15,Saccharomyces cerevisiae
SEQ_889128,GTTCATTCAGCAAGCCATGTGCGGCCTGCTTTGGCTGGAATGTCCGGCGTCTAGGAACAATCTTACATAGAGTGTTAAAGCACTGAAGTCTACGGTACTGCGTGGACTTCTCGCGTACCAACGGCCAGCCCTGAAAAAGCCGTGGTTGACAAGTAACAACACACTGGGGGGGAATTTGACGTTTCACTCCACTCGATCATTTATCACCAATACGTCGAACGGCTTGGTCTTCCTCCACATCGACGATAATAATCTGATCCTGGTCTTGGCGCACCGCCATCGCCGGAACGGCAGGCTTAGTTATCTAATCAGGGAGGCTACAGGATAAGTAGAAGCCTTAGCGTAAATCGTGCATGTAAACCACTCATCAACGTGCCGCGAACCAATAGTCCTTAGTATTATTCTGGAAAGATGGGGAACACTCGTGCTACCTATCCTATAGGACCGATGTGCTGGTTGCCATTTACGGCATAAGGTATAGGTACTTCACTAGCATTCATGCCTTTTTGACCCCCCTTCCTAGAGTATCTGATGCTACCATTGGTCTTCTGAATTCTAATACGTTCTTGTAAGA,574,47.91,Arabidopsis thaliana
SEQ_693484,CGGCCGTCGGTGTTATCACTAATGAACTAGTAGCATGTCTGCAGTGTTTTGTCTTGCAACACTTGAAAAAAGCAGCTCTGCCAAACGCCTCTAGCGCAGAACTACAGGGAGGTTACTCCTGTTCGAAAAAGGATGGTTCTTTTTTTTTACCTGGGGACCCGTTCTAGTCTCCCGGGACAGTGCCAAGTGCGTACGGCAACTGCCTGGAACTGGCACGGGTTGATAGGTGCTGTACAAACAAAGATTGTCGCAATGTCGGTCACTTTAGAATGGGGCAAACCAAATGTCCGAAGACGCAACGGTGGGTATAACAGTCTGTAGGTACAGCGTCCGCCGTATACCGCGATGCTTCTACCCCCTGCCATCCCGAGTAGCAACTTAGGTCGGGCCCGTAGAATGGAGTAACCTTGCTGTCGTCTATACGATGACCTGCGACCATAAACTATCGACCTGTGGATACCGACATGATCCGGACTCCCCAATCCAGAACTGATCCTTCGTAACTTAGGTGACGGCTGTAGGTAAGGTAGGGGACCAACCAGCCGACGCACGATGAATGTTCCCGTATCTTGCGCGCCACAGCGTCGGGCCTTTCATTAGGACCCAGGTACTGTTCCGTAAGCTAAATGGATCCCCAATCTTAATTCTGGACAGGTAACCTTTCCCCTCTAATCGACCATCTAAATGCGAAAAGACGGCAGTCATGTCGTCCTAAAGGCCGGGGGGAGCGTCTTTCCACCGGAGCTCATGAATATATATGTTTCCTCCGATCAGGATACTTAAGATTACGATTATTCTCCTGCTCTAAACGCTCCATATAATTTCGCCTGGTACCCGGACGTCCACCTTAATCCCCGCCAGGACGCCAAGGAGCTGAAGTTGTCATGGGGATTGACTACATGAAAATAAGCCCTCGCTGCGCCGTAGCTTTCATGCGTCTAGCCGGTGCAGTGCCACGTGAATGCCTAACGCAGATAGAAATACGCTCCGGTTGAGTTTGAAATAATCCAACGCACCGTTCTATTAGCCCTCGCCACGACTCTGACCTTCTTCCGAGAACATAAATGTGCTATCACCGACATGACCTGCTAGAGGGTAACACTTGAGTATCCTAGCCCACGGGGGAGAGATTCCCCCACAACACGGCAGCCTCGAATAGGGGACCGATTGGCTGGTGTAATTGTAATGGTAACAAGAACATTCTGCAATGATCTATATTCGAGGAACGCGGATGTTATACGAAAGCAAGCACGAGGCATTGTGTGACTGTAATCTAGTCGAGCAGATGATTTTTAAAGGTAGGCGTGTAAGCGCCATACGCCTGTTGCCGGTCTTGAAACCTACTAGTTTCCTTAACTCCGTACTGGGCCAGCAGTGTAGAACGCCACCCTATGAAATCGAAACTCGGGCCCCCTTAAGAGGCCAGGAAAAAGATATCAAGACAAATCCCAGCGGAGGGAAGAACCAAAGAAGCTTACAAAATCCTACTGGATCCAGTCAATGAGCCGGAGTCTCTGCGTCTTCCTGGATGCATTGGGAATCTAGTTTTTGTGACTTGACTGCGTACCGTAGCTCGTCTGGCAAAAGAAGAAAAGGAAGAGACATCACTTCTAACCTGGGGGCGAGGACACAAATCGGTCTCGACCCGCGCTTAAGTATATCACAGGCACGGTTTGGGACTC,1682,50.24,Arabidopsis thaliana
SEQ_832510,AGCAGCTCTTAGTCGTACCCCAAGTCAAGACCCCGTATAAAAGTTGCGTCCTCAGATCATCAAAAATTTAAAACACAGCCCCACTTTCCAGTCTAAAGACTAAGTAATCCATCCGTATACGTAAGTAATCATCAAGTGCGTATCTAAAAACAGAAGGCCCTTATTCTTGAAGACGTCCAAACCAATGGAGGAGCGCATCGTAAGAGGAGGTCTGTATCAGTCTAGTGGCGAATCCTCGTGCCAACACGGGTACGTGGCTACGATTTGCTTGTTGAAGGCCACTCAGGTCGATAGTTGCGTGGTCAAACGGACACGACTACGGAAGCTTTAGCTAGAGTCAAACTGCGCGATAAAAGCTGGGTTACGCACTGAAACGTGGCGCTCGTAGAGGCGCTTGATATAATGCTTAGCTAATATACGTTAGTCAAGATCCTCTACCCGCGCGGCAAGCAAGGTGCACATGGAGGATCTGAGGAGAACAAATAAAGCTTCCAGGGTTGCAGGGACAAGCTACAGATATTTGGTATCGACGGCTGGGTGCAGGGAAGGACTGCAGATCTCAGTCCATATGTGAGACTAGATGTTCCACCTTGGCTTGGTTGACGAGCAGTTGCATCACGATGGAGTTGTCGGATCACCCCCGAGTTGCGCGGAGCAAAGCAGGTGATACCGTGATCAGGCCGCAACGATCGCCCACTCCCCGCAAAGTCTGACCAGAATGCTTGATACAACGTTCTCGTTCGCTTTCCACTTGCCATGGATACTCTGGGCCGCCACAGAGCGCGTCCAACTTTCATGTTACCTGACATCGCCTTGCGCTTTATACAGGGCGAGGGTGGAGCTACGGCCGTGGTGGAGAGCGACATTGAAACGTAGGCGACCTGATCCCCGTATAGGGTTGCTCGTACGACGGTGCAAGTTATGTGAACTGCAAAGCGACTTGGGGGTCCAGATCTGGAGAGGCTCAGTTGCTCTCCGTAGGGTTAACTGGGCCTGTGTTCCCACTCTCAGTCATCCAGATGCCGGCGGTTTCATTCGCAATAAGCAGGTGCGCAAGGGTAGATAGCGCCTCCGACGACACCAACCAAAGGGCCGCCATCTGTTAGTATGGATACCATAAGACTAGTCCACCGTCCATGTTCAAACTCCTCCAGTTCCCACGGGAAAACAGATGCACGTGTATTGTGTTTAGTAGTGTGTAACTAACTGTCACAATCGAATGATACAGTC,1230,50.98,Arabidopsis thaliana
SEQ_814127,GTACGCCTAAGCACACAATTACTGGTTCTGTGGGACATGGCTCTATACAGCGCCCGTTTCAGTCCCGTATGATTTGGCTCCTACAACATACGGCGATCAGATACTTAAGCAGTCGACTAGCAATCTCGGGGTGTTGGCATCTCATCGTTAGCTCCTGTCATACGTCACATTGGCGCTCCAGAAATGTCCGCTTCTATACAATCATTATCAGTTGTGGTTCGCGGGCCCCCTAGCGGGACGTAACACGATGAAATTACAGAGTCGAAGCTTGCAGTTCCGTCCCGTTAAGAATCGTAACCTTACCACGTCGGTTATCACAGAATGCAACTCCTTCGGATTCTGGTAGCACCGACAGGATATCGGTGGAATTGCTCAAAGGGCGACAATCTAACGGATTGTGATCCAGGTAGTTTGAGTGTATCCCTACAAATAGGTATGAACTACCTCTAAGCATGGTAATACAAGTGACAGGGCGTTGAGTTTTCTTACATCTGTGAGAACAGCCGTCACCTCGGTGCATACCCAAGTCAGACACTAAGCTTTGCGATAGACGCGATGATGCAAGTTTTTCACAAATCATTGACGGGAAAAGAGGTTAGATTATTTGCGGCTTGTTGTTTGCTTCGCCCGGAGTGCATGGAATCTAGCAACGAATAGGACTCTCCCATTAAGTTGATGGGTACATCCCGAGTAAGGACGTTTGCCCCCGGCAAAATCAGAAGGCCTGACGAACCCTCTTTACAAGCGGCAAGTCGGTGAGTACAGTCTGACGTCTGCCACATCGATTGCTAATCTCAGTGACCGTTTTGATACTTTCTTATTATGGACTGTGGTTACGAGTGGCGCTCCGAGATTACAGTCCTATAAGCTAACCCAAAGCTCTAAGGACTAAAGCGTGACACGAATTAAGTAGCGGTACATACATAGTTATAGCACCTAACTCCCGGGTAGATATGAACTTAGGGAAGATGATCACTCGAGGTGACTTCATTAGTGATGCCT,1002,47.21,Drosophila melanogaster
SEQ_259286,GGGAGAACTTGGCAGATAGCTCTGACCGTTTCCCTCAAAAAGCCGGCAGAATCTCTCGAATGGGGGCCTACATTGTTTTGTCTGACGGGTATACAAGGTTATAATGGGACGGAAGATCATTTCCCGAGTCTGGAGTCTAGTGAGCAACGGTCCTTCCTAAGCCCGATATCGTCTTGTTTGAGCGCACA,188,50.0,Caenorhabditis elegans
SEQ_449516,AAAGTCCGCTACATAAGGGCCAGGCTTCGACTGGTCAGACCCAGTAGTGATCGGGCCGATCAACGTTCGTGGTACCCGACTTTAAAGATCATCGGCCTTTGACCCCCAGGGCCCCGGGTCTATCATCTCTAAAGATAAGAATTACACAGTGTTGCAGACTACCAGCAAAAAGACATTACGATGAAAGTTTTTGACGCGGTGGAGGTGTTACTTACCTGCATGGGCTTCCGCGAGGAATTGGGTTCTCGAGTAACCTTTCCAGGGATAGACCGCTTTCTGGAGTCACTGGTTTAAATTAATAGGGGGTCGTTTGCTCGGTTCAGCTGTGGTCATCAGTCATCAAGAGAAATTTCAAATATAAGCACAACTCGTACACTAAGTCCTAATAGGGGTCACAAGGTTTCAAGACTCAGGAGTGGCACTGCATGCGGGGTCCGCCATTTCTTCCACTTTATAGCTAGGCGGCTAGTTAC,473,48.63,Homo sapiens
SEQ_954885,GTGTTCTGTCAGGTTAATTGATCGGCAACGATTTGATTCGCTGTTTAATCCGTTGAACGTCTGCACCGCTTCCAGAACGGCTGTGGTCACGATATGGCTTCCGCGATCTCGGTTGGGAACCCCGAGTCCTCGTGGGTTGGCACTGTAGCTAATAAGAGTTCTTCATGCAACACAATCACGGAGATTGCGTGGGAGGATTGTGTACGCACGTTCGTGAGGTTTGTCGTGCTACTGTTTTAAAGAGTTCTCCAAGTCGTTGTCTCTGAGGGCCCCGTGTAGACGAGTCATTTACTAACCGTCGGCATGTCTCCCAGACGACTCTTCTAGTCAAGTTGAGCGTGCAACCGGAACGCATAAAGTTGACCTAGCCGCAGTGACAACGTCTAGTACTGCTCAAAGCACGTGTCCGGCCTCGAGTACAAATTACCAGATGGTAAGGCGTAGCCGTCGGAAGGCTCACACAAGTGGATAGGTCTGGAAACGAGGGTCATATCAGCTCGAGTGGCGTATAAGTTCCCCGCATTCCGTCAGGGATGCCAAAATCGAAAGAATCCCTGAAGCCCCCGGTTGCACTCTCGATATGTTCCATGCAAGAAAGATGATAGACATACACCCCTTTGCGTAGAACAGTCGCCCAGGGTCTATTTGAGGTGGGCCCTGATCCTTGAGTCAAGCGCGGAGGTAACCCACATTCTATAACGTCGTTTCTCAAACTGGACCTTTCTCCACACAGGGTCAATTAGTGCGTTCGGTGACAGTGTCCGCCCCAAGACTCACGGGCTGCATATAGTCTGGTAATTGTTAGTTGCACTGGTCTCCAACATGCTTACTCGGGTACTCATGCCTAGCAGGGGCCCCCCGCGAGGCAGCCTGAATAAGCGAGTTCAGACAGTCGGGAACCGACACGTTCGCACCCGCCAGCCAGTGCCGGAGAAGAACGCCGACCGTGAGCACGTTGGTTACGCGGGTGGTAGATCTGATTTAGCGATACGCTGGTTATGGTTAGCCCCCTATGGTCAGGTCCTCTAGCCGTGCCCCCTAAGGACAAAAGGCGCCAGAGAAACAGAGACTTCACACCACAGGAGGCACTGGGTGATCCCAGGACGCAAACTCAAGTGCTGTCACCTAAGGCAACAATAGTCAAAGGCCGTTCGGAGGAGAGCACTACTAGCTTCCGTGAAACCATGCCGAATCAGTGACCAACGGATTCGGAGTAATTAACTTCACGTAAGTTCCCACGCAGGTTTGCCAGAAGAATGCGAACCTCCCCTGTGTACGTAAGAGTCCCGTGGGCGAGAATGCATCTTCGGTTAGACCTCCCCACACTGCCTCGCGGGACATCAGCCAAGAATAAACGAGCACTTCGATTATCACAAATAACCTTTCTTACGTAACTCTAATGATAGTGAATCAGCTAACGATACTCGCACGTGTACTGCTTAAATACTCCCAGGAATTTGATCTACACTTATAGAATCGAAGTAAGCTTCCACATCATCAGAGGATTAGTCTGCGTTCTCCGTTACAAGCTCGCTGGTTTTGGCGCTCGCAGAGAGAAAAAGTGGGCAATGGTTAAGTTTATCAGAGGATATTAACTCACTCCTGGTCTTTGGCAACGTTCCCCTCGCAAGGACACCGTAAGTCCCCTCCTTCGACTATAGTATGCGCCCCCCCGTTGGACATGGCTGGAGGCTAGTACGGTATTATACGAGGGCTCCTGATCCAGATCCAATTACACATGACCCGACGTCCAACGCGCGTCCGTGCCCAA,1771,51.78,Escherichia coli
SEQ_722935,GTACAACAAACAACCAACCTGTCATGGGAAAACGTTCAGGTAAAGCTTAGCTTTCGCTCGACAAAACTTTACGGTTTGCGCCGTTTCATAACCTTACTGCCTAGGTGCCTTTTCAAGGAATGCACGACACCCTGGTTGGATGTCTTTTGTTAAGCTTCACACGACTTTGACCAGCGTAACGGTCAATAACGCCCGGAGGTGTCTCATTTCCGATCGGGAACAGTTTTGACCCAGCCGTCGGGATAATCCTTAATTGGGGCCGTTTCGATGACTGTAAGTAACGTTGAAAAGTTACCTGTGACGTGAGGGAGCCGGCAGTATCAGGACATATACCACGTCCATTTTTCTCAAGCTCACGTCCTACCTAGTACCTCTTGGCATCGGTCCTACCCATTCTCCCGGGTTGGACCTAGTAAATTTTTTCTAGGCACCGTGCACGAGCACTATAACTTCGTCAGAAGGAAGCGACACTTAATTTCTAAGTTAAGACAACCATCGGTCGCTAAATACTACGAAGGGCGACTGCCGATATGACACCGAGCGCTGACCCCCGAGATCCTGGATTGCCTACGAAAAGCGGAAGCTTTCGTCGGACTCGGTTACTTATTCAACAGCGGGGGAGTCGGGACGACCTGTGCGGACCTCACTCAGTGTTCGTCATCTGCCAGAGCGTATGATTTTGTATGCGTGACCAGGATAAGACCTTAGTCAAGTGTGCCTAAAAGCACAGTGTAGTTAGAATAAGCTCGCTGAAATAATACTGCGCGCAAAACGGGAATAAGGCGACTCCCTGCAGGTGGTACTATATGACTTTTTACGCCGAATGAGCTGACGTTAAAGCAGGTCCCTTTGCCGAATGGGCGTGGATTTCCATATACCATCTAACCAAAGTT,893,48.6,Saccharomyces cerevisiae
SEQ_370108,CCTACTCATTTAGATAGGATTCGTACAGCGGGCTTTGCTAAAACTTACCCTAAAATGTTGAGTTGGCTTTTAGCTCGGAAACCGGACTTTAGCTCAGCTCTTGGGCCGTGCGCGCTACTGCCCACTACAGCAGAGTCTGTTCTTCACGTTCCAGATCGACCCCACGAAATCATGCATGCAAGACCCGCTCTAGCCTGCCGTGGCCGCTCTCCCTCCCGCAGTATCAACACCGACTACGGGACTCTTCCATAGTACAGTTGTGCCGTTTCAGGGAATTAAATGGTATAGATTGATAGATGTAAGGTATAT,309,49.51,Mus musculus
SEQ_466613,CAGGGAATTTCGCTCACCCCTGGCCGACTTATTTTTAGCCCGCAATGCCGGTGGCCGGATCAGGAGAATTCGCACAGCCGGATCACTTATGTGTACGCTTATCCACTAGTTTCGCTGCTATGAAACGAAATTCATCCCTCTAAGACTTTGGCAGACGCAGGGGGTCGCTTCCTCTCGTCACGCGGTACTTTACGGCCCAGACCAAACGCGATGATAGTCTCGAGGCATCAGAAGCTGCTTCTATCTCTTGAATCGATACTCCTACTACCGGCCTCTCATGGCACGTCTGGTATACGGTGGGATAAAACAAAGTTGCTACCATAGCCGCTTAATCTGTAGCAGATGAAGACACTCTACTAGGCGCTTCGAGATTGATTTGTGGTACGTGAA,390,50.51,Mus musculus
SEQ_849088,CGCCATTTTAGGATTCAATTTGTAGTTCAGACGTCCCACAGCTCGTGACGTTTACCTAGGAGAAAGGGGCTGCTTCGGCAGCTTGCGGATTTCTTCTGGGAGTGTCTTTGCTGACCATGCACCCTAGACCATTTTTGAGAGTAGTTCAGACCTCCCAGCAAGTGCGAATGTTGGAGTAAGCTTACCGTTCCAAGTTAGCCATGACGACTTTAGCATTACGTGCTTCTTATCCCTTGCTACTATCACTATGGGTATAGCTCGATGGCTCATGCGCAAGAGAGGAGCTCGGTTATCTCCCCCCGTTCATTTTGTCCTCGTCGTATACCGTCTGAAGCCCGAAAATACGGGCGCATCGACATTAAGGCACGGTCCAGACTTCCTCCGTACGATAGTATCCTTATCATAAGCGTTAATTAGTCTGGACGCGGACGTTTAGGTGAGTACCTATTCGGCCTACGTAGTATGGGTGCCTTAGCGCCGGCGTTAGTGTTTCTTCGACTAGCAAACCATCCGGACAAAGGAGCCCCGTAACAGCCCTTTACGAGCTGGTCTAACGAACCTTTTTGTGGCGGCTACACAGCGCCAGCGTAATGTCATGGAAAGGGTTCGGGTCAACTCAGACCACCTAAAAGATATAACTGCCCGTCGGCGACACCCGCTTACTAAATTCTTTCGCCCCTAGAGCCGCATCGTCCTTAATCGGTGCTATAGGTACATATTCTAAGTTGACTGGGCCGCGGCTCTTGCCAGTTGAGGTAGAGATTGTTAGCAGGTAACTCTCTAGACTCTTGTTCATCCTCGCTGTCGTCGGTACTGCTCTACAAACAGTCTGGAACACTTCTGTTTACTAGGGCTCTAGCAACCGAATACGCGACGGTGACACAAAAGCATATAAATGCGGGAGGCGAAACATATTCCCGCTCAATAAATTGTGGTTCAGCGGATTATTGGATTGTTCGTTACAGGGCTTGTGTTATTTCAGCAAAATTGCGTGTAAAGAGAAACTTAGGTATAAATGTTTCCT,1024,48.54,Homo sapiens
SEQ_153832,CCTCAAATCCATACCCCCGGAGGTTTATCCCCAAGATGATCTTTTCTCACTGAGCCAACGGCCATTGAGCGCCTAGTGGACGATAGCCAAGTTCGTACCAGAAAGCTCTAAAGAGAGTGTGAGACTATCCGCAATCCCATTTGTAATTCTTAGTTGAGGTATCGAGCGGGCCAACGGTAAACCTACTCAGTGGGTGGGACAGGGTTGAGGTGGAGCTAGTCTTCAGGACGATCCGCACGTAACACGCTGGTCACTTAGCCAGTACAATCCCGCGAACTCAACACAAGATATAAGCTCCTCTCCGAAGACCGACCAAATTCGGGAGAAGAGGCCCTACGTACAACTTGGTACGGCCATACTCTTAAGTCCCTTGTGATAACGCGGGCGCACCAAGGTCGGCTGAACGCGGCGTTGATCCTGCTCCAACTAGCTGATCCTCCCCCGCGAGCTCAAACGGGCGACCTCCCCCTAGTGACTATGCTAGCCACGAGGCGAGTTTCCGCCTTAAGAATGACTTGAAGCCCAGGAGCACACCACGTAATTTCGCCCTGGGGTTCTTTGACCTCTAGCACGAGTGCTGGCTGTGGCTAAGCATAAGAGTCGCTCCCGTGTCCTACCGCGCGTGAATGAAACTGAGTTACTCGAAGTCACTGGAGTTGCGGGACACGGTGTGTGTTGAACAGTTGTCTTAGGTCTTATACCGTGGGTTGATAAATTTCCCATACAACCTTCCCGGTCAACACTCGGTGCCAGTTAGGGCGCAATAAAGGAATGCGACCGTGCGCCTTCTTGCGGGGACTCGTCCCTCCTGCCACGATTTATAAGCCCTACCGCTTGTACGCGGGCTTTACATTAGATGACCCGGCGTGTTATAAAGTACAGCAGCTATGCCCTAGAGTTGCCTAGAGTACACGGTCAAATTATGCATTCGCTCAAGTTCACTATGGCTTACTTGTATTCGGTTCCCTGGGATAAAGCTAGAAATTCCGTTTTTGCCACGAAACGTAAAAATGTCAAAACAGATATAATGCAGTGTTGGCATGTTTGTTTGCCTGATTCAGGCGGGCGCTACTATTACGGTCTGGTCGACAAACTTACGATTTTAAGTGGACAGATAAAGAACGAAAAGAGCCGCACGGGGACGGGCCGAGGGGCTGTGCTTGTGCCGGTTGGTGCCACACTCAATCTTTAGCCCTCAGACTTAACAGCTCATCACAATAGCAAAGCCCAGTAGCGTATGGTTTGACACATCGGTACTCTATCTTTACAGACCGTGACATGGGGGGAAAGTGGTGTGACAGCGGACATGGGAATCACTTGTAATGTGTTACCACCGGGATGCTTCATCTATTCAGACTATGCAATTGGGGATGTTTCCGGAGGCTGAGTCTAGAGTATACTAAGACAAACTTCGATTAATCAAAAAGTT,1429,50.45,Homo sapiens
SEQ_528437,ATAAACTGTAAGACCGACTAAAGTTGAACGAGATGACTAAGTCCGGCCCCCACGTCAAGACCCGAAAAGACGCGGCTGTCTAATATTTACCGCCACTTCAATCATGAGTACCGGCACCTGACAAGACTCGCGCCGCGAGGCAAAGCTTGTATGGGTAGTAGAACAGATCGGTGAGCTATGTGGACCCCTGGTGTTACCCCCGCAACATGAGCGACTGTAGGTCGGGATAGGCCATACATTCGCGCCAGAATCGGGCTTAGCAATCGAGACCCAATGACAGTCATATAGAGAGACCAGCTGCGACTTTTATGGGTTACGATGGCCACTGCATCGAGAAGAACACTCCACTATCTTGGTGTACAGTGTAGGAAGAATGCCAAAATGGGCCTTCAGCAGGCACTGCGACCGACGGATAGTACAATATTTTAAAGACACGGGTGTAACTGCCGACGCCTAGGCGCACGCTTCGTAGTGAGGTATTACCACAGGAACGACGTGACGCGACGGCTCCGCTATTGATTCAGATACCCCTCTCCCACCTATAGGCAGCAATTCCGACGCGTCGGCGGAGTTCGCCTCGGGTCCTACTCCGGGACCGGATAAGGGTTGAACTGGAATATATTCTTATGTATAGTTTCGCACTTTTGTCTAAGGAGAGTCTCTTACCTCCCAGAATAACATTTACTTATGTTAGATAAGATAGAAGGGACAGGTCAGCCACCTGCTGCCCCCAAACGCGGAGTGGGTCCCCCACCGAGTCCGGGCATCTGGCGAACCTAACGTTAAGTACGTAAAGGAGGAACTAGAGTCCTCTAACTGTCTAGGTTCCAGAGAGTTGCTAGGTACGCTCGGTACGCCTAATATAATACATCAGTCTGGGGTGTAACTTGGGTAAGGAGATTTCAAAGACGCGGGTTGTCCCAGGCAAGGGACGAATCAATGCCTCTTAACATGGTAGAGATATCGTGTTAGTCACAGAAACTCTATTTTTCTAGAGATCTGTAGCTGTACCAGCACCCCAATCATACAAACTGCTTTCCAAAAGCCGTAAAACTACTAGCGAAAATGCGTTCGTCCTTCTCCCGTGGTCAGGGTCTCAGCTTCCGAC,1108,50.36,Mus musculus
SEQ_283309,CCTCTTACCCGTTCGATTCGCCCTACTGCTATCACATGGGATTTTCACTAGAGTAGAGGAGTTTCACCTTAAGCCTCGTCTAGATCAAGGGATTTGGAAGGCGGTTCCCCTGTGGCAGGTGAGTGTGCGTGAGCGTGGCCTGCTCAGCGGATAGCACCCGGAGCCACGTGATGGTATAGTGCACGAGCCATCTAATGACCGCTGCCCAACTCTTGCCTTAAATCTCCGGTCGTCTGCCCGCGCGTCGGCGTCGACAATGGGGGGCCCTAGCTGTATTACATCTCTTTTGGACCTGAAGTCTTGGACGGTCTTAAATGGAAAGCTTCGTAAGGGTAGGAGATTCACCTGACTCCTTAGCATCGCTAGGCGTAGCAGCCTGACAAGAGAATACTACAGCAGCCTAGTGAACGTACATACTGGCGGATTCTATTTGCGAGCAGGAAGCGGGGACCTCCCACCAGACGGCCCAGCTCTAAAACTATTAGAACCGTCGAAGACCGGGATCGAATGTAGCATTGGTGAGCGGTGGGAAGTCCAGCTTCGGATGATCTGCCTAGGTTAGACGAGCCTATAGTTCTGGGAGTATGCGGAATACGGTGCCGCACGGTTGACTGTCTCGCACGCCGGGTTATGACATGGTTTTCGCTTATTTACATTTAGCCAAGGCTCCGCGGATAACAAGCTGAGCGCTTTTTTATCATCGATCACAAGACCTTTACCCACCCCTGGGAATCCCCGCTCTACGCGAGCTTTACTTACAAGTTATCCCGCCGCGATGTTTCGCGGATCTTAAAAGGGTGGCCGCCAGGGTCACTAACTACTGGTAATGGTGTTGAATCTTAATTGACGAGGGTTCCGTACCCCAAGCCTCGACAAGCAGCGTGCTGTTTGTAGAGGGCTTGACTTCCGATTGTTGATGGTG,922,52.93,Mus musculus
SEQ_444819,AAGAGGAAGCGATTGCGGGAGTAGACCGTTTCGCCATCGATTCGTATAAGCTCCTCCCCGGGGGGAGCCCGTCACTACGATGATTATCTGGGTCTGAGATTCAGGACGTTCCCAACGGCTTAGCCCCGCCTAACACCACCAGTGCTGGCAACAACAGCGGGTATACTAGTTCGACCGTCTATGTTAACCAGCAGGCATAATGGACAGAACAATCACGCCTTCGCGGTGTGGCTAGCATCAGACGTTTAACTAGTAAGGTAAACCTGAGAACAGGAGGTTACTCACTTAAAAGGCTAATCCCTAGATATCGAAACATAAGCGACAAGCTCACTAAGTCGGAAAACTGTGACCGATCCGCCGATAACCCATACCGGCTACCAAGACATGCGCGGCAGAAATACCGTGTTTGTGCCAGATCCGTCGGCGTGCGAGACAGCCAGGACAACCACTGGGGCCCCACCTGACGATCCATCATTCTACCAGGCACTGTAGAACCATCTGAGTCCGAGAAGAAAGCAGATCACCCCCTCGTGCCAGATGAGCTGTGGGCTTTGGTTGTTTGCGGTATTTCCGACGACTGCCCGAGCCCTACGAATCGAGGAGGTCTACATAGACATGGTACTGCGTAGTCCTGTAAATCAGATTCTCTGGAAACAAGGCCACTCCCAGGACGTTAATTCCAGATGGAAAGCTCCACCTTAAGGCCTCACAGTTGCTGTCTGCTCTCGATGGCGGCGTTCGAAATGCGCCACACTCGGAGGAGGCAGTGCCAGTAATTGGGCCAGTATGATTGGTCGAAATGACCGCGCCGGCATCCTATTATACGAGTTTGGGAGGGGGCAGTTGTTACGGCTAAGTTATGAGGAGAAATAACTGGCGAAGGATTGTCCGTTGAGACGCGAAGCCCCGTCATAAGCTGCCGCTGCATCAGATACACGGCGTTATCCCCATAGGCAGGAGTTAACAGAGAACTGGCATCCGGTTACAACGACTGCGGCTAGTCCCATATTCTGGAGAGGAAGACTAGACGCGATGCTGGCAAGGTTGGTCTCTATAAGCTGACATAATGGTTCCTACAGTGACAGACTAGTGAGTCGCATGAATTCACGGACAGTACAATAGTCTCTATGTAGAAGACAATAGTAGTAAGACTGTTGCAATATCTTTGGTGATTCCTCTTAAATCGCGACATGGCGTGAGGATGGCGAAGAGAGAGCTTTAGCCAGGCATCCTTAAGACTGATCCGTTCGACTTCAATTGAAGTACAAATTGCCGCACCTAAGCCTTAAGATAGGGTGATACCAAATCAGACCGAATGACGAGACGGGATCCGCGCGATGGACCCGGGGATAAAATGCATATTTCCAATCTTTGTACTTAAGATAGCTGTCTGACATCTTCCCAGCCCAGGTGTTTAACTGAACCGGTGCCATTATACGGGACTCCCTCTTGAAGTGACACGGCCTTATCCGACGACGTCGTCGCGAACGGCGAATGTACGAGCTTAGGGTTCAGTGGCGAAGAACGCCACTACGCATCTGCGTTAAAGTGCCTTATGCCTAGGTATAGGAACACTCGATAGGGTCGCTTAAAAAAAAATATTTTGCACTCCATATATTGTCCAGTTGCAAGCAGGAGCTGTCAGACCGATATAGTTTATCGGGTTAGGCGTCTTGCCAAAACCAAATGTTAGCAATGTCACGTAAACTTTCGTTACTATTTAAGTAGACGCCGTCATGGACTATCGACTCTGCTTTGATTCTTCATGCATTGCATTCACGGGGGGCTGAGCAGAAGACCCACCTTTATTTGCTACTCCGTACTTAGCACCCACATTCGGTAAGAACTATTC,1852,49.89,Mus musculus
SEQ_722517,CGGTTCCTGAGTACGGCAGTTATTCGTTTGAAAGTCGATCCAATCTTACGAGGATCCGTGGCTTAGAATGACCCCGTGAGTCTCAGCTCGCTAGTGACACACTGTGAAGGTAGAAAGCGTTACCATTGACTTTTGAGTCTGCGCCCTATAGTTACACCTAATCTGCCATCGTGGTGGACGAGGTCTGTGATACTAAGACTGTCAACTTCGAGACCTCGACTCGGCCGTGCTGGTTCGTTTGGGGTGCCTCCTGGGTAATATCGGCAACTAAACATATACCGGTCCCGTTATACAGGGGGAGCCGCATCCCGGTCATAGATACGGACTACCTTACGAAGTCCTATATGGGCAACGGGAGTACGCTTCTTCATTGCCCGAGGAGTTTAGTCGAAATATGGTCACGAGTTCTGTGCAGAGGAAGAAATAATTGGCAACAAGGTCGTTATTGGCTCATAATTAAGCCTCTGCTTAAGATTCATCCGGAGACTCCGCACGCTTGTGCCTCCAAGGTCGTGGCCCTTAAAAGGATTAACCCGACATCCCCATATAGTGTATGTAATCATCTACTAGTTGTAGCGCCAGGAACCTGTGGGAATACAAAATGTGCTGCTGACCCGCACCAAGGCTCTGCTAGATGATTCGGGGACCTGAGACGCCCTTGTGTAACGAGTGTTTCTCTGAGTTGTATCCGGCTAGTAAAGCGCATATACTAGCCCGCGATTACATTGACCCTGCTTTATGACAGC,746,49.6,Drosophila melanogaster
SEQ_970907,TGTCGCCGAACCCACAGTCGAATCCGTTACAACGTATGCCCACCATCATAAACGGTTCCTCACTTAGTCCTTGCAATGCTATAACAGCATTTTTCACCTTACGTTGTCTTGGGCTACCCAATTTGCGCTCAGTAAGCACTGTATGGAATGGGCTGGTGATTAGTTGATTGTTCCTGGGGCAATGGCGCCTCTCGTAGGGGTTCGGGGATTGACATGGAGGCTTTAGTAACTGTGTTTCTTCAACGTAGCGACCAGGCAAGCTTGCGTACCCCAGCTCCGTCAATCGCCGTCATATTACAAGATCAGACAAAACACCGCAATGCGTCCTCGTCTTTGCTCTCGGGTTCTAGCATGATTGGGGCCCAGAATCATAATAAATTACACCATGTCCGAAGTCCTACTCAAATTGATTCGACACCATAAATGATAATATTAGATCTACTGACCCTTCTGAGTCGCGAGCCAGTGCCCTTGGTCACGGTCATAATGTACGCGGGATGTTGGCTCTATAGCCGTCTCAAACGTTCTCTCCGCGGGCCTGGCGCCAACTGTATAACCGCCACTAATCGGATTGAGGTTGAACCGTTACCCATCGCCATACGGAGGTGCCTGATTGTGTGCTTTGAGTATAGCAGAGCTAGGGAATACACGTTGTTTGATCAATCCCTTACGCGCAGAGGGCTCAGATCCAAGACGGAGTCGAGGATGGAACTAGTTAGAGTATGACTAAGGCTATCGGGGCGGCACTCCAATGAATGATGGCCCGCCGGAGAAAGATAATATAGCTCTAGAATGTACATGCCCATCTACAGCGCCAAGTGAATTTCAACGGAGTCCATGAAGATGTAAATATCAGTAGTAGTTATCCTTTAAAATCTTAGTGTCATGCCGTACTGCTTGAGGGCACAAGAGTCGAAAAAACCCCTTGCGATCACCCCGTTCAATCTT,948,48.42,Arabidopsis thaliana
SEQ_701094,GGCACAGGTCTTGAACCCCACCTGGAAGCTGATAGCCGTGAATTATGACTCGATACCAAAAATTAAAACTGCTCCGGGTTGCAGGGCAGCATTGTCGAGCTATACACTTCAACCAGTTTTGTGATTGTGCTATTCTGAGTCCTCTTAAGGGATGGGCGTAGTTCGAAGTAGTCAACTGTTGGCAGACGCACTCTTACCTATTGTTATAAGGGTTCGGCTGTTTCGCTACGGGACGGTAGCCCTTCAAAAGATTTTCCTCAGTATAAGGAGGTAGTGGGGATAGCTCCACATTGGTCGTTCAAGCTTGTGAGCGTGGGGGCTGGTTAAACCCAGAGATCCAGTGACGAGATGCCTAATCACTCACCCGTTTTTAGGGAGATTCGCTATTTGCATCGCTTCGCACGTGTCAAGACAAGTAGGCCGCCCCGATTGTCCTATATTCGACCTCTCGTCAGTAGACAGTGAGTGTTAGAAGACTCTGTGCCATCCCGTTAAGTATGTGGGAGAGTTGAGAACACAGGTTAGAGGTGATAACCGGAAGGGTAAGATGGATTGTAACCACCAATGTTTGTTTGATAGTGCGTAGCTCTTTTGGACGCTAGCGCGTAATTCAAGACCTATAGGCAGAGAAGGAAAGTACGCTAAGCTTTGGGAGGAGGCCTCCCCCGAATTCAGAGCTCATGCGGCTATCTTCCGTTACTAGGCTCCGAGGGCGAAGCTCCCTAGGGCTAGGTAGTTGTTCAATGCTCTGAGGTGGGGGCTGAGTTGGGGGACGCGTCACTCCCCTAGCCTTGTGAAAGCTTCGCGTTTCAACGGACCGCAACTTGTTTTAAAATGGGAAGTGCCCTCTGTAGCGTGACTATGCACTCCATGGCCAAGAACCTAGGAGGGTATGCGGCCTAGAATGAGCAGCGCACAGGACGATTGCGGCAGATAGAATGAGTCCGTTAGCGACAACCACCCAGTGCTCTTGCATTGTGTTGAGGGGGATTGTACTTGCGACACACAGACATATTTTTGGACTGACGATTCAGACAAATGAGGTGTATACTCCCGGCAATTTCTGTTCCCATATGTACAGCACGTTAGTCGAGGAACAGGATCGGATACTCGGTCGGGACAACACTTGCAACGTAGTGGTCCGGTTTCATTTTATGATCCGGTAAGCGGCTTACTTTCACGCCCGTTATTCCAGGACTCTGTCATCGGGAGTATCTACAAATCGTACCTACCTGTCTTTCGAGAGGTCGAGATTGCCGTGACGCAACTACTATAAACGCTGAGGAGTTCCCTTATGCTCAATTGACTACACCAGAAGTGGCTACATGAGGGTAACACCGGTACTTTACATGTCAGAGGTCAGTCCGTTTAAGCTGTATCAAGCCACCTTGGTTGGACTCTCGGCAGGTTT,1411,49.75,Caenorhabditis elegans
SEQ_469792,CCTATCTGTGCAGTCAACAGTGGTTGGACAGGTTAGAGTTCGGCGATGGCCTTTATGTGAAACGAACTACCGAACTCTAGGATCGTGGAGGGATTACCATCCTGGCCCTTGTCAATGAATCCTTAGTTATGCGCGGTTGTTCGCGTTGTTTCTCCCTGTCATGTGCGCGGCTGCGAGGCAGCCTTCATAATCGTCCCCGGCGAATTAACGAGGTGCGGGGGAAACGAATTCACTTCATGTCTCATCCTGGGTCATGGAAAACGAGTAGTGTTGACAGGATTGAGGAACCTGTTATTTCGACTCGCTTAAAGCGGTTCGTTTTCTTGACTGTTGGCACAAAAAGGATTAAAATTCCTCGAAGATGCACCGGTCGCTAATGAGGGCCCGTGCTCAGGGCGGCGAGTCAGTTGCGAGTTTCAAAACAAAACCAGAGTGTTAGACCAGCGTTGCAACGAGAAGTTCTTCTGGCGCACTCTGCAACTTTCGGGGAAGCCGAATATCGTCTGGCAGAGGTAGGGCGAAAGTTTCACATCATGTACCGAGGGGGTAGCTTTGATAGATTTTTATGCGGCGGAACTATAGCTATGGCAGACCGATGTCTCGTAATACCGAATGAAAATTGTTTCGCTTTTATCACGATTGATAGAGGACTGTTTCGCTGCCGAGGCTTTTCTCCCATTGGGAATGCGGTTATGCCAGAGTGGCGCGGCAAGTAAGGTACTGAGATCTACAAGATGTAAGCCACCAGGACTCGCAACGCCGCGAGCACACAAATCTGTCGACTCAATAGTAAATGAAAGCCTCAAGGACGAGGGCTTTCGCTATTCTATGTTGGCCTCGCAAGTGTCTCTCTTCAATGTAGGACATATAGACCCGACCCTGGTAGCCCATCAA,894,49.66,Caenorhabditis elegans
SEQ_907404,TCCTACTGGGGAGCACAGTATTGTAATAACATAAATGTAGTCTATTGCGTGAAGAACAGGTGAACATTCAGGTTCCCTATAGGCGTCGACATGAATACCACGGGCCAAAACGCGCCTTTATGAGGAAGGGTCATAACTGGTGACGCAATATCGGCCTACGTTTGCCAGTGTCTCCCAAGATATCACCACCTAAATAGCGCAGCTTGGTCCCTTCCGACATTGCTTGACCCATGAAGCGTGGTAGCTCGTTCTTTCCGGCTCGTCCCGGGATGTAAACAGAAAAGAATGGTTGAATGCACGTGAAAAAGCGAAGTTAATGGGTCCGCATTGGCTCTAGCGTTACTAGCACCTCGTAGCTAAGGTGAAAAATGTATGAGTCGTTCACTTCTTCAAGGCTATCTGAGATCACCTAGCTACATGGGAGGGCGGAGCGCCCTGTTGGTGTAATTACATAAGCACCCGAGCCCGCCTGTTGTGATTTGGCCTTCGATCTTCGAGATGGGTTAGTATCAACCCCACAGTGGGGGACGCTTCCACTTGGCATAGCCTGGGCGCCTAGCCCTTCACCGCTGATGCACACCAAGACGGCGCTCAGTGGCTGAGATCTGACAACTGCCGAGTGCGCTCATAGCCGCCATGAGTTATTGCCCAGAGTCTGAACGACAAGAGTATTTCCCCAGCCATCAATCACTTCCGGAGCTGTGATGTGATGGTGTCGTCGTATCTATTGAGATCACGCTACAGGACCAGGATTTGGGCTCACGTCTTGCTTTATCAGCCTTACATCAGCTTTGAGATTATATTTAGTGTACGACAGCCTCTTAGAGGCAGCAGTATCAAAGTTCGAACGCCCTCTCTCTTGTTCTAACACGACACCATGTTTGGGTTAAAACCGCTGCTGATGATAGATGAGTCTTTCTTCATAATGCCAGAGGCATCGTGGAAGGTTAACGACGATGCTTCGGTGTCCAGCAGGACACGTGACTTTCCTTGGCTATAGCCCAGAGAAAGTGGTGGCAACTGGATTTGGGATAGTTTACTCTCCTCAGTGCCACCTGGGGTATACAGATATTCGAAATTGGCTCCGGCCTAATGCGGGTGTAACTTCAGGCCAAGAGAGCCGAGCCAGGCTTCCTATTAAGTTTCCAATATCAGGATTGGTCCCCTGCGGTTGTATAAGGGCATCCTCAAAGGACGCAAGATCCATATTAAGAACCACTGGCCGCCGGCGCTGCATTATCTGTCGCACGGTTATGTACCCTTGGTGGGAGCGGATTCCCTAAGCGACCGAACAACACTGCCTCTAAGAGTGTCCAAGACACTATCTGGAGCAATGCTTCGATTTATCCCCTTACACCTAATGCGCCTCGGAAGGTGCCCATGGGTCAGTCAATCGCAGCGACCTACTGCAGCTGCCACCAGCAAATGAGAGTCACACTTGCACCTTGGAGGGCGGAATCGTGAATCAAAGCAGTTAGCAATCCGAAAATGGATTCTCGTAATAGATTGATATGGTGGTAACCGACTAATGACACCGTTCGTTTTGCCCGTACCTAACCTCCTAGAGGGCTTCTCTTATGGGAAGGATCGTACGGGCCGCAAAAGAGCCCCAAAATGTCTCAGAGTAAGAATGTACGTCCTCAAGGGTTACTGTATAACAAGCCGGTGTATGCTACTATAGGGCTGCCGGGTGTGATGCTATTATTGACAGAGTTATCCCATTGGTTGTAAATACGCGCGCCTTGAGCTTAGCATCGTTGAACCACACAGTTATGTCAGCAGCACACTCAAATACGTTAATTAGGCCGTAATCAAAGAACACTCTGTTACACGATTCTGACTGACGCAGAACTATTTCCTCAGAAATTGCGATAACGGTCTGGGTCGTGCTTGTTGCGATTACGCGCTACTATTACAGCACCTGAGGGCCCCTCCAAGTATACAGTACACGGGAAGTGAGGTTTGAGCCAATTGTGGCCTAAAACGGCTGAGCAG,1995,49.62,Homo sapiens
SEQ_677269,CGGCAGACTTTCTACAACCAAAGTCTCTTACTAGACTTACGCGGCATGACACAGCGGGGCTTGGTCCGAGCACCATTGAAACCTGCTATAGGAAATTATAGTGTTGGACAAGGAACGTGCCTCACCTTCTCAGTATCTCAGCTATAAGAGGGCAAGGTATGTCCATGTTTTACGGCGACAGCTTTCGCAACGGTACGGACTACCGGCTCAGAGATCTACTGTTAGTAGTCAGCGCACTATGTCGACCGGGGCATCCCATCATATTTATATGAGAGTGGGACTTGGCTTTGATTCTACCAGACTACCTGCGGCTCAGCATATCGTCCGATTCGGGAATTTACTGGCCTAAGCTGCCTCCGCGCTATGCCATGAGAATTAGGTTGGCAGGATTACGGAGAATCTTATATCTAAAGTCCGTACTATCTAAGCCCTTGAAAGAATCGCATAAGTCAATGCTGTGATGATTAACCCAGTGATTATATAATAAAATATGCTCAACGGGTTTAAGGATTAGCGATGATGGCGGTACTAGAACCCACGCCTCGTTCGAGGCGGTCCCAACAGTTGGGCGTCGGCAGGGACCCTCTACCGAGTGCCACAGACGCAATGATCACCATTAGACAGACATAGTGAAGAGAATCTTCGGGCGCACCCACCTATACGTTGCAATGTTGTATAATGCTACTTCCCTTGGTCGATGGAGGCAACTCGTCACGCCTTGCGCGCCCGATCAATGCATCTTGCTATCAAGGGAGAGTTCGTGCCGCGGTTCGTGGGATGATTGAGTTACAAATCACCACCCTTGAATGGCAACTCAACTCTGGAGCAAGAACCTTGCAAGTACGTCTGTTGGCCCAGTGCACTTTAAAATATGTGTCCGGCAATACTGTTACGTAGGTTGCAGATTAGTCCCGGGACCACATAGGTAGGCCCGAATGCGCATATTAGGCTGACATGGTAGATCATCGAGAGCTCTAATGCTTTCCAGGGTACTTACTCAGGCGTTGCTTAGACCGACACGCCCGCACAGTGAGGGTGGTTTTTGGCTATCACCGCTGGTCGTGGTGATTTAAACCTGCAGGTATACAAATGAAAAGCCGCAGTTACACCCGAAATAAGGACACACCTCTATCCTTATTACTT,1143,48.99,Caenorhabditis elegans
SEQ_681581,TTGTCCTTACCTAATTGCTCGACGTCCCGTGCATATATGATCTCTGAGACAGAGCGCTTACCATGCGAGCAGCAGTCTTTTTCACTGTTACTGTGGCACATGATGCCGTGAGTTGAAATAAAGCATCTCTTTTGATTAAGCACTTACCGATCAGCCACCTCGCGCTAAGAAATGTTGTACATAAGAGCAGGGAGTCTGGCCGCTCAGAGGGTCGACTAGGGCTTGCCGCAGAGTGGAATGACGCGGCAAGCCTGAAAGTTATGGGAGCCTCCGCATGTAGCTCTCCGCCGCCCCATAACAGAGGTAAGATCAGACTTCAGCGCATTCGATAATGGATCAATGATACAGCGTCTCACGAATGTACATAAGTGTCCGGAGTAGAATATGTTAACTACAAAATGGGAAAAGCCCGGAGGTGATTGTAACTAGGCTCTCCCTGACCGATTATGATAGATCAAGGCCGATCCTAAGACCTGGGACGAGGGCTCACTCCCGCCTTTCCGCTT,506,49.8,Homo sapiens
SEQ_363718,TCAGCGCACTTAGCTATGTGGTTAGGGTGATCGCAGGGGCCCGGCTAGGACCCATACATAGACTCAGTCGAACCCCTAAGACTGCTCAAACGTTGACACTACATCGAAGCCAGGTGGCACAGACAATGGGACTCTGTGTAGTCTAATTGGTAGACGCCTCTTAGTAGATCCGGTGCTAGAGCTACTGTAGATTGAACTTGCCACGTCTGAAACGTTATTTACGTAACTATGACGGGACATGATGCCCTAACTCAGAGTTTGGTCGGGCTGTAACCTGCAACGCGAAGAATTTCCCTTCCGGTGTGGCACCAACGAATTCCTGTGATGCCTTTACTCCGCAGAACATACACGTCTGATTAACCACACGATATGCAACTTGAAGTCAGGCGGATCGATCGGTAACTTGGTTCACAGCGATGAAACAATGAGAAATAAGCCCAACCGCACCGTGTAGCTATTTCGCCTCAAGCCTGGGTTTATAATTCAATTTGCCTATCAACAGCTCAACGCAATGTTTTCTGAAGTGCGGTCTACATTTGTCTACCGCTAATTCGCGCACCGTGAAATGGTGTTAACTTACTGATAAGAAGGAGCTCATCTCGAACCACACAACGAAAATTCGACTCCGTTCATAGGTTGCTCACACCAATAAAGACATTTTGCCTATGTGTGACCTCAAAACCGAGATATTTATGGAGTCAGACGGGAAAATGCGGCTTCCGAGGTCCGGAGGGGATTCACTGCCGAGTTGGGAGTACAGGCGATCCGCGAGGGAACGCGGCAGATCTGAGTCCTAATCGACTTGAGGCATATACCCAGGCGCTGGAAGATCTCCACGGCATGGTAATACCACGTCTGCGCTGAGAATATAAAATGGTTTTGAACTGTGGACAGGCTCCACCATGTTACGTGGGGCTCAACCACTGTGATTCAACCACTATCCAATTTAAATTGGCTTCTCCGCGCTCTGGGACAGGCCCGTGCAACGGGCGCCTGAAGTTCTGAAATTAGATACGATTCTGCAACTCCCTAACCGCGCAGGAGAGGATAGTTAGCGTCTTGGGGTCTGACTCTGTATGCGACTTCACTGCCAAATCTACGGCTTTACTTAGGATGGCAGCCGGCTTACCGTTTCGCCACCGCATAGCGAGCTGTGTATTGCCTTGAGTAGAAAGCGAGGAACATTTTTTCTAAGCCAGCGGAGAGCTTAGAAAGCCGGAGGGATCTTGGTAACTTCTCAGATCCCATGATCTACTGAGGACTGACATTCGGGTTATATGGTTAGAACTACCTGGACGATTTTAACGGAGACACGAAATGGATGAACACCTACTTTAGGAGAAGGGAGTCGCTGAGAGCACACGTACTCATCTTCGTCTTGGTCAAGAGGGATAGAAACGTGTTTCCGGGAGGTTTTAAACGGTAAAGTCTACAAGGGTAGTCTGCGTTAAGGTCAGCCGAGGGGGAACGGCCTTAAATCAGGGTCGCCATCGGGGAT,1498,49.33,Drosophila melanogaster
SEQ_655726,CCGACGAACGTAGTAAATTTAGAAAACCCCTCAGGGGAGTTTCGACGTAGCGTTTCTCATTTCTACAAGGACAGAAGCATAGCAGGAGACTCATTTTATGAGCAGGAGGACGTCTGAGGGCTTGGTAGTCGGGACTCGCTTGTCTGGCAAAGAATACCGTCGATAGACATAGATTATCCTAGGGGCGTGTCGCGCATAGAGTCGCCTGGACTTGTTTTCTTTAGCGAATCTAACACTCACTTTGACCAAAATGCAATCTGCCCAATGGGTGGCAGATGACTATGCCATGCTTGACGGTTAAACGTAACCGCCAAGATTTCCGAATAAACTCCACTGACCGTGCGCGGTTCAACACGTGTCTTACATGAGGCCGCGATCCTTTCAGCAAAAACAAAAGCTTGAAAAGAAGTTCACTTTGCACTGTTTACCGTGGCTTTCACCCTGCCCTTATTGACCTGCAGCAGCCAGTTTAATCTTCGCTGTCGGAACTGTTTCAGGCGGGCACGACGATCCCCTGTTGGGTACTGGCTCCCGGCAGATACAACCCCGTTACCATGATGACTAGAGGCGTGCTACTCGTTCCATTTCACATACGGATTCGTTACGCTTCTTTATAGCTACTTGTGTGATTCGCGCCCGTAAACATAGCACAGGTTTAAAATTTGTATGTCTGACGAACTTAAGACAGACTTGTCCGACAACTGTTCCGGGTGTCAAACACCAAGCGCGCAGAATTAGCCGGGTGTTCCAATTTACATATCCCTTGCCTTCTAGGTCTATCTGGGTTGCAGGTAAATTATCAGCCCTGACAACGCGAATGAACTAGTACCACAGATAGACGTTCAATGCCTAGCCCGGGCTGCAAAACCAGACGATCGGGCTGTAATAAGCCATACACGGCAGTCGAGGAGGGTCATGCGGGTGGTCCGAAGTGGGGTGACGACCCCCATTTTCCGGACTTTTGGAGGCACTCTCTGTAATTATCTACACAGTATCGGAGAGCGGCGACTATCTGATTTAGATCAGAGCATCAACCATAATTGAACCTCTAATGTCTTCTTAACAGTTCTCCCGGTGTCCAGAAGCATATGACTTGCCATTGCGGACTGGTGACTATACGGAGGGACGGGGTTTTTCTGTCGCCAAACCTTCAGGTCGACCTCGTTGCAACGCTGTCGCGCGGATGGCGCTGCAGTGATTAGAGAGGGCGAGTTCGTCCCGTGTAAGGATCCGAGTCCAGCGAGTCTTCCATCCTGCCTTCATAAGTGACCAAGCTAAGACTTAAGACAGCGCGAGTAGGGTATGTTAGTCGGCCAAGAATGCCGGCCACTGGCGGCCTGGAATGCATGACCGATCAATGGAGACCGAATCTAACGTTTAGTCCCGGTACATAAGCGAGGACCGATGGGTGTGCACACCGACGCTGTACGTCTGAATACGTAGCAAGTATGTACCAGTTGGTAGGGTGGTTGGAAAC,1477,50.24,Mus musculus
SEQ_246827,CACCTTGTTCACTCTTCGAGCATACGGTAAGACAAATCATTGTCTGAAGCCCATCACTAGTTTCGTCTCAATCGGCGCAGCTGGATGTACGCGCCATTGAGTTGACTGTCGTCGTCTAAATAAACTGTTATTGATTCCGATGCACACTCTGCGTTTGCATTTAGAACCTAACCTACATGTCCGCGCCCCGTAGCCCGCGTTTTATGTGATCGTATCGTGGTCGCGGTACACGTATGAAAGCTGGTGGTTGTTCCGATTTTTACTACAGATACTAGGGCCGCGTAAAAGAACTGCGATCATTGTGTACGGATACGTTGCTACTGCTGCGGCGCAGGCTTCCTCCTACCTCAGGATTGAGTAATCGTTCGGAACTCAAAAGATTACCGTTGTCACTACGCTTCGAATGGAATCGGTAAGGCCGCCAAACTTTTGAGTATGGT,440,48.18,Saccharomyces cerevisiae
SEQ_865076,GCTCACAGTGGCTGCGGAAATCTCTATAGAAAATTCTATCGGGCGAAGGGAGCTCAAGCAAGTCAGGAATGTCCCCCAGTAGAGCCGCAGCACATTACACTGAGTAATACAAATTAGATCAAACAATTATAGTCAGTCCGAACGATACGAACTTTACGATAAAGGTTCCGGTCCCTATCCCTTTACCGCTAGCCTACGATTAGAGTTTGAGCGAACGAGCTTTAGCTGACCTCCTTGGGATCGAGCAGTGTCGCTGGGCGCAACAGCGCAGCCCACATGTAACCAACGTTCGCCGCGGAACCTCAAAGTGTCATCGTGTTACGTAGTTCCGCAAGGGTCTAACAAGGCATGTTTTGCGGGTTTTGCAGAGGAGTGTGCAGCATCTTTATTGTGGCGTGCTTGGTGCATCGTTCGCTCGACCTAGACCTGACTTATTAGGCTCCGTAGCGACGTTGTCACCGAAATCCCGGGTTCTTCGAAACACGCACACCCCGGCTGATCTATAGGCCCCGCAGAGTTATAGTCGCGGTGCGCCATTAGCTCTCCTAAGTGGACGATTCGCTCAACGGGTTTGGTACATCCACTGTTCTCCGACCAGTCATGCAGTCCGCGGCCGAAAGTTACAGCCAAATTGTCCTCTTATACACAACGAACTCTATCCTGCTTCGTGGGTTGTACTAACTCATGGATACATTGCATCGGTAAGTTGGAAGTCGTGCCATTACGATGATGCATCATATGTTCGGTTGAGCCGGCCGCGGTGATGCACTTCTTTGGTCATTTGAGGCCTACACTACCGTAGGAGGAGTTCTACTTGTAACTAGTTACAACGCTCTAATGTGTCTGGGCTCTAGGAGTCTTTTCACACTATACGACGGTTACCCCCTTTAGAACGCGGATGCCAGGACTCTTTACAGCAGCTGGCTAAATCAGCTCGTCGGATAAAACAACGATCTTTGTCCACCCCTGCCCATGGGAATCCATGGTACGGACAGAAGTGACCGTGCTAGGATGGCGAGACCCACGGCCAGTTATTCCGGAATAAGCAGTCGAAGGGTCAACCGCTCCGTCTTTCGTTACGACATATCTCTCACGCCAAGGTTATCGACCACGAGACGGCGCTGGCATTAACATTAACTCAGATCTGGCTATGGGACTCCTAGATAGAAAACAGAAGGGTTGCCTTGCCATCGTACTAGGGCCGCGAAGT,1210,50.91,Caenorhabditis elegans
SEQ_497411,CCGGGCTATGAACGCTACCCTTAGCATACCGCACTGGCCGCCCCCGTCCGCTCCAGATACACTCCGGCAGGGCTTAGGAGGCGTTTGGAACCAAAAGGTGGAAGGTATCGTACCCGAAAGGATGGCGCTCCTCTTCGATTGTACGGTTGGAAGCTGTCAGGTATTGGTCCGGGACAGAATTTGCAAGCTCAAAAGCTGCGAAGCACCAAATCCCCCTAGACTAAGGCTATGTACGGTACGCTGCGCGCCATCCTCGTCAACATCCGCTCATATCAGAATATTGCCTTGTAGTTCGATTTATGATACGTAAATGTCTCACAGTGCGTGCTTAGGAGGACCAGATTGAATGGATCCTATAAGAACTGGTGCAGGTAACGGTCTGGCGGCCTGTAACCCCCAGTACAGTCTCGACCTGTTCGGCAAAGCAGGAGGACGAAATTTTAGGTAGAGAGCGTAGTGGTGCATGGACGATTGTAACCCGGGCGGCTACCCAATTGACACACATGGAACTGATCAAATCGCCAAGTGTATCCGAAAGACCGGTCTCCCCCGGGCCCGCAA,561,53.48,Mus musculus
SEQ_492658,ACGGTACTGCCGATGCGCTCTCTTTGACGGGACTTGATTCAGCCGGCTAGTTAAAACTACTCTCGTTGACAGTGGCCGATGTCGGCGTATCGCCACTTCAACTCGGTAACAGCTTTCCCACGCCGCGGGTTGGCGGCCTAGCTGTGAAAACCAAGACGCGCGCTTCCGCGCATAATTCTTCAGTCGGTAGTAAGGGACTTCGCGTTTAATCGCCGGGAGGACAACGACCGTGCGTGTCTTCACGTCAGTTTTCTCGAATGTCCGAGGAAGCAGCTGTTTATAAAAAATTAGCAAAAACGCGTAACAAATCCCGGGCCCACCAACTCGCCCCCCAGCTTGGTTAACCCCTGTACAAGCAAGTGCTAAAGCCATAATTCGGTGAATCACCGATACCAGGAGCATCTTACTGTGAGAATATCGCGACTAATGTTGCTAACCAGTAGTGGCGTAGAGGAGTGAGGGCCTCTAGGTGTCTTTGGTAAGGTAATCCGCTTTGCCAACTTCGGACACATGGGGATCTAACTCAATGAATTGGTGGTGACGACGTCTATTAAGTTCCGTTGACGAAGTACACTTAGACTTTTGCGCTTAGGATTCTTTGTATATCATTCGAGGGTGTGGGCGCAAGAGCCGATAGGGTCAGCATATCATGCCGGAGTTAGGACTCACATATCAGTATCTGCAGCGACAGTCTCGTCATGCCTGATTCCTATGACCATCAGTCGAGGAGCTGGAAACATGGTTATTTGTTTCTTTTTACGGGCAGAAGGCCGAATCTCTAAACCTTTCTTGCGCACCAAGACTCTTAATAGTTTGCTCGGTGCCCATAACTCAGGTCGGGTTTGTCTATGCCTTGGGCGGTGCTCTGGTTTGACACGGCCGTCCGGTCCCATACACGTTCTGCGTACAAAAATTTCTATATATTGCAGGCGTATTCTAATTGCGGGTGTGATCAAACAACTACTCTACTGGGTGGCGTAAAGCTGACGGATAAATAGGAAAGGTTCGGTATAACACATGTAGGCGGCCCATCTGATGTAGGTGATCCGCATACAGAATGGTGCAGGGACTCTAGCCACTGGCTGGACGGCACAATAAATTCGCTGAGCGGGGACGCGCTACGCCCAACTAATATCAGGTCAGCGGCGTGGAATTTTTGACACACCACGTAGCTGTGCTCCACAAAATGGAAGACAGCGAGTGTGGCGAGTCCCATCGGGGGATCAGGTACAGGCGTTAAATGGGGGGACCGATAAGGCTGCCTGGCCCGGTTAGGTCCCTCACGTTCCTTATTGATATTGTGAAAGCCCGAGGTTTTGGAAGGGGATACCCTTACACTCAGGGAGAGCATTTCTTCGCTCCCACCAGCTTAGGCTGGCCGGAAATAGAGGGCAACTACGGTTTCCGTCCGCCACTAACGACGCTACCACTACCATAACATACGCAATGGCAAATATTTCTGTTTGTTAGCCTACAGATAGTGAACAGGAGCAATTCTGCAATAGGACAGGGCGCTCGGAGACTTCTAGTCGTTCGGACGGAGCGATATTAACCCGTTCCCACACGATTGGGCAAGTCATCTAGATTCGGATTTTTAAGATTGTAGGAAAGGACGTTATCTGCCTAATGGAGCTACGAGCGCGGATGTGCCTCAGAGTCGCCCCACGCCGGCTTGAGAGACTTTTTATTAGGAACTCCTGGTGATCACAGATGACCCTGATCTGATCCCTTGTCGAACTACAGCGTCAGTAGATCTCGGTTTGTTATAATACCCGGAGTTCTGTCGACGAGGCTCTATCCATAGACAGTATGAGGGT,1817,50.47,Saccharomyces cerevisiae
SEQ_222277,TCATTGTATGTCCCATTGCGCTGGACGCGCAAAATAGATCGTCCCCTCAAGGAACCTTCCACTATCAGATAGTGAACAACACCACCTCCGCCTTTCCTACAACACAAGAGCGGCAATGGTCGTTATCGCACGTACACCTGATTATAGCTCTATTTTATCAGGGGCGTATGTGTTGGCCAGGCTACTGGAGTACGAAGAGTCCACGCGGGACCTTCAGTTGCACGCTAACCAGTTCAAGCTACGGGCAAGTTTGTATGATCAAGGCAGCCTACGGGGGTAGTTATTCCTACCGTGTTCGACGAACGATGCAGGACCACGTTGCGAAATCTAAGTA,334,50.3,Caenorhabditis elegans
SEQ_614255,TGCCCCCACACCATAGGGAGTTCTTATTCCATGTACACGCACAATAGTGTACCAGCGAGACGGGCCTGGCGGTCCAGCATAAACCCTTTGCTCTCGAAAATCCCGCATCCCAATTCGGTCTAACTTGCAAGTGTTTATCCCTATTGCAATATCTTCGAGGCGTTAAGGCCCCAAGACTCCCAAATACTTAGGGGTAAGTGGGCGGACATGATTACAGTTAAACTTGAGTATATGCCCATCGAAGCATAACAGATCGGGTGCCTACAGAGAATAGTCTCCTAAAGGACATTCCATGATGGCTTCGTCACTCGCATGGAGCTTTTTCCTACAATGATCATAAGCAGGTTTGAAGTTCTACGAGCAATATACACTAGGCCCATACACGCTATGCATCAACAGAATCTGATGCTTCAGAATCTCCTCTCTGTTGAACCATGACTTACGTGCCTCGGGACAATCCGTAACACACACACAACTCAAAAAATGCCTCTTTTATAAAGGCATATTGGCAACGATGCGCGAGCTGTCACGGGTATGGGGGATCCAGTGGGCATTGCCGCGGCTAACTAGCGGTTTTGTTTACGAGTGAGATGGTTCTTCGGATCGCTATGCTAATGAGTGGTATTCACTTGTTCTAAATGACGGATTGGCATGTACCGCGCCGGTATGAGATATAGCGAGCTGGATAATGACCGTGATGGGAAGTACACAGCCACAGAAATAGAGTTGTATTAAAACGGGCCGGGAGAGTCCGATAACCGTAGCATTTCTGCCCCCGAAAACTGGTCAAACTCTTCATATTGGGGTCGCGAATCCCCGGAATGCCACGGAAGAGGCAGATGGGTGGCCGAGCGACGGGATCGAATATTGAAAAGCACTATATTTGCTGACGCGAAGGTATATCTTGGTCACCCTGGATTAAGATGAGACGCTATGACATTCCGACCGTTACGGCCTCCAAAATTACGGGGGTAGTTACGCGCGCATTCTTTTAGGATGCGGCAGCTTTGCAGGTAATACCGTACGACACGCAGATGGTCCGAGGTTCGTTGCTTGCCCCTTAGCCACGGGCCTTGTGGATTGGGTCAGCGAAAGATATTTACGGACGGGAGAACCTTCACACAAGACTTGGCACGCGTGGGCTATCCG,1149,49.35,Escherichia coli
SEQ_856025,ATGGAATCGAGCCCAAAGACGCTATTGTTAATGACATCGTGAGGAGGTGGTACTAATAGGGATATTTTCAGTCAAGCAAAGTTTAGGCTAGTCCCTTTTTGTGTATGAGGAAACCAACTTATCCGTACGGTGGGAAACCCCGTGACCTCTGGAGACCAAAGTAGCTGTGCGCTTCCTTGTAAATGAAGCTGACCCGATTTAGAAACAATTGCTGGAGACTGCCGTGCTTCCGCGTATGTGGCAAACATTCGAGGTGCTGGCAGCAGCCATTCTACCGCCTTGAAATTGACGAGCAGGGATGGGCTTAAGGCAGAGACCTACTAACGGTACTACCCTATCACTAAAGGAATCGGAGCTAAGACTGGTATGTGCGAGCATCAGGTTTGTGAGAACTCCAAGGCCACTGGCCGCCTGAAACTACTGAGACTACACAGGACTGTTATGGTGATTCAACTGTATATAAGAGAGGGCCTACAAGTGCAAACGCTTCGTGGGCGTCAGCGACGCAGTGGCTATCGAGTTACGGCAAGTGTTTTGCTATCTAAAGCGTCACTGGTCATTATGAATGAATCACCGTTAGGACGTGCAACTGGGCGAAAAGTAGTGCGTCCCATCATACAGGCTGCGAGGGACTAGGCACGGTCAGATGTGGCTCGGGATTCCGAGTTTACCCGGCTCACTAGGTATCAATTCTCTAAACTACGATGCGTTAAGTTACGACCGTTAGTCGCATCTCCGTGATCCTTGTAGACTATAGGTGATAT,764,48.82,Homo sapiens
SEQ_259645,CGGTCGGGATCTGTTCCTCCACGAAATATACCCTCCGAAGATGGGAACTCACCGTAATAGCTACGAGGGCTTTTGATAATATCAGGCAAGTACAGTGAACGGTCGCGAGCGGCGTATCGATTCCTGCCCCGGCTTCATCCTGCTTCGAAGTTAACCCCGCTCATGACCGTATCGATATGTAATTTAGCATGCTAAGCTGCGAGCCGCAGCCCCCGGTGAGGCTTGACGCGGCATTGATCGCAAATTTAATTGGCATGTACGTAGCCACAATTTGGATCGAATAGGCTTTTCATAGTATCTCGCACACTATAACCCGATTTGGTGAATTGTCAACGGGGTCTTGGGCCCTTACTAGGGTACCTGTCCTAGACCCTGTAATTCATGCGCTACTTGGCCGGAGCTGATATGATGGATTGCGACCGACTGTCCTCCCCCGTCCGGCGGCGCCGCGATGAACCATCTTCAAATGTTTTAGTACTGGTATCTTGATGTTACGACGGGCAAGACCCGAGTTAAGAACTTACCACTACGGTGGTCGCTGACCTTGGACAGATAGAACTGGGCTCCACTTCGAGCCAAGCATGTCTAAGGGAGCATCATGCGAATACGCCTTCGAACTAGTTTAGTCTCAACGGCAAAATTAACTGAAGCGGATATGTATAAGAGATAGCGGTTCTCCTAAATGATCACCCCCCGTAACTGTGAGGTTTGTGCCAAAACAACGGATTCATAACCGGTAGAAGGGAATGCATTAGATACTCAACCGTAGCGGTTTTCGTGGACTTCTAAGTCTTGACAAGGTCCTACCCACTTTGCCAAGCGTGAGAATCTAGTGCGAGTCCTAAAGATACCCCGGACAGAGTTGAAAATCAGCTAAGGTGCCTATGACTGGACAAATGAAGGTGTACCATCCGGCAATCAGAAACCATTACCGCTAGCCCGACATAGTGACCTCAATGTCTCGGCACAACGATCAAGGGCAGCAGAAGGTGGTGAGAACTCTCGCTTCTCCCGGCACCGGCTTGTCGCGAACGGGTCCCGAGCGCCCTATCGCTTGCATACATGCAAGTTGTGTGAGAACTCGCCTGCCTAGCGTTTCCTACCAGTGGCGCCGATCGCCTACAAACAGGCTCCATCCTAGTCCTACACCTTAATTGTTAAAGGGTAGGCTGCACGTCACCAGAAACGACGCAATTACCAAGCGCGACATTAAATCTAGCCTTTCTCCCACACTTTGCTTCGGGATCGGTACAAAGATTTATCAGTAATATACTCGGGATTTACCCTCAAGACTCAGGCGGTGCGATGTTGTTATACATCCGCCCGTCCGGCCCATACAATA,1342,50.45,Escherichia coli
SEQ_203594,ACGACCAGGCCCCCTCCAAAGGCAGTGAGGCACTTACGTATGGACTTGCGTGCCAGCCTTTGATAGACGGCTCTTCGCGCCAGATGTATTCTCGTAAGTGCGTCCTGCCCACCATCGAGCGCGGGCGTCGCATGTCCTATGGTTTCGCGACGACAGCTTTCGCTCATCGACTCTTCACATGCGAATGTCCCAGTCACGTGAGTTTGTCATTTTGGCCGTCGCGTCTATTCACTTACTCCCCTGGGCTGATACAGAGGTGTCACCCAACAACGGACAGCACGTCAGAGCCCCTTATTCGGATTCTACGGTGCGAGACAATCGTAATAAGGCCCTGCTGAATATAACCGCACGGGGGGAGGGTAAGAAAGTGGTACCCTAACCCTACTTAGTGCTACATACCATAGCACCGTTGGCGGATGGGTTAGGTCTCCCGAGTGGAGTGGACGCGCCTAAACCTGAGTCGCCATTTTGAGCAATATAAAGACAGATAGTCGTCACGTAAGTTCCTTGCGCGCGATTAGGGCATATAACTGAATATGCGAAGGACCCAGCTGGATCGGTTTGCTTGTATCGGACTTTCCTCAAGGGCACACCCTCAATGATAACCCGACAGATCTCCAGTCTAGCACCTGCGCTACGCATTGACCCCCTTTATCGGAGGCGGCCGCCGACAGCTTCACTGAATCATCTATCAGGCATAATGTACCAAAGAGTCGAATTCGTCGGTCACGAGTACGCCCCTGTGTAGAATTATTAGTAGACTCTGATCACGACCGATGTATTCGTTTGCCGGCCTGGAATGGAAGTCGGCATGGAGACCCCTGTGGGTATATATGGCGAGCTCAGTTGCTAAGGAGTAACCGCTTTAAAAGTCAGGACCATTCTTGTTGGCGTTGCGTATCCAGAAAAACGTACTTTAGAATT,924,52.06,Mus musculus
SEQ_783838,GATACGATAGTGGATTCAAGGAGATGTAACTGGATCATGCATTGCATAACATTGGCTTCAATATACCATATTTCGCATACGCTAGTAAGATCGCTCATACAGGCGGGTTACCAGCTTACGGCACAAGCATATACTCTTTCTTATGAGCTGTAAACGACATTGCGGGGGATCGTGCACGCCGGGACCGTCTTCTAGGTAGCGTATTAAATCTCTTGAACACTGCCGTTGCTTCCCGCTGTTCCACTAAACCCCCCCGCCTGTTTTCCGGCGACGACGCACACACTGTGTATTCCTCCCCTGCCCTCCATGCAACGTCTGGTCGATCTGGGTGTCTAGTGCGTACATCTAGCCCGAAAGCATTCCCGCCCGTCGATCGCTCCCCTTGGACCGCTGGGTCTTGCCTCGTGAACGACTGTTCAAATTGTGCCTTTTTTTACCTAGTCCTAAACACCATACCCACGTACCGCCGGGCGCCTGCGGGCTGTGTACTTGTAGAGGCTAAAGCTTATCGAGGTCTAAGAATGGAAAGGTGCTGTCACTGATTCCGTTTCTGGACAATTTCCGTCGTTTCCTGATCGGGAACTTTGCACTCTACCGCCGCAGCATAACGAACGGACGTGGATTTCGTACATCGGGCACATGTCTGGCCACTGCCTAAGGACTAATATGAAAAATATGTAGGCCGCAACACTGCCCGCACAGTGATGCATCGAAGGGTTAGTATGTAAATCTATAGCGAGAGACGTGAGATGGAGCGCCTATTCCCGCCTAGCCCAGTGTTCTGCCACGGCATCCGACCAGGTAATCTGGCAACACACGCTTCCTGTGATCTCCATCGCGGCCACGGTGAATGGGGGTAATTTGGCGGATCCCTCGGGTCCCATTCCAGTTGCCCTTGTGGGTCGGGCCATACATTACCCTCGTCACCAAGTGAGCATAATTCTCGGGGCCGCATACACAACTCCTTTGCAGGATGTTACGGAACTAACAACGTGAACTGCTAACAAGCCTATTTACCTAGGAACTACCCAAACCCTGACTAGGGTGCTATCGTCAGATATTTTTAGCACAGTAAGGCTCAGTCGTGAGGGTGATCAGTATTTCGGTATAGGCAGTTAACATAACTTGAGTTGATTGGGGCTAAAAGCAAGCTCCTCTCTGTTATTGCGTTGGTGATAACCAGGTACGGGCTTCCAGACGTGTATTAAACCTTACTATGATCCCCCATATCACCGTCAAAGGTCCCTATTGGTGGCTTCGAAGCTGTCCAAGAAGTACTAACAGTGTGATCACATCCCTGGTGTCGTCGATAATCTCGGCTGTGAGTCACCACCCGCCTCCGGTATGAGTTCCATGTCGTAGATAATATTCGGGGGTAATGTCATGTACCGTCGGGGTTGTATGGGAGCCTGTCAAGTTTGTGCCTGGTTCTACGAGCGGACTGAGGCTTAGTTAGTCATTCATATTCCAAGCCCTAGGCAGTTATGAATCCGAGACAGTCGTAGAAGTAGAATGCGGTCACGGGAGCTGCGTGGA,1536,50.85,Arabidopsis thaliana
SEQ_704380,AGTTTTAAAGGATATGCGTTGTAACAGTTTCGGCCCCCTAACTCCCCTGGGAACTACCATATTCCGGCATCCCAAGTCCGATCACCTCATCCACCTTTTCAGTCATTACGTTTCGTACAAGTTAAAGCACCCTCCCGGTGGTTGTTCTGAATTGCCGACAGGCTCTCGTCCACACTTGTCTGGTGCGATCGAGGAGCAAGGGATACATTCTTATTTGGAGTCTGTTTATTACTACATGGGCCACGGATCCAAAGAATATAAACCTCGCGATATTAGTATCCCTGGCAACCGCCGGAGCCAGACCATAGTGCTGGGTTTTGCGCCGTGGGTGCACGGACCGATGCCATACCAATCTTAATCATCGTCCGGTGAGGGTAGGAGTCCGTTTGTGTGCCGAACAAGCCGGGTTCGGCATTGCTATCGACAAACGCTCACCAGTGGGACCATCAACCTGAACACTCACGTTTTATCCTTGCAAGCCCGTGGATCTCTAGCCTGTTACGGTGCTTAGATTAAGCCGAGCACCATTCGGCCGTTGGTCGACCTTAATACATCCGAAACAAAACATAAAGTATCCGGCCGGGTTGAGATTCCACGATCACCATTGCAAGTATGATTGCCCCATTTAACATGTGGTCTTATATCTCGTACGCCGTGTTTGCCTGTATACCCAGATATGGATGAGCTGATATAGATCTGGGTCTTGATATAGTTAAAGCCAGATACCTGGTGGTTTAGGTAACCAAGAACGCTCTTCAATCACAGTATCAAGAGAAGGGCACTCGAGGTCAAGAGAGTGGTAGAACCCTGAGCTGTTCAGGACCAGGAATGAGTCAGCTGCGTCCCGGGTTCCATCCGGTAGGAATTGTATTAACCGCGTATCACGTCCCGTTGTATTCTTGCCACGGCTTAACTGTCGTACCATCCTTCAAAACTGCCAGTGGCTGCAACGAACTGACGCTAGGCACTCCTGAAATTTCGGAGTGGCAGACCCCACTCTGTGGGGATGCGCTAAACCAAACCTAAAGAGCTTCCGCCTACCCATGAATTTAAAGCCATCCTGTTCAAGGTCATGTGTCGCTTTCGCTGGGGCGATAGTACGGTACATAGGTTAGATTCTGTCGTAGCGCCGCTGCGAGAGGGAGAGTAGCGTTGCTTTTTTTTGGACGAGCCGACCCGGGCCAGCATTGCATCTCACGCCTTCACTCGGCACGAGACACTAAAGTACGAGGAGGTAAGACACGTATTCCACGACTTCCTCTTGCTGGCTAAG,1273,50.43,Saccharomyces cerevisiae
SEQ_506823,TCTCACTTGTTCTATTGACTGCTGCTAAATGTAGCCGATCTCACATATCTACCTCAGATTCCCGGAAAATCAGATGAATGTTGAAACCATGGCTCAGAGTAACCAATTCAGACGTGCGTGTTGAAAGGCGGGCCAGTATTACGAGATAATGCATTGACTTTAATGCGAAAGGTTCTCTTTATTCCGGCAATAAGTTGAAATCACGTTGGTGATGCCGTCGTCTATCTATAGGATAGGTTAGTGATGTTAGGCAGGTCCTCTGCCCTGCAGGTTTATGACTTCCACTTCACTCCGCCACTTGAAAGGCCATACCCGGATTGGGTTCGACCAGCTGGAATAGCTCGTAGGTTCATGCGACACTGAGCATGAAAACTTAAGTGCAGTATTTAATATGTTCCACCAATCATGTCCAAAGGATAGAGTAATTAAGCTTGACATAACGAAAACGCGAACTCCCAAGTTGCCAGTTTGCAGCATCGCTACTATTGCGCCTACCTCATAGTATGCAAGAGATGACGCGTCCATCCTTTCAAGGATTTCACGCTGTTGGCACCTGCGGCCCAGCTCCTACGAGTAGCGGCAGGCCTAGAACTCAGAAGCCCGAGCATTAGGGGGACTAGGTCTGGGGTCCCGCGTGCTACAGGGTATCCTCGAGGAAACGGTAGCTATACCACGGTTTGGACTCTAGGGAATTAGCCCCTGGATGTAGGTAGCATCCACCGTTATTTTTCTACCGCAAATCTTGCCAGCCTACTCGTATGACAACCCTATGAATTTACCCGAGAGGCTCGCCCTCCGGTTGTCTCGAATTCCGGTATAGACGCGCTGGACTAATCTATTTGCTAGCTGAAGAAGACACCCACAAGCCATCATATGGCAAGTCCCTAGTGTGGATGACGCGTTTACAGAAAAAACTGAGCAACTTGCGGTCCTATCACGCTACCATGAGTAATGGTTAGGAGTAAGTCCGGTTAGCCTCAGCAGGATGAGTATTTCGACGTGAGCATTCGCCGCTCGCAGAAAGCGGCTTATTACATCGCCGCCAGACAGTCTAGCAAGACATGACACGAGCGTTTGTATGCAGTGAAGACATGCACTATTCATTGCATCGGCACAGTCGCTCTAGACTCGACTATAGCCCGACATAGGTATACGAGCGACGATTGAGCGGCACTGCGCTACTCTCGCCAGCTCCTCAATGAAACTCCGGTAGCACGTGTGCGCGGGTGGATCTCATAATTGGGAGCGTTCCTGTGAAAGAACGTGTCTTGTGGTATCCTCGACCGCCACTCGAAGTGTTTTGTAAACCGCGATCGGACCCCCTCAATGCATGGGATGTTCTCTGTGAGTTAGATGATACTGAGATCCCCCCAACACTTCAATATACGGTGACTGGTTCAATCTTTCTACAAGTTTCCACCGGATGCTCGCCCATTATGCTTCGGTTCCGTCCAGCACCGAGTTTTAGTCTTTCCATACGGGAGCGCGGGTGAGGGGCCGGTGACACGGTAGAGGCCTAAGCATCGTTTCATCATAATAGCGAAGGATATCTGTGGTCGCGTCACCAGCAGAAGCTGTCGAACCAAGCTCTCTCTCTCTCCGATTGTCTCCGACACTCAAGATCCCTAATGTTGAAAAACCAAGGTAACCTATCTGAGCAAACTAGAGTGGATTTTCAGACTGGCTTAACGTGGAATGC,1699,49.44,Saccharomyces cerevisiae
SEQ_176642,TAGGTTGGTATTATTGTCAACAAGTAGTGATTGTTTCAGGATTGCGCGCCAATAGCGTCTGAAGAACGAGAAAATAGGGGCGAAGCGCAACACAGGACGTATGAGTACTTCTCGTAGGGATGTCGTAGGGACTTCCGGGGCCCCATATGCTCGGGATCCATACAACAATGCCCCTCTTGTCTCGTCCGGGGCAGGCGAGATTTGAGTGGACCTTGCAGATTCTACCTGCAGAAAAGGTAAACAACGTAACAAATATCCGCAAACGCACCTCAGGCGGGACTCTGTACTACACCGCGCGTATGACTTTATCGTATGATAGATTCTGCGCCTTTAACTGCGTCTAGTCTATTTTAGGATGTCTTCGCTGACATGGGCCCGGGTCGTAGGGCGGTGGATACGATGAAGGAAAGATGTAGAGCACCTCTGATCCCGCCGGCTCATGTGTGGGGTACGACTCCATTTCCTCAACTGCTCGAGCACTACTTACAGATGGATCTAGGCTTTGTGACTGGATGGTACGCGCGGTCCTGCACCGTAGTATCCGTTTTCATTATCGGATTCCGGACCGTAGAACAGAGTCTTGAGCACTCCTGTCGCGTCCATCTAGTCTGCCCCTCGTTACCTAGACGTCCGAGTGGTCAAGCTGAAGTGAATACTGTCACGTGTCTGTACAAGTGTTCTAGAAGCTCCGATCCTTGTTTGAGCGAGCCGGCACACGGAGTATGTGTCACTTAGGAGCATGCGACGTCTTCTGGTTACATAAATAATTCTCTGTCCGTTAGAGGACGATTACAGTCTCGTCGTCCTCCGGTCCCTAGTGCCAAACCGTAGTTTGGGGATTTAAGTAGATGACCGACGCTCCTGTACACCGCCCGCGATGCTCTGGAACCGGGCCTAGATCCAAAATCACAAGCCGGAATCAAAGAAACAATTCCGTGGAAAGCATAGAGTGTGAAACAGAGGTCGAACGAAGCATCGATGCTGACTATGTAGCATGGGCAGGCAGTGTATCATCAGTTTGTCCGACTTGCTTGAGTCTGCGATTGAGTTCTTCTGGGGATGTACGATGTGCCCGAGTAAGCCGAATACCTAGTAACGGTGTCGGGGGACGCGAGGCAGTGCGGTCACAGCTCTATTCGCTCCCCCTAAGATGGGACCCTAGAATGTATCGCGGGTCATCATTTGAATCTAGCAATATCGCCATGTTCTCCTTTTAGGTCTTGGGAATTGGAACACCCGCGGGTCCTGCATGCGATAGAAAACGGAATCTAATTTCGCGATAGTTAGGCAGAGGATAGGAACCGCGGTGACCCAGCAAATTTGACCCCGCCGCCTAGTACTTTAGGGATCATTCAAGCCAAGGAGCCTGGCATTTAGGATGCATCTCAGGTATCGCGTTCATCGAAATATAACAAAACGTAGTAGCTTGCTCTATTCTCTTGTAGGACGTCGGGTCCCTCATTGTTGACAATATTTCAATGAATCGGTACAGTAGTGGTATAGAATTGTGTCCTAACCCACTCGTAACTAATGGCATAGTGTAATCTAACTTATGGTTGCCTTTACCACACTCTGGAGACAAGCTGGCCACTTACCACAACTGCCGTGAGACTCCCGGGGCCCATTTTAAGCTTTAGGTAATATCAGACTGCGGACCTAAGACACATCCAGCTTAGAGCCGGGTGGGTGGATGCGTTGTTGCGCACAGAATTGCCCATATATACCTACGCTCACTAAATGAGATCTCTATTGTCATACCGCACAGGTAATGATACAATGCACCTGGTTGCAAGCAGGTGTGTCGACGATAATCCCGGTAACATTCAGCAACACACAATTCTTCCCGCAAGTCGCGGAACGGCCATTGCATGCGTCGCGTAGAAAAGCTGGTACCTCGATAAACGACGGGAGCAGGTGCATCTGCCCTCCTC,1931,50.18,Escherichia coli
SEQ_404179,CGTCGCGCTGCGGTGATGAGCGAAGAGCCTTTGGAACCAGGAAAGTTTCTCCCTCCGTAGCGACGAAAGCAGTCGGCATGAGGGGAAAAGCACTAGTAAAGTATTGTTGACTGGTTGAGCTTTAGATTTTCCTATCCTGCTATTGGAAGGACCGCTAAACGTTATGCCCCAGTAGGTAGACTGTTATCTGGATTGCACTCCCCACCCGACTAGGACCCTGCTGCGAGGATGTTATCCTAAAGCTACCCTGAATAGCCTTTCGCCTACCTAAGGGGCCTTACTGTCTAGGCGGCTGCTGTAATAATGCTCCCTCACAATCCTTTACCCACTCAGAGGGGCTGCTTGTCCCCTAAGGGCCTCCTGATCGCCAACAGGTGGTACGCAATGAAAGGGGAACTGTTTCAAAGGGTGATCTGTCTCCTAATCTTCGATACTAGGGCCTTTTGCACCACGGTCCGTAAACCGCAGGGGGTGAGTTGTAGCATGTCCTAGCTGTGGCGGTCGAGTGCAATTACTCCGCGACGAATAAAAAATAAAGTTACGTCGGAGATGCGCCATTTATAGACCCGTAAGTGTGGTACGAGTGTGACCGGAAACCTATC,602,51.33,Saccharomyces cerevisiae
SEQ_972384,GGAGGCCCCCGTAGGCCTGCATGTTCAGTTGGCACTGAGGAGATTCGTGACTGCTGAATAATAGGTCAGAATCATACAGTTTTAGAATATATCAATCCCCTGGTCTAAATTCAGCATCTTAGTCCCACTACGCCCCCTAAAATCAGCAACCGTGATAGACAGACTAAGAGGGGCACCGGAGGCCACCCCGAAGGTTTAGCAGCCTAGCGAAGACACTGGTAGGACTCCCTAACCTGTTCGTGCGGCGGCCACCCAAGCATAAAACGTACATCTATGGGACCGGTCGGGGATCCAACCGGATCAGCATTTCCAAAGCATATGGATACCGCACCGGCGCTCATCCAACCTGGCCACAGATTATCGGCACGAGGGGAGGTATCGGAATGGGACAAGAGTTTCAAGGAATTTAGGCGCACCTGGACAGTCGCGCATAGGACTTGTCGTGCATACAGTGGAACGTTCTAATAATAACCGTCTGAGAATTTAGGGTCACTCGGCTCCGGAGGCGTGGTGGTACCCTCCTTCCCTGAAGAGAGCGCGCCAGCCAACATTACCCTTCGGGCTCCTCACGAGTTTGCACTCCATTATTACCAACCTATGGAGGGGTCCTCCCATACGAACAGATAGGCGATCATGGATGTGCGGTCTACAGATACCTCACTCCAAGATACCGCATTATGGACTGGAGCCCGCGTTAATTGGGCGTCTAGGGACAAGTTTCCATGTTGCACGAGTCCCCCTACAAACGAGCCCCCCTGTCCAGCACTACAACATGAAAGTCGTGGTCTAGTGGGGTATTAAACTAGCTCTTGGCCCTATGGCCCCTCGCAACTTATACCATCTTCTTTTGTTATTCATTAGCGGTCTAGCAAGCGTGTATTTGCCGTAGGTCACTGTTAGGAGCGACAGATGGTGCTGAAATGATGCCAGTAGTAGTCAGGGGCTGCCTTGAGTGAGAGACCTATGCTCGCCGGAAAGGGCTAATCAGGGGATCTCGCTTAACGACAGCCGCCTGAGAGGGCGACCTAGATCGTCGAGATTCTGGGGCGCGCATTTGACTAGTTGGGCTTCTTTTCGACGGTAAAGAAGTCACTAAGCATATTGGAAGGTTATACAGAGAGGGTTATGCTCCTGCTGTCCGTGTGTTAGACCCACGCATGGAACCCCGAGTCGGGTTCCTCATCGAACTCCGACACCCAATCCCGACTTGCACCCCTTCTCCTATACGCATCCGCATCTTGACTATAAATCGCACTTACTAGTCCTAATCGCTCCTTATCTAAACTGGACCTCCATGATACTCGTGCTGCTACTTTGATTTCATGAGGCCAAAAGTTTCACGATTGGTTCTTACTCGGTCAATGATTAAGAGACTGGCCACTTAAAAAGCTAGAGATTCAGCGTCCGGCTTTGGACCAAGCAGGTATGACCGCAGGTATGTGGGAATAGACGCAGGAGCAGAGCCGCTTGAACAAGCTCGACTCGCTCCGTGTTAGGGAGCCATTTTCCGGTGCTGTTTGGCCCATTCTAAATTGCCCAGTTGGTGTACACGCAGCTGCCCGGAGGTTGGGTGACCAGAAGCGGTTCGGTAAAACTAGGTAGAATGCCCTCGACTCTCATGCGTCTGGTTCATTCGGCACTACCGATGGATTAGACGATACTGGTGAAGGTAGAGCTAAGCATATGCCGGCTGGC,1695,51.98,Caenorhabditis elegans
SEQ_763527,CCGTATACCTAGAGAAACACAACCAGCACTACATGAACGCATCGGCTTTAACCGGCATGATATAGTTCATAGCTTGAAAAGCAGGGGCTATATACTACATTGGATACTCGCCCGCCCTGGCTCATTCCTAGCTGTCCGAATTCCGTCTGAAGGTGGATCACCAGTACCTCGCGCACGCCGTAGCTATACGATATCGTCAAAACTCACCAGAACGCCAGGGGTTTGCTGTGCATGAGTGCACCCCCCGTTGCCGCCACGCGTCCGTAGGCCGAAAGTATGTGAACTAGTCGAACGGTGCGATTGCAGCAACCTCTGAGACCCCGCCACGGGTAGCGCATAAGAACCGGCGGTTCGGCGGTTGTAAATGGGAAAGGTCCTTGGCGCCACACAAATTGCTCTAAATTGAGCTAGTTCACACTTGAGGGTAGCAATATCCTAACCCAGTCTATTCAGAACACCCTTTTATTCCAATAAAATAATTGAAGATATGTCGGCTGCTGCCCTGGGCGACATGCGGTAACAATTGGTGATGACGTCATCCCCCGGCTCGCGGTTCAGGTCAAATCGGAACCGAGCTTCTTGATTGGGAGGTGTTCCTAGCAGACTGAGGAGTCGCACAGCGGAGCCGGAACGCTGGAGCGCAGCCACGTCGGTCTATAATTAGGCAGACGCGATACCATGCGGTCTAGGGGGTAGGTATCAGCCCTTGAGTGCGGTATCATAGCCTGAGCAGAAGGAAGTCAGCTGTCGCCGTCTTACAGGCTTGAACTTCTCAAGAAAATATCCGGAAGTCAACAACAGACGGGCTCAATCCGCCTTGACCTGGGAAATCCTCGAGAGTGGCTCGTTTCACACCACACATCACCTTATAAGCACAAAGATCGGTCTCTTCAGTTTCTTTTTACCTGGAGCTACAGATAACCCGGCGGGAACATTCTAGCTCGTAACCCCCTGCAGAGCTTTCGGTTCATCCGAACTGGCGAAATATTAACTGAACATCATGACTTCGGAAATTGAAGCACAAGGCGCCTCCGCAAGA,1039,51.88,Mus musculus
SEQ_570049,GCTTAAACCGATGTCTGTTGGCCCGCTCATCGCCATACCAGTTGAAAGCCTCTTGAAAAACGTAATTAATCTGGAGGAGCTGCCAGCCTGAAAATGTTGGCGCTACTGCCATCTGCCACCCTCTCTCGGAATAGCGTTGGAGTTACCGGTCCGGCTGGACGCATAGTCGTGGACGTGGCTGATCAGATACTCTACACTGTGGATCTGCACTTACACTTGCGGCGCCGGGCGCTATAGTTTCTTCTGATAAGGGAGCGAGATGACTCGCGCTTCTGATTTGTTTCACACGACGTGCTACCCCTATCAGATAGCGGGGGAGCTGCTCC,326,53.68,Homo sapiens
SEQ_173646,ATAGTTTTTAGGAGAAGGACGTACCCACCCTCCCAATGTCTTTGTAAAAACGAGTATGTTGGCACTTGAGCGAGAACGCTACCGCACAGCGAGCAATCCATTGTGTGAAGCGGTGTCAGACCGGCCCATTGAGATTTATGCCAGCTAGACATTTGACGATAGACCACCGTGGCCAGCCTCCCTCGCTTAAAGAGTGATAGTAAACCTCAAATCTCAGCTCCGCCGTAGCCTTCTAGCGCTGTGCACGTCATGTTCACACGCACACTTTCGACAGTTAGGCGTGAACGGATCGACCTTATGCTAGTCGTTAAGGTGACATCGGTATTATATCATAGTCAACTACACGGTAAGCTTGCGGTTATTATTGTGATTGGACATCTATCTATTTCGCGCGCACAAGCCGAATCATCGCGTATACTTAATTTACCGGACTGAGGGTTCGTAAGCATTCGAGTGAACTTTTCAACGGCATGTGTCTGATTCAACAGAGTTATCGCGGACCGTCTGAGACGC,513,48.15,Escherichia coli
SEQ_877491,GGACTTGATTTTCGGCCGGCCTCGTCCAGGTCCAGTATTGTACGCAGCAATGAGGGATTACTGGACCGTGCTGAGCATGTGCCCATATGCCTTCGTAGAAGACAAACGCAAAGCAAGCCCATAAAACATCTCGACCTACCATACGAAGAGAAACGAAGGCACGGCATTACGCAGGGCAGAATGAACTGCGTCGATCGGGAAGTAGGATAATCCTCGAAATGCGTGGGCAGCCCCATCAGCACCACTCAGCCCGGCAGTTTTGAGCGAATCATATTCAACCAGAGCAATGCCATCACTAATACCCCGACCTGAGCAACTAGTCGTTTCTCCATCGAACAACTGTCAATTTACTCCAGGGTGCAGTCTAGGTTTAGACTGATCGGTAATGGGGCTTATGAGTACTGTCGTGCCCCAGCAAGAAGGTGCTTCTGGAAGCTAGAAGTCTCTACGCCAAAATATTCGAGAGTTAGAACCTTGCTAGTGTGGTGCCAGCAACACCTTTAATTTAGCTCGTTACTTAATCACAACACCTCTATTATCAGCAAATATTGTGTTGTTCGTATTTAGCAGCACCCCCTCGAACCTAAGTGTAAGAGCAGTGGTTCGGGCTAATAGTGCTATAATCAGTTTTCGTATGAATGTGAATTTTGAAGTGCAACCTTCTCGGAATACATCTCTATTAGAGCT,687,47.16,Drosophila melanogaster
SEQ_170022,CTTATTCTGCAGACCGCAACGGCGTTCTGTCGCAAGCGATACTTCTCACTCCTGGATTGGGCCTTAGTGGTGGATAGACACGAAGTCATTACACGAAAATCCGGATATTGGTAATATGTACACAGCTAGTTGGAGGGGTTCATTTAGTTTCACTCAACGATATCCTAGGCGTCACACCCCACCAGCCAGGAATCGGCCGTGGGTATCGTATCGGTCAGCCTGAGACACAATTTTTGCTCAACCCTGGAAGAGCGACGAAGACTCGAAGGGGGTAAATC,278,50.0,Arabidopsis thaliana
SEQ_530506,GTCTATTGGTGACAGTCTGGCGAATAGGGGATTTCCCGGCAATAGCGTTGCGCACGGGCGACCTTTTCGCAAACGTTGCATAGGATGTCTATGCGGGAGTACAGGCCTGAAGTGCCGGCTGGCAACATATTGAAACGAACGTCGGAAAGAGAGCGACGATATGGGATAGGAACAGGGGGATCCGCGAC,188,54.79,Drosophila melanogaster
SEQ_914901,GCGCCGGTTTCCCCGAGTACCCTGGGGGTGTGATTACTAGGTGTTGATCTCCTTGACCGCCCCACCTCCCTCTCATGAACACCAAAATGGTTACCTTCGCGGATGAGCCGGATAATACACGATCGCCCGTCGTATGAAGACAATGTCACGTGGAAGCCGTCCTGCGTAAGCAAAGGACGTGCGAGAGGTTTCGTTAGTCTTTGCGTGTGGCGCTCGAGTCTCAAGATAGTGTAGTGGAGCTCACTGGTGTTAACACGCAAGTCGTATCCATTCAAAGCATCTGCGCCTCTCCATTGGAGTCATATGGGAGTCGACACCGTTAATGCTATGCAGCAGATCGTTTGTAAGACGACTTTTCACCACTTTAATGTCAAATAACATACGGTCCCGTACAGGGACCCCTCCCGAGACGTAGTGATATATAACCCTCGAAAGCGGAACCCTAAGCCAAAATTAATCAACTATTTCTCGGAGCATGGTACATCACTGTAGCATAATCCTAGTTGGTGAAGCTCATGTACGAAGAAAGCTAATTCAATCGATAGGCCCAAGACCTCAGTCACGGGAATTTTTGTTGGCCCCGACTAATGTAGTCACCTAGCGTCACTATACCGCGAGGAGAATCGCGACGCCTGCCATCGAAATGTTGGAATATTTCTTACAGAATGGTATATGGGATTACGGGACCGCATTATTATATAACGTTGTCCAAGCCATGTCAGATCTTATAGAGGTCCGACCCGATCGTCCCCAACAGAGGCGCAGATTCAGACGGAGCTCAGTCATCCAATGTTAAATCATTCTCGTCCTATAATTCGACACACAAGTTGGCGCAGGGTGTTCCGTGTCTTGCAGAAAGTGGCTCGCCGTCCAGTCCACGCTGGTAAAGCCTACAGTTGAGCTATTTCCTCACAGGCCTCGGGAAAGTTGGTTGAGACACAAAGCCGACGCTGGAAGCGAATCACGCATTAGCCTAAGCTGGGGACACACTGTTCAGGTTATAAGCTCCTTCATTTGTTACGTGAGGCACGTCTACTATAAATAGAACTCGTGGATT,1057,49.01,Homo sapiens
SEQ_428049,CGGCTGTACTTCAGTTCCCTGCCACTAAGATCGGCAGACCGCCTTCAGAAAGTATTCCCGCAGAGCACCTATGCGCAGAAGGCCACCTCGGTGCCATATTGGAAGGGGGCGTCTCATGGTCCTGGTCGGCGAAGCCTCACCAGTTGCAAGAGCAGCGCCCTCTATCGTAAATATCCCTCGGCGCCCAAACAGTCTTACTGGACGAATGGATAAAGGATCCCCTACCCTGTCGCATAAACCATTGATCTCGTTTGTGCAGCGTTTTCTCGCAGTCGGCCGTCGGGCCTAGGTCTGGCAGCTATAAGCTGCGACGGGGCATGGCTACCCGTCCCCAGTTCAGGCGATATGACTTGGGAACCCGGGGATTATGGCTGAGGTCGCTTTCTTTAAATTTTGGAGGAGATTGTTCGAAGACTTATAGTCTGTACGCCCTAGTACGACCTGCCTCTGTGTTCAGATTTCCCTTTCCACGGACGTTGGTCCGATAGCGGTTTACTGCGCCCCTATTACCTA,513,54.58,Arabidopsis thaliana
SEQ_992054,GGTGGAAATCTGCCAGCAGGGCGACTATGGCCTGATCGCTTAACCTGCTTTTGCGGCTACTCCCCCGAAAAGAATTCGCTGGATGCCAAAGTGGAAGAATCTGCTTTACTAAGAGGGGTAAGATTTGGTTAAACTGGGAGAATGATTCATGCGAGAGACAACCAGGTAAAAAGCACCCAACATCAAGTCGCAATTTGCGACGTGTGACATAGACGGAACGACGCCCAGCCGAGCATACAACCCAGATAAGCAGACTGTCGAATCACCGCGTCGTAAACCCCCACTACCGGGGG,293,51.54,Saccharomyces cerevisiae
SEQ_967266,TTCGAGGAGTACGAACAACTTTTTCGGGTATAACAGCCTTGGAGGTTATAAGGTCGGCCAGAGCTAATTCAGTCTCGCCGTAACAACTAGAATTCAGAATCTAAACGCCCGCAGCGACTCATAACCCTTCCGTCTAGGGCCTACATCATGGTCTCCAGTGCCGTGAAATTTCAGAATTTGTAGCTCGTTGAAGTCAAGTATGTAAAGTATTACTCTTCCAAACGTGTAGCTGGCGGGCAATGGTTGTTGAACGTCACTCACTATTATCCCTATAAGAAGAAGAGGTGTGCATCCGTTTTGGAGGAAGGTGCCGAGACGAGGAGTCTTAGATTGTCTGACCGAAGATTAGCCTCTCATGCCCAGGCAGTCTGAAGAAATTCCAGTTGACCTCGAACACAGCAGGAGTTTTAATTGGGAGAAATCCGGAGTCCGGCGTCTGGATCCCCCGGTCGGCCACATGATGTGCTACAATTTGAACGTCGAAACAGACGTCAGAATAAACGGGGCCGAGCCCAGGTTTAGGCTTAGCAAAGATAACGCATAGGCGGTCTACTCACAGGAGATCTGCTCATAACTGTATCACCCGCGATCCTTCACAATGACGGGTCTTATCGAGTAAAGGAGGGTGGCTAAGTGGGCAGGAACATTACCCTTCTAGCGATGTGCGCTCAATCGGGAGAGTGCTATCACAAGAGGACAAGCGGATCACCCGGAACTGGACCGCTGAGTCGATGTACCAGAGCATGCTCTCAGGACGTTTACGCGTCGTAGGGAGCTTTTTTGCAAGTAAGGGTCCGGATCACAATCCACACCACGTTGAATACAGCCCGTCAATGTCCTGACAAAGTCCACCTCCCCGGCTCCTGATCAATATGCCGCTTACGCGGCCGATC,893,50.39,Arabidopsis thaliana
SEQ_579608,ACTGGGCCGGGTGTGATCAGCGATGACAATTGAAACGAAAATAATGTCTCTGATCGGTCTTAAGCCGACGCATCAATAGCCACAACAACCCACTGTTACGATCAACGCATAGCCTGGTATCCGGCCTGAGTGCGTGAGAGATCCATATGTCCGGCCGTCTGGGGTCTGGTAATTAAGCTAGTTACGACCGACACAGATGATGCTGATAGTCAGCTAGGAACACGCCAACGAATAAACTAGGAACCATTCTTCGTGCCATAGCTCGAGGTGCTCGACCCTTTAAATTGTGGGTATCCGAGACGCCTTTCGAAATCATCTGTTCACGGTTAGTCAGTACTCCCCGAACCTTACTTTATGTGAATAAGCTAATGCAAGCAATGGCGTCTATTCGTCTTTGCTCTTATTCATCGAGGGCGACAGACCAGTCACCCTTGATCTACTTCAGTGCTGAGACCCGTCTTCTACTGAGCCCTCGGTTGGGAGGGGGAGAGGCCCAGAGTTATATAGTAGGCGAAATGGGCCCTTGATAAAACTGATCTATAACTGCTGCCCCACGAGATCGCGATCCATAAATGGCGACGGAAGAA,587,49.4,Caenorhabditis elegans
SEQ_636834,GAACACGCGCCACCAGGCTTGTCGAAAGTCGCTGGTAGACGTATTCATGGGCACGATGACGAGGAGCGGGATCAAGGAATTTACAATCTCCGCTATACTAGAGAGACTTCTATACTCTTGAGGCGCTTCCCAGGTGTATAAGAGAACTTTAAGCTAGTATGTACACACACGGCCGATATTCTTCGTGTAGAGCTTTACTCCATACCGCTGCCGGCCCAACTACAGAAGGACTCCGGTGTATCAACCCCACCAAGGGTCAAAGTGCCGTAAATAAATTAACGAAGTCCCCATCATAAAAGGATTCACTGCACTCTACGAGCCCCGGTATGCGTTTAGGACTTCGACCGGTGTGTTATCTACACAACCAATTTTAGCAAGTAATGTGTATGTGTGCGGGCGACACTGTCTGAGAGTACGCGCAAACGTATCGATACATACAGTTGTCACAGCGCGTCGAGTTCAATTGGTGAGATACCTTAAGCTTTAGCGTGTGGAATTGGGTGAGGGGACACTCAAATCTAATCTTAGCTTTACGGTGGTTAAGAGAGAGCGGTCCTCTACTTTGAGAGTTAAAGACTTGTTCTTTTGCTTTTTACTCCGGTTGTGCTCATACTGACTGGTGATCGAGTATTGGGTTGCTCGGCGTGATAGTAACGAGACCCTAATCTGGCATATCTGGAGTCGTCGCTTTATCTACTACAGCTCTTTCAGCGCGCCGGCCGTCAAAGGTATCGGGCGAGCCTCGTCTCCCGCCGCGGGGCAAACTAGGCAAAGAGGCCTCTATTCTAATCATTTGAGTTTCAACCCGACGCGCTCAATCATTCCTGACACCTATATTACTTCTCATAACAAGTGACTCTTACCTCTTTAAGTCTGTAACCAAAGGCATCGTCACCTACACAACCAACGGCGCGTTTTGTCCTGTTAGGGAGGAAATGACCCTGAGCTGTACGAGCCTCTTTCACGATTATCGCTACGCCTGCCCGCCCGAGTATACTAGACCTTGAAACCACGCTGGTCCTCCAACCAGACATTGCTCACTCTTTTAGTGTATACATTTGCTCGAGTGCAGTGTTAAGGTGAAAACAATGGGCCATGCGCTCGAGTCACCATCCGGCCCCGAGAATAGACCTATCCTTCCCTTAGATCCGCCTGCCTAGATCAGCGGTATTAGGCACTTCAACTACTATTCTTATTTCTCCATCGCTGTCCTTCATCGCGCGCATTTGTCGTTCAGGTCACCTCAGCCGCTTAGGGTTATATATCCGTGAATGTGTTGTGGAATTATGATGTCCGGGTTCGACAGTATAGAAAGAGATCCGGGACCGATCACCGATGGAATTTGCACCCAGATGCAACCAGTGCGGTAACCTAGGTACCAATAACCTACCCCAGCAAGGC,1401,48.97,Arabidopsis thaliana
SEQ_832883,GTCGCTGGGACCTCCCCTTAGTAAGCCACTGCGAGATCATGTGCAGTATCTTTCTGGACCTTATTTAAGCTGAAATGTACATCCCTCAGCAAAAGTTTATACTTGGGAAAATAGGGTTGACTTGCAAGTAGAGGTGTACCGTTGACGGCGACCACCGCCCGACCCATGATATGCCGCCAGGGCTCATTTTGGTTCCTTTCACACTCGTATCTGGATTAGTCGGGTTGCCCGTCACAACAACTGGTGGCTCCATCCTGCGTAGTTGGTTAGTTTTGCGAACGGCAGCGACCGAATATCCAGTTCAGCGAACCCAACCCCTCTCGGCTTCCAATTCCCCCCAAAACGTAGCGTACTCTGAGGT,361,51.52,Caenorhabditis elegans
SEQ_931495,TATCGCGGAGTGAATAACGTGAACAAACGCGTCCTGCCCTGTCGGCAAGCTACTGCGAATGCTGCCGGGGGGTTCCAGTCTGCAGTAGCAGGCTGACAAGACATGACATAAGTGTATTGTCACTTTGGGGGCGCCCTCAAAATACAGGTTAGCCACGCGGCTACATATACTAGCGTACATTTTTAACGGCTCTGTCATGCCTGGTACGAGAGATCAGAAGCGACTGATCCAAGATAAGTAGACACTCCCAATACCGAGTTATTGTTTAATCACCACATTATGTCTGCCGAACTTTCGCACCTGCTGGAAGATGAGGATACAAACCTACCAGAGCGTTATACGCGGTCCAGGCCACTAAGAAGTCGCAAGAACTTAAACTCCACTGAATCTAAGTCTTGAGCACTGGATATTTTGAATGCTCGACCACAAGCTCTACATAGGGATGCCGGCTTCGCTTCGCCCTGAGAGGCTTTTATCGCACTCTTCCACTGCATATCCGCCCCGCCAATACCTTGACTTTAGCGACCTCGGAGTCGTTTGTGCAGAGGCGTTCCCTTGGGCAACTGAATTGCCTAAACTCCACCCTCTAGCCAGGGGCAGCCTAGACCGACAAAGATAAGTACCGGCAACATACACGGTCAGAATACTGGGCGACGAATACGAAAGGGCATGGTTTAAGATGGCCCCTCTCGGCTGGTCCTGACGCCCCTCTGAAAGTTGAAGACAAGTAGGGCCTATCTCTTCCCGTCATTGTAATGTCGTGAGGTGAGGGCCCGAAATCAACGCGATCAGACTCTGCAGGACGCGTAAAACTAAAAGCCAAACCTTCGATGGGTGGTTCATCATTCCACGCATAACTAATATACATTCTCAGAACCGCTGCCTGCGATAGTAAACATCGTATCGCGACATCACCGTCCAGGGCATGGCGGAGAAGGAGGACGCATCTTTGTGACCGAGCTTCATGGTGGACGAGGGGGTCATGAAGGGGTTGCGTCCTTCCTCCGCTATGCAGTCCTCGGAAAGAGAATGTTTCATACACAAAGGCCACCGAAAAGCCTTAACACATCCATGCCAAATAATAGGTCACCTTGGCACGTCTTCGCAGTCATTCTGTCTTCAATTGTTGAATTGATGATAGATATAAAATGCGCCTATTTGTCATTTAGGTTGGATTTCAGCACGGGCAGGGGTACAGACATCTCCTCAACATTCGGTTAAATCAGAACTAACTCAAGCTACCGGCTAAACTGCTAAGATTACAACAACCAACTAGGGTGCCTTTCAGATTTGATAACCGACTAGCACAATCTCTAGCACCGTGATCTGATCGGCTCAGCTGATCCCATGTACTTCTCCGATTCAGACGCCGGTTATGTTTCTGGTTGCCTAGGAGCTCGTGCAGCTCCACTGGGCCCGCCTCGCCCACCTCAATCCTCCAT,1442,50.07,Arabidopsis thaliana
SEQ_332122,GCAGTACTTGTTAACTATGCCTACCCCTAGATTGTGTTTGGGTTAACCTGCCCGTGCGCTTGCTCGCCAGCAGGGGCCTCCTATATAGAGAACGAGGTGAGGGGCCGGACCGGGGCGGTTCCAGGTCCCGGCTCTACCATAGGAAGGTTTCCAACTTTCGATCTGGACTATGTAAGGCTGCTGCCCCACTATACGCTTTCGTACGCGCATGCGAGCGCGAATGTGGTGGTATACTTGTCGAGGCATTCGCTAGCCTCCGTAGGTATTACCCTTCGCTGGTGAACCGATAACGGACCTTCCACCAATCATTACTCTCGGGTTCGAAATGTTTCTGATAGGTGGATGCGGCCTCAGGTGGGGGGTATACTTTGGTCGAGGTCTGGGAAAAAAAAGATTCCGTAGATCATCTAGAGTAGAAGCTGTCGTTACGGCCTTTATGCGGATTCGGTGCCGAGGCCCTAAGGTACTAGACGAAGAAATCCAGATATATCCATTAATAGCTTAGAGCCGAGTGTAGCCACAAGCCATTTTACCTTCGACGATATCAGCGGAGTAGCGCTACGATTGCAAACGGTTCTACGGTGCTAACGAAGGGTGAACTTGACATCGTGCTTATGACCCTGGATATACTGAGCGAAACATAATTTTACGCGATCCGGGTTTTGAATTAGAAACGGCGGAAAGTTATGTCCCTCAAATCCTCAGTCTCCGGACGTGCAACCCGTATTATCATCCATCTACGAATGTCTGTATTTAGGGGTGTTCACCAAGAACTTTTATCAGTCCCCTCTAATCCTATAATACAATTACATCTACAATCCAGTCATCGCCTTACCTATCGGGAAGCTATACGTGCAAGCCTCGCATTGAACGATACATTGTCGTACCTTCACCCCGTTTCTGGAACCAAGCGAGGAAAGCCGCAGATCATGCCGGGAAAATTCTGGTACCCAAGCGGCAACCGTCGAAAATCACCCCATCATGACGTGGCCTGCCCAAGGACGTAGAACTAAGCCTAAGGGTTATAGTGAGAGTTGATGCGCAGCGTCGGTCTCCTGTGCAGTTGATAGGTCCATCGCTGGTTAACGGGTTCGTGGATTAGCATCGCCTCGCCTTCTCGAATAAAAAAAGTAAGTAGTCCTAACAAGAGTAAGCCGCTCCGGTTGCCAGTTATGGGGTTACCACACCTCCGTTTGTGGCTGAGAGTAAAATACATCGCTATGACGGAAGATGCATTCTTATGACGGACAAGATGGAGAGCTTCTCAACTAGGACGCCTGTTACAGGCAATCAGCCGTTTGGACACCGTTCCCAATCACGGTTGAGAGAGCAT,1333,49.81,Escherichia coli
SEQ_128286,ACCCGGCTTACAGGCGAGAACTGAAGAACACCAGGTATGAGGCCGACTTCTTCTCCTGGACAGACCACCGCTCCTTCGAAAGCAATGTTTAGTTATGTGCGGATATTGCCTATAGTGTTCCGTGCGGTTTACTATACTATAGCGCGTAAACGCGGAAAAAGGTCCGACTTAGGCGTAAACTCCTTCGCTACATCATAAGCGCCGGTTGGGCGTTTTCGCAGATCTATAGGTGCGACCATTCGTGTCCCAGTGACCCGTTAATGTGAGAGTCTTTATTCGGCCAAGTGTACAGCGTTGCACTTTGACGTGGAGCATGACGAAGTGGAGTCCTGCTGTGCGGAGCTACTTTTCATCTCATTGCCATTGACTAAGCTGAGCCGACGATAGGCGATGGTCCACCTCTTGCCCTGCTAACCCTGGTTCTCCACATCCTGTGAGAGAGCGTGCTGGTTCGCCAGCCCCCTGTGCGTGTCACGACGACTCGCTCGACCAAGCTCCGTCACCGCATATCCGTTGAAGCAGGACGTCCTTAAATGAGTGAGGTAGCCCAACATTTTCTCCCGAGTAGGTATTAAGAGGGGCACTGACAGGCCGCGTGCTATCTACCCCATGCCTTAATCTTGTGTCGCCAATTCATATGATTCGAGTACCGTACCTTGAGGAACTGAGCGAGATTAATAATCTATAGCTCGCAAGACAGCCGGAGTGCGCGACTTCGTCTCCGGTTACGGAAGGAGGAACAGCTTCTACTGCACACCATAATTACAACAAGGCTCGGTTACATCGCTATTTTAGTGCGGCTATAACTCTCTTTTTACCTAGACTTCGTTCAGGTTTAGTCTGATTAAGGTCTCCCAGCCTTGACACTCACGCTAGAACATTAAACTGGGCTCGGTCCTCATGTCGTGGAACACTGTGTCATAAGTGGACAGGTGTGACACGGGACGCGGTTTACATTGTTGGACCCCGAGAATCAGCTATACCTATCGGCGAGAATAGATGCGCGTGCTGGCACTATCTTTTGACTTACATGACTCCACTACGTACATAAAGTGGTTGAACATCTTGACATTCTTTTTTCACACCAAGGTGAGGATGTGCTGCCGCAAGGAAGCGGTGAAGGACTCCTACAGGTACGGCGAGTCGCTTGTGGTAAGGCCGCGCGTTAGCCAGTTCATGGTATGTTTTGTATGCGAGAGCAATTGAGTGGTTGATCCGCCCGTCTATGAAGCCAAGTAAAAAGACCCCTGTTCAGGCAAATTTCAGATATCACCGAGAGGCCGGACGTAACAGGTCGGAAGCTATCTTATGACGGAGCACAAATCTATTGTCGCAACTGGTTTCCGATGGTTTGGATTCACGCATATTTAGGTTTTGCTTCGGACTGTTTTCACCACAGCGTATCACTACCTCCGGGAGTGCGGGTTTGTTTCTGGCTAATGGGTCGTTTAGAAGCGCATCATACGCAGTCGATCTACTCGCCAGCAAATCATAGAATACACGTTATGCGGTTTCAACTTTGTTTGATAAGCAGTCCAGGAGGAACCTACGATACTCCCCGTGCTCTGGGTCTATTAATAGACGCTCACAAGCTAAGACTTTTCATCGCGATTAAGCATTCAGGACCTAACTCCATTGTTCGGACATCAACATGCTAGAACCGAGCTACGATTTTGTCCTGAGGACCGTTTCTACGAAAATACAATGAGCCCTGGCCCCCGTGCTAATAAAGCTCGTTGATTGTGCAATTCGCGTGACATGCCCAATCCGCTCGGGCAGCAGATTTCAGACGGACCGCTCATGCCGTCAGGAGTTTCGAGATAACGAGGCGGCTTTGCCATAGTATCCCTCGGCAGCCTTCATGGGGGGTTCCCTACGTTCAAGACGGTAAAATGACCGCAGAGATGTGACCCCGAACTGTCG,1923,50.18,Mus musculus
SEQ_492607,GCTTAAACACCGAAGTCGCAGTACGCACTCGATCCCTTCGCATTAGGGGCAGTGGAACCTAATCGCTCGAACGTTATGTACGCTTGTTAAGTTCATAGACGTGTGTCTCATTGACCTGTACCACGATAATTCTTGTAGTCATATTTCGGACGCCGAGGTTAAAGCATCTTGTGGCGGGTTAGATGGTGACGTAAGGCGTTACCTGCGTACTTGTTAGCGAATCAGGCATCATCTCAGGCTCATGCAATTGTCGATTCTCCTCCCACGGTTACAGGAATCATACGTCGTGCTACAAACATATACATCTAAATAGCGGACTTCGTTTCTGGAAAAAGAATTTATAACTCACTAGTTCTGGAGCATCTATGTCTTGTCTGATCAAATGTCTCAAGGTCGGCTCGAAATCATGCTCCCTAGCCCACAAGGTTGAGTAGACGGTCAGTTCTATGGACAGGTCAGGGACTTTTCCACTATCTGTCGGACATGCCGGAAATATCCAACACGATTATGAGCATGTGGGGGTCTGGACACATTCAGGAACGGTTCAAAGACCGAAATTAGCGGGAGAGAAAATTGGTACATCGCATAGCTAACTCTCGCAGTGAAGTACGAATCACACTCACAGAACACTGTGGTGGTATAGCGCGTGCTAGGAAATGTTTCGTGTTTTCTTGATCAGCTCCACACGCCTGGACTCAAACGCCCACTAACTACCCGCCGGACCGTGTCGGTAGACGCCCCCAGCTTCCGCTGCCAACTGGTCGTTGCGCTTTGTCTGCGAAAGCCGACTGAGACATATGGTAGGAGGCTACGACTCGCTTCTCTTATCGCACATGTGGATCGCCGGAGACCACGCGGGACGTTCGCTCATTGCGGCGAGCCGCCACGCCAAGCGACAACTAGCCGGCAAAGCGGTGGATCGATGGCAGTGCTCCTGGTATTTCGGGTGACTCAGGGTCCCATTGCTCCTAATCCCGACTCGCGAACCTCCCGACTTTCCGGTACATATACGTACGCTACTCAGGACTCTGCTATAGTTTTCGCCTCTCATGACCGTAACTCGAGTGATTTCCCGCCGCCCCAGGGGCGCCGGGCCCTAACGATTTGTCCGCTACCTTCTCCGGGGTTGTCATGGTTAGTTACTTGTACGTACCTCGGGTTTTGTAGTCGCCAATCCCGCCTGTAGAAGATTAGGTACACTGTAATCGGGTATATGAAGCGCTAGGACAATGTTTTCAATGTCCTCTCCTGAGCTTCGGTAGACGCTTTACCAGCGCATAATGCATAACTAGTTAGCATCTCAATTGTTGTCGGTCTACTCGAGGGAGACCCATGTGAATGACTCGGACTTTGCTAACAGGTCAGGCTAACGGCTCCCGGCCCCTGAAGTCACATATAATGCATCGCGACCGTCCCCCCCACGCGTACAGCCCGTGGTGGCCACTTAATCGGTGGTACGGAGACCAAAGCGAGGTATGCACGCACCTTCCGCAATCCGTTTTTATCAGCCCGTGAAATTTATCCCTCACTGAGAATACACCGCTTCAATTTATCACTCACGGCAAGAAC,1569,51.24,Escherichia coli
SEQ_725460,TAAGCGTTGTCCATGAGTCGATGCAGCCAGACAAGGACCGCATCAAGGCCGCAATTCGCTAACCGTCAAACAGGCAACTTTTTCTACCAGGATGGCCTCCTAGGCGACCTATCGTGGTAGTTCATCTGGCCTCATACTTCTTGCGCCGGGTCTAGTAGGGCGAGAAAAACCTGTAGCAGTCGGGTTTATAGCTATGAGCGACGTGGAGTTTGTGGTGAGGGTTGAACCCAAGAATTCTAACATGAATTCATGCGCCTAACCGATAACCTGGAA,273,50.55,Escherichia coli
SEQ_247336,CTTTAAGGGCTTAAACAGCTGGTGTTAGACTATCGGCGTGTGTATAAATTAGTCAGATGTTAACTGCCGCCTCTCCTAATTTCTCCCTGAAAAACGAATCCGATTTTTACGGGCACGGGAAAGGTGGGCTCGATATATGGATTATCTGGTGACGACAAGTGCGAGAGGGTTCCGGGACACCATGACTTTCCAGATGCGTGACTTAGGCTATTCGGGGTGCCGACAAAGAGGCTGACCAAGTGGCCTTTGTGGTCACGAATACGGAACAGGTCTGCCCCCTCGCTCGCGATGGGTACTGGGTGGAGCACACCCTCGAGTTGGAGTAGCTTTTTCGATTGTCGCTCGTCATTCGTGATGATGGACTGAGTTTGTATCTTACCACCTGAATTAGTTTTTCCAACGAAAGCCCCTTGAGAGGACTCTCTAACTGTCCCCACGACTCTCAAATGTATTCGACACTATGTACTTAATCACGAGAGGCCGGCCCGGAGCTGGTAGAGATTGGCGGCGAGCTTTCGTTAATGGGTACTTGATCGACTATTTTTACTCAGAACACGATTCTACGTATCGATCTTGTGACGCTGCAGTCGGCCATTAGTTGTATGGGATCATTAGTCAATTTATGGAACAAAACCCAAAAGAGTTACCTTTGGCTCGTACTGTGCATTACTCTGAACTTTCCCCACGTAGAAGGCAGGCATGAGACGCTTACCGTCGCTCGAGGGTAGCCGTGGTGTGAGCCTCTCCTATTTTCCCAGTCGCCCGGGCGAGTCCTTTTCGTGAGATGCGATAACTCACCGGACCTGTACTATAAAACAGTACGTTCGGGCTCGCTGTGAACAACCTTGGGTTTATTCTAAAGTATACCGTGTCGCAGCTTCGCGAACTTGCAGTTTCAGTTGTACTGTAATGGGTAATATGTGGCTATACACGTAGCCAAGAGCTGTCCGCGGAATGTACACTAGGGTTAGTTACACATAGCGTCGTCTGTGATGTCGTTATGGTGATCCAGTCCATAGGCCTGTCACATTGCGCACATTGGGTATGCTTTACCACTGTGAAACTCACGTGAGCACATGCAACCGTGTTTGGGGCAAACAGTTCCTTACAAAAACAGATGCTAAGGCTGCGGTCTGACTTCGTTAGCGCCCGCGTGGGCACCTCGAGGCATCTCAGTGCCCTGACCGGCATTGTCACGGGGCAACGTAAATACAAACGGGACAACGTGGAGCACGCGTCGTGTAGAAATTGTATGGTTACTCAACACAGGCAGTCGAATTAACCAGGCGGATTCGAGTCGCTAAACGTGACTGTGGGGTACAGGAGGGACTATTAACAGGCGTAGCTCCCCTCCACGTACATTGCGCGGCAAAGTAACCCGAAAAATGCCCAATTCACACTAACGCCCACGAATCTCTCGGGCTAATATTAACCTTTGAATACGTCCCAACTAGTCGACTATGCGGCTAGTAGAGAAAGGTGCTTAGTTGTAAGAACTTCTAGGTACTAAATCGCAGTTAGAGGAAATAGTGGCTTCGTCACTCCTTGTGCGGTATAGGCATATACCCGACTAGGGTTTTGAAAAACTAACATATATGCAGATCTAAATAGACAAGACTATAACCCTCTGGAACCCCTAGGGGAATACTGTTGGCCTGGACACTTGGTCGAAACCAACAGACAGTTGGCTACTAGCACAGAAGAAACACTCATAAG,1716,48.83,Arabidopsis thaliana
SEQ_230107,GAAGCCTACATTAACATGTCATGGTATCATACGGTGACTCTAACGCAAATACCTTATTGCAAAGCCCTGTCCCATCTGCGAG,82,45.12,Mus musculus
SEQ_348772,CTGTCGTAACCCGGTTTGGAGAGGCATGTAGCGCTGACGTAAACCGTACGAGTGCACCCGTATGAAGTGAGTGAGGTGTAGTGCAAATACAGACTCGATGCCGCCCTATTCGGGGAAGATTATGAACAGGTGGCGACGGTCGAGGAAGGTACTATAGCATTTCTGCT,167,52.1,Mus musculus
SEQ_359428,CGACGCAGCACATTATGTATTCGTAGCCGTAGTAACGCATTTGCCTGGATGTTTGCGAGTCCTGCGTGTTGGCACATAGGAAAGCAAGATAATCATTATGTAGACCTTAGTTGGGGTAAATGGTGAGTTCACTAAAATGATACCATCGTGCTTCCATGAGTTTACCGGCACGGACCTTTGCTCGGTCGCCACTCTCTGGCATGTCGCTGCGAACTATGATTGCCTTCGTGTAATCTAACCTACCTCCGTGTGGCATCGATAACCACCGTCATATATCTATTACGATATGGCGGTGACTGTCAGTCAGGGGGCTGTGACAAGCTCATCATAAAGTTGTGGAATTAAGGCAGGTTCAAGCCCTCAGTGCGCGCTACATATCTACCAAACGCGGGCCAAGCACTAAGAAATGGACATAGCCATGCGGAGAGGTGCAGCCGGTTCAAAAGTCGAAGTGTGATTCGATTGTGTCTCGAGATGCGGACCCTCGTGCCGCTCCTGAAACGTCCGCGATTTGTTCTGCTTGCCTCTCAAATTGTGTAAGAAACAATCGGACGTACCGCTAGGTCCAAGTCTAAGCATGCGGCCCGGGGTATAATTACGTTGGTCAAAGATACGCTTTCACTATCCATGCAGTCGCCCAACCGCAAAAAGGTTAATCGGGATCGGAATTTATCGCGTTCTATTTCTGCCTGTTAGACCCTGGTAATTATGGATGTAGGGAAGTCCGGGGATAGATCTGTCTAAAAAGGAATAAGATAGCGCCGACATTTCCCCGTGGCCATGGCCTGGGCAGATGATTTGATAGTGGTGTACCAAACACCGCTTCGTAAGCGGCTGACGCCCCCATCATCCGGGTGGTATTCTGACTGGAGCGGACTCCATCCCTCCCCGTGGATTTGACCTATGCAGCCGGGTAAGTTTAACGGTTACGCCGCGCCGTGTTTGGTATGCAACCCTGGAGCCCGAGTTAGCAAGAGTCCCGAGGCTGGTGCCGTACATCGCTTCATCTAGAACGTTCGACACAATTTATAAGCGCCAGACAGGGGGGGATAACGATCATAGCGTCGGCCTGGTTGACGCCGCGAGGCAATTGCGCCAACAAGGCTCGGGAATCCATGTTCAATCATGGGATATTTGCACGTGGGTATTGTACTCGAGATGAAATCGAATTCGCG,1175,50.89,Homo sapiens
SEQ_761507,GCCGCCTTTCCTGAAGCCCATGGAACGTCTTGGTGATTTTGCTACTTAATCGTACAAAGACGGAATGAGGTCCTAAACTGGGGTATGCAGGATTAAGACCTTAACTTGTTCTCAAGAGAACGGTTGACTAACGTGCGTTATCTCTGATGAATGCATAGTTGTTTATGGGCAGCAAGCCGGCTAGCTCCTGGGCACGCCTCACGTTCATGATGCCTAGCAATTCAAACCCT,230,47.83,Arabidopsis thaliana
SEQ_290956,AAAACTGTATTCAATTTCTTTGACACAAAGGCGGTAGGTGGTTTCGCCTGTCGACCAGATCTAGAGTTTGACTCTTGAGCAATTAGAGGGCCTGCACGCATGTACTGTCGCCCGACCCGAGGGGTTCGCTCATACTTAGCGAAGATGGCCTTGGCTGGACCCGCTTTCGTATTGTATATACTGCCCGACCACTCCTATGTCCCCCGCTCGACGAGATACACACACACCTGCCAATCGCGCCCACGGTAGAGCAACTAGCCGGTTTTGACAAGCCAGAGTCGTGCGAAATACAAAGCCGCAATGGCGGACATACTAACTTTTAGTAACAAGGGGTATAGCCTATATCATCATCTGCCGAAACCAAGTGCGGCGGAGCGTCAACGCACGGCCGTGGTTATTGGTCCAAAGGTTTCGTCCTGATGGTACCCTACTCCGAGCATCCCTGTTTAACAAAGCGCTCGGTCGCTCCGAGGATGTGGTCACTGGCCACGCTCCCACAGCCTAGTACGAGAAGATCCACGACATTCAATCCCAACGATCTCTAGACAACTAACGAAGTTATGCTCATTATAGTCGGAACTTGGGAGGCAAAGTACAACGGTCTGGCAGTGCCCCTGATTTTACTCGGCTCATGGCGCAGGGTCCAGTGCCTTTAAGTGAATGAAGTAAGAGAAGTGTATCGAACCGGGTCATGCTCATCCAGGTCATCTTACTCCTCAATTGTTTTCGGTAAGCACAACAGACGGAGTCTTCTTTTTTGTGGTGCCTCGTCCCTTCGACAGAGCGACCAAATTCTTCAGTCTAGATCGGATTTTTCTTGCAGTTCTGTCCTGCTGTTCACTAGGCTACGACGTTAATCTTAAAGAAACACTTGCTGTACAAGATATCTGCAAAAAGTTCGTCGGCGGTCCTGAGACTCTCCAGAGGGGTAAAAAGAGAAGAAGGAGCTATGATTGGTTCGGGCAAGACGTCGGTACGCTGGGTCCCTGTGCGGGCGCGGCCAAGGACGTTTAGCCGCCTTTAAGTAGGAAGAACACTCACCCTTGTATCGTTTTACCCAACGCCCAGGTAGGAACTATGGATATGTAAGACGCCGGCAACGCATTTACCTTTATAGACATCTTTCGATTATAGTAACCTACCGACGACCGCCGCTTCACAGTGATACTGAATCGATGCGTCGAGTGGAGCGCATAGTCTAAGCGGGAGGTTATCTTTCGAATGGTACCTCTCGCTGGCAGTGGTTCAGAAGTTGCTGGAGCCGTCTCTTCCACGAAGTATTTACTGAGTCCGATCCAAACGAAATCAGACCCCGTGTCGGGTGTATGAAAGTTCATACCGTGAACGGCCCAAGTGGTGGGCAAAACAAGAGGGCCGGGGTACGTGCGAGCCCTGCAGGGACTTACAGATCATGGTGTTCAACTAAGTGAGGTACTGTGCATCAACCACGTGTTAGTTCTCAACATGAAACAGGGCGTCATTCTATGCGGCAGCCAAGAATGATGCCTTATAGGCTTCGACCGGCCTATACTTGTCTACATAGACACTGTCCGTCTGGGCGGGGTCTGAATAACCGCAATCAGACGGTATAAGCAATGTTAAATCGAACGTTCAGGTGCCGGCCCACAGGCTTCAGAGCGCTTACCTATTAGAGCCACCGCAAAATCACGGGAGGGGCGCAACAGGGCCCATCTGGGGCCTGTTTCGAACGTTCCCCTGAA,1721,51.19,Arabidopsis thaliana
SEQ_621450,GAGCGCCTCAAGGGCTATCCAAGCATTAGCGGTAGCGCCTCGAAGCATATACCGGAGCGACGAATTCGGTGACGATAGGCTTTAAATTTAGATCAGCGCATTGCTCTAGGGTCCCGTAGTTGTTCCGGAACAGTCATAAGGAAGGCTTCGGCGTTGTGTACGTCCTCCAAAGAAACACCCAATCCATTTGCACAAGCGGCCCTGGAGAGATAGTGTATCCCACGTGAAGCCGATCCGACGCGTGGGGTAAGGGAACCGCCTCGAAGCGAAATATCATGACTGTCGGAGCGTTGGCAACAATTTACCAAAAGAGACCATCTCATGTGAAGGATTATGCGGTTTATGCACCATACGGAAACTGCGTGGTCTAATGGTGGCTTGAAGCGCAGGAGGATTATTGCTGGGCCTAATATAGACTAGATCTTTGATGGTAAGATCAACATTAATTTTCGGTTAGGGATGGGCGAACCGGTGCCGCCATGATTTCGGACAGTAAGAGCAGAGTTAGCCCGATACGGCCCTAACACTATTCCATGCTTCGGGGTAATTAGATTCTCGTTGTGTACAGGATTTTAGGCGTACGATATCGCGAATTTGTGTGCATCAAGAAAGGCAAGGTTGGTGGCATTAAAGTGGAGAACACTTGATGACTGAAACTATAACCCTTACACGAGCGTGGAGCCGGGGGGGCTATTGGCAATCTGACAAGCTTGCGCCCGAGGCTCGGACAAAAGGATCGGATAACGAAATCATACAATAAAATGCCGGAACAAGATGTTACTCAGCGGAGCCCGCAATTCGTCTAGGACACTGGTACCGCGTCCGAACCATATCGTGTAAATTATCCGTTCACTATTCAATAGCGGTATGACAGTGACAAAAGATGACTAGTCCACGCAGTCTGGGTTATAATGGATTATGAATCACTATTGTTGAGTCCCCATTCTGCGTCCTCGAAGTAAGCTCCCTCGAGCATTGTTGAACGTGCCTTAGCATTCATACCGATGAGTCAACTGTTGTACCTAGTCGGATCTACGGTCCCCGCCTAGACTTGCGAGAGGAGAATCGGATAACTGACACCGCAGTGTAGTACCCTCCCTTAATAGCATCTCATGTCGCTACGGCTACGTCATGCTCAATATCCCGTTTAGTGTCTGTACACTCTAGACTCCGCACCTTTGTCCTTCCCTAACTCACATAGTTAGAATATGCATCAGCATTAACCTAACTACGGGACAAGCGTGTGTGACAAAAGTTTCCAAAGACTGGGTGGGTTATTAGGGAAGCGGGGGATGTTCGAACGTATCCGGAGCGATAGACTTTTGCAGGGAAGGCTGGCACAAATACCAAGGGTCGACGAAACCACGTACACGGCTCTCTGGTCTACGCGCCAAAGGCCCTCACCTGAAGTGAGCTGCCAGAGCGCACCGATAGGCGGCTTTCGCGGACTCGACGGCCCGCTTTATGAGAGCACAACCCAGGTCAGTAATAGGCGTATTACTAATGCTGCTTCGATAATATTGTC,1525,49.44,Escherichia coli
SEQ_155190,GTTTGCCCGGAAGGCAACCGGGACGTCTTCCATGGCACTACTATCAGGAGCAAGCATTCTCGTGCATAAAGACCCGGAGCCGTGCGTCAGATAAAATTTAAGGTGTGACATCTGGTCCTGTAGTGGCTTCCAGTATCCTGGCTCGCTCTGAAGGTCTGTTCCAAACTCCTATTACTTTTAGGCAAGCAATCGACATGCCTTGGCTCCCACGCAGGTCCTGTCAGCCGAAGCCTCAGCTACTCATGGTCGGGTTCTACAAGCTCCTCAGGAGGAATCCAAGACGATCGTTACGTAGCTACTAAAGCACAGGTGCCAGACCCCGCAAACTATAAGGACGCTTAACGACTTTTGGCGGAAAACCAGGACGCGCTATTGAGCACCACTTCAGAGAGGTTATTCCGACTACTAGGTTGCTTGACCCCAATATAAATGAGCCAAGATATTTCTATGACTCTCAAGTTGGCACTACTGCAGGGTTGCACGTACATCATTCCTGACTCTTTACCGAACGGCAGGCGTATCAGCTTGTATGAAGAACTCTCCTAAAGTGCGTTTCAGCCGGTTTACTGACTAGTCGGTTTGAATATCCTCCATTAACCTTAAGTACTCGGTCAGCAGTCCGTGCACCGCTTTTTCATTTGTCCGTGACATCATTCGGGGATGAAGGAGGAATGGCCGCACGGTTGGCTTCACTGTGTCCCACCTCGCGTCTCCCGCTGCATTTGGCAGAATCGCTCGGGGAGTTTTCAGATGATGGAGCAAGGATACGCTCTCGAGTCGGCCAGTAATCCTTAACTGTAAGTGGGCTAGGTGGTGAGAATGTGACTGCGTGCGAAGGTTAAGTCGACCACAAAATGCTGAGTC,864,50.69,Saccharomyces cerevisiae
SEQ_737505,GATATTTCAAACTCTTTTATTTAGGGACAAGCTAGTATTAACTTACTGCTCCCCCCATTGCGTCCAATATGTAAGTTGCCCGCCACTTTAAGCTGAGCCACATTGCAGTATTGGACTAGCGACTCCAGTCGGAGCAAATGGGTGCTTCCTAAACAGCTATGCTCGCGGTTTCAGCCTTCGAGTAAACCAATCGTCTAGTTGCGCTGTAAGTCTGCTTCCAAGTTTTCTCGGATCAGTTAGAGCCCCTCACCGTTAGCAGAGTGATATTGCCGTAGCTTCTGGCGCTGGAGAGTTCATATTACGAGCATAACCTATTCCAACCGCTAGGTACCCTGTATAGAATACAGCAGGAACGTCCTGGGAAAAAACAAGACAGTACGATCTCGCACGGATCTTGGTGTCGCAATGACAAATAACTAACTCGAGCAAATCGTACCGACACCACCAACTCAGCGGCCAGTCAAAGGGGGCGATGAACAAAACAGCCCTGAACATCCTTGAAAGTCCCCAATCCTTAGTTGAGCGCTGAAGTTCGATGACGATAACGCATCTGTATCACGGCACCATAGCGAAACAGCCCCATTAATGCTATTTGCCCCAGTTGTTACCTGCTGTTAGAGTAGTTTATCACCTCAGCCAAAAGTCGCTATTCGCTACGTCGCTGCATCCGCGGAGCGATGGAGGTCAGTGCTCTCAATTAGTCCAGGCAAGTCAAATCTATCGTACCGGGAAGTACATTTGTGTTCAGGTTCCAGTATTCAGTCGGGAACTCAGGCATACTTTGCCCTAGACCACGATTGGTTTGGCCGGGGCTTCTATGACGACACCACAACTTACGCGGGAGCCTTACGCAAACCTCATTGAATGGAGGCATGAAGTTCCTTTGCCGATTGAGCGTCTATGGTTTCGTGGGTTTGCTAGTTCAGCTATCTGCCGCCCTGATTGTGATACGAGGAGTAAATAATAGGAATGTGATCATGGGACGTGCCTATAACTCTAGCACTTGTAGGATATGGCGGGACTGAATGTCATTCGGTGCAATAGTCAGACTTTTTCCTAGTCATGCACTTCGATTAATTGGGCTCGCAGCATCTCCCGCGAATCAGGGTTTCTTAAGGAACTCCACGGGCAATTCAAAGCGATTGATACTTCTGGCACTGCAACAAATGGAAATCATTTATCTGGACTGGCGCCACGAGAATGAACAAGTCTATATAAGTATCTCAGCGGACAGGCGCGGGACGTCTGACTGTCTTCGCTTCTTCTATCTTGCTCCATGTCCTTGAGGCAATACGTTACCAGAAAAGAGTAACTAATCCCAGGATGCGCGTGTAATGTGCGCGCGAAGCCAGGGAATGACGGCGTTGAAAGAATTCGGGAGTGATGCCGACGCGCGGTGTCAACACTTGTCTGTGGGCTGAGGGCTAATGTCGCTAGTAGCGCCTGCCCACGATGGAATCATTGCTAAATTCAGTAAGCTATGAGTTTAGTATCTAAATCCAATTTCTATGATTTAGTATTGGAACCGGGATTGTTGGACTTGTACTCCATCCAAGCGAAGAACAGGTTAACACAACATCACCACGGAATATTTTAAATAATATTGTCCGGAACACGGATCGATGTAGCGTTGGCCGTGGTGCGCACCGCTTGCCTGGGGGTATCAGGCGGCATGACACACAAATTATATGAGGTTTTAGGATACCATCGATAACGGAGCAAGAATCCTCTTAACTTTAACTGCCTGACCATCGAAGCTTCTTACATGTAATCT,1774,47.63,Homo sapiens
SEQ_819684,CCCGCACCTTTCCAATCGTACATCGGCGCTGGAGCTAATACATGGAATTAGGGTGTTATCATGGCGCCGTCTAGGCATATTATATCGACATGGGTCTCTAACTATGAGCGCTAAGGCCATCAGGGAACGACGACGTCGCCTGCTTAAGGGAAACCAGGTGCTGTACAGAGTACGGCAGTATACCGAGCTTCCCTCTTGGGCCATGTTGATATAGTGACCTATTAGGGGCCTTATCGAGATACAATAGATGATGGTCTGCATGCGAGCTCTATTACTACCCGAGCTCGCTACATGGTTCTACCAGTCTCAGGCAGAATACCTAAGAGAGCTTGCAACCCATAGAAGTGAGTAGCCGATGCCATACCGAAGCGGCGGTGAATGAGAAGAAGCTTGCATAGAACAGTGGGTATGGCCTCATGTATCATGTGCGTGTACGGATCAGGAACATACCGAGACCCCGCGTCGCAGGTCATTCCCGGTGGGCTTCAAGGCGACTATTTATCGACCCAGAATCTTAGGAAGAACTGAATTTGACTTCTCGTCAAAACTCGTGACCTCCCCTGTCACCTGGCGGAGCGTGCATCAGTTTGACGGGGGTCCTTATCGTCAGCACTAGAAGGCCAGGTAAAGAGAGTACTAAACAAGCTTGGACAGCGCAACTATCTGGACCTCAACACATGTCCTAGCAACGGGTTCGAATATCATATCCTCTATGAGTGGTATCCAAGCTAAAGAGCGGAAATAGGCTCGCCTGTAGAACTTGGAACGACTCTATGTGGTAGGCTAGGATTTGCGTCCGCGTTAATATGCGCGGCTACCCACACTAAGTGTGCGTTTTGATTGCGGAGCTGCGACTATGCATTTGTTCTACCAGGCGTTCTATTAATTGTAATATGCCAGCTAGACGTTTATAACGCATGTGTGG,925,49.73,Caenorhabditis elegans
SEQ_803321,GAGAGCTGGCACGGTCTCACCTCAACCATCGCCCCGAGTGTTGGCTGGCGAACGTGCTCTCTCTATACTTGGGGTTGACGATATGACAGCCAGAGTCTGTCACAAGCCAGAGGGCTCGCCCCTTGACAGCGTTCAGATTAAAGAAAGAAGCTCAAAAAGAACCGACGTGCCGCACCCCGGGACACTGGCAACACTCTGCCCTATCGAGTACCTCAAAATACAGTATGGCTACCCTTAACACCACTTCCCACCCATGGGCCGGTACCGGCAATGCCCCTTAGCTCCGATGGGACGAATTGCATGCCCAACTGAGGCGCTCGATTAGCGCAGAGATGAGCCTTATCAAAAAAGACAGTAATGCGGGTGTCACACGTCCTCTAACAGAGCACAAACCTAACGCCGCGGGTTCTGCGGCCATTACGAGAGTAAGCTGTTCATACCACCATCGTGCTTGGTTTGACTGAGACTTGTTTCCTCGGTGTATCAAGGCGTCTCCCACAGAAAGCCCCGCTCCATCCTTCCGGGCCCGTCCTAACACGAGTCTCTGCGCTTAGCAACAGCTCCCTGTTTAGGGCGCGCAACGCCAGTAAACAGGGGATTAGTAGGTCGAGTCATGTATCGCAACTCCGGGGGCTCTTAAGTTTTCGCCACACCCGTGAACGGTCCCTAAGACGATGCTAAGAGCCCTGATGGGGAGCCGACCGTACTCCATCGTCCCCTCGAAGTTGTTTCCTGCTAAACGTTTCGGCTCAGGTTTACGGGCCCTATCCATTTGTGGTGCAATCCTCCTCTTCTACCCTGACCAACACCATAATAAGTTAACGCCGTGGCGATACATGGGTTTTGATAAAAGAAGCCAGTTGTGTATAAGCGATAAAGGTTTGCGCGTCAAAGGTGGCGTATCCGCATAGGGATGGACATTCATCCAGAGCAGTAGAGGGTGCAATCGTAAAATTCCCTATGAGCACATAAGCACTACCCGGAGAACTTTAGCAAGAATCATCGAGCTCCCCACGCGCACGTCAGAGCATATGTATCGGGACATAGGTTAATGGCATACTCGCGCATGTTAATCAGCAAAAGAGCCCTTGCCGCCATCTGTTTTTAACTGAACTTTCTTAGCACTGACGGACGTAACTATCAGTGTGCGGTGGGGCGTGTAGAAACTTCGAAGGAATCGATAGGAATAAGACAAAAACGAAGCTTATCAACAAAACTCTGTCTGTGGTACAGCCCCTCACAAGTATACGGCGTAGCTCTCAAGACAAGGATTATGCACTTCAGGATGGTCATAGGTGCCGTTAGTTAGATTTGATGAAACGAGAATCAACATGCAGGCGAATTCAACGTCGGGGTAGCGGTCCTACAAATTGCGGAAGGTTTCCAACACCTTTACCCGGCGATGTGGCTAGTGATACTAGGTATGATATTGTACATGTTCGCACAGAATGGTCGCTACAGTGTAGTCAAGATTACTATTCACCGAAATAGGAATTACGGAGTATCCCGGTGTCCTGTCAGAGCTCATTCAATCTCTAACAGTACGGCCTCAGGATAAAGTAAGCAAGTAGTACCTGTCAATGGACCAAAGTATGGACAGTCCGACACTCCCGCCATCGGAGAGCGCGTTGCCTATTATTCTCTTGAACTTACTGTACGCCTGGCTACTACTCAGCACTTTCAGCACTACAACTCGTACACCGGGCGACTACAAGATATATCGTCCTTATTTAACAGATGTACTGCGCGCTCGGA,1755,50.43,Mus musculus
SEQ_213988,CACTAGGTCCGCAGGTAAGTGTACGCCTAGGTCGTTGCCTGTCTTAGTGCAAGGAACAATTACGAGGTCTGTTTCGAAATCAAGAACCACAACTAGTTGTACCTGACTAGTATCCTCTTCCAAACTCTCTATTGTGTTAGGCCACCTATAAGCCCCACAGTTGCGTTTGGCTACTGTCGTTACGAAAAGAAGGACTGCCATTGATTTACAATGGGGCTGAAGATGGAAGCACTGGTTCTCACTGTGATTGGTTCACGAAATAAAAGAGTCCACCAAGCGTATAATGGGACATGTGAAGACCTGCGGTATTTAGGTCGCCTGCCATGTATACTCGGGACCAGTCAGTAATCATGCATCCTGCATGCGCTGCTTAATCATGACATTCGTGGATCACGTGTTAACTTCATGATCATATCTAAATCGCCTCATATCTGCGGCTTCCGCTGAAAGGCTTTACAGGAAGGACTAGCGTAGGCACTCGATTCCGAACCATTATCCGAGAAAGCCAGTTGCGACCTCTTGATGACTCTAATTTCGTCGGCTGGCTAGATTAATGGGTTCATCCGACTTCCCAGATTATCTTACGCAGTGACACTTTGACCTCACAGATATTCAAGAAAGGTGCATAGGCGGCTTCATCGGTAGTATTTTTTGACTATAAGCCCCGTAGCTGATAATTGTCGATTGGTTCTTGCGCTTGCCACTGCGCATTAGTTCACGAGAAGGAAAATAGCTTCAGCTTACCAACCCGCGTTTTCGTCGGTTATTGATAGTTTGCCCGTATAGATACATGAGTTAGGGTAATGAATCGCCATACTAGCCGGCAAAAATAATCGCGGGCGGAGCCGAGACCGGTTACACTGCGCTGCTGATCTTTCCCAGAACGGTATGCGGTCACAATGAGCTCGACCCGGGTCTACTACGACCGTTGCCCAGTGACCGTCTCACAGAAGCTATGGGGGCGACCATCTGCCTACGGTATATTGACTAACCGTGTTTATTCATGGAAGTGTAGTCTTACCAAAGCATGCTGCCTACTGATTTGAGATGTCCACAGTAGGCCACAGGTTAGTCTGACAGCTAGTCTGACGGAAAAAGGCACCTACGTGAACGGCTATTATTTCTCGCTTACTCAGGTAACATCCGGTATTCGGAGGATGTGCAATTTCCACGTCCTAGGCTAGGCCAGTCCTGCGGTTGACAACTCTTAAAGCACCCGTAGACCATGCGGAAGGGTGGTGATGCAGAATAGAGTTCCGGTTACGCATGCTCTGCGGGGGCGTCTGGATATCCGGCTTAGGCCGACATCTCTAGGCAACTCACGTAGACCCCATTGTTCAGGCAAGTGGCCATTATTCCCTTGCACACCGTGCTGCTAACGTTGCTCCTTCTCTTTTTCCTGCGGCAACAACCCATAACCACTGCTCCTAAG,1432,48.81,Homo sapiens
SEQ_460473,GGCAATTCTCCGGCACAGCGTTAGAGACCCACGGATCCAATCCCTGCTATATGAGCGTCATAATGAGCCACATTGGGGCTCCACGTTATTCCACGGAACCCGGCGGCGTGCGATACAAAAATTGGTAGTCAAGTTACGAGTGCTACTGCGCCTATTATGAACGCTTATGGAATTCTTCATGTATCATTGCCATGGGAATTCACGCTCTCAGATCCTTGCAAGT,223,49.33,Mus musculus
SEQ_447433,TGCTCACCAGTGGGACCACCCGCTTTCAACCCTGTCGCAAACTCCGCCACTACAGAAAAATTACCCGCTTGTAGGAAGGAGCCTTTCAGTGGAACGCGCATACCCTGCGAACCCCCTCCCCACTGAATATTTTAGTCAAAATAACGCATTCGTTTGTTCGTTATGTGAGCGGTAGCGTCTATTTGGGTATAAATGGATCTTGAAACAGATTTCTGGGTTTGTTTTATCTTCGACACGGTCCGGTGTCGAGCCTTATCTGCGCGCTCAGGACGTTGCCTGGTCGCGTGTAACACGATTTCGCCAGTTCCTGTTGGACGAGCGCAGTCGAATTGCAAGCGATCCAATGGTTACGAGAAGCAATATCCGGAGATTTGACCTCCACAATACACTGGAGCGCAGAGAGATCAACGAATTGATGTCAAAGTGTGTTTCATATGCTACCCTGACTTAACGAAGGCCTGCCCATGGGCTAAAGACCGGAGTGTATTCCTGAACTTAGGGTCACACCGGCCAGAGTAGTCACAGGGATAGATAGCTCGAATGGAGACCGGACGGAGAGGCACGTTCACTCCGCATTGTAAGACGAATGCGGTGTTGATTGCAGTCACTCAGACGCGACATCAGGCCGTTGCAATGCGAAACAAGTAGTACAACAGAAAGCATGAATCCGGGTGGAACGGCTTTT,685,50.22,Homo sapiens
SEQ_389507,AAGATAGGAAATTGCGTAAGTTGTATTTCCGAGAAACCCGGCAAGACTGATTACAAACACAAAATTGATAATCGTTCCTGACTAAGATCTCCGATCTCTTTTGTGATCATACCGTATGATATGTGCCCCTTATCCTAAGGGAATCAGTCTCAACCTCTCTTGCATGCCAGTCATACGGCTACATCATCGTGCTATATTCCGTGTGACGGACGAACGAAACTCTATGCTGGTTGTGGGCTACGGACAGCAATCTGTCCCAATTATTCTGTGCTTTACGTTCCGCCTGACCGATGCCAGAACATACAATCTGCATCACCACATGTCCTGGCCGTTGGCGGCTATATGCGCGGGCAGGATTTGTGTCGCGTATGCGTAGTGACACAGTCTTACCTGTCACACCTAAATGCAATGGCCCCTCCCTTGCTTAGACTAGCAAACCGTTCATCGCACCAACTTATACATAACTACTTGGGTCTTGGGAACGTTACGTGGGTACGAGACGTAGAGCCAGCTACTGCAGCACACGCCGTTATCCCGAGTGTAAAAATGGCCCCGTTTCACTACGGTCCGATCATCGATAGCCAGATGGATAGACCGACTAACTGGCAATATGAATAGATACTAGTAACAATGTTGCCTCCGGTTGACCAGTCTCTAGTAATCACCAGCTGCGACCTGAACCACCTCTCCAGTTGTCCAGAGGGAAAATAAAAGTTGGCCCAAGGTACGGATGGTGTTGCTATAACTGCGATCATCCCGCATTCGGTTGTGCCCCGTAGATTCTCCTCGCTCTTAGGCTCATTTTGCCACCCTTGGTTCACCGTACATTCGGCATGCCACATGGGAGGCTCGAAAGGGGGTCAGACCACTTAGATACCCACCAGGTTTAAAATTTTGATACACTCTAGTTCAAGGTGATCCCTACCCGTTTCGACCGCCTTGACGGAACTAGAGAACGCTTTGATGAGCAGGCCCACGACTTGGCTCACTTAAAAACAGCCAGATAGGAGTGAGTCCAGTGTGTAATACGTACGATTGGTCCCCTCACTAGATCTAACAACCCGTCACAACTGTTCAAAATCTGCCCTATGTTGCTACGCAAGTAGCGACATGCTTCAGGGGATAACAACGGGGGATACACAGGGCTTTCCTGGACGCCATGAGGCGAACCCGTTGGGCGCAAACTTTGGCTCGGGCGATACCACCTTCCGTCTTCGGCATTATCAGCGATAGAGGCTAGGCGTGAGCAATGGTAGGCGCACATAGTGCACAATCTCCGGGATCCAGCCTGATAAATTGCGGACTAAGGCTGACGGCCTCGAAGCCTATAGCGTCGAATTCAAGATTCACTGGATGCATCTGCTCACGACATCGGCCTTGTGCAAGCCGTCTGAAGGCTAGCTGCGGGCGCGAAATATTGGCTTCGTTATCACTGGTGGGGACGTCGCTATGGCCAGTTGGGTGATCATGGATCAGTCATCTTCGCATAGTATGCACCGAGGAGGCTCTTCTTTGCTAAAAACGGAGCGCCCGTATTCCTTCGGTCAAGGAGCGAATGACTACCATCGCTCTGGCCGACCATATAGGCGCATTATTACAATCGGTCACCAGATCTTGGACCTCAAGCTTCTCTAGTTGAGAGGGTGAGGCTTAGGATAATATTCCCTCTATTAAAAGGGCGTCCAATTGTATCAGGCTTTTTATGGTTTCCGTGTGAG,1718,49.94,Escherichia coli
SEQ_616513,CTCTGAAACACATAAGATAGCGACTAATGATCTTGCTACAACCTTAGTAAGGGCAGCCAATTGTCCAGCAAGACCTTTCCCTCTGGTGCTAACGCTAACGCATTCACGGTGACGAAGGGGGTACAAATTGGAATCGCACCGCGAACTCGTTACCTTTTACGGCAGAAAATGGTCGAGGTGGTCTTGGGCAATGTGCCTGTTTGAACGTAATGGGCGGGGGTGTTGGCCAATGCACGTGGCACCACCACCTCGAGGTTCTGCTGCTATTGTTAGGAAAATAGCCCCACTATGCGCGCACCCCTAAATGACTCATAACGGTGTGATTAACTCACGGTCATCCCGAGAGTGCGTTTCTGCCGAGAGCTTGCTCGCGGCCAGTCGTAGTATATGTGGTGCATACAGATGTGAATTAGCAATGTGCGCCTGGGGCCAGGGTTCACGGGGTTGTCAGTCTATGAACGCCATTCAAAGGGTTTATCAACTGTCCTTCACTTATTAGATGGTCATGAAATTTGAAAGTGGATTCCTGTACACACTCCGCCGGTATCTCGTCTGCTCGCTATTCGCGTCGAAGATAAACCACTTATCCCTCCTACACAGGACCGGATTCTGTGTTGGGGCTCTCTGACTTTTAGAAGATTATACCGGTGAAACGAGCTGAGACGTGACGAGATAAGGGCACCAGCCACTTGGCTCATTTTTAGGAACAGGCCGCCCCGGTCCCTACTGGAACGAAACTATAATGCGGGCACACTGAAGATCCTGGTAGAGGTGAAGTCTGCAAGGGTCCCCCTTAAAGTGTAGTGGATCGTATGTGCGTGTAACTGAGGTCCTCTTTGGGTGGCTCAGTGTGACCTATTTGGTGGCACTAATAGGCCGTCATCCAGGCTAACATGTTGTCTCGGCGTTTCTCTTAAGGATACACATGTTAACAGAGTTAACGGATTTCCAGAGTCCGTGAAACGTCTTGTCGTTTCATCAGGCGTCCAGGGAATTAGCGACCACTCCAAGAAAAAGAGCCACGTTGGGAGATTAGAGGCCCGTTGTCGTTTAAGGTTTCTCTGGCTCTACCATGCACGCGCTAGGGTGTAACGACCACAACTCCTTTGCTGCCTACGGTGCAACTTCGCGCTTCAAGGGTCCCCAGAACGACCCGGGACCGCCACGCTGTTACGACGTCTGCCAGGTACAAACTGGCTAGCGGAGCGCCCGCCAAAGTCAATATCGGTCGCTCGAACGAAACCCAGGATTTAACG,1256,51.43,Homo sapiens
SEQ_217124,ATGACTAGCACAAAGACTAGACGAACGTCCTTTCGTAAGGATCCAACGAATGTGAGCTGGAAGCTCTACCGTCGGGGGACAAATCGTAGACGGGCTCAGCATCGAACGAGTATCTAGACGGATAAGCCAGAATGCTGTTACGCAGCAAGGGCCCGAGGATGGTCGTTGAAGTTCCTATAGGAGACGCACTTCTCGTGCACTGGCTGGTTGTGGTATCAGTTCCTTGCATTCACAAATTATTGGTCTCATCGACGTATTTCGGCACTCGTTACTTAAAGGGAACACTTGATCTAAGACGGTGCCTTCAGGAAATTAGGAGCTTGAAGGATCAAACCAGAACCTAGACCGTAGCAGCATGGCGGGAGAACCCTAACGATGGGGTGCTAGACAATGAGCTAGGATCGCGATAATCGTAACAGCGCTTTATTATCCATTCGAGACCATCCAATGACTTCCACCCCGTGGCTCTCCGGGACGCCCGGCTCGGGAAGCCGCAACTAGCGTGGGCCGGGGCGGT,517,52.22,Saccharomyces cerevisiae
SEQ_630642,ATGCTAGTTGCGGTCTTCTTTGTTCATGTTGACAGACGTAACGGACGTATACGAGCAAACCAAATTTGATAAGGGGGCAAAAAGGATGGCTCACTGCCGCTGAGGTTCACGGCTCGACCAGCTCATCTACCCGCACTTCCTAGAGGCTATGAACAAAAAGCCCCCAAACAATACGACCTCGAAACGGCACTCCACGGGTCTCTATGGGGTTTTACGGCAACATACGCTGAGCCCTCAACAGGTAATCTAAGTTGCTCGGGACTGAGGCCCAAAGAGATCGGTCACGGAAGCGTATTGTCGCAGGGACCACCTAACACTGCTCGTGGAATGGTGTCAGTGCACCCCGTATAATATTTTGCGCCGCAGGATATTGTCCAGCTATTTCATACATTCTCACTCGTAACGACTAGGCGGTTCGTGAGTCTGAATTCTCGACAGATCATTGTTAGCGGGCAGGTTAATTATCAAGTGGGCGTTTAGCCTAGTGATAGAATCTTCGGTTTGTAGTGAGTAGCCACCTACAGTCCAAAGGGACTCATTTGAGTCTGGCTACCGTGTATCAT,563,49.38,Escherichia coli
SEQ_948765,CACTGCTCTTTCAAACTGGCCTCCCAGCCATGACCGCTCTGTCACTTGACAACAAATCTGCTTAGCAGGCGAGCCGCGTGGTTTTATCAACCCAAGTGGGTGTCTACTGATTCGTGCACAATAACCAAAATCGGAGACCCTACTAAGACATACTGCCCTTGCTTCATGTCCGGGCAAAGTTAAACGCTTGGTCCAGCCAGTCGTAGT,207,50.72,Escherichia coli
SEQ_923340,CGACATCGATGGCCTTGGGGACGAACGTATAATCTTGCAACCCGGCGAGCTAATGGTCAGTCTGTCTTTTAAGGGGCCATCGTTGAAAAGTGAGATAAGCACTAAAAACCTACTTGATGGTGGGCGCTATCGCTAGTTATCATTTACTATCGTTACACGGCCAGGCGTAAGTAGACATATGGGATACTGGTCACCGGCGCGCGACTCCAGCAGGCGAGTGTGCCGAGTCGTGGGTGAGCACCGAGAGGTAGGCGTAAATCTAAGGACTACCGCCAGGATAATTCTCCGGTTCATGGCACGCAGCAATGCAGCTAGTAGACGTATATACAACCATCACTACTTTTGTGAGATAGTAGTAGCTATGCTTCCGCCCGGTTTTCGTAGCCCTCTGCTGTTCGCATCGAGTCGCCTTTGCATTTAATGGCAGAGATGGGCCCTGAGAGTATGGCGCAGAATCACAACCGCGTACCTTCTACGCCTAGCAGATTGTCCGGAAACTCCCTCCGGCACTCTCCGCCTTAACTTTGCTATTTCCTCCTTCTAGGTAACTACTCGCCAGCCACAAATTTGCCAAACAGTCGGTAGGACCGGGCTAATCGTTAGAGCTTATTTTGTCAGTTCACTGAGGACACCCAACTAACATCGCTGGACTGCACCGAATAAATCATTTTAGAACGTATTATTATGGGTGGGATACCCTTGGATTAATCCGTTTCTAACATTTACCCCCCTTGAACGAGGAAGAGCATCTAGGCTTCATGAGGCGGGGGCCGCGGCGCCCACCGCAACATAAGAGATAACCTTTCGATATTTTCTATCTTGTACTATGCTCCTCCACGTAGGGGTTTTATAAGTCCCCCTGTTGTCTCATACCGGTCTTTAGATGGGTATTTTTTAACTGAGGAGCGGGGTTGTGGGTGGGCCAGATGACGAGGGTATAGCAGATGTACGTACCCAATCCGTCTAAAAATGAGCCAAGTTGTCGCATTGGGTTCTCTTAACTTCGGCCTGCCGCGCCATGCGGAATCACCGGTAAAGATGTGCTAAAGCCGAAGATCTTTTGACATGTGGCCGTTGGTAGATACACAAATTCTGGAAAGCACACCTTGTCAATTAATTCGCAACGCAGGTTGTTTCCAAATGCTTGAAATATCTCCGCAGACCAAGTATGGTGGTTCTGAGGTATTTTTAGAGTTTACGTAAAACTGACTTTCGCGGCGACTCTAAGATAGTTTAATTTTTAAAAGATTTAAGGGCGGGTCTGGATGACTTGTGTAACCGGATTCGACTTGATAGCCAACGACCGGAAGCTTCCGCTTAAATGAAACGCGGGCCATCGTCACCTTGCAGGATTAAGGGAACTCGGCCGATTACAGATTGCTAACTGCCAAGACTTACACAATGACTGGTTTTTTGACCTCGCTAGCGAGAGTTTCGCGGTGATGTCGGGAGGGGGCTCCTTCTAGTCACTTTGTACGTGCGTCGGTGTTGCCGGGTACCATCGACCCCCCCTTGAGAAGTAACATGCGTGCCTGGAAGATGTTGGAATAGAAGGGATCTGGATAACCTAATGTGGACCTCAACAATGGCAGACATCAACTCTATATGTCGTAGGAGTAATGGTTTACGCGCATGCTTCGACGCATCCTTTATCGCCCAAGAGCTTTTGATCCCGTGGATTGAGAATTCATGGGTTTTAAGTTGGTGCGAGAGAGATAACTAAATGCCAAAGACATCTCAATTTACGAGCTAGCCGCCCACTGCGTGTAATTGTTTGCCTAACCTTCGGCAGGATACTACTACTGCGAGACAGTGTCATTCGTAGGGGCCTCGCGATCGTGGGTAATACTAATGAGCAATGTCCTGATTATATATGAGTTGGAAGCTGAGGTCGAGCTC,1899,48.5,Caenorhabditis elegans
SEQ_121297,GGATGGTACGCTGCGCTTAAAGTAGATTGATAGTACTCGACCCACTTAAACCCCAGAAGTAGGTGAATGATTCCACCGAATATTATATTAGACAGCATTGTCCTCGCTATTTAATAAAGTACTATGTAAAATTTATTGAACCTTGCTCGGTCTTGCGGGGCAACGGTGGGCTCTAATTGCATTTATACGGCACTTGAATGAGTAAACGGGAGCCGGAGCTAAGTCGTCATTTACGGATCGTCGACAGCCATTCAGACCAGCGTATTCGTAAGCGCCTGGTCGTAGGTACGACCGTCACTTCAAACGAATAGTTTTGATTCGCAATCTATTCCATTGTGTAGACTGTCAGGAGGACTCAGAACTTATTTTAAGGTATCTACAATGAATAGTTTGCCGACCTGTTCTGAACAGGCTAGATAGAACATAAAGGCCAGCACGGGTGAGGTATTATCGAGAACGAGATCAACTAAGATTCGGGGGACATGGTAGATACTATGATGATCACTTAATAATCGGCGCGGCCTGCAAATCTCCCTAGAACACACCTGCGACGACTACAAGAGGGTCTTCAGACATAACATCGTTATATCGACCTTAATGTGGATACAATATACACACCTAAATCTGTCCAAAGTCCGCTCGGCGTATGTCACGTGAACAAGGAGCAGTGGATCGCAGCCCGTAAAGG,688,44.91,Escherichia coli
SEQ_919030,CCGTTCTTGCCCGATGATATTAAGACTGCTAGTTACGCTCTGTAATTCTTGGGTCTCCTTAGTTAAACGTTTCCGAAGCGAATCGTTCTTGCCGTGGTTCACAGAATATGGAGACCCCGCGGATTTCTCCACTAGCGTGCTGGTGAGGGGTCCATGGTTGACCTATTGATGACCTAAACCGCTCGGTGAAAACTGATTGACGTAAGAGCATCTGTAGGAGGGCAATATTATCCGTCATCCAGCCGAATTTGAAGCGCTGCGACCCGTCGCTTTGTCTAGCCAAATCTCTCAAATAAAAGGAACCTGGGTCGGAGTCCAGACTCGCTTCATTCCACATCATTTGTCGCTGACCACATTCGAGCTTTTCTTCAGGCTGTTAGCTAAACGTCGGGAGCCATTGGGCTTCCTCACTACTTAATATTAGTGTATGTCACGGACAGCGAACGTGATTAGAGAACTAAAGGACTAGGCCCGGTGTGATGAAGATGCTTTTGCGCGAAGGACAACCCTTATTCTCGTTCGGGGAAAAATGCCAAGAGTGCGTGGGCAATTCAGCTCCG,560,48.93,Escherichia coli
SEQ_472869,TAGACTAGAGATATTTTTCAAAGGTACGAAAGTGGTTTGCACACATGTGGACCGCTCGGCCTACGCGCTGATGGTACAGGCTAGCGAACGGTTTAGATGATGGCTAATAAGGGGTTGTTTTGTTTGGTAATCACACGAAGGGGGTCCCTAGGGGACGTAGCGAGCGCGTTCATAGCTCCTGCTGTTAGGGCATCGCTTCGACCATAGCTGCCTCCCCGCGCTGCCTGACGCCGCCGTCTAAGCGTATCGTACCGTCGGAGTACGTTGATCAATTTGATGCACCCATTGGGCGCTCTAGAATTCATCATCGGTTTTCGATCCGAGTGGCTATGTTGCGAGCTCCAAATCCAAATATCAGGCGGTTACGTAGTGCAAAGCCCTGTAGCCTGCCCACAGGGGTTGTGCTCCATGAAGTATCGGTGAGTCGGGTTCAGACAGGTGTGACCTCCATATCCGAAGCATTGGCAGACCATTGCATAAATCACACCCCATAATCTTAAAAACCAGCGGAGCAGTTGGGCATCGGTAATGCGATAGATTGGCGGTAATGCGATGATGCCAATCAGAGCGAACAGGCCGAGTTAGTGGCGCCGCATTGCATCGGGCAGCGCTGGTTCTCTTAAGAGACAGTGAAGATAGGACGAATCCGAGTTGTCTCAACTTATTGTTGACGACAGAAAGAAGGATTCAGGAATGCGCCATATAGTCCACGACTAAGACACACGATCTCCTTGGAGGAACCGCACTAGTGAGGGGAAACGCTGCGCAGTGGTATTGTTAATTAAAGCCTGCTCACGCTCCCTAAGTGATCCGCGGCCTTATCGGCTATAGGCAAACCCTTCTATGCTTCTCAACCGTTAGCATTAATGTGTCTCACGCGCCCCATATATTCAGCGCGCTACGAATAAAGGGTGATTTCCGTGCCTGTGCGACTGCGGGCACTCGTTCATTGAAGTAACGCAAAGCCCATTACCCTATTGTGACAGCCAGCCTTGGAATACCGCAAACTTTACACGGAATCTATTGCGATCAATCTGAGGGTATCACCGGCTTTGCGACTTCAAATGTGCTAATCCGCTAGTAGTCGGCACCGTGAGAAGTGGTCTCGAATCTTCGCGTGTGCTCTTAGAGCAATGAGTTCCTGAAAATACGACTAGGAGTTCCCAGGAGAAGCCCGCCCTGTAGGTAGAGGACTGCGGTACCGGTGGTAGAGGTAATCTGTCCCTAACCCTCAAGTTCGATTCGCCTTAAAATACTCAATGTTACACGGATCGATGCCACCACGGCAGGGCCATGCAATAGACGCACAGGCCGTTAGGCTAG,1323,51.32,Escherichia coli
SEQ_175022,TACGACGGCAGTGTCATCGGGTTTCCTATCTCTGACGTTAACCTACGCTCGCGGAGCACGGTGAACTATGCGGTCCCTCCATGCACATACGTATCTTTTTAAATTGACGTTGTCCTCACTGCGGCGAACAAGGAATACGTTTGGTCTACAGCGCCTCGTAGCCCGGGTCCGACGATGAATAACACTCGCTTGCTGGTGTTCCAACCGACCAGAA,214,52.8,Drosophila melanogaster
SEQ_132015,TTCAGGACCGTTCACGTTCTATATAGATATTTAACCGTTTTATGGTTACATTTGCGAATCCAACGTCCTTCCGATTCCTGAGCCTTAAGGTGGGTTAGCATTACATATGGCGGGATCGCCTTTGCTTTCGCATAACGGCCGGGATCCGGCTTACTAATGGGAGCACCATCTGGTGAGAAGTGCGAGAACGTGGGAGCTACAGAACTTCTCCAAAAAATGGGTTGACCGTCAGGAAAGGGTATACCGACCAATGTGGTTTGCGTCGGTAAAGAGTATAGCTGACTGCCTAATAGAGAGGGTTCAAGGGCATCACACTGGCAGGCGCGGTAGATTGAACGTGCGCATATCCGAGCTATGGAGATTTTAACAGTCGAGGAGGTAGCTCGTACTTAGTCGATTGGTCCTTCGCCCCACGTGCCCATCACCTGTCCGCCGCAGCAGGCCTACACGTAATCACGCCTCAAGGCTTGTGCGCTTCGATATCTAGTTCTTGTGCACCTGCGTTCCTAGTGACATCTGACCCACATGGGGTTTTTAACCATCCGGGTCGACTTTCTGGTTTTTGCACTCTCTGGGACCAAACTTAGTTTTAAGGACTAGACGCCCCATCGACATCATATGTCCGTACGACATGTGGGCTAGCGGTTGAGGGTTGAACCGAGGGGAGGGCCTGGTGTCGTGGACACCAAGATAGGTCTGTCAGAATGGGGATAATATAAAGCCGCTGCTGTCACGGGCAATTCCCGGCCGTAACGGTTCAACTAGAATGACCAGTTAAGAATGAAATGTCTTAATCGTAAGCGGATCTTGTATGTAGCAATCCTAGGATCCTCAAGACGTCATTGTACCGTGCTTGTACTCTTAGGTTCTACCTGGAGATGATCATTGCTTATGACGTCAGTTCTGGGCTGAATCCGCTCCACATGAACCACTGGTTACTCTCCACTAGGGATAACCCGGTAAAGTGGTCGTTTTGTTTAATCTGGCCCCATCCGCACGTTACGACGCTGAGCTATGTCCAGTCTGTAAAAATCACATTGGGGGCTCGCAGTTGTCAATTGTAATTTTCGCTTACCGTACTGGTCCCAGGACAGGCAGTATGTCGGTTATTCCGTATCCGTGAAGCAGATCCAATTTTCAATGATGCTTAGATGTTCGGACAGAGGGCACTGCGAACTGTATGGGGGGGCTTCTAAACGGATGCTGCCTTGGGGTCGTCAATCTATAGAACACGAGCTTCAAAAACTGCTTGATTTGTACCGCGACCCCGGTAGGAATTTGCTCCTCACTATGGCTCTTCATGTAGGGACGCCCAGGCGTGACTAGAGGCCTACTGTTGAATCGTAAATACGGCGAAATAAATGCTGGGGTATAGCGGCCACTCTATTGGCCGTAGCTCCTCTAGTTGAGAACCGTGAAGATAGCATCTGAGCAGCCTGCTTACATTGGTGCAAGATGAGATTTAATTAGCTAAATGCTTAATTGCGTTCAGTCATATCCCCATAATCTTTGCCACAATTGTTCGGTTAATTGGTGGCATCCATCACGCCATGGTCACAAGTATGTCCAATAGGAACGCATGGCTGTCACAGAGGCACTTGATCACGTGTTGGGGCCAAAGTGGGCCATAGGGGGAAATTAAATTTAGTAGGCCAGCAGTAGGGTGCAAAGGCCATTAACGCGTAGTTAGACTGCCTCTGCTATACCTTTTTACATGTCTGGCTTGGGCGACTTTAATGATGTAATCCATGTAGGTCCGGGCCGGTTG,1768,49.1,Arabidopsis thaliana
SEQ_127061,GTTTGCTCACTTGTGAGAGCGCATTACTTGGGCGGCCCCCAGCTACCCTTCGCTTAATTTATGGCCCTCTAAGGTCCGCAGATCGCAGCTCTAGCCTCAAGAAACGGAGACCGCCCAATGGAGTACTGATTTCGTACGCATGGCTCTGTGCCCCTGCGGTCAAATCATTAGTAGGAAATTTGGTGCCCCCCAAATCCACAACCCGCTGTTGGTGTTATAGTTGGTACAGAGTCAGCTAGGTCACATACCCCCTTCCGATACACTAGGTTTGCTACTCCGTTCCCGGGTGGACTTCCCACAATGCGCTAGTTACCGGGCGCTGGCTAAGTGACCGTGCCTCAAGCAATTCGGTGTGAATCCGATGGGGGCTTATGGTATTGCAGATGTACACCGACTCTATCGCTAGTCTGTTACATTCCCACAGTAAGCCCAACTAGTCGCTGGTAAGAATTGTCTAAAATATACAGCTTACCCGGGGTTACCCTCGGGTCGCCCAGTAGATGCAGATTATGGGTTGCGAATTAAGCCTCGTCCGTGTGATCAGCATGCGAACGACGTGTTCGCTTGTTACGCTAGGGATGCCGGACTTCCGGGGAGCCCACCAAAGTGGTTATAGGCATGGTATGCGCGGCGTCCCCCCATAAGACATTCCCCGTCCTACGAGACCCTGAACTAGATTGCTGGTCACATGAACGAACCTCGATTTTCATGACCCAGACTTGGCTTGTGGGCGAGCCATGTGCCAGCAAGAGAATGAACCGGCCAGCTTCCGTTTCATCATGAGTGCGTATAGAGCCGGTGAGCAATCTCCTCTACGTCCTCTCCAACGTGTATTGGGTGGAGCTACTGTTAGACAAGATATCTGCTGGCTACGGAAGTCCTGGTGAAGCCAACAGGCTAGGACCAGACAAGGGGTTAATGCGATACTAACTCCGACGACAGGAAACCTGCGGCTTCGGTCGTTAACCCGTCTAATTAGGGGCGCGATCTCAAGAGCCTAAAGACCCACAGCTGTAGTTCGAGATACGATGAGTCATGTACGTAACCCGTAGAGTGGAGACGGTCGAGACGCCCTAGTGTAAACAGT,1087,52.9,Saccharomyces cerevisiae
SEQ_121519,CTGCAGCGGGAAGCATACTAAACCTGCGATCGTTGGGTGGCGCCTGCCCCCGGGATATAACCTCAATTCGTGTCTTCAAGTACGAAATTAAAAATAAAGGTACCCCAGATGTTGCTAGCTCGAAGCTGGCGCGTGTAGGAAACAGGTCAATTCACTAATCGATTGAAGTCAAAGTTCTGGGGAGATAGTCTCCTTAGTTAGCTTAGAACAAGGCGATGATGATTCCGTAACCAGTGCCGCAGAGCATTCAGGTGGTATTCAAAAACCAAAATGCTCGCTCTATTCTGTAAGTAGCCTAGTTATCCGACCTATCATGTTTTTAAACGGAACCCATCCACTCCGACTCAATGGTTTCTGGAATCACAGGAATGTTGCCAACAATTTCGGGCCTGAGGTGAAAAAAAGGTTCCCACCGTTGTATGGGTGCCTTGGGAAGCTTGATGTATCGCATACCGAGCCGAACTGCATCAACAGGTATCCCAGAAAATCGCGACGAGCCCACTTTCGGTGTGAAGGGAGTTAATCCCTGACGATCCCCTGCAACCCCGTTCTGTACCTCACCAAACCCGTCACAAGCGCTTTTCACATCTAAGCCGGAGTATATTATCGACAAGCGGTTAACACACAACATATGAGGTATACAAACGGATATCTTTCACGTGATCGAAGGCTTTCTGCCCGTGCGCAAGCCCGCTATTTTAGTCGAAGACGTCGCTAATCACAGTGGAATACGTTCCGAGCTGGTCGCTGTCTCGCGCTCTACATAAGGAGGACTTCTACGCAGGTGATAATAATTACCGGTAGACTCTCTTCCGAGCCCCTCGAAAGTTCCGCCAACATGGTTTTTCCTGTGAAGTTGACGCGGAGGTCGAAGCCGCACACTTCGAGAAATCACATATTACCTTCGACAGTTCGGGCGGTGTTCGCTGGCCCAAAGCTCGCGCTTTGAGCTACGTTTCTTTTGATAATTAAGGGGTCTATTTTCGTTTAAAACAAATCTCGCAGACCGTCGCTGCGCGTTCGCTTTCTGCCGGATACAAAGCCACAAACGAGGGCCAATCGCGGGACGCCGTCAACGTATGTGATCAGGACAAGGACTCAATCTGACTGGCGCGCTCGCGGGAGATCTTGTCCGGCTTCGGGCGGCCATGACCTGAAGCTAAATATCACACTACCCGGCTAGTTGTTAAGATCACACCACAATGCAATTGTTATGCCCTTTCATCTAGATTTCTACTGCCGACTCAGGGCATATCCGCAGCGGGCTAGTGATATATAGCTTCAAGGGT,1289,49.42,Mus musculus
SEQ_772257,GCGGGGTCGGCCGGGCACTGGCAAACTACTTACGGAATGATATATGCATCGAATCACTCCGCCCCGAACTTGTGAAGGAAGGTCTGGAATGACGTCGAGATGGGCGAATCGTGGATATTCCGATGTACCCCAAAGAGCCGATTCGGGCTAGTCTACCGACGAGAGTACGTAAGAGTCCCCTCGTGCCCGAAAACTACTTGGGAATCTAGCACGCGTATACAACTTACGCAATAACTTTGAAGGCTAAGGGATAGGCTCCGCTTGTCACAATTTCGTCGCTAACGTTATTATAAGTGTGGGAATAATGTCTCGGTACCTGGAGGACTTGCGAGTAGTTTTACCTTGCGGCGACAGTGTGTGTACTGTGCTACTTGTGAGGTGAGCGTCGCATGCAGACGCCTAATACTCTTATCTTTATAGCTGAAGCTCATGCAATGTGCAGTATACGGAACGTGGTTCTCGACGTCGACCCGTATATGATCGTACTCCGTCTACTACTAGCAAAATATCGATATGCGCGCTCGAGCCGTCTGGGGTTCGGACGACCATAACTCATGAATACATTTAACTAATGCTAGCTTAGCCGCCTCCTACTAGAATCGATCATGAATAAGTACTCTTGTCTCCCGGGTACAGCTAGACGGTGGGCGGTTCATCAATCCCGGAGTAGGTGAAGCGCCTCAGAAACCGAGCTTCCTGATTTACGCGTAGACCGGTGGACGGCTTCATTGATTCGTCTCTGAGCTCTCCCTTAGCGGGTCTTATTTGCCACGTATCCCCGCAGACGTAGGATAATATTTACCTTCTAAGCCCCGAGGGAAAGGTTTTCCCAGAGGGATGGCTGCCCGTGCTAACCACGTAAGGAGCTGGCTGGGCCAAGTAGTGGATTCACCATAATAGCTGTGATTTCGGAAATCCCGTACGGCATAAAGGGACTTAATTCGACATTCTGCGTGTGGCATAGATTTCTTGAACACAGTAAGGCTGTTGCCGTTAACAGTCCGACATCTGGTGAATATCCTCCGATCTCTTAACGTACGGTGCTATACAGTGGCTCTAACTAATGCCCAAGGTGACAGTTGATAACGGTACAATATTGTAGGTCTCTTTTTTTACCAATTCGATTGTACATCCTGCCCACTCCTAATTACGGAGATCCGCGCTTACGTGATCACTCTTTCGCTGATTTCCGAACGAATCAGTAGCGGTGGTGCGCGTCGGGACCATCAGCAGGTCGG,1238,49.68,Mus musculus
SEQ_209002,TCCGTTGAGCCTGTTTATCGAGTGCCACGTTTCCTCCAGCACGCATCGGTGGTCTGGTCGATCCTACATGATAGACCCGACGGTCGACACCACGCAGGGACCTTCCTAGGCGCCAGTTTCATTTACACAAGGTGTAACAGCGGCGTTAAGACCTCTGGCAGCCGCACGAGTTCGCGCCAGAACTGTAAGTCCAAGTGTGCCGCCACATTTACCATTTGACGATCGGGGGATCTTATCTGTAACTTCACACATCTTGCAGCAAATCCGATACCGGTATGATTCGGCAGCCAAATCCCTTGAAGTACGTGTTTGTGAATAATCCTAATGTTGATCGCCCGGGCTTGCGTTTATTTACCCCTTACAAGTATCATACGAGCGAGTTTGTCCTGCCCCAGCACTATGCCTTAGGGATGTTTGTCGTCCTACTCTCGTGTCAGTCTGTACTTCACAACTCCTGAATGTATTACAGTTGTAGCGTCCTAGTAGTCGAATATTGCGTGGCCCAAGCTAGGTATATCTAATCAAAGCTAGATTTATCGGATCTACTTACTGGGGCTACTCGGAGCTTTCTGCCCATGCCAGCCTTAGGGTTGGGGGTAGTCCCAGTTGTGGCGGTTTGGTACCATTAAACTAAGGCAGCTTAGTTCGGTAGCACGGATACAAGCTGGTGTAGTCTCAGTTACGCATATTAGCGTTCGCAAGCCAGTGAGTTAATTGCGAGCTCTTCATGGTGAGCCTTATATAACTGATTAAGAGCCACGCGTTCCCAACTGAGTCAACGTAGTGGAGGCGATATCTTTTAAACTTCTCGGATCCGATCATGCCATGCTCTCAGTATTATAGATAGGGGCGGACTTAGTTTGATACAGACGCTCCGGGCTCCATACCGTCTGCTCACGCGGACGGTTTATTGGAGGAGCCGCAATGAGTGTTCTATCAACAGTCGAACATCAACGATCGTTCATGCGCGCAACTAATGCGCTCTACCACTATTGGCCTGGTAAACATTCCTCACCTCTTCACAATCTCAAGAGACGTCGAAAGACAAGCTCGGTACTTCGCCATGGGTTAGGCGCACGCAGACGTGAGAAGTAATTTGTCGTCATGAGCTCCTGAGGAAAATAACAGGTAGGTCGTCCGTGAGTGCCGTATGCCGACAATTGCCGAAGAATTTCTAACCCCATCTAGTGCTAAAGCAAGGCCGTTTAGATTATTCTCCATTGGAGGGTCTAGCACTGGAAATCCAAGTGTATGTCCCATATGCTACCTCCGACCCCTGACAGTATTGCTAGCGAATACGGGTGTATCCTTAAAAAATCACGATGAAATATATGCCGCCTGATAAAGGAGCCATTTACAAGCACTTTGCTACCTCTCCTTATGCGGGGAA,1390,48.85,Arabidopsis thaliana
SEQ_505454,TTAGTTCGTTTCCCCTATATATGTAACTTGGTAGGACCTGCACGAGATAATGGCCATCATAACGACTTCCAGTACGCCGTCCCAGGTACGCGAAGTGAACGGATGCAGTATAACACCTACTGTTGAACGCCCCTTCTACCGTCATGGGACCTGTCGGTTTCTTGGTGAGTTCAAAGCACTGCCCCTCGCCTCATACTAAAGTCAGCCCCGACGGTATCCAACGGCAGTGCGAACAAAGCTGTGCCGACTAGGGTTTTTCGTATGACTGGTTTTTCGCCTGCTAAATTCAATCGCCCATCCCTACAGCGGGCGTGCGGGCAGTACACTATTCGGAAGCGTCAGTTCTGAAGTGAGTTGTCCCGATATCTCATCACACAGGCTTTACATGACTAGGCCGGGGCGAGTGTTATTGCCACGAGAACCGGAACGGACCAGATCAAGCCCATTTAGTCGTGCCGTTGTTCCTGGTCATCAGGCAGGTTCGCGCTAGCCAGTGAGAGGACGCGGCTCTTATTCCTGACGTCCTCTATACGTAGCTCACCAAGTGTATGTCGGCCGGAACGCCCATGAAAACGGGCGCGCTCAGTCTCTTGGAACTACATGATAAAGTCACCCGGGTTCAGCGGCTAGCAGTAGACGTACTCATTCTAGACACAGCGACGTTAAAGCATCAAGGCCCTTAACCAGCCCCTCTTGAAGCGGTCGCCCAGGGACGGTCTAGGCGGAGTCCAAGGGGTCTATTGTGGGTTTCTCGAATACATTGGCCTGTCTCTAAACGACCGAACACGAGGCACAGCCCGTTATTTGGCAGTAAGGATGGATGACATAATTCGGTGTTTTAGTTGAGTGGTCTGACATATAGCCCCTGTAGGGTGAGGTAGCAGGGAACCCGACTGAGCAGCCGATTGAGAGCCGATACGGGTTGTGATGAGTGCTCTGGGGACTGCGAGCGCCTCAGCAGAACTACAGCTCACAACGAGCATCGGTGCGTTGTCTTGTTGACTATGATTCATAGGGCACGTCAGAAACCTTTATCCAGGATAACCTCGTCGCCATGCTATATAATTCACACTACACGTACGAGGACCCTCATGCTTCGCCTAACGACCTGCTACCACCCCGTATGAGATAACCATACCGTCGAGAATTTCTAATAAAGGCCGCAGGATTGTGACCTTTGAAACAGTTAGATCACCCTCTAGGAGACTTAGAGGGGAGAAGGACGGTAGCACCCCTTGGTACTATTGCCAAGCATGAGGCTACCGGCTTGATGCCCAGTTTGTTCGCAACCCCTAGGCGGGTTGCTATTGACATTTTGCCCCTAATTGGCTAAGTTCGCGTGACAGCAAAAAGAGTCTGCATCCGGGCGCAGTGCTCGTCAACCCGGCAACGATCTCTTAGACCTGGGCGCGGGCATCATTTATAGAACTTGGGTTACGATCCAATCTTTTGTGAATTGACAATATCTACATCCGTATCAGGAGAGGTTACACGGTGCTAGATGGCCGGCACGTTGAAGCTGAATAGTCACGTGAGAGCTTTGATTTATGAGAAGCACGTCTTTTTGGTCCAGTTGTACTTGTCCAACCAAAATATTCGCCGTTAGGCCTTACGAGGTAATCTACCCATCAGCCAATAAGTGTGCCCGCCTCGATATAATGCCA,1664,51.44,Saccharomyces cerevisiae
SEQ_339277,TGGCAAAGATTTACAGGTTTCATCTATGCACGGTGGGTGCGGCTCGCAACCTCGAAACCGGCGACTGATTAAAAGTTTGGTGGGGAATGCAGGAATCTCCTGGTCTGGGGGTTCGTGTCGGAATGCTGCCCCTCTTCCCTGTAAACTTCCTGTTTGACCGTCTCCTTAGGATCGAAAAACACTCCGGTGCCGCTCTAAGTTCCTCGCAGATACTACACAACTAGGTATATTGGGTACAGGGGTGGCACCAACCCGAGACTCGGTAGTGGGCTCTGGCATAATCTGTCGCGAGGTTTTGGGAACCCGTTTGCCGATGTCGCGGCCGCTACAACGGACTTGTGCCAAACGGCGATCCGAGTAGAAGTGTCAATGCACTAACCCGTTCATTGAGGCCAAGGGAAAAAACGTGTTATAGAAGTAGTCAGCACAGCTCCGACTATTTTTGGCTTCATTCTAAGTCCACGCGTGTGGAGTCGCGGACGCAGGTATGACATCGTATCCAGCGCAGGCGCACCTCAGGGTCCAAGGGGTATCGCGTGCTATACTTCGCTCATACACCATTGAGTATCTTTAACGCCTTGGAGCGCACGCGACTATTATTGACCCCCGATCGCAACCGGGGAAGTGTAGTAGCAATTCCGTAGATAAAGATGAGGAAGAGGCGAACAAATAAAGTCCGCTGCCGAAGATACATGAATAGGTGAACTTGATGTTTTGTAACTGCGACTACGACAGTTTCTTAATACCGTATTCATACCTGTTGCTGGGGAACTGGAACGACGCAACACTCATAACTTGGCGACGACAAATGGGTCACACGTCTACCCCAAAGGGCAAACGCCAACCGCAATCGGCTACTAGGGTCAGGCTGCATGTGGTGGCTCTCGGGTACGGTGATACGTATACGTCACGAAACATTAGTTTGGCAGAGCGCCCCAGACGTTTGTAAGCGCGAATTGATTATTAACCCAACTGCATAACGTAGTACAACCCTCGTTCAGCCAGA,1006,51.19,Homo sapiens
SEQ_538599,ATATGATAACACGGTGACCAAGATCATCAGCTTTAATGCAATGCTGGATTCGAAAGCATATCGCCGCCGGCGGGAAGGGGCGGGATCCGTCATCTCGATGGGTAGATCCTCTAACCGATCATTAGTATTATCTAGTCTGATGCTATAGCTCGAGCTTGGCTTGGTGGTTTTACCGCGTGTTAAATCGATAGGATGAGTTGGGATCACAATAGTACGGTCTATTAACATAGAACAAGCTCGGATGCAAGATACTATGTCTAATGAGAAAACATGGGCCCCCGCGCCCAGCAGGCACGTTTTCTTCATTGCACATAGGAGGCCAAACTCGTAAAAGCAATGACTTCCGTCACAAACAAAGGGCGAATGATTAATCTGACCGCTACGGAAGATTGCCAGAAGTCGAATAGATACCTGCTACAGCTGTATCCACAGCGTGGTCACGAGTGCCTCGATTCCTTAGTCCTCCAACGGCTGTTTCCGGCCCCAGATTCTAACAAGTCGAACGTTCAGTCGTTCAAACATGATGGA,528,47.73,Mus musculus
SEQ_422563,TGCATGCATGGGGTTAATAACAATTCATGAAGCGTCCCCAATACGCTAAATACGAGCAATGTACGCTCGTAGTTGCCAGGCATACTTCGTCGGATTAGCGCGGCCATTGAAAACCACCCTTCTGGGACATGTATCAATGGTCAATGACTACCAACGTACTGACCATCCATTCTCACGCCTAATACAATAAGCTTTTCGTTGAAAACCTCTGCACCCAATAAATAATCGAAACGTCATCGGAGGGGGGCACCTGTCTGGCACCCGCACGCTTCGGTCCGGGGAGAATTGAGGTGTGAACCGCTGCCATAATAGCTTATATTTCCACGCTTCGCAATGAGATGGGGATCCATCTTTACACATCATATATGATCTGGTGACGATAAACGTCGGGGCCGCGGAAACTGTCTTTACAATGTAGTGGAGACCGAACGGGGGGATATGATCTTGCGTAGCATATATAGAGTGAATTATTGCCACCCTCACAGACGTAGGCCTACAAATTGATGCCTCAGTAAAAGGGTGAGGGGTCACATGACGGAATGAAAAATCGGACCGTTCGAATAAGTTAGTGCACGCGGCATCCGGGACATGGTATCCACGTTAGAATCTATGGCCTGTTCGTATTGCGCCGTCACACAGATGTTCCGTTACCCTGCGTCTTGACTACAAACAGGAGTGAGGGAGGGGATGAGAGGGTGGCTATCTTGAATAATAGCTCGCCATCGTCCTTTATTCGTCTGTTCATTGATCGGGTGGGAATGGCCCCCCCGGCAGTGTGGGCTGTAGCATCTGTCGTATGAGGCGCATAGAGTGTGCGATTGGACGTACTTCTTCCGAAGACCAATCGCTGCAGAAATTCAGTGATTTCAGCGGGGTGACCAGCGTAGTCTCCCAGGCCACGTTTGTTCAGTCTTCGTAGCGCTCGGTTAATCTCGCACATTGAATCACAAGTTCCACGGGGTAAGGTTCTTCAACGTCATTATGGATGAGAGTTCAATTTAAGCGATACTCAAACGAGTACTCGTAGGGATGTATGGGAAGAACGTACTGATCCCCG,1057,49.2,Drosophila melanogaster
SEQ_716444,CAATCCCATCCTCACTGCTTCGACCTCTCCACATTCTAAAATAGCGCTGAATGTTCGTTTTTTAGCGTAGCAAGATTGACCTGGGGGGAGATACCTCAGGTGAATACTTCACGCACAAAGGATACGTCTCTGGTAATTCCTTTCGGACCCGTATCCCAATAATTGATCGACCTGGGAGCCTTGGGTAAAGGGGATGATCGCCAAAGTTTGGGGGAGACGCTGGCTTTACCTTACCGGTTTGCGTTTTATAATGTTCGCAATAAAACTACCGGCTACACAAAGCTGTTCCATTCCCCGGGTTGGCCAACTCTAAAAACTGAAGCCTTCCTAATTAGATTTCCCACCCCGTGGCATCTTACTATGCCTTAACGATGAACCATTAGAGACAATCCACCCGTTACGGCCACTGGGTCTTGGGAACGGTGACGGCGCCCGAATCCCATCTAACGTCGTACAGGCAGCGTGGCTAATTCCACATGGGCGTGCTAGCGTCCGTCACTCGACCTTTCAGGCTCGGCACATGATCTGGCGTGTGTTGGTAATACGCATCATGGGGTCTTAGGGTGATTCAAGTGCTTTGGCTGATGAAAACACTCCAGTAGAGTTAACCACACTTGCAATAGAGTCAAATATAGATAGCGCTCGCCGCTTTTAAAGTTTCAGCCGATGACATCTTGCATGTCTCGGGTACTAAACTAAAGAAGATGATAGAACTAGAAGCCTGAAGGCTGACCTAAAGGAAGTAACTCCCCCTGTGCTTCACATACGAGGGTCTTGTGAACATTGGCGGGCGAGTTTGGCATAGAGGAATCCCATGCGATATCCAACCGCTCCCGTATAACTGGGCAGCCAGTATTCAGTTGCCACCGAATACCCGGAAGGCGTCGAAAGCGTCAAGCGCGTTGAATCGTTGATAGGGGCTGGTATCATTTCAGGGCCAACATTGTGCCGGAAGACTGAAGAAGCTGGGGCCACGCTAAGTACTATTTAGAATTTGGCAAAGCTGCTCCTGGCAGACGACAAACGCACCAGTGAACCAAGAACACGCGTCGCGCGATCTGCTTTTAATACACTAACGACCTCAGTTTCCCGGAAATAAGCTCCCTGTTCTTAATGTATAGTGTTGCTAAAGCGAGCCTTCCCCCTACTGGTGTCCCCCTTATCATTTCAAAGGAAAAAATCCTCTAATAATGCTTTTACTGGGACCTCATCTACGTGAGGTTAAGGGCGAGGAACGGAGATTTTACACAAAACACACAAGCGATAACGCGTTGTTAATGCTCGTGTAATCATTCTCAGTGAAAACACACGTCAGTGGCTAGGAGAGGACCTTTAAAAGACATCCAACAGGGTGCATGAAACGCTTTTGAATAATCCACGAGCACCGGGGACGTAGACATTGGCCACGTCTGAAGTTCGGGTGTACCGGAACACGTTCTGTGATTAACTGTTCTGCTGCGATACCCGCCCCGTAAGGTCTGCGACATAAAACGAACCCAGCGCTGCCATCCACCGAATGTAAAAAGGGGTGCGCCTATACTGCAGAGCGCTTACCAGGAATCGCGTCGCGATGCGGGGACTCGAGACGGTGCCATTTTCTGAGCGTTTAGCTTGCAGTGCTCTAGCCGTAGCGGTCCATGCCTTAATACGCCCGTATGCAGCGACTCACCGACTACCTCACTC,1683,49.79,Mus musculus
SEQ_735922,TAAATTAGCCGGGAGCAGTTGAATAATCTCGTCAGATGATAGATCACCAACGATTTTTGCTATTCAGCAATGCGTCCCGACGCCAAACCAGTACGGCTTGTCCTACCCCACTGTCGACACACCCTACAGTTCGCCAGCCGCGCCCATTGTTTTCCAAACGGTCGGGCAGATGTGGATAGTTCCTATCGGTCTGGATAGGAGAGGAAAGCATCTCGGTTCTCCCTGGAGGACGCCGAGCGATGGCGAATGCATGTGTTGGGGCCCGTGCTGAGGTCACGGGGTTCGGCGCAAGCTTTGAATACGAGCCACAAAAACTTACATCCACCCAAGGACTATGGGTCGGAGTTAGTTAGCCACCGAGGCTCTTGAACCGGGCGGTTTCGGCGTCATGCGAAGTA,398,54.27,Saccharomyces cerevisiae
SEQ_148446,ATGATCGGGACTTGTATTTGTGTGCTATGGAAGAGGCAAGCAACCGGCTGTTACAAATAGACTATCGGCCGCCGTACAGAGTTCCGGTCGGTGAGGCCGCGTATCTCCGAAGGCGAGGATATCGTATGTCCAAGCCTAGCAGCGAAACGTTCCTCTGCCCCTCCGCGCCTCAACTGATTCCCGTGCCGTTGTAAGTGATGGGGAACGACGAGTAGTTCGGCACGGTCGTTACAAGCATAGAGGAAAGAGGGAGCAGCAGTGAATCCCTTGTATTTAGATTTTTTGTGCTCACTCCAGGAATGGCACCGAATTCTAACTAGCAGTCTTGTCGGCATCCTTGTCATCTCTGTTTTGAGCTTAAACTGTGGGAGGGTCCCTCACTGGCCTGGCTAATCAATGATTCTCCTCTGCCAGAACGAACCCAGCTTGCATAACGTACACATGTCCGCATCTGACCTTGTGGCCGAGTACGGGGTCTAGAGCCACGTCACTTTTACGCGACCATAAGAAACAATTAATTAGCGTCAAGCTGGTGCTACACCGTGAGACAAAGTCCTGGTATTCTGTCCGTGGGGCAGCGAGTTCTCTAATTCCTATTATGAAAAACCCAAGCAGAATGGCAATCGCTTGTCTGTCGGTTCCTAATGCAAGGCAATGATAATGGATCAAGGGAGGTGTTACCCATCAAGGACGAAAGTAGGCATACCAGTGGGAGTGAATCAAACTCCACAAATGACGTTTAAAGCATGCTAAGCCACGCTGAGAGGTGTAGACAGAAAATATCAAGTTCTCTGGGCCGGCCGACAGTCGCAACTGACCACACGGGAGTCAGGCCTCAATGCAGCAGTACGTGCTCGTTTCAATGGGGCAGCGTAGAGAATTACGCCAAGTTACAGATAATACAATTGAAAATTAGCGGCTCCCCCGAGTTGATAAAGAGCCACTATGCCGGGGAGGGCGGCCTTGATGCTTAACGTGGATTTATTTTGACCTCGGACCGCTTACGCCTGGTTATGAGAGACGTCGGGATTGGTATTACCGTTGCTGATTCTGACGCCTTCAATCAGGAAACATAGTAATCTCTATGCACAGCGACTGGGCTTATAGTCATATGTGGTAGCGTAGGGGTGAAGAATCCTATCGATTGTTATCGACGTGCTTAAGAAAGAGTGACCTGTAGCCAACCTGCATAAGTAACTGAAACAAACGCAGTGACGAAATTGGGTGAGCCACCACTCCTAATTACGGCTGAATGGGAGGGAGGTCGACACTGAGTAACAAATGTCTGAGTTTTCATGTCAGCGAATCACCAACCCACGTCGGTATCCCACAAGAAGTTTTAATCTCCTAACGTTGTGGATATCGGCCGCGAGAAATGGTAAGATCTCCCTCGTTACTATAATACTCTAGTACAGTAGGTAGGCGAGGGCTAAAGCAAGTCGCTATAAGTCAGTTCTCCGCGAGAGGTGAGGCGTGGCGTAAAGGGACGATCTACGCGCCGACATTCCATTTGTTTGTACGTTTGAATTATAAACATAGGCTCTTTGGTTTTGGTGTCAGATCGTGCTCCCATGCGCTGATCGATTAGGGTGACTAGATCGCCTGTTCAACTTTTCCTTAAGTTTTTGAAAGCCTAGTAAACGGGCGTTAAAGGGTGAAGAATTTCTATGCATGAGCGATTAGACTGTCGGCAAGTGCTACATGTAGGACGCGTGGCGCTCTGAGCTCAGGTTGAGTTATGCTAGGGTCGCTAAAGCCATAACAAGGGTGAGCCTATTCAGGTCCA,1786,48.82,Mus musculus
SEQ_665022,TAACCCGCGGGATTTTTGCTGTTCGCGATATTCACGCAGTTGAAATGCCTCAGGAGCATCACGCTAAAGAGACTATCGCAGGAGAAGATTTGTCGCTATTATTGGAATAAGAATGCATACGTCCGCCGGATTTGAAGACTCCGTGTGTCTACTAACTTTAGTGCCGGCACGAGCACGAGACTTTGCGCAACCTATTCCGGATTCTACCGGGACCCAAAGGTTACCTAGATGAAAAGCGCGGGCTCCGCAGTCGCACCGACGAGAGCGTCAAAGGCGCAGCGAGGGTGAATCATTTTAGGCCGTGACGAAGAGATGTTATACGGAGAAGGAACAGCTTCAGCGCACAGCAGCTAGTACCTGCCGATAAATCTCATTAGGAAACACTTGAAATACTCTCCTGCCCATGGGACTAAATTTTGAGGAGGTTATGAAAAGGACTGTCGACTCAACTCGTCTGCAGGGTACTACGCGCCAGGTTCATGTCTCATTCCTTTTCGGTTGTAGTTCTTCGCGGCGCGATTGCCACGCTTGGAGGAATACTCATTGGGTTTCTGACTCTACGGAACATGTAACTAACACAGAACAGGGCCCTCATCACCTTGGTAAAAGCATATTATATGTAAAAAACATTTGCACCCTGGGCGCCTGTGACCCTTGCCTACCGAGTGTTCGAACACAATTGGTGGTGGCGTTGCCGGACTTTAGAATTTCGGAGGAGGTTTGGGCCAACCCGACGCCTTCCCAACCGGTACTAATCGGTGTTCTCGGGAACCGGTAGAGCGATCATTTAGGCACCATGACGAGTTTGGCATAGTTAGGGTGTAATCATGCGCCGAACCGCACGCCCTGTT,851,50.41,Arabidopsis thaliana
SEQ_180150,GTCGCAAAAAAATTCTTTAATCAATGTAGCTAACTTCAGACCAGAACATCGTTTTTTTGTTTAGAGTTGGTCCAATCCATGAAAATCAAGCACTGCGGATTCTATAGAAAGTCAAACGCACTTCGTAGTTGATCGTCGGTTAGAGCCAACGGCATCATTCTTGAACGGCTCGTCCAGCAACTACTTGCGGTGGCTTCACACAGGTTCTATTCGGCTGGTCCAGAATCCTAGAAACGAGAGAGGCTACCCCGATAACAGCGGCTTAAGCAAAAAGACGATGCGGTTCGGAAACGGCCGAGACTGCGTTCTACAGTAATGCCTTCAGGTCTCCCTTTTACGCCTTTTATATCGCCGCGGATTTCTGCAAATTTGAATCATCTACAACGTAAGGTAACAGGCACATCAGTGATACTCCCCTACATTAATAGCGAGCGGTCCTGTCAATGTGTCACAATAGCTGCGCCATGTCCAAAGCATGATATCTTCATGTGAGGGCATGTCACTTCAAAGACCAGCCGGAAGCAAGTGTCTGAATTGGTCCGACGTGCAAAAGGGTGTCCTGTCATAGGTTCGTGACGAGTTGTAGGGTGGTAATTATCCTAGCTCCCAGTATACCTGGCGTAAGGCCCAAATCATAAGGGGATTGCGCAACCTGCGTCGAAGTTGGCACCAAGTTAAGCCCGCGGAAGCGAGCTTTATACCACAACGGTGATGTTACCGCACGGAATAAATCTTGGTAGTCCAAGCGCTGGTGACGCCCGCTTACCACGCTTGATGTCTCGAACTTATTCTGGT,795,47.92,Homo sapiens
SEQ_673864,GTCGAACAAAGACCTTGCCGCCTGACACACGGGACCTGCGGGTTATCAGGGTTGCCCGTAACCCCAGGCGTACCGCAGGTGCGTAGTCTACTACAGCTTGTAGGCCCTAGCCCGGGGTGACCCTGCTTCTCTATCACTTTGGGATGCCTAACGTCCATCCTCAGTGATCGCTGACAGTGCTATCGTCTGATCAACTCCGAGTCACACTATAATCCATCTAGCGTGCGCAAAAAGAAGATCTGAAAAGCCGACAGCACGAATTTCTGTTCTTGACTTGACCCTTATCAACAATCTTTCGCCGCCAACGGTTTACCCGCAATTTGAATCTTAACGACCTACAAACGTATGTACCACCAAGTACACGCAACGGTTTCCTAGCCGCGCCCCGCGATCTTTGGAGCTGGTCCACCTCTTCCCCCGCCTGATTTGCAATGCAGCTTCCTATTTTTGGCCGGTTTATGCGGGTGACACGGAGACGCCACCCTTGGATTCCCGCGAAGTAAAAGACTGCGATTGGGTTCCGTATGAATTTGAATGCGGCTTCAGCGATCAATGACTAAGCAACAATTTCACGT,575,52.0,Escherichia coli
SEQ_566893,ATGGCCACAATAAGGCGAGTTATGGCTATAGTGGCAAAACCAGATAAAACAGAGCATAGCGCATGACCAATTTTCGATTTGGGGCGACTTTCTGAAGGTGTAGGCGCAGAAGATTAGGACCCAGTGTGCTAGTCTCCAGGGGCGCCAACTTGAAGTGCTCCAAATTTTGTGAGTACCCCGAGGCTGGGACTGTCTATTCGGTGGTTCGGTTCAACATCAGT,221,49.32,Mus musculus
SEQ_943835,GACATTTTACCCCTTAGCTGGACCGCCTTAGTGCCTCTGTCACTGGTACCAATACCACAATTCCAATACAATGCACCAGCCCCGCCCGTACTGCGGAGCAGAGTTGGTTGATCAGCAGGAACAGCAAGTGTCTCGTATGAACCAGCTCGCGCTGGAATATCTACCCAAACAGCACTGCCCCGGACTTCACTTCACTATTACCCCCATCCTAAACCACAAGCCATTCACGCATATGGTAGGTACAGAATCCTGCCTCGCCGGCCATGATACTTGCGAGGCCGTTAACCCAAAAGCTTGAATCTAGCTCATGCTGGAACAGCACCACATCAATATTAAAGATCCTTACCTCTCCCGCGTCTCGTCTCACGGTGTCCTCTAAGGCATAACAACATCAACGCACGGCTCGCGGGCGGTCAAACCTTCCGCTCGAGGTTCGAAGTGTCACCCTAGATTTTTCAGTAACTACAAGGTGTCATAGAGCTGGGTAAGGGAGAGCTCATTATCGATAGCAGGGGTATACAATTTACCCTTTGAATATGCACAAAATAATCTACTTAGTTGGACCCAATGCCGTTACACCAACCGATCTGAATAAAGAAGTACAATCCCATGATTCTCGCAAGTATGAATCGGGAAGGGCTCGAGGCATATTCGCTCGTTATTCTTCGTGCTCGCTTAATGCCGCATGGCCATGGGTGTCGAACCATCCTTGGTGAGGTATTCTGATGTCATCAGGATCGTACCTAGATCATGTAGTCTCGTGAACTTATAAGAGGCCCACCACACACCAGGCCTAATCGCGCGTATGACAAAGTCTCGTGGTGTCCCATGCCTTTTGCGCGGATAAACCAATCCTTAGCGACAACCGCCCGGACGGCTCTCGCCTCGTCATACCTCATTAGCAGCATTGACTATCTTAGAAGTTCCCGTGTCGTACCTCAGGGACCAACCCCGCCGCAAACAGTGTGTATATTCATAAGGAATTAGCAGTCACAACACGGGTTATCAGGGGTAAAGCCATGTAGCTGGAGGCCCGTTAACCTATCAAGACGTTTGTCATAGCTGAAATACTTGCAGCGCGGTTCTATAATCGGTTCTATGTCTGCCCTAACGACCTACATTCTCAACAAGGGATGAATAACCATATCCGAGGGGCAAGACGCGTAAAATGATAGTCTTATGAGTTCACCGGGCTAGATTGTGACTGGCCAATATCTTGTACATTATGGCCCTCGTAACGACTAGAGACCGCAGACTTGTTGGAGCCTTGAACACTAATTGGACGAGCCTTCTGGGCGTTGGTTAGGCAATGAAGAAAATCCACAGCGCAACAAAAGATCGATAGCTTTAGACGTTGAGCATAAGATTAAGCCTCCTGAGAGACCGCCATTAGGTTTAACTTTCCAACGACTCACGGCGAACTTTGCCGGCAACAGGGATGATTCTAATGTTGTGCAGCGTCAGTCAACGCACTAGTCAAGTAAGATCCCCGCGTTACCACTGTTCGCGATTAGTCACCGGAAGACCATTAGGGGTACCGTCAATGACAGGCTAGGTGAACGGAGGCTCGAAGCTCAATGGCACTGGCCCGAAGGTATCTCCCTTTACCATGTCAGCCAGCACACTTCTTAGTACTAACGGTAACCTACAACCCTGGTTTCTATCCGAAACGTGGCTAATTTCGAAACGTGACTCGTCTAA,1701,49.15,Escherichia coli
SEQ_183270,ACGGAGCGCCTACTCTGTACTAATCTTGTATCGAATTGACCTCACCCCGCAGGCGACAGTTGCGGGTCCATCAGGGAGTGCGCTATGAGTCACATTGTACTAGTCTTCACCAATCCCGGTTGAAGCGCTCTTTCTACATCGTAGCACGCTGGTACCGAATTACTTAGGGAGGGGTAGTATCATAAGGCCTTCGGATGCATACCATGGAGATTTCTTTGTCTTTTTCCGCGAGAGGTCCGGGGATTCCTGGCGGTGATGGGTTAAAAAAGATAGAGACCAATGCATCTATCGAGACTTACTGTGTATTAGCCTCTTCCCAGCGTTTTGTGCTAGGGCTGAGAGCGTTCTTAAGCTACCGACGCTCTTCAACCCGTGTCACTTCACGGTTACTCGGCGGAGGGCGCCGCCATGTGTCGCTTTGGACCTTGCCGGAGACCGGCAGAAAATAGACTAAAAGAAGACGTCACGTAAGGTGGCATTGATCACCGGCCGGATCAAATTTACTAATTCGCTCCCACAGGTTCTTAGAGTTGGCCCTTATAGGCCAACCTCTGGGACCGACACGACAGTAGGTCCCATTGTGCTCGCTTGAGTCCTACATATAGTGTGTAGGCCCTCTTGACGGGGCGATCAGTATAGGTAGTGATGTTAGTACCCTTTTTCGAAGGGATGATCCGTAGCCATGAGAATCTGTTACGTTTCCCAGCCAGGAATTTATGCGACCGCCAGCGTATAGGCGATGATGATTTCCTGCTTTTACTTCCGCACCATCTCGGGTTTCTAAGATCACGAATAGCGCGCAGCCAACGGAGCGGTCTAACTTCGTGGCACGCTTTTAGTACATAAACTTTTGTTCGAGGTAAAAACGGCTGCGCCATTCCATAGCACGATCGACGCGAACCTTAGAGTAAATGCCATGTGAAGTGAGAGAAATATCCAGTTGGAAATTATCGTTAATCGTGTTCCTTCCCCCCCGGCAACACCCAGTTGTTTTCTCAAGTCCGAGCAGTGAACTAACCGGATGAGAACTAGTTGCCCGTTCTTGCCTGGTGCGAACGCTAGTCCTTTACGGCCGATGCAGAGCCAGTGAGCGAAAGCTGAGAAAAAGAGTGTACATCAAGGAGATGGGGTCCTTATTACGAACCGCATACGACTGCCACTCAGAAGGCAGTACAGAAGCTAATATCGTGCCGACGAGCGTACGATCGAAAATGCAAGACACCCTGTGAGTTGCGTTTTTGCGTGTGTTCTGTACTGGTAGCGCTTATCTTGTGCGATCGAGTGTCACTTTAGCGGCCGTGTCGATTCCGAGGGCGGCAGATTTGCCGGCCTCGATTAGGGCTGAAAATGGCAAGCCTTCCCCTAAAGCCATGCAGTACAGCCCAGCAGTGATTGATCGGCACTATCGCAAGCCGAAGGTACGCAGGATGTGATGACCACTTCTTATTATTTATCAAGGGTACTCGGACAAGATGTCCGCTAGCCAGGCACTCCCACAGGCGGGCATACCTTGAATGGTTGCCATGAGACCGTGACCGCTGGAGAGTAGAGCGACAGTTTATCAGGGAACCTCTAAAGTG,1580,50.95,Escherichia coli
SEQ_662033,GCAAACTGGGGCAAGTATCTAAGGCACAGGCGGTGGACAAATGTATCAAAGCTGGGAAAGTTAGCTTGCCATAACAAGGTACCGACACTCACCGTAGTCGAGGCTTGC,108,50.93,Drosophila melanogaster
SEQ_100058,GTTCAGTTTGCCTAATGACCTCGCATCGCTGGCCTGGATATGGCCCAGCTTAGTAAGTTTGGTCGGCCAGTCCAGACCTGATCTATCTGGTTTGGAAACCTCTTGACCTTGCGGCCACACATGGACGGGGATAACTTTACTTTGCAGGTCTCCTCATAGCTATTTACGGCCTAGAGGCACTTGTAATTTCGTACTCGACCTCGCCCTTGAATCACTGAACTCGACCTTCCCGAGGATCATACACATCACGGGAAAATATGAATATGGTGTTTGAAGCGGCCGGGAGAGTACTATAGGCGCAGCAAATCATGTGGCTATCCAACCATATTAATAATACATCGAACAAAGTAAAGCTAAGCCAGAGTAAGCCCACCCTGCTTGTACTAACCAAATTCATATCTATAAGCTACGTGG,414,47.1,Escherichia coli
SEQ_854973,TCCGATTTCTGCGCTGACCTATTATTTGACATCCATAAACCCGATTACCGATATTAAACTTGTAATACCAGCCTGTGTGGGTTCTTGACGGAGACCCGCCAGAGAGCTTCATAGTGCAGCGTCCGGCGACACTTTCCGACCGGGCGTTCAGAGTAGTACCTGAGCGTGAGCAGTATTGTCTTCGTCGTACTTTGGCTTCGCACAATGTGGGCAGTTCGTACGGTTGGATATTGAGTTCGGGGCGCGTCCAGCAGTCGCCGTTTTATGACGCTTTGTGTTATCCGTCCATGAAGAGGCGGCTATATGTGGTAGTGCCCCAGCATATCCCCCCGCCGCGGTGCTATTCTATATACCCCTTGCAGCTCGTCATAGCCGTTCAACGCTGATGGGTTCTGGATCAGTGCGGAGGGTGATGGTCCGAGGTGTGAAGGCTAATCTAAGGCGCTTTCTTCCGGATGCGTGATAGCCGGGCATCGCTGCGAATATCTACTTAATAGCAGTAGCAGTCCGTGAAAGATGTTACTGTTGCCTAGTTGGCGTTCCGAGGCCGTCGCGTCTACCCGAATACCGAAGGGAATGATCCGACTTGCGACTGCCCCCCGCGATCCAAGCTATAGCACCTAAACTAGGGAACCAGACAGTGCATCCTAGGCCGCCCGTAATAAGCCGTGTGCTGAGGTTATAAAGATCGGTCTTCCAGCATAATAAATAATCCAACGCCTGTTTACCTAGAACCCCGGGTCTTCTGTGGATGACACCGGACCCGACGCAAGTTTTGCTCCGCCATACATGCCGGTCATAGATGAGGACGATTTACATGCATCGAAGCGTTCTCACCAAAGGTTCGCCGCTAGTAGAGATCGCATACCGTCAGATCGGCTGGCAATTCTTGTTGCTCCATTCTTCTGTTTAACACAATAGGT,923,52.11,Mus musculus
SEQ_629842,TGTGTGGGCCTATGCCTACTGAAAAAGTGGCCTACTGTAGCGAGGGTCGTACCCCTGAGACGATAGGAAAACCAAGCCAGGGGTATTTCAGGAAAGTCTCCAGTGAAGAAACGGTCCTAATTATTATCAACCCTACAGGTTCATGTACGCAGGATATAGATGAAGTGACGAAATTCGTCGCTTGTCGGGCGAAGCGTCTCCAAAAGCAGTGCATAGAAGGGCGGCAATGGTTTGGTATCCACCAAAGAGGTGTCGGATTGGGGGGTCCCAAGCTCGGGGACTCTGTTCTCCGGCCAGTCAGTTAAGGGAGCTTTACCGGCTAGCAGATGGGCGAAGGACTGACCCGTAATGTTCATGCGGTCGGCCTGGCATCCATACGTGCATCTTGCTCTGATTTGGATCCCCGCTTCAAGCCCCCCATACTCCCAAACTCTCGTCGTTGAGTTTTTATGGCTACTACATAAAATCCTTATGAACCACCACAATCCCCAGTTACAATATTTAATCGCTTACTAACCTGAGCGATTTACAACGAACACGGTACATGATAGGTCAATATACAACCGGAACCGGGGCTCTTCTACGGGTAGGTATACGGAATGGGAAGGTCGGATATGGTTGCCGGTAGGCTGAGTTCTCCGTCCATGTCACATTAGGGGAGCTCTTGACCTCTACCCTGCATCACAATACCGCGGTCCGGCCCACATCTTGGTATGATCCCAAAG,725,50.76,Arabidopsis thaliana
SEQ_255306,CTGTATATCTCGCTAGTCAGCAATCTCGCGAACTGCCTAAGAGGCGTCGATACGGCGAGTGGTATTGGTTACGGGCCTAGACGTGTGGATCTCATCAATTCAGGATGCGAATGGGGTAGAGCCCCGTAAGACTCCCTCCTAGTGACCGGGGACGATCACCATCAAACCATACACATCTGGACTTTCGGAACAAAACCGTAATCTCGCACGCACGAAGAAGGTGAAGCTCGTGGAGCCGATAAAGTGGACTTATGGACCGTCTTCACTGCAAGATGTGATGGATACTTTAATGCGGTTATGGGTTTACTTCTACAATGATAGACCCCAGATTATGGTCTCGAGAGCAAAGTGGAGAGTTGCCGTAGGTTGCGGCTTTGCGGAACGGACCTACCCGCATTTGTATCCTAAATGGGGGCCAGACATTAGGACCTAATAAGCAACGCCACCAGCCGCCGGGAAGATGTGTTAAGTACGGCCCTACTTATACCGATGTCCGTTACAATTTAAACGGTTCACTAGCCGGGACGCGTTTGAAGTTATGGTCCGCACGCCTTATCTCGTCGAATTCCCGCGCGGACATCTGCACGGAGGTTGCCCCGATAGCCGTATGATTCGCTGTCGCTTGGTCCATGTCGTTGGGGTCCTCGCCCCCCCAACCGAAGGAAGAAGCGTTTCGGAATCGATGGGTCCGCGGTTTGGCAACCATTCTTTTACGTCGCGAACATCTAGCACGGCCAGAGACCCTTGTCCAGGTACGTTTATGGGGCCTTTCCCTTAATATCCGAACAGTCATGGAGGCCGAACAATTGGGTTCATCGCAGGCTGTTACCGGCCCACAACGAAACTAGCGATCACGAAGCAATACCGCGGATCCAAGGATTACGCTCCCCCCTCCACGGCCTGGCGACCGACTCGAAGTATTGGTATGTTAGTCACTGGCTGCGCGCTTCGTATTTCGGGAGCCGCTATAGAACCCACTCCGCGGGGCGGGGGAATTGCTGATTCTGTTAAAGCTCGGACAGTCGCAGCCGCAGGTTCCGGATTGCGGATCCAAATCCCCTTAAATGACTGGCGGCTTGTTAAACGACCTCGCTGTTTGGATACGTTCGCTACAGACCTCGGATACAGTGACATCTTATAGGGTAGAGTTTAATCCGTTGGATCACACCAAGGAATGGATTCTCATGCCACATACTAACACCTCGCCCTTAGCTAGCGTACTTTTAACTGAGAAAGAAATCCAATTGCCGCGGACAATCCTGTACATGCGCCGGGCACCAACAGCTAATTGATATACGTCGCGGATTAGGTCGCCACTCAGGAGAAACCCAGAAGTTATTGCTCGGTCCAAGAAAGTTGGGCGAAATCCGATTGATAATGCTAAGACCATGTATCTAATCGAGGT,1405,52.03,Homo sapiens
SEQ_428893,AATAACGATGAGGACATGGCTTCTTGTCTTGAAGCCCCGGTTAGAAGGCATTGCGTTAGGGTTCCCACCGCGGGAGGTTGGACTACACAACTCTCAGTGGTAAGGGGGCTACTTTTTACGTCCTAACGTAGACAGATAGTTGGGCATAGTTGCAGGACCGCAATTTATAGCTCCGCACGCTTAACGTGGTTGTCAGCGTACATCCACGTGCAGGGTAATGGCTTAGACCCTTCTTATACGAGGACATTTGAGTCTTACCCTTACTGGTTGCATCACACGCTTCCCAAGTCTGCCTTACTTTACATCCAAACCGAGATTCCTAGGCCTACAATAATTACTAGCTGGCAGACGCCCTGTCCAACGGACCAAACATTACAGATCAAGGTTAGCATTGATTATGGAGATAGCGGTTGGATGAGCCTAGGCCCGGATGCACATCTTCAGATACGGAACCCTGATAGCCACTTAGCAAACAATGGGCCCGTCGAACCATTCAGGCCTTCGGGTTGACTGAAGAGAGTTGCGATCGATGTGAGAACCTTGCTCAGAAGGGCAGTGACTGAGATACGAGTATACTCGGCAAGCACCAGACAGCATCGTATGACATGTTTATAAATGGCGCGGCCGTGACGGCGGCACACGACTAGGGCCCCTGGAAGCTCACATTTATAATGGCCGGATTAGACGGCGGCCTTTCAAACAACATAATCCACCTAGTTCCACTGTACCGTTGCACGAAAAGGAATGTGGCGATCCGACCCGCGACGTCTAGCTCTCAGCGTCATATCGATCCGTCCCACGTACACTAGGTTATGCCACGGTCCATTTTGGAAGTACGAGTTTAGTGCACGCTGATCACATGTTCTAAGGCCCTGATGGCCTAACTGGCGTGTATAACTCGGTAACCGCATCCGATGTGACTCAGCGCGATCTGACCCAGGTGTATGGCTCCCTCACATAAATGTTAATAGTCCCAAGTTATTATAAGAAGTCTAACCCGCGTGTTGCGGAATGCCGTGAACGCGGTAGGATTTCCACGTATTCCACCATTCTTTCGGACGGGTCAAAGGGGGGGCCGCTCGCGACCGCGCGAGAGCCCTAGTATGTGTCGCTGAGTCCAGCTAGTCCGTTGTAGTTATAACACGCTCCTGCGAAACCTACCTCCCGTCCCTATCCCTTCCGGCCAGTTAAACACCCTGACCAATGCTGACATGCCGGTAGGGCGCGATACAGCTCGAAACACCGAGCTCGGCCCACATGACTAATCCCCTCGAGAACCGCGACTGCCCATTCTTCAGGTGAGCACTAAGAGGGAGAGCTTGTGCGAGTAACGGCTCAAAAGATTGCCCATAAAACAAGCTTGCTCGGCTGGTTGTTGAGTACGGGAACACCAGATGGGTTAGTTTCGATCTATAACTTTAAAAGCCCCCCCTGTTGCCGCCCCGAATCCGTGACACACGTGAACCCATTGGCTTTCATTCTGTCTAATTATGTTACAACAACGAGCAACGACACTCACCGACGTAGCAAAATTAGCTAATCCGGGCCTGGCTTAATCCTCTTTCTGAGGCGGAGTGAGCCAGGATAAAACGTCAGAAAGACTAGGAACACGCAATTCATTCTCGCCTCAGCCTCTCGAGTGTCGACTATCCCGCTGAATTTCTAGTTCAACCTAGCTAGAAACCCTGTAATTAAGACAGTGTGGGGAGCATGATTTAATGCACGACGGGCACCTGTTACTCTGGGCAGTTCAACTG,1757,51.17,Saccharomyces cerevisiae
SEQ_491657,GTTGCGCAACGGTCTTTGTTGACGTTCTAACCTCAATGTAGAACCTTACATCTCTCTAGGGACTATAGTTTCAGGAACCAGACAATAATCTCCAGGTACCTCCCCAAACGGTATTCTTTGTGGTTCTCGCCGGTGATGTGGACAGGTTGGAGAACAGTCAGCCACTCCTTATCCCGCGGGGGAGTGAGCAGTTCCGCTCAACACTGTCCGGACCTCACTTCTTATCGCACCGGGACGGGGGCTGACTGGATGGAATTTTCACCCTTGGCAATGTGGTAGCCGCTAATGCAGCCTATTAGTCTCGTTCCAATTGAACCGCATGGAGTGCGATTTGATCAAAGGTACGTAGTTATGGATCTACTAGATATACAGTGTACGCGTGGACCTCGACTGTTAAACGTGCAAAGGAAATCCAGAATACAGAAAACATCCTTGTGGCGGCCTAACCTGTGCATCGCGTGTTTAGCATACCTGTTTGAGCCCTTAACTCCGTCACAGATACTAACCTGATCCGCTCATCGCAATACTAGACACAAGCATGGCATCTATGGCGTTTCCGAGGGTTGAGTGACTAGAAACTCTGGGCGCGTGTATCCGCGTATCAGAGCAGGTCGTTGACTATAATAGGTAATCAAGCGCCCACGTTCCAGCTTACCAAACTGACCTGTGACAACCAACAAGGCCCAGATTAGGCCCAAGAGGTGCAGCACATCAATGACGGCAGGAAACTATGAGCAACCTCGGCGTTTTCACCCGTGCGCCCGGAGAAGTGATCCTGCCCAATATGTTAAGGTTTATCTCGAAATGCCGCAGGTTCTTACGTTGTGAACAACAAGGCCGTAAGGTATAGACACAGCAATGCGCGCCGTCTAGTTCAGCTATATTAGGACGGGGGTTATGTAAGTCGTCTCTACATGGTTTGTGTTAAGAGCGCGCCCCGTGGGTAAGACGGATGCCAGATTAATACCAGGGAGCAACCGTTGGTTGTGGCAGAGCATCTTTACACTCAAAGACGTTCGACGTACTAGACAGTCAGAGTATCACAAATAAAACCCCAGGGCCTAGCTGCCCACC,1074,50.09,Arabidopsis thaliana
SEQ_575870,GGTGACGCGCCCAGGGCATTATAGGCTGGTAAAAGTCATTAGGTCCACCTAGCTGATGGCGATTGCGTATCTAGCCCCCTGGGATAGGGGAATCGTGAACCTCCACAGCGAGGTAGCAATCGACTGCTTTGAAAAGCTACTATTTAAAAATCATTTATTAGGCTGATGTTACCACACAATTCTGTCTCCATTGATGGTGAAGCCGGTGCTGCTCAAGCTCATCGACCCGTACCTGATATAGTATTATCGGTAGTAATTTGTAAACGTGACCGGAAAGGGTAGCTTGTCCGTATTTTTTAGTTTTGAGGGACATTAATCTCTCAAGCTACTAAGCTAAGAAGATGGTATTGCTGGGCTCCAGTACAGCCCTTTTAAGACGCGATTATATGGCTTCTTGTAATTGTCTCCGGCAGTACGAAAAGTCCTGCAATGGCTGTTCTGACGATTTCTCACACACCTGCTCGCTAGGCGGTGAAGGGAGAGGGGGCGGTCTCTTAGCGCCCAAATAAACCAAGAAGGTAAACTATTTGGTAGAGCTATTCCACTCGCGTCGAGTCTAGATATCCGGTTTAGAATAGACAGCCCCCATCAAAACCCTGCTTAGACTTAACTCGCCAGTGCAATAAGGATTCTGTACAGGCGAACAAAGGCCCGTGTTTCCATCATAGTGTTGGGCGCGTACGTCTAATAGTCCTTTGACAAATCAGACATATTCTCCGTGGAGCGTTAACACAAATGTGCACCAGACCGCGGTTTTCTTCCCTAAAGCCCAATGCCAAGTCCAACGTACCTCGGACGCCCTTGAGCTGTGTACGCCGCTGCGTCGACATCTCTTTAATTGCCAATTGTGGGACGAAAGCATGACGGTGTAGGTCAGCAGTTCCTTAAACAATTGCAGGTGCTCGTTGCAAGGCAGAGGATGAAGAAGCTGGCTGGCCGATACCCTTTCACGCACTACTCGTGGAGGACAGTCTCGCAGCGAGGTCGAGTCCAAAGCAGACATGTGATCTGTCACAGGCGGGCTCGATCGTGCCTTAAAGCGCATTGGCCTCTTAACGCTGACCTGGAACCACGCTCCTGCCAACGCGCCAGGGGTATGCTTAAACTATCGTGGCGGGGAACTACGTGATCAACTGCACTATATTTATGCTAAGAGCTCTAGTTGACACGCCTAGTGTTAAAAGTGAGCGTTTGCTTCTTACTC,1204,49.09,Caenorhabditis elegans
SEQ_677943,TCCCATACTTAACAGCTATAGCACAGACTCATCTGTGTTATTTAGACACCCATCGGCCCAGAAAAAATATCGCATTAGCCGTGAAATGAAGTCTATGCTCGTGTACAGATGGTTTCGGCAAGCTAGCGCCAAGGACAGATTTACAAACAGTTGACCGGAGTAAGAAACAAGGGGACTATAATCGCTTGCACCACTGGCGGCTGAGTGCTCAAAGGCCACTGGCGTTTTGATCGCCTGCGGCTTGCTTGTCAGTTCCCAGCAACGAAGGTGAATGAATATTGGCGCGTGTAGAGTGGCTGCCAACGCCTCCCATGTATTACGTAAACCGGTCACAACCAAAAAAGCCGTCTAGGTAAGCGGATTTTGACACCCGTGGCCCGGTTCTCTATGTGTAATCAGATGGAAGGGAAGTCACAAAACTAGGCGTTCCGGTTGTGACTTGTTAGTCATTCCTTAGGTAATATCGTCCCTCCCCAATCACGCCTCGCCCCGTGCTCGCTTCGCATGAGAACCAATTCGCAAGGGACTGATGATAAACTTCTAAAAACCCGGATAGTTCGCTTACCGCAAACTCGCGGAACTCTCGACATTTTTCAGAAGTAGCACCATACTTCAAGGGCCTCGTTGCGATCAGCTCGCGACGAGGTTGTCTTTTACGTCTTACGCACATGTGTGCGTGGGTTTACGACGATGAGGAAACTTTTGATTACAGCACTATCGGGAGGGTTGAAAGAGTGTTCAAGATAAGTCTAAACTTATGTTGATTCCACCTTTAGAAGCATTTTCGTGCGGCTTATCCCTGGCACAACCGAAGCTTCGTGGACCCACTGTTAAACATAAAGCGCGAATGGCCCGTTATGCTGGGTTCATTTACTGTGCAAGAAAACTGAAAGCGACGGAGCTGACGTACGCAACGACCCACATGATATTTTCGCCTAAACACACATCGCCGGCAAAAACATTACAGTGTATGTAGACAACGTGGCTAAGTGAAATTTACCGGGTACGATCCACATGGCCGTACTTAAATTCAGTACTACTCTTAATTATGACGGCGCCCTGGCCTTGAGTAGCCCAAGGGTCTACACTTCCGCCCCGGCATTCCACGATTGGCATGCGCCTATTCTATAGACCCTGGACTGT,1143,48.56,Arabidopsis thaliana
SEQ_353498,CGGGCTCCCAACACATGCTACGCCCCAATCTGGCTCCGGACGGTTCTCTCCCTGGGCCCGTCGAGGCGACGACTATGTCCAGGCCCTGTATATCGCACTAGGTGGCGCCGTCGCGACTCTTTATAAAGTAGAACTGGGTGATCCCTGTTAGGGTGTTTGCCGTGACTCCTCAATCAGATGATGGCACCCAATCTCTGAATACGAACCCATCGTCTTGTGCAGAGGACCCATGGGCAGAGCTGCGATGAAATGACTTGTCAAACGTACGTCCTCTTCATTATAGAGGTTGACAGGAGGGGGTTTCACATGTAGACGACTTAGATCATGTACTACGTTGGCATTTGACAGCTTTAGTACTGCCGCATACATTGCCACGTATCGTCCGAAGCACTTAGGTGGCGCCGTCTCGAAAGACCACGATATCTTGCCCAGAAACGATCTCCAGGATAACTAACGATTACCCTAAACCTGTCCGCATTCTACTGCCCGAGTAGGCCTTAATGGGCCCAGATTCGCACAGTAGCAAAGTGTCTTTGCAAATATCGTCAAAATGTTACGCATATAAGTTCTTAAAGTCCTTGGTGTGTTCCATGAAGCGGGCATAAAGTCATCTCCTAGTGGATGGAGTCAAGTACTCAGATTTTTTCTTATAACATCCATTGTAGAAAACACTCCGTGCTTGGCTAACTTGAAAGGCGGCGCTGCCATCGTGTGCAGTGACGGGTACAGGATCAACAGAAGGAACTGCAGGACCCGGCAGCACGGGTAACTCACGTTCTCGTACTATATCCAACTTTTATATTCGTATTTTCTGACAATTTCTATGGGAGTTCGATCCCATCATCTACCTGCGCAGCCCAACTTCGAGAGACACGT,876,49.43,Homo sapiens
SEQ_217409,CTGCCCGACTCGATTTATGAAGTAGACTTCGTTTATGGGGGCCCGTTGGGGGTACACATACACCGACTATTAAATGTGTACCCTAAGGTGGAGATATATCCCAGGACGCACACGGACGACATCATGAGCTCCGGGAGCCTGGAGTAATCGACGGTACATCACATATGTAGATGTTCAGTTACTAGCTACAGTTAACTGCAAATTACGAGGAGAGACGAGGATGATCTCCTGCCAATCTCAACGAGTGCGGCTTTTCAGATCGAGATAAGATATAACACGACGAGTCGTAATCCATTGGCCAAACTATATTCAACCTAGATCTTTTCGTTGGCCTATGTAAATGGAGCATATTGCCGAACTCCTGTTCACACTAAGGAAGGTGTTATGTTGTCTGCTATGAACCTCGACGCTGGCTGGGCCAAGTAGGCTGGGCAAGCAGATGCCGTATGTCCTCCTAAACTTCGCTGCACTTCCAGACTAGTTACTGCTACTACAAGAAAATAAAAGGAGTCTCACCTACCTTTGGAGAGCTTGCATTCTGAGACATCACGGCCCAATCGAGAAAATTGTAGTGCATGGCAGAAGGACCGCGGCACACTTATCGTTTCGCGTAGTCGTAAATGACTCAGGTGGGGAGGCCATAAAAGGGTCTGCACCAATTATAGTCAAATGTGGCGCTAACTCGAGACGGAATCCGAGGGTTCGCAACATCGAAGTAAGGGACTCATGCCATGTATTCGGAACTTACATGTCCGCGTCATACGGCCGAAACAAAAAGAAGCCGAACGCTAGGCTAAGCCGTAAGGAAGCTGATGATTAACGTTCTTCTGTCGCGTAACACTATCCAGGGAAGAAACCGAGTTGCGCTGTTGGCTTAGGGTTACTATACCTATGTTGCGTTAGTGTAACAGTACTGCGAGGCTGAATGATGGTTCTAAATATGGACACGACGCCCCATCCTACAGTGTAGTTGCACGCCCGAAAAATCTTTGATCACGGCCATATATTCCGTGGTCTTTATTATTCCTTTTCCGGTCGTTCTGGTTTTCAGCGAACGCACGTTCCAGGCCGCTGGTACGCCGCCCCGTGCTTGGAGAGTGGTTCGCGCTCATTCTGGGCCTCGACTGGTACCTAATAAGGGTGCTCGGTATGACGACCAGGTCTAAGCACTACTTCTAAAAACAGGGAACGACGTACGTTGTCTTCTGGTTTGGTGTTTTCGGGATTACCACGCTGAAAACCGTGGAATTTAGGCAGTAGAAGTCGGTATA,1271,48.47,Homo sapiens
SEQ_259844,CACCTTCCATTTATGAGTCAATGATTCGACGTATGTCCCAAATTCGTACTAGGGTTTGCTTTTCACCTATTACGTTATGTAGCCGCGGGTTTTAACTACGGGACTGTAGCACGCAGAAACCTTGCTCTATAGATGGCGACTCGAATTCGTACCTTAGCAGTGGATTTGACTCTGATTTTGATACGACTGCCATTTTCGATCTCACCCTAAAGTGTTTGTATATATTTTTGACAGGAAGCATCCTCTAGTCTTGGTTCTGGGTCACACGCAGTAGTCAAAAGAACCATCC,289,43.25,Mus musculus
SEQ_763319,GACCAGTGCGTGCACCTCGGTAGGGTAGGGTTTCGTCATTAATTATGAGGGGTTCGTTCGCAGGAATGGCTTGGAATATGGCCGAAAAACACTCCGTAGAGCCTGAGGCTTCTGGGCACCACCGGATTGGTGCTGTTTCCATTACTTTCATTTCGAGATGGCTCCGAGCACAAGGAGGGATCACGCCATTAGGCTGAGTCCGCTTGTGTCGGGGCCGCTTCCACCCTGAAGTCCAGGATCAAGTTGACAAATCGGAGGTCAGTACAGTCCCCGCGGTGCCTGTCGGCAGTTGGATCCGGCTTCGAGCTTCATCGACAAGGGTAGGGACCTCCTCTTCTAGCGGTATTGTTTTCTGCCCCCATCGTAGTTCGCATGATCTGTGGTACGAGTGGCCATCCGACGACCGACGGAGAAGAGTGTTGTGGGGCTGGGTCG,435,56.09,Escherichia coli
SEQ_162109,TGGCGGGGCAAATAACCAGAGTCGATCTATCATCATCGGTTTCTTTTGTCATGATGGGAGGGCTTAGCATCGGCTGAAAAGTATATAGACGTGGTCCCTATATTTGATCATCCATCCTTGACCGATGCTACGTTCAGTGGAGGAAGAC,148,46.62,Homo sapiens
SEQ_513874,GGCCCCTACCGACGGCCCCACCATAAAGACCATCCTACAGGAAATCCACATACAATATTGAGCCTTTGATCCTATCAAGATAGTTCCTAACTGTTATGCAAAGCCTCGGCTGGTGACTGCAGAGTCTGGACGTATGATCAGACTCATGGCACCTTGTATTATCGTACCCAGGGGTAAATATAATGAAACGTGATCTGATAATCTTGAATCAAATCAGCAAACGCCCTAAGGTGCGCAGCTTCGTGTATGCCATGTCAAGCGGATTGGTTGGAACCCTGTCTGGGAGTTAAACGGCCCAGATGTGGGGTATCCTACGAGTTACCAGCCCGCGGACGACTCAGAGGTGGTGTGATAATTCAGGAAATTAAGAAGGACGAATGGTAAAGTTAGCTAGTTGGACTTTCCGCTAGTAAAGTGTACGCACCGATTTGCTGTACCCAGCCTACGTCGTTGCCAACGATACGTCATGACTGAATCACGTAAAAGTCGGTAATCACGTTAAGCCTAGTAGGTTTCGGCGGGGTAGTAAATATTTTTAGCGGCGGGATATCGCCAGATACTAAGCTTTCACTGCCATGCTACGATTCATACATGATCCTGTCCTGGGCTCTCATGCAGCTCACTCCTTGTCAGCGAGAGAACAATGATAGCCGGAATCACACTATAGATTGGAGGCAAAGATTGTACCCCATGACACTTGGTTGACCTCGCGTGTATTTCGTAAGTTGGCAGGGCGCTCATAGTTTTTTCGTTTTCCGGCCAGCAAACCTATAACGCTGTGTACCACGTTAGGTATGAGCGTTGCCGCGGCACGCAAGTCAAGTGATCGACCCCCGGTAGCTGTCACCGGGAGTTAAAGTGGAGGTTCATCGCCCGATCGCTATTAGCAGCACCGAGACAATAAGATGACACACTCGATTCACTTGCAATCGGCGCTCGAGCCGGAATGCGAACAAAGAGGTCCAACACTTGACCAACCACACACGCCCGTGCTTCGCGAGGTAAGGCGAGTTGCCTTGGTACATTTGACCGCGCCTCCTAGGCTGACGGTCTGAAGGCAGTACCCTTAATTGCCCGAGGACCTACGTGATATAGAAATGATTGGTGTCCCTCCTTAATGCGAATCTCCGATGAGGGAAAATCGTATAAAAGGTGAGTCATGGCTAAAGCTTGGATAGTAACCGAATCCGAATACTCTACGGATAAAAGATGGCATTAGTCCTCACTAGACAGTCCTAGAACAAACCAAGTGTATCCACGCAAGGTTGAGCGATACCAACACCGCGCAGGGGTTATGGCGCAAAAGAGC,1309,49.27,Arabidopsis thaliana
SEQ_817938,GTTTTCCCACACTGACACATGCTAGTATAAGAGACTCTGAGACGTGGGGACGAGTGGCACGACAGGGACAGATCTGAGTCGGTAAAGACGATTGCACTAACGCATCGGGCTGGTGTGCTTGTCGACTCGCTCAATCATAAGGGTGCCTTCCTACACAAAGCACAAACTGCATATCTTGACGTCGAACTAGGTCGGATGATCTCTTTCAGTATATTGCTACCTTTAATCTACGCACCACCAAACGGGGACCCGTCCGAACAGGATACCCAGCGATGGATGTGGACCCCTTCCCAGTATCGTTAGATCAGACTAGGTATCCAGTGGACGCCGACCTGTCGCCTAATACACCGTCGAACCGTCTTTT,364,51.1,Escherichia coli
SEQ_528990,TGGCTGCATATCCGTATATAGAGCGAACTACACGGACACTACGCATGCCTTTGCCCGGTAGGGTGCAGCCGACTGCTGGCGCCCCTGGACTAATGAATCCGGTCTGATTGCTATAGTCAATCTCTCACTTAACTTGAACGATCACGGCGGGGTCCACGTAATTATCATTACCTCACTAGTCCAACCTACCATGAATTTACTGCCGCCTACTGTCACCCTGGACTTCTGCTAGGACCTTGGCGGTAGGTCCAGCGTCAAAGGGTTTCTGGACAATTAATTATACCGAGTACTTTGCGCTTTACGCCGATGAGTGACATAAAACAGCATTCACCCAAATGCGTTTCCTACTGTTTAAACGAGTCTAAGTCTTCCACCTACTCGCTCTCTGTTATTACACCCATAGTGGATCTTGGAGGATGCCGGGGCGCTTTCTGCAGGTTTTAACCTGAGAGGCGCAAGTTGTCTACGCCAACAAAGGGAGTAGGTTCACACTAACAGCGGATTCATTAACCAAACATGGTCAGCGTATCTCACCTGCGAAGTACGCTCAAGGCGAGGCCCGAGGTGGTGTCTATTTACGGCGGAGTATCAGGGAAATTCTTAAGCTTATGGAGTAGTCTGAGGTGGGTCCACGAAATAGTAATGTTACTCGCCTTCCTGTTATAATTAAACGGGTAGTGTCCTGATGTCGAAAGCGGAACACGCGGGTATACCAACCCATTAAAAATTACCTCAGAGCGGTTGTCGCCTAATTTACTACACCGGTAGTAGTAACTCTTCTAAGAGCAACTACCGTGATTACACCCGCGAAAGCACTAACGGCCATTTCCGTTAGTGACAGAAAGACGTCAGTCATTATGGCACTGAACGGATGTAAGACGATGTGACTTCTGGGTACCAAATTGAAGAAATCTTTAGAATCTAACGTTGTAACGAGCAATTACGTGCAGTGCTCTGTTAGCGTATCTTACAGTGAGGTCGGGATAACTCGAAAAGCTGCTCTTTGCTATCAAACAAGGTCCCTAAGGTGGGGTATCCTATACCCGGTCGCTGCCGTGACGCGAGAAGTCAGATCACTAATCGAAATAACGAGACTGGGCGTAGGGGGCGACCCTTTCTGGTGTTAATTATTGGTGCTGGTAGTACACTTCTCCTCGAAACTTCAAGTAGCGCTAATGTATATAGGATAGTGACTGAGCCACTTTAAAGGAGTGGGGCCTACGGCCGGCATCGGGCGCCCCGACAGGCCACGTAAGAACCCTCGGCGCCCAAGTTTCGAGAGTTCTATGTCTTCTCCATCGTGAGATCCTTAATTGGCGGGCCCTATCTAATGAAAACCGAGTGATTGGACCCCATTGAGCGGCTCGGACCACTGGCGGAGGAT,1384,49.06,Arabidopsis thaliana
SEQ_159774,TATTAAAGAATGAATCCTAAATACATAACGGGGTCGGCCGTATACTCCTAGCACGATGTCATACGGCAAGAGGTAGTGCACCCTCCGTCATTATAGTTGGCACTCATCTGCTCATGTATGGCTACCAGCACCGGTACTCACAGGTGATGTATTGTTTTTTTGCTGTGGGTACGCGGAGTCCACCCTCGCTAATTCCTGCGCTATCCTTGAAAGATCCAGGAAATGTATGAAGGCGTAATTTCCCTGCCTGAAATAAACAAACCGCTGTAGAAAGGTTTTTAAGACACTAATACTAAACTTGGCACGTACATAATATCTCTATCTATACTATGTACCTTTGGTATACGCGTTAAACGCTCTCGACCGCAACGATGGTGTCAACTCATAGGGATCAGAGACGAGGCTACTGACACCGTAACTAAAAGTCGAGGTAGGTTATGTCTGGTGTGTTACGGGTCGGAACCCGTAGGTGCGTAACGGGTATCTGGAGCGCTCTCTGCTACGAGACGGGACCATAGGACAATGCCGGTTC,532,46.99,Arabidopsis thaliana
SEQ_620845,CTCCAAGATGCTAGCAGGTTCGAGACCGTGGTTTCGCCGAGGTGGCCGTGATACGCAAGGTATCGAATGCAAGTGTACACATGACAGCGCAAATACTGTACCCCTGGATGCATCAGTAAGGTTCGGTTTTGCCTACATTTCATTAAAGTCACGTGGAGTGGTGGCGTGACGAACAAAGACGGCCGCCGCTATTGGAACGTCGTGGTCGTTATGCCCGCATCGTCACTACATAGCTTTGCACAGTTACCCAAGCTGGGCGTAATGGCCATAGCTACACCCTGATTTCTACTATTACACTTCGTACATCAATACGAACGATCTGTGTACCGAACAAGTCTGCTGCTCAGCATTAGGGCTGTCCATAATGCTTCCTACATGCATCCGGATACTGGTTATCCCACCCATCAGTGAGCGTGTGCCGCGAAATGCTCAAGTTCCTAAATGGCGGCGGGCTGGTCGTATCTGGACGCAGTGTTTGAGACGAACCTGGCCTCCTTACTGTATAAGGCGCCATTTCACGATAATGCGGTCAGCTCGTGTTTGCTATCCGGGCCTTGGCCGCCGTCACCCACACGTGACGATCAGAGACATAATAACGGTCCAGGTCGGACCGACTAAGGATCAGTTTTAATTTAGTCCAAGGCCCTTATCGGTGACTTACGTCGATCAGATAGGACGTTCATTACGGCTTGGTGCGTTGGGTCAAAGCGTGTTAGGCAGAGCCTCTCATGTTGTCTATGATTTCTACGTACCATCCAAATATTACAGATCGGACACTTTATAAGCGTCTGATAAGGACTCGTAAAGCCGCGTGACCACTACAGTGGCCAGAATCCGCGGCGCCAAATGCCCTCGTGAAGATTGAC,866,50.92,Arabidopsis thaliana
SEQ_285058,AACAGTTCTGATCGACTACTGGGGTTCCAATAGCCGTTTATTCATGATATCGCTCGCCATTACTGCATGTCATTCCTTGAGTAGTGGAGTCCTCTAATTCAACAGAACCCTGCCGTGGTGAACAGCGCGTCAAGCTAGCCACCTCCCCTGAAGAATAATGACCCGTCCACTTTATTGGAGCAAGCAGCGCTTTCGCAAGTTGACTCGGGCAAAGTAGAAAAAGGGCGATATAACTGTTTGCTAGTGCCACGAATCTCCAATTCTGCAACAACTCCGCTAACACCTCGCACCTGAGTGACTAGCTAGTTGCTATGACGCTGTTCTGGCACGAGCCATGCCTACGGTACGTAACGTTGTCGATCGCAGATCTTCGTGGATCTTACTCCGTTTCTCCGCGCTTTCTAGGGCACCTTCCGTCGCCCGAAGGGTCAATCCATCTCTGGTCTACCAGCTTCCCTTAACTGCCGGGCGGTTACAAGGAGGCAATGCCTCAGGGTATTAATGATCTAAGGTACAGCTGATACCACTTAAAGAACACTGGGGGTTGGCTATACCTGGCTTATTTTTACAGGGGGACGAACCTGCTACACAATAACAGCGCCGCATCGCTTGCACTTCGTAGATATAATCGTCGCACTTGTTTGCCGCATTGCTGTCACCTTAACCCGGAGCTACCCTAATCCAACTGCGTTGATGTTGATCAGCCTTCACTGTAAAGTCGCAGGCATAGGCGTGGCCAAAATGCCAGTAGACGGATTCGATACAACTTCCTGATGGTTCCGTGAGGTGTGCTGACACAGCCCAAGGCAACCACATGCGCACTACAGTAGATCCACTAGCGACATTTCTGCGTAACCTTTAGCCCTAATATGGGCAGTGCTTCTTGTAAGAGTCCGGGAGATCACTCTCAAGCCCTTTGTTGAAAAATTCCCTGGCTAAAGCATTAATGAATTATAAGGAAATCCAACTCCTAATAAACTGGTCGAACGCGTCGGCGCCACAAAACATGGAGAATGCCACCCGCTAAATGGCCCGTCTAGACGCACCGCCGTGCTTCTGCCATCAAGGTGCGTGTAGTCTTAGACGGGAGGGCGTATCCCCTCAATTGGGATGCGTAAGACCCAGCCTCATTCCCCGGGTATTATGAAAAAGGTCGTAGGTCCATCCGCAAACTTGATATACTGAAGCATGCTAGCAAGTGAGATAGCTAGGAGGGATTGCTGCAAGAGTACCATGTTTGTGATGGTGTGTAGGGAGTGGGTCCTCCGCCTTACCGGTCGTGTCTTTTACCGTGAACCTCATCACGTTCGAATGCTCTGGTTGAGGGAACAATTTTCACTTGGCAAACCCACTCGGTATCTAAGAACCTATACCTTTACAGCGCGATGGTACGCGAGCTTGCATCATTACACTGTTGTTTAACTTTTTTGTGGACGTGCAAGCAAGTGGAGACACCCCTACACGACTATCTCGACAAAATTACCAGGGTACGGTACGCTTAGACTTGGTATGTCTTTCATATCCAGCGCCCGGACCTATTAAGGTATCCTCGGTGTTACTACCTCTACTCAGAGGACGTTTTTCCTCAAATGTTGGCCACACATTCAAGAGCGAGCATACTGGTTCGTATTTTGGCACGCGT,1642,49.51,Caenorhabditis elegans
SEQ_646335,TGGAAAACCTTCTCTTCGCCCTTACTGCCCAGTTGCAAAGCGGTACTGACTACACTCTCCTCGAAATCCATAGGAGTGCCCAAGCGTTGTGCTAATTCGACTGGGCTGAGTGGAATCACGTCAGGAGCACTATGATCAGTTGCTCTCCCACTTCGAGGGGGACGGCTGTACACAATTTGTGTGCGCATAGGGACGCCAGGGCGGGCGGTGCGCTGAGGCCTCTGAATTCGGCAGTCAAGGAAGTGCCGGGAAGGGGGTAGGATTAATCGCTTGTACTTAAGTTGGTTAGTGGTAGTGTCAGGATAAATCAAGATTGCGGGCGAAAATGAAAGCAAGACGATTCAGAACCGTCTTGTCCGTCTGAGACGAAAGGATGGTCGACATTGTCAATCATAAACACGATTATAGAGATAACATTATACGATCACAAGGCTAGCGGCGATGTTAGGTTCGCAGATTAGGTAGGAATAAGTCACCTGTAGGATAATCTTCGACACCCGTGTACTTAATAACCCAAGGCAGGGTGGCCACCCGAAATATAAATAACA,548,49.09,Homo sapiens
SEQ_552224,ATTCTTTGGGGCCTTTCGTTTTGTATACATTAGCCGCTTGCCGCTGGTCGCGACCGCGAGCATTTCTTGGAACTCATTCCAAATGAGAATCCGGGTAGGGGTAAAACTATCGGTTCGGCACTGAAGCAACCCGACCTAATGGCTACTCCACGTATACTGGGCTAAACATAGAATCCCCCGCCACCGGTTCTAGGAGATAGCGGTGTGCCCCTTCCGCCTGGTAAATCGTCTGTGAGGTGAAACTGAGCCTAACTGTTCTTATCTATTAGAAAAAAAAGAAGGGCAAAAAACCTGGCAAATGACCATGATCCTAAGACGGTCGGGAATGCCGGTCGCTTTAGCCGGTGTTTATCGTCATTTTCTGTGACATGAGGGCCCTATACAAGTAGTGCGCGGGTCCGCGTAAGACAAAACTCGAATCGAACCATCTCAGCACAGTGTGGGAAGATACCAACAGAATCTAACTCAACGACGGCTAGGCAACTAGCGCTCTGCTAGGGTGGCTAGATAATCTAGATGGCTCTTGCTAGTTATGTTCTTATTGCCACTAATCGTTCGATCCAGATCGGCGCGTAGACGACGATCACTGGAGTGTGACCTTATGGTCCCTAG,612,49.51,Caenorhabditis elegans
SEQ_960096,AAGTGCCAAGCCAAAGTGGATCGACGGAGAGAGTTCGGCCGATAGTTCACGTTGTAAGGTGCTGGTGAGAGGTAATACCCAGCGGTGGGAGGGTAGTGCGCAATCGTGGTTTTAAAAAAGGCTCAGGCGTGTAAATATTTAATATGAATTGACATGACCAATCTTTAGCCGCTATTGCGGTAGATATGTAACATGCTCCAACGAGCATTGTCGTTTTTGACAGACACTTGCACAAACCGGGAGCCTGGTTTCGCAGCACGTCGATCCACTGTGCTGGGAGAGTATTACGGGAATCCTCCAAATTACATATGACACGCGGTACAAGGTGTAGGAAGGAGTTCTGACATGCCTAGCGACACCACCCACTTATGATGGGAAGTGGGGGGTCTGGACAACCCCTGCTCAGCCACCTGACAAGTAACTTATAGGATGATCGAGATGATAAGCGGCGTTCTGTCATGAAATGTCGAGTTAACGGCAATCCATGTGTAATACCCGTGATAAGAGTAATTCGGACACATCCAGCACCGCAATGCCGGTCTCGGAACATGATGGGATTTCCACGGCTTTGAACTATCTGACGTGGCCCCTAAACTGCTTCGAGTTTGAACAATCCAAGAGGTTCACCGTATAAAGCTCGGAATCATTGAGACCGGGGTCTGTCGTAAGTCATGGCCGGTAGCCTCAGGAGGATCTATATCTCCATTATGCGTGGAAGTGAATTGCGGACTGGACGTTCATCAACGTGGCAATTAAGCACCCAATTCGTACATCTACCGTGGATGGATGACACCAAGACAGTTCTCTTACTTCATGTAGCTCATTGGAATGAAAAAGCCTTTCAGTCAAGCGGGTTGCAGAGTCTCCGTTACATGGTCTTGTGTCGCACTCTGCGCAGAGGACTCATAAGAAGATGAGAAACTAAAAGCGCGATGGTTGGACCGAAACGAGGTCATACAAGAATTGCTGCCACACTTTCCCTAGCCAAATGATGTCACGAGATCATTCCCGCCCCGGCCCCGCCATCATGTACACAACCGGTATTTTGAGAAATGCATTCACCAAAGAACCCTCCCAACTTTGCGGTCCTCAAGGAAATATAAGGGGTAGAAAACCCCTCAATCCATGGTTAAGGGTACCCAGACCCATGGGTATGCCTGTTTTACGCAAGATGCCGCGGGTTTTTGCGGTGTTAACTATCCATCCGGTTAGAACGGTTGGAGATTCCTCCATAACCTATCAACATAGCACTGTCTTCCACTTTGGATCGGATATAAGCGCGGTGAGGTGTCAATGTTTGCGGGCTAGCACGCCTTTACGCCTATTTCCTCCTTGTGAAAACTGGATAGGCTACTCAGTTTAAGATTCCGGTGAACACATTTGACGAAGAGGAATGTGTGTATCGAACATACCTACGTCCACAGAGCATGATGCTCACATCGTCACCACCGCACAGAGATGGAAGGAGTTACATAATGGATACCTTGACGACTCGCCTGTCTGATTAGATTTCCATATATGGGTCACGCACTACGCCACCTCAATAACGTAAGGCTACTACATGGCTGGGACTCTCCTGAATAGGGGCTACCCTAGCAGCACCGGGTGAAC,1611,48.67,Mus musculus
SEQ_981943,CTACAAGCACGCGATTGTCCAAGTACATCACTGCCTATAGACGAAATAAAAGCCCTAAGTGACACTAGCCTGCTGTGAACCGCACTGAGCTAGCCTCCAGTGGAATGGACTGCCGTAGTCACTCTCCGCAAAAGCGGTTCCACGCACTGGAGGGAGACTCACCGTTTGTTCCCAGCTTAGCTCGAGCTTTACAAAAGAGCTTCGATGCAATGGATCATGAGACAGTAAGTAATGGCCCACAGGCAGGGGGACAGACTGAAACCGGGTCTGTCCTGCTGCCCTTCCCTGTCTTTTTAAATTGTAATGTGGGAATCAAAAAAAGTTCTAGACTCCTCTAAACTACTCCGACGATGATAACAAGATTAAGCGGTCCGCAATGAGATGCGGCCTGTGTGCCATTTATCCTACTGTGGGTTAGAGTCCTCCTGAGCGTGGACAGATCTAAGTAGGACAAAGAACCGCCACCTTTAGCGACTTAGAGGCCCATTGTAGTACCTACCTGTGAGAACTTCCAAAAGGCAGGGCATCATTTACGAAAATCAGGATGTTGCTGTGATGATAGTCTGTGTGGGCGTTGCCCAGGGCTAGTACCGCAGGTAGACAACACAGGTCCTGAGGGCGTCTTTTTGCGCTCAATTCACATGACACACAAGACCGGTTCGGTAGACGCCCAACCCCCGAAGATAATTGTATGGGCTTGCCTTCTGATGAGGCCTTAGGAGTCGATACTGCCCCAGTCTCCCACTGGAATTTACATACCCAGATTATCCGGAAGAAACACCTCGAGAACCTATCTTAACGGCCGCATGTTCCCTTGCGTGGCCGGGCTAATGGTTAGGCCCATGCTGATGTAACACTGGAGCTCGAAAATTCAAGCTAACCACTGGAGGGTCTAGCGCTCCAGAGTGGTGCAATCTCTGAATTATGGTGGCCTTACGGTTCCTCTTGGCGCAGTCCAGACTCGTCGCTCGTTCCGTGCCAAATCCACTATTTAATATGATCTCAGTAGACCATGGGCCATCTGGCTAGGAAAATGAATCCTGGTGTTAAAACGGCACTGATTGAGTTCTAAGCTATTCAGCTAGACCGCCGTCTAAGCCATCTGGTAGGAACGTCAGGCTGCTCTGGCACTTGCGCCAGACTTTCATAGCAGATCTAGACCTCGTTGCTTCACAAGTAGAGCTAAGCTACCCACTCGCTGCGTGAGTAACCCGCGAACTCACATGTCCTCTTAACACAAGGTCCGGTATCGTCAAGACCACGGCAGGCATCGTATGGTAGTCCTGTAGGCGAAGTAGCCTCGATTTGCATTCAACACTCAAGCTAACTCATAATTTAAGAAGCTTTATTAGAGTAGCCGCGACTGGGACATGAAATCGGCCCCAATCATTCGCGGATAAAAGTAATTTAAACATTGGTCAATCTTTTGAATCTTGCTGCGGTCCGGGCTGTTCGCTTCTAAGCTCGTTGTGAGCTAGCTGTTCCCGAGAACAGCGGGTGCCCGAGCCCGTGTTAGCTCATTGGACGTAGGATTGATTATGTTTTTCCTGTAGGCTTTCTTCTATTCCCGTAATGAGAGTTGAAAACGGACCGGGTGTGATTATTCTCCGTGTTGGTTTGGGTCTCGGGTCCCTATACAGTCATTGGTTGTGTCCGTCCATTATTTAGCACTTATGGTAAATCCACTGGATATCATATTCGATTACTGTAA,1711,49.15,Saccharomyces cerevisiae
SEQ_861932,TCTTCGAGAAATAAGTGTCGATCTTTTACTCGATGGTGGTGCGAATGCGCTAACATGGTGGTACTCGAGTAACGGGAGTTCTAAACTACAAACGCCCGTTAGGAAGGAAAGGACGTAACTTCTAGCAGGGGGGTTACGTGCCTTGTGTCCCCACAGCCTGTTAGAGATGCGCCCCATATCCCCGGCGTTCCATGTCTAGCGAGCGTTGAGTTGGTGAATTAGAGAATGATTAAAGTTTTAGCTAGGGAGAAACATCCATGGGTGGGAAATACCGTCATGCGGGGCTACCCATAACCAACCCATGTAGGGTCTCGCTTGTACGTGACTGGATTGCCATACCTTGCATAGAACTCCCCACTCACGTATAGAGTCCAAGTAC,379,49.6,Mus musculus
SEQ_831875,TGGACCTATATCTGAGTCGGTACGTTTGGGCGGCTTCACATAACCTGTCGTCCAGCGCTCGTAGGTGATTACACTCTTCTACAGGAATGCTGCAATGTCGGATGGCGTTATCGGTTAGACGGGACAACACGTAAAGCTGGATCACTGTTCCGGATATTGAACCCTCTCAAAGCACGAACTTTTACGGTTATCCGTGGAAGCACAGCAATCAGCAACTAAATAAGGTAGTCCGCGTGTCCAATTTACTCCGCAAAGAAATCATGCCAATACCTAGCCGAGTCTCGGGCAACTCACCTAGGCGAAACCACACGGCGGTTAACCAACAGGGCAGTATGGTGCAGACCCCAGAGGGTCCCTCGTATCAGCGCCTGACTGTGTGTAGCCGGTTTCAATTATACGAACGGATTTATGTCACGCATCCCGATTCTTCTCATCCGCACGTTGCCAGCTCCACAGACCTGATAATGTACGATGCGCCGGCTAACTAGGATAGTAGCTTGACCCTCTAGCTAGGCTGCATTTGTTTTTAAATCGTTCACGAGAGCAATACGGGGACTTATCAATAACTGGATCGCGAACCTCAAGCCAACTCCTGTGCCGTTGCCAGTCCAATTCAAAAGAGTACAGTGTTCGGCCACGACGAGGGGTAAGAAGCCTGGTTACCTAGGAAATCGCACTACCTTCCCGTGTCTCCCACTCTAT,702,50.43,Homo sapiens
SEQ_433134,GGAATTTGATCCTTGGGATTCTTGCCTTACAGACGGTGTCTAGGGGCCTCGTCATCAGCCATTGGACCGATAGCGGAATGAGCGCGAAAATTGAGGTTTTCAACTAATCAGGAGGATTTGCATCTATTGGAATGTAAGGGTAGTGGGGATTTTTAAGGGTCGAGCATAATCGACATCAGCATGTTGGGAGTCATCGTCTACACTGTAACAACTGCCGGGTATTCAGGACAAAATTCGTTGATGCAGGAGTCTACATAGAAATTTTGGCTGTTACTCAGGCATTCGGGTGGCCCTCCCGATATGCAGGTGGAAGGTGGGTGCTCCTTCCAAGGTGTCGCCTGCAGATTTAGTCGCCGGTGCTAGCGTTCTTCGTTTAGGTATTGATTCTCACTCTTTTCAAACCCGTGAGAGGATAGTATATAGATGAATCGTCATAAAACTCAACAGACGGGCTCGAGCGGTTAAAAGAGTGATCATGAGTTTCCACCCTTCGCGCGACCTCTGATCAATTGATTTATTTTACACGCGGGCTGCTGTAGTTTTACGAAAGGCAGCGCCCAGATGAAGGGAGAGACCCAACCTTCTCTGACGCTCCACGACGACGAGGTCTGAGCGCTACACGACATCGTAATAGAGAATAGCCGGGCTAGTGTCCCCAGACGCGTAACAATCAAAAGTTCTTCCTTGAGATTCTGTAAATACTTGCGTTG,710,48.03,Saccharomyces cerevisiae
SEQ_149386,AAAAGAGTTACAAGCGATCAACCCACTGCGATGAAAAGCCGCACACGGAAACTTACTGGCCCGGGACATCGCAGCTGGGACTTCTCCCGTGACGCTGTCTCCTATCCTATTCTTCTCTCAAATGACCTGGGTACTTCCAATACAGGGCTCAAAGTGACTACGATCGAACATAGCTTCTCCTGTTATAAGTCTTGCCCATAACTATAAGGTTGCTCTATGGTCCACATCGGGTTGTGTCACGATGTTTGCGCTGTCAGGCTTGTTAACCACTGATACACGCTGACAGTAGTCGTAGTATACATATTTTGTCCATTGGCCCGCTACACAGACTACTCCTACTGATGCTACTTAGCATTCGTCAGAACCAGGGGCTGAAAATTACCTAGAATTTTGCGGCGCACGTGGGCCATTATATTAGGGAGTGTTCCTCAATCCTAACTTGTGTGGAGAGAGCGCGAGTGCCTCAAGCGAGACCGGAAGTACGGGCCGACTTCGTGGGCCTTCTCCACGTTCACATGGTAGGCCATTCCAATACATCCTAATTAGGCCCTGCCAACAAACGGGTAGAGACTTGGCGCTGTTTCGGTATACATGTCAGCAGGACAGATTATAGGGTGGGGTTGGTGCAAACTTATGCGTATCCGAGTCTGCCAGCCGGTGGGACACGCAACATATCCATAAACTTACACATGGTTTCGCTCCTAAGTAGGAAGCACGATGCGACATATTCTTGATGCGAAGGGGAACGGAGAATTAGTTTTATGGATGTGAGAACAACATCAAGGAAAGCTCCGGTCAAAGTCTGGGAGTGAACTTCACAAGCGAGTGTTGATGGTG,837,48.98,Mus musculus
SEQ_593447,CATTCACGTTGCGGTCATGGCTTCAATGATACTCATGTAAGTCGTAGATACTACCCGGCAGTGCTAAGAACATAAATAGACAATAAGATTCGCTAATCGTTTCATAAACCGGCGGGTGGCGGGAACCGCTACACCCTGTCATCCTTAGCGGGTCGTTCACCTGCGTATGGAATCTCGATACTG,183,48.09,Escherichia coli
SEQ_800892,AGATGTGGCTTTTCGGAAGCAGCTGTATCTAGCTATGGTCCCTGTCGGGTTAGTGTGAGGGGCTTTGGGACACCGCCACCCATTATCTGAGCGACCTCCCTAGGCCACTTGCTCTTTCGGCCGCGCAGCTATACTTTCCTAGTAATGGAATTGTCTGCATGAAGGAACACGGAAGGGTGGCGGCGTCTTCGTTATGGGCATCTGCAGCACGCACTATGAGTCTCAGTGTATGTTCCAGCTCCGCAAGTATCCCTCGATCAATTAGCGCACTGATATCTGTTTGTCGTTTAGTCTGAATCGCCTAATAGAGCTCAGGCTAAGCAATGCTTCAGAGTGGGAAATAGAATTGCACATAATTATGTTGGGGGTTAGCCCTTCTTCCCCTAATTTATTAGGTCGGCTCGACTCCCGTGCGCAAATCTGACTCTGATTTGATTAGTCGTAAGGCCCTTCGACAGACGTTTCGACGCGGGCTCGAGCAGGAAGTCAATGTGGTCAACAGTGCCACAAACATAACGGGTGCTAGACACATTGGGGGCTATGGAGCATTTGAACCGCGGGGTGTAATAGCGGCAATGGTTATACTAGAAAGATAGGAATTCATGTTCTACCATGTGCCTCGTAAAGAGGGCAGACTATACAATCCCTGGGCGAGGTCCCCAAGTGCCGATAATGGACATATGGCCGGTGTGCGCTGTACTAAGCCTCTAGAAAGAGAGAAGCAGCGGCACTCCCTCGGCAGACCACGCTGCCCATCCGGTAGCCGAGAAAATCGAAGCATATAATGGTCGATGTTATTGTCAGGAAGAACCTCTGCGTGAACGATGACAACGGGACGAGCGGCGGGGAGTAACAAGGGACTTGACGTGCACGCATGGAAGTTCTTTCGATCACTCGTCGGATTGCCGCACGCCGCCCAACGATATCATTGTCCGTCCACTTAGATTGTTGTGAGGAGATTAAATGAGTGAGGCTGGCTCGATATTGTATCAAACCTTTCCCAAGTTACCTAGTGACTCCAACCGGTTTCAAGTTCCTGCCGACCCCTACCGGTATCGCGCACCGGCAAAGTCTAAGGCCTTGAAACCGAGCACTATTATAAGCCACCCCTAAGTTACTCGGGCCTATGGACCCCCTAGGAGACAATCTCAATGGTGTGTGATTGGTACAGATGAGGAAGATCAAAAGTTAACTATCTTAGGATTAATGGTTCAGCATAGAACTTACGGCCTGAGTATCGGCGGTATTGGTAGACTAGAGTAACCGAATCATTGTGCTATTTTTCAGTGCACGTGGGGTCTAGCGGACTGCTCTTGAATTAATGGGAGACGGCTATGTTCTTTTACTACTCACGCCGACTAGCCTCGGGGCTGACGGCAATCGGGTCCGTCGACCGATTAGGCTGTGAGGCAGTTCCACGAACTCCGACGGGGCACAAATTCGAACGTATCCCTTGACCTATAACAGAATCATTATGCTTACAAACATTTGCACATTGTACAGCTTATCCTCAATCTGCCATGAGTTCAACCGAGCAGGTCATAATTGTCAAAGAGCTTTCGGTTGTCGATTCATCCGCTGGATCTTTCCTTTTCTATAAGAGACTCACCCGTTATATGACCGTGGCCAAAACCCGCCTACTGAAATCGTTAGGTCGTTCCGTCCTACCCACCATAGCGAGTTAGGTTACAGACAGTTTCCTTCGTACAGCGTAACCACTCCTATAGCAACCGGCTCCTTTTAGTTGGGGTGATTGGGATCCCATGGATTGACCGTGTTGCTTACATCTCTGATCACTACTAGTCACTGGCATCGCGATTTGACTATTTCTATAGCGTGGCCTATTGTAATGGCCAACACGAGATCGTAGCCCCGCATTAGATGGCTGCCCTAGTAGCGGCGGCCATTTCCCATAGTCCGCTATTGTAGTAAAGGGACCGTAATACACCCGATATTACTGGGCCTGAGTCCTGTAGCTTCAC,1982,49.8,Homo sapiens
SEQ_260037,TGGGGCTTCGGAATACACAGACTCCTGGGATTAAATCCTGGTCAATATCGTCTCTGGGAGCAATGGTCTCTGAACACGCTAGAACTTTGGCCAAACCAGCTCCTAGCGCGTATGCTGCGCCCTACTGACCGCATTACATACGACCC,146,52.74,Saccharomyces cerevisiae
SEQ_233877,GTTTTACGTATTCATACCCGCTAATGGTCTCATCTGAGACATACGGGGCCGCATAGGTATCCACCGGGAATGTTAGCGGAGTTAGCGCTGATAACGCACCACTAAACTCAAGGTCCCGGGGGCGGTCCAATGGCGTTGCCTCCTTCTGATATTGGGGCCTGTCTTCCTCCGGTTAGCACAGCTCTACGGTAGTGGGCGGCCTAGCCTGCGCCTCACAGCGAGGATGGGGATGGTTTCGCTATAAACGAGTGGGCTCAGCTTAGAAAATTACTCTGTGTTGGCTGAGTCGGGTCTCTACCCGTAGAGTGTGACACCAGTCTCCTCGGACGAATGCCATCCCATCAAAAGCTTCTGGTCGCCCTTGTACACTATGATCGCGTGTCTGTTTT,389,53.98,Drosophila melanogaster
SEQ_552666,GGCTAATCGAGCGGCGTCTGACTGAGGTGGCCTCTTACCGCTAATCGGGCGTGTTTCTTTTAGAAAGGTTCTTATACGTCTGTATTACATTAGACTCCAACTATCTGTGGACCGCAGCGAGCGTATGCACCAGATAGTCCTCTAAAATTAGCCTCGACTTTATTCATGCCAGACTAAGAGTCTACCAGATCCACAACATACTCACCGTGAAGGGCGGGGCAACCTGGAGCTGCAACGTGGAAGTCCCATCAGAGCGCCACCAGGCCACGTCTACCATTCTCGTCCCCCGAGAAATCAAGCACTGGTAACTTTTAACGCGTTGAAGAGCTACTTTAGAGATAGCGGCTCGAGCTCACATACAACAAGTAAACGACTATTTCTAACGTAGTAAAGTAAAGCTTCGAATTATTGTGCTTGTACAGTTCGGCCTTTCTGGATCGGTTGAGGGGAGCAGCCGACTTTCAGTTACTTAAATTTGTTGTTCGATGAACCAGGTAAGCTACCTGAGGCGATTGAACGAACCCGGCCTCGAAATAGCGGCACCAAACAATAAGCATTAAATTCCGGCATACTAGACTGGGCACTTTGTTCCCGTGACTACAATGAAGACTTCAAGTTTACCGCGCTTTACCGACTGCATGGATTCGCTAGTCACGGATTACACCTTTTCCGAATAACCGTATGGCCCAAGCTGGGAGCTAGCGGGATCGCTTCGGAGTTCTAAGAGAACTGCGTCAGTACGACCCAATGTGTATAAGCTTTTGTCCCCTCAGTCTAGCGGGCGGTCAATTCCGTCAGGTCTCACACGATACTTTGAAGTGGCTAGGTGCATTAAGCGACGCCCCCCTTTGGATTGGCACACAATGAACATACCTAGACACGACTCTTATTACGAGCTGGCCGCTCTGTCGCAGGTAACTATGGCTGTGCAGGCTGGCATGTCACATAACAAGTCGCTCCTGCTTAAGCTACCGGACCGACAGTACTGATCCACATATACGCATTTAAGACCCGCACCTTCCCGCGCTGCAACTAGGAAACTTGTATAAGGTAATACGTATTGATTAGAGAAAAGGGAGTACATGGTCAAGGTATTCGGATTGCTAACCATATAGCAATGATACTGGGAGTACGCAGGTAATGAGTTTAACGTCCGTCCAGTTGAGCTTGCGCTTTACCGACCATTTATACATATGGGGCACGTAAGTGGCTACGAGTTCTGTAACGCATCTCTCCCTACTTAAGTAACCTATTCGCACCATGGCAGGGGTCCGGGCAGAACCGAGGTACCAAGCTTCTTAGTCAATACTAGGAGCAATCAGCCTGCAACAAATGTGCCCAGTTGACGCTCCTATGTGGTATCCGCGGCGAGATGCAAAGATTAATGGCTGGTCAAATATTGTGCGTTATAGGCATTCGTCGTGTTTGGGCCACACGGACTGATGTACTGAGGAACCTCT,1460,48.7,Arabidopsis thaliana
SEQ_375067,AATAGTAACGCCCAATCCGTTCAAAACGAAGGTAATACGATCTCTCGTCGAAGAGTACGCTATGACTGCGTCCCTTAGCTATAACTCCCGTCACAGGTTTTCTTGTATTAGGGACCAGCTCCCAAGGTCCAGACATTACCCTGCCTTGCCGGTTAAGAAATAGCTCCCCTGCCTCCAAATGTGGGATCATTTACCTGGCGCCCGCCCACTCCCTTCCCTGGAAACCTTTATAAAGGTGATGGGATTACATTGGGTATCTCCCTGTCACAGAGGAGTTGTGCGACTCGCTACATAGGTATAAAACTATTAAACGAACTCCACATGCTAATGTAAATACCACCGCTCGGCCGCCGAGGTTACCTAACGTAGTGTCCGGTTCATCCTTCTTGTCTACGTTTATACCCATTGGTAGTTCACTCTGCGTCTTATTCTTTTGCGAGTAGGACGGCTATATTGCCGACTCATCTGAGTCAGCGGCCCCTTGGATACTCACCACTATTTCTGGGCTAATAGGGGCAGGTGGTCCGGCGATATCGCATCGCACTGGTTCTAAGGGGTGAAGCCGCCGCAGTACCTGGATACTCGTAACGGGGTTAAAGTGTAAATCATGAAACTCATTTATTACGAGACTCCACTTCATCAGTAGGCGTGCAAATCTGGGATAACTCGTGAGAGATTTTATTTGCGCCCTTGGCACCGGAGCACAGTGGAAGCCAGACGTGAGAAGTGGGCGTGACCGATATATCCACCCCACTGGCGAACATGTTTGCAAGTGACCTGGAGACAGAGCCAGGGGGGGGGTATC,805,50.19,Escherichia coli
SEQ_351839,GCCATAGCATCCTTTACTTGACCTCCGTACCCACCGTTGGTGAACCAAGTATGACCACGAGCTTTATTGCTTCATTTTTATTGGGTGGACGGAGTCCTTTGGTGCACAGCCCCGACATAGTGTGCCTTAGCTTTAGTGGCGTCAATCGCTACACTATACGAAAGAATCAGAGGACTTATACGGGGACACTCTCTTGTTACAGAGATATATCAAAGACCACCTCAGGCCTCCGGGGCTTATCGAAAACGGCCGAATCTGCTTGAACGCGGCATCATACTTTACTGAAATAGCAGTTCAAAATAAAATACCATTGCGTCTTAAGCCTTCGCGAGTCCCTTTTCGCAACCAGTATACAACTGATAGGATCAGGGAGAAACGGTCGTTTTTAAGCTTACTAAAGAGGGGAGCTGAAGAATGCATCCGTAGAATGAACCTCATGTCGACCTCAGTTGCCAGCCTCACACAAAGCATCACATAGGGACCTAGGCTAAGGTAGACGTAATGGCTACTTGTGCGCGCCTCTCTCAATTCCCACATGGCGGAACTCTTAGCCTGCTCACCTGGCAGTTTCCTTTACACGCATCACTGGCGCAGTCCCTATTGATGTCGAACCCTCATAGGCAGGCCGAGCGATTACCTTACGAACCAAGGTTTCGATAGGTCGATGTGCCTGAATACGATACCGCAGGACCACGATTCGAATACGTGGAGCGCTGTATTCAATGTCGTATAGGACAGACCAAACATCCTCTGCTTCGATAACGTGTTCCTATGCGCACGGGGTGTCTGAACCACACGGGTAGCTAGCCAACCAGTTGTAATCGACTTAGTTCGGCATGTATAAGTAAAACTTGTGTGTACATCAGTATGATCCCTAAGGAG,882,48.3,Caenorhabditis elegans
SEQ_669239,GTAGATTGTGTTATAGAGGCGCGCTGCTGTATGATGAAACAAATCTGTCAACCCCAGTGCCATCGCGTCCGACGGAGTCGGCGTACCGACCAGCAGAAGATGTCTCCTGCTGAGCCCGCGCCAGCTTGGCTCGGGCGTACTTTCAGAAGAAAAGAGTCGTCGCACTGTTTGTATCTTTAGCCTCCCACGTACATCCCTTACAGCGGGGCTTGCAGACGTTCGTTCGTGAGCCCGCAACTGGAGTTCAATAATCTACTCCTGTTAAGCACATCTCCAAACTCTTTCGGTCTATCGGGCGACGTGCTGAACGTTGTGTGGTGACTTGCAGCAGAAAGTCGTCTAGCTGGTAGCACGCGCGACAGATTTGGAATCTTCGGGCCCGTCACTTTACCCATTGCCCAGTACTCCTCATGTTTCGACATGTCGCATGTGGTGCTCAAGAAACCAACTAGATCGCGCGGAGAGGTTGCGAGAAGTACCGCGCCAGTTTTGGACATCTGCCGGGTGAATGGCCCACCATGATTGTGAGATGGTGCCCTCTCCAGTTGCTCATAATCGAAGCCATAGTGGATATTGAATTATACGCGTTGGGCTCCTGATGTATAGGGCAGCGGCGGTCCCGCGGCCCCTCTCAAGCGGAGGAGTCAACACTCCAAAATGCAGATAGAGCTAGTATTATACCTATGGGAGTCTAGACTTCGACCAGGAACCTTAACATTTTTCTCTTGTAGTGGGCAGTTTCATCGTGACGGAGTGGCGTCACCAATACAACGTTTACCTTCTGTTAGTGTTTACGGGGGTAAAGTGACTGGCGCTGCGTGGGTTAACGGGCTCTGGCATGCTATGGGGCGGACGCATGTAAACTTTTGACGTCGACAGAGACGAATTGTTCACAGCTCACATACACGCCGTACAGAGTTGGTGGCCGCTTTGCTCGACAGCTGGTGGCTTGCACTTGCCTTGGTTCCGGGTCACCTTATACCAAGCCCCACACTTTGGATTCTGTCCCCAGGCCATACCTGAACGTACACCGTAGGCTACATATATTAGTGCAAAACATTCCTCGAGCATCCATCCGATTCGCCATCTGAGTGCCGACATTCGTCGATCGCCCCCTACCTTGCACGTGGCGCGCTCCATTAGTAACCACAGACTGGCAATAGGAGAGGCGGCAAGAGTCAATAGCCATTAATGAACAACCGTTCGCAGTACAATACTGGCGGCCCATGGAGAGATCTTGAGCCCAGCCCTGTAGTACGTGCTCCACATAGAAATACAAGATAAAGTTCTAAGTCAGCTAATCGATAAGTTCCTTTTACGTCCTGATGACTTTTGGCGGTCCGCATATTGAGAACCAAAGGCAAT,1365,51.87,Arabidopsis thaliana
SEQ_432641,TCCCCTTGTATCCAACCGAAGTCCTGTACCTGAGGATGACTACAACCCTCATCGTCTCAGTATCTAGCTAATATACATCCTAATGTACTTAGCATTTTCGATCGGGGGTCGCAAATGGTCCCGCTTTCGCTCAGTTCGATCATCGCCCTCCGCCACGTCCCAATGGACAGTTGGACCAACTTATGGGGACACGACCTGGTTCTGGCGATCAATATCTCTGATAGAAGAATGAAGCAGTAGCCACGAGCGCGCTCCTCACCTGCCTGTCCAAATGTCCATGCATTGAGGTGACCGAGTAGAGTCAAAAAGGACTACTACGAGAGGGTGCTAGTGTTAGAGAGCTAGTGCACCTTCCTTTGGAAGGCAAGGCCCTTTAAGGTCGTTCAGAGTCGAGAACCTTTCGCCAATTTCCCGCATGCCCACGGAGTTCAGAAGCACCCATGTGTTAAGAGTCGGACTTGCTGAGAACATGACGGTTGTAGGAGACCTCTGTGGACTTTGGAGGGGTTAAACCCACGGTATATAGCAATACGTCATTAGCAAGCAGCCTTCGGTGCACAGTACATACGGTTTCCCAAGCCTTTCCACCTGCTCTACACGACAAAAAATAAGAGTGCTGCGTACCGTTACCCGGCTGCTGTGCTGGTGGTAAATCTTTAGTCTATATACAGGCAATTTAGGACGGGGCTCACATCTGCAAGGTATAAGACCCAACGGATTCTG,723,50.07,Arabidopsis thaliana
SEQ_160476,ACTCAACACACAGACGGAGAGTGTGTCTATGAATCGTTAAATATCTTGTCGGAGTAATGATACGCGCGTGATCCGCCGGGAACTTGAGCACCTATTGAGGCATATAGGTCTATGACCAGTTGCCACGCTTTTTGGGACTGAAGGGTTCTCGTTCCAGTGGCGACGATCGCCCAAGCTACGTTTTGGGAAAGTACTCCGCTTTTTACGAGGCCCCAGTTTCAGCATTACGAGTTGCGACCTACCGCCCTGTATACTTCCTTGATAGCTAGTATTGTAGAAAGCATGCAGACAGCGTTACGCGCGCTGACAAGCACGTACAGCAT,323,49.85,Caenorhabditis elegans
SEQ_253667,GTTTCTGGACTCGTGAGCTGTCCATTAATGAAACAAATCTTGACCAGCTCACATGTTGAAGTTGACGACCCTGGGCCTTACCTTATGCGCTATAGGCTTAGAGATAAATAGGCTTT,116,43.97,Caenorhabditis elegans
SEQ_836975,GGGCCAGTCAAGAGGTTAAAATCTGTATCATTAAAAGTGCGATCACACGACGGACGCGTTTATTGCTCCTGTCGCACGTCGGACCCGTTATGCCCCCCTTGGCGCCTGTCTTACGGAAGCCCAATTGCCGCGACCCCTGTATTGTGTTCATATCTTGTATCCCGACGAGGGACTACGCTCTCAGTGTCGTAATCCATCAGTAACCAAAGTGGGATACCCCGAAAATGTCCATAGGGCTGTGTTTCTATTGTGCGATTTAGACGATCAAAAGATCACGATCCCCGACGTCTATGCTTGCAAGCTACTTTTGTTGTGGACTAGTTGTTCTAACCAGCACACCCCTGAATCTTGACCTGGGATTTTGGTGATAGTACTTAACAATTGGACCAGCGAACTGGTAAGGTTGATTTTGCTGTTGCCAATACCAGCATGGGAAAGCAAATCAAAAGAGATAAGGGCAAGACGCCAAACGCCTCTGTTAGTACGTAGGGTACGAACGCCACCCGGGCTTCCTGGGTTGTACCGCCAATGTAACATCTCAAAGGTACAAGAGTAACCACGAAGTTCGGGCAGGGCGTTTTTGTCGCTCTTACTTCCTGAACTAATTGGGATTACGGTTTAGCTGGGTACATACCCACTTCCTTAAGCAGCACTGCAGGTTTTTATTGTCCCTTAATACATTATGCCGGGATTAGTGCCGTACACCTTATCCAGCCAAACAACGTCCCTCCTTCTAATCAGGTTAGCTCCGTACGTTGTCGTCCGAGTGACTTATCATAGTCTTACGTCACTGGAACCAGACTTCGACCTTCGGCTGTGGGGCCAGATAGCGCTTATCATCAGAAGAATCTGGACAAGCAATGCGAGGAAGAGCGCCGGATGCTGCAGTCCTCATATATTTAATGTACTCTCAGCAGTATTGCACTCGGGCCGTGAATATTAGGCATTAACCTCCTCGGGTTGGACGCAGCCGTTGGCAGTCTAGTGTACCCAATCTGGCGTCGGCAATTTTTAACACAAATGTAGAACGCGGCTCTTTACGCCTGGATGCATAGATTGGTTGGCAGTGAGGGCATCATCGGCCTACAATTAACCATGGGTCGTTATAGGGTACGCGGTTATGGTACCCTACGTAATTTGACTGTGTGAGTTAGCTGTTTCCATATGGCATTTGCGATGTTAATTCATAGTGATTCCAATCAAATATAGACCCGTATGCGAAAATGGGCAGGCGGCGGATTCGACGATACCGGGTGATTTACTGCGCAAGC,1271,48.47,Mus musculus
SEQ_947473,CACGTCTCAAAGCACGTCTTTCTGAACTAACCATATGGCGTCATCTTATTGCAAAGGGTAGCTGTTTCTAACGTGGCAGTACCCATATCGACAGAAAAGACATAAGGTACGCATCTACCATTGTAGTTTACCTTCGGGCAGTTGCTGTAAATCCGAACCGTAACGCAACCCTGCCTGGCACTTCAATCCGTATGGGTAGTCTATTCAAACGCGTACGCTGGGTGCGCGCCCTTCTACTAATACCTCTGTGCCTTAGAAGGGCTTACGTAATGATTCCACAAGCGCACAAAGAACATTAGTGCACCTAAGATGGCCTTTCTTATGGCCAATATCCTATACCAAGAAGAACTCCGTTTGAATAGACTTGTCGTAATGTCGACGACGTCCGAGGCTGGAATGTAGCCGGCCAAGGCAAACGGGCCCGCACGAAAGCCGCTCCCGGAGCTGTGTTGAAAATGTACAGACTTTCCTCTCGGTAGCCCCTGTAAGAATTGGACATACTGATGACGTAAAGTATGTGAGTACTCATACCCAGCGGGACGCGAAGCTACAGATCATTATCCACAACAGCCTAAACCTGAAGCTCAGGCGTCTGAGCCAGAACGTTCTTAATAGGGTAGGGCCAGGGACGTGACTTCCCTCGAAGTAAACCTTGACTTGGATGACAGACACCGACCCGAGCCAGAGCTACATTTCCGCATGCCCGAAGTTAAGAGTCTTCCCCTAAGGAAGTAGGGTTTTAGTGCCCACTGGGACTTATGGGCCGGCATACAAGGTGGGAGCCACACCCGTGGCTATCTGCGGGTCCACCAGCTCGTATTCGGCCTACCTTTCGAGTAACGACTCCGTTAATTACCTAACGGAGGTCTGGCGGAATAGAACGTATGAGCCCAAAAAACGACGATTCTTACAATGTAATGGGCGAAAGTCTAGGCGCCGCGTACGTCGCGGTCCCGGTTGCTTGAATGACTTTCAGCGTCGATATTAGTTACGGGAGGAGTTGCTCTGTTCTTGGCTATGAGTATCACCTAATGAGCAAAACATTCTCCCTCTGCCGTTCCGCCTCAGATTTACATTCGGTTACTACTGAGAGTCAGCTGGTTGCGGAGCTAGCATAACGCATACCCATTGAGATTCCGCGGTTAAATGGGAAGATAAACCACAAGGAGACTTTAGGATCCCAAAGTCGCAGACGTATTTGCGCCGGCTGCGACACATTGTTTTGACGCGTGTATGAATAAATAATGCAAAATCGCTCTCCCGATCAGAGGGTACAAGTTTTCAATAACTGTCCCTATCAGAGGCCCGATCCGCCGCTCTTTCCCGTTGATAGATGCAGAGGCTGCACATATTGGTTTGACCGCGCGATGATCGGTGTTCAGTCCGACATGCAAGCGAGGGCCCTTGGCCTAAGACCGTGCATTCTCTGAATGCGCAGAAACGTCCGTCGCTACATGGTATACCTCCTTAGTGTCGGATACAAATTTAGCTGGGGGAAGTCGCAATAAGTCACGGGTCCGCAGAAGCCCGGGTTCTGGACCCCCAGACGATCAGTAGGTCGGGTCGTTACCGGGGCGGCGGTAGCCTGCGAACCCATCAGTTTACTTGAGAGCGCGGATGCATCGATACTCCGGCCAACTGGAATTTTTAGTAGTCTCTAGTCTCTTTGTCTGCAGTGGAGTATTAGCGCTTGATTCAGCCTGGTGGGGCTAATGTTACGATAAGCGGGGTCAGAGGTTCTCAGGGTAGGATCGTGTGACAGTCAGCCTAGTTCCCCAGGAGCATTGCGTCCTGACTTAACCTCGATATGGCGGGTTACTGACCCCCACACTTGAGTTAACCGCTTGGTTGATGCTCGTTCACAGAGTAACTAGTCTGAAGCTCG,1885,50.93,Saccharomyces cerevisiae
SEQ_103422,ATTTGTTTTTCTAGCAACCTCGTAGATAGTTTTCGGTGCTAATACTTTCATGTACATAACTCAAAATAAGCACATCGACATAGTCGTATTCCGCAGTAACCCTTGCCCTTAGATAGAGTTCGTAAAAGACTGTCTGAGTAGCGTCGGTATATCTAAGTGGGTCATACTTGCGCAATTGCCGTATAATAATAGGAAGTACCCTCTAAAGACTCTTGACGTAGATTTCTCCCGC,232,40.52,Caenorhabditis elegans
SEQ_972063,ATGCCCCTGCATAGACGGGTAACGAAGAAGCGCTATCCTGTCGATGTCCCTAACGGGGGGGATTCTGTGTCGTAGAGCATTGGGCGCACATCCTTAAGCTAGCGTTGGACGATAGAAAGTACGATGGTCTTGGGATCCGAGCAAGCCGAACCCCATGTGTCATTGCCAGCTTGGAAGGTACATGATTGGAAGTTAACCGGCCCGGTGTACCGTCCCCCTGGAGGCGACTCGAATCATAACCTTGACCGTTTACGGTGGGTGAAACCTGACAGACGGCACCCCGTGATTCTGATAACTAGAATCTCGCGCGTGAAGGCGTACCTCGCGAGATATCCAGGTAACCTGGCTACGATGGAACGCAAGATACGTTCTCTAGGAATAATCAAAGTGACGGCTGTGTGTGTAGTAGGGGGGCGTTTCTTCTAGGACGGATCTGTAGATCAAGCAAGGGTGATATAATGACGATAGACGCCATAGTCAACCCGTGTTTAGACATCAGACATCCTAATTTGCTCTGCACTACGAGGTAGAATCGTTCGGCAAAAAAGAGTTGTACCCACAGGATACTGGGTCTCCGTCTATGCGCGACCGGGAAAGCCGACCCGTTGTCCGCTTCTAATTCACCGTCCACTACGAATGGAATGTTGCGCAGGCTACCGCTTGCATCCCTTTTGTAGGCTATCCGGAAATAATACACCTTGCCTTTTAATCGGGGCCTTGTGACACTCCACTGATACGCTTCTGCATACTCTGTAATCATTCTTGCCAAAATCGGAGGAAAACGTTGCATACGATCATCTCCCCATATATGAGTGGAATCCCATCAGCATCCATGTCAATCCTGTGGAACGAAACCCCTGTTCTCACGGATCTGAAAGTGGCAGACAGCCCCGCATGGTTCATCCACATTAGGGTCCGCTCATATGGTTATTCGTGTTGCCCATACGCTCTTGAAATTGAGCACCTTTCATCGCCACGGGTTAACCGGCCGCCTTATACCCTTCGAGGGGCGGTCCGCCATTGCAGGGTCCGTGTGCGGAGTTTGATGAGATCTATCGAGCATCGACAGCAATGGGGATGTGATAGTATCCGGTATCGTTCCTGAAAGCGGACCCAGTAATAGAGCCCACCCTTGTAATCAATTTTTTGCCTACTTCGTGGCTTTGTCATAAAATACACCGATAGGCATGCAAAGACCTTAAAGTCATACTTTTGATTAAGGTCGGTATCGGTAGCGAGTATCCACTCGTGTCCCACGCGCGTGCAAGTAGTGAGTTAATAGCTGTGGTTCGAGCCACACTTCGACCATATTCTCCACAACCAAGATGCTCAGCATTAGGTATTTAATACCGGAATAAATGACAATAACAACCCCGTTAGTCTTCTTGTAAGTTAATAAGCACGCCAACACCACCGGGTAAAGAGCGCTGCGTACTAATGAACTGTCACTAGTGCTGGTCAGAAAGCAAGCCGGTGCTCGGTCACACAAAGCGAGGGCGTCTGTCGTTCACTGGTTGGGCAATCCATCCCAAGTCGCCCCGAGGTCGCTAGGTCTCCCTTGCTTAGGGAGGCAAAGGCATTCCCTGTTTAGAGCAATACTCCACCGTCACTGCACCTTATCTCTTGTTGATTGTTGTGTTCTGTACCGTCTT,1652,50.18,Homo sapiens
SEQ_248958,TACCCAATACATCCGGCCCGTGCGCGTATTATCAGGGATTTGGCGTAGTAGCGACGCAAACCTGCCCTCTTGTCTGCACAGAGTAAGTCTGCAAGAAAAATGTTCGGCAGCTCCACATAATACTCTTCAAGTTCCGGATTTGCAGCCAAGTTTATGGCCTATAGTACAAACGCCCCCTCAACTGGATAAATCAGGAGACGTATTTAGGTAAGTTTTGCTGTTGGGAGGCGGTGGTCGTTCGACTTACAGTACTGGGGTAGAATTAAACGCTACTGAGCTAGCTCCAAATACACGAGCACTGAAAGGACAGGGGCTATATGAGGCCATGCGCAGCGCGTTCCACGTCTATTCGATCTGCAAGTATTGTAATGAGGTATGATATGGACCACATTACGTACAGGTTCCCGGTGACC,413,48.67,Drosophila melanogaster
SEQ_954534,TCGGGCTCTGTGCGGAGGAGGGCTAGTGTCGTATGGGAGTGAAGAAGGACGCCCTACAGCTTGACTTCGCCTCGCGGTAGGTTACAGAGCGGTCGTGGGCCAGGTCGACTGAGAGATCGAACAGCCATCTAAGCATCAACGTAGTTTGCACCAGTCTTGCTGACGATCATCTCACACTCAACTGTAATGCTACGAACTGCGGACACCGCCGATCTTACCACAAATCACCTACCCCTCTCGCGAGCCGAGGGGCTCACAACACCCTATCAAGATTGACGGCCTTATGTCTACCAACTCCTTCTTCGTGGATGAAGGGTTCTGTATGGTCAGCGATAGTTTAAATTGAAGGCAGACTAATGATAGGAGTGCATTCTTCCTACGGTTGCATTGGTTCTTACCCAACATCTAGCCCTGCGGTGAGGCCTCAATTTGCGCTATGGGGTACTGGTATAGTCGCTAACATAGACCCTCCATAGAATATTGTGTAATTTCAACCAGTTAGTGTGTAAGTTTTAAAGGAGCGTGCCGCCTAACGTGAATTATTGTTTGAACAACATGTCACGTATAAACCCAATACGGTAGTTACCTACGGTTACTTCGCGGAAGTCTCAGAGAATGTCTCTGAGTCCCCTATCGGGCTCTGCCGTATTCCCGTACTGAGGGGATGAAAACAACTCGTTAATCCACGTATGGTACCCGAATAATCAGATATGGGACCCTCACATGTGTACCTCATTGCGGTACTAGGCTTTGTCAACTATTATGCGCCTCGCCTTGAACATGCGATTCTTGGGTACTCGGCAGACTAACATTACTCTGTTTTAAGCTGACTATCGGAGTCCGTCACCCAGAGTTGTCGCGGAGTGCCCGTAGCATTTATCTGAATGTTTCCTACGGTTGGTGCAGTCACGTACCCGAAGTACCCCGGTACCGTTGATTAGAATACCAACCCCACTGGGCGAGACGATTGGCGCTAACGCTTCTCTGCTGGGGGTATGTCGCTCTCGGTATCCTTACTTTATGCCCCCGTCATAAAGTACGTCTGCGTGGCGCTCTCGCAATGGCTTAAGCCCGGAGACTATTATTGCGGCAATATGCTCCCGAGAGGCAAGAGACAGCCATGTATATTTCAATTTAGCATAATCGGACAACTACATCCCAAGGTCTTACAAGCCTCAGGTGTTACAGCACATATGCACATGAATTTGGGCTCGAACACGAAACCCCACGTGAGAACGAATCTCGACAGTAATGAAAATGTAAATTACAGCTCACCAGAAAAACAGGAAAACTGACCACTGCGTGTATTTCCAGAAAAGCGCTATGGATACCCCTGCGCGGTATTGTTGGCGTCAAAGTGTGGTTGAATCGTTCCTTTGACTTTCAGATCTCGACCACGCTATCCTCCTCGCAGAGCCGAAGTGGGGGCGCGCCCGAATGGCGTTCAAAGAACCGGCGTCGTAATGATGGCGATCATACCGTGATTTTTTGGATCCGCATACAGGGCCCAGTAAAGTGTAACACCGCATCGCAGACAAGGAGTGCGAAACTAGAATCAAGTATTACTGTCTCCGAACGACGACAACGCTTCTTCGATGAGCAGTTAACATTGCTTTATAGCGTGGAGGAAACCTAACACGCTCCGT,1646,49.39,Caenorhabditis elegans
SEQ_191894,GAGACGCCAGATACCCGGACAATAAGAAAATCGAGGCTTAGTCATATTCCAGGATACGAGTTCTGGCTTACTAAGGCAACCAATTAGGATCGAGATAACAACACATCTAAGCGCCTGTTCCATCAAGTGTCCCCCGAGACGCCGTAATTATTCAGGTGGCCCGTGCACTCCGGTCGGTACGCTTGGACCTCGGTAAGAAAATGATAAACCATGATGCGCCGGTGAGTAGAAATTATCCTAAACCATGCGTTGGCCTATCAGGTGAATGCTCCAAGTCTTACATGCATTGTGATTAAGTTCTCGTGTTCGTAGCGCTTGTCCTCACCTTATATCCCTACGATAATTGCATCCCGCCATGAGGGGCGCCTCCATGCAAACGAATGCGCTTTAGCCTGAAGTATCGGACTCATAGTGGGTATGGGGGACATTGGCGATGTTGATATCCAGAGT,450,48.67,Arabidopsis thaliana
SEQ_270156,CAAAGGTCGCAATTGTGTTTTCATGTGTTCCGGCCAGTCCACGACTTATTGCTTACAGGCTCCTTGAGTGCCGCTGCTCACAAATGCGCCATATCTCTGGACCACTCTTGAGCCCACGTAGCGCTTGTCGTAGGCTGCGCTTTGTGACGTCAGAATATGTCTATACTGCTGGGGTGAATATAGAGCCCGCGCACTAGCGTCGGAAAGCTGCAAGTTATGTCATCGACGAAACAGCCCAATTGATCTAATCTAATAATCTGTCGACAGTTGAGTCGGCCGGTATGGATCTCTGGGACTTGAGGTGTTAGGCCGAAGTAGGTAACAATGGTTGAGAGACCTATCCGCCAGCCATGGAAGTGTCCGCTTCTGGCAATGTAGTCCCCTGAACAAAGAAGTTATTATTACGGAGTTTCTTGGGGTTCCAGACCCCCGAGGAAGGGCTAGCGGAGGGAGCGGGGAC,460,51.74,Arabidopsis thaliana
SEQ_739407,GACGATAGACGACCTGTACCCTAACAAGCATCCAAGATTCCTAGCACCATATTAATTTCGAGAGTGTGCCTCGCTGAGCAACGGTTGGATATTAAAAGTAGACTCGAATGTGGGTGCTGCGTCCAGCAGGGTGACTCTCAAATTTTCGAGATCGTGATGTAAATGGAGCCATAAGGCTGTTAAACCCCCACCACCAGCCCGTGGACTTTACTCCGTGAATGGCTGGTCACCATGATCAGCTCGAACGGTGGACTAAGCCCTGGTAGAAGAGACATGGTTCGCCCCTTTGCCAATTGCTGACGGCCGCACACTCCGGTGTGCATCTTCATTCTCACAGGTCTACGCTTCCCGTAGTGCACTTGTCGCGGCTTGGGAACGATTCGAGTTACGTCTTACCACCAATCAGTATACACTGGCTGTTCGGGCGCCAGACAGAGCTAAAAGTTCCACTGTGCCGAGAATATCACCGGGAATTCCATGGGCAGTTGATAGATAGAATCCGGTATCATGGGCTCCTGTCTGTTTCTCTCCATAGACGATGACTAACGGTATCTCAGTGTGGAATCTGTCGAAGGCTCATTCCCTTTCCGGGCCACGATCTCCTTATTCTTTACGGGACTAAGAACTTCCGATGAACGAATAACATCCGTCGCCGTCCATCTTGTGCTTCACCAGA,676,50.59,Homo sapiens
SEQ_639469,GGAGTGGCAGTATTTAAACATTTTCGTACTATTGCCAGTAGGTGAGAGCCAACCATGTAGGTTTGTTACGTGCCCCGGGGACATCTTCAGTCGCGATATACAAGGTCTTCTGCCATCAGTGCATGCATGTCAGAACCGTGTTTCTTTACTGTAGCCGTTCGGAAAAATATTCAATGGGAGAGGCGAAAGTATTGCCAACATATCTGCTCTATTCGAGTCAGTTTCGCAGGCCCGGGCAACAGATACATTGTTGGCGGCGACCCAAATAAGCGCACGGTTCAGTCACCTTTCAAGACGGCACGGTTTAGGGTCTCAAGAATCGGAGTCATCCACGAACCTCCGTAGGTCCGCTGCACGATTGGATCTATATCAAGTGGGCGACGCGTTTATTGTAGCTTGCACTATAGGAGTGGACGCTTGTGGTTCCACTTATGTTGTTGTGATCAAGTTTCTTCGAGTAGCGAATCTTTCCTTCGCAAGGCTGGCCATTTCATCATCGGGGCCGAGGGTTCTAATCATTGCTGGAATTGCATGCCGATATAACGTGACATAGAGCCACAATCCCCGCTTTTATTACGCTTATACATTTTCCCCAGTCCGGCGGGGAGACTAGCTAAGCCAACAGACGACGCAGCACGCTCCTGGCCTCTCGCGCAACAAAATACGAGCCGTGAATCTGTGGACTCAGTGGCCCCGGCAAACAGGCGTCACAGTCGTGATTTCATCAAAACACTGGACAACTCAGAAGGCATAATCGTCGTGCAGTACGAGCCTACCCCCCTCCTAATATGCGGCACTATATGACCATGCCCTAAGACACAGATTCTGTAGCCGGTAAAAACGGAGGGTCAGCCATTCGTCAATAACCCTCGCCGCGTTCGGGTTTTGAATACGCGGATCCCTGATTTAAAAAGCCCAGTTGCCTTGTGCAAGATGACTGACCAAAGGCCTCGAAACAGGTTTCGGGCGCTCGAACCGGTCGCGGAATACCTCCTCTAATACGGTTGACCAAAGGGCCGGGTCTACAAAAAACCCTCCTTCCGCCAAATCTATTCTTAACGCCGACAGCACCTGGGTTAGAGTTAAGAAACCTACCATAGGAGTGTTAGCCGTCCCCAATTTCTTTGGTATTTTTTCTACTCCAGTAGGGAATTGGATGCAGTGGGTTTAGTGCGTTAACTGGGCGGCCTATGTCCTGTTTTCTGGTAGGTCCTCAGCGCCATTCGACGGCGAGTCGTGAACCTGATCTACTGTTCCACTTGGGCGCCTGGTAAGGTGGGATCAGGTTAAACTTCACGTGTAGCGCGTAATACGGGTCCCACACGCTGCCTCCTAGATGCGGGAAAGGGGCTACGAGGGCAGTTGGCAATTAATCGGTATCTTACGTTAAACCGCAAAAAGAATAAGGACTCTGTGTCAGAAAGTTGGTATCGCGACAGGGGTCGGTTCCACTTTTCGAAAAGCTTATATACAGTACTGGGTAATGCGGACTTGGTGCATTACGGCGGACTAGGGTGTTCCCTTACTCCTTTTCTGTTTAAGGGGGCGCCGGTTACAGGCCCTCACGAATCCACAGCTTCTGGCACTTAGATCTCGTCAGCCATCGAACACCCGAGCAACGATGTTGAAGGACGGTTAGTACGCCTCCGAAAATATCCACTATAGCGTCGAAACACCGGTTGTAACGGCGTACAATTCCAACAAACCCTG,1710,50.53,Arabidopsis thaliana
SEQ_617837,GTGGACTTTTGAGATACGTGCCCGCCTCAGGCTTCATGGAGAGATCTGACCCTTCATACCCGTCACTTCAATGCCGGTGTGTCGTGACATTACTGAATGTGAACGGCGCCAAGTACCAAGGTACCTTGCAGCCTGCGGGTAGTGAGTCGTTTGCCAAATGACAGTGCTGATTACAACCAGTCACCTGCACATTGTATCACTACCGTGTTGTGGAGAGTATTCAGCAAAAAGCAACGTATAGGCGGGGTGACGCCGTATAAATGCCTCCTCGCTACCACGTAATCGCGGTAGATGGAGCATGGGTCGAGCACGGTCTTAGAAGATGCCAGTTGTACAGCATCACACCGCGCAAATCGCTTCGCGCCAACCTGCTATACCGGATTTTGAGCGCCAGAAACATCTCATACCCCGGGTTGTCGTGCCACCTGTCACTGTACACATAAACAGCTGTGACCGACTGGCATGGTAGAGTCTATGTAGGAGTGGGACTTAATCAACATCACCGTGAATTATCTGACTTTGTAAC,526,50.95,Arabidopsis thaliana
SEQ_201445,GATTATGGATGAGGCCAAGGCTAGCGAAGATGACAATAGGGGGGAGTAAATGCCGACGGCGACCGAAGTACTATCGGAAAAGAGTGCCCTGATGCATTAAGCACGTATTTCAAAAGACTCAGATTTATTATCTAGAGTGGCACGTCACTAGGACTTGCGGCACTGCGCATCTTGTCAATCAATGCACCCCCCTGCGGAACTGCGTGCGCAAATCGATTAACCAAACCAATACGAGCCTGGGCAATTT,247,48.99,Homo sapiens
SEQ_614543,ACGACGCACCCATCCGGTGTACTACACTGTACATGCTTCAGAAGGCTTCATCGCGGCTGGCCCAGATCGGCCCTCCGCTCTCCATAGACGCAAGACGAAAGCCTTGCCGACTCTTAAACTACATTTTATCACAAACAGATAACTACAAGTGGGTCCGAAACAGCATATTCGTGCACTTGGAGTACCCTGTTACGTGATAAATAGAGAGAAACCTCCTTCGTGGGGATAAGTGAACTGGTCGACCTCCAACCTACGACCAGCGATCAAGATTTCCGACCCCAATGCACGTTGATCAAGAGCGTGATATCGTAACACCTTTTGTCACGAACTCTAATTCACAAATTGGTTGGTCCTCCCGAAGACTTGTGGGCTAAGTGCCTCGAGAGTCCATGCGTTTCTCCTCGAGTCGGTTGCTAGTGTCGCTCTTCAGCGCTATATGTCACTCCGTTCTCCAGATACTAACCCTATCGCTCTATCCCTAGCGTGATGGAGCATGGGGCAACGGGTGAGTATCGAAGAGCGCAGAAATAGAGATCTCAATAAGATCTCACTCGGCCTCGCCTGGTTGATCCTAACTCAGTCAGCTGTTGAGCGCCAAGGCGACCCAAGAGTACCACCGGAGTTTGTATCCGGCGATAACAACGTCGTTTTCGCGCTCTACACGTCACATTACGCTCCGAAGTTCCACACGGGATCCTTGCCTGATTAGATCCGAAATCTGCATCTACTGTCATTGCAGTAATACAATTCATCTGGATGCCCGTAGTACACTTTAAGCTGCCGAAGGACTTCGCACATCGTGCTAGGTTGCCTT,814,50.25,Mus musculus
SEQ_534826,GCACTCATGTGGTAGAAGAAAACTTCTATTCTAGGCATCGAAAACTAGTTGGTGACTTGGCGCATTTTTATTTTAAAGAGGGGATGTACCCCACGTATGTACACCGAATTGGAGATTGTGCAGCCGTCGGTGCAATGGGGTCTAACGGAGCTGTAGTTAATGTGCAGTGACAGAATGTTGAGACTGACACTGACCTCTCCCAACACTCTCCTCTGAACCAGGGAATATTCGAGTGTCAGAGAGCGCAGGCTTGGGTACATCATCGATGTATCAGCTCGATTTCCAAATGCGTCCCTATCGCGGCCTCTGTATTGCTGCAAATATGAACAGTTATGGGGAAGCCGCCGAGTACAGACCCTCGGTGTGTTACCGAACTGCTACTATACTCTGTAGTGCACAGTTCGTGCCCTCGAAACTGAGCGCGACGATTAGCCAAATGAGTCGTGGGTTGGCAGAATTGTAGCGCTGTGGTTGTGTGGAAGTAAGACACTCACTGTGTCCCCGGAGTATTAACAGATCAGCGATGTCCTTCATGAGGGACTATAAATCTCCGCCGTTAACTTAAGCGCATTGCGAACGCGTATGACGACCCTGGAGAAATCTGCGGGAGTATTCCAAAGTCAGAGTTTCGTTGCGACATTGGCCTGATATCCGACTGGGCCTCATCGATCCAGGCGTTCGTTGAGAAGCATGGCGAGCGGTGCCACCTGCAATGAGTCGTAGTTCACCACACATAAAATGTCTTTACAATACTCATCGCATATGGATGGGTGGACATAAGCCCGAGATGTTAGGTTATGCGCCGGCCATATCAAGTCCCGATACACGCGGTTAAAAGTGTGTAGTTGGCGGCCCCACTGAAACTGAGACTAATCAGAGGCGCTAAGTTTGCCACACGTTAGAGAGCTTAATTGTCGATATCTGTGAATAGAGACGAGGGCACGACGCGAGGTAATAAAGAACGACGGAGTTTGCTTTGCTATGACTTCGGACAGAAGAAGTTTCAAGTTGCAATAAAAGCATATAATTCTGATGCGCAACTCGGAAAGCCTGCTCACTGACCGGATTCGGTGCTCAGTGCACAGTCGCCCATCAAATGCAACAATTGCGTTCGCTAAACGCCGCAGCTCCCGGGCGGTAATAAGGTCAGCGAGGCTTAAACGTTTTGTCCGCTGGCTGGTACGACCAAGCCCGAACTAGCGGCCTCGCGACACGTAGTCTCTGACTGCGAGAACTGTGAAACAGAGGCCAATCTTAGAAATGATTATAGTACGACAAGCGATGTATCATTGAAGTGTGTGACTTCAATATCGACTGCCAGACCCCATCTCTGGAAGGCGTCCTATGTCCTAGTGTCACAGTTTACCTCAGACAATAGGTATCGCCCTTCGTTGAAAGAGTGATGACCGTGTAAAAGTCTATCGACAGTAAATCGGTAGCTAAACGCAAAGCATCGTATCGGCTCGCGCAACTACAGACAACAGAGATGCATATGTTACGACACTCGCCTTGGGTCAAATTGATCCCCCTAATAGCTGCGTTCGAACTCTTCCATAACCCCTATATAGCTTATCCATTTCCCAGCTGCATTATCCACTTAAGGTCTCTTACTGTAAATATGGGGGCTGTGCTGCTGGCTTAGAAGTCAACTAGCCTTGGCGAAATGGAATCCCCCCATTGCTAGCCGAGGGCACCCGCGGTCGCTGTACGAAGGCAGTCTCCTCTCGTCAAGGATTATGGGAGCAGTTACGGTGCGTGCTCGAATCGCGTCCATCGGGATGGTGCCCGTGGTTATTCGGGCACATAGCAGTCTCATAGAAGTTTGCGAAGTACTTCACGCAGAGGGCGACTATCAATCAGGTTC,1864,49.57,Saccharomyces cerevisiae
SEQ_912542,CAACTCTAAGGGATGTGCTTAATCAACGGACATACGCAGTGGGCGCTCAGGCATATTAAGGAGTAGAACACAATCTCACCCTCGCAAATAATTGCGGGTCACCACCGCGGGACGGATAGACCTGTGGTTCATCAAGTCCGGGATACTTACATCAGGTCCATTTCCGCGCGGGGGCTAACACAAGTATGGGGCCGCAATGCGCCGGCGGCATACCTATGGGCCCGCAGCCAATTTTCGAGACTCTTGTACCCTTGGGGAGCATTATTTAGGCTAAACTCCCATTATCAGAGCTGGTTAGCGAGATGAGGGATTGCACCGCCACTGCGAATATGGAAAAATGACATGAGCTGGCCAGGTTACTCTAATTGTTTGCTGTCCTGAACATGTGGGATGCACGACGTCGTTTCAGCATTCCAGTTAATACACTCGGTGCTTTCCATTGTTGCCAGGCTCCCACTGTTTCTATGCTAAGTTCGAGGATACGGAGAGCTAACGAGACATATCGTGAGAACCAATCCCGGAGTACTGCACTAGACCCACTCGGCACTATTAGATCCCGCTCAGCCCTGCGACCCTTATAGAGGTCTCAGTTCGTGCCCTGTTTCTGTTATTACCAAGCCGAGAATTTCTGGTGTGCGGTTAGCTCGGCTAGTGCAGCTTCCACGATCCCAAACTTCGGTATATTGTCCAAGATACCTAGAAAGGCAGTCTACCCATCATCATCGCGTTGGCGACCGGGCTGGATCACCCACCCCTATTAGTACATTGTTTCGGCAGTGGTTACAGGCCTAACTTCGGGCAACGCCGCGCGGACAACAACTCCCTTCGTGCCCCCGTACTCGGTTCGAGCGTGATGTGCCAGTGGAGTGGTCGTCACGTGCACGCCAGTCAGGCAAGCCAAGCCCTACAACGATACTTGCACGTCGGAACTCGCCCTGCCCGTTAGGTAGTCCAGGATCCCAGATCGGGCCGTAAGCACCAATCCGAGACCGTGAGGCTCGTGATCGTGGCACAGTTCGCCAGAGAGCCGGCTTTCTCATGGGGAGATTCATGCCGAAGTTCTCGTTTAACACGTAGAACTACCGTGGTGTGTATAACCCGGTGTACAATTACGCTAAATTCCAACAATTCGACTCATGTCGGGGCCGGTCCGGCCAATATTGTGTCAGACGTGTTCCATCTGCCAATCGTTCTCCAGCTCCTGTGCGGCACTCACCAATTTAGCTGACACTCGCATGCTTACCTTGGCTCGGCATTGCCACCTTGGAAGTATACCAACAGTGACCTAACCGGTGTCGTCATTGCGATTGCGAGGAGTTTCTACCGCACTCGGGGTTTCCAGATTCGCGTGCAGGCACAGCCGTGGGTACCTATTCTGGCATCGTCAGAGCAGCCTTCTTCCGAGTTTTATCTCGATAGGACCAAGCTCGAAAGTCATGCAAGTGCCGTTGTGGATTTGGCGATGACCCAATGGAAGAGCTCGATGATGATTCGGACACGTAGGCCGTAGCCTGAAAGAAAAGAAGGTGCCAGCTACGCCGGGT,1544,53.3,Mus musculus
SEQ_736161,CGTCTCCGTTCGCTAAGCAGCAGGTGTTTGCGATGTTCATGATCGACGCGGGGTCAAATCAGACTTTCATTATTCACAATCTCCTGGCGAGTTCCTATAATATTAATTGTTAGACCTAATGTCTTAGAATCGCGACGGTTGCGTTGTTGACCTGCCCGCGGTGGTGAAGCGAGTGTCAAGCGCGCCCTTTAAAACCAGGAAAGTTTGTCTTGGGGCAGAGTCTCCGTGGGGCCTTTGGTAGCGGCCCCACTGCTCTCGCTCTGCGTTCATCTCCAATTGCGGCCCATCTGTGCTCCACGTACAGCCGAGCAAAGCGTGAACCGCACACATTGGAGAATCCACAAGAGTACAGGTATGAATAACACATATGCAATCAGTAATAAGCAATCCCAAAAATAGCCGATACCGGCAGAGGGGTCAGAAACCGCATTGACATCGGAACCAGGCTTCACCCTGACCATCATCCATCCATCCGCGTGTTGCGGACAATCCGATGGTGGGAGGCGCCTTCAGACTTTCAGCTCGACCGTTCTTCTATTGACGAACCTTTTGTCGAGGTGAAAGCCAACCTATGGCCGCGAGCGCTGCGATGTCCCACAAGACATGTCGAGACCACCGTTAGCTGGCAGTTGATTCGATCAGGCGCAAGATATGAGTCGAATGCACGTTTTAAAGGGGATCTTTTGAACGCAGTCGTACCCTAAGAGCCCGGGCCTGCTACGGAGCGCCGGGGAAACCGACAGCGACACGCGTCGGACAGAACATCGGTACGTCCAAATCCGGGGTCATCCTCTCTATGACAAGTCATGGGCCAGAAAAACGATTTTCACAGTGGATTGTAGTATAGCCATATCATGCGGGAATTCCTCTGACTAGGACAGTCGTGACACGATGAGGATCTGTACATAACCTCGCTTTGGCACACTAGGTGTGGCCTTCAGATATGTACACGGACCCACTCATCCTAGCATCCAAGGGAATGCGGCTTGTCCGCAATTAATGGATCAAATCATGACCATCGCCGCTGAGACTGAGGGTGGGCCCTTATTACTAGTGATGGTCTCCCTAGGTGATATCGGGTTTAGTTCCACCAAGTGTGGGACTGACACTTAGTCGCACTGGTCTACGTTTCCATGCTCCAGATGGTCGCAATGGGGGGCTATATGTTAGTCAATCCCGCACTTGAAATGGCTCCGTATATCCTCTGGTTTAAATCCTAAGGGCCTGCATAAAGAGACGTGCGTGCAGGTCTACTCGATTGGGCAACAGGTACCTAAGCCTAGCATTAGGAACCATAGTTTCCGCAGCCTCCTCGACGATCTCGACGCACGAGCATTAAGGACCACTACACTACTCCTAGTTTAGTCGAAAGTTTTATGCCGTCAAAGCTAAGCAATATAAAGGTGTAGCTTCGCTTGGGGGGAAACGACATACACACGCCGAAAGATCCATTTGAACCTCGAACGGCACG,1471,51.26,Arabidopsis thaliana
SEQ_892864,AGGGAGTCCGAACACCATGTGAACGGTGACTCACGCTCATATCTAGTCGGAAACGACTAAAAATCTCGTCTGAAGGCCATCTAAGTGAAAAACCGAGGAGATTATCCGGTGCCTCGGCGATACCGCGCCGGGGCCACCTTAGTTGCTCCCCAGTATAAGTCGTTCTGTAGGTTTGATAAGATGGCCTTAAAGGAGATCGGAGGGGCCATCAATAGCACCTTGCGGGCTAAGGTATAGCCTTGCTTTAGGCGGTCTGCCCTCGCAGACTTCGAAGTAGTCTAGTATATGTTAGATAGGTGGGAAGGTGGTCTTGTTTCCCTGAGGACCCCAGTTACGCGCACAGAACAGCGTTCGAGTGACGCAACACGGGGAAACGCGGACTGGCTAGTTGACCTCAAGTTGCGCGATAACTGGTCAAGCTGGAAACAATAGGTGTTATCTACCCGTAGAACAACATTG,459,51.42,Drosophila melanogaster
SEQ_209616,AAATGGCGTGGTGTGCCAGCCGCCCTTATCAAAATTTGTCACGAGAGCTCGCCAACTAACGAGTTGTGATGACCGCATTTACAGGTCTGCATCATACCTTTGTATAACCACGTCATTTGCGGAATGGCAAGGGGAGTCTCACAAGCGGTATCTGACACTAGGGTTATTGCTGGACACATCATCCAAGGCTCTGCCAGAACGAGACAAGTTCCCTAGACACTAAGCTCCCACCGCTTGCATTCCTATCGCCCCACAGGCATTGATTTAGCAACGACCAGTTTCCTTGACCGAGTCGTGTGGGGCTAGCCTCTCACTTATCGACCCCTAATGGGCAACTATCTAGGTATCTGGGCCAAGGTATACCAGCCTCGGGCGTGCAAGCAAATCTCCCTCTTTTCAACGCGAGTTATATGTGAAGCGAGTGTTTGGAGTTTCGGCTGCTGTTAGGTCACAAAGCTTGATCACGATTGCGGTAGACAAATTGTACACGCCAGCGGTAGGTCGATAGTCGTGTAACCTGGCACCCTCGCCGACGGCTGAGGTCATATCGGCATGCTACGCCATGATGTGTGGTGGGTAGACCATTGCCGGATGGGAAGGCATCTACTTGGCGCACGACGTGTAGATGTTCTTCCGCTGCAGACGAAAATCTAGTCCGGTGGTTAATACATCAGGCTAAGGTCTCTCCACAATGGTTTTTATGGAGTCTAATCGTGGGTGGGACCGCTCGCCTCTGCTTAGCCCCGTGGTGCGAAACTCCAAGAGAGTCCGCCCCACTGCTCTTTTGTCTCCGGTGAACTTCTCCTTCCGCTCGGCCCCGTAATGGCTATAATCCGCTACGCGACATTGTCCCCTGTTCTTTACAGTCGTATGGAGATACTCTTGGGGGCATGTCCTTCCTAGCCTACGGTACACCACAATGGCTGCGGCATAGACTGCGATGTCCTCCAGAGCGCTAGCATGCATTCACGTGCTCAGTTCAAAAAGTCCCTTCTCCGAAACAATGCTGTCTCGGCTGTGTTGATCGTCGTGTATGCTCCGTGGCTAAGCTTCGAATCTCCCTCCTATAGGTCAACTCACGAAGAGTAGTGCCACGGTCGTCGCGCACGCAAGTACCACAGGGAGGTATGGGACGCGATGGGTCCTTTTTATAGGATCTCTAAGCCCATCGATGTCCTTCAGTCCATACGCTTGGAGCCTCACGCTTAACCTTAAGCGGGTTGCGCAACATCAGGCTCTTACGAGATTGACGGAAGAAACAATTGCAACCCCAGGGTGTCTCTGTAGAGGTGTCCAGTGAAAATACGAGTATGTTCCTCCGCTACTCGAGGAAGTCTGATTGGACAGTATAAGCTCTTGATTGACCATAAAGCGCATGCGTACGAGAGGATATCATCTATTAGGTGGACTAGCGACCCGGGACCAAGCGAAGGTGATATATTCTTGCCCTCGCCCGCAAGGCAAATGCCCTTCAAGAAAGAGATGACTGGGCACGTGTTCTCAGATCGCCAACGTGGCCCGTCTAGCGGCTTACGGACCGGAATTCTCGCAACTACAGGCATTATAGTGATGGCGCTTCATGCGGAGTTCCACTCGAGCGCCGAGATGGTTGCCTGTCTCTCAAATAGTTACTAGACACAGCCCTCATACGGTGGATCGTGTGCTAAGCTTAACTCTGTACGATATTCATGATACTTTAGGCCCCCAACCCGACACTAATAAAGACCTGGGAACCGCTACCATTCGGTAGTTGCCAAAGTACATCGAAGATTGACAGGAATCTACCCTAAGCTTTCTCTTATACCTGTTGCTCTGCGT,1818,51.65,Homo sapiens
SEQ_623977,TAGGTAAAATCCAAGTCCAGCGCCCTTGCTAGTGGTTCTACTACCCATACCCTCGATGACATAGTGGCCGTCTGTGCGGGTCAACTCCGTGACATGAACAAAATGGCGCACGCGCTACTCTCGATCGGGACTCTCGTCTATTGATTCGTTCTTGGGCTGCGTAGCTGCTTGAGCCAATAGATGTGGGAGATAAGCGCATTGCGCCCGTTCAGGACGACACTGATGAGAACGCCGACCCTCAGATGGCGAGTGATTTCGGACGTGTGGACTTCGTGTGCCATGTAGCGTCCTTGCCGCGATGAGATGGGCAGCGGTTCGTTAACCAGTAAACTGACATTGCCCGAGCACCCGTATAGTCCCCGCGCTTCAAGTGACTCACGTAGTCGCATATGGTCCCATTTGGTGTCCTGTAGAGAAACACTACCCTGGTATAACCGCTCACAATGGTTTCGCACGTATTTATGCGCTAAGAAAGTTCACTATTGCTTGCAGTATAATTGGTGTACACGGGCTAGACATGTTAAACTAGGTCTTTCAAGCCAGCGATCGTTCCGTGGAGGATGATTCAATATGTGCAAGTACCACCTGCAACAAAGCGAGGCGCTCCTTTGGCCAACAAACCATACGTCAAGTTACAGTAGCATTAAATCACTCGAAACAAAACTCATCCAGACTGCAAACCACAAAGTTGTATGAGCCGAGTGAGCTGATGGTAGCAAAGGTTTTCAAATCGAAGGATGCTGTACCGTATTCCTCGGTAGCTGCCTGCGACCAAACAATCGGAACCGACCCTTTTTCAAGTGGTAGATATGTGACCATAGCTACAGTACCCTGGAGACAAGAGGTGGAGTTAGCAAACATAATATGGTAGGCCACATTGTCGCAACTCGGCTCACCGACTTACGTAATCCCGAAATGGCGTTCTACTAGGGCATGAAATATATTGTGCAACCTTAACTCCGCTCATTGATTGACGCATATGTACAAACCCAGAAACGATATGGTCCCCGTGGAGCTACCGTTGGAGTTAGACTTGAAAAGTTAACACACAGACAAATCATTCTGCCCTATACTCGATCGTCCCTCTGTCCGCCTATCTCAGCGACCTCTTTGCGGTCGCCGCTCACTAGACCGTTCTGCAAGTTGTTAATACCCTCACACGACACAACCGTAAAAGTAGGCTTTCATACGGGGGAAATGGGCCACGCGGGACACTGCGAACCAGTACACTGTACTATATCGGTCATCTCTAGCGCAATCCAGAGTTGCGATATTACATCCGGAAAACGAAGCCAGCTGACCACGGGTAATACGCTACTCAGCGCCATTCTGTCCGTCCATCTATCAGATCTTGGTTCTACGATTGTCCTGGATGCGTCGTTGCTCAGCGCTCCTTGACGGACGGCCACAACGGCTAAAGACGGCCGCGACCGTACCTAGGTGCGACAGTCCCTTAAGAGTCGGAGAGGCTTACCGACTTTCACTGGCACACTAATAGCGGAACTTATTAAGTCGTCTCCAAAAACGTCCATCCTAGCGTTCGATAAAGTGGCAACTCATACGGTACGGACACTGCTGCGCGTAACTGTTCCATCCCCGGCTGGACTAGAAGTCGGACTTGTGATGCCCCGCTACGACCAGAAAGATGTGCCCGTGCCTTCAATTCCTGGTAAGCGATCTCATGGGGAGTATGACCAAGGCTAACGGCCATCCGGCGATCGTACTGTCATCTTTAGGCGCATCTTACACAGTGGGTCTCCGATCTCTGATAAATTCGGATTGGCCCGAAGATCGGGGGAACAAAACTATGATCCTCCTTCGCGCAATGTTCTTATGTGCTAAGCAGTCACATCTTGCGTGCACGCGACATCTGCGCGGGCGATCGTTCCACAGAGCCCGCCGCGATATCCGTACAATAGCCGTTACGGCTACAACTTGAGAGTCTCAATCGAAACGTAATGTGACATGATAGCTCGTAACGCACGCAGAC,1990,50.7,Arabidopsis thaliana
SEQ_733177,TGCTCACATACAACAAAGGAAAGGCCACTCCACCGTTAGAGGGGGGCTCGACTGTTCAGGTCTTCACGTAAACGCCCATAGCATGTTTTAGGTGGCAGGCACTGGGATGCCACCGAGAAAGGACGATGTATAGATTGGGCGGGGAGCAAGCTAAAGAGCACTGAGCAATTTCGCTCAAAATCTCCTAAACCGGTAGACAGCGGTTAATTGCCCGATTTCGATTTGCACTTATACTCATGCGTCATTTTCTGTGGAGTGTACTGATGTTTATTGGCACGTCTTTGGCATTTTACAGGTGCTATCTCACTACGACATTGGCGACAATTACCTCGGTACGGACTATAAAGCCAAGTTGCTCCGCGTCGTGGATGTCAACTCGTAGGCTAGTAGACTCCCGTGTGTCAAAGATTCATGTGTCAAGTGATTGGTCGGATGGAGCCCGGCACCTCGCCCTCTAGTATACACAATAGAGTAACCTTCCCGAAATCCGCAACATCAGCTTAGTATCCAGAAAGCGAGGTTCGCCAGCTTGCCGAAACTGGAGGCCTGCTTGCTGTCGCAAGATCCCTAGGTACATGTGA,581,49.74,Caenorhabditis elegans
SEQ_387731,AGCTCTATTGCTTTGTAGGGAGATGGAAACGCGCCAATTGGCAGCGCCTTCTCTTACTTTTACTTACGTTGCCTTTGTTCGAGACTTCATCATGGCATGTCGCTATGATCATGGCAAATGCGTTATCCCACGAGGAGATCCGCAAGGTACATTTCCGCTTTCTGCGCAACGGGTCCTGTGTACGATGAGGTTTTCGGAAACGCTCTATGAAAACTTCCACTTCTGGCCCTTTAGCAGGTAACCCGACGGTAAGACCCAGGAAGTTGCGGAATCTTGCGACGGACCAGTGATGACCTGAAAATAAAACTCTTGGTCATTTCGGCCCCCATTTCAAGCCAAGGTCCGGAGTGGGACCTGGGTGGTCGTATACCACTGGGTTTCAATATCCCTGGCGTCTACCTCACATTAAAGGATAGTACTTAGGTAACTGCCATACAGTGGAAATTAGGGATTCTAAGTGGGTTGACACTAGAGCACCAGTCAACTTCGAAATACTGAACAACGTCCAGTCATATGATTCCGGACAACGGTGATGGTCGTTCCTCTTTCCGCGAATGTTAATAACGTGCATTGGAATCAAGCAAAAAGTATTCTACTGCGCTATGAGGATGTGGTGGACGCAAGGCGAGCTCATCGAGCTCAGGAGGTGCCTGTAACGATTGTACTCGCTACCTCAAGAACAAAGAACGGGAAGCCTACCCACCAGTCGCTCGCGCTCGCACTTTTAGAGTCCCGCGATCCACTTAATTATTGGCGGTCTTATTAGGGGGGTTGTACTTGAAGAGAACAGTTTTATTATGGTGCGAGTAGTGATCACCCGTACCGAGACATTGTATGGCATGGGGTATGAAAGATATTTCCCGCTGGTAATCCCGGCTGGACTTATTTACACAAGGCTCCCTGTACCGTACGTACCTATTAATCATTACTCTCAAGGCCGTAAGGGAAGTTGGCGACTACTCAGACGATTGCGACGATCACACAATTACTTATCTGCTCGGCCTATAGCTGAGGCTGTGTCCAGATTCCGCCCTGCAACGTCTGTTTAAGCAAAAGAGCGGCTGAGATTACGCCTTGCTCACCCTGTAAAGAACGTTAGACGTAGTGACACGAGACGCGATGTACATAGGCGGTGCTAGGTGTGCTACCTGATAAGCCCTGAGAGCCCTTGTCACTAGCGACCCTCACGAAAAAGTAGGAAGCTCCGGTGCCAGTGGGAGTGAGTCAAGCACTAATACAGGCGCAAGGGCGCTCGCAGTTGTGACCGCGAGCCCACATTCACTTTGAGATTGTTTTGCTTCACCTCGTATTGTGGGAGATACACTCGCTTGAGAACCCGAGTCGTCCCTCAGCAATCTAGGGGAGATTCCCACATGTGCTCCAATAATTAGCGAGCTCCCAATTAATCTATTTTCTTACTCCATACTTCTATAGCTCAGTTCTTTAATGCACCGGCTACCGCTCGCCGACCGATAGCAACACCCTTAGGGTGAGCAGACGGATAATCCATCTGCTACAGCCGGCATTAAGGTCCCTTAAAAGTGGCAGATTCGTGGATCACCATTTTATATATAAATCCTGAGGCTTCCCTCTCTGAGCATCGTGATAGCGTATGAGCTGGCAAAGGGCGGGAAGGACACTCTTAGCGATACAGGAGCCACGGGCCTCACCTGTCAAGCTAATCAAACGCGCGCTG,1696,49.59,Caenorhabditis elegans
SEQ_982928,GCCCTTCCCGGTGTAACATGAGCAATGACTTGCCACCTGTCGACAAGGAAGCTACTTAGCGGACGGTACGGTCCTGAGTCGTTAAAGGCGAACAGTCGGCTCCCACCGCCCTCCTTGTGACCAAGTTTGGCCGTACTGATGATAGCTGGAGACAATGCGAGGGTGAGTACCATGATACAAGGCCATCCCCCACTAGCTACTGCTCCTGTAACCCTAAACATCAGCTGGATATAGACCCCGTCTAACGAACCAAGGCATGAGATACCACGGTCGGGTAAGCTACTAAGGGCACTCACTGAATTTAACCGGGAGTGAGCGCCGCGACAATGCTCA,333,54.05,Drosophila melanogaster
SEQ_406601,AAAGCAATCACGTAGGCGTGGAAATTCTCGAGCGTGGAGTAGGGTGGCTGGCAGTCGGGGGCGCACAGCATAATTCCGCTTTGCACAAGTCGGATGATTCCTAGGCCGTCAAATAGTTCTCCAAATTTATAGGAGGGGGCGTGCGGCAGCGCCGACAAGCAATCGCTGAAAGCCTACTGCTCTGAGGGGAGGGGTGCCCAGTCTCCTGATCGCCGTTTACCTCTCGGTGACTTGATA,237,55.7,Drosophila melanogaster
SEQ_212340,CGTGTTGCCGCTTGAGGCCATTGCTCTAGTCATGGCTTATGCCTTTAGGGGTTATTGTTTGCCTTCCTGCCGGGAGATAGTGCACCCTATATGTGAGATATGCCGTCCGTGAACCCAAGCCCCTTAAGAAATGACGGTCGAGAGGGTAGATGGATTTGGACCGCCGTAATAGAACTGTCACACTACCGCAATCTTGATCGCGGGTAAAAAATCAACCATAATAAGTAGACATGCCGTGTATGAGGCAACCAGTCCCGTCCCAGAACGTTGTTTATCCAGGAATAAGCAGATCGGCCCGCGTACCGATTCCTTGTGAAGGACAACAGCGTCTAATCAAACCCCGATGAAAATGCCGTCGAGAATGACGACGAAGCCTGTCTTTCGTTTATGGCGGTCATTCTTGTGTAATTCGCTGGCCGGACGTATCCTTACTC,434,49.77,Escherichia coli
SEQ_881885,ACACAATAAGGCACTAAGGGTTCTAAGACGGCCAATCACCCCGGCGATCATGGGTGTTTGACATGAGCCAGGAGAGGCGTAGAC,84,53.57,Caenorhabditis elegans
SEQ_191586,TATCCTACCATCACAGGAAACTCTTACCGGGAATCTCTCACTAGGTCTGGATCCTTTGAAAGTAAGCACTTCGCTCTGGCACCGAGACCTGCGCTCTCTCGACGGATGGATAGTGAGAAGTCGAACACGGCAGAAATCT,139,50.36,Drosophila melanogaster
SEQ_970009,TCCCGTTAGAGCCATCCTGCCGTACCCCCGCCACTCCTATCGAATTGCCATATAGGGCTTTGAAACACCAACGCTCCGTCAGCCCTTGTTGTCAAATCTCGAGTACCCTCTTGGGACAGGTCGGTGCGTGGAGTTGCGTTCCAACGACGTGCCATCCTATAGCATATCTTGACCTGCGATTTATTCGGAGACCGTGGCATACTGGGCAAAGAGGTCCATCTCCAGAGAATATTTTGTTGATTGAGCAGGTCCCCATTGGCACGGCTGTCGCATCTTACCTGGCTTCTACGTATAATTACGTAGACAAGAAGTTCAATTACATGCCATGAACTGGGATTAGATCGCATCCATAGTAAATATTCGTTGTAGTGCGCACAGGATAGATATTTAAGATGTAGAATGGATTGCATTGTACTTCGCATGATCTAAAGATTGTCCGTCGTTAAATTTATAGGCACCTCTCCAGCGGATATCGGGGCACAGCGTTGCCTGAGTTGGGCTGCGGTTGCACGCACCGTTCGTATTAATAGCAGAACACCCTGCACCTTAAAGACAACGTTAAGTGCCGGGATTTCTGTAACACCCTTATACACATACATTAAATCTGACTGTTCACTGCAGCATTAGAACCAGCGAAGACTTTACGAGTGCTGTCTCCCGACCAGCCATAAATCACGTATGGGGTCTTATCCGCATCGGTATTGTACGAGCCGGCGGGGGCACGTGAGATACGACATGTACGGGGTGGATACAACCTCTGTCTGCCGCCTACATCCTGTGAAACTATTAGACGATGATTACCGGATGCGTGCACCACATTCGTGCTGTAATCTTAACTGATATCATACCTTATCGCGCTGCCCGTTGACGCTGACTTATGCTTGCTGGCTTTGACTAGAGCCCAACTCAACCTAGGATAATCTTCACTGTTCAAGAACCCGCATAACGAGCGGAACAACTGAGTAGACGGTTACCGGTGTTGAGTCGAAGTCTATTCGGGCACTTGGCAGAAATGGAGGTAATTATTTAAAGCCACATAGGAATGTGTTAAACCAGCTCGGTATGGGGGCCTTGCGTTGATAACGCACGAAAGGGCAATTGGCTGCTTGTGTCGCGTTCCTGTACCTCTGGTCACGAAGTGCGCTTACATCATTCAGAACCACCACTTGGCTGTTCATCTTGAGCAAAAGAGCATTTTGTCGTGGTGTTTGGCCTGTACCATACGCCCGTCCGTACTTACCCCTAACCAGCAGCCAACCATGCGACTAAAGGAGCATTTAATGGTTGCGCCGTACTACATGGGAGTCAGCGACCGCGGAATACCCATTTCGGTGCTTTAACGGGACTTCCTCACGGCGCTCACAACCAGCCTGTATATTTGTACTCGATGTGCTCGGTGGCCAAAGGCGTCAATAAGGCGTTATTCTTACGTATGATTCGTTTCGCCGCACTCGTCCCAACGCTACCCCCCTGGCTGAGACAAGGGGTCGAAGGACGCGTAATTGTCAAGTTTCTCAAGGCCAAATTGAGAAGGATTTGAAAGCTCAAGAATCGATGCGGGTAATTGCACATCCCTTTGTGACCAACCGCAGTGCCTTAGACTGGGTAGAATTATAAACGGAAATCGGTTTCCGCCAATGAGGTTGTACAATGAATGCGTATCTGCGGATCGAGCGCGCTCCATAAACCGAAGCCCGTGACCCAGTGTGGAGCTCATCATCTA,1723,49.33,Homo sapiens
SEQ_462561,TGATGGGCCATCGTCATTGTCTTATATTAGCCGCGTAGTTGTTTTTATGTAACAGTGCAGAGGCCGGCAGTCTCGAGTCGGTCACACGCTGGGAGACGCAGGTGCCAAAGGTACAACAAACCCGGGCTTATGACTACCTTGCCTTTCACGAAAGACCTCGTGGTAGCCGTAGATAGAACCTGTCCCTGCTCTGATACTAGTCGAAGGCAAGAGAAATCGTCATGGAGTCGTTTTGATGATCGGACTCAAGCCAGGGGGCTCATCGCTGAAGGGAATGCCGTAACGGCTTAGAAACTCGGCAGCAATCCTGGTTGATCTTTCTAACATGTACGAATGAGGAGAAATTACGGACCCTGGACAGCACCGATCTCCCACGGGTCGTGAGCACTTTCGCGTGTATGTACTAGAAAACTTCGTCTGACCATCATATATTTTCAAGTCGTGTCTCTCTTATTACGGTCGACTGGCCGTACCCAAACGATTTTGGCACGGACCTGCTTGAACGACTCCGTGGGGTTCACGGGTACGGTCCAGTACAAACGCGCAAATCGGCCATCAAAGTCGAAGTTGACATTAGAGAGATGAGCATGTAGGATAGACCCGAGACCGGAGCATTTCTAGAAGTATAGAGTTAGACAATGTAAGAGTACTATGACTATGCGAGTGGGTAAGGCAGGCCGATATTAACTATCGCCTGCACTGATCAGTTGGTCTTCCGTACCCGTGACGTCCATACTAGCGAAGACGCCGGTCCACTTCACTAGGAGCTATCTTTAAGTCAAATCCTACAATACTGACGATCTAGGAGTGCGGTTGGCGCGAGGGATCGACCGGACTCCTCATGTCCGAATACCCAGCTGGTTATTTTTCAGTCTCCAAGCTCGGGATTATTCTGGCGATAGTCCGAGTTAGATTTGGACAACCGTTCAGATAGTGTCCGCAGTGGAGGCACGGTGTTGGTCTGCATCCGAGTTATGAACGGTACCGCTTGGTACGCGAGGGCGAACAGGTTCGGTTTCTAGTCTTTTACCTAATTTGCGCACCGAAGTTCTAGGACGACAACCCCCGGTGCTCATCTAGCGGCCTCTGAAGACAACACTTAGTACCCTGAGACTTCTACCTCAGCGAGTCCCCCACGATACTGGGCTCTCGGTTAGGTGTAGATGTCTAGGGGTTAGTGTATTTAACCGGCATAGACTGATGGCCCTCCGACTTTGTCGGGGACCTAGCGAGTAGGGCGCGGTAGCCTTAGAACGACCTCCCTCAAACAACTTTTGGAGCTTAAGTGGATATTAAGGGAGCTTCGCTAGACCTGGACGTATTTCTTCTCTAAAAGTGGTTTAACGGGCTCACACGGCACTGACCGTTCTCATATGCTGTCGTGGTGTGACCTCTAAGCCCGAATCATGCGCCGACAAACCGTAGGAACTAGAGGTCATGGGACGCACCGCTAACCGAATCCAGCAATGTTGTGTTGCTGGAGTCCACGGTACAAGAAGGCTCACCCTACGGCAGCTAAGACTGCGCTGGGAATCCCGGTCTACGGTTCTAGGCAAACCCCCAGTGAACGACGCATGGTAACCGGGTTATCGTTTCGTGAAACTCTCCGTAAGCGTCAGGCGGGGAAGGCATCTCGAATAGGCGTGATCCGTCAGTCGGCTTCCGTCTAACACAAACGACACCTGAAACTCGCTGGGCTTCAAAGGCCCTGGGAAACCTCATGTGGATTGAGCAACGAATTGAAGATACGATGCGGCATAGGCCTTCCCATAAGCTACAGGTGGGACAGCCACCTTAGACCGAGCTGA,1808,51.71,Mus musculus
SEQ_579466,GTAGCGTGCGTGCCAAGTGTGTTCTCAGGATGCCTTAAATTGATTCTATCCAGTCAATCCCCACTTCGTATGTTCTCTATGCAGATTTGAGTTGATACGAGTAGAGAGGTTCGTTATGGCTATCCGCCCAGGTCTACCACACGTATTACAGTTGTTGCGGCGTACTGACTTTGGGAATAGCCTGTATCCTGGCTTCAGTCACCACGTCGCGATCACTCCACAGCCGACTACAATTTATGCCAGAAAGAGCCGCTGTATTACGGCAAGCCTTATACTTAGCCTTTAAGTAAAAGCTCGTCAGGGGACAGACCGAACTAACTCCACGGGAAAGGTACGTCAGGGCCCGTTAACATGTACTAGTGAAAAAGCGCCGCGACGGCTACGATGTCTCCTGCACTCTCGCTCGGTGTTTGTAGCTACTCCCGACGGCGTCCCTTCCTCACGGCCTGCAAACAAGCGGCATAATCAGTAGGGTGCGCGCGAGTACCTTATTCGAACTTCTGAGGTTCCCTAGACAGGTAGGCATGAGAAAGGATTATCCTCGTACTCACACCTGTTAGCTAGACAAGGCCTCTATAAAATTTTAATTAGAGGGAGAGCAATCCTCATACTGCACTTTCTGCGATGTGGTGACGTGACAGCTTTATTAGACCTCGGCTCAGCGGGGCCGCTGGAAGATAATCCAGAAGGACATTACACAGAACACTATGAGCGGCCGCATTTTCATTGAACAAAGACCTGGCATATGCCGAATCAGCTACAGTAACACGCGCTTGATCCTGCGCATTCATTGGGCCCTCACGACTCTTTAGTATGGGGTTGGGGTTGAACAAGCTCCGCCGTTTGTTGCAACGGCAAAATTACCAAGCCAGCCTTACAGCTTGCTACAGCTGGTTTTATCTCTTCCCGCTCGCCCCGCTCAGATCGCGAGCACACGAAGCCCTAAGGAAGAGGAAGAAACAGGTGGTGTAGTAGTATAATATAACTCCACTCGTGGGTGGTGGATCCTGCTCCGAGCTGGGGTGAGCTTAGACAACGCGGATAAGATAGGGGACCAAGCCATCTAATTACATGCCGCCGTGTCCCACGATCTCACTTAGCCGGCGTTCCGTCACACAGTCACCCGTGTGCCATAGTCATCCAACTTACGACCCGCCGACCCTACCGACTGCTCCGCAGGCGGGGATTGAGGATGAGCAGATGTCTATTATACTGATGTACCTCTTGGGGTATGGATTGTCCTATAATAGGCATCGATTCCACGCTCGAACGCTTTCCTCATCTAGGACGGTCAACCTGATGATGGATACTAGCATCATTCGCCGTCGGCGACCTAACGTAGCTGCTTGGAAGTAACTGGGATCGTTTCCATAGGCATGTAACCCGATAGTCAGGCCGTCACTCCCGTTCAGTGCG,1416,51.34,Mus musculus
SEQ_939493,TCTCACCACACGCCGCGGTGGCTCGAGAAACTCTTCAATGCGCCAGGATCCTTGCAAAGTCTACTTTTACTTGGGAGTCCCCGCCTGGTGGTGGCAACTGACGATTCTTAATGGTCGCCATTGAGACGTAGACGCCGTCGACCACGTTGTAAAAGTGTGTGGTTAGGACACCCCGTTGCGGGGACGATGACCGGGATGGACGAGGTCGTCAGAGACGCAAATACGTGCAAGCTGTGGGCGTGGACGAACTAGCTTAGGACAATGATCACTATCATGGCCCTATCCGGACAAATACCTTCCCGGGCTGGGTATCGAGAAACGGTAGGTTTAGTAGGAAAAAGCTTGTGTGATCGGTTATGATCCACTCAATGTTAATTTGCAGGTATTAGCCTGACTCCGGCTACCATGTGCTGAATCACTTAGCTCGGTTTCCCGTCTGTTGTCGCCTATTTGAGATAAACCGATTGCCGTACGACCCACGAGGTCGAACCTCCACATTCGATCCTATCGGAAATAAATATCAACCTTTTTTCTGGAAGTGAAAATAGGCACAAATTGGATTGGGGGCCCATTTAAGTTTCATGTCATGTATGCCAACCAGAATCCCAATTAGTATTGGTGATGGGATCCCCGAAGTGGCACACTATGCCTTACGAATTCGGGAAAGCCTGTCGGGAGGGGCGTTGATTATTTAATACCACACTTTAAATCGCCCTACATGAAAGCAACCGCTCTACGAATGCGTAACCCGGCGCCGTTTCAATTTTCACAAATGCTTGGGCGGATCTCACAAGATGTTTAGTATTGGCCGATACGGAATTCGCATCCAACTCTCCTTGCTTTATAGATCGGGACACTGTAACCGAAAGTCCGGTCTTGGGAAAATGTTGCAAATAGTCTAGAACGATATTACCTCGGTACCCTCCCCTAACGGCAAAGACGTCAGTACTACAAACGTGCCGATAATCTCCTATGTAATCTCGAACCATATTGATTCTGGGCCGCTATCGGTTATCCGTCCCTACGACCTAAATCCAGATACAATACTTGTCTTATGTCGTACGGTGAATTCTACATCACGCGTTTGGCAGTGAGAATAGTGCTGACTGTTAGTGCCTCCGATTCATATGGTGTGTCCTACCGGGAATCACTCGTCATGTTAATTTGAGTAGTCACGTGGGGGAGGCGGTGTGTACTTCGATTTTCCTAGAGGTGATCCAGGGGAGGCTACTCACCTA,1238,48.47,Drosophila melanogaster
SEQ_374222,CCAGGAGAGCCTTACGGCTGTCTCTGTTTCTTAATGAAGGTGGCTTGCCGGAGGGGGACTCGATCTACTCAATGCTCGTCATGGGCAATCTCGATCACATGGGTTTGATCGTATCGTATACATCCACTTCTCTATCCTCACAATGTCTTGCGATGGATACTTATATGGACACGTCTTTTTGATCCTAACTGCAGAGTCGATGATCAACGAAATTCGCAAGCAACGCATGCTTCCCGCGTCTTCAGCATTGTTGACATTTAGTCAGCTACAACAAGTCTCGGCTAGGCCTGCGGACCGCATACGACGAGTGACTTCACGTCACCTCCATCCCCACCTGGAGATCGCGACTGCCTAGAGATAACACCATAAACCCTTGACCTGGAGGCACACCCCTTGGCTTATCTACTATGAACCTATTTTTGCTTAGAACTCCCGGCTTCTAAGTGCCTGACCGCCACCTCTTGTACCTGGTCCGGTTGCGCTAGGACACCTGAATTATTAGGGTGCCAGGATGAAGCAGCTATCCGGATCGATGTTGGTTCTCTTTCAGCTCAAGGCAAATGAACAACCCTCTAGTCATCATGGGGCGCTCGAGTTCTCGTACGTCATGAACTTTTTTCACGATGACTGATTATCATTCGGCATGTAGTGCTGAACCCATTCTGTAAATGTACTGAACTCACAAAAGACAGGTCGCTGGTCAATGCTATCACGAGAACACGAGGACTCTGTAAACAAGACGGCTCAGAAATCTAAAAATGATCTGTGTTTGGGCGTTACTCTAGTGCCTTCCAACAGATCCT,803,48.44,Homo sapiens
SEQ_914134,TACATATTAACTGGCGCGGGGTGTCAACATAGTTTTGTCCAAGACCGGCGCTGGAAGTATACGAGTTTTTGATAATGTGTGAGAGGCGCCTGATTCTGCACTTACACTTCGAGAGGTAACACTCATCTTTCGTCTTTCCTTGATGTATCTTAGATGGTAAGGTGCATTGGAATAAAACAACGAATAAGTGCTTCCGCATGCCGGTCGGAGAACTAATTCTGAACTATATATGGATGTATACCAGTCGTACGGCCTTGACGGATGTCAATCAGAATGTCGAGTTTAAATACAGCTTTCGAGATATCGGCAGCCGGTTTATTTACAGGGCAGGTAAAATGGTTACACGGTCGCCGGTTTCGCTGGAGCAGATATACGTAAGGAGGGTTGGCGTCTTATGCCCTGAGTTCGGGTCTCAATCGAAGATAGATCTTGCCCGTGACACGGGGTATACAAACCCGGTAGACCATCCTAAGTGCTGCGCGATAATCGTAGAAAATAAGATCGGCTCCAACATGGCTCCTAACTATGATCATGCGGAAATCATTGAGGTCATTCACGTCTACCGTCTTAGTAATACTCTCAGATTCTCCCTATTGGCTGTGTGGAATTAGCAGAATTTCAAAAAAGCGTTCCTCCTATGTGGACGGCATGGGCGTTAAAGGGCCGGATAGGTTATACACTGTCGGTCAGTCCGGACGTTTATTACCTGTGTGGATCGCTCCTTTCCCTATATGCCTCGTGCAGCCACATCAGGTGAATCAGATCTGACTTCACAGGACAGCTAGGGACTAGGTACCCCACAGGGTAGTTCTAACGCAATATGGACAACCTGTGTGAAATGGTGCTTGCAGTTAACTCCCATGAGATGTGTCGTCTGAAATCCTGACCCGAACGTGAAAATTCGGGTACGTGGCTCCACCTGGCTAGCCTAGCTTACAACTCGTTATAGCCAGCGCTCCCGCACCAGACCGACTTAGGTCACCTATATAGTCCTGAGGCCCTCTGCATCTTGTGACCTTGTGCAAGCAATCGTTGAGCAGTTGGAGGTTAGCAAGGTTCGCTATACCTGAGAGCAGTCGGCGCTATCAAAATATCCATCACTTGCGACTGCGGCACGACGGCGCCCTCAGATGTTAATGTCTGATTAGGGTCAAAATTTAACAGGTTTACAATAGATGAGGGAGGTCATTATTTGCTATCACGTTACCTATGCTTATCAGATAAGACGTCGGCCCCGGTCGAAGGGTTCGAGAGAGACCGGGTACAAAGGTATACAGTTACGGGTCAATCGCCGGACCAGTGGTATGAACGATGCCTGGAGGTCTCTTGCAATCTTACGATGAGGCTGACCAATCGGGACTGGCGGAAATTAGAGTGAAGCGTTATCCGTATAAAAGTAGACTGTAGGGGGTTAGTGCTTACCTTGGATCGATTTTCGAGGCTGTACACAGGGACCCGAACACTCCAGCTCTTACCGCATAAGGTAAAGCAACAGGAGGTCATTCGATCAGCCCGCGCTACTAACCTATCATGCTCACATACTTACAAGTAATAATCCCTCTATCTGTGGCGATTCTCTTCAGTTGTCAAGCGTCTGGGAATTTTGGAAAAGTGCGAGCATATACCGGCCAATAGAATGCGGTCATAACTACAGGACCACCAACTCTACTATCTAAGGGCACATTATCGCGCTGTGGATTTACATCTGCTTCTTGAGCACGTCTGAGGTAATTGTAACCGCCTACGCGATCGAGGTTCGGGATCGCAAGTGATTGATTCATCGATCGCGTCCGCCTGAACGGGCCCTCCATTGCTTTGGCAACAACGTTTTAGGGAATTCTTGGAACCGTA,1851,48.14,Saccharomyces cerevisiae
SEQ_824715,ACCTTTGCCGAGCGCTTCCTAGTCCTGGTATACGGTATTTGTGGAACAAGGGGGCTCGAGTCGAACACACGACCCAATTGGCAGTCTCAAATGAGCTCGTGGCACTAACGTTGAGATGAGTCGGACAGGATAGCCTTCATCCTCCCGGCATTCGAGTTGTCGTCGATAGAACGTTTAGCGCACTTTTCCAGCAGCGCATGGGATGTACACAGCCGCGATGCTAAAACTGTAATCGGTGGGAAGACCACTAACCTCACCATCAGAAGTACAAGTGAGTGCATCACCATGGACCAGCCATAAATCGCTATTCTCAACCCACCATGCTTCCCTTGGCTCGTATAATAAATCGGGTAACTATTTCATGCTCGCAAAGTTGAAATCGAGTCGCATCGGCCAGTGAGCACAATAGTCACGGGCTGGGACACATCGTTCACAGCCCGGCCTATGGAATAACGGCCGGAATGGA,466,51.29,Escherichia coli
SEQ_801751,CTTCAGCTATATACCGAAATCGGCATTCTGTCTTCTTACGGTGCTCTTCATGCAATCGGAGGTTTAGTAGAGTTGGCACCACGAAACCACAGACTTTTCACTCATTCAGTTACCGTCATTAAGTTAGGGCTCTAGTATAGTCCCGAATGTTAGACACATTGAGGGGGTTGGAACCCGATCATGCTATGTCCTTTACGTTGAGCCCCATCAATACTAGGACGGGCTGAGCCCTAAGTCAGGTAACTACCGGTCATTACTTGTCCCATGTCCGGATCCTATCCTAAGGTGCGTGGTTATTCTTGACTAAATTCCTGATATCGAGGCTTTTTTCGTGCAAAGGTACTTATACACCTCGCTTCGTCACTGCTCCGTAAAATCACAATGAGGCACCTGGTCCCTCGAGGTCCGCCTGATCGGCTGTAAGACTGGGCAACGGTCTTGGTTGGAGCCCGCGGTGCGTATGTATCTAGGGGACCGAGGGATAATATCTGATCATCTACGCATGTCCACCACCTCAGTCATTCCATAGTGCAAGGTTAGAAGTTAATCAGTTGAGCAGCTTGTCGGGGGTAAGGACTTCGGATGGTTGCTCCTAATACTGGTTTCCCAGGGGTTAAGCTTACTGATATGAAGGTTTGAGTCGACTACTTGAACCGTACGCCTCCACACTGGCATGCCGAAGGTGATATTTGACCCTTTTCTATTTTAATGTGCGCTTAACCTATCTGGAGGACAGCTTAAATAATACGTTACTGCGCAGAGTTTGCCCATCGCACGTAATGGCCAGAGGACGGTATTCAGGGCTAAAAGAGAGCTGCGCTTTTTTGCGCTTACTACGACCTGTCGAATGGAAGACCTCGCGACCTAGATCCGTGCGTAACTTTAAGAGATCAGGTTCTGGCGTCCCTAACGCATCACAATCAGGTGATTCGTCGAAAGCTATGCCCCTGCACTCAACTCGAGAGGGCAGTGGCGGCATTTGGCGTGCTGATACGCAGAAGGTGGTGTAAGGATCCAACCATCCTTCGCAGCTAGGAATCCGAAAGTACTATGACAGGGTATATTACCCCGAGGCTATCTCCACCGCCGGGTACATCGATCATTGCGCGAGGAGAAATTACGGATCTTAGCCAAGCTAGGCAGCGGACGCCTACTTTTGGGTGGGCAGTATGGCCCAAAAAGGCTTTTTGGCTGGCCTGACGATTCTCGGCTACCGGCCAAGGTAACACAATGTGCGTTATAAATTGGTGCCCTCGGACGAGTGGAGAATAAGCACGGACCTTTGCAGTTGCAAACCTAGACTCCGTCATGGTTACTGCTGCTAGGCGTAACAACCGAGCGGATAGTAGAGCTTCACCCACGATGTTCCTGCTATCCGTCAGGTTATACGGCTGAAGGTTAGTGGTGCTTTCGGGGGATTGCAAGAAATCATCAAACGTCTGTAGGTTTGCGTAACTCGGGAGTGAAATCCTTCCCGAGGGAGAAGA,1487,49.9,Drosophila melanogaster
SEQ_680964,CAAAGTGAATTCGATACAGTTACATGCTCTCCAAGCGCCGTATAATCGTCAGGAGGTCGATCGTAACTCTAAGAAAACCCGCTGAGTGCAGGTTATTAACTCAGGCAAACATTATAGTTCGGGACCCGAGCACGGTGGCGGACCTAGCGGCTCCGACGTGTTAATCTGTATATGGCGGGTGCACCTTATGTAACTGCCGTGTGGACGTTCAAAGTTCGAAGAACTCACTTAGCGATGTTGGCAAGCATTCAGCGATCTACCATGTCTGCGAGATTGATCGTCCGAAACGGACAAGCTGTAGGCCGTGCAAATGACCCTGGAACTTCGGGATACATGTGAGAACGGACCCTAGTGTGGAAGCTTGACTACTTGGCGGTTGGATTTTGATGTCGGACAGGGTTGAGTTTAGCGCTAGGCGCTTCCATCTGAACGGCTAGAATGACACCTCTTCGGCGCGAGGACTTAGCTCCAGGCATCTAATAATATTATTCGCAATATAAGCATGTTAAGTGAATTGCAAGGAGGTCACGCCCGATACAAGCATGCATATTAACAAGTGCCATTGTAGTCGGATTA,576,48.61,Mus musculus
SEQ_360693,GACGCCGTCCAGACTGATATCGAGAATGAGCATGCATTGGTATGCTTCTGGTTCCACGAGGGTTCAATTCTACGTTGGTTCAGTCGAAGCTCTCGATTGACAATCACACAACCGATTCGGTAAACAGATGTCGTCTATTGTGGGTCATACCCAAGTTTTCGCTGGGATTAGCACGACTTGAGCGAACGTGTAGAGCTGGTATTCCGTCGGGACATCTTGTAGAGCCGAGCATTGAAACGGGTACCGTCAGCCTGGCTAGGCTCAGTAGGAACGAAGTCTAATTGGTTTATCAGCCCTCCCGTCGTAGGAGGAGCAGATGAGTTACGCGTAAAAGCGGCCCGCTGTATCCGATTTCTATGGTATGTGGCTTATTAGGCTATATCGAAAGTTTATAAGCCTGTCCTAACGGGCACAAGCCTATTGGTTAGAAACACTCGTAGCAAACGGATGGGGACGGTGTGTATTCAGGCAAGTATAGAACGTTAAGGTATCTATCCCGTACGCAACGATTGCTTCGGGTCCCAGCAACACTAAAGCTTTCGGGTACGAGGCCGTCTTAAAGTAGTAACGTACGGTAACTACTCAAAAGGGTATGTAAGCTTTAGAGGGTGCCCTAAATTTGGACCCATCACCCCCTGCTATGTCCGAACCGTGGAGGTAACTAGATAATAGACATCATAGAGAGTATGGGACGGTTCTGTTTGTAGTTCAGGGGATCACTTGACCTGATAAATTATCGCCTTTAGAGCAGGGGCAAGCCAGGAGATAGTTATACGGGTGAG,782,48.21,Escherichia coli
SEQ_320110,CTGAGGAGATTGCGTTCTTGGTAGATAGGCGAAAGCCCACTGTACTCACCGACAGTCTTGTCGAAAGATTACCTTCTTGGGCTCGAAGGGGATCACGTCGCATAGCACGAGCCCCCTACAGGAGGGCCCAAATCACATCAATTTGTGGCCCACGGAAAGCGGCAGAGCCATCCTCGAAACCATTATAACTGTGTAGGAGAGACGGCACCAGAATTGTCGGGAAAGGCTTTTTCCAGTGAACGGTGAAATACTAGGGATTTGGCATCACTGATCCTGGGTGTACAATTACACAGGTCCATGCAGCGCGCCCGAACGCCTAGTCACTTAAAACCCAAAGCCGGAATACAGGGCCGAATAGGCTGGCTCGTACAATTACCTAAGCAGACGCTTGGGAATTAAAATAGGTATGAGCCTATAGCAGGTATGACAACTTTTCTACACAAGCTCGCAGGTTTTTGCCTATGTGCTGATGAAAGGCTAATATGCTTCGTCCGTAAGGTGTTAGCCCAAGTACGACTCAACTGTATAAAGGGAGATTATCTGTTTCTAGCGTATGCGGATTGGCCATAACTCATTTACGTGTTGCATGACTTACGCGGCAGAGAACCGAAGTCATACAACGTGTATCTGGCAGGTGCGACACCTCATGAGTTCGACGTACTTGTAGTACCGCGTACCTTGTAAGGTCCCTAGTCGGTGCATGATTACTGTAATCGCAGTCGTACCCCAGGATTACTCGCGTACCAATGCATTAACCGCTTAATTATTTACGAACTCACGGTTGCGCCCCTGGAGGGGGGGTTTGCCGACACATATTGGGCCGAGTACGGGCCAATGTCTGCCTGCTCCGCCTCTGCCTTCGAGAGGCGGTCCGGACAAAAGCCTTTCACTTCCTCAAGTGGCGCTCGGTGGTCACTTAATGGCAGCGGAGGCAGACGCCAGCGTGCCCAGTGCCATTCCGTTGATATGGCAGGCCCTATACTGGATCACTACGCTTTCATTGATTTCTGGGGATGTTGTTTTCGGTTCTGCCCTGGCCTACAACGGATTGTTATTCTCATTCGAGTTAGTTGTAACAGACCTATGTTTTCGATACAATAAGGAGTTTTAGTTTAGTTATTGGTCCGGGCATGGAGAATGCCCTTTCATATCATGCGCCCGCTAACTATAGTCAGGTATGATAGCTGCGGTTTGACGAAATTA,1203,49.63,Mus musculus
SEQ_925987,TTCCCAACGATCTACCCGCCCAGCTACTTAAGTATTCGTTGAACTAGCTATTAGAACGATGGACAATAAGGTTTCTCCTAGGCGATAGATTTCTTAGCGCGACCTATCCACCTACTTTTTTCTGCAGTTCCCGGTCATTACTATTCTGCCCTATGAATGATGTCGCCCCGTGGAGTTCCCAGCGTTTTAGTATTGTGTAAATTGTACTAGTTCCTAATGTCGTCGGAGCTAAGTTGCTATTTACGAGTCTTACAACTACTTATACAGGCAATGCATTCCATCCAGAATACGTAGAGAGTAGTTACAACTATATTTACTACACTCGTACGAAGGAACGCTCAAATGCACTCCATCCTAGATCACACCCCATGTACGACCCCATATCGAAGCATTTGTCGAGGATTTCGACCGAATGAGTGAAGCTTACTACCGCTATCAATACACTCATGCATTGCTCGTCTACCCAGTTCATACTCTGGCGTTATTGCGCTTTCGGCGTTTGTGTGGTTTATGACTTCATGCTGGGAAACGATGATACCAAGCCTGGCAATAATGGGCCTCTCTAGTGATGAAGGCCGGTGTGCTGCGCGCATTTATGTAAATCTCAGTTGATGAAAGCGTCTCGGCAAACCCCGTGATACGGCCTATGGCGAATCATATGAATAGAAAATGAGGAAGGTAGGTAAATTTGTCTCTGCACATGCCGGCTGAGCTAATGTGGGAAGGAACTTGGCGCGAGGGCAAGTTGGAATTCTGAAGTCCGTTCATCAGGGCCCTGGGCATAGTACTCCGCTACGTGTGATCAGCAGATGACAAGTGAGGGAACCGAGCATCGTAGATTATTTGATGTAGCAGCACTCGCTTGAGCTTACTTTGCCTTATACTGACCTTTTCCGCGACTCGCCGCAGCATTGATTCGCAGGTACAGCGCTCGCACCAACGTGAAAAGGCCTTAGGATCATATCGGAGGCGCACACATCTCCTACACCATAGACCGTTTAGTCGTCATGAATATGGGTGACAGTTTCGTTGGATGGACCGGCATGTTTAAATACTCGTGTTCTTAAAAGTATTAGTACAGATTAGACTAAGTGGTTTGCGCGAAGAAATATCAAACGCAACACCGGGGTGAAGCTAATGATCTGACAACGCGTCCACCAATAGGGTGCAAGCAAGGTTTTCGTCGGACGAACAAGAGATTCCTATGGTTTCTTGCGACAGGACGCAACCCTCCAAACCTCGCCCCCGCCGGGTGCACAGTGGCTTAACCCATCTTCTTGTGACTGATCAAAGGAATAACTCTTTGTTTGAAACATAATTACCAAGCCAGTATTAGAATCGTGCTGAAAAGAGTTGTATCCCTAAGCCGTAGGGGCTGTTCGAGTGCGCGGCATCCTTCTTACGGTGTATTGGGAGTGACATAACTAGTTAAAGGTAGTGATTCCTAGAACGATGCTGATTCAGGACTGTCGGCGTAACGACAATATGTAAACTAGGGCTAGCTGCATCTCGACCCTAAAGACTTAATCGGTGTGGTGAACGCGTCTTAACTGCGTCCACTGTGTATGCCACTGCATTCAAATGGCC,1587,46.94,Mus musculus
SEQ_644926,GTCGTAGTTATTTCGATCAGAAATGCCCTCCCCCGTCGCAAGTCGCATTCTGAGAAATAGCGAGATCGTGCGCACCTGCACGGTTCGTCACTCCGGTCTAGATAGGTCCTCCCAACGCACCGATGTCCCGTTCGTTGTCGAAACTGGGAGTAATGGCGCACAGGTGCCGCGCGCCGGTACTGCCCCGCTTATGGTATGCGCCTACCAATTCTGACAAAATTGGCCCTACTTCGGAGTTGAAATTCACATGAGTTCCTGGACATTCGAAGACTGCGCCAGTATAGGCAGTCGTAAAAGCTTTCTTGTGGATGCAGTCACTAGACTCGCGATCGGGTGCTGGTGGCTGGGGACCTTAAAATGCTATAATCACAGGACTTGACTACTACCGGACTTTGTGGCGGGACCTTGATTGCCGACTTGCGAGTGGCCTCATACGCTTTAATCGTACACAAATCTACCACTCGGCCATTGGTATGACTCCCAGCATACAGGTGACGCATAGACCCCTCTGGTGACCCTAACTCAGGAGGTCGAACGGACCCGTATAGGCATCTGATTGACAAATACACTCGTCATCCGGTAAAATCATCTAGTCGACAACCGGCTATGTGTCAAATGGGGTGCCGATGGCTACGCGAGTGTGCTGACCCAGGCTACTTAAATTCACGCTGGGGGCGGGCATCGCAGCTAGCGAGTAACGGGACAAGCACTTGTCGGGCGCACCTTTTTACTCCCATGCGGTGCGATGTATGCAACGAGTTCTTCACACAATGGGAAAGTTTTGCTCAGTGCGTGGAATTCTACTCAGTAACTGGAATTGTTATAAAGCTACGGGCGCCGGTACTTCAGTGTACGGGATCGACCACAAACCGCTTAATGGACGGCTGGAGCATAGTCCCACGTGCGACCCTTCAAGGTCCAAATCAGAGGGAATGAACTGATGCTGCACGGAATATGC,958,52.61,Caenorhabditis elegans
SEQ_165094,GCGTTCGGAAGGACCTGTCAAACGCGTAAACCAGTTGATCTGCGATATCTTTTTGGTTCTGCACATTGGTCTAAGTCTACTTTGTTTTGAACATCGCGGGGTGCAGACCGTCCCGGCGTCCCGCGCCTCCAGCTCAGAGTGTAACATGCGCACCATAGCGGTTGATCCCGTTTGCGGCGCTCATCACTTGCGGGGGAGATATTTTGGTGTGGAGAGACCTAGGTTATATATAGGCTGGCGATTGGTAGTCCGCTAGAGATGTTTTTACGTACCTTGGGCGTCGTGTAGGACCTGATATTGGGTCACCGGCTAAATTATTGATAGATAATGCGAGATCGTTCCTCACATACTGCGGATAGCATAGGAACA,369,50.41,Escherichia coli
SEQ_521272,ACAGAACCACGAGCAGAGAGGTAGGTTAGTGTCTCTTTATAGATCGGCACTAAATTGTGTTGTGATCGAGACTAAGTGGAAACTGTGTCAGTACGCGCCCCGTGTAAGGCCAATATACGTAGAGACGGTTTGAAAACTTCCATACCCGAGGACCCCCCGCTCTGCCGTCAATACAACAAACCCCCACCAAATCGTTACCTGGACGACGAGGAGCTTTTTTGGACGAACGCTTCCGCGATACGCCTACTGTAGGACGTGAC,260,50.77,Homo sapiens
SEQ_149869,CGATGAACCCTCGTATCAACGGTTTATAATGTCTCGTGCCCCTGAGCGGAAAGAGTGCGCCGGATGCCTACCTAGTTCTGACCCCCCGACACTTGACCAACGGTCTGTATGCAAGTGGCCGTCTGAAGTAACGACGGGTTTCTTTACTGGTCCGAAGTAGAGTAACTAAACTAGGGAATTGTTTCACAAATAGAAGCCTTGAACAGCATTATCGACCTGTTAGACTACTCCCGGTGTTTCCGGCTGGAGAGTGATAACTGCGGGTAATTAGGAGTATGAACCTATCCCTTGTTCACGAAACCTATCTGAATTTCGTAGGCCTGCATATGGCCTGGGGGGTATTTTGCGACAACTGTTGTTGAATTTAAGAGCTATAGTTTCGCCGGGGGGAATCGTCTGTATTTCAACGGCAGAAATGAAGAGCTTAACGGGTACTCGACCGTGGGTGTCAGTTAAGCTTGTCATCCACGAATTTAATGTGATCGTAGAGGCGCGCGCAAAGAGCCGGGGGCATTTACAGGAATAGCGGGGCGTCTCGGGGGGCACTATTTCGCGGGAGACTGTTCCTTAACAATGAAGAATAAGAGCTAAACCACCCTGATTGAGGAATTATTAGCCGGTATCTGGTATTGTTCCAGCGGGCTAAGATGCGATGAAGGCCAGACACTCGATAGCCACGCCAGTACTTGTAATGGGCGATATCACGCCAAGCAACAAAAACGACGAAAGCTCTGAGAAAGCTTCTGCACTAAAGTCTGCAACTTATAAAAAACTGTTGTCTGACAACGCTGAGTACGACGGATATTGCTGCACTACGGAGGCTACCGATATTACGAGGCGGCACCAAGGAACAGATCTGTATGTGCGATGGCGGTGAATATGGTACGATACTTGGTCGATCCCTCAACATGCGATGCCTCAGGCTTGAATTGCGGTTTGTGGAATTTTAATCGACCCAAATTAAGTAAGAATTCCTTATATGAGGGGCATTCAAGCGAGTTCTATGATTCCTCGCAGGAGCAGAAATCGAAAGAGCCGAGTCGCCTGTGGTCTCGATTGTGCATTAAAAAACAGTAGGGTCAGGTAGAGCCTACGCTGGATAATTCTACTATACACACCTTGACCGGAACCACAGCGCATTGCGCCTTGGATCACCCATGAACTCCCCCCGTGCATCCGTTCCGACCAGGAGATTTGTTAGTGCTTCCCAATTATTCCGCTAACCATTAGGATGCTTCTATGATAGCAACCACTCAGGGTAAAAGGTCGGACTGTGTTTGGACGAAAGTTGGTTCAATGGCGACCCACTGCTTCCGAATTC,1321,48.45,Arabidopsis thaliana
SEQ_516845,TAGGTAACTAGGGTCTAGACCAAAGCGAACAAAATCCAAACTCCTTGTCCTAAGCCCGGGCGTGCCTAAAATTTTCGCGGTAGGTTCGCGTCAGCCGTTGCATCACTAACCAAGACTTTTATCGCAACTCCACGATTCCTATTTATACAACCAGGGTTTAAACATAGCTTCGAGCAGACGTTTGTTATTGTTTTCTATATTTGACGTTTGCCGTCTAAAGTAGCTTCTCTGTATGCCCTCGTAAGCAAGAGTCTCCTGAGGGTCGAAATCATGGGTTTCCCGGGATAGCGAACCTAGCTCACACGGACGGGTTAAGCCTCAACCTCCAGCCGGGTCTGGCTTCGCAGCGGAGGACGGACGGCTGAGGTTGACGGTCGCTTTTCGCGGTGCCTAAGAGACAATGGCGTAGTGGTGCTCCTCTGTGGAATCGGAGTGACGACGTCTGAGGACGACTGATGACATTGCAACTACTTCAATGCTATTTGCGCGTCGTGAAGCATCTTAAAGTTGCTTGGGGCGTGACGGACATACAAAGGCTCAGGCATAGGGCAGCGATTATTGTTAGCATAGCCCTGCTAAGTAAAGGCGCGTCAGACTTAGTTTATATGATCCGCGCTCCACACCTGGCGAAACGTCCTTCAAACTTGAATGCTTTGAACTGAGCGGCCCAGCCACAGCGCAAGAATCCATTTCGCCTCGACACGTATCCGTTACGCGTTTCTAAGTTGGTGAATCCAGAATTGTGAGCGGGGGGTGATCCCCGTGTGAAACACCGGTTCGCCAATACACACGATGGAATTTCCTAGAAAGAGGGCCCGGCCGACTGCTGGCGGCTGATCACAGTGCAGTTAATTAATTGATAAAATTAACAGTGAGTTGAGTACGACGAGCCGCTATAAGCGAGTTGCATAGGCACTGTTATTCCGTACGCCTCGACACTCGTGGGCCGTTAAGTCGGACCTTCTTCGGGCCCCGTCGACCAGTGCCAAGCGGACTGGAGCTTACAACTAACATCATTGACCTGTGCCAAACTGCGCGAAGTTCGACTGCTGGATGAGGGTCATCACACCCACTTGTCCGATATTTTCGAAGTTTCGCCACGATACAATAGCCCCTTCGGGCAGATTATTCTAAAACCGATTCAGGCCGGAGTACTGCTGGCAACTACACTACGTGGTGATAGCTTTTTCCCCCCAGCCTGGAGCTTAATCTGGTAATCGTTTCAACCGTTGGGCCTGTGCCATTGGTAGACCCAGGGTACAGTCAAATCAGCGTTCAGGCATAGGTTTTACCTCACGTCGCGACCCTAAATTGCAAGTTGTTGCACACTGAGAGTAAGCGTCGCCGAGATAACGTATTAGCAGATGATCTGTCCTTGTCCTTTACCAAACCCACCCCGTGAACATAGCTTGAAACTGATGCTACTTCACGGGTAGGTAGATCCATGTATAATAACCCTGTGTTTCGTAGCCTCACCATCATCAAATGCTGCGTCGCCTTGCCTCTCTACTCTACGGTCCCCCAGTTTCCATGCTCGTTATTAGCTTAAATACTGTGGCCTATTGTGTCAAGTGGTCCCAGGACTGAAGTTCTAACATTAACGGGTAAGCTTCTAGAGTATAAAAGGGAAAGGATGTTGGCTCTTAGTGGTACCAACTTAAGTTAAGG,1668,49.82,Saccharomyces cerevisiae
SEQ_650646,AAACGTCCAACGAGGCGTGTTTAATTCGCCGTGGCCGACCAGCCATAATCTGTAGCGCAAATAGGTTTCTAGGCGGCACCGGTCTCCGGTGTAAATCTAAGCCTCAGCCAGTTAACGGCTAGTCTCAGCGGATAAGCTACTAACTCGACTTGGTCCCAACCCTGAAGGATGACCAGAAGGGACACAACTCGGATGGCACACAGGCCCTGTTGCCCGGCTGCCAGCCAGCGTCCCGATTAATACCAGATCGTAGCTTAATTGCGCTGACACGTGTGTATGAGTGATTCCGGCGACCGGTGGCCGCCATGGGGCGTTGGCGGACAGGTTGGAGCCTCGCTCTTTACGTTTGCTCGACCCAAGGTGAATGTGGAATTCGCTTAACGTCCTCACTATACCCTTACGGCATTTCTCGGTGACATTTGTGGTGGAGAGACGTTATGCTTTAAACCTATAGAGGAACGGTAAGGCAATCAATCGGTCATTGGGTTGTTCCCGCGGCGCAGCGACAACTGCTAGGGACTATGGATACCAGCCAAAATGACAAAGATTACGACGGGTTGTTGGCATATGTACTAGGCCGACGGGGAATAGTTAGGGTGAATTTAGGTTCAGCCAACTGCCCGCTGCGACCGCTCACTGTGGTCGTCACTCCGCCCGGCTCTATCTATGTTGGACGCCCGGAATAATAACTGTCAGGATAGTCGAACCCTCGCCCCGAGAACAAATGACTCCGATATATTGACACTCGGAGGACAAGACATGACCTGAAATTTAGCGTGGAACTATCCAGTCCCGAACTGCTACGCAATGTAGATGGTGTCCAAGATTCGGACATATAGTGGTCCTACTCTTTCTGAGCGAACCACCTTGTTCAGTATGTGTGCGGTGGATTTTCTATCGGGAAACTGGGTCCTTTGGACCCTCCCAACACGTCCAACCACCCAGGAAGAGGAAGGCTGCTAGGGCGGAACGGACACGTCCGACTTGTACTCTCAGCCTACGAACGAGGTTTGGGGTGCCGAACACAGAACTCGGATTAACATCCGATGTCGGAGACTTTGTCCCCCTCCCGGTGTCAGCCCAGAAACAGTCGTACATTTGCGTCCCCGCCGTGGCAAACGAGCTCGGCGTTGCGGATCTCTCGAACCTACTAGGTTAGAGTGCCCGATCCGAGGCGCGTAGAAACCCTGCTTTCACTTACCCGCCATAAATCCTGGTACAGTGATCAGCCTGAGTATCTGCTGGGGTATTTCATCCTTCTTGCAATATTTGCCATATAATGCTTGCTGGGGAGTAGTTAGTAGCGCCGAGTGTATATCTACAACGCTAAGAGAATGTATACTGGGTCAGACCAACATCTGGGCGGCCTTGTGAATTGGGGGAGTCAACAGCCTTGTATTAAATTGGGAGCCGAGGGGCTCGGTGAGATTATAAGGCGAGGACACTTGGCAATTCTTACCATTCTGACTTACAAGGTGAATTTCACTTACACCTCAATTGGACTCTGTTCACAGGCCACCAGTAGTCTTACCTTGCACATACTTTCTGGTTGTCTCAGTGGGAACATTGACATAAAAAACCGAGGTACGGTTATCGACTGCCCCCATCAGATTATCTCCGGGAAAGCCCTTGCCGCATTCGTAGGAAAGTTAGACTGGAGGGACACACACCAGGAGAAGAGAGTTCACGCAGGCTAGGCAGCCCATTTTAATTATCCGCTCGTAACTTACTATTAGTAAGAAATATAGAAAACTTCTCCCAGAGCATGCCGTACATCACGAAAGTAGACCGACGCGTGTAGCCCAGCGAACGTGAGGGAAGTGATGGTGCTGTTTACCTTACGAACAAGTTGTTTATTATATACAGGGCCCCGAGCTATCCTTGAATTACGGATAGCGTGATTGCCAACGATCCGCCACAGGCCTAGG,1928,51.3,Caenorhabditis elegans
SEQ_651265,GATGTTTGAGTAAACAATATGACTATTATCGATTTATCCGAACTGTAATTGCGGCGTCAACAACGGCTCTATACAGCGGAAATGTCGAAGCCGCAATGCATCTGAAACTATATGATCAATATGAGGTCCGGGACCGTTGGAAATGAATAATATCCCTGTCCGACAAGTACATTGGGGAATAGTGAATCAGGGAAAGCAGCCTATGGCGAAAGCTGGACGATGGATATTTGATGTGTATACACATTCAATGAAGGGTGCTTGTATGGCGAGCAGTCTGCTGTCCATAGACGGCAGTAGGTGACGCGCTGCCATAACTGGTTTACCATGTTTCCACCTACTCACCGAGGTCATCGCGTAGTGATAAATGAGAAATGGTATCGTCTACAACTCTGTATACTGATGCCGTTGTACGGTTTCGGGAAATATAGCTTACATTTAACGTCGAACAACGCGGTTGTCTCAAGGAAGGTATGCGTGATGTCAAAAATTGGATGGGTGTCGTTGCTCCGCGTCCCTTGGGTGTTTACGTTTACACATGTTGTGGATTAGGAGTCGCAAATTTCGACATTTACGTTATGTTGGGATTCGATGATGATGACTCTGTTTCTACGAATCTTGGGGTTAGTTCTATAAAGCCGGCATATCAGTCCCTGAAGTTAATCGAAAGCAGCCCGCAGGATGTGAAGATTTCAACCCCGAAATGTTTTAATCTCCACTCCTGGTTAAACTACAAGTATGATGCCCATCCTGAAGAAGTAAATACGGTCTCCGTTCGTTACACTGTCTCGTTCTCAATACTTCTGGGTTGATCACGATCTGTTCTGGCCACATACCCAAACACGGGGAGCTGCGACGAATGAGTTGGCATAACACGGATAAGACGTGCCTAAAGCTAATGGTGGTGCGAAGCTTGTAGGTCGAGTTGCGTGGATCGAGGCGGCCTTACAAATGTGTTCATCGCCGCTGACTTGTCCAGGCCGGAGCTGCACTTCGCCGCGCGGTGAGCAGCAAACTCTATCCTCATAATGGTAAGCTATCTGCGGATAATAGGTCGGAAGACTTTACCTCGGGACAAGTGGCCCTGGTGAGCCGGGGGCAATTTGATGCGAGACGCGAACGATGAAGTTGTAGACTTT,1136,47.01,Drosophila melanogaster
SEQ_470565,GGTCCGACCTGGCTACCTAAATACGCAAAGCTAAGAGGTCTGCTGCAATAGCGCTGTCTCCCACTCCGCGTCCAAACAACTCGCAGAGGAATCTAATAAGGGGTCACTAAGGGTTCTTACGGCTCCCCAATTTGTGAAATCAAACGCCTGGGACTGACGTTTTTAATATAAGAGGGCGCGCCGGACCGAGCCATGTCGTACGGATTTCTGAGTTTATTGAAACCTCGCGTAACTCCTTCCTGAGGCTTTATCTGAAATGCATAAACAAAGCGCGCTGGTACTGGGCTTCTCCTGGAGACAACGATCCGTATGTGTCCCCTGTGCTCCTTATATGAGCCACCAGCCCGGCAATGCACAAGTAAACCTGGACGTAGAATTCTACAGCTAGGCGGTATCTAGTCGCGAGTAACTCCGATTTAGTCGCGTAAAATACTGTTTAAAATATAACCGCGCCTACCTCCATGAGCATAATTTGTGGAATCACCATGAATGCTTGAGGGAACGGGTGTGTGGAGCCGTCTAGCTTTACTCGGACAACTGACAAGCCTCTGCACTGACGCGTGTTTTATCTGGCTCACGTCCATTATTCTGGGAGGGCGTATACCACGGTTGGGAGCACACAGAACCTGGATAGGTACAGTCCGGCATTGGGGGTTGCAACGTATTGTAAGTGCTGCCCGATACACATTGTGGTGAACAACTGGGCCAGTGGCATCCGGTTTCAATAGCGTGCACGGCAAACGAACACCGCGAGGTCTCCCCCTGTGGGGCCCGCCTGCTAATAAGGCTTCACTGCGGCGGCTTAGTATATTAGTAGCTTGCGCCTTATCGCGGGGCCCCTAGTGATGGGAGAATTAAGCTCAAGCATTGCATAGGCTAACGCCCGTTGGCTGAAAGTGACAGAGTCATGAAGATGTGCCTTCTCGGTTAGAACACACGACAGCGACTTGGGCCCTAAATCCGACGCTGAGCAATGTGTCGAATGCGTGTAGTGAGGTCCCTCTTAGTCCAGCCTGGGGTGCCGTTTAAACAGCAGCCCCGTCCTGGGAACCAGCAGGGCGCATTCCACTACCTGCGCAGTTCTTAAATTGCGGTCTAGGTTATTTACCACTTATTCGTCGTTCTCGACGCGTCTCAAGGGGAAACGTCGATCCCAAAACTGCCACTTGATTCCCTGCTAAAGGCCATTGCTTTGCTTATACCATTGTATGAGGTTGGCGAGTAACGTGTAGTGAGCATGGCACCGCTTCCCGTCCATGGTGATTCCTAACCAGATATACTAAATATAGATATAAGTAGAGCATAAATTTAGTGGGATGCGCAGTAGTCCAACCCGGAGCCCAGGGTCTCTGATGGACGGGCACATCCTTTGGAGTTACATATATGTAATTTTTCGGTATGGAACTGAGTGGGCCCTTAAATGGGACCTCCCTCTCGGCCGAGATAAATTTTCTCCGATGTCATGCGACAACGGAGCACCTGTTAACTATTTACGCCGGATTTATTGTGTCTTTCTTCGGATGTCCCCGGGCAGACGAGGGTTCGTTATATTCAAGGAGGTCGTTTGGGCTGTGCACCAAGCGCTCGCGCCGAATACTACGAATTTCCGTCCCCCTGGGTCGGTTTCTCAAT,1632,51.04,Escherichia coli
SEQ_483809,TTTCCGACAGATCTGAACCCCACCACCACCACGTCGGCGAGAGTCTACCGTTAACTGCTCACGTTATGGAAAATTGATGATCAATAGAGCTCGTGCACTCAGAACCACTGGCGCACCCATAACTATCCGGATTGATTCATGATGCTCGTTCGGCGTGACTGCAGGATATCCAACCCGAAAGTATGCCCTCCGCTTTTCTAGGTTACAACTCGCGACGTCTTGTCATTACCTTCGAATGGTACAGGAAACGCTTTACAGGTATTATTATGTTCGCCAGGTGAGCTCATACACGGTGCCTGAGCGCGTCCCATTTAGAGTATGCGCGCCTCTCGGGGCTTTCAGAGGGTCTTAACCGCGTTTTTTACGAGATCGGCTCATCCTAAAAATTGCTTATCGTGGGGATCTGCCTTTAGCCTGAACACGGTCTTTTTCTATATCCTTGGCGTCCGGCGGCGGCTGAACGCGAAAGAGAGTGCTCGTTTACACTAAAAAGAATAATCGACTCAGTTCTAGTGAGCTCCACGCACGGGGCTGCGACGCTCCCAGAGGGCTAAGATCAAGGTAGCTGGCCGCCTCCAGCTGTGCATGTTAGGAAGGGGCATTCTGTCGGGTTGCCTCGGGATTCCCTTTGCTTAATGAGGTTAGAGGCGGATATTCATAAAACTGACACTCCCTACTACCGTCCCGGAGTTAGTGTATACTCATTGATGGCGCTACGAGGCGATACCATTCTCTTCAAAAAGTAAAATAACTTGAAACAAGGGTATAGCGCGTTCGCCCCCAAACGTGCGTGCAGACCGAGAGCCCAGTCAATGAGTCAGAGCAATATCTCGATCCTCTCTTGCTGCCGCGGTACCGCACTACTCGTCCCGCAATAATCTAGGCCCACGCCCCACAGAGCAGTATCAGTTTTGCCACTGTTAGCGATAGTTTGTCTGGGGCCTTATTTTCCGCGCACACTTAAAAAGGCAGTATTTCCCGGATTTACGCGGACGCGTGCTTTCGACAGGGCTTACAAGCGCGTGGGGAAGCCCCAATCGGACAAGCTGGTCAAGATGGCCGGTTGCGTCTGACAAGGCTCTGACGGGGTCGACCCCGTTAAGGCCCTTACTCGCTCGGCTATAACGCGCAACGCAGATGGCGGGTTGCTGTAGATTACTTGGCGCTCTCTCGGGTAGCCAGTCTGTATTACCGCATAGTCCAACATCGGGTAGTGCTGCTCAGTGGAGATCAGACCTCCGACGATCTCTATCTCGAATGATTAGACCCAGGTTTAAGCAAGTTGCTACAGAGTGCGGGGCTTTCATATGTTGCCACGGGTGGAACGTACCACAGTCTGTAACCAACCATAGCCGTACGGGTCCTGCGAATCAGTAGCCTACCGACCATTTACGTAACACCCAGGCGTAAGGTGCAGCTGCGAGAGTGCGGAATCTCACTGTAGTTTGAGTCCGTAGATCCCACGACCTCCTACCGGACCCAAACCATCCGCGTAACCTCGACAATTGGCTATTGTAAATGGATAATTCTTGTAGGCGCAGTGAATTGGACCAGGGCCTGGAAAATGCCGTAACGTTCCCCTTAAGCTAGGCAAGCGGTTCAATTATCGACGGAGGGCAGCCCGTGCATTTGATTGACAAGTATAAAGTCCCTCTAAACTCGGACTCCTAGATGACATAGCATCTAATGGAGTTTTACAAAACAGCTGACCGTAGGTGCTATAAATGTCATGGTAGTAGGTTTACGCCTTTTCTCCAGTGTGTGCTAATAATTGTCCACCATATAATGTATAGCAGCTGTGTATACACGTCTACCCTGCCGAGAGGACAAGAATTTTCGTTTCAGTTGAGCCGAAAAGCTTGGACAGGAACATCCAAGTGTGCCACGACGGTAATTCCTCCAGCCTTAGTATCTGGTAAGCGTTGTAATTGGCTCAATTAGACTTCCATACTTAATGTATAGCCGACCGCGCACCCTGTTG,1981,50.78,Escherichia coli
SEQ_597962,GGCATGGCACTAGAGCGGGCATAAATGGACGGTTCACCTCTAGCTTGGGTACGTCCATCTGGCTACCATGTAAGAATTACTCGACTCCTATGTGAACAGAGGGGCGACGAGCGAATCAAGAGCAAGTGACAAGAGAGTATTCACTTTTTGGTCGCTCCTCCCGGGTAGCTCCCCGTGTTCGCGAGTATCGTCATTAGTCATTCCAATACTCGACGTTGACGTCGGGGCCTTCTCATCTTAACGCAGTCTCATAAAGCCGTGTGCTGAGAAATACCTCAATAGGACTTAAACCAGT,295,50.17,Saccharomyces cerevisiae
SEQ_649498,CACGGCACCCAATCATATGCGGCGACCAAATCCGCTATGAAGGCGGTCTGCGACGGAGATGTGTCCGATTAACGCCTACCGCACCTAGAACCAAAAGCGTTAGGTGCTGAATGGAGAGCAGTCTCCATTAATTCCATCACTGAAACTGCTACCCCGGACTCACGCGGCCTAACTTGGTCGGTACATCATCGAAGCTAACCATTAAGGTTTCGCCGGTTTCTTTGCTTGCATCATCGCGTATTAGTGTCGACTATGTTAATTGAATAGGACTGCCTTCTACACCATCAAGATAGGATACAGATGCCAACAGACCCATCAAACAAAAAGACCTGAGCGACTAGGGAAGGATCTTAGGCTCGTAATCTGCAAGGCGTTCTGGCCGATTATTACGTGCAGAAAGAGTACCCGCCAATACTGGATCGCAGGCTCGCTAGGTGATGGCTCCACGCCAGGTTAGGGCGGGAACAACTGGTCTCTTAGGCTGAACGCGCGGTCGCTTGACTGGAGCTAAGGAGTTCCCTACACCACCAGGCATTAACACTACCTTTCGACGACTTAAGTTTTCTTTGGTACCTATCTACAGTAACGCCTATCACGAAGCAAACCACTACCGAATTCACCCCGCTCCTTAAATCTGACACTGCTCAGGCACCCATGAGGTGTCTCCCGCTACGCGAATCTTACGCTGGTCATCACTTACAATCAGGATACGGGTTACCCCGCACTCTTCCGTGCGTTACGTACGAAAAACAAACCGTTAGTCGGTAGAAAAACTTCGCAGTAGACGGTCTGTTAGGCCGGACAATGGAAGCGGAAAAAAGCTCCACCTCTCACGGAATCTATATAGTATTGAGAGCGAGGCTAAGAAGTGTTTTAGCGTGCACTCGTGGCATGCCTCTTATGGATCGTGCAGATTAGGTGAAAAACGCTAGGCTAACACCAAGTCAAAGTTATGTTCAATTCTTAACTACTCAACAGTGCATCGCAAATGGACTCCCATCAACTAGTCTCGGACCGCGCTTCCGAAGTCCCGAGTCTGCGACCAGCATGATCCAATGCTAGCCGATACATTCCGCCGCGCACCACTCTTGCACCCAAACACTTTAAATGGAACGTAAGGTTCCGGATTCTATATAGCGGTTCATTTGCAAGAGCCCAGGTATACATCTTAGAATACAGCGGACGTAAATGTCCGACTTCACGGCAATCGTGCATCGGGACGCGAGCCCTGAACGCGCTCACAGAGCCATCTCACTTTTTTCAAAGGCATTTTATATTACCGTCGTCCAGGGAGGAAATACAAGGACTCCGTCGGGGCGAACTACAGACGATATGACGGACGGTGCGCCGTTACCGATCACATTGGCGGAGGGACGCGACCACGGAATGTGTCCTCACGAGAAAGGAACGCCTTACGGTTTATCGCATTTGAGTTTATGTGCGGTGCCATGGAGTCCCATCCGACTGTCTAACACGCGATTTTCTATCATAAGGCTGCGATTCGTTCATGAGTTGCCAAACAAACAGCTCCCGGCGAGGTGACCATTTCCCCGTAGAGTAATGATTGCTAATCCCGAGGGGCCACGACTTCCGATTTCTCCAGTGTTCTACTGAACCACCACAAGAGCTACAACACTGTGGGTCTACAGCAAAGCCCACACGACTCTAGAGGTACGGACACGGAACTTGCTTTTTCCGCAGAAAATTCGAGGATTAACTGTCGTAAGGAGTACGGGACCGATATGTTGCGCTGCATGTCCTGCCGGGGCACTTGCAGCTATTAGATGATGGTTCCCGGGTATTCATAATTGCTACCTCGGCACTAAACCCCGGCGGCTTAGCTCAATGCGCACCTATACGGTCCTTTTTGATCGACATGGACGCTATCCGAGTTGGGACACCTTCTTCGTGATCCTCCTGGAGAACCTAGGACCTCGAGATTAACAGTACTCGCTTGTACACGTGAGGGGACAATGGGG,1979,50.63,Saccharomyces cerevisiae
SEQ_946399,TAAATGTCCAAATGCTGGGATTTATCCCTGCATTGCCCACTCTGGTCGACCTCAGCGTGGGCTTCCCCGCGATCCTGCAATAGGTTCAACGAGCCAACTACTACCGTCAGCCCTCGAGCCGAGTAGTCGCTGTCATCAACGCGGGGCCGTGTTTTTTAAAACAGATCCTAATTAAACACACTCAAGCGCATCTTCCGTTGTTTTCGGCCTTCTCCTTAATAAATGTCTGCAGGCAGTACGCCATTACTCAGGTGTATTACTGACCCGCACGATACCAGAGGCCCGCGCCTATGTTATGGATACGCCCAGTAAACGTCTGGATATGTAGAATACCCTCATAGCAGAGGTAATCTCTGGAATCAGCGCTGTTAAGGACCTCAGCACTGTTCCAGCCGGCACTACTGACGGAACAAAGAGGTATGGAACCCTATGAAGCCCTCACTCACGTATGGGTGGGTAATCAGGATTCTCGATCCCCGCGTTCAGTGGGTCGCGACGCTCGTTACCCAATAGAAGGCTATACTCGACTAAAATCTTACCTGTTATTGTCTAACCTCTCGAACCGTGGGGACTTTCACCTACTATTTAGTTGCGGTAGATGCTAACGCCAGAAACAGAGAATCAAGTGTAGAGCATTGAAGATTTAGCGTGTGCTCTTCTGATCCTTGGGCAATGTTTAGTTGCAGCTGGTGTCACAAGTTTTTCCGTAGAAGGTGGAAGCTATTGATGGAGTTGTTGTCGGACCGTTCAGACCATGCCGGGCACGCCGCCCACTCTCTAGCGACTCCCTCATAGTACGCTCGCATTCTGTGAAATCTCCCCGTGGGGGTCCGGTTAAACATACTGCTCCAATACGAGAGCAGCTACGATTCGTGCATGAGCCAGGGGATCGGTACCGCCAGGAAGCCCAACGCCTACGTTGGCGACCGTAGATGCTCCGAATTGAATTGTCACGAGCATAAGTTCCGCACGCAGGCACTATCCAAGGGCCATACTACCGATCTTCTTATTCGTTGTTCGCAACTGCACGGTAGATCACCGTCTGACGCCGCACCCTAGCATGTACGTCTCGCTAGAGGTGATACGTAAAAGTGTTGTAAGCTGTATGAGGAGTCTCTTGATGATCTGCTCGGTAGGGATGAAAAACTTACGCAAACTCCATGTATAATGCGGCGCCTATACTCTCTTTTAAGGAAGAACCATCTCTAATAAAAAGAGTATTCGTTTTACCTATCAGGCTTCTCGAGGGCTGTTAAATTAAACGGAGGTAAAGGTATCTACACCCCCCTGAGCCAGATAACAAACTATGCAACTGCTTCACCTGGTTCATTTACGTTCTTATGGTCACACCCAGGTAAGGAA,1362,49.41,Escherichia coli
SEQ_396932,TGTACATTAAGGCCCGTCCAGACGATCGACCAACAAAAGCCCGAGCGGAGCTTTACTCGAGACAGGCCGCCTCACTCCGTACGATTCAACGGTTACTACAGTCACGCTGACTTCATGGCACCTTCGGAAGCTAGAACTGTACGATCTCAAGAGCCCTTGTAACAAAAAGAGCATGAGCGTTGGTAAGGGACGACTTCAGCAGAACTTAGTAGTGTTAGCCATTTAGTTCTAGCACCGTAATTATAAGTTTTGGACCAAACTTCGGGCAGACGCCGGACTCTTCCCAGCGTTGAAGTGAACTGCACTATTATCCGAAAATGGATATAGGAATTGCATGCGCGCTCTTCGGTGATTAGCCTCTTCACGATAAGCGGGGGACTTAGCGTGTGTGTGGTGAGCATTAGCCAGATAACATGCCACGTGGGTAGCGAGCGGATGTTCCTCGAGAGGCCCCCTTAATTCGCGTCGCCGGTAAACCTTAGACGCCCTGTCTGTATCGTAAGCACAAGTCCATTTGTGTTGCCGCGGCATACTGGGACAGCCCCCACGCGACTCTTGAAGCAGCGCGAGAGATTCGTACGAGCGTTTGCTAAGCCTGTCAAATGCCATCCTGCTTAGCACCCGATCCGGTACCTGATTCCAACCTTACTGGGAGGCGGTGCGCGCGTGCAATAAGGTGCCTGGATCCTCCATTCTGCTAACTCAATTGAGGACCAATCGATAGCTGAACGCGGGTTGATTGCTAGGCATCACCCCCACTTGAGAAGCTAAGAAGAGAGGTGGTTGCAATAGAGATTCTCGGGAGAGTGTGGTGTAACGCCTTTATCCGACTACTGCCCCGTTGAACTATGCCTACTCGAGGGACATTGCTCGTGGGCTGTACAGGTCGCGGTGACCCCTCCATATCGCGGGGGTTAGCCTCCTACTGTTACATGACTCCAGCCTGCCTATGGCATGATAATATAGCCACCAACTCCGTGTCGGTAGATTAGCTATCTTGAAGCCGATACCATGCCTCCAAACTGCTTGGCCTGCCCAGCAATTGCGGAATGACATCCATCAACTCTGAGTAATATAAGAACCTTAGCCATGACTTTTGACTGAGATGAATGTACTCGTTAATCACGTGTCAGAACAGGAAGCACGTCCTGCGAAAGGTACCGAAGCCGAAGTGTGTGCTGCTCTCGGATCGGCCTTGAAGCTATACGGTTTCTTGCATGCTACCTTGCTGTGCTATATCCGCCATAGATCCCTCTGTGAATACCAAAACATATCTTTTCACCAGGCTTTGGGCAGGAGAACGCATTCAAGCGTCCACTATTCTTACATGAGAAGAATAGTACACAACAGGCTCCCTCTTCCTGTGAAGACGCGTTGAGGGAGATGGCCTCAACTTGTACCCGATACATGAGGGCTGGAAGGTAGCATCATGGGTGAGTACGTCCAGGATAGTTTATATACCAGTTTGTTGTATTAACGCTGACTGACGTGGATTAACCACGCTCCAGCGTTTGTTATAATGCTGAACTAGTACACCCAAGGTTTTCTGATCTGCCCTATCTAGTCACACGGTTTAGACAA,1581,50.35,Escherichia coli
SEQ_258384,GCGTTCTTTCTGGACTTCCTATCCCATGTAAAGTCAACGTTGCCGCAAGCGTCCATTAGGCTCACAAGCATTCCGCGCGTACCTTATGGTCTCCGACGCAAGACATGAGGGTGCTAGCTTGCCCTTAGCACTACAAACGCTCACATAAGGTGATCGGTGTACCACAACCACTCAACCCGAGCCCTTCTAATCATGTCACATCGTAAACAGTGTTTTAAGAATGGGTATACCGTCATGACAATGAGCTCTCCTTGTAATCTCCCGCGTGTACCTGTGTAATATAGTGAGCGTGTCTTATCGACGAACGAGACTGAGAAGTACCCCGGTGCGTCCGCAGGGGTATGGATATCCCTCCTACTTCTTCGGCGCTCGCCCTATGGGATGTATATTCGAACGACCCCACGTTTGCACAATTAATAGCTCAACCAGGAGGCTCGACTTGTTTCCAAGGAGTCAGAAGGCTCCGCGCTTTCACGGATCTGGTCGAAGGTTCGATCTACGGAGAGCAGTGCAGGGAAACGCCGCCGAGCGGGCTTCAGGATGAAAATTTGTTCCGACCCGCCGTCTTCTAGCAAGCGAAGATCGTAATCGCCAGTATTGGAAGCTTCAACACCTTCACGGGGTTGACCGTCGTCTTAACGTGAACCCAAGTTGAGCCACTGAATACCACTTAAGGACTTCTGATATGTCAGGATCCGCGGGATAACGACGAGTTCCCACATAACTCGCATAACACTTGCCGAAGTAGTCTCAAAGTCGGCCGTGGCAAGGAGGCCATGCATACCCTGGGGCGACCCTTTTGTTATTAACCGTTTTCTAATCTACGACGTGGGCGTACTTACCGGCGAGGCCGTTGGGACAACATTAAAGTGGAATCCCCTCTGAGCACGCGGCCTTGCACGTACATATACGCATGGACGGAGGAGTCTATCTGACGTCGGTTGATACGCATGGCAGATGGTTCCAATCGTATATACGGGACTGGTGTAGCCCGGTTACGGAGCGCTCCCTGTTAAGTTAGTCCCATTGCCCGAGAACGTGCATGTATTCCTTTCATGCTTCCGGGGTTACGATCTATATTGACACCACGGGTTTGTCATCTGGGTGAA,1109,51.67,Mus musculus
SEQ_962063,TGCGTCATGGTTCTTCCTACTAGCATTTACTCGCTCTCGTCTCCACGGCGGCCGCCGGGACGCACCTAGGGTTGAGGTTCTGGGAATGAATTATCCGATGTGCTTCCCTCCAGTCTCCGGGGGGCTAACTCAAAGTCATCACTGTGATTAAGGAGGCCGGTCGAGAGTCGTTATCGCCCCCGATCCGGAGTAGTCTTGCAGCAGTTTCTAGAAAGTCTGGTGCTGGGTTTCACGGTATTACTTTGTCCCTCTGGGTCATTGGGAAAGAACGGCTAGACCGTCCACGCTCATATTGCGCCGGTTGCCCGGTAATCTGCCATGACATCTGACGACACACTCGCTAGTCCACCTCCCTCATGTGTACGCGGACGGTATGGTACCAAGTCTACCGCAGGGCCGGCTTCAAAGCGTTTGACACGCTTATCGTCTCTGGAGCATGGCTGCGGGTAATCATTGTAGGGTCCACATCTTCTCTTTTGAGCTAGAGTCCTAGGCGGCACAACGCGCCCCTCCATAATAA,520,54.81,Saccharomyces cerevisiae
SEQ_986502,TCTCTGAAAGGGGTCGACAGCTGCGAGCATGACTGTACGGAGTTGCGGCCTAATATCCGTTTAGATGGTTGGCAATAAGAGCTTCTTCGTGGAAAGAGGGCTCACGAATAATTGAGTCCAGGATGCTATTATGGACAACTTCGGTCAGCTTCCGCATCCGACAGGTAGTGATCTTGTATCATCCTGCGTGCTTCTGCCTTGGGAATCACTAGCAGCGTATGCCTGCTTAGGATGGAGGGAAAGGCTGGTTTCGAATCCCTGGCTGTTTCCCCATACGGGATCAAAGCAAAGGCATTAGGTGAAGAGACATCCTATAACTGTTTGACCCGTGTAGGTAGAATCCTAGATTCATTCAGGCACACTGACAGTGAAATTTTCGTAAAGGATTGCTTA,393,47.84,Caenorhabditis elegans
SEQ_891474,AAGGGTTTATGTCAACACTTGTGAGCCCTTTCTCCCACTCCCTAATCCGTAGCTTGGATCAATCATAGCGAATGCGTTGGTCAGTTTTGACTGGGTCATCCCGAATTTCTGTCGTCCAGCCCAAGCAACTTCAAGGAAGTACTACAACAGCGCATACCCTACTGCCCTCGAAGCCTTAAACGACAAGGCAGCAGGGTTGTGGTGTAAATTCGCCACGGTTGCTTGCAGCCCCAATGTTGTACGAATCCACCGGCTCGTCAATGCAATAAGCACGCGGCCTGGTCCACCCAAGAAGGTTCTGTTATTTGACTATATTTTGGGAATCGGAGGAATCTCTTATTCAAGTGTCGCTGGATAAGCGTAAGGTTATGTCCAACTGTTAGTCATTTATGGACGGTCCTAAGCACTTAAAGGGGTTGCAGTATCCACCAGTTGCATGTTCGCTGACCCGCCTGCGCTCACAGATCCGTGTATATGTGCACGTTAAACACTTCATGAGTTGTGTTCGCGGCGAGTTTTTGACAGTATAGCTGCTATTCATGCGTTTTCTAATAGGTCAAGTAGAATTCGGGCCGATTTCGAACACATTCGTTTTTAGGCGTAGTAAGAAATGGCCTTAGAAACTTGTAGTCCTCGCCAGCTTATTCAGCGGCGTAGCTGACGTGTATAGTTGGACGCCAATACAACTCGGCCTAGCAACCCACGAAGACCTCCGACAAGACTACCTAAGGTGAAACTAGCAGTATGTTCCATTGGATAGTGATACTGTGAGAGCACCTGACTAAGGCGCTCTTTGACCTGTTCAAGGAATGCTATGAACCCTTATACACCGATAGCGCGCTTCGTTATACGAGATAGGGTACAAAGGACCTTTGGCTGGTAAAGAAGTACCCGAGAAACACAGTGTCCAGAGTGCGGGGCCGTCTCCCGGTCGTGCTATACTATACTGACCCGTGCTACACTCGCGGGAATGGCAAATTGAAAGTGTGATCGCAGTCACTGGTAATTGGGAAAACGCCCTACGCAGTGTCTACGCACCTCCACAGTAGAGCACTTCCTTCGCCTATACACGCCGACTGAGTGCTTCCAGTAAGTGCCAAGCGAGTGGCCACCGATACTAGAGATTTTAGGAGAGTAAGTGCCTCCATCAGTCTGGTACTCGAGGATGAGACTCTTGTTGTCTTGGTTGTGGGGTTTACAAACCCGTTAAGGTTCAGGCTCGAAACGCGGTAGGTGTGTTCCCCAAGTCTTGTCTAATGTTAGGGTTTCATGATGAGACAGGAATGGCACGACCTAACCCTTCATATCCAACGGTGTATGGATTATATTGATATATCGCCGTAGCGGTATATACAGCGGCGGTCCTAACGGACGAACTTAGACTAGCGACTAGACAGTAACACAAACTTTTTCAATCTGCCGCTTGAACTAATGATACCAGGCTGCCAGCTCGCTAACTGATCTGGATTGAACCAGGTTTTGTTGGGAACTGCTGGTGGTGTGCCCTAATTATATGGAATCCTTGTGGAATGTGTGCATGACTAGGACTGGGACGCTTTAAAGGGGCAGAACGCCCTCGTAGCTAACGATTCCGGTACACACTATTCCGTCCACTTGCCTCTTATATAAGCGTCAAACCAATTCTATTACCAATTCGTTTTATGTTAATCTCTTAGTTGCTTAGTGAGTGCCAGGGCAATAA,1702,47.94,Caenorhabditis elegans
SEQ_771011,TCGAGTCCCTACGTGCTGAACCAGAGGTCCTCTAACTCTAAGCTGAGTGAGTACCTGCGACCATTCAATTAGCAGAAGCATCCCTGAACTGGATGACAGCCCGTATATTCCCACTGTAGTTACGATATTGAATCAGCTAGGCTTGCTTCGCCGCAGAAAGCTGTTACCCCCGTACAACTGGCAACAATAGTTGAAAAGCGGACTTTTCTTCATACCAATAGCCGTTACAAACTAGGGTTCTAGCCGCAAGGGGTCTGTGCTTTCGTGACGACCGTGGGATGTTACCCATAGGGCAGTCTGAGTATCGCTAGCAACATAGTTCTTGAAAAGCCACACAGGGCGAACATTCCTCTTGGCTTCAGTTCCCCTCAGCGCTCACACTAGGGGGCAGCATATGAGCGACGCAGGGCTTATAAGCTGCATCCTCGGCCTCAAAGCATAACCACGAGAATTACCTAAAAAACGTTAATAGTTTCGAATAGCGCAGCCTGAAGTGTGCACAGATAGATGGTAGTGCATTGGGCTAGGACCCGGACCGTATTCGTAACAAGGACTCAACGTCCAAATTTCTCAATTATAGTGATCACTACGGGAGCCGTCGGGATCCTAGTACCCACTGGGTTTGTCGATTCTGCCGCTCGTCTGCAACATGAGATGAAGGGACGGCAAGACAGCTAGACCTGCTTAGTCTTTTCCGCCGCTGCCGGTCTGGCTTGTTCTGACATGCGGCCGTGGGGAGAGGGTTTAACCGTGATAGCTACAATCGCTTACGGGGGTGCTTAGCGCTCTCTTAGTCGGTCAGCAGTGAGCGGTTACAGTCCCGTTACGCGTGCCGCATGCAAAATTTACTCGGCCTACCGGACTGGCCCGCGCCAACCCTCCATGATGCCCTCTCCTAAAGCAAATCCCGACAACCCCGGATAAGGTTGCGTCTGAATGTTTTCTGTGTGTATTGCGCGTTTGGGGAGCACAACCAGGGGTGCAGGTTTCCCCGGTCCGGGACCCTAGCTTGTTCTACGATTCTTCGTTTACAGCAACTATGCCGCCCTAGTAATTAGCCCTGTCGTATACTAAGACTATGATGACCAGACGTTTGCGTTAAGGCGGCCCGGCCAGTGCATCTGAAGGGACTATGGTATCCATCATCCTGTCAGGGCAGCTTAACCGAGTGGCTCTGACTCATAAATTTCGACCTGCTACGTACCCAATCTGTAGCCTCCATATGGGTAACTCACGCGGTGAGCATGTGTTGTCGCTATGGAGGGCTATTGTTTAAT,1277,51.68,Saccharomyces cerevisiae
SEQ_753685,ATACTCGGCCGCCTGACATCGTTAGTTAGCTGTAAATACTATATTAGTACTTCGCCCACGTTGTCTGACGATTATGTGGCGGAAAACGGAGAGTTTTGATTCCTGTCATGTTTCGTTCTGGCACCAGGACTCTCTAGCTACAATAGGAGCAGTTCTTATGCTTACATGATTTGATGTCGACAGGAGCGGGGTGAAATATACGGAAGGCCGCCGAGTTGAGACTCCCTGCATGCCGTCTCATTCCGGCGTCCGTAGAATAGGACTGATGGCTTGTATCGGCTAGAAGACTATCTTCAGCAGGTGGTAAGCACGTCTTCGTCTCTGCGAAAACGGTTAAAAGCACTGCACTACCTGAAGACGTTCATCGTTGAACCAAGCCGGGACAACCCTGGCTATGGCCCCTGCCTGGCAACGGTGTTTGTCAGTCGAGAATCGCAGCCCTGTTTTTACGTTTCTCTACACTCTTCTTCCCCTTCTGTTATTTAATATATACACAATGGTTACCCCTGGAAATGTATTTTCATGTCGCGTCTTCAGAGTAGGCCAACTTTAACCATACGCACGTGAAGGATAGTAGTTGTACGACGGGGGGACTTATTGATGTTTCGTGTCTAGGGTAACATAATTAGTATGGTCCATAGGCCGTTCCTTCGACCGCACGTGACCGAGCTTCAGCAGAGCCCCCCCCTTGACTCAATGCCATAGGTTGTACCGAGGTAGCAAGTCCATGATGGCGCTGCTTTTAAATGGAAAACAGAAACGTCGGGAACCACCCCGACGCCGGTGGCTGCGACACGTTCAAAGGAGCTGCCTCAGGTTGGACGGTGTCTCAGATTATGACTTACGGACAGTGCAGGTGGCTTATTACATGCGCGAAGTTGGTCGACGGCATTATAAGAATCAAGGTAGGCAGCTCACCTATATCGCTCCCCGCACCGTCATACCCTTGACGAGCGTCTAGACTATCAACGCGCAGCCGGAAGTATAACGTTTCCTCTTTCCGGTTTCGCGAGTCTTGGTACAACATAAGCGGACGTGAGTACTGGGAAATGCTAGCTTTCGCGAGCCAACTTTCCGTGCCCTGCGGTCGTGCATTGCAGGAACTTGACACCAGACTGCCGCTTTGTCCAATGCAGCGACGGCAAGCCATTTTACCGTGTAGATGGGTCGTCGCCAGAATGGACTCCTGCGCGTCTGTTGAACGATATTTAATCGTGAGTTCTGTCCAAAATCATGATCGGGAGCGGGCTAGACGTTGAGGCTGAGTATTATGAGCGGGTGAGTCAACATCCTGTACGGTAGAACACTCAGGGCAGTGTGGGCCGCTCGGTAGATAGTATTGCAGCATCCGCTACCTGCCAGAGCCACTCGACCTGTTCAGCGGTCCTCCCTTGGTTCTTTAAGTTGTTTGGATACAGACTACAATATTTCCGGCTAGGCGAGGCGACGTACGGACGTCGCCCACGGGCGGAGCCTGTTCCATCTATCCTACGATTTACTTGTGTGGCTCCGTTCGTGCAAGAATTCAGAGATTTAATTGCCCCCAATATCCCGATGAAGATCCTCTGGCGGATCAGTAAGTGTTAACGCAGCTTCTACTCGATGGCGAGCTAATACCACATCCTTAGGTTTTGGCAGTGGCCGACTGTCATAACTCCGCTATAAGCGTTCAATGAGTAATCTTCTTTAGACCTGACGTCATATTAAATTTCTAATTTGTCTTTGAGTTACGCTCTGCGCAATGAGAGAATGTACTAGACCATGCGGTGCGCTT,1774,50.17,Mus musculus
SEQ_493787,CCGTCTATCGAATCATAAGGTGCGTCAACGCTACTAACCTTAAGTATTGAGGGCCAGGGCTCCGGTGTCATTCCGCCAAGACTAACCTAGAGTTAAAAGGCCATCGAGTGACGAAGTCACATATGTAGCGTAGAGGACAGACAGAGAAAGGAATCGATGTCATCTTGAAAATCGATAGTTCGCGCCTCGCACCTCCTTAGGTCAGTTATCGAATGCTCTGAACGTGGGTAAGAACATCTTTGCTGCCATTGCATGCACAAACTAATTAGTCTCCACGCTTCTGTTCTACCCAAACCGTGATCCGGCGAAAAACACTGTACCATTTAACGTGCCCCAGGTGTGGCGAGTTGGTGCATTTTTAAGCTCTCCGGATACGTACTGTCCAATCAGACTTTTGCTCAAGCGGCTAGGTCTAAGGAACAAGCGGCAGGGCAGGTGTGGCTTACCCCACTGCGCTTGGCTCCGACGTGACGCCCGGCCGGTTATCATCAACGACAGTTGTACTAATTTCTGTGGACGGTCCCTGCGGCTCTCTTCTTGAATTATTACAAGTTCTCCAGGTATGTGTGGCCGATGTTCAACATTTACGAAGGTTCTGCGCACCGTATAACACTCATTCGGACGATTCGGTGAGACCTTGCGTCTTGGAAGGATTTATTCCCGATATTGAGACGCCAGAGTTGAATACAAGACCAGTCTGGCCGTCGGCACAGAAGTCCGTACACAACGACACTATCATTCTAAGCTGGCTTCAAGCCACGGGTCTTGCGGATGCGAGTCTAACAGGGCGCTCACGCAGTCATCTGTACAGATTTTATGAACGTTTTGTCATAATACTTATGAACCGTTGCTAGCGTAGGACCACGTAAATAACCTAATCCATGCTTTCAATCACTGCGTTTAAGGCCCATCGAGGATGTTAGAGAAATTGGCCACTGCAGCATGTAACGCAGCTTAGCTAAAAGGCTCTGATAGCATGG,980,48.78,Saccharomyces cerevisiae
SEQ_619550,ACTTGCCTCATTAGCGTTCTTAGGTGTCCCCTAGTGTACCCTGGGCCTTCTTCGGCATACTGATTAGGACCCTGACACGATCTAGTGTAGCAGTGTCTGGGGTGCGCATAGCGAGACTCCTCCAATCGAGGGCAGCGGAATAAAACACCTGTTTACAGGTCCTCAACCTAATAAGCACTTCCCTGGCTACTAGAGTGACCCGCATCAGAACTGTCCGCCCTGTACTTTCAGGCGCGAAGGAATCACCACAGTAACACAGACTGAGTAGTCAACATGTACTGGGTCGAAGAGGAGGTCGTTCGGTCCAATCACCCGGGGCACCAAATTATGCCCATCAAGCGGCTCTAGGAGATCGTCCAAGAGCGAGCTAATATTCTGATGATCATGAACCAGTAGACCCTCTCTGCTCAGGTTCGCTCTAGAAGCTTCGTCATTGACCGAGAACCGCGACGTCGGTAGGGAGGCTTAAAACCCCGACACCTTACGGGTCAATGAGGGGTCCGTTGGTGGGATCCGGAGGATTCCCGTTAGCAGGCTGTTGGGTCAACGGGTGAACATATTATGTGAATGTTCGCTGCATATCTATGCAGCGTCTCGCTTCACTGTCTTCAAACAGGCGACGGATAACGCCACCATATGTCACCGCGATACTAGTAGTAGCTAATCTGTTATATCGGTGTGACCCGGCCACGGATTTATGCACCCCAAGGAAGCCGCGGAGAGCCATGGTCGGGTACGGAGCATCTAGCGCCAGCGCGGTGGCTACAGCGGCAGATCACATCCTTTTGGCTCCTACGATTCCTGCCGGTTACATAATTTGACAGTAATCACGACAGTCCCCGGAGTCTCGGGGCTTGGTTGTCCTGATGCGTTGACGATCAGCCCTCAAATGGTCATGTGGCGGGCAGCTAAAACGTTTGTCATGACTCCGTTGTTTGCCCTCGAGTATCCCTCGAAGGGAGCAGGTTCGCGGCCGGTGCATGGCGGCTAGCCTCTCTCCCGCCCTCATAGACCAACCAAACAGTCATATTTGACAGAGGCTATAAGGTGATCGAGTTTTCCAAAATTTACGAGGACCAGCGTGAAACTTTCTAGACACCCTAAAAGAAAAGGTCCAGAAGTAGGAACACGTGTCTAGGATGCCGAACTTGACTTTCGTCATCTTGTCCCCCGCGTACTTCAGCGGAAAAAGAGATAACGTAACTCGCACGGGCCTAGTTAGACTTTGGGTGATCCCGGCAACCTAGAGCCCTCCACGTTAGCCTTCCGATTATCGAAAGCGTGACGACAGTTTGCCGACACCATTGTCGGCGGTTCGGGCTTCATGGCATTGAAATCTATTAAGGAGAACAGTAAAATTGTCTGACGGCGATTGTACCACTGGCACATTATACATGCCTGCCGATTGTTTGCGTTCGCATTATAATGTAGGTAAGTACCATAGAGAGAGCGAGTGCCGGAATGCTCTGTCGCTTGCTTGTCTCTAGGTGTTACCTGGGTTCGGGTGATGTATAGCACTCTTTCCGTCCGAGGCCACTGTCGTGTCCT,1548,52.2,Homo sapiens
SEQ_275602,TAGCTTCTGCTCCATGAGGGCAACTCCATTTGTTGCTTTGCGTCTCAACAGTGCTTCTCTGGGATGCGCAGTAGAATAACTATACCAGGGGTACTAAGGTAGCCGCTTAACGCTGGGCAAAGGCTTTAACGTGGGCCTAAGTATCTGAGTTCGACAGTGGATAAGCTGCCAACATCTCAACTAGGCAACACCAACGTACCAACCGACAAAAGGATTGAGAGTAATGCTGCTCAATACGAACTATTGGTACACATCGCCTACCAAAGCGCCGATAGAGAATGTGACACTACAATACCGTCGCGTCGAAGTACCCCATATACTGGATGCAATACCGAGGATAGTTTACGAACCAAATCCTTCCGTAGCCTCGAATCTAAAGTAAGGCTTTATGGTAGTTGTGCACCGGTGCCTGGCTATCAGATTCATGTTTCGGGGGACTTAGCTAGATTGACAATTATCTACGAGAAGTGGTGTGCCTATTACTGAGGCTCTTGTCCCGAAAGGCAAGCATACATACATCTGATTCCCCTACCATCGGGGCTGAGACCAAGTTGCATGCGTAGGCTCTAGCGCTCGGGCGCAATTGACAATTTCGACATTCGGCTACGCAAATTGGCATGAAGGATAGCTAGATTATGTGTCTTATCTCCGACCCGGTTACTTGTCGGAACGCGCATCATCTATGACAATGGTCGTCCCGGGAACCTGGGTGCCCGCTGCTGAGTTCTGGGAAACGGAGCCGATAAGGCTTTCAGGATTCATGAACTGCACGATAAGGAGCTATACCAGCACTCTGGCCGTGATCGTCTAACAAGGTGCGGCTAACTCAGCGGAACGCATCCAGAACCTGGATTGCCCGGTTAAACATTAAGGGAAGAGTTGGTGGCAGCAAGTCGAGCAGAAGTAAGGGTAGTATGCCTCTCAGACGATGTTATGTAGCATCGATTAAGGAGGCTCCCAAACCGTTAAAGAGTACAGCCGCCTAAACAACAAACATCGTATAACATCACTGAGAAACAATATCGAGCGCCTGCAGATGGGACGCTCTAGCTAACTACTGCCCCTGAAAGTTCCCGAGCACAGAATTGAACGTAAGTAGACACGTTCAGACGGAATTTGTGGCAGTAAGATTTTTAATGACTCAGGCGCTAATAATCAAACTGAGGAACCTTATCGTTGACGTATACGGAGGGTTGGCCTTTTGAGGGAATACCGTCTACAAGGCGTAAGCGTGTACTCCCCCGCTGTTGTCG,1253,48.76,Drosophila melanogaster
SEQ_551457,TTTACCACGACTTGCAGTCTCTTGATGGGGCAACACAAACGTGGGTCGTTACGCTAGCAAGTATATGTACACTAAATATGGGTTCCAATAGTTCGGAGTAGTGTTTGTACGTTTGCTCGAACGTACATATATTGATAGTTGTAGCTTTTGTGGAGTTACGGGCTCGGTGCAATGAACGCACTTTTTGAATGTTTACCACACGCGCGGCAGGGAACGGCTTCCCGTCGGCTCGTTGAAGGCAACCAAAGGTACATCGCGAGGCAGCCGGCCACCATCTTATCGGGGGCGGTTGCCTTGACCGACATGCTTCGGTAATCTTCCATATGCCGAAAATATGAGCTGGAAGAAGTACGATGCAGCACGTGGTTATACCCCTGTTGGCGACGGTGAAAATACGAAGGGCTGGTTAATTGATCCGGTGCCTCGGTTGCATAGCCTAACGCGGAAAGTTTATAAATACAAGAGACACGTACCATAGACTCTAAAGCTTTTAGGCCGATCGTGTAAATCTTGCCGTGAATCCATTCACTGGATCGAAAGCGGCTCCTACAGTGGTTATAGACGTCGGAATCTGAACTCCGGCCGTAGTGGGGTTACTTGGTGGTTACCCATGTCATGTAAGTCAACACTCTGAAACTCGAGTTGTGTACAAGTGCTCCACGTAACTACATACTTAATTGGTTCCTCCTAGAGCTGTACGAGTATTTCCGAGTGGTATTGGGAGATCGTCGACATCTGAAATTGCTCCCCGCGCACGCGCACGGAGGTTAAGCTTAAGGGATGCGGCCACCT,792,49.12,Arabidopsis thaliana
SEQ_963806,AGCGTAAACTTAGACAATCTCGGCGCGAGCCGCCTGTCTGGGGTGCACCATCCACTCCGCTACGCACTCCCGAAATCCTGAACACTTTTCTCCAGAAGTTGGGGCTGAAAACCGGGACGAACAAACAATTCTAGCTCATGTGGATTGGAATATTAGATATCTAACTGCGCCACGAGGATGCACCTCGTCGAGCCATACGCAGCCGTGGCACGGTTGATTGATACCGTGGCACAGTATGCAACTTTTGTAGATAGCTGACCTCAACAATCAATATGCGCCAATCGAGGTGACGGGAGTACCTGTGCATCCTGCACCATAACGAACTCCCTGTCAAGCGACCAATCGACCTATCACCGCCGCACCTCGGCGACCGTTTATACTATGAGGATGTCTTCGAGTGCAGTTAATTCGGAGCAATTATAGTTATATACCTGTCCAGGAGCGGACTGAGTGCCGTGTTCTTCAGTCTCATGCTTAGCCGTGTGCAAAGCTGTAGCCTATTGTAACTTTGTAGTGAAGAATAATCAAACGTCTGAGAAAGTATATTAGCCTCGGAGTAGCTGCTATTGGCTCATGTCGGATTTTCACTCCACCTCAACATCATACCCATTTTTAAACTCGTCAGGCGAGGTCCGCCTATTAGTTGCATTCTTGCAAAAAGTCTGCATCGTCTGTTAGAAGAATTGCTGGACGACACAAAGTTGCGAAGCATTACGTACGCCGGTTACAGTCCTCCTTTTCTGGTCCCCAAACGACCATACGCACGAGTCGATTGGCATCAGCGGCCCTTCATTACGCGCTCTGTACCGATTTAGTCACAGTTTTATTACGGATAAGCGGGCGGGATGCTCGTCCCGCCCATGGTCAAAACGGTAACTTTTGTCGGCCCTGGATTTGGAGATCAATTTTCCGCTGGAGCTCCACATCTCACGCAAAACTGAACTCCATATCGAGCAAGGGCTACTCCTGCGTTTTGATGCTGGTAAGCACGTCGCCAATCTATTTGACGCTGCATCTGCCCATGGC,1026,49.71,Escherichia coli
SEQ_777428,CTGTTAGTGACGAACTTGCCATCATTTACTCAAACCTGACTGGATGATTTTAAATCCACTAGTTTCGGAAGGTTTTGGTACGTAAATCCGCAATTTAGGCCTGGGAGCGGCAACCTAACTCCAGCTCAGATGAGAGCGATACGCACGGCTCAAGAAAGACCTTCACTGTTGAGTCCCTTGCGCGAGGGTTGCGCACCTTTCGTTGCGCACGTGTTCCGACAAATCTGATCTGGTTGCAACCTGCCATACAAGCGATCTGAATGTCACTGGACATGGTTACTGCGCCAAAAGCATTTGTAGAACATGGAACCCCGTTGCCGGGATATTTGGGCTTAGGCTGTTAAGTACAGTAGGGCCGGGTTTATGGCAGCTTTACGATACACGCCGATCAAACACGTATGCGCCCGACGAACCGACAGTTTTGCGAACTTTTGACAGCCCTCTCGGCTCCACGTTCCATGACCAGTTAGAACCAGGTACGTGTGGAAGAAGTAGCATGACCCTCACGGAGAAGTAAGTGCTCACTCTGAGCGCGAGGACGCTGTGGCATCATTTTACCAGGCGTTCATTTAGGGAGCGACAGCCAGTGAATGAAGTCCGGAGATGTACGCAGATATCTGGAGATGGCACTACCGTAGTGCCTAGGGTATTGGGTTATTCTTGAGATAGTACATCAAGAACACGGGCATTTCATTATTCAATTCATGGGAGCTTGACGATGCTACTGCAGCCTTCAACCGTTATCATCGCTTCTGCTATCGCGAACACGGGTAGGGGGATTTGAGACAAGACTGAACAACCCTATGGCATTTGCTATTCTGATACCAGTGAGATAGTAGCATCACGTCCAACCCGGGGGATCTAAGTGGCATGATTGCTCTCGTCGCCCCGTTGACCACTAATGAGACTGTACAAACGGACCAAGGAAGGCCGTGCCTGAGGCGTGCATGTTACGCAACTTTGGACAGGGCCTGGCCCAACTACTTGTTCAGGTGCGGCCCAGGGGAAGGGTAAGCACGAAGCGTGTCTCTAATGGGAAAGCCTTGTTTGTAGTAATGTTTCGCATCCGGTCATACAGGGTGCTGCACACAACTAATTTTTCAGGTGCTTTCTGTAGGTGTACTGCCATCTAATGTTCGTGTCCTACAATATTGGTATCACTCTTTTGTTCCCTCCACCGTAAGTCTACTTGAGGAGCGGTTATTTGCGATGGATCTATCGCCTCAATGAACGAACTATACATCGCTTTTTTCTTAAATTACGTACGGTTCTTTTGCAGAAGCTACATGAACTGACATCAAGTTGAATTTCATGTACATCTGACGGCACATCACTGTATGACGGGATAACTTGCTGAAGTTTAGGTCCGCCGGCGCTAACTCAAGGCCTCCTACGGTCCGACACTGCGCAGTCACATCAATGTCTACCCTCATCTGGTGCTTATCATAAAACCTCCGATATTCACGTTGAACCAGGACGGAGCCGGGTCACTGCGCGTAGTATCGCTGCGCGATCAGGTATTAAGGGGGGCATGAGTATGGCAACCCAGGTCCGGAACTGATTAAATGGAACTGCTACACTCCAGAGGTTTCTAAGTTACTCTACTTCAGAGCCGGGGGTGTTTTATTGCGCCAAGTCGTTCGTTATAACCAATCCTCCTTTACTGGGTCGCGTTTAACGTTAACTGGTTATCACATATTAGTCACTCACGTATTATGGGTTTGGTCGTAGTACTATATAGGGAGT,1746,48.8,Saccharomyces cerevisiae
SEQ_817396,TACGCGTCCATCTCCTTTGCCCATTACGGGAAGCGCAATGATAGAACGCCGAGCGAAGATTCTGGAGGTCCGGATGATCCACCGTTGAGAGCTGTGTGCCAGGACCTCCGTTCCTCGCTCAGCGTAGCTCTGTCGCGCTATGGGCCAGTGGCTTGTGCGATCAACCATATCCACCCTGTACAAGCAGAGGCGTGTATTATCGACGAGAATGCGAGAGAACGGTGTCTTTAAACGTGACCGAAGATAGTGCCGAAAAGAAGCAATTGAGCGCACGCGCTTGTAGGGTCCTCTGAGAGCTGTCTGGTCATCGGTACTGTTGAAACCGGACTGAAATATCTAGCTGATGAGTCAGAACCAGATCCGTAGGTTAAATAACCTCACCTCGGGTTTAGTCCTTCTCAGTTGACGATTGTCCATGCACCGCACGATAGTTGCTTCAGCCTAACGGTAAGAAACCAAGGACGAATAGCCATCTCAGAGACTCTACGTCTAATAGGTGTGTATAAGGTCACTGTGAG,518,51.16,Arabidopsis thaliana
SEQ_326110,ACCTGTATAACCAATGCAGTTAAGATCGCTCGTCACACCCTCCTGCACTCTATTATCAGCTGGAGATAGTCGGTGCTTAGATTGCAGTCCCTGCAATGTGCAGATCATATTATCGCGACAGCTCTGGCTAAGGTAGTAAGTTCCTAGGATGGGAGTTTTCCTTGAGCAGAGAGGGATTGTGCGACATCTAAGGAAACGA,199,47.24,Mus musculus
SEQ_766582,TCCATGGTGAGCCCTCGAAACCTAGTCTTCTGGATTAGCGCACCTAAGTCGACCACCAGTAACAC,65,52.31,Caenorhabditis elegans
SEQ_265637,CGCTGTGTTTAAACTTTCTTTTCCTCAAACCCGCGAGTAAAATAAGGTCACGACAGTCTGAAGATCCCATTGCAGGCCATGATTCTTGCTGAGTAGCGTTAAATTCAGGTGATGGATGCGGAATTAGGTTGCCGGGCGAGTGGATTCACGCGATCATATAGTTCCGCCATCATCGACAGTACTTCGAAGACTCCAAGCTATGCAACTGCTGGATTGGGTCACGTGCCCCGGCCTGGCCCGTTGCTTACCCGGGATCCACCGCAGCATGTAACTGCAGGACATCTACCAAACCCACTGGGTCGAACTCGCGATCGTTTATGAAAGTTGCCTGCCTCTTAGCATGTGTGTATTTGGCGATCCTGCGTGGGTAGCTAAACCGACCTCCTACGTTGGAGTAGTATGCGTTGAGCTGACAAAGCGTGTAAGATGGAACTGCGAACATTTCGGAAATGCTAGAAAGTTTAAGATCCCTGTCGGCAACCGCTGTGATACTCCGACGGCGTTCCAGGCCAAATCTAACCATTCGGTAGGAGTACCAAGACTGGACCGTAAACTCTAGTAAACCGCTCTGTGGTCCGAGCGTAATTGTTGTAGGCCTCACCCTTATAGCAACCAGCTCACGATGAGATACGGGTCGCGACAGCATCGTGTACTGGTCGGGTGTCCCAAATATCCTCTCGTACCGGACTCCGTGTACAGCAAGAGCGAACGCACGTACCACACGATACATCATAGCCGAAACAAGTATACTAATGATAGGGCTACATGGAAGGCTTGCAGTTTGTTTTCTTCTTGGAATGTTGGGTCTGCAAACCTAACGACAGGTATTCATTTGAACGTCCGTAGCGATAAATTCTACACATTGGGGTCATGATGCGAGATAACATGGGCATTGGATAATGCAGAGTGTTTGCAGATTGCTATACCGATGGCGTTCCGGAATGACTCTGTAACTTATTTATCCTAACGACTCTCGATATTGGCACAGGCGAACATCATCTCGGGGAGAGTTAGTCACTCACTTCTTACCTACGCGAAACTAGGAAGAGGAAAGTTAACTCGGCTTGCGTATGCGATAGTCGAAGATCCGAGTGGCCGGCGACCAAGCAAGCGTGCAGCAGAACACGACTCGCCGGTGATGTCAAATGTGAGTCGCGTGGTCGTAGTTTGCGCGAGCAATCTGATGTTCAGGAAGCTAATGCCATCGTCGTCCCGGGCATAGCGGGCCGGGGTGGGGCTATCTCCCGCACTAAATGCGGATCTAAGCCACTGCGTATACCCCCTTACCTCGATCATTCAAATGTAGCCAAGGCACATGCTGTCAAGGGTAGGCTAATGCCAACGTGGACCTTTGGTTC,1358,50.52,Homo sapiens
SEQ_883387,AATCCAGGCAAATTGATATCCTGTATAAAAGGTGAGGAGGCGTTTCGACCCGTGCGATCCGAAGGCAGTTGTACACAGAATCATACAACACTGCCCTCTCGTGGCATCATGGGCGCTCAATGGGTCGTTGGGTCGGTCTGGATCCGATAGAAGACTTTATGCTCCTCTAGACCCTTCTCTCGGTAGCTATAAATCCTCAACTGCTCCTTGAATGGACTGCCATACTATTTAGCACGGCTCTTGCCCTCACCACACGACTATATTGTTAGGGTTCTGCAGTCGCCACGGGTCGAGGCGAGCGATGCCGATTATGATGCTCAGAATGTCTTGCTATAGGTCATCAACAAGCACAGTAGCGCAGAGCGAGGCACCTCTGAGGTGTGATCTAGCGCGCGCTGTCAACTGCACGCTGCTGATATTAATCAAACTCACTCGTGACGCGAGGCATATAAATTTTGGTAGACAATTATTATGACTCTTTGTAACCGGGACACCACTCGAGATGCGTATAACTAGAGAGCAGACGGGCAGTAATCGGTATTCCGCGTGGTCTAGGAATGGAGAGCTCTGGATTCTAGGCGACGTGATTGACTAGGTCTGTGAATTGCATCAATTCGAGGGGTATCATGACCTATGTCAAACCTACCTCGCGGGTGATAGGCGTAATCTGGGGCTCTCCAGACATCGCGGCCGCTGAGTGCCCGATTTGGGAGCGTGTACTGGACTCAGTCCGAT,735,50.88,Escherichia coli
SEQ_993626,CGCCGATCCGTAGTCGTGAGACATTGGGCGGGCAGTGCGAATTCTGGCTTACCAACTCGACTTCAACATGCTATCCTCCAACGGGCCGGCCAAGGACTGCGCTGCTGTCACTTTACATTCGTCGGTGTGAAACGAGGTTGCGCGCCCTCACTTTAGGCAGACTGTGATCCTTTGGCACGTATGTGTCGTGGCCAAGGAGGGCCGTTAGAGGAGTTGATATAGGGTCTCTACAATTCTACCTCTATGAATTTTTAGCTATGCCTGCTTTTCTATTAGACTAGGATGCAAATAATACGTATCTTCCGAGCCCCTATGCTGTATGACCGCATCACTGGCAGGAACACACTTCCAATAAATTGTCAGAGGTGACCTTATCTCATCACTCGCATGACTACAGGTTAGCCCATGTGTTTCAGGTGGGTTGTATCTTTTAAGTTGAGATTGGTGCCTCTAATGCTCATCAAACTTTACCGCTCAATCCCCGGGCGGCGACCACTACTGTGTCGCAATTGGACACTTTATTATAAGTGACACGACCCCCTTACTACAATCGCTACAATCAAAGGGGATCTGACGTCAATAAGTGCTTATGCATCTAGTAAGTGCGTTAGAGGTGCTTCGGAGCCTATGTACTCTGGAGACCACTCAGATCTATCGTACCTCGGTAGATGGAAAGCTAGGTGAAGCCCCGGTTGTAGTTTCTTCGGTTCTGGGCGATTTTATTTAGAATTAAGGACAACCCAAAATCCCGGGTCGTCACAGACTCACGCT,771,48.51,Drosophila melanogaster
SEQ_898688,CCTTCTCAATCCCTGTTTTAGGAAAGAGGCGGTCTTCAATCCAGCGACCGCCAACAACTCCCTGGGTTGGAGTAGGAAGTTAGGAGTCATTCGGTTGGTAAGCTTAAGGGAGTCCTTCTCCTCACGCTGTCAGTGCACACAGGACTCGGACTGTAACAGCGTGATCTACAGTGGCCCCGATGAGGCACTCTTTGGCTAATTAGAGGTCGAGGCCACGCGAAACAACTATGCGAGGTTGGAGGTATTGCAGCGCTGCACGACGATTTGCTAAGGCCCATGGGGGTAGAATCTTAAGATCCGCCCTCGCATACTGATGAGGGATTTTCCAGTGCTCTCTACAAATCTCCGTTAAACCTGGTCCCCAGTCTCAACAAACAGCCGATGCCAATTACCCTACACGTCGCGTACCCTTCGTGGTCATTGAACAGCCAGGCTCATGCCCCCAAGTGCCATAATGGAGAAGCTTTATAGTCGACTGCAGGGTATCGTCTAACGATTAACTGGTTTGGTTTCTGGAGTGAAGCGGGTTGCTATTTCCCCATCGCACTGCTTTAGCTAAGTGTTGATAGCATGTCAAGTACAATGTTGTGGACTGTTGATATACTTATATCTGCAACAAGGCCGTGCACCCACGAAGGTATTCATATTCGTGCAACACTGCTACCTCAAAGTGACAATATTAACAGCGCGCTACCGACGTAGTCCCTACCCTAGTATCGCACAAGCCCATAGTAGTTTGTTTAGTCTAGGACCCCGTGAGATCGAAGAACGCTCTTTAGTGTAGGGGTGGCAACAGCATTACCCACGCGGACCGGGTAAGTTCCAGACGGATCGTAGGCTCTTATGGC,848,50.47,Caenorhabditis elegans
SEQ_417891,GTGTGGGTCTTTGGAGTTAGTACTACCGTCGCATGTCAACATCACGTACGGTCGAGAAGTTCCTTGGGTTCAAATCTACTTGCCTGAACGTGTACACATAGTAAACACAGCCGGGAAATTCTGCTAGCTGTGCACGGGTTACGTCATAATATTCATCTATAGGCTGATCAGTCGACCCTGGGTAACTTCGGCAACGCGAGGTAAAGGACCAACCCACTTACTCACGGACTCAGATATAATACCTCCGCTAGACGAGTGATAAGGCAGTCTTGTGAGTGCTATATAGAATAGTGTGGTCAACTAGTTGAGAAGTGTACTAATAGACTTTAGGTTTGCGCTATAGCGAAAGTATACCACACGGAGTGGGCGGCCAATATTTCCCAAGGGCTATGCAGAGCCCTTTATTCCCTTGCGGTTCAAAGTTATTCGAGTCGGTGGGCCGTACATGTACTGGTACCTGATCGCGCTAATATAATGACCGACTGTTCAAGCTTATTGGACGGATTAATTAATAATCCCACGTGGTGCGCGTGTCACGGTATATTGTCTATCGTCGACCTCAGAAAAAAAGACTCATAATAGCGTCTATTGTTCGCGCAACCCTAATTGAAATCTGCATCTCGTAATATAAGTGGCTCTAATCCAGTAGCAGCATTCTCTAACACAAGTGAAGGTAGATAGTGATAAGACTGTTAACATGAGCCATGGTTATACCAATATTCGCGCTTAGCCGCGTAGGAGTACTAGTTTAACATGTGTACCAGCCACCCGAGAATGTACAACGTCGATAAACTGGTAGGGAGACTGAGGATGCTTGGCATCTCTCACCGGACTCGGCAGGAGCGCATAACTTTTTTCTGACATATTGAGAAAAAACTAGACCACCATGGACGACTGTTCTCCAATCTTCACCTACTCCCCCGCTGCGAGTCGGTTTGAACCCTGCAGCCAGTGAATCCTATTAGTTTGGACAGTTTAAGGTGTGCCTCGGCTGAGCTCGTGACCTCGTTGCACACTAGCAGTGTCTGTTGCCATGGACTATACGTTACTCTGGTGCTACGGCAATGAGGGGATCTGAGAGCCCCTTATTACGAAGTTTGTATCCTGTGATGTTGTAGCTGTTCAGAAACTTTTCTGTTAATGAGCGGGACGAGAACGGGGACAGGCATCCGCGTAGCTCGCGCCCGTCCGTCGAGCAGCGGAATCCAGTCTTGGACACAGTGCGCTGTTTATTACAGTTCCACAGTAGAGAAAAGACCCGGGTAGATACTAATATCCCTATGTGTACCAGCGAATGCACCAGGCTTTTGCTGTGTGCCTCGTCCGGTATACAGGCTACGGCGGTGAAGGTGGGCCCTTCCTAACGCGAGGCCGAATTCCATATGCTAAAGACGCCTCACCGGGAGTTAGCAAGGTGTCTGAAGATTGGCTAGACAGTCGAGAATGTCGGGACACAAATTCTGCTTGTGAGATGAATTAAGGTCTGTATAATCTCCCCCAGAAGAGCTTTTACAGTAAGGGGGAAAGCAGTCACAAGTTCATGGTTCCTTTCTGTATGTGTAATACTCCTCTCCCCTTCAGCACGAATCGGATAGCAGTACGTCGCGGAGTGCAAATTGTAAGTGTTCACCTGTTGCTTTGCGGTGGACACTAGTAGTCGGTTAGTGAGCAGTTGTCTGGGATGAAGTTCCGCTGACAACGCGTTCGCTGGTCCCTCATACCTTCTGTAAAGATGTACTAAGGCTTCCAGGAGATTTTCAGTATAGCGGATGTCTAGACTAGATTACATGTCGATTTAGTCCTAGAGGGGGTGTATAGATCCGCAATTCTATAGGGGATAGATTCCACCGAAAAAGGCCACGATTAGTTACGCTTGATAAACGCCATACCTTCGAACCGTACTAAA,1906,47.59,Mus musculus
SEQ_230806,CCACGCGTCGGCCGGGCGCAGCGGGACACGTTTTTGTTCGCGTGCTGGACCCGTGCAGGTAGTAGAAAACCAAAACTAGGGCATTAATGTGTCAGCGTGAATTCCAAATGGCCGAGACTCCGACCTGTGCACGCTGGGGGTTATTATGAGCCCGTACTGTTTTTGCCACAAATGTACTGCAGTGCTACATAGGTCGTACCGCCCACCGGCCATAACGAGTGCCTGCTCCGTTTCCGTACTACCGGGACCTGGTCGGCAAACCTAGGCACTTGGTGCAGGACCAACTCCGGGAAGCCCAGCTCG,303,57.76,Homo sapiens
SEQ_211309,GGCGTGGCGACCAGCTCACTAATACCATACGCGACATCTATTACGGTCATACAGCAGCGGACGCGGTGCAGTGTGAAATTAGCCTATGTAGTTGCAGTGCTGGGTTGGAATCAGGGAACCGTGGCAGATGGTAACGAGCTCCTACCTGGCCGGTCATGTGGCTTCGGCTTGTAACTACCCGGTGAGCGCCTGAGCGTAAAGGGAAGTCCGTCTTTTCTTGGTTGTGGCACTTATTCCCAGGCACCAAGGCATCGGTTCTTCTGAAGCTTACGCATGCGCGCTCGCGCCGATACGATCGTGTCTCAAGGCTCTTCTCGTCAACGTGCGGTCTACGTAAATCAAGCTACCGGGTTTCGCTTACGCTGCCGCTTCTCTTCGGTGCATTCAATTCCATAATTGCCGGATTCATGGCACAAAGAAGGTTCGGCAGGTAGTAGTTCTCTGACTTTCCCGGTAAGATGAGAATTTGTAGCATCAGATGGCCTCAAAGGTTATGGTCTACATTTGTCTTTCCCTATAAGAGCACTCACCCTCGAAGAAGACCCGTTGAACGCGTCTGCGTCTGTCACACTACGACTACACATTATCCGGGCCCATTGTTACTATTCCCAACGTCAATTCAACGTGCGTGGTGGAGACGTGCTGCTATGTAGTGGGGTGCAAGCGCTATACCTGGTGTTGTCGGCGAGGATTAGGCACAGGTCTTGCTCGGA,713,52.45,Mus musculus
SEQ_198131,ACTTATTGTTTCACCGGGGGCTTCCTGCTACTGGCTGTGCTTGATGCTGTACTGACCTGATCGTCTGGTTTAGGCCCAGCATTCACCTTCCTCCGAATACCAGTAGCCGAATGAGCACCGGGTTTGAAACTGGTTTAACTCCGGATGGCACTGACGTCCTGTGTCGAGACGCCGCGAATGTCCTGATGATGTGATAACCCATCCTTTAAGATGGCTTAATTATACTCAAGGTAATCAGTATCACCAATTCGATATGTGGATCTAATATATCCTTCGAGCACGGTTTTGGTCCCGCCTTCTGTAGTGACCCGAATCGGTTACCGTTTCTTTACGTGCAGGGAATAGTCGTGAATACGCGCGAGGATGGTACCACAGTTGTTGCTAGGTATAACACGCGGTGTCAGATTCCTGGGGATAGCATAATAGTCGCAGCAAAATCTTCACGTATAATCCAACGTAAGTTCTTCAGCAGATAATGATACAGAGTATCCAACTGCGTTTATGCCTAGACGTCCTCATCATCAATTAGTTAAGGACCGGGATTAAAATAAGTGCGTATAGGGTCTATACTGACAGAGCGACAGTGCCGGACGCGGTTACGATGTGTGGGTAACAAGCATGCGGCTACGTATATCCGGTACGCCAAAATTCGCCCTGGGTCGAGCTTGCTGGATTCTCTGTCCCACGAGCTCGGGGGGTGAACAACGAATAGTTATTCATATTTGGTTCCCTTAGACGACATCCATCGATTCTATGAGAATATCCCAGGCGGAGATTGACGGTGCCAGACGGCCTGGTCACACAAGGATGAACCCGTAATTTCCAGGGGGGTGTCCTTTCGAACCGACGATCCCCTTGCCCCGAAGATAGAATCTCGATCCGACTCTCAGCATTGGACGTAACGCCATGTGCGATGGCGACTGGACCGGCTCTTCGCGTGAGCTGGCTACGTCTCCCAAGGCAATCTGCGGGGAACCGACCGCTTGCTGGAAGGAAGAACCCCGACTACAAACCCTTGGCGATAAGTTGTACGGATCCTGGGAAGTGACGGTCTTGTACAAGGGAGGTCGCAACACTATCCCAAAGGATAAACAAGCATGATGTGAGGGGCAAAAACCCCGCGGTGTGCGT,1131,50.57,Caenorhabditis elegans
SEQ_136618,ATGTTACTCCCTACGTGAGTTTGGTCGTATTGCTTGAGCTCTCACGGTAAAATTGATGATGCGAAGCCCCATTCTGCAGTGCTCCCAGGCACACCTGGTCTGAGCCACGCTGGAGTATATCCACATACAGGTAGGCATCCGGTGCTCAGATCTATGGACGAATTCGTAGTATATAGAACAGCAACATTAAATATGACCTGGCGGTATTTGTCCTCCTTACCTACCTGTGCCGACGGAAAGCACATGCAACTACGACCCTATTTTTGATGGCTACAGAAATGCACGCCCATCCATGCGGGAAAGTTCTCCCGTATACTCCTGGCATCGAGCGTAAAATACCTTCGTTGTGAACGAGATGATCGCGAATTGTCATTGCCACCCCCAGCTGAGAGCTGTTCGGGCTGCCATCCGGTACTAACCCCAGGAATAACTACATTACACTCAGGGTACGTTCTTATCCACCAGTTGAACGACCTCTGGCCCGCGCTGTGAGTCATGACGTTGCATTGACTCAAAGACAGATATACCTAGGCTAGACCCACTGGCCGAAGTACATTGCTACAGCTCTGTTGAAGCAACCTAGTAAGGAATGACAGGGCGCGGCAATAAGTAGACTGTAGTGATACAGGGTAGGTTGGTAAAGTGTATCATTGTAGCATTAGGCCTGCGCCAGCAGTGATTGGCCGGTGGCGGTAGTCATGCCCAGCAAGCTGTAACTTTCGACATACTGCCCTGGCGGACACCCCTAAGCTCTGGTGTACCACCGGACACATGGTGGCGTCCCGCGATTACCCTGCACGGAAAGCAGTGTTTACGCACGAGCAAACCATCCCGAATCGATACAAAGAGTGTACTGCCACCGCAAGTCACAATTTAAAAAATCGAAGTGATGTTCTCTTCTCCTTGACGTGAACGGGGACGAGGCTCGACCCCAGTCCCGTACGAGAGTCGAGGGAGAGTACGGAAAATTGGGCAATTGCGGATGCGCTTGCCTGAGTTTTCCTAAGTGAGCCTGGTAACTCTAGAACGACTATTGTGGATATGCCCTTCAGTGGAAAAGTGGCTAATCAGTCACGATCGTCTCTCATCATGTAGCGTGATGTCCCTTGTACCAAACATGGTTCTTTCACAGGCTATGAAACTCATCATTCGTCCCCCCCGCTTTTATTGAAGCGCGGTAACAGTAGGTAATGGAGGCTCAGCGTTCCGTGCTGCTAGTTCAGAGTCCTTAATGGCCATGGGGGGACGTATTCAACGGTCACTTAGAGGAGGCCCTTGACTGACAAGTAATCGAGAGCAAAATACATGAACTCCCGCTATCCAGCTTCAGTACGAGCTATGTTCCGACAATGGAGCTGTCAACACTGCAACTCGGACAGGAGAGGTGTGGTCATCACAGCTAGTTCGTGACTGCACTAGC,1420,50.56,Saccharomyces cerevisiae
SEQ_756226,GGCGCAAGCTCTGCCGAGGGCTAGGTAATTATCGCTGGACACAGGGTAATTGACTCCTCGCGCCCGGATTAGGTTGTAGTCTGATTGGACAATTCACAATGCCCTGCCGTCCCGGACGTTGCTAGGTAGACTTATATGGAGGTGCGACTGAACCACGCAGCCGGTCCTGCACAAAAGGTGTCCATAGTGCTGCATAGCGTGTTGGCGGTTCAAAAGGTGTCCTCCAATGGTGGTAACCGCTTCTAATACGCTCATACGCTAACGGTGAATTCGTCCATAAAGCCCAGGGGCTGACGACTAGACATCGCATCGTTAAATGCCCAGCCGCAGTAGGTAATGTAGGGAGGGTCCAGCTGCGAATGACGGATTCGCTATACCGCCAGGTAACAGAATCGATCGCATTGTATAAGACTCAGCCGGTAGGGTCTCGTTTAACTGGGGCTGGCCTAAAGGTAGGCGCTAGCAAGACCGTGGGCAGTCATGTTTGCACATTTTAATTGTGAGTTATTCTACTAAGTGCGGTGGAGGGAGCCATTGCAAAACGTACGAGGGCGGCCCTGGCATTGCATATGGTAACCAAATCCTAGAGCGACAAAGGTTGCCCTGTATAATTGACGTTGTAGGCCGACGATCAAGACTGGGCTGGAGTCCTCGTCGGTTGGTCGGATGCCGTCCGACAACACGTTCGTCAGCAACTATAACCCTGCGATAAGCGTATACCTCCAGCCTGAAGATGGGAGACTTACCCAGTGTACACTCCTTGTCCTGTTGGAGTTGAAAGTTTTGCCGCCTGGATTCTCAGCCGCAGTGCATTTTCACCCCACCCGATGCTGGACGCTGGAATTTGAGATGAACACCCGGAGTTACGGAGGGCATCTTGTGCCGTCACGCATCCACGTGTAGCATCGCGGTCCGTCTCTCCTGCCTGGTTGGGTCTAACTAATCCGCTACGGGAGCCCACCTTGTTTCGTCACGTTCCTACGGAGTCT,989,53.49,Homo sapiens
SEQ_455958,TAACACCTCTTAGAAAACTGCCAGCGTTTCTAAGTCTCGGTGATCCATTTTACGTGGGTTATCAGGGGACCACGCTAAACCGCTCGGTGGTCAGTATCCGTGGGGCCTACCTTATATAGATTCTCCCCCGACGGCGTCCGCGCAGGATCCATTTGGTTCAAAACCTCGCACACGCACTTTGCCTACGTCTTGCGCGGACTACATGCATGCTTCGGTCGATGGGGCAGGAACGGTTCAATAAACCGGCTCTGAAGATTTTTTCAAAGTCAGGTTCTATGCCTCAGGGAAACACTTTGGGTTAGCCGTGCGTCGCGAAAGAACTATGTTACCCCGTGTCCACACGCGGCCCTCCGGTGCGGGCGGTGAAATACGGCCTAATCAGCATCTTTACAGGCACCTGGGCCCTTTCCCAGGTGACCGACCTTTTGAAGCACACGACCAGGGGCACTGCTCGATGCGGGCTCTGTCGATGCTGCTTTTACCCAAGAGCAATCATGCTCTGATGGCGCGGGGCTAGGGGCCATGCACAGTTACGGTAATGAGCTCGAACGCCTAATGCTGCTTCACCTGTCACAATAAACGACCATGTGGTCATAATCACATACCAAGCAGCCCGCCTCGCAAGTGGAAAGGTTCGCTCCGTAGAGGTATCGATGTATAATACTTGGGTCATACATCTGTATACTGGTGCTTGTAAGTTATTCTGGAACTGCAGAGTGGCCTGTGCCCTGTTTATCACACGTACGAACATTAAAACTACAATCAATACCCAGCCTATTCCAGGGAGCTGGAACCAATATAATAGACGAGTCCAGACTTGTTACAGCGCTCATCCGTCGTATAGAATGATGCGGATAGGGACCTGCTCCTGTCCACAGAGGATGGAAAAGATCTGTACAGGTGGCCTGGCCTGCTTTCTCATTTGTGTCGGTACTGTTGCACTCTTACCAACCCGAAACGAGGAGGAAAGGTAGGCTGCTCAGTATATTACTTGCAGAAGCACGTTTTGATACTGCTTGGCAAGGACAGACCTTCCCGATGACACCAAACTTTCTCATTTGATATCAAAGAGATTGGATGTTGTCAGGGAGGTC,1094,50.91,Mus musculus
SEQ_888938,ATGATAGCACCTATCTCATTGCGTGGTGCTCATTGTCTCAACTAGACTTAGAGCGCTGATTGAGTTATGGCATCGGAATTAACTAGCATACCCGTGGCCTGAAAAGCGCAAGGCAAATAATCTGTTAACTGGGTATATCCGTCCTATATGTAATTTGAATTT,162,41.36,Saccharomyces cerevisiae
SEQ_401995,GGCCTCGGGTAGCATCCTATCATTTGTGGAGACCGCTTAGTGAGCCTCCCGATAGAATCGAAAGCTAGATTCGGAATGATGGCTGGAAAACCCTGACCTATTGAGCCAGTGGACGACCAACCTAGCCCAAGTTCGTTTAAAATTGCCTCCGTCTGGCGGTCCACCTCATAGATTCCCCCAGACTGCGGCCCAAAGGTTCCCTTCCGCTAAAACATAAGCTCCGGGCTCTCGTAGTGACGGGAGGCCAACGTATTTCAAGGCATGTGTAGTGTGTCAACCCCGTTTGGTGACATTGCGGCTCAAGTAGAACGGCTCGCGCATTTCCTATTTCTAAGCCATATTTGGGGAGAAACCCGTGACTCCAAATGATTGCTGTCGGCCGGATTCAAGCTATCTGATCTTGTATTTATTTCGTACCAACTAAACGTCATCTCCCTGGTCTCTGCTTTACTTTCCCTCTCTGTGCCTGACTAGGACATAGGCACAGCAGCAAACTTGAGGGGTCCGAAGTGTTAGTGGCAAGATTTTTCCCCTCGAGCTGTCGCCATCGTAGGGTGATAGGTTATGCTTGCAGTTTATTGCTAACTGTGGTCAACTAAAACTGTTGCTCGGGCAATGAGGGCCTACAACTAATGACGCCCTCGAGGGACCTTACAAACGCTAACACCTGTTGTACGCAGATTCGGCAAGGTAATATAGCACAGAAATAAGGAGATTCCCCTGAGTCTGTAATGGACACTTGCGACCAAGAGTGTCGGCGCTTAGGGAATACACGGTCCCCAGGTGGCATCGACCAGACGACAATATATCAGTAGCGAGAGTCCCCAATCGTAAGGGGGGGAGCGGACTGGCCTATTCCGCTAACTGCAGCACGCTCTAAAATGCTTTGGATTGGTACCCGGGGCTCCCTTAAGGAAGTTACTAAGGCGAGTATGAGCGTCACGAATGACAAGTCGAATACTTCCGTGGAGTTCCGGTCATCCTCGATTGGCCTAACCGTGTAGTTGGATAGCTCTCCTGGGCGCACTGTGCAGCTTATTTGGCGGAACGAAGTCAATCGAGATGTGCACTGATAAGTTAATAAATGCAGGAGCGAGAACTCGCTTATTGAAGATCGTTATACAGGATTCTCGAGGAACAGCCATTTGCGGAACTCGAGGGGTGTGAGACCACGAACGGTTGGGGATGAGTGTGAGGATCGATGGCATTGAAGAAACCACAGTCCGACTTGTAAGGAAAGTTGCGAACATCGGGCCCAAGCCTCCCCCGGCCTTCCTATGTAGCCGGGGAATCCCGACCGTGGTTGGACTTGGCTCGACCACAGGTTATTCTGTAATAGCGAAATAACGAACCCATTACCCGACGTACCGCCCAGATCACGCGTCGGGTCGGAAGTGTTTATCGCCCGAGCCTGCTAAAGCTTAGTGGATCCACCCACACACGACGCATACAAACCAAGGGGAGCGCCTAAACCAGATGTGTGCAACCTAATTCAAAAGATAAATAGGGGGGCGTTAGCAGAGTTTAATTAACAGTTCTCATGTAGCAGCGTATCTTTGCGAGTGATATACACGATCGTACAAAGATTGGCTTCCGGCCGCAATACCAATAGAAAGATGAGTGCCAATGAAGAGTGTGCTGAAGCTGCGGTTAACAGGAGTTTACCGCTTCAGACGTCGGACACTAGATTGCACCTTTCGCGGTCCAGTAAAGAATCCCATTCGCTGCTATAATTAACAGTATGCTACACCATACAAAAACGACAATTCGTTCACAGCCGAACCGTATGAGGGACGCGAATGAGTGCTAGGGCCTGTATAGACGACCGGAG,1831,50.46,Mus musculus
SEQ_523471,AAAGCTTCGTAATGCGGAGAAACACTCCTGAAATCTGCGGGATATTCCGTTGATCAATGGTGGCATGGGCGCTAGGCATTATGTGGCGAATAGGGTACTAATCATTGTCCAGCAACAAAGTTATCTGCATTCCGAATCTTAAAACTGACAAATTAGCTTCCGGTTATCGCCTTGTCAAGTAACCCCGGTTCGAGGATTTGTACTGATTACAAGGGAATAAACCTTGGAATTATTATCACAAGTATAATCATCCGAGTAGCTGGAGACTCCACGTCGCCGTCCTAATTGTCATTGTAGTTACTTGTGGGCAAGCAAGTACTTCGTTCCGGGATCAGAATTGGGTCCACCCCGAACTAGACGCTGTTCTCCGTACGCAGCGGGAGTTCCCGAGAACAGCGATAGGTCGAGCATGTCGTGCGCCGCTCAGGCCGCTACCGCTCAACTGACCTCATTAATGCGGATGAGGCGGCCCACGTCC,478,49.37,Homo sapiens
SEQ_168181,GGCACCAGCTTGGTGGATGATAGCCTTTATTGAAGCGCGTACTTGTGCCTCTTGTGCCCATGTAACATATAACGTCTAGCGTGCCACCAACACATAAAATGAGCTTTAACTATGTATGATTTAAACCAGCACCGGACTGGTCTATCTGGCGGGATCTTCGCGCCCCGTTCAGCGAGAACAAATTAACAGCTTTCCTCCTACATAGGGTCGCGTTGGTACCGCTCATGACTTGAGTGAATCAACCGGCTAAGTTTAATATATGAAACTTCAATTGGAGGCTCCCAGCCCTGAGTTACGCCGCAACACCGACGGTATGATCAGCGGTAGGAGCTCACCTTAACATCAGACGTCTAACGATGCATCGGACCCGCGCCCTGCTGGATTTACTCTGTAAAAATGTCGGGTTTTGGTTGTGCCAACGGTGTGTGCTCTTCTCATGGGGATAGGCGGTCTGAATTGAGCAAGAATGCAAAGCCATCGTGCCAATGTATCCTCATGGACTAAACTCAGGCATGCTCCCTTTGAACCCCGGTGTCTAGACAGGGGAGTAGTCCGAACTTCGCGCTTAGGCAACCCTGACGTCATTTCTCGGTCCCGCAGTAGTTAACCTGTTCACAGTTACCCTCAAAGCGAGTCCTTACTAAAATATTCTCAAACTTACCTCGATTGGACAGCTTTGGCAGTTCTGGAGGGAGACGCGCCATTAGGGCCAACACGACAGATGCTTCCCAATATGCGAGCTTAAGTATCATCGCCCACGATTCTGCTCATCTGGGCCTGCCTTCAAGGCTACAATGCCTATCAAACTAAGGCTGTCTCGTTGTAATGTCGTGAGCACGGGAAACATATGTTGCGGGTACTAATGACACGATTCGAAGTGGACATACACTCTCGGTTCTGTCAATCTATGAGGGCTTTGTGGCAGCAACCCCTCCCTGCAGACAGTGACGCATCTCTCACCTCACGCACACGTCCCGGTCAAAGCAATCTATTTCAAAAGCGACTGTCGAGCCTTCTGCCGCGTACTCCGAGTTTTTAAACTACGGTATAGTGGAGAATACCTCTCCTAACGAGACTATGGAAGTAGCCAGTGGGTGGAGATCTTATGGAGCTCACTCGGGGAGCCAACTGAAGTTGTGAGTGCGACGTTTCGTCTAGTGAAAGGAAGGTGGCGACCACGGCTGCGGCCGACCCCCCATTTCTTATGTCTCCATCTAATTGGAGCCTCCATGACCCGAGTGTCCTACTTCGTGTTCGTCACTACACTATTCGACTGATCCCACCACAGCTGTAGTGAGAGAACCTCGCGTGTTTCCGACGCTAGATCGTGGTGACAGTTTCGTCTGAGGCAAAAATTTACGCTCTTCGGATGGCGAGTAGTTAACTGATAAAGCGGTTCGCCCTCTCCTGTTCAGCGTTCAAACACCTTTCCGTCGCGGTTGCATCTCCCAATATTTTTGAGGCCTTTTATCGTCAGCTTACTCGATGGAGGACTTTTTCATAGCCACCATAAGTGGGACCCTTCACACTGCACACATAATTGAGTCACCATGAATAATGGAAGACTAATGGCTAGGAGTTTACCAACTCCGGGCAGGGCTGCGCAACTTTCTCGCAAAGTACCGGGCTGTGAGGATAAACGTGATTATGCTGCCCTTTGCTTGCTCCGCGAGGGGGGGTACCCATCAGGTTGATCACAAGACTTAGCAAGGATCCAAACTAATTTTATTGGCTAA,1736,49.94,Mus musculus
SEQ_678808,ACATGGTAAAGGACGTTTAGGGGTTCCAGAACGCGTCGCGTACGGAAGAGTGAGGCAACCCGACGCACCGTCAGACAATACCGTACGATAAAGTCCGTGACGAACCTGATTGGACGCTCTCTATGGTTGGGCCTCCCCGAGAACAGCATACCCCTACGTGATATAGGTCTTCTACGTTTCGAAGTCTGGGTACGTCAATATAGGTAAATAATTCGAAGGGTTTCTAAATGCACGGTGAGCTATCATCCATCCATTTCGTTTGTCGCAGGAACAAGGGGAACTTAAGTCTGTTCAACAGATGAGAACAGTCCACTTAATAAGTTGACATCTCCACTTAAAATAACGCGCCGCGTTTCCCGTTGTTGGACAAACTGCTTTGCGACGTACCTGCTGGCCGCATTTGACCCCATTTCACTGTTCACGCCGTATCATTATAGGTTCACATGGGTTCTTCCTCTTAAAGCGATAAAGGAGGGTAAGACCGACGAGCGCTCCATCCTCCTTAACACATGCAGCCTAGACAGGACTGTGTTCATCACCCTCGTACATCGATCCCGAACGACGCATTATCACCACTTCCGGATTTCCTACCTGTAACAACTTGTCATGCAACGGTCCCTTGAGTGTATAAAGTACAGAGGGCTCCTGCCCAACAGTAGCGTACTGAGCTTGGTTTAGCCACAGGACATCTACCCGCTTGAGCCGTAGTATCCATCTCATGCCAACAGGCTCTACTTTGTAGTGTTTCGCACATAACCCTTGGCGCATCCGTGACAGAGGTCAGCTAGGACACTATCTGTACCAACGGTCGCGTCTTTTGTATATAACACTCTAGGCATCATCAAAGGCGCGCCGTAATGTTCAGGAGGATTACATCAGACAAAGAGCTGTAAAGTTGGAGCATAACTGACAATCCGAGAAGGTTAAAATTACGGTGGAGGCTTTCATCTCACGGCACATGGATAAAACGGTTCGCTTATACTGCCTAGTGAGGAAGCATCAGCCTCCACTAACGGAATACGCGAGTAAGCACTCAGCCAACCCTGAATGCGCTTGATTATCTTGCGGTGTTGACTATCGCCGTACCGGCAGCGAATTAGAGGAAATGTTGCTACAGGTGCTAAAACACGAGTGTATTCCAACAATCCGCATGTGTGTTGACGGAAAGCCGCACTAGCAGGCCAAGTAGAGCTCCGTACTTCGCCCCCCTTCGATCTCC,1219,49.14,Saccharomyces cerevisiae
SEQ_712850,TTGAAGTCAGGTAACAGCTTCAGAGCCGTAATATGAAAACCATTGTGTCTGACCGTTCCGACGGACTGAAAACAACCGATTGATCGGCCTACCAGAGTATAGGTCGGCCTGACGTCTCTGATCTTCAAGTGAACAAATCCATCCACTCGGACCAGGGTTCCGAAAATAGCGTGCTGCAGTAACCCCTC,188,49.47,Mus musculus
SEQ_642568,CTGACCGCAGTTCCGGGGGAAAAAGGGTTACTTTCGTTTGTGATGTACACTAGTCGATCAGCGATGAAGTGGTGGCACTCTCCCATGCAGCGTAGTTTGCAGCATATTCGAACAGGCAAAGAATAGGCGCACGCATACTACTGTAATGCGCAAGGGATGAAACTAGGCTCCAGCTGAACCTCTTGGCAGTGGTGTTCGAGCCGAATCTACTAAGGCAACTACTGGTTGAATCCATGTGCTATTTACGCCAGGGCGTTTCACCGTCATTGGGTCGTGTGGTCCGCGCACCCCACGACCTCGGCCATGGTATGAGAGGAAGAACGTGACCCCATCTGTACAATTAGCATTGCAGAATCGTTAAACGAGGGTACCCAAGAAAAGTGAGGTGCGGTGACATTGGTCCGCGGAAGAAGTCTCGGTTATGCATATCCGTCGGGGTTCCGCACACCGATCTAGTGAAGATGTTGATTAGGGGGCACACTCTAAACTGGATTCAACTAATCGAATCTTTAGCTGGATTTGAACTCTTCCGCATGGCATTGAAATCTCACCATCAAGGGAGAAGTATCATACAAATTGTACTTGGGTAAAGAATTCCAGTCGCATCTTTTACGGTGACGAAGGTTTTATATCTCCTTCTACGGGTCTCTCGCATACATAATTGGTTAGGACCAGGGTCATTGTTGTACCGCCCCGCGCAGCTTAAGTCAGCTCGATCACTCCCTCAAAAATGATTCTAGTCTCTCAAGGACAAAGTATGTAGGTCAGATGAGCGTCTTTTGGAGTGAGGACAAGCCTCTTATCTAGTTGCGGTTCTCGCAGTGGCGTGGCGCGCGAGCAACACACAGCCTGTGTACAATAGCGGGGTGTATACGAATCGATAACTATAAAAAAGAAATAATTTACCTGTGTAGTCTCGGGTACCGGGCGCGATGTATTTCCCTTTCTCCAACCCCCTAAATGGGGCTGAGCAAGCCATCTGGAAAGCCTGGGTCATCGCAGGTGCGCCGCCGATTCTCCTAAGGCCCACATGATCATGGGACTCGTTAGTCGGTGGTCATGTGTAAATCCATGTGAAAGCACCACAGACCTTCCGTTGAATTGGCAGGGAAGGCGACTTATGTGCTCACTGAATCGGGATTCGCCCGAAAGTTGGCGGTACGCAAGCGTGTTTGGATTAATACGGGGGGAAACCACTTTTTCATGGTTCGTTGCGAGGTGTGTCGCGTCATGTGATCACACTCTAGAAAAGAGTAATTGGTAGGTGCTAGTAGGAAACAGCCTATACTTGTAGGATGGCCCTCTATGGGTCGGGAGGCCCGTTATAATCGGGGCAGTATCCAAGATGTTCTCGGTCCCTCCCTGCGATCAATGGGTTCCTTACCTACGAACGCGA,1396,49.86,Arabidopsis thaliana
SEQ_500332,CATTAAGCTGTGGACTTAGCTGCTCGGGTTCCTGTTGACAATTGCGAAATTTATAAACCTCAAAGTCGAACCTCGCGTCCTGATTGCGGAAACCTATTGCTCTCGCAGGAGTGGCACATAAAACCCAGTGTTCGCAACTGTCGGGATCAGGTGGGGGTACAAACTCAATCGATGAATGGAATTTCACTATTCACGTAGTATTGGCTTACACGTTACCACTCGCTGAGGTACATCGCTCGCGTCGGTCAAGCTATTTTGCGGTATAGATAGCCTCTGAAGCACGCGTTCTATGCCTTGCAGATGTCTGACTACTTCTCAGGTAGCTTGCCCAATAGTGGCAACCTCTATGTATCCAACCGCGGCGGACAAACATGGGGCTAATGCCCAGGGGTTCGTGGTTGAATAACAGCGTACTAGAGGTTGGAACACTACTAGGTCCAGCGTTGTACCCCGCGCCTATCAATCGGTTAAAAGTTAATGCAGCCCCAAAAAGCATTGCGAGGATGCGACCCTTGGTACATCGTCGTCTATGGCGCCTTCTGTGTAGAGTGGGTTGTTCTACTTAATTGGGTTAATCGAGTCATATCCTTGCGTCGTAATACCTTGGATTGTGAGCCTTTTGATGGTGGCAGTCGTTAATGTAGGCTGAAATAGGCTGTTACGGGGTGATACCCGACAGTGTGACCTGTGCACCCAAGATGCCCTCTCCTTGGACTGGTCGTAAAAATTTAAGACGAAGCGAAGAGTAGTACCATACTGAGAGGTTAAGACAGAGACTTAGGGCCTTTTGCACATCGGGAGTTTATAGCTTAATTAGTCCTAGCAACGTTAGGCACCACGTGCAGTAAAAGGATCCCCGTAGGTGTTGACGCAACCCAGGAACTAGCAGGACACGCCAAATCTAACGGCAAGCTCCTCTGGAACCATAAGTTACGAATTGTAACATGTTCTAACACGTAGTAGCGCGTCTACG,973,48.51,Saccharomyces cerevisiae
SEQ_420660,TAGAAGACAACGTGTGTGTTAGAGGCAGGAACCGACTGTCCTGTTGACGGGGGAATAATATCACCAGTACGCCAAATACTTAGTCAGAGTACTGGACGGCGGCGCTTTCCTCAAGATAGTGAGACGTGTTCCTTTGCCGCGGGGGTTCTGTGTGCCGGTTTGGATACTTTTTCAAGTTCTCTCGTTCCCAGACTAGCCAAGAAAGTCGCAGGACCAAGTAGAAGTGCACTCCCAGGCTATCTAAATACCTACACAATTTGGTATTATAGACGTATCGAGGGATGAGTTACGCTAAAGAAGCCACGCGAGGTTCGCAAGATGGAGTCCAGGGGGCTGGACGAAGCGGACAGTGTCCTACCAATTCTCAGCTGACGAGCGGGGGATCGGGCCTGTTAATATGCGAGACGCTCTTCGGATATACTTCCGGATGATCCGAAGGTCGACTATCAGCTAAAACAGCCTTAGGGGAAGCCGAGGGAGAAACCCAGTGCCCAGTGTTTTTACTGATTAAAAATCACATAACATCCGTGGAATAAACAGTCCGAAGCCTAGAACAACTCGCGAATTTCTCGTAAAAGCGACCGATGCTGCGTTAATCGAAACGACGTTAACACTATGATGACGAGCTTCATGCAATGCCGTGCCATCTGACATGAGTTGCGCCTAGTGATCCAACCCGCAAGTATCGCGCTGAACCACCCCTTTCGTGGGGTTGTCCTCAGTAGCGAAAACACAATGCTCCGATTTCCTATCCTAGATCCCCGAGTTACGACTCTGCAGCGCATCACAGCGTCAATCTCTACGCGTATGGGAATCACCAGTGGAAACAGCAATCAAGTAGTGGAGCGCTTCGGTCCGTGAAGTCCACCTTGAAATGGCACTGAAGTCTAGACTGGGTCACGTTCACGCCACTTGTGCGGTGCTGGCCCAGGCTCTGTATGGTTCCGCTAATTGCGGCAGTCAATTGACGACGTGAATCAATAAGCGCGTCAGCACAGCATCCTCCCCTGACTCACGTATATAGCCCCAAAGTCCCCCAATTTGTTATGCAAAGTGAAGTATGGGCAAAAATGAGGAGTCGGACATGAAGAGGCAGTGTTCGCGCGGGAGCGGAATACTTTCCCCGTACTATGGAAATGACAGGGGGCCCTTTCTTTCTAAGACCTTTTATAAAACTTGTGTAAGAGAGATCCTCACTAAGAGCAGGAATGTCGCGTTCATCGCCTATTTTGATTGGAAAAGGCAGCGGCGTTGGGATTGTATTACCAAGCTTTCGCGGTTAGGCTAGCTGCCATGCAGATCGATGGCGTCAAACACACAAGGTTATGAAAACTAGGAATCTTAGACACCCACTTCCCAAGGTGCAACTCTTATCAGCCGATAGGTTTTGAAAGGTTTTGTGGGGGACTCAATACCGCTTCTCCAGCACTAACTTGATCTCCGCAACAGCTAAATCTTGAGTTTTTATACGGCACAAATCGAGGATAGCTGAGACTCGATACACATCGCGAGTGCTGTCCAACCAAGTTTCACATAGTAGGCGGCCGTGATCCGGCCTCTATCCTGCACGGCACCAATCATCTATCAATGCCCGCGCTTGGCATGCGGTCGATGTGGAGATTGGCTCACTGAATATGGGCCTAGTCTCTGCTCCCGGGCACCTAGCCCCTACTCGTATTTACAATTG,1687,50.09,Saccharomyces cerevisiae
SEQ_189611,AACCAGTTGCTTTACATTGGTCATTCTATCTCCAAACAAGTGAGCACTTTCGCGCCAACCTACACTAATGTTCTAGAGGCCAAACCTATCCAAGGCATGGACAGCATACTCCGGAGTCCACGATCACCATGAGAGTTTATAACTGGATCGTACTTAGGACCTCATTCTTCAAATAGCAATCGCCGCGGCGGAAATGAACTTCGACCAAGTGGCTCTTTTTTAGTCAGTTTGCATGCTATCCAAGTAACGGTTTGGCAGTTACCCCATCGATGTCTGAGAAAGGATTTGTAGTTAAGGTAGACTGTGGGGATCATCTTCGACCAATGAGTCAAGAGCACTCTAGTTTTTTGCCTTTGGTCTCACGGGCGGCAGGGCCTTTGGCTTGACTTCCTGTAACATACCCACAATTCACTTGGAACCTGTAGCATCAGTTCACCGTACAGACCAGTCAAGAGATTTCAACTCGTCCAAGATAGAGAGCTCGCTAAACGCTTCGTGCGAGCCAAGGCATCGGGGATACCGTGCTAAGTGACCACCTTCTATAATCCACCCATTCGCCTGTATGAATGTACGCTAGGTGTTATTGTAATATCCTCTCAAGCCAGGGTGGGCTGGCGCAAAGGCATGGTTGCTTTTAGCAAGCTCTGTATTACTCTTCACCATTCTTCTATCGAAGCGAACCAAGTACGGTCAAACGGGTCCATAGTCCCACGCCAGTATGCACACCATCTTACGTGGTGACCATTGTTCAGAAACCTCCAAATAGCCGAACCTTTCTACTAGTAGTCGGTACTACGGCTATAACGCTGAACATGAGCGTCCCAAACGGTAGATCCCGAAGTGATCCAGGCGAATGCGAAAACCGGTTACATCTAACTCCCTCCACAGTGGCCTGGATTGCCAGAGAAAAACTTCTGTTCGCTGGGGCCCAGGGTGGCAAATCTACACGACAAGGACGAGATGCTCGTTCCTGAGGCTGGACTGGGTCGCTACCTACTATAAGAGTTACTATATGCTGGCCGTGACTCGTTTACTCAAACATATCACACACGTATTAGTGTCACGGTTGCGCCAACGGTGATTGATGATCTACCGGTTATAGACCCTCTGGGCGGACAGGCGATCTAGCTCGAATTAGCCAACCGTCGAACCAGATAGTCGGTCAATTACTTAGAGGCGCCTCTCTATTACGGTAGCCATGCCCGCAGATCCTACAAAAAGCTGTATGCAAGGGATTCCTGATGACCCTGTAGCTACAAAGCAAGCCCAGTTCCCCACAGGCGTTACATTATGAGGATATCACGGGCGCGACAGGGAAACACATGTATACAGGCATTACTTTTGATTAGCCTGCACCCGCCTACGGTTGCTACTTTTGCAGGTTTCGGGTCTTCTACAGCTAACTTCCTCGCGCAACGTCGGGAGTCTGTCGGCGGTTGCCACGTGCTGTCCAGAAGAAAACCAGCTCTGTTGACGATTAAAGGGGCGACGATTGTTTGTGGCGTCATGAGAGGGTTCTCGCAAGCGGTCTGTGATGATTTAGTCCCGACCATATCATGTTTAGGCTGGATAGAACACTTACTGGGGGCTGTACTGGCCTCGCCAAATAGAGTGATGATACGGGGGGATTCATCATACACCCGTGACTGTAAGCATTTTCTCACACGTCTTAGGCGGTTATTTGGGCCTCGGGGGGTGATCTACCGTTGGGTTACAACGTCGGCAAGAATGGACAACTCCTATTTCTA,1748,49.43,Caenorhabditis elegans
SEQ_930282,GGTGCGTGAAAATTGGGGGAAGTGCAGTGGGTCGTTTACATGTGTTTAGCTTATGCTCATTGCCGCAGGCTCAGGCAGACGTTCTGTCCGGCAGCGCGTTACGGGCTCTATTCAATCCAGAACGCCCTCACCTGCGAAGCGTCTCCTTGCACGAACACCTTGCGTGAACACTTTCGTCCAGCTGCAGTGCAGGGGCGGGGCGACCCAGGCACGGTGTGGTCATCTACGCTTTACAATAGAGCGAGCTCCGTTCCTTGGGGTGGGATTCGGACACGTGGTTGTAGCGCTACCGAGCTGACGTTCCCGGCCCCGATTTGTGCATCTTCGATCGTTCGACCCAGTCTAGCTGATCCCGGACTCAATCCACTGGTAAGGTACGTTGTTCCCGCTAGCAAGCCAACAGCGCGACTGCTAATAACGTAATAATAAAGTGAAATGAGTACAACACTGATTCGCTTTGCCCAAGCTAATGATATAGCGATTAGAGGCGCCGGTCGGAATTCAATTTAGTGTTTGGTGATCGGAGCTCACTGTTAGCGTCAACTCACTGCCATTCTGTGCGATACCCTCTAACCGCCATATCGTTCGAGAGTATCAAAATGGGTTCTAAACG,613,52.85,Homo sapiens
SEQ_166670,GGCACATGGCACGGAATGGGAGCGAAATAGCACTTAGACAAAGCATCCGTGCAAAACGGGCGACCTATGGCAAAGGACCCGTTCGTGTCTGTGCCTGAACACTAAGGGAGTGCCGTTGAGAACCCATACCGAGCGGAATTGACACGCCCTCCTCGTCTATTATATGGGTACAACTTACGTTCCGGGGACAGCGGTGACCGTGTAGGTACCACTATATACACTCTCCCACAGGCCTTATCGGGCCTGGAACAAGGAAGGGAGTTCAGACCGTACTAGGCTCCTTACTAACCCGGAATCAAGCGTATATTGGCAGACCCGATACGGCATAGTTTCTTTTAACGGAGCGGCGTTTCCAACAGACCAGGCTTATTACCTTGGTCTATAGCTTTATTTCCTCGATATGAAGTCGTGTAAACTGAGCTAGGTTATATGGGTTATGGTGCTTGCCTTCGATAGTAGATCCTAGTCGAAAGACTCGCGCTGAGACGCTCAGATACTATCCATGCCATAGGAATGGAGTACCTCCGCGTCGGGACAGATCAGTAAGAGGCAATAGTAGAGACTGCTAGCGTCTTGCGAAGCGCTGTCGATGGCGCGTTCTTACCACGGGCATCAGTAGGGCGGCTCGGATGAGCCGTAGGGTTACAGGGTCTCCGTGACCCATACGACAGAATGAGAGTCTCACAATGTCTTCTGTTGGTGGATCCGCTGCAGGTGCGACGTAGAGCGCTGTTCTAAAGTGAAGATAAATATCCACGAAAAACCAACATATGCCGGCAGTGGGTCCGTGCTCATGTGCTGAACTCGGAACTGAACGGGGTCCCGGACGCCTAACTACTATTCAGTC,847,51.83,Arabidopsis thaliana
SEQ_635650,GAGAGAGCTCCGTCAATGACTACAAGCGACTGTCTGATTTGAAGTAAATCGAGTGTCAACATGAAAAGCCGACATACAGGATCGATGCGTTGGTGTGTATAGAATAGAAATCGTGTTAGGGTGGAGATTGGCAGTTATGCTTAGAGCCTATCGGTCCCAACTTAAGCTCCCGGCGTAGCGCTTCCGACCTCGTTAGCTACTTAGAGTTTTGCTCGACGGGGTTCCTCCCGGCACGTCGAGCAACTTGACCGCGAAGAGAGAGCGCGCGATAGATTGTATGATGCGTGAGTATTAGTTCGAACAAATCACGTTCGGCCCTCGAGCTAGATGTGAAT,335,49.55,Homo sapiens
SEQ_939776,CAGCAGATCAACCTTTTCGTCGATTGTCTGCTCGTTCCTTTGGTAGCTAGCGGTCGACGTTCAAGACATCGTGGAGCAAATGAGCGTAAGCTCACCGGAAGGGAGCACGGAGCAGCAGCACACAAAGTACGCTAGCGGGGGTTTGTCTGACAAATGCCAAAACTGTATGACCTTGGTGCTGCTACCCGTATTTGGCCAAGAACACAGAGAGTAAATCTACCAGCGTAGCCACATGGGCTGAGCCGTAACGCTTTCGTTTCTAACACCTATGTTGCCCGTGCAAGTGTCTTTTTGTTCGACCATCAGATTCTTTCG,315,50.48,Arabidopsis thaliana
SEQ_637713,CACAGGGTTTCATTGCTCAAGTCCAAGTTGAACGTCATTAGGTTAATCCAAGTGAATTAACGAACGCCCTCCGCGCAATCACAGTGCCGATCATATGATGCGTTGACCCTTTCCCAGAGACAATACATGTCTACGTAATTCTTTGGCTTTGGTTATTTGGGGGAAGGTACAGAACGAGTAGTCGCTGACAATGGACCTGCCTGGTGAGCTCCACTAACGCTGTTTAGCAGCCAGCCGGGTCGGAAACTACAAGTTTGTGGGTTAACGGTGGATTACCCTCATTTTCGAGACGCATACGGCTAGTTATGGAATTATCGCTTACCGATATGTAGCGGGGCGAGCTTCATATGACGTGGAGTCGTCCATCTATCTATAAGATCCAATCTATAGATTTTTAGTAGTGGACAACCCGGAACGCCGAGTGGTTAAGTATGGTGCGTTGATGACCGACCTGCGGGCTCCCGCCACGTACGTGCTCTAGCATAATAGTATTTTTTTCACAGACAAAATTTGGATCACACGTATCAATATAGGCATTGGACAGGAGGGTAGTTGGGTTCTCCATCGGTACTTTCGGCTAATTAGAACTTTGATGCCATCGCATCAATGCCCAGAACTTGAGGGGGGGGTAAGCCC,636,47.64,Mus musculus
SEQ_828905,AACCCTATGGCACTGGAAGCCTCCAACAGCTCCGAAAACTATAGAATCAGTCCCCCCTCCAACATGCAACTCTCTTCTGGTTGTCCACGCCTGATTAGGGGAACTATGACATCAGACCGCGTTGAGAGAGGAGGGATTGGCTGAGCTTCGTTCAGTTGGATGTTCCTTGTTACTGTGAGGTACACATAGGTAGCTTGAACCAGCGTGTACGAATCCTAAATCGGCTAGGGTCACTTTTTAGCAACCTAACACAGTGTTCCATCCGTTATGACATGGCACGGTCTCTAAGTGCGGCTTGGATTAATTATTCACGACAGGACTACTTCTTAATGGCCACCAGGGCTGCATCTGCCTTTTAGTTCCGATTGGTATTAAAATCTCACG,384,47.92,Homo sapiens
SEQ_310027,TCTGCGGCTTTTATTTCCGCATTTCTTACCCCCTTAGGCCGTGGGTGACCACCCGGTCCCGAACATTATTTTATCTAGGCATCGTACAGTTTTGTATCGATTGGAATATCCTGCGAGACTTCATGGTATATCACTGACAAATACCTTTAGCAGTTCTGGACCCTATTTCT,170,44.71,Escherichia coli
SEQ_843494,GCAATCCCATAGAATGCCGAAGGGGCTTTCAGACAAGCGTCCTACGGAGGCCCTAGAAGGGGAAATATTTACGCTAAACCGGTTCCCATCGAACGACGCCCTTAAAGACACGATGCGCTGAGGCCCCTTCGCAGCGTGAACGTGATACACGCCTAGAAAATTCTTGAGCAACGGTCCCCTCAACTGTGGTCACACCTTCAACACAACTATCGCGTGCTGCCCGAATCTGGATGTAGGCTTTCGCGGGATGCGCTTTTGGTACCGCTTAGAAGAGCTCAGATGTAGCTTAAAGGCGTTCGAACAGGTTATCAGCTCGGGGTGATGTGACCGAACGTCGGAAAAATTTATGTTGGCTGTGTACTAGCCCCTATGACCTCTGGGATTATGTAATCATCAAGCTTGCGGTGAGTACCGATTGCTGAGTCTCATCTTCTAGGCTAATTCTCAGAGCCCCATATTGATACGGCAACTCTATATTTTTAACCACGGCGGCTGGACAATTATACTCTTGCATGCTCCATACAGAATTGCCTATGTCATATTTCGATTATATTGCCTTTGCACGCAGGGACATGTCGAGGGTTTACTCATGCGGAAGGACCGATAGCCCTAAGGGCAGGACGAGTGGCGGTTTCACGACGCTCTTTAAAATCCAACCGCTCGGGACTAGGATAAGCGCCCGAATTACATCTGTTTCGTAATACATTCGCCATAACACAATGCCGGTCCAGCGGACTAGGTATGGCGACCCTGCAATCAATCCAGGCCAGAGGCGTCGTAATCGTGCCTGATGACGCCGAGCAC,804,50.62,Saccharomyces cerevisiae
SEQ_553100,GGGCTTAAATCGTAGCCCGGCCGGGATAGATAGTTAGAGGCATCAAATGAGGTATTTTCTAAGTCGGCCTACGTCCGATAGCGTCTAAGCTTTATATGTGATTTGGCCTCTGCTGACACACGTTCGTTTAACGTAGCCTCGACCACTGTGAGCCGTTGTGGAGGATCTGTCCCGTTATTCGTCCCGGCACGACGTTTCTGTGCCATGCTGTTTTCTAACAATATGTGCCAAAGAAGCTGAATACATGCTGGTAGAAGGGCGCCTTCAGTATCCCCGGCAATGATTATTAAGCCCTCCAACAGAGCAGAGCACTACTGTTCGGCATGACGTGGGAGGCCCTTGGACCACAAGTAACTCTTGACCCAACCGATGGCAATGGGCAAATTACCGCTCGGGTTAGACCCTACAAGTGGATGAAGCTAAAGGCACATCGGCATGCAGCGATTTGACAGGGGCTGCAGCTAGTCCACGTAACGTTTCGCCTAGCGGGACAGGTGTTTAGATGGCTCTACTCTTCTCATTCTGCCATGGAAGCCTTAATTGCATTGACTAACGGTTAATCGGAACTAACGACAGTAGACATGCTTTGGCCCTTTCAGAAGTAGTTTCCAGCATCGCATTCGCACAAAGTCAGTTATCGGGGTTGGGTATGTGCGTTTTTCTAAGCTAGACTGATTGTTAATTCATCCGAATAGCAGTCATAGGTCTTACCGAGAAATTAAGTGTGCCTTAGGCTGCGGATGTAAAGATTCAAGTGGGCAATAGACGTATGTCTACCCTACCCCGTCATTCTTTCCCCAATCTTAAAATTTGCGACTAGTTTGATATGACATAGGCCCGCAACATTTTTAAAGTAGCTACCCGCAGATGTGGGAATATCCCCTCCATTTGAGAGGGAATAATGGGAACGGATACCCCTGTCCAGATTTAGGCCACAGATTGGCGGGCGGGATTTCGGGTAGCTACGGTATTGTTGACCCAAGATGCCTGCTAAGTACCTCAACGATCTCGACCAAGGGGCTGGGTAGTTTAAGGAGGGCGGGGCCAGTGCCCCGGAAGCGCTTGTAACAGGATAAGTGCTCGGACCGTATGGCCGATGACCCACCATGATGGGACGATCCTAACGCAGAAAGTAATATTTGAACCAATCTGGCCCAGCTCGTTTAGACCCCTGCCCATGGTGGAGTGATGCGTCCGCGGCAACCCAGGATGTGTTAAAGCAATGTGTTAGGGCCTGCAGTTCCTAAAGTTAAGAAGAAAGGCAGGCCGTCCCATAGCCACTGCACAGGCAAAACAGTTGATCAATTAGGGTCCAATCTTGTACCAATGCTGCAATTGCAGGAGGACGCGCCGTCTGGGTTCTCAAGAGTCGTTGGGGGTATAATGCGTCTCTTTGCACAACAGATGTTGTCATTTTTGCCGGGACATACAGTCAGATGGTCCAGAAGGCACGGTGCTTCAAACGGCGTAACGACAACCGATGCGACCGAGACGTTTATTAGTGTCACAGGAGCAGTGAACGTCTACTCTAATAGATCTAGTTGCTTCTACCTGCTCGTTGGATTGAAGCTTCTTATCGCGGATGCTGGCCAGGGTCTAAGCGC,1604,49.88,Escherichia coli
SEQ_825215,CCGAGCTTATGAGGCAGATCCAAACCATATCTTTCAGACTTCCTTATGTGTTACCTATGACTCTTCTCAGATAAAATCGCGGTTGGTTGGTACGGGCCCTCATCATGGTATTGCCACGTATCCCCGCCCGTGCTGGTGTAGTAGAGTTACGCGCGTGGCTCCTTACATATCCCCCAAGTCGTTAGTCATGCATATGGGTGGGTATAACATCCAGACGGAGAAATAACGGGACGACGAGTACTCAGCACTCTGATTCTCGTGATTCTGTATCATTCATTAAACTTCTACGCGACAGCCTGGACTACTAACTGAAGGGAGCGTTTAGCATCATTTCTAACTACACCTATTACCTCCGCATGGGTCAAATCTCCCCCCTCCCAGAGACTGGTTACGACGTCCCGAAGTGAGCGGGGGCTACGCGAGAGAGCGGTCGCCTTACAGATTAGTATTTATGGCTAGTGAGCCAAGGCGCGGAACACGTGGGCATTCTGTGAAATACGGTTAATTGGAGGAATAGGCCCTAGACAACAGTTGAAGATTGCACAGTCACTCCTGGGGGGTCACTCATACTTTGTCGTGGAATCCGAACTCCGTGTGACTGATCGCTGAATGCATATGGGGGATTCTGACGGACAGTAGACAAGAAGACGGCCGATATCGGGCTACCATGCATGATCTCCGGCGGAGCGACGTCAAGTACAACCATATATTGTCATGTTCTAGCTCATGGTAAGGCCTGAATCGCCGTGTTTGAAATTCGATCTAGAGAGAGCCGCAAGCACCCTTTGCTGGCGGGCGCAAATGCGCGTGTTTGCATCGAATTCAGGCCCAGACTACTCATCAAGACCGATGGCTAGGTGACCTCATCCTG,871,50.75,Saccharomyces cerevisiae
SEQ_743588,GCCTGCTGGTTTACTGCTCCTGTGCGCGTCACCTTATGTTCTGCGGAGTGCACACCCCATATAGTAAGTGCCTGGAGTGATACCTAGCGTTTCTTGTGTATGTCAACGTGAGATTGGTCCCCACAAGATTGGGCAGGTAGGGATGTTGTGAGGCACTTCATCAGATCTAGCATAGAATAATTTCCACGCGTATTTCATCGGGGTTGAGAAAGAAGCATATATGCATATAGATGTGTATCTCCCCCGTAGCTCAAAAACGGTCGAGATGCGGTCGTATGGCCCTAAAGAGCGGATTACTGCTTATTTGCCATTTAGGAAAATTTGGCATGAAAGCATGCCAGCGCACATGTAGCGACGAGCGCAGAAAGCACTTTATGGGACGGGTGCGGTGTTGAGTACACTCGCATTGGTATCGTGCGTGATACTCGGGGGGTAGAATTCCGTAATGAAGTTTCTCACACTCAGCAATGCTGGAATGACTCTTCAGTCTTTTCGAACAGGAGTGGTCTGACTGAGACCGCTTGATTGACACGCGATAGATCAGGGGAGTCTTGAATCCCGGTCGGACCATAAACTATATAAGTTACAACCCCGTCCCGATGAGAACCCCTCACCGGATCGGAAGCCGCTTCCCTTATAGGACTGGGGCACCGGGCATTCCGTTTGACTGCTTATACTGTAGTCCCGCCCGAAACGGTCGGCTTTGTATCTGATGCCGGATGCAGATTACAATTATCGTCTACACTTTGCAGACATTCTTCTCACCAACGCTGAAACGTTAGGGCATAGCAAGCGTTCGGGGGTTCGTCATCCCTGAGTCGATCTACGTGGACTTCTAACCTTCCACTTAAATCGATCACTTAAAACCTCAAGCGCCCCCCAGTTTTCTAGATCCTCTTACCAGGTCGGCAAGTAAGGAACCTGGACCTTCACATTCGACAAAACACCGTTGAGTAATAGGTGGATTGGAGAGGTGGATCGGCGTGGACCACCCGTATGCCACCTCCCGGATTTTCGCCGCGCCTGCCTTATAACTCTAACCCGCATCGTTTCCCCACAGGTATTAGTGACACCGAAGTGGTCATGCGCAGTGCAGCCCGTACACAAATAGCGGAAATTAGTGAACCTCGAACGTGCCCCGTTCCCTCTAAAGAGTGGTCTTAGAAAGCTATTCCTCAAAGCGCAGCTTTGAAACACCTTGTAGGGTTTGAAACTATAATTTCCAGCTTGTGGCTTTCTCAGAAACGGATACCTGAAGAGCCCCCTGCGGGTGTACGCAGATAAACGTAGAATTAGCGTTATCGAAGCACGCATAACTCACGACCATGCACTGTACAGGGTAGTCGGGCACACGTCAACTTCAAGTCACTCAGTTAACCTAAATTGCGCCCTTCACTCCATTCACCTCTCTAAAAGGGGGGGTATAAGCCTTTTCGATATGCGCGACCATTCGGTACATGATGCGTTCGTAAGTGATACGGGGATGCCTTTGAAGTTACCTGGGTTACCAAGGAGGAATGGTCACGAACGCGAAATCCCTTGCATGTCCATATAATCGACAAAATCTAACTTGAGGGCAGATTCCTTAAAATTCTGACGACTCCAATCAACCTTTTCCACGAAAGATGCGGTGACACTTCTCGCACCATTGTGACAGCGTACAATAAGCTCAAGAGCCTGGTGGTCCGGAATCAAAAGAAATCGGCACCCCCACGGCTACCACCGCACGGATCTTCGGGAGAACGTAGATGGGTGGTCGCCACTTGTTCTCA,1772,49.66,Homo sapiens
SEQ_680312,CACAGACCCGGCTGAAGAAGTATCGGCACTAGAAGGTCTGACGACATCTCTCAAGTATAGGTTTACGGGGAACAGTGCGCTACTTGGATTCTATGCGGCCAAATTTATTTACTTGCCATATCCGGCGTCAGTCAACTCCTGTTTGCCAATTCGTCGGAAATGGGGTATGTGGCACGGGGACCGTAACCGCTAAGTCATATTAAATTGGCGGAGTAATCGACATTG,225,48.44,Escherichia coli
SEQ_504527,GACGAGCAAAGATTGATCCTTATCTACCTGAATAGTTTGATCACGACAAGACAAAGTAAAACGAGGGTAAGTCGTAGGTGAGACACTAGAATCGTTTTAGTCAGATCGGTTCGGGCACCCGACGAGACGACCATTAAGTACTGTCATGTCGGCATATCACCCTTCTATTCATGCACTATTCTTCTTTTACCGCCACCTACAATCGGTCCGAGTTCGAAATTCATCGTACAGAGGCAAATCGGTAAAGATACCCGTAATATGGTATGAGCGGACCGGCCCGTAGCTGGAGATCCCAATACATGGTCGCCGAATTCACCTGGAGGCTCTGAACTATCTGCTATTAGTGAGTAGACACCTTATGGTCTTGCTGTAGAGTAGGTGAGCAGTGGGTGCCGCTGCCGTCTATGCCAGTATCCTTCGTCAGAAGGATACCCTATAACTCCGATATGGCAGCGATTACGGCGCAGGATAAGTTGGGAGCGTGATGATTAGCGTGTGGACTACACTCCTAAGATAATTGTCTCACTTCAAATTCGTTAAGATACATGCGCAATAGATTTACAGATGGATTCAGAGTTGAGGCAACACGACCTTACGAACTATCCTGTAGGCGACACACCTACCGTGACAAAAAACGTTCGTGCTCGGATTCTGTCTAAGTATCCCTCCCGTGCCCAGTATTAATACGCTCAAGCTCATAAACAGCGCTTTGATGCGCGTGCCTGAAGGCACAACAAACGGAGCTGATGTGTTTTTCAAATTGCCTCTACATCGGGGGTGCCCGAAGTGCCACCTAATCTTCTATATTGTGAGCACATGCGACCGACTGGCTGATACATTGAAGGGGTGACTCCCATTTAATGCCCACGCATTCAGATTCCGGATCGTCAGCCTCCATGCATCTAGACCCATTGCTCTTAGTATATTTGAAGGTAGGTGTTGAGGCTGATCTTTCAGAAACCGTGGCATTCACACAACGGATGTCGGAGACCGAAGATCCCCAGATGCACAGGGCTAACGTTCGCATACTCCGAGCGCTTGAGGACATTTGATCGCTGCGCCTTATCATACAACTAAGTGGCCAAATCCACGGTCTATGTGTCAGGCTGTTTTTAAAGGACATGGGGAATTGGATGCCCGCGTCAGCCGTATCGTGGTAAATTTGCACCCGGTTAGGCGCAGAGCAGCACAAACTGACTTGAGGCCGGACCTAAGTGCGCGGAGAGAACACTCCGTTTTATTAATGTATCGGGTCAATCCTATGGCCCTAGACTGACTGGGATACATCCTCAGGACAGACTCGCTTACTAGACTTAGGTGCTCAGATGTATCACGTCAGAGCAGTACTGCCATGAAGAGTTCGTCTCGCAATAATGGCCCTGCATTAGAGTGGAGACGGCTACCGTCGGGATGTATCGATACAGCCACAGCTTTTTTTAGTGCCCCTAATCGGCTTGATATATCAATCCTATTCCATTTAAAAAGCATCTTGTCTATTACCTATGGCGACACCCTGAGGTGCAACTAAGCACACCGATCTCACTCGCGGGATCCTTAGATAAGTCCTATGTTTAACCATTCTGGTCTTATATTCAAGATACATTATATTCTGCATGGGCCACAGTCGCGATAATACAAAGTATCTTCCCCATTCTTTTCCTTTGGAATAATCCAGTACTGGACGACGTGCTCAAGCCATGTCATAAAGTGGCGAATCTCGCGCACGTTCATTAAAGTAGGGCGTTGGTCCCCAGGTCCCTGAGACGCAAGCTCGTCGGACCTGAACCCTGCCTGGTGTCAGGCTCCCGATATACAATCCCCGGATTTTATCACACAGCACTGGTGTCAATAAGCGGAACCGTTGTGACCGCGCTCCGTTCCCCCCCGCTGACGTGTAAATGAAATATACTTAAAAATACACGAGAGCGGCTAAGTCCAAGTGGCTCGATCACCTA,1955,48.34,Arabidopsis thaliana
SEQ_994760,GGCGCTACGCATATCGAGTCTTCCTGGCAATTGTATCGCTTTCAGCATATCAGCCATTGGGGCGGGGTGAACTTTAAAAGAGGAATCAGATGCACCAGGTACGAATTCCTTTGAACGTGGTCCCCCAGGCAGGATTATTGCGTCCGCACTCACTGTCCTGAGCACTAACCTAAGGTGTGTTTACTGTACGACGATCCACGGCAGGCATCCTGTAACCGGAGACAGGGGGGAACCGAAGATTAGTTGATATAATTAATATGCCCTGGCGAATCTACAGCACTCTCTTGAATTTTTGCGTACGAGGGAATCCCTGTATCAATCAGATTGGGCACTGTTTATTCCCTCTAATATAGATTCGGGAGAGTGAAAGAGTCTTTGCTCTTCTTCGGCTTCCGGAGCGGTGCACTGCATCCGCTTGTCGCACCTAATTGCACTCGCTCTTCTTCAGCTGCCAGGGCGCCATCTATAAAAAATTGCGCGGTCTTCGGAGCTTGCGCTCTAGCTACTTATCTGCACAGCTGCGCGCTGAGGTCAACCTACTACACGCCCACACAAGCGAGGACGCTGATCCGAGGGACACATTAGCCGTTCGGCTTGCCTGGATGACCTTTATAGATTTCGGTTCTTGACATATTCCCGAAACATAGAAAAAGTAACTAGCTAGCAATGCCGGTACGACTGCAGAAGTTCAAGTACACTAACTCTCGTCATGATATAAAGTGCATACGAATTCCATAATAGCATAGTCAACAAGTAAATCTTTGTGAAGACGTGCCACGCCCCAGTAAGAATTTATGAATTTTTGGCCCCCTACGTATGAGTTCTCTAGCTCCCCAGCATACAGAGCGTAGTGGGGCACAAAGAATAGTGGACCCGGGCTACGAATACAGGCCTTTAGCACACAGGATGTCCCACCAACCTGAGACCCACAACCTCATCGACTCAACTCTTAAACAAACCACCTTTACGAGACTATGTGGGCGTGCGGTAACAGGCCACTGTCCGATTGACGCCTAATAATGTGTGCAGATCTGTTGTTCAAGGATAGACGACGGGCATACACTGTCCCAGAGATCTGGCTCTCCGACCGATAGTGTCTTTCGACTCTGATAGGGCAGACCTAGCGGATACAGTAGCGAAAGGAAAAACTCGGGGGGCTCAGAGTGCCAATCCTTTATGGCTGGGTTTATATTGACGTACCTTACGCACGTGATGTAAAAAGGGTCTAAGTCCAGACACTGCTCATTGACGATTGGTATCTTTGCTTTTATGTGTATCTCCGTGACGACTCAGAAGTAGTGGATCGATCCGAGATCTCTTTACTTAGCTATCTGCACTAGAATACTGTGAGGAGTT,1356,48.45,Homo sapiens
SEQ_725502,CAGCTCTAGGGAAAGAACCGTTAATGTAGATCTGCTGAGCGCCCCCTGGTATCAACTTTAGTGAATCAAGGCTCCCCACCAGCATCTTTCTTGCAGTCCCAAATGGCCCCCGCCAGACTACATTTCGGTCAGATTTCCGAAAAGGGAGGGCGCCGCCACATCGTATGGAGAGGGGAATTCCCGTAGGCGGCAGTGATGAGTTTCCAGCACATCGACACTCCTCAAGCGATAATGAGCTCGCTGGCCCGCCTCGCACGCGAAAGAGTTCGGCATTCTCAACAGAGTTTGCCATCAGCCCAAACTCTGTCGTC,311,54.66,Escherichia coli
SEQ_402794,TGAATACATGCTACCGGCAAACTTGTAGACTGAGTCCCGGTACCACCGGCCCATACACTCAGGCACTTTTAGTGATGTACGCAACTCGCGTCATAGCGTCGTCTGAAGCGAGTTAGGCCCTGAATCACAATCAGGTAGGTGGTATTAAAACACGCGTGTCTTTGTTGGCCAAGTCCCTGTAGGCGGACGACCCCTATTAATACGACCGCGATCAACGCAGTTGGACTAGAGCATTATTGGACAAGTTCTCCCGGACGAGTGGGGTATCTCAGTCATGCAGTGCTGCGGGTTGAGCCGGGGGTTCAGGCCGTCATCCGTGAACATAAGACCTCTTTGACATCCCAGGTACCATCTGTCTTCCACCCCAACCTACACTTCATGTTGGAACGTTACGATAACGAACGATCAAATTACATGATTTTAGCGCGATAGGTGTTACTGTACCGAGTGGTGTAGTGTTTGGTACAAAATTCAACTAAGGAGTTTAACGTTTGACACCCTGCATGCGAGTAAGACCCCGCTTATGGACTTTTGATAATTCATAAGGCCAGGACAAGGATATGCTTGCACATAACGGATCTTACCATGTTCTGAGAAGTAGCAACGGGCAATGTGACGGTTCGCTCCTCGCTCATCGCCGACTTTGGCAGTTCCACCTATCATCAGAAGCCGTCTTTCCCTTATGTTGAGTATGCAACTCTGTGTAACGGGTTGTAGGGCGCTGTATTAACAACGAGCCTGGTGGCGAATATGTCTTGACCATAGAACTCTAGTGTTCGCATAGATGACCGGAACCACTGCATAAAAATTTCAAGGTGTGATTGAGTTTGTGCAGTTCCTTGTGTCAGCTTGCTGGCGCCCAATGCAGAGGAATACCCTTTTCTCGAAGAACACGACCAGCCACCACCCTCAATACACCCAGCCTGGGTTTCTATCATGTCTTACGGTCTCTTTGGGTT,959,48.8,Mus musculus
SEQ_227406,CACACATTCCTGTGCGTGGAAGCTAAGGCAGGGGGTACGAATGGATCTGACTTTTACGCGAGACGGCGTCGGGGTCGCTCATCCTGGAGAA,91,57.14,Mus musculus
SEQ_811580,CACCGTCTCATGGGTCCTCCAAGCGCCCCGGCTGAGAGTTCTCACCACTTACTAC,55,60.0,Escherichia coli
SEQ_836329,TCGTGGATAGGTGTTGTTTCCGAGTTTCCATGGGGCCGGTATACTTGCTACGCTGATGACATTCATTCCCATCCATCCTCCTTAGCTACAGTTATGGGGCTGCCAGGCGAGACGTGTCGAGACCGTCTGTCAGAGCTTGGATTTTGTCCCCATTACCCATGGCAGTGGGTGTCCGATTCCTAAAACGTCTTACCGGCAGGGAGATTCTTTCTTGGGACTAGTACCTTCACAGAGTAAAATAGCGGCGATCGCATTTCCGTTTATGACTGGCTGTAGCACCATCGAACGCACCAGTTGTATCGTCTATAATTGATTCGTAACTGTGGCGGTAGTAAGACTGCGATAACCACGATTAACCATAGATCTCTATTCTGCAAATTCTGGCTTCCTCTAGCGCAGCATTAAGTTTTTTTCAGGGATAGATCAATGAAACAGTGCGGCACGCTGGTCGGAACTTAATTCTCGAATGCAGCACTGATAATACCGAGGCGACCGGTGAGAATCGGCGTGCTTGCGATGCCCAAGTTATCTTGGAGAAGTGTATTCGCATTCTGACTCGATTGCCCTACCCTAGATTGCCGTGCTTTGGCCCATGAGACACACGCGCAGAGCGCGCTTTACATACCTTTAGAATGCTGGCGCCGGTTCTGACAAAGTTACGGGATGGCCCACAACGTGCTCCGACGGTGCTCCAGTCCTATAAATGATGCACTACCACAACTATAGGAGTTCCAGATCGCTGGTTGCTGAGTGGGAGCGGTGGGTAGTGACTGTACGTAAACCTGGGTGCAATAAACTCATTCTTTTCCGCACATCGATAACATTATGAAGAATCGCAGGATTAGCGCTCTATGTCAGCCCCATATAGTCGGATAAAAGACTACGGTTTCCTTCTCGAAGCTGTAGGAGACCATTGGGTCTGGGCAATCGAAGAGTAAGGGGGGCATATGCAGGCCCCCGGTGATTCAATTTGTTTTAGGAAACTCTACTGCTATGTTTTCGGTTCCCTTCTCACCGAACTGCTAACCAGACCATCCATATGTAGTCCCACCCACCGGGATGTATCGGGAGGAATTGTTTCCTTGGTTGTAGGGCTCCGAGGCCCATCGATAGGCCTTGACAGGACAAACCATAGTTGGGTATTGTCAGCGGCAACTAAACACTACCAACGTGGTTTTAATAAGTCTCAGCACGTATGTGCATGGCAAGCTATTAGATGGAATGGGTCAATGCCTGTGCAGTCAAGAAGACACCGGGGCCGCTGGCAATATACAGGCCCTAACTTCGAGCCGAGAACCCCTACACTCCAATTCAAACTGTATATAAAGCATAGGTAGTTTGACTGAGTGTACACGATTAAACCGGAGAAGTTCCCTCTTCTTATTTTTCGCCAGCACTGTCTACGTGCCACAGCTCCTCGCCCGGGTATGGTAGACGTCCTCGAGTGGGTGTAGTATACACAGACCTTCTGTTATTAAACCTTTGGGCCTGGTGAGGGGATTTACACTAAACATTCAGCATCATCAGGGTATTCTTGGCGACGTAGTGGAGGCCGTTTTCAAAGTTGCGTACGGTTCTTTTTCACCACAATCTATTTGCGAGTACATGTAATAAATTTCGACAATCAAGGGGGTGCGGCTTATGGATCCCTATGTTCATAGCCAGTGTCTTTGACCCCGTCGAGTTTCCTTCATAGTAGTGCG,1703,48.74,Escherichia coli
SEQ_109069,GTTGCAGAGGCTCGGTGGTAATCTTTGAACAGACACGGGGTCGGGCTTTGGGAAGCTAATCCGACTCGCCATCTTGTTATATAGGTGAATAATGTTCTCAGCTCGGCGACACTAATTCATCGACCTTTGCGCGTGAGGCATCAGTGCTGGAAAGTAGGATAGGTAGACAATTTGGCCGTGCCGCAGAACCATGGCTTTCCCCGTGGGGTGGTCAATAGCTGGAGGAGAAAGCTCCTATAGTAAGGCTGTCATCCTACTCCTTAATCGAGAGGGAGCCGCATGCCATTAGTGGCTATTGCACTTAGGGTCCGTGAGTGTCGATTAGTCGCCGCCGCCAGGTAGAAAACATAGCGGACAGCAAGGTGATGCTCCATGAGAACATTCTTTCGTTTGTCAAATATTAGAACTGGCAAGTGGACCATCAATGACCCTGTGCACGTAAGAGGTTGGTAGAATCTAACCGCTGCGCCGGATTTTAAAGGAGTCAGCCCAACTCTAACAATGAACTTCGGCAGATACGCTTAAAAACCATCATATTGCCTTTGGTTTCTGAACGGGTTTATAGATTATATGCGAGTCTATACAGAGTGGTTATGTGCTGGAAAAATGGCGTGGGGCACGCTTCACATCAAGTAGGTAAGCCATCAGAATGCCATTTAGCCGTGGAAATACTAGGGTCGTTGACCGAAGGTCGCTAAGAGGGGGGGGCGATCTTCTCAAAAAACGTTTGGATATTCGGATTAACTTGAATGGCAATCACGCGACGGTCCTTGGCACCATACAGTATGCCATTGCTAGAGAACGAATTGCAAGTAGGGTATAACGGTCCCATAACCTGGTGGACGTAGGGATTTATAACCTTCAGCAGCCTACCTAACGAACTCAGTGCCACCGAGGCCAGGTAATCACTGACTGTTGAAGGCTAAGAAATGACCCTTAACAATGCTATACGCAAGAGGTCATGATGAATCATAGGGTCACTGAAAGCAGTGACTACACTTGCCAGCATATCGCCGAAAAGGAACTTTATACTAGAATTCCAAAACGCCACTCTATTCAATGATGGGCTCCGTATTTCCAGGGCCGTACAGAGAGAAGGGTCCGCTGCTTTTGGGGAGATT,1121,48.08,Arabidopsis thaliana
SEQ_672827,CCTGCGATAGTTGCTGGGCTAAACACTCACTGATTAGGCTTTGTTGGCGCGGCTTCGATTCATTCGACGCGTAATGACACACTTCAGGAGGACAATTTCCTGATAGTACACTAAAAGCGACGCGTATGAACTAAGACGTCGTAAAATGGGACCGAACGACCTGCATCAGTAGGAGCGCGTTTCTTTTTTACGTAAATACATTATTAAAAGGCGACCACACCGTCCCGCAATGCGATTCTCCTAGCATTTCTTGCGCAATCTGTTTGTCTCAGTGTTGCGGGGGGGCATCGAGCCGCCATCTATGGATGTCATCCACTAACGCAGCACCTTCACGTCCAGCATACTTAAACCTCTCAGAAAATCGTTCATGTAGAATGATCAGTAGGGAAATCGTATTAATTGCTAACTTGAATTAAGCTCGCCGGGGTGCCAACGCCCTGCTAGAGAAACGGCTACGAGTAGATGGGTTGGGCGAGCTGCGAACATGTAGGGACTTGAGGTGGAAAGATAAACGGGCGATTGGCTCTATATGAGAGACCTAGTAGGAACAAAGGCCGCGATGGGGCATCTTACGATAGTCAAGAGTAGTATACCGTGTGACTATCACTTACGCTAGTACTCTCGTGGTTGATGTGAGCGTCAAGCTCCACGGGGGGTGTACTACGCGCCACGATGGTACGACCATCTGAAGAATAATGCAGTTGTATTCTGTAGCATATTGTTCCGTGGTTTATAGTAATCCCATCAGATATGTATTCAGTCTTATTGCTACTGAAGCCGATTATGTCCTTAAGGCTCGGATCTAGCGTCCTGTCCCTTGATCTTTCCAGGGAGGAGGTGTCTCCTAAAGAACATCTAACTTAACACCGCATCGACGCTCAGCGGTTCTATTGGAATCGCGGATAGGGGTTTGCACTAACTAGAACCGCTCGTCGAAAATAGTGTTACCCTAGTGGAGGGACTGAATTTCGACAGTACAGATACTTGGCGCTACGGCCCGTTCCCAGCCGGCCCATTGCGGATTGCCAGACGTGTCTCGTTACTGTGTCACCGTGTACGATAAGGTAGGATTTCTCTCTGACCTAGACTAGTTTGCTGATGCATGATGTTGTCGGGCAATTGCCTTAAATAAGATATCTGGGTAAAATCCGTTACTTCCGCCCCTAGTTAGCTCCGTCTCTTTAGTGACCAATGCTAATCAATCGCACGGGGGCTATATGACCCTAGCGCATATACTAAACCAGTGACTAAACAATCCAGATTTGCGGTTAGAATGTTATCACTGATCCGGAATAAGTATTTGCGCTTTTTTCACAGATGGAACTTCGTGTTGGTTATGAGCCTCGCTGAGGCCCATAATTCGGACTGACACGCCGTGATTGGG,1384,47.83,Escherichia coli
SEQ_530759,AGACATATCTCCACGCCCAACCTTATGTTCACTTTAGCTTCTTGCCAGAGGGATTCTATGAGAGTATCTTGTGAAAAGATTGCGCAGCTTACCAGTCCATGGTTCCGTTCGTTGGAAATGAATACACTAAATTCACCAACATGGGACGCCACTGCTGAGTAGATCAATCGCAAGCCCCCATGGACCGTGTTATGACTGTGTATGAGAGACGCGATGTGCGTGCACGATCTTCTATTGCGCATGCCCCAACGCACCACCATGAATTAAACGCTTGTGTCTAGGTACGAATACGAAAAGTTGGTACAATGCGAGCTACTTACAATCTTGGAGCCCCCCCCTAGCCCTTTCATCCCAGGAGTGTTATGGGCACCGCTACCATGCAAATGATTTCATA,394,47.72,Arabidopsis thaliana
SEQ_857244,ACACGGTCTCTTATCGTCAGAAGGGCTATCAATTTAGATGGCTTTAATGGGAGGTTTCGATTTGTGCCAAAGATGGAGTTGAGTCTGAGCATGACTACCCTGGAACTCCGGATCATGGGTAACGCGCCCACGGCTCGACGGGCGGGGACGCTGCTAATTCTTGCGGCCGCAGTACGTAGTAGCTAAACACAATGACGAACCGTGAATTGGATCGTTTAGTAGCGGCCGTTGTTTCGGTTTGAACTATTCTACTCATCGGCGATTTTATAGCTATAGTTGGATGGGCTTGCAGATATGATTTCACCGATACTTGTACGCGGACGAGACTCTTCTCAGGGTGTTCCGAATACTCCGATCCTGCTAGCATAAAAGCAGTTTGAATATACTAGGGGGTTAGCACTAACACTGGGTTGTCTCGTTGCCGGTGTAGAGCATCTCGTTGATTGAAAGGTGTCATATCGAGTTACCCTGGGAATGTACGCAAGAGCCAGCTAGGCGATGTCTGGACTAAAAATTACGACAGAAGACTCCTTGGGACTGTTCGCCGAAGGGTACCGATGCCAGTCCGTTCACGAGTGTCTTCTTTCACGGTAATTGATAAGTGCTAGCTAAGGAACTATATCTGATAGAAAACCGGTGCCACCGAATGGGTTGACGTTCGAGGAACGGGCTCGCATAGTCGAGCGAATTAACAGGCGGATGTGCCCTTCTGCTCTGCGAATATGTCGCAGCATTTGGAGTCCCAGGATAACGCGACCGAATGGGTAACTGCTGTTGTCATCCTGCTCATCTGGCGCGTACATGCAAAGGTCCGCAAAGGTGTTCCTGCGAAGATATGTAGATGAATCTGATCTGGCTTAACTGAGGCTGAGACTCGGTCGGAACCGCAAGGTTTGAAAATACAGTTCAGGATGAACAATCTTTCATCTCAATTGGCTGAGGCCCTATCCTGGTTCAGTTTGTCTCCTTTCTACCACAGCCATGACGCGTGGGAGCACACCGCCCATGGAGAGCCACGTGTCTAACATTAGGTATGGGTGTACACGGGCGGGTTTGGAGGGTCGCTACTTAGGCTGAGTTCGGTAACAACCATGAGACGAGGGAGGGCTGCGACGGCACTTCTCCATTCGACGCGTCCCTGCATCATAGTAATGCAGTGGAGGTCTTCCAATCTTAGTTTCCACGATATCCACTGCCCCGCCAAGTACATTCCGGAGACTTTCTTTCTGGTTTAGGGGCGCAAGTTAACGCTGTGATATTCTCTTAGCGGTATTGTTTCGGGGTAGCTAGATAAGATAAGTGAGCGCACATTGGTACGCAGCCCGCTGCAAGCACAATGTATTTGAGCCGAGGCAAAAGAAATAACAGAGACCAGAGCTATAACGGAGATCCGAATAAAAAAGGTTTTAGACCTTGATAGCATCGAGTCATGGAAGCGCTTCCGTTTTATGGCTTGCTGATATCCCTGGGATCCTTAAAGGTCGGCGCGGGAGGGTTCCTTCCCACAGCACTGTGATTACTGTAAGAAATAGGTAACGCCTGTATTCTGCGCGAGATGGGCCACTATCAGCGACGGCATATTTGAAGTTATTTTCTAGCTCTATGAGTTGGGTGCGAGGAAACCTCTGAAGACGCGCACAGCTCGTTAGGCTTCGGTAACAAACGACTCATAAGCGCGAACTCCGCCCGGGGTGGGGGTCTTACTTATATAGGACACATCTTGAAGACCGCTGAAAATCAATTATGCATAAGATGTCCCGTAGGTCACTAGCGCAAAACACCAGATGGTCAATTAACGCTAGTCGAAAACCGCCTGCACGTGAGAGACAACAGGTCTGTCTTCCAGCGTTGGCGCCAGCGAGCGAATACTTACAGTGTACACAAGACTGGAAGGAACCGCTGGTCTGCCGATCGTGAAGATGGGCCTCGGCTACGAAGGATACAGTGCCAAAGAACTACTCACGAGGTGCCCGTTCC,1977,50.08,Saccharomyces cerevisiae
SEQ_324716,CAGCGTACAATTCGATTATCAATAAATAAAAGTATAAGTCGCAGGATAGTCCTTGTGGATTTCCTGAAGGGAGTGTACCCGATCCACGTCCCGATAAAGTCACTATGACACCCCGCCTACTCATAAATTGATCGTTCTGCTATATACTAAGGCTTCGAACAGTTCGTAATGGCATCCGACACGGCAGTCGTAATATTCAATGCTGACACGTCAGTAGGATTCTAGGCAGTGGCCGTACAAGGGATTAAACTAGTAATCGGGCGATCGTAATGATCTTGGCTTCGGTCTTTCAGAGGTGCTTGGAGATCCGAACACGATCTGACTATGCACGGTTGGTCATAACTCTTTGGGTTTTAGCTATCTTCAGGGTGTCGAGTACTACCCCGCAATCCTCCTAAGTTTTGGGCACTCACGCTGGTATATTCCGCCCGACGAGCCGTGCACTGCGGTTAAAACTGAAGACACGATTACGGTAGGTTGATACTTATACGTTAACGTTTGCCGATTAGCGATGGGCTTAAGGCATCGCTGTAGTAACCTGAGGACACTTGCCGGGTGAACGAGTCGTCGTTCCGGAAGTTAGCCTCAGACATGTCAATCGCCATTTTCGAGACGGGAAATGGATGACCTAGCAAGCCTATCGCAGAGTGGGAAGTGTAGCGCCGTCGCACGTATGTGAAGAGGCTGCATTACAATTATACTACTCCGTGCATCACAAGGGAGAGGGGCTCGTACGTGGGCTGCACCTTCGTATGGGTGCCATCCCAAGTATTAATTCACCTAGAGATACAAACCCTACGTCGCCTGAGGCATTCAGCGGCAGGCATCATTAACGCACACCCCCCGGCGTGGGGTCGGTTGCTCACAGCTCACTGCTCACGTCACAGTTCTATAGTACTCAACTTTGCAGACACACCCCTAAACTTATGAGCGGAACGTCTTTTTGCATCATTGAACAGACCCCTAGAGCAATTGCTCAACAAGTTGATACTTGTTTGTAATTTCCGTGCCTATCCCAACATAGGCCAGGGGCAATCCGAGCGCCCACCTATAGGTTGTAGCCGAGGACCTTCGTTCGTAGACATTATCTCGAAGGATGTTACCGTATAGCGGTTTACATGCGCCTGTTAGTTCACCCCCTTTGGATGTGTCACTCCCACCCGCTGAATCGGGGGTAATAATAAAGTTATTATTTATGGATACCTACGCAGATGGGAACCAGTCGACTATCCTCCGGGCCCTTAACGTTGAGGTAATATCTGTAGATCCTACCAGTTCCAATCGCTATGAGTGGGTGGGGACCTGAGTAATTCACAACAAATCTCAAAACAAAGCCCGATAATGGGGACGCCTCAGGCAAGGTTTGTTCCGCTGTTGTGCATCAGTGTCTATTACCTGGTGTGCCCCCTGGTCAACTAGGGCATTGATCTTATTCTGACTTGGTGATCGGGGCTACAGCGATTATCCAGTGCTTCAGTAGCTGAGACCTTTAGTAGGAAACGGTCCCACCACAAATAATGGTAAGTTTCTCTAAAGTGCCTGATCCACAAGGCCAGTGGAGCCAGAGGGCCTGGCCGTCGTTAGTCACAATGACCCGTATAATACATAAAGGGAGGTATGACGGGTACCGGGCAGGGCGCGTTACGTCCAGTAAGGGCCTTTGAATCCAAACAGCTAACTGTAAGCAAAAAGTTGGTACGCTGGTGTTAGTCACCTAAAGTC,1722,49.07,Caenorhabditis elegans
SEQ_253268,GGGAGACAACGTCTTAAATAGCGGCAGCTAAGTCGCGGAGGCGAATACCAAATAGATGGAATCGACTGAGTATCGCCAGAATCCGCAAGTTAGATAGCCGATATTTTTGCGCCGTGATGATCCAAGTCTATGGCTCCCTTTTCCGTGAAAACGATTAGTGCGGTCATGACCCGGCTAACGCATTATAACAGCACCCCCGCGTGATGAAATAGGCGATCGGTGTGCCCGCCTTAGAAGTTCATTGTAATGGGGGCAGTAGTGGCCTATGTGACCTGAACGTGTGGCCGGCGTGGTCGGAAGGCCGTGATCACGGGACCCATTGCGATCCTGCCAAACGCGGCATCTGATGGTCCGGAGTCGCGTCTTAGCGATGTTGTTGAGGCATCCGTCATGTCCCACAGACCACCAACAAGGCTATTCATCTATTTTACATTGCAAAACTATCTATTATCTGATCCCGGCTGATGGCATCAGACGGGCCAGCCCACAACGTAAATA,498,51.81,Arabidopsis thaliana
SEQ_620887,AGTACGGTCAAAATTTTTGCGCAGACCTTCACCTTCATTACTGCACAGATGGCATTATCCCTCATCTACCCCACTAGAGGATGTGATGGGAGAATTTGGCCTGGCAGTTATTGGAGACCCCGTAGCCTAAGTTACCCGGTCGGGCGTACCTAGGGCTACTAGGAGGGATCCGGAAAGGAAAGATGCTCTACGGTCGCTGAAATCAGACCCTCAGAGATGCGGTGAAATTCTAACTAAAGAAGTCAGGCCTTGCCCGAGCAACTACATTCCAGGATTTATGAGGCTATCTTAGCTGGGCTCCGCCACCGCGGAACCGTTTTCAGCATGTGAGATGGCACCTTCATAGCTACCTTCCGTGATTCCCGTAGTCGCTGCGGCCTGATTAGCCTGTTATAGGTTGATCTCTGCGTCCTTGTACCCGGGTA,425,51.53,Drosophila melanogaster
SEQ_969099,ATAGGACGACTCTAGGGGTACGTCATACTTCAAAAGGATGCCTGTTACGCTTTGAAGAACTCCCAAGGTGGGAAACCATCGTCGCTGCGACCAGGCGGGTAGAGTAGGACGGGAAGAGAGCTAGTCCAGGCTCGTGTCTCGGAAACTAGAACGCCTGAGGGCAGGATGGTTCAGAATGCCTCGGTGCTCGACTGCCCTTCCGATTCTCTTTGGTGTCAGGAGCCGATCGTCTCTGGCCCTCCCTTCGCACATAGCCCATGATTTTGACTTCAATGTTGGGGGCACTGGACGTCACCACGTATTACTCGATCGCTATCCCAGTACATGAAAACTTCATAGATGGATGGCCTCGGTGCGCATGTAGCGGCCTGATTCGCCGCACTCCCCCGTAATAGCGTGGAAACTCGCTACGATCATGAGGGGATCAGCGGTTGAGCTTTGAGAGTGGTACCTAAGTTTAACGCGGCGAGCATATATCAAAGTCCTTGCTGGTTAGTGTGGGGGATTGCGTCTAGGCCCAGTGCTCGTTTTACTACGCCAAAAGAACAGGTCAGTTTTCCGAGACTGCGACACCATGCGGCTAAGCTCGTGCGTGTCACCTCGTGAAGTCTCGGAATGAGCGCTTAGCGGATTTCTAGAACGCCTAATCCGACCGGGAGGTTGGAACTGGGGCGCCCACATGTATCAACTTAACAAACTTCAGGGAAATTTTGCATAGCGTACTCCGGGATGGAAGACAGTACTCTACTTTTGGCATTTCGGTTGGTCGCTATACCAATGAAGTTGATCTCAGAACCAGTCAACTCGCTGGCTAATCAAGAGTCTCCAGGTGGGACCGACCTGGACAGCGAGCATTTGCAAACTTTGAGGGAGCGAGCGTGAGGGATTCGCAGTGAACTATTTGTGTCCCTTGAGCGTTGTAGGGGCAGGATCAGCGTATATCCTTATAAGCTTGAAATACAATAAGCAGTATCGAGGAAGATGGAATATTTAGATTACTCAGTAATAGCTATCCCCAAGTGTGGACAGATCACCCCCGCACTCCCTAGAGCTCAGAACGTGATGATGCTCTTCAGTATTAGGCAGTGTCCTTGCGATTACTAGCTACCGCGATGTAGAGCAGTGAATCACGGAACGGTACAAAGGAGCTTAACATCCTTGCATGAGAATTGACCGTAAAACTTCCCGGATATTGTACTGTTGCAATCCCAATTTCAAGCTGAGAGCGGTGTGGAACAAAGTTCACTTCATGGCGGCCGGAGGCCGTCGTCTGGCCACTTTCTAGGCATTCAGGGGTGCAACTTGGAAATGTAAGCCGACACTTACCCGTCTTATTTCGTTTGACGGGTATACAACACCTATCTGGGTCTTGTCGTGTCTACTACAGTCCGTGGACCCATGCAGACTGTCAATCATCTTAGTTTTGAATGCATTGATTTCATTCAAACGAAAGATCGTGTTAGCTTCGCGAGATTTTCTCCTCCACATCCGTGCGAGCCAAGTTAATGAATTGCATCTCGAATAGGGCCGCACCCCCTAAGAGTGCCATCGGAAAGTGGTCATCATGTCCGTTCTCCAGGCAGTGTACCGATCCGACGACGGAGCCCGCTGTGT,1614,50.68,Mus musculus
SEQ_116362,AACAGAGACATGTAGCGGGATATGTGGCAGACCGAATGACCGCGATAATTTTCTTAACCTTCTCTGGGCGCGAACTTGCTGAAAGCACGGACAAACGCCTCCCGGCAATGCGGTGACTTAGATTAAAGCTACGACTCTTTCTCCCAATAGGTGAAGTGCTAAGAAATTCGGAAGCCAGAAAAATAAGACGCTTACACAGCCCGGGTGGACACAACCTAGCGTTGGGCCCGAGTCCAGGCCATCGCCGTGTGTGAACCATCCTTGGATGACTTGCTACTGTGGTTAATTGTCGACGGCGCATAAGCTTATCGGCAGACGTACGGCCTTATCGCACGTGGGAGTAGTACCATACATTAACGGGAACTTACCCATAGTACTCCTTCGTCAAGATCACGCGCTGTGTAAACTGCAACATTTTCTCATGGCTCCTGCTGCGGCGGCATTCATACACTTTAACTTACGGGGTGGTGTCTGGTACTCTACGTGTTTGGCCAGACTCATTCCCGCAGTGTGGACCGCCGCCAACTGCGCGATATAACGACGTGACTTAGTGTTATCAGACGGGGCGAAATCTGATAGACAAAGGTGAGGGAGGCTGAGGTAAAATTGACACGGGTACGTTCGATGGAGGATAGCAAGCATTTTAATGGGGCATACGAGAACCACTCCTCCGAAGTGCAGAGTGAATATAGAAAAGGGATGAGGTAGCCTTGCGCATCTCCAAGTTGGGGGGAGTACCCGATAACGAAGACTTTCATCAGCAACGGGTCAGCAACAATCCTTTCGCCAGTGGGGCATGCAGTCTATAACGACATAAATTACTTATACCCTTCGTAGCATAAGACTTCGGAATCCATCTTCAATAGAATGATTTCGGGGAAGTAAGAGCGTAGCGAGATCGTAGTTGGATCGCTATAACCTTCTTTTGCTAGTCTTGGGGGATGAGATACCTCTTAGTCACTTCCCAACTACATATTATACTTACCGTTGTGATCGGATTGACCCTTCACAACTATTAATTGCGCTAATGCAATATCGTCACAGACCTATACTAATTCGTGTCCTCAATAGAAAGCGTAAGCCCTTCACCCGGTATCTGGCTTTTATTCTCTTACGTCCGGCTATCGCGGTTGTGTACCCCTTACATTATAATGCAAGACTCCCTCCGAGATCTAGCGTGGTTATAGCGAAATTTGCCGACGTTGCCGTACGGCACACTGCTCTATCCCGACGAGCCCAGCGATTATAATAGTAATGTCCTATGTTCTCTGATCTGTGTGGAATCTACTGGTGCTGATCGTAACGCGAGCAGTTCAGTGTAAAACAGTCGTATCCGACGTCACTGCAGTATATCCACAGTTACGTGAGTATTGCTAGACGGG,1382,48.26,Drosophila melanogaster
SEQ_915992,ATAACTCATTTTGTACTCTGCCCAGAATAACGCTTAGTTTGCCTGAGGTTAAGTCTAATAGATACGTCGCATATACTCTGCTACACAGGATTCCTACGGCGATGATGGGAAAGAGTAGGTCGGGACCCACTAGGGCAAATGGGAATCGATAGCTGTGATACCCTACGTTGACTCTGAGACTTCAGTGTCCTGCAGTCATAGCCGTTAGAACATGCGCCTCGCAATTTCACTCGTCTGCTCGACTCGTCAAATCTGCATAAAGGCTACAGGAGTTATTTATCATCAAATCGTTACGTTCTAAGTGCACCAAAGGCACCGTCTGATGCGTGGCCCTATCACCGGACGAGTAAGATACTCACTGGACTTGGATTGATTAGTCTGGAAGTGTATGCCGAGCTGTACACCACGGGTTCCGAGTGGTCCAAACCGGCCTCTGCAGGTTAGTACTCCCGAGGATGTCCGATAAGCTCGGCGAGACCTTCGTACTGATGGGTATACGGTTCGGCCATATGAGGTAGCAACACCATGCCTTACCGGACGGTTCCGCCAGTGAAACCTCCCCTTTAACACGTTAAGGTAGATGGTGCAAAGTGATCGGTTTCGGCCTACGAATAAACTATTTAGATAGGCATTCCTTAGTCAATATTGCAAAGTCCTACGCCGAAGCCGGATGAGTGAAGACTTACAACTAGAACCTAACCACACACTTGTACTAGCTCCGGGAGGAGACCAAATGATTATTCCCAATAGTTAGATTCGAATGAGATCCGTTGGCCGCGGCCCTGGCTAACGGGGGATGTCCCATCCGAACGA,813,49.08,Saccharomyces cerevisiae
SEQ_474799,ATTGCCAAATACTGTCACGTTATGACACGCACTGCCGGAACGTTGATACTGCCAGGATGCACATGGCACGCCGACGGTAGTGGGGGGCCCGGACTTGTTTGGTTGTTCTTGATGACTCGCGGGGGTACAATGTTCTCCTAGAACTGGATGGTTCCCACGACGGATTTGTCTCATGAAATTGCCTTCGCGACCCTCCAAGTTGCGACTCATTATAGTAACAGGCCCCCTGATTTTCCCAGTGGATTGGGCGCAAGCCGATCAGTGAAGTCACAATATCGTACCGGTGACGTGTAGATCTCGTATTGTCATCTACATTGCACGCACACGCCTAAATCGTGTCCGGGTCGGCGAGTCGTCAACTAGTGGGCATATCAAGCGCCGTATTAGGGTGTGTATTTTGCTCGAAAAAAGAGGAGGCCATACCCAGAATGGGTAACCTGGGCGAGCATCGGTCCCCGCGAA,462,52.81,Mus musculus
SEQ_370340,AACTTTAGAAATAAAGACGTCAGAGGAAGTAGCTAATAGCGCCCCTGCGCCGCGCGCACCACTAGGATAATAGGCAAAACAGAGGGTTAATTACGAGGACTCGGATCAGAAGGGAAATCGGAACCCCAACCTGATTGCCCCGCAGATTGGCTGTCTACAAGTAATGGCTTTGATTATGGTGACACCTGCATTATGACTCGTACCACTTCAGGCCAATAGAACTCGCTCGGGCTGGGCGAAGCCTAGCCTCTTGTGGCGCTTATAAAAGCGGGTTAGGTAGTGTGAGTAACTGCGTAGTGTGACACTGCTTGCATCTTTTGCTGCTGTTCCATCACTGGCTCACGCCTTTACTTGTCAATCTCATAGTATGAAAGCCCTGCAGCGGTACTTCATACCTTTCGGCTGATACAGCACGAATAGATCATTACGCAGTCATATGGCACCTTTCTCATTACTATGAGTTGATGCTGGACCTCTTGGAAGCACCGAGTGCACTTTTGTATGCCCGGTGCTTCAATGTAGAACAATAGGCCAGAGTAGCATGGGATTCCAACCAAATCTGCCGGGTCGTATGAGACTATAGACTTACACGATACTAAAAAGAGCTATTTAACCCCCGCTATGCAGTTGCACCCCTAGAAGCGTTGAGGATTGAGCTGGATTGCACATCCAAGCCGTGTCGCGCTCCGCTGTCAGCAACTTTTGATAGCCAAGCACTAGGTGAGCGGGTACGAGATATTGGGTGTGAACCAATGCCCGGGTTCCAGGCATTATAGCTCTTGAGCAGCTCGAGCCCCTCCATTCCAGATCTTCATGACG,819,49.45,Drosophila melanogaster
SEQ_673811,GATGCCGAACTCGGGCATCACTAGACTAAAGTGGCTATCTCACATAGTATACTATTCAATGCTCTGACAGGCAGAATTACCGATACAACTTCTTGCACGTAGTGATGTGGGGACAAACGTGTGAGTGATAAAGTGTAGGCAAAGGGCCCTTAGACGAAGCAATGTCTCTGCAGTGCGGTAAAAGTTGCTAGATGAAGCCGCCCCGAGCCTACTACTTGGGCGAGGCGTTCGCTATCATGCGCGTATCGTCACCCCCCGTGTAGTTCTCAGAGGTCAGAAGGCGAACCATCAAAGATTAGACTGGCTTTACAATGTGCGCGTAACGCCGAAAAGCAGCGCTAGACTGGCGCTAAGCAGCTGGCCAACTTTTAACTGATTACCTCACCGGATCGGGCAGAGGGTATTTGATTGCACGTCAGCGCGGTTTCATGTACTCCGACATGACTCGGTTTCTTGATCAAACATCATACAGTGCCACCGCAAGCTTAAGCTCCATCCGATTATCCCCAGTTCCCGCTTATGTGGAAGGGCGCTCGTCTGGTGACTCGTGCGCAGCGATTCAACGGGGGGAACATAGGTACCAATCTCCGAATTCTCGAAGATCCGATGATGCACCTTACCCTTAGGTAGAATTCGCCACATGCTCATCCAGCGATGTGGCTTGCTGTGCCGTTGTAAAATGTATCGCCCGGTTCGATATTTGGGAATGCACTCCGAAAGCGTCCCGTGCCGGGTTGCACCATTCGAAGGAGGAAAATCTCCTTACTGAATGTATGTAATATCAGGTCCCTTGAATGTCACGTCTAGATATTCTGCTTGAATAATAATATAAGTTAGGCAAACGAGTTATTACATGTAGTGAGTACTGCGTGATTTTTAATTTTTATCGTAACGCTCTGAATCGCTACTCCATCCTATGGTATACTGGAAGGTGCGACAGACAACATATTATGAGACGAACGACCTGTACTCCGGACACGAGAAACATCCCCGTCGTCTATGTGGCATGCCTAGACCTTTCTAAGATTACAGGGCTGACTCCTCGGATTCCCTGATATAATACTCATTCCGTGTAATCAGGATCAATATATGATTCGATCCTGGTTCTACTTGCAATACATCACGCTCTACAAACTAGCCTAATCCTGATGCCCTTCTTCCAGCTAAGGGTCCGTCACCGTGAAAACGGTAAAAATTGTTTGCTGGAAAGACCAGTGCACTATGAAGTTGTTCACCGGTCCATGGAGCGACCTAGACCTGAGCTGGTCTAGAAGCGTCCTCGGTGCTCCATCCTGCTGGCGTTAGCATTGCCTGGGGCGCCGGCGAGTAAAAGCACACGTACGAGTTCCTTTTACCCTCGAAGACTTTGGGAATACACTACACCGACGTACTTCAACGAAGATAACGAAGGAAACACAATTGCTTCTCCTCGTGCTGGATGGTTTTCCCTAACTATAAGTTAAACCTTGAGACGTGTGTGCCCTCCCTTTCAGCCCCAATGTGAAGTATCTGGGTAACCGCCTGGTCATGATGCTATTGGTGAGGATCAAGTATAGGCACTGTGTCTTCAGGTTCGTCCCTCTTCCCTGTACGGCAGTCTGATCGGGTCTACGGATCGAGAAATAGGATATGCGTCATTACCTTGATACTTACAAAGGTGTGTGTAGATACGGTCCTATCAAGGCCATAGCCACTTGCTGGATGATCCATGACTAGGCTTTTATAAGCCCGATTCGCTTATATTCCTCCAATCACCAACTTACAATAGGTGATGGGTTAGTTGGGAACTTGGCTATGAACCTATA,1805,48.03,Arabidopsis thaliana
SEQ_891101,AGGCCGGCAAGTTCTTTCTCACAAGTCATCGTGTTAGAACGGGCATTCTCCTTACTCGACCAACAATAACAGTTAGCGGCCTTGACGTGAGAACTCGTCGGACGATGCTCGTACAATTGTGCCGATCCCTAGATGTTCCGTGCATCTACGAAGCCTGCGCAGGAGCTACAGGATTCATCGATGAAGTCGAGGGTGCGTCTCCTGTAAACTTGCGCATGGTCCAGGATCGGCACACTAACCACCATCTTCTTAGGCGGTCTGGCTATAGGGACCGGTGAACAATATAACCTCTAGGACTTCAGTTACTCGGAGAAAAATGGTGACACGTGCTCTAAGATACTTCGGTATGCGGGAACGACGGAGAAGGGCTAATTGGCGTTTGCCATACAATAGTGACGTTCATAGGCAGGCCTTCGCCTGTCCAAACCAGCAGTCATTCAGGATCGCTGCCTTTCCGCAGGCAACACATTTCCTGATAGTCCCCCGCTAAAGAGGTCATATGATGTCTCGTGGGCTTCAGGGATCCCTTGCAGCCTTTATGGGGACGTTGATCGGCGCTTTAGAAGGCGAGCGAATATGATGTATTTCTTAAAATCTGTCGTGTCTGAACTCCTACCAGAGCTTAACCTTGGTTTCGGGTGATCCAGTCACTTCAATTTACCTATTCGCCAGGAACCAAGTTATTCCTCAGCAGCAAATCAGTAATTTACTTAATTGCTTCAAACCATTCGGATGTCTTGCGATCTACTTCTCTCCTCTCAGGACATCACTTACCCTAGTAATTAGATAGCAGTGCCGCCGATAGATAAGGGATCGGCACAGGATACTAGACATGGGGGATCACCCATCCGAGCTGGGCTACACTTGATATACGGAGACAGATAGTGCACCTTGGAGAAGTTCCGTTGGGAGTCTCAGCAAGGCTACCAAGGGCTCGCCTTCGCACGACGGCTAATATAAGTCTGGGTGTGTACGTCTCTCGTCGATTCGCTCTCGACGGTCGAGCGCATTTACACGCGTATTTCCGTCTCTAAACGACCATCAATCGATTTAATAGAGAAACCCGGTATATCAAATCTAAACCACACACGAGAAGCAATGGTTTTTTTAGTTGAGGCTATACATCAAGCACTGAAGATCCCTTCCGAGAGTGTAGGCAAGACAGGGACCCATTGGGTTGAATTCCTACTGGTATACTCATGAAGCACGGCGCACGGAGGTCGTCAAGGGCAGAGATGAGGTCAGGATCACTGCCAGGCCATAAAGTTGCGAGGATACATTGCTCAAGGCACTCCTTCTCTTAGTTACGGGCATATCGGCATGCTGATAGGCGGGGCTGAGAACGGGTCGATATGCCTTTGTGCGGTACGACCGTTAGAAGGTTTAAGTAACGTGACGAATGGTGTATGGCCGATCAGGGCGGCATCCTAGAGGGAGCCCCGCGATCGTTCCGACGACTTCTAAGAATCACCAGGGGGCCCTTTCGCCGGCACCAGATTGTGTCCAAGAGCTCTTCAATAAGACACTCCAAAGGTTTTATAGGCTCAAGTCTACTTCGGGGAATGAACGTACTCTGGATAAAAAAGGCGCTTCGTCAAGGAACTGTTCCTTTCACTAACGGGGCTGGAGTTAAGCTGACGATTGACCGACGGCTATTTGTGGTAGTTCATATTATGAGTTAGGTGGACGACAATTAAGCTTGAAATGTATCATCTCCTTTGTGCAGAATTTTTCAAGAAAAGGCCTCGTACGCATTACGATGGGTGCAGGCGATCAAGTACGTTGTATCGCACGGGGCGCTGCACGGCTACTTAGAAAGAGTTTTAGCGGGCCTGCAGATCAATCGCTAGCAGAACCGGGGCGAGCAGGATACTATGACCAGTATTCCTGGCGCACCGCATTCAATATCAATTTGGCACTGACCAGTCTCAAAGTACACA,1940,49.54,Arabidopsis thaliana
SEQ_869029,TAGGCGCGAGTCGATTTTTAACTTGTGAGAATTACCCCGATCATAGCACTTACCGAGGCTCGGCCTAACCTTGTTGAGAACAACGTCACCTATACCTAGGTGGACAACTAAACGGGTAGTCCCTGTAAATGCGCTTTGGATATTTTGTGCTCCAAGCGATCGGAGTCACTTGACCCCCGTAGGCGTATAGCATTACTCTCCGTAACTTTATTGCCTAACGTAGATCAATAGCGTATAGGACTGAACCACGTGCGACAAGCCAGCTTCATCAACGGTGCCGACAGGTCAAGGCTCCGGCCGTCCCCGAGGACATGGTACTCGACTTATAGAAGGTTCCCACATTGGGATTGATAAAATAGTTACTTTCCGGCCATACGAGTGGACGGCGTGCCAAACTGCCCTGATTCCGTAGAAAAGGCTGACTGTGTACGATGAGGGGTGAACGCCACTCGTGACCAAACCCGATAAGGGTCCGTAGCAAGTTGAGGATGTATGGCCGTGGACCTTCTCTTTGTGGGTTACTGGTCGGTTCAGTCAACCCATTAGTACCGTTCCAATTGCTTTCATCGTCCATTCCATGGCAATCCGGCTACTGGTCAGCGGACACGCTCCTTTCTGTAGGCCGAATCTTCTCCCATCCTCCGCTGGACGCCTCCGTTGTAGGCCACCCCATGGATGCATGGAGCCTTCACGATAACAGATCGGCTCTACAGGTGCTAGCGATATTCGTGACCGGTCGCCACTATTCCCTTATATGGTGTGCTCTTACCCTAAGGATTCACGGTTAACTATAGTTTCTCTTCTCAACGCCTTCCAAAGATGAAGTCGGTGGGGGTGGTAACGATATCGTAGTTTTTGGATCAAGAGCACCGTTCGAAAGTCCGGAATCGGATGCAGACTCGCCAGGACTGGTAGTCGTTTTGAGTCTGTGTGCGAGTTTCCCAGAGCTCGGCCCTCCTCGAACCTTCATCCATCCATGGCCCGCACGTACGAATTCACCGGCACAACTTGCACCCAGCCTCGTCGATTGATGCTGGCGCCCTTGGTGGATTTAAGTTCTCTGTTGAGGTGCCGGTATAGTCAAACTATAGAAGACTCGGGAGCTTAGTTCGAAGACTGTACCTAGGTGGTTATTGTATCCACTAATCGGGTTCAGCGTCTTTCGTCAGCCACTATACTCTACTATGAAGGAAGGGAAAGTCTTTATGAATCCACTACCAAATATCCAGCTTGCTAGCTGAAGCCACGTCTCACATCATACGTGATAATCTTCGGGCTTCTCCGTTCGCACCGACTTGTTATCTTTTACGGGGTGTCTTCAAGCTTATCCAAACCTGGAAGTATCTGCTAGAACGTTAAGTTGGCCGTGACCCACCAATTGCATTAGCGGTCCCAACGCCCTAGTATGTGTACTACCACCTTCATGAAATGGTATTTGAGTACCGGTCTAATCAATATTACCATAGCACGGCCGGCAGGAGTGGAGAGGTCCGTGTCGTGATCGAGAAACCTGGTCGCATCGCTGTGAGAGTGTTTGGGTAATCACACGCCCATGATAAGACTCCTATGATCCCGCCCAATTTAAAACTGCCCATAGACCAATGTCAGAACGTGGTTACTTGTGACGAGCGGATCGGGGAGCAACGGTAACTGTAGATAGCAAGGGTGAGATGGGCAACTTTCCGCCGGGCACAATGGTCCCGGCTAGACTCGATCTAGGCTTTCACTCCATGGATAGATGAGGGTAACTTACCTGAGACGGGCAGACC,1769,50.65,Drosophila melanogaster
SEQ_806032,GGATGCGAAACATTTTCTCTATCCGTAGGCGCGCAGATGCTGAGATAAGTTCATTTGGCCCATGGACCCCAAGTGCGGGATAGGCTTTTTTTGTTATAGACTTAAGGGTTAGTTGGTCGGTGTTTATGAGCTAGAAA,137,45.26,Drosophila melanogaster
SEQ_647809,CGATCCGCCTGTAACATTATACGTTCGAGATTCCGTGTGCCTATAGCATCAGGTATTATGGACGACGAGCTCTATTCTTTAAAAAACGTTTGAACTGGTAATCCGTGGGGGCGACATCGCTAAGAAAATCCAGTCACCACACTGTATTTGGTGAATAAATCCCCGTCTTCTCCTGTTTGAAAAGATCTATTTCGTACTCCCTGAGTTTGTTCTGTGAGAGCAGAGCCCGCTCCCGGCGAAATTGTTTGAGTCGCGAATAGAATGTCTGGCGGTCAAACGGGTGAACCTTTAATTAACAATGTAAACCCTATAATCATTTTCATCGTGAATCGAAGAGGCCGGCGGAGACGCTACGTTGATGCTTCTTCAAAATTCCGGGTAATACGGGTGCGCATCCAACGTTCCAATTGAGATGGAAGACTCGTCTTGCAAGATCGGGGCGGACCTCGGAAATGAAATAAGTCGTATGACAATCATCACACTTGTCAGCATACTTTGGCAT,502,45.62,Saccharomyces cerevisiae
SEQ_217032,CGACAGAACAGCCTTCTAAGGCAATAGAGAGCTATCTGCTACCGGGATTTTGTCTATGCGTCCGTAAACATCTAGTGGTTGCTAGAGTACCCTTTGCGCGGTTTGCGACTCGGGAAATGCTGAGCCCTCACCTAGTAGGACCGGCAGACCCTGGGCTTTTTGACGGCTCGTCGAAGGTGTGATGAATATCAGTTACTAAGGATCCGTAGCTACATGGGCTAGCCTTAAAATTATCCAAGCATGACCTTATAGTCCTCATCGGCGCAGGATCTGTTCGTTAAACAGCAATCTACACGTCGTACAATATCTTAAGCATAGCCGAAGTCAAAATTACCGCTCAGGGCACCTCACTTTAATATCCCATAGTTGCGTTCCTCTAAATAATGAAACGAACCCAACCATGACCTTTTTCCAATCCAGGACGTGACTCTACGTGCGCATCACCAGGCCACGGCAAGCGGACATGTTAGTACGGAATCGTTCTGCGTCCGGCGGAGTATTCATTTCCCTTGAGAAGAGGAACTATTTCACTCTAACCTCTTTAGACTCCTACCCGGAGGAACGTCAGGGATAACCTTTGACTACTTAACACGGGTCGCTCGTGAACCTAGGCTTGCGGATCGGGTAGAAGTACGGGCTTAAAGATAATTAGTAGTCGTAGTGATACTAGTTTTCGTTTTGGATCATTGTTACTGGTCTGCGATACGCCTGTCCGTCTACCTCGGGCAGACCCGCGACAACGGAAAAACAGCATAAGCCTTTCGCTAGTCTACGACGTTTATCCCAGCTCACTGTGTCTCGCTGCATCCCCCGTTACGTAAGTGAGCACGAGCATGGAGGTACCGGTGAGTCCCGGGACTCAGCGGCCCGCTTCTCTAGACTAGTGTACGAAGGTTGCAGATTGCCGGTCTCTTAGCATCCCCGATCAGCTTCCTACCTCCGGTTTTCGAACATTCGACACGCGAAAGTTCACTTACACTGAGACGGGCTTTTCCGGTGGGGCGTCAGGAGTCTCGAACTCATGGCTCAGAGCAACTCTGGGTCATCCAAGGGGCAACCAATCCATTTACAACAGAAAAAGTAAGCCAGACCGCATTCCGAGCCGGAATTTCCGCTGAATACGAGGCCTAGAAGCATCGAACACAGAATCAGGTAGCGGGAATATAAAGCCGTATACTGAACGGCAGTCACATCTGCACGATCTTAACAGTACGCGCAAGGCCGTAACCATGCGTCACCAGTCCACGTTGGTTAAGATTCTGTACACACGAGCCCTCGAACCCGGGGTATCGTCAAGCTTACGAGGCATGCTTGGAAGACCAGCTCCTTTTTACTTCACTCACGATCCATTTAAAGTCTAGCCAACTCGCACGCCCCTGTTGCGGGAAACGGTGATATGTTGTGAATTCTGCAGCGGAATATAGACCGGCTGACTGACTTCCCGACAAAAACTCACGAAACCATTAACCCCTTGAGGGTGTGGCTATATTTCGGGCGGACACGATTAAACGAAGTTCTCACGGACGAGGACCCCCTCTCGGAAGAGGTGGTTTGACTCACAGGCGACCCTCCTGCCCTTGCTCACCTGTTTTAGCACCATTGGTCCCATGTGCCTTATCCCCTGGTGCTGGATGCACATCGTCCCCTAGAGCTTAGTCTAAGGCTCCCATTCCGTGCTTCGAGGTAATCACCGTCATGTTAATAGCGATGTGTCTGGCTTCCATCTTGTGACAAATTGAGGAACTCAGTAGTACACTACACGCCTTCTGCGCTGAGGCTACGAAGTGGTCAGTGGAATAGGTACCACTACGTGTTGATGGCATAGCTGGGGCATCGTTCATAAAGGGCCCAGTGGAATACACTATGACCTTATCTATTGGTGCGCCCCCCCGAACCAGATCAAAGTCACCAGGCCTGTTGGTATTCAGTCGTAGCCCTCAAGCGCTA,1947,50.85,Homo sapiens
SEQ_675999,GGAGATGGAGGACACCCCCGAGTTTAAGCCAATAATGTGATCCCTGTATCGTGGATAATTCCTGGATAAAAATTCTCTTTCCAGTTATCCTTCCGTCTACAGTTGTGAAAGGTAAACGCTTCGGGGTTCCTACTTGTTGGCGCTAGCTGCAGCAGGCACCTATTCCAGTACACCATTACTGGTTACGTAAAGACCGCTTCACCTTTCTACAAAAGTGCCTATATGTATCATAGGCCGTATGCACAATTACTTTTTTGAAGAGAACACTATTTATTACTCCATTACCCTCTCGCTAAATAATTGGCGAGCAGAGGGAAGGTCCGCGTGGGCCGGATAAGCCAAATTTTCCTGCTCAGCACAACTGCGATGTAAGTATAGTAAGGAAATTCGCAAGTGTGATACACCCGATGTGAATCGCCGACGGATTGGGTTTGTTGCCTTGATGATCGGATTTCGCCAAATCGATATCATCCTAGCCAAAATCGGGTACACGTGGATTACGCCCGTAAATTCTCCGGTGTGACTACGAGCCAAAGCGTCTTTAGCGCGGCCGGAAAGGAGTCGACTGAGCGCACGCTGCATATTTTTCAGGCGGGCAGGGCAGCTTTAGTTTCGACCACACGAAAATTGGGCGTCGTTGAGCAGCTGCCAGTGAGTGGAAACCACACTGGGACGAAAATGAGGATAAGGAATAGGCAGTTTGTGATGGAGTTTTTCTCACACCTAGTTCACACG,735,47.62,Arabidopsis thaliana
SEQ_477512,CGCCTGACAGCGGTCTACCATGGCAAGCAGGCCAAAGCAGCGTGAGGCGAATTAACCGAAGTGAATTTCATCACCGCCCCTTCACTCAACTTCCGACGCTTTTCGCATGCTCGCCATCTGAAGCTCTTAGGAATTCATGGCTGCTATTAGTTGCAAGGCGTCAGTCCGTTCCTTAGTGACACTTTCAAATGCTCGGTCAGATCCTCGGTGGAATTGACTCATCCAATCCGGGATCGACCCCCCGGCACAACTGAACAACCGCCCGTCTTGTCTACCTAGATTCTATACGCTATGCACAGCTAGTCAGAAGCGCGGTCCCTTCAGAGTGAGGGAGCGGATAGACCTTGAACATCTGAGTAGCTGCGCAGTATGCTATCCAAATAGAATGGGCTTCATAGTCGCTCGTCGCTCACAGCCCAGCTGACAGTGCCTCTATAGGATCTATCCTAGAACACTAAACCTTGAGCGAGGTGCAGAGAGATGGGCAGCGAGAAGTCGGCGAGGGCTAGAAGATGGGCGCGACAATTATCGGGTTACAGCATCCAAAACGTTCACCCCGCACTCACAGTGCTTA,574,52.79,Arabidopsis thaliana
SEQ_951118,GCGCCCCGCACCCACAGGTGAGCATTCACATATATTCCATTGCACGTCTGTCCTGTATGTGAGATCTAAGCAACGACTTACCATACTGATCATAGATGGTAATAACATAGAAGGTGTCAGAAGCGCCAGTCATCATGGTAGTTATATATATACCTATATTGGACTAGACGTGTTGTGCGGTTTTTGAAACACCGCAGTTTGTTCAGCTTCCATCTTCATACAAGAGTGGCGTTGGCACAAGTAAGGCTGCCCACTACGCCGGGCGCGCGACTGTGCACCCATTTGAGCGTAACGCGCGGTGTAGTCTACTACTAAGGGTCGCACTTAAACGGCGAAACAGCGTACCTTCTCGCATTCGTCTTCTGCCGCGGCCAATCTAATGCGGAGTGTCCGACCCAAAAGACGATCACTGCCATTATCCCGTACTTACGTGTCCACGGCCTCCCAGTCATCTACGGCCCCTGACACACCACGCAGCTAGAAACACATTTCCAGTTAGCTGAACTTAGGGGCATGCAAGGGAGCGAGATACGCCCTACCAAGTTTTTTCCATAGCGTATCCATGGAAGTCATTGACTTGCCAAGCTTACGCTTGTAGTATAATCGGCTCTCCCTATTTTCTCGGTGCGGGCGTGCAAGTTCCAAACGCGTTAGGTGCTGCCCGCTGTCAAAGACGCTGGAATACCGGAGTAGATTGAGCTGGTGTTTGTTTTACTAGCTTATTGGGGGCTTCAGGTACCGTACCCTTTAGCTGTAGGAGTCCACAATAGAGACGTGTGGAGTAGCAGCTAGCGTTCTGATACTAGGTTCCCAGTGCGGCTCCTAAACAACAGTCATCCAGATCGAAGTGCGACGGTATCACCAGAGGAATCCTATTAGTTTCCAGCTACGTTGATATTTTAATTTATGGGGAATCTACCAGTGGCCGCCTGTTTCCTCGAAACTTCAACTTGCTGCCCTGTACAGGGCAAGTTCGCGAGAATCAGTCGCAATGGGAGCGTGAGTGATATCTGAAGGTGGGAACAATCTGATGGACCTCTTTTGATCGCAAAAGCCTAGTACTCATGTATTCCGCATGACGTGATATATGGATGGCGTCATCGCAGAGGGTGCAATCACGGCCACAAGATGCTAGGGAGGTAGTCCTTGATGCAGTACATATAACGACGCAAACATCGATCCGTAGCTAAATTGGTTTCCAAAGACCTACCCTCAAAGGCTGGGCCAACGACCGAGACCATGCAACCGCCAGCGGGGTGTGGCCATGCTAAACTTTATTAGGTCGTGGTGTAGAATCCACTAGAAGTAGTGCTTGGCGTACCTACTTGTAGTGGCCTTACGTCTGGGAATCTTAGGGTATCGCTATAACATCATGCTGCCGTTTCGAAGTTGTTATCAGCTGAGGATCCTCATCCCGTAGTATCGTTATTTCAATTATCTGGCCTTCGACAACCCCGTAATTCGAGTAGTGCAAAGTATTGCGCGGCTCGTGCAAGCTAAGGGCACAAAATGACATCCACAGGTTTGATGGCGCGCGATAGACCGCGAGGCAAGAACCATCAAGGTATGTAGTAAGATTCGCGAAAGCAGATCGCTCTATCTTAGGTCCTCTCCCGTCCTCCGCTCTCCAATGTAATGTCTGTACATAAGTTGTTCATGATCTGTTCAACTATGTCCGACCTGATCGGAATCGATCTTCAGGTTCGGGCCCTGGCAGTGAGAAATCTCATTCCAATGTGCTTTCGTGAATTAGATGTCGACATGGGTGGCAATAAAGGTTCTAGTGGCGATGGACCGGGTTGGGTAGTAAAAATTTCGTTTAAGATCGATCACACGCGTGAGATTTGGTCGCAGATAAGAAGCACGCAAATCAGCGAGATAACACCAAAGAGTACGTATTTCCACCTTTAGTCCGTATTCCATGTGTAGTGTACCTCGTCCAACGACGTTAAGCATGGGGTATCACAAAGATGAG,1975,48.86,Drosophila melanogaster
SEQ_746789,AGTGTAGAAGGAGCTTCTGAGGTCACATTCGACTCGGGAGGATGCGCGGCTCTGCGTGATAGAACGAGTATGGCCCCCACTCATGACGCATGGTCCATTAGAAAATGAATTTGTGTCATATTTTACAATAATCGTGAGTCATGAAAACTTCAATACTTCAGTTTGGGCTGGTGACAGTATTTGCATGCAAATTCCGAGGTTTGCCAGACGTCCTTTCGGTTATTGACGTCAGCAATCCGCAATCGCGCAACAAACTTCATGACGCCCCTGTCATCTACTGAGGACTAAGCTTGCCAAGCATGAAAACGTTGCCGTTGAATATTTTTCGAAATAGGATAGTTCGCAGTCTACATAAGCACTATCCGTAGAATATTTAATGGGTAAGTCTTGTTTGGCGAGATCTTTAATTAATACCTACCGGGCGGCATGGCTCGACCTCTCCCTGTCTGCTAACTAATACGAATGAGACCAGTAGGGAGAACTATCGGGGACTCT,495,45.45,Saccharomyces cerevisiae
SEQ_603745,CCTGGCAGCTATCCCTAAAATTGCGCGTTCTAGTTAGCATGGGCAGGCACGGGTAGCCATACCGGCCGACAGTGCGCCGAATGAGTAGCCTTCTGGATTCTTAAGACGACAATGTGGACTACCTTGTAAGACTCGCGTTCTTAAAATCTGTAACTTCTTCGCGTATTGTTCCCCTGTTTCGGTCCGTTACATGGGCGGCTAGTGGGACTAGCAGACGCGTCCCGTCTACTGAGAAGTACCAGGGTATCAAAGAAGTTCACTAGCTCATCTATTGCGACGATTGAAGCGTTGACTTCGCAAACGTCACATTACTCATTCCGCATCCCTTTACACCAGCTTTAGCTCCTAGCCCACCCGTATAGTTTCAGAAGCCATTTCGATAACGGTTGTTACCTATAGGTGAGGGTAGTATTACAATGCTATCTGCTAGCGGGTGGTTCGCGTGTATCACAGGTTTCCACATCCAACAGTTTCGATCGTCCGCCGCTGCAAAGACCCTAGACCCTGGGTGCGAAACCCCGTCATTCCCTGGAAACTGCGAAAACCTCATCGAATATCTCAGTAACAGACTGTGGCCTTTACTCCAATCGGAGTCGGTCTCACGGGGTGAATCCGCCAATACGGACTTGGCCAAAATTGCGCTGTTCCGTTCACTGGGCGAGGGAGAGCAGAACTAGAAGCAGGTGTGACCGCCGAGCACCCGTACAATTTAAATCGCATGACTGTGCGTCAGATGTTTGCAACAGCCAGCATATATCGACTGTCTCCCTCAATGGCCTGTTGTTCACAAACAGCCGGGAAAGCCCACGCGGAATCTGATTCCAGGCATCGGGTGGGTCAGGGAGCAAGAGATGTACTAGTGGAGCTTTGGGATGAGACCTGCCGTACGTGTGGTATGGAATCGTAACCTTTCTCCAAGGGCGAACACCGCTATCCATTCTGACACGCTTACAGGTGCGTGAGTGTCTCTATATTAAAAATGGTGCGCGGCCTTCTCAGGATCTTACAAAGGTTTCGTATGTCGATATTCTGTCGGGGGCATTAGCTCGGCAAAGGGAGCTCTCTCAGGAGTTCTATCTACCAGTGACGATCTGAGTAATC,1101,50.95,Homo sapiens
SEQ_326404,CAAGTTTCTTTGTCTTAGGGACCGAGTGTAATCATGATGTACCCGTTTGGGATTCCCATTCTAGACAAATAGCAATGTATCTACCACTCCTCTAGGCAGCCGGCCTAAACTGGACCCATAAGCAGATCAGGTATAGGATACGGGACTGCAGTTGGTGGTGAGGGGTGCAGACTAAGTCGAGGACGTCCTCAATAATCCACGATGCGGGGATGTTCAGGGTGTCGTTAAGAGAATGTGCCGTGCGGAATAAAGTATATGCCCACCGGCTTGAATGAAATCATCAGATCGAAGGCCGTAGAGGAGCCAGCCGGCAGCCAACTTGTATTCAGAGACATCGAGAGGCCATTAACGGGTTGTGTGTACGTAACGTAGGCGAGCCTTGGTGTTGCCCATTGTATACCAATGATATTTTACGCTACCCCACCAGCGAGGAGCAGGCATTAGGGTTCCCGACATAGACCGTCATACAGCACGTACCAGCAAACCAAGTCGACACATACCCGCTTCCAGATGCTTCGGAAAGAGCATTACCGCTAAGTCGACAGTCCGCGTAACATCTTCCCAATCTCTGTAGGGGCCCCAATCTTGAGTCCCACCCTGCAACAGCTCTCCTCATTTCATGCATAATCTGAGATATCTTACGGTTGCCTTGTTGGAGGGCCGTTTAGTCAAGAATCACACCATGCATGCCAGGTGGATGCCACTCCTGTTAAGTTAGAGGACATGTGTTGGTGAGGCAGTGGGCCTTCTATGTGATAATAGAACGAGGGATTACTGCAGGGTGGCGTAAAGATCGTAACTGTCGGTGGTGGACTGGCCTGTCATGCATATACCGGTAGGTCCGAGAATCTAGTTAGATCTTCTAGTATACCCGCTTGTTTAAGGGTCGCTTATTTGGCCATTTCTCGGTACGCACCCGGCATTCGAATGAGAAGGGCCCAGAAAACGCTGGCGGTACTTTAAGGTCCCTGGCAACTCGCACTTGTAAATGATGCCGACTCTGTGGACGGATTGCATCCGAGGAGGCTACGGGCGAGAGCCGTGTGCATACCAAGCCACGAAGATCTGTAAAGTTTTGTAGGCCGGGCCACGCGTACCTAGCACTATGCACTTTGGTAACGACTACCCCTATAGTCGCCTAGATCGATTTCAGTTTGTGGGCGTATACACGTACCATTGGAGTATTTTATTCGACACGAAGTATGCTCCGACATATCACAACTCAAGATATTGACGCGCGTTCATCACGGTACCAGGGGAATATGACCAGAGTCCTTAGAATTGTAAACTAAAGTCTTCATCACTAATCCAAGGTTTTTTCGTATCGCCCCAGTGACAGAACAACACGTAGACTCATATTAGAAGCCCTCCTGACTATGTACGATTTGTGATTGTTAAGGTGTCCCAGCCTAGATCAGGCTCGAGGGGGGGAGCTTTTGGCAATCGACGAGCAAATTAGTACTTTTACCAGACATTCGCAGTCAACTTACGTTATTCTTTGTTAACCAGAGAAAGTGACCATCTTTGGGTCAATTAGCCGGGTTACCGTGCTTCAGGATTGATACAGACTTACCACAACGCCCAAGGCAAATGGTACAAAGGCAGAACCATGCCTCAGCCGGCGTGTACCACCATTCGTACGTGTTCTGCTAACATACCGGTCGTAGTGATCAGCTTTGGGCAGCCGTGAGTTTCATGTTAAATGTGGACCGTTCTGCTGAAATCACAGGATAAGACGCATCTCATTCAATGTCTTTTAGAGCTTCCTGTTTTGTGACCCCCAACGAGCAAGTAACTATCTCGCGTGGTAGACTCTGATGCCCTGATCACCCCAACTCTGACCGCGAGGGTACAATGATA,1860,49.09,Homo sapiens
SEQ_566580,CCTGGAGACACGAAAATGATCGTGGGTTCGCCTCGCATATATTTCATGCATGCCTAAAGTGCCTCCTTTTACAAACGTTATGTACACGACTTGTCGACGAACAAAATTGCACCCGATGGCTCTGGTGGGAGTTATCGAAAATTAGTCAAGTGTTGCTCTGGTACCTCCCCTTTTACTGTCACGTATTAAGGTTCGGGGTTACTTCAAGGGGTAATAGTCGGGCAGTCTTTTATGTGCGCTAGTCAATCGCATACGACTGGTTTTCATCGACGAAGAGTAATCATACTCCTGTACGGGGCAACCTCAATTAGCAGGGTTCATCTGGCCAAACCGCTCAAACCACGTCTCGTATCTTAGTGACCGAGTCCACGGCCCTGATGCATCACGCAGTCGCATTCTGAGCCCTACGGTGGGCAAGCGCCACGGGCTTCGTGCGCGTCGGAGCAGATCTTGCAAATTCTCAATAAAGGAGGCCAGTACACTAGTGCTCCCGTGCCTGGTAAATTGACATTTTCCGACGTCCTGGGTAAGCTGCCACAGCCAGGCAGCTAACGACATGTTTCCTCCAGTCGAAGGCTTAACATGATGTAGACTATGTCTAAGCCTGGGAAGCCACGATTAAAATAGGCGCATCGGTCTGTCTATCAAAAATGGCTTAGTTACTGTCCTAAACCCTTGGGTACGCATTACCCATCTTTATAGACACAAGATAGGCACATCCGCTTCCGTATCGAAGGGTAAAGCGATTTAAGTATTAAGGAAGGGACCGCCGTCCGACTTTGGTTGTAAAGCCTCTGCAAGATCAAATCACCTACAATTTTGCGGAATCTTCGGCTGTCCTAAAAGTTTACAGGTTGTTGTTGCAATCCCTTAATGTACCAGTCGTAGTTTACAGACCCAGACTAGCGACAAGAACGACCATAGCTAGCAATCAAGGGCGGCTTCTTGAACTCTTGAAGGGTTGATAATTTTTGGACAGCGGGGGTGTAGACTCTTGCCGCCTACAATGCCCCGGACCTCTTTGGCGTGCAATATGAATTCCATCCCAACGAGGCTCGGCCTTGTCTTGTTATTTTTCCGCTTCGGCCAACATTAGGTGTGCCACGTTCCCCTAGAGGGCCGACACGGTAATCGGTGGGCAGAATTTCCCCCTCACGGTGTAGCTCTTAGATTACCGTGGCGGTATCTGGGGGAGCAGTGGAACCACAGAGTGGCCAGTATGTTAGCCCTTACGAGCCATCCGAGTGGGGCCATAAGGAATTTCTACCCGCGGGTCTCGACCTGTAACAAATGACATATGTTGTCAAGATCTATCTTAGAAGGTTACTAACTCCAATCAGGTAGGAGCGCCAATTGCGGTACCCAGAGACACCAATGGCCTTGGGGGCATGTGAGACGGTGTGTGGGCTTTATGAATCGGGATGCCAACCACAGAAGGTCCTTCTGAAAGACAGCTGAGAAGACTTCCCGAGACTTTCCCTGGGATTGGGGCGATCTGAAGGACAACCTCACTTTGTGCCCGATATTATGGGCAAGATGTTTCTTCCGGGAGGCGTGAATAGGCAGTATCTCCCCCGCCTAATATTATTGTGTGCAACCCTCTTATGCCTGTAGTGATCACAGTGGACCGAGATTCAGTTCGATTATCACATTTCAACTACGAACGTTATCGTTTGTAAATATCAGCCACCGCTCTGTAGATGGCTCTACGAACGGTCCCTTTGCCTCTGCGGAGGCGATTAAGTCACAAAAATGCATCTCACGCACCCTTAAGTGGCCCAGT,1783,49.58,Homo sapiens
SEQ_971591,CCCTGGAGCCAGGAAACGGAACAAATCAACATTTCTTGAGGCACCTGGGCCCATACGCAGAGCTCTCCGAAAGGACTCGAGACTGAAGCAGACGGCGGAACGGACCAACTGTCACCTTAGAGTACAAGTTTGGGCCCGCACGCTGCAGGCCTTAGGGTTCAACGCCTAGTGGATGGCAAAAAAACGAGGCTATGCATAAAGGAAGGGGCGCGTCGAGGTACAGGATGGCGTCGCGTATATCACTTCTAGGTCGGGTTCTATCCTTCGTCTTCAGCTAACCCAAAGACTGTATGGGCAGCACCGTTCAGTCATGAGGCCGCTCACTCCGTTGTCTGAATCATAACTATTCGTCAATGGTACGAATATGCGCCCGGTTTTCGGGGCTAACATTCCTGTAACTTGCTTTACGGAAACCACTTTTAGTTGGCGTGACGGCACGTGAAACTAATGACCTTGAATATGACCCCATAATAGCCGTGGCGCCATCGAGCTCTCGGTAAGAGCATAACCTGTTCGCAGTTGTGTATACTTCTCATGATCATCCGTGCGTGCAGGGTCATCGATTGTATGTTTGCTAGCGCCGAATCCGCGTGGCATAAACCGGGGCTCTTCCAGAAGTGATAGTCTCATTACTACTGTTCAACCCACTATATATCTAAAAATTAAACAGTGTCGAACTAGACGCTTTTCCTCCTGCTACGCCCCGCACCAAGGAGCAGATATCCTTAGCCTCGCTTTTTTTAGCGATGCCTTGACCCTTTTGGCCGACGTTCCGGCCAGATAGACCGGCAATTCCAAGGTCCTCCAGCCGTCGTAAAATGGTATTGGCAAACGTTTTAGTCGAGACGTGAATGAAGATAGATAGATGCGACGCATTTCAAGCGGTCTCTGCTACTCCTTCGATCGATTCATATCTGACTCTGATACCTGAGAATACACAGCGACAACCACAAATGCTGTGAACGTCAATGAAACGAGTTCCCAGGAATCGCCTTAAGACTATCAAGCCGCCTCTAATCTTCGGTCCTCACGGAGAAACCAGTATTCG,1048,49.9,Caenorhabditis elegans
SEQ_748421,AGGTTATGTGTTGTACGCCTAGCAAGACATCTGGGCTACGCCTATGTGACCGTGTACAACGGTAGTACATTCAAAGCGCTGCATAGAGACTCACATGCATGAGACTCCAATCTACCCAACAATGCCCAAAGATGTTTTGTCTTCTGGGATCAGCAGTAGCGGCAGTTTAATGTACTCGGAAAGTTTGGGGATCATCGGAGAAGCATACCTCCGCTATTACCACCCGTTAGCATATTAACTCGTCTCACACTCGGGCGATTATAGTAGCGATGTAAGGATTACGCACGAATCAGTAACCTGAGAGAGCGAATTGTAAGATGGCTCGAAGGGCCGGTACTTGCGAGGATACGACGTGGCTTACGTAATCCACGGAAACTACTGACCATTTATGGGCTTTGCTTAACAAGAAACACCGTTTTTCCGCAAAACAACAAATAAAGTACCCTAGGGGACGTCCCCCTCGCATCCACCGAGGACACCTGTCCCCGATCACCCCATTGTGTGCTCTACGCGTTGAAGTCTTACCCGCGCGTCCATAATGGGCTCGTAATAGGTCTATGACTGTATCACCAATTGAGACTGAGTTGGTATGGTTCTTGCATCCAAGAAACGGGTGAGGATACCGTAGCACCTTATAAGGCTGTGTCATGGCTTGTAAATCCTAAATTAATGATTTATTAAGTGATACATCATTGTCCAGTACCCGTGTGATGCGTAGCCTATATAAGGGAGTAGGTTTTATCGCCAGCCTACCCTGTACGCGACCCCCTGCGGAAACCGACGTCCATAGAGACGTTCGTGGACACAACTGGAGAACTGTCTACCGGCCAAAGAGCGGTTTACGGCCCAACGACGCTCAGAAGTACACGTGCGCCGGATTGACTCTGGACATACTCAAAATCCCTGATCGTGTACGGTACCAGAGGGTCAGTCGCGTGCGCGGCTGATTACCCGAAAGTTTAGCGCACTGTTAGTATGGACTAACCCGGAGCGACGTTCGGAGAGCGGAACGCACCCCGTTATCGCGCCTCTTAAGTGATAGACAGCTCCAAGTACAATTAGGTCCTTGTGATACCATTGATAAGAACCGATGACTCAATATGCAAACTGCGCTGAAGGACGCTCCGAACGCTTTGTTACAGATGCATTGAGGCAACCGGCCTGAAAAAATGGTAACCATACAGCTAATCCGTAAACTGTGTTCGTAGGTTATATTTAACAGCAATACCTCACCATTCAATGACCCTCGCAAACGCAAAGTGATGCTCCCCTCCGACTTATTCACCGGGGGCGCATAGAACTCCGGACCTAAATGCTGCATTCATCGAGATGTTCCGACAGAATGATTATAACGTCTGAGCCTCTCACAAATGAAAATACTCGCATCCCATGAAACGGCTTAACCGTGCCCGAATGCCGCGACTAATGATCCGGAAGGGGTAGCTTCCTAAGGCAGGCAAATTCTGCCTGTC,1472,49.05,Saccharomyces cerevisiae
SEQ_233920,CCGCCCAACTGGTCCTCAGCCCCACGACCCAAGCCTACATTGAGGCCGCAAGAGTTCGAGTTGGTCGTGGAGCGGAATTGATGTATAGAAATGGGCGAGGCTTAGGGCGGAAGTGGGGATGCTGAGTTGTGCATCTCCCGTAGTGCAGCGACAGTTGAGCCCATATGTATAGTCTCAGCACGAATATAAGGTTTAATAGATTGAATGCTTTCTACCCATTCGAAGTCAGCCCATCTTCGCAACCGCCCTCATAAACGCCTGACTACCCACATGTGAACGATTCTCCAAGACCCACATGATATTTTTAAATGGGGGGTACCTTTATTTGAAGTATTTGGCTTGCCGCTTAGTCGAGGTCATACCGGCAGGTGTTCCTAGACTTACTGGTTAGAAAATCCGAGAGGGACGGTCTGTCCAGATTCCCAAAAAAATGAATCAGCTAGAAAATAGAGATTTACCAATTGATATACATGTGGAGCCCGTGGTCTCCCTCTGTAGGGCCGCATTTCTGCGTGAGAGGAGAATTATAAGGCTATCGTTACTATTGTGCCCATGCCACTCGGAACTTCCCTTTAATCCTGCGATGAAAGCGGTCCACCTTACCGTTCATTGATGACACTAGACGATTTGAGGTCAGCCCATTCAACTTAGGCCGGGAATCACAGCTAATATTCGTGAAGAACATTCCGAAAATAGTTGGAGCCCTGGCTAGGAGACAACAGCTGCGGTTTTCTCGCGGTGAAGTGGTCGAGAAACATAAATTTATAAACCTTGCAAACTTTGCTGATGCTACCCTGCAGCATGCACGAACTCGTATGCAATTGTGATAACTGGCTCATTGGATGCATGGATCTCCTAAGAGTATCGATAACTTATGCTATTGTCATTTAGGATGTTCTTCTTCTTGAACAGTTGCCGATAACCCGCCGTAGGAAGAGCTGACTTCAGCAACCCCGACTGGTCAATCAATATACGTAGCTTTCTGCACTCAATGGTGGGTGACTGCAACCAGGTCCAAGCAATGCGCTTGGTTTAGCGACCCGGGTTGTTACCAATAGGAGATCGCTACCGTTCGACGGTTTCATCGTACACCCCAAAAGAGGAAAGGACGGAGGAGAGGAAAGAATGGACACACAAACGGTCTCCGCAAGATTGTAACTCAATTTTTAAGTCACCTCGCGCGTCCTAAGGCCCTCATCGGGATCAAAACTTCCACGAATAGCTGCGCTTGTACAGTAGCTGGCGAGGTTCTACCAGATACCCTCGATCTTCCTTGTCCCCAAAGTAATCCCCTGTGATTAATGCCGACCATATCCGATTTCCTGGCTTAGGTCACTTTCAGAACACGCTACGAGGGAAGATTAGTACCCCGGTTGGCGAGTCTTGCCTGTTTCTTCCAAGGGCAGCATACTCGTGAGTCCCGTCGGGCGCTATCTGGCTTGGGTCCGACGGGGCCGCAGTCATCGCCGGGAGCCCCCTTATCGTGATCTGAGTATACGGGCACTGGAAAAACGATCCATACTTTCTACTCGACTACGACGTGTAGTATTGACAATATATGGCTCACGCTCCCGCCGCGGTCATGGATTGGAGCAGCCAGCGGGG,1605,49.53,Arabidopsis thaliana
SEQ_312786,GCGGTTACCGTTGATAGTTCCCCGACTTTGTGAGTGAGGAGCATAACAGAATAACATGTGTTACGTTCATACAACAGGGCGGCGCGAAATGATGGAGTCAAAGTATGTCGTCATAAGTGGATGGGGGTGCGAGCTGACGATAGACCGAATCCTTCTAGTTAGGCTCGTAACGTGTTCAAGCTGACTTGATTGTGAAGCCCTTTTGCTGCGGTGCTACTCTGGCGCAATACTCTACTGCACCCACATACAAGTGAGCGCTAGATGCTGAGCCCAAACTAAGGAGACCCGGGGATTAGAGGAGGCCAAAGTCTATTGTACGACAAAGAAGACCACGGTCAAGCCAAACGACCTGACATAAACCTGCACATAGGCCGCCCTGTGACTAGGTGGCGCTCCATCTGCAGTTCGGCTTTTTAGCGTTCTAACCATAGGGTGGGATACACTTAGGTTTAATCTGTTTATCACATGTGCTATACTCACGTCACTTACGAAGGATGAGAGATTTACGGTGATGACTTTTCCTGAAGAGCCCAGCTTCAGGTGCTATGGAATCTAATCCTAACATAGAATTCGATGGACTATCGCCTTCGTTTGGTACGAGTGTAGATCGAAATCGAACTA,621,47.83,Caenorhabditis elegans
SEQ_428204,AAGTGAAACTGAAATGATAACCCATCCAGGTAACCGTTGTGTCATACCCAGCCCAGCCCTGACCGATCGAAGTCAGTCTATAGTAGCGAAGCGGAATAGTTACGCCCACTACGAAGGCAAGCATTATCGCGTGTCAAATGGTCCCCGCCCTTAATAATAAACGGGCAAGTGCTACTTAGCTGAAGAATGGTGGGCTACATTAATAGTACTTGACCCGGGCGTGCTGGAATTGGGCTCCCATTGTCCCTCTCTTCAAACCGAGGCTCGCCTTATGATTCCACGCTATGCTGGCTTCGGCCGCAAACCACTCCCGGTTGGCCAGCATCCGCATCCACACCCATAGGCGTAGATATAGCAATTCTGTAGCAGATCGGCGATCAATGTTGTCTCTTCGCGTACCGAGCATTGTGACTCCTGTCACATGCCATAGAGTTCCCGGCATCCGTCGGCCGCATCGACGCATATGAACGACACTCGATTGCTTATCGTCAGGCAAGGGACCGTAGCTTAGCGCAGTTAGAGTTGGTCCGCGTGCGTGGCTGCTTGTGGTATCTTAACAAGGATTGGTAGACTCCTCACAAAGGAATCAATTGAAATCCATTTCTGTCATGGGCCTATCGACCCGGCAAGCCAATAGACAACACACCGGCGTTATAGGTTCTACACGGGCGCCGATCGCTAAGCGTACGGGGTGTCTCTGTCAATCATTCTTGTCGTGGGTGCGACGCTGGCGATTCCCAATGCCCGTCACTGTTGCACTCCCGGGTACACTGTCCGTCATTTAGTCACGAGTGTAAGGCAGACACCTCTCTGCAACCTTCTATGGACTGAGGCGGGGGTTAGCCGCTTAGGACCGTTCTCTTAGTTCTGTTTAGTGCGAGTAGGAGGCCTAGGTGTATTTCCGTTATCCTATCTGGCTCCCTCTAGCCACGGGATCAAGATTCGATTCTGTGCTGACCTTAACTACAAAGCAGACAACGCCCGTGAGCGGGAGAACATTACGATGAGCGAGTCGGCTAGATGGCGCGGGCAGATGTCGCAGATTGTTCGCAAAATTCTTCTATTGTCCGCCCAGATAGTGCCCAAGGTCTGACATAATGTGATAGAAGCAGCCCACATACGCCTTACAGCTGCTAGTCTGGTAACATACGAGCTCAACCGACTTCACAGGGGCTAGTACTCATCACGCGGCGGGGCTGCTAGTAACCTCGGGCAACGGGCATTGGGAGTTGCCGAACGGTATCCACCGCACTCTACTGGTAAAATCGCTTTGCAAGAACCCGACCGCCGTGTACCATTATTGTCAAGGTTCGGGTCATCGGCCGTTTAAGACGGAGTAGGTATCTGTACGAAACGACGTACGCGACCGTGCTATCTATA,1380,52.61,Arabidopsis thaliana
SEQ_537744,AAGTCTCAACGCACGCTGAGATCCACGCCTGGCGCGTGCTGCTAACGTCGTCTTTACTTACTTATGATTCGTTATTCTCGGTACGTCGTTTCGAAAACAGCTCGGGGTGCGCCTACATGAGGTGGAGCAAAACTTTGAAACAGAAGAAGAAAATCCCACTATATCCAGCCAGCTGGTAAGTTGTACGGAGTAGGCACGGGAGCACCCGAAACCACTGCTTAGTTTTAGGTCTACCGCTGTGACGCACATTGCTACCATCAGCCACGACCCGGGCTTCTTGCCCGCATCGGGTCTAATTGCGTGATTGGGCTGATTCTTGCACGTGTAAGAACCAGCTTTAATGACCGGTTGATATGTCAACGATCTTAATCACACTAGTCGGTATTCCAGATAGGTGAGATTGTCTCCATAAGTAGCTCACTTATATGTCATTGTTATCTTGCATATGCTCCTTGGCAACGGTCGGACCAAGTGAAAGAAGAACCTTACTACCGCTGCCCGCTAGGTACGCTTCAGGTTGCCCCCTTAACGCGTGGCCATCACTCCGGACTGGCACGTAGGGGTACTCGTCCGAGACGCGAGAGTACCTCTTCTAGATTCGGGGGACCGAAGGCACCCCGCCAAGCTGTTAATAATGACGTAAGAGACGTAGATACATCGGTAACGGCATTCCCGTGGACGGCCCGGTATCTTTGTTTGGATCTTCACCGTGTGCCAAGACTAGCTAACGCAAACCGGTTTATACATGGCGACGACATTTCAGCTGTAGGACACTAGCCAACCCACGTGCCTTTCATTTTGCTCCTTGCCGGGCGTCAAGGCCCGCTTAGCTCGTGCAATCAGACGCATCAGATGCAGCCTAACATCTCTATAGGACAGATTCATGAACCTCGCGCGTGGACGTGTTTTACCGTGGCTAGTGAAGCCTCCGCGTTCTGTAATACCGGTGACTCTCTTGTATGATTACGTGCAGAACTCGGAGCGCAAGAGTTCGCCACATAGTCCCCTGGTGGTCCGGTAGATTTGACACCCAGCATAGCCATTGCCAAAATCAAACGGCATTAAGTCAAGCAGCTGAACTAGTTCCGCAACTTATGCACTGCATCACTTCTGAAGCTAGCCCCTGCACGATTCACAGCTCAGGCGGACAGTGTTGATCTATGAGGCGCTTAAGCCGTATGCAGACCGGTTAGCTGTTCAAGTGGAGGCATCGGAATTGCTGTTCGAGAACAGCTGCTATGATGTCATAATCTACGGGACACTCGAATGAAGCGAAGCTCCATAAATGCCTTGGCGAATAAACCCCAATGGGTAAGCTAACTTCCGCCCTTCAGCCGCGTGGAACTCCCACTATGTAGCTGTCGGTTGGTGGTGCAAGTCCGCCAGAAGGTCAAGTGGCACCCTGCGAGCTGCGAGCTGGATATGATTTAATTTTGGATCTCGCGCCCCCGAAGGTATGTCATCTTTTAGTTTTGACCATCTCATCGGGGGTTGAACGTGACGCCAATGTTCGATTCTGCGCCATAAACTGTCCCCGACCTGAACTAGTATAGTATCCCGACCCCCGACGAAGACCGGATCATAATGCGCATCGCAACATTCATCCCGGCCAACTGCGGGCTGTACGTGCATATTGTTGAAGTCATTGCGATTACTATCCGCGTGGTCTCAGCGGTAGCCTTTTGTGAAGCATTTAAGGGGGGTGATACTCGGCTCCAAAACTTTTCCATCCGTTACTGTCGCAAACATGTCTGCTAACGCCGTCGCTGATTTTCCTAGTCTTTTGCTTTCTCCCAACCGCCGGTCTCAAAGGACCATTCTTTTACTAGAGTATGAGACTTAATCACTATCCGTATAGCACTCGTTTTTACACA,1874,50.75,Homo sapiens
SEQ_308750,TACGCCTCAGGACGGTTACGGTAGGTGCAGGTATAGTGGGGGCGGAATCTAACTGGACAAGGACCTAGACGGTTCATCATGAATTTCCAGTTTGCACTAGACCTACTTTCGGCACTCGAAACGCGATGAGTGTAGGACGCTTCTGAATAAGGCATAGTCAATGGAACGGGTCATGCCAAGTGAGTCATGCGGTATGGGATGCGCGCCCATACCTTCGTTGCAACTTGCGGGCTTCGTGCACCGTTAACACTCTACCTACTCTTCGTTTATCAACACTCATGGTAGACAAAACCTCCAACGTGGTAAACGCCGGGGAATCTTTTAAGGCTTCGCGACTCGGTCCACCCGGAGCTGTGCGAGATCCGCAATGGGGAGAGTTGCGGAGCTCGACCATGTGATGGATTAACAGGGATAGAACTCCAGGTTCGCAGTGACTTAACGTAGTTAACTGACTCAAAAGCAGTCTTCCGCTTTCCCTCGCTTGGCAGGTGTTTTTGTTAACCACTTCAGGTTAGAGGAACGTTGCCCAGGTTAGTACGCAGACTCTATACGAGCGTCAGCGCGTTTCTCCGTGCCCGATACAAGCGGCAGAAAGCGCATGAGCTGGAAAACGTGTTGAGACGTCGAGCCATTGAGTCTCTACGAGGGCTTGGTGTTGACCTCGAAGGGGCACCCGTGATACACCCGTACTGTCAACACGGAACAGTGATTAATACTTAGATAGTATGTTGTTAATCACAATGGCTTACATACTTAACTATCCTCGCTCGACGTTAGTTCTCATCCTCCCGAGGAACTTGCGCGGACGGGAGACCATAGCACGCAATCCGTTCCTGGCGGTAAGCCAGAAGTTGTGTCGCGGACCACCTCAGGTTTACACAGGAGCGAGAGCGTTAATTAAAATGAATATCTCTGTTCTGCCGTAGGCGATCGCAGATAGTAATCACTACAATGCGATTTCATCTCAATCGCAATCCGGTCGGCGCTCATGACCGTCGGGCCCGCTCTAGACCTATTTGCACCACCCTAGCATTACAATGTGACGGCGGATGCCAGTGGCTTTGAGTGATTGCCGGCAGGTAGGTACAGAGCCTGAGGGCCGCGGTGCGCCCTTTAAGCACCCAGGAACTACTCAATGATCTACAGTTCTCGC,1153,51.86,Mus musculus
SEQ_437431,GGTCATCTCGCCGATACCACCGCCAATGGTAGCGGCTCAGATCTGCATCGCGTCGGGGTCCAATGACCGTCGGCGCCTAACATCTTCTTGTGATCATTCTAGTTTTGCGTACCCTGTATGTTGACTTTGTAGGATTTACAGTTGTGTCGGGGAAGGTAAGTAACACGCAATGCTCACCATCTATCCAATGGCAATTGCGACCGCCTACAGTGATATTGGCTTGATAATCCTCCGACGATATTCCACATACTCGAAATGTATGTAAGCTCAGATGTGTGGTCGACAACGTCTCTGCCGCTGGTATACTCAACAACGCGCGCGACCAGCAAACAGAGCTTCACTGGTCGCTGACAAAACAAACGGGTGCGGGACAGCCAAGAGTCGCCGCCGCGAAACCGCCTCGGCCCATTTTGCTGGCACCGTGAAACACCCGTTTCAGTCACCTCGAGACACTTAAATACACCGGACACTGCCGTCTTGCTAATACTCAACTTCATCCACCACCCTTAAGAGTCACAGCCGACAGGTTCTACGGAAAG,539,51.95,Drosophila melanogaster
SEQ_279734,GTGGTATAAGTCGACCCTGTGATGGGTTTATATCCACAGACTTAGTGCCCAGCTTCTGTCGTGCACTAGTCATCCCGCCAGGTCTCCCGGGGCAGATGCAGATAACTGTCGCTATCAATATCTAGTAGCGCAGGAAAGTATGTGGTACGCGTCAGTGCTGACCGCCAGTTATGACCGGCGGTGCCAGCGAACAGCTCTTTGGTCCCAGGATGAGGCGCGCCCAAAGTGTTGCACGTAATTGACTTTATGGCTCTATCGATCCCTATTTCTATGATACGGATTAAAGTAGGTATCGCTCTTTAGGACTCATTTGTAGGGTATCTGAATCCCTCTTTACCTCTGATTCGTCTCCCAGTAGGGTTTGAGTTGCAAATCTTCTAACTGTAGCTCGGAAGGCGACGATATGAAACCACAGAACGTACCACCGATGAATAACATTGATTGGTTTGCGGACCTTTCTTGTTCCCTCGACTGGGTTATACTGGAATTATTCTTGCTGCATTAATCGCACTTATTACCACCATTGCTTCGCTTTACTGAGGTATGTTGATGAAGTATTCTAGGGGAAGGGGACCCAGGTCCCGTACGAGGCGCTCTAAAGTAGTACCAGCTGCCCTTGAACGGTATGCACCAGCGGGCCAGATCGCAAAAGCCGGCGCTTCGCCCTCCCCGCATAAATTAGGAACTGTTGAGTCTGGTTACATTAACCTAGCTACGCGTTATTAAGAAAGACAAGGTTTAAGATTGCTCGCCCCGCATTCTAGATTTGTCATGGTCCCGAGCTAATGGCCTCTGGGTACTGCTTGATTTAGCACTACGGCCAGATGCTGGAGATGGGTTTTGTTCCCAAACCCCGAGCAGTGGACTGCGCGAGTCGTTGACCCCTGAGAGAAACGGAGGGAGCAAGAGATCGTTACGAACGGGGATTCAGCTT,934,49.79,Escherichia coli
SEQ_852954,ATTCATGAGGAAGCGCATTTAGGCCCCTGAAATCGTCGGGGGCGTATTAACATCGACACGTACAGCGCGGGTATTTCTCCTGAACGACTAGTAGGCGTATGGAGTGTTCTCTGTAGACTATACCGTGTGTTGATGAGTCGGCTTCTGAGGTAGCGGTACCCCCGCTTTAGGGAAAAGCGATGATTGTAAATGGTGTCCCAGTTCTGTCCGATTGAGGCTGGTCAGGTACTACTCATCGTAAGGAAGTACGCCAAGTTCGGGCCACTAACGGTTGCAGCTGAATGATTCTCGAGATATAAGTTGGTGAAATCGCGTCCATTAGAAATGGGGTCATGAGCTGTGTCACCTTAGAACCCCTGTGTGCAGGTTGAAGGTAAGAATTATTTTATAAGTTGTAGGATATGAATTATATCTAGTGGACCTGGCCTTCTAAAGTAGTACAGTCCTCCGGCTAAACCTTAGTTCCATCTAGGTACTCCTGTAGAAACTTGTCTCATCTGCTTGACAATACCGGTTCGACCACTCCGCCGAGCAAATAAAGCACTAGGGCCTGCCACAGAACTTTGCTCATAGAGCGGATAGAGCGCTATCCGATTCTAGAATTGGATGTAGTTGGCAGTCAAATACCAAAGATAAATTGTGAGAGGGCCAGGTTATGGAGCGGACACTTTTGAGCAAGGTTACCTGGCGTTCCAGGACTGACAAACCCTGTTGAACTTAAGCATGCATAGCCGACACACCAAAAAGGACTGCAGACATTGGTTGCAATAAAAGTCAGTGATATATCCATCAGGGAACGGGGGAAAAGTGCTTGATCTACTGTGCCGACACGTAACTTAATGGCGTGCCATTCACCGTACTACTGCAAGGGTTTATTTAGCCGGCACATATTCCGAGAGATACTCGCAGTACTGGGAGACGGCAACCATACAATTACTTGCCGGTGCCCCACTGGTTGAATAGTTTTGGCGTGAGGCCCACGATCACAATCTTTGATGCGGTAGAGACGTCTACTCATATAATGTAGCCATACTTCTGAGCTGGCTTTTGTCGAATCCCACATTAAGATAAGGTTAATCACGCTGACAGTACACCCTATAAATTGTAGGAGCTTGGAATCTAAACGGCTGATAACAGGTACCACCAGCATACCCTCTTCCGAGTTGCCTACGGGAAGTGAACTAAGGTTACATATATCTCCGACATTTTAGACTTTCCGCGAGATTGATTCTGGTAGGCTCATGGACTGTGTGGTTTTCAAGATAGTTTGGTAAACAGATGTTTAGCGTTTCGAAGGGGAGACCGCTGCCAGAGTGTGAGGATAAGTATGATTAAAATGTGGATACAACTTTGGGAGCGGAACAGTATTGCATTCGAAACCCTGTTGTTTTGGTCTTCTTACCTTGTTCAGGCGAAGCATTGCCCATGGTCCGCGCATGATTTAGTTGATACTAGTATTCACAA,1464,46.24,Caenorhabditis elegans
SEQ_894702,GATGGCCTTAGACTTAGCGTTCCCCGCTCGTTTTATACACCCGTCCTCTAACGGTTCGTACTAAGAAGAATGGATGTAATTCCGGAACAATATCCGCCACATATGCCAGCAGCCCGATTCATTAGCCACCAAGAGCTATCTCCACGAGTCATAGGGCGTGCGCTGAATAACAGCACACGTTCTTAAGCCGCAAGCAATGATTGAGTGTTTCTGAGGAAGACAGCATCCGAAGTCTTGAAAGGGTTGTTATAGGTTGACACTCCGCCACCGCCGTCGTAGAAGTTTTTTGGTCCTAACTCACGAGGACCGGCAAGGTCCGAGATTGCTGCTTAAAGCACTCGTGGCGGAATGCCCGGAGTCAATGACCATGTCCTATGCGGTTGCCAATTCCAGTCGTCCACTAACGTGCGATTCATGTAGGCATCGTATCCTACAACAACTACGCCAAATCTGTTTAACCAAGGAATGACCATCCGAAAATTGCTGTATGCTAACGGGATGGCCTCGCTC,510,49.8,Arabidopsis thaliana
SEQ_791027,GAAACTAGCGGCCCCACCGCAGCCAGTCACAACAGCTGGGCTCATTGGAGCCCCTCCGGATGTTATCGTCATAGATTGGCCCGAAAACATTAGACAGAAAGTGTCCGAGATGATTGATAACTCATAAATTGCGACAGTGGAGCACTTAAAAAATCGCAGCT,161,49.07,Escherichia coli
SEQ_750494,ATCATGACATCGAAGGACAATCATGACAGGAATGATGTTCAACGCAGCGCACAGGCTGGGGTCGGCAAAGGTCTAACTTTCATACCCACGGACATGAAGCAAGAGCAAGTGTGACGTCTCAACGGTCCACCTGTCGTCAGAAATAGATCTATTCATACAACAGGATGAGTCGGATCACGCCTCACCTGCAAAAAATTCGTATTGCTAACCACCCTCTGAATCTCGTTTATTGATGCCCGAGTACCTGCAAGAGC,254,48.03,Caenorhabditis elegans
SEQ_878841,GCATGTTTTACTATATGTTACGGTGTTGCGGGAACTCACGGTGGGCCCGACAATTCAGCTTCTCCCGGGGATGCTAGTAGAGAGAAAACGTAGCAATTCTGCGAAGCCTGGGAGAACCCCTGTGTGTCAATAAGGAGTCAGAACACCTATTCAAGCGCCGGCGTGTGTAAAGTATTAGTTTCTAGGGTAGTATAAAAAGTCATCTCCCGACTACCATATCGAACTAAATTCTCTGAGGATCGACCCGCTTACTATACGGATCCAAGAGAGGGCTAGGGTCTTAACAACTGGCAGATGCGAAACCATCATATGGCGTTGCGTTTTTTTTCTTAACTCGATGGTGCACGCTTCTCAGCAGCCTACTACAGTTTTTGGGGCCTTATTCCGAGCATTGTAAATACCTAGTCGGTAAAATGTGAATACGCTGGATAACTGTGGCACCCCGTAAGGGGTCACACTTACCGCGCAGTACCTGAACATTGTGCCTGTTAATTACCATAAATCTAACCTAGGACTCTAAACAGTGGCATGGTGTATGGCCAGCTTAGAACAACAGCTGGCGACACTCGATACCTGCGTAATTAACACGCGCACCGGGTATCGGGTTGGAATGTATTCCCATTGGCGCGACTCGTAGAGTACGGCCAGACGACAGTAGTACAAGAGATAATTTGACAATCTTGATTGCAGAATGCTTTGCGGACTATGATTAGTGGTCTTACTCAAAGTCTTTCGTGGAAGAGCTAACTCGATTCCTAGAACGTTCCCCGTACGTGATTTCATCGCTTGTCAGAGTAGAAGAATGTAAGCCTATCGTCCCGCTCTCGTGTCACTACACGGGGCGAACACCCCAGGTGGTAATCCTCTCTCCAAGGGTGTAACCCCATGTTTCTACCCGCTATGTCTACTCTACAGAAGGTTACGCAAAGCGAAATAGTTGGGATTAAGTACGAGAGCCAACCTGGCCCTCATGAGGTGATATATTAAGGCGGTCTGTTTTTGATGCTAATACGTGCCATGCACGCGCAGCTGCGGGTATCTAGCTATAGAGCTTTTAGTCAGTATGAGCGGGTCTCGCAGTCTTATACAGGTTACGGTGCATGCGTGTAGAGGGTGTCTCTCGTTGTTGTGCGCGCTCGGGAAGGCCTGAGGTAGAGACTCAGAGTTGTCTGGCTTGTCACCAGGTGATTATACGGGGACGAGCTAGCCGAGGAGCACAGGGCCCCCCCGTTGTGGCCTTGTCATGAATCCTCCGGGTGTGCGCGCCGCCAGAATGTTAGATTGATTAGGACCGTTATATGTGGCAATTTAGCTATCCAGTATCGCGTACGTGGTCAACCAGGCGAGGACGAATACATACGGAGTGTGGGCTTGCAGTTTTACGCCGGTAGACAATAAGCAGTATGCGGGACGACCAACACATAAATGGCTCAAAAAGGAGCATGGGTCCTGCCGCACGTCTAGAAGGTACGTCTAAGTGTCTAATGGAGGGTAGACGCAGTATTGGGATACGATCTGGAGGCAGGCAGGGTTGACATCGGTATCTTAAGCTGCGTATCCGTTCGCTACGCGTGCCCTTTGTAAACGGTACGATATGGACACTGAGCAGAGGCATTCAGGTAACAGGAGCCGGCACAAACCTCTCTACGCTTTCCGCTTCGGGACGTTGTGGCGATCTGTGCGGAGCAAAATCAGTAATAGTCCCCGACTTGCGGATGGAAGTGCCGGGAGTCCACGGAAAATTCAATGTGGGGGTAA,1758,50.06,Saccharomyces cerevisiae
SEQ_494520,GCAATATAGTCCCTGCTAGTGCTCATGGGACGTTACGAGCCCCGTTCCTAGCAATCGCTCCTGCCACTTGCTCGCATGATCAATTTTCTCGACGCCCTAACCCGCGGTTTCCCGCAAGTCCATAATCCGTTGGTTAATCCGCCCTTATCTCCCGAAGGAAAGCTTAAATGACCTCTTAGCGTCTTTCCCACGAGCACGAGAGGGGTGTAACATCCCAAAGAAGACCGCGCACCAGCTGGACGTAGCCTGACTGTCTACATCTCGGCTGACATGTATCTGCGTAAGGCGAGCCGTACCCATACAGGACTTGTTCGATGTAACTCTCTGGGTTCCTCTTATTATCATACACAAAAGAGCCCGGCATCGCCTGCCTAGTTACCCGGGCCGACTCGCCTCCGCAAGCTCCCCACTTAGGCACGGCTCGGTCTTTTGCCCGACAAGATGTACCAACCGTCCACATAAGAGCCTGACTTTTAAAGTAAACTTCTAAGAACCTTAGAGTACATGAAAGAGACACCGGTATCATACGTAGGCGTAGCATAGCGCGCCAGGAGACCGTGCCAACGGATACATGCGAGGCGTCAGTTGTAAACACGGCCAACACTCCCGTGGACGAGTCTCGAGTGGGCTAGCTTGAGTGATCCACTCACGTACGTTACTTCCTTGACGCGCGATTAGGGGACGGAGGGGTGTCTATACTGGCTACAATGTCTGATAACCTCAACCACGGTACCGATTAGAACGCATCCATTTGTACAGGGACAGACACGAGAGCTGCTACTTGAGCGGCGGAGGATTCGCGCCGGTACAGTGGAACCTGGTGATAGACTTTATCTTTAAGGCTCAGCTCACTACTATTACTCCAGAAGTCGGGCATATTTCAAGCACACGAGCCCAATAGTTTGCGCCCTATACAGGAGGGATCACGAGGGCCGAACCAAGGTTGTCTTAGGAATGGACGAAATCGGATCTTGGTTATTGCATAGTGAGACCCGCGAAAATGTACGGTGTTTCCAGCTGTACGGCTCCAGGCCGGCCAGGGCCGCAGACCGCCAAACAACGGGCGGTATGTGGTGTGCCAGCACACCCAATGTGGCAATAATGAGTAATGTGTGCGGAATCCAATTGAACTCCGAACTAATCTCGTGAATAGGGTGGACCGCGGATGCGACCTGATCGAGATCCTATGTCAAACAGTCTATTGCTTGGTCCTTAAAGGCGAGTGCAACTGGCGACCGGCAGTAGGCGACTTAGATCCCCCGTTCTGACCGTTAGTAGGTGTTTGAACACCAACCTTATTGGAGCAACTGAAAAGGAGTATTTTTAATTAACGTCAATAGGGCCTTAACGGCATGCGCATGTACGGGACGACGTGGGCTGAGCGTGGTCCCCTCAGCTGCTGGCCAATGTACCGGGTCCAAGAGTATACAACAAGTACTCCGGTGTTCAGACCAAAATACAGGCAGCTTGATAGTAGAGTACGGGGCTGCGTTAGTTCACGGCGGCCTACTTTGACTCGTCTACATACATTTCGCCATCAAATATAGTGGCGCGGGAAGGTTACGCCAATGGTAGCGTGTCGTTCCCTAAACTTCGGGGCGGTGCTCACGTACAAAATAAAGGGGTGTCTGCCATGACT,1639,52.35,Caenorhabditis elegans
SEQ_899749,GATACGAAGGGCGGATTCCGGGTTAGCAGCGGCATAGCGCGCCCACAGAATACTAATTTTTGCTGAAATGTTTAGCCGGGCCAGCCAACTTAGTAACTAACTCAATGCATA,111,48.65,Mus musculus
SEQ_106106,CGTGGTTGCGGACGCAACTGGACGCACATCTAGCGTCTCTTCTGTCCATTGACAAGGTAGCACTTCTGCCGCTCACAGCGCCTCCAGTAGGGGTTATACAGATCCTAGCACATTTCTATTCCCAACGCTTATATTAGCGTGAAAAAGGCGGAGATGCCGCTGCGCATCCTAATCAGTATTGACCGCAGATGACTATGAACCGACCCTACGCTCGGTGGACGTAGGGACGTCTTCCACTTAGCGGTTACCGAGGACTCTTTCCTGCGTCGTCGAATAAACTAAGTCTAACTACGTTGACACGTTCTGTGAGTTGCGGTATCCAATCGCTGTGCAATCAAAGATATAAAGTGTTTGGAGTTATGTATCATGAGAGCGAGGACTGGTTGTGGACGCGTATACCTGCGGCTATACTTACTTTGGGTCCGAGCGCCCCCTCTAACCTACCTTCCGGCGCTGATAAAACTCTTGACTGAAGCTACAGATAAAATCCGCCACTTTTTATCACTCTTCAGGCTGCAAGCAGCCTGTGCTTTCTTCAGATTCTCTACCGAGTGCTTTCCACAGGTCCAACGCCCATGAACAGCCACAAGGCTGGAACTCCCGTTATGGGGTCCT,615,50.57,Caenorhabditis elegans
SEQ_693799,GGAAGAACACATGCCTTTGGCTTTCATATAGTCGAATCTCTTGAGGTCGATTGCGAATGAAGGTATTAAGGGTAGTGAATATAAGAGCCTTCTCGAATCTTCGATCAGCACGTTGCGGAGCACATCTGATCAAACCAGCGCGCACCGAGAGGTCCGAGTCTTAATGTTACCGGACCTGCATACGTCCTATAGTCTTGTCCAATAACTTGTACCGCACCATTCCAGCGCTACCAAAAGTCGCTAGATCTCCCGAAGGAGCAGCGCACTGACACCGCTGGAAAGGATTTCTAAGTGAAACTTTAATAGGCTTAGATTTAGATCGGAAGTCTTAATGCCTCTTTATGGACGGGCGACTTGGACTTGCTTGGATAAGTATTTGAACCGAACCAAGCCTTAGTACCAAGCTTGGTCAATGAACGCCGAACTTAGGATGGGCCCGTTTGTTGTATAAAGAGCTACTCGGTACACGATGCATAACCTTGAATTACTGTAATCGCCACCCTAACAAATCATCGTTACTGCGAGTGTCATCACATTGCTGATACGCAGGGCGTTAAAGATGGACATGTTAAGGGATTCCTATCTATAGTAATGCTCCAACAGTCCCACCCTTGGCGATGACACAAGGATACTGAGCTTCTTAGAGAAGGTGGTATTCTTTAGCACCGATTGGGCGCATGGTGACCTCCTCAGCGGGATAGAGATCTAAAGACCATGTGGCCTGTACGCGCTGATTCAGTACAGTGGTCCATGTTTCTGTCCGTAGTATAGATAAGCAGGTAAGTCAGGGCGCTCGCGGAGCAGGCCTCTGACGCGCCATGCTCGTTCAATGCAAAGCCTACGGACTTCCTCCGCTACCGTGTGGGTGGTCCAAAATTGTGCCTCATTGGCTCGAAACCGGGCTTGTTATACTGCGCAGGTTTCCTTCCATCCGTCTATCCCTCGTACCTGTCAGATCACTCGAGCGGGGATGACCGTAGGGGGCCGTTAGGGGTTACGGCCCCACACTGAACCAGAACGAGGTCTATTTCCGCGTGTGTACTATATTGACCCGCCAATATATTGTGATTAAGCGTCTTGGTGCGAGACTGAAGCCGGCCGCCCCAATGACCATTATTCCGCCGTCGAATTACAACACTGTGTGAGCGTGGGTTGGTCCGGTTTGATTGTTCTTGTTCGTCGAACGGTATGGCAAAACAGCTTAGGTGACCGGCTGAACCGGCACCAACCTGAATGCAAATTCCATCATAATTTTCATAAAAGTTATTTTGCGAACATGTCGTACGTACGTTGCAACCCTGTTAGAGTTTTCTGTCCGGCTAGAGGAGCTCCGAATTTCTGCTGGTAGAACCTTCTAGAACTAGAAAACGCAATGTGGGCTAGGTAACACACCGCACATAACGGACGCCTCCTAATCTAGGTTCAGGTCCTGGTCGATATTTATGCGGAGACTATGTTGACCGCATGATTCATGGATCCTTCATCCAGCACTCCATAACCTAGCTCTGGCATCGTGTACAAGCAGGGACGGTGTGACGAATCACTGAACGGGAGAACTGCGAATCAGGAGTGATCAATTGTTCGGAACGGGCCACGTTTAAAGATCAAGGGCGTAAT,1617,49.04,Saccharomyces cerevisiae
SEQ_255277,TGCTGTGCCAGGACCACCTTCACTTACCGTCAAGTCCCATTGTCGTATATGCCCGACCTCTTGTGATGTTAGATATGCAATATTGACGGAGACTCGAACTAGCGAGGAGGAAATTACAGGTCCTCAAGCGGTCTGTGGATCAAGCGGCCCAATGAGTAGTCGGCCTACATATATATGTGGCAGAGTTAGTCCGCGTCCTGAAGCCCTTTTGAGGAAGTGAAATATATTAACTAAAAGCCACTTAAATCCCAGGTATCGTAATCGGATACGATGACTGACCCTCAGAGTAGTTTTCAAATGGAACTAGGGAGCGAGTACCATTTATGTTAGTTTAGGAATTACGACGTGGGCGCTAAGCTAACGGGTGTCCACCGGATTAGAAAAAACGTCTTCCACGTGAAACCTTGGTGCATCGAATCACACACTGCAATGGCTGGCTAAGAACAAATATCAGATCCACGTGGATAAGGATCAAAGCAGGCACTGCCGCGAGTTAAGGCTTTCCCGTTAATCCGACAGCAATGGATCTGAATAACTCTCTAGGCTTTCTGACATGGATGCTTCGAGAATATTGTTAGACTGTGATCATTATTGGACCCCCGCGAAACGCCATGCATCGATACCCGAGGGCGCACCCCGGATTAGGGCGGCGTTACGGTTGTCGTCTCGGGGATTCATCACCAAGGTTGCATTCCACTTTTCTCACCGCTCGGATTATACCCCTTAGTTATTCATCCCCCGCTTCATGATTGTGCTGGGGATACTTTACTGGTTGCGGATGTAGACTGGCTACCTTGTCGAAAACAAATGTTAACTCAGGAAGGTCGGGCCGCATTCTGTTCATAGCCATGACGAGCGGGCGATGGATGTTGATGTGATACAGTTTGTCATCAAACCAGGCCCTTTGAAGCGAAGCGCCGCCCCTATGATAGCAATCCGGGCGAGTGTAGATATTTATGACTGCAGGGTTATAATAGAATACCCCAGGTTCCCCGTATGGTTAACTCATAATTTGTGACTTATACTTCGTATAGAATGCCTTGTATCGAGCTCTCCGAGAAGAGATCCTCTGGCTAAGATCAGATCCTACTCACAAATACCAAGGGTCTCACGTATGGCAGATCGGTGTACGAATAAAGACCTCCATGCATAGGTCGGTCTAGGATTTGTTACGTTGGTAGGGTTCGGTAATGTATATATCGGTCGTATGCGTTGAGTGTGACCGCCAGTTAGACTCCAATTTACATCTCCAATCTGTCCAGCGTTTGTGAGCTCCATGAGGGGTTGTCCGGGTGTATCGACGCCGACTCTTCTTCTTGATAGATGTCGACCACGGGTTGGAGACGCCTAGAATAAGCATCCGCTCCGCCTGCACCTTTGATACCAGGTAATACCATGCACTTGAACACCGTCCGAACTAACCACTAAATCGTATCCAAGTTACTGGAAAGGTACCGGGGAGACGGTTCGATTTTAGCCTGCGCGGCGCGTGTGAGTCTGGAGGTCTACGACTTCACATTTCCTCGATGGTTCAGTAGTTGATCCTAACGTCGGTAGCGCAATTCTTCCACGTACGACTTCACTCCGCGCGAGAGCCGTGAACCTAACTCCGCGCGAACTTTACAGGCGCGCACAATAATCCAATTTTTGCTTCGGGGGGAGCCGAATGCTATGCCCTAGAGGAAGTCAATGGAGAGGCATGAGATGGAGCAAATAGTAGACAGCGGAGAAGTTGAGTTGGGAGAGGCTGAGCATCGACATTGGCGTCACAATACACATCTCACTAAAGAGAGACCATAAGATTGATTCGATGCCCTCAGTATATTACGACCTAAGCCCGGACCAATGACGTGTGCGAACTCA,1863,48.74,Caenorhabditis elegans
SEQ_749451,CATAAGTGGCAATCCTCAGCTGAAGCTAAGATGAACCGATGTAGTTGCGTCAGGCTTTGGGAATCGTCACGCTTTATCCGGTGAGATGACGAGGAACACCAGCAGCCCTTTAGCGGATGCATGCTGGGGCAGTTGGTACTTCGAGGTTGGGCAGTCTGTTTCCTGTTTATTATCGTGCACGTTTGAGGCGATTTTGTTGCGAGCCGTATTTCCTAGGCTGACCCCTGAAATTGAGCTAACTCGGCATAGTTCTTAACAGGTAACAGGTACCCTCTTCGAATAATATGTGGAAGCGAAACCAGTCAAGAGGAATGAATCCCCCCAAAACTCGACTCCCGTTTAGTGAGCAGACGCTATGCACCTGGAACCGTTTTGCCAAGAACATTGGGTTACCACGGCGTTAGACTCAACGGGACTATCTTAATAATGAAAATGGTCCAGAAGCCTCTGGAACATACCAGAATAGCGCCGGGGTCAAATTGCCTCGCACACGATAGCTGCATCACCAGATGGATCCGTGCGGGCGACCATATCAAGCCAGGGAGGTTATTGTACTAAATCAACGTCCTTCGACAGGACTGAAGTCATTTGCATCGGCGGCACTCGTCGGCCATCCCACCCTGCCCGGGTATCTCCCGTCGAGTACTAATATTGCATGGCATACCAATTTAATATATCCGACAACTTTAGAGTCCTGTCTTACCGAAGAGGGTAATCGACCATATACGGATCCAATAGCAGATGGTCGTCTCGAAGGTGGAATGACGTGTTAGATGTTTAATTGCATGTACACACGGGTAGGTCGCCATAAGTTAGATATTACGGCACCCTACGCCCTATTTGCGTCCTTAAATGATCAGATACCCGATCGCAGACTGTCCTTATGCTAGGTGGATCTGCTCCCGTCAAACCAGGATGTTCGTGATAAATCGGACTAACGAGGTCGACCAAACTGCGTCTACCATAAACTTATCCTTGATCACTCATTTCGGCAGTTTCTTCTGCCGCACATGGTCCCGTTGCAAGCGAGTAGAATGCACTGTAGATCGCTTAGTCGTAATAGTTCCCTCATTACGCGGTTGAAGTCCCAATACGCTACTCGGGATATCGCGGTACCTTTCGTGAAAGCTCTGCTTCACCAAGTCGTAGGGATACACAGGCAATATCAGCGTGTAAGAATTAGCGCCCAAGCTCCATGTCTATATACACTGCTAACCATCTAGATCTCATCGCGATGATGACGTATCCTCGTGTCGAAGGCAAAACAAGGAGGCCGGACAGATATAAATATTCGACTCCCTTGCGACCTAACGCGTTAGGTCTGTGTGTGGGAGTATAGGGAGTGCCTATTATTGAAAGCGACTTCTAATCGAACAACATAAATGTTCCTCGCTCGTGTGATCCCCGTAGTATAAACGCATTTCTCAATAGAAGGTTCTGTCCTAGGCTACAGCGGGAACCGGTCGAGCTAAGACACTTTAGATCTAGGCCATTATTAATGGCACGTTAGGAGAGACACAGAAGAGTAGACTTGATGGCTATTGCTGTATTGGGGAAGACCCGGTGTTGAAGGTAGCACTTTCTCGAGCAAAGTATGTCGCCGTGAGTACACTGATCGCTTTACAGAGCTATAAGGTGATGTCACGCTATTCACTAACTAGAATAGAGTACCATAACTGGTATCGTCCCCGCGCAATGCATCGCCTCGAGGAGTGAGATCATCGTCATCTGGGAAGAGCAGTGCATATCTGCCCGACGAAGTGCCTTCAATTACGGTGCTACTGAGCTAAGCTTGCCTACAGAGCTTAGAATTTACAAACGCACTAAGCAAACTTTAAGACTTGGGGGCGGGTGGCGTCTTAGGTGAGGACGGAGACCACGATGTGACAAAGAACACCCATAATTGACTTTTAGTCCCCCCGCGCCTAGTGGTCGGAACGCCGGAGATAAGGACCGTTACGCCGAT,1966,48.63,Escherichia coli
SEQ_472124,AAACCTTGACCATTCGTATCAGCATTTGCAGTGTGGCATGCTAATCTGCTTCTCAGGTGACACGGTAACTGTGTGCTCTCTAGTAGCACGGATCATTTCCGCGTCAGAAGGCCACAGAGACTATAACCCACCTAATCTTCTTGAGGCGTCCGGAGCAATTCTTTAGCTACTAATGCTTTATTGGGATGCAGACGCGCTCGGATAGATGATAGTAATAGGACCTCGTCGCGATCCGACGCTCCGCTTTGTTGAAGTCCAATTGTTACCGAATTATATCATGCCTAACCGTCGCTGACGCGATGTGAAACACTACGCCGCACGCAGTGGGAGATCCACTGAACCCGCACCTCTACTGACCGAATTTTTAGTGTCAGGGCGAAAAGTTGTAGGGGGTCTTTGCGCACCCTCTCTGCTCCCGTTGTAGGGGCACCTACACCTCACACCCTTGCGCGCTTGTAGGCGCCCTACGATTCGCATTTCCCCACACATTAACACGACGTGTATGCAAAGATGGGAAGAACGCCCTCCGTAAGCGCGACGCTGGTTATTAGGCCCGAATTTTCCGCGGTCCAGGAATCGCAGCCGTATCTTACTTCGAGCTGATTTGCGAGCTTTTTCCGTCACCAGTACAGCTACTACCAATCCATTTGGTACAGATAGGCTTGTGTGATGATCCTAAGCCTTTCGGACTCCTTCGGTGCATCGCCTAGGTATGCTCAAGTCATTGAAAGCGGGATCCGATTTACACTTAATCGTGGGTCTATCCCCAAGCTCCTCCATCCCTATCACACTAATTGCTAGGTCGTGCCGATAACATCGGCATGATATTTCCTCCACAATATTGGGGGTACCACCGCAGAGCGATTATCTAGATGCGACCGCCAGTGGCCGGTATCTGTTTTTAAGTTCCTGATTGGCGTAAAATTTCGTCCGACACATGAAGCATAACGCTGCCCGCAC,960,50.73,Mus musculus
SEQ_736650,GTAGCGATGTGTAGCCGACTCACGCATTCTTAACATCAGGTGTTCATCGATTTTCAGCGTGTCGACAAGCCATAGGCTAGACGCCCCTACATTCTACTCTGTTCGATTGTACCTCCTTTCGTTTTACACGCGCCCGCCCTGTGACTCCGCCTAATTATTGGTCAGGTTGAGTGCTATTGGCCAGTTTTGCCAATTCTCAGCCAACTACGTTCCATCACCGTAAAGATAACAACTCAATCCAACCCACTATATACATCACCGGGGAAGAGTTATTCAAGAGTTAAGCGCATAGGTCCACTCTCTTAATCGGTTTGGTTAAATCCTGGTGGCTTGTATCACGAGAGTTACTGGCACGAGGCCAAGAATTTTGTATTCGACCTGTCGCTTAAGGCCAACATGGGTATGGACCCCGATTAAGAAGGAGTCCAGCTTAGAATAGATGCAGATTTTATGGAGCCCAGACGCCATGCCTAATTCTGCATCTCATTGTGTCTGGGACCACCGGGGCAAGTCAACTTTGTACGGCAGCAGGCCTCTGGGGAACGGGCAGTGCGTCGCATGGCTGGGATCAGTAGTTGTGCACCTGATTGCGTGACATACCCATCCGTCTCAAGGTTCGTCAATATGGGCACGAACCTCCACGAGAACGCTTAAGTTCAGGGAGCTGAGGCTCCACACGGCCCAACCCTCAAACTTCTCGTATCCGGAGGGCAGGGAGGGAGGCAATCCAGCACGGGGGTGGAAACTGGTCTCGACAATAGAGGGGTAAACAGGTTCAGTAAGCCTACGAGGTTTCCACTTACAGAATAGCTCGCCAAACAGTAGCAAAAGAGTAGTTTGCACTTTGCAAAGGCTGATTCCAATTATATTGAGTGTCATCAAGAGTTCCTGTGATGGGCCCGTCAGGCGGCGCGTAGTCTTGGCCATCCTCCACAGATGCGTTTAAGGCCGCGTTGAGACAAAACTCCCCGGACGCGGACGGTAAAATTTAAGTTACACTCTCTCTCACCCACGGCTCAATATGCCGCGGCTACGGTGTAGGCCCAACAACTAATACTGATGATGGCGGTAATGTGAGGAAACTATCTTTACCTCAAACAGTTTCTTGGTCGAGAATAACACAGCTATAGGGCCTTTCCTCGATGTTGTAGTGTTTTCAGAATAAGAGTTGGTCTGGGATTAAATGGGCCTTAGGCAATAATTGTACCAATTCCTTTCCACGGGCCGTGCACACAACTATTGGGGGTCCTAGGGACCCTATGATACCCTGTCCAACTGCTATGGCGGACCGATGTCAGTTCTGTGGCCATCTTGAGTTAGTCGTCAGGGCCACTATTTGCTGATAGTCCCTGCAGTGGTTGGCTGATCGGTCAAGAACTATACCTTCGAACCGGAATCTGATAGGACTCAGCTAACGACTCCGACCAGTTACTTGTGAACAAGGCAGTGTAGAAAAACACCGTCCTAGCCTAACCCCCACAACAGTTTCAACCACGGTATGGCCACCTACTTACTGTGGATCGGTCCAACCGAAGCGGAGCGTATCGTTGGGCATCCTGTTGGCCTTAACTCTGAAGTTACTCTACCAGAGTAAGACACGTTTTATTAAGGAGTGGAAGAGCTGTGCTCCATACTCTGTTTCTGTAACCGACCCGACTGCGTGCGTGATCGCCGAGCTCCATACCTTAGCCCCTTCATCACAAACTTCGACGAAGGTAATACCAGAGCGCGGGAAAGCTAACGCTAGCC,1749,50.2,Drosophila melanogaster
SEQ_944621,GGTGAATTTCGGGCCCCCATCTTTTAGACTCAGGCTCATCACTACGCCTACCAAAGCAGAAATCTGCGTGAACCGAGGGTTGCTATCGTGAGACGGTCCGGACACGGCCATTAATCTATTCCCATGACGAATATGCGCACAATACATTCGGTATCAGTCGTAAATTTTCCCGCGACTAGAACAAAGAAACTAGGTCCCAGAAATGTCCATCCCCGTCGAGAGCCGAAGTTTCCCCCAGATGGAAGTGCCCCGCCTCATGCAGAGGTGATGCAAAAGTTCACTCCGCAGAGCGTTGTATCTCGGGCGGACGGTCGAAGACTAGAGTGCACCTAGAGACATAGTAAGATCAGCCGACCCCGATGGTATATATTTTGTTGACAAGTGAGTGATCTCGGAAACAACATTGATGGTTAGAACTTCACCCAGCATGTCAGGTCTGTCGCTGGGTTGCACTGGAGCTCTTTAATCTTGCGGCGTGTTGATCAAACCGCCTTTCGCTACAGCGATTCGGCGTTTTTACTCAAGGCCATATTGGCTCTCAGTACTTACTAGTAGCTAAGTAATCAGATAAGAGACAGCT,580,49.31,Saccharomyces cerevisiae
SEQ_669932,GGCTCCCTTAGCATCCCGGGCCAGTTGATCTGTTGCTCCCACAATCTCGGATTCTTTGACTGAAGGGAGCTCATCCCGTTCCCCGTGGAATACAATTCCCGTGTTGTCGCGGAATCGATACGAATGGCCTACTAATCCTGTGCCGCATCCTCTTTGATGCCAAAGACTAAACGCCCGGCCGTTCGTGACCTACGGTTTTGGCACGTAGTGTTGGAACTCATCCCCTAGGACATGTACCCAAGACATAGGGCGATGACAAAAGGCACGCATTCATGCGACACCCGTCGCACCGTTTAATCGCAAACAGCTGTAACATTTATTGACCTCGTCTAAGTTAGCGCCCAACCAACGTTGTCTTGACTAGAGGGCCTACATACTAAGCTCATTGGGTTGGTCCCATGCTCCGGGACGACCCCAGAAGGAGTAGGCAACCGCTTCAGCTAGCAACGGATGGCTTCGCGATTGTACGTTGAGTCACATGTCGCCGGCCTCGACGGTCGACGCGAGGTAAAAGAATGGAAACAAGCTTAACTTACTCCCCTGGGAGGGGTACGAAGGGGAATAAGGCTGGATCATGGCTTGTCCGGAGCATAGTTGATTGCAACATGACCGATACGGGAGGCAGAAGCGCACTGACATGGGTTAATTATCTAGGTAATCTCCTGTCCATTCCAGCTGGATGGACCGACACCACTAGCAGGAAGTCTGTTTTCTAGTCAGCTAAGCCGCAGCATAAACGGCCGGGTTCAATAGAGGTAGGGGGCCCCCACATCATCATCCATTTCGGCCCTATGGTCATATTCGTCCACAATGTAAGGATGGCGTTATGCGGCGGATGAGGTCGGTGATCTTCCCCAGCTTGGGTGGATAATGTGCACTAATTTCATGAGCGCACGGGGTCTACTCCACGGGAATGTGGGAGATTGACCCCGGAGACGTTATCCCTAATACACACTGGGCAATTGCTCGGTCATTCTAATTATTTGAACCGTCAGGAGCTCTAGTATGGGTCAAGTTATCGTATAAGAACGATCTCAAAGTGCCGGGTGATCCGTGGTCCTGATCTGTGATGAGGGCTTTACCGAGTGGTGCCACGAGCATTCTAAACACCGCCTTGAGTCACTCTAAACGGCAGTCAGGTATGGCTCGCCGTAACCGAAGGCGTACAGCCCTTTGGGCCAGTGTGTTTGAGATCCCTTGACGAATCTGAGACTTGCACTGTATTGTCCGCACTCCACGTGCGCATACCGCCCAGCTGCCCAACCCGTCCCCGGTACTCTTTCAAAGCCTCCAGACTTCCCTTTGCCGAGTCGTGGTATAGCCTCATAGTCCTCGGAGGGTTTGGCGGTGCAGTGATGATTAAAATCTGCATAAAGTTCACGAATTTGCCACACCAAGTCCACTACAAGCACTTGAAAGGCCACATCTAATCCGCTCAGGTAATAAAGCCGACATAATATATAAGCTGATGGGACGCGGCCTGAGCACAAACCTATGTCCTCGTAAGGCGACAGCTTCCAAGCGCAGTACCGCACTTGAGAGGAAGCTAGTCCGGGATAAGGCATGGTATCCTTCTTCTGTACCACTTGTTGCAGTAAGATTGAGAAACATACAAGCTTTGGTGCTCACCCTCATTACCGTAGGTGTGAAATTCGCTTAACGGCTGATGACGAGCAGCGTCGTTTGGTGATCTTCAAAAGTCATCCTCGTCGCGTCGACCGGCTCTTGATTTATGCAACCGCTGCTGCGTTCGG,1754,51.94,Drosophila melanogaster
SEQ_533268,GGGATTTATAAAGCTCCAAAAGGAACAGTGTTTCTCTAAACACCATTTTAGCGAGATAACTATTCGGCCAGTCTTCGAGTATTCGAGCTTGAAGGTCTCGGGAGCTACCTCTGAATTAGACCGCAGATGCATTAATCCTGGGCGGGATAGCTCGACCTAT,160,45.62,Homo sapiens
SEQ_481974,CGTTGCAGGGCGCAGTTTCACTACTGGCCCCTTCCGCCCGGAATAGCTTTTTCCAGATCTCCGGTCTGTGTCTAAGCACCCTCAGGCGATTCAAGGAACGAGATCCTCAACATAGGCGCGGTTCTTACGCACCTAGTGGTGAATTGTTCTGAACAAAGGCGAGCCGCAATCTGGTAGTGGAAAGCATTCCCGGCCTCCGGGTCTCAGAGGATGTTGTTCGTGCTTCCTGGTATGTTGCCCCACCGACAACGGCATCTTAGGTGTACTGCAAGACAACTCGGTGCATATAAGGCCGCGATAATGTTCCCCATAAATTCCTGTATTGTGGTTGCTGTCATTAGCGTATTGACGCGCGCACAACTCACCGTCCACTGTAAACCCCTTACCGACAGGGGTAGGCAATATAAGTACTGTTCATCATCTCCACGGGTAGTCCGGCAGGTTTCATGAGAAGCGACCAAACAAGCAATACGAATCGGCCACCGGTTCGCACCCGTACCTGACCCTAGATAGCGCACAATTCGCACCGGATCTGTGTGCCTAAGTTAGGTACCGACCTGTCAGGGAAATCCCCGCGTCGTCATCAAGGTAACAGGAATGCGCTTCCAGAGTACCCATGACCACGCTGGCGACCTAGGTACTGCTTTACCACCTTTTTACCCCTCAAGTCCCGTAGAACCACGACGCTACAGGTTAAGGTGTGAAGTGAGTATTGCTGACGACACATCCGGTAGTCTACCAAGTGAGGCCGATAACTCCGAATTAACACTAGGCCCCACACGCCGGGGCGAGTCCTCGCGTGGGTGTGCAAATAGTGTTGTGACGGGTTAACACTTAATGGGCTCGGATCCCTAGCGCCTAGATTGTAGAGTTGCCTACCATAGTAGATGTGAACTTTAATATCGTATGGTCCACATCGAGTGTAGGCCCCCTCCACTAACTTGGTCCTAACAGTAGTTCAGGGTTCCGGTATGCTTTGACTGATCGGGCGCCAAGAGGTAACCCTGCGATCAGTGAGTAGTCCATACATGAGCGTAACCAAAAGGAGCTTATCACGTATGCCCGCTTCGCGTACGTGGCAAGCACTACCAAGTGCAACGGCCATCGTGCCCATTTGGGCGATCTCCCC,1129,52.97,Saccharomyces cerevisiae
SEQ_461523,ATGTAGCATGGAGCGGCACTCCCTTCTATTGGCTGATAGATCACTAAAGTCTGGACGTCCAAACGTTCGACCTCACCTACAGTTCTACCCCGTTTAGCCAAGCATAACAAAAGCATCGTTTGCACCTGTTTCCCATCTGGCGGCGGAGACCTTAGTGGTATACATTTCATGGTGAACTGTATAGCACATATCTATAGTCCCGCGAACTCCGGGGCTGTCCACGTTTAGATTTGCGTAATACGATCTGCCTTTTCGCCGTTTATGCTATGAACAGAACGTCTCTAGGGGGATTATCGTTCTCTCGTGGTCAAGCCAGATGGCGCGCAGGTACAAGCTGGGCATTGAGACTCTGAATAAACGAGGTGTACACGGGAATTGCATGGGATACATGGCTTCTTACCGTACGGTACACTACGCTATACGGACAGTAACTCACGTCTTTGTACTTAGAGCAGGGCGTGTAAGTGGCTGCGGAATGTTCGGCCGCCGTGATATGGAAACCCTGAGCTGTGTGTGATTCTACCCCCATCGCCTAGGGTAGGAGCAAATTGATACTGCAAGGTAAAGAACAACAAGACGCTTACCATATCGCGGCCTATCGTTTAAGGCTTTTAAACACAAGAAGTATCTGCCTATGGATTGTGCCTCTTCACTGATTCCTGAAGTAGCCT,671,48.58,Mus musculus
SEQ_563951,CTTCGGCTAACGATACGCGCAGGGACTCTATGTCTTAGAGGTCTATTTGGTTTCCTTCAGTGGCATCTAGCTATACAGCGGAGCCACCGCGTGCCATGAAGCCAATTAAACCATTAGCTGTTCTGATCCAGTCACGTTCAATAAATACTCTCTACGCCGTCCATAACGTCACCGTCCCACTATCTGGTAGTGTTGGTAATCCCGGTAATCTAGTGTCCGTCGCGTAATATTACATCCTGTTAACCGAACTTGAAGGCTCTTTAGTTTGTTATCCGAATCCATTCCAGACGATCCTGCCCAACTACATTCGTGCTGTTCGCTGCGCCGGTAGTTCTCAGTAAGGGTGACCATCAGGTGATCTGCAAGCGGTGCGGTCGTGAGAATCAAGAATAGTGTAGGAACCATACATTTTGTAATTCGCAGGGGACGGAAAAAGATTCACTGATGAGTGTCACCGGAGATACTCGCATCTTGGACTCTCCACACTAGCCGCAGTCTCGGCCGCGAGTACGACAAAAACCCTAAATGGGCGGTAGCAGCGCGGAGCCGCGTAGATCTTCACAGGAGTGTGAGATTGCAACTATACGTTTTACCAGTACGCCCACACTTATAGTTATAATGACAGAGTACGTAGCCCTCGAGCGGGCGTAAGCCCTTTTGCGTCATCAAAAATCATTACGTTATCGCGAGTCTTTGCAGCTCGTCGAAGCTCGTGGACGGGTCAAAGGCGTCTGGCGCCAGCATAGAAAACCTAGTGCCGATTCTCCTGATTTATGGCCTTGATAATAGGAACCACCCTAAGATACGCAACAACGTCCGGGTCACTGGTTTTGCAGCTTAACAAAGTGAACGCGACGTAAGCGAACCCAGGCTGAAACGCGTAAAGCCCGGAGTTGGCCACTATTTTGGCAGTGGGCCCGGGAGCGTGACGTTCAGCGGCGGTGGAGGTATTTCAGTGAACTCGATATCCTCGACAATAAGTTTACCTCGAAAACTCTCCACTACCCATCCATCGCTGGTTTTTGCCTTTGCCATCGACGCTGCTGCGCGCGTCGCATTCTGAATCACTCACGCGGATTTGGCAATCTGTAGATGCGCTGAAGCAAATTGGACCCCCGCTGTTCACGGCCTCTGAGGGTACATAATCTGGCAAGCGGATGGTAAGTTGGTGGTATCCCGGTAGCCCTACAATGGTCAGAATGCACATAGTCGTTTGTTCCGCGGAAGTCCTCCACTGCATAGCTCTGACATCTCGGGCTGATAGACGGGTCTCCCGAGTCCCGAGCTTCGAGACGCGATGGTTGGCATAATTCATGGTCAAGGGTGAACAAGGCTCAGGAGAGCCGCGTACTTAAAGTGCAGTAGGCAGGGGGTCGATGCTTTACCATCCCCGGTGGGAGCAAGGCAAACATACTGCACTTCTTTAGCGGTAGTCATAAACCAGATCGATATCGGCTCGTGGTCGACATGAACATAGAAGACACGTGGGGTGATGGTACTTGAAGTCGAAAAAATTAGAACAGAGATGGCGGGACGAGTTAACCCACGCACTGCAGGAACGTTATCGCTCCATATGACGATTTCCGTCGAGTCCAGAAAGTATTTCTTAATGAATTCGTATAGTTATCCCACGCCAGGTAGCACCCGATCCGTGCACATTCGGGATTCAGTTTATTGACGAGCCCTTTAT,1690,50.65,Caenorhabditis elegans
SEQ_519156,CGAGTAAGACGTCAGCCCAAGGCCAGGCTGACTTTCATACAGCGCCGAATACACCGCGCTCTTCACGATTAAACGGCGGACACCCAATCAAGCATTTCGCGAACCGTAAGTACTACGACGCTAGTCTGAGTGAGTCTGATGAGTTGAATGTCTCTCTCAAGCGTACGCTACGATTCTATTTCCTGATGCTTGAATCTCACCACGGTCTACATATCGCATGAAAAACATAGTAATGACGTGGCTCCTGTATCATACTAGCAGTGTCCTCGGAAGTGTAAAGAGGTTTGCGCGCTTATAATGAGACCTAGGAGCTTTCAAGCGACCTAGAATCGCACGTCCAATTACTGATCATGCG,355,48.17,Arabidopsis thaliana
SEQ_571658,TAATGCACTGCAACAGGAGCAGGCCCACCCCTTTCACACAATAGCTAGGTGGACAGGACTTGCAGTGCCATTGCCTAGCGACATCATACTTTCCATTGCTGTAGGCCTATGCTCTGCCGGTGTGCTCCGGTGTTGGAAGATAGCAAGGGCAGGGGACGATGCCAATTCAGCCCGCCCAGCTACCGAGCGTGACATGATAACACTATTAACGGCTGCATGCATTGGACTTTACTAAGCGGAGGCTTGCTTCCACTAATGTTCACTGTTGGCAAGTATTATCCTACTAGGGAGTACTTAGGCTTTAGCTATTAGGTTATCCTCACCCCATCTTCGAGAAAGGTCCGGGCGAAGCACGTACCTAGTATATGCAAGACATGCCACGGTATTAGCTGGGGATAACCAGGCCCGTTCCGAAACAACGTTCGACGGCGACGACATCCCTCTCTGAGAGAAATTCCGCGTCCAAACAACTGCAGGAGATATTCTCACATGTCGTATCCCCATAGTACGACATTCGCAGGTACCTACCTTAGCCTGCGCAACCCTCGGTCACTTGAAAGTCTTTCTACGGAGGGGATTTTTCCCACATGCGTCATGGTGCATGAATGAAAAGGTCGTCTCTGTTCTTGGCGCAAACCCTGTATCATCTGTTCTGAACCATGCGCTCTGAGGTATTAGCTATTTGGCGTAAAGCGCCTATGGTCACGTGGTTTAGCTATTGTGAGACGACTTAATACGAATTTAGGAGCACTTACGGCGGCGGTGATGATTGGTGCAATTCAGCCTGCGAATTTGCGTGGCTTATATCGAAACACGCTATTTCAGATGACCCAGCTGGGCTCGCACTAAGAAATTGGAAAATGACTCCCGGCTGAATCTTCTCCTCCTGTACGATCAACTGTGCAAATCGCCCTCTATACGTGGCCGATTCACGTACAATAGTCATTACGCGGGTGGGTTGTGTAAACCGGTTCTCATATGGACATGCATGCAAACTTGGGCCTTCAGCGGCGGTCAGGGAAGACGACGGAGTGAACGCATGCTACTGTGACCATCGAGGTCTGGGCATGTGTAACTGAGCCCCGATTGCGCCATTTCACCTTAGTCAGATGCTGACTAAAGACACATCGCATCGACCCGACCCAAGACACCCGTACTGCCCCATGCATTCTGTGGGGCCAGGTTACCGCCAATTAAGGTGTGAGCTCTACGCTTTATCGGTGTTGGTCATAACGGGCCGGCGCGTAGACTTAACTCCATCCTACAACGAGCTTCTACATAGGGTTCTCACGGATAAAAAACGGTCAGCGACAAAAAAGGACTCATTTCCCATACTAAGCCGTGCTCGCTACACCTAGTTAGCGTTAAACCAGAGGACCACGCTTGAAGTCGCTCGTTGATGGCATATTGCGTAAAAGCGTTAGGACAAACTTTCTTTAGTCATGGAATCAGTACCAATGGCTGAATTAAATACGCCTTTGGGACGTGGGCTATCTCTCAT,1501,50.1,Arabidopsis thaliana
SEQ_940826,TCCTGATCTTTCCACCGAGGATTTTACTAACTATTCAGCGGCAATTCTGCTTAAACTATGGGTAGTACGCGGGAGTTCTCCGGGAAGACACCTACTATCCGGTTTTTTGAATACACACCATCTAACGGTTTAGGCAACGGAGGGCGGCGCACCGCATAAGTCATTTCGGAGCCAGGTGCAATCTCCCGATCCCAAGGAGGATCGGTGCTCAGTAGTAGGAGGCTAAGGGGCGGGTGATCAACAGTAAGTCCCCCTCGCAATTTGTCGCGCGTGGATTTTCTGGTTCACTCAGCTCCAGACCCTCATTGATTCGTACCTGATACCCGAAATCTATGGAGCTACCGCAGTGTGAACTTCCGTGAAGTCCTACGTCGATTCATGTCCTATATCTACAGATGCGTGAACTAAGGTGCCATGCGATGTGCGTGTTAAGACAATCGCCACACGTCAGGAGCGGATCCGCTGACGGGTTGCCACCGAATTATAACCGCCAATTGGGACCCACAGAATTACATCGTTACTGCAGAAGGATGTTTTCTGTGCTCCGCGCCAAGGCTAGTGACTGACAGAGCTGAGATGGAGCGTTTGGAGGCAGGATTGTGGTTGTCTCTCGTCCGCGCGCCTTACTTCATCGGATTGAGATACTCCACGACGATATGATAAACTACTCAATCGATTGCCCTCTTGGGAACGATTCCTAAACAGACCTGGATATACAGTCCTATTCTGGCATGATTATCCATCGTGGTATAGGTTGAGTACGGCGGATTTAGCACGAATCCCCACCGGCTTCGGGGCGAACGGTGCGTCGCGTGGATAGCTGGAAGATATGTCGCATATCGCTATCTCCAGCTACAGCCAGCTAGGAGGCTGGTGATAGGTTTTGTCTGTCACCAGTTTTGATCGGCACGAACACTCGCCGTCCTTATACGCTAGTCTCATTGTCTATGATAGATCAGCAAAAGGAACGACTCCGTAAATATACGTAAGGCTTCGATATTAGTGCGACAGCGTGTGTACTCGTATGCTGTGATGAGGTGCCATTACACTGTCAGTTATACGCTGTAAGTCGAACTTTCATTCCGCAAGAAGGCAAATATACTCACCGGGGGATGAACTGAATACTCTCCGGCAATTCACGCTTCAGTTTTTCGGCTCTTTGTCGCTGATCGAACACCAGCCAACACTTTACACAGATAGATCGAGGCTCGGTACGGTTCGGCGTTGCTCATTCAACGCGGTTGAGACACCACTATAAGTAGATACTGAGTGGGGTGCAGGGTACGCGATCGTTGTCACAAGGATGCCTGCGTGGAGTAGGTATTATCAAGCCCCAGA,1338,50.22,Caenorhabditis elegans
SEQ_644767,TATGCCTACTGTATTACGGCGTAGCCTGCTCCTCGCTCGTTATGCACTTACAGGCGACAATAGTTCATGCTAAGTCTTAAGGCGGTCAGGCTGCAGAATCGCCCGACAACTAGAGTGGGATAGACAAGGAGCGGTCTCTGAGAGGCTTATTCCGAATCTGCATCACTACTTGACCCATCTGCACAGCGGGCCGCGCCAATATTCCATTCTCGCCTCTGCCAGCTCAGTTGGTACGAGGGTCCCTAGGGAGATGGCAAAGTTGCGAAGCCGGCTTGGCCATTTTAAGGGTCATGCATGCCTCAGCCGAGGTGGCGGGGGCCCCATATATAAGGCACTACTACCGCAGTGCACCACGGATGCACAGGTGCGGCCAATCGCCCAACTGGGTAGCAATCATTGTCAGTTACACCTAGTGTTAGGGTGGAAATAACGTCAGTAAAACGGCACCAGCGGAGACGTTGATGACGACGCTAGTTTCCTAGCCCGATTAGCGCCTCGTTAATGTCGTAAGGCCTTAAAATATAG,525,53.33,Drosophila melanogaster
SEQ_862435,CGCGGATTTCTTCGGACGGTCAACGTTCCCATGACTCTCATACTACTTCGTGAGTAGACAACGGTTGATCTTTAATGGAGCCTTTGCGTTGGGCATTTAACCGGGATCATAGTTTGTTACACTGGCTCACTCCGGTTGGAGATTAATCACGCTGTGTTTAGGAATTCTCTAGTACTCTCTCTGGGTTCGCGCAATGTTTACATCACCGGGGCGGTGGTGGTTGTGTTCAGGCGCGCAGTGAAAAATTTCGTTTGTGATGATACGGGCGATCATTACGCATTAATACGTGCTGTCTGCTAATATAGGTGTCGTACGTGGCTGTTTAGTATTTACGGTAGTTCGCTACCCGTAGCGTATCGAGACCGGCCTTGAAATGGAGTATATCCCGTTATGGCTGCGGTTACGATAAACGGCTCGGTAGAAATCACCTCCAACGAAAATGTTTCGCACTACACGTGGATTGCTAGACCCGGAGTCACGCAAACATGGCCAGGAAATCATGCCCGAGTTGGCCGCCACGTATTTAACAAAAGTATTGTAAAGGAGAGTAAGTTTTGGGTCTTGAGTAAGTCGCTGTGCATTAAGCTCGTCCCGTTGTAGTGGGCCTCGCCACCCACCACCCAATATGCAAGAGCCGGCAGGTGGAACACCGATACGATCATCACTGTGCCACAGCACGTGCGCTGCACGATTAAGATCTCGAGAACAAAGTGGAAAAACGCAACCAACGATCTAGCAGTGGCCTCCACAAAACCGGCGCTAAACTGGCAGAGTAAAGAGCCGTGACAGGGAGTGAACGGGTGTGAAGTCATCTCGCAGTGTAGGCACCCAGTAGAAGTTGGGGTCTGCTCCGCACGCAAGGGTCTCAGTGAGTAGATCGTCGACTAGCAGCAAGGCTGCTTAGGTTGCGCTCTTGAAGAGGGAGCTCACCCCGTTACGGCCGAGGTACATGCGTACTAACCGACCTCTTGCGTCTCGGGGGGGGCAGCTGCTAGGTTCTCGTAATAGTTAGGGGCCCATATCGTCTTAAGCGAAAGAGTACTCACGCATTGTCACTCCAGCATCTTTCTATTGCTACTCGTGAGCGGAGCGTTGCTATACAACTAACTTCGGGCAATGGGTAGAAAAGACGGGTCCCATCACACGACACTGAATCGCTTGATTTTAATCGTCTCGAGGGATATGGCGGCGGAATTTTAATGGGAGACATCGTGATAGATGTTCGCTACATACCGTTTCTGGATGGAGATCGGAATGGTAGCTCGGCCCTGTGTAGTCGAATAACGGACCCGCAACTGGCACTAGGCGTACCTCTGAAGGGCATGCACGTACACGAGGCTAAAACGAGAACTGGCATGTACGCTGGCGTTCTCTATTGCATCAATTGGGTTCTAGCGTAATTTTGGCGGGCAGATACACTTAAACCCACTCGAAACGGAGATGATTGGTAGGCTACCAATCGGGGGACTCAGAGAACACAGAATCGGAGGCATCTACGCCCACCCCACCTGGAATTCACGCGAAATGGCACCTGGCTATCGTAGAACACTGGTAGATTTCTAATGGGTCCTCCGTCGCGTTCACCATCGGTAACATTACCTAAATGCATTGAATAAGATAGACTTACAGGTCCCCCCACTGAAGCGCGGTGCCACCGCGGCACTCACCTGGGCCATGTAATTTCTCCCGTTAGGACGACGGACTC,1705,51.2,Caenorhabditis elegans
SEQ_177517,AATGATAAAGTCGGGGCGGGGGCTTAGAGTGTGATCTTGGTCAACTCCTAGATAGGACATAATTGAAAAATTATAGCTCCTCTTGTGCAATCGCAAGAAAACGTGCCGAAAGTCGCAATTAAAACCGACTGCTGCATCAAGTATTCTTTAATGCTACATACCCGGGGGGGCATCGGTCTCAGCCACGTTCTTTTAGGATTGTCCAGGGACGGTATACCTTGGTAACTACGACGGTAATGGACCGCGGCGGCCTGCGGTATCTTTTAGTCGTGATTAACGGGTTAGGACCTGCTAAAGAATGGGGAATGATACGCTCGATTCATCTCACCGAATAGCGAAGACGCAACAGTGGGATAATAGTACACCGCGTTATTCATTGTTATTCGCCTGAACTCCCAAAAACCATGATGTCCTTCATGGATAGGCTCGCAATACCAAAGACCTCTGTCATACGTGATCAGGCAGATGATTCCTAGTGTCACGTATTACATTTTTCTATTGAGTGACCACTGAACTGTGTGGTACAACCTAGGGATTTTGATTTAGGGGCTTGGTTGTCCCACGTTAGATCCGCGAGGACTCAAGTTTCTTAACTTGTTTGTGGTACGTAACTCTCCACCACAGATAGACAGGGTATCGTGATACATCCCATCTGTGGGTCGGAACGTTCAGCAATGTATGGCCGTTACCATAGAACTATTGCACTAAGACAAGGGACCGTCAGCGGACCGCGGCCCCCCAGGTACCAATATTCTCGATACAAATTTTACTCACAGGATACCGACGGAGTCCATGTTTGAAGGAGTCGATGTTTCTATTCCTTCGTTAGCGTCGTCGTCAATAAGCTGTAAAATCGAGGGTCCTCTGGCAGCCCGCGCTGACCCGGTTCTACATTTATGTTCCGCGCGAGCCGTACCTGCTATCTAGCCGTCGCTCTTGTAACTTAGGAGTGTTACGATCATGTTCCTAATACGCAACATAGTGTGCGATCCATATCCATGCAACTGACGTTGGCACAGCGATCGCACTCGCATCCGGTAGACGTCGACAAGGGGGTTTAGCTTACTAATTCAGACAACGAGTAGACGTTCCTATGATACTCGTGGGCGAAGCAGATTCTTTTTCCTAAAACATATTGGTTGAGCTTAAGGTTTCTCTTTGGACATTTAGTGACTCAGGCCCTTAAACGTTAGCTACTTCACCTGGCAAAACGCAGGCGAGTCCTCCGATGTTGGCACTATTGCGGACCAAGCGCACCTGAAAATCGGGAAAAGCAGTTTGCAGTGCAATAAATTCAACGATCTTAATCTTAGGCCGTCTATCCGCTTGAGGCGATTTCATCCAACGAGTTCGCTTGTCGCTTTGGCCCGACCCCTTTTCCCAGACTGATCTAGATTTGCGCTTGCCCTCTCTATTCTAATAAAACCACCCTTGGAATGTCCTATATGGTGTCTCGAAGTCTGTATGCTTTAGATTCTGCCCGGTAGGATGGGGCCCTGATACCCTACGTTGAATATTAGCGAGTTGACCGCGCAAGACCATATAAAAGTACTGAAGAATCATGGTTCTTACTTTTATCCTTCCTCATGCTCACTATGGCGCTTGAAGGAAGTTATTATAGCTGACACAGCTACATGACATCTAAGAAACCCAGCCAACGACATGAATAGCGGATACCTATACCGTCGCAAAATCAATCAATGACACTAGCTACTGAATTGTCTTGTCAATCGGGGTCGGGGCCATAGTATTCTCTAAGTGGACACGTAAGAGCATCACAGACCATTCATGTTCGACTAGGGCACAAAAACTCTCTTGTTCCAGATGCGGTTACTACCGCAGTCCTGTTCGCATTGCTTAGTGACTTACATGTTGTGTCGGGGCTACTTAGACATCAACACTACGGCTGACGGAAATGTAACCTCCTCGGCA,1932,47.05,Caenorhabditis elegans
SEQ_289996,TCTTTGTCGCATGGAGCTTCCACAGCTCAAAATCTAAAGCTCAGGGGTTTCAGTATCACTCGCGCATTTCCTCAATGACTAGTCACATGTCGTCTGACCCTCGGCTAGTAGAGTGATCTCCAATCCCTCTCGCGATGGGGGATTCTTCCGTTGGGTTGGATTATGAGGACGGGAAATATTCCGGTCAACCCACCTAGCATCCTAGGATGTTCAGCGTGCCTGGTATTGAATTGATTGGGATATATATTGTTAGTGCGTTTCGGTGTTCCGCGGAGCTGTCTCTTACGGGACTTCTGTCAAGGAGATTACGTGCCACATGAGAGCATCACGGTCATTTAGGGCGTGACGAGTCAAGTTGTCATTTGGGGGATCACCTTCTTGTGCTATATCCCTCCGATCTCTGACATTGACTAGCTGGCCGTTTTTCGTTGCGCTAGCGGTCGAAAACTGGGGTCCGTAGATGGTGAGCTTCCCCTCGGAGATCTCGGCAATGTCAGCTAGTGCGGCATACGACTGTGTTAGTAAACCCTTCCATACGCATCTAGATCAAGCTGATCCGTACTAGATTATGCGGAAAATTGGTTGTGAGGGTTACGGTTGGGCTTGTATTCGATCGGGAGAGCTTAAGGACTCTTGCCCAAGCGGTTCAGAATGATTTTTGCCTCTAACGCGAAAGCGTCGTATCATCTACGCCTTCGGTAGGCAGCCTGTTGATGGCCCTCGATTTCAACGATGACACGGACTCTCTACTGAGAACTACTCTGGCACTCACGCGCGCGAGCCGTCTTCATCTAAGTACGCCCAATCACGTCCGCTCGAGTTCAACTCGAAGGGATTGAAGCCGCGGCGGCGGTGGTTGTTAGGCACTCGCCACATTAGAAACGACGCTCCGACAGAAAATGTTCCGCAGTTCTATCATAATTAATGACACAGCCGTTGGTCCTTCGGGTTAACGTTTCCTCGGTACAAGCACGTCGCACCCATCAGGACTCACATCTGATACCGGGGGGGACGGTTTTGGATAACGCTGGATAGCGGTGTTTGCAGCCTACAAGTGACAGTTTACAATGCCATCCATGGCCCCGCCACAGTGAAGTGACACCCCGTTGCTCCAACTTCATCGCTGACCGTTCTTACGTGATGTAAGTCTGAATCAACAATGCTAGTTTAGATGTGCACCCCTGAGTCGACCCAACGAAGGTACCGCTTCTTCGGGGAGACATGCGGGAGACTTCTCGACTCAGCCGTGCTAATTGAAGAAATATTCTTATCGACGCGTTCTATGGTTGATGGTTCGAAGGCTAAATAGCTCGCGGCCCATTAGCAATTTACGACGTGATTCGACTTAGAGAGTTAACCCGAGTGATACCTGGGGGTGGACCCCCTAATTGTGTACTCCTTAAAGGGAAAGCACCGTTACGGCTCTGCAGGGTATAGGAAGTACTTTGCGATGTGTAATGCTGAGCTGGAGTCGTAACCGATGAAGTGCAATACGCTTTCCAGATGTGCTTGGCCGGCACTCAATGGCCCAACATAAAAGGAGTACCGGATAAATAGTTATCCCTCGCCCAAGTCCTGCGGAGTTTAATTGAACGACAGGTCACATACTTCGAGAGTACGCACCTTTGAGATCATCGACGCGTTTGGAGCCTTGCCCAGGAATATATGAGCATTTGAACCATCACTAGCGGAGATTATTGGCCAAGATAACTAGTGCATTTGTTGCTGAAGTCATAAAGAAATCTCGCCGTCGAGGACCAGGCCTATACGGGGCTGTTGAATTCGCGCCATTGCGTCATAGGAGGGATTCTTATCCGCGAACACAACCAACAGTACTCTCTCCCAGTCACAGTGGCCACAATCTTACTCCGTCTGCTGACCCTCGAACCTTCCATTCTATTCACTGGGATTCTGCTAGACT,1921,50.29,Caenorhabditis elegans
SEQ_499923,AGACATAACCACTAGTGGTGAAAAGGGTGGTGGTTCTTATGGCTTTGAAGGAGAGCCAATACCTATAATGCACCGCCTGCTCGTTTGTGTGTTTTTGGCTCCGCTAAGTCACCGGTCTTACTGGAAATAATCGCGCCAACGTCTTGGC,148,48.65,Arabidopsis thaliana
SEQ_868590,GGACTTGTCCTGCTTTGTATCGTGTTACCGAAAGGTGAGGATAATGACCTTTCGATATCTGACTC,65,44.62,Saccharomyces cerevisiae
SEQ_970071,CAGCTTCCAATTGTAGAATCCTGTGGAAGAATTAGCGGCTTCAAAGCAAGGCAACTACATAAAGGGGGGGCTGTATTAGTACGACTCCGGTTAAAGGCGCTTGGCTCGGGGACTGTCACGCCAGGCGAGTGCGTGCGGGGGGCTCGGGGTATTAGGTCTCGCATCATTCTCGCTGAGGATAAGAGCCTAATAGGGCCGTCAACTATAGGCCAAACGACAGTTGACGGTTAGCGCTTAAGCAAATGATGGATTGCATTCTCGTCTCTTGTCGCCGCCCCCCTCCCAGCGGAGATGGTGCATACAAGTCTCTCAGCAAGCTATCGAAGTTTATACCTAAGCCTGGGCTTGGTGTATGTGGAGGTATCGAGGGTTTTACAAGAAGTGTACTGATGAAATAACAGTTAGTTGGTTTTGGACGGATTTGTAAATGTGATCGATCAAAGGCCAGTGATGGGGCCTCCGACAGGGGGCGTAGATGTCCCTCATGGGGCCATAGCCGCCCGCATGATTGACACAGGTCCGGGACCCACGAAGCGTGAAGTATCACTGTGGTACTGACGAATTGGATGAATATGCTAACGCAAGGGGCCGAAGGGACATTTCCAGCCAATCTTCCTATTCGACCCTGTGCATTCACGGCACTAACCCGATGAGGTGTTAGTTCAAAATCCACTCGGGGCAGAAGGTAAGACTGTAACCAACCAGCCGGGTAGGAGTTCCCACGAAGACTCAGGCCTCGTTGTAGGTTAACGGTCTACCCACCCTCGCAATTAAAATGTTCCGAGCGAGCCGAGTCATAACAGCTCCAGGCATACACGTGTTCCAGAGCCGCTGTGCCCTGTGACGCTAGCCGACAACTATCTGGACCAGTCTGTCGAAGGTTTAGTACACCTGCGTGCTTATCAAGGGCGAGACGTGCGCCATTTACCATAATGTTAGTGGCTGAACCGTCACAACTCGCAGGGACCCGCCCCCCTAGTGTAAGAAAATGTTTGTACATTAATCATTGAGGGCGGGCTCTTTCCAGTACTCAGGTCAAGATTTCGGACTATGTTTATGAGACCAAGCCATTTGTACCCGGATATAGGACAGCGCCCCGACACAATATCGTGCCTGCCCGAGCAATGTTCTGTTGTTGTGTGCCCATACACACGTAATCAAGCACCCCTACTCCAGCTCCGTAAGGTTCTTCCCATACGCCAATGGCTGCGGGCTCAGGCCTGACGTTGGCGCGGATGAGTATGGTTTTTAAATCATCTAAAGCTCCTGCCTGGCCTACCCGATCATATTGATGTATCCGGTACAAATCCGGACCACCGGTCTTATCGAACAACTGCCGCGCACCTGGATTAAGTGGCGTCGATGGTTGGCGAGACTTTGCAGTAATCAAGCCACAAAGATAGAGCGATCCTTGCCTCCAGACATAACTTACAGCTTTTAAGGATTGCCGCCGTTCGTCTGTGCTTAGGGATGCACCCGATTAAAAAGGCCGCTTAGCGCTCCCCTTATGCAGTAGATGCGTCTGGATGTTGAGCTTCACAGAAGTAGTTTAAGTAAAGATAGATGAACTGAATCTTGTTGATCCAGGTTGGTGCCTGTTCGACTATTGAGATGCCCATACACCCTGCTTTACCGAGGCTTTCATGAATCCCGTAACAGCCCGCGTAAATAGGCCCGACTGGACTTGACTTTCACCATCATGTTCTGAACCATCAGTACATGTACGAGCCTTGGGGTCCAACATC,1745,51.23,Arabidopsis thaliana
SEQ_831110,TATCTGAGCAGGTGCTGGTTTAGGATGTCAGAGGATGCGTGAATCCGTCTTTCTAAGTTCCATCTCCTATCGGGTTTTGCGGGTGTAGTCGGATTGGCAGCTCGACCTACGCGGACAGCCATTTCTACGTAGCGGGAAGTGAGTGATGTTAACAACTCTAGACAGTGTATACGAGAGCTCCCGGGACGCAGCCATATTTCTCCATAAGTGGATGCGTCTGAATAGAACAATGCAGGTCATGGGTTAACCTTTCCGACTCCGGCGAGTGTCCGACACGTAAATTGAAACGTTATAAGACAAAAATATTGAATTATTCAAATATTTTGAAGCAGGCTTGTTAGCTGTGGTGTCCCAAAGGATCTGTACGGCGTTCCCTAGATCTTGAAGTATAAGCAAACGACTTTTAAACACAGCAATGATCTAGCCCCAGGATGGGGCGGCGTGACTGAAGAACGCGAGTGACCCAGCGACACGACGCCAATGTATGGTGGGGTCGATTTGGAGATCAGGCATGTAATTTGCCTGGAACGAGCTTTGCAGGTCCCAGCGCTGGTGCGGGAAGTGAAACCAGTCCCCGAGAGGAGCTGAGGGTGCAATGATCTTGAATTGCATCGGGAATATGGTGTTCCTGCGCCCTTTTGCCGTTAAACAGCTCGTATGATCCCCCGCGACGATGGTGGAAGGCATAACGACTCCAAATATCACCGACGGTATTATCGTAACTAAATCAAATACCCTAGGCTCCTACGTTTAGCTTCAGCGCTGTAAGATATACGTCGAGGTCGGCCTGCCCGAGTCTGTCACTCATGAGATCGGATAGTTCGAAGTTTGGCTATTTGAACCATATCGTGTCTAATTCAGAAGTCGTTCGTACCCATCTAGTTAATAAGGGTATCTGTTGTGCGTACCCTGCAGTCTAACTGGAGGACACCCTGAGTCCATTACCGCTATTGTATGGTCCTCAGTGCCGGCCCTTTAATCAGCCCATTAATCAGCCCAGATATTGACACTTGATGAGATATTCCTTCCTCGCGCCTACGTACCGGTAGCTCTGACGGTCTAACTCCCGACTGTTTGTTTCACCCATGGCAAAATTATCTCATTCGACATGCTAGGCACAGTCAACTGTCGCTGTGCTCGGCCAAACGAATCGACGAAGGTTTCGACATGCGTTGACACGCATTTATTACTGACGTCCCTACGGTTAAGATACTTTCATCCTTGACAAATCGCAAACATCGTCCAGGAATCGTATATGCCCGGGACTGTTGCTATTATTCTCAGCGAATTCTAGAAGCCCCGGTCATACACGTTAGACGCCTATACATTGTCGTGTAGGGTGTCCAGGCCACGAAATGTTCGCTAGGTATCCAATTGGTTTTGATAAATGTAGCTCATGTTTACGAGTGTGAGCGGATTGCAGGGCCATGTGAGCTGGTAAGTGAATCCGATAACATCCAGTCTTACACATAGCACGCCTCTTCAGCGCCCTTC,1494,48.53,Drosophila melanogaster
SEQ_729966,CTTTCAGACCTAGGTGTTTTCACGGACGTTGCTCCAGTCTATGTATTGAATGTCGGACCCCCTCGGGCTGCACCATAAGTCCAATCACACGCAATTACACTGAATTCAGGGGTCACGCGGGAAAGCAAGGAACGCTAGGAGATGCAGAACCCGTATATTGAGAGCTTTCTCGATGAATGACGCAGGGGTATGTAGAACAATTGCTTGCTCGGGAAGTCTGCCGTAACCCTCCCTCCGACTTTCTAAAACAGACCATGGATGGATGGTCGACGTTCTTACGTAACACTGAATTAACTTCTGGTAGTACTCGTAGGTATCCGCATATCACACTACATTGCAGCCCTTGCAACTATAGTACTATCGTATTCTCTGATCGATATTTATCGGATCTCTGGTGGGATTTTGCTTACCTATAACTCAAACAGAGTTACTTAACGCAGCAGATCGTCGAGGGTCATATGTTGACTCACTGATGCGTGCGGACGTAATTGTTCAAAGGGCTCAGGATGGAAAGAGGTAGGTAGACAGTCCAACCATATCGGTAACCGAGCACGGCCAGGGATCCGCACGATTGCTCGCGAACGGTCCGCAACTTAAATGGCAACGCGTGCGAGTGCTACAGCTGGTGGCGCAATAAATCTAGGTAGGTAGCGAAAGCTCTAGCGGGCTGCGCGGGGAACTCGTGGACTGTCATGCTCGGAGTCTCCGATAACTACTCGACCGCTAGCCGTTTGTTTGTTACACAGATTGGCTCAGTCCGACAAGTAGCAGAGCCAAATTCTCATACGTGCAACGACGCTCTCGGTCCATCTAGCTACTCCCCCACTCGTAAACGAAAAGTATTGAATACCACACAATCATAGACGCTAAGGCGCGTAGAAGATGCTTCTCCGCTAGACTGGTGTGTAATTTTATGATTTTCAACATCTGAATTTCTGAGTAGTTTTCAAACACAAATAGGCTCATTAACCGTAACAGTTACAGATCAAGACGTCCGTAACATAAACAACGATGGACCCATGACCGAAGCTTGATAGGATATCATTATAAACAGACACGCTCCACCCTCGCGCGCTATTCCGTTATGACATGCGTAATAGAACTATTGCACATTGTAGTCTTAGCACAGACTAACCCCAAGGTGCGTGACGACACCGCGGGAGACTGGTGGCAAAACAAGATACTAAAGTGTGGAATGTCTATGATGCAACATTCGTAAAGATATTGAGTCGAGTAAGATCCGTGGATCCCCCATACCTCACTAATGACTGTCGCGTTATTGCACGTAGGTCCCTTAGCCGTGACCATAGCCCACCGCTGGTCATACATCGGTGCGCGAGGGCAGGGCGTATGGCTGCCTTAGTACGAGCCTTTGACTACCAAGACCTGGCTATTGAAATCACTAGCCGTTGGTCGGCTTGTCGTCTTATGGCAACTTTTCATTTATTGTAATCAAGGGTACTATATCATCTTATAGTAATACTGACCCTGAAAACGGACTGCGTTGTGTCATCTTCGTCCGCTTTCCGTTTGCGAATCGATGTCACTTGTGAGCCTGAAGGGCCTTTTCTGGCCTTTAGGGATATACCACGGCTCCGTGCTGTGCAATCAAACTTTAAGCCCAGGGGCGAAGCCGGCGTACACAGAGACGCGTTGTTGCGTGC,1664,48.44,Caenorhabditis elegans
SEQ_128371,GATCTTGATCGGCCCAAGTCTTCTATTAACAACGGTTGGGGCTTTCGCCGGCAGAACCTACATAGCACTGTGTATCGTCGTCGACCAACTTCTCACACGACTCCATCCTGCACGTCATCATTGTAGGGGAACTTGTGTGTCGCCGACTTTAGAAGTAACAATGGGATACTGTCTGAAATTAGAATGCTAAAAATATGGGATAGGCACAAGCGCATCAATCAGACACGAATTAATTCTGATCCATTCTGGCGTGCTAGCATTAGAGCCAGCTGGGACTCTTGCAGATGTCGACTAACCCAAAACAGGAATACTTATGTCTCTATAAGGGCATGAACTTGGCCTGACATTGATAGAGGTGATGCCTTGTAATCTCTCTCGAAACGTCAGGTTTAAACAGTCATTCCAGATTCGGGCCGACTTTCCGCGCATCTAAGAGTAACCTGAGTCCTTTACGAACATTCCTGAGGTCAAGGGGTATGTCGAGGTAGGACTCTATCTTTCTGACATGGTCAACCGATGTTGACCTCGTCGGCTACATTAGTATCGGGGATAGCTACTGTGCTGGGCACCCGCATACCCACTTTAAATCCCGTAAAAGTCGTGGGGGCTCTCCGTGGACATCATAGTATAACGTGAC,637,47.41,Mus musculus
SEQ_915169,TTGCTAATATTGATCGAGCCTGTCTCGTAGGCGTTCGGAGGTTGGCTTAGCCCAGTCCCGCGAAGGGTAATCACTCTAGTGGACCAACGAGGTCTGTTCGCCTGGTGACGGGGTTGCTGGGAGCACAGTTGAGGAACGATGTGGTTCAACAGTTTGAAGAGGGCGTGCTGGTAATCAAATATATTGTTTGAAAGTGGCGAAGGTTCGCAATAGAGGTTGCCAGGTAGAGTCAACGGTCTGAACCGCCGTCACAGGCACCGGGTACGGATCGGCCTGCACCCGAAACGAGTTTGGACTAGCGCGGGAACTCTGCGAAAGCCCTTCGGCGCTTCTTTATGCGCGGAGTGAGCTTGGTAGGCTACGTGAATGCTTATACACCGGTTTTTACATTAGGCGTGGGCACAGGTGCGCTTTTTCATGTGGAGTTACAAATGCAGTGTGTTTATAAACATCGCTAATTGTGCCTGAAATTCACAGTCGATGCTAATGCCGTTGATCGCATAGCTTCCCTTAGTTACATCCGGGAAAGGCTACGGAAATCTTTGTCAAGTCCGCTCCACTGAAACCATTCAACGGAATGCCACGACCTCCCTGTATAAGGTATTTTCGGTACTGTCGGCTGATTTTTTCGCCAATATGAGTAAAACATAGCGCCACCGAGGTATAGGGCGGCATGACCCCCATGTAACTAGACTCCTCCAAGAGTACACACAAAAGGCATTCCAACCGGGATGGGGCTGACGTAAACTCCAAGACGTGTGTGTGAGTGGATGTAGCCATAATGATGGAATCCCGCCGCGGCTCCTGAGTAATAACCTGACTCCGGGGCTTCGCCTCCTTCCTGCGTCCTGGCGTACCTCTTCACATACACAGCTGCTATAATCATTCTCGGGAGTTGAAGCAGGAGCCTATACTAGGATATTCGATCTATCCACATGGACGTAACAGGTTGAAACCACCCTTGTAACTGATGCACGCCATATGGGAAGCT,991,50.86,Arabidopsis thaliana
SEQ_752579,AAGGATGTCAGGCTCTCCTAGACATTACCGTCTAACTGCGCTGGCATGAGTTACGTGGTAGATGAACCGCAAATGCCTTGTCAGACAGCTACAACGATGTCCGGTGTCGCCAGCGAGATCAAACTATGCTTTTAATATGAAGCGAATATCTTGCCCCGTTTCCCTCACAGTCAAAATAGTAAATTCTTTTCATTGCATAATAGTATAGTTTTCCCTTGTGGTTCGGTCCCGTTTCGT,237,44.73,Arabidopsis thaliana
SEQ_791475,GCGGCTATCAAAGCGAATACTCCGTGAAAGACCATGGGACGACTAACTCTAGTCGCAAACTATGAACCAATTACGACTGCGTTGGGGCACAATCCTGATTACTGCAGCTGGAGTGTTCTACGTCCCGGATAAACAACAGTGTGAATGCTACCCGTGCTACATCCCTGACTACAGGACGTATTGTTGGTAGGAGGAACAGGCACCTGGTGGAAAGAAGCGAGCTTGTAAATGCAATCTTCATCCGAATCGGGTGTCTGCTTAGCAATCCGTTGACCGATACAGAGACACTACGAAGGGAACCTTACGAACCGGTACTAGACGGTGAGCAGTCCAGTACACTTGTAATTACCTTGCCTATGACTTGGGTTCTCGAAGCGAATCTTGCGGCGAATCTGTGAGCTATTCATCATTCCACTTCTAGGCTAAGTAATTCAACTTACTGACAGAAGTATGGAGTGGGGTCTCGAAAGGCCGTTTGTCCCGTCCAAAGGCAGTAACAACGGAACCGCTGATTTTACCATATATGTTTACAGCATCTCCTCGACGACACGTCTCAGTATCAGCTACGCAGTCATGCCGGAACACCTTATTACTGTCAAGACGGGATGATCGTGTTAACTTTGGCGACACGACAATATCCTTTGCGACGGATCGGAAAAAATCCGAGTTGACGTTCCCTAACCCAGTGGCTCGCGTGTAAGAGGGGACCATGCTAGAGGAGTCCCACCTAGATCCTACGACTTTATGATATAGTAAAAACTAGTTGACTTAACCACGATACCAGACTCACAAAAGGGGCCCTTTAGCGTACTTTCTCTAGGTCTGTAGTGTATTCTGGAACGGTGGGCTTGTCCGTAAGCAGCTTGAAACCACGGATAATGGAGTGCCCGACAGTGGGATTGGTGATCTCTCCCAATCGCACCACACGAATCGTTACGAAGGTTATACCCAATAACCTCCATTAACTCTTCAACTATCACTCTAATCTTCTCGCGCAGTTTTGCAATGTTAATGAACAAATGCAATCGGTTCACGTATCGAAGTGCTTTTAGTGATTGTGGTCCGATTCCTGTGCCTTTTCCTCGGGAGCTTAGAAGCGGAAGGACAATGTCTAAGTCTTCTTAGGCGGCTGCCGTAGGGGGGTAGTACGACTTTTACAACGCATCGGGTATTGGTACTTCTTAATCTCCGGCGCAATGAATCTCCTGGCCCCGAACGCGACTGTTACCAGTACCTGCGACTGTTCCAGAGTGGTGAACCGTCGCGCCTTCCGTACATATGGTCCCCTATTACGGTGCCTTTGGAGCAGAAAGTATTACCATAAGTTAGTACGTGCTGCCGTTAATGAGGGCCACCTCTCTTTTAGAACAACACTCTTGTCCCACTCGTCAGTAGCTACATGGGAACTTAGTGCATGCATGGGCTTCCTGCTGACACGAAATGATAATTTCGGCAAAGGCAATAGCCCTACACGTC,1476,48.31,Arabidopsis thaliana
SEQ_348081,TGAGACGTCGGGTCTCTCGAGGTCTATTATTTCGGCCCATCGTTGGAATCTGTATACACCTTCGTATTCCTAAAAGCCGAGGTCGAGACCTACAAATGTAGGCCCCGCCAGGGCGGAGAAAGATTTAAGCTCCTGATGGGCAGAGGAAGGGATGCGGCAGCTCACTACGTGTACCGCGTATCCATGCGCGGATACGAAGGCTGGTCTGAACTTATAATATCCTAGAGATACAAGCGTACTTCCTACTAGGGCCCAGGTTCGAATCGTTTTCGCCTGCTCGAACTGGCGATCACCTAGATATGCAGCGCGTGGGGAACGGATTCATGCTAGTAAAAAATAATCAGTATATGAACGGCGACCAGGGACGTCGATGCTCGTAGGCGATCGCTTTGGCAGATACCAGTACATGAGCCAGTTGGGTGTTCCTACAATCTGATCTCACGGAGGGCGGCCAACAGCCGCGACCCCAGCGGAAGGTTCTACTGTTTACCGCCTAGCGTACCGTATCTACTACATGCAGATCCAGCCTCTCATAACAGTTAACATGACTTGTGTCTTCCGCAAGAGAGCTTTTAGGATCCCCATCGTGCCAGAGCAAATTCGGCTGCCTGTATAACGGTCAAATATCCGAGGCAGTCATCCGCCTCAGTGGCCCGATGGTTATGAGTTTTGCAGTGAGCGAGCTCTAATGAGCTAAGTCTCCGATGTGTTAATACCTGTACCTAACACTAATACCGGTTAAGTCCCGACGCGGCCAAGAGAGCCGCTCCATTGTTGCAAGAATAATAAGCAAGAATCTTAATGGTTGCCACACCAGTACGACCAAACTTGCTAGATGTTGCATCTCTGTGTAATACTTGCGTTGGCTACCCATGTCGGAACGGAGTCCAAGAGTGTTTAGCACATGACTGGCCGATAATTTGCGCTATGACACGCCTTCGCGAGGTTTTTCTCCGCACGAGGACTCGGCAAACTCATTAATCGGATACCCGTATCTCAAAATAGTCATCATTCCCTCATTTGCGGACAGATGGACATCTGA,1042,50.19,Saccharomyces cerevisiae
SEQ_396795,TCGTTCTTGTGCCATCGATATGAAGTGTTGACATCCGACAATGGAATACTTGCGGCATTTGTGACTAATACGCTCTCTGCAGTGGGGTATGTCGCCTGATTAACAAAGAGACCAACAAAATACGGATAGCGGGCGATTACGTCGTCAACCCACGACCCGCGGCAAGGGCGTGGCACGCTCTCCGATATTTGCAGGATTGCACCCAGCAAGAAGGTTCTACGCCAGCTATGGGTTTGCCTATACCACCTCCACGCATGGTGCAATTTAAGCAGCATAGCGATGCATGGACCGTACCTCCACCTTACGCCCAATCACGATTGTTTCGATCGAAAGAGTCATGATTTAGACGGGCTCGGGAGATATAGCTGTCCCGGGAAAGTTGGTTTATGCGTGGATTACGGCAACACTTCCGCAGTTC,418,50.96,Caenorhabditis elegans
SEQ_483659,TTTCGGTGCCTACTTCAAAGACTCCAACGCATTGTGGGACTCTTGTGATCGAGTTGCACAGGACTGTGGGTGGCACTCAGCAATTCAGTTGGTCACCGCAACAATGCCTCAATTGAGTAAGCCGAACGCCGGCGAAAATAATAATCGATACGGTGCGTGTCTCACGGGAGGTCTTATCCACTTGGGTTCGTGCAGATGTACTAACCAATACTAATCTGCATTATAACAAATTTGCGCGGTCGTTTAGATAGTGGGCCCGCCCCCTCGTGCGTGCGAGCATCCGACTCAATGATATAGTAGACAAGAGCAATGGGAGTCCACGTACGATCCCATGGAAAGAAGGTCACAAACGTTGCTATTCTTTTGAGTTATTATACCGCTTCAGATATCCATCTCGGGCCACGATACATCAATTCGTGCTCTGAAAATAGCACCCTGATTTATTACTTGTTGACATGTAATTAAATAAGCTGGAGGGCGTCACCGTATTAGGCTCCTTCCTTAAGTCGGGCCGAGTAAGGGTGAACTAGCGAGAGATATAGGCACCAGGTAGACTGCCTCCCTAACGGGAACTATTCTTTCAGGGTTGACTATAACCGATCTCAAGGCTTTCAAAGTATGGGACGTTTGTTTAAAGATTGTCAATACGTGAGAAACACCGTCAGTACCCTGTCAAGTCATCTGGACGAGTATCCTCTGCCCTCTCAGATAGTTACCATAGAGCATAAAAACCGAAAGGTCGTGCCAGATGCCTATAGCAGGCGGTTTCAGGCGCGAGATTGTTAGAAAGCCGCACTCTGTCAATGCATCAATTATCGTTGTCACTTATACAGCTATAGCCAGAACCCATGTGCTAGGTCGCTTATCACCATGCCGGTTGCAGACTCATTGGTTGAGGTAGAGTAAACCTTAAGCGGCATAAGTAAGGAACAGCGCTGTAGCTGACCGCCACGCTATCGGTACTACAAATGCGCGAGCCTACTAGACTG,989,47.52,Caenorhabditis elegans
SEQ_831018,TTCGGCTGTCCCGTTCTATTGGGATACTATTATCTTCGAGATGGATCGGTCCGGTATACTCAAGACACGGTCTCCGTGCCGGTTGAAGAAGCGGAAACAAGCTCGTGCTACTGAAATGTACTGGGATCTTCATCAGTCAATGTGCGGGGAGTACCCGTACTAAGGCACTGGTCACACAAGCGATTGAGGATGAGATAAGTGTCTCGATAAAAACTGTCATCATCGATGTGTTGAGGTTCCCGTGTATGACTGTGATCTTCCTGCAGACATATTTAACGATCCTTCCAACGCAAAGTTGAGTTATTAAGGTTAAGTGCCGCAAGTAACCTTAGATACTGATCCGCTACGCATGTGGCCTAATATGCTGATCTATAAACTCACCTACGACAAGCTCACGTATGAGGTCCGCGTGGATTGGGTATCTGTCTGCTTTACTGCTCCGAGAGGGTGGCTGCGAGCGACGCGTAAGGTAGGCTCCAGGGGAGGCTTGGATGATCCTGTGGTTCCGGTGGAGACGGATTCTACTTCGAGGTTGTCTCTAACCGGTAGCGCCGTGGCTCAAGCAGGTGTTGTTGTAGACCTTGCCAACTGGGTACTTCACCTAATTAAAGTCTGACTAGTGAATTGCGGTACGGACATTCAGGCCTAGTTCTCCTCTATCAGGAGTCCCCTTTTCCCGGCAAAGGATGCAGTGTGAGCTGACGAGAGCCTCTTGTCTATACTTCGTCCTCGAGACTATGGCACTCGGCCGCATCTATCATCGCGTAAAGACACGTGGGTCAAACCGGGTCAAACCGATTTGATTAGAGGGTATATTAATTAGCGTACCACATCCATCTAATATCGACCCCTTAGCCGAGTCAGATAGTTGGCCTACGGACTGAGTCCGGATTGTGTACGTAGACTCGGTGTTAGATAAGTCGAGGAACATCACGCGTTACAGACTGCAAAGATAAATTCATCCACTACATACAACTGTTTTGCAGCCCGTCCTCTTTTACATGGGTCGTCTATCTACCAAGTGTAACCGACTGTTACTCCGAGCCGGTTCGGACGACTACAGTCTGCAACACTTCCGCTAGCTCCGGTGTGGTGTGCTCACCAAAGCGGTTCTCTAAAATAAATGGGAGACGACACACGGAAACTACCGGACGTTGCGTTATGTCAATTCTAAGAGAGTCAATGGTGTACAGGGGAGTCTGACTAAACTGGTTATATGACGCTACGTCCATGCTTGGCATTATTTACAAGGGAGCAAAGTTACTTGGATTGTAACAGGACCCCTCAAGCCAACCAAGTCCATGTTGGATGTGTTCGAGCGCTCGAAGAACTCGACTTACTCTGCTTTCCTTGAGTCTCAGATAAGCTGCATCCGTGCCTGCATAACATCAAAGACCGTAGGCTACATTCGCCCATAACATTTCCACAAGGCCCAACCAGGGACACGCCACCGCAGTTACTCGGTACTGTCGCGGATAATATGGTATGCGTAACAATGGTGTGTGGAGGCCTTCGGCCGAGCAGACTACCACTCTGTTTGGAAGGCTCACTGTTCGACAACTCTTTTAGGTATCCGAGTCTCTAATTTGCGTCAGTGTCTATACAGGTGATCGTCCCTGACCTTTGCAAGATATCGTGTTAGAGACGGACCATTGCACACCAACTGCTCGGAAGTGGGTGCGTACAAAAGTGCGAAAAGGAAATTGTCTAGCAGACAATCAGG,1723,49.04,Drosophila melanogaster
SEQ_302511,CAACAACGAGGATACACGGGGTTCCTTGTCCGATGGGTATGAGCCGGGTAACATACCGCGCCTTTGGGTTCGGTGCAGAGTCCATGCGGTTCAGCCAAGCACTTGTATCTGGCGATCGGGACGGAAGCGTTGCGACGGGCCACTTGGCCAAGAAATTAGTAATGGTTTTACTTGACTTATGAACAGCCTGATCAGTTGTCGCTTGCACTTTCATTCCACCAAATCAAAATAAAGCCCCCATCGTGCAAGAACGACCTCTCCTGACAACCCACCATTAGAACCAGATGCTGTCTAGTGGAGTAGGCGGTCCCGAATTTCTTAATTTAGAGCTCAAGCGGGTCGGTCACGAGATCTTTTGCGTTGCACACGGGGCCCCCAGCAACAGAGCCTAGCTTGTTGCGCACACTGCTGACGCAGGGGGCTACCGTCCCAATACTAAACTAGCCTGCATATTGTTCCATTCTCAGGTGTAAAGCAACCTGGCGCCACTTCCCGTACGAACTCATCGCAGTGATCACATAGCCCTCAGCGTCTCGACCTATGCCGGTTCTGGACCGTGATCAAATGTACGCACTTAAAAAAGCCCTCTAAAAATTGCGTGCCTTAAACCATCAAAGTATGGGACAACTTTGGGCAGGAACTTTGGGTCACCATGCACTCCTATGGCGTGACGTATACTGACACCGTTGCGGTACTGCCAACATAAGATCCCGTGGCGACTCGATGCAGGCACGGCCCGGTAGGATCGCACCAGGCGCTTCACAACAAGGACACTCATAACGGC,784,52.55,Saccharomyces cerevisiae
SEQ_918214,CAAAGTGCGGGGCTCTGCGCCGGCTTCTGTAGTTCTCCGCATCAACGGATCCGTCACGACACTGCTGTACATAATTATACATAACTTGGTCTAGCGTGAGGAAAGAGCTTTGCATTGGTTAGAATGGCTTGCTTTGGCTAGGATGTATCCCTTGTTAGCTTGTGTTACAATATACAATTTAGGGAGGTGCTTGTCACTCCATTGCGATCCGGAATGGACGTCAATTTACTTTGAGCAGCGGTTTCCAGGATTCGGCACCAATCCACTCAGGTCGCCTTCAGAGCGGAAAAGGTGCCAGGAGGTAGGGTTAATATAGGAGAGACAGACGGTTGTCGAGGTAAGGACTAAAGCTAGTCTATCTCTTGACAGGCTGACCGGGCGCCATAACCTGGGAAAGATTACTCGTCGGCCGGAGTCTTGTTAACTGTTAGCCTCACCCGCAGATGTCAGGCCTTTTGTCCAGAAGACCGGTTCTTTGAGAACCGGAGTAAGTCCGTGTCCAGAATAGCCGTTGCGTG,518,50.19,Homo sapiens
SEQ_278928,CTTTGGCACAAGATCAACCCTATGCAGTGCCAGTTCTATTGGAGTTTCCCTTATCCAAACAATAGAAAACCGTAAGGGCGCCAGTCCGTATCTCCAACGCACAGGACAAACTTCACACCGGTCGTAGAATCTGAATTCCCCAATAGAACTGAATGGGTGGGAGAGTGGCTCACACTCCTATTCTTCACCTGCTCATATGGACGAAAGCGCATGTTGCGTGCCTCTCATCAGGTCCCTGCTGCGAGGTAGCGATGGTACAATATAAGTGTGGAGACGGACTGGTTTAAAGTGGTGGCCTTTTACCTACTAACAGAATTTTCTTTAATAAAGCTCTATATGCTGCGAAAAGATCGCCTTTGGAACCATTGTACAAGACGATCGATATTTAGAAAGTTGAGACCGATCGATGTAGACCGTCCCTCAATACGATTCCTGTTGAGGCCCCCGCCGT,451,47.23,Mus musculus
SEQ_978165,GGATTTTAGCCCCAAGCATCTCGGGAGATGGCCGATGGCGGCCGAACGCAATATACTCGTTCGTCTTACGCGCCCGAAGCGTGGTAGGATCATTCAATGAATGCACGCTCACTTTTCAACGCACCCATTTTCGCCCCATTGGATCGGGTTTGGAATGAATACCCCACTTAGTGGTGCCTGTTGACACATCAAGTCACCTGTCCATAGGGTCCCCTAATTGGCCCTTTTGATCTTGGCCCTGGATGCACGGTTGGACGAACTTGACATTGTGAAGGTGGCTCGGAAGTATGGTGCGCGAGGGTAGGTGCGCGGCTAACGCTTGCAAAATGTCTATTGTGACTTAGGCCGCGTCAACCATGGCACGATAGTTATGGGGAAGCCGGGCCCAACCCCTAGGAGTACGTAACTAGCTTGCGAGGTGTTCTGCATCTAGCAATGTATTATAGTGGATCACAAGACGCCATTTGTAAGACGGGCCGTTCCTCATCTAGCGATAACGTTCCAATCTCTGGCGCCCACCTATCCCTCACGCATGGTGGTCTACTATATCGCCGAGTGGTGCGCCGGTTATCGAGTCCTCATGTTCCAGACTATACGGAATGCATCCTTGGTGTGACCGAGTTGCCTATACCTAGGTGCGAAAACGCGTCTGTGTCTCGGTGACCAGGAGATTAGCAAAGTCATACTCCGGCACGTTACTCTGATGCCGGTTTGAATTCTCCGACACCTAAATTAGAAAGTATCATTCGATAGCAGAAACAGAGCAAGGCCTGCCCTCCGGTGGAGTTTTAGTCTACGGTAACAGAGCTTTGTGTAATCGCGTGTGATCTATTGCTTACTAAAAATCGGGGCGAGCTGGCGTAGAGTTCCATGGTAAGGCACGTTGACTCCAATCGTACCTGAAGCCCATTGCGTTCCCCATCTGGCCATTATGCGGACGCGAGCCCCGCCAGAGATCCCAATAACAAGGGGAAGCTCATACGGGTTACTCGACGACAACCGACCAGCCCGTTCGGCGGTAGATTGTCTCCTCTTCACTACATGGGGGCGCTTAATATTCCTGAGTACTCCAGGGAAGCGTCCGCACCGGGGTCGCGTCCCGTAGGGGGCTTGGAATGTACAAGTGGTGCGTCTTGTTCCTTCTTTACGAGGGCGGACCGCTGTATGGCTGATATCACAGCGAAACCACTTGGCGGGGTCTAAAGCTTCGCCTTTTACCCATTGTAGTGGTCTCAATGTCGGCGCCGAAGAAGGTTCCTGAATCAAAGGCTCTTAGGTGCATGCTACTCCACCGACTGCCTTAGA,1305,52.87,Mus musculus
SEQ_468983,TTATTAGATGTTAACCGCTAACCTCATCGCATTTGCTAATTTGTATAAGATATAGTTTACGCTTGGGAGGTGCAGGACGTTGTGTAATAAGGTATGCGTCTGTGCCTTATCGAGCAAGGACAGGGTCGTGTCCGGCGTAGTAAGTTATGGATATGAGAATGTGCAATGACAGCTGTAGGCCGATGGTGAGATGTCATAACCATGGGGTCGGGGTTGAAGGTGCTCACTCGTAGCGCCCCAATGCTTCGGGACATGAATAAAGATGACTATATCCTAAGAAGTGCAGGTCCTGGCCGCGAGCACTATCTTGCGGCCTCTCTTTCGGGCGGATTAAAGGCTAGCAGCGGGTCACATAGACCACATACAGTATCTGACTATACACTCCAGTTAAACGTGTAATCGGGACAGCAGAGATTACACTACGTGTGAGTTGAGGCAGATAGCTTTCGTATACGTTGTGTACGGGCGCGACTTTGCCGACGAACAGTTAATACGTCTGGAGTATCAGGCCGTGTTTCACTCACTCGATGAGACCGCCTATAATGACTTGATAACCGTAATTAGCTCTAGCAGTGGTATCAGCGTCCCAACGCTTTCCGTGCTCGGTAAGATCTAGCGAAGCCATGGGCTCAGTCGCGGTTTCCCTCGCCACACCCACTCTTCGGTTAGTGCATGAGAACACGCTCCATGATATGCGGTATAGACGGGTCGACCGTCCACACGCGGGGAATGTACAAAGATATGAGACTCCCAGATCCTTATCTGGGGTTCGGTAGCCCTTATAGACGACTCGTGTTGATCATGTAGAAGCGCTAACTTCAGCATGAAACAACCTGAAGACCGAGCACAAGCCATCCGATTCTATGACAGTGAAACACTTAGATTGAAGAACCTTGAGATTGCTTATCTGTCGTCGTCAAAGGGAGGTCGTGTTCTCAGGGAGGGAATGTCCGTGATACGG,961,49.22,Saccharomyces cerevisiae
SEQ_134141,TATTTGCAGCCGCTAGGCACGTTGAGGATCCCCCGCTGCGAGGTCAAACCAAGGCTAACCTTCAAATTCGCGGTATGCAGTGTATAATACGAAGTGCTCCTAGGGCTTCCTTCGGAGTCTACTTCAGATTAAGTGAAATGGGTCAGTCTAGCATCTGCAGGAATCCGGTTGTTAAAGGAACACTGCCTCATTCAAATGTGATAGCTGGACGAAAGACACGGGAACCCGTTCTCTCGATAGATGTGCGCTCTAACCGCAAACATCGCCAATACTGATGTCTTATCCCTGCCACTTAGCGTTTCAATCCATAGTACATTCGAAGCGTCGGCGAGGTCGTTCGCTTTCTTTGAACCTCCACAATGGCTTACTACTGGAGAAATCTGCTGAACTTGGTTCATAGGCCCGACTTAGGGATGCCCTCCAAGGGCTGAAGCCCTATTGCGAGCAGGTAGTGGAATAATTCTGGCTTTCGGGATGTGGGTTTAAGCACCGTACTACACCAAGTGGGTTAGTGAGGCTCTCTGGCCGCTTGTTCCCCGTTACGTCTGTGTTATAGGCCCCTAGCCGGCCGGCGAGGGCTGCGCCAACAACGGAAAGCGAGCGGGTGGAGAGACAAACTTAGAATTGCCACACCGGCCATGCGCGGTAATAACACCTAGTTACTCGTGGTCGGCCCTGACCGCGGCCGATATATAACGATGACGCTTTGATGTATTCAAGTGACCATACGCGCCTTCGTGACTTGTTTTTACTGACGAG,759,51.52,Mus musculus
SEQ_306882,GAAGATGGCAGACGACCTTCGAGTAGATCCAGATCGGGATTGACAAGGGCGCCCGCCCTAGAGCGAGCCACTACCGACAAGTTGTCCCTTCGAAAAAAGCGTGATGTTTCCGCAGGTCTCAGGCAGGTCTCCGCTCCCAGGCTGCCTTGGCCAGCTGAGTGGAAATGCTCAGAACGATTTGTGGAAATTTCTGAACGCTTGCACTATGATTTTAGTCCAACTTTCATGAAGGGCCTCTCCCGGGACATCCTGCCGGTCCCCGACTATGGGTGGTACCACAACGACCAATTGACGTACGCATGCGTTACGGGCGTTTGTCCATATGACTGTGGTACCCATACCTGCTAAGTGACCTTTCATACATGGCCGAATCTCACCTACATACTTTCAAGACACTAATATCTCATCGATCCCTGCGTAGTCCTA,426,52.11,Mus musculus
SEQ_455966,AGATTGCTGTTTTGCTGGTGAAGCGTTCAACCGTAGCGTTGACTGCCCGGCCATCCTAAAGGTCACTTCAAACATCGACAGGCACTGCGCCTAACTCGTACACGGATACGGACGTCTAAATATTAACGGAATCGGCAGCGTTGCTCACAATACAAATTTTCGGCACCGGGGGGTACGGCTCAATACTGAAAGCGACATTGAATGTGAAAAAGACTGCGTCACAAAAGTCTGCGAAAGCCGTGATTGCATTTGAGCGACAGCCACCGTACAATACGCGCTAGTTAACGGTCGCGCACTGTAGGATAATACTAGAATGCTTGTCGTATCCGAATGAAACACCGCGTTAGGCCGCCGTGGGCCTTTACGGTGATTGCCCTGACCACTATTCAACTCCGCGCCCGTACACTGTTGAGAC,415,50.84,Caenorhabditis elegans
SEQ_597604,CGTGATTGCTGTTGCGTTCGACAACGTTACCTGATTGGTCCGGGGTATCCGGATTCTCCATCATGTAGTACTAAAAGTGTTGTCCTGAGTCTGCGGGACGACATTAGGCATAGGTGTAGTTGAGCAGAGTCGACTATCCGGACGTGGTTATTCTGGCCTTGATGTACCTATCAGCGGGCGCTCTACGGCATGGAGGCAGGGGTTGTAGCATATTACCTAATGGGAGGAGCTGGGAGCGTCTAGGCCAGGTTGTGTGCATGAAATACCCTTCTAAGATCCTTTCGCACCGTTACGGGGAGTACCCTTTCTTTGAATACTATCGAAATACAGAGCTCTCTGATGCATAACAATACCGTGCAAGTCTACACGAGCCCACTTCCCGTCTGCACAATTGCCGTTCAGCAGGAGAGGAGCTCGGCGTTCGTTATGGGGTAACTGTAGCCTGGTCGTAATGCCGCAGTCATCTATAGTCCTCATGGGCGAATGTTAGCCCTTGATGCCGTCGTGCCTTAATGATGGGATCCGGATCTGGGCTAATTTAATGTAAAAACGTCACGAATGTATGCTGCCCCCTGCGCATGTGCTAAACTTTAGAGGTTGAGGTTCATAGCCAGACTAAGAAAGTACCTTACCCTATTAGGATCTACTACCACCATTTACTAAAACAACTACAGGATGGGTAAAGCGAACCTCCGGTAACTTTGGTTCGGTGTAATGTGTTATGATCGAGTCTGCCACACTATCGTTGGTCCGAAGTTGTTAGCAAGCATAGGTAATGATATTTAGCCGGATTCCATTTAATGACCTGTCAGAGATAAAGTCTGGACTAGGTCCATTACTGTTCGACTTCTTAAAGCCTGCAGAACTAACGGAATGATCGGTAGCCTCATGGCTTGTTTGCAAGGCCTTGCGCATGACGGTTCAATGACCTCATTACTTCATCCTGGCTTGGATTACTGTCAGCTATTGAGATATTCTGCGTTGGATTAGTAATCTTGCCGCAAGAAGTCATGTCGGTACTCGAATTTACACGTTTCAACACAGGGATAGCTCAGGGTTTACGCAGTCCCCAGAAGTTAAAACCCGACAGGGCAGCTAAGTGAGTATAAATCATCATACGAACCCCTTCGGCCCTAAAAGTTGACCATGTGTCTTAGTTACCGAAAACTCCTTAGTTTCTGCGCACTGAATTCTGATGGCATGACCTAAATTCCTTTACCGCACACGAAAGTGAAGGCGTGCTTCAGGGGCCAGCCAATTTATCCAGGAAATCAGGGGGAATAAGAACGTATGTCTTGATGGCGTGGCCTTAGAACTGGCTTCTACGGCGCTCGGCCCGGTGGGTCCCCGGTTGCGTAGAGGACCCACCCTAGGATCTCCGCGGGTGCATCATCGGATGATTGCTCCCCAAAAGCTATTTTGACCGGGCGTGTGGACGCTGAGGACATCGGA,1452,48.83,Drosophila melanogaster
SEQ_254797,AGTTCCTGTGAGCCATTCCGCAAATGGCCTAGATGGTGTATTCCCCTATGGCCCATCGTTAGAGATTCAACTTATGATTGCCTGGGTCCTGCCATTTAGACTCGTTCATGACCGTAATGCTACGGGCCGGAGATACAGTGCACAGTCGCGCCCTCACGTCTGGCACGCGCCCCCTTCACACGATTAGTTAAAGCCACATCTTTTTTTAAACGGCAACCCGGCTTCAAATGGCCCCCATTGGTTGCTCTCCTGGTAGGCTAACGGCTAACGAGCTTACTGAGCATTTGGAGCGAACCGGGAGGGCCCTATCACGTAGTTACGGCGCTCGACGACTCAATGTGCAGGGAACGGTCCGATGATGTGTCCGAACCTCAATCGTACCCTTACATCGACAAGCGGTAAGGCCGGAAACAATATATGATGGGGTAACCTCTGGTAACTGTCCCCAGCCCAGTCTGCCGAGAGTATCTGCTAAGCTCGTGAATCAAGGAGAGGCTATAAAATGCGCATGAGGAAGGCTACTACAATGCTCGCAATAAGTGTTGTGGTAGGGCTTTACAGGCTGCAGCCTTACACCCAGATAGCGCCCGGTAACAGTTCCCTACTTCATTTGCGCTGTTTCGCGAAGCTGCCTTTGCGCATCTTTAGTCCAGGCGGGTACCCGTCTAGGTACTCGGTTGACTTGCGAATTTTCAATATGGAGGCCGTATGCCTAGTGAGTTTCTACATCTGCTCATGCACTCTTCTCGTGGCCCACTAA,760,52.11,Saccharomyces cerevisiae
SEQ_532606,CCTTTAAAGTCGCCCGCCCGACCTCTCTGACTATTGCGATGTAAGCAGACAGTTTCTTAGTGTCGCTGTGTCCTCGACTTTTTCTGCGACCGAAAACTCCGATAGTGGAATCGGAACCCTCCCCACAGTGCGGTACAAACTCCAGGGTTGACCTCTTCATGGGGACAAGAACAGTTTGGTCATGCACCAGCTGATACACTTTCACTCCAATTATGTACTCGATTCCAGGTCGGATGCGTATACTTGTACCTTTAGTCAGGCGCAAGGCGTGGTTAGAACCGAATATTGTGTTCCTACCGTAACTTCGTGGTGCTCACGTGACCCTAATAGGCTCGGCCGGTGTTGGTTTCAATCATGGCGGGGACCGGGCGAGCCAAAAGCCTGCTACCTAGCTTCGCCTCCGTCACGGGTTATCACGCCGTGGTTCCGCGACAACAATCTAGCGACGGGTGCACGAGTATATTAAGAAGTCGGGTTAGCTCGGCGCCGAAGAAAGTTGGGGCTGAGGTTGGGGATACGATGGAATCGACCGTGCCCGAGACTTTCGATGTACGCCCCAGGCCATCTCGTTAAGCGGGTGGCACATTCACGATGTGGGGTTTACAATGTGCGCTGGACCTAACAGCTTGGCTTTGCGTTCCTTAGCGAGGAACGGGCTCGTCTCCTGAGAATACAACTAGGACATCGCAGGTTGCTGAGTTAGTGCCTATTCAATATGAGATCGGCATGGTCACCAGAGTTCTTCCCTCACCTGCCCCACGGGTCCGCGGCGTATCTTAATCCACCAACCGAATAAGGGTTCTAAGGTCGAAGGCGTAACCAGATGACTGACATACAGACCTGGGCATGCGGAGATTCCCGTCTCTTCAAGCCCCTCCTTGGCGTATACAAGAAGCCAGATTTTCCCGCCCGCTATGAATTCGTAGCTATTAACGGAGCGTGGAGCCTAGGGGGTGAACGAGAGTAGTATAGAAGTTGTTCTATGAACCTTCTAATTTGGTATAGGTGATAATAGTCCTAGCTTTAATATCAGCTCGTGAATGTGAACTGTTAACTAACCGCACCTAAGGCACGAAATCGGACAGTCGTCGGGTATAGCTCTGCTCTGCCTACTCAGGAGCTTGATGGGGGAGCTGAAGATGCGGGCTGATGACTTGGCTTTATCCCAGCTAACTTATCTTTTTAAAGACTACCTGGGGTCCAGCTCTAGAGTAACTTGTGTATCGCTGAGGTTTCTTTTCATCATTCACCATTTCTGCAAATACGATTAGATAGATAAGTAACAGTAACCGTGTCGGCCAGACGTAATGGGACTGACACCCCCAGAGCAAGGACCAGAACTATTTTTCGAATTGCTCGCTCACTAAAGTGCACGACATAATTCTTAGCCTGCGAAGCCACAAGCGCACAGAATTCAGTCAATCTACTGTCCTTCTCCCACTGGATGAACG,1451,50.59,Homo sapiens
SEQ_287100,GGGGCTCGTCAAGTTCGTAAGGTGTATGAAACCGCCCCCCCAACCGGGGGAGATAGCGCCAGACTACAATACGATTGCCAATTGAGCTGGGTGACATTTCACTCCGTTAAGTCCCAGCAGCCTTAGACCACACAAGATCCGCTCCCGGGGTCGTGATCCGCCGACCGGTTTAGATATTCAAATTTGGGTTTCGTGGAGTAAGTTTGGGATGCTCTCTAGGCAAGCTTCGAAACCAAATTGCATGTGGTCACATATTCTCCCGAGCACAAACCGCGTGTATCAAATAGCTATTGATGTTGGTAATAGTGGCTCTAACCAGCTCTAGGGACGAGGGCCGCCAGCTACGTATGGGGTGTGAGTATGTCGCTCTTCAATCTTCTAAAAATCCCCTAACCTTAAGAGGTATTGGTATTTTCGAGTGTCTGAGTCGGGAGGCGTGTAGTATTCGATAATAAAGCGTGAGGCTTGAACATCCATGCGCTTTAGAGCCAATCCTCTATGCTTACTCCCGGCACTAAGGGCGGTTATGACTCATCACCCATTCGCACTTCGTACGGCCGTCTAATAGTGCCTTAAAGAGTATCGAGCCTGGAAAGCTTTCCCCCACGAGAGTTCTCTAAAGC,623,49.92,Caenorhabditis elegans
SEQ_235246,AGTGGCAACGTTTTTGCATACGCTAACGGTAGAGAGGCGAACGATGTAGCTGTAAATACTATGTGGAATCTTGTGCGTTCATCACGAACTGCAAAGCAGGGGCAGTTGCGAACCATAGTCTGTCAACACCCGATAGGGGCAGTTACACTTTTTGCTATAAAGCGCTGACACCGGCGTGATCTGGGAGCGGAGCCTTCCCCCCACTTAAAGCATGTTTGGCGAATTCGGGTAGAATCACGAAAACACAAATACGTGTAACTCTTGACGTGTGTTAATAGGGTGTCAGAGGCCTTATGCCACTAGCTAACGCCCCGTGTAAGATCTGTAGTGTGTCATTTATATCCGCATATCGTTCGATGCTCCCTGCGCCGCATAGTGACTAACAGAGAATGAATTACAGTTACTCACCAATATTCAAGCCGAGGACTAGACTCCGTGGTTGC,443,48.08,Caenorhabditis elegans
SEQ_706537,TGGAGCACGTGTAATGCTAGACTAGAAGGCAAGACTCGTGAGATCGCTCGTTCAAGACTGGCACTGTTTAAATCAGACATCTACGGGCGTTAGAAATAATATTAACCCCCCTGGACCTATCTCGTTTCTCAGCATAGATACGGGGTAAGCAACTAGTGACCCGGCTGCGTGGCATGTCTCCACCCTAGTTGCTGTCGGGTATGGTTGCGCATATGCTCATCTCTATACACGCCAATCAAGTCCTCCAGTGAGGTAGAGCGCTTCTGATTAGGTTAGT,277,49.1,Mus musculus
SEQ_450192,ATCCCGTATGAGTTGGTGGAATACCATAGACACTTACGTCTGATTACGAGAAATTCCGTAGGTGCAGAAGAGGCCAACTCAGATGCGGATCTAAACGAAATTGATAGCTGGAAAGTTGCCTCAGCTCTCTGCCACATTTCCCTGCGAGGTTTTCCGCACCACGTGCAGGGTCGTCCTCGAAAGTAACCTCCACTGGCTCCCGGACAGGTGAATTGTGATCCTAGCCCAGGCAGAATGGCCAGCATTTTAGAAATAGTCTGTCGTCACGGAAGCAGAGTAAAACGTCTCCAAATCCATCTTGGAGATTGTACATTGACGGCGGGCGTGGTGGCACATGTAGCATGCACGGTGAGATATGGTCACGATGCAAACGTCCCATCACCAACACATGCCTAAATGACTCTCCTCTATCGGCAGCGTTGTCTCCGCGTGCGAATGTACGGACTATTGTTTTCAGCGCAGGGTGCGCTGCGGCATTTGAGTTCGCAAAGGCCTTCAGCCCTTTATGACAGGCACCACTCTCCTCTATGGAGTTTAAGAACAGGTGCTGAAACAAAAGTGAAGGAAGCGGGCGATACCCCGCCTTGGTCTCCGAATGTTGTCTTACCTTCTTAGGTGAGATCCCGCACTAGGGGCAAGGTCCCAATGTCCGCGCTAGAAGGGCTTCTTTGGTGGCATCTCAGGTCTACTACCATTTACGCATGCATGTTTCGGCTAGGCCGATGATTTGCAAGGTCTCCGCGGGGGCGATCTTGGGTGTGGATGACGAGTCATTCCTATATGCTGAAGATTGATAAATGTTAACAGGGTATCCTGTTGATATAGTCGGTAACTGGCTCTTTGTAACATAGGGGCGAGGGGTGTGCTAGAGACTTCAATAGAATGGATGGGCTCCTTCGAAGTAAAGCGGTTTTTGTTCAAAAATGAATAACACCGACACTATCTCTCGGAGGTCGACCCGTGGCGCCTGCTGGGCCGCCCAAGATTCCCGTATCGCGAACAAATTTTCGTTGCTCAACCTCAGCCTCTCCGCGCTACGGTCCGTAACCCAATGGACGGTACTATACCGCGTCTGTTTAACCTTATGGTGTGCAGGCTTGGTATCGGCATTCATACCTATCATGATTACAGTCACGCATGGACGCGTATTCCCGTGCTTAACTAGTTTCGACTTTACAATGAATGGTGGAGGAATCGGATCATCTTCTTAACGGAACAGCTGGAAGTACCTCTCTGTGCTCGGGACTATGCTGCCGGCTGATCTGAACAACTAGACTACTATGTTTTTATTTAATCCGTCTGGCGGAGGCTTTACCCTGATCTGACCCTGTCCTCTACGTAGGCCTTAGCCGTTGCCGACCAAATCTTAATAATATCGTCGTGCTTTAGGCAGGGCTCCTGCCTGAACTAAGGCGTTGAGCGAAGATATGAGACCTAGATCAGACTTAGGATGGAGTTAGCATAGATCCTATCGGGCGTCCATGTTGGTAGTCTCAATGTTCTTAGAAGTTTGTGGCAGCGACGTTAAAGCTCAGTACATCCACTTGAACGAGACAAGGCATTGACGCCGCTCACGACTCACCTCACACCGTC,1593,50.16,Saccharomyces cerevisiae
SEQ_807481,ATACGCCTAACTCCGTCTGGTGCGTTTACCTGCGTTCTGTTAGACCCGCAGAAATAGATCCTGAAAATTCGGCTGACTTTCCTGAGAAACGACTGCATAGCGTTCCAATGATGGTGGCACAGGTTCAGTTTTAGGGCTTCGAAGGAATGTATTGTGGAATATAAGACGTAGATTTGTGAAGGTCTTTAACTTGTTGGACGAATAGCGTCACCTTTGCAGTGTACGAGCCAAGGAGTCCATTCACCAGCGCGTGGTCTTTTTTTTGCTACGATGGCCGAATCTACCGTTTTGCACAGTTCCTCTTGTTGTCCAGTGACCGGTTGCTAGTAACGCGTGTACGTCTCATGAGGATCACCGCCCTCCATTCGGGCGTGGTAGCAGACACTCTAACAGCCGGCATACTGTAGGGATCTGGAGTCACCTGGCAGTTACTAGGGGGTTACCCACTTTGCTCGCAGCAACCTCATATTGTATCTGTATGTGCTCCAATCTCGTTGGCTATACTGAAGGAACCGCGTTTATCCGTAACCGCGGAATGGTGTAACTGGAAAGCTAACTCTAGTGTCCTGGTTGCGCAATACCTCCTTGGGCTCAACATACTCCCTGTGTACAGCGGGGGTGACACCGTTTCATCTCACGACCAAAAGCCGGGGCGCTTAGTTTGCGTCTCAAACTTAAAAAAACCCACGTTACCTTCAGAAACCCCCACAGGCAATCAGTCGCTTGTTGACGTGTGAACCGGACCGGCTGCCAGCTAAGGAATAATGTGCTTCACTCTCTAAAAGCGGGGCACTGACGGGGGCCAAAGAGTAGTGTGTATGGCACTATACTTCTTTCTGACACCTAGCGAGAGTCCCGCCCAGGGTGTTGAACTTTTTACCCCCTCGACCGTCATGTGCAGACTGCCCGGGTGTTTGACAAGTCGTTTGCTACCTCTGGCGGGTGTGAGTGGGTTCGGTGTTCATAGTGGCCAACTATTGGCTTTGCAATCCTAAAGAGGTAGTCCAGTAGCTGAAGTTCTCTAGCATCACAACGGTGGCTCAGTGTAACAGGTCTTTATACATACCATTTAACATCTAAAATATTCGGAACTTCCAACAGAAGTCAATTGACAGTCTGCTACGCGGATTTATTAACCCAAAACGTATGGATGTATCACCCGAGTTATCTACTAAGTGTGGATAATGATTCCATGCTTGCAGGCTAGCCTGCGATTGCCCGTCAGTCAGTTTTACGTTACCCCGAAAATGTTTAAAACATGGGAGGGCGAGTCGCTTCTTCCCTCTTGATTTCTCTAACAGACGCAGAGTGAGTAGTCAATGGGGGATTTTTGCCTAATTGCATTAGCATCAAGCATTTGGCGATGCTGGTATGAGCCTCACGGATGCCGTTGATGACGGGATTTCATAAGGATTATCCGTAAAGAGACCCGCTAAGTCGCGCATTCCATAAGTTGGACTAATAGGGATACCATGGCAGCCTTAGGAGTTAGGATACCGCACTAAGGTAGCCTTTCCACAGTAGCGCGTATAATACTTGAAGCGCGAGGCAGCCATACTCCTCCTTGCTGAGCGCCAAGTCGCTGACGATGCCGTTGTTAAATTGTCTTGACATGGCCTCCACGTAGCCTCGCGATTTATTCCGCCCACAGTCCATACCCATCGCTGGCCCCGATCCGCGCCAAAACCAATTATAAATTAGGGAGGCATGATTGCCCGACGAATGAACCCCTGACAATTATAGGAATTACCAGGCTAGTTGGGAGGCAAACGGGTTATCATAGCAAGAAGATGACATGCCACCTTTCCTAGCTACCCGCTCGCGCTATGGCTGCGTTTCACGATGCCTGAATATAACATTGGAGCGTCTATAGGACTCTTCAGTCGCAAGCATATTTTCGCATTTAGGCCTATAACGCGTTGACGATCTAACGTATGCTGGTTTG,1945,49.0,Caenorhabditis elegans
SEQ_804656,TCAAGCGTAGAGGATTGACATGCGCGGCTACTTCTGTACACCCAATGTTGAGCTTCCTCTGCCCGGCATAGTCGGCTCGTTGTCAGTCTCAGGGTGGATGTCCAGGTTCACCATATCTTAATATCGCATTGTGTGTCATCTTAATGTGAGAAAAGGCAAAACGTCTGTGTTTGAAGCAATCTTAGAACTGGCTAGGTCTGGACTCCAATAGCCTCAGTCTGGCCAGGCCACGATTTACTCTCTGCGTTCTGCTCCCTGGTCTAGAAACTGTGCACGGTAGTGAGGCAAGCAACCTAAAGTATCTAATATCGATCACTACACTAGACAAGCCAAAGTGTCGCCTCATATGGGAGTCTACTCGATGGCTGTGGGCTAAGGTTTGTAAGACGTTCGATGCTTAGTATAGAGTTCCATCGGCCAACATGGTCAGTGACGTGGTCTTCCTGAGTGTCAAGTTTTTGTCGGAAGGAACCATTCAAATGATCGACTACCTGCCTTGCCAGCGCTGGCCGCTCCCTGTGGTTCCGTGCTTTCGGTAAGACAGAGTTCAGATCCGTCCCGGAACCCGGAATGAGTGACCTCCTTCTTCCGTTGCAGGAACATCCGTTATACACTTAAGTTAGGGCAAAGCGCATCCGGTTCTTACTGCGCCTATAGCGACGGCGGTCCTCCGGTCGTCGCCCTGAGAGGCTGACGCTAGCGTCAACTCTAGGACTTCACAGAGGCCCTGGGAAATACCCTCGCGCAGACACAAGTGCAGATCGCTATACTATGAGGTTTCTGTATCAACAGTTAAGTATCGTCGCACATCGGTTCTACATTCTTGAAGCTTACCGTTACAACTTGATGGATGGTTGGGAAATCCTACCCTAGTCAACATTAGGCGTTATACTGTGACATTGGTTCGTGGTTACTACATCGGAGAGAAATCCTTGAACTCCAATTGCTAGTCACTAAAATTCTAGTCGAACCAGTGATCACTGCAGCCACCCAAGACGCCTAGAATCTCCATCTGCTTGTTGTAGGTATGGGCATTTTGTCCTATTTTACCGTACTCACCCTGCAAGGCTATTTGCGGGTGCCCAGACTGTATATGGTAAACGTATATCGGGCGATGCCGTTATAAAGGCTGAGGCGCTTGCAACGACACATCTATGTGATGGGCTTATACAGCCGGACGTGTCCGCGTCGTACCCGTTGCAGGTTTGTCACAACGTAAAATCTTACGGTGCAGAAATGGGCAGTATTTCCATCCACAGCCTCATCGCCGCGGGTGCCTGCGTAAGGTACCCACCTCTGATGCACGTTAGAGATATAAACTCGGAATTTAATTGTAGCAGAGATATTTTCCCGCGGTCACAGGAACAATACGGCGCACAGATAGGCACTCAGACTCCCACGGGAGCGCACCCCGTGTCCACATATTCAGAAGAGTCCGCATGACTAACTGGTCCATAGGCATTCCTCTTGCTAGCTTTATGTGCGCCGATCATTCGCCAGTGCGTTAGGCCTTGTGTCGACCCGAAAGACTAGGGCTGATCATAGTCTTCACTCCACATGCTCCTCCCAATGGCTTATCTGTGGTTGGACAGAATTTTATCATGAAAGTCAATTGTGATAACTCCAGTTAAACGGGTTATCTGCCTAAGTTGGCATGCTTAGCCGGGTGGACCTAAAGAAGTGGCTTTCAGTAGAGGTGGCGTGACCAGAGACACGATTCAGGGTACCTCCGTCGTTGACCGGGGGCACGCCGTTAGCTCTAAACCGTTGGGCCGACGATCACCTCTACGGCTGAATGGTCGTTGGTGAACTGCTGGTTAATCACACCTAAGCATGAACCATGTGTGACTAAGCGCATGAGTGGGGACTCG,1871,50.19,Drosophila melanogaster
SEQ_587556,GACCGGTCTAGGTCGTAAAGGCTGCCGCAATTGTGGGTTCTCCCAGTGGGCTATCGATGCCGCAAAGGTAGGGAACGCAAGATGTTTTGCGCCAGACCATGCTTTACGACTCACAATCTGTATGGGATGCATAGTGCCTGTGGCACGCCGGTCTAAACTTGGGCAGAATGACTCTTGTGGCAGGTACCGCCATGGATTGTCGCATCAACGACTTTAGTACCAGGGAAAGTTGGTCTTGAATCCGTACCGCGAGCCGTCACAGGGGAGCTATGAGAGCTAACGAGTCTGCGTCTCCTAGGTACGAGACGCGCGGAATGTCTCGTTCGAGCTCTGTCCAACGTCCGCAAACGGACTTTGATGGCTCTCGTCAGGGATTAGATTACCGGGCTAACCTGTGGGGGTGACTGGGATATGCAGTCTTCTTGCTGCATTATCGCAGCTAATGAGTGTCCCATGACAAGCGTGTATCCACC,473,53.91,Escherichia coli
SEQ_495372,TCTGCCGCCTGATAGATCCCCACCTCACAGACGTTAGGGGTTATCACTGAGTATGGTGCAGAGTGAGAGTCGCTTTTGTGACGACCCATTTCATCGCCAGACCGGAGCCCGACAGACTTGTAAGTAATTAGTTCCGCTATCGGAGTAATACTTCCACGGAGAGTGATAATGTCCTTCCCGGAGGTGCGGTGCGATGGGAATACCGATAATGTAGAATGTTTGGTTTCACAAGTTACAGAAGGCACTTTTTCGCCGCCAACCAACTTGTGTATGCTAGTCTGCGCCGCTAGTCTCGGCTTAGACTTGACGTATCTCGCCAGAAAGTCATTAGACACACTCCCCTTGTGTGAGCCGGTCGCGATTTGTGGCCGCGATGTATTTTGAGTAATCCGTTTAGAATGGCTCATTCATACAAGAAATTTAGGGAAACGTGCATAGATACTTAGAAAGCTGGTTGAGGAACTGCCAAAGGTTCGATGGTAAGCTAGCTGAAACTGGGGAGCATCACGTGGAGTCATTCCTGCCACAAGGGATTACTTCCTCGTCGAGTCAAGCCTTCTATTGACTGGGAGCACTTCGCGCAGTGTTTCAGTGTCCGACTGGCTAAGCAAAACCCTCCCCAGTGGTTGACCGTGCAATGGTGAACTGACTTTTCTGCTTGAAGGTATATGCGTCATCACTGCAGCTGATTGTGTATAATGTTGGCCAGATGAGACAAGGCTCAAGCGCGTGTGCTGCACGAAGCATAGTCCAGACTGTGCGTGACATCCTCGGCAGCCTACGCCCTCTACAAGAGTCCCCCTGATACCGCTACTTCATATTATGATAATTAAGATTAAAACCCTTTACCCCAGTCAAGGAGAACTATTTTGGAAATTCATATTATAGTACACCTGACTGAACGTTGTCTTGCGCAGCGTATCTGA,926,48.38,Mus musculus
SEQ_507262,TCAGGAACTTTCTGAATGGGTCTCCCAGGTCTGAAAGGACCGCAAACATACTACGCTTAAAGAAGCCCTTGCTATGAGGTACATGAGCCAGGAAGCGCTATTCACGGCTGTAGACGCTCTTATCGAGACCCTACGCTACATGGAACTGCGGGTGAGGTATGGGTCTGCAGACGACCTGATCGCCACGAAGAGTGGTCGTTACTTAAGGACTACAACTAGTCACTATTGTTTAAACCAGAGCAAACTTCACACATGCTGCGTACTGCTGCACCCGTTGGCGTCTTGGGGCAAACCTGCGAACTCTGGAGGGAATGTCGGCGTCTCAGCTGTAGAGTCACTTACTTGACTGCAGGTCGGGTACTCCGTGGTATATCGTGTCGTCTACACGATAATCCACGTCAGCGGTACTTATGGTGACTTTCCTTTAGTCCTAACAGCCCGCTCAGGCTGGTACCAGGGATCGGCAAAGGGTGTTTTCCCAACTGTATAGACCGGGCGTACCTAGCCTAACGTGGTCACTTACATTATATCCCTTGGCGCAATCACTTCTCTTGTAATATCATTCAGCGGGCTAGAGGCATCGGGTGTTTACACTTCTGTTGTCCATCCTAAAAGGTAGATGTAAGTAATCCCATCAGAATTCCTAGTAACTTATAAAGCAGAACTGTTCAGTGCTCAGGAGAATTTAGTCAAACTTCGTTCAATGCCAGCTACGAAGTAGCGACTAAGCGATTCTAACCTACATATAAGCTGTTACCGGAGCTGTGCGATGTAATACCAGGTCTAGAAATGTTATCTAGCAGCCCATGGCCTAAGTCCTCTGGAAAGAGTATCAGTTGGATATATGACCGCAATGTACCCCTAGTCCAGAGCAAAGGGTATATTGCGAAATTGAGACCGCATAACCGTTTCGAATTAATACGCTAGGGACTACGACCTAGCCGTCGCCTCCGAAGCCTAGAGCGACTGTGCCGTCGCGTTGCTGGCAAGGCCTAATCCGATAACCTTACAGCGCATCGCACCTTACTTCAGGCGCATGAGACTTCACTCTACCATGGCACGATGCGTCTCGGAGCCACCTGGAACCAGCAGGTCCACTACTACCAGAGTTCAACATTCGGAAGCTAGGCCGGGCCTGTGCCGGTATTTGAATACGGACATACAGCATGCTGTTTAGCATGCGATGCAAAGCGCCTTTTGTTCCGATGCATACTAAAATGTGGTACCATATGTTCAGCATAATACTGGGAAGATGCGCAGCCACGCGACGTGTGTACATCATGCGTCACCCCATGCGACGCCGAACCCGAGGTAGACACGCATTCGAGGTAATGTACGCTTCTTATACAGATAGACTTCGTCAGTCCTACTCTATCTCGGCCTTCGAAGCATAAAAATAGACCCTACCCCCGTATCCACGGCAGCCGAGCGTACGTCGCGACGACAAACTGAACTTTCTGTTAGGTCGGAGTCGCATCTTCAAAGGACTAGACGCAAAGCCAGCTCGCTGGTCGGACGGACAAACATGATAGCCCTTATTGTGGGGACCTTTAGACCGCGGAATAATGGACAAAAGCAAACGTGTTGCTTTGGCCTTCCACTACTTGCGGCCGTTATCCGAGAACTGACGTTTTAATATCACCATACATACAGGGACGGGTCGAGGGGATATTTTTCCGACTCTAGTCAGTTCAGAGTAACAAACCTTCTTCGCAGGCCACTATGGCACATGTCGCCCAGTTCACGTGTATAACCTACGTGAATTTGAAGAGTTGCTTTAGCAAGTGCCGTCACGGTCGGGTTTACATGCAGAGTATAGCGATCGTATGATGCTCTGGATCAACTGCCATGCAAGTAAATATTCATGGCGGATCCAGATTGACGCATAAGTCCGAAATGTAATAGGTGCACGATGAAATCGCCAATTCTCTAGATTAGTACTTATCAGGCAAAAGTCTCTACCGAGATGTG,1971,49.11,Mus musculus
SEQ_342131,GAGCTTAAATGGGGTGGGCGTGAATGCAGTCGAAAACTGTTACTGTTATCCTCCATCGCCGGAGACCAAGTGAGGCTAAACAACCTAGACAGTCGTGTTTTATGAGTCAGAATGCGGTTTTTAGTATTCTAACGCCGCCACTCCATCTTAGGATTAGTAAACGCCTATCCACTTGTTAGTCCGTACATATTACGAGATGCTGCTGAAACAGGAAAGCGTGGCCCCTGGTCACTCCAAATCCGATGTTTGGTGGTTTACCCGACCGTAATAGGGTGTAAGCACGCAAAAGATCCTCGCACTCTAGAGTTACCGACCCGGTTGGACTGAACCGCAAGAATTACATATATAGACAAATGTGTTGAAGCAGTGCGGGCATGAGGTCGCACGCAGGCCATATCCAGACAGTTCTAAGAAAACTGTTAACATGCCCCACACAAACCTGAAGCAACCTTCTCTTCCTGCATCAGTGTCAGGAATTGAGCCGTAGGGGGTTGCTTCCGTCTTTAGAGCTTGCGATGCTAACACGGGAACCTCCGAGTATTCATAATCCCCATACAGAACGTTTTGGTCTTAAGAACGGTATTGCCCCGGTCAAAACTGGGTATAAAGGCGCGTAAGACACACGGGTCAAGAGTAAAAGCGGGTCAGTCATCCGGATACAGCTCCCTGCTTCCCAGTTCGTACAATGTCTCTGAGAGAGTAGTCGATACTGGAACTATCTGCTATACGCTGGGAACTGCGTATTTTACTAGTGTTCAACTCGGTGACACGAATTTCTCCCCGCCGATTCCCTAAACTAGACCCGATTTGTGAGTGTAGCGACCGATTCGCCGACGAAAAATTAACGCCCTGACTAACTTTACACAGCCTTTTACACCCTAGTAGGTCCGACTTTTCACGTGGCTGAAGACGGTTACTGCATCTCCCATTTCTTGTAATATCTCTAGCCCTCTTCAACGATTGGATAGGGGCATTCAGGTAACAGCCACGATAACTATTGAGTGTTAAGGCAGCGCGTCAACGCCGGCCACTGTGGGGATTGACTACGAGGGGCGGCTCCACGACGTAGTGACCTGGGTGCCAGGAGATGTCCCGTTCCGTCTACATTTCACAGTCCGGAATGGTCGAATGTAGCTGCCAAGGCAGTGGGACGGGGTTTGTACACGCATGGGAGCCGAACTAAAAAACATGTTCTATTACGGGTGAAGACTTGCAGGTCGCCCAATATCATGGTCAAATACTCGTGGACCCCCTTGTTCTTATCCCCCTTTGCATCTATACCTCAGTGGAGTCGACGGTGCACATTTTACGGTGTAAAAGCCATCGGGTGGCAGCTCTGAAAACTAAGGGAACGGGTATAATTAAGTGCGAATAAAAGCTCCAAACCGCGCCGTCCACTCGTCACGTAAGCGCCCTTCGCTGATGGAGTTCGGCGACGTCTTCACCGCACCGCACGTAATCCTCCTCGCTCACATGGCTTGGTAGACCAACCTCTGGCGCTACTATCCCCGAAGGGCCAACTGGAATAGCTGTTGCACTCCACGGCTCCCTGACCACACCAAACATATCCTTGACTCCGAACTATAAGGTATCACTTCGGTATCTGTAAGCCACCAAATGTACAAAAATCGTCCAGTGTATTATTTACGTATGAATCGTAAATAGCTGGGCTGACTCTGGTCCATATGACCGCCATGCGGGTCCATTGAGTCTGAGGAGTGTTGTCTATTGTAGATTAAACGTTCCACAC,1750,49.54,Escherichia coli
SEQ_468340,ACACTAGTCTAAACGGAGATCGGGCATCCTCCGAGATTAGTTGGAATGAGGTGGCCGGGGAGCCTTCTTACTCGTACTAAGGTGCGCTTAATTTCATAATGGTGTAGACTTGAGTTCTCGTTGCACTAATTTTACGACCATGGTAATCGATCTCAGTAGTGTACACCCCTGTCCTTAGAAGATATACCTGAGGCGAATCAGGAGGGTAGCCAGCGTTTGGAGGCCGTGGCGAATCAACTTTGTTACACATTACTTGCTGTAATAGAATCCGTAGGCCCGAGTACTCTGGTAAGCCGGTTGACTTCAAATTAAAAATGCAGGCGGGCAGCGGTCGTAGGAGGCCGCCGCCCACCTGCATGCTGAGAACTTTTTTTCTGTTCTAATCAAACTGGCAGCACCAGTGGTGCCATGCCTAGCGACACATGTCGTTGTCAAGCGAAGCACAGGACGGTTATTATCATCTGGTTACGTAGAAAGAGTAGTTTCATGCTAAAAAGAAATAGCCACAAGCTTACTATCCCCGCAACCCAGAATCAGCCGGTCATTTAGGCACCTTAGAGCGCACGGCTCGGCATGCTCGCACACTCGCTACGAAGCTTTTATCTTACCCCAAGATTGGTCTGTCAGCATACGTGGCGCATCTTTGGCTTACGCAACCCAGTAGATAGATTTGCTCCCAGAATTGTGTATGCTCGGATGAAGTCGCTCTTCGCTCTCCCTCTTTCGTATCTGGTTTGTCTACGCGCTTCTGCCAG,755,49.27,Mus musculus
SEQ_174873,GCAGGAGCGAAAACTAGAGTGCACGCCTTTAGAAATGTTCTTGGTAGCATGTAGATAATAAATTCGAACTGCCCACACGCAAACGAACCATAATCCCTGCGGGCTCAAACGACTACGGACATCAAGTGCGCTGGGATCCCAAGGTTCGTCGAGGAAGGAAACACTAATACAGGTGGCGGCCCTACCGGTCAGAAGTCCCAATCCAGAAGCCCATGAGTGCCCCTGCCGTGGTATGTTATACATCTAACGCACCATTTTAGCCACAGACCTAGGAGCGGGATATCGTGCCCTCTAGCTCCTATGGGCCACTTGGAGTCTGGTCCACATTTCCATGTTTGTGGGGTCAGGGATGGAGAGACTGACAAGCAGAGCGTACGCATGTGTTGCACCGTCATTAACCCGAAAGCAGCGAGGAGATGACTTTTTGGCCCATAATTTGGGGGACGACTGTGCAAGGGACGTTGAACTC,469,52.03,Caenorhabditis elegans
SEQ_538513,AGAACAGCCCTGAGGGGGAGATCTTCTCAGAACGGTAGTTCCGGCCAGTCCTCTTCAACCAGAGCTGGCAATACGGATGAGATGGAAATGTCATTGACCAGATGTACAGAATCGCCCTTCACATCTGCTTCACTACAATATGTTAATGTGCTGCTTTATTTGCCGCCAATCGTAGAGCCTACCAGAAAGGCTAGGCTTTCCTCCGCCCTACACTCTTAATGAGGAGCCTGTCCCCTGGAGTAAAAATTCTTCACCACCGTTTGGGAGTCCTGCGTTGCAGCGGGCTGGAATCTTACAATTGACTCTATCAATCTAGCGCCTGTGGGCAGACCATCAAGCTCTCAGCGTCCCCCTCTGATCCTGGTACCGCTTAAGTCGTCCCGGTTCAGCCGGGGTCTAAAGGGCTCGATCACACTCGTTCGACCACTGTAGATCGTGATTTCCCTTTCACCAAGGTCTGGATAGAACTTATTTAGTATTGGACCTGCTTAAAGCTCGTTAGATTAACCAGATTCGCAAAGGGTGTTCAATGCCATAAGGTACCTGCAAGGTCTATAGTGACAAACTACC,570,49.47,Homo sapiens
SEQ_644085,CCGCATAAATCTCCCGAGACGCATAACTCAGCACTGACTAAACTATTTGGGGCTGGGGAACACCGCCTAACGGGCAGAAATGGTAGTACCCTGAGACCGTGGGACTCTCTCTAGGAAAGGTCACTTATAGGTGCCCCCGTTTTGTAGTTTACCCGATATATGTTCCTCCCCCACACTAAAAAAAGCGCCTCAGCTTGTTTACGAAAACTCGAAAAAGTATGCGTAAAGCGGATCGCTATGGACCGTGATTCATGCGCGGATCATACGCGCTCGAACTTCCCCACCTAAAGGGATTGGGGGCTCCCGGCGTCTCCCTGCCGAAGAGACTTATCAAGCGCCAAGTTCGGCCCGATGGAAATTAATAGGTCTTGACTAGAGTCCAAAAGCGGTCGCTACCACTGAGACAGAAACATGATGGGTTATCTTTATTGCCCATTCCGCACAAGTGGAATTTTCCGTGCTGGCTGCCGCGGCAACATCCGCGACTTCTTCCTCCAGGCTGTGGGAGTCTCGTCTTAGCCGACGGAGGTGATTATTCGTAACCCCAGTTAATCTTGGAATTTTGCTGTACGCTTGCCCCACCGAGATCGAGGTATACGCGCTCTGTCGGGAATCTTGGTTATAACCCGACATCCTATCGTGACTCAAGTCCATGAAAGGGCCTGATCCTATTTGACGCTGCTTCTACGGGTACTGTACATATGGGGGCATCGGAGTCGTTCACAGGACTACCGGGGGCCTGGGGCCCGTAGCGATACCAGGCTGATTTTGCTTATGTTCCCCAACATGGCTAATTCTGAAATCTAGAAGGGAACACCCGTAGATTCGTATCATACCGACGATAATAATTGGCGCAGAATTGTATGCGGCCGGGAAACTAGAAAGATTTGATCGTTTATGTCGAAGTATTTCGGACATAGCTACAGATTGTCCGGGCGAGGGCCCCGGACCACACTAAGGACATTCCCTTGCTTGCAGTCGGCTTGTGTCCAGCAATATACGATGCTGATGGATTCTTCCTACGACTGCAAATGTTACCAGCGGATGACAGTTTGATAGTGGACCACGTAATTCTGATTGACATATCACTCCTACGGGAGATTTTGCGACAATTCCGCCTGTACCCGCGTTGACTTAATGGTATATCTGTTTCTCAACAAGCCAAAGGTCCAACCTGCACCATCGTTGAGTGTAACGGTTCCAACGCCAATGGATATCCCGTGTTCGGATATCGGGTACTTGGGTCCGTACCTTTAAAAGATAAGCAAGCAGACCTCTCAAGCTGAGTCCGCTTCCTTATCACCGGGTTAAGTAGCTAAACGTGTCGTAAAGCGGCCCTGCCACAATACCGTGCCCCAGTGTACGGACAGGAGGTAACCGTGAGGCTCGGGTCTCCCCCGCCGTTCAATAATATACGAAACGTGGTTTTTTGTAGTCCTCCTATGGGGCCAAAGAACGCATACGTTGACGGAGTTGATGTCCGGGTTCCCGCATAACGTGACAATATTTTGCACGTGCAAAACCATAATCCATCGGTCCACGCCCCAGATCTGACGCCATTTATCCAACTAGGTACATATCCCCGTCCCGCTCCGAGCAGGTGAGGACCTAAGCCGCGAGCAGTTAAGAGTATGAGTGCCGATATCCGGGCCCGCTTTGTTTTTTTTCCGGCGCCGGGCAAACTGCTCGTGTGTCCCGCACGTTGCCAGCAGGCCATACGGACGTTGCGGCCAAGTAAC,1739,51.35,Caenorhabditis elegans
SEQ_392137,GGAGCTAGCGCTAATGCGTCAGTCCATATCCTAAGAAAGCTTCTTGTCCCCTAGGGCATGAATGCCTGCTGGTCATTCAAGAAAGCTTCATAAGAGAGCGTCGAAGAAGATGCCGTGAGGGATTCTACGCGAGGAGCCACCGTAGGTTCGCGGCACCTGTTTGCTACGTAGAATATATTACGGAATCCGCCGCGCAATTGATTTACCGCAGCACAGCGAACCTAGGTTGTCACCGTGATCTCGCCCCTATGACGTGTACCCTGTTCGAGCTAATACCGTGACCTAGTGCGACCTACCCCCTGGCGACATGTAACCGGCGCGGTTTCCCACATTTTGGGTGCGTCTGAACTCTGGACACCTGCCCGCACAATGGTCAACTTTTTCTGCATGTATTACGAGAATCCTTACCAATTACAACAGCTGGAGATACGGCGCGCCTCTTGCTTGGCTGTCACCAAGGCTTAATACCAAATTTTTTGAGTGGGTATGGGTACAACACCCGTAAATTTGGTATCCTAGGACCCCGATTTAAGAAATACCTCGAGCAGCGCCGCCCGTGCTTACCTAATCGCAGTACAAGAGTAGTCATCGAACTGGTAATTGAATAAGTCTGCTAGCAAAACGCCATGGCCGGTGCCTCACCCGCCAAGAACAAACGTGTCGTGTTAAAACTGCTCTTTAGTTATGTGTCCCATAAGCAGGACGCCCCCTGAGCGTTATGGTTACTATCTCGGTTCCCCCAGCATCTCGGCATGGTCCCCGATTATGAGAATTCCAAGGCGATTCATCCCCTCGCTGAAACTGTACGAGTACTCACCAATGAGCTACGGGTAGAGCCGGGGCCTGGATTCCGCTGCTTACGACGTGATTCAACCAACCCTACTGGTTGGATTAATACGCGGTCATATCGGCTACCGGTACTAGTTTGCTATCCTGCATGGGCAACATCCTTATATTCGGGCCGTACAGTGTGGGCGAACACGAATCATTTCATTCATGACTCAAATTACATTCGGCGCTCATAGTTTTCATAACTCGGAGGGCACCTTCGGAGACATCTTCTTTCGGACACCAACGATTACTTACTGAACGCTTTCGAGCCATTCCTGGATTAAAAAGAGCGCTCTGTGGTACGTCTAAGGAACTAATGAGTGCCATGAATCCCCATAATAAAGAAAGATTGGATATCGCATTAGCGGGCACGATGCTACGTAGTATGCGTCTTGGTGCGGGATGTCTCTGCGGTCTTGATGTAAAATTTGTTCCATAGAGTCTTGCAATCAC,1284,49.69,Caenorhabditis elegans
SEQ_352926,ACATCGATTAGTAGTGCCCCATAGTTGTCTTTTCAACCCGTCCGGACTGGTCTTTCCCCTGTGTGTCATATTCAACACCGTAGACCGAGAATTCCCGGTGCCATAAAGCTACGCGCCCCAGGAAGTGGATAAGGTTTTAGTGTAATATTATTCGTGTACGATGAGTGGCGCTCGCGCAGGGGCTGCAGCACTACTTGGTTCCAGTCGTTAATTGCGCTCCGTTTTCGTGATCCGCACGGAAACACCTATTCCATCAGGCGCTCGCCTGAATTCCGATAAACTCTTGGCAACTTCATTCGTGGCAGTGTGTCGGTTGAATGGTGAAGTAACACTGTACGTCGGCATGCTAGCCAGCATGACACTACGGGCGGACCCCACCGCTCTCAATGTGTGACACTTAGACACCACTGATGCGGCCGTTTCTCTCCCTGCTGAATGTGTATTGACGTTTTTACTGACCGCCAAATGGGGGTCGACTGGGTGAGTAATCATTATGCGATGGAAATTTGCTCTTACACTTCTCGCCGTATTCGAACAATATATACTGATACGCGGGGAGTTTACCGCTATGTGTGTCGACTAAGGAGAATTCTGAAATGGCGGGGACGAGGGGGGGGCTGTCCTTAATCGCGAATACTCGTTAACTATGAGACTGGCGGACCCACATATGGACACTCGTTGCCTCGAGGACTTATGGGCACGAGAAGGAGTCGGCGCAACACACTTATTGCTTGCCTATAATAGGCGTAATAAGCTTGGCCAAAATACCCACATGTGTAGCTTCAGAGGTCATGTTGTTGGAAGGGTTATTCCCAAGAGAAAATTCCCAAGCTCTCGTGTGGTGAATCGCCCTGTTTCCTGATCATCACACGGCTGGATCGGACGTGTCCATGTCACAGCAATACATCCCTGGCTGGGAGATACCCCATTCCATGTCGACCACACCGACACTAATATCGGTAATTGGCCGACCTGGAACAGGGATCGAAGTGCTTCGTGGAAGTAAATCTACTAAGAAGGTAGAGGGTGCGTGAATCCGCTAACCTCGTAGTGACGCTCCACCTGCACGCTGACCCTTGGGGGACTTTTGAAAAAAACCCAAAGCCGTTCGCGCAAGAAGTGAATCAGAGTGTGCTGTTCATATACCACGGTCCCCACAGTAGCTGTGTCAGCCATGTTTAATCATCCAATGCTCGACGCAGGACTTGTTTTTACAACTAGGATTGGAGAGCCCAGCCTCATCGGGAAGTATCGACATGTTGGGATTAAGCTAACGCCTGCCAGCGAATCGATTGCCAGCTCTTCATATATTGAGGTGTAAGTTGCACTGGCACCAGACATGTTGCGTAGTCCGGATATTTCGCGCTAGCTCACCAGCCATGGTTGAAGCTTTAAAAAGGGGGCCGCAAGGGGCACTCCCCTCCGAAGTGACGCTTCTGTAGATATAGCTGTTCCATGGCGGGTAGCTGCGGCCCCGCACTCCGCTGTGACAACAATGCGAGCCATGGATGGAATTCGCTGTGGCGGCGTGGTTACGCCATACTAACCTTCGCCTGCATGATATGTGGCGTTGGGGGGCCCCAAGTGCGTCTCCACGCAGATAGTATATATGTGTTTCCTACGTAGAAAAACCAATGGCTACATGTACGTTCGAGCAGGGAATCGGCCTGATTGATAACCGACCATACTCAGCTGTCCTCTAACGCTAT,1709,51.08,Escherichia coli
SEQ_209098,ACGATAAGTACTTTGAAGCTTCCATTGACCACACTGCGAATGGGGCTTTATTTATGGTCGCGCTTGCGTAGTGGACAGGCCCGTGGCTTGGCTGTGTTCGAGGTGTGCCGCATGGCCGGCCCGAGTAATCTCGCCCTGGGTACCACACCCCGTACGCGTTCTGCTAGGGGATAGGCAATGTCCGCTATGTTACTCTGAAACTTCTAAGTATGAAAATACGCCTTCACCCGGTACTTCGAACCTCGACGGGGGGAGCCACTGGTCGTTTTATCTGGATCCCCTCAAGTTGTACGGAATGTATAAGAATTGTTCCTAAATCATGACCCCTCCTGACTACGAAACAGACCTAGAAGGAGTCAACATTCGGCTTGCTAAGCAGCCTCAATAGCGGCCATATTGAAGGGGTAAAACTCTGCGGGACCATACTTCACCCCACTACATAAGTGCCCATAATCCCTGATGAGGCGGGGCCCGCGAAGCGTCATGGGCCTCCTAGCAATGAGGCTGTATATTCAGATGCTGTACCGCTGAACCGATGTTCATACAGTTGCCCCACTCGACTACAGAAACCAGTGCAACGGAGACGTTTGGGAACGTCGGTTCGACCTAATCGCACTACCTTGATCGTCATAGTGTAGTGGCTTTAGTTATTCAGGGCTAATACCATTGCCGAGTTGTCAATTGCAGGCGGTGCGCAGTAGGGACGCAGTCAGGAATACACACCAGTTAATATAGCCAGATGTTGTGTGCGGTAATGTTTTGCCAGTCCCTGGTATTGGGGTCTTTCTCTTGGGGATTGGCTTAGCCTTAGAGAAAGTGACACAGCTGGTCAACGGATTATCCCGCCTGTTGTCAATATGTGCCAACTTCGTATTGCGTCGGATGAAGAAGAACTTCCTTACAATGCTACAGTTCAATGCGTTCGTTTGTATCGTCAGTGCCTCGTATAATGGGTCATGGGAATCT,966,50.31,Arabidopsis thaliana
SEQ_726434,TGTCTCGCTATGTGTCCCCTTGAATTAATTTCCTATAGCCAAGGCCACCCGGTGGGCCGGTTAGCCTGACGCCTACCGCCGAGACTAGATTAATGCATTATGGGACTCCTTAAGTTTACAAGCATTAGCGGGCTGTCCTAACAAGTCCCTCGCTCTGCACTAAAGGATCATCCCCGGGTTAAACGCCTTAAACAGGTCTGCGCCGCGCGCAGGGGTAGTAACGTTCCACCTGCCTATGTTGTGCATCGTGGGGAAAGTTCCGGTGGGGCTCTACCCCCCATAAAGGGCTCAAGTTGTCGCCATTTCAGCATCTCCCGCCGTTCTACCTCGCTACGTGACGGGTATCCCCTCCGTTCTAGGGCCAGATATCAGCGGCGCGGATAAATCTTTTCTAACAGTACTACCACACCCTCGCCCTTTCTCGGTTAGCCCCCGCTCTCGAGGGTAATGGTTTGAGCAAATTGCTCGGCAACGGGAATGGTACTATTTGCATCCGAATACTCAGCCCCGAATCGGGCCAAGAGGTACACAGGCCTGCGTGGCCGAATTTAGAGCGTGGCCGAACTAGTGCCCAATTTCCACTCTATCAAAACGGGCACTTTAGGACATGTATATTCGAGGCCGGGGAGTTCCCTCATACATTCGGCATCGAGCCCTGCTTTCCTGCCCTATTTGAATGTATTAACGTCATACTCCGTGATTAGTGGGCAGATATCCGTTACGTACATGTCGTTCGCCTGCACAGCACTCTAGACTTATTCCAGTATCGAAGCATCGGCGAAAAAGACCGTTCGAGCGATGTCCGTATGGACGATGGTTTTGTTTCAGGTTGATAAGTGACGCGCCATTCGCAGTACGATACGGGAATGCAAAGGGGCGCCGTATAAATACAATCGATATAGGCGGAGTGGATAGTAGCCGTAAACGATTCAAGTTCGCTGCTGTAATCTTAACTGGAGCTTCGGAAGAGGAAGCAGCGGGTTTATCTAGTTCTTCTCTCAGTCCTAGCTATGACTGAAATCAGCACATCAGGGCGAACAACCAATGTTTTGACTGTGCCACCCGTGTTGGATCTTGAGCGCGTGTATCTCGGGCTTGTGTTTCATTCAGTTCGACTGTGAAGGGAATATGCAAATCATGTGGTAAACCATTCATTATCAGATCATAAAATATCGTTTACCGAGCTTCGAGGATGTCCCCATCACGCAGCGGTCTGATGGGCACCCTCTGAGAGGGCCCCGCAGGACTTTCAAAAGTCGCTATCAAACGATCGCGTACTGCTTTTATGACGAGGTAGCTCTCATCCCTCTGGTAGATGCGCTAAGTCGTTATGACAGGTAGTCAAAGCGCGCTTACCGCAAGACGCGGACCAAGCCTCCAATTCTCAGGAAGGACGCAGCAAAGCTTTGCAGGACACCACTATTCGATTGGCGGCCGCGACATCTTAAGTTCTCGAGCCTCGTGGCCAGCCGATCAAAACTACTACCGCCGCTAGGTACGTATTCTGCATTGTGAGAGGCACCGGTTCTACACATATAGTGTGCCCGCACGCGGCTAACTTACCGTGGTAGGTGTGTATCGGCTACAAGACGGCCTAACTAAATACAGCCAGCTGCCCAAACATTTTCGCCCAGGCGGCGCGCTTTATGAGACGAGGTCACTGTTCTTAAAAAATTTCTGGGTGTTTGGAAAACATTCAACGCAGCTTACCAGTGAAAAGCCGGAGAACGCTATTTCCGGGTGAGTCCCATATTCCTGCACCAGGAACGTCCGCAACGATTTCCCCCAATATGAATTTTTAAGCTGTGTCCTTAATTAGTGGGAAAATAAAAAAAAAGATTCCAACAGCGGAGGTATCGGGGTCACGTTTTAAGCACGCACATCTAGGTCCTTCGTAACGTGTGGAGCTGAGTCTCAACTACCCCAAATCAGAGGTGCGATCCGTGGATAGTTGACAGTATAGTAGTC,1968,50.61,Saccharomyces cerevisiae
SEQ_671449,TGAGTAGAACGCGGCATCGTTTGGGAGCGTTCGACCGCGGCGAAAGGCGACTCGGGCTGTTTCCGAGTTGCTTTTTAATGTCTGTGTTCAAAAAAATATCCAGACCGCGGCGAGGTGCGGCTCAGTGGCTTTTTTCATTGCCGGTCGAACATGGATCATAATGGAATATCACGCGACTCGTGGGCGATCTTTCCACCGTGACACGGTCAATATGAACCTAGGATCTAAATACGCACTTGATATATATTCCCTCTAAAATGGACAGGCAACTACGAAATCTGAGGAGTTATCTAACTTAGTTGTCCAATGCAGACATGTCGTTAGTGTCAGAGCAAAATACGTATCGACCACAATTTTGATTCCATTAGCCACATTAACTTCGAGTCTTCTAATGGATGGAACATCTGGTTAATACATCTCGTATGCTGTCCGGATAAGGGGAGCTCAGACCGTCGAAGCCATCACGCCATTACAGCTGCCTCACATAGACTCCGGATGTCGGAGCCTAACTTAGCCTGATCAGGGCATCCGCGTCCAAATTGGTTTGAGTCGCCCACATGTTGGCGGTCCTATAGGCCCTCAGGAAAGTAGGAAAGACGCTACGGATTGTAAGCGTTGCCATACTTATAGTCACAATGGTTGGTTTTGTCCCGTGTGGGGATATGTTGTCATCTTTACATGTAGACATCCTATCACTGAATTGTATACGGAACGTCTGTACCCTTAGCCACGGTGGTTTATGTGAGCGGCTACACGTTTATCGCAGGTGTCGATAATTCAGCCTCTGCACCCCTATCCTATCTTTAAGCATTCCAAATCATAGAAAGTGTAAGCCGTTCCCATGAGATTCCATCGGGCCCCCCAGGTCGAGAAGAGCGGGGCTTGCGTCATTTGGATGTGTAAGCCCTTTTGGCATTTCTATGGCGTACGAGATGGGT,938,47.97,Mus musculus
SEQ_426429,CGAAGTGATAGGCAAAGATTCATGCCAGGGATTCCCTGGAAAGCTCTCGGCCCCCCTTATAGTGTGACGGGTGTCGTACTAAGGGGCAAGATGCTGGCTACGTCGAGGCGGATACAAGAAGTTGGCCAATCAGCAGAGAATCGTGAATCCCGGTAACGACCCACAATGTGCCATCACTACAAGCGTACGTAACGTCAGTTATTTTGAGACAGTGATCGCAGCGAGCTCAACAGGTACCTAGTTGACACGGGTAAGCTACATCCGTACTGGCACGGAGTCCTACCCATTAGTGCCATCACACTCTCAGCAAACCTCTTCGCCTGCGCGAATCTATACGGTGAGAGGCTGTTTAATGGCTCGTTGGGTCTGTAAACCGATTCAACATGCTAAGGATCACTAAGGGGCCGTATAGATTGGATCTACGAAGCGTGAAT,434,50.92,Caenorhabditis elegans
SEQ_668031,TATGACCACGTTTTCAAAACCTCTAGTCTAAAGTCCCTAACTTTACCACGCAGACCACGACTGATAGACGAACGGGAGCGATCTAAGCGCTATCCGGTTTTCACTTACGAAAACGGTCGCTCCAAGAAGAAAGACCGTCCGATTGGGCCGCACAGAGACCACTTAGTTGAGTGGCTTGCAGAGATTCTCCGGCTGAGCGATTGTATCATGTCAGAAGGAATGTGGTCCAACGTTTATCCACCCCGAACGTGGTGATCACATGCGCTCCTCAGTAGGACGAAGTCAAGCGTTATCTAACAATACGAGTGCCGTGCGGCTCTG,321,50.47,Arabidopsis thaliana
SEQ_646994,TAGAGGCTCCGCCCAGAATGCTACTGAGCACTCACAAAACGGGAGTTTGTACTTTGTTCAGTTTTACGCTATGTCCGCCCCCTCTTGGGTTATTAAGTCGATCGGGTATGTCGGGTGCGTGCGCCGACAATCGTCTTCTGTGACGAGTCAAACATAGATTAGGTCAGCACAAGGTCTTTGCTAGGCCCAAGTTCCAAACATTGCGTATGATGACTAAGCCTCTGGGCCTTGTGCAGTGCAATAACCATGCGGAGGCCCGAGCATTTTTCCAGGAACGTTTAAATCAACCCGACACTTGTCCGACCATGAGAATGCGTACCGGATTCGAGCAGCCATGCAGCATCCGGGGCTGAGGTTAATTGCGGTGGTTAGCTCACAAATCAGGCGCTCCACGTCTCGATATGATATCGACCACTAGTGGCTTCGTGTTACTTTCCAGTACTAGACTTGTTAAGAATGGGGATCTGAAAGACGCACACCCCATGCGTCGGCGGGGTTGTGGATCTGGAGGCACGCGACGATTGCAACACCCTTCCACAACATTACGCTAGGACCAAGTCACACTACGTTTTGCATTCCGGGCGTCGTTAAAGCGAATGCGAAGAACACCGTTCAATGTTCCACCTTGAGTCACACAGCTCCTTACAACCTCAAATGTGCTGGTCCAGGTTCTGGTATTAAGTTATAAATACGAAGCTTGTGACAATTTTAGAGACTGCTAGACCATCGTCTGCATTGTCCCACCGGGCTCCTTGTCGTTATATGCCAATACCAGCGCGCAACAATCGGGTAGGGCGAAGTCCTATAAGTTTCTAATTCTGGGAATTAAGAGGCGCAGCCACAACTTTTCCGATCCCAACCCCCCCTCTTTTACTAGGGGGGTCTGACGTGATCTTCCTTGTTATATACATGAGACGCTATTGATAAGTCAAAAAGCAAGGGCTTTTTCTGGTCGTCGGCTTCACCTCTCGAATTAGCCAGAACACTAAACTGG,994,49.5,Arabidopsis thaliana
SEQ_196405,TCCGAATAACATTGTATAACGAAAGCTGCTCCGTCTAGACTTAACTTATGACTGCCCACGGGACTAGATACTCGTGAATGTAAGTGATATTGTACTCCAATTGCCAACGAGGGCTCCGAGTTTGCTAGCTACCCTCGCTGGGGGTAAAAGTCGATAAGGCCGGTAGAAATCGCAGTTAAGTCGGCTTGGATGCATTTTCTGCTGGTTAAATCTCTCGACATCTGCGTTATTGAGCTGGGGTAGACTCGTAACCGTTACAGTCCAGCTAGTGCTTGTCGACCCTAGTATCCTCTACGTGGCCTGTGGATTGATGAATCTACCGCTCGCGTGCCAATGTTCCGCACCGGAAGACACCTACCCGTTTTACTGAACCTCTGTTGGGATCCCTTCAAGCCATGCTGTTCGCGACCGAATCGCGGAACTGTAAACCACTAACATAACTCAGCGGATTACCTCGCCGATCATTCATCAGCCTCATTAGTCAGTTGAAACTGTTCGGAAAGCGTTTGGTCTCATTTGTGTGGTAATCGACAGTTTGCTTATATTTGCAAGGCTATGAAAGCATGGGGGGCGACGGTTGCCTTCCGTGGATAAGAATTTGAGAGCGCGAGTACCGATGTCCTAAGCGTGACACACAGATTGATTGGCACTTAACGAACTTGTTCCTTTTGTTAACTTAACCGTGCGTAACAACCCCCTTGGTGACCTCCAGGCGCACGGACATTTCACGTGCGCAGTTTCGCGCCTTTCGATCCCAGACGCAGGTCCATGAAGGTCTAATAGAACGCTCTAGTAGTTTATCCAGACCTCCCTGAGCGTGTGCTTCTAGCGTTTTTGGCGCGAAGAACTCTCACGGTGGGGAAAAGTGGTGAGTACGTGGCTGCCGACACGATCCGCTGTACACGTCTACCGGTGGCTTAAGGAATGGCATTGTGATCAGCATGCAAGTCTTAAGTCTGTGACACCTAAAGCACGGACTCGTGCCGGAAGGACCAAAAACGAAAGGTGAACGACGCTCTCGAGTGAGTATCTGCCTGCCTGCTCGTTTATCTCCGAGCTCTAATAACCGCAACTCCCATCGGCAACCGGGCACTCCCTATAGATCGCCGTCATTATCAGAGCCATTACTTCTGGGCGTTTTTACCCAGGGTAGGCAATGTCTGCTCGGCATCTGGAAGACATTTGGGGAGAGTTGAGGTGTCTGATACCAGGCAAGTCAGCGTCTAGAAGCGCGCGACTAATATATCCACTTCTAGCATGGTCCCAAAACCGTACACTTGGGTGATTCTCCGGAGTCTGACGCCTTAGGACCGTTCATCCATAATCAACCGGAGTTGAAGTCACAGTTCTAGCTGGTGTGGTCGGACCCGGAGCGGAGAACCGCGACAGAGCAGGTCGACCATTCATACGGTGCATTGGTGTGACGAAATTATTGGGATCTAGGTCGATATCTAGGATACAACCTAGAGACAAGCGCTGGAATCTCTTGTCGCAAAGTCGGACCTGACTGTCGTAGAGGGAGGAAGCTTATGACCGATACGTCATGGACTATTCCAAAAGAGTCATTTTCACAGATACTGGAAGCTTCTCACTACATCACCAGCAGCGTATCCCGTCATATTGTAGGTAGTAAAAAGGAAACAACGAGTCATGC,1654,50.0,Mus musculus
SEQ_204781,AGAATCCAACCGCCTGAGGAGAAGGAGCTTGCACCTCGGCCGTAGAGGATAATACATGTGATCACAGATGGCTAACTGTAGTGAGCCGTACGATTCTCAGTTCTCGTAGGTCATCGTACAGGAGATCTTTTTGGTATGTAGCTGTGAGCCCCCGTAACGAGTTCATTTAGTCGGAACGGTATTGTACAAACGCGATGCATTTTACCAATTGGGTCGGACTTTTCCAGCCTTAGATCGCATGAGATTGGTATGTTGCGCCGTGTGGGCCAGTGAACCACTCGAGTCGGGGTAGGCACGCGCCGGTTCTCATAAATTTCGTGATATCGGGTTCGTCAGAGCGGACATTTTGAGTGAGTCCATACGCCGGCACTCCCTTCGTTTCGGGCGACACTCAGTACAGTCATTTGCCTCTGACACCGTACGGGGCTAAACCCGGGTGTATCGGGTTGTTCCAGGCGGAACGTTTTTGCTGTCTTAGAAGTCCAGGCCGAGACCCTCCGTCACAGGGTCTACTATTATGGAGGAGTTGTTCGCACAGGCCAATAATGCCAATGTCCACGACCCGGGGCCGCCTATGCCGTAATTCAGAGCGAGTGAGTACCGGCAAGATTTTCGAATAACTAACAGTTCATGTTCAGCCGGGATTGATAGTAAGGCGCCAGTTACCCTGCTTGCCACCACTATATTAAGCCTCTTTTCAGAGGCAATCGAACCTTTGCGACGATGGGATAAGTAAGTCACCTTTCATTGGCCGAGAAGAACAGAAGAATAGCGTCTACTGCAAAAAGCAAACTCGAGTCCAGTAGAGTTCGCTCAATTAGTTCTGTGCGTATCCAACCCCCCTACCGTATGAGACGCCCGTTCTGGCATACGGTATTAGAGGTACGATTGTATTGTAGGCGGCCTACATGGCTGGG,917,50.93,Mus musculus
SEQ_421582,ACCCAGATCGGGGTAAAGCATGTGGGGGCTATTGCCGTCCGTGAAAGACGAAGAGGTATCGTGAAGGATCGCCATAGGCTGATATTACGTAGTAGTCGAATATACGTCGTCCGAATAATTGTCGACTCTAGGCCATAATGCCCGATTTAAGCAGTTAGGCACGGTACGGATGTAAATACTTACAGAGTGCAATAAGTTTTTTCTCCAAAATTTGGCTACCTGATTTCGTCTCTGTCCCTTACACGATAGGTGAATGTCGCTGACTTCCGCATGAGCGATCGTCCCAAGTTGGCGCCGAGTATGCGTATTAAATCGGGGCCGCGCCTCACCTAAGCATCAGCC,342,48.83,Caenorhabditis elegans
SEQ_316462,GGAGCATTCTAGACGCGCTGTAGACTCTGGTTTCGGGCACAATACGCCGTAAACGTAGGTCCAAGAACCGAGCTAGGATAAGATTGAGAGGGAAAAGATACCATGAAGGTAAAGCATGGGCCATGGCGAGGATGCTGATCTATGGAGAACGGAGGTGAGCAAGGCGTATACTCCAAAATCCAACACACGGTTCTCTTATCAAATGAGAGACTACTACGTGTAAGTTTCGCAAACGGCCACTCGTTCTGATCCGTACGGTAGTGGTGCGTTTCTACTGTCCCAGCGATATACCTATTTGCGTCGGAACATCTGGGCTTTAGCGCGCTCGGCGTAAGAGCTGACATCGTGGTATGTATAACGTGATTCTAGGGGCGGAGCGTAGGGGTCCGGGCCCTCAACCTGGGAGCCCGTAATAATCAGTACTGAGTGCCCCTGCGGTGTAGCACTGGGCTCTCCCAGCTCCGGTCCAAATCCGGCGCCCCCCGGCATGTACTGATGGGCGGCGCGTGCGACCTCTGGTAGAAAAGGATCAGGATACTTAAATGAGCCCTTGAAACCAATCCGCCTCTCCTTGTCGAGGGCCCATATGCCACATGTCGCAGGTATCGATACTTAGAGTGCCTCATTTACACCAGCGCTCCGCTTCAGTTACAGTAGAGGTCCTATAAGCGATATATGAGGCGTTACCGCGTATATGACGTGTTGCGGGAGGATTACGGTATTTTCCAAAAGCATCTATAATAGATATTTGTAGCCTGGGCCACGGTGTGGATTACCATACGAGTACATGCACCACGGAGGTCACCGCCTATGGTTGCCGAGAATGAAGTAGATACCCATATAGTCCAGCCGACGTCTTGTTAATCTCAAAGGCATAAGCACGTTGGAGATCTGACAGTACTAGATGGTCGGCTTGATCCTCCTTA,926,51.51,Caenorhabditis elegans
SEQ_812242,ACAAGACCCATGTTGTGATGTGCGCATCACCTCATTAGCTTGGGTGCACCCAGGAGAGCAACACAAGCATGCATTGTGCTCACCAGTTCACGCCATACCCCATAGTACAGTTCGTAAGTTTATACATTGGTGGTGAGTTATCCGCAGGGTGAATTGCTCTGATAGCTGTACTATTAGCAATTGGGTAGGCGGGCTATGGCGGCCAGTCGGCTATGCTATTACCGATGGTACAAATAGATAGTTTATCCTGAGAGTTGCTATAGGTCTTTGACTCCACTCAGACTACATCTCTGTGCTGGTATATAAGTCCCGCGAGTCCAGTTGGGTAGGCTGCTTGATCTGAGGCTCTGCATTCGAACGCTATATAATCCCGTACGCAATGACATGTGTCGAACTTACGGCGCTCTTGCTACCTACGTGGACCAGACTCTGAGCTACAATAATCTTTTCAGCCCATGGTATTGAGAACCACGGAATAAAATAATTTGGGTCCCTAACTTTACTTT,506,46.84,Escherichia coli
SEQ_510989,CAAACCGTTTACCTTATCCGCATTTACTAGCATGACCAGAAGCCGCGCTACTTTGTGTTGGTAAAGGTGTGTAGTTATTCCGGAATTAAACCAATGCAGGCTTGCAAATTCCTAAAGGGTTGGTTGCATAGAATGCGTGTAGAGAAGCGAATGGACCAAAACTTAGTTAATAGACCCATGCGATAGCAGACGAAAGCTTATTTACATCTGCGATACTATTCAGGTGGGATGAAGAGCAGCGCCATCTCTGCCTGCTCGTGCCCCGCAAAGAGAAATCCCGGTATAAGACATCAGTGGTTACCGCCAAAAAACAATAAATGTTCAAGTAATTGTTGCTGTTCTGCCCAGTAACTCCATTCCCTTCCTTGTCAGCAAAGAACAATAGCAAGGATACCGATGGAATCATGTTATTGTGATCTGATCGGATGCTTCTCAAATGAAGTCACCTGGCCAATACATCCACCTAGACTAGAGGAGGCGTCACTATAGGCGTATATGCGGGCGCGGAAACGATTTCGGATATTTTGTCGATGATACCAAGACGGAGGTATTGACATGTCCCCTCTCGCATGGCCGAGAAAAGGCGAGAAAATCCTTGTTAATGGATACGAGTCGCGGTCGGATCGGTCTAGGGGTCGCCCGGCAATACAGGAGCCCAGCTCTTGTGATTGTGTGGAGGTAATGAGCATTGCCGGATGGAGCGGAGAGATATGTATCCCAGTGTATCTCTGAACGCTGCCGGGCGCACGGGTTTTAATGACAATTCCACTCTCATGGTCAGCTCTATTTCACCTCGAATCGGGCACACGCTCCTTGGTTCGCCTAGGCACGGTAATAGTTTAACGCCGGAAAAAGGTCCTCAGAGGTCTTCGCCAATAGCGAGTGAACAGAAGCCGAAGTATAGGACGAATACCCCCGCGTAATAGCAACTTCCCCGCTGTAAGTGAAAAACGTAAGCATGGTCAGGGATATTACTTGGTGTGGAGGGATAGAAGTTTTTCTCGTGACGAATACTGCCAAGCGCCGCGGTTTCGATCCCAGGTCGACAGTGATCTATTGCGCGTTCTGATGTAAAAGCGTAAATTTGAGGTCCGAGGACGAGCTATTAGCAGTTGCCTCCGTTCTACACCTCCCTTATACGTCAGACTTAATCGGCGGCGACGCGCACAATGTCTCATGTTTTGGAGGTTGTTCAACAAATATCCGTGGCCGGGGAAGATTTCTAGATATTGGGTAAGGCCTCCCATCGAGTCGATTAAACGAGCAACGCACTTGTGGCCGGGCCGGCCCCTTTTAGTTGCGTGCGTTGGCACTGCGAGGGGGAGGGGCGGAATTTTAGATTTTTAGAATTTATTCCCATGAATGATGTCACCATCCACCTATGAGTCTTTTACACTCCGATCTTCTGGGTATCCCAGTAGACTTACCGGACCGGTTATATTGTAAGCTGTCCGGGTAGGCGAGCGTTGGGGTACCGCTGCATGCTGAACACTTCGGGTCCGTACGAAATACCGATACGGAATTACCAACGCTCCCGGTTAACAAGGGGGAGAGCAGGCCCGGAACGATATTGGCCGACGGGGCGCCAGGACGTTAAACAAGCATATCGCTTCGTTGATCGTATCAAAGCGGCTGACAGGAGAATCCGCGGCGACCAGAAGCTGTGCGTCCCTGCTTTCTCTGGAACGACGATCCTCTATATTCAGGAAAGCCTCGGGAAATACATGGCGCCTGGCGAGTTTCTGACGGTACAAAATGTCTTCTAGTTACTAGAACGTGCAGTCTCAGACAACCGTTTAAGGCCTCCACTGAGACAACCGACGCTTAGGGCGAGCGTTACGCTCTTGTACGGTGCTCGGTCACGAGAATAGCCT,1874,50.0,Arabidopsis thaliana
SEQ_609445,GGGCACTACGATCTTTAACACCCGTACCATGGAAGGTCCGCGTTTACTGCCGAATGCCAGGGCGCTTTGCGGTGTAAGAGTTCGTTGGGGCTAGCGATGCCATTAGTGTTGGCCGCACTAGGCCCTGCTTAAGCATTGTTCAAGCAGCTATTTTCCCGATCAGTCCGCGGGTAATCGGCTCACATAGAGTACGTGTTGCCCTTGTTTGCAGGATATGCCACCGCGGCGGCCCACGCCTGTACTTCCAATAGATTTATGGACATATCATGAATCGTTAGTACTCATTGAAGTGACCTATTCTTCGGGGATTCATTTAATTAATCGCTTTAGTCGACGCGGCCGTTCTGACTAGAAGGCATTTTCCGCTGGCTTGACCGTGTCTCAGCCCAATGTGGCATAGGGGTTAGTACGAAAGCGACCCAAATGCTAAACGGAATTTAGGGGGGACCTGCTAGGTATGTCAGAATACCACGCATGCGTAGTTAAATCTAGATTAAGGATATTCTGCTATTTGATTGGCACCAGACGCACTCCAATTACTTTTGAGGATATTCACGAATCGTTCTGCCTAAAACAAACTCCAACATATCGTCACGACGAGGCACCTCAAGCCACTCAGTCTCGTACCAGTTAGGAAGTCGAATATATTAGGACCCGAGTGGTATATTACCCCACTAAGGAACCACTTACGGAATAGGCTACCAGGTCGTAATGGCCCGATCCCACACCAAACTTAGTGTTCATGAATCCGCAGAACTGTGTTGAGCTTAGCCTCGTCTCTCATTGTTACTAGCCTGTATTGGCAAGTCCCGTTGAAACGTCCCGATCTTGGGCACCCTGCTAGAACGATCTGGGAAAACAACGTATCCTGCCACTGGTTCAGAGGCGGTTTAACTCTGCTGGCGCCAGTAAATCGTGTACGCCAGTGTCGGCTAAGCCGCCATAGATGTTGTTTCCATAGGGGTACTCAGTACTTGAATACAGCCCGCTTCTGCTCTCGTTCCGCTTACAAGTATTATAACAAGACCCGTAATTGAACAATGGTACCGTCTCCATCCCTACGACCTGTCCACAACGAGAAATATCCTAGGGCGCAACGCTTCCTTTACTCGACATTGTCGGCAAGCCCCGCTGGCCCTGGTTCCTCCGTGGGGCGGATAAATTATGGCCGAATGTGCGGTGTGTCTACCCAACCTAAAGCCGCCGACCTAACAGGGGCCTCGTGTCTACTCCTAGAGTCATGGGGCTACATCACTTGGACCGCGACTCTTAAGGACTAATTTCAAGCGCATCGGGAGGGCCTTCAAACTACGGCCCATGCAGTACTCAAAAGAATGACGGCGCACCTCGAGATCGTGAATCTTATTAACACTGGAATCGAGGATTGTTCGCTTAGCAATCTGGTACCGCGCAACTCTAACCTAGCGCCAGTAGCATAGTTCGTCCCGGTCACGCCCCGTTGATTTGAATC,1471,50.31,Drosophila melanogaster
SEQ_845021,AGTTTTATCATAGATCGTGAGCAAGCTGAAGGTCTCGTGATGGACTTCGCTCTCAGAATATGTCACACTCGGCGTTAGCGGCAGGGCTGCGTTCCCATTACTGTCCTCATAGGGAAATCGTCGCATACACCCGCCGACCCAGTCCAAATGGGTGTTAGGATAGTGCAGGAGTTTGGTTGATGGGAAAGCAAGTATCGATGTGGGCGGTGTAGGGGCATTTCTATGAATCCCCAATCCGTACGCATGCACGGACTCCCACAAAGTACATGTCTAGGCCATGCGCAGGGTACGGTGCTGATAGCTTAGTAGGGCTACCAGACTCGATGTGGGTTCAAACAGGCGTAACTCACTGAAAATGGAATATTTCAGCTTACTTATTTTTGCCCATTTCTGCACGGATAATTCTTCGGCGCCTACCTGCGAGACTACGATGCGAGTCTTCGGGGCCCCCCAAACAAGGCGTCGCCACGCCAAATCGTACTCATGAGAAATCCTTCGCATGATCGTACGGCCCACAGACGTCCAACGGGTTCCTACATGCGCCCCTATCGCCAAGGGGGTATGACACCCGGGGTCACCAGCGACTCATCGCGTAGAACCGGTAATTGACCTCGTACGGATACGAGAGTATGAAAATGTGACGTACCTCCACTAGAGTGGAACTCCGGACCACTTCGCGTAACGATGTTGCCAGCTTTCACACGTGAGTGTACTGTACCAGCCCAATCATGCGAGGATAGAGCGCACATAAGACACCTGACGAACACTAGCCTAATCCCTCTGGAGTACGTTTGCACGGTGAGGGACCCGGCGCCGCCCCAGCGGTGTAAAATACATACAATCGCTGTCTTGTTGTAGGGAAGTTCTTCTCATGGTCTACCTTCAGTGGCGCTGGATTCTTTATGTTCTATACTATATAACTAGCGCATTTTGTTCCCCGTCCAGCGCGAGAGTTGATTTGTAAATGCCTACAGACTTCATCGGATGGCCGACACTTTTGCCAATAGAGACACTCATATAGTTACGGTGCTCAGGCTCATGTTGACAAGGCAGATCTACTTTGCGTATGGGTTGGTTGTTTGACGCGCGGTCTGATAACTTCAGGGACAAAACCTGATTGAGTTGCACCTCTAACGGTGGTCCACGGTGCGTGTAACGTCAGAAAAAGTTCTAGTGTGATCCGCGGAACCGACTCGTAGCATTGTTCGACATGACTTAGTGGAGAAAGGCTTCCCTAGTTTGCCCCTCTACTGAGTCTTATCGGGTCGCAATCCAAGGTCGCCTCCCGCTCCCAATATGCGTAGTCCGATGACCCTGATGCTTACCACACGCAGGATTGACTTGAACCATCAATTTGCCGAGCAGATACAAAGGTTATTCGTTCCCGAGTCGAAGGTAACACTGTTCGTGTAGCGTGCTTCTAGTTATGCGTTTGTCTCTATGAAGCGATACAGCTGTAAAGAGTCACGACGTTGCTGATACCTGATGCATCAAGGGCTAGGCAATAATTTTTAGTGTATCTTCACCTCTGAGAACAGATAGCAGCACCGACTGTAATATACGATACCGCAACACGTGTTAGTGGACTTATACCATTAGAGTTATAAGGTTGTCATCTGCGAATCCGAGGGTATCTTGAGATATCCACGGGTTGAAGTCGCGAGACCACAACCAGTTAGATGCAAATCGTTGTGTAAATCACCCTGAAGACGCCAAAATTTTGTTTGCGGTTTAACAGTGTCCCGGTCGCCAGTACAGGCGATGTGCAACAACAAACGCACGTCCTGGTTATAAAGTTGGGGATATTTGTCGGTGTTAGCTGTACGTGCTCACCGGTATAATT,1843,49.59,Escherichia coli
SEQ_739804,TTAATGAATCTTGTGATAAGGCAGTGTGAGTCAGCCCTCTTATTAGTCAACACAGCGTTAATAACCCTCATCAACGTCGAGGAAGCTTGGAGAGAATTCTATAGCGCTCTGACAGAACTTGCCCGAAGCGCTAATTGGCACAGTCCGGATGAGTCGCTAGGCTGAGGTAGTGTGGCGGGAACTATGAGGGAAATAGAGATGGAATCTATCGTATCTCTCTGGGACTCATGAAGCTTAAGCGGTCAGCGCGGGTGACCTGAATCGGAAGATGCGCTAACAGTGTCTCCGTCGGTCATAGCCAGAACGGCCAATCTCGCGCCCTTACCACCGGCTGGCTTCTATGTGTGGTCGCATGGCTCACTTAATGACAGCCTCGCCTTGCCTCCTTACCGCGACGGTGGCGTCCCAAAGGCTTCTGAAAATGGCCCGTCGCACGGAGGCGCAACGTAGGCCGTAAATAACCGCTATGTTCCTCATGAGCCAAAAACCGCTCTACGACCTTAGCCTCCCTAACGGCCAAGGAATAAGCAGTGGACGAGAGCAACTTCCGGCCAACAATTAATAGGACCCCGCTCGTCTTATCAGTTAATAAGCCTAATGGGGCTATTATAGTCATTCTACCGTTGCGGGCTCGAGAGACAGATCGTGGTAAGACCCGTCCGTCGTTAAGTAGAATTTACGGGCACATACAGCAAACTCATTGCGTGGAAAGGAGAGCAGGGAACCGGAGCCGCTTGGTGGCCGGGAGAAGTTCGTAGCCTGCGGCAATTGCGCCTGGTCTCTACGTTTCTTTATGGCCACAGGCGGGAGTGGAAAACACCTCTCGAATTTGAATTGGTGGCAGAGATAACTTGTCGTAATGGCTGAGGTCGCAATTTAGCCCATTAATTCCGAACGCGACACGATGACCTAGATTTCTATTCTGCTTACAACTCAACGTATAACAACAAAGACGAGTAAACCGCCTGGGTGATTACGGCGGCCAAGGTACTGTCCGG,998,51.7,Drosophila melanogaster
SEQ_537828,CAGGGCATACCAGAACAACTATCCACGACAATAGCATGGGTATTGCGCAATTCCTAAGAGAGTGCGGTCGGAATTAAAGACCAACCGTGGTCCACGCAGACGCTTGCAGACGTGCTACGGTGAGGCCACTCTCATAGGATTCATTATCGTATGGGGAGGCGCACGTTCGCCTCTCCTGACTAGCTACAAAAGGCTGACGCGTGATCACATCGTCGAATCCGGAATGACCATTATGACCATTAGATGGTGTGATCATTGGGCCAACGAGTTATGTGGCTTTAGGGTGGTAACGGCAGGCCACTCTCTAAATCTTGCGTGAGTGGCGAATTTGTTCTCTTCAACGGCTGAATTCAGCAGTATCCTTTACCCGCGATAGCACACTGCTAGGTTCGCTTGATTGTTCCGATCTAGAGCTTGTTAATTGAGGGCCGCTCGTAACACGCACCTGCGCCAGACACAATGACTGCTTCGCACAGCGGGACGGAATGTAGCCCTTAGGGGACGGTATTCTGCCACCCCTTTGGCTTTAAGCATACAAACCGAGTAACGTTATATACTCTACGTGCGCTCCTGAGGCAACCAGCGGACCACGCAGTATGACTTGCCACGTCCTGTACGTCCACCTAATAATAGCGTAAGCTTAGCCTATACTAGCCGGCGTTTAGATCCGGAAATGGGCACACGTGCCCTGACTAGAAAGAAACCATACACTCCATCTGTTGCAGCATAGAGTGTAATCCTTGGAGCTTTTAGTGGTCGCACATACTGTCACATCAGTGTGGGGGGGCTATGCTTGGGATGCAGCAGCTGTAAGTCTACTCTTTCTCCTGTACCGACTCAATATTGCTCCCAAAAGATGAAATTCCCTCTAAGGTGTAGCAGCCGAGACCGGGAGGGTTTAGATGTATGGTTAATCCTCTGATCGACGGATTGGGAACTTATGATCATGTCCGGCCGGCCGGGTGGATATACCCCCGCGGGGTTAAGACTTCTACGGCATTGTAATAACCTAGTACTATCACGTTATAGAGGCGCTCTGAGATAGGAGAGTTAAAAGGCGGCGATCTAGATGTTCATGCTAGGCACATCATCCGTCAGGACGTGTGGGCTAAAGGATTCACCGGAAGTTCGAGTGGCTCTCTTCACAAACTTAAAGCCATCGCTCAGCGGTTCGCACGCGTGAGATCAGGGTTAGCTCTACGGTCCACTCCACAGCGTTCACACGGTTAACGGAATAAAAACGGGAACGGAAGTGTGACCCTTCCCTCCAACGACAATGAGTTTATGTTGGGTCTCCGTTGGGATCGCGATGGGGCCAAAGATCTAGCTTTCATCCACCGTAGTAATCGAGATGACCTCAGGCCTACCCTAGCGGTCGCTACACACAGCGACAAAGTCCTACAGGCATTAACACCAGTTTAAAGACGAGTTTCCGAGCACCGCGTGAGTTTTGAGCCTACGACAGAACTCCAATTGTTAGACTATAACCATGTCGGATGAGTCGTCCCGTAATAGAGTGCTTACCGATTTGAGGTCCTATGCGCGATGGTCGAACTGAGTGTTGCCAACATGTGTTTTGTACGGGGGGATATTGTAGGGGGCTTTGACTAGAGCGCAGATCGATCCGTAGAGTTATCGCTCCGTAATTGAAGACGTAAGACGTTTGACCAGTATAGGGTGGCACTGGAGACAACTGTAACTAAATACCGTGCCCGATCCTGGCCGTCTTCCGTGCCGAA,1739,50.66,Drosophila melanogaster
SEQ_717716,GAGTCATCACTAGCGGAAGGATTTCTCTAACAGTGAGGGCACGCCCCTTGGTCTACATGATTATGGTTTATTGCACTCGAACGGATGATCATGCCCACTTTTCATCGAAACAGAGGAATGTGTAATGATAAGATACAGCCCGGTGCCAACAAGCTGCATAGCGGGACCAGACTATGGACCCAGGATTGCCGACAGTGTGCCAGCTACGACATCTCCCGATTCCGCATCGTACATTGCTTGGCCATTATCCGTCGGTTCCCTTTATCTTATCGCCCTTAGGGAGCTACCCGTTTAGCGCATAAAAAGCAAAATACCGACATACGCGATCGGGGTCTTTTTCATTGAGCATGCGGGGTATGGGCGAAGAATCCATTAATTAGTGAGACCGTGCTGGTTACGTAGGATTTGGGACGGGATCTCTACCGTGCTGCTAGTCCACGCTGCGTTCCGATATCCACTTTTTTTTCAAGTGTAGACCTTTACCCTAATGCATCCGGTACAAGACTCTTAGGCTCTGAACGTCCAACCGGCTAGCCAACAGGTAGCCTTAATGTAATGCGACTAAGCATAACACCACGGGTCAGGTGCTCACGAGGTTCCGGGCACTATCGATACCCAAGGACCGACATGCCCTGGACCGTTTGTTACCATTTCTCATCACGCGTATATGGCGGGATTGGCGTCGGGCCGCCGCGCTGGTTTCCCTATAAATGCTTTGTGATAGGTAATGTTCCAGTTACAATCATGCCGCACAGTTATATACTGAGCATTTTTCATTGCTTCAGAAATTATCTTCTATTGCGCTGAAGTTTCTATGACTATGTCGCGGTTAGCCCAGATGATCAAATCAATTCGTCTGCGGACTGTAGGGTTCTCGTAGATGAAACAAACCAGGAGCATCGGTTAACCTGCGTCACATTGCCGGATACCCAGGTAAAGTGTTCTTACCGTTTATTCTTATTACATAAAAGAGCACACTTGAAAAATAAAAATGTGCGTTTAACTTTTACACTCACCAGACCGTGTTTAAACCGGTACTTTCATGTGACATACATGTCATTAAGCGCCCGGTTGCGTTATAGGTGAATACTCAAACCTTCATGAATCATGCCTCACCTTCCCCGAGACAAGTTGAGACGTCCCGGATTAATACAGTGACAGCTTAGAGAGATACTCGGGCTGCAATTCTATGAATCGACCAC,1202,47.17,Escherichia coli
SEQ_599412,GGGAAAGGTTCCCAAGTACCCCGACGACTTTCGATAGTGTGCTTTTTATCGGTCTCTGGCGACTTCAGCGTACCTGTACAGGCTTCTCACGTCAAAACACAGTAAGTGTAGACCCGAATCGCAT,124,50.0,Saccharomyces cerevisiae
SEQ_703756,CTATGTGGATCCTCCCCCCCCGACGCACCCGCGGGATGCGCCCCTATATCTCACCCCATTGCTCACCAGGGATGCGCAGGCTTTCAGGGCCCTATCCGCATGACAGAAATTTTGGCGGTCATCTTACTCTGACCTTTTCGCGTTTTTACATGAACGAGTGAAAAATGGCTAGGTCACCTCATACTAAATGAATTAGCGTAGATCTGGCCGCGTAAGAGTCAGCTAAACAATTATGGAGCATTAGACTTACAGATCGGAGGGGTTGTCGATCCACTAACCACAGTA,285,50.53,Escherichia coli
SEQ_857244,GTTATTCTCTTACCAGCATCGTCCGGTGTCGAACTAAGCTTGGCGTATCGCTACGCGGTGCTTGGCGAAAGCCGTCTCATTGTTTACGCTTGCGGATATTAACGGGTGGTGGAACCTATGTCACGACTTGGCATACCCCATGTTCTCCAGGAGAGACTCTAAAGTCAATATTGTCACCGTCTCAACAGACACAAAATCCGAGGATCCAATAGCATACATGGTTATGATTTCTATGTGAGGTCAGCTAACCCTAAGGGATGGGAATTATATCCAAATCTACGGATGCATAGTTAGACGTAAAATTTAGTATATACATCAGAATGCAAATATGAACGTCAGAATAGTATATAAAGTTTGTAATGACGCCGGAAATAACTAATTTCAAAACGCGGACCTGGGGCTACAGTGGTATTGGGAAAGAAGCGCTCGTTCTCGCTTTGAACACTATTCTGTGCGCAAGCTAATATGCATTGGAACGCATCCACCCGATTAGGGCAGATCAGTGTGTTAGGCCCTGTGAATGAAGTTTAACCATACATGTAGGTGTTGTTGCGTGCTCCTAGGCAGTTGATTCCTCTGCTGCGACCAAAGTGCAGAACATAAGCCCCTCACGGGTTTTGCGCTGTCCGCAAGGCCATTCTGGCTATGGACCTAGCACCGGCCCGAGAGCATATAGGTCGGGGGTTGGCCCCTGAACATTTATGTCTGTTTCTTACTTAGTCCAGGGGCCGCTTCGGTAATCAGGGTTAGTTCACACGTGACTAGATGCGGTATACGTGCAACACTCCTCGATGTTTAAACTATGTATTCATCACCTCTAGGAAAAAATTGATCAAGTTATGCTAAATCCCAGGGCATGAGCCACCTATCTTCCTGCCTGCTAGGAATGGGGAATACGTTATCCAGCTTAAGCCCGACATCAGAACGTGCCGTCGCATCTTGCCCACACGGAGGTATGCGAGTCGATAAGACGTGTCCTCTCATTAGTCCTTTTCTCGGATCGCCATTACAGGAACGGAAGCTCGACTACTTAGACGGCGTCCATCGTCAACTGGTCATCGTTGGCATATCTTTGGCAGACAGTAGCAACGGCTGAATCAATATTTGACCTTCCCTTAGCTTGTCCAACAGCGTCCCTGGAGCCATATCATAGCCAATTCTCCACCAACAGAAACCCTGTCTATTCACGAGGCCCGGTCTTGTCTATAGCTAAGGGCATGTACTGATTGCGATTGAGCAACTTAATCACTGGTTATAATATTTGCCCTCCCCAAGCGTGCGAACAGTACCCCTTGTATATCAAAGACACTCTTAGGAATAGAGCGCGCAATGTGCGGTTAGTAGCACGGGAACCGTCAAACTGGCAAGCTCGTACACCAATAGGTTTACAATAAAGCGTTATGTGACTGACCCGGTCAAACATCCACGTAGCTCCACGTGCGTTAAGGAGTATGTTTTAAACATGAGAGTGTATCCTAACTATCGCAGGCGTCCTACTGCCAATTTGTCCTAGCCCGAACCGATGTCAAGTGCCTGCAATACGGGCCCGCTCGCCCCCGGGATGCGATGCGACGGGGGCGGGAAGGGTCACTGGTGTACAAAAACTAATCCACAAGAGACATCATTTGGATGGAACGCAGGAAGGCGGGTGGACTTCCAGAATTGAGTTACACCACGTTTCAACTGAATGAAAACGCACGGCACCCCCTATTAGGGGGCGGTAAGCGAAGTGGAGGAATACACTGCTCGCCTAACCTGGATCTTTCCATCATTCCCCCAATAGCCAACGGGCTTGCTTATTGT,1803,48.42,Homo sapiens
SEQ_372200,ACGCGGGACAGTAACGCTATCTGTAAAATCTACTTTGGGCTTAGGTGAAATACAATCTGACCTGAAACATGCTTGTCACACTGGGAGCAAGAAATTGCTGATTCAAACACGTTTCATAATTAGATAATAGGAAGTCCAAGGGAGTTCTGTAGCTTACGAGACCCCTTACTTATCACGGTAGTTGGACCCTGGTTTTTGGTGGCCCCACAGACCGCGCATGTCTGGACGTAGGATAGGTTTAGTTAGTTATGTTGAGACTGGCGCGGAGATGTCTGCTCTCTGAAGTTTCGATTGGGAGCTCCGCGAACTTCCGGGCCTACGTAACCAGTGTCACAACAATAAATCATTCGAGCTTCCGTATGAGTCACTTGACTTTCACCAGCTGTGTGTCGATCAGACATAGAGATTAGAGAGCCGGTAGACACGAGACATGATCCACGGCGTAACCGGATAATCTCGTGTTTGCCATTATTGATCTCGGGCAGATCGAGATACCCGACCACACTGGCCAAGGGTGGCGCCGTCATTGTATAGACTAAGCGACAACATGTAAATGTAGGTCATACGAGGACCTGTGACTGGTCCCGCATGTGTCTCATCCATCCGACAGGATGACTAGTACAAGTGAACGCTATCCTTTTAATAGTCATAGATTGACTAGACGATAACGATGACGTCGATACGTCACGAACCGATTTATGGTCAGGCACAGGAAAATGGCGCGGAGACGAAGCCATTAGCACTGGGCGAATGGATGTCTGCTTCATGGTACTGATGATCCGGTCCGCATCGCAAATAGTAATACTGGGATAGATGTTCCTTTAGGACGAACCCCGCCACGTTTATGTGACAGGCGGCTTCTGTCCCCATCCTGCTAACCAATTCTCTGACGTAGGGAGGGCAACGAATTCAGCCGAGAGCGGGACGGCTGGGCTGAGTCTCTCGCTCAAACTCGAAGAAAAAACTCAGGCTTGTCAACGACGAGCCTGTACTCAGGTTGGACCCGGATTTTATCGAAACGCCGCCAAGAACACTATGCACATTAGTCACCTACCTGGAGAGTCGGGTCTTGAATGACTCTGCCAAGTCCACATGTGCTCCTCCTTCCCTTGTCATCTAGAGCAAATCCGGACCCGCACTTCGTTTAACTTCCAATTTCGACAAGTTCCCACTCTTGCCATGATGGGTGGAGGGCAAGGGGCTTGCTTGAAGTAATCGCCAGTCTTAACCTGATTGCCGTGGCTGTATCTGGGCATCAACGGGGTCTTATAAAAGGGCGTGGCCACCCAGTACTTAAATCCAGTTCCCCGTTGACCTTTCAGTGGAGCTTAAGAGAAGGTATCTAGTCACAAGAGTGATTCTTGCGGCCTCTGCACCCGTTCGCCGCATAACGCGGTATTATATATGAGCACTCATACAATCACTCAATTCATTCCCATATCTT,1444,49.17,Caenorhabditis elegans
SEQ_756725,TATGGTGTCCTGTGTCTGTTGAGTCCTACAGCCAAGACCAATGCGCCTACCGGGGCTGCGGGAGAAAGCCATTTTCATTTAAGACGGGGTAGCTGAGGTAGAATGAAATACAGACCGACCATGCCGGGCACCAGGAATTGAAAATAACTTTTTTTCAGGCCATGGGCACGCGTTGCTAGTGTTCCCATTTTATCGATAGAGGAGAATAGCGCGAGCTCGTAATAGTTGGCTTGTTGCTAAAGGCCCCTGTTACAGGCACAGGCGGCAACCAGTGTTAAAACACCAG,286,50.0,Drosophila melanogaster
SEQ_962869,TTCACTTGTAAATCGCACTAGTTGGGCATCGGCCAATAGACTGATAATAACATACGATGCTTCGAGTTACTAGCCAGTAGTCAAAATGCGCGAACTGGACGCTATTAGTTACCGACACTGAAATTTCCCCACCGAATGAACTTGGAAAACATGTATCAGGTAACGGTAAGAGGTGGATTCTCAATCCGGCGCGCGTGCGTGTTTTCGCCTGGCGTGTCGTCTGTTCACCGAATTATGAGTCGGGACAGTAAAGTTCACTCTAAAACTTAAGCTACCACCTCCTGAGAGCTCGTATCTTCGTTGGCAATCCCGTCTAAACACTATCAGTTCACTGAATAGTTTCGAGCAATATGTCATGTAAGCCGCTGCAGTCAGGCTTAGACAGCAACAGTCCCACAGATCTGTGAGGTGTCCGGAATGCATATCCCAGCCCTTCGCGGTACGCTCAGGGTAGTTGTCCTTGGACCTGAGCTAATAGGCCCGCGCTCATGTCATGCTTCGCCACGGGTGATGCGTACCTCTGGTACTGGCCCAAGTTATTACAATTCCATGCTCCCACAGACCGACTTAGGGGCCAGGGACATAGGGCAGGCAAACCTCTTGTAGTCATAGTCTTAAAACGGCGGCCATGACGTTAGGAGGTGTTCACTTTGGGGTCCGCGATCTATCCTCCCAAAACCCCTAAAGAGCAAGATAAAGTAGTCGATCCGTGACCATAGGTCTACTTAAGCTCTATCGCGAAGGCCAATTTGGGTCCGTAGGAATTAATACCTGAACCGGGGAGGCTGCGTAGCTCTGAGGCGATTGGGACTTCCACTTTCTAGGAGCCTAAAAAAAGGTATAACAATACCCTCTTACTTTTTCTTTACTGCTTGGTATAGCGAGCAGGTTTAAGCGAGATTCGCCCCTTAGCCCCGGATGTCGGGTCTTTTTGGGGGTCCCCTTCTACCTGTATAAGAGCACAGTCACACGACGAGTTGGCTTTAGAATTATACAATGCGGATACCGGACAAATGTCAACTGTTAACGCATGTCAGCACTGTTACCAATGTACGTCGAAGTGAGGTTCGTGCAAGTGAAAGTACCCAGCATCTATTGGCCGGGTTTTCTCTCGTGTGAAGTACGCCGTCCCCGCGGCTGCTTCACATACAGGCATTTCTCGGACTGGGCATGAGAGTGGTCTAAGCAAGCAGGTGCTACCCGCCTCCCGCATACGAGGTGGGGTGGAGTCGAATGCGCGCGAGGTGCGTACGTAACCGAATTCCGGGTTGGCATAGAGTTGGCGAAGAAGATGCTTCGAGAAGTTCCAGTTTCGGCTATATTGCCGTTCAATGAGCACGAGAACCGTCCACACATTCAGCATATTTCCTCTCATTGTGTCATACCCACAGCACTTTCTTCCTAGGAAGGTTGAGTACGGGTGAGATGAGAACACCGTGATTCTGCGTGCTGGAATTTGATACACGGCACTGCTTGTAGCGGCTCCCTGAAGTGGGACCCAGTGACGGCTTACCTTGGGCTACGGCTTTCGAAACATCGGTAACTTGAGCTTTTAGCTCTACGTAGTTAGTCTCAGGGCGCCGTATGTGCTGGATTTACTACGGAAAATGATTTATTTATGTTTGGCCGGGATTATTCCTAGACATAGAACAGATTGTTGGAAGTTAGAAGACATCTTGAGTAGTAGATCTGCGTCAATTAGTTGCCAAACGTAGTATGGCCCCGGCTGTCCTAGGCAGAGCGGGACACGCATAAAGTAACTGCGGTGAGTTCCTGTCTAGCCTGCTTTCGTGGGCCAAAGACCTCAGCCCGGAGCTTTGAGCATCT,1827,49.92,Homo sapiens
SEQ_675253,AACTACCGGACCACCAGGGGAAGGCCGAGCCATGCCCGAAAATAGCACGCAGCATAAGGTGATGCAGCTCAGGTCAAAACGTCATGTGAAGTTTTTGGACTACAGCCGCAGAGCCTTTTTGGTTGTGTCTGATGTAATAAGTGGAGAAAACGAAGCATCAACAGATTGTCATAAGGAACACTCATATTTGAGGTGGGCCGTAAAATTGTGACGTTATATTGTAGAACGCGGTTGTCGGGCCATTTACGACTAGTCTGACCTATAATCGCCGTCACTGTGTTACGCCCGTAAAAAGCCGTCAGCAGTCAGGTGGGTCACGATGATCAGTTCGCGGGATAAGATTGTTGATAAGATATTTCATGTCATTGGTCATCACCACCTCCGGCTATGCTCCTCCCTACTGAGCAGGGACCAGTTGTCTGCGGTTGGCGCACATATCACGGATTTCGCGGCTGCTCACGGCATCGGCCCCCGCGTGCGAACATGTACTCCGTGGGACTGCGATCAATCAGCCTGTGCAGTATTGTTGCAACTTGCTCCTGGGTTTTCTCTGAGCTCACTAAAGTTTATGGTTCTAGTAGTTTCATCTACAGCCATCACTGTTTCGTTGATATAGAGTTACCGAGGTGGCATAACCCGAGCTACTAATTCCCGCTAGCGAGCTCATGAAGAGAGAAGGTTGCGCTACTACCAACCACACTCTGCTAGTACTTTGCGCGCATTAACTTACGCCCCTTGCTGGCATGCATCCTCCGTTGAATGTTCTACGCAATTCGCCGGGCATAAGACCTTACATCCGTAACCGACTTCTGAACGCTATCGAATTATTCGTCCTAAGACCGGTCACTGATGCGACGTGGCTAACCGTTGACGAGGCGACCCAGTCTAGGTCATCACGTCAAGGGACGGGC,911,50.38,Arabidopsis thaliana
SEQ_555423,CTTTAAAGCTGTCCTATATAATATGTTAGACCAGGTGGCAATTTGCCTGAGAGGGTTTTGGCCATTTATGCAATAGGGGTGAGAAGCTATGCAAAGAATGGGTGAGCAGCTGTTACGCGACTACGCAACGCGGTTAAACGGAAAACCCATCATAGGTCAGGACTTATTCCACTGGACTCGCTTGAGCCCCAATCGATACGTAATGCCAAGAATTTTCCAAATGACAATAAACCGAGAGGAATTAAGGCTACGTATTCTTCAGATGGGTGGGTTCCTCTGTAACTCAGTTGCAGTGTACAGGCGGGCCTTTACCTTCAGAACCCAGTCAATACCAACTTACTGATAATATCCCAGAGCACCGCCACGATTACATAACCATAGTTCTCGCTTGCTTATTAGACGCGCGTTATCGCATTGCCCGCAATTCAAACCAAAACCGCTCTCCCCCCCGTTTTTTCAATCTGCGCGCGTGTTGACCTAAGCATGAATCAAACAATATGCGGGGCGTGGCACAACGAAATATGGTTGTATTTGTCGTGTTATCACATCT,550,46.0,Saccharomyces cerevisiae
SEQ_892350,TTTATGAAGATCTGAGAGTCTTCCAAACCGCTAAGGCATGGTAATAGTGCACCTATAAACAGATGCGAATGCCACTCGGACTGGTGGCTATCTTGGGATACTTTTCACTACGTTAACATTCTTCGCGGCAAGGCCTCCGACGTAGGAGAGTGGGGATTTACTTCGGTGTAAGCTCGGTTTCGCAAAGGATCTTGTTGCCAGCTAGACCGAGATTGACTATAGCTGTCTGAATTACTAAGGGTCCCTCTTCCGATACTTGAGTTACGTCCGGGTTGGGGTTCCACGCGGGTCATTGGGATCGCGGGTATATGTTCCTTATTGCCTTTTCATAGCTGATTGCCTATAAGGACAAATATCTGGTCATCGCTTCGTGAGCTCGATAAACTTTTTCCACTCAAGCATCCTAAAGTGCCATATGCCATCTCCTTTAGTCCTGGTGACTCGTGAGTTTGTGAAATACACACTGTGGCAAGAGCCTTTAGCTACGGGAGAATTTTTCTGCGCTCGTTAATCGATCCGTGAAGCAGACTGGGTGCCCAGACTGATGAGAGACGATCGGTGTTCCGCCACTTATCATGCCATACGGGTCACTCTTATGCCTGTCGACAGCAGCCAATCCCTCATGGCATGTCGAACAGGCTCTCGTCTACGCCGGCATTGCGGCAGAGTTTCACTCTGTCCAGATCTGAGTTCAAAGGTTGCTCTACTGCAAAGTCTGCTTTCCGGACCACCAGGCCTGGCCTCATAAAGTAAGACTATCTCGTTGAATGAGCCAGACTCTGGCGTTGCGCAAAGAAACAAGAGGAGTTGATATCCCTCGGGGGGAATATGCTTAAACTTTGCCACCTCTGATCTCGAGTGGCTGTTGACCTTTTCAATACGCCATGGGGCAGGTCGGGATAGGCACCGGGTTCTCTATTATAGTAATGGGCTACCGCCCTCGTGGGCGCTACGAAAATCTAGTCTGCACGGCTGCCCATACAATCTATAGATCGTCGTTGACCGCCATACCAATACTCCCTTACCCTTAGTTCCTGGCCTCCGGAGGCGCAGCGTCCCACAAGTGAATCCTCCCAATTCCGGGTAATATTGCGGCAGAGACATACGAGTAGGTCAAAAGTGGATTTTTATATACTTCTATTCCAGACAGCGCACAAATTCTGCCATGTCTTCCGAAGCCACGTCGATCCCGCC,1194,49.92,Caenorhabditis elegans
SEQ_851911,GTCTGTTACGAGTAGATGCGGACCATATATCAAAGATGGAGCAATTATAATGCCTAGAACTGAGTCACATATGCGTTCGCCGGTAGGCTGAGCCTGTATCGTCGCACGCGTGATCGTAAATGAGTTCCATCTGCTAATAAAAGGGGCGCTAACTCACTGAAGAGCGACAGGAGTCGGACCATAAGTGGAGCGAATGTATGGACCTGTCCTACTCCAACGAAACGTTTTGCACCAGTGTAAAGGCAAGATCATATACAGTACGAACCCTACGCGATATCTCGAGCCGGGAATTACAGAGAGACGCGATCCAGACAGTTGATACCCGCAAATAGCTAGCGGCTGTAGCTAAACGGTAACTCAATCTAGAAATTGCCACGAGCTCAATGGTAAAGGCTGCCCGGACCTGGTAGAATGTGAACAGACTTGTGACCGCGTGTTTACTGCCGCCGCCGGTGTGAGGAACGCGCAAGGATAAGGGGGAGAACCGCCGGAGGGACAATACTTTTGAAAACTGAAAGAAGTATCGTAAGACTGACGAGCGGGACCCACGGAAAGGAACGGAGATTCTAAACAGGGCGTAATTGCGACGGACTCCACCATTAATAATACACGCAACCCTGTGTCAGGGTTTCCGGTGACCTTCCGGCTGAATACTCCTTGATAGGCCTAACCGCACTGTACAACACACCGGGAGACTAGCCACTACGTCCCGTCGCGGGGCTATGTGCCCGTACACAGGCTACCCTAAGCATTGCACACTGCTGGTAATTAGATTTCTCCAGAAACGATGCTATAGATTCAAAGAATGTCGTGGTACGCGGCTGGCGTGTAAGGTATATATGAATCTTGTTGCGGGCACCAACGATCGCGCAAGCAAGGTATGACGCTCCTAGTCAATATGTTTTGATTTCCTGATAGCTAAAGGCCGTTCATAATATAGAAGAGGCATCTGTTGCGTCCGAGGGGGCTGAACTCCGATACTGGCCAACACAGGGTAGGAATACGGCTCTCAACTGTCAGTGTTATCAAAGCCCTGTTATAATATCGTTTCATGAACTGAAAATCGGTTCATCAGTGACACTGCCTACCGCCAGTCATCCACGTGGCGAATCAAGTCGAACTAAAGACTTACTCGACAGCTGCCGTATTTTCTGTAAGGCCGCAGGAGAAGATGAGACCCGTGGCAGTCGACATACGACTGACCTTTGGGGAACCTGGTGCAATTAGTTATTGTAAGTTTCACACACATCTCTATACAGGAAGCTATGGCCTTCACTCTTGCTTGTGGCGCATACCTCAAGCTGTCTTACTAAGGTTGCTAAGTAATCCTGTTTTACTATCCGAACTGGTATAGATGTGTCGGCGTCGACTCTCTTCAGTTGCTTGCTAGGGCAAATTTC,1400,49.0,Caenorhabditis elegans
SEQ_384639,CAGTTCGAATCACGGCCCTCTGTCCAGCTGTCATAGTGCTCGAGGTTTGGATCAGCATTTCGGCAGATGCATCCCCGGATTCAGGCACCGGATTTAGATAGCTCTACTGACTTGAGCACCGTCAGAGGGGGAGCGGACTATTGCTGACCATCCCCCCCATTGAGGCAAGAGCATCGTGTGTCTCGGCCAGTCCCGGAGCAGAATTACTATTTCCCGCTCGATAGTAATGGCTTGTGGGTGAAGGCGATTCACGAATTAGTTTTTCCAACAGGCATACACATTGCGGTCGATACTAGCACGTTATTATGGAACATCGATGCCTTCACACTGCCTGTTTTCGAGAACCCATCATATTAACATAGTACATCTCACAGGTCCAAGTGGACATCGAATCCATCTGCCCAATAGAAAGTCTCCGAAAATGTGACTACGCGCACAGTCAGATGCGGAGAACGTGCGCTCAGTGTAATCCCTGAGGCCAGGTAATCTGCCGCTTCAGATTGGTTTCCGCACGGTACAAGGACTTTCCTAGGCCAAAGTCACTATGCCCACCGGATGTCCGGCTATCTTCAGAAACTTAAAGCGGAGGGACTAGTAGAGCCGAGGATGCCGAAACGGAACAGCGGAGGCTCCGCATGGGCTGGGATTGGCGCAATGTACTCGATGTCAACCTTCGTGATTCCCATGACCGAACGGTAAGGCCGAGTACGTAAATTGGTATTGAATGGTGAGTAGCCTGATCGGTTCAGAGGAGATTTGGCGTAAGCTTGATCCACATGGATATACAACAAGCTCGTTATGGCGGAGTCTAGAAGACGTGGTGACAGTCGCCTTTTTTTGGCTGGGACCTGCGGTTTTCCAACACGATATGCAGTTCGAACATTAATATCGCACCTAGCTTCTCTTGAGTTCTGACGTATCTGAAATGG,929,50.48,Homo sapiens
SEQ_126585,CGGCGAAGAGGTGGTCGAAAGATCCTGCGGACTGAAAATGCGTATCAACTAATCCTCCCTGATGGCATTTAGCTTTTCAGTAATTTTAGCAGTGGGGCTGACCAGCAAGGTCTGACCGCACCGCGCTGCAGCTGGGCGTACGCTCATCCAAGATAAAATATCTCCAATTAATCCACAGAGACCTACCGGATCAGATGCTATCAATTATTTAGTCACCATACTTTTGCCACAGGTTTCGAACAAAAGCTAGCCTTTAAGAAACCGTTAGCGTGAATGGCCAAGGATATACCATGATCGATGGCCAGGGGTATATTTCGTCTGGGAATGGTCAAAACATGTGGTAGCCAGTTAGTAGGGACGTCGTAAGCTGTTCAGAAAACCCTCCGCATCAGTGCGGTTTATCGCATCCCCCCGTCCATTACTAGGACCAGCAGCCAATCGGGGTGAATTCTTTCCTCTGAAGTACCGTAGGGCTTCCAGTGCCCGCCGGCAAATTATGGACGGAAGACTTTTATCCTGCATGCCTTAGTGAACCTATGCCGGTTGGTAGGTTGGCAGCTTATTGCAGTAGGGTTAACGACTGTGAGCGCCCAGTGTGAGCCGCACACACCG,612,50.0,Caenorhabditis elegans
SEQ_863431,AATAGAACATTTCCATAACTTCTGACCGACTAGCGCGTCTAAACAAAGAGGGCCAACTGCTACCATTAACGTACCCAGGGGATCCTTCGCATTTACTCTGTAGAGAGGGGACGCAAAAGACACTACGCTTGTATTACGCGAAGTCGGTATTGAACTTACACTTACTACGTACACTAGAATCTGTTTTTGAAAACATCATCTCGATACCCAGGTAAATACGATCAGACCATTATGTCCACTCGGGAAATGCGATGACAGATAGGCCGTTCGACTAAAAGGTCATTTTCGGGAGACTGCGACGATTGTCTCCTTCAGAACCCC,321,45.17,Drosophila melanogaster
SEQ_483306,CTGTATTTAGCCGCAGAGTAGGCGGTTCATGGGAGTCGAAACATTTGGTACCATGCGTAAGCGGATCCGCAGCCGAATCGAATGCCATTGGGTGTCCCACGTAGAATCTTTTCCTAGTCTCATAAAAGAGCGTTAGCCTATGACGTTATGTTCGTAGAGTTATTCGAAGTGCGAACCTAAGGCTTCTAAACGAACCGCACTAGTTTCTATTCTCGCCGACTCTTGATGCGCAAGAACCAAACACCAGGCCTGCATTTCGGAGGTGATGAAAGGTGGAATTGACTGTAGACAGCTAAAATAAGCGGACGGGATATCATCAAAAGGCTCCGTGTGATGTTGGCTAAAGCTGCACGATATCCAACTGTTATGGTAAAGGCGCGGGGGTACTGTCGAATCAGCCCCAGCCTTCATGTACCAGCACAATTGGGTATTCTCG,436,48.39,Homo sapiens
SEQ_341849,CTCTCGAAGTTGGGGGTCGTAATCTACTTCATATGAGAATTAGGCTGAGTTCCGATAACGGCCATAACGAGCCGGGCGCTGTCGCCATCCGAGCCGATGCTGCCCTCTAGTCAGTTAAGCTAGAGGACGGACCTCATTTGAGAAGAGCTGAATAGACCTGCCAATTTAGCCTCTGTAGCTCTGCAGAGCGAGCTCTCCACGGTGTCGGTTCGGAGATGTATGAGGATACACCAGTAGAGGACTTAGCAGGCCTATAACTCTGCACACTTATACCCCTACAATAGCCCTCCCTATTATGCCACGGAGTCTTCGGGTTGTACAGATCGCTAGAATCTCTAACTAGCCCCCTACAAGTGTTACCAGGTTGACAGTTGTCTGGCTGCCACGGTGGTGCTGGAGGCCGGGGAGTTTGCCAGTAATTTTCCGGCCCACCCGGCACGGGCTGCCAGCGATCTAGCGCCTGTCTCCTACTATACCTAGAGTGGGCAAGTGAGCCTAGTGGGAATAGATCGCCGCCAGAATCAGATGGGCACAATCGGAATATGGGACTTACAAAGCACATTACGGTTCCACTCCCGGTTTAAGCCGTAAGTTAGTCCTCTGAGAAGTATGCTTAATCTAAAAAAGTGAAGTGGCCTGCAGCTAAGCCTGACATATTAGAATATGAATCAGCACGAGTTAAATTCAAATCATTTCACTTTTGTACGACGCTCGGTCCAAGGTTTGCCCACCCCAGAATATCTCGGCTTTGGGCTGCTTGCCGCGAACAAACCAAGACGTTGGTTCACTTAATGATGCTGGTTAGATCAGACCAACTGAAGTCAGTTGATTTTGCGGTCTACGTTTGTAGAATACCGACTCTGTTTTGCATCGACTTGCCGTTCAAGTGGCGGAATAAGAACGTAACAGCGTTCGAGAGATAGAGCAGG,929,50.05,Caenorhabditis elegans
SEQ_955055,CCGACTACTTAGGGTGCCGCTAGCCCGCACGGGTCTGCCACGTTCAAATGCGCAATATTCACCCTTTCACCACATATAAGCTGATGCTTGTATAATGGCATGACACAGTTCAACTATTTTGTCCATATCCAGAATGCCTAGGAACAGCATACGCGGGTATTTATAGGAGTTGGGAACCCACGCCCTTTGAGCACTACTTTCTCTACGAAGGTTTGAATAGGTTTTCCTTCCCTCCTCGCTCGTGCGTACAACCTCTTCTGCTTAGTTGGAATCACGAGGAACGGTTACTTGCCTACCCGCTCCTCCCTGTTATCGCTCGGCAAGAATTGACGCAAACCCTTCAATAGCATGCCAGAGCTTCTGACTAATCAATGAATTGTGCGTACTAGATCGATAAACCACATATATGTGACGATATGAGCATCTCTTGATAGTTAAAACCACACAAGGAGCCTATCAAACAATAAACGCTCTTGATTATCTTCCGGGACAGTGTGGCTGTGGAATCACCGCGTGGGAAAAGGAAGAAGGTTTTCAGTGCTTAGCCAGGAACATTTTCACGACTAGTGTCAGTCCCGCATCCAGGCTCCCCCACAGCGGACTATTGAACCGAGCTGCTCGCACTCCAGCATACTCCTCCCCACTTCGTTCACCCAATGTTATTGAAGGAAGGGTAGTACTCCTCAAACTATATATGGTCTACGATTCGAGCACCTAAGTTGCTTTATTTCCAGCAGAGGGAAAATTGAGAGAGATCTGGGGCAATCCCTGAGAAATTGCATAGATAGGCCTGTCATGGTCGCTGTGCACTACGAATTGGTAAAGATGGCTTGCGGTTCGAATCCCTACACAAGATACCCGAAAACCTGGCGAGCAGAGGTCGCCAAAACCAATATTGGTGTCTAGTCTACGACGAACCATGTCACGGACCGGTCACTCTACCTCGCACAATAGTTTCGTTACTTCAACCCAGATTAGTTCCCAGCCCTATCAATGTGCGTCGATACTCAACACTACACGAACCTGTGGGGGGTGCCGGGCTTCTAAACTTAATGTCTGACCCTAACTGAAGAGTTGAAAGACCGGTAGACCTAGAGTTAGCCAAAATTAATAAACGCAGAACGCAGATAAGAAGAATGAAATTTGCCGACCCCCGGTCGCTGACCGGTGGCCCTCTTCGTCACTCGTGTGGTCACATCGTAGCTTCTTAATCAATGAATGACTGCGCAGCTGATACTAAATGTATTACGGGTGCGATAGGCTACGCTGGGACCCGTCGTACATTTGTGTTTAAAACCAGATTGCACCGAGCGGCTACTTACTTATGATTCTCGGATACTGTAAGTGATTACGCCCCGGCCTTTTAAAGGGAGGGTGTTCCGAGCGTCAGACCAGCATCGGGAGGAAGGACCGTGGCAATGGAAGTTAGAGTCTTCACTACTGGGTCCTTCCCTTTCTTTTACATACCTCCTTGCGTTTCGTTTTTTTACCAGAACGTCACTCGGATTGAGGCTGATTACTAGGGGAGAATGTAATTGTGTGTAAACGCAACTAGGCAAGCTCGCGGCTCAAAAATTCGCTATCTCTGTGTTACCCGCTCTCAGATTGCTTATATGGCAAGCACCCCGTTATGTAGACGTATCACAGCACAGTTAACTAGCCAGCGTTACTGCCTGGTTTGCGTGACCTAGAACAAAATCCAAGAAAGTCCCTCTCCTCATGGCTAAAATGCTAATTGGGTCGGATCGTATGTACCCCAGCAAGCTAATAACGT,1774,47.86,Mus musculus
SEQ_150019,GGACTTTATGATGCCCATTGCGGTGAGTTACCCTGTCATCTCCGGTAAGACCAGCATTGAAGCTACAGTCAAATTGCCACGATTGAGCGGGGGGTATGGCAACCTATGTTGATCTCTTAAAAAAGGTCCACAGTCTCTGTGCGCGACGCACTAGTGAGGTGCTTCTGGGCGCAAGTGGACGCCTCGACCTCGCCGGATTAGATGACCCCAACCAGCCAGCGAAACCAAGAGACGCCCACGTAGACGGAATTCAGAGACTTGGACACAGGGCTCTGCAGAACTACTTCTGCTATCCGCTACAGTCTTGTCTACGCGTCCAATTGGCAACAAGAAAAGCTGGAGGGTTATAACAGACTGAGACAGAGGTTTCACACGAATCTAGGCTGGATTATCTTTCGTCCCGCTTAACCTATCATTTTAACACTGGGCATTAGGAAGAGGCGCAAAAGTGTAGGCCCAGTTGTCGGCGGCACTCCCAGCGGCAGATGCTCTGCGAGTCTTGGGTAGCTTTAAAATATCCCATAATGTGGTACGACCCCAAAAAACTTAGGGCCGTGACGGCGCGTAATGACCCGGGACGAAACCATTTCTGATTCAGATACAGCACAAGGGATGGTAACCGGCTCGAGTCACCATGGCAGGGCGTTGAGACGATACCGACAGATGACTTTAACCAGCTAGTCTAGAGGCTACGTTTAAGCAGGTTTATAAGGATCCTCGACCGCCTGCCTAGGCTCTGCTCTCTGGGCCAGAACGTCTCTGTGCATATTTAGAGCCTTGGCGTAGATAATCCGGCAAATTCTAATAGTGGTCATATCCGGAGTTAGATAAG,832,50.96,Arabidopsis thaliana
SEQ_371596,GTATCGCGGGCATAGTGCCACCCAAATATTCTGAACTAAGGTTTCGAAGGCGTCATCTAGAGGTTGTAATGGGTTTCCCCCAAAATGGGTGAAAAATAGTTTGCTGGACGCGCATTTTAGGTGTTGTTACTGAGGATTTCTTCACAGATCCCGTTTACTCCGGACTCCGCACGGCGGAATCTACATGTCCAATGTACTATCTGTCTTGGAATAGCACGGTATTCAACACGAACTCGTATGGAGTACGCACTTCCCCGCAACGTACCTACGCTATCCAAACCCGAAGAAGTACGTATTCAGTCTGATCTATGCGGGTGGTCGGCGGTAGTTACGTTCCCGTAAGTGTCCCTCTACGTAGAGGGAGAGAGGGGTCGGTACTCATCCCAATGGTCCGTGGGTCCCTGATGACCCTATCCCAACTGCATTGAACACAGAATTATTCACGGAATAGGTTTGATGAGGGCGCCTTTTTGTACTGTAATAAATGCTTGGTCCGCCAAATAGGCGCCATTATGCATCTTCTTGGGGGTTTTAGGTTACTGTGCACACCCTTCAATATTATGCAGGCCACTATGGCTGGTTGACACAGAATCGGCGAAAGTGACCGGTAGTAAACTGTAAACTGGACGGTTGCCTCGCAGTCACGTGAGACGAGGGCACCGATGCAGGTGTATAGGATTGGGTATATCCCCGTGGTTGAACCATGGACAATTGACCGCAATAGCCTAGAGTATGTTTGACCGACTGCAGGCCGACCAGTAAGAGCAGACTCCATTAGGCATTAGCACCACTTGTCTACCCCGCTTTGTGTGCAAGAATATACTATTCACTCAACGGCGATGCCCGGCTTTCCGCCCAACGCAGGGGAGACAGACCAATCGACTACTTCGTAGCATGGGACCTGAGGGTTCTGTCGGCCCACAGATCGGCTATCCTATGGACTCGAGTACTTCACCTCCCAAGAGAGTACACACCCTTTCTTAACTTTAACTTACCTCGCGTAGTATAGAACTAGTCCAAACCCAAGCGTCCCCACAGCCATAGTTTCAGGTAATTTGCATGCTACATATACCTCGGCCATGACTGATATGACACCAACAGCGGTTGATTCTCTCGACTACCTGTCTGAGTTCTAAGACTACGAGCTGTACAGAACTCAAGCGAGCGACCTATGACCGTTTCTTGCACAGTCCGATGGGTCTAAGAGGCGTTTCCGCGCAGTACATGAAGACTGTGGGATTGGCCCTACTGTAACTAGTCCTCTTCGTAAGAGCTCTCGGCAGAAGAGGGCCCCTCTTATGGCACTATGCGTGAATAAGAAGGTACGGTCGCTCGACGGGATGGAGTCCCATCCTTGCTGCGCGCTGTGCTCCCTCATCCAAAACCCCGAAACCCGCTTGGCGGCGGTATCTTTTACCGTGACGCACGAAGTCGATCTCACCTTAACAGTATAATTCGGATAGTGAGCCAAATCTGTTATTGTGGCCGCGATGTCTTTCGTCGGTAAATATGGGGAGAAGGCAATAGCATATATTGCTCAATGTAGGATATAAGTTGGTCGATAGCAGGGGGCGAGTTCGGTCTGCGTGCTCACTGTTC,1599,50.22,Caenorhabditis elegans
SEQ_421942,TAAGCGGACTTTATCGAAGTCGGCGGCGGAAGCATGATGTTCCGCAGTGGGTTATTCTACGCACCTCATGCTCCCTAGAGAGGAACTGCCCTTTAGGCTTCCGTCCTTGCCACCCTAGAGACCGGCTTGAGTATTCTCTACATGCGGTTCGGGGCAATCAAGGGTCGTTGACCCCCGTGTCTACGTCGATCACGGAACCCGGATTCAGGACAGTCACGAGGAACCGCAAGGTTGAATAGCCCGGGCCAGGTTCCTGTAGACTTCATGCCTGATATATCCGTGCGGTACAGGACGTGCACAAACACCCTTCGGCGCATATCGTGTGTAGGTACTCCCAACAGGTTCTCTTCTGATTACAGATTGTATGTATCACGCTGTCGGATCGGTCTGATGACTTGGTGAATAATATGTGGTGGGAATGATGAAGATCGTTATTTCTAGATAACCATACAGACTACTATTAAATCAACAGTCAGAACTTTTTGATAACCTCCAAAATTAGTACAGTAAACCCAAACTTGGGTTTAGCCGATGTACAGACGATGACTAATCATCTTATGGTAAAGAACGTTTCGGTGATTATTGTACTCAAGTCACATCACTCATTAGATAGATCGGCAATTAATCTGTGGGGGCGGAG,640,47.5,Caenorhabditis elegans
SEQ_971673,TGCTATGGCACGAAGGTGGAACCGATTGCGGCCCGAAGAGCGCCGTTCCAACAATTAAAATAAGAGCATTCGGTATAACCCGAACGATCTCTCATTCTTCCAGGGCTTCTAAAATTGTCATTCACCTGGTGATTAACACCGTAACACGTTCTTGGGATTCATCGACAATCACCCAAGTTGCGATGCTTTCTGACCCCGTTTTTCAAGTGTTCGTAGCAATATCTGTTCTGAGGGGGCCGTAAACGGACTCGGCAAAGGAGGGGAAATTGTTACGGACGGTCTAATAGGGCTTAATCGAGGATCAGATAGATGACTTGCTTAATTTAGCCCCGAGTTTGCCCTTAGGGGACGCGTTGACGCCCCTTCACCTGAGGCTTACATCACTTCTTACACACGGCTGCGAAGAGGAATTCGGAGGTGGCAGGGGTGGGTTTTGAAAACTATAGTTCTAACTACGGACCAGAGGTGCACGCTATACGGGAGGTT,486,49.18,Mus musculus
SEQ_962403,CGTCGCAGTACAGCGAGTCCCTCGAGTGCCAGGTTCCGAGTATGTGTTTTGATTAGCCTGTTACGCAGTCACCTCGCCAGTCTCTTCATAGGCAGCCCTTAACGTATCACGCGTTCATTGTTTGATTATGAGTCGGAGGGCCCGAACTTGGGCGAGAACGGTTAAAATATCTAAGTCGTTAGAATCGGCATGGCACGCAAACGCGGAACCATTACTAGACTCTCTAAACTGTTCATTTGCTATATGATACCTAGCAATGCCCCGGAGCCATCTTTGTAACAATTTCCGATATAATAGTGAACCTCACCGTACCGGATCACCGGGGGAATTGCATTTATACACAAACTTCTTATGGGAATTTGATGTCGCAGTACAGGCAACTTATGACTTTGCCAATTATCCAGGGACCTCGTGAGGCCGAGAGGTGTTATGAGCATAAGCTCCAACCTTTCTTTGCATATTCGTTATAGGTTGCTTTTTCTTGGAACCCCTTATCTAGGGATCCTAAGTGGGAGAGCCTACAGCCTGGCGTCTGGAGGGCTGTCGTCACACTGGTGCTGCCCAACCGGGGAGATTCCGTTTGAGAGGGCAGCCTGGTCTTTGCACATGTCATTTGTGTTAACTCTCAGGCGCCACTAGTCGTGGTATAGCCCTCCCTGGCAGATAAGGTGGTGTAACAGAAAAACTGGCTTCAAGCGATCAACAGCATTTTCAGGGGTTCTTGCCATAATGACTTCTAGTAGTATGTGCGATGGTTTGCCCCCTTAACTCCCCTAGAGTTCACAAGGGCAAAGCCAGTTGTCATCTGTGCACCGGCTAGCACAGAGCTATCACGTTGCGACACATAAAGTATAATATCTAGACATAGCCCATGGGGGGGTCAGAAATCGGTGCATGAACGGTGCGTATAGTAAGTGAAGGCTGCACATCGTAAACGTGGTTTTTGCTTACCTGTGCTCAAGACTAGGGTAACAAGCCAGCGCTGCCATCTATAGATGGTCCCCCCAACATGACAGGGCCGTTTGCTCAGTTTCCAGTAGTGGTGGTGTCCTTAGTTACGCTCTGAGCGGAAGAGCTCATGACTAAATATTTTACAGGTAGCGGGCTAGTGCGGAATGGAATAACGTTAGTGAGTGTGTCTGGCCTACAATAATCGAGTCGAACCGTCGTGTCAGCGCTTCCAGGCAGAGAAGATGTCTGCTTGAGACGTTTAGCATACCATTACGCCAGAATAGACTGGGTATGAAGACTGCGGCCCGGATCTTGGGGTCGCGGTAACACTATATGATTGTAACCAAAACCACATGGGACATGTCCCGACTCTTCACCTTTTTAATCAAGATCGTTCGGGTTTGGATTGTTGGAGTACTGCTTCCTTGAGCGACTAGTCGCAGGTTGCGCGCGCATAGTGCTTGCGGCGTGTACATTAGGGGAGCCCCAACTATTTTCAACCAGGTTCCCACTAAGAGCCTACACCAAATTGTCCGTTTGTTGAGTCTCCGAAACTCATCACCGCGGCCCTGTCGCACCCAGCCAGATCAAGAGTAATCTACGACCAGAGTCATAGGCCGAGTGGGGAGACTCCAC,1587,49.59,Saccharomyces cerevisiae
SEQ_217744,GAATATTTACACTCTAATAGGATCGACCCGCGACAAGACACATACGATCGACCGGTATGTGTCTGGCACGATCTACGCATCCATACCTGTTTGTGCCTTACCGCGCGCTACGGGACATCTGCTGAGTTGACACTTAGATCGCATGTGCCTTTAACGATGAGGCGTCTTCGCGCTGAGGACTCTATCGCTCGGCAGAAAATAAGCGCTTAGCGCCAAACGACTTGCCAGTACAGAGCAATGCCTGAAGCCGACCAGTCGCACCGCACTTACTAGACGGAGAAGTAACCCTTCGGAACAGAAGGTGGCAGGACCTTGCCAGGGATTGCAATGCACACATCTTGGTAGTTTACTTCCAGCACGACAGGGGTTTCCGTGGTTTCGAGCTCCAGATGGGAGGCCCGCAGCTAAACCGTCTGTGACCAACTTCGTACTGGTACCCGTGGCAACTAAACAGGAACCTATCCCTTCCAGAGCACCAGTAGCAGTAGCGCTAGTGAGCATGTTTGCACTATGCATATACCAACCGTAGATCCTTGTGAGCAAGGCATTTAATGAGAATCCAGTGCAAGCACCGTATCCGGCACACAGCGACGCAGCAAGCCATAGTACTTGACACGTGTCCCGGAGTTCTCTGATATGATCAGCTAAGATCCCTCACAATGCACAATCTCATCTTTTCGGTCATTGCGTCCTCGGCCATGTCGAGATTGACGTACAAAGCCGGTAGTTCTCTGACCACAGTTTGTAAGCGAGAGGGGTCAGAGCCCGGTGCCGTGTCCATTTTATCCTGGGTACCGCTAAAAAAGGCCTCTTTTGTCTAGCCGTGACACAGACTCCCGGCCCATCTCTGTTTTAAGCAATGCAGGTAGCAGACGTATTGGGAAAGTCCCAAATCTATTTCGGCCAAACGGAACGCTCTGATCATGAGATTACAGTGTCTCCGCTCTGTCCCTTCCGGAGTTCCACCAAGAGAGCTGGGTTGGGGTG,987,51.98,Saccharomyces cerevisiae
SEQ_998803,CCCCCGTCAGCTCGGACCTACCCTTCGAAATGCTGTCTAGCTGGTCGCATTAGAAAAGTCTGCCCCGAGCAGAGGCGTTAGTCATATTGTGCCTACTATTCGAGGTGAACATCTTGCTACCTGTTTAACGGGGTTGCCCACGCCTCTCTTAGCAGGACGGGGGGCCGATGGTTTCTTTGATTTGTGCTCGGTGATAACGGATCGAGATTCAATCCTCAGGGTACAGGTTAATCTGACAACCGTTTAAGCCCCGGACGTGTGGGGCGTTGTCATTACAGTCCGTTTCCACACACACGACCCCTGTACACGGGGTCCATCCGTGAACGGTGACCGCTACTTACAGGCCAGCCTAGGGACGAAAGACGCTTGAGTGACCAGAAACATTATTGTCTTTGCACGATAGACTTGAACCGGGTCAACAGGCCACACTGTCAAAAAAGAGCTTGATAAAGTGCACTTATCGCCACCGTAGTAAGCCACGCTACTTTCCCAGGTCTTCTGGGTTACTTCCTGTGATTTGCTCCTGATTAGCGGCTTGCGTCCAGGAAGAGAATAGTCGCGATATCATACTAGGGTATATGCGATTGGGCCTATTAGGTAATGGGTGATTAGGATCCTTGTCGTAGTGAACGGGTGAACTTTACATCTAGACGCGAGCACTGGCAGTCTCATTTTACGTTACCCTGCTTTGGCCGAGAGGCACTAGTGTGCACGAAGCATGTGACACAATGGCAGAAATAGGGCTAATGAGTCACCCCCGTACTGTATCAGGTGCTGGACATTACCCAAAGACTGGGGCTTCGGCTCTCACACGAGTTGTCTTGATGGAACCTAAAGATTGGGCAAAAAGACCGGTAACGGGTAATCAGATGTTAGGCTTACCATGCAAAGCAGTTTCTTGACAAACCCACAGCGGGCTCCTAGGTCTCTTCACTAACATACGAACAGGACCGCCAATATACCTTGGAATCCCCTCTTGTACCAATGCAGATTTTTCTTAGAGCTTAGTTTCTTTGAGTTCTCTCACATCGTGATTTCATAATTGCGAACGATGTTCAATACAGAGATGTTCCGTCGTAGCTTGCCGACATACGTGCTTAAAAAT,1105,49.14,Mus musculus
SEQ_205502,GCACTTGGGCCGCCACCGACACTTAAGAATCTGAACCACCTCTAGGTACCGATTGCATCTTAGTGGACACAGATTGCGTATAATCTCTGCCAGTTTGGGCAGGGATTGCGGACTTGAACCCCAGGTCTACGAGAAACGCTGTTAGATAAATTTTTGACGGTCGTATGATAGACGTCTATAAACAGTACAGGTCCATCGTAGTCGAACCAGAGCTGGAGACCCAGGTCGCCAAGAAGTCTAACGATGCTCGGCTAACTTCGTAGTTAAGCGTATGGGAAATTAAGGCATAGCTATTCGTTCTGACAGGGAGGGTGTGGACAATCCTACTGCTGCCTAATTTTAGACGCGAAGGAGTACTCCTCCTTTTCCGCGGGGGATATCCACGGCCCGACTGTTAAGCGATAAAGAGATACGACGAGCGAAATTCATCCCTCCTCAGACGACAAGCCGCGCGAAAATTCATGTCATAACTAAGCCGGCGTGTCACATACGCCCCGGCTCCTTTTTCGGCCGATAAATAGAGGTGTGGCGTAAAGGACGACGGAAAAGCCATTGACCTGAGTTGGCAATTTTCCCAAAGCCGATAGTACCTCTAGTTACTGGCTACGCTCATAGTTTATTCGATGGGTAAGTCGGTGGCCCCTTGAGCCTCAGCTGGCAAAGACCGAATTTTGCCCCACTGACCGATCTTGATCCTTTTTTCGCGCATAAGAGAGGACCAAATCAGCATTAATCTGAGGCGGTTCGCCCGATGCCTCGTTTGGCTTAGGCAACAAACTCTCTTCTCTTGTGAACAATTAAGACTATTAACCCGATCTTCAAGTGCAATTACGCGTGGGTCGACTCCAAATACAGGAAAGATCGGCTCCTAGCGGCCGCCATAAGGACCCGGCCCGTCTGACACTAAGCGA,911,50.05,Homo sapiens
SEQ_441411,TGGGAGGTCAACGAGCTCACCGGCACGAAACACAAAACGATCCCTCGGCATAGATCTATCATAGTTTTTGTGGTGCTTACCCGTGGTACCACCGCCTCTCGCGTTACAACCACGCAACAAGGCCCAACAATTTGTCAAGCGCAGGACTCCAAGACCTGAAGATGACTGACCGGACTCTGGCAAGAGGAATCAACAAGTAATATGCACAAGCAGGGAATGCTTGAATTGTAAGTGAAGTCAACGCAACCTAATTATCGACAGGTCTACGAAGATAAGAGGTTGCTCGTGGTCGTGCCGGTAGCTCGATGCTACAACTTGAACCCGAAATGGAGGTACGGTAATTAGAGCTTGCGCAGAACGAAAATTACTAAAGTGCGATGGACGTGTATGTCGGACGAGCGCTGACTTAAGGGTAAGGCAGGCATTTCCGGAACACTTAATGGGTAGCCTTGCCTTCGGTAAAAAGATATTTTAGATAGCATTATTAGAATGAGAGCTCGCTCAAGTTAGTTAGCCCACCGCTATTACTCAATCTAAACTCCCACATATACAGGGATCTTTCTAGCCCAATGGCGCAGACACCATGCTAATGCACAGACTACATCACGCCATGATCGCAATGGCGGTGTCTCGTTGTGCTGTTATGGGCCTGCAACGCCACCGCCTGAATAATAACTATGGAGACCTTGATGGACTAAAAAGGGCGACGACCCCACTACTACTTATTGAGAGCTAATACATTCCGCATTACATCCTACCCTTGAGAGTCACTCTGAAAAGGGTCAATCACACTACAGGCCTGTACGCACATACAGATATGTACTTAGCCATCGGACTGGTCCAAACCGTCTCAGGATGATACCCTTGAGGTCCATCACCCTGCGCACAGGCCCCACCAGAGGGCTGGCTTAACGGACTGTTGCCGCTTTTCTCCATAGAGCCCCTCCTTTCGTACCCTATTAATGAGCGCCACGAGCTATCTGGGGTTTATAGGGCCTCGGTGCGGACAACTTTTAAGAGCGTTGCGCACAGAATACGTCCGTCCTGTCCAGATATAGTAGGTCCAATAATGCGCCCTAGATGCCAAAGAGGGTGAGTGGGGGTCTGTATCACGGTCCCTGCGGATAAGCGAAGCGTTATGACCCGCCCATGACCACAGTCCGACTGCCCATACGATTCCGAATAACGAGTGTTCCACGTGTTGAGCGACTTGAGTGCTGAG,1222,50.0,Homo sapiens
SEQ_709564,CAACAGGTGGCCAATCTTACAGGCCCGACAGTGCTCTGTGGAGGATTGACTGACCATTTAACGAGACACCGCATGGTCATTCCGAAGCAAGAAGAGTGTTTGCCACTTGCGTCCGCGGGTCCAACCCATGGAGTCTTGGTTCGAGGATGTCACTCTGCAACGAAGCTAATACTACCTTGAGTCCCGCAAAGCCACCACAACAAGAGCCGACTGATAACTCAACCCCACTTCCAATCGTAGGCGCTTAGGCGTGCGCACAATCATAAACGCTCGTCCCTTGACGAGCCGACGCTAAATAATGCCCCACGCGAATTAAAATCTATCAGAGATGGACTCGGGTTGTGTTGAGGCTTAACGGAGATATTCATTTCCCCTCAATAGTCGTACGGGCTCCTTCAGCCCTCTTGTTACTCAGCTCTAAGCATAACTGAAGTCCTGTTTTTTAAGAGAACACGAGTGTAAGGTTGACAGCACCGTAAAGTTCCTAACTTACGGTGAAGTGAGCGATGCCGGCTGCTAATCATGGCACGGATTCACGTTTCAAGGGTAGTTCCAAATTATTGGTGAAGCATGGACTTTTTTTCCAAAACATATACCATACCAGGATTGTGACAATAGGACCTTGTATCTTTGGCTCTTCTCTTTCGCGGGGCGAAC,657,48.71,Caenorhabditis elegans
SEQ_198905,CAGGCTTCTGATCCCTCTATATGTCTATTGGCAATAGGATTTGGTGCTGGGCTCTGCGTGAAGTGCCTCATGTGCTTGAATATAAAAGGTCCACGTCTCAACCGAAAATGATCTAACTTTCGTATGGAACGAATGGGTGGCACGTCGTGTGGTTGGGCTATAAAGTCCCTCACCGGAGGAAGTGCACGGGGAGTTGCTGGTCTGGCGGACCAGTAGCCGTTGATCACTTACCAGATTTACCGTATCGCGCTACCCG,256,51.17,Drosophila melanogaster
SEQ_301735,ATTCGTTTAATTCAATCCCTAGCCCGCTCTTGTACAGTGCTGGGCCGGACAAGGTAAAGTCAATCACACTTGCTGCGTTGCTCCGGGAAAGGGAGGAGCAATAGGCTGGTCGGAGCATCGCCATATCTGGTGATAGATGTGAAGTGGAAAAATCAACTAATTTTACGCTCGTTTATTATCTCCCGGTAGCCATCAATGTTAATAGACCATCTACGCAATTGACCGCAGCAGACAGGACGGTAAATGTCCTAAACAGTTTAACCACACATACGGGAATACGGCCTTTTAGGGGGGGATGCCCACTGTACAGTCACTTCCCGCCCGTGCCGTCAAGCGACAGACGCCTATGACGGACACTGATTCATCAATAGGCCATCAAGCGGTAGGAGCGTGAAAGTAAGACCCTAAACTATGTCACCGTTGGATAATTACAAAGAAAAGACCCAACTTGAATACCGCTACGCTCAAGCCATGCCAGCAAACAAGGATCGGGCGTAGTGCCAACTACTAGATCATTAGCAAGGACCACGTCAAAGCACATTTAATTTTGGCCTAAAATTCAAGCAGTCGGTAAATCATGTAGTGGCGCCGGTCGCGGGCATCTCGCCGTACGTTTCGTTTGTCATCTCTGAACGGGAACAATTTCGACTGTTGAAAGTTATGAGGAGGCACTGCGCGAGTCTGGACTAGACTACCTGAGAGCTCATCCGAAGTCCGTTCGGCGCAGAATCATGGCGTGTCTATAACTCTTAACGCCGAAACGACCAGCACGTTTAGAAACCAAACGACGTTAGTTTACGGTTTTGTCCGTTGCATGTTATGGTGTGGTTGTTCTCATTTACTCAGAGGAAATTGTCGGGCCCGACCACACTACTATAAGACGGCATTCTGCTCTAGGAGCAGCATGCGGAAGGGTGTGAGGACCCGAATCAGCTCACGATTGTTGGCCAATGTTATGCGACGCGGCGATTATGCGGTGCACATATGCCAATTTCACACATCGAGACAGGATCATACCGTGCTATGTGCGTCGACTCCTGCTACTCTAGAACCTTTCTTTAGTGTGGAACTAGTAGTTGATACATTTTCCAACGGTGGTTCACAAACTAAGTTCCGCTGCATTGTTAGGACAGTCTTGGCAGTTATCACGTCAGAGCCATGAAGCAGAGATGTTGATACATGCCGGGCGCTAGGCCTCACACGCAACTCAGCTAACATCCGTACCTTTATCAGGACCTCCTGACTGTTCCGTGTTACCGGTACATTACTATTCGGAGCATTGAAGGTCATACCCCCGAATATCCCTAGCGTGCAACCACGAGTGCTGTTCTATGAGAGTCAAATAGAAAGACTCTTTAGTCTTGCGTCGGACATAAACAATCCATAACGTCCATCCATGGAGGGCGACGACTCAAGCTGCCCTGGGGTTGGTCGTAAAACTACACAACGTCCGGCCACCCTTAAGTCGCGGACCTTGTAGATAGGTTGCCAGCCCCGACGTCGGTACCCAAACGTCTATGGATCGGCCCAGCATCTAAGGCCGAACCGCTGGCGAAACCAGTCACGCTTACACCCTAGGGAAATGGTCTGGTCGTAATTACGCGGTTGCCCTCTGGCCCCTACCCGAGACGACAAGTTCCCCGAGGCTTGACGAATATTCAATATCCAGGTCCAGGCCTTGCTGCTGCTCCGCGTGCACCATGGCATACTGTGAACTACCCCGTACAGTAACGGGTGTCCCAGGGTGCACTCCTGGGGTTAGCACCATTAGGGCGCTTTTCACCGAATCATCGCTTGCTCCGTCAGTTAAATCACTTGGACCTAATGTCTTACAGTTTTCTGTCGAACTATTGCCCTCTCAGACCCTGGTGGTGATCCACGAGCTCTGTACGGATCATAACTCGCTAGCTATCTCCCTAGACTGATCAGCTTGGGGGTTACAGACAGCGCCCCTTGGGATGT,1962,50.46,Arabidopsis thaliana
SEQ_144568,CTGAGAGCCAAATGCAGAGGTTAAGAACCGATGCCAGGGCCAGATTCTCATCGCAGGACGAACGTAGCTTGCCCGACGCGGATAGGGACGTAATTTGATAGTTTCGTGCGTACCCAAGCGTTTACTGGCCCCAGACGTCGCTATGTCAGGATCCCAAGCCGGACTTCAAAAGGTTGCACGGGAGCGCGAGGTGAAGGGCCCTTACACGATTCGACTGTTCCCTTACCCCGTGTAATCGCTTCTAGATGCGGGTAAAATATGCATACACACGTACATAAGTTTCTTCCGATAATAACTGGGCAGCGCTGTATCGGCAGGTGTCAACAATGATATCCACTCTCCACAAAAGAGTAATACGCCAGCACCCATAACTA,374,51.07,Drosophila melanogaster
SEQ_836630,GAGTCGTCTAAGAAAGGATTGACAAAACCCTGCTGTCTAGTAAATAGCCCGGGTTTTCTAAGAATTGACGATATTAACATGCTTGTGAATCTGCACATTGGCATGATGAGTCGTTAGAACAGGGCCACGGAAGCATTGGCCGCTGGGCGATGCGAACGATACCGGCTATTCTCATGTAAAGCTCTGTATCGAGAGTGGATTAACAGTGCGCAGTAAGACTTTGAAAGCCCTTTCCTAAACTCAGACGTCTATCGGGTTTTTGGAAAATTTCCAAAGAGCAAGGATTTGTCACAAACAGGACGGCTGCGCACGCGCGTGCTGCTTACCATGATAATGCTTCACATTGCATACCCTTAGGACTAATCTTAGCAAGGAGCGGGCGAGGACAAATCGGTTTTCGTAGTGTGCATTTTGGTTGAC,420,46.43,Homo sapiens
SEQ_742954,CTTAGTCTAGTTCCTCCGACGATAGCACCCTTGAATTGGCTTCTTCCTCCGCATAGCCCCAAACTTTCAACCGAGACTCGACTCGCAAGCCTTTAAAGCCTATATCTGGAGAATATGAGTATCCGTCGCAATGTGATACTCAACAAGCCTATATTGACCAGCACTAAACTACGGTCTTTAGGCTGGGGTTATCGTACAATCCTACATGGGATAGAGCTTCCATCACGGTCTTGAAACCGTCCCAGTGCGACATAATTTTGCTGGAGAGAAGTTTCAAAGGTTAATAGTAGAGTACGCCCAAACTATCGGCCTAAAAGAGTGCTCCAGCTGCTACAGTACAGGGAAAGACGGTATTGCATCCCTCAGCTTCGGTGTCAAAGTCGAGTCGCGTGCATAATGTCGGA,404,47.28,Homo sapiens
SEQ_149877,TAGCATCACGGCCTTGCCTGGCGGTCCTGAAACCAGTCTACGGCTCATGGTCCCTAGCGCAGTTAATTATAATTGTCCTATGTATAACAAGTGTTCCCTTCCACATAAACGATGTAAATCTTTCGAAGACTCTCCCCAATTACGATTAGTAAGGGATGGTCAGTGGCCATGTGCTCACACGTAATTCGCATCCGTAAGGACCTGAGGGTATTCAACTCTAGCCAGCGGATGGCCCATCCGCTCGCGAACACATTATACCTGGAAATCACTCCCTGGCTACCCCCTTTTACTGTCACAAAAAGTCGTAGGTACTAGATCACAAGCGGGGGTCGGCGTCCTCGGTGACTACCCGTTGAAATTGATGCTACTTACGTCCTGCCCGTAGGATCGACGCAAATTTGCGTGTTAGTATATATCCGCTATCAGATGGGCGGCTCCTTTCTGGCTCCAAGATAGAACCTACAGCCCGAGCAAGGCGAGCCTCCATTGATCATCTCAACATCCTATATGCGCGGGCTATCGGGTAACAGTGCAGCCAACTCG,543,50.46,Drosophila melanogaster
SEQ_507576,CTAGAACATACGGGGTGGCGCAGCTTATGCCGCACCCGAGACTAGGCACCGAAGACTATTTTACGGAGCACTGAACCCTGCCTACACTCGAAGAGGATAAGAAACCAGTATGTATCCGGGAGAAAATTGGGCATTACTAATATCACGTAGTGAGCAGTTGGCTTCAACGGTTGAGCAGTAAACCTTTCTTACGGCATGCACTGTGACTTGACCCTTGGCTCGCCCCTCTTTCACCCGCCCCCTGATGGAGGAAAACTAGTTAGATCGCAAATTTTTCCGTCCGAGGCGGGCCTTGCCACACTTATGAAGTCAAGTACACCTACAAGTCTCCTTCTCTC,338,50.59,Caenorhabditis elegans
SEQ_380761,CTGGCGAGGTGATACGGTGCCTCATATATATAGCCAGTAAGCGGTTTACTAAGTTTTGACACTAGAAACCACCGTCAGGTGTGCTCCACGTCTCGTTCCGCCCTCTTTCACCTGACGGCGCAGCTCCCCACGCCAATCGCAGCTCCCCCTCTGGCCTCTGGTCAAGGTCGGAGAGACCTCGCTATGGCGCCCCCAGGGTCCGACCCTCGACTGACACGCCCTCCAAGTTAAGCGTGACGCGGACAAATGCCATTTTGGAATAAGGGACCGAGAGCGATGGGCGGAGAAGTCACCTATCAACATATTCAGTGCAACGGAACGTGAATCGCACTCCCATAGCGCATCCGCTCAACCAGCGGCCCCAGCCGCACTGGATGCGCCCCATGTATCATGGTGATGGCCTGGTTTAAATTTCGATCCCCGTGTACTTGCCTTTTCAGGCCCGCCGGCGGAGCGTTGCTGCCCCGATGGTAGTGCCATGCACTGTTTATGAGAATACCGTCTGCCGGGATGTTTGGCCCCCTTGTTGATCTCAACGGATCTCCGTGAAGTGCCTATTTGTGGTATAGTGGTCGCGGCACTCGTAACCTTACCATCTTTTCTACCGGCCTCGCCATCGTGATCTCTCCTTGCGACCACAGCTTGCGAGCCGTGAGATAAAGTATCTTGCTCAGATTCGCCGGCTCGCGGCTTAGGTTCTGAGGAAGGTGTGTTAATGCAACTGTCGCATCCGTATGGGAGTCACATATCCTGCCTGGACGCACCCTAGTCGCTAGAAGTGTTATTCACCGAATCGAAACCGGCCTGCGACCGTAGGTTAAGAAGTGTAAGGGGGGAAACTTAAATTTGCAGGAACTACCTACCAACAATAGCGAGAGACCTAGTCAGATTCAGTCTACCATTAATGTAGTTATTGGTTAAACGTTGAACACACGTACTGATTTAGCCGGGTTCGATACGGGTATACACTCCACGTCCTGCCGCAAATATTAATCAGGAGCTTTCGACCGGGCCACTTTTATTGACATATTACTTTGGTCACAGACCCAACCTAACCCTGAGGTTTAATGTAGTCTCCCTGCAACCCAACCCAGCATGCCACCGATTGAGACCTGATACTTTTGTAAACCGAAGTAGCGGCGAGGACAAGTACAATATACGCAACCCCGAGGAGGTCCGGGTTGGATTACACTGCAATTAAAAGGTTGCTCGGAGTTTGGCATCTGCAATAGAATGAAATTGTTCGACCCGCCCCGAAATAAGTGTCAGTTTGCTCTATCATGTGGATCATTTCTATCACAAGAGTACAAGCTTTTCAACTGTTCCTTTCAGACTTGGGGGGCCCCCGTATTGACGGTCTTTGTTCCATATTTAGCGCCCTTATGGTGCACGGGCTGGCATAATCTTATCCCTGTGTGAGCGATATGCGCCTGGGATGCCCGTGATAGTTAGGGGCATCCCTGAATACCAAGTGTGTGTCATCTTATTGAAGACAGTGCTTCTATGCCCGCGGTTCCTCGGTTCGAGAGCGATAAGAAAACTTTGGGGCACAGGCTTACAAACGCTTCGGGGAGGGCATAAGGTACGGCACTAGGGACCGTACTTACGGAGAAGGGAGTAATAGCGACTACGGGCGCGTTGTGAGGGGGGTACCTAGTGGACTAGATACGTTTCAGGGAGACATCCACCAGATCCCCCATGCACATCTTACCGACACGTCCTGCAGTAAAAGTCAAAACCATCGACAATCGCTACATTGGCATGAATTTACAGCGAATCGAACCTTATCACTCTCCCTTGTATGGTGCGATCCGACCATAGCCACATTACAGCACTAGCAAACCAGTTTACGCCGCCGTCTGCATATAACAGCAGAACAGTTAGCACTAAGGTTTCTTAAACATGCGTACTAAGCCTACGAGATCAAACCGATAATGGTCTACTTTCTGATAAAGTTAGT,1960,51.02,Homo sapiens
SEQ_428413,CGAGTACACACTCTTGGAGACGTCAGAACGCTCTTGCCTAGCACTGGAACAGCGAGGGTATCACGTGATCGTAGGTGCGAGCGGTCGGGGACTCCGCACTCACATGCTGAATCAGAAGTGAGTACGCCTCCCAATCTCGCCCGCCATCCTTCGCCAGAATAGGACACGACTTTCAACTGACATCATACTGGGCATGCTATCCTAGGTCGCTAAGCAATGCTTTTTGGTCTTAACGCCCTCGCCCCTCACACGACGCAGTTAAGTGTAGATGAGATTGCTCAGTCTTCAGTATGGACCAATCGCGTGTTTGTGTGGCAGCTTATATTTAAGTCATCACAAGCAATAGAGCAAAGGGAATACATGTTCGTGGTACTTTGCAGGGTCCTCGGGTGCGTGCGATACGTGTGTTTTTCCTGCAGCTACGCTGAATATACGCCGCTATTCTCCTATGACGGAGATCCCCCCTCTTTACACTTTCTCAAAACTCACACCCCATGCGTTACTTAGTCGGGCACTCAGGTGCAAGCCCTATTCCGTCAATGTTAATATTGATCTCTCATATGACGGGGATCCTATAGCGAAGCGGCTGTTTTTCCGCTTGGAAAAAACCGATCGGCCATAGTTACATTCGCGTTCATTGTTGTAGACAGTCCATGGAAGCCTGGCCCACTACCTGTTAGAGATATAATATGACTTACAACGGTTACGTTGTGGACGATAACTGCGCTTTGTCAACCTTATCGTGGGTTTGACTAGGAGCAGCTCTTATCTCGGCTGCATCTAGCGTAGAATATAGCAGGGATGCGTACCGCAGAATAGTCAGTGCTCAATAGGGCCCTATGCCTATTTGTATATCGGGGTAGTTCTCCCGGTAAGCCGTACAGGAAAACATACCCTTTCTGGGGAATTCTGCACATGTCTGCCTATAGGTCTGGTATACTAAGGTTACAGTGCCTGGCACCGACGGCGGGAAAGAGTTGTTTTGGTCCAAAACATTTTGTCCTGGCTCTCAATCCCTTGTCCCTGAAGCGTGCGACCTGACAAGGATTGATGGGAGGTACGGCGCGCCCCATCACAGAGCGACCAAATATACCGTAGCTTTTGATAGAGTCTCACCAAGCAACAAAGTAGCGAGGATCCACTAGGTACCGTAATCGTCTACGTCCTTCACGTCCATGGGAGCGTCGGTGATTACGCCCCGGGCAAAGTGTCGGTAAGGTAGCAGTGTATTCCTCTTCAAAAAGGAATGCTGGGC,1255,50.04,Homo sapiens
SEQ_528523,GGGGGGGTGGAAAGGTGTAAATCAACGTGGAAGATGATGATGCCACGTACCACTGAGTGCTCACTAGGTATACAACTGTACTTCGACTCTTGAGGAACGTGCTGTCCTCGATCCCAAACGTCACACGATCACCCAACTTGCAGTTGAGCGTCTCCGCTACTCTCCGGGCGCAATGGGGCAACGAACAGAACCGAAGTCCCCCGCACATTACTGATTCTGAGGTCGTATTTCAGACATCCCAGAAAACGGTAATACCCGTCCCTATGTTGGGACGATAGAGACTACAGACCTATCTCGAAGTCGACCGCAGCGCGGCTGTCGCTCCCGACCCCCACTGCATAAGGTCTGTTTTTCGTGCATCATTGTTTGGCATACATCTTTACAAAGGAGAGGATTTTAGAATCCTGCCACGATTGCGTCTATAAGACCTTGATGTGGTTGACAGTA,447,50.78,Arabidopsis thaliana
SEQ_742079,GAGGCCATGTCTGTTTCGCGAGGACTAGTGCGGAACGGTCCTAGGAAGGCTTTTGTCGTCATGGCACGACCCCTGCAGGTCTCTATGACTCTGCTGGACTGAAGCAACATCTCCTGCAGAAAGTTTGCACGTCAGGCGATGAGAATGATTATTGAGACCGGACCCAGCGTGTTGTGGGGTTCCGCTGGACGTGCCCTGCGAGTGCCAAGTCTATCCACGTCGCGCGGTGTTTGGTGTGTAAAACGGACATAACTTTACACTCCAGATCCCATCCGGGTGTAGACAAACCGTTGAAGGTAGACCGAATAAAGACCTCTCAGAAATTCTGGGCACCGGTCTGCTCGCTAGGAGGGATGGTACCGTGCCGTCAAAGGAATCCAACATCCATTAGCGAAGCCGCCCTGCAATAACGTGGAGTGAAAGCGCTTGAACATAGAGTTCTCAGTTTCCGAAGAACGCCAGGTCCCCTTCAGGAAATATCGGTCGGAAATTTCGAGTGACTTCCCGTGATGATACAATCAACATATATCTTGCATAAGGAACCACTATCTTCTCGCCTACTTTGTAACGCGTTTACGATGGTATGCAGCGATGGAAGACCCCAGTGGCAAGGAGATCGTCGTGATTCCGCTAGCGCTTTTACTTTATTGTATTTAGGTTTCGACCTTTCATGTCCGGACGAATTACAGTTTGGCGGCAGTTGCCAGCGGCAGAATAGGGAGAAGATCTTTCTCGGAGATATTGCACACAGTATGACCCAACGGTCTACGAGGCTCCTCTTCTATTAAGAGGCCATTACCGCGCTTCTCCTTGGCCAATCGAGCAAATACGCAGGACCTCCCAACATGTTCGCCAGGCTGCAAAAATTTCCAGCTGGCTTGTGGCCGTAATTTAGTGCGTACTTAACCTCCTAGTCTGACGAACACTGGGTTAATGACTCGTATGGAATCACGTTAGTGTTGAGAGGCCCCGCTTTCTATGGTGCAGGGAGTGGGAGAGCCCCCATATCTTTAGAACCCCACCCGAAAGCTGTAGGGACTTTAGGTGAGTCTGATCGGTATGTGCACTCTCAGTCAGTCACCGTTAGTTGGCGACGCACCGATTCTACGAGGGAACTCAGGGCGGCTCTTACACCGCGGGCTTAGCCACCAGTGCGAGTTAGCCCCCAGCAGTGTTATACAATGTCCCGAACGGAGGTTGGATACCGAAGGTCCAGCTAGGCGGAAAATG,1230,51.71,Homo sapiens
SEQ_135641,ATAAAATAAAACGTGTCAACCACAGGTGTTATTGATGCGCAGGTACACCCTGGGTTGGTGACGCGCTATGAGCCTTCATTAGATATATAAGTTGGGTCTTTACCCATCCTGGTGACAGCGGTCAAAACTAAGTTAGACATTCTAGGATGCTCCAAGTCCACATGAGTGTCAAGGTGTCATGCAACTAGCTTCCCCCGCGAAAACACAAACGTCTGACAATCCCCAGTTTGATGAGGAGCTTTGTTGATGCGTGTATAATACAGAATTCAAGTCGACCGCGCCAGTCTCGATTAATGGGGTCAGTCACGCTCAGCGCCATTCGCATCTGATACGCTGCGCTTAACATCGCGTACAAATAGCAACCTCGGCGACAAACCAATTCACAAGGCGAACACGCCTATGTGTAATACCGCTCACTACGATTAACGATGGTTGCAGTGGTTTTTATCACGACAGGAAGCATGAATGGGGGATGGGCCTCTGAAATTGCGCTATCGTAGCACTCCAATAGAGCGTTTGCAAAACGAGCTCGTAACTCCACGAAACATTGAGAACAAACGAGTGACCCGTCATTTGCCTACGCACCTTCGAGGATGCTCCTACATTACGCAATAGCAAGCGATAACTTGCTGGCTAAGGTGCATCGTTATTAAGCGCAGCAGCCTGAAATCCACATATCTCGGTATATAACAGATAGACCCTTGGCAACCACGTCGTGGGGGAATCTCTTCCCAGGCGTCCGGGCGACGGTGAAATACGACTCAACACAAGTATTGCACAAGGCATTACCGCGCACTGAGCTCGGCCACGATAAGTCTATGTCCATAGAAGCCCATATAATAACCAATAGGTATTCACTGCGCCAAACGTCGAAGTACCGTTGAGTTGGCAGCACTCGTTAGGCTCTTCAGCTTGCGTGATGCTGTTATGTCCAGTCCCGGAATTATCGTTACCGGAGACGAGCGCAACCCGACTGAGGACCTGTCCGAATGACCGGTATTAGAGAGGGAAATCGCGAGGTCTCTCTCCATGGTTTACGTCGCGGAGTGCTTTGTCTTTGGTACTGCTACTTTATGTCAGGTGCGTGATGGGTACTACGGTCCAAAACATGTACCAGTTCCCTAGTGTTGTAGGAAGCCTATACCCGTGCCCGTTATAATCTCCGATCTGCGCCCTCACGTGTTTGGAGGCGCAGTAGTGATGCATGTGCAGTTACAGGGATCCCACCTTACATCAACATCTATCCCTATAAGTTTTTATTCTGCTCCGTTGGGAGAGCCGCCGTAGGACTAAACGTATCTTCTGTCTCCTTTGGGTAAGCGGTCATGACTTTTTTTCTCCGGCGACTCTCTTGCGTATACCCACGGTAGCAGGGGCCGACGTTTTACGGCCTATCTGATGAGGTCTTGTCGATCACGCAAACAAAACAACCTAGGACCCGGTGGCTGACCAAGCGGGGATACGCTTTATCGGTGTGCTCCTCTTCGAACTCACTGGACAACTGCTTTTGAATGCTAAAACCGCTCCTGGCGGCAGTGTTACGTTTGGCAGCGCTAGTCGCGACTAACACTTAACCTACCTCGACACGTATAACACCGCGATACCCTGTTG,1611,49.78,Saccharomyces cerevisiae
SEQ_102319,CATCTTTTGACGGCTGGCAATCCGACCGAAATCATCAGCAGCGCTAGAACTATATTTTACTTTCTTTAACTATCGAGGATATCAATGCTATACCGGACCATTATGATTCATCTCCCAATGGCACATACACCTGCGTAGTTAGTATCATCCATAGCATTTGTAATAGTAAATAATGGGTCGAGGCTTGCCCGGGCTCATGTCTCCATGCCTTGAACACGCGCGGCGGCACTTGAGAAGTACGAGTGTTCCTCATGCTCAGTGGATATACAACCACCATTAGAACAGCACGTTGTGGATTATAATTCCGGGCGTTATTCAGGTACCTGTTTTCATCCTCTGAGTCAATTCAAAGGGAACTGCAGGGATCATAACAATCGATAGCCACGTGCCGGAGCGACCCTGTATCTAACCCATACGATATTAAGCGTCCGATCAACTGACTATTCGACCTTTGCTCTAATGGCTCCATTCAATAGGCTTGTCCTTCTACTACTCAGTATAGTGCACCGGGGTTAACCACGCCCGATACGACTCCCGTCAGTTGATACTTCC,552,46.38,Saccharomyces cerevisiae
SEQ_883788,GTTTTCTCAATCCGCTTAGTACCTGGTCAAGGCAAATGATAGGAAGGTTCTGCGAAGGATCCTCATGCCACATCGCCGAAACTTTAGAACGGGGGAACGACATCTAAGTACCGCCGAGTCTCAGACCCAGCGAAGAAACGACACTCCAGCCACCGGTGGTTCCCGGGTTGCCTACTTCTCTACTGTAGGAAACCTCTGTCACAAACGCTACCGTATGTTCGCGTGTTTAAGTCCTGCAA,239,51.46,Saccharomyces cerevisiae
SEQ_368125,CCGGATGGCCTGATTGGGCGACCGTTACATAGTATGGCGCGTGGTGACCGCCCGGTGTGTTATTTGATTTCGAATGCAGACCGACGCTTCGCATCAGGGTGAGCCGGACCCCTACCTACTCTCGTTCGTACACCTATGGGAGCTAGCTAAACCCCTTTGGGTGCAGGCTAGGCTACAGTGTTTTGTCACCTGACGTATACATTCGATGCATAATCGGGCGCGTTGATGTGATTATTTGGCGCTGTCGCATAGGCGAACGATCCGCTAACTCAGCAGAACTTGTAGTTGCTTCGGGTCCGAACTAATGGAGCATGCGAACCAAACCATCTATCTTGTTTGCATCTGACGTTCCCTGAAGGAGCTAGGCTGGGATGGTTGAGCCGTGCCTTCAGCGCACGCTTTGAAGGCTGACGCTGAAACTAGTTCAGGTCCGGACGAACCCTATGTCTGATGCATACCCCGGCTAAGGTAGCATTCGGCTCAATAGTTAATGGTTCGCGATATACCGTTGGAGGACTGATAAGTACGCAGGTCGTTGAGATAATGCCATTTGTTCAATGCGGATAACTCTAGCGCAGGACAACGACTGGGCCCGGTCCCTGTCTCCGCAATAGGTAACGCATAGTATTGTAGGGAATTCTAGCGTAATGCGCCGTTTCCAGCTCCATACATTCAGTCAATCCTCTAAGCTCTATGATGGGTCCTGTTCGACAATAGGGCTATTCAACATCAGGGAGCCATACGAGTCCTTAGTATCTACGGTGATTGTTCTACGCAAAGTGTTGATCCCAAGATCGTTCTCCATGAGTGATGTTTCATCGTCAACGAGCTCGGCAGAGGTGTGTGGTACTTCATCGAACACTTCGCGTTAATAACCCGATTACTGGTGCCGTATCCCACGCAAAGAAATTTAATGATCCTTCTTGAACTTGCATTTTTTGCCATATCATTATGAAT,957,49.53,Escherichia coli
SEQ_698804,ACTCTACGCAGTGATAGTGTGACTTCGTCGGATTTTTCCATAAACTCCGCGATTCCCAACTCCACAATTGGCAAGCACAGATTGTACGGCGGGTGACAATCTCGCTGGGTGATATCCAATGAATCGCAACCCTTAGACCGAGTTCTGCGCAACCTGGGCATTGATAAATTCAGATAACATGGTCCAATAGCCAGAGAACTAATCACTTACCCCCTGTCCTGCAATTGCCTTCGATTTATTTGTTTCACTATTAATGAGCGTTACGCCGTTGCGAATCAAGTTCCAAGCAGCTGCGTAACCACACCATTGACTGGGATTGCCTATCCTTGCATAAGCGTCTATAATCTATAGTGCCCTGCCAATGAGCCCGACGCGGTCCACTTACGCCCGTCCATACTAGTCACAAAACCACTTACGTCCTCCGCGTCCAATGCCTGCGATCAGCCATCGAGATTCATGACTATGGTTAATTG,473,47.99,Mus musculus
SEQ_712367,ACAGCCGTATGTCAGAAGGCACTGGTGGAGGGATACAACTCTATCCTTGTTATGGGGCCTATTCCCCCCTTTTGTAGAGATCCAGATCTTTGATATCTACAGAAAAGGCCATACTGCTTCGACGAAGCCCCGGAGTGGACTGCGACACGCGGTTTCGACACGGCGGGTC,169,53.25,Homo sapiens
SEQ_833566,GTTATCCGCTGACCGGTGATGGACCAGTTTTTTTTCAATTGTCCAAGCTTTCCGTCGACGCGATTCATAAGCCGCTTCAAAGAATGGTCCAGCTTGTCGATATGAATACTCACTAGACCACTTTAAGCCGGTTCTGGTAATAAGCAGATCCGGGGACGTGACTGCGTGTCGTACAAACTAAGGGATTTGCAGGGTCCCAAAAATAGCACACTTCCCCGTGCGTCCCCCGTGTCGCCACATGGATAGATAGTCGTAATTAGTGGGACAAACGAATCAAACTTTGGCTCCTGTACCGCTCACTTCTGCTACGAGCACAGATACGCAAAAGACGTGGGGTTTCTGGCTCCTATGGAGCAACGTGCAGCGCGACTATAATGACGATTCTTCGTTCGACGCTTGCTCTAGCGTTACTCCGAACGGATGCGGAATGAGACTCAACGTGTGCGGCAGAAACAAGGGAATGCCTATACCTGCTAAATTTTCGACTTTTTAGCGCGGGTGGTTCTACCGGTATGTTAGGTTTATCCCTACAATTGCAAGGCGCAATCCACACGTATCCAACCGGGGCGTGAGTTGCCAATCCCCCTCTTATTTACCGATCCGTAGACGGAACTTGCGTAATCCTATATAAGGATAAAGCGCGATCGTTGGTTATATAGCAATGGTGACGTCTGTACCATCCTTCTTACGTCCGAGCTCGTGAGCAGATGGCGCATAGTTAAAAGTGCTCTCTATTTTGGCGCGAATGCGCCTATGGGAACACTCCCTTATCTTAATCTGAGGGATGCTCTTAGAGGCAAGTCCAGTACAAATTAGAAGCTCCACAGCAATGGGTACGTCATCGGACGTTTGGCCCATCGCGTCCGGTTACCCGCTTCAATGTAAACTTACGCATGGGATGCTGTTGGGGATTATCGTCCTGGGCATTGATAACATCTTAGGGCGCAAAGCCAGACGCACTGGGGAATTGACCCAAGATCCGTATACTATGCCTTCACAGAGCACCACTCAAATGGCACGGTGCCATTCTGGATTTGTACTTTTCCACTAATATTAGCTTTATGGTAGGCATAGGGCATTTTAACCTATGCAGGCCTGTGGGGATTAGCCCCATCACTCTGCTTCGTTTCCGATAAATAGTTAGACGAGGACCCTGCTATTTCCCTCTTGTCTAAATTAACTCACGTTCCAGACAAACCTGTAGGACAACACTGTTGCCACACATTTTCTATCCGCGAGTTCTCAGATATCTCTACGTGAAAACAATTCCATTGTCACGGGATCCGCAAACATACGTCTTAGGGTCGCATCGCAAGCGGCTGAGCTCCATAGCGTGCTGCGGTAACGGTTCTATGCTCACGTGGCTCAAATTTGCGATACTTAAGGACGTAGTCAAGAATCCTTTGCACGTTGTCTACACACACATGTTCAAGGCGGATCCAGAATACAGATTTCAATGTAGTCCGAAGAACCCCCGGACGAAACGGTGTGACCACGAACCCTGTCTGTTGTGGCAGAGATAAAGACACAGCAAGGTAGATCTCGGGTAAGTAGTTTGGCTCATGACGTTCGGCTAGTCACCTCGTGGCTGAGAGCCCTTCGGTAAGGCCGAAGAGGAAGCCATGACAGCCTTAGAATATTTCACATCGACGTCTGCTCCTGTCTGAAGATATTCTACACACTTGGTACGTTACAAAATCTGTGTCTGAAGACTGGGTGCCCTGTAGTCGCGTTTGCATGCGACTATAAAATATTGAGGGGTCTGGAAGGGTAGAACTCTCATCTTAGCCGAAGTTAGGTGATGCGATGGGGATGAGGGGAACGTTGCTTCGAGAATCAAGACTGACTCATTCAAAAGGGGCATACTCGATCCCAGCGACAGGTCAGGCAATGAGTGGTTTGATTCAAGATGGAAAGGTACTA,1923,48.57,Homo sapiens
SEQ_904682,GGCAACGGCTCCACGGCTGTAAACTCGTCCCATCCTTAACAGGCACAACAAACCTCTATTGCAGTCGACTTTCATTTAGTCACTCGCGTTTTCTGCAAAAGTGTTGCATCACGGACTCGCAGGTTTACAAAATCTGCCTGAGATTGCAATCATATGATCTTACGCCGCTCAGGGCATTCAAGATGCAGCGTCTAACGATTGTGGACGCGCGGAATCCAGATGTAGTAAAGTGTGGTACCTCACTTCTTTGGTTCAGAACATATACAACTATGCCATCTACACCACCGTCTCACTAAGCCCTCACACAGATCGAAGTCCGAAAAAGCTCTATACCTTATATTTACGCCATGTAGGCCTGATGTAAGCCATAGCCTCGTGTAAAATTGACCGGTTGGGTAAGCTGGAGGGATGCACTGACCGAAAGTGAGTTTGGCCCCACAATGGCGTTACAACAGATGATTCCGATCTGTGAGCCTATGCGCCGATAATACCGGACTAACATGGAAGCGTATTTATCAGGGTAATAATCCTAGATAAAGGCAGTAGCGCGGATCAGCACTCACGTAGTGCTTATCACGTTTTTGTGAACGGTCGTAAAGGTCATTTCAATGGACGAATGACTTGTCTCATTACTTCAGCAGTCAACCTTGGGGATGGAGTGAAGTCGGCCCCTGCCTGGGAACCTTGGAGGAGACGTCTATAATCATGAAAAGCAATACCGACGTGAGGAGGCGCGAGTATCCGGTTTAATTGGGTGCAGCCGTTCGGATCAGCGAGTACTGTTTTGGATGGGTGCCAACGGGGGCTTTCTCATGACGTTGGGGGGTCTTTCTCCAAGAGTTGCCAACGGCGCTAGTAGTGCTTTGCTATACACAGTCCGCGGGTAAAGTGTGCTGGTAACTACTAGCCCTCAGATAAAGCCCTTAGAGAAGCGTACACCATTACAAATCCTTGTGAGCTCTATGTTGACTCGTACCGCACTCAATTACCTGTTAAAATGGTTAGCATAAAGCATGGGTAGGAAATACCCTGACGCTCGGAGACACACCTAACCAATCGGTGTCTAGAGAGATGCAGAAACACCAACATTTCTCTTCGCATTTATGATAATACCATAAACACAGCCATGCGATCCTAGTCCCAGTGCGTGTCTGTCCCCACGTAGACCAACTTAGGGTCGTGCAGGCTCGCACCGCTACCACAAGGAGAACCTTTGTACGGACTGTCAATTTCCGTCTCGTTTCGTATCAGCCAGCATCAAAAGGGAATACACAACAGCCACCCGGTTGATCATGTTCAATAGTCGAGAATCCACATCTCCCGT,1324,48.34,Escherichia coli
SEQ_966152,CTGATCGTGCATTGGTTCAAGATGACACAAAATCCACTCTTCTAAGCCAAGGACGTGGCTGTGCATTAACGTGCGATGAAACAAGCGATCGATGGGGCCGATTGTACGAACCATTATTACCGTTTTTTGTTTGGATTGAACGCGGGTTTGACGAGCCAAATTTGCCTGTATGTTGTATGGAGGGCCGCCGTGGTTGGGTTTTCCGACGAAGGCGTAGATAATACGCTCCGGGAAAGTCCTCAAAAGGGTTATGTTAAGATTTAAAATTCATTGAGCCAATTAACAAAGCATTTGGGTCACTAATACCGAGATCGGTAGAATCTTTCACCCGACCCTCGCTGCCTAGAGCCAATTTTACACAGAAAGGGTGACACCTAATCCGATCGTCAGAGGGGGGGGGGGAGATTGTAGCAGCCCCTCACTGCCCCGAAGCCTGTTGTATTTGGAACACTCCTCTCTCACGATGGTAGCATAAGTCGGCCTATGCCTATCGATCGCAGCTGTGGACCCGATTGCCAAGACCTCGCTGTGTAGGGACCCAACGCGATGCATGCGCCCTCTTAGCTCGTTCTCCACTGACATGGCTGTCATGGTTGGGGTCGTCCGCTAAACTCTAGCCCGGTCTATGACCCGTAGAAGCGAAGTCTGATTAGCGCTATCATTCACACCTTATCGAGGGGCTTGCGGCACCATTTCGTATACGCTTTAAAAATAGAGGTGTTTGGTGGTTCCCACCTTGGGCCCCACTTGCTCCTGACCTTTAAGCTTATTCGTCCAAACAGATCCTTCTGGCCTTAAAGAAAATAGAACGGAGCGGTGCGATTCTGTCTCCTGACTCCTACTATGTTGACGTACTGTTCCTATGGCTCCGAGAGAGGAGTCCATCTTGGAGTGGATTCATGCAACGCCAAGAATATCCGACTGTGGTCGTGGGCCTTATTCACATTAAAAGCTAACACCCGCAGTCTTGGTTAGTGTGCAATAGCGCACGCCTTGCGTGAGCGGAGCTTTCAGAAATGCCAAACCGATAACCATACTACCAGAGCAGAAGCAATTGCTTCGTCGGGTTCTTCCGCGGAATCGTATCGAGACGCCAGCGACGTTTATGATAGGAGGTTTAAAGCGCCAAGGTATGGGTGCCTTAACTACCTGAGTATTCTTGGATGAATTGCTTTTGTGTGATGAGTCTCCCGCGATATCGCTTTATTAGACCGGGATAGATCTCAACCATAAGCTAGAGGTCAGTCAACACTATCTGAGTTGTGGTACGTATAACGCTAAGGCTGCTATGTCAACTTAGGACATGGCTAATCGCATGGCGATGAGAAGCTGGCGTTTCCTTAACTAGGA,1350,49.26,Drosophila melanogaster
SEQ_944010,ATTTTTTAGAAGAATGTAAATCTCCTCTGCAAGCTCCGAGCTGGGTCGACGACGTGGAAAGGCTAGCTAGCCCCCGCGATACAGTGGTTCGCGGCGTTAGTTTTCCCAAAACGACACGGGTTACTTGGCAACTCCTAGAAGTTGTACATAATGGTATGCTTAAGCAATGTGCTAGAGTTATGTTAATTAAAGACGACACCGATGCGTCAGTAGACAAGGTGTCGTGCTATATTCCTACTCCTTGGTCGTGGAGACGGGTCTATAAGATAAAGAGCAGCCGGTGGGTAGCGCACCCAAAAGACAGTGAACCGAACAATACACACATATCCGATGAACGAGTCACGACGCAAATTACAGTAATGCGGTATCCACACCCTATCTAGCATGCTGTCGAGTCGGAGTCCGCTCGCCGGCTCGTGCCAAGTCACGCGATCTACCCCAAGCAGGCCCCAACCC,456,50.44,Mus musculus
SEQ_750767,GATAGGCGCTATCTTGAATGGGGGAAGACTTTATTCCGGCAAACCTACATAGTAACCGTGGCCTAAGTTTAGGAATGCAGTATTAGCCAACAGTTTTAGTGATTCATTCCATACAGTCTGTGGCTAATTAGCCCCTCCCTCTTAGGGGGGGTTAAACGCTGGGACAATCGATCAGAGCTTCGCTGTATCGATATTGCCTAAGCTTTTCATGTACGGTGTAATTTTCAATTCCGTCCGTTAGCCTAGTTTCTGAAGTTACGCGCTAGTTTCGTCAATAACTCGGGAAACCGATCCGCGCTTTTTGAGCCCACGGTTTTCTGTTTGCACCTTAAGGGTCGGACGAACACCTCGTCTCACTACAAGTAGTGATGCTTGCCGACTAAGCTTATTCATAGCGAGCCGAACCGCGTGGTGTAATGTAAGGCAACCTATCCTACCCCAGGTTACGGACCTGGCTAGTGACGACTTTACACTTGGAATATCCTTCACGAGCCTAGAGTACGCAGCGAAGCACGCATGCATATACATGTTGGCTCCTCCAAGACAGCTATCCAAACATCAAGGGGCGTCTTAACACGCCCGCATATGATTCGTGGGCGAAACCGTTTCATTCAACAGCCACGTCTTGGGGAACGCAGGGAGTTTTGCATCGAATGGCGGCTGCTTGTACTCATCGATTGCACCGGCGTACATAAATCGTATGCTGCCCGCGTGACGGTAGCTTAACTCAATGCTGAGTTAGCTGCATCCACAGGAAAACCGAAGAATGTTAACCTAGCCAATAGATTTCTAGAGCCATTGCGCGACTCGTTGAGACAGGTACTTAACATACTTAAAGCGGGGGTACCGGAGGCTGCCTGTACGCCGGAGAATAGCTTACGGAGTTACCTCATCGTATGTTTGTGTCCGGCCTCCAGGTGGGATTAGGTGCTGGCCTCTCAAAATGATGGCGACAGGGTCTTCTGAAAAGTTGGGAGATCATGTTATTCATCAAGCGTCCTACGAGCAAATCTTCCCGCGTCTCATAAGCCTGCAGGCAGTGCCTCATAGTGGTAGAGCTAAGTTTTTATCCCCAGGCGGAGCAGTACTGACCCAGGCCCAGAAGCTCGGGTAGTGGATCTGAGTCATCGTGATGCCACGAGCTGGGTTTCCGCATGGTTCGATCCTGAACGAGCGCCCTTAGAAGTATAACCCACGTCCTAACCTCAGGCTAAACAAAGCGTTACTGCGTATATTTTAGTGAGTCTTACTGCGCGAGGAGTTCACATCGGCGGTCCGATGACAACAATTAATATGCTCACTTTAGAGGCCACGTTCCCTCCCGACTCGCCTAAGTTCAGGCAATGTGTTCCCAAAAGTCCTGTCTCAAGTCGCATTTTTTCGGGTTACAACGCACGACGGAATTAGGTATGTAGCCTGCTGCCAGATATCCTAGACAGTAGGCCTCACAGTACGCCAAATCTCAATATTTCCTCTGCTGTGCGCAGAAGGGGTCGGCCGCAGGACGTCGATCAGGTTCAACCCTTAATCAGGCTATTACAGCGAGCGCATTGTCTCAAGATGCATCGATGGACCCCCTCTTGCGCACAAGGCGTGCAGGTCGCGCGCCTTCTACCTTGATGCCTAGAGAGGGATGTGTTAAAAACTACACGTGGACCTGCTATCTCACACTTTCTAAGACCCGGCGGGTGATCTGCCTGAGATTGTATAATGTTTCAGTATTAATCGTCGCAAGCGCTCGACATGAGCCGAGACTGACTGCATTGTGCCTGACGCCTCCCAAACGCCATACTTGCACTTTGGACTTAGTTGAAGACTTATGGTACCTATATTACAGTGGGGGCACCCATAGCACCAAAACGCACAAGGTACGGTTAAGCAGTCTT,1886,50.05,Homo sapiens
SEQ_486018,CATTTGTCGGGTCATCAGGCTTATGTATACAACTCTGTCGTCTTGTACTGCATAGGATGCGCCTACACAGAGAGGGGCAATTGAAGCAGAAGTTCTCGTATGACCACACTCAGAGCTTGTAAACTGTCATTCCAGGGAATCCGCTAGCACTATTACCCCTACTGTTACCGCATGGTTGTCCAAGCCAGCTGAATTAGAAAGGAACAACCCGCCGTGCCATTTAGTCGGACTAAGAGGCAGGTAGCGTGCCCGTTTTCAGTCAGCTCCCGGCCACGATGGAGTTACATCTTCGGCGGCAAGTGTTGATTAAAAATCTAGGGTCGTCATGTAGACCGGATTGCTGAACACAGGTCGCTGCCATTGAGAGTTCTTAAATAGTCCTCAATCATGGAGTGCTCCGATGAGCAGTGAAGCTGCATGGTAGCCCGAGCAATCTATAATGGGCCCCCTTTGATTACGTAGTAATGTACTCCCCGTAGGTGAGGAGACACTGGGTTGTACGGGGATGACGTTGGTGTTACGCCGCCTATCAAAGAGTATACTCGTGCCTCCGTGAATCCACGCACTAAAT,571,49.91,Saccharomyces cerevisiae
SEQ_242323,AGGAGCGGGATTGCTGAGCGGCTTCCTAGGCCTGTAGATGAGATCCAACTCTCATACTGGGTCACGTATGAGCGGTTCCGGGTAAAGCGCTCCTCCCCTGTTGTTGCTCTCGATCATCCGGCCAAACCTGTGAAGAGAGGACCTAAACGAAATGCCCACGCTAACTTGTTACAATCAGGTCCTGGATACGGGGCATAGCTCGCGGCTGAGTGATCGATTTCAAAGCATGACCATATCCTGTAGCGCTTCATTACTCACAACGCTGGATGTAACGTAAACGTCTGCGGTACAAAATACTGCCTTAATAGTAAGTCTGACATGTGGCTATTATGCCGCCCAAGAGCGCCCGTTGTACGCAACCTTCCCGTTTAGGTGTGTTCGTTATCACGGCCCATTAACTCTGCGTTTCCTTCATAAGCTCTTTCCAGACCTCTTAATTCTTTTCGACCACAACTGACCAACCTATAAAAGCCCGTCACTGTACGCCCACGCCGTATGCGAACTACAAAGAACCATCTGCACACATGAAACGGAACAGACAGGAAGTGTCAATCGTGAGAATGGGCGGGAGGACTGGCAACCCGTAATCTTCGTATAGACTTTTGCGCGGAGTGAGGTAATGCAGCAGCCAACTCAGATAGGCTTTAGATCCGAAGGCCCCGGCTGGGCGGGTCGGGCGGAAAAAATGAGTTCAAAGCGCGCAGGATCCTGCACGTCCGTAACAACATCCGAGAAGTGTCAAGGAGATCGAACAAGTAACATTGCTAGGGCAGGTGCTAAGAACCTATTGTCCAATGTTACGGCCATGAAGGCCCTGATCTGTCACAAAAGAGGAGTTGTAGAAGAAAGCGTTGCCCTGAATAAAGACAGGCGACGGCTAACCATTTATACAGCGGAGAGTATTAGTATCAGTCAACGCCTTACAGCGATGGGCCAAATTCGGATATCGTTCGCGCCCCTGCCGCATATTGCAACATGACATACTAAGACTTTCGAGCTAGAGCCCCCCCCTCAATGCGTCCCTAAGCGCCTTGGCGCGTCTGGTTCAAATCAGATCCTCACAGAAGTCCCATCAATATTCATCCTTTACCCCATGATGTTCATTTAGAGTATATGATTTGTGAGCGGTGGTTCAGTTCAGATCCAGACCCTTGAGGCGTGGGATGTTGAGGTAGGCCAATAAGCGCTGCAAGATTACCTCGCTGACGGTGGGTTGCATACGGGGCAGTGACGTCTTTTTTAATTCCCGAACACACGGACGGCCCGTCTCCAAGGGCGATTCCCTCGCCTCGAGTAATGGTAAACCCGGGGTTACACTCAAGTAATTAGGGGGACTTCGCTTAGATTTCCTGGACATTGTTGATGAAGTGGGCCTATATAAGTTCAACCACTGTTGTGATCTACAATCATCGAGTCCGCGGATACCAGCAAGCTTTTCGTTCCCCGCAAGGTGGGAGCTGTGTCCCCTATCAAGAACCTATAGGTGAACTATCGGATTTATTAGAGACATGGAGGGTGATCAATGCGACGCTGAAGCCGTTTTACGCAAGTAGTAGACTGGGTCGTATGACTAATTTAATCTCATGCGCGGAAGTCCATTGTCCAGATAAATGTCTTTCGCAGGAGAGTGCCTGTGCCTTGGGAGCGCTTGCAATATAAAAAAGACCCTTTCAACCCAATACACGGAGAGCAGGGGTAGAACAGCAAAGATACTCCGATAGTCGTATGAAGTTGAAGTTCCCTAGCAGACGACTGTGAGGCATATAGTGATTCGTTGTGAATGAGTTAGACTGTGTGGGGGGCCAGACGGGCGGTCTTCTAGCCCTGTTTTCGTG,1835,49.92,Saccharomyces cerevisiae
SEQ_874311,AGCAATGCGCCGGTTCCCGCAACGCTTAACCTCAACAGATAGACTCGGACTGAAGCAATTCTTCAATCGGTGACGACGGACCAGGAGCAACACGCCCGTAAATCTCACGCCTCGGAGAAAAAAGACCCAAACCTAATAGCCCCGGGCATGAATGTCGAAGGCGAAGCGCGCGTTGTGGGCAATTTATGCCGGATACTCGATACAGCACGCCCCTGCACTTTAAGGGGCGTAAGGACTCAAGTGGTAGCTAAAACTGCGCACTTCCCACGGACTTTCAAGACACTCATATAGATCAATGGCCGTTATGTATGAACTCTACCGTAGTTCGAATCTACTTCGGGAGGTATTGGCGTGATGGAGACAGCCCATTCGGGACAACCTAGCACATTTTTGGAGGCCACATCGTCGTTGTGGAAGAAGCGAGTAGTCCAGACCAAAAACTTCTCCACCGTCGGAGCGCGCGTAGAGTGATTTGTCGTAAAAGTGCCCGTTCGCTTTCATGTCCACGTTATATGGCGGTTGCTGCGACCCTGAGGGAGACTCATGCACTTACCGTACTCCCAGCGCCCGTAACGAAAACACCCGCACCTCAAATGCGTTGATACTTTAGCCTCTTTATTCGCTGGATACTGTTTCGCCACATAGTACCGGTTCTTTAGGTGGGTTGTGCAACTCGACAGACGTGTGCTCCAATATTACAGCGCTACCCGGGTTTTTTGGTGGGGTCCGAACGTGCCACTTGGAAGGCGTCTATTGTCATGCAACACTTAGTGGAGAGAGTGAATTCGCCTTTCGCTCTAACCCTATCGTTCAAGAGGCCTGGTTGTACCAGACCCCTGCCCCAACTATTCTAAGGCTAAGCCGGACCCAATAGCCTGAGTAACACATGATCCTATTGATCACGTGACGGAGCGAAGCAAGGTAGGGATGCCATTCCTAGGAGTCCACGGATTAGTTGACTAAAATCAGATTGCACCATGCGCATGCGATGGAATATAGAATCCTACAGGAGGCCGGCCGTCAAACACACGGAATGTCAATATAAACCCGACATACCGTTCTCGTCCAACGTTCACAATTGAGTAACACGGAGGCGTGCGGGGCGACGTTCAACGCACAGTTCATCTCCGCTGACAGGATTCGGGCGACCGACAAATGTTCATTGCAACAGTCTAGTCCATTAGTTGCAACTGGTTTGAAATCAAATGTTATAATGGAAATCCACTACCACCTGAAATTCTATCTTAGAGTATCGTCTAATAAGCATACGTGGTAATGTTTAAGTAACAGCCTGATGGTAGTAAGCTTACGATGTTACCTAGTGGAGCGCTGAATCTCCTCACTGTTACCCCAGCTGACAGAACAGTTTTCTCTCATGATATACGTCTAACACATTACTTGCCGTCTGTCCGGGAGAATGTGAACCGCGAAAATCCAGCTTCCTGTGTTGCGCATTCAGTTGACGGGTGTGCGGTGGTTGAGACACACCATGGTGGAAACTGACCAAAAATGGGCATAAGGCGTTATGAGAAGGGCAGAGTAGCATACTGCTCGGCGACATACTGCTTTGCTTTAGTGCGTAAGAGTCGATGTCCCACAGGATGTGAGGAAACGTATCAGCGTGTGAACTAGAGCCATCCAGTCGCGGCTGGGATTAGCCGAGGGGGAGCCAGAGGTTTCTCCTTTGGATGGTCTGACCCCTATAATGATTCCATGATTACCCTCGCCAGGAAGGCAGTCCCAATCAAGCACCGGCGTTTCTAGCGAACACTGCTCCTTCTCGCATGAATTGTCAGC,1797,50.19,Saccharomyces cerevisiae
SEQ_753862,TGACGACATCCATCTGTAACATTTGGGTTGTGTTACGCCGACGCCATAATGCCGATCGAACTCTTGAAAAAACGGATTCGGTGGGGTATATTATCTCTTCGGACCGTTAGACCCGTCGAGGTTTTGGGAGCCCCGTTCCGCATTGAATCGCGGCCTGCGAGGTCGCTCGGTGTACCAAAACACAATTATAGGTTGGTGATAGCAAGTGAAATATCGGCAAGAAGCTTTGCGTCTACTCGAAAATTCCCCAGGTGGGTCTATTAATAGGACTCCACCCTATGCGCGCTAGTCACAAGGCTGCAGCTCAGCCACGCTGACGAGACAATCTCTGCGTAAAGAGGTCTAACGGTACCCATCGGGTGCCCTGGGGGTCATGCCCAGAGCTAACACCGGCCAGACCCGTACCTTGAGACCCTCACCTAAATTAGTAAGATCATTAGCTTAGGGCTCCGCACTAGGACGTTGGAAGCGTGGCCTGTAGTGGGGTCTCAAGTCATAACCTGACCATAAGAATCGAGGGCATAATTTCTCCATAAATACCGTCTTGAGGCGTGTGGCTGTTTGAGGACGCTATAGGTGTTATGAGAAAACGACGCCTTTTGCTAGGATGCGGCATGGCTCCACCGCATGCGATGGGAACGCCTTTCACTCGGATTCCGAACGCTTATGTATGACGATCGGAATATCT,688,51.31,Caenorhabditis elegans
SEQ_209616,ATCGTATCGGTAAATCTGAATGCTCCCGTCAAGAGGTATGGCGGTCACTCGCTTATTGGCTCAAGGACTGTCATATGTTTATCTCAGAAATGATAATCCGTAAAGGGGATTTACTCCAATGAATGTGTACTTACTTTGATAGAATGATCGCAGCCCGACCCTGCTACACACCAGAAGTTGGGATGTTATGGTATCCCGGACCCGGCCGAGAATCAGGCCCCTCTCGAAGTGGGTATTCTTGATCGATTACAGCAATTGTCTCATCCTTGGCTCCTCTGGGTCGAAAGATTAAGTACCCTGGCCATCGTCACTCCGATGGGCCTATTTTTTGAACGCTGAGCCTCACAATCCGATTGAGCCGGTTCCCTACTAATACCACGACGCCAAAGCAGGTGGGTGTGTTCTGCGGAGTATGTGCGCAATAAAAACTTTCGACAGTTCCCAGAGGTTTTGTTTAGGGCAGGCGCCTACGGAGAAATAAACATTTTACGCCAGAACACGATTTCGGTGACGAACTATGACTATCCCGTGAGATCTGGTTACTGCCCTAAATTCTCTATAGTGGCTTCCGGATATCATCCAAAAGCTCCTCACGAGCTCTGTCTATAAGACAATGGAATCGTTTTCGCATAATTCTGGTTCCCTCCGGGACTATCTGGAAGTCCTCGGCTGTAAACGGCCCTCTGCCAAGGACCATGTTGCGGTTGTTGTCTAACGGGAAACCTAACCACCTCGATCCCTACAATCCGAATCTTCCTGTGTCCCATCTGGTGATTTAGTGGGAGCCGCAACACGTGCGAAATGTAAGACGAGATAGTCTTACTACTATGTATCCGGCCGCGGAGTCCTCCCGGTCAACACACTTTCAAGTGCTGCGGTGAGGGGAGTGGAAAGGGGCTTCAAGCCCTTGCCTCGTTACCGTCGTAAGCTGGTGCCGGGGAAATCACGCCGAGTTTACGGTCAGCATGGGATGCACATAGTACTGTTAGGTGATCGTGAGGACCGGAGCAGCAGCGCCTAGCAGGCGATACCTCCGGGGGTGGCAGGTCCGTACAAGGGCTTGGTTGGCTTGGATCTTCTTAGCACTCGGCATTTGTCGACGTGTTGTGGTTATTCAGAAGTCGCCTTGCGATAGGGTGATGGGAAGCATCCTTGTGTCATCCGAACGATGGCTCAGAAAGCTGCACCTGCGACCTGGCACCTTTAGGAATAGAACTAGTATACGTCGAACCGTCGTCGTTAAGACTAGTACCGCCGTATTCCTACAATATATGGCGCTCAGTTCGTTGAGTAAAATGAGCTACGCCGAAAAAGGAGCTCGGAATTTAGTTTTTCACGCTGCGGCCCGTCGCCTTCTGATTTAGCTTCTGAACATCCTAACTAACCGCCCCCCTCTCATTGCAGGAGTTTCCA,1413,50.53,Homo sapiens
SEQ_101270,AGCAGGGAGGAGACACCTCTTCCGGAATTGCGTGCGAGGTAGCGGAGAGCCGATGACTCCGCGCCTGCCCAAGGGCGCTCATACGATTGCAGGAGCCTGACCTTGAGAATCTTCAGGATTGGCTATGTCAGGCTATGATCTCCATTACGTCGCATACTCGAGCCAATCTGACTGGCCTAAAAGGACATCCGAAGTTCTCAAAAAACAACGTGCAAGTTGGCCTGTTCCGCGGCCGAGAGCAGACCGCTAAGTCATTTTATTGAACTTGTCTTTGGGAAGGTAAGGATTCGCGGATCCATTGCAGCACGGAATGCTTCACCTACGTACTATACCGTGTCCTTAGAGAAAGCTGTGCATAGTCGATATGGTCAAGGGGATGCGCGCGCTGATCAACTTCTAAAAGAGGGCTGCTACGATAGAATTACGAGGAGCCAAAGTGATTTCTATGCATTCGTAGAGCGATTGTTTCCGATCGTCCTACGGCGGACCTTAGACGGACGTGGCCGCCGGACGACCTGGGCTGAAGAACCTGAGAAGGCCTCTTCATTCGCTCCCCCATTTTCAATTGATTGTCATACTTGGTGGCATCCCTGCAGGCTATAATTAGCATACTTGCCTTAGAGCTAGCCTAGGTGTACGAAGTCCTGTACTGCACCGACGAGGACCGTGGCCCCGCGCACATCTGGGTCGTGCGCATGGGGGGCTATCCCGGATGAAGATGGACTTATCACCGTGAGTAAATTACGTTGTTGCGTCACCCATATCTTTAGGCCTTTCAGATGGCTAAGCTAAGGAATTCCACGGGGCAGGTGCCCCCGCCTTCTCATTTATATACAGCGT,840,52.38,Drosophila melanogaster
SEQ_567097,TATTTAGGGTACCACTGAGTAAACTATGTTAGCCCTGCATGATTAGTAATTATGGGCGACAGGTGTTAGGGGAGAAACGACAGTCCCCATTGGAGGTTCCGGACAATATTGCGGTTCTCTCGAGTTAGTAAACCAGCAAAGTTAAAACTGGCAGTTCTAAATTACGTGCAGGTCAACAAGTCTCGCTGGCTACCTGGTCTTTATTCAACAATAGTCGGGCCGACATCTGATCTGTGTTAGGCGGGTTTGAGAATTCACATACGTAATTGCGAATGATGCTACGCTACTCCATATACGTTGCAATCATCCTTATTATCACTCCGCTAAGTTCGATCCAGGTATGTTCCACCTATCTGCCGGCGAAGACCGGCCTAGGAAAGTCTC,384,45.83,Drosophila melanogaster
SEQ_282016,TAAGTTCCGACTGATCTTCACATGCGAACGTGCTGCCCATGGTTCAGAGATGGCCCCCAACAGCATGGATGTATCTGTGTCGATCTAGAGCGGACCTTCCAGTCGACGGTTGCATAATTCGCAAATGTGCGTGCAAGGCGCCGAGGTCTACTTTATTCATCTAAGGGTAACGGACAGTAGTGATTGCTTCGCGTGGGATCTCGTTCTCCACGCTCCGGCTTAGGCTTTTGTGAGCAACTATCCCGGTTGTATTGTAGGGGCTGTCGGAAATCATATTCCTGGCGCTCTATCCTCCCCTGGGCCGGTCCAACTCTCGATCAAACGTCTATGTTCATCCTGGCTTGCCTTCCGTCTATTAGTCGTTAACGCTGCTCAGCCTCCCCAGTATTTAGTAAAATCCCTCGGACAGTATCGTACCATAGCCCATGCCAGCTCTATCAAGTAAGGTCGTATTCTGTGCAATAACCTGTTTACTACTCCTAAGGAGAAACGAGGCGATTGCTCTAAGCGCGCAAGGCAGGATAACCCTCTTGCCCTACGATAAAGTTTCCGTCATGGTAGTAGTCGCACGCGTCTTAAATACTCCAGATAACTTATGTTCCATGCTTAGGGTAAAACTCAGACGTGCCTCGTCGTCCAGGTAATATGCATCCTGGACAGAAGACAAAGACCATCAACCGCAAGCCGAGACAAATGTGCGTCACGGGCATGACACCTAAACCGGTAGACCCAGGTATATTTCAAGACACCACGATAACTCTATAGGCTACGATAACGTCTGGCCCATTAAACTCTACGAAACCGGGATCGCGGTCTAGAGTTGAACAACCCCATGTACGTCTACTAATAGGTAGCTGATTCTTACTAACTAGACAAGTTACCGACATGAGTCTTTCAAGCTAGATCCTAGTCATGCACTTCTTCAGCGCTGTTTTATATATATCGACGATACTAATTGTCGGCAGTCGTATTAGCACGGAAGGGGAGACCCGTCGATAAAGATACACAGACGGGCCTTTAGATAACGGGGTTGTGATAGTTCCCGTCCTCTCCAAGCTTGAAGAAATATGCGTAGTTCTCCCTACATATAGACCCTAAGACTGGCAGAGGCCCGGTCATGTTTTGCCTTGGGTCATATGGATAGACGTTCGCGTCTCTTGGCTTACAAGAAGTAGTATACTTCAGCCTTTAAAGACGGATATAGTGCATAAACAATAAGATTGCGTGAGCCATCTGGGAGTATGGGAGATTTTCGTTTTAAAACGACGGAATGTACAAGTTAGTTTCCCTGCTATCACGCCATCCGTCCAAGACTAGACGGTCAAAGATAGCGCTCTATGATAGGATTGGAAACTCCGATCTTTACTTCCTGGTTCAAGGGGGGTACGTATATGGCAAATTCGGGTCGCATCCACGCTGGTCGGTCAATTTTAGTGAGTGCCGCCATTTACGCGGAACATGAGTGTGAAATGCCTGAGGGTCTAACCTACTCATCTGTTCGTGATAAGGGTGTTCCCTCGCGTTCTTCCGATCCATTCGCGTTCCTTTCCACTGTTTGCGGCGCCCCGCGAGGTTCCACGTCCTCCGTTTCTTAAAACAACGTCATCGGTTAGTCTGAATGCGCGATGACTTTGATGGGTACAATTGGGTGTTACCCCGGCTTCTACTACCGCTTGTATGCCGTATCTCCGGTGGACTGACGCACGGCTCGTCTGAATGCCATGAAACAGGTATGGAAGGAGTACGGCTGGGCTAAGCAGGATGCCACATTCCTACTGACGT,1782,48.82,Drosophila melanogaster
SEQ_729085,CGCAAAGTAAGTGATCCACATTTGGGCGAACCTGAAACGACTACTCAGCATCGGGAAATATTGTTAATTAGCGGTTAGTGACAGGATCAGATAGTATCCCCCGCACTATCCGAAAATACCTACTAAATGGCCGTTGCTGTGTGCAACAAAACCTTACTGGTCAGCCCCAAGTCCAAGGAACAGCATATCGCATCCAGGTCGAAATACAGCAGTCATCTACGTATGGAGCATCGCGCCAGTGGCACGTAGACCAGCATCTTTAGTAAGTTGCTACAGATGAGAATGTTCCATAGTAAATGACGGTATATGAGCCGTTGATTTGACCATGCCATGGAACAGGCCAAAAAAAAAATGTTGACTAGACCTAGGATTGTAGCTCCCTACTGGCCTTCCCCCGTTAACAAAACTATTAGGACATAAGAACGTCCGGTACGGTAGACGACGTTAGCAACTCCATCAAGTGAGCTGACCGACGAGGAGCCGTGCTGTGAGAACGCTATTCCTATATCAAATGATCTGGCTTACATAGCACCGGTAGCCGATAGCTCTCATTACACCTTGCACTCACTATCAGACTGAGTCGATCAAAACACAGCTAACTCACGGATTTGTGAAAAGAACCGTCCAGAGTGCAATAGCCCAAGCCCAACATACAGGAATACGGCCTGGATCGCCGGGATCGCCCAATATTCCATAAGTTGTAGCATCCTAACGTTGTCTGGTTGACTTAATCACAATCTCCAACGGGATTGAAGTAAAGATGATGGGCGTTTGGACTCCCACGCAATCTAGAGCTGGGAATCTAAATGGAAGGCTCTCCATATGTTACAATTGACCGTCCGCCTTGACAACT,853,46.78,Saccharomyces cerevisiae
SEQ_304302,AGATCACTAGGTTCCCAGGACGTAGCCATTTCTGCGGTGTACGCGCTCAACTAGGAGGACAATCGCAATAAAGCGGTGGAATCACTGGAGTATTTTAAAATCGCCCAGCTAACAGCGGTCCTCCAGTCGCCATGGCGTACCGGTTACTATGGGTCCTATTGGACGGATGGTGGTAGCGCTTTACACTACTCTAGTACCCTCCGGGGGCAGACTA,214,52.8,Caenorhabditis elegans
SEQ_891220,CAGTATTATTACTGGGGCTTTGAAGTTGGGCAGTTACTTCTCAACGTCAGCTACTCCACCAAATCCGGGGCGGGAAGGACACGATATTGAGACTAAACTGTATCCCGGCGCGTGAGAGAGGAGCTCTGTCCATTGAATAGTTTAAAAACGTGTCGGTAGACTTAGTGGCCGCTATTTCTGGTGCTCGCGGGACAGATAAACAATGATCCGGTGATTGATGTGCAACCTGACCGCCGGCGTTTTGGTGACGAGTTCCTTCCTGTAAGGCGTGGGTCTAACTAACCGTTCACGGACCTCCTAAACGTCGCATGATGCTTGTTCCCCAAGTGATTCTCTAACCTGCTCGTTGCATGGGACTTTTTATAAGGAGCTAAGCCCAAGCGAACGTATCTGTCGCAGAGTTTGGGATGCGCCTGTGGGTCCCACCGCTGAGCAAAGAACACGGCGAAGAGCGTGGCACTCTTCAAGTCGTCGGCTGAGTTAACCAAGGCGTGGTGCATAAAGTCCAGGACTTACAACAAGGTAAGACCGTATGTCTTGTCGGGGCTCTTACGAATGTCAATAAAGCCCGGTCCGGTAGCTGCCGGCGGGCAGACCATTAGAGGGTCCCATGAAAGGGTAGATTCATAGCAGCAGGTTCCCACGCGCCCACTGTAAGTTATAAACGCGGTGAACAACTTGAATATTAGCATGCTTGAGTTACACCAAGGAAGCATGGAAGCCTTGCGGGGGCCGGTACCCTCCATAAGTCATGCTTAGCACCGAAGGATCAGTGGCACATATTGAGCCTAACCTCTTCGGACAGTTCGCCGTAGTAGTCCCTGGCGTACGTTCAACCTCTTCATAACAACATACCGCAGCTACTGGTCGGACTAGCCATAGGATGCACGTACGGAACTTTCGCTGAGCATTTCGTCGCACTCTTCACAACAATCCCTCCCTCCCACCTACCCCCGACCCGGCTGTTTTTCAAAGGAATTACATACAGCCTGCTATTCCGTGGAAGTTCCTTTCAAGCCGTCGGACCTGCGTGAAGAGCCCGCTTCGCCTCGACGTGCACAAAACAAAGATCACGGGGAACACCTGGGGCTGAGAAATTTTGCCGACTCTGCAAAACATATACGATACAATCAGATAAGAGGAGTGATTAGGATTCTTGTGTATTACGGTACTTTGCTGCAGGATGTCAGGAATTCGCGAAGAAGGGAAGTCCATCCGGTTGCCCGTGAAGAGTTCGTTTAGCAAGAATTAAGACCACGTGCAAAGCGACATGAGTTGATCCCCCGTTGATTATTGCCCAATGAGTTACATTGGTTCCTTGATGAAAAAGCAGTTCAATTTGTTGGATCGATAGTCTAGTGGGGACTGTTAAGATCGCGGTTACAGGCTTAACTTTTTATAAGCTTGCGACATGCTAGTGCACGTCTTTTCTGCAGGAAACACCATTGAGTGGGAGGACGGGTACACCCGCTTAGCGGTAATAGGACCTGAAGTTCTTACATGACGGTAAGCTAAGTACCATTTTCGCAGGCTCGCACCGTATTATCTTTAAGAAGCTGCTTC,1563,49.97,Caenorhabditis elegans
SEQ_718434,TGCTTTTCAACTTAATGTGGTGATAGCTAATGGAAAATGTCCTACTTATGTATCTGACCTTAATCCAGATAATCTTTCTGACCCGCGCGACACAATAAGGTTGGGATTAAACCCACGCTGGTGCTGGCATAGCTGTCCATTCAGCTGCTCCCCGTATTCGGTATTTTGTACGACCGTCGCGAGTTAGAATCGAGCGAGACTCGGA,205,46.34,Arabidopsis thaliana
SEQ_756572,ACACTGGACGCGATTGGTATGGCATCATCCTTGCGGTTTAAATGCAGTTGATACTCGCGTCAGTAAGAACAAACTGACTCGCGCCTGTTAGAGATGCATGCTCCACGGAAAGTGGCCTCTGAAAGATTCGTTGCTCGCACTGGTTTCTATTGCTAAAAGACACAATCCTCTATGGTTGTCCTGACGTAGGGACAGGGCAAATGCATGTATTGCTTGTATGTGATAAATCCAAGGCTACGCATCTTACAAGCCCTGGACCGAAGGGACCCGCGAGCTTCTTACTTTCTTATAAAATCGTCATAGACCGCGTTACCATCCTTTCCTCTATCGACCATCCCTGACGTAGACGGCCGCCTAGATTTAGTCGTACCTGGTCTGCCTTTTTAGGACCGCTACACTATCAATGACAGGATGCCAACGAAGTCTGTATGGATGCTATCCTGTGAACGTTTGACGCAGATCATGATCTATAACCATGATAAAGCTGTAGCAGGGGGAACCACCGTGAACGGTTCTGAGTGGTAGTCGGCACGCCTACGTCAACTCTGCCAGCGTTTGACAGTCGATGGTGATCCTGGACCCAGTCCTATCCCAAGTGGGAGACAGCGTGCCCGAGCCTAAGTCGTCGAGCAAACGAGACGCCCAAAGTTTACGTCTCTATTTGCGACTCGGCCGTCACCGCAACACATCGAATGTTGATTACCCGTGACTCTGCTGCTGAAAAGAACTTTATATGTGAGAGTCAAGCCGGTTCGATATGATTGGCTTTAAAGCTGTATGGTAATTTGGCTCCTTACCACGCTATTCCGTCGCCGATGCGAGTCCAGACCGTGACGTCCTAGCCAATGTAGTCCTTAGGCTTCGATCCTGGGATCTTTCCCTTTAAGCATAAATACTGTACTACGGGTGGAACCTGCCGCGAAGCGCAGCCATCTCAGAAGTCTGCAATATGCGGTACGCAGTTTGCGATAGATCGTCGCCTAGCTCCCCCGTATGCGGGACGTTAGTTTTGGAATTACTGGTAGGACCGATCGCGAGATGACGGAATAGCGGGCAGTAGTTCGAGCCCGCTAGAGTCCATTCCTTGCCACAAGTCACCCGTAATTCGAGCTAAGTTTGTTTAAATTATTTGTCAGCGGAGTTCCTGTTAGGTATAGGCGGCGGCTCCCCTAGACTGTAGCAAACTACTTTGGAATTCATCCAGTCCACGGTGGGTCATGACATCCTTCAGAATTTTCAGCGCGCGGGACGGTACAGTGTGACGAACGGCACAGAGCTGTGATTCAAGGCTGTAAATACATGTGAAGGATTATAAATTCTGGGAGTCTGCAGCCACCAGAGATGCTGCCTTCATCCTGACATCAGGTATTATTATATTAGTCGCTACCGAGTTCACTCGCGAGGGCCTACGCACCTATATCCAGGACTGCTCCCGTCTGGCGCCTTCAGACCTCACGGGCGATGCCGGGCCAGCAGCTGCACCAGAATCGCATATGTCATCAGCATCCATGTCGATAATGTTGATATTTTAGTAATCTGGATCCGACGGATCTAATCCCCCATTTGTGAGTTTTAAGGGGCTGCTATGTGCTATGGTACCTTCTATGACTATAACAATCGCTTTCCGCAAGGCAACAGCGCGCTTTGACTCAATAAGAGAGAACAGGTGTATACGTGTAGACCGTTCCTCGGAGAATACCAGTTATCCTGGTCAGAATAACGGGCTGCGCACCTCCGTTTCAAATAGGCCTCTCTTAATTTACCCTTGGTTGATTACCGATGTATCGGGAAGCGCGTGACGGGCACTATCTAT,1813,49.75,Arabidopsis thaliana
SEQ_128633,CCTCGACCTGGTATGGATGATGTGATGGAAGCGTGTGTTATACGATGGTAGCAATTTGCTT,61,45.9,Caenorhabditis elegans
SEQ_972911,GGCCGAGAGAGATGGTGCGCTCTACTTGTCTAAAAGGGTGTAGCGTTGATCACCGACTTTTCAAGCCGACAGTAAGGCAAGTCTCGGCTAGCCATCTCGACAGTCCGTCCTAATTACCGAGACTGTGAGTAGAATTGCTGAGGAACGTTAGCGGGGGATCATAACACGTAGCGTGACGGTCCCTTGAGTCTTTCAATGTGTTAAAGAGACGGTATACAGTTAATGAGACGGGTCAGTGCCATGGTTCCGAAGATACTACTTGAACTAGCGACGCCTACGCTGATTGAACTCAATT,295,49.15,Escherichia coli
SEQ_134940,TGATAACTAGCTATCCGTTTCGATTTTCCTTGCTCTCCTGGCAACGGGACAGTAATCATTGCGAGACAACTCTTTACTCGTCAAGCCTGTGGGTTTAGATGACTGCCAAGACTTGTGACTACACGACCCTCTCCCAGCGCCAGTCAATCTTCAATCTTCAACCTTTCTTGACCGATATCGATTACTTTGACACCTCGGCAAACAGGCTCCAGTTACGACTTGCGCCATTAGGTAAGTGTAATGGGCGCCGCTTATAAGGATGTCACGGGGGGAATCCGCGTCAAGACTAAACTTCTGCAGTTGCACGGGGGATACGAATCAGGTACCCACCGTGAGGCGCAACCATGGCAACAGCTAAATCACCGCAATACGATTCACCGGTTATGAAAATCTTTGAGTAATGTACTCTTTTTGCGTGAACGACGCGCTGCACAGTTTATGTCCAGAGTATCCCCCGCCGCCGGTAATTAAGGAAGAACGTCCCGCCCGCGATCCTCAAAAGGTTGCAGCTGGCAGGCGTCCAAGTCAATGGCCTAAGAACTACACATACGCAGCTTTGCCACCGCACTAGATAGTACAGAAGGTCCTGAGGCCATCGTTATTCCTCCTGTCCACAAGCAGCTTAACATTCCGTTTGAACAGGCCATCACCATTTCGCCACACCCCGCTAATCACCCCAATGGGCAGTGTCGCTTATGTGTCTCGTTTGTCAGAGAGAAAAAGCTACGACCTTTACGCTAATTCTCCCTACCCGTTCTCTTCTGACATATAGCAAAACTGGGTCTAGCCTTTTAGTCAGCGTGCGCGTTCAGGGTATTGCGTCTGTACGTGGGGTCCGCGAGTGCCATGAAGTCTCACGTGACTGGTAACACCACCGGCCCTATCCGACAAGTCTGTATACAGTTGCCAGTGTAACCGGAGCGCCAACTTTTCAAACCTAATCTCTTTGCTGGCCTCCGTTTAAGCGAGAGCGTTCTCACTTACTCGGTAATCGTGTCAATGGATAGTATGACGCTCATCACCCCCGAACCCGAACAATTTGAGGTATGGTCAGAACATGACACTGGGGTTCGTTTTAACCTACCATAACGTAGCATCGTTCGGGTCGTGCTTCCACTCTAGCGCAGCCGTGCTTCAAAGAGATCTCCCGCCAGGCCGTCCCTCGACACATTGCTTAGTTCATCGAATAGACGCGCAGGGTGTGATTACTCACCCTTCCTTGTTGTCACAACGGCCACCGGTCGGCGGTTACTTCTTTAGCATGTGGCGCTGTGCCTG,1278,51.1,Arabidopsis thaliana
SEQ_396823,GACACGCTTGACCACGTGTTAGGTTGGGATTAACCCCATTTTTATGACATGGACATAGCTGCGTTATGTCATGAAATACCATCCTAACGAACCGAGTTGTTACAAAATAATCGTTCCGTCGGGGAAATCGTAAATGATGTTATCGCATGGGTCGGTGAAAGCATACAGAATCAACGTATGAGGACCATTCGTGCAGTAGCCAATGCTCCGAGTGGCGTTATATTAAGCCGTGGAATCGGCGCCGCAGAATAACTCAGTCGAAGCTCGGTTCTTTAAGCACGATATTCTATACCTACTAAACCACCGACCCCTTGTTGCTGCTGGTATGATCAAACCCACGTACAGGATATTGGGGTTCCAGTTCGGTCTAGCGTTTAATTTATAGTATAAAATATAGTGGGAGCTAGGCAGGAGCTCCGTAAGTTCTTAATGGCGAATTGACCCCATGTCACGTATCCGCGTGTAATTTGTCGGCGCTAACTAAGTTACGTCTCGTGACGGTGTCCCATGAGAACATAACTGGCGTACGCCAAATCACGATGCCATCACACACGAAGTTGTGGCATGCTAAATAACGACTATCTGTTGAACTCAGAAGTCGTCAAGGAGCCTCTTCTGGGTTCCAAGGATGTCTTCGTATCGGTCGGCCTGAGTTATCGACAGGTCAGCATGACTTGAGCTAGATGGGGCTACGCCGTAATGCTACACCCCTATTGCTTGGGCCGGATAATGTGCTAAACTCTAAGATTAGCGCTATCAACGCCCATTCTTCCCACTAACGCAATTTATAGCCGTTTCGCCTGAATGGCTACCCGGTGGCTAGGCTGTACCCCGGAGCCTTTGGGGGCTGAGGCGATACCTCCATCTTCGCCCAATTGCCAAAAGAAGAGTATTACAAACGAGGGGGTGACATCCACAAATTCAAATTCGGCATCCTCACTTCCTTTACTCACGGGCACATAGGACAGTGATATTTGATGGAGTGCGGATGTGTTGGAT,999,47.85,Drosophila melanogaster
SEQ_405196,TGGGGGGCTGTATTGTTTCTGATCGTGCTACATACAACACGTGATCCCAGCATTGTTGCACACCTCGAGACGACATGCCGAAAATGGGAGGACAACTGAGGTGCGAACACGAATACCTCCGTCGTAGCGTTCCCCCATCGTACCTTACTAAAACTTTAATTCCGTCAGGTCTCCACACCTCGTTCTCAACGTACTGTTCTACGAGTAATACGATGCAT,218,49.08,Homo sapiens
SEQ_865377,GAGGGCTATAATAACGTGAACTTTCCTACGGTTCGCCTGGGTGTGGGGTAATCAGACGCGCCAGTATCATGACGCTATCCGAGGGATGTACAACAATGACAGGCAAGGTAGTGTCGAGCTTCGGAAACCGTGCGAAGTATAGGCACTTCATTATGGGTACCGGCCAAGCGGCAGCTACACACACAAACGCCCGGACGGTCCTTCCTGTACTCCGTAACTAGCTGAGGTGCATCCATATCATCAGTCAATGGTTAAGGAGCGAGATGCAGTTGCTTAGGCATCGACAAGAGTCGTGGTGCTCTAAATTTAATCCAGAGACACTTAACTACGTACTCTCCGGGAAGCCATCGGAGAGGCAGGTTAACACGCACCTGCCGCTAGGATAGGAAATATACAGTTTACGAAAACGGGGAGCGGTTTACGGAGTACAAATTTGCCGTACCGGGACGCATATTGTGTACAAGTGTCGACGTCCCCATAGACTCGGGAGGTGGTACGTAGGCCATGGCTGTAGTGAGAATGGGACCGGTGGGTGCGAAAGACGAACGGCTGCTTTCCCACGCTCGACTTGTGCAAAACACGACTACGGGATTTCACGGCACCGCAGTCGATGGACGGTTTCAAAAGCCTAACTGTATATCGGTGACGACTCGGTCGTGGAACGCCGCAGTCCTAATGTGATACAGAGCGGATTTTAGTAGCGTACCTGGTTCCTGCCACATGGCAGGG,729,52.54,Mus musculus
SEQ_829466,AAAAGTTCTCACGTGTATTCATGACAATTAAGGCAGGGGCGATGGTAGTACAATCTTTACGAGCTACAACAACATACGAGAAGGTTATGAAGTCTAATGGCGGGGCGCATGATTTTCCGTCTATTCAAAGGATCGGGGGTCGTTGCTGCTTTCAAAAAGCGAGGTCTTTTCGCACACCGTCGCTTAGGTAAGGTACAGCACAAGACTTGCGTGGGGTAAAAGCAGACAATGAACCCCAACATGGTTAGTTGGCACCTGAGTCAAATTGGGTTATCTAATCTCCGTGTAACTCTGCTAAAGTCCGAATAGACCATTTTGGATAATGTCTACGTTCTGCAGGTTCTGACACCTGTCGAACGGAGCGATGCTATAACTTGCTCAAACCATGTACCGGAGAGCTGGACTCACCCTGATAACTTCTTCGGCCCATATATATCAGAAGGACAGCACAAAGGAAAGGACGGGCCCTATCATAAGCTCTGTGGGCGCGCGTTCTCTTGGGTGCTGTTACATGATTCCCCGCTGAGGACGACTAGATCGACATAGGTTTATCTAGTTCGAAGTATATAAACCCTCTGAGCCCGGACTTGCTATAGCATGAGAGAGGTTACACCGCCGTTCAAGCTCTAAGAAGGTAGTGACGCGGAACAGTAAGTCGACTGGGATGCTTGGAGCTGTCAGGTAGCCGGGCGACATGACTGGTGCTAGCCCCTGCATCGTCTGACAAACACCCCTGGTGAGATGCATTCATAATTTTACGTTAATTGCGCAAACCACGCTGGCAATAGACCAAATTAAACTGATCTTTCCCGCACGGGGCACAGCCTACTTCGGTATTGGCCCAGGCCGTTCTTACATGCGTATCTTAGGGTCTTGTAATCCTATCCGGGCATTACCCAACAACGGAGCCATTCACTGATAGGCACATTTCTGAACTTAACTCAGCTTGATCTGTATTCTTCGACACTCGCAGAGTGCCAGTCTCAGGATGTGATCTCCCTCTACATAATGTTACATCGAGCCAGCGAGAAGGTGTTTATCCTTGCCCGGATCAGAAGTGCGGGGGGGAGTGTATTCGATACACACATGCTAGTGCTCTAGGCACTAGCACGAGGCTATCAAGCGGTTTTTGAGTGGTCTGTTGGAAGTCTCGCACTTTTATGGGCCTACCAAATGCTTTCAGGGGGGGATATGTACTGTCAGTACCCATACGTTATGGTTCGACCCTCGTCCACCCCCTGGATAACCTGGAAAGTGATACCCAGCGCAGCTGTTCTGCAGGTTAATCCCGAAGATACATTGGCGGTCGTGAGGTCCCATGATGCTAATGTATTAAGCTCCAGCTGATTGGCTGCGCCTGTGGCTTGTCGGTGATAATTATGTTATAGCGCCGCTTAGTAATGGTAGACGTACATCTTGTACAAGATACTCAGTCAGCACAAACATACTACTTTGAGATCTTAGTGCCTATTCCACGGGTTAAAGGCAGACGTACTCTCTAGATGCCATACAAATGAGAAGCTCCTCGAATGTCTTGCCTCGATTAGTGCCGATCAATCCTATAGGCGCGAGGCATGGGCATGATGGGGTGCTGCCTCTACACCCTCCACGTCCTATTTGTGGTAATGGTAGGCCTCACAGTTGCGTATGACGT,1654,48.85,Caenorhabditis elegans
SEQ_224845,AAACTCAACCCTGAGGAGCGCTTGGAGTCGAGAATCCATTGGTCAGGTCTTGAAAAGGTGCACAATCCGGGCTCATGGCTGGGCCACATTAGAACGTAGATCAACGTCTAGGTTCTCACAATTCTGACACCTATATGTGAGTTAACCATAAGGGAGTGCGAGATCAGGGATAAGCACGAACCCTTTTAACCACGAGTACCCCTACCACTTCACCTCGCAAAAGGCCATCCACTAGGACTCGGCATTAGAGATAAAATGCGCACTGAAACGCCGAAGCTTACATCGGAGAATTTGTTTATAGCCGATTATGGCGTGGCTCTATAATACAATTCGACAAGACGGCCCACCTTCCCCGCAGCAATATTTATCTATACAACTAGACCTGAATGTTGTCGTCACTCATGCTCCGAAAATTTTATCTGGAGAATAGGACCTATTCTAAGAGGAGGTTGGTAGCAATGTCGCCTTCCTATTGTATTAAGAAAGGTTGCCTGTAAGTCTACCTGCTTAGCAGGTATGTTTTGCGTCGGCTCAGCGGATCTCATTTTGTGTTGCCCGACCAATATGAGAACTTCCAGCTGCAAAGGGGAACGATACATAGGTCCGTAGAGACAGAGCTAAAAGCGTTTTGTGACTACGCGAAAACGTTAGATTGTGATCAGTCGCCGGTGAATTAAGGTGCTCACGCAAGAGATCCTTAGTCGGTAAAAC,711,46.41,Drosophila melanogaster
SEQ_255854,GGCTGTGAAACTAAGATAGGAGGAATTAAGTAAGAATAAGGTTCCAGATGACTTTTGCTATCCTGCAAGCATCCGCTTCCTCGGTGACCGCGCGAATGCCGAGGATTCATACATCTTCCAGGCTCATGTTTTGTATTGTTGACGCTTTTGTATGACGAATATATCAACACATAGGAGGTTCTAGTGGCTAATCACTGTCATGCAGGTCCAACGCACTCCATCGATACGTTGCATCTGGCCCCTATCCGGTAGGCCCCCCATACCTTAAGCTGCGTAGAACATCTGTATCTCAGCTCGGAGTGGTCGAAATCTGAGCGATACTTTAA,326,46.93,Saccharomyces cerevisiae
SEQ_421394,ACCTGTTTCGATGCTAATCCTCATGATTTCTGGACTGCAAGCGGAGCGGTGGCGGGTGATCGCAGTGGAGGGAGAAACAAGTATCTCCTCTCCACCTCATAGCCAACATATGACTCAGTCTCATGACACCGACGGGTTGGGGGAGTTATCCGGGCATTCTTCGCCTATGCGCCAGACATCAGGAGTCCTCATCGGGCCAAACCACCCCGCTAATCCATGTCTATTTCGACGTCGCAATAAACTGACCTACGAGTGCTGTCAGCGTCGCTTAATACCCTTTGCTGGTACGCGAGGGAACTCTACACACTAAAGGTGGAACCCGACCTGCTCGAAATTTGTTACGCGGTGGCCCCTCCGTCTAAGTCAGTCTTACAGATAACTCGCAGCCTGATTAAGTATGTTCGAGTAATAATGCAACCCCCAGACAACACTTATCTGCCTCTAGCAGTAGCTATTTCGCTACCTCTGACTGCCGGAGGTCCTATACATCGAGACGTTCTAGGAGTAAAAGGTCTTCGCATTCCTACGATGATCACCGGCCTTTATTTCACATGTACTAGGTCTGCTACCGCCTACATAAGCCCTTTTTCATGCGGAGCGCGAAGTTTGTATTTTTCT,618,50.32,Arabidopsis thaliana
SEQ_392052,TGCGACTCCGTAATAACTTCAGCTACTATTTTACAATTATACTATCTACCCGGATACATGACCGGCAAGCATGCATCTCCTATCCGACGAGTACCTTGTGGCGGAATTGCCAACGAATTTGACCGCAATCGAAAGCCGTGCACTTACGAACTCGCGCCTAGCCGGTTAGTACATAAAGACTACTGGTTAAATGTCGGGTTGAGCTGTCACCTTCCAAGCTAGTAAGCGTAATGGTATACTCAAAACCAGCGGAACTTCTGTTGCATAACCCGCTACTGCTATTTTGTCATTTATTGTCGGACTTTTTACATGGTGAAGAGTGCGAACTTGAGCTCGATTGCTGACTGCAATCTATGTAGCACGAAAAACGCGGAGAAACCATGTCCCCACCCTTTGGGCGACACCTCGACCGGCAGAGTTCTGCACAGGCTTACGAGTGTTCCTACCGAAACTCAAGGCAATATTTCGGCTAGCCACCGTCGCCATAGTGCATTTAGGTTACGTCATCCGCAAGCGAGTATGACAATTGGCTACATGGAAAGTTGGGCGATCGCAGGTGCTTGGTGCTAGAGAGAGTTTCGGCCCAGACCCTATTGGTAGAAGTAATCGGGACGCTAAATCGTCCACTGCAGAAAGAGAAGCGCCGACTAGCGACAGCGCCAAAGATACCAGGCCAGCGAAAACATAGCTGCCGGCATGCGCGTCGGAGGAGGCAGCTTCCATTCAATCCGGCTCCGCCGTAAAACCTGGTTATAACACTGAGGATGCGAGTTTTGGCTGTTGCTCGGGAGGAGGCCGTCGCTTATATAGATAGAAGTGTAGGGGGGCTTTCTGGTTAGACAGCGCAGCAATCCCAAGAAACGGCCCAGAGTAAGTAGGCACTACGGCGTAATCGAAAATAGTCGGATGACTCTAGTTCAGAAAACGTGGTCTTACTTATGAACTCCGAGCGATATAACGGTCGTATAACGGTGTCACCGGTCCCTGATTCACTCGGCTAGCGAAGCCCTTCTCTCTGCGGGAATTTAGAATGAAACCAAATGCCGGCCAAACTTTTAGTCAATGACATCGGGTGTCGGCACCGTGTGGATCGATGGCCGCGCTCAAACATGTCGCATAACCTTTCACTAATGAAAGCGATGGCGTACGTACCACTCAAGCCCATCGGTATGAAGG,1176,50.17,Escherichia coli
SEQ_739510,GTTGACGCGCGCGACATTCCGGGCCAACGAAGCAGTTATCTTAAGCTTATTGACATCGCCGAGGCCTCGAGCGATCGGTCGCACGAAAGCCGAATTGTACGAACGGTGCTAATTATGAAGTACCACTACTATCTGTTGGACTAATTGGCATTGGGAGACGCTAGACCTACTCCGTCTTTGGGCTCGTCCAGTGCCTGAGATCGCGAGCTGTATAACAAATAA,222,50.9,Caenorhabditis elegans
SEQ_405455,AAGCTTGATTATTCATTGGCCTGTGAGCGCAGAGACCCAACATACCTACATTATACTATCCCACGGCTCAAATGAAAGGAAAATCCTTGTATATCATGTGGACCGAAGATGGAAAGGTGGAACGATCCATACTCGCCCCCTACTACGTCAGCGAACACATGGTCCAGCGCGTTACCCTTGCATTAACTTAAGAACGCCGCATAGATAGTACGTTCCACTAAGAGCAGTCCCTTAGCAAGGTGCACCCTACTGAATGTCAACGCACGCACAGTATGGTTGTTGTCTGCGGTTTACAAGGTTTCCAGGTATTTTAGCTACACCTAATATTATTACCAGTCTTCGATCCTGGGTAATCTGCTCCCACGGGGGCTACGCCCCCCCTGCTCAACCATTTTGTCGGGAAGCGATTCCACGGCGTAAGCAATTTTGCGTTGAAGTTGTCGGATTTAAAACTAATATCTGGGAGAAGTACGCTAAGCGGGCTAGTCCTAGAGGGGGTGTGTTACGTCGGTTCCCGATACAGCGCGCATAAAACAGAACCCGACTCATCCCCGACTCGTGACTGCCTACCGCATAAAGTCCCGGAGTAAACCTCAGAGACACCTGCACCCTCATTTAAGGTTCTGCGCGCTTGGGGCGTCTC,643,49.92,Arabidopsis thaliana
SEQ_533229,ATTAAAGTTCGTTCCGTATTCGATTGCTTGGGGGCCTTAAAAATTTCTCGCCTGACAGATCTCCGCAGCCAGCGGCTAGCCAAGAAAAGCAGAGATCGAGTTGCGTATGGCCTATGGCGTCGAGCACTGCTTCTGCCATAGGATGCGGGTCGATGAGTCCTCCGATTATCAACCTATCGCTGATACTACGGCTCTCCTAATGGGATGCCACATAGCCATTATGCACAGTGCTTATACGGGTGTCCAACGTCTGAAGACGTAGGACTGCACCACGTTTCTCCTACTCTGGCAATGTCCTATTTGGTCCTTAGCGGAGATTCATGGACCCTACAAACCGGGGAAGCCCGCAGGTATATGGATGTGTCGCAGATTGGGTCACGCTACATTCATTCCACCATGCACAAGACTTCATCCAACCATTTCGATAACCGCCGTCTGGTGCAGCATGAGGGGGTGAGTGGTAGGCCCCTAGGACGTGCCCTTCACGAATATTCTTCGAGTGATGCTCGGGCTTGTCATCTACCTGCAATGCTTGTGTCCGGCGCGTTGTATTAGCGTAAGCAGAAGCCTACACAAGTCTGGCAGCTAGCATGTCTCTAATTTGAATAACAATAGTTGGAACTTTCGTGCCTATCGGGCGCTTTTGATAAATCAGAGTCTAACAAGTAACAAGCCTGCGATAAACACTATTTAATAGTATCGCGTCCCGGAGATAAAGCCGAAAGTTTAATGGAATCTCTTCAAAAAGCTCCCCTCGTAATTGGCGGTCCATCAAATGAGTAACGCCGTTGCCAGGGGTAGTTGTCTCGGCAACCCACGGCAGTACCGCCCGCCTATTAAAAAGGGGATCACTCACGGTCATGGAAGATCCGTATTTCATTTTTAATTGTGAGAACCATGAGGCCAATCTTCACCGCTGTTGCCTTAGCGTCCGGCGGCTTTGCTAAATGAAAGGCCACTCAATCGACTGGGAGCTGGCTAGAGCCG,987,49.95,Drosophila melanogaster
SEQ_214281,CGACCGACTCGCAGCCATCGGGGGAGTACACTATGGGGGTACGAATCCAAGAGATGGAAAGGGACCAGGCTGCATGCGTAGATCGACGTCTCCGATAATGAGCCACCATGGTTCGATCGCGAACAATTCACCGTGCGACGACCAGGAAGCGGCCTTCTGGTGCGTCAAAAACACCTCCAGTTCGCCGAACAGACTAGAACAACGTCGTGCCGGAAGGGGTTAGTTCGAGCGATGCTAAACGCCGCTCTTATTTAGATTTCATCTTCGTAGACCAATACTGCCTCAGGCTCATCATCTTTTTAGTTTGTCCAGCCAGGAGGCGACTACACCCGGGACCGAAGCGTCTGTCCCCACAGCTGTTGTGCCAAAGTTCCTTGTTCATTATCCATAATTGCGCTGGGGTTTCTTGACACGGCGTACCATTCCGATGATCCGGTGATAGGATACTGACTAGAACCTCTCCTCGTCTAGTTCGTGTGTGGCTACTTCCTAGAACTTCTTAGACGAACCAAACAGCGCAAAAGAGCGGAACGGCATCTGTATTCCGACGAACCTCTGACGCCGCCCGCTCCGATATGAGTTGTTTTAGGGATCAGCTTATCGTTGGGAATTTG,614,52.28,Drosophila melanogaster
SEQ_676923,TTTATCTGCGAAGCCGTTAACCGGCATAAGTGAACAGAATAGATCGTCAGTAGCAAAAGGGGCAAAGCGCCTGCAGACGGACTGTCCATAGAACAAGCATGAATAAAAAGGACGGCGTTTTTCAGACATGGCATGAGTCAGACCGTATACGGACGTTTACGCAGCGGGCCCACTAAAAGTTAATGTGGGGGATGGATATTGTGCCGTTGCGGGCTTAGGACATGGGTATAGCCACTAAACATTCCTTTTAGAGGTTCCCATACAGTGACTGTGGGTTTCGACATGAAGTGGGAGACATGCCGATCAAGGGCTGCTTGTTCCGTGTTCCCGGGACCGATGGTGTCAGATTCCAAGCACGACGTAAAAATTACGCGCCGGATAAACAGCAGCGAGTTGAACATGCAGGTGTGTAGACCGCGAAGCAGCCTGTGATAAACTGCTATATAGCCTGCCCCTATACGTCCAAAGGGGGCACCAGCTTGGTGCCCTGTGTTCATCAAACATCCAATAGCGGCTCTGAATTAGTGTAAGCCACTTGTCCCCTCTTCTATCGGCCCCCGCGGCCTCCCCCATGATGGCGTGAATTTGCCATGCATCGTTCTACGAACAATCGGTATGGAGTAGGTCTTACGCCCACACGTTAAAATCGATTGATGTAGGGCCACCCTATACGCTCTAGAATCATCGGGGGTGCACGCAGACGGAACTGTTACGCATGCTACTTAGGCGGCAAAGCGCCGCAACTATATGCCAGCGGCAGTATCAATTAGTGCACTCAAAGAATAATGTCGGTAGGATGTATGCGCGCAAGTCAGGGGCCGGGTTCATCGAACCGACTATTGTTGATCCCCTCACAAGAACGGTTCGTCTTCGCGTGATACGATCATGGCAAAGGGCCTATTCGAAGTGGTACTCTCTGAACCCGTATAAGTGTGCGGGCTCTGGAGCCGGTTTTATTGACCGGTGGTGACTGAGACGGCGATCTATTTCTAGTCTTCTCCCCACGCGCTTCCGAGTACGGAGTAAGAAGCTCA,1034,51.45,Escherichia coli
SEQ_200588,AGTAGAACAGCCTGCCTAAACTGACCAAGTGCGCGCTGCCTCTTAGTGGAGTATGAAGGATCCAAAACAAGAGATATTATGTGCGCATATGGAAAAGGTTTAGGGTTGCCCAACCGCACTCGTAGTTCTCGGTATCCCGTACTTAAGCACGGTCTGAATGGCTCAATACGAATGGGGACTACTGTGAAGTCCAGTCGCACCACCGCAATCGGGGATATCCACATGGCGTACCCGCACCGGCGGCACCGGGCCTCTATCGAGTATACGTGGGATGCCCTACTTCGTCCTAGACCCCCCTCGTGTCAGGGTCGTTACCGACGTAAGGTAAACAGCCATTGGTCGGACTTCACAAGACGTTAGAACGCCTACCGAGTTGAGCCAGGTCTCCCGTAAACCTTCCGTGACGAAACCAGCCTCCAATAGTAAAGGGTCGTATTTTCCTAAGTACAAAGTAAGTAGTGTTGGTGGGGTGTTTTCTCACTTCCGTTCTCCTCGTGTTTGACGCGGTTCTCGTATGCATGCTAGATCGGCAAGTGGAGAGAGAGACTAAAATGTCGCGCGTACCTACGGCCGTCTGCATTGTGTCACAGAAGAACGCAGTTCAAACTCCTTTAACCCTAAGAACCATGTGTCCCAATGAACGTGTTCATGGCCAGCTCTATGCGCGCATTCGTGGATTGTCAGTTACGGATTAAAAAGTCGAAGCAAGGCAGGCCAGGCGCCATATTGGTCATCAGGACCTTAGGATGGATCTATTGTCTATAGGCGTTACCGCCCTGAAGTGCAGCCTAGAATTTCGTCGAGTGCTAGTGCGTGGCTGATTTGCCACTTTTTGGTACGTTCGAGACAACGCATTTGTCCCTGCGGCCTCGTGTGATCTTGCTTTTAGCGGTGTTGTGACTTGCAAGTTACCCCGGCGGGTATCAGTAAGGATTATGTTGTTAGTCGAAATGTCTTTCATCGGCCTGTGAAGGATCAACTGCGGAAAATGGGTCCTACCCCGGATCGCTGAGGCCCGTGCTGCGCGAAACCACAAAGGGCAGCACCATGATCAAGGCTTTGGGGACTGGTCCTCGCTTGAAGGCTTCGATTCTTCTCCTTGGATCTGTTGAGAATCATCGTCAATGGTTGGAAATAACCTTAAACTCGGAACCTGACGTCTCCGATCGATAGGGCTGGGACCTGGAGCGGGAGAGCAGTCTTGCCATTCACAATTAAGAAAGTCGACTGAGAAGAGCAACGCATCCTGTACCCGTCTGTGATAAGGGCAGTACAGCATTGTCCTCGGTCGTACGCGCGGGTGTTCAAGTAGTAGACGGATTAGATTCGCAATGTGCGGGTTATGTCCCTCCGGGATGCGTCAAACCCGCTCACACATCTGGTCCTATCGAATAAGATTCCCCAGTGGTCATTGACGCCTCCGATAAACAAGGGTGCATGTTGCTGCCACCACATCATTACCCTTTAGGTGTGAAACCGAGCAAGGTGAACGGGCTCAGTGGCGTGGTAGAAAAAGTACACTCAACCAGTAATGATCTAATGCTTGGGTGGATGCGTCACGTAGTCCGGCAACATAACATGAACCATTCAAAGGAAAGTAGT,1602,51.06,Mus musculus
SEQ_712639,TACACGCCTCATAGCCGCAAAGATTCCATATGATTGATGCAAAAGAGTAT,50,40.0,Caenorhabditis elegans
SEQ_285377,GTGCAAGAGTCCGCCATACTTCGTGGGAAAGGCGACTGACCTCCGAGATTTTGCGCTGCGCACTGGGTACACAGTGACCTAGATAGGCATGATCCAATGGTCCGGATTTTATTCCGTGTGCCCGCTCTACCGTACAAGTCTAGGATAGTTATAGATTCGTCTGGAAGTGATGTGAGTATTCTCAGAGCCCAGAGTCCGGAACTTATTGAATTAACGTGAAAAGTACTACCATAAGCGTTACCAAGCCCATTTCGCATATTACACACTGACATCGATGGGCCTACAAAGGAAGCCTCGCTTCGGACGTTGCCGTTCGCGGTCATCGGAAGAGAAGACTTCATCGCCTTCACAACGGCGCTCACTTAGTTACCTAACGCGTTAGATACCGTAGACGGATGGGTGACGCATTATTGGCTCCTTGTGGGTTTCGACGGGATACGGTTTACGAATGGGATTTAAGGTTGAGGTCCGTAGTGCGCCCGATAGTATTGCTATCCTCAAGATATCGCCCACTTGGAGGCCACAGCACATCGTGTCTTCTTTTCCTCTCACAACCGCGTCCTACAACCTAGAATATGTGCATAAACGATCGATGAGCCCATAGTGGTGGCGGCTGTGTAGCTGTCTTCATTTCACTCGGGTTGGAAACTAGCTATCATAACTAGAAGCAGCTCAGATGCCTAATCTATGGGGCATTGTCCATTAAAAACGAATTAAGCTGTTTCGGTGAGTGCCAAGGCATTTTCTCCAATGC,754,48.81,Saccharomyces cerevisiae
SEQ_297271,CTCAGCCTCCCGTCCGAAGTGTCATCAGTGTCTCCATTCCTTGAGCAGCTATAGATAGTTGCAGAGCCGTTTGACGTTTTCAGTGATGAAAGTATTGTAGCCGCATCGTAGTGCTGATTGATCCTCATAGACGTTTCCAGGGTTCATGGCGCTGCGCGTACTCCCTCTTTTAAAGGTGAATCCGTACCACGTGATTTTAGCTTCCCCGTCTCTATTAAGTCTGTCTTGATAGGCATGTTAGATTACGCGGTTATGGAAGTATTACCCATGAATTGCAATAGCAGGTTGATCCTGCGTAGTACCGACTAGCGATAGCATCAAGCTAAATTGCCTCTGAGGGGCAAGGCGGTTCATGGTAGACCATTTTGACACATGTGCGCCAATGGAGCGAATCGCCTATTGAGATGTGTGTATGCCCGCAATCTGAGCCGGAGTGTGATACATGCATTTCGGTCTCTGGGTAATGGCGGCTGCTAGCCGTGGAAGCAGCACCTGGCGGTTCAACACTAGTGGGGTACACACAATATAATGATCTGGTAGGGCAGCTAGCTTTATGTCCAGTCCTAAACAATGACTCCTGTTTATCAAGTGCCCTGGGTGGCAATACGGAGAGGGGCCAGGTGTCCGGTTCCTATACGCAGACCGTGCAGCTGTATCTTGGGACAATAATACGTGGAAGATTCCTACCTCAGCTCATGATTCTAGCTGCGGCACTTGGTTGAGCGTCACCCCCATTATTCGGGTCCCAGCTAAGTCGTAGGGCACGAGCTGTCGATTAGGCGACAGACCCGGGGCTGTTGCTGGACGCCGTGTTGGTGGTTCGGCGAACCGCACATAGGCTCTTAGGCCTTTTGGGCTTTCTCAAAGTCGGAATGCGATCTTTGGGGTCATAGTCATCTCCGTTGGTATAA,911,50.82,Homo sapiens
SEQ_644453,CGAGCTTTCCCCACATACCCTCTCTAGCCACTGACCGCATTTCGCCTGAACTTGCGTACGCTCATAAACTCTATTCACCAGGGACCCAAACCCACCTTGCCATATCCACCTGTACTATGTTCTCGTCGTAATGGAAGATACCACGTTACAGGCGCCCTTGTGAGAAACCTGTAACAATATCTTGAGAATGTCAAGGATCGCCTGGCTGTCCATTACAGAAGCGCTTTAATATCTTCTGAGTGCTTACTGAGTACCGAGGGTGAGCAGCCTCCTGGCAGGCCCGGACATAGACTCAAGACCACCAGTGTCCCCTATCATCTTTTCGTAACATGTTAAACATTTGACTATGATCGATCACTATCGCAAGGATACTTTTCGACCAATTACGGTGGTTTTAATATTCAATCCTGGATAAGTTCGGCAGAGCTTCTTTGATTAAGGCCTCGAGACCCTGACTGGGGCGGTTGCAAGCCTTACGATCCACTAACCCTACTGAGACAAAAATGTATCACAGACTCACCCGAGTCTGTCTACAATTAGCAACTCACGAAACGAGAACAAGGGTACCATATATCCTTAGGATAAAGGCGGCCTGTATACAGTACTATGTGACCTGCCCTATTGACCAGGAACGCCACACTATCCATGTCAAACCGCAAGAGCCGCCGATACCACTCCTGACTCGTGACCCTTGCTTTTTGTAGGGGGAGCCGGGATAGCCGTAGACGAGGTGGTGGCAAAACCCAGAGCGGAAATGCGATGGGCTACCCAGTGGTCCGATAGTCGGTCGCGGCAAGACCTCGTGTTGGCGAATAACCGACAGGCCCCCATCGATTCGTGCGCGCACGGTTCACATAGGAGCATATGATATTACTGTAGACCACAGCCTGAAACGTGTTACCCGAGGGACAGCCAGTACTGTTATGCATGGATGACCCCTGACCTAGTTTTACGATAACGAACTAGAGAAAGCGGGGTTGCGTGACTTTCCCTTCCTCGGCCATGATCCAAAACGCGCTAGGTAAGCTGCAAAGCCTGAAGCAGCGTTACATTATACTTTGACCGGTGGGTGGAGACCACCCATAGGGCTATGCAACGTACGGCTCTTAATAATCAGAACAACCAATAATCATAGACGGAGTCCAAATCGCGCATTACGTGCTTACTGCAAACATACGTTCATAACACCTTCGCAATTAGGAGGAACATCCTATTTCAACATATTGACGCAGCCAGGATTAGCATCTTTTAAAGTTTTCATGTCCCCCACTCGGCCCATGAGGATGGGAGAACCGAAAGTATACCTGATTAGCGTACTGACATTACCGTTACAATTCAACCGTGGCCCAAAGTGAGGTGCAACGTATTCGAACCTTTGTACATTACTCCCAGTCGCAGACATTGCTTGGCAGAGGGATTATAGAGGCCGGCCAAGCAATGGTTATTTGTTGCCGGGTCATGTAGGTGTGGGTCGGCCCATATTCTTTACAGCGCGGGAAGGAAGATCCTGTAATTGACCTGGATTTTTGCCTCGGCATGGAACCCTGTGGTCCATGTCTTTATACCGGTAGACGTAACGGACGTCAGAACTCTTAGTTGGCGCACACTCGCATGGCCATGCGTGAACTTTTCTGTTAGCGGGACTATCGTTTCAGACTGAGGTTAAATATGACGTTGATAAAAGGACGCGGGCCGGCTGGCAATCCCGCGGGCCAGGGCT,1720,49.65,Escherichia coli
SEQ_762124,TACCCCGTCGGCTGAAGTGACACAGTAGGACTGTTTCTGGGGACCCTGTATTACAGTGTGCTTAAGATTGTTACTGCAGGGGACCCCAGAGATGAGAGACGTGCCCTGGTATTCGCGGAGTAATATGGGTGGAGTAATGTTACTCCAACCGAGGGTTCGGTTCCTAGGGCAAGATATGGTAGTGTTTAAGAGGCGTTCCGCCGACAGGGGGAGACGCACTTAATCAGGCAGCACAGACCCCTAGTCACTTCCCTCTGACATTGGTGCGATCTTGTAGGAAATCCGAACTAATCAGATCGTCTACCATTTACTACCACGGTATGTGCGCGCGGATAACTCAAATTACAGTGTCTTAAGAAGCTCGTTTTCTGTGACCAATCAAGGCTGTAACCGCGATAGTCGACTCATACTCGGACGGTAACGGAGACAGCGTTAAAGGCCAGTGTAGCCAAAGGCTTGCCCATACAGTAGGCATAACGGAAAGGCCCGAACCAACGACCAGCCCCCGTAAAAAGCGCGCCCGAATTGCTTCTACTATATCCACTGCGAGCGACTGTTCTACTCCGCATAACGTCGACCAGACATTGAATCTGCACCGGAAATGGAACTTATCCTCTCCCAGTAACTTAACCCTAACGGGAGGAGCGTGTAAGTCCTCGGCGACAGGCATCCGGGATTGCGACCAGGTGTTGACACGCATATATTGTCGGCCGACCGCTATTTTGAATGTAAGTTGCGAGGTGGAGTCGAGTACCTGATTAGCCCTTTTGGGTGGTATGTAAAGCGCGATACCATATGGTTAAAATCACGTGTAGAGGTTTTTACCGAATCTATCTGTTACACGTAGGATAAAAGAAGCTTTCCGTTCTATAGTCTATATGATGATTCTTGCTCCAGCGAGCTTATTTGTGATTAGTGATATCAGCCAACATATCATCGTTTTGCAGGCCCGACTAATATCGAGTAACTCTTCCGCAGCTTATCGTGCGGCGGTCAATAAGAAACTTTTTTCCTTGTGGGCAGGCGGTCGTCGGTTGGGTGAGTAAAGCATATACTGTTAAAATACTCCTTGCAGTTGGCCTGGTGAGGTAGGAGAAACTTCTACCGAACTGACTCACTGAATTACTGTATAATGCTATCTGTGCCCAGGGGGACTATATTAATCGCTGTGACTTGTCTTTATCATCGTTTCGGGTGAGCCACGGGTGCCGAGATATGTCGATATGACAGAGCCCTAGTCCCGTATTCGGCGCGAAGATGGTGACGCGCGCGGCGGGGTTAACGAGATTGTTATAAAATAGCTGACATGCAACATTGATCGAGGACCTCAGGCAATGTGGGTCGCAAGTACCCGCCCGACAAGGGGACTATGTTGAACGTCCGAATGTTAACAGAAGTGTGAGTTGAGGAGTACCATAAAGTTTGCCCTACGCGCAATTAGCTACTGTCCTATCGGATTTGTTAATCGAGTGAGAATCTGATCTGAATTGAAAGTGGGTATACAGCGTGCACCCGGAATGGCGTGTACCCAATATCGGAGCTAACTCAATAGCCAGGGTTGTATGTGCCCGTTTCCTGCCCACGAGCAGGACTTCTCAATCAACTGTACCTGGGAACGCTCGGACTCCCTCATGCAAGGGAAGATGATTCCGTGATTTAACGAGCAAACATATTGTCTAACGGCGGCCCTCAGTCTGGGGAGCAAGTCGAATGCTCACTGTGATTTGGAGGCCTATGAGTTAA,1743,49.05,Drosophila melanogaster
SEQ_366702,GTATTGTACTTGCGGGAAAAGGCGATTTGCTTGCCACCGGTTGACGCTTCTAAGATATTGGGGGTTTATTGCTACTAGCTGTTGCAAGTATTGTATTTACACGTTTCTTCAGAGGTCGGGAGATTCGCGTTCTACCATGGCCGTGAACATCCCAATTAGGATGTCTTGGTATCATACGAGTGATGGGAAGGGGCCTGCTTATAATTAAGCAAGCAATCCAACATTAATGTCCGTCATAACTTTGCCACTTAATATAATGAGACTTCCGGACAACTCCACTAATATTGCTGCCACCGTCATCTGTCTTATCAGGATCCCCCCTGATCCTGGAGGGCTAGTTAGAGCTCTTGGAGCGCCTTAAACTCGAGGGATGTTCTTAAACACGTATAACCGACCAGTATGATGCGTAAATAAGATGGTTTTGGCGGGGCATACTAGTGAGTATAGGTGCTCGGGTAGAATTTAACAACTCAGCATAAGCAATACCGATCGGCATGTCGGGGCTACTCTCTTTGCGTCGGACCTGACGTACATCTTTCTAGCTGATGTTTGTAACCCGAGCTCACCCTCCTGGAGCGCTGAGCTATTAAATAGCAACTGTCGTAGAGTCAAAGTTTAGGGCGCATTGCCTATACGTCCAAGGCACGGCTTGTCCGTTGAGCATAGAGATTTGAAGGGCTAATCCGATAGCCCCAATCCATCCATAGCCATTAAAATATACACACGTCGCTTCAAACAGTCGTTATCTTGCCTCAAGTTATCTTAATTTCCAACGTGTTGTGGATCATGTGGAGACAAATGA,802,45.76,Caenorhabditis elegans
SEQ_107688,GGACACTTGGGACTGGGCACGCCATGGCAGCAGGAGAGCCCTCTCAATTGTCATTGCGACGTCGACACGATAGGAGCGTACTCAAGCCTCTCGAGTGACGCGGCATCGCTCGTATCGGGCACGTTATTGCCCGGTGGACCAGCGACACGGGCAAGCCTATCTCATGAACCCATACGATTCCCTACTCTGCTAACGAAGGCCACAATGGTCTAATTATCAGTGGACACATGACTGGACAGCCCGTCGCACGCATGCGCTTTTCACCGGCATCAGAAAATTAGGGCAAACATGGTTATTGGATACTATTAGTCGAGCGGCAAT,321,54.21,Drosophila melanogaster
SEQ_231905,TCGGTACGATTGGACTAGTAGTACCTCATGAGTAGAGGTTGATAGGAAAATCGCCGTTACTACGCCATGACTCTTTTTCGTAAAGTCGCCCTTCCTGGGCCGGAGTGAAGTGTTCTTACCGCGACAAGCCTCTACATTACGCGGGGGGACAGTCCATATCCATGCGTAAACGGTCTTAAAAGCGCCACTGATTGGTGATTTAGCTGACCGACGACCAGTACTGCGAAATGCTGCCACGTCAGTTAAGCAGTGGAGCACCACTGCGGTCTCAACGATAATAGGAGCATTTGCGCAGGCATAAGAACGAGTGCCTGTCCCCAAATTCTGAACAAGTAGTCGCTATGACTCCGGGCGTCACTTACCTTGCATCGCGGCGCCTACCCTATGCTATAGTGGACTGTTATGGTGCATGTCGCGCGCGCGCTACTTCGCCCTCGTGCCATTTTAAGCAAGTTATCCAAATAGGCGTACGGACGTAGTTTTTAAGGGTTGGCTGTAGTATGGTCCAGCGTAAAGTTGAAGCGCTAAACCCATCCTCCCTCGGAGTTTTTGCCAAAATCTAAATGTCTATATGAATGTCCGCCTGAATGTCATCCCGCTAAAGATTCGCCCCTCGCTCCCAGTGCCTGGTATCGAGGGCTTGTTATACTAGGCATCTAAGACGTACGCCTCTGAGGCGGTACAAGGGAAGCCGCATATCCTGGGTACCGGCGGATCACATGGAAATCCTGGATCCACAAGGACGACGCGACAACGGTGGGAAGCCGGAGCTAATCTGAACGTACACGCCGCGATGTCAGTAGAGGTGCCCCAGATGTGGACATGAGTCATGATTAGGGACCTCACTAGGATGCTCATGTCTGAATACTCTTAGCAAAGCTGTTCAAGGA,890,51.46,Saccharomyces cerevisiae
SEQ_482070,GTTAGCTAGAGATGGTCTCCTATAACATAACTTGTCTGGTCGACTGAGGCGAATCCACAATATCTAAGGACGCGATTCGAGGTTACGATCAAATCACCGAAGTCTATGTAGCGATACTGTCTTCTTCATCTCCCGCTCGATGGGACCTAGAAGAACCCTTCCGCTTTCTTGCTGAGCTCGTAAACATTCCGTCCCCCAGGTATGCCGGGCCCCATGAATAGGGCGAGGTACCGGTTGAAAGCGCCTGGGGTATGTGGAAGTTTCTAGAACATAGAAGGAGGGTGTCTGCTTATATTCCGGGCGTGCCGAGGCAAAGGGTGTTAGAGAGCTTCAGACTTCCGTAGCCCGGTCACTCACAGGTTTCATAGCATTCTCAGATTGGTTTTTCCGCGTATTGAAAAAGTGAGCCCGGTGGCGGAAATGTGTATGCTAGACTCGTTAGCCGTATCTACACGATCACCGCGTCTCCATGAATTCAATTGGTTTGAACGGTGCACCTAAAAATCTAACCTCACTGAGATATCAAAGCGTCAACTAGGGCTTCCCGGATGGTTAAACGGCTTGGGGAGTCGCTCTAGCCTGACCATGAGCTCTAAGCTTAGCTGCCCCATTCAAATCCCTCGACCTCTAGGTAGCGTCTGTGTGGGATCGGACCATGATCACATCTAGATTCAAAAATGCGGTAGTATTATTCTATTTTTAGGCACTTTATTGACGAGGTCCACATTCCACACTACGTTGCAAGTTGATCTTATAGACGGCCATTGCCAATCCGTAGCCGGGACTCGGCCATGTAATCCTCTTGGACCTGGGTAGGAACTCCTGCGGCGTTGAGCCCCCCTCCCTAGCGGCAACAACCGCACTTTCCATCTTAGGGATAGCGGTCGCAGGTAGATCAGTATAAGGCGTGACAATTCGCTTATGTGTTAGACGGCAGCTGGTAACCTGGGACACGCTGTCGCATGATCCCGAGCCGCAGGTTCAGCTCAGCTAACGGTCTTGGCGTTATGTAGCACGACAAGACTGGTGACTTTCCGCGGAATGTGTTTTCACTGGTCGCAGACACTTCTTTCAGTACAGCGAATCGCAAATATAGGGCGTTTGTGTATAATTACTCCGGAGAAGCCGAGGCTCGTAAAACTCAAACCTTACTCCTTGGAATGAGCAGGTGGGCACATCTTGCTCGGTAATGATCGCAATATTGTCTGGCTCAGAGATTATGCACTGACAACGTAAGATGGCCCCTACCACTCCACCGACCTAGTATGATTCCGAATTGTGTCCTGGGGATCCCATTGCTAGTCGCACTACGTCTCGCTAGGACGTGTACCTTCGACCTCGGCACTTGCCGCGTCGAGAAACGTAGTACGCAATCGAACCAACACGGACAAAGCGCTCGACGCCCGAGCACGACGAACTTTGCATGCTGGGCGTACCAATTCGCCTTGGCGAGATTATGTACAGCTCCGGCTTACGCGGGGACGATTCTAAACCCTGTACCTGCCGTGCCGAATCACTTCCATCACCCTATATAGTTCGGCCCGTGTCTTGAAAACGCAATGGCCATCCGCCATAGCTGAGCAGTCCGAGAAGCAGAACGCTCCCATGTAAAG,1613,51.27,Homo sapiens
SEQ_158322,CCGCCGTTTCGCGACCCCCAGGAAACACTCCATTCTACTACTGAGTGGTGCGGTTTGTGCAGAATTTACCTCGATCGCCGGGATACCGTAAAAGATAACCCCGACCCGTGTATCAACACGCTCCTTACTTGAATCTTTCATCGCTTCGGCCTCGAGGGTAAGTTAACTCG,170,52.35,Arabidopsis thaliana
SEQ_568210,AGCGACGAGCGACGCAAGACCGGATGAAGGTTATGGAAGTCGGAGGCCGGAGAGGGCGATCAATCATCTAAATCATACGTCTATTCAAAGCTAGGACTCGGGCAGCTCGAGAGGGTCTCTGGGCTTTTCGCCCCCCGATTGAGCTCGGACGACTATCCATAGAATAACTCACGGAAAAAGGGGCCGGTTATGGGACGAGAGACACACCCATAGGGCTATACTACATAAGGAAGGGGTCTACAGCGCAGAGAAGGTCCGATTACCATGCCGCACCGGAGGGTAGGAACGCACGGCGAGCTAATTTTGTCACCTTGGGTGCTGGCTCAGGACTGGGTGCGTGAGCTGGGGGAATTTGGTAGCGCCTGCCACCTTGCCATACACCCTTCCTGTCCTCAGAGGGCCGTCGCATTAGCGGAAGAGAAATGCCATCATGGAGTTGTTGCCCCTAGTTGTTTGCGAATGGGGCATCAGTACTCACGACCGATTCGCTCGGATACTGATGTTTGCTCACGATTAGTTCCCTCCAACCCACATACCCAGCATAGTAAGATTACACGATTGCTCAGGGCTATAATCTTTACTTAATGAGTTACCCCTACGGCTCAAGTCAAAGGTACTCCCACAAATACTCGACTGCGAAACTTGGATCTGGTAGTGTGGACTTAGCGCTATTTGAGTCTATTGGAGATACGGAGAGCATCGGCGCCGACGTTATTCTTTCCCGCCCCTTCTAACGGACGCAAGAGCATGTTTCATAAACGACAGAGTGTGTGTGTCCGCTTCCCCTCTCTCATTCACTGGCACTTTATGCCTATTCCCGGGCTTAGTTTTAACCATTACGGGTTGGCCAAATCTCGGCTTAACAAGTTAGGCTAAACTCGAGCTAAACCGCGGTTTTTTGTAGGCGCGCTCTCCATCACCCTCTCCCCGGGGTGTGGACACCCAAGCATCATAGCATAACACTGCGTTCTAGACTGCACAAGGATTTAGATAATTGAAATCATGCCGTTTCCCATGTACACGCTCAAAATGATAGCTCGCCTTTACCAGCCATGTGGGATGGGAAAACTACGACACATCGACTTTAATGCACGCATTCAGAGGTGTGGAAGCGTGGCACCCCTAGAACCCGCAGCAGACATTTGCCGTGACGAGTTATTACACTTTTGGCCATAACTGCAAGCTAGTCAACACACCTAAGTCAGCACTTAGAAATTAAGCGTACAATTTTTTACGTTTTGGGCGGCACGCGCAACTAGCCAATTAGTCAGGATCTCCCATTACACCGGACCCAGATACCTGGAACAGTCTGGCGCCTTACAAGTCCTCGTTACCTGAAAACCGGGGACGTATATTGGGGCAACCTACGTTTCTATTTATACCCCGTCCTTTACTACCAGATCTAAGTATCACAGGAAATGCTTATACGAGATGCCTAGGACCCCCGCGTTCCGTCCATGTCAGAGATATTACTCAGGACCGTAGCGTCTTCACGGTTGTCCCCACGACTACATATCTACACGCTACAAAAGTAGCTCTCTGAAAAAAGTAAGAACACGCAAAAAGCGCATTCACTGTTAGATTTTCAGACACTTATCTAATGTCAATAATGTATAGAGTGAGTATAGGATATAATAGGAGGTTGAAATCTCT,1653,49.24,Mus musculus
SEQ_797721,TACGTCATTACGTCGCGCTACGCTTAAAGGGCCTTCAATTTGTCAAATCGTTCAGCC,57,47.37,Saccharomyces cerevisiae
SEQ_184312,GGCGGACTCTATAAACCTCGCGCGAGTTGGCCTGATAGGCCGATTTCTCCCCCGTCGGGGTTGACATAGTGATAAAGCTGTATCCCCTATGGAA,94,54.26,Escherichia coli
SEQ_325178,AAAGGGCTATTAAGGGATCTATTTTAGCTCGCAACCATGGAATCATGTGATATGCTGCACAAGTTAGTAATTAGCTGTAGAGTCGTTTCACCAGGGGGACGCAATTTACTCCTACTGCACCGACGGTTCTAAACCCAAGCGGGGCCTTAAAATGAACGACAACGTTTACGCAAACCAAAACGTAAGATGCATCGCGCCGACAACATCTAGTTTTATTCCTATTGTTAACGCGTCCTAACACACCTCTGCATTCGACCAAAATTGGTAACTTGACTTAACGATACGGTCAAATTGTGTTTTTCTGAGCCGTCAGTTACCGCATAACCAATCCTATTAATAGCCTCTCTCTAGCCGAAGCGTGGAAGGCAACAACCCTTTTCTTTGCAACTTCTCGCGCTGTAGATACGCCACTCCTCTCAGGGCGAGGCGGTACGTTCGCGATGGAACCGTTTGTC,455,46.37,Arabidopsis thaliana
SEQ_210256,GAGGCTTACTCATCTTCGCGAATAGAAACTTGGGGCTTGCTGGGGAGCCTCACGCACAAGTAGGTTCTGTTTGATTTATCGGATACCTCTACTCTGTAAACCTGCCAAATTGAGTTTGCGCAGGCAATTCTACGCACTTATTCGTTCCGAGCTGGGTGCAAGACAAACCGGTCACTTTAGGGAGTCTCTGATGCTGAGTCGGATGGTGCACAATATATGGTGGTCGGCGCGGGCGACTTACCCACCTAAATAATCAATAATGCATCGCGCTAGGTGTATAGCCAGAGGCTCTCTCCTTTGGGCTCGGGCTGTAACGAATAGTTCGATGATCGAGAGGGCACCAATTTGTTTGACGGCTTTTGTGCCTTACGATCGGTCCGTGGAAAGGTCCTACCAGGCAAGATCTTATTGGACCCGGCTGCGGGGGATAGCATTTGGTTGCCACAAAGTCTTACCGCAGGTCCAAGAAGGGCTGCCGCGAACCATTGTAATGACATTTCTGCGCGTTTGGAACCTGGGGAGGGCCTGCTATCATCGTGTTCACGCCCCAGGATTTCTGTGGTACACTATGATGAGGGCGAGGTTCGCATCATGCGCGTTAGCTTAAACAGTCGCATAAGACTGGGACGGACATTAAATCGACCATCTTCAGCCCGCGTAAGCGATTAAGTGATACCTCGCGCTCGTGGTGCGTCGGTAAGTCCTAAATGAACTCGTTCCTGCGTGCGTCTCATTTAGATAGGCCCTCGGTTCAACACGTCCCGTAGCATTTCGTCAAAACGCTCCCGGG,790,51.9,Saccharomyces cerevisiae
SEQ_835316,CCGCGACCCCTAATACTCGAAACATCCGAACGTATATCCTGATTATGAAGACGTTATGTGACACACTGAAAGTACGGCTCGCTGGCCAAGTGGTACTTATGTAGTTATTTCCACTATACATGTAAAATTTCACGTCGGGAGGTTACAGAAGATACGTTGCGGTTGCTCTGGCATGACTTGCACTCGCGCCCGGCTAAAATCCTGGCTGAAGTGTCGAACGTGAGCGCTGAATCAGTAGATTAAACTACTGTGAAGCCCCGCTCCAGGCGTTCCTGCAGACGCGTTATCGCAAAGTCCCGGAATATATATGTAAGAGCTCAGCCAATTCTGGAGATTTCGGTACGCGTGCCATACAAACGGACTTCGGGACTGATCCACAGAGATACTGTCCGACAATACTGCCATGGTCCAACCCTGAAAACCCGCCACACATCAGGCACTTGCGAACTTGTCCCCCGGTCTATCAAGACATGCGCGAACTACTTCATGCTGCCCGGGCTCCTAGTGCCGCATCAACTCAAGTTCTTGGCTAACAATTAGATAGTGAGCAAAATGGCGGGCGCCGGCCCATCCGTCGGCTCGACGTAAAGAGGGTGACTTAGCTCTCAGCATTCTCTGAGCAGGATGTGGACATGGTCCATTAGAGGGAAGACATATTCTATTCCCACCCATCCGTGCGAGCGGTGACGCAGTACACGTCGTCCCCGAGTGACGCACGAAGCAGAGCGCTTGAGCCTGATTGCCGAGCACAAACGGGTATCAGGTGGACTGATTGGGACAAAGTACCAGATCCGCTTGCATTGTGTATCGCGTTCACTCGACTAGTGATTCACAGCGGTCTCCGACGTGTTATAAGACGTCGAAAGTAATCTTTGAGTGGCTTCGAGTTATCCGTGGGCTCATGCAGTCTTTCGGGCGTTCGGCGTTCATGTTTTCGTCAGCTGCACTCACTAACCAGCTGCGACGATCGAGGGATTAAAGTGTATAAGCGCAAAAGGAGAGTATTTTGACTTGTAGATCTTCGTATACTCGGCCTAAGAGGGGGGAAATATGCCACTGTACGACGCAGATCTAAAACTGGCAAAGGTAACTTTGTTAAACATTAACAGTTTAGCTTTAATTCGCCTACCACGTGCAGCGACCTTTAGCGATCATTATTATAGTTTGCAGAGAGTACGTGTCGGATGATTCGTGCATGGACCTGCTCGCAGGGGCGTTGCACTACGAAATTTGCTTGACCATCAGCGCGTGCAGCGGCGAGTGCAGAAGTCTCATGTTCTCTATGGATATCGATTAGTTCACGGAGATCCTTAGATTGGTGTGACGAACCCAGGGTACTAATT,1343,50.04,Drosophila melanogaster
SEQ_957162,TACGAAAAAATGGGATAAGATAAAGTTGGAGACCTGTGACACTTACGCTCGGTACGTGCGGTGGACTGTTAATTGCGAGAGATAACAGTGACGGCTGAGCCGGATGATCAAGGCGGGTCCCGCGAACGGGGCGATAACCTACCATTAGACAGATTCGATTATTTGGGGATATGACGTGTGAGAGTGCGGAGTATAGACATACCACCCTAGACGAGCTAATCCCCCCCCCGCCTCCTTAGGTGCTTGGGGAGTTAAGCAGGCCGCACTTAGACCTCCTTTGAAAATTTTACGTTAATGACGTTGTCGAGAAAGCATATTGGGTTAAACATATTACAGCAGTGTCATCGTGGAAGGTGGTTTTTCTGTGGCGATAGGGGGTTCCGCAAAAGATAGTATGTAAACCTTACATCTGGGATATACTTCATGAAGGCGGTCATGCGGTACAAGACATCAGCAGAGCACCTAACGGCCCCACGACCACCACCATTTACAGCTGGGAGCCTTGCGTTTCTTACGTTGTGGATTTGACTTCAACGAAATGTAAATAAACTGCGATCATCTTGCACTAGAATAGTTGCCGCTCTATTGATGTATATGATGGACGGAGCCGTCCTCGACATTCCTACTTATTATGTGACACAGAAGCCGCAGGTCCGTCTAGACGGTGTTAGTCTAAAGCTAGACGCCACGAGCACCTTGGGGTGCTCCGGTCC,713,48.81,Homo sapiens
SEQ_131858,GTGTTTGGTTTCGACGAGGAGCCGATAGGGTCGAAACGAGGTGTATAGTCTCCCGCCAGGTACCGCTTCTTCACACTAGCGAGAAGAGATGAATCCCATTGGCAGAGAATGGTCTCGAGAATAAGTAGATCGAAGCTGAGAGCGCTAACGCATGTTCATACATAGCTCATTTGGATTTTAGTGAATAAATCTCTGGGTTCCGTTAATGTTTTACAGCTCTTCTCGAATATTTGCGATGGAACACAAAACTGCTTGATATGCCACTTCGTTTGGTCTGGTCGATGCACCCATTGCTGTCACTACTTTTCTGATACCGGCGTCGGATAATGGTCCCAGCTATAACACGCCATGAAATGAGAGCCTATGTACCGTCGCATAACCAATCGTTACAGCAGAATCTAATTTGACAGCGGCGGGGGCTTCAACGGATAGAGCATACTCTTCTGAGCTGCGGCAATTGCAATTCAACAGAAACCTAATAACATCACCAATTATCATTTACAAGACCGCCAAACTTGTATGGCACGCTGCCTCGGTTCTGAGGTAAACCACCCCTTTGCTGCCTAAGCGTGTTCCGAGCGTCTGGATGCATCTGCAGCTAAGGAGAGAGCGCGCAGAGTGAAGACCTCCTTGGGCCCGGTTACTTGGCTTTTCCAGAGATAATTCCCCATCTGGTTCAAACGCGTGTGGCGGCCGTGGGCTTGCTGAATGAGCCCAAGGGTCCCCAGTAAGGAGATCGCTGATCAGCGGCCTTCTTACGCCGCTCTGTGGGCTTACTGCCGCGCCACATGCGCAGCACGCACGTGAAACACTGAATGTATCTGGTGAGACCTAGGACGGATCGATTTAAAGATAGTTTCGACTTGTACTCATTATTATTGCTAAACAGCGCAATGGTTAGTAAGGCCCATTATTATGCCTTTTTGTTGGCATCGGCAGTGAGATACACTCCCTTGGCGCGAAACGGTCCTAGTACTTGTGCGTAGACCGATCGATCATCTTCAATTTCAGGTCCTTAAGAGATTGGCATTACCCAGCGGTCTTCTCGGGCACACTTGCTCATTGCCGAGCAATCGAGTTAGTCCAAACGACTTACCTATCGTCAATTAGACCTTCGACCCCCGTATAGCATGACGCCTGGGCCGGATCATGCCCAGAGTCCATGAGGATCGAACTCACGTAGGCAATAGTAATAATAGGTTATGGCCTCCTGATGGCGAGAAAATGTTAGTGAGGGTTTACCTCCCGCCCCACCTTAATTTGAAAAATTATCTCTGAGGTGCCGTAGTAGCGAGCGAAGCTGACACTCCCGAGATGCTTTGCAAAGACCCTAGTGCTCACTTTGCTTGTCCCAGATATCGCTTGAAATCCCTGCTACACACTAAAGGGCATGGAATCTCTATATATGGTCTCTAGGCAGCGCTGCTACACAGGGGCGGTATCCGTAAGCCAAACCCTTGAGATTAAACACGACCCTGATCGAACATTTATAATCCCATTGGAAGATCTTCTGTAGCAGTGTCCGAATGCTCAGTGGCCGCACATGAATGGGGTGCCTGGACCCCTGAACGCCGTACTTCCAACGCAAGGGGTGGCCACATTCTGGCTGCTTGCATTAGCTCGTTTTAGGTCTCTTAATGCCTGCACCACCCTATTTTACCCGGCTTCTGACGCGCCGTCATCTGCCGTCGGGGCGGGTGTGTACTACGATCATTTTCCGTCAATCGTTTTAGGATGTATGACGCGGGGCCATCCGAGGGTTAATGTTAATTAGACCTGTGCTATAAAAAAAGGGCAATCCGATTATATATGATAGCGTGGTACGGAGAACT,1832,49.4,Arabidopsis thaliana
SEQ_263122,CATAAATGTTATTACAGATTAGCAACTTCGGCACCCCACCCCCCGTGTCACATATGATCACTGTATGATTTTGCCGCAGATCAGCCAGTAACCGGCCTCCACACTGCCAACGAGTTTGTGTGCCGGAAGCGGCGAAGAATATAGG,145,50.34,Arabidopsis thaliana
SEQ_993691,GGCCCATGCATGACCCGGGCGAGTCAAACTTATCGTAGTTCCGCTCGGTAGCGTTACCTGGGGCTGCCTAGTCCGGACTCTTTACGCGGGATTGTGACAGCGTACCAACATTCCCGAGCTAAACCTTTCCCGATTCCGGTGCCTTGATGGGGTTTGCGCGTTCGCGGACTCCGTCCGATTCGGATTCGAGACCAGTAGACGCTCGGCAGTGATTGCGCAAGGTAGGATGAAGGTTCTTG,239,57.32,Escherichia coli
SEQ_125649,AGTGTTTATTGGAGGCTGAGTGCCACGCACCGTGGGCATCTTGTTTTGCTCGCTTACGTTTTGT,64,50.0,Drosophila melanogaster
SEQ_995893,CCGCGCTAGTAGAAGCCACCTAGTGTGGACGACTAGGACATATACTGCGCCCACCGTCTTATTATCTATTGATAATTCCGTGAACTTTAGTGCGGTTCGTATCGATGCGATTGTCAATTTAATCTACTATCCAAAAGCCCGGCAGCGGAGAAAAAAATGCGAACCAAATCCCGTTCCCTGGTCATCTCTCCGGCATCTTTTTCACAATGCCGAGGGTCCATGCACGTTACACTCATTTATAAGTGAAAACTGTAGTACCCAGTACTGCATTGTCGATGCCTAACCTTCTATCCGTTTACATCCGTGTGGCCCTTACCATATCGCTTTCTCCGACCGAGCTAATCTAAAAGATGGAGCCTTGAAGTGGAGGGTAGGTCACAGCGGAGGCGGAACCATCTATCGCAACCTAGCCATAACCAGAATGTGATCCAAAAGTATCCTTCCGCCGAAGAGTGCGGGAGATGTGATATATTCTTGAGCATGGGGGGTACGTTTTGTCGTGTTAGGCTAGTGGAAAAGTGGACGGCCTATAGTGGGCCAAGCCCCTCAACAGTAACGAGTGTTTTCGAACCGAGCGGGCCGTCGACGTTGCAGGTGGGAAGAACCGGGCGGGCTACAGGTAAGCGTATACCTCTAGCGGAAAACAACAAAGGAGGTCGCTGTCAAGCATTGGTGTTCGTAAGGAGTTCCCTAGGCTTGCATCAGTCAGATCATCCCCACCTGAGACTGCAAGCTATCTTGTGTAACCCTGACGAGACGACCAGATTCGAGATGCCGGCGGTCAAGGTTTTTGCCGGGGAATTACACACAGCTATAATACACCTGCGGTGCAGCATGTATGCATTTCTCCCACAATAGTCATGTCAATGGAAAGTTGCCCCCACTTTTGACCTTTTATAATTAGCTCGGCCACGTTATACCACTGCGCTGTGAAACCTTAGCAACAGCGAGCTTGATTAATATCTTTTGTCGATTCCGCTATGCAGGTCTCACGGGGTGTGCGGGTACCGGGTTAGAGGACTGTCGAAACTAGCCATTCGATGTGCACTAAGCACTTGTACACCCTCATCGAACACAAGTGAGGAGCTTCGTTATAAGCAGGATTTTAGTCGATTTGCCTCCCATCATTTCTGATTAGACTTACGTATGAGTCTACCCGTCCCACCACTGGTTGTATCGGGCGTGAACTCCGACTTGGACGGCGGAGACTG,1211,49.55,Mus musculus
SEQ_349203,ATCAGAAAGGATTGATTGACGAACGAGCGTGTAACTGTAATGTAACTTTTCAGGGATAAGGCTGCTGAGTGGCCAGATACTGTCAAAGCTAACCGCTTTGCAGGGCTCAGCCCCCATTCCCCTCCGAGTCTTTTTAACGAATCTGGAGTTTACGGAGCTACAGCCGCGTTCATACATTTTGGATAACTAGTCTCTGCGGCCCTAGTTCTGCGTATAGGATCCGGCGTCGCCAGCATCTGCAGCGCATGGTGGTCCATTTTGTGCCTCCCATTTACTTGGTGGGCCAATGACAGTTCCTGATTCAGGAAAAGGGCAAGCCCTCTTGCGTGTTTAGCTGGGATCAGCGGGGACTGTGTGAGCTGGTTCTCGAATACAGACCCCGGTCTCTTCACAGCGGAACTACCATGAGGGTCACGTCGGGAGGGACTTTACATTGAGGATCAAAGCAGCGGCTGAAGGTCTCCCTCCCTGATAGTGGCGCTGCCTTGACGTTGTCACCCTTAGCCCCTCACGAACCCTTCGATATGCTCTCTTGGACTTACTGTGAGCTATCTTGCCGGTACTACGATGGTCGTATACGAAATAG,586,52.05,Escherichia coli
SEQ_128582,CAAATGTAAAGTGCTGGCACAGTCTAATGGCCACGTTCAATCGGGGCCTAGCCGTTTCTCAGCCTTCTCTCTGCTTTCCATTGATTTCGCCCCCCTGCTGATGAGTGGGTGGAGGTAGAGCCTTAGGGAAAATCCCCGACAGCTCGCGGAGGAGGAACGACCCTGAGCAAGCAAGTGCTAAATCGGAGTACCGGCATACCATGGACCTATCACCATCTAGTCGCCACACAATGATGAGTATGAGGATTTTGCCTTATACAATTATGAGGTTTGACAACTCAATCAGGATGCCGCTTAATGCTATCTGTGTCAGCGGGGTCCACCGAGAGGGATTTGTACAGCATGCATGGCTACTGATTACAACGACCGAAGGGACGTCAGGAAGTCTTCATCGCAAGTGTCTGCGGGATGAATCGTACACCTCACTCACGCGAGTCTGGTTGCACCGGTTTGCATTTGAGAGTACCGTATTTTGGTCGATTATGTGGATAATAACTGCCGTCCCGGACAATACACGCGGACGAGGTGCTATAAATTCCTCTACACCGGCTGACATAACTTGAGAACTTCAAGGTATAATCGACACTTACTGCTATATTGTTCGACGCAACAGGGGCGAATAGCATACGACGAACACGGTTGTGTCGGCGCACATCTGCTAAAACGACAGTTTCGCTGCAGAAATTTCCGGGCAACTGCGTAACATACAGGACTACTGCTTTAGCACTTTGTCCTTTCTAGTTCCGTACGGATTAGCGTAACCGTGGACCTACGCGAAGTGACGGATTGAACTACATAACCGGCAAACAGACCAAGCTCTTGGTAATCCCCACCCAATCTCGAACTCGCATATTACGTGCATCGCCGACGCAGTACACTCATAATTGATCTCGGGCAGACTAGCCGACGGTCCTCTGCCCTACCCAGCGGCGCACATCCATCTAATTAAGTGCATGGTTCATACGATTCCGCAGACTATAGTGAAGAAGATGTCCACAAGTCATGTCCTATAACTATCTCATTTTAGTCGCAAATCTGCTAGTACAGGTTATTACCTATATGAGTTCTCATCGAGAGAGCTTTGTTGCCCAGAGGAGTTAGCAGCGCGCGAGCCGCTCAACTTGGGCTTCAGGGCAGTGCTCCCCGGCAGTCCTCAAGGCCCACTAAGTAGCTCGTTGAACGCATGGTTCC,1191,50.04,Arabidopsis thaliana
SEQ_905941,GAGGGTTGATCTTATATGGATCACATAAGGGGCCCCGGAAACGAGCTCCGGACTCGTCTTCGGAATTACGAAGCGGTATGTGGGGTGGTGGCAGAGACTTTACAGAAGCGCCATCTGCGGGGAGGAGTCCGGAATACCCACTTAGTAAAGTTTCCAATGCGTCTATAGCAAGGACTACATCTAACAATACAGCCTGTCCACCGGCCAGTACCTTGCGTAAAGCTGTGGTGCTGTCATACCAAACTCATGTTGACCAGCCGGCCAGTACGTGAGTGAGGTCTCTGTGTTACCATAAAACTTCAACAGAGTGTGAACCAGTTTCCTATCATGGTCCGGGTCGATTGTTCAACTATATAGTCGTGGTCTCGAGCATGTAGAAGATATGGAAGCCAGTGCCCATCTATGTAAACTAGTTCAGACGTCGCATAACTGCCACTTCGCCTTCCGGCTCACGCTCCTGGGGGATGTGTTTTCTTTTATCTTTATGCCAAGATACAGCTATGCGAGTCCCTATCTTCCCGCTAAACATTCGCGTTGTTGTAGCCAGAATTACGGCCGTGAGGCGGTCAGGTCCACCGACCGCATCCCACTGTATGCGTAGTAGGACGCTGGGCGCTATCGCGTACAAGGTAAGTTAATGTATGGAATTCTGTCCTCGATCACCCGGGTAGTACCGGCGAGAGGTACTGGATCAGGCTCTACTGGACTTCATACGATTAACGAATCACCGATCCATGGAATGGGAGCATGCCATTGTTGACCAGCCGCTATGATGCTCTTGCTGTCCACTTGGTCTTAACCCGAGTTAATATATATGCATAGATATGTCAACCTAATCCGCATCGACGCTTAGCCCGGCTGCCGAGGAATTTATTTCACCAACCCCTACTGTCTGACATCGCTCTCTTTTATATAGTATAAGACTTTTGCGGCGCCACCGAAGAAGCCGCTGACGTGGTACTAAACAAAAAATCATCCAGACACACGGCAGGCAGACTACCCCCCAATCTCCCGAGTGCTGACTATGTGGACGCCCTGGGTAGGGCTGACATAGTGTGTTCTGCTATAGGTCCACCCCTGACCGGTGCCCTGTTTAGCCCAAACACGCACTCTGACCTCTTGTTTTGATGGGGTTGGACCTAGCGGACACTTATCTTTAACAACCGGCGAACAACGCAATTCAGCGCGGTTTATTTGAGTGGTTCAGTAGATGCAGTTTACGGAACTCATATCGTCTAAAGCGTCCTACACCTCTTCGTCCATGCTAGCACCTGCACCTCCTCGGATTAGTTCTAACTGGCCGTCATGTTTATTTCGGTCCTGCTAGACTATTACGGCTAGCGCAGCTGAAACCTTCGTGAACGATCTAAGGCGGATTATTTCAGCTAAATGCACAGATGGGTGGCGATGTGTGCTAGTAGGTAGGTACTCCATGACAAGAAGGCTTAATAGGTTGAGTAAAGACAAAACCTGGTCCTTTGATACCGTTACACCCCTTCTCTAACCGCGATAAAGAACACATCGAGGTTGGAACCTCTGCTTGCATGGTCTGTCGGATCTCCGTTGGGATTTCAGAACTGACCCCGCAGGGACTAGTTCTTCTTCTGACCGCGAGAACAACGAGGTATAATTTAACGCACACAACTATCCCTTATCAGATTCGTTCTAACGTTTGCCCTTCGACTAGTGGTCTAGCATATACCTACGCTCCTGCTATCTGATAATATCCCGGAATGATCTTTGCAGATTGAGGCAGTGGACAGAGCAACATGTGCAGGTATGAAACACTCTCGGGGAGCACTTCTGGATGTAAGATGCAGGCCCTA,1826,49.45,Escherichia coli
SEQ_739381,TAGTCACACTACCCGAGCATAGTGCACCTACTCGTGTATGCCGTGGCAGTCTCTGGATCAACATATCTTCTTTATAACGCCGGCTTTACCGCGATAGATACCGCCCGGTCGCCAGACGGTCCCCCTTTCGCCGAAAGTCGGCACTCGAGAAGCCTTTTTGCGCGTCTGTGCGAACACTCCGCGCCAGCTTGCATGGCAGGGCCATCACCCACGTCGATGAGTGATTGTCGCCGGGAGTTGAGTGTTACCCGTGGCTTCGGCGCACGCGGGATGTCTATCTCGTTCAGTACGCTCCGCGGTCTAGTAGAGATCGCAGCTTATATGAAGGGCCAAGCGGGCAGATGCAGCTGAACCCCATTTTGCACGTTGACAAATTACTGTTGAAAGGGAATATCTCCGGGGGCGGTGGGCTTCCAGGACTGGGTGTTCACGCATGGACGCGCGTCAACCCCCGACAGCGATTACGGTTGCGATCCCTGACTCGGAATAGGAACCACGCATAGACTTAAGCTGCTTGAGGAACACCGTGCCAATCCGTTACTGTTGTTCTCGTCATGCTCTTCTGAATCAACGGTCGCTACGCCATGAGTCCGCTTCAACGCGCCTCATGAGGGGCCCATTAGACTGGTGATGTTGATCCTAGCGTGCTGTCCTATACCGTTCTTCGGCAGGTATTCAGGTTCATCGCAGTCGGACCTCAGTTTCCGTATTCGAATTAACATATCTAACAGCATTCGGGCGAACGACAAGCGCGCCAGGTTACCAAGCGACGTTGCTGAGACGGCACCAGAGTCCCTGTTGCTGGCTGTACCATTCAGGTCTTCGTTGCCCCCTATCTGTGCGCGGCGTACATTGAAGTTGTTGGATGTTCCGCTCCATGTGTCAACGCGTGGCAATAAATGGTTTGGACGCACTCTCGTTTTGCGCAAAGGTGGGTCCTCTTGTCCTCAATGCCCTATTGGGATCTAGACAGTTAGGCCTCGGAGATATGGGGCACGCGCCCTGTGATCGACATTTGGCGTCTAGGTACATATTGTTGCGCTTCAAAGTGTTGCAGAGTCCTTTTGTAAGCGGGTCGCTTGACTCCGATGTTCCCAGAACAAAGAGGGGGCCCAGTACCGCCTAGCAAATCAACCGAGCAAATGGGTTCGAATCCTATTGACCAACCCTCCTATTAGGGAGTAGTGGGCGGTAGACCACACCCCCACCTACCCTCAGTACTACCTGCGGGAAGCTCAGTTGGGCTGCACGTGTACTATTTATGGGGAATCCTCCTAGGTCGCGGACCACTATCCGTTCTTGGCTAAGAGACCCATTCCATTACAACAAACAGCTTCAAAGAGAGATCTGAACCCTCCATATTTTCGACGGCCCCATTCAAATCCCCGTCAGTGGTTACATCAGCAGTAAGAACCTGCATTAGGTCCTTTTTCCATGGCACTGGAGTGACCCCGGCGTGCAAGGGGATCTCTAGTGTAGTGGTCTTTCAGCTACGCGGCCTATCGTTAAACATGTTGAAA,1520,53.68,Mus musculus
SEQ_547179,GTGCTAGCAACGAATTTTTCGCTCGAGTGCGGCATACCGGGCTTAGAAATGTGACTGCAAGGTCTGGGGCTGATGGTGGCAACACCTTGGAATCCAGGCTGCCATGCGATGCGGCCTACCCGTGACATAAACGGAAAAGCTGAAGGGCTGTCTCTGTTTTGGATGTCAGCCGCCCGCCTGATTACGTGTCAATGGTCCGCTGCCCTGGCAAGGGTTAAAGGCAGCCTTTCTGCGAATCTTCTCTTGGTTACCTGACGTAACGGGCGGGTGTCCTAGTTACACATGCCGTAGGAGCTTGCGTCCGCAAAGACAGGAGCACCCAAAAATAGATGACCAGATGAAAATGAAACAAGGGAGTAGGTAATACTTAGCCCATTACGTGTCCGATGGAACGACAAGGGCAGTGTCTTGAGATGAACGGACCGACTGATCCTCGCGCCTACCGCCGGGTCGCCGTTTGGTACCCGAGGGTGTCCTCAACCAGCCTTCAAGTTTGCCCGTATCTCGAATTTGGGCACTATCGAGGGTGCAACCATGTTATTTTTACGCTCGTTCCATATACACCTTGTTAACTTCGGAAGCACACACACATCACAGTGGGCTTCTATACCTTCGCAGTATGGGAAGGCTGCTTCTTTGGGGCCGCCACCAACGCTAGACCGTTGTGTAACCGAAACTTTAGAAAGGTTGGTGACTCGGGACCGGTCTACGAGAACTGCGTCCTTGTTTAACTGCGAACAATGTTGTACCCCTATAAACGGTCATCGGCAGGCACCCTGGACCAGTTACCAAGTATTTAACCCGGAGGTCGGCAATTGTATTAAATTACCGCATTGGACGGCCGTCAGCGTGCAGCTAAGGTAGGATGACGGGTCGAGGCTGTGATCCATCCCGCCAAGTGCGCCCATTCAAACCAATACCAGACGCGCATGCGGTCAAAGCCCGAATCCGCGTAGTCACTAACGCCCAGGGAACCTCTAATGAAAGGTACTCAGCCCGGAGCCAGGGTCAGACCGGCCTACTATTACAGTGAATGTGGGCGCAATTGAGTTGAACCCAGGCCCACACGATTCTCTTCGCAAGCATGCTCCAAGAATACCGT,1102,53.18,Caenorhabditis elegans
SEQ_941773,TCCCATCAGCTTGGGCGTGTCAGCTAGAGAAACAGGCCCGAGAACCACGTAAGTAACCGCCCTTTGAGTCATTGAAAACTCGCGCAGCCAACTGTAGCCGGTTAACCAAGGAGACTGGCACTGACCTACGTTGATCTTAGAATAGGTTGTGCTGGTCCGTGGCAGTGTACCATGCATCTTGGCCGGTTCGAATCTGCGATCTCGGCGGGGTAGACATACAGCTTCTGTCCGACACTGGAGCTTCTAAAGATATATCCAGCCACTCGATGTGATTAGGCGGGGGTTCCAACCTAGGCTGAGCGAGAAATTAACTCGCGCCGAGCTTTAACGCTGCCGCCTGGTCGGAGCAGGCGTGTCGTGACTGTCATGTGGGCCACCGGTCTCCGAGACTCCTTGCAGAGTGTAGCGATGCCGGGCGGAGTTCAGGCTGGGTTCCTGCCATGGCGGCGTCCCGTGCCAGTACGGAAATGTCTTTACTGTTTCTGACTAACCCACGGGAATTACCACTGACAACCTCATGAAACGACCTGCGGACTTTTCTTATATAGGGCAGTAACACTATACACTCCTACTATAAGTTGCATATTAGCATTGGTGATGCGCGGTATCACCACAGGCTAGCGTCCATTTAAGGTTACCGCCTCTTTGGAATATAGGTTGCACACGGTTCGTGTAACCTGCCATCCAGTTTTACTATCGTAAAGTACACTGGCACAGGGTGCGAAAATTAACTTCGACTGAGACCTCCTACGGCGTTGCAGGTCTATCTGACCTCCTTCGCAGCGCCTCATGCGCGGGGGCGCACTGTGGACGCAAGTTTGAGCGAGGTTGGAGCAACGATATGCGTGGTGGCGAATTTGTACCTCAAGCGTCCCAGCCTTGCCTTGGCAGAGAACGCGATGTAGCTTAGAGGGTTTTTTTGGGTAGGATAGTGCGGCCTGTACTTGAACCCTACTCGAACGAGAGTAAAACGCCTGGGTCTTTCGAGCCATTTCATTGACTTAGTACAGTGAAGGGTTATGCTTTACCTCGAATCCAATTGTCTCAGGCCGCTGTCTGGTATCTGAGACACCGCTTGCTTCCTGAACTACCTACCAAATCAGGCACAACCGAGTGATGTCAGCCTTTGGCGCGCTAAGATCTTGGTTCCTCCTCACCCGGCCATGCTACTGCCTCGATCCTGCAGCGAATTGATGAAATGGGTATGGCAACATGCCCCTGCAATGCCGTTAGTCGTGCGAATTATATAAGCTACCGTGTATCCAGAAAATGAGCGAGCGAGGACTTCTGCCTCCTACGAGTAGTTGGACACCGAGCTAGGACCTGGTAAGCAAGATGGTTTTGGAGACTTTACAGTCCCGAAGGATCGATCAGCCCGTAGCAGAGATGTGATATAGACATTTCTATTCTCCAGGACACCGAATAGCCACGGCAGTAAGCTCGAAGCATGCCACAAT,1457,52.16,Escherichia coli
SEQ_494589,GCGTAAGGTTCGATAGAAGACGTATACAATTGAGTACGTCTTTACTCAAACGGGGGCGGAAGTCCCTCCTAGGCAACCGGTTGACTGACACTAACGTGTCCGTGCCATATTTAGGTTAAGTAAGGATCTATCCCGAACTACGCCTAGTCAACTGAAGCACCTCACCTGGTTATCAGCGTCGGCTGGATTACGCTACTGTAGACGTAAAGTTTCCCCTTTGTTTGGAGCTGCAAGGCAAGTTCCCTGTTATAAGTTGGTGGAGGTGAAGGAACGATCGTAAACCACCGGATGTCTAGTCCTGCTGTCCTGATTACCCGCATCTACAAAGCTTTGATGTTCGGCGAGTGGTCGGGTATCCCGTCCTCGGCGTCCTAACGATGGGCCTACAAACTGACAACTGAGCTGAACCACTTCGAGATTACCCAGACGCCAAAAAAAACTGTTAGATATGGAATGATACTCAAAGAAGTCCGTCTTGTGAAGCCACATCTAGGAGGTATAGCCGGAGAACACAGGCCAAGGGGGCCCTGCCCTCGGGTCACTTGGCAGTTT,552,50.18,Mus musculus
SEQ_501341,CCTGGTGCCGAAACCTCGATATATAACAATTGCGTTCATTAATTGTTACGAGAGGAGCTCGCTCCTGTCGGTGGTGCCTGCCTTGTGCACTACCAGATAGCCGCTCCGGGCGAACGTGTCTGCGTATATTCCCTAGCACGAAATGTGCTCTGATGGCATTTAAAGGTAAGACAGAGTAGCGGAACAAGTAGCCCGGGTACGAATCAGTCACTAGGAGTCGCTATTCGTAAAAAGATTGAGGCTCGATACTCAAACCATAAAGCTGGCCACCAGCTCGCTAACTCTGCGGCTCTCTGGAGGAGTCAGTAGCTATTCTGAAAACTCCATTCGCAGTTCGAGGAGCCCGTGCAATGATGGAGCTTTAGCAGCCAGCGTGTCAGTGGCCAACTGAACCATTCGCATTAGTTGGCGTGACCCAACTTAGCGACAATGGATCACAGTTACCAAGACTAAATTTGAGCAGACACCTGGACCGTCAGGGCAACTAGGGCTTTACTCGTATACGCGCATACCCTCGAGCTGCCTTGTGTCATTCCTGTGTGCGGCTCGACCCTTCTTTTGCGTTCCACGGTGACTTAAGAGCTTCAAAATCTCTTGGCTGTTTACAATGGCTGTCACATTGACCGAGATCGTACCGATTCAAGCAGTTTGATGCATATCACCTTGGGTTGTTCTTGCCCTAACTAGCCTAGACCTTTGGCGAATGGTTCACGCGTGAGG,720,50.42,Drosophila melanogaster
SEQ_501503,CAGTTTGTTTGCGGGACATGCCTGAGTGGATCTCGTTAATACACCTGGGACGATCTAATCTTATACGAGAAACTTCTCTGTAAAGTTTAAGCTTTCTATTGACCTCATCGAACGAAACCCGCTACAATACCGACGCATTGCTCGCACTGTAAGTCTCGTTGGGATTAGATAGGGCAACAACTACGGACCCCCGGCGATGTCTATAACTCTGGGGACGCGAAAGATGTCCCGTTGCAGGTTATATATTACGTGCAAAGGGCACGAGAAGCGACCCTAACTCTAGTGTCCTTATCTTAAAATACGCAATTAGCTAAAGTCGCCGCAGACTAACGTCATTGTAGCATTCGGGCGGTCGCAAAAGCTTTACAATTCCACCAGGATGGCCAGGCGACATGCCAGGTTTCAAACATGGAATTCAGACAGCAATTTCCGATCTTCTTACTATAACTCTCGATCTCAACTCTCTGAACCTGTTAGAGGCGTCCGTCACCTGTACCAGTAGAGTTCCGCTTCTGTTACACTGCATATCCCGCCCGGGTTCTCGAATGCTTGACCGTGGTTTTAAATATGCTTCAGAAGTAGCGTATAAGCTGCTATTAGCAAAATTCGGGCGCGTGCCCGTGCGCTCGAAAGTCCTGTCCACGCGACATGGACAGCAGCAAGACTAATGCAAGCCCGACTTTTTGTCCCACAGTAGTCAACGTCTCGCTTATATCCTGTAACGGGCTACTCCAGCCCATTAATCCCACGCACCAGGCACTAGCTCACGAGTAGGCAGGGAACAATCTCGGACAAAGTTGCCTCAAATGGAGCCTGATTGTTGTCGCGCATATGAACCCATTAAAGAGGCCTGTCGCTCTCCAATGCATATGCATAGTCGGCCTTCTTCCGGAGCCCATGGTGAAGTAAATCATGGATTCAGCCCGGCCTATTAGCTTTTCCCGGTACAGATCTCTTGAGAGTCCGTACCACTTGTGCTGGCTGGCTTGTTCCCTACCTAGATACAGTGCAGGTGACTACCGGAATTGCGCGATATCTACACAGGCCCTTTAGGGTTGTGGCTGCAAACCAGTGAAACGTTTCCACTGGCGGGAAATCGTCTCTATCCACACGTTTGGATTATGTAGAACTCCGCTAAAACAGAGCATCATGGGGGGGTCTTAGAGAACAGGGGCTATCGTCGACTGCATCTACGACTTCCATGTCAGATCGACCTGGCTATGAAGGCCGAGTTCAGTTTTTTTTAGCTATACCCAGTGTGTCAACTCTGCGTGCCGACAGACCAATAATTGGACCTCCCGTATCGATATTGATCGTAGCTGCGTGGGTACTAGCTTGATGATGAGTTGGGCCACAGGACTCAGTGAGTGTTGATAGTGGGACCAACAGCAGTACTTGTCTAAATTGTACCCCATCATCCTCTTCTACCAACATGCCTCGCATTGCAACGGATCCGACGCTCTCCACTTATACAGTAGCTGCGCACCCAGAATTTGCTTCTTTCCTTACTTAAAGTTAAAGCGTGATTCCTGGCGCGGTCGTGATAGCCGGTCAGCCACTGTGGACATCCTACTGCCAATAAAAGCGGAACTCTTCTTTTCGTAGGAGTTCGCTTTCACCCAGTGCGTGTCCAACTCTGGTCTGGGTATAAGCTTACTTGGATTCG,1666,49.28,Drosophila melanogaster
SEQ_201248,CACAAGCGCTAGGTCCAGTCTCACGTGATCTATAAACTTAAGAGGGCGCGACTTACTGGTTGATTGAATGTTTTCGCATGATTAATTTAGTGAACCGCGATAAGATGTCGGGGGCAAGTATCGACAGATTATGTATTTACCATGCACTATTTTCTGAGTACAGACTATAACATGCTCTGCCAGTTCAGAAACTCCATCCATGAGGGAAGGTGCGTTACGTTCAAGGCCGCATGTTCCGTTCGAACTCGCATCATCGGACTGCCCAAAAGCAAGATGTTAATACTCCATACCAATTTATATGGAGTCAAATTTCCAAGTTGTGGATGGTTTCATTCGCCTCGCATGTTGGTCTCTGCGACCTATGTAAGGGTACCGAAACAAGCACATACCAAACCAGGTGGATCGAATCTTCAGTTGGCCTGGAAGACCTGTGTTGCCGGCCAAAGTCTTTGAGCTTGACACCTGGAACTAATAGTGCATGCACATTTTCGGAAAGTTCGCTAAGTCGTTAAGGTTTCCACGTTAGTACATCAGTCGATACAGCCACCTGTGTATCAGTAGTGGGCCGCTGTTGGCACAGGCTGAGACCAGAGAGTTCAACCCTTACATGATTGATTCCATTTGGTCCCTATTATGCAGTGGTCAAATGGTGGACATGGATGCGGATCACAGGGTCTTCTAGTTTGAATATTCAACGCGCCGCTATAACCGAACAACGAGTGGCTTGCATTTATTGTGGCATCCGACACAGCTTGTGACAAAGAATCTCCCTGTCGGCTATCCCGGCTGTCAACCCACAGATGCATTTGGCGAATCGTAACCTCTGCCCCCACAGAGTTCCCCGGCCGTCCCGGGAGGACGCAATCCAAACAGTCATTGTATCTTAGTGCATTGAAGTCAATCCAAGCACCGGCACGACGATACTCTCTGACGACGGCCGACAACATTAGTAAATGGGCCGCCCGAGTGTAATATACAGAGTCGCGTTCCGTTAAACATGAGCGGAGATCACGGCTGTCTGGCGTCGAAAATAGTCGCTGAAACAACGCATGGGTCATATGCAAACCCATAAATTGCGGTGGAAAAGTCAGGTTTTCCCGAGGGTTGAGGTACGCCGACTCCCCTGAATCGGTTCAAGTCCCGATAAGTGACAAGGACAATGTCTCGGCATAAACGACTGATAGATGATGGGCTAGGCCGGGCGATATGTGCTGTCTTATAATCACGTTTTCTAGCGCTACTTTTCAACGGACGCCAGGCCGTTTCCAGCGCGTGTGCTTAAATATCCAGTAATAGCTCCCATCGCTGGAGTATTGACGCACAAGGACGCAGCAAGCGCCCGCGTTACTTAAATACAGCAGCCGATGCTCTCACAAATGACTCTAATGTCTGACGGGCTGGATGCTGCACATGGGGATTATATGAAGGACTCTTACGCGAGGGCCCTTGTGCTCTACGTAACCTCATTCTATCAGTGCGGCCCCAAAGGATTGGAATATACCTTCGCCTGGGCGTAGACTAGTAAGTCACAACGGTGCAGATAGTCAGGTCAGATCCGATTAAAACCGAGAGCAAAAACAGGAGGGATACGTCGGAAATGGACTGTTTCACGTTCTTGACGAGCTCTCGTAACGAGCGGTCGACTGATTGTTGTCGTACACGTATTAACAGGCACTAGTAGGAAAATGAGGTCCAGCTTCTATTCTCAGGGTTCGTAGCGCGGGTGCGCTTAGCCTAACTTCACCTAGCTCGGGCACACTCTACGTCGTGTTCCGATGGGACTGGCCCTAGAAGACTATTGTTCTATGGGTAGCTGACCGGCGGCAGGCCTGATGTCACTGATGTAATCGTAGGTAAGGACCGCCCAGCGTGGACCAATAAAGTATGCCAGTCGTTGACTTTTACATCAGGACCAA,1916,49.32,Mus musculus
SEQ_937781,CTGGAGTGCCGCTAGTCCGGTAGAAGTTAGTAATTGTTGGTCCGCTACGGGTCCGTTTCGGACTTCTTAAAGCAGTGAGTGACGCAAGAGGAAGATCGGACCTAACCTCGGGATTAGCGAGGATCCAAAACCTCTCACACAGCTTTGTCCGAAGCTTGCGCTGACAGGGCAGTGGACGCGGGGCTTAGGTGATTCGTAAGTACTGATGACCTGGATAGATAGGGTTCTACTGTAGCTTTTGCGCTCTTACTAGGCGAACATGGGGCACGTCTCGTCCTCCACGGACGAGGTCACATACGCTGGTACCAGAAGATGGTAGGAGCTTGTGTCGAGTCGCAGTTAAGTGTTGGGCTGGGCCACACTTGTGGGAGGGCTACAGCTTGGATCGGTAACAGTCCACGCGTGCCATCCGGGGGTTGTTTAATTTCGTAAACAATTTTAAAGTGGGCGCCTCCACCCCTCGATCAAGCGTTCGCGTCTGAGCCATGAACGCTTGCCGCCGTGGCACACTAGAACTTGCCACCCTGTATGAGTCCCTTATAGTGGTAGGTACGCTGGACGTCCTGACATCTGACAGGGGAGAAGTGTCACAGGTAGATTTCTAGGTTCTCCCTTATAATAGAACGATCATTTCGTATGAGTGAAGCGAGAACCAGCAAAGGGTGCGCAATAGAAAGGTCGATCTAGAGAGAGTACAAATCAGGTGAGTACTTTTTTACGTTGCAGGCGTCAACTGTACTGCCTTTTCAGCTGCATGGTGGAATTATGATTAGGAGAGAGTAGTACAGGCTGTTAGTAGTTCACAAACCGACGTCTTCATTGAGCGGTCTCGACTGGCCCGAGGACATTCCGGACACAGGGACCCACTATTAGCAGCTGTGGCGAGCTATGGCCGGTCCTATTCCGTGTACGTCTAATCGCGTCATGCTACTAAACCTGGTGCAAACACACTCACTCGCTCGGTTCTTAAAATTTGTAGTTTCCTCCGACATGGGTGTACTCGTACACCGACTCAGACTCTTTGATCATGCCACCGGAGGCGAGAGCAGGAGTGCCCGTGTGTTTGCCTGCGTTATACGGTCCGAGACGCCTGGATTTGCGTGTGGCTATAGAGCGAAATTATCTCTGAAATGAAATACCTATCTAGTAGCTTTGCACAAGGGACGCTATACTGGGGCTTCTTGCC,1186,51.43,Drosophila melanogaster
SEQ_524160,TGTGAGGTCCCGTGAAACTACATAGATAGATCTAGATTTTATACCCCTGTGTGGTCCTCCGGCTGGAGCGGCCAATGTGAGGGTGCTCTGAAGATCTTGAAAGGGGGAGTTTCACAAGCAGGGATGCGATATGCGACTCGCAGGACTTTCATACTGGTCAGTTGACCATAAGTTTGATGTTGAGATGGGAGCTTGGTGCGACTGACGCTGCCGCGCCAGCTGAAGAGGTATAGTAAGACAATAGCTTGGCACGATAGAGCTTTTAGCGGTTGCTCGGAGTCTTACTTTTTGATAAAGACATCAGACAGCGAAAGGTACGTGGTACTCCTACGATATTACTCTAGCCATCTCCCTGGCATTGGCAGTAATCACAGCGGGGTCCGTACTGGAGGTCGGCCCACGACAGCCTCTATGAGCTTGTTTAATTAGGACATAAGTATGCTTCGGATGTTTAGGAAGCGTAGGTATACCACCGGCTGCACACCAGCTATCCCGACCTCGCGGCTTCCTTCGAACTGTAGTACTGCATATGCTGTTGTTCCGGGGCTTCGGTGCTTCAGCAGCCCTTTGCCCCTATAGCACGTGACCTCTCAACGTGGTGGTCCGCCTCATGTGATGCACATTCTCCGGATCTGCAGCGGGCATTACCCTGGCAGAGAGCCGGTCTGATTTTATAAGGACATCTGGATGTCTAAACGTGCAAACACTTCTTGCCCACCCAGGGTCCTTGGTTTATGCGCTACACTCTTTCACACCAAATGCGCTTCAACTTCTAAAGCGTAGATGTGACATTGCAGGTGTCCATAAGACCGTCTTCACTTCATCGATAGCACCGCATGAATTCCCCATCATTAGCTAAAATAGTTGCGCGAACAGCATAAACACCGTTAGGTCCATTAGGACACTGGTCAACTATGTGTCTGCGAACCAATCCGTCGGTTGGACATACAACCCACTCGGTTTATATCTCATTTGTCCGTCGTGAGAGATGACTGTTGAATTCGCACCGTCACCTAGTACTCTATACGAGACACTCCACTACCTCTGAATGAAGGGGACCGTTCCGTCCCTCACCAGGCCGAGCTTGGGC,1090,50.55,Saccharomyces cerevisiae
SEQ_462404,GAATGAAAACCTAGAGTGTAATGGTTAGGGCAGCTGCGTGCTCTGCAAATAAGGGCCTGATCCTATATCAACCGATTAACTACTATTGGTAGGCCTCGTGATATCGCAAGAGGGAAGGCATAATGCGGTCAAGTGACGTAAGGCCGGCCACTACCAGGGTATTTCAACTCGCAATTTGGATATAGAGCCTGACCGGTCGCGCCCAGACGGGTTTCTCTACGGGAGTACATATGGGCGAGATCCATGACCCGGCCAAAACAGGTTTGTAATCGGTATAAGCTCGAAGAATTACTCGAAACCGGGAATTATGCTGGGGTCAAATGGATTTACGGAGGGTTTAGTCCGTAGAGTGGTACAACGTTCCTGATTCCTTATTGTAGTGTCCTGAGGTACATGGGCTGAGCGGGCGTTCGGGACGGCAGCGCGAGTACGTACTCTGCGCGATTAAGTCTCGGTGGGGAGCTCGTTTCGTGGAGCACGTACACGCTGAACCCTTAACGGGTGCTTGGGAGACCCTCCGCCCTTCTGCGTCGGCGACATACTCCCAATGGTACCTTCATCTCTGATTCATACATTATCGGAGGGTATCCGTTACACCATAAGACCCAATCCTGCATGAGGACAATTCCTCTCCTGCGGTTTATCCTTCGCGCCGGCTCTCTTTTAGCCTGGTACCTCGTGTCATCCCAGTAGAAATAGCGGGAGTGTGCTTCGAACAAGTAGACACTACGGGTGAAACCGGACTCCCTGCCTGACAAACAGGTACCCAAGAACATGGCACGAAGGACAGTCACATCGCCGACACGCCCAAGGGCGCTTAGTCAATTCTCGTGATGTCCTTTTCCACGCCGCTTTGCGGCACTTCCCTACGCATCATGCAGGTTACAAGGACAGCGTGATCTGATCGTCGGGTCCGTGAAACTTGTCTCTAATGTTCCGGTAAGACTTGAGGGCCCCCAAGTTACCTCACAACTGGAGCGGACATCTAATGGGGTGTCAACACCATCATATTCGACGGCTTTTAGCCTTATCCAGGACTACCAACCGTAAAAACGAACCGCACCCAGACGCTTTTATAGGTACTGCAGACAGACAGGATTTTGCGCTACGGCAAGACCGACCGATTCTACGTGAGATGCGCATTCGGGAATCACAATTGGCAACCCATTGTGACCGGCAATCTGCCCTACCACGAATATAAGATATTATTTTACGTATTTGGTATCCCAGTGTGATCCACCTCCTTCCACCCCTTCCGGGTAGTTAGGCTATGCGAGGTTTGTTATTCCCTTGATATTCTCTCACACACCAAAAATGCCCGGCATCCGCATCAATGGCATCACTTGCGCGTCTCCCCGATTGAGGTCCCAGGAATGGTGCCCGCTTTTAACTAGAATCCAATTATCTGCCGCATCGGGAAAGAATTCAATTCACCCGTACAAAGCCCTGTGAAAAACTATGTGTTGGTAGCGTTCCCGATGAGAGCCAACGATCTAGTTCCTCCAATTCGAATGCACTTTGGCTATTCGTAGAACTT,1537,50.81,Mus musculus
SEQ_859839,CCGGGCAGTTAGCGTGTTCGCGAGTACCATCGGAATGGTGTAACAGCTTTCAGGCGACTGGGCCTTATGATACATTTTAGTAGGGAGGATGTTTGTTCTCGTATAACCCAGTAATCAGTAGGTGTGATTTCCCGTTGGCTGGATCGTACCAGGCTCGAGTCACTGCGGGGTTTCGCCTTGCCAGATGCCCGCATGCAATCTCTCTTCGGAATTGGAGTGAGGTTTTAATTTGGGGCGGACGAGAAACATTCTCTAGGGTGCAAATCGGATCGTGTAGAGCCGACCGAACGGATTACGTGGGCATGATACTCTCATCAGGTGATGTCATATGTACTCCGTGCCCTAATATAACTATACTCATCATTCGAGCTGTAGCATTGCCCAATGTATTCGAGTGGCAAGTCGCGGGGGTTCATACTCAAATCGCAAACAGGCCTCGATCATATTGGACATAGACCGCTTATTTTGTGTGCGATCTCGCTAACCGGCCTCCGGGAGAAGGTGCTGGAGAGGCTGAGTATACGCCGTGAGGCTATAGCCTTGCTATGGTGACTCGATAATTGATTGCGCTTAAAACACGTTCTTAGTCAATACTTCAGTATGTGAAGCTGTGTCCTGTCAGCACTGATAATGGTATAGAACACTCGTGGGGGGGTTCTGACGTCAACGTATAATATAGCTGGGATTGCCATGCCCGACCCTCAATGCCGAAATCATGCAGGCCCTCAGTAGGGCAAGAAGTCTATACCGTACAGGACAAATAGTAGACCACCAGTGGTAGTCCAGGCTTGAGCAAAATGCGCGTTTACTACACGCAGTAGCATAAGCGGCATGTCGTTAGAGTTGTCCTAGGCCTCCGTTGCTACTCAATCCCATTTTCTTTCGTAACTATCAACTCTAGGCCCACCATACCTCCGGAACTACTGCAGGGCTAGTCATCCCTGTAGGCGGAAGACTCTCCGGGTAGGTGTAGCCCAGTGGACTTAACCTACTTTATTACGCTTTGGCGGAGGGAGATCCATATAAGAAGGTGGGGGACAGTATCCGAGCCTAATCAAGGTAGCCGCCCCCACTTAAGATTCCGCCTTCCCCTGGTGGCGGCACCTTGCCGACAGTCGGTTGAAAAAGACTAAGTGTGGGAAACGCGCCGAATTACGTCGAATTGACCGCTTGATTAGGAATGTGGATATGGGCTACAAAATCCTGTATGCTTTGCTGGTATTGCGAATCCGGCCTAGCTACCTAGGAGATGATAGGCGAGCAAAAACACAGTCATACGGAGGCAGAGTAAAGAACCTTAGCT,1303,49.96,Escherichia coli
SEQ_529516,GTCAACAAAATGAAGCCGTTTTATTATGTGTTTTTGGCACGGGCATTGTCACTTGACCGGTGGCCAAAGGGTGGTGAACGAGCGGGTAAGTATACACTTTATTCGTCGCCGCATCAAGAGGGCCGCCTCGTACTACCCAGAATGTGACCTAACTATGGTGGACGAACAAGGTATCTAGCCAAACGCACTGGCTTCGATATACTGCCCGCAGCACGAAGAATGCGAGGCCCGCTAACTGAAGTACTAATAGTATAATCATAACAGGAGTGAAAGTCCCAGCAACGCTGTTAACGAGGGACTCACAGATGCTAACTTCCAATACTTGAAACCCCTAGTCAAGGATTTTCTCGAATCATGTACAGCTTGAATCCACATCGGAGGCCCTGAAGGATTAAACAAGGGCAGATGCAGCATATTACGTGCCGATACTTAACGTGTACACCTACTGGTGGTTTCCTAGAACCGCCAACCATTTTCACATCCGCGTTTGTTTATGAAGTTGCGGTTGGCGTCTTCGCCATCGGAATACCCCAATAAGTCTTCGGGCCTCACAGACGCCCTCATCCGCTCAAGAGGATCGTTACTCGTGCCCCGGCCACCCGGAACATATCAAGGCGCGAGGGAAACACCTAATAAGATCTCTGAGTGTAGTCAGACGCACTGTGGTCACGGCTCGCGAATCCGGTCATAATATATACACTTCTTGCGACAACCTATCATTCCTCCCTCGACAGAGGGCCACAATCATTTTGTGATTGCTTGGAGTCCGAAGTCCATCCGCTAAACTTTCAGCCGTTGAAATGTTACTCCACAAGAAATTGCATCCGAGCCTTCACAT,838,48.93,Drosophila melanogaster
SEQ_576062,ATATCCGCATTGATACGCCGACAGAAGTTATTTAAATAAATACCTCGTCTCATCAGTTCTTAACCGGATTGCTGTATAACTACCTGTACCCCAAATGCCGGGATCACGAAGGTCGAGCGGCCCCATGGCCGCTATCAAGGCACGTGATTAGAGCGAGTACCACTTTTATGCGAGACCAACTTGTTCCCGTGCAGTGGAAGTGTTTCGTGGCATGGCTTTCTACTGATGCACATGGGTCTTCTGGCCAGTCAACGAGACATTGTCACCTTTAGCACAACCACTGGCGATTGTCTACATTCTAATGGGGACGCCCTATTCTCAGCGCGCGACAGCGTTACTGTGAGACTTTCACACCCTACTCAACGAATCGCACAACCCTGGCGCGGAGGGTATCGCCGTTTATATCGAGTTAAAATTACTGCTACACGTCATGACCGACGCTGGCTCGTGTATACCCGGGTCATCCCCTGGGGGGCGAAACTCACTTGCTAGTTGGGGTATCGTAGTTCTACGATGGCGATGTGAGTCGTTTGACCTCGTTGAGAGAAGAAGGTTATGACGCTGGAGTACGGAAGCATAACGCTCCCATCGCCGAGACTATCTCGTGTGTAAGGCCAGCACCGGCATCGATACCATGATTATCCGAAACGAGGGACCTGCTCCCGGAATCGGAACTGCATAGGTGAAGGACTTGCACCCAACTATTGCT,709,51.34,Arabidopsis thaliana
SEQ_404345,GTACAGCGTGGCGGCTATTCTCTTTAAAATAGCCGTCTCCGCAAGATATGTCTAACCGGTCTCCGGACTCCGTGTTCGACTGGGGACCTCGTCGCGTCACTTCTGTCCATCGGATCAGCATACGGTACGTATCAAAGGTTATCGATCGATTGAACAATTCATTGTCTACAATCCCGTACGGGGTGATGTATTTTTGTGGCCCGCCGGCAACGATAAAGTCCGGCAGGTGCCATAGCTATTGTGACATCGGACCGTTCGACCATAGGCATTAACCTTGCGAGAATGCTTGCGCTCGGGATTTAAGCCCAAGGCATATGGGCGGTCGCAACTTACACGCCCGATCTTTTCTGTACGATGTCAACAAGACGCGGACCCCACGTCGCCAGTTATTGCGGACGAGCAAGTACAACTGGCCGCATGGGGCGGCGTTATAACTGGTCTGTGCTGCATTTTATTAGCCGGGGTGAGGGGATGTTGTCCGTAAGGCTCTTTCGTAAGTTCAGGCCTAACCGCTGGCGGAAAGCCGCTATAATTTGCTGCATCTTCCAGAGGTACAGGATCTGGCGGGTTGGCCATATTCACGTGCGCCATGCACTTCAAAGCAGATGACATCGGATTGAATTCGATTAGCTGCTGGTTTGTCGTCTGTCGTATCCCTGACAGCACTCCTTAAATAGTTCACAATGAACTGTCCGCTTTGAGTCAATGTATCTTAGGTCCGTAAGACGACTAATATTGAGGGATTACCGGCGATCGGCGCAGGTTGTATTGATAGTACCCTGAGCTCAACCATCGGGGAGACTGACCCACGAAGATGCAGACATTGGAGGCTCCCGGGTGCTCTACTCACGCATGAATCATCTAGAACTCGCTGCGCTAAAGCCGCGAGTCGTTTTCGTCAAAGCCCTAGCCGTAGTGCTACTCATTAAAGGCTTATAATTGGACACAGGCAGCAAAGAACCACTTGACCACTGCTGGCTTTGGCGCATTGGAGAAGGTGGTTACGCCAATGCGTCATAAGGCACCTGTCCTGTAACGAGAAAGGCAGCAAAAGGACGGAAGTTAAATTAAGGAGCTGCGTCATAGGTTTGTGCTGGTAACGGGTGGCTGTAACTCTATGACACCGAATCTTAGATCACTTCGTATTAAGTCTTAAATCTTCTGTCATCACTAAAGCTTTGAGCTATAGATGAAAGGTGGATGGCAATTCGGGCTTATCTCCCAATTACGGCGTCCCACGTGACCCCTATCGTAACAACCAGATATTCTCGTCTCAGGCTCGCTAGGATCCTTAAGGCGAGTATTCTAAAAAGGCCTACGAACGAACTGTGCACGTTTTACTGCAAAACGCCTGCGAGCCCTAACTCTCGTTCATAAATGCTACGGCTACGGTCGACCTGGTTGGTTCATTGCATAGTCGCTCTGGCTCGCGGGGCGACAAAGCACAGCCTGAAATTGACCACTAGAACCTGCTTGAACGGGAGCTACTGCTGATTCCGCAGTACCACTAACAGTAGGTGGGTGGGATTAGAGCTTGCTTACTTGCATTAGGTTTAGGCGAAAATGGTATTCGGCAGAGTGACTCATGTCGGTATTGCAGATTAGCATAAGTCGCGCCATCTGCCGTTTTTATGTTATCGAACCCGTCCGTCTATTGAACGACGCGGACGCCAATTTCTACTCAAACCCTCATATCTAGAGGCTCTTCCAAGTCATGCTGCCAGACAACATACTTTCAGTCACCTACTCTCGCCTTATCTCTCGCTGAGTAGGCACTTCATCTTGTATATTGTCGATATTATCGCGGGGCCCTTCTGTAACGATTGCTGGTTGCCCGTCTTACTTCGCGGAAGTA,1855,49.92,Homo sapiens
SEQ_436145,CGTTGCGTGAGTTACAGCTAGGGGCGGAATCGATGGTGCCCTTCTAGCTAAAGTGGCCATGTAGATTCGTGACCTACTAGCAGGAATCCCGTTCTTATGTCATACACCCATGACCTAGGTTTTCTGAATAGAATTGTCTACCTGTTCAAGGAGTTCAATCAGTTTTCCGTGAAGAGGATTATAGTACTGCATATCGGCTTTAGGGTTAATACCCCTCCAGCATAGCCCACGCGTTGCCGTAAGGTCTCCGACAAGCTTGGACAGGAAACGGTGTCATCTTACTGGGGGTCAAAGGGGTAGTCTGGGTAGGTATGTGACAACGCGTAACTCCTGCGCTGTCAGGCGGTAGACTACGTCACCGTTGGGCCTTGCCGGCGCCAATGCACTAGTTTCGACACGCTGAAAACCAGGATGTGCTTTTTCGCACAGTTTCAAGCCGATGTGCATTGAGATCCACGAGTGATTAACGAAACCCAGTTGACATCCTGTTCGGCTCAATTGATTAATATAATTGGTGACGCCTAGCCACGAGCCTTCAAAGTACATCTTTATTTACAAATCAGTGAATTGAAGTTTTGTAGTGCAAAGGTACTCTCCCGCCAGTAAGCTAGAGCACCCTGATCTGGGGCGAGGGGCGTCAACCCAGGTCAAATGCGAAGTTGGAACGCGAACAGGTTATTGCTTGCGTTTCACTACGAGCTCTGTTATGCATATTTCGTTAATCTAGACTCTGTGCTTTATTGCGATGTCCTCAGGCAGGGCTGTCGGACTCTGTGACTCTCTCATCATCTAGTGGACTATCTATGGTATGCTCAACTTAGTCGGCAGCCTCCCCGGACCGGCGAAGGCTGTTCCTGTCCTATACACCTGCTAGACTCAAACTGCACTCTAGCCGAGGCCCTCTTGAGGTATGGTTACATAGCATGGAACTCCTGTCGACGCTGACAGCGGTCATCTATACGTAGGATGCTGAAAATCATTCAGTGGCAGCCCAGAGCCGTGCAAACACTCGCACGCAAAGATTTCCAACTAAGTATTAAGCATCACAACTGGAGTTAGTTCGACGCCGATTACATCCCGCGTTATGCATCGACGCTCGTTAACACTTTTTTGATAGACTAATGCGAGATGCTCGCATCAAAACCTAGTACTCGTCACTATCATAGTTTCTATAAGCTCTCTCACATGTCAAACCTTGAAGGCCTCTCGTGTGTAATAGAGAATTTGGGCGAAGAGGACACGTCTAAGCTACACAGTGCAGAGGGTCGCCATGCTGCAGAGGCTTAACTAAGATACGCCAATGCATCCTGGGAGTATCGTTAGCGGAGACTGTCACGCGAATCAAAGCCTAAGGTGGTCTAATATCCGCACTAATCCCATGGGCTGACTGACAGCCTCTCGCGCGACGCTCTTATTCAGCTAGCAGTTTGTGTGCTGCACTAACTCTCAGTGTAGGGGAAAGGGAGTCGACATTCATGGATAGCATTCCACCGGCTCCATGGCCTGGGGCAAATCTAGCCGGTGCGTTATGTTACGTCGGGGTTCAGGCGGGCGGCTGAATCCGAACATGAGTAAATGTGCTTTCGAAGGCAATGTACATATTTATAGCTAGCTGAGATCGCCCTCTCCGGGTCGCATAGCGTCAAATGCAAAAAGTCTCGTCCCGCCCGATGGGCGTATCGCCAACACCCGTTGGCCCTTGCGTTTATCTCTTTTAACTGTCTCCGCCAGGGCCTTACTGGTCGAACCTCCATGGTTGAGCTTATGAGGATGCGCAAACCCATATGTAAGGCTAATAAGCTGAATCGCCGTGCATCGATCAAATTGCTGAGGGACAGACAGACCCCTTTCAAAGCTTCCCTGAATGTCACGAGTCCCGCGGGGCAACTATTAGGCGACCCGCAT,1905,50.03,Mus musculus
SEQ_792964,CTGATCTCTAGTCCCGATTAACCCTTACAATCTGTCAATGACGAGCAAAACACGTGCCATGTGCGCCTGTTACGTGAGGACGAGTGGGGGAAGCCGCATATATGGCAAGAGGTATCGGTGAAGGTTAATACGTATCCACCTGATACGGCTACTACTTTTAAGTTTGCACAGCACCGGCCGAAGCCGTCAATACCGCTGGGCACAGGCTGAACACAGCGATATGAATGAGGCAGCCAAGAAGCTAAGCCGTTACAAAGATCTCTACTCGACATCTAAGGCAAGTATTATGTTCCATGTCCGCTAAACGT,308,49.03,Saccharomyces cerevisiae
SEQ_165025,CCCCTTGATCGCGCTTACCGCGTATGGCTGGGCGCCACTTGACAGCCGGAGGGATATGTATACCCTGCCAACTTGGATATATAG,84,55.95,Drosophila melanogaster
SEQ_838123,TGTGCGGTTAAGAAAGATTCCTGGCCCGCGAGTGGTAAAACACATTAATGGGAAGTTGGCGCTGACGACTAAAGAATCCATGCACAACCAAGCCCCGTTCGCCGGATTCTACGTCGCTAAGGTCCCATTCGTAGAGATGTCATTCCGGGTCATGGCGCTCTGGACTGCTAGTCTCGTCCCTGTGCTATACTGCACTCTGGGGTACTGCGACTATCATTAAACAGGAGTCCGTTCTGTATAGGATCCTTCCTTTTATACAAACTAGATGCTGTCCCGATGGACATCTTGAAATGCCTCAAAAGCAATACACAGACAGACTGTGCCCGGTAATGAACGTACTACTAAAAGCGAGTTGAGCTCCAGTCCATGCCCTGGCGTATTAAGAAGGACTTCATCTCCGCCCAGCTTTAGACCGACTAAATTATCGACACGCGCGCGATCTCGCCGTGTAAAGCAAGCAGGCAATCAAACCTCCCATGGCGGGACATGATACCCCGGGCAGCCGCGGCGGCTTTTATGTTTGGGAATGTATCCAAAAATATTTTAAGGTACAAAAGGAACCCAATGAAACGAT,574,49.3,Caenorhabditis elegans
SEQ_634031,TGGGGACTAATCGTATCTTAATATGAGGAAGCTCCATACGGATCAGATAATCGACTCCGGCTTTCCAGGACGCCGTACCGGTGGTTTGCTGCAACTCAACAGAGCCAGCGATATCAAGTTTTAATCGACGGCTGATATCTCTAATTGCGGTACGGATTTAGTCTCTAATGACCGAGCCGGACACTAACCCTTTACGATGACACAGGTGCTCTAGGCTGTTGTCGGCTCCTCGCTGGGATAAGGACTACGTCTTATAGTAATAGATGAGCGTCGTATTGCCCGTTGAGCACGGAAGTACGG,300,49.33,Caenorhabditis elegans
SEQ_450978,AAACGTCCAATTGGGTATTAAACCATCAGCACTGGGCTAGACGCATTGGCGGATCACATCCACAGCGATTGCACGATGTGAGGGTTAGCACCCCGCACCGAAGCGCTAACGATCACCGATTATCAGGCAGGTACGGAAGGGAAAAACGACGAGAGTTCAGTCATTGACTTCCGGAGGCAGATTATCCACTGCTGAGACACAGACTAATACACCATGCACATGTTTGACACAGGAGTACCGAAACATACTTGTTACGAGTAGCAGCTACATTCCACCCTCCATTGCCTATTCTGCACTGGGCTACGGCACCGAATATCTTCGTAGAAACTATAGGATCCGCTTAAACGTGATGCGGGGGGAGAACTGAATCGTCTGCCCATCCATCACGATACGGGGGCTGCCTCTGGATGTCGTTCCAGCGCTCAATGTTTTTTCGGCATTCTCCACATCCGAGGTTTTACCGTGCGTGGCGACTACAGTCTGCCCCATTCCATCATACTGCTTGCCTCACTTTGTATTCGGACCTTAGACCGGCTAGCGCGATAGTACGACTCGCACGAGCTCACTAACTCGCTGTCTCACAGTACCCATCATGATCTGTCCGATTTAATTGCAGAGACCCCCTTGATTCCTTTTGGGGTTCTCAAGCCGAGGATAATCTGCCAGGGACCGTGTGACCCGCTGGGCGAGATCTCCGGTGGCTTAGGCGAGGCCAGGACACGAGATAGCGGATAGAGACACGGGGTACTATAGTTCGATGGGGCCACTCGCGGGCGCTATGCCCGGGGCGGCTCTGCCCCCACAAACTGCAAGGTAACGCTGATCTGATGGTCTGCACGCCTAACCAAAGGATGTTGACATAGAACACCAAGAGCCAAATGCACGGATACACGCGGATTCGATCCGGTCACCCTGGGTCTTGTTCTTGTCACATAAGTACTGCAGTGTATCGTCGGGTGCAAATATCGATTGACCGCGCACCGGTAGTCAGTTTGGTAGTTGAAGCGTTAATGTCGCGGTGATTGATGCGTTATGTGAAGGCTAAGTCGGTTAATACCTTCAACAAAATTTACGGGCCACCACGATTCTGCAACCCTCTAACTGCTATTAAGTCCGGGCCAAGACCGTGCAAATCAGAAACTATGGGATCTCGACAGGACTGTGAAAGGCCATGAGCAAGTATCACATATAGTGTTCGGTTGGACCCTCAGCAACAAAAACGGTTGGGTGCCCAATCCACACCTCATCACCGAAAGTCGACGGTCATACGGGTGGCGAACCATCCTGTGCAGGACTCGGGCCTAGGGTGTGTGAGTGCATGTCCATGGAAGATTATATCCAGGGCCCAATACAGCTTTCGTTCCTACGGTCCTTTAGATTTCCAAAACCAATGTGACCATGCCCAGCGTCGTTACAATGCCGCGCGCGTGCGAATGTCTTTTTGACTTGCGCGCGCGTACTCCCGTGCCGTCACCGAAGGGTAAAGTTTGTGTAACCTATTAATGAGACGGCGCGAATTCAACAGCGCCCTGATAGCGTGGTTTGATGCCAAAGTTTTAAGCGGGACGTACATTGGCCCTGGCTAATAAGGCGACGGCGGGACCGTGGTACCGCAAGCTGATAAGAGTTCTGAGCGAAGCGAGTTGCATGAGGGCCTATGTCTCTGAATTGTTGGACACGCCCTGTCCCAGACGCATCTCGTTCACGGGCCTTCCGTTCGAGGGGCGCTGTATGTCCAACATCACAGAGTTCCACGAGTGGTGACGTTACCACCACCCGTTCACTCCCAAAGGTGTTAAAGTGGGACACTGGGGTAGTGTGAGTATGCCTCCCTCTTTTGTATTATCCAGCGTCGCGTCCGATATATGTTGACCAACAAGTACTTGGCCCCTTACGATGACCATGACTC,1909,52.49,Homo sapiens
SEQ_842497,TCTGCGTCATTTGAGACCCCTTGCCCCCCCAATCCGCTCAAAACGTTCGTCCGGAGCAGCGATTGCATTAGAGACGAACAAGATTCCTACTTACGGGGCTGAGCGTCATGATACCCACGGTGCCCCAACCGAATCAGCGCTCGCTCGAACACCAGGCTTGATCCTGACGGACTCGAAAACTTCGCTAGCGTACTAGGAGGTGAGGCTGGACCTACTTCGCGAGATTATGTGTCTAGCCAAGTGCCAGGCCTACCAAAGGCATAGAGGAGACAGATTCGCTGAATCCCATTTGGTTGGGATGGTTAGTGGTTACAGTACCGTGTCTTAGGTGGCGCAGCATGAAGTGCTTTAGCGAATCAAGGGTTGCGAGACTAACCGCCAGAACTTTAATCAGGCTCTCTCCCGGGTAACAGACCTGATGCACCCAAGCTGCCTGCTAGCACTGCATGTGAGACTGGAATAAACAGCTGGGACTAATGGTAAACATTCGCTAGAGACTCCAGCCCTTTGACTAAAGGGCGTACTACAAAAGAAAGCCAGATTCGCAGATCCTCAACAATTATTGCACGGAACACTGTCGATTCCCGAACCCAATGCCCAAATTTTGATAGTTTAGACTCCGGAACTGGTCGATCTCACCTACTACACATAAGGGATTATTCTAAGTTTTTCGTTGGGGCGGGGTAAATCCCCGGTAAGACCAGATCTCATGCGTCTTTGCACAAGTACGGTACGACCGAGGAGAGCCGACAACTCTGTACTGTCCGGAGGCATCCTCGGGTCCGGGAAAAACTGCGCAGGTTATAGATCCGGCGCCTCACGACCGAAATACACCGATCTGGAGATCTAGTTGCGCCAGAGTTCCCAGGTAGCACGGAATAGCCGTAAATAGCCGCGATGAACGCCAGAGAAGTACTACTTTAGGTGCTTGGCGATAGAAGTCCAATAACACTCCATGACGGTTCAACCTTATGAGAGTCGGTTGCGGCCAAGGTGTCTCGGGTGGGACCGCTGACAGTTGACTTGGTGAAATCTCAATGTAGACTCATCATTCCCCCAGAGTGACTGCGCCAGTTGCGAATTATTTTGACTGAATGGAGATCCAGGCCCATAAGGATCCCTAAAAAACGCACACAACTATGCCAGCGGTCAAGTGGAAAATCCGAACGCGATGGTTCCATTTCAACGAACGAGTTACGGGTGAACGCAGTAGCCTTCATGTACGTCTGGAAACGCCTTTGGTAAGCTGGCGATATAAAAAAATCTACTTGTCTAACTCGCGGTCACAAGGGTACACCCCCTGGTGATACTCACCTCGCGATTAGAGGAAAAGTTCCGGGTAAACTGTATCATTAATAGTTTTCTCCGCCCCGAATTGTTAGCAGACACCGCTCAAAGTGGCGGCTGTTCTACACCACGCTGCTAAGTGTATTTTATACCACACTGAAAAGTACAGACCACCACTACCAGCGTTAATTGATTCCCCAGGCCATGATGTCTGCTCACAGGGATTCGTGAGCGACATTGTCCTGTCCTT,1537,50.42,Saccharomyces cerevisiae
SEQ_759305,GCGGATGGCGTTGAAACGTAAATGAATTGGTGTTTTATTGCCCACGCCAGTATGAGTTAAAGAGGTTTCTAGCGCGGTCTTTAATGCTGGCGCAGGAAGGGACTAAACCTCACGATACCCATGAAGGCGCCTGAGGGAGATGCTGTTAAGTTTTAACGTAAAAGTTGATGATTTTCCCTTTACAGATCTGGCTTC,195,45.64,Mus musculus
SEQ_477392,AGCTGGTCCGCTTAGCTCATATGGTATCTGCTCTTATGCAGAATTCTCCCAGTAAGCTATTTAGCTAGTCTGAACGACCACGAGTGAGCACGGCGTTGGCGTAAATAAAGCAAACCATCACTGACGCTTCCCACATCCATCCGTAGACTTCTAGGCAGCGGCGTTCTAGCCTGCTCCTTTAATGATGCAGGGTTCCCCGTGGCCGTGAATGGTCACTGCGTCTCGGGAGAGACCAGTGCCGGCCTGTAGGGAAAGCTCCCGTGGATTTATAGATTTAAACCAATTTACCTTAAGTTTATGGGACGTCTCACCCATTGACCGGACGTAGCCCGTCGACTTAGTCTCTAAATGTAGTTCGGTGGAAGCGAATTGCGCCCCAAACAATGTTTCACCGCTCCCAAACTAGCGCAGTGTGATGCGCCCCGTAGGATTGCTGTAGTTTTGATAACGACCGCCAGCGGTGAACGGATTGTGTACGGTAGCTTCTCCCTTCATCTACCCGCCAATCGTTCCAAATAGGATCGGTATTGTTCCAACGGTTGAGATCGCCGAAACACTCCAGCGCGCGCGATAACTGGGGGCCGCAGTTCGATTCCCGCGCGTTCACCCTCATGTAGGGCCTACCTCAACTCCCAGTGGAACGACCGGGGGCGGTATCTAGTACCGTTCTCCGCACCTTAAGGTAATTCTGCCGATATAGCGGGGATACGCGAGGAGAACATCCGCGGTATCAACTAGCACTTGGATGACTTGGTACACCACCACGTACGGCCGGGTGATACTGGCGTCCCGCCAGGAGTCCGTCCACCGCTTATGTCACTAAAACAGCTGTCGTAACGGTATTAAGACTAGGCTGCTTTCGCAGCCCCACAGATAGGAAAAACAGATGTACCAGATTTACCGGAGCTTGTTCTGTCCGTCGCTTTCGTTAACGGTCTGTGAGCTAAGTCCACCTCACGTGACGCTAAGGGCACAAAAATTTGCCACAGAATCGAATTGGGAGCCTAAGTAAAACAGTCGTGAACAGCCTCTCAGAACTGGCCGTCTTTTAACCGGAGTCCACCACACACTAACCGTGCGTTAAGATAATCTATGGTCATATGACGGCACTTCGGCCTTCGGACAGGTGCAACTTATAGGCACACAGGAGGGCCCATGTCAGCGATATGCGTAACGTCCCGT,1182,52.54,Drosophila melanogaster
SEQ_429558,CTTTGGGTGCAAATCGTATCGCCGTTTAATGCTAGTTACTCACTCCTTTTCGTGTGTAGGGTGTGTTTTATATATCTGAACATTTAATACCACGCCGTCTCAGTCCGCCCAAATTCATTAACCGGTGAAATATTGGATAGAAGTATAATAACTTGGGACGTTTTCCGCCCTCGTCAGCATTGTCGACTAAATACCGACGGGAAACCTTTGGGTGTAGTAGTTGGTTCACTTGCCGACTTGCCTAAGATACGGTTTAACAAAGACGCAACTCTCTCGAACCGTCTCTTACGTGCAGCTCCATCTTGAGCTGGCGTGCCCCTTCATCCAGTTGTGCGAAAATGACAGAGCGGCCCGTAAGAGGTCGCGTCAAACGAAAGTCGGGGGTACTGTATTTATTGGACCATTCGCAGAGAATATTAATATGAGGGTGAAGGATTCACCTAATGGGTCGA,452,46.24,Arabidopsis thaliana
SEQ_316015,ATCTGCGGGCGAATCGTTCGGATGCAGAATGCATCGGTGTCAGAGTGGTAGGCTGCGTATCGACTAAACCCCCAGTGAGCATGCTATAATCAGGGCAAAACTCGGCTGTTTAGCCCAAGTACTACAGGCCCGTTTTTTTCTAGGAGTATTATTGTGAGCTAATTTGCATATCGGCTGATAACCAGTTTCATGACTACGTTCTGTGGGATCCCCGTATCAGCTATTCAAGTCTTCCGCTTTAAACTCATTTCGACCTTTTGAGCCATTATTCGGTTCGTCCGGATCGTAAGGCGGGTTTATCGGGGGTACCGGAACGAGTTGAGATTAGTAGCTCCGTTGGGGCTCGCCTCACGCGCAATTTCAACAGACTGCACTCGTAGCTTGGCCTTGATTACTTCTATCGAGTCCTCCTGTTGTTTCTGACTACCAGATTGATGAGCGCCGGTCTGCAGGTCTTGGCAGCAGTTGGGCACGCCCGATTAGGAGCTTACATAATGTTCACCCATTCACAGGTTGAAACCTAAATGCAAACAGACAGGGCCGCGGTCCCATAAGGAAATTACGCTCTTCCGATGGCCTTTTCGGGCCCTTGTACCAATGGTGCGGGTATCGTTAGTTCATAGGAGCTTTTACCACCAGCACCCCAATTCCTCCTAGATTGAGGTCCACGGAGGATTTAGACACACCCTCCATCATAACTTATGGGTAGTTTTCACAAAGCGGACATATAACGATATCGGCAAGTCACTATGCTAGCTAGGAACAATAACGTATGTGCACTGCACTGTAGGTGACGATGTACTTGGGCAATCACCTTGCCTCTGTTGAAACCCACGTGTAAGCGAGTAGGTACGTTGAGATCCCTAGGTGACAGCTTCTTCCCGGTCCAACATTTTAATCTGGTAACCCGAGGAGCAACAGTCGCAACTATGTTCAGCGGGGCCACCCTTATTTCCTGCAAGAAGAATAGTTTCAAACATTAACACTGTTGTTAAATACGCCGGTGAAGTGGGGAAAATGTGACTCTGTTGGCTCCAAGCCTAAGTCAGGCCGGAGCTTGTTCATGTGCCCCAAACGTGCCTGTGATTAGGCTGGGCTCGAGATGTTACTAAAGGTGTTTGAATTCATTAAGGAAGGTAGCAAGGGGGCGTGACGCGCACTGATGTATACCAACGTAAGTCTGGGAGGAGTTTTACAGTTAACCAATCATAAAGAATTGATCGCAGTTCCGCCGACGGCGCTATTGATGAGCTTTGTAAGGCTTGCGTCATAATTTATGTGAGCCCATCGCTAGCCGCTCACGAGCCCGCGGGTTTCAATGTTATTACACCGCAGACGGGTCTCCAAATCTAAAATATCTTGACCTGGGCGGCCATATACATGATGCGTATTGGGGTAGAACGCACGTCTAGTAACTTATCAGGGAGTAACCG,1433,48.71,Saccharomyces cerevisiae
SEQ_867857,TCAGGGGGTTTCTAGCCGGTTCCGTCGAAGCAGCGTTTCCGGTGTAGCTAACTAAGAGTATGTAGTTCATACTCCTACCGGCGGCGACTAATGCTCTTGTAACTCCAACGCTTTCAGGCCCGTAGTATAGTCGCTAGATCTATAAGGGTCTTCGAGACTGCTGATCAAGCTTCGACCTTAGATTCCGGTTCGAATTTGATAGCACCTTATGAAGCTCGGGCAACAGGGGCCAGTACCACCTTCCCCGCAAACTAAACAGCTGTTTTCGTCTGTTCTAACGAGCAACGTAGACGTCCTACGAACTTCACTAACAGTAAATATCCATTCGACAGGCCCGTTGGAAAAGACAATGATGTGGTTGCTGGGCCACACGTTACGCTGCGCTGTCAGCTCCGACTCTCGGCGGACAGATACTTACCGCTTCAACATGCGCGGACACCATCGTAGACCAACGGTTACTAGCCAGTTCTTTCCGCAATCGAGCACGGTCGTCAAAGTAAGAATGATTCTACCTTACCATCTACAAGAACCGCTGCTCGTAGAGTATGCTAAGGGGCTGCTGGTATCAGTGGTCCTCGAATACTCTTTACGGCAAGAGCGCAATAACCCCATTCAATATTCGAACGACAATGACTCTGGAATAGTTT,647,49.46,Arabidopsis thaliana
SEQ_801836,CTCCGGTTGGGTGATCTGTCCCGCGATGAAGAGTGATGGTGGTTTGTGTGGAACACAGTTTGTCCGATACGGCAGTGGTAGTATCCCGTCGATTCAGATATGCTATCCTCGTGGCACGCCCCGGCATCTGCGAGGAGCACGACTTCAGGATAGACAACAGAGCTACTGTCACTCCGCCCAGATAGAGCCGCCGTACCCACGCGGGTAAAATTAGTCTAATGGGATAAGAGGTTGCGGGGCGCGCTCCTTGCTTCAGCTTGACAAACGCCTTCTGTCCTAGAAGTCCGGTGCTCTGATTAGTAATGCCCATTTCTTATCGGTTCGCCAGGCTCCTAAAATAGAAGGCGACTAGAAGTCCATACCTCGGTTACACCCGTGGGGTAATTTACGCTTGAGCGGATGTAACATCCCTTGTATGCTGAAAACTAATAGTTGTTCCTTGAAATCCTGGAACCAAAGGTTGAATGCCGGCTACCTCTCAAGAAAGTTAATTAGCGAGTAGGGCCGCAGAAATGGCGAGTCTATATAATACTTTGGTTCAGCCTGCCGAGGTTAGCACGGGGGACTTTGCAACGTGAATGGTAGGATTCACCCGTCGGCGGCTACATTTACTGTCCAGTATAGCCGGGTACGGGTAGCGAGAATGCCCCTGCGGCAAGCTCACGGGGTATCTGAAGAAAGATTTGTTCGTTTCGTCTCTGTTTGCTTGCAGAGAAGGTACTGTACTATGACGTCCGCGACGCTCGAGGTTCGCCGGTGGTCCTACCTCATGGGTCCTCCTTGCTAGTACTCTGCAGGCACACACCTACACAGCTCTGTTGAATAGCTCGACGCCCTAGATAAATGCCACTGGCGGAACCCTTACGTTCGCATTTACCTTTGTCTGGTGCATGCTGAAACCGGTAACCGTGTGGATGAATCGAACTGGCATAGACAATTCTATTACCACGGCATAAAAGCCGCTATGGGGGCGTCATTCT,980,51.63,Arabidopsis thaliana
SEQ_146110,AGCGATAAATAGTTGGATGTTCCCTGCGCTATCCCCCCCAGGCTATAAAAACAGTAACTAAGAACCGCCACAGATTGAGTATATGGGCGGCCCAAAATATGCATTGTCCCCTCGTCGCCCCCAATCATAACACGACAAGGTTGACTAGTCACAATCCCTATAGCGCCTTCCACTCTACAACAGAGTTCCCCGGAAATTTGAAGCCTTCGCGCTCGAGGCATCGCCGGGCAAATCATAAAAGCTTGAGTGCCGATGTCCGAACGTATCACTTTGTTCTCGCCCAGGCTGCGAGCCGGCATCGAACATATGGTGACAGGGGGAATCGACGTACGGGTAAAAGCACGGCTGTCCCGTGTCTCCAGATATTCCGGTTG,374,52.14,Saccharomyces cerevisiae
SEQ_605563,CATGTCGGGGAATACGGTAAGTACTATCCGGAGATCCCATGATTTGTCGCTCCCCACCCAGAGTGGTCCATTATACCTCCTCTTACTATGCGTGTTGCAACAAGAATCTGTATTGGGTGGTGGTGATACGCATCCCTGCTCACGCCTGTTGGATGCACCAAGCTTATGAGTAACCTCAATGGGGAGGCCGGTTAGTTTGGCTGAATTATAGGGTGTGGTGTAGAGACCGCGACGTAACTAATGCTCCGTTGGACCTTTCTCGAAGTATCTTGCGGGCTCGGGATGGATGGACTAACCAATGAAAGTCCAACAAGTGTCCTTTTGACCTTATCGTAAAATCTGGCTTGCGTACGAGAAAACCTGTGATCTGTACTGGGGCGATATGACGACGCAACCATGCCAGTCGCCTAATGCACGAACCTAACAACTTCGGGCGTTTAATCGATCAGTGGCGATCTAGCCCTTTCAAGCGCCATGTACATAATCGGTTGGTAGTCAATTGAGCGCGGCTATTACACGAACGTTCGTACGTTATCTTTCGTGCTGCGTCAGGGGCTCGCTGAATAAGTTGAAACAGTACCCAGTGGGTAGAGTATAGACGTTGGGCGCTGGGAGCCCAGAGCTTTAAAAGATGGTCATCCATCCCGACGGCGTCGAAGTAACGAGGTATTGGATTCAGCAGCAAAAACGCTCTGTCAAAAATTGCCCAATGCTGTAACCGTTCCAAGACAACGAGAACGGCCTAGGCGTGTCACCCTACGGCGGTCGGTCCACGCCTCTACTTTGCGCGTGGGTACATTAACAGGGGGGGCGTGCTGAAAAGAGACCTAACCCATTGGCGAGCACTTGTTACGAGGTTATCAAATGACGTGGTAAGTATCGAATTCGATATATGGAACAGCAGTCTGAGGTCTTCTCGTTTGCCACCAATATTTCGGGGTATACCTGCCCCGGGCCTTGCCGCAACACGCTTTACTTTTTCCGCTCGAGTTGCTGGATCATTCAGCATGGGACTCGATTTATTATCGCGTGACGTTTTAGTAGGCCCATTCGAGTTTATATTCAAAGAGCGAGAAACAATTCGAACCCAGCCCCTCTCGGTGGAACTAAACGTGCGACCAAAATTTCGGCGCACGCACTTCGTTATCAAGCGTCAGGATTATTTAGTAACGCCAGCGTCTGTCACACCCTCGGTGCTACATTTTTTTTTCAGCGCATGGGATACTTAGACACAACGTAAGGACGGATGACCGAGATAGAACGCTTAAGTGTCCCTGGACGTGATTAAGCACATTCCGAGGAGCGGTCGA,1310,50.0,Mus musculus
SEQ_490486,GTGTCAAGACCCGTCGTTTCTACCTTCTGACTTTTCTTGTCTACCGATACGACGCCTAAGGCGATCTGTTATTACTATGGGACGGGCGTGATCCAGGTTAGTACCGATTCACATCAGGGTGAGGTTCGGTCTACCGACAAGCGCTGCACTCGAAATGTAAGTAGACTCTGTGTGTACCTCCGTCTAGATGCTTTTTTGGATACGTGAGAGTCGAATTTGCATCTTGGCTCCGATTCCACCGAGGTCACAAGCTTGGCTTGTCTCGCGGGGATTCGCAGAACTCACGAGTCACATTATAAGTGTGATGGTGGTGTACAGACCAATCGGCGAACGAGTACCGAGTACAGCATTCATTAGTCAGTGTCCTTTCCAGGAGAGCTCTAAACACATTTACGCGCCTCCAGGTCGAAGCAGGGATGCGAACCAACGCTGAGTCGGGGAGGCTTACTGCTCATCAGTTGATATAGACACACCCTCGGTCCGGGGTTTCCCTGAGGAATCGCCAGTTACTTTGTTAGTAGTGATCATTAATCGACTTCTTTCAGACTATTTAACTTGCATAGCGAGGCTTGACTGGAGTCCGGTGCGGCATAATGGACTACATCCCAAAACAGGAGTCATTAGATTTTTGCACTTAGAACAAATCGGGCGACTACGTACTCCGTAACCAGAGGCTTGTGCTTCCCGGTGCGCGCTTCGCTGCCGATACGCATCGGTATGAGCCTCGCATGGTCTTCATGCGACTGACTAAAAGAGCCCAGTCTCAGGAACACGGTACAATACCACGGGTACGCAATCTCCCCGTACTTACTTTAATAAAGGATCCAAGGGCAACTTTAATCGATTCGTACACGCTGTTCGCCGATCAGGATTTATCACGTTATTAGGCGAATGTTCTACACTGAGCAGATCGGCCTTCTCGCGTCTACATGCAGACATCAGCCCTCCGTGAAGTGGCGTGTTCTAGTTCGGCGCATCCGCAAGACCAGAGGGTGACAATAGGCCGGCTCCGCTTAGTAATGTCAAAGCCTCAGTGCGCTTATCTCGTCGCACAGGGCCTGGACAGTGCCACTGGGTGACCCTTGCTGTAGTCGCGCTTCGCGAGATCCGAACTTGGGAAAGGCAGGATCGAGTCTCTGCTATAGAGCGAAGTGAGTTTCATACTAACTCTGTAT,1175,50.81,Homo sapiens
SEQ_677975,AGCCCGACACGTGATGAGTTCATGGAGGTCCCTGACTGTCGATATCACTCTGTTGTCATCACTGCAGGCAGGAGTGGGACTTAAGGTACAACCGCTCTCAAAGACCCGCGATCGCGAGACTCCGTAACGATCGGGCAGCGTGAAATGTGGTACTACTGACTAAGCGAATTGTTGTACTGTTATGAAGTTACGTTGCGTGTACGGCCTTACGCCGATTGGTTGCAATAATAACAGTCCCCTGTTGGTCTCAACACTTTGTACCCAACACGGAACAGCCTTTTGTATGACACATACTACGTAATTAGCGGTAGGTGTCCTCCGCAATGTCATAGCTGTCATGTTTGGCCTGGCCCATATTTAACTCGACAGATTCCGCCTACATCAAAAGTGATTACGCATTCCGAAATCGCTTAACCAAGCGGTTGCAGGCGACGTCAATGTAACTGTCTTAATTCAGGAGGAAAAGCCAAATCGACGCGGAGTATAAAGACTCTTTCTAACCTCGGTGATAGAGACGTCATTAGGCGGGTACTCAATAGTTCCGGCGTGTGGTTATTTATAGCGCACCTTAATAGCGGGTTTCCGGGATACAGCGGTATGCAAGTCTAGAATCTATGTCAATAGTTGGCGTTTATTTTCGCGCAGTGGGTGCCCACGACCCTCTAAGCCTGTTCCTAATCAAAGGCGCTAGACCACTAGATCCGCTGGCGTAATCTCGATTTACTTGAAGAGCAGTTGTCGTCCCACGGTCCCATGATTCCCTATGAGATTTGGTGCATCTCAAATGGCATCGCTACCGAAGTGTGTAGAAGCATGCCGTTACTGGGCGTTCTCCGGACTATTACGAAAACTGCCCCAGTTTCCAACTCGGGATTTTGAACTTTTGGAGGCTCGTGTAGATTGCCTCTGGAACTTTGGTTCCGCGAATACCCGAGAGCTCCTTTGGGACCGGCGTGTGCTACAAGAACCTGCATGTTTATAATTCGTTCTACGCCTGACGAACTTGGGTCGGTTCGCAACCGGCACAACTGAACATCTCAACTAGAATCTGCAATTATGCCTCGTATCCCAAGTTGATTCAGACTTGGCCCAATATTTTGAATTTCTAGCATCACAGAACGTCACACGCAAACAGGAGGGCATACAAGGGGTATTAAGGGCAGCGATTTAGTGAGCCTCCGGACAATTGTCATCCTCGT,1199,48.54,Homo sapiens
SEQ_218842,CTTCGGGGTGGCAATTGGCGATCTCCCGCTTGGTGAGACTACGTCATTGGGGTTTACCCGTTTAAGGTCACTCTCTCTTCTATCGCGAAAGTATTGCAAACTGTCTCTACAACTATCAAATCCTAGCCCGACCCTGAATCCTCCATGACCTTTGAACTGGTGGTTGTTTAGGGTGCGGCCCTTCATGAGTTTTGTCACATAGTATACCGAAAACACTCATATTGTGTTTTGGATGTGTTTGCGGGAAGGGCAGTCGAGGGTTAATGTTTTGCCTAGGCTCGAAATTAAACTCCATTTGCTATATTCCATTTGACCCGGATTAGTCGCTCCAATCCTCTACCCTTCTTTTTGATGATCCAAGTTCCGTAATGCGAGCTTAGCGCTCCACACGCTCTCCAAATCGCTTCGATTTGTGCGATTGCGCTCCCTGAAGTAGATGATGTAAGGTGGAGTGCAGATGATCTGCTGAGCTCGCCCGCCCCACAAAGTCCTTATAATACGTTCTTACGCGCTATGTACTTTATCGACGGAGTTAACGTCCAAACAAGGTCTCACGGAGGGTGGCTGGTACTAGAAATCTGCCCCCTAGTAAACGCTACTGGACAGTAG,609,47.95,Escherichia coli
SEQ_331543,CGCCTAGGATTCCTCGAGAGGGTTAGGCTATGATCGGATCTTCTATACGCAAGGTGCTAAGTTCGGTACCGTCTTGGGTGTCCTGTGAAAACATTACGTGAGGGCCAGGGATTGGAGAAGTAATAAGACAGTCACCTTGGTTCACACCAAGAAGGTACTAGATACGTTTATAAGTAGAATAGAATTCAATATGCCCCAAGAGAGAACATCGAGAGCGGCTGTATACCTAACATCTGTGTAGGATCAGCGTACACTGCAGGTAATACCCAAACTGCCGCTGTTTCCTACATCACTGCACGGCATCTGACTTACATACGTAACTACCAAAAGGCTACCACGGCTCCAAGTAAAACATGGTACTTTGTTAACTTTATATGTTTTCTCGGTGGCACAATTGCCTTATGGTGTGTCTTATGTCTTTTACCTCTTAACGGCCAACCATGGCCGTCGGATCAGGGCTCAACACGGACCTTGGTATTGTAGCAACATCCGAGACTGATCAACGCAGACTCTTCACCTAGAAAGGGCGCGGACACCTAGACGCCTACCCGCTGGTTCCACTAGTTCAGCGTTGCTCTAGCGCCGCAAACTCAGTTGAAATTACTCTCCTAGCATTTTGAACGTGGTACTGGCCGCAG,638,47.81,Drosophila melanogaster
SEQ_710682,GAGAATTCCTACGTACTGGACCTTACCACGAAGGTTGGTTGCTGAACATGCGGGCGTAATGACTCGACCTCTGAGGGTCGGGTCCATAGCCGCGTTTTGCTTCTCCGATCGCCGCCAAAGAAGGCCTATCGGCCATTTGATCGCGGGCCGATCCAGTGATGCCTTGTAGGCCCTACGATCCGGATTACCGAGGGAGGTATCCTCGGCTTGTGGTATTG,218,56.42,Caenorhabditis elegans
SEQ_326539,TCCACACTGTAAGTATCAGGAAGGTGTTTTTCCCATTTTGTTGCCCAATGGAAACCACACTCTGCATTGGGCGACCCGTAGACAACGTGCGTTGTGGGCAACTACACCCATATTTCCTCATGGCGTGGCAGTTTTGCCAGTATCAGGGCCTATAGACTACTACGTCTCTTCCCTAGCCGGAATGTCTTTGCGTGCGCCGCCAATGCGTGTGGTTTTCGTTTGCCGGCAATATAACCCTACTGGTTAGCGGGTCACCTCCCGTGCCCCTTGTGGATATCGCTTCTACACGCGATAAACTGTATGGACTGTTGCAAGTTGAAAACATCTTCCTATCCAGGTCACTAACTGACTACTGGTGGACGTCATCAGAGGGGGGGTTTCATTGCGTTAGATCTCCTTAGTAGCTAAGAGCAATATCTGTCATCTGGGAACAGGAAGCCGCCATAAGGAGTTAATGCGTATGCTGGTTGTCCAGCCTGGTTCTTGGTCAAAATTCAATTGTACGAACACTCACCCCAGAAAAACTTAATGCTACTTCTACGCACCGGAAATATGCATCAGCACTGTAATTTTGGGAGGGTCCTTTATGCTGCGACAAGGCGACTCGATTGTGGTAATAGTCCAAAGATTTGATGCGCATATCATAAAGTGTAGTTGGTCATCATAGCTTATGCAAGTCGAAGCGAATCACCATATGAAGTAGCTCGCCAACTGCAGTTGGCAGGTTCCCGCGATGGATTACAGTTTACAAGGGTCGAAGGCACTGACGGAGTGAAGCAGTCCTGATCACCAAGGCAGCCATAAAAGTCGCCGATAATCAGT,822,48.18,Escherichia coli
SEQ_156849,TGATCACAATTAGTTGTCCCAATCCAGATATGGTGTTCTTTGCGCCTACAGGAGGTACATAGAACTGGGCGTTTGCTCGACATTTAAGGGCCCCCGTGGCAATTAGGTCTCTGCCGCACTAACAAAAGTTTCGACTCGCTGGTTACGATGACGGTAGTAGAAATCAAAACTCAAATTCAATCAAATCATACCCGATCTCGCAATATGTGATAATCGATAGGATAGCCAAATGAGGCTGATCCCGACTGTACGTTCCATTCGCTAGCTAGCTACGTTTATGTGATCGGAAGGATTGTGTCAACGCGATCGCCGTTCCAGGCTCACTCTTTAATCACAATGGTTACTTGTCCATATGTCCTATGGGAGTCAATGAAATGCCAGCTTCAGCAATTTTAACGGTTACTGAAGGAGATCTCGCCTCGACCTGTACCTCCATCCTCTCGGCAACATATTAGATCGATGCTGACATCAACGACATACTGACGACATACAGGAAGCGGTTTATCCGCCCGGCGCGTGGCGAACAGGGAATTATACATTGAGCAGTAATCCCTAGAAGGGCAATACTAGATCAATAGTGTCTCAAGTGTGAGGACAGGTCCATAACTAGCTTCCCTTCCGGGTAACCAGGCCGCCCATTCAAGTAGGTCTCGGTCCGCCATCCGCGCCGTCAAGGAATGCTGTATATGCCAGGAATAAAGATGGAACTGATCGAGCTTATGTGGGCTAGGAACAGACAACCGTTCCACTACACTTGTTCATGGACTCGCACATCTATGCGGCGTACCGTGTAGGAACACCATCCAAAACCCAAGACCGTGATGCGCCCTTGGAGATCACTTGCATTTATCTCTATATTAAGTTTGCTACTCCTGGCCCCTGTCATTAGGTCGAACCCTTCTTAACGACTGAACTCTCCCTGGGCACATCCCGCAATTTGCTTTAGAGGTCCAATGTAGGAAGGACACATATTCCGGTGAGGGACTATGTACCCAGATGCATGTTCATTGTGTATCCCCCGAGAATACCATCCTCGATCCGGTGATAGGATTCTGTGGACGTGGTCCTCCCGGGGAAAGTGCCGCAGCATGGGGCTACTCCTAGATCACTCGTGTGTCGCGCCCATTAGGGCGCTCGGATTTTCTCGTTAATGAACAGACATGGGTGCGACGGCGTAGCTCGACCAGTCAACGAGGTTTACAGACATTGCAAGAACCAGCCACGACGGTGCGCTAATAATCTGGGGAGTAAAGGGTTAAACCATGAGGTCGACTTCTCCTTCGATAGCATGGAGACGCTTACACAGACAGACAAGGGACCGACTATTCATTTTGTTCCGTTCTGTAGATCGTTCGGCCAGTGGCGAATATCCTTTGTAAGAAACCAGAGCTAACAAAGCATTCCTATGTCCACTCTAGTTCGTTCAAAGCACTTCTTAGGCATGCCTTTGGCCATCCACGTATCTGCCTCCGGAAGGGCGCGTACCGATCAACGCTCACCATCGCCGCTGTCCACTAGGGCTGATTCGTTGCGATTAGACAAACGCCCAGACTTTCGGATTAGGAGAGGTGGAACAACAGTCGCACAGATATGTTGCCCTGCCCGTGCCTGTTATGAGCAGGACGGGCGCCGAGGACCACGCGCGGTCCGTGAAGCTCTGCTACGGAAAGGATTGGGCCTCTGGCAACTACCTAAAATCGCATTTTGCTGAGTTGTCTAAACTGCATGTAGAAAAAACAAACACAACGTCCGCACTCGGACGGACCTATGACTTCCCATTGTTTGCTGGTGCGTCTGTAGGTCTAA,1806,49.94,Saccharomyces cerevisiae
SEQ_535803,GGGTCGTGACACCGCCTACCGAGACCTATGTATCTGGCTGGAAGGAAACCTGGACGCATACCCTGGACCCATTTTCAAATCTACTATGTAACTTTTTACTCCTCGCAACGGCCCTGTTACTACGGCTGACCGTGAGGAAGATTTGATACCAATAGCTTCGTAAATGAATAATCTAGATAGCACACAGTTCCATGGAAATAATCATTATTGACTTTGTTCTTCCAATTGTGGCT,233,44.21,Mus musculus
SEQ_578026,AGTATTATCTGGCCCACATTTTAACGAGCAGTTTGCGGATGATGCGGTCGAACAAGTTTAATGAGGGCCCGATGTTGACTCGTATAAGAAGTGTCCCGGGTGACCTTCGGCCAAACCGCCGTGCAGCCCTGGCCTACCGATCTCATTACAGCGGCTTGTCATTTACCGACCTGCCGTGTCAAATACATGAACAACGTGGGCAACTAGACGGTTTTGCGTCGAGGTCGGGTCCCAAATTTGATTTAGCATGCACGCGGCAGTCACCCGATCCTAAATGCAAATGTAGCGGGCCACGCGACTGGGGTCCGAATCCGTCCGGTTAAAGAATGGGCAATAACTTCCTGAGATCCATCAGTGTTGATGGTAAGGCACCCTACTTCAGAGGCGCCATTGCGGGTTACAATCCGCCTGTGAGTTCAACCATTAACCGATCACTCGCGAATCTCCGCGTCGCTCCTCAGGACACGCAGTGTCCCATATAGGTCTAAAAGAAGAGGGCAGCCCAAGGGGAGTAATCGATAGACAAGCACGGAGCGGACCCCCGTTGTAGCCCAGCACGCCGGCCGGTGTACGTGAGACTGGCGTTTAGGCTACGATCCACTGGCTCGTTTGAAACGTTCTACACTATGATTATACATCCCACTTTCGTGCTGGCTGCGAATCCATGGAGCGGCGACGATTAATCACGTAGCCAACTTTGCATTCAGCACACTATCTGGTCTCTTGCCATAAAAATTAGCGAAAGCAGTGCTGCCCTGCCATAAAACCAAGAATTTCTTCCTCAGAAGCCCCAGGAAACATTCGAACCTGGATGGCTTGACATACAGATCGTTCCACACCAGCGAGGATAAAACTTTCCACACTGCTTCAAAGAGAGATATTCGCCCCATAAGACAGACGGGCAAATTTATCTATGCGTTTGAAGACGGCGGACAATGGTTGTAGACCGTCGGAACGCTACCCGAATCCAGGCGGATGCGGAAGTGTAACCGTTGAAATGATACACGACAGTTA,1014,51.38,Drosophila melanogaster
SEQ_884879,GTATACAAGGTAATCTCAGAACATCCGAGGGGATCGCTTGAGCGTTGTCTCGTCCATATCACTCGTTAACTGTGCATGTGACTCATGGCTTAGACAAGCTTTATGTTCCGGGTTCTAGTGCCTAGCTTGGACATCATTAAGGCTATGTAGGAATCGAACTAATAGGGCGAGCT,173,46.24,Homo sapiens
SEQ_569068,GGTTACTGTGCGGAGCCGGAGAGCGCGGTGTCCCGCGCTCGATCACCATCAGGGCAACGGTCTCTATAAGTTTGATCCCGGGGCCGAGGAGCTGGAAAACCAGACCAGCGTCTGAAGCACGATGCGTAGAGATTAGAGCCGCAGTACCCATCGAAGTCGTGGCTATTTCTACGCATTGTAATAGTGATATTTAGGTTAACCATACTCGTAGAAGAGTACAGACATTCCTGAAGACAGGGTACTTGGATGATGAAACGGGTCACCCGCAAAGGGTCATCGCGCCCGACTCCGCTGACCTGCCAGGGACTATGTTTCCTCGCGCCTGGTCGTACTCGGTACGGTTTCCCCGATCCCTCCTTGTATCCGTCCCTAGGGCCAATTGTTACCCGATCAGTCTCTCTTAGAAGCCGCCGTTGGATAAACGAAAAATGACAAGGAAGTCTCAATCATGTCTGGCAAATAGTCCAGTGAATTGACGTGGTGGATCCCTCTGAGTCAGTGCGGCTTGGTGACGTCCATCCTATGGCATCATCCCGGTTCATATAAACGGAGACTGGCCGCCCCATCTATTTTCCTACTCACTTGGATTCTCCTCTGATGATTTCAGGATAGTAACGTGCGATTAGTAGACGGCGCGGATGCGAACATTGTATGTACCACCTACGACTCGTGCTGATCACTCTGACTTTTTGGGTAGCAGTGTGCGCACCCTACTTGGCGTCCGAGGGGACTGGTGCGG,739,53.04,Mus musculus
SEQ_272292,GCTGGCAGGGCAGATCCCGCAGGTCTTTTGGCAGGTCGCCTGATTAAGTGATCAACGCTTCGGTGACCCAGTTAACAAACTATGCCGGGACCCATGCTGGACGTCGGATTCTATACTGCAAGTTACCTGTTTGCTGGCTTTCCTCATCAGTTACTAGCCGACTGGCACATCCCTCTGGTCAGATGTGCTTGCCTATCACTCCTCCGTGGACATGCTTAGTGCATCTCTGGGGGATCGAAAGGCTAACGATCCGCGGCAGTCCCCGGCCCCGTGTTCGGAGGGGGCTAGCTCACTTCGTGGTTGCATGGCATAATATACCAACCGGCCTTTTCATGCCCTCTCTTCAACCTCACTGGCCGGCATATTTATACATGTGTCATCTCACCCTAGGCAGCGTGCTTATCGACGCAGTCCACATCTACGCGCCTTAATGCTCCTTAACGCATCGACAGGTACACTTTGAAGTGGGGGTCACTACTGGTCCTGAACCGGATTATGGCTTCGTTGCGGTACACTCTGTGCCCGCAGTAGTCACTTGCTAGTCCGACGTATCGTAGCCATTATTAGACAGACTACGGAGAACAGCGGTACTGGGAGTAGCTGGGTCCGTCATTGCCGCTCAGTAGGATCATGACATTTCGGCCAGGAACCTCCCACGACATATCACGGCTTACCGTTTCGATACGGCCCCTGTACCTGTTTACGTGCGCGCTCGGGGTAGGCGTTGGTAGCAAGGGTGGAGCGCAATGCCGGGCCGCGAGGAATCGCGATGATGAAATAGTGGCATAGCTCGGCATAGCGCCAGACTGGTCCGTTGAATAGTTGCCTTGGAGTCGCATTTCCGCTCGGTTTTGAGCACTAACGGGGTCTCGCGGCATCTGGGACAATAGAGAGCAGAACTGCCAATATGTATCCCATTCTCGGATTGTGTGAGCCCAATCGCTGCTTAGCTACTGTAGGTCGAAAAAGTTTGGTATAGGAGAGACTACTACTTTTTACGACGCGTTTACTCCTTGTCTCATGCCGGCGCGCCGGTATTATCCTATCCTCACACAATCTACAACCACTTTGGCCCAGTCTGTAGTCCATCTTTCTCCGAGATCGTCGAGATCGAGGGTCCTTCTCGGTTTCCGTATCGACTCGTAAAGGAGTCGATGGTGACCACAGGTGGCGCGGGTGAGGCACTTCTCAACTAGTGCTGCGCCTCACGATTGAGTACTTAACATATGACATGTGGTAAAGTCTACTCGCCAAACATAGGTTTGCCCCTAGAATCCGATATAACATCGCTCGCCCTTGCAGACGTTGGATCATTCAACGCTACTTTTCCCTTTCGCGTGGTTGGGTCTGTAAAGATTCTCAAGGTCCGCGTTATAAACAAATAAGCTTGTCGTATGCTTGACAATACCCGCGTCCGTTACGATGCGGACAGGGCAATCATCTGGGTTAAAATAGGCCGAGAGACCCGCGACAGGCGAGACCACGTAATTACCCGTGCGCCGATTATCTTCTTCAGCATGATGGGGATACTCGCCGGGCACTAGAGACCTCCGAGA,1556,52.96,Saccharomyces cerevisiae
SEQ_492115,ATAAACGTGTCATCAATCTTCGTGTGGTACTGGAGCCGGCGTGTATTTCATGGGTTACTAGACTCAACGAATCGAAAGCATTTGTTCTACCCCGTTTAACTCCGTAAACAGAGTCTAGAGGAAGCGTCCTTTTCGCACTGCAGCCCAGAATCAGAATGCGAACTTCGCTGTATATGTTCCGGAAAGAAGCACTTTTTTTTAGCGAGCTATAGTTAGTGGCATATATTCGCAGACGTCTGCACTTAACCATAAGATACGATGCTCGCGCCAACTGTTACATCGGCCGGCACACGGACGGTGGTGTACAAATTACATAAGGCGCCAATAACTTCGACGAAACGTTAGCAAGAACGAATTGGAGGTCCGGGACACGACAGAGATTATAAATTTCGATGACGATGCAAGATATAAACGACCTGTGTTTTAAGGCCGATGACTCACGTGACCTACTCGCTAGTGCTATCACATAGGAACGTGCGCGTGTAATAGATGTTTTTCTCTGGTCGGTTCGAATTGCTCTGTTTTTACATCCAACACTCGTATGAAACGCTCCATTGGACACTCTGTGTAGAGGTGGCGTGCTCAAACCAGTGAGGGGAACTTTGTCATCTACTGGAGGCTAAGTACTGGAACCGCACAACGCAGGGCAAGAATTCTTCTCTACGACCAACTGAAGTCGTGCTTTCACTCTCCGGACTAATCAAATGGCTTAGAATTTTTGCATTCGCATCCACCGGAGGTTCATCGCCCATTGACTGACATCTAACCGATTTTGCATTCTACGTGACCACGTACACACTTCATGTTTTGATGTGCATAATTATTTATGGGTGAAAACATAGTCGGTAGAGCTCTTGTTAATGTTTCGAGCGCGTTGGTTGCGAAAACTAAACTTCGGATCGAATCCCCTCCCTTTTGGCAGCCATGGTAAGCAATCTCTG,941,45.8,Escherichia coli
SEQ_944235,CTTACACTAAGAGAGAGTACTTCTTACCCGGACCCACACCGATTCATCATGAGTAGTAGCGTAAGGTTGGGGAACCTTTTGCACTCACACCGATTTCCGTGATGATGAAGCGAGATACGGTCAAGAAGTAAGCGTACATCCCCAAGTAATTTGTCCCATTAGGTGCCAGCCTTTAGCGAAGCCTAAATTCGAGAAATGACCTCGTTCACAATCGGTCCGCAGGCCTAGCGTCGTCTATCGGCCGCGTTTATGATTCACTGTACCAGCCAATACCCCACACATTTCTAACACTACGCGATCAGTAGATCTATGTATTATACTAATCGAAGCCGATGACCAGAATTGGTAATCGCCCAGGATCATGACACGGAGTGAGGGACCGCAGTAGATCCGGGGTTCAGAAGCAAGCATGGGCTTAGGCTATGCGTTAAGGTTCAATTCAAGCTAGAGTACGGACTTACATGCCGCATTTTAGGCGGCCTCCCCTTACCCCTTTCGCCCGGAAGCAATGTCACTGGGAAAGTCCAGCGCTGGTGGATAAGTAGAAAAGTGAATTTATTGACCCGACTTCGCAGGGAGGAGAGGAGAAATCGATTGACTGCTGTATTTAAGTCGTCACGCCCGCGTCTACGTCCTGGACGTGTAAGCAAATGATACTCTCATCCGTACCCGTGATTGAATTCCGTACACTGTAAAAACCGGGCGTGAACAAAATGCAGTCAGATCAGATGCGTTGTTGGAATCGCACCTGAACCAAAGGACGGTGGTCCCCATCCTACCATTAATACCGTCATCGCCGTGCATTCATCGCCAGGACGTCCTCCAGTGGTCTGCATTTCGGCGCCTCCCTGCACGAATCTCGAGTTCCGACACTCGTGGTCAGTGACGTATATGACCAACAAGGCTGTTTTCGGATGCTCACAGGTTGTTGCAAGCACGTTAAGTGGCATAAACGACTCAGGACGTTTGGTCAACCAAAAGTGCCAGTCGTGCGAATAGCCATCATGCCAAAGTCCGACTCTTGTAAGATAGAAGTTGTGATGAGCACGGGCTGCCAGTAAACTGGGCGTCCATCTTTTTCCCCGCTAGTTCCCCCTCTGTGCAGTGATGTCGAAGCTAATGCCCAACCCGGCTCTTGCGTGTTCGCATCTGCGGGAGGGATGGTTGGGACGAAAAGGGGCTGTCGTAATGTTCGGATTGCGCGAATGGTTACCTGTATCCGACACAACTCCAGGTCCTTAATTCAGAATTTAACTGTTTGTTTCCACTCGGTCGAGAGATTGGATAACCTTCATTATACTCCGTCACTAAACCTACTCTAAAATGGGGCCATCACCAATTCTTGTCTACAGGGCTCACTTATCGCTCCCGGTTCAGGGCCCGAGATGAGTTCCCCATGCGCGGGGTCGCCGCATATATCACATTAAAACGTCGGTGGCCGAAACCTTAATTGATGATTGCGAAGCAGCTA,1471,50.17,Mus musculus
SEQ_598507,GATTTTCGGCGCACTGCGTTTTATAGCTCGTGCGAGTAGAAGGTCCTACCACACAATCAGGATGCGCGTGATGGCCGATTGCGGAGTGGTCCCCTGACCCGCGACTGAGATAACTTCTCGCACCAGCTAGCGACACAGTCGTCGACTGAGCGGCATTGTTCAAACTGCCCACAATGGTATAATCTTGGGTACGTATTAGAACTGCGTGCACAAAAGTGGACATTGTAAAGAAGTGCATAAGGATGGCTGGGATCGTTGTAAAACGACCTTGTTACTTCTTGACAAAACTTGCGACCTTACGGTGTAAAGTACAGAATCGCGAGTATCTTACCTGGATAACGACTTGTGCTCGGAAAACAACCCACCTGCTATGCGTTGCGCGCCCCCTGCACCCTCGACAAACTTTAGGAGGATAAGGTCTGGGCAACATCACCTCATCTATGTAGACAACATTGTTCATATTGTTTGATGGGATCCGCCGGGGCAAGGGAAATGTCCATCCTGAGGCGCATTGTGATAAACAATGGCAAGGCGACCCAGTCCCCTTTTGGTCTTAAGGGATTTACAAAAACTCATCCAAAATTGTCCGCTGCTCTGCTACCTCTACACCGAGTATATCAGCGCTGCTCAAAATCGCCCCTTTTCTTTTGCGCATAGCTTACGCTTCCACACTTCGCTCCAATCCGTTTCGGATCATGGGCGATACCTGGGGAAGACCAGATTGCGAGCTGGTCAGAAAATGTGCCATCCGTCCGACGTACACGAAAGATGTCGGATATGCGCCCTCTCGTGTCCTGTAAATTAGGAACAGCCATTTAGGTCCAACTACGATCTACGTGCGCAAATGCTGCACAGAGAACCACCAGATTATTTACTCACAGAGATGCTGTCTATGGGTGGGTACATACTGGCATGTGGTTCCGAGTTCAACTCCCCGTGCACGCACACAAAGTAATAAGACGCGATAGCTGAAGCCCTAAGTTGGGCTACACATTGATTCGAAAGGCGGATGGGGCAGGATCCATACTCTGTTCTCTGAATGCTCACCAACAAGTAACGCCGGGAACGTGTCGTCCATGTTATCAGGGCTTGAAGACAGCTCTGAGTACCCCCGAAAGACTTCCAGGCCTGCGGTCGCGGACGATCGTAGCTTTGATCCTCGCGACTCGGTAGATAGAACTAGAGCTCCGGTACTTCTCAATCACACCCGTCTAATTGAAACAGTTTCGGGGAGGATTATAGTCTTACCAGAGCACGCGGTGTATAGCGTGGCAGCTAAGAACCCGGTAATCCCGCTACTGTACTGACAAGACTTTCGATTGGGATCCAGCACCGGTTCCGCTACTTTAATTCCAAATGCATGTTATAGCCGCGGTAGAAGGACCCTGAAAAGAACACCAAATATGACGTCGAAGGTGATGGGTTGTGAATGAAAGTGAGTGGAAAGCACATTGCCCCCTAGGAGCCTGGGATTGGATCTCAAAAAAAGCTACAGCATGAGTCAACCCTGAGACCTCGGACGACCTACTCTTTGTTCAAGCGTATCCGGGCAATCTTGATGCCAGA,1566,49.94,Escherichia coli
SEQ_693652,GGATTTCGTGCTGACTATGTGAGCTATAACGATATGTAGATCGATTGGGGAAGCCACAGAGTGATACAAAGTCAATGGATTCGTCTAAACTTACTGCGGTTCTATAGTATTCCGAGCGTAGCTAAATATTCTTGTAGAGATGGTCCTCGTGGTTTCCCCCGCTAGCGGGGGGGCCAGAACTTAACTAATCTTTCCGCGATCGAATAGGCGCCTTATTCTAAGGCTTACGTACATCCGTCACCTTACAATCTTCTCCACTTTAACATACGCAACGAGCGTCATGCCGTTAGATAAGACTAAGCTTGTCGTGCCCTTGCTCACAGACAATATCGGTTCTTACTCGTCAACAACCGCATGTTGGCTCGTGTGGTGACTCCGTTAATGCTGTGCGTAGGCTGGCCACAGTGACATTTGATTAACAAGCGTTAACGTTCGGCCAGGTGATGCTTCAAACTCTTTTTGATTCTAGTTATCAGAACTGCTAATTCTACCGGTGCGAGTTAACTAAGAGCCCCAACAAGAGGGATCTCGGGCGAGAATGCTGAATGGGCGCCGACGGCACACTGTAGAATCCTTATACTTTGACCAAGTAGGGCCGGAGCTTTTCACACCACTGAGTTTAAATTCACGGTAGATAACGATTATTATAGGAAACCATAGAATAGAAGCGGTAATCAGCGAGGGAGCCTTCGAAACATAAGGAAGCGGAAAACCGTTAGGTCTGTCTGCAAAAAAGGGCGCATTATGGTTAAGTCTAAACAGCGCAATCGACCTCCATGTCCGGTTCTTGGCTGCTACTGAAGGTGTCGTAGATGAGCTAGGTGAAACAGACGATTAAGAGGGCTGATGCCCACTATGGCCTCCATAGAACAGACCACCCGGTGGCTTTGCTTAATCGGGTGACGGGAAGATGCAGCATATTGCGTTCGGTGGCCGAAGCTCGATTGTCAGGATATTACGAAGCGAATATACAATTCTCCGACACAGGCACAACCGGATCTTTATGAGGAATGTTGCCGCTGATATTATGCCACCGAGAACGCTACGTTTTTGCGTCCGGGAAGACCTTCTCTTTTTAGAATCCAACGCCCTTTCTGGGAGTGGCGAAAAGGACACTGTCCCATCAAAGCGAACTTACCCAGCGGTCTATCGGAGATTCCCACGGTAAGTTGTTGCTTCGGCAGCAGCAGGCTCTTTGAGCAAGATAACATGGCCTCGGGACGACTCTTTGACGCTGACGTCTAACCATCAATCTAGCCGTAGTCCGAGGGCTCTTATCGCGTCGACTCATACTGAGCGACAGTACCGACACCGGTAGTGAAGTAGCAAGCTTCGCGTGTGCATAGCTTCAACACGACATCTAAATAAGAGATAATGTCTAAAGTGCATAAGTAGGGGGATGTCATAGTGAAGTCCTGGTGTTGAAGCAAGCGTTTTGATGCAGGCTAAAGACTGATGCCCCTTCCTGGATTACGGCTCCGGCGGGTCAGACAAATAATAGGCTGTGTACTAAGGTCAAACGGTGAAGGGGAATTCCCTAGTCCTCGAATACGACGTTTGCCTAAATCATGCTCCTCAGAGAAATCCAACGGGGACCATGCTCCACCGTTTTCGTTAAGTATCTTCGACAGATGCCCAGTCTATCCAAGGGAGTTCATGGAGACATCGATACCACCTGTT,1680,48.33,Mus musculus
SEQ_797799,GCACTTTTCTGGTGTCTTTATTGCGATAGAGCATCACCCGAGCATGCTCCAGTGTTGTGGACTAACTATGGTTTAGACTTGGTTCGAACTAGGACCAACGCACTCCGGTATCCCTGTGGGAGACGCTTTGTAATCGTGCGGGGCGATACAAAAAATCCTCCAAGTGATAATGCCACTCTAAAAATTGTATGTTACAAGAGGAGATCCGAGTCCGGAGGTCTAGACCGTGATCCAGTGTTGGACGCTGTGGGGCATAAGTGGATAGACCCCTCAGTAGCCCACCATCAAATCGATGGGTAGTCCCCCTCACGTCACTTTAGTTTGTACGTATGCCACTTTGGGGCGATAGTCCGCTGGGAGGAACGCTGTACATCCATGGGTCCGGAATATAGCAGGCCTGCCTGAGAGTCAAGAACCTACCTACAAAAGCTGCGTATGAGGGCACATCCACCGGAAGTGCCCGTAAGAATCTTGTGGACCAGCGAAACTGCCGATCCTACTTGATGATTGTTCCTGCGAACCTGGCTGTCCCCTCGTACCGCCGGTGACTCATTGAAGCTAAACTCGTTGCAAGCTCATGTTCAGTGCGAATTTTTGTCAAACCAACAGGCCACTAGGTTTGAGACGTTAGCTCAGCAGTCCTAAAATGCTCTTCCCTGACGAAACTCGACTTCAACTCGGTCGACCGAGCCAGGTCCTATTGGGAGATGGTAGTCCGAGCGCCAATTCGTGCTGGTCAAATTTCTCTATCGGACCCGCGTGATTTGTAACGCGATGACGGAACTCCGGTATAAGCATTTCGCCACTCTTGTATTCCTAGAAATTAACGATTACTGCGAGCTGGAGCACCTATAAGTGCCAGACACTGTAGCCCGTTTCGGGCCAGGAAATGCTAAGGACTTCGAGGTCAATTACACTACAGAGGATGGTAGGCTCTATGTGTTGTAGAAGCAACCATCAATTTTTCTCCACACGGATTGATGAAAAGACATAGTCATATGGGAAAAGCCTCAGTGTGCCACGCG,1025,49.95,Saccharomyces cerevisiae
SEQ_472509,CTAGAAGAGTGTGGCTGTGCGGGCGTTACCCCCCTTGAGACCCCAACTATCACCGTTATAAACCAACATTCGAAGCCTGCCCAGAGCGCGGAGATGAGGGCACATATGCGTTAATCATGGACCACAAATGTGGCGAACACTGCAGCTGTCCCCGTTACG,159,54.72,Mus musculus
SEQ_442993,CACTCCCAAACGGCGAATCAAGTATCACACTATCTATCTGGGCAGACCCTACAATACTGACTTAGGAATCGATCGTACGATTCTGGGAAACCGGAAGATGCATGAGGCCCAATAATGGGGTTCCGTAAACGCGGTTTATGGAACGCCGCTGGTCCGGTCTTGTTATTAGCTGACTCTGCTTGGCACATGAGCGCGGCCGTGGCATATTCGGGCCCGAGTTACGATCAGGCCGGCTCTTCCTTAATTATGAAAGGGTGGTTTCGAGCCTCGGTACTATTCGCAGGTATACCAGGAGTCAGTCAGTAACTGTCGCCGGATTACTTAAGAGTCAGCGAATCTCGACCGATCGACCCCATATCTTGTCCATCTAATCCCTGCCGAACAGTACCGCTCGAGTGCCCGAGAAACCCCATGGGGGCGGGGGTTGGAGTCATAGGGCCCGCTGGCGCTTTAGGCCCCAGGTGGGGGATGAGAAGCCCAGATCCGCAACGGGTGCTGATAGGAGTCCTCAAAGAATTGTGCTAGATTGACCTAGTTGTTTGATGACCGTTATACAGCGGTAAGTTACTTAATGGCGCGCGTCACTGGGATCTTACCTCGAGCGACCTACATGTCGCGTCGCGTCTAACGAATATGTAGTAGAGAGGGGCGTGCGTTCCTGGCCATAGTCATGACTATCCCGTTTCGCATTTAGCAAGGCTAGTGACTTCATTCACCTCAGGTTGGGACGTTCGTAGTTAGTTATGAGTCGCCCTGGGGATAGGGCCTCCAAGCCCGTCGCGAGAAAACCCATATTTCTTTTAGGGGACGGTTCGCTCAGATAGAGGTAAAGTCTTATTTTCCGTTCGGGACAGCTCAGATTGTAGGATCTTTACTCACCTTTCCCAGCGAAACGCTCCAACCCCAGGACATTATAGAATTTTCTCGGAGCCACGTCCTGATCTAAATCCACCCCATATGGCGCGGTGTAGATGTCACCACAAACATGGCGCTCCGCACTCCAAAAGCGGACTTGGATATATCTTCAGGCGACGAGCCACATACTCAAAATGTAGGGCGAACCCGGTCATGTCGCGGTAGACGTAGACTTTTTGCCGCTATGTGGACGTTAGAGTTAATGACGATGACAAGGTACTCCGTAGGAAGGTCCGTCGGCAGCCGGGCAAATCTACAAACCCATTACTGGCTGGGATACACGCCCTTTGCTTATCGTAACTCATGCAGAAAAGGTATGGTTTAATGCTTTAATTTTATACGACGCTGCTGGTTCGAACTTAAAGATCTGCGATTGGCTTCCACCAAACACGGGTAATGATGATCATCGGTCAGGTCCTCAGTGAAGCGTATTCTCATCAGAGCATATAAGCCTTTAGAAAAGTGTCAAACG,1387,50.83,Drosophila melanogaster
SEQ_994983,CGGACGCCCCTTATAGGAATCGCTAGACAGTATCCGAATTAACAACGCCTTAACTTGAGCAGAACAAGCGGCAGTGGTGAGTTCAGCTTGCCATCGCCGCCTTGCCGATCGGGCATCTCTCAGAGCTGCACGGAGGTTGCGGCCATTGGGGACAAGACCCATTACGAACTGTAAGATACCGGTCGGGATAGGGTGATTATTTTTACCCGTCCCTGTACCACGCCGCGTCCATCATGGTTTTGGTCGCTATTAGCGAAGCAGAAGCCCACGAGCCATTTTGGAGATCTGTGGCACATGTGGTCTTGTAGCCCAACAATTACGGCATCGTACCGCGTAATTGCTCATTCTCATGCACTTTCAATGACGGACTGTTGATCGTTACCGAGGTCGATATCAATTATGAGTTCGTAGGACGCCATACCTATTACACCCATGGTTCTTCACGTTTGGCACGTAGCGGCCTGAGCTTAAATTGCTTGAATTGAGTACAGCTTTACCCGGTTTGCCGAGTCCGGGCTGAAGCGGTTTGAAGGAGCTTCACAGCCGACACGTTGATAGTTATTCGCAAACCGCGACCGCAGACAGCAATTAACGATTGCTGGGATCGCGCCATGATCATTTTTAGTGCGTTACAGCCCACTGCAGGACTGAGAGACCACATATCCCAGTTATTGTGGCCCATACCTATAGTTCTTTTGCCTCTCCAACTTAACTTTGTACTGACATCTAACCAGTGCAGGGCTGTAAAAGTACTAGAAGTGGTCGTACTAGACAACACTTCGATGGTCTGACCACCGTTTGCATTGGGTGTGCGTTCATAATTAGTAGAGGGCCACCCGGGCTTGCGTTCGCTCCTGAGTCTATGGGCTCGGGTATCAAGATTGGAGCTTACGCGTGAGGGCTTACCGAGGATCCACTTTCAACCGCTGCTTGTCGTCATCGTGTTAATGTTGGCCCGCCCGTTCACATTCGAGCATGGGAAAATACTAACTCCATCCTAGCAACAACTTCGTTTCCCAAAACAAAATCTGTGGTCTTAACCCCTCGACGCGCCCGTGCCTTTGTCATCCTACTCTGAAAGTTCTTTGTGCCGATCAAATGAACCCTACTTTAGAGGGCGGACCAGGGGAGTCGCGATAGACTCGCTGTTGCTATACGTACCTAGAACTCCATATTATATTGGCCGGAGAGCGCAAGCGTAGCCGGCCGATTCGTCCCACTCTTCCCGGAGGTATAAACAGGCAAATTACGTGGTGAGGGCTACACCACCGACCGCATCTATACGCTCTCACCTGGGCGGAGTAGCGAAGACCCGTTGACTCTGGTACGAATGGAAAGGTACGAGTAGTTTGATTTCTTGCGACATTACTAGCATCCTATAGTCGTTCTTGACGAGGCT,1399,50.75,Saccharomyces cerevisiae
SEQ_815964,GAAACTGCTCGGCCTGATTATATCGCATGTATTGAGAGTTTTCGCCTATACGCCCTAAATGAAGGTTAAAAGTTCTGGGACCTGGACGATGAAGTTACACCATGGCATCGATGTGTTGATATGTTCGTGAAATGCGCTAGGTGTCCCATGGACATAAAGGGGAAGCAGGGTGTCCAAGAGACCACCTTAGGCGATGGACGTATTAAAGGTTCTGTTTCTGAGGACAGCGTTCCATAGAAACCATACGGTCACAGCCACCTTACCTTGTT,269,46.84,Arabidopsis thaliana
SEQ_911803,TACAAGGATGAGTCATACCTCCAAGACAGGGCTATCATACTCTATTGCCGGGTTAGGGGTGACGTGGGGTTAGTGATTGTTGGGACGGTCTCGATTCGTATTACCACAAAAGCTTCGTACCTTTCTCCCGGCTCGATAGGCAACGATACACTCCATACATAGGCTATGCCGGTGAAACCCGAGCATGTACACGCGGCTGAGGCTCCACGAGTGGTAACATTTAGGGACTCACGGACGAACAGCGTAGATCCTAACGGGGCATTCAGCCAGCTGCTCGGGGGCGCGCCGGCGGAGAATTGCTCAGCAAGTCCTCAGGTGTGGGACGCGAGATTGTGCGATGACCACGCAGGGTAAGCCAATTGACGCGGTTAGGAATGACGTCACCAATTCGCTATTGAACAACAAGCAAGCACTACATGTTCCATTCCATTAGGCACTCATACGCTTGTCTTTGATAACGTCCGAGGGGCGCCGAAAGATGATTAGAGGAGGGGATTGCGCCTTTGCCCTTTTTGGCCACGTAATCTGCTTACATTGC,538,52.79,Drosophila melanogaster
SEQ_614873,CCCACTGTAGCTCGAAATTTAGCCATCCTTTCACAGGGTCCCAGTGCTCCGCAGCTCTAATCCCGCCGTACAGGATCCGCAGATTTCCCATGCTTTGGATTACCGACGACCGATGTAGCCCAACAAGAACACTCGGAAGTTTGCGCATCTGGCTGCTGGAGCCAGTCGGACCCTGTGACATGGCACACGGCGAGTTCGTTGTATTCCTCGCCAACACTTGTGACAACATACGCACACAAAACCTAGCGTCCGCGGGGTCGAGCTATAAAACGAGGTTCCGCAAGTTGCTCCTCAACTCACATGAAAGGGTGTGGGCCCCTATCTTACAAGCACGCTCTCAATTTGCGCGCAAGCTCCACGCACAGCCGACAACTGTCTGGCTATTAAACCCGACGTAGGGTACGATCATTCCGAACAATGACCACATCAAGCGCAAGAACCAACTCTTTTAGAGACAAAGGTGTGGGTATTGCCCAAGAAGAAATGGCCGGTCGCCGGGAACCTAACACACGTAGAGATTCAGTCGGCGAGTCGTGATGTGAGACATTAGTATGAAGAGGTAGTGTATCGGGCTGAAGCAATGTATCCCGTGCTAACCTCGATTAAGTACATGAAAATCACGGAATAGGATGGCACTCTAGCGCGTCATGTAGCTCGCTGTCGCGCATCGTTTCTTGATAGGCACGATGGGTCTCACAGTGCCAGATACTCGACTGCGCTGCAAGTCGCGGTAGTGTGCTTCGACGCCCGCTACCGAAGGTAGAGGATGGCCCCTTGATAAAAGACCTTAAGTCGATCTAGTAGGCTTCCTAGGGCTCAGGTCCCAGTATTCAACACCCGACGCGATCATTCGAACCGATTGAATGCCGTGTCAAGATCGCCCCTATTGGACGTTAAGGTGTCGGACTGTAGGCGCCTAGTATCTTGATGATCGCGTGCCAAGAGCATTAGTTATTAGCGACAAGCCACTACGATACTTTTGGTAACCTCCATCTCCACCGGGGGAAAATACTTACGTTATTAGATGTTTTGGATTATACATGGTCCAAAGGGACACACGGGACACTAAGATCGAAACTAACCAACTAACTAACTCCTGATAGGTTGGGGTCAAGAAGGCCCTCATTGCGGACCATAGGGAGGCCACCACCGGGCTAGTTCAAGGACCCTTTCCAACCCCTTACGTGTGACCCGCAAGAGCGTACTAACGATCACGTGTTAGTGGGATATTTAGAAGTGTTGGTCGGTATTAGTTGCGTTCTACAATATAAAAAGTGCCCCGTAATTACTATGGCCAGACACCACTGTTTCTACAGGGTCATTGCGCCAGTGCCTCGGACATGCTAGAGGAGGAATATGGCACCCCCGGACTACTCTAATACCGCGATTTGTACCGATACAGCCCCAGCTCCCGGGTCAAACAATTTTTCATCATATTGTTTTCCACAGCCCGACATACTGTCTATGTAGGCGTTGGGAGCAGTC,1485,50.98,Caenorhabditis elegans
SEQ_929531,GGTATAATGGCTATTGCCGCAGCCATTTTCATCAGCGGTGCTATCCTGGTCGTCCGTACGGACAAGTATGTGGCCCGCGCCTATCAAACGAACTGAGAATTAAGAACAACCCCGAACATGATGATTAGAGTCGCGGAATGTTTGATTTTTAGGTGAGACGAGCGGCCTGACTTAGGCTAATGGCTGC,187,49.73,Drosophila melanogaster
SEQ_658967,CTTTGAGGCCAAGCCTAACCTGTATGTTACGGTCTTGTCCGCGTCACATGATTTTGCCATAGTTGGAACCGTGGAGTAACCCATACACAAGGAGGCCCGCATCAGGTCCGCTTTGGTAGACAGTGTATCACCTCCTTGAACTGTTTGTTGAACTGCTTCGCGTCCGCCTCAAAATTTTTCCAGTCCGCCGTTGGAGCGCAAGGGTCACGAAAGGGACCTACGAATCACTGAATTGCACGGCCACGACCCGGGCTAGGAAAGGGTCGACTAGTAGCTACGGGAGAGTTGATCGCTCGACACTAGACCTTAAGCTAGTAATACGTTAACAAGTTGATACCTGTATCACGAACCCGCCAACGCCGTCGGAGCGCTTCTTTATAGCCGTGAGACTGTATGTCATGCTCGCTCCAATTGCAGTTAAGACATACTAGGAAGTTGTCCTATGGAACGGACATGTATCCAAGATTATCCACTGGTGTCCTGTGCGCACGCTCGAGAGTATTGCAAATATAGGAGACTACTTCGCGCATGCTTGCACTGCGACGGACTGCACTACGGGAGCAAATGGTCCACAGCTGGGCATTCACAAGGTATTCAACTTTTACGGGACGTTACCCAATGCATGTATTTCGTCGGCAGTTTGGGCACGCTGAAAACTACCAGTATCTCGGAAGGTGTCTGGCCGAGTTAGGTACGGATAAGTTTACATAAGTAGAATGCTCACCCTCGGGATTTTACGTCGCCGATCTGCTGACAGGGTCATACGAAGGTATTGCGCCAATGAGGCCCGAGGCATGTCGCGTAGGAATCGAGCACCAAGGATGCAGATAAAGACCTCACCCCAGCTCGTAGGCCCGTCGGAATAATTTCGGGGAGACGTATAGAAGAGTTAAAATGTACAGAGCCCAAGATGCGCGTCAACAATAACGTTCGTGACCACGGTGGGCGTTTGGTAACGCCTCGGTTTGCATACTATTAAAACCTGGTGGGTGATTCCTGGTCCGGGTAGCGGGTTAGAGCTCACTATTACGTAGGCTGTGGAAGTCAACGTAGGTCGACATGCCCTGCTGGTAACACCATGGACCCCGAGTGCTTGGCGTGGTCCTGCCCACCAACCGGCCCTTCAAACCAAGGCCTATGGGAAAGCGTCTCTGGGCATGGGCAATAAGTAATCTGCTGCCATGACTCCCCATGTATTTCGAGGCCCCGCTTGCAAGTGACTTGGTCAGGGGAACGCCCCTTGGTCAGCATCCAGTGCCTGAAGCGCACACTTAGGGTACGGAAAATATGTCGTTATGGCGCAACTCTGATC,1312,52.06,Drosophila melanogaster
SEQ_467398,ACCGAGAGTACCAGTTAAATTATGCCTAGATACTTAGGATCTGGTCTAAACTTTGACCCCGGTCTACATAGCGAGTGATGGACATGTGTGACATGCGTCACTGCACCCTCCGCGTATTTCGAGGGATCCTGGCGAATGGGAAAATAGGTCTCAGCAGCAGAGGGCCCTCCGATTTCCCCTTAGATTCGGGGGCATTCGTCGGAAAGTTCCGATCTATTTTAGATGTGTCGGGTCCGAAACTTAAAATGTAACCCATTTATTAGCGGCGCACCGGTTCTTGCATTTATCATTATGCCGTGCTTGCTATACACGGAGCCGGAAGAACCATGTCTGCCTTGGCGCCGCCAACACCGATTTCGCATATCAGCTACGAGTTGAATTACTTGAGTTCCAATGCACCCAGTGTCAATCATCTTGCCCGAGTACTGCTCAATCGCAAGAGGTCGCCATTCGATGTTCAATCAAGCGATGGCGCTAGCACCTAAGTCCGCTTACCTAGTGCGCGGTATGGCCTTTAGGTACCACAAGCGTTCGTGGTCGGTACGGAAAGGACGAAATATCCTTATCGAGTGAGTGCTGTTACGGTAGGCGCACTCTCCACAACTAGTTCGCTGAACAAAAGTGGTCAACAGTAGCATAAAGATGGGCACATACTCTGGGTATCATCCGACAAGTAGCTCTGTTGTAAGCGTCGAAAACCTCATATGGGTGTATAAACGTAAGGACATGGACCATACCTAATAATGAAATTCGAGCGTCTACTTGCAGGGAACAATTCTGGTCTAACATGGAAAATAAAACAAGCGGAGGGGTGGTCGATCAAAGGTTTGTTGCAGACTTGACGACTCTTGCTGGGTCACTGCCCTGAGATGACCATGCTTAGGTCACAAGGGACTCTCTGCCGCGATTTATCTCACGAATAAGTCAGAGGCTACGGTGCTCAACTCATCACAGTGGTATGCGCTGCTTCTGAAGTACGTTCGATCAGAAGCACCGAGAGACAATAGTTCCGTGAACTGCGTATTTCTCAAGTAGGCGGATCCAATTCAGTCAATATTACCGAGATTATCAAGATGAAGCTTAAGATCCCCCACAGATAGCGTTCGGGAGTTCCTCACTACATGACGACGCGCTTGGTGTATAGGTGAATAACCCCTAAGTTTCTAAGTATAGTCCAGCCATGGTGGGGGGGCCACCGTGCCCACCCTGTGAACTGCCCTATAGGCTTAGTGATGGTCATAGTTCATTCAGGGGATAGATAATGAGAACCGATAGATTCACTCCGGCCCCGAAGACGGCTTACAGCATTGAACACCCAGGCAAATCTTGTGCTCCAGATTTGTGAACATCGATAGCTACCGAGCGACTTCCCATGCCGGTAGGCGATAAATCGCCGCTCCCTTGAAATAGACTGCCCAAAAACGCTGTCTTCATCCCGTTCCGCGGCGGTCCAATGCGGAGACTTGTTACACCCAGGCGAGTGTGTCCAGGTGCATCAGTTTGATTATCTCCACCCTTTTCCGCCGTCTTGCGTGGAACATCTATGTTTTGCAAACCATATCTGCCTTGATTGCCTTCCTTACCACGTTCCTCCATTCGTGTCATTAGGTTGGTGAGCTTCACTACGACAACCAAGTAGTCTGTAGACCTAAGCTGGAGGGTTGCAAAACAAGTGCGATCGATTGGAACGACATACGTAGGGGCCCGACTCAACAAGCGTCTAGAGTGCTCCGATTCAACATCTCAAGTTCCATATGCGATATGCCGCACTCGTGCGGTAACGGGCAATATGCAGGTGCGAGGTCCTTCAAAGTAGTTACTGTAATGTCCTCCTCACGTTCCTTTCGCTTTAGCCACGTCCGTTCTTTCCATCCCAACGGTAGTAGCAAGGGGTTGTGCAGGGCTCGCTCAGCAGAGCTTTTAACGCGAAGGTCTGTTGTGCACTCCAGACATCGATTTGTCCTTGATTGACTTGGCTTGGCCGG,1985,49.62,Saccharomyces cerevisiae
SEQ_622736,TATGCCTCATTCTGGTATTATCGCCCCTGGCCCATTGTCAAAGAGGGGCCGTTACCAGAGTTACCCAGACTTCCCGAAGAGTTTCACAAGATGGGACTTTTTTGCATTTGATTCAATAGCTGTCAGCTAAATAAAGAGGTGCTGCAACCTTGTTTTCGAGACTACCGTACCCTTACGTAACAACAAGTTGCTTTCCAGATAGTGACACCAGTAAAGCCCGCAGAGAACGTAGAGCGTAGCGGGTCTTACATGTATTTATTGAGCGAACCTATGCTACATTAGGGCCTTCGCAGTGGATTATCTCGCGAAGAGTTATCGGATGTTAACTTCCCAGTCGGAGAGCAGTTGACCGCACTGATGCGATATGAGGGTACGCGGGTGCTTAGTGTATTTACGAATGGCGGTGTACGATTCCGCACCATATGTAAGGTCCCCTGCACGGCCACAGGCCTCAGCTATTCGAGATCTATCCCCGCTGTAGTAGGAGAGCATCATAGGTGCCACTTTTAACGGGAGTACTATCTTAGACTACGCTCTTATTTCAGCCACCGAAAGTGGCCGACCTGAACTCAGATTGTCCTTTACTAGAATCAATCCTGCTACCTGCGCGACCCGGATGTATTCTGAGGTATCGGCTTCGGGCTATGGCCCGGGGCGATAATTATTACTTCCCGACACTTGTGTAGTCACCATAACTACATGCATTGGCTGCATACTGCCGTAGGTTCACTACTAAATTGAAGCCTCAATTGCCATTGTAGGACCCATACAAGAACCCGACGATACCATTTAGGTTCCGGATTCCGGGTATGCCGACGAC,820,48.78,Homo sapiens
SEQ_215911,CCAACTGATCGAGTAAGGCAAGCTTTCTCATCCGGCGACCGTGTACAATGATTCTGCGAGTCGACTGAGGGAAGTCATCAGGGGTGTACCACGGTCCTTGTCACGGTTATCATTCAAGCGTATTGAATCCTGACGGCTACGTATCTAGCAGACCTACGAGTATATATCACATGATAGTCTGGGTGCTGAACCGCCCTAGGCGAACTAACCTTAATAATATAAAGTGCAAACGTCTTCTAGATGCCGCCACAGGCCTATGCCTAATGCCAGGGGTCAAAGGAGACCTACTCCAGAGGGTAAATCTACATTGCTAATTGGATATGAGGTATGGTGAATGTGAGGCGAAGGTCAAACACATATTCCTCAGCCACCTGACGAATGTGACAAATTGAAAGTTGATTACATCGTCCTGGTAGGTTGTACGCCTTATCACGACGAAGGATGCCGTTGAG,452,47.57,Arabidopsis thaliana
SEQ_892569,TCACTTACGTAATACCCGTCGCAGGCGCTCCCAAGGCACAACTCAAATCGGGTGGAATCCTTCGCCATGC,70,55.71,Escherichia coli
SEQ_174875,CGGTCCGTACGACCTTGAGTCGCACATAATTGAACCCCTACTCTTACGCGGGCACCTAAACCTCTTTGCGACAACCTTAGCATCGCAGAGACAGCGTCAATCCTGTAGTTCGTAACGTATAAACAATTGTGATTAGCATACTTCCATTAGTACAGCGCATTCCACGGATCCATGACTAGCCGACGTTCTAGGGTAAGTTAACGGGACTGATTCCGTTTTGTTAGTCGCTACTGAGTACTACTTGTGCCAAGTCGGATGATCCCCCTGAGTTTTGGTATATCGAGGGAGTAAAGTTGTGATGTTTGCATGCAAAGTGCGCATGGCTCGTTCCATAACCTAACCTCAGATCAAAAGCCGGGAGTGAAAAGCCTTACACGGGATCGTGACGTAACTAGCTGGGGACACACCTCATGTCTGTGAAGGTCCTTCTGCGGGGTTACATCGATCGGACGACTTCCCCTATTCCGTGCTCTTTCCCAAGACCAGGCTCTACTCTGACCAGGAGAAATTTGCGGATATGAACCCACGAACTGTCGACGCGAGGGACTGGTTCCGCACCGCACTGCGGTGTACCTTTAAGTTGGCTTGGGACGCACTCATTATGACCTAGACACTCATGGGGTTTCTAGATACTAAGTATGATCTGTATCAAGCAAATATGAAGAACCCGTTTTGGTAGGCTGTTATGTCCATGGTAGAACAGCTGTTATGAGCACCTATAGTGTAGGTCTTATCGTTACCTGCAGGCAGCCCCATTCCGGTCTAACACTCCAGTGCTATATTCCAGGGCGTACTCATATGGAAATTAGTCCCCGATGAGACGTAGGGATGCAACCCTCGCTTTCCATAAACGCATATGCGAAGCAGTATAGAAGTGTTTCAGAGCATTGCTATGATCTCAGAACCGGCCCCAACTATCCCTCTAATTGCCATTTTGCGCTACAGATCACCTTGTAAAGACCGAATGCAACGCGTCGAACACCTTACAGTTGCTTCTACATGCACGGAGACCAAACAGGGAAACACTACGGCTATTGATACATCGTCCGCGGAATGCGCGGTGCCGAGCCTGCACCTTATGAACAGTCAGCCGCGAAGGACGACTAAGCCAACTTTGAAGTCCACATACGCCACTCTAGGACTGTCTCGAGTTGGAGGTAAGATCTTTCAATTATCTGAGGCACCACCCTGCTTTGGGAGACTAAACCGGATGATTATATTAACGTTAAACAGTTATCGAATTTGCTGATTAGCCGCCCGTCAAGTCTGCCTACCCTTGATTTAGCGAATGCACAAGCTACCAGCAGGCTACGATGTGACAGAGCATACGTATTGTTCCGCAGGTAAAGGCCATGTTATATGTTCGACTTTGAGAGTAATCTCATCCAATTAGGTGTCCAAACAGCCTAAAGTTAACGGAGCGGAGC,1427,48.35,Saccharomyces cerevisiae
SEQ_962205,ATTTCAAGATGCTGCCTTTAACGACTACGCCATTACGCGATCAAGATCAACGCCAAGTGCAGTTGAGTGTGCATGACGGATTACACCTGTCGGGGACTTCCAACACGCACCGAAGTACAATGCCGAGTGAGACAGATATAGACCATTTAAGTTGATCCAGCATTGTTGCGAGTCTGGACCACCAGGAGAGGGGTAGGGAGCATTAAAAGAAAGGTTAGGGTCACAAAAACTGAAGGACTGTCATACCCGCGGGGGTCACGCTGCAGAATACATATATCGATCTAACGGAGGGTCAATCTTATACATCTGCCCGTGTCATGCCGAACATGTCTAACATGAGTTCTCGTCCAGTGATCTTTGAGAATGTCAGTACGGCCCTTAGGTTAGGAGAGCCTAAGGATATCAGTTTTGCTCGCGTTACCACAGTATTCGGATACATCCATCTGGTCGAGTGTTGATGTGAGCCCTGGTTTCTCCTTATTCTGACCGGCGGCACGGTGTGGTTGAGGAAAAGCGTCCTGCATTGAAATGTTCTGTTGGTGAGATCGGCCTACCCAAATCTACATACTTCCAGGGGACGCGAACCGTTTTCATGCGTTGAATGCAGACAGCAGTTATAAAAGTACTAGGCAGTGTTAGGCCCCACCAAGAGCAACCCCACAACTCTTCTCCTGTCACTGTAACCGCGTATGCCACGCTTGATTTGCCCCACTGCTATCGTGTGTGGTATTGACGACATACCATCGCGGCCGAGAACCACTAGCAATATAGGACGTCTGCGGACCCAGGACAGGGAGATTGAGCATCAATTGCAGCGCTCTGACGGGGTTCACCCGATGGAAGGGTGGCCTGCTACAGTATAACGTAAGGAACTTCGGCTTCCGAACCGTCATATCCCTACTACTCCAACTTCTATCGACTAACGCTCAGCGTGTCCTGCGTGCTACGACAGTAAAATACAATCGTAGACTAGACTCACAGTATTTTTGTGGGTAAAGCACTGCCCGTATATATATATCTTCGCCATCGTAAACTGCAGAGGCATTCACATAACGAACATTTTGCCTATCACACTTATATCTAACCCAATCTACTTTCTACCAATGCCTACGCAGTCCCTATATAGTCACAATCGAAGGGTATCGACTATTGCAGGCCCG,1160,48.62,Caenorhabditis elegans
SEQ_283115,CTGGAGGGGTAGCCAATTAAGGTTCAAGCCTGTTCCCTCGTATAGTAAAGGGTCGGCGTTACCGGTCATTAATGAGATGACCCGCCTGATGACCGCAAGAATCGATAGACCGCTGGGTAGTGTTTCGCGACAGTCTAAACCAAGATATGGCGAGCCTCATAGTTCCCGCCGCACCTCCTAAA,182,52.2,Arabidopsis thaliana
SEQ_575457,CTCCACTCCCTTGTCTCATCGAAGCCGATTCATTATAGTTCCGCAGGGTCGCAGCTACCCAAGTAGACTGATGTCATAGTCTACGGTGACCGCAGCTTCGGAGTACTCGGACGTGTGTCCAGTGGACAAGCCCTGACTTGCTCTATAGCGTAGCGAGTTAATTAACCCTCTTAACGTTGCGTCGTATTGTTACGTATCTAAACGAACTCAAGTTGATGGTATCAGAACCGGCGGTCTAGGCCCTAGCGCGCAAAGGAACGGACGTCTTCGGTTTCGTCGACGGCATAATTAGCGGAAGATAAAGGGTCTACGGCCTGCGACATTTCACTGCGCGCACTCATGTCCTCCTAGGTTGCGCCCCCGGTACCAGCATTGGTACCCGAGTCGGATTCCTACTTCGACTTTCGAACCCCAAAGTGCGACGCCACCTTCGACTGAGAAAGTGGGCCATAAGTTCCCAAGACGCCCTGTCCTGGAATTATATCTGCTGTGATGAGCACGTACCCCCAAAAGTCCTCTACCCCTACGCACCCAGTCAACAGCTGCCAGAGCCTTCTCTCGACGTGTCTGATCTACCCGACGCCGCCGCCGCCTTGTCTCTGCTTGTCCACTGATCCCGGCACTGCAGTGATCAAGCGGGCGTGACAGTGGAAGATTTATGTTTCACACAGGGCTGGAGTTGGCCCTGAATGTTTCCAGGCTGCGAACGAAAACCCGTTTCACCCTATGGGAGGCTTTTGCGCATAATTGACTGCATTTGTGGTATACATGGAAGTCTAAGAGCTCCCAGAAACCAAATGACCTTAGTGCGTAGATCACCCCCCACCCGGAAAGCCAGTGCGCTACTTGCACTAGGGATCCACCTCCCCCGGTAATGCAATACAGTACAGGAGTCTGTGAAATAATAAGTCTTTATGCAATTCGAAGGTTCCCGAGATCGTATATGCGGTCATCATTCCTTCCCGCGGTGATAGGGCCCAGGTGTTGTGCAACGCCACGCTCTCAGTAGTTGTTAAGACTGCTCAGTGGGACGTGATCGGTCTGGCAGCGCTGTCAGTCCTGAAGCTGGAACCCTGTATAAGGCTACAGCCCGCGCTGGTGAGGTCGTTGCCGGGTCGACGTCGTGCCTAATATTCCAGAGATTCGCGCACGCACACTGCCAGTAGCTTCTGTCTTGACACAGATTCAGATTAAGCCGGGAGCCAAGAGAGTCACGAAGCGGTAGAAGACAGTAACGTAGTGATAAAACGCAT,1253,53.23,Homo sapiens
SEQ_934026,TGAGCGTGGCATGACTTAGCATTCCATGGTCGCTAAAGCTACCCGGCTTGCACTGACTGCCACCATGATGCCCTATGAGCTATGTATAAAGCCGGTTACGTCGTTATCCATCACGTATCCACCAGAGGGAAGCAGCACCGGCGGACCAAAGTCCATGCCAGACGCAGAAATGTAAGTTGACCCTGCCCTATAGGCATTAACGAGCGTCCCCCCAATCTTCTAAGGGTGCTTTGTCCGCGTGATCCCCCAACTGGTATCCGGCCCCACTGAAATAGGTTTACGGTGTCCGAAGCTGACTGTCACCACTCGACCTATTCCGCTTCCCTCATACTCCGCAGCATTGTTGTGGAGCTCGTTTATTAATATAGCATACACCGTAGAGGCTCAAGTCTATCTACTGGAAACATGTACTGATTAGCAACCGCGACTACATGACAAGGAGCATACTCAATTCGCGGACTGTGGGGAGCAGGACACAGGCAAGGTCGAAAAATATGTTCGAAGCTTGGTAAGTTAAACAGTGTACCGGTAGGCATGTGCGAATCCATCCATTTGACATCCGTATCTTGAACAGACTGCTCTATTAAGTAGATTGATCGGTAGTGCCAGGTTTTCGGCATCCATTCTTATAGGAGTAACACCAGAGCTGTGGACATCGACTGCCATTCTACTACCGTATTGGATACGGCGGTAACCTCCGCTAACCAGTGTCCTTATCCATTATCCTAAATCTGCTGATACCGCATTAAACGATGTAGGCGGACAGCGCGGTATGGTTGTTGTCCCAAGTTGACTACTAGTCCGCGTGCAGATCAACAGCA,821,49.57,Escherichia coli
SEQ_482401,TGCCTTTTGTCTTATTTTAACACTTCGCACTATGGAGAAGGCGTCAAGAATGGCAACATCGCATTCTAATCAATTTATCCGTCGCAATGTCTCAAGTACCTCTTCAGATATTTCCGATCGGGTTCGAGAGCTAGCATAACGCTCGAGTGGATGTCGGATTAGGTGTGTAGTTATAGGTTCCCTAATCCGAGTAGTTCTGCCTACTGTTGTTTTAGTGTGTTCTAAACGGGCACTTGTCTCTTCTGAAGACCTACGGAGCGAATTGCTCTCCGGCGGAGAGACTAGGCTAGCTCGACCTTCCAACAGGCAATGGTTAGTTTATCCTCTTGTCTACCATACACTAAGTTCCTTGAGGCGCAGCCCCAACTCTAAACCCTCCATATGTGTTGAACAGTCACCCCGGGTTTGGCTTAAATGTCGATGCGGCCGCATACTTCGTTTTCGTAACTTGTGGGCCAGCCAGGACTCATAAACCATGCCCTGGAACGGGATTCCTCGTTCGGGTAGCGAAACGTCCGCCACTTACCAGGTTAAACTAATCTTACCGGCACTTCAAGTAGGGAAGAGGCGTACTTCCTATTCCTGCGACGAGGCGCAGAAAAGCGGACCGCTACTCGGAAGCCTTCCTGTACTTAAATCTATCTTGTAAGAATGAATAGACAACTCTACTTGAACACCCGCTTGTCAGCACCCGAGCGCTTACTTGCGGTGACACCGACGTATTGAATTGAAGGCCGATCGGGTTTGATACAACCAGGATGGGGCAGAGTGCGCCTCGGCTCGCTCCTCCCAAATTCCATTGACAGCACATAGCCGAATTTTAGGCGTAACCGCGGATACTAGACTATCTACCCTAAAGACCTGAAGATGGTATGTAGATCCTGTACAAATCGCTTGGTGTTGACGCGCTTATTGAGACTGGCCCTTCCTAGAATAGGGATAATGACCAGGGCCCTCACCAGCGCGAATTGACACACCCCAGAACGTCCTGGACCTTTATCGATCCGCGATGATGCTACCTATGGTAGTAAGCTGAGATAAACAACCAATTGGCGTCTTTAGCTTCCTTCGAATTGAACATTCACTAATACTAGGACAGTTGTCTGAATCAATGGCTTTTTCCGTGACCCCTCACCGAAAATAGAGAGGCGTGAATATTACGGTCGGGATATTTTTGGGACGGGGTGACCCTCTGCATGATTCCGATCGAGGTCCTTCGGGACCAGAGAAGCAGAAGACTCGTGGCAGAGCCTCCTGAATCGAATCCTTAGGAAAATCACTATTCGGATCTTCTATCCACAAGCAGAGTTTTAAAAAGTAAGACGTTGAACAAGCCGAATGTCGAGGAATAGTGGCGGCTTATAAACTTAAAGAAAAGTACAATTTCACCTACCGTCTTAGTACGAT,1407,47.9,Saccharomyces cerevisiae
SEQ_426187,ACCCCTTGCGACTCATATAACGGGGTCCCGCGAAAGACGACCGAAGGGATGGTAACTATAGTCTTTCATCGGAGGGGTCTTTGAGGAGGCGGGGTGGGCCTGCCTTCAACTTACTTCGCATGGTATGTTTATTAGCCTTCCCTGTTTCTAGATGTCTTTAGTAACGTCTCCACTAGGGTCACCGCCTAGAGGGCTTCGGGGCTAAAGGGATGCCGTATTCGTTCCCTCAATGACTCCTGAGACACAGGGGAGTTCAGCACGGCCATACCATCGGGGTTGGCTTATATGTTACCCCGGCATCCTGGCCAACCCCGGATTGATCTCGTGCTTCACCATTGTGAGTTTTTATCTGGGTTTATTGGGCGGTCCACAGGTCCGTACTCGCGTTCTTTTTAATCCCACCTACTGGCCACTCTGTTTCAATTAGCTACTTCCCTGGTAGGATACTGTGTTTGGTTACGCACCACCCGGTGGACGGCTGGTCGCTCGATGCCCGGATCGGCCTGGCAATATGTCGCACTACCTCGGCAAGTACCCTTTGGGTTCACGGCCCGGTAGTCTACTATTTGAAATGCGGGGAACACAAATGGGGTGGGCCTAACCACCCATTTCCAAGCCTTTCTTTAGATGCCGACGGACATTTAGACGAGAAGTACCGCAGGTGCCAGTTGGACGCTATTTAGTAATTGGTCTACTTACGACTGTTGTTAGACTGCTAAGATCATCTCAAGCAAACGAGCACCGGAATTTCCTACCTTCGCGGAGGTCTGCGTCGTACGTGATGTGGTCGAATTTGTTTACAATACTAATCACTCGCCACCGCCAACGAAAGGACCTCGAAGCGCTAAATCGGCGCTTGCTTACGGGAATGCGAAACCATTTCTGGGACGCTCATCGCGTCACACGACCACGTATTTTAGGATTATAGAACATAGTTTGGTGTGCGGGGTATGATTCCCAAAATCTTTAGATAAGTAGGATTCAAGAATGCGAATTGTCGATGGTCCACAGTGAGTTTGTGACAGTAGGACCGTTTTTGCGGCGTTGGACTGCTACCCGTCGAGGCTAACTGCGGTGTAAATTCGACTCCACCAGGTAGGGCATGCCTCCCAAACCTTCGTGTATCAAATCTGCGACCCCTGACGTGATCTAATAGTGATCCAGTCACAGAAACAACATGTGAGCAGAGAGGTACCAGAGGGAGACACGGGAGGTTCTTTTAAGTGCTGCTTTGCGATATTACAACCGATTTGGAGGCACATGCGGCATAACGTGCATGCATACTGACTATGCACTCCTGCTTGATTCGAGTCCCATAGCGAATTAGTGGGGAAGTTCGGTCAGTGTTGTGACTCACGACCCGATCCGCAGCCGTCCGGTACATAATGACTTTCTAAATGCGTGATTCACACCCTAGTCCTTTTACGGCAGGTTGAGGGTTGGAAGGCTGGAATAA,1456,50.76,Caenorhabditis elegans
SEQ_357105,CTCATTAGCACCTCACTTCGCCGCGCGGGGACCTGTGGGATACTATTCGCCTGACCGATGGGATATTTCGGGGCTTCCGCCGCGTGCATACGTCCTCGATCGGGTCTGTGAGGAAGTAGGGTAATCAACTCACAGCCTCTGTCGTATGCCCCTGCCGAGTTCCACGTAAAGAAGATTTGTGGCCTACAATGTTAACTTGAGAAGGGGGGCCCTATGGCAACAATGAGTCTGAAGTAACTTCGGAAAACCCTCGGAGCATCCCTTTCGGATCCAGACGTACGAATCCCATCCGATGTTTTCAGTGAGGATATATTTATTAGCGAGCGGTCTACAGTCAATCCACTATCGGCCTATAGTTGCCCATCCCAGAGTGCTGCCACGGTCACCTTCATCTCGATGTCCGTGTCGGTTCACTTCAGACCCTGCCAGCACGCGAGCTTCCGCGTTCAACATCACGAATAAGGGAATCTCTGGCTATCGGTCGCAGAGTTTGTGTACGCGTACGTACCCTGATGGAAGTAGGCAGAAGCGACAGCGGGGCGCAACAGTGTACAATGCCTAATGTTTCAAATAGCTAAGTATTGGCTATCTAGGTATCTTATGAAATAGCACGCGGATATAACTTACCGGGGTTTCCAATACTGAGTTTCCGGATGAACTAATATGATGCCTATCCAGATGGTCCCTAATTGTATAATGCCCAACGGGGCTTAGCTAGGCGAAGGTACCTTCTAATGGGCGGTTTGGCCCCGTCTCCCCGGCACTCAAGGTAATCCCCGCTAAAGTGCTACCCTGTCGCTGCTCATCAACAGTAGTTTGCCGTTTTTTCGTCTCATATTGAACAAGACTCCTGGAAGCTAGTACGGGAAAGGGATAAGAACGGACAGCAAATCGAAACGTCACCTTGTTAGACTGGGTCGTATCGATTCGTTAGGCAATGTACAACCGCGGAAAATGTCATCACGCGAAATTCGGCGCCCGACATACCTTATCTCTAGCAGGAAGTTTCCTGTAGTTATTTTACCTCTTGCGTTTCTCGTGGGATCTCTTGGACGGTCAGGAAACCCTGGAAGCGTGCCTCTAAAGGTTGAGAAAGCGATGTGGCCTTGTCCCAACTCTACTTGAAAGTCCTCCGAGTGGGGTTAATGTCGTCTCGACGATTCGAAGAACGGGCTGGTATCGTGAGTAGCCGCCGCCCTTTAGGTTGAGCGGCTTTCCTACTCTCCTATGCACGTGATACATAACACCTTCTTTCTCCCCCCAGTCAACCAAACACAGTATGATAGCTGGTATCGGGTAACGTAGGGGTAAGAG,1314,50.61,Caenorhabditis elegans
SEQ_120676,CTGATCGGCACGTCTTTACGCGCCGAAGGCGCTCTTTTGGCTTATCGAGTGTCCGGTTGGATCATGTACATCTTTTGCGTCCACATGGCGAACATGTCGTTTCATGATATACCTCCTTATGTTTTACACGTTAATATGCTAGCATGCGACTTAGCGGGCTTGCTCAACGGATTTGACACCTGTATAACCCAGCAGATATTCCACGTCCTCTATAGTTAGCGATGCCCATATCACGTACGCCATGCAATGCCTGGTAAACCCCATGTTGGAAAAACTCTCGCCTTTGCAGCTTCTGCCGGGACTGCGGCAATCCCTTAACAAAGAGCAACACAGGAAACCTGAATGTTGCCCCAATGCCACCTGTTCTAGTCACTTTGCAGCCCTAGTTACGAAGTTCTTTCTGAATGTATTCGGTAATTCACTATAAGCTCTTCCTCGTACCGTGAATAGAGGAGCAAGGAACCGTCATGCTAGCAATCCATATTTCAATCGATACTCGGAGAATATATATACGTGTTCCCGCGTTGGCGTTGTAGCAAAAAAAACGGTTGTCTACCCTCGCGAAGTGCGGCTCCTAAGGGTCCGAAGGTCGTAGGCGGGCTCGTAATTCCTGCTAATCTTGCGAATGTGAGAGTGCTGCTAGATATACCCGCCAATTCGACCATTATTTCCAGGTGGTGGCTTCCAAATTGAGTAGCGTGGTTTCGCACGATTGCCCCATTCTACAACGGTAGGCTCAGAACCTTGCATTATCTCGCGCCGATCGCAACGTTGCAATGTGGTTAATTCGTCCACGATGACGAGCGCTCCTTTTAGTCATAGATTGTAGCTGAGTACCCTAGCAAAGTTCTCTGACTGATTGCACTATGTTCCCTTAGATGTGGCGCTCATCATATCTGTTTGATCATGAGAGATACTCGTTCGCTGATGCGAGGCGGCTTGTTTTCCTTCCGACCAGTCCTAAGCTGTCGTGTGGTTGACTTGTTGACGCTTGGATTAGTAAACTCCTCTCTCTTCT,1018,48.04,Saccharomyces cerevisiae
SEQ_945558,AGCTCGGCCGTTTGGGCCGAAAGTATTAGGCTACTAGTGGACCCACTAATGTCCTTGACGGCGACTATAAGGCTTCACCCGGCACCCGGTCTCAATAATCTGGAGACGGTAGAAGGACACAGGAGGAGTTGTCTACTAACGTACTTTGAACATTCCGAGAAGTTCTTACTGGAGTCTCTCGTGCCTGAATCGCGAAGAGCAGCCGACTAAGCAGCTTCGTGTATCTCAGGTGCGCAATAGTTAAAGCACAACAGAAGTCCTATTAAACGGTAGATATCTACAGCCCATGATCAATTCTGGACTCGAGAGGGGCGGGATGACCTGTGAGTTATCTGGTGATACTAACTTAACCAAATTTCGGCCCAAAGATGCAGGGTGCCGGGACGGGCCGATACAGAGCAAGGGTTTCGCCCTGTATTAAGCTGGAAAAAGCTGACGTAATGGCGGTTTAACCAAACGGCGATGAATCGAAACGTGGTCCTCATGATCAACTTCCATGCGGCGGGTTCGAGGCGTATGGACGTAATGACTCAGGACAATGGTTGTCTGAGACATCTCCACACCGTTGGAGCCGCCAGGGGCGTGTTTGCAGCGACAATAGGGTAAAAAGGCTGCTATGTATTTCAAGTAGAAACCACAGCATGCCATGCGAACACCTTTCAGTTCAGACAATGAGTGCATATGTTGTCGAATTACGTCGTTGATCCCGACTATAGTGCCCATGACCGTCATATAAGTACTCGCAGGCTTCAATGGCTCTCGCCCCAATACACTGCATCGCATCGTACAACGGAGCAAATGAATTATCCTTCGCTTGAAAGGGGTGTACTGTTTAAATGTAACTTATATACACAGAGTAACCTTTAGCCGATTGGATATACCGTCTATGCAGATGTTCTGTAGCGTCGTTACACTAGGTCCATGTGAGGCGGCTTCTTCTCATGATAGTTGTCTCGTCAGGAGGTTAATCAACCGGGCAGTAATAGGTATGCCCCGAACCTGGATTATTAAGAGAACGAGAGGCGCGACCAATGCATTGGTAGTATCACGTATCTAAGGAAGGGGCTTCTACTAGAGTGTCTGTTCAAATGCTTCCGGCGGTACAAGAGAGTTCATGGCAAAGCATCGACGTGTCGACATCGTAGTCAGTATACTTCTGCGATAGCCGTCGGAGGCCTTACGGCAATCTATCTGGTTCTTCTTAGCTAGACGGCGGGACATCTCTGCTCTGGGTAGTGCTCACCACGTCAATTTGTCCATTGCTGCAGAACCAATAAAGCTTCTATCAACATCCCCTATATTAGCTCGTGGTTCAACCAAGGGGACCGAGTGAAGGCTCCGTAACGGGTGATTAGCTTTTTGCGAACCAATCGGTCAACTTAGCCGCAGCGTGAGTGATTACGGTGTGCATGGCTGAACAGTGCCAACTCCGTTTTA,1437,48.92,Arabidopsis thaliana
SEQ_536532,CCATAGACGTGCTTAGGGCTGCTGTCAGAAATCAAGGTCGTCGGTGTAGATGTTTTTCTAGGTGACAAGACCATCATAGTGAGGGTCATGGCGGTTTGTGCGTTCCGCTACGGATACGTTTGCATTCATGGTCTTGGAGCCATTAACCCTAGAGGTTACAGATGCCGCCCTTGGTGCAGTCTTGCGCGGTTTGTAGCTATCAGTGATGTCTTGAGAAGCGTGCGACTCATATATCCCTTAAGGAGATTAGTCCATAGTCTGCTAATAATCTAACCATCGGACTTGGAAGCTTCCCATGAGACTGTACAGCCATCCAGCTTTAGCGTCCACGCACGACCAACTATGCACTGCGTACATTCCATCGGTCGAGTCTTTTGGTCCTCCTAATACGTCTATTATTTCTTTCAGAAGCGGAAA,417,47.96,Arabidopsis thaliana
SEQ_471783,GCCAATCTATGACTAGTGTCCAGGTGCCCCTGGCTTTGCCTGCACTTTTAAGAGCTATAGGGAGCGCAGTACTTAAACACCGTGGTAAGGCTCGTAGGACTTTGTTGGGGGCCAAGCGCGTCTGATTTTGTTGATCTCCCGTGACTCAAGTCTTTATAGTCTCGATCAGCCCAAACAAAGAGTCTTTTAGAAGTCTCCTACGTCAGGAGAGGTCTCCGTCACATCACTCGCCCGGGTCACACGATTGGTGCACTCCTAGACCAAGCTCGTTACAGGAGGCGCGAGCAACGACATTCCTGGCAGTACTCCCTCAGTAACAGAAGGTTATATAGTTAATTGCACAAGGGCGGAAGTGATTGTTCATATAGGGGTATGTATGAGACGGCGAAAAGGGGGGGCTGCCAATTCTCGGTCTCACAAACTGCAAGGATACCGGAGCTCTAGAGTACCAACACTTCCATTGCATAACAGGACTGGCCAATTTAATAGTGAGGGGGTGTCCTGGTGTAATGACGTGACTGCGCC,525,50.67,Arabidopsis thaliana
SEQ_482315,GACAGACACATCCGTAGGCCGTAATAAGGTTCGATACCGAGTGTTGATCAGGCCGATACCACGCCTCACGCTAATGAAAGAGCACAACGTCCGCCCCGAAAATTTTTATAGTGAGTACCTGCCCGGGGGAACTTTATTCCTCGCGTCCGCTCGCAGCGCTCTCACATATATTTCTGCATGAGGAGACTCCCGGTACTTTGATCTGAGAGTTGACCCTTCTTTCTGGAGGTCATCCGCTGCGCCGAGCAACCCGGACCAACGACGAAGTGTCTGCTGGTGGGAGCCTGCTGGACTTCAGTTCGGGTGTCTGTGCAACCCAGTACATCTTACATCAATGTAATGGCATGTGAACAAGCGGTGCGGTGTGGGATTATGCCCATCCCTGTCAACAACGTCCCATGCTACAAAACAGAAGTATGACTGATTCACGAAGACTTAGGAGAAGTGCATGTTAATCCGTGCGGGCCCACTTTGGGCCAATAAGTATTTGAACGTGTACCCGTGGTCCGATTTCCAACTAAAATAACCACTACAACCTCTCGGTTCTGATAGTGGGGCGTCCATACTGCACACGGCCCGCAGTTAAAGTGACGTGTTAAGCCCGAGAACACAGACCTATTTCAAGGTTGAGTACAAAGCATAGCCAACAATTCGTTAATCCTTCCCTGAAAATTGCGATATATTACTATCAGATGTGAAATTATACGAACCTATCCTTCGCGAGGTCGACTACTACGAAGTAAGTTTTGGCGTAGGAATTTCAACCTCCCCCTTGTCCTTGTGTCACTAGTTGATTGCGACACAGCGCCCTGTCAAGATCCTCGTATAGATTACACCCACATGTCGTGTCTGATAGTCCAGTAGTGTCTTGATTGTGGGGCGTGTCTGGGCATCAAGGCCGTCCGTACAGTAAACCTAGGGGAGGCAGCCCAACATGGGTAGACAACATGTCTCAACTAGACACCGCAGAGATTGCAAGAGCACTCAAACGGTACCGAAGTGCTGATCCGTTACAGGGGTATCCAATTGGTAGGTCTGCGCTACGGTGCCACAGCGCTTACACCTCAGAATAAGGCTCACGTAGAGACTGCAAAACACGGAAGAAACATACCGGACTTATGGATGTGGCCACGACAGTTGCGATCCACGCCCGATTGCTCTAGGTATCATCCAGTTCATGCTTCTGTTTGTTCGGTGTGGCATCACCTTTAGTAACTATCCAGCCAGCTTCTAGCAGGGTCCAGTAAGCACAACGTTTCTGGTGGAACCGACATGAACCAAGCTACGCATTTTCCGCCGTATTTTAAGGCGACCTTTGAGGTCATGTGGGTGGCAC,1336,50.0,Mus musculus
SEQ_497000,CCCTAAAGCCTATCAAAGTATAAATCACCAAGCATGTCCTATGATTTTGTAAAGGACGGGCTTTTTGAAATCCGGTGAAAAGCACACACCATAGTGGTCGTAGTCGATCAAGGATGAACCGATTGCACGGATCCGCTCTCAGGGGTTCCACCGCCTGACGTTACGGGGCACCGTTTCGCTCGATTCGGGGAAGACGAGCCAGGTCGAAAAGATCTGGCTCCCGTTCGCGCTAATAAAGAATGCACCTACCACGAAACTATCCCTTGCCCTCCCTCTGCGTGCGCACATGAAGACGTGGGGGGCGAAGCGGCACAATGCCAGGTTGTGCCTAGAAGGAGCCTAATCGCTGAGTCTGCGATTAAACAGCCGACTAGACCTATATCTGAGGCTACAGCATGCTTCCCTGCCGGTCCCGCTCAGGTCTTGACACGATTAGGCCCGCCGGGAGCTGGAACGCGCAGGCTAGTCCATCAGACAACAGGCCCGGCTTTGTTTAGTATCCAATCGTCACTGAGGGTGAGTATAAGCGTGCGTGGCTTCAATCCCAAAGCCCATCGAACCGTGTACCGCTTACACAACAACATCACGACATTACTTTAGTTGAGCATATGCTGCCTCGGAGCCTTTATCGATGGCCCTATGTCACCATATTACGGGCCTTCCACTTTCCGCGTGATTGCACTCTCGCGACCTCTCGGCCAACGACCTGAAGTCATGCAAGGGCGGATACCTTCTTATTATTATTCAGAGTATTGCCATGGCACAACACCGAAGCGCGCACAGACCCTCCGGTAGCGTACCTATTGGACATTCGCACAAGAAGAGCAGGTCTTATATGGCGAGGACATCCGCTGGAACTTGTCCGAGTTGTGTCGCTGTTTTTAAAAGCCTATGCCACACGTACTAGGCGGATTGACCTCTAGGTTTCCCAGCCAACGCCATTAATGAGCTGAGAGACCCTTGAGATGTGCGTGCAGCCTGCCCATCTGGCAGAACGTACGAGCGGCTGTACCGGGCGCATGCTTCGGGTTTCCTTCGGAAAACGACAAGCATGCCGACCATAGAGCCAGTGACCGCTAGAGGGAATTTCGCGCCATCACCGAAGTGCCCTATTGTCTCGCCCCACTTTTAGCCGTTGTGAACCGCAAGCGCAGGACTGCTTCACAATGAGATTACCCTCAACGATCCTCCCGGTCGGTGTAGGGCACGTGCCAACCGTTTAGATAACACAAATCTAGTCGTGCTAGTCACAGTCCCTACGGTTGCCCGCGTATAATCGGCGCGGTCCCCGTCTGGTTCTAGCATTACCTGAGGCCGTCACTAGCGATACACAATCGTCAGCCCAATCCTTGAAGTCCACAGGCCGGGATTCGATTAGAGTATTTCCCCGAAGGATGGTCGGTCGCTTACTTCCAGTGCCAATAGTGGCCTATGTGGCCTGACGATGTTTTGTTCTAGCCCTTAAAAAAGGTCCCTCGGACACGCATCCTTTGTTACATCCGGGACCCTAATGAACCTAGGTTCAAGACCAATAAATTTCTTATGGACGCCGGCGCCTACACTATAGGACCACCGTAGATTACGTCCTATATGAAAAATTCCTAACGGGTAAGCACATAATCACGGAAGTCACTTACACCACCGTGGTGGGGTGACCTCCCCGGGGTGCTGTTTTGGGGTGCTCCGGAACGCGTATGGAAAGTGTTTGCCTGCTACGGTAATAGGTGAGTTATGAGAGCAAAACGACAGTTCAATATATCGCTCGAAAATCACTTCCTCAAGTATCTCGCGCCTTACCTCACTATTCTCAATATGGGTGAATGCTATGCACCCATAATGAATGTCTGGATGTCTTTTCGCTATACATGGACGGCTACATCTAGAGGTACAATCAGGCGCTATCACATCTTGACCAAGGAACCTTGGTATCCTTTAACCGGCCTAAGAATTGGATGCAAGACCTTGCGCACGCCAAATAGGGTACGTGA,1988,51.91,Escherichia coli
SEQ_585844,AGCATCCTAGCCCTTGGCCCTCGGTCAGACTGGTATCGTAGGCAACATCACCACATACACCTTTTCACTAGTGCTTGGCAGCCCACCCGGCGGACGAATCCCCTGGGTTAGCTGATTATCCTGGGAGCAAAATCCTAAGTAACAGTAGAAGGTACTCTAGGAAAAGGATTAATCTACGTTGAACGATGACTTGCCTTAACAACGGAAGCGAAGCGATGCCGTACGAGTACCTGAAATCCCGAATAAACTGTCCCGAATAGGTAGTTTCAATCTGCCACGGACTGATCTGCGGTGTGGGGCAGTAACTAACTGGAGCTCTGACACGGCAGTCGAGATACGGGCGGGAAACGAGGATCTAAACTGTCCCGGTTGTCCTGCGATCATTAGGTGCTCCCACAGGCTC,403,51.86,Arabidopsis thaliana
SEQ_914936,TTAAATGAGGAACGGCCGAACAATCCTCGCAGTTCGTCCTCCTATTGTCACCTTAACAGTATGGATATGCTCCATTCCATCAACCAATTGTCTGATCGTCTCTTAGATTAGAAACGAAATGGGGTAACCGTAGCGCTAAATTCAGTATTTCCGCCATTCCAAACGGTGTAAAAAAGCGACGCGAACGCTTAGATGACCTTCGTCCCACTGATCCCAGTCGAGGCCGAATCTGTCAATCTAAGACCACGATACTCTAGATTAGCAGGGAGCTAATGAAGCCATACAGTTAAGAGCACGTATTACTAATGACTCCCCTTATACTGGCGAGCGTGAATGCTGAGTAGGTGTGCCCCTCCTAGGGTGTCTTACCGCCAGCTACACCTCGGATCTAAATCACTTTTAGCATTATCGAGCCTAAAGCTAGCGAAGAGCTTGTTCGTCCCTCATAGCTCCGCTGTTACTCCCAAATAACGTCTACAAGCCCGGTTTTCCGTCGGGGTCCAAAGATGCCTAGTGAGGGGGATGAGCACACGGAAGCCAACGGTGCCCGTGGGCACATCTAAATGTAGGACTGTTAGCTCTTAGAAGTGATCCAGAGTGTAACCTGGACCAACACAGTCGGAGCCGGGCCCCTATGGAACCCCTCCCGGAACTCCCTGGCTTGGTTGCCCGAGTGATTCAAGGATGAAGCCGTGCTGGTACTATGCAGTTGCCCGCATAGTGTGTACCATAGA,734,50.14,Arabidopsis thaliana
SEQ_853221,CTGGCAAAGTTCGGTGCAGACATCAGAGTCCCCGTACACAGAGAGGACCAGGCGTATCTCCGGCAAGTTGCGGAGTACCGGATGACCTAGGTAACATTAAGAGCTATCTGAAGCATGGCGAACAGGCCATGACCGACTGATTTCAACTTGCTCTCTCATTCTACGTGCCACGGTAAGTCACTGAGAACTCCCTGCCAGTACAGATACTGGTCATTGCTCCAGGAGTCAACTCGCACAATGGCGGAGAATTTGTTCCTAGATAGATTTCGGTAGGCCCGTGGCTCATGGAACCCGATCGCGATGCTGAAACCTTCTGCTTGATTCATCATGACAGGGATCCAGCAAATTAATTCACATAACCCGGGCAGCACTTAGAAGTATGTTTTGCCAGTCGTACGCTTGGCAGCAGGAGAAGGTTGGTCCTACCGCAAGTGAAAACTAAAATGCCATCATCGAGAAATATTGTTCAGTACTTAGAGTCTCCAGTCACCATCTGACAGGATCAGCGATGACAGTCATATAACAAGGGTAGGCTCCCCCCTAAGTTCTTGAAGTGGCCAACCCCTTAAGGCAACAGCAAGGTGAAGACGATGCCCGGTGAGTAAACGCACCTGCTATGGGAGCTTAACCATAGAGGGCTTTTGGGGCTTACAGACGGTCGACGTTACTGATACTACTTCGTAACGGTGCCCTCAGGGCAATAACGCGTGACGTATAGAGAGAACCGATCTAGTTATAACGAAACCGAATACTCGGATCAGGTAACGTGTCCTGGGGGGTATAAGTGCGGAGGTTTTCGATTAACCGTTCGGGTTGTCAGATTATTTTGAACAGGTTGCTTGAGAGACCGCTGGATACTCACAACGAATAGGATTTAAGACGGGATTCTGGAATTGACCCGTCCCAGGACACCAATCCCGATATCGTCCCGTGTCCCCGCTTCACCTGTGGGCGGCCCTTGTCGAATGATTCTACTTACCAAAGCCTCGGGTTTCCAGATTGCCTTTTGGAAGATTCCGCAACCGGTGCATTTGTGTAGATCGGGGAACTACCTCGTATCATAACAGTCGTTTTATCGCTGGCTTAGCTGGACAGACTCTCTAACGTGTGCAATATGAGCCCACGTCCACTCAGAAATCCAACGAATTTCACGGGGTTATCTTAGTCATTTAATCTATTTTGCTTCATGGCCCCAGATGACGCGTCTACCCCCGGTCACTGACCGTCATCGGGCCAGCTTGTGTAACCCAACCTTTTCACATTCTACAATCTCTGGACCCCGATGAGTTTTTACTAAGAGATAAAAATCGGAAATACCTTGGCGCGGCAAGTTGCGCAAGCAGCCCCAGCGAGAGCAACCTGGCCGGAGGGTACATATAGAATTCCTACGTCTCTCGGTGGTTACGTTATTGAAAACACTCGGTCTTTCTTTGTTTGCGGCGTGCGCTCTGCCATTTACATGGAAGTACCTACGGGACAGTGAACTGTAGACGCACAAGGGGGAAGTTTTCAGAGATAAACAGTGAGGTCAGTAGTCGACAGTGCTGCAGTGTCTTTTTAGGGGCA,1566,49.55,Escherichia coli
SEQ_285221,ATCTGCCGCCTGCTCTCCACTCCCGAAGCCCGATGCAAAACGCCACATGGATCGGTGGATCTCTCAGTTTTTGGCATATCCCGAATGCCCCTTACCGAGCGCGTCATGCTGTGGGTTTTACAATGCCTAGATACCACGAGAGGAGTTTGCCAATGTCCTCCTCCCGACACCAACGTTTCGCTCAAGACACCGTGCGCGTTATGTGGTCGAGCATTTACCAAGTGGATCTGTGTGCTGTGCCTACTACGGAACGGGCACTTCGCCAAATCGTGGTCTTGCCGGTAGTCTAATTCCACGTGACGTTTATGCTACAATCTCGCTTATGAAGGCTTACGAGCGATCTTGAAAGATAGCTGGTAACTTTCTGACAA,371,51.75,Escherichia coli
SEQ_241735,TGTACAAACTTTGCCGATTGCATGGCCATTTATGGGTAGACCGAGATAGCCACCGATTACCCTTCGCCTCAGATTCCGTTGATACGCGTAGGCCTAGGAACCCGCTTGTCGTCGCACTAACGCAGTTTTCCGGGACAAGAGCCGAGTGCACAACACTCGTTATCAATTTAGACGTGCCCTCCGAGCGTTTTTTCAGCAGACGCTTGTGTACCGTAAGCTTAATTTGGCCTCAGTTAGCGGCGCAAGTAATTCACGGATGAGTAGTTCCACGGCCGGGTAGGCCGCACTCGTGATATGTGCAAAACGCGTTGTCGTACAGTCCTTGAATGGCTGCCGAGATAACTCTGGGAGTGTAACTTTGGGAGTCAATCGGTGAACGATTTTGTCCACGTTCTATATCTGTGGATGTGAGGAGAGTGGCAATGGCCCAGTTTACTTCCTGAGCGCCAGCTCCGTCCGAAAATGGGGAACTCACGCCATAACCGCGTAAGCGGCACTCACAGAATAAGTCTTAATGTCCTTTATGTCGCCACGTGAGGACAGCTAATTGTTGAGCTAGGTAATACGAGGATTTTTCACCATCGAAAGGTCCATGCGACGAGTGTATAGCTATTGGGGTTTCGAACTCCTCAGATAACTACTACAGCTCATACGTAACAGCCGCTCCTTTTCCCAAAGTTAGCTTGAGTCACTGCGACTTAGAGCACATGGGCCATTACACCACGATCCGCGTATTATCGTACCGTGAGCAAATGGATGCCGCCGTCAGGCTTACACACCGTCCTCCCGAGTCCCGCGAATTTGACCGCGGATGAGTGGATTTTGTAGCTGCCGTCGCGGGAAGGCCTTAGCCCTACAATAAGTCGGCCTGCTCCCTACGGCACGTTCATCACGGGATGTCCAGGTCGTCCGATCAGCGAGACCTGCTTTTGTTCTTTAACTGTGGGGACCGTGTAGGCTAATAAATTTGGCGCCGCCTAAAGATCGCTTGAGATAGGAGCGGGCCGACAATCTTTAGCACCGGATTTAGACCGCTCCTCTATCCCATGTGCCTTTCAAACTGAGAACTCCCCCATCGGTAAGTTAGAAGCATTCTGGCAGATGGGAGAATCGATTACGCGTCGAGAATCAGTGACTTCGCTTACGTCCTTAGGTCGCGTATCCCGCCGTTAGCCTACTGTATTAGTGCGCGGGCATTGCGCCGACTCGACTAATAGATAAAACGCTGCCGTCTACTGGAGGATTGAGTGTGGACCAGTGCCAAAGAAGAGTACCGCATATGGTATTACATCTTCGGGGCATCATGTGTATAGCCGTCCACCTGCTCTCAGTCCCAGGACTGCGATCCTCCGAACGGAGGAGGGGTCCTCGGTAACTTGAGCGGAGCGGCCTTTCGGGTTAGACTCTCAGCTGAACGTAGGGAGTAATATGAATGGATCAAGACGCGTACGAGGCTGTTAAAAGGATACAAGGGTGCTTTCCATCTTAGCCGTTGTGCCCGATGACATATTGCGTTAACGGGGGTTAGTCGTTAGTGGTTCTCATAATGGACTCATATAGTGATGTAATGTCATCTTACTCAGTCACGCGTCGTCTCTCCCTTCGCTTTCGGTATAATCTGGTATTTCAGTACAATTACAGGATGCGTCGGGGGGGGAACGGGTGCGGTTGTTGGTACTACGGGAGACACCAGGCCTTATATGCGTCAGTGTGTACCCGGTTGTAGAAATGTCGGTTAGGCCGTCTTCCACGTCTGAGTACCGAGTCCTAGATGGGTCGCGAAGTCCACTGCCCGTTACTGATCCTGTGGATCCAGGAATGAAGGATATGTCTCCTATTTACGGCATGATAAGAATATCGCCGCTTTGTTTGCTTTCCATCAGTCCGCTGCGTACCATAGCTGATTGAATCCGATAGGAACA,1922,51.2,Mus musculus
SEQ_650774,GGAATGCATACGGATCACTGTTACTATAGGCTAAGCTGACACCAGTATGATTCTAGCCAACGGTTAACTACTGGAGTAGTCCGGCGTGTTTTAGGGAGTAGGATTCAGGCTCCTTATCATCGTAACTGTTCCCCAACAGATGGAGCCGTGCACCGCCAGTCGCCTTGCCAGTAAGGTTTAGGGCCACCAAACCGTTGAAATCTTAGGGAGCCTAACCTATAACAGCTTACCTGCCCGGCTGCTTATAAACACTAATCCATCGATCAGAGCCTCGTATTATGTCGATTGGGTTGTGCGTCCAGACTGTAGGGAGGCAGCCTAAACTGTTTATTTGTCGAAGATATAAAGAACGCTCCTCTACGGGGTGGCTGGTCGCAACGTAAACGGGCAATTGTACATCGTGAGCCGTCACATAACTACCCAAGTGCC,429,49.42,Drosophila melanogaster
SEQ_944247,GGCTGGTGCCTGGAACGTTAGGCCTCCTTTATCGGGAAAGGTATGGACCGAAATCCAATACGTATTACTACCAGGAACCTGCAACCGCGCATACGGGCCTGGTTCACCAGCACCTTTCCTATATTATCGAGGATGTGTCCATGGGACGCTAATGAAGGCGCCACAGCGGGGTTGGGGAATATGCTAACTCCCAATACGAGTGGTTGCATTCGGGGATGGGTTCGCGTGCCAAAAAGGTTCTACATTGTAGTTGCACGAGTGGTCCCTATCGTGCCAGAGTTCCTCTGCGTAAGAGCCTATCCAGCGCGACGTCGTACCTGTGTTATGGCTGGAGAGACCTTGCTCGGGATGCATCCGGTTAGCTGACTGTGTCTACGGTCTTGTGACTATACAGTTATGGTTCGAGCTGTATTTCGTAGCATCTAGTATAATGCTACCTCCCGGTAGTGGCTGATCAGAGGCGCACCGTATGCGCTCTCGAGCATCATGTCAACCCTAGCTCCGAAGCGACGTAGATCGGACTGTAAACGCAACGACTAACACATCGGCTAGCATCACATCTCGCTGATCTCGTCCGTGGCCAAGATGACTAGTCTATTAACCCTCAGTTTCCCGGCATTATTCGGATGCAATTACAAATCGCCAGACTCCGGAAGTCTCTATGGGTGCTGCAGCACTGCTGCGGTCTGCAATAAGTACAAATCAGAAGGTCGGAGGTGAATCGAGCCTGCATGTGTCATGGGTATGAGGGCCCAACCCGCCGCCTGGACTAGCCTCACGCATGAATATTGAATGAGTACTCGACGCAGCCTTACCGTCATGTGCAAGGT,830,52.53,Homo sapiens
SEQ_679745,GCTTATTCTCGCCACCACGACCTAGTCGGTGAGCTGAACACTCAAATAGTCCCAAACAGCCAATAA,66,48.48,Escherichia coli
SEQ_173669,GCCATAACCAGAGAACTCTGGGCTTTACGATGGTCCGGAGTCAAAGAAGTGCCTAGGCCCTATTATGAACAGGAGACAGAGTGGCTCCCCGGCGCTGGGTTCCTAGTCTCCTGTTACCGCCGCCCTGGTCTTCTGAGTTAATTCAGTTGCGGACCTCAGATCGTATGTCTTCTAAGCTGGAATGGGTGAACTATGTCGCTAGTCAGCCATATCGTTTGGTCGTCGATGTCCAATTCAACCTGATGGGGGACGTCTAAAGGATCGAAACTAAAGCAATAGGAGGGTCTTGGTGAAACTCATATACTCATAGCGATGTGACGCCACAGGTCTCTCGAGCGGTTGCGTGTGTGGACCGGGCTCCCATTCACTCGATATAGATAAGTTGGGGCTCACTACTTGAGAGATCAGGGGGCGCAGCAAGTCTATGCAAACATCGAGGTCGCAAATTTGTGCTGACGTTGCCCGTAAAAGATAAATGAGCCGGAGCTAGAAGCTCTTCGATGACGGCTACTAACGTAGTCGACTGATTAGACGAAGCCACGAGCTTACCCCAGTCCTCCTTGGTCCCCCGACCTGCTCATAGTGAGCCCGTGAAGGCACACCTCTCCTCGACATGATCTTTAGTCCTTAATCTTCAGACGTTGGGGCGCCCACTTTTAGGATGTCGGGTTTAAAGCAGCTCGTACTCCAAGATGCACAGCGCCGGGGATAAGAATTAACACCAGAGATCGCCCCCCGGTCCGATGGGTCTTGAGCCAAGTATCGGCATAGCGCTAATACACGAATTAGATACACACCCCGCGAGGAAACCACATGCCCTCAAACACAGTGATGGAACGCGTGCACACAGCCAGGTGCGTGTCGGCCTGGTCTATCAAATTCACCGAAATCACGTCAGGGCTACCCGCCGCGGGACCATCGGAGAGCGCTCGACCCCTTTTCTCTCTAAGGTCCTAGGGAAGGGCAGCTCTTATGTCGCATGCTCGTGCTAATACTGCGCGCGTGAGATGAGCAGGAAAAACAAGTTAAACTGTTTACCGAATCCAACCTCGCCATTAGCCGAAGGACAGTGGTGAGCTCCCCAGTGACTTCTAGCAGCGGCATATAGTACCGATGCGGCCATTCTATATTACAGAGGTATACTGGTGACTCGACACAATCCTGTATCCGTCATGAGTCAAACTCCTTACAGCGATTCCATATGTTTAGACTGCCTAGCCGTTGTCGTGTATTAACGGAGTAAGGTGTTGAATCCACAATAATATTTCCTCACGTCATCGTTAGTACCTCTTGAAGCATAGCATTGGGTCCGTTCTCCTTGCTGCTAGCCTAGCGAAGATCATTGAGCAAGGCGTCACACTTACACTCCAGGTGTTGTGAAATCGGCTAAACACCTTATGTTTAGGTGAGACGTGTATCATGAGCGGAGTCTTATCAGTTGCAAAGCTGCCTCTATTGCTACCCCACCACCTAGCAGGTGCTTAAAAATCTCCGCTGGATTCCTCCTAGATAACCCACGTCTTGCCCATGAGGTTCAGGGTTGAATACTCTTTGGGTGTACTTGGACCCGGCACTTGAACAATAAAAGGTCTACCGCTACGGGTCGATTCCTGGTTGAATATGTTCAATGAGGGATATCGCCAAGCGCATAGGGCGTCTACACAGACCACTGCGAACGCTCACAGCCCACGCTGTCCATCGCGGACACCGCTGGCGCCTTGACCGTCATCCACTCTGCTAGAGATTAAGCGGA,1753,51.45,Arabidopsis thaliana
SEQ_209914,AACATTCAGTACGGCATACCCAGAAATGAAGGAAGAGTGTGCCAAACCAACCGGATTGCTTGACGCGTATCGTAGCTCAGGGCGCGGCACGGACATCGAGTGCAAGGACATGCATCTGCGTGAATGTTACTGGGACGTGTCCCAGCTTGACAATGACACGGCGAAAAAGCCAGTGTGCGTACCGGTTGTTGGCACGTGAAGCGAGGCTAATTATTAGAATATGGTGAGAACTTGGCATCCTTGACAGATTTCCGCATTATACCACTCTACTGCGTAAACTTAGTATCATTGGAAGTGGAACTCTCCTCTACCATTAAGCGCCTCAAAACGAGTATTGGCTATGACTTTTCTCTCATTGAGCAGGTTGACATGTGTGTTTGTCACATCTCCCACGGAACAGACATATGGCAAGAAGTCCTCTACGCCTGGACGAGAGAGGCCCTTCCGTCAGTCACGACAACCTATAGAAAGAATTGACAAAAGTCTGCCCAGAAGCCCAAATAAACTCATATGTGTTAAGAGGTCACGGAGTCGAGCTAAGCGCCTTACCTAGACTTCCGGGGTAACCGCCGTTACCGCCGTAATGGGTTGGCGAAGCGTAAACCTGTGTGCGCGTCATCCCTCGAGGTGGGGATCGAGCATCGGCTCACACACTCCGAAACTCGAGCCGTCCTTCCAGGCCGTATGTCGGGGCTCTCACGCGTATTCTCGGAGGCTAGCATCCTATGAGCACATTTTATCCCTTATGTCCTAGGGTTTTCTTATTCCGGGATAAATCACGCAAGTGAGAGCGTGCGGTTCGACGCGAAATGCTTGGTAAACTATCCCGTCAAGATAACCTCCCAATAATCTACCAAATATAGTTTCTGAATGCGTAATGAATCTCCAATACATACCTACTGATGACTACGAACGACTGGACTCAATATGTTGGTTAACTTGTGAAGCACTGAACATGTCGAACCGGTATAGCTAAGATCGACCACCCTCTAGAAACTGAGAGGAAGTGATAAGTCCGTTCATGTTCAGAGCGGCATACCTGGTAACTGAATACTGAGCCCTTCTGTCTGCAGTTTCGGACGCTATGAAGCTTCCAAGCATAGCTAAGTCCGAGAAGCTAAGGCGCCCACGTAGGAAGCCGGGTGGATACCAATTTCGCTCTCCCTGAGTAGGAAATTATTTGGCCGAGTCTTCCATAAGTAGGACTGTTACACGTCACGTCACGGGAATCCATTCAAATTTGTGACGATCTCCCTGTTCCTAGAAGACAAAAGCCTGTCACCCTCAAGTGATGTTCACCGACGCTAGCCGAGCCCACCTAATCTCCGTGGGCGCCGGAATACGGCCGCATGACCCGCGGCCTGTGCTTAACTAGACTGCTTGAACATTTTGGCCAATGCTGGTCTGTGGTGGAATTCGCAACGAGACCACTCAGGTGCAAATACAGCGTTAGCGTTTCCTGAATCTCACACAGAACGCGCTGTTTATAACCATAACTTCACTCATAGGTCGGTACCCAATGTAACTGTTACTCCTAACACGGGAAGAAGTTGCCATTGAGGATCGTTTTGCAAACGGCCGTTTAGTAGCCTCAGTACCGGCGCCTTTTCGTCCCCGTGAAAAAGGCTCGGCCTTACGCGTCGTGCCTCCAACTCTATTAGCCTTACAGCGTAAGTCCAGGGCTCCACTGATGGGTCAGCGAGTCAACGCATCCGTATTTTATAGGCACGATGACGTCATCCGGCTTACACAGAGCAAGCCGCGAGGCAGCTGTTGATTCGAGAACTTAGAGCCGCTTTGTGTACCAAGATGCCTTGGCACAGTAGATCACAGTATCGAGCCTGTTCGGCTGAAATGCAAAGAAATGCCAATTCATGAGTAGCCTCTAGTCAATCTCACGTGCGCGAGTTGCGACCCGCTATCTCGTCAAGGTGCGGGGACTTCCTAAACG,1951,50.08,Arabidopsis thaliana
SEQ_680777,AACGATTTCTCCTAGTTATGATATCGACTTGTATGATATCATCGTGATTCTAACATGTCCTCACTAGGCATGAATGATACTGGATCCCTTGTTTTTTAAGCTCGCGCCAGGACCTGAGGACCAAGGCGCTTAAAATGCAAACTACAGTGGGCCTGACTATCCTCGTATGTTTTTTTCATGCAGTAACGTAAGCTTATGAGAGCACTGAGCGTTTTCAGCTTGGTGGCTAAACGATAGTACCTAGTTGTGTGTAGAGTTTTCCTGCCGACTATGCTTTAAGGTGAGCTAATAGACTCGCAAATCTTTAGAAAGTACACCACGACAGCCAACTCAGTTTAATAGACGGTAAGTTTTGGGGGTCGACCTGTATAACTCGTTGTGGCTTAATAGTCGGGATTTATGGAGGTCCTTGGCGTTTCGACCAGCGCGTTTTTCATGACAGCGGAGGGAGCGCGGCACTCAACGTCTCGAGGTCACTACCCCAAGCTGATAGCTCCCGCGGTATATCACAGGAGTCGACAGTGCGTAGCCAAATATCTTTGGCCGCCGTCGAAACTATCTCTATTGAGAAGAAATGCGTAGGACAAAAATCTCTCTAGTATCATTGCGGGATGACGGCCGAACCCCAGTCGGGGTGCGGAAAAACATTTCTGGACAATAATTCACCAGCTCGGGAGGACAAATGCAGCCATAGTCTGAGATGTGATATGCAGCTATGCCAATTTAACGCGACAGCCTCGTCATACGCGGTGCTGTTAGCCCTTAAGATGTGAACGTTCTCCGGATCTCATTGACCCGTGCGCGTCGGGAGTAACCCGGCCATCAGTTCCGGCTAGGACTACTCCTGAAGCTTTTTACGAACGCTCTTTCTTGCTCGTATCTTGGCCCCTCCTATATACATCCTAATTGCAATTGGACACATGGTCCAAACGGACGAGTATTCTGTGACCGTATTGGAACTCGTGACCGCTGGACGACAAGCTTGCAAAGACGAAGAATTGAGTATCTCGATGTACTGACCCGTTGTCCCATCGCGCTGTATTGTTTAACGGATGGTCATGCCAAACCTTCACGAATCAGGGACGCGCCCCCATATGTAGTACGGCTCCGGTGAGATGGTGATCTGCTCCCCAGCTTAGAACGGCTGAGGATTCAGTCTCAGATCCCCCACAGACTGTGCCGGTAACGTTTGACTATCTACCACCCTAGGGAGAACTTATGCGGGCGTGAGGCGGTAATAACAATAACCTGCACTGGATTATCTCAACGGTTAGTTTCAAGTGAGAATGAAGCTGTAAGACTAGTAACGGCGCACTTCGCCCCGTTCTCGGTTTGCGAATCTAGCAGTGTGCTGTCCGACTACACATACTCCCGCAAGCTAGCGCGGGGACGGATGCTGAAGTCCTCCGGACTAAGCTAGTATGCGGCGCGATTTTGTTCAGAGCAACTCGCTGGAAGTAGGGTACCGACTCGATTGATCACGGGTGACGCGGCAATTCCTAATTCAACATCACCCTTAACCGAGGAGGTCTTGTAAGAATGGGCTACACAGCCTAGAACAGTTGCAATAAGACAATTCCACAGACTCCGGTATGATGCAAATCACAATTCGGGGTTAAATGATGAAAACGTCAAGGCAGTGGATTTTGAGATATCCGGATACATCTCGGCTTGTGTGGCCGGCCGATTATTCTACCACGTATGTTAAGATGGGTCCTGGGCATTTCCGGATTCAGCTCTTTCACACGAGCTTGTTCAACTGGGGATAGCCTGCAGTTGGCTGAGGGAATATAGAGAAATACTTGCGATTCTTCAATCTCTGCTTCACCATAGGAAGCAGTGCTACCTTGCCCGGTGCGTGACGTATCTGGCCTAGCTGAGTTATTCGAGGCAGTCGAGACGGTTTTAAACCATATCGCCCTACGACTCGTCGCAGATACCGAAAGGATTGTTGTGCGTGGTCTTGACACAGCATATAGCA,1981,49.12,Escherichia coli
SEQ_746722,AGAGCCTAAGTGCACTACCTTCCCTCTCCCACAGCACGAAAGTAGCGCTGGCACAGGCCACCGAGTTGCCAAAACTTGAATTCTGAACACCCGGGACAAAAGATGGTACAGCAGTCGGGCTATCTTTCAATTCAGACTGACCCTAGTTTCCGTGGGCAGCAGGTGTCACAGATCATGGCCCCTTAACCTTAGACCTCTTGCGCGCAGCAGTTGGAATATTATCGATGAAGGCCAGAGCCTTAATTATCAAGAATGCTGCAGAATAGAGATTAAAATTCCCATAAGGGGTGATGCGTAACAGAAAGGGGCTTACCAAGAGTATGTATAGCCTAAACCCTCCTGGTCCGATTAGTCTCCGTGTATCCCGACGCTGGAGCGTAGACCTAACGTTCACTGCTCAGC,402,50.0,Mus musculus
SEQ_365940,AACCTGCATATACCTTCCCCACAGGTGATCGAATATGAGGTACCGTGACCGAACGTAGTCTTGCGTGCATTGCCGGAGCATATACGCTCTCGCAATGCTGTACGGGATGTTGGTCTGTTTTATCTCACGGTTTCACGTACTCAGTTATCGAATGATCATCACACCCCCAAGGGATGGGGAGGGCCGAACTAAGACATATTAAAAATAAAATTAACCTCCGTATGTATATGACTGTTTTGATGCAGGCAATCAGTTAGTCCTATTCATATCCACCCGAACTGCGAGCAAGCTGAGCCATGAGTTGCCCAAGGCGAGTAAAGACCATCGTCACGACTGCTACGGTCGGTTCGATCCGCTGAATCTACCAGCTATTCTTTAGCCCGTGGTTCCTTAATAATACTAGATACTCGTCATCCCCGTTACCGAACGCTCTCTCCAATGTTCCGCGTTTAGGTCTCGGGACTAACTTGTTGAGTCATGCTTGATCCAAAACACTTACCGCGGATAGCTATCAATAAGAGTAGAGTTAGACGACGCATGCTCACTGGGCGTTGCCCTGGCCTAAGAGGGCTCTCCACGGTTGTTGGAATTCTTGCACCAAACATGATACGGTCCACGTGCCCACCTCGCATTTACTCATTCGTCAGTCGATGATACTTAACACCAAGGCTTCAGAGGAGGTAGGGAACGCGACATAAGCCTAGACCGAAAGGTAAGAATAGACGTGTTAAAAATCTCTCGCCACATGGCGGTCGCGTGGGGCCCTAAGCTAACCCAGATTAATGTTATCGCGACACATGAATTCTTCCACACTGAAAATCTGGGCTAGAGGTCCACCGCGTCCATTAAAAACACCTGGGGGATTTGATCTCGTTACCCAAAATACTCTTATTGCAGTTTTGTACGTTGCGGCACATGTCGGCTTATCTACCTAAACATGGGCCCAAGCCAACGAGTTCGGCGTGAGACATAAAGATGTAGATCATTTGCAAAGTGTCGAGCGGTCACTATTCTGAGACAGAAAGGTCACAGCATGGCGCTCTAACGTACGACAGCCAGGTATCGTCCCACTGGGTATTCGGGACGGG,1088,48.71,Drosophila melanogaster
SEQ_755445,TGTGCACGTCCCATGTCAGACCGTGAGACGTACTGCGACAACATGTGCAAACCGTGATCGAAAGGGACCCGGGTCAGTCGCTGCCACCTCACGGTCACGCATCGACTTGCACCAGCGCCGTTTGAGCATAGTTGAAGGTCCTACTGCTGGGATAGCGTCATTGTGTTGTTATATGCCAGAGTGCTGTAAGCTGTCCACAGGCCCTTAAGTTCTAAGTACGCAGAGGACGTGCACATAGTGCGTACTTCGTGGGAACCTCCGAATCATATCCCTGCAGCAACCGCATGCATCTACATTCTTCCGCGGGCTACTGCCAGCTTGGGTCCCACGATGTTCCATTTCCATAAAAAAAGTAGAGGGGAGCAGAACGGTCCAGATGGTAATGTAATGCAAACAGTGTTAAAAAATCATTTGTTTAGAAAAATTTCCGTTAGCGTGAACCTACGGCTCACTGCGGTGCACGCACAACTTACACGACCCCGCTATCATGTCCAGGTAGTGCGCATCTGAGCCTTCTTCCCCCGGGGGAGTCGTGAGACTTTTCCCGATACCAGACAGGCCATGAACTATTACGATAACTGGCCAACTTTTATGAGGGCGAAACATCGTGCATTAATACGTAATTCGGCGGTCTTACGACGGAGTGATAGGGTGGGCGCCATCTGGGGAAAGGCCACTGACTCGGTGGAATGCGCAGCTATGGAAGATCCAGCAAACGCTGAGTTGAAACGCAACAGTATGAACTCAGGGTAGCCCGTGTCGCGTTGGTGCACTTCGCCCATAGAACAGACGTCCTTAAGTGTATGTGGTTATACCCTGTAGCAGGAAAGGAACCTAGCACTCCCGGAATTTTTCAGGCTAGTAATCGACTTACACCTGTGCATCGCTAGCGTTGTACTTGAATGGTAGTAGTATGGTTCGAATCAGTCCGGGGAACACGGGGAGCGTTTGACGCAACAGGCCCATTTAAATAAGATAATGTGAGGCTATGGTGGTCAATCATCGAAGGTCCTGACACAAGTCGGCTACGTACTGAGCCGCGTTGTCAATACAAGCTGGCCATCCGACATGCGGCCTACATGAAAATCGGTTAGTGTGCGGACACTGATGCTTAGACGCAGTCCTAGAAGGCCCCAGACGCTCGTGCGGAGACCACAACGTTGGTGATAACCAATTACAAACTTCTGTCCGGTAACTCGTAGGCATAGACGGCGTTATGCCAGAGACACCTCGCTCGACCTAGCATCAGCTGAAAAAAATGTCGGTCATCAAGAAGTTGCCTTTTTCTTTTTTGCGCACCCCGGCCACAGTTATTGCTGAGCTACGGTAA,1330,50.98,Homo sapiens
SEQ_579046,CATTTACCGTCTGGAGAAAGACTCACGATTGATTTCAAAGTGGTTTCGGCTGCCTCAATACCTTGATGACGC,72,45.83,Drosophila melanogaster
SEQ_433338,GACGTTAGCAAACACTGTGTCGCGTGGCGACTGGATACTAGGGCATGTATATACCGTGAAGAACTTATGTCTCTCCCCGTGGAAGTTTTGGCCCTGTGGGTGAGGCTTAGTTCAAGCCCTTAAGTGGGACCCTCCAAATGTGGATTCACATAGTAACAAATAGATAATAAGAGACTAGTTTCCATGGTTTAACGGAGCTACCGGTGCCCCATCCGGGGCTTGGGCGTATGCAAACACTATTGTCGTTTGCGTCGGGGTCCATTGCTTCAGGTTAATCTACGGGACATGAAACGTTGCCCATGCTCTAAACGGTGCCGAGCCTGATCGGGATAGACGGACCTCTCACCTTGAAAGCGACGTACAATCATTGGTACCATCGGGTGGTGGCCCCCGGGGTATTCTTAAGGGTATTTACCGGGGTGGGCGTGCAGGGCAGACTTCCACCGGGATCTTAGTCAGGATTATACCCACCCTCAGCTGCAAGAAACAGCACTTTCGATATAAATTTCGGCCATACATTAGCTGGATACTCACCGCCTCCCAGCCTATAAGTTACGCTCCAAGTAACATATGTTCCGGTTCATAAGGACCATCTGACTACCGCGGGGGATCAAAGGTCGCTGGCACGTCACTAAGCATGAGCTCGCCTTACGTGAGCCCCGAGACAGCCCGAGTCACTTTCCTGTATCTAGTCATAGTCAAAGAACATATTCTCAAGTGAGAAATTATACTGCTTGTAACGTAAGGCTGCTGGGGTCGCTGAAAGCGATCTCGACAATATCCCGACTCGCCTAGAGAGTAACTAAAAAATGTGCGTTATGGCTCGAGAAGGAGCGATTATAGGAGACAGAGAGTGGGAATTGTGAATTTCCGTTCGGTGTAGGTTATGGGCAGGGGTCGTCGATGCACCGCCGAGCCGCTCCCACTGATAGTCACATTCGAGATCAGGTAGCTAAGTATCATTCATTAACGTCTCAAGCACCGAGACAGAGAGGAATTCTCCAAAGGGCGGTCTGGGTTCATCAGTCAACTACTCGGTCAAGTTTTGCCGATAACGGGCTTTGGATCTTCCCCATGAAAACGGGTGCATACTATAAGTCCTTTTATATATCTCACACTCAGACCTGTCTCAGAGCGCGATACACTGCTTATTTTAGGAATGAGGTGAGTGCCTCGACCGTCGTAAATAGCATTGCACCACAGAAGTGATTGCTGCTTAGACGCAA,1226,49.59,Saccharomyces cerevisiae
SEQ_200850,ACTTAGGAGGGAGTACTGCGCGGCCCCCTCGGCGTCGCAGTTAACGACGCGGGTCCGTTAGTCCCACGTCCGTA,74,64.86,Homo sapiens
SEQ_293756,CCCCCACACGCTTCACGGGAACGCCCTGCGTGTTTTATTAACAGCTACACCTTTCCCTTGCTCATAGAGTCGCCGTGAATTCTTTCGCTAAA,92,51.09,Homo sapiens
SEQ_881750,CGCTCCGCTGTCCGCGTCAGCGGATCTAATGGGGTTATACCTGCCGCGCTCTAGTACAGGACGTTACGCGGAGAACCGCTTAGCCTGGCCTCTGTCATACACCCAATTCCTGGCGTCGAGCATTTACATTGTACCGAGGGTAATTGTGCTCACACACAAATATCTGAACTATAACCAATCTCCAACATCCAGCAAAGGCAGCAAATTATCGCACCCCTAAGATAACGCACGTGCCTCATTTGTTGGTCCCGGGCCGACTTTATCTTGTCGCACCAACCACCACCCGCACACGCGGCCGCAGAGCGACGCGGGGCGCCAACGCGCGATGAGAAAGCTATCTGTTACGTGCCCGTGCTAAAGGGAGGTCAGAGGATGTTAGATTGACGCTTTCTATCTACTAGCTTACAAGCCGTTTACGTCTGTACACGTATTGTCGGCTAGCCAAGGCCCTCGCTCGCGCTGCTGCTGGAGGAACTGACCAGGAAACAAAAGGTTATTTTTTTTCGGGCGTGCAGGTATTCCCAAGGCGGGTCTGCGCTGCAACCACGGTAGTCTTATCATGAAATGACCCTCGCTCGTGAATTATGAAAATCTTAGCCTATCAAGGCTAGG,612,52.94,Arabidopsis thaliana
SEQ_725059,TGCGCGAAGAGAACCAAGCGGGTTGGTGTGAATGCGTTCGTGTTGGCCCCATCGCAAGCACGATCTGATACGTTCGGGGACTAATGTCGATCAGCCAAACCTGAAAAGTTCTTGCCCACTCCCCGCCCCCTAATATAAGTTAGCTGGCTGATCTGGTCTTTAATTC,166,51.81,Caenorhabditis elegans
SEQ_266446,TAGAAAGATGCAGTTCGCCCTTGCCTTCGTTAAATAGATACCCCGCGGTAGAACATTTCTTGGACAAACGTCCTTCACCGCCTCCGGACCAAGACCGAGACTCACTAACCTATATATAAGACTATGACTCCCCTCTACGTACTCCATATCGAGGCTCTTCGCATCTCAATTTGGGCGACGGCATTTCTCTTCAAAGCAGTGCACGTCGGGTGATACATGATTAGTTACGCCTCCTTTCCGTAGTAGCGGTTTCAAAAACTGCCTCTAGAGTCCTCTGCCTCTTCCAACACTCATGTCCTCGTTTTGCTGGTAATTCATGGTGAGAGGACACCCCTCAGTAAGTTATTCGTTGCTCGGAAGTGAGGAGGGAGGAGCTACGAGCCGCCTGCCAACCAGCTCCCACTGGGGGCTACAACATTGTCATGTACAGGATGGGGACGATAATACAGCTTACCAGGGGATTACAACCCGCACTGATCTGGTGTCGGCGACCTGCGAATCCAAATGTATGCCACTCAAGGAAATTATTGTGCATCAAAATATCGATGGGCCACAGGCCTGCAACTAGTTGTGTGAATGCCGCGTCTATTGTTATCACTCCCGGACTTCCTACGATACAAAACTTCTGGGAACATCGTCTAGCGAGGGATCAAGAAGGTAGGGAAATAAATTTGAGAAAACGCGCCGAAAACCCTATGTCT,701,49.07,Drosophila melanogaster
SEQ_482334,GGTGTTGCTAATGTTTACTAGGTGGCTTGGACAGGCCACTTCTTACTGGATCGACGGCCAACATTATCGATTACTGGCCACCGAGCTTGCGGAAGCTAGCGTTATGACAGGAGCGCTAATGTACCTTTTCGCGCTCCCCAGTACGAGAGGCGAGACTAGAGACGCTGCGGACTTTTCCCAACTGAGTGGATTTGATACTATCGCTACGCG,210,52.38,Caenorhabditis elegans
SEQ_354440,GAGGAACATCTTTAAACTCAAGTCTTTTTGCAGCACCTAGCGTGTAACATATTTTAAAGAGAACAAAACTCCTCGGTGGCGTTGCGTGTAGAGGCAGGCCACCAGGGTATTGGATAAGTCGTGTGGAGCTGAGAAGAACATGTGTTCAATCAGTCTCTCGAAGACAGACGGCGGCGTCGTCGCTGACAGTAGAGCCTATCTCACGGCGTTAGCAAACTATCCTTACTGTCAGAGACTAACCAACTTTACGTGTGTGCGATGAAGGTGACGCAGAGTTAGGACTCAATCAGCTGACGCATTAGCACTGTGTTCCGATCAACGAACTTCTAGTCGCTATCCCGGCACGGGGCTTTTATTCCTTTTGGCTAGGTCAATCAACTGTTGGGTCAACTTTCCAATTCGGAGTGGGGAGTTATCCGCAAAGGGGCAGTTTACTGAGCCCAAGTGATTGGATTCACGAGTCCTCGTTCTATGGAAGTTCAGAATAGTTGCAAGACCATACGTTCAAGCCTGCTATGCTCTTGAATAGACTACTCACCATACTGGATCGAGTTGAACCTAAGGGCCACCATAAATTAGCCGTACCAAGCCTGCCTGGCCGAACGGGCATTCGATAACAGGCTTGCCTTATCCACATCTATGTTAGACGTGAGCCCTAGCTATAAACACATAACTAGGCGTCCGTTGTGGCAACTCTCCACTAGATCAAAGATCGGTCATCTGTCGGCCATCCACCTAATAGAACCATCTACATCGCATGTCAATGGCCGTCAGCCCTCTGTCCGGTGGGTATCAGTTCTAGTTTAAGCAAAAGGGTACATATACAAATACGTAATTACTCCTTGTGCAGCGTGAGGGAGGATGTTCCTGGCAGACCACACGTTCGGCGAATCTGCCGTGCCTAACGACATAATGAATTATAGTGAATTCGGAGGCGTGGGTGTGGATAACAAAAAGCTGTTAACTCACCCTATAATTAACATCACCGTTACTCCTTTTTACGCAAACGGCTCTTGAATTCCTGGAATGTGCTGACCAGGCTGGGTGACGCTGTCGGGTCCTAAACGCCCCTGTGACTGGGACGAAAAGTGTTATCCGTGGAGGCGGAGTGTCGATTTGAATCAAAGTCAGTACTCATTTCGTCTTGGTTATCGGTGTCCGCGTTCGTCCACCAATTGTGCACTGCGGACTCGAGTCAGCCTGCAAAGAACCGACCCGCAATACGAGACTCTAGCTACCATTCGGTCCGCTTATATTGTCAAA,1263,48.54,Drosophila melanogaster
SEQ_803047,GGTTGTTTTGCAACCTGGTCAATTCCCGTGATGCGTAAAGTACTCAGTTTATGAACAATGCCTTATGCCGAGCCTTCTCAAGCTGTAGCCGCATCTGCACTATTACAGCTCTTGTCTAACATGCTGCTGCAGATTCTTCAGGGGACTGCAACGTAAGGGATGCCTCCGAAACTAGATAGATGTTTTAGAGCGCTCTGCGGAAACGTTATAAACCCTTGCGGAGAGCTAGTAGCGTCGTTTTAGATTGCGAAGCACCGGAGAGTCGTAAGCCACGGATCCCCCCGCTAGTACCATGGGTGATAATGCGCCTATCGGGTACTCCTTGTGCTCGCCGATCGTCCCGTTTAGCCGGGCTAGCTTTATCGTACACGTCTGCAAAGTGA,383,50.65,Caenorhabditis elegans
SEQ_988945,TTTATTGCGTACTGTGGGTGTTAGCACAGAGTCATCGCAGGTGAGTCGCCACTTGTCCGTAGGGAACCCGACGCGCCTGGTGGATTCATTTGCCCACTAAGCAGAGCGGTACGGAATGACGAGCCGGAATAGATGTTACCAGGCGTAGAAGCCGTTGAATGTGCGTTGTTCTATATCTGGTGGCCTGCAGGATGTGCAGTTTCGCTCTGCTCCCATGCTCGTTAACGAACCCCTCCAGCTCTTCTGTAAAACATCTCGAGTATTTCTGCAGATGGACGGCGGGATCGACTGACAGGCATTATGTAAATAATAAATACTTCTGCCGCATCCAACTGCAGATGGACCCATAGCGGGTAAAGGGCCTCAGAAGGGTTGTTTGTTCGTAACATGCGTGTTGTTACCAATCCCGGGTCTATCTCACGGCGGTGACTAGTCGAAGTATCAAAGCAGAGCCACTCCCTTAAAATCAGTGCTATTCCTCCCGGTGGTGATTCCCCACCGCATAAGTATAATTACTCCACTAAGAGACTCGTCCTAAAAAGTAGCCAAGGTCACAGCTGACGATTTTGATGATGTACGAGCGGCTACGCGTAAGGTTCAAGTAGCTGTAACGATTCGGATGATCACCTTCGGGGAAGGCCCCGATTCCGTAATGAGTCTAGGCGCGAATGATCGTGGCTGCGTAGAACCTTCGCAAGTCGACCTCCATACCCGACAGCGTGTCATTTGGTTTTGACAGAGGTTCAGCGTCACCTTAATTGAACGATGCTTACGAATCCTTATACCTGCCACATATAACCCAGGCTACATTAGTTTACATGCTGCACCCCAGCTGCAGGGCCAAGCTGGGTTAGTTAATTCGCAAGACAAGGTCTTCCCGAAACCGTCTCGCTGAGTTGAATGTGAAGTTAGCGCGTCCGGACGTCAACCTGGTATAGGCCGACGCTTTAATTACACAGAGGTGATCCTGCTAGTAAAGTTAATGTGAGACGATGAGTTCCGTCGGGGAGTTGTCACAGTTCCAGATTCCTCGTACCCGACTGCGGTATTTAAAAGTGTATAGTATCCACTCAATTTTTACCCGTTGTCTACGTTGCTAAGCCGCGTCGTACGCGAACAAACTCTGACGCAATCGATTGGACTTTCGCAAGTCGATACGATAAAACGCCAAAATTCACAATTTATCAAAACACGTACCATCCCGTGTAGTGAG,1213,49.22,Arabidopsis thaliana
SEQ_266525,GATCTTTTATCTTGTGGGGTCTTTGGGGGAGGCTGGCCTCCTAAGAGCGCACGGTACGACTCGCCGATTGGCGAGGGCTAATAACTT,87,55.17,Caenorhabditis elegans
SEQ_862679,ACGTTACCTGGCCCAAAGATTACCCATGCCGCAATCCCACGTATTCTCGCACGCCTCCACGGCGCGTAAACTTGGTCGTACGTCTGATAGCCCGGCATTATACACCAATCACCAACTGGCTACATTTCGGTGAATCGAAAAACATGGAAATACGCACGTGGTTTTGTTAAAATTTGTGACGGTCGTACAGTCAATTCACAGAGTGTTGGCCAGGATAAGCCATCATTGGTCAACAAGAGATTCAATACTGCAGTACTCGCTTTGGTAGATACTTAAATTCCTGGCGTTCATGTAAAGGTGCTGTAAATCATCGAGAAGCATTATTCGGTCTACTGCGCACGGTGCGTAACCATTGTGTTTTTGTACAGTCAGTTCGACGACGCCATGGAAAAACATGAAAGGACCAAGCGAATCCGTCGCGCGCTTACACATCCGCCCGCCAGAAACCTTAACCAGAGGTTCAGTGCACAGATTGCTTAAGTGGTTCGCTGAAAGCGTTTACACGTTGGCGCAAACAGCGAACATGAGGCCTCACTGGTGTATCTTATATTTTGTATCGATGTTCTGGAACATTCATTCAATCTCGGCACATGCTCTGTTGGCCACTAGATTCAAATTAGTGTAAGCAATTTAACTTCGCGGTTCCTGCAGTGTCGAATGTTCTGCAGCATGCTAATCATCCGGCAAAGCGAATACGTGGATAGTAGCACAGGCCCAATCGCGTTACCCCAATGATAACACCATGTACCCACCAGCGGCCCTATCTCAC,769,47.33,Caenorhabditis elegans
SEQ_242024,TGAAATTGTACTGCAGTCTGCGGAGCTTACGTTTACACCCCCTAGCTATTTGACATGAGTAGCTAAAGGAAAGGTGTAAAACTTCCAACCGGAACATTGGAACGTTTCAACAATCAGTTGGGTTGTCTGTCAGTTTCGAAGCCTTTAAGCTCGACCTGGGGGACTCCCACGGAGCCTTATTGTCGTCCGCCGAAGGGGCGGGAAAGAGTGATGACACAAGTTATTAGATAGCGCGTTGGAGCCATGATCTCCTGCGTTCCTTGGCCTAAGTAAACTAGATGTAAGCAACTTGGCGAACAGCTGTCAAATCGTTCTACCCTCACTATCATGGTCCTTACTGTCTGTCTTAATACTGATTAACGGCAATCGTACGTTGAGTATATAGACATGAGGGCACCCTCAGTAAGGCCGGCCTCCCGTGCCAGGTACAGTCCCATCGTTGTGGTTCTCCCCATTGTTTGCACGTGTGGGAGTATATTTCCTCATTAGGCTCCCTGAGTTCCAGGCGGTATAACACGAATAGGACCAGTTGGTTATGCACCTCCTGTGGGTGGAGGGCTTCGTTCAACTCCGTGCGACAATCGCGTTCCAGCTAACTCAGTAGGAGTTATTTCCGCTGTCCCCGGACTCCTCTCGAGAACTCAGGAAATTGTAATTGCCTGGATACCAGCA,672,49.55,Escherichia coli
SEQ_677956,GTATCTCTCAAGATGCAGGATATGGTAGCCGGTCTATTCCTAGACTGGGTACCTTCCGAACTCCTGTTAATCAAAGTCAGTTTACCCTCGGACAGACGACACAAGGCTTAATGGGGAGAATACCTCGCTGAGGGAATCATACAGAAGGACATGCGTACCATTATTTCTCAGGATGCCACCGCTCCGGCGGATGGGAGATAGATCATCCCCGGTGCCAGCCGCAGGACTTGCTAGAGATCTGCGAGTACTATTGCGGCGTAGGGTAGCGCCCTAGAATCACGGTACGTTTTCTCCCCCCCGTAGCGAGGGTAACGATATGGATTACGGCGGGAGCATGCAACATTCTTGGTGGGAGACCACGTTCGACTGTTCACAACTGCACGATCTTATGTTGGAGGAAGCTACTCTGAGGTCATATTGTCAACGTCTCGGTGCCGATCCCCCCTTCTCGAAGGGCTCTAAACGCACAGGATACTTTCCCCGACTATCCAGTCGATATTTTAATTCCAGATGACCTTGCGTGGCGTAGGTACG,534,52.06,Saccharomyces cerevisiae
SEQ_255531,TGACTCTAACTCGGTTGACTCTGTGAACTCCTTATCAAACTACTGCCTGCGAACCCTGCATTCAGGCTGGACGAAGAAATTCGTCGCTGGAAGATTTGCGTACATTT,107,46.73,Drosophila melanogaster
SEQ_197389,TGCGTTCACCATTATGCCGTCACTAATAACGCTACGACACCTCAGATCTTAAACGAGTGGACTGTAATCTGCGTCTTTAATCCTAGAAACTCAACGCCTTTTCTCTTCACAAGGATCTATGGCATTTCGTGCTCCGGAGGAAGTCGCCCCGTGTGTAGCCAGGATCTGAGCCGTCCCGGGTCAAAGGAGTTTCCAAGTCTGTGGTTAAACCGCCGACCGTGACTACGAATTCTTAGCTCGTAATCTTTTGGCTAAACTGATAACACGTCATCCATCTGAGAATGTCTTGCTGCACAATTGCCCGACCAGCGAAACGATCTGGACTGCCTCTTAGACTTAGTGGAGAATATTTTCATTGTACGTATGCTTCGCCACTTCACTTGCTCTGCCAACGATGTCCTAAGCTTAACACGAGAATCTGGGGAAGAATGGCGGTATGGACAGCAATTCTTATTGAGAGTGCTAATTCATTTAGCCTACCTCCGCATACCAAACAGCTGCACACGACCTAGTTTTCAAAGCTGTATTGGGGCCAGCAACGTTAACATAGCTTGCCACGTAGGTCAGGCGCGCGCACACTTTGCGCGCACACTGTATGTTTAGTTAGCTCACCCTAAGCAAAGATGGTGTGACATTCAGCCTGCTTTTATTAAGGAAGGGACAGAATTACGCCCTCATTAGAAGCCTCCAAATACCAGGCCTTTCACTGTAGCCCTTAATATTCCTCTGCCAGAATACCCTGTTAAGACTAGCCTCAAGCACCTAACTGATAATAGTGACTTAAGCTAGCCTCCGTGATTCTTACTCGAACGTATCCGTGCACGTAACTATTCATCCGTATTGTTGGCAAGGGAATTAAACGGTCGTCCTAAGCGTACCAGGAAGTCCCTGCTCCAAGCCCAGTTCCGTGATGACTGACCCGGGTATGGGCGGTCGACAATAGCAATAATGTGGGTGGACCGAGGAAGATAGGGGGGACTCGTACGCGAGATGTCAGTGAATCGCGAAGGTTCGAAATATACTTTGTCACTATGTCATGGGTATTAGCTGTCCTGCGCCTCTCGATCTGCCTCGGGGCTGTCACCCTCGATGTGCACGGTGTTAAATCCTATGACACTCACATATGGGGGTACATCTACTGGTGGTTAAATGTCGACGTTAACGTGCTACAGCTCTGGTGTGGACCCTGTAGAGTACTTCAGCCTGCCCAAACTTGGTCTCGACAGCGAAAGAGCCCACGGGCCTAATCTGCACGCACAGATTGCGGTGAGCAAGCCAAAGCGTATGGACGCCACTGGATGCAGTAGAGGGGGGCGCTTTCTCGTTATCCCCATTAGCCCCTCGCCGGTTTAGACCAAGGAAATCATCACGTGGAATGTTCCGAATGTCCAGCTATCCAAGACATGATGGGAGCGATAGGTGAACCAAGCGACCCGGGTCTCTCGGTGCGGCGCACTGTTGCCGGTAGCGTAATATTCAGTGAAGTAGTTTCTCTAACCCTTCCCTTCGGTAATTCATCTGTAAGGTCATAGGCGGACGGCTCGACCAGGTAAGTGAGCCAACTGGCCAGGTCAAGC,1577,50.1,Escherichia coli
SEQ_679131,TCGCTCGCTGATAGACCACAAATAGTGGATATACGTGTCTGCTGAGCTAACCAGAACGACAAGCTTATGGAACGGGCGGCACTTAGCGTACTTGTCCGGGTTTGCCCGGCCATGGCCCCAATCCTCCTACAAACCAGCCCTTGACGGTGCTCGCTCAACACGAGAGTCTTGACAGTGGTACTCTATTGCTCCTCAGCCCGTGAGGTTCCTCTTCACCCACGAAATCAGCATCCTATCTTAGCATACTCGCAGATTAACCTCCAGGAGGTCACCATTCCCCATGCGGCCATAAGCTAGTGTTGGAGAGGGGCGCAACTACTCCTTTCGATTTAGGAGCCGCGAACAGGGGATCAGAAGCGTGAATCTCATAACATCTGGGTCGTGTAGACTTGTTGGTGAGACTCAATTCTGCCTATTCCATATCGATCCAGAGAAACTTACCAATATAAGGGTTCGACAAACGGCTGAGTCGTGGCCCCGTGTTAGCGTACCGGAATATTACCGTGCTACGCCAAGTGTACTCTTTCCATACATCACAATCGAGGGCGCTTATGAGTTCTACCGGGTGCTGTTTATCCATAATTAGCCACAAACAGACAACAGCGTCGACACGGATAGGACGGCAGGAGCTCCTGCTTAATTTCGAGGTTCCGACCTGAGAAACAAGTTAGTATCGGGGGCATAAGCTCTACCAGCGCGCTCCCCACGATGCCTGCCTTTCAGTTTTTTTCGAGAGCTCAATTGTCATGTGCCATGACCGGTAGAGTACGAAAAATCCTCAATGTATCAAAAAGGTAAGCTTACTAGGTCTTCCAAATGGAAAGAACATCGGGAAATAGGTTACATCTGCTGGGCTTCACTATATTACCAAGAATTCATGTGCGTACCAGACAGTTCACTCTTCGCCAATCGGCCTAGTCAGAAGGCCTTCAAAAGGTCGTGTAGACAAAGATGGCCCAAGAAACCCTCCAGAACTCGGAAGGTCCGATATAATTCGCCTCGAACCTTCCTGGGCATACGCCCACGTGTTGGAGGACTCCGGATTTGTAGGAATCGAAGCGAGCCCAGGATGTAATCGCAATCGTTTGCAGTCGAACATGTTAAATGAATTCTTCAGGCTTGGGGGAGGCACTCCGACCCGGACAGCGTCCTATGCCAGTTGCGTTCTGGTGAAACATCGATCAGTGAGGATAACCGCGTACAGGATGCTACATGTACATACCGATCTCTGCTTCTACCTCCTCTAGTGGCGGCTCCCGTTCATTGAATGTAACATCAATATTTAAGCACTCCTCTAGGCAACTAGGGAGGCCCCCAACACAACTAGTTGCTATAGGACGCACGACGGCCCATCTTTAGGCCTCCCATTCTTGCTTACGCAAGAGAGTCATTATTACGTTGTTATTCGGTCTTAGTCCATTCCGGCTCGTTCCGACACTTGGCATCAGGACGTTGGCCAGAGTTAATAGCACAGGCCCAGGTTGTCAACCGTACTCCCGCTGGTAAAAGCGGTGATGATAGGACAAGATAAGGCCCGACGATCTTTAGCATGCTGACGTCTGCTATGTCGCTTGATGGAGACCCCAAACTAACTCTAATACGAGAGAGAGCGAGGTTCCAGCCGGACGAATTCAAGCGTGTCGTGTTCACGCGTGCAACCGCAGTGAGACTTCGGTCTACCAACTATTCAACAGTATCGGCCTCGTCAGTATGCATCGAAGGGTGGCGGTAATATCCCCGCGGAGTTAGGAGCT,1754,50.51,Caenorhabditis elegans
SEQ_265223,CATTTCCCGCGATTTGAGTCTATGGTTGGTAGTACTTCGGCATTATGTATGCTAACCAAAGACCCACCGCGTGGTAGTATGCCGGCCTGAACTCTTTGTTATGTCCAATTGTTTGAATCCCGCCTACGTGGTCCTAAGGTGGTTGCCTCGAGGGTGGACGCTAGAATATTGTGCCC,176,50.0,Homo sapiens
SEQ_236874,TCTATAACTCGATCTTCTGCAGCGTGTAAGGTGTCTTCATGTGCACAGTCAAATGGCAGATCACGGGGAGTAGGGCGGCTTACCCCGCTACTCTCGAGAGACTGGTCATAAGTGCATACCGCAGTTCAAACTTCTCTATGTTGCTCCAACTAATCAAATTGGTTAACCGAACGTTGCACATCAAAACGGCCGGATACATTCGTTCTTATTCGACTAATTAAGGTGTGGCGTCGACAATATCGGCGCCTAGTCCGCCCTGTAGGGCCGCTCAACACTATGGAGCCACTATGCCTCGTCGTGGTTTTGACTATCCGAAGTAAGTTCTTCGATTGGACCCTGTGCTATTGAGTATTACCCCCGTATGACCTGCTGAGTGTCTCGATGATAAGGACTGATCAGATGGCATAAGATAAGGGACGCGATTCGGAGGGGAGGAGAAGCCGTGTGAACCATCCGAATTAGTTAGCACCACTGATCAGGGAAGCCCGCTACTGTTCGAACGCTAATGTACGTGGTCGCCTGGTCCTCTCTCATCTTCAACGACCGAATATCGCAGTGAGGCTCCCTGACCACTGGCAGGATACTACGTAAATTGGCAGGTGTTGGGGCCCTGCACCTATAGTATGGGCCCATGACTCTGCGGTGATTTCATATGATTACAACATAGGAGCCGCTTGTTACAGAGGGCTAAAAGACTTTACACGCCAGGAGCGCCAAACTAAAAGGACGCACGCATTTTCGGCTACCGATCCCTTGAACGGTCGAGGATGGTCTAGACAGGTATGACCGCGGTTTAGAAAAGCGCATCCCCGTATCCTCACGAAGGTTCTGTATCGCAATCGCAAAGCAGTGCCAAGTTAAGTAGAAGTTGGACTCATGCATTCCAATCAATTCCACACAGCCCTGGCCGTGGTTAGCGTCGGACGAGATCGCTTTGCTGTGCGTCTGGACTCAGTGTAAGCGCCCCCGTTTTTGCTCTACGATCTTTAATCCCCATGCTCACGTCTGGCGAGCGACGGAACGTGGAAGACTCGGCGCGTACTTCAATTGCCTATAATACGATCACCGCTTGGCTTCGCCCTCAGCCGGTGGCGCTTCTCTTTACCCCTTATTCGTAAATTCAGTTAAGTGTATCTGAATTCACTCAACCTCCCTAACTTCTGACTTTGACCGTCACAGTGTAGAGATACGATCCTGTGCCAGAATTATCTCGAATGGATCCGGAATATTTAACAATTCGCCCGTGGTCTGAGCAGATCGTGTACAGCGGCTTAGTACTATACTATCTACTTGGCAACGTATCAATGCCTCGGCAAACCTCCCACGAGTAAAGAGGTTACGTGCCGAGATATCCACCGAGGTTGTGTGGGATATTAGAAGTAATTACTTCATAACTTAACTGTCCTATACACCAACGAACGTGAGCCGGCCAAAAGAATTAGATGAATCTAAAAGATCATTTGA,1464,49.25,Arabidopsis thaliana
SEQ_867239,CCCTGTACGGGTAGAATCAAAGGTACCCCCTGGTGAGATTCTGTGCCACTGTCGCGTAACAGTAAAAACCAGCTGCACTATTCTGTGTGGTACGAACACCAACTATCCCGCAATCTTGACGGCCAAAAGTCGAGTAATCTGCGCTGACAGGCACCTGGGATCCGATCTAAACTTTCCCGATTACGTCCTGTCTTGATAGGGATGGTGAGCCGAGAGGTCTTTGGCAAGCTCGACCCTGTGGCCCGTCGGTCTCATCACCGACGGCCGCTAGTGCAACGATTTCCGGGTCATTATGGCGGACCTGTAATCAAGATAAATTGGACATTAACTCTACTTATAGGTTCCAGTAAGCACCACCGAGCGTATCAAGGCTGACAAAAGCCGTCTAATTTACTCCAGCTCTCTCGTCACGATCACCAGGCCGGAGCCAACAAATACGCTATGCGACTGTAAAGTGCGGCCCAATCACCACATACTTATAAAAGGAGCCGAACGACGTGATGCAGCTAGGACGGGAGGACCGTACTATCTAAATACCCGGGCGCGGAGGGCATTTCCGGAGTTAGTAGCCAGAACGTACCTCCTAAAAATGATTAGCGCTGGGGATCTAGCTGGTGCATGTGTTTTTGAATGGTAGGATGAGATGCGGTTAGGTGGCGTTACCGCTGACGGGGATAGCTTATCTGAGAAGCGGGTGCACGTAAACTCCGCTACTAACAGTCTAGGACACGTCCCAGTGTGCGCCCCTGAAGCCCCTGTCCATTAACAAGTAATCTGTTCACACGAGCCGGGTTGTCCAGGACTTAGCGCTATTCTTGACGCCGGGGATACTCTCATTATAGGGCCCGAATGAACACTGATACGGGGGCTGAAAATAGTCGCCATGGAGACGCACGGACTATAATCGTAAAGGAGGCGTTCCTCCATCTGATGCGAGAAGCCTATCAGTCAATTTTAAACTGCCTGCCACAGAGTGATTAGGGCCGGATCGGAGAACATAGTACTTGATGTACTGCTAGATTACATTGGATGGTCGCCTTCCGTCTCGCTCTTGACACGGCTGTGCAGCAAGCAGAGACAGCTGCAGATTGTAGCCGTGTCACCATTAGGAAAAAGAAGGGCCAGTGTATATTCTCGTTACGTGCTATCGCGCTTAGGCTTCGTTATAATTATCAGATGGACCTATATATCACCTCGTCCTTCTAGTACTAGAAGCTGCTTAATATGTCGTAAACTATACTGAAGTTGTATGCTAGCTGTGAGCAATCAGCTCCGCCGTGTCTATTACATCCGCTACGTACCGCACGATTGATAGGTCAACCGCCTTGGGCACCGAGGCTGAAGTGATAATCGGACACGAGACTATCTATGGTCATAGGCCGGAGACGCAGCCCACCGCATTCCTCAGTTTGATGAACCTATCAGGCGGCAACCGAGCCAATCTGATATAGTACTCAGAGGTAGCTTGGCATGTTGTTATTTCCGTCATCTGAGTGCCTATATAGAACGATCCCGCCTCGGGGTACATCCGCAGTCTAACCAACTTCCGTCCATATTACATATCGCTTACTTCCGAAGAGGAGATCGTCATAGCTTTGCAATTGAAAGGTGTAGCCGTTCCCATTACTCACAAGTTAAGTAAAATAGGTCTAGTAAGATGAGGACGAGGCAGACATTCCCTCTGTGATTGTCGCTATGCGCAGCGCGTCGTGGTGCGAACATCCTGGAGGGCCTCGCCGATCGCTCCGGACCTAGCACTTTATGACGCCCGATTTTAGTTCCCATAGAACTTCCACTTTATAACGTCCGT,1810,50.28,Mus musculus
SEQ_676085,GGCTTAGCCAATACTAGAACTTCCGACCGCTCTATTTTCATTTGTGCCATGATCGCACCACAATCTTGTAGGAGTAGTTGGCCCACGTTAAATGCTACTATCCGATAAATTACTGAGCTTTAGTCCCGGCAGGTTAAGCGATGCGTACACCTAACCCGTTTCGATGCACAAGTCCGAGCGTTGGCTCTCCAGCTGGGTGGGCCCTTGCCCCTATTCTGACGTATGCTAACTACGGGAGGCGACTAATTTAGTACCAGACCTCGTCTATCTAATGAGCTGAAAACGTAATATGCGGAATATAACGAATTAATAAATTGATACAAAGAACCGAGGAAATAAGGGGTAGCGCTAAATGGAGTAAGAGTCCAAGTTATGCGGGACAGCAGCGCTTGGATGTAATGAAATGTAGAGGGAAGTCAATGTATCCTGAGCCGCGCAGGACTAACTAGACCGGATCGCAACCCTACCGCTAGTAAGACGAGATCGACTCCGGCTGCGACTAGCTACGCCGCCCACTAATGACTCCGAGCCTTAACTCCCTTTTACTGCGACTTCGCGGCCCTGCCGGTTCTAGAGCGTGTTGAACCGCGTAAAGAAGTAACGCTATGTGGCCGATGCCCGCATCGGAGTCTAAAGGGGCCAAGCGTACCCACTTAGTCCGTGCTCCCCCAACTCGCCAAAGTTAGGCACGCTACTAACTATATTTGTGCGCTTTAGCGCACCAGGGTCCTTGCGTGAAGGGCTGGCAATACACCTCGGGCTGTGCACGTGCATGCACAAACTGTCCCGTGTGACATTACCAAGAGGTAAAGGGAGTGCGGAAGGCGGTTTTGCCCGAGCATCTGCCTAGCTGCCTGTGACTTGCCCGATTAGCAACCCCCAAAACCGCGTCTGTTTACGAAACCGCCCATGGGATAGCGTTAGTGGCGGCTCACGCTAACAGGGACTCTAGTTGCTACTTGGGATTTACCTGCTTTGGGTAATCAGTACATTACTACCACACCCATCGAAGTTTAAACTCGGTGGGCTAAAACTACCCCAATTTTTCAACATGCTTGGGCCTACGGATACGAGTTGATTGTGCCAGGGTAGCACCAATAA,1101,50.95,Arabidopsis thaliana
SEQ_368015,CGGGCAATGCGGAACAAGAGCATGTGAGGTAGAGCGGCGACCTCTCGACGATTAGGGCCCCTCCTTCTCTGTCTTTCGCCCAAATGCTTTGAAAGGCTGTAATGACGTCCAGATTTCCTAAATTGTGGCTGCGTAACAGAGGCCGACAGGGGCAAGAGGAGGGGGTGCTCCCGTGGCCTACGAATCCCTCCTGGGCTGGGATTCACAAGATC,212,56.6,Homo sapiens
SEQ_566162,TGTTTATTGCATGGAAACACACCCCTCCTTGATCAACATTTCGCTAAAATCGAGGGGTCGGCCGGATCTGGCAAGTAAAGAATAGACAATTTCACCTGCAGTCATCTTGAGACTAGAAATATGGCGAGCATGCCTGCGATCCGGCGCGATGGGACAGGTCGAAGTTGCTCGAATGATGCGGCTCTAATAACGCATGAGCGCCAAGGGGATTTTCTTTTCATGACGTCAATCTAAATCGACGTAGATCAAACTGTTGCCTCTATGGGAATTAATTCGTCGCATGGTAACAAACGGCAGAGGCGCTAAGGTTTATCGGAGCGGAGACACTCAGTCGAACTCTGTGAAGGCAGCGGCTAGGAGGCAATACTCGCCCTTATCCAGGGGCTCAAAGCTATTAGCTCATGCTTATTCTGAACCCGCGCTCTATACGCGTCACCTCCTACAGCGTGAAATTATGTTGGGGCAAGTGAACTACGCCGTTAGGGAAGTTACTCAGCGGGTTGTCTTGTGTGCCGGCTCGGCCTGTGCTGATCAGAGACCTACCGTGGAATACCATGACTTCAGAAAGGAAACATCACCTTCTTCTGCCCAGTCTTCGATACAGTAGAAAATACACGCCGTGGCCGTGAGAATATGTTCCTATGTCAGGAGTCCCTATAGAGTTAAAAACATGCATGAGGCGTGGATGAAGCCATCGCAATGAGTTTCATCAGATAGGAACAACGCCGTCACTGCCGTCATCGCTATCAGCGCAGCCGTGTTGACAACACATGGACAGCTCGTGACACCCCGAGCTCCCATGATTACTGAACCGCAAGTTCGTGCCTAAATGACGGGCCGGGCGTATGCGTAACGAACGTATGAGCTATGGTAATACCCATATGCCCCTCGCCCGTGCGATGTCCCACGATTTTAGTTCGGAGTTCTTAAGCACCCGGCGGAACTAGTTTTGTTAACCGTAGGCTCAGGGTGGTAGGAACAGATTACATTGATGAATTCACCTGGGCGTGACGCAGACAAACGGTTGCTTTTATTCAGAGAATAATGAAAGTGTACGGTTAATATCACGAGTTTGTACGGCCAGCTGCCATTATGAGGTCCAGCGATCGCGTGGACGAGGAGCTTTTGTTTCCGTGGTCGACACACTGGAAATGCAATCGCAGCGTTCCAATATAAATCGCAAATGGGGGGAAAAGCGCGTGGTAGTAACTATGGAGACAATCGCCATGCTCGGTCAGTTGCCTACACTGCTAGGTGCCGGCACTTCTCTGCCATCCAAGGAGCTGTTCCCACAAGTGGCCCGTCCCTGGAGGCTATACTCGACAATCGCGTGAGTATACCGGGAAGGTTACCCGATGTTGACTGCTCAGTTTCCACCTGCGTAAGACCTAGTTTCGCAATGAACAGGGTAGTCAGATGAAGCCCCGGTGACACGAGCAGACATTTAATGTACTTCGGATTTGTCAAGCCTATTCACAACCCATCTGCCGTTCCCGGCGAGAGGCGATCGCGGTTTCCGGACAGGGTAAATCCATGCTGCTGGTCGGGCTCAGAGAGACGTACGAATTATGTCCCCAGACTCAAACTACCGGCTTAAGGGGTATCTTTCTGTGGTTTTCAATGACGCAG,1629,50.71,Caenorhabditis elegans
SEQ_977815,TAACCGGGTGCTCTCGTTACGATGTTACATTCCAACAACCAGGTCTGCTAACGGGGGGAATAACGGTCACACGATATTTATCAGTAGTCTATCCTGTCATAACCCGTTGATGTGCGTATAAGAGTGATTGGGGTTCCATATGGCGCCTGTTTGTTATGGGATATTCTAACAGACATGGAGACGTAAGATTGCTATTGGGTACGATAATATGAGGTGCAGTTAAGCTGCGCGCATCACTAGAATCATTATACGGGTAGCCAAGCTCTGGAGGAACATATCGCACCTAACCACAACATGCAAGAAGTTGCCTCATGGTATGTCGTCTCAGCCCATAACTCTTCGCAGTCTGCCCGATACACTCCCTGTCGCCTAACTCAGTGCCAAATGCCCTCCGCGCAACCAGTTGACTCGGTAACGCATATCCGGACATATTTAGCCTAGTAGGCATACCTTACTCAATTTTAACCTCCATCCCGTATTTGTAAAGCATCAAATCCAAGCGGACCTAACGTTCTCCATAGTCGTCGATGGTATCTACACCACAGTACATCAGCGCATCTAACAGACGAA,570,46.84,Saccharomyces cerevisiae
SEQ_896586,CCGCGCGTTTATTCCCGAGGTCTAATCCCGACGCAGGCCTTAATGGACGACACAGATATTAGAAAGGCTCTATAAAAGAGACCATGTTACTTGCGGGTAATCGTCTCGCTAAGGTGGACTTTACCGGATGCCGCAGTGTTGAAACTTAAACACCCTGATTCAATCTTTACCGGTCAATGCTTGGACTTTGGGTGTAGCAGACGACCCAACGGCGTGCTGGATCACCGGGGTATTTTAGGGTCTGTCACGATAGAAAATGTACAATCGCGGTTAGGCTGTCACGTGGAAGGAGCTATCCTCCACAAGTGTAGTTACGCCGCTTGGGTTTTGTGGAGTGTTGCTCCGGAACGTTACATTTTGGTTCGGCAGTAGCGCCGGTCCCAGGGCTTCCGGTCAACACCCGTCAATCCCTCGTGGTTATCAGGCAGTCTTATACGCATTGCACACACAGAAATAGTAAAATATGTCAGCAGTCTGCTATATGCAAGAACGTAAAGAACTCTGCACGAGACCATCATATGGACGTCCGGATGGTTAACGTGTAGACATGTTATCACTTATCGCGGAGAACAGCCGATAGCGGATGATCGACTAACGTAGAAATTCAACGTGCTACTGTATCGTACAGGCGCCGGTCATGAGGTGTCAGGAACGTATCTGGAACTAGCAGTAAACAACCCCGGCCAGGTCTCTTTTTATGGGTAAGGTTAGTCTCGCCGTTTGGATTACGTTGCTTTTAGGGAGGAATAATAGGTGGGGATACTCGCTGTATTGGACTCCAGTTATATACTCAGACCTAGGGTACCTAGCGCATCCACTCGTAAGTACGTTCACGTCGCCCGGCTAATGGGCGGACGAAACCAACTTCTACTTAGTAGTGGACGGACTAGGTCTCAATGGAGCCCCCATGGCTGGGCTCTTAGGGTTTCTGATGGCAAAAGACAGTGGTCTCATGCAGGGAAGAACCCGATTATGTCGCATCCAGGAAAAGCTCGAAAACTGAAAAACACCGACACCATCCTCCTGGTTCTGGACCTGACGTATATAGTCGAGACTTTGTTTTTCGTAGCTTATCAGACGATATACGTTAAGACTCGCGTCGTTACCCTGCATAACAAATGATCCGGGAGGCCCGTCTGATGCTATGTCTTGCCGACTTTTGGTAATCGCCGATCTTCCTCCTTCGACGTACTAGTGTTTGAAGAGAAACTTACATCGCCGGACTCGTTATGCTTCGCTGTGTCACCCTTCTCTACACGCAAAGGGAGTGTCGTTGGTGATCGAGTT,1287,49.26,Drosophila melanogaster
SEQ_502670,TTCATAACGTAAACAGTTGGTGCGCCGCGGAATTCGCGCGGTCTTCACAACTTCGTTTCGCTTGTCCGTTATGCTCCTACGCGCTAATTGATCCAAAGCAAAGTTTAGGACAGCGCCGAACGGTATATAGCCTAAAGTACCTTCCACGGTGCGGGTGTCGCCCCAAGGGAAATGGTCTATTGGTAGGCCGCGTTCACTTGGACCGGTCTCCTGATTACGATTCCTCTGCTTTCTATAGTCAGCTACGGTCACTTAGGACATCAATCGGAACGGGTTAGAGAAGGTATCCACAGGACTTGGCTTACGATCCCAAAACGTCGTGTAGTTCATCTACGCACTCAGCATCGTGGGGCCAACACTGACCAACCTATCGTGAGTTTCGAGCTTGCACGCTCAGATGGGGGGGTCATAGCGGTCGCTTGCCGCCCGCTAGTGTCGGACTGTCCGACAAAGGGCAGAGGAGACAACCGTCATCAAAGTTAGTCGAGCAAGAGAGAAAAAACCAGTCGGTATACACAAGG,521,52.21,Mus musculus
SEQ_943883,GATCCGGCGGCGGGCTTCCTGCTCCCCGCATGAAGGGACGGCAGCGAGCTGCCGAAGTAACAACAAGGCCCATCGAGTGTCGCGGACCGCAAGCGAAATGTGATTCTATACACATTGACGTAGCGCCGTCTACCGATGCACACACTTGATGACAGGACAAGGACGAACGCGGGGCGGCTACATATTTAGCGCACGATGTTGAGCTGTAACCCTGTTGAGCACGGAGAAATTACAATTGACTCTAGAGGAACGGGTACGTCAATGGAACCTGAAGCGGTTTTAGAAGTCGATCATCTACAGGCGAACAGAGACCATTGGCAACTGGCTCAAATTAATGAACAGCAGTTACTTGCGCCCAATCGGCGCGCAAAAAAGCGTGAGGTTCCCTCTCGCATCGTCCTAATAGCCCTTCGGGGTTCCCGCAGACACCTAAACACATGTAACCTAGCTGGGAATGCCTCGGTTCGACTCGGATAGACCTCACTCATTAGATATCTGGATGGATCTGGCAGGTGGCGTACTTCACTGCGTCTACTTATATTATCACCTTAACAGTCAACTATTAGTGAGATCGTAACCGGTGACGCTAATTAATAGGTCGACAATGCTTGCGGTTCTGAGCCGGGATAGACCCCAGTACGAATGTCTACGCAAGACCCAGAAATCCCACCCAAAGAGATCTCCTCGGCTTAGGCTAGACTGTCAATTCGACGTGGTAAATGAGCTAATGACGGCCATTGGGAGTCTACGAAGGGAGCCGCGTCCCTTTACTTTCGCTCGTAGCCAGTTATTAATCAGCCGTGCTTCACACAAGTGAAATCTAACGGATAACTCCAGCGTAGTGAATTTACACCCACTGTCACCATACCCACGTCATTTATCAACCGAATAGTGTGGCAGTAACGAATGTCCCTACATGTAAACTGTACTGGCTGTCCGCAAGTACAAGGCGATGCAGCCTACTAACCTAAATTCCGTCCACATAGTCAGGATTCATCATATTCACCAGCCGCTCTCGTCCGCGCAGTTCGTGACTCAGCCGCCTGAGCTAATACGGTGGGAACATGAGTAAGGCGAATGCCGGCATCCAAATGGAAGGTTCTAATGTGCGCTTACTATGCTCTTCAGACGTCCTTTTGCGCCTGGTGACTCGGACTACAAGAGTAGGGCAGACAACAGACTCGAGCGAGCCCTATCGATGAATTTGTATCTCATTGCAAGACCCGCCGAGGCTTGGTTGGGGTAAGCGTCGGCTTACCCTTATGCGCCGGTAACCCGAAACGCCGTTAACGGAGGACCTCATGTATCAGCTACGAAATGGCGATACGAAATTTCAACGGTTAGTCGGAGAGCGACAGAACTCCCGTCCGTAGGCCTTGCGTAACAAATTGGCATCTTATAGACTGTGTTTACCCTGTTCTGAAATGCAACATAAGCCATTCCCACCGGGCTATACGGGAACATTTCGTTATTATGTTTCGTGTGGGTCAGGGAAGTATGCCTAAGGGTTATTGTCATATTTGACGTTTTGTCAAAAGTCAAGGCCGCGGTAGTATCACGTTGCTTGGAGCCGTAGAACTAGAGTGCGCTGAAACGGCTTGCATCACGTTCGTACGAGAGCGTCGGGGTGTATTGTGTGTGGTGAGATATACGGTATCTGGAGGTTTACCCTCTCTTCTCGCAGTCATCGTGAAGAATTAGGAGACACTGCCTCCCGGCGGGAACGAGGATTAGAATATACCGCCATGCTTGCACAGGCTTTCATAGCATGCGAGCAGCCAGAAACCACAAATTCCCCGCAGATTGTTATGAGGGTGTCAAGAAGGAGGGTTCTTC,1836,50.49,Escherichia coli
SEQ_630733,GGGCTCGGACTAAAAAAACTAGTGCACGTTGGTCTAGGGTAGTTCGCGTCCTAGACTGTGCCTCGAGCAGGTTAGGGCGCTATATGCGTATGACTTGAAGACCCAACATTATAATACACCCGGCACTTATATGGCTTATTCCAGCCAAGCCTCCCCCTTGACCCAGCAATCTCTCCGAGCCCCATGGCTGCAGCTCCAGAATTCCCATCGATCTCAAGCCCAGTCTGTTACGGGGCGTTTTCTAAGTCTTTATTAATTGGTACGCTTTAGGAGTATGTCATGCAAGGTACGTGGATCATTGATTATCCGCGCCGCGTCGACTTCGTTGGGCATATTAAATGAGGGCGAGCAAGGTTACTTATCGGCCCATCAAACGTCTTGTAACGCATTCATGATAGCACCGAGCTTCACAATCCAGTCTGCGGAAGAAGAAATTTAAACCAGAGAATATAAAATCCATCTCGGCCCCTGTGCCGGGGAGGTCGTGCGTAGACGGGCCTCAAACCCACCCCCTTTGTGCAACTTCTTTTGAATCGAAGAGCCCAAACCAGACCGGGCTGACTGGTACTCGTTTGATTACCCGTAGGAGTAGGATCTCTCGTTCTATGGTCTAGCCACACATGGGCGTAAACCGAAGATGCTCCTATGTGTCCATTCTTCCTCGCCATGTATCTGCAGGCCAGACTAGGAGTGTGGGGCGGAGATTTCACATGAGGACGACACTTGACAAACATGAGGAAACTTTAAACGATTGGGCAACGGTCAGTGTTTACCGCAACTAGAAGGTCCGCCAAAGAGGCTTTTCGTTTGGTCAGGGAAACACTGAAGCGTGAGCGTTAGTGTTTCAAAGCTAAACCATGATTTTACTTCTGAATGATGAAATTTGGGAAATCTGAAAAATTGCGGAGACTGAGGTACGCGCGACCTTTCCACGAATCGCGTCACACGCACTA,953,49.32,Caenorhabditis elegans
SEQ_319711,ATCAGATGGTATTTTCCACGTAAGTTTTGCATGATCCGCTTGCTCTACGGGTGGGCGTCGGCGTGCCAATCGTTGTAAGGGCCAGGCCTGAGGGTAAATCGCTCTAGGTGGCTGTGATATGCTGAAAGCGGGCGACGCCGACTATCAGGGGAGTATCAAGTTATTGCACCGTTATACAATAAAAATCCATTCTTGAATGTACTGATGTCAACCGAGACCAGATGATACCCCGTGTATCTAGCCTCCTATGGCGCGTGGCTACAGGGGTTGGTAATACGATTCGAGGTATTTTTGGATCAGTCCTTATGAAAAAGCACAGTAAATTAGGCGGAGTAGGAATTGCTGTCGTTGCGTAACCTAGCCTTGGAATTATGACCCCCAGTAGTGTTAATCTTACCCAGCTGTCGTCCCCCTGAGCATTTGGTCACGGAGTAAGCTAGGGATGTGTGAAGAACAAGGTTACAGACGTCCGTGCAATTCTAGGCAGGACCCGATAGTCCCACAAAGGTGACCGTGTTTGGGTAACCCCAAAGCCGGACGCCCTGGAGGTGAGGGGAAACAGATTATAACTGAACACTTAGCGACTAACACGTTGTAAAATATTCCACTCCTTATACTAGAGACCTCTCAGGCCGTAGCTGTATAATGAAAGCAATCTGGTGATCATAGAACAACGGAGGCCCGCC,686,48.83,Homo sapiens
SEQ_127482,CTACACCGTCTTTGGCCTTATAGCGTATCACGTCACGGCCTGGTCAAACACCAAGGACAGGTTTCCATGCCGCAGGCTGGGGAGGCCATCCCGGACTGAATTTGGCTCGAGTTATTACGAGAGGGGGTGGATCATCCAGTCCACGGAGGAACACGAGCTAGTGAGGAATTGTTCTCACTGGACTGGTGTTTGAGCCATCCGAATCACTAAATGACCTCAGGCCGGGAGTTCTATAACACACATCGGTGTGCAATTCTGTCCTGGGGTCGCTTACTTGTGTTAATGCCCTCAGCCGAACGGTCCGGAACC,309,54.05,Mus musculus
SEQ_848520,TCATGATACGACACAAAGGGCCTGGCTTCTAGTACAGAAATAGAGGCGCGATTTCATCTGGTTAATCAGGACGACCGTCAAAGGCAGCCGTGAACACAGTCGGGAGCTTAGTCTTTGTGTGGGTCTCTGCATATTAGAGGAGGCGGTTCGCCTAATCCACGTGGCTAATGGATGGGCGCGAGCGGAGGCTGCGGATTGATCTGTTCTCCACTTACGCAGTCCAGATAAACATGGGTACTGTTGTTTAACGGCACAAAACCCGATGTCCCCGCGCCATC,278,52.52,Saccharomyces cerevisiae
SEQ_143423,TTGAAAAAACACATCCAAAGCGTCAGGATAGGAGAAACGTACGGTGTCGTTTATGATAGCGTCAGCTGTTTTTCGCACACCAGTTAGTCCCCCTAGCTGTGATAATTATTCTGAGTTGAAGAGGGGACTTACTGCGGGGGCTTCCGCGTCTTCACGGCAACGGAACCCATACGCCCTAGACTTACCTGGACCTAAAGGCTCGAAGCTTTAGTATATCCTGCAAGGATGTAAGTGGCGGAACGGTGTAAGAGGTTCTCTGAGAGAAACAACTCCAATAGTTCCACTCCAGCGTCATTGAC,299,48.49,Mus musculus
SEQ_949428,GTGTGTTCCTTCGGCACCTCCATGATGCCAGAGAGAGTTCACCTCGGTAGGTTGTACTGACTAGGCGGCCCTTACGGACTGGTGCCAACTTGATGCTTGTTTCCACTGCTACCCTGGCCCATCGTCCGGATCGTTCCTTCACGAAAGCAAAATGACTTTGCGTCAGACGGTCTAGACCAGTGTGTCGCGCGGGTTGCAAGAATACGTAACCAGAATGCCTGCAAATGTTCCCAGTCACGTTCTACACTGCAATAAAT,257,52.14,Caenorhabditis elegans
SEQ_284853,TACGTCAGACTACGTTGAAGCCCGCCGTATCGGCACGGTCGGCGTACTCCTGTCTCATAGCAAAGGCGTATGGCCGGTCCTTATCGGCTCCCTTGTGTCGCTCGTAACGGCTAATGACCTTGTCATCCATATAGAGGAGCTGGACTGGTGGTGGACAAACTGGAACGCGAAACTCGCTAATCCAAGGGGACATATTGCGCGGGTTCACTCTCTATTCATGGGTTTTTCAAGAAACTGGAGCCCACCATACGTCGCTGCTACGGACGTATAGCCCCTCAGAGGTATCTGTATGGCAATAGGCCAACCAATGCATGGAACAAGTTGGCGGACTTTATCCGCCCTGGACAAACGTGGAGCAAATACGATCTTCGCCTACACGGTGGGTGGCACTCATAATGCACCCCTTTTTCGCTGTGCATATTAGGGCACCTACACGTCTAGCTTCCTACAAAATTAGGCTGTTAAGGGTCCCTAAGAGGTCGTCCCACGCGGCCTATGTCTATTACCCCATTCTACCGGCGGCGACATGCCCTAGGAACGGGCTTGAGGGGGGCCGGATAACAACCCGAGTGTACGCCTTATTATGTGGTATTTTGTCCGAACGCCTAGCAGAAAATCGCCGTGGGTAATCTTGGCTGTAGGGGTTATGGATCATACTGTCGGAACGCATCGGAGCCCGTTCGATCGAGTTAATGCTGAGTCAAAAATAATTATTCGAAAGCGACTCAGTAGATAGGGCACTCGGAGCCGGAAAACCGCTCGGGTCTCTAGCGCTACCCAGAATGAAATAGTTCTTAGAAGCATACATTCATCTCCCCCGAATGATTCATGCCTCCAGACGACACATAAGGATCGATCTCGCAATCCCACCTATTTAATCCTTCCATCCCCCCAGTCCATTTCCGTGAATTGCCCTATAGCTAAATATGACTGACTGCCGGGCGCCATATACGTCCTACCATTGCCTGCTGCGCGAACGCAGCTCACCATTCATAGAGGCGTCTTCGCTCTTGTATGGGTCTTGGACGCAACATGTGACGAAAAGCTACCTCACCTAGCACTGTTTCACATACGGTTGAAAATAATCTCTCTCGAGCGTGCCAACTGCCATGCGCTATAGCATCCGATTCGGCCGTGAACGTCTTGCGAGATGGTCCACATTCACTCGTCTGCTCTCTCTCAGTTGGAGCGTCGTCTTCTAGGAGACAGTAGTGCCCGGAGAACCGCGCCCCATCGTCTTATTGGTAGAAGTCTGACGAACTCGAGCTGTAATAACGTCATGTACCAGTCGCTTGACCTTACGTCCGCAGGTCATAGGGAGATAATGGCCGACGGGATGTTAAATGCGCGGCTCAGCCGACGGCAA,1366,52.05,Drosophila melanogaster
SEQ_861114,TGAATCCTGAGGTCTAGGTCTACTATGAAGCGCAGAGATGCCCGGCCCGCCCCAGTGAAGGTCACTAGCCCGTGGCGCATGATCTGGCCCCTATTCAGCCAGTAGCAATAGTCTCGTTCAGCTCATACCGTGGTCAGGCCGCGCTTCTGAGGTTCTTTGTATTTGTCATTGTTGGTGCCCGCCATGTGGCAGAACGATTGCATCCTTTTCGATGCACAATTACCAGACAATAAGGGAGAGTACATCTTCGCCCGAGATCGCTGGGGTCCGATGTTGCTCTGCGTCGCTACATTCTAGCGGGCTATTGGGTACGTCGGCATCTGTTGGTCCCTTAGTTGCTAACACACTGAAGTCATGACCCAGGGTAGGACTCGACGAAGAATAGTGATATGCTGCCATCGTCTTCGCGTAATTACGGTACTTCGCACACCCTCTCCTCTACAGCGACGGGCTCACAGCAAAAGCTCTCTGTAGATGACAAGTAGGCAGATGGCTACGTCGCAAGTCAACACTCCAGTGGGGAACGCGGCAGTCGTTAACGGGACGTTCTCGCCGGATGGGCTCGCCTGTGCTGGTTGTACCCTTCTCGCGGCCCGTTGATACTGCCAACGCAATCCTCTGAATAGTCAGTTTATACGTATTTGCCGTCCCCTCCAGAAGTTTTATGCCTATCGTAATTGTAGAGTTATAGCTATTAGTAAGATTCTTTCCGCGGTTCGGTCTACAAGTCACCAGCTTCTGTATAACGGAAGTTCGGCCGGAAAGATCATGTGCGGCCGAAACTCCTCCAGCGAAAGAACTTGACGGAAGCGTCCACGAAGCGTTCGCCTGATTGGTTGGTCGATGGATCAACCAAGGCTTCTAGCCTAGCACCAAACGGTGTCTATACGTACGAGAGCCCGGACTTATATGCGGACTCTTGATGAAGCGTTATAAGCTAAGTGACTTTTCCCGCAGCCACCTTCTGATGCCATTGCGATCAATAGTCCGAGGCGGGTCTAATGACAGACGGTCAGCTTTCACACAGACGGAGAGCAATTGCTTTTGTATACGGCTTCGTCAGTACTATTGCGAATCGTAGTTGTGCGTGATTTGGAAAGTCGAGAACTGGTCTGTAGTAGTCTCTAGTGCCTAGGGGCACTTCTGTATAGGGCTTTAGAGGACGATATGGTTTACTCATGGGTTTTCTGAAAGTAACGTAGACCAGTTCCCTCTTAAGGACTGCGGCTGGTGAAGTTCTATAGGTTCTAAGTGTCATGCA,1261,50.99,Arabidopsis thaliana
SEQ_815829,AAACACTAATATAACCGCGAGGAAAGCTTAGAAGGTACGTGTTCGGCCATGTGCTTCATAGTCGAAGTTCGTTAGGAGGCCACGGATAGTAGATAATCTTGTCGAGAAGCTATAATTGGTCGCGTCCTCGTACGACTTTGACACAGCAGTCGCGAGGGCTCCAAGATGTTACATCCAAGAATGGCCACACTAACTATTCTCAGCTAAACGCAGTGGGAGGGGAGCCGTCAAAATCCCATCTGGCGACAGCTTTTAACAGGAGCTTGTACGGAGGCCCTAGCACGCTGGTCCGCGGGGAACTTGTCTTATTATGCCCGGGTATGGCCCCGACATATCCAGTCCAGTTGACGGAGTTAATTCGCAGGGTGCTTGACAGATTGTTCAAATCAGAAGTTACCTAACCGTCACCGGAAAAGCAAAGACTCGCGGAGCTGAAGTCATGCGACATCGTCAAGCATAGCCTGTAAGCTAAATATAGGCATGCGTCAAAGCCCACCATGCGAAGTGACATTTAGAAACGTGCTCCAGGGTCAGATAGCAATTCTGGGTCCCTAGTGGAGGGCTCCTACAGCGCTATTCGAAAACTCGCTAACGCCCAATTCAGTAATTATTTAGCACTTGGTGTGTTCCCTAGGGGCATTGCCTGGTAGTGTGTGGCCGTTCTACAGAGAGGGCAACATCACTCCAGGTAAACGTTCATCAAGATCACCCACACTTGACCGCTCCATCAGATTTGGAACGAGCGGACCGCCCTGCGGAACTGGATTGGGGCGGTCCTGCCTTCCTCGAACTCGTTTAGAATTCTACAAGACGAGAACGATCGCGGCAAGAGGTTCCAGTTTCTAACATTGGCATTCAATTTTCCTCAGGCCGGTCCCATAACCTACATGATCACCGATGTCAGCTATCGGTCGTCCGCCTTGCGGGCCAACATAGCTATGCGCTGGCCCGCGGCGGCACGATCCTTACTGCATTACCCAGGTCCTCCCGCAACGACGAGAGAAGATTTCCGTGTGTAGCATGTCGAGCTGACCCTGAGCGATGGCCTGCGGGTCTAAAAGGAGATAGTATGCGATATTGACGCACATCACAGCATAACTAGTTAAAGATAGTCCAAGTATGCACCCAACTTCTGCGGACGTAGCTCCGAGCAACGTTGGGGCTAAATCTGAGCCCTGAGCTTGTTTATATAGGTCTCAGGGTCGCTATCGAAGAACATATCACCACCTTCTGGTCTTAGATGTTACGCGCGGGAACCCCATGCCGCCATCCGCAATATCCGAATCTTCCTTGAATTTCGTTATTATCCCGCATTCAGGCCCTTAATCCTTCCCTATCAAATGCGATTTTTTACTCGCATCCCATCATGGCCAAACCCCCTTTGGTGGAGGTGTTGGCACATGTCCCAGAGGAGTAGCATTTGGTCCCAACCTGGAGACAGACAGCATAGCCTTTTTATTGACCCGGGGACTGAGGGTCGGGTCCCACCCATTGCGTTTCTCTATCCGCACCGCCACTAGTCAAAGACTTCCTTCAGCCGTTCCACTAAAAGCTGGCCCGCAGTCTCTTGGTAGAG,1576,51.4,Drosophila melanogaster
SEQ_392345,CTGATATTCGACATCCGTTGACAGTCAGGTCATGTTATGAGTGCTTACAGACTAGGATATTGCGACAAGGTCCTGGTTTACTCAGCGCCGGTGAATTGGGTTGAGCGCCGTTCATCGGTATCACTCATCTGGGCGAGCCACCTCGTGTTGGCTAGACGCAGGTTGGGGCGAGGGGCATTATAGGAGGTCTACCTTTCTGTCGGGCAGTCCAACTGATAATTCGTTCGCTCAGATGCCCTGGGTCTAAAATCTAATGTCAGAAACGACCGAACCCCAATAGAAGAGCGGATACGATATTGGAACACCCGAGGCATTCTTTCGCCCTCCGTACCGTCCACTTGGTACGGCTATTAGGAAGCACCGGATTAGTGGACATTTTGAAGTGAAAAACACCGACGACGTAGGCTGTGTAAGTCAATTCCTAGCACAGCAGATACATTAGGCCCACGTTGTCTCGCCCCTAGTGCCATTGTTTAACCCCCACGTCCGGTTTGGCACCAGGGCGGCTGAATCAACTGAATTACATTGCTTTGTTGCCCATATCCCTCGTCCCTCTTTTAGCTGAGCTGCGTCACCTCTGTTAGTTGCCTAAATCTACGGACCCAAATAAGTAAGATGAGCACGCGGTCTGAGGTTTGGTCTGGTCTCATCTATTGCCGTGCACCCACTTGTGCCCTGGCGAATTTTGATCAAATAGGCGGTAGAGCTAGCACTGTTGTCTCCATCTCAACTGTCTGATCGCTTGTCTATCCCCACCGGAGACGCGTTTGCCAATACCGCCTGGTGCCGTGTTTGCGGTGAAAACGTGGTTTTGCTACCAACTTCAAGGTACCATAACTGACGCCTATATGTGAGCCCAGTGCTTCATAATTAGCTCCTCGATATCGATGAACTTCCACACGGAGTTCACCAAACGTGCATAGGGGCGAAGCCATCTTAGCGTCCTATGACGGGCACTCTACGTTACAAGCACATATTTTAGCCGTCGCAACTACAAATAAGCTTTCAAAAGTTTTTAGTTACGATCTGATGAGTCAGTCCCTTGTTCCCCTCCTATTGCGGCTCAAGAGGAGAGACTTTACATTGGTCAAGACGATACGTTGTCATATGAGGAGATATACTGGTTCTAGGAATACTCGTGACCAAAAATATTGGCGCCTCCCTGTGATCTTATCCTCCTGTTGTGGAAGCACTACGAGCTTCAATCGACGTAAGTGGGGCGTTGCTGTTA,1231,49.39,Drosophila melanogaster
SEQ_778853,GAAACGAGTGGGTAGACCCAAACTTGCCCCCATTGATAAAATGTATTTGGTCAGGGGAGCCCGGTGGTCTTTATAACTTGGCACGAAGAACTGAGTACTGTCGACGATTCCCGAAATACGGAAGAACTCGGCAATGACTCACGCCTCTAGACGAGCGGTTATTCTTACTGCGGAGTATGCCTATAAAAATGGAGGCACTAGGATGCGACCATTCAGTCATACCCGCGTTTATATATACGACTCCAGTTCTCTCCCAACGGTAATCTCTGCAAGTGGCGACGTCTACCTCTCAATGTCTTCACATCTCACACTGTAATACCAACGTCCAGCAATCCTGCGAGGAATGCTTGTTGTCATAGTTTTCGATAATAGCTATAGGCAGCCGAGTCAGGTCTTACTTATTGATCTTGCACTTGCCGCTTATAATCACGTGACCGGCTCGTCATTCGAGCAGAACGAGGACTAGACGACGACTTAGCAACACGCACCCCATCATCCTCCGCATTGTATGCTGAAACTCTCTGTAGACCTTTTGGGCAAGACGGCAAGTAACTATTCACCGCTAAAACCGAAAATTCACCCATTATCGATCTAAGCATTTATCGTAGATCTAGGTCTGGTCAGCCCCACTGTCTTCTGATATTAGACCCTAGGGGACTCAACTCCATCGCCAGGCCACCGGCATGTACAGTTCTGCGTTACACACTTGTATATCCGGTTCGCCTTCAGCCTAAAGCCAGCTGATGGTGCTACCCCCTAGAGCAGCCTGATCGCAAAGAGGCGCAAATGCCTCGATCGGTACCATGTCTGTCTTCGACGGATTAGGACGCATAACCATTGACAGGTAATCATCCATTAACGGACCCCCGGAGCTCGCCTAAGGCACATTCCATTTTCAATTGGGGATTATTGACTATACCACACAGGGGAAGGTCCATTACGTATTTGTGGTGTACCGTACGCACTAGTATTGTATCCGGGAAAAGAATCATCGATCGTACGGTGCAGAGACTTTGGAGAATACTACTGATTGGACTAGAGACGGGTATGGTCCCGCAGGCTCACGTAGCCTACCATAACCAGGCCTACTCCACCGACATCAGCCCTGAGCCGTTTAGCGTTGGGCCAGTACGCAACGAAATACTCGGAGCCATCAGGTATCCGGTCTTAGGAAACTCGTAAATGTTGAATATAGATCCAAGGCTTATCCAAGAGACTCGGAGTGGTCGACATCGCATCATACATCTCATCCCATGACTCTCAAGAGCTTTTAGCACTAGGGCGACTTTCTTTTTCTTTCTGACGCCCTGCCGTAAATTGATCGTCCCAGCTATCACCACGAACAAGGAAAGGAGACCGCGGTACGAAATTCGAAACCACAGCTTAGGCGCTACAATACCCCGATGTCGGCTATTCTGTGATTCGGCCGTGGTTGTAGATGACACGTAGATTGTAATGGCGGGCCGGCCGAGGTGCCCTCTATGTATATAGGGGGTACTCGATCCCCAAATGGCTCCATGGTAGTGAGACCCGTAATCCCTAGCACTATTGGCGTTGATGATTGTCGTTAAGAGCTCATGTTTTCCCCCTGTCGTCTCTCCTATGATAGTTTTTTTACACTAAGCTCCATTAGCTTCCATCTTTGCGCTCCTGAAACGCTCGGGTTAGACAAGAGTTGGGCGGAAGTCATTCTATACCAGTCAGTGGCAATGTTTTGCCGCGCGGGCCCGTTATTTCGTAGGAAACGTCTCAACTGCGCGAACACGTTAACGTTCTTTGGTTTTCTGCGCATTATGGATGTCCGCTGTATCTACAAAAGAGGATTTTAGCCGGGGGGACCGCTTTCGGCCCTGCATGGGACACGCGTCTGGCCCAACCGCGGACTATCGCAGGAATAACAAAGGCACCTCTGCTTGTAGAGTGGTACGTGGGCATGGTCGACAACAATATAGATTGGGATAGCCAACTCCACTACTTTTGGAGGTCCGGT,1990,49.55,Drosophila melanogaster
SEQ_541359,ATCTTGAAGGCGTCGGAGTTAGGACACCGGGGTCCCTATATTAAAACCGTTTTCCATAGGTGCCGTCTCCATCGCGCAGTCGCAGATCCTATCACAAGGCTTTCCAGGGAATGACGGGTCAGTTCACTAGGGTTTGGTCTAGTCGCATGGCACTACTGGCACGCAGCTTGGGATCTTAGACTACTGCCGCGGCCGGACTGCGAGCAAAAAGCTTCCCCGATGAGGGAGTTCACAAGGCTAGCGGCTACGATAGTCA,256,54.69,Arabidopsis thaliana
SEQ_558412,GCTCCCAGCGAAGTCACAGCTCGGTAATACTGGATCTTCGTTTAGAGGTGTACTTGTTGGGTTGCCAGTCCCGTCGGCATTAGAAGGTCAAGAGGCACATACGGTGCTGTTGAGGTTGAGTGCAATGGGAAATTCTCGCACTCGGGTTTATTCTGCAAGATAGTATCAAGAATGGACAAATGTAAGCAACGGGGGTCACGCTGGCCTTGATCACGGTGACAAGGGGTCAATCTACAGTGAGTGGACTATCAAGAATGTACCACGCCATTTCGTGTCCCGCCTTTGAGAATCCTTGGAGCTGTTTTCCCTAACCGGAACTGTCTCCTGCGCCGTTCGTCACACTCTTAGATATCCCTAAAGTTGCACTCCTGTCCTAACATAGAAAAACCGAATATTCTGAGGTGGTTATTGGCCTAGAGAGTAGAGGTCTAATGGTTATATAGAGCTGCCGATAGAAGCAGGGTGTGGCCACCTTTTTTGTTCCTTGCCTGACTTGCGCAAGAAGTGCCCTGTTCTATTTACCATCAACTGACGGCCAGCAGTCCCTACTCGGTAGCACCTATATTATGGCCAGTAGCTTCGCTTGGAGTATAGTTACACGGCGGTCTCACACGGGATTCCCAATAGTATAATGCAAGTTCGACGGGTAGTCAACGGCGCTGATGTAGTCTCCAGGTTCACCCGGCTAAGCCCTGTTATGCCCATTGAAGTCATTCACTCCGATTACTGTTTTCTTTTACCTCAAATGGCGTAGAAAGGTGATGCCTAGTAGCAGATGACGCAGTTGCTATAAAGCCGATTTCTATCCATTGCTCTGCTAGCACGTAGCCTCCTAGGAGGCTGTTTTATTTTAGCGTCTTAGGAATGCGGCCCTCGAGGCATCCGGTGTTGTCTACCGGTGCAGGGTTAAGTACGCCCCGGAAGTTTAATATCTATCTGATAACGACAGTCCATTACTAATGCTCTTTAACACCGTTCGTATCGCCATGTCCTTCCTCAAAACAGCGTGCAACGGATAACAATATATGAATGACAAT,1037,48.02,Caenorhabditis elegans
SEQ_371534,GCAGGAGCGTCAACGCTACAGTGCCTCACTAAGTTGGCATCATCGGAAGACGACAAGAGGTATTAGGCCCGCTCCTAACTCCGATCCTACCAGCGGTGTAGGAAGTACCTTACGGCATGCGCTATGGAGTAATAACCGCCCAAAAGGCGGCATTTTCCGATCCGTCGCAGCACTGTAAAGTGAGTGCGATATTCGATATACCTATAGGCCCGGCATACTGTAATCCAACGGTTCCGCATTGCTCATCGCCAGACCACTAGTGCTACCATTGCGTCCTGAAGTATTTGCCCTGGCGTTTCAGGCAGAGGAATGTTTCAAACCGCTCATCGTTGTCTTGAATTATGTCCCTAGCTCGGTAAAAAAACCTAGCCCATATTACCAATAGTTCATAAGGGACGGATATAGACAGCCCGTTAAGTTAGATTTAAGTCACCAGGTGCTGTGACGATTGCAGCCCCCTCATGCCGCTCTCCTAGGAGAAACAATGTTCGGTACTCGTATATATGCACGTATCTGCGGTCCAAACCGGAAGGTAGCCGGCGGACTATAACCGACCTGCATGCCAGGCACTACCTTTCTGCTATTAGGTAGGTATTCCCACCCCAATGCGGCTTCAAATAGTGTAAAGGTAATCTTGTGCCATAACGGTTTCAAATCTGAGGTATTTAAATGATTGATTGGGCGTCAACCGGCGTACCCTTGTGGGAATACCCTTCGATAATTACTAGGTAACCAAATCCCTTGTGACGATGGCCTGTCTCCTGTACCCATGTTTGCGAGCTAAGCTTGCATGAGCCAACTTCCAGCGCAGGTGCGTCTCAAGGTCACATACCGCCGCATGTACCCGGTCTCAGCCTACGAGCCGATAGCTATCAGCTTTTAAGAACATACAACCGTCAGTCCATTCATTTCAGATCATCCTATGATCCGATCGGTGCTTTAAGGTTTGCATTCGCAGTCGCTATGAGTTGAGTATCGGTCTGTCAACCATTTGGCCACAACGCAAACACTCCCGGCCCGAAGACGGATCTCCCAGTATGCCATGCTACTGGCAGCTACACGGTGCAGCTAGCTTAAGAGAT,1082,49.72,Caenorhabditis elegans
SEQ_316004,AGTGCTCTCTAAACTTCTAGTACATTATCCTGCATAGGCTTGTCGTTCTCTGACTCACATGCCTGAGACGCCGAGCTCATAAAGACTGAACTACCTCGTAGTTCCTGAACACTAGAGAGGGTTGTTACGAATTGTGTAGTGGTCTTCGGATTTAAGAATCGCTCATGATGTATGGGACATAAGTGTCTGAGACCTGCATGATAATTCTGGGCCGCACTGTTAAGGTTTCTTTATGGTCCGCAGGCCACCTTGAGCCTTTATGGCTCGTCGTCCTAGGGCTCATAATCAGAGATATCGATATTAAGTTGAAAATTGGAAACGTGGGAGTAACGCGAGCAGCGACCTCGCGGTTAGTACTATACATGTTGCGGCGGTATACCCTGTTATACTCTTACCAACTCAGAACTCGGAGTTATTGGCTTAAATAAAAGATCGTGGCTTTATTTACACGAAAAATCTCGTGTTTAATCAGGAAACGTAGTTCCGCCTCACGTCCTACATTTTTATGCTACGATGGCCACGCTTCAATGCATGAAAAGCGCTTTGTGAAGCTCAACATCGGATAGTTGTTGACCTTCTGTTAGGCTTGATCCCATTGGCAGCCCCTAGGTTACCTTGAACGCCTAATCGCGGTACTCCTATCCTCGTGGTCATGCCCCGTAGTTAGAGGACGTTCTGGGTATAAGCTACTTTACCTAGGTTATGATAGCCTGACTAAACAGATCCTGGCTAAATAAGGCCAGAGTACTACTCTGACGATGGCTATATTTCCACATATCTTGCACTATCGTCAGGTGCAACCTGGGCACCAGATATGGTAAGGGGCTGAGATGATAGCTCCGCATAGTGCCACTCAGACTTGAATTAGATTTTTTCGGCAACGTGCCGGGCGGAGATGTAGGCTAACTGTGACATATTCAAATTATCCCATGCACACCTGGCATTAACAAAGTACCACCTACTTTGGCAACAGCGACCGATGTTGCCAAAAAGGGGTTCTTACGAGTTACTCGCAACCTTGCCTGCTCTTCCTCGTTAATGTAGCAGATCGGTACCTCGGGCTGGAAACGGTAGCTACGTTAGTACGTTCGACGCGGACCCGCAGCTTATAGACAAAACGAGGCGCTGGGAGAAGCAGTGCAAAGCATTGTTATGTCGTATGGGTCAGAGAACTTAAGGTACACGTCGCATGCGGTAACCCCTACATGTCTTATTGGGGGGTTTTAGTAGCCAGTGTTGAGTGCGGAGATCTCCGCAGACTCCCAAGAGAATACCATGTTGGTTT,1285,47.08,Arabidopsis thaliana
SEQ_667702,AGGGCAAAATAAAGACTCGGGGACAGCGTCGACAATAGTTAAAGAGGCTTGGAGGAGGGGTATCCAGACTCGACATGGTGGTTACAAGCTCGGAGCTCAACAGCGGGCTTCGGGTACATTATGTGCACGGCTAGCATCCTTCCTCGCGATCACCCTGAGAATTGTGCATCCTCATCCCCCTTCGTGACATTCTATTCACCCCAAGTTTTTCTACTTGCAATACGGAAATGTCTCACTTGTAGACAGTAGGCCGATCACTACCCTAAACATCGAGGCTCGTCTCCGCACGCTAATCATGCTGTTCCATACCGAAAAAACTTAGCCCTCCTAAATGGCATCGTAACGGGTAACTCCCGAGAGCGCACCCGAAGTGTAGCGCCTCCACTCCTGCAATGTCAACGCGAGTCTGGGCACACATTTTCCCACCCCTCCCTTTGAGGAGGGGGAACTGCGCCACCCCCGCCTTACTCTGGTGTATAATGATGACCGTGATACTAGACGGCAAGAATCGCAGGGATGTTGCCCGATGTTTTGTACCCCGCGGTGTAGCACCTTGGGCATCCGCGCCCTAGTTCTTTAGACCACAGTATACCATAGTTACAATATCTCTTACTCCTCCACGCCTCTGTGTCTCTTCTAAGCCCACCAGACAACCAGGAGCGGATAGCGCTATACAGGGAA,681,52.42,Homo sapiens
SEQ_752329,TGAGAAGGCGTGCTTCAATCGCCCGAATCTTATTAGTAGACGTATGACTTAGTTTAACGTAATTTATTGCTTGGCTCAGCCCCGATAATTATAGGCGTTTGATCCGGCTGGTAGTTCTTGAAGGAGGGAATTCAT,135,42.96,Caenorhabditis elegans
SEQ_733624,TATTTCACTGGTTTAGGTACCTGCGACGGGCTGACGTGACGCGTCGCCTGACCAGATAAATGCTTTTCAGCCATGACTGCCGGCCTATGGCCGGAACGCGGAGATGCCAGTCGTACAGAGCACCCATCCATTTGCGCCCTAGGTCCAGACTTTGTGATCAGGGCCACACCTGCCTAACTACGTCTACGAGTACCCCCAATATCGTCCGAGACATTGCCAAACCCGCGAAATGGAGGCATCACCCCGATATTGATGCGGCATTCGCAGTGACGTGTCCAACTATCACACCGGGCTCGCTGGGTATAAGACGGACGGTTCAAGACAGGGTTCCAATCCGGCAGTCAAAGGATACGAGCTATACCTACGGCCTTCTGACGGCCCCAGGCTTATTAGAGGCAAGATGGTATAGAAAGGCTGTACGCCTGCCTCCAACTATATCGCCGGAATAGCGTTGGGTTGCGGTTGCGGAGGCTGATTGAGTCTATGAGTGGCAGAGCTCCCCTCCTTCAGATGGTCATGCCAGTGTCTTCGATGAATGTCGTAGTGTCCTCGCGCAAAGCGATCTGTGCTGGTGCCTGTTTGCGCTCGCAGCTCTCGGTTGTAAACGAAGTTCAGACCGGCTGACGTGCTCACGGATCTGATTGCCTACGGTCGGAGCGCTGTACTCACTACTGTGAGAGCCCCATGACCGGTAACTTCGTGTCCATTACGAAAGGACTACCTACTCACTCCCGCCCCCGACCGATCGCCCGCTACGCCGAATGAACTACACTGCGATCGTTTGGGTTCGTTCTATACCGGAGAGTGCCACTTTCCTTACAGGCGCTTAAGCTGCCCAAGAAGCGCATGAAGCCCCCACCCAGCAATGCCCTCACAGCAAAAGCCAAGAAATAGAAGCGATGATACCTGTAGAGGCTTATTCTGCTTATCGACGTAGTACTGCCGGAAGCTCTATTTTTCGGGTCCTGGGTGCGCGCACATCCCGTCCCCTGCGATAGAGTCTTTAGCCACCTACATTCCTAAATAAAGGAATGTGGATTATAGTTAAAATGCGCGCATGAGCTATATCGAGGAGATCAGGGCATGATAGGAAGATACTTTATGGTACTCGATGGGCACCCCACAGCTGCTGTAAGATTGGCCGATTCCGGCGCCGAATCACTTGAAATCGAAGTCATTATGTTTGTCTTGGTGCTTCCCTGTGACGCTACTCCAGATTTGTCCTGATGAAATTGTAATACGTTAGTCTGTGGGTGTTGATTCCGACTATCTGAGTTGTCCCTGAGGATATAGGCGGTAGTCGGGTTCCACTTGTGAGATACTAAGGAAGTCAATTAGACCTTACGCTGTAAGCTACACGATATCTGGGGATATGACACCTGCCGTTAGAACACTATCCAGGTAACGGAAAGTGACTTACCTGCCTTTGTCCGATGCAGAACTTAACTACATAAAGTACAGTTCTTCATCAGTGCACCCTCAGGTTATTGTACCAATTTCGCTGTCTCGTCGATTCTTAGAACCTTCGATAGCAACGCGAT,1541,51.52,Drosophila melanogaster
SEQ_512435,GGCGGGAGCATAACATCTACATTGGGAGCCCGGGTTCCTCCAAGCGGACGTGAGCATCGGAGTCTCGTTTGGTCTATCTCTTATACGCATGTCAGACTTAGTGCTAGTAGTCGGTCCGAAACCTACAGATACCAGGGGCGCGAACTTCTGATGAGTATCCGGTGATTGTGCAGAGAACATGCAAGTGCGATGGTGCTAGTCTGTGTTACCGTTACGCCAACGGACACGAACAGTACGTGACTAGAGGCGCGTGGTCAATGGTTTCAAGGGACCCATTACGCAGTCAGGTGTGAGCCAGTTATATAACATAAATAGCCCCGCGCCCAGTGACGCCAATAATGTTCCTATGGTAGGACTCCGAACGTCTGGGTAATTCTAGCGTAGTTGACCGGAAGTCAGTATTTATCATGCAATTAGCAATCCTAAAAAAGAAATAAACCGCGACGACTACAAGGTGGCTCCTATCATCGTCAGATAATGTGTCCCAAGGGTAATTCCCACCTTCCAGTATCGTGGGGGTGATTGGTACCACTTTATGACGCATGAATTTTATCCCACCCACCGGGGCTTTGCTACTAGGACTCATTGCGTGTTAGGTCTCCTCCTCCTTTAGTTGCCAGCCGTCGTAACCGACGGATGGTGCATGTTAAAATAATAACTTCTGTTTAAACGTCTCGCTCGTGCCCCTAATGACGTTATAGTCCCAAGGAAGGAACCACTACGATGACGGGAGTATTCCACCTTGACAGATGGGCGATCTCGGAAGCGCCAATCTTTACATTAATCCGAAAACCCGGAGGCTAAATTAAATGACTCTAAGCATCTGGGGGGGAATTGCTTA,841,48.87,Mus musculus
SEQ_905949,CTAGGGATGCGCTCAGGGCCGTTTAGGAATAACGATGCTGCACTTGATCGTTGTTCAGAGCAGCCTCAAACGTGTCAACGACCGTATTGTTAATCAACCTGTCCTGGTATGAGATCCCTATTTCAGGGCGAGGAGACAATTCGAGTACGCCCCACACTTCTTTACTTAGGAAACTCCCAGACTTCGGTGGTACTCACACTATGGCAGTATAGGCACGTGGGAATCTCATAGACCTCAAATCAGAACAGAGCCTTCGAAATGCCTAAAGGGATTCCATCCTGAGCCCGGCGTTCCGTCACGTACGCAGCAATGTCGTTGACCCCCTAGACCCAAAAGGACCAGCCCAGTACCCTACGCTTCAGTCATTGAGTTTGTACCATAGACAAAATAGAAAGCCGCATTGCATCTCAAAACTCCCATAGCTGCAAAGGCGACCATCTGAGTTCGACGGGAGCAACCCACTGTCTCTATTCTTTGCGAACCCCCTGGCGATCGGTTAGGCCGTGAATCGGTGAGCGATCCTTCGGCACCGGTGGATGCTCACTGCTCCTGATCCGTATTGACCGTCGGCCGTCCCTCGTGCGTCGTTCGAGGTTTCCCTCGGCAGACTCTGTACGATAGCTGAAAACACTTCCTACTGCGGTACTGTGAGGGCTTTCAGGTCACATACCCGCCGTCGCGGAAAAGTTGGGCCCGGCCCATATCGCTGACTCCTGTGGTGATCGAAGTGCTCGTGATAGAATTAAAAGGCACGAATGCCAAGACGGATAGCCGTGGGTCTTACGACCTTACTTTATCAGTGTTCTTCTGGGGTGTGACCTTAGGGGTCACTCGTTTGCGGACGAATCCGCAGTTGGAGCCGAGCGCAGGGCTCGAACGCAAATAGATGGCTGAGCTCGCGCTTAACGACCTATACTGCTTTATTATCACTCGTTCTCCATTGCCCCCAACAGCAGCTCTCTGCATCCTAGTGTAAATCTCATCCGTACTTTCCAACCTAGGTGCCCTCTAGGCGCTTTGTTCTAAACTCACTGGATTATTTCGGCACTTCTGAACGAACCCTTTATCGAGACCGAACCCATCACTATATGTAGAATACTGGGCTGCATGGCACACTCTTGCAGTACCCTGGGTCCCAAATTCATAACAGTGGGGCGTGTAAGGCGCTGCTACTTATCTCACCTACTGTACATCTATGGGTGTACCTCGTAGTTGTCACGACATTCGTAGATTGATATGAACATTGTCTTGTTACACTGGCACCAAGAGGGATTAGCTCGGGTCCTTGCTACTCGGGTTGAATGAAGCGTAGAACTATGCGGGCAAAGACCGAAGTGTCCATTCAGAAATATCAATAAAGAGGGTCTGGGGCTTAGAACTTACAACGGGGGACATCGGTTGGTCGTATCGATTCTCCTGCTAACCAGCCTTTTTATCTATAACGTCGAACTTGTATTTTTAGACGGATGTTACAGTTGAATGGAGCTCCATGGCTAACTCGTTAATAACGCTTACCGATCAATGAAAACTCTGGACAAGACCAACTACCGACACGTACTTGAAGACGTTTTACAAAGGCGCCCCATATACAGACCGGCTAATGGACATACGGATAGCTGACTTAGGGACCGGTCGAATCGGCCGTGAATGGCACTCCAAATCGGCCTCAAGTTACAGTCAGGATCCGTGAGGCACCCGCATGAATAATGACCCATAATGCTAAGTTAGTTGTCAAGATATCCCTTCTTTGTCACCTTGTCGACGTCTGGCCGTTATGACAAAGAC,1785,50.08,Escherichia coli
SEQ_347989,AAGCTTGTGTATACTCTCTGGTTTTTAATTGTGGAGTCACTGCGTGTAGACTGAGATTGGACCGTAACGAGTACTGCAGCGTCGCATCAGCATGCTCGTACTATCCCCAACGCCGAAAAGTTGAGGAAGGCATTGTTGTGACGCTGCCCGGCATGATTCTGTACTCTGATGCTCTCTGGCTCTCTCAAGGCGCGCATTCAATCCCGTCGGCTTATAACACTAATTAGATTTATGACTGTCCACTGGTGCATGGACATTTGAAAACACACATATCCGTACGAGATGATACTCGGCGTCATATCTCCAAGCTTCCACGTAGTGCTCTATAAATCGGACCCTGATTCTATGGAAAAGAAGCGGGCTCGAGGATGCAGGAGACGGGTCTGCAGCCGCCAAAGTAAGAGGATAATGTGAATGGCCTGGGCCCAAGCAATGTGATCCCTGCTGTAATATGTTTCTAATATTGACAAATGC,474,47.89,Arabidopsis thaliana
SEQ_505778,TTGTTGCACGGTCCCACCCCAGGAGAGGTGAGTTAAAAGCGGTATATTCCAAGGAGAGCGTGCTATGCAGTTTATCCGAATCTGTTCTCGTATTTCACAATTACTCAGATTAATACTCCCCGAACCGGCGGTACGGCACAGTTTGTCACCCTCGGCGAGGATGTAGTCAAGCTGAGCACGGGCTACCCGTTAATAAAGTCCCCGACCCGATCAATTGCGAGACTAGGGAGATTCGCATCGCAAAGGGGAATTCACGCTAAGTTAGCTGCATACATGCTCGACCGCCGCTGCCCATGCTGACTACGGTGGAATGCGAAGCCCCCAGTATTCGTCCCCCACACGTTTCGAACTGCTGTATCACTTGGACCTGCGGGTAATTTTTACTGCATCAGTTTGCGTCATGGCACGGGAGCGGATGGATCGCTAACCCAAACGCCCAAAGTAGCGAAGGGGATGTATGGGTACCGCGGCTGTGGTAAGCACTGATCTGAAATATTTCTCTGGCTACTGTACGATTTCCCCGCCACGGGACTGATAATGCGCTCGTTCGTAGATGGGACGCCATTCTATTCGTCAATGTACTACCTCCGGAGCGCGCCTGCCGCTTCACAGCTTTATTAGTCCCATCGTTTCGTAGTACCATGGCCATTCAAGTAACGTATACGCGTGATATGAAGTCACCAATATCGTGAGGGGAACTCCTACGGGCGGGCTTCTAGCTTGGACAAGCCAAGGCTAAAGAGTCCAGAAGGAGGCTCGATCCCCGCCGCAACTATAAGGCTGCACACCGGGTTCAAGGGAGTCGTTGTAAATCTATGTCACCATCAAACAGAGTTAATCTAGGTGCTAGTCGATTTTACCGTTTACCCAGTCTGCCCTACACTTCGTTGCCTAGTATTTATACATTGTGACCAAGCATCGGACGGCTTTTGAACATAGGAGAATCACGAATGCTTCTAAGTATGCTAGAAGTGAAAACGCCATCCACGTCATATACAAACACTCCGAATAGGTGTAATCAAGTC,1025,50.34,Drosophila melanogaster
SEQ_256715,GCACCTTCCTTTATAGATCTGAGATCCTTGGTACGGCTGGAGAAAAGATATAAGTATGAATACGTCCAGTACGTCGATGCCACCACCTGCGGACTGACCGGTTCGGTTGGTGGGGGGGGCGTGAAACCCCAGTGCGACGGGGTTTTTTCAATCACCGGTTGGCCTTGCAGTCGTGCCCGAGGTGTTTCCCGTCTGGAAACGTGTACTCATTTAGGCGTACGGCCAGTTTCATTTAACCCCTACTCCGTGAAATGAGATCAGTGCTATATAGGGGCCCAAGGCACTCTACTACTCATATCCCTTGGTACTGCGATCGACCAAATTGACGCCGCAGTTGCAATAATTTCGGAACGTTTCGGATATTTTCCACAGGCGTTCTCGGGTACGTCGTCAAGTGCGACCTTCCCCATGGTAATCCCATGATGAGATACCCCGAATGTAAGTTTTAGTCAGTAAAAATGGGCTTCTCCCGCTTCTTATCTTCGGTATCGAACACCTGGGTTAGCCACTAAGTGGACCCACTATAAGCATCCATATGATTGCCCCTGTGGGCTTACCTAAGTACTCCTGAAAAATGAGAGTGCTTGTGAACAAATCCAGTAAAGGGGCCGGTAGGTGACTGGTGATTCTACAAGACCCCGGTACGTGCTATCGGTCGGGGACAACTCATTTCCTACATAAGGCTACGCGCTGCATAGAAATGGCTTCTAGACCACTTTCTAATATTATCGCCA,734,49.59,Homo sapiens
SEQ_423584,GACAAAATCGCTTTGGAGATCGTAAGTATATGGGCCTACTTTTCAAGTGTCGTACCTTCCATTACGGCCGCGTCCGTTCAGCTATGTGGTCTCATGGGGCATGCCCCGCTACCCAGGGCAAGGGCCACGTTTCGTCTGTAACGTCTGCACACGAGATCTGGTTTAGTTGGGGGTTTTGAGCGAACCCTAGGTAGGATCGTGAATTGCCGCACACTTTCGAATAGGTTAGTGACCGTAGTAAGCGATGTTCAAGTAGCCAACCCGTCAAAGTCAATAGCGCTATTGGGGCACCTGTAGACAGGGCCTGATTATATCGATTCCAGCCTCGGTTTTGGTGTATATACTCTTGATTGTCGACATCCAGCCGTTGTAATGCCTTCTATATGCTTGTATGTAATACGCTGAGGCATCATGCGGAGCTGGCCGTCTATCACCTACAAATACCGACTTGCTACTCAGTCGTGTGGACGAAGGAGGGGCCGCGAGGTGATCTAATTACTCTAAAACCACCTGTTGTTGTTCGGGCCGATTACGTTACATTAAACAGCCGAAAGCGATCCGATGCGGGCTGTGTATTGGTCTTGCGTCTTGTCCAGATCGTTCTCGCCGAGCTGTGGTAGTAAGAAAACGGGACGTGTATGCGGAGGTGCGTGGGTGAACGCACGATATGGTCCAGATTTTTTTGGACCTGACCCCCCTTCCGACGGCCAGAACCGAGAAATTCGGTTAGGTTTGATATCCGCTCCGCAGGCCCATCCTACGAGAAGCGCCGTTGGATTGATGGCGCGACACATAGGGTGGACTGGCAGGAGATTGCGGATAGAACTGTCGTGTCTGACAAGGGCGCCAACACTGACGGGGCACCCAAAGTATTACAATTGAATCTCGAGTCACCCTTGGTCACAGCATTCTCGAAACTCAGCATGCATGGTTGACCGAGACAATGTGGATAAATAGTGCTTGATCGCTACTTACCTGATCATCTTCAGACGGTGTTGGATGAACAAGCAGCATGATTACAATTGTTGAGGCTCGCCCGGGTCACACGTTGGCGTATGCTAAGTACAGTGGTGTTAAATGATCATATCTGACCACTCAGAGTATACCAAGACTCGCTTTTCGAATTAAACATAGAATGAGCGCTTTAACTATGTATCGCAGGCGCTATGGGAGTACGCGGTCGTGAAAGGTTGGGTCCAAAACTTTTGGTACGCGCCCAACCGGTTGCGCCCTGTATAGCGAAAGGCTGTTTTCATAAAAGGCTCATAGCGACGTGTC,1278,50.31,Caenorhabditis elegans
SEQ_864066,TTTAAACCCGGCAAAAACCCATTTTCCACTGGACGTTACTTAGCAAGTCGAATGAAGGAAGCTTCATCGGTATGTAGGACTGTCTCCAACGGACTAACCTGTTGGGGAAAAAATCCCTAAGATTCTGCTTCTAGATGGACAATCTTATCGCAGCAAAGGAGCCAACACGCAGGCATGTCTGGCTTCTCAACCTTGAAATTGTTCCTGGGAGAAAAAGTGCGGATAGGTCCTCGGTCGCCTGCCGCGAAACTGCCCCCCTGATGAAGTCACCGAAGGGGCTACGGGTCTCCGCTACATCCTTACTTGGAATAGCTTAAAGGTGAGCCAGCTCCGTTTCTCATGCCCCGGGTAAATCCACTAAGGGGGGCAATTACTGGACGCGTGCTGACGCCTAGAATTCAATGTCCCCCCGAATTCACAACTCCTTGAAAGTAGCCGACAACACGCTTTATAGTCGAACGCTAGTCAATTCCAGTCTAATCAGCCCGGACGTACGTGTTAGGGTAAATTCGCGATGGCCGTCTAGCCTCTAAACGCCCCGCTTCGAAGTCCGTGTTGTCGCTCTCGCATATCCAAAGTTCCAGCATGGGAATTGTTGGCTAGCCTCCACACGCGTGATTTTTTCAACGGCAACGCGGGTACAAAAGCGACCTTCAAGGACGCCTAGATGCCCAAGAGGCGGATCCACCCGCCACAGGTAGGCCAATGCACGCATACACCCCCCCCGGAGTATAACGTCCACACATCGTTTGCCGATTTGGACAAAAGTGTTAGACGCACGAGTTCTTAGTCGGATAAGCTGCTTCTTGGGAGCCTGGAGCCTTGAACACATTAAGATCCTGATCTAACGAAGTGCACACCCAGTTACTGCGGTCCGAAAAAGAAAGCCGCAGGGAAAAGCCGACGTGCATTCCAAATTAGGCGATCGCACGTACTAACACTAGGAGGGGACGACTGGGCACGTGCCTTTCGGAACAGCGTAATTAATAGTCAATGCTGAGTAATTTCAATCCCTGACTCTTCACTGTAGATTGCGTACGAACAGCGAATATACCAGATTCGCAGTAGAACACATCTCACTTCAGAAATAATGTAATCTGCTTTCAGTTAATACATGAAATTTGTGCTTCAATCTTGAGTTGTATATGGGAAGAGCATCCAAACGATGCTCTGTCTGTCCTATATTGCCAATCGGCGATTTAATATGTAGTCATCTTCAACAGGAACCTCCTTGGCGGCAGGTTCCATTATTTAATTGGGTAGTCATCCACTATGGTCAGGAGGAGCAATTTCCTCAGGGTGTTATCCTTAATCCACGCCGTCTTGCATGCACAAACATACCCAGTTCTGTGTTGAGGTAGTAGTTCTAAAGGGTTGTCACTGCCTCTTATTGGAAGTTACCACCAAAGACATTTTGAGCCGTGCAAGATGTGTCGAACGCTGGTCCTATTAAGTGACCGCCGACATTTCTTCCGTTTGCCCGCTTCTGTCTCGTGATT,1499,48.77,Caenorhabditis elegans
SEQ_831569,TGGCGTGTGGTATGACGGACAGCTGCCTCGTCTGGTACTTAAGGTAATCCTGCCGGACATCATGAGTCGTGTATACCGGACCAGTGTATCCCTGAACTCAAGTTATCCCCCAGCCGCCCGCATATTCCCGTTATGGACGAAAGCTAATCGCGTCGTAATGAATCTGACACAAACTAATAGACCTTTATCCACTGGATCCCGCA,203,50.74,Homo sapiens
SEQ_813543,GGCCAATAGTTCCAACCCCACGTCTATAGCGTTGTCACGATTATTATGAACCTAATATCGTTTATCGCTTCATTAAGCCAGCACCACCGGAGTTGTGCGACAAAAGGGTCCTTGGAGTAGGTAGGTCACCCACTTAGGCTATAAATGGTATGTGGGACCATAGTTATGGAACTAGATCGTACAATATGAGGATGTCTAAAGGTGAGAGGCGAAGCCCTATGTAAGGTGACAATTGACTGCACTCATCCGATTTCAGAACGTTCCCAGTGACGCAGGTAGGCTACCTGGTCTCTCCAAGTTTTAGTACATCGTCGTGACGCCGCTAAGGTCCGGCTGTGTGGTGCAGAAGTTTGATTGATGCAGCTATAATGCCGAAGTAACAGGACTGATCGCACGGGTGTCAAAGTCATATGTGCGTAAGTTAAAAGCAAAATCATTCCGCTGGCAATGATGTTTCGGGTTGATTCATCCCAGGCGCGCCTCAGTTATGTCCTAGCCATTCCGAAGGGCAGAGCCCGCCTCACTGAATGAACGTTGAGGCTGTTATTAGTTCGTGTGCGGTAAAGCTGGCAGGCGGACGGGCCACGTTTCATTATGATAATGGTGTTCACGTACGTCATCCCACCTGAGTACGCCGTTCATAGGGGTCAGTCAGAGTTCCGGTCATGTCGTGTCGACGTAAAGAAA,687,48.91,Homo sapiens
SEQ_684614,AATATGGCGGTCCACTCGGTCGCTCTCACACCCGGGTAACACGTGAGGAGCTGTCTACTGAACCTCAGGGTGATGGTTGCGCTTTTTAATTTCAAATGGCGTAAAAAGGTTCTAAAAAAAAACACACCTGCTAATGGCCGATGGAAAATGTTAGATTAATATGCTGACTATTCGAACTCATAGAACTGACAATCGCGCCGGAGGAACCTCTTTTAAAATGTTGGCCCTCTCTCTATCAAGAGCCGATATCCGCATTTAATCTGGTGCGTGGCGGGTCGGCGACGCAAGCTGTAGTTCCCATGAGGTGTGCTGTGTCAGTACTCATAAGCGGTCTTACAGCAATGATCGCTATCTTACTGTTACCGAATATGAGACATTGTTACTCGACGCGACGCCATGGCTGAACATATCATCTCAGAGGCGATCAAAGCTGCATGCGATTCTTTCTCAGATGGCGGTTAACCCTCCACTCCAGCTTCAACCGGTATCTAAGGAATCAATTGGATATGTATTAGACACAGGACCATCTTGATCCATATCCCGATAACTCAGAGGTTCTCTTAGCACGCATTATTCCTCCGAATTTTGGCGCCGGATATTACAGCCTTGACGGTCGCTGACAATAGGCAAATTTTGGACGGGCCCTAAGGTGGCCGTCTAGCTACTAGGGGAGCGTCTAGCAGCTCCGGCTGGTATGCCTACGGCTATTCGCGTGTACAGGGACTGCTCATGGAGGCGTGTTAGGATCTGTCCAGTGAGAATTTACTCCCAATTACGACTGTCGAAACTTATGGATCGGCGAAGAAATTCTCGACAACTAGGCTCGTGTAGGCTTCATATGCATGTATTGATGACGAACCTATGTTCGGTAGTATCAATCAAATGATCAAGCTATGAATACTAGGTTCCAACGCAAGCTGCTACACCTCGAACGCAGAGAGTTGCCAGGTGTCGAGTGAGCTCATATCGCAATTGATTCACGTTAGAGAACGATCGTAGGACTGTCAAGATGGTTCAGTGCCGATATTACTGTGCTTAAACTAAGCTCGGGGTCAGGGGTCCGCCTGGAAGCTCAGTCCTGCTAGTAATACCGGAGCGTGCGACCCTCTTTCATTATTCATGTTCATAAACATACCCCCTCGTGATACCCAGGGAAGGCACAGTCTCCCGATACAGCTTATCCTCGACGCACCGTGAAAGTTCAACTCGCCGCACAACCAAAGAATGGTTAATTCCATGATGTGACTCGACTACACCCCCGGTGTGGGATCCTCCAGGTTCCATTGGAAGGCCCTTTTCTTTCAAGCGGATTTATCTCAGGTGGACCATACGATGTCCGGCGAGGAGTCCAACCGTGAACTTCTGCCAAAGGGATCTTCCTTTTTTGTGGTATTCGTGTATTATCGTGTACATGTTCGAATCGAACACGGACATCTCTGAAATCTGACTATGCCAGCCCCCGAATGCTAAGACCAAAAGGATAACCACTCTCCAATGAAAAACGTATATAAGCGACTCGGGGTCGTTGTCGGGATAGCGCCTGTACCTCTCGTCCGCAACATAAAGTATATTCTTTAATCTCAGACGAAATTGGCGTTGACCTGCTGCGACCTGATATTCCCCGAATAAGGAGCTGCGCCGCCATGTAACCTATGAGTGAATGAAGGCCTTATGAGGGCGCATGAGGGCAGACTGTACATGTGAGTGGTTTGCATTACACATCGCAAGGTTTACGGCGACACAGGATCATTACATCGTTCGCCGCTATCACAGGCGTCCCATCCAACCCT,1790,48.55,Caenorhabditis elegans
SEQ_827300,AGCTCGAAAACGGACTGTGGGCTATTTAGACTAGAAGCTACCACTTTCGCGAAGCGAGTTGCCATGCCCCAATGGCGAGGCGGGCAAACCCCGATCGGCTGGATCAGACGCCGTTCAATTTCGTATAAACTGCCCATTTGACGGTTCCTGGCAGCGACTTTGCGTCCCGCCGGAGAATGAGCCTATTACTCTTTCGAGAGTGACGTATGGGCGATATGAGGGACCACCTGCTTTAGAGATGCAATGATCCTCGGCCTAGGTAGTATAGTAACCGCGAGTTGTTGTTAGGCCTTTCACAGCTACAAGCAGGTGGTCCGAAGGTATAGCCAACCACATTGGGCCACTCCGGCTGCCTGGTATTTGTAGGATCCAAGGTATAGAGTGGATGTATAACGTCTAGAGTGCAACGAAGTCCCAGGTCTGGGATGTGCGAGCTGCAACATGCATGTTTATCATGTCTGCAGATGTAGTCTAAGGACAGAGATTATACATACAGGCGTCGCGCGCGGCCGCGGAAATGCCAGGAGCAGTGCCGGCATTGAGTATGCATTCCCATTCTCAAATTATAGTACGGGAGCGAAAGATCCTGCCAGGTCGCTTTTGCCACATTTAGGTTGGTGGCCCAAGTTCGCTCACTAGTATGTGTCCCCACCACTTTATCTGGAAGTCTGGTCCGTAGTGGGCGCGCTCACGATACCCCAGTCTTCGATTGCCGGCACAAGTCGCGGCAGTAGTCTACTGTCGGACGTGTCGAAATGAGCGATGCCAAGGGTATTTATGTACCTCTAGCGCGACCCCCATTCCAGAACCCATAAGGGTGATAAGAGTCTCGGGGCTGTATGATAGAAATCGTTGTGTTCGCGCCCCATATGCATTGGGGACGCGACCGTCCCCGCTGCCAGCAGTACCGTGACTAACTATCTCCGACGATAAAGTACCGTATGTCAACTAGTCCCTCTGGTCGAACACGGAGACTTGTGCGATGGTAGCTCACTTGACGATCCAGGCTTTAGTCCCTCGAATTTCCAATATGACGCTTTT,1041,52.45,Drosophila melanogaster
SEQ_553009,ACTTGCCAGTTCGCTGAAACACCGGTTTGGAATAGCCCACAGTGAAAGTATCCGCAAGTTAGCAGATGCAATACGA,76,47.37,Arabidopsis thaliana
SEQ_258715,GTTTGCGCCACGTATCGACCCTTAGCGTGTGCAATATGGTAGGACTGTTACACTGGTAACCGGAAATCTGCGTGGGATGGGCCCTGCTGAATTCATCGAATAGCAGCATTCTCAGATAGCCATTTAGTTACGTGGAATCTTGGGGATGTCTTGATGCTTCATTGGAGCGTTAAGGAGCATTTTCTCGCTTTCCCGCGCATCAATTGAACACTCAGCCTATCGGTGAGAAATGCTGCCCCGGCAAACCGCTCTACGGCAGTTGTTGTGTTGGACGTCGAACAAGAACCCCTCTTCATACCACCAATCCCTTTTGACTCGAGCAGTGGTACGCCGATCGCTGGTTTTATTAGGCGAGTACGTTCCCTGCCCACCTAAGAATCGCCAAGCAAAAGAGCACTGCCGCGCACTCGCGTGTGAAAGGTAATAAGTAAAGCTGGATCCGTGCGCTCGATTCGAACATTACTCCGGCGGAAAGGGAATTCCTGCTAAACGTTTTTTCTTAGCCATCAGTGGAATCAACCCCGGAAGAATATTCCTGCTTGGCAACAGTGCTTTGGCTTGGATTGAAAATGCTAAGTAGTCTAGAAGAACCTAGGAGAGCAACTTTTCCCTATCCCTATATGTCCGCAAAATGAGTCGGGTTACCGGCCCGTGTCGTTAACTGGGACCCTGCATCCCATAGGCCTCAAAACTCGCCCTACACCGGCTCTTGCTGTATACAGCCGCTTCCCGGTCGCACAATCTTCTGGACTTGTGACGACCAGACGACGGGAATGGATGCCCGTGATTTACTCGTCGGGAGTCGATAGTCTATTTATTTTTAGACGAACATCTGTTTCACTGATTGAGTTCCTGGGATAATTTGTATGGTACTAAGTGGGTTATTAAGAACGAATTGGCTAAAAATCGATCTAACATATTTGAGTCCGTCGTGAGTCCTCGGACGTTCACTAAGGACTTAGGGTGTTATTATACCTGTTGACGCGTTGGACTATGGGACTCTAGAATAATAATACGGGTCGTGATGTCGTATAAAGGACGTTGGAAAACAGAAAGGAGCGGGCTTTTCTCGATGTGGTTGCGAACTAAATCTGTACGGATTAAAGATATTATACGCGGGTAATGCAGCCGAAACTGTAGTTATCTGACTACGTGGCGACGATCCGCAAGTTCTTGTCACTCCTGATGTGCTAAGAGATTGCGCCCCCCTCAGTCCGTTTCTCTATGAGCTCAAAGTACATTGATTTAAGACACTGCTTCACATTAAGAGGCTGTATCTACGTATTTCGTCGTAGTAACGATATCGGTTGCTGTTTATAGTCGCGACTTACGTAACGTAAACGGTGTTACATTTGATAGCTTAAGTACATGACCTCCCTGGATACTGCGGGGTACCCGAAGGCAAAAGAATGTTTAGATTTGGGTGGTTAGCCCGACAGACCAGGCGTGTTCCGCGGCCCACCTGACTAAGCTAAGGCCGCCGTATGAGCCATTAGAGACTCCCAAGCAGATTAAGCCTGTTGCCCAAGTCAATAGACGTAGCCCACCTATTTAATCAGGACTCCTCCTTTTGAACAGCTATGTCGGTCACCCTACTGTGACCGAGCTAATGCAGCTCCTACTCGGTTCCGACATAATTGCTTTCGAGGGTCAAAAACCCTCTCTGGTGGGAAAAGTCATCAAGCGCTGTTCTGTCCGACCACGCGTCAAGTATGTGCTCCGCTAATTATGGATCGCGGGATCTGTTCCGTCCCGCCCACAAGAATTTACTTTACATTACTGGCGACGAATACAGTTCGTGCAAAGCGTGCAAGGGTCCGCCATACACAACCCAGCTCACAACACGGCGCTGCCACGTCGAACCTATCCGTCAGAAGCCTAGATGCTGTTTCACTATGAGTTCTTTAGTACTTCATAACGGTACCCCTTTTATATCATCTTACTTATAAA,1950,48.05,Caenorhabditis elegans
SEQ_790583,CTACGGCAGATGAAACAGACTGTTCCTGGTGTGATACGTGGTTTTTTGTGAGCAGTCCTAAATTTCCTACGTCGAGGGTTATATGTCGTGCCTTTTAACAATGGAGCTGCGACCTTTGAAGTTGCAGACCCACGTCTTCGCAAGGTATCGCACTTTTGGTGGATTCGGACCATGAGAGCTCGGGCTCCCGCAAAGTAGCAAGATTGCGCTAGGCATAGGCATCGGGCGAATTTATAGGTGAGTCACACATAAATACGACTTAACCGTTCACCAGTCAAGCTGGGGTCCGAAAGGACCGGGTTACTCTACGCCTCGTAGGTTCTTACTAGGCCTAAATCCACACCAGGACTAGAGACATGCGAACCACTCGTACCACTCGGAATTCTGGACGTCCTGGCCAGTTAGGTAAGGTCCGATTATACTTGACAGGGCGGCCGCGGTATAGAAGGTG,451,50.78,Homo sapiens
SEQ_594666,TGGTCTCATCATCACCAGTGTTCCCCGTATGGTTTACATACTCTTGGAAGTGTCGTTCGTAGTCCGCATTTATCATCGATGATGATGGAGCGATTCACTATCCCACGCGGTCTGTAGGGCTCGTCCCAATGGGTACATTCTGGGA,145,49.66,Mus musculus
SEQ_429092,GGACGAAGCTCAGGAGGGGCGCATGTTAGGCGGGCCAGTTATACATGTGCTGGATACTACCCCGTGGTTGATGACAGGCGGTGTCAACGTTCATGTTGATGCCTGACTGTTACCCCACTATCGGACGTCCTGGGTCGGAGAATTTCGGCCCGAACGAGGCGACTAATCGCTTTCTGCGCCGCGAGTAGGTTGCATTTGGTGGAGGTTCGTAAACTTCCACACGGGGCAGAGGCGCACGTCATCGAGCACAAATGACGTGAAAGCCCACCGCCGTTCGTGGTCTTCGAGTATTATGTTCGATCTGGCGACTTTATTTAGACCGCCTAGCGGGTAGTGAGTGACTTGTTCCTGGGTGCTTACGCATAATGTTCTATGAGGATCTTTTTAATAACTACCCTTTGGGTATGAGGTATTCGGGAGGGTCGGCCTTTACCTGTATCGAAAAGCCGAGACAAGCAACAACTTACTACGACACGCAGAAAACGCCCTCGCTATCAGGGTCAATAGGGGAAATGAGTCTCGGCGTTCCCTTTTGTAAGAGTTAAACGGCCTGGCGGTAGGCGCTAAGAGAGCTAAACCCTGTCAGACGCGCGACTAGCGCTCAAGCTACGCCCATTTGGGGGCAATGTGCTGACGCAGCCACATGAATAAGCCAATCTATGGAGGTCTAAAGCCATGACTATCTTACGCCGCTAAGTAGATTCGCGGTGCATAACAACGTGCTGTGGGAGCGATCCTTCGACCAGGCTGACCACGGCGTAGTACACCTGGTGAAGCGACGTTGTCTAGGGGGTCTGGCCGTCTGCTCTGTTGGTCATCAAGGAAAATTCGCTATTCTACACTAGATTATTCGCGCAGAGCTGTGCTAGTCTGACGCCGTATATTCCTAATCCGGCGCACACCATGTGAACCATGGAACGCTGGGAGATCACACGGGGGTGTGGCGTCTAAAGAGATTTTAGCATGTATTCCTGGCGGTATCGTCCGTCGCGAGGTGTTGTTACCGAAATCCCAAACTATTGAAACTGATGCGGAGGTCTGTCTACGTTAGTCGCGAGGAACTCCAGAATTGAGCACATACAGTTTCTTGTGTGTTCCACCATTCTTTGCTGTCGCAATCGTAGGGGCGCAATGAGAGCTCGGTACCGATGATGGGATTAGAGGAAAGTGCTACAACGGGGTCATCAGGCTCTCAGACGTTACACCCCATCACCTCCGACTCTCAGTCCCTGTACTCACACGAGGAGGAACAAAACCTCGTGCCTAAGGAGTCGAAAGCAAAGCAGGGGTTCGGTATTTATGGACGAGGGCTAGGTGTCGGACGGCGTCGGTATCCATTTCGAAACCCAAAGTTAAGAAACGGTCAACGAGCGATTCCAGCAAAGGAACCGGTTATTTGGTTAATTCCTGACCGGATTAGAAAGCATCGAGGAAATAAGTCAACCAGGCGGCGAGAAGAGCAACCCTCTCAGCTAACAGCGAATAATATAGAGCCTTAAGCCTTCTCTCGGTAGAACGTCTCCCGTTCAGGCGCACCGCCGCTCCTAACGTTCGTCCCCGGCGGTACGTGGGGATTGGCCGATATCCTCGTAGCATGCGGAACCCAAACGGCGTTTCTTCTT,1622,52.47,Homo sapiens
SEQ_582233,ATACACTTGACGTAGAGATGACTTACAAATGTGAAATACTGATATCGTCTAGAAATATTGAAACAGCGCTCACCACCCCAGATACGCCGAGCTGTTAGCTGTAGTGAGCTAGTATGGTCAACTGTATATGCTCGCTATGCCCGGCTCGTGGCCCATGTCCCGTCGCAGGCATGGATAGTCTGATGAACACGCGGACAGATGATTAGCGCAAGATGAGATAGGATTTTACTCATGGAAGTTACAGATATAGCCTTGACAACCGACGAGTACGTAACTATTCGAGCCTCTGTAACTCGTTAAGGGAAAAATGCCTTAACTGACCGGCCGGGGATCCCGTCCTCGCCACACACCTTCCATGGTACAAAATACAGCACAATAGGACAAGTGGCCTTTTCGAGGTCAGAAACAAGGTGGCGCCAGCCGGATCGCAACTCTGGATTATTGAACATGCCCGGTAGCGCAATACTGTTCCAGGGAGAGGGCAAGTTGATCTATGAGGTCACGAGGCACAATAGGTTAATTTATATTAACTAACGGATACTGATACGCAAGAATGTGCTAAATGGTTCTGGACGACCCTGTTCGTGATCCACAATTTGTGCCCAAGCCATTTTCAGCTGGATCCGTTCAACATTGGCAATTTATAGACTGTCCTCTTCCCAGCGACTCCAATGGGTAAGTGAGGACTACAGTATCATCGTTACTCGACTGCGAGCACACCTAGAAGGGGCGCATTGCCTATGAAGACGCGCCGCTCACAGATACGGCCTTTGTTGAGCACCAAGTGTTGCAGAATGAAAGGGCCGTGTACAGAGCACGTACCGCAAGGCTCGCTTCAAAGTCAATGGCGTCCTAATCCTTTGGCCAGGCAATTATAGCGGCGGAGAAACACTTGATTGCTTTGGCACAGATCTTGTAGGTCCTCCATCGGTCTCGTGAGCGTTTGGAGACGTTAGATCGAGAGGCCCCGTGGATTCGTAAGCCCAGGAACGGTATAGGCGAGCCAATGCTAATAATGACGTGTACGGCAAGTAGATGGCAATGCGTACAACAGATCCTCCGAAGCCGGCGGAAAGATTATTGAAAGGAGGGTATGCTGCCCGACGGACGTACCCACTATATAAACGGCAACGATCTTTACCCAAGGGGTGCATCTGCAATACATTGCGCGGCCACAGAAAGAATAGTTGATGCCTTTTGTGTGCGTGGTAAACACGTCCGTTTGTTACCTGCTACGAGCAGAGTGTGCTAGTATCACATGTTTTCAAAAAGGTAACCGTTAGACATCAGAATTCTCAAGAACGATCAACGTGACGCGTTAAGTAGGGACAAACAATTTAGGTTCACGCGGGAATCAGGCGAGAGGTGACTCTGTGTTGATAGTGGGCACACGCTTGAAAGTCTCGTCTACAGGCGTCAATGCCTCTTCACTTGCCTACCTTCTTCATTGGGGAGCCTTGTATCCAACTTCCGATAGCTATAATCGAGGACCGTCCACGGTTGGTTGGTCCCTGGCCTCGGCTCCGTACTGACCCTGGGTCATTCTCCGTTAACCATTTTCTAAGTCGCGTAGTGAATCAGGTTAGTAGTATTGTCATGGCACCACAGGTTTATATTGCAATTTCCACCTTGATGCAAATCCCCCTTGACATCCTGTGTGCTTGTTTTATAACGAGCGACCTTATTTCGCCGGTTATACGTTTTGGATCTACCGAGGATGTTGTCGACTAGCTGAACCTTGGGTAGCTTTATACTGCACGTATTTTTGCTAGGGTACACCCTTTCGACCGGTGGATATATTGCGATGTAGGTGAGCACAAATTCCGGAAGCCTAGTCCTCCACGTTACAGTTTGGGACGCACAACGTCGGATCGAATGGCTAGCGGTCAATTGGTCTTGACCTCTTCGTGACATCCGTTTCTCATACTTCTACCAATACCAAATTGGCTTTGAACATTG,1959,48.55,Drosophila melanogaster
SEQ_305517,GAGTTCGACCGAGTGCCCGAAGCAATCATGTGACGGGACGGTTCCCATATTAGGGGAGTGCTCATAAAAGAGTCGTCAAGGTCTTACGGCCGTTCGAACGAGGCTGTGGTTCTCCCGATTCACCCCATTCAACAGTCCCCCGCGGATGGCCCCCTTTCAATGGGCTAACGCCACTGGAAGCTCTCAGCGCCCCCACACCCATTACACAAGGGCCCTCGGACATTTCGCGCCTCCTCTCGTCTCGCTTAGGGAGATGTTATACCGTATCGGGGACATCTGCTCTACTCATGCCCTTCATCGGCCGGTGTGGGAGACGTCGCGCATGGAAATTCGTTGAACAACCCCCTAGGGGATGACAGGCAAATACAGGGTACCTGTTAGGAGGCTTGCTTTTGTTAGGCCGGCTGAGTTACTCCAACAGTGACTGTTTCCGGTGGAAAGTACAATGGTGTCATGTGGATCGAAAAGCAGCTTACTTACGCGCTTCGAAGAGGCGAGAGTTGACAACCGTGGGTAACAGGCCGGGTGAGGGCAGTTGAAAATTTACGGTGATTCAGAAGAAGGTACACA,570,54.39,Escherichia coli
SEQ_833563,TCTATGCATTGATTCATCCACCGGTTTGCGCGAATGTGGGCCTTGCATATAGGGCTAGTCTTGTCTCAGGAGCGACTCTTGTAATTGGGATGCCCGAGGTCCGCACCACTCGCTAAGCCGCGATTTCATGATTGGCGTCTTTCCCCAAATCTTCTTGTTCATCGGGGATCACAAGCCGTAAGCGGTAGTCTATGCCGCGGCGCATTGAAGCGCTTCATATTTCGCCATTAGACATCGGAAAGACCGCCGCATGTGCTGTCCGCACACTTGGGAGGGATGCTAAAACGCCACGCCGTCCAAAT,302,53.31,Drosophila melanogaster
SEQ_804411,GCGGCAATGCCTTTTGATAGTTTCTAGCGATGACGGCTAGAACGCAGTAACCTGGTCCGGATGGCGGCCTGAGGAACAGCAGTCTAGGCGATCGCGACCATCCCTCTTGCCCCCCATAAAAGCCCTGTACCTTGTTGGGCGGTGAGGCTAGAGCCTAGTAATTGTCCCAAATAGCAC,177,55.37,Saccharomyces cerevisiae
SEQ_481107,TTACATCGATTGTCGGAAACTTGCTGCACATCCCAAGGCCTGTGTCTCAGAGACGTGATGAGGCACCGAGGGGCTACCTACGTCATATTATATCATTAACGCTGCTAGCGCAGTGCTCAAACCATGGAACAGGGAAGTCAGCTGATGGCAATCCACTTGGCGTATCATGGGATCGATTGGAGGTAGCCCACAGTCCTATCTAGATGATGATACGAATTCCACTAGTAGAAAAGACCGTCATGACCCAACTAAGTCGCACCATTATACAGAGCAGTGCGTGTGAGTAGGCGTCGGGAAAGGAGCCGAAATCGTCGGGGCCAACATTCAAACACAACGATCGAGAACATTCTGATAAATGAATGAAGGACCAGGTATGCCGGTCCGATGGGTAGAGGGAAGCTAATTATAATGTGGTGCGGTTGTCGTAAAACCTCGATACAGTACCTTCAGCTGGATGGGACCCACGTCTAATCGTGATCTACTCCCGAATTTCCCGGACGGCGTTAGGCTGCTCTCGGCACCCCCGCAGTGATGCACTCGTTCACTTACGTGACTCTGGGACCCGGGAGAGCTCGCCCGTACATTTGTCGCCGCCTCCATTGCTAACAGGGCATTGATGAGTAACTGACGTACGAACCAAGCCCTGCCAGTGACGTGTGCACCGGAATTATGCGTAGCTCTACGATATGGCCTTGATATGGAGCACGCCCGATATGCACCGGAGTCTCAGCTAAGCCAAACGCCACTCGGGTTCTGCTACCTTACTACATTGGCGATCATCTATGATTACTCTCGGAGGATGCTAACCACCCATCTAACCCCACCAGAATTCGACAGCGATCCGAGGACAGTGTAGGAGTGGGTGTCTCTCGTGGGACAGATTCTCACAAAGCGATCTACTGCCCCACGCGGCCAGACCGGCCTAGCAATTCGGTCTAGTTAGGATCCACTTCCCGCGTACGCTACACCTATATATGAGCTGAGCACGAATCGAATTTTATAATGCCAAATAGGATAAGGGCGCACCTAACCGAAAGATCCGCCCCGCACCTTTCCTTACTATAGCCTTGAAGTCGGTTTAGGAAAGGACGTCATTCGGGTACATCGACCCGAGAACATTGCTTCCTCGACCGCGCCCCACTCATGACTTCGGGCGGAATGCTCACTTTAGGCCTACGTATGGAGACCTGCCTTAGTTAATTCGCGTTATCTTGCTTACTTGAGACCTACTTCGTAGTCACATATATTTCCTCGCAGCGCGGCTAAGACAATTTAGCAGGACTAGGCGTCTCCACCAAATCGTAGCCTGCTAGCCGTTTCCGAATGACAACGTCTTTAATGTGGCAGTGAGTGGCATTGCCCAGTGTCGTGTACACATGCACGCTAGATTTCCTGGCAGGCCTCTCTATCGATCTATCAAATGGATGCCTCTAATCGAACTCTGTAGCGACGCGCCTCAAACTGACCCTTGGATCAATAGTCGGGTCGGCGACAAAGTGGGGTGTTTTGTCGGCATAGCGTTGCTATGTTGTAGGACCTGAGATGGGTCAATCCAACATACGAAGTACCTGCGGTCAAAGAAGAGAAAGCGGCCAAGTCACCTCCCGCCTTTGAAAACGTGCGTGCGAACAACTATCCTGTTTATTTAGTCGTAAGGCTATTCGTATGCCGCTTGATTTTACCGCACTTTCTCGAAGAGACGGTTACCACAGATATTTACACCAAGAT,1728,50.87,Escherichia coli
SEQ_639604,CTCCTCGTAGCAATCGAGTTCAGATCGGACGGCCCCCCAGAGCCTAACGAACCACACAAGACGTATGGTCATTCTTCCTTGCTCATTGCAAATAGTACACTCCTTATAGACTCGTAAACTTGCTGTCGGTTGAGGTATTTCCGCACGCTACGGAACATAGACGGTCAGATCCCATGACACATCGAATACCTATAACCCTCATCAAACGGGAAGCATGATCACCTCAGCGTTTCTTGGGGAGGGTGTAGGGGGCCAAGATCAAGCCCCGGGGAAACTTATTCCATACGACTACGCCGACCCTAGCCTCCCGGCCTAAATTGTTGAATCCTCCCCAAAAATTGGGGTCATGTAGACGTCGTGTTCCGAATTATAGAAAGTGCGCGGATGAGGTATGTTGGTGCTGTAACTAGGGTCAGGTCGAGAGATGATAGGCGTCCTCACATCCGCCTAACATTCGCTACTCGCGTATATAGTCTAGATTTGTCTAAAAGCCGAATACGAAAGAGTACTTTGATATAATGCATAACGCTTGACGTCACACAATTCATAGGAATACATCTATATTGCCGCAGCAGCGGATGAAGGTGCAGTACTCTCCGTGTCGAAAAATCTAGTCTACGACACCGCCCCCCGTTACTCTATTCGAAACTGTGCGTCGGCACTACATGGCTAATCTACGCATCGGTTAATTGTCGGGCGGAGCCGATACCAATTTAAGACAAACAGGTACGTACCTTGCACGCATGGTTAGATTCGCTTCCGCAGTGGCAGACTTTGAAAAGCGGCGCCGATGCAGCGTCTAAAATCGATTATAATCAAGGGCTGCATATGGCAGCATCGAACCGCTATCCCGGCCCAAGCCATGTCACGCAGCCTTTGATTGGGCGCTAGCATTGCTAATAGAGCTTAGGAGTGCGGACGAACCATCGCATTCACCGACACGTAACTCTAAAGCTTTCGTCAATACAATTTCTCACGCCATGGTCGGCCAAGCCCTGCACTATCGACGCACCGCCTACCGAGTGCCCTATCGTTGTTAAGGCACCCTTAGAGTGGGCGACCAGTTATAACTTGTCACGATGCCCCGTGAGGACGGAGCCACACTTAGCTGACTCGCTAATCTTGAGAACGGCCTCGACCTCCCCACACTCATTTGTACAAGCTTGCTGCTGGTCCGAGTTTAGATATCGAGAGTAGCATAGGGTTCGCGGGCGAGCTGTGGCATCCGGCTACTAGGTAACGATTAATTTGATAAGGCGGTGACCACGAAAGAGCACTTGTCAAAAAAAATTACCTAGCGCCTGTAGTCTCCGGAAGTGTAGTCTTCACCTAAGTATCGCGGGCTCGTAGGAAACCCTTGGCACTTTGCATTGACGAGTAGACCATGCAGTGCTCGGGGCATATTGTCTGCTAGAATAAGTGTATGT,1427,50.11,Arabidopsis thaliana
SEQ_966938,TTCATATTCGGCTATACGGGGCCTCGAGGGGGCGGAAATGTTAAACCACAAAGTATGCATGACCATGGTGTTTTGCGCCGACTTTCATTCCTGTTTGGCAGGGCTAGCCGGTTCATCCGAATCTCGAGTAAGCACCCTACGTTGATGTCGCACAATCGTTGGTACTCCTAAATTAGAGACGTCGCTAACGTAGTCAGCCGGTTTTGTGAGCCAGATGAGTTGCTTCAGCCGTATAGTCTAAAGACTGGCGCACTTAGTACAGGGGGTGAGCCATACTGGGCTAGTCCTACCACTCAGCACCTGGCAGAGAGTACCGGACAGCAAAATTTTCCGATGGCGATCGAAACGTTACGATCAGGTTGTTTAAATCGCCGATGTGTAGTAGACTGAATGCCATAGATACGGTTTCGGTTCCTACGATCCGCTCTACTAGGAAGGAAACACGTCACACGAAGTCACATAAGCTTCGCGGTGACCTAATCACGCCACTGGCAAGTAATCAAGCCAAAGACTCGAGCGTGGGATGCCTCGTCTTATACAATAGGCACGTAGCGTAATAGCCAGGACCGGTTAGCAGTAGCCTCCTAGGGACGTTAAGTGGCCTCGTTATAACGCTACCGACAAAGGAGCCGACTATCGGGAACTAGTGATATATGCGGCGAGCGAATCTGATGACCTGTGAAGTTGGCCGATACTATGTTCCAACAGTCGATACGGTTGATGCATAAGTCTGCCGCACCTGCGCTGAAGCATAAGGAAGTGAATATTGTCATAACGGCTGGATAGGATACAGATGGCCAGGCTACGTGACCCTCTGGGTACGTAGGCGGGACGCCCCGCATCTCTGGGGTTCCTCAGGGGAACCGGAGACGGCAGAGATAATGTCTCTTTGAGCTGCCTTCCGTCGGTGATGTTCACTAGGCTACTTCAGCACGCTCGCCTGCGCTGTAAATCTGAACTGCGACGGTGCAGTGTTGGGTAACCGGGTTGGCTCGTCTCAACCGTACCGGCTCGAAGCACTTCACGTTGCTCACTTAGATCTGTGACTAGTACCTGCGCGCTAGGCCTTGGTCTGCTCTCCTCTATCCAGGCGGTGCTGTGCACCCCAATTCTTTAAGGTACCCTGACGGAGTCAGTATCGGGCGCTTACAGACACCGACCATCGTGCGATGACAATAAAGCCTTATTTCTTGAAATGAGTTCTTCCGTACCTAGCAGTTGACCAGTAGGCTGGCGACAAAGAGAGTTTTATTGCGTAACCGAATGGGCTTTGTGGCGGACTCGATTGTCGGGCCCCCTCACTGGGCACACATAAACCATTCCTAAAACACCAATGAGAGTGTCACTAGTGAAGGGTACACGTAATACGCGT,1372,51.75,Mus musculus
SEQ_757233,CGAATGCCACCAGTAGCTACATAGCGCAACTTCCCCGATTACACAAACCAATCTACGACGCACGGGCGTCACTATCCGATCAGCACGGGCTTGCTTGTCGGCCAAAGGAATAGCTGCTCATAGTGCAAGCTATCAAAAGGTCATACTCGCTGTTTTAGATTAAAGCTAATCCCTAGGGAGATGGCTCGCGGTAACGTCGGCCGTT,205,51.22,Homo sapiens
SEQ_179093,GGCAAACGCGTGTATTTGGTGTGAGCAGCTAACACTAGTGAATAGCAAATGCACCACCAACCTATATTGTGAGACGGTGTATTTAGAGGCCGAGAGAATAGGTACTCTACTATTTGCAGTACGCGTGTCGGTACGAGCAGTACAATACGTAACAATAACAGAAGGTATTCAAGTGAGTAACTAAGAACGTCTGCTGCAATCAGCTATAAATTTAAAGCAGGCTGATGTGGAATAGGGGCGACTCAGAGGATGAGATGTTGCTGAATTTCTTCGTTTATATCGGTGGACAGCCACGG,296,44.26,Drosophila melanogaster
SEQ_846957,TTAGTTTGCGTAGGCGATCAGTACGGGCTCGGCTAGAGAACTTCATGCATCCCCTGGTTGCCCAGGCTGAAGATTTGTAAGTTCATGCGAATTCGCTCCGATTGATCGATTAGTCTTCAAGTCTAACCTTCCAACACCTCTGGTATCAGGTGACGGGATGAAATGAGTCGTGATGCTCCGCTAGGCGTGTCCCCAATAAGAGTGCGCGCCTATAGATAATTTTTCTGAGATTAAATCTTAAAGCACGCAGATATTGCTGCAATACGGAGTTAGGCACATATGTTGGCACCCCGCTGCGTGCGCAAAAGTCAAGTACCATGATTCGATTGTCTTTATATGCAATCCATTTCATGCGTTACCCAAAGGCCGGCCCGGCTCATCGTATTCCATTGGGATATGGCTGAACGCCTTGAGGATAGCCGATACAAATTCGCTACGGGAATCTTCTAACCGCGCAGAGTAAGTTCCAAATCTAAAGTGTTTATGCGCCGAAGGTTGATGTCCAAGTGTCGAATGCCACCTGCCTTTCTAGACGTAGAACAGATGACGCTTGATGGTCTGGTTTTGGTAATCGCGCTCCACAGGGCATCGTCGCCACTTAGCTAGACACCGTATGAGAAGTCCACTTGCCCGGCGCTAGTTATATGACTCTCATGGAGAGTACCGGCCCTTGGTCTCTACGCCACACTCCTAACTAGATAAGACGCTCCCTGAAGAGCGCTTCGTTTTACGGGTGCGTTACAAAATGCAGCGCCACGAGCCTCTGGGAGTTCGCACGTGCACACTCGGGGAGGCAAGCGACTATACGCTTAGTCACTCCGTGGTCAGGGCTGAGTCCCGGGTACTCTGGCCCGCTCGAGCGCATCTGAGAGTTTTTGAATGACCGCTAGAGTTAGACTCCATTGACAATATGGTCCTTCAAGATTGGCAAAGTGGCTCTCAATGAGTCTAGAGCGCGAGAAATTCCTTACTTTACGCTCCAACCCTGGGACGCCACCGATCCTGGAAGCTTGAAATGTATGCCTTGCCCACGACAGCAACGGGACTGAGCCATTAGGGAATACAGACGACGGACCTGAATAACAAGCCTACGACTACCTGGGCGATAGAACCAAGGTAGCGGGTGCTCACCGACAACCGTCCGGCTTTACGGTGTATCTTGAATCTTACCCATAGGGACTTTCGGTATTACGACGCTTGAGGTTGAAT,1209,50.7,Arabidopsis thaliana
SEQ_697557,CCAGTTAAAACCCTGTCCGATCTTACGTGTTGGCCGCGTCCTATCTAACCGGACCAAAGGGAAAGCAGGGCATACGGTTAACAAGATGGGAAAGTAAAAATTGGTAGCTCATGAAATGCCTACCAAGTTTCCAGCGTTCAAATCGGAGGTCGAGACATGTGAGTAGGGGTGGGATCGGTCAACTGCCATCCCTACGTCAAACAAACGTGGTTAATCATAGATCTGGTATGTTAGGAGGATACAACGGAACAGCTCCTTACGGTAATACGGAGCCAGCGACAACTCACCCCTCTACGGCTGAAGGACGCGCCCCGTCTCAAGCCACCTGTACATGTCGGGCCTGGCCGTTACACACCCATTGTGTATAGATCTAGTGAAGTATCACTTCAACATCGTACATAACGTATGTGTACGATTTTTATGGATAAAAAATGTATTTACATCGTAAGACCAACGATCTGGAACGGCCGGCACCCACGCTATTGTCCCCGACCAGGAGCTTACTCGTACTTTGCTGCTACCTCGTATACGGCTGGTCTAAGTACTAGATTCTCTTGTTGCCCACATTTAAAGCGTGTGAATGCATTTTTGAGACTGTGGCTTCAATGAGCTGTTGACGCACCCACCAGCCATCTGTCAGCAACCCCAGAAGTGGGGAGAGAAGGGATATTGCCCGTAGAGGGCATCCAGTCGATAGGAGATGCAGATTAGTTCCCTCTACAGAACCATCAAGTTGCCCTAGAGTCCGCTGAGAGGAGGAATGAGATTCTGGTTTGATTCCCTCTACCTCCGAACAAGACCCATGGAAGTGGGCTCTA,818,49.14,Drosophila melanogaster
SEQ_729267,CGCAGGTTAGCTCAACTGCTAGGGGCCCGCTTAAATCGCATGAGTATGCAGTGGAATCTAACCTCGTGTACGTCTGGTGATCCAGCCCCGACTCCCTGGGTTTTTGAGGCGTGATTCACTACTGTAGGGGGTATTAGGGGTTAGAGGCTAGAACCTGCTCTGAATGGGACTTTCTTGTTGGCTATACGAGGAATGTACTACGAGAGCTTACTTGTTGATTCATCTAGAAGCAGCGAAAGTTGTCACTGGTGGTCGCGGCTGTGATGCCGAAATCATCATGTAAGCAGTGCCTACGTCCTGCTCGGGAACAATGGAATCGTTAGCGTCTCCCTGTATACGTGCAGTAATAGCTCTCTCGAGCACTTCTACGGTGGTGTAGTAATGTAATCACTGTCAAGTAGATTTCACAGAGCTCGGTACTCGCGATCTTCAGCCGCCTTACGCCCATCACCTAGGTTAAGTCGAAATCAAAATCAGTAGTCGAAAACACATCCTAAGTATTAAACTGCTTTCGGTCCTAGGGCCGGGCACCCAGAGTCACAATTCTCACGTGAGGACATGAACGCGAGTCTGTTTTAAGATGGAGATTCCAATCATTTATTATATTGTCAAAAAATCACCCGTAATATCCACGAATATAGCCTTCCTTGGTGGCGGTGCGCTTGCCAAAGGGAAGAAGGTCGACCCTCCAGGGGGATTGCCAGATAATGGTGACCAACCACGTTAGCCTCCCACATCCCGTAAGCGGCCCAACCGGCCGCGATAGTTCTTGGTGCAAATATCTAGGCAAGGAGAGTCGAGGCCGTCATTAGTTTAAACGAGCGGGTACCCAGCTATCGAAAGCGGGCGGACGTCACTTAACATGTCCACCTTACGATCTTATTAAGGCCCATGCGAGCGAGGCTAGGGCGTTGGCCCTCCTGCACTACTTGCGCCTGTAAAACGTCAGCCTGCGTGTCAAATAGAAAGCGATTTCGGTCACTTCGTCTACAACTCGCCCGTCCCGCCAAATCAGCTAAAGGGAAGCGGCTCGACGTAAACGTAACTAGTTCCGATCAATAGGGGCTTGGGGATCGCGCGTAAAGTAAAGCAGGACCAAGATCCTCTTGGCAGTAGCGCTCTCAAAAATCAGCATCGGTCTCCTCAACCGCTTATCAACCGATTGGGAGCGGTACTATTCCTCGCACAGATTTTGTCCTCCAAAATGCTCGAACCCCCCATCATGGGTTTTGGTTGGATGTTCAACCAGTACAAAGAGAAGTCGTACGACACCTACTCAGTACGCACTTCTCTTAAACAGTGAGGAAGTTCTGGTGCTTTCCGGAGCAATTGGTGCCTTTCGTTCTAACAAGGAAAAATACAACAGGCACATAGGGGCCACGATTAATTAGGTTCTAATTGATGTCACCGTAAAGCGGGGTGAAGTTTGCGTCGGCCCATCGGCACTGCTGTGTTCCACTGCCTTAGAAGTAGTTTAATTGAATTCGCCGTTGTCCCAGCTGGCGTTTCAGTTGCGAGTATACGGCACCTCTCGTGGGGGTGTCTGCAAACTACGGCGACTTTGTGGGTACAAAAACTGGCTGGGCTCGAGCGTATTCACATTTTGTGTTTACCAATGACACCCGGGGACAGGCATATTCCTTTAGGGGTGGCGGGTCC,1659,50.27,Arabidopsis thaliana
SEQ_665071,AATATGACATTCTAGGGTGCCTCTGTGAATGCCCAGAGGGGCCGACCATTCCGCACTCCTATGGTGCTATCAGTTCTAATTGGAGTCCGGGACGCAAGCGGCGTAGTGTGGCCTGAGTAGTCCAAACAACGTAAGACCGTGAGCCCGCCGAATGTCGGGTCAACCGGCTGGTCGCGAATCAGGCCCAAGGCGTGTCGGGCGTGCATGCTTGGTGGCGGGTCGCGTTTGAGTGGGTTTTTACGAATCGTGAATGCGGATTGTACCGTGGTTGATTGCAGAAGCAGACGATCACACAAGTTTCCTAAAGATCCATTTAAA,318,54.09,Caenorhabditis elegans
SEQ_755145,ATCTTTATAGGTTCAGGTAATCGCCCACCTAGTGACAGTGAGCGGTGTGAATTCCGTCTTTGTATCGTTTAATTCTGGGTGGGTTGGGTCTAGAAAGACGTCGCTGTTTACATCCATTTAATCGCATTTCAAATACCATGCCTCAGTACTTCTTTTCTTTATCTGGAAGAGCACGTTGAGAAGCTGAATCCCCGCCATAGCAGGGTATCGTCCCACGCCCGCCCAGCGTAGTAAGCAAATACCGCCGTCGAACTGTGCTGAAAGGCGAGCACACCACTAGCCTTCAAAGGCCCGTAGTGCCCCCTCTATCTAAAGAAGTCTGACCTAAAGTAAGTTATGGTCCTGATGCTTCCCGGATGATTACGGCCTGACCGACTTTGCCGGTAGACTTGGATCATAGAAAGCGAAACTGACAGGGGAGTTGGGCTACTCCAGAAAAAGATCGGACCTGTCACGTATGGGTAAGCCCCGATCTGGCATTGCTTGACGATCATAGGCCCAGGATTGAGTACTGAGGAGGGGCCTACTCGGGCAACTACGATAGGTCTTTTGTGCCAAGGAGTTTAACCACGAATAGGGCTTCTGAATAGCGCTGATAATGTTATGGCAGTACGCGAATACCCCCGCCTCGCTCAAATAGTCGGCTCAAACGATACTTGTAGTGAATAGATTTTGACGTCTAAGACGAGGAACTTGGACATATGAGACCCTGGAGATTTCACATCTACACTCATCAATCCGTGTACGTTCTCGCGTTTAGCATTACAATCCCCCGGACACGCTAGTTGAAAGTCATGATGAAATTCTTCGAGTAAAAAGCCGGTGAGATGCTTATGGCGAACTGTAGTCACTGACCTCACTCCATTCCCGTCTCGAGGTTCGCCAATGCACAGTGGCAAATTCGGGATAGGCCGCTCCGCATACGCTCCTGTCTCAAACGGGATGGGTAATAACAGATGCTGCTGATATATTCGAGCGGGTCAGTACTTCACAGTGAGGCCCTCCATGATGTCTTGGACAACAGGTCACGGTCCACTTCCAGAAAAGTAATATTGAGGCCCCTATTGGAATTGGAAGAACTTACACGGCGCT,1092,49.08,Drosophila melanogaster
SEQ_894879,GAAGATGGGCGTTGACCCATCGCTCGACAACTTCAGACGTAATGATTAGACCGGTAATGAACACCGTCGGTTGCTACTTAGTCAATCTAGAGAGCAGGCCAATTGAGTAGGTAGCGCAGTATGATACCGTAACAATGTCTGAGATAACTAGCATTGAACACACAGGCTGTCTCAGTGCAGCATAGCTTTACCGCTGTGAGGTAGAAGGACGCCTCCCTGTCAAGACCTACAAGCGAGGGCAAGGGGCCTTAGGCACAATCGCCTGTTTGAATAAAAGACACACTCCGCGTTGATAGGACGCCTGACGAACTTAGTCCTAATACGAGCGGATGTCCTGTAATGTTCTACCCTATATGTACCTGTGTCGAAGCCGCGGCATTAACGAACGGAGGCGGCCGCGCCTCACTATGGCTCCCGATACCACTTACGGGTGGAGGGGATGCCATACATCATCCATAGAGACGGTTGGCAATACGATCTTAAGGAGCCAGTCTCACGTATGTGTTAACTAGAGAGTCTGGATGGGAACTGCGTTGCAGCAGTAAACCGTCCAGCAACAATCTCTCTTACGCACGGTCGCAGGGCAAGGGGGATGTGTAGTCAGTAGCCGACACTTGATGTAACGGGAATGTAACCTGCTTTATGACCCAGCGTGAAACATCCGTGCTTACAAAAAACGGAGTTCGAGGGTGGGGAAATTCCAGAAAATACCCAGTTTACTAGAGCTTTGGATTTCCCCTGACTGCAAAAGAGCTCACATTTAGAAGTCACTCCAACTCCTCACAACAATGTCAGACGATGTGGATCAACACCGCGGAACCAGACGGCCACCCTACATGACGAAGTCAGGCGAGAATCCTCCAAGCCACACCTCGGCAAGGACTCTCAATGTTTCTTCGAGAGCGTGGCCTAATCACATATTCACCAGTACCCCAGGACCCTGCGAATGAGTCCACCAGCCCTTCGCGCTGGGTGTGTGATTGAAACCATAATGCGATAGGTCACCTTGGTCTCGTTGCGTACTCCGCGAGTTAGCGCCTCCATGGTAACCGTGTCCGCCGTAACTCACGTACGGCGCACGGGGGGCATGACAACTAAGCTCATCCGAGCGACTCTAAGCACGACATACGGAGGTTTACTGGTATGGTTCAGGCATGGAGAAGGCCCTATCAATTGGGACGTTCTCTAATTTGTCAGTCCGAATTACGCATACGAAGCAATGCTACGCGGCCGCGAGGTTTGTTGACGCGTCAATTCCTCATCAGCTGTTGGGCTCGTTTAAATTTACTCCTGGGCGGTCACGATTCCCTACTTGTCTTGCGACCTTGATAAGCGCGGGACGTCAAATCGAGCCCGCGGGTGCGTCTGCGGTTCACAGCGCTCACCCATTTTTCGG,1396,52.01,Drosophila melanogaster
SEQ_526614,GAGGGGTCACGGGAAGGAGACCATACCTCATAGAGGCTTTTTCCACCTGATTCGAATTTTGTGCATCTAAAGAA,74,45.95,Saccharomyces cerevisiae
SEQ_876608,AGTAGAGGCGGCACCTAGCCTGTCGGACTTTATTAGAGTAAGAAATCCCCGCGATGTGAAAGTTTCGGTCGCTTTAGGCAACACTCCTTTATGCTTATGCGCCGATGGGGCTGCTTATGTCAAGTTCCTTTCACGAGTTCACGCGCAAGGACGGAACGTGGTGGTAACTAGTTTGGTCGTGTGTACGTCGGGTGATGCCTAAGCTCTTCCCATGCCCGACAGGATCCTCGAGTTAGGCGCGTATAGCACCCATTGTACCTAGCCGAGATCAACAGGTCTCCTGGAGTTTTCGGGTCGCAGCTTGCGTTGCGAACAGGATCTTCGGCGTGCACAACAACCCTTCACTACGTTTATTCACTCGCATCTCTGAGTCTTCCCCCAAGGAAGCAATCGCCTGTCATCAGCCTGGACTACGCTCAGAACTTTGATCAGACCACAATACAGCAGGGCTATCCGTAAGCCTGCTAGAGCCAGGGGACCTCTAATGTATATGTTCACCTGATGCTGGAATTCTTTTAGATCGACCACCAAATGGATTAGGTATGACTGCCCCAACCGATATACGGAAGTTTAACATATTACGTCACCACTTTTTCCGTGCGGTATGTACTTATACTACACCCCCGAGGAAAGCTTGCACACTCGAACAGCTTACCGAAACTTCAGCTAGTAAGTATTTCTGAGCACTGAGAGACGCTATCCCAATTCCTTCGCAACTACTTCTCACAGGCTCGCTCCTACACTCCGCGTTTTGACAAGCCGACAGCACTCACGGGTTGGATATAGCTTCAATAGTCGCAGTAAGTGTCAGGTATTAACATTCCTTCTTAGGGTCACAGCTGACGGGCCACTATTGAAACCTAAAAATTACGTTGAGAATGAATCACGCTCCTCACCCGGACCTAGAGGCGTGTGTAAGGTAGAGGTATGCTCTGCACTTTTAAAGCCCTGCGGCTTGAGGTGCCTATACAAATAACTGGAGGTCTTTGGCGCTCGTCTTTTAATCGTCTTAGCAACGGCAACCGAACAATCTGCGACAAGTAGCCCAGA,1050,49.52,Homo sapiens
SEQ_546865,CGGTGCCGTGTCCCCTTTGCCAATGATTTGCGCACAGACGCGTCCTGCCGATGTTGACGCGACGGCCCAATTCGACCGGTGTGCACATGTGTCGAGTAAGCAATTTAGTCAATGGTCCCGTGACGAAGCGAGTACAGTTAATCCCGCAAATTACCCGTTAATACTCCATTTCACTTTCTTAGCACACCCTTCAGCTATACCTTTTACTAAGGCAGTAGCAGGCCTCGTCTGAAATGCCTCGCTGGTAAGACAAGCCTATCTCCGAGCCAAGTCCGCTGTGGCCTGTGTCTCCCCCTCCGGCCAATACACATCGAGTCATTCACGGATACTCGATAAATAATCGGAATGTTTGCTTATTTGACTAGGCATGCGTCTGCGCCCCGGCCCTCTGCCTTTGCATCCATACGATCTTTTGTGTTAACATGACTTTCTCCCCTTGATAACGTCGGACAACACTAGGATGGGGAAAGCCCAAGACAAGTTCGAACGGTTTCTCTCTCCCAATAACATCTGCTCACTGTAAAATTCCGATTAAAGCGATTTCTTAGAGGGGTGGGCCTTAAATGGCTCCCACCTTATTCAGGGAGGCTTAGTATCATCCCACAGTCTGTGCCATTACAAATACCAGAGCCTATATAAGTCTCTTCCATGATACAAATCGATGGTTAAGCCTCATAGACGTGTTAGGAGTTGTCTCCAAGGGACGGGCTAAGCCGGAGTAGGGTTCCTACTGTCCCGGGAGCGGCCGATGATTGACTAAGATCGATCCGTAGTTACATCAGAACAGTATTAAAGATTTCTACGCTAGATGAGTAAACGCTTGTCCATGCTGGGCTTCGCATATGCACAAGTAGCTACCTATATGCCGCCATGGGGTGCAATATTTGCAATCGACAACATTCAGCCGCTTCGTAAAACGTTTACGAACGGAAACTATTTTTACAGAGGGATCCTATGGTGAGACCGCACGCCGAAGTTACGTCAAATTACGAAACCCAGCATCTATCATTCGAATGCGTTACCATACTGTGGTACTCCAATTTCAGTTTTAACCTATAGTCCTGCTTAATGTTAGGTAGCGATGATATACTCGTACACGTATAGTGCGGAACGAAGCATGTGAAAGTCAAGTGTCTCCTGGTGCTGTAGGCATTGGTGGTAGTACGCGCACGTGTGTGTTCAACGTCTACGTGAGGGTGTGATCGAACATTCTGGTGGCGAAGGACGGCCATGGGTGCAAGACTCAAGCACGTCCTTATTTTCCCCTAAGGGCGTAAGTTTCTGGTCCTTTTTTAGTTTTTAGCTGGTAAGTGTAGCCAAAAGGGTTTGAGGCATACTAGGCGCATAAGCGGCAGTTGAGTGCGAAGATAAGGCAAGCGGCCATTATCCTGTAGATACGGTCGGTGAGTAGTTGAAGCGACTTTCTCTATGTGTGAGGACTACAGACCGTTGCATGCGCAATTGGCGTATAACCTATATGAAAAGCTCCTAGGTTCCTAGTCAACAAGAACGCATACTTAGCAACGAGATTCTACACTAAATGATGTCAGCAGGCCGGCATATCGTGCCCCAACACACGAGACTTAGTCGAGGTTTAGTATCATTGGAAGCCCCCTATTTCTGTGTAATGAGACCGGGTGGCTCATCAGATAGCGTATTTCTCGCGTTGAAATTGGTTGCTAAAGCAGCAAATTGCCCGTGCTTGGTCTGCGACCTGGCAAATACCTTGCTTCGTGACGAAA,1742,47.93,Mus musculus
SEQ_737185,AAAAATATCGATTCAATGTTATTGTACTAGACCTTCACTCGTCGACCTGGTACCCTCGCACAAGGAGTTGTGAAGGAGGCTGTCCAAGCTATTGGAGAGCCGACAGTACGCTCACGACTTATGGTGCTAGGGAACCCCCTCTCCTATTTGCATCGTGGTGTGGGTGACTCCCCTTTCTGACAAGAAAATTTTTACTTTAGCGGACGTGACGCAATGTTAGTAGATTCGTCAGGGCGCGTCCAACAGAGATAGAATAAGGGCGGTTTCACCGTTGGCACTGGTTTAGACGCACAATGTTTAGGCGCCTTGCCAGCACAAAGTCTTTTGTGAACCAGGTCTACGATGGCAATGTGGTTGCAAGCTTAACCCATACCTCCACGTCCCAGAATCCGCCCGCGTGAACAGGCATAACCTCGGTGATGTGTTGAGGCCCACGCGTAGCGAGCCATCGCGCGAAGCAACAAAGCGTGTGCGCATTTTATTTTCCCTGGGAAAATCAATCTTCTGAGTGGCGCATGGCGCCCGTAGCCCAGCGCCTGAGAAAATGAGTCGAGACGTTTTCCCTCGGCAAAGCAACTATACAGGCTGCATTGATAAAGTACTTCAAAGATCAGCCTCAGGGGTGCTCTCCAGATGACTCTTGGCTGATGTCGAGTCTGCGTCAATTTGAACAGACCAAGAACTTTTGCTGAGTCACCGAAAATATAAAGGAAGTGATACAAGGGAAGGGACAGTGTACTATCCCCACTCTTAACGGCTCATACCGCCGACGCCTTGGGACCCGTGTGGCGTGTAAGTATCTTCCCACGATAAAAGCGTCTAAATGGCT,829,50.3,Drosophila melanogaster
SEQ_474183,TGCCCCAATTGAAGCTCTAGCCATTAAACTTGCCCTGAAAGACATATTTCAGGCGGGACACAATTGTTTCATATCTTATTCGCTGATGCTTGCCACTCTAGCCGATATCCGAGAACAGGGACCTAAGTATTGAGGACAGAACAATCTATTGCGTTTGATTTCGACGGCCGTGATCCCTGAGATGAGTCTGTGCGCAATAGACAACCCTTGCCCATATGCTAGAGTACTTCTCGTAAAGCCAAGCGGCTGAAGTCGATTCGTTAACCGGCAAATGCATCTTTAGCCGCTGAGGCACCGGTGAATTGTATAAGTTGGGAGATGTTTGTTTCTCCTCAGGCTGGTCCTATAAGGCAAACCGACATTTGCTCGTGACGGCCGCGTCCAGTCTAGTCGGCGATGATCTATATAATCGAACCATGAAAGAGAAGGAGAGGCTCCCCTTAATGGATCAACAGATTTAGATGGTCTCCGGACCACTACTTCACTATCCTTGCCATAGCAGTAGATTTGCAGGCCTCTACCTCAATTAGTCGGTGGCCAGTTAAGTGGTCGATTGGGGGCTTGAAATGAAACCTGGCGCTAGGCACGGTCTTGTAGTCTTTAGACTGTCTTGTCCGATTAATAACCCCAGAGAGCAGTTGGCCCGAAAACAAGTCTGTGACTTTTGATCCCGCACCAGATGTGCAGCTCCCACAATACATGGTTGCCCACCTGCCAACGGTTGGAACTGGAAATGCTACCCGAATAACCTCTAATCTTGGTTGTTATGGTAACAACTTTCGAACATGTCAGCAGCGCCTTTATATGCTGGGGGCCGAGCACTCGTAGGCCCAGGGAAGCGGGTACATTTTTGCGTGCAAGGTGATCGCATAGGGCGTGGGAGGAGACTTACCCATCGGAATAAGATGCACTAAAATCACCCCGCCTTGGTTGCATGAATGATGTTTCGGTTGAAAGGACCATGTCACCTCGTCCCCCGTTCCCGAGTTCTTCATGGTCCTGAACGTCGTACCTTCGTTTTCAGGCTCTTGGCGACTTCCAGCTTTCTCCGTCCAAAGGCGCATGACCAGGATGGATGGGGGGACGCGAGACGCACATGCATTTTAGAGATTTGAGAAACAGGTACAAAATCAGCACCTTTCGCCTGATCGTATCACACTCGAAACTTGCGATGTACCCTACCTGGACTTAGCGAATGCGTCACGTCTATTATGGGTTTGGCATAGGGGCGGACCTATCAAGAGGTTTAGAGTATTCGTTGGCTGTGTATAACTGCAGCGTTCTATGATCCTCAGCATGAGTTTACAGTCGCCGAACACATCAACCGCGCGCATATCCAACTGCATCTGGTGCATACTTCACTACTTTATATGGACATCCCCGTGTATACAATGAACAACGGCCATCGTATTCATACAAGCTAAATAAGTGAATGCTCTAGTAGGACCGGCTTCACATCATCAAGGGGGCGACAGAAAGGTCCCGTGGTTACATACAATAAGGGAGTAAGGTGTGGGGACTTTTATTCACTAGTACGCTTGTTATATCTCCGGCGGAGGAAGATTCTCATCCACTTCGCCGGACTCTAAGATACGCTATCGTGAGCTAGGCGTAGCAGTTCGCGGTAGGGTCTCATCACCAAAACTTTTGTAGTGATAGTCCAGTTTAGATGCACCGGCAACTTCACGAGTCTGGGTTGCTACGGGATCCGCTTTAATAACCAAACTTTATATCCGCCTGGGCACGATTTTGGCGGTCAAGCTTGCCGCCGTCGCGA,1777,49.13,Escherichia coli
SEQ_851881,GCTAACAACAACTAATGGACTACCGGTGGCTATATCGCTCATTAGGAAAGCAACTACACAGCGACATGACCCCGTTTGGTCCTTCCAACTTGATAGCTCTTACCTCGCCGCCACACTCTCCATGGCAAAGTGAGTGCTCCCTGCGTGTTACCAGAGGAACCTTGGGTTCTGGAGTGTA,178,51.12,Saccharomyces cerevisiae
SEQ_767953,TGCCTGACGGATTCTCGATCTTCGGGCTCAAAAGTACGCCTGCCTCTGGTTCTAGAAACCGCGGCTAAAATCCCAGAAAAGGAATGAATTGTTCGAAGGCCGATCGATAGACCACACATGTTAATGTACCCTATAGGACTTGAAAGAACCTAGTGGGTGCCCCCCCTATAAGAAAACTTG,180,47.78,Arabidopsis thaliana
SEQ_622081,TGAACGTCGAACCCCCAGCGTTGGATCTTGCTGAGCATGTCTAGACTGGCCTAATTGAAATCTTACCCTATTGGCGCAAAACAAATCGCTAGTCGCTATGTGTTTTACACTGCGCAAAGTGTTTTCCCGCACACTATCGTGGCAGTCCTCTCAATTGGATATTTGGCGTGCCGCACTGCATTCCCGGCCTACGTTCTAACGATAATTGTTACGAGTGACGCAGATAAACGCAACGACAACTCACGATGGAGACCCCGACCGACCGACGAAGCCGGAGCGATAGTTGAGGAAAGCGGATCTTGGACTAATGGATCCCATAGGTCAGGATCTGTCCTGTAAAGATCCGGATTTGATACGGGTATTCAAGTGAATCAAAGTGCTAATAGGGAAGACTGTTTAACTACGTGTGAGCCGCTTGAGAGCTAAAGCCGCAGTTAGGTTCAATAGGAGCACCACCACTCTCGTAGGGCACTACCCGGGTCTGAGATGGTACGAGTCATGCTATCCCGCGACCACAGGAAAAATACCTAAGCAACATCTTGGCGATCGGCAAGGCACATGGCCGCGTCCTACCGCGGTGGCGACCCTACACGTTTGCGAGCCCTGCCGAACACTTTTCATCCAGAAGTCTCCGGCCGCAGACGCCTCTCGCTTAATACCCATAGAAACGTCTCGCGCTACCCGCACAAAACCGCCCGTCTAGAACGACTCAGCATCTTTAAACGCAGATTGACATCTTTTCACGCGGCTGGGATCTTCTACCGCCTCTGGGAGACCCACGATAGACCGTAGTACAACCATCGTTACAATATCCTGGTAATTTGGGGAATCGGGAATTACAAATAGCCCGGACGCTGTAGTCAGTTTCGTAACCCTTTTTTTCGAATTCTTTCGTTAATTGGTTCAGCGCTATTAGACCAACGGGTCACTCTCGATTCGGGTTTCCAATAACTATATTCTATGTGCTGTGGAATTTTCGACCATTGTCAGTACGCCGGCTTCGCTCGTGCAGAGCGCCGTTTCATGTAGCTTTTCCTTCACTCTTCCAGTGCACGGGGTCGTGAAGCACCTTTGAGCACTAGGGCTACCAAATTAACGCTTACTGTCACAAGATAACCGTTTGATTAACGGTCTCGGGTAAAAATCGGCATATGGGCGCCAGTTATAAAGGGGCAGTAAGAACGTGTAGTTATGCTTCCCGCATTTTGTATTGTATAACACTGCAATTGTGTCCCTTCTAGATAGGAAGTAATCAGTTAGAATTAATTCGCTTCTTGTTGCACAATGGACCGATCCTTTCCTGTATCGCTCGGGGTTGTGCGTCCCACCCGTTACAACGAAAAGGCGAGGTAGCTGACGAGGTCCGGAAACTCCTAAACCAGTTGCCTCACTGAGAACCTCTAGCCACGAAAACGGGAGCTCGTGGGGCGGGAATGCAGTTATTT,1445,49.69,Arabidopsis thaliana
SEQ_909290,ATTACTCCGCTTAGCATCGCTCCCCCGGATCCCCGCGGCTGACGACACCCGCGTGTTTAACCATTAATTGAGAGGATTACTATAGTAGGGCGCCCACTCCTAGCCCCAGGAGATCACACCATCCGGTGTAAAATTCAGCGACATTGCTTTGTCAGTGGAAGGCTTCGTTCCGCGGTAAAAAACGCTTTGCCGTCGTGTATCCGTCTACGCCCACCGCTGGGTGTACCGCAAGTCATCCGGCATCTTCCACCGCGAATTCATAGTAGGTGAACCAGTCCTACGCCATCAAAAGGACTGTCCTCTCAGTATTCGCCGACTTGGCCAGGGCAAGACGCTAACAAAGGTTCGTGGTTCTTACGTCGAACTGTAGCCGCTTAAGTCCGATCCTGACATGTGCGGCCTGGCTAATGTAACGACGTTACTATGTACAGGGAAACTTTAGGATGGCAACGGGTAGGGGGGAACTGTGTCGATTCTTCTAGAGGAGCTTATTGGAAACCCGCATCTGAATGACACGAGTTCGGCGGTGTCGGGGTACTCTACTCAAACAATTGCCACCCGAAGCCCCGGACATATGGGTAGCCGTGGATGTCGAGAGTTCTCATACCTGATAACCGGAGAGTCGCGATTGCGTGTCACAACGCCTCGTGTCACATCATCACTGATATTCAAGACAGACCACCAGGGTAGCATTTGCATCTCTGTCGCCATCTGCCCTAGACTCCTTGGATAAGTACGGGCGTTTTCCGCCAATCATATTGATCTGGTCCTATCTGAATGTGGGTTAGAGTAGTATCCATGCCAGCTCTTCGAAGGTATTGGCGTTTCGGGCCGTACGTGTAACTGCTAATACTAAGCAAAAAGTTTGTTGCCGTGTACAATCTCATAGTCGCGGGGCACCAGCAGCTGTCGGTATAGCCTGATGCAAGCTGCAGTGCTTTTCTGACCTCTATTTTGAGGTGGGGTTTTTTACCATCTAAATGGACGTGAGCCTGGGCGTACTGAGTCTCGGGTCAAGGCGGAGAAGCTATCTTCACAAACGCCCGCAATGAAGCATGCTCATCTGCCTATAATGGGTAGACTGCGTACAGACTAATATATGAAATCTATGGCGTTAGCTCACACGTAGTGGGCTTCTGGTAGAGCAAAACTGTCGAGCGATGGAAGGCGGCCGTAACGGATCGAGTCGATGCACCGAGAGATCAGTCAGCCCTAATATAAAAGGGTATAGGCCGGTATACGGGTGTATGTCATGTTCTAACTCGATTGAACACATGCGAACCGGCAAGAATCGGTTCGGGGCATGTGAAGTAATCCACTTGGGCGCGTTGCACCATATTTGCCCTCGATCTTACTGAAGCAGCGCATAAATTTCAGCCGGGCGGCATTCCAGGGTGTGAAACATATGGGATTATGATCCGGAGATTGTATCACTGCAAAGGTGAGGAAGCATCGGAGTGCTAAGGAGAATAAGTGACGTTCAGCCCCTCCCTAGGGGGGGTAGCTCCCCCCCCCCTCTCATCCTCGCAAGCGAAAGTGATGATATGAATGACGCCAAATCCCGTCGAGGGCTGGAGCAACTCACGGAGTTCAACAGTTCAACGTCCCCAGGTTACCGCATTGCTAGACAGATGGATCGCCTGGTTACGTAGTCGTGCGTGTTAAGCTTTACATGCCCGTCATCGAAATGCCTGTTGGCACAACCCCTGCTCGAACCGCAAAAACTAGTTTTCTGCAAATTGTGGCTACTCACCGTTCGATCATGCCAGAGCCTCAGCAACCGATTCCCTCTTTTTGTGTGCCCTATGGATTGGGTTGTTGCTTCATTGCCGGACTACAACCTTTCTA,1848,51.35,Homo sapiens
SEQ_661359,CAGCCCTTGTACCCTGCTAGAAATCTTGCCTAGCGCTTATCATGCATGTAGTCAGGTTCTCTACTTGACTCTACGGCAGATCTACTAGCGCCGCGCTTTACGAAGGCACGTTGAAGGTTCCAATACCCTCCCCTTTTTGAAACTATTGCACTTATGTGATACTTGCAGATTACTCGTCACAGAAATGTAGTAAGATGGTCAAAACATTTCACAGGATCTAAACCTGCTCAGAGGGAGCGTGGATCTCAGGCCAGGGACTGACTTCAGCGTCATGCAGAACGTGTGCGTCATCTCATATAATCTCGGGCGTGTCATAAAAGGAGTCTGATCTCCATGCTATCACCCCATGTGAGTAAATAACTGGTGCTACCATAGTCATTGATACTCACAAGACCGTGTTAGGTAGAAGCTCCGCTGATACGCAGAAACGGTGCGCACACATAATATGACGCCGGGAAACAGCTTTGCATGCTGGTATAATAGACTGCTAGCCTTCCAAACAGAGGGCTCAGAGTGCATATTTTTTAGATCACTAAGCAGCGCTGAGGCTCGTTTGGAAAGAAAGTGCGGATGTTGGGATTCAAACAATAGGTAATCACAGGAGGGCCTTCCTCCCCAATGAAGTGCCGGTGACTGCTGTGCGATGTCACCAACCCGTTAAGTAGGCTCAGATATCCCTTGGCGTCTTTATTCATCCCGAGGACTTAGATCATTCCCCCTTCGAACAGCGATTGCTCTCCAGAGCTGACATTCCATATACGGGAGTTTCTGTTCCAATAGCGTCAGGCCTTAACGTAAGCCAATGGAACTAGCCACTTCGGTTCGCTAGCTGTGTCGAGGACATTCGGCCATACAGACCGCGAATAGACTTTTCGGACTCGCAGCGTTCGTATGTGGAGTTCTCCATGCCGGTCAAGTGCCCTGTTGACACCAGCCTGATAACGTAACCTAAATACGAACGCCAGCGTCTCGCAGTACTGGGGGCTGCATTCTGGTGTGTCACACGTCTAAGTACTACTGGAACGAACATTTGCCGTATGACGTATAGGCCAAAATGCCAGCCGCCCTAAAGGGCACATATGTATACTCGTGGAATACTCGTGGCTATTGCTAGTCACAGTATTCAAGCGCTGGTATGCGATTTAATCTTGGAAACGAATTGAAGATGAATTCCCATCTACTCGTGTACCCCAGATACGCTTCACTCGCACCAACAGACCTTGGAAGGCAGCACTCAGCACCTAGGGGCTGGGACACCCCGACACACCAAATCCGCGACGGTGCTTATAAGTATCTTTTAGCAAGTTAGAACCGACCTACGTCATACTCTACACGGCCCACTTAGTTATGCACCCGAGAGACCCGTTGCTCTAGTTTCCTAAGGCGACGACAGGCTATTAAAACAGAGTTGTTCTATAGACTTCCAGGGGGGTGCGCGATAAGGCGAACTAGTTCATTTTAGAGGTCGAAGGATAGTGTATGAACGAACTGATCTTCATACCGGGTTCGTTACCACAATGAAATGTCAGAGCGAATTGCTACCGGTGTACGACCACGGTCAATCCCCCCCTCTTAAAACCTAATCTTAGCGCACCTCAGGGCACCAGTGGAACGTTTGTTTCCCGTCCTGTTCTC,1635,48.99,Arabidopsis thaliana
SEQ_830367,CCCAGCGGTCCCGATGCTACAATACTGGCACCGGATACAGTGCTGATCTCTAATCACGAGACCGATGTCGGGACTGGACGGCCGTTCAATGTACACTGCCGTTGCGTCTGTTCGACCGAACAAGCGATTGCATTTGCCATCAATTGTACTCACAAATTACTGGCTTTATCGATTCTCGCGGATCAGTAGTACGGAAAGTAGAGATTGTGGGAAGCAGGGCCGTGATCTCCAAGAACTTGCACGCAAGCTCCTGGAAACACCCGCAGGTTTTGGAGAGCGTTAGGTCTCACGGCTCTGGACACTCAAGTCAACTCCGGGGATCGTTTCCGAACGATACGGTGAAATGCGATGCAGTCCTCCGGTTTCGTGAAAAGGGCGGTTACTACCTCCTCCTAAGCCAGGCGGTACAGAGCATAGTCATTCCACCCGTGTACGCGACCCGGCTCGCCAAGCACATCAATTGCTATGCATACTATACAGATCTCTTTTGATCCTAAGGTGGAGTCATCTTTATTAATTATACGGGACTTCGTCCACCATAACCCACGCAGCATTGTACCGGTGCGGCGTTATATGTCTAGAAGAATTACGCACATTGTCAAGGCTACCAATATTGATCAACGTACTCCATGGACGGATGAATTGAACGAGACACGGCAAGAGTGATGCACGACGTCCAGAATGGGTCTGTTTGGGGACAGATAGTCAGCCCGCAGGTACGATGCCCCTACGAATAGCACTATATTCCCTTACCATATCTCTTATGAATTAGATTGCGGGAGCCGCAAGATGGAGGCTGCGACTCGGCGGGAGCAGGAACCCTTGCTGATGAGTGTACGTGCCAATGGATACCCCATAGGGGTGTCCAATGTCGCGTCCACCACCTCGGAGATAAGCATGGTAGTACCATTCCACCACTCATCACATGGTATATAGACTCTATAGTTGAAGCTAACGTACTGCACCAATTGGCGTCGTGCACGGTAGTTGCCATTCTTATCCCGTAATTCGGGTGTCCACCCTATGTCTCATAGGTAAATTCTGTGTCAATCCGATGCTGATCTCCAAAAAGCTGGTGTTGCCGCAGGCAAACACGTCGCACTCAGTTTAACGTGCACTGTCTCAGGGGAGGGTTTTACTTGTCGTGTTGAGACGCGGCTAAAGTTGTCCTACGAGGGGGCCATTATAGTAGCATGTCTTGTGTCATGAAGCTATTTCGACTACATACAGGCGCAATGGTGGCGAACCAATAATTGTTCAATCTAGTACTAGATTACAGAAGATGGCATAATTTAAGC,1298,49.69,Homo sapiens
SEQ_849408,CCTAGTGCGGAACTTGACTTCAGGAACTCCCGCGACGGTACATATCTAGATAAGCAAATCCTAGCCCATATCTCTTAGCGTACTTCGCTACAATTAGACGCTTTAGGTACGATATGGCAAATGTCCGAAATATTAAATGGAGGGCCTTGTAGCTCCCCTGTAATCGTCAGTACAGCGAGAGCGTGCGATACTTTAAACGTATTCGATTCCTCTCACTAAGCGTAGCCGCATCGATTACTAGTCCATCCTACCTCTCTAGCGCTTCGTTATCGGTATCCGCGTGGCATATATAGATGTCCTTCCCCAAGTATGTAGCTAACATCAGCTCAACTATTGGCTAGTACCCCGTCACTACGGAGTTTGATCTTACGTTGAGACTTCCATTGTTTACAGGTTTGTCGCCCCCGCCTTTATTAGGGTAAGGATGTCATTTGAACACAGCACTCGATAGAGCTTTAGGTTGTAACATTTTTCGCAGCAACTTTCATCGAATCATTGAAGGCCGCCCCCGCCGAAATCGTTGAACACATACTACACTGATTGTCGTTTAGAGGGTTCTTAGCCTCTACCGGTTGATGACATGAGTAACGCCTTAGCGGTTAGCATTAATTTGTCTTCGTACATAATCGCGACCCGCCAGGATTCACTGCGGTGTGAGGTAGTGCCTAAGAAGGTGACCGGCTCAAAGACCTTCTAGCCTGGTCTATCATGTCCTACCAGCTCCTTCAGCGCGGACACAGTATCACAACGCCACAAGTTCCAACCGAAGCGGAGCCCTTGGTTCACTGGTAGACTCGTTCCGAGACCATAACCATTCCAGCGCCGTCCGGGTCTTAGTCACCTTAGGCCCATCACAAAAGCAGCTGCTCGGGGCGGACGTCATCATCTCGGAACAATTGCATGGCAGTCCCGCATTTGGAAGCAGGACGCTTGATCCCCAGTGAATATGCGAGGACGGGCCTCGCTTTGAAGCTAACCGCGGTGGTGCTTGACCTCTCGCGCGACTGACACGACTGCGCCTCGGATTCCCTACTGGGCGTCCTTTACACCGGCTACATCCGATATGTTGCGCACCCAAATGCGTAGAGGGCCCTATTCTTGTACTCATGGGCGTAAACTCAGTTAAGAGGAGGTTTTCACTTGCCTACACTGATGACTTGCTATTATTAGGCAACGGGATGCCAAGGCCCCTCCAGCTAAATCGTCTATGGACAGGTCACTCATTGAGTCTGGTCATCGATATATACCCTCCGGTAGCCTTTCGTGATGTGGAACACTTTATCGGTGCCACAGAATCACCACTTGCACCTACGATCGGCCTTCCTAACGATAATATGCCCGTCCGTTGGACTAATTGGAGTGACGGTGGCCCCTCGTAAGTGGATTATCCATTTGCTTGGGCAGAAAGTGAGCGCTGTCCGGGATTACATAGGCCAAGAGCTGCTGAAAGCGAAACCACTTCCCGCGCCTGCTTCGGAACAACCCTACTCGGCAATGCCGAATTACGAGACCACGCCTGCCAGACACTTCAAATTCAGCCTGATATTAAGGGGGTTGTTATTTGGTGCACGATCGCGCTTTAACGCCTAGATAATCTTATAGAGCCGAAGATACACTCAATTGGTAGAGTATGATCTTTCATCGGTTATGATTGACTTAGCGTTAAGCCTGGGTAAAAAAATGAAGTGCAAACTAGTCGTGCAGTGCAAAAAGTTCTTAGGGGTCATATCAGCACAGCCAGTTACTACCTATGTTATGATCTTTAAAGCCCCTTCCTATCGATGTGACCATTAAGAGCGGTCCTAGTACACTACCTGTATACCAATGCGCTAAGGAAGGATTTGGTGGTAGTCAGAGATTAATCACCTGCGACAGGCGACGTGGAGGTTTGGATCACAACGAGGA,1905,49.29,Saccharomyces cerevisiae
SEQ_297072,CCGCCACCTCTGCATGTACACCAGATCAATACCGCACTAGTTCGAGCGCGACGACTGACTGTCCAGCCAATTCTGATCTTTTCGTGTCACTTAGGACGAGGCATTCTAATTCCGCTCGTGGAGGTATACCGGGCTTAATAAGATAGGCGGGGTCAGGCCGGCGTATAAAAATACGTGTGGTGCGGGCCTTACAGGAGGCACAGCTACGTAGGTTCATGAGCGCTCGCCGTGGGTCCGCCTCAACCCTGGGCCGACTTCTTCCGCTATCTTCGCTCTGACACTAGAGTAACATGGCTACGAGAGAAAATTGGTAAGATCGCTCTCTTCCGACGGTAAAAGAGCAGGGGGGCTATGTTTCGCAATGACGCCTACCCCTGAACACTAGTAAGGGATTGTCGCGGCGTTGTCAGGGCCACAAAATGTGTCTCTCCGAACGATTAGGTAACCGGTCATATAACATTTGGAAAAGGTCCGGAGGAGGCCTGCTAAAACACAAGGGGCTGGCCCAGGGCCGGGACAAGCCGGTGCGCATCCCCGTCCACTTAATAAATTTACTAAGTGGCTCGCGATTTACCAACCAGGGGAGCGCCCCTTTACACGAGCCGAGGCGGGTAAAAGCGAACCGGTGGATTGTTACATGACCCTATCATCCAACTTGGTTGAGAGCTACTCGGGGACATGCCGGAGGTGCTGATCGTGTGTGACCATGGCTCTGGGGGGCCCGGAAATATCATGCGACGCTACAAGGAATGCGCTAGTGTGCCGTTGAGTACACATCCATGAAACGTTAAAGCAGTGTATTAAACGGCTCATCACCAACGACTCCCGTCTGGTGTCCTCGTATGTAAACGCTGGTCTGTTTCCGGTTCAGGGGTCCGCGTGGCGGGCTAGGACTTAATTTTTACGGTCACTAAGAAACAT,921,53.64,Homo sapiens
SEQ_517999,GCCTGGGAGGTTTATGCCATAAATGTTAGGTCAAAAAGGTGAGGGCAATGCCTCATTATGGGAGAGTGTTAGCATCCTCTTCTCGCTGGCAAGAGCGATGCGTCTCGGGCCGGACTAGGCAATATATAACTCTATAACACTAGCGAAAATGATACGTCCAGCACTGACGCCCGTCTATGAAGCGTTTGCATTAGATAAACCCTAAGATGACAGCTACGTCTCGCTTACCTTCCGTCGGCAATGAACCAGGACCTTAAAGTAGGCCACCATGACGTATCGTTACTGGTTCAACTTACTGCGTCCCGTCAAAAGAATTTTACCGTACATTGACTTGCATGAAGCTGTGCGTAATGAAACGACATTACCAAAGGGAGGAGGGCCGTATCGGACGTCATGTGTTGCATCGTCCCTACAGAGGACCTGCAAGTATCAGCACCTCTTCTGTATAGCTTCGAAAGATGAGTCATTATAGGCAAGGTAGTGCTTTATCGCGTCTTGGGCTCTAACTGGCGATCGAAGGGGATAGACCTTCATATCAGGGGATGCTAGTGCGATCAGGGGTCAAACATGTGCCCGAGGCAGGAATCCTAGCATTGCTGAAGGGTTGAGCTCTTCCATAGAGCCTCGAGCAAGGTTATCTCCCAAAGCCCCCTCTGCAACTGTACCTGTACCCTTAATTATAGACTAGTGGTCAGCTACCTGACTATATTATAGCTGCACCATCCAGTGTCCATATCATAGCGTGTGTCTCGAAGGCATTTGTCGATGAGAGCACGTGACACGGCATCTTCTATCTCAGCGAGATAAGTATTCTGGGGGACCCATAATCGGCACCGTGACACCTTATGTCCCGAATGTGCTCCCCTCGTCCTTGCTGGATCACACTGAGCATATAGAATTTCTAATAAACATGTTTGTATCCTAATAAAGTCACCTCTTTATAGAATTGTACTTGAATATCGACAGCGAGTGACGGTACTCGTGAAATGGAACCCCTCTTCCACGCACTATCGAAGTCGCTAGTCTAAATCGGCACGGGTATTCTAGGCAGTTAAGCTAGCCGATACGTGAGTATGCATGCCCTCACCTCTCGGCTCGAACTGAGGCATCCAGCCTGTTCTCACACACACCGCTTGGATGAATAATTCGTTTTGGCAAAGATATCCCGATCTTTGGCCCAAAGAACTCGTGGAACACTCGCCCTAGAACGCAGAAATTTTGACTTGTCCGGCTTGACGGTAACTTGCTGACCGCGCTGGTATAATCATGATGCGTCTTATAGCTGATATTCGTAGATTTTAGGCCGTATGAGGCTAGTGGGGATCGTGCGTGCGTTGGCGGCTCCGGCAAGGTCATCGGATTAGCTACGGTAACCTAGTCGCCAAACTCATCAAGCAACAGCGCGATTTATAACACGCAGAAACAAACCCAAAGCCCTGTGATTTGTTTTCACGATATAGCCAGTATCGGACGTCGATAGCATCCGGTGCACTTGACAATACTCTTTTGAAGGACGATCTGAAGCAGGGCACCATGTCGGACTTCTTATTGTGAATTCCAAATTTCCTGCCCAGAGCATCGGATTCTATAACAACCTGCGGAAGCCAAGCCGAGGTACGTACTGCACTGTATGACACTAGACGTGGACGAGTAGTCGTTTGACGACGCGACTGGCGTGTTCACTCCATACTCACTCTGCAGCCCTTCAACTACCGCGTACTACGATATTGACCACGAGTAACGGTTCAGCTTTGTACCCGATGCGTTCGTGACCGCGGCTTCCGGAAATGGTATGAGACTTCGAGTATCAGGAATATCAAAGACAACCGACGAGCTGAGATCCCCATCCTTGCTTTAAAGATAAAAGTCCTAGGATATAGGAAAAATACTTATGGTATGTCAATGACCGCGACATAACCGACCATACTGGGGATATTTTCGTTATATACTTCTCATACGTCTTATCGCTTTAATCACTGCAACCGCAAAGATATT,1995,47.82,Saccharomyces cerevisiae
SEQ_594219,ATTGTATATCCGTGTAACCAGCACAGATTCAACGTGGTCTAACGTGAATTATCATAGTCAAGGCCGTTCTAAAGTTGCTGTGTCCCATCTGTAGCGAGGACGCAAACATACCGTAGGTATGGATTCAACTTCCCATGAATGCCAGTTTCGCTCTTCCTTCGAGCAATAAATCTGTGTTTCTAAAGCCTTCCCGTCATGGGCGCGTTCATATGCCTAACAGGGTCAGACAGATTGATGGGCCATTTCCCGTCGCTTCTATACCGTAATAGGTATCATGGGACTTACGACTCTTCATGGAAGGTCTGCTGCTATTTCCGGGCTTCGGGGGGGAGTCGCAGTGAGAAGAAATGTAGGCGCTTATGCCTTACCACTTGGCTGACCGTCGATCGCTAAACGCTCAAAGGAGTCTCCCGGCGAAACGAGAAACTGCCATGAGTTGCCGAGGGCCGTGTGTATAACAGGTTAGCCTAATCGAGACTCGAGTCGATACAGCCTTGCTACAGAGTGACGAGCCGCAATCGCCTAGTACTCAATAAACCTCTAATGCATCTTCCCTGGCGTCTTTTGTCACACGCTAGTTATGACTACGGTTAAACCTTCTATAACGGGTACGTCTTTCTTAAAGTGTCAGGGACGCAACGGGTGCCATTGGGATAGGGCCCGACAGGTGGCGCGAAGGTGCCGACTTGGAAAGCGATGGAAATCGGTCTCACCGACCGACTGTTGGTCAGGCACTGCAAACTGTTAAGAACGAGCGTCCTATTGTGTAGAGACCTAAACATCACCGTGAAGCGTTTAATCGAGAGCCTCCGAGTAAGCCGGAAGCCAGCCTACGAGTACAGCTGGTTATCGTCACGTCAATGGCGACTAACCCGAATAAACTGGTGAGCCGGTACTGCGACCACGAAACAGTGGGAACGCTAGTTCGGGCTTTTCTTCTTAGGAGAGGTCGTTGGACATGGTTCCTGCCGTTATTACGATTCAGGGGAATACTTTTGCAGGATCGATTGCTGGTTGAGGATAAAACTCTGACTACAGAGAACCTAACTGCCGCGTTTCTGCCCGCAGACGGATTCGTTTAAAAGGTTTATATTGTTACCACAAAGGACTTTCGAAACACGAGCTCATGGGTGAGTGCCCTTGCATCCTGCACCCTTTATTGCGTCGGGGACAATCCGACCAGCTCCTTGCTAGGGTCTCAGCCATACAAATGCAAGGAACCCTCAGACCAAGTACTTACAGGCTCCGTTTGATCTCCATATAGACTCACCGAGGCACGTAAGTTACTAGACCTGAACGTTACCCGGGGCCTACAACCGCTTAGCTATGAGGTGTATTGTGGCTCAACTTTAGACACAAACACTGCTAGGGAAACGCATTTGGTTTGTCGAGGAGTACGGGGTGCGCAGTAGTGAGTCACGTACGTCGACTACACCAAACACGGAGAGTTATAGGCTAAATATGCAGTCAATTTTGGTCCCGGCGAAGCATTTACTTGGAACACGAGTACGCGCGTCTATCTTCCAGTAATTTACACGTATCTCGTAGAGTGTCGGGTCGGCATACGTAACTAAATTTGGACAGATTGAGGCGCATTGCTTAGACTACATAAGGATAGCGCCAGTTTCTCCATGTAGTGGCCGGCACAGAGTCATTGATGTAACGTTGAAGCAACCGTAGTAACCGATGCCTGAGTCATCTCCGGCATAAGGAAGGTCTATATTCGAAGGATGCGTTTTGACAGTGGACCTCTGACTGTCGTCCGCTAGATGTTTGTACACCGAAGATCTTCGTTCCACGCCCGTACCTGACCTTGGTGAGTTAGTTCAGTTCTCTG,1837,49.59,Homo sapiens
SEQ_963387,ATACCTACAGGAAGCAAGGTCTGAGAGAAGTCGGGAGTGGGATTCTGACGCTTGCCGATAAGGAATGGCGTCATCGGGGACGTTAGTCTCATAGGTGCCCAAACAACGTTTATAGTGAGTCCGAAGATCGCGTATCTAGTGCGGGGACAAGATTCCGATTCTGCCGTGACGCAGCAGATCAACTGGGGCCCAAAACCAGTATCCTCATGAGAAGCTCGTCTAGACGTTGATGCAGCTATACGATTGAAATGCCTTTAGCTAAGCTCCGAAGGGTAGGTATTGCGGTCTCGGTACAGTAAACATAGAATACGTGCAGCACGTACCTCGTCCCTTAATGATTAACCCTCCTCCTTTTCTGTGACACTAACTGAACTCTTTATGTCGTTAGACTCCAAATCCGCTGACAAAGACCATATTCGGTAATCAAAGTTCTGTATGACCGCAGGACCTCAAAGATGAGGTTTCCAAACTGAGCGATGCCGGCACTTCAGCGTTAGGGAGTACCGAATATAACTGTGGTGCCGACCCTAGTCAGGATTTAGACGGCACGTAGACATCGGCCTCCATTTTGGGATTATTCGGCGCCGACACCCTAACGTGGGGAGAGTAATGATACACCCACCTTTCGTGTTACTACTTGCTCTGTTAAGAGATTTCTTACAAACAGTCAATGTGCGTCGCAATAAGCAAACATAGCAACTTACCGTATACTGGAATCTCAGCCGAGTGATATGTACATCCCGTCCCAGTCAGAAATCTCCGTCAGAGTACTTGAAGATTGGTGAAAAGGCGCTGGGCTTACTCAAGCCGATTTAGTGGAAGGTTTTTGCCACATCTTCAGGCTACTGGTGATGGATGGTGGCGTATCCAGCTGTCCAGGTTACGACGGCTCGCCTCGCCCCACAGAATGACTTGCTATAGTTAGCTCAATACAAACGAAATCAGTCCGTGAGTAAAGTAACGTCCTCTGGGACGGGGTCGGGAACATTCCTAAGATGATGTGGACACAAGTGATACTCGCTCTCTGGCACAACATATAATCAACTGGTTTATGAAGGCAAGCTCGATTTGAGCCAGGCTGCCGCCCGCGTGGACCCCGGGAACCTTAATAATTATCAACCCCTCGCTCCTCATATCGGTGTTGTATTACTGGTAAAACCAAATTATACGCCACATGCTGTTGCGGAAAGGAGGATCTACGTGTCTAACTTACATGGGCGTGCGGTTTA,1229,48.49,Arabidopsis thaliana
SEQ_759575,CGAACCCACGTGAGGTTCCATACTGAAATCGTAGAATGTGTCGGTATGGACGACCTGGTAAGCTCTTCTACGGCACATTAGATTCGAGAGATACACCGAGGTACATACGGAGACAGAGTTTTCGTTGCGGGGCCATAAGACG,142,50.0,Caenorhabditis elegans
SEQ_942350,AGCGGCGGGTCGTGGTTCACATGTTTTGCAGAGAGGGCATTTGCAAGAACGCCAAGAACTGGCTACAAAACCTTCTTTTGCGTACTTATCTCGCCCGAGCCAGATCGCTTGCGCCTAGCTATGGCGTATACGACTTGGACCTAAGCGATTTTGCCAGGGTTGATCGTACATACAAGAGAAACGATAGTAAACGGATATCGCGTTTATCTTGTGCATCCTTTTCCGCCGCTGCAAGGAGATTATTGGGCACGGGTGTCTGCGAAGCGAACTGGATGAGAAGAATAGGATCGAACCGTAAATTTTCTTTCAGCGATGCTACGTATTTTTTAAGAATCCATGCGGCACAACCAGCGACCCGGGGGAAATGCGCCCTCACCGTAGTAGCCTTACTGAACCCAGTTCCTGCATGCTCCAAGTAGCTGGGCCGCTCCTGGAGGGCTAGTGGGATTAATAAGCACAGGCGTAGTTGTACGCGGGAGGGTTAAGACCTGTCACGCATAGATGCGTTGCCCCGATCAACGATGTTGCACATAGGCGCACCCCGGCACAAGCCAAAGAGGTACTGAAGAAAGTCGGTTCTAACCTCTTCTAGCTGTGGTCCTTAATTCTTTTAATCGAACACGGCTGTCCCCAGGAATTGGGCGTAAGCACACGTATAACATGAACAACTTGGGTGACCATACGCATTTGCACGTTCAGCGTAGCCAACATCTCTGTTTCTAGCATTAAAACATCAGCTCACGGTCGCGATTATAGCAAAGTGGCTCGACCGGCCAGATCGCCGAATAGCCACTCTCCTCGCCGACCTATGAAGGACGCCTTGGTCTTCCCTCACGATATTGGAGTCTCTCTCCCCGTGAAACACCGCAGCGACTCCGGAAACCTCGGCGCGCAGTTCGCGCGTTCATCCTGG,913,52.03,Drosophila melanogaster
SEQ_424351,CACACACCAAATGTGCGAGGTCGGCTATGTTGCAGCGCAGGTGCGCACCCACCTAGTAGACGTATGTTTGGGGTCTAGACCGTTCGTTGCGGGGAATTGCGAAAGGATTAATCCGCGGCGGATCATGGCGTCATAATTACGAGTGTGCGATACTATTTAGAGAACACTTTCAACGGACGATTGCACTTTTTTACCGTGTTGGGTTTTTCGGAAGGTTGGCAAGCACACAGCCGGCAGACGTGCGAACACAAGCCAGACGACCCACTCTTGCTCGCAGTGATTGGCGTTAGGTCCATTTCCGTGTGATTCCCTTGGTGTCGATCAGAGTTGGTTCAGACCTACTGCCTTGCCTTCAGAGTCTCGTAACCTTACTAAGTAGTGCGTTTCCAAAGGAATACAAATCTATGAGGCCAAGACCGGCAGTAATTCCTATAGCGGATCTAGGCGGCTTTGCTTGAATCTTTGGAGACGATGGGACCTCTAGAAGTTCTAGTGATCCCCATAGGTACGATCGTCGGTGTTTGTACCCCATGCCGATCAAGGATTTTGGACGGATATCGTAGTTCATCAACCTACCTGAATCTGAAGGAATGGGGGAAACGCGCCATCAGTTGGTAAGGCGCTATCGGGTATCAGCCTGTACGGTTTTGTAGGCTTCGGCAGGGAGAATTTGCGAATCAGTCATGCCCCCCCATCGCGGGACTGGTAAATCGATGGCAGTGCCAGCTGGGCGAGGGCAAAGCATGAAATAGACAATTTCTCTCAAAATTTAGGGCTTACTAGACGCGTACCCTACCGCCCGAGGTCAGTTCTGACCCAATCTTAGGAACTTCCTACCAGTAAACTTCCTTCTCAAGTCAGGCGATCCGGCGTAACCAAAGGGGAAGATCGAGAGGGGCAATCCTCACCCCTCTATGGCTAATCGGTCATCTTCTGTTCTTGGCTCCGAGGGCCCTACGAATGGCTCTAGGGGATGCCGCCACGCCGTTTGCATGTTGCGTTGCCCGAATAATAGTACACATTAGAAGAGTTAAACACATACATGGTGATTGACTCGGTATAACCTGGAATACGCCCTCTCAGCGGCATCTATAGCGTAGCCAGGGCGTATTACTTTTTCCTGGTTCATGAAGTGCTCGGTGTTCTCGTTGTTGGTTGCAGATTTATGGCGCTCTGGCCGCACCATTCTAAGCCGAGGGCAAACACACCGCCCGCCGAGCCCACAGGAAACGCACAACAAGACTTCGTTTCTGGCCCTGGTGCCGGCGTGCTTTATAGAGGTTCCCCAAGAGGTGAAATATTACCAGCCGGGACGCGCCTGAAACAGGACAAAGTCATTACTGATTGCTTGCCGACTACGAGAAAGTCGCTGCTTTTAACTGGCTACTAATGCTAGTACCTACACATTTCCTATGTGTGCTTAAGGGTTGGTGAGGGAGGGATCGCGCCCCCATCGCCCGTATCAGTTGACAGGGGTAAGTCCTCTACCGGGTGATATCCGTCTTGTAGTACAGCTAAGGTCTCTTACACAATTTCACAGTCAGTTCTTGTGGAATAATTGTTACCGCGCGGGACAACGGATATGGCAGCGTAGGTTTGTCACAAAGAAGCATATCGGGCCCAGCTCGGTTATTGAGGTCAACGACTGGTGGTCAAAATTAATAGGGAGTGAGCGCCCACCCCCCACCAATTACAGA,1697,51.15,Drosophila melanogaster
SEQ_668392,TGCAAATAATGGGGAAGGATTAAATTCCCGGGAAACTGTAGTGTTCTTGCGGACCTCGTAGCAGCACCCACTATATCTGGGCTTAAAAGTAGATAGTCTCGTCTTCAAACTGGGCAAAGCCATTCCAAGGACAAATGACGATTTGGTAGAGTCCAAATAAGCCTCGTAAATGATATAAGCGGTCTGTTCTTTAGCATATTTCCTTTCTACGGATCCTTTAACCCGAGGACATACTGACGATCAACTGACAGCTTGGACTTTGAATATAACCATTAGTGTGCTGATGTGTGAGAAACCGACTCCTACTGTGCTCCAGGGACGCTATTACGCCGCTAACGTAAACCGTGGCTGCCTTGTAAATACGGGCATCTGCCGCCCGAGAAATTTTGCTACCTGCCGGAAACGCAGTCCTGTCCTAGAAAAGCGCAAACACGGCAGAGGGTGACCTACGTGTGGTTGTGAGCAGAGTATTGAGTTGTAAATGTCAACAAGTTAGCCCACCACATCAGCGAAGGACTTACCACTCCCTTCACGCGGACATGGACGTGGGGCCCTACGTCCGTATTTTGCGATACCTTCGTCGATCTGTAACACCACTAAGGGTTCTTAGAGGTTTGCTCAAACGTGCGCTCGCTGTTTGACAGATATCAATCGAAGGGGCCCGCTATTACCTACGATATATATTACAGACTTATATCACGTCCTTCAACAATTTTCCCAGTCCAGTATCTGAAAGCTACTTCAAAGTGTTCTGCCGAGGTGTGGCCCACCCGCCCGCGGCTGAACCTTGAGCAGGATTAAATCAACTCGAACAGCCACAATGCCCTAAGCCAGCAATAGTGGCATGACGGTTCTTACCCAACCTGCAGACTGCGTCAAGTGCGCGAGAGTACAGATTACTCTCAGACGAGTCGATTTAGACCGCTCATCCACTATGCCACGCGACATTCGTCGTCACTACCGAAGAGGTATCAAACTCGGAAGGCGAGGGCAAACGCGAGGGAATACAGCCTTATAGGGTCGGCTAGCAACAGGAAAGGCAAAATATCCGCCTCTCAATTGACTTACCGTGGTCCTGCCGTGGCCTAAACACCGTTCGGCGTCAGGCCCCACTCTGGATCCAACGCGAAAGCAACGCTGTATAATCTAAGTAATCGGATTCGTGGCGAAACTCTGCTTTACCAATTATTTCGCTGTTTTTAGCACGTCACTATTACAATGTACCTTACATTGCATATTCCACCGACACCTAATTGTTGGTATCGAGCCCGGTAGTTGACTCAGATTGCAACTGACGGGACGTGGTGAGCGGGTGGGTCGTCAACAGAAACTACCAGGCTTAGTAGAGGGCTCAACGCTGATTCAAACATTGAAAACGAGTATGGTTCACCTTATCTGCTGGTGGAGATAACTATGATACATCCTGTAACTAGTAATCTTACCGCCACACACGTTATGCACGGAAGTATCCTCGGAAGCGTTAAGCGGCCATGCAGAACCGCTCTAGGGAGTGGAATCAGGCAGATGTCACACCAACACTCAGAGCGCTGTAAATTGCCCAACCTAGGCACTGACACGGAATTTATGGTCCGCAGACCTGTCCTGGATGTCTAATGGACGAAGTGTTCAACTCTACGCGAAGACTAAGGACGGAGAAAGGGGGATACATTAGATACGGCACATGCCGACGTTAGGTCTAGCACCCCGCAATGAGCTGAGTGGCTTGACGATTCGAGCTCGCTGCTATAGCGGGAGTGCGGTCCGTATGAGCCCCACTCATGGGTTCACAGCTATACTCAAAGCAGTATTGGAGAAGGCCCGTAGGTCCTAGCTCGTACCTGAAGGGAGCAACACCTATGACGGCTCCTCATGAA,1874,49.57,Arabidopsis thaliana
SEQ_101775,AGGCGGGTCTTGCATGCTTCACGTGCAAATGTTCTTCGTCAGCTCCCGCCGCGCGCGTAGTTATAAACGCGAACCTACATTCACCAATGGGACTGGCTTGATTAATTAGTCCCATACTGTGCTCTTTTTTTCGAGGCCTCCATGCGTAGCAACATTACTGCCGTCTGATCGAAAATGCTAGCGTTCGCTGGTTCAGCAATACGCCAATGGAAAAGCACACCATTGCCTAGTCTCCTTCACTGGCTCACGGCCAATTTGGCAGCGCCTAATGCTCCCCGGGTTCCTGTGGGGACGGGACTCACCTTGGGGGTTAATGGACCAGCGTCGAGAGGGGGTGATGTTCATTGTCTCGGTTCAAGACTTTAGTATCGCGGCATAGTTTTAGCAGTTGCTTGTGCGATGTCCGGGGGGGGACGAGTACTTGTGACTTAACGAATTGCAATTAACGACATGC,454,51.98,Saccharomyces cerevisiae
SEQ_158302,GGTGAATGGATCTGTCCGTTTGTGGGTCATTTCAGTCTCTCCCTGCTAGGACTTAGAAACAGGTGGATGCGGTAGCTTATATAAGGTAAAGCTTAAACTGCGACTTACCCGCTCCGTGACGATAGTGGCCATGTCAATTCGTATATAGTTTACGACAGCAGGCCCGGTGCTAGGGAGACAACGAGGATTGGTGGCACCTGCTAACTCATATTTTGTTGTCCCGTGTGTTTCCTGGTAAGGTGAAGTCTGTGTAGGCTCACATTTACCCATGAAAGCAGTACGATGTAGGCTAACTCATTCGTCGCAAGCGAGGAGAGCCAGCGCCGCGCATATCATCCCAATACTCGCAATTAACCAGAGCCTCTTTACTTTTCGCTCATCAAAGTCTCTTGCCTCTCTGATGTGCGCAATTACGTGGACCTATCTGCATCCCGCCCTTTTGACACATACCTTGGATGCAGCCCAGCAAATATAAGTCTGCGATTTCTAGGTATCCCGAAACTTAGGAGCCGTGGCGATCAATGCAGGTGATGGTATGGCTAACGTGCAAAGAGTAGGTCCTTATGACCTGGGTTTAGAGCGTATGACGGCCAATGAGCCATACCCCGTTTGTGGGGTTTCACCCCGACGTTCCGTCCCAGTACCGTTCTATCTTCCCCCTAGGTTGCTGAAGAAGTCGCAGACACAGTAGAAAGATGCAGTTTATATCGTGAAACAGTAAGCGTTGCCCCCCAACCCAATTGGTGAGTGGTCATGCTACAAATGCATGGTAAGTCTGCACACGCCTGGCGAAGCAACTTGGAGAACAGGTGTAATTCCGTTAGCTCGCGGCCGCTTCTCACAATGTGACTCTCAGATGTACGCCAGGCGAAGGTACCGAACGCGCATACGTCATCAGACAGCCACGGATAGAGGAGCTCCATCATGATTTCTACCTGCTCAGAACGCGAATGTCCGGACATACTTGGACTCCTATCCGCCTCGTCATGTCTCAGACTAAACCATAACCAATAGCATAAATATTAAGTCTCTTGGGCTGTACCGATCGCCCATTGCTGTATAACCGATCGACGCATGTGACATTAGTAAAAAAATTACTCATCCACCGACCTTGAGTCACGTTAGCGTCCGTCTATATCCCCAGCTATCGTACTGATGTTGTCGATGTAGGCCAGAATGCCCATTACGCCGGTGCAATTGAAACTGTTCATTAGGCTGCGGTTCCGTATATTACTATCAGCCTCATCATGTACCACCGGACACTGATCAACCAAATACTTGACGTAGTCGAATGCCGACCGTAAATGGTTGACTTTTATAATTCTAGATTATATCTACCATCTAGCATAGCGGCCCATGTGTACGTTTCTTGCGGGTGTTTCTTCTGTTGTGAGCAAACCCGTCTCAGCCGGATATGTGAGTATCACAAGCACCAGGTTGGTAACCCATTTTTGGCTTAGATAGTTAGCCCTCCTGTTTCGGTTTCCAACCCTTAACGTCCTTAGAGGTATGGTGTAGATCTAGAAAGAATCGGGTTTCTGACAAATCAGAAGTAACCTCCAGTGGAGGAAGCTGAATAGATGGATCAGGGGGTATCGTACCAACGAATTTATTAATAGTACTGTAAACCATCTCCTAGAATGATTACATATAAGATCTCCCTAAGTAACACGCAGGGATCGAGGCTACCGAGCGCGGC,1699,47.97,Homo sapiens
SEQ_802219,CGGTCTCCCAATAAAACGCTCCAACGCTGACGTGCTAGAGTGGCACTCTAGCGCAATCCTTTTGTAGCTGGATTAGCTGGAACACTGGCAAGGGAAAGTTCGGTGTCCCTGCTCTGGCATAGACTGTGTGCACATGATTTCACTTAAACACAAAAAGCAACCTAGCCCTCAGAAGGACCGGTGACAGTTCAGTTCGCCTATGACAACGGCGCTGGACCTTGTAGAGATTACTTAATTAGAAAGTTGGCGTCGCGATGGCAGCGTAACGGCCCGTGATACATCCGACTCCGTCCTTACATAATTGTCCCACGACGACGCATTCACCTACGCTGTGGTAGCATTAGCGTGGTTATGCAAATCCTTACGACGACCTTGAATGGGTACTGCACAACTCTGCAACCTTATTACGTGAGAACATAAATCGAGCTGAGGGACCACTCGCTCGGCGATTATGTCCGAACAGTCAAGCTGTGGCGAATCAATTTCACGTGCTCCGTCGATACCCACAAGCGGCTAGGGTTATACTTCTTGTTCTAGTATTTGACTGGCCATTATGTTGTCAGTGTTGATAACCCAGAAATCAGTCAGGAGGCTAAGTCTGGGGAGGCCTGCGCTGATTGCACGACGGGGCTGCTTGCAGCCCTCGAGCGTTCTCTTGTTCATTTAGGCAGCGGCACATCATTCCGTTGCGCGATGTTCAAACCTGTACATCCTTTAAAGGCACCTCTGTAAACCTCTGGTAGCAAGTTGAGTTGATAGGAAAGCTAAATCAGCGGCACGGCATGTGGTTAACTGGCAAGCAGGATCGGCCTCCCAGCCTTTGCAATTAAGCTGACCGCACGCCGTAAGTCGGAGCCAATCTTCATAAAGTCAGCGAACTTCGTGTCGCGAAGCTACAACTCGGGTCACGACGTTAACTTACCTGCTATTAGTAGACGCCATGGCCTTATTAAGTCTGTGAAGAGACTGACAATGGGACTCTAGGCGTCTGATGCTCCACCTATGGTCTCCGGTTGAGTAGGAATCACGAACTGACTCTGACGGCAGAGTCGAGGCTAGATGGCTGAGCCGAACTATCGGTTGCTGAGCTGTCAGCCCGGGTAGCGATTCCATAGGAGATCATCATCCTCGGTTATCACCGCACACGGCGCCTTCTTGTGATCTTTAGCTGAACAAAGGATACCCCCGGATGCTTTACACAGTTCGAGTCGTGCTACGCCCATTCTACATGAGCAATGCAAGTCGGCTTGCGAGTCGAAACCTCAACGTTGTAGTTTTGTCGATGTGTACTCACCACTTGGGTAATAGAAAGCACATCGCACTCAAGTACGTAATCGTCTAAACGCTACATATCAAGCCTGGAGCACGGTCCTCGGTCCGACCCATACCCGGCAACTCACGCTAGTCAGTGCTCACAACTCTATTCCCAGCCGGAGCCCGAAGGCCAACGCACTGAGGGTGGAAGCGCAAGCCTATCCTTTAAAAAACGGGTTTCTACCCTCGTCCCTGTCGCCTCCCTCGGTCGAGGCACCTGACCGATCCGATAAAGTAAATTGGGGTAGACCCCCGCCATAAGGACTGGATGGAGGGAGGTGAGGGGGTCAGGGTTAATTTGAGTGGAACTCGAGAGAGGACCGAACGGCCACGATGTTGCGACATTGTTAGATTCGCGCCTTCGTATTAAAACTGGGTTCATTGATACGCAGTTTCCCTCGATAAATGACTTCAAACTTTCGGATGCGGAAACCGGCGATACTGGATCGCACCCAGCCTTAGCGAGTACGTATCTTGAGAGCCAAGTGCGTCCACCGATACTTACCTAACAGGTTCCTCTGCGACCCCGTACAAAGCACAAAGTAGCCATACGGAACTGGCTCACGTGAAACGCGGTGACTCTCATCCGATACATTGTAACAACGTTATGCGGACCAGTTCGAGCTCGTTTCGCAAGTAGGTGGTCGAACAATTATAAACCAGGAGATT,1983,51.24,Homo sapiens
SEQ_760762,TCTAGACGACTACCGGGTGTCGCCGGGCACGCACCTGAAGATTCCAATATCGTCGTTACACATATATCTCGTCCAATTACGACTAGCAAATTGTGGGTATGCGCCGGGTCATGTACCCTCTTAACGCAACATGCAATCACGCTCAGAGTCTCATGTTCGGGCGCAGAGAAGAGTTAGCACAGCAAGTATTTTTCGAACTAGAACGTTCATCGATGTCGCGTTCTGGTTACGGAAAACTAAAGGATCCAACTAGTGCCGTGAATAAGATCATGCATCATATACGGAGTTCGTTTCTAAGTCCATAAGCCTTCATAATTATACCATTAGTGTTAGAGCCATCTTTGGTGGCGTTTATAAGCCAGAACCTTTGAGGACTGACCACATGGACCGCGACTTTTGGGGGGCAACCTCCTGGCTTAAAAGTGGACTGGGAGGTGACTCATTATCCAGTGTCAAAGACGGATACCGTTTGGAAGATTGGATTGATTGCGTCACTACGTAACCCACAGCAGGCTTTGTGAGTTGATAAGTCTGTAATCCCGAAACGCAAAAGGCACCGTCCGGTTGCCCTTTTCACTGAAGCAAACTCTGTGACAAGCATGTGCTTACG,610,47.21,Drosophila melanogaster
SEQ_239726,GAGGTATCACCGGTAATGCTCACACATATCGCCACTTAAGCTGTACCACGCCTGACTGTCAGTGTGTAACCTGACTATCCAGCTTTATGCACACCTCCCGCCGCGTCACGCAAGCCCGTTCCGCGAGCTCTAAC,134,55.22,Caenorhabditis elegans
SEQ_422703,TGGCTCGTCGGAAAGATGCGGTATGTATTGTATACGCAGGTACTGCGTAAATGTGCCGGTAGCGTCACCGTATGCGGCTTTCGGTAAGTATAAGTTTGCGTAGCCCTCACCGGCTCGCAGCGCGTTTGTAAGGACTAACAGGATGCTCACTGTTAAGCGGTTCCAATAATAAATTTCCTGCCGAATTCCGCAGCATTCTTTGTAGGCCGTTATGGAACCGACTTACCGTAATAATCCGCCCCGACACGTTACGTTGCTATCTTTGTACCACAATGTGGTGGTTCATAATCAGCATATCGGCATTGCCCCAAGTATATAGCTTCACCAGTTGCTTCCTCCCATGAGCGCCAAAGCGCACAGATAGTGGGCGCGTACCATAGGAGCGTACCGTAAGGTATGCCTACACTGGCATGCGTAGGTCGAGCGA,427,50.59,Mus musculus
SEQ_913179,CCACCCAGTGGGTTATGGCGTTCTATTTCGTATCTCTCTGACTTTAGGCAGGTAATTGTTAGCTAGCGGTGATTTGTATCCCTTAGTCCGAATTGAAAGTCGTAGGTCTACGCGTAGCTGGCTGGCGATCTAAAGTAAATTGCGCCGTCCCCTGGCCATTGGTCGGGTTGAGTGACTGAAAGCACCCGAATGTTCACTTTGCACTGTCCCAGGTAAAAGCGACCAGGCGGTAGAGGCACGCTTAGCTAGTCAGCCAGCCAATAACCCATGATCCAACTAGGTAGAATAAAGTAGCGCTAACTTAGCAGAGAATAGATGTCCATTTAGTCGTGCAAGGCCTGTAGTATTTTAAAAATGAAAAATGTCAGACTCGGGATAATTCTAGTCCGCTACCACTTCGTGTTCGTGGCACACTGACCCGCAAAGAAACAGTGGACCCCTCCCAGTGGAATTGTGCTCGGACAGATCCAGTATTATGCGGTGCCCTTAACTAGTAACTCTCTATGGTTCTGTATTACTGTTGCTAGTTGTGCGAGTCAGTCTCGCCATGCTACCTTCCATAGTAGACTAACAACTACCCCTTATAACGCAGGACTCGCTCAGTATGGCATGGCGCACGTTACACGGAATTCTAGAGGGGCTTTTTTTCACCTAAACGCCTCGCGACAAACGGAACACGTATCAAGCTTTTTCCGGCAGGTTACTCTTACCCATCTACCTGTTCAAT,727,47.87,Mus musculus
SEQ_614728,GATCAAAACGAACATAGCTAACTTAGATTAGATCGTTCCTTTGCGAGGTCCTCATGAGTGAAGTAGCCTCCTACACGCCACGTGAGATGCGAATCCAGTGATTTCTCCGCGATTCGCCATTGGTCCACTGGACTGGCTAGTGTCGGGCAGTCCAAACTGAGGCTGCAAGTTAAAGCTCTGTTCAGAGAAGCGTTTACAGGCCACCACTTCCCCAAAATTGCGCTCGCTGTATGCTCAGCGTGTCTCCCGGCAATCTACTAATTAAATGACAGCGCACGAGGCAGGTAGCAACGGCCGCAGGCTAGCCGACCTCGCCCTTGCCGACCTCAGGTGGGTCGTGGCAAAGCATGAGGGTTGCTAGAGGCGGGCGTTCATTCTCGAGGGGAACGTAACAGCTCGGGCTAATGG,408,54.41,Arabidopsis thaliana
SEQ_586734,GTGCGAAGCTCCCAGTGCATGGAAACGCTGGTCCCGCAACGGAAGACGGAGTTGTGTGTGTCTTCGCGAGCATATGCTTGTTCATTGCTAGTGCCCGCTTGCTATGTAAAGCGTGCTCGCGAAGATACAAATCCATGAAATTGTAGTGACCACTCGCTGGACTCAGTGCGATCCCCTGTGATTGTCGTTTGGCGAGAAAGGTGTTGATACATGAATGGGTACACGGTGTACCTACTCCGGGGGCACACCCACAAAGCCATTCCACGCGCCCGATAGTCTGAACATCTTCTCGCTTGTTGTGTTGACCCGGTTACAGCAGGCATGCGGGGACGTATGTCCGCGTGACTAAACGAATCTAAGGTAAAAGCCTAACGTTGAGGCGTTCTATCGAGCGTATAGGGGCGCCCCTACCAGATTTTATTCACGGAACCAATTCCGTATTGTAGATGATTCACGCTATTGGCGGTGCCTGGAGGTGACACTTACGCAGAAAACTGCCGAACCCTTTATGTGTGGGCTATAGGGTAGATAGGGAGGAGTTGACGCAAGGACCCCGCAAGTGTCCGGGAAGAATCAGGCCTCGTAAGACTCATCGTCCCACGGTGCGGATCCAGGCAATTCTAAATAGCCACAAAATCGGACGTGCCGAAGGAATATAAACATACTGGGAGTGCAAGGTAAGCCTAGGGCCCTTGCTGTTTGTTAGAGAACGTCAAACTGCATACAGCGCTTCGGCGAAAAGGTGAAAACAGCAGCAGCCTTTGCCGTGGAGTGCGATGGGCGAGGTGCAAGCTTACGGGATAGGGTACGATACAATTAGTTTTACTGTCACTGAGCCGACTTATGTAAATGTTTGGGCCATCTCCAGCATATTCGGTCGCACGTCGCCTCTCGTGAATTGGACTAGACGGCACCTAATTGACGAATGGCCCCTAGTGGAATTCTGAGGGAAGCCCAGAACAGCCATGAAACATCGGCGTCCAATTTTTTTATGGCAGTCGGGTTATAAGCAGTTGGCAGCTGAAGGTCCGCACACGGTGGGTCCCCTTTACACCTCACCCCCCTAAGCATTAGGCGCCCCCCTCCACTCCGGGAACGAACCCTGAGCCTGAACGATATCACCTTGCACCAGACCACATACTCTCTTGGACATAAGACTTTGAGGAGCCTACCGTACGCTAAATGTATTTAGGCTCAATCTATACGAAGGACCAATAATGGTGCACTGAGCATGGAAATAGGCTCCAGCTCCCAGTCAGCGTGACGGGGCAACAAATATAATCAGCGCATCTCCCTTTGACTGAACCCCCGCCTAAGTCCGGTCACGTGATTCTGAGTAACACTGTACTGGCGTCGTTGCCCGCTAAATCTTGCGACACACTCGGCTCTGAGCACGAACGCAACGTCTTAGGACCTCAAATATGGACCTCATGTATCTTTTCCCAGGCAGAAGCCGCCGATCAGATCCTCCATGGACGGATTAGAGACTGAAGATGGAGCCCCGAAACAGTATTCTCAGCAGCCTGAGTACACCCGATCCCCCTTCATCCCACCAGGGGTACTCATGCTTCTTTGCCATAGAGACATGCTCATCTGGCCACCACAGAGCGTTAAGCCCTAGCGACTTATCATGCCATAGTTGATGAGTTCTACATGTAGTGCTGATAAGGGGAACGATGCACCGCTCGGCAGCTACTTCTCGGTCTGAGCGGTTCTGATGCGATAGAGCAAAATCCAGGCGACACACCCGGGAGCGACCTATCATCTTCCCACGTCCATGTGCCGGTCGCGGCACGACTCAAACTCAGATCTTCTTAATGTGTATTGAAATGCTTTGCAGATCTTAAATCTGCCTCCTATGAGGTCGGAGCTTAAAGTGACAAAGACGTTGACTTACCCGTCAATGATTCGTACCATAAGACATCAGC,1928,51.61,Escherichia coli
SEQ_836410,GACATAAATACTTAACATTCAAAGCCTAAAGCCTTTCCGCTGAGCGGTCTGTTAGCGAATGTGAGCATACGCGTCGCTTTAATGAGACGGGACTTATGATCCTTGTTCTCCTACCCAAAACCCTGTCGTAATATCAGCAACATAAAACAGGGTGGACAAATGTGGGAGGCTGTATCACATGCGGTAGACGGGCTGGATACCGTCTATCAATGACATCCCGGTTATATTGCGATCGGGCGGAGTACAGTTCAGTCAAAAGAAGACTACGAGGCCAACTTACTTTGGATGGGATAGATGCTTCTAGTAGGCTTCAGGTCGTCCGTTGACAGTACGTTAGACGGGGTGTTTGTGAGCGTGACATACGTGCAAAACTGCCTTACCAACATATCGTCACCAGCTTGGCCTTACGCTAGTCCTAGCGCAACGGGCTCTAACTCAAACCTGTCATAGGGGGACAAGATTGCTGGTTCGGTGGAGTAGTGGGCACCTATCTTAATGTATCGGAGCAAGATAAGACTCTAAATTATCACCGGATGATCCAACCGGACACCAGAGAGTTGAACCCAAGACACCGTACGTGCCCACGTACCGCCCAGCATAATGGGTACCAGAGAAGAAGGTTTTAAAAGGAGAGGCCCTAGTACAGTGATCCTTCTACGGTCGTATCCGAACCGATCTTTGGTGTCACCTCGCTTGTTCAGCACTTTGCCGTTAATCGTAGTTGGTGTTCACAAGTCCCTCTATAATACTTGACAATGTAATCTACACGGACCCCTGGGCGAATGCTTGGAGACATAATTCACGCTGTCTACTCACCGTAATACTCCGTCCACGTACGGCGCGTGAAGAGCGTATCGTTGTGTGTCCAGTAATGTGTGTTCTGCCATTTGATCGCGCGCCGTCAATACATCATGGAACCGCCCTGCCCCATCTGATTACGGTCATCCGATTGCATTCAGCTCACGTGGGTAGCATCTTGAACGCGCGAGTTGACGCCGTGTAGAGCGTGACTCTCAGGAGGTACATCAGGCATCGATGCAACGACTCGAAGGACAGCATCAGACAGGATTGTGCGGGCACGGCGCTCACAATGGTAAACTCCCTGACATACGATAAACTTTTGCTCGAATGTCGGATATGGTCATATCATCAAAGACGGGTTGGAGGGTCCCTACTGCAGATATAGAATATACGGCAAGATCCATTCATTGCGTTGCTGAATTAGTCAAACACTTTTTCGTGGCGCTTCGAGCGGCATTGCTCATCATGATTACCTTAAATCTGATAACGGTGGTAGATGATATGAACCCATTAATGCCTTAGGACTAATTTTTTGTCACGATGGTTTATTCGTCAAAGTACGTCCGTCCTTGTTATGAATACGTGTTGGCAAACGCACATCTAGGCTTGCAGGGATGCGGGCGTACGCGGCGGCCGTTCGGCCCTGACAGAATCCCGGTGCCGGTCATGTCTGTCATAATTAAACCGATGATATCTGAAAGCCTCTTCATAAAACTAAACTCAGGTATTATGGTTTTGTACTGCGAGCTGTGTCTGCTCGTACGTCCCTATGAGCGTTAGGTGAGCGCCTGGGTTAGGTACTTATAATGGATAACTTCGTTAAGTTATACACCCTGAATCCGCCGGGAATTTTCGACGCACATTTGGCTTTTTTAAGTGAACCCGGAACGTCGTTGATTCGCACCAGAGTCAATCGA,1718,48.37,Escherichia coli
SEQ_198855,TTCTTGGGTTTTGTCTAAGTAAAATGGAAGCTCCTAGTGGAGACACACTTCACTCGAGACATCCGCATTTAACCACATTGCAAATGTGCTATTTGCTAAGTCCTGCAGTAAGTTGTCCTTTCGCCATTAGGTGTGACAAGGCGAGATGTCAGACACTGGGCATTCCCCTTACTACCGTTGCTGTGGCCTCAATAAGGGTGCGGCTACTTCTACCGCCTGTCTGATACTCTCGAGGGGCGATAAACCGCCAGCTCGGCCAGGGCTCCTGTGAGAATGCACGTAACGGACGGATCAAGCCAACTAGGAGGCGGTTATAGCGAGCAGCTTGTTTTCGGATAGCCGACCGTAAGTAATTTCGGAGGAGTTATGCCGGCCAC,377,51.19,Mus musculus
SEQ_831622,TCTCTCCGTGGGTATACCACTGGTCGGGAGACCGTTCGTACCTTCACCTCAATATCACGAAAGTACATAGGAG,73,50.68,Caenorhabditis elegans
SEQ_988417,GCTCAAACGGAAACATTTGCAGCTGTTTTTGAGGAGGTGGGATTGGTGACGTCACTTGCTTAGCGTGCTTTGCGAGTTACCTATCCCTGATTCGTATGTCATCGAATGATGCTGATTCTACTATGAGCACGTCTTTCGACGTATCCAATCCGTGAACGCGCCGGTATGCGGCGATACCTCCGTTAGTCATACCTGGCTCGCTACCAATGTGGCTAGGTAAAGTGGCTAATTCTGTTGATAGGCGGACTGTGTTACATAGCTGATCATGCAGTCTGGGGATCCGGATGTCATTTGAGGATTATGCCCAGATCCACAATTAAAACCTAACTAGGATTTGCAACAGTTCACCTGTTTGGTTCAATGACCAGGCTTGCTTTGTCACATCAGACAATCTGGTGGCTGCGTAGAAGTCGGAGCCGCTCGAGCACACGGCGATTTGTTTGGAAATCTGGCTAATTTGCAGTGACTTCCACATATGTATCCACATGTTCTTGGCAGTCCTAAATCTTCAATTCTTGAACTCGTGGCAACTCCTCTACCTGAGCTAATTCAGGCGCACTTGAGTCTGCCGATGCAGGCTCATTCACTAGAAATTAAACAATTCCACTTTCGCGATCTGGTTCAGGCCCGATAGTGAAAAACTCAACCTTCCAAAGCCTGGAACGGATTCATAGGCGAGGGCACTAGATTGCATCGGAAGCCCGGGTGCAATCTAGCCACGTTTTGCTTAAGAAACCGCCGAGTTACGATACCTGAATGACTGATATTAGTTTTACCGACTTGCAGCCTTACCCGCAATTTTTAAATTATGATGCTTCCTTATTTAACACAGTTCATGTGGACCGGACGTTCTTATAATGTGGCCAGGTCAGTCTTCCATGGCCACGGTGATACGCAGGCGGATGATAATATTGTTCCCAACGTCACCATAGCTAATCCAAGAACGGCTGATCATGCCGATCCCCGTCTGCCGCCTCGACATCAAGGCTTGCGGTCAATAGGCAACTATCCCTTGGTTTCCTATGAGAGCATACGTCCTTATTGTACGGTACTGTGGGATGATAACGGACGCGAGGCCGTACACTTCAACCGCCGATCCGTTTTCAGGTAGTAGAGGATGGAGTAGCATCCTTAGAGCATGCATCAGGTCCGTTGTTATGTCACGCGTGTGATCCTCCCCGGGTACGTAAGCCAGTTGTACTGCG,1205,48.38,Saccharomyces cerevisiae
SEQ_680556,CGACGGCATTACCATTTCTTAACATTAACCTCAAAGAGGAACTGGAGACCATTTTACGGGTAACCCCAAACTCCACCTAGTCCCCTATCGCGT,93,47.31,Drosophila melanogaster
SEQ_562968,TAGATTATTGGTAGAACGTAAGGAAGGACGACGGGGCAATCTTACTGTCTGAAAGATTCTAAGGAAACACTCCAAGCAACGTGATTCCCCGCCCGTACCTCATTTGGGTGCATAGCGCCGTCAGTCCGCATCGCCGTCCGTAAGTACAAGCGCCATTCGGTCTCGACAGAACAGGGGAACGCCGGGTATCCTACCATAATTAACTTGTGACTAACGGTCGCCGTTTAATGAATTTCCCTGCAAAGACGTAATAAAATCACTGCGTGCTAAGTCAATTTTCCGCCGACCCCCCTTTAGTCTCTACAAGGGCTCTGACTTCGATACAGACAACCAGACCCTGAGAATTGCGAGATAATGAAAACCAGGGACTGTTTGCGGCAACATACCGGTGTCAGCCTGCGGTACAGATCTGCCCGCCGTTTCACAGTTTAATTAAGAAAAGCTTGCCTCCTCTCAGCCTTTTCAAATTCCCATATCACGGCCCGAGGTAACAGCCCCTTGGGCATTTTCCTGTCTGCCTATGTGAGGGAAAGGGTCCAAGAATATAATGTGGGTTAGAGGTGATCAGAAAAAGGCCCATCGCGGCAGGCTGAAATGCATAATTTATCTCAAAGTACATCTTTCCTTCTATTGTAGTTAATACTCAGGCGCCCCTTTCTTCAACGATTTTGGATTGGCCGTTAGCCTCGCATGAATTTCATGAGGCGTCCGTTTAAAATCTAACGAATACTGGCGGCCTTGGCTACCCTGATGCGGGCTGGCTCACATACAGTTGCAGAACGAGTTTCTCCTGCAGGAGCGATCTGCAAGATGTTTCCTTAGGATAAATGACTCTTGTTGGAGATACCCGGCAGTGCGCACATTCTTATCGCGCTTGCACGCCTTTGGTACCTTGCGTTGTTCATAGTCCGACTCCAGGTAGCTAGCAACTGATCTGCAGCACACACGGACACAAGGTGTCAGGATTCTAAACGCGTCCTACAACAAGCAAGGGAGTCAGAGTCACAGGGTTGATTACTGTCCCTAAATTTTGCAGGCCTAAGAAGGGTACGCTCGAGCTACTTCCTAATGCTAGGCATTAGAGACTGTTAACGTTCCTTAATATCACACATATTATGCTGGCTGATGCAGTAAGGTCGTCGGCTCATTTAAGGTGTCGTACATAAATAGAGGTCTTGGCTAGAATGCAGGGGGACCACTTCAGGTTTATATAGACCAAAAAGCGATTCGTGTCTCTGTATTCGCAAGTAATATCGGAAGGCATCCGTCGAACTGGTCCTTACTAGTTCAACGAAATGCCGGATCCAATTACCTCTTTAAAGACTATCGACTTCCACAGGCACGGTTATCAAGATTTACCAGTCCCGTAGAACAGCGTCAGTCTTAGGTCTAGGCTTGCCTCTGACAGATTAGCGCAACTTGCCGAACGCGACCTCTTGATTCTCTCACTTGGATACTCATATGTGTATGTAGGTATGACCTATCTTTCAGCCTAATACCGACAATAGATC,1511,47.52,Drosophila melanogaster
SEQ_278000,TATCTCCCGCACTACCGGCCTGGGTGTTTGGCAGGGTAGCTTGAAAATAGGTCCATCACATGGCACAACGCCGCTCAGAGGCAAGCTGAGTAG,93,55.91,Saccharomyces cerevisiae
SEQ_210311,TTGGTAGCAGCTATCTAGAACTCGTCCTGCCGCCCTGTGGATGGGGAGGTGCGCAGCCCGTGTCCTGACGTCGTGGCCGGCGGGGACTGGTGGATCGATCTCTTAAACGACTTGACAGCTAAGGGTTGAAGGGATACAAACAGTTTCAGACTGCCGCGCGCGTATCGAAAGCTCCCTTTATGAGTACGGAGTGACTGAGTGCGTAGAGGGCATAACCCGGTCTCCTAGCTCATGAATGATTTGGGATCACTCGGAGGTTCCTGTATAACGCTGTTCTCTACCTGTGTAAAGAGTAAGAGTAAACAATTCTGTGACGCCCCAGATTTCGCTAAACTCCCCCGCGAACAGTGCCATCTCTAGACTTGCCCGTTAAGCCCGCGGATGTTGTAAGCAGGTTTATGTTGACGGCTTGCAATCATACGATGTTACTTGCAGACAGCTCGAGCATCATCAACGGAAGAGGGAGACATACAACACAGGACGTGATAGCGGGTACGCGGATGGCACGAGTTCACCGATACATCGAAGCGCCCCAAAGCGGCATGGGAATTCAACGTAAACTAGGGAGGCCGGTTGTGGATTTAAAGTTATTTCCTACCTGGTCGATATTTACACTAACGGACTTTCGTTAGTACGAGAGTGCCAGGCCTTCGCGACCCTTTTCTGGTAGGGGCAGCTCTAACAGAGTAGTTGTATTGTGAAGTCTCAGGTTGCCCAACGCGGAGTGCTAGCAGACCGTTTCTTGAAGTTTACCATCTCAACGTAGGTAGCCTTGGCTGGATCGGACTGGAAAGAAGTCTCGCCCATCGATTATTCTGATCTGTCGCCCGACCACTGGGGTCAACTGTAAAGACTTGAGCCGCACTCACGGAGCCTTGGCAGTCTTTAGCTATAGTACCACGCGGTCAATTGACACGGATGCTCCCCCAGGTGTTCCAGTCCGACGACGATTCCCAAGGTTAATAACTTCTAGTCCCACGCACAAAAGTACTTGCTGCAGACCAAGTTGCGGTTGTCAAGGGAGGCGTATCTCAAAATGGGACCTCTCAAATATTCAAGATTGTTTAGCTCGAGGAAATTTTGGCATTACAGCTATGTCTTCTTCTAGGACAGTGCATTCTGCTGAATAATTGCCAAGGTGTTGGCCCAATTCCATGGAGGCCGGCCAGTCCGAAAGCTGAGTGCGACACCCCGGATCTAGAATACCAACTGGTAAGCTCCACCCGACTGGACTTGAAAAATTAGTAGACGGGAGGGCGCCATTGTATAGAGTTGACGTATACATTTCATGCAAGTGGGCCGTTTCCATTGATCCCATTAGTTGGCTCTGACTTTGGCGCGTTATAGTCGCTTCTGCCTTTTGACGTTTCCTTTGTTGTGCTACTCCCTTTTTAGGGAAAAGATTCTTACATACTGCCCGGTGTATATGTCTAAGCCGTAAGTAACGCTGTAGTCTATTTAGGTACACTATCACGTAGACTTTTACATGTTGCCCAGCTTGCTAGCTGTTTGGATAACAGTGCTTTAGA,1529,49.71,Saccharomyces cerevisiae
SEQ_343511,GAAATCTAAATTCTACACCGGGGTTGCTGGAATCAAGACCAAGTACAGAGATATTCATCCCTCATAAATAGTGAGGAACCATCGACGCAATGTGAGTACCGACTACCCGGAGTATCATCATAATTCTTAGCGTTCCACATGCCGTTAACTCCCCATGCCATCCTGCCGCTAAGTCATATCTGTAGTACCAGGACCAGCCAAAGGCTGTTCGTCCCGTTAGGTGGTCTGTTCATCGCTTATCTGATCGCGGTTTTGCGAGCGAGCTTTAGCTGTAACCATAAGACGAATTGGCAGTAAAGACTGGGTAAAAACATAGTACGATGACGACAGGATTAACCCGAGATTAAGGCCAAGTATCTCGTACCTGAGAATGGGAAGCGGGGCCCCTATTTATGGATGCCCCCCGAAAGATTGTTGGAGTGGCCTGTCGATCCGCCGGAGCTATGCAGCACAAGTTTTCTACCAGCAAGTGCCTTCGCCGAGCGCCGTGTAGTCAACGCCCCAGAGTTCAAGTCTGCGTCTCGTAGGGGGAGGTAGTTGTTCATGTTAATGTGTCAGAGGTGCACAATTTACCTGCTGGAGGTTTATGTTATTTGATTTCTATCGCGTCATTAAATAACCATTGAGGTACAGGGGGCCTTTCCGGACATATTATGGTATCGTAATAGACAGGTGGACAAAGACAGAAGTACTACTGACTGTCAACATGAGCCCGGAGCCCTAAAGGGCACTTTGCGAAACAAAATGTCAACATCTTAGGGCGAGGCTGCTTTTGCCAGTCCAGCGTGCCATTCATTAAGGCACCCTTGACTGAATTGCGGCTCCACTGGACGAGGCCTGGCCAAAATGCACTAAGCCTGGTGAGTTAAACAAGCCCTTTCAACTTTCAAACCAGATCCTGAATGGCATCCAGGTACCCCGATTCGCGAAACAATAGGGGAAATAGGCCCAAACAGTGACACCATTACGCTATTAAGCTTTTAATACGAGACGTGGATAGATGAGGGGGGATGTTCGGTCTACGCAGCTCCGCGTCTAAAAGACGTGTGGGGTATACTGCCAGTAATCTACAGTGGTGTAAAGACACCGTAGTATTCTCCCGTTGGACTAGTAACAGCTCACCGGCCTCCCTTACCCGACAACTGATCAATGCCAAGATTGTAAGACTAGGACGATGAGAGGCGCTATCACGAGGTGATCATTATAGACGCGACTGGCGATATTTGTTCTGTACACGTGAGCCAAGTGCGGAATGGATTGACAATTGTGTCATGGATTTACGCCATAGAGCGGAGGCCCTTGAGTAACAAGGCCGAACGTGTAGCGAACTGCGATGCTGATCCGCGGCTATGCACGCACGTAGCTAATGTGACATGTGCATACTCGCCGGACGATCTGCATGCTCTCGGTCGGAGCGGACAACAGCAGGAACCCGAGTGTATCGAGCAGGAGCCCCTGAAGGATACTGTGCGAAAAAACTCCGGCGATGGGTCGATCTGAGCTTCTAGGCAGCGGCACTTGATGATGAATCTTAACCGCCCTTCCTAAGCAGGAATAGTAGCCTGAGGTACTGGGCCTACACCTCTCGTGTGCAATTGACGTTCGGTCCGTATTAAGCGTTTAA,1624,49.82,Homo sapiens
SEQ_387400,GCTTCATACTCCTGGAGTGACATAGGCGACATACAATTGGCGCGCTGCTTGATCGACCGGACGAGAATCGTCGTCAAAATCAGCTATGCGTGTCTTCGAACCGGCTCATCTAATACACTTCAGTTCTAGATTATTTACCGCGTGTAACTACAAATATAGCTTGTAGCATAATTGAAGCGATGCGTGTGGCAATGATGATGTTTCCAGACTTACGAACCGTCAATTGACTGAACAATACACCGAGGATAGCATAGCCAGTACCTGATAGAATGCAAAAACAAGGTAAGCCCCGCAATCCTACCCTCGAACTTACAGACTGCCCTGACAAAAGAGTCCACATACAAATTGTGCGACATTAATAAGTCGATACCAGACGGTCCACTTCCAGGCCCAATCATCCCCTCAATAGTTCGAAGGGTCTCACGGGAACCGGTTGCCTAACGTGTCCCCATCATCCATAAAAATCATCCCAGTTGCTTACAAGTCCCAGGTATGCCGGAATTCAATTGGGCGTACCGTAGTAGTTAGTTCCCGTCCTGCCGGACACTGGCACATATACCTAGTATTGTGCGAAATCCTGCGCTACCTCAAGCCTTAAAGAGGGGGTCGTAAGCACTCAATAGAAGGCTGGATGAGCTTCCCGTCCGGCACACTTGGATACATCGTCAACATTACGCGGAGTTACTCAGAGGCACTCTTATGGTGGCCCGTGCCGGAGAGAATCTTGCCGGTTTTCACCGGACCATCTCCCTTGATTATGACTTGGCAGCAACTAACCCCGTGAAGTTTTCCTCTGATCAGGCTATGATGCGCACTGTCTGACTAGCCAAAGGAAGGATCGGAAAGCGGCTTTCTGCGATTATACAGTGAAGGGTTCCGGAGAGCCGGGGCCCCCGTGGGCCTGC,905,49.83,Saccharomyces cerevisiae
SEQ_759690,AGTCTCCCATAGGGCGTGGTGAGTCTGATAGGCAGGATGGTTAGGATGACTCGAACTATATGATTCCGCTGATTTCC,77,49.35,Drosophila melanogaster
SEQ_466102,GCTGCCGCGGCCAGAACTGTGCTTATTGAGTGTTGCAAAGGCTCTGGTGATAACACGCACTAGGAGCTGGGCGCGGGCCTAAAGAGCGACTCATCTGGTGCTCAAAGTGGGTGGCCGAGCTAGGCACGGTTTTACGACAGCCGGCAGCTACGCAAGGTCGCTGTGAGCATATATCACTGCCAAGCTGAACGCTTGGCCACCATTCGGGGAACCCCGCCAATTTGCACGTACATGCCGGCCTCCATATTTTTGCTTGCGTCAATTTGGAGTGTGTTTCGAACAAAAGGCACGTAATTGGGGGCCTTCAAAATGCCGAGAGGTGCCGCTGCACAAACCGTTTGTGGGAGTGTTACATATTATGATATTGGTAGCGTGGGGTACTCACGGTTCAACTTCCCGGATGACTACACAATGTGTATCGTCAAAGGGGAAGTGCTTGATACATAGGCAGACTCGACTATATCCGGTTTTTTAAGGCATCGGGCGAATAATCGGGATCGAGCCACGTGGAGTGAGGCAAATTCGCAAATATCCTCAGAACATCCTCCGCGTGACATTATAACGCTACGCGAGTGGATGCCGAGAGTTGCTTTTTGAGAGTTGGCAATGCCGTGAGGTAGACTCCCGCGGGATGTGATCCGTTCCTACTATCCGGGTAAATAACGCAACGTAGATCTATTAACCCCCTGCTCAATTAGTTGGTATGGACCAACGTTTCGACGCTCTGTAACACCAGTATCCAATGGTATGTTTCTTCACCCGATGTCTGATTAGATAAGCACCTGTAAGCTTTTCAGAGAGGATGGCTACAACTATAATGGAGGATACCGGCTGTCGAGTTCCAATCAGGCTGGCCTGGTGCTTGTCCCGCTGATTTCTTGGCGGGCTACGGTTATTCATCCGAGGTCCATGTCTACCCTGGACAAATCGGCGTAGTCAAAAGCGGGACGTGACAGCTCTCGCGATTCGCTATAACGGTTATAGGACGGAGACGTATTATCAACCGGTCTTTGCAATTGACAGCTAACCAGCGACAACGAGTAGGTCTCTCGCGTTGCACGCTTCAGTCATTTCGGCCATGACAGGCCATGTGCTCGATCAATCGCTGAGTTCTTTAGACTTAAACTAATCAT,1133,50.66,Saccharomyces cerevisiae
SEQ_743750,TCAGAGATCAGAGCGTGATAACCCGGCAGGGACGTTCCCATTATCGTTATGGCGCCGGGGAACTTACAGTAGCGACGCGAGACCTAGAGTTTGACTGCTGCGCGCTATGTGAAATGGAATCGGTGTATCCCATGGTCATTTAGATAATATCATCCCTACGCGTGTTGTAAGTTCGGCGACAGCGTAATCTAGCGACGAAGTGTAATTACCGAAGACTCATGCACACATGAGAAACTATAGGCGATCCATGCGCGGGTGTCCCTACTCCGGCTC,273,51.28,Escherichia coli
SEQ_951802,CATGTATGTCTGTTCTCCGGAAGCTTGTAATTATCGTGGGGCAGGCCGGAGCCGGGTTTTCTAATGTCTTCCTATTGTGCGTTTGTCCTCATCTGGGCGGGTATACTTTCCCGCAGACCATGGTCTACTCTGTACGCAAGGGGGTTAGGCCGGGACCAACGATCAGAGAATAGCCAAGCGCGTCGCACTCTTGAGCACGACTATGTATTATGCAAAGTGTAGCAGCCTTGTGGTTGTGAGGTTTTTGCTACGGAATGACAAACTAATCAGGATGGTGGGCCGGCATATAGGAATACCGCACCGAGGCCTTGTGGAGACGGCCGTATCATGGGGCCACGAAGGAAGTGTTATTGTCATCGCATCACAAGCGACGAGATCACAGGCGTCTGGTAAGAGAGCGGCCTTTTCCGCAATCGTAACGCGGAGACCAGCCTACAGAGCCTGGCACATTACCTGAATTACTGTCTTAAAACTAGACCGTTAACGCGCAGGGGGGGACTGTGTTGTATAGAAGCGCAAACTCGGAAAGCGGTGTCGAGCTTTATGAAAAGTGGGACGGAGAGAACGGCTTTCTCGGAAAGGCTCCTGACCGCTACGGTCTCGTCCCCCTCTCAACCAACAGAGAAAACCGTGTCATCTCTCGGGTGATAATAACTCGTACTTACCTGTATGACCTTCTATTCGGATTGTCAGGTACCCCACGGAAAAGAGTTACTGACGCTTTATGACGCGACGCTATTGTTAAAGAAATCGTGGGGAGGTCTCTTTGGCGCGCGAGTTGGGAGCATAGGAAGGTACGGTGTTGCCACGCGGGTTCGTAGGCCGGGGACTGCGGAAGCACTTGCGTAGACGCAGGGCACGCGAGCTACTCGGAAATGGACAATCGGGTACGCTACGGGATGCAATTCGCCATGTGATGCGTAGAGTTTTGAATCATGAACTGGGGTATTTCGCTGTCGAAGTAGGCACAATTTTCTTTTAGACGTGGTCATTTGGCTGTTATCCTCTGACAAAGAATTTTAAATTCGGATCTCGGCTGTGGGGTTTCGTTCCTTAGCCCTTTCGGGGTCAAGCTTTACACGCACGTTTGCCCCCTGCAAACAGATAGCTGGGGAGCCGCACGAAAGCACACCACGAGGGTGTTGCGCGCTAGTTGTCGCGGTACGCGAAGCAAAAATGCATAATTTACTCTAACCTCATGAACCTCGATTTCCATTCCGAGAACAAAAAATGTCCCAGCATCACGCTACGCCGTTTTGGCTAAGAATGCAGACTAGATTTGATAGATGTTTCGTTGGTGAGGTGTGGCACTCGAATCCGATTGAAATAGGTTCGCAACTTTTTCGCGCTTGAATAGGAATAAGACGATGCTCGATTAGCTCGTGAAGGCGTTTAAGCCCCCCCTTACTGAGGATTCAAGATGCGATGCCCCATGAGGCACGGAGCAATCGGTCACCACCTTGCTAAATGTGAGACCAGTTATTCGAACGCAGAATTCTGCATCCACCACTATACCCTGCGATGATCAGCGGTCTGGCGGAACCGGGGCGACTTCGTATAAAGATGTTGTATGCGCCGAAAAGATATAAGGTCAAGGAATATTTGCAGGATAGCTTGGACGACTAGGATTGATAGGAAAATACGGTTGACGATGAACCCGCACGTTTGAGCGAGGGTATCGTGGAAGAGCGTCCCCGCGCGGTGTCAAGTTGAACCATTTCGCCGTGATCTCGAGTCCACTTACTTTTTCCCTCTACTGATTGACCCAAATCGCCTCTCTCAGAATTGCGTTTCTAGACAAGTGATAAGAGGCCGTCCTCCTGGTTCCAGGAGAAAGAGC,1840,50.82,Saccharomyces cerevisiae
SEQ_533262,GGCCTGGTGGTACCGAAGCGCATACTTTGCGCTCGGCCTAAGTCGAGCTTGAGCTTCACGGGCGGGAGGCATTCTGGTAGCCAGATATGAGAAGCTCTGATCGCTGCTACTTAACAGGTCTTTCCCATAGGGGTCTTATGAAAAACTCCCCGTGACACATATTGGATATATTCAGCTAGCCCGGATGTATGCTTTCACTGTAGCCACCACTTGGGTAATAGAGCTGAATACACTCTTCTCTCTCTTTGGTGAGGATTGCAAGTAACATACGGGGATCGAACGACATTCATATCTAAAAGCGGCAGCAGCATTCATACACTTTTATGTCCAGAGGAAATGGATGCGAGTAATCAAAAGCATACGTCAGCCGCCCCTGGGGCGGCCGATACAAGAGAACCCATCGTAGCCCCACCAGAAGTTTAGCCTGCACCATACAATATGGTGGAGCACAGCACGATCGGTGGTCCGAGGATCGTTCCAAGGCCCGGTCTCGTGCGGAGCGAGTCTCTATGAGGCACAGTTAATATACCACAACAAGATTGATCGGTCGTCCCAGGTCCGGTATTGAATGTCGGTTATATGAGACTGCTATGTGAGTAGGTTTGAACCGGGCAAGAAACTAAACGAGGCTCCAACGGCATGTGGATGGTAAGCCAAC,658,50.46,Caenorhabditis elegans
SEQ_607800,ATGCGGATATATGTTCGTAAGTACGGTCCTGAGGTAGGTGGGCGGCCTTGTTCACAACCATCTCCGATTTATACTCAGAGACCATGTCAAGGTGATGCATCATAGTTGGCGCTTGCAGAACGGTTCAGGATATACCCAGCCAGCCGGGTTGCAATAAGGGAGCTAAACGATACTAACTGCCATCGCTTGCTCTATGCCAAAACTAGTTCTACGCTAAATATAGTTGCGTATGAGAGTATAGGCCCTAATACACAAGTGTTGCGTCAGATTCGAGGATATCCGTGGAAGAGCTTTATATTTTCCGCGAAGAGATGTCTCTGGCTACACTATTTCAAGGACTTGGCTGGCGATGCTTGAACCGAGAAGAGCATATTCTTGTGAAACAAAGTTACTGTCTATCTATGGTTCATGGTAGTCCATAAGCATACTAGCTGAGGGTAAGTCTCTTAAGCTGGTAAATCCGTCTATGTCTCGGCCCCTGGGCATCGCGTGTCTGGGGCATGTAAAGTTTTCGATTTGTATCGAGTAGGTACTACAAACGCCGGTATCAATACGAGAGCGTGAAGTTTTTGATTCAGGGTGTAAGCTTAAGTCTCTTTCGCCGCGTCAGATTCCGGAAGACCAGTGAGCATCCCAAACCGGTTATCGAGTCTCGCTCCAATGAAGTCGTTGTACTATTCAAGCGTCCGAAGTCGGTATGCTACAGCTATGGCCTCAAGGTTTTGTTTCTGCCCTCCAGGTACGTTCACTGCGCCTGTGTGGTGCACGTCACGATGAAGCGCTGGCTGCTCCGACGGGTGACAGATCCGCAGTAGGAGTGCGGCAGCTCCCTAAGCACATTCGACCGTCCAGTAGCCCGTTCCACGAGGGGCTGTAGAAAGCAATATTAACATTGACTAAACTCGCGGGCCTGCTCCTGGGGGTGGTATGGAACGTGGGGGTAATAGCTCGAGGGTCTGTGACCACCCTGTTGCGGGGGTTAGACCGTCGGATCTCAACCAACCTGCCACTGACTGGGGTTGTCCTGATATATGAGTACTGGGATTGTCAGCCAACGGGGTCCTCCTCCGCGTCGGCTCCCTCTAGTACCGCTCGCGGTTAGATTCACACGGGTGTACTAAGAATACTAGTAAGCTATAGCGACAAATCCGGTGCCGTGATTAACTTTAAGGAAAACAGACGGTACAGGTCAGCCGGGCCGTGCGAGTACGTTCCCGCCGGGTAAGGTCAACGCCGAGAGACGGGCGTGAATTTCAGGTGTGGTACGAGGCTGTGTCCAAAGATGTCCCCGGGCCCAAGATATAACCTACAAAAACGCCATTTCGTCCCGCGTATC,1336,51.2,Drosophila melanogaster
SEQ_515538,GCCTTAGAATTATGCACGTCTTTACTTCGATTACGTGTGCCCATAACACGCTCAGATCGAACAACTAGTGTTGACGGACTCGACCATCTGTGGAAGGGGGTGGGGACGTCTAAACCCAAATGCAGATAGCCTCACCGCTTTGATACTATGCCAGGGGATAAACACGATATATTGTGCAGAGACGGGTCCGTCGGTGCGAAGCTGCTCCCAATGTCAGCGCAATAAACGTCCGAATTATTCAGCCTCGAAGTTAGCTCTCGACAATCGGAGGACACTAACAAGTATAGACTTACCCCACCACCATGGCGCATTAAGAGCGATCCCACTACAAATACGGGCAGGTTTTCGATAAGCCTCGTCTAGCATTCTGAATATTGCTCGCGAAGGTGCCTCTTAAAAGCTCGCCATAGCTCTTTGTGGGCGACATATTACCCACTTGGGGACTAAATTGGCTCCGTAGGGGGAATCTGACGTTCAGGGAGTACCTAAGTTAGTAATTCGTTTAATTGGTAGAGTGCTAATGCAAAGCTTGGCCTCATGAGTTGTCGCATACAGAGTGCTGGCACAACTACTCTAGAGATGATTCATCTCAGCAATTTTTCATAGAGTTTGGGACATTTGGCATCGACAGGAGCTGTTTCCCATAGGATTTATCTAAATGACCGTCTTCGTATTGGTTCTTGTCCCTACCGTGCGCGCACACGCCCTATAGTTGA,716,47.77,Drosophila melanogaster
SEQ_139589,ACAAGGCACAGACCCATAATGCTGAATTTTATCGATTGCTATCGTCATTCGGCTGCTAAAATGGATTAGTCTCACGCCGGAAGGTTGGCGACATCTTCCATTCAGGGCCCGCGTAGGGTCAGAAAGCTGAGCTCTTTTGCGTTCGTACACAATTGTACTGTGCAGGCAGAGGAGGTCGATATGGTACATTAACCTACCGTTAATATAGTTTCCAGACGAGTTTTGAGTAAACTAAAATCGCACAAATTAGCCCTAGAAGAGATAGCTGAAGCACGGTCACTAGTAGTGGTGAATAACGCCCTAGAGTCCTCTGATCACTTTTGCACTGATGATCAGACTCTGGGTGCACGGGGTCTGCATACTTCCTCCTTTAATTCGTTGGTGGTCTCTGTGTGCTCTATCCGTCTAGGGGCCGCCAGGTATAGCTACTTTTTGTACTGAACGAACCGCAATGAACCATATTGATGTAGTCCCACGTGTAGGAGACGCTTCATACTCGGTAACAGCGGGAGGATCTTCGCGTGCTCAGCGACACCTTATGCTAGTGTAATTGAATCAGGACCCATGATACCCGAGATGTTAACGCCAAATGGATGTAACCTGACGGTTACCTACCGACTCTCGCGGGCTCTCTGGCATTAAATGTGCTGGCTCTAGGAACGGTTACGAAAAGTCGCACTGGAAGGAGAACTGGAAACCGGGACTTTGCCGGATATGTCCCCTTCGACGGCGTGACTAAGTAATATAACAGCTGAGTGAATACGACTAGAATCAAATTCGTAAATGGTCAGTCCAGAAAGAGTCGCATATGTATACGTCTCCTTTCGCGAGGTTGGTAGAGGTCGTTGGTCTCCAAGAACCTGAATTGGCTGCAATTGCGTTGTGAAGTGAGTGGAACTGCTATATACGAGTAATGACCGGAGCACAGAAAACGTGACGTAGCGTCCGGCCGTCGCCTTGGGACCTTTGGGGCATCCCGGAATGAGCCGGTTGCGCTGTGTGCCGCCTTCAGGGAGTTCTGCTAAAACTGAGAGACTAGTTCCGAAATTCGCCCCGTGGACCTGCTCTGATGGACACCAATTTATTATATGAATGGAATTTGTCGTGGCGCTGCGATGACACGAGCCGTTTACGGTCAGGAACCTGCGGGGTGACCACAAGGGGGTACCGGGGATGTCTGTTTTCACTTATCTGACATGAATGGAAATTCGAAGCCTCGCCGCGCGCAGAGCCTAATTGCTTACAAAATTAACTCGATTACTACCAATACATGGTAGAGTCCCGAGTAGAGTGGTCTGTCGCCTAGAACACTACGTCCGTTGCCGCATCTTAGAAACGATCCGTACTCCCTTTTTCATCGTCACACACTTGAAACTTATGGCTTAAAATTAACAGCGTAAGAGCGCGACTTCCGGTATATATACCTCCAGTATCCGTGCCCTAAGAGTAAATAAGGGGCATGCACCGGCGTTCTGCAGGCGAGGAAGTCTATAATGAATGCACTGCTTACTCGCAGTGGACTGACAGACGTTGTAATAATGAATGCGGTTTAGCCTTTACCTCTGAGGTGCGGACGTCACGGGAGCGTACACCCCTCTGTACTAACGGTCGTCTCCGTCGGTTCACATGGTGAGCCCGAAGCCTGCACAACTCTGTGCCTTACGAGCTTGAAACTCTTCGCGGGAGTCCCAACACACTTCAATGACTTACTAGATGGGTGTGATCATGCCGCAGTTTACTCTGCGTTGAGTGAATTATCCGTCCAAATCGTAATCAACCCGGTAGTGCTC,1790,49.39,Escherichia coli
SEQ_183590,ATCCAGTCCTGTGATCTCTTCAACGCAAGCCTTCGCATGTTTCGACTGAGAGGGAATGGGGTCAAACTTATGGTGTTATAGTCATCGTTTGAAAACGTGATGGGGTCCGCTTGAGCAGATAAACGAACTCTAGTATCATTCCCCAATATCTATAATACGTGGTTCTGATGGTAGGAATATGATTCGGGGTAGTGCTCCCCAAAGGAGTCGTATATAACCGTCTCCCCTATCGGCTTCTAATCATTCTTCCGGATTAGTGAGATAATGTGTGATGGCAGTAGATTGGTGATCCGTGAGTAATTAGACGATTATAGCCGTAGAATAGACCGCAGGATGGCAGTGTGATACAGCCAGCTTCTCGCCATTTCGCACAATCCCCTTAAAAACCCCTGCGTACATCCGCCGTGGTAAACACAAAGGCCTATGCGCCGTACCCTCTAACGAGACAGCACCCGTTAAAAATGTAAGAGCGTAACGAACCGGGTTGGTGTGTTGGATGTTGAAGGGCGTGCTATGTATACTTTCCCAATCCTGTATGTACGAACCCATTACCTCTCGAGCCCACCCCATCACAACCTAGGGCGCCTTCTAGTGCTCGCATTCCCTCTGCCATATTCCACATAAGTCGCAAGAGAGCGGTCCCACTATGCACTCCACTCCACAACACTCCATATGGAGATCGTGGGTCCTTGCTTGGATCAAATAGCGCTACTTCGCGTAAATTTCTTGCGGTTTTCAGTAAACGTAAGTTGATGCGAGGGAACAGCGTGAAAACATGGATACTACAATTAAAGGTGATACCTACAGCTATCGATCACGCGTTGAGCTGGCTGTCTCTGCCCCTCATTTAGGGTCTCCCCAATTAGAGGAAAACGATCGTGGCGCAAAAAGGCGTCGACCCCCCCAGCCGAGTGGCATGCGTAGGTAGAATGCTTGTTCCATACTTAGATCGTGGAGCGCTCCAGCTCCCAAAATCCGGAGACCTAGCACATTTTTCCGGCGGCTGACATGCGAAAAACTCGCAGGTACACATAATGTCGACACTCACATTACCCTCGCTCTCCAGCCCCTGTGTATCTAATACGAGTCTCTTCAACGCAGCGCCCGGGGGCTCACCTGTTTTCGCGCTCGTGACCCAACGCAACAACTGACGGGTTATCCAGGTTCGTTCCAATACCAGATTGGACAGAAATCTATCGGCGCCGTTTAGCGGGCACACCCGGGATGTATCCATACGTCGTAAGACAATTCAAAAGTCGCTTCTACGTCCTTCTGAAATGTAGCATGCTCATTGAGCGGACCGTTTAGCGTGAATACTTTGCACACAGAGATCACTTCGACTTAGCTTCGCTGGGTTGTACATTTCCGACGCGAAGTCTTTGTTCAACTCTTGTTTAATACCCTCATAGTACCTGCTCCGACGACGGGACTCCATCTGCCTTGAGCTCAAACCAGGCCACTAGGGGCAGCCGAGGCAGGCAAGCAGCGCGCGTGCTCTCCCTGAACCAGTGACAGCAGTCTCGCACGCTCCTTAGAGGAACTAGACCAATATTGAAGGAACACGGCGAAAT,1571,50.16,Escherichia coli
SEQ_910094,AAGAATGATGGCTGGACTATAGTATGGTCCGCTTCTTCCCGTAAGAATGGGTCAGTTGTTGCGACGCAAACATCATAACCGGCTGGTAGGGTAGAGATAAGTGTCGGTTAGTTTGTGGGGAATCGGTCCAACCTCGGGGTGAATGGCGTTGTGCCAAAGGCCTCTTCATTTGGACGGCGAAATGGTTGCTGATTTGCCTCTATGACCCAGTGTGGAGTTCAGGTGCCTGTGTCGTACTTTCCGCCATCTTGTGGGTATTTTGCGCTACCGTGTGTATCCTGGCACAAGTTGTTCTCGGCCATATTCGCCAGTCTCCAGATGCACGAAGCAGCAATCATGTAGCGCACAACCGAGGTAAGCGTCTTATGTTTAGTGGGAGTGCACTGGATATCTTTTTATTTGAGCACGCGGAGGAACATGGCGATAGCTACCTTCCATCGGCCCCCTGTGCAGC,454,51.32,Homo sapiens
SEQ_159161,CGTCCTCTCCCTCATCTTTTGATGCGTCCGGAAGCCCTGGCGGAAGCAGTCGACACTCAGCACCGAGACTATGTCGGCTCGTCTTGCGCACCGGATTCAACTTTACTGACTACCCTTGTTATTGGTAGCGCTCCAAAAGATCTATTCCCTCGTTGAGTTTCACCTTACGAAGTTGGGTGTAAGACTCTACGGTACTATGTCCCGCCTTGGAAGATGGCGGCGGTGATGACGAAGCTGAACCGTGAAGCTTGACGGCACCGTCAATCCAGCTTGCACATTGGCGACCAATCCAGTAGCCGAGTTTTTAATCAACCTCGCTAGTTGACTTCGATCGCGTTTCCAGATCATGCAGAACTTTAGGGTATGCAAATGTTAGAAAAGGACGTGGTGAATAGGTTTGATTGGGGTTATCGCATCAAATTGAAACATAAATTGAGGGCGCATTAAACCTCCTACGCCATCAAACTATCAGGGTCCGGGCCCATGGAGCAACTTGTGGTAACCTGCTAGGGGCCCTAGCAATACAGTACCGTGGAACGCCGATGGTGTTGACTGACCCATCGGTACCCGAGGTATTCTGGACCCGGGGGGATAAGCATGTGCTCCGGATCTAGGTGGCCTTATCTTAGGGGTTGGTCCACGTAGACGGGCTGGGTGGTCAAAGGATGAAAAACGAGGACGCACATAAGGACATGCACGCTGCACTCGAGACTTACGAACAAGAATGCTGTGATTTTGACCTAGTGAAACTCTTCACTTTTAGAGCCGCAGGCGCGGGCAGCGACTGCCAAATCGCCCCCGCCCGCTTCGCAGCAACGGATAACCCTGCTTTCGCCAGTAGGTAGTCTATCCTCGGAGCCAGAAAGGTGGCCACACATACTCCTATTCCTGACTTGACCCTTTACAATTCCCTTCGAACCCCTCCTCCTCAGCGCGCGCGCTCGTCGAGATATTAGGCTCGTCTACCATCCGTGCGATTGGGGACACACGCTGGCGTTTTCCACATCAAAATCGCTTTCATAGTATGGAAATTTGCTCCAGTAGACTGCTGCTTACGGTCGCTGCGGACTACAGTGGTTAGGGAGGAATTAGTGTAAAGGACATGGAATAATACGAGTGTGTGAGGTTGCAGCACCTTGTTAGCACGAATATCGGTTCTCTTACTTGCGCGGTACGACTGGTGCTCAATTAGAAACAATCAACTTAACCATTGCGCGTTAGTCGCCAACAACGGCGCCGCTCATTTCATAAGAGCCGATGAAGCAATCTGGAGACATCGGCTGGGCTCAATAAGCAAGTTCATCGGAAGTCGATCGCGCGCAGTTTATGCATTTACGACGCGGCGTTTGGCAGTCGCATACCTTTCTAGAGTGACGGGGTGGGTTTGGACCCCCTCGTAATCCCGCTCATGGGCAGTCTACACAGGTAAAGCGAGGAAAACGCACGGCTCTTTATGGCGGGACGTAGACATCGCTCTAGGACTCGAGGACTAGCCGCCCCGGCTCATCGGTAACAAAATTACTCAGACCGATTTATACGTCTAGCGACTTATATCCAACCCTCCCTTCGTCACAGGGGGATCGAAGTCTAACGAAGGAATTAGGAAGGGTGCTACGTAGACCAGCAGACTATATCCGTAACAGCAGAGCTCGTCTCTAGATTTTTTGAGCAACCAGAGTATCAGCATGCCTTAGGTATTACAGGTAGGCTCCTACTAGCGTGGGGCGAAATTGGTGTGTGAGCTCCAGTGGGTTACCGCAATGCTCATTCGAGTGACGTCCGGGAAGCGTTCGTGATCTACGTCCGCATTCCGATGGTTGACCTGAGCTTCTTTCGTAGCAGGATGGTCAGATGCACGATTTGAAACTCGGATCTGAAGCGTAGTGGAAGTACTTATATAAACCTCAAAGTTTTT,1915,51.28,Saccharomyces cerevisiae
SEQ_890880,CCATATGCTTTGTCTTCAGCAGTCGACCCTATAGTCACGAATACCTAGGCATGCCTTTGTACTGGTAGATTCCGCTCAGTGGCAACTACTGTGAAAAGGAGTATTCAGACTATTGGACAATTGACCGCAGATGTCGGCCCCTCGCGCTCGTAATGTGTTCCTACGTTCGTATAACACGAGGGTGCTCGCTGCTCCAAAAACAAGTGGCTATGCGCCGAGGTACACCACGGCGTATTCCCTAACGCTGATCTGCCCGGCTGTCCTTCTGGAATTCAATACATATCATATTCTATGGCGATACCGGGTGCACAGTTACGAATTGTATTCGCCGGTTGATGGGTGCCACTGAAAATAAAGGAACAAAGACCCCCTATGGTAAAGGGGGTTAGCGCGCAGCGCGATTCGTGCTAACTCAATTCACCCGACATAAGACGACGTACCGGGCCTTTCGCGCACATCTCAGCAGCAC,469,50.96,Saccharomyces cerevisiae
SEQ_233627,TCAAGCGGGGGTCCCGTTATTAAGTGAGTTTTAACTAACAACTACATATCAGCGTATAATAAGAAAAGTAAATCCGTAACGCTTTATTCGACGCGGGGACTTTAGTTCGGCCAAGCGCCAGCGTGTATACACTAATGGTGAGATTTGAAAGGATGCCGCTGTGCATGTGCATGTGGCGCAGGTCTTCCTCGTGCGCTTTTACTCGGCGTGCTGCGGGATCGTGGCCATATCTGTACGCACGGCTCATAACATGCGGGTCCAGCCGTTCGTCCGGCA,276,51.09,Escherichia coli
SEQ_597719,CCCTCCAACTAATTGTTGAGAAAAATTGGGGCTCCGCCGCGGCGATCTGTCTGCAGTAATCAAATGAGACAATATATTAAGGGTCCTTCAAGGACGGTTACCTCCGTGCCAGTTGTAGTCGTGGGGCATACGCTAGCCCAACAAGCGTATCATCACCTTGGCAGAATGTCACGGGCCACGCTCGACTGAGGACGTTTGAGCCGTAAACTGCAGCCCGCTGAGGAAGTGCGCTAGACACAAAAGCTGTATGCACCCGCATTGACGAAAAGCCCGGGAGCAACTGAACTTGGCAGTCTATGCCTGCAACATGCGACACACGGTGGAGGAAAGAAGTCCAGCATTCGTGTCCTTAACCATAGAGTCATCCTGAAGCGAAGTTCACCAGAGACGTTCAGATACTGATGGTCAGGAAGAGAGTCTCGGGGAGAGTAACGGATGATAAAGCTGGTAGGATGCAGTACCCTGACTGCGCCCTTAAGAGGTAAGACGTGTCCAGACTCTAGGCAATGATGTCGACAGGCCGATTTCCCGGCCCTAAATTTGGTCTCAGTGGGCCGCCACCCTGAGAATGGCCGGTTTTAGGGGTTGTGTGGGTAAGTTTACTCTAACAGAGGAAGTATGAGTTTGCCATCCACCCGCCTACAGCCGCGTTTTTTCTTCGTGGCCCCCCATCCTATCGCGTGCTGTCCCGGATACGAAATGCGCCTCATCACACACGG,719,53.13,Escherichia coli
SEQ_599540,CGTTGAGGCGGTGCATAGGGCAGTGCAATCTAAAATTAACACAGCCTTTTCCGGCGTAGGCACCGACCAGATTGAGACAGACCACTGCGAGCACGCAACCCAACTGGTGCGGTCTACGAGAGCCTGACGCATAGTCAATTGCACCAGCGCACTTAATTGTCGCGGGGACGGATAGCTCTGCAAACTTTTAAGTAGTGTAACAAACGTAGAGGATTGGCAGCATGCTTATTTTTCAATCCAAGGCAGACGTATCTGCGCTCAACGTATTAAAACCCCTACGTGAACACGGTTAATCATAACTTATCCCGACCCGGAACGTGCTGCTTGGGCCACGACAGACGTTACCCCTAGGTATATTCCAGC,363,50.69,Homo sapiens
SEQ_936916,GTGAAACCGGTCGCATGATGACTGCCATCCTCATTTAATGGCGAAGCAACTAATCGTTAGCAACCTCAGCATTATGGACAGGGGGGTGTCGTGGAGCAATAATTGAGTAGAGGTATCCAGGCCATGTGATTCAGTAACGAACGAGCCAAGTCTGGCAGGCCTATTGGCCCTATTCGCGTTCGCGTTGTCATGGGCGGTATCAGGGTTACTATAATTCAGTATCGCGGTCTCATTTTGACCGCGGGGATGCATATACTTATCGTAGGATTTTCTCCTAGGATGGGACTGCTCTTTGGACCACTTCAATTGCGCGCAACAGTATGGTCTCTCGGCCTGCTTCACCGTCTGACTATGTTCCAGGCTATACGTTTGCTCCTGGGTTCAGATCAGTTCTCATACGGTGCAAGTCAGAATATCAGAAAAAGCCAAAACGCCTCCTGGCGTGTCAGAACTGTGACACTTGACTCCTGAATCGTACGCCACAGTACCAGACGCAGTCGTTACTCCTCAGCCGCAGGACTAACCATTTACGCTCGGTCGCCTAAGCTGAGGTGGACACACCGGAGCTGTCAACCCACCATGGTCGAAGAGAGAGGTTCCTTTAATCTCGAACGCTATAGAGTTTTGCAGCATACTGATAGGATATAACAATTGTGGACACTTCCGTTTGAGTTCGAGGCTAAAATAGCAGCCCACGAATACAGCCGGGGTTTTTGCCTTACACATGGGATGTAGCTCTCAAACATGATCCAACATGACATAGAATCACGTCACTCGGAGGTAATTCGGGTGCACGCACGGTAACAAACTGACTCAAAATACGTCACGGTCCTAGGTGATGCCTCTTAGATTCGCTTCCCGCAGATAAGAACGATATTATGCACGGGTTGTAGCAGCTTCTCCCGGTGAATCTCTCACGGGAGAGACCAATATGGGTCTCGATTGACGAAACATGTATTGGCTAATGATGTTGGCTACGGGGGTACTCGCGATGTTAATAGATAGGTGAAAGCTGGGATGTTCGTCGCCGATAGACGGTCGGGAGTCCACTCGCCGAACAAAGACTTTTGGTGGTTTTGCAAGTGTGTTTGAACGCACGTAAATTCGAGCCGCGGAGCGCACCTGCGATCAAGATCGGGCGTTCTGACGGTCGCCGATGCGCAGTCTATTCCTAGGCATCTCAATGCAACTACGCGCAATGAATGCTGATTGTACTCCCCAGAACCCTCTCCGATCGGGACCAGTGCTTACGAAGGTTCATACCTGCAAGAACGGTTCATCTGGGACCCACGAGGTGATAGCTGGTTAGCCTTGTATGTGGACAGGCTCAACTGTTGCTCTAAGTGCATCTTCTTGACTCATGAGCTCAGATTAAAGGTAGATGTGTACCCATTCGCTCTGCCCCTCGCAACTTGAGACAGAAAGATATTCGAAGCAGCTCGGACATAGTGTTGAGCATCGATATGGGCCTAGCACTGGCTGAATGATCTAGAGAATCTGATAGGATACTGCCGTAATGACTTATACTGTATGGGAGTATTTGAAGGCTTTGCTGGAATCTGGTCCAACAAATGGAACCAGGGTAACAGGTAGACGGGGCTCCCGGCACTCGTGCTGGCAAAGATCATATAGCAAGTTTGATGTTACAATACTCCAAGATTGTTAAATAGTTCTACGATCTTAGCCGATGGTCGGCGGTATAGAGTATACCGAGAGCGTTCATAACATCGCTGTGTTCCATGTTAAGAGGACCTGCGCCGTTACTGAGGTGAGTTCCAGCAAGAACGTCTCCGAAAGATCCAGGGTGCCTCGTAAAACTCGTATGCCAAAAGTTTATGCATCCGTGCCCACTCACGTGTATCTTAGTGCGTAATGTGCCAACGTGCAGCCCAAGCTTACTCCACGCAAGCAACTCTGTAAGCTCCGACGGAGTTCAATCAATCGTTTGCTTTCTGCACTGCCTACAGATCGTGAGGAGTGTACTTTTTCGCCACAA,1996,49.3,Escherichia coli
SEQ_806490,TGATTAACAAATTAAACAACCTCGTGCTAGGCTGGGAGGCGATCGCGCCACAAGTACAAATGATCGCGTGTCGGACTGCAGCAAATTTTATGTTGGCATCAGTCAGATTCTGTTGTCCACCAAAAACCCAAGATCTTCGGTTTTTTCTATTGAAAAGGCAGTAACTCCGTCGCGTGCTGTAATGGTTCGCAGCGTGATGATACCGTGTTATGAACAGTATCTGCGGAAGTTCTTCACTCGGGTTGTCCTACCAGTAGGCTGAGGCATCACTATGCCTGACGCTACGCGTGGCCTTTTGTGCAGTATAGCTAATCGTAAGCACACTTGTAGCTACGAGGAGTTATATGTCGCCGCTCAACGCGATCGGCCTATGATGGGCCCCCGACGACAAGAGAAGCCAACTATGTAACACATCTATAGTGGTGAATGACGTCAGCGCTACAGACTTATGGGGCGATGGTCAACCGAGGGTGCATTGGTATATACGCATAATGAGTTCGCTATACGAGCATTCTCTACGCTAGTACGAAGCGTGTCACATTCTAGTGTGTGAGTGTGGGCGGACACAGATGAGGCATGGCTAGATCAATGTTACGTTAGCCGACCGGCCAAACGTCCGCTTAGGGCTCACGTTTCATCTATCTAAAATTCTGGACGAGCTATCCATGACACTATCCTCAACTGGACAGTCTCTCCGCGGACCAGTCGCATTCTCGACGAGGCAGGACGGACATTGTAACCATCTCTTGCTTATTCCTAGTGCCCATATGCCAGCGCGGGGCGCGCCTAGGGTG,794,50.25,Saccharomyces cerevisiae
SEQ_474915,GGTCATGAGCCCAGATAAAATCAAGCAAAAATATGCAGAAGGAGCCACTACCCCGACAGCCCACTACAAAAAACTCCCTCACCATCCGGATTTATACACATTGCCGCGGTCCATGAACTTACGTTACCCGCCACTGTTCAGTGTTTTTCGTGCTTGCCGGTTGCAAGATCGAGGATAAGCAACAACGAATTGTAAATAACCACGGACGAGGTTACGAGCCCACCTCCCCCGGAGACTTAGCCCCGGCCACGCTTTAGGTAGTGGCACGCCCAAACTCACGATCAGTAGATGGCATCGCGAAACAATCAGCCTACGGAGCCTCTATTGACCCTCCGGCTATGGCGGCGTTCCGTCTCCGTCAACTCGTTGAAGCGTGTAAGGCTAGGTCTCGAGTGTTCAGCATCTCATGACGCCAGCAGTACTGGCTCAGCGGAGTTTCAGTGGTCTTGGTATCCCTCGCACATCCTGCGTTAGTACACAGAGCGCCAGAAGGTTAAATCCCATCCATAGACTGGCGTGTGAACTCTCTGTACGGGGTGGTTTAGATGGAAGCTAAAGTTCGGTATATGTGTTCGGCGTATCTATCGGCCGGGTAACGTCAATCCACAGAACAGTAATTCTTTTCGACTTATCTACAAAAGACACGATAGCTTCCAGTGGAGGGGACGACTTATCGTTCGCCTTCTTCCCACGCGTCTTACATCAGTTCTCTTGTGAGTGTCAGGCCCGGCAGGGTCTCATCGTATTGTCTACCTAGTATAATGCTGAATTCTAGTCATATTTTTGCTATTACCATCCAAGTGCGATCTAATCTACTGTTGGGTGGTTCTGCCTAGGATTACTACACGGTGTACAATCGAAGTGGGAACTGCCTTGGTAACCTTTGGAGGTAGACCGCTCTCTCGCTTAATAGTCGGATAAAATTTTTCGCACGTGGCAATCTCAGACATACCGAAATCTCGTCTCGCTCCGTTATACTGGTGTCTCGTACCGTCCCAATACGATAGCGTCCTTTGTGCGATTCCAATAATATTTTACAGTCCAGTGTCCCCACGGAAGGGGCAAGTGATGTCACATATGCGACAGATATAAAGCAAGTACACATATGTGACCCGATGCGAAGCTGACGGGGACGACTCCTCTATGTGCAAAATTTTGGGAACCGAAGCTCCCTGTACTGTTGGCCCTTTCACACAATTTGCTGGTACGTGTAACGATCTGCGGTCTGCGTCTTGGCACAGTATA,1245,49.48,Homo sapiens
SEQ_481995,TTCTCAAGCTGGTCTGACACGCGCAGGGTTTGTGATCCGAATACCGGGTGAATCCGGTGGTGAAGCTCTGCGGTAACAATGGTACAGGGATATAGTAGACATCCACAGGTCTAGATTGTCTGGAGGCTCATCGGAGGGATGAGTGGTCAGGGAATGAAAATCAACTGTAAAAAGTTCCAGGTATTTTGATATTCCGCTTGTAACTATTGAGTGGGTCGACACTTCCGGCCCAGGCAAAAACCTTCTTATTCCCTAGAGCACAATTCTCCCAAGATCAAGTAGTGCAACGCATGGTTGCCTTGTTT,305,47.54,Homo sapiens
SEQ_351879,CTTTCCCCTTTCCTTTGGATACCAATGAGCCTCGCTGTTCTGTACGGCAGGTATGTAACGATTCTTAAGGTTAGGAATTGAGGCGTCTGCTTGCAAACTCTAATCTATGAGCGGGGTTCTACTCTGCTATGGCCGCCCTCTTTCATAGGTTTGTGATATAATATCTCCTCAAGGGACCAACGAATTTCTCCTTTACGATAGCTGCAAAAGCGATCCGGCTCGTTTACATGATAATCGGGCACGGTTGTGGCGATTGAATTATAGCGGGCACTCTAACTGAGCGTCCCGAATCTTCTCTGGCTACTACACGCAGGGACCCCACAATTGAGAGGACCGTATCTTATAAAACTCACGACTTGCGACGTTAATCGATTCGTATCAGTCTAGCTTTGCACCTTTCCGGGTCGTCCCTATCCAAGGACGTGCAACCAGGCGGGCCAATGGAAATCACAAATATTACGCAATATCGTTACCTATCTGATCTAAGAAGAGTGGTCTGCATAGGACCAGTCCGGACTCCCGGGGATTCAGAACTGAACCTACAAACGCGTTTTAACTTACCGCCCCTGCTCTCAAGAAGGGGGACGCTGTATCAGTGACGCCCTTAGGACTTGCGCCTTTACGCAGCTGCCTTTTCGCTACGATCTCGAGTTAATCTGTCAGTCCGGCATCGGCAGGGCATCCATGTACCATACATCCAATCCACATGCGCACATGTTCCATATATCGGCCTGCATCGTCCAGTAGGACGTTACCAAAATGGACTGCACAACTCTTAGCGGGCTCGCTTCCCACGTGCGAAGCGATTTAGCAAGCAGCCCAGATACAGGGCCTTTGAACGACAGCGATTATTTTATCGATTGTTGGGTCTATATAAGCAAGAAGTCAAGGCACTAACTGGCCTGAGGCTTCTCAATACTGGATAAGCGTGGGATTTACGGCGCGCAGTTGTCCGGGATAAACGAATTACCGTGCTGAACATAGCTTCGCTTCGCCTACGTTGGTTACGAGTGGCTCAAATGGCGTCCCTCCCGCTTCGTATCCGCATGAGAGTGGCCCACGATTCTCAAGCGATGGACCGTCTTATTGGAAAACCTGCAGTTGAGTGTCTGTAAGTGCCGGGACGTGGCGCTTCAGCTTTTACGAACTGTTACGGTCGGGATGAGGGAGATGATGTACTTTCTCTAGGCTATACGCTAGAAACCAGTCGGGCGTTTCGCCCAAGCCACTTTGCCGTGAAGGGTACTGCCGTTGGTGATAAGTGGCATCTCGGTCCATATTCATCAATAATCTACGGGCGGTGAGCATAATACGGTTGTCCTTATTGACACCCTGGGAAGTGTAGGGGTTAGCGGATGGCTCCTACAGTTATAAATATCTCGCCGAGCGCGAGGACGTTTGTACTGAAAGCAGTCACATGTGGGATTGAACATGATGATAGTTGGAGATCTATCGAACGATTCAGTCCTTCAAAGCATCTGAACTGGACCGCTCGGTGTACCAAAGCTTCTCGTACTAACGAGCCTGTACATGTTTCGTAAAGCGGAACGGGACAGGATACTTATCTAGGCTAGCATTACTCAACAGGTCCACAACAGTCTCTCTTTGGTGGATTGTTATTAGCATAGGCGCTGGTTTGTAACAGACCTTGTCTAACCACCATTAATGAGCGCGGTCGATCATGCGCTGCGACATGAATGGTGTCGTCCTGACAGGAGCTAGGTGCGCACCGGCGATACCAGACGATTCGATTATGGCATAGCGACGACCCAGGGGGGACTTGAATCCCTCGTAATGGGGTCCACGCAAGTATAGTTGACGTCGGACGGCATACTGGTTCTCTATGTCGATTCCATCACCTCTCGTAGCAAGTGCCTTATGAATAGTAAGGTGGCACTGATTTACGATACAGGAATTTTCGTGACGGCTGGAAAAGTCTCGGCCGTCGATTCCCAACTCCTGGTATTGGCGTGAGGCCGATATTAGTCCTCTCTATTGG,1999,49.92,Caenorhabditis elegans
SEQ_351428,TTAAATTTATTACGTCAACCGAATTCCATCGACTCAGCTTTTTTAATATTCTCGATTGTCGGAGGGTAGATATTGTTACGAGGCCCAAGGAAACTCGCCTAAGTGGGAGGGAATGTCCGCGGACCGGCAGTACGTGCCAAACAAGCGTCTGTCGATGAGCATATGCGAACTTGAAGTACAGGGAGCGGAAAAGAGGGTCCTCACTACTCTGGACGGGAAAGTAAACCGTCTTGGCTACAATACCGTCGGGCAATGGCCTGTCTAAATTGCCCCACTCACGCTTGATGACTAAGGCGTCAGTTCTTGCATTTAGGCTAAACGATTGGTCTACATGTGATGGCAGAGCTGGACCAACCTACACCCGGAAAAAGAAAATTCTGCTAGAATCACATTAAAGGACCTGCTCTACGCCACTTGGAGGCCCGTTTTTCACGCATCCTTTTTCCTCAGAGGACCCCAGGGCCGCTTCGAGTAGCACGCAGTCACCCCCTTAAGGCAAGCCTCACAGTGGCTGTTTGTATCGTTCCAGGCGGGCAGCCACCCGGGCGAGTGTTTATCCGGTTAGGAGAAGGGCGGAAGACACACGGCCACGGCCTTCAGGTTGAGTTAGATTGATAGGCAAAGTCCGGATTTCGGCCACAGGACCGATCGGTTCCAGGGCCTCGGTCAATATGCCACCTTTTAGATCATCGTCCATAGGTCCTCTATGTACGCTACCGGTGACACAGTCCCCTCTTAAAATTGCATGCAACGATATTTTTTTTGATAAGCTGGTGTGGGACGAATGGATTAGATTAAACTGATAAGATGTCCTAGTGAAGTGGTTGAACGGTGCCCATATCGTCTCTCAATTATCTCTCGAACTCGATAACATCCGGGTGGTAGTAAGGGGCGCTGAGTCAGGCTTTGTATACAGAGCAGCTCACGCGACATTAGTGGCTTGTACTCTGGGTTTGTCGACGGGTCTGTCTTATCGGGGATGTAATATTTAGGTGTCAGGTAGTTACATCCTATGGGGACTGTATTCCGTCAGGAACCCCTTGTCGCTCCATCATGACCCTATATACCAGAATGCCTTACTTCATCTACTCAGGTGCGACGCGTTTGAAAGGAAGGTGCCCAATATATCGTAAATTTCAAACAAGAGAGCATGGACTGAAGAGGGTTTAATTCGCGAGTGTACACAACTGGCAATTGTGAAAAGTGGGCACATGATGCGTTTGCCGTTGGCAATATAACGGGGATCATGCCGTCCTAGACTTGGCTAGGGTCAACTGATCATATTTGCTCGTGACCGATCTTACATATCTCTTGTGAGCATACACCCCCGCCCGGGCGCAAACGGGCGCGATGCCTAATTATAGTGAGGGCTACGTTGGCATCTGCGGTGGGAATTTAACTATGCTAGTCTCGTTCGTGCTGTTCACTGTGTCTTTTGGTAGAACACCGACTGTGAAGGCATGCGATACGTGTCTGTAGGTACTGCAGGGACGAGGTTAACATCCACCTGCGTGTAACCCACGTGGCTCGATATTTGACAGTGGTACCTACGGAGGTTGTGCGCGCTAGACTTCGTTTGACTAGACCTTTATACCTCGTGTGCAATTAATAGTTCTGATAGAAATCTTAAATGCG,1635,49.24,Arabidopsis thaliana
SEQ_194798,ATGAGACACATCTCCAGACAAGCCGTTTACTCCCGTCCTAATGAGATTTATTGTTAGCAATTCCACCGGCCGCGCCAGGACGAGGTGATACGGCCTCCGGCCTGGTACCACATCGACACAGGATGTTCATCTTCTCATTAAGGCTCCAAGGGATCTCCACTTACGTATCCGGATGCTACAACGCTATCCAGTCTGGTGGAGGCGACATGTGGTATTCGGAGACCAGATTTCCGCGGTATGCACAATAAAATATTGGGGTGACCAACCTAAGAGCTACAGTGAGTTACGCCATCCGATGTCATACATTTCCTCTCGGCCTGGAGTTTATAACGCACGTACGACTTGCATCTTTCGAGCTAGCTCGCGTCAGCAGCCGTTTTTTATTGTTTGGTCATCGAGGCGGTTCGTCGGGAATACAGGCGCC,424,51.18,Saccharomyces cerevisiae
SEQ_876155,CCCCATAGCCCTCTTCAGACCAGGAGTTCGCTATAATCCTTGAAAGTAGAGTTTAGAGAGATCTGCGCTGAGGTCCCCTGATTACTTAGGCAGTCACCCCGTATATTCAAAAGTAAACTTGCTCATCTCATGAAGCATCACCAACCTTAGGTTCGCTCGCATAGTGCAGACCGTTCCTGATGCAGTCTACAACAAGTATGTGAATTGGGAGTCCGATGGATTATTGTACAAGGCAGCCCCCAGAGGGGCGACTGCCTTGGTGACGGCTAGATCAGAGGGTCACGAACTCGCCCTGTACACGCAAGTTAACCACGGCGAAACTCAGCCTCAGAGAGGCAGACCGATCTTTGCCAGCTCAGCGATCCCTATACCTAATACAGTGGGGACTGAACGCCGGAAGAACGAAATAAAATGAGGGTTACCTAGATTCCGCACGACGAAAGACTTTCACATGTCGCGCTTGTGGCCTCGACCACATTGTACTTAGGGCATCGTTACTCACTCGCGGGCCCCCCACCAAGAAAGGTAGCGCTGTGAACCGTTTTAGCCAGCTCAGCGAGCACCCTGTACGCATGACGACTAAAACGGCTCTTTTCGTCACATAGGACAGTTTCTCCTGCCGCTATTGCTCGCCTACTTCGCGACCCGCTAAAGCACGCGAGGTCTACAAAGCGGCATGCTTTTAAGGAACTCCTCCTCAAGGTTCTAGAGAGACCAGATTAGGCTAATTTCATGCATATATAAAGGTCCTCTGGTTACTAACGTGTCTGCCACGCCCCAGGCATGTTTACCAACCTTGGCACTGTTATGCAAAGGGCTAGCCGATCGCGGGATTTCTAGGAATCATTGGGACCAAGTACCAAAGCTCGCGCCATACGATTCCTAACGCCAGAGGGGGTATATAGCAAGAAGATCAATGGATCCGCTTGAACCGGCTCAGCATAACGAAAACTCCGACTTCTTAGTTAATGGGCTTCCGCCGGGTCCTTTCTTCGAGTACGATACTCGCTATTGGAGAAAAGTATTATCTGTGCGGAAGTACTTGGTACTAGTCCCTTCTTAGTCGCTGTATTTATTTGCTACGCACCCCCGTTAGTGCAGGGGAGCCTCGAAAGACACTGGTGGTGACTATGCTGCGGGG,1141,50.92,Drosophila melanogaster
SEQ_178317,CCGGTTACAGTCGGGCGTGCTATCTGTTCTAAGCAAAAGACATGGGAAGCCCGGTAGGGGCTACTCTGCAGATAGTTAGGCCTGGCGATGAGGCGCAGATCGACTACACATCTAGCATCTTTCCCACTGATATGACAATAAATAGGATTTTGAGTGGAGCAATAGCTCCCCGATCAGTTTGATAGGGCCACCTTGTCCTCCTTGACGTATTCTTGGTGAGTATCATACGTCTGTAGGTACCGTATATAACTAAAACGCTAAGCACGTAAAGGCCAAAGCGTTGGACTGCAAATCGCAAAACTAAATCTGCCCGTTATAAAGTTTCGCCAGTGCCTCACGCCCGCAACCCGTTACGTAGGGTCTATGTTACTGACGCTCGATCCTAAGAAGCGGCAGCATGTGAATGCCACAGTGATCCATCTGCTCTACCATGTGTGCCGTCCTCCCTTAAGCGCATAGACCACACACTCCTACCCACGCAGGCGCGTCTATACAATGGAGGCGAGGAGATCGGCTGTATTCGCAGACAGCTCTTTGCCATGCAATACTTGCCCGCTAGATTTCGACATGGAGCGAGTTATCGGCGTTCGTTGAAGCCTCGTCGTTCATGCGAATCTCGCCAGGTCGCCTCTTTCCATGGCTACTGATCGCCCTAACCCACCCATATAGTAGGGGTCGGCCAGTTCGTGATCCGCACGAAGCCCACTCTAGAGTGTCTCCCGCCTCTTGCGCAAAAGGATCAGTTTACAAGTGCGCTCTAGCTAAAATGAGACCAGTACTTTGAGTTTATGACGTTCATTCAAATGTTGTAGGTGGGGGACACTCGTCCTCTAGCTGGGATTCGGCCGGATTCCTGTAGCCAGAAACATCGGGTTACTTACCTGTATGAGACTGACCGACAAGTGACGAGGCCAGAAGTACAAAGTCGTCACTGACTCTAGCGCCTGACGACCCTATTTTATGGAGATCCTGTCGGGTGTAACTACTCACGTATTATCGGGATACCGCAACATTATGAGACGCTGGTTGCAAGGCTTTAGACCTTATTCCCTACACGTACCACCCTTTGTGTGTCCATTACTTGTCATGCAACGCCGTACTCGATCAAATGGTAGCCCCGGTATTGCAACGGACTTGTGACTCTTCCATTTATGTGCAATGATCGACAGTCAACCTGAGGAGGGCAGAACGGTTTCCAGTAAACGAGGGCCGGAGACGTCCAGTACCTAGCTTGGCCCGACAGTGCTCCTAGTCTTCCTTGCAATGGGAAATTTGTGAGAAGTTCGTGTGGTCAGCGTCTAGGGATTCGCCGGAACTTTCGGGGCTAACCTT,1332,50.9,Saccharomyces cerevisiae
SEQ_271304,AAGACTGTAAGTGACACGATTTGTTGATATTTGTATCTTTACAATAACGGGGTTCGCTATGCCACAGCGAAGTCGGTGTTTGGTGTAACGGCCCATTCCTTCCAGCACCCGATGTCTGACGGGGGGAGGGCAGGCCCGTGGCCGCCTACCGGCCTCATCAGTAAAGTTGTTTTGAAAGTTGGCATCGCGAGGTTATAGTGTGGCTGACTGCGTACATACTGAGTGCCGGACTGTTGAGGGCCGCGAAGCCGTGGACGCCGGACCCGAATGGGTGTGATAAGCCTACACGAGCTACGACATTCCGACGTCCGGATGATTATGATCCTCAAGTAAGCTGTCGCGCACGTAAAGTAATATCGCCCTTGCCTCAGGTAAACCTAGCTAGATAGCCCACACCGTCTGGCTATAGAGTGCACTCTAAGGTCTTCGGCCCCATACCAGATCCTAGGGGGCTATACAGAGACTGCGTACTAGCCTAAACGAGCATTTGAGCTGTCAACGTCGCATATACTAGAGGTGGCTACGGCACCAGGAATTAGGTGATCCATAGGGACCCC,557,53.14,Caenorhabditis elegans
SEQ_293670,CTATTGTAGGAATCCACTATGCCCCTCTTTGTGAGAGCTACCCATACAGGATAAGGCTGAATCTCGTTTCTTACAATAGTGGAGAGTTCAACTGCTCAATACTTGGCGGCACGGCCGGATGCACACGCGCCAAATCGACATCGCGTCAATTGTTACCAACTCTCCCCCGTGGCTCGAGAAGGCGATCAGCATTTGAATTCCGCCGGAAGGCGGGTCCGGTCGCAAATAAGGTGTAGGAGTTTTGTGAAAGTGAGGTAATCATCTGCTATATGGGCTTTACCGAAACTGGTTGGGGATCACCTGTCAGTCACGATCATACGGCAGATCAATCGTTGACCGGTAAGGACGCATCCTTTTTGTACGTCTCCCAGGATACATTTTGGTTTGTGCGTAGCTTAGCGGTAGGATATTTAAAATGGGCGTCACGTGGTGACCTCCATTTTATGGAAGGCCACTCGTGCTGTAACTGATCCCTCCATTGAAACGCCAGGCTTTCTTAATCACAACCCCCACAGATAGCGTTAGATTGAACTTAAGCATACCAAATCACTTAATCACAGACTTTCACATTAGCTACTCACGGGTACAATGAAGGAGTGTAATAAAACGGATTTTGTCTGGTTCGGATGAGATGGCTTGTGTGGCGAGTCGGGATCAAATATCACCTATATAGGATGAGCTTTGGCGAGTTGTGGTTTCTTTGTTGTGTCTCTGTACGCGTATAGAGCGTGGAACGACTTATAAAACCTGGCGATCGTTCTTCGATCATCACCATGGTTTAGCGGGCTGATAATTGGACTACTATCGATGAAAACCAAGATAGGTAGCCGGGGAGCGTCTCCGGTGCAGGTACCGCTTAAGGGTGTTATTGTGGGATTCCTTCGAAGCAGTGTAGTATAAGAGGGGGTAAAGCGGATTAAAATCTGGCCTGAAAGGATATTCCTTCTAATCTCTCGACTGAACCGTGAGTCACACGCTCCAGATCTACCAGATCAATTAATCCCGCAAAAATTTCGTGCGGGTTGAGAGCGTTGGCATAGCGATATCGCGTGAGCAAGGATAATGTTCAGCTTGACTTATTAGTCCCACTAACTTCTAGACATTCTGGTATCGTGCAACATGTCCAGACAGCAGGATGTCGCAGGGACGTAGTCACCGCCACGTGTGACTAAGGCCCCCCTTGCATCCCCACGGTGTGCAGCACACGGAGGAAAGCGACCAGCCCTTCCGCGATTAGGCGAAATTCAATACCCGTGAGGCAGACCACTATAAGGATTATAGATCTGTGTTTTGTTCGAGACCGGGAATAGGTTGCACAA,1319,48.14,Arabidopsis thaliana
SEQ_783179,TTCAATGTAGACACACCCTCTTAGGAGTCGCACATACCTCTCAGGTGTTATGCGTCACCGTTCACACGACTAGGGCACCGGGGTTCTTACGCACTGGTTAGTGACGAGAAGGGGTTCTCCAGCGATGCAATGCAGCGCCCTCCTCATGGGCCCACCCATTAGGCTCCGTAACTGTTACGAGCTTAGTAAGGAGTCTAATTCATGGGGTTCGTATTTTCGGACTTCGCCAGTGCTCCCTCGTATTGTGTCTTTTCGCGGCATTAGATAGATAAGCCACGCACGGAATCGTGTAGAGGCCGCAACCAGTCCAGGGTATTAGCAGCCTAGTTGGTGGAAAACTTGACCATAGTGTACATTAACCATATCAAGTAGCTAACGTAGGATTTTTAGTACCTGAATGACCGATGCTCAATTGGATGCTAGTTACCTTATACAAACCACGGATGGAGCGTGTGCAAAGACACGAA,467,49.25,Mus musculus
SEQ_697338,CAGAGCCTCTTCTCCTGCGGATTCATTGAGGGACAACGAGACGTCCCGCAGAGGATGATAGAAGGGAGTTGGAACACTGATGTCGCAAGAAATTGCGACATCAGGCCCTTCCTGTAACAAGTGGAAAGACGTAAAACCCTTAAATGATCGCACGCTGAAGCCTAGGGATACTTGATTATTTATAGATTTGCTCCCAACCAACTGTATGAAGTGCTGCGGCCGCTACAGATAGCTATGGAGGGTCGGCTACTTTATAACCTAGAGGGGTTCAGCTCTAGACACCTGTCGCATTCTGGGTAGAGCTTTGTAACTAATAACGAACGGCTACGCCGCTGCGTAGGGTCCAATTTTGTATATACATCTTGGCCTGACTATGTATTTCGTGACCGCGCGCGCGTTTCACCTAGGGGCAACCAAGAATGATATTGTGCGACGGTGTTGCTGATCCTGTCATGGTGCACGTGTGCTCAGAACTTACGTACAACAAAACCCGACATGCTACGTCGTTTGGGGTCACAGATATCGCGGACTGGCCACCGAATCGTAGTAACACAAAGACAGGTTTAGATCAGTTTGAACCCGGATTCAGAGTGGAGGGTGACTCAGTGCCAGAGCTGATGTTCTACAATTACGGTCCGAATGCATATCGCAGAATATGAATAAGAGTATTCGGCCAGGGACTCGTCCGCGCAGTCGTGGCTGTACGGCTATGGTTGAGAGTCAACCAACAATCGTCAGTAAGTCTTCCGTAGCGTCGAAGGATCCATTACCAATCCAGGAAGTTTGATGGGAGTTCACAAGCACGATGACACCCGCGCTCAATGGGGAACGTGGCTTTATAAGTTCGAAAACGTTAATTAAACGGCACCGGTATATAGCGGACTTCTAGCCTGTCTGTGAACTTTGCCCGATGACATTC,919,49.08,Saccharomyces cerevisiae
SEQ_386453,ATGGCCCCGTCGATGTTTAACCAGCCTACCGCACTTTAGTACTTCAATGATGTACGAGGTGCGCCCGTCTTGACCATGTGCGGGCTACTGTGTGCGAGCATGAGCTTTTCCCCATGGAAACTCCCCTGCATTTGTACGTTCCGGGGCGATAGGGCAATGAAATTATAGCGATGGGAGGGAAACGCCGTCATGTGGGAGGGCTCGAATTTCGTTGAATGGGCTTCGTGGTTATCTACGTACTGAAAAAGATCATTGACGAACGTCATGTCGCGAACCGTGCTTTGCATCCCACGGCGCCAATACACCACAACGACGAAGCTAAGATGGGCGCCGCTTCCACATCGGAGCTAGACTCGTGCCAAGTGCCAACCCTGACGCTTGCCTTAAAGTACCGATCGGAGATAGGAGCCGACAACGCTGTACACGAACTAAAAGTCACAGCCCCACGTATAAGATAACAAGTTTATGTTAACGTCCAACAGTGTGGTGACCCCGGAAAATTTCAATACGCATAGCAACTCCATACCCGAGAAAGGCAGCGCACCAACGGTACCCGCTTCGGGTTCCTTGATACGGATCAACAACACAGCTTGGATAACCAATTCATTAGGTTGTTCCCTGCTGATAAATTTCACTGTGTCAAGACTAGTTAACCTGATTGTACGGTTTTACTCGTAAGGTGTAGCGTGATATGTCGTCCAAGTGTTCATGCCGCTGAGACTAGGTTGGTGATTAGGATATCGCGTGAACCTCTCAATGTACGATCGTCGTGTAATCCGGACGTGTGTAGGCTTCGGCAGATGCGGTGGTGCCAATATTCAGTGCCCTCCGAG,833,50.54,Mus musculus
SEQ_946863,AAATGAAACTAGCATCCGAACAGACTCAGCCTCCTGTCAGTACACAAGTTCAAAGATTGATATTGTAAAAGCAGAAGCCCGTCCCAAACACAAATCCCTTTGACACGGAAACTGCATAGTGAGTGCGTCGGCCCGAATTCGGGCGTCTTCACCGTCCAAGCTTTACGAACCCACTGTACATTCCCACACACCGAGCCGGAAGGTGTCCCGATTGGCTGAGAGGGCCCCAATCCTTGGTGAAGATGACCCTGTCTCGAGTTCCTTGTACACCTTCTTATCCGAGACAGGATTCGCGCATGGACGCCCGGTACCTAGGAACACTTACATGTGGGGGAATCGGATCCTGGACAGATATTCGTGTGTAGGATTGTGGAATTCACAAATCCCCTCCTCGTCAAAAGATAGGGGCATCTACTGGCCGGCTTTCTGCCCAAGTATTCAGATTCTAGGGGGCCTCAGTCAGGAAACAGTGTAGGATTTCTCCTATGCCCAGGTGATGTCGAGTAAACGCCACCTACATACACAACTCGCGATTCTAGAAACGGTGTCCGGTGTAAAAACCTTCCATGATCGATAGGTGATCAAATGCGTGCGTTGGTGCTACCAGCCAGAGGATACGAGTCAAACCCCACCTAATCATTGGATGCTTACTCCAAGTTTACAGTTCAAACTGCCATATGTCGGTTTGTAGTTTCTATATCACCTAGTTCCTCTGTCTATTTCGTCCACTGCTTCTATTTCTGTTATGTTGGGAGCGGCCTTTAACGCTTACGACTTACGTCGCTCCGGTGATCGCGGTTAGTTAAGCTGTAGCCGGCCACTAGTCGAAGCTATCTTACGAAGTCCGGAACACTTCGAGGTTAATGTGGCGTACCGACGATGAGTCGCCAGGAGGGGGAGGCGACAAATCCAAGGTTAATTGCTCAAAGTAATCTAGCAATTAAACACATAGTATGTTCAACTCCCGCACACAAAAACA,979,48.93,Drosophila melanogaster
SEQ_172096,TAATTGGTCCTACAGAGACATGTTAAGTTATCCAATCTTACCGGTAAGGACCATACCGTTCCCAGGATGTGGCATAAGAGCCACAGCCTAAGGTGAGGGCCGGCACGATTGGTAGATGGCGTCAGTTATTTCGCCTACCCAGCGGTCCTGAAAGTGTGCCCCGTCAGACAATAGTGAACGACAAACCTTAACATATTTTCTGCATCTGGATCACTGGACGGGTCGCGACCCGCTGCAATCATGGTTTGCTGATGTGTGACCTACAAAAACCGGACCGTCAAGGCAGCATATATTTGGATCGGTTGTACTAATTGGAGTGGGAGGCTGGCACCAGCCTTTGAGCTACCTTAAGATATGTGCAATTACTTCGTTTTTCGGTAGTCAATCAGTCTAAAACAGTGTGCCTGTACGGAGCACGGTAAGGACCGAATGGGTGCAAGTCCGCTATGGATGGGTATTAACTAACGATATGTTTCGGCCCAATTAAGGGTTAAACCCATGCCGCGCGCAGCACCGACTACGTAAATAACGTACGCGTAGACCGAATGGCAGGATATTAGAGGGTCAGAGATAACCGTCCTGAGCCTTAACTGGGAGCCAGATCAATTTTGTACTTGCCATTACTGTCAGGAAACTAACTTCGTACGTCTGTTAAGTTATTATTACTGTACGTCATGATCTTGTGAAATAATTCAACTATAGCGGCTGTCTGGTGACTCGGCGTATAGGATTATATGTAAGTGACATGCCTCACCTAAGCGCAGGGGCCCTCTGTGTGTGGCAACTGCGAGTGCGGGTCTTGGCGTCCAGGTCTGTGTGAACGTAGCAGAAGGCATTTTAAGGTAAGGAGGATTCGAAAACTAAACATACATTTAGTACTTTAGACCAAACCATTACGGAGGACTCCGACTAGACTAGAGTTGCGGATAGAGCT,934,47.54,Mus musculus
SEQ_693036,AAGGTAGGGTGAACTCCCGTTAGACGACAACGACTGGTACTGGTCTCTCCTAAACCTAGTCCGATATGTTAATGAAAGTCCTATGCATCGACTGAAGACCACTATAACTAGCCAGATAGTGCAGCATATAATAGCACTAGGGCAGAAAGCAGACACGCCATCCACTTTTCGGCGCCACCTATCTTCATCTGGGCTTGGTTTTTAGGTATTGGGCCAATAACATCGCCTGCGGATCTTTACTTAGAGTCCAGCCCTGCCTATTACTGTTCGAAACTCGAAACACTCGTTTAGCTCCCATAGGTCAGTGTTGTCACAATTGCTTTCCTATCACCAGCTCCGCTGCACAGATCACGGTCTGCAACTTTTCTGCTAAAGGTTCCGCCTTTGCGAACCCTCGCCGTGGCTTCTTTTCTGGGATAATCTCGACGTACACACCTCACACACTACGTAGGTGTTAGCGCGGCATACTCAAACGGAAATGGCCTGTTCTGATGGGTAGACGGCACCGGCCCGCAGAGCTTTGCGGAGAAATCCGCTCAGGTGATGTCGAGCCCGATCCGAGCTCACCACTATATCTCCTAATTAGTCGCAACTTCTAACTATAATCAATAGGGCTACGGCGATCGGGTGAGGAATTTGTGTGACGTTTATTTATAAGTTCTATATCCCCTTATATCTTGCTAGGGTGGGGGTCAAAGGGAGATCGCCATCTTAACAGGTAACAGTGATGAGAGCCTTTCCTGATGAGCTTTAGTTCGCTGTATCAGCAACGTAGAATTTCAAAGTTACGATACTGCACATTGGCACACATGGGATGCGCTGAAATCTTGGGTTTTCGGGCTTTAATACCATTGCCATCTTGAGTGGAGTGATTGGGCAACAGTTCAAATTTAAGCTCTACTCGAGATTGATGGTAATCAAGTTGTGGACTGTTTTATCAGCTTTCGGAGTATGGCTAAAACAGCATTTGGATCGCCGATGGTACCTAGAAAACATCTAAAGGTAGTATATCATGCAGCTTCACTCTTCCTTTCCGGAGGAACTAAATTGTCGCTCACTGCTTTCAGGAGCCTATAGACGGGTTCACCTGATTTGATATACGGACCAGTCGCGTAGGACAGTAACGCGTCTCAACCCTTACTAAAATTCCTACCGGAGGGCCCATAGTCTGGGGGCGCTTCGAGGGCTACGTATTTCCTAGCTTTAGGGCCCCGCTCAAGGGTCGTAAGGGTCATTCCGATAACGGAATATATCTATGATCGTCTTATGAGTTCAGTACTTGTGCGAACTATCATAGGGGAGCGAGATCCGGCCGGCGCCCCTCGAAGTGTCGGGTCCTGATCCCGAGATGCTTTTGCCCTCCCTCTGTTGATCCTTATCAGGACAAAGGTAGTGTGGTCCCAATTAACAATTCTTATTTACGAGGTAGAGGTCCAATTTCCAACCCAAGAAACCATCTCCCGGACGTTACACATTGATCCTCTGAGAATGAAGACTAGAACTAGTTTCACCATGTTCTAAGGGGTGTTATATGCTGTACCCGGCGCGGTTTAAAGCCGTGACGGTGACTCAACTAAGCTTAGCTATGCTTAAGTCCTTCTGAATCGACCCGACAACACTTTGTACCAATTTAGCAGGACACGTGTAGCGGGCCGAACTTTTAGGTTTAAAATCCACAGTACAGTCGCATTAAAAACTTCCTGACAACTATTGGAGAGCTATAGTTTACGGTATAACCCCGCTAATGTATTTAGAGGAGAAAAGTTACCTCCATCTGATGAGACTATCATAGGAAGGTGCATGGCTTCGCCCTGCCTTCTCCCGACTCGCGGGGCGTCATTTCGAGGGGTAACAAAGGTGAGATATTACTTGAATAAGCAATCGCGTTAAATTGAGTAGTGGACTCCGCCAACAACCGGGCGCCGACTGAATTGGACGTGAAGTTATCCCGATGTTGGGAAGCCGCATTGTAAGCCCACGGCTAAAACGAGCGCGT,1996,47.7,Saccharomyces cerevisiae
SEQ_877509,CTGCTGTCGGGGGTAATTCTCGACGAGCTAACAGTAGAGCAAGCGGGGGGACTCTTCACCGTGCGCAGGGTCA,73,60.27,Arabidopsis thaliana
SEQ_451045,ACGGACTGTCAGGGAATTATGCCACATGTTCTCGGAGGCCGTGGTGGGCAGATTTCTAGGCCGCCATGTTCCTGTGAAAATCTAACACTGAGGAGCATAGGCAGTTAACCACAGAACCCCCTTAGTTTTATTGGAGCGGTTGTACTTATCCCCTGATTCTCGGTCCCCTATTTGCCTGCTTTTAACAATCCCACAGGAGATCTGAGTTCATCTTCTAGCTTGTTGTATATCATATTCCATTATACCGGTTTGCCGGGAGATACGTTAGACCTGGCTACCGGTTCGGACGCGGCCAAAGGCTGGCTTAGCTGAGGCTTTTGGAGAGGCCGCCTGTGATAAAAAGGCAAGGATGAATCAGAAAAACAGCGTCGACACGGTGCACCTCAATCGGTAAGGCTGGCGCTAAATACTACTCAGCTATTCTATTA,428,48.83,Arabidopsis thaliana
SEQ_604427,GATATACACTACTTTCAGTGAGAAGGGGTGTCGTCCCTTTGGGGAGGAATTGATTGTTAAAGGCGCCTAATACTATATAAAATCTATACTCATCGCTCCGAAACCCTTTCGCGGGCCGTAGATAGTACTCGATGGATCCTCAACGAGGTACGTAACGGCGGGTGACAATCTAACCTGTACGAGAACCGCTGTCTTCCTGGCGTGGGCTGCTAGGTGTCTGCTTAGATGGACATTCGCTAGACTCCATTGACAGACGCCCCAATGGCATAAAAGAATTAAGGTTTCCCCTCTAGGGGAGTCGAGTGAGGTGCGGGAATTCTCACGTCACAGTTTGGCCCGTTCGCGCGTGCCTCAGGGGGATTCCATTCCTAGCACAAATTGCGCAGGTGCCTGACTGGAATGCGCGTTGGGGGGCTTGACAAGGTCTTGGCACCTGGTCTCGTGCCGGCCGCGAAACGTCACCCACCCCTATTCCACGACGGAGAGGGGCTCTCCCGCTCTCTCCCCAACTTCCGAGCCGACTCAGGTCGTCATCACGAAGGTTAGAGCCATCATAACCATGACTAGGTTGCGGTAGAATGCGGAAGCTCAAGGGTCGCCGCCCTTACCGCGTAATGTCGACAATACAAATTGTCTTAATCAAGTGTAACAGTCATATTCATAACTTCTTCAGATCACGACATTTTATTAGACAATCCACGTTGCCCAAGGGATATCCTATCCCTATTCTGTTGGGAGATCGATCCTCGTTATCTAATGGCTCACGCCCCAATGTTATACAATATGGAACCGCACCAAGGTTCGGTACGACATAACACTGCTCACGGTTGGCCCGGTCCCGGGGAAAGTAAGTACCAGCCCCTACGGCCGGTGTACGGAACGCACTGATG,890,52.25,Mus musculus
SEQ_512701,GATGGAACCCAGAAGTACCCTTTGTCTCGAGCAATTTCTTGGTCGGGTTAGTGTCCCAGTATCTCTTCCTCCTGCATTGGGTGTCTGTCTTTCAGCGTGGGTACCCCCAAAAAAGGTTATGTAGATAATGCCGCATAGGCACCACAATACGTCAGCGCGTCACCAGATCCATCGCGCCCCACATGGAAGTCTGATTTATTGCAGCGAACTAATCAAACCAGCCATTCGTTTTTAGGGCCGGGAGATGATTGGCAGAACGCTGTTGCCTCCCCGGTACCGCCGGGCATGTGGTAAGCGCTGTATAGTTGTGGAGTTGGGATGGACGTGCTGGACCAAAGTCGGTCGTCTATTAGTGAATAAAGACGGCGTGGCCTGAAGTGACCTGCGTACACCGGGATCACTTTGTGGCTCGGCACTCAACACGGTTGACATCGACTATTTACTCAAACTAGTTTCTAATAACCGTTATGTACGGGGACACTTTTTGTTCCACATGTATTATTGTCACTGTTGTATCTATGAACACTCCAGAGGTTATTCGTCTCTTCATTAGCCCCATCATTTTCGACTGGAATAAAGTCCGCCTACGTTCATAATCAACCCTCGTTTTGCCCCCCCCCCTCTTCGTCTCCGTCCTTGTGTACTACACCTCAGACCTTGTTTTTTACATCCCCAGACCGAGAGTAAGTTGCAATGAGCCGCGAATTATGGTTTTTCCGGAGATAACCACGATTTTTTCGCAACTAATCCCACAGTATCCTATGGTTCAATTAGTTGGCTTCGTAAGCCCCCGCCTCCTTAGTCTGAATTCAAGTCGAGCTTTTGTGAGTTTATAAGTACTCCCCCCGTATTTTTAAGAGGGCACGTATACCCGAGGACGGGCACCAAGTACTGATGAAACGCCGTCTTTGTGGTAGATAACATTGTCGGGTGGTCTTCGGTCTCACAGTTCGACCGGGACTATCATGGGCGAACGCGAGCTACGTGATTCCCGGGGTGCTCATTCCGCAAGAAACAAGTCACCATGGATCACGCGTATTATCGACGGCTCAGTTGTTCATCGTATTGCTGCTAGGTGTGCTTCCATTGCGCCCATTTCCCTTGAAGTTTGGCTAGACCAACGACTTTTCTCTTGAGCTACCTAAGC,1147,49.08,Escherichia coli
SEQ_228561,AATGCACGAAGAGTTGGGTGCCGGACTACCTGTTGTGTCTGGAAAGCAAGGCTCCCCCACATTACTGCCACGATGTGATTTGATCGTATTACATATTCAATACACTTACTCATCCTTGATCGCACGCACGGAAGCACCGGCTAAGTTGCAAAGTTAATCGAGCTACTCCAGATGGGACGCGTCGCGCAACCTATGTATACAACGTACCATATTTGGCGGCGGGGCATCTCCAGAACGCCGGATTTATTCGCGAAGATTTCCTGTATACCACTAATGACGTAC,282,48.94,Arabidopsis thaliana
SEQ_655431,TTTCCCACCAATATCTATCCAATTTAGCTCGCGGGACACGTCGAAAGTGGTAGTGGGCGGGGGGTGCCACCGTCGACGTGTGATTTGTACGGCTAGAAACGGATACGGTTCGGAGTACTGCGTTCTTGCCGTGTGAATCTCATTCCCGACCGAGTTATATATGTTACGCCACAATAAGTCCCCCATTTACGGACGGGGCACCCTGGAAAAGGGTGCCAGCCTCCATAGAACGGGACAGGAGCGATGGAATTTACTGGAACACGAGGTAGCCCTATGCTCGTTGGTGAACGACTAGTGTCACGATCGCCGCCAACGCAGGACCAATGGTTGTCTCCGTTCGGTTCAGGATAGATTTAATCGTAGATGACTCGGTCGTCGGAACACGCTAGTTCATAAATCACGGGTGTAGTCAAATTAAGGAGATCACAGCTGATTGTGTTTAACCAGGTAAGATACCTTTCGACAGCACGAAACTTACTGTTGAATGCGCGTGTATTACCACACCGTATATGAATTGTGTCGGTTTAGTGCTCTTATATCCGGGCAAATCATTCAAAGTGCCTCCGGTTGGGCACGTATCGCAAGACGTTGCGCTTGAATAGTCGGGTATTCAGATC,617,49.76,Caenorhabditis elegans
SEQ_408547,GTTCATGAGATGGCTACAGCTCTCATGGGTAGCCCGCCATGCACATTACACGGTGCGCTGATCACTTCTTTCACCGTGGATTCACAGCAGAGAAGTGCTCACCTGCCCCATGCCAGGTGTAACAAGGGGCGACCGTTTACACGAAAGCACAAGCGTAACTGGCATCCACTTATAGGAGCCCATACACTTCGAGGTCGCTCTTGATTTTTTGACTTACCGTCTCAACCTGATACACTCGCGGTTAGGAGTTCCGACGTGCTAAGGAAGAAAACACTGAAGCACGTTCCGATTGTTCTCCTCCCGTGGACAGACGCATGGGGGCAGGAAATGGGGTCCGCCCCCACTGGGTGGATAAACCACCCGAGCACGCGACCCACAATATATGAGACTAAAGGCTCACCTACATTACTATTTTACCTCGCGCACTTCTGCTTCGTGCTACGAATAGCTTCGTTTCCTTCGTAGCGCTATGGACTTGAAGTCCACACACGTTAGACATAAAAACTGGAACAATCGACGCATTCTACCGCCTCGTTTAGATGCGGTACCAGGCGAGGGCTCGGGGGAATAATGCCCAATCGTGCATCATCCAGCTACCAGTGGTAGGAATTGAAACAGAGTCGATAGGTCTGATCGAGGAAAAGAGTCGAAAGCGACGCCACGAAGCCATCTTTTAGCAGTTCGAGCACTAATTCTCTTCATCCTCCATAGAGTCGGAGAACACTCGCCTAAGTTGGTTTTCGGACGGCCTCTTAGACGCTCATCGCTCCACTTATTACTGTTTAGTTACGGTCGATGTTAGATTCGAGAGAGATCTCGGGATTCATCAACCTCAGAGGGACACTGTCAGCAGAAGATTTTCATAAAGCGCAGCGTCACTTAACGATCCCGAGTCCCAGTCACTTTCTCTGGTTGGGAGCGGTCGGACGTCACCCAATGCTGTGTTTACGCCTCCCCGCCCTGGCGATACACCCTACAGGGACTCGGCCGGATCAACAAACATAACTAAACCCACGAACTATACGCGTTACCCGAGTTGAAGCGTACTAGGGCTATAATTGACCCGAACCATTGCTGGTGATTTCCAAACAAGGAGCGCGCAACATCCTAAAATTCCTACTCCCGAATAACACTTATCCGCCCCATCATTCGGCTTGCTAGTTTTACTCGTGTACGTCCGAAGGCGTATATTATCAACCCAGAGCGTTGACGTTCAGAATTAGATCCATCGCCATTGTATGCGATCACGAATTGGAGCGGGATATTTGTTAGGTGCTCTTCATAGTGACTAAAGGCTTGCAAAAAGACTGCGCAGTACCCACCATGCCGCACACGTAAAGTGGGAGCACTTTTGCGTCAACGTGAACTGTCCGCAGAAGCAATAAGAGCATGTCACTCTAGAGAAGGCCTGGGCCGGGACGTATCCTCAGCTAATATTCTGGTTCCACCCCTAATCGGATCATTGTCAAAAAGGAAAAATCCCCACCTGCCTCGGGTCGGAAACGATTTACCCATGGACGCTCAGGACCCAAGTGCCCCGCTAAACCAAGACAGCTTCAGCCACAGTAGTTAGATGTGAAGCCAAAGCGTAAGATTTTAGAATACCATTAGCCTCTGACGCGGAATTAACGGATTGCACCGCGCGGTGGATCTAGAATTCGAATAATCGTGAACGGGAGGGGTCTTTTCCCGGGATAACAGAGACGGTAGACTTTGGCTAGTCTCGCGGCGAATCATTATTTCCGCACGCGATCGCCGCGTGCCCCTTGCACGGGACCGTTTATCGCAGTTTCATAATCTAAACACACGGATATGGAATACGGCGGAACTCT,1832,50.55,Arabidopsis thaliana
SEQ_304974,CGCACCACTCATCTCGACACCAGGTGCCGGATAAACGATGAAGCCCGGTCATGCACGCTCGAGTTGACGAGTCTTATGGGCAGGGTTCCTAGAATCTCCCAGAGAGCAGTAGACGCCTAACCGAGTGCCCATACACGTTAGCCTCAGGAGCCTCAACACTATAGGGCTTTGCGTTGGGACGTCATTGAGCAGGATTAAACGTCCGCTGAATGGTGTACGCCAAATCTAAGTCCATGGAATTTACGTTGAGATCAACTACGATCCTTGCACGGTATGGGTCCGTGAAGGCCTTTTCATCATGGCACATGGTTGCCCGCGCTTTCAGCCGGACATTGTCTTCGGGTAGATTGAATTTTGACATTGACAGATTAGTATAGTCGCATATATATCCGCACGGACTGTCCTAGCTTTTGGCGGCCGTAGGAGGTTCTAACTTCCCGTTGATGGGCGTGCGAGGCGTGCAGCTCAACACGTCTTCTGCGCGCGTCTCAAGCGCAACGAATTAAAATGTATCGTTTATTCTAATGCTGACGTGCCTCAAGTTGCTTCCGGACGCCGTGGGACCTGACGGAAGAATCAGGGAATTATCATGTTCCAGCTGGTATCTCAACCCTCCGAGATGCACAGGTAACTTATTCCGATTAACAGCTGTCCTTGACCTAACAGGGACAATTCGTTATGCCGAAGCGCTCACCCAGTTGAGCCCAACCACATGGTGCCTAAACATATAGGGTTTGGAAAGACGCAGCTGGCCGGCAGCGTTGGCAAGCAGATGGAACAGGCGACGTAGGTCACCCTTATCCTACGTAGATCACTGACTAAATACTGCCTAAAGATAAATAGAAGACTGTCTACAGCTGAATACACCCGGCCAGTTACGAAACAATTAGAGGGATTTGTAGCTTCCTGTTAAAAGAAAATCCGCAAGATAGTCCAACAGGTCGATAACAGGCCGTTCCGATAAAGCACGACGGCGAATTCTACCTGCATTGCTAGGTTGGGCGGCGGAACCGTTCAAGCGGAACCACTGGCCCGGCAGTTCGCCCTTCAAGGTCGCAGGGACTGTACGGCAGTTGTTCTGTTAGCGCATCGACTTAATGGACGGAGACATCTGCCATATGGGGACAATGCTAAGCAGCTTTGCGACATCAGGCGCGGAAGCGCTCCGCGTGCCGTCACTGGACCCTTAGGGCCCAGTCGCATGCCATTGCATGCACCATGTGAGGTCAGCCGAGTTCTAGCGAATACAAAGCCGTTTTGAATTATGGTGCGGATA,1276,51.65,Escherichia coli
SEQ_500380,TAGAACCAGATTAAATTGCATGCTTTTATCGAACAGGTTCAAAATTTCCGAGCCCTTGATCCTTCAAAATCGTCACTGTCATGATGTTTGGCTATAGAAATACACTGATTCTACGTCGTGATGCGGTCTCTATAGGGCTAACATTCATCGGAATTCCCGTATGCACATTTGCAGACAACACCTACTCGTGGAGAGAGCCATCGCCTCAAAAAACACCGGTGATCCCGTTGCAAAACTTAACACGAGGGGTTAGGCTGACATTTCTCAGATTTAGGATAGTGTCATGTGGACGACGCATTTAGTACCGGACAGATCAGTATAAAAGCGCTGATCGGTTTTGTAACCAGATACAGGAAGAAGCAAGAAGTGAGTAAAAAACAATCGGCCCAATCGCGGGGGCTAAGATAAAGAGTCAAGATACGTCGGGCTCTGTCGGCTTACATGATATACATTTATCGACCTATCGCTAGTCTCGCTTTATGACTACTCCCCTAAAATTAGCAGCACCAGCTCACCTCGTCGTTCTTGTCATGGATATGGACATTTTCGACGACAACGGCTCATGGGTCACAGACATTCTTTGAATGAGGTCGGACTGGACCAAACGCAGATACGTTGCCCATTTCTCGATTAAGCTCTACTCATCTAGGATAGCCTTCTCATCGCAGTCACTGTATACGAGATCTAGGATCGATGGCGGTAAGCATTAGATGGCACAAGCTTAACGGGAATACTTACACCCGACGTAGCGTATGGGCCGATCACTAAAAATCCTTAGCAACGTCTAGAGGTCCGTTGGTACTTCTAACTATAGTCGGATCCGTTCAAGATCCATACATGTCGGCCTCCGTTCTCGTAAGAGACTGACGCTCTAATCGCATTCTATCGGGGCGAAACCGTGTCGCGTTGGCTATGTAAAGAGACCCCTTGCGAAGTGTGTATGTTCGCTTGTAACGGGCCTTCTTAGCCCAATCACATCTCGTGGTGCGCTCCGCCAATCTTATTGGTTACTCACACGGTCCTTGTCTATGGTGAAAGGGATAGTGGTGTGCTCTCAATTATTCCGTCTTTGTGACAATGCAGCGAATCTTAGGCTTTGATGGGGCAAGCAATTCCGATGTTGTATGTTGTAATCTTGAAGTATGCCACCCAAGTCTCACGTTAACCCTATGTCTTCAGAGTGCTTGAGATTTCGGTAAAGGACTTATTGCCCATAAAATGATGGTATGCAAATGCAGTAAACGGCTTCCGCGTTACGAGACTGGATCTTACCTATTGATGATAACAGTGTCTAGTGACGGGTGATTCGGTCTATGCCGTTCCAT,1325,45.96,Mus musculus
SEQ_505070,GCATGATTGCGCGGTACATCCCTTGTAAACAATCGCGTCGACGAGCTAGGGTAAAATCCTAGGGGTGTAAAAGGTTTTGTACATGAAACCGTTGATGGCCCCGGTATTCCTGCACGACCTAGCATGCCAAATTAAGTAGGATTCGGCAACTTCACATAAGGATTGTAGACTCACACGTATCTTCCCACTACGCGAGCCCTATCTGTCGGAATTTAATAATTCCTGGCCTGTGCTAAGGCTATATTTAACTACCATTCCGTGAGGCGTCGCGTACGCTCGCCTAACAAACATCAAGGTTAATAAACATCCCCGTAAAAGTCCATCCAGTTTACCGTAACTCCTCGGTAGTAGGCATCGACCTACCGCGTCACTATTTCTGGGCCCTTCTCCGATCCCAGTACTAGAATGGGGACGGCTCCATAAGAGCCGAGCCAGGA,437,48.97,Saccharomyces cerevisiae
SEQ_312548,TGTCTGGTGGGGTGTCCGCCCATGACCTTCATTATAAGTATAGCGCGAGCCGCCGTATTGGTAATATTCCTCTTGTAAATCGATTGGGTCCTGGGTCTGATTTACTTAGCTGCATACCGATCAGCGTACGATAGCAGACGGTAGCCGTTCACAGGTAAAAATAGCTAGGAACTATCTCTGATTTTGAAATTGAACTGGAGACTCCTATTTTAGCCGCAGCGTTTCCTCGGTCTTATGCATACCGGATACGAGGTGGGTGTTTCCCTCTTAAGTTGCACGGTCAAATATAAGCTATAAATTCTGGCCAAAGCTAGGGCCTGCACGCTGGACGCACACTTCTCGTACGCGACCTACCGATTCACTATGTGGCTCCTATTATTTGAGCCCGCCGCAATACAATATAAGCACCTGACGCCGGGCCCACGCGTGGTGCAGACAAGTAGTGAAGAGCGGGTGATAACTGCACCACCGAGCACCGACAGTCCCAAGCCCCTGGATATGAGGTTAGGTCTATAACACGGCCTAAACATCTCAGACCCGCAGCTATAGACCAAACAGGGGGCCCGCCATTTTGGGCCCTCCTGTACAGGTAGGCTTTAGTTACTATTACACCACAGGCGGGCCTCTTTAATTATCTCCGCTATTG,646,50.31,Mus musculus
SEQ_486711,CCCTGACTTACTATGCACGTCTACACTCAACTCACAAGTACTCCATAGCATACTTAGTTTCTCAGTATATACGAGTCAATAGAGTGCTAGATGACTCCAGAGGCGCTCGGCCTCATATTGGCTATGATACCCACATACTTACTAGGCTGTATAGTCAATCCGATTAATGAGCCAGTAACGCCCCTAGGCTCAAATATGTACAGCCGAAATGATCAATCCTGTTCTTAACGACAAATGTTCGCTATTGCAGGGTGGGGGTAATGATAAAGCAGAGTAATACTGGCGACCTTGGCGTCGCCTGTCCCAGGAATGATGACTGCCCATCTCGAAAGGCGGCCGATGGGGGTTGCCCGGTCCTCAATGTTACATAGGGAACCGCCGATTTCGATAAGGATAATTGTGTAAAAGCTCGTGATCCGACGACCTAGACAGCAGATGGGGGGGCGTTCGGGCTACTCGGTGACCGTCGGAGGTTAACAATCAGAGGTCACAAACTCACCTTTGTCGCGGTCTTTAGTGTCAGAATAAAACGCTGTCCGATGATGGGAGAATGCCCTATATTCCTTTGTAGGGAGGACATGGCCGATTTAAGCCTTCGTACCTTTCTCGAGGATAATATGTTGCCAACAGCGGGAGCATAAGGCACAGAAAGGGGCAAAAGCAGGATGCCACCTGACAGTCCGAGCGCTGGCCAGTAAATGCTCCTTCCGAGACAGGAGTGCGATAAGCCCGGGCTACGAGGTTCGATTGAAAATTATAACTGAGATCACCTGCAGTTCCGTAAAATAGGGGATAACCCGTACTAAGATGATACGTAGACGTGTGTATTACAACGCAGTGAGGCCTGCTGGCGAACCGCTCGAACTCTGAGCAAGACATTTGATCTATTGAGCGGAATCGTGCGCTCTTATGAGTGCATTTTAAGTATGCTCGATCTTGTAGGGTGCAGCTTCTTTGCCGCCCCAGACACTCGGTTTGGGACTGGCACAGGGAAGGGAGCCCCGCGCTACGCGTCTCCGGAACTTAACAAGAACAATGAGTCGCCCATGGTTAGACGGACTGCAGCTAGGCTGATTGTTCCACGTAGAATCGTGTTAAGACTTCTTCTTAATAACACTGCCACCAAGGATCAGTCACGTTACACACACCTCCGGCCCCGCACGGCAACTTAATGACCTTCAGGACCTCCGGGACAGGCACCATGTCAATACCGACGTGGAGGGTTCCAGTTCGTGGGCAAAGGCTGCGAGAGCCAACTTGTGGAACACGGGTTTAATTGCATCTTCACTCGTAAGTGTTACTGGGGTTCTCCCAGCCACGATCCAGGGTACAGCTAAAGTAACTTAGCGAAGTGAACAAGAGGGATGCCAAGCCAATCCTTTACCCCCCCAGTAGGCTAGTTTCTACGACGTACTATAAGGCCCCAGACGT,1431,50.52,Homo sapiens
SEQ_490817,TCCTGCTGGGATGTCGGAGCGATTAAACCGAGAAACAAGGAGGCACGTCAAACAGTATTGCTATCGGCTGCTGAAGGACATACACCTTTTAATTGGAGCGGTAATGAACCTAGGATTACGGATTGAGTCAATCACTGCAAAAGTGAAAGATGAACACCGCACCTCGTGTTTGCGCACCACCTCAGCA,187,48.13,Arabidopsis thaliana
SEQ_106171,GACTGGGTGAACACGGAGATCAAGGGAGAGCTTATTTGATGCTTTCGGTATATCCTAAGCTTGGCACCGTTTGTCTCCAATATGGATTGCCTTCGCAAGAGGGGACTGGCGTGGGTATAGCCTCTTTTACCTTAGAACTTTGGTTGTTAAGCCATGATGACGCAGGGCTCTGGAAGCGTTGTTATTCCTTGGTATTCAGATTTGGAACCCTGTATCGTCTCGCCCTTCCCTTATTACCGCCAGTGTAGGCGCGTTGATCGCACCGGAATGCCCATATGCAGGGTTCCTGGAAATCGAGGCGTAGAACTGACAAAACACCACTGTTAATTGCGATGGTAAGAAACGTGGGGAATGAGTGCATAAGTACTGCCCACCAGTACTAGTCGCGCAAGGACCCGTCATCAAACAGTAGAGGACATCATGCGAGCTCATGTGAGATTGTCATTACGGATAAGCGTTACACGCACTTCTGTTTGGCGGCCAGATATCGCGGACGCGGAATTGACGCGCGCGATAGGGATAAAAGTCGGGGAGGTTAATAAATCTGGCACGACTCGAGACACCTGGAAATGGGTTCGAGCCTTGGGAATACCGAAGTAGATTCGGCGTCGCAGTGTCGACGGTAGCCTGGTGTCTAGTAACGATCGCCGACTTCCAGAACCATTTGTATAGCAATCCATGTTTCATTGCGCACTCTCCCTGTCAAACATGAAAACGGTGTGCGGAAGAGGGTAATGCGCTAATGTTTGATAACCATCTTCGACCGGTAGACTTCAAAGTGCGTTGTGCACAGGTATGTAACGGGCCTGGACATGTGAAACATAAAATACTGATATGTGAAAAGATGCAATTAGAGACGCCACTAATCCACCCACTTACCGGCCGGATTGGATCATGCCACTAATGCT,908,49.23,Mus musculus
SEQ_889049,ATGGTGGTCATCCGATAAAGACCACCGGCGCTTCAAACGCAGATGACGATCGCAATAGAGCCACTTAGCAGGCTGGAGGGCCTATTCAGCTCATAGGCCGATCTCTAGTTGTCTTCCACTCCGAAAGGCCCCGCCGAGAAACCGACGCGACGGATGTTTGCTTAAACTAGTCTATCTCTAGGCCTCTAAGACGAGGCTGTCGCAATATATCTCGAGGACGCATCTATACGTAAAGTCGAGGGGAACTGGCACCTCTCGACTGGACTTGGTATAACGAAGAGAATTGGAGGTTTGACAGCTGCCTTTTGGGTGGACGATCTCCTCATACCTGCTTGATAGGAAGCTGAAGAGAGTTCTCCGCACCATAAAGTTTTCAATCTCTGCGTCGTTGCAAGCCAGCGGCCTTAGCCCTCACCGATCGGTGCCGATCATTCGAAAGGTCCTGGAGATTACAAAATGTGCCTGGATTTACCATAACCTCACTTCAGACTACGGCGGTACCAATACTCAGCAACGAGTATGAGAGCGCACCACTCTAATGTCTGGGCTGGCTCTAGTCAGTGGGAGGGACTAAATACGTCGTACATGTGCTACTAACCTTAGCTAGCCCCGAGTCAGTGTCTTGCAGAGGACGGACTCGGCACTAGATTACAAAGTGTCTGTTCGGCTCCTCAATATCCTCCAGCCACGGTAGTCCGACGTGTGCGTAGTCGCGTAGTTATAAATAGAGTCTTAGGACCGGGATCAATATTAGTGACTGAGCGCCAGAATCATTACTACAATTTTGAGACGGGTGGAATCGGAGTGTTTATTATTAAACGCGCGCAATATGCAATTTTGAGTAAACCAGTTCAGTATCCCCATCGCATAAATAGCCGACTAGCCACCAGATGTAGTGGTGACGTTAGGGAGTTTATCGTACCACAAAATCCTTTACCCACCATCTGTTATAAGTAGCGCATGTG,965,49.22,Caenorhabditis elegans
SEQ_640151,AGCCAAAGTCAATAGTGGAGGGGATTAAGCGTCAAAGACATTGGGCCCGGTCGGTCAGACAGTACTTAGTTAGATAAAGAGATTTTCTGTACCGCACGGACTCTAACCACTCGGGGTTATGGTGCACCGTAAATTGAGCAATATGGGTCGGGTATGGGGTTGTGTGATGTAGCCGGCAAATACTCATTGAATCGTCAGTCTCATGCAAGCAAGTCGTTATCCCCTCCAATCTCGCGCTGTTTTAATCACCCAAGTTCTCACTTAAGCTAGCCATAATATCGATGTACTCGAGCAGAGGAATGTTCATCTCACAGGACCACTACGTAGGGCCTTGCCGGTATTGCGTAACGTTTGCATCACTGTCCGGTGGCCTTTCTTGACGTACGTCTTAAATTGAATTGTAGATCGGCCGAGCGACGCTCGTTAGAAGCAGAGAAGCAAGCCAACAATACAGGAAACGACACATAACTGTATGTGGATCCCGAGTGGGCTTAAGGAGATGCGCAGCCAAGGTAGGTAAGTCACAATGTCCTCTGTCGGATTAGGAGTCGACCAGTACGTATAGTCAAAAATGGTTCTTTTGTGGCGACTGCCCGTACATACCAGGAGAATCGCAGAGAGATCTCTGTTCTAGGAACCCTATTGCAGATTGCTTAGTCTGGCTGAGAGTGGTCAAGCTTGGTGCTCTAAGGGAAAAGTTCGTCACGAGGAACCGTTGCAGTGATGCACAGGAAGGTGGACTATGACTTCCTGCTCCGGTTATTGGGCTTATGCTACCGGACTAACCAAGTGTTTCGCCAGCTGCCGGGAGCGGTGTATGCTCACTGCGCCTACTACAGCACATAATGTTACAAGCTCGGAACGACTTAAATATGCACCTAGAACTATTCACATATGATCGCGACTCTGTTTAAGCCCACACGCCTAGGGGTGACTCGTTGTAGATTTGGAGTGCGAGCTTTGGAAGGTTATCACGGAGACGCGTAGCGAACTGTTAATTCACCGCATTTTGAGTGCGGTATGCTGGATCTGTGAAGGTCTCTATAACCCCACGGCTTATTGGAGATGTGACTTGCGCGCAAGTATAGTGACGGGGAATCATCGTAAGTACCAACCCCCCCGGAAGATCCCTGCGAGTATCACACAAATAAGGATTCAAGGAAGAGCATCCGGGTAGGGTAGGCTTTTCAAATGACCGTGATCAGGTCGACGTTTCGGTGCACTAGTTAGTACTTAATTAATGGAACAAGATACAGGCAGACGTCGCCGCGGTATAGCCTGGCAGACTAACTCGGAAGAATTTGCCTTCCGGTATCTAGGGTCATCCTCGAACATGTCGAGTAATCTAGATTCCCTGTGCTTTGAAGGGAGCCCAGTTGTGCTCTGGCCCGTGAAAGGCGGTCGAGACCAAGAGCATGTTCAGGATCCCACGTCATCGATGAATGATGGTAAGTTGTTTGAGGTTGGCCTTTCTTACAGCTCATAGCATAATAGCGAAATAAGGGGAGCCACGCAAGGTCGCGTAATAGGCAAAGTCGTTAT,1542,48.96,Mus musculus
SEQ_572023,GCACCCCTGAACATCGCATACCTAGGGGGGTAGGAAGTTGTACGACTGCACATGTGCGTACTGAGAGCTTACTACATCCAGCTTGGTAGGACGTTGAGTCTCCGTACTGAGTTCTTTTGAGAACTAAATGGGGTTTCTTTAAGCGTGGGAGGCTCCAGGACCCGGATGAAGTTCATTGGTCACTGTAATTTCTGACCGTGAGCCCGTAGGGAAATAGATGTTCCTTCTGGATTGCCTTGGCGAGAAACCTTGACTCGCAGCCGCCATCAGACCCATGATGCCCTCCCGTCAGTCTCTAAATTCGTCCACTCAGTGAGGTTGCCGGACTGACTGGACGAGGCGTCTAACCGCTACGACAGCCAAATATAAGGTCTATTGTATCTAACTACCTACCCCCTGCGTACTGCTCCTCTCCGCGAAGTCCCTAGCTCCGCAATAGTAAGCCACATCGAAGGCAGATAGTCCGCATCCTAGGGGGTTACCAAGACGGTGTTAAAGGAACATCAGTACTACCCTATCTGCGTAATTCTTCACGGGATGTAAACACCGAGGTGCTTCACTGAGAAGTCAGATACCAACTGCGTACATTAGCCATCACGTCGATGCATTTATTTAGCGGTTCCTCTACAGGCACATCGCTCTACCTTAAACAAGGCCATAGGGAATGTTCGGCACAGCACATACTGGGGACTGACCAGGCTTCCTCCATTTGTACCCTGTGCTCAGTTCATACATTAGGACTGCTACTAGGTAATCCATTATGCGCTCTCTCGCATTTCAATCTCTGGCAGATCATTTCATTCATCGGCACGCGGAGGGCCGCTCTAGGGCAGTTATATCCGAAGTGATGCTCATGATGTAGGAAGTGA,869,50.29,Arabidopsis thaliana
SEQ_545735,GTTCTGATCAAAAGTTCTATAGGCTTTCAATCTCATTCGTATACGTTTCTTATCTAGAGCGGATGAGTACCCTAATCTCTCGCTCATAGGGTGTGAACGAAATCGTGCAAGCCTCATCGATGGGTTGTGTAAGGCATTAGGAAGTAGCCCCGGGCGTGCACCTTCAGTTCCTATGCCTCGATTTGTCTGATATGGCGTCCAAGCGAAACCTAAGATTCTTTGACCGAATTAAGCGGAGAGTGCGCCGAGCCAGACCCAGGCCTCCGACTCAGGGGTAAAGAGCTTGAAAATAGCATCGTTAAGAGCAGCACTTGGAACGAGCTGGCACGCTTTCCTGCATGGCTGCATCAGGGGAAGTTGATCGCAGCGAGGTATGTCCTGTTCTGTTAAGGACGCCCCACTCACTATCCTACCGAGTGCAAGATATCTGGGTGCCCAAGGGTGCATACTTTCGTATCTAGGTCCTTTACTGACCATAGCCTGCCGGGAGGCGGCCGCCGAGTGTATGCGTGAGAAGGGCTTTCACTGCTTATAGTTAAGCTTCTATAGCGGGAAGTTATTAGTCTGGCATAGTACGAGAGGTGTTCAGGGCCCGTCACGTCGCGTTCGCCTTTTGTAAACGCCGTTTATCTCCATATCACCATGAAGATTTAAGCGAGTGACAAAAATCACGAGAGAATCTAGCTACAAATCACTGTCCCACACTCTAAAACTCGTGGTAACCACAGTCATCTTCTCCCGTGTAAATGCCCAAAGTGCAATGAGACCCACTCGATCTACACAGAATGCTACATACATGTCATGGTAGATTAATGAACGCGTGTTGGTATCTCTTATCTCACTTAGGTGCCTTCGGACTCCAGGTACTCTAACAATATGTGATAGAATGGGTCAGTCGCGGCCCCACCAGTACAATTAATCGTCCCCACATCTCGAAGTATGGGACTATTTCATTGAAAGCTCCACTTGGCGAGCACTATTTGGTAACCAAAACACTGGCGCTGCGCAGTAGCCATGTCACGTGCGTTTTGCTCTCGTTGCCGTAGGGATATTCTGCTAATAATTTCCTATGGCTCTTGTAAAGATGATGAAGCGTCATAGAGAGGGCGAGTGGGCAGACCCCTTTGTGACTGACCAGCCTAGGCGACGTTCCATCCCAGGATGTTGGTGACTAGACGCAAAGAACGGTGGAAGTGTCTGGAATTGCTCCTCAAAACCCGCAGTAAGACGCACTGCCTTGCGTAGTGCGAGAAGGGCAACAAAGTCGCGCGCACGTCGGGTTGCATGCCCCAGACTACTGAATCCTCGCGTGGTTGGCATTACGTGCCCTTGCCGTATGTCAATATATACAACCCACGCTTGGAGCTCTCAGGGACAAGGCCACTTATCCGCACTTGGAGCCGCCTTGAAATTCGTCATCATTCGAGTTCTTCAGCGCTTGATAACTGTTGCATCTAGGTCACCAAGGTCCACCTCGAACGGGCGGATCCGTAAAACGGCGAGGGAGGCCGATACAAGTGTTGTTTCCCGTCCTCTTCAGTGATTTGACATTCCGACTCTGGACAAATGACCGTTCACACAGGAGTCCCAGGGCGTTGTTTGACGTTCGTGGAAACGAGTTTAAATTGACTAGCACTAACTGCGGTAGGCACTTTTCGAGAGGCGGTGGCAAAGAGGGACCTTGAGATCTGAAATCCTGGTTACGCTTACACGAATTGGAAGTTAAAACTCGTGAACCACAATTAGGCGCTCCGCATAGCGCTGAACCATTACCATATAAACGATAATCGCAAATTATGGCACCTAAGACAGTGAATCTA,1820,49.56,Saccharomyces cerevisiae
SEQ_927713,GGCACGAAACTAGCGGACCAGGTACAACGTAAATTGAGTTCACCTAGCCACGCATCTTCAACGGACCGAAGTGTGTCCCAGTGCTTCTGCGATCCCCTTGAAACACTGCATTCATCCAGGGGACCTGACTGCACCCCCAGGGCGCCGAGATTACCATATCCCCTAT,166,54.82,Mus musculus
SEQ_387251,ACCAGGCGTTCCTTAACCAAATAGGCAGATCGCGTAAAGACGTCTCGTCGCAATACTGGGAACTGGTCGGGTTGAGCGCGGTAAATAGGCACCAACTGCTAGGCGCGGACAGGGGAAGACCCAGCGGCATGGAAGGACCTCGCTTGTGAGTCGAAATCCGATGCAAAACAAGCATATTCATCCTGTGGTGCAACGGGGTCGCAGCTGGGCTTACCCTTAGCTGCCAAGCGATTAAACCTCAATTACACGCTTGGCGCAACGAGGCCCGAAGACAGGGGGGGTTTACCGACGGATCAATTTTCCACCGGGGTCTCAGTTACCCGTATAGGCAGTACGACGCGGGCCGGGCACCAGAAGCAATGTCGTCCGTGAATATTAATGCGCACGCAACGAGCCTATGGCCGTAAGCGGGAGAGCCAATTGCAAACTTTTCAATACAGGAGCGTTGGCGAATCATATTCTACGCGCAAAACGTCGGCTATCTCTCGCAGCGTAGTAATATACCAGTCTGACTTGAGACCACATATGATTGTATTTGTAACCACTCCGCGGAGCAACCAAAACTCATGTCTGCGTCACTGATACGGCGTGTAGGTACACAGAGAGCTCCCCGTCCCACGGCCTTTTTGTGCCCATAACCACGACTAGACTCTCAAATGGGTCTGACTCCTATTCTCCGGTTGCGCGCGGGAGGTCCACCTAAGGGACGACCTTTCTGGACCGCACTCTGCGTTATATCGTTATTCTCACTTGTCCTCGCACGCCTATAGGATACTCCTCGCATCTGCAGTGCCGTGCGCCAGGGAGGCCAAACTCGTGGAGTACGCGGTACTCTGCACGATCGTGGACGCGCCGCCAGATATACGAGTAAGACCACAATCCTGGTTTCATGTCGCCACGCCGAGCTGATTACACGGTGCCGAGTATATA,930,54.3,Escherichia coli
SEQ_145948,GAGAATGGAATCCTGGTGTGTCAGAAATCTGCCGACCTTTGTGGAACGACCTCGCGTGCTCCCAGTTGGCTAGTTACAGTCCAGTGTTCCAACAGCCGCGGAAGGGGACCAGGGGGCGCCCGAATGGTATAAGGAACCTTGCCTGCAAAGACCCCCTCCAGAGTCACGGTTTAGTAACCTTACGATAGAGCTAGAATTGCACCCTATCTGGGGCTTCAAAGAACGCTGCCCCTAAGGCATGCGAAATCCTCTAGACCCACGCACACACAGGAAGGAGGGGCGGACGAGTTGAGCATGCGGGCAGACGGTAGTGCCGCCGCACCCACAAAATGTACGTAAGCTGAAACCAGGTAGTCCTCGCAGAAACCGGTATAGACGTTGCATTAAGAGGGGAATAGCTGCAATACCTGAATGTTACCTACATCACCTTTCGAGTATTTACGGTCTAGGCTAAAGATAACATAGGACCACGCCTAACCCTTGCCCCAACTAGAAGCAGAACCCCAAGGAACGTCACGTTCCCAACCCTAAAGTCTGCGTCAGCGGGTCCAGTATTTGCGCCGGCAAGCCTTCTCATACGAACTGCAAGGCCTAATATACGCAGCCTAATAAAGCCCCACTCAAGTGGTTAGGGAGTTAGAGGTACGCCACAATTTCCATTTAAGAACTTCCGGAATACCGCCCGGATCGCCCGCAGGAGATTATAACGTAGTGGCAGCACTGCGCACAGGTCCAACGCCCGCGTCGAGGTCCACCGAAATAGAAAGCAATTAAATGAGTGTTAAACTGATTGAAAAGTGCTGATTAGTTCGAGCAACTATAGAGGACCCCTTCATACTTTAGATAATATGTCCCATAGCGACTTGTAGGAAATGTGACTCTGGTTTTATCTCCGGGCCCTAGCAGTAAATGGGTCCTCGGATTGTGTTTCAGAGTGGTTGATTTTAATCGCTAACTACTAAAATAATCCAATGTCCGCTTGGTCATAATCGGGTGAAAATGTTTCCTTTGACCGCGTGTCGCAGTCGTCACCCCCGAGACACTACTCGAGTATCGCGGGCGCTGTGGGATCAAACAAAAACCACATAGTAGACTACGCGGTTAGGAGCGTTAGTACACGGTGTGTGCTCCGTGTCGGCTAGACCCATGTCTCTGGGAAGGTATCCTAAGTTGCCTCTACTTCTATGGGCGTCTACTAGGCTTTTAGAATAGACATCTC,1219,50.45,Drosophila melanogaster
SEQ_328609,TACTCATCTACTTACAGAGTCAATTTGGGCAGTGACTCGGTTAAGCGGGCGAACTGGATTCCATAATTACGTAGAGTAGGCATCACAGTATATGTTATCAATGCATTCCGCGCGGTTATAAGAATTATAAGACGGCAGTGAGGATTTATGCCTTGCCATGACAGGAGCTTTGTGCGGCGTATTCGGCTCTTGTTTTACTCTTATCACGATACGCTCTACCTGCGCCTACAGACGGAGCCTCATGATTGTTTCCCTGGACCCGTAAGCAGCCTATCATGGTTCTCATCTTCTGCATCCCCGGAATACAAGGAAGAGCCGACTTATCCAAGC,330,47.27,Homo sapiens
SEQ_955818,AACGGTAATAACGGTGGTTCTGCAGACCACTCTGCGCCCACACAGATCCTTTATTCTGTGCTGTCCCCCAAGGGCGGCGAGTGCCAGAATAATATTTACGAATGTCCGGGATTCCAAGGATATCTTGCTTTCAAAGGAGCGATCCGGAAAGTTCAAAAATCCAGAGTTCGTTTTTAGGGT,180,47.78,Mus musculus
SEQ_483311,CGGATTGTTATTTCCTGCGTTTTACGAATTACGAAGCCTTGCAGTCATACTTGTAACAGGGTTCATCCTGCCTCGATTTCGTCTATAAGGTGCAAAGTGTAGCCAGAGTCTCGTTAGTCGTATTTAGCGGCGTCGCTTAGGAATGCACCATTTGAGTGCCGGATTGTCGATGTCCAGCCCCAGCCAGAGCTCAAAATGTTGATGAAGGCACCTAGCTGGGCCAAGATACGTGGATGGATTATCGGGTTTACTTGACTCGCTCTCAAGCATTCACCGTTTATGGTAGAGATACCGAGGTGTTGGATGGTACCCTGCACGCTTATTGGGCTGATATAGTAGCGACCTTCCGGGAGTGAAACTAAGGCTAACGAATTCTGATGCAATCAGTTTCATACCCATTTATAGATTGGTATCTGTCTGTACCGTCGTTCTTCTCCGGGTCCCCCTCCGCATGTGGTATGATTACGCTACTCGGGTACGAATTACTCGACCTCACGGGTGGCTGCCGTTAGATTCGAGACAAGAAAAGTGCATAAACTAACACAGCGAGGCACTTAGATCTACTAGCTTTTGCCAGAGGTGTCGGTGCTCTTGGTTGCGAAAAATGAACATACAAGTATCATAGTTTAACTAGCCACTTGGTGGTTGCAAAAATAGCGACCGCGTCAGGACGAGAGAGCCGGTTCGTGACTGGGAGTGATGATCGTGCTCTTAACCGCGCACCGAAGATAGCATGGATATTCGTCTCATCGTGCACTCATGGTCTCGGCCCCGGTTAGGCACACGGGACTGCCATGGCTAATCCCAAATTGGCCGTCTCCGCTCTCAACACAGTAGTGATCGACCTGTGGTCGGCGATGATTACTAACGCGATTAGTGTCTGCTTTGAAAGAGTCTGACAATTTGCATTGGATACCACTATGCAGTTCAAACGATGCAAGTCGTCTTTACCCCAATACAATTCTCATGCTCGGTAAGTCACTCGGCATTATTTAGTAATGATGTCGTTGAACCCTGCAGCTTACTTAGCACGTAGGCGTTGCCGACAGATCACCCTACTGCTGCGGTGCCAAGTTTGCGCCTCTTGGTATTCTGCACGTCGCATTTCCGAGTTGGTTTCAGGACGGTAACCCGCATGATAGCCCCATTGGAAATCCGGAGCTCCTCGACGATACATATTCGTGATACGTACCTGCTCCCCTGTGTGCTAACAAGCCCTTGATATGAAACCCGTAAATGGGACGTCGAACTTCCACTAGACACTAACAACTCACGACTGTGACCAAACACGGTGACGGCCTCTCCGCTCGGGGCGCCGTACGTAACTGGTTGCAGCGGCAGGGT,1344,49.85,Escherichia coli
SEQ_300538,TTCACTGAGGTTAAACAGCTACAATACCTCCCTCGTTAGGACTCTGGAGATCCTTTACCGTTGTGGTAGAAGGCGACTTTTCCAGAATAGCATACTAGGGACTTTATATGCTGACGACGACCCGAAGTATAACTGAGTTGTACAATAATTCTCAGATGTACCATATGCCTCACGTATAATACATTCACTGTAAGACTTGTTAAAAGCGACATTCATACGTCATGAAATGTAATGAGCACGGGAGATAGTTTTAGTACGTGAATCGATCATAGCATGGTACACCTTCGATAAGACTTTTAGCGTTGTCAAAGCCCCCCAAATTGAATCTGAAATGAGAGAACAGGCTCCCAGCACCGTGCTAGTAGGTCCACTTGCACCCGCAGATCGTATGCCATCCTCCATAGAGGTTAGCACCGCTGACGCGGCGGCAGAAGAAATCTACTCTGGGGTCGGGAACCTCAGATGAGCATACGGCAGACGGAAGATTCGGGCAGCACGCTTCACACGGCTCGCGTCTAGCTAATATCGTAATTACATTGAGTCTTGGACGATAGTACCCCCTCTAATGTGTGCCGACACTTCTGTTTGGTTTAAAACGTTGTTTTCTAGGCCGCCGCTATCTTCCGAGAACAGGTGTGGTCTCGCCCCTGGTTCTCACTTCGCTTGTTCCTAAACTGGCGCACTCTTGTTTCCCTCGATATGCTATATATATCACAAATGCTTTGTGAAATGAACTTTTGCGCTGGTTTGCTCGTTACGTTGGGTTTGTTTCTGTAGAACACCGAAGTGGCACGGGAACAGAGTCCCTTTTAACGTCGCTCAACACTTTTTAACATTCCGTTCCATCGGGCCCCTGGCAATTACGCAAATAAGCATCTCGACGTGTTTACTTCCACAACATTTGACGGTGCGCACAGGT,919,46.79,Drosophila melanogaster
SEQ_879383,GGAATGATGATGTCGGGCGCCTCCTTCCTATTCCCGCCAGTCTCCACAACTGCACGCACTTAAAGCAGGAGGGACGTAAACTGGCACATGCTGCGAATCCCCCAGGAGTCATGCTGCGGGACTTTGTGTTGCAAGCCCCTGTAACCAAGATGCAATCTGGAGGAAGCGGCATTGCTTTTCATCCACCCTATATTGATCGTAATCAAACGTCCTATAACCATGAAGAAACTCTTGAGTGTCACAACGCTGGCTGTAGCCGCTATCCTGTGCGCTTGTAGTCGTAAGACGATAAGAGGTCCGATCGTCCAAGTGCGAAATGGTATTAATTGTATGCACCCCCGAGATGTTCTTCGGAGGGCTTTGTTAGATTTCGGCGTTAACAAGCGATCTGTGTACGATCCTTCATTATTCCCCTACTATTTAAGAGCCAATGCATCTTCGAGGGTTATCGTGTAGCATAACACGTCTGCTACAGGGTTATGGCGTCAGGCGTACTTTGACCATTAAGAGCCATACAGGTACCTGTTGAACACGTACACGCTACGTAAGGCTACCCCGTTATTCCGAAGGACCAGCCTGGCGACAGTGCTCGCTAGCCCACTAACATCTTTCAACGGCCTCTAGAGAACGTCGGTTTGCTGGTATTGTATATCGACCAACTTGACGTACGAAACATCATACCTGCGCCACGTGTAAAACAAGGGCGGGTCGGCCGAGCATCGTAGAGGCTTAAACCGCCGGTGTAATATCAAATGGCCTTAGGTCTTAGCAGTACTACCAGTTGCGAGCCCAATTGAAAGCTGCGTTCTTGGGCCGATTAGTATAAGATATGTACCCTTCTATCGTGCTCCGTGGTTCACCGCATGCCCATTGCGTACCTTCACCATCAGACCCGTCATCCATTTAGCACAGGGCTCTAGATCCTTCTAAGTTTAAGGGGGGTAGCGGTCATCGGTTTGTTATATCGTGCGGGTGCTACCGGCACGCCAGATTAGTATCCTCTGCTAGGGCTGCTGGTTCAAGAGATCCTCAAGCGCTTCGTGGAGCGGCACTTAATCCCGTCCGGGCGATATCGGTATGTCACAACCCAGAACCATGAACTCTTCATGGCTAAACTATACATACCGACCTCGATAAAACTGATTATGGCGCGAGTTTACGTGTTAGCTTCATTGGTAATTGTACTACAACTTAGCATAATTATTATAACCTGCTGGAAGTTGTTTAGTGTGGCATCCTAGTGCGGTCCTCTGTACGGCTCCATGAAGTAGCGCTAATTGCCCGATATCGAAATTTAGAAATATTATAATATTACCCACCGACTAACGCAAACAGTAAGCTCAATAAGTTTACATGCGGCGTGTATCTGCATAAGCGATCACGCCTTGCCCCTCTCGCTATTTGAAGTACTGAATCGCTCTGCAGGGGTGTGCGACCTTCGCGTGTAGTCGTGTAGAAAGATTAAACCACCTCATGATGGCTCCGCTGCGGGAGCATGATTTTACTGAAATGAATACTTTCAATCCAGCCATGGCAATTGTCTATCTATTTCACCATAATCTTCACGCGCCCCGAGACCTCGAAAAAATCGCATAGCAATGCCGGACCCACAAGTTAGGGACTTTTAATGGGCGATAAATAACGATAGGTGCGTATTACAAGTCGTCTACGCGAAACCGGCATAAGAAATAGGAAGACTGATCATGATAGGATTTAGAATTGGACGTCTGAGGATGGGAATGCGCGTGAAGACTTTCGTTCGTGGAGAGGTTATTGTTCATTTTTGGTGCAGCATCTCCTGTTGAACACAATCAGACAAGATAACCGTGTGTCT,1834,47.93,Saccharomyces cerevisiae
SEQ_378894,AGGCATTACCGCCAGATGCCACAGTCACCGAGACCTAAAGTTCACGGATCCTTGAGTTTTCTTTCGGGCCAGTCTAATCTTTGTGCGACACCCTTGAGGTGATGACTATACTTAGCTTGGTACTGCCGGTACTGAGGCACCCGCGCACTAATGATCTTTCGGAGTCCGAATAGAAGTAACGTTTTAGCCACATTTCAGGACCCCAAATCACCGACCTCCGGACCACGATTCCGCCCGCAGTGGCACAGGAGAGTTTATTTCGCGTTTGAACTTTCAAGTTGTCTTCCCAAAATCCCAGCGATTCAACTTGACTGTTCATTCAGTAAGGATTGTGGTAGAGTTGCGGGAGCAACCTATGATCGTGCCACTTGTGAAATAGGAGAGACGTATGGATCGCCGGGTCTACCCGGTGCAGACTATGTAAAAAAAAGCCTGCGCAAGCAATCTTGCGGAATCGCACGACCGGGTCGTAATTGTAATTTAGATCCATATACGTCGGGATTAATCCCGAGAAGGCGTGCCCGGCCGGCGGTGCCCACTGTATTTGCCATCCGAAGTAATTCCCGGTTATCACAAGCAGACCAATAAGGATTAGGCAATATAAGAAGCAATTAGGCCAAAACTCTACAGCTATTCCCGACGTGTACTCCCAACACAAACACTTGACATCTATTGTTGCCACTGCAAACCAGGAGGTCCCTCGGTGCGCCCTTTATCTCCACAGTCGGTGTTGGCGTGTCAGAGCACACAACGAACTTTCAATGGCCTACGAATAAACTGTAAAGCAGCCGCGTTTCCCCGACATCGACTGCGTTCAGTATTAACACGATTTCTGGTCGTGAATCCACCAAGCGGCTCAGAGCGCTCCGCTGTCTAGGGTTACATTGGCTCCCAATTAGGGTTCAGCGCCAGGACCGGCAAGATAATTAACCGGAAATGTCAGATTTTAGGACCGATCTCAGATAGTCTAACCCCTCACCGTTTGCTCTCCTGTGAGGTCCGTCTCATTGAAAGATTATAACCGTCCAGTAAAGGGCGAGGTGCGATAAAGAGTCTGCTGAATCATGTCCAGCTTTGAGTGCGACGGCGATCAGAATTAGGTCTTCTGGTTTGTAACTCCACCGAGGCATCCGCTGGCGTGACGACCGGAGACCCGGTAATTGCTCTTAGCACAAGAATCTCTGTTCAGCCCACTGCAATCCT,1203,50.12,Escherichia coli
SEQ_943763,CGGCGAGGCACATAAATATCGTTAACTCTAACATGATTTCGCCGACCTGGATTTTGTCTGAGCGATGTTTTAGGTACACGTACTAGGCTGAGCCTACAAAATTTGCTGCTCTTTTAGCGAGGGCCGTCTCGGCTACTCACTTACATGACTTAGACGACCTGCGCACGCGGCTTATGCGGCGTAGCGGTAGCAGAATGATTTGACTAGCCTCCAGAAGAGTAAACGATGCTCCCAAGACTCGGTGTGATCAACGGAGTTTTCCTGTCTCTTGGATACCCTTACCGTTCTAGGACGAACATCATAGCGATCCTCTTTTGACGGAGGTGGAGGAGTCCGGAAAGACCCAGTTCCGAAAGGTGAGAACAATCACAGTCAGTGGACAACTTACTGGCTACTGCAGCGTCAGCAAAGACTCTGTTCACAAATAGTCCAAAGGGCGAGGGAACACTCTGTTGATAGCGGCTGCTATTGCTTACTCCGACTGTCCAGTTCCGACCTAAGCAGCTTATGGTTCAATCCCCTACCAAAAAACTATGCGTCCATATCGCACCACCATTAGAGAACACCTTTTAACGAAACCGCTTCGGTGACACTACTTATTCGTGGCCCTATTTCTCACAGTATCCCAAGAAGCATTGCTATAATGGAGAGGCGCAGCTAAGGTATATTGTACTTCTGCTCCCGTTCTCCATGTCCACTTAGCTTACGCTCGGGCGATTAATGGGCTTCATGTCGCTTCTCGGATGCCTCGCTCCTTGCGCTCCAAAGCGGGCCAAGTATTATAGCTCGGAAAGGACCATGTTGCAAATGGTTTCAGTCACTTTATGACTGCCATCCTTTGCTCGCGCAGCCCGTTGGACTCGCTCTTTTAGCAGCAGTTGCTAGCTCCCTGGGCAGTTTTGGCACGTGACTCCAGAGGTCTAACGGATCTCGTTCGCGCCATAGTCTCTGTGCAGTGTTAAAGATTATTTGTTTAGGTTAATACCTATTAGAGCGACCTTATAGCATGCAGACTGAATAACGCATTATTCAGGATTGAGCCGTGAATTAGCATTATCCTACTTGCTTTCTACGTGCTACTCTGCATTTGGGTCTGCGTGATTTATGAGAACATTCATCAGGGATACATCGAGGCGTAGCCTCCACAAGGTTAGTCTTTGGTTATTTTTCCGGTTTGAGGGCTATAAATGATCCTAAGTATAATGATAACAAGCGACCTGTATCCTCCCCCAAGATAATGCCAAACGTTCGGCCCCGATGCTGTTCATCACAGCTCGGCTCCAGTCTCGCCACACACCCTTCGCTACGTTTCAATTTCTTTCGGGGCTCGCAAACCCAGACAACA,1345,48.4,Mus musculus
SEQ_171356,TCGCATCGCCGTATCTGACCCGGGGCTTCAACGTACACGGACGATCAATAAACGATGGCGACTTCACTTCATCGATGTCCAATGCATCTCTAGCACATCGTGGACAAGATGACAGTTTGATATTCATAAAAGCGAAGCATTCTTTCCCAAGCTCTTGCTAGTCGGCAGTGCATAACGAGCATACTCTGCGATTGGCACCTGCGCCAGCTGACTTGTTGCTAAAGCACGCAGGTCCACCACGCATGGAATGGTCTCATCGATAGGAAGTCTTGGCAACCCATTCGCTGGCCACAACAAGCCCCGCAAGACAGGTCCTTAAGCATCACGTTGGCCATTACGTGCGAGCTATTCAATGGGTACCCCGGTAAACGAGGTCATAGGGAGTGGTTCTATGATATCGAGCACTTCGCGTAGCAAGCATTAGCACGTGAAGGCACCAGGCTCCTGAGATAACACTTCGCCGTGTTTAACCTGCACTGTGTCGGATACGGTGCAGTATATTCGCCTAGGGAACATATAGTATCGATTTTCTTCTAAATTCGGTTTTATCTGCCGACGTAGGTCGGGCGATGGTCCTAGCTAGTTCTTTTACGGCAAGTAGTCGTGCGTTGAATAGGAGAGCACAAACGTCAAATTCCGCGGCTCTGACGCATACCGCTCGGGATATTAGTAGCCAAACGCCATAGAATATTACCAACACTCCTTCTCCCCGGAGAGGAGTCTCAATAACTCTCAGTCAAGACACAAGCTAGTGACAGCCAACCAGTATATTTCACTACCTAACTCAGCGTAAAGGGTGCGGTGCCTCAAAGTATATGTGCTCCGTGGGATATAATTACACCCGGTGGTATGAGATCCATAAACGAGGTGAG,872,49.43,Mus musculus
SEQ_408283,CTTAAGCGAATCGTTTTAGCCTGTACTGGCGCCCCGTTGGGATCACACTCACGTCAGCCACGAAAGAGTCTTTCTCCCCTAACGTGTACAGTCTGAAGTTATCGCACACTCGTTTCCCCGGGATCTTTATCCTAGAAAGGACGCTACTGTTTACCTCGTTTTGCGCGTATGGGAACAGACCTGCCACCACCACTGTCACCCCAAATTGCATCGGAGTCGGAGTGCCGGTCACAGCTGTTGTTTGCACTGGCAGCCACATCCCTCTCGTTTACAAACATAGTCGCTCATTCTGGAGCGTGGAAACTCCTCTAAGCGATGTTGAGTAATGTACTCTCCACTGCTTTCCAAAAAGTGTCCTCCTCTAGTAATGGGTAGAGACCGCATCTAGATGTTAGGGTGAGATTCCAGGCAGGTGTCGAATTGTAGATAATGTAAAATGGATTCCCGTGTAAGGCGACTGATAGACAGCCGTCATCGCCTTAAGGTAACCAAAAGGGCAGGGGGTTCGGATAAAGGAAACCAGCTTCCATGCCGCAGACTCGGAGTTTAATTCGTCGTCCGAATGGGGGCTCCAACGGACTTAGAGCACCAAACCCATCTCAGTCCGACCGGGGAAACAATGGAGCTCAATTCAATTATCCAAATAGTCTTAACCTTATAGGCCAATTCTAAAGAAGCTGGATGCCCAATACGCCACGCTTAACTGTCCCCATAATCGCTGAGCAAAGCACAGAGGGATTAATGCGCTAGACACTATGCAACATAAGAACCTTTTACCTAGTGTAAATGCACCACCCCCCAATAAGACAATGTTTAACGGTATCGGATCTGCTCTTGGAGTCTCCCTCGGACAACTGTACGCCAATATGAGCAAAAGCGAATTCCCCGCCAAGCACCAGGTGGACGCGCCGCTGTTGGGGGTAGGATAGTGCCTATTGGCCTCGTGATAGATTATCTATCGTGCGAATCCTAGATTGTGTGGTACGTGTTCTTCATTAGCGCGAACTAGGAGAAAACACTGCAGTGGGCTAAAGAAAGCCACTCAAGTTGATACACCGGTGTGGGACATTGTCCATGGCTCACTTTGTTGATTGACCCACGACTAATGTAGCACTGCATGAGGCTGATATCAAAAATATCGGCGCTTCCACAACTCGGTTGTGTGTCCGTGTATGTTAGTCATGTTATGCTCTGACCCAGAATAGTAGTTAGGATCGTGCACTAGTCCTGGGTTCCGGTATATGGCATTTGAATGGGTGGGATGTTAAGCGCATATGGGGTATCTCGCGCGCGACACTCACTCCGTAAGCGAG,1313,49.2,Arabidopsis thaliana
SEQ_565285,GCCTTGGTGCTCTTGAATTTTGGAAATGACATCTCCAGATGAGCCGAGACTTACACTTGAACCTCCGTTCGCCGGTGGTGCTTTGCAAGCCCCCACTGGTTGGACCCAGTCCTATATTAGATAGGCATGGCATAGATTGGAACCTTGATCAGAAGTTGTTGTGTCGTCTTTTTCAACCTACCTTCCCCACATTATGCGTTACGGTCGTTGATTAGGCTTGCTTTGTCGTATGAGTTATGTTAGTGTCTGTGACAGCACTAAGGCCGCCGCGAGTATCCTCAGGAATGTGTCACTGATGGAGGTTCGCGTGTGATATCTTGACAAACACACTGGCACCTACCGGCAACTTGAGGGTAGGTATCCCTTGCCTGGCTCTAAGCTGTGTATGATTCGGCCTAGTTCGGAAGCGTTGATCTACCTCCGGTCGCCCACCGCTAACTCGCTACGCGCCGCCGTCCTCTAACATATTATAATTAATGGGACGCACTCTTATTCTTCTGGTGCACGTAACGATTTGGTAGGCGTTCATACCGTGATGATCCTAATCACTGGTCGTAGGCCGACAGGGTATTTCTCGGGAATAGGGTCGCCTGAAAGCAGGATGAGTTAGCGCACGAATCATACGGTGTATCTGAGCGTCGAAAGTGCTGCCTGGCAACCCAGAAACAATATCTTCATGACAATTGTGGGTGGGTTGACACTAGTTATGCTGGGGGAACAAAAACCTTATGGAGTGACACCCTGCCCCGCGATCCCTACGCCTATACTTAGCAAAACTATTGTGACTCTGAGCCAAGCAGGCCTGGAGACGTTGTCCATCTAATCCAAAACAAGACAGTCAAACACCTTACCGCGTGAATCACTTCCCAAAGCGGCAGGTCCTATGTAATTCCGCGAAATGGGATCGAGACCGCGCCCTAGCCCTAGAACTTATCAAGTCAATCAGCCGTTCCAATCACCTGCCCTCGTTCTTGGCTGGATAACATTGGTAAGGTTACACGAAGTAGAGAGCGAGGGCGTGCCCGGACGTTATCCGGATGAACCGTACGCTTGTAAACCCAGTCCAAAGGCGACAAAGAAAAAGACAACACAAATCAATGCAGTTATCGTCAAACTGCCACGTCCTGCCAC,1131,50.04,Caenorhabditis elegans
SEQ_966856,CGTAGGGACATGGAAGCAATCTCCCGTAAGCCGAAGTCTTTTCAACCGACATTTCTTGGCATTTCGGCCGTTATATTACTCACTCGAATGCCATGCCCACTACGGCGTAATGCGGGTGTCGGTCACTCATGACGTTGCACAGGCGCGAGTGTCTGCTAACAGAGCGGGGTTTTCCGGCCGTATAGCGGCTCGAGAACGATAAACGACGGAAGACTGGTTCAATAATAGCGGGTACTACAACGTCAGCACACGAACTTCCACTAGTTTGCACACGCACTCTAACCGGCCACTGTCGG,296,53.04,Homo sapiens
SEQ_722293,ACTAGCCACGTCGGGGCGAAGAACTATCGTTTAGCACGCTCAATGGGCATATATTAGGACCCAGCCGTAAGTGTGCCGAGTCAAGGCATCTATGTGAACCGTTGATGCAGGCCAGAGCCCTATCAATCAGCGAGCGGATAGGGCGGTTAAACCCAAAAATGACAGAAGTCACTGTAGTGAGAAGCCTCTTACGATGACTTCGTTTCCGCATCCACAGGCCGTAATTACTGTTCATTGGTCCAGATTGGGCCACAGTCGAAGACAGGCGCGGATCGCAGTCGGATTACCTTACAGTAAGGAAAGCGCCTCTGCCATGAATCACGATATCTCCAGTGGGCGGGCCATTGCCTGCGGACTCCATCGCCCCAAGGATCGATTTCACTTTATCCTTGAGTCGTTCCGACTGTGTTATGCAGCTTTACAAGGGGCAACTTGTAGTCGCGCACCTGATTGGGCTCACGTGGTTCTACATAAACGGTAAAAGAGATACGGATTTACTCTGCCAGTAGCCAGCTTTTGACGGAACAACACCCTCCAGAAAATTCACCGTAATACGACGGCTATCGGGACCGTATAGCTCCAGCGTCTAGGAGTTGAGTTGTAACTGCCCTTACGGATGGAGATCATGAAGCAAACCACCATATGAATTCATCTATGCGAGTACCAGGCTACCCAGTCTTTTATAGTGCAAAATTTCCGTTGCGATCCCCTTGGTCTATTGTCTGGTGGGATGATAACTCGGCGTGCACATTAAGCCGTACGTTCACGTCCACGACACCCTGAGTCAGGGATCACTAGCGTACAGATTCTAGGTTCGTTGGTCACAATATCAAACGGATTGAAATTCTTGGGCGCTCGAAGAACAAACCAACAGCCGCCCTTGGCTGTGGTTCAGTTCTTTATCTATAGTAGGGACCCAAGTCCCAAAAGGCCCCAGCGGGCTAAATTTTTATCGCATTGCTCAGCAGGATATTTCTTCTCAACTTCCCATACGCCCCTCGTGTTAGATTTTGGCCTACGTACGCGGGTGCTCTAGAACC,1040,50.0,Saccharomyces cerevisiae
SEQ_198480,TGTGTCATGGGAGGGAAGAAATTGAAATCGCTGTACCGTCCTCGGTTATAGATTGTAAAGGGCTACGCAATAAAACACAGCGCCATGGGTAGGGAAGTGCCAAATGTAGCGCAATTCTGACTCATCGGCACTAGCCTTTCGATAGCACAATGATCCAGACATCCTAGGGCGGCTACAAAAATGGTATAACCTGACTATGGGTCTCATGATTACTAGACTTGTCGAGACGGCGCCGTGCTCGTTAATGCTAATTAGCCCTTGAGGAAACAACGTATCTTTCATATAAATGGGATACAACACGAACTCGGTATCGCCTGGAACCACGGAGACGCCCTTTAGCGGCTATGGATAGGGTCCCTAGTTAGGGGGTTGGTAATTGTTCCTATAGGACTGATTCGACAAACCGTTCTTGATTACCAGCAATCCGACCCAGCTATGGATACAGGCTCGCGTTTACTGGGCAACAGCTCCTATAGTCCACCTGTCATGTGTTACCGTCCCCAATGAGGGGTCTGTGCGAAGCCCGTGCCTCATGCGCGGACGCTTGTGCGCGTGTAGCCCCGACCCGAGCCTGGAGATTTTGGACGGATATTGCACGGAAGCAAGCACCCGCCAGCTAGAGTCGCACGGTATTCGCTTAAAACACCTTGTCGATATAGGTAGGAATAACAACGCGCGGGGTGCTCCGGGTTAACGCAGCATAGCACCTCAAGCGAACCCGAATGGAGTGAATCCCTGTTGAAGCTGAGATAATCTATGAAGTGCATATTTCGGAGCATCTTAAGGTCGCTACTTTCGATGCGCTTGCCATTACCAGCCAGTACGGTTAAGATTTAACTGACGGGCCTGCGCGATATTAAGAAGAAGCTCGTGTATGTTAAGACTACGGAGAAAATTCCGGAGTTACCGACGGATGTGTGTATAGGGCCGGATGTAACATTCCCCGTAATGGATGCCAGAGGCGTTCATTTGATCTACCCGGGATTCTATTCTTGATCACAGAGGGAAACATCTGTGGCGTTTCTAACTGCTAACTGGAGCGGTCGTGGGAAATAACTGGGGACCTCAGTGACCCGTCGGGTGTCATATAGATATAGCTTGCAATGTATGCTCCAGGTAACCACGGTTGAACAGTTTCCGTATTCCACAGTTAACATTACTCGGCATAGTTCCATGGGTTGTGACATATGTTGAAAAGCCCGCTAATAGTCTGTCCTCCTATGCCTAAATTTACGGCAGGCATGACAAGCCGGTACCATTGCGCGTCGCGTGGTCATCTGGGACTTCTGTTATGACAAACATCCCTATCTTGGCCTCTCAGACACACAGGTACACGCCCACCTAGCAACCCTTTCGTTACCCTACCCCTCCGTGCGCACACATGACTGGGAGACGCCCTCGCACATCGGGTAGATTTTGAACCGACAGTGTCAACGTGTACAATGTATTAGGCTCCCTGCCGCCACTTACCGGGACAGCGATCAAAGCTCAACTTGACGCTTGTACGATCACGCCAGAATTGTGGCCTTACGGCGGTCGGACTCCCCGCATTTTGGCCGACGCGCACGGATTTAATTCCTTCTTGCTAAGTCAATAGGCGGAGTGAGATAGGCAGTGCTTATAACAAAGCTCTGGCTGTCAATAGTTGTCAAGTACGCGTTAGTTCCCTCTTGGGGTGCCACCGTTAGACTTTCCGCAATGAAGCACCTCTTCTTTAATCTCACCTAGTACATCCGGTCCGGATCGGATACGCCCCTTCTGCTTTGTATTAACATTGCGTAAAGTGGATACATTAGGCCCCCGACACACGATGACTAGTGGTTTGACCGTTAGAATGGTCTTAATGTTGTTAGCGAAGCTCGTAACAGTCATGACAGAAAGATCTTTCACTGCGGGCTTTGCCTTTACTCACACTGACACGCTATGGCCCAGCCCGAGATCGGAATCATTTACCATGCTAACTATGCACAG,1971,49.97,Mus musculus
SEQ_578356,ACAGGTACTTCGAGTGGTCCTAGGTTCACACCCCGCTAAATTGACTAACTCAGCGTCTTTTTGTGTTGCGAATGTTTGTACTATCCAGGACTACGGATCCGCGTTGCGGATCTTCGACCAGTCACATGAGGAGAATTCGTTTTGTCACGTCTGCTTGCCCGCAACACCAAGTTGTAATCTCTTAGGTAACACAGCCAGGAGGTTCCGTCTTGGTATGGTTATACGGCTGCAACCCGATAGACGAAGTACTCCATACAGTAATCCCCGTTGGAACGAGGAGATTGGCGGGTTTCTTATAAGGCGTCGACTGAACACGACCCGTTGCGTAGTTTCTGGACCCTCTTCCATACCGCTCGAACATTCCTTCTCTTCTAATCCGCCGCGGGCGCCATTGATTTACCCTCCCAGCTCCTTAAGCAAGTGGGTTGGCTGTACGTTAAACCGGATGAGAGGGAGACCGCTAGACTATACGTCCCTAAACTGTTGCGACTTCCTCAGGAGTCAGAGCCAAAGGAAATCCTAACAACTCCTGTGGGGAACGTCCGCACAGAGGGATTCTCCATACGAATATTGCCTTGTGCAAAAGGATAAGATCTGTTGAGTTTCCGAACCTTAGGCGAGTTAACACCATGCTTTGTTGCACCAGTCTTAAGAAATGCGTCCCGAATCAGGCCCTGATGAGCCTTTCAGGAGTTATCCGCAGCTGCATTATCGATGCTCCGTGGGCCAGTAGAACGAGTGAAGTGTCCCTAGGCCCTTAGACAGCCCTGCCCCTGGGGCTAGCGATCAGAACGCAACTATAGTAAATGCTGAAAAGAAACGGGGATTACCGTCTCGGTGACGGGGCCTCCGACCTCAAAACGTCTGACGAGACACTACACGCCCCC,887,51.41,Arabidopsis thaliana
SEQ_867973,CAAGAAAGTGACACGTGTCGTCCAGCGTCGTGGTCTACAGACTGTCTGGCACAACACCTCCCTCAATGTGGGTTGTCTATCTTCGCTGACGGTGGTCTGTTTGGTACGTCGAACAGCCTGCCGTAGCAAAACTGCGACATCTCAACCGTTGAAGTTTGTCACAGACTACCAGTATTGACCTAAACCCATATCAACATTATCATCTACCTACCGCATCTAGTCATGGCATCGTCATGTCCTACGAAGACGCAGCTTCGCGGTTCGGAACTTTGTTCCCCTGTCGGGTTCCTTACTCCATGGTGCTGTCAGGCGAAATGATGCGGTGCCACTCACAGCATGTTCAAACTTCTCAAAATCGGGGGTGCTGTGCGCCGAGCGCTCTCAGCAATTATAATTGAAAGCGGGATATGTTGGCGAGGATTATCTCGCCTGGGTCATGGCTGGCCTGCGATCAAGAGGCCGGAAATTGCTATGCTTGATCATTATATCTACCGGATTTCCGCGACCCAGCAATCTCATAGAGAAAGCTTCGTTTGCAGATCTATGTCAGGCACATTTAAGAATCATAATTGTAAGGAGTTGGACCGGAAGAAACGTCGTACTTGAGGTGAATTCCGATCTCAATTTACCTATAAGATACAACACAACGATTACGGAGCGTGCTGCCACCTATTGAGCCAACCTCAACTGTGGGGATGCACCCGTTCGTCCATGCCACTTCCGGATGGCGGTGGCTACGGGGGCGACGGATTTCTTACATAGGCAGGCCCGTAGCTGCTCACGATATACTCTTCAGATTTGCGCAGAAGCCCGTACGCATCAGTGGCGTACTGCCTCATCAGCTCATAGAGGGTGTTTTTGCACACACGAAATTGTTGCCGGGTTCTTTGGAATAGGGCCAGTCAGCATAGTAGACCGTTGCAAACGACACTTGGGGCAGCTCATATTGCAATGAAGTATCGCCTATGGTACCCCACGCAACCCCCCGAAGGTGACGCATTGAATGTTCTCGGAGGATGGTCTAGGCCGGGATCCCGCCGCGCAGTTTGCTGCCCCCCACTTTTAGTGACACATGGACGTATTTACACGATATAAAGCGGGTCCACGGTGGACGAATAATGAGGACGGTCATCTCCTTACTTCGACTCATGACCTTCGGCCCTTTACAATCTGTCTATCCGAGAAGTTCCAGGTCTACGTCGGCTACCC,1209,51.12,Homo sapiens
SEQ_150121,GTTTGCAGTGATCAAGCTATTGAGGTAAATCTTAGGGCAAACTTCCCCCGAGTACGAAAGGGGCCATCCAACAGTTGACAGAAAGGTCTAATGAGGATATTATCGATCACCGTTCGCGCTCGGGCATGCGGCGTCGTCGGTTAAGGGAATAGATCTTAAAAGTTACCATGCTTGTCTACATTTATTTAGACATTGGCACCCTTGCACGCTGCCTTCTGGTTTCCTAGTCCGATACTGCCGTTTCTCACATTTGTTATAATTCCTGCTATTCAGATCGCCTTAACGGCCACTACCCGAGTAGCGCAATGCAGATAGGCACTAGCTTGCCATACAGTTACCGGAAATATACGCGTGTAGGTGTGGGCCGTTACACTCAACGGCACGCAATTATCGGACCGTTACATCATATCAAGATGAGTATTAGTAAGTCGGACACCGTTCGGGGGAAGATGGTACTTTGATCTCGGCCAGCACCACGCAGGTGCCGAGCCTGATATTGAGTCAAGTAAACGACCCTTCCGCTGTTCCATGGGCATAGGACTCGATAGGGAAAACCAGCTTATCTGGAGTCCTAATTGCGCCCACCGTCTCGTACCGACATGCTGGGCCAAGGACATTCAGCGAATTGGGCCGTGACAGGGGGTTAGAACTGACGACACTGAGAGCAAGAACTAGCCGCTGCCGCAGACCCTACGCCAACGGGGGATATTTGTCCACGTGCGCTAGATTCCGTAACGGCAACGTGCTCCCCTTTACCAAACCGGGTAGCTCTACTGATCACTGTCAGTTTAATTTCACCCCCGCAAGTTGCGCTTATCTGGGTTTGGGTGCCAACCGGGCCCGTATCCTGTGTATGAATACGAAAGGTCCGGGGAGTAGAAAGGGGGGAATACGGATAGAACTAAGTATCCAATCACCCTGGTATCCGGAGGACCTGCTACGAAGTGGATATGTCCCGAAGGGATTTTTCACTCCTTGCGACGTAGGAACAGTATTGCTTACATAGAAGATGATGGTGTAGTCACTAGGGGCAAACACGGCGCAAGACCGCTGCGCATCTCTGAATATACGCTAGTACTATATATTTATCAAGAGAGAGTACAGGGGTGGTCTCCGATTGTGAGTGCGTGACTCATGCGCGTCAAGCGCAGCCACATACAATGCCCTTAAAGATCGTTGCCAACCCCCGATTAGTGATGCTACCATTTAGAGCACGTACCGATACTTGGTAGTAGTTCGATCGTAACCCGTACGACTCCAGCAGTCTATACAATGGTTATTGGCGTAAGTTCGTACAACTGATTTTGGGCCCTCGGCACCCATCTTAATCTGGCTGTGCAGGTACTATGAATCGGCACTGCCCATTCAGTGCTCTAATCCGTAGGGTATCACTTTTACAATCGTAGTGGACACACCGTCCCGACCTGCTAGCATTCCCGTTAAAAAGGTCTCGGCACACTGTGCTACCTAGTGTCTGGTGGAGCCGCGCGACGCCCTAAGACGGATATGACGCCTACCATACCGATCGGGCGTGTGGCGCCGGGAGGGTATTATTTTTGTATGGGCGGTTTGCATATTCATCCGGTACTAATAGCATCCATCTGATGTGGCTAGTAGCATTATATAAAGATGCAGTTTTTTTACTGGACTGATTGCCGCGGTTCCAGGAAGTGGGAATATTCGGTGTCCGAGAGACAATAGAAGAATGCGAGTTTGATATCAAAGGCTCTTATGATCCTGTGTTCGCCACCAATTCTCAACCAGCGTACTCCAATGATCCAGCGATCCAACGTTACCACTTCAAAATACCTGCGAGCAATACGCGAGGCGCTTG,1834,50.0,Drosophila melanogaster
SEQ_400978,GTCCAATACGACCAGCATGAGCAGCACGGAGATTCTATAAGTATCCTATAGGCCCATCAATAGACTTAAGTACCTGCGGGACTTAGTCGATGTGAGCCAACGGCCGGGAAGTACTATGGGGAATAATCCTTAGGATGAAGGCACATAACTATATCGCCGTAATCATCCGCAACGAATTGCTCGAATGCGATCAAGCGTGTTACGAGTGTACGCAGCTGATTAGGGCCGCGCACCGATGCCCGGCAGAACTCATCGGAGACTTTGGGCAGCTCATTGGCATTCGATATGGTAGTTCCACCTCGTAGCTCACTACTCGGCTAAGGTGCTACTACGTGCGATCTAGACTAACCTGCGCAGCTGACGGGGCAATAAGCTCGACGTCAACTTTTGGTTTGGTGGGGCCTGGTTTGTTATGAGTAGTTAACCGCAAAGGAAAGATTCCGAAGATTGTGGTGAGGGCAAGGGAGCGCTTAACCAAGTCCACCGCTAAGGGGTTATGGTCCCACCCTGGAGACTTACAAAACGAGTCCTAAAAAAAACCAGCAGGATACACGGATATAGCTGACTCCCTTCTTAACAGTCCTTGGGCAGCGTTCTAACTCGCGGAACTTAAATAACGCCCTTGCGACGCGATATCAACAGACAGAATTAAACGCTATCATTGGGTCTTAGGAAGAACATACCGACCAGTTCCGTCCGATG,702,49.86,Caenorhabditis elegans
SEQ_950179,GCAACCCACACTAGAAGGGTCCCGGGGTATAGCGCTCAGACCCCGCATTACCCAGTTTTCGCTATTCTCAAAGTACATCTACGTGTCGCAATCAACCATCCAAAACGCTAAAATTACCTGCTTTTAGAAGGTCCCGGAAGACCGAAAACTGACGTTTCGATCCCGAACCGGCACGAGGTGTCCGGCATTGTATGCACATATGGAACATTCCGCAGCTTGAGGCTGGGAAGATACGCGGATCGATTCTACCGTCTGTAGGAGCTGCAATATTGAATCAATCTACTTGTGCGTATCCAGAGGTACCCACATATCCTGGTTCATTTGACTGACCACATTGGCACACCCGCAGTAAACGATGGGGGAGCTACAAGCCTAGAGCTGTATACAGCACTGGTTCTCGAGGCTTTTGTAATACCGTGGAGGATCCGCGCCTACTGCTGAGCAATATAACCCAAAACGTCAGCGGGTGGTTGGAACTCTACCCTGAAAACCAACTGTAATGCCATAGTTTGAACGATGGATCCAAGATACTCTTTGTTATACATCGAATAGGCCGATATAAGGCTGGGTCCTTCCCGAATATCTTGCCTCGGTCATCAACTATGCGTAGCCTGATCAGTGAGTGCTCGAGTAAGAGTCGGAGTATCTTGCCCCCTCAAAGCTGATCCAGTTTGCGTCAACGGGCCACGTGCATACACTCTCTGGCCCCGTTCCCGCATATTTTCCCTTGTGAAGGTGTCCTGCCAGGCGAGCGCTAAAAGGCATCTAACATAATATTAATTTACCAATGCAGGGC,796,49.62,Drosophila melanogaster
SEQ_143877,TTGTATGGCCGACTTCAAGCATGGGACTCTTGCCTGTCGGCGCAAATTACTTTAGCTGCCGTAAAAAATCACAACCGCAGACTTGCTGCCATGCGAGTGCATGTCCCAATCCAAGAAGATTGAGTTCTGGCCGCACGGATGGAACACAGCACGAACGCTTACGCGCTACCGGAGCAAAAATTTGTTGCCCTCAAACACAAAGCACAAGAAACCCACAGCTCTGGTGGCAGATTTTATTCCGACATCAATAACGAGATATTCATCCCACCCTCATATGACGCAGGTCTAGCCGGTCTCCGCAGAAGGAGAAAAAATCAATAAACACTCTGCGGTATACAGTCGTGCGAAAGCGTAGCCGCGGAGTGGATGGATATCACACTCAAAGGCCTGGGACACGTACGACGCCCATTCACTTGATGAAGAGTTATCGTCCGCAACCCGCACGATTATCACTCTACGAGTCGGATACTGGTTTTTCCATGGCACCTGTACTGCCAATCAACATCTTAACGGAACCAGAGCATGGAAGCGTCTCCAGACTTTAACGCTACTCAGAACGATTGCTACCCTCACCTTCGCGGCAGCGACCACGAGA,595,50.42,Drosophila melanogaster
SEQ_820023,CTTTCCTCTTTATCTGCCACCTATAAGAGGTCTCGTAGCCGATATTGTAAACTCAGTCCATGTTTCAGCACTACCGACCTTATGGAACGCAGCCCTTCGTTCCCTTTCCGGTGCCCGTCGGTACTATATACATGACAACCCTACAAAAGATGATCTTCCCATTTGATCCACCCCCAACCGAAGTCGCATCAACCTGTGAGAGGTCCTGGAAAGGGAACGTGCAGGAGTAGCGGCAATGTTAATCGGACACCTACTCACACAATGGTCTAGTTAGAGCTCTTTTGAAGCATGGGAGCTCAAACCGCGTTCTCGAATTGTTAGGAGTTTAAGCAGGGCCAGGTTGAAGCCACAGTGCCTGGAGCACAGCTAAGTGCTCGCTTCGAACTACGTCTTGCCGGCAATAAACACCTTCGCTAAATCATTTAAAACCTAAAATCTATGACCGATTCTGCGAGCCTGACTCCTATTTCGCTTCACCTGAAGTAATGACATGCGAATATCCCATACACGAGTGATGCGCGACGTTGGCATCTGGCGTTAACTCGCTGCCAGACCCCTCAGTTTACTAGCGTCCCGCGGCAGGCACTAAAGGGCACGAGAGCGGGGGACTGTCGTCGCCTTCGCTGGCGGAATTGAGAGGTTCGCGGAGCTTCAAGCCTCCACCAAACACGCGATGACGTCCCGCCCCAGTCTATGCAAGTGTCCCCCCGAGAGGGGCCTGGGCACCATTTTGAGGTAGGGTAA,744,52.28,Mus musculus
SEQ_237830,AGAGTTTTTTCTAACCGACTCATGAAGCCGCTCTTTCAAGCCTTGCAGTGTCGAGCTTCTAACCCCATTGTTACGGGCTGGTAAGATCGAAGTGACACACATCCGGAGTGCATAGATAGTACTATCGTTCTGTCCAGTTGACATCGAGCCCAGCGCAGAGAGGCCGATCATTGTGCGCGGGCGACCACGAATAAGGCAAGCTCCAACGTCATGAATGCCCTTACCCATACTAACCTTTCTATACAATGGTGGTGTCTGGGAACTCCGATTAACTCGTAGCTCAAGGGCGTAGGCCCGCGAAGCTTTTCGCGACCCGACACTAGCACGAACTAACACGGGCCTGCTAGCTCGCGCGAACGGGTTCGACTCGGCCCGAAGGGCACTATCATGTCCGCACAGGTGGCAAGGCAGATGCTAACATGAAAATTATGAACCAGAGTTGAGCCTCTCACGGCAGGCCGTCACTAGAGGTTAATAACCATCCGATCTTCGTAGAGGGAGGTACGACACTGGGCAATGTAATTTGAGTAACCTGGAGTCGGTGAGGTTACCGAGGACCCCCCTTGTGATAACGGTACTATCTCGGATTGCAATTTTGTGAGTAAGTCGAACTGCGTATACAGCCATGACTGAAGTTAAAACCTGAACCTAAACGGCATTTCTGTAGCCGTCCCGCCCTTTCCAAGCGGTGATGTGCTTGGCCATGGCGAGTGCATTAAATTCGCGTCTCGAGGGAGTTCTTTAGGTGGAGGATCACCGGATAAGTCGTGTAATATACTTTGTATACTTTCGAATCCTAGCAAAGGTATGACGCAGCGGGGCTTAATGGTCGTTGTTTTGCGATATTTTCGCATTGATGAATATTTAGACGTAGATATAGTACTTCCTGGATGTAATAACGTAGGCCCATAGGAGCCTGTTGAGGAAAGCACCCGGCGTTCACTCCCCCGACCTTTCGACCTCGTGCCGCGTACGTTGGCCTTCAGCTCCGTTGCAAGCTACTATCTATTGATACGTCTACTGAGCCTGCGGCGTCCTCAAAGCAGGCTCTCTGATAAGCGAGACGTCGTGGCGTCGTGGAATTCCTTGCTACCGAGATCCCCAGAATGTTGAGCGATGATGACTGTTCACTCGGTTACGCATCATCATGCTCGTGTGTCCGAGCGGTCTAGGATAAAGAAGTAGGATAAGGGGTTTGGTGTCCACGTTCTTGAGGCTAAGACCCCATACTTGGCATATTGAATTTGTTGCTCGGGGCTAAACCGTAATTGTAAATTCATGAGCAGAGAGTATGATCCTGAGAATTATCCCCGGGGCGCCCCGGGAACTGCCCTTTCTAAAAGTGCCCACGTTTACGAAATGAGAAAACTGGGATAGTATAGCACTTGCGCGTAAGGCTCTAAACATACACTTATGGCCAAAAGGGAATGGCCAAGGTCATACTTACGCTACAGCGGGGCACAACATCTACTAAGCTAGAGTGCTAATTGAGGCATATAGGTTCTTTTGACATTTGTCAGTAGCACCATTCTGTGCGCAGGCCTGCCAGGGAGTAGCGGATGCAGTAGGTGTCGTCGAAGTCGACAAAATCTTGCCCTTCTTTTAGTTTGAGCGCGACCATATTAAATGTACTAACGAACTCCTGTACCACCACGCGACTGAGATATTACTACACCGATATTTCGGTAGTCTAACAGCTTAGCCAACATCATAACCAGGGTTGCAGGCCCTTGTGGTTCTATTTCTAGGTCTTTTCTGTGGGCATACGACACCCGCAAACGAGAGGTACTATGTCTATCATCTCTTCAGAGCTATGTCGCTGCATCGATACTGCGAGCTATTACTGCTTACTATTGCCAAGACACCTGTCGCAACATAAGAAATCACCACATATGGCGTGGGCATACTAAGTCTCTCTGTC,1921,49.3,Drosophila melanogaster
SEQ_155423,AGTCAGGATGTCCGAAGTACCATCGTATAGCTTGATCGAAGCCCAGAGGTCGGTGAATCCTAGGGGAATTTTCCAAAAGGGTAGAACGGCTCCGACTGCATCTGTGTGAAGGCTGCGGTAAGGCGGGACTATGGTAAAACTCCTCCCTTAGCGGGGTATGGCGCGCTGAAAATGGAGATTCCTTTGGCGCTTCTTAAGAATTGTCTAGCCCATACGAGAGGTGGTTGATAATCCTCAAGAAGTTCCCTTTACATGAGCGTATCGGAGCCGTGGAGGCGCGGTACTCCACGGCGAACCGAAAGGGTTTCGGGAGAGGACGTGTTTATGCGCCGGGGGCGCGCTACTATCCTTTAGTTGGAGGGAATACAAGGATGAGGGGGTAAAACTCTTGTCAAAGCAATTACGGGGAGAACCCATCAACACCATTTCCGCTCAAGATCTGGCGGGGGACCAGTGCATGCAGCTATGAATATTGCAGCTATGTCCTCCCATTTGCGTGTGAAGCTCCATAAACAGCACGCGCTGAACTCAGCCCATCTAGACCTTGCGCTGGATGGGGAACGGTTGTCCCTTTTCGACACCGAGCTGGAAACTATATGGTATTGACTGTCAGGAAGTAACCGCGCCTCAAGGTCGCGGAGATGTATGGTCCTTTCGTGCGGCGACG,667,52.92,Escherichia coli
SEQ_286465,ATCGTTCACATCGCTAGCGATCTAGTCCTGTGAAGAGACACAGCATGGCTGCCCACGAGACAACCATGGCTGAGTGAACTACCATGTCGGGGAGACTTCGAAGTACTATCGATGCGGATGAGAGCGTGAGCTTCTCGCTTGCCGGTTGCCGAGTGAACCCTCTCCGGACGGAAGATACCAGAGTATATGCGGGTGTCTACCCTGAAGGTACCGAATTAACTGCCCAGGGCGCTTCGAATATGCGTTTAACAATCTCACTCTGTAAAGACGAGGGCCTGTCAGTGACATACCGCGATTAATCATCAGCCACCCTCGTGACTAGCATATGAAATGCAACGAAGCGCAGGAGTTCAGGGGTAGGCTCGAACGTGAAAAGAGAGGTGTAGCTCGTGGCCGCAGGCAGAAGTCTAACTGATCCCCATCATGCAGAGAAGTCGCCAGTGTTTGAGTACTGTATGTGCTGGCACTTCTGGAGTAATGTGATAGCCGCTTCTCAAAATGAAGATCGCTGCGAGCATCGTCTTAAATTGAGACCGGCCGGCGCCGTTTTCTTACCCGTAGGTGGTGGTCAGCACGCATAATTTGGACATATGCTCGCCTGCGACATGCTTCCTCAGGGTAATTGTATTACCCATTATATTTGATCAGCAATCCTTCCGATTTGGTAACACCTATATGGAAAGCACCCTGCTGTCAACGGAACCTTAAAATCCTGCTTACTAAAAATGCATTGCCACTGCATCGCCTACCTCTAACAGTCTTCTCCAGATCTGGAGTCTTATGGACGCGAGAGTAGGTGACTCTTCTATGTAGCATCAGCCGGGGAGCGAAAGTGCGTTAGTGCGTTGCGATTCTGATAACCGACGCTGGAAGATACCTGACTCGTCCAGATGCGTGCAGTTCGTCTAGGTATGAAAGGATGGGTCAGGGTCCATGCAGCTGCGTACCAATTGTCATAAGTTGGCAGAGGGTACCTTCCCGGTAGTAAATAAAAGGGATGGGGGCTCGATGAGCGAACGATTACTATTGGAGTTCACCACACAGATGTACAGGTTGATTAGTAATCGTCCGGCTGCGTGCCGGGATGAACTGCGCTGCAGAAGTAGAATGCCCAGCCAAAGCCGCTACAACAATTATCTTCAAGACATTTATAAGATGGGATTCCTGGTCGGGCAGAATTTCCCAATAGTATTCGGTGGACGTACAAGCCCTACGGGGGTCGTATACCGACAGGTCCCGGTAAAATCGTCATCGGTACTAAAAGAGTGGTCCCATCACTTGTATTCAGTGGACGTGGCTTGTCTCGGTGCCTTTGTATCTTACATCATCCACCGCCCTACACCCTGAGACCCGGTTTGAGCCGCTTTTGCGAAGGTCGTGGACTTGGATCTGGGAATGTAGAACCCACACTTTAAGACGGTGCTGCGATTCGATGCCCAGTCCAATTGAATCAGCCCACACGCTGCGTACGAGATTTGGCCAGGAGCGGAACTATGTCGGGAAGATGTCTTTGGTCAGATGGTCAGTCGCTTTGGAATATTATTGTTTTTTCTGCCATTAGGGTGATGGTTGTCGACGCGGAGGTGGCTTCCTCCGAGAGGAGCTACCCCCGAAATAACCTAAGCGGTGCTTGTGCAAAGAACAAAGCTTTTAGTAAATACCGCACGATCACGTATCTATAGACCGTTCTCCAAAAAGACAACCTTGAGGAATCTATTAGTCTTGGTTCTACA,1733,49.97,Drosophila melanogaster
SEQ_164457,GTAAGCTGAGATATTCTGGCAGCCACCCGTCTCGGTAGCCGGATACTTTCTCCTCCTGACATTATAAAGTGACCTAGTTTTGAAAGAGTCAAAGTGGTCATGAACGAACCCACACACGATAGACGAGCAAAATTGCGGTATAAAACAACGGTCAATGAATGGATTAAGACGTGAGCGTACGGTCCAAGGCGCATCTGCTGGTATACATCTTGTGGAGTGATACTCCAAACAGCATAAGGAGAGGATGTCACTTGTGGACTATCCCTATGTCTTGTGCACGTGTGGGATCTATTGTAGGAGGGTAGTAGTACTGCGCTATCTAGGCAGAGCCACTTGATGCTTGACATCACGGACGGCCAGATTACAACAACCGGTATTCTATGTGTCAGTCTCCTACGATGGATGACTGTCAACATAAGCACGTGTTGCACCACGATGGAGGCAACGTTGAGGACGGGTACTGCCATTAAAGAAGCACGTTAGAGTGATGGTATTGTGGATAAACAATACCACTCCCTCGTGAAACTAGCTGCTCTATGATACAATCCGGGAAACGTACTCGCTGCCGGTCCGGGCAATCCAGAAAGTTCCAGACTTGTCTATGTGCAAAATATAAGTTCCAATTCTGGCCGAATGGCACCTACCCCGCCCGAACCCGCAGTGATTCGTGAAGTCAAATTTAAATTCAAGGATAGGCCCTGGGCCATCACAGGCACATCCCGTGCAAAGTAAGGACAATTGGACGCCCGGGCACGCGCCTTGGGGATCATCCGGACATGCGACACACTGCGGCGGTAGCTACAGCCATCAGCTGAACGTTAATGGAATTCTCGAACCCGTGTCCTAGTTGGGACTTATCTAGCATCCGAGAGTTTAGTACTCCCTTCGCCCGTGTTACTTCCTAGTTGGTATATGGCCCGTTATTAAGTCGATATGATGAACAGGAAGACCCGCAACATTCATGTGGCGATAGTATAATGCAGCTTATAACAGACAGCACGGCAAGTATTACCCAATAGTGAAGGCACAGGCGTCTATTGCTCGTAAGTATAGAACATATATTTCCGGGAGGTACAACGTTCCGTCTGACGACTAATCAGTGTCAGAAGCAAATTAGCCGCGCTCCCGGAGACTGCGGGCATCAGTGGTTCAGGCGTTGAGCTCTGACACATACGCCGGCTGGCCTCCAATAAAATATAGGAGATGAAACGAGCGAGTGCTGAGTGATGAGGGACAAGTTCTAGACATCGTCAATTGCTTACAGAAGTGTTAAATTTAATTGCAGTTGTCCCTCAGTATCCTAAATCTCCGATGCAGTATCCTCGGGTGATTGCGATCAATCGTCCCCCAGTGCTGCGCCGTCATTATAACATATAGTCGCACCTAGGTTTTCAGATGCTTATTGACGTCGTAGTCCCAATAGGTGTGCGCACGATATACGGCGTCGCTCCCGGTCCCGGACAGTTTCTCGCTTTCTTGAGCTCTCAAATGACAACCTAACCGTGGAAGGATACGCTATAATCAGCCGTAGAAAACTCTATCTTCGCTTCGTCTGTAGATAAGCAGGACCACTGGTCATGAATAGGCTCCGCCATGGATTAACCCCACGCGACTTTTGAACTCGTCCCGACGCTATTAGACCAAGGCGCTCGCCTGCGTCTTCGGCCGGCCGTTGACTGAGACAACGGCGGGAAATTTGGACGGATGGTAAGTGCCGCGTCGCAGTGATAACCAGGGCAAACTAGTAGCGTTAACATCTGTTAAAGATCCGAATCGTTTGTAAG,1784,49.16,Arabidopsis thaliana
SEQ_325556,GCCTGTCTCTGATCCGTCCCGACTGCCGTAATCAATGTCAAACTATCTAAGATACCAGCGACTCGTCTCTGGGATGCCGTACAGTTGTCGGCGTTAGCAAGCCTAGCTTTGCACTTCTAGTCCAACTTCGGGCTGCTCTCTACTCGCGTCTGATATTACTGCGTTCACTTTCCTAGTTCACGTGCGTGGGGATCTGGCGTCCTAAGAATCAAGAGGTTATTGTTTCGTGAATCATGGTGGTCCCTTATATCAGTTTCGCTCTGCTGATTGCGACCTGTTTCTAGGCATGACCGACATCTTGATCACAGAAGTCAGTCCTTGGGTAACGAGCGAACATAGTGGCCCTTAGGGGCACCGGTGCCTACAAGAAGGGACACCCGACCTCGCCAATATAGAGTCGATTTAGCTGCGTAATGACTGGACACTCGGGGATGCGGTAGATTTGTCGGAAGTACGCCCTACGATGAAAGGCATTTTTTGTACGCGGCGCGTCAACGGTGGCAGAGATCGTCTGGAACATTCTTGCGGGCATGTATCCATCACTCCCACAAGCGGAATGAGGTCGCTGTATTTACACCTCGTGGACCGAAAT,592,51.35,Drosophila melanogaster
SEQ_180411,GGCTTACGAACTCCACAGGTCACCAAGACACTGGAGGGATTATAAGCAACATTATACTAATTAAGGCCCATTCCAGTAGGCTCGATTCGAGGTTTGTGGCGGAATACCCTCGCCAATATGTCTCGTGCTCTAACTTACCGCCGTTTGTGTATGACAGACGTCGGAGGAGGTTTTACCAGCTCTAGATCGACCAAGGATGTGAGTCCCAGGCTACCTTCATTATGTACCTCCACACAGGGTACCAACTATCGAAGCGTTGGGCAGTCCGACTTTTTCAAGTGAGATTTCCAGATAAACTGGGGCTTCACGAGATATAGCGACGCGTCTCGCGCAAGGTGTCTGCTAGAGCGAGGTAGTATGAATGGATAGCGATTGTAAAAGAAGACAGGCTAGTGACCCACCACTGAGCAGTAGTAAACAGCATGCGAGTCTTTAATCCTCATTGGCTATGGCATGGAATTCCCAAGCCTGTATGGAAAGGTCCATAATATCCTTGTCCATTAGTTTAAGCAGTAAGTGGGAGCGACCCGTCTAGTGTACTACATATTCAACGTTTGTACTACTCCGCAAGGGGCGAGTTGCGATTTAATTCCTAACCACAACAATTACACTCCGGGCGCCAACCAGCGTTTCTACTGTTCAAATTGCCGTTTTTACTGATGTTGTTCAGTCTTGTTGAGCGGCCTTAGTCGGGGCAAACTTCTGTGACTAAGATCTACCCCGTGCGGGGACGCGCCTTGGGCCCCATTTTTTTGACCACCCATACACCTAAGACCATGTTTTTCCGGGATTTTTTTTGGGTTATGTCGGATGCTGCGGAACGGAGCAGGAAGGGTAACTCGGAGAAATGTATGTTATCGGGCCGTTGCGCGCGATGAGTCGGTGCATCAAAAAGTTGGCTTGCCCACCCCCTCGCAGTCGAAAACGAGAGCAGACAGGTGAGTGCCAATGATGGGCACGAGGCGAGATAACACATGACTTATCACTACT,990,49.09,Saccharomyces cerevisiae
SEQ_801627,CTCGTCCTGTATACGGGGGATCAGTGCTAACGTCAGGCAAGCACGTGACTTGACCTATAGATAGCTGACTCGGTGGAGTACTAGCATCAAAGGACTCATGTCTTGTTTC,109,49.54,Mus musculus
SEQ_523849,GTCGCGAAGTATAGACATTTGTCGAATCCACCGATTAAGTACGCTCGCCAGGCCTCAAGCGGCCGCTTGCCCTTCCCGTTGGGGACGTTTTATTCTCTGTCCTACCAGAAATCGCTTACCCCGTTTCGCGCCTTTGATGACCCCTTCCGGGCTAGTTACTGCTTGTGTCATCGCAGTACACCAGGCAAAAAAATAATCGCATTCAGCTTATCGAGGTAACAAGGAGTGCACATTTCCCGAGTAATACCCCCGAGATCGGGGTCTACCCCCGCATTCCGTAACCCAGGTGTCCCTCTGTGGTAAGCTCTAGTGTAAGCAAGGGAGACTCAACTACATTCGGGTGGGAGACGCGTAGAATAGTGAGAGATGGGACAAGGTTTTGATAGACCCAGGTTAGAATTAATATGAGTTGTCGGCCAATTACTTTGCTAAATGACCGCCTGGTCCCCGAATTTTCTGCTACCGTATACCGCGCCATCGATGTTTGTATCCTCTGAAACAGGCGCGGCATCGAGAGGTGTGGGGGCGCCAAAACAGCCATCGGATGAATGTTACGTTACGGTGAATATTCCGAAACTACGTATCAGAAGATTTATTGTATATCTTTTTACCCCTTCTGAGGTCTAATGTAATCTGCGACGAACTCAGAAGTTTTTTCCGAAGAACTCCGAGCACACTCGGCTTGTAGATCAGTTGCAATCCTACGCCAATGATCACAGTAGTAGTTGAGTATACTGTAAACCTACATTGAATAATGGCAGCTATCTCGTCCACAAGGGGGCTACATTCGCATGTTCACATGTTTTGACAGGAGCCTCAGGGCGAACTACGTCACATTCGCAGTCGTTGAAGCCTTATCAAAGGGGAGGAGTCTTAAATGCGCACATTGACCCCTGGCTCTATATATGCGAATAGCCGTGGGATGAGGAAAGGTGAATGGCTTGATATCGGAATGGGGTAGCTAACATTAACTCGTGTGCATGCAACTTCTACAGTTGTGAACCACCGTATCATGTAAATGCACTCCGGAGGGTTGTTTGCTCGAAGGTAAACATTAACGGAGAAACTTCTTGTGGTGATGCCGAACTGTCGGCCTCGACAGTCAAGTTCGGATACTGTTCATGTCCCCACGCGACAACAAATCCTGACACCCAGATCGCTATTGTTAGCTGGAATTAATTGACACGTCTAAGGATGCGTAGCTCCAGGTCTCATCCGTCTCGTCTGTTAGGATTGGTAAGTTAGAAATCGCTTTTCTCAGTTGACTAAACGTCTTGTTCGGTGATCTCATCCTTGTAGGCGGGAGTGCCTAGGGTGGCACGGTTTTGATGGCGGCCAACGAACTGGGAAACCAGGTGGATCCGAGAAGGCCGCATACAGCTTGTGTACTCGTCCACGTGACCTGTATAAACCGGGGGCGGTGAGGTAGTGAGAAAGATCCATCCGTAAAATGTTCTGTTGAGCTTCCGATGATGGAGTCGCATTCATTTGTTAATCAGCCTTGGTCGGGTAGTTTACCCATAAGATATGACTCTTGCTTCCCCTACAGGATGGCCTCGA,1560,48.65,Caenorhabditis elegans
SEQ_245624,AGGCAGACGCAACGTATCTGACTTGGCCGCGCCAAATTACAAGTGCCTGTTGGGAAGTTCCTGGCGTCATGAAAAGTTGGAGCCGTAACACTAGAACGGACATCTAATGCGGTCAACGGCAGAAGGCCTGGGGTCTGATGCGTGTGAATAAAGCATTCGACCCTATTAGTTAACGCGTTGGTCCACCTATGAACTTGAAGCCGCAACAAGGTACGTGAGCCTCGCGCTACTGTACCCCTGGCGGCACTAGGTTACGAATCGAAGTACTTAGTCATCTCGCGCGGGCCTCGACAATGAAAAGCGTCTCAATCCATTTGCCCTAATCGATTTGGTCACGGCGCAAAGCGTCACATTGCAACTCGTATCTATTGCGACGAATGCAGGATTCGCTGGATGAATATCCTTCATAGATTTAGCAAACGCGTTCTCTTGATTTTCCACTAGAGGTTCCCTTGGCGAACCGAAACAGTGAACTGCCCTCCTCGTTTAGATAGTGGGGAGCACCAATTTTAATGTTTCACCGCAGGTGAGATTCGTCGGCTTG,544,50.18,Caenorhabditis elegans
SEQ_468305,GCGCGGAGCAACGAGCTACGGCCTCGGTATGCTGGAAGAACATTTTGTAGTGTGAACAGTTGCGCCCTTTGCCTAGATGGCGAGTATAGTCATATTCGACAGAACCGAGCCTAACCTCATGCCTCCGCTCAGCCCAACATAGTTATCCCTCCTATCGCCACCTGCTACTCTTTCTACAATAACTTCCGATTGGAGTTTACAAACTATGCGTAGACTTGAAGTTGCTAATTGTACTATGTCGAAGGCCAAACTATCATGACGCTACGGTATACAGGGCTGTTGCAGGGGGTGCACCAAGCCAGTTAGGCCTTGCGCAAGATCCATGGTGATCACTGTTGATTACTCTTATACTGTATCGACCATACATCCGTTTCTTACGCTCCATTAAATGTCTTGTCAAGCTTTACCGAGGTGGTTTGGTGGGAGCCACGTATTCCAGCTCAATCTAAACAGTTGGCCAGCGTAGCTTAAATTCACAGGTCGTGAACGATTGAGGATCCAGACCCGAAGGACAAATAACCCTGGACCTGGGATAGGTCAATATGTTAGTACTTCATTGTCCCTTGTATTTGACGTTTGTCCGGTACGTTGTTGGGTGAATTCCCTGGGCTTCCATTTCGAATGTGCGAAAGCGTATCTTTCGTCGTCCAAGGTGGGGAAGGGGTGTTAACCTTAGGTGTCGTTCATAGGATAACGTTATTGTCGTGCAAGGTTCCTATTTACTGCGGTGTAGCTACCATTGCAGGTAATACGTGTATTAGGCCTGGGAATACTGACCATGGTCGGTCCATAGATGACTCAGTGGGAAATAAGTAATAGCAGCCTTGCAAGCAGAAACTGCCGTCTGACTATCCTTGCTTTATTGCTAGTTGGAGTGAATAAGCGTCTCCGTTTTCCCTGAACGTTCAAACGAAACTACATATTACCGCCCTGATATGGACTTATTCTGGGGATCCGCCATATTAGCCGACCTGTCGAATAACAGCCGCGTCTTTAGAACGTGTTCGTTGTGCCTAGATATGGGCTGTCAAGCACCTGGAAGAAGGCGGCATGTGAATCAAACTCTAATATCCGCATGCTTCGCGCCCCTCTCGGCAGCCGCGAAGCCCGGGAGCCTTTTCATACTTTCTTTTCACACGACGCGGGCGGGTGCGGTTAGATTTGAAACTGCTTGCCGTGGCATTTATGCAGGTATTTGAATAACTGAGTACTTTTGGCGTACTGCTGGCGCAGTGACGCAGCAATCGTTGCCGTCTCCAACCGTTTACGGCTCGTTTCTAACGTGCGAAGCGGTAGTGCAACACACTCAGCGGCGCACTTCGTTTGCTACAGGTCTGGCAGTGGCGAACAGAACGACAGGGGGACCGACGACATGTCGCGCGCACAACGTGGTCACCTATAGCTCGCCAATGCGAAGGTCCGAGCTTGTGGTGAAGCAAAGCATCCCCGAGGGTAAATCGCTAGGTGATGTTTTTGACGTCCAGTCTCAAGGGGTAGAACGCAGATGGTCAACTCAACAATGCTTAGACTGTGCCGGAACCCATGTGCCCAGGTGCCGGGCCTTCAGCATCGTGACAGCCGTGCGTTTTACGGACGTTTTGCCGGAGTTATTCGGCATGCTCAGA,1625,50.15,Homo sapiens
SEQ_980516,GAGACGGGCCAAATTAGGCATGGCAAGGGAGATTCTAACCACGATCGAACGCACCACTTTACCTTTTACGATGTATCCTAGCCCTTCAACCTGACTCCATCTCTGACAAAATGGGGGTAATAATCCTCTACATAATGGCTGGCGCACTAACACGCTAGAGGTTGGGTTAAAAGTCAGTCCTATGACAGCCTTGAAAGCTGTTCTGTCTGACTGCGCTACAACGAGATGTCTCGGATTTGCGGCAGGGGCAGGAAACTTTCTGTTCCTTCTACCCTTACAACCCCATGTGGCATCACCGTCTGGCAGGGATACTCCTAACCCCCAGAAGGTGCGACGGAGAGTATCGCTCCAGATACTGTTATTCTAGAGGGGGAGAACGCAAACAGTGTCACAGTCCCGCAGCCCCGAGCTTGGGCAGTTTTGAATATGGGCTGTCGCCATAAAGAAACCAGCCGGCATCCGCCAATGGTTACGCTCATTACACACGGGTGCTGAAAGTAAGTCTTTTAACCGGGTTTTATCCCTGCACAAGACGAAGCTTGAGCAGTAACATACACAACTTTAACGAATGTAATTTACTGTGACTGGAAGCGCGCTGTGAGTCATCTTTCAGCGTAGGTTCCGGACATCCTATAAAGCTGTACCGCTTCATGCTACCCATTCCAGCTGAGACTCAGCGCAATATACCTGGGGCGCTAACAGAGATTGGATGACTTGGCATTCGTCCGACGTCTTAAGCGCAAGCGGAAACGGGCGTGTCGTGCCACAAGCGATTGCCGAGCGATCTCTCGAAGTACACCACATCCCCGGAGGCATTACTGGTTGCCGATCGTACCTACACTCCTAGCAGGGTCAGTAAGTTAAGCCCCGAATAACGTTTCCTGAGATTCACCTATGGTTTGTGCTATGCGATGGGGGATGCCCCGGTCACGGCGTACAAAATCACCTAGTTGACAGCTCCCCACCAGACGCTGACGGATGCACAACTTTGTTGGTGAAACCCCACCGACGGAGATCGAGCCACATTCCTCTTTGTAGCAATCTAGCTAAATGTGTGAAAGTGTCTCGGGGCAGAGAACCTCACGGCGCACGTGGTCGCTAACGCACTGCGAGAGGAGTCTGATGGAAGCGTATTGGGCGTGGCATGTAAGACGATGTTCGCGGACAGCGCCTCACGGCTTATAGTACTTAATTAAATTTGAAGCCAAAACATTTTCTTCCTATCTAATACGTAGGCATTGTGCCGGGCTAAGTCCGGTGTAGTCTCTCCAAGTAACGGTTGGCCAGCGCCTCGCGAATCTAACTTCCCACCTTGATTGGCTGAGCAAACTTCGAGCATTGCACGTAGTGCCCGACATTGCAGCTATCCCTTAAGCAAACGGTAGCGCGCGTGTGATTACCCGAATGTTCAAGTTAGTGACAGCTTATACTCAGGGGGCCAAATGTCTATGTCAATGAGTCGAACGAAGATCGGGAATCATCTGTCCTGTAGCGATAGTTCGGTTCCGATTTGTTCCTGCAGAGAGAGTAATCCGCAGAAATGGAATTGACTGAGAAGGAGTGCAACGATTAGCCTCTCATGCGAATAACAACAATCTATACCTAATTCGGGAATCATTCAGAATCACCCGCAAGCCTTCTATACCTTGTGCCCTCTTTTTTTACTCTCAGAGTAGGATGGACGGTCCACAGGAATAGCATTGGAAATAGAATCCGAGTTAATACGCACATATCTTTTGAGCCTGCTTCGGTAAACCGAACAGCTACCTAAGCGGCGTCAGTTTGCTAGTGTCGCACGCCGTGGCCTAGGCCTACCCGATAAGTACGCAGTTGTAACCTTGCTCCGGCCACGCAAATGAATCATGTGAATGCGGCTTTGGATGTGAATTCTGATTCTGCGAGGTGCCATACTAATGCGTCGCATAGGTTGGC,1932,50.16,Homo sapiens
SEQ_818600,TTACCCATACAGCATTACGGATGTCTCCCACGCCCGCGGCACAGGACCTGGAGGTATGGCGACCAATGCAACCTGAGTAAGTACAACCAATTGGTGTGTGGGTTGACACGCGCCAGCAGATGTGAAGCATAAAGTTTTCTCACATTCGGCTCCTCTGCGTTTTGATTCCTGGTAGGCCATAGGGTCCCAACCACCTAGCGTGCTCGGGCCTTCCTTGCCCATCACCCTAGATGCTCGGCGAACCTAGGATAGGGATGGGCCTCTGTTGATGCGGTGCGGTAGAGTCGCTTGTGCACCTCCTTGCTTAAACGGCGAGCGACCGGTAAGATCACGAATCCGCGACTCGTTTTGAGCCCACAGTATTTCGCACACAGTCCAGACAAGTTAGACTCGAGATCCTGTTAACGATACGCCGCCCACCGCTTGTCGACTTGGTTCGCGAGCAGCACATCGAGTCTGATGACCCGCAACAGCGGTCTTAGTGTTAGATTATTACTGGAAGTTTCCAGCTGGTGGGCAAGGCTTTGTGTCTTTAATCGTCCATTGGGGACACCTGGCTCGTGGAGCTCCCCGTTGCACGCCGGGGGATACTCACCACTCGTTTTCCGGACGAAGCGCTAAGGGCCGAGATTGTAATAACGGGATTGGTAGTGCAGCGAATAAATGCTGATGGAAGATCCTTGTGTTCCTTCTCGGGTTTTGCGCTGAATAACCAAAAGTCATTCTTTAGATACCTTACTGTCCATTCCCGCCATGGTGTCTGCCGTTTGTGCAGTGGAGACGGAATATGACAGCAGACGTCACAAGCGCTACGCGATTG,820,53.41,Arabidopsis thaliana
SEQ_139133,GGTGCTTCATGACCTTTGGTGTCGCCTGGTGTGGGTATACGAATGGTGAAGACACGCTGCGCTGGGTACGACAAATGCTTAAGAATAATAGGTGCCCTGGTAGTGTAACCGCACGTTTCATCCGCGTTAAGTATACGTACGTCTACGCGAGAATTTGCAATATGTGACGTTGCT,174,48.85,Saccharomyces cerevisiae
SEQ_322212,AATATTGGCTTACTATTAATGACCAGGAAGGGCATGCGGGAACGTATCAACTGGAGGAAGATCTCGCAGAGGAATTCCTTGATACACGGCGAGCTTGATCTTGCATAGTATAACCACGCACTCGGTGACCCGCCGGCGGGTATCTCGGCCCCATATATTGTGCCAGGCTAATGCGGAGTAAGCTTTACCTGGCAGTCCTCTGTGCCGGAGGAGCGCACTAATCCAAGTTTGAAACCAAAGTCTTGTGATGGCCGCAGAAATCGTGCTAGGCACAGCCCAACAACGCTATATTACTATGAGTATGTTCGTTACTATAAAGCCTGGGGGAGGAATCCGGGGCGTGTCAGAAGAACGCCATTGTGCAAAGGTTATGCTCTGGGGTACACTTACGATAAACAAGACTTTTAATCACTTTAATTGTATGCTCGACCCTCCCTTCCTAAATGGGCCTATTCAAGACGGTCAAAACGGTATGAGGGTACCCGTTTGACTGGGAAGCGGGGAGGGCGTCAACGAACTCATGGCCACGGCAGAAGTAAGACAATGAAGCCACCTTTTCACAGCTGGACGTCTTGGGGATCATGAATAAAGCGTTAAAAGACGGCTTAGCGTGTGATTGGCAAGTAAACCTT,632,49.21,Arabidopsis thaliana
SEQ_476157,CAATCTGAGTCTTATGGGGCCTGGAAACTAAGCGTCACCCGCTTGCTTAAGGGCATTCTCTAGAACGCTCTCGAGAAGGTATATCTAGAAACGCCGGGACACATAGATCTTCAAAAGGAAGTTGATCGTGGCTCCGGCTGGTGGTACTACGTGCCCCGTATAACCGGTAGACAAATACTGTCCAGCCTCGGAACTCGCCTGGCGAGAAGTCGGCTCCTTTCGTACAACATCTTCGAACATTGAGGACGCCACAGTAACTCTGGGGTGGTCGGTCCCAGAGGAAAGATTACATCGTTTTGCTTACCTATGTAACGGAGGCAGCCACTGCGGAAAAGCCGTAGGTACAGGACGATAGAAATCGGTAGTCCGAACTGTATCTTGAATGGAACAAAACCAAAGTCACCACGCGATGGCGGCTAGCATCTGAAGGGATGCTGAGTCGCCGTTCATAGCTGGGTTAGTTCTAATCAGGTAAAGTATAGCCAGTTTCATTAACGCCTTGGGCGTTAACCTCATTTCGCAGGGCCAGCCTACACATCGGCGGGCTGGTTCCCACATATAGTGTAAGTAGGGGTCAACAAGCTATAATAAACAAGGGGGGAGCCCGATGTACCCACCGCTTTACTGAATCCTGTGTGGGCTGAACCACGGGGCGTGTTGGGCGAAGATTCCATAAAGCTAAAACGCCCAGATGGGGAGCTCAACCTTCGACAGGCAGCCAAAATTACGCGTGCGGCCCATTCAGGTTCTGGCTGAGACCTGAAAGCACGATATTATGTCACAC,784,51.4,Saccharomyces cerevisiae
SEQ_671159,CGGAGCACCAGAATAGGCGCTGCGTTTCGATGTTATGATATGCGGGCAGAGGTGATCGTAACGCTCACATCAAGGACCTATAGACCATACTGGTCAGTTGCAGCGACAGAAATTTGAACTTTGCCGCAGTCACGTCTGGGTAATGCCCTCCCGGGGTTAAGACACTACTGTGTACTCGCGAGACCTTGCCGTTGCTTTTTACATTTTTACATTACTAAACGTTGGCCGACCTAGCACATATCTTACCCTTGAAGACGTTCTGGTAACAACAACCAATGGGAGGTCAACAACGAGGGGCAACAGTAAAAGCGTCTAAGTCAGCCGAGAGCGACCCTCCTAGGAGTATTGCAGCGTCGTGCTAACCTCGTACCGTTAGAGACATTCTCGAATCCGGCATTATACAAGGATCAGTCGGATGAAGCGAGTATCTGGCCATAGGACGAACCGTTGCACACTTGGGTATCTTCGTCAGCAAAAAAATTCGGTCGCCAATTCAACTTTATGTTTTCAGGTGCGCAACCGAAGCCAGCGAACGAAGGTCTGTAGCGCTTACTGAAAGTCCACTAATACCGGTCAAAAGAACTGGAAAAGGTTACTGTGTCGATCAACCCACTAAGTCCAAGAAAGTGTCCTGTCAAAGTTGGTAAGAGTATGTTCCAAGGGTCTGGATGAATCCTCTGGATTGTACTACTCACTAAGGAAAGAGGTGAATATGTCGGGACGCTGGCCAGAATAATTCAAGCCTTGTAGGCGCACTCGCCCTCGCTGCAACTATTGGACACTATACCACAGCAAAAGGGAGAATCAGGCACTCGTGATAACAGCGACTAACCATACGATCCATGTATCTATTTCGGCAGCTCGAGAGCCCGTTATTGCCTTTATGGCTGCGTGGATCATACATTAAAGAGCATCTATTAATCGACCAACGCGATCGATTGCAGTAGACACGTCTCTCAAGAATAAACATCGATAACGTCTAAACCGGTCGAGTTGCTAATGAATCCGGAGAGCGTCTACCTAGGATCTAACGTGTTAGAGCCAGTCGGAGGGTGATTCGGTGGATGTCAGATTGACCTCCCTCCAGACGAGGGCAATAAAGAATCTTACACCTAAGCAACTGTCGCAAATCACGTTATACAATCGAAACCACTTCAGCGCAGGCATACTGAATTATGGTGGTTCAAGCCGTCCTCGACTCATTGAGGCAGATCGGCCAAAATTTGCTCCCCATGGTCAGTATGTGCATGGGTGGGCAGGAACGCTGCAGATCTGGGTCCCGCTCTTGCTAGTTGCTCACCGTCACTTCAGGCGGTCCCTTTTACGGGCTACCTCGCCCGACCTACCCGGTTCATGCTAGCATATGTCAGGAACTGTACGTGTAGGTATCTGGGGCAGGAAGCTGGTAGAAGGCTCTGAGTAAAGGCCGCAGGAAGTTCTGTGCGTCACCTTCGGGACTTAAGTGCGCACTATCATGAATCGCTGGCCCCTGATTATGAATGTGCTTGTCATCATACCGTCGGATATTCGTTACTCGACAGCAGCATATGGCATTCGGCCATATCCTGTGGAAAGACCTGATTGAGTCCGAGGGGCTGGGCTCAGTGTCCGATTTATCGTATATGCGGCAGACTAGACACCAGATGTACGAGGGGGGTCATCACAGTTTGCCACTGAAGAAAAGGAAAGTGCAAACAACGATTGTCGTGGACTTACAGGACAGACTCTAGCTGGAACTTCCCGTCTCCAATCTTCGCTATACTAAGGGAGACGTGATTCGGCCTATGATTCTTATCATCGGTGCCACGAGCCCTGCAATACGTTACACCCTGACAACCCCCGAGGGATCCCAAAATGACTCGGATGTACTATGACCTAGATCACAGTGGTACGATAACTTCTGCGGGGGTCGAAAGGCGGATGATATATACTAAGC,1936,49.38,Saccharomyces cerevisiae
SEQ_727297,TCGTCACGTGTGTACAGACATTGCTCACGAGCTGGAACGATAGATTGTAGTGCTTTGTATGTAGAATTAACTAAGTCCAGCATGCTTTTTGCTCTGATCAGACGAGCGACCGCCAAAGTCTTCTCGATAGGACAATGAGGATCGAGTGCAAGCGCTCGAGTTTTCCCGTCAATTTGATAAGAGCCCAGTTCTGTCAGGCGCTTATTTCGATTCTAATTTTAGGGCCTATCTGTATGGCACTGGAGCTATCCAGTGTGGCAACCGCCAGCAATTTAGATGAAGGTTACGTAACTATATTGCGGCATTCTAGTAACTAGTGCAAAATCGACCCTCCCCTATATATTAAGCCCCGAACGTCACAACCGTATTCGCGCGTCGACCAATTTACTCATGGGCTCATCCCTCAGATTTTTGAATGCCGGTATCAGAAGGATCGCTCCTTCCGCGCAGCGACACTTATAGGCAGACCGCCGCGTGCAAGCCACCTCGCTC,492,48.58,Mus musculus
SEQ_168323,GCAAGTGAGGCCAAAGTAAATCCTAGTAAGTTCCGAGTCGTACTCCGAACCGGGTCGATATCAATGGCAGCGTGCAATATGGCCGTGTAACCACTGGGGCGGTCTTGCTGGTGGATTTTGACTCTCTAGCTATGTCTATTCTACTTAGTCTTCCGAGCCGGTCGCCAAGATGAGCCCAGAGTGACTTTCAATTGAGGGTTACAGGGTGCTGCAGTTCGGGGGCAAAGGGATATACAAAATTCCCATTACAGTCGGGTAACTTACCCGAGCTGAAACTACCTGAAGATGTTCGTCAGCGGGTTGATTCATCTGCGTAGCTGGAAGATGATTGCCGACGGCTAGTAATAGCCAGAGTTGAAAACATCTTGAGGTGCCACGGATCATCATTTCATCATTACATGTCCTCGCTGTTAAAGTCAACGCCGTAAAAAACTTTACATCTCATATTAGGGTGATGCCCTGTAAGGCGGTCCCAATTGCATGTATTCAATAATAGTGAGATAGTAAGGGGAGGACTCACACTTGCATGGCCATCGGGTTCCCTGATGGTTAAGACTCAGCATATAGCGCACTATTATTGGTTCGACCCCTACCCGCGGCCGGGAATTGCGCTCATAGTAGATGTCGTATAGCCGGCCTGTGCACTGTAGATCGACAGGTATCAATGCAGTTCCGACCAAAGGCTTGTTAGATTATGATCGCTCTACCGTGGATCATCGCTATAGCGCCTCGTACCTCATCCGGTCGTGCATGAAATCCGGAGGCTGCAATCACAAGAATTACGGACTCCATTAATCAGCGATTTATTTGTATTTCTCATAGGGTCGGACAAGCACACTACTGGAGTATACCCAGTGCAGCAGTTAGGAGTAGGCGCTGCTCAAGCTCATTCAGGAACACACAATGCCACGAGATGTAATAGGCAAGGGTCGACTTTTAGGATATATCAAGGAGTGCCAGGGTGAGGCAACATGTTAACCGAGCGAAGGAGGCCGGTCCTTCTGGTCCCCTCTGCCCACGCCCGATGCCCGCAATGAAAGCGGCATCATTGCTGGCTCCTTTATCCTGGCATACGGAGGGGATTTGGTGAGGATATCTTGGTGGGCCTCAACGATCCGTTGCACGCCTTCTGTGTTCACATTCCCGTCGCGTACAAGCCCAGAGTAGTTTTCGCGTGAAAAAAAAGAATACAGTGAATCAGGGTGAGTACACGCCCAACACGCCCATAGCAGCGCCCTTCGTCCTGCATTCTTTTTAGTATCAAACGCGAAGTATAGTAATGTTAAGGTGAGACACCGATTACACTGCATGGTGTCCATACTTGCAGAAGGGACTTTGCTTACAGGGAGATTGATCTCACTAAAAAAACAACGCTGCCGTGTCCGTGTGGCGGCGATCGCCCGCCCTTAATGCGAGGAAGATATCGTTAAGCTGCTTTCGTACATTGGCAGATTGTAAAAAAATCACTTGAGCCCTCCTACAAGCTAAATTCACTATAACTTGTTTTTAGCTAACATGACCGCCTGGCCCACTCCCCGTGAGGCCACTGCAAGCAGAGAACGAAATATTGTCCTCACTTCTGAGCCACAGGCCCTGATATCGGGTGAAGCCAACTATACTGAAGTCGTTTCGATAAGTTGACGGTGTTCATCTGGGGAGACTCATCTCCGCACGTCAATACAATGATCTCAGAGAGCCCCGGGGACTTGCGGTACGCGGTCAGCTATTGCCAATGTGACAAAAGTTATCCATAGGCGGATTTCTCAGGTGTACGGAAACGTCGCACACGTAGCCTTCAAATCTAACGGTCAACTGTCGAACGGCCTCGCCCGTTTAACTCGTATCTAGCCGTATTGGGA,1859,49.44,Saccharomyces cerevisiae
SEQ_218126,TATCTTCTAAATCGGTGGTCGAGATGGAACCCGGCCCGGCATATGCACGGATCACAGCTCCCGGAGCCGGGTGATCGACCTGACCATTGCAAGGCAGGACACCAGCTAAACTAAACTATAAGTTTTACTCGCGACCCATAGCTCCTCTCACCCAATATGCGGGCTTTACTTCTCGAGGCACTAAGAGCATCTTTGATGCCTCACTGAGCA,210,52.38,Mus musculus
SEQ_706393,GTTTACTCTTATAGATGCATCCCCTATGAGCTCTCCTCAAGCTTCTTGGCCTTCAATTGCAGGGCGCTGTACAATGTTAACACAGGAGTTTACATCAAGTTGAAGTCATTGAGCTTTTTTTGAGACTAAAATTGATAGCCAGCGCTAAGCGCTGATGAGCCAAGGTAGATGAGGGACTATAAAGTCGGGATCCATCCCCATGCTTTCCAACCTACATGTGAGTTTCTTGGAGAATGGATCTGTGCTTAAATGGACTGCGAGTACCTGTAACCACCCAATGGTCGCAATCACTCATGCCGACGCCCGAGTGGACGGCTTCCAACCTGTTCACTCACCACATCTTGAAGCAGTCAGAAACTGTATCGGTGCGAAATTCCTTGCTGGGAGACAGTACTGTATCCGCTGTTCTACGGTTTCCGTATAAGTTCAGTGTACTTGATCCCTTAGTCAGCATCAATTTACGTCACCTATCCATAACGTTAACCCGCGGACCTCGGCAGACAGGAAAGTAGGTGAAACGCCTGGCGATTAAACGGGAGGGCCAAGATTGAGACGTGTTTTAGCACGTTTTTATGTTATGTCGCGCAGATAAATTTCGAGCGCCGTACAACCGCTTATGTGACGGGATACCACTCCGTCACGTGTGGGTGCCCTGTCGATGCGTCAATGGTGACTCAACGGGGATGCCATGGATCAGAATCCGCCGAAAGGAGGCTATGGAGTGGGTCCAGCAAAGCTCCAAGCCCTGCGGGATTATGGGGCCATGGGTGCATCCCATAGGCTCGGTCCCTAAGAGTTGGCCAGTATGACGTAAGGCACGGGGAAAATTCTCTCATACCGCGGAATCTGTCTCGCAGACTCAGGCCTATGCCTATTCCGGTACAAATTAACCGGCGGAGCTTAACCCCAACCTTCAATCTCCTGGTGTTATTCGTTTATACAGGGGGGCGGGTCGGGTAGCGTGAGCAGCAGACAGGTGTTGGAGCGCGTATGAGAAGAGCGCAGATGCAGTGACAGGCGTAGAGACATTTTACGTACCCTGGGCCACAAGCAAGTGTAGCCCTAGAGTCTTCGCGTCAGCGTGTCAGCTCAGTTGTTCATCCGGAGTATACGCGCAGGTAACAAGTCTCGATAGCACGATGGGTCGGCATGGTTCAGATCGCGTAGCGCTGGGGTGTTGTTTGCATCTTCTCAGACCCTTGGAACGACCAGTGCCCCTGGAACGATACGGTACGCGTAGTGGTGATCACTAACTTGGCACGTAAGTAATGGGGTAAACAATGCGCAATTACTTGAGGACTTAGAAATCGTCAATTACAGGCGCTGCGAAGGGCTATTTCTTATGTTCGTGAGTTGATCTTTGAACCGAATCCGGATCGGCGATGACATTCCAGTAGTGTGGTACTAGCCTGAACGAAGGGTGCACCGGTAGTGTTAAGAACAGTCTTACTGAGCTGCTGTTGACTCTGCAGGCGGAAAGATGCATTCTTATATACAGCTCGCCGGAATAAACTGTTTCATCTAGCGTTGTGAACATCCCCTATCCCGCCTGACGATTTGTAGCTAACACCTGATGGCTATCGGCTCTTTACCTACACTACTGGCCCGTTGCGCAACAACGTTTCGGCCTACTTGGTGGCAAACCATAGGATTTGATACAGTCTCCAGATTGACAGTGGCAAACGGATAACCCTTTGATAATAAGATAGGATGG,1714,50.18,Escherichia coli
SEQ_723009,CATAAAAATTTCTTAAGCTCACGACTGCCCGTATATGCTGATCCCTTGCGGGTGCGGAATTGAATCCACTGACCCTCATGGAACGATGACTATCGAAACGATGGTAAAAAGTCCGGATAAACATAGTAGACCAACTGGAACTGTTTTAAATCCTATGGTAATAGACATAGTTTACATTACAGCAGAACTCTGTTTTAGTTTGCACCTTTTCAGGGGTACGGCTAAAATGGCTATCCTCATACTCGGCGTGGCACGACACCACGTCATAGGTGTCCTTACGGGACCCCCGTCTAAGCACATGCTATCGGCGATCTAGAATTGCACTCGCATACAGGTGGCCAGCGCCTAGTCCTATCTGCTAGGAAACAGCAGTTCCCCTTATGTACTGTGGGGCAAGGA,399,47.12,Drosophila melanogaster
SEQ_387624,GCCGCAATGAACATGAGACTCACAACCTCCGCTTCCGGAGTGAATGGGGACTGGCCAATTTTAGGAGGAAAACGTGATAGATAAATCACATGACAAGATCTTGAGTTTACCTAGGCTTCTAGGTATCTCAAACCGAGCATCCGTTTGTCTTCCCGATTCCCGAACAAATTGAAAGCGCGCCCTGTAGTAAATCGCCGGTTGGCCTTGCATCATTAAGGCCCGTGTACACGATTGTAAATTAGGTCCAAAGAACAGACGTGATTGTTCAGGCCGACCTGGTAGGCATACCATGTATATTAACTTCATCCCATTCTAACAGAAAATAGTAAGTTAACGCTACCATCGTCTCCCAGAAGTACTGTTAGAGCCCGTAAAGGGCGTTAATAATAACTACGGCAACCAGTCCTCTCCAAGGCTGCTCAGTTTACCATCCCCGGCGGTGATGTGATCAAGCGTCGTGAACATCAGGTCGTCCTCCCTAGTGCGACCTCTATTACTAACATCCATACATGACGATTGACAACACGAGAGTACTGTTACATGTCCTTATACTCACCTAATAGTTAGTACACTTAGCAGTAGATACACATTCGACCAAATATAGGTCCTTTCTTTCCATGTCTTTGGTCAACGTACCAAAGTATCAGTAAACTTTTAGTGAGTCTATGTACCTTGGAGTAAATCTCGCGGATACTAGGCTCGCTCCGTTTTGATTGTGATAAGCTCTACCACGTACGGAGTTTGCCTACAATGCGCGCACGTCCCAAGGCATCCCTAGGGCGTCAGTTGGTGCCCTGTGCCGGCAAAAGAGAACGCTTGCAGCAAGTCATCGGGCGTCCGGAGGCGGTTCAGCGTTTCGCCTACCTTCGAATATTCGTTGTTCTCCCTGCTGGACGAGTGAAGGATTGGAACCGGGATCCACAGTTACCCATATTAATTTACGCAACGGTCCCACCACATGATCTTGTTGAACGGAACCCTTCCCCTTGCAGATAGAGTAACGCATAATCCATGCGCCTTGAAATCTGGCGACGATTTCAGGAACTATGATGGATAGAAGTCCTAGGATTGGATCAGATAACCGGAGGGCTAAAATGCGGTGCCCCTGGGTCATTCGTTTC,1121,47.64,Homo sapiens
SEQ_915535,GTAGCATCGTTGTACCACTCTGCTTTCTCTTATTCATAAGGCCAGAATCTGGGTTGAATCGATGGATTAGTCTACTCTCCAAGACGTCTCGCGCCAGGTTAGGCCATTCTGTCTCCTATTCGACGGGTACTGGGCGTCTATGAGAGTCACAGTACGAGGACACCACTAAGGCCTGTGAATCAAGAGTGTACTGCTTGTGGAAGATTATTAGTGATCATGTGGTTCAGCTCTAATAGTAACTAAGAAAAGACACCCCTTTCCATGAACTAACCTCTCCGAAGCGATTTGCCCTGGTTACCCGCGTCGTTAATGAGGAGCCTGAACATTGTGGTTTTCGTACCATATACACTTTCTACAGCCTGGATCTTGCTGTAGCGCCTGGCAATTTGCACCTTGACACCACCCGCTATCCAGTTACACCAAACACGGCATGTCGGATTTCGTTCTGAAATAGGCCCGGGGACAGTTAGTTCAAGGAACCGCGATGCTGATCATCACGAAATGTTTACAATAGAGTCGATGCCGGGCCTTGGCGGTGGTGTAAGAACCTATGGCGGTAATATCCTATCTGGGAAGTAAACCGTTAGGCGGCGTATGTAGAGCGCTGCATCTGAGAACCATCTTCGGGCTATCATAATGGACGTATCCCGGCGCCTCGGCCGAATTCTTAGGGCTCATGCTTGTTGGCCAGACGACGGTCTCTGGGTGCGATAAACATAGATGCCCTTAGTAGTCATTCCAGTGGCTTTCCGCTCATTATTTACGATTGAAGACCTTCTCTCGAAAGCAGATATACAGATAAACGCGTATTCTCCAAGCGAACTACACTTTACTCGGAGCCCTTACGGGGTGAAGCCGATACGCGATCGCACAGCTCTAGTCATGAGGCTCAGAGGTTTATGCCAGTGTTACTAACTGCTAGCATCACGTACCCTACTCCTTCACACGCGCCCTCGCATATGGAGCCCAAAAGCAACAGGACTTGGCGTTAAGCATGTTTACGTTCAATGAAGAGCCTATACGTCAATAATATGACCTTTAAGATTCATAGACGCCCTAACTTGTACTGCATGCGGAATCTTGAATCAACTGCGGAATGTTATACACATCGTGCAAAGAAAAGTCTCACCAGCGAGTTTAGGACGGCTAAGGACCTTTACGGGCTAACGCTGTCTCGCTGGTTTCTCTGTAAAATTAGTAAATCCATTGCGCTAGATATCTCTTAGGGAATGGCTAATGAAACGTAGCCTGGCCCAAGACTTTCTATAAACCATGTAATGAAATCTGACCAACTCACTGTCTCAGGGCGAGTCAAACCACAAAATCTTGTCTCCATGACGACTAGAGCAAAGAGCATATGGGACTCAAAGGTCTTGCGGCTACAAGCGCCAACAAAATAGACGCCGGGGCATCGGTTAAGAATGCTCAGGTAGGCTTGGGTCCAGTGCTGACATGGTACACTTAAGCCGCTTAATGATAATTAACTCGGCGCATCCTCCGACAC,1504,47.94,Drosophila melanogaster
SEQ_844565,CACATGCGCACAGCGAGTAATCTGTACCTCGACAGTCCGGGGTGAATTGCGCTCGCTACTAGTGGGGGGGTTGGTACGTCTACGTCGACATTCATCATTTCTAATCTTGGCTTGCATGAGCGAGGAGTTAAACCTAACCGAGCTTATTCAACGGTGGAGGTAGCATGCCCTCCTTACCGAGCACGGCGACCGATTGTGGCAGCTGCTCAGGCTCTTGCACTCTATTTTAGCTTCGTCCCGGCATGCACGGATACATCAGGGGTGCTGTGCCTCCAGTGCCCAACCCCAGGGCAGGTTGAGACTTCTCGTGTCCAACTTTTTCGTGATCACCCAGCAACGATGAGCAGGCACAATTCATAGTACGTTGCCGGCAAAGTACACAATTTATGGGCCTCTACTTTTGAAGAATTGTATGCGTAATGAAACAGCGCCGCCAGTTACGAGTGGCTTTCTCTCTCGGTCGTACTGTATTCGCCTTTAATGGCCCATAGCTCAGGAGACAAATGCCCCATGTCCAGCTAAGCTCCATGGCGGGTACGGGTCGTACTGAAATTACTGGTAAGCTTATTCGGCCTGAGTCACCCTAGACTATTCCCATTATGTATACCCATAATCTTCCTAGCGATGTCGTAAGCTCGACACACCGTAGTACAGTTCCCTACCGGTGTCGAGGCTGTACCGAGTCCTAGCTTTTACAACTTACATTCCGTTTTGCGAGCAATAACGACTACTGGGAGACTTGGCGCTAATAATCCTGTGAATCCGTAAAGAGGAGGAGGCTTTTTGAAGGACCTTTGTCGTTGAATTCCTGTTCGTCCTGTAGGTCGATGAGAGCACGGTTCGCCCAAAAGGATCGTTCTGTGGAATCAGACATACGGATTACACGCAAGTATTTAAGTCTCTCTAATATCATTCTGACTGACCACACGGAAATGCAGATCGATCGAGGTTCGTTCCCGTAAATCATTACCTGGCCCACATTCGGTAGTAATGAAGCACCCTCGGTAATGGGCATGACACGCGCAACCGGTCGGGTTCGGGGTGGCGATCCCCATGATGAGAATGAGACTGGATTCTATGAGAAGAGTTCGGACGAGGCCG,1101,50.59,Mus musculus
SEQ_538109,TGATAGAAGGGCAATATGAAACACATGCCGGTAATTTTCCTCCGTAGGCTCTCGCAGGCAGTGATCAGTTCCCGTACGCCATCAAAGCGCGCTCGATGGTTCCTGTATCCCATAGACAAAACTTTAAGATTCACGGCACACGATGGACCGGACACAGGTGGAAAGGCGATTAAAGTCTCGCTGTTTCCAACCATGCATTCTTATGACCGTCAAATAGGGAGTATCGGTCCCCCGAGGGCAGATCTCTAGCATTTACCGATAGCAATCT,268,49.25,Caenorhabditis elegans
SEQ_208665,ATATAGGAGCACGCCTAATCAACTTACAACGGAGAGCGGACAGCATCCATAGGGTTTTTTGTAAGGGCTGTCATCCTCTGGTTCACCCTATT,92,46.74,Escherichia coli
SEQ_257460,GTTTATCTTACGTTTTCGGCCCAGAGTTCTATGCTTACGGTTTCGGGAGCAAGACTGATCGTGGGAACCACCTATGTTAAGGACCTGGGTTTGAAGGCTAGTGTCTCAAGCGAGCAGCGACTCGGTT,127,50.39,Saccharomyces cerevisiae
SEQ_877594,TACGGTTAGTTTGCGCAACTCATTATTATACCTGCTTGGGTAGATGGCTAAATTAAGATGCCGTCGGTGTAACATACAACAACGTATCATCAGATGCAACACGATGCACCTCGAAAGGACTTAATTAGTATCAGGTCCGGTCGACAAGGCGCATTTCCTAGAATGCCAAATATATATACCTCAAAGCCTACGGTTTCCTAGCTTAATAACACTAGACTGTAAACTTACCTTTGTAGGTCTTAGGCCAAGAGATAGCTGAAAGGAAAATTGCAGACTGCAGGCCCATTCCGTCAGGAGCTTGAGATCATCAGGTCTTGTTAGCCGTGATGGAACATACGTAGAAATACCGGAAGATACTTTGACTCCCGCATATGTCGTTAGTCTGCAATGTGTGAGCCAGTGCCCCCTTCTCCTTATCGTGTTATATCTTCGGAACGAAACTTACTTTACCGCGCTCGTGGACCACGTGCAACCGTGTGTGGTCCACCTTTCGCGGCCACAGCAAAATCCCCTAGGAGGTTCTAATATAGCGAGCCTAAAGTTGGGGTTTAACCATCCCGCGTATCGGCACCGGCGGTAGGTTTTCCTTCGGCTTCTGTAGCCGAAAGCGGCGTCACCCGAATACCGCCCGGTCCAGATCGGCCAGAACTATACCACGTACGAGTAGTTGCCCCCCCGACAATTGCCGTCGCTTCGACCGATGCAGGATATCCAGGTGGTACATATGTCTGTGGAAAACACAAACTTCCCCTACTTAAATTAAGTCCCATACTGTGCTCAACGCCTATGGATCTCCCCATGTGACATCTAGTCACCCGGAGCGGCCTTTTATCTCCGGGTGGCACTACAGGGTGAGTGAGTTATACATCACATAGAGCCGGAATCGACATGGTGGCCTGGTGGGCAGACTACTCTCCTCAGCGTTGGACCGACTGTTTAAAAGGGCGAGCCGAAATGAGAGACGATTTCCCAATGACAATACCCCGAATCGACGTACGTGTAGATTTGCTTGCCCCGGTCTGTGCATGGAAGCTCGGGAACTGGCGCTGGTCAAGCAAATTCCGACATATTCTCTGGGAGTTTTCGTCAGCAGGCTGGACCGCGCTTAACCTCGAGTGTCAGGTGGCCCGTACAGTGTTGTAATGGATACTTGGAGATCTGTTACTGAGGGTTCCTATCGTATGATGCAGAACAAATGATAATCAATTACCAGAAGAGATCATGCAAGCAGAGAAACTAGCGCAGCCAACCCAGATTCACACCCGAGGGCTTAGCCCAAGTCCCTATACCTAGGCCGTGGATATATGCTGCCGGGGACTTAGGAGGGTTTCGACTAAGACCAGTTTTTCAGCCGCGCTTACGCTGTTCTAAAGGAACACTGTCCCGGCTTCCCCCGGGATAGGTCGGCAATTGAGACGACTCACGTCGGCTAACTGTGTTAAGGGAAAGCTCGACTTGGGTGCAATCGTATTCTCGGTGACGACTTACGAGTGTCTCATCGCGCTCGGCGTGAGGAATCAAAGTGTGAAAGGCCCTTGGCCCGTGACGCTATGTACATCCCGAGTGACCGGGTCAGCAGTGGGACCACGTGCGAATTCGTAGTTTCTCCGCTAATTGGTCTGGTAGACTGCAAGGGGATATTCGTATGCAGATAGACAGAAAACTTGTTAAGTAGCCGAGTCGACGAGCACATGTGCGGCGCAAAGTT,1708,50.59,Escherichia coli
SEQ_921189,CGATTACCTTCGTTATCGCCGTCTCCTGCTGGTGGCATACAAGAAGTGGGTAGGTCCGCGCGGGTCAGAACTTAAGGAAATCAATCGACACCGTTAAGAATCGTCGAGAAACGAAACGTTCAGATTATTAGTACGTGCCTTATATATCTTGACATTCGGCAATCTGGGGCGTTTGGCAGAGAAATAGTAACTGGCCGCCTTTTCTCTGGAGACGGCGCGCAAGGCCCGCTATTATCCGATCTCATTAATCGTAACAGTATGGGATATACGATACGAGCTACAAAAAGCTAGATCGAGGGGTCCTGCCCTTATTAAGAGCGCGGACATGTAAGATATAGCAACTACCGGAACGTCATGGCTGCTGTGGGGTTTCGGTTTCCGACCCCTTCTTCCGTATTGGGACATAGATATCCTTCGAGGGTTGGAAAGGTGTATGCGGTGTGAACTGTTCTGCGTAACCTTCTTTACGTTGGTGTGCTGAGTGATTGGCCTTCGCAGGCGAAAGTCCCAGGTGAATAATGGGTCAGAATCTACGTCAATTTCGGATGTTTGAAAGATGGAGAGCAAAGTGCGCTCGCTTCTTAAATCTAGGAATTGCAGATCCGAGGGGCGTAAGTATTGAGCCCATTGAGAACTGAGAACTAGCAGTACCCATGGCGCCTAACTTACTAGATGATAATGACGGAGCATGTGGGTCGTAAGGTGCGCCCGATCAGTTCGGAGTATAAGTGTTTATTGCCTGAACGCGTGGCGCTAAACTGTTCTGGCCATCGTCCCACGTAAATAGAGTATCTATGTTCACTATACATCGAATGTCAAGTGACTATATGGACAGATCCGTGGTGTTAAGCCACAATGATATTATCTGTGATTCTTCGAGATTCGGTATGTGACAGTCTCACTCTCACGTATGCTGCATATATGCGACTGTCCAGCTTGCCAGACCCATGATGCCGAGACTGTGCGCGACTAGGTTCCCCTTGTAAATCTATGGAGGATTGCGGTATTCCACACGACCAGCGCGACATGGACTCCTAAGCGGGGAATGGCGACCAAACTGCTTGAATCCTAACGGATACGGTTCATTAACTGGTTCGTATATACTTCCAAGAGGTCCCAACAGAGAGCCCATGCAATAAGGAAAAAGCGTACATTGCCCATGATCGACACACACTTCCCGAAGAAGGGCTATAAGTCATCACTACGTAGTTGTACTGCTGTCAACTCGGGTTTGAGCCTTTGTATCGAAGACATAATACGGCAACGGTTCGAGGAGTCTAGACTCGTTCTTTTACACATAAGCTACACTGGCCTGCGCTGTTTAGGGGTTAATTTAGTCTCCTGATATTTCCAAAATGCGCCGTACCTGCCCATACACTGCATCCATGGATTCGACCGAATCAATTCATGTCCTGTCTAGGAGATACGCTGGGTGTTTATTTGTCCTTGCCCAAGATCAAGTTGAAGCAAGCCGTGCTTCATCTGCTACATTCTGAACTTGGCTTGTAAGCGTGCTGAATTAGAAACAGTAGAGATCGCCTTCCGGTCTCCATCAGCAGGGTTTGGGTTCTTGCCGAACTAAGGCGAAGATCTGTATCGATTAGCACTGAGGCTCTTGCCTGTCCGATGGCGTTCCCCCTTCATCTGACTCTATTTAATAATACCACTTCGCCGCCTCAATTTAGTTTACATCAACGCAAACTTGTG,1707,47.63,Arabidopsis thaliana
SEQ_781137,CCATATTTATACTGAGCAATTGGCTGGCATAGCGATATCCCTGATTAGATCATTAGCCCCCCCCTGCAAGAAGTCGGCGATTGCCGCAATGGCAGAGACCTCAGAATTGAGAAGGACATGAGAGCCAGATTATGAGTCTGCAAATGCGGCAAACGCTAAGCCGAGTTCAAGGGACAAGGAGCTACCAACTCCCTAGTACGATTAACTTGGCGGAAGGCGGCTTTTGTCGGCCGAAGGTACGTCCGATTCGCAAAAGTGATTGCGGCCTGTGTAGGAGGGCAGCGCGACTCCGATTTTGACGAGGTGAAGGATGTGATATGCGACCCGATTTAATTAAGCCGGGCAGGTGTTAAAACAGCGGCAATGGACACGGGATACCAAGAAGCAATTGCGACGCTTGTGATACTGGGAGTCCCTCTATTCGAGTTTGTAACCTTATAGCATATCGTGCCAGCCACAGGCGCCACTGTGCTACCGCCATACCTTTGGCCGAGATCCAGCATATCAAGCGGTTAGAGAATAAATGGACACAAGGGATGGTAACTAGAAGGACCGCTCCAGATCCGATCTACTCGAGACGTGACGCTAGCTGACCGAATATCCCTTCTATAGTCAGGATGCGGGACAGATAGGGCAACTGCACTTTAAGAGGAGATGTCGGGACCATTTACACGACTCGTACCTCAAACCGTCAAGAGTAACTGCGGTGCGGGCGATTGGAGTGGTGGAAATCGGAGGCGCAATGGGAGCGGAGCAAGCACTTCATATGAATCTTGAGAACGAGTATCTTAGCTGGGTAGCTACCTGAGTACTGCCTACCCCGCCATCTACATAATAAACAGCAACAGATCGCTAGCGT,859,51.11,Homo sapiens
SEQ_132818,GACTCACACTTAGCGCGAGACTCGAAGCGCAATCAGATTGGCTAGTCCTTCTTGCGGGGTCCGATGTGGTACAGTCAATGAGCTAGAAAGCAACGGAATCATCCAGCTGAGTGCGTACATTCTCACTCACGGCATATGTACCATTGTTGAAAAGTAAATCCTTCAGAACAGTAGTAAGATGTTCAACAGTTCATGGACTGATTCTATATCCCTTTGTGCGCAGCCAGCCACTCGCTTAAGTATTAGATGAGGTATTTGCGTATCATAATTTCATGAACTGGACGGTGGCTGCTTCTTCGCGTCGCTGCTGGGAATGCGGGGTGGGTTTTCAATAATCGAGGTCTAAATTCAGGTTCGAACTATTCTAACCTTTGCATCAAGGTATAGTTCGACCTTGGCTGGCAGGCCCCAAGTCGCACTGCCCCTCGGAAGGGCACATCAGAGTATCTGTTAGCCCGCCTCTCATGACAACTAACGCGTAACAATAGAATTTTGACGACACGGAACATGGGCAACGCGGGTTGACGGACAACGGCTGTTGTAGGCTATCCACCGCCTGACGCTTGTTCGAACCGGGCTGCCAGACAGCCGGTGAGTATTCGACGTAATATTAGCACGTCAGGTGGAAGTACCTAAGAGCTAATTTCGACACGCTCAGACTTGATTGTGATCTTTGGCCGAGCAGGTGTATCTTTACTCAAGGGTGGTACGCCCATATATTTGACTTATATCAGTTGGCTTTATTCTTTCCACTTGAACTTCGACGTCTAGAATGCAACATGTCGGCCATGCCCGCAGTTTTGGACGGTATAACATTTAATTGAAGTATGCTAGCGAAATCGCCAAGCAGCTGCTTTATGATTCCATAGTCAGTGCGATCTTCCAAGTGCAGCCCACGAGCATGGGAGTGAGTAGCTGGCCCGACGGGCTGTTATTCCACATTATTGCACTAATGCTGGGACGAGGCGTCTACGGAGGAAAAGTAGATACCTAGACCGGAACGTTAACAACTTATGGGCGAGACCCAGAGTCCAGTGCATATAACTAGTGCATACGTTATTTTTGCTTCAATAATTAGGTCGCAGGCAAAGGGCGGTGTACCGCCATTCCGCCAAGTAAATCTACAGGATCCAACCGAGCAGGAACTATGGGTTCGCCCCGACCAAAAAGGCAAATGTAGAGGGATCCCTTGTGGGATAAAACTTCACCTATTAACGCACACGGATGAACCTGTCCAATCCGGACCGAAACATGGGTAAGGAGTTGGCTGACCGGTCGCCTCGGCATGATACTAATCGGGGAGTGCGAATCATAATCGTCGCATCACAGCAAACTCTGCGGTTGTTGCAAAACGGCGTTGACGATCCAACGCTGTGAGTAGATTCGAGAATTGCTAACAGAGAGGTAGGGCCGCTCCTGTAGACTCCTAAGAATAGCCCGCGTTCCCTCAACTCGTGTTACGTCTCCTACGATAACCCGTACCGCATAAGTATTTCCTCATGTCTGATAGAATAGATCTGAGTTCGACGTTTTGGTATCGGTGTCCTTCGTCAGTGGCTGGCGGGAAACCCTCCCTAGGGAGCCAGGGTCCCTTCTAAGCCAAGCAATGACCCATTGAACAGATCGATCGCATGGGCTGCCGAGGATTTAGACAACCACGCGCGACACAACCAGCGCGACGCGTATAACTCATATCCGGCGGGCGAGTATGAGGGAAACGGGGGTAAAATAGCATTGGCGTCAAAGTCTAAGGGAGCCCACAACGTCGCACGTGTCACTGTCACTACCTTCTCTTGCGCTATAGACGACGAGAGGGCCGAGCAAACGGCGACACCCTGCCTTAGTCTATGCAGCAGGGTTACTCCCTTTCTACGAACTCGACAGATCGATCGCGTAGCGCATGCGTGCATGCAGCAACC,1919,50.34,Escherichia coli
SEQ_520137,CCAGCACCAACACCGATGGCGTGCCCAGCCGATCGGGGTTTTAGACCAGGCTAAGATAGTAGTTGGGTCTCTGAATTTTTATCCCGCGAAGCTGAAAGTCTCATGTCCTCAGAGTGTCAGGTAGTGCCCCCAGGGCACGGTGGGGTTTCGCTCTTTAATCCCACTCGGGCTTTTTCCTAAGCTTGGGTTCTCGAGTCTAATCCGATTATGAGGGATCTGGACGGTGGGGAATCTCGGTTTAATCGAACCTGCCTCACCTAGAATGCTCTTATAAGCACAGAAGGTAACATGAGAACACGCCCAGTTATAGTGCCATCTGCCATAATTCTAGGTGGGCCTTCCTCTCCTAGAGTCAACTCTATCACTTATCTGTTCGCGGCGAGCAGCCCAAGGTATGATTGCGCACTCCGTATCTCGTGCTAATGGACCGTACAGATGATAGAGTGGGTATGCAACGTCACCCTTTACTGATGTTCCTAACCTTGATAAGCCTGGTAAGAAAACGCCCTAATAAGCACATCAGTTTTGGTTGCATCGACAAGGTTACCGCTGAGCAAATTTACAATTAGGCTCCTGCTCAATACGTCTAGACTTACTGTGATCAGTACGCCGTTTAGTGTCCTAGAGTGTAGGATCGCCCTGGGCGGCGTGGGCCTTGCCGTATTCATGTCGCCGTAAAACCATGGAGTGTAATAAAAAGATATACGGGCGTCCTTTGTTCAGCCCAGAGTCGCCGTCCCCACGCTACGTGATTGCGGTAGTGGATGTGGGGATTTGAAGATAGGAATCGCACGTTACTCTACTTGCCCTTCTAATCATTTCATCTAAATTGATGGAACTGTAACAGTTCCGTTACAGGAGTCAGGCACCGCCCACCATATTTCACTCTCGCTACTCGCCTAATGTCTAAATATACATGTCTGAACGTCCTGGTGTTTCGCCAACGCCGAATGGACGAATCTAGGTGGTTGAAGAGGCTCTTTGGAGGAAAAC,993,49.24,Caenorhabditis elegans
SEQ_743108,GGCACATGGAGCTCTGAGTTCAGCGCTATCCTGTTCTCAATCCAGCACTGATGCAGTAGGGCTCCTCATAGTTACCAGGCAGTTTATCTGGTAACTAATCGGGGACGAGTTGATGACCACGATTAAGTAGACACGAGTGTGTCCCTCTGTGGTAGAGAGTCTGAATGAGCGCAACGTTCTGGCGGCCCCCGCTGCCAAAGTGCCAGGCACGCGCCTAGAACAAACCTAAGTTTGTCAAACTTTGTGACGTAAGGGTTCACCTCCATTGAATGGTATGCCTTCGCGTTTAAACGCCTCCTGGGAATGATAGGGGCCAGCCTATCGTCGGTAAATCATAGACGAAGGATGGGTACGTCACCACTACTCAGGAACAGGGATACTGCGCGCACGTATGGAATCCTCCGGGTACCCAGCGCTGTCCCATCGTTGAGGTTTACTAGTCGAAGTTTAGCCTTGCAACAGTCGTTTAGCGCTAGCTTTGCAAAAACAAGAGATAACTAGGGGGTCGCCCACGCGGTTAGCTCCCTTTGTACGTTCAAACTAAGCTTGAAGCAACGTCGTAACGACTACCTCACCATCCGTACTCATACCAAATCCATGCGACAGTCACGCTCGTCCACCAATCGTTCCCGACCACCCTTAAGCTACTTTTCGAAAGCGCCGACAGGAGATCACGGTAGGCCATATTTGAGCGACTACCATTCGTAAGAGCTAACATAGGATCACTTAATGGAACCCACTTCTGTCGGGTCTTCCTCAAGGGAACCTTAAAATCCGGGCGGCACTCATGTTCTTAAATACTAACATACTAATCAGTGATGATTAGCTCAAACATCCGGCGACTCAGGATATTATATGATATCTCGTACGACGGTTTACGTAAATAGTGTTGCCCCGGTACCAAGGGTATTAAGCTTGGTATCTCTGAGCTTCCCGGCCTCACCTGTCGTTCATTGGCAAGCGCATATGAGGCAGCTCATAGACGCCTAACTAACCCACTGGGGTGATGTGAACAAGCAGACCACGGTTGGTGCGTTGAGAAGGAACAGTTCAAGCGATCAACAAGGTAGATGCTAGTTGCGATTTCGGTCGAGAAAACGCAGAGACGACAGAATTAGTACACCTCCTATTCGAGCCCTTATACGGCATTCATAGACCTTGGCTATACCTTAATACCTAGACGACAATACTGCTCGACGCTCTGTTCCAATCTTGAAATACTGGGTACGCATGGCAAAACTCAGGCAGTTTATAATTTGGCCACGTAAACCCTTTGGCAGAAATCTT,1287,49.03,Mus musculus
SEQ_130308,CGGCCCCTCGTATCATATGCAACCTCCTTAGCGCACATAGCGCATGTGTTAAAGGGAGCGCCACTTCGTAGAGACCAGCCTCGCTAGTGCATCTTAGGTCGCATAAGCTGTGCGAAACTCACATGAGCTACCTCACCAAAACACAGAAGCGCCTCGTGAGGGAGACATCCTTACCTTTGTCAATGGTAGCAAGGGTATGAAGTAGGGTCCGCCGGCGAATATGGACCAACAATTAGGATAAACTGCCCTTCCAGGGCGTCGCGTAAATATCGGTGGCCAACAATGTCCATGGTCCCCTAGAACGTACTGATTACCGTCCTCTCATCTAAATAAGGCACCATCACTAGCCTTAGGATTAGATAGAAAGACCTAGGGAGTTTGGTCACGTATGTAGATAGTGTAGTAAATCTATCCAGCGGAAGTCCAGCGTCGATCCACAGCATCGCCGGGATCAGCTTCTGTGTATTGAACTGTATACAATATTACCACGGGTCCCAGGAGACACCTGGGCCTAAACGTTGTTACGAAATCCTGTAGAGGTTGGTAACGAGAGGAATGCCACTGGGCGCTTACTGGGAATCCCTTGCAACGCTCAACAAAGCGGATGGGTATCCGCTCAGTAGAAGGGCTATCTAATTGAATGCCATAATAAAGATTACGACGTAAAATGCTTTTAATGAACTTGTCGTGAAGACGCTCAGCGCTTCCTTAACAGCCGCAAGTCCGTCACGCCATAATTAGCATGCATTGGGGGGCTCATAGCAGAATTAGCCTCATTAAGAAGCTCTGATAACTGAACTCCCGGTCACGCGGATCTTTATCATATACTCAGCAAGCACTGGGCCGCCATCTGTTTGGAATCCGTCCTTGAAATACGAGCGTTAGATGTCTGACGTACACTCTAAAATTTCAGATCTTGCGCCCACAAAAATGACCTCTGCGCGGAATCGAGTTAGGGATTTCGGCAAGAAAGGATAGAGGACAACAGCCTGTTTTAGCCATTTGTTTGCAGTACCGCGGACCACAATGACACGTCCAACCCGCGGTCGGAACCTATGTAAAGAAGCTTATCTCCTCAAAAAAAGGCGACCCCCCTACACTCCAAGAGCGAACTACAGCTCCCAAAACGGCTCAACACTACTACCCTTTTTCTAGCGTTTTTTCGTCGGAAACCAGGGCGAAACCGGTGTATGGTGTATAAACTATGTGGCTTGAGGTGCCTGGGAGCATCAGCAGATAAATGTTCACCGGTCGCGCCCAGGCTATCAGTAGACGAACCTGAGGCCCCTCGGAAGCGATTACGCCATCCTTTGTTCTAGATTATGTCACGTATCGGTAG,1339,49.14,Arabidopsis thaliana
SEQ_541838,TCCGTTTATTGCCTCAGGGGTCAGTGTAGTACTCAAACGCAGGCGATGCCCTCGGAACCAACTCGTCGGGGATGAGAGGGTTTCAAGGGAGTTAAGCGGTGACCTGTTTCGCGGAATGTTAGTGGTAAGCAGACATTTCGCAGTTAATAATGAAGGAGCACACGGTCGACTGGTGAGTCACGATTGTTGCAAAAAGAGGAGATAATTTCGGAGATGTCTTGTCGTATTGCTGGATGCTTCTACGGCTAACGCTACGGCTGCATTGGAACTGGCGGGTAACCAGCCTTCTTGTTGGTATCTGATGGGAACAGATGAAACGGTAACCTCCACTCGTGCAAGTCTCCGAAGAAGCCGATAAGTACTAATCTAAAGCTACGTTTCACCTTCCCATGATTACTCAGGGGTTAAGTTACTATCCTGCCACCTCAGCGGGTACGCACACAAAAATCGAGAATAGATGTACGTATAAAACTACGCTCTGAAAGTCTTTACATCAGCTGATGATGACTACGATGTATGTGGGGGGGTGGCGGGATTTGTCCGCAATCGAGCGTAAGTTTTGATACGGTGCAATTAGGTTTTCAAAATTCAAAACTCACACTATGTCACCTACTTGACGCTGGGGCCTGTTCAGCCCCGGCTCTAGGGTGCTAAGTGTGACCTCTCTAGTAAGGGACGCAGCCCTATTACGACTTAGGCACCGTACATCTCTCGTCGTGCAATCCTAGCTAATGTACTCGCACCGGGTCCACATGGAGT,759,48.88,Escherichia coli
SEQ_770929,TACGCTAGTATGCCTAGTTACTTACTCCTGCATAGTATACTCCAGGTAAAGATTACTACGCATATGCTCCAGTATCGGACCAGGCTGGTCGTGAGTCCGTCCTATATTATCAGGCAGAGCGACTCGGCCACGGGCCTCCAACGAGTTACAGTTCTCGCATACCCAATGCGAAACTCAATGGTCAAACTGGAGAAATATAAGATTAAGGATGATACACTTAATTCGTCTCAGCATGGAAGACTGTCCAATCTACTGTCGCCGCCGGGCCTCCGTAAAGTGTGTAAGGTGACTCGGATAAACTGTTTACGGCGAGTAGACTGCGGGTATGACATCGGGGTACCAGTACCGTGATACGTCCAGTACAGTGGGAGGGAGAGGTGAAATGGCAGTGTCGAATTAAGAGGGCCTAATTCGGTAAGCTCAGTGTTGTGGTTACGGAGGAGCATTCCACGGAG,455,49.45,Saccharomyces cerevisiae
SEQ_376181,GGACCCCACAACCACGAACGCGAGTGTCGAGCCCGGTGAGGGGCGCCTAGCAGGTGCTTTATTCCTGCTCGCCTTCGACATCGCGCCCGGCAGCTCGACCGGTACCCGCAAGTCGGTGTCCGAAAAGTAGTCCCATATACAGAGGCCGTCTAATGACCGTACCCTGCACCTATAACCGAAACGAAGCTACATAAATAGGAGAGCCCAACACAGTCTCACAGACTCGGTTGGACAAGGCGTTTTCGGGTCCAATCACAACTATCGACCCGTTTGACCATCTGCGGAGACCGGTCGCCTGTTCAAGGATAGGTGATAGTTGAGACGCTGGGACCAATCGATTGGCATGAATACTCCTGGTTCACAGCAGATGTTGGCTGCCGATTGCTCCCCCTACGGCCAATATAAATGTCCCCTGTACTTCCGTTCAGTCGCAAAGTAGAAAGTGCATTCACGTAAATCCAAGTTCCTTGGAGGCCATTCTAACAACCAAGATAATTGCGCCTGCGGGACTGACTCTCATCTGCCTACCCATTTCCCTCTGAATTGGTACTTCCCGACAGGGGTCAAACATGCTATTCGACCTTTGTAGAGCAAATTCATAGTCACTATATGAGCAAAACGCGTATTGTGAAACAATATGGTCGATACAAGCCCACAGTAATATAACTCGCATGAGTACGGACCGCAGAGTGAGGTTGATGTGACCATTGCTTGTGCCTAACTAACAATCGATGCAAGATAACTAGCTCCGGCAAGACAGACTGGGTCACGCCATGAGGTCACTGGAAGATCCCTTCATCCCGCGAATGTTCCGCGATACAGATGTGTCTTTCCCGCTTCCCCGCATTCTCAAGTATGCATCCGCACTC,869,51.44,Mus musculus
SEQ_857829,TTGGTAATAAGACGTGCTGGTTACCACAACCGGTTAGCCTACTCGGCCAAACTCTATTTTGATCCGCTGTGTTAGTGGCGCGAGTCCGGTGGAAGGTGTCCGCCGTCCTAGGTGTTCGCGAACGAGAATCCCATTAAGCTGTAATGATGCCTTTAAGATGCTACCCCTAATCAATATATCAACAGCCATCTACTGCGTCAACACTTGTAGCATTCAGCACTCGGCTTTTGATTTCAACGGCTAATACCTACCGCCCACTCCCCTTAACCCCCACTCGTTTTGCCTGATGTGTAGCGTGATTCTAGATATTTGCTACTAGATTCCGACCGCAGAGCAACTCCCATGCTTTGGGATTAAGAAGGTAAGAGGTACAGAGAGCCGTTGTGGCCGGCGGTCACATAATACTGGGAAAACGGGTGTTTCTTAGTCTATCATCTCAGATACGTTCATTCGTAAATGGTAAGGGGCTCCTAACGCCGGTGACAGTGATCAAGATTCCGGCAGGTTTCCGAGTCTGTAAAATCTCGCAGTTCAGTACATCAACGGGCTCCGCTGGACCATTAACTAATGCTACAGTTCCACACTGCGTGACTGGGTTCCCGGTGCGTCTCCTGAGGATGCATCTCAATCTC,632,49.37,Arabidopsis thaliana
SEQ_995835,TAATATTGACAAACCTTCATCATGACCTCCTTGTCAGTTTTACTTGCTGGACACCCACGAGGGTCACACCACAATCACAATGGCCGTTTGTAGCTGATTGCGGGGCCAAAGTTACCGGGGTCAAACCTTCCGGCCTTAAGCGTCGCTGGGTCTGGGGTTGATCTTTTGATAGGGCACGTCTTGCTCATTATCAGGCCGGACTTCGTTCTTACTTATGACGGCATGTCTAACTGAGAGAAGGGCATGAAGCCACCGTCATTCGACACACTAATTTAAGTATGATTTTTGAGATTATTATGCTAGGAAGTCAGATCTGGTATGATGGTTCCCCGTATACCTCGGGTGGAATTATTACAGTGGATCAGAATTACCTATGTCCCTCGGAACGCTTTTGACGATCGATGATTATCGTCTTTCCACCTGAAGTGTGGGACGAACGCCGTCGCCCTCATGCGCTTTCCCCATGTGGTCTAGATATGTACTAATTCGCATGCCTGAATGAATACCGAGTCCAGCTGAGGCATGTCCGGGAGTTAGACCACCCATATGCAAGTTTTTCGAGAGACTCAACCTATAACTTTCCGCCTACTTGAATCCCGCCATCTTCGTTGTAGCTGACTCCACATAATTCTATGATTCGGAACCCAAAGGCCGAGCGCTGGCGGGGCGGGCTCCAGTGCGTAACGGGTTTATCCATTTTTATAGATATCGCTACCAAGAAGAGCTGATCCGTACTATCTGTGACAACTACTGTTTATGTGATAACCGTTATGCAAAATAGAATCCGTGATTGTACTTGGACCCTGATGTCCCACTACATACAAAGAATGTGTACGACGACTTAAAAAATTAATTATACAAGGACAAACCAAGCATTTCGAATTAAAGCCCGTCTTCGGAGGCATGCAAAGCCCAACGGTCCTGCATAAATCGTCTTAGTTGGGCGGTCTCCCCGTGGTAGTGGGATCTTGGCCCGATGTCTTCCACTACACAGGCTCAGAACACGTAGCCAACCGCCTGTTGTGGACTATTTTTAGCTGACGTCCGGTGATATACGGATAGCAATCTACCAAACTGCGAGCAGAAACTACTCGGTGCCTCAAGACCGTAACATAAAGACGAATTTCCGTGAAGAAGAGCACGAAGGCTTCACCGTTATTCGAATTTTAGACGGACAGAAGCTGATCCTCCAGGATCAGGAGTATCTTTAGGTCTACTCCTATTACTAAGTTACATCTAGGCTTCGTGCCGGGGGATGGTAAACTTAAGCCCGACCCGTGGTCATCTTCAATTGATGTTGTATAGAACGAGTGATCCGTCGCTGTCATAAAGTTTCTGTTTATATATGCGCCAATTCCCCTTGAGCACGTAATTTTCTCAGTTGGTAAAGATCTATGCATGCCGGGTAGGACTTTCCTAAGTGTCGAAGACGACGAAGTATACGAGTATAAAACACCAATTTAATACAACGCTGCCTCAGGACCAAGACTATATAATTGGTCTCAGTGGTTCCGTAAGGACCCTGACACTTGGAGAACGGTGCCACCGGCAGATCTTGCCGAGCGGGTATCTTGGCCTCCCTCCCTCAGTTATCCGGCTGGAAGGTGCCATAGGCATACTATTCACGCTAGTTATGGTAAATCTACTTGGGGAGAGAACAAGTAAGCTCTTTGTTGTGAAGTACGAGATCCTCAGTGTGCCTGCACGGCTTCTTATCATCTGAAAGACGAGGTCTGTACCGGCATGTGGCGAGCGACAAGTGTTCCTTCGACCATCCCGTAGCAATTGCCTACATTCTTCTGCGCTCTACATTTAGTGCAGAAAGGCACACGGCGGTATTGTATTTAACTACTCCAGTGTTCCGTTTTGCGCATATCCGCTCTGAGGCTAAGGGGGGCTGCAAAGATCTATGTTGGGTCTTTTGGATGAGGGTGGTACCTTGACTATACTTCT,1953,47.31,Saccharomyces cerevisiae
SEQ_256221,CCTATGTTCTCGGCAGAGAAGAGTACAAAGAGCGCTCGGATCACATCGACTCGATGCTGGGATTCTACTGTTTTGGTCACTTAACTGTTCCCTTGAGCGGCAATTTTATGTGTGAGCAGCGGCCTGACTT,130,49.23,Escherichia coli
SEQ_941818,ATCCGGAATGTCGAATGCGGGGACGGACAGCGCGTGGATGAGTCCGTTTAATATGTCGCTTTTCAGACCGGCATTAGCTATCTCATTCATTGGTGTGTGGCGAAGTAGACGTGGCTGTTGTGGGTAGAGATAGTCGATCAATAGCGGCTTGTCGTTCTTATGGCCTCAGTTCGCTGTTCGACGTCCGGGCTGTGCCTACTGAATACCGGACAATGTATAGAACCTAAGACGTCTTGAGTGTTTTAGACCGGCGTCTAGGCGGCCCGATGGGCATATCTCCTTATTCGGGTACAATGAGCAAGCAGACGATGTCAATTGGGGTAGCTTGGGCAACGACTCCAGTACCATGGTGGGAGTGATCTTCGCTCGGCTCAATACCCGGGCCGTATACGCAGTGGAGTCAGGTTACGTCCTTACTGGGACTACGGTGCCCGTCTTGGGTCAATCTCGCCTCCCCTGCTACAGGAGGGGATACGGTGACTTATACCAAACCCTAAAGATAACTCTAGGCACACCCCCCCACCCGTAATCCACCC,536,53.54,Homo sapiens
SEQ_897679,GAACTACAAGACGAAATCTCCCAGAAGTACCATATGTTTGCCTGGCTTGAGATTCCCCTTTTAGCTCATACGCTAATGGGAACCGACCCGCACGAGTGGCTATACTCAATTTTCCTCATGACGTC,125,47.2,Saccharomyces cerevisiae
SEQ_604706,TCCCGTTGAGGTGCAAAGACACCCAGTGTCGAACACAAGCAGCGCTCAGTGGTGATGTATACGGAGACGCCTGTTTTCTGGGAATATAGCAACGGTCTTCGGGAGGCGTGTACACCTGGGCGGGCAGCTCTCGGCAAAGGTCGACCAAATGCTCAAGGCCTTCCCGGTTCATGCGCTGTTTGCCCAACAGCAACGACCACCTAGCCATGCACTTTAAGCATTGTTGTGAGACTTCTTCGCCTGTGGGACCCTGCATAGTTGGTACCGGTGTAGCTTATCATAAGAAAGAGATATAGGGTCTAAAACAGTCCGCTTCCATGAAATATCTCGACAGCGCTTCCGTGTTGTGCGGGTGAAAGACACGTGAGAGCATATATCTCGAGTTCGTCTATTAGGATAATTCTCCTACCGAGAAGGGGATGGGTGTCCGGGGTAGGCGCCGGGTCCCTGCGCGTCACCGTGATGGCCTCACTGCAAAGTACCCGAAACGTTGGGGGACCGTCAGATATATGGGCATGAGCGACCTGGAGTTACGCACATCCTTTGCTTTGCTTCGATCTGCTCCGCGCCAGGCGACTTTACGCCTCCCGTGGAAGGGATTTACCCAGCACGCCCGTTTGACCCGTGTGAAGGTAAACGTATGACGTTAGAGACAGACAACGTAACCTCGGCAATGTGCCAACGGGTAGACGTTAAATTCGTCTGCGCGATGCGTTGTGGAGAAAGCGGACGCCCGGAAAGGATATCAGCTAGGATCCGTTGCCCATAAATTACTTGAATTATAACGGTGAAGGTGGATACTAGGAACAGAACAAGCTATTATTAGAGAACGGTAGGGATTCGACGTGATATGATACCAGCACCATCCAAGCGCCCCTAATGCGTTAAGTCCTGGGCCGAATACCTTGCATTTAGTGAGGAGAAAACAATGCGCTTCTGAAATAGAGGAGGAGATCGGCCACTATCAGCTTGTTTGCCAGCGGCGTAGCGCCAGCAAACTGCAATAAGTCCCCCGAGGTGGAAGCTACACAAATGGAAGTCGTGATACAGCGACCGGCGTCGCGAGTTGAAGCTACTCAGGCTTAGAGCTATCATTTCAGGACTCCGTCAGACGATAAGGCCACCACCGTTGATACTCACACATCTTTCAATTTCGGAAATACTATCTGACTGGCAGAAAATTGATCATCATTTATGTGCATTTTATAATCGGCAATCCGAAGAGGGATGCGTACGGTTTGTCGTCCTGAGATCTGCTAAGACAAAGCGCTACGCAAAGCCATGAGCAAGGCCACTGGTTTGAGGCCATCCGCAATTTGCTATTAGGAAGTTCTGCTTAAAAATATAAGACCGGGGCCGTATATGGGAGAGACATCGATGCTGCTGCTGTCTAGCCGGCCCTTAAGAGCTAATAAGGCGGGGTTAGCTCCCTCATGCCCGTGACGGCTTGTTCGTGGCTTCAGCTGTCAACTGGTTTGGCGGCTCCGGTACGCCCCGTTTGTGCAGCGGGTAAGCGTCTAATTTATGTACTCATGGCACATTTTCCGGAAGAGCCGAAAAAAGGGTGCTGGCCTATTATAATCGACCCCTCTAGTTATGTTATTATCGGCATTTGGTCAAAAGTCAAGTGTTTAGGGGGGAAGTGGGAGAGCCGGCGTCCCAATCGGCGTGGTAATTACATCTATCGGGCGAGCCCAAAGTCGGTGAATTCTAGAAAATGTGACTTTCAGTCTAATTCGCTGCGCCATCACACGCGCGGGTCGTCCCTAAACTTCTAGGTCAGGATCTGTGGTGAGCATACTTCAAAACTCAGGGTACAGGCGACCCCAAG,1831,51.23,Caenorhabditis elegans
SEQ_915871,TGACCGCTTCTGGGGGAAGTCTACTTCAGTTGTACGTTTCACGACACCTTCGTCTGTAACTTCGATCTGCGCACAATGCAGCACTGGTATAGATTTTGCCCGGTCGAATGGAAGCGCGGGGTCGACCGCAGAAGGCGTCGCGGTAAGGGTTGACTTCCATTCTTGATCCCCCCCGTCAGGTCAACACAGAAGCCACATCTCCGGGCGATGAGCCTGGTACAACCTTTATCTTCGAGAAGGCACCTCAGTATAAAGCACCTCATTCTCGGTGAGGTTGAAGGCCAATGGCGCCTCAGCGCGGAGGGCTCTTCCTTATACAGTGCATCGAATGCATTTCACATTGAGGCCGTTGCTCGAGTATCTGTCATAGAGTTAGTACCCATGTATAAAGGGGTTCCTTATGAGGGCCTATAACTGGGACCATATGACAAAACCACGAGGCCGAGGTACCTTGTGTGCGCCGGAATTGAACTAGCCCTGCCTCTAACATATTGGCGCGAACGACAACCGCAGAGTGCCGGGACGAGCAGACGTCACATGGGCCAAATGCTTTTAAGTTATAACAAGATAATTGTTTAGACGATTGCGTTGTGGGGGACTGACTAGAGACGGCCTGTCGCGTATATTAATCGTAGCTTCGTCTTTAACAGTTTGGGCCATGAGCTGTCAGGACCCCGGAAAGTTGATCGGCATACTCCCAGCCGTCCGACCAGGTGGTTCCTGGTCCCGGCTCGGGCCAGATGTACCATACGTCGCTACGTGATGGGCGTGCAGCCACCCGATGGCGTCTTTTTAGGACACATGCGTGCCTTTGATAGCCATTTTTGCCAACTGGATGGAGTGACTTCACCTTTCTTCCGACACGTACCCTGACAAAGGATCGCCCTGCTTAACATTAA,899,52.5,Caenorhabditis elegans
SEQ_998326,ATAGACGCGGCTTGTAGGGGCCCAAGTTGATAAGGATGATGTCGGGCAGCGCGGGCAAATAGTTGGAGTACTTAAGGCAGGGTCCTGGGGATTGCGTCTCGTCCCAGAGAGTGTCGGTATCCTTCATGCTCCGTAGCGGACGCGGTAGTGTACGTAGTAGGAAGACCTGCAACGTTAAAGTCTCAGTGGCACGGCTCGGCTATAGCCCGTCGACGTAGGGCCGCAGTCCTGAGGCGTATAAGTTGTTAATAGGGGCGGTACCGATTCGCAATAGAGTAGCCAGCCTATATAGTACGTGGCGCGATCTCTACAAGGCAGTTCAGCGCTAGTAGCTGTTCATAACGGTCGGCATATCTGCCTAGCGTGGGCTATTATAAATCTCGAGTCACGGGAGGGCCATGCATCCACGTAAGGAATATTAGCCCTGCGCTGTAGTGTTGACCCCGTATCGACGCCCCTACTCGATTTCTAGGACTGTCGAGCCGACCAGTCTAGCCAACTTCTAACCATCGAATAGATGTGACCCATCCCTCTCGAGGGACGGATACAACTTAAACTTCGTGGACTTACGCTAGATAGTGTAACGGGATGCTACCACTTCATCCCCCGGAAGCAGTGTCCAAACCGGTACCCAAATGTCTCGCGCGAGCATGCACCTGTGTATGAAACTAAGTAAAACGACGCGTTTGCCAACTTGCTCTATATACTTGTGCCCGGTAGTCCATCGTTCCAGCTTCACTTTGTGCAGTCGGGCTTCCCAGGGGCAACAACCTGATCTACGAGTTGGCCGTTGGAGAAGGGTAGAACCTCGCACTGCTATCCGAACTCGAGGCTCGATGGTGAATCATCTGGGTTCCTGGAACGTCCAGTCGCCGACTACGGGAACGAATCAATTACTAAACCTGGCTCGGAATAGGGACACTCTGCTTCCAGGATGTTGAGTATCCGGCATAGTAACTTGGGCCGAACGTGCCAGAGCGGTCTTCTCGTACCTCCTGGGTCACGAGACCCGATCGAAACCGTGAAGCGCACTCTAAAATTGCCTGACGGACGTGCAGCCAGGAACTGTAGTAACCGACGTACTAAGCCAGGGCTGGCTGTTCTTCGTTCGGCCGGCACATTCCTCGCCATAATACCTCTCTGAGCGGATCGTACTCGCGGCCCCACTACGCGTAAAATCCAGTCACGATCCAGTCGTGTATCTATACTTGACTGTGCCATGCCCAGGCCTCCGATCATCTCACCGTTAATAAGTCCCGCACTCCTCAATGACCAGGGATAGTCGTAGCCGCTCGCAAAGACAGGCTCTCTCGCTGGATGCGGTCTTGTACGTCGGTGTCTAACTGCAGGGATTTACGCGCCCTGACATCTCGGTGGCAGGTCACCTATGCCTACGCGAGGTGGAAAAAGGTCCCGTAGACGTTAGTCCAAATTTTTTAACTAGACTTTCCTATCCGCGGAGTGTTGCGGCCGAGTGCAGGCTTCCCAAGAACTTACGTGGTCAACCGCAGAATCCGCGTGTGGAAACGTTGTCTAGACCTGGCCCATAACAAACTTGCCTCCTTTGCCAGCTACCGCCTGCTGCAGCGTTTGGCGCCCTGTTAATCTCCCTAACTTACTAAAGTAGAGGTATCATAGCCAACTGCGGGGCAAGTTCGTGGGATGGGAAATTTCCACTACGAGCCCAGTCTGAGCGAACAAGTTCCTGTTGTCAATCACCTCGAGCCGTAGAATAAGAGGATTGTCACGCGGGACTACCGGTTTTAGAGCCTTAGCCCATCGTGTCTCCGTTCTCCTCAAGAGTTTGGCGACCCGACTGCATGTCGTGCCACGATGGAACCTTTGAATGGTTGTGAAT,1858,53.55,Arabidopsis thaliana
SEQ_977881,TGAAGAGCGTAATGCTTGGGAGCTATGCTTCGCATCGATAGATGGCTGCCTTCTTCGTATTCTTGTATGCACCGGCTATGCACTGAGGGCTCACAACACCCTACAAAGCGCTCCCTGCACTATAGGATTGAGTTTAGATTTTTCCCAGTATTAAAGAATAGACACTTATGACTTGCCCCGGGCCAAAGATGTACCTCATCTACCCGTGACTGATTGAGGCCACATTACATGCCATTATCTAGGCTGAGTAGTAATAGCGATGTGCCAACCCAAGAATAATCAAGCAACTTACAATGGATGACGCGTTGTGCCCTGGGGGCTAGACAGAAAGCTAAAAATTACCACCGCGGTGAGTTGTTGCATCTCATGGTTGACCGCGGCTTGCATGACGGGGGATCGTGCGTCGGTGGCGTCAAGCTATCCAACACGGTGAAGCGAAATTGATATTTGCGTGAGTCTGAGTCCCGCCCGCAGCCTTCTAACCCAGGTCTATGGATGTGGACCTTGCTCTATCCGAAAATACATGGGTCGAAGCCTTTGCCGATCCAATCCTTTGGAAGAATCCTCGACGGGGAGTATCTCTCCATCCTGGGCTATATTATTGAGTACTCTGCTGTCGATGCCAGGCACCGCAGAAAATGTGCTGCCTGGGATGGTAACAGACGCGAGCTCTAAATAGGAGTATTTTAATCATATGTTCGGACTCCCTACGCGAGACAGGCTCAATGAAGTTTGTGAAGCGACAGGCTAACGCTAGCCCTGATAACAGCTGTTTTGGCATCCCGAGCCTCGGCCGTAAACGACAAGTTAACTCGAGGGCTCCATCTCAGAGTGTTGAAGCGAATACGACGGTGCCAGGTATTTCGGGGTATCGAGGATACTCGCCGTGGCGCTCTCAGTCGCTTGAGCATTGGACGTAAACTCATAAGGGAAGGTATGCAGTATCGAACCACTCCGCGGTCGTCAGTCGGGTCGACGAACGCCTAAAAAGTGGATTGACTCGTCCCCTGTACTGGCTCTCTCTTAACGGCCATCACTTCGACTTACCTGCGTCAGAGCGACGCACGCTAACCTAATTACTGATTCGTCGCCATCGTACTATAGCTCGTGGAGGTGCCACACGTATGCGGTTTTTTTGTATCTATATACACTATCCCGTCCACGAGGAGCAAGGAGAGAATTGGTAACGAGTCATCCGATTTAAGAATATAGATACCTAGAAGCCTGAGAATACTCAACTAGGATCTATTCCGTTGCGTCTCCTGCTGTGGTCCTGTATCTCATGTACACCTGGAGACGAGAGAAAGATCCACCCCAATATGGTTTAATGTAATGTGCCCGGGGCGCGCCTAACCTAGGGACTCGACAAATCTCAGGGACAACGGCTCCACATTCTACCTTTGAAATATCCTCTTACAGATAATCCACACCGATCGCACGATGCTCCCTCGGTCACCCTCGACGGCCTTGACCCAGTCTGATTCAGTCAGGTGTAATACCCCCCCTTATCTCGACGTTATACTCGCTACGCGGGTCTCCTAGGGCGCTATTTTTTGTGTACAAATCAGTTCCTGTATGGTCTTTGATTGCGCGACTTTTTCCCT,1604,50.0,Arabidopsis thaliana
SEQ_574504,TTGGTCATGCCCTCATGTCTATACCGTGGTTGCGATGGCACTAACGTATTAACGCAAACCTTACCAGCTGTGTAGGGATTTACGTAGGCACCATCCGAACTACAAACGGCAGAGCCGACAATTCTCACCCAGTAAACGGGTCATACACTTAAGGGGCCTACATCGCCATAATGGGACTGAAGTCCCCCTTGTCGCGCCTATCATCACGCCTTATCAGATTCAGCCTTCTGACACGTGCGTGTACGGATATACTAGACCCAGTGTCCTATCCAGGTAGTACTGATAATCGAACCCACGGAGTACATGAGTGGTGAACCAATGATTCGTTCTAGGTAAACTCGTTCCTCCGCCCCGCTTCTCCCAGGCACTCACATATTGCCGCGCTAGCTAGGAGCAAATCAAACTAATTCCTTGAAAGCTCTCCCGTTCCCGCTTCTCATTGTGCATGACGGAAATCGTCTAAGGCGCTGCGCACGGATGTTGGCATCCCGCTGCTCCCTCTT,503,51.29,Caenorhabditis elegans
SEQ_899686,ACATCTAATCTGACAACTGCCCGGGTTACTCCATCACCCCGTGGGTTAGCGGCGGATGACGGCGATGTAATGGGGTCATAACAGCTGCCTCGCGGCTCTCTCCCTTCGATTTTAGTCTTTCAGGCACAATCTTGGCTACAGGTACATAAAAAGTCCCTTTGTTCCTGATGACTGTGAGGGTATACTCGTCAATAGATGTTAACCCTCGAGGTGGACAATCATATAGATGTGTAAGACATAGTACTTTAGCCCCCAATGTTCTCTATCAGAGAACCAAGGACGCCCTACACCTACATAGGAGCCGTTGCGTGTTCATCGGGCCGAGACGTTAAGGCGTCAGGCTTTTAAAGT,351,49.0,Escherichia coli
SEQ_991623,GCAGGACGATATGGAGAAGTATAATCCACTAGACAAACGTTAATGCCGCTTATCGAATGTGTGGTCGGGAATAATAGGTGTGGACAGCGTGCCGATTTGCCTTTAGGAATGCGTACCCAGCTTGGCGCATTGCGCCCCCGTTTATATTTCACCACGTGTCTTACAATCAGTGCATTGGTGTGTACTGGGAGTGCGTCATTTGCAGAAGAGGGAGTAATGCAAAGCGTAATCATTCATTTTTACGTGGATCCAAGTCATTCAGTCTGTAGTTAAACGTTTATGGGACCTACTGTGTTTGTCGTGACAATTTGGAGTGCAGTTTCGCGGTACGGAGCTAGCGAGTCATCTCGGTAGACGGGTATATCTGCCGGTCGCTTGAAAAGTCGTGATGACACCCGTAGCCCATTCAATCTGAAATTTTAGATGTATATTTAACGCGTGACGAGCCACCAGTGTCTTAGAGAGGCCGGCTGGCGAAACTCGAGGACAAAAGGGCGATCGGATACCGGACAGGAGGCCCAGGAGAGCTATATCCTTGAACACTCTCGTATCGAAGCCAGATAGCTCCCTACCGATTCTTGGGATGAAGAGCATAGATTTAGCGTGGCTGTTATGTACAGCTAGCCCCACTAATCCGGCTGACTCACTTCTCGTCCCTGCAACTATCTGTCGGTAGAGTTTTAATATCTGAGTCCGGGTTGCGACGGTGGACACCCACACTGATTGAGTCCACCAAAGAGTAGTTATTAGTTTGTTTTCTGTTGTCGATAAGTTTATTTACCGTGGCTGTGTCCGAACGTCTCCTGGACTTAAGTCACACGTAGAACCTGTACGAAAAGGCGTGAGGAGTAAAAGCACGTCCCTGTTGTCTATACATATGTGTGTGCACCAGGCGCAATGAATTGGATAATACCTAAAAGTGTTAGGGCCTTGAGAGTCAAATGTCGAGTGGGTGGCATCTGCTAGGTGGCCGCTTAATTTTTTGGGGTTCGGAAATTTCGAACTCCAATCCCGAGACCCGTGGATAGGGAGGCGGGTTGTACTCGTTTTGACCGCTCTGGATTCGATCTCGTGCGCAGAGTAAAAATCCTCTTTCCTCGAGGGAGTGCCACAATTAGCTCCCGGCATTTTGGCGGTTCGTGGAGCTGTGAGAATTGAGGGGAGCCCCGCGAGACGTTACCTAAGCTGTGTTTACGGGGATTTCCAATATTTGGAAGGTTGAATTTGGTAGAACGTGTAGGTAATCATATAAATCGCAACATTGTCTCGGTGCAACTGGAGTCGGTAGGTTGACAGAGCCAAAGGGACCTCACGGGCCGGACTACCTGAACCCCATTACGACTGGGTAAGTAAGTCCGCATCTTCGCAGTCCAGAACCGTGAATCCCATATAGAGCCAGACCATTCAACGACTTGTATGCCCCGATAGTATATGAGTTACGTTGAACCCTCATTCATTTATTACAGGTGGTGTGCACGCCTCGATTACCACGTTATAGGGCCGTAGATGTCTGTTTTGGAAAAGATCAATAACCTAAACATAGTGTCAGACCACCGTGATAGAGGGGGTTCGCTCGGTTAGTAGGGTACCAGTCCAATGGCCGTTAGATAATAAGTACCGATTTGACTTTGCATTTAACAGGTAGTAGAAGAATGCAATATTACTGGCATCTCTGATTCTGTCAGGGAATGGTTGGCCTCTAAGAATTGTGGATAGTCAGCCTAGATAAGGAAAA,1735,47.72,Drosophila melanogaster
SEQ_647790,AGTCGTTGCACCTTGTGAACCTACCGTTTCCGCTGGGTCCAGATTTGACGACGTAAATCACTCGCAGGTGCCTATGACCACCGTTCTCCAATATTTGGAGATGGAGCTTGATATCCGGTCTATGGTGACTAATCGGTTAAGTTCGTAGCGTAGCTCCATGTGAAAACGCATAGGCGATATCGGCTACAGAAGTGTATCTATCAACTCATAACTAGACTTACACGTCGGAGGAATCTCTTTCTATCTCGAATAAGTCCTACACAATTGCAGTCTGTCGGTATTCCGTAAGCCCCGGAATTGACCTGGTACTCCATCTATTTGCACCATTATTCCCGAATAATTGGATATAGCATAATGTCAGAGAGTTGAGTGCCTGTTAGCCACCGCGGGTTACGTCGATTGTCGCACTAGCCTAGTATAAGCTCCAATCATAGCTATCGCGTACCTCCACGTGGTGGCCGAAGATGAGACCATAAGAGATAGTATTAATTGCGAGGCTTTGCAATGTTCAACTCACAAGGCGTAGCCGGATCATGCACTGCTCATAACAGATAAAAGCATGTTGTCCCATTTCTCATATACCACTGGGTTCCGACAGTAGCCCATAACCAGCGACAACAGGAAGCTAATGGACACAGCAGATTCCCTCATAATGCCGCGCTCCCCCATTGCCTCAAGGCCACGGGTGCCGCCAAAAGTACCCACCTGTTCACTCCTTTGCCGAATGGCGTTCCGCGCCAGGAGTGAAATAAGGGGGTCGATACATCTTACGGGGAGCGAACGGCACAACGTGACCAATCGTTTTCTTCGACCACGCGTATGGAAGCGAAGTGTGGTAGGCCGTTGCGCGTGTCCTGGATTG,862,49.42,Escherichia coli
SEQ_576032,ACGGGGTTCAATATGAGTGCAGCATCGTAACCACCACCAACATCGGGGATAGAGGCTGCGGGTTTGAGAAAGAAAACCCGGGTGCAACGCCGCGGTCCAAATTTGGATTCGTGTGGCCCTTCTAGCACTTTGTCTAACTAACGACATCTGCACTTCTTGAAAACCCGGCGTCAACTGGACCGTTTATCTGCTGTCCACCCAGGACCAGAAGAGACCTCAACGCATACTCCCCTACCTTTCGGCGCTGCGGGTCGCAGGGTCTGTTAGGTACCCAACTATTCCTTACTCAGCGATAGGGCATAGGGGGAAAACGGAGGTATGGGGCCGGTCACTAACGTTCTGCGATTCAAATTCGGT,357,53.5,Mus musculus
SEQ_718144,TATACAACTCCACATTAGAAGAGATCCCTAATAGATCCCATCATTTTCAGCTTTGTTGGACTCTTCCCGACTCAGGGCTCTCCCGAAAGTATTCTGGATCAATCACGCGAAACCCTGTCACCTATGGCTATTTCTCAAGCCTTCGTAACACTACCGCTGAATAGGACTTTGCTCGAGGAATAGGCCGCATCAGCCGCAGGGTTGAGACTCCGACTTGTTGCTGGAGTGAACATAGTGCCGCTAAAATTACGGAGCCACAACAAGCTCTTAAGTCTCTCACTTGTTCGATAGACTGAGACTTACAATTGGCATGGAGGGGTCTGAGTTCTGGCACTTAAAGAAATTGTTTCACGAGGGTTACACACTCCTTATATCTAACAAGTGAGCTCCGTGAATGTCATTGTACCAGCTTTAGGTCGGTTATCCGGTTGTGACAAGGTCGAACGGTCATCCGCGGCTGTCGTCTTCCGCTTACGGATGGGCATTGCATCAGCACACATCAAACAATGCATGGGTGGCGTGTCCTTCGTGTTTGTCTAAGAACTCAACTACCAACTAGCGGCTCTTTACACCGATGGTCCGAGTACTCGAAAAAACAGGTGCATCTACCTAAATTGTCGCCCGACCGAGGCTCTGCATCTACGCAAATGCGCCTGTCGTCAGGGCAGGCCATTTATTCTCGCCCAGTTCATGGGGAAACCCCACAGTAAATGAGTCTTGCTGGCAATGCTACTCGCAGTGCAAGTCCCAAAGGCGGTGTCGCTGCCGCACTCTAACGGGCGCCTGAAGATCTACGTAGATAACTACCCACCTGACATCGTCCATCTTATTACCGCTACTTAAGGTCAATACGCGATCCCGCAGCGGTATCTAAATGGGCTCGTCCCCCATTTGCCCTAATCAGAAATTTTCTGTAAAATATAAGTTAGTCATCTAGTGCGGAACCCTAATCCCAGTAGACGCAACGCGAATTCTTACTGCTCGCATCATAATCGGCCGGAGTCTCGACCATCGTGCCGACTAACATGGGGCTACCGCGTAGTCACGAAGTGATAAGAACCCTTTTTCAAGAGATGGCTAACGAATGGAAACTTACATAAGGCGCAACCCTGCTAGGATGCTCCTAAGTCAGCCCTGTCGCAGCTCGCAAGAATTAAAACCTTTACGCAAAGGCAAACACTCTTGTTTCATACATCCCTTCTAATGAAGTGGTTCTCCTTTTTATTAGGCCAAAGACTTGATTTATACCGTTTTACTCTACACCGGGTCCCGGTTTTTTGGCATAACGAATTACTAGATCTTCGTCGGTGGGCCCAATGAGCGAGATAGTGAAAAACACGGGCAAAGATAGGGTTGACCGGAAATGATAATTTACCGTGGACCGATGTGGGAACAAGGAAGATGAAAGAGCGACGTATTGCTGAGTTGTGAGGTCATAATAAGTACCTCTCGTGGTCATAACGCTCGTAATATATTTTCACGAGAATAAACAATTAACGGAAGCCCATTAACGACATTACCTCTCCGTAATAAGCCGATGATGTTCGAGGTTACCCGCCGTCCTGTCTGCGTATCTAAAATATGTCTTCTCGCATAGGCCAAAAGGAATTGTCAGCGAGTAGTACACCGCCACCATGGAGATACGAACGATGATCATGTTCTATTCCAGCGTTGCTCGCAAGCGATCAGGCGTTATCAGCAGCTGGTGCACGTGATCTTTGTCCCCCTCCGGTGGCCCGTCATTCCGTTTTTGGTGCGGCACACCCTAGGTTCTAATTTAGTACAGCCCGAGTGCATCTGTATAGACCCGTACGTCTGAATCCTTT,1826,48.03,Arabidopsis thaliana
SEQ_781886,CCGCATTGACCGCTAAATCCGTAAGTCTGGTATAATGCCCCGACCCGTCAGCTCGAAATCACGAGGCTTACGACACAATAAATAAAAACTGTTGACAACGTCCCACCGCGTAATTTAGAGCTTAGTGGAGCTCGGGGAATAAGGCTCTGCGTTCGAATCGGACGTCATTGGCTGGGGTATCCAATGTTCATTGATCCTTATGAACTAGAGTAATGTTGTCTCTATGGCATTCGTCCCTCAGACATCTATTGAGGCTATCATTTGGTGCAAGAGGTTGTTAGTGTGAGCTTCGGATAAAGACTGGAACCCCCGTTAACGAGCTACGGCTCAATTACTCGCGTTTGATTTCTCTGAGTGCGTTTTCGGGCACGAGGATCGATCAAAGTAACGCTAAGATACTAATCTAAGCAGGGGGTGGTAAAGGGCCGGCAATGACCGGCCGCACCCCTGCGTCGGTCCCGGAGTGTTTACCATTAACTTATGTCTCACCCGTTGGCGCTTTACCGGGTTCTGAACGTTGCATAGACGACGCCCTTACACTGTCGACACTTCTGGGGCCAGATACTGTCTAGTAGCTACTTCACCACGGCGATCCGTTAATCCATACTCTCAGTGCTAACTTCCGGCACGCGTTGTAACTTCGATTCGGCAGTCCGATAATTTGCAAAAAGTGACCGTCTCACCCAGGGAGGCCCAGCGAAATTAGAGAGCAAGACTTGCCACGCCTCATTTCATGGATTTACACGAACCAAGCAAATCCGGTTTATTTCTGGACCAAGGTTATGGACGAAGTGTAGTGGTTCCGCTCTCTGATGTACCCGAGCTTCAGTGTATAGATATAATTCCGGGCGTCGAGTCGCCCTTGGGTGCTTGCTCACATGTAACTGCAGAAACCGAGAAGCATTTTCGGTAGCCTTCCGCTTAGCTATAGCGGGCTTCGCTCTAACGTGACAGTCTAAGAAAAGTAAAACGGTCTCTTTAATCCGTACCCTATGT,996,49.3,Arabidopsis thaliana
SEQ_304310,CTGGCCGTTATTATCTTTGGATCTGTAGCCCTGCTACTATGCGTGAACGGAAACATTCCATAGCGTACATAGGGCTGAAGCACGACTTGGAGCTCGATCGATGTGAACTCTTAGTCTATCAGAGCTTAAAGATGTTCGGCCATTGGGAGGGCGTATCGTTAGCAGGCCAAAACCTTGACGACCTTACAAAGGACGTGACGTTTAATGATCCGAATCGGAATCGAGTAAGGTGTAGGTTCCCATCAGTCTTCCTTACCGGTCCTGCATTTTTACGAAACAGTCTAATGTGCATCACGGTTAGGGTAAAGTGACTATCTAAATGTCCAGAGCCTCCACCCTGCCTCTCGCTACTGGTGGCCTGGTAAACGCGATCCGCGAACTTGCCTAGATACAGCTGGAGCGAAAGGCGTCGCGATGATGGAGCAACTGGTCTACGTAGACTGACTACGTTGCGAAGCTCCAATGAGTCCCCACTTCCGCGGAAGTCCCCTGCAAAACGAACGGCAAGTTTAGATCTTAAAGGTTAGTAAGGATGTATTGGTAACTAAATGTTTAGCAGAAACGTTTGCAG,571,48.51,Drosophila melanogaster
SEQ_344732,CGCGAGTGCGGTATTACGCATCGTCCACATCAGACCGTTGAGGTTTTATGTATCGCATTTGCGCTAATACCAGTTCGACTCTCACGTTCTTTTGAGACTCCGATCGTGAGGAAAGGTTTTAGAAATCGTTGACGATGGGAACAAAGGACTTGTAATGCGCCATAAGGAAGGACACCCGGTACTTCGCTAAAAGTTAATGTAATGTTTCCGGGCGTATCTATACTGTGCAACGCGTATTTCGACTATAGTCTTGGGGACTTCGTCGCGAGAGTGGCCAGTACATTTAATTGAGCTCGGTCCAGAGACCCTCGCGGTCATCCTGAGGGACGCTTCCTGCTTCTGAAGGTTCGCAAAACCCCAAGACTGGCAGTATGGAGTGTCCGGTTAGAGGGGT,394,49.49,Escherichia coli
SEQ_849233,CATCGAAAATACTACAGAACGATGTTTCCGTAGCCGCACCTAGGTCCCTAACGGGCACGTTTTTCGTAGGGTTCGTCCTAACGCCGCCTAGTGACCCTATTAGACGGGCCAGCGTTGCGGGCTGCGTATCAACTACAAGGCCTCGATTTATGACAGAATATGTACCTTGATATCGTTACTACCCCTAAAACTGCTTTGGGTCTTGTACTGTGCGCGTACATCGCCGCAACCTAACACATGGACGTCTAAGGTGGGCGTTCGCCATCGACGTTGTGCTTGAAGATGCTCTCAAAGTGACCCAGAAGCCAGGCTCCGGATAGACGACGGGGCTCGCTTTTGCCACTAAAAGTTGTGCATCCCAGGCACACTTCGTACCAGGGAGGGGTACTGACG,393,52.93,Arabidopsis thaliana
SEQ_838457,GAACCTCTACGATCGTACTCAAGCCAGCTCGGGCTTGAGTGTGACCCTGTGTGCCCGCAGATAATTATAGTGGCTATATGGAATCAGGCGACAGGTCTTTACCTGGAAACTGAGTACCTACATGACCGAGCGCGTACATTCCGAGTCATCATCAAAAAACAGTTCAGACAGAACGTCCTTTCTCTCTCCAACCCTTATTGTTCTACCCAACATTACGAAGGGAAACTTGACGCGGGCAATACGACACTCGATACATAGTATACCAAGGTCATTGTGAGAAGGTAAAGGCTCTCAACACGTCCTTTTTTGTATCCTGTGACGATATTAGCTGAATACACCCGGCAGTACACCCCCGATGACTAGGTAGCTCTCCTGAAAAGCGACATGCACCCTTCCTCACAGCACGAGTCACGAACTCATCTGGACCTCGCTATCAGTCGCGGTAGAGTCGGTCCGATCGCCATGCGGTCTCGTCGCGATTCACGCTGGCGGAATGGCATTTATGGTTTGCTATGAACGTGCTGGCAAGTACCCTACGAACATGCCTAACCCCCAACTCC,560,50.36,Homo sapiens
SEQ_743991,CTGGCCGTTCGAACTGCTATATCATCGAATTTCAGTGTAAGACAGAGCTGTGCCCTCCTAGATGCTAAGCGACCGTGGTCTTAAGAAATGGACGGCAGCCCCACTGCGCCTGCACTCGGCGGTCCTGGCGCTCTCCCCCGTTG,143,58.04,Caenorhabditis elegans
SEQ_562133,AAGTGTACCGACGGGACCGGGGACTGTAACCACGATGCACAAGCCCCTTCCCTGGCCTTAGATGTACTACGCGTGCGCGAGCGGGGCTGTGTCAATTCACTCCTGCGAACTCTTGAAACCCTCGTCGTCGTGGCCATACACTTGGGTCATGCTTTTAGTACCGTCAACTTAGGGAAATCTGCTATAGCGCGTGGGACTATGACGCCACGGATACGATAACTTACTGCCCTACTCCGACGGACAGCTCGGCGAATAGACCAAACGACTGTTTATAGGAGCCGACTTTTCCGACATGCGACATCTGCGCTAGTGGCACTATGAACACGACTCAGCCTCGCTCCCACAATGGACTCTCCACTATGCACACAATACCTCGCCCTGTTGTCGGCCGCGTTGTCTGTCTGCCAAGGTGATTCAGACCTTGTCTTAGTGGCAACTTTTCATAGATGGGGTACGCAATTCCTTATTACCCCAGATCTGTGTCTGACAGAGGGCACGGGATAGCCCCAGTGAAGTTATTTTCCAGCTTTGAGACCCATAACAGAAGAGTAATATGGCTTTCCTGACCTTTCGCGTCTAACGACCTCATTCTAAGATGAATGGACATTAAATTGCCCGTCCTACCTCTCCCACGATTTGACGATAGGGCCTGCAGAATAGATATGAAGCC,670,51.49,Saccharomyces cerevisiae
SEQ_475136,GCGCAACATTCGAGTCTACGAAGACGAGAGTAGGCCAAGTGTTTGCTCACGCCCAGGCCTTCATCCGATACTAACTTAGGTTCAAAGGCTGCATAACGCCCAATTCTATACATTAGGAGTTATCCGAGAGACTTTTTCCAGACTAATCTGCCTTCCTTGAATGTTTATTTAATTACCTGTAGAAGCCCAGAATGGTGAAAACCGATGCGCGATCGGCAAACATGACCGAATGCGTCCCCGCGGGCCGTGTAGTTCGGTCGTCGTTGGCATCGGGCCACTTCACGCCTGAAGAGGTTCGCCTATCGACGATTGGGCAAAAAATGCCGGCAGAGGAAAATAATTGTGAATCTGCTAAATATCCTCCCGGGCTAGACAATTGTGTAAGTCCTGGGTATATTCTTGACTTACGAGAACTTGTCGGGCAATGCCAGGACAATACTTGTTTTATCCCAGACGAATTTATAGCGACTGGTTCGGTGCCATTACTAATCCAGGGCCCTGGTCCAATTCTGTGGCGGGTATTTCCGAACAGACTTCATGGTATGCAGAGCCATGACAAATTCTCCTATTAGCTTCGGGAACGTTGCGCCCCTAACCCTGTCCATGCGAACACGGCCGCGATCCTGAAGATAAAGTGATGATAGCACGGACCGATCGCGTGGCTAATCGTGGGCGTGAGGGGAATTGAGCGAGGGTGCCCTCTACCAACTCTCCACTCGTAAACGCCATGAGAACTGACCTTTATTGATGATCTATGCGCATCGTCAAGACACATACAAGTTTCTCCCACTCGAAGACTGGACACAAGCCAGAAGTCCAACGTAGGTCGCAAGAAACGGGATCCGCGTGCTGGTTCCTCATTAAGCGTCCTATACACAGCCATAGCAAATTCGGAGGGAGACACTGAACGAGTGCAGTTCAATGGATCTCGTAGAGTAGATACCAAAATGCAACCTATCTAAGTCCCTTTAGGTTCCCTTGTGTACAGCAGTCGTTCCTCTTGTGGGGCAGTTTGATAAAGTGTGGGGAGCGGTCTATAGGACCTGAGCAGTAATGATATGAAATTCGCGGAAAGCACCTCAGGGGGAGTAGACTAGAATCGCTGTTAGCGTCAATGGGCGGCGTGGAGGTCCTTTCAGGTTAGATCCCCGGCGCTGTCCATCGCTTTGTATTTTCTGATAGCGAAATTCGGCAACCGGTAACGTCGCAACCTATTTCGTGAAGGATCGTGTTGCCGGCCGATAGAGGCGGGATACATCACATTGCCAGACAGATTTCCCCCAACGCCGAGTAAGTATGTTACTGGATACCGCACAGCATCAACGCCATAGTCACATTCCTGGAGAGTGGACCGCGTAGCCGTGATGATTCCTGAGATGTTGTATTCGAGGCAGTTGCCAAGTAGGATACCCCGAAGCCCGACCCCAGCTAACTGTTGGATTCCTGGAAAGTTCGCATTCTAGCGCAAGGTAAAACACAACTCTAGGATTCTACTCACCATGAAAAAGTGATACAATCTCAGTTAGTAGGGATGAGCGCCAACTAGACTCCGCAGGCTAAACGCGGATAGCTATGCGCTAGCGCGGGGCAACACTAAGGGTTGATGCTGATGCCATGTCCACGCGAAGCTAGCTAGCTGGGGCTGCAGAACAGTGTCAACATCAGGTCT,1669,50.27,Homo sapiens
SEQ_152022,GCTAGGGCTGTTGAGTATAATGTCAGTATGTCGTTTCCTCCATCGACGCCCCTTACCCTCCATCTAAGACGGCTCCCGCCCTGATTCTAGTCTTCTACGATCGAAACACTCCGTTTCGTCTAGAGACACGGGATACTGGTTCAACCCACGCCAGGAAACGTCAATTACGTTAAGGTTAGGGGTGAATGCATCCGCAACAGTACGCCCCTAACTAGGTGCAAGACCTACTCGGATTCCAGCGGATACGTTGTCTCTATCAGCCCTGTAACCCAGGTGGTAGAACTGATGAGAATGTATTGTCTAAGCGCTTCGGGACATCGGTTCCAGGTCAGCTGTGCGAGGTTTTCGCCGTATCTCATCCTGGCAGACTCCTTCAGGCTCGATACGCCGTCGTGAGACACGGTGTCTCGAAAAACTCCGTGCGACTGCCATCTATTCGGACGTAACTCAGGCCTGTCCCCATTGACCAAATCTACGCCGCGGAAGCTTGCCGCATGCTCTTGGGGGACACACTTCACACTAATAAGCATCCGGAGCACTCACTATCATCGGCCGTTGTGCTCGGAAATCGGTCGATTACTCTTTCGGGGGAGAACTAAGGTAGTGGGCAAGGGTAACAAGGCCAT,626,52.88,Caenorhabditis elegans
SEQ_950070,GATCCTCCTAAACCAGCAAGGGTCCACGCAACCTGACATACTAGCGGCGCTTATCGACTTCGGCGAGGCGCTAAACACCAAACGCTTGAACGCTAGGGTGTGTAGAAGAATTGCTCGCTGCCATTCGAGTGCTGCCCATACTACGTGAGTCGAAACCTATCGCTGATACTGCATGGCCTAGATGATCTCTGCCTCATCGCTTTTTCCGGCCATCCGCGCTGGCAGACATCCGTTTTTGCAACTAATGACTACCCGGCAGGTAACTGGTAGGCTCCTCTGTTCACGCAAACGTTGTGTAGCTGGGTGTCGGTCCCTCAGCGTTTGAGACGTCGTAGCGGGACACAAGCAATAAGAGTTATAGTCCGACGTGTCCGCTTTTAAGGCCCAGGCCGATATGTTGACGCCTGCCTGGGGCGCGCATCGTACCCCGTACTCGCTCGTTACGATCGATTCACAAACGGTGAAGAGACCCGATGTGAGTACATAGGACTATTTAATGTTCGTTAAGTCGCGCACTCCCTAAGGTAGATAATATCAGCTCGTGAGTTTATCGCGCCGCACGGATGTATGGCCACGCCCTTGACAAACGCACTTCCAGTTTCTAAACGTTGTTAATATTTGCGACGGTAGGGACTGTTACTGGTCCGCGAATAGAGGTGACTATGCGATTATGACCTCTGAAAAATGTCTCGGCTTATGTCGTTTGCATGTATACATATACGGACCGGCTAAGGCGTTCCAAAGGAGGAACACAGGTTAAGGTTCAATGGTTATTAGCAGCGTGTCGTCGGCTTGCAGAGCAAACGCAACATCTACATTGCTCTTCCCGCACAATAATTGCTCGTACGAACTCCCCGACTCCAGTCGTGATGGTCGCCATCGTACTAGCCGAATTCAAGAGAGGCGAGGGCCTTTCTCTGGGTTGGCTTTTGGGATCGCCGTGCAAAGTTAATGCCTGTCGTCGCTTTCTAGGAATGTCGTCATGTCTTTAACATGAGCACTCTCGGTAACACCATGTGAGAGATCCCGGACAATTCGAGCCACGTCCAGGCCAACCGCCACGCAGTCTTTAATCACAAGACCGGTGCGAGTATGAGGGGCGTGATAGACTATCGGCGCGGATTAGCACCGGTCTTTGTGAACGCAAGACAACCTACTGCGGCGCCCCATTGAGCACTATACAGACAATAAACAAACTCTTGCAGCCAAGTGTTATGGCCTTCAATAGCTGCCAGAGCTTATACCGGATGTTACGTAGTCCCATTGGTGCGGACCCATTCAGATAATCGGTCCAGCAAGTGTGGCCACACAGAGAGTAGCATGTCACACGTTCTGAGGGGCCGAGTCTGAAGCTCAGCGACGGGTCATTCCACTGGCTGCTGGGGACTGACTTTTTAGCCCGCAGTTTGCGAAAGAGTCGGGGCTGGGTGTTTCAACAACACACTGCCAGGGCCGATCCCGCCAAGTCTGGGCTTCTGAGGTTGACAGGGAAAA,1494,52.28,Arabidopsis thaliana
SEQ_942521,TTTGGGAACTCGAGTATCCATTGATCAGTCCTAGGTGAACTACGGTGCAGTCCTCCGATGATGCGGCTTTTGCCAGAATCTTGAGTTCATGATCAATAGGTCAAGAGCCCCCGGTACTTTCATCTCATATATATGTTTGCCAGACGAAGTGCGAGTAGAGCTAGCTCAATCTGTGCACGCAACGTTCTTGCCTTTAGGGCGCGTGCAACCTTAAGGACGCACGGCCTAGAGACTGACAGTCCCGAGCGTACGGACCAAACAAGGAAACTCGAGACGTCAAATGACCCCTCCCGATAAGTGAGACTACTCGGCTCGGCAGGCCCATTCGGCTCTCTTAGCATCGAGTTACCTTGAAGTTAGGACCAAAGCGTACGCGGAGAAACTCTCTAGGCAAAGATTTTGGCGATTTAGAGCGCTCCCAATCTAGTGGTGAGAAGGTCTCTCCAATAGCTCTGACTACGCCGGGCGTGCCTAGCCCTTGCTAACGGCCTAGGTGTTACTCCCGATCGG,510,52.16,Homo sapiens
SEQ_187226,GCATTTTTGGTGGGGCATTGAGGTATACCACTAATTTTGCCGATTTACTTCAAAATGTGTGCCAGTGTCGTCTAGGTGATCACCTACGCAACTAGCGTTAGGACATTTTTGACTCTGTTTAAGGCGACT,129,43.41,Caenorhabditis elegans
SEQ_707498,TAGCGGGCGTTCGATCAGTTGGCCGTTCACACGATCCTCAACGACGAATAAGGTAATAGCTAGACAGCAATCGCGTTAGGCCGAGTTCGCAAGCAAAGGAAAGAGTACACGGAGATCTGATCGACAATGGTCTTAGGCCACCAACGGACAGGATGTAAAAACTTCTGTGCGCGACATAAACTGAGGAGAAGTAAGGCCCTGTATATTATAACTCAGCCTACACCCCTCGGGCATGCGGGTTAGATGCGTTAACGCGGTCAAAGGAATTACGGGAAGCCGCGACATATATATATAACTTTTTCCTGCTTGTGTAGTTGTTACTAGCGGAAAGAGGTAACACCGAAGACACGCGAGGGGCTCAATAATAACTTAATGCTATGGGAGGAAACTCATGTCTACGAGGAGCTAGCCCTTAGAAAATCGTAACACGCCGTCGGGCTCAGACTCTCGACGAAGTGGCATCTGCGCGCCATCCGGTAGCCCTAGCTATCAAGGTACACGGATATGGCCTTGGTCTATACACGGTAGTTTTCTACACTGTTGTCTACTGTATTTAGCGATCTCTCAGGGCGCGTCTACCGGTATAGGGTAACGTACGTAATTAGTTTTAGGCAAGGGCAGACGGAAGCGCAGTTCAACATACCTGTTCCATTGTAGATAAAGTTGTTGGATAAGAGCGCCATTCCAGTCACGCCCTAGTAAAAATCACTTACAGTGTTGGGGAG,725,48.41,Escherichia coli
SEQ_584898,ATTCTTTGTTGTATTACCACCTACGTTAAAACCGTAAATGGTCGTTGACTACATGGTAGTCAATTTAGGGAAACGGGTACCCAAGTCCTCTCCAAAAGTATATCTATCTCCAGGGATGAGTTTGCCAACCTCTATTTAGCTAACGGCTCTACTTTCTAAATGCCTGAGGGGGCGGATTGTGGGAGACGGAGAGCGATCAGAAACCTATCGTATCATCGGCCACACGTATCCTTCTCACTACAAGGTCGAAGGAAATGCGACTTCGCCGTATTCTTTACACAAGCACTTGAGCCCTGATCACCCCAGGTCGTAAAGGGGCACGGCGAACCACCTCATATCTAAAGCGTACAATCGAGATCAAATGGGACAACATTCTCCTAGTCGCCAGTCGGGTGTGATCGCATTGGATGAGAGAATGCTTGACCGTAGAACGTGATGATGCCAGACAACCCTGGCCGGCCCCGCCGACACGTAGTGTGACAACATCCATCATTTTAGCAAACAAATTAATGCAGTAACCCCGTCCTAATGCATTAGTCTCCCTCCCACTCCCTCTTTCATTGATAGGTATGGGCGCGCTAGATCGGTTCTCAATTCGAGCCGATGTTGGTCTCCCTTCCACCCTTTGGGATAATGTACTTGCGCCCAAATTTGTACGTTGTTAACAGTTAGCACGAAAAGCATCGAACTTGGACGCCACTGCTAACCAGTTTAGTCTCACAGATGTGCGCCGACTCTCTCTGATTCATGAAATAATCAATAGGTTGAGGTTGTGCTTGGAGTTTCGCCATTCCCTCATCGGCGATCAACAGCACAAAAGACCGCTTAACCGACGCATAATTAAGTCGCTTTGAGCCAAGCTGTGCAGGAACTGT,875,48.0,Mus musculus
SEQ_261212,GGTTAAATTTTGTGTGTGTGTTCGTGAATACTTGCCTGCCCTATGCTCAGTGATTCCACAGGTGGGTCACAACGTATCGTCTGGAGCTAGCTTGACAGGGATTCCTCGTCACGGATAGCACCCGTGTTCAGTGGTCCGCTATTCGTAGGCATCGCTGCTCTCTAATGTTCAAGCCTAAAACCACACCTGCATCCCGATAACACAGAGCGTCGCCTGGAATTATGACGGGCCCACCGCTAACTTACATCTTTACATGCCAATGAGCGAGATTCTTGCACCAGGGCAAACACCGTTCTATGTTTTGGCTCCTCTGCCGAGGGCCCTTCTATGATAGCCATTGCTCTGAGTGGACCACTTGTGTGATACAAGTAGTTTGAGGTCCGTCAGAAGCCAAGGCACGCAGGGTATATATCAAATCCATACCTTGCCAGCCTAAATTACGGGCACCTTCTGATTTAATTTAAAACGTCCAGAGACAGCTCGGCCCGACATGGTTAGCGCGCTAGTTCGACGACTACAGCTCACATTTTTCCGTGGCATACTAGGGTC,549,50.09,Mus musculus
SEQ_966051,CGTGCAAATGTCCCGGTGTGTGAACAGACCAAATTCATTGCACGTTGTATACAGACTAGAGCCATGAGCCCAATTTCACGTAAGCAAAGGAAGTCCTGCTCTATGGGCGACGGCGAGTAATACACGACGGAAGTCACTAGTCTGGTGTAGCGAGTTATGCGTTCCGAAGAGTAATAGCGCGAACGTGGGCAAGTTGCCTGCGTAGGCTATCTCATGGTGTCATACCCGCGTACAACCAGTGCGCACCACTTAGTGCATGACCCAAGCGGTTTGTGCGTTATGCAGCGCCTGGCTATCATATGCTCGTCTACGCAGCATGTCTAAGATCTTATCATCTTCGAACCTGCGATTCCAACTCCGCGCCAATGACGAGATCGAAGGCGATGCACATACGGAATAAAGATACCACATCCCAAAGAATAACGCGTAACGAACTACCATAGGTCAGGAGAGGTTTGAAGCGACCTGGAGTCCCGTTGGACTCTTGTAAGAAATTATACTACCAACACTCTCTGGGTAGGCCACTCATTCAACGTCGCTTGACGCTGAGGTGTGGCACGCAAGCCCTAATAAAAGACTTCAACTGAACGATCAACCCTTCATAACTTGTGCAGAACGGGAGGGGTGGAAAACAACAATGACCCAAAATTCTGATGAAGTACCCACCAATCTAGTTTTTGTTGCAACATGATCATAGGAGTCGGGTGGAGTACGTACGTATCTCCCATGTCTTAAAAGTGCGTTTGGAAAGCGTTTTACGTTTTTTGTTACAAAAGTGTCATCGGCTGGAGAATTGCAGGTAAGTGCTCTGCGGGTGCGTTGATGGCTTCATCCAGATATCGACCAGAGCACAGCAATTTTCCGTACACCGAGTCACTGTAGCAGGGTCTCTAAATCGGCCCCGCATACGATTTTATCTGAAGTCGTAAACGCGCTAGAGGTATTACACCTCCTAAGACGGTGGCATAGGGCCTAGGAAGAGCAGCGAGATCGCGGCCCCTCGGGTGTCAAGCGTTATGGGCATGGACTCGATTATTGGAGTCAATATAAGCGCAGCCCTCCAGAAGAAGCCGAAGTAGTTTCTTAATAGTTAGAGGGACGCCTGCGGCAGTCTACAAAGTACCAATAACTCAGGGGGAACACAAACGTCACAATCGTATTGTCTGGTGCTCTGCGGGTACCGTTCCTAGCCTTACAAATACTCTGCGAGAGATCGAATCTTGGTTCGTTCCCACTAATGAAACCGACTGTGACTCATTGACACATAGGGCCGTTAAAAAAGATACGTATGAGAACCCTAAATTTGGAATTCAAGAGGGGCCTTTATATAAGTGGACCTTCACTGAGTATATCGGAGGGGACCCGAGAGAAGCAGAGATCAAGCTTTGTGAAGTGGAGGT,1400,48.5,Caenorhabditis elegans
SEQ_472701,CATCTAGTATAGGAAACCAAAGCAGGTACGACCAAAGATTCGGGGATTTCAGTGCGATGAAACCAGCACTGCGTTTCACATCAAGGGCAAGTACTGTTCGATCTACTGTCTTCCAAAGCTTTTATGGCCTAGCTAAAGGTTCGAGGGTTTCAATCTATTATCCTCACCAAATTAAGCACCAGGGCCCGCCCCCTGGATGAGGTTAGCTTAATCCCCGGAGGGTATCAACATGTTATCAAAGCCATGCACTGATGAGATGATTCTAGTCCTCGCTATTATCATATACAAAATTAGGTGGTGGCTAGGATGTGACCGTGGGACTAAGCTAAACACGTATTAGAAGTATATTATAGGCGATGTGGAGACAAGTAAAATATCTAGGTATTTCAGGATGTGTGTCGATATGACATGCGATCGCTATGGACAATCTTCTCGCCATGTTATGCGCGCCGAACCGTCTGCAGAAACATATTCCGACTAGAGTGTGATTAGGTGTCGGTCCAAGATTATACTACAATAATGCCTGAGCGATTTCCGCGTCTACCTTGTCCCGTTCTCGACATCACCTGCGAGACGCCTGTCTACTTTCTCCCTAGGATGAGGTAAGCGCACCAACAATATCTAGTCAAGCGACATAAGCCCCCATGTTAACAAGAAGCTTTAGCTGGAGTCTCTGGTGTAATACCTCTACCCCAGTTCGTGAGCACGGAGACTGTGTGCGCATACACTGACTCTGCTTTGTCTCGCTCACGGTGAGCCCCTTTTCTTTCGCAATTCCAGTTGTGGGCCTTCTTCGGTGAGCATCGGGAGGTGGTCGGATTCCCTTTACAATGTGGCCCCTGACTCAGGATTGACGCACAGTGTGCGGGCGACGCAACATGCAATTAGCGAGCCACGCGAGTGCCGGTTTTCACTCTGCTTGGAGGTTACTACGGGTAAATAATGGTGTGACGGTATCGACCTCCTTCAGCAATAGCAGACATAAGGACCGGAGCTATGGTCCTAAGTTTCG,1012,48.32,Drosophila melanogaster
SEQ_323317,TAGTACCGCACACAGTGGCTGGGAACCTCGTTGCTGCACGGGTGTAATAGCGGTGCGCGCGAGAGTACCGTTATCATAACAAGGCTCATAAAATATTGCCCTAGGAACAACCTTTCGAGAGAAAAGTCTTCTTTCAACGGTACCTCGGCATAGCCTCGAAGCCGACAGGGGACCAGTTGAGACAACATA,189,50.79,Mus musculus
SEQ_599016,CGTATCCAAGAGTCGTCCTCGAACATTGCGAGCTAAAGGCTTCAGTTAAGGAGAATTTGAGTAAACACTTGTTCTAGTACCTCTCCTCCCCAGAGGCTCTATCTGGCCACGAGGCCCC,118,50.85,Drosophila melanogaster
SEQ_768486,TCGTCCGGCATTGCAACTGAGTTCGTTCCCGTTCATTAAATAGTTTGTGCGCGGTGAGGCCGTGCGTCAGAGGACAGAGAACAATTGCTGAACCGGCACCTTATATCACTAATAGGGTGGTACACCCTCTGCTTGCGGAATCATGTTGGCGCGTTTGGTACGAGGATAGGCCGACGGTTGTTTGTACCAATCTCGCCACCCATGCAAGGTTTCAACAGATGAAGATCACTTCCAACCTCTCGTTATTTTGTCTTCTGTTGTTAAGCTGTATATTCATGTGGGTATGCTTATAGTGTTTCGATGTGGCTGGTCTAACGTAGTTCGGAAACCGTATATGACTTATGGAGTCTCAGTCACAGTCGCAGTTACCCCAAGAGACGTTGTGGCGACGAGTCTGCTGCGCCGAAAGCCCTCGAGAGGCGTCGCAAAAGTATACCACCGTTTCGGGTCTCGATAAAGCTTTAGCCAACGCCTTGCCTTCAAATCGCTTGGCCCTGAATGAGTAGGGTTTCTGCTATATCTCCGTATTTGTAGTCAGCGATCAGAACCTCTAATATTTATTGAAGTTGTTCCGCCCAAATGATAGGTGTCTCTGACTCAGGGCACATTTAGGTTATAAATCGCGTAGCAAGGCTACCGTGAGGAGCTCAGCCCGTTTTATCGCACCACGGTATCGATGACCGGCGGCTATACTTCGGCTTCGGTCCCCTTAATTATTAAGGCAGCCTTACTTCCGCCTATACCAGTGAACGTCGTCATATAGGTATTTCGGACATTCAGCAGGTTGTTCGGTGAGACGACCAGGGAGAAATTTGCCACATCGAAGGTGGACTATAAGTCCAGCTAGCAACCCCTCACTAAACAACGCGGCGCTTTTGGAGAATCCGATCAGCTCGCTGCAGGATTCACATGCACTTCCTTGACCCCTCGTACAACGACCCCAACGGCTGGGGACGGAGTTTACCGTCCCGTACCACTCACGCGCGGTAGGTGA,994,50.2,Caenorhabditis elegans
SEQ_312616,CGGCGCCTCAATGACCTAGTTCTTATAACTATAGGTGGTGGTCTCTCGGCGTCACCTTTACAGTGAGGACGTACTTTCTCTAACCACTAGCCCCGTCACTTACCCACGGCTATTTCTACACCGAGCAGTAGCCTTAACGCCCGTTCCGTACCACCGAAACCTGTCAGGAAAAACCGGTCACTGCGTGTCAAACCTGACTCATAACGGTCAGGTGAGTGGCTCAGTGGGGAATCCCTCAGATCAATCATTCGGGTTTTTTGGGGAACAGTTACAAGCTACAGTACCCGGTCTAGTTCGTCCTATAGGCACTCCGGCGAACTTTGTAACCTAGTACGTAAGACGTAACGCTGCTTACGCACTAGCGCTCTCCCGCTGAGTCGGCCAAAATCTGCGATAAAGGACCGAGCGAAAATTTCATACAGGTTTGCTATTGCGCACGAGTCGGACCGTCTGAGCGCAGGTGAATAGCGTGTGTAATACCGTTGTTATCGGGCAGCTGTAAAACGAGCTGTGCGGTGCCCTTGTGCGGGTCTCCGTTATGATAAGAGGAGCTGCAGCGATCCGCATTATATTAACCTTGAAAGAAATGAAGGGCTTGTAAGGTTTATATGTAAGACGGACGTCTACGTCCTGTAGTAGGCGGACTTAAGGCAACGTATGTTTTTTTTACTGTGTCATCCCAACAATTTGCTAGAAGCGGCAGGATGTGATCATAATCCGCAAGGGAGGGCGCATTGGAACAGTCGAAATCCGTCAAATCTGGGTCCAGCTTCCGACGCAGGGGCATTACTGGCGTGGCATTCCACTCCCAGGCCCGATGGGGCGTGTTATGAACATCCGAGAAATCACTACCAAGAATGTGGAAACCCACTGTCAGGGCCCATGCAGTTACCTGCCCACCCGTGTAAACGTGAGGAGTCGAATACTTCGCAGCGAACTTCGGGCTACTGAAATAGTAAAACACTACTGCCCCGTCTCCAGGTCACAGGCTTTATAGACGGAATTCCCGCCGGGCGTAATAGTGTCATTAGATGCATGCGCTGTCGAGTTTCTCCCGCAAGGCTCATAGCCCTGCGGATATATTAAAAGTCCTCCCGTGTCGTTGCCAATTAGCGGTTTATTTTTGGCCTGCTGAGTGCAGAGGATTATTTCCACTGGGTGTATCCGCGTCTGCAGAGGAACAGTACGACCCAGACCATAACGGGCGGACGGCCGATCATAATAGGCGTCTCGTGATATAGGGTTCGAACACGCATATGAAGGAACTGCATTATTGCTGAAAACCTTAACGATCGGAACGTAGAGGTGTCATCATGATCGATTACATACGGCGGCGACATTCTGGGGGCGAGACCAAAACAATTAGATGCTTAACACCTGTCACTTCGTCGGTTCACTGATCGCACTATCGTTGCTCCTGGTCGGCGTAGTCGCAAAGTCCGCTAGACACGCACTTAGCAATAGCGAGCAAGAGCGGGACTGTCACGTGATGTCTGCACGCTACCACGCTTTCGCCGAAAGAGGATAATGGGGGATTGCATAATCATATCCGAGCAGCGGGAGCGCAGGTCCTGACACAGTTAGCGGTATCGTCAAAGTGACCCAGCGGGACCCTAACAGCGGGAGTGGCCCGTAGAGATAACTCGGTGACCAGTGGCATGACGCCATTACGTCCACGATCCTTAGATCTGGGCATGCATGCTTCGGCAAACCACAGGCAGATGAAGCCTGGATGACAAAGTGAGCGCTAGAGTACTTAGTAGT,1764,51.53,Arabidopsis thaliana
SEQ_430374,GAGGAGCAATAATGTGGCCAATGCAAACTCGGAGTCGCTATATATCACGGCACGATGAAATACATAACGTCCCCGTTGCAACTGTCCGACTACTTAAACGCTGAATCGGAGCATATTACACGGAATCCGCGCACCGTGTCGAGGTCATTCGGCAAAATCGAAGATATCGACTGAAGCAGATGATGTGTTAAACCTAAAGAAGGAACTGGCGCCGGTACTACTGCCCTATATAACCGAACCCTAACCTAAGCATAGGGACGCGAAGCACAACGGACGTCTCTTCCCGACCAGGTAAGTCATCTTTCAGCTCTCATTCTTATGATTGACCTTTTATGATCCCCCGGACTAACCCCCAAAGTGTGGTATTCCACACTGACTATCGCTTACCACGTGGAGATTGAAGTTCGTGGCTAGCGTGTCGTATTCCAGACTGGGATTCCAGAATACCCGCCGACCGTGTGGGTTAGGATTGACTCGCAAAAGTTCCTCACTTAAGCCCTGTCTCTTCTGGTGCGAGCAGCTCTTGTACGCCCATTGCACACTGCAGTTAGGTACGACGGGGCTCGGCCTCTGTGCCC,578,50.69,Mus musculus
SEQ_472884,CCATAGTGTTCGTGATGGGAGAGCAGTGCCCGATGCTGTAACTGGCAATCAATCCGCCGTCCAATCCTATGATGCCAGAGCTACATTCGCTCCGGCTAAAGCGCCGCAGATATTCAGCTTCATCAAACCAACGTTCCACGAAGGCTCGGAGAGCCCCCTTATGCCCAGACCGTCCCGCCAGTGCATGCGGCACTACGTGGCGAAGGCTCCGAAGCTTGAGTTTCAGGACGTCGTGGCAACACGTAGCTACACTTATTAACGTATTTTTTGAACGCTCTCATCCAAGCGATTGTGTTGAGGCTCCGTATTCATGTGAATCAGTGTGAGGTAACTGACTGCTACCGCGCTGATTTGGTTCCTCCCGCGGGTTGTTGACGACTACCATAAGGCAGGCCTAGACACGCTAGTTTTTCACTTTTCCCCAATCTCGTTACAGACTCGCCGTTACTTAAACAGGAGGTTGACCAAAAAGAGTAATGAAACCTATTGCGACGCACGTATAAAGGCACTGCCTCTCACCTGGACCTGAGAGTGCACCGAGGCAGTCTCGGGCGGGCCAGGAATTTCCACTAACTAGCTAATCGGCGCTGTGCACCTTCAATAGTGGTCCTGGTCTACATGACGCTAGTTAGCCTTTGAACGTGATAACGCATCGGATGAATGTAGGAGATCCTAGCTCGCCTTTTACCTAGGAAGCTAGCTAATTGTCCTTGAGAAGTACCCGGATGTGGCTAGACAAAGTTTTTTCTCCGTGCTTCCGCATACCGGACTTTAAGATATGTTTGGACGCGCAGTCGTACGAGGTCGAAAGCCGATATCGTGCTTACTACCAACGACGCGCTGGTGTTTACTACAAACGCGAACAAAATTGTCCGTTGTCAATCCGCCCGCGACTAGACTGGTATCGATGGAACGCTGCACGTAGGGTGATAGTGCTAATCGTCTGGACGAGCCGGCGCGGCGAGACCGCGGGACGGTTTAATTTGCCAGCGTGATAAGAGGCCACGAGTGCAAGCGACGGCATAGGACCTATCGTCAACATACATGTGTTATACCCGTTTGTATCACACCTTTACCAGCTCTCCTTTTAACCGCGAACACGCAAGAACCTAGCAAGACGAGGTTGAACACTCTAGTTATTCTCAGTGACACTCCCCACAATATAGGAGAAATATGGGCCGGTGAAAAAATCAGGATTTGGATCTCTGTGGAGACGCACTCGGGGAACGAGAAATACGATGTATGTGTCTCGTCGCTACACCGGTTTCCCGTGCGGACGCACCGTAAAGAGCGCGGATTCTGAACATTCGGTACGTCAAGCTCTCAAATGCTGATTACCTGTGATTCGCCAGTTACTATCTGACTGGCTACCTGCTCGTGCACC,1384,51.23,Caenorhabditis elegans
SEQ_314683,ATGCCGTAAAGAACCACCTGAACGTTTCTCCGGTGGTGGGAGTATTTAAAACGTCACTAGAATATCGAATGTTCTCAGTCCCAGTGTTCCCTACT,95,45.26,Arabidopsis thaliana
SEQ_164802,ACTGAGCAATGCGCAGGTCAGCGACCGTTGCGGAAGCGTCTGCACCCGATCCGACTCAGAGTGCGCCAACCCATTTTGGTTGTTTCCTCCCATTGTTCCCGTTAAATATGATCACTAAGACGATGTCACCGGCAGTTCAGTTGGATAACGGCGTTCGCCCATGCGGACAATCTGGCCGATGTGCCTGACGCCGCTCCCCATGTACGTACGCTACCTAAATTACTCTCTACAGCAGGTGCCACGAGTCACAGATTCGAGAGCCGCTTTTCTGTCGCTCCCGAGGAACCATTTCAAATGCCTATAACTCCTACATGGTTCATGTTCTGCAGTTCTTCAGGCATAAAGATACAGTAAGTCGCGGGTACATTCGGACCAACGACCTGACCATGCCTCGGCGTTTATGGGTAGAAGTGACCGTAGACACACGACAACAGACACTGGTGTATATTCGTAACAACAATCCGGCATACTGTAACGCTAGATATCAGACAAGTCAATGTCTCACTCGTACTGACCAAAGTTTGGCTGTGGTACATGGATTATTACCGGATTTAAAAAAACCCCACGAAACCGGGAGTCGAGCCAACCGCCCTAGATTATTTCAGCGCAAATGCAAAATTCGATTGTTAGTTACCGGAGTTGCGCTCGAAGTAGTCAATTCCGGTTAAGACTCGTCAAACGGACGACCTAAAAAAATGGCACCTCCCCACAAATTAGATCCGCGCCTTCGTGGTAAAATGTACGTGGATTCCAGTTCCAGGAATCAGGGAAAATTTTCCACTAGCCATACTGACTATTGGTCGCTGGGCGCCTGTCTAGGTCAATTCAAGGACTAGCCGGTCTATGAACCGTAGTGAAGACCCGTATCTCCTAATCGGGGGCACCAGACCTCGAGTTTAAAACGGGTGCTTCGCGGGGTACTGGGTCAGACGATAATGCGAACATGCATGTGACCGCGCAATTAGATCTGGTATGATGTACGTGTATTTACAACTATCCTCAATAATGTGATGTCGAGTTCTGCAAAACGTGCTTCTGGCCTGTCGCGCTCATCCTAGGATGATGTGTCGATCACGACTGGGGTTCCAGTGGAGGACGTTAAACGCGTGGTTCGCAGGCAAGGAAATATCCCACTGTGGATGCAAAACTGTTAGA,1155,49.44,Mus musculus
SEQ_253571,CTTAGAGTGTTGCCTGCGTCTGATAGCTTTTACGACCTGAATGTAATGGGCATTGTACGACTACCTTTCGTGTTGGTTACACGACTGAAGTACAGCTTGGTTGGGACGAAAGTTAGGAAGTACCGCGCTACTAGAGGAGTGTGAGTATATCGGATTGTGGCTGGCGATATGGTATACATCAGTGTATGCGCCCCCGCAGAAACATGTGGTTTGGAAACCTGTTTCTGCTAATCAGCATTACGCGAGACACGTAGAGATGTTGAGGGCATGACTCTGTTTTTACGTTAATCGGGTGACATACTGGGGTCTCACGAACGAAACCAGATGTTAGACTAAACTCAGGGGACGGCTACCACTCCGCAGAGAGGCCCGGACTGCTTCTTTATTGTGAATTCACGTAATGTTGTTTAGCATGTCAGGGGCAGTGGATGCCCCTAGGGCGTTATATGCAGAACAAATAGTCAGACGTAGCCCTCCGCTGCGCGTGCTGCCTGCGCTAACTTGCTACCCAAACAGAAGTCTTTTCATCACCCCTTCGGTACGGACCCGAGAACTGAATCAATGGCTTCACTCCCGGGGACTCCTATGGGGGTACTTCCAACGGGGTCTTGTTGTATCGTAATGTGATTTTAGTCATCGGAGGTATTTCTCGCGTGCCGAATATTATGTATGCATAACCTGGTAAGACCCACGAACTCAATCTGTTGTACTTCAAGTTAATTTATGATTTCCTATCGTGTAATGCCCGTAAAAGAGAGAGTAACGCGCCCGGTGACCCACACTATTGTGGTTGTCCTGACATGTACACAAACTCTTCTTTCCCCGTGCTATGTATAGGCGCATATTCAGAACATACGTATCCAAGTTACCTGGCACGGGGCTTGAAAACGTATGCTCATCGTTCTACGTTCGGAATACGATAAGTTCGTGACTGCCCACTAAGACTGATTACAATCTCACTTTTTGTCAGGCTTCTCATAAGCTACTAGGTCCGTCATGATGACTGAGCGACTCTCCTAAACGTGTCGTTATCATTCCAATGACTTAGGGATGCGAAAGGACCCCTGATCACCTGTTGAACATGGAAGTGAATACGCACATAGTAATAACTATTTGAGTCGCCTGAAAAGGGGGGGTGACACTTCGAATATAACACCACCGCTACTCCGTGCGCCATGTGAGTAGATAGGGTGCCATGCGCAGTACTTGCAGTGAACTAACTATAAATGGGAACTATCATACTACAACGATGTGCTACAGTGATAGTAAAATTACGAGCGCAAATATACAATACGTTCCAGCCATTACTTAAATCCGATGAGAAGACTCCTAGTACGTCAGAGCCTCCCAACAAGTCGGTTCGAGGCTATTAAGGACCGTCTCCGACTCCTTACGTGGCCTCTTCCGGTGACTGAAAGTAGCGCATGTCACAGTATGAAACTCGACTGGACGATCAGGATCAGAGATGATACGGAGAGCGGGCAGTCCTCGGCCAACATCGACTTGAACTTAGTCGTAATTTATTCTGT,1529,47.22,Homo sapiens
SEQ_412397,TCGATTGGTTATTCTGTGGCTGCACGTCCTGTATAGAACATGATTTTTGTGTACTATGACCTTGGTTCCCTACAAGTTAACGGGAAAGTTCACCGGGAACGAGGATGGAGTAGGATGTTGGCGGAGCTATCGCAGGACATTTAGCATGGACACCTAGCGTACACTATATGCTCCACAGCACCCACCGTACCCTGGTGACGGTGGGATCCTAACGAAGTTTGAAGTCAGAATTTGGCAGAACTACCCAGTACACCTACTCCGATTGTCCCGCGTCACGACCTCTTAACTTGATGAATCAGCTAAAAACACTCGCGTGGCTCGAAGATCAATAGTAAATGGGGTAATCATTACGGAATAGTTATGACCGCCTGGGTCCCTAATATCAGCCGATGCCTGATACCTTGTCGGTGAGCCACAGTTAGCGTACTACCATTTGAAACAGGTCAGACGCGGTCGTAATTTTGTAGTGTTCAGTCATTGAGAGTGTACCACTCTTTGAACCGACTTGTACTTTTTGATGGGAATTTTACATACCGCAGGGCGGATTACACAAGGAGAAGGGGGGTCCAACCGGGGGGAGGCCGTGAGCACCGGTGTAGCAGTCTAAACTAAAGTGAAATTTACGGACAGCTAGTCAGCAGGAAGCATTTTGATTAAAACAAGTATAATGCAGCTGATCTTTGACCATGTCCCCTCAGCGGCGCACTATCACTCAGGTCGCACCACCCCAACAGGGTTGATGCCCGTTCAGACCGAAGTGTGGTTCCTCATCAAAGGACCTGACTTGACGTTTTATTATTGATCTATGAATGGCAGACTGTGCCGTCTACCCGCGAACAGAATGCGCAGTCTACGAGCAGCAGCCGGTGATGTTCGGTAGTTTCTGGATTCTGCAGGCTGACTGTGCGCAGGTCGGCTCCATAATAAACAGTGGCCAGGTGATTCTAATTGCGCGCCGCCAGAGTAGACCCAGATGCTCTTGGCTCTTCTAGGACAAAGAATCCATTACGGAGCGCGTTTTTATGGCCGGCACTGCGCGAAGGTTTTCGCTGTCCTCTTGGATAGAACTTATCATACCTGGTAGCCCCGCGGAGCCAGAAAGGAAGGCCGCCTACACGCATTACGGGCGAATAGATGTGTATTGGAAAACTATCGTCATCCGCTAGACTCAATGGCTCATTGATAAAGAATGCCTCCGGCACACTGCAAGTGTTGCATCGCCCTGGCCCCGCCTTATATAGACCAGCTTCGCCCGCTGCGCAAGTTATTTCAGCCCCAGGGGGGGAATGATTTTTGTGCGCACACGTGAGGCTGTTTCAGGCACGTGGCCAAAGGGGACTGGAATATCCTATGAGAAGCGCGTGTCGGGGTCGATTAACGAATGACGTATACCGATTGAATAGCGAATTTGGGCCTTGAACCTAAAAGGGATACTTTCATCGGGGAGTGAGGTACAATTCACGTAGATGGAACAGAACACCTTTGTAATTAAAACGCTACTCAGCGACAGCATGACCAGGCTAACCGACTTTATTAGTCATAATGAAGGTTTGGGATTATCCTATAGCCAAGGCCAGCGTGTCACTTATATGTTGGGATACCACACCGCCACAGCTTCGAACACATTGTCCACTGCGCCCTCGACGATAAGCTAGGCACGTTTACATCTGGTCCGAGGTTTAAGATGGTGTGTA,1694,49.65,Escherichia coli
SEQ_188435,GGTCAGCCCTTGCGCAGACGCTCCACTCTTCGCGGCCTCGTCCCTTTATGAGTACGTAGGGTAATCGCTCAGGCATGGCCGGCTTATATAACCTGAGGGGGGTCGTTGATGCGTGGATCCACACTATAGCTTGCGAGCCTGCGTTATTGTAACGATACACTCCTAGTTCTAATGCTGAAGCCTCCAAGTTCCTCCGGGAATCCTGGGTAGCGTACCATATTGGCTTCTTAAAACTAAACCCGACTCGTGCACCAGAGAACCAGATGGGGTCCCAGTAGGTTGAGAGCGTAATCATGGTAATAGCGCCTCTCCGGAGCGGTTTATACCCGCGAACAAGGAGCCAATGGAGATCTCGGTAGAAAGATACGTACATTCGCCCTTCCCCGCGTCGGACGGGCTAGTTGGGGCAGTTTAAAGGCGTGGTCCAAGTTAGTCGTACCGGCAGTGTGAATACCATAGGGGCGTATGCTCGTTCGACCTAGGCCTGTATTTTGAACGAGGGGTCCCAAGGCGGCCACTGTAGGCTA,527,54.27,Mus musculus
SEQ_847007,TCCTAACGTGTGGGGGAATAGAGCATCTTCCGTAGTTCTCCTAACGGCCGAAATGTGTCGCCAACGGGTCATGCACCAATCCTGACGTTCACAAACGTCTCTATCACTTGTATGGTTACGCGGAGAATCACGTACATCAATCAGCTTGGAGGAGGGGCCGGAAAGTTTCCGCCCAAGAGGACTCGTCACATGGTCGGTATTGGTCTCGCC,210,52.86,Arabidopsis thaliana
SEQ_938307,AAGATAAACTAATCGCTGAGCTTAGTGATATACTTTTGGAAACACGAGGTTGGTCCTATTGGACCGTAACGGATCCATACAGTGTGACTGAGCAGTCGTTCCTGTTATGCCATGGGAGGCCACCGAACTGACCCGTATTTCCTGGCCCGCCCCCCTCTTATGCTAGCCGCAATGTATACTGCCGATTTGCAATCGCAGGCCAAAGCATCTCAACGTGACCGGCTTGTACTACCGCGATGCCACAAGCCGAGATGAGGTTATTCACTCGTATTCTATTGAGCAACGTAAGTACCTCTGTGTGTTGATCCGATAGGAGCTTAGTACGTATAAATCGTAGTACCTACTATTTCAGTTTCGTCGCTTACTTGAGTAAATAGCCGGGCTACAAATGTATGACATTCGTCGATTCAGTATATGTATCATAAAAGATATTCCGCCGATAAATCTCGACGATCTGCTAGTCCGCAACATGACAATATCGTTTGCCTAATGCATATTCTCGGGAAGGAGGTTCCGTAAAGCCGTTCCTCAAGAATCATTGAAGGAACCGCGAGGAGGCGACCGAAGTTCGCTCTACACGGACATTGAACATGACCAGCACTGCATCTTATAGCAAACCTCAGTTATTCGTCGCAAGCCAAATCCCTCGCAATTAATCCTAAGCATGGTTTGACCGCATCGCCGCGATCTTAAGCAGCTAGTAGGGGAACCCAAAGGTCCCTACGGTCTGGGTGTTATTTTGCCCTTTTTTTAGACCCAAGCATTTGCCAGGAAGTAGTATTGCGTGAAGAGGCACCAGGGGCGGCCTGCTAGGTTGCATTCCGAATTGGCAGTGAGATGGTAATCGACAAGACTTTATAGCGTGATTCGTTCTCATGTCAGGAGTCTGGGGAAGGATTAAAGTGGCGCATATCCTCGAAGAGGGGTTGTCTACCGACGCCCCAGTCTAAACGAGGATCCCCTGCGTAATAATCACCCTCTTATTAAACGGAGCTTGTATACTAAGAACTTCTTGTAGTGGCATCAATCCAATTAGTAGACAATACGGCCATGGCACCCTATATCCGTATTCAAACGAGACAAGAATTCTCCAGCTGTAAGGACATGATTCATAGTTGTGTCCCAACTGGCAAATAAGAGAACGCCCTCCAGGTGGACGCCTTGTCGTTACAGTTTCCTAACGATGAGGGGACACCTCAGAGTTACTAGAAATCTGTCTGGTACCGTGTCTAGATACGGTAGGCGCACTGTAGTAGGTTACCTGCAGATGCGCCCGGGGAGTTCTTGTAGTTATAAGTGCGGGAACCATAATTGCAACCAGTCTGTGTTATCCACAGTGCTCCGATCTAGCGACTGAGTATTCAAGTAGCTAGAGAATACTGGTTCTTAGTCGCTGCGGACTCAACGAAAAATAGGACCGGAAGGATAATCTGACGTTTTTTGCCACGTTGTTGTCCTAATGTGCGGAACACATGCATGCGCTCTATGCGTGTATG,1496,47.39,Saccharomyces cerevisiae
SEQ_377891,GATCTCATCTAGAGCGTGAAGCAACCTCTGATTGAGTCTCAGCCAAGTTTATGTAGTGGCTACCTGAATTAGTACGCTTGGCTGAGACCACATAATGTGATTAGGATGGGGCTATTGGACTATGGCACCTTGAAAAGACAATCAGGAACTAGTGGCGCCATACTAAAAACGCCACGAATTACCAAATCAAACATCGGACCTTGGTGTGTGACAGGCAAGCCAGCTAGAGTGATAACCGGGATATTATTTGTCCAATTCGTCTACTAGAGCTCTTGTATGGCTGAATCTGAGATGCCGATCGATTACAACACGTCTGATAACAACTCCCCCGCAATAGATCGGTAGTCACCCAGTTCTGATAAGCGGTGCCCCCATGATGCTGCGACTTTCTGTTTAGTACGAGACTATCGTTCGCAATTCGCGTTTGCTCGCCTGGCCAGGGCGGGAGTATTAACCTTGGCTCCGTTCCATCAACGATTCATGCGTGATGGGTCGGGGTTCTGTGAGACAAGTGCTGAATGTGGGGAGCGCCGCGGCTGATGATCCATGAGCGGTCATCTTACACGTCACCTTACCTGGTATGAACAGTTTGAGATTAGTGTACACGAGGACATGAGTTAACCACAGGTTGAGTACCCCAAGCAGACCCTGAAGGAACCTATCCCGTAAAAATCGCGAGTGTCTTAGGGTGCGTCGGCGATCGTGATGATATTTTGGGAAACCGCGATATACGCAGTACTGTTCGGAGCTGTCCTACGAATCGTGGCACAGTAACCTCAGAATAATTATAAGCCCGGCTGAGGGACGCAACGAAGCCCTTGTCACGTCATCCTTGACGATAAACACCTAACGTTCGTAGGGCACCCGTGCGGATACTCTCATGAGGCATCGTGGTTCAGACGGCGAAT,908,49.67,Escherichia coli
SEQ_211035,GTCAACCCTCTAGAAACCGCGATTGCGCGCCCTTTATTCTTGAACTCGCGTTGCCACCTCAATGTTACTCCGGGGGTTGACTTATCATCGGTGACATTTTCATACCTAGGTGCCGAACATTGTCCCGACGATCAGCGACTCTTCCTACAGCGGTCCCTGAAAGGGGAGAAAGTAGGCCCCTGGGAGTGCCCGCGGCGGACTATATTACGCGCGAATGGTGGGCAACATTATCACGGTTTGTCACATCAATATGTTCCGATACCAGTCCTTTTTTACAGGCCGATGTGGTCTAGCCGGACTAGGCAACTGAAGAATCGCATGGCTGCACTACAGGTTGTGCAACAGCAGTGCCGTATATGCAGTGCTGAATACGAAGATATTGACTGCCACTAGCAGACTCACAGAGGGAGCCCGGGATTCGCCCTTAGCGCGTTCGTGGTAAGGCGACCCTCTCGCAAGACGTGAAGAACTATGCCCGTGTGGGCAACTCAGCGATCCATGTTGCGTGTACTTGTAAAACCCTCTATTTAATCGCCACAGAGAGTCGGCTGGACCCGTCGACTTATCTAGTGACAACACATGTAAGGTCAACGGCTGACGTAGCCATATGTATCGATCGTTAGCTGCCGTATCCCCTTTTTGAAGTTCCCTGTTTTTACTTGGTTGATATAAGTCATCCCCTGCGGCGATGTGTTGCCAAGCTCAGCGTTAGATGGGATCGAAGGGTGTTTGTTGTCTTATCGCAGAGACGTTTGCGATGGTGTGTGACCCCTCTCAAGACGCGGACCACACACGGTATGGACATTTCGCCGCAAGAACCCGGGATCGTTCCAACTGTACCGCGGGATACATCTCTTCATTTTTAAAACGACGGTTCAGAAGACAAGATCTTGAATCCTAGGCGCCGAGTCAAATACAAAGGTCCTAGATTTTGACCCCCTTAAGGATGTTGGTGCATTCTCACCACTCGACACAGAACGGGTCGGCATAGTATATCCC,999,51.15,Arabidopsis thaliana
SEQ_749660,AGACTGTGTTGGTGCCATTGCGTCCGTGAACTCCCCACGGTTGGCCTGTATGCGTATTACATTAACACGTTTCTACAGAGGGAATTTACAGCGCCCTCCGGAGTAAGGTGAAAGCGCTAGGTCACTACGCTCATAGTGTCATTTCTTAGGCCCCCTTCATGCCCGCCGGGTACAATGGAGTGGATCAGTCGGGTGGCAGTCACACGCCGCAGGTGAACACGCATCGGTCAGATTCGAGATTTGGAATAAACCAACGCAGACTGTCGATCCCATCGCCCACTAATTCCTCTATGTTTTGGATGCTCAGATCAATTCGCCCTCGGTCTGGGAGACGCACAATTAGGCAAAAGGGAGACGACCATTTCCTTCGTTCAAGCTTGGCTAGTCGCGGTACACAGCCATCATAAAACGAGGGACCCGGGGACCCCAGTGAACGTCCAATGCTTCCCGAGACAAAGAACGTACTCTATGCCTCACCATCAACTCCAGCCTCACTCGATGATACAAAACTGATTGTAGTATTCCTCTGTCCGCCCGTTTATCTGATGCGTTGACACCTCAGGAATGACTCTCGCATACCCATCTGGTCACTGAACGCAGGCAAAATCACGATTTTAAACAGTGATATGAGCGTACGAGACATCAAGTCCTCGGCCCGCTACCCCAGATATTGGTGTGCACGATCAGATAAAACCGTCCTCCTCCATTTTCTAGGTGGGCTGTGGGATCTCTCAGTGTACCCCATCCCGAAAAATTAACCGGAATGCATCAGCTTACAGCTTCCAACAGAGCCTAGTAAGTGGGGTCGAGCCGCTGGTGTTCACCACGTAGCTCTTACCTAACTAGTAAAGATCCTACGAACCGCTCAGTTGCGGGGAAAGATCGTGTTCGAATAGCTTTTTAAGCAGTCCCTACCAACAGAGACAATTCTTGACGCCCGAGTACTCCAGTGTGGACCCTGCCATTAGACACTCCCTGGCCGCAGTCGGTTTCCCAACGGTTGTAATTTTCAACCTTCGCCCGGCCGACCGTACCTATTTGATAACCGTTGAAGTGCTCGTAATCTAGAACCCAGTCAATGTGACTACGTAACGCTTGTCCTCCATAACAGAGTTGATTTCCGTTTCAAAGTGCGCTCAATATATGCTGTTGGGCACAATCTGGCGCCGTACGTCGCGGTTTCGCAAACCCTCCACTGACGGTTCAGGGTGAACGGTCGACTATGTGGAGTTTTCGTGGTTGAAATCACTATGCACTAATTTGGACAGTTGGTCAGATGGACAGTAAAAGGT,1292,50.54,Mus musculus
SEQ_585884,CTACCTGTGGCCCAAAGTGCTCCCGCTCCGGAACCCCTGATCAAGACACCGCATTTAGGATGTTGTAGATAGCGCACTTTATTACCAGTCGACAGTCAACATGACGAACTGAAATTAGTTGCTGGATCGCACCTCGGCGAGCTACCTAGCTGGCCGAAAAGGGTGAGCTTTGATTGGTCACTTCGTTCATCTTCTCAGTAGAGGGCGCTTGCAAGTAGCCGATTCAGGGTACATCAACAGGGCCGCGGAAGGCCGCTTCCTCTACTTGACTTAGACTGTCCTTTCGCACGAACGACTCTTTAGTCGTAAACAGTACTCTTAAGCTCTTGCCGCAGAGTGATCTGTTCCTGAGTGAGCCCTCCATTGATTGCTCACCCATATAATAGCCTGACGCCACGGTATACTCTCCTGATCAGGCAAGGCGTTTGCCATGGGGAGGA,440,51.82,Escherichia coli
SEQ_625085,CGCCGATCGACAGGGATGTGTGTGGTGCGAACGTAGCGGTAGGCGGAAAGTACTAATACAGACTTGAGCCGGCAGCATTCTGTCTGCATACTCTTGGATGATCAAGTATGCTAGCCGGTCGGTTAAATTTGTGCCTGTGTCAGTGTATAAGTGGAGATTGGCATTGTGATACTGACTATCCCGGCGTCCTTACATAAACGTTCGTGCGGCACATTTCTAAATAGGAATCACCTCCATTATCTTAACGCCCCATTGGCTACCAATGGTTGAATAACATGTGCTTCAGTTTCTAGGTTCAAGAACACGATAGAAGTAAGTAGGAGACCCAGTACAAGTCCAAGGCGCCACGCGGACTCTGTCCAGCACACATCGCCGGGAGAGACCACACGGAGCTCTAAGAATATCAGGTAAGACCCGGACTCGTGTGAGTTATACACACATCAGGTATTAGAAATTGTACAGGAAAGGAATACAGGCAAGATCCGATGCGGACAGAGACCAGAAGCAATAGTACAGGCAGGGGCTGCATCCCCACGCGATTAGCGCTCACAAACCGCACCCGCTTTTAATCACCGAACGCGGAGCCGACGGCGAGGGTGACAACGAGAGGAAATGCCTGTTTTAACTAGAGATCCCCACAGTGACGCAAACAGAGTTTCTACAGCGTTCCAGACATGCTTCTTCGTAGCCATTACGAGGACCAGTATGGGCGAAGAGATATCAATAAATATAAGGCTCAGTCAAGCTCCATGGGCGACTCCGAATCTCAATCTGTTGTTTTAAAAGAGTCGAAGTGGGTCGGCGACGGCGCTATTCATGTGCCCCAGAAATTGCGGCGGCGCTCAAATGAGACAATCGATGACGCGAACCCCGTCCGCACGAGAAGGTCAACAGCCCGCGTTCCACTCGGGAGGAAAGTGCGTAATATCCTAATCACCTGCCGTGCCTGCTGGAAGAACATGACTGAGAAGGTTCGGTCTGCCTTGGGGTCCGATTATTGGTTAATGGCTGCCGTGTCCCACTCAGCATCTTAGCCCCCATCATCTGAGTTGTTCTTCTCACTTGGTATATTAATTATTACTAACGTCGTCCCTGGGAGAGCTTATAGATCGCGATAAATCACCCGTGGAGCTTTGGGTCACCAGGGGGGCATGCGCAAAATACTCAGACTGTTAGTGGTTACGGGCGCTTACTGCGCACTACAGAATTAATGTCCCAGCGTAACCCGGATACCCCTCGTGCCTCCAACCGCCAACCTAGCCCCCAACGCCGAGGAAGCTGTAACCACCGTATTCTACATTATCGGTGCGCCTACGCCCTTGTCCCAGTTGAGTCATTTGACTAGCAACAGCGGGTAAGTCCAAACTGTAAGCTGGCCATGTCAGAAGGAATCCCTTTCTTCGATACTCGTCCCCGAAGTCTGCATTAAATGGTGTTGCATTGGGAGGATCCTTCCCACCGCGGTCACCTTAATGCTCAATAATAGGTCAGGGAGGCGATTCTGGCGGAATTCCCTATTAAACATGCTAAAAAGCTCCTAGTACGTGGGACCTTGATCCAATTTTGATAGTCCGATGAGCTAGTAGACCAATCCCCTGTGACCAAACCTTACTCGTCGATGACGAGTATAAAAAAAGTTAAGTGACGCGTACCGCCCGTGTCCGGAGCGGCGTTCTTACTGCATTAGAATCGCACCCCGCTACGTGATGATTTTCATACGTAACTCCCGGGGATCTAGGACTATCGGCAGTTGGGTCTGCGGTCCTTGCTGTCTCAGGCGGCATGGCCAATTATCCGACTGCTAGGCGGCAGGATTGCATCATCGGGAATCTT,1833,50.85,Arabidopsis thaliana
SEQ_941348,GCTAAGATGCCGAAGTTGAAGGTCTGCGCGTGAACCTAACAACTATTCAGAAGGGTATATTTCTTGCCCTTGCTTCCCTGCGCACCATGTAGTCGGGCTGAGTAAAGATAATAGCGCGGAAGGGGTATCTGGTAACATTGCTTCGAATAACTCTGCTGCGTGATAAAAGTCGTAACATGGACGTCAGCTCTTTGAAGGGGGATTACGGTCCGATAGGCGATAATCGCCATTGGCCAATGCCAGTGATTATGCCTACACATGTTATAACGTTAACGAGTGGAAACAGAATAACTCGGGACGCCTTCCTAAAAAAAAAGATAAATCGTGAGCGAATAGACTGTAGTATGACCTAATCCCTCTAGGTTTTTGTCGGCATGTGAAAGTCGGTGGGAATCCGATCGTCTTCGACCGTGTCATAACATGAGATGTTATGGCTCGTCCGGGGCCCCAAAACGAGCTATCCATTTTAAACACGCCGATTACAATCCATGCCGCCGTATTAGGAGGTGAATACGAAGGCCATAACTACCAACTGTTCCACCGACCTGTCTTTAGTTAGTTACGGGCTTCCGCAAGCGTATGCCTAAATTGCTACTGAGTACTTAAGCCAGCCATTGAGTTTAAGAGATTTAAAAGATATGAGTAACTTCTCGACGCAGGCTTGGTACAGAATGACTTATATGGAAAGCTGGCTGGGGCCTTCTCCGGAGTGCTAGGTTCAGGCTGCGACAGACTAGTTCGAGTTATCTCGTTAGGTGTGTGGTGTCGACGCATACGCTCGTAGTGGTGAGCGTGGCAGCCCCGAACGCGCGACTTCATTACTCAGTGTAAAATTGTGCAGTCGACCGAGCCCTTTGGGGCGCACAGTGTCCTTTTCCACTCCGGAATCTGCGAATGCTACGACACCATTGTGATATCCGCACTTTTCGATTCTTGCCCCGAGGTGTTGGAGGATCGCCCGCGGGAATGAGAATTAGCTTGGGTGTCGATGCTCGAAACGCACAGCCTTATCCCCCCTACACAGTCAGCAGGAGGCAGAGGTTCCGTGGTCTCAGACCACATAGCTATAGGTCCTAGATGATACGAAACGTGTCGCTGGGATTTTGACAGTACAAGCAATAAAGTCTATTGTAGCAGCTCTCACTAAATCTTCAAAATTGTGCGTTGTTGGCAGGCTAAGTAGGGACAGGACCTTGGTTATAAGGAGTGTGGATGAACGCTTGTTTCTCGTCGTCTTAAAGAGCGCACAGGTTCCTGATGCCCTGATATGACTTTCGAGCTGAATGGTTTTCAATTAAAGTGCCTATTTTCTAAAAAAGGAACCGTAAGACTCTGAAACTGACATAACAGCGTC,1354,47.86,Arabidopsis thaliana
SEQ_853164,TCTTTTAGCCGCTCATGTATCTCTGCATTCAGACGAGCATCGGTTCGATGTTCGGGCCGGAGATTGGCGGGTCATAATTACCTCGCTCCACGGCTAACCCGTCTTTTCCTAGGGCGCAATCCCTTCGCGGTACACAAACAAATACCCAGCCCACTTCCTAGGAGGAGCCAATTAGGATGGCGCCTTAGGTGTGATATACTACGGAGTTCCTTCTGCTTATTGGCTCATACTGCCCTTACCCCACCGGCCTATTTAGATTGCGTCCTTTACGGAACGGGGAAACATACAAGCGTGTGCCAATGGGAGGCGAGCAAGGATGCTAATTCAACGCACTAATCGTGATGTAATCAAACTCGCGCTGTGTGCCATCGTTTACAGTATGCGTGGCCTCTTGAGCTAAGAGACCTCTGTAGGGAAAGGGACCTTGTTAGGACTCTGGGAGGTAAACGTAGTTCGCAACGAGGGATTTTACCAATGCGTCAAAATGTTGACAGGACAGTAATCTGGCATGTCGTGCCGTCAAGCTGTAACTTGACCGCTAGTATCGAGAAGGACCGAAGACCTTTGTTCTCGATGGAACATAAGGTTATCCGAATGCTACCGGCCTTGAGTGACCCAAACCACATACATGAACCGATTCATGGTTTGATGTCCGGAAAAGCGATCATGACTTCGACCATAGTCGAAATCTCCATTGTCTATAAAGAATGCATTAAGCGCCGCCCGTGAGAATTAACACTGTCACTAACCGTCTTAACCATACTTTGCCTCAGCAGGCAGTCATCGGTGCCTTCTTAGCATTAATCGATATGAACGGAGCCCGAGCAGCTAAAGTGGGTCCCGCTAACAGTCAGTAATGACGACGAGAGGTCCCATTCGTGCTGATCCTTCATTCGAGCTTCCAGTCGTATTTCGCCATCTTTCCAAAATAGTCCGCCAAATTTACCTAACGCTTCATGTCTATGGTGATTTAGAATGTATTGGGACAGCTTACATATTATTACGCTAAAAACCCGGGTAGTGCTGACGAACTCCTCCGCAATGGGGCCAACTTCAGTGCTACGACCTA,1069,48.64,Drosophila melanogaster
SEQ_834922,ATGAGGCGGGGCAAGCTGGCTTATACATAGGTTTATCGATTGCCTTCGCGTTCCCCTAATGCCTCGCCCGATGCAAGGTCCGGATAGTCTCATATCCTCGAAATGAGTAACGCTCACGAGGCATCAGACTCTTTACTGGTACAGGAGCTTGCCGGCAGGTGAAGAGTCGTGTTGAGCGCGACTTCCCTCAGAGATGAGTACCTCCTGCCTCTGCCCTCTGACACGCAACATGATATCATCAGCGTCAGTAAACCACAACTTGATCGGATGTTGGCAACTACATGACGCACGCCATTGAACTCAGGGCTATGCAAGGGCCATCATTAGCATTCGACAACCTGTCGCTGCCCTGATTTTCTTCAATGACACTAGATACAGTGACTATACGCGTGAACAGTGCATACATACACTTGGTAGAAGTTAATACGCGGCGCGACTCGTCACTTTGAGAGGCAAGGCGATGACACGGTATCGTCCGTTGCATACCTTAACATGGGAGGTGCTCCTCTTTTGTCAGCATTCCCGTGTACATTGTGAAACAGCTAGGTAAAGCCCCCGGAAGGCGTTATACCCCGGAGTCTTACCAAAAACCTTACTGGAATCCTTGAGCGGTGGTCCCTGATAGTGTAGCCAAAGGCAGTAACCAAGAAAGCGTGCAGCCGCACATTCAGCGCCATCTCAGGA,684,51.17,Arabidopsis thaliana
SEQ_895691,GGGGCTAGAGGCTTACAGAAACTATGGTAGGGTTCCTTATGGGGAGGATATAACAACGGGGACTCCGCGAAATGTTTTCGAACGTGTTGCCCCTGCTGCGCCTTATGATCCGTTATCTGGGAATCATTGGTATGAATGTCGTCCCACTTCCTACACGGGGGATGACGCCTATGACTCCTCGTATGTACGAAATCACACAGGGCTGTTCTCCGCACTTTGTACACGACAGATCCCAGTTCTCAAAGCTCATACGGAATAAGGCGCGTTTCGACACCATCTCAGTCGAACCTCTGAGTAGGCGACGTCGTACTAGCCCACGTGGCTCCGTTTCGGTTCAAGAGCCAAGAGGATACGGACTGATTCATGAACTCCCAATTTAATTGATTAAACCCCACGCAGGTCTGGTGCAATCATGCCCAGAGCCAAGACTACTAGCGAGGAAACCTTCTGTCGCGTTGTTCCCACAAGGGGAACTCCTGGTATAAGATATGGCGGAAACCCGCGAACTACGCGCTCAAGGCCAGGCACACCGTCCGATCCGATCGGACTGCACCATCGACTCATGTAACATTCCGAGTGGAGTTAGCATCCCTAGGAGGTGAATCGCATTGCACCTCTAACCTATTCTGCCGGTAAATCCCTTTAGTTCCGTCCTCGCGGATTGATGTTGCAGATTCATCCTCCGTGGGCCCACGATGCGGCTCCATCCTGATGCCCCAACCATCTGGAATTCAAGCTTCGCTTGGAACCCTCAGTAAGCACCAATTGATTCCGACAGAGCGAACCACATACTAAGTGCGAACTTTGACTAAATCAATCGAGAAATGATTTGTATCGAGGATCGGACATTCGTACGGCGACCCAACTTTTCCCTCTGGCTGTAAGAAGCATACAACATTGTCACTCGTGCATGATTCGGACCGCTTATTACTAATGCACCACCTGGGCGACTTATGCCTAGACAGCTATTAATGTCGCGTGCTAAGTGAGCACTGGACGGACATATTGCCTTCCCGTACAGCCCGCGGTCTCGCTGATGCTGTAGACAACGTGTCCAACCAGTGGGTCACATTAATATTAGATGTGCTAGGGTCAAGTTAAGATAGTAGCACCGGCCCCCGGCCCTCCTCTACACAACCAGGACAGCCGTGGACTACAATTCCGTTCCACTCTCAAGCCAATAATATCTTAACTGCATCTCCTTAATACGAATCCGAATACACTCCATGTCTCCCGGTATACGGGGCATTGTATAGTTATTGGGCACCCGAATGA,1275,50.67,Homo sapiens
SEQ_758694,TCTCTGCTCAGCAAGTCACGAGCGATTCCTCGTTTAACCAGTCAGCGATTACTTAGTACCTGACACCCCGTCCACTCAACACTAATCCGCACTTAATTAATAGGCTCGTCCTTCAGTAAAACCAGATAAGCGCGTATTCCGTGTTATTTCGACAGACCGTAGTTGTAACCGTCTAACGGAGGTGGAAACCGTTGACGGATTTAGCTCGTGGACCGGACGCTGGCTCAAGTATGTATAGACCTTAACTCTTAATGACCAAGTAGTACAGGTGTGAAGTTAGGGCTTCTGGGGAGTTACTGCGATATCAATATGTCGAGGTTGCACCCTTGTTGGGGAGCGCTTGGCGCACAGGCGTTACCCAGATTACTGCATACACGTCGCGTCGATACCTATATACGTCATCCTAACAATTTAAGGGAGTCCCGGCAGTTGAACGGAATTCACTTATGACCGGGGACAAGGGTGTAAGGCCGCACAGCACAATGTTGCGGGGATAGGAGTCAACCCCCA,510,49.61,Drosophila melanogaster
SEQ_440751,GACACGAGCACTCGAGTTTGATTCAACTTTCCACTTTGACTCTAACAAGAAGAATAGGTTTTAAGTGTTCGC,72,40.28,Drosophila melanogaster
SEQ_902373,CGAATCTTGAAAAAGAAGAAGTCAACCTGAAGTCCTCAGTTAAACTGCAGCAACTTTCAGCAGAGTCTTGGATACTATCAAAATCGCTTGTTAATCGCATCATTATGCACCTACCCGCGAGATCGTCACAGTTAAGCCAATTTAATTGTGTTATAAGAACTGATAATAACATGAGACGCTCGTACTTGTGATAATGTGCCTACATAATTACGGTGCCGCGCGTACTGTGTTCTACTTATCCTGTCGGACACAGTCCAGTATACTGACGTTGTGCCGACATCGGTAGGTCCCGGTAGGAATACTTGACGTTCTTACTAGCGCCACAGTCC,329,44.07,Saccharomyces cerevisiae
SEQ_148857,CGGGCTGCATGGCGGTCAAAGAGTTTTTCAAGCGGCGTCCACTTCCTTAAATTGAGCCGAATTTCATCTTTATTTATAGAATGTCAGAAATTGGGCCAAGGGGCCGGGTGTTTGTACCATGTTTAAAAAGAGGATCACGAGAGACTGATCCCTATTTTTACGGATCCAGCCCGAGTCAATGAAGACCCCGTGATCCTAGCCATCACGAAGGACAAGTGACCGCCAAGCTAATTTACATGCAGACATTCTTAGGAAAGGGTTTGAGGATGTGGAACGTCTCTTGTTGAAAAAAACACAGCGTTCGCAGACGGTCGATGTCTCAGGCATGGTAGACGATCAAAATATTCTGACAGCCGTAGACTCATCCCAGATACTGTATATATGACACCTACGTGAACCACATGGGTGGAATGACCGTGAAGGACTGACCGATGTATTGGCACGTTCGCTAAAAATGATCAGTCCAACTCCGCACCACGAATAGGACGATGCTCTACATATATGGCCATTCCTTGTTGATTCGTTGCTCCCCCAGTAGCTGGTTCTGCACGTGACCCCCATGTACGCGACTGCTTGGGACACACGCCTAAATCTTAACCATATGAGAGTTGGTACGTCCAACCCCTCTACGGTTCCTCGGGTAATCCCCGAGAGCTCCCTTAGTGCGTTAGATAAACATCGTGGTCGCGCGGATAAGTTAACAATACTCGTACACGCGTAGTCCCCTCCTTGTATGATGTCGGCTCCGCCCTAGTTGGACTACAAGTTGGCGCGCGACGTTCTTGGAGGAGCACAAGCGAACTTTTCCGCTGATCACGTTTGTAACTGAGTATCAGACATGAGATGCCTTGCTAAGACTTAATCCTCATGACGCTAAACCCGGGTCCTCTATTAGGGGCCTAACGCAAAAATCCCAGGGAAGGTCCTTTGATATGACTCAACTTAACAGATCTGAAAAAATTGTTTATATGACAAAGATGGAGGTCGGGCGGATCACTAGCCTTCCAGAGTGTCTTTCATCGTTGCGGTCTAGCGCACAATATGAGCTCTGTCGCGGGTCCGGTCCCTTAGACGGAGAAGTATGTACTTACAGCGCGGGATGTCCTAACTCTTATCGCTGTATCTCATTCTCTTCCAAGTCATCTAGGTCCGACGATCATACGTATAACATCATCCTGTC,1180,48.31,Escherichia coli
SEQ_684602,AGATTGAATTTCGCATTGTGCTCTAACTGACCCTTGATCTTGAGCGTCTTTCTGCAAAGATGATATGCTTGCGCGTGTCCGCACCGGTCCAGGCGGAGGTGCCCCATCACCCATCGACATTATCTGCTTCATGAAAATAAGACTGTTGTATTCAACTCCACCATCCCACCTCGGGCTGTAACGACCCACCCACAGCAAACGTCCGCAATCGTGAAGAAGCTCGATCGGACATGTATCGGTTGTCTATGCGCGTGCCTGATTATAGTTTGGCTGCTTGAGCGGAGACGTAAGAACGGGGTCAGTCTGAGTGGGTTAAATCTATACCGAGCCCTTATCGCAATTTCATGCATACGTTACCGTGAAATAAGCCTGACACTGACGCAACGTCAGAATCGAGCTTCCCGGCATTGCATCCCGTCTCACGGCTAAGCGGGGAATGCTGTGGGGTAAGACATGTCTAGAATAACGTTATTTTTTGGCTCTCGGCACTGAAGAGCTCACGTTCAGGCGTTTATTAGCTACGCATCTGGGTAAATCCGCACTTGGCGCTGTCTAGTCAAGTTCCGGATACTCCCACGGGCTGATCGACTCCGTGCCTGAGTACATTTCATGTTCTAAACTGGTAGTTTTAGTATCTGTTATCACATGCTTACCGCTGCCTGGCAGCAAATTAAGAGCTACGTCGCTTGGGAAAACTCCCAGGCTAGAGATAATTGCGGTTCACGACGATGAGCTAGAGTGAG,743,49.8,Mus musculus
SEQ_538015,AACTTAGGGAACCGCCTCGGGTAGTAGGGGCTCTGACCCATGGCTATAGTCGAAAGCACCTGCTGATCGAGGTCAGACGTGGGGGTTTTCCAGCTTTGCTTAGTTTTCTGCTGACAAAACGTATCTATACTAGTTTAGCACATTGAACGTCATATAACAAACACGCGTCTTGCCGCACTGGGGGAATGTTTATGGGTTGCGTGTATGGATTCCGTGGTATAAACCGTTCGCCGTCAGCTACCCTTGGACCATGTAGTGAGTTAATTAAACTCCGGTAATGATCCCTCGAGCCAAAGACTGTGCAACGGACGTCGGCATGATTGCCTGACTTGGTCCTATCGTCTAAACTGCGTGCCACCGCCAAAAACATCGCCTTAGTGGTTTTCCCAGTCCGTATCACTCATTCGGGAGCCAAAAAAGTCAAGTTGAAGCATAACTGTACTGCCCATTTTAGTGACCTCCCTTGTTTCCTATTACTCCTTTCGTTTGCTGTGCTAACCCAAAGCGTCGAGCATGGTACAATTGGGACGCTAACCAGCATACGAGGGTTGCCCCCCCTGTAGCCCTTCTGGGAAACACCTGAAGGAATACTCATCGTCCGATACTTGCAACTTATGTTAAGGGATAACTAATGTGTTCACCAATGGGACCACGTTCAAGTGAGATTCCAAACCGCCATCAGTGCCATACGTATGCCGTCTACGATGACACCGATGTTGCAACTGGGTAACGATACTAGCAATCCGAACCACTTGGGATCGTCGCATACCACAGCTCTGAGTAAAAAGAAGTGGAACGTGGCGAATTATTTGCACAAGCAAGGTACCGCAAAGTTGCGAATACTCTACCAACATTGGGCGTCCCGATCGCCTGACGCATAGTAAGCTCCGCTAAAAGCCGACGGAATCCTTAGGAATCGTTTCCTGCTCTGGACTTTGTGGGCGACCAACTGGACAAAAAGGGACGTTAATCCAACCGGTGTACTTTGCGGCTAGAGGCGGCGCCCGATCGTTGCGCGTGCGACTCGCCGGATGAGGTGGGGGGGTGCAGAACACTAGCACCGTTCATGTTCCTCGGATGCTCCACAACTGCACTAGTCGAACACGTCTAGAGTCTTCAGCTACTAACGGTTGTCGTTTAGGGCGGCGTCCTGGAATTGCAAATTGTTTTGATTAAACATAGCATGCGCGAAAAATGGTACCAGGAGGCCTGACCAAGCGAAATATGAGGAGGCTCGTACATAAGGGGACCAACACAGACGTGACGTTTGGCGGGAATGTAAATTTTACAACTGACATATCTCGCGGCCTACTCAACCGGCAGTGGTCTCAAAGTGTACGGCACGGAATACGGGTCACCGAGATTGTCATGAGACATGAAGGGCGTGCGACTCCCTATGCAAAGACCCAAAAGGTAAGAGTAATCGATCGAGTAACTGCTAGTAGGTAACTGGATAATTACCGGGTGAGTTGTGCCATACGCGCGCTAGTCCGTGGATGAGTAATATAAACTGGAACGCTACCTAGGGTGAACCTGTCGTAAGATGATTTCCTTTTACGCGCCGATAGCGAAAACGGCGGACGAGGAGACACGGAAC,1597,50.09,Mus musculus
SEQ_666440,CGATGGTTAAGAGTTCGTAACTTATGCGAAGGACAGTTAGTACGCTTTAGAGGATTCACAGGATTCCTATCGTTAACGGTGTACCACGCACTAAGCTGTCAAATAGTGTTAGCAGGCTTGCGAGCGGAGGACGCTCCGCTATGAGACATGTATCGGTAGATGGACGTCCTACCGTCATTCGAGTCACAGCGGGCTGAAACTCTGCGCGACTTGGCGCTTCCCTCATGAAAATCTGCGGGACGGAATGGACGGAGGACTGCCCACGGTCCTTCTGATCGCCAGACTCACCCGTATAACACCCGCGGGCGGTTTTTGTGTTGGGTACAGAGATTTTGCGGCAAAAGTGACAAGGCCTTGGGGCACGGTCTACAGTACTCACCGGGGAAGACCCTCACAGTCGGTGTTAATGATGCCGTGCAATAGCTGTATAATTTGAAAAAAGTATCCTGTTACCTTCGGATTCGCTGCTTGGTAGGACGGATTAGATGCAATGTACCCCGACGCTTCCTGTGCCAGTTCGCCGTGTGCACGGTCCTGGGTTCCAAGAGCGGAGATTATCTCGGGGCATGAAAAGCCTGACTACCACTCCTCCCACCCCTGCCTTGTGTTCGTCTTCTGTCCGTTTTTGGTCACTAATAGGTCGCACGCTTGGATAAATGGTACTGCACCACAACCGCACAGTGCCTCCATAATCTCGGCGATATACTTCTATGACTAAACGGACATTCAGTCTGGGCTTGATTCCTAGTCTTCCCTGGCGAGGTTACGGTCAGGGTTCTGTTACGCGCTGTCTTCAGGTAGCATACTACCACAGCGGGGCGCTTTCCCCCGCTAAACGCCCCAAGTTACAGGGGGTCCAACGACGCAGGTTACATCCAACTTGTCTTCCATTGCGGGCCGCTTCCGGATGAACGATCCGTCCGGCCACAATCTTGTGAGCTAATATTAAAG,951,52.68,Drosophila melanogaster
SEQ_531741,GAACGACCAAGTCCGTGGGATTCCCATCAGAGATATGCCGCCGTACGCTACGAATCTTGATTAGAGAACGCACAGGAGACGGAGTCATGTGGGCTGAAATGTGAGCAACCCATGATAATCCCCCACCAATCACCTTGCACGGAGGTATGACGAAAACGCAGTGATGTAGCGCCGAAACGCCTGCAGTCAACTCCAAAGTCGGCGATTTCGGATAGGCATCAGCCGTCACCTGCACTGGATCCTTAAAGCTATTCGTCTTCAACCGACAAAGTACCCAGGCGAATACTACTCGCCTCCGATTTAGGGTGGCCTATTCACGGCTACATCTACGTGCCTGGTAATTACGTCGTGTACTAGGTACTACAGCAACCGTTCCTAGGTGATAGTCCCCACACAGACATAGCCACAGCAAAGCAACCAGCATCATTTTGAATGGATCCATATATGGGTCACCAACGATCAAATCTACGAGTCCTAGTGAGCAGTATCCCACTAGGGGGACACGGTCATAGAGTTAGCCGCACTGCACAAATCTCACGGGATCCCCCCCATTGAACCTAACACGAGGCCGATGGGAGCCCTGAACGTAATGCATAAGTTAAGCCCTTAAGGGATTCATTGGGAGATCCTCTATGGAACACTACCAGAATGTACGCGTCCGATGTCACTCAAGACCTGTTCCCGTTAACTCAGTCACCAATAGCTAGCGTGTGGCAGTTGTCAGTACGTTATATTCTCATTCAGTCACCAGTGGTGTTCCAGGCTCAGAGGTTCTCCGGAGCGTTAATCCGCTCGCCTGAATGTTGTTACAGTGTCGCCCCACATGTCCTACTCAAATAAAGTTTACAGCCCTCGAACTTGGCCAGTGCATGACAAAGGTGCCGATTTGAACACGACGGTTGGGCTAGCCACGCCAGGCATGGGGATAATGGATGATCGTACTGTGCAAGGCTCTGGCGGCAGTCCTCGGCAGTAGCAACCCACGCACGCCAGGTGGTCTGGTGACCCTTCAGCTGTGGCGACTTCCAGATTTGCCTAAAAGCGTCCTGCACAAAGTTCTGTGAGGTACTTCTGCATCGAGGGGATGAAGTACCCAGCGGGTCAGCGCCCAAGAATATGCCTTGGCTTCACCTGGTACCAGGGGAGTACAAATTCTCTTCGCGTCCCGCTTTCTTCTGCACACCCCCTACAAGGAACCAGCGCAAGCATCTGCCAATCTGTCCAATACGAGATATGTTAACTTGCCGT,1248,51.92,Saccharomyces cerevisiae
SEQ_500005,TTCGCGGAGGCGAAGGGCCTGTCGTGGGGTAGACACAACGTCCTGGCTCGCTGAGGTCGGAATGCTAACCGTTTAATTATTTTAATCGAAAGCCACAACTAATTCGAGTGTAACGACAGACCGACAATAGGGCGGTATTAGCCACACAGCGCCATCACGTCGGCCTCACGCCTACAGCACTTTCTGGCATCAGAAAAGTGTACCTAATCACAGACTCGCATGTATAGAGAGTCCACGCTGTCACTTCCTGGTGGCCAATAGCCGATGAGAACGCTAAGTTTGACTGGTGGATAAAAGACGCGTATTTGCACTAGGGGTTTTGGGAGGACTGCCCGATAAACGTCACCCTGTGTTTCTACCAACATCCAACTTCCAAGACGCCATCCCCTAAGACGGAGCCGAATCAACCTATATAGGATTGATTTTACCATTGATTCTCGTGGATCCTTGTGGACGTAGTCTCAGTCGAATACTTTACATCTCTAGAGATGTCGATGTTCTTAAACGGATCTTGTTGATCTTGTACCTCCTCTGAGTGTATAAGTTAATAACATGTGTTTAGGTGGGGGGAACGTATCTCAACGTTTGAAAGTGTCCCCTTGGGACGTGATCTTTATTCCCCAGCCTCCGCATATGGTCACTACCCAACGGTGTTTAGCTAATATAGATTTGTAGATAGTCCATATAGGAACGAACTCACCCGGACTTTGACTTTGGGAATCGCCGATGGTCCACTTCCCTATGTCGAATCGGGTTCTAGGGACACAGGATAACCAATTCTGAATCTCCGGACAGCATTGTTGGGGCGAGTACGATAGAAGATGATGTCCAGATTGTAGTTCTCGACCTCAATCGTCTCGACGACAAAGTGCGAATCAGCAAATTTCCAGCATCCGCAATATTTAGGGGCTAGGAGATCATACTATAGGGCGACTATGTGAACCACGTTAATTGAACGTATATGGAAATATCGTATTATGTAAGTCGAAGTTCTACTTCTTGCATACAGTAGTTCAGCTACTTACCGTAGCTTAAGGGGTCTACCGACAAACATAGTTCTCCTTGCTTGGGCTTGTGCGATTCAGCGCAGCGAAGCTCACGACAGGCCGAATCTCAAAGCCCTGTGGGACGCCAATCGATGTTTACCTCAGCATTCTGGTTGCCTTTGGCATTGTTGTGGTAGTTAGGCATGATCCCACTACACCGCAGTGCGTCTCTCGAGCGAAAATCTCTTCGAGCCACGAATACGGGAAGCCGATGTCAAACTCGGCGACGCTCGGCTCCATACCGGATCTCAATGGCATTTTTGGGAGTGCAATTGGCCTGATCGCCTGAACAACATTATCCTTTGTGTGCGAGTTGCGAGAGATAGATTGCTAGTCCGCCGTCTCTGTTCTATAGAGCGAGGTACTCTTGTGCACGCCTGAACATGTCCCGGGAAACAACATATACTCCTGACTGAGGCGTGGTGCGTAGTAAATACAAACACCCATACGTACGCACAGTAATCTACGCAATACGAATATGTAGCGGTAGCTGCCGAGGCCGATGTTACGCATAAACCCACCTGGGGGACATCAGACGCTCGCTTTCCTACCGAAGAT,1604,48.32,Saccharomyces cerevisiae
SEQ_367311,TCGGTGCCCAAGCGGCACAGGAAGCCTAAAAGAAGGGCTACCTTGCGTCCACGCGCTGTGGCTGCCCTCCTTCTCGCACGGCGGTCCTGTGAAATCCAAAGACGCAGCGCCTGCAGAAAGCCATCACACATGGCTACACTTATCAAGGGGAAGGGGTCTGTTAGCAGATAGCTTCACCATATCATTAGTGCGTATACAGCTACGATCAGACAACGAGAAGTTTGAATGCCCTCGTCGGGCCCGGCCCGCGGGTACCAAAATACCTAGCTGTCAAGAGCATTCGCATGGTTTTGAATGTCCGTTCGTCACCGACACTATAAGTGTGCGTTCTGGGGACAAGATCCCGGAATGCTTACGCGCATACGGTCTGGCGCAATGTATCACTGAATTTCGCGGGATCACGACCTAACATTGTACTTCCACGCCTAACACGTGGTTCTCCTCCTACAGAAGAACCAGCACCAGACTGGCGTAGGTACTTTAACGGTATCAGAGGAGAATACGAGGGCGACTAAATGCGCTATCCAATGTATGTATCGGCATCTTATTTCAGCTGTTGACAGAATACCGGAGAGCTGCACAGCGGTTCGCGGGTCCCTGGGCGGTCGGTTAACCCGAGTTCTCGGGCCTCTAGCTGGATTCTTCTCATAAGCGGGCATACCGGTTGACGTAAACTGCGACTGGTGCTTAGATTTAATGGCCCCCCCTCTACCGAAACTACTTTACACTCACGTCGCATTATCCCGGGTATCGCGTGCTATTGGGTCTCATTGTCCTGGGTTCTTGGCTACAATACTGCGACTGAAAAGCACGGCATTTTAACTCACGAGCTAGGAGTGCCAATAATGAAATCACATCCTGTAATAGCTTGGGTATATCTATCTCCCTAGTGTCGGACAGGCGCGCGTCTTATACCTATTCGAACTTGCGTACATCGGACAGTTTGCTACAACGTAGATCTGGGCTGGGGAAATAGGCACACAGCGGTGTAGATGGAAAGTTACCTTGAGGACAACCAATGGCGTTGAATCGCTACTAACAATTTAGAGAGATCGAGGGTCGCAACCGAGCTTACGCAGTTCACTCTGAGTTCGGCGCTAGAGCGATAACGCACTCATTTAGCGCAAGCAGGGCCAAGTTTACATTTTCCCTGGCAGTAGCGAGTTCGATTCTCACAAACTCAACGCCGCCCTCTTGGATAAAGCGGCGATGCGACCACGTTACGTACAGTGCGCCTGAGAGATTGTGAAGTACTCCTCTATGGAATATAGGGCTAGGCACAAATACGGCCAATTACCTGTAGGGTACCAAGCTTCTCAGCGTTTACGATGCAGCAGGTTGGATCGCGCTAGTTCAGCTCTTTCAGGGTTTTCATAATCCTATCATGTGCCGAACGGTAAATTATATGGCATGTAAAGTGGGCTGTTTAAACTATATTGGGTTCTTTACACCGGGAACGTGCTTCTTCTGAACGCTGTCGTGCTTTCTATGTGCAATATACGGAAAGTGGACTGCCACGGAGCCTTTTT,1529,50.49,Escherichia coli
SEQ_978751,AATGTCTGATCGGTAAAACGCCCCCTGCCCACCTTGCAACTCCGCAAAAGAGTGCGGGACAGGATAACATCGTGCCCAGCCCGTTTGCATTTCCACTCGTGCAATTCTGTATATGCACAGTGTGTGGACCAAGAAGTATGGGCTCGGTGCCTGTCCCTGTTCCAGCAATAAATCAAGCTCTGTGTAGTAAGTTGAGTTTCGGTTTTAAAATTGACACCGTCATACCTATGTAGTTATCAATGATTGTATGCATCGAGTTTAAGGTGATCTAATTCTCTCGCTCGTCGCGCGGTGTAGGTGCAAGCTGCTAGTGCTTCCTTCCTGGAGCCACATATACGTGGCCTCGTTAACCTTCGAGCCCGGAAGGTAATTCTAGGCATGTCAGCATATAAGGTTGTAAGTAGTCAAAAACTCCACTCGCGAAGTCCGGGAGCTGCGAAAGGAGCGTCGCCTACCAGCCAACCGGATCCCGCAACCCCACGAGTAGAGCCGTTTCGCTCCCGGAACACTCCGGTGCGTGCCCTTATCGTCGGATCAATGTCATGAAACGCCATTTGCTGCGGT,564,51.24,Arabidopsis thaliana
SEQ_886501,GCTTCAATAACTAGTTTACTATACCGTCTGAGATTTTTAACACGGACCCCGGTGGTCTGGTTTCCCGGGTCAGATGGTTGTAGAGTTAATACCGTCGACTCAACATCTTAGACGAGCTCTGCAGGTGCCGGCTATAATTTAAACGGGGGCGCTATCCGACCCGCCAGTCACCGTTAACAAAGACCTGTATTATTACAGAATTACTGTAACTTTGCCACCCCCCGAACATCATTCAGTTGTAGTTGTTACTCACGTTTCGAAAACCGCCCAGGGTCCCTTGGCCTTGAGACAAAGCAGCGCAGATAGCGCGTAGATGCTTTGCGAACCATATAACCGCTGCCCATACTTGTTACATCTCAGGCTAGTGGAAGCAGGGTTCGCTCATCAGTCTTTTTCGTCCGCAATCGAGCCATGGTTCGAGTTTTTCAACCAAAGGTACCGACATTAGTATAGAAGGCTGAGCAACCGCCTTCTTTATTAGCTAGTACTAAGAGTCACTCTCACGAGATTGTGGATATCGGATTTTGATGAACGGACCGAATCTGATATGTTGGTACATTTTGCACCCTTCGGACGTGTGCGCCGGTTACTTCAAGCTAAATGACCGGCTCTAATACCCTAAGTCAATGAATCGTTAGATGAGCCGTTCGAGAGTTTGATCCATAGTCGCGCCTAGACATCGCTAACACGGACCCTCCGCCTCAAGGGGAAAGCTGTACAAAGTCAGACAGTGGCGCTGCTCATGTTT,748,48.13,Arabidopsis thaliana
SEQ_435568,AAATGAGTAAGCAACTTGAACTAGCTATTTTTAGTAGTCTGATCGCGGCTCCTATACGACTGGCCGGTAGTTGCGTTCGAGGCCCACGTGTATTACAGTCAGGCGTCAATCCGTGTCTCTCCTATTTAGTGTTCCGAGTACAATAAATTGTGTCCTCGTGTAGGATAGCGAGAGTGCGGCGAGCGAAATCTGTTTCCGCACACTGGTATGCGTTGCCAACTTTGAGGCTCAGGTTTCGGTGGAAGGCCCCGAGCATTTAGCGGTTAGTATGGGACGTGGCTTATCGACTTGAGTATCAACCTCTCAGAGGTCAGTGGATCCCCATGTTTACATGCGCGATAAATACAAAGTCGCAGTTGGGTCAAAAGGAGGATTAGTACCCGGGGCACCCAAGCTCATAAGGTTGGAACTAAAGTATCAAAGGTGAGGCGTGTCGCAGTGTGGAGGACGAGTACCTCATGCGTGAAGCCTCCGGCAAAGCCAATCAGTTAGCAAATGGCCTCGACAACTACTCTCCTCCGGCTCCTTGTGTGAGCTCTGACTCCGTACGGCATATCTTACGGAACTTCCTCCGTGTCGTGAATGCGTATCAACGTAGATTCATGGCGGCAGGAAGGTAAGGTACATATTTTGCCCTACGCCGGGGGGCTGTGTTCGCTAGGACCACCCGGAGTCGGTATTCCTACGACGACTTCTGGACATCGTACTTTTAGTCAATTTAGGAATATTTAAGGAGTGACATTGACTGTGTCCTGCTCCCTGATGGTTCGGCGACGGGAACGGGGCGCACTGGGTGGGGTCACCCTGGGTACAAACGTAGGCTGGCAACGACTAGAGTCACTGCACATCCGGCTAACACGGGGTCCGTAGATACTAATTTCATTATCCCTCAGCATACGTGGACATGATCGCAGCTATGAATTAAGTGCTGCAGCTGATGTAGGACCTATGGAGGGTGGCGGACGCTCTGGCGGAGGGTTCCGGACAAGAGGGACGGATTCTGTACCCCGTTTTAGAAACATTGTAGCCGTCGGTCACCTGTATGTGTCCGAGAGATACAAGTGCGGAGGGAGCATGAAAAGCAACTCCTTCCTTACTAGCCCGTGTTCAAGCCGAGCCCTTTAGAGCGCCCCTGGGTCATTGATAAGTGCCCCAGGGTTCTTAAAGGTGATGGAGTTACTTATGAATCTCATTGTGAGTGAGTGGAACAGGTAACCGCGCATGGATC,1228,51.63,Homo sapiens
SEQ_803950,GAGTTATGGCTCCCCACGGGTAGCCAAATAGGAGGGTAAAGTCGTCAACTACATTCTGACACCTAGCGTGGAATCAAGGGTTGGAGATTCGTCATCTTTAAAACGGGGTATATCACACAGCTACCGGGAGGCAGTGTGCTCTTGAATCTATATTCAAGCGGCGGGGCACAGGTGCGCACTGCAATACAGTCACAATTGCTATAACGGGGGTGCTATCTTCAAGTCCCGGGACGCCAGCAATTGGCAGTATTCTTATCCTCATCAGGGTCTGCACCTCACTAAAGGTCCACGTGCAGGAAATCCACAGTCAGCTCTGTATCATGTACTTCCGCGCAACAGTGATATCTTTGCATGTATATAACGTGGGGACCAGGGGAGTCATACTCCGTTTCCGGTTTATTGCTATGATCTTCACGGGCGATGCAACCCGGACAAAGAGACGCTCTGCATTTACACGGATGTGGCGGAACTCTGAAATTTATCTCTTGGATACGAAGTTCCTCTTTCTCTCGGGCGTCGATCACGGTTGCGTCTCGGGCGCATGCGGAGGCAAGGGATCGGATTTCCAGGATATCTGTTCAACTGACTTAAATCTCTTTAAGATTGGAGCCATACTTGTGCCGATGTGTACTATACTTAACTTGCGTGGCGTTGTATGTGGTCGAAAGTTGGCACCTATGGGTAAGCGGGCCATGGGGAACCGGAGATGATGCGTTTCTGTTGTGCGTAACATTTTGATACCCCACGGTGGCTTACAAACGAAGGCGAGTTGCCA,775,49.94,Mus musculus
SEQ_878273,GTACGCTGGCATGCAACAATTTTTTAAAGTAGGATCCTGGAAATCCTTCTACCCTGTGGTGGTCAAAGAATCAGACTTAAACTGAGAGATGTTGAGCACTGCGGGCCCGACTTACGTGTGGTAAGTGGCTTTCGTAGAGCCTAGACTTAACCTTCTCGCGCTGGGGGCGCGGTTGGGCGAACTGTCCGCGTCCAGTGCTTAGCATTTTTATACCTGAGAATACAAAGCACAACGCCTTTCCTGACCTTCTAGGGCCGTTGGCGCCGCAGTAGGAACAACGGAGGGGCAGTGCGATGCGCTATTGGCGTAAGAATTAAGTCAATCCTTGAGAAGCCGGCCCCCCTGACTTGCGAGTACGGGTCACAACCTCAGAGAAAACTATTCCCAATCAAAATACGATTTGGGATAGGAAAGATCGATGGGGAGTCGTTTACACAGATCAGAAGGCTCTCTTATTTCGCTCTGCCCTAAGATCTGCAGCAAGTGTGAAACTCTTTTGTGCGAAGATGCGGACCCGTCCGTGTTCACGTTGCGGCAGATTCAAGCACTAGTGAAGTCACACTAATTTATCACGCAGAAAATCTAGGAAACAAAATCGGGTCCAGCGCCGAGCCTTGAAAGTGTCCCTACCAGGGATGCACGAAAACTTCATGGACAATCCCAATGTATATTGGCCAAGGCCGGGGAAATGCCCCCGAATACGGGGTAACGGCTATTTCCTCGCGATGTCGCATTGCGGTCCGCGGGAGTCACTGTATATATTCGGACCTAGAAACCAATTTCTTAGATTCCCGGATACTCGCGGGACTTAAGAAGGTATGAACTAAATGTTGTAACTTCTTCTCCCTTGGAGCCCGGACACACTCAGTACGGCAAAGGTAGACTTGCATGATTCGTAACCTTAGTTATACCCCCGTTGGTCGCTACCACTTGAGATATAGACACCGGAATCAAATCAGAGCATATGGGAAAATAAAAAGGCGGTCGTCAATCTTCTGGAGGCTACACCTATAGGTGTAAACATGCTGTTCTCGCACATGAAATTCTAATAAGGATTGCTTCACTCATGGACTCAACTCAAATAGGCGACAAACCAGAACGTGCAGCTTAAATACCGTATTTATTTAAGTGTTGTGAGCTAACTCTTTATATCGGACGCGCTGTTCTGCGACCCCTTGCAATGCTTGACAGATAGCGCCTCCATACCAAGCTAACGATCTACGCC,1225,48.33,Drosophila melanogaster
SEQ_333824,ATGACCGCCCTCCCCTTATGAAAACATATAACAATCTTGCTCTATTCAAAACTCACGCTGCCTCCCAGACGTATAATTACTCAGATTCTCCCGACGGAGCCGAAGTAAGGCGTCGTATTAAATGGATGATACACCGTCCGCTTCCGTATACTCAAATCTGTCGAAAGTCTACCTTGTCGAGAAACCACGGCCCTTCTGCGAGCAATTCGTAGTGGGGTGAGCCGTAAAGGTAATTCTAATCACCGCTGGACATTTGTACTAGCCCAGGAGAAAGGTAAGGCACATCGCTTCAGTGCTCGCTATCTTTACCGTTAGCCGGGAGTGAAAGTACGCAACGGACAGATTCGATAGAGGTCACATTGATATAGTACTCTCAGGCTTATATATGGTGAGGGCGTGAATACGCGCCGCAACCTTATAACCGGGGAGAGTCCAACACATGTGATTCTAATTGCGCTGCGCTGACAACATAAGTATGCTAGCGACATACCCGCCCCTCGCACTGCGAGGGACTCCAGAGCAACTCACACAGTGCGCTCGAAATATGATGAAGGGATACCCGCCGAAGTCTCTTGATTTGCGAACCCTAAATACGGTCCAGTTTGCCGGTATCTTAGATAAGTAGGCCACTGGACAGGTACTAACCGCGTGGATCTTTATGGGCCTCCTATCTGAGGCTGCATACCTCACACTGTCTTCATTGGAATTGCCCAAAGGGGACTAGTGTTTAACCCGGGACTACTAGAAGTACGTTCCGGTTAGGCACCTCTAGTCGAGCCTCATCGATCTAACTGAGGAACCTCGCCGGCT,810,49.75,Homo sapiens
SEQ_963290,GCGTGTAACGTAAGCTCAGACCGTGACTAAAGCCCACAGCTATTTTGAGGGATGTT,56,48.21,Escherichia coli
SEQ_927239,CGTCATTAGCCCGGGATCGCGACAAACCTGGAACTGGATATACGTTGCCAAGCTGATGCATTAATTCAGCTTATGGCCACGCCCTTACAGTCCGAGATGGCCAGGCAGGTCCGTAGCCTATCTTAAGCTATAAAACTAAAACATGCCGCCACGTCTCGCAACCGCCCCTTCTTGAGCTAACAGTTCATATACGCGTTGCGGTAGGACGCGTGTGTCCCTGAAATCCCTAGGACTCCGGTAGTCTAATAACATGAGTTAGGAACCAGGATCGGCGCTTACCGCGCACACAAATCGAGTGTTGCCTAAAGTATACGGAGGCGCTTCCGGAGATTCGCGCTAGAGCGCAGGGACCATAACCATAAGAAAAATTCTGGAACATAAAAGTATACGAAAGTGGCGTGGAAATGCTGGAGTGTTCCCAAGAAAGCAAAGAACCGGACATCTCTTAGAAGGCCGATTCACGAGGTGTTCTACCACGCACGTACGGGGTGGGGACCGGTGACCCTATCCACTGAGCGAAAGCAAGCCCAATAAAGCTCCTTATTCTGCCATATCAATAACGCTAGACAAAATAACGCTTCCAGATGCCAGGTACGAGTCTACGGATTCCCATATGTGCCGAGCTGCCCATCGTCTGGTCACTTGCGCTCGGTCAGCCATCGCTATCGTCTCTCTAGTGCGGATGATAGAAGGTCGTACTTAGCTATTTGTGGTTTTTATTTAAGACGGCTAGTATACGACCGATTGTATCGTGGCGTCTCTTACAATTGCGGCGAACAATCAGTACCACTAAAAGCTTTGGGTGCGGAGGTACAATGTAAGGGCGATGTCTACCTACAGGCGCGTCTCCACAAATTGAAGCGCGATCGCGAAAATATGTGACGCCATGGTTATGATCGGCTAGGCCGTTATACAATTGGAACTGAGTGTGTGAAGAAGCATGCAGGTATCAAAAGATTAGAACCGTCTACTCCCAAAGGGACGACCAAGATGCGGCGTCATCCTCCGCCTCTCTCTAACCGTGAACGGTTCATGACCTTTACAACGGAAGCGGACATTGAGCGTCTCCGGTCGACCCTCATATTCACCGGATTGCGCGGAACCTGTTATTCAGCTGCGACGTCTCCGGTAGAGCCGGGTTGCGAGGACACAGCGGGCTAGTTATCTAGTAGTCAATTTCTACCCGCACCCACTCTCCCGCCGACCCTTAGTCGCACGGAGGGATATCTCGCGCGTGGTGATACTATGTTTAACTGGCAACGCACTTCAGGTCAGGTTCAGAAGTCGGGGGGGACGCCCCAGTGACACTTTCCAGCACCCAGAGTGAGTAAAAGTCCCATAGTGCGGCCCGCCCTCAAAACGAGGTCGAATACGTCACAGTTTCGATAAATATCCTATATCTGCCACTACACAGAGATCCCAACGTACCACGCATAAGCTCACTGTAACAATAGAACGGTCAGACTTGCACTTTGAAG,1478,51.01,Arabidopsis thaliana
SEQ_842304,TTGGTGTTGAGATGGACAAATGGGGATATCGCGGTGATATGGGTTGCGGGTCAGGATTGTATTACTAAGTCCACCGAGGTTCCTCACCTGGCTTGTGCTTAAGCCTATGACGGGTGTCGTCTGGGCCCTAGTTCAAGACGCGTTTCAGGTAGCCCATTTCGTGAAACGGATGTGCTAAACCTAGAATACGTAGCCTCGCGAAGTTGGGTCGTTCTAAGGAGTGTTAGGAAATAATTACGGGCGCGTGCTGTGTGTTCCACCTACGACAGTGTACAGTCTTTTCACGACCCCGACTGAGGGTAGGATATGTTGCTCTCTGGGCCTCTGGAGAACTCGGCCCGTTTTGTAGTCGCAGGGTAGGCGGTTCCGACATTGTCGATGATATAACAGTCTCTAAAGCTTTGAAGGTTATCTCGTAATGTCATTGAACACGGCCGTGGTCTTAGCTTTATTGAGTCTAAGGGAGGAGGTGAGCCTATAGTCTTTCGGCGCCTGAGGCTATACTAATGGGCCTAGGCTTAGTCATCACCAGTACCGCTCGCCCTTCGCTTATATTTGCCCAGGAGCCTGATCAGGACGGTTATAAAAGTCACCGAAGTTTGACGGAACGCGCTACAGAATACACTTGATCTCGAAGCTGATCCAACGTAGTGTTGGTTCATATTACAGGCACTTTCTCTTGCGGCCGCCCTAACTTTTAGCGCGGTGATTTGTGAAAACCGCAATTGCGTAAACGCCAGGTGGCCAAGGTATGCGTCGGGACCGGAACCAACTATGATCTACTGCTTAAAATGCGTACCATTCGGGCCATTGCCTCCAAATAGTCGACTTACGTCAATTTAATTGGGTGAGAGAAGGCCCAGAGTACCAAGAAAAGAGCTAAGCATTATATCCGAAGTATTAGGAAGGATCGAAATCTTGCCTGACGCCGGCTCATCCAGGACGGAATATATGATCCCATGACCCATAATTCCCACGTGCCTATTCCTAGTTCTATATATAATCTAGTGTTGGATTAAATCTCCATCGCTTTGGCAGAGCTCTGGCTCCAAATAAGCAATCGTGCTGTAAGCACATAGACGCAATTGTCATCGATTTCCGAGCTGTGCCGACAGAAGCAATGCAACCTCGGGGAGAAAACTTGAGTAGACATAGAGTACACGCCTCCCAATGTTCTAGGAAATTTGCATCCTTGTCCGGCTAGAGACTTTTACATGAGTGCCTGGTTACATGGTGCCAAACACTCAGAGGGACGAACCATCCGCTACTAAAGATCGGGGCTGGCTTGTTCACTACATGTGGTTTCCCAAGTTCAGGTGCCGTCCGACATTTCTCCCGGTTGGCTCAACCGCGGTCAGAAGCGGGAATTTACGT,1374,49.05,Mus musculus
SEQ_270347,TTCTATTACCTCTGACACCTCCGTTCGGAGACTACGTCTCGCGTGTACGATTGGGTGAATCACGTTCCTCTAGTCCCTGCTCGTTTCTGACTATTTGACGGGAAAGGATTCATATGTTCGCTCTAACAAGCCGTAAGCACAACTGCTAACATGCCCTTATCTAACCGCTGTGGTCTACTGGATCGCGTCGTCGCTGTCATCCACGAGGCCGAGGACGTCAGGTACCCAGTACGAGCTCACGGCTAGTTAAGTATCATAAGGAACGCTAGTAATGTTCACTCCTAAAAGGGGTGCTCTGAAATCTTGAGCTAGCCACGAGAGTATGTATGGGTGCTATCATACAACCGTACTTTTAGAGACTTGTCAGGAGCGCTTCCGCCTTGAGGCATTGCCCTGGCTTGCGCGTTGGAGATTTCCGAGGGGTTAAGGGGTCGGTAAAACTGAAAGGATCATACAACCGCGATATTGACAGTACGTGGGGGGGGGATAAACGGATTTAAGAATGATGTAAGGACGTTTGTGGTACGTGAGTGAGGTAGTATAACCCGCCTCTGATGGCAACCGACGAAATCAGGCAATTTCGAATGATTAGCACTAACACGGGGGACGCGCCGTGATTCGAAAAGTACGTTGGCCTCGCTTCACTGGCCCATACTATGGGCCACTACTAAACGTGTAGGAGGTCGACCCCTAGCAACATTCCCTTCGCTTGCGCACACAGTAGGTATGCTATCCTGCCTGCGTCGCCGAGTCTAATTCCATTCAAGTAGTAGGTGACAGTAACGGTATCTGCAGTAAAATAAAGTCAAACCTGTAATATTCCCATCTATGGCCGGTCTGTACCACAAGTCATCACCCGTAGGATGGTACTGGTTACTTGAGCCGTCATTTCATCGTCTAAATGATCTGATATCCCCACCAAGTTCGGCAATATAGGTATGGGGGGGGAAACGACGTCTCTGTAAAATTTTTATGGAGAAGCCTGAGCCTTCACCATGCGCCATCGGGCCTCTGTGAAGGAGGGACCGAGCAGATCGCAATTAACCAGCTCCAGGCGCATTATATCGAGGCGGGAGTTGCCGCATGCATACCCATCGGGATCGATGCAACTTAAGAGGAATTGATAGACCCACTGGAGCGATGCGAGTCGCCCCAGTTATTCCTCGTCCGCACACTACGGGCTGCCTGACGGACTAGTAAACTCCCGGCTGCGGATTTACCGGGATTTAATTCTGGGAGGGACTATGGGGGCGTAGATTCCTCCTGGCCGAAGGATACAGCCCCGTCTCCTGGTCAATAGGCCTATGAGAGTGTTCCGACGACCAGCTATTGTCACGCTCCCCCCCTGTTGTAAGTGCTAAATGTGGAGAGCGCTGTGCCTTCGGTTCTATCTAAATTGCTTCGATACCACTCGGTCCCACTAACCTGTCTACCTAGTTGAAGGAGTCCTTCGCCTAAATTCCTGATGCTAGCGTATAAGGGCGCTTCAACAGTCACCCATGTCTTGCCGCTCTATCCGGCGAGACACAGGAT,1533,51.14,Escherichia coli
SEQ_326771,ATCGTTTTTGACTATTCTTGGTGTGTATGGTGAAAGCACGCCGCATGCTCTATATCCCGAGAAGCCGCGGCAGAGCCAGAAACGAAGAATAAGCTCGGCTTTGATATCGGTGACGTTTCTTTACAAATGTGGTGCGTGGTTGATGGGGCCTGTTGAAGTAATTATAATGGTTCAGTGCGGTATTCGGTCACGGCACTTGAGACCTAGCCGTCACGTTAAAAACTGATAGCATAGCAAAAAGTTGAGCTATGTAAAATTTAAAGCAGCAAAGGCTTTGCTCGAGCGCTAGCTTAGACTAATTGAGTCATGCACCGCACTACAAGCCCGGCTTTCTCTCTTAACGGCAGTCCGCGGCAGCCGGCTCTTGGTGGCCCGAGCGTCCGACTGGATTGACACCTGACGGGGCCCTGGGTAGGACCGATCACGTTTTTCTAGCTAACCGTACAACTGGCCAACTACATATCCTGCCGGCAAGACACGTTGGTCTCTGAAGCCGGCGTCAGTGGCAGCTGTGTGCGCAACCATTGCCGGCCAGATATACATTGAGAGGTCCTCCGCGTCGCGTCCTGGTTAGGAGAGGGTACGGTTGCCGTCGACCACTTGTTCTCCAGCGTACCTGCACGCAACTTAGTCCATCCAGGCTCTGCGGCGGGCTGCGCAGTAATCGGGTATTATGGTTCCGAGCTCGATCAGGTATTGGGCTGTTGGATCCAAATATAGACCGCGCAATCTCTAGGGCCCTCTGGGACCTTCCACACCAATATCTCCGAGCCCTCGCAGCACCAATTGATGCTAGGAGACTAGTGCGGTCCCTTCCATGTTGACTCACGATAGGGTTTAGACTCTTCCCAAGTTCCATCCTGAAACGAGACTAGTACTCGGAGAGCCAACTGTAGGGGCAATCCACGGTTCTTAATGTTTTCTCAACCGATGTCAGAACTCGGTGATCCAGTTGACTCATCACGTCGGTCCTTGACGTCAAGTAGGCCTAATACCTCCACGCCCGCGCGTTTTTCTACGCAACAGTGGTAAGGAAGTACTGAAGAGCGTACCTGGAAAGGGAGCCCGGATATGCTAGCGCCGCAGCGACCAGGACACTGCATGGGGCCTTCTCTGGGAGCTGACTCGCACTCCTTAGCCTAATCCAGTCCTTCCTCGCAGAACTATCGGCAATACTTTTGGAATACTTGTATGCTGGATTGATTTCCGCAGCACCCTTGAAGAAGTTATATGGGAGGGTGTCCTAGGGGAATTGTCGTGTCAACGACAGGATAGAGGTCAGTCGGGGTAAGCAGCGGTATAATACTCCTACATAGTTCGACGGCCCCCGGTGAGTGGCAGAAGCCCGTCGGCGAGTGACCCGGGATTTCTAATTTTCCACCTAACATAGGAGGTTGATGAGCTCCACGCGCAAACAGATTTCAGCATGAATGGAGCTCGTTGCGTATTCAGCCTCTGAGAAGATGCCGGT,1471,52.69,Homo sapiens
SEQ_949768,CATAATATGTAGCCTCACCCACAATATTATTTGACTAAGGGCACGTGGCTCAGTCTAGCCTAATCCGTCGCGTTCGGAGCTAGCTGCCATCTATGCCTACATACCATAGATGTTAGTTGCCGACGAATGTGGCCATTAGTGTCTGGAGCTTCGGTCGAACTTAACACGTTAACTCGGAATCCACTCCGTGCAG,193,48.7,Drosophila melanogaster
SEQ_286642,GCAATGCCCTAGTACTTCGCGACTAGGGACGCTCTGTGACACAAGAGGTTTTCCTGAGCACAACAAGGGTTCTCTCGTCCTCCTGATGCTCATCTAGAACGCCCGAGGGTGAGTACTCACCGCCGTGGACTTCGGGAAGAGAGAGCATTCTTGGCTGTAACCAGATTCTGTTGAGTATAGATAAGTGAGATAAATAAACCAACAATGGCTAAAATTTTTGCAAGAAATTTACGATCAGGGTTTCCCTAGTACGCCACAGTACAAACTCAGCTGTCTACTATCATATCTAAGTAATACGCTGAGCTTGGAGTACAACGAAGGGTGACTAGAGACGACCCCCTCTAGAAACGGTAACGCTGTTGGGAGGCGCAACCGATCGCAATCATCAAGTTCGGCGCGTCGACAAGCGCTAGGGTGCGGCGTATGCATTCATCAAGCAAATACCACTGATCACCAGTTCATAATGCCGATTGGCTAGTATCACAGTTTGCCAACACTACAGCAGTCCTCTTAGAGACTCAAATGCAACAGTATGTGTCATGCGGGCCGTCCTAGTCGTCAGGAAACGACACCCAACCGGTTTTTGATTGAACTTTCAAAAACTCCTGCAGGGACAAGCCACCTGCGGTAATTGGAATCGTGGAGGGGAGCTGCGACTCTCGACCAGGCCGAACTCGTCCCACAGTACGACCGACACCGTGGCTCAAAGGACTTAGCTAGACTCCTCGACATTTCCTGAGCGGTAGGTATCTTCCAGATTGTACCCAAGTCAGCAACATGTTCTAAATCGTCCAGCGCCTGCATGACGATGGCCGAGCTCATAGGACACTAGACCTAGCGGGCCTTAATATGTACATTAAGTTCGCACGGAGGTGGGCGAGTGCGCGCTGAGAGCTAAACCGGCCAATAAGACAACCCGAGTGTGGAAGCCCTTCTGGACATGGTCAAACATGGTTGCTGAATGGAATAAGTCTATGGCGGTCATGTAGACCCGACTTGACTACCAGTAGATACGGCACAAAGTATCTGGCCTTCGCGTAAATGCCGCCGCCCTGAACGCGCCTATCCTATACTATAGGCTAGATACTAGTAGTATGACTTCCCACGTATGGCCCGGCTTTAACGGGCCAACCGATCTCGACATGGATGTGTTAATAGCACAAGCGCTTCGAAATACGACGCAATTAGTATATAGGCATGTATCACATGATGACTGGTTTTCCGATAATAAGTCTGGTCAAGAGCGAAAATGATAGTAGACTTCTGTAGCGGAGATATGATGTAAGGGATTTGCAAGGAGTACCCACTAAATAGGAAGTAACGGCCTGATCCAAAGGGATGGTGCAGAGAATTTAACACGACGAGATCAACACGTAGGGTGTCGGCCAGTACGGCGCTTCACTTACAGCCTTAAGGCAAGAACAGCAATCTTCCACAGGGGGTGAGGGGAATCCCCCTTGGTGTGTTGCCCGTTCTGTCGCATTCGTACACCCTAAATCCATGGTTGTGGAGATAGATTCCCCAACCTGCGGTCAGCCAGTTGAACCTGTGCCGTCACGCGTATCCTTGCG,1571,49.97,Homo sapiens
SEQ_400470,GTTCAAGCGCGGCCCGGTAACGCTTGAAATTCTGCGCGTTCTGAGACAATTTTTTTATCGTGGGGTATTAGGGGGTGTCGGACGTTGCTACCTATCTGCGGCGATTCAACGTCTGAGGATCGAGCTACGCTTTAGGAAAGATACCTGTAGGGCTGACTTAGGGAGCAAAAACACCTTAACCGGGAGAGTCTGGGTGCCTGCTAAAGAAGTAGAGTCGTAGCCTTGATCCAGCTTCGAGATAAATCGTGCATCGGTGTGGTCCGTAGTGTCGTGCAAGGGCGGACCGTCAGGTATTACATCCACAGCAAAGTTATGTCACCACTACAGCTCCTCGTGGGGCATGTTGTATCCTTTAATGTAGTCGCCGATCAGAGATGTGACGCTCTATTAATTTAATAATGTACGGAATTAGAAGTCGCCCAGGTTCGCCCGTTGCTAGGATTTCCCTCTGCAACCATCGGGGTGCGTGCTACCGAACTGCCCCTCCTCCAGCACACTATGGTGGCAATGGACTAGGATTAAGCGCTGAAACGCCGAGTACTAAGAAATGCGAATGGTCCAATAGTAAGCGATTTGGCTACGGGCATTTCAGGGTGAACGGAACAGTGCTCGTCCAGGCAACACCCATCATTTGCTTCTCTAGCCTGGTGCCTCTTGGGCGGTGCGGGTAATTCGAGATCAGCGGAGTGCAACTCACTCGAGCGACACACAGTTAAAAAGCTTCACGACATCTTGTGTGGAGATGATGCGGAATGGGAGTAGTAACTTTAGCTGTGAGTGCAAAAAATATACCCAAAAGCGCCGTCCGGCTGCGCCGCTCCTATTCTAGGTTCGGAAAGGGTTGGTAATCGTCAAGAGACTGATGGTTCGCGGCGAGTATAGGTAAATAATTATTGCATGTAGTACGTGTCGCCAGTCGAAAACGTATACGTCGGACACTAGTGTAAACTGGGGCTTCCCCGCTCTATAATTCTGTTTGTCAACACGGGTTGGGATGTAAGCAACGTACGGCCGCGCTTATCGGGGCCGTTCACATACTGTTCCCTAGTGCGTGATCGTAAAGTGCAAGATCGTCCTATGCTTAGCTCTGGTCACTGTTACTAAAGTCCCAGTGAGCATCTTTAGGTCGAGCAGATGTCTAGGGTGCAAGCCTTC,1155,50.48,Caenorhabditis elegans
SEQ_674635,CGTCCAACCATTCTTTAAAGTCCTACCGGTGGCTAAGGATCGTGCATAAAAAATGTACTCAGAAAGTGACTAAATGGTTGCCTCATTCCCAAGTATGGCTAGTCAGCCAAACCCATGGCTAACACATTTTCTTTTAACCGATAGGTCACAACTCCGCCTTCATGACTGTAATTGGTGAGGCGTCGACGGGTTAATCTTGGTAGCACCATCCTGACCCGATTTTAGAATGTAAACGGTGCTCGGTCAGCTCGTCACTGGTGCCCTTAACTGTACCAAGGGACGCTGTTACCTGTTACAGTCTTGAACTAAATTTGTAAGCCATAGACCGCTATCTCAGGTGTCTGAATACCGGGTGAGAGAGCGTTCATCGTAATCAGAAGTCCTGGCGTAATAAATCTGTAACCCGCCAAGGGTTTCTGCGGGCCACTACCCATCAGCATACTTCTCTAGCAGGCTTTTGGCATATGCTTTGGTACGAGCTCTCACCTCTCCCCATGACATTTCGTGTAGCCAAGGGACAATCTTCACGAAGGTCTTCACAGGCTCTCTGAGAAGATCTCTACGTTCTAACTCTTTTACCTACCGGCTAATAAGGGGACTACGTATTCCAGAAAATTTGTTGATGACAGCCAGCCAGTAACCGCAAGCTCCTCGCTTCTGGACTGGACCTCCGGTGCGGCTCATCTGCTCTTCTCGGGCTTCAATGATTTTTCACGCATCAGTAAGTATATATACATTCGCAATGGGTTTGGTAACACGTTGGATTCGCCATGCACCAAAGTTAATCGTTGTATCTAATGGTCGTACAATCAACACGGCGAGAGTGTCTCTATGTCCCGGAGTCCGAAGATAAGTTTCGTTTACCTTCGGCCTACAGCCATAACTGGCCGTATTCCAGTACGGTAACTCCACGTAATCAGTCCGGATTTGACTGTACGCGAGGTACGTTACGATTCTCCTAGCATAATGTGGACAATAGACTCTGAGAGCTGACAAACGGTGGTAGTAGCCACCCTGACCGGGACGAGCAGGTAAGCACGTTCTGGCAGCGTCGACTTACGCATCATGGTAACGTCACCGTGAGGTA,1087,48.21,Caenorhabditis elegans
SEQ_190271,CCCGGGGGCGTAACACAGCGGTTGTCCACCCCTGAAAAGGGGTCACGGTTCCAGCGGGAGAAGACCGAGCTAACAGAATCCAGGCGGTAATCGCCCCGTCCATGTAGCCACCCCTAGACCCTTTCCCTCATTTATATCGGTTTCTGCCTGCGTACGCTTCGACTGGCGGTAAAGGAGGTATGGGTTTGGAACAGGAGGAGGGACCAGGCGCTGGCGCGATAAAAAAAGAGGCAAATGATACTGCAATTCTTGGTCAGCATATGGCTGAATCGATTGCGGCACCGCGCTAACTAAGCCAGGCACCTGTTGCCTGCGGTCTAGCATTGATGAGCCATGATCAATTCATAAGCAATGAAATGTCGTCCCTTTATCTACACCCCGTGCTGTAAAACAGTACGTAGCTAAGAAAATTATCCGAGTCAATGGTGGTCAGCTCCTTTAGTTGGCCACGCTCTCGTATCCCCCTGGCCGCCCCGGCTTGTACAGTCGTTTTGGTGACAACGATATTGTCACCGGTGGTCCCAGCGGTCTGTAGCTCGAACGTCAGATTTGAAGATTACCGTTTTCACCAGAGCAGATACGAAACATCCGCGCTACCTGAGTCTCGATCGACAGCCGTGTGCTCGGTGAATGCCGGCTTCTGTTGGGTATCTTACTCCTGTGAGCAAGGGCGTCTACAGATGGCCGGTGGCTATCATCGCTTTGAGGGAGGCGCACTTTCGGTTGGGACGCCATCACTAACCATTGGTGCCTGTGCTAGACTACACCGTTCTGGTAGAGCTCGTCTCAAGCGTCGCATAGGCTTTATACATCGGGATTCGTTTGCGATGGCCGGAACCCCCGGGTGCCAATTGATTTAGGCGAAGCGTGACACTGTTTCGCCACAGCTACTGGAGGGACGCTGAAAGTTGCTCACTACCAAACGCCGTCTGATGGCGCGTGAGTGGGGCTGTCGGCATGGGATCAGGATAGTGCCTAGGTCAGGGGTCTTCCGACCCAATCCTGAAGCGTTTAACAGCAGTAGTCTAGCCCGGAGGTTAAGAGTGACACCGCGTAGTACGTGATGCCAAAGATATGTCCCCCGTGAATAAATTATTGCCAACCAAGTTCCCTCGGATCCCTATCTGCCACAGCCTAGCCATGTAACACTGGTGAATCCATTTGCCATATTCGTTGCCTGACAAGTTCAACTTGCATCAGTAGCTATACATTGTCGATAGATTTAGTCCTGTTGGCCCTCTCCGCCACTCTTAGTCTAGCGACCATGACCATTTCAGCATCTAACCTCATTACTAAGTATGTGTCGCTTGCTATTTATCTCACTGTTGTTCTTTAGATGTACTCCTCGTGCCCTCCCAGTATCATGTGCGTTCCAAGTACACCTGGCAGACTCCCAGGGTTATGAGGCTATCGAGTTGGTCTCTATTAATCCGAGATAACAAAACAGGCTACCATTTGACCGGGAAAGCACGTCAACGATGTAACAGCGGAGGGCTAATGCATAACACCGCTTAATCGAATACGGTAACTGCTTTCCATCCTACGCCGACATTTCGCTAGCAAATTATACTAATCCCTAGAGTGGCCCCCAACCAAACCTATAAGCGATCTGCAACTGACCAAATTCAGACTTTAACACGACCATAATTCATGGCTCACGTAAACATTGTTTCAGTCGCACGATATCACAAGCTCAGGACAGTCATCGATCTGGTCATAGCCAGCTCGATACCAGACGTCGTGAGTGAATGAGAGGTATTGTAGCAACGACAAAGTAGTACGCTTGTCTACGCGGGCTGGATAATATAGTCGTGGGCGCCCTGGTAGACCGACTGACCGCAGGAAGGATGGAGGGATACAGTCTGCCCGGTGCCGCTGATCGATGGCCAAAATTGTATGGGCTACGCGTACACGGTGTCGGTAGAGTTAAGCCTTAAACGACGCAC,1946,51.39,Homo sapiens
SEQ_471886,AACTAGAGCTTGAAGTGGCGTTTGTTACTTTACCGATCCCCCGGAGCGGGCCGGCGGTTTGAGATTAGAGGCGTCCGGATAGCCT,85,56.47,Arabidopsis thaliana
SEQ_154746,CATCGGCCTAACCGGTAAAACTGCGCCGAGCCTAATCCAGGGGGCTCCCAGAACTTACACGGTATAAGTGGATACTAGCGTTTCGAATTTGCCCACGTTCCATTTGGCAAACTGAGACCACCTCCAACTTGTGATTTTTCTGTCTGTCCTACTTAACACTACCCCCGTGGGTTCTACTGTATACATAAAGCTAAGTACGCTGCCCGGCCCTCCCTGGCGCTTTATGGCGAAAACTTATTTAACAGAATACCGACATGGGCCACGACTATCAATAATCGGTCAATTCCGCCCCCCGGCTATTTGGGCCGCTGAGAAATATTTCTTTTACAAACAAGTTTTTAGTGAATATAGGCATCGGTGGACCAGCCAGACGCTGACTCACGTTACTCAACTGGCGGATTAGTGAGTCTAATTGGCGGCTACAGTTGCCAGACTGGAACGCTATTTAGAGGTGCTCAGCCCACAAGCGGCAAGGATGGCTCGTCTAAGAAATCGATGAGCGAGTGTTGATGTGTTTTCATCAACAATAAATAACTGTTCTGTGCCCCTCGACATAAAAGTGGTCTATGTTACCGCTCGCTCTACTCCGAGGACCACTGAACGAGGTCGCCAGGACTGAGCTTAGTTCATATAGCGCACTGGGTTTGTACCAATCTGTGCCGGCGACGAGTGTAAATGAGCTGCGGCATGAGTGTCACAGACAGGGAGAATGTTTCATACTGCGTAACTGTACGGGTCGGTGAGCAGTTCGTTCGTAGCGCCAAAACCATCGGTCCGGTCTGCGGTTGAAGACGGGGAACTATCCCAGAGGAATCATACGGTCTTCGATCCCAAATGTGAGCGATCGCGCTCCGAAGGGGTTCGGATGAGCCTTGTGACATTGTGAATGGTACAGTCCATCGCGAAGCCAGTGCGACACAATTAGCTAACCGTGCGAATTCTATCGTAGACGGTACCTCCAGAAGTCTTGTCCACGCGGGGTGGAAGCGAGTTGAGGTTAAATCCTTCACGAGCCACATTTCCCGAAAGGTATGCGGGCGGAATACTCCGATCAGTTTGGATAGGTTCAACGCTTCACACAGCTGCCAGTGGTCAGCGGTCGGCTCACGGTTCGATGCTGCATCTCCGGGAGCAGTATCCATCACTTACAATTTGCCTTCTTCTCCGTCTGTGCTGGCAGGCCTGAAGTTTTCGGCGAGTGCTTTTGAGAGCACAGACTTAATCAGTGTCCGCTAAGGCCGAACAAGCGGGACTTGTCCGACTGGACGCGCCTCTCCTTGTACCCCCATTAGAAGACACGGACACCCTTAGGAACCACAGCCATGGATCCTCGGGGCCAGAAAGCGCGAATGGTTAAACGTCTTTAGATATAGCATGGCAGACTCCGTTAGTTTGCAGACAGCAAGTTCTTCGTCTATTCGATGAGCTTCTGCTCCATTTAGGCCGCCCTTCCTATGCAGAACTATCAGGGGGCGCGGGGAGTCGAGAACCGGTATGGCACTACTATGTAACCAGTTTGATCCTCCTAGCAGATGAAGACTAGTATACCAGAGACATCAGTCGAATCTTAGCTCCCAGCGTAATACTGGCGTCCGTGACCGATCAGTGGTCAGCACTAAGCAGGCACTCGCATCCCTAGCGCAGATGCGATTAGGGAGGTAAGGAAAGAGCTGCTAAACCGAATCACTTATTGAAGAAAGCGCAAGGTCACTCGAGCTCACGGCGCGGGTGTTGGCCGAAGGAGCGTTAGAAGACACTTTTCTGGACAGGGTGTTCATCTAATTTGGCCCCGGCGGCTTAAACTACGCTAGAGGATGTCGCATGTGCTCTGTCGACGGGACAGAAGACCACCCCTAAGGGCCTTTACGCTCTTGCGCCCATTACATTGCTCACATTTAAGACCGAAGGTCTCTATTAGAGCCAAACGAGATAGCCGTGGCGGAGACGTAAGGGAATTTTACGTG,1964,51.53,Caenorhabditis elegans
SEQ_564043,GTGGCTACGTCAGTTTGACCGGGCCTGGCCATCGACCATGCGCGCCGATTTAATACTATGCAGTCGCATAAGGAACTAATCGCAATAATCCGATGTGACGCATCAACCCCGCCCTGCATTTTGAACTGATGAGGGTTTAATCGCTGCAGGTACTCTTGTATATACTGAACTTATCCTAACGGGTCGCTAAGGGGATAGAGGGCCGGGGTGCCAGACCGATCTGCCGCCCTAATCGGCGAGTTTCTTGGGAATGTCCCCTACCGTATCTTGATTGCACGTGCGAATGTACTTGTGCAAACGCACGCCCGAGGGACAATCCTCTGTAATCGGTGGTGCGATGCGTGTTAACTCCCGTGGGCATGATTGAAGGAGCTTACATGAGTCATAACCTCTGTCCCGACGCAAGAGAGCACACTTAGTCTGACAGAATTGGGTTTTTAAAAATAAGTCCCATATTAAAGTCTTTTTCTAATGCTTGGCTTTTGGGTCCGAATGCTCTCTTTCCCAGATCCAAGATCCTAAGTCAACGACGGGTATTCCATATGTGGCGGTAGTCTGAAAGCCAACTCTACCTCCTAGTATTAGTTAGACCCGGACGAGTGTTGCCCTTACGGATGGCCGT,622,49.84,Homo sapiens
SEQ_281611,CCCCCTGGCAGGGTCTCCCTAAACGTGGGGCCGCGTGTCCGTCTTACGCGCGGTTTTTCATATTGGCATGACGATCAACAAGGCCTTGCATGCAAAGCCATAGGTGGTTTGGCGGCCTTACCCAGATCATACTCTACGGTAAGCGCCGCTGTCTGCCCTTAGGCTCCAAAGGACGCATTACTAAAAGATTGAGTGGCCCAGATGATGATAGGTGTGCTCGTTCGGCGCATTACGTGGTCATTGATGTAAAACTTCAATGCACTATATCAATTGGACCTTGGCCACTGATATAGGTAAGCCTTCAGTCGAACCTCTACCAAACAGTTACGCTAGTTTCGCACACGTCAGCTAGATCTACTTTGATGGAAGTAGCTTGTTACTTGCCGTTGACTTACTTAACACATGCAACTCAAGACCATCACCCGTAATAATTAAATCCGACTGTGGCTATGTAGTAAGTAGGGTCTACGGAGGAGGTCTACACCTAGTGACCTCGGGAAAAATTCACACTGCAGGGTGCCTTGCACAACGGCCTCTGTTGGGGTACTATCGGAATGGTATTCATCTGCGCTCGAAAAAGGTCCGAGGGACGGGTTGGAATATCCGGGGAGATACGATCTCGATCCAACCTCCTAAGCATAGAGGAGTCATAAATCTCTAAGCGTGAAAAAATGCTTCTGGTCCAGAACAAAAAGCGTGATGAGTCCTGGGCCTCGTCGACCTGGAAATTGCGCGAGTGCCATTAAACAATTAGAACACTGTCGGGTCGCAACTAGACGTGGTCAGCAGTAGACACTGTATACTCGGAGCCTTTTCTGAAGCTGTAATGGCAACTACGCGCATCGACACGCCGATCAATCAATACAGCACCTCGGTTATGAGCGTAGGGCGTCTACGGATTACACACACGCCGACATTTACGCGCCTGGGGAATAAACAGGAGCATGCCTACTGCGATGAATCCCCAGGAAACGGGGGTATAGTCGCATGGCCGGGAGATTTGATAAAAAGGTCTTACTTATGCGCACTGATAGGGATAGGCGGTACCCCCGGTATGAGGCAGCCAGTCCGTACCCTTGATCAAACCCGCGCGGACACTTAAAGGTTCAATTGCGAGTCGATCCAGAACACGGGAAGTCTGATGTATGTCCTGAGTTATAACAGCAGGTGCCTACTGCAAAGACTACTTCACCGATATCCTAAGCTTTCAGTCTGATTTCCTCCTGTACGAACCGGGCGTGACGCAGCGTCAAACTTACGATTTCCCAGCCGCATGACCAAATGGCTGTTGCTTCGAGCGTTCTAGCCCTTGTTGACATTCGAAGACCGCCTCGTCGTGCAGGGTCTGAATAATGAAGTAATCTAGGCGTTCGTCTGGGCAAGATGCTGCCAGGGAGTCATTATGGGCCAAGGGCTCCAAGAAATTTCCCCTGTCATTACTAGTCCTTCGGACGTCGGTGGTGCTCGCTTTAGTCTAATACAAGGATCGTCGAGGCGCAATACTATATCTTTAATAAGATTTCCGCGCATTGGGATCAAACTCACCAGCAAATTTGCAGATTCAGGACCCTACCCGCCTTCTTGACGGACACGCCGGGGGTGTGAGGGCAGCCCTGTCTCATAGGCGTTACGATTAACTAATCCTATGTAAGTAGGAGAACCAACTTAGGAGCTCATGCAGTGCTATGACCTTTGTCGCACCCTGCGCCAATACAGAATCCAACGACATATGAGTTTTGCCCGAATAGAACTGAGTACAGAACTCTGTCCACCGGAGCGCGTTAGGAGCCCGGATCCAAGATACATACGCTTGGAGATTTCATAGAAACACCGTGTTCGCGTAAAACGT,1849,50.08,Mus musculus
SEQ_206818,CGTGTGGGAAGACGCTACCCTCCTCTAAATTCCAATCGCAAGTACAGGACGGCATGTCCAGCGTACGGTGGTGTTTGTGTTACGTTCTGTTTGTTAGGCCGGCCTACCCAGCTGAGACCCAGTCCATGCCCCTGGACTTTGATATTTCCGTCGTGATGTTTCTTAGCGACTATGGCAGTGTCTGGGGGCCAACTGCGCCACGCACTCGAGGAATTCATTAATTTAGATTTGTAAGTTGCAGCTCAGAGACTCTCCAGTTGTCTGAAGTGCAATACATGGGCGACGAGATCCCCCCACATCCAAGTTGTGATCCCAGAAACGGCGATGCTACTGTCTTAAATGTGGAGAGAAAGCCAATATAGCGTTATGCCATGGCTCCCTCCCGCACGACCGCTCCGCATTACGCCGTTGTAAGCATGTTAAACTGCATAACCATGAGAAGGTCTGCGTGCCAGTTATGCATCAAAACCATTGTTCGGTCAGGTCGTCACCTAAGGAGAGGCTTACTCAGTTCGGTCGCGAGCTACATGACCTATGACTCATATTAACCGAACGCTTGAGCTCTACATTCTCATCGACGTTAGGTTGCTAGGTACTGACGTAACGATAGTAATTCGGGTCCGGGAATCATTATAATTGCACGAGGTGAGGAGTACACCGTGTATCAATAATATTTAGTTAAGAGCCCTAGCCAAATGAGTTAACGAGAATGTCACGTGTTATGTTCTTGACTGCCAAAGGTAGCGGTCATCCACCCACAATACTCGGGTCTTTGGTCGCCAAGCCAGTTAATCACCAACCATCCCGAATGTGAAACTACCTAAGCATGCCAGATGAGAGGCACAGACTTCAACGGCGTATCGGAGGTGTCCATGCCAGCGGTTCCCTCAGCGTAGTAGTGCGTTATGACATCGCAATTTACCGCGTGTTTCAATACAGCCACACGGGTTGTGGAAGGCCAACAGATACTCGTACAGTGCCTGGTTCATGTACCACTCACTGCGCCGAGACTTCAAGAAACCTCCTGGGACCCATACGTATCTGATCTTGTATCATACGCGACACGGCTAATACCTAATGTTCGGGCCTCAGCCGCGACTCAGTCCGCACTCCTTACATCACAGCACCTCCGCTAAGGGATACCGCTCGCAAGCTATCTTTGGACTCGGATGTTGGCTGCTGCACGGGAGGTTGCCGCCGTCGTTCCCTCAGGAGGTTTAAGTTCGTTAGGGTTTCCACCTGCGTTTAGCGTTTCTAATG,1260,50.56,Arabidopsis thaliana
SEQ_917583,ACAGTAAGGTCAAAGGGCGTTGATACCAACCCATGCCCGGTGTACAAGGCCCGCTCTGTGCCAACGAGAATCGTGGACTCCGCACTCTCACCGCTCCCATGCGTGGGAGGAGATTGATGATTCAGATATATCGGAGTTATCCGAGCGCTCCCCAGTGCGGCACCTTAACAAGTACCAAATGAACTCCGCCCCCCAAGATCCCGTTAGGTGGTTGAACTATACTCCTTGTACGGCAGCACGATTTTAAGGCACTCGAGTAGGCGAGTCATGTTTTGACGTACTTGGCAGGCGATCCGGCTTTGAGAAATGCAGGCAAAACGTGGCACGTAACGATGGCACCTCCGTTGGTCGTAACTCGTCCAAGTTCCAGGACCGATTCATTAGTTTTATGATCACGTCAATTACCTCGCGGCAAAACTAGTAAACACTACAATTGTTTGGAGAGACATATGGGCTAGCGAACCATGAGAGTGGCTGGATTTTACTTCAAGTGAATCTCTGCACAGAAGCTACCGTCCAAGTGGTCCAGACGCCATCCGTTACGTGGTGGATCGGAGGTCCTTGTTACGGTTTTTGACGCGTACTCTTAAGCATCACCCAATGACACCAGCAAACGGCCCCTAGCACATGTAAGCATTGCATGATGTCGAGGCGTGCAGCACGGGGTAGGTAGCCAGCCATTCTCGTGATTGGCGTGTGAGCAGAGACAGCATACGGAGAAATAATTCCACCAAGAAGCTCTGTAAATGACTTGCGTTGTCAAACGTCCTGGGTACACATGCATCCAAAGGTCCCAAGATGGGTTGAGGCCGCATCGGGTTTGGGGCAAGTATGTGTCCTTCAGGATCCCGCAAGGCTACAGGTGTTCACAAACGCGATCTAACATGTATCTCCGGAAATGCAGCACAGCGAAGTACGGGAAGTGGGCTGACACGAAGAGGTGCTTTCCTAGGATAACTCTGCGAGTCCGACGGTTACAAAGGGTCTGCCTTTACAATGGTTACCGAACTAGTAAGTCGCCCCAGGCTTAGCCCTACTGCCCTTAAATTCATGCCCATTCGTTCCGAAGTCCAAAAATTGCTAGGGACTCAGCTTTTAATCCCTCTAATTGCAATCGTTATCCACGGTGGCAGTTTGACTTTACCCAGAGGGCTCCCGAAACGTCGCTTCCTAGAGTAGTTTGGCTGGGACGGGCCACCTTAAAAATACACCGACGCTTGATTTCGTGGTTCCGGCGTTGGGAAAGCAATTGAACCTTTACTGGACTATACATTCCGTTGGTGCTTCCACGCCTTACGCGATGCCGGAACCCACATGCGAGCATTCCCACAATAATCGAGATTGGCTGTATATCTAGCGACGGATTAAAGAGGGAGGAGCAGATCTTGTCTAACCATGTAGGTAACATCTTAGAACTGAATAGGTACTGCTTAAGGTCGTGGCAACTAGCGCCCGCGGTTCGACCTTGACGTCTAAGTGATTGGGACTATCTTTATGCACCCCTTGCCCGACCGATACGAGGATCTGAACAGGTGTCAGGGGTCCAATAGAACAGAGAAGCACGCAGCACCCCATAGGGCACAAAAACTTAGTGATCCAACGTGAATAACAGTCATTGCACTTCTCATCGCAGCGGGTCCATGTCCATCGGGGTGTCTCAAGGACATAATTCAAACCCCGCAAACTTCTTTACTCTTTAGTGCCTTATAAACAGAGTTAGACCGTACGTCTGATATTAGCCAATATAGAAGAAGTCCTTGGTTCTCTACCGACTGGTATAGCAGCTCTAAAATCAGTTTGCGCGGACTGCAGAGAAGACCTGGTTAGAC,1829,50.08,Escherichia coli
SEQ_984431,ACATGCCCTGCGCCTTTTCAAAACTTTAATACCCCCTTCTAAGCCCGCAGCTGTAGTGTCGGTTCTCGTGTTCCGCTTGCTTACGGCGTTCTTCCTTCTCGTCTTGCCTCAGCGACTAGTAAATTATCTTTCTATTGTGCCCATCACTCTAATCGGCTGGGCCGTATTAGACTTCGTCTCCGGGATCGTAAGAAGGCGGCAAACTAATGCACAAGCCACTGCATAAGCATGCTCCAGCCTAGGCTCTTTGGGCATCCACGTCGCGGACTTCCGAGTCGGTATACTGGTCGGTGACCCTTCCCGGCCGATGTGGAAGGCGCTCCGGCAAGTCTTGATTGCTACTAAACGATCGTGAGATCATATAACTCTTAGATTGAAACCCAACTTGT,389,51.16,Drosophila melanogaster
SEQ_781113,CGGTGCGCTCTGACCGGTATAGTAATCTCGTGTTATACGCCGAGCAACCGATTATCCTAATCTGGATAGGATGCGCGGGACAGGGAGTTAATCAGACTACGTCCTAACACCCACAACAGACGCTGCAAGAATTCCGCACATTAACGGCCTTCAAAACTCCGAAAGGAACACGTCTTTTGATACCGATCCAATTATGAGCGATCTGCTCACCGAGCCACTCTGGGCTAGTGATCAGTTCAATGTAGTCGCGCGAGCCCTAGTTCGCATACATCATGACAGTAAACGTGTCATCTGTTAGGGATGCTTTTGCGTCCAACTGACTGACCATCGGTCTGCGTTACCAAGTTCATGTATACGCCAATATTTACTATGTTAAATTATATTTAAGTGCCGAAAGTTCACGTATAGGACGGGATCGATCAAGTCCGGGCACGTAATCACCACCCAATGGGGAATCGCGATTCGAGGCTAAGAGCGCAGTCCCAGCTGAAGTAAGCGTAACTTCTTAAATACCGCGACCTTTCAACATGTTAACTCATTCTGAGTACCGTGCATTATCCCCCAGACATACAATAACTCGCACTGTCATGGAAGGACGAGCCGTAGTTCTGACAGTCGGGGGCCGAAGTGTTAGAAGGTGATAGCTATCCCGAGGGATGGTCACCCAGAGGCAGCTATAAATTGCGACTGTCCCACCTACAAATACACTTTGAGTGCTACCCTTTCGTGTGCGGTTTTGAATGCCCCC,748,48.66,Caenorhabditis elegans
SEQ_986627,GGTTCCTTAATAAACGAAAGCTAGTTACCTACAGCCATCAGCACTATACGAAAGGACATCAACGTATGCATTTATCGTTTTTACTCTGACACCAGATTATTTCAGGAAAAGGTAAGGTGTTGAGAGGAATCAGAAGACAGCCCATCGACGATTCCTTAATGCTCCACTATGTGCTATAGTCCGATACCAGTACTTGCCCGCGTGGGGACCTTAACGGCAGACTTCAGTGCTTCGACCTAAGATAGAACAGGTCGCCGGTCCACGGAGATTCGCTCTCGAACCACAGCTCCCAGCTTACTAACGCATAGAATGAAGCTTGTTGCGCCCAGGGCTGGTTCTGCCTACGACATTCCGATAACTGAGACTATGCCCTCGCAGTCAGAAAGCCGTATATTGCGCGAAGAAAGCCGATGAGCCCAGTCTACTAGGTGCATCGCCATCCACTTGATAGGTTTCCCAAAGCTTATCCGATTCCATGGTAGCAGCGTTGTACCAGAGCATCTCCTACTGCCTGAAAATAATTCGTACGTCTACCGAC,538,48.51,Homo sapiens
SEQ_391372,TGGTGTAGGATGACGTAATGACCATAACGACCTTCTGAGTACAGAGCGATCACTTAGGCACTGAGGGCGGTTTAATTAACCCCCAACATAATGCAACAGTAAAGTAGTTCCTGTAGATGCTTGACTAGAGTAAGAAAGGAGACCGGCGCTGCGTGTAGATGTTAACACTTTTAATCTGACACCGCCTAACTACTTCCCTAGTACAGACAGGCCTGGTTCTCAACTTCTTAGTATACAAGCTTGTGCCCTTAGCTTAGATTGTCTTGCATATAATATTCCAGACACACACTCTACTGCTTCACGCTACTCATGGGCAGAATCTCGAGATCCGCTGGTCCTACCCAGGGACGGGAATGTAGATCCAACCTACGGTTAGCTAAGTAGCGGCCATCGGGTTTCGCAATTATCATCGAACGAAATAGAGGTCTTACTTCTTCATTTTTCGGGTCAGATTCTTCCGTATTCCAAGATGTATTCTCACCGCATTATAAGGACGAAAGTCCCAAAGGGGAGCAGACTCAGTTGCCGAGCATTTAGACGTCCAGGGCCCGTAGGAGTATTTCCTCATTCCGTGACAACACTCCGCAATAAGGCCGGCGGACTCGCAACGAGGTATGTGCAAGCGTTGAGACTGGCTTGTGGATGGCAATACCGCGCTAGGAGCTCCCGACGGTTAAACCTCACGTGCCCGAGAGTGGAACAGCACCCATAAACCTTTAAAATTGCGTAGTGATACGACTTCTAACTGTATATGGCGCTTACGTCGCATCGAGTGTAGAGTGGATAGAGCTCTCTCGTCCTTAACAGAGCATCCTGGATTGTTGCACACGCTCTCAGCGCCTCGACTCTCAGCCACGCTCATTACCGGCGACGGCGATGGGTTGCCCCGCAGGCCAAAGATCTGGACACAGCTTGGTCCGTGCAAAGCGCGAGCATTCCCTATCCCTGTATCCGGGTCACACGCACCCTCAACGACCATCTCGCCCCGGGCCTTCGGTCATGGCCCGCTCTTGGCTGCCCGTCTATCTGTACGCTCAGTAGCAATAAAGAGTAATATGACTGGAAATCATATCGACCATTTGTTAACCAGAACACCCTTGTCTAAAACGCCTCATGACCGACCCGCCCGCCGCATTACCGTGAAGCCCCGGCCGTCGCTGGGCCACTTCACTCCACCAGG,1180,51.44,Arabidopsis thaliana
SEQ_278538,AAGTCAGATTTATCAGTCGCTGGTTCACCAACGGCATATCCAAGTCCAGGCCATCTGCTACGTCCCTTTTGTATTACTGGGAGGAAGCATGCCCAAGTCCTGGTGAATGGTTGCAAGTATTGAACACTGGAGAATCAAGACGGTCTTTCATGCCCTAGGGCGAGGGGCTTCAGGCATTAAGGTCCCTGCTCGACATATTGAACTGAGAACGATTACGCCACTGAAGACGGCCGCGCAAAAAATCTTTTGACTCCCTGAAAGTGGGCAACGGCAATACGATACGAACCTCCTGCGGGCCGGCGAAGCATATGACGGCAACCCGTCGGAGATATAGATTAAGATCGTCAAGTCTCGCTCTGTGAGGTTTAAGCCTCGCCGCATATCTCCGTGAAGCTCCGATTACTCCGCCCCCACACGTCGATACAATACTACTGCGTTGACGAATACACTAATCGATCGTTTCTTCAGTTGGATTTATCGTCAGTTTTGGCCACTGCTTTCATATGCTCAGCCCGGCCCGTGAGGTTACACGAATAGTCCGCCCTCGCGGTGCCTATATAGGCAGTGACGCGTGACCATTCGTAGCCCCCCTTTTTGTTAGGGTATGGTGTACTTACTGTCCGGACGCTAAGTAGTGGCTACAGCGATACCTCGAAACGGACTGTGTTTCACGAAGTTTAGCTCCCACAACCTCCCCCCCGTGTTATCGCAGCGGATGCGCATGGTAGTCGTCACGTCCGATTCTATCGTGATGTGGTTTACGTCGATCCGGTAGCCTCTCACGTTATTCTGGCGGGAACAGATATCAAAACATATTGTCCACTGCCCTTGGTTCCTTCTTCCCTGTACCACAGTGTGGCCCCGCCGTGGTCCAAATCCTAGACGGGCGTCCTAAGTAACGGCGGAGGTGGCACGGCCCATGTAGATTACAAGGGCAGTTAGTTTCCATGGTGTAGATATCAGTTTCCAACATGCGTTTACTTTATTGAAAGCCCCTTAGTACCAGAGTTCGCAGTTTCTCGCTCGGGCCGAGTTAGATTTAAATACAATCGCCCACTGGAAGGCTGTAGTCGGAACCACTTGTTCTGTGGCGTTATGGTACCAAACTATTTGCAATCCAAACTCTCAAATACCGAACCGTCGTGGTTGGCTCGGAAGTGCCCGAGCGCTGCAAGTGCTAAGAATACTTATTCCTCAACCCCGGCCAACACAGAAAGGAATTACATGTCGATAAATCCTTTCACACACGAACAAAAGCGTACCGTCTTTTGATTACCGCACAGCCTTGCTCCTACACTTCGCACGATGGTTTGCGACGGGTCTGCTGTTGAGATCCCTTCGACCTGTCACACAGCCGCTAAGCGCTGAGCACTGTTGGTAGGGCCGAGGATAGTTGACACTTTCCGGTACAAGAATATCGCAATAGGCTCATGCTTGCAAACATTTTAGTTAATCCTGGGTCCGTGGCACAGTTGCCACCAACCACCTTTGTTCCACAGTATGATTTACTGGCACGAATGCGTTACGCCTTGAACCAATGATATTTGCCCCCCCTTGCACCATAATTCTTAGATGAGAGATGAGATGGTCATTTATTTCTCAGCAACGTAGGCTCCAACCCCCACGAATCCCAGGTCACCGTAAAGCGGATCTGTGCGTCTGTATCTCGCGTAGGCA,1677,50.57,Mus musculus
SEQ_966955,GACTACTGATACGCTGCATGAGGAGGCATTTGGTCTCATATTCTTCCGCAACGCCCCACCCTAGGACGCGGACACCTGAGGAATCTTGTCGTCGTTACCTGATGACGCCAACCCAAATCGAACGCCCCCTCAACGATACCATCGCAAAACTGGGTCTCATTCCATATCGTGGCTTGCAGTACAGGCAGGAGGCGCCTGTACGCAATAGTACTCTAATACGGCCTACTTTAGGTCACTTAGCCCGGCGTCTCACCCCTGCCTTCATAATAACGCGAGCCATTGGCTATACACTTTCGAGGGCAAACGGAGCTCCGCGTAAAATTACGAAAATTGCTCGTTAAGGGATTGTTCGTGAATCACTACACGGTCCTGCCATATAACATAAAATCGGATTGCTGCCTACCCCATTCCATATTCGGCCACTTTGATTGATGCGCTCGAGGCGGTTTCGGAACACGATGACGGTTGCGATCGGCGTACAGGGGCTTAACCCGTAGGATCACTCCGGCGAACTAGGGCTATTCTTGGGCCCGAAAACCATCTGTATGCTGGCCGTGCCAGCCACCAGCGGGAGCCGATAGTGCGCACCTGCCTATGTTCCTGAGGGTGCAATCTTTGATTTTTAACGCCTCGAGTCACTCAAGCCTATCTGGTTGGCTGAGATTACTATTCTGGGAGAGGGCCTTGTCGTTATTGAAGGACGGACGTAGCGCAGGACTCAATTGAGAGGATCCCGTGCTTTATAAATGAACAAATCTTCGAGTGTATTTATCGTCTGTGGTGGTCGCCAGACCAAGACCGGCTTTAGAAGGATCTGATCATGTAACCGCGCTGGTGAGTAGATCTTCTATGCGGCCTGCATTTCTTGGTCCGAGAACGCGCGCAGCATCTTATAGTCGCTCTTTAGGTACCTGGTATCGCAGCCCACACATTTGTCACATGAGCTCATTAGACGACAAGTTATGTGAGGGTAAGTAGACGCCAAGCTTACAGTACAAGCGCGGCTCTCAGATCAGGGTGGCTGCGCACCCCCAGGA,1037,51.98,Escherichia coli
SEQ_156279,GCGAAAAGATGACCTCCCCGTGACACTATTGGTTGTGAAACAGATGATTTCAAGTCTTGACTCAACCAAAATAAAAGGTTATGTCTAACCCCATAGTGTAAAGATCTCGTAGGTGGTACGACCTTCCACACGATCGCTGCTCGAGTTGTACGGAACGGGAACTCTGAATCGTCCATTCCCAGGGGGACCCCGAACCATACAACCGTATAACCTCACGAGGATTCTCTATCGTCATGGTCCAACCAAATGCGCGGGCCACACGCCCGTAACGGGGCTCAGTACTAGTAAACTCGGCGCCTCAAGCGGTTCCGGATTCCGATTTGAGTGCGAACAACATGAAGCTCTGCGCCCTAGCTAAGTCTACCCAGTGGCAAAACTCACAACATGACTTTCACTATGCTGGGGTAAAAACGCTACCGCTACAAGGACCAGGTATAAAAGCCAGCAGTTATCTATAGATATAGGGTGTCTTCCGGTGTGGAATGCTTCACGCTCGGCGTAGGGTAACAGAGATACTTACTAGACTACACGCCGAAGTGTTGAACGGCCTTGCTGTCTAATGTACCTACGATGAGTCATAACCGAATCCGGAATCAGTGGGCGTCATAGCAGGGCTAGGCCAAGACTTGTGAGGTAGTCTGCATCACGTCAGTTCCGCCAGTAAACTTGTGCCGTTTCAATACCTGACCCTGAGGAAATTTACGACATGACGTATACCATCTTAGACTTCAACCATCATGTACCGTGCACTTTATATGTTGGCATGATGATTACCTTACCCCGTGATACGAGTATACGATAAAATGTTGGGTGGACGTCATGTGAATGTACCTAGGGCAATTCACCTATCGCATGGGGAAACAGGGTCCGTAAAACGTGGGCGGATAT,888,48.65,Homo sapiens
SEQ_786971,CTCACCAAGGGGATTCTTCCGTCAGGCACAGCAGCGAACGACTCGAACTCATCAGTATCCGCCGGGAGATAGGGATCGGTTTAGTAATTACACAGACTTTTAACGATCTTACCTTTGGACCTCTGTTCCCGCTTGCAAGATAGTGCTCCTCCACGTGAACCGAGTCTCGTAGGTTGCTAATAAGTTTCGATCTGGATGAAACTCACTCAATGTACTTGACATAAGCTCCAGGAGGCCGGACTCCCTACTTAAAGCGGCTATGTTCAGTTGCAAACCTGGGGGAATACGTGAAGATGTGCAGAGCAAAGAGTTATAAGTAAACTGCCAACGAGTCAGCCAAACCATCGCTGACATTGGTATACCGTTAAATTAGTCTTCACTGGGCTGAAGATATATTGACAGGCTAGCATGAAACCGCATCTTACTTTGTTACGGCCCAGCATAGGGGCTTTCCCGTCGCTGTCGATGCCTCACCCCACTGTTTAGATTGTAACGCATTTAAAGCGGGTGTTTTGCATTGAATCCAGGCTATCCGCACGACGATGAGCGAAAGACGTGCACGCCAATGTAGGGCCATCTCAATATGCTTCAAGGTGGAACTACGCTTGGCTGCCTGTTCCAGCTAAACTATAACAGCTGGGCAAGCGCCGTTAGGCCATAGTACGCACAAGCAGCATAGGCTGCGACCATATCCCGCGTGTCTGGCCGTTACTTGGCATTTAGTGGATGAGCCAGCAGTGGATCCATCGCGATGCTCATCTGCTCCCATGACAGTCAAAGCGTGTACCGCTAACGACCGGTGTGTCCGAAGTTTACTCTCGCGGTTACGGGCCGAGTGCTATAACAGACAGTCAACTACGACTATGCCTAGCGTAACATCAGCTTTATGTATGCATATGAGCGCCAGCTTGAGTGGGAGCAGGACGCTAGGGACGGGCGACTCAAGGTATCCGCGTGGCATCCTGATTTTCATCCGCTGGAACCCTAAAGTACCCTGGTAGAAACTAAGCTTGTGACATAAATTAAGCCTGCTATTATAATGCACTCGATATTGATCTCATAACCCACTATCACTGGTGCAAGAGACTATACACTATAGCAAGTAGGTCCGAGGGCCGGCTAAGTGGTATACTACCCTCCGTAGATGTGGCAGTGGTATATACACAATCGTTCAAGCATGTCCGAAGTAACCAGCGGAGGGGCACCAGCCGTTCTTATTCTCAGCCCGTCTGGAAATGCAATGTCGAGCTTCCGGACGAACCAGTTGTGGCGGAGAATCAAGAGATAGTTTGGGTCACCTCCGTGACTCTCCGTACGTTGAAGGGTCCTTGCTTGCCCTCCCATTATTAGAGTGCCACGACCGCACATGACTGACAATCTCGCTCGCGACATCTCCAAATGTGAATCACTCTCTCCTAGGACAACACATGCTAATATGCTTGGAGTCCAGCCTTCAAGTATCTAAATCTGGCCAAATCATTCAAGCCTCACCGTACAAATTAACCTCGTACTCTTAGCTTGTCTCGTTAGGCACTATGCTACCGCCTAGGCAGTCACCAGCGGAGACTTGAGCGGAAGATATCCGAGGCATCCGATAAGCGCACAAATGACGAGACGGCTTGTGGACTTGCCAGAACCGTTAACCACCACCCGAAGGAGGAAGTTGCCTGATTTTGACATCCATATGGAGGCAGATTCATCGCGATATGACCATCCGATATCCGTCATCAGAAACTCACATCATAATCCGGTCGTCTAATTCATGCACAAGAGCGTTAGCACTACCGCGTAAGCCCAACGGGCTGTATCACGGCACTCAGCGTGGTGGCCCATTATCCCAAATATCACGTGAGGGGAAAATGCGAGCCCGTCCTTTAGCTCTGGTGGCTGTCTCCTGCTTACGCAAAGTCCTTACTATTCACTACGAGGGCATGCAATTAGCAACCGTATATCCTAATCA,1960,49.9,Arabidopsis thaliana
SEQ_799246,GAGGGTAAGCGCATGACTGTGCTAATTGCGACACCTGCGAAACCAGCGGGTAGCGCACCGACTATCGAGTCCCTTTCACTGCATACTGAGGGAATCGTACTGTACACTGTATAAGACAACGATGCGGAGCGCCAGACAAGGCTCTGCACTAGCGACTGCATTAACACGCGTATGCCTGCAATGGACTAATTCGCTCATATCCCCGTACTGCTCCACCCTTATGTAGGGAGTGCCAGTTGAGAATCCGAGTCCTCTTGACCCCGACCGCGGCTATCCGGGCAAGGCGGAAATGAGGGGTATATTGATTGTTCACCACCTTTTCACCAGGTAGACAAACCACTAATACGGACATCTGTAGGCTGAGCCTTTATCTCAGGCTAGCTCACGTAAAAGTGTCATTTTCGTCGAGTTTGTTTTATAGAGGGTACTAGGCATCCCATGAGGTGATTTCAGAGGATCGATGTAGTCTTTGTGACCGGAGGAAGGCAAAGTTACTGATGTTCACAGAGATAAAGCTGAGAGTGAGCCTGATAGTTTCAACTACCGTGCAGCCAAATTGGTGGCATTCAGTTATCCAAAAACGCTAACTTACATGGGGGTGTGCGCCAGACCTCGGCTAGGATGAGCTAGAAAGTTGTTGACCGTGCAGAAGGGCGCCAGGCCGCATTGGTCGTTTGTCTCAAACATCTCCTTGAACATACAGAGATCCTCCGCCGTCGTATCAGTTTAGCAGGTCAGGGACATTTTTTCGCTTCCCTCATTGCTTACGCTGCCCCCTTCACTGACACGTCCAGCCTAGCAGAGCCTGGCTGCTAATTAAAGCTCATTTGTGCGACGCGTTGAGCGTTCAGGAAGGTTCTGCAGATGGAATGGTTCCGGGTACGTAGACCAAAAAGCATGGCACAGATACCAGGGGATATGACATGTAAGGATCAATCGGACTGCCTCGCAGCGGTAGGCTGTAAGTTAGTTTATACTCCATCGACACGGTGCTCGCATGGGCACGAAGAACATGCAAACTATATACATCGACGGATGCACCATTACAGCCTGGTTGACGAGATGTTATTCAGATTATGTATGTATAACGAAAAGGATCTATTGTCGAAGTGGGGTCTACCCGCCGTCTTAGAAGAAAAAAACGTGAATGGTTCCCATTCACGGCCCATAAAGGCCTCCCAACCCGGCCCATCATGAGTGCCGTTCCATGTTTCGTTTACACCCGAAGGCACGGTGGCATGCATATTGGGATGCCAGAAGGTACGTAGTTTTGCATTTCGATGCTCAGCGCCGTTCCCCTGTCTGTGAGAAAGTGTCTCACAGCTGTGCCACCATTAGATCATGCACTCATACCTGTAAAAGGTGTTGCTCTCCCACTGATCGCAGACAGGCCTAGCCTTTGTAGGCCTAACGAGTACAGATTTTCCTCAGCCGACACTCCCCCATTCCTGAATTTGTAGAAAAAGAATTTAGGACCCCTGGTGGATCACTCACACGCTTTGTTCAGTTATTGACGAGAACGCATAAGCCTCCCAGTTCTCGAGCGGCTGCTGACCTTCCGTCACCTTAAACTGTGAACGTACTGGATACTACACCTTTTACACGCATTAAGACTTAACCTCACCGCCCAACATGGTGCCTATGGATACGAACCAT,1656,49.76,Saccharomyces cerevisiae
SEQ_253908,TCAATTGTTGGGACTCTTGCAAGAATGTGACGAGTCGGATTCTACCTGTGAAATGATCTGACGACGTCCTTTGGTTATAGAATATATTCTCGTCAGGTGATTACTGACTATTATTGCTGACGGAAGGACATACGAACCACGCTTGTACGTTTCTAAAACCGGCTCTTGGGGGACGACCCCCTATATAACTTGGGAGTCGATGTACTTTGGTCTTGGTACTCCAAGTTTGTGGATACTTGTGCTCACTAATTTCCCGGGGCTGGGTAGAATGGCGGGGGTTTGCTAAGTCAGGACATACCGACGGGAAGTGTTTCGCGGTAAGCAATTGACGAAGGTCGAATAGCTTATCGATTTGTGACAACTATAACATTATACCATTTCGTGCTTATTGACGCCGATGCCTCAGCGATGCGCGTCAATGGACGCCGCTCCGGTAGGTTCGTGGAGTGACTGTACCTGACATAACATTTATGGTCAAATAGTGGTAATGTGCGATTTGAAGGGGCCAGTCATAGGGGCCTGGCAGCTAGTCCTATACACCCCAGGAAGAACTTGACGTTTATAATACCATCCTTTCTTGTAGCTAAGACGACTTGTCTCGTTGTAAGAAACTTAGAAATCGGTGAGCGTAGAAAGATCTTGCACAATTTAGGGGCAGAGTCGGAGCCTTGCCTGTCATTATTTCACAGACCTAATCAAGCAGATAAAATAGAGCAAGAATAGGGCCCTAATAGTTAGAGAGCCGCTCGGAATAGCTTAATAAGGTTCCCGAACGGTCGTAAAAAGGCCTCCCGGCCAGATATTACGCTCGCTTGTGGCGCCGCTTGTACTCTCGAAACTAGCCGATCCCATTGCTGCGGTCGCCGAGATCGTGTCATCTCATCGGAAATGAGCGTCTCAGTGGAAGGCATGCGCACCTGATTATTTTTTCTTCTACGTCGAGTCTGCTGGTAACGACCAGGGCGTCACAGGGCACTCAATACGCTCCAACTAGAGGAAATGGAAACCCGCATATAATTTTCTAAACGACTTGGCGTGCTCTCGCCTGCCCGCACAACAGTCCAAGAAGAGCGTATGACCAAGACCCCGTTTCGAAACCGAGCGAAAGAGGACTATGGACTAGCCTATCCTTATTTTCCACTGACAAGCCATTTATCGCGACGCTCAAAGTAAGTATTGAGGGCGTACGGGTGGTCCGGTGCCGTGATTGGGGCAGCGCGTTGGTAAACTTTATTGAGAAGTAAGTGCTGACACCGCCGCCTTAGGAACTATGGGCAGTGGCGGGGTCTGTGCCACAGCAGGGCTGTGTAGCAGTTCCTTCCTCCTATTTTCCGGCAGCGTGCTGTTTGGGAAAACCACGCAGCTATCAACGCTGGCGGAGTATATTGGTATTCGGACATCCTGTGGATCAATACCGTCGTGAGCGGACCGTATCTCCTCAGTCAGCACCAGGTTCTATCTCAGGCTTGTCTCCAGGGGCATTTGTTGCTCAGTAGTTAATACTTCTGATATTCTGTGAGTCACATCGTGGTGGATGGAATACTTAGGCCGGTCATGATTTCTGGCGTGTAGCATTTTCTGTGTTGCTA,1589,49.02,Drosophila melanogaster
SEQ_310220,CCCGCACGACGGCAATTTGGAGAAACGTGGACTTGAGGAGTCATACTTGTTTGCGCCGCAGCAACGATCCACCTAGCGACCCTACATGCTTTGAAATGTTTTCAATGATCTCAACTATCGAAATACAAATTAGGCATTGCCCTATTATAACGTCACTAACCATTTTCCGCTAATTGGAGTACTCCACCTGTTGATCGTTCCAAGAAATACGTTTTTCTCTCTGATAATAGCTCAGGCCTGGTGACTTGTCGCCGGGGACGTCTGAGCGTTCCATATTATGTATGGCTTCTACGAGCCTCGGTCGGCACTATCTTCACTTACCCACAGAAACGCTTCTTTATAATGTTTATCTACTATCATGGAGGGTGAAATCACACTTTAGACAGGCGCTCAGTGGGGTATTGACAATCATTGGGCTTGGCAGCATTATCTGAGGGCGAAGAATCTGGGCTTGGTGCGAATGGGGGCCTCGACGACTCG,480,47.29,Mus musculus
SEQ_366748,TAAAGTCTGGTTACCGACCTGGTGACAGGTTTTAAGGGTCGGATCCCTATTGCGGGCCTGTACTGCGCGCCTAACGGGTTGTAGCAAGCGGGCGGCTTTTGAAACTTTTCCGAGCTCACGGTGGCTGGAGCGGCCCGGTATCATTTAGGTGAAAATTAAACTTAGTAAGCTTTAGGGGACCCGTGCTATTGCCAAGTCACAAGATGGACGCCCCACGATCTGACTTTATAAGTTAGAGTCTTCTTCAATCTTTCCGGTGAGAATATGGAAAGTTGAGAATGTGGGTCTGTGCAGGACAACCGCTGTACATAACACCGACCCACAACCAAGATCATTGTAAGAAAGACTGGCCCACACTACGGTACTTTACGTGGTATCGGTTACCAGAGCCTAGTTTATCCAAACATAATCATTCCGGAATTGTGCTAAAAGTGCGACAAAGCGAATATCCAGCCCGCACTAATACTGTGCGCCCGTTAAGCCCTCAGACATAGAACCGCGGCGAGTAATGTCATGTTTGCTATCTGTAATCCCCTCCTTCTCAAATTTCGTCTAATAAAGGCTGGTCTGGACACGTCTACGCCTAGTACCAATCTCCACTATTTGCGTCCGGGTCAGAATCCTATACTCGGTGCAAGGCGAACCGGATGAACCGCGTTAGATTGTAAGCCTTGGACTACGCATGGCTTAATAGGCGTACTACCGATGGGCTTATCCGGGCCCCTTGCCAAGCTCATCGCCAACAGGGCGAAATCTTCCCATTTGGCGTGTGGTCCGTTATTACATCCGGTGCTTTGTCCTCCTGTGCTAGAACAAGACCTTAGGTATGGACTGCCCCTCTAGACACTACCGCGTACTCATTGCTCTCGGGATACGGTCACCCGAGAGTTATTGCCCAAGAAGATTAGCGGCTTCACGTCCTTTGCCTTATAATTCGGCCAGTAACGAGGTATCGGACACCGACGTAACGCGTACTGTTGACATTCCCCCTGGCAGACATGGACTCCACGTAGGCTGACAGACTCCGCTTCGGAGTGTGACTTGACAGTTAATGCGCAGTCGCTAACAGCTCAAGTGACGTACCGAGCAATCACATGTTGCGTACTTGAGTATTCGCCCTTCACGACAGTTAGTTCTCTGGCGAAAGGTCAAGCTATGAAGGGTTACACTTGACGTAGCACTGGCGTTGTAAGAGCGTTGTTTTCTTTCCTATTTCGTGAGGTTCCGAGGCCGTATGCCCACGTACGAACCAGGTCCTACGCTAAGGGCGAGTGTTTATCTTAGTCTCCCGGATAGCAGGGCATAGACAGGTAAATTGGCCAGTTTATACACATACTTGGTACGGCTTATACATTGCCTCATTCTCTCATTGTTGTATATGAGGCCTAATTTGAGAAGTCGGCACTCCATACAGGCATCTAAGAAGTGAGACTTACCCCTATAAGCTAACACCCCCCTCCGGATAGTGCAACAACTACTTGCGAGAAAAGCCGACGAGGTGTCCGCTCAATAGGCACAAAAGGAGTAGTCACTATAGAATAGGGCACTTTAGAGTTTGGCCGACGCACCATAAAATGCCTCAGAAGAACCGCGGGACCATGCATACGTAGATCAAACAGCAACGTTTTGTTTTTATATATGGACTATGTTCGAGACATTCGCGGTTGGAAAGTAATATCCGTGTGTGATTTGCGAATTCTTGGCTTGGTCATGTGATTTCTCCCCTGTTAATGACTTTATACGGACCCCGCGCCCGCCACTTGTTAGTGTCTTAAGGAGTTCTAAGCCCTTCTTTAGCCGGAATTTTGA,1809,48.87,Drosophila melanogaster
SEQ_973922,CTGATTTGTATAAGGATTGGCGTTGCCCGCCTGCTATTTTCTGATCCTGGGGAACCCTACCCTGCCAGCAGCCGAGACACCTGATCTCCGTTATGAGGCCAGCGCAGGTACACATGGCTCGTGACCATGGCTTCCGCTTTTAGCAAGGTCCCTCCAGGTTTTAGGGTACGTCCCAACACCCTTCAATGACTGAAACACTACACTCAGCTTCTGGACGTACACGGGGAGTGTGCTTTTCCGTCAATTTGAACGTAAGTGGACCTCAAGCTTTCCAAGCCTGGTTCTAGCCACAGGCCTGCTTCCTCAATCGCTTCGTAACAGCCTGGACAATTCATACGAGGGGTTAATGCAGTGGCGCGGAGTACTAGTACGTGATGTTGTCTAACTAACTGTCGTCTTCCGATGGGCGGAATCGGAATGCAATATATACCCCGATCGTTCTAGAACATACGACGAAGAGAGGGTAAACCGCTTCAAAGAAGACTCAGCGCGTCGCTCT,499,51.7,Homo sapiens
SEQ_414669,GATTGTGGCTGGTTTCAGGTGAGCGGTGGACGACTGGAAATACCGGGTGGTCCTAGGGCGACGAATTCGCAACTTACTCAGCTTCCCATAGGT,93,54.84,Arabidopsis thaliana
SEQ_943101,AACGCTCCGGCATACCGATGAATCGAAGCCAATTTACGCCACGGGCTATACGCTCGAGGACCCAAGCTTATGGTGGTCTAGATTGTAGGAAATATCCCGGTGGCTTGACCTTACCAGTGTGACCCAATCGTGGCTGCCCTCGTTCTATTTAGGTATCCTTTGGTGGCAAAACGAGGAAATTTATAAGTGGCGAAGCGGAAGTCAAGGCTGGATACTGAATGTATGCTGTGTAGACATCGGGATGTACTCGAAGTAAATCTCTCCCGTTCTGCATATCTATCACTGACCCATATCCGCAAAAATGTGCCTAACGCCCGCGACGTAGGGTGGTAGTACGCGATTGTTTAGGTACCACTCCTCCGTGCTGACGGCATAGTATGTAGGGCACACCTTGCGAGTAGATATCGGCTGAACGGACGGAGGCGCGATGAAAGGCAAAAATGAGGGTTCATAGCGCATAAACAAGCTCTCCAAGACGGGCTTCGATTCCGTCCTTACGAGTTAGTAGCTTCTCGTTCTATAATACTCGGCCCGCCATAACCAGATACGGACCTCGTGGTAGCAGAACGTCTCATGATTAGTGCGACATTCTCGCCGAAGGGA,603,50.41,Caenorhabditis elegans
SEQ_139006,GGGTGTCAGCCATGCGAGTATCAGCCGGACTTCGTGGAAGACCTCAGCAGGGTGGTAGAGTTTGACTCGGGCAAGCGTTTAGCAGATTGCAATCAAATATCGCTCTAGAGCCCTGCCATGAAGGACGAGTCATGCGACACGACCATCCTGACCACGAAACCCCTCATCATGGCATTTACGGTTTATTAACTATTTTTTGTACCATGCCTGCAGACCTCCGGATATCAACGACAGACAAGTTAGACCTGGCTAAAGATCGAAAATTCGCATAAATGAAGGTTCACTAACCCTACGGTGTCTCTTGGGCATTATATAACTAACGCACCCGCGCAGTGTTGCATGTTGATCATTGGATAACAGTACAACCCCGTATTGAGGCCTTACACACCTCTGGTAATGCTTCGCGCTACCTCGGAGCAGGTAGAAGCTGGCAAACAAGGGAACTATTGGAGTGGGACACTTGACTCAGGCCGCCGTCCTTGGATAGCTAACACGCCCCTCATGCAATGCGGAGCATAAGCGTACTTTAAACTCCGGTCTGCCAGCATTTACTTGGTCGCGGACTCGGTACAAAAGGCCTCTTGAGCGTATGCGCCGTAGGTACCACGACTCTGTTATGCACGCCGGATGGCCTAACTGGCCGGATCGTGCGGGGTAAGACAGCCCCCATTTATTGCAGACGTCGACAATAGCCACTGAGAATGGAAGATGCTTTAACTGCCACGTATTGTGTATGACTAGAGGCTTCCCGCATCTTTGGCAGCGAGCACCGTCGAGGCTATATAAGGTGTCTCGACAGATCCATAGGCTGCAAAGCGCGTCCCTATTGCTCGGTAATGCACCCAGAGGCTCTGGAGCGTAAGCTGTTTGTTCTGGTCATGTCTGCTACTACACGCGTAGTTAGTCATACAGCCACCATGATTTGAGACCAACTTGAGGGTGGACCTTGGAAATATAACGAAGACCATCCCGCGCGTTGACTCGGTAGCAAGATCCTATTGGTTCGGGCTACCAAATAGGAATAGTGTAGACCGCAGCGAACACAGTCGGATGCCGGCCATTCGGGAGTGGCATTGGCAGTGGTTTCTTATAAACAATCAAATCAGGAGCGGATATTAGCATAGAGCGCCGACTAGGTGATTAAAGTGAAGGCCCGCGGTCAGATACACTTGTTCCATGCAACAATAGCCATTACACCAAGTGTAGGATCTCATCCCGGCCGCACACGCCCATGTGAAATGAAATCTCCTTGAGGCCCTCTAATTTATGTGTTGTATATCTTCGGATCAGTCTACGTAGCGTCCGGGAACTTGCCAATGTCGTATTACCAGGGCCCCTCCATCGGCCGCATATCCATAGACTCAGTGCCTCGCAGTAAGGACCCGCCAAGTTTTGCTCGCGCATTGGCGGTTGAAAGTTATGACCGCCCAGGATCATCCGCTGATTGGCTCCCCAGCCTAGGTGTGCTAACGCCGACTAACACCGTAATGAAGCGCTGCCCTATCCATCAATGATTCACGCGCCTGAGAAGTTGCCATAGCTGGGATGAAAGGGTTTAAGGCTTACGTTTACTGCTTCAATAGCCTAGCGTTCATTATGCCTAAGGCGCCTCGAGACTCAGACTTAAACCCCCTAGTGTCCTAGGGCCCGCAGATCCTAGCGATATCGCTATCTAGTTCTCCGGGCAGCGAACCGGGTAGCTGCGCAATATACGACTTTGTTGAAATTGCCATTAAAAGGGGTGACACCAGTTGGACACTCCGAACTTGAGGAATCATCCATACACCATGCCCGTTACGAAAG,1803,51.08,Mus musculus
SEQ_241078,TAGGCAGCCACCACAGCTATGTGGCTACTCCCCGCCACATAAACCAGAGGTGGTGGTTTCCGTAGCGCGCGGATATGAATTAGAGGTTATATTGTCTATCGTATGAAACCGGTGTAGACCAGGATATTTCGTCGACGTAGCCCAGTCGCTCACGTATTTTATTTGTCGCTGGCTAGTAGTCCCCAGCGGGGCCGCTTATATGAGCGCTGGGTGCCCATCACACCGGCACCCGGCCAGATTCTCATAGGTAAAGCTGGTTTTCATCAACAATGCTCCGACAAACTACAAAGTCTATCATGTCGGGACCGGATTGGTTCAGGGGAATGGGCATCGGCTTGATCTAGGACTGGAAGATCATTGCCGGCAGAACCCTGTCGATATGGCACTGGCACACAAAGCGTTGCTTGCATAAATTCAAATTCATTCGGTAGACATTATCATAGACCAATTGGACTTTTTGCGCTTCCGTCTGAAACTGCTAGAGACAGCTGTCATCACCGTTACTCTTAATATATCAAACCGTAACCTTTTAATGCCTTAAGCCGCCTGTCACCGTTGCATTAATGTGATATACTCGCTCGCCGGTGGCTTTAATTAGGGCCTGACGGGCTAAGTCTCTGGGATTCAGGCGCGGGACAACAGTGTCGCATCGTAAGGCTTAATCTAAATTTGATCGTTTCCGTACTCTTCTACGGGGCCCACTGCGGTCAACGCCAGAACAGTACCTAAGTGAGACGGGGGGCCAAAAAACTGAGGAGTTGGCGCTTTGCCCGATAAGTCCTACGAATGCCATTCAGAAATTAGATAGAGCTGTATTCACTAGGGAACCCCTACAGAAACATAGGAAGGCATTTGCCTCGTCTAGGTCCAGTTTCCGTCTGGCAATCTAGACTAATGGCGACGCTATAATAGCTGAGGGCTCAGCGATGATTTTGACAAGTTTACAAAGACTAGTACGTGTTCCGGACTGACTACTGTCTAGAGCCTGCACCAAACATTCACCAACCTGAAGCATACGATATGGTGTGTTTAGTTAATATGGTGCGGACACGGATGGGACGCACACCATGGAGCGGCTAAGGTGGCTCCCAGATGCC,1097,49.41,Saccharomyces cerevisiae
SEQ_377882,TTGAGGTAATACGGTTATAAAGGGTAACAATGGTATACGTACTGGCATTCGTAGGATGCCATGTAGCAATACGGCGATTCGAAAATTTACTGCATCGAGAGTTCCGGGACAACACTGAGTCGTGAATGGTTAAAACGCCCTGCCTTAGCCGCCTTAGTGAAAAGCTGCCAAGAGAGACGACTGCGACCTATTGGCCACTTCTCCGAACAAACAAACTCGAAAAATTATGTAGGAATCAACGCTTTAGGATCATTGTACATCGAACAACCATGATTAGTGCACGATTGCGTCCGGACGAGCGTTCCAAACCAGTGTTCTAGCCGACTTTGAGGAGCCCTGACCCGATGTTTATGGAGTGTTACTTCCGCTACAACTACGATGCCCTTCAGGATGGCGAATCGAGAGTCGCCCGTTACGAATGTGTTGGGGGCGGCCAAGCTAACGATGGGCAGTAAATGTACGTAGATCCCACTATACGTGCTGCCTTAGTTGTACAATCCATTCCCGTCCGGCTTTTGTCCGATACTTCTGTCTTGAGATAGCAGTAGGAACTGCCATGCGGGCTGCTATCATCCCCGGGCGATGACGGGGTCGTTTCGAGCGATATCAGGGGTCCCCCCGACGTATGGCACAAGAGCCGCAAAGCTCGGTCTATGACTCCTGAAAATAGGGTGGTTTACTAGATGCTACAACGGATCTCTTGATAGCGCACT,713,49.79,Homo sapiens
SEQ_680118,AGCGGTCAGTTTGTCCGAAGGAAGGTTCTTATTCTGAGTAGCGCATCGATTCGGTAGCTAGATATTCCTAGCATCTCGAACTTTACCGTCGTCCCCGGTTTGGGGAAACTTGACGAAAACGACCCGAGGACTATAGGGTCTTTGCCGAGCAGGCCCTCTGACGTATTGCCTTTTCGACGGTGCGGTGCGATACGAACCCTCGCTGGTATCGTAGCAATAGCTCATACGATCTGACGGCCTGAGGCGACGAGTGGTATCATGTACACGGTTACAACCTTTGCGCCAGACGTTTCTAACTGTACCGATCCTCGACAATGTAGAGGGTTACCACAGCACGCTATGAGGATAATGAGGATTCAAGTATGGCTGCCGAAAGTGATGCGCGGAAGACCGACTCATGTAGACGATACATCGACGACAAAAGGACTCCCAGCCCGGGATGTCATAATTAATATGTGCTCGGGCAAGATAAATATGGCTGGCGAAACTCGGATTGAAACGTATTGGGGGAAGTCTTAGCGGACGGTTCCCCGAGGTTGCCACTATGGGAGGCATACGGTCTGCGTAGTCGCCGAAAAATAAGACGCTTTCGGAAACATTGTTAAGAACCCCACTTGGTACCCTGCGCAGACCTGGCACACAGACTAGCAGTTAGTGGCATAGATGCCGAGGCGTTTGAGTGAGCTGGCCCACGAAGGCAGGCTCCCCGCCTGAGAGTGTTGTTCCGCTGCACGTTATAAGCGCTCCAAACATACATCTACCGCGTGCTTAATGTGCATTGGGCGTCCCGTAGATTTTCATAATCTCCTGACTAAGGTTCGGCAGCTAAGGACGGCTAAACTTATATCTCTTCACCCCTGTATCCGGAAGTGTTACCATACTTAGGAGAGCGACCGGCATTGCTGTGTCCTGCCCGTATTATCTTAATTCGGGCACGTCAATATGCCATGCCTCTATGAGCAGCGTAGGCTTGTCTTCTCGTCAGGTAGTCCTAGGGGGTGAGGCATTAAAGAGATGGTTAACTGTCGCCGAGGGTCCGGTATCATCAGAATAGGTTTTCATGTGTGAGCGCTCGAATGAGATTCTCACTTAGGCTATAAGCTAATAACTCGCATCGGGTCATATTCGACTCTAATTGCAGTCATATTGTAGT,1153,50.48,Drosophila melanogaster
SEQ_940836,CTAGCGTACCTTTGGGTCTCACCACTACGCCCCAACTAAAAGAAATCCCACAAGCCGGACATTAGAGCTGTAGGCTATCTAAGATACTGCTACGGGTTAGGAACACGGCCGAATGCCTGCACAACGAATTGTACTTGTCATTTGATCGACGGCTTAGGGTTAGCCTGTCGACGCCGTGGTCCACTGCTGATGTGCTGCCTGCTTATACAGACGAATATCTACACACAATACAGCAAGGACTAGATGCACCACTATCGTGAACGACGTCGTAGTATTTAGGCGTAAAAGCAAGGTGACGTCCCGGAAAGCGCGATTTCCCTTGCAAGGAAGTTATTAAAGGATCGGCTCTATACTTCAATCGCAGTTCGGTTTGTCT,376,48.67,Escherichia coli
SEQ_338258,CTTAAGTGCGTCCTTCTTCGGACCTCCGTCCTAGGCCAGCCCTAGGTCATGGCCCGGATTGCCCATACGAAGTCCTATTAGCGAAACTTGAGGCACTAAACCCGGAGCACCACCCAAGATCGAGCTTGCAAATACCGTCGCCTGCTGTTCCTTCCATACGGGCTAACGGCTAACGCGTATCGCTTTTGATACGTTCTACCTTCAGATACGGCTGGAGGGGCGGTGCCCGACAGCAGCGCCTTCCGATAGCGGAGTCGCGTACTACTAGTGTGAGCGCCCAGCTGTAAACGACGCTAGAGCGAAAGTCCCCCGGGTTGCTTCTTGGCAATCCAAGGATGTAAACAGACCTTGTCGAATTGCCGGTCGGTGTCAACTCGGGATGGCTAAGTCGCGCCCTACCGCAACCGCCCCGTCTGTCTATAACGCTGGTCAGATACTTTAGTGTAATAGATCCAGATATTGTATAGAGGATGCAATACGGGGATGCCTGTAGTGAAGGGTAGCTACTACCCGGTGTTAGACTATTCAACTCCGATAATTTAGTGGTGGCTTCCACGATGACTTCTTCCGCGTGGTGGGTGGCCTGCTCAATGTGGGGTACTAGGAGTATATCATGATCGCCGTAAGCCCCCGCCTACAAAATCCTCATCTCGAGAATGTATACGCCTGTTTTCTTGTGGCTGCCGAAAGCGGGGTCCTTACCCAGTAATACCGCGCCGGCTCGAACCTTGCCGTATCCAGAGAGCAGAATCTATATCGGCGAGTACTGGTCCAACATCTACCTGAGCAGATGCACTCTACGCTGAACCGCAACCCTCATAGGGCATCAAGTAGTTGTAAATCGGTAACTTACTCTCCATCTAGTGGACCGCATTGGGCAACCCGGCGCCAATCGGGCGACATGTAGTATAGCCCGAATGATCATCCTCGAGATCGTACAGACGGTTCGAGAAGCGTGCTTGATTCCCCCCGTCTAACCATAAGCTCTCTGCAGGCTCTCCTGTCTTTACCCACTAGAGTATTTCCTTGTCATATTGGCCTCCGGTGAGATGCGGCTAAATCAGATCTTAACCTGCTGTTACCCATGAGGGGACAGAGGGCGAGCATGGTAAGACGTGTGACATGCGTTAGTGCCCAGAGTTGGGCGCGCAAGTGTAGATGGCAGGACAAGAAATAAGAAGACAGTCGCCTATTTGTCGACTTGGGGCAGGGGCCGGGGTAATGAGTCACTGACATGCTTATATGATTTGCATGACAGTGTAGCATCGCTCCCATTAAAGTATAGCGCTATAGGCCACATCCATA,1305,52.64,Escherichia coli
SEQ_124730,TGTCAGACTCCACGTTCCGAATCATCACAGAAAGATCGTTGCATTCTACTGGCCGAAGGAAACCGTACTTTTGATGGGGACGTCTGCACTCTTCAGCTGTCGGCTTTCGACGGTCGGCACCCTAGTTTTAGGTAGTAATATTCGATAGGTCCGTCAGCGTCTCCCAACACCTCGGCCCAGGATCATTCCCCGGTTCGGTTCGGGGTACGCTGTGATGAGCGAATGTGCTACAGATCTACAACATACGGTGCTGGAGGCCTTAGCCCACCTACCTACGTTGTTGAGTCCGACACGGCACATCAAGCTTTAACGGTGGCACAGCATGGGTGATCGACACTTTCAGGGGCGTTCGACTGTATCACAAGGAAAAATTGGTCGGCGGAATAAATCACGATGCTTCTGGCAGGAAAAAAGACTCAGGGCGTGAGGACGGGAAAGGAGAATAGGGCACGAACCATAGTACAGGCGTGAAAGTAGTCGTACCAGTTGGCCTTATTAAACTACGTACCACCAAGATCCCCATAGGCTACTCCTCCGTGCTGGAATCGTGGGGTGCAATTACTCCTCTTACTTGGAGCCATGCCCACCTGGTTGAACGCGAACACGAGTACCACATTACTACTCCTTGAAAGGAGCGCACGCAGACGCCAGTCGTCTCACCTCGTATATACTGCTGATTTCCGTATTTCTTCTACCCCTGCGGGTGGGCAGACCGTTGTTACGAATTTGAGCCGCCTTCGGGCGGGGTCCGGTTGTGATACACCGGTCCCTTAATTCCAACGTCCGTGAATGCTGCACGAGTGTGGAGGGTAATGTCCCGTTTGCACGACCACCGATCAGATTTTGCTTGTCAGGTTCCGGCGTTGTCAGAGGGGCCTCTGCATTCACATATGCTTGGGCCCATGACTCGCGCGAGGAAGCCCAAATACATGTTAGC,937,53.04,Homo sapiens
SEQ_332399,CCTCAACCTTAGTGGTCCGATATTGGGGAAGAGCTTTAGCCCGGGTCTCGACCCTATCGTCGTATTGTGTTCACACCCCCAGTATCATGTTATAGAGCGGGATGGAGACTATAAGCCCGATCAAGTTCGACGTCGGGCACCTGCGGTGTGAAATTATTTTACGATCCTGTCCCTGGGGTGATGATTGCCAGCGGGGTTCCCATGGGGTCATACGTACCGCAATTGTGGCCAACTGCTTCGATTGGTAAATTCTAGGGATAAGATACGAAGCAGCGGTAGCAGGTTGCATATTGTACCAACGAGCCCTCTACCCCTAATTCATCCGCCCATTTTCCCGAGGTGAGTTTGTCCGTCATCGTTCAATTGTGTTTATCGAATACTACGATCTATCGATTCCGTTAGCCTGTCTGTTTAGACGATGTTCGAACAGATTGGGTGCTATCCTTCTCCCCTCGATAAGGGCTATTAAGCAGAAACGGACTCTATCTGCGCTGTGACACCTGGTTCACCTCGCCAGTGGACCCCTCGCGCGACGCCCATCGACGGGAGCTCAGAAACGACCTGCTCTATGGAGCCTTCCGCCTAATCGATACTGCCACTCCCGCGCTAAAGCATGTCAGGCATGTATTTCAACAGGCATCATAGGACGTGCGCATCTATCTAAAATCTTATCAGAGTCCCCGCGGGTAGGATCCGCTTACCAGACTACGGCATGCCGGAATTAACTGTAACAATGACAGATCTAGCCGCCGACGGAACGTAGAGCATCTCCAACCCCTGCTTTGGCTTACCCCGTTAGCTTGATCTAATTGGCAAATGAGACACGTGCAGGATCAACTGCGACAGCTTAAGAGAACCAGTAGAGAATTCGCGATAAGTAAGTTTGTTATGTATAGACAGTCTCACCGGTGCAAGCGATGTTGAGTAGAAGTCTCCCGCACCTTTTAACCTAGGTGTGAGGCTTGTTTCGATGCTGTCCAATTCATCATGACGGTCACCCCAGGATTGTTAGAGTCGGACCAGCCTTAGTGCCTTAGACCTTTGCGAGTTTATGCGCACCGACCTGGGACGCCATTCGAGGTAACTTACCGACGCGGACAACCTATAAGACACGCCTACGTAACCGTCCCAAAAGGTTACCTGTTCTAACGCCAGAGGAGACTACCATGCACCATATCTTGCCATAGGATGCATATCAGTTTTCTACCTTGTACAATCGCGACGGACTGTCGCTATGTAGTAGGCATATAACCTTTTAGCTCTTCCGCATAGCGAGACTACCCACTTCGGGTCACCGCGGCTCGTGCTTTATCAGGGTATCGCCCAAGTTGGAGTGGCGTAAGTCATCGATGCGATTAATGGCCCCGTGAGCCTTTAGAAGGGGATTATGCATGCGTATAAAAGCCGCTGATAGATGCTTAGTCGAACGCACCGAGCGCACGCGTTTTAAGATATTATCCCGTCAAACTATCAGAAAGTCAGCGTCCGTTAAGACGAGTGAATGTCAGGGGACCCAGGCTTCGGTTGAACACCGGTAAATGCCTCTACAACTCTTTTGTGGGTCAACGGCTCTATACTCCTCCTCACTCCGCGAGCTTCGCTCGCGTATCTTGCTTACGAACAGGGTTTTATGCTATGTTCACTGGAGAACAAGAGTACCCTTACATACAGGTTGACCGATGTCAGGAGCTATTTTGTTCCACCTCCCGAGCATCACTAGTGACCACGAAGCACGCATTTATAGGATTTGGCTAACTAAGGGGAGATCAGAGCCGCCATCCTACATACGACTTGCACCAAGAGGCGCTAAATCATTTATATTAAACCGTTAGCTCCACGAA,1841,50.03,Drosophila melanogaster
SEQ_761518,AGTCACGGCTAACGCTTTGCGGTGCTAAGGCTACGGACACGTAGCTTAGTTGACAACACAGTCTATCTTAGGGTGAAGCGTCGCTGACTGCGAACGTCATGTTTAAGGGAAACTAAATGGTCGCGACTTTGTTCATACAACTTTAACCTCTGTTAAATGATGGTAGTTTAAGCGACGAGGTCTGTTCGCTAAACCTCGGCCTTGGGAGCCACTCTTGACTGTGTACACGAGTCGCCGTGGGTCATATTCGCAGGCGATTCTATCTCGGCACTGATCGATCTTGGGTGGGTGGAGCCAAAATAAGTACCGAATAAAAATGGATACAGGTCTTTTTTTCGGGCCGTTCAGATGAGGCCAGGAAGGCGCCATTTGAGGGAAGGACCCGTCCGGGCCTTATGCAGTCAACCTCTAAGGCTCACCAATCGA,426,50.0,Drosophila melanogaster
SEQ_453189,GAACAGAGAAATGTTCAAAGAGGCATTAAGCTTCGACGCAAGAGTTCAGTAAAATCGGGCGTCAGAAGCCTCTCACTTTCTTATTCCGGGGCTTACTCGGTCGTGAGCCGAATCAAGTCCAAAAACTGCAGCCCCTGCCGCACAGTGCTTACCAATTCAACTAGCGCTCTGTTATTTGGGTTTTCTTCGGCAACGGTCGACACCGCAGCCCATCGTATAAGCGCATGAAACCGGTCCTACAAGTAAGTGGACGTCAACGTCGCTCTCGCCGAGATCGCGGTTGGGACAGTACTTGACCTGATTTGGCTCATATGCGTCTTCCGGTCCACACCATCTCATAATTGCGGACGGAGCCAGTCCCCTACTCCAATGCACGGGGTGGGTTCGTCCCAACCGGTTTGGCCACGTAGACAAGGCTGTTATTTAGCCTCTTATGTGTAAGGTTTACCACCGCGGTAAACTTCATAGTCCGGACATCGCCGTGGGTGTTCAGAGTTCACTAAAAACATATTGCTACACACTGTGTTTAAACATTCAGTGTAAAGTTAACCTGAAAATTGACCGTCCGGCCCCTACACAGGGCCCGAAGGTTGGAGGCGATGTCTGATACTCTGGGAGCGGGCGGCA,627,51.52,Escherichia coli
SEQ_878586,TCATTGATCCTGAAAATCGTTTACACATCTATAGTCTGCCCGGGCTGGAATAAGACAGAGCCCTATGATGTTATAAGTGCACTCGGTCGTCAGCTACTTAAGAGAAGCGTAATCCGCGCAAGCAGGGTTAAAACCACCCCGCGCAGCCTCAGAGAAAACCCCTAAGTTGTGTAACTTGAGACCTACGTGTCTTGCGCTAGGATTGTCTACTGGCTACCTTAAGAGCAAGCTTGCATGCAGGGTATACGCCGTGCCAAGGAGTATTTAGTCCACCGGTAAATAACTCGGAATGGCCGCTAGCCGGCGATTTAAAAGCCTAGCTTAATGTGCCAGAAATCCTACAGTGATGCTAAGGAATTTCCGAGCCTCCAATAACCCGGTTAACTACGTCCCTAGTGCGGGCTGGCCTGACCATGGATGTACCGGTTAAGCATTCAACAGGCGTCTCGGACGATGGCACGGCAATCTTTCCCTGGCAAATGGCTGATGGATTAAGCACCGAAAGAGTGTTAAGGCAACTCGTGCTGTTAAGAAGCTTGCTCTGGGCTCTGGAAAATATGGGATTGCGGTAAATTCAAGCTATGGAAGAAAGGAATGCTGCGTCAGCTATTAGACATGACCGCCGGTACATTTGGCGCCCGGGTATGACGGCTTTCGGGCCCCATTTCCATCTTCTACTTTCTCGGGGTTGCACATCCTCTCGCGCTGAAAGCAAAGGTTGCCCCCAATCATAGAAAACGCTGGCCAGCCTTGAGACGATTAGCGCGGTTTATCTTGCCAATGTCACCATAGCTTCGACTGACTAAAGTAGTTTCCTAACGGACCCAATTAGACTGAAGCGACGTAACACCCTAGTCGGGCGACCTTCAGCATTGTAAGAGAATCCTGTCATGGAATGTGCAGCAATACTCCAAGCCTA,919,49.73,Arabidopsis thaliana
SEQ_374355,TGAGAGTACTACGAGGAACGATGAAGGTGACTATACGATGTCACGCTGGGGTCGACATCTGTCCCTTAGAAAGTGACGTCTAGTCAGGGGCTAAGACTAGCTGCGCAAGCTATATAGTCACCTCTCCTGTCCTAGTTCGACATAACTCTTGGATTATACCGCAGGCCATTCAACACCTTGGCTTCGCTGCTCGACCTATGCTCGTCGAAAGCTTGCCGGACTTTTGATACATATACCCAAAACCAGCCTTCGGTAGAACATTCTAGAACAAGGATGGCTATTATCTAGGTCAACGTCCACCTATGCCTTCGTTCCGGCGGGTGTGGGATTCCGCCAGCTCATGCTTATTCTCATCGCCATGGTTTGTGAGCTGGCCAGAAGAAAGTCGCGTAAGTTTGTCATGGACAGCAGTTGGGTATTGGGCCTAGCCGCGTAGGGCTATATAAGGCGGCGGGAGTCTCACACTGGGCTACCGACCGAAGCCATTCGAGTAATTTGTATCGGTGAGGCAACGCTCCGATGAGTGGTGTAACCACTCCGTGTCACTGCCTCGTTCTCGCAAACCTTTACGGGCCAACTAGGCCGCGGGCCAAATCAGCCAACGGCA,607,52.39,Saccharomyces cerevisiae
SEQ_453392,AGCAGGAAATGAACGGCTTTTAGTTACCAAACACCGCGGAAGCTCGCGTATCCACTTACCGCAACCTCGATCAGCTCTCGACCGATACGAGTGGCCGTGTCGCACGCGATCGATTGTGTAGGGTTGCTCAGATGTAGCGCGTCCAAATGACGCTATAGAAGACGGATCGGAGAGGTGGCGAGAAGCAGCCGCATGGGCTTGTTGGTAGGATACGACCCGGGTATTATCCCCAGTCGAATGTTGAATAGCCCGGCTTCGTGTACCTGACTGGGAGCCCTTAGGTCTCTCCAACTAAGCGAGAGATTGTGGTAATACACCAGCCCAGCACTCAATCGCAACGCACTGTAGTTACTGCGGTTTACAACGCTCTCTTGTAGACCTACACGTAACCGTAAGTAACCTGCCCATACTAACGTCCTGATGCGGATTCTCTTGCTGCAATCATCTCATCGTTGAGAGGTATTCCCTCACGCACCTGCTAGCAAAGAGAATTGCAAATTACTACTGAATCCGGAGCCATAACTGGCCAATTCTCTCGCGCACGGTCGTAGAGAGCCTGAGGCCCTCCAACGGTGTCAGAATGGCAGTTGAGAGTGCACTAGGTGTCGGAAATTGGCGAGTGTGGATCAGACATGTCAATTTTAACTGAAGTCGAGCCGTTCTGGGGGACGTATCCCAAATAGCCGTTATCGTCGGACGGTCAATCCCTCGGATAATATGGTGGATACGTTTGTCGTCCGAAGACAGGAAGCCTTTTGTCGGCACTCAGCC,771,52.14,Saccharomyces cerevisiae
SEQ_778944,TATTGCAACACGAACCACTTTCGCGCTAAAAAGACTGATGCATGGATTTTCGGTGTTACCCTTCCGCCGGCCATGAAATGTTGTCTGCTCTTGAGCGCTTTATAGCCCGTCCGCTTTCGTAAGATGTTCACTTACATGTTGTCCATGTTTATCAAAGTCTGAGTTTTTCCGGTTTAAGGAAAACATCCACACCACCAACTAAGTCAGCGCGTCTGGAAAGTTTACGAAATGCTTCGGGACTCTCATAACCTTAATTCGTGAAGGTCACTCGTAGGCAACTCACAGGGAATATGAAGCCGATAGAAGGGGATTGAGATATATCATCTCGCGTTAGCCTAGATGCGCATGGTTTCTACCTATGCTAAAACACCTCCATAAAACCGCATAGCATGCCCTATTACATTTCGTTAAGACACTTGGAAGATTACGAGCTAGCTCCATGAACGCAATACTATTTCGTGCCCTTCTCTACCTTGATCCCCTGGCCGGAGATAACGACGTCCTGACAGTCCAGCCTTCGTGTATACCAACCGTGCTCTTTGGTCGTCAATACGTGCTTGGAGTCCAGACGTCCTACTTTACTGGGCAACAAGTCGATTCTTGCAATGTTACCGACTTGAAAGAGGTGGGCGGTTACTTGTTCTCGGTATATCACATGCACAGTATTATTGTGGGTCCACGGGTGGTGCCAGGCTCATCTTTTCCCGGATAAGTAACTGGTGACGCCCATTCATTATTAGCTGGGGAGTAACTCCAGGGCAAGAAAACCTACAGTGTAGCGAGTCTCAAATCGAGTCGAGAGCGGGGGTCATTATCGTACTAGGGTATTTCTAAAGGAGCTTCTGTGCACAGACGTCGGTCGTCCAAGAGCAACGTAGTGTAGACCGCACGGAATTGGGGTTTGTGCCATGGCCGGTATTGCTTACAATTTCCATCACTGAATATGATTAACTTGGGCCTGTGCTGAAAGCGGCGAGCACGACCAACGTAAACTGTGTAGGTCCACCGCGCAGTACGGGGAATGCGGTGGGGTCCAGCTTAGCGGCACTCATCTACTATTAATGTTCATGATGTCAATTGTTGCTGAAAAGACGTTGACCAACATGCGTAATTGCCGAAACGGAGTAACCATTACGCACCCCCACGTTGTTTGGGCAAGCGGTTCGGAATTACTGTGCAGTCTGGAGTTCCCTCAGCATCGATTGGGAATGTTCGGCGTGTTCATATCTGAGCCTTGAGCGAGGGACGCCATTTTAATCCCCGCTGACCTTCCGATCGAATAACCAGACATTATCGGAGTCAATTCATAGCAGGACTCATCCACCCGCTGTGCTCCCTCTTTGCCATGATGAACAACTTAACAAGAAGGGGCCCCCTCGTTATTCCAACTTAGCCAGGACGGCCAAGACGTGTCGTGCGTCGTGCGTCGATAATTTAAACCAATAAATATCCGTCAGTGCACTGGGTCAGCCTTCGTACCACCTTCAGTGAGTGGCGATCGAGCTTCTGCACTATGCAAGTGCCATCTTTAACTCGCCGGTGTAGACTGC,1550,48.84,Caenorhabditis elegans
SEQ_903013,CATGCAACAACTGTTCTGGCGTGGCTGAATTGTCAAAGCGGCGATACGCCTTTGAGCCAAATCGATCATCAACTCTGAGTTCAGGAGGATTCGCACAGGCTCCTATAGAATGGCCGAGCATAAGTCGTTAGCGTAGCCCTGAGGTGCGAACGGAAAACGTATTCGGTTCGTAAGGAGAATTGGACCCACCCCCGCCACCTTGGGTCCTCTTGGAGACGATCCCAAAAGAATCCCAAGTGGGGATCGCTTCCTCGACACCCGACATCCTCGATGGCTAAAAGTTGAACGACTGGTCGTCCTAAATGCCCATACTGTCGTTATGAGTGTGGTTAGCCCGAATTGATTATCGCCTCGGGGCAATGACATTGCCGCCGCATCGGACGCAGCATTACAGAAAGTTTCGGGACGATGGTCACGGCATGCATGGCTCCATCTACATAATGGAACGTTATTCTAACAGGGCCGCAGGATTAGGTGAAAACCGACCCTTATGTTCTTACACATGTATAAGCGTAGATCGTAAGCCGATGCCGCGCGGAGCAAT,544,51.65,Escherichia coli
SEQ_259424,ACGGGGCTAAATACTATCTGGGCATGGGTTTTAACATAAATTGACTTAAGGCCCTAACAACAATCATTCCAACGGAGAGATCGGATTTCTAGTCACAAACTTGTCACCGTCAGCAGTCAGTATTCGCCTGTGGGGATGCAGATTATAACATACTAAAGTGCAATAAGGAAAAGGGTATAGCGGGACCATCGCAAGGGTATTTAAGAGCTTGGCTGATATAAACGGGGCTCTAGTTGTTGGTGCCTGCTAGACGGTTGGTAGCCTTCTTTGAGTCGGTAGAATAAATACGGAATCTGAGGGGTACGGTATAGGGTGCGATGAGAGAGAATTGGCCTAGTTCACTATGCGTTAAGAGACTGCCGCCTGCGTACGCCCGGGCATATCGTCGTTAGGCACCCGTGTGAGGAAGCCATGAGACCCTACAGGCACTGAGGTAATCCGTAGGACTACCGCGAGAGGTGTCTCGACCGATAGCGGAACGACTATGGCCTTGCCATGCAGGACCTGAGGGGGGTCCGGCTTGGGCGTCCCTCCCGATAGGGTAAGCGGTAGGGGTACAGGCTGCGTTCTGACTGCCGACTCCGGACTATCACGCAGCCCGCGGTCAAGGGGTTCGTGACCACCGCGAAGGCCATGGCCTGGACACGGAGTGTTACAACGGATTCCGGCTGGCCGAAGGTCCGCTTGTGGGCCAATATTGTCGACAGCATCCTGGGTAGCCAGGTCGGCTCTATAGCACTCGACCGTTCAGACGGCAAGCTTAGTCATTTTGCGTAATGCCTACCTACGGCTTCGGTACGACCAG,805,53.91,Homo sapiens
SEQ_452832,ACCCCGCCGCGTCCCACACAGGCTAATGCTACAAGTGTATGCCGCCAAGGCTTAAAACAAGCATAGTGAGGCGGCTCGATCTACATGATACCGTCGGTAAGCCTCCGTTCGAATCATAAGCTCCAGACATCGGACTGTCTGTTTTGCAACTATCTCAGCCGAGCAAAGTATCATATCGTAACCATGCTCGGGCCGCTTGAAGGAGGCTGCCGCCAGTTTTCAGCATGTTCTGTACCAATTAGCGCGATATTCATGTAGGCCACTCAGTTCTATTCCAGCTGCCGTCGGTTCAGTTTTCTACCATGAATCAGTCGTAAGGGTTGGCGAGATACCGTGAGTTCCCCGCGGTCATTGATGCCTATATACAGTCGGACAATCCAGTCGTGGGTTATAAGCATTCGGTAAAGGGCAGTAGCAGGGTGAGGCATCCCTCTGAGTACCAGTTATTTATAATGCTACTGCTCCCACAAGAAAACGTCATAATCCCCCGGCCTGGGCTGTTCACGCGTCGCGCCCTTCCGCACATCAGTCCCGTCGCTTCGTTGTATAATTCTCGCTAGCACACCCAGGATTCGATCATTATCAGCCGCCTTCCGGTAGATCACAGGCGAAATGCCGGAGGGAGAAAGCCGATCATCGAGTTTGAGATGCATCACATTAAGGGGGCAACATCTGCTTAAGCA,683,51.54,Mus musculus
SEQ_502080,TCGGGCAAATGCCAGTAAAACGCGTATGCCGCTCACCGGGCAGGAGTGAAAGGGCGGCCTCCGTGGCGGAACACAATCAGTGACCTTACTACTCGGCCCTACTGTGAAACTAAGCGCTAACCCCGGTTGTCACGGACTCGCAGCGGCCGTGCACGGTCCGAATCCACATGTACTGTTGAAGTGTTCTTAACTGGTGAAGACCAGAGGATCTGATAGGTCCAGGTACCCGAGCGCTTACGCCTCATAGAATTTGCTTTCGCCCGGTACGACCTCACATGATGTATACTAAACTCCCTCGTAGTCAAGTCGAACGTGCGACGAGGATAGCTCTTCTCGGAGAGAGTATTAACTGCGATCGATTGACTTCCTGTAA,373,53.35,Arabidopsis thaliana
SEQ_928209,CGCCTCTAATTCGGTGCCGTTAGTTCCTAGACGCGATGAACCCTCTTACTCACCACATGAAGTGCTCAAACGCTAGACGAATAGAACGATTAGTGGACTTTCGGCGCCACGAGGTGGGTCTACGCAATGGACATCCGCGGCCGGCAGGCCAATACGGCCGTGGTTATGGCGAACCAAAACACGCCTCAAGAACTACCGGCATTAGACTGGAAAGTAGCACACTACTATACGTGGACCGATAACCGGGATCTTGTAAGACAATAATGTTACGTTTCGCACTACATAAGTGTTTACTGAAGCCTGAAAAGTCAGTCAAATCCCTCACAGTTTAGGCAGGAAGGTGAGCCACGGTACTCACTGAGGAGTCCTATTAGTCGATTGGTAGCTTAGGCCCGAAAAATCACTGTGCGAATTGTGGTACGTCAATTATCCGCGTGCTTACACACGATCGACTCTTGAGTACTCTGTGGTTCCGCCAAAGTGATAGAAGAGTCTAGGAAGCCTCGCGATAACCCTGGTGCTACCACAAGTGGAAACTAGACCTGAGGCCGCCACACGGTCTAAGAGTATCCTTCAGGAGTCTAATAATCAAACGATCACAACTACTATTAGGACTTTTTCGTCAAATCGGCGTTATATGCTCATTCCTGTCTTCTTGACTGATCCCCCGTCATATAAACTCGGTGGCAGACGATTTTGTAAGGATCTTATGGCTCGCGTTTGTGCCTCATAACACGAAAAATACGCTTACAATCACTCAACTGCCCAGTCAAGATGCCGGTACTTCTAGGCGCTAGGCCATCACGTCTCAAAGCCTCTTCACCCTCTAGCGGATAGCTCCGCCCTCCAAAAGGCAATCAGGGACGGAGACTTTTTACGTGCTGTCATTGAACCGCCTCTAGGCGGGTACATACGTGAGAGGGTTTATGTGGAACTTGAACCTTGATTGCGCGACTCGCACGCGACCCAGTTTACGATTTTAGTTTATAGGCCGGATTTCGGCAGAGTTAGACTGGACTGGCTTACTTCGACGAGACAGCTATGAGCCACAATAGACTAGTATTGGCTGAAAGGGAATGGAGACTAGTCAATTCACTCTGTTATGTTAGATGCTAAAATGTGCAAAGTCCGTAAGAGGATACGATCCTTTCGCCTTGAAGGCGGACATCCGGGATCAGACGTAGGTATTAAGTTGCTTCCTAATAAACCGAATCCAATGCGGCTTGCGCGTCCAGCTGTTAGGCTGCCCAACCTACCGAGTAACTACGAAGCCCTCCTCGGTAGCTCTTCCAGAAAGAATGGACCCCGTAATCGAACGACCCCGGACTATCTGAGTATGGGAGCCTGTAGCCCATCAGGATACCGCCACCCGAATGACCCTCGATGACGGATTTGGCAACCGGCCGTTTAACAAAAAGGAAGAGTGTTTGCATCTGAACGAGAACGGGCATCTTGGCGGGTTTGCAGCAATATACACTTCCAGTTTGGCGTACTCTGTCCCGTCCTTGCTCCGGTGGTCAGACCCCCTCTCCCCTGGCCGACTCAAGAAACATTTT,1556,49.74,Escherichia coli
SEQ_488898,CAGCTTCATGTGACTTACGCTACGCCTAGAGTACCGTGTGATGACCGACACCGTGGAAGGGGCCATGCCATAGCTATCCCTTTACGAGATAATAGGCGTGTACGTTCGGTGCCTCTCCTATATATTTGACTTTTAAGCTAGCCCAGGCGTAGATGGTGCTGTGCCTTTGTCATAGCAAAGACAATAACGAGCTCTATGAATTACTTATGCTATACATATGGGGTTACGACCGTAAGGGATCTAAGGAGATCTGGTAGCTCGACGACGATCGAGCAGGGACCTGATATTCCCGGGGCTGTACCCCGTTGTGTTTCGCGCTGCCACAACCGCCTTTAGCGGGCGTTTCGCCAGAACCTTCCTCGCGTACATCCATTCCAGTCCCTCTAGTGATCGTCGGTCGCGTGGTTGCCTTGAGAGGGCGCAAACATGTAGCCACACCGATGTTTCTCTCATCAAGAAATTAACCTTTAACATGTATGTACACGCCTTTGAGCACAGGCTTCGCCGCGTGGGGTTGAGGGACGGCCTCTGGCTTCATGTCAAGGCATGAAGATGAGGTGAGGGGGGTAACCGCCTACTAACCCTCTTGTCAGCGCCGCCCCCCATGTGACACCCAGTTGAGACGTCGACCCAGGCAAGGGGCAATATGCCTATCGCGGAAGCGTTTGAACTCTTGGGCTGTTGATCAGGCGTCGCGTCGATGTCCAATTCAGG,714,53.36,Saccharomyces cerevisiae
SEQ_830112,TCGGCAGCAAGACTATATAGATGCACAGTAGTTCAGCCCTTCGGCCCATACTGCGTTTTTAACTCCAATACGGTATAGAGGGTGGACGAGCTTCTACGCTCACCCCGTTAAATTACCTAGGTATACATTGGTGTTTGGCAACTGTAATATCTGACGCTCCCCTTGTTCCCGTCTAATGAATAGGAGTAGCATTCCTGCCACGTTCTGCACTCGAGGAGGACGGGGGTCGGGGCAAGTAGGGCAATGA,247,50.2,Escherichia coli
SEQ_571926,GGATGAGCCCACATACATGACTAGACCTCTTGGCACAACGCGTTCACCTGGGAACGATTTAAGGGTAAAATCAGCTAGTCCCTTTTAGACAGATTTAGGTCTCCCATATCTAGCATTACAGATCTCGAGGCTCTCCCAATCAATGCTGCAGCAGTTCCAGGGACAAGACAAGTTGACATACGACACCCTGACATAATACAATCTTAGCAGTCGTACTTTGGGATCTTTCATTTAGATTTCTACGAGCTCTAACATTTGTATGTATCACTTCTCTGCAGGAGACAATTCTGCTTGAACCCCGCCGCAAAGGTCGAAGTACCAAACCCAGATAGCCATGTGTGAAACGCAGGAATCCCTGGTATTTGTTCTTGGCCGGACGTTAAACTCTTGTCGATCGACTGTTGCCCATCAACTCTGTGTGGTTCCTCACGCCGTGGACGAAACTCCCACACACAGTCCATGCCTCGTACCTGCTTTCCCGATGGAACGAACTATCAGATGTGGGGGTAATCCTCGCCCGTTTAAGTTTGTGTACTGTACGGTGACAATAATGGAAGGCTCCGAGATTCCATCATTTATATCCGTACAATAACGACAGGGCTCGCGAGTGGGGCCCGGTACATGAATGACGCCTAAACGCGCTGCGCCGGATGCAATCTGTTTAACCATTCAAGGCTACATGGGCATTTGAAAGTAGATACAAGTCCCAGTATCCATTACTAACGGAATCATTCCTTGAGCCTTACTGAGTGGCCGTGTCTGGATTCGCCATAGTAATTGCCTTGCGAGCTCCATAAAGTACAATTT,807,47.46,Drosophila melanogaster
SEQ_282769,CCGGACTCGCGGGCCCACCCTCGTTACAGCTTGTGACAGCTCCACTGTGCCTCGCGGGGTTGTAGGGCGCTCCGGAACGAAGTCCATCATATTGTCTGGGGTTGGTTCTACCCACAGGACGCCAAGTAAAATGTTGTCTCCGGCAACGGCACTGCAGAAAACGGACTTTGTTCTCAATGCTGCATGAGCTGCAGCAGCTGCCGTCATATTGATTCGGCCTTCACTAATTTTATATCACTCTCTCGAATCACCCTGGGAGTTTCACACACGTAATCCAAATTCTATGTACTTTGGCGTACTAATGGGCATCTGGGTACATGCAAACCAGGGGAGCACGAAACCGCGTGAGTGCTGCGAGCAATTGCCTGTACTGTTGGACCGCCTTGTAGATGATGTCATCCGACTTAGCCGCGGCTATATGGCTTGGACGTCTTTCAGGCCAATGCCTTACCTGTGCGCGTCGTAGGAGAACGACTGTGGAAGCGACTACGGCGGGCATTAATAACGGAACCCACCATCTAGCCGGAACCGAGTAATAATTCCCTACGGACTAGATTGCTGTTGGACTCAAACTAGTAGTTGAGTTGACCATTTTCTTTCTCTGGAATGTGTCCAGTACGCGGGCCCATACGCTTAGTCCAGGGTGACGCACGCAAGCACGGGGCTGGCTCTAAATCTTGAACGCCAAGCTGCCCCTCCAGTAAGTCATATCCGTACCGATACCCCTATGCCAACCACTTGTCTTAGAAGATGGCACCGGGCTATCGTTTCAAATCTCAGCAAATATTAAGTTGTGGCGTTAAACCGCCCATGTCTATCCACCGTGAAGGATAGAGTGATAGCTCATGTCGCCTCTTGGCAAATGTCCGCCTTGCTCTCCACTGCGATTGCCCTCGGATCCTACTTGGTGGTCTTCTTGTCGGATACCGACCTAAGCATTTGGAATTTGGTGTAGATCTACTTTATTAGTTGTAAACGAGATCAAAACCTCCGTGTCAAGCTGATTACCAGGGCAATAGAGTGCATTATCACCGCGATCGTAGTGACGGTAATCATCGACTCTGTATGTCAACTCTCCGTAGACTCCACTCTACCTAAGGTGCGCGTTGTTAGCAGATATGCAGCTGCAGCCCTGCGGGGCGGGTAAGAATCATGATGACTGGATTTCACTTTCTAGCTTAAAAACGGGAGCAGAGGTTTACATAACATGTCGGATTATAACTGAAACATGAATGAGTTACTACTGTTGGCGATGCCTGGGTCAGCGAAAATTCCATAGCGGAGTGTTCTCACGCCCCGCGCACAGTCCCGCTCAGGTAGACTAGCGACCTGTAAATTGCGTTATCCAAGGAAGTCAATTACGCGGCTTACCTTATCCCGCAGCCGCCGGTGTGGTTCCACCTCTAATGTGAATTCTCCCCTTCACCGAGGGATTGTGCG,1440,50.83,Caenorhabditis elegans
SEQ_752120,CGGTTGAAATAACCCTACGACACATCCCTTCCGCGATGCACAAAGGGTCAACCTTCAGTCGATTCTCTAGCGCCCCATTTCCTTATATGTCTGCGTCACCGTGCCGTAAGGGCCCCTCACATTGAATGTAATTTAATAATGTTTCACCACCCATAGATCCGATTAGGAGCCTGCATCTCGAACAACCAAGTATGTGGTATGAAAGACTTGTACCCGCCCGGATCGTGGGCGAGATTGTTCTCCTGTGGCTCAACTTGTATACGGTGGACGTATGTTTCACCATGCTGCGGGGCAAAAACACT,302,49.34,Drosophila melanogaster
SEQ_286423,ACACCGTCAGCAACGTCTCCTGAATCACCCGGGCTCATGATATTCAGAGGCTCGTAGCTTCATCAAGCGAATGGGCTATCTGAGATGCAGAGTATCCTCGACTTTTTGCCAGTCTTGCCGTATTTACAGAACTCCCGTCGGTTTCTCGTATCCTTTAAAAACTGGGATTACACGTACCTCTTTCGTGGCGAAAAAAGCTAGTTCGTGGTTCCCAGACTTGATGTTGCTAGCAAATACAAACACGGTCGGTTTAGAGTTGCGCCTGTCCTCGGAATGAGGGTTGCCAATGTAATTGATCCCGGTGTCGTCACATGTACTTACGTTATATGTATAA,334,46.71,Escherichia coli
SEQ_307921,TCCCAAAAAAGGCGGAGCGGCAGCAGGAGTTTAGGAAAGCTTAGAAAGTTCCCCCTTTCTGATATATAAGCGAAAAACACTTCGTTGTTGCAAAAAATGCGGTGGTTATTACGGCTGCTTATTGCGTCCCCGCAGAATTCGTTCTGGCTCGCCAACGAATAGTGCGTCTGTGGGCTTCACTCTGATTCACATTTGAGGAGAATTACCCTCTAGTTCCGTCTATGGTCGACGGGTGTACGGGGATTTGTCCCAATGACGCGCAGGACGGGGTCTCAAGAGCATCCCGTCTCTATATCACCGGCACATGGGCAAGAGTGGTTCGATTGCGCTGGTAGACCTGTGTCTACGATCGCGGTGAAGGTGGCTTGTTCAAATTAGGTCCGACCCGTGACCCCACATAAGGGCATTCGGGCATGTTACTAGTTGGGCATTACCTCAACACAGCACCGGATATAAGATTCGACAGAGTATACCGCGCGCGGCAGGCAGTTTTGGGTGTGCCCCATGAACAAGCTACAAACCACGAAATTTCCTGGGTGCCCACGAGGGTGAGATAAGTTTCCCTCCCGATTTCATTCTCTGGGATCGAGACGGGGTGCGGCGGGTTCTGGAAATAATCAGTGGTGGAACGCGACTTAGACTGTGTTGGGGAGTAACTAGGTATAAGGACGGCCGGGTTCACTCTACTATTTGGCATCGTAGCATTGAAAGAACTTTTACAAGCTTCCATTTGCCGTACACTGTAGCAAATCGTCCTTCCCGACAACATCGTTAGAGGTGATTTAGATACGCCATCGCACTCCAGCCCGATTGGTACTACGGTTTGTCCAGAATCTAAAGTTCGTCTGGGAAACCGGCGCGAAACTTGGATAACGTTAAAGGCGGATTCCGCCGGCGACAAGGTGCAGAGATGCAAACAACGCGACGATAGCGCTGAGCACATGTCGCATCACGTACCCGTTTGTAAACTTGCATTCCGACTTAACGCCGCAAATAGACTATCTCACATGCAGTGGGGAGTGAAATAACGAACTCACCTAGACGTCGGCCGAACAAGACATACGCGAGGCATCCACGGCGTTCCATAAAACGACTCGAAGCTATGCCCATGTGAGGGAAAGAATTATAGGGCCGTGTCTATATCCGATGTATGTCCAACCGACCAAGGACTGCCACTTGTATAGTGCGATATGTTACCACCGATGGTATCACGACTAGTGTGCTGAGAAAGTAAGGACAGTGAAGAAACGGAAGGTACTGACTGTCTCTATTCCGCCTGCAGCAGGTACCGTTTAGCCGGTCGCCCTCGCCCAGCACCCTCATTCGCTCATAGTCTAGAGATGTACTTAGCACCGAAAGTTCAACGCACATCTAGAGCGCTACGATTCGCATCAACATTCGTTTCGTGTGCTAGGCTATGATTCATCGCGCGGTCATGATTTAAAACTGGGTAGATTTGACGCAGCTGAAGAAGCCGGTTTCCCCAGGACCAGTCAGGGGGCAGTCATGATGGTGGCCTAACACGTATGTAGACAAAATGGACACTGCGACGCCGGAAGTATACTTTTTGCTCGGCGCAATATTTCCTGCATCCCTAGTTATCATTCGCACTATCCTCGTTGTGTAGTGACGGCCAGAGCTGTTTGTATACGCCCACCCATACGTTCGGACCTTGATGAAACGTTACTGGCGCTATGCCGTAGATAGCGAACGCTCGTAGCTTCCGCTAGCAGTGGTTGATATTAGATCCCCAAAAACTTAGCAAAGTGGGAGACTCCGAAGGACTTTAAGAACGAATATCACTGAGAACCCGGCATATAAACTCGTTTCGATTTATGAGAAGGTTTCGCGCACCACCGTGGGGTCATAGGCCACCACTACGGCGCTACTGACAGAGCATTGACTTTAACGTAGCAATTTGT,1922,50.26,Homo sapiens
SEQ_356075,AGACACAAGGGGTACACCGCTGTAAGAGCCTTCTCCATAGCGTGGGAATCGAGCACTAGGTCCCCGTCTGCTGCATCGACCGTGGGCAACATTGAGGAAGAGTGTTTCTACGCCAGCATTTACCGACCGGATGCAGGCTTATTTTGACCAACCTTCAGCAGTAACTGTGCTGCACATCCGAAAAGCGAGTTGGGCTGTGCCTAATCATACGGGTGCGGATTGTTAGCCCATGTAGTTACACATTCGTGCAAGTATTTTTTGGAACGCACATGTGAGAGTATGGTATAACGATACTATTAAAATATATGACCGGGTTGACATTCACAGGGGCGCAGTCGGCTCGGGTTTTTGGGGGGCCTCGGGAGGTTACTACGCGACCGCGCTTTACGCGTGCGTGCCACCGCGATATTTACTCACCAATGACTTACTGCTTACAGCTTGTTCCGATGCGCTTACTACTATACATCTCCCTCACACATCGTGCGGTGCGGTTGTAAGCGCCCACTGCGCACCTTCATCCGTTGTGACATGTGACTGAGGGAGTCGCAAGGTCTTGGCCAAGTAGAAGTTGCTAGACGGCCACCCCTCTCAAACCCACGGGCCTGACGATTCGCCATTAAATGATTTGTTCGCTTTCGCTAAAATTACCAGCGGCGGTATCGCCTATGTTCGGCGCATAGCATCTCTGTAACTCAGAGTCTATCTTACATGAAAGGTGCATTTCCTGCACGTTAAGCATCCATGAGCGCGCCCCCTAAGCGATTGGGGTCCTACGAAAGTATATATCCGCGAAGTAACAACGTGGGGTTGTCTGGGTCCTCGAACGACATTGCAACGTATCATGATCTGTATCAGAATACAACAAACCGAGGCGCCCCCCGGTCCTGCCACGAGACCTGGCGTACCCACGGACTGCCGCATGCGTGTTTCCGGACCCTATGAGAACAATACCACGCGCTCTATATGAGGGGAAACTTGTGCTTATCTTGAATCCCTTAAGCACTACTTCGTGCGAGAGGATAATCTTGTCGATGACTGCCTGCTTAAGTGTTGCAATCGGGTCCCCGAGGCCTATCAACAGGACTTGGAATGCACCAGCCACCTCTGAGCGACACAATTCCGGCCGTGCTTGAGCGTCCTGTCTGTCATAGGACGAAGGGATGGTGCCGGGCCCACAACAACCCGTGTCTCAGTTTAGCTATACACCATACCCTATAGAATATCGGCAGGATTGCCGCACCTAACCTCCGCTTACGAGGTGTTAACGGATGTATCTCTGTCTCCACCGACTGCGCATAGGTCCGTTGGGTCCGATGCTCCTTTCCCGTTTTAGGGCCGTTGCAAGGGATTGCAGAAGTTCCGGAGGAACGACCCTGCAGGTACCAGAACCATGCGGGTCTTGCATATAAGCGTGAGGCAAGGCGACGAACTCCCTGCGGTACAATGTCGGCCATACAGTTAAATACTAATCGATGGTAGTCGAGCCGGCTTGGATGCTAATTGTACAATTAGTTAGGCACTCCTTCATTTTGGGACACTTTGTGTTGTGGTATGTACCATGCGGGGCCGCAATCTGAACACGGTATAGCCAGAAGTAGCCGTTTGGATAGAATCTGCATTCGTGACAGTTCAAGTTTTAATTGCCTTGAATTGCCTTCTTCACGTTGCCTCCCATCCGAACGGCGTACGGACTTCGTTGACTATA,1705,51.73,Mus musculus
SEQ_773614,GATTGCCATCATCTAGTTTTTCCGAGCGAATGCAGGGCGTAACAGAACGGAGATCCATGTAGTCCCTTTACTCGGCAGTATCCAATTCTCCCCTCACTTCTTTACTGTGATACAGATGTTCGACGTTCAGTGGAACCCCCTGTTAATCGAACAGAATTCCAAAACACTTTTTCAGTTTAGTGGGGTGATGCAAGAGAATGCACTTACTAAACTCATGACTTAGGTCGCTCGTGCCACGACCCTCTCAAGTGCTTCTACTAGTCTTAAGACTGTTCGCGTTGACGCCCCTATCCTCGCCACAGCACAAATTCTTGCAGAAGTCATGGCCTCTACGACGGCACGAGAACCGGTGCTGGAACGCGCGTGGTTAACCAACTACCTGAGTAGGCTGTAATCTATGACGGGGTAAAGGAACCCCGATGAGTGTTAGGAGTAATCCTCCCTGCGGGCCATGAGTCAGATGTAAAATACGCACATATACTTCTCGATAGAGACTACTATTGGGGTATCGAGCATTTAACATCCTCGCAGGGAAGCCTTACATGCGATTCTCCTGGGCCTTTGTAGTGTTGCTAATCATCCGGGGTTCTCACTTTCCAGCCTCGAGAATAGTAACCGGTGCGCGAGTTTATTGCAGGGGGACGTTCGGGGAGTCTGTATTTATTGGAATATTGCATTAAATGAACAACCTCAATTAAGGCTCCCTAACATGAGGTTCCGCGTATCATACTTTCCAGAGTCTGTTGAGCAAAGGATGCGTACCATTGTGTTTAGTCTCCGGTATAGGGGGAATCAAAAGGGACTCGCCTCCCTTTGGGTAAGGGAAAGGCTGATGCAGCTTTGCGGAGGTCACGTGAGGTCCTTTGCCCCCTTGACGTGTCAAGTTCAGCGCAATCATACTCGAGGCGGGTCCGGACACAAGGGCAGGCACTTATATAGCCCACCGCTAAATCAGTATAGACACCAGATAATAGGTTCCCGAGTATATAACCAACTTGGCAATGATCTAATTAGTTGGCGCCCCGGCCGTGCGCAGTTACGCTGTGTCCGGTTTTACAAGAGTTATGAGGTGCACCGTTCATTTTGTCCCATACGTTTCAGTGGCTTAATCATCTGAATCGCAATCTCGACTGGGGATTGTTCCTAGACCGTGAGTGCAGCTCCCCCGAGTTCCGCGAAACAGATCCTCGGTAAGAGCGATAAACGAGGCGCAAGATCCGTAGGACACGACAACTTCTCGTATCTTAGATCTAGCTTCTACGGGTTTTGAACTCCAGGCAGTCGGAAGCTACGACGTATTGCAAGATTTAGTCTGGATCGCTGCACTACCGCGGAAGGGGGGTGGAATTAATGAGCGTCGTGTAGCAACGCACTGTCCAGTATCCCTTTACCTTACTACGGCCCGGATGGCCGTTCTTCTTTTAATCGGGAATTCCAGGAGCAGAGACTGTAGAAGACCTAGTTAATCTAGATCCCGTACAACTTCATCCGGGTTATAGTGCAGTTTCGAGGCCCTACCAAGGTTCTCTAGCAACAACCTTAGAATCTACGGCTTTCGTTTAACACGTTTCCAAATCAGCGGCAAATTATGAATTCCCTGGTTTACTCGCCGGTTGGAACAAATTGAACGACAATCTATACAAGCCAAGCCTGCTCTTTCGGTTGTTATATCCCACTATCTACTTAGTTGGCCCTGGTCCGTGGAAGGGAAGGTCCCGATGCACTATACCATCTAGAGAACACTGACGACCTCAGGCGATCGACGTCTGCAATCCCTGTAAGGGCGTTCAAGTAGCGTCTTAGAACACCGCAGACACCGCCCGGGGGGGGACCAGAGAATCCTCGACAGCGATCATTTATTCTGCACGCATGACGTTTAAATTCCTCGTGCCACGAGCATCTCTCTATCCCGAAGGAATAACACGGAATGGGACGGTGC,1939,49.46,Drosophila melanogaster
SEQ_505239,TGTTATTTTCCCAGATTATCACAGTCAAGGGGTAGGGTAAAACTTTCCGATTAGGTCCGTATCTACGGTGGTACCACGTTCCCCTCCTAGGAAACGGGCGTTCATTGTCAGGCTTAGTACTGCAGTTCCAGCTGATTTAATTGGGCGATACATAAAGAACAGCCCAATCCTGAATATAGTGAAAGTGTCTGTGCGGGACTCTCATAAAGCCCAGTGCCTTCAGCGGTACAGCCCATAAGAGAGACTACTCACAATATCTACGTTTATGGCGCCGTTCGTCGATGCCGCGGTATCTGCTCGCTATAGTTTTTCTTCCATGGGTGGTGTTCCGCTCTAGGTAAGGGCATCGTACCCTAATGCGATGACCTGTAAAGTGCGTCTGTCGATATACCGCGCGCTGCGAGTAAAAACCGGTTTTACATGAGGGCTACACGCCCGGGATTGGTTCCGATGGCTGTCTGTCTCATATCGATCACTCCGTGTATGTCGATCAATTAGTTATACAGACGTACAATTAGACACCGAATGCAGCTGAAACGCACGTACGTTTATTTAGTGTGGGATAGACTATAGTCAGCTTCAGTCTTTAATAAGAGAAATAGAATCTCAATTGTCTGGCCCGTTTCCCTCCGCAGGTGACGTAGTCGAGGAGTGTCTCCGGGGACAATTTCGATCCGCGCCACTCATTGTTATTTCGACCCCCCGACGGCCAGGGCGACGATTGAACTTTGGCTGTGCCGCTTAGCTGCAACTTAATCTTAATGCACCGACAACTGACCAAACAACTTCTTCGTGGATACGATGATGTTCAGGGGTCCAACGCCGCCTCCTGTGTAATAAAGCTAAAAAGAGCGTGGGATAGCAGTATTCGCGAGTGGCACGACTCTATTAGGAACCCGTCCCGACGTCTCTACCATGTAGTGTGTTCCAATGTGGTTACGTGTCCACATAACCTCCCGAGAGCATCGGTATGAGTTTAGGAGAGCACAGCTCGAGTGAGACTCCTCGGCTGAGCTTGTCTTACCGGTTAAAGATGGTGTAGAGGTCCGACGACCGTGCGATTCACGCCTCAGACTACGTCGAGGTGTTATTAGGCAATCAATGCCCCACATGAAGAGGAGCGACGCAACAGTTAGGTCAAGGAGTTCAAAGAACATGAAACGACTGTCCCAAAACCCCTATGTGGCTTTGAGGTAGGTCAACGTATTCGACCCGTGGATGCCACCCCCAATAGAGGAACCATTTACGCATCATC,1255,49.48,Homo sapiens
SEQ_233156,GTGGGAATGATATTACCGAACCATGGGTCCTGAGTAAACTGGTATTTCAGATAAGACGATACGGTGCGCGAGTGCCGGGCGTTCTTGTCATTTAGGCATCTTTTAAGACTTAACTGATGGCACGCGTTTCCTGCTCAAGGCCTTAACCTAATAACTCCCGGTTCTCACCGCGTCTTTAGCTACCCAGCGCCATTCCAAGCTAGCGACCATTCCTACGTGAGCCCACCATAGGAGAGAGACAAGGATACACCGCACGCTTGTATTACCTAAGCTTCACTAAATCCGTACGAGAGGGCTCGATCACGCGAACATTAGCGTTAGACTCTCAGGCTTGGCTGGGTGGGGCATCCGACCCATGCCCCTCCTTCTAGCGCCGCTGCTGGCGCATAATATAGCTTGATACTACTATGTGTCAGTATTCGGTTAGACAATTATTTAACTTATGATTTCTGCTGCTGTGTTATGGCCAGTATTGTGGTATCTACCCTAGACT,493,49.09,Arabidopsis thaliana
SEQ_956536,AATACCACACGCAGCACTCGGCCCATATTGACAGTAGCTTATGATTACCGTAACACCCTTGTACCCACACATATAAGTGTAAACCCACGCCCCCGCCACGCGGAGCGTACATCATTTCCTACCATTAAACAGGGCGACTAATGACACGAAACTCTATGGCGCGGCCTGAGCACGGCATCGGATTGTGAATGGTTGTCCTTGCGGAGCTTTGCTTTTTATCTTGTGCCCCTAAGCGCGAGTCTAGTGGACGCCTGGCTGCTGCACGCTTACCATTCTTACACCTTCTCGAGGTCTAATATTCGTTGCGATGATACCCGCCAGATGAAATTACGACAACACCCTGGCGCAGCGAAACGAGGGGGATAGATCACCTATGGTTTTGTGCGTGAGGCCTGTTCTCACTGGAGTAACTCGCTCGGTCGATTAAATCGATAACTAACGGCCCAGCGGCTGAGCCGCGCATGGGCCCCGTTGATAACCAATGATATGGTGGAGCTATGGCAGAGGCTTCAACAGCTGCACATGTATGCACTTCGTCCATACAACGACCACATACCGTCACTTCGTCCTCGTCAATTCAACAGATGTAGTAGCTCCTAAAGCCACATTCCTCCTGGGTAACCCATTGCTCTATATGATGCCTGACACT,649,51.31,Homo sapiens
SEQ_502894,AGAGCAGTGATAGCTACATAGCGAGAGGCGCTGTGCCCCCTTCTAGTAACATTACCGCATCCCGTTAGGGATGGAATGCCGTGCATGGCGTTTGAATTACCTTGGTTGCGGCTTTTATTTGTCGCCTGGCATATCATATCGCCATGCCCTATAACAGTAGGATATTGAAGCGTGGATGCGTCTTTAGTATGGTGGCGGAACAAGGGGTTCTTATGAACGAATAATACGGTAGCAATAACTTACGATACCGTCGGTATAGAAGCTAACCGCCCACAAGGAAAACGCGGACAATATAGTTCCTTGTGCTCTCTTATAGCATGCCTCACGTATAGCGCGAAAAAGGTTAGATACTCCGCGTACACGTCGATTGCGCGAACGCTAAACCGCAGTTATCGGGACTTCGCAACTCAGTACGGAGTGGTACCCCCCTGACGTTGCCGTCCCGCCGTGGGTTCCACTTTTAAAGACCATTATACCAATGAGCAAGATTTCCCATAGGGTGAGCTTTCATCACTGACAAGTACAACATCAATGGTGTCGTCTTCTAGGAGCCGCCGAGTTATAAAGATGGATGATGGAGAATTCACTGCTCACGCTATTATAAACTGCTCATCCTGGGCGGGGACCTGACCATTGTGCATACATGCCA,649,48.69,Mus musculus
SEQ_294092,TGAGTTCATTCACCTGTTGGCTTTTCCTATGTTGAGCTGCAGGGAGGGCCAGATTAATTATATTATATTGCATGGGCATTATAATGCTGAACAACAAGACCGTCATGCTGCGAACTGGACATCAGAGTGGCCTACAAGGGCAGTAAAATCGTCTTCCTTTTAATGTTACGTCACGTATGACGAATATGGACGAGACTAATGCTAAGTAAGAGAGCAAAGCTCCCCCGCGTTGAGGAGTCACGCGTTAACACTGTTTGAAAATAGTTCCATCGCGAGTAGGAGGCATGACGCGCATGGCCTGGCCAAAACACGGGAAAGCATGACCCCTGTCGGAAGCGTCACCTTTAAAAACTCGCCATCTGGACACTCACTGCCCGGCGTGTTCCTGTCTAGGACATAAACGCCGATAACACGAGGCCGCGACT,425,48.94,Arabidopsis thaliana
SEQ_657728,CTTGTTACAAGAATTGTTCGTTCTACCGTAAATGTCTATTACCTCACAATGCGATGGCCTTCATAGAGAAGAGAGTTTGCCGGTTACAATGTAAGCTATTGCCAACGGTTCAGTACACGGAGATTAGCAAACTCGACAGAGAGTTGACATAGTTGCCAGAACATAGGCTTTCTGACATAAATGTTACTTAACCACCCTTATCGGCCGTCCTCCGTTTAGGACATAATACCACCAGAATGGAGACCATGAATCGCGTGCCAACAACGCGGTGCATTGGTAATGTCTCGAGTTAGAGCTGGTCGCGTACTTACTGTTCCATCCCCATACGACGTCAACATCGGCTTGGTGCATGTGCGTGTGAGCCGTACCGGACTCGAGCCGGTGTACCGCCTCCCGATTGTAACTTCACACTAGCATCTATGGCCAGATGGCTTCCGTGGGCCTGGCCCGGGGCTCTCTGCTCCGGGGCCGATCTCCGTAGAGAACGGCCATAAGGTGGTTGTGAACCGGCTATAGAGGGCCATCAGCTAGAGCAGGGTAGAAGTAATCCCTTTTTCACAACGCGTTCTATGCCTCCGTCGCACTTCGGAACGCGTGATGTACTAACTTGTGCACACGCAAGGTGATTCTGCCGATCCGGCTGCCAAGTACGACCTCTTTCTATTGTTGCGGAATGAAAAGACGCCTTCACGCCAAATGAGGGTGACCGGCGGCCTCGAGATGTACGGACCAAACCCACAGCGATCCTACCAGCGATGTAGGCCTACGGAAATCCAAAAGGGGACTAGGTGAGCGAGGGACAGCTTCCTAAAATCGATGCTGGAAGAATTCTAGTATTGGATCGTGGGTGCTGAGAAGAAATGAATACTGTGACTGCTCGACCCGAGAGAATGCATGTCTATGTGTCAAGCTATACTTCTTGCAGGTGCAAATCGCCTAGTCTGCGGACGCCCTGTACACTGAGGATAATATTAAATGAGGCTAGCTGTAACAGTGCAAGATCGGACTGCCCGCACCTCATCACAGTTCCGAAC,1034,51.06,Caenorhabditis elegans
SEQ_405290,GCACCTTGGGTACCTGCTCTTGCAGTCGGCAACAACCACTGAGGTGGTGATCGATACGATCCGTGACTTCATTAAAACCACGTATACGTCACGGAAGGACTTTTGCAGGAAGAGGTCGACCGAAGGGCATCGATTCTAGACAGGATAGTCTCTCGACTTCTAGTCGTCTAGTATAATCTTGAACGAGAGGCGTAAATGATATAGCGGGAGCTAGCTGCGTCAACCGGAGACCAGTATTCGAACCGCATGGCCCAGAGAGTTTCACGGAGATGTGCGCCTTAGTCAGGAGTTTTAAGTGTTGTCGTATGATCTATACCTTTTAAAATGGACCTCCCTTCACTCCAGCTATTCAGTCATAGCGACTCTAGCAACTCAAAGACAGTTAGTGGTCACATATACATCTCTCTGCAACCGGCTGAATGCTGGAACCTTTAGGTGTACGTGTGGTGCGATGGACATTGACTTACACTCTACTCGGTTAGTTGAAGGTTAAAAAGTTAGCTTCGTCTTTGAACGTCGCAAGTGATAGTGCTGTAAGTAATGTTACCCGGTAATGGATTTGCCAAAACTCTACAAGTGGAAGGTTTGTTTGGAATT,597,46.23,Saccharomyces cerevisiae
SEQ_619229,GGGTGAAAGCACGAACAAGTCAACGCGTCGAGCCCAGGGACTGTCTTAAATGTAGCTATGACACCAAATAGAGGACGTGGTCCTCCGACGAACTCTTCCATTTTGAGTAATATTTGACGTAGCCCGCCTGGCCGCACGATGCTTCTATTGGTACATTCTACCACTCATATCGAGTAATTCCTAACCTTGGCGAGCCATCCCCACGAATCCAGTGGACATCCAGCGCAATTAGGCTAATTTGTTAATTGCCGCGTATCCCCTTGCCGTCAAGTAGTTGCAATGTGATTGGCCGTGCACCAACCTTCAATGCGAAGGGAGCACTATTCTTCCATTTCACTAAAACGCAGATTTGCCGAAGACGTTCACATAGAACTATGCGTCGTCTTAGACAGCCCATAGCAGTGTAAACGACATAGGGCGAACTGAGGATCGAGCTGCGAGGTTGTGAATAGACCAAGGATTACTACACTCACCACATGGATTTGGATCACATCGATCTTCCGATTCTCAGATATAGCACTTAAGGCAGCACAGTCCGTTTGAGTCTATTACGACACGAAGGCTTGCGGCATTAGATCGCAACCCTTCTCTAATCCCTAATAGCGAGATACTCGGGCATCCATGCGGGAACTCAAGTTGGTATTTTCAGTAAACGCGCCATAAAGATCAACCGGCTCCATCAGTTGCGGGCCAGACAGTGTGAATGTCTCTAGCGATTATGGGTATAACTTTCCGCCGGACATACAGATTTACCTGCTTTCGAAGTGTGTCGAGGATTCAGTTGACGCCTGAAAGACAAGGACCAGGTTAATTTGTGGTATTGTCCGATGTCGGTCACTTGATACCTCGCTTCGTAATATTTTAGTAGCCGGGGGTATATTGCGAACGAGCACATACACATAGAACCCTAATACACCCTACCTACCGGAAACCCTGTGCGGTTGTACTAGAGGACTACCAAGTTGTCCAATTAACAGCGATGTATATCGAATCTGAGTACTGCAGATTTCTAAAGGTCACACTCCTTCATAAATACGGATCGGAAATTATGCATAGGCGAGCAGAGGTTCGGTTGTACGTCCACCATCCAATTAAAGGGGTGTCTTGGACCGAATAGCCAGACCCACAAAAGTGGTTCCAGGGTCCATACTGGAGACGGGCCGCCACTTTCCCGA,1175,47.91,Mus musculus
SEQ_965010,GGGCTCGAAACCTTCGCTAGGATCGTTGAGCACCTTGCAAGCTACTTTGGGACGGGACGTACATCCCGCGCCGGGCGCGGGCCATGGGCGAGTTACTGAAAAGCCAAAAGCACTATCCCCCTTGTCTTAGGTTAGTATAGTTATAAGGTAGTACCCATTAACCTATTCCGTACAAAGCATGTATAACAGAGAGTTCCTACAATCCGCTATAGCGGAAGCCGAGATCATAATGGCTGGTCGAGCTGTGCGCCATGATGGGGCGCCAATGAAGTCTAAACGTGGTTTCGCCCGCCGAGAAGTACATTGCGACACCTTTGTTCCAGTGATGTCCATACGATTTTCCAACGAGGGTGGTATTCTATGAGTCCCAGCTTCCTGGAGGACTGTGCCCATATGCTCACCTGATAGAAGTAGTCAACCCATATATCGCTCGACTTCACTATATGACTGTAGGCACCCGTGGCGCCCAGGGCGGAAAGGCACAAATTGATATCCCACCGACCCGCGTCGCCTATCGCAAGAAACCACGCTTCAACATTAAGGTTTCCATTTTATCGGAGTGATCTCCATAGACTGGACGACGACCTCAGTTCGCGCATGCGCATACTAAGCTGAGCCCGGCTGTCCTCAGGAAGGATCGACTCGCAGACGTAACCCTTTAAAATTGGGATTGCGTGCAATAAGCACTCCACACACCCTACATGCGTGCGATATCGTATTAAGGCTCCTACTCGACGTTGGGATCTCCTCCCAAACGTGGTCTTCCAAGCTAGTCACGTAGCTGACTAATACAACAGCCCTTCCAAAGATATAACCGCATAACCTAGACCCGTGGCCACATGTCCAGAGGGCGACGCTGCGAACCCAAGCAATATAGTGAAGTGCCGACCCCCCATCTCTCCCCGGGACATAAGAAGTACTGACTACATGATAGGACTCCTAGAGTCATCGGATCGGTCGCCGTGGCGCAGACCATGAACGACAGGTGACAGCTGGTGCACAATTAATACAATAGTCTTCGGCCGGCGTATGAACCTAAGCTTTGGCTGCTAATTCAGACTGACTGAGAGGCCAATTGGAACAGATGCATCGGGCCACAAGCAACTCCTTCCCACCAAAGCTTCCGAAGTGTTCCGCCCTTTGTGATATAATAGAGGGCCCTCGTTATCCGTTACTTACTGGCATGCCAAGAGCCTACTGTCTGTTCGATGCACAACACAATCGTCCTTAAAAGGTTCAACCTGACATGCGTTCCCAGTAGGTTGTCCTTACCGATGTTACTCGTTTGTAAGCGCATAGCCAACCGCCCGTGATCGTTTGCACAATCCGCTACCCGGTAAGTAAACCAGATGGAGCTGGCGTGCAATCTTAGTAGCCGAACGGCACGTCGCAATGAATGCTTTGTCGGTCTCCGCCGCATCATGTTCGACCGGTCGCAGAAGTCATGGCGGCCTGGATATCGAGGGGTTAACTCATCCGTATCGTAGCACTCACAAGTACGTGCCTTATGTAGAAAGCGCGGTGAACTATTGCGGGCTCTAATTGCGGGTCAAAATTGTATTAGAGTCTCATAGCTTCCAATTGAGCGTTTAACAATTGAGTGACTTTATCGTACAAAGGGTGCCATCTGCTCTATCGGGTCTGTAGCTCCTATCCCTCGAGATCGTTGTATCTTACGACACCTTGTCATAAAGTTAGAAGTGATCACCCGGCAGTCCCTCTCGTTGTACTTCAGCGACAGCTGGCCAAAGAAATTCAGCCAGGCGACTCGCACGGAGGTCATTGGCATGGTTTCTGGGGAGTGGGACATGATTCGCTCTTGATTAGATTCGAGATGATAAGCGAGCAAGCCCGTACTTGGACAAACTATTCCTTAAGGCAATAGGAAGAGTCCCCACCAATAAATGGGCGTAGAT,1916,50.78,Saccharomyces cerevisiae
SEQ_870905,ATCAACATCAATTGACTCTCACCCTCTAACGAGATCACCGCTAAGCGGAGTATTTTCAGTCTACACGGTGGATTACCGCGTCCTGCTGTGTCCTCCCTTATGCCGCATCTACGACTACGAGGAACTCGGAGTGTCCATGGGCACTTTAGTATACAACAGCAGAAGTAGAGCACATTCCCAGGGTTATAGCTCGAGCCTCTCTCCTGGGCTACAGGGCTTAGATCAATCACCCAGAATCTGGCTCAATGGCGAAGCATGAAACGTCACCTTGCGCGCCAGGAAGCCCGCAACGCCACCCCGCAGCAACTCTTGGGCGAACATCAGAGATGCGTGATGATATAGACGCGACGGGGACTGACGAATCGGGGGATGCTCACATCTGTGCTTAACACCTGATCTCTCGGGGGACTAGCACTAAATCCGGGGTGACTATAGACGGAGGTGTGGTGTCGAAGAAGCACGTAGGTCCTGGCTATTTGCCCAGTCATGCTGGCTTGGCCGTCTGGATTCGATCGATTCTACTTTGATCCCCGTCACCAAGTTCTTCTGCGGAACTAAAATGGCCGACACTTCCGGCGCAATAGGATTGTAATCTCCCGCTCCACCGATGTGTTGTTGGAGGTTCTCAATGCTAACCTGACCAAACTATGGTCGCGCATGTTTAGTAGGGCCACTGAGGAGTCCCTGGATTAACCGCGTCGTCTGTTTGTGTTGATGAGGCAGGCCCGAACCATTCAGAAGAAGATAGCAACCGTGCCCGATTCCAATCGGAAGCATAGTATTTTATCATACTCCTATCAGCGGACTAGAACTATATCACTCCCCCATTCCTCTTTCAAGATCGGAGTTCTGATTCGTTCTCGCAATCAGCACCTCACTTGGATTGGGGCGCACATAGGTTACGGGGCTTCTGGTCGAGCTGTCCGAACTTGGTCGAATGACCCCCCCTTTGAACTGCAACATGTGGACGGTTCTCACAAGTTGCGGTATTCTCGAAGGGGACACACAATAACTGGGGACCTATAGCCTCGTAAGTAGAGCCGAATCATATGTAGGGCTATTCTGGAGGTGCGCGGTCCACCAGTTAACATTGCCGTAACATTATCATATTGCTCCAGGGCCCTCACGCGGATGTCATTAGGGCCACGCATGCCGAAACGATCACAAAAGTGAAATCCTGCCTCCACTGTTTCCGTCAATGTGAGACCGTATAAGGACCGTCTGTCAAAGCCTTGATATAAGTGAGCGTGCGCTTTACTTTTTACTCGTAACGTTTCACCTTCGGTCCCAGGCAGTTTTAGTAGTGAATCCGACTGTTCATTACGAACAAGATGTTTGCAACGTCCAACGGAGACAGCACACCCTCTAGTTCACACCTCACATTAGGCCGAGCAGTTTTGAGGCCACCCGTCTGTCCTAAACTCACGGCAATAACGGTCAAATGGTGAGAGTACGTAATAGCGTACTCCCCTCCATGCCAAGAATAATGTATCGAATCCCGCCGGCCGTTCCTGAAACACCAACGAGAAAGAACGCGAATGATACTTCGCGTCTAGTCACTTAAGCTCAACCAGAAGCTTATTGCCATAGAGAGGGCGTGTACCCACTCCGTGTATCCCCATTGTCCTGAATCCTGAATACTTATCTAACGCCTAATGACAAACCACATTGTCAAGCGTATTTCCAGCATCGATAATATGCTCCTGACAGCGCGCCGGAGAGGTGGATTCCTAATTGTACTCATATGGTCCTGATTCTTCCGTGATGCTCACAACAGATCGACTGAGTCGCACGAGAGTTGAAACCCGT,1809,50.58,Saccharomyces cerevisiae
SEQ_238631,GTGCTTGAAATCCTTTACCGGTAAATGGGGATGGTCCGGGAAATTGAAGTGTCAGCGGACTCACCGATTGGCCACCAGTTCTGCCGGTAATGAGACCTTTACCTTACCGTTTACGGCCAAGGGGAAACCCCCGCTTAAAAAAGAATAAGCGCGCCCACGAATGCAATCAGCGGTTGGGACTTATTATACAAATCCCATAACTGCTGAACAAGGACCTGGATGCATTCTACGCTTCTAAGGGCTCAATTAGAGCTCAAGCCCCCGAACGGGTGTTTTGCTACCCGAGGTGAAATCTCGCGTCGTTACGGTAGGTGGCCTACGTCATTGCGCCCGAACAGTCACTACAGGCGATTATCTTTGAATTAGAGAATTCCACGGGATTTACGTCAATATGCTTGTGTTCGGCTACACAATGTCTACTTTA,424,48.82,Homo sapiens
SEQ_890889,GCACGCAGGCGCTTTACGGGCCGCGGATGATGGTAAGGTTATCGCGTTAATAGTACTGCCGAATTGAGCGAGGTCCTACAACTAAGGCTGTGGCCTTACGTGCGTTGAGGTCGACATACGAGCTATCAATATGCCAATAGGTACTGTCTGTGTATATCAAATCTGGGGGAGACGACAGGGCTGAAATTTAGCTCGGGGGTATTTTTACCGCATTCGAAGTAATTGTATCAAATGCAATAGACAGAGTATATTCCAAACACCTTCTACGCCATGCTACTCGCTGCCTTTCTGCACGTACGCTACCTCAGGTGAGGTCAAAGCTCACAGCCACGTTGGACATACGGAGTCTCCACTGCATCGCCCCGCCGTGACTCATGCTCGAATCCCAAAAGAAGAATGGATCCTGGGACCTAGGAGTGCTGATCGGCACATACCGTTAAGGCACCCCTTTTCTTTGAA,459,50.11,Caenorhabditis elegans
SEQ_651643,CCTTTCTCAAGTGTGCGAACCTGCTGTTGCCGTTGCCATTATTGCTAATTCATGCAAAAGCCAGGGCGGGTGATCCGCTAACGTCTCAAATTGCCTACGCAGCCATGGGGGCATCGCGGGCGCTTGGGGTCGTGCGCACACCCCACATACCCAGCGATGCCGGCTAGCGGCATTCGTTGAAACCTGAAAGAACATCTTTGTCTTGCCACTTACCGGCGAGGCAAGCGGATGACTATCCTAATCGCAGACCTGCGACCGGGTTTAATAGAAGCGAACCGTGTAGGAATTCAATTGCGGTGATCGCGTCGTTGTGTTGCGCTCTGGAGACACGCTTGTTTGGGAGTGGGTGCTTCTCCAAATCCATCATGACTGCACCGTTCACACTAGCGCGACCATCATCGCGTTCCACGAAGATGCCTCGCCAATATGTTAGTAGGTTATTTATGTAATTGGCTTTAGAAATGTCTACCGTGTCCTCTCGCCAAGCTACAATAAGCAGAGTGGATGCCTAGGCCCCAACGAAATTGGTACGCTTTACGAGCATACCTTTTAAGGCTAATTTGGGGCCGGGGGTCGAGACTTGCGCAATGTAGGACAAATACGTCCACGTTTTTCGTTGTGTTTTGTAGAGCCTACCGTGGGAATGGCGGAAAGGAAAGGGACAGAAAGTAAACTACAGCACGCCTGCAAAACGGGCGGGCGCTCATAAGGACCTACGGTTAGCGAGGTCCAGCGGATTTCACGCGGCTTACCCTAATGCACAAGCGCATAAAGATAAAGCCTGAATGCACCGTTTCCTAAATCTTTTCAACATAACCCTCGCGTTGGCAAGTCTAACAGCTTTTGGCCCATCGGGCGGAAGATGCCCTGGGGTATCTGTTAAACTCAACTTGTTGCATACGCAAAACATAGCGACATGATATTGATAAGTTATTAGACGTAATGACAAAATCTCGCGCAAGCGCTCGGCAGACAACACAGAAAATTATGGCTGTCAATCTACTATACGCGAGTTGACGTGTGGGTCGGGGGGTTTGTTCAGGCCGAGGGACCGTTATGATCCACGGGGAAGACCGTATCATATCAAAAGTAGAAGTAATTAGGTATCCAATGCATTCAGACAGGTGTCCTTTCTGTGTGCAGTAGTGATGTCTGCCGGTGCTTG,1165,50.3,Arabidopsis thaliana
SEQ_433762,GGACGTGAAGCATCATTGGAGTTGGATGGGTGCATGGCCTACCGCCTTCTTAACTTGACTCCGCTACCCTAGACAATTCCGATGGTTAGCCTCGAGGGAGGTACGAAGCGATAGGCTTTACCGCCAACTAGCACACTCGACCGTACAGAAGTCAACCCCATTAAGGCAACGACGTCTATGGTTCTTGGTGCAAAACTGTTACTCGCTATACCGCCGCAGATGTCGCCATTGTCTTGCCGAGTCAGGATCGTGCTTGCTGCTATTAGTGAGTTCCGATCTACTGCCCCACGAGGTGAAATTCTGGGTTAAGACTCGTGGGCTCCCCGATAATGCAAGTCCTCTGAGCACTCAGCACAGACAGTCGGACTTAGCATTCATTGTTTTTGTGGTAGCACCTCATTTGAGAGACGCTCTCCCAAGTCAGTTTATAGGAGATCGAGGTCCGTCATTTTACCAAGCCATCATGCAGATCCCGCTTGGAAATACCAGCCGAATTAGCAAGAGAGCGTCAAGCGCGTAAAGAAGGCTTGACCGCCGATGTTCAGGTTCGCCGTGAAGTATTCAAGGAAGTATGAGTTCGGTGCAGCCGATTCACGTTGCGTCACTTAGTTACAGAGTATTGAGATGTATAT,632,50.16,Homo sapiens
SEQ_320967,AAGGGCAGGAAAACACATGTTCGGCGACAATTATCATAGCAACAGAGGATCGATAATGTAAACCTCCATTGCTTACACTTTGGTCGAGTGTCTGGACTCCTAATACACCGCCTAATGCTACCTAAGTTGAAGGTAGGTACCAGTACTTGACTTGCTTATTTACAGTATATGATCAGACAGCCCCTTAACCCCTACTTACCATCAAGTGCTTGATACTGCGTCAAAGTGACCTTACTTGCACGCTGCGCCAGACTAGGGTGGATGGTAACCTACTGGGCTGACACCCCTCCCCGGCATACTGCATATCCGATACCCATACTGGGGCGGCGTAGGACCGCTTACCAGCACACGACAGAGCCCACCTTATTGTGTATTGCGGCGCTGCTACTCCCACCACCCGCTTCTGGTTGCACACGGTGGAGGACGCTACGAGCTATAATGCGGATAAGCCCGCAAAGTTATCCTCTGAACCGGGTAAAGGATTCCAACTACTTGACTTGTCACGTAGACTTCTCAAGAGCATTTGCGTCTTAACAGACTCAAGCTCCTCGACTTCTAAGGGGAAAGCTAACCCGAGAAACTGCATAACCACGGAATTCTGTGCGGGATTACGGCCCTTTACAATCCTCATCACGGACTAGTCTAGTATGTGTTAATATACTGTGTGGACGCAGACTTCCAATAAAAGTCGCGTGCACGGTTCTAACTACGAATTACCCCTATCTCATGTGACTTGACTTCGTTGGGCAGGGAAATTGCGAGGGGTAGCCAGACAGTGTACTCTCAGAAAGAGTACTGACCTGGATGAGATCACAATCGGCTCGTCGATCAGCCCGAATTGACGCTACGTCGCGGAATAACAGCCCTCTCACTCTGCGTTATCGATAGCAAATAGTTGGAGCGAAATGGCTCACAAATCTACCCCGAAGATCCAATGGAAGGTCAACAAACAAGGTGGACGTCTACCCTAGATCTTATTTTTCTATTGCTAATGATATAGAGACGCTGAGTTTATGTGTCATCTACTGCGTCTCAAGAGCCCGGTAGTTCGTCTCACTTATCCAACCACAATTTAGTGTTCGCTTGCAGCCTTCGGTTCTTATTAAGCGGACGTTACCTACGTCGCTAGTTCGGCATGCGCGATTCATACCGGAGCTATGTCAGAACAACGGGCTCATCTGAGGAGTCCTGCTACCATTCAATGCGGATACTTATCATAGCTTCAGGATTCTCGCACCTTGCTTAGTAGTAGCAGACGAAGGTCTGAGCAATGGAGTACTAAGGTAGATACGGTCCGCCTAATAGTATCGGGTTGGTAATCTAAAATTAACACCCTGAAAAATGAACTTCTCGCGGTTTTTGTCGCCGCAGCCAACTGATCGCATTCGTAATGGGAGGGGCCCCTCCCG,1409,48.62,Caenorhabditis elegans
SEQ_249832,CACCCCAGCATATGTCCCAATCTGCTTCAACGCTGTCAAACCCTTCTTCCCCGGCTGTGAATAAGCGGGAAACGCAACCCCAAGGTCCACGGCGGGGCGGGAACCTGTTAGTGCGGTAGGGGAGCTAAAAGGCCCTCCTGCACTTCTTTAGAAAATACCGTTAAACGGGTGGATTCAGGTGCATCGCCGTAAGGCGAATGGTGAAGAGCAGATGTCAAGACTGGCCCAGAAGTGTGCTCCAACGACCCAAGTAGGTTGCCGCCCGATTGGTCGTAGCCGACGTATAAAACCCTTTCCCAGGTTGCGGCCCTTGAGTTGGTGAAGCTCGGAATGGGCTAGTCCGCATCTTGGGTGTGGAAGGGCCGCCCGATCTGGGATTCTACCTCTTTGACTCCCGGTAAGCTATCCAGTGAGTTGCCACGCGTGCAAATGCAGATTTATTACATATATGTGTGATAAAAGCGGATTGATCTAAAAGACAAATTAGTGCCGCTATTTCCTGGCGGGAGTCACTAGGTCTTATAATCTACTCCTATGGCTCACGCCACTAAGAATGACTCATTATGCACCCTTCGTACCGCTTAGAAAAAGCCTTTGTAACGCAATTTCCGTCATGTTGCGTACTGCTTAACAGATCACGTCCGGCTATCGTAAAAGTCAATAGTTTCGGTCGCGCCAGATGCTTGATCCTCCGCAGGACAGGTGATTTAACGGGTAACCCAGCACAGCTGGGGGGGTGACCGTGGCCTGCAAGTTTTAGCAAGC,765,51.9,Mus musculus
SEQ_945866,GCAACGTAGGATGTTTTTCACGTTTGATTCAGTATTCGGCAAGCGCCGCTTACCTTTAATGCACTCCCCGACATAGGTGCTAACGGCACGCACGACTCTGGAATTTGCATTAAAGAGATCCGGGAGGTTTCCCATGGAGATGTTAGACCTGGCGAGAGTGACCACGTGTTTCTCTCGCAGACACAGACAGGATGCTCAAATACCTATCTACGCACCATGTAGCGCGCTCGCATTAAAGATTCAGGTGAGTGAATTAATCTCGTAGCGACTCCAAGAGGCTTGCTCCCGATATCTCGCCTGTCGCTCCATCAACTGACGGTGCTCCGATAAAGGCGTAGCCGAAGGTTTCTTCTTTCATTGCCAATCTCGTCCCGAAATTATTGCGTCAGGATTCTGTTGTCGCTGTTCGTCTATACAGGGGATACTTGAAGTAATAACTAAAAATTACTCGTTGTTACCCATGACGGGCTGTTGCCGGTATTACAGGGTGGTTACTTGAGCCCACGAATGGTTCTCGCTCTAATGATCAGTGGTAAGTCGATGCTGCTGTGGGTACGGCGTGGCTCAGGGGCACTGTCCACAAGCCCAATAAATCTGCTATAAACCGTCGCGGGCCTATATTGTACCATGCTTTCGGAACTTCCATCAGCCCGCTTGTGGGCCCTTAGGTCACATGGCGC,680,50.15,Mus musculus
SEQ_597251,GCCGGTGTCTAGAGTGCTGCAGGTACAACTGCTTGATACGTAATCAATTGATGCGCATGCGATCATGATCGCTACTGATTTTTTCTCTCCTATGGCTGCCCGCGCTTGGCTATGTTAGTCCTATGCACATTCAGATCCCATGTATTAGCATTGCGGTGCACATGTCCATGACGACATCCAGCCCACGAGTAGATTGCGTAGCACCCCTCCCCGACGTAGGATATCTAATACGCATCCAAGCTCGGCGAGTGGCGGACCACTTTCTTAGGATTATGAAAGTTCTAAAACGGCCCGAGGTTTAAAAAGCCAGCACAATGTCGTCAGGAATAGATGCGACGTATAACATACCCAAACTCCGCGCGTCCACGTCATGGGTCGCATCTAGGTTCATTCTTGATAGGGCTTTGGCAGACTCTATCACTCTCTCCTTCCTCTACAGTCAGAATGTTTATATTTCTGATAAGATTATTTAGATATCAGCGCTATAGAGTGACCCAACGTTTAAGCAGTCATCGGAGGCGGCAACACCAATTATCCGGTGCCGGCCCGCAAGCGAAAATTTCAGGATCAGAGAGAAGAAGGTGCAGAAACTCAGCCTCTCCCTCGGAAAGGTCGGCCCGGGTGGGTGAGCTCTATTCTACAGAATGTATTAGCGTTTACGACTATCGCCAAAATGCCTCCAGCTCAACAAAACGGCATCTGGACACGCTGTGGGCTCGCTTTAAAGTAGGTCAGTTCAGGGGACCACATGTAATAGCCGCTTGATCAGGCAATAAAAAAAAAGTCGTTAGGACAGGCAATCAGTGGTGATCGCACTATCGTCCCAATTTCTTCGTGCCGTTCATAGGCCAGCCATTTATCGTACTCGGAAGGATCAAGGGAATCACCCTGGGGAGCGATGGATCAACTTGCGCGTCCGGATGACGAGTTCAGGCATGCGAATATTCCGGGTAGTTGGTGCTGCCTCATTAATGCAGTACTTCCTGGTAAACGCCAAACGTCTTCCGCAAAGGGCTTCTACGCCGGCAATTAGAAGGCATATGTCCCGATAGGAGTTGCATTCAGCTAAGTATTCAGGAATTGGTGCCATGTGGTTTCAAGGGACAGGGAGTTGATTCACCGCAACATATGGACGTTAAGCAAGTCGGTCGTATCCGAACAAGATCTTAAGCGCTGGCTTAGGTTAGGAGAAATCATGTCCCACCGTCTAAGACTCCAAGACCGAGGTTGCGCCACTAGTGTGCCAGTAACTTAGAGGTCCATCCCTCTTCCACGTCTCAGCAGGCCCACAACCCAGCTCTGGTAAAACGCTTCCCCAGCGGGACTCTGTCACAAGCCAAGTATCTGGGCGTAGATGTAAATGGTAGTGATCTGGAAAGTCGATCGAATTTTTACCAGACATATAGCCTGCAACAGCTGCAAGGCACTGACATTACCTAATGCCCATCAGATTTGTTTCAAACCCCCGTCGGCAGTTCCTTTGTTGAACGCCCACCGCTTGGCGTACCTACTACGGTCAACACACGCTCTGTAAGATGTGTTCCTGTATATCTCCAAGCAGGCGTAATATTTTAAACCTGGCGATCCTCAAGGGTCATCAGACACTATAAGCAGCAACTGACCCTGTAAACGGATGTTGCCGAATACAATAGTCAAGAGGTACCCCATATAGCATTCTGCACGTGTCATTCCTCCCTGCCTATTCCATAAGGTTCCCATACCAGGCCCCTATGTCACAATAAAGTAGCACAATGCTGCCCGTGACTGCTGTAACGAAAAAGCCGGCAGGCTCCGTTTGGGGCTTCGTCAGAGATCCCAGAGAGAAGTTTAGAGCGAATTTAATGGTC,1847,49.27,Homo sapiens
SEQ_587722,ATATGCATCAGAGTGGTACCTTTCTCGCCAAATTGGCCATAGCTGCGCGCCGGGTTGTCGCGCTCCGAAATTTTAGCTGGTTATCTCTGCACCTAATTGACGCCCGCCTATCGGTTCCGAGGGATGTGTCCATAGAGGGCCTGGCTATCCTACTATACAGAATCTTCCAAGCGTCACACTCCTGCGAATAGGCATATACGCAAGGGTCCTAAAGCGACCAACAGTCAGGAACACGCACCTACTACGGGGCCTCCTTACAGCGATGCTGTAGAGAGTCACCCGAAATTCTGTCTGCTCCTTACGGATCCACGCCTCCGACGTCTACGACGGTCCTTTTCGGAATGAATCTTTTGCATGTAAACAGCGCAATCGCATACTGAACGAATACGCATTTCTGCCTTAAACATACAATCGCCATCGTTCTGCAGAGTGTCTGCACGCGAGCCCCCTTACACCAATAGGATAGAGCCGCAAGATCAGAATGAGAGGCTATAAGCATCTCCACTGATCTGCCCGTGGGCGTACCATGGAGCAATTGTCCCTTAAAGCATCGTCAATTTAGGTCGAAAGGATCCTTCTCGAGGTTGGCGAAGGTCATTTAGAAGTTTAGCCTTGAGCTTCTGAGGCCATCTACGCCAAATGCCTTACGTTAAAGACTGAAGCTGAAGCTGGAACTTCGGTCACTCCAATACAGGGAAAGGATGATCCTTCATACTGTTCCATAGACATTTGGCAGAATTTATGTCGTAGCCGGACATCTGTCACCGCTATTGTGATAGATCGGCCCGCACGTTAGGACAACACATTAGATTTAGAAGGCAGGTTAAATTCGCCATACTGAGCCAGATCCAGTAGAATGAGACAGTCTCGAAGCTCCTCAGAGTTGTAGGCCAGACTAGCCAAAGAGATAGATTATTATTGTTCAACAGCAGGAGTGTTAACGATCGACTTTACATAAGGTACTAAGATTCCAGGATAGAATCACCTGCTTTCCCAGCACACTGTGTTACTTATACCCCCATATCCTGAGAGGTGCACAGCCGGGGGCCCTGTCCGATTCGCCCTCAACTT,1071,49.02,Mus musculus
SEQ_217016,GACTCGGATATACACACGGTTACCGGCAGCGATATCGTGCAACGGCATGAAGGCCGATTCTTGCACGACTTGGTATTAGAGCTAATCACGATGCTGCGTCTTTCTTACGATTCGGCAGTCGTAGGGTTGGTTGGTGTTACCTCCCCACTTGAGGTTACGTGCCTCTCCCTCCTTAGGTTTCCTCGTTCATGAGCTATCTTTCCTTGCCACATCCCGTTATATCTGATCAGCAATTAGACTCCGGTGGGTAGCGGGATCTATTCGACGTTTGATTGCTACCTGAGGTTCGTCTCCTACGCTTAGACTCTTAACCCGTTTTTGCGCCGGGTCCAGGATGGCACAATAGCATTTTGGTTCTAGGGAAAAGCAACCTGTTCGCATAAGCCTAATTCTGCTCTAATGACGTACATACAAAGGATATATGTGCCACTGTAGCCGATGGCCCTACACATACGATCCGTCGTCA,466,49.36,Arabidopsis thaliana
SEQ_348988,CTCCGTGGAAAGAGTGGGTTCACAAATCGAGTCCCCTGAAGATCACCAAACCACTGCCGTATAACGTCGATAGTTCTTCAGAATTGGATGCAAGCGAGTAGGCAATGTAGATCTCATCTAGCCTAGTTCCTCTCTCGGGGGTACATATCTCCCACGGCTTCTTCTCCTCGTACCTTGAGATCCTTCCAAATCTAGTCCTCAAGGTTCCCCGACAACATTATGTTAAGTTGGTGATTCTAGAGTCACGACTGGTCTGTGTCTCCACCCGAAGAGTCCCCTGTAGGTCCCTGCCGCCCTAGCTAATTGTTCACCACGTGCGAGGCATGTCGCAGTCCCGCCCAACATAACTCTCACGTACAGCTCCGGCTGAGTTAAGTCTGACCCCTAAATGCGACTGCTATTGCTAACCTAAAATCTCAAGACGTTAAGCGTGAGCCGCCCAGCGTAGCCGATATCAATTGGTCCTCTACCTATAATTAGGGTCGAAACCTAACTAGCGAAGTCAAATACCAGCACCTAGCGTGAAAGCGCACATCCTCTAAGCATTTTATTTGAATGTAGCAGAAAGAGTAGAAAACAAGGCTAACGATGCCAGGTCATCAATGTAGGCTATAAACGCAACAGTTCATCCAGTGCCGCTCAGGTTATGGTAATCTACATCTAGGGCATGATAGTAACAAATTAAGTGGTCTCCTTAACGGAAGACGCTAAATTTGGTGCAACTTATGGTTGGTCCGTGCCGTCGGAGCTCTTAAAGCCAATAGGCCCGGTATACCTCTAGAGGAGTCGTAGATTTAGTTGATCTTTGGCCATCTTTACGTTCAATTCACTGTTATTTGCCCCCAGCCGGTAACTCCACATAGCCTCCTCACCAGTGGGCGGACTAGGGGCGATTATCGATCGCGTATTGAGGCCTACACCCCAAACGGTGCGGTACGTGGGCCGACCGTTGTTCTACGGCAGTGGTCAGTAACAGGCAGGCCAGTGATGAGTGCCTTGGCTTCCCACGTAAGTACTTGCCTTGACATTCAAGGATCATACCCCTCCGAGAGAGTCCCGGTCGGGTGAGGCAATACAAAGAACTCGCTTTTGAAGCTTCTCCGGTTAAAGTAAGAGTGCATCAAGTCTGGGTAGAAATGAGACCCTACGAATGAGCGTAAGGTTGAGTTTGGCAGAGTAGCCCATAGTTGCTAGAAATGCTAGTCTGCGCGTCTGGGATAGTGACGATGTGCCTCGGCCTCCCATTGGCGTGGAAGGGTCGCGGTCGTTGACCTGATTCAAAGCGAGACTTCGATAGTTCTTTCCGGTAGACATTCAGTCCGCAAGAACTGCTCGCCGGACTAGAGACTCGCATGACCTCCTCCTTCGACAGTCCTGAGTCAGGTATCGTGTGTTAATTGGCACGAACTGGCCCTGTCTCTCAACGGGCGATCGAAGATTTTACGGAGGTAACTAGAACCAACCGAGCACAGCCACTGTGGACTTTACAGGCGTAGATCCGTACGAGACTGTCGAAACAGATACGATTGGCATCGCAATGGACTTAGCCTCTGCGGACCCTATGTAGTATACGTTCATTAATTTTCCTTCTAGTAGGAAAATTCACTGTGTAAACCAGTATTCACTCAAATTTGTACGGCGCTCTCGGTAGTGGCCCCCGAACCACTTCACGCATGTTCTCGCGAAATTGCGAATGCCATCGAATGTAAACACGAAGATACGCGACTGGTGGGGCGTCCCTGGCAC,1746,50.0,Drosophila melanogaster
SEQ_106839,CAGTCTATGATAGCAGATGGTCTTCTTGAATAGGCCACAGATCAAGGGCCAACTATGTACGAGGAGTCCCGCCAATATAGAAATCACATGCCTAAGTCCGGATTGGCCGGCGCTACGTGTGCAACTGATAAGCATTTCAGCCCCTATGAGAGCCAAGTAGAAGCGTCGTCCGCCCTAGCTTTCTGCGCGGACACGTGTGTTACTCGTGGGCGCGGCTTGCTGCGGCAATGGAGCCCTGGAAAGAGGTCGTAGGACTTTATGGGTACTCATTCTAACGGCATTCGCTTCGGTAGTGACGGTATTAAAGGTAGAGACTGCCAGTATGCGGTCAGGGCTTGCTGGCCATCGAATAGAAGTTCGTGCTAACGATAACGTTGGCACATAGAATGTACGTATGCTGGAGACTAACTGTGGATATGACCGAGCTTGACGGCTCCAGCGGTAGGACATACTCGCAGCCCCTCTGGCCTAACGGGAACGGCACAATGAAGATGCTACACGAAATAGCCCGTGGCTAGTAAAGCATAACACAGTACCATCAGCGCGAGCTCCGGGTTTCTACCGTCTATGTGGCTGACGTAGGATAGATTTAGGGAGCAAACGCCTGGAAAAGGCTTATAAATCACTGCGTCACTGGCGTCTAAAAAGCTCGCGGGCTTAAGAGGGTTCCGCGGAATCGAGATGATCGAAACACAGGATCATAGTGTTCCAAGCACCAGTGAGGTATCACAACCAGATGGTCGACCGATCCGGAGTATTTGTGACTTGTTGGAGTGACCTGAATGTCGGAGTACCCTTGGCCTGCCGCACTGGAAATCCGGTTTGAACGTATTTTAGGCCCCTTCTGCTAAGACCGCTGCTCTTCCTCCTGTAGAAGGGCTGTTACGATTCTAAAGCTAAGGCTCAAACCACGTAGGGCCTTGAAATTATATCGTCGCGGAGCCTCATATGACTAGAGCAGCTTCACGTTCTGTTGAGGTCACAATTGTGATTTAAAGGCCCAAGTTGCGTCGCTAAGCATCCGGGCTGGCATTACGACACGAGTTGGCATAGTAACCTATCAGGTCCGTGGATGCTATACAGCAAAGACTACAGATGTAAGACTGCTAGTGCAAATGGCTTGACCTGAAAGTTACCGCGGTTTCCCTTAGAGAGCGCTGATCCAATAAGCTATAGTTAACGGCCGAGTACTCTGTAGGGAACCCTGGGTAAGGGCGCAGGCCAGGGGCGGCTGCTTGGACAAGTGTCCAAAGTCAAAGCAT,1262,51.27,Arabidopsis thaliana
SEQ_403142,ATGCGCATTGCCAGTATCTCGTTATAATCCCGTTTAGTAAGACTGACCCTGTAATGTATAAGCTCTCGCGCGATGATGTGGCCGAGGAGGCAATCGTCTCCTTTCACGTCCATGTTATTATTATTTGAACAAAAGTCGGGAGATTAGCCTGAGGGGGGTGGCGTGTGGGCTATCATAGCTTAGGGGGGTGACTGTCGATTTGAAGTCCTTCCGACCAAGGCGCGTTCTGGGCAGGCGCTGCTTTTTGCACGTATGTGCTTGCCTTGGTCGGGAACGCTAATGTGGCTCTCGAAAAAGGGGTGGTGACAGCGTTCTCTATCGTTGGGTGTAATTGAATTGAAGACGTCAAGTACGTAAGTCATTGTCTGAGTTCATTGAGAGCATGCGATTTTTACTACTAAAAGGGTACAGCGACAACATCGCTTACATCTCCCACGTCCCTCGCGTCACTGCCTTCGATCCTCTGACTGTGCGCACACTAGAAATCCAAACTAAGTGGTAAACAAAGTCAACTCTTCCGCGTGGGCCTGACACCCATGAAGATAGCCCTTTAGAGCGTCGTCTGTTCATGCTTGAGCTTAATAGCGGCTGTGGCTACGACCGCAAACCTTTTGGAGATAAGCGTGCATAGTATGCCTGACGAGTGAAACTGGTTATTCACCGGTGTAGATCAGAACTCGTAAGTGACCGTGTAAGTTAAGGAGGCTCTTGATGCAGATCAATGATCTAAGCGGTGGATGTTAAGCCGCCAGATAAGGACAACCAATGTTGAATGAAAGTGCCGGGTCGCGAGTATCCCATTTTTGTACCTCTGCGGTCTCCAAATTCCAATAGGTGTCGTGGGCTCCCAACGTGTAGTGCCGTGGAAGTAACATAGAATGACGCGTACCAAGTCCTCGCGTTTCCTATATGTAGCACCACCTCGTTCGAGACGGTGCTCGGAGACTAAATGCACTGTGTCCGAACAACGCGAGGGAAAGGCGCTCCCCATACACGCACGGTCGCCATTGTGTAGTGACCGGCACACCACAAAGAATTCTTTATTAGGTGAGAGTTTCAATTCCGCTCACAAAGCTTCGTCCTCGTACGAAGGGGCGCTCCGACTTGGAAATCCTCCTAGTCTACCACCGGGCCAGAATGTACGAGTTAGTTACACCAGGTCATGTATTGCACCCATCACCACCACTTGGAAATTGCTGTGGAAGGTATTGTTATATATTTTCATTATTTCCCTCCTCTTCGACAGCCTATCTGAAGCGGTGGAAAAGATACTTAGCATAGCCAATCCTGTACTGCTTGTCGTGTAGTTGACGTCTGTATTAATGTCTCGCTCATGTCTTCTCTACACTCGTATCCTATTCTAATCCTACTAGACGGGATCCAGGCTCCGACCGTAAAAAGCAGGGCGGACTACCTGCTAGCGCTACTTTGATCACCGTTAGTGTCATCTGACGCGACGGCTTGCCTTGACGACGTACTGCGCGAGCTGAGCCTGTGCGGTGTTAATCACCTCATTTTAACATTATGCGAAGGCATTTCAATATTAGTTGACCTTTCACTGACCAACCAAGATGAATTTGTCAATCGAACCGACAGAAGCTAAGAAGCGGTTTTCCCGCGCTTGAAAAGGGCCCTACTACACGCGGCGATAGCTAATTGTTAAACTGCACTGGAGTCTCGAAACATATCGCGTGTCTCTGGTACATGTACTGGGCAGAGATAGATGACCCACGTTCTTGGAGGGGCGTTGAGACCATCTACGTGAGTCCATCACGACGTGTTAGGCTGGACAAGCAGCCTGCTCCCAGCT,1810,49.28,Arabidopsis thaliana
SEQ_657847,TAGCTGCTATGGAAGAACGCCGTGTATTGCTCTGATATGCTAGGAAACACGGCCTCCAATTCTCAAAGATCTGGCCCTGAGCCGCCTTTTACGCCTATGGTACGAAGCAATAACGATCTTGCGCCTACCCTGGTCCGGGGTAACATCCGCAAGGAAACGCCGGAGCTCTGAAGATTGATACGCCTGCTGCGATCAGGTGTAAGGGAGAGTGTCCTGAATCTACACCCGGACGCGAAGTCTCTCGCGTGTTGTGAAGTCCCAATCGAGCCTCTTGATTCTAGGCCAGCACCTGTTTCTACTGACGGAAGAAACTACTTGGCGATGTGGGTGTCAACAGGCGTTTCTGCATCTGGTAGGAAACCCGGGTAGCATACAAATGCCAGATCCTCGCTAACACTTGTAACGGCCGTGATCGTGGTGCAACGCTAGAATTCCATGAAGAGAAGAGTCGTACGGGATGAGCGCAGTAGAAATCGAGGGGTACAGCCCACACGTCATCAGGGTGCCCAATTTCTAATGTAGACCTTCCCTCAATCGGTTCGGCGGGCCTAGAACTTTCC,560,52.68,Mus musculus
SEQ_557390,CGGAATCACTAAAACATAAGGGCTTCGGGACATGTCGTTTCTCCTTCGAAACAACCAAACAATGGCGAGATCTTGCAATGAGTAAGGACCATGTGCCAGGGGAAATAGCGCCGCCAGCGACCTGACACTACTGGGTCGGCACGTGTTCTACGAGGGCTGCATCGCAGTCATGGTTCAAGGGTTTGTCAATGCCTTGGTGAGTCCCTGGGCGGGGGACGTCCCGGATTTTCAACAGATCCTCTGGCCCTGATTTTACCTCCGTTGAGAGCCATGCTGTTTCCAAATTGAGTCAAAACCGACTAGACAATAAGGCGAAATTCGACTCTGAACAGCGTCATAGAGACTGAAAGGTATGGGCTGTTAGCCCACCGGGAGTTCCCTTGACTCATTATCAAGGTCCAGGAGATATATGAGTACTCTAGTGCGATTT,430,50.47,Drosophila melanogaster
SEQ_966517,CGCAGCATCAGTGAAATGCAAAAGGTCCTGCGCGTGGCAGAGTGAAGCTCACTCATCCATCTCCACGCACAATCTGGGCGGGAGGCGAACGGAAAAATAGGTCTCTGTTGTGAGCTGCTGTTCCGGTTAGCCTACTTATAAGTACGCAAGTAGAAGAGTATACACTGAACGTCGAGTACATCGATCTCCCCGTAGGAGGATCACCAGCTTATAAGCTCAGGAAGAACCAGTCTCTACACCCGGCGCTGCGGTATTGTGGACACGGTTAGTGCTATATTATCGTTACTTCCTATGCACATAACGAGGGAGGAAATCACTTGATGGCCAAACGTTCCAGCCTACCTATTAGTCTTAGCCCTCACGTCTGAGACCGGCCATGACACTCCCCGGACAATACCAGGTTACACTACGGACCCAGACCACCACAGTACGCGTGTTCTTTCTCTGTCTATTGTACAAAACAGAACGACCACTAAACGTATATAGACAATAGACGTTTGACTGCTCGGCGACTAAGCGATTTCTCGCGCGGCCGGCGGGTCGGCTTCTCATTTTCGAAGAGCATGTGTTCCTATCCGGCCCGCAAAACCAAGAGGGCGGATTTCCCGCTTCCCGCTGTGTAAGAAGATTAGCGTTGACCTCACCTGACCTTATTATCGCGGCAGAGTGAAAAATCTAGGAAGTTCGGTCCATATTAAGCAGAGAAAAAACCCCGTAGCGGACTCTAAGCCCGTGCATCACCCTAAATCTGAGCATACCGCGCGTGATCTAACAAAGAAACCGCACGATGCTAGACAGGGCGTCCCGTAGGAAGAATTGAGACAAAATATGGAAACGGAGTGGGCGCGGCGAACGTGGACGTGCATTTGACCGCCGACTTACTTGCATACTGAGCAGTATGAGCCAGCCAATCATGAAAGTAGGCGCGGAGTATTGGCTCGTATCATAACGCCCGATATATCCATTCCTCCGAGCATAGAATGGATTAGTGGTTGTTCCATATACCTAGCTTGAGTGAGTCGATAGTCGTAGCCAACTTATCTTAACCTTATTCTTACAATGGAGCAGGTCCGTTACTCGATCCGGACGTTGGTCTATCCGGACTACCGTAGGTACACTAACGCAACTCCCATTATCAGTGTCGCACACCTAAAGCACCTCTCAAACGCGTGTCGTCAGGGCACTATGCCTGACGGATTAGTATACCGCAGTAATCCCGGGACTGAACATGGTATGCTACAGGATATCCTTGAGATCTCTTTCTCATGTACTTTGGGCTGGTAGGATTCATGTACCGGATCCCATGCGGCTTTGCAGCACTTCGCCTACCACACCTCCGGCGGTATTGAACGCGATGGCATATACCAGCCCTCCTTTTGAGTGGTTTACTTCTGGAGGTTAATGGAACAAAGATACCCTTCTCC,1424,50.14,Homo sapiens
SEQ_659123,CCCAGGTCGGGCGCAAACTGTCATTTTCGAGTCTGTCTGCCAAATCAATCGTGGTTTGTTCTGTCTCCTACGGCAACGTAAAGATCCGACTAAATCCACGGGCCCAACTTTGCAACAGCATCAAGATGTGGAAGTTGGTCGACGTTAACGAGATCTAGTCTCAAAATTGGGACATTGGAACTGTATGAAGTTAAAGGCGGCGTCTGTTCGGCCTCTCGTATGGTATGGTTGCCGCACCGCCTAGAGTGTACGTATACGTTAATGGCTGGAAATCCGAGCGGATTGCGTCGAGACTGGAACCAGCGGTTGTGCGGTTGGCTAGGATCTGGAGCGGGGTCTGATCGCACTCTCATACAGACTTGCTGAGTAATAAGCGACATAACTTCGCAGATTGCTGATTTCGTCCATCTGTCACTCTATTAGCTATTCACTGCCGATGCAGGACTCGCTAGACCAACCGCCCAGTTGTGTCGGGATATCCAACCATTATGGCTTCGGTTAGACGTTTTCATTAGAAAGGGACGGATGCCCGGAGACGTCGGGTTCCTTTCGCGCTTACCTCTGGCCAGCGTCAGTAGGACGGGTAACAGTCTAGGTGTTGACCTGCGGAGCTGGGTTTGCGCAAGGTTGTGCATTCTCTAAGCCACTACACCGCACTCCCAAGCCGCTAATGAGAGGCGGATGTTGCCCAGCTCTCTCAACCCCGCGACCGATAACAACCCTCGAAGACAACTGGCAATGGCCTGAACAGTCCTGCGGTCAGGGGTGGACACGTACTAGCACGGCCGCGCCAGTGGCTTCAAAAATCGTGTGCAACGCAGGGGGCGCAGGCTGGGCTGTGTCTTTAACTCAACAGTTGACTCGCGGGACCTCTCGATCCGATATACAGACAGTCTGAGAGCCACTTTAAGGCTGTTTATGCGGTTCTTTGGGGAATCCAGCACTTTGCATGTCCGGTAGGGAACTTGGAAAGGGCTCCTGACGCGTAGCGACCCATGGCACCAGACAAGAGTGAGCACGGTGTGGACCTGCACCGGCTCTGCACGAACGGTATTACGAACCCCCTGGTAATTGCCCATGGACTAGAGTGAGCACATTCGGTCTCTTACAGTT,1113,53.64,Arabidopsis thaliana
SEQ_277895,GATTGCCTAATGCTCGAGAGATGATCTTCCCTTGCGAGTGATACAGCGTTAACGGTGGGCTGAAGTCCCCACCAGTATTCGACACCACATTTTGACGTCAGTGAACGGAAAAATTTGGGCTTGGACTGACGAAGGGAATCAACCTTTTTTGCGGGACCTTGTGCGGTAGCAGCCGACCCTGAGGCGTAAAGAAGTGTTCAGGCGACGACGAGAACGTACCACGCTACCGTCGTTGTTGATAGCCTAATACACGGGCCATCTGTAGTTGCCTATTTGGTCAACTCACACGTATTTTAAACAGGCTTCTTAGTTACACACATGACGATCCCCGGTCAAAAGATTGAACATTGATAGTGCACCCAACTACTCGCGTTGCTCCGCGCCCCCTGTCCAATCCTTAATCGAAGCTACATGGCCTCTAAGGACATAAGTTTATTGTTTTCATCCCTAGGCGCGACCTCTGTATATAAGTTGTGATCCTTGGTTCGGTGTTGAGCCTGTAATCGATTCTGAAAGCATCCTAGCCGTTCGGCATTTACACATTCAAACATGGGTGGTGATTTAAGGGCAAAGAACTCTTCCATACGTTTGGACTTGGCCAGTACCGCCATTTTTCCCCCTTAGTCGCCCCCTCTAAACGGAGGGCTTATTATTCCGCCATCAGCTACGGAGGGGT,676,48.96,Escherichia coli
SEQ_848280,TATTGGGGAAACCTTAGTTGGTGGGCATCGGCCATACTGCCGACTTTGACAAGTCCTCTCTGGAGCCCTTTTCGAGGCTTAATGGGTAGCGTCCCGGCAAGGGAAGAAGCAACGCACAGCAATCCCGGACATAAGCACACCGCCATGCGCACTGCTACGTTGACAAACCGGCCAACCATCTCATCGAAAAGCACGTGTCCTCTTGGCCTAGTGACATCTTCGTCTCCGCCGTGCTCATTCCAGGCTAGTGCCATTCCTTGCAGCATAGAGCTCAAAACCATCTCTCTGCGAGTGACGGTAATGATGCATCGCAATAACGCTTGGTTGCAGTAACGCCTAATACCTGCTAGTTGTCACACTACTATGATTGCGACCTGACGAACCGAGTGAAAGAATCCAACAAGAATCCCGGATTGAGTTCAATGCCGCTGAATTATAGCGCGCAACTTTTGACACGTTGACGCCACAGAAGCAGCCTGGGAGTTGTTCTAGAGACACCCGATCAGTCGACGCACGTGAGCTTAGTAACGGCGCACTGCCACACTGACGCAATCATGTCCGCACCGATGTACCACGAATAGTGAATCGAATAAGTGCCTTCTTCTAGTGATAGATCCCCTGCTACACTGCCCCTTTATAACCCGACGATTGCATGTCACTGTTACAAATCTTGGATGCTCGCGGAAGAAAGAATACCAGCCACGTGGCTCACTGTCGCAATGCCATGAAGACGGGCTTCACACCATCTATAAGGCAGAATTTTTACTTGCCAAGTGTCGGGGC,783,51.21,Drosophila melanogaster
SEQ_169085,CTGGTATGATACCTCTGTGGGTCCAATAGCACAAGTACGGCCTAACGTCGTTCCGGAAATGCACTCATGGGAGTAGATTGAATAGGCCAGACTTTTGCATAAATCGGTCGCGCGGCTCCTCGAGTGCACGTACTCGACCTTGCGCTGTCGCGGCAGCAGGAAAGGAGACACGGCAACTAATAGCGCGGACGCTGCGGGACGCGCGTGTCTGTTTACCTCGGGGGGCCTACTCAGATTAAACGGCTGAATGGTCGGGCATTCTAGGGCAGCATGAGTATGCATTCGGGTCTCCAAAGCAGCGAAACACCGGTATATTGTTGTCTCGTGAGACCCCCGGCGATGCGGCCGCTAAACCCCTTTATTTAACGGCACACAAATGGCCAAAGATAGAGTTTAATTATGGGGGCATCGTGCCGTGTTTCATATGAGCTCTATTCCAACACGCCAATTACTCACAAAGAGAGGTCAAGGCTGACGGTGTTGGTCCATGTCGACCTCGTTCGACGGATGACATCGGATCATCGCCAATATCCAGGCCACGCGCAAAAAGCGCATGGGTGACAACATGGTTGGACGAGTAACTGTCTCTAGACTTCAGGCAACCGACCGTATTCTTCGGAGGTTCGAGCCCATGTGACATGGAGGCCAAGTACCGACAACAAATTAGACAACCCTAACGCATGGGGGCCAGCGGTAGTTTGCGCCCTACCGCGTCAATGGCCCACACCCGAAAAGTCGGTCTCCCCTTGCAATCTTATGCCTCAGGCGCGTACGTTCGACGACAGTAGACATACTTGCTTACTGTCCAGCTTCACACTTGCGCAGCGCTGTGAATACGAACGTAGGTATCAGGCGTCCGCCTTTAGAGCGCCTGTGGGAAAGCTCCAACACTCGATACCAGATTGGTACCTTCCCGCAGCAAGCTTCAACAAATGAGGCCACAAACTTAGCCTCTAGTACTTTATTTCCTCCCCCAGCACTATCAGTGGCAGGCAACTCTCGAAAGTTCGACTAAGCATCACAGGGCAGGAGGAAGAGAGTATAGGCATGTGTGACTTTCATTCACTAGGTCGATCTTTCGTACGGTGAAGGGCAGAAGTTAAAAGTTGCAGGGACAGTTTACGGCAGGGGTGCTTAAGCGAACAGGGTCGGGGACGGCAGTTTCGCCGGCACGCCCTGACGAGTACGATCCCCCGAGAAGTCTGTAAGAAGGAGAACTAACAGATGACAAATCGGCGCAACCGTTCCGAGCGGCTTAGATGCCCCGGTTACTGTACTTGACAAGGACACTTACAGTACCCGGCAATGTGTTAGTTTACAACGAGAACTGATCGGGGCTTCGCTCCACGAACAGAACTTCTTCATATCGAACGCTACTTAGGGTGCACATATTCACATCTAATTCAGCAGATAGAAACGGCCTCATTCACCACAGGAAGTAGGTACTTTTAGCAAACAATAGTGAGTAGTACGCTCTTACGATCGCAGGACCCTCGCACGACGCAGGCCTCGCTTTTCAATAACGCATTGGCATACGAGGGCTACCTTAACAAGGCACGTGTTTTATACACCAGCCGAGGGCCAACCGTA,1590,52.33,Mus musculus
SEQ_200409,CTTGAAGCTGTGTTAGACATTCTATGGAATATCGGGTTTACGACGCCAGCTTTGAAAACGTTTAGCACAGCCCGACTCTAGAAAGCTCTACGTACCGGCCGATCGATACTGTCGAGACATCCGGGAGCTATATCTACCCTTACCCCCGACGTACCGCTTAACTTAACCGTACACTGATACACGGAGAGCGGACGCACTGGCATTAGATAGAGGCGACTGCCCTTGAACCTGTGGTGTTAGTGAAACCTTCCTGCCCTGTACACTCGACGGCTCGCTGGTGATCTGAGGTTCGATAACGCCCCCTTGAAGAGTCAGCCATGACAGGGGCCAGGTACGAGGTGGGAACCGCTGGCCAGACGGATGCTCTAACGTATGATATGGCTGGAACGACGGTTGAAGTGAGGTTGTTGGGACGCCAGATAGGGATCATCAGCGCCGGATACTAGGCGCGCGAGCGAATGTTATATCCTCTGCGACACAAGAGACAGACCGGCGAAGTCACAAAATTATCGCGATACTCATCACTCTTTTATGGCGAGATCTATGCGTAGGCGGATTCGAAGAAGGACCAACATTTCCCTAATCTTATTGCGTTCCTAATAGGCAATATGCCACTTGTATACTAGACCTGAGACTATAGTACAACCGGAGCGTCGTAACGACGCAATAGGACGACCATCCAGTCATGCAACACTTTGGCCCATCTGGCGCCGGATTACGTAGTTTGTACACCGACGGACGTGTGTTCTGCATACAGCTATTTGGCACCGGAGAGTTGGCGAATGCGAGCTCTAACACTTGGGCAGCGAGTTGATTTCGCCGCTTGCTCTTTAACACACAACAAAGAGAGAAGCCCACATCACTATTATTCGTGCCGCGCTCCATGAAGTCGTCATCACTATTTCAAGAATGAGATCGGACTCCCCCGCTTGGGACACCCTGGGCAGTCCAGTGTAAGGGGTTGCTTCTGGCAGTGATGCGGCGCTTTGATATGAACGTGGGTTTTTCCTTTTTAAAGTCGTTGCGGGCAGTTCCGACAACGTCCTTTGTCATACTACAGTACACATGAGACGCCTCGCTTCGAGAGGGTCTCTATGCAATACTACAATTCCTTCTGCCTGAACCAGGGCATCTAGCCACTTGTTACGGTCGTCTCGTGACAGCCGGAGTTCGCCCTCCAGCTACGGCCTGATATGTCTGGCGAGCACTGACGGTCCCGTACAGGTCAGGGCGCCGTTGTGTTACCGCGCGTTTCCACCCAACGCGAAACCTGCCCCAGGTTGATGAATGACCGAAACTTACGATAACGTTCGAGTAGAGCCTCTCACATTGCCCTACAGGTTTGTACACAGCCTTACCAGTGTTAAATATCACCCAGGTAGTACGCGGCGACCGATTCGCATCCCCCGCTTACAAGGCTCACACTTATGTGTTCCTAACGGCACTCGTGATCCCTAGACAAGATATCTTAAATCGTCATCTAGCACGTACAAGAGGCATAACTTAACCGCAGGCTAGATGATTCATTTTGATGGGCCAGAGAGGTGATTTAACGTATTCCGCTAACTAGTAGTTTATTTGCAAGATTTGCGTAAATGCAATATAGGCGCGATCTGGCTAATTAACTTAGGCATGATGGTGTTGCTGGCACTGTATCGCTGGCGCGTCTCGCATATGCAGGCCAGCGCGACATCTGATTGGGTATATTCCTTTGAATGTTTCTGTCGATGACGGCTTGCGAATTCTGACGTGAAGTCTCATGGCTCGCGGTTACCTTCCCCAGCTATCTGTGTGTACTAGTAGCTGACATCGAGGCCCGAGCTTTCTGTGAGCTAAACCTTGCCTGAATTTTAAGACCATCAAGACATTTAGTGGATGAAATGCGATGAAGGAGTTATCAATGCTCTACTACTAAGTTCCAAGTAGTATCGTACTAACGTGGGTGCGCTCGTGTGATGTTATGAATGAAGG,1971,50.28,Mus musculus
SEQ_498106,GTCACCATACTTAATCCCTCCTGAGAACCGTGTAGTAAATCCATGAGCGCTCGCAGTCCGGAGGTGAACCTACAATGCAAGTCTTGACATCTGAAACTGGAGTTATCATAATGCACTAGCGCAGAAGGTCGCTTGGATTGTACTACGGACACCCTATAACAGCCGCGCAATGGATTCTCCTAACGTGATCTGCTCTGGAAACGATTATTCCTCTGACGCCAGCAAAATAAGTTCGGCATAACAATAAGGTACTCGGCTCGTAGGAGGCCGCAAATAAGTGAAAATGCTGCTTTCAGGAAGCACGAATACCACTTCGACGGCCACCATCCGGTCTGGGTGCGGATATTTACGGGATCTATCTTACCAGGGTAAAACTTTCACCCATGTAGTTGCGGGCAGATCATTGTGAAGAAACCGGTTCCACTTACAGATCAACGCCCCAGGTCGCAAGGGGTCCTCGGAAATGTCTAGGCTTCGTGGCGGTAGAGTTTGGGACCGGTCAGGTGTCGCGCAGGCAAGAGCCGAATACAACAATTATTCTGCGGTACGACGCCAGAGCGGAGTACAGCTTTCATAGAGGATTGGAGACAGGGCACCCGTTTTTTATGTATTTCCGAATACTGTTGAGAAAAGGGCTCCCCTATGATATCGCTGCCTCGGAGAAAGGGTAGTCGCGCCCGTGGTTCGGGGTTTAGCACTCCGGTCTCCGTCCGACGTAATTGTGTTGGTAGCCTTTTTCATTATAGTCTGCCCCTTTCGAAGCACTACTTATATCCCCAGTCAAGAGTAGTGATCGGCCTAAGGATAGGATGAGAAAGTATTCCTCTCCGGACGATCTACCGATACCAGGAAAACTAATCCCAAGCCTGGAATAGTCCGCGGATAGAAAAGTGTTTGATGCTTGAAGACTACCCCGTTCCAACAATATTGGCTCCACTTTCAGACAGTCCTTTACCCAAGTAAAACGTAGCCATCCTCGGCGCTATCGGATGCGGACAGGAGCGGGTGCTGATTCTTTTATTCTAACGAGGTAGAGCGTTGATCGTCCCCATACACCTGGAGGGCCATTAGCTGGTCGACAGGATCGCCCACGCCCCGTTCTTACTAGACTCCATCGAGTATGACGTAGGTTGCTCGTCCTAGAAGCCCAATTAATGATCAGTGGACTTAATCACTATTGCCCCATTAATACGCCTCTGATAGACGTTCGCGCTATCCCTCAGCTGGTAGATCGCGCGTTTGTATCCTAAGAGAAGGGGCCTCTACGTGTCGAAGCACCCGTCATCGGTGATGCAATTGATGTTGAGCTACAGACGTGGAATGCGGCGGCTCCCATATACCAGCCACGATAAGCACTACGCCTACTTGAGGGTTCTAAGTATAAGGCGAAGAAGCAACAAGTACATGGAGCTTGCTCGTCGACCATAAGTCGCGGTCGGGACATTTATCATTAAACTCGGAGCTATCGTCCATATCGAGTTCATGGCAAATTGGGTGGCCTCCGGGCGCGCCTAGCATCATGCAGTACAAGCCTCACGAGCCCACCTAAACCGCAGGTGTAATAAATCTCGACGCGGCCTCTATCTCACCCACTGAAGCTGGTGCTAGCTAACAGGAGGCTCGAGTGAAAGTAGTGGTATCGGCGTCCGCTTGGCCGTCTTCTGATTGGCTGAGCAAAGAAGTGATATCAAGGACAGATCCCTCGTATGTACACTCGTTCAAAATCGGCAGAACTCTAAAATAAAGTCTGATACACTGCGACGATGGCGTAGCTGTGACAGATTGATCGGACGATTCTTTCATCCTGATCGTCCTAATTTCCACCTCGGAACATTTGCATGCTTCGATAGGAGTGGAAACATGTCTTCACTGGCTACCTTGGCGTAGGCTCGTCAAGCAGTGACTGAAATACGCGTCTGAAAAATAATAA,1930,49.95,Caenorhabditis elegans
SEQ_761461,GTTCTGGGTCCTGGACCTCGTCAGACACTTCTGTAATGTGAAATGTTGAAGCTTCCCGGGTGTAGCGTGACAAGACAGTTCGTACAGACTCCTTGTAACATGTTATTTGCTAACCCTCACGCCCAAGGCCTCAGTCATTACCCCCCCCCAAAAGGGGCGCAGGGCCCCGAGTCAAGAAGGGACTCAACAGTCACAGCGTCCAATCGCGCTGGCGTAGTCTCAACTGCAAACCAAAGGCAATGAGCAATTCTGGTGTTTGGGCAGCACGTTATCAGCTCTGCTTCAGTGGACAATCGATGATATCGTTTCGCAAGGCTGTCCTCCTCTGCCTGCGACTCAGTGTCAATCATTATAGTCGCGTTGCTCATGTGAATGCGTGAAATCTGTGGATCCATAACCTACAAAACAATGGACGTTACGCTGTGCCCGGCACGTTGTTCCTGACTACTATTAGCTGAATGCCTCTTACAAACCCCTTAACGTGGTCACGCGATAGCATTTCTTTTCTGGTGGGTGATAGCTTTGTATTCCAGTGAGGTGCCCCGCACCTACCGATACGAACCCTCATCCGATCGGTTATTTGACGTCCGATAGAAGTGGGCTAATAAACAGCTCCGTTCTCAAGTCCATCAATTCACACTGGGTGCATGCAGGCGCCTAGTGCCCTGGCAGTTTTTTTCTAAGTGGGAGTATGGTTGATGGATCCCGATTCTGTCTCTTCGCGGATTTCCGGAAAGTCAGCTCTATGGAAAGCACGCGGCCCGGAAGGATCTGCACGTAGACCACCCGGTGGAGCGAATTGATAAGGCTAGATTGAGCTCGAACACCCCATGTTCTGGAGGAGATCATATTCGCGGGCCCTATGTAACCACCTTCACCCTGGCTCTGGACCTCAATAAAACTGTACGCCGAAAACGGAAACGTATGGTTATTCGAGCACAGCATACTCAAGAGCTCAAAGCGCCACGGTGCATTTCTCGTATTCGTTTGAGGCTCAGCGACGAATCAGGCTGGGAACACACGGCTGAATGGGCAGCGTCATTCTCAAACTATTCCCCATCGCCCCGGGAAGAATGCTTTAGCACAAGTAGAAGGATCGCGTATCAGTCAAACGGCCATTGCCTTTCGATCCGGCAGATAAGGCGCGATTAGTCGCCAATCCGAAGTCCGAACGGGCACTTCAGCCGGTCTGGCAACGACAATTCCGGCAACGAGTACCGAACGCCCGTCCCGGTATACAGCGGGCACTAGCGGTCCGAGATACGCAAGTCAGCAAACATGAATCGGGACAACGTTAGGAAGTTAGTAAGAACCTTCAACTGTATCCCCATCCAAACTCAACCTTGCACTGAATTGGATAGATGAGACGCGTGAGTGGAAAGCCCTACGCTAGTGATTATAGAAGTTCATTCGATAAGTGATAGGGACGTATCAAGTACGCCTACGCGCGTGGTGGAGTGTGAC,1464,51.43,Caenorhabditis elegans
SEQ_446156,GCGAAAATATATTTGTGTCACGAGCTTGTATTCCATGGTCTGTCTCTGGACCCGATTAAACAACTGGGTTTGAGGGAGACAATCGGACATTGATGGCCGGCCGGCGAGTTATTAAAAGGCTCACCAAACGCTACAGACTTACGAAGACCGGTGGGCGAAGCAGATCGCAGGAACCTCTGGGGCGCTTGTCCGTAAAATAGACGGACTGGGGCGCGGAATACGGGCTGGTACTGAAACTGATTACTTTCGGACCCACCAGCCAAACATATCGTCATGTGTGGACGCTTGTGGTTAGACGCATATTCTAGCTCATACCTAAGCGTGGAAACAGTTTGCTATTCACTTTAGTTCAGCTCTAAGCCGACCCGACCCCTCCGACGGTTCGGATTGGCCAGTAAAATATCTCGGTAAGAAACATGGGCTTGGAATAACCCAATGATATAATTTTGTTTGGCTAACAGAGCGGTTCTCACCCTAATCACGCTCGTAGCGTATCAAGGGTCGACTCCAAAATTCGCAAAACCGATTTTTCGCCGGAAGGGGGTGATGTCCTAGCACACGGGATCTGCGCGGAGTATAAGGACGCGTGTGTTAAGCTTAGGAACTCACACCATCGGGATGACAGGTACGCTTCTAGTCTATGAGGCGCGTGTACTCTGGCGTTTTTACGGACCATGCTAGTTAAAACACGCCTGCCGGCAGAACTAATAGCTGGCCGATCCTGCCGTATAAGGTCTCTGCCTAGGCCTGACCAGACTACGTGTGAGCAGGAGTTGACGCTGAACCAAGCAACAACCATACCTTAAGAAGACTAACCTCTGGTGGGTCAGCCTTGTTAAAAGACGGAGGGTTTAACCTGAGCCTTGAGCAGAATGGAATAGTTGACATAATCGCCCATACACCGAATAAAGATACCTCGTCACTTCTCAACGCAGGATGTGAGACGTCCATGCCCTCCAATGAGGTTACTTATAGCCGTAGAAGGCATCTTTGGCCATACAGAGACGTCTGGTCGATACATATTGTTACAATGGGTTAGGGCGTTTCGCGACCTTTGTAGGGATTGGATTCCAATCCAAGAAAAAAGACGACCCGCTCGGTCGGTCTTACTGACGTTCCGGCCTGCGGTTAGTGATCAGCTCGGTTATGAACTTCTTTTGAAAATAACTTATCGAACAGCGTAATCAAACCGGACGACGCCGAATGTGTCTGACTGATGGATACGGGTGCTAGCCTCCTGGAACGTAGTGTCTGAAGATCTAGATGCCTAGAGATTCGAAAATCAATGCGGTAGAGGGTCTTTAAGTGGCCCCTGGACTCGTTTTTCGGTGATGCCAATGTGCGGAAGATTCTTACAAGAATAGGTAGTGCATAGTCTTTATCTAAATCAGTTCTAAAGACCTGTGTCTGACCCGAGGCGGAGTTTCGCTTACTTCCCTAATAGTCCAGTTTGATCGAGCTGTGAATCAAGGCTGTACAATAGCGTATACCTTCCGTTTAAGCCACCGTCTCGGTCTTAGTCACTTAACAGGCGCGTAGCACTAAACTAAGGCTCCGTGAGATCACACGCACAGCAACTGTGCGGCGAGAGTGGCTTCGGGCGTGCGAAGTGTTGATGACACATGTCGAAAACCAGTTTTAGAGATAATAAAGGCAGAGTGGAAAGCCTGATTAAATTTATTATAACAGACTCAGCCTTTGCTGCTATGTAAGCGAGTCACGAGCTCGTAGCCGGTAACTATACAAACCTATTCAGTATATAGTTCACTCGACCCACCGTGGGGTATTAGGAACGCTCCTGGGACAACTATGAAAAGAGTGCAGCATTCAGGATGGAGAAGCGCGTGGGATTCCCATTCCTCGTCGCGACCGAACTATTGAACCCCAAGAACTTGATCCTCACCGAGCGTGCCGTCCTGCTATCATAAATGT,1932,48.76,Escherichia coli
SEQ_340988,GGCCTAGACATACACCGAGAAGGGTAAGGGATTATGGAGGATCTCCGGTCAATATCCGATGCGCATCAAGATTGTCCCCGGTCTCAGTCTCACTATCGTTCGCAATCGTGCGCCTTCGACGAGGGTGGTCGTCAACCACCAATTGGATCGGAGCGGGGGAACTTTTGAAGTAATGGGACCATTAGACGCGGGGCGATACACCATACTCGCTAACCTTGTGATATTGTTTTTCCGTTACACGTGGCGGACTGGCGGGCTTAGCAACCGCGCCCCGGAGACCTACTTTTTCAAAGATCTCGCGACCCACAGGTCCGTTACATGAGATACAATTCCGACCGGCCGCTCTTGTGGTATCCAAAAGCCATAGCATTCTGCCCACCGTGGCATGTGCGGGACATCACGGAAGGCTAACCAAGGAGCAGACGGATCAAGCCTCAGAGGACACGCAAACTGGTGACCCATAGTTAGTCGTCGCTGATCGTCTCTAGATTAGCCCGTTGCTCCGATTCGGACTAGAGAGCGAGGGACTCTTGAAGCATATGCCATCTCGGCTTAGCGAATGCGAATTTCTAACGCTCACCAAACACCACCGTCAGCGGGTGGCCCTGTCTGACTTGGGTGCCTTCAAGACATGCGTTGCAACGTCACTCCAGCCGGCACTCATGAGGTATTGAAAGTGTCGATGCAATCTCGGATTACTTAACAGCTTAAAGTCTCAGTATACGACCGTTTCTGCGAACTTAGTCGCCGGGTCTGTACCGCGCTCATTAGCATAGCTAGTCCGTACTGTACCGATTTTTAACAGTCGTTGCATTTCAATAAACGGGATATCTACGCACGCCCTAGTGAAATCAATCGATCTTTCGATATCTTAAAGAAATTTGCATGTTAATTGATGCTTGGGGCGACCTTCCCGATTGATAATCCTAAAGTACAACAGTCGTAGACTAGCAATACTTCATCGGAGATGGCTGCTTTCTATTGCGAGTTGAAATCTAGCTCTATACGAATGATGTTTTGCGGTACATCGCGCCACCGGGCGATCTAAAAGGAGGTTGTCAACCCGTGTCATGGGCTATAGTGACGTCTATGAGTATACGCGCTCTGATGGCTCCGGGTCTCGGCCGTGGCGGAACAGGGAAGCATTTCTCTGTCACCGACCAAGGGGGACGAGGAGCCACAACGACGTCCAACCTCCGACTAGGCAGAAAATTTAAACGCCCACCATCGCGTGCACCTGCATACTACCTCCGTCCGGACCGCTCTGCAGCCCCATCCTCGGGTAATGTCTGATTCCCAATAATTTGAGAAGCCTTCCCGTTGGAACCTGAGATGAAAGAGTTGATCCACAAGAAGCACTCGGTTGGTGTCACTCAGATGGCGCTCCAGACACTACCATGGGCTTGAGGCCTGGCCAGAAATGGGACCTGGCAGTCTTGAGGTCCACGCGGCCCGGCCGGAGTATCGTGCGCTCGGAGGTATGCTCCTTGACTGGACGAACTTGAACATGTTCTCTCAGACAAGCCACCACGATGCGTGTCCATTAGCCGCTTAAAATAGGCCGCATCTG,1570,52.29,Saccharomyces cerevisiae
SEQ_623997,TTACTACAGGCCATGTTCCACCGCACGTGAGCCGTCTGTGTCGTAAGACCGTCCTAAACAGTTTTGTAATCGAATACAAAGCCTCAGATAATCACCTGTTAGGCTAACTTGAACTTATCAAACTTACTCACTCAGCTTTCTCTCATTCCGCGGGAGAGGGGCGTAGCCAAATCTCTGACCTAAGGCTGAGCGGTACACTATACGAGGATGCCGCAGATGAATGGCTAGACCTGTTATCTATAAAGCGCCTCCATAGCCAAGAGGCCTGATAAGCTAACTCGACGGTAGTCCGTGCGCTTCCGGACAGGCATTACAACCGCCCTTAGTTCCGATGCCGTGTCAGGCATAGCGTTGGACCCGGACACTATAGAGTAAATGATGCGGTAATAGCCGGTTTTGCTACAATTCTGAGACTCTCGAGGTTCGGTTGTATTGGAACTCGCTTGCACGGACTAAGGTGGGTAGTATTGTGGTACATGTCTCTTTCTCCGTACCGAGAGCTTTAGGTTAGTGAACACTTATAACGCGCTTAAGGTCCTGAAGTTGTGTGTTCTGGACCATGGAAAGCTTAGTTTCTCAAAAAACCTGTAGTCAGGCTCTGGGTCGGCAGCGCTACCTGTGAAAGACGTTAATAGATCAGTTTCCGGTTGAGCAACAAGAAACTAATTGGGATGTCACGTGACCATAAACTGCACGTTTCGAATTGACTATAGCGTTCGCAAGCATCTTTCTGGTCCCCTTTTCCGTGAAGTATGGATTGCTATATGAACTAGGCTATCAATCTACATGTGACTCCAGTCGTCCCCAGGCCCCCGAGGTTTGGACTCTGACCAACGAAATTTACGTTGATTCGTCGGGGACGTCTGTCCATGGCGGGCGTCGGGAGGAGGGGGCTTATAAGTACACTCGAATGAAGATTTCGGTTAACGGCAAGCTGCGAATTCGTAGTACCGAGTACCTGCGATGTGTGCAAGACCAGTCCTTCACACTGCCGTGCTGGCACAATCTGCGCTCGGTAACTTCTAAGGATGCTCAGACCTGGAGTAGGTTCATGACACGTTAGGCCACAGTAGGCCGATCAGCATTATTCCACAAGAACTACAAGTTGTTAGCAATCGGTCATCGCGTACTAAAAAACTTAGTCCTCACCTTTTTCGCTCCTAGGCTGGCGGCCGCTGAGACAATAAAGGATGTCTCGGGATAGTCGAATAACCCAAGATCCACAGGTGTGAGGTCCACAAGTAACACATCGTCTGGGCAATAAGATGCTTTTGGATAGTTAATGACGAGGTCTTCAATAGTATGAAACTGCCTATCGCCTGCAGATGGTGGAACGTTAGTGAACTTTAGACCCTCTATTGCTTGAACGGTCCGGGTACAACTTAAGGGGGCTTATTACACTATTCATAAGTCCGTCGAATGTCCCCTGTCACGGCAAGCACAAGCGTGTTGAGAACTCGTCGTTGTATACTATATTGGTCGGAATGCCTATATGTGGAACTCAGGGTAGGAAGAATCCCGGGAATACGTGCATCTTCACTTATGCTAAGCAGGGGTTCCCGCGCGTTAAGAAACCCCTTTTACGGTCGGTTGCCTTTTTAATGCCTTGCCCTTCTTGTTATCAACAAAGTTAACAGAACTAAGACCCTCCGGGCCTTGTGGCCCGTCATGGCCGACGAGTCAACCTTTTTAGGAGCCAGGACACTGGTGATTTGGGCGAGTCGACACGATAGATAAGGCTTTCCTGTAGTAATTTACGCAGCCAGC,1767,48.67,Homo sapiens
SEQ_921076,GAGGCCCCACAGAGAGGAACATTCGCGTGTCGAAGAGAAACTCCGCAGACGGTGAAGGTTAGGACTCGTCACAACATCTGAACTCCCAAACGGTAGAACACAGGTAGGCGTTACCTAAAATAACAGAGGTGCATGGTCCAGTGTCCGCGTATTAATTCTTCCTCGGCTGGTTACTACTACGATCAGTCGAGGTAGCGGGCATGCTGATCGTAGATGAGAGAAGAGATCCGGTCTACCTAGTTAATGCAATCCTGTGTATAAAATTACCTTTGCTTTTGGTTTTTACCACCCTCCGCCCACACGGGACTCCAAACAGTACTTGTTACCCAATTGCACCGCAGGGAAATATATAAGCTTTGTCACACCCCGGGGTGCATATAACCGTCTTGAATTCCTTAACCAAGGGATCTCCGGGGTTGAACTGCTTGGGTTGTCTATGAT,441,48.53,Arabidopsis thaliana
SEQ_889979,TTCTGATCCCCTAGAAACGTCGCCGTGGGGTATTACATATCGTCGAGGAGAAGGAAAATCGCCTTCCCGAGACATCGACAGCCTGGCCCCCAGCATAGGTACGAAGTGAGATCCATCGTAACTCGGCAATCTGAGGCATCCACTACATGTTTCAATCTTAGATCTCTATATACGAATGACGCCCATAGAGTCGCGCAGAACAGGTCAATTGCCAGTATTAATGTAGGCATGTGGAGGAACTCGCACGAATCTATCGCTAGAACGAAACCTGCTTTATCGTCGGTTACTCTACATCGAGTACCCGCAAGTCGGGCAGTCACGTCCTGACCCATATTGAGACTATTTTAATCGTGCAGCAGGTGCGCGCTTACACATTCTCAGTTTACCTCGATGGGAAGGGTGCGCGTGCTTGGGCTGGGGATCCCCAGGCTTTGCAATAGCACCGGAGGGTGGTGGATCTAGACCTTTTTCGCGAGGCGCGTGACGGAAGATGCGACGGCGACAACAGGCAAGCGAGCCCGTTGAATAAGCAATGCACTCAGTCGCTGAGTTTCATACTGGCATGTTTACCTCAGTAACAATACCTGAATCGCGTGGTAGTAAGAGACGCGTGGTTTTTTCTGCGGTAGTAAGAATATTGCAGTAAAATAGTATCACAATTAAGAAGAAACGGTTCACGTGACAACGCAAAGGGGTCACGCTCTATGCGGAGACTGGCGCCGATCGAACTGTGGGAAGAGGCTCAGGGAGTGGGGAGCCCGTCACCTGGCGATA,774,51.29,Saccharomyces cerevisiae
SEQ_505407,ATCTCCCCTGACCACGACACCGGCGTCTTACCCAACGTGTGGACCCTGGATCACGGCTCACGCAGAGTTCAAGTAACGCCTCGTAAAATGCCTCAGTAACGATCTAACATGGTAGGGTTCTGTCTTCAATAGTGAGGTCCTCGGTTGAGCCCGGCTTTACCCGTTGCCTTGAGCAAAAGTCAATAACGTGAGGCTAGTGGCGACGGTGTGCTTAGAAAGTAATTTGCCTCACTGCCTCCGGCAAAGTAGGGCTCAGGACGAGCATCCTCGGGGGAGTTACCACTGCGAGACCGGCATCCTTAAACACTGATTTTCATTGGATCCTGGATACAGGAGCGAGTAACAGTTCTTAATTCAGCCGGTGTCTTCTGGCACAACTCGCTTCCTTAAATCCTATAGTGGAGTAACCGCGTCCCAGAGATGGGTTGTTCCGAGTAGTTAAATCGACGACTAGGGACGATACGCGTAGCTCTCTCCTCGATTGCGGTCGTGCTCGATTAGCTGGACCTGTTACTATCCGCCTAGGACTCGGGGCCGGCCAAACGGACCTAAGGCCGGCCCGAAGAAAGAATTGCGGTCGACTGGAAACTGCACGGACCGATTAAGCTGAATGTCTCATGATTAGTCCGCAACTTTGACACACTACCCTGGTCGCACTGCACGAAGATAGATAGTCATTTCCTAATCGAAGAAAGGCGGTCTGAGTATACTTTTAAACCAGCTCGTGTTAGCCACCAGGACTTTAGGCCAAGTCTGATCACGCCGAGTACTGAAATCCGGCTCGCTGTACCAACAACCTCGAACAATGTACGACACAGACCTACGAAGGGCAATAGCTAGCCCTCGTTCATTGTGATTATATATCAATAGAACTTCCCGGCGTTGCAACAAGTGAGTAAAGATTTGACAGCACCGTAGAAGTAGGCGTTCCCCCCTAGGCAACGAGACATCGAAGGGACCGGATATTATCCAATCGGACATTTTTTATCCACGATGGTTAAATTTTGCCATCCGCGCGTGACTATCCGCAGCCACAAGTCTCCGGAGTCAGGTCAAAAACCTATGCTGCGGCTCTCCAGCTCAGCAGTGTTCAGGAACCGCGGCTCAAGTGGAGCATCCAGCGGATATTGCCACAGCATGGAAAAACTGTCATCTGGGTCATTTACATGTCTCCCTAATAGGAGCAAAACCCTACCAACAGGCTCTTATCGGGTGGAGACGCACACTGAATCGCCGGAGCGTATATGCACATGGTAACGGCCCATAAGACAGCCTCCACCGTTGGTCGAATATAGCTACCCCTAAGGAGTGAGACACTCGAGACGACTGACCGACCTCGCATCCGTTCAAGCCCCGTTCTCATCCCTATTATCCGTTCTACGACCAGGACCCTCACATGAGTTAAGTTCACGAATTGGAAGATAAGCGACAAACACCCAAACGTACATGCGACAAATGATGATAGCTGACGTAATCTGCTAGGCGGCTACGCCAATCCGACAGATTGTCTCATCGCCGCACCTGAACACGATTTGTCTGCGAGAGCGCTCGGATTGCAATAAAA,1564,51.09,Saccharomyces cerevisiae
SEQ_533928,CCCGCTGCTTCAGCGCGCCAGAGTACATAACCTTTCTAGCTAATACCCCCCAGCAGCTGGCGGTATTTGACATACTTACCGCCCGTCTTTTCAATATGGGAGTATATGGACGTCCTAGGGTCGGCCTCTCAAAGCCTAGAGAGGTATAACAGGAATCGGACCTATACTAACATGATCACACTAAGTACCCGCGCACTTTTATTTGTAGGGATTTCCTCACCTGCAGCTTATAACTTCCTCCCGGCTGCACCGCACCCCTATCCATTAAAGTAGAGGAATCCCTATTATTGCTGCCTTAGCTCCATTCGGTGAGAACACAAGTCCTAAAGGGCCGCATAAATGTTAGACCTCTCTCGAGCTTCGCTGCTATTGTGTATATTTACTTGCGAACTAAGCGAGAATAGGTATGTATTGGGCATTGAAGCGTATGCGGACAACAAAGATTGCCAAATGTTTCAGGGTGGGGAAGCAACTCTCGTTTTTCATTAGGCAGTACAAATTCAAGAAACGCACCCATATGACGATTGCGCATCCAGTAAGATCTCGTCTTGTGCCTTGGCGCTGAGGAGCAAAAAATGAGTTCAAAAGAACGAGTGGGAACTGGAAGATATTATACTCCTTCTCTCGTTGAACAGAAATTGTACCATTCCCCACCGCAAGGAAGCAGAGAGTATGGACTTTACAGAATCCTCGCCTTCCGGGTGTCTCCACTGAGCACGTTCCCACCATCATGACAACATTGTGCTGGGTAGCCAATTTCAAAGGAAGCTTGGTTCGCTTGACCTTTCTCGAGGTTAGCATTCCGAACGTGTTGAGCTGTCAATCCATGACCCTTCTCGGACGATCAGCGCATTATATAGGGACATCTCACACTACTTGGAACTGTATCACTACGCTCGTTTAATGCAGAGGTTTACTCACACTCACCAATCACCCATTTCCCTACCACAATTTCGCGTTCGATCGGCGTTGGGTGCCCACGACATAAGAAGGTGCTCTCAAGCCAGAGCGAACCACGAGTACTGTCGCCGCGTGCGCGGAAATCGTACTTGTATGGAAACGACCCAGCGAGGGTAGACACTTCAGCAGCTAAAGGTACGGGGCACCTACTAAAGCTGTAAAGCTCTACGGGTGTGACAATCGAGTATATGTGAGATGCCAACGTTCCGGTGCATGTACGACACAGTTAGGCTGTCGTATCTGTCACCGCTCCCCCGATAACTCAGCAGCAAACACATCGCACGGGACAGACCATCAACCGTCACGGTGGACGGCAGCATAGTAGGGAAGACCCGACTGTGCGGGCGAACTCGCTGGGTCTGACTAGCCCGGTCGGCCTCGCGCCGCGGACTAGACATATCACATTTTTGGCGTCGTACCGGTGGTTTCGACTCAGCGGGGACACGCACATCGAATCTATCAACGGACAAAAATAAAGGCGATATGCAGTCGCGGGATAAAACTTGCTATATTGGGACACCGTTTCTAAATTTTCCTATTAGGCGACGCTTAGGCGAA,1518,49.74,Drosophila melanogaster
SEQ_475029,AGTTGACCACAGTCTCAAATCATCTCACCAGCGCGTAACGTCGACAGCGAAAAGAGGCCCTGATATCCAGGAACTTTTACTATGCTTGGCAGCGGCCGTTATTGCACCGGGACGGCGATATTTCCCAGCAAACTATACAGGATTGTATAATACCGGAATAATACACAGATGAATAGCCATGAACTAGTCGATCGGGAGGTTCGTGTTAGGCGCACCCTACGACAGTCATCCGCAACGGTGCTTAATC,247,48.99,Mus musculus
SEQ_865641,TGAGAGACGCATTCCAATACGCGCCGTAATCTACAAGTTGTAGGAACCGGCAAGGACCATGAAAAGTTAAGAGTTCATATGAAAGTGGGTATTTCAGCCAACGGGCTGTAATACGTTCGTTACCTAGCTTAACCGGAAAGCACACGGGTCCAGGAAGCAATCTATGTGGGGGGTGTGCCTACCGTCGGACTGATACTCAAACGACCAACCGCTCATGGAAAGTCTATTTGGCCCCGTGACGTGTAACGACCGGGTTTGAACGGCTGCAACCCTCGGGGTAGAATACAATCTTAAACCGTATCGTTACAAATACATTTAGCCATGAGACTGAAATGATGGAATTACCGTTAAGACTGCTATGCGTGTGGCGGCACCCTCTTTAAACCTGTTTTTCCTAGAAATGTGTACGGGGACGTATCTATGGGATCGTAAGCGGGTTCCGCAGCGGTGACGTCGACTCGGATGATTGGACGCTAGAAGGATGTCGGACAAATAAAAAGGAATGTGTCTCTGGCAGGTGAGGTAACACTGGCCTTACTAAGGAAGGCGACTCGTGTAAAGTCGTAATGAGTAGCGGCGCCGCACCCGAAGGCAGACCTCGACAGCCGATGACACTGGTATCTATAAGCAGAAGTTGCCCCTATTGACGGGATAGTATCGTTGCCACACGATAAGGAGTTGCGTAGTATATCCCATTAAGTGCGAGTTGTAACCTCCGTGGATGCCTATGAGCCCGACATGTCGTCGCAGTAAAGAGAGGACGTGCATTACCTCCGACGTGATTAGCGAAACCGAGGGCTCTGGGTGTTAGACCGGGTGTCGTGAGGAACCTATACTCTCTTGATAAGGGTCGACCAGTTACATGTTACTACACGTAAATGCTCGGGATGAAGGGATTAATTCCAGACTACCAAGTCTGCGCGACTAGCCTGCGCCTAGTGATTAAGGTGCATGGTATGACTCAGCTATGGTAGCATGGGCCTTTGTTATATAGCCTGGCTCCTTGACGTCGTGTTGGGAACAGGTACGGCCTTAATGCGATGACCTGCCGTAAGCATGAGTGTCCAACTCGAACGCATCAACAACTATATACGCAAAGAGAGTACGTTTTATCCAGCCAGATTCGACGCACTGCAGCGATACACGGTTAGAACTACAGGCCTATGTCGTCGAGGGATAGCTGGTCTGGTGCCGGTGGCAGGATTGGCGGAGAACTAAACGATTGATAGGTAGGAAAAGAAAAGTGGGACACATTAAAGACGATACCAAAGTACTCAGCATCAGTCGGCCAATTAATCCGCATTCGCGTCCGCTTAGAGGAGGACCCCCAGCACCCTTCCACAAGTGCCTCTTACCATTTGCAACCAGATATAACCGTACCTTACTTAGTGCGGAGGCTTTAGTTTGGATCCCGGTACCCTAGATGCCGTCTAAGTTCGACTCTAGCATTTTGTATGTATCGATTCTACTTTATTAGATCGAGGTAGCCGTCAGTCAACCTGACGATGAGACGGTCCGTGGTGCATGACGCTCTCTTAATCCA,1543,49.51,Homo sapiens
SEQ_317444,TCGCAGTTCGTAGCAGCTCAAATGGAGATGCTAAATTTAAGACTAGTCGTCAACGGCGGCCAGTATACCACCATGAAGTTCCCTATACGAAGCTCATAGATGTGAACCTGCTCCTAATCGAGGATTCCGACTTGCTAAGAGTTAAAAAGATTACGACTTGGCCATTGGGCTGGGCGACGCAGCGCCTTCTCCTAATTTAGTTACTCGCACGCGGGAATACTTACCCTGAGTATTACTGAGGATACTTGTTCCGCCGTCGAGATGTATACGTTTGAGCTGGATATTTGACAGCGTGGTGCAGCTTGACTCAATATCCTCTTGTTCGACGGGAGGGGGAGTGGTTGAGCCCGTAATGACACCACATTTTCAATCGTTTAAGGGTGTAATGGCTCACAATAACCGGGTCTCCCTTAGTACTGCCTTAAGTGACTGAGCTTCGCAGGGTTCCGTGTCAGGCATCACCGGGATTCGGGCGGCCGTAGTGTGATCCGAATGAAAAACCGAACCGAAAATACTGGTTTCTGCTAAGGGCGCCACCCGTGGCCCTATCTCGTTCGGTTATCAGCCTTAAGGAATTACACGTACGGTGTCGCATACGAACTGATACTGGTCCGCCACGGGAAGAGCGCTCACTTGTCCTTGCAAAGTTAGAAATAGTCCTATTGCTAACATAGTGCCACAATGACAGGTGAGGACTCCATCTGACAATTGAAATCATTCCCGGGCATTCCCCTTGGACTTGGACAAGGCAAGTTGCCCAAAGCTGCGTCGCTTTCGGTGACACCACAGGATAGAGTCTCGATCCCAGCATGTGGCTAAATCAAGGCTTCACTTTGCATTCGTGGCGTTACGTCCGCTTTGTAGGTGGTTGGCCCAGGTTCCATTCGGACTCCTGTGATGACCAACGGCTTTCTGCTGCTGCCACTCGGGTTAAGAGTTACGTTTCATCTTTTAGAAGGTCCGGGCCCATCTGACGAACAAACACTCTCGCGTAAGGGACCGCCTACTTAAGTGGCAAAGGGCGACTGCATTAGTAATCTCTGGGAAAACTGGTCTCTGAACGTATTATTGGGGTGCACTCCTCCTGCGACTGGAGAGCGGGCAATTTTTAAATGTGAGGGTCCAGACTGCTCGGGTGAATGAATGGCGAGACCGGCTAGAGTTTTCAATACGCTTTTCATTGACGACTGCGGGTTCCAGTGCCGATCCGCTTAACTCCACGCCGGCATTAAACGCAATTCAGGTGGTGAGTTAGGCTACACCCCGGGAGTCGATGCGTCTGGCATTCGTCCTGTTATATTACACGCTGTTATCCATTTATCCTGCCCACTTAAGCCTCTGCAAGCCGATGCGCGGGACCTCCTTTAGTACTGCTTGTGATGCAAACTGCAGGAGACGAGCACAGGATACGCAATATTCGGTGAAGTGGCGTCCATCTGCCAAATCCTTACCTTTGCACGTGAATCCAATCGCGGCAAATGCAATCCATTTCGTACTATTAGTAGCAACTGGCGTCCATAGATGGAGCCCCCAATCCTTACGTTCGTTTAATAGCTTGAGTTGGACTATGAGTCTTATCATTGCGACCACGTAAATATCAGCCTCCCGAAGCAGGGATCCTGTGAAGGTGAAGTTTAAAAGAATAGAGATAGATCTAAGTACCGGC,1666,49.94,Saccharomyces cerevisiae
SEQ_791713,CTGGGGCTGCTGGAATTTACGAGACGTTGGCGATCGCATGTCTGTTAGAACGCTATTCAGGGAGGCTTCCCGAAAAAACTTCATAGCCTTTCTTCTTCCACGTCTTTCTCGACTCCGTACTTCACGCTAAAGGGGATGTCAGAAATCATTGGAATACCATCACCAATCAACGAGGAAATTCCAAGAGCACAATCGATGGCTCCATTGGTTGACCCTGATGCGTGCGTATTCGTCGCCTGGATGGGGGCTGCGTGCTGCTGAAGAACCAGTCGTTTACGGGACGCGGGGGCAATGGAACAATAGCTAGGGAGCTGGTAGATCATCGACCGGTAACGCGGATGCTATCACGTGGACAGATAATTTGCACCAGTAGAAAAGCACAATTGAGAACGCCACTCACTCCTGTGATGCCCGGCGTGAAGCGGGCCGCATTCCGTCCCAGGGCCTGCTCAAGCCGGCGTGCTCAATGCCCATTCATTTACTAAAGAACACACAACATCATATGACCACAACTAAGGTGTCTAGGTCAGCCAGTCTGCTCGGTAGGAAGTTCAGCCGGTAGTCCCGGGAGATACACCCGACTAAGGAGCGTTACATTGTTAAAAGACTTCTTACAATGACGTGATTACGTACTTAGCAACCGCGAATGCATGAGTGACTATTAGAAGCGATCCCCGTGA,680,51.03,Caenorhabditis elegans
SEQ_785078,ACTGAAATATATTCAAGGGCGCATATAAGTGCGCCCCGAGAAAAATCTGCCCGCGATAATAACCCCGAAAGCTAACTAGCCTCGTAGCCTAGTCCGCGAAGGTACAGGGTATATGAGTTCAACCCTCATACGCCTTGAGTTATCTCTAAGGTACTATCCCTAGTTCAGGCCATATGCAAGTTAATCGGAGTCCCTGGGACTATCCTCAACCGTAATCCTTTGCCAAAAAGCTGGACCCCTTTGCGAGATGCCTTACCGAAGACGGTATAATGCATCCTGCGCCGTCACCCGGACAGGGTCCAGGGCACGCGAGAGTCCAATTTCGTGCTTCAGTCGACTACGAGTAGGATAGAGCGCGAATTAAGTTCCTACAACGCTATCCAGTGCAGTGAAGGGCCTTTATACCCAGTTGGTTCACCCTCGGATTCCTTCTTGAATGATGCGAAGTAATCTTGGCCGAGGTCGCGAGGCTTCGTATCTTGCCCATAGATCACATGACCGCACCT,506,50.59,Caenorhabditis elegans
SEQ_242433,GATATCGCGGTCAGGCGCTTAAGGTGAAAGCCCTTGACTTCATGTGACCGTTGTACCGTAGCTGTGGCCTTTACTGGGTTAGCCCAAATTACCACCAACCCCCTCGGCCGCGCGTGCTGTCAAGGTCGTAAGTGCCGAGAGGGCTGAAATGCAGTAGTTCGGCCTGTATGGAATGTAACAGTGCGTTGCCGAACAAAGGGCCGGAAAGTTGTCGTATAAGTGTTTCGTACAAGGTCCAGATCCGTGGATTTTCATAGCCGGCGCTTGAAAAGAATATATAGGATCATACGGGGATTGACACAGTGCTAACTAGTGATAGGTGAAAACGAGACCAGTTAACAGTGGTTCTCAATATCGTTGAGTGTCTGGAGAGGGTGCCGACTGGATAAGTCTACTGGGTCCATGATGATGGGGGGCTATTATGAAATGGGTAACTCATTGGCAGGCTGAGGATATTTCAGATGCGACCAGGAAAGATGGTCAAGAAACTAAAAGTGAGAAGGAGGCAGTCGTCTTGAGGTTCCCTTATCATAGTTCTCTGTGTTAGAGAGGAGAGGATACGACTTTCCAAGGTCGGATGTGACCACCATTTTGATCCTGTAAGAGGGAATGATGCCAGTAACAGGGCGAACACTGCGATAAACTACCGTGGCCTGATAATATCGATCGAATCAATACGGCCCTTATCAAATTCATGAGTTGGCAGGTGAAGTTGCCACAAGGTCAGAGAAGGGAGATAGAGAATTGACAGGTGAAAATCCTCCATGCTCTGGTATCTTGAATGCAAGCGGCGGGACGGATAGTAATACTCTCAGCGGCATCGTGGGTACAAGGGAAAAGCAAATGTTTTAATGAAAGGCTGAATAATGTTACATCCATGTGTTGTGCGCCGATGACTAGCGCCGACGTGTGACCTGGCAGCTGGCCCGGCGCACCGTGGTACGGCCGTTTACAACCGGGAAACCTGAGCGTTCGGCCATCGTCTGTTACACATTGCGAAGCAAATTGCGAAGTTACTGTCCCCTTATTACTCAGTATGACACCTGAGCGTTTTCATACTTCCCTGTGTAGGAGACTCATAGTTTATGCAATACCTGTCGAGCATAACAGGCTTGCCACCTTACAATCTGCAGTTCGTCTCGGTAGCCACTGGTTGTTTCTCGCCACAAGGGTCGGTGGCATCGTCACGAGAACATAGTCGGTGAGAGTCTTCACGCTTAGGATGTGGTACCTCGTGTCGCAGAAGTTTTTCACCTCTATAGGGGCCATGAACGAGCCGTACTATATGCATATACCTCCTGTTGTCTCCCTGAGTGGAAGATGGGGAGCTACACTTCGGCGACGTTTCTAGTCAAAAAACAGACCAGGCTGGCAATCTTAAGAACGCTAGGTTGACTGTCTCTATCATAAACGTCGCCTAATGAGATGACTCTCATGTAGCGGTCCTGATGGCTGCCTGCCCCGTCTAATTGACGCGGACACTCTATCCAGTACGATGAAATCACATGCATAGGGATTCCTAGCGTTTGGCGTTATTCCATACATCGACATAGTACTTCTACGGAGGAATACAGATCAGAGTACGTACGTTGCAGTTGTCGAACCCTAATTTGCATTTAGGTTACCTATTCTGCTAGGGGTTGCAAAATCCCTCCAAAAAGCCAGGGGAGCCGATCATTTACTGATGGGTGGCAGGTCTATGGCTGCTAAGCTTTAACGGTAGATAGGTAGACGTAATCTTAATCAGGTTATATGGTGGGCGACGCGGCAATTTTATCTCGCTGTATTAACAGCCCGCGACGTGGCAGAGTAACGAACAATGGTTTACAAGGGGGAGAGC,1840,48.7,Mus musculus
SEQ_848360,TAAGCGCAAAGAATCCCTGGGTGTCATGAGCTGACCAGACATAATTAGTCTACATATTACAGACGCGTCTCGGGTGTGAGTTCGCCACACCGTCGTGGGGTGAAGATTTGTCACTATCATCAATACCTCTGCTATGCGACTTTGTATGAACCTCCTGAACCGCTCTAGGAGTAAAATCTTACGGATCCCTAGTAATAGTCGGCATAAAATCATTGATTGGAGATAAAATGCGTAGCTTCTCTGACGCCGAGTGTGCGGATATGGCCTATTTGATGTGAGACGTCTATACGTGGTTGCCTTCTGCCCCTGCGGCTTGCAGGGGCTGATATTGTAACCGGAAGCGGTTTGTCACAGTCGATCGGCGTGTCAAGTTGCAATTCGACTCCCAAATCAAGGCGAATTACGTAAGGGAAGTGTGAACTTGCGACTACCCCATTGCATGACGTGACTAAGGTTAGTACACCATGTATTGTAGATCCGCCTATACGGCACGTTATCGAGCGGGCCGACTTTACACGCAAACCGGATCCATCTCGAAACTCTCGCGTTTTAGGAGAGTGCAGTGCCCTCTTTGCGCCCCATGTTTTTGCGGAAAGGGTACGTTGATGAAGGCAGACCACAATAGTGAGCGAAGGGGGAAGCCGACAATCGTTCGACCCTGCTTTCCCCTGTAACAGGTCGTCCAGCCGCACGGACACACAGATATATGTCGTATTCGCCCTCCGACTCGTGCTGACAGCTGGGCTCCCATCAACGACATTCGCCGGTACTGAAGTATATAAGTGCGTCCTTTCGCACAGCCAAGACTAGTGCGGTCAGAGACAGCACGCTTTTAAGCTGCTGCAATGGTAGTGAACGGAAACTTTTTAGTTATAGACGGTGGTTCATCACATGGGGGTAAGCACCTAGGTAGGTGAATGACGGTTTGCTAAATTCATAGGGTCAAAACACCGCTTTCCTCAGTGGGTATTGGTAATCGGATGCGGTTTCTGTCTCACTAGGCCCCAACAGAGAGTAGACGCGTGCACTAACTCACCGGTGAGTGGTCGACTGCGATTGCTCATTGATAGTATCAGTCTGTTTCTTACACGCCGTTACACAGTGACCGTGAGGAGGAAACGGCTGACGGAACGCAATCAACCGGGCGGATGGTATGCGCGATCGGGAACGAAATAAATTGAGCCTCCGTGGGCAGGTCCGATCACTTGGGGCGGGAACTCGTGGTCATTACTTGTAATGGCTGCGAAGCCCTGATGGGCAGCCCTACAAAATTCCTATAAGTCTGACCCGTTCCAAGGAATACCCAAATCTCAGGTACTTCCGTCATGCAGGACAGTTTTGGCTACGCCGTGCAGTACAGAGCCCAACTCGGAAAAAGGGGAACCTACCCGTCGGGTCAGCCATTTTATATAGATGGGCGGGTGGGAAACACGGCGGGACACGTTCTAAATCCTCTTAAGTCGCCGTGCCCTGTATATTGCTAGCGTTAGTGGCGTTGCTTGTGGGGCACGGC,1513,51.22,Saccharomyces cerevisiae
SEQ_241321,ATGTCTTCTAGCGTATTGTCGTGTCCGAACGTAACATGGTGGACGCCTTCCGTTGTTGTCGCCGCTCGCGCACTGCACCGGTTTTCCCCTCAAACTTGATTCCGCGACGGAGTAGAATCGGAACGAGAGTCCAGTCGAGTATCGGTCCCTAAATCGCTAGGTTACCGCGGCAGAAAAGCAATTGAAAGTGTGCTGGAAGCGATTCACTTGCTGTACACCGGGCCTCCACGAAATCACACCCCTGTC,246,54.07,Saccharomyces cerevisiae
SEQ_994053,CACGTGTCTGGCCCGTACAACGTCCTCACCCTTATAATCCTCGGAGGGTATAGATAGGTTGGCGGACCTCTTATGAACAAGAGGAGGCGCTCCAACGAATATTCCGGAAGCTGTGTGTTCGTTCCCACAAGACGTGATTCCAAGAGTTCGCAACATCGTGTCTAAAATGGTGTCGACTGCCGGGATCAATTCGAGCGGCGGGCTGATCTCCGGAGGGAAGGGCAGGTATGAGATCCGGTTGAGGAATTGCCCTTTACGTTCAACCTCTTTGTGGATATCGGGGCAGAGCTAGGCTAACTTGCTCGCGTTGCACCGCTGCTTGTTTTAGACCTTACCCTTTCCAGGCGCCCGTATAACTTCCGGGATGGAGGCCGGGACGCCGATTACGGATTCAGGCAGCTACCTTGAATCCGTGTTGTGATGCTAAGAGGTGTCTTCTACAGCAATTATGTGGCGGCCAATCTCTTCTCTACCTGCGTATCATTGACGGGGATTCGGAAAACTTTCACAGCACCCGAGCACGAGTAGTGTCCTTGATCAAGTGCTAAGAGGCACCGCGCAAATCATGCTTGCAGTTTTTGTTGTATCTTCAAACAACAATATCGAGGACTCTGTTATAGTAGACTGGGATTTTCCGCCCTAGACGGCTGCAAATAGTCATTATCGTCAGGGCCATAGTTGAGAATACGACTTTCAGTCGAATTACATATGAATACTACCCGGCTCGACCACCGCCGCACCGGACAGAAAAACCGTTAGTTCCAACTCTCGGAGTCAACCTCAGCCAACCACGACCGGGGTTAGTTGCGATGGCGTGGTAAAGATCGGCGCCAAGGACAAAGCGGCTAATCAGAGTGGTTCCATCCCTAGTGCTTTCCAACGTTGGCCCCCTGACACCTACGCCCGCCGTTGCGTGTGCTCATCATAGTTAGAACCGGACTAGCCGATAACGTGTGATGGCACGGGTATAGCACCAACGAGACGGAGTTGCCGCATGAGGAACTACCGGGACCGGATTTACGCGGGGCATCCGATAGCTAAACTCGGATCAAGCTCCAATCTCACCGAACTCGACGTGAAGACAGTGAAATTTGATTCACCCCGTTAGAACGTGTCATGTAAATTTACTGGGCCTTAAATAAATTCTATGGCAGGTTGGAGGAATACCGATCGATTTGAGGCGGTCCTTTTAAGACACTTCTGGTGCTGGCGGTACACCCCTAAGTTTCTTATTCAAGAATCGCAAAGGATAACTTCGCTGAGGCCTTTGGATCTACTATTAACTAGAGGTGCACTCACCGATTCTTACTTGGACGCGTATCGTTACGTGG,1331,50.86,Mus musculus
SEQ_622188,TTTCGTACCGAAATGTATCGAAGAAGCCACCCGTACCAACGCCCCAAGTTGTTCCGCATTCCTTTAAGTCACCCACTCGCATGAACCGCAGGTACCCCTATAGGGGCTCACTGCGTTAAACAGGACTACTATGCGCAGAGGCGATGGGATTCAAACGGCCTCATCCACTGTTTATAGCGCATTTCTGAATCTGATCTTGAACGATGACTCATCCATCATCCTTGCGGCCAGGAACTCTCTCGCAAACCATGCATTTGGTACCATAACGGAGGGTTACTTTGTCATAGGCGCAGGCGTCATGCCGGGTTACGCATACCTATACACTCCTCTACCCAAGCTACGGGGTCGAGAGGAGTTTCAGTCCCTTTGTTAAAGAAAAACAACGATTATCTGGGATTATGCTGGTGCGGATGGGGACTGTAATAATGTGTAGGAAAAGTCGCTTGTCCTTTAAAACGATTAGGGGAGCTGGCCCGCCCAGCCTGTACGTCTGACTGCCCCGAGTACTTAGAATTGTGGAAACGTTGATCTCACAAAGAGCGGAAGGGGAAGAAGCTGTCGACATTGGAGACCCCACCAGCACCGTACGGAGAGATCGGGGGCTAATACAGGGAATGCCTAACACAAGGTCTGGATTCCCCCCGCATGGGGCGCCTCCGTCAGGTCTTGCGATAGGGGTCCTGGTGGTAGGGGGCTTCTACCTGACTGTACTCAGTCCCCGACCGCACGGCCGCGCTCCCCAGGCTACCAGCGTACGGGTAATGCCACGAGGAAACACAGGGGTGGTACATTCGCTATGCTCATGAGGAATCCCGACCGCCGGTTTTGTTGACGGAGGTAAAGGCGGTGAGCCTGGACGCTTTGTATAGTTTAATAGGCGTCGTGCGTACTAATCAGGACTCATAGATTAATTGAAGCCTTTTCTAAGCCCTGACGGTACCCATTTAGGTCAAGCCTCTCGCGATGCTAATCCACGATAAGGTCCGCGGCCCATAATTGCTACGGTGCAACATGCGAGTTGCGGTACCCGTCTTTTTGTCAAGATGGGATTTCGGTGTGTTCGGCGGAAGCCTGCGATCAGCGCCATGTTGTCAAGGGGACTGTTGTCCTTGTTCGTAAAATCCTTCACTAATTGGTGGCCAACTTACCTTAGTGGTGTAGGTCTGGACGCTGCAAAATTACAGAATGCTGCTGTCTGCCCCCCCTCAGGTGGGAATCTCTGCCGGTCAACAGGGCGCTAGTGCGACGTCGGGGTGGTGTCAGTCAGCGACCTTATCAGACGTCCAAGTCGTCAGTTTCGGAAGGCGCCTTTTCAAAAATGCCAATTATGTGCAACAAATGAATGTCGAATAACAGTTTGTAACGTTCAGACCGGAACGTTCTGGTTCAGGGCGACGATCGATAGACATTGCACGCACAGACGTCGGCTATCTCACTCTCGGGAAGAGGGCGGTTTTTTAAAATTACATTCGTAATCGCACCCGGAAATTTAGGGTGAGTTGGGCAACGTATTACGAAGTCGTCCTTCTCGTTTAGGGGCCCGTGAATTCCGGTCTTAAAGTGCCGTCTGTGTACGTATGCCCCTCAGATTGTATATTGGCGTCTTTAACCTTCGTATTGCCCCGCCCCGTCTTTAGCGCGGACATTCGTCTCTTGCGTCATAAATTGGCTATTGAAGCGCTCTACTGACTGGCCGTGTGCGTGCCTGGATAGGGATCTACAACAAAGGCGAGTGCCTGCTCGGGTACCCTTATGTGCCACCATTCTGCCTGTGTTATTTGCAACATGGTACGCCTGAC,1799,52.08,Caenorhabditis elegans
SEQ_149510,AGATAGTCTCCATTTGAGGGAACGCGCGAACGCAAAATACACCAGTTACGAGACTTTACCAGAATGATCCGGTGCACTGCCGCTGAGCCCTAACCTAAAGCACCTGATGAAGATAGTCGATGTTCTTTGGGGAAGATCCTATAGAGGGTTGGAGTATTCCATCCCATCCTGGTTAACGCCCTATCCTTTTAGCATAACCTGATTTGGAGTCACAACTACAGATGGTGTTGCTTACAGTTAATTGCTCCCCGCCCGGTGGATGATCGGCTCGGTCCGAAGTTCAAGTCTGGCCTTTGCAATGCAGCTAATGGGGGGTGGATTCCATGTTGGGGGATAAATCTTGAACTTTTGGGTAATGGCTTGGACATAGTGCGAGTTTT,380,48.16,Homo sapiens
SEQ_130735,ATGATCGGGGACCCCAGCAATTGCAGATGGAGCGGCACCGTGTTTTAACGCGCACACGCCCTGGCCATGATGTAGAATGTACAGTTCTGGTAGGCCGAAGCAGCCCCGAACCCTTCAGTAAGTTATAACCACCAAAGTCAAGGGGAGGCGTCCTCTGGAGGTTGATCCCGGGGAGACTAGGCCTCACACTATGGTGTGCCGCAGAAAACATAATCTCTATCGATTACCAACGGTGTAGGTTATTGATGCACTAACGTATCGAGTGAATGTTTGGGACGACACTTGACGGCGGAACGTCTGAACGATTGACTGCATGCTCGCTAGAGTCGAGTGTCTACCAGTCTGGGCGCCACTCCGTCCTGCGATTCATTGACCAAATCAGTCATCACCTTCCAATAATCTATTCGCAGGGTCGTCCACGTAGGAAGCTGTGCTTCCAAGGCTCTCGTCCCAGGTGCATATCATATTCGGGGCGCCCCCGTTCCCTACGACGGGCGGGCAGTTGGTACGTTTCATAATACGCTGTAAGAGGTCGGGGAACCGTTGCATCAGGAATAAATAGGATGCTTGTAGGTAATCGAAATAAGGGGGAGCCGCGATCGTAACATTTATTATGGACTCGCGATTCTATGTTAATGGGCTGGTTCCGTGGTTCGGTAGAAAAGGACCTCAAGGACCAGCGACCAGACCAATGCTAGGAGGGTAATCAGTGCGAAGAGTGATTAAATATTTACGAGGGTCGCGTGCAAGTTCCGGAAGTTACTTGTGCACGGCGGAACCCAACGCGGTGGTGGTGGTTCCTGCTTAATTACTCCCGGGAGAAGAGAGACTGCGTGCACCGTGGAATCAGGATCAATAGTGCGCACTCGCGACTTATCGACTCCGTGAAGAAGACATTAATGACATAGCCACGCTGCGTTACCTCTGGGTGTTTTAGCTGACTGCCGGGGGCTCACGTAGGTGAAATACAATACCGCTAGGATGACACCATAGCTACTGTAGACATCCAGCAAGTATACCATACCCCGTACGAAAAACCGGGGCCAAACGCGACGCACGGAGCGGTAGAAGCTGTGCCTTACGCGTAATGGTGCTGTATGATTCTTTTCGGCCGTGCCGCGACGGTAACAATTAGTGCACGTTCGGTGAAAGTTCTGTTTTTCTTCCCACTGTCTGAGACGATGATATTCCGTACTCCCAGCAAGTCAAAGGCATCAGGGCCCTGCATTAATACCTTTATCGGAAGACTATGTGGCACCGAACTGGGCGATGTACGCCGATCCTCTCTATAAGATAGCGCATCCGATCATCAAACCAACAAACTCAGCTCATGTACCGTTACTGATACGGTAGATGGCCCTGCTGGGCAAGGACTCGCCTGTACACACAGTGCACAGTGGAAGTAGCCTCGTACAGGTCCGGAATTCCTTCTCGGGTTGCCCCCGAGATCAATTCTGATGTGGATGAAAGCGGCAAGCATTAGGCTGGTAGGGACGCCCCCCCAATTACAGCCCCCATGTACGGTCACCGTGATCCGGATTGACCCCCAACCCGCCAGACGACCGAAATTGTTCC,1575,52.44,Drosophila melanogaster
SEQ_614186,CAGTGTATCGGCCTATCCACGGGTGACCCTGCCCAGCAGAGTGTCAGAGGAAGAAGGTCTAACCGCTCGCTTATCCGAGGCAAAATAAGCCGTGACAGTTATTTGTCACAGACCTCGCTTTCTGCCTTATCGACCCCCTTAGCGCTTTTTCTTTCGGGTCCCAGGCATACGCGAGCAAATCTGTAACAACTTTTTCTACGACCAACACCGTGTGGCAAGAACATCTAGCTTCTGCAGAGGTGAGGGAGGATGTGTTATACGCCACAGTTTGCCCACAATTACTCGCTGTGATGGACTATGATTGCACCCTGTGACCCATCTCTCGTCGGCAACGTAAATCTCAACGGAATGGCAAATTAAGCCAGATTCTCGACTTATGATGACCATCCCGTAGGTACCTTATCCCTTTCTAAGCTGAGAATGACCCCCCAATTTACTTCCGTAAGTCTAACAAAGGGAACAGATGAGGCCGCGGGCATACTCATTGTGGTTACCATTTTAGTGCGCCGCCTTCTGTGGGCTTACAACGTTGAGCTCCCGCATAATCCGATCTTTTTACCGAGCAATAAAGTCTAGTGTGCCTTCTTTCACATGGTGACACCTGGGCCGCACCGGTTTGAGGCGAGTGTTGCGTCTATTCCGGGTCCTGAAATACCTATCCTAAAACATCTGACAATAGCAACCTGAGACCCAAATGGCGCCAGGAGGGTCAATTGTGCTGTAACACGTGACCCCCGCCTGTACCAGCGGGCCTTCTCTACTTCAAAATGTTAGAGTAGATAAGGTGGACATTAAACG,798,49.75,Escherichia coli
SEQ_704581,TACGCCCGGTCGCGCACCAGGCGGGCCATGCCGTTCTGCGAGGAGTGTGGTGGGTTGTAATGACGCTTAATACCATCTTTACAGACCGCTGTCGCAGACAAAGTTCGTGCTACCCGACGAATAGACTCCGCCCTCACGGATAACCCTCACACGACCGGTACATGCATCGGAAACTAGTTGTGGAATATCAAGACACACAGATTGTATACAGAGACAGAAACCCGCTTTTACTTGAGAGTTGTGCATCGGCCCAGCCGCAGAGAGACTCGAGGGTAACTATTCCGCAAGCTCTTAACCATAGCGGCTCATCGACGTTATCAAAACAACTAGGACCGGAAAGACTTCAGTGCGGCTACCTGAGAGTTATCATCGGACAAATACCGATAGATCCATCTTGATCCCTTATGTGTACTATAGCCTTAAGAACAAGGAATCATGTGGCATATCCGGCTTGAGCCTCGATTTTACCAGGAAAGCAAACCGCTACCCCCTGCTCACACGATGATACCTACGTATCTGCTGAACATGCACAATTCTAGGAAAATTGACTATTTTCGAAATATTCTGTTACGGAGCCCCGTAAGTAGCGATTTTGTTGGAGAGGTGGTATACAGTTACGGATTACATTATTTATGTACTCTTCTTCACAGTAGCCAGGAATGAGGTCTTCTTGTGATTCAAGCTAGCGGATAAATCGGAGGCGGTTAGCCTTCCTTATAGTACCCCCAGCATGGGCGCTGCCTCACATCCATATTAGCCGGATCTTCTGTACACTGGATCACTCGGCAACGTCCTAGACTAGTGACAAACGGTGGACTGGCAAATATGACACACTTGCTCTCAGGGATCTGCTCCTTTGGGGAGCCGACGTATAGACCAACTCATGCGAGCCTCACAGCGTGGCTATACCGCTGCATCCTAAGAATGCCCTGAATTCCAGACTCGCAAGACCTGGTTTATGCTCTGCGGAAGTAGTATAATTTACTACGACTCTTTCATGTTCTGTTCCGACGACCAATATATGTACCCGATATCAAGTACGCAACCTCTGTGTCACCCCTAATGAGACTATTGAACTATATGTAAAATACCATGGCGACGATATGGGGTGCCACAGATTGTCACCCTCCGGACTTTTGAAGACCAAACGATTCCTCAGGTGTTTCCCCTTTCG,1174,48.21,Drosophila melanogaster
SEQ_615508,TCAATTAAGCGAGTCATTAATGTGTGTTAAGAGTCGGAAGCCGCCCTGCCTCAGCCAGTCCTATACGACAACATGTTTGCGGCTGGCGTGGGCAGCATTAAGCTGGAATGTAATACAAAGTCATAGTCATTCAGGACACGATGTCTCGGCCTTGTAGCGCCACCACTGTAGCTATCTCAAAGATTGCTCGCAATTGGGGTCAGAAATCTCAAGCTTAAGTGTACCATACACACTCATCGTAGATTCAAAAGGAAGTGCCCGTCAAAAATGCATTCCCGCTGGGGCATTCAGCTACCGGGCTACTTGAGCGGATTGGAAAGCCCATATAGACCCCCTTGGACCAAAGTCGCCTGGTATTGCGTACCCAAGCGGAAGCCCATACGTAAACACAGAAATGGGCTGACCCACCAACGGTGTTATGGTGCCGGGATGTGGATACCCAGCAACTCTGGGGGGAACCTACCCTTCGTATAAGCGGGCATGATATCTTCAATCGAGCGAACCGATACATCGCTAATACAGTCCGCGAGTTATCACACCCTTGCTATAGGGAAAAGGGTAACGTGTACCAAGCAATTCAGCAACCCGGTTACATCTAGTATTCAGGAGTGCATAGGGCCTTTTACACTTGGGAAGTGTGGCGTACAGTGAAGATTCTACCTTAACTGATCCACCTAAGTTCCTTAGAACTACGGTGGCCCCTAGGGCAGATGTACACGCTTGCGGTAGCGCCGCGCTCCACTTGGCTTAGCAGGGAGATCGGCAATAGGTCCCGGCCCCGCCCCTTATTGTCTAATCGGCGATCCGCTGCATGACGGCCGCAGAGTACTGAACACATACGAACGGGTCCCATAGAGAATAGAGTAATACGCCACGCCTGGTCGTCAGGATAATGGTGTCAAAACGCGAATCACCGCCAGGTTGATATAAAGAGATAATCGCTCTGTTGAAGACATCGAGCCAACTACGCTCACCTGCGTATATACAGACACCCCTAGCATTATTACAAATGCCATGCACGCGCCCTAGTAGAGCTAATAGCTATAAGCTTTGACGTTTAGTCCCCTAGTGGTACTGAATTCGTAGCATGGGTGAGGCATCATTTGACGCTGATTTGTAGACTGACCTTCCTCTCGAACTGGTAAGTGCCAGCCATTTATCCGGTAGTCTATCTGAAAGGTACAGTTTGAACCCATAGCGTTCCGCTCCAAAGACTTCACGTCTTAAACGTTATGCACTGGACTTCCCGGGGTTGCGAATCACGCATAACAACTATGCCGAAGTCACACAGAGCTTACCACTGGGAAAGTACTGATTAACACTTAGTGCAAAGGGCTTCCTGCAAGGCGTGGTTTTGATGCCGCACGTTCAAGAACAAAACCAAGCGGAACAGTAAGGGGTCCGGTCATCTACTCGCCGTCAAGAGGCACACGTTAAGTGGGAGTTAGCCGCGTCGTAAACCGTCCTGAGTTTACAACCTACAGCAAGATTCGCTCTGCTGGGGTGCGCTTATTCAAGAATGAAAGGCGAGACTTTTCACGGAAGTGTACGGCGCTGGCGCGTACTCACCGTAAAGTAAGAAAAGTTCGGGGGGCTATTTAGTGCCGAACAAATTCAGATTTTTTCTCGCCCAGTGATTGCTACACAAGACACACCCGCCAGAACCCAGGGCTTCGGGCACAAGACCCCCGGCAGCCGTTGAGTTGGCAGTCGTGCAATATACA,1724,50.41,Caenorhabditis elegans
SEQ_197695,AGTGCACGTAATAGGTCCTAAGGAGTCGTTATCGTAGGCGAGGAGGACCGGTGATAGTATGCCTCTCCTATCTGGTCCGGGGGTACTTGAGTACCTCACCAGGCTCGCTTCTTTAGAAGTAGACTCCCAGGGATATCGAAACAACTCGTATCTCGGCACCAACTTCAGCGATTTTCATCCATGACGCCTTACTTGATTTCAATTTTCCGCGACTTCTTGCGCTTACCTGGGACCGTGAAAATTACAAATTGCAAGTGGAAGTTGAGCCTTCAGTAAATCCCAGGGAAATTGATCGCGAATCGAATCCGTTCATAACTCTGGAACGTACAAATGGCGCGCCCTACTAGGTCACGCATTTACATCCCCTGGAGATACCGGGACGCTGTAGAAACCGGGGCCGACTTCTTGCATTGCGGTTTGAAGTCTGGAATATCCGTGATGTAGTATGGGGCGCGTTTTTCACGCTTACACCTATTGACTTTGGCTCGTCAAATGTCTTCTTGCGGACACCCCACCCCATAGGATTCTTACAGTCACGACGAGTCCCGCGCAGGGTGAATGTACACATATGTCCCTGTGCGAGAGATAATTACTTTCTCAGGAGCTACGGTACACGGGCTCGGGAATATAGCTATGGTTGCTCGCAAGGTCAGAAGGGGGCCCTGAGCTACTCATAGCTCTCGAGGCGGTATCTAATTAACGAAATAGATTGGTGTGTCGCACCTGCAGAACAATATGCCACTTAGTCACAAATGCTCACTCCGTGGGTCAATGGGACTTACGTCTTTATTAGGTGGAGCTGGCGGAGCCCTATTAATAGGTGATCCTGGGGCTAGTTTTGGATCAACGCGGTGAGCCACAAGGCACCTGCGGTAGCCTCGGTAAGGTGGTGTAAGGCGGACGTAATATGACCATTAGTGCCTCTTACCCGTCCAGTTCTACTAGATGCGGATCGGGGACTCTCTGACCGCCTTAAAGATGAGTGGGGTCGTCCGGTTGTTTTCATGAACCGTAGCTTCCTGAGTCGCTTACATAAGTTTTCGGCCGGAGGGTTACCGAGTGAACTCGAAATCGAGCTAGCCGCGTATGGGGTCCAGGCGACACACAGTTCATACTTAGATCGCTGCTGCGTCCCTACATAACACATTTCCGAGAGTCTCGAGGGTGCAGTGTGACGCGTTGGATTGAATGGAAACCCTATCCTCCTCTACTCCTCGTCTGTATCCCGAAGGTTGTCATACGGTAAATTATGTATAACGACTATGGTAGTCTGTAGTATGGGAACGACCCATGTCCAATGTAAGAGTAAGTCTATATTACCCGCATAATTTGACTTCATTCTGACGAAGTTAGGTCCATTCTAACCTGGAGGAAGTACCATATACTACTCATAACCTTCACCGCGCACAACATATATCACTAGGGTATCTGCTAGCCTTGGTAATGCGAGGCGTCATGAGTCACAATTCGTGATGTCGTAATGTAGTTATTTCCATGAATTAGACACATTAGAAATCATCTCCTGTGGCCGAGCGACAACGCGTCCCAAAGTAAGATGTGGGTATCCACACAATCTTGCTACCATGCAGCGCTCGGTAGCACTCGGACGGAGCGGCTTGACGG,1623,49.48,Mus musculus
SEQ_690083,GGTTGCCCACTTGGAGCACCAGCGGTCTTGCTAAATCAGTGCACTGCGATCGAAGTCTGAGCCCTGCGACAGGCGTACACCGTCAGAGGGCTATACTCGAGCAGCCCAGAGTTGAGCCCCAGAGGGCACTTGTAGTATCTTTGGGGGCCATCCGTAAACGGGTCCAAGATCCCGCGGGCAGAAGGACTATCCACTGTTGCTCGGTTGTGCTCGTATAAAAGACACGGTGCTGTACACTGACAGACCGTGCGCGAATGCACGAATCCTACTCATCCCTGCTGCAGTCGATTTGTCCCTACTTCGGACTATCGTGCAACCCAGCGATGCGGCGAGCACTCGACTTCGGGGCAGACGCCATGCTGTTAGATGAGATGAAATTCA,381,56.17,Caenorhabditis elegans
SEQ_168258,GGCCGCATTGGTCAGAAGGTGTCTTGTTATCTAGGCTCTGTATGGGAGCAATGTGTC,57,50.88,Caenorhabditis elegans
SEQ_533580,ACTTTATTGATTCTGGAGTAATAAAACTGACGAGGTGCCCAGGCTTTCCAAATGGGACAATGGTATTCGCTCGTCAACCCTACTAAGAGCAGCTCTTAGGGTGTTCAACCATCGTGGCATAGGCGTAATCCTCACGAACCGGCCACTACTCAGTTGCTTGATCGATGTCATTGACACGCAAGGTACATGGAAAGGAAGATATAGCGATAGTCAGCGTTTTGATAAGGACCCCCGGCGCGGAAACACTACGTACTAAGGGGCCGCGTTTGTCGGGCTATGACCTTTGTACCGCTTCTAATCAATAGATTCAAATGGCTAACGCATGTACTGGTAGGAACCATCGTTCTGACTGCCCGCGATCCGGGAAGGAGCGTCGGAGCCGGTTTTGGAAGTAGATTCTACGAATGAGCTACACGGAGATACCCGGATGCGTTTAAAGAGATCATAACTTCGTGATTCTGACTTTCATATAAGTATCGATTAGCGAGACAGTTAGGGCACCGGTGTTAGACTGATGCGTGAGGAATCAGTTACCCTGACCCAACTACCAAGCCACGGTCCTGCCTCCAAGGGACACAGTAGCGGCAGGGTTGGATACACTGGACTATTATGGATTGATCCAAGCAATCCCGTAGACGATTAGAATCACAGTGTCGTACCTTTTTGTGCACACTCCCTTGGCAGTGGCTTGACATAAGCCTATGAGATACACTCCCGAGTCAATATCGTCGTCTATCCTATTTTCGTAACAGATAGGTCTGTGATTAATTTGGTACGGTTGGAGATCAGTTCCCACGTTCCCAGCATGAAAGGATGGACAGCCCTGCGTAACGCGTGCACAATATCCTCGCATGGACAATAAGTAGTGTCCCGCTCTCTCAGGTTTTAATGAGCGAATCATCAGGTAAATTGGTGGTACAATCTTATCGCACGTGCAGCTAGGGGTTTTTAGATGCCCTCTCAATGAACCTTCGCCAGACTGCTGATCCAGTCATCATCCGACTTTCTACACTGAGCTATCGATCGACTCAGAGTATACCTTGCTTCAGGGACGGGCTTATATCCCTACTCCCATCATCAGACTGGTCTTTTGCAATTAATTGCAACTGTAGGGTTTCAGCGCAACCAGTCGGGGACTGATAGGCAAAATAGCGCAAACCCCTGAGCTGTACAATGGCATACTGACCACATCATAGATTAACGATTATGTTCACCTACCATGACTACCTTCGTACATTAAGCGCTTCCCGTGCGCATACTGCGTTGATCGTCAATCCGTCCGGCTACTATTGCACGAATCCCCCTCAGAGATCACTCATTTGTAACATTAGCCCTGCACGAGTATGACGATTCTTGCGTATTACGTTCGGTTATCCACGCAAAATCGTCCCCGCGCACTATTGACTCGAGAGATCCATCTTCGATGATGCCAGGGCTTTGGCGTGAAGGTTGGTAGTAGACGAACATGATCATCGCCTATCAGCGGAGTCCGCACCGCTCATCAGAGTTCCCAACGGAGGGCTGTTTGGGAGGTTGGTGCCACGAACGCTACTGGACTGGTTTATCCGCCAGGTGGCACTTAGTTAGACCGGAATGATCGAAGAGCACACGAGGACAATAAGAGCGTGTCAAAGCTCAAACGTCGTAGGAGGGTACGACAATGCTCTGGGATGAAGACCGGGTTTTTCAC,1690,48.99,Homo sapiens
SEQ_392772,GAATCACGAAGGAACGCAGCTCGAAAGACATTAGCTCACGTGGAAGTTAAAGTACCTGGAAAGCTAGGGCGCAGCCACAGTGCGCGACCAACGGGAGGCCGGGTCTTAAGTACTTATCGCCAGATGGAAGTAATCTGGCGATGCGGCACTGCGCACGTGCGCCCGCGAAAATTAGGATTCCAGTAGAGGCAACACGGGAGTCCCTTCCAATAACTAAATACTCTTGTGATGACGTATTAGGCCCGTACTGGGATAACGCCCAGACTCCTCACTCAGCGACGGACGATCCGCCGCAGCTTGTTAATTCTTTGCTTTGGGACGTAACCAACGTCTCAATTACTCATAGCATATACGTCCTTGCGCGTCCCCGTTCCATAGTTAATACCGTGGTCTCTCAAATTTTCTATATAAACCGTCCAGTTCACCTGCCCCTCATGTTGTTATCCCTGTGACAACGCAGCTGGCAACGCTCAACCATGATCATGTAATAACTCAACGCTCGCACTTAGGATATAGATCATTTGGCTAACGTGTGCCCGCGTTAGGGGGGTACTTCGGTTATCTAATTAGCTTAACCGTGAGGACTGCGTGTGGTGAGTATTACCATTGGGAATGTTACTCTATTTTAGCTTACGGCATTCGCGATTTAAGGAAGGGAAGAGTCAACGACCAACGAGATGCGACGGATTGGTGTCTCGCACCGAGCGTGGAGTGGGAGACTGTCCTATCACCAGGGCGATCTTTTGTCTTGTCCGCGTCCGATTACGTTAAGAACTTCATGGTAGATTGGCAGCTCGACTCCTGCGGACAACGTAAAATGTCCATATCTATAGCGTTCCCCCCATACTTCGTACTAAAGTGTAGACTGTGAAGACCCGCCGAGTCAGATTATGTCTTTCCGGAATAGCGTACAGGGAGTAATGTGTAAAGGCCGTCGACAAGGCCTAAAGAATAACTCTAAAGCAAAAAGTAAGCAGCTCACTAGAAGTTGACGATGGGAGCGACCTGTGGGTGTTGTTAAAAATCCTGGGAGGGCAATCAAGGTTACAGGATAATTTCATCCACACAGCCGGTTTGTGCGCTTCCGAAAATGTGCACGCTACGATTGTATGGGCGTGCTCCATGTGGGCCTGGTGTAGCTTGACGCCGAATCTGCTTCATTTTCAGTACAGGGGCCATATGCATTGAGTGAGTTTATTGAGGGTCTTATGTACCCGTACTGAGTCGCGTCGTGAAATAGTAGTGGATAACGATACGCTTCTGTATATGAGACCTTTCCGTTCTAGAGAAGTGCGCGAGCTCGTATATAGGGGGCGCCCCAGGTTGTCCCACATTCATCAGGTCTGCCTTTGGAATAATCCCTGCTATTCGTTGGTCCGCCCGATGCCACTTAGTCCAATTCGGCAAGAGCCCGCGGTTGAGCACAAAGATTAGCCTACAGGCCGTCGGAAGGCGGTCAAGATGGACGAGCGCGTACGCTCCCCGATAAGCTCAGATCAGTAATATATCCCTGATGATCCGGCGCCTCTCATTGCGTCCCCGCGGGTTGAATTGTCTACTGCGGCTATTAGACGTGCAATATAAAGGGCCACTTCCTACTGTAGACAACATTTCTGTTAAATATC,1625,49.78,Saccharomyces cerevisiae
SEQ_356343,AGAATATTGCTCCGACTAAACACCCGTGGCCCACTCCGCAATGCGTTAGTGTGGCTAACGGATATCATCGAAAGTCAGGAAGGTTATACTGTATCGAGGGCGGGTCCTATGCCATTGCTGTACCGGATGCCCGAGACGTGGTCCCATAAAGAATAGGATAGTACGTATGCCCAGATTCCACCCCGACCCTCCAGGGTCGCTTACAACCCGACTCATCAGACAATCTCACAGTATTGCAGACCCTACAGCACGCTATCGATGGAGCGATAACGCCCTATTTGGTTAGTTATAGATCATGTCGCGTCCTCAATATGCCTAAACGCGGACAGCTGTAGAGAGCTCTATCTCTGCTATGCTGTAATGTAAATTAAGCAGCAACGAATCTCATGAGTGAATTCCTGATCACAAACGGCCGCCTTCTCCTTGTTAGATTGTAGCCAACCCTCAACTACGGTGTAACTGGAGGGGTTCGTGTCAGGCGGACTCAGTATTATTTATACTGATGCATAGGTCCTGCGAGGCAACCGCCCACACCCAATGTGCTGCACATTGCCATTCCATAGCTACCGAAAACACAACCACTTGTGACACCAAGACCATCAGAAAGTGTGGCCTGAGAGCCGCGGGCCTCCCACACAATGACCATGGCTGAATGTACCGCTGGTATATACCGACCTCCGTTGCTGGTCGAATCTACTCTCTTGCATGCATATCTCAGTCTTAATCGGTGACGAGGGGCCGATAATCAGCAGTCTGATATCATCACAAGTATAGTCGACCGTACGCGAACCAATTAATCTCACCAAGTGGAGTGTTACGCTTACGAGCCGGTGGGCATCATGCGTAAAGGGTTTGTATTATTGAACGCACGAAGCCATGTTTGTCTGGAGGGGGCCTGAGTTATACTACTCCTCTGGCAGTTCGAGATACAAAGATACCTATAGCGGTAGACGTAGGCTAGTGGAGTTTTGGAGTGCTGTCTCCTGGTTCAGCCCTCAACATCTACTCGATAACTCTGACGATTGGGCCTGTGTCTGCACAGGAAGCATCTTTCTGGCCCTATTTCACGCGCCTGCGGATAGTGATTATGCTTCAGCCAGAATATCGATCTTCCTAGGAACCTTACCATACGGCACTAGCCATAAGACGTAACCCTGCTTATTCCAATGAAGCAATGGGTGGGGTCCTGGAGGCGGGATTACCGAT,1206,49.92,Mus musculus
SEQ_593932,ACCCCGTTTACTCAGACCAAACGCGAGAGGAGACCCCAACACTCCCGAATAAATGGGAGAGTGGAGGACCGCTAACGTTGAACTAAAGGGCCATCCATTAACAATCCATGACGCGGAACGTAAATTAGGACACTGCGGGATCCCGACCGGCTGCCATGAAGGAATTACCACCTCCCATAGACCGGGACCGGCTGTATATCTGATCTTTTATTCAGCTCTCTCGGGGCATCTACAGCGTTAGTTTACCCGAGCCCGTGTCTGACACGGTAAAAAGCTATTACACGCAGCACATGAAAGTCGATTAATATAGTCTGCCAAGTTCGTATCTAAAGGCCTCGCGCGGGTCGATTAGCAGATGTAACTTGCGGCCGCTTCCAGACGAGGCGAGTGGGCACTTCACCACAATTGTGGGACCACTCACGTTACGGAGCGTTCTAAACCCGATGTGCTGCGTAACGACGAGGGAGTACCATACTGCTGCATAACCTCCAGACGGGCAGGTCCAGCGCCTGGACTTTCGACTACTAAAGCCGTTGGGATCGGCAGTGCATCCCACATCTGACTCCCCGATAACTGTGCTCTATGTATATTTACAATGGCCGCGCGACATGATAAAGTTTCGGATGACTACTTCTTGGTTCGTCCAGTCGGAAGCTCACAGACATGTGCGTCCATGTCGCACGATGACGTGGAAAGAGGGAACGGGACTGAGTACAAGATAGTCGCAGAGGGCCATATAACTGGGTATCGAGGAGTGGGGCTATTCGCAGCCATGATGGCCATCCCGCCCGGGAACGAGGACAGCTTTAGCTATTATCTCTGGCGACAGGTAACGACGTCGTGGTAGGGTTTCGCGAGAGTCCGCGAAAGATTTGGAGTGGTGCCACCTATCATGTAAGCGCCAAGCAGCGTGAGGACCCGCAGGGTGGATCCGCCCCTTCTGCTGCATAGCAACGAATAGAACCGTGCTCAAGGGGTCAAGATGATCGCTGTCAGACAATTCAGCCGTAGTGTACCCGTTTGTTTGTGAAGATAGGATCCCACTTCCGGTAATGGTAAGGGCCGAGATTGCTATTCCTAAGAATATCAGACGCTAATTCCAGTTTGGCGCGTGACCTAACCGAGTTAAACTACAGCGATCCAACTATGGGGCCCATTCAACAACCTCCCATGCGCTCACATTAGCCGTACTTCTGGGTGTATCGGTATTCGACTGAGCAGGATTCAAAGACGTTGTATCCGAATAGGGGGTGATGGATCAATTAAATCAGCAGTAGATCTCTCCAAAGCCTGCTTTTATTTGTTACCAGCGAAACCTGTGCAGCGAATTACCACGCAGATGTAGATCTCACTCCGAAGCCAGATAAGTATAAGACTTTGTTTCGGTGTGAGCTCACTTAGTGGTTCAAGCACGTTCGCTACGTGCGGACGGGCCCGAGCCGTTTATCGCATTAGTTCGATAATGGTGCCGCATTCTGAAAAATGTTCTTAGCTTCTCTTAGACCCACCTTTAGCGGGTTAGCTAACAATTTTCGTGTTAGTCTGTGACAGTATTCCTTTGGCAGTCATTTGAGTATTGCTCTAATGCTGACTCAAGCGTTAGTTCAATGTGCTGCCAGTGGTACCGCGGCCTGTAAATGGGCGATGCGTATCTCCCAGGCACTCA,1666,50.96,Mus musculus
SEQ_432788,TCATAAATCCGGGGTTCTACGGGTAGCCCGTCTGCCGCGTCTGTCTAATTCGGATTCGCACGGGATCAGTCATCATCCGAGTTACCAGTCCATGGCTAACCCGAGTAACACACGCATTTTACACCTTCATTTTTTACGCTGATTTGAACGTTGATCACGCGCCTAAAAATGTCCGGGCCACGGTGTCTATCATTAACATAGATGGTGCGAGCTCATTGAAGGAAAAGCCTACGATGCTTCCTCTATCTAGTAACGGCCGTGTTACGCGCCAGCGCACCACACACCACGAGCGGAGACTGGATACTACCTCTAGCTTCTCGTCCTCTCCCCATCAACTGCAACCGGCACAAGTTCGCTAGCTTGGATGACCGTGTCTCGCTGGATAACTATGTTGCTGCCTTTCCAACGAATCAGCGGGTAGTGAGCATGAGTAATATTGTCTGTCTCCGAACCTACGAGTGCAGCGCTCCTCGGTATACAGGGGGTCCAATACCCTTTTCTAGTGCATCAGGCACATCAACGTACGTAAGAATTTAAGAAGCAGGGGGGAGCTGAGTGAGTTGTCCAAATACAGGGCTAAGAGACATCCAGGATGATACTAGGAAGTCTACCTGCGCCGAAAGACGTTTTGGGTCTCTAGGCAATTATCCTAAAAGTCTACTTACATTCCCACCTCCGACTCG,683,50.22,Escherichia coli
SEQ_123029,AGTAGCAGACGATAGACTGTTACCCTATACTTCTCTTGAGGGGTGCACAAAAACCCGAGTAGTCATTTATATTTCAGAGATGCCGTCTGAAGAGTCGCCATTTAAGCTGAAATCACTGATGAGCGTTAGGTGTAAGGCGACGGCTGTAGGCTGTGGTCCAGAAATGGGTGAGTCCTGTCTCCTCAGGACTTCAGGTTGCTCGCACTGTCCCTTAGGCCGGATGAGCGAGTGTAACGCCCATCCTATGCGAGAACTACCTCGGTCAACCGGCAGGTATGCCGTGAACGTCAAAGAGACCTTCGTTGGCACGGCCAGCTCCAACAACTAATCATTGGTAACATAATCTCGATGGGCCACTAATACAATTTATCGGTGAACTTGACCGGAACAACGCACATCTCTAGTCCAGGTCTTCTATTGCATGGCTGACAGCTCTTCGTATGGCGCTTACGCAGCGGGGAATAGACCGCTGTTTGGGCTATCGCGTATGACCCGTGGCCTACCCGATA,509,51.08,Escherichia coli
SEQ_323132,TAGATGAGGTATTAGTACCGGATTCGCAGCCATGGAGACGGGATATCACTCGTGTCTTCCTAACAAGAGTGACCGAATAGGAATCTCGATGGGGTTCCATGGTGAGCTCCGCCCAGAAGTTGCGAGGGTCAGTAAGCTCCACACGGGGAGATCTGACAAAAAAGCTCCTGGGAGGATCACCTGCTATGTAACCGGGGTTGGTCGCAGAAAGCTATGGTCAGCCTGTGTGTAGATCTTTTAAGTTAACCGTAGGGGGCTTCGCTGGTTTTCGAAAATCATTGCAAGGTTTCACGTTAAATCCGGGTCTATACTTAGCGGAGTCGTCTCAGTGCCCCATTGACACCAGATTGTCCTGACCAACGCAACGTTACACGACGACAGTGTCTCTGGCGCTAAAGGGGAGACCTAGGCGGGGCTAGTGACATGTCAAACGGGATTATCATAAAGTTCGCTGTTGACCTAGGCGTCTACAGTTAGGTGGTACTTCGGAATATCTCGCGAATGTCGCAAGTGATAGCTGGGTAGGAGTAGGAATCACCAGCCGGAGCCTCACCCACGCGGGAAAGTTGGAACACTTGATAAGGGAATCGATTAGCCAAAAAGCTCGTCCAGGGCACAGTCAGTTGAGCTCGTACTGCGCGGAGTGCGGAATGTATTTGTGGTGACTATGAGGTGGTCGCCCCGTTTCCGTATTTATTATCTATAACGGATTAACAGTGGCTTGTCGGGGGGTCAGGTATCGTGATAACGTCCCTTCCTAAGGGAGCTTAAATCTTCATTTGAATGAGAATTCGTACCTTAGATCTTTGACATAGCCATTCTTGGCAAGGGAAGTGTCATCCACTAGTATCGTCGGCTCCTTCAACTCACGGGGGTCGGGGGCCCAACAGGTTATGACCATTGGTAATTGACCGCTTATCGCGCACCACCCGCAGGCATCGGGTTCCACGGCTAGGTGAGCCATCACTGCGAACCGGCTCTGTCTGTCCAAGTCATACTCAATCATTGTACACGATGCGTCTTGTTGCAGAGACAGATATTGGCTTTAAGTGCGCGAGTTCTACTGCACATCATCCTCATAAGTCACGGGATATGTGTCGAAGGCCTAGGACTCAGGCGCTGCTCTGCCCCGACATCTGAAAGGATAGATACCCTCCAGCAACGCAGAACCTCCTGATCCGGGCCTTCACAAGACAAGTAGTCTGATCCGCCGCTACCTGCCCCTTTCTTAACTTCGGTAAAAGCAGTCCCATAGAATACTCCGACTATTCCGAGACGAAGTGTACCCGAATAGAGCCTTAGGAATCCTGCACGTACAGTCCTACGGCTCAAATCAAGAATCGCCTGCACCCTATTCATTGAGGAACCACCCCTATACGGGAGAATTGGATGGATTCGCAAATGAAAATCCTGGGTTTACAAGAACAGCACACCTAAAGAGTCTCGTTGACAAACGTCGGGTATCATGATGCTTGTCCCAGAAGTCCCGCGCATCCCAGACTGGTAGCCAAGGG,1514,50.86,Arabidopsis thaliana
SEQ_726017,ATCAGGATCCCTCGAAGACCACACACACGCCCCCGATAAACGTTCTAGACGAATTTCTCGCTCGTCCAAGAGCCGGAGCATCCGTCACTACTTTCGGTGAGGTTGGAATCCCTCGAGCAAGATATGCTCCCGGCTTGCCACGCCATGGAATCTTGACCGAAGCGACCGACTTGGGCAAAGACGCAACCACTGGAGCGACTAATTCAGGACATGAGCGTGGCTCTTGGGCTAAACGGGAAGGGTCGGGTGTGGGAGGTCTTACGTGCTCCCAAGAGCGCGCAGTCTTGTAGGCCACTGCGCAGCGAGGGCGTCACAACTACAACTCGGCGTGAACCTCCCGGTCCCCGGGTACATATCTTGATAGGAATGGTATCCCCGCTTCTCGACTATTCCACTAATACACAAGCGTGGCCGCAGCAGAAGGGGCGGACCCCAGCGTCCAACACTGCGCGACTCTCTCTGTAGTAAGGGTGCGTTGATATGGTCATTGCTTACACACCACATTGGTCATGGTCCTTCTGTTCGGCGAAATTTGGTACGTAAACACTCAGGCAAACCGCTTGGGGCTTGAAGGCTGTTATCCGCTTTTGGACAGACGGTCGCGGCGCACGATGGGAGGCCGCGACAATAGACTATGTCTAGAGTAGACCCAGAAACTTCCCGGGAAAACGGTAAGCCAGTAAGCGGGTCGTCAAGCCATCATATGGGCTTTTGACGTAACGATACGGTTATACATCTTCTTATTGAGGCGGATTTGCTGCCAATAAGGTTACCAGCGGCTGGAAGCAGTAAGC,794,54.66,Saccharomyces cerevisiae
SEQ_851225,GTTTTAAACGAAGTCTCATTAAGGGGGGATGGCCCACCTGTGGGTCCGCGCCTAGCGTGCGGGTACCCCGGGAATTTTGCAATTGCCAAGCAAGTCGGCGTAACCGCACCCCTTATCTCCTGTGGATCCGTTGCGATGTTAAGGCAACCCAGATTAGCTGTGATATGACTAATTGGGTGTGCTACTCAGTCCGATCGTTCAGGGCCGTGATGGCAGAATTTGAGTCGGGCACGACATAAAAGGGCAATCAAGATAGTATAAGGTGTGACTATCGGGCGTTTAAATTTGTCTGGCGAAATCAGCTGCTTGAAGGCCGAAACTAGGTCGGGTTGCTATAGAGAACTCCTCAATAACACGATCTTGGAAAGTGTCAAGCGCCTGAGCGACCGCTCATTTAAAGCGAATATTCGCTAGCGTTATAATTCTTGTCGGTACGTTAGGTATCAAGCCGCAGTTTACCACCAACTAAAGTTGTGTCGGCCAAGCCGAATCGAGCCCAGCCTAATTGGAAAACCAAGGTGCTGGGAAGCCCACTCTTACAACCGAAGGATACTGCCTTAATTTCGCTCGGACCCGAGGGCACAGCAGCGGGCGTGGGGTGGAGATGACAGACACAATGATAATCGATAAAAAAACATCCTATTAGGTCCTAGTTTCTTCTCCTGTCGTGGTAGGTCTCAGGGGACCTGGCCTTCCAAAGGAGTGTCTTAGGGCTCTTTACCTGACTTCAACTAGGCATTGAGCCCTTATAGCGTGTTTCTTAGCGGAGAGTTGCCTTAACCATTTAAAAGTCCAGTTGTACCGATGTATGGGTAGATTCGGTTAGATCGTATCCTCGACGGTCTCCGGCGTATTGAGTGCCTGTGCTTAAATTTACCCCTACACGCGTATGCGGTTTTCCGAGCCTGCAGTGTCTAGGTCGAATCCCCGTAAAAGCAAAATCGAAATCTCATTCCGTGCAGTTTCCGAACGCGATTCGAATGATATGTTATCTTACACTCACGCTACTACCTATTTTCAACCTCCAGCTAAGACCCAACCAGTGGGTTTCAACCGAGTGTACGGTCATTTCGTACCGTACGCGCAATGAGGCAGAACGGACCTTGCTGTGCAATTAACCGGTACAGATGAGTTCGCTAAAGTCTTTTGAGAAGCCGATCTGGAATAGATGGACAACCCTCGGAGATCATTGCAATCCTCACTAAGTCCCGTTATAAGGTTGTGAACTCGGACCTGCAAGTCCGTACTTGACTGATAGTTTGCAGTGCCGGAAAGCAAGTCCAAGCCAAATTCCGTTGTGTCCATCCTTCGTCTTCATGTCGCGATTCCCCCACCTCGGGCGAATCGTCCGGCCTGAAGGCTTGACTGTCATCAGCTCAGTAACGCGATTTACCAGGGTAGTTAGGATATGCGACGGAACA,1421,49.47,Caenorhabditis elegans
SEQ_473132,TAAAATGTGCTCTTAAGTGGGTAGGCCTACTTGAATGGCAAGGCTGTCATTTTGCATAGCCTCCACGGGACAAACATGAACCGTCAACCACAAGGCGTGTCGACGCTACGCTAAGATTCGATTGCGGCATATACTAACGCAGTTGTCACTTTAATCCCCTTATCACGGAAAGCCCAGCTCAAGGTTTTCACGAAGGATAGTTTTTTATGCGATCCGTTACCCCAACACACGATTCGGGAAGCAGGGCGGCAAGGTGTTCAGCGATATCGAGTACTAGTTCCGTAGTCGGGAAGTACAATATGCCGAGTGCACTCCGGGTAATGGGGGTCAATACGGACCGGCCGTAACTGCATTATTGGGGTTGCGGAAAGGTTAGGCACAAACTATACTCATTCGCAAATAGTTATTTACTATTGCTATCCTTGGTGCGCAAAGCGACTTGCGCTCTTGCCCCACGGTGCAAAATACGATAGGCGCATGCTGGAAAGGCGTTGAACAAAAGAGAAAGTGAACAACTGAGCTCCTACACTCTAGGCTTCGCGCATCGCGTGTCCTGAAACATCGATCGCCATGGCAGACAGCCTCAGTGGCTACTTAACCGGTGCGACAGGGTGCGATTTGGGTTTAAGGACATCCCGTGAAATGTTCACGTCGCCTCATAAGGAGCGCATTCCCGTAAGAGTTAACGGTTAGCTATCGCATACCGACAGTCAAACAAACAAATACATTGATTAGTAGGTGTGCATCAGTCCTCGGGCACCTCTGGTACACCTATTTTAGTCCAAACTTACATTCTGCGCAAGGGGTAAGGCATTTCCGAACAGATTTCAGCCTGGCCCCCAACTAGATAAAGATTTTAGTTTAATCCTTTCCGTACCCGTCTGAGATGAGAGCGCTGACTGGGAGTATATTTGCGTGTGGGATCACAGCAAATGCATGCGAATAATACGATCGCCTGTTGAATATTCTGTTTAGCCACCACTACCCGCCTATACCTCGATCCCCGGAACGCCTTGGTCTTAACTGTGTCGTCTAGGCTGCCAGATGTAAGTTAGCGGGCTTATATGGTACTGTGCGGCGGCTGTTGTTTTAGGGCATGTAGTGACGCCGGAAAGAACGGGCAACCTCTTCCAGACCCTGGTGGCGAATGACGAAACGGGTAGTCTCTAAGTTAACTGAAATGTAAGAGCCTTTCCCCACTGATTGCTAACCCTCCACGTGAGCCTGGCGGGCCCGTGGAGCAGGTCGGAACGTTCAGGCGTCGACGAATATGATCTAAGATTGCCCACTGCCAGCCCTGGAGGTGGGATTACCGACTGTTGTGAAGTATTTGCGATGCTGAATATCCCATGGACGACAATCGAATACTTGTCTACACCGCCTGGAAGTTGGCAGTCTTAACGTTCTCACTACGGTTTGCTCGCCATCGAGATTATGAAAGTGTGAATAGAGTCTTCGTATGATTCTCTAGCACCGCTCGTGAAAGCCTCACAGTGTAACAAGGCGAAGGGGAAAGGCTCCGCAAAATAGTTATCCATCTAAGGCGTTAACTGGGCTATTCAGGAGGTTTCACCTGAATGCCAAAAACGACGACTTAGCCTTGATGTGGTACCTCCTCGGGATAAGGCGGAGGACAGAGTCTTCACTGGACCCCTGTTATCATGCAAGCGCCTTCCGATACTGAACACCATAGACCTTG,1699,49.62,Caenorhabditis elegans
SEQ_517629,GGCCTCCGCCTGCTCGTGCTCACCTGCCACCCTGTAGCACTTGCAGTCTAACCTTGGATCTGTGTAAACTATCTGCTAACAGTTCCGAGCATTTTGAAAAGTTGTGATGACTAGATCAGGACCACGTGGCCGGATCGACGGTAACAATGGGGTAGTCTAACACGCGATATCAGTGTGCGCAGTCTTTTGCTATTCAGGTCGGACATGTCTAAGTAGTGATTTGTGTCCTCTCAGCGACTCAATTAGGTTAAAT,253,48.62,Saccharomyces cerevisiae
SEQ_964628,GATTAAGTCTTTTGCATTATATTTGTTTTTTCGCATCACGGCAGTTAATTGGCTGCATTAATTCTAAACAGCGTACCTTTGGAGGATATGAGGCGGTTAAAGGGATGGACGGTTAATATAACTTTTTTGTCTTAGGGTGTTATACTTGCTGGTAGCGCTAGTTAGTATGGTAGTCGCAATAATCGGGGTCAATCAATTCAGACATCTTGAACTTTTGGCTTATGAACCTCGCGGCAGCTTCGATTTCTCAATTTGGTTAGGGACTTTAAGGTGGTGTTTCCGACGCTCGGTAGTTTACTTAGTACGCGTCTTGCACCGGTAATGAGTCTACATGTGAGCGCTCGTTGACGCCTAGAGCGGCGATCGACTACGCCTACGGTATGGTGCCACCAGGCCATCAGAGGTACGGTCATACAGGTGACTTACGTCTAAGACTACATGAGGAGCGGTATAATCGATCCTCCCTCCGGATCTGTATGGAACAAAACTACATAACGACTCCTTGAACTATTTGCTCCGTTCTCCCGCGTGAAAGGTGTAGGGGGGTCGGTTTAGAACTTAGTTTGAGCATGGTACCCTGCAACCACGTAGAACCGCACAGTGTAATGCAAATCTAGCGAAAGACCTC,628,46.18,Drosophila melanogaster
SEQ_417704,AACGGTAGATTAGAACTATCGGTCGTCGACTCTAGGGTCTGGGGCTGGACGGATCATATGATGCGGTATACTCGACCAGCGTGGTTCGTTAACCTTCGGGGACGAGTGATCGCAGGCGGTTGCTAGCGTTGTAGAGCTCGACATTCCCCACCCATGTTATGCTCGGTCTTGGATTAAAAGTTGAAGTTAACCGTAATTATAACCTGTCAAGCATGGAAATCCCGCGGCACTTCGCCATTGGCGATAGGGAGAGGCCGAAATGAAGGCGTCTTATGAACTCACACAGTCATTTTACTATGGTGGATTCCTGCGAAACAATAGCAGCAGGAGACGTCGAGTTGTAGATGCAGCCCCCTGGGGTGAACGTACATTTTCTCACCGTATCCTTCCTCCGTCTGACATCATTAGCAGGCTTACATGGTCCCTACCTAGTATCGCCCGAAAAAACTTGAATGTACAAAACCACAGGTGGGAAGTACCCATATCCGGGCGGAACAGCTTTTAAATCCCTACTGCAACGCCATGACCTCAACGGAGTGTGCAGCCGCTAGCGTATCAGCATAGTTCATGTAATTTTATGGGATCCTCCTCTAATATGATGTCCAGTAACGTTGGAGGATCGGAAATTGCGCGTAGCGAGAGGCCTGTTATCAAATGAATATGGTGAAGACAGGATCGAGACTGTGCCCCGAAATGCGGCATTAACCATTACCGGTCCACTGGACTTTGACTCGCCTTCCATCGAACTACTCCGCTTAGGCGTAGGCGTGGCCTCGGGGTGACTAACCGTCTTCTGCATAACTGAGGCAATTAAAATTGTGGAGGGTAAGTGCTATAGCACGGTGATATTCGGTTTCAAGGTTCTACGCCGCCGGTGGTGCCAACGTTTGACAAATGACGTGAAGGCGGATACATCACTATTTTTTAAAGATTCTTGAAGAGTTAGATCTGTATGCGAGGATATAGAGAAGTTTTCGCACTCGTGCCATAAGGACATCTGACAACTCGCGCTGTAAGCTGCCGCTGAAATGGAAAGTGCCAATGTTTAAGGGACAGAGGGAGGACCTACATGTTGCAACCGAGGGAACTATCCACGTACCCGCTAGTTGGCCGTCGTAACCTGCGTTATGCTGCCCGCCGTCGGGTCATAACCACATATTATGTATCCGATGTGAACAATTAACGATTTATCTTGGTTTTCCGCGAATCGCTAGTGGCAATATGAATAGGCGAGGCACGTGAGTAAGGTGTTCGGACGCGCCTCCCGGTCCCTACGGACAATAAAGTTTTAAGACCGCGGATAGCTAGTGACGGGTCCTCGCGTCGGGGAAAGGCGTTCCTCGTGCTTAACCGGCAGTGGAAAGAACGGCCGGTACCAGCTTACGTAAATTGACAGATACCAAAT,1405,49.68,Caenorhabditis elegans
SEQ_808260,GGCAACCTGCGCTTCCGAAACGCAGAACCAAAACTTAGCTGAGAGACGCGTCCATGAGCTGTGTAGATAACACATGAATAGCTGAAAGACTGCGAAATGGCGCGCTTACCGGCCAGGGGTTCTAACTTGGCTCTATAGTCTGATTTAGACCCTGTCAATCAACTTCTATCGCGTTTTCTCGCTAACCACCTATGTGAGGGGCGTGTACTCACTGGTTTCTCTCAGGAACCCTCTGGAGCGCCGTTAATAAAAAGTCGGGGCGTGCGTGTCACTGGCAGACTTGCAACTAAACTTGCCAAGCACGTAAAAAGTGGTTACACCTCAGGCCCCCTCGTCTGCGCGCTGGAGGGCAAATAGCCAGCTAGGATTCGGTTTGTTCATATCCAATTCTGTCAGGCTTAACGAGTCCTTCTCAGCAATCGTTGTGGCCCCACCCGGTGAGCTAGCGTGCCACTGCGTAGCCGACTATAAGCGGATACTCATGTAGAGCAATCTAGTCGCCGTTCGTGCTGTGTGGTCACTTGGCAATAGGAGGGTGCTATGCCGCCAGTTCACCCGCTACATAAAGCTTGCTGGGCCCGGACTTACTAAGATCACATCCGGGGTTCGCAGTCCGATTACTAAGCGAAAATAAGTCGTAAGAGACGATCGTAATGTGGTGCTTAACTCTGACGGCCGCGGCGCTGGATACGGGGAGTGGAGCTAATTCACGTCCTAATGTGCGCAAGCAGTGGGAATTAATTAGCTCTAAAAAA,755,51.66,Drosophila melanogaster
SEQ_318260,ACTTGTACTTCTCGTGTCTATAGAAAAACTGGGCTCGTCCTGATTGCGCAATAAACTGAGAGATCACAGATATCGCCTCATGAAATGGCGTTTGAAGAATAGACTTCTGGTCGGAGTTAACGCCAACAGGCTTCTGCATGTGGAGTCCCGATGCAGGTGGTAGACCCCTCTAGCCACGCTTACCACCCAACCGTCATCACTATTCCTGGGACCGATGTATCTGTGGCTAGTGTCAGAGTTATGCATTGATTTTCGTGATTCCAAGCCTACCTGGATCAGGTAAACAATGTGTGGAAGCATAGCCCGAAGTCACTGTTGGAGTGTAATTAGTAAACAGCGCCAGAAAAGGACGCTTGTGTAAATTTTCGGTTTGGGAGCAAACGGATGGGTACTCGGCATACGGCTGGGTCCGTGATTAGTGCCCAGAATACTACCCGGAGTCTTGGCGGCGACATTACTAGATGTAATCGCATAATCAGCACATGTGCGAGTCTGGGCGGAACGGGGCAATATGACAAGCAATTGTCGTGAATCTCCTCAGCGATAACACTAGTCACTAGACTCGTCCGGGACAGGTGGTAATGAAGGTACAATCTGTATGCAATACATTCAATTGGCGAGGACGAGTGAAAACGGATGAGTCGGGGATTGTACCTAAATCCTTCGACCCAGACGATGGTAATACCGTAAGGGGGCGCGAGTGCACTCCCGTAGTTAACTTATGCAGTGGTCGCCCAATGCTGCATGTGCTTCCGACAAAGTAAGGTGGATATTATGTTAGCCGCGCCCCATATAGCAAACAATTATTGCCGTTGGCCCACTTCCCGAGCGTCGAAATCAGCCGAACAACACTCAACCTGAGCCCAATTCGCAGATAACTTTTTCCAGTTACACCCTACTCCTCGTCTGACATACAAAACATGGCTATGCGGATGTTTGGGAACGAACGGAGACAGCACGGGGATGGCGTTCTAGTCATTACCTGCTTCTAGGCATTATATTCTAGGTTTCCTTTATTAGCAACTCTTATGAGTTATAAACGTTCGCCACATACTTCCGTTCCGTTGCCCGATTGCAAATACTGGTTGGCGGGGACAAACCTTCGGGAACGTACAATGCCCCCCAAAGTATGTGAAGGGTGTTATACCAGTCCATTGTATCGTAACATTTACGAAAGTACTACGTGGAGCAAGGGCCCTCATTGCTATGGGTCCCAGTTTGGTCAAGACATTGTTACGCGGTAACTGATGGCCGAGTCAGTTCCGGGCTCTACAGTGACCAGTTCCCTAAGTCCTACATCCCTTATACATGTCGTAGAGCTTTCGAGATGGGAGCTGACCCACTCGCGTGGTCCATCCGACCTACGGTTGGCTAATGTTGGCTCTCTGGAAGGCCAGTACGAAAAGCATCGGCCTCGACATCGTCCCTTTAGTCGAAAGGAAGGCCTTGCTCTCGTAGTCCTTTGAAAGAAGGTGGGGGAAGGTCCGGGTAAGCATAACGGCGATTTGGTAGCACATCAAATGCACGGTCTTTCCCTTTGCAGAGAGATGAGTGGAGACTAAGCTCCGATTCATGCTATACATTCCGATATTCGCTATCCATTGGTGATTATTCGACAGAACCGCCGTATGGGCACCCCGAGCTCCATAAAGATATTATGCTAAGCGCCCTGGCGCTATCTACTTCCCCGCGAAAATGGTTAACCCTTCTCTTCGGCACCCCGTATACACATCTCTTGCCCTGTGAGTCGGAGCATGTGAATTTTCCTCGCATCCGATGAAGGCGTCCCCGTTAGTTACAATGTACGCAGAGAGGTTCTTTAACACTTTGCGAAGCGTGAATTCAAGTTACACTTTTTCCTGGTTGGTCTACGCCGACTCGGAACGTAGGAACCGCCGG,1899,49.39,Drosophila melanogaster
SEQ_406871,GGGGGGGCTCAAATATTTCGATTGCTCTTTGGGGATGTTCAAGCGAACCAGGTATTCAGTCCCCTAGAAGATAGTCGAGTAGCGCCTCGGTACGACGACAGCCAGCACTCGAACGGCACGATGGCTGCGCCTATACGCCTATCCGCAGGATGGTTTAGTGTATGGTCTATCATACCCCTCGCATTGTCCCACAATAATATTAATATCCTGCACTCCGAGCTGACGTTTCAGTAAAGATGAGCTGGTTATCCCAAATTTGATGCTAGTGAGATACAATGGTTCCAATAACTACGAGACCAATCGACGTGTTTTATTTAGCTGGGGTGCCCAGTTGTTCTGGCACGGTCTTACATAAAAAAGTGAATTCTCGCGGGATATTGGGGATTGCTGCGTCCTCAGCTGTTTGAAGGTGGAGAGAGGTAACTAGAT,429,48.02,Saccharomyces cerevisiae
SEQ_143334,TAGATTGCGAACGTTCTGGCTTGATCTGCCCTAATTCTCGGCAACAATTTCCCGATCAACGCATTTTATTATCTTTTATCCGCCGACGGTGAGTGTGATCAGGGCCATTCAAACGCGCAGTTCGTGTACTGGTGGAGCTTATAACCGGTTGATCTATTGGCTCCCCCACCTCCTTGCCGCCCAGGTCTAGAAAGGAAATACCATACCTGGCATTGGGTTGTACTTAGGAAGGTTCTTCGCCATGTAGTGCAGACACAGAATTTGGCTAGATACCCTCTTGCGGTTCTGGATCACCCGCTCTCCCGTTAAGACTTAATGGGCCGAGGGTGTTCCGCAGCAAGTCATCTATGTACAAACCGCGGGATACGTCTCGCATACATCCGTCGTGATTTGGACTAATGCCGAATCGTTACGGTAATCCTAATACCACAAAACTTAAGTCCAGTGGGATCATCATAGTGGAGTCCGGTCCAGGCTACGTGTGCTGTAGCCCAAAGACAATTTACGTCTGAATATTGAACGCCCCAATGTTCCAAGCGAAGCGGATGGGAGAGTCAAATGAATGCGGGCTTGAGGTCGAGAATTCTAACTATTTCGTGCACATTGGTGGATCGTCGTTGCCGACTTCCTGCAAGACCCTATGACCTTACATCACATCCTGGTAGCTCTATGGTCCTATTCCCCGGCGTGGCTTTTGGCGGATGCTTCCTCACATGGCATGTACGTACGACGGAGGTCCAACTCAGGCCAAACGGCTAGTAAAGGTCTAGGCAACTAATTCTAAATTAACATTAAGTTGGTACCCACATATAACAACTATCCTTCCTAAAGCCAATTGACTTAATGAGGCATACGCCGCTCGACTGATGTCGTCGTGCTAATGCCAGTGGGAAATACCCGAAACTATACTCATTAGGGTCAACGTCCTTGAAATCTCTCGTTTTGAACCCTATTACAAAGGAACATGTAGACGAGGTAGACAACCATAGAAGCTCTAAGTCTCGCCGCCATGAAGGAATGTCCATTACATTCCCTTCGAAATGTAATAGTGCAGTCTACTCAATACAAGTCCACGCCGGTGTTTTCCCTTTGTCCACCAATTACATCCCCGGTGCGGCAGGTTTAAGCAATACAGTAGGATTAGCGTATGAGATCCATTGGTCTACTCCGACAGGGCGAGTGATAAATAAAGTCACGGTGATCCTCATCCACAGTTTACAAAGTCAACGTACCGTCGTAGGAAGTCCACGCTTACCCATATGCTCGTCAATTCTGCGTCATAAACGCTAGGGCGCACAGCCGTCATGTTGATGACCCTTAAATGGGGTGGGCTCTCAACTGATGGACCGTGCCCGCTAAAGTTTCGGGTCTAACCACTTTCTCGCGTTACGGCCGTTTTGGCAGTTTATTGGCTGCAAAGCCGATATATACAAGAGAATCAAGATGTTCGCACCGAGACAGCGAGCTCCCACTCACGTATGGGGGCAGACGTGATATGCCCGAATAAGTCAGCGATCGGAATTCTTCCAGAGCCTCCTATGTCTCCCCCTCATACGCCATGGCACTCTACAATCGTATACCTGGGAGATCTCCTATTACCAACTATTCGACTCCGGTGCCGATGCAGCTGGAGGCG,1636,48.9,Saccharomyces cerevisiae
SEQ_393342,GGGAGCGGGTTGCTGGTGGCGCTGCATGGGGCTCAAGAGATTCAAGCTAACTGA,54,59.26,Drosophila melanogaster
SEQ_411373,ATCCTCGAGAACACCCTTAGCGGTGGTCACAGTTAAAGATCTTACTCGACCTTAGTAATTCCCCTAAACGTGTCCCCCTAGAGAGGCCTCTAGGAATACTGAAGCATTACGACTCTATCCATGCGAGAGTACCCAGCGCTCTCTGCCAAGAATGTTGGTATAAATCGTTAGCGTTAACCATAGGAAGCGCGTTTACCATACCCTTTCCTATAATTGACCTCATCATCATTTGAATGACGTCCCGTGGAATGGGCAAGTTGTCATAATTACGGCCTCGCGAAATCCTACTACTGTGGCGCGCATCCTCCGTTCTCCGGCCGTTTACTCAGCACAAAAACCAGGAGTCAGTGCTGTTATAACATAGAGCACGCGTGTAGAATTGAGTCAGGTTGGGAATTTAGTCGTTTAGTAGTTTATTCTGGCTCCTACTATCCGCGCTCACTGGCCACGGGAGTATCAGGGGCTAGCAAAAAAATCTTACTCCTTGCCCTGGTGAATCATAGCAAGTTCGGGCCTGCTTGCTTAGACCAGGCTGTGCGACTAGCAGGGCTCGTCCGTAGTGTACAAATTCGGGTGGTGTTCTAACCTGGAAAATAACTCCGAGCAGGCCGAGTCCTTACAGGATGTCCTACAGTCAGTTCTTAACTGGCAGCTGTACATGCAACTCTGGACCACGCTCCGACGCCTAACAGTGAGGAGAGCCACGGTGCCAAGAAAGCTCACTCAGCCGGTTAACACCACCAGCCGTCTTGCTTAGTAATGGGTTCCGAGGTGGAGCGGTTTCCGCAGTCCATCGATGTTTCATCTACAGGTGGAGTTTGGCATATGCATGGTAACATCGGTCGGTCTGTGGTCGGCGACCCCTATTGTAGATTCTCGTCCCTGATCAACGCCTCTACGTATTCAGTGCAGGTACATGGCGGCGATGGCTGGGACCGCCACCTCCCCGATTAGACGTAACATTTCCGGACCCTCCCAGCCGCATTCAACGTGACAAACTTTGCGCGTTGCAAGGTAGGAATCGCGTGCGCGATGTTCACTGTTTCACAACGTCGGGTCAAACTTTCATATTAGTCAGCATGCTTAAACTATACTATTAATAATCATGAATCACTGACGGATACGAACAACGATTTCCCTAGCACTACGTTCGTGGTCGCCCTCCTGTCTCAGTCCCTGGAGTTGTTCAGGCCCTGTAGGCGAAGCATTCGATGGTACCGTCAGGCTGTCGGCGCCACCCTATGTCTGGAGATGATTTAGTGAAGACATCACATGTCTAGACCTCTAATGTTTACCTAGATAATGAAATTTGCAAGCCGGGCTGGATTGAATAGGGCACTGACGCAGTCGCTTCGTGCTGCAGCCGACCAGGTACGCAGGCTACAGTTTTGATAGCTACGAATGTTGTCCACACGAGACAAACGCTCCCAATGTTCCCTACAAGATCAAATGAATGCCAAAAGGGATGACATGCTGACTTTGGAATTACGTCTGTCAGCAATCCGAGCAGTTTCAGGTTCAGGCGGGAGGTCCATATGTTGAACCAAGTCAACGATGAGGGGCTGTGGTTTCGGGGCTAAGAATATTGGGATTGTTCCCCGACGTGGATTATTGAGATACTAGAGTACTGTTGAAGTGCCTCGCAGTCCTTGATCGTGTTTCAAAGCGGCTAAACCAGACTTTAACGCATCGAGGCTGTCGATTACTGTAGGGGTTCTTGGATTGATTCTGAGGACTGGCTTGGGTAGCTGTCGAAGCACCACGAAGTGTGATCGCTGTGCTAAATGACATCGATTTGTTCGAGTCTATGTCTAATTCGATAAACCTAGTCCGCCGAAATTAGCGCCCCCCCCGCGCCACTACTATTGTGAAGTTTACCGGTGATCTGCACCCGGCATAAACGAGCCTAAACTGAAACCTAAACTTCTCGTTTGGTATA,1939,49.72,Mus musculus
SEQ_638964,TACGTTGTTGATGCGGTTCCCCTAATTACCGGCGACTGGTTGAACCTCTCGTGTATTGGCATCGCCACATTCTGCCGGACACTCTTTGTACACGCAGTGCCCCTACACGACCAAATGATCGCATCTGGTGTCTATTTTGCTAAATTAATGAAGCCCAAAAGAACATAATCGCTCACGACGGCCTGCGACGAGTGGCCTAACAAAATTCCTCTAAAACTGAACGTACCCATCCGCGGTCGGACAGCCTAAAGCCACCGCATAGCCTGTAATACGAATAATCGTACGACGCTAGCAGCTAAAAGCTACCCATTCGGTGATCCAAGACTCGTCGGGCGAATGGTGGAACGTACGTCACCAAACCAGCTCATTTCCATTGGGCAGTTTTAGTCACTCGAAGGACTCATGTCATTTGTGTCTTAACCTGCAGGTAGGAAGGACCCGCGTGGTTACCGTCGTGGGTTCCGCACACGAACGTCTAATTCTTGGAAGGCACACCCTTCGATCATATGGTTCAACATTTTTCTTTTGAAGACAATGACCTAAGGATTTAATATTAACGGTTCGTGGAACCGGCAATTTCCATCCAGTAACGAGACTGCTCTCAGTCCAATCAGGACATTCGACCACCCCCTATATGATTGAATATATTGCGTCAATAGGCTAGTTACAATGCACTCGACGTCATGGTCTTTCTGCTGTCTACGTCAGATTAATTGACAAATTGACCGGACTGTAGCGTCCCGGGTTCGAGTTTTCCCTTGATCGAAACTGATACTTGCTAGGGTCGGCCTAACGCCGAGCATTATGTTTCAGCTGGTTATTGACAGGATTCGTCGTGGGAAAGCCGTTAACTTCGGCGGAGCGAACACGTCGTAATTCGATGTTCAGTGCTTCCACACTGTACGCTGGCGACAGGGTAAACTGATACGAGGCCTCCTGGGGCCTCATAGATTGACCGACGTCAATATCAAGAGCACTTTATCACATACTCAGGACTTCTACACACCACGCCGGGACACATAATGCTCGCCACCCTTTGGCGGCGAGGCTCTGTCAAAAGAAATGTGTCAACAGATCACATCATGATGACTATCACTCCCCACTATTGCGTGCCGTCGGTCAATGGCTACGGGGCTCTTGAGCCTTAATAGTGGCGTGCTGAAGACCGGCCATAAGCATGTTGGGTCGACGCATATCACCTTTTAATTCGCAAGGACAACACTATAGCTCCCAAAATCTGCGGGAAGGACAGTAGCATATTGAACGCAGGGGGAGTTAATTAAGACATAATAGCGCCTATTTTGTGCGGAATAGCTGGAAACCGGTACTAAGATGGAGTGAGTCCTTACCGTTCAGGCGAACGGAGACCGACCCGCAAACCAGTGTCGGTGTACACGTCAGCCTCGAAACTGTATTGTGGCTTCAACGGTTGCTCGTATGCATGTGTCCCCGCCTCTCGAGTCCTCTGTTCCATGTTGCTGGACGTCGGCGGTGGACATGGTATGTGGGGACGCTGCCATTTTTTTTCTGCGTTCGGACCCCGACATCAGTTACACGCCTCGCAGTGTAATCTTACGACTACCGGCCTAGGAACGCATGGTTGACGAGAAGATGATTCTTATGCAGCATGTATCTAGAGAAGGAGTCGCAATCCTGGCGACTCGCCGCTGCAGACGCATTGACTTCCCCTCAGAGGGCTGCCCATGTGTCCGCATGTTGCGTATACCCTTGCTTACGTGATACACCTTGGAGTAACTACGTCTACTATAGTGAATAGCGTTGTGTTTAGGCGTTTTCCCTCTAGGTCAGCATGGCTAAATCTTTGGTCTATTGTGAGGTGAACGGTCCCTCCTAGCGATCGGGACAATACTACCATATGTGAATAGTTTGTCCAAAGTCGTGTATAGAACATCATGTCGGCTCCAAGCTCCAAGCCGCCTCCGCTGTAAGGATCCCTGCGTCCAGAGGCCCTGGTGTCCAGACTGCTACAA,1991,50.03,Saccharomyces cerevisiae
SEQ_870346,TTATATAGTCTTCTTACCTGATCGAACTTTGAAGCCGGTAGCATCGAGATCCTCTCATTCGATATAACTCGACAGGAATATAAATCGGATCGTTGAGCAGGATCGTTATTTCACGTTGTCTCGATCAGGTAGAGCTGCTCCGCGAC,146,44.52,Caenorhabditis elegans
SEQ_115852,CAGATCTAACTTGCCGGATCGCAGGTAGACTCACAAGTTTCAAAGCATGATGTCGGGCAAGACCCATACGTTTCTCCGCCTAGTCGGTTAGACTCGATTTCGAAACTATATCTCTTTGGTTCCGCCCCCGGGTTACGATTTCGTGAATAATGGGACGAATACCCTTACGGCGATATGGGTTTACGAACCCCCGGGTTTTTTTTTCACGGGGTTCGGTAGTTCACATAACAGTTCATATCTTACCAAATCTTTACTTCAGAGTACTTGTGTAGCTGCGCCACTCGCCCTAACCCAGAGAATTAAGTGCAGATTTTTCGGTTGAGGCTGTTCACCTGTAGGATAGTCAAAGGGAAGATGCTCAGCCGGAACTAGTGGTACAAAGGATGCATGAGTCCCTACCGCTTTTCGTGCTGGGCATTTTGCGAAGGTGTGTTCGTGGTCATCGGGAATAGCGGAACCTTCGGCACGGCGATTCAATCGCGGAGGAACGGGTGCATCCTGCGTAATGGTCAGTTGTGCTTTTGAAAGAGTATCGGCAGTGCAGGTTGGGGCGCCACTCAGGCGGCCGTGTTGTGCGGATACGATGATCAGTGAAGACTTCTGGGTTGACCACCGTTACTCTTCTCTCAGAGCGCCTGGACCCGGAGAGGTATTAGGGGGTTACTATTGCTTCCCGACTCGAAGCAATCGAGATTCCTCACATGCAAGTTCCTTAAATCTGCTGTCGATCAGTGTCTAAGGAGGCCCAGTTAATCCTATTTACAGTATTCGTGCTTGGTTAATTTTATAGGCCGCGCCTAACAACCCGATTTTCATCGGCGCGAGAATGGTGCGTGTGACGCGAGGACGGAGATCAGTCCCACGAAGTTGATGCCGAATCTCCCCATGCCTCGAGAATCCCCAAGGTGCCCGGTTGAGGGCAGTTTTCCCATCATCCGGCATAGGCCTCCGATATCACCGCGCCGCCGTCGGTCAGAACTTTTAAGTCCGCCAGATTGTTGTCGCAAACTATAGGGCTTCAGACCAATAGCTATTGGTCGCTAAGGAATCAAATTCCTTTCCCGCCATCGAGTACAGTCTAGTATCGTGTTTCAAACGCTTCATCTAAACCGGACATTTATACCGCAGGCTCGAAAATAAATTCATGACTTTATTCCCGGAGAAGAATCTGACGATGAGTCTTGTAGGATCGAGGGGCCCCGAATCGGGTCCAGGGTATTGCCGGCCTGTCACGAACTCCAAGTAG,1246,50.56,Homo sapiens
SEQ_545386,AGCTCAGTATGTGGACGAGGAATTTGCACGACGCCTCCGGTAGCCAGGGACTAAAGCCGTTCGGTTGGAAACGGCCAGAACTTCCACGTCTGCACACTGGAAGAATTATTGTGTAAAGTTCACTCACTAACATCATATTTAGCTAGCTTTCTCCCAAGCGGCTGCGTAAGTCCGCACGGAATAATCACTAACGGCAAATGAGGGTGAATACGCTCTCCGGCTGGTCAAACGAAGTCAGGCCACTACTCGGCAAAGATCCGACCCTATAGCGGCCCGCGAGCACCGCAGTCGTCTCG,296,53.04,Arabidopsis thaliana
SEQ_974379,GGTCTGTTTGATCCGGAGCTTGACTGGAGAGACACGCAAAGGTTCATTTGCCCTTTTTGAAGGGGGCGTCCCTCGCCGCGGCCATCCCTCTAAGCCTTGAATCTTTGGGCAGAGGTGCTAGTCTACGAGATTACTTGTTGTAAAGGCATTAGGTCACCATTGTCCATCGTAATATCAATCAAGAGGCGTTTGGAATACGAAACCCACTATCGCATCAAAACCGCTAACATCCGGAGGCTAGTCTCGCGGTCGTGATGGCTTGCAGCATTGCTATTCACAAATTGTGCTCAGCCCGATCACCACCGTGTATGCACAAACGAATTAGCTATTACGTCTCGTTTTTCGTCGTGGTATCCCCTCCGTGAACTAATCGTCCGCGAAGGTGATCTTGATGAGCTGTGTCTTGTAACGCATCCCACTCGTCGGTACCGGGCGGCAGGCGACTCCCCTATCATGGCTTCGAGTGTAGCTTCACACTTCGTACACATCTTTTTTCACCTTCGCCTTGCAATAAGGTCGGACTAATCATTCATCCCGTGCGTCACTTATCGACGACAGATAACCACCCCTACGGTGCTTTTTGACATAGATAGAGGCGAACCCCTAACAACAGCCTAAGCGTTTAAGTAAGCCGGTGGGACTCTGGCGACGACCCTCAAGGATGTGCTGTTGCTTGGAAACAGCCCCATTGCTTTTCGTAAAGGTGACACGAGGTGGGAGTACCTGACCTACGGTCGCGGAGAGCAGTGGACACCCAAAGACTCGTATATGTAGTTCATCTGCAAAGGTCTGGGGGGGCAAGGTTTATTACGGGCCTAGCCCAGACGGAACCCAGACGATCCACCCACGTACCCACCGTATCGCAAGCAGTGGACCGGGGCAGCGGTCCATCCCATGGTGTGCGTATGGTGAATGGCTGGTGGGTACTTTAACGAAAATCGCGCATTGCCAAATTGCTCGTCGTAATACAGTCGGCGGACCCGACAAGGCTGCACTGTATTGTTTAGTATATCACTCTTTATGGGACATTACCTAAATAGAAGGTGTAAGGATTGCGGCCGCGCGCAAGCCATATTTCTGCTTGCGTTACGGCAAATATCATTCTAGCGAATTTATTTAACCTAGCTGTACTAAACGTTACGTATCGCTGCCCGAGTAAACGACAGATTTTTGCCACGTGGTGGAAACGTCGAACATCTACGCTCGCCGTGCACTCAATAATGTGATTACTGCGAGCATGCCGTTCAATTTTGTCCAAAGAATATAAAAATCAGGAGGGATGGCCATACATACTGTAAGTGGGACCCGCCAGCGCTGTCCAACAGCCACAAGAAGGTCCTATCTCGATTCGATCGGGCGGGTTGCTACGAACGTAAGATGGGAATGATTGTAGAATGGCATATGTGCACGGGAGAGTCCATCATACGCTCCTGTGTGTACTGAACGGCGCACCAGACGTGTTGCTATTAAGGAACCAGAGGATCCCTGGCGGATGACACCCACGACTCCGTCACCCCTTCAGGGCCGACTTCCTCACTCTTCTTGAGCCGTCCCGATAACAACGCCCTAGGGCCAACGGCACCCCGCCTGAGGAGGGGACGCTACTCATGTAGCGAATAGTGGGATGGGAGTGCTTCCGCTATTAATCGGATGGGGCATCATTTAGTGGACAGGCAGTAGATCAGAGTTCATGGTAGGCCAAAGATAGAAGTGATACTAAATTCAGCTCGTTGCGCGCATTGTAGTTTAACCATTTCATAGAACGAGCTGGGATATGTGGAACGTCAGCGCATGTACATACCCTGAGGTCAATACAGCAGCTCACATGGGAGATGCTGGGAAACATCCCAAACCGAAGGA,1860,51.02,Mus musculus
SEQ_765417,GTGACTCGCTCCAGAACGGACGCATTCTCCGCAGGATTCCCAGGACAACTATCAGCATTGTAAGCCTGCACTACCGGATTGTTTCTGCCGTGTAATGGGGTTCGACGAACTAGAATGCTTTTGTACTGAATCGGAAGCGTGTCCGATAATCCCTGTGCATTGACATCTCTACTCCTCGTCTGGCTTGATTTGTGCTCTGGCCAACTTATTTGGACTAGCCTAGTTAGTCTAAGTTCGATCCGTGGGCGTCACCCCCACCTGACGATGGGTGAGGGAAAACAGGTTGCCTGCGGAGGGGATCGTGTACGGACGAGGTGGCGCGCGTCCCTTTGTAGAGTATGTTCAGGGGCGTAATCGACTTCGATTGGCTCCGCCCTCATGCGACATGAGGTGATTGGTGTCTGCGTGTAGAAGTCCAGTACCACCTTTTCAACCAGTTAAACAAAATACGTAGTCGGCAACAACCCAACCCTTATTACGGTATGACGCTCCAAGATATTAGAGATTGGCTGGGCACGACTGTTGGTACGGTAGACAGCGGGACCGCGCAAATGCTCACGACCTGGAATACCAAACGAGTTGACAATACGCTGTTAGAGGGGGTTGTGCTTTCACGAAGGGCACTTTATATTGCATCACGTGCCTGAGTTGCCTGTTTGACGTGGATAATCTGTTCATGAAATCTTGGAGCGCATGTCCTTGGTACTACCCTGGGTTGTTCACCTCCTTTCTATCTCTCGGTGACGCCGCCAGGCTTCACGAGGCTCCAACCAGCTAACCATAAATCGGGGTCCAATTGTTACTTACCCATTTTTGTAAAGCGGGGCATTACGCTGAAGGCCGCTTAATCTTAGAGTGAGCCGAAGGTCCAACAAGGGACCGGGCGTGGTACGGCCTCTCCTGAGTCTGATCTTGCTAACTGGATGCACGCTTCGACACTGTGCCCAGAATATTAACGCATGATTTTAGCACGAATAATGAACAGGCTCACATGCTTCTTGCTGAGCCCCCGCACTGTACACGGGGGGG,1029,51.7,Saccharomyces cerevisiae
SEQ_885880,GAGTGGTTGCCGCTTGGGACGCAATACTGAAAATATCGACTGCCAGTAAGGCCCCGCACCTCATACGTTACGAATTCACACCATCTTAGGTCAGGATCATGTCGTTTGCTTAGCTGAACCTGCCATCTCCTTACTGACTGCTATTAGTGACAGCAGCCATGGAATGTGGACAACGAAAAGATTGGAGCAATGTGTCCCAAGCCAGTAGAAGGGAATAGCTTTACATATATGTTGTAAAATGTACTCCTCACTACTGACAGTGCGGTTCCTCCCAATTAAAGATGTGAGTCTGCCGGGAAAGAACCGAAATATCCCGTGCAAGCTACTTAAGAAGTTTACATCGAGGACGGCTACGCATGAGACGTTCATGCACGGATTGGGTGGACCGGAGCGGTAGACTGGGAATCAAGTAGCCTTTAACGCCACGAGTGCACTCCGGTTCCAGGTCCGCAGGGTACTGTTCCGTAGCGCTTGTTCTTCCGAGAAAGAGTGGTTGATCTCTAAGCGTATTTACGTTACGTGCCTGTGGTGAATGTACCAGCCCGTAGGGGTAGTATTTTCTAGCCCCCTGAATTACATACACAGCAACATATACAAGAGATGGGGTCCGTTGGCTACCCTAGGCATTACCATCGCGTCTATCCGTTACATCATTGACATTTTGGTCGCCCAAGCACTATCCCTGCCTCTTCGGTGGAATGGCGGGCGCGGTTAACTACGTGCTAGTTTCTACACAGCGAAGTTAGCTCCATGAGCAACATCATTCGAACGTTTGGGAGTTTAAGCTGATTCCCTCCAAGGACGTGGTACGCGCGCTTCTTGCTCATACATAGACGGCTGGTGCCTTAATAACAGCGGGGCCGGGCCATATTTATAGATATTCAGGCCCGGCTAGCAGTAACGTAAGGCCAAAAGAAATGTAGGGCCTCACACGTAAATTGTGTAGGTGCGTTCACCTGGATTATAAACATGGAGGTCTAGCCCCTCCGTAGCACGCGTAGAAGATCCGAGGATTATAAAACACGTACAAAGAGGGGACATGCCTGGTGTGCGGGGAGATTCGCTGCGAATTCGCAATCGCGGCTTATCAAAGTTGAAAACTTAATGGGAATTTGGCGAGACTCCCCTTTCCGTTCTGCACTCCATGATCGTACGCGAGAGTAGAACCACACGAATCGCTCAGGACGTAGAGGCAAGTTCAAGCCGAAGAAGGGGTCGTCTAATCGGGCTTCACAGAGCGAGCTGCATGTGTGTGTCGGCCGTACCCCGCTAGGCGAGGGGCATTGAGGACCAGGCCTATACAATACGCTGTTGGTCCATTCAACCATGACTGTCAAGACAATCTTACAAGTCCTGTACACAGACGTGAGTCGCGTTTCCCAACTTCTGCTACCACAGTCCAGGGTCAGGCGGGCAATTATAAGCTCATGGATGCTGTACCCATACTAGAATTTTGTACGTCTGGTGATCATTCCTTAACTATCGC,1486,50.0,Drosophila melanogaster
SEQ_185111,TACAGTACTGGGGGGGCATGTCCGAGCCGTAAGCGGTGCGACGCATGTCGTCTATCATAGTGTGAGTGCATGTCAGGGATTATAACTGTTTACTGTGTCGATTGTTCCAGCATACACTGCTTGACTTTTTAGATAAGAAGGTTCACCAGGAGTCGTCCACGTAACTAGACCTTCGTTTTTGTGGAAGAGGCTAATCCGCACCGCCCGGCTAAGGCCTCGGCGGAAGGTTTGTACCTTATACTTTAGCGAGGAGTATATCGGATCTTATTTATGCGCGTCTAATAACCATAACGATTGGCCTACTAGGGCCCGCTGCTGTATAAGTCGAACTCAGTACTAAAAAAATCTATACGAATATCTGATCCCATACCGCTAGTAGCGAGGTTCAATACGGCGCTACATGTTCAACTCCACACCTTGGTCTCAGGACAGTGCTTAGCTTTGGCATACGCCTCGACAATATAGCGACCCCTGCGTTTTGGAGAGTGCCCGGGCTCGATGCTTCCCCCATGGGTGGTGATGCCCACGGGACATGGGAAATGGTCTACCGATGTTCAGCTCAACGCCAGCTACTTTACGATGAGTCGAATTGTCGATCGAACCCCTCCCCAAGAAAGACGAGAAGCGGGTGTCTGCATTGTCCCCCCATGCCTAATGGGGTCAGCACGTCAGGGTCCAAGGCTGTAATTCCCGTCTATCCCTCTATTATCTGGAAATTAGTCACTCGGCGTAGCCCTTTCTCTGAACGGAGTACGTTACACTCGCGCGGCAAATTAACTATAATAATTTGATAACTATAGCGTCATACCCTCTGGACACGAAGTGAACCGGGATACACAATTATCTATTTGTGGGCTTAAGTTCGCCAATTTGCTGGAGTCGGCGCAATACTCACAGCACTTGGGCCGACATCTACAGTCCCTCGTTTTTCAAGGGGCGAGCCAGTGTAGTGACTTAGACTGGAAACACAGTACTGAGGCTCGCTTGTCTGGAACAGTTGATTGGAACTGTTTGGCGGGTCGGGATGTAAGCCGGCGCTAAGGCGCGAAGAACGAAAAGCATAGAGGATTAGCCTCTCAGAATGATCATCATGATATGTAACGATTGAAACAAGAAGCTACTAGTTTAAGGGTCCGCAGGAGCATTCAAAAAAAACAAGCAGAGCCAATGAGCTTTAGAACCATTGGCGTTTGCGAGTAAGCTATAGACTTCGTGCAGACAATCACAATCTCTTCTTGCGGCATCCAGTCGCTGACTGGGCCATGCCACCAGGCAACCCGGTAGTAACCTCGAGCATAATACGCCGAGGCCTTAATGTAGACCCAACCGCATGCTACCTGTACCACATGACGCATATGAGTGGAACATAATGGTCAGGCTTGTGGGCTTTTGGCCCCCCTGGTCTCAGGCCTTAATTCTTACCGCCAATGGCTCGCTTACGCCATTGATCTTCTATTCCCGGGCTTCTAATAGTGACATCCCGCTGGACATACAGCGGGGTACTCACTGCAAACAAATCCCGACGTAGCACAAAGACAGTAGAGGCGGACT,1551,49.77,Arabidopsis thaliana
SEQ_398924,GAGAAATCAACTAACCTGGCGAAACCGGAGAACCCGAATGCCAAGCGATGAAACGGTGTAACCTATCAAGTTAGGAGTTAACCAGCGTTATTGTGAGGGGCCCGGTTTCGCAGATACCAAATCTTTAAGCGACCGCATTGATCAAAATTTTCTGGGGACCGGGGTTAGTCTCCAACGAAGCATCTATGTCGATAAATGGAACATTGAAACCCGAAGACTATAAATATCGTCTACGGACCGTCAGGAGAAGCAAAGGGTGAACTAGATTCCCACATTGACTAGCTGTCTAGTGGATCACTACCGTGGGTTCGGGGTCAACTGCTACAGCCGCGCGTCTGCGTCCAGAGATCGGGTAGCATTTACCTAAACGGTCTGTTAGAAGTACCGCTGCTGCAACGCAATAGCGTATCCATAGGCCCCATATCCTGGTATCCGTATACCGCGTCTTGTGCCAGTATTCTCGTGCAAGTGCTTATACTTGCGCGCGGCTAGGATATTGGGATGTTCTAATGATGTGGGAAGAGTCTATATCCCAATGTATCGGCAGGGAACCACTCCAGTGGGTAAATGGGGAAAAGTGTGAGGTAGGAATGCCCGAGATGGATTCCACAGTTGCGGTGTACCACCACATCCGGACATGGGAGTCAAAGCCGGCGTAACCACGTTCCTGGCCGCCACTGTCTTTCACGGAGTGGTTGCTGCTGCTGAGATATCCGATCAGCGATATACCCAAGCGCGGCGGCATCTTGGGCGACAAAGGCAGACCGACGCTACCAACTGATCATGGCTTTCAATCCTGATTGGTTTTCTAGGGGAGATAGTGACGGACTCAAAATTAGTAGACGTACGGTCTGCCCTCCTTGTTGTAATAGCCATCGGGAATACCTATAGAGTGATTTGTCTCATTGGATCGGTATAACCTTCGTTCATGGTGATTCGTTTGCTTACACCCGTAGTACGAGTCTACAAAGATTCTTAGGTGCATCGGGTCGCAGTGTAGCGTCAGGCATGGAGGAGATCAGATTCCGCATCTCAATGGCACGTCCTACCAGCCTTTGAGACTAGAACCCCGGACGCGCCCAGGCGCTCCGCCGTCGTACGTAGGACGGATTTTGCTTTCGGCGGCGCTATAAGACCATGATGGGAGAACGCGATTGACCAGGCTGAAATGTTCTAC,1177,50.89,Caenorhabditis elegans
SEQ_594691,GATCTATGTTGGGACAGCCCCAAAGCAGTCCGACAGTTAGACTCTGGACTCAGTTGAGAGGACGATATTCGTTATAAAAATCTTACAATGCACAAAGTTCAGCACATGCCGAACCTGGGAAGTAACTTGAAAGGTACTGGTCACGTTGCCAACGCTAAATGGATCGGGTTATCTCTGAGCCGGGAATTCAGCCATGTGAAGCTAGTACAGGGTAAGACATGGGATCAACAACTTAACTCGCACCCGACAACGTTTTGGCGTCCCATGATTGCCGGTATGCTTCGGTTTTCTTTATTAGTAGCGCCTCCGAACGAGCTTCCTTCATCAGTTAGCTGCGTGGCTCCGCCTAAACTAGGTCGGTCTACCGCACAAGGTAGGAACGCTGTAACACTATGACTCTTAAAAACAGGTACTAATACATTTTACAGCATCCTATAAGACTATCGTTTATTTGGTTCTACGTTGGTAGTATTGAAAACAACAACCGTTTTCACCGCATGGAGCAAAGAAAAGCTGTCAGGCTCACCACAGTTCGCTACTGTACCGCCTCTGGGTTTTGGGGACCGTAGTAAACTAAGCGACAAGCGACCTGCATTCTTCCTCATATATCTTAAGCAGGATTAACTGCTAGTCCAACTAACTACCAGTTCCCTGATTCTACGAGGACTTATCAACCCGGATCGGGCTAGCAGGGCTTAAGAGAAGTCCCCCTGGTCGATGTGTTAATCGACTACTGTGCTATTAAATCACCTATCACAGGATCACTGCGGCTATTCTCGGAACGATG,787,46.63,Caenorhabditis elegans
SEQ_377460,AACAGATACCGCTACAGATGAAACCTGAAGGCTTATTGCTGGTCTCAGATACGGTCACGATCTCGGAACTGCGATGAGCAGGCACAGGTACGTTTGAGAGCGCGTCGGTTAGTACATCCTCTCCAAGAAAGCCTGCATTCTGGCCTAAGCCAGCTCGGCACCGGAATCAGCGCTGAGGCGTTCTTTCCCTTGCACGCCCAGTCGAATAGAGATGTCCCGATCGTGATCTCGTGTGAAACTACAGACAATGATACTAGCCGAGAATGGGGAATAGGGTAGGTCGGTGTGCACAGCAGACATTGATTCTAAGTCGTATTAAGAGTGCTTGCACCCAATCGGAAATTAAGGTAGTACACTAGTCGCCTGTAGGCATGACAAGAAGATGCTTATTCTCGAGTAGCTGCCGTTCAGGCTTTGCCTGATTGTGGTTGGCTGACTTGAGAACCGAAAGACTGACCATCCAGTCCCCACCAACCTTTCCTTGATAGGTAACAGTTCTGCCAAACAATGTAGGTCCCACACATGTCAGCCGCGACGCGTTCCCGTCTCCAGGCTCGAGTTCTAGGGTGGGAACCGTGTTGTCACCCCCTGGGTTCAACACAAATGCTCATTTTATCTGGTTGCAAAATCTCGCATAGATATTGTCCCAGGTTGCCAACTCTCTCTTTGAGCCGTGTCATGGGTCAAGGTGTAGAGCGAATAGTCGATAAGGTTAGCCAAACCGCATTGCCTCCCCGCCACGACCGAGATCTTTCCGTTCGAGTGGTGCACTGGCAACCTCACACCGGGAGCATCGAAATGACGTCCTCCTTCTCCCGGCGCGTCTCAATCTGGATTCCGTGAATTAAAGCAGCGTGACCGTCTGGGAGTTCTCGCAGGCGGGAATCACAACGCAGACGATTGTCGCATCGCGAGCCAGATTTACTACAAACTCCGGACTCTTCTCTATCTTCTGGGAGTAACCTCGAATGACAATCGAAGTATGCGATTCAGAAGGGGCTGCCTTAAGGAGGGACCCACCACGTTGGCTAGAATATAACCACTGGTACGGATGCCAGATACTCTACGAGGAGAGAATGACCGTAAGGTCTCGTCTATGCGGCATGTTAGGTAGCGACAGCCTGGAATTAGCTCCCCTCCCTAAAGAAAGTCCCAGACTACTTGCGGCATGGATGAAAAGCGCAAGGGGCCGGAGGGATACGCAATTACGAGGAGATTCACATGGCTTGACCCAGTATGACACGAGGGGGTGGGAGTAGTAGCCAAATATCACGATATCGGGTCGTAAAGTCAAATCTCGCTGTCGAATCAAGGTAAAGTCTTACCCTTTGCACAAGATATGTCATGGAACCGCAACGGCATCGTGATCCGGGGTATATTCTGGTCCAGCTCTCGTAGAACTTCAACATCAATGCCTCGTGCCAGTGGCTTGGTACATTATTCAGTATTTCCAAATGGATTGGGCGGTGGCGGACTGCTCGCTGTAGGACAGCGCGATGTGCACGTGTGGCGTGGCCAGGCACGGCCAACGGTAAAAAGACCTCAAGTCGCAATCCTTTAGATTCTACGGGACGCGCCTGCGCAATCCCTCCGGCTGGCCTGGCGCAGTCGCAGCAACTGCGAACAACAGGGCCACATGACGGGCTTCT,1649,52.4,Caenorhabditis elegans
SEQ_304924,ATTACCGCGTTCCCGCTCATTTGAACCGTATAAGGGCCTTGAAAATTTTACCAAATTTAGAACAACCGGCCCCAACCCCCGCCGGTGTCCCGCAGAGGCGTGGCTTGTCTATATTCTGACCCAGTGTTACAACGCAGTGACGGGCGCTTCGATAGGCTTGGTGGTGCAAATTTTTAAGGGGATGCTACCATCAATGCGGAAAACCCTCAATGGTACTATTTCGCAACAAAAGCTAGTATCCGCTTAGGCAATACAACAAAGAATGCTCCTGGGTCCCGCCTATGGAGTCAGTATCCTCCGGACGAGTTGGCGCCAGACTCAATCGCACCTTGCAAACAGATGAATGCACTAAGACCCTGGCGGATGCAAAGGATAGGACTCACCTTCTGTAGTTTCATTGGGATAATAGAGTTGGTACATATAACTTCGTGCCGAGCCTCTCTCCCGGCCAGTCCGTACCCCAGATTTCTCAACCTTTCATGCCACTGGGTCTGATAAGAGCTTACAGCTTGACTCAACATGTGAGTGGGCATCATAGCACGTGAGTCCCGGATAAAACGATTGGCGATCCACTCGGACACCGGTCATTTACCGGCTAGGAACAAATCTCTATAAAGCCTATCCCGATGGAGCAAGATAACACGCGAGGCCTGTGCAAATTTTGTTTTTTTGCGAGAAAACCACCTGCTAATGACAATTTGCTCCTCAGGCGTCGCCAGGCTTGGCAAGTCTAACGCCGATAAAGGTTTTAATTCGAACGGCTGAGGACCCCACTACGAAGTTTCGCCCTCTTCGTTCCTATTGTGCATTCATGCTGTTAAGACTACGGTTACCCCGAAATAGAGCCAATGCACAATTCAGGTGTGTATTGAAAAACGCGTTCAAAAGGAACTTGGAAGTAGGTCTATAACATACGGCAAACCAGACTCGAGTAGCACACATGTGACATCCGTTACTACAGTCCGGAAAATAAGCGTGAATTGGCCTTCCCTTGACGGAACTCTTGGCCTGTGGTCGGGCTCTAGACGCTTGCACTCTGAAGACGGTGATTAATGACCATTATGAACTAACACTAAACATCAAGACTATTGCTTCCATCAAACACGGTGTGGATCAACTCCCTTACTATCATTATGAAGTATGCCGCTCAAGGGCTTTCTGCATTTGTATGTACCTAAGGACCACAGCTCGAGCTATGTCGCGAATCATTGATTCTTGTTTTACCCTCTGCGACCGCGATATTGTGGATGATCCTAATAAGTGCACGCATTATCGGGCACTACCTGTCGTACACCAAATTTCAAATTTGAGTCGTTCCTATTCAGCTGTACCCGGTCACAAGACTGGCGTCTGTCTTTACCTAGCCAGTGGCGTTCGCTCCGTGATGAAATGGGCAGCGTAACTAAGATTCCAGGCCAACGACTGACCTCAGTCATATCCTGGTAACATCAAAAGTATCGTGGGCGGGGATACGATGACGTTCTGGGTGCATACCAACAATTGTAATATTCTCCATCAAATGACAGACAAAATATTAAGATTCGTAACCAGGACGATCCCTGGCCCGTGATTTGAAACCTGACGTGTGGCGGGGGCGTCCATCCGTCCTTTCGTCAAACGACTCTGAAGAGG,1632,48.1,Escherichia coli
SEQ_808810,TGGTCTGACATTCAGTGCTACGGGGCACCCTGACACCTTGGCTTAGCGCCCGATAGGGTATCATTCCTTCGCGCGACGGACGATGAAGATTAAACGTTATCCT,103,53.4,Caenorhabditis elegans
SEQ_590354,TTTAAGCGCGAACGTACCTCCTGAACAAAGATCAGCGGCAAACACGATCCTAAGGTACATCCAATGTTCTTGTGGTCTCATTTTCGCCGTATGGGTCAATCACTAGAAGCTAAAAACGTTACAGGTTCAAACGATCGTAGATCCAAAAGCCATTACCAGTTCTTTGAAAATTTCGCTATCTATTCAAAACGTAACTCCTCTCCTGACATGAGCACGTAAGCTAATTTTCTCTCGTCGCAGCTTAGGGTAATTCAAAGATGGTACACCACACCAGCCAACAGGATCTGTTCCAGCCACGGGACCATGGTGTCCCACGAAATAAGAATGAATGTCTTCCATTAAGTCATCACCTTGCTTTATCTGGGTGGATCAGGTGGCCACGCTCAGACTGATTCGGCCACGTCAAGCATTCTCAACCTCCGTCGTGGCGTCTGACGCCCACCAAATTACGAGCTGTATTGGACAGTCACATAATCCATTGATCGTCACTACTGGCGGCCGAGTGGATTATACAAGTTTTCGATGATCGCAGTGTGATGACTAGGGTTGCCCTACCCCCATGAGGTGACTATTAAAGTCATACCCATATCCGCATAGGACCGGGTAGACCCTCCAGGTATTAGTTCCTGCCTAGCAAGACGCTCTCCACTCATTAATAATACTTCCACAAATATGTACCAAACAACCAACTAAAGCCTTTCAGCATGTCGTGCGAGTGCCGCTAGTGTTACGAAGAATCCCGCCGCACTCCGTGTTCCCCCAGGGGTCTTGTTTAAAGGCCTAAGGGCTCTCAGCACCCGTCTGTCCGGCACGACGAATCTTTCAAATGCTGTACGGCTGTTTTGTCCTGTACGGCGCGCAGCGGCCTCGGCTCGCCCAGATCTAGTCTAGCAGCAGAGTGGGTTGCCGAAGCAACCCATAGACGAGAGGAAGCCCTGGGTGGTGCTTGCTGATCTTAATATGCTCACCGATATGTAGCTTTGACGTATGGAGGATCAACAGGAATTTTTACATCATATATGCTTTGTGGAGGTATAGATGGCGGCGCAAACCGTAGGCGTCTGCGAGGAGCTATACCTATAACCTAGGTACCTTCTATTCACTTGAATTAAGATGGTCAGGCCCCCCCCTATCGGGGAATTGTGCAGAG,1150,48.96,Arabidopsis thaliana
SEQ_767566,TGGTTGGGAAACTAGTCGAACCTGCCCACCCACCCGGATACAAGGACCAGAGCCGGTAACCAGGAGTAGAATTGTAAGTGTCCTAAGTGACTGTAGTCGACGGTTAGTACTGAAGCGACCCTTCTTAAATCACAGTTTGACGAGTTCCAAGACGAGCCCGCGGCGGGTGATTTATGTAAAATTGTTCGAGCTTTGCGCTTACGAAGCAGAGAAAGTCGTCGAGGCCGACCATCCGCACGGTACTGGTTCACCATACGGACACTTTGAATGCTTGGGCAACTCCCTCGCCATAATTACTTTTGTGAATCCTCGACGAGATTCATCCCCAGTCTGCACTGGGCATCATAGGCCAAATGCGGCCTGTATCTTGTGACAGAGCTGTATGGACTTGAATTCATGCGAACTTCGAGGTCGAACCTCGCGAAGCGGGCGGAGAATCGGTGTTGCTACGGATAAAGTGAAACAAGCCTACAGGGCACGGTGCGTTCCTTTAACCGCGTACAGACACAAGGGTCCAGCATTCGCAATTTGGAGCCGCGCCCCCCTCGAAAAGACTGTGGCCTCTTGTTAATTTACGTTGTCCGCACATGTCGTGACCTTAAAGTCGAACTTTATTTAGTTAGGATATCGAACAAGGCTTCCCGGCTTCTTAGCTGTGGGCTTACTCCTGACCGGTTCCGATGCTAAACTTCCAGCTCAAAGGTAATACCAAACGCGCCTCTAAGGAAACTGGATCCATGGCGATGTGTGTGCGCGCGACGCACTCACAATTGCTCACCTAGAATACTTCGGCCCACCTGGGTCTTACAGAGGTAACTGTAGGCAAGGATGAGAGCTGGGGCACCGCCCGAGAACAGTGTCATTTTAGGGGGCCTTGGGGTCCAAACTTGCAATGTGCGCACATCAAAAGTAGTGCGTGCGTCTTTTGGCCGCCTTCAGAAGAACGGTCCACGTAAGAGGTGATCAGCTCTTAGCCCGTACAGAGAATACCTACGTCTAAGCTTGACACTGGCAAGAGTTGAGAGGACCAGTATGCTCCCCTGAACTCAAATTTTCCATAATGCTCAACCTAAGGATCAAGTATTTCTTATTCTCTGGGTTTCCCCCCGCCGAGTATATTAAATCCAAGATTCCAAACGTTAGGAGGAAGGGTAACCACGCATACGCGTGGCGCCACCCGTTAAAGCCTTGATTGCCGAGTAGTAACGGGGTCGAGTACTACTCAGAAACCAACTAGGTGGTCAATGCTACGCTAGACACGGGATTCGTGACCGATTGGGCGAGAGTTGTTGAACTAGGGCTACCCTGAGTCAGTTGGATGTCAGGTTCTCTTAGCTCTCAACAGCCGTAAGACATCACGGAGCTGCGGGAAAAGCACTCGACTGGCCCTCATCGGGGAATCGATATCTAGTTCGTAAGCGGCCCCAGGCGACCTTGCCAATAAATCTCGTAAAAAAAATAGGACCGAGGCACCCTGCATATTGCCGCATCATTGTGGTGTCGCTCATACTTCACGGTTAAGTAATTACCGATCTCCTCTTCAGTATCATCTACTACGGACGCAGTCAAGGCAGCTGAACGTTTAGATCGGTTACCAGGCGGGAAGTTTGTCCTGCATGCCACCCATATTCCAAGATC,1638,50.85,Caenorhabditis elegans
SEQ_121999,TAACACACTACCCTTAGGGTCTTGGAAAGTTTAGAAACTTCCTTAAAGAGTCACTCGCTTCCATTAGGAATGGTCATTCCTATTACTAAGCAGGCATCATTTAACGACAAGACGTTCATTGTAGCTCTAATTTCCGCATCCTCATCCAGATTTGTTGCCCCTCCATACTTAGGTAATTCGTAGGTAAACATGCTATAAGCGTTTAGTTAGTCCTACTTAGGTAGCCTAACGATGCTTGAGCAACCCCCGGCGAGCGAGATTGGCTCTTCAGGATTCTTGCTTCGGGTGCGATACCGGGAAAGCGCAGGGCCCAATGCGGGCAAATCACTGGAACGCCAATTCGAACTTAGTCCAGCTCGCGTGGGCCCTGTTGATCAGTCACGCCCAGGACTTAGGAGCAATGATCCGGTTACCTAAGTCATATATAGTGAACCACGGTGGTTCAAGGGGCCCTAGTTACGGTCTCGCGCAGTCCTTACAAAATCTGAAGGACCTAACAAAATGGCTTCGTACTATCCGCCACGCGTGGAATCTCAAGCCAGGGGCTGCCCGTCAAAAGGGAACACACCTTTCAAGGGTACAGGATTCACCTATTAATGAGGTTACGCCTTGCAAGACATCTGGCTAATAGGAGATCCAAATTTAAGTTTCAGCTAGTGACTCGTTTACACCAGTAGTGTCACAACTTCATATAGCAACTTGCCGCTAGTGATAACTTTTTCCGGCGCGCAGGCCCACTAGCGGTACTGGAATATCGGTTAGCAGCAATCTATTGTGAGATCTGCACGCTGAAGGTTTGGAAAATTGGCGCTGGAAGTGATAGTCGCGCGGCTCGCTTCGGGGCTTCTCTATGGACTGCGGGACCGCTGAATGGTACTTGGATACCATTTCAACCGGATCTAAGCGCGTATACGTGACGTCGTTCAATAGACGGCTATCCCAGTTCCAGAGGTAGTCCCCCAAGACACTATATAATCAGCGCGCCAGATCGCGCCATAACTGCAATCACAACCTACATGGTTGCCGTTTTGTTCCGAAACCCGCGCTCGGACTTCCTTGGCACTGCTACTTGGGAACATTGCCGGCCATGAGCCAACCATTTGTACTGCTTATTACAGATCGGCCGAAAACATTAGACATACGATAACGACTAGTATCGCT,1161,49.01,Saccharomyces cerevisiae
SEQ_222619,ACGCCCTCAGGATCAGCTTTGATAGTTTCGCCAGGATTATCGACCGCTTAGGCGTGCTGTGGATCTGCCATAGGAATATGAAATCCACTCGACAGGTCGAGCAGGGGTGAACCCAGTAAGCCGGAAGCGCATAATCCCAGTACCTCAACACCCTTGATGGATCCCTGACAGGCCAGATCTGTCTCATCAGACGTTCAATATTGAAATTTCCGAAGGTAGATAAACAAATTCGAACCTCTTGCCTGAAAGTGTTACTTACTGTTCGTATAGGTTAAAGGGTTAAAGTTACTCACGCAAATCCCGTATAAACACCTCGAAGACAGACACTCGCTCGTCGAAACGCCGAGCTCGGTTGATGAGTATGACCAGTATTTGGTAACCGTGAATCAGATCGACTCTCGCCACGTTTATCAGAATTGTAGTCATCTGGGGTTTAATCCTCTAAGAGGACCGAAATTTGTGAACAAGACATAGTCGGAGGGTACGCTTAAGGACACATACTTATTCACCCCAGTTTGAGCTACAGCGGATAGACACAGCCTATAGTAGGACGTCAAGTGCTGAGCAAGCAATACTAGCTGAACGTTCGGCTGAGAGTAACGTCCACTGCCCGCAAGCACCGGTGTTCTGAATAGCTCTCTCGCAATGGGGGTCGTCCGTGCGGTTGAGCACGTGACCCGGGTCGTCGCCCGATTTGAGCCCTCTCGTCTGGTAGCTGCACCGGGTATGAACAATAAGTTGACTAGAAA,749,49.13,Saccharomyces cerevisiae
SEQ_607463,TATAGGTTGGTTAATAAACGCACCAAGCGAACCCTTGCAGGGCCATCAAGCGTTAAGAGAATTTCTTGTCCCCTTTATCCGTGAACGGTATTCTTCAAAGAATATTCTAGCTTACGTTAACCTAGACCATCGCGTTCGCTTTTCGAAAGAACCTGGATGCATATAAGTGTTTTAGGCTGCGGTCGCACCGGCGAGAATATAAAAGCTTATCAGACGTGCAAAAAGAGACGGCTGCGATCCAAGAATGACGATTTATGCAGTCACCGCATACGGTTTTAACAGCGATCGCGGCGGCAAAAGGCCGTACCAGGCTAATTTGAGCGAGCTCCTCAGTCCGAGCTGTGGACGCTGGCCGCAGCCCCAGACGTGCCTTACCTCCTTGCTATTAGTAATTTTTTACCCATCTCAAGCGCGCGCTTCGCGTGGGTTAGAGACAGACGCCTTTACGATAGTTGGCTTCCAGCTCTGCACAGTACGATTCAGGTCCTGGTGAACTGCGTGGTTTCTAGTTTGGCACTGTTCTAGGAGGCTACAGTATAGGATTGTTACCAAGCCACATAAAGCACCCATCCCGTCTGGGGCTGTTCGAGCGGGCGAATTCAACACTATCCGAGTGTTGTCACTAT,626,49.52,Homo sapiens
SEQ_169809,TCCCTAAAATGTAGCAAGCGTGAGGGAAACGACCCGAGGTGGACAATAGAGGAAGCTACCCGCGACAGTTTTTCGTATCCCGGTCGACATGGTCCATTTGTTTGGGAACAACTCCCAAACTGTAGACCCTATTAATGACAGTTGAAGGACAGTACGGACCTTCACCCTGGTTAATATAGTTTACTACGGCAAGCACTCTTAGCTCATCCGAGCTATATCGAAGGCCGCGATGTCAAGCGGTGCTCGGAGAAGTCATCACACACAGGGTCCACGTTGTCCCCCCCAGGTGCCCTCAGCACGCTGCCGATCTGACCCGTCTCTCCGTTGGTCGGCTCTACCTTCGTTTAATCCTTCTAGGAACCAGTGGGCCTACGCAGAGTCTGCTCTAGCTCATCTTACCTTCCTGGCAATATCTGAGCTCTACTGGCCTTCCCCCGGACAGAACGCTTCAGAAGGTAGTCTTTGAAATCTCCTCACCACTTGCTCGAGACTGGGGATCGATCCTCTTACGGCATAGATGGCTATTTCAAACCGGGTTGGTAGCGTCAGGCGGTATATGAATCACGGTTAGGGGAGAGCATCCGGGTAGATTTGGGGTCGGCCACCAACCAGGGGGGTACCTAACTT,627,52.95,Escherichia coli
SEQ_432794,ACACATGATTTGTAGTGGGTGGTCAATACGGCCTGTTATGTCTCTCATACTACTCTATCTGTCGCCTGATGATGCTCCATCTCCGTATCTCAGCCCCGCAGAATAGTTTGGACGGACACTTTCTAGTGTCCCAGCACCCGGTCGTGGCTTTAGCGAGTTAGGTCCCACATCACCGGGAAGGGGAAGCGGGATGGCGAGCCGAGAGGGGTCCTTGGATATATCCTAGAAGGCTGCAGTCCCCGGGGGTACGATCGACGAATTGTCCGCCCTATTACTCGGAACACACATGGTGACTTCTTAGATGCCAGACTCTGCGAGGACACAACAGGTAGGATCACCAAGTGAGCCCAAACTGGTGATACCCATGACTGAATGTTCATGCGTACATCAGTGTCGTTTTGATTACGTTGATCACGCTGTTGACTGCAGTGTGACTGCTTTTCCATTCGACGAAGCGTAATGTGCGATGGATATGAGTTGTAGCGTGAAGAAAACCATTTTGCGCAATGATGCTCTGACCAAAGCTTAACCGGAATAGTGTCGCACCCCGGAAAAATGAGTGTCTCGTGATTAAAACAGGGACTCTCGTATATATCTTGCTTTCAGCAATCTAGATGACGATCCGTGTTACCGATTGGAAAAGGTTTCCTCCCGTAGGACTTTCGATGCTGATGTCACTAATGATGCTATACGGAGGTGGCCTTCCAGAAAGCTTCACTCACCTCTTGATGCCCTGGAAAACACGGTATGTGACCTCAGCCATGGCCACTAAAGGTTGATAAAGAGTGTCTTTAGAGCTTCCACTTCCCTCCCCAGACCGGCATGAGGTCCACACTCGCGTCTTTGTAAGGCAGGCTCATAGGGATACAAGCGCCTTTTGTTGGCTGGGACCTTTGGCCTCCGGGCAACCGATACTCTGTAACAGTAATCGCCCAACAGGTTTCGTGTAGTGGCTTCATTCCTATGGTATAGTACGCCTATCACGAACTCCGCAGTACGACCACACGCCCGTGGGCGTCGGGACAGTTAGAACTCTGGGCCCTTCTCACAGAATTCTACTTGATATAGATCAAGGAACCCAAACAATGTAGTGCCTAGTGACCTTGCCACCGTTTGGGAGGACTTACCCCCGATCACCTGTGGATGGGTGTGAGGGGTATGAATCCCACTCAAGAATTAACGACAAATCTTGCGTAGGATCGTGAGGTGGAGGGCAACGGCATGTTTAACCCCAGTCCTTAAGTAGTATTATCACGGCGTATTTCATCTACGCGGGTGTGACTTCCGTCGCCACCGGATT,1300,50.46,Arabidopsis thaliana
SEQ_378106,GGGGGAGTCATTGACGTAAACTACGGTATGCAGGCTTCTTATTTGTTCACTGGGAAGCACCAAAACAGTTCTCTTACATCGCAGTGATATTAGTGTTTCTAACGGAACGTTGTCGTGGAATCCAGTCCTATGTGTAGTCTCAAGAAA,147,43.54,Escherichia coli
SEQ_352970,CCCGGCTCTAATTGAGCCGAGCGGGGGCCATATACCAGGATTAAGCGCGGGTACTTTGCGATGTACTTGAGGCATTTATAAACTGTTCATGTCGCTTCCGATCACACTACCCTGAGTCACGGCTAAAGCTTGAATACCTTTGGAGGCAATTGCCTCCGACTTTACCATTTTTGCATCACGGTTTGATCAACAGGAGTTCCCGGATGCGCACGTTAAAGCGGTGGTCCAATGGGGAATCCTGAAATGACCGTATGTAGCCAATGGTTCTTACGTGTGTTTATAAGTATATATGTGCGATGGGGACTGTGGCCAGATGTAGTAGTTGACAGGACCTCCACGTCCACCAGAAAACGTGGACGTCATACTCAGCCTAAAACAAGCGCGTTGAGCAGGTCTATAAAGGAGTGAACAATCTGATCATCTCAAGACTATTTAAGCCGCTAACAGGTTCAATATATCAGGACATAAATTACGCGCTAGACATCTATTTTCTACGCACATGGTCCACCACCACTATGTACCACATGTAGAAGTTCGTCTTAGCTTGACCACGATCTGCAGAGCTCCTGTGGCTTTCTATGCGAAAAGGATCCGGCCGTCTTGCGTAACCGGAGTAAGTCGAGGGTTGGAAACTCTTTTCTTAAGAATTATGACTTAATTTGTCCCTTAAAACCATAGGATCAGTATCACTTACTGAAACGCATTCCGCGGAGGGACAAACTGCAGTCCGCCCTCTTGACGAAGTAAATGGCCAAGACCCCCGCAGAGTTTTCCGTGGGGGATAGAGCCGATATTCTCTCTTCCCAATATATGTATTCATGTAGAAAGCTGCGTCGCTTCGAAACGTTACAGTATGTGTGTCAACAATTCCGGCATCTCAGAAGCTACTCATGAGTCCACTCCGAACTAGGGGTTTAAGACGCGTAGGTATTACACGCGGGTCTTAACAGTGCCAAGTGATCATTATGTTCTCTCAATGGCTTGTGGGCTGGATGTGATCTAAAAGGGTCTCCGTCATTGGGATCCGTGGGGCCCTCGATGCTCCACTAAAGGTATCTGGTAACCTCCTTGCATTCCCTGCCAATACCTGTGCTGACAATTATGCATGTCCTGCAGGGAACGTGGAATAATTAGTAGCTCGCACAGCGCACTAATGACGATGTATGAAGCTCCGTCACGAATACCTGGCACTCGCGTACTATTATAACAGGCCGGATTGGTATTCCTCGCCAGCTGGAAATTCCACGACATTGTCTTGCATCATAGGATCGGTGGTATCTGTTAGTATACATCCCACCTTCGACGCGCCAGTAATGCAGAAAGGAAAGGGTAACCGGTGCGGTTCTGTGGTAATTTACCGTATCAGGTGCGCACGGCTAGCGTTTAGGGAGGGTTCTATATCTATACGAAACGATACTTGTTGTGGAACAGTATGACGGTGCCAGAGTCAGCCTCTACGCTTTCCGAAAGAGATCATTGTAAGTGTTGCATGCCCGACACTGAGAGGGCTACAGCCATGCCCAAGGTTTTGCAACCTCCCCGAGCCAGGCCGCGCCATTATCCAATTAACCGCGACCCTGATACTAGCCTAATCGTGGCCCGGTCCACACCTCAGGTGTAGACCTACTTATGTGAACACGGAGTTTCTTGACCCCGGATCTATCTCTTATGGCAACATAAGTTCAGGTCGCAGCCAAGTGCCGTGCAATGCACTGCTTAATCAAGAATACTCTCGCACCTGGGCGTCATACCCGTCCATATATGTACCGATTATCATGTAAGCGGCTGTAGACGCGTCCATGGCACATCGTGATGTGTTCAGCCTGAAACGGTCGGTA,1838,48.69,Saccharomyces cerevisiae
SEQ_971287,CCCCCCTGACCTTCGAGCAAGTTGACTCAATATTCAAAAAAATTGGCCACATGTTGTCTAGCGTCGTAAAGTGGGACGGTATCAAGAGATGGAGTCGGGCCAATATGTTTTTCCCGCTAGGGTTTTAAAAGCCAACATAGGATTTATACATGCATCCTTAAAATCTGCCCTCAGTACGCGCGCAGACCTGGTGTGCAGCCACCATCAGCTACACAACACACCGGAAAGCTTCTTTTCAACCTTGGACATGGCCTGATTCTCTAAACCGCTCGTTAATTGTGGTCGCTGTGCCCTTCAATGCGATGAAGATACAGTAGGGAGTGAGTCCGGTCCTCGATCCAATACTTAAGCCCGGAGCTGGGTATCCTCCAGCCGTGGGTTGAAGTTGACAATACGACCGTCACTAAACCGCGGACATTCCATGTCTAAACCTGGGACAACACTTGATGATGGGAACACGCTTCCTCGACCACGGAGCAAGGATGAATCTTCAGCTCTGTCCTGCCACTCAAGGTGGGTAGGTCGACTGCCAGAATAAGTGGTCTCCATAATTGACACTTGTAGGATGTACCAGTTTAAACCATCAACGTGCTGTTGCCCAAACCTGAAGGGTCTGGAGATCTCCTCGTCGTGATATTAAACTTGAGATGGTTGCCTTGAATCGAGGGATATGTATTTTCATGTTGAGCCCAACGCGAGCTCTTCACATGCCGGAATGCCGTTTGCTTGCAACATACCGGGCTGTTACGTAGGCGTTCCGTTTAACAAAAATGTTGAGCATCAGTCTGACCAGTGCCAACTAAAAACCGTGACAAACTCATAAGCGCTACATCCCCTTGGAGCAAGGCTAAACATCACTCATTCGTCTCAATGGGTAGAGTCTAAGGGTAGGTTATACGACCTAATTATCGGTGTGAGAGTTTGCGAACGCAGGTGTTACTTCTGAGTCAATCCCAAACGCGTCAGGTCTACCTATTGTGAAAGCTCATATCCGTCATACACGATGCATTTCGGGAGCTTGCCATCAGTACATGACGATCGGGCGTTTCTTCGTGGGCTGTAGTAAGATAGTGCAATGAATACCCGAATCAAAAACAGCTTGTAATTCGAGGCTGTCCCGCTGTGTGCGCGACCTCGTTTATGGAAGTGCTAACTCCGGGACAATAATGCAAACGTGTACGGAGTATTGGTGCGGGCCTGAATACGAATGTATGGGGAGGCGTTGAGCGGGAGACCGAATTGTAACACATACAAGCGCTAGGTTGCTTATAACCATGATAACCCGGGGACTAGATACGTGCCGGGCTTTGTTGATCTCTTGATTTGACCGTGTTTTGTGACGCGGACGGCAACGTGGACTACCACCTTTCTTCATTCCACTGGTAACTGGGTATTAACAGGGTTGGTATCAATACGCGACCTTCATAGGTAACTGGCAGGTAAAAATACGATGGCATGACCCATAG,1466,48.36,Saccharomyces cerevisiae
SEQ_372669,ACCCGTATCGTTGAGTATCAACCAAACGTTAAGAGAATAGAAATACGATCTAATGCTTGGCCTGCTACTCCAGCCCTTGCCTGCAAACCGACCGAGACTGTGCTTGGGTGGAGTTACGATATGGCGGTTTCCTATAGGACGCCATTTCTAATTCGACATGATGCTCTACCTCAAAAGTTGCGCTAGCCAGGTGCAGCGCCTGTCCGAGGATTTAGATGGCGGTCATTATTGCCAGCGCCTGTCCCAGTTGGGCTCGTACCCTCACTCACTCACTACAACCCGTCAATTAGGCGTCACTTGCGTACTCAGATCTGCACTGGCTCGGCTCGATCAACTTGTTCGCGATTCGAATATGGCCGACCATCGTTAACTCCGTGTTCGGACAGTGAAGTTGTGAGGGATAGCAGAGCAGGGAATCCTTTGTAATATACTCAAATAATCGGTGTGTTTTCTACGCCAACAGGGCGTCCTTACCAGGTACTGTAGAGTCAAGGAAGTCGGGGATATGCCTCTTTCTCACTTAAGTTCTCGTTGCTCTATATATCAAGCGGAACCCATAGAGGCATACACCGCTTGAAAGATCGCTACCACGCCGGAAACAATAATGAGCATCCCGTAAGAGAGAAAGACCTATGTTGACGACGATTGCTCGTGAACTGGGTGCGCATCTGACACCAACTATTTCAAACAGGCCCTGGAGTTATACGGCACATCGTCGTATGTTTGCGAGAAAGTGTCCACCGAGACACGCCTAATCCGTTAGTGATAAACCGCTCAACTCCGATACCGGCCTAAGACCCCCGAGGGGCTCGACCAGCATGTTACTTCCATAATCGGGTATCGAAATCTGATGACATCACACCGACCAATACCTCGGTGAAGTGTTCAAGGGGGACACATTCATTAGGGGCTTACAGGCCCCGACCACTTAGCGGCAGCCACTTGCTGCGTAAGATTATTCATGCCCGGCTTTCCCTGCACCAGTCGGCCAGACCGAAGAATTTACGCCAGATAGGTTCTGCGGCGCCTACTTTTGGAACTCCACCCGGCCCTGCACTCTTTTAGGCTGCGCCCAGGGGCGCGAAATGGGCAGCAACTACCTCAGGGAGTGAAGGTGCAGACCATCAGTGGCTGTGACCGTCTTTTACATTGCCCGATAAAATTATCGATGCTTTTGGGTGAAGAGAACGGATCAACGCGGATCATAATCTGTTGCTATATAGTTCTTTCCCTTCAACACACCTGCAAATAGTCCCCCCCTCGGGTCTGGGCACATGAAACCATTTAAATGCATCAAAATCGGAGATAGGGTCCTCAAT,1319,50.57,Arabidopsis thaliana
SEQ_834491,AATTTTAGGGGCTCCTGGGCATCATTGAGACGCGGCTGCCTCGCCCGCGCTGTACCACCGCCCCCTGGAACCCCGATATCAATTTATTTAAACGGAGACGCAGATCAAGTGCGCTGTGCCTTGAAGAACGTGGTGTTTGCTACGAGCATCAACCCAGGAGTCGCGGGGGCAGATATAGCTACTTCACTGTCCGGTTCCCCGGAACGACAAGGTTTGCAATAAGCCCGGGCGGTGTCAATTGTAGTAGACACGGGTAAGATGACCAGCTGTGAACCGACTCTGCGTCTGTAACGGCGCTCTTGACATGTGCGGTAGGTAGCCATTGCTCCCCGAATGCCCCCTCGCCGGTGGGGCCTGGTTACCGCCAATTACAGACAGCGGTTAGTTGCCCCCAACTGTATTTGTCGTCTAATTGGCTAAGTGGAGTAGTTTTCGGAATTCATAAACAGACTTATGTGACTTGACTCCTGCGATCCTGATTACACCACATAACGGGTTCCGGTTTTTTCGGGAACGGTCGTTTAAATTTATGCCCAGATGGAACCAGCATATTATATGAAAGATTCGCCCTTTACAACGGAACTCTACGTCATACGTTACACAAGAAAATGTAAACCCAGGAGATCCCTGCGAGGCGTCTAGCTGATAGCACTAGCTGACGATGGAACGGTTATCTCCAATTGGCCCCCCGCGTGTCCCCGTTTTATTGCAGTAATAAAGGTTCGGTCCAGTTGTACTAATTTGTCCGGCGAAGTCGTCTGTGAGAAACTTCTATATTCAACCCACGAATCGCCTTAATTGAGCATCTCAATTGGTCGGGGTTTATCAATACTGACACCCGAGGGGCCACTCACAAAGTGCACCGTGCTCACTGGGAAAGTGACCGTAAAGCTCCATGCGGCCAACGCGTGTATAAATAGAACTTGCCCCTTGAGAGTTGGATCCTCACCGCCACGACGGCGTGCTGAATCGCTGCTGGATTAAACAGGAAGCAATTGAACGCATTTATCGCACTCGAGCTAATGCGAGTCCATTGCCTGACTGTGACGATGAATCTATACGATGAACAATAATGCGGAGCCGATCGATGATAATCAGAAAATCTCCATCAGAGTGAGGAATCACCCCGCCATGGCGATTTAGCCCTTCCAGACAGTAGATCGCTAAGTCCTAGCCATCATCGTATCGGTTCTTGGTAAACCAACCCGGTCTAATGATCTAGAATAACCGCTGTTTAGTCTGTGTTTCCATACTAAAGTGACCAGCCGTCATATAAGCGCCCAACAGCGTACCTCAGGTCCGGGACACTATACCGGATTCGCGCTTGACGTCTTCGCTCTCTGTACCATCCAGGCCTGAGATAATCCGAAATCACCGTTCTTGGTGGTGACAGTCGCATTCCCACCCTGCATGCTCCTTAGTGTCGTTAGGTGACCTCACGTTAAACACTCGGTCCCCTGACGGTAAGCTCGCTACACTTAGAATCCCCCACCCCAATGGGTTTCATGTTAAGACCACGAATGTAAGCCAACTTCGATCGAGAAGTCATGAATGACGTCCTGAGGAAGACCGCCGTTATGGGCTAGGTCGTGCACCTGCATATCAATGTTTGGTCCATCTGTGATCAGGCCGTTGAGCCGAGGGTTGCATTGTACACAACTACTCGAAACATAATTTTCTCCGCTTTTTTGGTAGAACCCAATCCTGGTTAGTTAGCATAAAGGCGAGTGGTTTGTCGCATCTCTTGCTTTAACCCCAGAGGCAACTCTTTGGAGTTTCTTCTGTGACACAGGATTAAACACGTTCCTATTCGGACTACAAATTAAAACGCTTCTAAAATAATCGGGCACAGATCGGAAGGTCCTGAACACAATTACCGGGTACAACCACGTACAGTTAGCCGCTCCCCCGCGGCGCCTGTTCCTTAGTCATATACTAGAAGCGCAATATGAAGCTTTGGAGACTTCCAA,1970,49.7,Caenorhabditis elegans
SEQ_520045,TTTGTGCTTGTGAGCAAACAGATCTTATGAAATTTTCTTCTTTCTCGTAGCACAACGGGTAAAACGTTTGGCCAAGAAGGATAGAGCTCATACCAAGGAAATGTAGTGCCCTCACCTACAATACGTGCTCTAGCAGTCGTCAGCGTGGCCTGTTTGACATTATTGAGTGAGA,172,43.6,Escherichia coli
SEQ_494303,AAGTCAGGCTATTGGCTGGAGGGCGTCTTGTCTGTAGGGCAAGAGTTACCAAACGTATGCGGCGCTGCGTTTAACACTCACAAACTAAGGTTCAGGTCTCGCTATAGTGGTCACTCAGGCTGGTAGCCGTAGTGAACCATGGGCGTGCGTTACTCAGAGAGGAAATCGTACTGCCTCACCTTCGCCACGGATTGGCTATCACCTTGTTGTCGATAGCGAGGCAAGCTTGATTCGTAGGTAATCTCGAAGTGGAAACATAACAATACGGGATTCACGTTCAGCAATTAAAGATTGTGAGGGTGCAACTCATATATTATCAAACAGTTACTTCATGAGCCGAGCGAGGAAAGAAATCACAGACGTTCCCCTAGCGGTGATGGTCACTAGGGCTGCCAGGTCTCGAAGATACCTGACCGCCGACATGACCCAAACCGGGCCGACACTGCAGTGTTCGGCGTAACGCGGTGAAACCTATAACTCTCCCGCTTCCAAACTATTATCTGTAAAAAGGGAACGCGCGTACGTACAAGAATCTGGATAGAGCTTCCCGAGCGGAAGTATCCTCGGAGCTCCGCCGCCGGCGGTTGCAAAGGCAACACCGATTGCAGCAGCTGGAAGTGGTAATAAAACAGACACTGTCCAATTAGGCCACCGTTTCATTTCCGTTGACCAACGAGCTGACGTTGTGCTTTTTGCCGGTATCAAACGGAAGACATCTTTTGATTGGGTATCTTGTGTCTGCATCCCTTGACACGAGTCTTAGCAATGGCCAACGGTGACGGTCATCATGTGTTGGCCACCAACACGGTAACAAATGTTCTCGGCTGCTGCGCCTATGGGAGAGAGCCCAGTGTAGTCAGGAAAAAGAGGATCCAACAACGGGTCAAAGCAAGTATGTCACAATCTAGCTTGCGTGGTCAAGGAATTTGCCGTAACTGCGGTGGGGGCCGCACCCCGCTCCTTACTCGCGAAAAGTATCCAACATCCTGCGCCAAACCTTTAGACACCTGCTCGATTGCATAGCTTTTGGTTCGGACTTAGGAAGGCCCAGCAAAACTCTCCGAAAATGAAGAGCCTCGTTAGAGACCAAACAAGCTCCGTGTGTCCTGGACAAGAACGCGGGCACCTACGTTGTTGTATCAGACTGTGAAATCATGACATAGGCGATCCAGCTCCTTCTAGCTTGGAAGACCCTGAAGCACTGTTGCGTTAAAAGCCGGGGTCGAAACTTAAGATACTCATGGTACTGGGAAGGGCTCGTACGATGCGCTCTACCATGGAGTTAACGGCACTGCTCGACTAAAGTCAACCACACACACTCGAACACCTAACATGTGACCGGGAGGGCGTCCGCGAAGTCGTAGCCGTTAACGCCCTATGGACGCTCTATTCTGAAGGTATAGGAGGGATCGAGCCAAAAAACACGCACTCTCCTACTTAATACGCTAGATTCTCTTCCAAAGCACCAATATAAAATACGGTCATGAATAGATCGGCAAGGCTCGGCGCGGCTACATCTGATCATTAATCCTGGACTTTGATATTAAGATAATAGTGACAATCCTATCACGGCTATGGCGCAGAGGTCCCGCGAATG,1597,50.41,Arabidopsis thaliana
SEQ_541497,ATGACGGCCACGGTTCCAATCAACGGGAAAGTAGTCAGGGGGCTTTTGGCATGGGTACCCCCCGGCACACCCTTTCCAGGTAGATTCCGCTGCGTCTAGGGACTCTTTAAGGTTCTCTCGCTGCCCATGGCGCGCCACCAGTGCTTGCGGTGCGTCGGGTCCGCTTTCGTTCGTCTCCGTGTCAGCATTAGATGCGTCATAGACTAAAGGCAGAGTTTGTGTGGTCCGCCGCGGCTTGCAACTCCGCCTTGCTATCAGGGCTCTGACCTATGCAAATAACTTATCCCTATCGTCCACCGCCCTTGCGTGTCTCACCCTGTGTTCATCGGGTCGTTAGGATGCTGAAGGGAATCGACAAAGTCAGCGTGCGCTTTTGTTTCTAATAGAATACCATTATGTCTCTCATCACAGAGGGGCGGTCGGAACCTCATATTAAAGGCCTGCCTGGCTGGAACTTGCGTAGAAAGATACAGTAGAACCATTGGCCCGGCGCCGCCACCCTCACTCAAAATTTCAGGCTAACAAACACGGGCCCCTCTGATCACTTTTTAAGGCTAACACCGGTACATGGAACGGACTGACTTGAAATAGTGTAAAACGAAGTGCGACGTTTCCCGGAAGAAAGATCTAACTCTTGGAAACTGTTGGGGGGCCAGCGTTATACAGACCGCCAATCTCCGACTTAGGGGCCCTCGCATGAATACTCGAAATATAACTTCAGTACGTAAGCGGTATTCGTCTTAAGTGAGGCTGGTTGGCGACTTCGACATCGCACGCCGAAAGCACTTCGCGCTCGAATCAGGTTCGCAAGCTATATGGCTAATCAGCCAAGTGTCCAGCTTGAATAACTTAACATGTCGGGTTTGGGACTGGGGACGGTCTTCCGGTATGAATATTGCTGGCGTGAAAGGGCGACCTTCAAGTGCCAACAAGGACGTGAAGATCTTGTGCTGACGCTATACTCGTCGCGTGGCGACAACATCTCTGGGCACAAGCGAGATTGAGCGCCAGCCGCCGTTGCACGCTATGTAGGCAACGTTTCTATCCCTAACCAGCATGATAATCGCGGCTATGTGCACAGGGTAGTAATGATGCGGGACTGACAGATTAAGCCCTTGATCCATTAACTTATCGGTTTGCGGTGACCTTTGAAGCTCGATGAACACGGGTTCGGGCGCCGTGCGGACGAGAGAT,1194,52.68,Saccharomyces cerevisiae
SEQ_577332,CAATTCCAGGTTGGATACAGTCCAGGAAATCTGAACTGCGGCGACAGGTTCCCTCGCTAGTGTCTGTAAGTTATAAAGGGTCCGTTTAAAAAAGAACTGAGGGTAAGTACGGATTATGTTGTGAAAACTGGACGCCCAGTTTTAAAATTGTTTGTGCACAGAGTTTTAGGTTATATTGCGCGTCATAGGGAGTGCAGCACAATTATTGCCGGCATACGTGTTTTCGGGGTATGTGGACGCTTATATCCAACCCGTGATCGTTAGCATGTCCCCGGGATCAGAGAACGTCATCAGAGGCTATGTTGACGGGTAACCCCTCAGATCTGTAATTGTCCCGTATCGGACGAGTCAGAAGCCTGTCACTAAACTACGTTCAGGCTAGTACATCGGCCCGCGGCATGGGCTGAATAGCCCGGTCAGACTAAGACTAACACGGACGGGAACCGCCACTTTCTCAAGTCAGCCGTGCCTTGATGTCAGGGGCCTGAGGTCTGCGTCCCTCCTGAATTGGGACTACATGCCTAGCTGTTATTTTACCCCTGACTAAAGGTGGTTTAACCCGCAAGTATATGGTTCGAGTCCGGCAAGCAAGGTCTATCGCTGTTTGCGGTATATATGATCATTAGTATCGGCATCAGTATTTAACAAGCACACATGGTCGACAGGCTGTCTGATGAAGATCGCAACGACAATCCTAGAAACAAGGTTTCTTTAGTACCTCACTTTCTGACTTCCTTATCTAACATTATCTGGCTCTGGAGGACGGTTCGGATTACTGGCGCCCTAACACGTTAGTGGAGGGACGTTGAACGGAGATGCGTAAGCAGAGTGGGGGTGGATAGCTAGCGGCCTTAAAGGTACGAGGCATAGGAGGGTAGCCGCGCCGGAACTTAGGCACGCTTTTGCACTG,910,49.45,Caenorhabditis elegans
SEQ_939030,AGTGAGGCGGCCTCTCGATTATAACGCATATGCCTACAATGGTGATAGTAGAGGTCCTGCACCACCGGAGGGAAGGAGTGCTTATAGCGGCTCTAATAGCAAAACTTTTCGCGAAGGCGTATGCGGGCGCACAGGTCGCTTGCCGCGGCGATCATCCAATCGCTAGACTTCAATCGATGTTATAGGTGATTAACTGTGTACTAGATCAGCTTACCGTGTCGATAGGTTTTGCTTGTTTGCTCGCTGGGTGAAAGACTCCCATTGGTAGTGGGGGAACGACTTAAATAGCGAACCTGGTAAACTATTAACCTGTTCCCCCCCGTCGGGTGTCATGGATTGCTATGGTGGCGGCGGGGACGACCGGCTAGTGATCGACCGCTCGAACTTTGTGTCACTATGACCGACACGGGGGGCGTCACGAATAGCCGCGCTATAGTAATGAACAGGAGATGGAAGGAGGTTTTATTCGGGTCGCTCTGCGTTTAATTTCTTGTTATGTGGTACGACTTGGGTAACGCCTCTGACAACAAATCAACCAAAATGGCGTTCGGCCAGGGACAACCGATCCGTTAGCTCAAAGACCGGTTGGACAAGACCGACTTTCCTGGTCGGTTTTTCGGTCCGATTAGCATCAGCAAGAGTAATATATCGTACAGGTATACTAATCAACCGGTAAGCGATATCGCCTCCTATAAAGATGTACTACACACTATTTGAATGTATATGCTTCCGGGCTGTGGTCAGTTTGGAGTGAAGAAGGTACTAAGGTAAGTGGCGTCTTTTAACGAACGCAGACTTTTAGCCCACCGATAACGAGATGGTGAGATCTCGGGGTGCCCGCAAAAACGGATTCGACCGACCGGATTCGGTGTTGTCCGCCGGCTTATGGGATCAGTCGAACAGGGTTAATTCCACAGACGAATCTAATCTTTCGGGAGGAACTCTAATTGTTGTGGTTTTATTCTAGTGAGCTTGCGAGCCTTGCACGTGGTACACAGATGTCACTGATCGCGAAAAGATGACCTCAATGTGAGACCTAGCATGAACAATTTACACCTAGTCAGCGCCCACCGCCCAATCGAGTCCAGCCTCCTAGCGTGTGATTGGATATATTTATGTTATTCACACAACTTTCAATGCACTAGACCGCGCGTATGGGGTGTTGTATGGTGAAAATTTCCATAGGAATGTAATGGAAGTTAGACTGTTTCGGACAAGATTATCCTGAACGATATTTTGCCCGTACCTTCCTCCCCTAAATCCGATATCTT,1271,48.47,Homo sapiens
SEQ_789183,ATCGGATGTTCCGTGGGTCAGTTTCTCCGGCGTTATTCCGGTCAAGGTTACGAGCAATTTAATATGTGTTTCCATGAGTAATCCAGACTTAGCATAAGCGGATCTCCAGCCTTCCTAACATTGGGAAACAAGTTGTGTACGTTTGTGTCCCCCGCATAAGTCGTATGGCGTTTAATCATTCCAACTATGGCGTCCTCGGAAGCAGGGACGATGTTATCAAGCTTATGTTTTCTCTAGAATATACAGGCGATTCAGCGAAGACCCTTCGGTGTCTGGCACGTAGCCTTACGTGAAAGCACGAGTCTGATGCATGATAACCCCTTGTCATCTTGTGGGCAGCAAAGTTGCCGCCTGGTATTGGGTAACCCTAGGCGGGGGTTTATTGAACTAACTATGGGTTAGCTATCCTAAGTAGCATATGGCGTAGTACAGTCGTCTCCTACGACTGCGGCACTTTTCACTCAAGCTACCAATGCAACGAACCCGACGGCCCCCAAGCGCCTTTCGGCTCCAGACTAAGCTGTCTGTGTGTGCTATTGCTGCTATCCGTACCCGGGTTCGC,562,49.64,Drosophila melanogaster
SEQ_255210,CCCAAAGCACAGGTGTAACTTGGTCACTACCATGTGCGGTCCGTTCATCCTTGTGCGGATATGATTGGCCAACGTCAGCGCTAGTGTTGTATCATCGACTTACGACGTAAAAATCGGCCTTTCGCATCAGACCAACTGCTCTGTTCACGAGGGGCATCGACTTTTAGTGAAAGCGCATGGTGGTAACGCTACCATTAGGCCGCCTACAACAGGGGGAGTTCAAACAGGGCATTTCGACGGGTCACTTAGAATGAGGTTTTAGAGGAGACAATTTGGCATCATAGACTTAGGACACACCATTGGGAACAACCTAGACACGGCTATTTGACTCTACGCGAGGCACCACTCCGGGACAGGAGTTGATGGGGCACGCTGCCTTTAGACGTAAGGACATCCGTATAAAGTGTATCTACCATTGAAGGACGTCAGATGAACTGTGACAGTAATCCCATATTTTGGTTCGATTAACCAATTCGCTTAACACCGTCAATTTTTGAGCGTTCTAACATACGCATTGGCCCCCCCGAGTGCTAGAAAGGAACGTCGCTGAGGTGCACAATAAGGTTAAGACCTCAAATCGCTCCTAGTAACGGGTCCCACGCGCAACCAAACTCGTACCTTTTGACAACTCCACCACCATGCCCGCTGTTCCAGACAAGTACCCCGTCGGCATAGGGAGCTTCAGCCCAGAAAATGGGTTAAAGACTCCCACACTGGATTTACCTTCGAATGAAGATTTATCCACGGGGAAAGGTGCATGGAATTGATAGGGGTGTAGTTCTTTCGTCCGTTCTTATTTGTCTTCGGGTTAAGCCACTCGATGGTAGGGTTTGCTGGCACGGCCCGATCCTTCCCGGGTTTGTCGGCACGTAAGATCACCTGCGATCGTCAAAGCAAGT,899,49.83,Mus musculus
SEQ_121994,GTGCTCGGATCTCCAACTACCGTATGGGTAATTGTCATCTCGGCGAGACGTGCAACAGATGCGGCACTGCTAACCCACAGAAACATTCGACAAAAAGTGATACTGCAATCCATAAGGCTTGAATTCCCGAAAGGAACCCCCCGGCGCAAGATCGGCGAGTAGACGCGACATTTACCTGTGCGTTGTTTGGCCTTGGCCGTCAATATCTATGACGACCGGCCGACTATTGATGCGACTTATACTTGGAGCATATTAAAGTATGCGGACGTGGCACACATCGGGCAAACGTACATAACCTCTGATACCTTTGCTCCTGATTATCTAGTATTGTAAGCCTGTGCCTGTTAGTATCAAAAGGAATCCATAAGGTTAAAATTAGCCTGGGCTCAATCAATGGTATTTTCATTTGCAGC,413,46.97,Mus musculus
SEQ_975791,TGCTAGCTGACTAATACCTGGGTTGTCGCAGAGGTTGTGGTGTATGTCCATTAGCGAAAGACTGTGTGAGGCCACCCCTTTACGAGTGATGACTTGACCGGCGGCTGATTTATTGCGAAATGCCCCTTGTTGCATTACGTTCCCACTAAGGGCTCTGAACAACTCCCAATTCAGTCCATTGCCCTACCGTAACCGGACCGATCCTACTCAAACCCTTAAATAATTGTTTCGGCGGAGGCACCCTCACAGCTTACTAAAGCAGACCATGCTGTAAGGGCATAGGTATGTCTTGCACGGAATACCCGCCCGCTCCTTATTTTCCGCGGCGCCATACCATGCGGTCCTGAGCACTTTACGCGAATGTTCGTAGGAGGTCCCAGGTAATATATGACCATTCGACCGCGGAAG,408,51.47,Caenorhabditis elegans
SEQ_395753,GGGATGTAATGTAATGCAACATCCTACGCGGCCCAAAGAAAGGAAACGCTCTGGTACACAGAAAGCCCCATTATGATGCCACCCGAAGGCTCTTGTTAATGGGATTATTCATTCATCCTGGGGTCACTTAAAGTGTTCCGGATTCTTAGTAACTAAGAGTACGCGTAGGGATAGACTACCTGACAGCGCACGTAAACCAAGTTTTTTATGAAAGGCTAATTCCAGACCATCGCTATTGATTACGTGCCTGCGGTGGAACTTAATTGGAGCAGGAACTTCAGTCGGAAAGCATGGTTTCATAAGTAACCTCTCTGATAGTCAACGGATGTCGTTTACTCTAGGCCCTGGCGCTTTAATACTGCAGTGGTAATTGAGTTTCAAACAGTGGAACGTTTACTATAATATATCTTAGGAATCTAACGCAGTCCTAGAATGTAAGTCTCGAGACCTCGCAGTTGCTGCACCCTCCGTCCTGCAATCACTCTCATCACACATAGACACTTACCGGCGCACACGCCCGCACTGCCGCCCCAGATTGGATTACATGTGGAATCGCCAGACAGACCTTAATTGTTCGTCGCCGGGCCAGTCCTTGTCTGTGCGCTGAGTCTCATGCTAGTTGATTCCGACCCAGTTATGCGACCATCGCTATAGGTCTGACACTGTTTCGTCAACAGAAGCTAACTATTCCCCGTTCCCTTCAGTGTAACTGCACCTGTCATTACAGTAGAGTAACTCTACAGTAAACAAGAGGTCGACAATGACGTCTCCCTGGCCGGCACGTTGATCTACTCCGGCACTTCCGGACGTTTCCGCCCAGGCCAGTATGATGCTATTTTCTCATCTGAGAGTGATTTTAGAATATTGATCTAGACGCGCTACCAGCGACATACTGAAACGGAAATGAGGAAGAGAACCCTCACACTTGCCCATCCCTACCATAGCGATAAGTGAATGACGTGCATTAGATCCACATACGGTACGATTTACCCTATCGAAAGATCTGGATTTGTGTCCCGGGCCTCCGCGTTCGCCGATGCACCATTATTAAGCCTATACCAAAACTCCCTCAGCCTGCCTTGCGCGTCGATGTCTCCTCAGTACTAATAACACCCACCGGTCATGGTAGGCGAGTCCAGTGTCTCACTTCATGGACGCTAGAGTCCGTCATACATGACTAAGAAGCTAGAATTATCAGGCTACCTTGGCGGCTTCCGTCTCGCGTAGCCGACACTAAGAACAGTCAGCAATGCCCACAGAGTTCACCATGAGGCTAACATACTCAACGGCAGCCGTTCCAGACCCAAATCTCCTCACCGGCGCTGGGGGCTCGACCCGCGAAGTTCGTTTGGATCCTACCTGCCAGCTAAGATGTCCGAGCATTCCGGGCCCAGCGCTATGTATCTTAATATCCAATTTTGTGTCTGCAGAATACCAACTGTTGCTCTCCACAATCAAACATCCATTATAATTAGGTAAGCCTCATTCATTTGCCGGAGTCCCTACAGTGCCCGTGATCCGTTTCGACTTGCTCTAAAACTGTCCGTAATTGCGCTAACTGCACTAGGCCTGTAATCCATCCTTATGAGCTGACAGAAAAATCTAAGCCAGTCATTCCAGGACGCGCATCAGTGTCTAGATTGATCTTTCTTGCTTCGCTCCTGCCCCATGTTCAAAGCCCGCTCGGGTGCAGGGGCTAAATGAGTGATCAGAGTACTAAGCAAACCTTATATTCGAGCGCATGGATATCAAAAGCGATCCCACCCACTGTTCTCATAGGGGTTCGTTTAGCTCCCTCCGAGATCGAAAACAGGGTTCGGATGACCTGGGCCAGAAACTGAACCCCCAGGGGTCGAACCTCTAACTTGGCTGTTGGAACAATAGAAGATACGCATCGCTATCTAATGTTGCTGTAGTACTGCCATTGCGACATAGTTTGGGTGAAGTGATTATT,1954,48.77,Mus musculus
SEQ_133780,CTTTCCGGTACATCCTACTGGGTGTATGGTGATTGCCGCTACAGTCTTTTCGTCCCTACTGTGGAGGACACTTCCGTTAAAACAGTTCATTTAGTGGACGGACTTCCCATGAGGCGACCTGAGAGTTGACGGAATTTCATAGATAGAAGTGCACGTTAGCAATAGCTTGAAGCTATCCTGTCCAAAGGGCGTGACCATGGCGCCAAGTACTTTATTCAAGCCTTTAAGAAGTATCACGCCACAACGGCTCAGCTAGATCGCACTATCAGACCTCAGGGAGTTCATCTTTGCGTATCTGTACATAATAGGACGTCGGGAGATTTTGTGGAACGAGTAACAGTCGATGACGAGGCCCGTGCTTCTGTTCCATACTTCGTCTCGTTAGAAATTGGATCATCGGAGTACATTTAAGCGGTGCAGACTTGGGAGA,430,47.67,Mus musculus
SEQ_156788,AAGCGCCGCCAAGTACATGCCGAACTGACGATTTTAAGGCTGTACATGTATTTCTCAAGTAGATCAATACTCGTCGCGCAGGAGCACGTATATTCGGTCTGATACTTGCCCGATTAAGAACTCTTTCGGCCAAGCTTTATCTCAAGCCTGGCTTAAATATGGTCTAACCCGCAGGTCGATAAGTCTTGAGGGCCATGGCGTGATGTCCCGGGGATAACATGAATCTAAGCAACATCGTCTCGGTCGGAACTGACCGGGTATCGCGTCGAACAAGTTCGATGGAGACCGTTGTAAACTGGTGGACCGGATCAACAGATGATCGCGCATCATTGCGTGCCGAGCTCAATCTTTCACCCACAACCCCATTACCCTGCTCCCTGTACGAAAGTCTCACCGCACGTTATCCCGACCACGCCTCGACTCTAGGGTGTAACTTTGATATCGAATCCCTTGTATTTTTTCTCCTGGAAAGGTAGCGTAATGGAAGAACCGTCAGGCCCTGTTAGCTTCTGCTGGGTTTGTACTGAGAAAAGACGAACTAACTCCTGGAGCACCTACAGAATGCTACCCAGATCCTAGTATAAACGCACTGCCGCCGAAAGAGCTACCCAGGTCCGGAGGATAAATTAGACCAAATACTCCTTATACATAGCCAAACCCGAAACGCGGAAATTTTGGCGGGAGTCTTTCTGCTGAGATAACTGCGGAGGCTCTGGCCTGTAACTATTTTAGGACAACTCGGAGGTATGTTCATCCCACAAGCGGCATCTCTCCGGGTCCTGAGTTCGTAGATGCCAAGAGACCTAGTGGAGGTGATTCAAGCTACATTGTAGCATGTACTTGATGCAAAATGGAACCATCTAATTTAACAAGTGGCATTGGTTCGGTAGTAATTTGCCGAGCCCCTTATCGCGAAACTTGGGCCGCAAGAGCAGGAATTCATGCTCGGACCCAATTAGGCATCCACTGATTATGACAACGTCCGATCCTCTTTCGGCCGCAAACAGGCCCTACCGTTAGTAGGCTCCTCCCGGTTACACCGACCCTTGTTTAGCGCTGTCGGCTAGTAGTCGCCTGTTTTGAAAACCAAATCTCGATGGTTACCATTAAACCCCACTTGGAGCGATAGGCACCAT,1136,49.56,Mus musculus
SEQ_270330,TCAGAAAACGGAGGGCCCGTTCGATCCTTAACAGAGCTTTGAGACGGCGGATCTAACCAGACAGCTGGGAGGACATTTCGCTAGTCATGGCATTACTCCTTAGTTGTTTCGCGGTGCCGGAGACGGGGATATGGATGGAAGGCTCTTAGTATAAGCCATGCTTAAGCCTGGCCCTATTGGGGCGTGTGACCTCACGAGTCGGGGTACTGTGGGCGCTTTGCACCGACTCAAATGAACGTAGCCCTCAGGCATTTAGTATTAATACGCCAACGAGTTCCTGTCACCGAGATTGTCGGGTTCCGGCGTTTTCGGCTCTATAATCTACTTCAGGCAGTCTTATGAAATGCTGAACCCCTGAGCCGACAGTTGGTTTTCACACAGACGTTGACCCGATCCTTGCGCACTCATTACCTTGCCGACGAGTACACTGCTCGGATCAGTGCTATCCCGGGTTTTCCCATAATTGTTGGACTTTATCCGGTAGGGTATCCCTGGGTGTGACGAGCTTTAGCATACCCTAAGATCATGCCGCCGTCACGTCTAACCGCGGCCGAGTTCTAGTAGATTGAGGATGCGCCCTGACGGCAGACTCGTTACTAAGCCTTAACAGGCCCCGCACTTTTTTTTGTTGTCTCACATGTTGGGGATACGCTTGCATTATATATGCTATGTGGTGGACGGTTATAACCCCTATTAATCGTTCGTTTGGCACAATAGATGATTTCGTAACGCTCATGAAGGACAACGCCCAGGGGGCCAGTTAGCCAAGTTTCCCACATCTATTCAAGAAGTCCGAGGCCATCCAAGACATTCTAGCTAGCCCTCGCCCCCACGCCCTGTTTGTAGAAGGTCCATATATCGC,862,51.28,Caenorhabditis elegans
SEQ_664980,GCCCCCTTTTCCAAACAAAGCAAACATGTCACCGCCCTTGTTCCGCATGCATACGCTACCCCCATCTCCAAACAAGCAGGTGCTCTTAAACTGTTTCCCTGTATTGAGCGTAGGCGGGGATAACCCTAGCGCGGAGCGTTAGAGAGTGAGTGGTCGTGTGATGGCAAATAGATACCAATTACGTCAACCTAAGATGGGTTAGTCTAATTTCGCTAGTACTCACGCGACTCCCCCTAGATTGGCTTATGTAAGCCAAAATTTTGGGACGTGCGCCCTTGAAGTTAAAAGTCTCATCTTGCCGAGCACTGCGACATCTGTAGTGGATGAGGATCATCGAGCCAACGATTTCTTACTATAATATCTGGTCCCGCTGAGACTGC,380,48.95,Mus musculus
SEQ_273179,TAGAACAACCTTGGGGGTTCATACAGCGCAAATCCCGACGGATCTAACGAAAATCATTCAAACGGCGACCTAGGTGCCCTTCTAACCAGCATATACACATTTGCGTCCGTTAAGCCGATTGGTTTTCGCGTCCGTGAACGTTAACCCCAATCAGTCCCACGCTGCTTCCCACACCTAGCAGATAGTATCGATTCTGGTCTACTGCGATTCTCCGCCTCTCCCCTGCCATTTGCGCCCTTTCCTGTCATTGCATTAAGTCGATAGAAGACACATGGCCCTTATTGGGCAGGGATAATCTAACCATCATGTTCTATGTACCACTCCCAAAAGCGCTAAGACCCGTTTCAAGGGAACGTGAAACTACTTGTGCCGCAGATATCCACGTTTCCGGACCAAGGCGGACGCTGCCTGAGTAACACAGCGGAAGAGATAATCGCTGATTTCCCATAAGTGAGAACGGAAGAACGCCTTGCCTATCAGGGACTGCAGCATGTCCGATGGCCTCCGACGAGCGAGCTGGTTCGTCGAAGCTTCTACCGTGACGTGTCTATTCCATGTTGTCGCTAATAAAAATCGTAAGGTTGAGACGCCATGATCACGTGCGAAGGGCTTT,613,50.57,Drosophila melanogaster
SEQ_317578,CGCTAATAGCACGCAAGTCGCCTTGAATAACGTTCATCGGCTACTTTGTAGCGATGGACAAGCGCATCGAGCTAAAACGTTAATATTGTATGGATAAGGATAGTCAAATTAACGTTCCTTGCTAGGATAACTATTGCATTGTTCAATTCGGAGTGCCGCTCTGGACTCACGTCTCGCGTTCGTGAAGTGAGTTTAGCGTGCTACGCTAGGCTTGAACGTTCGCTGGGCGGAGGAAGGTTTAGTGAGACGCATTTCCTCCGTACGGTCCAGTTCATATCTTGCTTTTCGCAATCCACCCTCCTAATTTCCCGACCGATATCCATATCGTAGGAGATTCACGCGAGTAGACGTTCCTCGATCTCATCATCTTTGGGGCTGATTCCCGAGGTGACTCCGTACATCCGCTAACTCAAATAATTGCCTCACCTCAAACGCCGGCCGAAATCTGATTGGGAGG,457,48.58,Drosophila melanogaster
SEQ_577872,ACGGAAGAGCGTTACTCCTCATATCTTAGCATCAATCAAACCGAGGTCCGTTGAGACACAACGCACCCGGTACAGCAAAGCCAGCCCGAGACGCCCGGCCCTATCAGCACTACTGCAGAACAGACACTTCTGCAGGGATATTTCGTCAAGCTGGTATAATGGTAGACTTGTACTGTCCTGATTGCTTCAGCAGAGGAGCTTGACGCTTTGCCTAGGTTGCAGATATTGCCCGAAGTGTCGGCGGCCTGAGTCGAAGTAATAAAAGACAGTTGGCTCATAAGAGCATAACGTGAACGTATCGTAAATGGTCGCCTAGTTAGACACCTACTGAGGTCACGTTTTTAAACGTATCCATCAGAAGGGTTCGTCAACTTAAAGAACTGTGAACCGCCAGTGAGGACCGGAACCGCATGACATGAGGGCGCAGTAGCCCCTCTCGTAGCGGTGCTTACACGCGTTGCTGTCAGCTCTGTAGGACGCTGCGGATTAATACCACGACGCACCCGCGTTAAGAGCTGCATCAGCCAGGAGCGATACGTCGTCACTGATACCGAACAGCTCATTAAAAGCCCAACACAGCATTAGATTGTTGCTGCATGAGGTACACAACGAAGTCATAGACACTAAGGTACGGTTTATGTCCGGCTGTTAAGATACGCGGCCGTCGTCCCCGCTCCATCGTAGTTTACCGTTTTAACAACTGACGGCAGGCAATGCGCATAAGCAAACGTTATAGGAGTACCCACATTGCTCGCCTTTTGAATATGATCAAACGCGCACCCCCAGTTGAGCAGCTCACATGACCCCTTATACAGACTGGTCGAATAACGCTAGTTCCTGTAAAGATGTCGCCGTTGTTCTCCGTTATGGCGTGGTAACCTACTGTCACATTCATGCTGTTCTGGTTTCTCAACGTCGGTGCCAGAAAGGTGTGTTAAGCTTGGAAAGCGCCGGATTGCCTCTTGGGACTCCCCTTATCAACAGGCAGCCAGAATAACCCTCGAGCACCGACGGTTGCTATACGCCTCGGGATACGGCGGCAACACAAAACTCGTAACCCCGATCGTTTGACCCCGATAGGAGACAGGCGATTGGGAGTACTCACTTGCGGGCTTTAGTCGGCTCCAGATGTAGGAGCGGAGGGAACCAGTGAACAAAATGGCCTTAATAGGCTTACCTCGTGTCTACTTCTTACGAGGTTGTGGCGTGAAGGTGGCATTTGTCTGGCCGAACCTTATCTT,1241,51.17,Drosophila melanogaster
SEQ_352208,CTCTGAAAAATTGAACGGCGACGTCACCGCTATCTCTATGCCTATACACTCTCGGCCACGCACCAGTTACATTAGGATATTGAACGCGACTGTGTTCTAGTCTTACAACAAAGGAAACTTGCTTAAATCTTCATTACGGTGCGATTCCCAAGCCGTCGCAAAGTGGGTATTTCTTGCAACGCGCACGAGATCATGAACACCAGGTTCTTTTATACCTGATGTGCTTGTTGTCTTCGTATTAGTTCTTGTTATTACACACAACCGACAATTTAAAACCAAATTGCGTGTTATAGCGTAAAACCGTACGGCGGTCTGAGAGGACCACATGGCACTTCCTCTATGAGTTCTCTTCTCTGGAGAATTTACGGTTGGTCCTTACCTGGATCGAAACCATAAGGTCCAACTAATATTCACGCGTGATGACATTATTAAATTCTATCCGCCTAGCGGACGAGTCGGAATTCCTAAGTGGTTGAATGACCACCTTATGCTCGCAAGCTGTGACTTCAGACTGTTGACGAGTGGGATGATGCCACGTTGGCAGCCGTGACTACTGTCTAACCAGGTCGGAGGTGGACGACCTTATGGGAATATTCGGGGGTCCCTGGTACTGGCCGTGTTCTTAACAAAGGAGACGGAAACAATGCAGTGTAAGTCACGCACGTGGCGCACCGGGTGAAAGTTCTGGCAAATATGACCCCGAGCTCACGGCACCGTGCAATGCGAGTATCTTTGGGAATACTCTGCGCAGGGTCTAGTCTAACGCGCCTGAGGTGGTACTTCGTACTTTGCTGCGAGACTCTCTACCTTAATTCGGGCCTAGTCTGACAAGTTTCTTTTCCAGTCACTCGCTGCCGACCGCGGAAAGGGAGAGTGCCGGGATCATAGTCAGATCGGAATCAAAGGGTAAGAGCTCCTCAGAAAGCATCACCGCTCTTAAACCGGTCTGGTATGGTTAGCTGGAGGGCACACATCATGGTGTCAGGGATTAGATGTCTCGATGGGGACACGAATCGCATTTCCACGATAATAATGTTAGTGCATAGCGGGAAAATCGGCGAATCGAAAAATATTGCGGTATTAAACTCCACGAGGACTTGCACTGGTGGCTATAAAATTCTCAAGTTGTTAGGTGACTGGGGGTAAA,1147,48.13,Escherichia coli
SEQ_699864,TCAACCACTCGTGTTACGGTTTCGTCCCCCATGTGACCGGTAAAACCAGTCACCACATAACGCGAGCGGAGAGGGAGGCCTACACTCAAACTCGGCTGTATTCATACGAGTGTTTTCTTAGTAGTTTCCATTTGCCCGGGAAAAAAATCAAGGACTCAGATGCATATCTTGCCTCCCCGCAAGGGGACTAGGTGTTTATGAGTCCGTGGATTATGCCGTGTAGTGTTTTAAAGCAGCGACGCCGTCCTAG,250,50.0,Saccharomyces cerevisiae
SEQ_586966,CCAGAACGCGAAAACGTCCTTCACCGCGAAGCTTAAACTTGAATTCCGCTGTCGGACGTTGTAGCCTCACTGTCAGAAGTCGTTCGGGCGCAGGACGGCGTATGGACACGTTCACAATGATCTGAGCAACTAGGTTCTACCTATCTACACCGAACGGAAACCTGGGCCGCACGCAGCACGTGATTACACTAATGATAGCGTGGACCGACCCGAACAAGGCCCCCTACTGTCGGTGTACCGGGGCGGGACGCTGACTTAGTCACTACCGGCGCTGACGTGGCCCATGAGAGGGCGTAGCCCACTCGGGGTAGCATTTTCATGATTACGATATGGTGTGGGACAGGCTGCTAATCC,354,56.21,Escherichia coli
SEQ_662514,ACGCCTCCGATGCAGGGGCCCTCCGTAGGTTCACGCTATGGCCAACCGATATTGCCTATCGAGCACGTGAATTTTCCTTATGCATCCGCCCTACACGGGGTATCTGAAAAGCATGAGGGTTTAGGATCGAAGTCTGCCCCCGGGTACGACAGCCTGCCTTCGACAGTTTGGATAGCGACGCAAAATTCTCCCCCACTAGGGGGAAGTTCTGATTCTGACGTTCCACCGTTAAGGCCTGTTCGAGCCGGTCCGATAATTTATTGAGTTACTTCCAGGTTGGCATAGTTAAGCTGATACCGTTACACATTTAAGCGTAGACTGTACTGCCAAGCCTTAACCTTGACGTCCGCCGAGTCCAGACTGCCAATTACACATAATTAACATATGCTCTGATCATCGCCGTTGTCCTTGATCCTCCCCGCATTCCCCCGAGTGAATGCTTAACAGACATTTTATAACCGGCGAATCGCTGAACCCCATGGGTAGGCTACCCGAGTCGCGTTAAGTTTTAGGGTGTTAGTGTGCCCGGTCACAAAATACTGGTGCTACTTGTGGTACGACTGGACCATCGACTTTCGCTACTATTAAGTGCGAAGATTGATATCATAAA,610,49.84,Caenorhabditis elegans
SEQ_118674,CGGAGCCTATCCCGTAACTTTTTATCGAGTGGGCCGTGAAGCCGGCAGTTCAACACAGTCTGCTTCTACGAGCTAGAACATTCCTGATCTAAGACAACCGCCCTTCCGAGAATTAAGAAGGGTGTCATTCCTTTTGACAATCCATATCTCGGTCGGAGGTCTAAAGAAGTATTTGATAGGGTTACTTTAGTAAGAAGAACACTAGTGCAACATTATAATCCTATAGAAGCCCGTAATACTGCCAACCCTCTGGATGGCCCTATCCAAATAGAATACCGTCCAAATGAACTAGTGCGAAGCGGTTCTTGTGAATTCTGCCTTTCATCCTTCCGCTCGTTCTTGGCTGCATCAAAGTTTTCGAACCTCCGACGGTAACGTGCTTCACCTAAGTAGCAAAAGTGTTCCCCTCATATGATGCCGGTGTGTTGTTACCACCCCGGTGCTCGAATGCCTGATGGCAGCACAGTTGTATTTGGCCATCTTCGATTGACCGGCCAGCCTCCCTAAAGGTTCACGCATTGGGTTCGGGTATTTACCAGTCGGTCTTTGACACACCGCGCTAGCCCCTCTGCTATGCGATACAGTACGCAGTTCAGTCACACTCATCTGCGCTCTGCTTAACGGATGATCTTTACGAGTCTCTGCTGCCTATATCCAGTGGGTTCGCTGCAATGTATAGAGAATCGTGGCATCACTATCTGCCGCCAGTTAGAGGCGCTCCGTCGAAGTCCATACTGTGTTAGACGATGTCCTCAGAGTCCTCGGAATACCTACATAAGGTTTCAACCTCTGAGCCCTAATCGTTAGACTAATGAGTATTGGCGGCACACTTGTTGCGCTCT,842,48.69,Mus musculus
SEQ_468145,CGCTCTACGGATGTGGGGTAACTATGATGTTGGGAGAGCTTCACGTGCCTTACCCGGAGCGTAGTGTACTTTAATTAGCGTCCCGGTCCCAAGCTGATGAGACAGGTCATATCGTCTGCTATGAGGCTCCCTTCTGCAGATGGACCTGCAGATGTACGGAGGGCCACATGGTATTAACCAGGATTGCAGGAAGGCTCTAGTTGTCCGGGAAGTTTTTCCCGACCCTACACCGTTACGCTCTATATGTTAGCTTCTGTTGTTGAAAATCGGGTATTCCCTATAGCACCTATTCTAGTCCGAACATGCCTACTTTCCACGAATAGGTCGCCTGAAGTCTTAATTTTAATTCACGACACCAGCTCGGTTGAGCCTCAGATACGCCGGTCGTGAGAACAAAAAATGACTTTACCACTCCACGCCGTATTCTGATGTGAGCAAATTTAAGGATGTGGTTTCCGATTACTCAACACCTGTTACAAGACGTAGCTAGGTTCGTATAGCATTTTTTAGCAGCAACGACCAATGTTCCAAACCATTACCTATCGAAGCCTGGAGACTGATGCTGCAGGTTACCCAGCACCCCAAGTGGAAGTCCTTGGGGCAGATGAT,609,48.28,Arabidopsis thaliana
SEQ_985271,CAAGCGTATGCATTCGGGAGGAATCCAGCCAGTGCTGGACGTAAACCGTGCTGCGAACAAGTAAGCGCAGTATACTGGGGTCCAATCAGGAGTTATCCGAGTCAAGTTATAGACAAATGCGATATTAGCTTCTGATGCCTTGTTACACTAGCGGCGAGCGGAGCGAGAGAAATTCAACCCTACTGACCTCTCCACTTTACGAGGTTTCTTCCCAGCCGTCAATTTTAAGGTCTCGGCTTATACTGACAGACTGTGGTGTGACCACAACTATAGATTTATTGAAAACCACGGGTGTAGCGAAGCAATGGGGAGTGGGAAGCCGACCAGGACCTGATCACAAGTTGGAAGGACCAGCATTGTGTATTACCGACACACCAACCGAGGCCTTCCTGTGGAGACACGTGTGGTATACTAGCTGCGTACGAGGAGTTAGCGGTTCCCAATATCTCTCAACAGCATCACTCGGGAGGTCGGAATAAAGACTCGCCTTCCATGCCTTGATCCCTAAGTGTAACAATACCGATCTAAAGTAGATAGGCGCTCGCCATGACATGACGGTACCGGCCGTTCAGATCCTATTGTCGATATAATCGAGCGGTTCACGTGGAGACTATTGACCTATGGCTTCAAGAGTCAAATTAGGTACACGAATCCCATCCCTCGTGTCGGTTTCGAACAGCCAACTATATCAGAATACAGACGCAGAGCCTACTGGCACCGGAGCACTACCGTGATAAGCCCCCGTCAAAGTCCCCAAGCTGTCCACCTCTTTGACATGGTGTCTGATTTAATAAGTTAAATTCCATAGCCCTTCTAGGACGTAGAGAGGAAGTGCGCAGGCCACGGCTGAACGCTGAAAGGGTATGTACACCTCTACGGTCCGTCAAACAAGTTAGGCCTATTTCTTAACACAGATGGAATGCACTTCAAATTTTGCTCGCCATCAGCTCACCTCCCCAGCTTACCTCAGGCTAATGGATTGGGGAGCACATGCAGAGGGCCTCATTTGAATTTGCACTCCACTAAATCTAGTCCATATTCGTGGGTGATCCCACTCTCCGTCTCTACTACTCCCCTTCTCGGTTCGAACGCAAAAGCTCATTTCATGACCCTCGGGCTCATCCGGGTCTTCACAAATCACCATGGCCATGATAGCTACTCTTTATTACGAAGCTGTGCACGCGC,1185,49.62,Arabidopsis thaliana
SEQ_697914,CGACCACCAGCTTCCCCGTAGAAGTGAGCTGTTGATAGACCGGGCGAATGATGCAAGGATAAGGGGTGGACAGCCATCTCGAGCGACAGGTGCTTGTTACGAACTACAGGCATCTTACTTGAGCCAATATGCAACCTATGGCTATTATGACCGTCAAGGACTGAAGGGGAGATTAGGAGTCTCTACCACCAGATTCTCAGAGCGTCTCTGTTTACCAGAAGTCTTCCGTTCAGTGCCATGCTGTAGCTAGTTTAGTTATACTGCACACAATTATGCGGTACTACCCAACCTCATCCTGAGTGACAGGTAGCGAGTGCTTTCACGATCAACACTGGTGGAGGCCAGTGCCTAGACGATATATTTGCCACAGGAATTATAGTCACGTATAGATAGAATTATTTCGGTTGGGTCTGGACTCCAGCTAGTACGGACAACATTGCGATAGGGTCTGGTAGCCACAACAACTCAGTGCATGTAACAGGCTCATTGGGTTGTAGCAGAGGTACTCGACGGTTTCTTCCGTGGTTAGCCCTTGGAGCCAAGTGACCGATATTTCGATTTGAGTGCTCCCCCTATATGATAACATTAAGTAGGATTCCTTCTGTGTGGCATTACCCCCCCAATGGTAGCAATGCTAGCAGAGGTACCCTGATCGGTGCCATTATATCATACAAAAAACCCAAGGTTCTCCTCCCTCCGCAGAACTCGTTAGGTTTCCATCAATGGCGCAGTCATCCTTGCAAGGGGAACTTCAGCAAAAATTACGCCTCTAAGACGCATAACGTAGATGCCTTGTATAGACCGGGTAGCCCGCGATGAGATCCACACGTAATGTCCCCCCAGGCCCCTTCCCCGGGGCCTGGAGATGCATTCACCTAGGTTAGAGTGATGTCCTTGTGCCGCGGTCTAAGTATAGTGATATGGTCAGGACTCTGGAAGGACTTGCGGGAGAGGCAGTGTCGATTGCTTGTGCCAAATCACGACGGTTTCAGTAGTGCGCTGCGAAATACCAAGACTACGGTACTGTCTCGTGTCGCTGACGGCCTCCCAAGATATCTGCCGCAGGCTGGTCTGGAATTATAATGTGTTTAGCCTAAG,1098,49.91,Mus musculus
SEQ_484560,TTGTAGATCCATCGTTTCCCTAGATGTGGCCTCGGAAGAAGCAATTACGTTTGAAGCTACGGCTCAGGGACACTTCCGCGTTAGCCTTTGCAATCACTTGCCCGCCTCCACTATTTCCCGGGGGCAGCTGTCAATCGTGAGCGCGGGAATTCGTGGCGGTAAACGTACATGCCGCTGCGACCCCGATCCTAGCCTATCCCGTAATCTTTGAAACATTTACCTCCCTTAGAGAGCGGCCCCATTAGTCTTCGCCTTAGCCTGGTGAGTCTCGACATACGTCCCGAGAAAACTGTACGCCAATTCCTCTTAATCGGGGCATCATGATTCAGTTAAGCGCCGAAACTCCTCGAAAAATCAAGGCTATTAGCCTTCAGGTCCGTGACCCTCTAGCGATGCTGATCTGCAAGGCGTTAACAGCTATATCTTGTATACATGCGCTAAGACCGTAAATTAAATCGTGTCTGTGGCACAGTGAACATCAGTTCCATGGTAATAAACGTGTTGTCTACCGGTCGTTGTCCTTTGATGTATGCTATTCAGAATCAAGGAACCAAAACTCAATTGATGAGATGTGATATCCTATGCGAGGGAGAATGCTGCTCCCGGTCATCCGAGCTGGATCAAGGGGACAGTTGGATTGACCCGCTCGATACCTGTTTATAATGAGGGCGTTGTTACCATACTGTCGATAATATTAGGTCGCGATAAACAGTTCGATGTGGGGATACGCTTCAGCTTCGTCTTAGATTTTACAATAAGACTCTGAAGGGTTCCCTATACCATTTGGTCGGTGGGGGGGCTCATGGACGGCCCCCGGTCTAAGTCTACACGTGTGCCATATCAGGCAAGTTCAAACTTATTTCGAGTCAATTTTCGCGTTCACCATTGTTTTTAATCTGTTGCATGCCTGAAGGGCACATTGTCGTGCACCCGAGTACTGCTAGCGTCCTGTGGCTTGGTCCCACGGAGGAGCCTGAACAACGCTGTACCTCCTGCCAGGCTGAGTGGCGTTCCACATAGCCTGGGTACTACATTCGCATCTGGCGAGGCATCTAGCTAGCGGTACCCATCACTGTTTCATGTAATAAACACGATAGTATTTAGCAGCAAAGCCCTCTCAGCTAAACCTACCGTGTGGTGAGGTGTAAGGGCTCTCAGTTCAAACCCAGGCGCCCTTCAATCCGAGAGGAATAAAGTTATTCAGCCGTTTCTCTTCAATAAAGTCAACTGGTCCCCAGGTCGTAGGCCCGACCTCCACGAAGGTCTAGTTCGACCGGATTAAGTGATACCTATTTAGATGCCACCCAAATAATTGTACTTCCGCCGCTGGATTATAGCCATCCACAGGCCTGCCCGTGTGGAAGGACACAGTTTATGACGGTACCACCCGATTCATTTCTCAGGTAGAGTTCAAAAGTCTCAACAGTGTATAGCCCAGTTTTTGATCAGCTCCTATACCTTTCCGAGCATG,1471,49.22,Homo sapiens
SEQ_697762,GCGGAAGACTTTTGGCCTGGGATGCTGGCCAGTGCCTCCAAGCGCCACGATCATGTGTGCAAACTGACTGGTTCTACAAAGGTATCTCCTAGGCGGGAGGGCCCAATTCCGCAGCTAATTGATCCAAAATCGTAACTTATTGGGTTACACCGGCGTGTGCCATGGTAGAGCGGCAGTATCGGCCTCCAGACCTCCATTACGCTAGCTGGCCTGCTCACTGCATTTATATTGTGCATCACTCAGGACGGCTGAAGAACGTCGGCCGATGCACGTGAAGCCGTTTAGGCTGCAGCCTTGCTCTAACGGGAATCCCGTGTGGATGGTTGTCGCGGGGGAACTGGGGATGGGAGCTGGTAGGCGCGACCGTGGGTTCCAGTACAGGTGCTCCCATTTGCCGTTCCTGTAATAGGTCGTGCTGTTTACGAACCTAACGCCTCTCCACTTCACTCGGCAAACTCGGGGTGGAACACCGTTCCTTCTGCGTAAAGTTTAAAGGGGTCACACAGTAGCACCCGATCTTGCTGTCAGAGGACTGGTAAGGGGTACAGTCCCATAGGGAAGACGGTAAGATTCTCGCAACCTGGTCACCGCACCAGAACGAAGATGTACCTGTAGCGGCACAACACCCCCGGGTCGGGTGGGCTGCTGAGTTTTCCTACATCTCCTTAAACCAACCGAAGGCGCTTACAGCTGAGACTCTTCTTTGTATACACTCCATGCGTGCGCCACCGTATCCGTGTCAGTATACTGAGTAGTAACGTGGATGTCTGGCAGACATCTGTCGTCTATTAGTTAAACGTGCAGGCTTGTAGAATTACCAGCTATATCGCGGTGTTACCGATTTTAAACCCCCTCTAGTCCAATTGGTACATGTACACGCTGCACGGTCATGTCGGACTGAGAGTACACGGTTCAGTG,918,53.59,Mus musculus
SEQ_704505,CGGAAGAAACGATGGATACAGTGAGTCAGTAGAGACGCTAAGGATCTCATGTCAACCTGGTAGGATCCAGGGACAGCGCCAGCTGCCTATGGGTAGGGGGTCGTACCTAGTTCATTTAATGTTTTTCCTACACGTGATCAGTAACAGGGTCTGCCTAAGACGCCCAAAAGGGTCTTACTCGAGGCAATAGACGATAACAGCAAATGTGTGCGGCGACACAATCGGAGTATAATACCTCACGGCACTTATGCGTAGTGTATGCAGAATGGCGCCTACCGATGCCTTGTTCCTAGAGGTCTATAAGCCTAGAGAAATTAAGCTTGGCCTGCCAATGAGATCAGATTCGCATTGTCACTCACCGAGCACATGGTATGCTATCCGA,382,48.95,Arabidopsis thaliana
SEQ_787948,TCACTGTCCTGGATGATCACGGAGGGTCGTTTCCTACCATGTGTGTTTGAAGGTGAGGGTTCCTGTACCTAATGAGGGAGGCTCGGCATATCGGTGTACGGCGTTCGGCCGCATTATGGATGGCGCTTTTCTTGGTATGAGAACCGGTAACAGGCCAATAGTAAGTAAGGT,171,51.46,Drosophila melanogaster
SEQ_713287,TTTCCTACGAGTGTATACCAAATGTCCTGCCCTAAAACAAACCTGTTCAGATGACACGCGCGGATGTGTGACCCTTATTAGATACCTTCGCAGAGGTCCCGGCCTGGCTCAGCTTGGTACAAGAAACCGGCTGGCCGAACTCGAATAAGGGTTTTCGTGCCAACGACACTAATTGGACTCCATTAGCATTCCAGACTGCCCCGCTCAGTATGCTTGATGAGTATTAGCAACTAGGGCTTTTTCCCGCCCGATAGGCGCAGAACCCGACGCTACAGATCCCCCAAGGCTCCATCCAGGTTTCCGTCGATGGTGTTGATCATCACTATACGTATGTGACCTTGTAATAGGACGTAGTTCCTGAGGACCCTGGCCTTGGTTGTAAAGTACCTGGCGATGGGTCTGTAAGCGCCCTGCACCGAGAATTGTACACACTAATTATGCCGACCTGCAATCGCGTCTCCTGATCGTTTGTACCCAGTTATGGAGTAGCAGGAGGTCTAATCTTCGCCGAGGCCGGCCCTCGGCGTCACAGGGCGCATACGTAACGTGCCGGTGCAATGCTGCGAGTGGGCGACTCTGCACCAGACGCGTAACGTGGTCCCTACATATTCGGTTCGGTTGGTCACGTCGTGACGTCAACGATCACGGGGAGG,653,53.91,Arabidopsis thaliana
SEQ_863591,CTAGGCAAACTGACCGAATTTACTGTTTACGTGTAGGACTGCGGCATGTGGGCACGCCCCTACGAAGTACATGGGATAGTGTGACGGCGTGTTGTGGATGACTCAAGAAACAATGCAACATCGGCAGGGGACGTGCAGGCCCACGTCTTACAATGTCGGGATTGCTGTTGGGTGCAGCTGACGAGTGAGTGGTATAACCTCTTCGTACGTCTCTGTTCGATGGCATCAGGCGGCGTGTAATGAAATTTAGTACATGCAATCACTGCAATCGCTGTACAACACCGAATGTACAAGTTTCTGGGTGATCACGCAAGTAATGTAAGATCTAGACGAACTGCCAAACCAGCATGCAGCAACACCATTGGCAGATGATATAACCTTCCAGGTAAGGGATTGTGGAGCATAAATAGAGAGATGGCACACAACGTTCAACCCTTATGCGAGGTTGGAGGACCTGGTTAATGGTTTCGGTCCCCTTGCCCTTCGTGGTCAAATGCAAGTTTGAACAGTGAACTAAAGCAGGCTATGCCCAAAATCCGTAATAGTTCCTGGGCTTGCAGCTAGTTAGGAAGCAAATATCAGCGCCGCCGATCACATCGTGGTGCATAGTCCGGCACCATTGTATCCACGAAGGCTTGTGCACCACATAGTGTGTTTAACTATTACTCCAAACGAGATGATCACGGGACGAGAACAGCCTCAGAAATACTTGGTTCGCGAAGGAAGTCGTCTGAATCGTAGGTGTATTTGTCACTGAGTTCTGGCAAAGTTGGGCTTCTTCACGAACCGGATAACCACGTCGGGTGACCACCTGGCCCTATAGTTAGCCACGCAGCTGGTTTACGGACTGGTTCCAAGCTGCGACGGTCGTAAGTAATATTAGGGTAATGGTCATCCTGTTTTGCGCGCTGTGATTTAGTAAGACCCGGTAGTCCATTCGCTGGCAAAGCTCTTGAGAATTGTGTTGGAAAATTTATTACTGAATTTCTATCACGATTCTCTCTTAAAACCAGCACAGAGTTTTGTCAAAT,1031,47.91,Mus musculus
SEQ_864020,AGTCGAACTCCATACGGACGACAAGCTGACTTAGTAGACAACGCGGGTGAATGGGCTTGTCGAAAACCGGTACCTTTACATTTCTGGTTGTTTAGTCGTTTTATAAGTTCCAGGCATCCCATTCCGATATTTATCACACTAATCAGGCCTAGGGGATATTCATTTTGACATATACCAACAGCGGAACCGTCGTACGCGTAAGTCCAGAACTCTGCCCCGCGTTGCAGGCATCGAATATCATCCTTTTACAATCCTAGGCCGACCCTGGTTATTGCTGTAGCGTACAGTAACCAGCCTGGCAATTGCCTGAGACGTAGCGAGTGTCGTGCCGGATGTTCCTCTGTGCTGCCTGCCCTATCGCCCCGGGAGTTTATATTGCGCCACGCAGTACAGTGCGTTTAGCTCTGTGATGCGTGATATTGGTTAGCCGGTTTGCCTGTACGAAGAATCCTACTAGCCCGAGTCGGGAAGGCTAGATCCGACCATCCCAGCGCTCTCTGAGGAAAGGGAAACTGATGGGCACATGCAC,529,51.04,Arabidopsis thaliana
SEQ_158755,GGCGAACCTCTTGTGCATAGCATCCCCGAGCGAGAGGGTACCTCCATATTGGCCACGGTGGGAGAGCTGGTCCGACTTCGACGTCGATATGGACAGTCCACAAACCTAACGCTGGGGCTCATACGACATTACCGGCCTGTAAGCACCACTTTTGTCGTTACATCGCCTAGATTGTCTGGCATATAGTGGATTGGCAACGGGCGCTCGATCTAAGGTTATTGGCAATTCCAGGGTCATACGGGAGCCAGAAGTAATAGACTTCCACTAATCTACTCAGCTGGTGCACCCAAATAAGCTTAGGTACAGCCGGCTTTAGATTTCTGCTAAATAGCGGCACGTTGCTAGATAAAGGTGGAAAGGCAACTTTGAGCGTGATTCGGAAGATATCGTGTTAAGACTTAACGTTAAGTAGTAGTGAGGCTTTTAAGACCTTCACATTTCTATCCCAAGCCGTTGTAACGTACGCCACGCAAATTCGAACTATTCACGTACGCGGTTCTAGTGTCATACCGCTACCAAAATGATTGGGCCCGCGAATTTTGCTCTACGGGGCAGATTTTCTGGAGATGTTTTTGTACATCGAGCCCTCTACACCAAATCCGTAATGATGCTTGGACCCGCTTTTGATAGAAGTAGACAAATGCTCTCCTCCCCTGTCGACGCCTCATGCAGAATAGTGACGTCAAGGAGGTTGGGCGAGAGAACAATTATCCTCCGCATCAGGGAGGGATTTTGGAGATTGGATGCTTGTTGGGACCTCGTGGGTGAGGGCTGCAGCCTTTCACGGTGAAGCGTTAACACACACCAATGAATGATGCTTGCGGAGCCACCCTACACGACTTATTTGATCGGGTCCATCGAAACGTTATATCTGGACTTATGATCTCTGGTCATAGACGTTCACCAGCGCTGGTGCAGCGGCAAGTAGATGTAGCCCTGCGTCTCTGGCCGTGGAAAAGGCGCCATGAGGACGCACTGAAAGATTGTCTGTGAACCTCGCTATGCGCCCTCGAATTTAGCCGTTCCTGTGTCTTAAACATGTTCGCAACAGTTGAACACGTTATATGCCCCTCCCAGTTGGCTTAAGACAGTGGCAAAAAAACATTTATTAGTGATCACCACCAAACAGAACTATGTCGTTCATGCGAAGGTCAGAAGAATTGTTATCCCTTCCGCACCGTAAAAAAGGCACATTTGTAGTCATCCACATATCTAATATTTGGCTCATCAGATGGTTGCGAGGTACGGTAACTGATACTCCAGCTTACGATAGGTGATCCATCTCACAATGATCGTGTCTTCGAGAAAGCATGGCAGACACACCTCTCATTTGGCAAGCGTTAGCTTAATGCGAGCATTGATTAGGGTAGCACAGACAAAACGAGCGACTATTACGTTCTATATCGTCTTGGTCCGGGAATAGGGCGGTTTGTCCCAGTACCCCTAACACCCTTGGGGCCAAAACTGACCGGATATGGGCGGGCAAAAGAGAAGAGGTGACTAGAAGACAACACCGCATAACCTTCTAAGAGATACAAAATATTCTCGCCCGCACAATCACCATAAGCCGCAAGGAAACACTGCTCTATTTGGTACTTTAACAAGTCCGCAAGGGCCCGCTTGACGCTAATAGATCATTGGGTCGGGCCAGGGGTGGAGCCGGTCTCGTGGCTAAGTGTAACGAAATAGAGAACTCCAGGGCTTAGCCTGCATTATATCCAGGTCCGGCATATTACGGATTAACAAGCCGAATGGATCATGAAGAACGCGTTGGAACCCAACCTCGGTTGTGCAGGAGCAGGCGACGATATTGGGTCCAGAAACTCGAAAGCTGTCGAATTGCCTCTATCGTTGCTCGAACAACCCTGAGACCATGCTGTAGTTGTAGTCGCATAGTGATGAACGTATGCGA,1912,48.85,Drosophila melanogaster
SEQ_916077,CGTAATCTACGAGCACGTCAGTCTCTCTGATTACATTTGGCTCGTAGGCGAAGTA,55,47.27,Mus musculus
SEQ_437184,GTGTACACTGGAGACAAAGTAAAATTCCGGTTCACAGCTAAGTTAGGCGGGTAAAGTTCCCGACGACAAATGGTCGCTGTGTAAGTGACGTGTTGCTCTGACACCCGGTACCTACATGCAGGGCCGTGCCTATTTTAGGATCATAGAAGTTGCGGTTACGACGTCTCCCTTTAGGCTCACTCGCTTGAGCGCTTCGTCGCTATACCGATCCGATTCATTCTGTGTTCACCCAGCACGCTGGTAAAATGCAGCCAACGGATCTCTTGCCGAACAGTAAGGCAGAAATCGGCCATTGCCACCCGATGTGGCTCTGTTGCGTCATGGAAATAGTATCCGATGGGCCTTCGCGTGCCGCGGGCCTAAGTTTAAGCCTAGTAAGCGCTGGGGTCATAACGAGCTCTATACAATGCGTGTATACCCCGATTCTCGCCTGAAGCAGGTTCGATACCAAACCTAAATTCCCGCACGAGCGCCCTTTCCTCGGTCCATCCGTTTATGGACACCCTAAAATTGTAACGCTGACAACTGAGGTCTATGAGGATTACGCCTAGCCGTGGCTACCCCAGTTATGCACTCGGAGCACCCTAGGGTATTCGTTAGATTCATTGCCGAAGGAAGCTTTTATGTTGACCTCAGTGCCGACGTCCGTGTGTCCAATATCTGCTAAGAGCTGTCCTCAAAGTCTCGGCGTCCTATTGGTAGCGTGAGGCGGGGGCAGGTATCTTTGTTAGTCCGCTTAGCGCCGAGATTTCCACAGAGACCATGGCCCCCTCTACGCCGTTCCCGCGGAGCCCCCCCGTGGCGGAAGTGGAATGGGCCGCCGTCGGTCTCCACCGACGGCTGTATGACTTATCGTCCGGGCTTACTTACTCCAAGGTAGCTTAAACACGACCGGTATCGCCCGTAACGCCCACTTGGATAGACCGGATCCAGACAGGAGGCGACGATGGGTGTGCCATGAAAGGAATGCGTCGATACTGTGAGTCAGTGGGGTGAGGTGGTGTATTTGTGACCTGCGCGCAGCCCGCGGCCTTATTGGTCCTGCCCGGGGAGCGGGGACGCTTGGACTTTATGTACATCCGTTCAGGATTGAGAATTGAAGATAATTTTTTGTGACCCGAGCCGCCTTCCCCAAGACATCACTGACGAACAACGGTTGGACCCGTTCTCTGTTCCAGTTGCCACGACCTTCTG,1194,54.27,Drosophila melanogaster
SEQ_127877,CAATTACCAGGACCATGACCCTATGCTTGCAACCTGACGTGAGTAATAAGAGAAACTCGCAATACGTTCAAGTATTTTGCATACGAGGGGGTTTGGGACAACATCATGCGGGGGATGCTGTGTGCGTTGGTGACCGTTGAAGAACAAGTACGAGAAATGGATGAACGAAAGTAGACCAGGAACTCATGGACTTGCAACTTACGGACGACCACGATACGATTGCTATAATTTGGCCATTCCGGAACTTAATACACTCCTAACCCTCCAACTCAGTAAGAATAGCACGTAATATGCGGGTACAAAGCCTTGCTCTCTTTAGTTGGCTCCCGGGACTGGAGAGAAGAACAGGGGCACAGCATTGCGTTGGGCCTTAGGACATATATGTGAGTACGGAGGGATATTACTACCATATCAGGGGAACTAAGTGGACAGGAGGTCTATACAGCATACTAGTGCATGATCGATCCGCCCATCTGCTCTCACAAATGCGGTTCCCTTGTCCGAAGTAAACCTCGCTAGAGGTCTAATCAAGTTCACAAAGAACAATCGGTGGCGTCAAATATTGCGAGCTAATGCACGGCGGGCCAATAGTTGTAAACGAAAACACGTCCTTGCATGTTTGTTAACGTGAAGGTTGCAGGCGCGCGGCATACACAGCCCCTCGAGTACGTACGCTGAGAGCGTGCCACAACTTACGGCAAAAATACTGAGTGTTATATTACCTTCTAACGGCTACAAATTGAACGTTTAACCAGCGCCGTTAGTAAGTGTGGGGGGGGTTAAAGAAAACACTTATCCGAAGAAGGAGAAACTGAAGCCCGAATAGTCAAATATCACGTAGTGGATGATAATATCAAGAGGATACGATTTAATAGACTTCCGGACCGTGCCCAGCACCACAATCTTGAGTAAGCTGTTACTTCAAGCTTACGTTTTGCAATGGTCGAGTGCTCATGGATACGTGGCTCCCGGATAGGGGGGCCGCCTTTCATTGACGCGGGTGTACTCCGCATGCCGTCCAAGATCACGTGACAGGGCCACGGTACTTCACCAAGGTTCCGGACCAACTAGCGCCAACGTTAAGGTTAGCCGTCGGTTTACGGTAGGGATGGAGAGAGAGGACCTCATTAAACTCTCTATATTCATATTTACTCAGGTTCCAGCCATAATTCTCAACACAAGACGTAATTCATAGTTCCTGCATAAGTCTCGCGTCAGGGCAATCGCTATACATCCATGGCTAGCTAGTACGTAGGTTATTTTCCCACCCCATTTTTGGGGTATAGACGTCAGACCGTGTTACATACGCTAAGTGGACTAAATAACCCTGTCGGTTGGCTGCCCATTCGTGGAGAGTCTGTCCTTGCCCTGCCAGAACGAGGTTGTGCTTGGACTATCGTCGAGTGTTACCGCCCGAGATGATACATTGAAACGCATGAGAACTACTAGGACAAAAACCGCGTCTGTGGCTAACAAGAAGTTGGGGCAACGTTCTCAAAACCGTCCAGATACGTTCGCGCATAATGAGTCCCTTAGGAATAATACTTTTCCCCTAGCAGCAGTTCCTCCGAGACTTACGACTCTCGCCTGCAACCGTGGCCCCATAAGTTGTTCATTTGAGATGAGGTTATACTTGGAATCAATAACGTGGCTGCGAGCATTCTTTACTGAGGTATACCCGGTCCCATTCTGAATAGATTCGGAGTCGAGCTAGACTATTCGCATTAAGATGAGCCTAACTTGTTCTTACGGCTCGGTTAGTAGCCGTAGGGTTCCAAGTACTTGATTATCTGCAGATTCAATCTCTACACAAATATTATGCCTTTCTCGACAATTTCCAGCAAGAGAGCCCTATTGTATGGCGCTGGCGG,1871,47.68,Drosophila melanogaster
SEQ_682296,AGCCCTATTTGTGGATCTGGGAGCGCCACTGTCATAAAGTCTGTTAGCCATTGGAGGACGCGGCCAGCTATGGATTTCAAACTACGGCAGCGAGTTTAAATAAGGGCCTATAGCTGTCACTCTTTCATTTGGGAGTAGCTAGGGCGTACCTTTTCGGCGGTGGGCGATCCCCACACGTAGAACAGCCAGAGGCCGGCGGCAGAGTAGCCGAGAGGGCTGCACCAACGTAGTAGACGGCTGAATAAAACCCATCACCCGCACGGCCGTTACTTGTGCTGCGTCCTGCGATTCCTGGGTCGTCGGTTAAAGCACGCTTACACGACGGGAATTTCTAATACTATCCGATGGCGCATGAATTAGATCGATATCGAGCGCACGCTTCGGTAGCCGCCTATATTCGACACTTCCAGATTTGTGCAGGTGATTATCTACCCATAAGCTGTTACCTCAGCGGAGCAATTGTATGGAGAATGAGCTGAAGCAAACGGCCTACCGTTGAGTAGGATGGGGCGGCTAAGAGGGCTCTCCGCCGAGGCAGAAATTAATTGCCAAGGGAAGGAGTTATTAATGTTTATCGGACAGCATGACGTTCCCCACTGAGTCGGTCGTGCACAAGAAATCACGCCACTAGGTGTGCCTAAGGGGCTTCCCGAAGCACACTATCCCTAGCCCAACCCGTGGTAGTGCGTTCTGAGATGCGGTAACATGCATCCCCTGAAATTTAGGAACGGTATAGATCGGCACGCTCAAATGCTGCATCCAAAGGACTCGTGTCTCCCCATCACAGTTAACCCCGCACTTACTTTCCTGACGACTAGGTGTAAGCGGAGTA,832,52.52,Mus musculus
SEQ_262857,TCGCGGCCTTGGTGTGAGCAGTTCACCAATGATAAAAACTCAGTCGGTCTGTTCGCAACCAAGAACCGACCACTCCAATTTGTCACCTATCCTGTAAGGTACGGACCAGTGCTAGGCCTTCTGTCAATTATCAACACGTTGAGACTCCTAATAGCAAAGTACACCAGCTCTGTACACAACAGATATGCTTCGTTGCTCGGGTTTAGCACACGTCTGATTCGCTATACCACCGCTCAGATGTGATGCCGTAGCTTTGCCCGCGAGACGAGGGTCCGGAATGTTTCCGGAGGTGTAAAGTGAAGGTGAAAGGTTGTCCCCATACGAGTCCAACCGCGTAAGTCTCCAGGTAACAAAGAGAAGAGCTCTAGCACTCATTACCACGTGATCGGCTCTCTTCGTTATCAATTTTGCGGTCTACACATACGGCTAGCCGGCGCTGTCGCTATGGGAATAGCTATTTGGCCAGAGGGTTGTAATACTCGTCACCATAGACACCTAGCTAAGCGGTCGGTCCTGTAACATCTCGTTTGTTCAGGGGGTATCTTCGGAATGATGATCTGACACGTGGAGCGTTGCGTAGGTCATCGCGACGATACAATTGAACCCTTTCGCATGTGTTACGCAAATGTCTACCCCTGACTGCCTGAGACTGTTGTCGATACAGCGCAAACATTCTCCACAACGGTTTGCACTTACGTCAGCGTGAGAAGTGTGGTCCAGAGTTCACCCTGGACAGAGTATGTGGCACGAGGGGCTGTGCTGCAGATGGAGCGGGAGGGACCTTACTTACAACTGCTCGCGAAGGAATGTACGCTTATCGCAAGAATCAACGCCTTGTTATCGTCGTGCGTGAGTCACCTGAACCATTTAGCTAGCTGAGCACTTTCTGATTCCTATGGGGGCAGGAGGCGGTTCTTTCATACTAGCGGAGTTATACTATCCAGGTCGGCGTAAGCACTCAGGCCTCCTGGCAGTACTGAGAAAGTCCGACGGGCATACTGTAATCCGGGGCTAGCCCACTGCTTCATTATGCGGGATTCTAGGAGTGGCTAATGGTCTTTCTTGAGGTTCCCTATGAGTGCCGCGGACCCGGGGTGTAGTGGTCTTGGACGTCGCGACGTATAATCCCCGGTACCTGGTACTTGCACTAAATCGCCTGCCGGGCAGGGACAGAGTTTCGTTTGCACACTACATTAGGAAGAAT,1204,51.5,Drosophila melanogaster
SEQ_974775,AGTACTATCGGATCCGCCTCAGGTGGGTGAACTTACGTGATCGGTAACCAATTAGAACTGTTACGCAGGCGACTACTAAGTAGCAGG,87,49.43,Saccharomyces cerevisiae
SEQ_967300,GCACGTGTTTTTAATTCTAATGAAGGTGAGATGAGAGACGTGGTAGCATGATTTGCACCTAGCGAAGCAGAGCTGTTGTACATTGGAGAGGCTGAATTCGTCTAAGTGGTCAGTGACGGAAGCGCTCGAGCCGGAGGGCACTTTCACCGGGCTCGGCTGATCAACAGTTAGTTCGGTTGGTGTATGCCAATTCGCCTCAGAGAGTGTGCAAGGGACCTGATCACTTATTCTAGTCCACCAAAACTGAGTAGGGACAGCAAATTGCTGCAAGCGCTATTAATGAACTGAACAGCGAATACGGACGAATTACGCGGCGGCCCAAGCGCAGACTGGCATCGATATCGCCAGACGACCGTTCGACCTATCGTGAGCCGAGGCCGAAATATGAGGGCGGCGTCGCCCAGACAGCGTAGAGAGATATCACTAAGATTGTAGCACTAGTAAGATCGAACCGAAAGCGACTCCGGAGAAAGCCCAATGGTTGTACGGGCGACTGGACATAGATACTTACATTAAGAAATTACGAGAGCAAAATCTACTCCCACGGCGCGATTGATCGGTAATCCTGGTGCGTAGTTCCCTTCAACTGTAAACCGGTCGATAAAGCGAACACAAGCGCCCCGACCGTTTCCAATCACCGCACATTGGCCGATTATGAAACGAGCCGACTTCCGGCTGACTCGCAGCCAATCGCGAGCCGAGTGCAGACATACGCCTATAATATTTCGTAGGGCTCTGCGGTAGCTACGTGAAGAATAAGCGGAGTGTGTAGCGAGTCCTAGATCGCGGGCTATTTTAAATCAACGCACAACCCCCGGGTGCGCGGAAGCAACCCCCCCTGGTGTTCGTTGCCTACGTAGACTCTAGTGCCAGATCTTATCGTCGATTGTAATTGTGTAGTCGACCGCGGAATGTTACGATTTGCGACAATTCTGCCGTACAAGTACAACAGACTGCCATTGGACCTACGGTACGGTTGCTTCTAATGCAAACCCTGGGAGATACCCAGTTGGACCCCTGGGAGTAACTACAACGATGTGTAGCGCTGTGGTCCATATGTACATGCATCTCTCTCTTGCGTACAGGAATTTACAGCAAGCTTGTCCAAAGGAGTAATGCTTCGGAAGGCCGGTACACTTGTGGGAATCTCGGGGTGTACTATGTGCAGACCCGGGCTGAATTTGCTACGCCGGATGGACTCCACAGTCCCAACAGACGCAAATTCATCAGTATTTCTAAGGAGTCAATCGTTAGCGCTGGTAAAAGCAGCGTCACAGAGGATCGCCTGGCTACATGCTGCCCGACTGAAGAAACACGGTTAACTCTCCATAATAAGTGATCTAGTTAGTTGAAAATTGACCGTTCCAGAGTATCGTCGAGCAACCTCGGCCCGCTAACTGGCAGATCATCCGAAAATATTAGGCGTTGAGTAAGTTCCGCCTACATGCAACCGTACGATTATGATCCTCAGCTTCGCTGAGATCGGTCGCATAGAAAGGCGATT,1504,50.73,Mus musculus
SEQ_474488,TTGGGTGGTGAGACACTAAGTGGCTCCTTGCATGTTCATCATAGTGCGGTACCAAATGTCACCGAGTGATCGACAGTCAGGTGCTTTGACGTTGTCCGTTGAGGAGTTGCGCCGGTAGCGCGGTTCGTTCGAGTAGAAACCTCAGCCAGTAATATTTGTCTGTAAACTCTGATAGAACGCCAATTCTTCGGCCTACGACCGCCATGTGGAGACGGGCTGGGTGAGGGAGCCTAGCCAATCACCTTTGATTACCGATATGTCACACTACACACATAGCAAGAGAACATTCTGTTGTGGCCGCATGGTGCGGATATGAAGGTATTTGCAATGTTCTCCCAATACGCTTAAAAGTGCAGACGGGGACCTAAGACTACGCTGACCTCCGCGCCAATGAAACTTCGCTTGTTACACTGGGCCACCAACTTTGAAAAAGTGCACCGCTCAAGCCATGGAACGTCTTGAGTTATCCAAACATTGTCATTGACTATGGGCGTGAGGCATTCTGTCCGAGTGTGTAAGATTACAAAGCTATCTACTCGCTTGCCATGGGAGTGATCACTAATCGTTGCGTAAGGGCCGTTAAGAGTGCTCTCTGGTATGAGGGCCTCCTTTCGCCGCTAGCGGTATTAGCAAGCCCGAAGACTAGATCTGGCCAGAGGATCGTCGGGTACACGAATTGTCATGAGTCACCTCACGTACTCTTGCGCATATAGGTCATCGAATCCTCAACTAGAATATTATTAGGTGTTGGTAAAGTTAGATAGGCTGTGATCGCACACTTCTGCCTCGATACAGCAAGCTCGACCGTGATTCTAGAGACAGTCGCGTGGAGGGATGGTACAATACAAATATCACCACTGCGTGCCACCATTGTGACGTATGCCATATCTCTGAATGCCCAGTAATACAGGAGCTACTCTGAGCGGTCTTCTGTTAATTTGGCGGGACCCCGAGGATTTATCTTCTTGTAGGATCGCTTGTCAGGAATATGGTTAGATTCGCGGGCACGCGGGTGATACCCATCTTTTTACTTTCGGCAAGATAAAGGTATGCGCCAAACTTACCTAGGACGGTCCAGGCAGCACTGGTCACTGTTTCAAAAATCCGATGCG,1112,49.28,Homo sapiens
SEQ_389275,CTCATATAACCACTTCACGCCGCAGCTGTGTCAGGTGCCCTCGATTAGCCTAAAGCTACGACTTCTCCTGTTATCTTCGATTGTGTCGTTACTTCGCTTATACTCGTTGAGCTACGCCGAGACGGCTCTGCATGGTTCACCCACCTTATGCACTCTCAAACAGCCATTGTCTCTAAAAATCGAAGCGGTGATGCGGTAGGGTCGGAATGAGAGAGGCCTTTCGTCCATATCCAGTTTTGCCGGAGAGCTGGTCCGGTTCTTGGACGCACCTGATGGATACTAGCACCAACTCTGTCCACCTCTATCGTTCTCATTACTCACTCCTCGGGGAGTCATGCTCCTCGAGAATCAGGGCGAGGCAACAGGTCTGACGAAGAATAACGGGCACCAGGGCCTCAGGGCTTGAGGCACGGAGTGGTCCATTAGAGACAAGGGACGTAACAGCGGATAGAATCTGCAATTTTAATAGGCCAAAGGTTAGTTCTCTCAGCTTGTTCAAGGGCCGCAGCGGGATTCCAGGTTATCTATTTTATTGGTTACTCGAAACTGCATATCACAGCTCTATTCAAAACGGTGGCCGGTACTAAATGCACGTTAGCCTCACGCCGAGGTGTATATTCTTGATGACCATTAAGAGGCTCAGTAGAATGTCAACCGAGCGCGAGTAGCGGGCCGGCAACTTGGTGAGCTCACGTCGCTTTAACATTCGAACGAGATCATAATAATGGTTCGGCCTCACGCCATAGCTAGCATATAAGTTTACCTAGCTCGACGTGAATCACTTAGGATTTTGGCTTGACGTTTAGGATGTGTCAAATGTTTATCCCGACGGGACGGGACGCACTTCAGAGCTCCCGGTAATTGCCTATTAACAAGTCGACAATCACCATTTGTGCCCATCTGTCCGTGAACATCGCGCCCGCGGGCGGAGCGCGTAGAGGCCCGCCACTATTGTCGACGCAAGTGGGACTTCGTCATTTGCCCGCCCACCTCGTGGCGTGCTTTCATTACGCGTTGCTAACCCTAGTGAGCATATACACAGTGTTCGGAGACGTCCGACCACGCGTCCTCAGCTCCGCTTCTGATCCCATCTGAACT,1098,51.64,Homo sapiens
SEQ_613323,ACTCAGGATATTAAGCCAAGAGGTAAAAATACTCATCTGGAGTCAATCTCAGCCACAATTGCCTTGGGGTAAACATTTCATGTCATGATTGTCACATTTAGTCGTGGTTATGTCGCCTAAAGCTGGACTCCCGAGTAGCCACGGACTGGTACATGCCCGCAAGGCCTGGAGGGAATTGCTAATGATGATCAACGCCTGTTGACTATCCCTTAGGAAGGCACTAACGATCAGCCTCAATGGTTCTAGGCAAGCTTCTCTCCCCTTCCAACAAAGTGTTGCCGGGGGAGGCTGCCCTGCAACGTCAGGCACGCTTATGACGTCTCATTTCGGACAACGGAGCCCATGGTCCCCGAGACTAGGCTTAGTCAGTGGGTCTGACATGAGCCGACTATGAGACCGTTTATAGGCAATGAACATTGCTATTAAATCAAGTCGCCTCGCTGTTGGTGTTAAATCAGGAGCTCTATCGAAGAGATGGATAGCCGAAATAACTAGCGGTCCCAAATCCCTTTAGTAGAACGTGACGAAATGGGTCCTACATACTTGTCTGCACACACGCTATGAAAGGCGTTTTGCGAGGTTGCTGCTCAACTGGGCCCGAATTATAGATTTCAGCAAGGTAGACCCATGATCTCATTGCCTTCTCACCAGGGAGGGGACGCAAGGAGGAGCACTTTCCCAACGATCCCGGCTCCTTGATATAAAATTCCTGCCCGTCCGGATTAGACTCATCACTTATGCTTACGAACATGCAACACAGATTTCCTCTAAACTCTCACGATGCGTAAGCGGTTACATAAATCTATGTGACATTTCATGCTACCCCAGTAAAAGTCGCATATGAGAGCATCGTCCCCACTAACTGGATCAGACCGCGAAAGATTGCCTTTTGATTAATGTAAAGCCGATATCGCCGTGTCTTGATATCGTAGGATCCGGAATTCCATAGCCTGAGGTCAAATGGGGGACCTAGAATTAGGATATGGAGCCGTTTTACGTTGGGGTTAGTTTTGAATCATGTCCCATCCTCTCGATCCGCATGTCCGCTTTCGACTTTCATTGTTAGGGACAAACGACGATCGTACTAGGCAATTCCCGACTCGCGAAGGGACTCTACGGAATTCTCCCATCGTCAATAAGCGGAATACACCACGCTCTCGAGGCGGACAGCGATGACACGTTCGTGTCCATGCCAAGTGGCCTGAGACACCACGGAGGTCAATTACAGCAATTAACGTACGCGTTCACGCTACTCAACCTAGGCTAAGCGCGTCCTGAAATTTCTCGCACAGCTTTCGAACACGCTGTGAAGATTTTTGCGCGCTCTGCATGTTAGTCGAGCAGAGTGAGTAGATATCAAGTCTAAACGAGGACAGGACACATGCTAACCTTTTGCTTTGGAGCTATTAAAAAAAGCACTGAAGCACGCCTGGGCCGCCGAAAGGCCACTGATTTGGAGACATACTCGAAATCGTGCAGTTCGGGGACTATTAGTCTCGGGCTTCGCCCCTGTCCGACTCCTAGCGTGTATC,1532,49.09,Mus musculus
SEQ_171754,ACTCTCAGACTGGAAGTCAGACAGTTTGCTTCCGCTCACGTCTCCTTAATATCTGTGCGCATCCAGAGTGCGTATCGCTGTAGTGGATGCGCTCGCGCATCCACTCTCCTGGAGTGCGACGACCTCAAATTGCTAATGGTAGCATCGACAGCCGCACATAGGTTAAGGCCGTTACGCAGGTAGCGGATGAAAGGGTTGGACTGTAAGCCTAATGCATGAGCATAAAAAGTTAACGTCCTCGGTGAGTGAGACTAACGAGTCGACGATATACTAGCGTGTCTTAACCTCGTAAAGCGGGGAAGTTTTTGCGAAAAATGGATTGACCGTAGATAAAGCCGGAGCTTGCGCCTTTTCCCCGGTGTATACACCACGATAATGGTAACGATATTCCCTGATCCGATAGGACCGACCCTCATTATTTAACTAACTAGGTTCTCTTGTGTAACACGACGGTGGCATTGCTACGCCTCAGGGCTGATAAGGGGAGATTAAGCCGAAGGTGGTGGCTCACTCCTTACAGGTTCGACCCGAGTGCTCAAGAAGTCTATCCTGCGCCTTTCATGAAGACCGGTACACACAATTAAAGTACCGTCAATACTTTTCTATCTTGATATTTAATTTGCGTCGACAACAGATCGTATCGCACGGGGGTCGTTAAGATACGGCGAAGAGTTGTATCTGGAAAAGATTTGGGAGTGTGTATGTAGTGTGGATTCTGGCGTGCTAAGGGCCAGAGTAGTATCTCGTCGCCCGCGTGGATTCAGTGCATGTTACCTCGACCTAGATCAATAATACCTTGAAAATTATTCGCTCTTCTACCGATTCCCGTACCTCCTCGGGTTTTGTATGATGATATGTCACCCATAAACACCCCAAACGATCGTCACGAGCATTCGGAATTGAGAACAGTGACCAACCTCTCAGCTACCTCGCATCCAAAGTATTATCGAGCAGGCACACAGAAGTAGTGGGGGCCAGTTAAGCTTTCTGGGTGTAATTTCCTAGCTAGCCTCTATTAAGCAGTGATTGGGATTGTTTCCATCATGCTCTGGACTTCCTTAACGCTTCCATGAGCATTCGATACTAACGCAAGAGTGGCAACTCGCGTTTGGATCGTACGTCCAGGTCTCCGGCCACGCCCCAGGCGAGTCTGTTCGCATAGATTTGATCACAGTTACCCGTCGGCCATT,1190,48.66,Saccharomyces cerevisiae
SEQ_139989,GCCCTTATTTACGCGAGGCGCCAGGTCGTCTACATGGGAGACCGTCAACGGCTCAGGCACACATCCGTAAGGTGACCGTTAGCACTGAGCCAGTGAGCGACTACTGAAGGGCTAAAGCGGTCAAAGCAGTAACTAGAAGACGCACAACGAAGAAGGCTTTGGATATCGTAGGACACATACTCCACATAGTATTCGTTAACTGTTCGTATGCCTGACGCGGACTCCGGTCCTTTCACTGTGGGATCTTTGTCGGTGTTATCTTGGATCGAAATTTATTGCACGGCTGTCGTGCATAATTGTGCGATATGGTCATCCAGTTTCATTGTAAATGATATCCATGCGACCATCAACTTCCTCGCACCTGGTTTAGACCTTGAAGTGGCAATAGGTCTTCTTATGGTGGCATGACGTAAATGACATTCAAGAGCACTGCCAAGAACCTCAGTCTTGTACGTCAATACGACAATAACACAGACATTTTGCAGTATCCATGTAGGTGGCTATACTTACGAAATGGGAGGCAAGACGCAAGCCCCCAAGTATACGGTCTGCTTCGGTACTTGAGGAAATTTCATAACCCTCCAACCACTTGAAGCGTCATACGACGGACCGGGGGCACTACTTGGTATTGGGTCACATCTGAGCCGCAACAT,653,48.39,Mus musculus
SEQ_646020,CCCCATTGACACGTTTCGTGTGGTGTGCTAGATCCTAGGCGCGGCGATCGATAGAACTTTTTGATCCCTTCCATTGCCTAGGTAGCCTCACAACCCTTGGAGTGGGTAGCGTATAAGCCATGAAGAGCCATCGATGTCAAATTGACCCGCTACGCTTCACGGAATAACGCCCTGGCAGTAGGCGAGACCTTAGATGACTGGAAGGCCCAAAAACCGTTGTTTTTCAAACCCAGTACCGGATGATTGGAAGCGAATACTCATCTGTATCCTCTAGAATATGAACAGCGTGCCTGGCTTCGCGGCGTGGTCATATCTTTCTTAGTTCGCTT,329,50.15,Drosophila melanogaster
SEQ_232167,GTATGAACAGCCATTTCCCATTGACCGAGTGCGTAGTCATCATCAAAGAACTGAGCACCGAGACGACTAGTCTGCTAAGCTCTGTGGTGGGTAACCACTGGCGAGAGATGTTGAACTGTTGCCGAACACCTGTCGTTGAGGCAATATAATGTCATTCACAACAGAAGGAACAGTGATAACTTAAAATCTAGGGTGTTTATTTTGGGCGTTCCGAGTGTAGCCTTCACTCCCGAGATAGGTGAACGGTGGTCACGATCAAATATCGAGGGTTCGGCGCCCGCAATTATATGACCCGCGTTCAGCACAAGGCTTGGGGCTCGGACTTTCTCTAAAGTCCCAACATCAAGTGCCTTTGCAAACTTCGGGAGTAAACGCCCAATGTAGTCGGGACGACC,395,49.37,Mus musculus
SEQ_724632,CCTCGCGTGTTCGACGCCGCATAGTTTACCGTAGTTACCGACGGTTGGTTGCAATCCCAAAACAACCGGGAAACCTACATCACACTCGCCAAAGTTTTCATCGTGGCGTATCCATAGTATGCGCGTTAGCGTATACATCTGTGCTATAATACGATGGAAATAGATTTTGATGGGACGCGAAACCTTCTAAGATAGAGTCGTCTGTACCGAATACCGGGATTTTATAATGATAGATAGAGAGGAGTACCTTTACGAGCCACGCCCTGCCTCATCTCGTTTGTCAATTCGATCCCTCCACACTTTTTATAGTTACGCCCGGTAGGGATTCATCCCCGTCAGCTATCCACGGAAACGTCTATTCAGCTAGGACCAAAATCAGTACGGAGTGGCCTTGAGTGCCTCGAGAACTTCCTCAAATGTTATCGTATGTTGCTTTCATTGACTTGGGTTTATAATCCAACAGTACCAGAACCAAGACTCACTTCTCAAGCCGGTTATACATTGGCGTGGTCGATCCCATGCGACTCTAACGCGGGGTGCTTTTGAATGCGGTTGAACATTCTGTTCGATACCCAGCCTGTAATAGAGAAGATGTATGAAAAGCGAGGGCATGTCGTTCATCCGATGAGGCGCCGATCGCAAATAACATAATTATTGCTTCTCTTACGAGCGGACTGTTTCTTGGCCGTTGGACCTTCAAAGTCCAGTGTGATTGACGTTTAAACGTTAACAAGGTTGAATATGACAATTAACCGTGGACTTGAAAAGTTGTCCTAAATGCTAACGACGCCGGCTGCGGTACATTACACGTTTTGGTCTAGATGTCGTAGCTGATCGTCATCCTATCCGCGTCGTCCTTATTTCCTCGACTGCCCACGTAGTCTGCGAAATCAACTATACTTGGTGAGCTCATTCGCCGGAGCAGCAAATTATAGGCACGTGGTAAGCTATCTCCCACGTAATAGTTTTCGGATTTAGGACGGCGTAGCCAACAGCGCTTGGAAAGATAGTGCGAGCAACGCAATACCTAGTTGTATGTGGTAGTGCATGATCAAGCAAGACGGAAGCAAGCAGTTGTCATCGGAATGCGCCGATTTGCGAAAAGACTTTTGGCTGCTTAAACAAAAGGCCCCGACAGGGCGGCAATGGGGGACAGGTAAGACGACGGTAGACCGCTGCCGGATAATAGCAGCAGCATATGGTCGGCGTGCTATAAAATGCGGAAATAGAACACTTGGACCATTGGTATATTTCCCGTCTGCGGCCAAAGTGATGTCCGGATTAAGCATACCCGGTAATAAGCCAGGGACGAGACTGCGGACTTGCTATGTCAATACTATCGAAAGACATACATCCCGTCTGATACGCCTTCGAACTGCGATGCCCTCCGGTCCCTAAGCACAGATTTCCGATACAGACGATGCGGTATGCACCAATGCCTCGATTGAATGGTCAGGTGGAGCCATCACGATTTTTCAGTGTCTATTATTCCGCGTAGTTGCGATTTGTTAGCCAACCCGTGTAGAACTTCCATCCGGACCCCTACGTT,1549,47.97,Mus musculus
SEQ_250800,CGCCAGGTAGACAACAAACGCCCCCGTCAGCACTTAGAACGAATAATGACTGAACGTGCATAATCAGGCAACGCGTTCCTTCTTAGAAGTCAACAAAGGAATAGCCAAACGCATATACCGCAATTAGGTATGTCCGCAGATATGTTGTGCATAGAACCCGACCAGAAGAGCGCTGGGTAGGCTCATGCCTTCGTTCTCCCTCAGGATTACGTGGGGCTGCCGGGAATCGAGCCATTTGGGGGTCGACCGTAAGAGGGGACACCCAACTACTTGTGGGGACGCGGATATCGCTTAATCCAGTATGCGGATTGAGAGATCAAAGCTGTATCAAATATAGACACTCGCGCAAAACCGTGCGAAGAGCTCAGTCCATGTGAGTTAAATCAATTCTTGCGCTCGTCAGTTAGCTTATCTAGAAGATCGGCAAACACTGCTACCGTGGTTAGGAATGACCCCCCCGGTATTTGCATTGTGTAGAACAACCACAATCACAATGGCTAATGGAGGTAGCATGGGCGTCAGGCTGAGTGTCAGTGAAATGAACCCTTTGATGGACCACATTTCCAAAAGTTAGTGGAAGGAGACCTATAGACAAAGGACTGGGTTCAACCTGATTGCCTTATGTGTGACAAATGGGGCGCTGGAAGCGCTCTTCAAGTGAATACGGTGTCACCAACCTCTCTCAGTCCCATGTTAAGCCTGGTCGCCATTGCCCGGCAATTGCTAGGTTCATCGCCTAAAATAAATTCCCAGGGCGGCCGTGCATAAAATGTGTCTCTGTATGAGATCACACATTTGTAGGTTCTCTCCGGGTAGCGGAACGGAGGTAACTACAAGTGAGGGATGCGACAGGCTGTGTCGTCCGTCACATCGAACCTCGGATATGTCGGTAGACACCACTTAGTAAGATAGCCATCTCATTGGCACCCAATCAGAGTAAAATGGCCTGGGTACGGTCATTGTTATTGATTTAAGTCAACACTTTTTGTCCTCAAGAATGACCACTCTATGAATTGCGTGGTACTTCCAACTACCAAATATAAAAGTGTGCGTAGTATTTCATCGCTGTGCGCGTACGCGCGACTTGGGCAACTGAGGTCG,1101,48.77,Arabidopsis thaliana
SEQ_694369,GTATGAAACCCCCAGCGATGCAACAAAGTTAGAGGTTTCTTTCGCGACTAATCGGGGCGCGCGAAATTTGGGATTTACTAAGATACGACGATTCCTTACCAACGTCGTAATCAATGGTCGATCTACACCGAACGATTACTCTACAATTCAAACCTCAGTTAGGGCGGTTACTCGCATTTATAACCTTTCCTGTTACTCGATTGTGGGCCCCGGTGTTAATTTTAAGCTAAAGGGAAGGAGCCCGCGCCACACTATACACTGACCCATTTGTCGACCTCCCATGCGTCAGT,290,47.24,Saccharomyces cerevisiae
SEQ_653252,GAAGCGGACGGTCAGGCCTGTTGCCAAGGTTCATCTACACTGGGAGTGTCAGGCAATTTTTTTGGACGACTGAGTCGAAGGAGACTCGTCTTTGCGTCCCTCGACATCTGATAAATTTATCGAGCACGGCAAGTCGTGGTTGTAGAGTCGCGTGACCAACTCGTGAGTGGGTTAATTTTTCGGGCCAAACTTAACCCTACATCCCTCCATAAGTCAACCACCTGACAGGCGTATACCTAAAGTTCAGAGTACCTCTCAGTCGTCTACCTAAGCTGGTGCACAATACGACATTCCTTGGACCGAAGTGCGAGGCAAAACAATGGGAGAATAGACAGATCTGTGAATAGCTTTTCTTCCATTTGCGCATAATGTCCGATGGTCTGAACGTTTAATGATTCAGCACGACGTCTGCCCTCATGGCGCTGCACAAGCCCTCAAATCCAGAGTAATGAGACCAGATCTGTTATACTCACAATCTATAGTCGATTCAGCCGACGTTGTCGGATGTCCAGCCGTAGTAGAGAGAAGCATCCTGACATTCTTTTTTGCGGCGTTACGCGTCAAAAGTCGATGGGTAAGATACGGGCTTCAGGTCGTCGACGAAGGGAATCGAAATGAAACTGCAAACACACCAGAGCGCTTTATCATTATAATGCCGACCGGATTTAGACCCCCCATTCCGAATGAACTTTCCTATCAAGCCGACGGAGACAACCTCTCGCAGCGGGCTTGGCTCCCGGAGCAGGAGGGGGGTCGGTACCTTGTTACGTTTGGCGTGCCTTATGGCCCCCCAAATGTAACAAGCGGAAGCTATGGCCACGCAGGTGGGCTTCATATATAGGCCATCAAACATTCCTACATGAGACCGCCTAATTTGGCGGTTAGTTTGCGCAGTGTTGCCCTAACTCGTAGACATAGCCTCGTCCACGACCTCCGAAGATGGAGTCCTAAGCTGCTATTGGTATTCATTCGCCATATTCATGATTTTTGTTAACCCCAGGGTTGTTAATGTGTTCATCAGCGCGTTGCTTCAACTAACGCGGGGCATGTGTGGAACCAAAGACGACGTGGATTCACTTTGGCTTTAAATAGCTCAATTCCCGTCCCTAACGGCGCTCACTGGGGTGCGCGGGCTACACGAGATTTGGTTCCGCCCCCGTACCTCAATGAGGGTCGGGGGGCTACGTTACCCGGCACCGCTGGATTTCGTACGCAGGCGTTCCCAGTATGTCGGTGACACTAGGTTTATCCCTTGCCCCTTAGACCTCCTCTCCCGACGTACTCAATCAGTTATTCGCATAGCCGTCACGTGCGGTTAGCTGCGTAATAGCAGGTAGTCCAGTAGCTTCGCTGTAACGGGGTAAGATTGACCATAGGGACGTTACTAGGTAGTTGTCAATGCCGCCGAGATAACCCACTATAGATCGTCATCGTTGAAGTCCCTATAGGCCTCGCTCAAATAGTCTAGTGTTGCGCCTCCCAAAGTCATTGGATTTTTATCCAATTCTGTTGTCGTGAATCACTCGCGGGCAATCACACTTTGAATCAGTCAACTGTCTCTTTGACCCGGAATAAATAGGGACCCACCACGTAGGCCTATATATCGTCGGGGGCCAGGCGCAATTCGAAAGGGTGGCACCCAGGACGGGAGCTGTATACCCTTGCTAAGAGCCCTGCAACGTCCCTTGCAAGCTACAGACGCTCATCTTCTCCAGCATTATCATTTCGTACCGGCACTGAGGCCTCCCGAAAGTAAGTAAT,1761,50.77,Drosophila melanogaster
SEQ_253802,AACAGTAGGATTGTTCCTACGTAAGATAGTCACGAATTTTTTTTTACGCATTGCAGAGGGAAGAGGCAAAGGGGTCGCAATACAGACGTCTACCCTGGACCTTCGGATGTCACTTGCCGAAAGGAGGGGCCCGAGGACCCGCTTTCTTCCGACAGAACTTCGGGAATACTCGCATTCGTCCGAGTTGCATCCACCCGCTCTCGTTCACTCCGTGGAGATATCTAAAGCGTGGTTTGTTCCACTGGTGAAGGGACAGTTCAGAGATGTTAAACATGAAAGCTGCCCTAACATCAGTACATCTACGACACCGAAAGGCGATGGGGTACACACTACGTCGCGCGCGGCCGCATAGTCTTCCCGTTGCACTCAATCAAAGCCATGGCGTAGTGGCCGTGTTGGGCGTTTTTAGTGCGATAACCGGTACAGGTGGCACCTATCTCCGCTTGCGGGAGTCTTATGCAAAATGCCCACGATAGCCTGGGGTTCTACGCCGGGTTACCGTGTGCCCAGTGTACGCCCTGCGATTGAAGTTCATCTTAGATAGAACGAGGAATAGTTCTGACCGGGCCATAGACCTTGCCCAAGGACTTTTTGCATGAAGGTGAGACACTCAGTTCCAAATTCGAAATCTAGACCCACTGCAATCGGAGAGTAGCGAAGTTCACATCAACCACTGCGGGAGGAGGTTCTACAGTCGGTGACACTGCTAGCTGTGGACTGGATTCTTAGGGGCAGCAACCGAGGATCTCGACGACCGCCCTAACGGGTAAATGATTTATGGATATTAGTCGTGCGAT,797,51.82,Drosophila melanogaster
SEQ_265290,AAGGGGCTACAAGGCGTGAGGTTTAATATCTCCTCTGGCAAGGCCGTCCTACACGGTCCAAAACCACTGCAAGACTTCTCTTAGCCATCCAAGAATGATAGCCCCTCGCTACCTACGTGTATAATGAAGGAGGAGGGCACACGATAGGCCAGATTGCAGGATGGAGACTGCAATCATAAACGGAATTAGTTCACGGATAAATATTGCGAGCCATGAGTCCCTAAAAGTGAAATTCGAGGCCGTCTGCTGATTGGTAAGACGCAATTCCAGACAGATTCGTATAGAGATCTGTCCGCCTATCCATCGTCTAGCACGAAATATTAGAAACTGATCATGTAGTGAGAATTTGAGACTAACCTGGGACCAGGTCGTCCGAGCGAGACATTGCTATAGAT,395,47.09,Saccharomyces cerevisiae
SEQ_716944,AAAAAATACTCCATGATTTCCTCGGTCCGTGACAGAGCGTATTCAGACGGCTACAGCTATCCACCGGTGACTGGTGTGTTGAACTGGGAACGCTTGTGACGTTAGCACGGTAGGGGCGCACAGTTATCTGGGCCGAGCAGAGCGCCACTCCCTGCAGTGTGACTAAGGATACCATCATTGAGATTACAGAACTTCCTATAGGCGAGGGACAAGTACGACGGTGAACAGGTCTATCTGGTGCACTTGGCCGCGCAACATAAATTATTCGTGACTAGCTCTTTCGTGGGCTCTTGCTTCTTATCCAAGCGTGTAATGTCATACTGCTGCGATCGACAAGGGTCCAGAAGTTAGCTCTCCGTCGTTGTTGTGCGGACCATAGGCATGGGGTACTGCTTTGTGCCTCACACATAAATATAACCCTGGTAAATTCCCTTTCTGCGCCCTGCCCCTTAAGCAGACTCCAGCATGTAGTCGTTCCCGGTAGTGACTAGCATAGGCTGACATGACATTACAGAGCCACTACACTTACTTAGTACGGTGGCGTCATGGCAGCACGGAGTGCTGTCGGATTGCGTTGTGCTCTGCAGCAAATGTTGACTTTCATCGTGGGAAATGTTCCTGGCAAGGGACGGTAACTTTCTCGCATTCAGATGTTCAAATAGACAAACACGGTCGTGCGCAACCCATGCCTGCCGGCATTTTTCGCATACTGGCCCGCTTAACGTCAAACACCATGTACGGACTCGCAACATAGTCATTCTCCTCATACCAGCGTAGATATACAATTGCGAGCAAAAGAGTTTCACTAATCTCCGCCGATTTGTGTCACGATGCGTCCTCCTGTCGTCTCAATGGTCTGAGTACACTATGTGCGAATAGTATTTTTGCATAGAATCTTCCCTGGCATAAGCGCAGCCCCTGCCTTACTTGGGCACCAGAAGTCCCTATTGCGCAAATAAACTGGTCAGGTTTATATTTATCGTGAGTGAATGAACTTGGTAGGGAGCCCTGCACTCGGAACAAAAGGCTATACCGTTCTCGCTTGACGCGTTCGGCCATGCTGCCCTTATGGAATTCCGTCATACTAACGGCTACACCTCAGTGGCTACCAGCAACCAGTGAGGCTCATGATACAATCCAGCGTTAGGACTCATATCTATATACTTGGCTATCGCTTGTCAACCGAGGCATTATAAGAAAAAGTGGCTCGACGCATTACTGCCCGGCGAATATGAGATGGGAGGACTGTTACCCATTTTTAAGACACTGCTAGCCAAAACGATAATTGCAAAAACTCTCGTACATACATCGTATTTGAGCTGGTGATAGTAGCTTCCGGGGATGGCACAACCTCCTTGGATGTACGTAATGGGTCTTCGGCCACGGCCTCGTCAGCCGTGACGATTGAACGGTTGTTTGGATATAACTGAGGTCCGCCTATGCGTCAACAGGAGTGCCGAGATCCACTGACGATACGCACACCATCCGTCAGAAGTTCCGGCGCCGAGGCGCAACCAATTCACGTTAGGGGCAATACGGATTTCTTGATCAGGAGTGCCCTATGGCTAGGCAATCTACCGCATTGTGGCTAACGGGGCTGAGACCCCGACTGCAACGTACCTTGGATGTTCACTGTTCGGTGGGGAGTAGGCGATGATCCCTGTTCGGTCTTCGCAACCGGAAAACGTGTGGTAAGGGCGCTCTTTTTCACCTCCCATACCAGTCCACGGCGTAACGCAGATCTTCATACCCAAGCGCAATAGGAGATGGAGGGGA,1776,50.56,Mus musculus
SEQ_211658,GTCAGGTGTTTGCCGTACATGTTTGCAGAAATACGCTCACCGTCATGGCTCGATTGCGCTCACTGCGGTTGCCCTTGGGCTCTCGGCCGCGGAGAGACATCCTTCTTGCGTTTGAAACGTATGCTTGCACTCGGGAGCGGTCGCTCCACCATCCAGGCAGTGTCAGTGAGGCACTTCACCATTACCTGGCTTATCCGGAATAAGGTATCTTCCCACGCGGTACATAAGTCTGTCAAGGAAATCAACTTCATGCGTAGATTCCTCGGCCCTCAAAGTAGCCTGTATGTGAAAAACGTCAACAGCCGAAGTGGAGTATAGACGCCGGCCTCGTAGTTGACACTGATTGGACACCGGACGGGATCCACCCCATTGACGCCACCACAGGCTAGTTACCCTTAAAATTGGATTCAGTCCGTGGAGGCCTCAGGAATAATGCGAAGTCGCACATCAAATGAAAATGGAAGCCTGAGACGGGAACCCTAGACACAATACGGTCCGGTTGAAGTTCGGGTGTGGACCATTTTGAAGTCTTGGGAAATCGGCACACACGAGGGTGCGGAAGGCGAGCCAGAATGCGGTTAAATTTAGACCCAAATCTACGAGGTGTGCTCCCGTATGCTATTCTTGACGCGGCATGCGGGTGCTGAAGGGGCCTCGAGAAGTCCGTTAAACAGTCGACTGGCACTCTAAAACCATGAGATCAAAACCACCGGGATATTCTGCAATCTATAGCTCGGCGTCCGTCTCGTGTCGCGGACGCGACGATCATCATAGGGTCCTAAATGCAGCCTTTGATTGGCGTAACAGAAACATCACCAGGCAGGGGCCAAAAAGTATAGATATGGGTTTCGAGATGTCTGTCAGCCCCGGACGACGGTCGAGCATGTTGCGTATGCAACGCATCTCTCTAAGCTAGCTACCGAGAACCACTATTGATACCTTGCAGTTTTCTCCTGCGCCCCGATTGGTCTAATGCCGTATCCCAGAGGGCCATGTTATTTTGTAGTTGTCTGCCTAGCACCCTTGT,1027,52.19,Caenorhabditis elegans
SEQ_602630,AGGTGTCCTCTCTTTCATGAGATGTGTATCTGGTTCAGTCTACCTAGGCAAAGTCCCTAAAGCAGATCGAACGGAGCTGCGTATCACTATAGAACATGACAATGCTGCGAGCGCCGGATCGCGACAGAACTTACTAACCATTATTCTCGTGGGATGGAGCCCTGTGCCGAGAAATTTGTGGATTTAACATGGGGACTCATCCTCAGTGATCCATTGGCATGTGTTGCCGCACGTGTCAATTCACCGGGCGTATCGGTGAGTTGGGCTTCAAGACAACTGATCTGCACATTCCGTCACGAGAGTGAGGGCGGGACACAGGGAAGCTTCTAAGCGTTACACCGCGCACTGGCGCACTATGGTGCGTCCTGGCCCGGGACAGTTGCCGATACTTCGTGCAAAGTATATCGCTACTTCCAAGGGCGGTGCGAAGCCCATCGTCAATACGCTGGGCGCTCGATTTCCAGCCCTGAACTTGGAATAGGAGGAACAACGTGCTCCGTGCATTCTTCAGCCGCGTTTCTCTGAATAGCATCTTCAAATGAGTGCCTAGCCTAGTCATAATCGCGGTAGCGCACACTCCGACTCGCCTCTCAGGGCCACCCCTTATGTTCGTGTAAGATCGAACACAACATCACCAAATGAGGAATGCCCTACGAGCGCTCAAGCACCCTTATCGGTCGTTTGGGAGTCTTAGTCAGGTATCGCGTGGTATGCAGTCAAGCGTTACTAATTCATATATAACATGCGGCTAGCTGCACGCATTCGACACTGAAGTATAGCTAAGATAGGACACACAGAAAGGATATCTTAGACGCACTAATATGTGTTGTGAGAGAATTGGCATCCCCAGTGTTCATTAAGCGCTTAGCTCAAGGCTTACGTGTTGGACGTTAGAAGCCCTTATGAACTAATACGGGGATCGTTGCCGGGGCTACGGCGGCCTTCGGTCGAATCCACTTCATCACCTTCTTACAAGGAAAATCTTTTGCTGTCGCCAGGCAAAAAGTATACTAGGGGTTATGATTTCCCCTCGAACCCTAGGCATAGTAATCTGTTAACGCCTAAAGCCCGTGAATTGCTAATCTGCCATAGAGGCCTCGCTGTGGCAGCCGAACCCTCCGAACACTTTAGGTTATGCAAGCAAATCCTG,1150,50.52,Homo sapiens
SEQ_588289,TATGCCACGTACAGGTGCTCAAATTTCATTGACTACATCGGCACTTAGCGCGAGAAGTCATTGCAAAATTAACCTGTGCCTTTTCTCAGGTGCGTCGTAGCATGCGAAGATACGCACCTATAAGAGTTTTCTAAATATTTGAGACACGCGCGTCAAGTGGCCCGGTGACCACTTTCGCTGTAGAATGACTGGTATGTTGGATAACATAGCAGACCGCCACCCCCCTTTTTTGAAAACCTTTTGCGCGTATCGCTCTACTACGGATGGCTTATCCCACTATGCGCCAAGAGGTCGAATGATAAAGTGCCTGGATGCGTGAAAAGGTCTAGATCGGACAATCAAAGACGGCCCGATGTTCACTCGAGTCGTGAACGGCTTCGCGGGGGTGGCAACATAACGTTGGAAGCGGGGTCGGAAACTGATGAAGGCCCT,432,49.77,Saccharomyces cerevisiae
SEQ_859497,CGGAGTGGAATAGATCATTCATTAATAAGGCATTGCGTCGGCCCATGCGCCTGGTGTAACGTGACGCCACATCCTGGCTACCAACGAACCATATGATGTGTGAGATAACCATGGATAGCGTGAGAGGATACCATCTCGCGCGCCTACCGTCATCGCGTGTAGATTTGACTGAGTGATCTGTCGTCCTAAATTTGCTAATCTGCAAATAACTTTGGGCTTGGGCCACAGACTCCCACCCTTATCTGGTACCGCGTATAAACTAGCGTCCTACCGAAACACTACCAATCCATAATATAGTGTCAACTACGTTTTCGTATTCGTTCTTTCTTAGTGCAGCATTACGGTATAGATTAAGCTTACCATTGGAAACACTGACCTAATAGGCAAAGGGGAAAGAGGTATATCGGTTGCCGGACTAGTGTACGTTATTGTATCATGAGTGTCCCACGCTAATGAGACGGCAACATACACTCTCAGTATTAAGGAAGTAGCAGTTCTCTGTCCGAAATGAATTCTACATGGGTGGATGCTAAGAGTCGTCGGTCGAGAATGCATCCGAGTCAGCTGTGTGGCCCTCGCATTACCCACGGGTACCCCATTCGTTAGGGACAGCAGCGGTAAACTGAAACAGTTTGAAATAACCAAAGTCCACTCAGTCCCGTAGTGATATCTCTTGGGCAAATAGACAACCGTATGACGAATTTCTTTCCCAGAATGACGAGGCGCCTCCGCCCGAGGGACTGAACGCCTTCATCTGGACCGGGGTATATACGCATATGTAAAGTAAGAATGGCGTTCGTTGCCATTGCTAACAATCTCGCCACATCTGTAGTGAAGATAGGTGTGCCCGACTACGAGCCCGGGTGAG,868,48.04,Saccharomyces cerevisiae
SEQ_957558,TTAGAAGAGCGAAATTAATTAATACCAAGCGTAATTGCGTTCCGCGGTCATCTGACGCTGCTCGTCGAGTGTAAGAGACTAGAAGATATTCACTAGGAACGAAACCGAGTACCGACATCTTCCATTGAGTGTTTGCCTCAACTTTGTCTCACGAAGCTATCGAGAGATAGCCCCGGTGCTTTCCTGGGTAGATCGTACATTTCACAGGAGTAAGCTAGAGCGTCCCTCTGAGGGATATGATATCGCATAGCCGTTTCCTTTCCATATATCATCCCTCGTACCATACGAGAGACGTAAACCACTGAGTCTAAGGCATAGCTGCGACAACCACACCTCTTCGTAACCACGCAGGCAGATGGCATTTACATACCTCATCTCACTCAGGACTGCTCTCATCTTATAACGCCCGAAGATTTTCTCACTTAAAGCTACGCCCAGGA,440,47.05,Drosophila melanogaster
SEQ_809579,CCAATAGAGGCATCGCTGTTAGGCCCGCGTATTAAATAATGTTGGCGTCATACGCGCTCCTGATTTGGGTAGATTATACCGTAACAATCTAAATATCGTCGTGCTGTGTAAAGCTAATTTACCGGGCCCTTGTGATGGAATGTAAGCGGCTCATCAGATGCGTATTCGTTGGCCTGAAAGGCCAAAGTAGATGAAAGATCCATCCCTCTTGTCCCTGATTAACGTTACCTAATTTCTCACAGTAAGTCAAGGGAAGTGCTGATACCCATGGATAGCGTCCCTGCGTTCGAAGATCGGCGACTCCTATGTCTTCCAATTTATCTCGTGGCGTCGCTAAAAACTTTGTGAGCACGGGAAAATGCATTGCCAGACCGTGCGTACTTAAGGCACTTTGCAGTATTCCAGTGGGTTCGTCCTGGTCAAGCGGCGAAGAGGTGCCCAGTCACCTCTACGCAAAAATAATCTACGGTTTTTCGGATTCTACGCTACTCAACGCGTGCAACCCATCCTGAACGTTGCTCCCATTGAGGGTGGAGCATAGAGGACTCGGAACCCAAGTGATAATAACGTACGCTTGCTCTTCCTCGCCGTCCGAAGACTTATCTCCGTCCTGAGATACGTTTCGAGTCAGCATGAATAGCTGCGCAGACCTCGCAACGTGCAGTACTGCCCAGGAGTGTGGTTCCAGGGCAAGGCTAGGTGCTAGGACGATTTCATGGGATTGAGTCACCCGCCAATAGGTAACGCATTTCGAGCTAAGCGGTCCCATTAGGAGTGGCATGAATTTTCTTACTCGGAGCCCAAGCGAACAAAACCTCTAGGCTCCATCCAGCTAGCACCGGCATTCCAACGCCACTGGATCTCTTCTGATAGAACTACCGTAACCATAACGGGTTGTATGATGGGCGGGGAAAGGCTCGGCCATGCGAAGAATATCTCCCGGAGAGCGAAGCCCGCCTATCGACCGAGTTGTTTCAGCACAGGTGCGGTCAGTGACGCGTGCGGGGACTTCACCGTCGTGACAGAGATTTTCCAATGGATAACCTTAACAGACTTAAGGCTTTCAACGCCCGAGTGGGGGGGGACGTCTGGACGCTCC,1099,51.32,Caenorhabditis elegans
SEQ_670033,GGTGGTGAGCACGGTGTCCTAAGACGCGGGACGAGAACGGACTGTAGGAAAGCCATTTGATACCTTGACTGTAAGCTTGTTTTTCCCTTACAACTTCATATTCGCGCGGAGATTAAATAGTGGAGAACGCGCAAGTATGTTTACTTGCTGAGTAATAACGAACCCGGTAAACAGATGCCCGTAACATCTTGGTAACCAGATGACAACGGCCGACATTCTTTGGGAATCTCCTTGTTGCCCTTACGCGGACTAGTATTTCAGGATTATAATCCGGCTCGGGCCTCTGCCGATACGTCGTGGTCGGAGACACGTGCCAGCTGCAGACGTTCCAGCTTCCAGCTCCTTTAAAACTGGAACACAGGATGTAATCAAGGAGATAGGGAGCAAAACACAAAACTACGGCCTACATCGACGCCGGGGGTACGAAGTTGATTGCGCTGCAAGACTCACTATTATGTACTAAAGACGCACGCCTTGTTTTTTTACCGGCTTCGAAATCGTGTTATTTCGTTTTGTCAAATTCAGGTATGAGTACACTAAAATTCCGGAATTATTCGTACATACTTACTCATCTTACCACGTCCACAGAGCGCACCGCTGGTCCAGACGTTCGTCCGGCAGCAGAGTGGCCAGGTGCAGGCGCGAGCTTCTTCCACAGTTTCCCAATTAAGCGATGACCGCGCGAATTGCCTTCCTTAAACAGGTGGATCAGGTAAGGGGAACTAGTTGCATTTGCTAGTTTGGAGCAATAGTCGACACCATACCACTTTCTCCAGTGTACTTTCTACAGAATACGGAGCCCAGGACTAGTATGGCGCGGTTAACAAAAGTAACGTTAGAAGTGAATCAAATTGGAAGAGACCACAATTACTTTGACACATCTTCGGTGCGTGATGGTAGCCACTGTCTACCCTGGCTACGTGCTGTTTACACGATTCCGCCGCCGGTATGTAAGTTATCATAGGGGGAACGTATCCCAGAGGTTGTGCTTGCTTTAGCAGCGACTTGAGACACAGAGAGGAGAGGCCTGTTTCACCCCATAGACTGGTAGTTCGGCTCTTATCGAAAGCTCCTCGGGCGTCGTACGGGGTGAAATCTTCTAGACCTCTGGGTGCAGCTGGAAGAACGCTTGGACGTTCCGACACGTCCGCAATATTTACTTACCGTGAGTACATCGCGAGGCCGAATCGAGATTGTGTCACCATTCCCGACGAACGTCTCCTGGCTCGGAACCAGGAACAGAGGCCTCTGATAGTAGGTCTC,1263,49.56,Saccharomyces cerevisiae
SEQ_478974,AGTTTCCTCGAGGTGCCGTCTAAGGCAAATGATAAGTTATTCTTTCAACAGCGGCCTAACATTACGATATATTATTGGGTGTTCCATTGGTATACCTCTATTGTCCTTTTGTCTTATCAAACCCGAGATAGCGGCTGAAGGTACGGACGTAGATACTAAGGTCGCTGACATGACCCACAAGCATATCCACTGTGACAACTATATTGGAGCAGTGAAATGTGGGCAGTGTCGCCAGCGATGAACTGGCTCGAGTGCGCCTGCACAAAGCTAATTTGTCAGGTAATGGATTCAAGCGCTTGGCTTAAGTTTTACTGCGGTTATCAGCGAATATAATCCAGCAACGACGCCTCACAAGGCAGTCCGCCCGGGACCGCTTTTGGCTCGGAATCGTGGAGGTTTTCATAAAGGCACGCGAAAGTAGTCGTTTGAGAGTTTCGCCCGTGCTGAGGTTTTGTTGTGAGTTAGAAGGCTGGTTCGCCCTATCTATAGGAGTCACTCAGTACCGCCAACAGGTATTAGCGTTCTGAATGCAACCTCCTTGGTCGGTTGACATCGTCCTGAAAATTATGATAAGCGGGATCAGAGCTCAACACCACAACTGTGCAAAGACTTTTTTGCCTATGCTCCAATCTAAACCAGCCGCATGCCCTCCTTTCCCACTCAGTAAGTGTACCGCGACATAGGGATGGCGTCTGATGTTCTTGATCCCAAAAGAAAAACGAAAGATATAAAAATGTACCAATGAAAACTTAGTCCATTGCGTGGAGAAAGACCTGGAGCAACGCCTGGCTTCGACCCCATACGGAATAGAGACCCAGTCTCCGACGAATTCACGCTAAGTGTGCAGCCAACATCCGCCGCTCCACGTCGAGCCCCATGTCCCGAACCGATCATCAGTGAAACGCGTAGCTCGCCCACCATCGGCTACCCTGGTACGTTCTGGAAGCGCTTCAGGGAGACTAGTGGATTTCTGGAATACGCCCGCTAATAGATACTCGCCACGATTTTAATGATCAGTAAAAGCAGATTCACGATACCGCAACGGCGGGTGTCCCATAATTCCCAGAACCTTGCGACACGTCTAAAAAGCCTTCGCTCATAAAGATAATTTATATAGTACAACAGCCGTACAACACTGCCCCTCAGACAAGAATCTGAGTAACCAGTAGTCGCTCCTTCGGCTATGGGCACTGTTAAACAGTCGACATTATCTTGTGAAAAGAGCAGAAGTCGAGAATGATGCCCGTCTATAATGCAATTCAGTGGTTAGGGGTGC,1276,48.2,Saccharomyces cerevisiae
SEQ_681569,TATTTCACGCATTTACGCTTCGGAAATCTAGGCTGTATATAACTAGTTTGATAAGATATCGGTTGTGGCTCATGCAATGCGACTTAAGATCAGAACCGCTATGG,104,40.38,Saccharomyces cerevisiae
SEQ_586683,TAACGCAGCTGAAAGAGGGATCCGTGGATTGGATTGCTAACCCCACAGGTCAGGAGTTGATACATGGTAGAGAACAACGCCTCAAGTTTCAGTATCGGTCGGCACAATGA,110,49.09,Homo sapiens
SEQ_776469,AATGCAATACACCCGAGCCCTTTTGTACTTACGCGTTCTAGGGCCTCTGGGCAAAGAAGGGGGAAGAGTCACCATGCGAGGAGATTAGCGCTGATTATAAACATACCTATAACTTCACTACGCAATACCTTAGCGACAGGACCTTTAAAGAGAACGGTTCGAATGACTTGCCGAAGCTCTTTACCACGATGCCAGACCAATCATGACATTTCCGATGGATTCCCATCGCTACGATTCTGCGTTGGGAGAGCATCTCCAGGCCGGCCTATAAGTCGGCCTCGTGGTATGTTACACTTGATAAGCCTATTGCTCCCCAGACGCTCTGCCCTCGAGAAATTAGAGCTTCACCAGACTGCACTTAATGGATGACATACAACCTAGGTTCTCGGACTTTAACCTAAACGATGTGCTAACGGCTTTAGCAAGCTGACGCCTGATAATGTCCTGTCCGATGAAAGGACGCAGCCGCTCAACATTCAAGGGCCGATTAGCGCTGATGTATGGCTGATGCCTTGCACGTCCGTCTTAGTAGCGGCTCATTATCACTTGAGTACGCTATAAGCATTCGCACCTAAACCGAAGTAAAATCGAGTAGGAAACTTTCGGTCGCTACTCATCTCTATCGCATTAACCCAGTCCAATTACATAAGGTGGTTTCGGTCACAGGCCCGTTTAGAATGATTATAAAAGATTCTAATACGCTGAGGTCAACTCACAATTACCACAGATTTGTTCCTGTTCGTTATTCTGTAACCACCATCAACAGACAGTGGAGACGTTAATGAAGCATCTCTTGGTGCCGCTTATCTGCAATGAATCGCGACGGTCGTCCACGGGGGAGTTGACACTTACTGGCCGTTCATTCGGACGTGGACAAAACGCCTATACGTGAGGCACGACCTGGCGGGCGAGAGGTTCCATCTTATCCGATTTCTTATGTAGCAGCAGCAACTTTATTCTATCGCAAGTACCAGGACTTCGGCGGTACTAATTCATTGGCATCTGGTCTCAATCATCCTGTTGGTCCGGACGGAAGCAGGCTGGGTTTAGACTTACAATGGCGCACGCACCCAACGATTTCACGCTAGACTAAACATGCCGGTGCTGGGACAGTTCACGCCACGTTACTTCTGATTTAATTGCGACCGGTTGGATGTCCACGGCACACGCCATGGTTAGCTACGTGTGTAGAACCAATTGCTTTCTAAGAAGGACAGGCCAAATCCTCGGGACACGTTCGTTGGTATGATAACACTTCCCATCAACATCGTAGAGGGTTATCGAGCTTTTACAAGGCTCCAAAGCTATCGGGGCTACCACCTACGACAACGAGGATCAGCCCTGATACCACGCCGAGAGAAAAGACTATCCTAACGTTCATCGGGGTGTGCCTTGCCTATGTTAGAGCTACTAGCAGCAGCCGACGCACTACAGCGCTACACCCATAGTTTGCATTTAGTATCAAACCCAAAGCGCATCGTTATGTTAGCGTGTTGTACGAAGTACTTCGATTTACCCGGGTTGGATGATTGATACCGACTTAGAGCATTAGGAGACTATAAGTCTCTAAGCCAACTGGTCGGGTCTTAGAGGGCTAAGCCCTAGTCATGGACCAGAGTGTATTACGCATACTGCATCACTTATGAGTTTGCGCGGGAAAGGCGGTATGGAGAGAGGATCGAAGTTAGCCAATATCACTTATAATAAATACCAGTTACCATTAATTGTCCTACCATGTAGGATTTGAACCTTGCTGCTCGAGCCCACTGTCGAATGGTCGCGAGCGCTTCAACTCTCTAGAAAACGATTGGTTACAAAGTGGACTTCCTGAAAGGCTTGACTCCCCGACCCTGCGACCACACCATCCAGCCCCAATCGCGTCGCCGAGGAAATTTGGTTTCTCGATCAAGATAACAATATTATTCATGTTTTAAGCTATCCTGATCAGTTGCAGAGTTGGGCTCCGGTGCGGGATCCTGCCATGCACAC,1989,48.47,Drosophila melanogaster
SEQ_884955,GCTAAATATTGACCGGCATTAAAAGCTGGCACGTCCTGCTTCAGAGGCGGGCTTCAGGTATCTAGATCACAGCTTATTATCTTGCCTACACTGCTGCCCACGATAATGCTCCACTCTCTTATCGATCACATCTAGCCCAGTTCGGCGATTACTCATGTGTTACGCGGTGGTCCAGTCGAATACCCCAATTAGGAAAGTGACTCGACAACTTAACCATATCACTGCCAGTCCAGCCGCAGAGGGCCTGCGACGATAGTCGTAATGAACCAGTCTACTGCAATTGTATTATTGCTAAACGCATGTGGTCGCGGATGACCAAAAGAATAGACTGAGTCAGCCGAGTCTTCGTCACAACAAGGTCCCTGGTTTGGTGCCGGTTTCCTTTA,386,48.96,Caenorhabditis elegans
SEQ_103577,ACGGCTCTGGCAGCGTAAGCGTTTGCTTGATTGCGATGGATTATTATCGAGCAGGTGGTCCCGCCTTCGGGTATCATCTCCTACGACAGTGTATCCGCTGCGGACTGGCGCTCGTAACCGTCATTAAATTGATGCCTGGACCCGCATAGGAGAGGGCTGAGACAAATCGGTTAGCGTCGTCCTGGTACGGGGACCGTCCCAGGACCTCGCGCTATCTACAAATTCCTCCTAGTT,234,55.13,Drosophila melanogaster
SEQ_809811,TCCTTCAGCTGCAGGCGCTCTGTTCACAATGAAGTGGTTTACATAAGTCTCCCCCAATATGGCGCTGCAATTACATACCGGATGAACATGTACGTGCTGTCCGTAACCGCACGGAGAATGTCGACGTTGAACTAGATCGCTAACTCAATCTATCATGCTCCCAGCACGGTTTGTTGGCGATCGCCTTATGCGTTATAGCGGCCGATATGAATGCCAGCACCCCTCCATAATAGCGATTTGGTCCTCACAATCAATGAGAATCAGTTGCCATTATCCATACTGGTGGGCTAACAGCTCTCTTGCGCATAGGGGAGAGCACCCCGGTCTGGTGTCGTCGGTCGCTCCGGAACCCCGGGTTTAGCACGTGGTTCCCGTCTAAACTTCACCATGAGTGGGTGCCCCTGTCCGTCAGACGGCCTCAAGCTTTAAATTGGTGCCCTACCTATTACGCCCCACCTACGTGCCAGTATCCGTCTAGAATGTGTGAAGTGGTAGTAGGTCCAATGAGGGCGGGAGGAACGTAGCACTGAGATTCAAAGTAACACTCGTTGCAGCCCATATCCCTAAAGAAACATAGTTAGTGGATAGATCGCGCAGTTACCCCGAATTAGCGTAGAGCACTCCTCAATCTGTGCCAGCATTGGGGAATAGCTTGGGGGAGGTAGTCATTCCTCTAGTCGAAAAATACAAGAAACGCTGGTTGGCTATCACCGGTGTAGAGAGGGTCTCGGATCCACTGGCCGTACTGGAGACACAGAACTTAGTAGTCATGCGGGCCTATCTTGACCGCAACGTCATCGACTCCGGAGGATTATTGTGAATACATTGGCTGAAGCCAATTTAATCCGCTTTCATCGGATTCGCTTTTATTAGGACGCTGGATACCTTGGCGGTCCGGCATAGAGCATAAGCCTCATGCGGCGCGACAGACGTGGGATTTAGAGCACAAAGCTGCTTTCGCGTCGAAGAGCGTTCGTGTCTACGATCCACCGGATTTACCCCGCCTCTTTCGGATTCACACGAGATGTGTTTGGATAATTGTGCAGTAATAGAGACTGTAATCTTGGAGACAACTACTACGACTCCACTCTCCCGGCACCACCGACGAACATTTGAGAACTACCTGCGCCAGCACCATCAAGGTGAGTGACTTACAGGAGCTCGACGATTTTCTGGCGTCTAATGTCTGCTACCTATGTCTTGCGTACAAGAGCATGCTGGGGCTTGACGAATGGACGTGGTCGTCACATGTTCAGTCAACAGTGACGGTCTGTGTTACTTTAGTGTAATGCGAAGGGAGCTACGCCGTCCGAGGTCTAGTCATGAGGGGATTACGATCTATACGCTGAGTATATCTATGAGGAGAGTTTCATTAGATCTATAGGTAAGATTCTTCTAGCGGACGATCTAAGTGCTATTAAAGATTCCAGCACCTATATAGCCATCGTCCACGAGGAAGGCCATACGCACAACAAGGGGTGAGCCTACTATCAATAGGTAATATCCATACGATGGCCGAAAACCGTAATCTTGGTCTGCTCGGCAAGACAGCGGAATTGGAGGGGTCTAACACGCCTTTGTGATCGCAGCATTAACATGGTCCAGGTGTACGCGCTGGAAAGATCCACGAAGTTGGTCCAGTTTCATTCGGTTCTGGAATTCCGTATTAATAAGACTCATTTCCGTATTGCTCCGGCGTACAGCCCATGGGGCTCCAGAACGTTCTCGTTACATAAACGCCGAGGCAGTTTTTTAAATCATCCGAGGAATGGTCAACTATAGTTAGAGCAGTGCTGAACCTTATTAACATAGGAGTCAAGTATGACACCATACTAGAAATTGCTAGATGGGCGGCTAACATCCCCTAGTGCCATATCATATGAGTTAATCCACAGT,1896,49.31,Drosophila melanogaster
SEQ_953881,CTCTAGGGAGACTCCCATCTTATGACCCTCTAAAATGGAGGAGGAAGACCCCTTAACATGATAACAGTTGGGCTGCCGAGTTATAACATTCAAGCGGGGTTAAAGTCCTCCGGCAGGACGGTATAGGTTACCCCGGAGAAGGTGTGATCCGGTGGCGATACGATAGACTAGATTCCAAAAGTAGCAATGTAGTTTCCCAATGTCTAGGGCCGGCAGAAGGCTTACTCCTGCTATAGCGCCTTGAACATTTGAGTAAATTGTAAATTCCCGCTCCTTTTTACTCTCTAGCCATTCAGGTATAAAGGACGTCCGCCCGCGGAGTTAGCGCATAGGGTATCTCGGGAGCAGACTTACGCGTGAGGATTCAGCACGGAAAGATGGTTGTTTTTTCGGAGGTACATGCCCCGCGGGCGCGCGTTATTGATAGACCGAGTACAGGGAACGAGCTCTCAAAGCTGGGGAATTGGGGCTTTTACTCCCTCAAGACACCTTGCCATCGATTTAGTGGACTTATAGGCAGTGACAATGATACTAATACCCAGCAACTCATCAGGTGCGTTATTCCTTAGGTAAAATAGCGGAAGGGATAGCTATCCTCTTCCGCCCAGCAACACGCATTGAGAGTGGCTTATCGAGACAATCGTCGTAGGCCTCACTACCCGCATGGTCAGGTCAACTACCTATGCAAATCTATCAAATTAATGGTAGGATTCGTCTAGAAGGGATCTAATAACTGGTCATATGTGTGGTCTTCAGGCGTTTGATGTATTCTTAGCTACGCCTAGCCCCTCCGTGTTAAGTAAGGGCGAGAACAACTAGAAGTTTCACGCTGCACTGAAGGCTTTATGTGCGATAATAGGGGTAGTGCGTATGTGAGGAACAGTCATTTGCATTTAGCGCGTTAACTAAGCTACGAGCAGGCCAGCGTATCTGTTAAGAGGCCCCGGATCCAAAACCCGGAGCCCTCTTCCGGTCACAACGAGTTCGAACCCGACGAAAGGGGCCGATACGTCGGCACCCGGTCCCAAGACAGTGTGCTCAATCGTGCCCATGTGACAGAGCTACACGACCGAAGGCGTTCAGTGTCCCCAGGACGTCGGTAACTGAAGGGACGTGCTCCCCGCTCGGTCACGGGCGAACTTGATTCATCCCTCCATGGACCCGTCAAGTCACCTCCGGTTGTCTGGCACCGCCAGTAAGCAGGCATCACACTGGCCAGGCTTACATTGGATATTGACCCTAACCAGAAACGAGAAAGGAGACCTTTTCGTACTGGTCGGATTCAAGAGTTTCCGCAGCCAAAATCTTCTCAAGGAGGTCCAAGCAGCGCAGTCTAAATACCTTAATTTAAATTGGGAGTTAGGTTCCGCTAGTAATTGAGATCATCACTGGCCCATGGAGCACCAAACCTAAGA,1415,50.39,Caenorhabditis elegans
SEQ_265130,ACGCCAGTGTGAAGATAAATGAGAGCACCCCGCCTTTAGTGGCAACTTGCCACGCCACCCATTGTATTGGCTTTATTAGCACCAATCAGAAGTCGCATAAAAGAGAAGAAAATGTTGCTCCGCCAAATTGCGATTAGCGCAAAACCCGCATGAAATAATTTCTATGAGTACGGCGCGAAGCGGGATTCTCCTTAGATAGGCCCCTAACGAAATGTGTACGACCTTAGATTTGTATTATGTAAGCTGTTTCGCGATAGCAATCACATATTCCTAGGGCATTTGGGTTACACTGCCAAATCGGTGGGGGTTCCTTAAGTTCTGTGCTGCAAACCGCAGTAAGCTGAGATCGGCGAAAGGAACCCACTTCCCTTAAGTCTGATGGGCGCTGCGTGATCAGGCATGGGTAGATGGAAAGCCGGACAGAGGATAGTAGTTGTATAATTTGCCCCAAGCTTAGGCAAAGCGTATAGCCCCTCCCCAGGCACCCACTAACATACGGTTCGGTGTTAAACAGGTCTGATAAAACGCCACCCATATTACCTCTATTATAAGAATATACCGTCCTTCGTGGTTCTGGTTGATGGGCGCCCACCGTTAATCGCTGACCGGACCTCCGGCTGAAGTGCAACCGTCTCCGCCGACTGTTTAAACCCCGTGCAACGACCAAATTCTTTATTCGATTTCTTCCGTTGCTAGGTCCGAATTAAA,708,48.16,Caenorhabditis elegans
SEQ_838397,TTGCAGGCCATACTGCCTCTATTCCGGCCCCGGTAGGGTAACTATACTAACAAATTCAGTCCTTATACCCCTGTGGGTACCGCAGGTTTCGGACTATAGCACTTTATAAGCCGCCCATCATCCCAATAAAGTACCGACGCCTTTCCGCCGGCACAGCTGAGTCGAGATCTGGCACTGTACTGTTTGGGGCCGCCCGTCCCGGATATCAGCGTCTCCTTATCTTCTGAAAGACTTCCATCAA,241,52.28,Arabidopsis thaliana
SEQ_441668,AGAGCCGAAGGGTATCTACATCATCCTGTGCGTGATGGCTACAGGGATCCTAGCGCACCCCAAAGCAGGAAGCATCGCTCGCGTGGCATAGAGAGTTTCTGCGCTTGACATTGTGCATCTCGCTGGCTCCGCCGTAATAGAGCCGTTGGTCGCCCCCCATAGCCCGATGTTAGGTATCGAGGTCCGCAACCCGGGTCCCAATCCTTGCATCTGGACGGAACATTGGCGGCTCTCTCGAGTCTAAAACTCCCAGGCTGGTTGTACCTGGTGTCCGGATATAACGAGCTAAGCGGCGGTATCAAAAGCGACATCTGTTTCGACTATCCTAAAACAAAAAACCTGGGGCTAGCTCATCCTAGTATATGCATGTAGCTCGGAGGCAATGTATCGGAAAACGGCCGCTATGCTCGAGAGAAGGCCCGGGAAGACGCTTTGTACGCAATATTCACGTCCTCATCATAGTCCATGGTACATACCGTTGATGCTACCCTCTATTTGTTAGTACGCTACATCAGGACCAATTTTGTACACAGGGACCCCCCTGCCGGTCTGCGTTCGGCAAGCGCCGTTCACAACGCTGCAAGCTTCATAGCTCATCGCCTGCACCTGATAGAGCTTGAGACGCAGGAGCCGTCAGGCAATCAAGAGACTAGGCGATACACGATGTACAATGGTTTAGGTATCAGTGCATCGCAATTCACATTCACCGTCCTCC,715,53.01,Arabidopsis thaliana
SEQ_605390,CCAGATACAGGAATTCTCGTCTCATGTGTTAGGCAGCGGGGAGTATCGATGTTAGAACGGGACCCCCCGTTCGAATGTTGCTAAGGCCTCCTAAACCCCTTCCGATGTGGCGCCCGTTCCACCCCTAGGCGCCTATCTATTGGCTCTACCAACGGCTTAAGGACAGTAGTCAGACGACCTCTGGATTTTGTCTCTGGTCACAAGGCGGAATTACGCTAAGTAAACAGAGGGAACGAACAGCGGCATCCACTCCTTACCGCTAGGGAATCAACGACTCCAGAGGCCTCATGATGGGCTGCGGGGGCATGTCAAAACCGCACGTGTGAATCTAAAATTGTCAATTCATCTAGATATGCATCGTAGGAGGCGCAGTACTCTATTCTAGCTTTGCGCACAACTGACAAGGTTGTGTTCTAACCTGTTGCTGACCCCTAATCTGAACCATGTTTGATACATTAGATGTATTTCATACATACGTTCCCTATAACGAGGGGAACCATTCACGTTCAAACCCTGGGGATGCCTTTGCAGGAGATCGCTAACAGTCCTAGAACTTCAAATCGTTTAGCGGCCTAGCAGCAAGTCCAACTTAAATAACAACACTGTCTATGCAAGGTGCATGCCCGACTTTGTACGTGACCGCGGGATTCTCTCCTATGTCAAGACTGTGGCCTCGTTACTAGCTCTGGGCTGTGTAAGAGCCGATAATGTTAGCGGAAGAGCGTGGGGACAGGAAGGACCTAGTATGCATCTGTTCTATACAGGGGTCTTACCATGCAAAGAAGTCTGGTTTGGTCCACGCAGCGCAGTAGAGGATGACGGTTCACGCCCGCCTGGATATCTAAATATATAAACGATATCACTTGCGTTAATGGCGTGTGGGCGTCGTAGGAAGGTGTACCCTTCCTGCACCGGACCCCAGCAATACACCATTCGCCAGGCACACCACGCAGTTACAAACGCCGATAAATGTCCGCCCTCCTTGCAACGGGATCACCTGCGTTTGGGTAGGAATCCGGCAACACGGTTTCCGGCCCGGTGGTCTGAAACATACGCGCACTCCGGCCTAGCTGTGGGGCTACCCGTCTCAAGAATATCAGTACACAACCGTCGGCGTCGAAGAGCCCTGCATGATGCCGCCGAATACATGCTTCAGCTTTCAAGAAGATCTGTTTGTAATCGGCACGACCGCCCCAAGGAGCATAACCGTAATATCGCCCGTAAATGTTTCTTTGGACAGTGGAGAAGCGCTCGGTGCGTGTTGCGTCCACGCTATGGCGCAGCTCTTGGTCAATATGAGCCTGCCAATGAGACTCCGACTAGATTACAAGAGCGGGATTGCGTTTCCGCAGCGGGGTACATAGAGTTTACACAACCAAAGTGTGGTGCCACGATCAGTAGGCGCAAAAAGGTTGGTTATTCTTGATTTCCCGTCAAGTGCGTACTCCTTATGTCGTAAAACAGTAGCATTGCTTCTACCTCTAGCCCGCCATCTACGCATCAATGATTTTCATGGTGTACTAAGCCACAAAAAACAATATGACCAG,1547,50.74,Caenorhabditis elegans
SEQ_516434,CCAGAACGACATAAAGGGACGGAATAGTTCTATCTTAATACTAGCGGTTCAATCATTGCGATTCTAGGAGTGAGGATTAAGACCGCAGGAAACAGGTACCGGATTAAGACTCTACCGGCTATCTATCGTGAGCTAATGGTCATCGAGTCACCTTAGGTATAATTCGGTCAGGCCCCATCTCCCTCAACAGGGACATAACGATGGATTGAGGCATTGAACACAAAAGTTTGCGTAGGGCCTCTCCGACTGGGCAATATAGCTCCTTGATACGATACTTGTCCATGGCTGGTACCGTTACACTATACAATCGTACTGTTCCGTATAGACGAGAGCCCTGAAACTACATACTCGCTCGAAGCCTTTATAATAATTGATGAACAGAGGTGAACGTGAATTACCGTGCTACAAGTTTAAAGTAGAACCTCTCACACGGCTAACCCAGCTTGAAGGTAACCCCTTGATCTGCTTTATACTCTAGGTGCAGAGAAATACTAATAAAATGTTCACGGGCTTTGTTGGTATGGTGTGCTCCGATTTCCATCAGTGAGTTTAATCTCTATACTTGAACTGATGTGCTTCGCTCCTCCAAAGCGCCCAAGTTTGCACTTCAAAACAGAGTTTGGATCCCCTCGATTGGATCCCACACTTCTTTCTTTGGTGGGAGGGCTACTGTGGAACACGAAGCTGCCTAACATCGATATCTCCCACTCTGTCCTGGGCAAAGTACCAAAACCCGCTTAGCTTGACCCTTTGTTTTGATACTTGGAATGAAGTCCAACATGCCCTGGTATGGTGTTTCGCAACCATCTCGGATTAAGAGATACTGCCGCTTGCTATAGAAACAGCATACGAACGTTTATTGTGAAATTGGTTCTTTCCATTGGTACCCCTATCCCGTAAAAGACGGAAAGGCGGAAAGCCTTTCCTGGAAATGGGCCCCCTATCATGGGTTTGGTCCCGTGATTTCTCAGTCCTAGGATTAATGTGATGATACTGAGGCGATGTGGTGTGGATATATAAGTGCCTTCAGCCGAACCAAAAGGTTCCCTGCGGAGAGTGTCATGTGGGGCCCGTGAAGCGCGGTAACCAGGACTGCAATAAATACAGTTTCGTGTCTTTGCGAAGTGTGCAAGAATTGAAGCGAATGATGTAGACGAACCCAGGAACGCGCGGGCAGTAGTCCCGAGAGGCGTTCGGTTTGGAGAGACCAGTGGCCAAATACGCAGGCTAGCGTCCGACAGTTCCAGAATGTCTGACCAAAAATACTGAGTCAAATCAAACTAGATTGGTCATATGATCTGTTCCCACTCCTGAGGTCACCCTTACCGGTTGCTTAGACTAGGGTACCACTGTCCTTCATTGGTGGTTTACTACCCATTAACACCGGAGTCTCCACTGCCT,1401,47.11,Homo sapiens
SEQ_828012,GGTTCCCTGTGTCGCGTGTCTTTAGCGCAGTGCCTACTCTCATACGTCTCCGGTTATCAATACTTAGTCTAAGTAGGCGGTTAGGAAGCGTATCGCAGGCTAAAAGTCCATGCATTCACCCCCCGCGTGCACCGCCACACTGGTCGACAATATACCCCCGACCGTTTGTCTGTAAGTACAATTCCTTGCCCGCCGTACCTGGCACTTTTGACCGTCCTTAGAGTACTCGTGAGTCCATTGAATTTCCAATTTTTGCAGCTGCCCCACCCGGCGCTGAATCAATGGTTAAAGGACCTATTATATTGGACGAACGTGCAGTAGACCTGGAATACTATACTTAATAGTACTATACCACCGTGAACTACCATCTTGCGACTACGGAGCCAATAATTGCGGCCATCAGGCCAAACTCTGAACAAGGGCTATAGCTCGCTCTCGGCAACTAGCGCTCTGCGAACTCCGTGCCAGGTGTGCAACATTCGAGCGAGACCTATCTCTGATCTCCCTTTATGCACTACATTCCGCCCTATATACCCGAATAGAAGTAGTTCTTGCACGTACCTAATAGCTAAGATAATATTAAAGTGAAAAATCGTAGTGTCCGAGCAACATGCGATACTGCTGCGGGAGATGACTACTACGGTGACTAGGCGCAGACGAGACGGGCCTGAACGCCGGCAGTGCGGGTTACAAATTAGCCAGGAAGACAACCCGTGATTTGATTCATATAGGGGAGCTATTCAACGTTTGTTGCAAGAATTATTACCCATAATTCTGAGAAGAATTCTTGACTACTGAGTCTCCCGCCTAGTGTCTCGTATACGGCACGAATGGGTTCAGACCAAGCTTAGTTCGGTTCTGTGATGAGACTCTTTCATCGCAATGGGGCCTTCCCTCGTTTCCGAATTTCCGTATAGTTGACTTCTTACCGATACTGAATTGACCTTATAGGCACAGTGCATAAGTAACGAGAACAGTTAGAGAAAATTCTACCGCGAGTCGGTTTGGATCTAATCGATCTGACTACATGATTGGCGGGGAGGGGTCAAAAATGATTTCAAGTTACGCATGTGCCCGCCCTCCGTACCGCTCCGCTTGCTTGCGTCCCCACGCCAGCTCTTTCCTCTGGAAGAACGGCACCAAAGCGTGGTCTCCAAGTTGTGGGCCCCTACGACGTTGTCTATGTCAAGCCGGAGGTAGGGAGAGGCCACCACACGCTGAACGCTATCGCTATAAGCCGCGTAGGCCAACAACTCTAAAGCGATAGTGTCCATTAGGGGTGAATATGCAAGATAACCACGTGACCAAGAAGGTCTTCTAAGTGGAGATGCCAATCTTCTGGAGTTAAATCGTTAGATAAGTGATAAGTCCTTGTGAGGCCGGCTAACACCGACCTATAGCAGGGAATGGAAAGGGATATGCCATTGTC,1429,49.13,Homo sapiens
SEQ_764414,TTAAGTTGACTTTCGAGGTGTAGCGTTCCTTACGGGGTGTTGAGATTCACTGCGGGGCACCGAATCTATGGGACCGGGTCTAGGTAGGATCCCGTTTGTTGGAAGTCGAAAGGAGAGAAAAGCGCCGTGCTCTCCTAGACCTCCGAGAAGGCGTAAGCATGGGGGTATTCTAGATCTTCGTCAAGAGTAGTAGGCTCGGTATCCCGCACCCGGACTCCGACTATGTCGGAACACAAGCATCTAGTGTGATAACTTGTAGGTCGCTTTTTACTCTTAATTATAACCATAGACCTGCTTGTATACGCCGCTTCTTTCGCTTCCCAGCCGGTCCAGGTAATGCAATAGCATCATGAGTTCCGTGAAA,364,50.0,Escherichia coli
SEQ_418520,AAACGACCCCTACACGCGATCGTTTGTGTGTATTGCTGTCTCAGGAATCGCTAACCTGTGATTAATTATCTGGCCCACACAAATGATGTTGTTAACGCCTCGTTCACGGAAGTCAAGGTGTGACCATATATGAGGGAGTCTCAAAGTACCCGTCCGCCCGTTAACAGCCCCGAGAATTAAGTAACCACAAACTAGGGCCCGGGGTAAATGTTGGCCTTCGATGAGTATGCGCCAGCAACTTGGCTCAATCTAGGCTTATGGATGTGGATGCCTACCCTATAGTAGTGAGTGAAATCCCGTCCATCGTAGTCCGTAAATAGCCCTGCTCTAGAAGGCCAAGCATGGCTAGCGGCCTGCGTCTCTACTAACTAGCCGTCGCTGCGGTCAAATTATTCGATAATCAGTCCAAGAAATCATTTTCTTCCTTAAGATCACGCACGACCGAAGCGATAGGAGCTATAGGTTGCACCTCGCTGCTCACGTTCTACAAGATGTTCAGACCCAGCCAGCGCGTTCGCCGTTTTCAATGAAAGAGGATACTACTTCTGCAACTTTTCGGAGTAAGGCAAAGATCGCCCTACAAATATCATTCACCAGGCACGGACTCGCGATCCCCAATCATAACAATGGAACGTCCGGTAACCGCACCAAGTAAATGCCAACGAGGCACTGCATCCCAGACGACCGGAGAAATCTGTTGGATGCTGCCCTGAAGCCCCAGTTCATAAGGAAGTGGAGGTTCAGGAATTCGCAGCGTCCCTTTCAAGTCATGACCTTTCTAGATCGTGATCAAATAGCGAGTGGTGCCTGCGAGAACTATAGCTGTATTTGGTCTGGAACGAATCCACGCGCCATGGCCGCAGTTATCAATTGGAGAACCTCAGCAAACGCGCGAAAAACGATGGTGATGGTATTTGTCGCCCGTAGTCTGCGAACGTTGAGACACGGACTCAATAGCCCGATGAGCAGTATGAAAGATCGCTGCCATTCCAAAAGGGGTAATAAACCACCTCGGCAGTCCCTCATGACCATTGGTACCACTAGCCGTCTTTGTTTGTGAAGGTAGGGGGGAGTGCTCGAGAATATGCGCTATCTCAATCGAACGGTGCAGAGAAAGAGGAGTATGTCCCACGAATTGAGCCCTTTGAACTTGGATAGCCGGGGATCGTTGAAAGTTCTAGGCAGTTAGTAATAAGTCTGGCCACTACAAATCCCCAAGGACACCCATAACCCTGATGTAAGCGAACATAAATAATAAGATACACGACGTTCGAAGTCCCTACTTATACGGGTGAGTAGATACACGCGAGGACGGATTCATCGTTGAACGCCGACTGTAGTTCTCTGGGTAAGGGTCCTATACCTGGCAATAACAAATGGTTCGCACCAGACGTAGTAAAGCGCGGGTAACGAATCCTGGGCATTAGTGAACTGTCGGCATAGACTCCTAGAGTAAGAGCTAATGCGCGTACACAGACAACGAGGATACTTTAGCTGCTTGTTTAATAGATCTTCATAACACCAATCTAGCCACCTCGTTACCGCGTCGCCTGAACCAGCTCTCCCATGCAGTTGATCCTAGGACGACGGTTCTTAAGTACTTAGCCTCTGGCTGTACCCATTACCACATGAGACTTATATGACGACTATTAGGTTCCGGTGTTAGTTCGAGTTTTAGGCTCTGATTAAGAAGGCCGACCCTCCCATCCACGGGGTTAACTGGCCGCGCCGTACGTGATCAGACAAAGGTGGTCTTTTGTCTTTAGCCGTCAGTTCGTGGACGTGT,1786,49.27,Arabidopsis thaliana
SEQ_513760,CACGGATATAAGCAATGTAATAGGAAGGGCAGAGCTTGCGGGCTGAGTTCAAAGACCACCCGCAAAGGAGATATGAACCGTCCCCAACGATGCGACCCCGCGGGCACAACAGCTATATAAGCGATCGTTCTCGACGGCTGTTGAGGGACTAATCGTCCTGATGTTTCTTGGGGCGGCGGATGCACTTATTGTCCCGTATCCTGAGATGCGACCGAAGGATACCACGTCTGTGTTGATTTAGTTAGATTGATAACTACATATATAGGGTCAGCGATAATATCTGAAACTCTCAGACATCACAGGAGCGTCCCCGAACGTGCGCTGGGGTCAACCTACTTAATAGGATAACGTTGGACGTGTTCCCGGGTTAGGATTGGGGTGCTGCACCCTGCGGCAAGGGGTAAATAACTCGTCAGACCGCGGTCAGAGACGATCCATATGTTTTTAGCCGGGGAGGGGCATCGCGCCGTACTTTGTATTTTAAGAGTCTCTCCTTCGATGTATAATGGAATACGCGTCCATCTCCTGTACTGGCAATGCACGCAACGCGTAGTCAGCCTTACGTTCACAACAGAGGTTCTGTTGTGTAGACTTGAGCTGGGATACCCGCCCGAATTGATCTTAAGTGATGCAAAAGCCTTGATGAGCAACGGTGCCAGAATCGTTCTTTTGAAGACTTGTTAGGGATAATCCGACAGTGATTGCTGTTTTTCATCTCTGAGGTTAGCATGTAAGTTTGACCATGAGAGGCCCCTTCAGAGATATAACTCTGCTCCCTCAGCAAATTTGTGCACAATAAGACTAATCATCCCTTGCTGATGTCCTGAGACGGGCGATCTCGGGGCGCGAGATTTGACTGCTCGCTAGGCGCTTCAGCGGTTGGGCCGGGCCCATTTGCCCGGTAGTGCTTCGCGTCACTTCCACCGACGCCTGGGACTAGATCGGTCTAGGGGTATCTTTAAAAGTCCTGACAGCCCGAGAATCGTGTGCGGTTGGGGGCTTACTCTTCCATATAAAAGTGGACAAGATACATACTCCTTGTATTTCGGGACGCATGGCATAACGCAGGCTGGCGTACATGCAATCGGGTGCTAAAAATTATTTGCGTTTTCCCGAAGTCGGCGTAAGCGGTAGCCTGAGATGCTTTCGCGCACTCCTGCCCCCTAATCCGCTGCTCAGAGTCCGATCCTGCTAAGCTTGCAACAAGTAGTCCGACCCAAAGATCATTGTCCATATACGAAAACCAGAACGGAGCTACTAAATACAGAAAGATAGTTCCGACTCTACTCATATAAATAAGCCGGTGTAGCCCGTACAGTACCGACCACCTGATCGCGCCCTCGTCGAGGGCGGGTGTAAATCCAGAGAGGCAACGGCGATACCCTGTAAGGGGAACTGGTTTCCTGTGCCCACAATCCCGACTCTGCTATAGAAAGTGATTTTGGGTCCAACTCGTTATAGAAATAAGTTCGCTGTTACCCTCCATGCCTTCAAGTTGAGGGGTATTGTATGCACCGAGGGCATATGGTGGAAAGTTTACAAACCATAGCCTTGAGATCTTGGCGCCTCTAAAAGCCAGGATCATCCGGCCGGACGATATGGAGCCGATCGCGGTTCCCGACGCGCGCTCAGACAGCGGAAGCAAAGGAGCAACACAGGGTTTAACGTTACCTAAGAGGGTAAGTTT,1687,50.8,Escherichia coli
SEQ_781062,CCATTCCAAGCAGTGCCTTGATCTCTCTTGGTACCCTCTGATCGAAATCGCAAGTTGATTTTTTCTCGGCGCGCCAGACCCGCTTCCTCCTAGTGATATCCACTGGCTTCACGCGCTTTATGGAGAACAAGATCCAATGGTCGTAGAGTACGACGGGAGAACTTCGCGCATTCGGCTGTCATGTCCCAGGCGACAGTGTGCGACAGTTGACGTTTAAGCCTTGGCACGAAGTCTGGTTATTTGAACAACGTTGCTTGGGATGGTCCTCATGCATCGGAAGCATAAAGGGTTAAAGGGCGATGTCGATTAATTCACGTATGGTTTTCGTTATTATTACCTATGGACCGTATGTGTGGGAAAAGGAACTCATGCCTTTACTTCATACTCGCGGAGAATTAAAAATACAGACCATTGCGGTGTTTCGACACTACCGCCTTAAGACATTTTCTACTTCGTGTAATCACGAAGCATACTAATTGCAGAAACCTCACCCAAACTAATCGCTATCGGTGCTCCGGGATAACGGAGCACTTGAGATCAAATATCACCAAACCGGCTTGGTTGACTTCCTAGGTGCGATCCTCGTATAGATTTATCAGAAGCCGCACGCCAGCCCCGGGTCGGATGACACTAACAGTAGAGTCCGGCCATTGAAGTACTACTCCGATAAGAGTGTATGACACCTTTAATATACCGGGGGATAAGGGTCTCCAGCAACGGGATATGCACCCGACAGTTTGCTTCGTGCTGCGTCCCCGCAGTCTTACAGCCCTAGAACTCGAACTATCCTTGAACACCCTGACGGAATGTCTGGGGGGTTTATCTTGCGTCCTCGCCTTTTACGACCATTTGAGGAAGAACCATACCCTGTCCCGACGCCTCTCCGTCAGAATCCAAAATAGCTAGTTGGTCCAGTAATCGCGTTCCTCGACGGGAGAGAATCTAGGGTGAAATACCCGCGGCCGCACGTTAAACGTACACGTAGAGGACGTATGGATACCTAGCCCGTGATTATTAAGTTTAGGCTACGTCCACATAAAAAGCTTATCTGCGTGCACTCCCTAGATGACCGCGTCCCAGGGACTTATAAATTGGGTAGGGAACCTTCCAATAGGCCTGATACCGTTTCGGAATCATGGCCACGTGTGCGATCTTGTGGAAGTCTAACGAGATCGCCATCCTTGGCGACGCACACCATTCGGAAGTGCCGATGGGGCGCATAGTAGTCAGCGGCTGTCCTCCCCTTGCGTGAACAGGCATCATGCAACTCCCCTACCATAGCGACAGATGGTCAGCACTTTAGGACTGGCGATAAGAGGAAAATCCAAATTGTGAATCTATAAGCTGCGCTGCGATATGGAAACAGACTACACATTGACACAGTATTCTACAAAGGGAGT,1400,49.5,Arabidopsis thaliana
SEQ_594377,TCATGTAAAGCCGACAAACTGATCCTGGCCATGTATAATCTCGACCGCACGAAAAGCGGTGAAAAACATCAAGGTGGATTCACCGGAATCAAAACTAGCGGGTGTCTGCCATCTGGCACTGTCCACCACAATGAATAAATATTCCGCCAGCTGCCGACTGATTCCCGCCGTCCTCTGTTACGGGACACGATTAAACTGTTATACAACGCGCATAACATGTATCCATATGTCATCCACTCCCACATGTCTCCGGTGGCTCCCTTCCGATCTGCTCAACGGACGGGTGCATTCTAGTTGTATTTGACTATATCGACGCATATGGATGCGGACTTTATTACGACTACATGCCCAAGCAGTCCAAAGGTTACAGTGTTGTATGTAATGTACCTTATACAGGAGGTCTTTCAGAACAAGAGAGCCCACATAGCTAGGGAGAGGCCGTCCTGTGATTCAATTGGCCTCGATGGAGGTGTGCAAGCTTTTAGACCGATTCGGACACTGCCTCGTTTACGTGAAGACCCACGTCGGTTTACATGTATTCTGCGATGGTTCGAACAGACTTAATATACACAACGGGGAGTCAATGAGCGGAACGGCTCAGCAATGTCGCTCCGCACTGGTTATCCGTAGTCCGGGGCAAGGAAGGACATGTATGGCGTGCCACTGTCGGTCAATCGTTCCACGACCTGGTATGTAATTAACTGGCAGTACGCCGTCCAGAGATGGGCAGACGGGCAGCACATGCCCCAGTACTCCTCGGTCCGCGGGTGCTCGTGGCAGAGAAGGTTCGGTTCCAATCCCTATGCCCTGCATATAAATGCGAAACATCAGGAACGGTGCAACACTGCCTGGCA,854,50.94,Caenorhabditis elegans
SEQ_946793,GAGGTGATGAACAACCCAATTTGGAATTGGTGCATTGTTATGGGAATTCTTCTCGAACAAAGTGACGCGTATGTCGCTTTGGTAAGTCGGGATGGGCTGTAACCTGTCGTAGACTGGATGTAAGACCTGCGCCGGCCGCGACTGGTATCTCGATACGCTACGTCGCAGTAGCGTAATGGAGTATAGGGCCTCGCACACTGCTCAGTTTAAGCCGCTCATGGGTCTATCATTACGACAAGTATGCGATTTTCCGTATCCTCTACAGCGTGTCTTGGGGGCAAACGTGAACTAATCAGGACGAAAGATATATCCGTTGCGGTGGTCAGATAGGGGGGGAGACAAATGCGTTATAATTGCCCGCTGCCGGTCAGCGGGAATCGGTATACGTAAAAGGGCTGCAAGGAACTAGAAGATGGTACTCTTTGGTTATCATAGGGTAGAGCTTGTGTGGCATAAGCCGGACGATAGGTCAATTGTAACAAGGAGCTTGGTTACAGTTGCGGTCTCCGCATTACATACTACATGACCTTCTGTAACATCGCCGGCGTACGATATTCCCACTCATGCTCGCGCGCACCTGAACAACACCGTTTTGAACCATCGAGGCTGATCAACAATACTATTGGTGCCACTTTAGAACTGTCTTGATAGTACGATCTAACGGGGGAGAAGGATGGCTTTTGCCGGTGGTCCACCAGCGGTTCCGAGATAATCCGGGCTCGCTTAATTCGGCTAGACGCTTGTGCAGTCCCCTTGTGATTATTTAAGGTTTCTGTCCGCTTGACGATTTGATGCAGCCGCATCCTTAACCTCCCAAGTAGTATCCCTCCTTGCTAAGGAATCAAACTGCCTGGTTAACAACGCCCCAGAATGATAAGTACAATACTACCTAATTAACTGAACGTTGTGTTATCTGACGTGCGTACGGAGGGTAGAATTCGGTCGCCCGTACTTCAGTATGTTCCCGCATTTACCGGCTAGACTTCAAATGTTCAAGTAGCACCCAGAGTCAAGATGTCTGTAATACCATGTCCTACAATTTGTAGAATGGCGCCAGGCATCGGCCATTTGGGGGTCTCGTCTAGCACTTTGCGCGATAGCATGCGCTTAATGGAGTATGGGTCGTCCACGACAGGTCGTCTGCCTACAGGTAATAGGATAAAGGTCACCGGGCCTTGTAGACCCGGAGAGAAAACTGGGCATTACCGAGGGGAGAGTGATTGCGTTGAACCGCCTGGCACGAGTAGAACTACGACGCTGACGGATTTATGCGTTCATGGTGTACGGTCTGTCTCCATGTTTGGGTATTACATATTCGGCAGTACGAGCTAGCGTGGTCGTGTAAGGTCGATGTGCATGCCAGAACTCCGGGCAACTTTAGAGGGCTGTCCCCACAGTGGAACGGGTGCACGAGCTCTTACCAAACTCTGGGGCACAAAGCTAACCGGGTAATCATATGGTGGTATTCGTTCCTTCGGCGTCGAGGCATACAGGTCCCTCCCGTATCCCGAGAACCCTGTAAGAGTGTTCGATCTGTAGTGTTGGCTTGGTCTCTGTTGACCTAGCCGGATCAGCCT,1577,50.48,Homo sapiens
SEQ_833411,GCGGTGGTAGAGGAAGCCCGGAAGCGTCTCACCAGAGTTGTCGACGCTAGATCGGTTTTTGATAAGGCTCCATATATTGCCACAATGCTCGCGACTTTCACTAATAACCGAGACCAGACCTGACCGAAGGTGCCGCGAGTTGCTCGCGAATGCGTGTTCCTCCAACTGCGCCCCCCTTCTAGGGTCAATGGACCCACAGATTAACTGATTTACCAAGTTTAACATACAAACTATTGTTACATTCTCAAGTTGGTCAGTATCGGGGGGGGCAATTTACTGATCAACAAGTGTTATGGCTATGAAGTTAGACTTATTGTTCATCCCCCTATTCCAATTCTACGTGAATTCCACGGGACGATCCTTTTGTGTCCTGTATAAGGGTTAGGAGATTGACGTGTTTAGACTCAGCGGGGGGCCTACCTGTCGTGTAGAGACGGCGGGAGCTTAATAAGCCCGTTATAATAACCAGCATCCGTCTGGCGACCAGCACGTTCTTCTGATTCATTACGTGGATGCAGGAGGCCGGGCCTGTCGTTACATGGTTCTGGGGTCGTCCCTTATCATTGACACAGGCGCCGAAATAAGCCTAAAAGGTGAGGGTAAATGATGTTCGACGTAATGCAAGAAGCCTCAACTCACGTGGAAACAATCGGGTTCAGATATGTAACAACCGCACCAAACGTCTGTGTCTCGGCGCTAAGGCTGGACGGCATAGAAAGAAACCCCTGCGGGCCGTAACATTCCAGCATCGGACACGTAAGTCGCCCCTCGGAGTTTGAACTGTGCAATCTCACATACAAAAAGACAAGCTAACCACGAAGACCATCAGGTACACGCTATTATCTCTGAGAGAGGGGGTAGGCACTACAAACTTCTGTCGGTGCATTGTATCCGAAATCCCGCGACCCAGATGGGTTCCGCTTCCACAGTCC,932,50.11,Saccharomyces cerevisiae
SEQ_867251,ATACCTCTACGCCGGCCCCCGCTAGGTCTTGGATGACAAATGGACCGGCGGCGCGCGGTATCTTCCACGACAGCACTGGTTCATAGCCGGACGCTCATATAACTACTAAGTCCAGTGCCGGGATCTATAGGGGGGACCGGAGACTGTACCTAGTGGCGGCTGCTGAGATGTACCTGTGCGTTGTCGGGCAGGAGTAAGTTCAGATCTCCATGCGTCTTAAGCGCTATGCATCAAGAGGCCTTATACACTTAAACGGAGATCTAGGTGGGTACCTGGCCTCTGCGGTTAAGGAATTGACTGCTTGCGCGACCAGCACTCAGCAGAGCAGCCATCGCTTAAATGATAGACAACCTGCCATAGCAAGCTAGCCACATCCTCGTAAGGAATCAGAGAAGCAACACTTAAACCCGCGATTTCCATTACCGTATGTCCGTTGATGAAGGTTTCCCGCGGTACCTGGTCGTCTACGGAAGCAGTTCGGCTCCGACCGAAAATCGGACCAAGTAAGAATTGTAGCCGCCGCGTTCCGGTATTGCTGTCTACCCAGGAGCATCTGGTCAATTAGGCGACTACAGTCCGAAACAGGCACGCTACGACCAGTGTATTGAAGAACCCATGAGCCGCCAGGAGCGTAAAAGTGCCCTAGGATACGTCTTTGTAGAAGAATAGAATTATTAAATCACGCTATTACGAGTCATATCTAGCACCGGAGTGATTGTTTCAAGTGCGCTAATATCGTATAAGTTGAAGGCGAGCCTTTTATATGCACACACGATATGGGAGTGCAGGGACACCGGGAGGATGAGTATTCTCCAATTATCATGTTTTTACACTCCTGCTGCGCGGTTATGTGACATTTGTACTTGACCTTAATTTCGCATGGACGCGAGGTAGTATCGGATACTATTGGGCTGCACGTGTTTGAGACTTCGTAACGAAGATGGGCGCTGCCAGGATGGGACTCGCGCAACGGATGTAGAGGTTGGCATACACGCCGTCTACTGCATTC,1009,51.04,Caenorhabditis elegans
SEQ_702365,GAGTTAATTATAGCTGTGACAGTCACTCAATTCTAGAGCCTCAGTCAAGTCCCTGCCGGCGCCTGACCGATCGCTTTTCCGGTTCCGCCCAACTTGCATCGCGGTACCCCCGCGCAGGGTCGGACTGACTGTAGAGGACGTCCGGGAGGCTCGACCACCCCTCTTGTCCACGATGCGCGCAGTGAACCATGATTGCCGGACTTTTTCCCAGATCTAAAGGGAGTTACATAACAGTTCCATTCGGTGAGCTACCCTGGCGCATAAGTTCACGCATTCCTCGCCAATAGTTGCTGCTGCAGTCACTTCCATACCAGGAGCTCCCTAGGGTGAGCCCGTTAGCGGCCTAAATTGCCTGCTGTAAGCGAGGACGAATTGGGACGGGCTGTGTAATGTGTAAAGTAGTTTGTCCGGTCACCAGAACATGCCGCCTAGGCATAAGGCTTTATGCGAAACCAAAGTCCGCCAAGCCGAAGGCACGCTTAGGAGAGTGACCGCCCGGGGGTACACCATACTGGAGTCAGCTATGGACAAATATCATTCCAATCTACGTCATACACTCTTTAGGATTTCACCCCCTAGTTCGAGCGCGTCCCATCCTTTGGACATATCCATCTTACAAGACATCGAAAAACTTTTCCGTATTACCCTTGCGTACTCGGTATACCGCCGACGTGTCACGCTAGTGGGAAAGCTCCAGGCTTATGAACTAGACATGAAAATGAACTATGCTCGTGCGAAGGGGTGTGGCCGTGAGGCGAGCGTTGGTCGGGTCGCTATCAAGCACTGCTAGATGAACGTCGTACGAGCAAAGGTACAAGAAGCATCGCGGGGGAATGGGCTCTCGACTCAGGCGTCTATCTAAAGGAGCACTTGCTCTCTTCACAATTATCTGTAGGTCTACACTGTCGGGCCGCTATTTGCACCCGCAGTACTCGGGAGTACTCCTCCTTAATGGCAGCTATTCTAGGACCTATCATGCTATTTAATCGTCGGCCCCACGCACAAGCCCGTTGTCCCTTTTGCGACTCTGGATACTGACGTTCACAGATCATAATAAGCATACGAGTCATACGTGCCAGCCTAAAGAGACCTGACTTCTCTCCGTCGAGATTACCCACCCGTTAAGAGGGATAATAGGGTATTACTGGGACCTACAAGGCCTGACGTAGACCCCAACAGCGGACTAGGTGTAGAGGAGAGATCGAAGTTCTCGCAGAGTTACGATCTGATCAAACCTTCATGAAATCTAGCAGGCATCTGACGCGAAATATGTTAGGTTCCAGATAAAGGGGAGTTCTTTTAAAATAGAAGTGCCGACAGAAAATAAATTACACTATACAGATGATCCGGAAAGTCCCGGCTTAAGCTTTTACTAATCCTGCCCACCGCCTGTGAACGTATGTACGCGCCGCATATTTCTTAGTGCTTACGGGATCAGTCAGCAGTAGGGATTAAATCTCGTCAACTATACCGGGTACACCATCTTGATCCATATTTGATACGTCTGTACGCGACTGCCGTACAGACGATGGAATAAGCGAAGAACTGAGTTCACTAAGTAGCAGCAAGCCCGTCTGGGCAGAGCTTGGATGTCTGGACTTTCTTTGGCCTGTCTATTACTAGATGACACGCCAGTCGGTGCCCCTGAACGATCGATAAGCCACTCATTGGACTGGAATGCAGTTTGCACGCACCGGTAAGGTCATGCCAGCGGTACCTGACGCCACTAACTAGGGCTGGGTCGACAACTCGAGATTCAAAAATCGTCGATATTCACCGGTGACTTCGGTACCCAGTGATGCCAGGAT,1808,50.94,Caenorhabditis elegans
SEQ_844873,GATCGCAGAGAACACCACACCGCGCGAGTTCCTCCATACGAGCGCCTAGACTACCACTCTTAGTGAGTTCACCGTAACAAGCGGTGGACACTGCAATCCTAAGATGCGCGTAGCTCCGTCATCTCCAGGGATCTACTTTAATAGAACAAGAGCGTAAGTGCTGAAAAACCTGCACCCGTATGAGGGCAGTTCAGAGCACCCTCTACTTGACTACAGTCTCGGGCTAAGCCAGCGGGCGT,239,53.56,Arabidopsis thaliana
SEQ_147358,TTGGGGCTATAGAGAGTTTCCCACCCCCTCGCCTGATGTTACCTAGATCGAAGAAGGGATGCGTCCATCAGACTTAATTATCACACCATACACTCAATACTAAATCTTATAAGTGTGAGGCGACATTATTACGTGCAGTAAAGCGCAGTACACGGTCGGGTATTGAGGATAGTTATTAGAAAGTGATCATCCATTCTTGGGTCCCCCACAACATACCAGTCTGTTCTCATGGGCCGCTCATTGCTTGTGGAGTGACCGGTGTTAAATTTGGTTACACGTGTTTTCTAAGGATCTTGACCTATGTAGCTGGCGTGCTCATCGGGACCTCATGTAACACGCCTTAATTTTTCCAGGATGTCGAACCATGTTAGTCCGCACTCTTGGTAACGTACAGGCGGTAACTCCTTTCGTGGTGTTTCAGTTTGCATGAGATATTTTTGTTCCTGCCAAGATAGTTCCGCGCAGTCGTCATCTCTACTTACGACAGTAGTCGCAACCAGATTAGAAATCAAGGCCACCTAGGAGCGTTGGAACAGGCCATGTCTTAATACCCAGCTTCACTGCTACACTCGTAAATCGACTGACATCACGTGCAGCTTATCAATTTATACAAGTCAGAGATCGATCGTGGCCATGTCTGGCAAAGCCCAAAAAAACTCAAACCCACCGGTATGGACAAATCGGGGGCCCACGCCAAGAACGACTTACGACTCCTTAAGCGTATTGAAGTCTAACCCGTCCAAATGATCGCAAAGATGAGGAGCCTAACTCTGCGCGGGTACCGACGTCGCCCTAACAGGGCGGCAGTGGTAGAATCGCGCGCATGAGTGCACGGGATCTTTTTGACATCGCGTACTGCATCTGTAAACCAGGAGCGCAAAGTTAGCGCCACTGTATCCGCCTTTACGATGATATTGATCGGGAACGGCAATTCCACGCTCAGCTCAACGTGAGGCGATGACATTGATGCGATGCGATACCGTGCCGCATCTTCATCAGAGTCCTATAACATCTCCATTAACTATGCACATTCGGATTAGGTAATCAAGTCTCGTTACGGCTATGAGGGGGCTACAGAGAGGCATTCGTAGACGACGTGATGTGGGGAACACTGGGAGTTGGGGATGATAATCAAGGTACAGCAATACAGGACGCCTGGGGATGCGTGAAACTCCTCACATTGCCATCGGCGATAAATCGCAGTGCCACAGTGGGTCGTCAGGAACCATTCGCCGATATCACGTCGGGTTCTGCTTATGATCCCAGTATGTACGGCCCACAGATTCAATAAAGGATAAAGGGCATGCCGAACAAGGCGCACACTGGTCGGCGCATATTGTGCCTACCTAGCGTTTGACTTGTTGCCATTTCAGGATGACAGGCAGAGTGTCACTAGTGGGGGGCACAATTCTTCTACAGTACTTATGGTCTCTGGGCTCCAGGAAGAGCCTTTAGTGATGGGCAGTTAACAGGTCATTTATTGCAAGCCGTCTGGGACCGGTACAACCGGTTTTGGTAAACATTCTGGGCTGATTCTTCGGAGAGGTTAAACCAGGTACCAACCAATGTTGCGGAGTTAGACGGTGTCTACATATCCTAAGTTTGTTGATGAGTACCACAATACCTTACCAACGCTCGTACGATCTTTCTTCACACACCAATCAATCTAAATCTTACCAGCACCA,1685,48.61,Caenorhabditis elegans
SEQ_834864,CCCACTAGCTTCTTGTTGTGCTTGCTATACAATTAACTTCATATATAGTCTACATATCAAAAATCCGGGTATAGAGACGCACGACCACTCTCACGCTAACACTAAGCCGCATGGGATGGTCTTTCTTAGAGGGGCTTTACATTGCACCATGCGGAATTACTAACCCGGCATATAACGCTTTTCCACGACACTGTGGGTGAACAAGGGAGTTCTCCGGCTATGGGGCCATTTCGGATTGTGGACCGAGTTTGGCGAGTCCAACCTCAATGGAGAGGTTCTATCCTAAGTTAAGTACTTCCAGTCTGAGTCTTCACTTTTAAAGGATTGCTGGTATCGAGAATAGGCCGGCCACGCTCTCGATGAACTCGTCGCAGAAATGCTCAGTAGCCCACGTCCTTGAATGTATAGGATCCACCCCGCTCGTCAAGGTCCGAGCCAAATCGTAGACTCCTCGGATCGACGCCACGTGTCGCCGTACCGGATTTTGTGCAGTCCGATCATTACTACATTAAGCCTGGCTTATGTGCGACTATGCGATTCTCTTTCGAAAACTGCCGAGACCGA,564,49.11,Escherichia coli
SEQ_379575,CGCGATTGGGATAACTCAGTGGTACATTCGTGTTAGTACTTGCCAAAATGCTCTATATATAGGTTCACTCCTGTACGCAAGCGATAGATATAAAAATGACTAAGGACTTGTGCTCAAAGAGCTGGATTATACTTATAGAGCTCGGATGATAGCATGCCCCAAGATCACTCAGATCGTCGCCGGCCAACTCGATCTTTTTCGTATGCAATTGTCATATAAAAACTGAGGCAAAGTTTCAGAAAAGTAGCGGGTTTATACGCTCGGAAGGGCGATAATTCTATC,282,42.2,Mus musculus
SEQ_840225,ATACTAAGAATAAAACGACAGTCGTGTATGAACATATCTCACGTCACTCCGTTCGTCGCCATTGCAGCGGCTCTTCAACTACGGTCTCACACACAAATCGTTAAATTTTGTTCTGCGAGGTCAAGTCGGATGGCTCAGCGTTTCCTCAGTGGACCTAGTTTCTTATCCGCTGACAATTCCAACTCACCCTCGCAGCCCTAGTCTGTAGTTTACATGCCGGGGTACGAACACCGGATGCTGGCGCAACTCATTGATAACGATCTCTTACAAAACTTGGTAAGCTGTTACTATCAAAACTTACCTTGTCCCGGACAGACCCGAATTCGTTTCTTGCGCAGTCACACTCGGTTTGGACGGAATCGTGCGGGATTATTTCTCTATCACCAACGATCAAACCGGATGGTTACGAGGTTACGATCCTAAGGTACGTCAGAATATCCCGAGAGGGTAGCAGATTAGAGCTTTTACCGAGCATGAGATACGTTGATGGGAAGCTTCATGTAGTTCGGTGCTCGCGTACTGCCACGAATCGTTACTGTTCATGTGTGATCGGTCACAGTTACGGGTGAACTAGTATCTGCTGGAGATCGACTGCTGTCTCAGTTTCGTGATCTCCCTAGACGCGCCAGGCAAAATGCCGTTCGAACCAGTACCTACATGCTAAGGTATGTCAGATGAGAAGTATTTCCGGGCTAAACCACTTATGTTTTTGATAGTCAGCAAGAAACGGCATGTGGGACAGCCGGCTATGAGGATGGTATCCCAGGCTCGCCGTTGGATCCGGTCAAGTAGTATTGAGCAGGTTGGACAATACGAAATTCTCTATGTCAACCGAAAACTGCACGTATTTGCAGCAATAGGCATTGGTTACGTGTAGCAGCGTCGGGCCTTATTCCAGCAACTCAGGATGACGACAAGATACTACCGGCGGCCTTCCGGATGGTTAATCCTTACGTCAACGATTGACGTTTGTCAAGCCATTGGTGACGAGTGATTTTGCGGAATCTGGCTGCAAGCCGATCGACGGAGGACATGTTTCTGCTTAAAATAGAAGAGGGTGATCCGAGAACTGACATGATATACTCTAACTCTTTAGGCTCATAGTTACTAGTCCCTTACATCCTCGATATACACCGACAGTACGGAAACTAAGTGCCAT,1159,47.71,Homo sapiens
SEQ_749510,TCCTCGTTGGTACGTAGAAAATCCTCCTCGTGGTCGCTCATTTAGAACAACATCTACAACGTGGCCAACAGCCAACGACTTCGTATGTTGCAGGTGAGAGTGGCCGGGATGTCCGATAGCTTAACCGAGGTTTTGCGTAGCGTCGTTTAATGGTGCGTATAGTGTCTAGGGGAGGCCAAGCAAGCCGCGTGACTTTAGGCTATTAGCCCAACCTGTTTGCTTCCCTACTGGGCGGTATACACCCATTTGCAGCTGAAGGTCCTGGCGACAGAAATGAGTAAGCGGATCTCTCAGCACGGACTCTTTCCACGCGGATGTCCCTCCCCTTTTTCGACTCATTGTTGGGCTATAGGTTACCAAAGGCTAGCATTTTGACACTTACCGATCAGCTGCCTAGGCTAAGAAAGGCGTGGCGATAAGAGTCGAGCGGCGCGAATGACTATGACTCCGAGTACCAGGAATCGGCTATGGCGCCCGTAACAGCAACACGATAGTTCAAAATTGACGTGTTGCTTATTAACTCTCCCTGAGGTTATGGTGCGCTGAGCTGGAAAACCGCACTCCTTATTGGACCTTCTCTAGATAAGGTGGATTATCTCATGGGCTCCGACGAGGAGGCAGGTTGATCCGCACGGACCGGGTTATTGCTCTTGGGAGCTGGTATGTGGTCGCGGTCTGTGCGTCGTGATGACTCCTATGATGGTCGGAGCCATCGGATAGTCTTCCATTATGTGCCTGAGGTCACAGGGGTCCGCAGCAATTCTAGTCGCCTTCTCTTGTCTGATGTGGCGCTTGCTCTATGAGCGCTCCAGACGGAACAAGTTAGGCAGGTATACTAAGTAAGGGCTGGACACTTGAAACACCAGAATGCCGTGAGCGCGTTGGGCACGAGGCGTACCACACGCGAAAGGGGTATCTTTGGTTGCGGTTGCGTACAGCGTTGGGTCTTCTGTAATCGTATGAGGTATGTTTTCTATTGCGAAACGATGTAGATACGTAAGGGCGGAACGTCAATCTGAGGGTCGTACGGCGATTATGTCAGTGTTACACCAGACA,1056,51.89,Drosophila melanogaster
SEQ_232765,ACGGGAGAACTTGGGCGCTGCTAGAACGTCCAACGATGTGTATCCGTTAGAGGACGTACAGTTCTATCTATATCTCTTGCACGTATACCCGTTTGTTGTGTAAAGGCACAGTCATTTCGAATTTTGAGAGAGTTTGTCGCCGATCGAAACGCCGCTAGGTTTGGGCCGACCAGGACGTACAGACACGCTAATCAAGTCTTGTGTATCTTCAAGGAGGCGCGTACACGAGCCTATCATGTTCAGGTTTGAGCTAGGAGGCATCTTATGAGCACATGCTGCACAAACCTGAACGATACAGACTGGAGAGCGAGATTTGGGTGTTCGGATGTCGCGTACAGAATCAGCTAAATCAACTGCGTAGATAATTTACGACTGTCGGAGTCAACCATAGCTGCGTATGATAGCGGATGTCTTGAATCTTAATTAACTCTAGGGCGAGGCGTAAGCTACCAATCACCGTTTATTCTGAAACGATGTACGTGGCGCGATGAGTTGTTAGATGGCCGTCTCCAGGTCGCACCCCCCATACGCTGAGTGAGGCAGGGGTGCAGAATATATTTGGAGTTTCATCGGTGTCAGAATACGATCTGCGCGACTGGTAGATCTAG,608,48.68,Mus musculus
SEQ_705938,GCACACCTTAGGAATAGTTTTTGGTAACCCTCTTTATATACACGTTACTGCGCCGTCACCCCGTACGAGGGCTCTTCAGGCAGATGAAACCATATGCACGATGATTGCGTCTTAAATGCATCCCTTCGAACAATGGGAGGCTGATGCACCTAAGACATCTACCCCTGTGACAATACGCCACCAGGAAATAAAGGACTCGAGCGTGATTATCGTTGCCTGCGCTAAGTTAGGCAAAGACGTGAATTTCTGGGAGCTGGGCTCAGACTGCGCATCTAGACAGGTGCGGCCACCTTCGGCACTGCTTCCAATGTAGATCTCTTTAGTCGGATCATTACTTACGGACTTCCAACGCCGGACGATGTAAAGGGTTCTGTATGGGTGTTGCCCCTACAGAATCTGTGCACTTCGCTCGAGACGGCTTAGAAACATTCGTCAACCCCCGAGAGGTACAGCCACTACTATAAACACCACCCTGCGATGAAAGTTTTCTCTAGCTTTCTACTAGGCGATTAGTTCGCCGAAAGGTACGGACGAAACGAGGGTGTATCGGGGACATATTCAGCCTGGCTTTATACTTAAGTAGCGCACCCTCGCGTGATCTTGATGACCAATCGACTCTATTGTCGTAGGCTCCGGACTGTTATGCCCGGGGGAGCCTCTCTAGCCTCCACGGAAAACATAGAACGTGAATAATTTCGCAACAGGAGCTACTGCGATTACTTCGCACCTCAGCCCATCTAGACTGACAGAGAATCTGACGCTCAATTATCCAACAATTAAGAGTGTTGGTGACTCGTACGTCACCTGAGTAGAATCGAACCATAAATC,828,49.28,Caenorhabditis elegans
SEQ_841734,ACGGTGCTGCTAACCCATTTCGGTGAACGTATTTAAATATGACAGTACTATTTGGGCGCCTCTTCCAACGAAGTCTATCCGAGTTGCTCCCGATTCCTAACAGATCCGTCCATGATAAACTCATTGCACTATTGGCTTCATGGGCGCCATAGGTGTCACGCTCACGGCCTGCTTAACTTTCCAACACCGACACTACACCCAGCAAGCGAGGAGGAGACCTATCCGGGGCCGTTCGATCGGCGGTTTTTATAGGCATGGGTGGGGCGTGTTTGTCTTTTCCTACGCCAAGTCGTTTCCATTTAATGGGCCTTCTCGCAGCCACCGCCTTGTAAGAGACGTGGTCATAACCTCCTATACGCGACTTTTAGGGCCCAGAAGACGAGTTAAGGCAGCAATCCTATAGATACCAAACTCGGCTGGCGGTTTAAGTTCTCCTACCTCTTTCGCCGTCATTTTCCCAAGGTTCCGCCGAGGGCGTGCGCGACCTATGAACGAATTTCAGCGTCCAGTCCGCTTAACATACGGAAAAGGATCGTGGATGTCAGCGGCTATTCCTCGTCGAGCGGGTGTGATATAACTGAGAGCGCATGGGGTCCGAACGTCACTCATTGTGAATGCTGCTATTTGAGGAGATAACAGCCCGTGTCGCGAGTCACGGGCTTGATCTGAGGTACGCTTATAGTGAGCTCATTCCCCGTAGGCCGATGCGATGTCCGTATAGAACGCGCCACATTCCTCCGCAAGGATAATTACTCGGAAACGGGAGGCAGGTATCGCCAAACCGTGCCCAGGCCAGACATTCATGTGCTCCGGTTATAGATCATAACGTTCCCTCAGTTAAACCTACCCGTGAGTGACGAGCTTACAAGGCTGGCATGTGCGAATTACAGTACACGACGGGCCGTGTTCTCGCGTGTCCGGCGCATAAGTCGATGGCTCCTGCAAGTCATTTGACGGGATAGAGAATTTTCTTATTCGTACGATAATGATGTTACCTCGAGAAATGGCGTCTTACAAAGCTGCATCGTCGCAGTGTACGTTTACCAAGTGAGGGAGGGGCCTGCATTGCGCGTCGGTCATTTGGATACAAATATTCACCCTGTGGCCAAAACCTCCAAGTACCAAGTTCTTAGCTCACTGAGGCACAGGGTATCTATATTGTTCGCGAACGGAGGTCCCAACAACGCTCTATATCTTTGAAGGGCTTGGCGCGGATGCTTGGGATGATATGGTTATGTAACACCATTGTCGTAATCTACTGACGGCGATTCGATATAACGACAGACTCGCGATCGCGTAACTCGGTTGTGCTTCGACTAAGTGAAACTCACCAAAAAGTTGCAGTGACGCAAAGCAATCACGCCACAGTTTCCCACTCTTAATAGCGATCGGTGAAGATATGTCGGTGGCCAGAACGGAGTAAGGAGTGGGCGGTGTGTATACAGTAAGATAGCTGAACGCCGTCAGCGATACAGCGCTGTGATCGATAGGCTTTTAAAACTGACCTCGAATGTAGAGCGTTCTAACACGATTCGGGTATTACTTCCACCGATTTTATGTCCACCCTGGTCCAGAGCTGCAAACTCAGCAGTGTCCTGTGTGCCAACGAATATTTCAGTGCTTCAGGCCATGTCTTATTAAACCGCCACAGGCATACGATATCCAATGGCCAGCACTAATTTCCTCACGAACTCAGAAGGCTAAACCTCTTGCAGGCTTCGTAGACGGTTCCATCTTTAATTCTCGAAGAAGGGTACAACTAGACCCCTGGTCTCATGATCACTGTGTCAGCTGATCATCGGGTACCCACAATGATGGGGGCGTGGAATGGACTAGTTTGCAGCGAATATCTGGGGTTGTCAGGTGTATATCTCTAAAG,1879,50.24,Mus musculus
SEQ_160892,CGAGTTCCCGGCCGCTTAATGAGGAAAGGTCTTTACCCAGCCAGCCTCGTGCAGAGGCTGTTTTATATCTGCTAACTGTAATACTCCGCACAGCAACTCTAATAAGACCACCTGCAGCCCCAGGATTAGCTCGCAGTTTGTCCAGTACATCAAGGGAGATATGACTCCAGACGTCAATGCCCCAGCTGTTCCGGCAA,197,51.78,Caenorhabditis elegans
SEQ_936170,TGGTCCTTAGCCCCCCTTCAGTGAGAACGCTTCTAGCGTTACTAACCGAGGTTGACAATCCATCTCGTACATGAGTTACGGGACTAGTTGGCACGATGCGAGAAAGCAATGGAGTCGTAGGACGACCGCGACTGAGTTAACCTCTCTTGTCACCCAAAGTTAAGATTTTTCCTCTGCGACGATCGCGCGCAAGACTACATCTAACGACGGGTTCAAGGCAGGTGCATCAACAAGCTGTGCCGTTCGCCGTGTTCTGTGTGGCGGTGAGTGCGATTTAGTAAATCTCGTTCACCCCGTATGGGGATACAGTCCTCAGCTTTCATCCGCGAGCACACGATTAGGTTTAATGAGTAACTCCTTAAATCATTGCGCGGGAGGTGGTGGTCGGGGCTGTCCTCATCTATAATTCAATGCCTATCGTGATACTTGACAGTGCCCAACGTCAGACCATGGTAAACTAATGAGACTCTGGGACTCGTTTCGATAAAACCACCTTAGCCTTTTCCGCGGGGATGTTCGCGTGGGCTCAATAAGTGTGTAGAGCGTTATATTTACCGGAGATCTTGACGACATCGGTTGAGCGGCCCGTGGACACGTAACATGAGAGCCATGCTTAGGTGTAGGTAGTCGTTCATCACGCTTAGGATTGGTTCAAATAGCGAAATGACATAGAAACCTTTTTGAGACGTTAACAATCCAGGCTAAACCTTTAATGGTTACCACCCCTTTTCTTGTCACACCACATTACGGTCACTACGCATTTGGTGTACTACGAGCCTCGATATGTCCACAACCTTTGAGATCAATTATTCCTTTTAATGACTGCCCGGCTCCATTTCTGTTAAAAAGTGTATGGCTTTCGACTCCCTCGGATAGATGATTGCAGGCGTAACAATCTTCGGGTGTAGTCGGCAGGATGATGTAT,925,48.11,Escherichia coli
SEQ_838625,GAAGTTGCGACTTCTCTGGAATATCTTGTATAAAACGTCTCAATAAGTTTGCGTACCTAATGTTGATCTGAGTGGCACCCCCCTAACTTTCTTTTCTGGTGTCATTTTTAATACCCTCACAACAGGTTCGAGGTGTGAAACAGTCCTCATGTCACTCGCAACCTGACAGTAAGGTTACCAGCCAAATGCCAGTACTCGGTCAAAATG,207,43.48,Mus musculus
SEQ_608760,TGACATGGTAGCTAGAAATCGCCTCGTCTCGAACAACGGTCAATTGCTTATACCTTAGTTGCTGCCAAATAAGTCCGTCCTTTTGTTGGGCGCTGCGATGGTTCTGAGAATTATGCGGCGGAAGCGTCTCAGGTGGGATAGAGTATTTACATGGCGCGTTTCGGCCTCCTTAGGCAAGCCCTCTCCGTGTCACTCTCCACTTGGGCGAAATCTACCTCGGGTACGGGAACGGCCCAGCTAAGGGCGAGGCGTTGTAGCGCCACTTTGCCCTCGACCGTCACTACCATCTCACCCGCTATAGCTGATGCTACAAGCGGCCACTGCATTTTTCGTAGCTAGCTCATCCTCAATGATGTAGAGGACCAGGCTGGCTGGCCCTGAGCCAGTTGGACGGGCCGACCTAGCAGCTCCAAGACAGCCAGGAAACCCCTGGTTTCCTCCATTACTAAATAGACGCGGATAGCTCGTTTTGATTGTTATAGACGTAGAGTGGAGATCTGATTGGACGAACACCAAGATGTGCGCGCCGAGATAGACGCCGACTTTGTGAGTCATCGTTGTTATGGTAAGCCTGGCTGCTTCGCGTATGGAACTTTCTGAATATCGTTTTAGAACCGGCTAGTACGTTAAAGTAGGCGACGCAGATTACTCGCCGACTCATGGTGATCTGGTATGGGGCACTTCCCTAGATTACTTAGTGAAGAGCTAATCTGCAGACCTTGTGTCCAGATTCCAGCTAAAGAATCCGGCATATACGCAATACCCAGATGGCAAGAAGCGCGCCGGCTCAGCCGGAGGTGACTCCGGTACAATCAATCTTCTACTATATCTGGGGGCTGTAGGTTATGATGTTACCATGGGTCGGATTCCTGCTAACGCCCTATTGGTCTACAGCTTTACTACTAACTTTGATATACTGCCGCGCTAAGCGACGACGCTAACTAGGCTAGAAAAGCTGAAGGTGTCTTCCCCGTGCGAATCAGCAATGCCGGACTTCAAAGAAAGAGGACGTTCGGGGAGATAACTAGATTGACTAGCATGTGCGGGTGGCCCACTGTAGCGCCTTCTCACAGTG,1075,51.72,Saccharomyces cerevisiae
SEQ_290979,TTCTAGACTCGCGTAATAGCAACGATTTACTGAGGGATATATCTTCACGCCATTTACCGACTATTCGTGGTGTACACGAGCGAAAATCCTCGAGGCGGGATGCTAATTAT,110,44.55,Homo sapiens
SEQ_830362,GCTCTGCACTCACGTCCGTTTAATGAGCCTAACAACTAATTCTGAGAAAAAAAGGGGAGAAGTTAATGAAAGCCCTGGGAACATACCGTAATCGCACGACGGTACTGGGGAGGTGGTCAGATCCCTGTTGTAACGTGCTGCTCGGGTGCTAGTAGGTCTATCCCCTCTTAAAGGCAAGGTGGTATGTGGGGCCCGTCACCCGATGGGACTATCGTATGAGATATTACTCCGAGGATGGGGGAGCGAATGAACCCGGATGGGCAGTCCTTGAAGGCACTGGAGAACGAGTCGTCCAGTATTATCATGTTGGTTCGCGATGCCCACAAGCCGTAAATCGATTGTTCGAGGTGAAATAAAACGTATCCCATGGCAGTTGGCCGAGCTGTATCAAGTTAGGCCGTGCGCTAGGATGACTACTCCACTGTTGTCTCTACCCTCGCTCCAGAGACATCACTGGACTCATCCTAAAACTATATGAAAATTTCAATTGTGCTTTGACGTCGTAAACGATGAAAGCTGTCGTCGAAAGTGTTGTTAAATACAAGGTATTTTTCCACTACCCAGAGTCTCCGTATCATCTAGTCGGGCTGATCGATAAAATTGCTATGATCTAGCCAAGGTTGGGATTGCAGTGGTGAAGCCTCTACTTCAGTATCTGTCGGTTAAGCGGGTAAGTCTTAGTCGGAGGGTACTTATGCATGTCAAGCCTAGCCCAGTATGACTTAGGAAGTAAGAACCTAAACAATTCGCTCACATTTGAGTTTCTTACTATGTTGCACGTGCTAAGGTAGGTCATTCTTGTTGGGTTGTCAACTAAAGAAGAGGAACAGTGCTCGCGTGCATTTCGAGCAGGTACATCTAAATGATTCAGGGATCTGTGGATAGGCTTGCCTCCGGCCGCCGTGTAGGGAATCCTGAGCCTTTTCGTGCGAGTTGTAGGTTTATTCGCTTGCGATCTACCAAATAAATGC,971,47.58,Mus musculus
SEQ_751143,GGATCTGGCATAGTTTTGCCCCTCTCTGTACAGCTTGTGTATGCCCTTGTCTTCTACATCAATCTCCCCATACCCCACTTAGCTAACACGACTACCGAAAAAGCGTCAGCTATAATGATAGTACGGTCAACCACACCGCCCTTGCATCAACCCCCCTCACGGTTCGGGGATTCGTGCATATCCCTCAGAAATGCTATTCTGAAGCTTTGATCGTTTGTAGACAGTTTAGGACAACGGTGCAGATGGGCGCGCTCTAATGGGGTTGGCCGTTATATATCGACCGGGTAACACCGGCCGTGTAGACTAACCGAGTTCCATTGCCTTTACACGAGGAATTATACCAGCCGTACATGGTGCGCTACCGGTATTTGACTAGACCAGCTCACGCAACCTCGTCAGCTCACCTTTTAACTGAGTCCTAATGAGATAAGGCACATCCGGTTTCACTCGAAACATCATCACGGGAAAAGCCTTTGAGGCTAACTCACCTCCGGTGGGGCCAAGAAACGTATCCGTGGATTGCTGGTTCTAGCAGGAATTTATTGTAAAACTTAATATTCTCGACCCGTCCTATATTCAAACATTTCAAGTTGTACGAAAGGGGCATAATATGTACGGTACTATCGCAATGGGCACAGAGAACTTATTTGCGCTGTGGCATTTTGAGGTGCGAGGGATGAGCTGTGCATCGTTGTATTGGGGCTTTAGACTTTGAGAGGAAAGCCTTTGCAATAATCCTGTCTAGCGCAAGTACCAACTACGGGACAAATCGTCTTTCACATTTAATCAGTGGGCTCAATTAGAACCTTAAATGCTCAGGGGTATCTATGTATACGAGTAGCGTATCTGAGTTCAACATGCTGATTGTTACAACGTTTCAGTATATAGGCCAATAAGCACGAACTTATACCCCTAAGACTTCAATCCTTAAATACCCACGTACCGGTATAGACGTAGGACCTATTCGGGCTCGGTGATAGCTCCGGGCGAAAGTGACCTCCCCTCGTGTTTTGGGCGACCCATGGCAGCCAAATAGGAGACGGGGCCTGTGCTGGACTAAAAAACGATCGAGTAAGTGCAACCGGACGCGATTAGTGTCCCCAAAAATTGGGTAGCTCAAATAGGGATACACACACTAAGGGGATTGATTGGCCCCCGGTTGAACGGCCGTCCTGGGGTCATGGGGCTGCCTGTGCCTTTAGAAAAAGCATCATGTAGGCCATGTTGACACTACCAAGGTTGACC,1245,48.19,Saccharomyces cerevisiae
SEQ_270822,GGGAGACAAGACGCATCGTTCACTTCGAGATTGCGGAACCTGGAAGGAGGATGATTTACGTGTTATGTTCAACGAAATGTTACTGCGGGTAGGTGTAAGGTCGCATACGTAGACCGCTACCATACTATGCGTTTTCTCATTTGGAGAGTTAGGCCTGGGATCTCGCGTCATACCGTAGATAACGTGCAAGCATGACCTGCAGGTATATACGGAGAATAACAAAGGCTGGCTGCAGTATCAATAACGAATCTGGTGTCAAGAAGTGGAGAAAATGGAGTAACAGTCGTTAGCATACGATCCGGCGGCGCAGGAGAAGATACCTACCTGATCTTTAAAGTCTAGGCCTGGATTTCGCACTCGGTTGTAATACTTTGTATTTCACCATCTTAAGACACCCGCAGGCGGAGGGGAAGCATCAACAATCTATTCACAGGGATTAAACATAGTCCTACGTATCAGAGAACTTGTTCCACCGTTTATACAATTTGCCAGTGAATGGTGGTGTGTGTGTCAGCCGCCGCCATGGGTTTGTGGTGCCCCGCAGCAATAATGAGGCTACATACTCTCCTTGGCACGCGCTACGGATATCTCGCTCGGTCTTCAAACGCTTGAGAGGAGTAACGCCCCGCTAATTCGCAAGCAAAAGTCTGTTTCAAGGGTATAACAAGGAAAGGCATTACCCCGACTAAGTCTCGGATACCCCGGGCTCTCCCTCGGGATGGTCCTCTACTTAATAATCGGTCTCTCTAGACCTGCATGGTTTTAGCAAACGATGTTGTTAAGATCGAGAGGCGACAGAAAGTACTAATCCAGGCTATCCCCGGCCCACAGGCCCCTGACCATGTCAGCTCTAATTGAGGTTCGTAACCCAACCAATATTCGAGTTCTGACGTGATTGCTCATCTCTAAAGTGCTATCCGCTAATGGGCCACAACTTCCAACTCTAATCAGACGGAGTTCATCGCCCACGAAAGTTCTCCCAGAAAGTAACAACAATCTGGCCCACAGTCCCGCTGAAGGTTTCCGTATAGCTCACGTCCTCTAACGGGGCGTGGGGCTAGGTATGACATGTTACGTTGCCATTTGCACCAGGACTAGTCGAATGCAAATCGTGATGACCATCCGACACAACGGTCCGCCGCAGATCGGTTGCACTGTAGCCGTGGTTTCCCATCCATCAAAATCCCTGCGATGAGAGGCCGGGCCGATGGTTTACCCCGATAGCCACCTATCACGCAGTTAGGCTCACCATCGACTGTGCTCGCAACAGATTACATGCTCCATGTAACCATTTAGCTATGGTAACAGCAAGTCAGGCCCGGCAATACGGAATTTTACATATTGCATCACTAGCCCGATGAACCTGGGCGATTCAGTTTTAGATCCAAAGTCCTGCGTCGGTAACCATCGTACTAGTGGAACGCGCGTGTTAATGTTTTTGACCATTTAAGGGATTATTAACATCCACATCGTATGCCTTCCCGTCTCAACCCAAGGACTGACGCGGTGGAGATGCATAAGCAGATTTTTTGCGAAAGAACACAACGTCGGCCAGAGAGTTAACCCCTCGAGCTGCAAGCGTAGGGCTGATTACGCCATCGATAGCGCACAACCTGTTGTAGATTTTCGAGGAAATTGTATTACGGGTACTTACTG,1656,49.15,Mus musculus
SEQ_998599,GCTATTCGAAGCCACCCTTCTAGACATTCCGGCGTATAATAAATAGTCGTCACTAGGTCTTAGCTAGGAGGATCACAACGACTCGGCCACACGACCCGATACGAGATGCGAATTGGCGCACCCGCTGATAGGAGGACAGTTTATCGCCTGGCCCTACTATGT,162,51.85,Saccharomyces cerevisiae
SEQ_632206,TATATCCGGGGCTGGAAACACATTGGAATTGCAAAACGATTACGATGGCCTGCTTTAGAGTGGATACGTTACCGACCTTTCCTATCACGGTCTGCGCCCAATCCGTTAATCCGCCTTACTATTCTACAGGAATGGCCAGGCCTCCCTCTAAGATCTCGCGCGCGACACGGGGTCCGAGTCCGGGAGCGGAGCACAACATCGTTCTGTTTTAAAAACAGGACAGCTGCCCAAATATAGCTCTCTTAAGGACGTACTTCGAAGTCAACGGCTCTGAATCTAGGCCTTGAACTTAACAAAAATCGTAGGGGGCATGAGCTCGGGCGGCATCGGCAGCAATCAGCGCTAGCACGGATTGTAGGCGTACATGTCTGATCATCACCGCACTCAAAACATCGAGGAAGAACAGCATCGAAGAAAGCTGATAGCGTTTTCACAACATCGCTTCGCTCCTGATGCCTTTTGTGAAGCCCCAAGTCTATATACTTTTTAGGCGCTGCATCTGGCGTTCTTCCAGGTTTCCGCTTCTCCCGTGCATCCAGTTGTAGGGTGACAAAAAGCCGGTTTCTTATATGTATCGGACCAACTCTGGTGTCGAAAAACAGTTTATTTGGGGATTACTGACGCAGGCGGCGGTGGAACCACTCATTCGATCTTATCAAGAAAGCTGGACTATATAAGAGCCAATTTATATATAGATAGGGGTTATGTACCGTTGTTAAGTGGCTCGCGGAGCACAGATCGTTCTGTCATAGATTTTGGTCGACAACGCGAGAGGGTCAAAATACAGATGGGACAGACGGCTCCGTTACGTTATCATAGGCGCGACGCGGATTCGGCATACGTTGTTGCAGCACATCAAACATACGCACCTACCATCAAGCATGGTTAGCCACTGGAATATATGTCTCACTTGTGGATGTCGATTTATCGCAACCATCGTAATATTTTGACAGACCCGCAAGATTCCCACGTTAATGGCATGCGCGTTACTGTGGCTGCACCGATTTCACGCGCCGGTCGAAGTCAACCTCACTTGCGGGTTAGCACGAAACACCTTTGCTTCCGCCCCCAGAGCTCTCTCATTTCTGCTTACTTTAATGCGGGCTCTCGAGTAAGGTCGAGCGATTAGACCATTGTCCCGGCGAAAGCCTGCCGCTTATACGCCCTGCTCAGGTGTGAGCCTACGCTACTTAATTTGCCACACGTACGACTCGGTTTACGTCGTGAACTAATGCATATTATCGTTACGTGCTGAAGGTTACTTGAGAGGCACCGTTTCGTGTCCACCCCTAGTTGACCACGTCACTCAGATAATTCGGCCCCCTTATTATTTGGACAATTACAGTCCACTACGCGGATATACCGCTGTTCTGCGCGTGCTAGACCCTCCCAGCGACCAAGTTATTATGCCACGAATGTTCCTTTGTCGGGTCTTAGCTATTGGGATACGAACATATGGACTTTCGGCAGGACACCCCCTGTGTGTGTCTCTAACAGGCCCCAGTAGTATACGTTCTAAGGTCCATGGACCTGTGGAACAACTTGAGCGCCATCTCGGTCTTCATAACTTACTCTAACTTTTATTCTGCTTGTGCGCGGGATCTGTTCACTTGCATAGACACTACTAATCTTAGATGGACAACTATCTAGGCCAGGCCTAGACGGCAACA,1670,49.34,Drosophila melanogaster
SEQ_166591,AACCGGAATGATTGTTGAGCGCAGGTGTTATTTGAGCGGGATGCGGTCTGCAAACATGTGATTTACATGCACAAGGCGAGTGACGGCTCCACGCCTCAAAACACGACGAGGTCTATCATTCGCTCATGCGGCGTTCTAGATGCTGTGGTGGCTGTTCTCGTTAGGGGCTAACCCCGAACTTCGCTTTCCATACAGAATGTATTGGTTTTGTCGGGGGCTAGGGGAGAGCAGATTCGTATGCGCTTCAGTACGATTGGCCAGCTACGGTTTCTCTTGTGTATTAGGGCGAACAGCAGAAGGATCCGGCTGCTTTGAGGCGTTGAGACTAGCGTCCATCAATGGATGAGCTCTCTACTGATTTGAGACCTACAGAACAAAGGAAAGCCGGGCCGCGCCAGGGCTACAGCGTTGTCGAGTCTGTCAGAACATCTGGACACAGACCACACGATGTTGAATTTAGTTACTTTTTCTACATCTTTAATGTACTACCTGCATCCCCGCTGGATGTTAAGTTGATGTACCCTAGACATACCGCTGTGCTAAGGAACCAGGGTCACGGCCATCCGGTCGCTAATGTCACGTGCCAGTTCCTTGCTCTTGTTTAGTGCAATTAGGTTGGCTCTTAGTCTGTGAGCACTAAGAAAACCACTCTTCCTAGTCCGGAAGAAGGTTAAAGTTTCCAACGTAAGTTGGCCATACAGCTACACGAATGAAGCAGTGCTGCCGATACGACCCAGGCTACAGTTACATACGGTTTAAACCTCACCCGACAGGCTCTTCAACCAGCGTATTACAGCTTCCAGACAACGTAATCTGGCAACGAACCATGAAAGTTGGAAGTTGACCGATCTCGTCGTGTGGACGCAAATGGTGCGCACCCAATTCCGGGTGCTTAGCCACTCGCAGTCGCCAGACCACGAGTGTTTCATGTATGTACGCAGTCACTGAGGATCGGCTCGGTGTCGGGCATCGATTCGGCGGACCATGAGCAGAAGATCGCGCCTTTGGAGAGTGGTCAGAGTGCGCCACTAGCAAACGCGTGTGCACCCTACTATCTAGCTCACGCGCCAAGGAGAAGTGCAGAGTACTATGCGCGTAATCCTTAACCCCGGATCCTCGCCATCGTCTTGCCGACAGTCGACTGGTTGCACAGGCGATCGTTTATTAAGACATTTCGTGAATCCATCGTGCGCATGTTGAATGGCTGTATAGTCAAGGTGGGACTAGTACTCCGGAAATCGCCTTTCAGATGGGCTGAAGGGATTTTGCGGTTCTAGCTATGTGGTTTATATGCCCCCCAGCTTTAGACCAGAGAGCTACCCACACATCTGGCACACATCGCAGACTTTCCACGGCTGGTCTGACAGTGTCTACTTGCGTCCAATTATGATGTTGCTTAAAACCTCGAAATGAGGTGATAGCCAGTTTGCATCACGGATGCCGTCCTGGTCGACTAAGCAGAAAAGTCGCGACTAAAGAGTCTAGGTCGACCGCTACTGCTCTGGCTCCGCTCAACTCAGCTCGGATCGTTATACGATAGGTTCCAACAGGTTTTCGTCCAGCGGAAGTTTCGACCTAGATGTCG,1585,51.17,Drosophila melanogaster
SEQ_526607,GCTCCAGTCAGGTCAGATAGGTCAATGAAAGTGTATGAACGTAAGAGTTCACAATTCCCGCCGAACCCCTCAATCATGCAAAGCGGCTCCCTGGCATTAATCTTATTGGGTTGCGTGTCAATCGTCGAAGAACCGTGGACCGGATCACCGTATGTAACTTCTCTAAGAGCAAAGTGTATCCCGCGCTAGGTGTGCAATTGGCATCACCAGTACCGATGGTGACATGTATTAACAACAAGAATAGATTGTTAACCCTACGTTGCTCTCAACCATCCCGCGCTCAGACTGATTAGGCGCTATGTTCATCCGCCTGTCTGTGCGCGTACCAGGACACTTCGTCAAAAGTTTCGAATGTGGGAAAGTCGAGCTTTAATTCACTCAGATTCTATTGAGGGCGCGAGAATCATTATTACATAATATATAGGGGCACTATCTGTTCTTGCAATAGGCCCCTAGCTTAACGGCTCCCTAGTGTCTAGGAAGGGTCACGAGATTGCCTCATCTCTATGTGTAGAGGACGCTCTGACTTCTTTGCCAAGGGTTGTGGAGGCTTTGCGAAAAGGGGGCCCATACTGACCTCGTTTGTAGCACGGTGGAGAGTACAAACATCTGCCAACGTGCTAGCGCTTTGCTATCATAGTACACGACTGGTCCTGCCCGTTCCACACACCCTTGTTTTGAAGATCGCGGGCGCCTGTATCAACGGAATCCTACTTTGCAGATTCACCTAGGTCTGAATACCAATATTACGGCGAATAATCCCACATACCATCGGCAAGCTGCACCTCGACCAAAAGGGAATTCTACGTCGAACCGCAGCCTCTGACAATTAAGTTTATTCATGGGTGCGGTATTATTAAACTGACCCTCAGTGCGGCCAATTGAACGTTGGCCGCAATGCTGCCACTCGAATTGGATACCTTCGGGGAATAAGGTTGACGTGAATCTGCGACACAACGCTGCTGGATTTCTATGCAGTTCCCATTGCAACGTACCGTCTTCTCTCGTTCTGCACTAGTATTAACTGGCAGCGACAAATCCCCTCGACCCACACGACTCAGTGATGGTGCACAGACGCCGGCTCTGTGGGACGGGTGCCCCCCCTGCTTGCGGGCAGTCGTAGATATATTTAAGTAAGCAATGCGTGGTCTTAAGGACCAAGCCCGATTTATCATCTGTGGAGACCCCAACAGACAGGGCATCTGAGGTTATAGGCGATGAACCTCACTACGTCATTGTTTCATTATCCCCTTGTTTCCCTTCTCTCCTGATTTGTTTGTCCGGATTGTTGAGCCGTGCAACCATGGGGTATGTCTATCTAATAGGCGAATTCTGTAGGCTTATACCCATGGTACTCCGCAGTGCTTCTTTTTGGGGCCGACTTACTGGTACCCCCTGACGAATTGACTGATCCAATATGACAGATTAGTAAAGGAATATCTGCTATCACGACACTCTTTTGGGTACATCAGCCAAGTAATTAGTGGCGTACTTGGCAAATTACAGACCAAAGGGTCTCAGTAATGACTGCTACCCCGGACTCGGTAGGATCCTGACAGGTTTGGCACCTGGCATTTAAGCTTCGCCACGTATCTCGAGTGTGCCCCTCCACCCTTGGATCGGC,1624,49.26,Mus musculus
SEQ_979761,GTTTGGAGGAACGCGGCTACAAGTGAAATGAGAGGTTAGAGTCTAAGCCGGCAAATAAACTGGGACTTTAGCACGTAGAGCCCTCGCAGACACTGTCGATGTTGTGAACACACTACACTTCTGGCCAGCTTCCCTAGCGAACCCGGAGCCGTAGTCCTCAGTTAGGAGATAATGCCAAATCGCCTTAGTCTAACTTATGTCCGGATTCGCGAAGTACCCCTGTTGTGAGCGGCACACATACTTGCTTTAGCCCACTTCGAGTACGTACCTCGCGTAACACCCATTTGTTGCCAGCAACTGACTATGGTAGCAGTTAACTGCTAGAGCGCTGCTGAAAGAGCATAGCGGAACGCACCCATTCCGTTGCTTAGTCCGGGCGTACATGAGCCAGAAGTCGATTTTGACATGTTTACTCGATGGCTATCCCGTGAACGAAAGGAAGGCAGACTGAACAATCGGATGCAGGCAGATCAACTCTGTTTGGAACTCCATAGTGAAGTCACCGTTTGTCGTGGTCACATCGGTGGCTACTGTGACTTGGGAGTTCATCGTGCGTCTAGGCCACCACACGCGCCTTGACTTCGCCGCCGGTTTAACTTACCAGCTCCGGGGAGGATTACGACAGCCGCGTCCCATACCTGGCGATCTTTAGTACGCATCACTAAAGTTGGTCTCATACACCGCTGCTTTTGGCCTCTCGCACCTATCACGCAGCCCCCATGGGTCATTACTCTCGTGTGACGGGCCCTCGCTGACATGAGGGAAAGTGATCCGGCTAACCGGGCACAACTGAAGATCTGGCTTTTAAGGCTTCCCACACCTGCTGTATGGTACCAACTTTTTGTTAACCGTCTGGTCCACCATGCGCTCCCGTGACTAAGAACCGTGGCAGCAGAGGGGCATTGTGTAGCTAACCCAGCATGGAATGGCTGGATAGTCCTTTTTCCAGCATCGCGAATAATGAGCATGATACTCACACCCATCTGAGACGTATGAAAAGGAAAAGTACTGGGCATTGAAGGGGATAGAAATACAACGCATCCTTATCTCGTCAGACCAGTGTTATCTCTGGTCGATACCGCGAGGGGTATCAAAAATTGCTGGGTTGGGCCGAACCACGGTTATGCAGGGTTCAGTTGTTTATTCGGGGAGGCACCTCCGGATGGCGTACTAGAGATACCGGAGCAGTACCTCTACCATGCCACGGTAAGTGAATGTATACTGTCTCACAAAGGCAATCGGTGAGGGCTTGGTAGCCTAATCGTGCGATTAATCTCGCTGTCGCGTGGAGCCGCGACACATGTTGGTGA,1310,51.91,Arabidopsis thaliana
SEQ_665827,TCGCACCAGGGATTCCAGGCCCAATTACAGGCCTGGTCTATCGTGTTATTACGTGATCGGGAGTCCCACGCAAATGTTGCCGACATGATCCTCCCCACCAGAGCCCGTGTAACTGTGTTAAGCACACCTGCGGTTCAACCGCGGCGCTTACTCTGGTAGGTTGGCGCGAGGGATGACTGCACGCAACTACCCGATGCCTCGGCCTGCTGCTATCTCAGTCAAAACGCGTCCTTGACTTGGAAAATGTCGTCCGATCCTGTGAAAGTCCAATATAAAGCGTACTAACCCTCCAGTTGTTGTCTATCACGAACCAGTTGGAATAATTGATACTCAAGATTAAAACTCCACGTCGGTACCCCTCACCGAACTGCATCCTTTGCAGCTATAGCATGTTGTGGCAGTTTTAAACCCTCTCCTCGCACGAATTCTAAAAGAGCTTTATGCATGAGACACCGCGGGCGGGCTTCCAGGTACCGGGGGCAACTATTCCTTCAAGTCACTCCCCGATGTTATCTTCCCATTAGGAACCTCTGATTCGTTTCGCATAACTGCGAGCGCCTGGCACTTTAAGTTACGCTACGATAGACAACTGTTTACCAGACCCTGAGAGTGCGGAACTATGGAGGGTCGACATTAGTTTGGCAATCATCGAATATTCACAGAACCCCTTCTGGAGTTAAGACTTTTAGATTAAAGGCATTATGAATAATATGACAAGGTTTGCCCTGAGGGCTCACTCATCCCGAATGGGCCGCTCCTCGACTTTACTGCCTGTGGGTTGAGCCATGAGCCAATTATATCATTCGGTCTGTCTACCTTTCCAGTGGAACCTAGAGCCCGGGAATCAGTTGCAGGACCAGTTTCGCGCCTGGTTTGCCAAACTTGCAATCCGTTCAGAATTCGATCAAGTTCTTCTGCACCCTCCTTTTGTCTAAGGGGAACCCCAACCTAGACTGATAGCCCCTAGGTGTGCGCGTCGGGCGGCTAATCTTAGTAAGTCTTAGGAGGACATTTAGATTATATCTACTACTGACCTCACTCGGGACAGAACACTTCGATTCATTATGCGAGGGACGCTAACGTTTCTATC,1090,49.63,Drosophila melanogaster
SEQ_352523,GCGCCTATACATTCAGGCCAGGTTGTTTTCGGCCCGCCGATATCAACCCGTAGGGCATCCTCAGCTTGGTGTAGGAACATAATTCAGTACGTCCATGCCGCCGCGGCGACATATTCTGAGCCGTAGACAGAGACACGCGCGCGGCCGATCTGGCATAAGCCTAGGGGGCAACTAGTAACCACTCGTCACGCCGTCGGAGTCGATAACGTTCTCTAGTGTCGATCGTCAGATTTTACCAGGGCCGCAACGGGGCGAGTGGACGGTAATGGAGATATTTTGAGAGCACGATTTTGGAATATGGTGGAGCCATCAGGTACATTACATGCGAGCAAACCTGCCATTCGTTCGTTCTACTTTCG,359,53.76,Mus musculus
SEQ_461187,TGTATGCGTATGCCTAGAACTGTGGAGCGGAAGGCGCAACCGCGAAATGTTTTGCCTCTGGCCGGATGGGTGGCATTGATCGGAACAGGCTTCAGCACGTGTCGTGGCAAACGTCCTCGTCAATTCGCTGCGTTTGCCGTTTGAGCCTTCAAAGAATTGGCTAAGCCATATGGGTAACTTGGCGTCACGTCCTCTTAGGATTCAGCCGTAGCTCCTACATCATTCTAAATTTGTCATTTTCGAAATAATACGTATACTGCTGTTACGTTACCATTGTCCAAATCAAACTTACACAGTGTACCGCGGCTTGATCCAGACGAGCATATAGGTGAGCCGTTCCAAGGGCCGTCCTCCGCGCCCTAAAGTACTAGAAGAGCTTCCGCTACTATGCATTGGACGCATCCGAATGGCACAATCTTGATGCTCCTAGTGACGCGCGGGGTCATCCCTTTGGGCCGGTCGTTAATGGGGTAGCTTTCCGCCCGTGTAGGTTGACGCAGCACCGTGCTACTTAGTATAGAACAACGGCGACCGAGAGTGTTTTGCTTGTACCCGTGACGTGTAGACACGTATCCATCGCAAACGAATCTAGATTGCGAGCAGACGTCACCTAGAGGGCTATGCCGAGTTTTAGGCGCCCTTATGCCCATTGTATCTAATTATAAAGAACCCGGCCGGAAAACATTGATTCATCCACGGGCAGCTTGCAATTCGGAGGTTTACGAGGCTTGAGGGGGAGTACGTTACATATATACCCCGCATTCCGTCTCCATGTCACCGGCCGCCGTCCGACAATTATGACGTTGGAACCGCTTCTGGATAATATAATAGGACATGTCACTCGGCGAGGAGAAGAGTGATGGGTTCAGTTCGCAAGTGTAAACGCTTAAACACTATCCCCTTGAGGTGACATAAACAACTGAATCCGAAGGATGGTTCTTTGATCTAAGGGGAACGGAACTTAATTGTGCCGTACCCAGTTCATGCTCCCTTTATTATCGCCCCGTGTGCACTGAGACTGGGCTCATCGCGACCTCTCTAATGGAAACTGTAGTCAGTGCGGCGCTGTTTAGCTATGATTGAGGTAAGTGGCTGCTAAAGCCGACCATGCTTCGTCAATTTACTGCTAAAACGTTATCCTACGCAGCGTAGGGCTCAATATTC,1164,50.0,Homo sapiens
SEQ_138627,ACGGAATACCGTCAGCAGGGAGGTGACATCTTCGTGCGTGCGGGGCGTGCTACTGATACGCGTATCCTGACCGTTGGTCGTTAAATCTCCCCTAGACCCTAACATGAGAAGGTCACGAAAGAGATTTGCCAACTGCTGGTGTACGGTTAAGGCCGCTATATAAATGCTGTCGCATGTTCGGGTCATTCGTGAAGATCCGCGGCAAATCGCCTGGTATTATCGTAATTTAGACAGTTTATACTTGATCACCCATGCCATTGTTGTATTCACGTATGACTCCAGGACGTCAGATCTCCGACATGCGCATAGGCGGTAGCACAGCCCTCCTTTAGGAATTACACTCACTAACCCGACGGCCCGACTAGGACGTAAAGTCCTTAGGAACCATATGAACCTCCGCATCAGGTACCCCTGACTGGTTGCTCCTCAACCTCTCCCTATTTCCTCTATGCAGGCTCGCCATTCTCCGAGCCCCAGATCGTAACCAGAACGCGAGGGCGATGTCATGACTCTTAACCAAGGTAACGTAAAAACTTGTTTCCCAGCCAAGCCTTTTACAAGTGACCCACCTAATTGGGACCAGCTAGGCTGAAGGGATGCACAGGCAAACGGTCTTGGATTTCGCAAGGGGTTAGATCCTTCGAGTAACCCTAGGAGGGGCTCTCGCTAATTGGACAGCCCCCCACCCCCACCAGGTCACTACTAACACCGTTCCCGATGGTCGTAGAGGGCCAGTAGCCCACGAGCGGGATCCTTCTAGAGTTAACCTCTGGAGCGGGCTAGATGCGTCAGCTGCGGAAGTGGCCACGTGGCGTCAGCCACATTCATAAGCCTACCACACAGTACCTTCATGCGCCGTGATGCATGTTCGCCTTTGGTAGTGCTTGTGTTAATTCATGGAAATTCCTCCAGAGAACCCCTATTGTTTTTGGCAAGGTTATGCACTTAAACCCCGCCATGCTACTATACGCGGCTGTTTATACGATGCCACCCTGACGATTCACGGATGTAAAAGCGGTCAAAGTATCTGCCATGGTCCTGATAAACCTAAAAGCACCCTGGTGACGAGCGTATTTGTAGCAATCAGGGCCAACCCACCTCGGATCGTCTCGCTATGCATTAGAGTACAAAGAGCCGCCTCTGCCTACGTAAAAACCGCGCGACAAGGGACAAAAGGTTAGCCGGGTTTCAGGAACCGGTAATTGAGACCAGAGCGTTAGAGTGTGTCCCGCCATTCAACCCCCAACGAACGTATGCTGTCTATCCCGTCCCCCAGCATGTGCGAAGCACGAGCTTTTCAGGAACACAAACCGCGCGCTTACGCATTAGGTGCGCATCCGCACGCGGAGGGCTGCCATGGTAATTACCGTATGAGATTGAATCACGGCTCCGTCTCGGGGACCATGTGACGCTTGCTGGGCAAACAAAACGGCCATAATTAAGGTTCGGCTCCGCGTCACACATGTCTTGGGGGGGGCAGTGATTGGTCAGCTATTATACAGCATCGGGCATAGTCTACGTATTGGGTGGAGTAAACGGGTGTAGTGTTCCAAGGTCAGACTCCTAACGCCACGCGA,1577,52.63,Arabidopsis thaliana
SEQ_766956,GATAGTAGATGTCGGCCGTGAAATGTATCGAAACAGGGTCGTTGCTTTAGGGATCCGTAAGACTTCCTTCGATGCGCAAGGCCTGTCTTTGCGCGTACCTCCGAGGCGAGCAGGACTTAGGCATTGTGCCACGATCTCAGTTAATGCCATCTGGACTCGCAGGTCGCATTGCGTCAGCTGAATCCGCATATCTTCGTTTTTTGGGGTTTCGGTCATATATTCGACATTCAGAAGGTATCAGATTCTTAATTTTACCACTGTAAAGCTGGCCGAATTTTAATCCGGAAGAATACGGCCAACTGCGTTCATTAGACGCCGAAATTGCCACAAAAAAGGACATCCCGGGTCCCTACCCCCGGTGTTACTTAATGATGTAAACATCTTGATCGACTCACTGATACCTTGGGTATTGGCGTACCACCTTTTAAATGCCAGCGCCACCTGTTAGGCGAAGGTAACCTACACGGCGTATCGCCCGTCCCAAGCCGCGGAGGAACGTAGTCTTCGTCTGAAAAGTGTCATCTACGTTGGTCGTAGAAACTCGTGGCACCTTCGCTCGAACAGCTTTCACCGCTCTCTCTGGTGCACCTATAGGTGCGGTGTGACGAACACGGTCATTCACTTTGACGGTGTGTGAAATACCCCGTAGTAACAGCTGACATCTATTGAGGGGACAGTCCAGTTTGCTCGACGCTCTCCGAACCAGCTACGTTTTGATATTGATTCGAGGAACTGGCTGAACACAAATGGATCCGCCGAGCGTTGTGCTTGCTACAGTAAGAGAAAAACATTGATGAACGTCTTGTCTGATGCAAGCGCATCCGAGGGTGAAGCTTGGATGATCGGCCGTAAGAACGCTTTCAACCAGGACATGAACCGCGTATCGCGGCAATTAATGTTTTGGCAGCGGGCAAAAGTTCGCATCGCCCTCCAAAAATTTCCTCGATTCCTAGCGAGGGCTTTAGACATGACTCAATCAACTCATGTGACTAAAGCGCCTTTGGACTTCAAGCGGGAAAGTTTTAGGATCGTAGTCAGCATGTGCTCGTATTCCTCCACACTGTCTCCAATTAAGTCATAAGCATGTCTACTAGACGCCTACGACCATACTCGCACGTATGCAGTAGGGCCTGTAACACTAAGGCTCGTCCTTGTTCGGAGCCGGATAAGGCGGATGCGGGGTTGAAGAAGGAACATTTCTCCGGCAGGTTAAGACGAATGTGGGGGTCCGGCGGAACAAGGGTTGACTGTTAGGCATGCCCTAGACCATTGTTAACTAGGGTTACCCTGTCACGATCACGGGTATCCGCGACTCAACCTGACCTTATGCGGTCAGTGAACATAACTGTTAACTGCATGACAACAAAAGATAGTTCCGGTGTAAGGCCACGCGCTCAACGTTATGCAGTTCATAAGCGACAGGCCATCAACTCGGTTTACGACCCCAGGAAGTGCGTCTGATCGGCTAAGGTTCCGCAGATTGACGAGAATGCACAGCTTTAGATTCGGGGGTTTTGCAGTCATAGCGATTTGTGCTATTAGGAAGGCATGAGTGTGGATCAACGCAAGGTGAATAGTTTGCACAGCTAGAGGCGAGTGAGAAAGGAGTGATCACTTCTTTATAGGCTGCAGTTACACCGAGGGGGAAGTTTTTATAGAGCTGCGCGGTAGGGCTACAGTCCAGCCGTATACCGACGCGCGCCGTGCTACCACGGGCAATACCTGGGACTTGAGTATTAACGTCAGGCGCCCGTTCTCATGAGGGCACCCCTTCCCTACCAGACTATCCGTAGAGACTGATGGGGACAACGCACGTCGACGGGTCCCTAAGTAGTACTGCCTATTCTCGCAGTCAAATAAGTTTGGGGAAGTA,1873,50.4,Saccharomyces cerevisiae
SEQ_939264,GAGGCTGCTACCTAACAGAGCGTTGGCACTCGTCCTCGACTTGGCGGGTGCCAGGCGTATATACCTGAACCCTGTACGTTGTCAAGCAGGCTCTAACAACTACAGGGTTAAAGATGTTTGAACTGGATGACCCGACTCTTGCATATAAGGAGGGGTGTAACCGGCATTCGTGATGTTTCTAGCGCCTTCGCATTTTGCCAGGACAACTGTGCCATCGCGTTTGTCTGAGCTGTGATCTGGTTCCCATTTGAGTCTTGGCGTATGGGAACGCCATAATCG,279,51.61,Escherichia coli
SEQ_887400,TTCTTGACTCTAATCATAACATGGTGGGAGGGTCTTATGTATATCCATAATGCCCAGGAGGCATCCGCGCGTGGCTCAATACACCTGCTTATATACACAAACCTTATTTCCCAGATGGTTGAGCAGGTGCGCGTAGCTAACGAACTAGTGGCTATCTGGCGGCGCTGATAACACTAGGGTGCACAGAGTCGATTGCCCCGTGCTGTTAAACGTATTCACAGCTGATACGTGGAAACGTATGGACGTCGGGCGTCATCGGGATGGTGAGTATGCCCACCGCGTTAACTAATCCCATAGGGAATAATGTTCGGCAGCGACCCTGTGGCATTCCCGAGTTACCCATAAAAGACGCATCAGAGAGAGCGCGGTTGGACGTCAGTAACCCTCTGTTCTACATTTCGCTTGTAGAATAGACATTTCAGGTGCAAAAGTCCCACGATGACCTCTGTCAGAACGACTACGCAAGATATGGAAGGGCCTGGCGCATGTGCTCCGTACGTAGAGGGTCAGATTGGTCTGTTGACGGCGACATTGGTGCTAGGCGGGACCACTCGTAGAATTACAAACCGACATCTTTACCCACAATCTAGCCTCTCCGAATTCTCCTATCGTTAGGGCCCTCGAAAGAGGCTTACACCCTCCGTGGACTAGATTAAAGTATAATGGTCGCTCTCTTTACGGGAGACAAGGCTACCAGCCACGTCCCTGATTCGCCAGGAAAACTACCGCGAGCGCGTCCGTTTTGATGGGTACCTTGTACAAGCCGCTCAATCAAGTCACGAGACGATGTGACTTGTACGTGATAACTGCAGTGTTTTTGGGCCAAAACCTCGCTGGATCTTCATGAACTCGCAGGGCCCTACGGTGGCTCTCGACGTTGGGATGAATTAGATTAGAGCTTGGCCGATGCAAGCCTCATGATTTGGTGCCCCACGTCGATAAGCAACCGACTTTCGGTTGCCCTTCTGGCATATAACGCGCCACCCCAGGGGCAGGGAAGAAGCGGTACCCTAACTGTACACTTTAGTTTATTTCCATAGTCCTACCTTTACGCTTATTTCGGTTCACTGAAACCACATCGTCACACAGATTTGAACGCCGGTCTACTGACTGGATATATACAAACCATTGAGTCCCAGCCAAGAGCTGGAGCACATGTCGCAAAGATAATTCAAGCAGGCCTATGTTGTACAGCAGGGTTTCGAATTCTGCTTTCAACTGCTAGCTACGGTTCCAAGACGAGCAGTGCCCTCCCGTGTTAGGATGTGCGGTTAGTCGGACAAGACTAACTTCTGGGTTAGCACTACGCAAGGTTCATCGGTGTCCCTGATCTATGGCGCCGGGTCTTGCATCACGATGCGGTGTTTTTTGTTGAGGTTCCATTCGCGTCCTCAATTCCCCGAGATGATGGACTCCCCATTAACTAGAAATTTCTCCAGACCGGTCGGTCGAACCCTCCGAGCACCATAGGCTCGGGGTATATGGGATCACCCGAAGAGACCTAACGGG,1509,51.03,Homo sapiens
SEQ_781481,GAGATCGAGGGATGTTTTATTTGGTCCACGTACCGGCTGGAGAAGTCGTGTTTAACCACCGGTGACTGACGAATGCACATATGGGCGCACGGGCACGTCAAATGCCTTAAGCGAAACAGATCGGGATAGGGGATAACAATGACAGCTAACCGAGCTCATACGTTCTTGCGAGCGACCGAAGAAGATACGTCAGGATTCTGTACGCCGCACGGTCAGGGATTCGCTAAGATTCGGTAGGCAATCAAAAATAGTTACATGCCATTTTCCGAGTGAACCCATGCTCCTCACAGGTACGGGACATACGCCTACTACCCCTACCCATCAAACTATTCGCATACATTTTATGATGTGGACCGCACTTGCAAGCGCGTATATAGAGACAAGAAATACCATTTGTTGAACATGAAGCAGCCGTTCTCTCATCAAGGCGCAATTGGTAGCGGGGGCACCGGCATGCTGTTCACCAGCACCCTAGGGACTTATTCCTCAATAACTGGTCACCAGATCTAGCGCTGACACCGTCTCTGAGCAGCTCATACGTAAGGAGAGGCCGACTGGTATCTGCGGGAAGATTTGTGTGCTATCTTGACACCACTTACTAGGTCCCTACATGTCGCGTATAAGATATGTTTGGACAGTGTAGCAATTAGACGATACCGTCTTGTCAGCGACCGCCGGTTCTAGTAGTCCGCCCAACTAACGATATGCACCTTAGTTATATCGACTGTCGAAGAAGTCTCAGGACTGATAGACAC,755,49.4,Escherichia coli
SEQ_737208,TTATCCTTGACCTGGCAGAGGGCCACGTTAGAAAGTCAAGTGCATTATTGGCGAGAAAGAACTAAGCAGGGCTAGGTATTTTTTCACGACGAATCTTAGTCATAGTGCACGCTCGACTACGAGAGTCTAATTGGAGTAATCCTATCCCCGGGAAAGCGGCGTCCTCTAATATCCATTTACGGATACAGCTACAAAGCAGTCTCTCGACTATCGTGTAATTATGCATGGCACGGCTTAGCGGCATTTGTATTGCTAGTAGCGACCCAACCATATACATGATGGCATTATGAAATTCGGTCCGGGTCCACACAGTACACGTAACCTTGAGATAGCCCATCGTAAAATCATGAAACGCTGCAAAAACTACCAAGTAGATTTTGCTCTGGTCCAGTGACACGATGCGGTACCACTCAATGATGCAACTTCCCTAACGATCTATTAATAAATGCCCACTTCATATATATCCGCACGTTCCAGTCCTACTGGTTCATCCTTGGACCACTCGTTCTCCATGCTTGTTGAAAATGGTATCCCTATGTCTCATGAT,547,44.97,Drosophila melanogaster
SEQ_185403,CCATTTATATGAATTGAGTCCGCAACCCGGCTAACCACTGCTGATTGACGGTTGTGGGTGGGAACAACCAGGGAGGAGACTGCCTCAGCCTTGTTGTTCAGCAACCATTACCCCTATATCAAGGGTGCTTACTTAACTGCACGCCCAGTGTAACTAACATTGGCCACGATCTACCATTGAATTCGTGGCATTATGTCATGAGAATCAGCCATCCGCATCAACAATGGACTTACAACCTTAACGTGGCGAACGACCTAAAGGAATACATTTTGTACTTCTGGAGACATGTAACCGGCTAGCTTATTCGTCTCACACACAGGCAAATGGCGTCATATAACGGAGTCTCCTGGTCGTACTCTCTCGGAACCTGTCTCGTATATACCAGTATTAGGCCCACACTCTCCTCTGTCCATTAAATCGCAACAGGACTTTCAATAGACAGCTGATGAATGCGGCACGCACCGGTCCCGCCATCCGATCACGTGCACACGTAGCTTAAGACTCTCACAGAAATAAGATGGCGGCAGTCCAACACGAGCTCTCATTGCACGGGCTCCACTGCCTTTTCGTTTCGCTGTGAAAGCGGCCACCAGGAAAAAACTACGATGCTTAATGTATGGCTAACTGGCCGTTGTCTCGCGAGACCTCGCCGGCCACCCTTCGAAACCTAGAGTAATGCTGTCAATGGTCTCGAAGTTATGAAGGTCGCCCGGACATTGGGAGTTCTACGTACGAAGATTGCCCTGCCAGGCTGAGGTGATCCGTTCCCCTGTACGTGTAACACTTCGTCACACTCGTTGGGGTTTACGCGACCTTAGATACCCGCCCTCCACCCGATGGTTAGCCCAATAATCAAAAAACACCGCATGCGCGATGTCATAAAGTTGTTGCTAGTGAATGGCGTGTAACCTCACGCGCACGTAGCGCCTCGGATAGTCATCGTCGTGGAGATCAAAAGCTAGCCGTGAAAATTCAAAGACTATTTCTGCCATACACAACTTAAAGCAAATTGGTTCCCCTTTTAGCAGCGAGCCGCGGCTTGTGTAGG,1048,50.1,Arabidopsis thaliana
SEQ_878846,GACACTCTCCACGCCAAGCAAACCTGCCAGCCTCCCCGCCGAAAATACATAGTGGGCCGACGAGTTAGAAGGCGGTGAAAGCGTCAGATCTGAGCGCGGGAAGCCTGAGGACAGGCAGCACCAGCACCCCATCTGCAAGCAGTGAGAAGGTATGGGTGTTGAGCGGGGTAACTTGAGCTTATTTGATTTGAATCTGTCCTCTAC,204,55.39,Escherichia coli
SEQ_569357,CTCACACATCAGACCCATAAAGTTGGAAAAAGCCCTCCCAAAGGACTGGCCCTACGGAAATAGAACACTTTTAGAACTGCCCCAATGACCTCCTTCGTGTTTCACGCATTCGCGGTGTAACAAACTTCTGTATCGCAGTGTCACCACCATTTCATACGACACGCTCCGCTATATGAAAGAACCTAACGCAATATCCTTCGAAACCAGTAGAGATGCAGTGCGTTGATTCAAGACGCTTATACACACTCAAGGTGCAACCACCCACCTTCACGTCCTTGAAGCATGGGCAGTTACTTCTCCGTCGCAATGGAACGTTTTGCAATGTGGGCAATTCTGTAGAACGTGAGCTGTGTGAAAGGGGCATACCTGCAAGGCGAGCGGAACTTCGGCGCATGCTTCCTCCGTGTCGGTATAGAAGTAACGCATAGACCCCGGTGGTATAAAAGTGCGAAAGGGTTCGGGATGAATCGCACCCCTTGAGGCACGATTCGCTCTGCCCGCCGGAACTCAGATATGCCAGCACCCGATATCTGTCGCTTGCTCCATCTTTCCGAGTCTCCGCACACGTAGAGCGTCGAGCGTTTGGCCAACAGGAAGCCCGTACTCGGGCACCCTCCGATCGTCCAACCACCCTACTGCCATTTAGTGGACAACATGCAGCTAACTAAAAGGCGGCTGACAGCCAAGTCGCTGCCCTCGTACGTCTACCATCAGACATGCGACGACGTTGAGTCCGCCCTCCTACCTTTGACTGTATCGGACGCGCTAAGTCCACCGCTACTTGCCTCTGCGCGAATCCTCCTTACGCGCCAAGCAGCAGTATTTGCTAATCCCCCCCGCTACTTTGCAGACGGACACGTGAAGCGTGCGCTAGTGATGAACCTCGATCAACTTCGAAATGCCTACTAGTGATGTCATACGAGTTGCAACGAGGTCCTACATATGTTTAGTGATTCGCCGCGGTAAACTTATCAGGGTTACCCACCCAATCAAGTTATCCAGACCTGCAAACTGTGACGAGTTGTCACGTCTACCATCGTATTTACAAAGCGAATAATCGGAAACCGTCCCTCCGCATCCTCGTCTGTGGCCTCTTGGCCATCATATAGTCATCCTGGGACAAAGCTGAGTACCCTGGGTGCAGACGTGAG,1151,52.22,Escherichia coli
SEQ_330000,GAGCGGTACCGCATCAACCAGCGCAAGTGCACGCAGCGGATGAGCGGAGATAAATTGTAACCGAGCGAGCACCTTTACTATATCCTGCTTCATATTTGGGGTTCCGACTCAGCCGAGCGTTAAAGATACTCGACTCCGTCAACTACTCCCAGAATTTGTGCAAATATTCCGTCATAGCCTTTAGCATTAGTTAGGGGAGGACGTCCGCGCTGCTAGAGACAGGGGGAAATAGGGAACCCTAGCCGTCCAGAGCCATTGCTCATGCCTTTACGGGACTAATCTGGTGCTGGTAGCTTCTTGGGCGAACCTTAGATCGCATGTTAGACACTTTGGCATCAATTGATATAGCCTTACGGCTCAAACTTATACAAAAGTGACTGAAGCTTTTACAACCGGCCCTAGCTCGAGCGCGATGCGGACTCGATCTCTGTTACCTCATCCTGAGGCTTGCTACGAAAGTGCACTGGTAGGACTACCGTCGAATTCACGTCTCATGTAATGAGCGTACTGCTGCAGTCGGTTTAAGGCGATTAGGACGTACTGCTACGCATTAGTTAGAGGGTGCGTGAAAGACTTATGTCTGCATACTGTCTTCTTACAACTGTAAGGAGTCTTCCCTCTTAACACTCGTCGTGAGGGCCAGTGAACCCTCCACTATGGGCCATTTTAGAGGCCGAAATCTATTAACGCTAGGGTGAAATATCTTCTAAGTCCGCTGCCTTCCTCAAATCTAGCAGGATGATCCTCGTAGTTATTTCGCGGCCCTATGGCTTCCCTACCTCAGGGCGCGCTCCTGAGACAGATCGTTACCCATCTGTTGAGTTACGGGGTGTAGACTAGAAGTGCATAAACGGCCCCATTAAGAAGACGACCGGGTCTTTGTACACTCATAAAGAGACGTCGGCGGGACAATCTAAAAACTTTCAGAATCGAGCCATATGTAGCGCTGGGGCTATGTCACATCGTTCGCCTTAGTCATCAAATTACCCCAGAGGCCTTCCTCACATTTCTCTCCCTTGAGTCAATCGGTATTCGGAGACCCCTGCCCCCGACAGAGGCGACGAGGTGCTCATAGTCCCGTTTTGGTTCACACAAAGGACTATTCATTAGTCTGTCCAACGGCCACCGATGTGCCTGATTTAGGATCTGACCATAGAGCACCCTAACTTACAGATAGTATCCCTGAAGTGCTAGCGGCTCTTCGAATAATATGGGGATTTAGTCAGTCTTCCCGTGTCCCCGGGCTCTAAGAGATAGCACTCCGACCAAAGAATTTAGACCGGGAACTTTTGAGGACCCTCGGGTAGTTAGTTTCTTTCCGAATATTTGGTCAACTAGTCTTCTTTCGCATAAGGAAAAGCAATCACTGTGCCGCATCGCCGCATCGGTATCACTAATATATATGGTATTCGGGAGCCCCTTTTTGTCCGGTCGGTGTCGTGTACGGCACAGACCTGTACCACTTGTATGTTGTGTCGTATTTATGGAGGCGTGTTGGTGACTACCGAAAAATGGTCACGTTTCGTGAGCGCAGGCTGTGCAGAACAGCTCGATCTAGGGCGCCTTTATAGGATCGGACAAATGGGGCTCATGAGTCGTCTTTACATGCAAATTCTTCGAGAGACAAGGGCTTCTCCCGAGACCGGTAGAAACAACCAAAAATCTGTACGGTTTACAGAGGATAGCGCAAGGGCAAGTTCGGCTTGTTTTGGCTCTCCCTCTGTCAATTCCCAACTAAATATCCCTGCAGAAAACACTCAGGGACGCAGTAGTTGATAAGAGACGACTCCGTCGTGCTTTCCGTAG,1806,49.39,Mus musculus
SEQ_711007,CCCTGCTAAACGCCTCAGCCTCTGGCAGATCACGTACATGGAATTTGCCCCGCAAGCGTGACGTGCCTCTTTGACGCTGATTCGTAAAAAGAGATATGGCGTTAGTCTAAAGACACACGTCGTCGAATGAATTTTATTACCTCGGCCGTTTGTTCTACTATTACAAGGGAGCAGTTCATGCCTATACGCGATATTGCGGTGGTAGATGACGGTTCCAGTCCGAGTCAAGCTCAAGTCCTACACCGGGAGCGAAGTGCCTTGGCGTCAAAGTAGGATGGATTGGTTCGTTTCCGTGTGCCGCGGACCTGGTAATCGGAGATCATTCGGGGAATACCGAGTGAACTGCTTTAGAGGTAACTTGGGCTCGGTCCAAAGGCGATAGGCTTCCAAAACTCCAATACTCCTTAGCGTGCCATTGAGGGAGATTTGTGTTACTAAACGGTCCCATTCATCAACATAGAAGTGCAGGCGGGACTTGGCCTGTTTCGTATGCTGTCTACTGTGATATCCGTAAGATCATACGGGTGTAAAGATGGGGGCTCATGTAGCCTCTATTCTTTATCTATTGAAACATATTGCCGATGTCCGAGAAGTGCCTTGCATTGCCATTTGTATCTGTCTCCACTTGGCAGCACACCCATGTGCATTTCAGTACCGTTGATCTGACAGTCCGTCCCACCTGTTTTCTAGAGGCCGCATGGAGGCAAGCGCCGGCCCACTCCTTTCTACACTCACCTGACAGGCCGCTGTGACGCTCAGTATGGAGGCTATCCTTTCCATCCCGCCGCTCCGGACACTAGGGCTGAGTCATACTACCATCTCGTACTGAACCTGGGGTAAACCTAGATGGTATATAGAGTCCGATCCAGACCCATGAAATTTTATTAGTGAACGGGCTGAAAGGGTGGAATATAGTCCAGGGACGCCGGACTATTCGATGCTCCCGCCGTTTTCTATGGGAGCAGTATGCAGCTTCGGGATCTTAGGGACTCGACACTAGTTCAATCAGGTGGTAAGTTCCGGTCCGTCCTGTAAGTCATCAATCGCGCCAACGCGACGTAGCCAACGGTGTTTGGTCCCCATGGCAAAGAACAATTCGACGGTTGCGTTGCGATCTTATGGCACGCGACATACTAAAAGGTCCGTTGAGAAGCAGAACCCGAATGTTCGGTCATTATTGCATTCTTTGGCTTCTCTTCATATTGCGGGCACATCTATAAATATAGGTCCCTAAAGCGTTTGTCC,1245,50.12,Saccharomyces cerevisiae
SEQ_140590,TGTATCGCGATTACGTTCTGGCGCCACCGCCACACCAGTTCTTTGGAACTACACCCTATAAGATGACTCGCAGCAGATGGACTCCGTAACGGTGTACTAGTCCTGATGGCATCCAACATAGGACCCTCCCTGAGTGAAACTCACATCCGCAAACGTACTTCGAACTCCATCCAAACAGAATCTCTGTTGAATAATACTACGACATGTACAAAGGGTCCGTTGTCGACATTTAATCTAGCCGCACGACAGCATCCGAGTTTACAGAATTTGCTTGAGGCGATATACCTGAAAATAGATTTCCGATGCCTCCCGTGATGACATCTATTTGCGGCTAGTGGAACCCTTGGCTAACACAATGAGCAAACGCGCAAAGTTCTTGGAATCTCACAACCGCACTCAAACTGGTGGACTCCGTGGTCCACAGGGAGTCTGCGTGATTGACCTGCAAAGGCCTCCAAAACACTAGGCACTGCCCAACAGGGAACCTGGTTTACGACTTAGGGTGCAAGTTCCCACGAAGGCGACACATAAGGGTCCTTCTGCGTGGTATGGAAAGATCAAGGCGGTAATAGAGCATCCAGCTCGTTGCGTGGCTCTTTTGCATGCCGTCAACGCATGTCCCCTGCTGAATTTGTCAGAACGACTTCAAGCCGATGCGGTGATGGACACGCGAGTTACTTATAATAGCGCCACTACCAGAAAGAGTGCGCAAGAACTTGTGACCTACGCCTTCAGTGCTCAGCGGAAGGGGCAAACATTCCAACAGTTGTGAGGTTGTCGAGATCAGGATGTGAAATACACAAGGGCGACCTATGGCAAAGATACCGTGTCGTCCCAACTCAAGGGTAACCAGGGGGCGTCGTGGACATCTAGTACTCCTTATACACACTAGAACACGGCGATGGCTGTCCTGGCAAGTGAGCGCCCGCCAACGCAAATCCACGGAGTATGGTTCGAGATGATATCAGCCGGACATCAACAATGGGCCTCTCTGCATAGAGTTATCATCTTTTGCTACGTTCTGAGATACATGATGCTTCAGCTGTCCCCCTATACGGTTGCATCCGGCACCGCTAAAGTTCACACTTGCCGAACAAAAGGAGACGGCGGTACGGGACGGTCCTTATATCTGACTTCGGGTGAGGCGTGTCTTTCTATACACTCGTCAATAAAGATGTCATGAGCTATTAATTAACTTGTTTCAACATTTTTTTTACTTTAAATAGCGGACCAGACCAATCTCGTTTTCCTGAATATATAAGTATGTTCGCAACTCGTCTGATGAGCCATTGCAAGCCGGTGCGATAATTAACTTGATTTGTAGCCAAAATCATACCGCCATATTATTCGGGAATATGATGAGCTCGCCTTAAGGACGTGGGTTGGCAACCCTTGTAGTATCTGCTGTGCGATAATAGGTACCCAACTGCTTTCGTCGACACTCCCTATCCCTAGAGACCGCCCTTTAAGCAACCTTAGGTATCCAGTAACTTGACATACCTGAGCTCCCGACCATCTCATCTAGTCCTTAGAACAACGAGATCGTACCAAGTCGGTCCAAGTGCGTGCCAAGCTACACCGATTTCAGTCCTTAGCATGGTGACGAGTTGCTTACCTATATGGTGCCATCTTCAAATTGTAGGAGCGAAGGTTTAGGATATTAGCCAAATACTAACACGCAGCGAGAAGACCGGGCATATCCGTAGGTCAACAACACATTATTCGTCCGGTTAAGGCCCGTGGCGGGGTACTCTCTGAACCCGTAAAGATTTCAGGTACAAAGCCGCTAGTAGGTAGGCTCTGAACGTAAGCAGGGGGTTGCTAGCCGCGTCTAGCGGAAAAGCAGGGAGTCTACTTCCCCAACCAGGACACAGGTAACCGAAG,1884,49.1,Escherichia coli
SEQ_627266,AGGGCGTAGCGATACTGGGACGAATGCGTCCGCTAGGGCTCTTAGAGCCATCATGGGTTTTTCTCAGATAGTCCTGTTGGGGTTACGATAGGCGGCCGATCCAAGGTCCACGCGACGTACTTCGCCATCGAATATCAATAGTACGAATCTCTCTGCCGAGCGCGGTGGTGCTCTTTTCGCTGCCCGATGTCGATCACCTACGTAATGTGAAACCATGTCACACATTTTATGGGAGGTGCATGCGTAGTATGGGACTTTTAGACACGCGCAGTCTTGATGCTCCCTTCGTTTAAAACATAATGAATCAACATTTCCTGTATCCGGAGCGAGGAGTGTGGATCAGCTCATTAGCTTTCGGAAAAAAGATAGACAGCTCTACATCGGTGCCGACGCCGTCAGAGAAAGATTAGAGTAAGTCAACGGTCAGTTTTCGATCTCAAGCGATCTCTTTCTCAGCTGGGATGATTTCCATGTTATAGGAAATGGTGTTTGCGAGGACACCGGTGCCATAAGTTTGATCCACTAACTTCGCGGTAAGTATTTGCAACGACCGATTAACTCCTTATCGGTCTAGAGGCTAAGACACTCGCAGAACGAGCCGAGACTGCGAGAGGCAAGTCAAGGAGGGACGCCTCTTGCTGGTTTCCAAGCGGGTAAATAACCATGCGCCTATAAGGTACGTGCTGATGATTCAGATTGTTACATCTTGGGCTACGTGGACG,722,49.31,Caenorhabditis elegans
SEQ_351626,GCTCGCTTTGATCCTTGGGCACGGGAGGATCCCCCACACGAGGAACTCGCCTCGCAGTCGCAATTCGCCGAGCGTATCAGGACGTTGAACATTAGGATGGGCGGTTTATTTTGGTGCGTAGCCAGACTGCCGGACGAGTTTCACCACGGTGCTCCTATAGCTTCGTAACCCGGGGTGGCACCCTAGCCCCACCAAATCGTGTGAACAATATACGTATAGGCGTCGCCATGCCCGTGCTGAAGAACATTGATATCCTGAGCGAGGACTGGGTAGGATAAGTTGGAGCTAAAATAAAGCACTACTTGTCGATTCCAATAATAGTGACGTCCCACTGTGCTTGGCCAATGCATGGTACCTCGCGGTTGCAAGACAACTTTGCTCCTAAAGAGTGGGTGCGAACGAATAGACTATAGGGAAGTACGTACAGTGATAGCTATGTCAACATTGCATGATTGACATACAAGGTGTGGGCTGCAAATATATACGGAAACAGCCCTATTCTGAGACCTCCTGTATTTCGACCAGCGGCGATGCTCACCCTCATCGAGCCGGTTGCTTAACACGCCGCA,569,51.67,Saccharomyces cerevisiae
SEQ_406481,AAAGCTTCAGAAATACCCACTCATCATAATGCGCTAGAGAGACTTGAGAAGGTCGGGTAATAAGGCTTGTTGACAGCGGTTCAAGAACTGTGAATCCTCACAGTTTAATCCGCGACAATGATGGATCACTCAACGGACTGTGACTTATATCCAATCGAGAGGCGCCCCACCAGTCCCCTTCGACTTGATTTAGACGCGATACCGCCCTTTCAAGTCACGTTGTACCCCTCATTTCCCAGTTATTATAGGTCTGTGAACGTCGGCAACAGGTCCTACCTCGATAACCGGGTCGTAGACATGTAGTATGAGGCTGCGGTTTGAAGCGCTGTTGTTGTGATAGCGTTGCACCAAAGACATGCTCACACTGGAGGTTATCTCCGGGTTAAGATTAGTAGACAGCGAAGCGGGTTATGTGACGTCTATATGGGATCCTGAATACTCGTTGCGGGTATTGCCCTAGCCCCTTCATGTTCGAGGG,478,48.95,Saccharomyces cerevisiae
SEQ_873685,GCGACGTTGGGCGCAACTCAGGGTCACCGTCCTGGGATGTTTGGGGACGATTGCGGCGACGTAGCATCAAAGCTATTTCTGAAGCAATTTCTGTAGGAATCTTGTTGCTTGTTACTACATGCACGCAGTGAAGAAGTAGCCACCCGTTTCTGCGGAAGTATGGTATAAAATTACACGAATCCCCGCACAATATCGTCACAATGAGATTGGGAAAGTCTTGGGGCCAAGGATGTTGGGTCGGCGCCCTTAATTGTCGTTTGCGTCGACAATATGTCTCTTAATCCATCATCTAACAAGCCAACGGAATTGGCCATGGGCGAGGTGTGGGGCGCCCAGAGGGCCGCTTGCCTTCGCTATCTAATACTGGTTTGTAGAGCGCTCAATCTTTTCTATGCCCACAAATGATTTCAGCAGGTCCTGTTAACTGCCAAGTGCCCCCGAATGTTCCTGTAGACAAAAGAGTTTAAACGGCAATACGAGTGCAGAGAACAAGACTTGAAATTTCCAGTCACTTACGTAGGGTTCGCGGGCTACCGAAATCATCCGGACGCACAGATACATCGACCCGCTTTGGATTTCCGTGCTTAATTTAGGACTCGCCACGCTCTGGCGACTTGATAAAGTGCGCGAAGCAGTGCCACTGCAAAAGAGGGTGAGACTGGAAGTACCTGCGATCCAGCCTTGTCCTCTAATTTACCGTAGCAATTAGTACACCATCCGATTCTTTCATACCTACATCTTAGTAGGGCATCGGGTTTTGCAGTGGCGCATTATTGTAGCATGCGGTTCGGTGACCTTGACCACATCCACCCCTGCGTTATCGGTTTCCCGTATCGTCAGGGCTAGGCTTCGACGACGGTCCTCCGGCTAAGCAGATCCCGTACATCCATGGACCACCTCCGGAGTACGGTCAGAAAGCGGACCTACACCCTCCGCCCAAGGCTGAAGTCTGGCTGTATCTTCTGCTAGTATGTCCCCCTCTATATTAAATAGCTAGGAAAGTATTGTATGTTCCGCGCGTACCTAGCTCCTACCGGTGCAAACGCCCTGCACTGACATATTTCAATACCGTAAGCGGACGCGCGGTACGACAAAAATGTTGAATCGAAATTCAATTAGAATGGCTTTTACTGGTACCGTAGAAGCTCGACTGCTTGTAATGTACTAGATTGAATTCATAGCGCTGGGTCTGATCCATCAGCTGTTGTAGGGTCGATTGCCCGGCGTTTAAACTGTCGTAACCTAGTGTATCTGGCTACCGTTCTTTTCACAATTACGATAATCGCGACTTTGCATTCTTTTACATTAGCTGGGACCTTTGGTGTACGGAACTTAGACATTAGCGACATAAACCGAGGGCGATAGAACAGCCATTGTTATCGGCCACTGAGGACTCTACTACACCCCCTTGCGTAGTGAGGTCAATTTCGTATGAAGACACTGCCCGGGGGTGTGGTTGTTTAAACGCGCTCTAATAATACTGTAAGGGGACACTCGGTGACACGCTACTGTTCGCCCGACTCATCCCTCCTTTGACGACGAGCTGAGACTACAGTTTCAATACGCTACACGAACTGACACCTCGTCGATGACATGCGCGTCGTAATGGTGGCTTACCATGTTTTGCAACGCACAACGCGCGGACGAAATTCTAAAATATTAACTTTGGAACTACGCTTAGAGAAATACGGGCAGAACTTCCTATGTAATCGAAGTACCCGAAGTGGAAGGGGATACGGCTGTGCAACTCCGTACTAGCTGGGAGATTAATAACAG,1776,49.16,Homo sapiens
SEQ_985047,CCAGCTTTTATCCGCTACCTAATATTCATATGCCCCGCAACTTCCCAAGGGCCTGCGCGGAGGTGACGTCCAGTCTCCCGTACTTACAGAGGTCAGACCCTGTCGCGCGCTTCGGCTATTGACTGCCTTCTATTAAGGCGTACCTGACTGCATGAAAAATCGGGAGTGGTGCTCGGATAAGCCACGTCGACATTAACAGGCACCTGTAGTGCGGCCGCTTTGCAGGCTTTGTACGGCCGTGCCCGACTTTGTATACACGCGGACTACGTGACCACGCGGATCGCTAAATTCACTTGTTTGTTCTCATTGGCTCGCTACAGTATAGACCAGAGGACAGGTATCATTCGGAGTCCAACTCTCCATAGATGACGTACATCCGCGGAACTCGATGCCCCGCCCGAATGTTTGCTACGCAATAGTAGTGGAGAGCCCCGAATCAGACTTATTTTGTCTGATCTTTTACCTTCGTGCAGGACAATAGTATCTCATGAACCTTATGGGGGTTCCATGTAACCAGATCTTTTACTTGCCACGCTCACACAAAAAACCTAATGGATATAAAGCAAAAACGGTCCCTCGACATGTTCAGGTGAAAGGCTCAGACAGCCGCGAGCTAGAAAAGCAATCCGACACCTCGGCTCACTCGAGTACGCTTCTATTGAGCCCCCGTGTCCGCGAAGCTGTGTACTACCGGGCTGCGGCGTACAGCACGGCGAGAACATCTGTATTCAATGCCTGGATTAATCTGTGCAGCCAGTAGGCCACTCAATATTTAGTACCCCCATAGCTCATGGTAAGATCCGCACGACCCCTTGCCAATAGCTTCATCTCTACGTGAACAAGTGGAGCTTAAAGTAAAATCAGTTCGGTAACACGGCTTATACACGTGAATCGGTTTATAAAGCTTAAATCTTAGCATCAGCTCGGTGCCTTGGGAGACACCATGGGCGA,951,50.58,Saccharomyces cerevisiae
SEQ_844325,TGTGGCGACGTCCTTCACCTATGAAATGCTGTCATAAATAAGTTGGTTGTTCGGAGATCCGCCGTTATGCCCCCGTGCAGAATAATTCAGATTGCATACCGCCCTCATGTGAACTCCGCAGAGATGAGTAAGATGAAGGTATGTGGTAAGCGGTCATAGGCAATATTTGTCTAACGGGTAAGGCTGACGCATAATCAGAAGCGCGAGCGACAGATACATATCTATCAATTTGGGCCACCTCTCCCTAAAGCGTTGTAGTCCTTCATCGGATCTCAATAGGGTATCAAGTCCCGACATCCCAGCACCTTCTCGTTCCAGATCTAATAATGCGGCGTGCTAGAAAGTTGTTCTGGCCTTCATCCTCTTAATAAAACGTGATTGATACAAAGGGCTTGGGTAAGGTCATAAAGTACTAATTCTGATGTGGGCAGAACCGGA,438,46.35,Mus musculus
SEQ_233301,GATCGCAACGCAAACGCAGGTGTATGGAGGACCGAACAATTGGACGTTTTAAGTGATTCAGTTGGGTGGGGGTGTTTGCTCGGCGTACGCTAAAAATATTAGCTTACCAACGTTCAGGATAGGCACTACTTTTAGTACGAAGGGATGTGACAATGCAGGCGTGCCGCACTGCATGTGCTTAAATCGGCCAACGCAATGATGGGGACGCTAACTATCTGTACCACGCGCATCATTGCCTAACGAGTAACCAACAGTCGAGCTTAAGAGGGTAGATCGCTCCGTACCTTCCGTACACCCCCATAAGCGCGGCATATAATAGACAGGGGACCATAATGCCCATAGAGGCACACCCATTAATCTCTGGGCCTTTAATTTATGAAAGGCAGAATATACATTTAAAATGGTGTAAACGTCGTGTCCGGACTAGGCCGTCCGTACCGGTCCCCTGTTTTTAGAACGCGGCGACAAAACAACGAAAGTTCGTTGACGCACCCGTTGTTCTAGGAGATGTGATCTCTAATGAGTGGGAATGCACTCCGTGTATGTCCAAATCTGCAGAGTGAGACTGTGTTGTCCCCACGGCGACCTAAATGAGGAGGGTCATAACATAATCAAATGTATGGGCCAAGAGGCTTTATGCCATGAATAGTGGGGTTGGTAGCGACCCGGCTTCTTGCGACCACACCTTACGTGCAAATTCGAACATGCAGGTAATGAGTTTACGCAAGGGTGGCTACTATTTGCCAATTCGGGTCAGGACGGCCGTGGGCTATACCACTCTGCCCTTCCACTGGGTTTGCTCTAAGTGGGTCAGGGCAAAATTGTCGCACATGGTGCGTATTCTTCACCAGAGCGGCTATAGCGGCCGTATTGCTTCATAGAGACAATTATGCAACTTGTTGGAATAATGGCTCCGTAAGTCGCGCAATGTCGAGCTAATCTTTCAAGGTTCCGCCGGGTGTTCACAAGATTACTAACGATTGGACCCTGTCTCGCGTTGGAGGAGAACACCCATAGCCGGATAATGCCGCCTGTCCTCTGTCTCTCGTCTGAATTATACAGCGGATGGGGTGTTCCTTAAGCTAACTACGTTAGAGGAATGACTGAAATTTCGGATACCGTTCAGCTATAACCACTGGGCAGATACCCATTGCTGCCAAGTTGACCAAATACAGGATGGGCACAGCGAGACCCAGCCACCGACCGCCAAATTGTGTCGCCGGGAAGGGTACAGAAGTTACACCTAGGAACAGAACTCTATTATAATAGAGCTGGGACTTAAGAAATCAAAGCCGAGCAGGTAAGCTAGCACCGCCGGATCGTGCACAAGCGTGAGAACATAGGGAGAGGGTTTTAGCATAATATGCCAAAAATGATATATTAATTGTCTCTAATTGGAATTTCGTACAACTGCTCACGCCTCAAGGTCGCGTACCGACGGTTTTGCGATTCAGCAACTCTTTGAA,1466,48.84,Saccharomyces cerevisiae
SEQ_301160,GAAAGGCGCCAGCGCTTCTTGTGCTTACTTACAAGTCACCCAGCGGTGTTCGGGATGTTTGACCTTATCCTTGCATTTAGACCCTATAAATATTATAGTGTAAAAACAATTGCCGGTGATTCCAAGAAAAGACCCTACCAAGGCACACCTCGATATCGGGTTTATATTTTCATCTGGGCCTGCGTTCGCGTTCTTAGAAATCATACTGCATCAGACTTGTCGATTAATTTGACCCTTGCAATGATCCTGGGTTTTGCGGTGGAAAACTTAGAGTAACGTTTGCTTGAAGGATGCGAGGTAGAGTTGGACTGCCAAAGCTTTGGTAGGTTGCGACCACTCCAAGGAAGAAATATGTTACAGAGTTCCATCCCACAGAAGAACTTCAGATTGTTGAAACTGGGAAATAGATTGCTTGTTATTGCAAGCTGCGTGCTGCGTCCGAGTAAGCTCCTCTAAAAACTGGTGGTACCGAAACATCCCGTGGTCGTGCCCAACGATGACTGCGTTTTGAGGCTAGAGGGAAACCACTTGCGGTATCCATTTGCGCTAGGTATCGAAGCGAATTCTATTAATTCAAGTAACCGTCCCAACCGGCTCTAACCTCTAGTTATGGGCGCTTCCCCTCTCGAAAGCCGTTTCTCGAATATAACCCACAACTACAGTATAAAGACTATCGTGGTACTCATAAGAAC,692,45.52,Drosophila melanogaster
SEQ_432323,AATTGTAATTGTTCGGGGCCTGTTTATCGGGGCTGGACTCTAACGGACCCTGGCTTTAATTAGCATAGCTAGTACGTACTGGAAAATATGACTGTGCTTCATCATCTGCCAGCACACGTACTGAGAGGATACGAGGGAGAACTGCCGTCCTGAGGGACAATGGCGCTGCAGGGGTGATGCTGTAACTCCCCACAGCTTGTGCCTAGACACGACTCCACAAAAATTTGTAGTGCCCACTCCACTGCTACGAGAAAGACTGCTAATATCAATTAGCTATTTAACGAAAATCGTGATTTTAAACCTGATGTACAAAACCTTTATACAGTCTACTGTATGATATGTGTACAGAGCTCGTGAGCATTGTTTTTACGATGGTGTTCATTAAGGTGAACCTCCTGCGTCATGGCCAAAATGGATAATCGCTAGGTGACCCGCGTCACTGTAGCTAATCCGACAAAGAAAAAGGATGCCCTGAGTTCTAGAAGGCCATCCACCGTCCGCGGTAGTAAAGAAACACGGATGTCGCTAATCCCGGTTTGTTCACGACAGTCAGGTGGCATTACTAGAGACTGGACTCATGGGTGAGAACGAGTCGACGATATTGCCCCGAATGTAGTATGATGGACCTTAGTGCGCTTCTCTCGTTTAATTACTGAAGTTGGTTAAAGAACTCACCCTCACAGTAAAATAACTTGCCTCCCTACGCTAGTGAGCCTCTTTACCCGTGACCAGTAGTCGCATACACTGAGGTTGCATCCGGCTTGCACGCACAGCCTCTACGTCAAGAGCTTGACGGAACCCAGCCCGTCTCGAGCGAGCCGGTTTACGCTACTTGGTGAAAGGCTATCATAGTCTCGAGTCGTCCTTTTCGGTATGTACACAGACGGACAGCCTGCTTTAAGGGGCCTAGACCAGAATTATGGGTGGTAAGGGTCGTTATTGGTAGATCGCCGAAACCTGGTTCCAAATACAGCACAAAGATTCGAGCTGCTAACGGTTATCCGATCTGACGCGCAAGCTCTT,1023,48.29,Homo sapiens
SEQ_675495,ACAAGTCGCGGTTTACCGCACATGCCACCAGACGCCAGCTTGCTGAAGCGGTCTGGATATCGGCTATGCGTTGATGTCCGTAAGTACACCAATGCACTCTGTATTTCAAGTCTAGTCCTTTGGTGCTTTACTGTCTGCATGGTAGGTGTTGCCTCGGAACATACACCACTCTGCCCAGTAGCAGTGTTTCTCAGTGTGGCCCTGATTGTATTGCCCCAGTGCAAGGAAGAAATTCGCCAGATCTGAGGAGTTCCCTGTAGGGATTCCGTCTCTGAGCTGGACCGCCAGATGATTCGGATGTCAGCAGCCTCCTTTTATCTATCGGTTCGGGAACAAAGGTGCAATGGGCTTGATGTGCCCCCCTTCAGGGCCTTCTAGCCATCAGGGTCTACTGCCAACCGCCTGGGTAGGCCCTCCCTGATGTCATTG,429,53.38,Escherichia coli
SEQ_810275,CCGGTACGTCTATTATCGTCTCTGCGATCTTTGTAACATCCTGTGGAGACAGCTGTTTGGCACGGAGAAACTGACACAGGTGGGCCGGCAAGCCCCTTATATGTCCCGATGGCCGCGGATGAAGGACGTAATGGCTACCACGATTTTCTTATACCGACCTGTCATGGTATTTTCAACTCACCAGGGCTGCTGCAGTGTGCTGCGCTTGTCCCGAACCGTGACGGGATTGGCTTCTAGGTAATTCCTATCCCGGCGAGCTCAGTCATAAGTCCTCCGGCCTCCAGTCTTCCTGTA,294,53.74,Drosophila melanogaster
SEQ_460605,CGAGTATAGTAACTTCAAAGTCGGTTATCGTACTACTCCGAACTTTGACGATCTAACGTTGATACCAGAGGCTCGCCCTCGATGCGCTAAACCCTCGTAGTCTCAGGTCACACAGCAGTAATGGAAGTCTTTTCCCCTCAAATACCTAGAGAGGGCATTCGGAGTGTCCGTCATGTTCATGGACCCCGTTTATGACTGCGTAGCAAGTCTCTACACTAGAGCAGGAGTCACTTAGGTTTTTCCTAGGCCCCGCCAAAGACACAATCGCAGGTAGGCCTGCTTAAGGGAAAAGCGGCTTAACTGCGTGATAACCTACTTTGCGTCGTCTTGTTCTGCAGAAGGGCGAGGTTACACGTGCTATGTTATTTCACTCATGGATCTACTTTCCGTCGGTCGCTGCAAACCACCGTGCGTGATCGTGCGGGACACCGAAATGAGAATGAGCTCCGCGGAGAGGACACAACATGCTTTTTTTTGCGAGATCAATCGGTGACGCTGGTCCGCAGCGATCCGACGGTCAGCGCCGGTGTATTCTCGGACGACCCTATCCGATCACTGAAAAGACCCTCCGTGGGTTGAGGGAGCGCAAACCGCAGCTATCCCCCACTGCAACCCTATTCGTCTGTCCCATCTAGTACGTTCAGGTTTGGGCGCGGTCGCGCGCCAACAAGGGTGGCCGAGGACTCCCGTTGACTAGGAGTCTAGGTAACTGATATCCAAATCTGTTCGGAGCATAGGCACCGGAGGGGGAAAGCGGGTCACAAAACCTGCAAATTCAAATAGTACAGACGGGGCGGAAATTAGTAGATTCACTCCTGGTCAGTCATGCCGGGGCAGGTGGACGTTGCTTTTCTCAGCTCGCTGGCATGGCGAAATCCTCCAGGCACAGAGCGCCTGAGGTTACCCCTGCTGACTCTGGGGTGGTCGCAGGAGGACCGTATAATCTTTGCGAGTAACTATCATTGGTTCCTGAGGAGATAAAACCAAGTCTCCAGGTAGGACCTGTCTCCCA,1012,53.16,Saccharomyces cerevisiae
SEQ_340088,AGGGTGATCGACATCAGCAGAGGCTTCGCCTAGGGGCAGCAGCAAACTGACCGCCTACTGCTTACGGCTGACGATTATGGATAGACCCCACCGAATTTCCTCGCTCGGCCAAGCTGATCGTTTGGAAATGTCGTCACTTTATTATAGCACCACATATACATGACCTCCTGTCTAATGCGGCATACCCACCCTTGGGTTAACGGACACGGCAGGCAAGGAAACCAGCTCTATTCTCGTGATACAAATGCAAAGAGATAAAACGAGCCTGGTCACAGTCAACCAGCACTCTGTGGATTGAAATCAAATAGTACGTTGGCAGGAAGTAATCAAACTGGTCACTCTTCTCCCGCTAGCCAGAAAAGGTTTCAAGCGGGGCGGTTTCGGCTTCTCCACTGCGGAGTAAGTCAAGACCAGGCGGCGCCGGGGTTTCGTTTAAGACCACTTACGTAGACGTGGCGATGTTTCTTTACCCTAAAGAGTCGCTTTCTCTTTTGGCAATAATTCTACTAGATCTACTGACATCCGTTCGTGCCGCGCCCTCCTATAACCACTACTGCAGATCCCATAGTCTTTGAGGACAGCTCTATGTGACAACAGCGAAATGCGGTCATCCCTCCCCACATGTAGTCATTATGAGAAAGGACAAAGCGGCCGGTCTCGGAATTTACCATGAGCCATTAGACCCACTCGTGGAAATCACTAGAGGATTTTCCAAAGACTGGTTTGTGGCCTCGCACTCCTCGTCCCTACCGGAGCCAGAATGAATGACCAAC,773,50.19,Homo sapiens
SEQ_477359,GGATCAAGCGGCGTAGCATACTATAAAGTTAAATTTGCTTCGGTCGTTCCGTCGGTCAGATACCCACCAGGCCGCATGGAAGAACTTACGATTTTCCTTTCGGGCGAAGTATGTATTACATTGCGTACGTTGTGAGGCACATGTTGAACTGTAGAGGCGAATGCGCGTTCTGTGTGCTCACCTAACGTTGTAGGGGTACGACAATTCATGTTCGGCTCAAGAAGTGGAGGATCGAATCTCGCAATATGGGCCCGTCCATGCCAGATTTCTTGGTTAACCACTCTATAGACGAGGCATTTGTATATAGGCTATAGCTGAGCCCTTTATTGTGCCTAGATGGTAACTTCGATTGTTGAGTCACTATTCGATATAAGCAATGTGTAGATGAGTGTAAAATACACAGTAGTGTCTCCCCCCTTGCGCGCGCCAACACTTAACAGTGGAACCCATATCATGCCCATGCCTGATAGACCACTTCCGGAATGGTGTAGTCGCAACACCACCTGAGATTCGCCGAGTATGATACATAATGCGGCTCAAACCGTGGCAATTTTAGGACTGGAAGGTCATAATTGATGTGCACGGCTGTTAATCGTGTGCCCCGGATACCGAGTGTCGACCGGGTCTTGTAACAGTTAGATCAATACGATCCGGGGCAACATTCTCCTCAAGCGTGCCGTTCGTGTAGGCACGTCCGCCAATGTCTGCGACCTCTATGGTACTTGCTCCACGGTGCCGTCCAATTCGATAGTATTACCCTCGCATATATCTTTGTGAACAGCTGTACAATAGAC,794,48.24,Caenorhabditis elegans
SEQ_793974,TCTTAAGCTAGCTTCGACACTTAACCACATACTGTCTGGTCAGTTGTCTTAAACATAGGAGTTGGCCATATCCCGCCAGCTCTTATCACGACCGAAACCCTTAAAACATAACGGCACCGAGCACAAACTCCGATGCATTGGAGGCATTAACTAGCGCATACACCGCTGATGACGGGGTAATCAGAGTGGCATTTTAAACCAGATGGTAGGTCAAGTAGACGATGGAGTACATGGAGATGTCTGGGTAGTGCCTCCCTCTGCTAAGGATATCCAAGGGCTCCCAGACCTACTTTGGATGAGGGGGTGCAGCAAGCAAGGGGGCGTACGTGAAGGTCACCTAAGGAGGTAGTTGTGATTATTTCGATCTTGGGCATCTTAGTATTTGTTACACTGTAAGATTCATACCGAGAATACACTCTTGGAGTCACCCCCCCAAATTCAAGGAACCGCTTGGATTTGATGTTGTCACGGGGGTTCTCGGGTGCTATAGTTGACCCATCATGCTCCCAGCACAACGTTATCCGTTGATTAGAGGAACAGCATGGTCACCAAGCTAGTCGATGAAGTGGCGAGGGATTGCGCCCACCTAGCA,592,49.16,Mus musculus
SEQ_229703,CCTGCGCTTTAGTGCCAAGCGGCGATTGTTTACTAACGTATAGGGGTGGACCGAGGGCTCGGGCCTCAAGGGGCTTAATAGGACCCCTAGCGACTACCAAAAGGGTCGTGGCGAAAAGGGGACTCCGGGACCAGAAGACCAAGGCTCTCGGCTGATAGCGTTGGATGCCCCCAGGACCAAACTTACGCAATAAGATTCAAGGATATACCGTAGGCTTCTACGGATGTTTGTCCAAGCAAATACTCGCACCAAACATTAATCGGACGCGCGTATATGTATCTGTAAACGCGCACACCTAGATAGGAGATGGTGACAAGTAGACGACGGCAACTTAAGTGCGTCACCTCCGACGCATGGAGCTATGTAAATAAGTCAGAAGTACGAACAGTCCGAATAGATAGAGATCTCAGTGATTTTGGAATTATCATGCATTGACCGACAAAGAGAGAGCCCTGGAATCTGGGCAGCATATACTCTTATGGATAAATTGCCTTTATGTGACGGGAACCCCATTGATTGTTGGTCCTCGGGATCCGTCTCTTAGTCACACATGGCGAGGTGAATGGTCCCGGCGCATACCCGATGCTCAATAACACTTAACAGTATCTAACCCAAGAATCGGGGCCTGGAAGCTCATCCTGCCGCTCTCGTATATTACTATGCACTGGTTATTCTAATCAAAGCTGGTGCGATGAAGTTGCGTCTGCTCACTGACCGGTCATCTATATCCCCCTCGGAGATTAAAACTAGTTGCCGGATGGGCGTAAGACCCCCGACGCGCCACTTGACCTGCGAACTTACGTTGGAGCACTGGACGGGTTAGAGCCGATAGGGTGACGATAATCTATCTCCTCGCACTTGGTGATTAACGGATTGATGGACGCCATACAGCTTGTACGCACATGCTGAGTTAAGTATTGTTCCATCGTCCCAGGGGTGTTCAGTCTCAAAAATGTAAGGCCGTGCTTCAGGCGTTTATTCTTCCTCGCTTCGCTTTGTAGGGAATGACACCTTGTAGTGGTGTGCCAAAGGTCGGTAGTGACTTGGAGCAGCGGACACTTAAAGTGTGGGGGTAGCGCGAGGATAGGGCGAGAGGACAGTTCCTTGATTCGTAGGGTTCGCGGGGTGTCATCATATGGCAATATCTCGATCGTGACCGTCTCAAAGGAGGAAGAGGCATTGCCGTGTATTTCCTACTGGGGCAGGACTC,1210,50.66,Mus musculus
SEQ_886725,TCACCCAAAATATCCTACAAGATCTTTCGGCTCAGCCTTGTCTGGAGGACAGGAGTTTTTCACCACTTCGGGGTTGACGGATCGTTGGAGCCCCATATGGGACAGACAATGCGGACCAACGGGTAGGGCCTAAGCCTCTGTAGCTCTGCAACAGCCCTAAGAATGCTGGAGCCCGCCGGTGGGAGAAACAGGTCTTGAAGAACCTGTTCGTGGTACCCGTCAAGCCTCTCTCCCGGAGTAGGCCCTATCACCTCTCTTATGGGAGCATCCACCGTCTGGCTCAGCAACTGCAAAAAATATCAGGCGTTACCTTGAGGAACAGCCAGGTCGTTGAGGGAACGAGTGGGAAGATCCTGCCGGCGCGTGTTTAGAAATCAATATAGATCCCATTGCACGCGGACGCTGGCTACGTTCTGAGGCGTTTCGCTGTGGTCGGGAATGTGACCCGTTTTGTGCATGGAGGTTTGGTCAGAATGACGTTCAAATCATTGCGCTACGCCCAGACGACTGATGAAGGAGCACATGTCGCCAGAGCAATTGGGACGGAGTATCTGTCATTTGTCAGGATTGTCCGACCTTCCATCTAGTAAAAAGTTCTTCTACTGGCGGCGGAGCGGCTTGTCCTGGTGGGAGTAAGGTGATACGAAATTAGCTATGGCGCGGTGTACGGTTATACGGAGGGACGTGACAAACCGTACCGACCTCTATTGCGTTGCATTACGCTTTTTCAATAATTCGGAATTAGACCTGAAGCGTTCTCTACGGTCATATAGTCTGAGGTTTTACATAGCTACTTACAAGCAGCATACCTCTCGACTCTAGAATCGGCCCACCGATGCTCGCTGACGTGGACTCCTGTTTCCTTTAGCTCTCAAAGTAACATTTGATATGCCACTGATACACACTTTAACCATAGTACCCGGCTCGAACGTCGCGCCAATTCTCTTAGGGGTCGAAGTTACCTCCGCGCACACGCCACTAGACAATCGGCTCGAAGTTCTGGAACAGACACCACCCTGTTGAGCTCTGCGGCCAGGATAAGGAGATAAATCCATGTGCCCGGGTCTACTTTAATCCAACTACGAAGCCACTTAGTTGCAGGGTATCTCGTTGGGACGAGTATCTGGCGGCCTCCTCTAAGCGGTGAAACCCACGCTCGGATGGTCTGCCAGTAGTGATTACTACAGCGGGTATCTTGAGCTCGACAACTAAAACTGAAATGGGAAATCAATATGGGGGCTGAGACGTACAACTGTGCGGGCCCAGATACCTGTGATCGTATGAAGGATCACACAGTTATTTCAGGGACCGGGTATAAGAAACCGACGGGCCGATTGCTGAACATTTGCTATAGCTTAGTGCAGCCCCAAAAATTCCCGCGTAGTCCATACCCAGCCCGCATCCAAAGCTTGGACCGATTTGTCCCGAAAAAGACCACGTTCGCCGATATCACAGTTTTATCACCGACGACGTCGCAAGTGCTGAAGGTTGACCGTATAGCTATACGCCGATAAGCGAGAAGCCCCAACAGAGGGCGACAAATTGCTTATACCCCTCCTCGGGCCTCATTGTGGTTTCAGGTTTTGGCGTGGATGAATACCATATTGACTGTACGAATCTGGGAAAAATCATCTGGTTTACTACTAAACCTGTGGGCGTCGTGTAACGGCGGCCGAGACGGTGTGGGCAAGTTTCGTACATGCGTGAACGTAGCCAAAATCGCTTGCGCGCGTTATGCGATCTCAACGGCGGATTTCCGTGCCAGTTAGATCGGGCGTGCCGGACCGTATATGGAATACTCTGAAAAATCTGCGGTACAGCAGATCTCGAGGGTACGTAACGAGGTACCATTTGGATGAATTGGCAGTCTAAACCCGTACCAGAGT,1886,51.33,Saccharomyces cerevisiae
SEQ_984467,AAATAAGCGCATGCACCAGTTCAGTGAAGCCGACAGACACAGAGAACCCCGCCGGTGTGTCTATAGCAACCTTCTAAATGTGACTCAGATTGCGTCTATCTGAGTGCCGCCTGAATGCGCATTTCGAACGCCCGTAGGGCAGCATCTTGGTGTCAGTACGCTTTGTTTTCCGTAGAATCAAAAGCTGCCTTGTACCCTTTTCCCAGTAGTATCAAATAGGAACTACTAGTGAACTACTAATCCAGTCGTTACCTCATGGCACAAGCACTCTATCTACTGCGCGGAGTATCTCCTTCTTCCTGCACATACAGCTTAGCGCAATATCTCTGCTTATGTCTGAGGTGAAAGCTACGCTCTCGAGGATATATATTCAATAGTCGCCACGACTTTGTTCAAGTACACGCAACACTCTTCCTGTACGGCAGCCACAAATCAGGAGTTCTTGCGTGTACAAGAGCTGGTTAGCCGAGCTCCCATCGGACTGTGGGCGGTACAGCATCAGTCGAGCCAAGGGTGTTCGTACATAAGGGACGTGATTGGCATACACTGCACTACTTGCGGACGCTAGCCAACACAGGTGCTCATAGTCTGAACAGAGACGTGCCTTTCGACAGCTTCGCGCGTATTACCTCTACACGACTTCCGTATGTCAAGGCAAGGAATTGCCTATCAGTCTTATACTGCGATGGTTGGGGTAGATTTGCTGAGATCGTATATACGAACTGACGCTATCGCAGCTATTATATCTTCAAATGCTTTTAAGAGTCTGTCCACTTATCCGCCTTCGGAGTGGACCAAGTACGTGCCGTCTTAACAAGCAACACTCACACGGAGACCTCTAGGCGACCGGAGTAGGCGCTCGTCTCTGGCAGCTGTGGGACCGCCAAACTTGATCAGGGGGTCCCGGTATGCCACTATATAAATGTTAGCTTTTGTGCGCGGGTAAACTACATTGTGCGGTGGGAACTCAGGCCCCGGCTTCTGATCCCGGGCCCAATTTGACTCGCCGTGTTCAGGCGGGAGGGGAATCTCTATCCGCCGCAGACACCTTCTTCAACTCACCGACCTATATCAGCACTGTACCGTGTTCGTATACAGCGCCCAACAGACTTGAAGGGCGAGATTGTCTATCGAAAGGGGCGTGGCGCGCATCAATCTTATAAATGGGACTCTGGGCGAAATCGGCGTGATTAGCTCGACTTGCCCCAGTTCCAGCATCGTGCTTCCGTCCCACACAGCGAGATTATTCAAAACACCTTCGGCCTGTTCAGCCCTCAATATCTATGGGACTCAATGTCTCGCCTAATACACGTGCGCGGGATAATATCACCGTGCCGCAGGGAACCCCTATCCGCTTTACGAGCTGCCGGTTGAAAATGGTTATCTGTTAAGTGGACCGTGATACGTACGATATGTTATAAACCTTTTAGGGCCTACCCAGTAGTCACAGACATCGTACACTCCCTGCATGGGGTTTGCCTAAGCACATCGTAGGGGTGTCAGGATAAATTTGACTTTGATTTGGTCAGTCGAACGAATCGTGTCAAATGGAAAAGAGCACGTATGGAACAGTTCAGCTTGCAGACCCTTGGATATAAAATAGACCTGCCACGCCTCGTTTTGCTGATTGTGTGTACGGGACAGTCGGGTAGTTGACATGGGATTAACCGGTTTTTGAGCCACTACCGTTATGTCCAAATCGGCAGTAAGTTTACACTCAAGGGCATATTC,1731,49.97,Arabidopsis thaliana
SEQ_440638,CCCAATATGAAAGTCAATTATAGACCTGAACGGAATAAGACACGGTTGACGGTGCTTCGTATCACACGCCCAACAAAGCCGAGAGACGAATGATCGCTCGATTAGAGTACATGGAGTGTTTTTGGTCTCCTTTACGGGAAGTCGGTACGCTTGATACGGTCTACGATCTTCTGCAGACAAAGTACCCATAGATCCCGTTCTAGAACTTGGTCGTGCGAGCATTGTACCTATCTGAAGTACTGGGAGTTTGCACCTCTTTGAAATATGATCGTAGCGAGGTCGCCTTTCAACACGAATCTGCCGCCCGGTTCGACTCATTGGTGCCAGTGATCGGGCCTTAATTCTTAAAAGTGTGGGCCACGGTTTTGGGTCCTTGAAAGCGAGTGGAAAACATGGTATGGCAGTTGCTCATATTGCCAGATTAGTCCCGCCGGTTGGCACCAATGCATCGATTTATGAGTGACATTTGTCTTTCTAGTCGTCAAACCACTATGTTAGTAGGAATGGAACATTTATGTAAAGGCATGTCATACGATCATTATAACAGGAGGTAAGAGAGGCCAGACTCCGTCCACATGCTCCGTCTAACGCGGGAGGTAGCACGCTTCTAAAACGCCATGGGTCTTGCTTGGCACTCGGGCTGCCTTGAGAGAT,654,48.01,Homo sapiens
SEQ_144683,ACTACTTGCGCGAAACGTAGCTAGTGCGCCACCAACCAAGCTCTAGCACTGTTCGTGTATGACATCAAATAGTATATAAACCATCGGATGGTTAAACACAAGTGTGATACCCGGCACTTAGCCGGGTATGCTTGTCCAGGCCTCCCTACGTATGTTCTGCATATCAGTGCCTCATCGTTCAGACTTCGGGTCTGCCCGACAACTAAGCATGCCCTGGATTGGTGCACGGTTGCGGCCCCCCGTGATCCGTAATACCTAAGGTCATATGCATTTCCCTGTACGCCCTCGCGTACGACTGTTTCATGAGGAGGTGCGCGCAGGGTCAGCGAGTTTTGGACAAGGCAGTCGCACTCGACATGTTTGTCGAGTTTAACTAGAATAAAGGTCCACAATCGTGTAATTGCTTGCAATTTCGCCTTGATGTGACGTAGGGGCGCTTCCCGCTTAGGTGCACCACCATTCATACTGGGATGGTCCTTAAGCGTGTGCAGCCTGCACCCGACGTGCCTCGTCTAGCCGAGTAAGTGGCACGTATAAATTAAAAGCGAACAAAGCATGCGAGAGGGAAGCATTCATCTGGGGGCACTATAGAAAGATCCTCAGGGGAGTAAACGTACGCTGTTGCTCTTTTACCGAATGGCAAAGCGCAGAGAGGGTACTAGTCATATAGCCGTAGCCGGGCGTGATAGCGTCCGCTTATAACAGGAGCTAATACTCTTTGTTTACTCTACGACATCTTTACCACTCCGTACCTGAAATGGTCAGTCAAATGCCAATGTGCGCCTGTGAGCCGTCGCGTCTACGGACGTGCTACAGTATGCTCACCGTCTACTCCCCTAGTACAGACAGACGCTATATCCCACAATGCTCACTAGCCATGCAAAAGAGTAGTCCAAGAATTTTGCTGCATAGTGTAAAGTGGAGATTGTACCACTGTTGCATATTACTGGGTCTCCTTAGGAGCCGCCATCTATGCTTCATCGGTGAGCCCGACTTTACCGTTCGTTGGCCGGCATTCAGAGGTGCGACCTGCGAACTCACTATCATTACAGTTATGGTGGAGTGACAGAGATGCCGGGTTACAACGGTTTTATCTCTGTGTCAGCCTAAACTAGTTCGAGGTCACGCACTACACCGTGGCTGGTCGGTCAAATACACTCCGGTTAGGATACTGGAGTCCTCTTTCTAGGTAAACTGGATATGTGTAACGTCCTTCCTCGGGG,1223,50.53,Saccharomyces cerevisiae
SEQ_204930,TCTTTGCGGTCTGAAAGCGTTGTCCTTTCCAGCCTTGAGGTGCCATTCGCATGCTCGACGCAGGTCGTTTCTGCTTTATTCGCTCCACCATATGGCGAGAAGACTTATCAGCTGGCATCTATAGTGTCCTGACGATATTCACAGGCATAATCCTATGTCACTCCAGTAAGTGGGTTGAGCGGGCCAGGTTTCCATATACATGCTCTATGCATAGGA,216,49.07,Saccharomyces cerevisiae
SEQ_284210,AAACCGAAGTGACCAGACTGCATCATTAGCTATCCAGGTTACGAATATTCTAGAGCACCCATGACATTTAATCAGTAAAAAACACAGATCTGTGCCCAGCTGTCTCTTAGAAAACCGGATACAATGCACCGCGTGACTACGCCTGCGAGTCCCTTCTGGACTACAGTAGCCAGGATGTCCAATAGACGCAAGTGAGCATAACGACATGTCAAATCCCCCCTCCGGGGCGGTGGGAAGCCAGTCATTCGGCCTACCCGGCATAAGCTTATCGTCGGCCGCACACCACCTAAACCCTAGGGAGCTTCTAACCCTTACACTCCGAGCGAGAGGCGTTAGCCATACGCTTGTCGTACCTTAGCTGCTCCTCATCCCAACCCTCCGGGGGCTATGGATCACTCAGTCTAAAAGCAGACTCCCGGCTAGCCTCACAGACAAAATGTCCGTGTCGTCCCTTGTGCTGGCGACAATCCGGTGTAAACAGATGCTCCGCCGGTTCGTTTTGGTCCTAGGCGGATTGCAGTGTGGGAGCTGGGATCCGGGCTCTGCATTATTGTGCGAGTGTAACTATCGTGGGTAAACATATTATATAACCGTATGCCGATCCTGTGTCATCGAACTCATCTGAATAAGCGCAAACCAGATTCGCTCAACGATAGCGGCAGAAAATTAACGTTCTTCGATAGCGTGTCGGTTGCGATAGTGTAATGCTGCGGGGACTTAAATTTTCTGGTTCTATCAAGTGGGCTCGGCATCTCCTGTGCCAATGAACGATCTGGGAATTGCATATTGACGTTGTTTAAGGCCGATGATGTGATTACGTCTCTCAACGCTCTCGTATCGCGTGTAAGAGATCTACGGCGTGACGAGCCGGGACCGGGGCAATCCCGCATCAATTGGCGAGACCGGGAGCTGTACTAGTTTGGGCACTTGATGTCCTATGTATTTCCTCGTAGGAGACGTTATAATAGATAAGCTGGGGAACGAAGCTTATACTTGGGCATAACAGTTACGCATAGTATAAGGGCAATGGCACGATTCCGTACACCTGCAGCGGCCCACGATCTCTTGACCACCGCTTCTGAAAATCTGGGGAAGGGGTAAGCGCTTTACTGGTGAAGATGCTATACGAACCTAGAGCGACGCAAGGGAATGTGGTTGGCTGGTTATTGTTTGCTAGTCGGAGAAACTTACTGCGTCCTCCATTTGGACAGACGCAATTCCAATGCTTGTAGCCATCGATCCGTGTTTACTCTACTCCATTGATAGTCATCAGTTTGTGCTTGTTGAGGATGTGTACCGCCCGGCCAAGATTATCATCATAGGCTCACTTCAATTAAAAAGGGGCACAGCCACACCACCAGTCTAAACAGGGCACAAGGTTTTTGTAAAAGCCTTCTTAACATACAACCGGCCTCAAAAGAATAATACTAACAACGAATGTGGTAACCACTTCAGTACCGACCTAAAGTGGGGGCGCTACAACTCGGCTAACTGCATACCCACTGCGTTGACAAGCGTAAGCGCGCTGTTTATAGACCGATCCGACGGCATAGCGGAGCATTCGGGGTGTCCTTGAGCAGAAGGTATAGGCAAAGAGACAGTTAGACTCGTCACGGTTTACGATAAGGCAGCAGTCGGTGGCTGCCGCTTATAAAAAGAAGGAGTGACTCTTTCAGACTGCTAGTCCATTAGATAGACTAAATGCGTAAGGACTCAGCCATCTGTTCGCGGTCTTACCCATACTGTTGCGTCACCTACATCTAGGCCCTCTAGTTACCATCAATCGAGCAGGCATAGGGCCTCAGCTTGAATATGTCGTGTGCGGGGTACGGGCGGTAGTTCTTGTATGAGAGCGTAATCTATGAAGAGAAGGCTTCACCCAATAACAAGTACCCGAGCCCAGATCCGAGTGGTCTATTTCCTGGGCCGAGGCTTGGCGTGCAG,1944,50.15,Saccharomyces cerevisiae
SEQ_780917,GTTCTGTGTCTCATCACTTTCACTCTATTCTACCCCTGAGGTGCTTCTAGCTTCGTGGTTTCGTTCTCCCTTCATCTGGACGAGCTCGGATCCAGCGTTAGAGAATTGCGATACAGAGTCACCGAATACCCGTAAGGACGAAGTGTGAGGGAAGGGGAAGAGAGTACATCTAAGTCGGCGAACGCAAGATGAGACCGCACATTCGATTTAATGGGATTGATAAGTCGTCCGTATACATAGGGGGGTCATGGGGCTGCAATTAAGCTAGACTAGGCCCGTTAAGTTATAAGGGTCCGTCAATACGTGGAATAACCGGGTGAACTACGCTAGCTTGCGACCCTACTGATAAATCTTGCGAAACCCGTGTACGTAATTGATGGAATTATTCTTTAAGCTTCGAAGACGTGAACGTTAGAAATCCGGTTCGACTACCTCATACAAGTGTCGTCGCGATCAAATCCTTGGGTAATCCTGTAATTTTCTATCCTCTGTTCCTTGAATTAATTAGGCGGATGGCCTGTGACTCTGTTAACTCAACACCTCGGTCTCTGCCATATTTGTTAAAGGGTTACCCCCGTGTTCCGGCATAACTTCTTCGTGTACAACGTAACCCGTGGAGAGAATAATTGCG,631,46.75,Caenorhabditis elegans
SEQ_569011,GGTAAAACCAAATGAGTATGCGGGTGCACCATGCGATCAGGCAGCTTCATGGAACTCTGCCTTTGTATGTCGCCTCTTCTTCCTTAGCCTCTTATTTCCTCCAAGTAAGACCCACCCTCAATCACTCGAAAGTAACGTACTCACTATGCAGGCAATTACCTTTCCACTTATCGATAGATGTGTACCTCCCGATGATTGTATTTCGAGACTTTCACGGACAGGTCAGGGAGCCTAACTGAGAGGCAGTGCCTCGACCAGGGCTAGTTTTTGATAAGCAGGAGGATTTGCAGACGAGGACATATTAAGATACTGCTTATTACAGGCACCCCGGCGTTTCACGGCTATATCGTAACAGTAATCGCTGTCGACCCCACTAGGAGCTGTTCCCGGCCCGAGCCTGCTATTGTTTACCGCTAACAAAAGCGACTAAGTTACGGATACCCTATACGGTGCGCCCCCAGTTGCTGACGTGCTTCTAGCTTTGGGAGATTTCCGATTGACGAAGTCGAGTTTGAAGAACTTCCAGGCCTGCATTCATCGCCTAACACCCTTGTCGTTTCTCTATCGAACAAACATTGCAGCTCTTCCGGCCGAGGCGACACTGAAGCCGCCCTCTTGTGCAGCTGTGTCGTGCGTAGTATCCGTACACACGACAGAAGGCTGACTTGAGGTCAGCGGGGTCACAGTACGATATGAGCGAACATGTTTGATTATTCCCAGCAGAAGCACCATCCAGGAGGAGCAGCCAGTATGCCATGGTGAGGATTTTCAACTTTCACCAAGCGCGGGGCGTGCACGGAACCGCGTCTCGGCACTCCCGACACAATCCAGTCCAACGGTGCAGAAGTTGTGTATAAACGAAGCAAACTCAGAAGTTGTTAATTCTGGAATGTGTCTGCTAACTTCAGTACCCCCGTTCCCATATCGGTCGCAGATATCTATTAATGGACATGAAAGGACATTCTGCTGAGTGATTTTAACCATGTTGTGTCGTCCACATGAGATACCTGACGGAACAGCACAACCGCAATTCTAAGTGAAAGGTTATAGGTGAACAGTGACACGATCTCACTAGAAATGTCCGTTGTCCGGCCCGAGGCGCGCGATTAACGGCGGGAGAGTGTCTGCGCAGATTAGTAACCCAGCCGGCCCATAACAACGATAAGTATGCGCTGCTGACTCTTAGGTTACGACGAACATATATGTCGATCATCATATAATGTGATGCAACACCCGTGACTGTCATTTTTCACTCGATATCAGAAACCTTGCGTGCGCTCACAGTAGAACGCGATGGAATAACAACTCTCTGCCGGAGACGTTATCGTAACTGGTGCGTTATGCAAAAGGAAGCGTTTGTACTTACGTAAGTCTCCCATACAAAGAATTTGTCAGTGCACAGATCTAAAAGTACTTGAGGCAATCGCCGCCATATTTTTCGTTACTTGTCTGCACGCCCCTACTGGCTGCAAAGTAGACAGCTTGGGAAACATCCCCTGTTTCCTGCTAACCTGGAATTTAATTTCACTCGAGATTGATTGCCAATTCTCAACGAACGCAACTCGCCTCACTACTGCATGAAGCCCCCTATCGGATTGCGCGCAGCACTGACGCTTCGCTAAAAAAATACTCCGGCATAGTACATTCGGTCCATTTTCGACACAGTAAG,1669,48.83,Caenorhabditis elegans
SEQ_805324,GAAGTACGATCACCCAGAGAAATTAAAAGACGGGCGTAGGACGTTACGACATCCATCAATAGCTTTTGAGATGTAGAGCGATCCTAGTAGGACAGCCCGAAGAGCTTGAATGTTAGACCGTCTGCAACGGTGCCACGCATAATTTCCCTGCAAGAAGCTTGGGGGCGCAATAGCCTAAGTTTCCACCTGACCGCTCCTATAGCGTTGAGACTGATAAGATGTCTTTTACCGGTCTATGGACGTTAATGCTAAAGGCGATCACCGCCCGTGAAGGTCCGCGTCTTGTCACCGCCGGACATTCGCGCCATAGATAAGAGGTTGGTGGCTAGACTTTGAGAGCACCCGACGTATATGTACCTCGGCAAGGAAAGCGAAGGGTGTGAGTCCGTCGGCGGCCACATAGAGAGACCTCCCCCACGTTAGAGAGTCGCCGCTCTCCGCTGATTCATGAGCGGACATCCCATCAGGGTCAAATTTGAAAGAAACCCCGTAGTTGCTGTGCCAGTTGACGATTTAGAACTACTGCACCGTGATGTTGCTGGAGTTGATCTAAACGGGCTTGCCGTAGGTTCGGCCGTATTGACCTT,587,51.96,Escherichia coli
SEQ_275642,GTCCTGCATGATATAAGCAATGGCATATCCCACCTCTCTATGGGGGTTAATCAACTAAGGAACAGGGGCTCCCTCAACAAGTTGGATTGCGAGCAACTTTAGTTTTGAAGTGGATCTGCCTCAGGCCGCATCGACCCGCAGTTTTTGCTGCATCCCGGCAGGGCGAGTGAAACGAGTGCCCACGCTGGCCGTATATGACCTTAATTGATCAATCCAGCCCCTGGTATATAATTAGCCACGAATCGTGTGGGCACAATTAGAGGAAGACATGTGCACGCATCCATTGCTACAGGTTCATAGAAATACAGAACATAAATCGTTGTATGTAAAATCCTAATCTACGCGTACCGGTCGCCTTCGGAAGTTGTCGTCAGTGCAAACAGAGGCACGCCCAAGAGAAAGGCGCTCAGCATACAACGTTAAGGGCAACTTGCTCCAGACGACCGAGGCCGTGGCTAACATATCCATGGTATCGCGTGCGCTCTAGATAGCTCCGTCCACTTGTAGAGACCGTGCGAAGCCAGCGGGAGGGCCTCTCAGCTCTAAAGCCTTACGCATCTACCTGACCGTGCGGACCTGGCCGGCTGAGTGAGAGGTATCAAGTCAATCCTGATGCTATCGATCGCACGACACGGGCTCGGTGTACGAGAATGGAGCTTCTCCATAATCGCGTCGAGTCTGAGTGATCTCGCGAGACTGCAAGACAAGGATCCAGAGGGTGGCGAACATGGCTCACGGCACGTCAGTATGGGTACGCCCCAAGATTGCATACCGAAGACTGCATATCTGAAGCACGTTAAACGAAAGGAACAGGTCCGCTAAAGACCTTTACGTTCAAATCATCCGAGAATATCAGATTTTCAAGCAGTGTACAGTAGTTGTTCCAACTCCCTCTTCTGGACGAAGTGGGCACTCCTTCTCTGCAAGAGGGCTGTTAAGACCACTAGGACATGGAACCGGGGTATGGATCACTCGGAGGGCCGTAAGGCGGCCGAAACGGGTATATTCCGCGCGGAGCTGTGGTGGCTCTATCAAGAGTAATACTTGGGTAGCCAAGGAATAGTGAGCCGTCCAGAAAACGCAGCACAAGGTATGAGGTGTTCCTGACCGGCAACAGAAAGGAAGATCATGTTTCAATGGGAAGCAAACCTACGTTAAACGATATTGAGTCTGTTGCGTACCGCGGTCACAACCCCGCCTGGATTACCCTAATGAGCAACGGATTGTGGCAGAGGCCTCCTGTGGATCTCCACGTGTGACCCTATTTTATTTTTGTTCCCAACGCGCAGGTTCATCTAGGCGTGAAGACCGACAGCTATCGTGCCCCCTGTACTCTCAATCC,1342,51.71,Arabidopsis thaliana
SEQ_555060,GGCCAGAGGTGCGGGCCAAGTGATCTCCATTGATAATAGGCTTCTATAGCCGGTTACATTTGTGTCTAGTACAGACATACCGCACATAAGGCGCGGCACTTTCATCGTGTTTTGACGTCAGGGAGCACAGTTGAAGACCTGTATTAATAACACGGCGAGAACATCCCACACCCAAGGGGTACTTACTTTATGTTCACTGCGCGTAACTCTACCGTTTTATGAGTGTGCCTGAAAAGTGGTATGCACACTTTCAGCGTGTGATAGAGATCCCTACACTGAACTTACCTAAGACCGCCAGCAGACTCGCTTTTAAGAATCACCGGCTCACTCAAAAGCCTACGAGACTCTACTATTCCAACCCGAACAGAATCTAAGGCAGGCCCCAAATAGTGAGCTTGACATGCAAGTCTTCATCTATGGGAGTCCTGCGGAGCATACGAATTGCGCAACCGCTCCTGCGGTGGAGAAGACACCTTGTTCATTCAAGCACATAGCCACCTCGTCGTCCCGAGGAAGGCGCCGCGAGCGACGTGCATTATTGATATCCCGCTCGCAGCTGAGCAAGCTCGGTACGCTAACCAAGGGACAATCCTATCAGCATTTTTCCCTGGCGCCTTAAATCAAATCTACGTCGCGCCCTGCGATTTTGTAAACCGGCATTATATCCGTTGCGTAGCCCGAGTATAGTCTGAACACGGTCGTAAACGTATACATTTGCCTGCCTTGCACCGATCGGACGACCGAATGCTTTACGATCATGTTAGACACCTTTTTGTGGATGCGCTTCACGAAGCCCCGAGCGCTCCCACCTAGTATCCTAATAATATCGTACCCCATCAGGAGGCCTCCGAACCGCAGTCATTACTGGTACCGCTGGGTGACAATCATAACGGTACCATGGAAGCAAGAACTGAAGAGCGGTCATCCCCGGTCGCGTTAGGTGCCCCATTGTCGAGTCCTTTTACACGATTAGCCGGGGGCGTTTCTAGCCTCCACATTTAAGTTGATCTGCAGGGGCGACGGATGTTAGGACGAGCTGAAATGTAGCAGAACACGACGCACTTAACGAAGGTAGGGGTCGATAGGCGTGGGGGAAGCAAGGTTATAACCCAGCCTTTCTGGCGTATGACGTGGTTTCGGACCATCAAGTCCAATATCAATAATGCGATC,1170,50.85,Homo sapiens
SEQ_372312,GGGAGATGTATATTTGGAGCTAACTGCGAAGCCTTGGAGTCCTCCCTTATTGGCGATCGAATGCTCTCACATCCATTCACTTTACGGCTACCGAAGCTGTTTCCAACGACCTCGCTCAACAAGGGACTGCACGGCTTTGTTGCTCCCACTCTGTCCTAATGGGTTACCATCCTGGGAACCGGTGTGTACTGCGGTCGGGTATCTTGTCAAGCATTTCGGGGAGATGAAAGACGATCGTTTGAGAAGTGGGGCTCCATGCTCCGTCTGTCATAATGTATGTCAACCACGGCCTCGCATTACATTCTACGGGAGTAGGAGCAAGTTTGCGTGAGCCCATTAAGCTCCGTTCTAGAATCGCAACGCGCGAACTTGATTCTTCCTGGGACTACCACTATTTTATCGTTGTCGGAATCGGTGCAATTCTGGAAGGGCTATCTTAGCGTTTACCATGGTTTAGCTCGACGGTCGTCCTGGGGGCGCCCGACTCTGTTTGTTCCCACCAACAGTAACATCTGTTCCAAACCGAGGATTAAGCTGCCTGTGCATGGCGGAACGGATGTCATCCTGGGTTACGGTATCTTCCTATCAAACAAATTCCATCGAGATACCTATGCAGATCTAGGACCAAGCGAAGACCTGACCCTCTTGTAAGGCCGCGATTGCTATCATCTGGATAACTGTTGACTACTGTGGTCGCTATGCCAAAAACTCTTAGCCCTGCGCGAGTGCGTTTCAGGTTGTAATTGGAGCTGCGGCCACACGAATTTGGTGCGCTTGTCATAAGAGGAGACAACATGTTCGAGCTGCCATCGTCAGTGACGGGCCAGGAACCCAATCTACGAGATGTTAATGGTGATAACGACGATCGGGGGCCGTTAGACCACTTCACAGATATCAGCCACAGCGGTACCAGCCGACTGGCAAGAGCTTCGTCGGAATGGTTTAAAATGTTGT,954,50.84,Saccharomyces cerevisiae
SEQ_372840,AAGTTCTAAGCCTAGCCATCTACTTGAATGAGCCTACATACATCTCCAGACCTAGAAATGCCTGTGAACGAATGCACAGGTTTTAGCACGCTTACCCGACAAGCGTAGGTCTTAAGCGAATGCAATATGACATCAAGTCTGATTCCGTTATCATATCACATCACGCGTGTTCACATTTGGTACGCTGCCTTGCGAATCGCCTTAAATGTGGTTTGAAACCTGGACCGCTTTCGACTCGCCGAATCCGCTCTAGAGTTAAATTCCAAGAAAACCGTGCATCTACAAGGTCATATACTTAGCGGGGCCTACAACTTGTAATAGGGGTCATTCCGATTAGTCTGTGTTGGGAGGGGCTACCAATTAATGGTTCCTATGGGGGAGTAAACGTCCCGTGTTGAGCGGACACAACAACGCCTGGATTAATTTGAGAATCAGGCAAGTGGTGCCAAGGGGACTTCAGTCATGAATAGCAGCTGGACCTCCACCATGCAATCATCGCCTGAGTCACACATAGCAAGCGTGGCTCGCCCTCAAGTTCGCTATGCTGTCGTGGCCATTGTCTAAGCAATTTATTCTCCGGATCAAGGTGCGGGAACAACTGCCTGCGCGTCAAGTGAACGTGAAGAATCCCTAGGGAGTCGGTGCATCGCGAGTGCGCCTTCCTAAACCAAAAAGATTGCGACCAGTCAAGTTTTTAACATCCTTAATCGGCAGGGCTCTCACCAGTCAATGAATCTGTCGGGTCCCGTGCGTGCGTCGGCGTGAAAGCGGAAACGACCTACGAGGTGCTCAAAATAAGAGTCTATCTGACTTTTGTGACAAAGACTTTGCTATCTCGGGGTTTAGCCTAAAAACCGTGCCGGAGTTCGTAGCAGGGCTGATAACCGTAGTGCTTTCTCAACTAGCTACCCTGGGTGCTACCTAAGGGTGCGCTGCGTGTCCTCACCTAGGGACGGGTGAGGAAGCTCAAGCGTCCTGAGACTGTTTACTCTTTTGTGGCCCTAAAGCATGCTTCTAGATTGCCGAAACTACCAATAATCGATTTTGCTACAGTATGAATCCGAATGGCGGTATCCTACCGGCGGTCCGCTGGCTTAAATGCCCGCCATATGTTCCAGTCTCCGCACTCCAACTGAAATTGAGTATTGCTAACGCGGATGGTGAGCGGTCGGTCGATTTTTACTTCATGTACAGGTTTACAACAGCCCTTTGTGGTCAGGCACTATTCCTTTCCGGAATAAATGTGACTACAGGGTTTTTTAATATACGCACCGTGGCGGCAGATCCTCATCCCGAATGCTCATGTGACCCGAAAGACAAGACCTACAGCGCGTTAATTCGTCACATTATGATTTAAGTTTACGAATAACAAGCACCCCCAGGTGGTACGCCCCTCACTTGTCGTGGAGAAGGTCCTCTACCCATGACTTTGCTTGTAAGTTCTCGCCAACTGATACTGGAGCGTTTCGAAGGTCGGATTCTCCCTTCGGTAACTCAT,1498,49.13,Saccharomyces cerevisiae
SEQ_154044,CTTAAATGGGTTGGTCGGATTCAGTCTTGAGTGACGAGTTTGGAACGTATTTTGAAGCCCTTCATTCGACCGCGTCGACTAAAGCCGATGGAAAATTGTTGGCTTTTCGAGGACGGCTGGCAAAGCCCGTCCTAACAAATCAAATTAGTGCGATTTAATGTAGTTAAAATGGGGTGATGAACCAGTACCCGTAATTTCCTGGCTTGGGCAAACGCCCGTACCCTAACCCTTAATACTAAAGCGTCCGTAACGCTCCTTACATCCAACATATGCTTGCGAGGTAATAGTTCCTAATAGTTTGTTGCGGCAAGACTGGGAGAGGAGCCATGCTCTACCGTATTATCAGAGGTCTGACCTTCTCTTTATCGTAATATTTCAATGGTCGCTGCATTGAACGCGGAAGTATGGCAAAGGAGAGTTCCGGCTGGAACAGCGCAATATCAGCCACAGGCAGGCCAGCTGGTGTAAAACGAGACGCTCGGGTGGGGAGATCAGTAAGTTATTTGGTAGTCCCGGGACCAAATCGACCTTGATGATGGGGGTGGCCTTGGGCCTGTTGTCATCGACTCGCGGGGACTTCCCTACGTTTCAGATTTGAGAATATTGCTGACTCTGGTCTGGGGCAGCGCGTATTCGGTCGAAAACTGTATAAGAACATAATCTGGACATGGCAGTCATTTATGCTAGTGGAGCGAGATATCATTGCCCTGTATGACACGTTTATCCTTCGTTCGGTTTGGAAACGACTAATCGTTCTTTGGTTTTGGGATTAGAATCTTTAAGTGTAGTAAAGCTCGCATCACCTACCTGTTGATTGATCCCGTGGTGTAGCATCGTCGAGCTGCATAACTGCTCTAGACGCCACTCGCATGCTAATTCGATGAAACAGACTCATTTCGCTTTGACATTCCATGACGCTGCTTAAATGGTCATAGGCTACAGATTCCCACTACGTCCGTGCTTCCGGTCTATGCGCCCATGCATTGGACGTTGCGAAGCCCGTACATCCGATGAGGTCACATACGCTCCTGTGGCCTATGTAGCCGATACACGGTGAGAAAGCAACACTTGCAATCTAGTGTACCCAGATGGAAGCAAAGATTGCTGTCATCTATGAGACCGGGCAGGTAGTGGATTGCTCAAACCAG,1148,48.26,Escherichia coli
SEQ_680763,TGCTTGCAATAGTTATCTGAATGAAGCAACCAGCGATCTTGTGCCTCCCTACGTGTTCCCGCAGAGCAATGAACTACAACCTCAGACTCGACTACAGAGCAAACATCACGCGTCTGAATTGAAGCACACACACCGAAATGATCGCGGTCGTCTGGATAAGCTAAGACGTTGTCGTAGTAAATTCCCGGGCCGACCAGAACTGCTTCCCCAGCCATCATCTCCTCGTGTCGCTCGAATCGAGAAATGCTATTGGAGTGGGTAGTCGCTAGACGAGAGGTGATGTGTCTTTAGGAGTGAATGCGTCTATGATAGACAGACGGCACGTACGCTGAAGATTTCACTGGCCGGGCTTAGCAACGAGACAATTCGGCTTTGGCACTGATCTTAGTGCGTGGAGGTGTTTAAAGGTCCGGCCCGTCGTGAATCCACTCAGGTTTTACAAAATCACACTAGCCTCGATGCGGCACCGCGGTGTCTGATCCGGTAGGACCGTAGGACTGTTAGATCTGCCCAAGAGCAGGAAATACTAAGTCTGATCACCCCCTCACTAGCAGACCGGCTATCTTGGATCACACACCACCCGACTTTGCCGGCCGTGGTTTCTGCTATGCCGTCGCCGAACGTAGGTGCTCTGATAGAATAGAGAAGGCATTCGCATATTTATTTGCAATATACCGCACAACAGATCGACGGTCCTCGTCGCTCAACAAACCATCTCGGCAATTGCAGCCGTTTGGAACACCACTCCCTGCATTGAGCCGTTATGGAAGCGGTCGGCGTTGACTGTTAGGAGAATAGAAGACCATTATGAGGCTATGCGCCAAACCTTGTCGACAGAATAGCCCATATGGAAAGAAGAATTTTGGCCGCTTGACAGCAATGTCTAACCCTATCTACAAGGGCTATACCCTGAGTCCGACACTGCTCGAGAGAATGGAGTCTTATGCTGAAACAAAACGATCAATTTTAGTAACCGGCTACTATGCAAATGGATAGGACTGTCGAGTTGTCATAGATCTAGTCGGCAAGAGGAGCAGTAACAAAA,1045,49.76,Arabidopsis thaliana
SEQ_103583,AAGTCGTTGCTATGTGCCTACCGTGACCAGACCTAAACCTTTGGGGATAGATTTACCCAAGCATGGTGAGAATGTCGAGGCTTTCTGCCTGACCCCCGTTGATTAAAACAACCCCAATCTCACCTGACCTGTAATTAACCGCGCCCGGCGTGATATGCATTAGGCCGCCCGTCTACTATAGCCATGATTGTCGCCTATTCAACCACGACTACGTGTGTAGGAAGGCCCTTCCGGCCCGCGGGGCTGGGTCCACAAGGCGTTAACTAGTCAACCAGCGATTTTTGCCCAGGACAATATCGTGTCCTGGCTGAATCGGAAGCCAGGCAAAACAGGTGCTGTTATTAAGCGAATGAAGGGTCGAGGTGCTC,368,52.72,Homo sapiens
SEQ_391735,AATTCGACCCACATGAATAGTGTCGCACACGTCTACGAATTGGACTATAGGACGTGATTTTTCTCGTCGTAGGCGCAGAATGATTGTAGTGATGGGTGACTTTATATCGTTTCCTCTTGTGAACAATGTCGTCCAACCAATCCGCGCCAGGTGTTCATGTAAATCACCGGTCGGTGAACAAACACTATACAGCAAGACGTGGGGCGATTTAGCGCTTCAATAGGTGCGTAGTGTCGAACCACTTACCCCATGCAAGTAAGTCAGGCACATCTTTTGCACCGGACAGACAAAAAAAGTAACATAAGAGGAGATACGCAGCAAATCTTTTGGCCACATAGTTAGGTCCATCGCCAGAAGTCCTACAGCCAAAGTTTCTATCTATCGGCGGAGCGCGTACTATCCAGGACGTCTTATTGGGTGTTGCAAACGCCATTTTGCGCAAAAAAAGCTTCATAACGTTGGTCGTCGCCTTTCGCATTAAAGTGTGCAGTGTGGGCAATACCGCAAGTCATATATCCAGCAAAATGTCCCGTAGGTACATAATTCACGACACGAGGAACCTCCGAAGATCGTGACCTTCCGGCTAACTTGTGAACTTTGATATAGATCCGTGACGCGAGTGAGCAACGCGACGCCGACTGAGCAAGGAGCTAAAGCCGTGACCGACTGTATCGAGACGATCTTGGTAGGAAATCCCAAAGCCGTTTAAGGCAAGCCAACTAAAAGTAACTAATTGCGTTCGTAGTAGCGGGTGGGAGGGGTTCCGGCTCAGCCCCGAGCTGTCTCACTACAACGCACGCCGGAGGTGCGGCTCTATGGCAAAGTCGTTCTCATCGGAGACAGGGCATGGCCCACTGACCTCCTTAGCTATCCGCTATAACGCTTCAGACTCTAGTGGGCGACTAATGCTCAGGTGACGGGACCTTTTATCTACTCAGGAATGGTAAGGTACCGCGACCCGGGGAAGTCATGGGGGCTGCACATTAACCGCGCACTAGATTCCTGCACTTGCCGAGGAATTGATCGGGAGCGCATACCATATGGGGAGTCAAACGACGGCGGGAATAATCTTTAGATCGAACTTCATAGAATCGCTCACCGTAACAGTATCTCACTCTTCATCCGCAGTCACGCGTACTAACCCTGAGCCGTCCTGTTGAAACTCCAAGACTCCTTATTGGGCCGAAGTCAACTGACACCGAGCAACTTAACGCTCGTAGACCTAGAGGTTTTACGATCGAGCCACGGGGGTCACTCGATGTGTACTTTGGATAAAGTATAAAACCTATAGCGTGCCAGCTCCGTTTATTGCACGCGCCCTCGGAATATCCAAATCGCGACAATACCTGGAGAGCTTACGCATAGAGCGGAGGCAGCATGCGCTGAACACATAACGTACGATATTACACATCGGGGCTACTCATATGACTGGACGGTGATGACGCGAATCGGACGATTGCCTGGGGCATCGTCTGTAGTCG,1481,50.3,Arabidopsis thaliana
SEQ_759106,GTCCTCTTGTTTTCAGTACCGTGGTAGCACTACGTTTCCAACGCCCCAGTAAAGGTAACTGAGTGAAAATCTCTCTAATATAGTTTCAGCCATCACGGCCTAGAAATGACCGCGTATTGGGGAATTCGGCCGCCGGTCCACCAAAGACCGCCTCTCTGTGTACTATAAAGGGTGCACTAGGGATCATATGCCCCTTACACCGACCCGACATTACAGATCCACCACGATCACGACCCGGTCGCATACGCGACACGGCGACGTTACGGTATCTTTCGTAGCCTAGAAAGGTAGGCTCAGTTGGATGTCGCACCGTGACGAGTCAATAGAGGCGTGTCGGATCAATACTAGGGTACGGGTGCAGAACCTCCGCTTTTCCTTCACAGTGTTAGGCTAGGTTCTAGCCCTCAAAGTGCTAAATTAGACCGCGTACGAACATAAAATGGTTAGGGGCGATGGTATCTGCTATTGCTTAACGAAGTCTTCTACGCACGAGCCGGGTGTCCAAGAACCTAGGATGGCGCTAACCTTGCTTACTCACATCGAAGCAGATTCGGGGCGAACTGGGGTTCGTGACCCCCTAAGGTAATGCCGCGTCCATCGACCGGCGGTACCGCCCTCCATATGAACCCAAAGCATGGTTCACACCCGCAGTGTACCCTGTGCCGTCTCTTGGGTTTGTGTTGAGGTTCTGGTTTTGGAGTTACCTAAAGCTTAACCCCTATATAGGTGTAGGGCGGCACCGAAGCAGGCTTTCCATTTGGCGGACTAGGGTCATTTGGCTGCGTTAACCATGTCTCTACGTGTATTCCCTGTGCTATGGCGTTAGTGCCGGCCTCCTAAAA,842,52.26,Mus musculus
SEQ_899985,TTTATCTCCGCAAATTAGCGTTCCCTGCGGCGTCTGTCTGTAGTCGGAGGTGCCGAGATATTTCGTGGATAAGTAAAATTCCAACCCGTACCACGCTCTACATAGTTAGCAGCGCCCGCTTACTGTTTATCGCATAGTATCGCATTCTAAACTAAGGGTGTAGATGCCCTCGAGTTCGGTAGAGAAGCTAGCGAGCGAATATCCGTATCAGCGGGAACTTGAGCTATCGTGCTCGACGGGGGAAGTTCTCACGTACCGCGGCCCCAGTAATAGGACAATTGCTGTCCCGCAGCTACCCTCAATCGCATAAGGTCTCTCAGTTAGTATTTCAACCTAAAAGTTGATCTTGCTCCCCGACAGAAGTCGCCGTGCGGTAGGCAACTGAGTGAGTGAGTGAAATGCGGAAGCCCCGTTCCCTTTAGAAGACTTGGTCGTTCGCCTCATCACGAAGGAGTGAGCGACATATGTAACCCTGGCATAGTGGACTACCGGAGTTACCCCTTGGA,506,51.19,Mus musculus
SEQ_966179,TGAAGGACAGTGAAATCTAACTATGGTTGAGAGGCCCACGAAATATAGTTGAATTTAAACAGGGCTACAGATTGTGCAGTGACTACCTTAAGACCTCAGACATGAACAGACATAGTTTACTAGGTAGGCTTGTATCAGCGCCTGGCCTCTTACCTTAAGAGCCTGCCGTCAGTTTCTCACGGAGCGGTGGTACAGCGCAGAAAACCACGGCGCGTCGTCGCAAGATACCTGGCCGAGGACCCGACCACTCGCTTGCACTCCTGTCGCGGGGGTACACCGGAATGTGCATATCAGGTGGTGTGGGGACTAGATAGACGTGATGCTAATAGCACTGCAGATTAAATGGCGGCGCAGCCGAGATTGCAACCATTTCTTGCCTTTCAACGGTATGGGCTCGTACTAGCTTTCCACCTTACGAGGGCCTACTGACAATATCACTCTACTGGCTATCTTGCCGCTCTCGTACTGTGATTCCTGGCAGATAAAATACGGGCGGGATTCTTGCTGAGACCATTTTGCGTAGCAGCGGGTCTTGATCGTAGACATGAGGACCAGAGACCAATGACTAAAATATATCTAAACTGTAAAGAATCCCAGTAAGGGTCACTGTAGCAACCCTACGACTGACGACAGAACGCCCGTAGTCTTCAGGAACAAAAGCTGCCTTCAGCGGCGGCCATGCAGTCAGGATGACAGATAACTCACGCTTACAAGGCTAAGTTGGGTAATGTTAGACGATAATGGGCTGGCCGGTAGAGCGTAAGGGCTCCACTCGGGCAACAGTTCACCGCTGAGGTTAGCCACTGTGCCGGTACTCTCGAGCGGTCGTATCGAAAGGAAGTAGAAGGTCGGCGAAAGCCGCCTAAAACGAGCAGTGGAGCTGTAGTCAGAACGCGGCATCTACAATATTTATGGTTAGTCTTAAACAATGGACCTGTTGGCAGTACCTGCTCTGGGTGACATCCTGGATCCTGGATGAACACAGATCGTGGGTCGTAAACTTTTCTAGCGACGACAGAGCCTGTGGGTGGGTAAGATGACGAGGCGCCCAGACACAGACTTGTTTCGTGTGGCGAACGCTCCGGGAGCGCGTGCTATTGACGCCATTGAGGTCCGGCGCAATGGTCTCTGTTGAGGTAAGCCATATATGACGTCATAGCCTATATTTAGGGGGGCTGTTGAGATTGCTAGTTAAGCTGCACAAAGGTCCTCGTGTCAGTTCACTCGCAAGTGTGGCTATGATTGGAAGGTCACATTCTGCTTACCATTCGTTTTACTCCAGCCAGCGTAGCTAAGATGTTTTTACTTCCCGAGATCTTAACGATGGTCTGGAGCGCCACCTTATAGGTGACAATCCTGTATGGGCGCGAAAGTGTTGCGCCACGATGCCGGGCGAGGCTAACCCAGGCCCTGATGGCTATTGCGAGTGACGACGTTCCCGGCCACGTTGTGACTAAAATGTAATGAGCGGTTGGTTTCAAGTATTTCATAACCTCTTCCATGCATGTCGAACGCTGCGTTGTAAGTAGGAGGAGAGTGCCAATCTAATTAGTTCCAGTTACAAATCCATCTTGTTTTAAACTACGCCTGATTTTGGGGGCCTTGGCCGCATTCCTTACTTCTAGCGTTGA,1631,50.64,Drosophila melanogaster
SEQ_401371,GCAAGACGTCCCTGTAAGTTAGCCGAGACGCGATGTTAGGTAATCACACTGGAACGGTGCTATGCAACGCAGCCAAAAGGGCCGTCCGAAGGGCCCCTCACCCGTAAAAGTTACTAATCAGGACGTAAGCACCCCGGGGGGAGTTCCGCCGTTACTACTGAGATAAGCATACCAGTTGTTCCGCGGACCTGGATAGCGGCGTACAGTTGAGACGCTCAACTAACGTTACGTGTATTAGCTACCCGGATTATCTGGCTTTTTGATGCAGAGCGGTTCAGAGACTGCGATGAATTTAAAGAGGGTTTGTCCTCCGAGGTTTGCCTCCGGACCGGGGTTAAACCCTGGGATTTGACTTCTTTTTTCCCTCAAGCATCCGCCAAGCCCGTGGTAGGCATTATTTGGCCTGGACATGCCCCTTAGAGAAAGTCGACGTTCCAACTTTGTTCAGTGCACAGCCCAACACAATTTACCTTCATCATGGTAATTCCGATTCATTCTTGCTGTATCATAACTGTCGGGCTCGTGAGCCTCTAGCTGTTCGCAACAATTAAGTTCGGAGTTGAAGAAGGGTATCTTTTGAGATCAACTTACAGTTCCGTGAGCCTAATTACAAAAGAGAGCCCGCCTGTGTCCGAGCTATCTAACAATCTACAGGCCGAGTTGCTTCTATCACAGATCGTTCTCAGTTTATCATCGGGTCCCTCGCCTTGGCTGCGAGCGGTATCTTTGAACGTGTGACTACTGAACAGGACCAACGAGGTTAACAAATCTTACACTAGGTAGGCCGATGGCCGTAAGTTTGGCGCGGTTTAGATATTTCATACGTAATCTATGTAATTTACTATAAACCATTATAACAACAAGGAACGGCATTTCAGGCCCCCCCTGTCCCAAGCTCTGGGTTGCTATGGGGTCCCGGTGGGCATAGAGCGCCTCCCTTTCCTAAGGTGATGGTGGGCTCTCCTCCTCACTAGAGAAACAGACACTCTAGTTACTCGTCTACTCATTATGATAGGGTAGGAGCCTAGCTTTAAAAACAGGCTAGGCTGGACTGTATCGTTCCGAGCCCTTATTAACCCGGTCCACCCCCAAGGGGGGAGAAATATACTCCCGTCAGAGGGGTCGATGCGGGACTAACCCAGCTTGCTGGGGTTATCAAGAGCTATGAGCGTACGGGTTACGGGTTCTGGCACTCTCCGGACCGCCCGGAGCAAGTCCACTGGAGACTAACCCTATATGATTAATATTCAAATGCATCTGACCTATTGAATATCTTAATCCCTCAGTCCAACTGTTAATGCTGTGCAGTGCTAAGCAGCCCCACCGAAAGCGATGTTCGTATATGACGCGCTCGTTGGGCAGTTTAGGTAGAAGATTGTGTAATCCTTGGGCAACTCTGAAGCATACATGACAAATACCCGTGTAATCGGGAAATTGCATCCCATTTAAAGAAGCAGGAGCTTGTGAGTTCCCACTTTGATAATCAGCAAGTGTAAGTAGCAAGGTTTTTCGGGCGTCGAAGAAATGTCTTCCGTCACGAGAGCTAGACTCAGGCTCG,1558,49.29,Saccharomyces cerevisiae
SEQ_647825,TGCTTTAGGGTGTTCGCAAAGATCATCGATGCCAGCCCCTGAGTTGTCTCTGATTACGTATTGTAAATAACCTCGAGGAGACTTGGCCAGTTCCCCGAACCCACGCTGCACCAACGGAAGGACGTTAAAATAAATGACGTGTAACGACGGTTAGAGTTCAGCGGGCTATTAATGGGTCTTACAATCTTTTATGGCCGGTGGTTTGGGGCCCACCTAGTCAAATTGGTCAATTACGCTAGTATCGCGTTTCACGATGATATAATGAGCCCAGTAAACTAAATTGCCACCCCTAATGACGCGTCCTTTGACACTAACGTCTCACGCGCCTCAAACAGCACGTCCTGGACTGATCTCATGTGTATCGACGAATATTTCCTGAGTACTCGGCTCGAGTTTCGGCTGCATATAGCATTCGCGCATGAAAAACGGCACCCTTTCAGGGCAGCCTTGCGTAAGTTTCACTTCCAATCATGCACGTGGTGAGTTTTGGCAATCGATGCTAGAGATGTCTGTGAGACAAGAAGAAGTTGGCGGGGTGCTTAGAACCTACGGGTAGGTAGTAGTGTCACAGACGACTAGTTTAACGTGGGCTTGTGATTCCACCGTTACGTGCGGAACTGCCTTCGAATTGGGTTGGTTGGTTTTGCGTCGTACGAGGTCATTCTTTAGCGGCATGATGCTCTATCGCCATAACGCCTGTTTACGTAGAAACTTCCAGCTCGCCGGGCCTGATCATTCAATGTTTCCAGCTGGAAGCTTCACCCCAAGCAGGCCGTAACGTGGATTGGACACAATCGCTGACTTGTGTAGGGCTGAAATCGCTGCCTTGGTTAAACGATTACTTTACCGTGTCAAAAGCCAATTAGGTGAAGGATCATAGAGTCCTGGTCGGCCAGAGGCGATGTGCTCC,910,49.34,Escherichia coli
SEQ_986128,GAGGGCAAGATTAGATCGTAAACGCTGCGAATTGGTGGGCTCTCGAAACAGCGAACAGCGTCGGTACGGCACGGACTAACCTCCGCCGTATGCGCGATGTCCGGTAACATGCGCTAAGGTCAACTCTGTAAACGATATACGGACTGATCACCAGCGCGCACGTTTGCCGTTGTCGCATTAAGTAGACAATTTGCACGCGTGTTCCCAATGAGAATGTGACAAAACTGCGCAGTAGTTGATGTCCGCATAAAGTGGCTCAAAGTGTGATACGGCCACAGAAGGCGTGACGCTAAACCCGGCAACGGCCGGAGCAGGTCACGCTGTAGTTGCATGCCCATAACGGTATCCCGCGTCGGCCACACGCCAAAATAGCGTATGGGCGCTATTGTAAGGGTATGTACAACACATATGCCTCTGCCTTAACCCAGTGCGGAGCTTGCTAGTTACCGTTGTATACTCGGGTGTAAGCTGCCAAGTCTCTATTTGTTACTTTATCTCCATCGTGAATCCGTGGGGCCATTATTTCCGATTGCAAGTGTGTCTGCGCTCTTTCCCCCTCTCCTTGAGAGACGCCCGAACCAGGGCCGTTGCACCCTCGTCCCCCTGTAACTGTCTATCTAAAATGTATGGGGGCGCTTGAACTACACGTTGGTCACGAGTCTCTAAGGGTAAGCCTCTTAGTGAGATCGTACCAAGCATACGTGTCGAAACGTAGTTGATCCGGAACTGGGGGCCAGGCCTTGGAAATGGTATGATATCGCCCTCAAGCCCTTCAACGGCTTCCGACTTCGCGCCCGAGTAGATTATCCCCGTGCTGACGGACGAGAAGCTTTTGTCTACTTAGAGTCAGGTTTAGCGGAGAGGGCTTTT,870,52.64,Saccharomyces cerevisiae
SEQ_684569,TCGGGAGTGTCTAGGGTGGATACCACATTATAGCTCCTTTAGTTAATATGGGGAGTTCGCCTCCCTATTGCCGTAAAACGCTTCTTACGGAATTCTTTCCCTCCCTCGTTATAAAGCGAGATGACGATTTCAGACCACGCCACACATTTAGCTCATACAAGTTTGACCGTCTCGCGCCCTGGAACCCAATCAGATTTACAAATTTAGAAACTATGAGACGTACGCAGCGCCGGCGAGAAATGGTTGGGAGCCCTGGCACACGGTGGGAAATTTCCTCCCCGGCAATAAATTGTTTTCGCCGCGCCTTGTGGAAACCCGGCTGGGATTTAGCAGGGGGCTGTTACTGCACGGAGAATCTTGTTGCTTGGGACTCTAAATACTTGGTGTGCTTAAAGGGACGGAAATGCCTTTACCACCGAAGATCGCCTGGTATACATATAACGTATGCCTCGCTAACATCACGCGGTGACATGTTATAGTTGCGCATTGCATAATTGAGTAGGATGTAGGTACTATCCGGGCAAAGCAGCCGCAACGTATCGGACTTTTATACATCGCTCTTCATCAGCAGGTTACCGCAATAGATCGTAAGGGAGAGTCGCCGCATCTTCTTAAAGGGCTAGCCGGGTCCACTAGTTGGGATGAATGGGCGCCTAGGGGCCGATAGATCT,671,49.63,Escherichia coli
SEQ_354499,TTCCCGCTTGGATAAGGCCGACGGTGCTGCTGGCAGCTTGATTTTGAATACCGTGACGTCGTACATCGCACAACGCCGTCGAGTATTCGTATTGGGGGGGTTCGATCCTATTGGTATCGGGTTAGTGCGAGTGCTATTCAGATGTTATAGAGACACGGACGTAAGTATGGTTCCTAGCGCGGTCGCGCCCGACTTTGTCGTTACGTTGTGATTAAGAGTTATGGTTGAGGTCATCTAAAGCCACTATACCTTGCCTTACGTCAGATTAACGTGTTTGGGGCTAAGTAGATACGAGGAGCTCAAACTAACTTTCTATAAAGGCGGCGTTTACAGCGTGACAGTAAACACTCTAAACTGAGCCCCCGGACTCCTCGTATACTAGGAATGCTATAAATTTCTGTGCAGTGCCCAGTGGGTCAGGATTCCTAATACCCTTAGAGACAAATCCGTGGATGTGCGGCGAAGCCTCAAACCGAAGAGGTGCCTTGGGTACGAGCTGATGTCGGAGTATTGTTACGCCGAAGACCGTCTCATGAAAGATGGCTCTAGGTATATGTTATAATAGCTACGTCGGGTGAAGCAGAGAATTAAATGATTGTCCTGGAAAATGCAAAGCAAAGGACTAAACGGTTTCCGCACATAGGGAGTAGCCTGGTTTTTTGATAATTAAATTCTTGAATTACCATTCCCATGGGCAAGTAAGGGCCTGCGGTGTAGTGTACTGAAATAAGATGGCGTCGCCCGGCAAGGGGTCTCGGAAAGTTGACGGATTAAGGCGAGCGCGCCCTTGAAACTGCGGGGGTCAAGGTACGCCAGGTACCGACGCGAACACTGCAACTCTATCCCGGAAAGAAGGGTGGTAGAATGACGTATTTCCAGGGTGCCTGACCTTTCCAGGTGTAGCGACAGATAAAGTGTGGGGTAACGCCCACATTCGTGAAGTTCTTTGTAAAGAAGTTAATAGATTGACACTATTTTGCGTTCTGGTTCTGATAGGAGTATGCACAGGAACGACTAGATCGGGCCCTGCGGTTCATATGTTCGCTGTTAGCAGCAAGTTTTAATGCTGATCTTTGACGCCCTGACAACCGAGTTGTCCGTAAACGACTCACACTCCGCTCGTGATTGGACACTTATGTATTTGGACATGTCGAGTTACCAATACCCTGCGGCACGACTCATAATGAATGGGTTGAAAAACGCTTTGTTGCCGGGAGATTAAAAGGTGATGCCTTAAGAGGGACGGGCAACAAACTATTTTGGGGCTATGGTGCGACACAAGTCCCTAAGCTCATTCACCCCAAGCGACTCCAAATCTTCGTTTCGTTAGCAAACGTGTCACCGGTCTTTAATCGTGTTCCGAGGACGGCAACGTTGCTAGCATAGTTTCGCGGTCTATCCACGTTTCTAGTCACACATAGATCCCCTTCTACGTGGTGCACGGCACCCCGCAAACGAACGACCAGATCC,1470,48.78,Saccharomyces cerevisiae
SEQ_888938,ATAGGGAGGTGATGTAGGAACGTTTCTATTTAATTAGAAATACGGCCGGAGTAGGTGGCGAGGGCTTCCGTCGTACTAAGAAGAGAATTCGTAAATGGTTACAGGAGCCCTCCATTAGCGTTCAAGTCTTTGCTCAATCACTTCACCGTCTACTGTAGGCAATCGCACC,169,46.75,Mus musculus
SEQ_533083,TTGTGGCTGCGAGAGCAATCTGTCGTGAGCTATGGCTGTCACATAGGATGCTAGTTACTGGACATCTGTCCTAAAGCCCTGCGACATTCTCAACTCAGGTCGTGGTATGGGCTAACGTCAAAATATTGGCAACTGGATATGCATCGAGCAGCTTGCACGCACCGTCACATTTATTATCCAAATAGTGTTTTGTGGAGAGTTTTAATACAGTTGCCAAGTTCAGAACATGATATCACGGCTCCGCATTTACCAATACAGGTATACAAACCTTTCTGACAATGCCGGTATGGAAATTCATGACACAGAGAACTTGCCAGAAGGACGTCCATCGATATGGAGGGCCTTATAGGGCTTCCTCACCACGCGCGAGTGAAGCATCTGATAGCAAGGTCACCACACTGACAGGTCAGCCCGTGAGCGACCAATTTCAGATCATTCTTTATGTGCGTGCCGCCTCGTGGAAACGGGAGTACGCTCAACCCTCTCGTAGTACACCAACCAACAGCGATCATTAGTATAGGGCTCAAGGCGAGTGGAATACCATGAGGGTTGGTAGGTCGGTGGTCTCTGATGCTATCCTTCTTCGTTTGACTGACGGCGTCCCATCTTCCACGAGTGAGACCGAGGCGCACTGTATTGTATGACTTGTGACTGACTGTCTTAACCCTGCCTGCTTAGATTCTGTCGGGTACAAGCCCGTGACGAGCACCCCTGCGATATGGGGTTTGGGGTTATGAACTAGTATGTACGAGGATAAGGTGTAGACGACAATCATACTAACCCGCGATTATGCTGGAAAACGAGACTAACGAAATTTTAAGGATAGCGTGCTGAAGTTGTAGTCATCTGCAGGAGTGGAGGGTCTCCTATGAATACTTTACACCACTCTCCTATTATGCGGCTGGTCTAGCCCAACAGCTTAACCTATGCGTCACCACGGGTAAAATTCATCAATACTTATTGCAAGAAGCTTAATCA,978,47.96,Escherichia coli
SEQ_934215,ATTCGAAGCATCGTGGTTGAGTTGTATAGGGCAGACATATATCAATAGGCTCTTGCGACGGTGGGCGGACAACTAAAAGTTCTTAGAGCTGCGTACCTCCAAAATTGTGTGGGTCCTTTACTCCGGATCGGTCTGCCTGGACCCGCTCCTAACTAAACGAACGTTAACGTGCAGGATATAACCGCCAGTACCCGTGATAGTTCACTGTTGCGAACTGACGTCGGGGGCTGCTACCTATTCCCAGCGGTTTCTGATCGATCACGCGCGCGTAAGCTGCCGGCCGACCCCTCCTCATCTATACGTCGCACATCCCGGAGTGTGACGCCTGTCGCTCCAATCGCAGTTGCTAATGGCGTCCGCGAGTATGGAACATCTATCAATCCAAACAGTCTCCCGATAGTTACCGCGAGAGCAACGACGAGTTGAGACCACAGTTAAATTGCAAATGGCGCCTGGATGAACACATGATCCAACCTTCATATAACGCTAATATATTCTCTCGCAGAAGATCCCTATACTTTCTACGTCTCCTTCGCTGCCTCTATTAGGTTACCCATATGAAGTGCCGACTACAACCCCTTGACGAGCCGCTCTACTGAGTCGTTGTAGGCTAGCGTGGGAAGGAGAAACTGTTTCAAGGCCTGCTTTCACATAGCTACCTGGAGAGCCATCGATCTCGACCACGAAGCGACCACGCACCTAAAGCGTGACCGCGATTCAAGCATGGTATACTCTATACGTCCATAATCTGTATAGAGTACAAACCTCGATGTGCCGATACGCGTCCTATGATATTTTGCTACAGGCCTGATCACTCCTTTATAGGATGTCCAGACATTTGAATCTTTGCGCGAAGTGTAGCATCTAATAGTGTCACGCTCTACCCCGACCGTCTACGCCCGCCACGCAAGACGCACTAGAACCGCCTCACTTTCTGGGTTGGGGATACGATTCTGCCTAGGGTATGGCGTCGGTACGGTATTAGGACCGAGACGAAAGCGAATTCCTGGCAACCGAGGGGGACCGTCCAGGTATCTAGGGCTATTCCTGTTCCTCTATTCTGAATCGGGTGACGTCTAGGCGTGGGGTTGTCAACGTGGCGAGTCAACGCGCCGGGTTCGCGAGGTTATAACTTATACACTGGCACGCTTTATGGTGGTCAGCGAGCGAGACCATACAGCCGTTCGCGACAGATAGCCAAGAACATCTGGGTAGTCATGTACCTGCAAAGTTGCGGAGTCGGATGCGAGGAGGCATGTAAGTGACCGAGAGTATGGCCAGATTCGTTGGGGTCGACATCTCGTGACCCGTTTACAGTAACGTCTAATTGGATCCGGGCTGATACGTCGAGTGACGAGGAGAAGCGGCATGCGACTACATACCGCTGCATGTTTGACGCAATCCGCTGTGCACGGGAGAAGATCCCGTATGAGGCAACAGCGCTTTACTGCCTATTTCTCTTGCTAGACAAACGCGATGGTTACCAGTTTGGTAGAGCATACAGTGTCAAGTCCCCTAAGTGGGATCTTCACTGATGTGGTTGCAGCACAGCGCGCTCCTCAGCCAATGCCTTGGGATTATTAGAATTTCTCTTGAAGGAACCAGAAACATCAGCAGAGCAGGTTTAGTAGTGGTGCAGTCTCATGGTTCTCTGCCTCTGTAGTTAGT,1668,51.56,Arabidopsis thaliana
SEQ_713789,AAAACTGCCGCAGGTTTGCTTATTTCGACATGTCTGAATCTCCTCATGGGTCCTTCGGGGGAGCTCACAGGAACCACAACACGGTTTGGCCGCGGTCATGGGGGCCAAGTTGTTGAGGTTTTAAACCGGGCAGAGTGGGACGTGACATTATAACATAGCATAAAAACTGCATCCTTCGCTAAATACCTCACCGATTTGATCATGAGGCTTCACAACATACCGGTAGTCTCAAATTCGGAAAATGTGGCCTGTCGACTCTCGCTTGCGTCGTCGCAGCCGTTCTTAATGTACATAGTAACGGTCAACCGGGTTCATGACGTCCGTAAATAGGTCCCCGACCAGCCGAGTACTCGATCTGAACGACTGGAACCGCAATGACCATCTTCCTCTATAACGGGGCATAAGCGATCGCGTGCTACTTCATCATCTTTTCCTAGTAAGTGGATACGGGATCACGTCTTAACTCATATAGACGAGGCCCGCAACAAGGCCAGGG,496,50.2,Saccharomyces cerevisiae
SEQ_155081,TCGTAGCGGACCGAATCTGCTACAGATAATTTGTGGGTTCCGTCCCATTTTCCATTATTTTCTTGCATCACACTAAGGTGGGAATATATAAATTATTTTAAAGAGAAAAATACATCGCTTGAATCAAACATGGTAACAGCCGGGTAGTCCGACTAGTAGTTTCGCGCGCACAAAATTCAAATCTATATTCGGCAACCAACCCTCCCGCCTACCCAGGGCGTCGACCGCATGTGAGTGGAGGTCAGGTCGTCGTGACCCTCTGGTAGTATTTACAGAGTAGGTTGGAACTGGCTATTGCCAAACAGGGGCACTTGGTCTGTAATGAGTCAACTAGAAACCCTCTCGAGTGACATGCGTCTCTAGGACTCTAGTTTCGCACCACCTCATACGTCCTAGACTACCGTGTCATTCGCCTGCCGTAGGAGGTCCATATCTTTGCCCGCTCCTCCTATAACACTGAACCCTCTAATGAAGCGATCCACTTGCTAATCAAGTCTATCTCTCTACGTCATATATTAAGATGGCCACCGCAACACAATACATCTATATACCACAACATGGCCAACACATATCATCGTCTTCTTCCTGGCTACGGCATTCGCATGTTAAGGCCCGCCCCATAGAGGAGTCAAACTTGGAGTTTGGGGTGAAACTCCTTTCGATGCACTGGAGGCTAAACGCAGCTTATCTGCTGCACTTTAAGCAAACTTG,711,46.98,Escherichia coli
SEQ_167248,CTGCTAGGTTGCCAAAGTTCGGCGTCTTTACTACTTCGGCGGACAGTTGTGCTACGCTTAGAGACTATAGTATCGGTATGGTCGCTGGACTGCGTTTACGGCGTAACTAACTGACCCAATTACACGTACCTAATGAACCGTGATCTGTGGGATACCCAGAAGAACCAGGCGGTGGGGGGTCAATCGTTTCTCGTAATACCTGTCTTCGCTCATAACCATACAGTAGGAACTACACGCCAGCTGGGAACTGGGGCGTGCTCACGCAGCGTTTAACTTCAGTTTTCCCTGACCCCAAGGATTACTCATCAGGGCAACATCCCTAAGTAGGTCGGTGAGATCGCGTTATTTAATTTTCGTGTCTAGGTCATTAGACAGCTCGCGGCGGTCACCCGTAGACCCACCGGCGGATCTTTTTGGCTGCCGCCCGCGCTAGCTCGAGCAAGGGGATACGGCACTGGCCGATGAG,466,53.22,Saccharomyces cerevisiae
SEQ_881888,AAAGGCTGCGGACCGACTCAGAATCCGTAGGCGAAGCATCAATGAGCAACGTAGTTGAAAGGCACGTTGACTGCTTCCTGTTAGTCGTTTTCGGGGAAATGAAAGCGGGAACTATGGCAGAAGTATGTTGATTTCCGCCAAAGAAAAGTAGGTTGGTTGTGGACGCTAGGGTCATGCAAATAAGCCGACGGCTACAAACCCACAATGGCTTCTCTTCCAAGCTGGCTCGATACTACGCGTGACCTCGCCGTCATCCGCCGGAAAAGTGTGCGTGAGATATATTACGGGAGCTGCCTATAGTCGGAACCTAGATTCTGAACTAAGAGTTTACAGGATTCGCATAGCAAAGGAATGCCAGACATAACTTTTCCGGTCATAGATTACCCATTCCCTTTCCGGCCCTTTATATGGGTCATAACTAACTCAGGGACATCTATAATACGACTGGATTCAGGTAATACCGAAGCACAGACGGTATATGCGTGTGATCACAAAAATACAGCTCACCCAGGAGATCCGTCGGCGTATCTCATGCAACAGGTGGCTACCCGAAGTTATAAAAGATTCATACCTCCGTCGTCAGACTCTTTACACTACCATCGAACGACGTCTCCCCTGCCTGAAGGGCCACTCACCCTGGACTGATGATGTGGGTGAAGATAAGACGCGGAGCGACTACGGCACTGACACGTGCCATCGAAATCACTGCCGGTAGAGTAATTATTAGCGGTATTAGGTACTTCTAAGTGTCAAACAGGAGCAGGAAAACTAGCCAAAACCGATTGATTACTACGAGTCAAAGGGAATAAGTACTCATTCCCTTGAATTGCGTACGCTCAGCTCAATCCGGTGGGTCCCAGTCGGTCTTATAGCTAGAGTATGACCCCACCGAGGGGGAGCTGCCTCCTATTGTGACCTGCACTCAAAGTATCCCTGGACAGCATCACAATTATCACAGCTTATCAGCCCCGAGCGTTAACATACGTCCTTGTTGCACGACGAAGGGAGTTTGAATGTTGGTCTGACGTCGTGCGCGGTCGGTCGCTGAAGGCAAACACTTCTATAGTACGCGTCGCCCCTCACGGTTAACCCACTTAGTCGGCCCTTTATGACAACCACCCCCAGGTCCCAGCTCTGTCGATCCCAGAAGCCAAACATATCCGGTGCGGGATTCTTCATCTGGCGTCCGGGGGGGCATCCCTGATTGTTACTCCGACAGGTGGTGTTCTTTTGTCCTGGTAGGCTCGAACTTGCCTGACTTCAATTCACGCCTATCTCACGTCCCCTAACGGCGCCTGTGACCCGGGCTTACAGTTACGTCTAGCATATAGTGTTTCCTTCCATGCGAATTTAAGCCCAAAACTGGGGCTCAGTTTCTCACTGCACACTTGAACTATGTCTAAGGACGAACAGGTCAGGGGAGTGTTTTCGAAAGATGAGTCGCAAGTTCGAACTTCTCTATTATGCACGACTGGTCACTTATGTCCTTGGTGTATAAGCAATCTGTGTCTAAAGTATCTACCGATTCGAGTACAGTGAGAAGTAATGATCCAGTCGATTGGTTCCTTGGCAGGCCCGACTAACCTACCCCGAAAATCGCTCAGCGATTACACCCTATGGAACGCAGAACTGCGCTATTGTATCCAAATAAAAAGACAAATAGTCTGCGCGAAAACGGTTAGTTTTTGGCAGACTCCAATACAGCAAGAGAACGTAAGTAAGGAAGGGTGCTAAACCAGTAGTACGGTAGCAGGTGTCAGAATTAGCTGAGCCTATGACTCAAGTTGTTTTTCGTAATCGTCGGGCCACCAGTGAGAGGACACCTACGGCGCTCGATCGCTCACTTAGGTAACTTCTTACAGTGCGCGAGTAGCCCAGTGCTTGTG,1886,49.36,Drosophila melanogaster
SEQ_272042,GATGCATGCACATGGCGGGGGGCTTATTCGGTGCATCACCAGACAACTAGCTGTCAGCGTCCGTATCCAACTGTAGTGCTGGGCCATAGCGGAGTCGTCCCCGCATAATCGTACCAGACAGGTGACAGCTTCTGATACGGAACATTCCTCCCCGGTTTCCACTCGCGGGTTATTCGAAGGCGGTTGCAGATTCTCGTATTCGAAGGGAGGATTGAATTCGTCGATCAGATTAATCGGGGACAAGTGAATTAGGTTGATTTCGGCAAACATCCGTACATGGGAATATCATCCCTGTCAAATGCGTAGCGCATAGAGTCCCGGAGAATGTTCTTTTGCCCCGGGAATCAGTAAGTTGTAGTGACGCCCATCATTTATCACCCCGGCCACGAAAACCCGCCGTTTCCATTCACCGATGTGCGGCGTGACGGCTGCTTGAGCCTCCAGAAATCAATAGGAATGCCGAGGGTGTCTGGCACTGTGAAGCATACCGAACCCCGGAAGACAACAGAATATTCCTTAGGCGACAAGCCTTATCTTTGTCTCCCAACAGTGGCACTTACCCAAAGAGACATGTACCAGCCGAACTATTAAATATCGTCTAGCTCTAAAGAATCGCGTATGGAGTCCGAAGTCCCCCTCATACGCAAAAAGAATCATAAGCGGAGTAACTGGCTGACAGGACTGAACGACAAGCCGAGTACATAATGCATCTTTGCGTCTCAAACTAAATTTCCCCATGACCCTTCTCGATCCCAGACAATATCAACTGAATGAGCATTCGGGGAGTGAGTTGAACCCCTTCGTACTCTATTAACAGGCTCGCGCGCCAGGTAGGATTTCCGCGGCCACCAGGGGACCGGGATAAAACGTGAGAAACACATGATGAACCCGCGGGTAGTCGGAATTGAAGTATGCCGAAGAATGGTGAGCGATATAATAGGTATGGCGATTCAGAGGTTCAAGCTGCAGCTTTTC,975,50.36,Saccharomyces cerevisiae
SEQ_792215,CAACGGATGCTTTTACGGTTCGTTACACTCGTGATTTAACATTGCGGTGCACCTACCCATCATATAGTTAGGTGCCGGCCACTCCTGGTCGGAGCCTGACATAACTGACCTTAAAACTTATGCTTGGTTGGCCGAGTCCAGGCTCGTATGATACCTTTTTGTATGCCCTTGGTACTGCACGCTTTCGTCGCTCTGCGCAGTGCTCCCAGGGGGCTGTTTGGCGATGCGGCGATCGAAATCAGGGAGAGTCATAGTCGGCGCAAGTTAATGGAATTTCATCAGTCCCCGGATGGCCTGGCTGCTCTGCAGCATCCGCGAGTGCCGATACAGACCGTCAACATTGCCCCGGTATGACTTTATCATAATCCCTAATGGACTTCGGAGACACGCTGCGACCCGGGCAGCATCAACAGTTGGCACACGGAACGCATGCAGAGCAGAGACACGGGGAGGAAAGGTTGTCCACCTCGGCTGCAGCGCACGATTCCCTGAACGCCTTATCCTAATTCCGGCTAAGTCGGAAACACTGACTCAAGGACCGTTGTATTTTAGTCTGCCCTAAACCTCCTATCCTATCCGACTCAGGACACGTTAAATAGGCATTCTACTCCTCTAACCCCCCTTCCGTAATTAGGTATTGACGCTTCTTTATCCGTCGCCCCTACACCTTCTCAGCGTTCTGTGTGACATGGTTCGGGTACGGGAACGCAGCTAATGACTGAACCTTCAAGACATAACAGGGGTTAGTGCGCTTGGGTTCAGAGGCCTGATTGACCTTTTCGCGGTCCGGCGTGGAGGGGTACTTCAAGCAGCGGTGTCCTCGTGCTCCTCCGCCCCCTGTCTTAAAGATGCTATCAACAGCGGGGGGACCCAAATATCCAAGCGTTCTCTCTCCTGGACATTCAAGGAGCTCAACCAATGGGGTCATCCAGCATGATTTTTTTGATATATCTGTTTGTCGCTCGAAATGGCCGTCCCTTACTGAGACGTGCTCGACCCACGATGGGAACTGACGGAAATGCGTCGCTGCATCTCCGGCCTTGCTCATACATCTACCGTCCGGTAAGATTGTCTCTCGTCCATCCGATCTGTGTGCTAATGCTTACATTTGTTCCCCATACGAGTTCTCAGTAGCCCATCTAAGTAAGTTCCGGGATAAAATCCGAGAGAACCCCGTACTATAATGCTTTGGCACCAAAGCAAGGTCCGGTAATCGTGGCCGCTTAGGCGGCAGCATCCAACTATGGGTGGATTCCGCATCTCTCGAAACAGCCGTGGTCCCTCGATGAATCTTTGTCGGGAGAGTTGGTGATTCACCCATCCGCTAAAGTCGAGGTATTAGATAACTTTGAAATCAACGAATAACCGGAACGGAAGTAAGCTCACCGTAGCAGGACTCTCCTAAACAGATTCTCCACTTAATTTAACTGCAGGCCGCTCCCGAAGGTGGTTGTCCAGACGTTTGCTACACGTCTGTATTACGTAACCGGGCGCGTATCAGTAGCAGAGTCCCAATCACCGTGGCGGTATCCGATATAACTATTCCCAAGAGATACGCTAAGGCGGAACAAAGTGATTCGAGATGCTATAGCTGGCGTCAGTATCAATCACTGATGGCCATTCGAGCGGATGCCCAAGGTGACATATATGAGAACGAATCCAAGCTATTCACGGTTGGGGAACTTGACAGCGATCTTGGAGTTGGAATGCGTGGCGACCCCACAGGGGACGAACGTGTCGCCACGTCGCAAGGACTAGCGTAGACTGTTTATGATTGATTTAGGTGTTGGTGACTAGAACCTGAGCATG,1809,51.63,Drosophila melanogaster
SEQ_700409,ATATTCTTAGTAGTACGGAGCAAAAAACCCCTAGCCACCTTCTTGCAAGGCCTAGAGAATAGAGCCAGAACTATACGGGCAAAAAGAATGTGCCATGGAAGAACTTTTGACCCTTCTTAATTTAAGCACCAGGTCCGCGGTGCTCATACCACATGTGACTAAACAGAAGCAGCTGCTGAAAGCACAGGAAGTGCAGGAGGATAGCATTTGTGAACTGTGTATTCCCCCTCATACCTCAGAGACGCTTGTAATAGCATCCACCATCTCGCGGATCATCACGCACATATAGGAGTTTGTTACCCCTGGGCGTAGCAACGCCATATTCGAGAAAATCATAAACGGACTAGCGAACATCTGCGAGCCTCCAACACGATCTATGAAGGAACGCCAGGAGACAGAATGCACGTGGTGAGCAACACGGTAAGTAGTGAGACCACGGCACGTCGGAGTATACTTAGAGTTGTTATCGTTAAATCCGATGGCGTAGGGAAATACCCCGAAAGGGGGTGTCTGAAAAGACATATAGGTCTTCTCGGCGAAGCATATTACTAAGAGCACCGGGTAGGATAACGGTCGACATTCAAATTACGGGGTTAGCGAGTCTAATTGGGAGATGTTAGTAAAGAAGATATGTCCTTAGACCTCTCACTGTGTACGCTTCCAGTGTCCTGCTTATTTCTTTGCCACCCCGGAGCGTACTCATGCTTCGACTTCGGCACAGAGGGTCGCCAGGGATCTCTTTGATACACCGAATGATACTCGCACGCATGAAGCGCGCCTGGGTCTGAAAGTCGGCAACTAACGAGTTGTGGTTTACTAGCTCCCGTATACGGAGCGTCCAGCGAGCATCGTGTTGCTGAGACTGTGGACGCTCGTTCCGGCGTTTTCTGAGGCATATGCACAGGACACAATGTCGTCTGGACGTCATGCTTCTCTGAGAAATGCGTGTGAGCTGGACTTTTGTTAATGTTCGCCCAACACCTCCCTCCTCATAGTCCCTATCTGCCGAGGTAATGTTTTGGCGTTTCTACAGCCACCGGGAGAGGCCATGCTACCCAGGAGCAACATGGTTTTTTATATCATTTGCTATACTTTAAGCATCGTAGGTTCGGGCCGCTACGATCGGCTGGCTGCATCGGTCCTTAACCTGACATCGATTGTCGAGATTGCGGTTCTATAAATGAAACTTTGCCATTGGCGGTGGAGTCACGGGCGCTGCACAGGTCTGCAGCCGTGTGCCAGCCGGTACCATTATATATACTAGATGCGCACTGGCTATTCCATGTGGTCATATCTAACAACAGTCTCCATACGTTCGAGCAGCGGTATGCTGCATCCAGCGATGCAGGAAAGTAGCCCGGAGCCTTTTATAATTAGTGTGGGTGGGTTAAGGGAGCATACCGAAAAAGTTCGCGATCCCGCGTGTGCGGCGCAAGCCGATGCGCGGAAGAATGTTGCTTAGGGATCCGGTGTTCCTTACCCTCATAGCTGAACTCATACTGCGCGGAACAACCGTGAAATCCGACTAATTCATTAATTAAGGTCGTTTCAGACGAAACGTACGGCGCGCAACTACGCTTCGTGGCATCGAAC,1593,49.97,Caenorhabditis elegans
SEQ_616133,TCTCGAAATATCGCCACCCGGGGGGGCTATTTTCCAGGCGTTGTGCGATAACAGCAGGAGCATATTCCGGCCAAATAGTTGACGTTTACCCAACTATCGATCTCAACCTGGATAGCAGATCTGTGAATTTCTTTGACATTAATCGCAAGAGCTGGTTGAAGCAACCGAACGTTGTGTCAGCCTAGTGCCTGCGGCTTGAGTTCATAGTGGTAGTGCCGACACCCACTACTTAGGAACTGTTGAGCATTAAGGGTGGGGGTTACTTTGTAACCCCACCTCTAAATTCGATACGCTGTTCGGCGTTGCACAAACACCCCTGACGCATGATATCGACCTTAGCAGCGATAGACGCGCTGTTCTGCAACCCAGCGCGAATAGGTTGTGCCCGGTAGCTGCCACCGAGTAATCGCTATTTCATGAATAATGGTTCACGCGTTTTCCCCAATCACCATGATGAGCTGAATATATATTACCTTCAGATATTTTCCCAATCATCAATTGGACCTCTGTCCTGCCTAGAGAGGCGTGGGCGTAGGACCAATCGGCCTAGTACGACGACCGTGAGAGGCTGCTATGCCTTTCGTAACAAGTGAGGTCCGTCACCCCAAAGAAAATCAGTTACTAGCCCGACATCAGAATCCTGTAACGTTTCACATTCTCTCAATCGGTATATGAGAATCGTTTCTGCCTACCTACAACGTCAGTCTAGAGGCACCTCCTGTCGAACACTCAGCTAGCAGGCAGAAAGGGTGAAAATTTGCCGGCACTCCTGCCGCTCGCGTTCGTGGCCGTCATAGAAAGGGCACACACGTGGGCTTATATGTGTATAGCATGTCAGCTGCGTGGATTTTAGTCGTGCATTACAGGTAAAATCTTTGCGGGTTACCGAGTGCTCAGACTAACTCCGTTAGAGAGGACACAAGTTACCAAACTAGTAATGGCGGAACTGAGCGGCTGTCTCAGGCTGCATCACGATACTGCCGATTACAAGAGACATGATGCGGAAGCAAAATTAAGACGACGCGGAGAATGTCTTACGGTGTACCAAGATGGCCAGAAAATGAATTCATCGAGTCTCTCCGGGTTCTTATTCATCAGGTATAACCCTTACCGGGCGCTTTCGCCACCGTTTCTGTCTATTGGCCTATAACCTGACGGTATTCTCGCGCAGCTGCCTAGCACATTTCCTCGGAGATTCGCATTGCTGGTACATCTCGTGCATCAGAGGAGTACTTGCAAATGCCACACGACCAGCCAATAGATGTGATTTTCTGGCTGGTGTAGCGCAAAAGCCTTTCCGTGTTATGCTGCGAAGCAGAGTTGATTTCTATACCTATTAACGG,1343,49.14,Escherichia coli
SEQ_755029,ATTTGGCGTGATTCAACGCATCGTATCATCGTCACAGAGTTGCCCCTAGGGGTCCGTTGACCCAATAAAGAACGCCATGTGGTCCATCCATTGGAGGGCACAAACTCTCGATGACAGTGGCTGAGATGCTGAATAGAAGCGGATTGACCCTCAAAGGTCCAAGAACGTGGAGAGAGCCCGTCTAGGAAACGCGACCGCGTACGCCCCAGTCTATTACCATCTTTGAGAATAGATACGTGCTCATACCATTCAATACATCTTGCAGCATGAAATGCTGGGCTTATTTCGTTAAGCTCCCTAACGCTTAGCGAATAACATATGCAGCGCTCTGTCCACCTCTCGCACTCCCCTTCCGATGTGACTGGCCACGTCATTC,376,50.53,Mus musculus
SEQ_889947,TTGTTGCTCCTGCGTCACTCGTCAGATCTCAGATTATGGCTGATTCGAGTGCTCTTGCGGTCCCTTCAAGCATAACCAGTGCGTTACTGGCGCAGTATCTTATTATGACCAGACTGTAAACGCTGACTCATGGATTGGTATGAGTCACCGCGGACTAACAGGATGGATGGGAGAACGGCCGTCAGCCCACGACAAGAGCCCCGCGAGCATAATCAAATCTCCCACTCCGCACCGGCGGCGGCCTCTTGCAGTGTGACTCCGACACTTTCATTTAAACGTAAATCTACATTCCCCAGCTTGACTGCATTCGAAGCCATGTGAGGACCTGCGTACTTTAGGACATCATAGGCGCTACAACTTATCTCACAGCCTCGAAGACACCCGTGATGGATTATTGAGTGGAAGGTTCCCGACCAGGGTATCAACCCGCGTTGAGTACGCCGCTGTGTTTGATTCCTAAACCCTTGCGGGATCCCCTTCACAGGTCACGCTATTTTTGGTGCATCTGTCTATCTACTCTTGTCCGTTATTGCACTGATTGGTGATAAGCGTATCAAGTTTGCCCGCGGGCAAGCAGTACCCACGTCCGGCGAACGGTGCTTTGTCAGGGTATACGCAACAGTATTCTGAGGATATGTGATTCCTATATTTAGGTTCGAACTCGGCCTTTTCAGGCGCATGAACGTAAGGAAACAAATTGCACCTTCCATTCAATAGAAACAAGTGGGGGATTCTCAGCGTTAGGCTTAACGGTCGCTTCAACGAAGTATGCCTAAGACAACTTACTGTGCTTCAAGGGGAAAGGGTTCAATTATTATTACAGCTCTTTGATTGACGTCCATACGATGTTAAATGCTTAGTATGCCAGGAATTTGAGAACTGGTGCAGCGGCTATTGCCTTTTCGGTAAGTCCTCAGTTTGCCACCTTTTACTTACGTAGAGTAACGATCGGTACAGTAGCATCAGTAAAGGCGATATAGTCTATGTAAACCCCCTGCCAGGTATAGGTCGTAGAGTTATAACGTTTAGCACCACTGTGCTTTCAGTGGCTCCGCCAGACTCGGGGAGGGGGCAATCGAAGACGGGCACTCGGCCCTCCTCGCGAATATAACCCACTACTCGCCGCTTTGGAGCGTTGAACGCAGGCTCTACCCTACTCTTTCGGAACGGGCATGATCCTGAGACACCAGGTTACTGTCAAATATACCGTGCAGGAAGAAGGCTGGCTCTTCCTGACTATCCAGGCATAGGATGTTACCTTTGTAACCATTTCACTTTC,1279,49.41,Caenorhabditis elegans
SEQ_354630,TTGCACTCGGGCATTCACATATCATTTCATTGGCTGTTGTCAACGGTAAGTGTGACTCAGACGGATTGTTTAGTTGGTCGGTGTTTTGAAGGCTGGGATCGCAGAAGTTACGTGCACGTTCATTATGATAATGAAACGTGCTTTATCTATAATAATAGGGCACGGCCGCATCGAGTAGGGGGACTAGACTTTCTACCCGAAGTGCTTGGGTGACTACAAAGTTCAGGGTCAATGCACAACGGGTTGGGACCGCTAATGGTGAAGAATGCAATACGGACATATTCCACCCAGAGTGGAGAGATCCTCCTGTCAACGATGAAGTTTTAGGTATGAGTACAAACGGGGTCGATCATTTTGCTGCTATCAATCCCGATCTTCGGGACTGGTATCATAGTGGGACTTAAATCGTATTTAATGATGGCTGATGCAAGCCGTTGCCGAAGGCCATGGTCCATGCTCAGGGTAAATGAGAGCTGGTGTATGCCACCATTAAAAGCTTGAGCTGTACGAAGTAAAACCTCGCAAGTGGTCGTTAATTCTATGGTACACTAGCGACAGTCCCTCCACCCTACTCACTGAGTCTCTTCAGTTAATCTACTATTACAATGCTATAGACATGCGCAAGTGCCGCGGCAACTAACGAGTGAAGGGCAATGATTACTGTTTTCAAATTATACGTCACTATAGGATCCTACATTATATCCGGACCCTAACAGTCCACCGATAGTACTGGACGCCCTAACGTTCTACGTGTTTCCATGAAGCCAACACTTTCGCAACCCATTGACGCACTCCCACCACTTACTACGCTTGGTCGTGCCCTAGTACAAGAATGATTACTTAAAAGGCAAAGCCCTGGAACCCTATGTTATTTATCTGGCATTTCAACGATTAGGTGACAACATAGGTCGGCAAGCTGTGCTCTTCACGGAGTATTCGCCTATAGTGATCAAGTACTTAAAAGGCACCTTGCCTTGCAACTTGAGTTCATATTGAAGAGCTCGGTCTCGAAAGGGCCTCGCCCCTCGCCTGTTTTGCTGTTGCCGACTCACGCGTCGAGCTTAAAATTCAGGAGTGGTCGCGAGGGTAAGGAAAGCCGAGCCTAGTTGAAAACAGGATCGTGAGTACAGGCCAGTGATACCTCTGACGCCTTGGATCAGTTCTCAATGGTTTTGGCTGGCCATGGGGGCCTTTGGGGGGAGACGCAAGCCTTAACAGCGGTGCAACGAGCCTTGGGGGCTCTTACGGCGGCTACCCTAGAGGGACCGTTTTTAACGTCGCTGTCCGACTCGAAGACTTGATACATAATGACTGAACACCCAGTCACAACTGAACCCATGCCGCGTTAGTCCTGTGATAGAACTCTCCACGTGAGCGCCTCATGGAAAGTATTAACGGGGACTTGCAACCCTCCCGCGGCGGATGAAAATCGGGGGTGCTACTTCGCTTCTAATTAATTAATGTTGGCCCTAATAACAGGCGAAGACGGGATAAGAT,1497,48.43,Arabidopsis thaliana
SEQ_872300,GCGGATACATAGTACATCCGGCTATGGGTAAGTGTGCGTTCCCCCGCGGCATTGACAGTAGACTAGACTAAATATCCGACCGCGCAGAACCCTTTCCTCCGGAGTACATCCGCGCAGTATTGGTCATCTACAGTTAAGGGGCCAGGATTCCCACCGAACTAGTCTGCAGGAAGATACCCAGGTCCGCCGGCGATGCCAGTATGCTTCGTGGTCACCCCTCTAACGAATTAACTGTTGTTAGTGGATTCCACTGAATCATTCGACAACCCAAGTCATGTTGATTGAGCTCCGTCACCCGTTGAGCGGAGTGCAGGGTCGTATTTCACTCGGCCCTATATA,339,52.51,Drosophila melanogaster
SEQ_131043,CGAGTTACAAGAGGGCTCCAGTTGTGATGCGAAATGGGAAATACGTTAGCCCTGACGGGGTTTGTGCTCGGTGGTCTTTATTAATACTGAATAAGCATAGATTCATTCGCCTGGCAGTTGTCGCCGTATGCAAGGGATATATGGCAATTATCATAATACCTGACTACTAAATACAATTGGTTTGTACCTTTCGAGCGGAAATTTCTGCATATATGGGTAAGCATACGATACTCGGCGCAAAAGACCAACACACTACGCGGGCACGGAAGTTGGTTCCATGACTCGTCGGAGACAAGTCAGTCAACAGACCATGCGATATGGTAGGTTATATATACATATGTAGATGCCAATCACGCACACACGTCTATTTCCCCCGGGTCCCTAGAGAGATGTTCTGCGAAAACGCTACTTTCGCCGCGCGCACGTTGACCTCACAAATGTAGAGGCGGGCGGTATAACTATAGATTATCCTGGTCTTGAAGCGCGGGTACCCAACATCTAATAGTTGCACCAAGGCGGCGTGGAGATCGCAACTACTCTATTGCTCATAAAGGCCAAGTCTCCCCTCCGAATTAGACTCCGACGCGAGCGTGTAGACGTACCTTTTTATTCAAGCATTTGATTCGAGACTGTCTCATTAGTCCTATCAGATCCATAGAATCTAGTTTAACAGGTGTAGAGGTAATTTCTGCCCGCGCGCTTTACGCAATTAGACAGCTCCGCGTCGTA,729,47.05,Caenorhabditis elegans
SEQ_266648,CCTTACACGTGGCTGCGCAACCAACTCATTCACGTCAGAGCTAGTTCAGCCGGCCACAGAAGACCTTACCTCTCTAAAGGGTGGCGGCGCATTGTGTCACAGTACCCTAAAGGATTTCTCATCGTTATGAGTATAAGGTCCCCAATCGTTACGTGTGTACGTACATGGTGAATTGACGTTGGCGCTACCAACAAACCGAAATCCCCGGCGGACAGCCCGATAGGTCCTCTAGCCAATCTGTCCTGGCAAGCGGCCGGGGGCCGAAAATGGCCAGCACGCCAAGTGCCATATTTTTACGAGCTTCCATCCTTAGAGCCTTGATTGCTCCAGCGTACCAACATACTAGTGGTGGTATGCCATAGCATAGTTTGTAAAGAGGTTCTGTACGATACCGTCAAAGGGCTTGGGTGTGAACCCGCCACTCTACCACGTTCGTTCTCGCAGGACTCCCGCGCCGCTCTGTCACGTCCCAACTTTTACGTGCCGATAGGTGCTACCCCACATCGAGGCGTCGAGT,517,53.77,Caenorhabditis elegans
SEQ_502911,TCCCGAATTGTAATCATAAAGTCCCTTCAAGACATGATCTCTATGTGCAATAGTGACCGCGGTAGTCGTGGCATTGAAATTGTCCTACCGAATCCGCAACCGTAGTAGGGCCACCCTATTCGGGGCAACGGTTGGATCACACTCTAGACTCCTTACCTTCTTCCAGTGCTCACGTCCGGATTTCCGAACACCCAATACTGCGTCTGAAGACAACATTCTTCGAAGATCGGTTGAATTATACCTTAGAACGGGTATGCTAGGGTACTGTAAGATTACAGAACGGAGGACTGGAGCGATCTTGCGCTACTCGAGTTGCGCGAAATGAGTAGGAGTAATCGCAATTAACGCCTTGGGTTTTAACACTGCAACAGATGGTAAACCGGCTGATACTAATGCATGTGCAAATGCTATTACTCCTATCCGGGTTAAGCCACAGCATACGATCAGAGTTACAGTCCACACCGTGGACCCGTACTCTTCGAAGTCATACCTTCATTCCGATTTTGCGCTGACCTCTCGCCGGACCTTGGTGCCGGTACTCTGTGCCGAAGGTGTAAAGTGTTGGATCCCGGACGTTCACATGAGTGTCAGATTGAACCGCGCGTTGCCCGGTACTGAGGCAAAAATCGGTAAGCAGGATCCTGTCGCAGGCTGTCACATCGAGCCTTTCCTCACCATCTCAAATATACGTAGTATACGTCCGTCCACCGCCCGTTTAACAAGTT,725,49.38,Drosophila melanogaster
SEQ_181907,CGCTAACGGAACTGAGATGAAAGAGCTTCTGCTCTCCCCATCCTCAGTCCATCTCCTTGAGTGCCTCAGCTTAATGTATTCGTTCAGCACAGCAGTCTAATCGGGCAAATATAGTGAGTGTGCTCCCAACCTCGAAGGAGGGGGGTTAGACTTCCGAGGATAAATCGGTATTTGCCGCTTTTGAAAGTAACGCATGCTCGCCTGATAGTAGAGCGTTCCCGACTAACTTAGCTAACATCCATAACAGCCGTACGGGGCGTCTCGCTAGGGTTACTGGTAGACCTTACGGGGAACTAGTCACCAAGATTAAACATGCCACAGGTCTTATCAATGTTCCCCCATTCCTGGCACTCGTGACATTGTTCATGGGACACGAGTACGATGGACACAACCGTTTCTTGTAGTTGAGAATAATCCTGATTCGTCCTTTAGTTACCCTAGCATGTGGAACTGGCAGCAGAAAGCGCTTGTGGCAACCAACCCCTTATCGCTTGTCAACTATAATGCTCAATTTTCTGACTAAGCAGAATAAGGGTGATCGGAACTATACCTGTTCGGACAACCAGTAGTAGAAAGAGTTAGCTCGCCTTCGACATGCGAAGATAGAATGCGAAGTTTAGCGCTGGCCTGCTTTGGGCCATCGGAATATGTATGTAATGTGAGTCAGACTACCTGCACATCCCCGCTTTACAGACTAGGATCACCAAGGTGATGGGAAAGCCACCAATACTTTTAGACAAGCAAAAACAGGTGGTTCTCCATGATAAATCCCGTTACAACGGCCCGCGTGAGGCGTTTGTGGTAACCGATTAGTTAGCACGTCCTAGACCAGTGGCTTGTTCTGATTGACGTACCCGCTGAGGACCTCAGAGCCGCAGAGTTCCTCTATTAAGCAGAGCGACAATGAACATGTTTTAAAACCCCGCTCTGAAAACTTTTTAGTTTCGCCGTGCTTCAGAGAGGCGGCTCGCTCCCTCGCTACTATTGAAAAGCTACACCTCTAGTTTGTAACGACAGTAAAGTATTCCTCGCATTGATATCACTTGGACGTGCGGGCTTACAACTCTGCCTCTGAGTCTTCTACCAAGGGCTTACGGGCGCCTTTTCAATGGTATTACTCGAGAGGGGGCCGACACAATGGCGGATAGGCCCGGGACCATGCGTACCCTCTCCACCCAATGTCCCTCCCCACGGCCCTGTTGCAATTGCTATCACGTAATGAGACAGGACGGCCTTTTGTTGAACGCCTTCGTGTACAGCGGAGATGGGGAGCGGGGGGAAGTGCCGGTCGAGCGCCGAGTACATATTGCTGGGGGTGCTCGCGGCTTCAAACCGGGAAGTTCCATGCGTGCAACCGATGTATAAGACGGAAACTGGCAAGTCTGACTTATTCACCGCCCGTAGGCTTGAGGAGTTTCAACGCAATCCTTTCCACACATAAGGACTGAGAGGATCGCAGAGGGCGATTCGCTTTACACAGAACTGCACAGGTCGGGCTCCGCCCATAGGAGCCCGTGCATTGTATCCATGGCGCTTGT,1538,50.72,Homo sapiens
SEQ_603165,CCTATACCAGTGGATTAACGGCTTGGACGCCATTTCTGGTCGAGACTCAGGCACATATTTGAGTGGAACGGCTAGTCGTGACGGGGCGTATTGTGCCGCCCGTGGATCTGTAAAGGGCTAATAGGGACCGTGGACACAGGTGCAGGGGGAGATGAGCAGCGGTACGGCCCGATTATAGTAGCCCTCCTTCTAT,193,55.44,Drosophila melanogaster
SEQ_513748,TAGCCGCACTAGGTAGAGTTGCTGGATGCGGAGGAAGGTCGGAGTCACCTCTCACGCTTAATTCACAATTTTGTCGATGTTCCGCAATTATCGGTAGCCCCCATACACCATCTTTGATATTCGTGCGAACCCGGGCCGTTAGCCTGATCATGGTCGAGAAAGCACCCCCCGTGGACTCCAGGATAAACCGCAATTCTTCCCGGGAGTTGCTGGAGATGTCCTTGGAATCCTTAAGATAAAAAATATACAGGAGATGCGATAGTAGGATTTGAGCTTCTGGAGGACGAGATAATAGGAATGCCCTCGCGGGGTCGGCTACGGGCCCCCTGCACACTTGATCGCCAAATAGCGGTCTAGTCAAGTAGATGTTCATCAATTGAACGTCAACCTGGTCCTTTTACCAGTTAGGGCATGTTCGATAGTCGCGTGCGACGAGAGTTCGATGCGGGGGAAATAGGGGCGTTGCTTTCCACCCACACGAAGGTGCTAAAAGTAATCATTAGGGACCGCCTTTCGAGAGATATACATTCGCTCTTTTACACGAGAAGTTCGAAACATGAAAGCCTAAAGATTTACGATTGGACAATCGTTTATCGT,597,49.08,Caenorhabditis elegans
SEQ_562778,TGAGGCGAGAACGGTGCAGTAATCTGACGATGTGTACCCGGGTCACATAGCGCGAATTCGATGCACGATCCTAATCATGTATTTAATCTTGCGTTTTTTTGAAAAGTACACGTCCCCAGGCAAACACCTTTTGGGGGTGTCTGATCGAAGCAATAAGGCGCTTCGTTGTAGGCTGATATATGTGAATGCACGTGTTTCATGTATCCTCTTGATCCAGGTATTGATGTGTTTTACTACGATCGATCCTTTGAGCAAGCACTACAGGCTCGGCATCCTCTGACATAATTTATCTATAGTAGATCATCTCTTATCGTAAGCATGAAGCTCATGCAATTT,336,43.45,Caenorhabditis elegans
SEQ_693085,CCGCTCTCTAACGTAGAGAACAATGTTGTGCGAAAATGAGGCCGTACGCAAAGCCCGTCTACGTATGGCAATATCCCGGATCGTAGCGCGAATGGCAATCCCGGCGGCAGCCTTCTGGAGGCTGCGCGATAAACCTTCCGCAGCTCTAGTCTGCCCCTATATAGTTTGTGGATGCTGCACAATTCAAGTGATGCCAACCGGTACACCCACTGGTGAGCACGAATGGGGTGGCAGGGCAATGAAGTTGTCCGCTTTGCCCGTTCATCCTCGCACATACACGTCATGGCAGGGGATTCCCCTTACGAATACGTGAACATAACACATTTCGCCCTGGACATACTGACATCAGCCCGAAAGGAGCCGGACCCACTCTTCACGACTCTTGTAGGTTAGTTTGAAATATAAACTATAATGGATTATTGTTCTATACACCAGAATTGATGGTAAGCTTTTTTGATACCACTAGCTAACTGACTTATCCACGCTGCCTACGTCCGTCGCGACATACGATTTCGTCCGTCTATAGGGATGAACACTAAGAGTTGTATCTCGAGGTCGTCGGTATTTCCACGTACTTGCTTCTCGCCTACAACGACCGGGAGATTCGTAGCCCCAGGCGACCTATTCTGAGAACAGGAATTGTTAGTTACATTGGTGTCTTAATGAAACGTAGCTGGGATGAACGTTGTAATTCGTCTGGGTTCTGTCCTGCAATTTCTGAGATTTTGAACATTCCTCTCCTCTTCT,747,48.73,Saccharomyces cerevisiae
SEQ_608942,GAAACTAGCGACTGGGGAACAGCTACATAAGCGAAAAGCTCCCCTGCGCGCAAACGGGTCGAAATCTTCGAGAAAGTCGTTCACGCCATGGAATTACAAATATTTTCGCAGGTCATTCACGCCTCATAGGCCCGAACCTGCCGTGCTTTCGCGGGCCTCGCACTTCCCTACTTTTATGGGCTGTTCAAGGTTTTAGTACCCATCATCTTGGTGACGAATAGAGTGCGGATTGCTATCTAAGCAACGGATGTTAGCGATTATTT,263,49.05,Homo sapiens
SEQ_156920,GATGCTATAAGAGGTGTCAAGAGGGTGAAATTGTGAGGAACTCGACAGCCGGGTCAATCCCGAGCCATCTAGCAGGGAGAACCCATCTTACCGTCCCATCTACCCAGGGCACAAAGATGGAGCGCCTTTTCTTCCGCCAGTCTGTATTCTCCGACCGTCAAAGACTGTTACAGGGCGTACAGATTAGTCATCAAGGAGACAATTGTCGGATCCCCACTGCGCTACACACCAACATAACATTTAGTGCCGGACTATTAGAGCTTAGGGACAAATATTCGTCTGCCATAACTCGATGCGCCGGAGACAGCGGCATCCTCCCCAAAATTGACGACCAGTTTGTGAGGGCATCCAGATGGCAGTGAACACCGACGTGGGCTAAACAATTGGGTCGAGCTTGAAAAGGCCCACCCCGGGAGGCCGACCGGGACGCTGTAGGAAGGTAAGGCCATTTTCAAACGGGTTAATGACACGCGATTTGTTGACATACGGCCCTTCACAATCTTCTTCCAGATTGCGTCGTGGAGTCCAGTGAAATTGGCAAGTTCTGACTTCAGTAGCGGCTAGTAGGTATGCCCCAAGCATAGCCACAATAGCAGATACGATTGGCTCCAATTGTAACAGGTGGTAACTATATATTAATCTTCGCGAGTTAGTCGTGAAAAGTCGTACGAGTTGCGATCGCCCGAAATCAGTATAAGTATAGTTACCCGGCTGCAAAAAATTCCGTGAGCATAGTACATGTAATAATAACTACAAGGATACTGTATCTACCCATTAACAGTGCGCGATAGTTCACCACATTGCGTCCATTGATACGCAACAATCGTGGTGCTGATTTGATAAGTTACCTACCGATCTATCCCGGTCTGATCATCCGAATACGGCGCGAAAATAATGTATAAGAATTGCTATGTTCA,917,47.98,Mus musculus
SEQ_170896,TTTGGCGTCATTGGCACTTGAAAGGACGATGGCTCCGTTAACGTTTCCGGATCAGATCTCATCGTCTCAGTATTTGTCACGCTTACAGCCAAGCTCCGCACCTGGGCACACTCACTGTTTCAGATTGTGCTTACCTCCTCCCTTTTACCGTGACAGGGAGACTCTGCCACAAGGCATATACATGATCATAGAACAAGGGTATGCCATCATCCCAACTGTATGCTACGTCGGCGTGTGCACCCAGGTCTGGCCAAGAACGGCCGGATAGTCCTAGGATTTGCGGGGATCGTCTTTAAATCTTGCCACGATGTTAGCGGTCACGGATGGGTGGCTCTCGTTCCTGGTCTCATTGGGAAGCGATCAGGATTAGAGTAAAACGCGTTACGGACAAAACACCAGCTTCGTTGCCCCATCTAGGCGGAAACCGACCGGACTATGCGACACGCAATGTAAGTGGGAGGGAAGCTCAAAGCACTGTCATACACTCATGGGCAACTGCGCCGACATGATAGCAAGCGGCGTCAACAACTATAGTGGGCATGGAAACATGTGGCGCGGCTTGAAGGTGCTGGGAATAGAATTTCACTCTGAGTATTTCCAGGGCTTACTGATGGACAGTCTACAGATAGGTGTAGCCAGGCGCCGGAATTTATACCTGCACCATGGTTTATAAGCGAATGCGCGAGCTCCGGCTTTCGTACGAGGAGTAGTGCTTGATTCTGTTCAACCGACCCGCTGCTTCTTTTTGCACTTAAGATAAAAGAGGGATTTCGGGGATCGACTGCGAACGGCACGAACGATTGCGGCATGTCCGAAGCGAAGGCACTGCGTTTGTGAGGCCTAGGCGCTGAGGGCTACGACTATTCCAAAATATTGGTATGCCTTCAACACGTCAGTGAAATTGTTTTGCTTGGGAGGTAGTAGGTCCGAAAAATACAGAGATGCTATTGGATAGACCCGGTCAATAGTATTGGTAGAAGAAGGCTTCTGTACATGTTAGAATTGATCCGACCAATTTGAGTAGCGAGCAAACATTACCCGCCATCCAACCCTCTTTAATATTCCCAGGCTCCACCGCGGTTGGACGGAGATGGCTAGGCGGGCAGAGGGGAGAAGGTTCAAGAATAACCGAGATGAGACGGATCTATGGGCGATTCGGATTTAGTCTATCCTGCTTTCTTGTCAGATGTGTCCTTGCTGTGTATGTACGATCTTCGTTGAGCGTGTGGGAACAGGAGCCGTAGGGCTACTAACCCTCTGGACGTACCTAAGTTGGCTCGCATCAGGTATAGGTAGGTACCTGTATGTTCTTTTTGACTGAGGGATTCGATGAATACGTCTAGAACCGCTTCAGCTTATAGTCGTCCGGGGTATTGTCCGGTCGCACGCCAAATTAAATTAAGCT,1405,50.18,Drosophila melanogaster
SEQ_472855,TATATCGCCTCGCATCCGAAACAAAACTGATGATCCCCACAGTCGGCACAAGGCTATACCCTCTTCCAATAGCGCACATGGGAGTTCGACTCAGGGGCCATACTCCCAGTTTGCTACAGTGTTCGGCCTTCCAAAGGCAGATAGGCAGAAGGACATTATAACGCGAGCGCGCGAAATCCCAGGTAGTGCTCTATGGTCCAGCAGGGTACTGATGTCCTAGTTGACGTGTGTACGAGGTGGCAGAAGGTTAAGCTTGTGTACAACGTAACATTATCAAACTATCACCGAAAATCATCCTCCCTCTATT,307,49.51,Arabidopsis thaliana
SEQ_519178,AATTGTTCGTCACAGCGCCGGCACTGTAAGCGAGCCACGATTATAACCTGGGCCCTTGATCATCACATGGTAACCATCGGGCTCTGTGACGTTTGTGTACTCTGGTGAGCTGCTATAGGCAGAATTACACGCCTTGATATAAGCATGGATAAGCTATCCATTCTTAATTCCTGGTAACATACTACGGTGTTTATACCAAGGGTAATCCATATTGGAGAAGTCTTGCCTGACGGCCAGAGAAACTATACAGACAAATGCTACTGAGAACGTGAGGTCCTAGGAAGTGCAGGCGCGTGGGCG,300,48.0,Drosophila melanogaster
SEQ_998365,CTAGGAAGTTTGGCGGTAACAGGGAGGGCAATCCAAGCCATATGCGGGCAACAAACGATATTAAGATTAGAAAGTCCCCAACCACACTTACGCAGCCCCCAAGATCACGACCATGTAAATCCCACATGGAACATAACCACCTCTCTACTACCCTCCGGTCTCGCATCGGCGACTGGAGCTGGTCTCAAATCTTCGGTGGGTATTAAATTCTTAGACTCTAATTTAATCTTGGGATAGGAATCCAATCGTAATAATGGCCTGACGGTCACTCTATCGGAGCCCAGATCCAACGAGAATGTGGTATATGTGGGTAAGACCTATTTCATGGACTAGACTGCAGATCCCAGCGTTGTGGCCACCCGCATCCTACGGAAGTACGTTCTACCTCAGATGTGAGCGAGCCTCAACCATGAGCGTAAGCGTTGCATTATGAGAACAGAGATACGTCCTCGGCTAAACCCAATCTAGTTAGAGTGGTGCGCGCGGAACGACCGTTACTGGACGTAGTCACACTTTTGTCGATCATCACTAGAGTTTTTCGGTTCCTTGTCCGGTCCACCATACCAGTGGGTCGCGCGGCTGCTGGTGCCGCGCACTGCGGGACGGCTACCAACTAATGGTCAGGAGGGTATCCGACAGTTAATGATACCAGGTGGTACTGGGTTGACAGGTAGCGATACGACTGAAGTATAGTGCTAGGCGAGTAGCGCGTCATCCATACGGTGGGGGCTCCGCAGCTAAACCCCCTAGTTTCATTAGGGGACGGTCACGCAAGCGTCAGAGTCAACTCGTAGAAAGTAATAGACCAGATAAGGTCTTCCCCCCCGAATAACCGGATGAATGCGATCACTGGTAATTAGAGCTTACGTTGTAGCGCTCGCTTCCGGAGGCGCTTCACCCGTTTAAGCAGAGGCACCAGCGACGTTAGGTCTGACTGTCACACTTAAGGTCGCACCAGTGCGTATATCCAAAAGTGACACCATTACTGTAAGCTGTAAAGCTTGGACTCGCTACCTGTTTCGTCAGACATTGGCCTACTCCGTCCCAATTGATAGAAAAGGACTACTATCCTGCTATCTCACGGGCCCGGAGACTTCTCGAGGCATTATACCGCGTAATGATACCCGTGAGCCACTTAAGACACCTAGTCAGTTATCTAGCTAACAGTTCGATTAGTTGTCAAGCATTACGTAAGGGATACCCCCTTGTCCATAGTGCATGGGGCGCTCATAGAGAACGATAAATGCTACCTTTAGGAAAGACTAAGGTGAAACTCTGTCCAATCCTGAAATGGGCCGACGGAAGACACTCGGTCACGATTGTCTTATATGCTGAGGTCAGACGACGCGTCCGGGTACTCCTGCCCCGTCCC,1372,50.8,Escherichia coli
SEQ_991934,AGGCTCGTCTGTTCTACGCTGACGGTGCGTACTTCTCGGATCATTGGGTCTAGGATATTCCTGTAGCCTACTGCGTTGGGCGGTTCCGTGTTAAGATCGTGAATGGAGCAAAGAATTGTAGTGGCACGTGCTTTTTTTGATAGCATCGCCGCAACGCACCTCAAAGGACCGTTCATAGATCTAAAAAACGAACTCGCTTCGTGGCACGAAGAGTATAAAGGATGTAGGCGTTGGAGTTTGGTGGCCCCGGTTCCTGGGACTCCTCGAGTAATCCTTAATAGCATTCTCTTCATAAGAAGGACGTCAAGGTAGGCGTAACGCCTGACGATGCAGTTTATTAGCCGGATTAGATTAGGTTATAATCCTATAGTAACTGACTTAAGGTGAGAGGAGTCGTGCTGGGGCACTATACCGTCACCCTAGTAAAATCAGAATAGGGTCCCCCATGCGGGGGGGGAAAACCACGCAAACATCATAATGCAGAATAAGATGCCCACCACATTTGGCACTCACACCGTGGTGCTCAGCACTTCCACTTAGCAGTCACGCTGTTGGATTCTCGCCCTACTCTATGAATATTTAACAGCTGGCGTGAACCATCAAGTTTTGGATGGGACCTGTTAGTGGAGTGGCGAGCGTCGACGGGTCCTTGGTCGGGGTACATCCATGGTCGAAAAAAGCCTGGAGCATCTACTTATGTCTCGCGATACAGAAAGGAAAATATTGACTAGGACTATGGGTCTCCGGACGGGACATCTTACTACGCTAACTCCAGCAGGGACCGCGCTCCAAGAATCCTTGTTAATGGTTGATATAGTTCCGTCTCAATCCTTATTGGGAAGGGGGTAGCCAGCGAATACAGGGCTTAAGGGATGCTGAGGTGGTGAGGTTTATTCCACCGACTGACAAAAGCTTAGGTAGGTTCCTGATTCGTACACTTAGAGGCCTGGCCCATTGTTTATATGAGTCGGTCTACTAGCGTACCTGAGTAACTGTTTACGATGACCGTGGCATACAGGCGCCCGGCTATAGGTGCCACCTCCGTACCATTAGGACCCAGCTGAGCATTGGAAATTTTAACAGAATGAATGTTCTCAGTCACATTTAGCTTAATGTGGCGCGTGGGGCACCGGAAGAACAGTGGAAAGGTATTTTGTCGAATCGGCTCGATCCATTTAGTGCTGAATCAAGGGGTTTGAATGGGCCTCTTGCCGCGAAAGGCTTATCCATTACTTCCAATGTGTGGTGTTAGGCTGTAAAGGACAGAGATAAGGACGATGGGGCCCCTCTTACGACACATGACTTCGAATATTTGGACCATTTCTTGTCCGGTAGTCTCCTAGTATAGGAGT,1352,48.82,Saccharomyces cerevisiae
SEQ_111139,AAGCCATGTGGTATGAAATCTGTCATGATGGTCTAGTCTTCCCGATCCTCAATGAAATTGACTAGCTCGTCGTTTCAGTAGTTCGCGGTTTGGCACAAGCTACGAGCTTGCGGGGCGCCATTGCCATCGAGTGAGCTCACGGGGTGTGCATTGGGAAGCCAGCACTCATTTAAACGCCGCCGAAGATAAATGCTTATTTCTGAATTCTACGAAGTTTCATCTCCTACACAACACCTGATACATCTGCATGACGCGGGCCAATCACAGGATCTATTTCTCACCCTTCGTATGGGAGGATTTGAAATAGTCCCGCCGACGTCGCGAGAGTAGATAGGTTTAATCCAGTAGCTAATCGTAGTTAAGCACTAGGAAAGTAACATACGACCTTGCTCAGAACAGTTGATCTGGCTGAACAGTTGTGAGTTACTTCTGGTAGAACCCAGCCGTGGAGTTCCCCACTGAAGTTCGCGGTTCTCTGAAACGAATCCGACGAGCTCGATCTGGTGCGTTCTACTAGGCGCAAGGCTAAAGTACAATACCCCGCTTGACACTCGAATGCTTACTTCCGGAATAGTTTGACACACGATTGCCGTATTTACTTTAGTGGCTCCTACTAACTGGGACGACAGGGTTGCCGCACCGGTGTAGTCATAATTCTAAACCTCTTGCACCAGCGCGAATGATACCTCGCTCCAGTAGAACACGATGCTACTGAACTATTTTCCTGACTGAGCTAGTTACACTTACAGCGTCACAGATGGCTGCCAGGTGAGAACCTTCCTATCATGGGTGCGTGGCCGGCATTTTGTGTCAGCGTCCTACTTTACAAGCGATTGGTTACGCTCGTCTGTAAATAGGATTTCTTCGCGCCGGCTCGTAGACAACTCTTAAGGGGCGCCATGAATCAGTAACCTTAAGTTTTAGACTTAGGGGGCACGCTGTCGCCCCAATCGTTAAACGATGTTACGTGAGATCGCCTCTCCACCTCCAATCTTAGTCATACGCTACTAAGACACACAAGCATGGGAATCGGGGTCACAAGTGCGGTATCATTGTAAGCTTTCGGGACTTCTACTTCTGGGCAGTACCCACAGCACCACCCTTTGATACTCACTCACAGAGTATTCTACCTCGCTCCAGTACTTCTTTTGCGGGGCCTTAGTGGATGATTGTCTACGTTAGTGTGCCTTCGGCCCCTCACTACCCCCGAACCGTTCGCTGATCGTTAAGTACCTCGAAGTTCTGCTGGTGCTCCTATTGCATACCTCTAGTGTCGGATGGTGCAACGAAAACGCTGCAATTTTAGCATTCTGAACCGGGGATCTCTAATTTGGGAATCTCGTTGGCTAACGGCGATCGCAGACACGAGTTAGGAACAATGAATGTCTGCTCATTGGTCTTGTGGAGTTTCGCCTTTTTTAGGTATATGCTGCGGGACTTATCCCGTCTCCTCGAGCTTTGATGGTTATGCCAGACGCTGAGTTCGTAACAACGAACTACCACTAGGACCACGGTATATTGCTTAGCAGTACGTCTCGCTGATTGCACTGTCCGGTAGCATGAAGTGGCCACACGTGACATCTTGTGAATTATCGTACAGACAAT,1605,48.97,Drosophila melanogaster
SEQ_837014,GACACCTTTAGAAAGAAGTATGTTTATACGTCCCTCATGTAAATTACACTTCGATTATACCATTATGCTGATCAATATCCATTCCTTCCTATTCTTAGTTAGCGTTAAGTTTCGGGCGTGGCCCCCACTCCACTTCGGTGGTGTTTATCCGATCGCGGCACCACCGTCCTCAACTGACCAATGTCTCATTGTTATATGAATGTCGACGAAGGACAATCACCGTGCTGGTGCGCAACCCATCTCGCCTAGTATCACGGCTTTTCTGAAGAAAAAGATTGAAGACATTAATTGATGCCGAAGCTAGAAGTTCTCTCTTGGATCATGTAGAAGATAACCTTGACCGTAGGCTGTGCCGCTGGACGCTGTACTTGATGATGCACATAATTAAGATGGGGCCAATCTCGTCGTGGACTATCGGTCCAAAAAAGGAAACATCTAAACGCATTCAAACGGACTACAGTAAGAGAGGCATATGTCCGCGCTCAGAAGCCCGTTAAATGTAGAAACAATGGCTGCCTCTTAAAACCTGTAACGAGATTTAACGAATGGGTGGTGGTAGGCGAGGATACAAACCCAAAGTACGCTGCTCGCCCGTCAACACACGAAATTCAAATCAGGATAATCTATCTCAATAGGATTGATTGAGTGACTAAGTTACCTCGCAGTCGGGCGTCAGGGTGTTGTCACCTCCTCGCTAAGCTAGGATATTCTAGAGCTTAAATTAGACCGCAAGTCCAGTCCTAGACTTGGTACCAATGTCGTCTCGGTAGGTAGGATCACCGATTAAAACAGAGACAGCATCCTATGAGATGGCGAGTTCAAGGAGGTTAGACTTGGGCTAACTACAGAAAGCGAAGACCATAACTCGCCTATTGGATTGGTTCAAATTGAACACATGGACAGGCAGTTTATACTTTCCCGCAGTTACCAGGCAGTAGAAATCTCGCCCAAGAAATTCTGAAGTGATGACGCTTCCTGGTCGTTGAGTGTATCATCCGGATTTTTAAGAACTCCAAGATAACGGCCCAGATCGGGATTCTCGGATTGGTAGGTATCTCGGGAATGTGTAATCCCTGACGCGCACATATCGGTGTAGTCGACACTGGATCGTATAGTTGTTAGCTTCTATTAAACCTCGAACATTCTTTATTAGACGGCCCCCCCGGGGGAACCTGCAGAGGAGTGCGGCATAGAAATCGGCGCAGACGGTCAAATATATGCGACCGAGAAAAAAGTGCCTATCTCGCGTATTATTTTTGTTGTACGGGATTCCACATCCTAGATGGGTTGTACTAATTGAGCCCCGAAGTCACCGATCCGTCACAAATAAGGGTACAAAAAGAGAGGGGGGATTCATGCGCTATATCATTTCTTAAAAACGCGGCTCCACGGAAAAGGCCCTGCTCCGCCGACAATAGTACCCGGTTTTGTGTATCTCCAAATTCTGCACGTTGTGTCACAAGAGGGGTAAATTATTATAGGATAGTACTGCTTTTGAGATACTATACTCACTGGCTATTTGGCCTGGATAGGATCACCCACGTCGTAGTCCAAGTCCGCCCAAGCTTTCCCATTTAAGGCCTACATCTACCGCATACGGGCGACACCTAACGTCTTACTGTAATTCGGAAATCTATTGCAGGTACCACGGGGGGCAGCAACAAGCTTCCTGACGTTCGGTCC,1683,46.58,Saccharomyces cerevisiae
SEQ_811696,CTCTACTTCATGAAGCGACTCGCAAGTAGTGATGTCAATGGGCGGCCAATAGTTGACCTTAAGGCCGCACATTGGGCCGTGTGACGCGTGGGTGGACTCTAGTGATCCCGCCCTGGAAGAGTTTCGCAACTTGTGTGTGGCTAACCCGCTATTAGGCCATCGCTGGAATCAGAGCAAAATCATCTCGGCAGGTGCATCTTGTATAGCCATCCAGATTAGCACAGCCGCGAGCCGGTATAGATGTTTACACTAACATGGAGTCGCCACCATACTGTCCACGCCGTTAAGAACCAGCCAGATAGCAGCAACGCGGCTGAGATAGCCGCAACCGAGTGCGAATTGTTTTTTGTCCGTGCGTTGGAACAGAATGGACCGGGAGTTACGAAGCTTGCTGTACCTAAGCGTCAGTTTGTGAATGTGGCGGAATTAGAAGCGCGGCTATGTCGTGCACTTACACGAATTGGGCAGACCAGATGCACTCCGTGCGTAGAAGCTACCGTTAGTCCGGTTTTAAATGGTTGACCCCTTACTACTCCTGATCACCCCGTGACCGCCTGTATATAACCGCAAGGGGCTATCGTACAGGAACGCGAGACCCCTTTCCAGCCTGAACGTACACGAACGCCTGACGGCACATCTTCACTGATCCGAGGTTTCGGTGGAAACGCTTCAGCGGCGCGTCTGGTACTCCAGGTCTAGTGCTCTTTTAAGTGCGGCACGAAATCACCACCATAAGATTGTGTAGACTGACTTTCCGTTAGCGCTCACCGGCTCGAGAGGCCCTGGGTAACATGCATAGATTTGCCGTCTCAAGAGTAATACGCTGCATCCTGTCTCTGCTTCCGAGAGAACCTGTCTCACAAATGGGTTCAATTAACTTTATTGGATACCTAGCCTGATTAAGAACTTGGGAAAGTATACGGCCTTGCCAACAATGCGCAGAAAGCTACGAGGTCTCGTCGCCGGCTATGGGTCTGCATCCTGCCCTCCGAACATGGAGGCTGAATGATTAGAAATAATCGTGGTGAAGATGCGAGGTACGACAATCCTAGAGGCCTAAGTTGTTTAAAGCGAACAGTTTCGAGAATTTATTGTGCGGTGTACGCTTGCAAGGCAGCTAACTGTATCATATATTATGCTATTGGTTGACGCCACTGTAAGCCGACTTATAGATTTAGAGAAGTACACTCCCTACCGTGGGCACTTGAAGCCGCGTCGTCTTGGAGAACGACCCTTTTAACATGGAATAGTCAGCCTATAGCGAAATGACCCCCCGGTCGGGACCTGTGTGTAGGTCTTCCCTGCACCATACACAACGTTTCAGACCCGACACCGTGTTCGCCAATAAATGGCTTCCGCCCGTTCTTCTGCCGCACCCCGGGTGGAAAGGGCTTCTAACAGGCACAGGCCAGGTATCAATAGCTACAATAACTACATGCTTTTTCGGATTTGCGATGTATGACCCTTTTGTTTGCAC,1477,50.98,Saccharomyces cerevisiae
SEQ_580949,CGTTTGGAGTGGGGGTAAGCCGCTCTTAACGAGATGGTAATCAGGTGTTACTTCGATCTACGTGGTTAGAGATTCTCATCCACTTATCGCTAAATAAATACTATTAAGGTTTAGGCCGAGAAGCAAGGGGTCTACAATCAATGACGTGATCACCCAGGTGCATGTACCACCAATGGCAACTGAAAATGCCGGCTCGGCGCGCGAGCCAGTTAGTGGTATGTTTACCCACGTGCGGCATGCACCCAGACCGCACCAGCTGCACGAAGCGCCCAAGGACGTTACGCTAGGCAAAGCGTGGGCTGGGCCAGTCCGAACTGACAAACTAAGGGCACACAAGGAGGACCGCCCGCTTGTGGGAAGACGTAAGACGGTATCCTTTATTGTTCAGCACCTCGAGGTTTGTATCAAGAGGAGTTAGTTATACGTGCACTTTCCTTGGCTGATTAGAGGTGTAGGAGGTACACCCGTGACTGCGGAAGGTGTAGTGATAGAACATCGGGGTATACCCATCGTCATCCCTCCAAGAAAATCCTACGTAAGAGGTATTTTGACCGATACGGGGTTGTCGTAACCCGCTAAGGGTAGATCTTAGATCCTTCACTGTGGATAGCCCGATAAGGTATTTCCATGTGAGATACTGCAGAGACGTGGTGACCGACCTGTGTTGATAGGTCATCTGTCTGTAGTATCTGAAGATCGCATGACAGTAAAAAAGGTCACACGCTGGTAGGGCCGTTTTCAACGGGTACGGTAAAACCTATTTGTCTCCCAATCCCGAATGCTCATTAATTAACAGAAGATCCCGTCCGTTCTGTGATAGTATTATATTTATTTTGAGTACCATGTGATTTTACTACGGTCGAAAGCACAGGATGTATCGGTGGCTTAGGGCGCACGGAGGTTCTACACTGGGATTCGATTAAAACGGTCAATAAAGCTGTAGGCCACGTAGCCGAGAGGCTACGGAGAAGAACGCAGTGGCCCACAATAAAGCGTTGAGGACTACGAAAGAGACTGCACGGTCTAAGTAGCTGAGTATGCCACGTCCTGGCGAGGCGTGGCTACGCGAAAGGCCGCCAAAGGTTCGACTACCGGACGGAAGGAAATTTACAATCTTGCGCGTGCTCGGGGTGCCCCGTTGTATCGCTGGTCAGTGTACCAGCCCTGTCAGTGTGTGACTTCGGTGCGGCAGTGTCATGTGGGATGCACGGTTAACCGTGAAGAGCAAGTGCCTCGTTTCACTCGACTTAAGCGCGGCACTGGCTACAAGCCGCGTGGTGCATTATACACGCTTAAGACGATCGATCGCCTAGTATGATTTAATGCTAATGTCCGTCTATCACACGTGCCTATTCAGCGCAGGCGTGAGGCGCACTGGCTGTCAATTAGCAAGTGTTCGCAGGTTTGATCTAGCGCTGTAACGGTAGTGCCAGGAATCACGCCCTCCTGGAGGAGCCTCGCCAACCTGGTAGGCAAAGTAACCCATGTTGCCCCCAACTAGCGACCCATCTTGATGTGTTGACATCACTGCTCGGGAGGAGGTGCGCACGGTACCTACTTTTAGCATGCTAGTGCAGGGGGAGGGGTTACGGCATAGTCCCCGTCCCGCATCACGACCCTATGCTAGGCATGTCACAATTGAGGATGTCATTCGGATTTTGACCATTATTTTAGTGCTAATGACGCCTATTACCAGACACAAGGGTAGCATGACTAAAACCTCCCTCCAAATGTAAAGACTGTCGAGAGATCTCGCTATTAACCATCAACTTCACCATTTACGATAATCCAGGTACACGTGATAATAGGAAATGGAAGAAAAATGTGGTTGAAAGGCATTTATTTCCTTCCTTTTTC,1857,50.08,Arabidopsis thaliana
SEQ_381646,AGGACAGTGTACGGTATTTCCAGCGTTGGAAACCTCCCGGTTGTTTAGACGCTCACTAGGGTCCAGTTAAGGGCACAGCAATTCACGGAGCCCATCGTTTATGGTGATCGTGAATTTCAGGAGCCTACGCGTCGATGATTGCTCGTATAGAAAGCCGGAGAAGGTCAACCTTTACTGCTTCACGGCGCTCAACAGGTAAGGGCTTTGGAGATTGCGGAAGAACGGACAGCCTCTAGTCGA,240,51.67,Mus musculus
SEQ_882198,GCGAATGCGGGTATCAATCCCGTGCATACGGTATAATCGCATGGCCGTTGCCACAATAACTATTGGGCTCCGAAGACAGGAGTTGTACTAAGATCGAAATAGCGTACCCGCTTTTAACTCCTGAACTACAGTGAAGCCACGGTTGATTGAGAACTTTAGTCGACAGATCTTGGTCTATGCCTTCATGTTGACTCGTGTTCCATTGTTCTACGGTAATTTAGCCTCCACAAGTCGTGAGACTCACCCTTGCCACAAACCATCTTTGGTTGGACCGTGGTCCCAGTCCAGGCGTTGTCTAGGCTACCCCCGCTCCCGATGAGAATGGTAATCCAACCGCCTACTGAACGTTAAACACCCCTAGGGTGAACACTCTGTTCTACTCACACTAAGCTTTCGATAAGCCATGTCTGGCTTCCCTAACTACCCCATCGCCTAGATACCTATCGTCTGAGGACTGCAGGAGATTCTTCCATCGAACGAAACACGATACAAAGGGAAACCGTTGCAATCAGTACTTTCCTAAGTGTCCCAAGGAATCCCCTTAAGAGGGCTATTTTATGTGCTCCAAATGAGTTGGAGTCGTACAATAGTCTCCGTCGGAGTTTTCATAACAAATCCGCGTGACGTACATGGATAGACAATCCCAATAGACCCCAAATAAGGTTTCTGCCCATACGCTGCGGGACGTTGACAGTCGAGTTGGTGCCAGAAGGCCAGATCCCGCTATATGTGTAGTTAACCCCAATATCTATTATACTGTCGTGAGATATAGTACAGCCTGACGCGACTTCGATACAATGTGGTGGGTAGACCAGGAGCATTCCGGGCAACCGCCCATTTCCTGGAGACCCCGGCGTGAAGGTGAGGAACCGCGATAGAGGCCCTGACGTAATTCACAATGGCATCCTGCTGTGGATCCATGGCAGAGCAGCACAGTCTCCGCGGTGCTATCCTCCGTACGGTTCATTATGATTGTCCGGGTCTATCTGTTGGGCCGTGTCTGCTAGCGACCAAGAAGGGATTCATATCACTCAAGTCCCCACTTCCCTAAGGGAACCACCTTAGTACGCCTGGACTCACCGTCACGGTCCATGCCGC,1098,50.46,Arabidopsis thaliana
SEQ_143608,TATCTCCAACTCAGAAGGTAGCACAGTCTGAATAAGAAAAGTTTGGGCCTTCGACACCGTAGTGCTGCTCCTCCCTGGCCGCATTGAACAAGGTGAAAGCGCTGGTTATCAACGGGCGAGGCTTCGATTGCTATCTACTACAGGGTCCTCAGCGCCGACTAACGAGTCCAGTAAGTTTACCAGATGTCGCCACCTCGTTGTTCTCAGATAATTTTTATTGTCGCTCTCGCCGAGTGCAGAAATGACGTCCGGAACCAGAGGCGGAGTTATCGTACCGATGCGAATTGGCGCCAGTGAAGTAGGGCCGTAGCCGAGAGCAGATAGCGCCATAACAGTCGGCAAGGTCCACATCATTACCGTTGGCACAGGTGACGGCTAC,379,52.77,Mus musculus
SEQ_164131,TGGGGAGCAAAAAAACACGTACTGAGATCAGACACTAAACCTTTGACTTTCGAAACGCACGCATGTCTCTTTCAACGTCAACGCGTGCGTTCAGAAATAATAAATCCGCAGTATTTGACAGAATAACAACAGCCTCTTATCAAAGTAAGACGTGGCTTCAAGAATTGGTTCGTGAGCCCGCCCCGTCGTTCTTCTGCTCTTATCAGATTGGCTCAAGCTCAATAATAAGGGGCTTGAATACAATTCACGTCACCGGGTAAACCCTCGCCGCCCGCTCAGTAACCCAACCTGAGTGTCATCCTTAGGCGTACGTACAAGTTTGGGAGAAAAGGGCGACGCGACAAGCTGTCCCACTGTCGTGATTATGCGCTTCTGCCTTAGCTTCTGGCCTCGTACATGTATGTAGCCTACAACAAGTCATTCTAGAAGAACTCCTAAGGATCGCGAAGCGTTATACTCATGAGACGTCCCTCCTTTGGCTGACCTCACAATCCTGTACCATAATTCATGCAGAACCCAATTTATTTTGATTCGATGCGGAGAGTCCTACACGTAGCTCACGTGGAGCTAGATTGTATCGTCTTACTCACTAGTAGGGGGCAGGTGCAGAACATTAATGCGAAGAGTACGTACAATTCGCTCGCAGCGGAATGGGTCACGATGGACTAAGCGACCGCGCACAGCCTTGCGACACCCATTAGCCAAGAAGCGCGCATAAATACGCACGAAGAGTCCTCATGCACCCACATTTCTTCATCGTAATCCAAAGGCACGTCTGGTACGAATGGCCTCTGCAGGTCCGACAACGCAAGTAAGACGACGAGGAGCGCGTCCCAACATGTCAAGCACGCATTACCTTATCAGAGCGTCGGGGGCGCAATAACCGTCTTCTTATTTACATCGGAAAGGACGATCAGGCAGGAGACGACAAGAGCTGCGCACTGTACTCCGTTAACAGATCGGAGTAGATTTGCTCCTTCTTGGTGATTATCCCCCCCTCTCGTCCCCCCTGCAGTTAACATACCGGCTCGCCTGATGAACTTATGACGGCGTGAGCATTGTGAGCAACGGTAAGTGGGCCCGTCGATGGTAGCAGCAGCAGATGCAGGTTGCGCCGTTAAGAGGCTTTAGCTACGAAGGGTACTAGCTCACAATACCTTCAACTATTCGTAAAATCGGCCTCGTATGTGAATCGATCAGTACCAAGCCGGCTCAGTATCTAACGTGACCCCGGCCCGCTAACTGTGGATCGCGCCTGAAGGTATGCTAGAACAACTTCACATCCCCTACTCACTATCCGTGTGGGCAGTGACTTGCTGTGAGCATGCCACAGTGAGTTACCTCCGACGAGCTACGACTCAGCGTCCTGGAGTTCCAGCGTACTGATGTGAAGGGGGATGGATCGCTTAACGGGGAGGAACCGTAAGTACTGCCCCACCAGCTTTACACCAATATTGTGCGTTTTGGCCCTGGAGCAGTGGTCGCCGCCCAAGACCATTAGGGTAGGACCGTTGGGTTATGTTCGCCCATCTTAGTAGGGCGTATGTGCTCTCCGGGGAATGTTGTTAATTCTCGAGACACCAGCCCTAGCGCGCTAGGCGTCTAGGTCTGGCTTGGGGCGCTTCGTTGAAACATAAATGCCCCGGGCGGCATAACTAAGTTGCTGGCAAACTGAATTTTCGCGGGTTTAGGCAGTT,1697,51.38,Escherichia coli
SEQ_896631,GCGCATGTAGATAAAATCATGCACATGAGAGCATCGCGGCTTGGGGACTCAACATGCCCTGATCGCCGATCGCCTTTAGAGCGCCCACGCTGTGTTGATCGATAGCTTTGCACAGACCCTGCCTCTGTAGTCCCTCCTATAGGGGCACAACCCGCCGCCGCCTATTATAAATCGCATGAGTTTCTAAGGGACCCGAGCAGGGGCGATGATCAAATATAAAAGAGGAACTTCGGCATTTGATCCATCACCAGTCTACCAAATGCGTGAACTGATAACGATAGAACTGTGCCTTTTGTCGGAATGCTTTAGATTACCGTGCATATTGATGAGGGGTCGGACGAGACCCCATCATCACTCCTAGACGATCAGGGCATAGGGCCATAGAACCGTTTCCCACGCGTAGCTTGAGCCTAGGTCCGTCGGCAGGCAATCAATTATCTGGTACCAGGTCACACATGAGTGCCTCGTGAAGGACCTGCTAGTGGAATCGATCGAGTGGGGCGTATCTGACTGTTGGTGCGATTTGAGTTGGTCGGTGTCGCTGCCAAAACTTGGCCGTTTCGCCGATGACACAGATAGCAGTCGATAGCAAACTCCGAAGAATCAACGCTGTACTTGAGTGTAGTTACTTAAGGTGCGACATTTCTCACTTTATCGATGTTGGTGTCGCCCACCAAATTGTGGATAGGAACAACGTATCCCCGTTCTGCAATCTCCGTGCTGTAGATAAGCATAATGATCTCCACATGGTACGAATGAGGGCATTAGACACCTTCAGCTCTATGCCGGGGCTCCCATTCGTAGTTATGATCTGAACTATTGCCTTAAGCGAGCAGGTGCCGAGGCAGGAGATTCGTGAGCAGCGATCCTTAATGTAGGATTCCGAGATCGTCGTAGGAATGTTATTTGGTATTCCTGGATGAATTTCCTGACACCAGGCCCTAGCGGACTCTCCATTATATGCTCCTATTCCAGATCTAACGCGGAGGCTGAGCTTTGCCCGTAAACCCGCGGTACCTACATCACGCGGTACAGTTGGAAACAGCCACGACTAGGGCCTACCCTATGATAATAAACTACTCATGTCGCTTTAGCTCGGTAGGTTGGTTATTGTAGTCTCCTTCAAAAACGACGATTGGAACCTGCAGTGTAATACGTCGGGTTCATTATGTTCATCGGGCTGATCCATACACGCCAGCGTTCGCGGAACTCCTCCGCCCTGCGGCGGGGCCGCACCTTTTAGATACGACCAATTAACCAGCTCCCCCCTATTGGGTTATCTCTTGCGTTTCATTGAGATGGCGTTAGGCATGGTCACGTAAACGTTTGGACTTATAGTATCGAGACATGTAGTCGAGACACTGCGTGAGATACTCCGGTGCTATATGTCTACCCCCCTTCGATATTCATGCCCATCCCAGCATTGACGTTAATGAGCCTCATATATGAAGATCGGTATATTAGGAACGAAGGGCTTTCTGATCGGGGCCGATGGCAGGTATAACACGAAACACTGTCGCCAGGGGCCGAGATTCAACTGGGGGGTCCTTCTGGTAGGTGCATATCCATATCCTGCAAATGAGGCGTGCCATGCCAAGTCGGCCGGGTCCAACTGGTCAAGTAAGCTGAGTGGTGCTGCGCAATAATCCCATATATGCGAGCCCATATTTGGCTTCGCAGTGTAATGTCTTGTCCTGTATTCGATCAAAGTCTAGGAAGATCAGCAACTGCTATTTATCGTCCAGTATGGCGATGCGATCTCGGCGTGGCGAGTGTGACAGAATAAATATTTCATGAACGA,1801,50.08,Mus musculus
SEQ_280295,TGCGGTTGTTATAGTTTAAACATTGAGACGCAACATTTATAAAAAGTTGAATACTCCACGGTACGATGTACCATGCGAGAGATTGAAAATATCATAGGTACGGGCACGCTTGGGTATATTGTTCCCTATCACTACATTCATGAGTAATTACCGTCGGAATAACTTAAGTTCTGGTACGGAGGGACCGAGGGGTGAGACAAATCCCCCAACGAGTAGTGATTACTTTCAGTTTGTTGATTTCCAATTGAGCCTCGAAGTCCATCGGGTGATGTCTGGCGGTTGTTTACTTTATTCAACTTGGGTGAACATGGGCGCGGTCCAAATAACTATCTCAGTAGGTTCCTCGTCTCAATACAACTGTCTGACGAGATCAGGCGAGTCTTGTGTAGTTAAACTAAAGGTTCTTGGCCACGACGACGTGTGTACGGAGTTATGCGGCACGCCTGAATTAGGTCCGCAAGCAGTTACGAGAGTGTGCCGAGCTTTAGCCGCTGAGGGAATCAGGGAATTTGTTAAGGTGTTAGTCCTCAGGGACGAAAGTGAGTGAAGAGTCATTGTCCTGTAAAGCGAGGCGGCAGTCTAATGGCCGGGTATAATGCGATGACGCTTTACGGCTAACAGCCTCTGCGCGGTTCACAGTAACTGCGGAGTATAGGCGACACCAACGGCAGCCGATCGCGCCGCGGGTATTACCCGATGTGTACGCGAAAATAACTTATAACAAGATTTCCGATCTTAATGAACTCTTCACTATCTGCACAGAAGCGCACATTTAGTTAAACTCAGGGAAATTTGACGTGGAGTTTTGGAACACAGGTGCGTGCAGTTCATATCCTGCCAAGTCCTTAGTCCGCAACACTGATAAAGGCGAGCCAATGCCCCCACTCCGAGGCTTTTGGCCGACGGGCCAATTGAAGGCCTGCGGGCGAGCTTGAATCACCTAGGCGACAGCAGGATGTCAGTTGCGGGGGCGGCCTTATCGTGGTTTGTGTGGGAACCTACCGGAAGTATCGTAGAGTTATTCCCTGGCCAGGGTCCGGGCTTCTGCTGCGAGGCAGCAAAGAAGATCGTAGCGTTATCTGCGTGTTTCCCCAGCTCGTATGAAACAAGGCGCGCAGTGGGTATTACTCCAAGGGTGTTCAGATCGAAGAAGCGATGCTAATACCCTCTAAAACTGAATTGCGGCTCCATAGACCGACGAACTGAATGTAGAAGGACACCATAGCAATTTAGGCCGGTCCGGGGCGGCTACCGAGTGAGGTTCTACTTATTTACTATCAAATCAAGTAACAAACTCGGCTTTTGCGCCTGGCTCGGCGCCCTGCATGCTGCTCGGCGGACGGTACCAAAACATACCGAAAATCCAGCAATTCCCGTTATTGTAACATTAGCGTGGCTATCGACCTCACTTCCACATGATTTTGGTAAGTGGTGCCGGGAACGGAGACGTGTTGGCGGTTGAGGCTCTTAGCGCCTTAAGGTGTTACATGATGCGAACGGAGTAACCCACACACGATAGATGCTTACTTCTTCTCGAAGCAGTGGGTCTGAATGTCTCTCCTCGGATAAACTAGCCCTGCGGTGTCATCGATATGGTTGCAGTTCTCCGAAATCGCGCCCACTAGACTGTTTTTGATGCCAATGGACGACATGATGGCTTGAATGAACTCATTAATAATCACCCGTAAGAGAGGATAAGTTACCTAGCCATTTATAGGGTTAATCGGAATGGGCAACTACCCCCTGTTAGACGCGCAGCGGAAACGCTGTCTGAGTCGACTAACCGGCCAGTACACTCAAATAGGTGCCTGTC,1813,49.53,Mus musculus
SEQ_596615,GCCGTTAAGAACCGTGTATGCATAAGTCCCCTATTGGGAGGGAGAAACTAACAATGGACTCTGTTGGCGACAAGGCTTGATAGGCCGTATACGGGCAAATTACTAGCTAAATATCATGGGTAAGTGTGGCGATCGGCGGAGGGTATTTTTCTACTTGTTACCCTGGGATAAGCACTTTATTGTCCGGCGCCCATAGGCGCGGCCCAGGGAGGTTGACCCATTGGATCCGACGCGC,235,51.91,Escherichia coli
SEQ_641405,TAAATCCGCTTGCTTCGTTGTCATAGCTTATGCGAGGTACAGGAGAGTATATGGGCTTTACCCAGTCCCCTTTCCAACCGATCCTCGGCCACAAGAAAATACTCTCTTCTAGAGTCAACGACGCGTCGGAACCTCCCAGACCAAACTAGATGCAGTGTCGATAATACATCTATATTGAGATCTCCCTAGCCGGGAGGACGGCATAGTTGATTGCATGCGCTTCTGAAAGCCTAAGACGAAACATCACTAGCCTAGTACACACAACCGGCTCGGAGGTTCCGAGCATAAGTACGGCTTTTCCCGTCTCCGCACGGCAAACTAGATAGTACCGGGAATTCGCAGAGGGTTCTTCCTACAGGTAATTGCTAGGATATGCGATTTCCCTCCTTAGTGCCGCAATAGTAACATCACCATCGTGGCCCAGTCTATTTATCCAGAGAACAGAGTCTAAGTTTCCAGCTACGGGAATAGTTCGGCGCACAGATGGGTTTGGAAGTAAACATCGTTGGATTACTTCGTGCCGCGCCTCTTCGTCGTTTAGATTTTTGCCCATGCGGAATTGTACCCAAATCGTGATAGATGATTACGTAATGTTCACGTTCAACCACACTGGCGTGTGAAAGGGCCCGGTGGGTTTCGTTGAGGGTTGTAGATGGCGGCTCCGACTAAAAGGACTCAGTGCCTATCCAGGCTCGGTGACCGTGGGTAGCTGCTCTAAAAACAACACAACGCGGGTGCATATTGGGGGGGCTGCTGCCGTCTTGTTCAAAGTGTAAAATATCGCTCTACTTTCATCATAGGTTATTTCGTGGCAAGTCTTAGACTTGGTGACTGCAGGGGTGCAACCGGTGTCGCATTTGAAGGGGCAGATTGCGACCTGGTTACCTTTCTGATAGCCCGGATGGTAATAATGGAACCACGATTAGGCACTTGGACCGAAAAACTTCCGGCTCCAGACCGTCACTTCCACGCCTGCGAACACTCT,985,49.95,Drosophila melanogaster
SEQ_881508,AATTCAAGAACGCTAGTGTTCTCCGTCAATAATGGAGACCCGCCGTATCTGGTTCGTGCGTCGGCGTGGCCGATGTCTAGTACTTTGACGTCGGCCTTGGGACCAATCAGTGAAGACGGAGCCCGCCTTTTAGTGTAAATGAAGGATTTAGGGTGTCCCAAAGAGTTTAGCCCCTCGTTAGAGGGGCACTAGTGACAAAAAATAGTGGCACCAAAATCAACGCCCGGCATCAACGTCCCCCACCGACGCACAACGGCCGCTCAAGCGTATAGACTCTGATTAGTCCCAAAGACGCAGTGACCGCTATCCAGTTTGCATAGCGAACAAAGTCATAGTGCCCACCTGTTCATAATATCCAGATAGTATGAGGCACGTAGCCGAAACGGTGATGGTTTTCGTTCGGTCTCTTACTACGACTCGCCCAATGTAGCTTTGCATGGTATGCTACAGATAGATACATGTTCGGACACTCACGCAGGCAACCTAACTACCGTTCTAAGTACGCGCCCCCCTTTTTCTGCCAGCTGTTTATCACTCCACGCCCGTAACTCCACTAGGAGAACATAACTTTTGTGCCCCGGGTAACCTTTTGTCGCGAAAAACGACTCTTATGACGAAAGTAGAGATAAGGTGATTCACCCATGGCTGCACTTGGTTTCGTAGGACTTATTTAGCCACACATGGCAGGCTAAGATAGTCCGGCGACTCCCCGAGCCTTCTCGTAGACGAGGATCGAATGGACGTGTGCCTATATGAAGTTCCATACTGCAATTGTTGCTAAAACCGGTACCCATCTATCAGCTAGGATACAGAGTTGAGGGATGAGAGGGTCAAGTTTGTCGGGGATGCATTATTGCTCCGCTCAGGAACTTACAGTCAGTGTGACCGTTACATCTGCGGCCGAAGTGAATACTACATAAGAACTGGTAAACTACGCTGGTAGCACATTCCGCCTTAGTAATTGTCCCGACCTTACTCGAAATACACGAGGACTTCGAGACCAGGCGAAAGGAGGTGAACCGCAGTTGAAGGCTTGCAGCGGTGGTGAGAATTACTATGATAATCGATGCGGCATATGTCGCCATGGAATTATCTGGTATATTGCCTTCGGCACATGGCTATTCCAGGAGACCCTAAGGTGGGAATTTCTAGGCGGATGAGTAGCACGGGCATCAGTCAGCTAGATGCATGCCATTAACCCCCCTGAGAGTTATCAGGCCAAGACGGAATATAGCCACGAAGCTTGGTGGTACTCATGGCGTTAGGGTACGATGAAAGCCGGGGAACTTTTGCCTAGGTTGGAATAGACGAATGATCCCTCGTGTCGACGACACACTGCATAAGCATAGACGCCCAATGCCCTGTTAAACTATGGCTTTACATACATATCCTCAGCGTATTCACTAACCCCACATGCA,1418,49.51,Caenorhabditis elegans
SEQ_870437,AAGAGCAGCTCATGCATGTCCGTACGCGTGCCGAAATTCTCCGGTCATAGGTATCCTTTATGGTGGTTTCCCTGCCTACGAGCGAGAATCCCACGGCGAAAGTACGTATTTTACTTAGTCCTTAGACGATAAATCAAAAGCAATGATTAATCTCCTCCCCGTGTCCCAAGGCGACGCCGCGAGTTCTGGCGAATACCTGCCCCTAAGTCTTCTTCCGCTCTCTCACCATTGACCCTACTGTCACTAAGTTTCGTTAGCTGGTGTACTGGCAGACGCCGCTTTGTAAATCGACCGGTGAGGTATATTTTGCCCCACACGTATAGCAGTAGCGATAGGCCTTGTCTTCGATTGATTCCCATGTTTGTCCTAAATGTCATGCGACGAGTGTATCGGTTTAATTGGCCCGTACTGCGTCCTGAATCGAGCGATCCTTTCGGGGACTCGCCACGCAAAAATCGTCCTCGAGTCCCTCCACCCGTGCGTGCGTGGGCGATGACGTCACCCCATGTGGGTCCCTGTAATGTGTGAAGGAGTAGCTAAGCAATATCCGTACAGGGGCTCGTATTATGGACGAGCGGGCTTAGCTGCTAGGTCGGTCGGGCCTCCTCCAGAGGTCCGACCGCGAGTGAACGCATACGGTGAATAAGCTGAATGTCTTCAATATTTGGCGTAGCGTCTGTCACCTGATCCACGGTTTAAGTCGTCGCGACTGAACAAGTTGACTCTGGGGGCACTGAGTCGACTTTCCAAGGCTGAACCAGTCGGTACAGGCAATCATAAAAGCGCGAGGTCGGCTCCCCATCAAACATCTACGTATAACCCACAGGAGCGAAAACGGGCAGTTTAGCCGACGGGTAGGGTGACGACAATGAGTGTGATCTACCATTAGGGAAAACACCTCCCTAATGGTCTTCTACATCGAGACACCTCTAATCTCACATTCACCTGAATTTACGCGGCTAAATCCTTACGTATGTACACGTTCTTTTGCGATTGGCGCCCTATTTGATTGCGGCGGCGCTTCCGTCGCAGGTAGGCCCTTCCGACCTGGTTTACGGCCTTTACCCCGAACAATTAGTCGTCCTTCGCTCGTGACATCGGGCGGGGCACGGTCTGATGGGATTGCAAATCATGAATTTCCTCTATTGCCATAGTCGGGGCGGTATCGTGTCTATTCGCACGGTAGGTAACAATGGTTTTTCATTGAGTCATCTGGATACTCTCCTTTGGGGTCTCATCCCTGGAACGCAATCTCAAGTTGCGCCGTTACTCGCCCATACCAACTGCCGTGCAAAGAAGAGTGCGTCCATCTTCCGGAACTGAACCCGCCTGTTAGGCACGGCCGCACGACCGCAGTTCTGGATGTTCCGATCATCGTATGACCTTAGTGCAAAACGTGTCAGTCACGGAACACATCTTAAAGGATCAACTTTAAGCATGCAATTAGCAACATCGATCTATTGACCCGGACTCCGCTGCGGGGCGTGGCATCGACGTTAGTCCAGCCCACAATACTATAACCGTCCTCAAGATAGCGCCCGTCAAGATAGTAACCGTCAACTGCGGGTCGCGGAGCCGCGTTTGGAGACCTACCTCCAAGGACGGCGACGCGTACAAGCACAATCATATAGTTATCTCTAGGAGATATTCTAACACGGATGATCAACCCCCCTACACGGGATCTCATAAACGCGACCACCAATGGGTTTCTGCCAGTAGCCATTTCGAAGCGATCCATTGTAGCAAT,1747,51.92,Arabidopsis thaliana
SEQ_856307,CAGCACGGAGTATCTGTATCCTGCTTTAAGGCCTAGAAGGGCGGCCAGTAGGAGGTCTTCTCGCGTTTTACACATCAGGGTATATAGTATAGAGGCGGTGTTTGCACAACCTGCCGGTGCTTACCCACCATGTAAGGTAACGTTCACTTGGACGGCGCGTCACGACGCAGGCCTAGCACCGGATGGGTGGGGGCACGCGGTAAGAATCGTAAGTGACTGTCTCTAGAATTTTCAATATACACGGCTTGTGGCAACAACATCTCCTAGTAAGGCGCCTCACGCAAAGCTGATTATAGCTGCAGACATACGAATCGCTTTAAACCGGGGGTGTCCCACCTCCATTAGTTGGACATGGTAGAGTCGTACTAAGGAACTTATCCTTATACCTAGGTCTAAATGTGTCAATACGACTGCCTGATGACCGATAAGAGTGGCCAGTAACTCCACGAATCCTGTACAACGGATTACGCTTTGTCGGGTAAACTATCAAAAGTTCCAACCTCCCTTGGATCAGATGCTCAAAATAACAGGCATCAGGGTCTACAAATCCATCGCTGAATGTATAGCGTGACGCCGATTATAAGACAACAACGTTTAAACGCAGAGGTATGGCAACGGCGGAGAGGGGTACCGCAAGTTTTAACGAATCCTATGTTATCTTGTACCCAGCTGTTGTTGAGCTTGCCCTCTCACGCTTGGCTGTTCACAGCCAAGTGCTAGCAACGGGCGTCATTTAGAAAACGCTATAGTGATTTACGGTTTATAGGTCGTTCTCCGCCGGTCCAGGTTGCGTCGTAAAGGTCAACAACACTCCCATAGTCTGGTTGGATAACTAGAATGTTCTGTGAAATAGGTGTTTATCCGTTTTCTAGGCTGGGTCTGAATAGCTCCATGCGTCGTTGGATCGCCGCTCTTCAGCAGGGATGCATCTACCCAAGCCGTTTCTGATAGGGTCTATGAAACCGTAGGCCGGTAATTGTACTTATATTCCCGAGTTTTTAGTTGGCTAATTCTATTGAGATCTTCCCTTCGAAACATAGTGAGTCAGAACTCCGGGCTGATATAAAATCTATGCCGTCACTGTGAAGGGGGGTAAATTTCAGAGGCACATTTCCATTCTATCGTTCTAGGGTGATTTTTCCGCAGTAACGTCCGTCGACACGTAAACCTGGGCTGGGCCAAACAGCGATACTTTAGCGCTAAGTGCAGGAAAGACCGCCAGTCTCGGCTAGAGTGATAGACGCGCGCATTTTCGGCGTCCCCGATGAACACGGAGGCGGTTGGCGGCGGTACACTGAGAGTTAATACAGCGTCGACGCCATTCCGGTTTGACGAACCTACTCTGAGGGAAGATTCATTAGCGTTTCTAGCCCGTGTGTTGGTGGCATAAGTGATGGGAGTCTTCTTAGTTGACATGTTTCCCTATAGTGAGGCTTAGAAGCCTGGCAGACAATTCCGTCTTTGTCCGCTGCCAATTCTGACCTGCTTAAGGGAGCTTCAATTC,1504,48.87,Homo sapiens
SEQ_957571,GTCTCTACGAAGCTAGGGGTTACAGTAATCAGCTATCGATTAATCTTTGCGTCCCCGGCGAATCCTTCTATCAGCAAGCGGTGGCTAATCCAGAGTGCAATAGCCTTACGGCGCCGTCCATCCCTAAACATCCCTTGCCACGTACAAGGCCTTGTCACCATGTCTGTCGCTGAACAGCGGTCTACACCGGGTCGCCGAAGCCCGGGGACACATATTCGACGGGGGGCGTCTGGTGCGCCGACAGGTGTACTGTACTCCACAGGGAAAGAAAGGCCTGACTGCTGGTTGACTCTGATACTCATGGGTGAATGGTCCAGCGTGTCAATTCGTAGTTCCACCCGCTCACTCGAAGCAAAAGGCGCCTAACGAAGTGACGTGGCTGCGTCTCTGATGAAGGTGGCTGAATAAGAGTCAATCCCCATTGTCCCCGTCAAGTGCCTTTGAGGAGCTTACTTGGTTTTATTGACTAGAAATGAACTCGCGTTTTTAAAGCACATCCATCTCACGACTCGGAGAGTGTCACTCACGCAACACTGAAGAGATCAGAGCACTTTGATTACCAATTAAAATGGACCTTTCAGCGACATCACGAGCTGAACACGCATCACGTGAAGGTTATTAGGCACTAGGTCTCTTCTCTTGCCGGCCCATCGCACGGTAATCCCGAATAATCAGTGATCTCGGCGGGGTATACCATGTAGTTCAGGATATCTTGTCTAATGGCTAACTGGCTGTGGATAGAACAGATCTACCGGCATCCTAAGCGCCCACTGTCTGCCGACTGCAGAGTCGGCGCTGCTCTTGTTGATGACAAGAAGCACATCTGTGGCTAAGCGACAAAATAGCCTCCGCACTCGGGGGGTAATTCGGGTCCTGACCCATTCAAAATACCGCATACTTTCTGAAACATGTTCCCAGCGACGCGAAGACCAAGTATATTGCAATCGAAGTATCAGGTCAGCGATCCTGCCTTCGCTATCCATTTGAACTCATACTCTTGACACGTACCTCACCCTACATGCCACCCAATCCCCCAACGGTTATGTATCGACCGTAATGTGAGGTATAGGAAATGTGTGCGAATGTTCGGTTAAGTGTCGCTAGGTGTGCAAAAAAACGTCACCACAATTCTGGTGGACGTGTTTCGGCGTTGAATGGGCATCTGAGATGTTGCATGGGTATGGACTCACCGACTATAACAGTCT,1205,50.62,Arabidopsis thaliana
SEQ_181347,GATAATGCTATGAAACCGAACTGCTTTTATGCATCCTTGGGGGAACTCGTTCCGCGGCACCATACGACTGAAGCTTTTCCCCCCATAAGAACAACCTTATATCGGCGGCGTCATAATGAGGGCCCGGCAATAGGCCAACCGTGCTAGAGAAGTTGACTTGAAGTTCTGCCTCGTCGCCTTCTAGCGCTAGCATGTGACGTGAAGGAGAAAAAGCTCGGCCAGACTTGTGTTCCGCCCTTGGCAAGTGGTAGATACATTAGATTACAAGGAGGTGCTCGGCGCTTTATACGGGTCCAATAATAAGATCCTTGACAGTTCCAGATGCCCGGCCCTTTTACCTTATCGTGGGCGGGGATAACGAAAAAGGAGCATGAGTTGTGCTCCAAGAACATGTGATTCTATTGAATCTTCTAGAGGGTTGTACTTTCCACGTGTCCATGAGCAATTACTCGGTGTTCGCAACCGAGTTAGCGGCACAATAGGCATAGGCTCTGTTACTGAAGGACTTCTTACTTCGCAAGGGTGAGGTACAGTCCAAGCAGGGCCTCTTAGTAGTAGGGCGAAAGGAGACACTACGAGCCTGGCTACAACCCTCACCGAGTATATAACGTCTCTTATTCTCTAGCGCAATTCCGGATTGGCCTCCCGACTCGTATGTCCCGCGGCGCCTTACATTTGTGATCTCGGCGTCTCGGGCTAGGTGTGCCTGCGG,712,51.12,Drosophila melanogaster
SEQ_354395,GCTTTACATGGGATATCCATCCACGTGCGTCAGAGTAGCGTTGGACTCTTCACAGCGGATAGTCTTTCTGCGGGTTAGGGCTACCCCATTTCGTGAACTTGATCTGCAAAGTTCGAAGATACACGTGGGTCTGTATCGGCCCGGCGCTCTTCCGTGCAAGGTAAGCCCTAGGGACGTGTATAGGTAATTCCCTGTTAACACCAAATGATTTCCTCCTGTACACTAGATATCACGTGCCGGCCCGGGGGCGGGCTTAAAATCGGTATGCTGACCAAGCGAAGAGAACGGACCCAGAACCTAGGGAAGATTAGGTGTAGCTGCTAAGATCATGCCCCAACCAGATGCAAAGGCCGAGGGTCACATTTAGTTTTCTTTGTTGGTA,382,51.05,Arabidopsis thaliana
SEQ_208673,CACCTCGCCGCAAGAATAGGTTACAGATAGCAAGACGTCAATTAAATGCTAAATCGTGGCGAATGTATCGTATCTACTTGGCCGGTGTATGCGGCATCGGGAAGCTGCCCACGGCGGCGCTCTTCTCAGTTTCTCACCCCGCGAGGATCGGCTACTACCCGGTATCGGTAGTCGCCTTCTTCTTTGCTACATTCCATCAAGGCGGCGACTATTCGTAGAAAAAGGAAGCAGATAATCCCTATAGGGCGCACGAAGTATGTCGCTTGAATAACCGCGACATGAGATGGCAAGGAACCTCCGATTCTGCTGTGTCCGTAGCACCAAACCCTGGAAAACAGGCAGCATCAGGAGTCGTCTGCATTCGGATGAACTCTTCTCCAAGCATATATCTTGGGAGATTTCATGCAGAGCACACCTAGACAGGTCTGTCCAAACATAATGCGTCCAGCGTCAGGGCACTGGCTCTCATCCGGAGACCATCGCTCCTCGCCTCAGCGTGTATCTCTATTCGAGTAGGGTGCCTATACAGACAACGTTGCATCCCAGGTGATATATTGGCTACCAATGCCGCCTAACGGGGGCTTCCTCACGAAAGTAGATTAATATCCGTCTGAACATGACCAATTAACTTACATTGGATCGGGTCAGCCCAGCACGAACCTAGAGGCTCTTGCATGCGTCCTGCCACTAATGAATGGTCGTCCCATGGTGTCGCAGGCATGACTAGCAGTCCCATGCTAAAACATGTACAATCATGGAGAATGATAGGATTGCGAGTGGAGACCTGATTTCCTGAGGGGCAGATGTGCCAAGGACCCCCCTTTTGGGGATGGGGAAGCTGCTTCGGTAGTACAAGGAAGTATGCAACGTTAGCGTACGGCTGGATAGTGCCTGATAAGTCCGTACGGGCAGGAATACCTACTAACTGTAGTACCCAAAACTCTTGTGCGCATAAACGCCACATCGGGTGAAACGAGCTTCAAGTGTGACTTGTTAGATATGTACGTAAAGCTACTGGTCCTGTCAGTAGGTTTGGTGTCAACCTGGAAATTAGGTTGCGATCTAAACAATGTTAGAGCACGATCGTGGGATTAAAGGACCGTTTTCATTCAAGAAGCATGTCTAATCGTATGGGAGGGGGATGTTCAGACCCGGTCTGGTTTCGAATATCACTCCACGAGTGATATGACGACGGGGATCGCACATCCAGCGTGTTTGGAGTTTTCATGCTACGAGTCATATGTTTACCAAGTGACCAAGCAGTATGATTTTCTGGGATAAACTCCACTGCGTAAAGTTGTTTACTGGCGACTTAAGCCCATAGTCTGCACATTCCCAGAAAAAACGGTCCCGCGCTCCGGGCGCTCGGGGTACCGATCTCCGGGATGCTATCAACGAAGCCAGCTTAGCATGTTTGGATATAACTTTCCCCACCCAACGTCTGGCCGGACGGACACTTACACGCTGCAATAGGTACAAGTTCCGAT,1487,50.17,Mus musculus
SEQ_228143,TTTAGCAGATCTACCTAAAGAAGAGTACCCGTGATGCCTTTACAGCCCAGGCAATTACTCACTAAAATTCTCTCTGAGTGACCCTTATTGGGGGCAATTCAGCGATCGATGGGGCCTTAAAAGCTCTGAGGGCTTGTTGTCGCGCAAGTTATCACAGTGAGCAAGCAGATCCCTGCCGTGTGACCGAGCATATAACTGTGTTTATACCGCGACCAGTCCACTGTGCGTTATCTCGTGAACTTTACCCGTCGGTGGTCCACGGAGGTTCTGAACACGATGGTAGACAGTCTCCGTGGTGACCAGTACGCAGCCCGATGTTTAGTCAACCGAGCAAACAATCTTTTAGTTTAAAGAGGAGGATTAGGGCATTAGAATGATCGTTCCACTTAATCACACGACTTCGTGGAGCAAACATTACTGCTGCAAACAAGGGGCGGGAATGGCCGCAACGAGAAGTGGGCGATATGAACTGTTACAAACCAAGAGTTAATGCTAGCGGCTCGTCTCATGATACGTTTCCTTCACTCGAACCCAATGCGACACGTGTAGGATACGCCGTATATTCGCGTCCCCCGGTACAAACTGCCTGGCGTCGTGTAGTATTTTTTTACTAGCATAAGTCCAATTTAGGAGCGGACTACTGCTGGCGGGATTGAGGTCCAATCTTCAACTTTTTATGTCGCTATAATACCAGCTGCATCGCGACATATGGCTGGTCGGTGCTGGCCGTAGCGAAGAAGTCGTGACCTAATTGGTATAAACCGGTGGTACATAGCGCCGTTCTTGAGCTAAAAGCTCAGGTAGGCTCAACTGCCGCCCTCCTAAGGCTATTGATGGCGACCCCACTAAAGGACATAAAATCTAATATGTAGGTTACGGATTGGCAGAACCTAACCATCAAGGGCTCCTAGGACTGCTTTAGGGATGATATCTAAAAGCGGTATCACGCATGGTGTCCGGGCGATCCAACTCCATGGGGTGGACTTTGGCGAGCCCCATTGTTTGACATCAGTAGACAACGGCAAGGATTAGTGACTGACCGCTTTCGCGGGGCGACGCATCATGCGCCTCAATTCTTTCTATGACAACACCTTCCATAGACGCTAACTCACGTCGGATCTTTCAACAAAAAATGCTGCATCGAGCATTCCTTACTGCTTGAATGGCTTCCGGAGGACTTGGCTAGGAAATGATTGTCCTTTAGACATGTCCAGCCATCAAGTTGGCATATTGATGCTTACCACATGCTCTCGAACAGATACCTGGCCGGTAAGCTCCACAGTACTCTCTTGCTAGATTTCCGCAGAAACGACGCCTTTAGAACTACCAATTCCGCATCTAACAAACCTGGATATGTCAGTGCCTCATATTCATCCGCCCAGCTCTTGTCCTTAACCTAGATACCTCCGAAATACTATGGCAGTGTCTCTAAACATGCGTGAGTCTTGAAGAATCCACCACCCTAGCATCAATTACCTTGTTAATGGGCTTGCGACTCTTTGCGGATTGTCCCG,1514,48.61,Homo sapiens
SEQ_306047,ACCACAGTAATAGATCAGACGGGATTATGGTTATGTGGAGGTAAGCGAACGTCGTTGTATGATCTCACCTGTTATAGTAGCAATCAGGTCGTAGTTTACGGCTGAGATCGTCCTAGCGTAGATGGGCTCCCTACGTTGGGTCTTATGCCTACCCCCTCTGATAGGAAAGTCGGGGCTGTTCGGTATTCCACACAGAATCGGTTTACCGTTATGGGTATACCGAATCCCGGTAGCGGAGTTATATGATGTGTAGCCCGGTCCAGCAAGACTACAAACCGGGTTGATCGGGTTGTCGTGGACATACGATGGTCAGATAAACGCGGTGGTTAATTATAACCTCTTGCCGTTATGCCGCCGGGAAAACAAGACTTTTGAAGTCAATGGTATAGACCTCGTGGCACAGTCACACAAGATTTTATTGTGCATCGGATCCCAGATTTGACACGACATTATGCAATGTCCGCGGCCCTACAATACCGCCCGTGATGACGCCATAAGGAGTCCGACCTCAGTACTTTGAGACCCCAGCACAGTAAGATTTGTTTGCACCGTCACTGTTTCCACTAGGGCTTTACGTGTGAGGTAGAAATGTCAAGCCATATTCGTGCTGGTCAAAAATGGATGTGCAGTC,631,48.49,Drosophila melanogaster
SEQ_325306,AGATCCACTGAGCCAAATACGATGAAAATCACCACTGTAGGATGAACACAAATAATTGGGCTTACAGTT,69,39.13,Drosophila melanogaster
SEQ_367333,GGGGACTTAGTGTTACCGAGTTTTGATTAAATGTTTATTATGCGCTTACATCAGTCCGCACACTCCCACGGTGCAGGCACGCTGTCTACCCCCTCCACTATGGCGTCTTTTATCTCGTTGCAGCCAGCAGCGGCAGCCGTTCCCATATACGAATAACTTGTGAAGGCACGTACCTCGAAAAATTTTTTAATGTCGTGGCTCGATGGCGACCCGAGCTGCCTCTGCTAAGAACGATGATGGCTGGCTTACGCTCCGTCGTGTCTACACGCTGAGAGGTAACTGATACTGAGACCAAAAATTGATGCCCGGTTGAGTAAGAGTTGGCTACTTTTCACGAAACGCAACCACACCTATCAGACTAACGCACATGGAAACAACAACTCGACCATGCCCTGCACAAGTGGCCTGTCCAGGCGTTGCTAAGCCACTCTCGCATAGCGCTGACCTAAAATTCCTACTAGCGAGGCATGATTCGTAATAACGTCCCAAACTTCATGATCTGGCGCGCCGTTAGCCTCGTAACAGAACAATAAGGCCGGCTGCCACTCTGTCTGGATACAAAGGCCCCGTCAGAAATACGAGCTACGTGCCGCCGCTCAACTCGCGTGTTGCGGCGACTCACTGAGCTAATGATTATGTGTGCAATCCAGCCTTTGCGCACAAAGTCCCTAATGTGTCTTTTTTGCTTAAAGTCCTACACCTAGACCCAACAGGGCAGCCCGGTGTATGTCGCGACCCTCCCGATGGGAGCGCCTATACATGGACGCTATGCATGGAATACACCAAGGCAGATACTGGTCTATCGCTGGACCATCGAAGGGTACTCGCGCAAGCTCAAGACGCCCCGCGGTAAGCACTTAACCCTGGCCCCGCAGCTACTTTCTTCGACGGTCAGTCGGGAATGCGCCATGAGTCTCGTAAGGATTGTGTAAGTTGCCTACATCCTTGGCGGACGAGGATTGGGCTGACAAGCGCATTGTCGAAGTGAAACAAACGGGGGCGATGAGGGCCACCTCGGGGATACCTCAAACCTAATACTTCAGCTTAGAACTGAAGCAGAGCACATACACGGTAACAGGACAGTTGCAAAGGGGCGGGAGTGCTTTTCTACGGTCTCTGGTCGTTCGATCTCCCGACCTGAGGTCAATTGATAATGAATACCGTTAGTGTTGAACTTGATTTGGTCCTAACGCGATGAAATACCCATTCGGCCCGTGACCACCTCGTCTGTGCTTAAGGCCGGCGCATTTACATGGATTACTTCATAGT,1269,51.85,Arabidopsis thaliana
SEQ_470205,GTGTGGCGATCAAAGCACTTCGAAGATGGGTTGTCTCGCTCGGCTTTTTAAAAATCATGTTAATACCAAGGTGCCAGATCCTACCCCGGTCCACACCCGGTGTTTCGCCATGTTTCCATCTAGTTCGTACGCGCATTTCGAACCCATCTGTCCGAACGCTTTAACCATGGTGGATTATGGCAACTTGCCCGTTGAACTGGCACATCAATAACCTCCCCACCTTGACTCCAATCGGCTGCTACTCAGCGCCTCGAAACAAAGACCATATATTGTCAGTTGTGAGCCTGTAGCACTTGTGTCCCTCAGTCAGCTTGTTGTCTAGAAAGCGGATCCCCTTTCACCCCATCGGCCGATCTCGACAGGGCAAAGCGTTTCAAGGCTTGACATAGCGTGGAGAAATTCATGCTTTGGAATCCGTCCTGACGTACTGGGAAGTGTCTGGCTGTGTTGTCATAATAACACATGGCCTCGCCTACAATCAGGGTCTGAGTAAGGAGAACGACTATGGAGATTTTCATCTGGCCGCTCCCGTGAATGTCCGTCATGATCTAAGATACGTCTCACTCTAGGAGGCGTTGAGCAATTGTCTCCATGAAGTGTCTATGGTCTAACTGCGCCCCTGATGAAGCTTGACATCCGCACTACCCAGAGGAAAAATGGAACTTATACCGTTCAAACCTTCTGTACCAGTCATTATTGGGTGCTGCCGTGTCGGGTCCCGCTTAGTTAGCAAACATATAATAGGTAATCACGCATCGTGACGAAGTACATAGCATGACGCCTACAGGGTGGGGGAAGTATTTGCACAGCTGCCAAGGCGAGCAGTGGGCCTCGACGACCATCGCGTATCACCTCTTGAACCTTAACCCGGGTTACAGAAAATTAAGGCCGATTTACATAAATCATTGTCATGCAGCGCAGGAGAATACTAGCGGACGTGCGAACCCATCTCGCACAACGTACTGAGTGATATCTATCCTGCCTTTGCCTTTTATCCACGAGTCGCCATCTGGTCGCCGGGAGCACGTGAAGAGAACTATCCGCTTTTGAGACCCTTCTATATTTATGCAGATTTGGTCCGCTGCGATTTGCGAGGATTTCGTAGTGCCACCCACGCAAGTGGCGGTGGCTAGATGGATCCAGTTCTGAATATCCCTGGTTCGGTATCGCCACCGTCCGCCTCCTTAAATGTAGATAATCCTTGCTCTATTCTTCCAGTTCACATCATCGCTAGATTCGCGAGCCATCAACGCGACGCGCTACCAACTTAGTTACTAGAACTGTGTTTCACCAATTGTATTTTTTGAGATTCGTTTGGCAGGGAGACCCAGTAAGTGAGCACGCTGGCCAAAAGTGGATCAAGCAAATCTCGCGTGTCATGTAGTGTGCGTGGTGTAGCACTCACCACCTACGACCACGGCCCCGGGTCCCGAACGCCGACGAGCTCTCCAACGGCCGATAACCCTGGGATCTAGTATAGAGGATCACCCCTTGTTTCCCCATATAGCTCTAGCCTATCGGTAAGACAATAGCTGGCCTCCTTTGAGTAAGGCTTCCCTCACAGTCTCGAACGCCGGGGTCTTCCGCGCCAGACATTTGTTTGCACATCCTCCCGGAATCGCGCAGCGGTTGTTGCCCTTCGAACGACCCTCCGCCACAGTGAAAAGTTTTGTAGGTCGTATGGAGGTGCTAATGATACCTCAGCTTCGCCCGGCTTACGCAGAACAGTCACGAGTGGCCATATCGATGTCAGGTCTGAGGATTTTGCGCTTTACTGTGGGCCGCGCCATGAACTACATGTAACACACTTCGAAGTCCAGA,1821,50.96,Homo sapiens
SEQ_898989,CGTTATGTGAGTCAAATTACGCTGTCAGGGGCGGGAGGACTGACGCGAAGCGTAATTATAAGAAGATACAATTCTCGTAGACCAGCTCCCCGAGCTCCCTCGTGGGCTCGTGGACCGTTTACGTGCCACGAGATAAGAACAGTCCGCCCTAGCCGCCCTCATCCCAAACAGAAGGTCATAACTGCGGGCTCCACTTGACGCTTCCACACCGCCGGAACCATCGCTATGCGGTGGGGCGTACCGCCATTACCTCGAATCTCGTCACCCGACGCGAGCAGGCCCGAAAACCGTAGGACCACGTGCACTTAATGCAACGCGTGCCCTATTCCTTCTAAAGTACTTCTTGCTGTTAGAACTTCGTTAGGCGCGGTCATACTTTCTCGGTTAGTGCGTCAATCCGTTATTGATCTC,411,54.5,Arabidopsis thaliana
SEQ_459635,ATACCAGGATCCTTGAAATTGTGTGCGCACTCAAGGATATTACTTATGGTCGTCGGCAGTGTCGGCATGAAGGGCATGCCATGGGGGTGCGTGAAAAAGCTGATGTGATACCGCTCCGTGCCAGGGCACGCGGACCGGGCCGTTTCCCGACCAGCTTCCAGGGTTGCCACCGTACGACACTTTTAGGCATCAGCGTCGAATCTGTCCAATGAACCTAGTGGCTTGCAATGTGTCTAAACCGTTAGCGGTACGGCTCATGCGCGAAAGCTACGTTCAAAGGGTAGCATATAAGCCACCAGAAACCTGAGTAGTGTTGGCTTCACATGCATGGTTATCCATCGTGGCCTATTGACTCGAATATTCAACTTCGTAATGATCATACCATATTTTCTTTATGGTTTCGATACAGTGGTCTCCAAGCAGTAGTGTATATGCTATAGAACAGCTGTGTATCACTGATGAGGCTAATTCGAGTTACAGGTATATGCCACCTTGTACTATCGCGCCCGGAGATCGCAATATTAAGTGCCACTGTAGCCGCTTTGTCGAAACGACATCTCTTCTGGGGGTCGTCGTGATTAGTAGATTCTACTCCGACTCTGAGGAAGCGTAAATCGGTAGTACAGCTTTAGTATACAGTTTATGGTCAGCGCTCTTGAATATAAGGTTATATGATATATCCATTCAAATCCTCCACTTGGTAGGGCGCAATTCGTTTCCTCTCCTATTCGGAGCTGGTGTCATTCTTTTTGTCATATAGGGGATTGACCTAACCAGTGACTGAAGACAATTGTAACAGGACTACATTTCCCTACAGGGAAACATAAGAGCTGCCGATTCTGAATGGCAACTGCGTCTCCAGAAGACACTCTGAAAATATTATCACAGCACCCGAGGTTTATCTTGAGTATGATCCGCAGTCTGGGATAGAATCGACGTTAATCCTTCCCCGTATAATAAGGGGTTCGAAGGGCGAATGGGGCAGTAGTAAACATGCAGGCAATTTGACTATGGGGGGGGTTGTCATAAAGGAACAATTACGGCAACGGGAATGCC,1056,46.97,Escherichia coli
SEQ_754595,GTGTTTGTTGACACATCCGCACTCATCTACGTCACCCCACATAATTATAGCACGGCACCGACTCATAACACCATAAGCCGGCGTTGGATGCGGACATACAAATGGATAGGCTTTTCCTTTGTTGAATAAAGCTACCAGGTTCGATGTGCCACATTTGACTTCCACACAGTTGCGCATGACCGGAACTCAGTATGCAAGGATATCGTCCAATCATTAGCCTCGAGGTTTCACGGCTGGAGCGGATAGTTGAGCAGCTAAGAGACCCGGAATCGGAAAGCATTATCTCGAGTTTAAGGATACTAGTATCACTTTGCGATGACATCAATCACTAGAGCATTATTGGTATGGGGATCAGAGCGTAATCAGTAAGTGTGCCCTTGATACACGGTGGCTTGCGACCTTCTGCATTGAACGTATTACTGTGGGGGATAGTTGGGACGCGATACTCGGGATATTCCTCACTACAGTCACTGCATTAACCACTTATGTTTTCTGGGAGGGGACTCGCGCTAAGCTGGACGTATATAGTACGTAACGGATTATGGGGCGGTAAATTTGGGAACCTATCCCGATGTCTAAGATACCTCAGGGGAGCAACAGGAGCCTACCCTATTGGCGAAGAGGTCCCTTCTGTCAG,637,48.04,Drosophila melanogaster
SEQ_162529,TTATTTTTGGGGGCGAGAAACTCCTGCCTTTGCTGTCCTCAGATTAATCTTGGCCTTGGCATACTTAAATAGTGCAACCTGCCCCGGAGGGGGCCAACTCGTCTCGTAAGCCGCACTATTTATGTCTACCCCGAGCTGCAAGTGTGCTCGATGGTCGGACATCAACACGACAAAGATAGCTCGCACTACGCGTAAGTCGTTGGCAAACTTAAGTGGTATAGCAGCGAAAAATCGGCGATCCGGCACGGTCGTCCTCATTCGTGGTACATCCGGCTGGCTATACACCCTGGAGGACAAACTTATCTACTTGGGGTATTTTGTAGACATCCCTATCAGCAGCGTCTCGAACCGGGCGTATTCGTACCTCGACTCATCTACGGACGTCCTCAAATACCTGGCGGGCAAGTCAAGGTTTTTCTAGGCCGCTGCGTACATTACGACTTGAGAGGAGTACCCCTAGTGTACAATGCAGCTTACCAGTGGGCCAAATTCCGAGGCTGACTTGCTACTCCATTGGCGGTGCCTAACACTCAGTGGATAACCCTCGCATTCAGCTAAGCGTAGAGGGTACTTTTTCCCGAGATACGATTCGAGGAGTACCGGTACATACTGCAAAATACAGGTCGCTGGTGC,633,51.5,Arabidopsis thaliana
SEQ_615672,TCGAAAGACAGTGTAGTACTTTTGATGATGACGACAGATCGAACACTTCACGGATCCGTCAGGTAATGTACGTCAGGGAGATAAATGTTCCAAACTTTATAGTTTCTGAGCCTCCCAAGTGGTGCGAAACACCTTCGTGTAGACTTTCTATTCGTCTCTTGCCAATATGGAGTGAGCTCACCCACAGTCCATTGTACTGACGATGATCTTAGCTTACCAAGTTAGGGAGTTCCTATTGTGAAGTGTGCAGTACAAACATAACGGTCAACGGGGGACGCCGATTTACGGGTCGATGGGCCCGCGAGCGGGTGCAATTACCTCCGGTGTTTCTAAACGATTTCATTGGGCAAGGGTCCTCTTCAGTGAACCCCCCACAGCGCGGACCTGGCGCTACTGACATAGGGAGCTCAGGCAACTGTGCGCTAGTGGATCCGTCACATAACGCCGGTGAGGGTACGGCTCAGCGTCCGAATCCCTGGAGCGATGGGAGGGCGATTCACGGTCTTTTGCGGTTCCGAGGCAACGTGAGTTCAGTAACGATCTGGGTCCGTCCGATACTTCATTTACAAAGCCGATAAACACCGCTACCTTCTAATTATGCTACTTACACTTGCTGTATTACTCCGAAGATTTACTCCGTCTGTCCCAGAGGTACCTACGTCTTTGAGCCGGATGCGTCTACGCGTACGTTGGTTCTTTAGGCATGAGAGCTCTCTATATTAGCAACAATAGAGGTCTTTGTAATGAATCTGGTCCATATGTTCACATCGGTCTTTTATGCCCGATAGTTTC,792,49.37,Caenorhabditis elegans
SEQ_175304,CTATCCCAAATCTATCGAAGTCCTATGCTACCTCGGGAATGTGGCTCCGTGCACATTCTTGAAGCGTTCATTTGGCGCTTCGCAGCTGCGCGATTGCGCGTCGAGCCGCTTTGGGGCTGTCACACAGGCGCGACAAGACCGGCACGCGTTGAGTTCTGACATAGCGTACCCTCTGAGGCGAGCGGAAGGCTGCCGAGTAGAAGCGTGAGCCGTGAACTGCTTCGCTACTCAAGCTCTTATTTGCTGGTGTGAATTAGCACGAATTAGAGGAACTACACACAGCCGAAGAGGAGGTAGACACTACGCATCTGATGACGAGTGCAACCTGACCATGGTTATTCCCACTGGACTGCATACTACTAAGGTTTCGTCTCGCTACGGTCTAAAAATCCTGAAAGACGATTCTTATAACTGATTAAAGATGCTTTTCCTGAGAACATCCGTAGGAGTGCATATATCTAGGCCGCTCTCCCATAGGATCTACGCAGACTGCGCACCAGGCCGTACCAGTTCAGCGCAATTGCGGGGTGAACATCGAGCGACGGAGTAATTTAGTCGCGTAATAGTCACTATCTTAAACAACAGGATACCCTACGGATGCTTGGTCCAATTCGCTCCTGACCCCTCCTACGCCCCTGCCGGCTCGCAATGTCCGTGCTCTTTCTTGGTTTCTTGATGCCCCGCC,685,52.41,Drosophila melanogaster
SEQ_805435,GTAGAATCTCGAAGCCGCAGCGGTCCCGTCGGCGGGAAGCCATCCTTCTTTAACAAAGAAGATCCGTTTGTGGTATGTACAGCGGTGGTTACCGCTCGACGGTATACAGTGGCATATCCCCATCATCCCTTGGCAAGGTACGCCAGGTCACCTGATGCAAGCTTAGTAATTAAGATTTGAAAAGACCCAGAATCCCATATTTGTGATAGGGGTGATCTGGCAGCCAGGCCACGCGTCAGCTGCAACCAAAGTGTCCTTATCTGCTTTTAGTGTCCGGTTGCTACGAAGTAAATAATCGCATAGATGTCCAGGATAGTTGGCGACCCAGAGAGATGCCTGGGTTGATAGTCGGGTTACTCTCTTCACGAGCAAAAACCAATGGAATTCCCCAATTACATAGCTACCTGTAGAGCCGCGGTTCGCATAACCCGCCTGTGCTTGGTGTTCCGGCCATTTGACCCAACGATTGCATGGTAAGTTAAAAAATCTCGTTCTTTGCCGGTGACACGCTTTTTCATCTTCCGGTAATGTCTACCTTTCAGTAGTCGGTCGTAATATACGAGACTAGATCCGACACAAGCCCTAGCTGGACTGTTTTTTATAAATACACAAGCACGGAGACCCCGGGAAGGATTCGTAAGGGAAATCGGAGTTCTCGCGCGACGACAATTTGACATCGACCTTGACCGCCTTACGGCGTCGCCCTCGTCACCACGGAAGAGCGTCAGCACGAGCTGACGATTCTACGAGACGCACGACAGGTTTATGACTACTAAGTCCCGCGACCGGGCAGTACGCCACTCAGCCCAATCGCAAGGAATTTGCTCGTATATCGCCGGGACGCTCCCTCATGGGGAACGAAGACAA,867,51.1,Homo sapiens
SEQ_737781,GTTACTCAGCATTTAGCCAGATCAGCATTAAAGCATTGCTGTGGGCCCGCCAGCTTCTAGACATCTATCAATCAGCAACCTACGTATCGCGTTCTGCTGAGCCATTGGCCTGGGAATTGTTACTACATCGCTATCGTAACAGGCGGCCCATGATTGAGAATGTCGTTGATCCTTCCGTGCAGCGGATAGTAAACTACCGAAGGGGACTAGCTCGCTTCTCACTTTAATTTGTTCTAGGGCATTGTCTGGCCATGTCGGAAGACTCCGCCCTTATCGAATAGTCCTTAACCACTCAAGTTTACGGGTCGCTTTATCTCGATCGAGTGTATCATAGTCGTATCACCGTCTCGTGCAAAACACGGAGGCGTGCGCATCCGTTCTGCACCGATAGGGGCAATTTCTACCAACATTTACACGACATAGTGACCGGAGCTAATCGGAAGCGGGACCGCGGTCCCCAGCCAATGCAAGTGTATGCGGACCCTAAAACGCCTTGATAGCTGTCCACCCATCGTCCTATAGTATAAGTCCTAGACGCGGTAGGGGTTATGAGCGCCTCAGTACAGTCAGTCTCCGGAACGTAGCATTAGCTCCTCACCATGGGAAAAATGTATAAGGCTCGGACGCCCAGACGCGCTTGCAACACCTTGACGCATTACCGGATATAACCTTTGCTACGTTCCAATATGCATTACTTCGACGGGAGGATGGCCTGTATCGCTTCCCCAACACATCAGTTACTGGGGATTAGTCCGTTCAAAAAAGTCTACCATCCCCGTTAGGTAGCCTTACCGCTAGCGGGTAGCGCGGTAACCTCGCTCGACGATGACTTT,833,50.9,Arabidopsis thaliana
SEQ_566230,AGTTGATTGCCCACCTACTGCCTTGTTTACGCAGAGTGGGGCCCATTCGTGTTCCTAAGGGAAGCATCTATGATCGTAGCAATCCATCACTACTTCCTTAATCGGCCGAATCGAAGTGAGCAGAAACTACGAGTCTGCTAGAAGCCAAAATGGCATCTCAATATTTTGAC,170,46.47,Caenorhabditis elegans
SEQ_101313,TGTATACCACTTAGATCCAATCCTGAGAGGGACGATTTGTTTCTTCTGGAGCCGGTGACATTGCTCGTGGGAAGCCCATAGTAAGAACTACCCCCGCTGAGTGGACTGCGCCTGTTTTGGCACTAATCCCCACAGAAACAGAGGGACTTCCGCGCACTTGCCTTGCCCGTGAGAAAATCCATACATCCAAGATATTACGCCCATAAGTGCCCAACGTCCAGCCTGGCATATAATCGTCGGTGGCGCAACAAGTGGTGGTACAGTATCAGTTTAACCTCGCTAGAGGAGAGCGGTAACCAGTCCCCTTAAGTTCGTGGATTCGCATTGTGTCCAGTGAACTTGGGTGTAGGATACTATCTCTTTGCCAACCATACCCGACTTTTCTAGTTATGTATCCGAGTGATACGGTCGGACCATCAAAGCTGACCATAAAAGTCGCATCGACGCGGGAGGCGTAGGTAAAGTAACCCATTCAAGCTGAACGGCCTTTTCTCGATGGACGAAGAAGGTGGCTGTAACAGTCAAGGTTCGACCTCAATCAGGCGATAACGCCCGGATGATTGGGTCTGGAACTAGGTCTCCGGAAGTACGGTGTCCTGTAAGGTTGTCGTCCATGCCACTGTGCCGTGTTACTGTACGAAGGCCTTCGAATGATAACTACGCCATGTACTCAGTTGGTTAGTCAGCTCGCCGATGACGCTGCTAAGTGACGTGTATGCCCCAGCGTCTGTTTGGATCTCGAATGGAAGGCCCTTTGAGGGGATAATAAGTGGCAGAATAAAGCTGCGGTATGAGCACGGTGACCTGGTGAAACGTATACTACATTCCGAACAACGCTCGAAAGTTGACGTAGTGTGAAGTACAATCGGATATCCCACCAAC,882,50.45,Mus musculus
SEQ_116861,CGTAGTCTTTGTATAAGAACACCGACGCCGCAATAATGAATCCCTGGAGACGGCTGGTTATGTAGTCGAGAGACAGGCAGAGGCAACGATCGGGGGCAGTGTCAACAGGTCAAGCGGTATGCCCACTGAACGTGTGATTTAGCGACAACATTTCATCAGATAGTCCCCGCACGTTTTGACCATCGTTAGGTGGTGATCCAACTACAAAAACCTGATGACATGGGCCTGCCAGAAAAACAATCGTAGCTGTCTCACCAATGTAGCAGGTATAGGTGGTCGTCGGGCTCGGTGATTTCGACACATGTTGTAACGTCTGTGATCTGGCAACAAGGTGAGCCTAAAAAAATACTAGACACCCACATAATATGTAGGTAAAGTTCTCTGCTCCCCGCTACTTTACCTAGCTCACAATAGTGGGGTTACTAATCGCCAGAGTGATAATATCCAACCGGGCAATTGGGAATAGTATTAAGAGCACAAGAGACAGGGATTAGCACCAGTACTCAGCGGCCCCCCTAATTGGTAAAATCGCACATACCGCACCTATACCAGATGCGGTTCTAGGGGTTCTCTGTATTCGCAAGCGGCCGTCAGGAGGGAACCTTATAGGGATGATCACAATTTTGATCGAGCAGTCTAATAGTACATTCGATGGGTGCTAAGAACTGCAAGGTACGATTATACCAACTGCATGTAGCTCCCGGTACATGCGAGTGCCTCACTACCCTTTTACCATTCTATTCGGAGGTAATTTGCCTCCTTACAGCACGTAGGATTCTGCTTAATACGCTGAGCAACGCATCCCTTTGGAACCGATGGGGTTTGAACTTCATGGACCGAGTCCCCTGACTGCCACGTGGTCGCCACGAGGTAATTCGCATGCACTGGAGCTTCAGGCCGAGCAGAAGCTCCTGTTTATAACGCTCAGAAACGCGCGTTGTCAACTGCTGATCCTCCCCTCAGCCATACACCTACCACCGAAGCGTCTTATCCGCTATGGCGGAGCGGCCGGATGGGCGTAATCAAGCTAT,1031,49.76,Caenorhabditis elegans
SEQ_641559,CGGTTTCACCCATACTGCGGCTCTCGTTTCCGGCCGCCTCCATACAACCCATGGGGCGACGCATCCGAGCAAGGGAAGAGATCTGGACGAAACGGAAGCGCGCGAATCCAAGCCGAAAATCCGACATGAGTACACTAATAATCGCACACTTCGAATGGAGAGGGAGGTAACTACGTGAATGTAGGAACGCGCGGGGTGTCCCGGTTTATCAATCTATACGAATCAGCTGGCAGAGCTAGCGAGTAACCTGTTTTACATGATCGAGGCATTGGATGCTTGAGGCGTTGGGTAAACATGAGAAGGTGATAAGTCCAGCACTGACCCAATCCCTGAAAACTGTGTCTGGACCAGGCTCGTTCGCCTCGGGAAAAATACTCCAGTTATGCTTAAGGGCGGCGTCGGTCGACAATCTCCGGGCGTTGCGTTGTGTGAATTATGACCATCGGAAGAAATGTCTAAAGTGTGAGAAATGACATCAGTCTGATGCTGGCCGATCCTTCGATCTAAGTAGAATGGTCGAGTTGCTGGTTA,531,51.22,Homo sapiens
SEQ_933865,CTCCAATCAACTGCATGCTACATAACCGACGCATTTGCCACGTACTAGTAAGTTTGGCTAGAACTGGCTGCTATGAGATGAACGACAGGAACAAAAACACTCGATTGAAGGAACTAGTGGGCTAACATAATCTATTACTTTCGGGATGTCCAGAGGGATATCGGCTAAACTTTGTGTCCTGGGCTGGTACTATTCCCCTCTCCTCCGTCACACGTGCACGCGCTGTGACGATTTGAGCCCGATGGTGAGAAGAATGGACGTTTAGGAACGGCCGGTGTACTCTGGACGTATCAGGCAGAACTAAATGTCCCTGCGTGCGCGAGTGAAGACATTTCCGAACTTTCACAGCGAAACTTACTTCAAAACTAGAACTCCAGAATTGAGTTCGTAGCGCGTCAAATTTCGTAGATTTCAACTTATGTTCCCGCGATCTCGATAGCTCGGGTGGTAACGTCCGGTCAGGAAACAGTACGAAGCTGACCCTCCAAAGACGGCAATTCTGGGATAGAAGTCATATCGACTATAAACTGGAGACCTGTCTTGTCGATGACTTCCGGTAAATTTCAGAGTCTGACAGGTTATTCATTACACCTGAGCTCTGACCTAGATGTGCAACTCTATCGATCAAACATCGCCATTTCGGCGATTGTCCACTGGCATACCTCCGGCCCGATTATCATCCCTACGATAGCTGATCGGGGGCTGGGCCAGAGGGGGTTGCCATTCTCTAATGGCAATGGCTGGTTAGACTGACTTTGGATTATTAAGGTTAATGGTCGGAATGTTCGTCGAGTAATCACAAAATCTGGAAAGTGAAATCCCCCCCCGGAACTAATTGACGTTAAAGGCTCGATTATAGCCTAGTATATGTACAGTCTGTGTACCAGTTAGCCCACACTTGCCGGGTACCCCAGGTAATCGTGATGTCCGAGCGTCCATTAGCTGGGGCGGGGGGCTCTCGACGCTATTCACTTGTCTAAAGTGCTCTTTCAATAGATTTAGTAGGTGACAAACTTAGGACGTGTCGCTTACTGCGTAGTCGCATCTCATTGGACGAGCGGAACTCGATAGGGCCTCAACATGGGAACAGTTTTGACGTTCTTTGCGACGTTGCAGTGGTTCTGGAGTCGATCAGGATTCGATATATCAATAAGACACTAGGCCGACTAGACTTTTGCCCCATCAGACGCTATTACTAGGAGTTCTATTAGTCTATGAAAAAAAGTCTTTTCTCGAGCCGGGCTGTGCATCGTTTGAGAGCCATCTCAGACAACAAGTCGGTATGCGTTTGATCGGACTGTCACCCGCGGGTCAGAGTATCAGATGAGTAATAGTTTTTCCGAGGCGCATTGGTTCAAGTCATACGATTCAAGGCCATCCCAAAGCAGGCCGTCAACTTGATTCTCGAACAGTGTAATGCAGATCCATGTAAGGCTCTCCTTCACTGGGAGGACAAGCGGCTGAGGCTATCTCGTACCGT,1480,48.24,Drosophila melanogaster
SEQ_345458,CGGGGCCCATCGTCTCATCTCAAGCACTTAACCAAGCGACCAAGGCTAGCCGCCAAGATGATCAGCGCCGTGACGATGTAGGCACCCATTAATGAACTTGGAGGAACGTGTACGTCTGCCCCCGGGAAATTTCTTGGGTGGTGAGCTGCAACCGCTGCGCTTATGATGGAGTTTACACGGAATCAGAGGCCAGATCGTTTCTATAACAAACCTAACTTGATCCATACGTCAACCTTCCATTGGGGACACAGCAACTATTAGGGACGAGAGACAAGTCCCTAGCATGTTATCGCCAATTGGGCTGAAGGAAAACCTACTTCAGAGTTTTAGCCTACTTAAGGTGACGTGATTGGCGTCCTATTAAACTTTGAAACGATCAGGCGAAGAGCGAGGATCGTCGCGGTCTCGGCGTTAAAGACTGGAGTTGCGGCTCCTTCAGGCGGTTCATTATTAATGTATGGCTAACGACGCAGTCAAAAGGACTACTCACGCCTAATGTATCAGCCACTAGGATAACAAACGGATCGAATAATCGGGAGGTGGAATAGGCTACTATCCCGTTAGTGCCAGACTAACTCCTTATAAAGTGCGATTTATAAAAGGGACCAATACTACGTGCAATCGAGGCAATGGGCAGATGTAGGCCGCCGTCCGCTTAAGCTTACGTCGGGTTGATATGCACAACCCCCGAAATAGAGATTCGGATCCCGACCCGTGTGTCGTTAGACAGACCTCTGGTTGAACGCTTATTCAGGCGTGGATGAGTGTGTTAATTACGACATCGAACCAGACTTCTGGAAGTTGCTCACGTAATAAGGCCCAGATGTTCACTT,833,49.1,Homo sapiens
SEQ_478935,AATTATGCTCGTGTAGATCTCATGATCAAAGGCGGAGGACGGAGTGCTGCCGTTCAGCTCTCCAACCTACAATATCTCGATGCCATTCAAAAAAGCTAATTGTGGCTCACAAGCTTTCCTGTCTCAGTATGTCTTATATTCTCAGGGTTAATAGTGTACTTACACATGGGTGCGTCAAGAGTAGTTGGGGGGAGGGCAAATGTTCGTTGTCAATATATGGCTTGTCCACGCCAAGACTCAACGTGCGCAAAAGACTCATTACGGGCGCGGACCAAAAGAGTCGATTAGATATGCTCTATTCTAGCTATTTCGCCCCGGAAGACTCCGTACCGATGCAATAGATTGTGCATTCAAGACCTTCGCAGGGCAGGATAGTATCGCTCGAAATATAAGTGCATCCCGACAGCTAACGTCGTGATAAGTTCGAAACCCTCTCAATATTATCTCGGTACTCAGTGCGTTAATATGCCGGTCCCAAACAAATAGACCCGATCATAACGTACCGCCAGTTGCGTCAGGGAAGAACGCTGGTATAACGTTCCCTGAAGTCAGACTGCATCCCATCACTTTCCCGCGCGTTTGTGCAATACGTACTGTAGGCGCGAGCTCCTGACCGGGCTAGGCTGCGGCTAACCAAGTCATTATTCACCGACGCAACTTACGCGAAACGGAACTGGCTTACGCGGCCTCACTTCGAGAGCTGATGCGCAAGGTATTAACACAGCGTCGGTCGTGGATCTAGTTTACGACGCGCAAGTTGCCGCCGTCCAGATCATGTATTGCTACTAGCCAGTACGCGCGCGAATCAGTCTTACGGGCTAGACCCGGGCCTGAATCCATTGGAATAATGCCAATGTGACCCCAAAGATGTTTGATCGTCTTATTCTATGGTCGTGATCTCCGTTGGCTTACATCCCTAATTACCATAAATGCCTTTGATTCTCTGCATGTTACTGTGGCACGCGAATTTTGTGCATGTGACCCACAGTCTGCTTGATGCGATTTCCGATTCAGAGTCTGTCCTGGCGTAATACACTTTGTGGAGTTCAATTGCATGCCGACTGCTCGTCAGAAATTTCATCCATGTGCTCATGAAAGCGCACGAAGCCTTCCATTAGTTCAACATTGTCGAACTTATGCCATCTGTTCCATGAGCCGGCCAGATGAGGTACAAAAGACAAATTTGCCGATGGACCCACGTCGCAACCGCTGCTACGC,1218,48.93,Mus musculus
SEQ_234158,TCGCCTATCCTTATGAGCATACCGCCCATCCTGTAGAGAAACCGCGGTCTCGTATTCACTCCCAGACCCAAACTCCTTAATTCCTCATCTAACTCCGCCAGCATTCGGTATATGTCCCCATCTCTTTAAGAAGATATCTTCGCCTGGAACCTAAGGATTGCCGGTAGGAGCACTCGTCATTAGTTTGGATAAAGGGTTCGCAATAAATTTCTGAAATAGCTGATGTCTTACTAAAGAACCGGCTAATTGTTTACCTCAGAAGTGTGCTGAATGTCCCTTACAGGCAGTTTTAAAGGACCGATAAATTGAGACCGATTCGAAGTGGGGCTGGCAAATAACCAGCGAACGCTCAAAGCACAAAAGGGTGTCGCCATGCGTTTATCACGAATCCAGCGTTCTTCGTGAAACGTTGCCACGATCACGCTAATTCACCAACTATTTTCGTGCCGACCATGTGCGCCGTTCGGAGCTTCAGACTCCGGACGGAGCGCTCCCGAAGCTTGGTGTGCTAGCGTTGGGCCCACCTTAGTACAATGGGAGCGCAGCAAAGATGGCCCCCAGCGCGTATTTCTGTTTAGGTTTGCGCACAGTAACAGGGTTTATTCCGTAAGGGTCTGAGAACTTAACGGAGACTGCGTGCCATTGCTTCATGGAAGGGGGGGGGTTATATACCTTAAAGACGTAACTTAGATGACAGGCTCCGCTAGAGGTCCCCATGACAGTCTCGCCCACCTCCAGTTCATGATTACCCACCGTGTTTACCCTCTGTTCTCTTTTCCACTGCCCTGGGCTAGGAGGACTCACGTACATCATCGTAAATAAGCTTGAGTGTTACTACTTGTAAATCGTATGGCGCTAGTGGCATTCACGAAAAAGGCAATACAACGCTTGGCACCATCCTTTCCGAATCCTGGCGCTGTCTCGCGTTTCGTTAGGATGATCCGCGACACGATTTCACAACTGCGTATACACCATCGGGCACTAATGAACGCACATATGATCCTACCCTTTGACCTGTGAATCGGCCAGCCGAAGCTTAGTATGACTTTGCGGTCACAGATGATGCTCAAGGATATTTCTAGAAGAACCTTCGACGTAAAAGTCAGAGCTCTTGTTCATATCGGCATCCTAGCGGTGGTACTGTGGTCACTCCGGATGCTGCATGGGCCTGCAATCGTAGGCGCTTTCCAAGTAGCGCACAGGGCGCAACGTCCAGAATTGGACCCCCCAATAATGTCACGCGGTTTTTTGCTGTTAAAATACTTCAATCGGTCCCAGGTAGGAGCGCCGTTCTGGAGACTTCTCCTTCATCTTTATTCATTAGAACGGGATCACCCGTAGACGAAAATCAACATTAGCCTATTTAGTCGAACGCCCGAATAGCCAGGCGAGATTTCCCGTCTCCAGTCATAACGAACGCTGGGGGCCGAGTGACCGTTCGAACAGAATTGCCCTTGGACAAGTCTAACAATCGCGCTTGAACTGGCGGGTCGGTGGACTTTGACGGAGACGGATGCGAGTTGTAGTTCTTAACCACATTTCATGTCTAAAACTTAGCCCGTAGGTCTCGGCCATCTTTGAGGTATGGACCGACCCTACTTCGCAGACAACTTGTGAAGACATCTAGAAATAGTCAAGGCATAATTACCTAAGTGGAAGGCTCGTCAATCTCAGAGGCGGCCATCTCCATGAATTCTCTGGACTTGTGGAATAGTCGTAGCGCAATTGAGTCTTACGCGGTCGTGACTCTATAATACAGACGTATGCAGACGCGAGGTGTCCGGACGAC,1789,49.58,Homo sapiens
SEQ_872098,GTCCCTACCCTGTAGACACGCCGCATATTGTCCCTTCGAGGGTTCGATAGACAGAACGGTCAGCCCAGGCAGCGGTGTAAGGCACGATGCGTTTGGGGGCCTAGTATCTCGGCTCAGACCACTTGGCCTTTGCCTTGCCACAGAAATACGGATCTGCTCCAAGAAGGCAGCGAGCGTTCAAAACAGACGTAACAGCACCTGTTGCGGTTGTATACAACTGGCAGAATATGTAATT,235,53.19,Drosophila melanogaster
SEQ_189082,CTCACTGAATAGATAACTAAAAATGGCCTATCTTCGCCCTCCGTATGTTCCGCATGCGTTTCCCATAAGAGACGATTCACGCATATTTAGTCTTAAACGCGAGACCGGTCGCGATTATCAACAACATCTTGAAGAAGTCAGCAGAACTCTGTACTAAAGTCAGTTCAGCACTCGTTCAGAGATCTTGATAGCAGCGTTTTTAAAACTAGGCGATAACGGGAAGGGGGACGTAGCTATTCCGGTCGAGCTTCTTCCTATCCAAGTCGGATATCCAAACGGGGTCCAGCTCCTGAGGATAGCAGTCGAAACAAGCTAGCGAGCTTGAGAGTGCTAGAGGGGGATCGCAGTAGCAAAAAATAGCCTCCTTCCAGGAGGGGTTACAGTTGAGGATTGTAAGTAAGAACTTACCGCACAGTTAAGCTATGCGAAGGACGCAAAGATTCGCCACGGTCGAGGCCCGGTATTGATAGATGGGTTTTATCGATGAAGTGCCCGAATTATGTCTTCCGCGCAACGCCCCTATGCAAAATTCCGCCGGATCGTGTGTCAGAGATGAATCCCCCAAAAACTCGTTAGCTGTCCGGTCCTGCGGAAATGTATAGCCCCCCTTCGTCTATAGTTCAGGGGGGACCCATGGGAGTGGGAATCCTCCTCATATAGGCTTGTATGACAGAATCAGTGACCTCTAATTGTCCACGGTTCACAGCTCTTGACGAGCTTTTCTGCGTGCGAAAGGTGTCTCCATCTATCATTCAGCCGTATCGTGCAGCTGACGGAGGCCGCACTTTGGACATAGCACCCTGATAGGTGTTTTTTCCTCAGAACAGCCCTTATCACCGCGGGTTCTTGATGTTGTTGCGGCAACCCATAGCTCCGTGATGAAGGCTCACTTCTCCTTGCTGTCGTTGGCGCACATTCACCATGCCTGGGTTGCAGTCACCCGACGGCGGCTTGTTCCAGGAGTGAAATCTACGATAGCCAGAAATCATCATGCTGAAATTG,1002,49.9,Escherichia coli
SEQ_234036,AGAACTATTGTTACCACGGGAGTACATGTCACGTATCGGTTAAGGGATACTTGGTAGATGTTTCCATGAAGGGAACTAGACCTGTATGCTCCCAGATACCTAGACGGACCCGAGTATCCCTGATACAACCTCTAAAAGCACTCAACTAGTAGTCCTTCGCATGAGACTGGTTGTACCGTGCTCTTACCTCTCACCTAACGGTGATACATCGCCGACTTCGAACCCAGGTCAGTCCCCAAGACCAATTGGCGATATGAGACTAGATTTGCGC,271,48.34,Saccharomyces cerevisiae
SEQ_598628,CATACTGTACGGGTTAAACCGTGAGGGCCCCAAACTGGTATGCTTGATGACTGGCAGATCTTTGAAGGAACATCGCTAGTCGGTAGCGGCCGAGCTGTTCTTCGCTCGTATCCACTTGTCCGATTAATGTCAAGAGTAGGATGATCGGCCCACTCACTTATGTGGGAAGTCGGCCACCACCTTGAGAAGGGAGACCTTAAAGGATTGCATACCGTAAGATATTCAACAGGGAAAATTCTATGCCTGACAGGATGCCGTACAAAAGGCTGTGCTGCTGTCTACACATGTGATATGGGTGACAGAAGAGATGCTTCTTCTCCCTAAACACTTCACTCCCCCGCGGTAATAGGTTCGGGCATTAGCGGATCTCCCGTGAATGCTGCAAAGTCCATCTCATTCGGCTGCCTCACTGTAGAAAACGTTGATCTCCACGCTTATTTCGATGCGAACTGGAGGCTTTAAGTCTCAGCGATATCGTTAGGGCAGAGAGTACCGGCGTTGCGGTGATGCCGGCCGCGTCCGTGCCGCCTCGGTGCGCGGATCGACCTTCGGGATCAGCATCCGGAAGGTTAAATGAAGCCTATAAGTCCCAAACCACCACTCACGGAGGATTGGGCACCGGTAAGCAATGGATTTCTGTAAACGTCATGGATGACAAGATGCGTCAGTCGATAACTTCAGTAATGGTCCAGATGCCATCAAAGAGCTACGGCATTTTTCTTGGCGACGTAATATTCCCTTGTATATATGGTGATCGTTAGGGGTAGACACTACATTTCCCTTACATGGCTAACTCTGACCGGCGTCGTTGCTGACTCGTACCGCTCTCTGACGACCGCCGGTTCCTAGTTAACAGCTCAGCGCAAAGCGCGCCCAAGCGAGCGTCTAGTTTCAATTAATGACCACGTAATATGTTGTTTTCTTGATAGAAGACCATACGGATCGCGTGCCCCAAGGCATTTTAGAGTCTATCTTCATGTCGTGGTTAATCGTGGGAACGTTGGCCGCAAACATGGAAAATCCCGGGACGATGTTCTAATGAGATTACGGGGGGTGCCGTGTCAATTTGTGCCTCGTCATTCCCAAGGGGGGAAATGCCCGAAAGTCAACCTCCGACGTGGTATCACTCTACGGTGTGCTGCGGCTCAAGGCCAAGGGTTCCTGATACCTCTTGAGTCTTAACGTGTTCCTGACCGGGTCGCACCGGCGTATCTCT,1216,51.15,Saccharomyces cerevisiae
SEQ_863164,ATCGTCTGTCGGGGATGGAGAGGGCCGTGCCTAACACAAGTCACTTAAATGTTAGCTCAGTTCTAGGGTATTTTCTGCTACAATACTGTACTCACTGTTACGTGCACAAAGCCTCTGTCTTAAGCACAACGCACTCGCAAGTACACTCAACACTGGCTGGTACTTTCTAGGCCTGACAGCACGGTCTCGGGCTAACCGATCGGGGTGGGAGGATCGACTCCTCCCGCGGATACTCAATTAGAAGTAAACTCATCTAGTGAAAGCGTAGCGCAACCTCCGGGATACCGGATGATCTCGGAGGGGCCGTCTTGCACGCTCCCCGAATGGTGTAATTCTCTCCGGGAATCATTTGTGGCCAAGCCCGGAGGGTATAACTCGCTCTCCATCTTTGGGTAGCCTGATTTAACAGCGTCCTCTCGACGTAAGGCACCTGTCAGCAAACTATTGCTATGTCCTGGTTCTGTACTCACACTCAGCATCTCAAGACTAGGCCAGGGGTGTTACAAACTTTTACCTTTCGGCGCTTCTCGATTGTGAGCAGAGCCAGCAGGAACGCGGAACCCCGTGTTTGTGGTTTGGCTCCTCTCGTCTCCGTGTACTGACTAGAAGTTCTTATGCCCCGGATCACTAGATAGGGCGTTCCACGCA,648,52.31,Arabidopsis thaliana
SEQ_286131,GGCTTAATTCCTAATGCGAAGGTCAGCCCTACATGGCGGAGAATCGACTTCCACCATATTCCATTATCGGTTTACAACTAGTATAGTATTGCAGGTATGATGTACTGCAATTCTATACTCGCTCTTCCACAGCCGGTGATGAGCCACCTCCTGGCCGCTCGGGGCCCGTAACGGCAATTACAAACAAAAGTTTCTCATACTCTAGACTACAGATGTGTATCGCTCGGGGACAGTCTCTTTAGCCCAGATGGAGGTCCACTTTTCGAATAGTGCGTGTACAGCGGACTTTTGGATTCGCGCGCCGCTAAGAGGACATATGCACAATTCTCGCGCAAGTGGTAAGGCTCCCGTGATTTGCCAGCCTAGCCCCCGATGTCCTATTTTAAAAATTGAATGCTCACCGCCGACTGGCTCCATCTCCACTTCTCCCGCCCATCCCTTGCTCGATGACTCCGGTCTGCATGCCTTCTATTACACAGCCCTGGGAGCGGTTTGGGGGAAAAGTAACCTCCTATCATAGTAGCCAAAAATCCAATGACTCACTTCACGCGCCCGAACTGCAAGACCAGACGAATTATAGATGCAGATGAGACCTGTTTACTCACGCGTCAACTTACGAGAGTTCAAGATCGCCCCCCTATGATTAGAGTGGCTGATGCCCGATATAGAATGCAAGGGGCAGAATGTACAACGGGTCGCCGAAGCTAGAATGCAGTATCACCATGAAATCTCATAATAGAATTATACGTGCTATCAAGCTTTCGTCCAAAAATGGTGGCCTGACGAGAGACGTTTTGTATAGTAAGCCGTCGATTGGGTTTTTAAACTTGGCATTTCTATGATCGCTGAGCGGCTCCTAGAGCTGAGTTATATTGCCGATGCAGCTATCTGGGGCTCACTAATGGACCCCAACGACGTCCATAGAGGAGAGGGAGGAGAACCGGGCAAGAAGTAACGACAAGTTTTGATCTAGCGTCGTACGCTATGGACGGTAGCCGATCAGACTGGCTGCCCCTCTACAAGTAACGCATGTGGAATGAAAGCGGCGAGGCTTGGAAAACCGAGTCCGCGTCAACAGAGTGCGCGTAACGCAGGCGTCAAATCTCTGGATGAAATCATGATACACCAGCGGAGGTCTAGAACTTACAGTCTGACGCATATCCATATCATGCCCCAAAAAGACATGTCAACTATTAACCGTTAACGTGAAGAGTGTAGTTA,1221,49.14,Escherichia coli
SEQ_650577,CCCTGGAGAGAAGCTGTCCTAGGAGTATGTAGTGTCTCTGGTATTGCTCTTTGGCTGCGGTCATCAGGCTTGTGCTAGATTCTGTAGTTCTTTCGCACCGCAATGTGGATAGAAAACATATCGTGATCAGAATATCCTGCCCCGGTTGTGAATTATGTGTTCGCCAGCCGCGGCTGAGAGCCCGTGTCGTGTTCCCCCGGGTAGCGGCCGTTTATTCAATCAGATTTTATGCGGTGGAGCTCAGCCGTACCGGAGAGTAAGAAGTCGGGTCTGACTGTGGCCAAGCCCCGCTCTATTAAATATTCGGGTAGCCAGGTCAAATTATGCCTCCCAGCCAGCCGCCATCTTCCCCGAGGTACCACGGCGGTACCATATAGTGAATTCGGATGTTTAAGCAACCGTGGTGGGTATGGTACGGGAGGTTTACCGCTACGTCGACCGAACTGGAGTGACGTCGAGATGCATGAATCTAGGAGCTGTAAAACCCAAATATGCGGAATGCCTTTCCTTATTCAGACTTCCTTCGACGGATACCCATGCCCCCTCATTGGGACCTGGCGGGTGCACCCCCAGATATAAGACTCTGGCTTAACTTACCGGAAACGCCCCACAGATGAAAGTAGGGCCTGCGCAAGCCCTAAGTGTTTTTACTCAAATGAACAGTGAGTCGCATACATGCATGAGATCACCAAGGGTATAGAGCCTTCCCCGAACCCGGACGCGAGGGGGTACAAATTGGCCGGAGAATTTACGGGACGGAGACCTGCTGTACCTCATTCCCGGCTATACAGGCGAGAGTGAACCAACTCCCGGAAGTGCGGATCTGATTGCTTAGATGGGACCTTTTCTAGGCATACCTTTCTTAGTTTAGGCCCCCCTGCCTGTAGTATAAGCGAAGCTACACTATT,908,52.2,Saccharomyces cerevisiae
SEQ_354691,GTCTACATCTGGGTTCCTACCTCGCCGTCCTTTGCAACTAGCCACGCTGCAATTTCCATTAAAGTTTACTCCCACCAGCGCAATTATATAACGTAGACAGTCTCATAGCGTTGTACGTACCTGGTGACGGGAGGCTACAAGCCACGAAGGCGCATCTACAGATTAATCTGAGGCTCAGTTTCCGGAGTCCCCTTATTATCTCCCACGCGCCGCATCCCCCGCCACTCTGTAGAGCAGTCATACGTAAATATACATCCTCTTGCCTCAACAGGACGTGCACGTGTCTCGAAGGCTGGACCACGAGAGGTAAACATTGTAAATATCTGGTTACACAATTCTGCAAGCACTAAAACAGCCAATGGGTGATGCTGATCCGACCCAAAGGGCTCGACTCTTCGGACGGGTATACTAATAGGAATCAAACGAGAAATGTACGTACAACCCGCGGTTGACAGGTCACGTTACCCCCTATATGTTCCGGCTCCACGCATGACCTCGTGCA,502,50.4,Mus musculus
SEQ_429870,CCGATCTGCGGCGGCCGCCTCAAGAGAAGATTGTTCACCGGCATTTTGGTTGCTATCCGTTGAGTTAGAGAGTCACCGAATGTGCCATATGGAGTCCATCCCAATTACCATGAACTATACGACGGGATTGAGAATAGCGAGCCCTGGTATATCTCCGCCTTACCGCTAAATCACGGGTGCATATCTTAATTAGTTCTCATGCCTAGTATTACGCGCATTATGCCCCCGCTATCGCTCATGACGGTATAACGTGTCCGGTCGACATGCGGGTTGATGACGTTTGGGTGTGACCAAATTGGATGTCGAACAATGGTAGGCATCGCACATTAATCTCGATAGTTTATCAACTTATACGTTTCTTCAGCGTAGTGTGGCCTAATGGGAAAGAGCAGTACAGTAAGGTAACGGAAATACGCTCCCTCGTCCGGTTACCGGGTACACCACACACACTATAAGGCCAAACTCGCTGAATTTCGAATGTTGAAGTGGTTCGTTTCCACTGTTAGGTGTGAATGCGGAGGAGCGGCTGGCCGTATTGCTCCTAGCGTACTGATGCTATTAATTGCCTACGAAAGCGCAATACTCGGCTAGCACATGTCCAAAAACACCAGCGAAATCCGGAGCTAGAGAACACTAGATTGACTAAAGATCAGAGAGAATGGCCGGAACTGAGACTACTCCTTCTAATACTCCAGCAGTACATAAAAATTTCGTAACTTAGAGGTGGACCCTTATACAATATATGACCCTCTGCAAAATTGTCTTATAGGAGGTAAGGACCATACCCTAAGCCTACCGTACTGACAATAAAATGCCAGCCGACACAGGACGACGGACGTGCAAGTCAGCTTAATGAAATCGAATCCCCAATATAATAGTTCTACCGGATTGGTCCGATCTAGGCCTTATGCATACCGGGGGACCTTCTCCATATGAATGTAGAAAGGCTTTAAGGTCACTGCCTTCAATGGCATGTCCTCTGTATCTGCCTTTCGATATAGATTCACTTTCGCACCCCAATACATCGCCTTTATCCGGGCAAGTGATTTATACGCTCAAACTTGCGGAGCCACTATAGAGGAGACCAGTCTCGCGCACTCACAGCAACGGTATTGCCACCCGTGACTTCCATGTGGAGATACGGTATCAGGACGCGTAGTAACAGTGTTAGGTGACTAAGATCGTCTCCAGCATAACAGTTCTTAACATACCAGGTGTGATCTCGGCGATTGTTGATGCGATAAATATCAGTGGATCCGGAGATCTCAAGATTGGAAGTTTCTTGTATCTAGCACGCACACCCCACCCGATGTCGCCGTAGAATAAGTATTTTGAGTTAATAAGCTTATTACTCCCGGGTTATTAACACGTATGGTTGTGGCGTCATATCGTGTCACCTTAGATCGGCCTACAGACACAACTTGGTAAGGTTTTTTCGTCCCCCCACATATGTACAACCAGGAACATCAGCCAATACGCGGCATCCTTGTCCCTGCTTCCGCTGCGCAGCACCTGTTACGAGGC,1524,47.38,Saccharomyces cerevisiae
SEQ_212738,CGAGGCTCCTTTCGCGTTTGTGGCCATCTCGACTTTCCTCGACAAGTTTGGGAACTAAAAAGCGGCTCGGAGGATACTGTGCAGACGCTTCCCTAAGCGCACTATAGGTGCGCCCAGGCGGACGTACCTTAGGATTCGGATGCCCAAGGATTCCACAGGCTACTGTACTTCTCGCGAACGAAGTTGTGTTGCAGATTGGG,200,54.5,Mus musculus
SEQ_319055,TTCAGACCAAGTTTGAAGGTAGATCGCCCCAAGCTGCATACCATCGCTGTCTACCGCAGTAACTCAATATCAGCCACAGTACAGTTTCGGTCTAAATAATTCCACCGCAAGTTTTCTAACAACTAAGCTTGTATCTCTGCGGCGCGCTTGCCGTCATGCACAGCAGTCGGATAGCTCCAAACACGCGGGTTGGGGGTAATATGGTTTAACAGCGGTGACTATGGAAACAATAAAGGCTGTCCAGTGCTGCCGGTGTTGAAAAACACTCATTGCTCGGTGTTTGAACGGTTAGAGCCTAGACGTTACACTTACTCGTGCTGTGAGTACGTACGTAGTAATGTCTTAGAGTTTATACTTTACGCTCCGCTATACCGATGTGTGTAGTTGATTGTGTAGGTGCGAACCATAACTTCCTTGCCCCCGTACATTAACTACTTGGTTAGCAGTGCTTGACTTGCCATGCTACTCGCACTGTGTCCCAACTTATGAACTACTAGAACAATCTGCATCTAGTTCTACTGAGCGTGTGCAATCCACACCTAGGTTCTAACGAGACTTCCACTATGCCTGAGATTCTCAGACAAATAGTTGCGCACTGCCTACTAAACCAGTAATCCTCGTGGCCCCCCAAGAGGGACGTATGCACTCGGCACTCCACATGCGACGCGTTCTAGCTGTGTTTAAGTGTTTGCTTTCGTACTACAGTGCTATTTTCATCGCCTGTGTCCAGCTGGTGGGCACCTCGACTGTGTCAAAGCGGACGACATAGCCTTAAGACGGTGCGAAGGACGCACATCTACTTTCCACCGTCTCTAACCGTTCAACTAGGAAGGTCAAGCCAGTGATTGGCATTTACCCGAGTTAGAGCGCAGCTACACGCGGCTATAGTGAGATAGAGAATAGGTCGGGCCATGTAGGTAGTGCCTAGCTATGCCGGTTCCTATAAAGGTCGGGACCTGCTCCTACGCAGAGCATTCCAAGTCAGTGTTGGTGCTCCTGCAACGAGGATGTCAAACTTCCCTATAATTAATTAGCATTGGTTGGAGCGCCATCTGCCCATGATGGCTTTCGCCATGATGTTGGCTTCACCGTAGACGGGCGGAAGAAGATATTATGGTTACCACGCCAAACAAAGAGAACACGCTAACTCGATGCAGGTTGACGCTTCAGAATACCAGTAAGCCGACAGATCGGTGCGTGCTAAAAAGAGTCGGTCATTGTAAAATCCCGCCGAGCTCATTGTTTTCGCAAAGTCGTTATTCAGCTCCATATCGTGACTTCAGGGATATATCGACAGGCATGATCAGTCACTATCAAATAAGGGGGCGGCTGATGGTTATTTGCAACTGTATCTAGACACCCCCTGAATCCCGGCCTTTTCGCCGAATGGAAAGGGTAAGTAAGCGCGTGTGAAATGCAGCTAGCTGTTTGGGTATCATTTAGGTACAGTCTGATAAGCTTGCTGGTCAGTAGTTGTTAATGGGCGTCTTACTTACAAGCCCGTCGACGCCTCTATATGTACAAACGAATACTCCGATTTGTGATTTTGGTCGTGCAAGACCTTGATGTAACCCAGCGCCCCGTTACCTAACTCGTGAACAATTCAAAGTCTGTCTAGTTCTCTACCGCCCATTAAAATCCGTCCAAGTGTAGACTGCAGCGATGGGATAAGGTTGTTCGTTGCTTGCCAGAATTTTAGCTTAGTATTAGTAAAGCAATGTCGGTCGAAAATCTGGTTCTGGTGGGAGCCCTGTGAATGACCGGACGGGCAGGCAAGTCAGGACGATGATCATGCAGGCAGAGAGCATAAGGGAAATAGAGAGGATGAGGCGAGAGTACCGATAGTGTTCTTGGACCGCGTGGATACTGGTAGGAACCCATGCTGTGACTTCGTTCCGCCAGTTAGTACAAGCTGGTACG,1920,48.54,Arabidopsis thaliana
SEQ_807479,GATGTTGAATCTGGGCGTCGGGCATCATGAACGTGCGTCCCTCTTGCTTCTGTCGGTATTAGGTCCCTTCCATGGCTAGAGGCTAGATTGGGTCTATTAAACACCACTCCACTATATGTTGCTCAGGCGAAATGTTTCTACCGGCGGGTATACCGAGACAGTCGAGGCCATATCCACGTGGCTGAACCGTGAATAAGCTCAATTCGTCGGATATTAAGGTCTCCTGGATGTTATGGTGGGGATTCTCCGTAACGCACGTTGTGGTTCATTATCACGTATCGTCCACTTCCTGCAGCAACCGCCTGACCTATAAGTAATCTCCAAACCAATCCCCTCCCACCCTCGCAGCGAAGAGTATCTCCTAACTCCATGTGAGACCCGATTAAACCTGATCCAAGGTGGGCAGGTCGGGAGCCTTTGACCCGGCTTTCCTGCGGATTACATCCTAGTGCGTATTCTAGTTTAACCGGGCATGAATTTGATAACGCACCATATTTCATGGCTCGTTATGACACTTTCGGCCAGGCCCTCCTATTCTTTGTGGCGTACTGCCGGCAATATTTGCTATTATATCAAGGGGATCCGTCCATACTCCATTTTCATTGACAGAAGACACCATTGACGCCCATCTTTTCCCTAGGATCGGTATTCGTTCAAGCTGCGTGGAGAATATTGAGGAGTTAAGCCAACCCTTACTGGCCCCCCTAGTGGACAAGAAGACCAATCGCAAGCAGTCTTGCATCATGAAGGAATTGGATAGATTATCACTGTCGTTGGGACAGAGGTCTCTATATGGGTGGCCTCTAAATTATCACCTTTTTCATCCTTCAGGGGTGATTCTTCTAGCAGACATGCGACGTCCGCTTGAACGGTCTCGAAAGAGTCTCTACATTTTACATAAGAAATTTCATGAGCTAGGGATTGGCCGCTCCCTTCCAGCAAGACGTTAAACCCGCACTTCTGAGGCAGACTTGCCCTACAAATAGAGCGGGGATCCATATCTACTTATACGTTAACTCCGTGCCAAATCGGCACCCTCCTGTCTCACGTGTTCTGCCACCTACTCACAGCGCACCAAATAGAATCGTCGGTATTAGAGCGGTGTCTTAAGCGTCACGGCGTGCAATATCCCATCCAATATCCGACATCACCTCGATGATGGAAAAGAAGCCACCGACAATCCTGGGAGGGGCACTTCAGCTTTTTCTCCTTGTAAACCTGGCTAAGGATGTTTAAGTTATGCCGGCGCACCTGGCATCTTCCGACGCGGTGCCGACATGTTACGCAATCCGCGGCTTAAGGCCTGCAGCTCATGGTCCCGAGACGCGGAGATAGGACGGCCTGTGATCGGCCAAAAAA,1359,49.96,Escherichia coli
SEQ_317199,ACCGGAAGGCAGCCATCAGGCGTAACGATCCTGCCCGATACCGGACCAGAACGCTGCGCAAAAATTTCGTTACCCGTCTGAATGGCCTGGACGCCCTTCAAGGTGCACCATCATACAGGGAACATCCGTAAAAGGTTGGCGACGAGCATCAGGTACCTTTATCCGGTGTTATCGGCCCTGTGGAAGGTGCACTCGCCGAGGTATGAGATCAGGATACCGCCACGACTGCATTCCAATTTTAGGTACTATTTTGCTCTAAAAATAAGAAGCGCACCAAGGTTCTAGATACGACCGATCCGCCACTTCCCTTAAAGCGCAAGCGACCGTGTCGCGACTCCTTGCGCGCGGTCGACCCCTGTTAGCGGTGTGTCTT,373,54.16,Mus musculus
SEQ_223773,CAAGTCCGTGAGCATGACGGATCTCATTATCTATTCTCCTAACCAATGATTAGTTGTAAAAAGATCAAAATACTAAGGCTTCCATGTGGTACCATTGACGATTTTAGATTAATGTCGGGACAATTGTGTTACTTGGTCATTCTAGTATTAGTAGGGAGATAAGCCATGTTACGAGGCTCACTACGGTTAGTGAGGGCCTCTAGGCATCGTGTAGTTCCCGCGCCTACGTGAAGGCGATGCCCCTTGCTGCCATGGGGCCCTGAACGGTCATGGCTTTCACGTGGAGACGAGCAGTACAGACATGGATGCTACTTTATACGCACCAAGTCGTGAGCAAGAGGCACACCCATGGGCGCACGCTATATCGAAGGGCCGAACCATGCTCGGAGATATCGTGGATACATTAATGTTGTATGATCCAAGGCGGTCTATCCCGCAGTCTGCAGTTAACCTAACCGTGAGGAAGATAGCGCTAATGAAGATTTGTTCCCCTGCGATATCTTCGCGTCTAAACTTGGACATGATTGAGTAACGACAGCAGTCGCTGCCCTGCGTGTAAAGGACCGTCAGAAGGAGCAAATTTGTCCCGAAGATCTTACGGCACTACGAGCCTCTTGGGGTCAGAGCAATACCAGGTGATCCAGCTGGACTCATTCAGCATCCCTTGTTTGAAAAGATGACACGTTAGTACGCTTTTCGCAGCGCCAGGCGTCCCTGAGGCAGATCAACATGGCACAATAATTTGAATGGGTATAGCGATGATGCTTATAGTCTGGGGTTGCTCATTACTTAGTCGTTCGCAGCCAGAAAATGTAGACTCAGTTAAACGTAAGATACCATTCGCTTATTGGCGAGGTCGCGAGAGAACTCGTAGCTGTGGGTGGAAGAGCGTTATCGGGACGATACACAGTCCCTTATATGACTGCAGCGTGTAATATCTTTCCTCTTAGGTTCCCGACACTGCGCTTCCTTAGGTGCTGACAGGGGTTATAATCTCTTTTCCAAAAGGGAGTCAGTATGATCCGTCGAAGAACAGCACAGGCCACGCGGAGACAGGTAATCTAACCCTCATTACAACTTTCTGCTAACAGTGATGCTCACGCACTCCTAACGTCCAAATAAACAGCGGAAACCGGCGAAGACGTTTGCAAGGATCGCTCCAGCTTTGACTCCTGAGTTGGAAAGCGTCTCGGTCACCCGGGACGAGGGAGAAGAACTGGGCGTTACCGGTTTTGCGCTGTAAAATGGAGAGATTTATGGGGCAAACAGACGGGCAACCCCAGAATATAATTTAAAAAATGGCTTAGCTGGATGCAGGGATCCTTTCCAGACATATTTTGTCTAACATATTAAAGTTTGGAGCTTCGAATAGGACAGATCTCATGCTGTGTTATTTCGCAACACAAAACCGGGGTTATTCAACTTAACGCAGCCGCAATACAAAAGGAACTTCCT,1455,47.84,Arabidopsis thaliana
SEQ_681422,TTCCGTATAGGGATAGTCGCGCATAATCACTACAGTCCACGATTCGGCCTGCGGAGAAATATTAAGATAGACGTGTTGGACCGACGGTGTCAGTACATTCGCTAGATGGCGTTCTCATGAATAATTCTGTGTGTTCCTTTCGACGGGCTCGAGCGTACAGCTGCCGTTATGCTACGTAATCCCGTGGAGATTTCTAATGCATTATACTCTCGAAATTAATCTCGGTCTGGGGTCTGCGGGGCCTGAGTGCGAGAGCCAACTTGCATCAATTAGTCTCAAAAATGGGATTCCTCGGCGACACATCCACCGCTGCTAGGGATGTAGTGCCAGAATCCGCTAGTAATATGCCTATGGTGCCCTGAGGGAAATGGAAAGATGGGGGAATATTGGTACTCGGTGGGGGATATTCCCGGGGAGGGTCTAATGTTCTAAATCGATGATGCGGCTATCTGGGGTCGGGGATCCGATCTAGAAGAGGTTACCAGCACACAGACATCCACAGCAGACGCGGAACCGGCGCTCGACGGGGCCGGCGGCGCCCGCCCGTCTCCACTAACTTAAAAGCTACCCTGC,573,52.71,Homo sapiens
SEQ_945833,ACGAGCTACATTAAGGTGCGGGCTTTCAGTGTAGACCAGTCCTGTGTTGTGACAGAATAGAGCCCGGACGTCGCGGCTGGCCACCAAACTACGTGTAAAGGATTATCATCACTCAAAACTCTAGATTGCAGACGTACCAGTGACCTGGACACCTTACGGAACTGTCTTGAGATACCGTGCGAACAAGCTGGTATGCAAAGCCTCGACCCGCAGGTACTGGGCAAATGCACCGGATTGCCTCCCGACTCGCGGCTCTGGATGGGACTAAGGTCGAAAACGATAGAGCTTCTAGTAATTGAGTGGTCGGAAATGTGTGGCGGGCTTGGCTCTCGAAAGCAGAAGCGCCTGCTTGATTCTCCTGGAATGGACAAATATCGGACGGATCCCTCTCGCATGTCATGGCTATTTGACGTAAGCGGCCGACACATGGAACCCGACTACCCATGGTACCCTTCTCAAGCAGCGATGTAATCCCATTCTGTTTGCGCGGCTGCTACTCGATACTGAAGATATTGCCAAATAGCCATTAGTGGGTTTCGGTTGTGGATGGCTTAGTCAACCGAAAAATTAGTCGCCGCGACTTCTCTTCCCACGATGATCCTTTGATTTCAGCTCAGGTTTTTTCCGTCGACGTTGGGGTAACGTTGAAGCAGGATTAGAATTGACGCAGAGCGTGATCATTGCCGCCAAAGTGCTGTGTTCACATACACGGCGTAGTGCACCGTATTTACAGGGTCACGCCCGCATAACGCAACCACCTGGATCACAGGTGCTCATGAAACTAGGTATGTTAGCCCAAGGTCAAGGTACTTCGTTGCTCTAGGACATCGCGTCAGGTCCATATTTGTCCGAAGTCGTCCCTCGCAAGCT,870,51.38,Homo sapiens
SEQ_332186,GAATCGGAGACTGGCGACGCATGAGTGACCCTCGGAAGTACACAAGGGTTACCACCTGGCAGAGGGGTGGGTACAAACTCCTTGGGACTAGGCTAGACCGGTGCTATGACACTCTCGAGGGGTGTGCGCTGCTCGACCGACGTACGAGTAGCTATAGCCGTGCGTGCCTTATACTCTATAGTCTCGAAGCACTCATCCGTCCGCGCAATAGGCCACGCTGCAGTGGGATTACATTAACATCGTTCGCGTCAATAGCCTCTATCCTAAATTCTCTCCGGTTGCCCTAGTGATCCTCACCGGAGGCCGGCCGTGCTTTGCGTGGCAACGGACGGGTCATTCTCCAACTCATCCTAGCCGTTCCCCCTTACCTATGAGATTTCTGGCTTAGTCGCACGATCATCCGCGGGGGAATGTAATTCGGCAATCGTGATTACGTAGTAGTGAGCATCTTAGTTGTATGGAAGCGGATCGAGATGCCTCCGCCGATTACCGGGTCTACCAGAGACAGCTCAGACCCTCGAATTCTGAGCTGCTAATGGTTGGGTCCTCCCGCGCCTTGTGTGGACTGTTTTGTTCTAATCCACATGACTACGGGGTACGTAATGTTGATGTAAGCTAGCGCCTGTACCTCTTAAATCCCCACGTACGAAGTACGAACGTCGGTCATTCGGCTCGATTTCGCAGTACGCCTTTACTACAGCGGATCCGCGTAATCCGTTAGGGTCTCCGTATCCCAGGTAAGTAAGGGAACCGAGAGAAGAGGTCCTGAATATGCAGGCTGTGGTTTCGGGTCTAGTTTGAAATTAACAGGTGTGCGCTAGATTCTCCTTGATTTCAACGACAAACCTGTGGGCGATATGCAATTCGCCTAACGAATCATAAGACGCCCCATGGATTAAGACTAACCAGTATGAGAAAATCGAGTCGTTCAGCTTGAGTTACCTCATCCAGGTGATGTCGCGTTTCGCCGCGATCTCTGAATGTGGAAGGATGTAGCGGATCGCACGACAAGGATCGGCGGGCTGAAAGCCCAATGTCCCCGAGGATCGTGTTAACCCGACAGAGCCCTTCCACGGGGTGCAACTACTCATAATGCGTTAATAAAAAGAAGGTTCACATGCCAAGGTGTTTGCCATTTGAGTTTATGCGTTTTGGTCCGATGTTCTACTACATAGATCCCTTTAGTAGCAAAATTTTTTACGAATTTTGTAGTATCACGAAATCATCGTAAGCTTTTATTAGCCAGAGGGTCGGTATGTCCGGCTGGTGATACCAACTACCCTTGCGCGACATAATACGGCTGTACTCTGGCCCCTCTTATAACTAACAACACCCATCTATGAATCTCCAAATAGATGCGTGAGGGTCCTTCTGTGGGTCTTGGACCCCAGCGAAGGGTTAATATCATGGCCTTTTCGTGAAGATTTGTGGGCCTTTATGTCTGGTAACTCGCAGAAAGTCCCCTGTAGCTCCAGCACAAGGCGACCTATCTGAGCACGTGGAGATCACATACTTGC,1517,50.56,Saccharomyces cerevisiae
SEQ_615955,AGGGGCGGCACCAACTCATCACGCTCAGGGGGCCGTTCGATCGAGGACGAAACGGGCTTGATCATGTGGTGCCTGCAAGCAGTGGATTACTCCCAGTGGGACGTGGAATAATGGAAACCAGATATAACCGCAGCCGGATGAGTTAGCACATACGGATTTGTGCAGGAGATATTGTGTGACACAGCCAGGGCTACTATGTGCGGCCAGAGAGTTCATCTACTAACGGGGGCAGGTACCCCCCGAAGTGATACAGCAATGAGCTAGTCACGCGAGGGCTTATAACGAGCATCGAAAATCATAACTCAAGCATAACGATGAGTGTGCAGGGAACGCCAATACAATCAACTCGTCATCGTGGTGAAAAACTGGACAAGTAATCTAACTTTGTAGCATCTGTGAATCGCGGTCAGTGTAAAGGTCCTGCCCCTGTGGTCGCAAGCGAGACGATGATCCGATACGCCGCCGGGGATACAAAGAAAATGCTGTAGAGTCGGCTCTAACTGCATTCTCGACGCGAAATGGTACGTGGGAAGGCCGGGCTATCCACTGTAATCAAGCTGTAAGTCCACCATGTCCTTTGGAGGACCACAGCACGCATGGCCCGATTGACCGGGTGTCTCTGATGGCTATGAGAAGCCTCAGTGGTTCGGTTTGTTAGACGGGCTACGGTGACTGGGTTTACTTCACTTTCCAAACTTGTCGCAGTGGCATGAGAGGGTTACCACTGCGGCTCTGTCTATGTAAGTAACAAGCACCCTAGCGTCCCAGCGTCCGCCTTCTTGCTAACGCCCGCTCAGGATCCAGCACTGCGACGTTTGCCGTGAGCTACAGAGGTATCTCGGCGCATGCACGCCTCTCCATACAACCGCTCATTGCTTCACGACGGATTATTGGGACTTTCGTGGAATATCCACGATCTTGGCGGTCTCGTCCCGTAAGAGAATCCCGTAATATTCCAGGAACTGGGGCCAGCCGGTCGGATTCGCAGCGCGCAACGAGCGTAGTGTAGGTCAAAAGGTTAGCGTTTTACGAGGTCGGCGAAGTTACAAGTGTAAACAGCCTGGTGGAGAGTAGTGGGACTTAAGCCTGGTGGTACCGAAGCCTCGGTGGGGAGTGTGGAGTCGATATCACTCACCCTTGGCTTCTAAAAGCCGGTTATTGGACCATTTTGCTTACGCTCTAATACGCGGAGCGTTGCTGGTGCATGGTAGTGGTCGTTGATTGCGATAATGGCATAAGGTCGATTGGACCTTCATTCGCGCGAGGTCTGATCTTTGGAAGTGCTCACTCATAATCGGGCCTGCCGACTAAGTTCAGCAATGTTTGTGGCATTTTTGGACTACCTGTATTATAACATCTGATAGGCAGCAGGTGGAAAGTTATATCAAAATATTTCCTGGCAGCCCATTCAGTGGCTGCCATTCATTGTTGGCGGTCCTAATAACAAATTGGGTTCTGCAGCCGCTATGACGCTGCCTAAGGTGCGCCACTACGCGGTAAAGTTTATTCGTCAACCCCGGCTACGGAAACGGTAGAGACACAATGT,1546,51.94,Arabidopsis thaliana
SEQ_264845,CCGCCGCTTTATAGAATTGCACGTAAACTCATAAGCGTCCTATACACAACCCGCTCGTTGAATGGATCGACTGGCTCTTAGAACCTTTGCCTTAATCATGCGAATACCGTAACTTCCAGCTTGGCTCCACGAGGCCACTGCCCTATGTACAGTTTATTGGGCCGGGCCATATGTCAAACTTGCGGGAGCAGAGGCGTAGCGAGTCTAGCACCTGATCAAAGTCCCAAGTCGATGCTCGGTCTCGAAAGCCATACCTTCTTATGATGACAACCGTCTTCGACTCAATTAAAGTACTTACGATGTAAGGCCCCAGGGAGCAGATTCTCCCACCCCCTGCATGTGACTTTTGCCAGCGATTGACTGACCCCGGTAGCCAACTTTTATGTCCATAGAAATAAAGACAGTGCACCAAGCGCATATCGGTATTTGGGGGGATCAAGCGAGATCCATTCCTCTGGGGACCCCTTCATTCCTTCTAACATGCTGCGTCCACTTATAAAATGCATAGACGTAGAGTTAAGTCTATCCTTAAATTATGCAGAAAAAGAGTCGTAGCTTGTACAGTAGCCTGGCGCTGATAATACCGGCGAACAAGCTACGTTTTTAGCTCAGGAGGGACAGGACTTTGGTTGGGGCGCCGAGAGCGTTTTGCACATGGTCCCCAAAGGACTTCTAAGTGATGAGACCTCGTATCTGTAGCATTTGCTATCCGGCAACCCCAAGTCTTCTATATATGTGGAATTCTGACAGTTAGGGATTGGCCGTGCGTCAAGATAGCCGTTAGATATGTAACCCAAAGAAGGGCAGGGAGCACTCCATTTGAACCAGGATTTTAGCATTGTCCGCCCGGTTGAGCTTTGCTTGCACATAGTGCTCCATTAGGACCCCCCTGTCATCACAGCCTTCAATCTTTACCCCGTAGACCCCTCACTAAATAAGAGGGTAGATCTGCATCAGTGCGTTTCGTTTAGTATCTGCTTATCCGTCGAGGGTGCCCCTCTAAAATCGGACGCCGATCCCTTTTGAGCCTAATAGCGAAACCCGCGTATTAGCACGGATAATGGATTCTGGGGTCGGTGTGGGTACACCCTGCGCTTAATTCGAAACTAACCCGGATGGCGTTGTAGAATTTTTCCATCCCTCAACCCACGGGTAATCAAATCCAACCCAGTAAGCTCTATGTCCAGCTCACTCTCAGTGTGAAGCTTTAAAGCCGTCTTTCCTTTTGCGTCCACATGGGTGACTAGCTAATAGTGTACGCCTTCTTGGATGTGTGGGGTGAGAGCAGCATAGACCAAAAGCCAAAAGATGCTGGTCGAACTACAGATGGTAAAACCCTAAAAAAGGTCCTACTTGTCAGAATGATCTACGCAACTCGTAGGTCAGACAGATA,1393,48.53,Mus musculus
SEQ_305002,CACCTGTGGGATTCTGGAACGCAGGCAGATTATATCGTGCCCTACTGGATGTTAGGGTCCACTCCTCCCGCAAGTCCTAAAGTGGAGCGGCGGGCGTATGCGGCTAAGCTGTTGACGTATTAATCCGGCTCTCGTTGCCGCACATATGTCTTTGTGATTTTATATTAAACATGTGACCAGCTCTGCAGTGATATTTGCGGCATTGCCCTGCCCACCTCCGCTACCAAGGCCCACGGAGATATATATCTCTACAACCCTTAACGGGGTAGGGACCGCATTTAGCTAAAACCTTACGCGCATATTTAACGGTCTCATGCTGGATGGATACCCATGTCGGCGGACTCACATCCCATCGCATACCGCTCGATCCCGGCTAACCTAAGCCCCGGTGTGCGAGTCTATGCGAGGGGACCAGCATCAGGATTGGAAGCATAATTGTTGGTCGTTCAATCTCCTTCGCTGGTGCACAGCGACTTCAGCAACGTTTCAACGTCGTGACCCGGCTCAGTAACCGTACCCCTGGTGCTGAGTAGGCGCCCGTCCGCTCGGCTCCGTCTTTAAGTCCAAAACTCATGCTCGCCCTTGAAACGGAGAATAGTGGGGCGTAATGTCGTTGAACATCCCGTGTGTTAGGTTCCGTCTTCGCCTGCGCGTCCCATGGCCCCAGTCGGGGTGCAACTGCTATGACCGTGCTGCTGTGTCATGCACTTGATGTTTCACGAAACACCGGTTCTAGACTATGCGTTTGGATGGCCTTTGGCCGGCGACAAAAACGAATACCCCCCTCACGACGTTCTGAACGTGAGGGGCCTATTCACACGACTACAACTACTACGTTGTCCATTCGAGATTTCACTGTTCTAATGACAACATCATAAAGGACCTATTACTACATTAGCAGCTGACCCAAGAGCGTGCTCTACAGCTCATTGTTAGTATGGCCGTTACGAAACACTGTTCCGGTTTAAGAGTATAGCCCCTGAACGTTAGACCCTCCACTTGTCAGACGTACAGGAGGGATAGTTCAGGAACTTCGAATTGCCACACCCGCCCGATCAGCGCCACCCCCGGGTACTACGTCCTGGGGGAGGACCAGTACCTGCTGAACTGGAACGATTGACTTACCGAGTTATATTGGGTGGTCCCCGAGGGTCTCCTAGGTCAGAGCATAGTAGAATGGCCAACGGTAACCGGCTTAATACCCCATGTTCCGTCAACGAAAGACAGCCAGATCTATCAGCTTCACGCCTGCTTCAACATATTACGAATCCAGCTACGGACGGGTACGTAAGTCAAAGTGTGCAGCACGCTAACTTAGCCCACCCGTCCTCCCGTCAAAATATTCCCGGTGTTAGTATAGCATAAATTACGTTCTGCCCTATTCTAGCGAGTACTTTTTGCCGGATTTGAGATCCGGTACACTAAAGGCCGCTACAAGGGCAAATGATCTAGCTTGTCTCGCGACCTAACTCACTAATTGGTGTCTGAAGCACTTTTAAAATCCTGTAGGCAAAGGTACCAGCGAAAAATCCAAAGGAAATTGGCGCATAATCCATCAATATC,1563,51.25,Drosophila melanogaster
SEQ_796388,CTCCAGGCACGCGAGAACAGCGTAGGTCGCACGATGTGTAATAGTCTTGCCACTACCTAAAAACTTCGGGGCACCATCCTTTGTTTAGACAAAAATAGTTACCAGTGAAGGAGTCTCACGCAGCGGTGGAGCGTATAACTTGTATCTGCTATGTGGTGGAGAAGCAACTCTGATGTCTGGACCGTATCCGAGTACGAACACCAGTCTACAATAACCCTACTGACCTAGTACTCGCTTGCTTGCAGTCTACTTCATAAGCTTTCCGTTTCTAACCTGCGTCTTGGTTGTAGCAGGGTTGACTCCATGGTCAAGAGACGAATTAATTCGCACCTGCGAAAAATGTGAAGTTCTTCAGCTAATTGATCGGTCCCCCTGTGTCCAAAGGCAGCCTGGTACAGGATCCAATGCTTTGGGAAATCGAGATGGGGCAGAAATGTCCCTGGGGGCGAATCAATCGAGAGCCTCACCTCTGACTACCTTACCAGAGTTGATTCCGCTAAGGACGTCACACTGGTCAAATAGGATCGTATCTGGCGGTGGCTAAAATGGATGACGTATCGTAGTTAGCTAGGTAGTGTTAATACCTGAGGCGTACAAATGTACGTGAGGATAAGGCGAGCTGTATCAGCTAATACCCCTCTCGTCTTCCAACGAGGAAAGTGGCGTATGAGGGGTTTTGCCTCTTGAAACTGGCATCACTGGAACGTGCAATTAGACGCTGCGAGTCTAAAATTCGTAAGCCGTTTTCGAATAGACAATGGTGATGTACCTTAACACCCGGGTCCCGGAGTAGCTAGCTAAATCATAGTCGCGTGACCATGGGGTAGGACCGTCAGTATGGCATATAGGGAGATTTTGAACTAGAAAAGGGAGTCTCAACCCCAAGTTAGGGAGTGCAAACTGGCCACTGCTTACAATTTCGAGCCGCGCGAGGACATAGTTGCTCATCCGTGCACTAGCGGACTCAATTAAGCTGGTTATAATCTCATTCCAGGTAATGGGAAAGAAGTGGCTCTAATGATAGAATATCGGGTATACACTGGTTGCGGCGCACATACCACACAAAAGTTACGTGCCTTCGGACCATTAACAGGTGACACCAACTATGAAGCCGTGCCATGAGCGTACTGCGGCGTCCACTCCTCGCAGAATAGACTAAAGGAGCTCTTGCTTAGAAAACCCTTGACGAATAGGGGTTCCAACTGCACTGGACAGTGTGTCAAGGTCGTAGGGCTCGGGGCTAGTCTAGGATATCGTACGCCAACAAGACTTGGGGGCTTGGATTCCTGTACAGGAAGAACGTCCCGGGCTCCCAGGTCTGAAGGCCATCCCGAAGGTTTAAAGCCTCATGATTGTCTCACGATCCATTACGGTGTGGTCTCCTCCCATTCGTGGGGTGAAGTAGTAAAGTGGAAATTGGGGCTACGATAACAGTTGGTCGTACATCTCGACCAACAAGTCGACGAATTGGCTATATTCAGAAGTACATCGGGGGACACTTGTGCCTAAGCGTCTAGACAAGGGACGTGCACGTAATGGCGTCGGGTATGTCAGAGTGCTCCTCAGACGCCACGTTGAATTGCATATACCGATCCAAAAACTCTAGCAGGCTACGCTGGAGAACACTGCAAAGGACACAATCTAATGCGAGCTCGCAGCGGGCTAATCCAACAGCCATAATAAGGACCAGAAATGGCTGATGTCCGAACCGCAATACGAAGCGTGCCCTTTCATGTGACGCGAATATTGGTTGATTACTTAGCCGACCATAGCCGTGATTTAGGGGCGCCATATTCCACTATCGGGTTTTGCATACGTAGGGAATGACCTGGTCGGCAGTATACTGTCGGGCAGTAAAAAGAGAGGTACATACGACACGTGCGCGGGGGGACTGTTACACGGTAGATTTATACGACGCCAAACTGATGTA,1930,49.48,Caenorhabditis elegans
SEQ_675709,TAAGGGACTAGACAAGAACGGACGTTGACGTCAGCTCAGGCTCACCGGTGCGTCCACTCTTTTAGGTACGCCGGTCTCCTAGAGTGGTGGGACAACTTTATGGTACCGACCTTTCCACATGATGATACCAGAGTACTCGATATGGGAACTATGACACTCGACTCGGCCATATCTTAATTGTCGCGGGTCAACGTAAATACCTCGAGAGCCATTATAGGTCGATCACCACGTGTGGTCCGAGTGAATCCCATTTG,254,50.39,Saccharomyces cerevisiae
SEQ_460400,AAGCCTGGTTTTTGTGCAGTCATCGCATTTTAGAATTCGTGGTCCCGGTTATGCGCGCTGATACTGAACACAAGACTCGCGACTCGGTTAGAGACCGCATCCAGAACCTTATCACTGATAGAGCTATTTCCTCGGATAGGGTTGTTGGGAGGCCGTCGAGCTAGCACGGGGATGGGTGTAGATTTGGTTCGACAACCATCAGGACATGTTTCAGCACTAACTACGATATCTCGATGTTAAAACAGAGAGCGATGGGCTGGGCCTTGATCAGTTATCAAAGCTTCCTAGCACTAGCGACTACGCCCCCTTTAGCGGGCCCACAGCGCGTTTCCGCTGAAATACTCGTATGTGCAAGTGAGATAAGTATGTGTGCTAAGAACTCCCAATCGCTGAGCACGTGGAGAAATAATTCATGAGTGGTGGTGCGTATTGTGCTTGGACTCGCTGCATCGTGGGTTTTGGATCACCCTTGAAGTGTTATGTAGAGTCCCAACTGCGACGAGGTGACTGACACGCTTTCCATAAGATACTCTTCTTTTCGATGTGCTGAAGCGAACATCTTTCGGGTAACCTGACAAGCCCCCGAAAAAAAGGGCACAAGGAAGCCTAGAAACAAAGAGCCATCTCTAATAAATAACGGGCGATCTGAGCGACACGCGCATAAGGAACCCGCGGCGACATCACAAAGTCATCCTGCCGCGATCGAAACTGGATATCATACCTGACATGTACCCCTCCCCGATCGTCGTCTATACACAGTAGGTCCCATACTACTGCAGACGGTTGTTCTATATAATTATGCTCGCATAATAGAGAAACGTCAGAATCTGATTCCTCTCTTTGGCCCGCAGCTTGACGCGCTGGTAAAGGTTGCTCTACAGTATGAGCCCATATACCTTTGTTGTGACCTAACCCCGTCTCAGATATCTCATACCCAATATGAGAGGGTCAGCACAAAATGAACCCTACCACAAGCCTCCTTTAATAGATTGCCTGTACGGCTATCGCTGATAAGTTGACGGGTGTCTAACTCTTTAGGAACCACGATTCATGATAGTGCTGATGAAACAGGCCCTGTTAGACCCTCTCTCTAGCGCTCCTCCCACCGTGGGTTAAGTTAGCAA,1124,48.75,Escherichia coli
SEQ_388182,TGTACAGCATAGGACAGAGATGCACGCGGTGACGCGACAGTCAACTAATGTACGGTTACGTCAGTTAGCGTAGGCAATGAAGTTAGCTGAAGCACTAACCTATGTTCCGCCCGTCAAAGGAAGTCTCTCAAGATTCGATCCTTGCGTCCTTCTCCAGTGGCGTCTATCTTGGCATTGCCTTGTCACAGTTCTACTCCCCCACTAAGTGAGGCAGTATTGGATTCCTCACACGCTCTTGACGGACCTGGACGCTACCTGTTCCAGACTGTGCCGACTTGTGCTATAAAGGTGGATCCGCGCATATCAAGCTAACATTCACGAAATTTGAACAGCACGCCCCGGTCCACTAGAGAGCTTGTCTTTCAGGTGGCGAGTGGTGTAATGGCTCATCCCCAGCTTTTTTAGATGTTCGTATAACACCGCCTGCCTCTCCCGGACGCTTGTACGACTGCGTCACAAGGCACCTTCAAATCTAGTA,478,50.84,Arabidopsis thaliana
SEQ_370741,GGAAAAGTAGCACGGCCTATAGGCGTGTCCTCATTGCACACGGACCCTGGCGGGTCTATCCAGCCCATGTCAAATTTACTAGCACGCGAGCTCCAATTAAGTCGCGGAAAACAGGACTTTGTACAATTAGGTCGAGGAAGGGCTACTTCGGCTATCATAACGACATAACAGTGGTGCGGGGAACTAAACAAGCCCATGGGCACTTTTTGTCACTCATGGAATGGCTCTTTGGACGATGGGATTGTGAGAGCTCGGGTACTCCTATATGCACGATCCCGCCAGGGATCTCAGCGTATTTCTTTTATACGCATCCAGCTTTGTTGCCATAGTTCGGATCAAACTTATAAGATCAGGAAGGAAGGTGGTGAATCGAGAAGTGCAAGCCGGGCACACCGGTTCCTTCTATCTTACCAGATCTTTCGGGACAGTGCAGTCGACCTACAGTGTCGTTCAGCCCATACTCTGGTGCGAGAGTCTGAGGCGTAATGACTCTCTCTATCCCTTTGCTCATGACCATGTTGTTGGTTGCTCGAGGGAAACACCCATCAGGCCTACTAGGGGTTTCCCGTATGCAAACTGTTTGTGATTGAGTTGTGTTAGCCCGCAAAGGTAGAGGTAATCACCAGTCTAGTCCTGTTGGGATATTGCTGATCATCAGGGCGTGGCGATGACAAGCACCTAGCTCCTAAATATTTGTCACCTTGGCATGATATACGACGGGTATCCAGCGCCACTTTAGACTGGTGCTGGGCCAATACCACCAGCAACTCACCTCAGTTATGACTGAATAAACTGGTAAGAAATCTGCACTCACTCACTTTTAAATTAGGGTGGTCGGGTTAGGCACTATGAGCCACCCGGCCAGCTCGGAGCATCAACTCTTTTTGCTTCGGGCAGATTCTGGAAGGTATTAATCAACGCGGTCCGGGGCAGGTGCCCTGGGCTTGCCAGCTCGTAATTATTCTCTGGAGACAAAGCAGCCCCGGGAGCGATCCGCCGGTTTAGATGCGGTTGCTATTGCCTTAGCGAGCGATAGAACGGGCATGGTCAGAGTTTCATCGCGGCACATAGGGAGCATGGGTTCGGACGTCGGCCACTGCTGTGGGTAAGTGATGATTTCGTTGTCCGGCCAGGACGACTTTTCGCGCGACCACCTGCTGCCGTTGTCTTAAGACGTATCTCTAGAGCTTGAGCGTATTCAAGCACGGTCCAGCGAGGCACTAGGGCCGATACCCTGGGGACAAGTTCCGATGCTTGAGGATTACCCCCGTACGTTGACCTGTTGGTCCTACCCTTCATCATTTTACCGGACGCAAAAAATTTGGTACATCAAGACTTTCCTAAATTGTCGGGCATCTAGAGAGGCCTCCCGAAGCCGTATCTAAGCACCCGAACGGATAGAGGAGTTGGACATAAGCTCAATCGGTTCGCTGTCCGCGTTTGTATGTATGGCGCATACTTACAGCTACGCGTGAAATCCAACACCGAATAGACCATACACTGAAGCGATAAGTATTAAATATCCATTATCTGCGTGCTAATCAAGGCTATCCCAACCAGTACCAGGCCAAGAGACCGCTGGATGACGACTCAATCAGCGGCTTCGTACCACCGACCCAGTCACTAATACTGGTTGGAGCGACGAGCGTCAGTACGATCACAACGTAAACGTAGTTACCCTCCTAAAGCGCCACAGTAGCCACGGATGCACGTCAACTACGATTGCTACGATCCTGAGCGGCGGAGGTGCCAATCCCTGCTTTTTAACAATTAC,1774,51.07,Arabidopsis thaliana
SEQ_364988,AGATATATCTTCTTTCGTAACACAGACGGCTGTTATGGTCGTATTTAGGGCACCGGGCGGAGATCCGGCCAGGGGGCCTTCCCAAGACCGACAGGAGTACAACCGATGGGCATCGCTGAATTGCTCAACTCGCCAGACCTAAGGCAACGACCTTAAATGAGAGGAACGTTGTATGGTTCGAAACGCCTCAAATGCTGTTACCCGTGGACGTGCCAGATCGAGAGAACCTTCCCCCGTCGCTATGTTACCCGTAGGTAGGATATCAAGAAGCGGGAAGGGGAAGCGCGGTCCGGCGAGGAGTGTGGAGATATTTAGTTCTGATTTACTAGTATAGTTGACTGCCTTAAAGCACAGTCCAACAGCCGGCCTGCCATGCAACCTATTATGGCTGTATAATTCATAAGATTCGAACTTGGAGGCCACATGACGCTCCTGTCGACTTTGTCCAACGAGGCTGCCGGCGCAGACAGCGTGCCGGTAACTGGCCATTAGTAACTACGGGACAGGATATATGGGGAAAGAAAAGGGCTGGCTTGAGAGGTGAAACGTCATATAGTGCTCAAATTCAACTAAGCTTGCTACCGAACATTAGGTGACTCGGCGATCGGTGGGATGTACATTGATAAGTGTTGCCCACCGGATTCTGGGGATTAACTAGCTAGCCTCCGGTATTGACTGCTGTATATCATGATTGGACGCCTACTTGTTTACGTACCTATTTGCCCTGCCAACACACTCGCATGGTATCATGATCGCTCGGAGCCTCCTTACCCCTTTGAGTCGAGTTTTACCACGCAGGGTTGCTGGTAGCTTGAAGGTCGACAGTGTGAACGTGCCTGAGCCCTACTCCCATTCCTAGGGACATACGTTATGCGTGATCTCTCCGTGCAAACGAGGCGAGCAGAGTTCGGGTTCCAGGGTCCAACATACTATACTGACGATACTTACCGCCCGAAGATGACTAGTACGGGCTATCAGAACGAGGGGACACCTAAATTATGCGTATTGGTGCACCAAGGGAAGATACCAGTTCCGCGCCCTTTAGCTTCGGCGAATGGAGTAACACCGATGGTAAGCAAGTAGTTCGACCCCGGTCTTTCAGGAAGAGCAGGCCGTGCGCACGTAGTCCAGGATGTTTCCCGACTTGTATTTCTCAACGTATTACGGGAGGGTACTCATGATAACGCATAGCTGAATGGCCCAGTGTAAACGCTACTCTCCTCCTTCGCGGAGCGAAGTATTCCTTACCCACTATGTCGTCCGGGGTAGAGTCTTCCGAAGGAACCTACATGGCCTGATTGACTGGATTGGTCCAACACATTCGGTTTCCAGGCTGATAGAACGTGGCCGTTTTGTTGTGAGTAGTGCTATGCGTTCTGTGCCCTGGCCACTTCTGGTACCTGTAACGAAGACCCCAGACTTAGTATACCCTCGGTTTCAACCTAATCGGTTTGGGGCTTTCGCCCGTAGGTTATGAAGTTCCATGGGCTACATGCAGTCAAAATTATAATTACAGGTCTGAAAGAATCCCCACGAGGTCTTTTGGATCGTAAAAAAAACAACGGTATACTGTTACAACGCGTGCAGCCAAGTTTACGATCCCAGGTTCGAAGCTCCTAGGACTTAATCGGTTATATGTTACGATTCCTACATTGCTCCATCCTGATCAGACTGTAAAGATACATTGTCTATGCCGGCATACAATGGTATTTCTCTCGGACGCTTAGACTGAAGCATCGCAGATCAGGGGGAAACCGCTGCCTTTTTTGGGGCAGGCTTCATACTTGCAGCGCGTCCCGCTCAATGTAGTGTAAACGGTGGTATTGGCACCCCTGACTACAGCATAAAATCAGGGATTTAGCGCACTGTCAAGACCAAAGCCGAACTCGGCACCTAAAATATAACTAATCCAGTTGTCCCTCAACAACCTTCGTCTTG,1938,50.05,Mus musculus
SEQ_716221,AAAATGAGAGGTACAACTCCCACACTTTCGAGTTGAATAGCTGCGTACCGGCGGCGCTTGTGCCCCGGAACATGGCGGGTGCCAAGGCACAATCGACCCCGATCTCGGCTGAACTTGTCTTGACACGGCGTTCGATATGCCGTCAAGAGACTGCCGCGTATCCTGTTGCAAACACGATGTCACAACGAATTTTTTAGGCCAGTTTGTGTATAGCCGGTGTACTCACGAGTTGTTAGTGGTGTAGGAAAGATGACAGGTTCGCTGGGTCGGCTGGCATGGCTAGGCCAGACATCATTCTAGTGAGCTCTTTTACAGTGACTTAGCAACGCAGTCAAAGACTGATTGAAGTTCCGCGGGACTGCTGTAGATACGTAAACCCATCTATTTTTTTAATCGAAATAACTGTTTACAGAGAATCCGGTCATTAGATCGGATCTTAATCTAGCGTGTGCTCAGGTCAGCTAGATACTGCTACTCGGTAATTGATTTACATGTAGACGCGGCACGGAACTGAGTACATCCGCACCTGCGATTCAGTAAAACTTCTAGACACTGGTAATCGGGCTACGAATGCCGCGAATACCTCATGCATCTCCGTATTTTAAACCCATGGCGGCGGTGTTTTAGCGGCATGGACTTTCCAGTTCCTTGCCTAAGGGTGAGGCGGTACGCACATGCTTAACACTTGGGATATCTC,697,49.07,Saccharomyces cerevisiae
SEQ_578446,TCTATTCTCGCACACTGAAAATTAAGTTCCTATGCCTCACACACAAAAGCAAGTTTGCCACAAAGGGTTACTTAACGAGTACTTTTAGGAATGGTTGTACTAGTTGACACTTCCGAACATAGTCTTTCTGGCCTGATCTTCCGGTTCCGGCCCGTGGCACGGGGCCGATCCTATCTACGACGTGTTTACGATGCGCCTATGTTCACAGAATAAGACAGAACCGATCTCTGCACCATCGATACAGATTTACTGCTCTAGAACGGCATCGAATACTGCTACGAACTCAATGTAGGGTCCGTAATGTGCCTCAGTTGATGTAAAACAGGGGAAAGTATAGCTCGTGTCTTATGGCAGGGCGACTACCTAATCTGGACTAGCTCTGATTTACATGAGTCCGGCCCAGTTAGTGTGTCACGGTGCGATTCCACCTACGGCACCTACTGCAGTTAGTTAATGCCAATGTTCAAAGAAAGAACAAGAATATACGGCACCGAAGTTTAGTATACTACACGCACCTGGCGTTGCGGTGTGTTTGGTGGAATTAAAGCTATCAACAGTAG,560,46.25,Drosophila melanogaster
SEQ_270730,GAAACGTCAACATTGAAGTTCCTGTAGTTGGGTGAGAATGACGAGGTGCGCTACGTGCTTAAATGAATGACTAGGCACTCGCATAGCCGGGTGAGAACGGTGGGACCTACTGTACCACGGGCAACGCAACCTATCTGCATGGACTCGGCCTCATTCCTACTAATAACGTGGGGCAACACCCGGAGGAAGGGTTAGAGCGGACACGTTGCACATTAGATACTCAACAGTCGGTGGAGCCGCGAATCGGCCGCCTCGCTTGCATCATCCGACAGAAAAGGGTCTACCACTACAACGGACGTTAGTGTCCCCGCGAATAATTGATTAAACACTCGTGAGCCCCACCAGCCGCGTAGATAGGATTGTTAGCCAGTATTTCCGTATCCCCCGACCGGGCCCAATCCGATAAGCTAAAAGCTCCTGGTCCAACAGTGGAGCCGCCCAGGATAGAATAATTGCGGCTAGGTATGATGAAAAAGTATGTAACGTCAGGGTTATTGCGTGAAAACTTTTGAGAGAAGCCCAGGTTCTTAAAGAGCATTATGGAAATGGTGGGGATCGCCCAGCTCTTGCTATGACGTCGGCGGGACACTGAGAGGCTGTGAGGAACGACCGCGTATCCGAAACATCAGAAGGCTGTAGCCTCCAACCTGGGTCGCTTGTGAACTACCGATGTGGTGGGGCCCGGTTAGGCGAGTAAAGTTAGGCGCAGAGTCCGATTCCTACCCTCGCGTATGCACCGTCGGGATGTTCATAATTCGCTCACTTTCTCGCGGGACGACGCTTTTCGGTGTCTTCCGCAAAAGGCCACTCGACCCATTTAGCTACCCACCGGATATCATGTTACAGTCCGGTATTGTAAGCGATCATGTTAAACGCGTCCAGGTCGACTCTCCAGAACAATTGTTACTGGAATGACTCATTAAACTCGGTAAGGTGGTGGTGTAATCGAACCTGAGTTGTTCATCGCGTTGCTATTACCCCCGATTCCCGTCAGTATGCACTGTACAGATATAAACTAAGCCATTTATACCGCTCTAAGCGCCATTCGTTCAAACAAGCGGAGCCGACAGTTTTAAAGACCTCTGACGAGCCCCAGTTTCTGCACAATACTATCGTGTTGATTGTTTACGCAAGGCCGGGCGCTGCACCATTCTTAAAGCGACGAATAAAACGTTTTTAGAATAGGATATGCGCACCTCACCTACGTGATATCGCGTATTTCAGCCAAGACACCGGGGTCTGCAAATCGAGAGACCGAGCCGGTCGCATCAATTCTCACTATAGGTCTTTCTGCCGCGAGATCCCTTCCACGGAGCTCTATGTGCGACAGTAGACGATGCTCTGCACTAGAGAGCGACGGATAATCCTCTTTGTGGGCAGTATTCCTGACGCTTATCCGTTCCGAGCTCTGCTTCAGCAAGGTCTGCCGTCGTATAGAACTTACCCATAAGCTCTAATCGCGCTAATTTACAACTAGGGTTAACCACGAGTCACAGATAAGTTGTACTGCATTGTGCAGCACAACATGTCGAAAGGAAAGGTCTGGTTGGAGGGTATACCAGTTGGCAGGTCCAGTGGCGATGCTGCTTTAAGCTTTTCTGACCTTATCCAGTTAGCTAACAAAAGACAGAAGGTTTCCACGCCCAATGGACTGCCCGGAACAGTAGAATCTCCTTTGATTCCGTCAGCCTCGATCCGGGGCAAGTCTCATAACTGCCAATGGTTCTTCCCTAGGGTGATCGGCGAGTCAGCTGCTGTGCGCAACGACCCAATTGTGTTACCACCAGGATTCTGAAGGACCCTGCGGCATCTCAGACCCCCCACGGTATACGGGTGGATAAAAGACCGCGTGCACGGAGTGGTCCACTATTCTTTTATGGCTACATACGAAAGTACGCACAACATGCCTACAGAACCGCCCCCCCAAAGCCCGTGGCAGCTTGATTCGGGGGTTTCGGAAGGCCT,1965,51.35,Drosophila melanogaster
SEQ_883087,GGTCCGTATCAAGAGCAGGCCTTACCTCGACGTGTTCCAGGCTAGTATCCCCCCAGAGTCCGGTGGACCGAGTGAAGTTGTGTGGTATCTTCCACCGGTGCTGCCCCGCCTATTCTTAATACACAACCTCATCCTCCTGTCCAGCTTCCTAATCCGGGCTCTCATAAAAGATTGTGAACAAGCCTAGTGCTGTCGGGGTGGAATGGCTGTGAGTTGACACAATGTCGATAATCTGCACCAAAGGCAGCGGGTATGATGTAGATAACGGGCCGAATCCTCCCTAATTCAAAATGAGATACGAGTGGAGATCGGCCTGGGGAAAGATTCCGGTCCTTACATAAATGTTTTCTTGAAACGTAATTCGCTTAGCGGTAGCGCGTAAACCGCGCACTGTTATTATATTGCGCTAGGCAACGAACTAGCCCGCTGTCAGTTTGTAATACAAGTGTCACGTGACGCAGTGGCGGCTGTTCTGGGCGAGCGCCCCGCGGGGCAACGTGCCTACGTATAATAACG,516,51.94,Caenorhabditis elegans
SEQ_428088,CATCCCTGCCAAACACCCTATAGTTCATTAGCGTGATACTGTGAGACATTTCAGGTCACAGGTACCGACCATTTAGTTTGGCACGCCGCATGGCCCAGAGATACTGTTCGCGATAGTCCACTATGGTACCTCGCCAGACGGGACGCCTGGAACGAGTGCGATTACGTAGCCAGCTCAATTCCCAATCTCCGGACACGTGCATTCCACGTTTGTTTTGCGTTGAGACTACTTCTCGCTACCGTCCTCCGCCATCCCCGACCTAGTCAAGCCGACTGATACAGCGCTCGCCATTTCACCAAATTTTCACTGATTAGGGGCTTGCTTATGGACTCGTCGAACGTGTACAGTAATGGACCGAAGCTACCGAACCTTGCAGGGCTGTGGAACCTGGACGTTTTCACGATGAATCCATGAGCATGTTGTAAACGCTCGTGTCCGAAGACCGCCTCCCTTACAAGATAGGGGACATATGGAAGATGCCTTCAGCTCTTGTTCTGCGGCGAAGCATGGTTGCTCGTCGTATCATGATCTATTTTAAGACTGGCGATTGCGTTGCGTCCTGCCGTATATTAGTATGATTTGGATGTCACAACGATACGCGTGGCGCACCGCGAGAATGCCATACGATCGTCTCATAGGGCAGCTGGAGCGTGGAGAAAGGGCCATATAAGCGATGCAGTAAGCCTATAGTAACCCAGGTGGTCAGTTTTGTCTAGCGCTCGTAGCCCCACCGCTGCGTCGTCAATTCCAGAAGCCGGCAGGGAAACTACCCGTCATTGAATGCAGATCTGCGATTGATTTTCATGACGCGAGGAGTCGTGTGGTTGAAACAAGTCTATTTTGTCTTGAGCCAAACATTCGCGCCTTGGGCGTCGCAGACCCCATGCCTCCGCTAATGTGATAAAACTAGACATTCAGGTCAAAGTTGCATTCAGCCCGCTCAATGTCCTTGTAAGGGTGAACCGGAAGGCCTGACTCGGCTGGGACAAGAAGGTCTTCCCGCCCACCGGGTGCCCGAGGATGGTTCCCTCTGGTAGTGCCACGTACCCTAAACTAAGCAAGTCCTTACGTTACGGACCCGAGAGAATTAGTGTTTTGTGGGTTATGCATCCTAGCT,1117,52.01,Homo sapiens
SEQ_117411,GCTCGGCCAGAGGATCAACTTATTCCGCGACAGTGTGTTGACCTTTCTGGAATCTTCACCCGCCGCCATTACCGTGACCGGACAGGTCTGAACGCAATGGGAAGCGGTCTTGGCGGAAATCTACACTTCTGTAGTATAGTATGCTAAAACTTTCACAACGCAGTGCATTCGACCACTAATTCTCGCACGTCAGGAAAGATAATAACTCATGTGTCAATGGCGTGGACACAGTACGCACGACGTACGGTGCAACATTGGAGCGTATGATGACCTCGAGCTCCGCGCCGCCATCCTAGACCTAAAGTCCTTTCGATCATAGCAGACACAAACGGGCCAGTTACAGTTTGTCAAACGAGGTCTAAGTAAGAGTTCTGGTTTCGGGGTCCTTCCATTTCGGACCTGTTCCTAAGTTTGAGGAAGCCATGTGCGCTGCCGGATGGGGCTGATCTGTACCGTTCGACTCGCCGTGAAGGCAACGGGGAGACTGTGGGCCGTTGCACGGCTGGAGCTATGATTTGACAAATTGTTTCATGAGCGGTGTGACAGCAAAATGCGGGCGATGTTATAATAAGAGATAATCCGCTTAGGCAATCAGTTGTCCGTCCCTCACAAGAATGCAGAAGAGAGCTATGGCGATCAACGAAGATCTTTTGGGATGCGGGTATCCTACAGATGCCCCACACCTTTGGCACACAAAAGTATCTCTGCTGCCAGTCACGGGACGGCACCTCATGTCCTGATGGGGGTGTTCTGTGTGTCTAAGAAGCCGAAACAAGGGCGGTTATTCAGAATCCACAGACCCCCTTGTGCGCTTAGAAATTCTTCCCGGGCTGATCTTTCCAACGCTTATGCAACTGAAAGATGGACAGTGGGTCGGAGAGCGCGTGGATCACATAAGCACACATCGTCACAGATCACGTCTTGGCTACCCCCAGTAGCAATACATACAGCGTCCATCATCAAGGGCAGGGATAATATGATTCTTCATTAATATTTTAGGCCTACGGGCCGCGAGTATTTCTGG,1024,50.68,Homo sapiens
SEQ_591960,TATTTGCTGTTAGTATTACGTCTTCGCCAAGATGACGCAACGCCGACGCAAGGTGCGTGGGCTCACTGAACGTCATACTGCTCCGCGGCCTAGGGCCAGGGGAAGGTGTTAACTTCTTATCGTGAGCTGAGAACGAGTCTGGACCGTTTTAGAAAGCGGCTCTTTGGCCTGATTGTCCAGTATACGGCCCGCAGATGAACTATTTTACACTATGCGCCACCAGGTGCACTGGATAATGCGTAATGCTTACTTGCCTCAAATCAAAGCTACCTGAAGTATTACGATCTAAGGGCCTACTCAATTCCAGGATCGGAATGCCCACTATCACGAATTTCTTCTGCTTAGCGTCTTTTGTGAGGCCGCATGGCGGTGGTCGCCTTAGAGCACAAGCATCACGGCGATCTATACCATCAACCGGGTTTCGACTGCTCAAAGGTCGAGTCTATGGGCTTATCTGTAATAGGATTCCTCGCAGTCACGTTATGTAATGAAAGGGCCTTTCCATGGCGCTGCAGTGTGAAATGGTTATAGGAGAGAGTCACCCCGCGCTGATCTGACTACTGATAAGCAATATAGGTCGCCCGATATGTCCGCAAAGAGGGTTAGGTGATCCACACTGTTGACGGCCTCAACTGTCACTGTTAATCCAAGTTCGCTAGATCATTCTGGGGGTGGTCGCGCTAACTCTTCACCCCCCATGGCTACCGAGAGCTACCTGGCGGCTATGAGCGTGACATAGGGTGCCCTCTACCTCGCCGCTCACATGCGGCTAAATTGCACATTCGGAACAGTTAGCTGGGTCTTTCTTATTCCACAGAGGGACACTTGTGAACGATCCAGGAGCGTTACGAAGGGGATATGGCAGTTCATCACCTTGCGGGTTGTCTCTTCATGCCGTGCGTGGGTGCGACACAAATGGACCCAAATCAGGTTGGTAGTGTGTAATAGG,949,51.21,Homo sapiens
SEQ_384238,TGGAGCGCGCTTGGTCCCTAGAATTGATGTGGGGTCCGCAATGTGAATGGCCTTGAGAATCCGGGCCGAGGAACGACGCTCTTGTTTTCTCGCGCTACAAACCTAAGTTGTGGTACTTAGCATCTCCGTCCCTGTTCTCAGAAATAGTTAACCCCCTCAAAGATAGATCCGACTTATTGATAATTAATGCTGCTGAATTATGGTTAGCATCCCAATATGTTAGAGCACGAGAGTGGCTAGTAGACTACTGCACGCTTTGATCAGGCAACATGGGCATCCGTCATCCGGGTACAGCATCTCTAATGTGCGTAGGGTAAGAAATACCTGTAAACGAACGCATATCATTCCGTTTGG,354,47.46,Saccharomyces cerevisiae
SEQ_789358,GCAATTCGCACGAGTAATCTTACGTCATTAAGTAAGTCGCCTGCCGAGCGTTCGCTTCGTATTTATTGGCTTTTAAGATCGAGTGCTTCGGTTCCGTCGTAGTTTAAGTTACGGGAAATCCCCTAGCATTTTTCGATAGTGTGCGTGTATGCCAGAAGTCTATGAGAAGGAAGGGGCAGGGGCAATGATTTAGCGATGCTCCCAAAGTCTATCAGAATCGTCTGGTTGCGCCCCCAAGAGAAGTATTTTCAAATCGCAGCCGAAGATCATCATGAGTTCAGGAACCAAGCCGTACCATCCATCGTAGGAGAGCATCTATGAGTCCTTTTCAGTTGACTGGAACATAGCGGGCAAAATGAACCTTAAGTCAAAGCCCTAAAGGAGTTTCATTGGGGGTTGCGCCCACGCATGCTAGAAAAGCAGGATAACGCAGCTGAAAAACTCTAGTTGTCCTCGTTTACTCCCCCACTGACCTCGATGTTAATACCTTACAGAGAACACGAGGGTCCCTTGTTTGTACTAGCTCCAGGAACAATTAATGCCAGTGTCCGGTCGGCCACCCGCGAGTTTGGCAATGCATCCCCTATGATAAGAAGAACCTCCACACTAAGAACACTCCGGTTTGGGAAATGATGTGCCCACTCACCTCAGTGTCGCAGCATGGAAACCTCGACTCTACGTTACAGCAAACTTGGGCGCATCGCCAGGCGATTAGCGACCGACGCAGCCGACGCTCTGTAACATGAAACGCGTCTTAAGAGACTTAAAGAACGCAGCACAGCTTAGGGGTCCAGATCCGACGACCAGCGACGTAAGCCTTCCGGCTCATGAGCTTCCTGTGAGATACGGCAAGTGAGCCAGGGCACTATTCTAACCACTCCACCGATCGTCGACGTATCCTCGCTGCGCAACTTTGCCCAAATATAAGTCTCCTTACAGCGCCGAGATGATTGGTCGTGTCAGGGCCCGCGCAGTTCTTATCTAGAACCAGGCGACGAGTGGATTATTGTGGCCTTAAAACTCGATTCACTAATACCCTAACTGACAGTATGAACACCTTGCCGCAGATGCGGTCTGAGTGTACGAGTACGGCTCTTTCTGCTCAGCGGCCAAGGTATCGTAGCATCGAGTCTAGACTCTCTGGAATTATATAAACAGTTATGATCGGGTAGCCATTGGGCAGAGGCATAGAATTAGCTTTTATGCGCGACCGGCTTTCCGGGCTACCGGGCCTGTTCTCGACATCGGACATGCTACCACCCGTCTGGACCACTCGCCAATAACACGGGCTCAGACTTACCATCACTGAGCAGCGGCTAGTTTAACTCGTAAGAAAACTTGTTCAGATGCTTAGTTTTCCACACAAATTGTTGTGACGTATCCCTTGTGTCCTATCATTCGTAACAGGCCACAATCTCCCATTATCCGTCATTGAACCGTCAAGGAACCTCGATTGGGACGCATCGGGTCCGTTGGATCACTTGCATTGCCCTGTTAAACGCAAATCCTTGTGAATAAATAGTTGAGTCGACACTATCGCAAAAATGAT,1549,49.45,Saccharomyces cerevisiae
SEQ_402243,TGAAAGACCAGAGACATAGGCACTACACCCCTTCTTAGACGCAAATACAGTCGCACGCCTCCATAAAACTCTAGGAACGCCCTGTAAGGATCTCGAGAAGACTAGCCCCAATGGGCTAAAATAAGGTTTGAAATCCCCTTTAAGGATAATTTTATCTATTCCAACGGTGCGAGCGGTGCTGTTGGGGATCAGTGACCCCCAACTCAAAACCTAGGATGGGTTTCGTGATCATCGCATACTGGGCTCTGCCGACAAAGGAGGTAACCGTTGCTGGTGATTAAGGGGACTTTTTAGCCCAAAGTAGCCAACCACGGTCGCCCCAACCTGACCCTGCTTACATACTCTACGTCAGACGCCGTGTCTGAATACGGCGGGCTCGGACACAGGAGAATCCAAACGGAGTTAGTGCTCGGGGTGATGCGGACACGCAACTTGGGTGGCCTAGTACTCTCTCCGGTCTAAGGGGTCTCCCCGAAGACACCCAAACCCTAGCATACCTCACCTCGCCCGGGGCGGGCCCACGAGGTGCAAAGTAACGAGACTTTCCCTTCCACATATTGCCTTACAGTCAATTTGATACAGATGGTACGACTCCGCCTTAGGTCCACGCTAGGATTTCCCCGATTTACGTTGATCAGTGACTAAGCATGGCGGTCCTGGGTGAATTACCGCGTATTGCAAGGAGCTGCACGTCAGTACCGGCTACCTCCAGTCGACTAACTAATAGCATCAATTAACATCTCGAGCTTCTTAATTCTGTTAGGACGTAGGGGTTGGACCGAACCAGCGTGACTTGGCGTGTTTGCAAATGAGGGTTGGGGCACAGACCTTGACGGTAGCAATGAGCGGCCGCACTGGGAAGGGGTTTAGCAAGGAAGAGAAAGCCTACTGGCTCTTGGACATAGAGGCTGATCACATCCTCACACATCGATATATGCTGGTGTACACTGATGCAACCCCTTAGATAGCACAAGAGGGCAAATTTAACGATAACATCAAAACAATTAGAGAGTGGTCAGCCGGAGGTAGCCGACCCGAAGTCGAAGTGCAAGGAAGGTCTCGGGAATGCGTGCAGCAGGTTTCTATAAGAGTAATCACGTCCGCGGGCCTGACACAATCGAGGGGATGTTCGGGATGACCCTGAAACAGAGGGGAGACCGCCTAAACACTGTCATTATACCAATTCGATACGACATAAGTCGCCCTAGGACGCATCTACCAACCATGCTGGCCTCTAAGCTTGTACATAGGCACTTAGCAGGAGGAAAGGGGTGAGCAGTGTGGACTATATAGTGCTCTATAGTCTAAAGCTTCGTCTCGCCATCAGCCCTCGTAAGAGCATACTGTGGTGAAACACTTAAAGGCAGGCTAGTCTAAGCGTCTGTCCGCGGAAACACGATCAATCCTCGGCACTCAAAAAGGCCGGATAATTTTACTTGCTACCATATGTTAGCCCTGACCCTCCCGTTAGCAGGAGCGTTTGATCCGTTTTCCTGCGGAGCTTTCACCTGTTCGTAGGTAGGTTAGCCTCCAACATTATGCTTAATTAATACGGACACGCACATAACTGCCTCGTATCATAGCTTCACCGTTTGAACTCTAGCAACACATCTAAAGAGGCATCCTGTCTGAGATGACTACTAGGTGGTATAAACCGGTCGACCAGTTGTACTCTATA,1678,50.48,Caenorhabditis elegans
SEQ_342464,CGGGCCTAACCTTCGTAGAGCTACAGGGACCTGCGATCCGACAAATAGACAAATCAACCTTTGTGCCTACCCACGGTCGCTTTGACTCGGAGACGCACCAACTCATTCGTAATGATGAACCAGCATATTTACCGATGCGGTTAGTAATCATCCGAGGCAAATCTGCAGACAAAGTGATATACCGCCTCTGTTTGATACTAAGCCTTCATCCATTCTACTTCCGGTCAATATGTTAAGGTTACTGTACTAACCTCAAGTCAGTTGCCTTCTGAGGCGTGTGAAGCAACGGCCTAGGCCGCGCATAAACAGCTCTACGGTGACGCCCATTACACATCCGAACCATTATTGATACATGCAACGGAAAGCGGCATTAACGCTGCCTGTTAAGACCGGGGTAACGTAATGTTCGGGCAATTCGTTCTTATCTAAAACGATACCGAGTTACGAATCCAAAGCTCTGGTGCCGCCAGGACGTATTAATCACTACCGCTCGAGCTTGCGTTACTGATTGTAAGCCCGCCACGGATACTGAATACGACTAATCTTGCTAATAATCCTATGGTAGTTGGGCTCCTAACCGCTGACCACACATACGATTTGGGAGTAACAAACGTTCCTAGCAGACTGAGCTCTGCGGTTGGCTGGGATGGAGATTGATGACTCGTATTCGATTGCACACAGGCACTTTGTGTACCAACCATCTAGTGGGAGCACACCCTATGCCCAGTATCTTCGGCAGTATCGAGCTGATCTCCATGATTAGGAGGTACGGCCCGTCCTCAGTTGGTTATCCCATGGAGGGGCGCTTGCGACGGTTTATATGGAGGTATGAAACGGTGTTCCTATATCAGCTGCACTCAGGGATGGTTCAGCCGCACTGAAACGCGAAGCGTCATAAGTGGCCCTCTTTAAACCTGGTGCCTTAAGCAGGGTAGCTT,938,49.36,Caenorhabditis elegans
SEQ_336779,GCAGCAACTAGTCTATAGAACTTCTTGAGGACCTCATGGTCGAAGGCGGCCTGGAATACTTGT,63,49.21,Drosophila melanogaster
SEQ_213103,CAGCTATGAGAGCGACGTCCAATCCCAGGAAAGGAGGTCGATCGCGGCGGCGGCCGGTGGATTGGACCACCGCGGGAACGTTTGTCCCTGATTACCCATCAGAAGGGAGCATACAGAAGACCGTTATCACCTAAGGGTAACAGTATTACTTATAATCGGTATCCTCACAAGGTTTGTACTGTGAATATGAAATACACGCCTATATGTTGATCACGGACTAGAAATGCAGGTGGCGCGAGATTTCCGCGCACCTCAGCAACTGGGTAATTGCATCTTATCCAACACCACAATAGATCTGGCCGTGAGGGGGCACCTTCTAGGTGAAACAAAAGCGGTGCATGCGACGCCTAGTACGAACCTGGAGCCGCCAGTCCGTCGGGCCCAACCCAGTTCCATTGGGGATGGCGTGGGGAGAATACGTGAACGTAACTTACGCTTGCCTAGACATCGGACAGTGCTATAGCGCTAGCCAATCCTTCCCCAAGTCGTATGTCAGAGGGGCTCCTAAATTTCAAGCACTACAGCCGAACACTTCCCTTATGCTGCGAAGTTGGCTTCCGATAGGACAAAAGGAGCATGTGCGAAGGAGTACTATGCAGGGAACTACTGTTATGGCATAACCGTCTTGTCAAAACTTCTGATTAATGATCCTAATATGGAAGTAAGACGAAGTGAGGTCAAGTAACACAGGTCTACGACAAGACCTGGCCCTCTGTCCACCGTTGCTGGTAAGCTTTCCCCATCTAAGCTACATGCGGACCATGAACAATTTGCCTGTGATCAACTAGGCTGATCTTATTCGCTCTCCGCGATTGCTCGGAAACGCTTACGCAAATCACACCTTTCGATCGACAAATTTGAGGGATCTTCCATTTCAGGTACCCCTCCTCGGATGCTCTCGTGCGGCGCTTAGAGAAGTTAAGACGTTTGATGAGCGGCTAACAACCGGGGCATTTTTAAGTTGTGAAGGCTATCTACGGTCCTGACGATTTAACATCTTGGGCCCCTTGCGACCGTTGAGAACATAACGAGTCACGGTAGCCTGCCGAGCTGATAGGGAATAAGGATCGTACTGGGACCGATACCCAACGTGCCCAAGGTTGTGCTCGCATATGGGGTCAGGTCTGGTAGCTTACCAGCTCGACCGGCTGCAGAAGTGCCCGGCTCTGTGCAGTAAAGGACCACTTGATAAAAATTCCGCAGGTGAGACTTATATAGCTGGGTGCTGAGTAGTGGTGAGTGCAACCCCCCATATGT,1257,50.99,Caenorhabditis elegans
SEQ_333533,CCCATTCAGTCACCACTGTCGAGGTCCACCCGTCTGTAACATATACACCGGGCTAACCGGTAGCGCGGGTTGCTTCAGTACCGACACGCAGCTGTACTCGCTGTGTTTTTACATTCCATTTCATCCCAGTCACGCGTTCACCTCATACACGAATAGGGGTTCGGTTACTTCACTAGAAAATGGCCACTCTCGTTTTAGTGTCGCTGCACGTGTCTTGAGACCGTTTATTTACCGATAAGTATGTTCCGAGTCAAGACCGTAGACCCTGTGGACTTACCCCCAATAAAGCATGAGTAGTTGTAAGTCGCCTAATCCTTTCCCCAGGAATGATGTCCGATACACGACTGCTTTCGTTAGATATATTCTAATGACTCGTCAATTGATGTACTTGTTGACCCATCGATCCTGCGGACCGTGTAAATGTGCGGAGGATAACCAACTCGTTCCTCGGTACCATAAGTGCATGTCGCGGGCAGGCCGGTCCTAATTCACGTGTTTTGTCGGGGTCTTAGCGGGCTCAGATGACGGGCTTCCGTCGGCCGTGACGAGCCACATAGCCTCACGGCGCTTTAGGCATATTCTACGCGGGGTCGACAGGTTGGTATTTAGGAGATGCGATAATATCAAAATTCCGTACGAGGACCATTAGACGCTATGAGCCGTGCTGCATTAGGATCCTCGCCAGCTGCTTAGGTCCCAAAAAACCATCTAACGCCACGCGTAGGCGGAGCTAGTTGGTGCCACGCTTCACAGATTTCGTGCGTCTTTTATATTGACCCATCATCGTGTGCGTCTAAGCCCCGGGTGAAAACCTATTGGGACATTAGTTCGACGCACGAGTAGAACTGTACCACTGGCAAATCTTGTCGAACCTAACTGAAGGTGGGAGGGGGGTGACAGAAGTAGAGGAGCGCCTACGCGTATTAAAGCGCCAAGTAGGATATAGCAAGTAGCGGCTCCAGATATACGAC,971,50.77,Saccharomyces cerevisiae
SEQ_459486,AAGACAGCAACTGCGACCCAGGCCTCTCTTAAGCTACCATGAGGGAGGTGCGGGTAACGCGGGGCAAGCACATGAGGTATCAGCGATGAGTCTCCGATTGCATGCGAAGTGACTTTGTCACAAGTTCACGTCGACGAGCGGTTGCACACTCCCGTTTCGCGCGTCGCTGGACTATTACTGTCGGCACCTATTCTGTCTCCAGAACAGGACTAATGGTTGTGGATCTCTAATCAAATACGCCCATCCAATCTACCCATACGTACTATTGGCGGGTCTACTATACGCAGCCCCTTCTTGGATCCAGGGCGCATGGGCACATCGAGGCAGTATCAAAGCTCCCAGCCATTGCAGATCGCAATTGATACACGAACCAACAGGGCAAATTTGCAGTTAGATACCACCCCCCCGTTTTACACTGCCTTTTGGCCCCCCTAATCCTAGAAACTGCAATTAGCAAGTCTGTAGGAACGAAAAGCTGTACCCCGGCAAAGAAGACAGCTTGCCGATCCCTTATGTCCGGTTGTCCCGCAAGATAGCTCCTGGCAGGTTTTATCATCATTCAAGCGCCACCTGCATGTTAAAATTCGTATTTTGAGAAAAATTCGCCGACAGGTTATTAAAACATCTCAGGACTGTATACTGAGGGACAGCCGCTTCTGCGTAGACGTAGGACTCGTTGCAGGAATTGCAATTAATACGGGCGAAACACCCAATATAGTATCGAAAATATGCTTGTAATAATCAACCGTAGAAATTACCCACACGACCCAAGTGGTAGTGAGTCTAAGAGCCCAACTGAGGGTTATTCGTGTATAAGACTGTACGTGCGGACGGGCAGGTTGCTCCATTGGCGGAACTGAGGTCTGCAATGGTTAAGCACTCAAGGAACAGTGGGGGACACCTGGGCGCGATACAAAGTGGGGAAGCAGCGCATATAGCCGGGTTAACTTGTACTTAGCTGGCGGGTAACAATAGATTCTGTGAGCAATTTATTAATCGAGCTTCACCCATTACATGAGAACTATAGCCTGACGTCGGGTATGACCTAGTTATATCGATGATGAACTATGACGCGTAGGCCACCCTTATCTTTACCTCCTATTAACGAAGTTTACTCAACCTGGCGGGCTATGAGTAGTTGCTTTTATATGGAGCGGACGATTGCGAACGTTGGTGATACACGAATTACCTTAATAGTCGGGCCAGACCTATCATGGAGAGAGTGGTATCCCATATACTACTTGGTTGGCAAAATGCATCGCCGTCCTCCTCT,1273,48.7,Arabidopsis thaliana
SEQ_680298,TAGTCTGGCTTTAAGTTGCGAAGGTTTTCTGTGCTACGTCTAGCAAGCCAGATGTTATCGTAGCGACTCACCCAGACTCAGGAATCAACCAATCGACTGGCGTCGGCGGCTCGGCCCAAGCCCACAATGCTAGCAGCGTAGGCGCTCTCTCTTCCGTGTAGCCCAGCCACTCAGTCACTAGGCGTTACCGGAT,193,55.44,Mus musculus
SEQ_626565,CTACCCCACATTAAAGTCAGCGTCGATGTACCAGCGACCGACACGGGTGTCCTAAATAGAACAAACTAAGTAAAAATTGGTTTTAGACAGTGAAACCGCTGGAAACTGTCCCCCTGCCGTGACCTCGTATCAACGTCCATGCTAGCACACGCGGGCACGCGCACTTATGTCTTACCTGTGTTTTGGGGGCTAGTCCTCTAATGTGAGCACGCTTCAAACGACGTTCTTTGAACTAGTTGGTTTCTTTCTTGCGTCTGTGCCCTAATCTGC,270,49.26,Homo sapiens
SEQ_142305,GACCCAGGTTACCCGGACCTCCACACTACCCTTACTGCACTCGAGGTTGGCTGCCATGCCGTGCACTTATGGTAAACAAGTTGGTATGAGGTCCCATAGAGCTCTGGGCAGTCGGTATTCTGAGTGTTATCACGCGCACTTTGTGTGTTGAGTAACGTTTAAGCAGTGAAGAGAACGAGGGCTTCCCCTGCAGAAATTTAAGTTTGTCATACTGTGGGACCAGGTACTATGATGTTACGCGGAAGTAAAATGCTGGAGACCACTCTACGGTATCAGTACATAGCAAGGCCATTATGGAGATGGTACAGCAGCCGATCAAGAACCGTTTACTCACCGGGAGGATATATGGATCCTCAGGAGGTGCCCACCCGTCTGCTTTGTTTTCATGGCGGACTAAGAACGGGTCTCCTTCGCTGGCCCACTCCAGACCATCCTCATTCATCATATCGACACCAAGGCGACATTTTCACAGGCCGTAGGGAGTCTTGTGATTTTCCGCGGATTGATCCGAGCTGATTGATTGCTCCAGGCGTTACCTGAAGGGTCGAGGCGAGATCGGTTCGTTCAGGGCGATCTTTAGAAATCTCATTGGCCACGTTTAACGTGCAGGCATTATTGATGACACTTGCACCATGGGCTAGACTGGTTTGGCTAGCCGTAGTTGTGGGTGGTCGGAAACTGAAGCAACCCGACGGCCTAGTCCGCGTTTACGGTATACCCTCCTTTTAGTCCATGACCATAATGTGAGCAATCACAGGAACGAGAGTCATTTTATATAACGCCGATAGAGTCTTCATTACGTCTGGCAGCGCTCAGAGTCTAAACACTCACAAGAATCACCCGCTCTATTGCATTACTCAGAAAAACTCACAGACGCCAAATGGTCGCGTTTTAAAGTGCATTTTTGCCACTGCTCAAAAAAAGCAATGGGTCGCACTCTTACCCAGACGGTATTATACTCAGGACTCACTCGTAAGGTAACATAAGCATCGCTGAGTATTATTACTGTCACCGTGCAGTTCCTGCTAATATTCAAGCAAACATGATGTCGCGCAGGGTCATATTGTTTGGTCAGGACACTTCAAGTACTGTGCTATCGCCTATCGCAGAATAACGACGGTATGCGGTGTCGACTAAGTACCGAGTTTATGTCTAACTGATATTTTGCGGCGGCGTCTGATCTCTACCACACCACAATAAATACATTGGCGATCGATTTCCTACTGAAAGCACTCGCAATGAAGGCATCAGTACTTTCCTGGGCTTGTAAGCTTGGGCCAGGAACCCTCAAGAAAAGCGATCGTGGTTGGCCACCATTAACACACTTGAATAAAAAACTGACAAGTTCAAGTTTGTCTCCTACCTGGAACATTCTAACACGGAGCGAGGATAACATTCACAAATTGGAAAGCGAGATTACTGAACGGTCCGGCGTGCCCGACCTGAGCGATACGAGCCCCCTCCCTCGCAGATTACAATTACATAGTCACGGCACACCCGGTCACTGATAGCATCTCCGCGCTACAAAGGGCTAGAGGAACAACAGGGTTCCTTGTTCGACAGGCTCCTGATCCACAGTTTCTATATCCTTGGGCGTACGCTACATTAGCTGGGGCTGATGAGTGAGGAGTACTTCCGTAGTTCTTCCACTATGGAGCTTTCCAAGCCCCCCCGTGCCGACCGGTGCTTCCTCATTCGGCCCTTTATATCGGGGACTAGAGAGTTGATAGCGCCCATATTTCGGACCTAATAATCCCGGTCTCAGACTACTCCCGTTTGGTGTTTGGCATGCTTCGGGCGGCGTCACACAAGTTCGTGCAAAGTGAGAGGACTTGTGTACTATTGTGGGGGGATGTTGTACGCCTTGCTTAATAGCTCACCGGCCCTAATTCGGGGCTTTACTCCCAATTGCGTTTTAGAAAGCT,1925,49.3,Escherichia coli
SEQ_822495,CCATCCTCGCTACATACTCAATGGTCCTGATTCAATGTTCTGATTGAGACTTCGCCGTATTCCACTGGCCAGGGGAAGCAAAGTATGGTTACACTCTTGCCCCGTCTTCGCCTACTCAAATTCACGGCCATAACTCGCTCTGCAAAATGCCCCGCCATCGTATGAATTCTCGCTCTCACCGTATTGTAAATACATGACAATTGTACAATCGGCGCGCACTAACCTCGCTAGAGATAAACGCAGTCGACGGCATCGAGGCACCCTTGGGAATCTATAGGCGGTGGGGAATAGAAACGTTGAAGCATGGGGTATTTGGGGACGTAGTTATTGCGTGCTACCTACCAGACACTCCACGAACCCAATGAACACTAGTGACTGCCATCC,384,50.0,Mus musculus
SEQ_995015,TTGTGCGTTTCGTACTGTGCCCTGGCAATGTGTTTACACGAACATTCAATTGAGGAGGCTATCCCTCGGAGGATTATTGCATCGGAAGATTCTTTATGAATAGTCATTTAGAGCTGCGACATCGTAAGGAAACGATCCCCGGAATTCGGGATTAGACCGGCATAGTATTGGTAGATTGTTAGACGGAGCTCCTAAAGTACATCCAAGTGGCAAATTCCCTGCGAATACTGACGAGATCCAAAATCGCGCTATAGATCCTACCAGTTACGTATACCATGATAAGATGCGATAAACGCGTATTATCTATGGCCCATTCGCATATCTACGGGGTTGAGCCTGGAACTGGTTGGTTTTCACGCACCCACAACTTGATAATTGTTGCAGCGTAGCGAGGATGCATAATCAGCGACGCGAATTATTTTGATTGCATATCAAGCAGCACAGCTGTAACCGATTGATTGTCCCCCAACTATTTGGGGCAGAGGCCTGTAGGTTATAATCTTGGATCCTTCCACGGTCATGGGACCACCACGGGTTAGGCGCATCGTTAAAGTGCGGGTACACCGCTATCGTGGTGACGTCGAGGATCCTCGGCGTAATTTTCTGTGGGGTCTCCACCTCACGTGCGTCCAGCACTCCGTTCACCTTGCCTGCAACAATTTTTTTGCCAAACCGCCTGTACCTCATATTAAACTGTGTGCTTCTTATAGTTTTTCCTCATTACTGATTGGCTTGTACCCCCCATGACCCGGTTGCGCGCTGAGTAAAAAGGGCCTCCCAGATGTTGCAGCCGTCCAGGAGTCTGTGTTGCGTGTGACTCGTTGGATGGTCAGTTGCGTTAGAATCGCTCAAGAACCCTATTATCTGTTGGCAAACAATACACGACAGTGTTACTAACTAACTCTCTGACCGACATTCGAGTAGTAGTTATGATGCTATCAGAGGCTGGCCTATGCGAATTCCGGTGGGGTTTGTGAAGTTCACTTATCCATTGAAAGCGCTCCTCAAGGCTACACTATCTGTTTTTTGGCCTAAATACTGAGAGTTCGAAGGAAAAATCATCGTCACAAGAGGCTTGCGTGAACCGGTCCGTGTACTCAATGAAACGTACTCAATCGCTGCTTAGTCGGACAGGCTTAAACTCCCGACGAACAGATGCTTTCCCAAATCTTCTAGCCAACTATTTGTGCCCGCGATGTCGCTCGTGCACCCATGCACAACGCTTAGTTGAAGTGGGGCCTCTCTTTTAACTCCAGTAAGAATTCACGGAAGGGCCGAATGATGACCAGCACCATATTAGTGCTCCTGTGAGACGGGTCGTCTGCTGACGTGATCTACTCCCTGTATGTGAACCGGCCGTCCACGAAGCATCGGGATAGGTGTAGTTGGTACCGCGTACCCTGCCCCGGTGTGCTATGCGGTCGTATCCAAACTTGTATTGAGTCGCGGCACAGAGGACATTAGTGGCTTGTAAGGGTCAATTAAGATACGAGTACATCGCGAACGGGAGCGAGAAGATACTGCGCACGTTCGGCATCCCTTTATTGCTTAGACTATAGACTCCTGCTATCAGCCTTTGGTCGTGGGTCTCGAATCACCTGTAAGTTATTTGCTGCCAGAGCATGATATGACCCTGTTAGGAGTCCGGGTGTTAATTGAATGTGCTCAGCGAGTACGTCCAAGTTTCCTATCGAAGATCAGACTTCACTCCCTCACCCATCCACTTACCCAGATGTGCTTGGCCACGTAGACTCGTTAACACACTGTGTCACGACTCCCC,1780,48.88,Saccharomyces cerevisiae
SEQ_997134,TTGGTCGCTATACGAAAAGATTGTTCTGACAGGAAGCATTAGGGATTGCCATGCCGGTAGGGCATCTATTACATGATGCTTCAAGTTCAGCCCAGCACATTTTATCTTAGCTATTAAGAGAACCGCCGATAAGAAACAAAGTCCTCGACCTCGACGGCCAGGGCTATTACAAGTGGCATATTACCCACATAGTCGGCCGGTAGATAGTCATAGGCCCTTCTACTCGGAACGCATCCCTCTAAGAGGCTCGCCCGAGATCTTTTCCTCTTCCGTGGCGTCGATTAAGACTGAAGGGTCGTGCTTACCAACTCTCGACTTGGGTCGTTGGGTCAGTAGGTTAGACCGTGCAGATAGACCACACTATTACGTCCTACGACACGGGAGTACATTCTGTCACGCAGAAGCCAGTCAGCGCACTCGCCACGCCGATAGTCTCTCTGCTTGTGCAAGGTCCCAAAGGCAACGTGCCTAGAAGATCACAAAATGATATCCCGAGTCGTCCTCGTCTTCGTACCGAAGGCAACGGCCATGAAGGGGGAAGAATGAACAATCCGGATCATACTGGCTAACGGGCGTAGTGTGGATATCTGCACCGAATGTTCCTTCGCGCTTTCAGCATAGGTATAGTGTGTGGCGTGTTGACTTCAGA,649,50.69,Homo sapiens
SEQ_365529,TCTCGAATCAAGACGTTCATTCAATAGCGTATTGCTAGCCCATGATACACTCACAGTACCTATGCCCGCGGCGCAACCAAATGACGCAATATAGTGTGATGACCATTTTGCGTATGCCGTGTATGCGCGGACTGCCGGCGCCGAACTGATGCGTCGTAGAACCACGCGAACCCATGACCTGTTCCAAGATCCTGCGCGCTACTGGTAAGGGGGGGACAACGCGTGTCTGCGAGGGTCGATGGATGGGGCGGCCAAGCATCGAACGTGCCAACATTACTAGGGTCTGACAATTGACGGGCTGGGACCGTGGCGAGGTCAAGCACGCCAACTGTTAAGACGGTGAGTATTTGTTCGCGGGCTTAACGTTAGCGCTGTTGACTACCTTTACATAAAAGCATACTCCTACACTTCGTCTATCTATGCGGCCGATACTCTTGACCCTACAAATGGACCGGTTTAAAACATCGCGGGAGGCTACTAAAAACCACTCGCAACTGCTTGAGAGAGTTAATAGAAGGTTGTGCTGAACAGGGAATTGGCAGAGACGGGGCTCCGTGGATTGTTGCTTGTCCGCAGAGTGCGGGCCCTCGAAATATGGTCACTCTTCAATAGCGAACTTAATAATTTGCCGTTTGCCTAGCACGAGAAATACAATTCCGGAATGCAAGCTTCGGATATCACGTCCGCTTACCTCCTGCTGCGGTCGGTCGATTTCCCAGAGACCCACCTGCGCTTGGTCATCTCGACGTGCGCGTACCAAGCTTACACCTCCCTAGGGCAGTTCGTCACAACTTATGTTGATACTCCGATACTTGTCGACCCCATGCTCGATCAGGTGCACGTGCCCTGGCACTTCCGGTTGGGCTAGGCAATAGTAGATTGACAGGTTCTCTTGTGGCTCAATCGATTGGACTCCAACACCCTTAGCTAAACGGTACGGGGACGCAAAGTCTATGTACGGACCGCACTACTGCGGAACAAAACGTCTTTACCCTTGTTCCGACTGACCAACGACGACTCCGGTTCTAGGGTTCGACGTGATGGATGTACAACCAGCACCAAGTAGTGTATATACATCCGAGATATCTAAGTCGGTGTCTCATTGAGGCGGCGTGTCTCCAGTGGTTTCGATAGTGAGGAAACGCCGAGAGAAAAAGAGGTCAGGAACTAGCCCACACGTGTTGTTTCCGTTGGGTCTTGACCCGATGACAACCTCGACATCTATGCCC,1229,52.16,Arabidopsis thaliana
SEQ_960963,AACGAAGATCACTCGGTGCCTTGGCTTAAGGCGGCTCGTACTCAATTAGGGAATCAGCGGGATATACAAGAGTTGAGAACTTAGGCGCAAACTCGTGTTATTGATATGGGCAGGTCAGAGCTAAACGATGCAAATGTTTCTTTTATCATGTCGGCTCTGAACCCCGGTTTATTCCGACAAAAAGATCAAGTTGAGCCTCTTACGCACATGTTTTCATCTTATTTGTTCTAACGGCTACCATATATTTCGATGGCGTTCTGAGCTTGCTTTGGCGTATGGGTAAGACGGATAGTAGCGGCCTTGACACATAGATTGGTATCAGACAAACGAGCTCGACCGCATCGCTTATCAAATGAGACTACTGGAGCCTGACACGCGCCGATTTGTATATGAAAATTTAGGACAATGAACGCGTCTTAGTACAGTTTGGTACGCCCAGTAGGTGTACCTCGATGACAGAGAAGTGTGGAGTGAGATAATAACTAGTTGAAGTCTGATAATCAAGCGCTCGTAAAGGTGAAACCTAAAATGCCACGTCGATCTGGCGCGGTTAACTTTAATCTATTCAGAAATTTACAGTTGAAGTTTCGCCAAGCGGAGGAATTAACGCACTAACCAATATCTCCGAATATCGACCCTTTCGCTGATCTCCTATTCTTTTGAACGCTGCGGATCAACTTGCCTATATGGATCGGCGCTAATGCGCAGATACCTGTGTTCCAGACAGCGTAAGTTGTCCGAGCCTTAGTCTCAAATCCAAGCGGGCCAGTGACGGGGGATACATTACCACACCCAGACAACTGCGCTATCTAATGATACACGCTGGTGAATCTAACGCAGATTTGCGGCTTTGGCAAAGTAGCGCTCAAACTTAATTCACTCCACCATACTTAAATGTCCAAAGCTAGCTAACCTGTAATCACCCCGAAGTGCGTGGGCTCCAAGATTGATAGGTGGGCGAACAGATGCCCACAATTCGGAAACGAACTCCTAGATAGTCGGCACGTTGACGGTACTGATAGGTGATAAGAGGAAATAGGGGCCCTAACTATTAGTGACGTCCACAATACTGCGTCGACCGCCCCTTGATCGCTGTCTCATAATGGAGATCGCTAGCACTTATCGATTTCAACTAAATTATCACTTGGTCGTTCTGCTGGATTCTGAATTACCAGTCGCGCGGAGTGCAGTGGCGAACGCGACCCTAACAGTACTACCTTTCCACGTTGACATAGAGCGCTGTCGCGTGCGATAAACCCACGCATGCACATTTTGG,1276,46.79,Arabidopsis thaliana
SEQ_226791,CCTTATACCCCGTGGTTACGGCCGATGCCTCGTGTAAACAATAAATCTGCCATCGAGCGCGAGGCATACATCTGCTGAGGCGTACGTCTTTCTTTAAGATGCACGTCAAATAACGCTATTCCCCGATCCCTAGTACCTGCGTCTACCATGATGTTGTAATGTCCGCGGCGCAACTGTGGTTCATCCCAGGTAAGCCCACCATAACGTTCTTCAGCAGTGCGCTACGGGGCGGTTGAGTGGTGGGGAACGTACACCGGCCAACGTGGGATAATCCATCATGAGGTGAGCCTCACCCCGCCACCGCCATAGTGTATTTATAAAGAGGAACTATCCTGCCGTCCGCGTGCCTGGGGTCTGCAACGATTGTAGTACTTTCGTCAGGATTCCATGCGAGGCTCGCGTCACCGCACACAAGTGAGCTCGGGCTACTCCGACGGTAAGTCAGACTACTAATCCCACGTTGAACCTCGAGTCATAAGACGCCTGTGCGCAGGAGAAAGTGTTAGAAATAGGCGTAAAGGCGGGTAAGCCTATGCAGAGATCCGCAGAAGCCTCAGATAACGGACCCCCCTAGACACGCTTTAACCTGTTTTACCTATGATGAGTTATGTAGCTCGTGCCTAAGGCACCAGCTTAATGAGCTTTTATATCAGCGGGCACGTACCTAATTTCAATTGGTAAGTTGGGACCTTGTCAGCGAGAAATATATATGGGGAGACCTTGACCTGGAGTCATGAGAGAAATTGCATCGTTGGCGATGAATCGGCGACAAGATCAGTCAAATACTGTGTGTGACTTTAGCTAGAGGCATAATCTCTGATGGTGCAGAGTCCGAAAATTGCTGTTGCTTCTCTTTCAAACCACAAATACTTCGACGGGATTTAGGGACAAGCCGGTGATGCATTAGCCGAGGACCTGAAATAAGCATTAGTAACGTGTCTAACTGGTTGACCGACGGTCGACAGTCTCGATATTAAAGGGTCCAATGAGTAAAGGTGAATGTAGTTCCGAAAGGTTATAGCCGTCTAAGCAAAAACATTGGAGGAGTAGGACAGCGCATATCCGCGCTTTTTTGTCAGTTCCACTTTAAACTCACTAATGGTAATGCATCAGGGACAAGCTTTTGGCCGACTTGCCTTGACTTCGTCTATAACATCGACAAACTGAATGTCAATTGTGGCTATCAGCAGTGCCCCCCATATACATGGTAAAGAGTTAAATGGGACCAAACCTGCTATCAGCACGAGTCCTTTAGTCAGCTCTTGACAAAGTGTCCCGTCCCCTAAGTCACGCGTCAGTTGCTCAGTGTGCTAGCGGATCACTTTTGCCGTGCGCGCGCAACAAGACTGGTTATGTCGCCACACACTGGCAATACAACAACCCTGGGCAGCACGACAAAGGGTGCCAGTTATTATGTGACGGAGTCGGGGGGAGTAGCGCGTGGGCGACGCCTCGGGTAAGTGGACCGCGGACTCTGCCTACTGATAGCGACTACGCGAATGTCCCTCGACGTCCGCACCCTCGGCTAAGCAACCCAATCTGTGGTGTAAAGCAGCTACGCCGGCACGGGCCGGACCATGATCGTAATCAAATGCTGTGGCACTCGCTTCGTTAGTAGCCCTTCGCATGATGTGAATATGTTTCATGAGGTTTTCCCGTTCCTTTAGCTTCGGCTTCTAACTTAAACTACGCCCAACGACTCACGACCGAATGGTCCCGCACAT,1724,50.64,Arabidopsis thaliana
SEQ_738206,ACGCTCTCAGGCACCCATAACAAAAGTGAGGTCGATTCGGTGTCAACTAAAGGTGCTTGCTCTATGAGATTGGAGGAACAAACAGGTAGAATTAGACCACCTCGATATAGACAGGATAAGTGGTAAACGCAATAAGTCGGATTAATCATGCGCTACATTAACAAGCATCTTAGGAGGACGCCTAACGGCGAGTCGCCTCAGATACACTGACGCGGAATGCCTTGTCCGGAGGTCACCCGGTGATTACGATGGATTCTAATCCGACGTGAAATGATATTTATAGTAAAATGAGGTCATAGGCTGCGCGGCTAGCCAAGTGTATTTCAATCAAATCACGCCCCAAGCACAGAAATGATCTAAGTTTGTTGCTAGAGCCTATAGCAGATCAGCCCGGGCGCCAGCCGCCAAGCGTTATTCAATAGAGCGCCGTCCGCCCAGTGCAGGCGCCTTACTACGCGGCGGATGACGATCTTGGGATCATGTCACCTATTCACTACCCTCTTTGTCGCGTAGCCTTGTCCCACATAGCTATTGAAGGGAACCTCAAACGGAGTCTATAAACACCCGTCTCGTAATTAGCTAGGACTAAAAAATCCAAGCTACGAGACTGCCATGTCACTTACAGTCATCCCGGCTCAGCCAAAACTAGTACACTTGTAGTTATGCATGAGGACCAAAACTCACAGATGAGTGCACGATCGCATACACGGCGTGGACCAGGCAGAGGCGCCTCGGACGTCCGCGATGCCAGGATGAGGCCATCAGTAGCTGACGCCAGCACTGTGCAATTGCTGTGCCACTTTTCTCCCGTGAACAGGCACACTCCGCAGTGACGGCCCCAACACATAATCATGTTTCGTTGATAGTTCGTGTAGAGCACGTCAACCATTTACCAAGCGCGAACCATGCGCAGGTACGTGGGACTCGGATGTACTCTATGCAGTTGCTCCAATGCGATGTAGTGACTAAACAAACGCTGCATGCACGGCACGTACCTAGGGTAGATTCCCTGCGTTGTAGTAAAGTCAAGAGGCCGTCACCGACGACGTCGGTTAGCTCATGTTGTGCCTGTCGCACTTTTACAATTAACGAATGTCTTGCATGCGGTAGTGGCGCAGCGGTATAGTGAAGCCAGATAGATTGTGTGTTGGAGCACCTCAATTCAGAAATGCGACGGTTCCGACACGGTCCACCCGACATAAAGACGCTGGCTCTCGTCTTACTCCGGAGGCCGGAAACAAGACCAAACACGTAGATGTACGCTAGGTGCAGCGTCTCCATTCCATCACCCCTCGATATTGTTGCTCTTTTAATTATTCCGTACCCAACTAGTGTACACGAATTTGCCCCAGAGTAATCCGCCTCTTGAAGAACAGTGGTGCTGAACTTTCCGGGTACTGCACAAGTAGAGCCAGCTGATGACGCGGCACCTCGCTGTCACAACTGCCAAAAGGTAGTAGAAACCTTTATCACATCTACTGGGGTACTCTGCGTACCATATCAGTCACAATCGGTCAGCACCATGAGGACAGCCTACGCTGTACAGCTCCATTGGTATAGTCATCCTGAATCTCTCGCCGTGAGATTCCACTACGGTACGAAAAATGGGTGTCGCACAAGTCACATTGCTACGATCCCCGATCGGTGAACAGATCTGGCCTCTCGTAGAAGGCCACCCGGCTCACGGGTTCGCTCGGCATCTTAATAGCCGGTAA,1715,50.79,Arabidopsis thaliana
SEQ_910175,TTATGCACGCCACTTCTCAGTGACGGTAGGGTGACAGCATTTGATTGGGTACAACAACCATTGTTACCCAGAAACATGTGTACGGCAGCTCCACTCCAAGCCCTCATCAGAGTCGCAATATCCGCTGTACGTTTGATTGTCAGACTGTCACCCTCTATACCAACATGCATACCGATACTGGACGGCTTTGCATTTCGCTACGTTAAGTAATAAAGAAAACGACTGGCGAGCGTTACAGAACAGCTTGATATGACCTTATCCTATTGCGGTTATTTGAAGTCTGGTATAGTACGTACCCTGTTGAATCGCATCGACCAGTCCCGGCATGGTCGATGATGCTACTGGCCTACTTCCACAGGCCCCAACTTACGATAACTATGCCTTAACAAGGATACAAAGCGGACCCAACGCAACCCAGTCAGATTCGGGGACTGACCAACTCCTTCCCGATAGTGTCAACATCCCGACCTGTTGAAGTAGATGGAACGCTACAGCTTATATCGGAGGCCTTCCTCTAAGACGCGGCGGGTTATCACTCAGGAACCTATAGAGGCTCGACTTCGCAATATCGATCGCAGCAGTATTTGGAATTTGTCGTCTCAAGAGAGCGAGATAGGATACTGCTAGGCTGATTAGATCTCAGGTTCCCCTCTGGCCCTCGCCCCTGATAAAGGCGGTGGTCGCAAACAGCCGAGAAAGGCACTGTATGGTACGAATCCGCTCATTCGTTGTCCACACGTGGCGCTGGACTGCACCCTCCCGCTAGGCACATGAGTTTGCAGGCTTCTGCGCAGGGTTCCTGGCGCTGATTCGAGCACAATTCTTAGCTGGTACAAGTGATCTTAAAGTACTGCATGGATTCGTGACGAAGAGGCTGATGCTGGATGAATAGACAAACTATAGCTAGCCTGCCTGACCTTATGTCTAAATTGCGACCGAAGCTCGAACCCGCTCCAAACCGTTGCGACAGTAGTATCGCCTCCACGCTCATGCACGACTAGTGGTCATAAGTCAAGGAGTACCAGACAATCTGCCAGCGGGTGGCTACGAACATCGCCCCAGGGTTTAATCCACGGCGCTAGGATACGCGTAAGACATAGACGGGGATTCGTGTGGCGAGACATGGTCACTATTCGGTCTCGACCGTCATTAGTCGCAAGTTGGTGACCGGGGCAAAGTCCACCAGGTCTTCTCGTGGATCACCGGCCATATCGTCGAACTTACCGTCACCCCAAGTGTAGAAGCGACGGAAAACCTTCCGTAAGCTTAGTTCTCTTCGTACTTGGAAATGGGAGCATCCCTTTCGTAATACTTCCCGGTGTAGTGTGACTAGGTGGGCCTTCTATTAGTGCCAGGGAGATGCACCCATTTTATTTGTCACGAAACCCTCTAACTCTATTTTCCGAGTTAGAAGTATGCTCATCCTCAATTCTGCGATCTCCCACCGATCCTGCCTCCAAAGATGACAAAGACATATATATTGCTCATCCGACTGAGTAGTCCATCAAACGGTCTGAAGCGAGTGCTAATCGCACGCGAGTTCTGTAGGTTAAATTTACCTTTACACCACTCCCTGTTGGGTGTGTGGTTCGCACTGCTGCTAACGCCGTGCTATGTATGCGGACTTGGTTAGACTCTTTTGGCTAGACCCCTTACAGCAGAGGGCGAAAGGCAACGGTATCTAAGTCATGACGCCCGTCGGGGATCGCCTAGTTCGCCGTCCAGCC,1727,50.78,Mus musculus
SEQ_477384,AGTCCGATATGCAAATACTACGGACGTATGTGGCTTCAAGACGAACTTAGTGGAAACTATCACATTGCTATGCGATAGCGTACAATTTTTAATGCTAGGATGGCATTAGTCGCCGATCCCCGCCTACACGCGGATAAACAGTCGGTAATGCGCTAGCTCGCTTTATATATGTAGTCCCCATTATAGACTGTCAGGACCGTAGAACTCGACAGGGACTGGGTCACGCGACCTGTCTAGAGACAGGGATCCACGTAGCAGGCCAGTCACCGAGGAGGCTTATGATGACTCCAATCCATGTTAGCCCGCATCCATCAGTGGCTGTAGGCATAGGGACGACTTCGATTTTATTCGTCCCGGATTCTTAGGGTGTCCAACCCACAGATAATTCAGTGCACGAAACCACCGATTTCTTAACGCCAGGAAAATGACCCCATGTTACACTCGGTCCATGTGTCTGCCGCTAGCTCCGTCCACTGATTCACGATATAACTATAATACATGTTTTGTGTCAGGCAGTCTCGACAGCTGTCGACTCCGCGACCGGAAACGGAATGGGTAAGCGCCACAAGGTACTCCCTTAACGTCATGCAGACGGTCCAGTGACGGGAAAGGGTCTCTTCGCCCTGTAGGAGATGAGTAGCATACTTTCGCCCGCCTGATCTTGTCCAACCTATAGGCAGATTTCGTGGTAGAACTATAACATGGACGGTTTCATGACATTCAGTAGAAGGGCGTTCACTTATTTGTGCTCTGGCAGCACGGTTTTGGGAGTTTAATGTACGCTATGGCGTACTTAGAAACCTGCATGTGATAGTGTCATTAAGGTTCGATGCAGGATGTTTGTTTTGATCGTCGCTTTTACCGTACACCAACGTCCCGCTTGTTACACAGGGATACCGTCTTAAGACGTTAGAAATAGGACTACAGGCAACGCTATATGTCACAGCTGTCCAAAAGCATACCCCGGTACTCCCTTATAGCACGGATGTATCGCATAGCGACAATCGCCCCACCAATCCGATCATCCTCAAGTATGACTGAACTTCCGGATCCCACGACCCACTTACACAACGCTCAGGCGGGGAGATAGGATAGCGTCTCCAAAATTCTGGCCGGAGTGCGTTGGCATAGCATAGCTACCTATAACAGGTGGTGGAATGTTGCTCGAGGTATGTGTTCCGGCTCTTATGAGGGTCTGCGACGCAATGGAGCATAATAACCAGCGTGCAGGGCATTGTTTCAGAACGTCAAGTCGTGGGGATATGGTAGGACCCTCCAATTGTCAACGACATCGTAAGGCCATCAGAAATGCTTTGGGCCAGCGCCCTACAACAGCGAAAGTCGGTTTCGAGAACCGCTACGAAATGGGTTAGGCAGCAGGGGAAGACTATCTCTGAAGCGCAGTCTGCCCGAGCTCAACGTGGTGTTAACCCCCTGACTGGGAACCGAAACCCTTTTACATTTGGGAACGCAGGGTGCGTACGGGAAAATTGATGTTCAGATACTATCGCAGCGTCGTAGTATCTTCAGCGATGTTAGTTATATTTCACTTTCTCTTGGCGACTGGCTGGAGTTCTTTGCTCCGACCTTTATAGAAGATCCGATATGGTAAGACTTCCTAGGATTGACACGGCAAAGATATGACGCCCGACCTCGGGTGGTGCTGGATAACTGGTACTTCCCGATCTACAATTTTAAGATGATGCGACTTCCGAGATGTATGC,1724,49.48,Escherichia coli
SEQ_856051,AGTAAGGACTCTCTCGATTCATGTATCTTTGAGTTCCATCGCAGAGAATCGGTGCTAGAACCGGTGGG,68,48.53,Escherichia coli
SEQ_135989,AAACCGCGAGAGAGTCAATCGGTTCGCCCTTTTCCCTAAGGGGTGAGCGCAGCAGCCGAAGTCAGTCATATGCCCTATAGTATAGGTGGCTGTTGAAGTCTGCCTTGATGCTTTCCGATGAGAGGCTTATTAGGGGATTTAACGGCCATCTTTCAGGTTTGCCAATCATTGTAGGCGTCACACACTCTGTAGAGGGTATCACCCCAGTATGTAGCTACTATATCTGCTTAGTTTTTCGTGCCCTAAGCTAGGCGCAGGTCTTATGAGCACCAATGTGGCATTTAGCCCTACGCTACTGCAGCGGAGCCGGCGCGACAACCTTTGATCTTACAACCAAAAATTGATCAAAATACGCACATTGAGTTAATACGATGATTCATCATTTGGTTCTCCGGGCCGATGACGCCAGTTGCTTCTATATCTGTCCTTCCCACTGCCCCGATTAAAAAGCTGTTGAGACAACTATATTATCGTATTTCCGACCGGAACCGCGACGTCAGGACCGAAAAACTCGGTCGGCTGTTTGATGGCAATCCCCGGGGTTGGCGTTCTGACGCTGAAGTGCCGAGAACGCGGTAAGTCGTATACTAGCCAGGACAGCATGCTAGGATTCACTTGCACGCTCCAGTCACTGTAAGTAACTTCGACGGCGGGAACGATTGAAAGCATTTTTACGGTATGTTCAGGCCAGGGCTATCGCGTAGCGTGCGTAGGTGCGGCCCTTCCGCTGAGGTAAACGAACCTAAGTACTTTGTCAACTTGCTGTACCAAGTCGGCATCCGGCGACATGGAGCAATTGTGGAGACCCCCAGTATGGACTGGAGATCTGAATGGTGGGAATTGACCGCTGACCTTCTCCTGAAATACATGCGTTTTGACTTGCGGTCCTTGTGCGCTAGCGTCTGGAGGAGGCCCTAGCCAATAAACGAAACTAAAACCAGCCCACCCTCTCACTTCCATAACCACCGCCATTCTGGATGGGAAGCTTCATGAACGTTCCTTTTCACTGTTGGGTGGTGTAAGTGGTGATATAAGGTCGAGGGCCCTCTTTTCGTGCTCCACCTCCGTATCCTACGGTAATACGCAACAGGTGGTGAATATCACGCCATGGCCGTAACCACGGTATTAGATGCCTACGAAATTCCCGTTGGGTAAGACGGTTCCCCCTATGAGGTCGCAGCCCTAAAGCCGCACCATTGCTCCCGCGCAATCCTCACCGCGGATGTGGAGTTTCTACTGGAGCGTCCTCGCTCCACTGTCGCAATTATGGCAGCTACGGAAAACGTAATATGGGTTTAAATTTGACGGCTGCGCCACAAGCAACTTATGCATAGATACTCGAGTTCTTGCGGCTGAAGTTTATATGGCGCTTGAACGTCCCGTAACAAGGCCCTTTTTGGATACAGTCTACCGGGTATGAGTCATGGGCAGCACTGCCCGCCCGGTCTTGGTTTGTGACAGTTGACACTGAGTTAAATTTGCGCCGTATGTCGATTAAAAGCCAAGAAGCAACGTCACAACTTTGCACCTCATTGGATTAAACTGGCTGCCCATGCCGCAGTCACGAGCTCACGTCGCTGTTCCAAGTTTTAGTCTTCGTGAGATTCTCGGTTGTGGCAACCTTATAAATCCATCATTGTGCTCCATCGTCGTGCCGGAGGGACCAAGATGGCGACACGAATTAAGCTCCACTAAGTTAACCTCGTGTTATTCTGGGTTCATTTTCGAATTTGCACTAGATTAAAACCAGGGCCCCAAATAACTCCTGTGTCTCAGCGATTGGAATCACAGAATTGCTCCATGAAGGTTAGCTTTCCGGTTGCTGTATCGG,1831,50.25,Escherichia coli
SEQ_705019,GCACTCCACATTCGTTGTCAAGGGTCACGTGCTATATACTCTATTCTTTTGGCCTCAACGTTTATTCTCTCTAAACCACCAGCATTACTAGGGGAATACGACTCTCCACAACTGCTTCGTTCCCTAAAGTCCTGCGGGGGTTCACTCAGGGGGTATTTGCTTAACCAAAGCCCAAATGATTGAGGAGCTCCCTGTCTAAACCGTGCATGACTAAAAATAACGGGCACCACTTCAACGGCTCGATCAATCCGTCGCTATCGCCGCGCAGCCACAGTAGTGGATTCGCGAAGGGCTAACAGCTAGGTCCTCGAGCCCTCGGCCGCCTCACTAACCGAAACGTCACACCAGCCACGAGCATATTTGAGTTAAGACGCAAATTATCGCAGCTCCCGAGGCCAAGGGAATTCGCTGAGAGATAGCCGCCACGCCGTGCAAGCGTATAGTCTCGCGAGCGTGCGTTAGGCTAAGAAAGGATGCGACCCCGCATTTTCTGTTAATGCCCCGAGACCGGTCCAACTAATTTAATCAACACCTACTCGAAGTCTTGACCCCGACGGAAACAATATACTACATCACGGAACAGTAAATGGCTACGGTGCTCCGGTCTATCTTCTTGTAACTCCAGAGCTCGATGATACTGAGATACAGGAGGTCAGGCCGATTGGCCATGTGGCTCAGTGGCCCGCAAAAACGGAGGAGCTCGCCTGCTTAGAGAGATACTTAACGGGCGAAGCCCCCCTCTGCCTCATAATTGACATCACATCCGTAGATTGGGGTAGTAAAGAGGTTTTCTTGTCAAATTGCGGAGACTACACTAAGTAGCTGAAAATGCGGACAGGCGGTGGCCCGCACGCGATTTCCTACCCATCACCGTCTTGCATGCATTTAGCCAGTCGTCCCAGTTTCGCTGCCAGGCAGGCACAGTATTCGATTTGGTATGGTTATGGAAAGTTTCACAGTGCAGCACCAGTTAATTCCTCGCACGTGGATCCGGAGTAATAACTATTCCCGTGTGTTTAGTCTCGTCTTTAAACCTGCAAGCTGCAACGTACTATAATGGGCCCGAGTAGCCGTGACTGGGTGACGGAACCCTTAAGTAAGGTTCGGAGTCTTATAAGACCTCATAGCGGGGATTCCAGACTGCGAATGTGTGATAAGCCGCCCAATGACAGGCAGGTGGACGTAAGAGTTTATCGGCTTGGTAACCACCGAATGACAGTGGTTAAAGTGTACGCCACTTATGGTTGATCCTCCTTAAATTCTTGACGTATTTCCCTTCAGTGACGGGCATGCTGTTGCTTGTATGCGTCAAGTTTTTGGAAAAAACGGAATTTAATCCAGATCCGACCGTGTGCTTGATTGGCGGCTCGAAAACATCACTTCACGGCAAAGCTATAATGTCGTATAAGGGCCCTCTAATGGTTCAAACCGACGAACTTGTTGAAATCTTCCTAGCTACGCGGGCCCGCCCTCATGCGAAGAACAGGTTGTCAGATCCTGAATATGGTGTTATATGGTGCCTAGAACGAACTTACGTCGTCTACAGTTTAGGCGGCCGCGTTCTTTCCCTCCACGGGGTGTAGTCGGATAACTGGGTGCAGTTAAGGTTACGGGACTACCGTATTCGCCCGTAGTATCTATATCTCATATGCCATAGTGTGATCTGATATCAAAGTTCTCATAAGGGCAGTGGTCGCATTCAGCTGCATAGTCAGCATAACACATTCTATACCACTGTAGTCTGACAGAACAAGGATCTGCTCTCTTCCTTATTCCTCATGCGATGTACGAGTGTACTCTTCGCGTCAAACTGCCCTACGATCATTCTTTTAAACGCAGGGTACGTTTTACCTCCACAC,1859,49.49,Caenorhabditis elegans
SEQ_117736,TAACTCTCTGTCATTTCTCGCATTCGCTAGTCCCACCTACAAAAAAGACAAAATTCATCTATTTAGGATAAATCCATCCGGAAGCAGGTATCAGTAGCACGGGCGGCGACGTAACACTAATTCAAAAGATACTGTCCTATACTACCCTTGTGCATTGCTCAGTCCCCGTACGGACTCTCGTGATCTCACATGTCGAACAGCCCCAAACGACGATGGGACGTCCTATCTTCCGTGTTGCTTGAGTTTCGGCCTAAGCGGAAGAAGACCTTTGAGGAAATAAATTGTTTACAGTCGCGGCTACTCACGGGACCCCTAGTTCTGACAATCAGATGTCCCCCTCGAGAGTGAAAAATCTTGTTCCGTTCTATGTACGGAACGAACCACATAAGATTAATCCAGACGCCAGTCTCGAGCGTGGGGTAGGGCGTCAAACCAATCATTGAAGAGAATTTTGGCCCAGGTTCCTGAGCGTTATAGGGCATTCTGTCACGCGGTGACTGATACGAACTCAGTGACCTGAAGCTTATGGAGTCAGGCACACCCGCCATGCAAGCCAGCAATGGAGATTGGCAAATGACAGCGATTTTGAGTCGTATTATGATCTATCCTCTATGAGTAGGTGGGTCGCCACTCTATAGCTATCCCCAACAAAAGAATAGGAACGGAATTTGACGGTATGGAGGGGCGAGTCGTATCACTACAGGCTAATCAAAGGATGATTATTAGCAGTGACAAGTAGGGACGCTTTAATAGACCATTCTGGGGCATGCGTGATGCGCCGACACTTTTATTCCGATAATGCGCATTTTTCGTACGAAATGACAAGATTATCCGCACTTGTATCGAGGAATCCCATTGTGGCCCTAATCCTAAGATCAGGGCCAAATAGCGGGTACCTGGAGCTGACCAAGTCGCATTCGTATATAATAAGGTTTAAGATGACAGGGTTGTCGGTCACGGCATTGCGGGAGAGACGCAACCACAGGAGCACGGTTGAGTCTAATCAGTATTAGTGGCTACCGATGCGCCCCTTTATGTAGGCAGGCATTGGACCGTGCTTCCATGTCTGACTGCTACCCCCATGTCCCCAGCGGCGGCCTCACTTGGTGTGAGACCATTGCTTCCGCTTTTCTAACGTGGTTCACATATCTCTGATTGCACCCTTGTCATAAAATTTAAGTTCGAGACGCTAATTTCCGCTAGG,1204,48.17,Saccharomyces cerevisiae
SEQ_261062,CTGTGGGAAACAACCTACGCCGACCAAAGTACCCAGTAGTACATCCGTGCGAAAACATGATATGGCCTGCATTAAGTAGTCGAGCGCGGCACAATTTCGATGGATAGACTTAAAGACTCCATCTATCACACGGGCAAGAGATGGATCATCGCAGCCATCGCGGACTGTGATATCGTTGCGGGAATGCTTTTCGTCCCGTGTCGTTGACAACCGAGTGCCCCGTAGAGAAGCACCCAAATCGTAAGGCCTTGAAAACTCTATCGCGTTTGACCGGCATGGCGCGGCTAACTATATATCTAGTTGTTTAGCGCGGGGAGTATATGTTCAGGTGATGT,335,50.15,Escherichia coli
SEQ_660762,CCGACACCAGGGCATACGATAAACTCCCCCTCAGCCCATTCGTTCAAAGTAATGATTTACGGTCCATACAACGGATGGTAAAAACCATCGGAGAAACCAGCAAGCGGGTCACTGTGCACAATCGTTCGTTAAGACCGAGACTTTTCTTCGGGCACTAACTATCCAATACATGCAATGATCGGTTAA,186,46.77,Arabidopsis thaliana
SEQ_336359,GGGGTCTTCGTCTAAAAGGCAGGTAACCCTGTAAGGGGCTTAGCGTCTCCTATAGACATCCCTCTGGAAACCCCGTGCAATTTTTCGTCGGAGGCCAACCGCCCGACGGGCTCATGTAACACTCAGTTTTTTGACGTCGTACGGCATGACGCCGATTTTCCATCAGATCGGCCTTCGACAGTCCGATCTGATCTTTGTTGAGCCTGCGGGTTCGATCAGTTGTCTAACCCGTACCCTTGCATACCTACTTTACCACTACTATATGACAAAGGGTTCCCATGGATTCGGCGGGGTGGCTTGCGACTGTCGTGCCTCTTCCATGCTCGTGTTACCAGCGTTCTGTGAAACTCCCCGGAGAGCATACGCTGGGCGAGGGGGGACGCTTGTTAGCTCTTCAAGGTTGTGTGTCGCAAGGTTCTCACGACCTTGGGAGGAAGGATCCTGGTTGGAATTACGATGGTCCGCGATCCGAGGGCGGATGGGATCAAGGTTAGTTGCACCATTCAGGAGCTCACGAAGACTTATGTTAATCCCGGGCGCATTGTTAGTCAACACCCAAGGCTTGGCCAATTTAGAAATACTGTACTTGTTTAGTCTATGGACGAATCACGCTTAGAATAGGAGATCAGCCGTGACATGGTCATCCGAAGTTAGTTTTTGGTCGTACACCCCCTGTGCATCCCGAACAGCAGGACTCCTCTCCTAGGTCATACTACATTACCTTGAACAAGGCCAACGACATGGTCCTTTGAGCCGGGCCGCGTATCAGTCGACAGATGGCGAGAGATTTACAGTGCCAGCAATATCGTGATGAGGGACGTTCGCTATGGGGAGTCCGAGGACGACGTTAGCCGTTGCGCTCCCCTAGACGCGCATACCCAACGGGGCTCCATTTCCGATTCTCAATACAACGACTTGGGCAGATACGAATAACTCTACTTCGGTCAAAGAAAGTGCTTGGGGTGGGTAAGGGGAGCATTCAATCTTGGAAGTTGTGGGTGTTGACCTAGCGAGCCAGTTATATACGAGAAAACGATGGGGTATTGAGAAATAGCATTCGTCTGTCAACTTTAGCGAGTAGGCCTCATCTAGAACCATGCATTATAAAGTTTACTATCCCACGGTGTAACTCTTCTTCGCTATTTGGACTGCCTACTATCCACACTTTGCTATCTAATCCCGCGCTTCATGTGAAGCATTAATGGGTATACAGGCGGCACGCCATGGCTGTTGCGTGGGTGCTGTTATCAGATCACCTAGTGAGAGAAACATGTAGTACTCCGTTGACATCGCGTAATTAGTTCCGGACATCCCTGTATAACCCGCCTGACCGGGCCAGGTGGATATGACAGAACTACGGCTTTACGATTGGTGGTCAACGACACCGGAGAACTGGTTGATCCTACGTTACAGACGGCGTTTTAGGTGTGCGTTAGAAGGGCCGACTAGACGTGAGGTAAGCTTACGCCAACTAGTTATAGGGGAACACTTTGGCTAGCCCGTCATAGGAAAGCGCGGTATACATGGGACTTGGATGGTATGCATCTGACTATTGGTCTAGCTATATCCGAAATCGACCGTCGAACCGCATGCAAGGTGGCCGCCGCATGGTTGCCTTGC,1620,51.17,Saccharomyces cerevisiae
SEQ_278848,TCAAGATCCGCTGTTGCGCCGACACTGGTTCTCCACATGGGACGTAGCCGGCGATGCACCGAGCCAGATGTAAAGTAGAACTGTCAATTAAGGGCGTTATCTTGTATCCGGTAGCCGCTGCAGGGTCGGCGTGCTCCTGGAAGTTCTCGAATCTACAGTAAAACACGTGCCGGCCTCGTCGATGCACGCATATCCTTTGTACAAAATTTAGGCGGTTAGGACGGGGGTTTCTGATTAATACGTTTTGTACGGAGGCCTAGACCGGTACGGCTGGTAATAACATGCGCCCGGACAGCAAGCAGGTGGTGTGGTGGGAAAGTTTATTGGTCTCCATAGCTCGCCACAAGACCTTGCGCCGATGCGATTTGCATTGAATTGTCCATGAGTATCCCCCTGTGCCAAGGTCCATTGCTGATAATCTACCTCACTACAGCAACAATATTTTTAGCTGCTATTCCAGCTCGCCCAAGCCCATAGGCCTATTGAGGAGCATCATGGAAGCGGGCGAAGGGGTCTGAATTTTTAGGACGTTCGGCGCGCGCAATTCCCCAAACCGTCTGTCACTAACCATAACCACAGCGATTCAGGTCGATTCATACACGACCGAATAAACTCTGTACCAAATGCGCAGCTTAAGCCCCGCAAGGCTCCGACTCACATGCGGTGTAGGGCCTATGTTCGTCTGGTAGGTCAGGAACATCTTCCGCATGGTTGATATAATTAGAATAATCTCCAATTGCGGCATGTACCTACTGTCTTTTAGGTGTGGGCCCATCTCATTAAGTTGGTGCGGCCTTTATAGGATCATGGTTGAGTCATCTTAGATTTCACCACCCGACTTGGTGATCAACGGTTGTTCACTACTATCAGTAAAGTAGATTTTTTCTGACACTGCGCGAGTTCACGGTCGGAGGAATTCGTGCTCCGACCTCCTCTGTGCCAACAGGCTCCAGCGAGTTCGTCTCCCCGATATCTGCCTTTATTTTCTGATCTGACCAGGCGAGCATGTATACGCATGGGTCGGCATCGTCGAAGGCCGGACTTGCCTGGGATGCGCAGCGATTCTACGAATAGCGCAATGGTCTGCCATCGTGCTTCTTTTAAAGGGATCTTACTCACGCTATATCTTCGGGGCCTTTTGATGCCTGTCACATTTGGCAGGTGTACAGTTCTTAGCCCTCGGTCCATCACCTAAAACGTTGTGTGATCCGCTGACAAGCGAATGAGTGCCCTTCGCAAACGTGGCACTGCAGTTCAGCTTCGGGTTATTTTTGCTACTCAGCGTTAGGATATTGCTAGTCACTAGAGTTTTTGTAGCCGGACCACGCATCGATTTACCCAAACAAGAAACAACTGCGTTGCCTTGTGTGCCCTCAATCATCGCTCATCGGACCATATGAGAGCAGCCTGGAAGTTGTCAGCAGTCAATCGAGCGCCTAACCTTGAACGAGTCCTACAAAGTGTGCTGGATTGCAAAGCGTGTCAGTGTCTGCCTGAGGAACCTCGGTTATGCGAACTAAAGTACTAGTCACCCAAAATTGACGAACTAGATACCCAACTCACTTCGTCATGCAACAGAACGTGGGGCTTCTCTTGCAGTGGAAGCGCGACAAAGCGAGGATTTCCGTATA,1631,50.34,Escherichia coli
SEQ_725966,TCTGTTTCCGCAGTCTACAACCGTTAACCTCTACTCGTGGCATACAGTGGTTTAACAAACACAAAGCACTGATGACTAAGCGGTTCAAGAGATATTGAGCCAGAACTAGTCGAGAAGGATAAATATGCTACGCATAGAATTTTCTAATGATCAAATGTGTCAGTGGCATGTTCCAACGCGTAGCAAATCAACCCCGTTTCAGTGAACCTAAAAAGTCAAGGCTTATGTCTGCTTCGCACCAGACCAGGTGGTGTCCAACTGCAGTTGCAGGTACCGAGGCAGAGTGCAGTGCCGTTGGTTTACTTTAAAGCTTAAGACGCCACATTCATATCGAATGACACTCGCATCATATAGAGGTATGGACCCAAACACTGCATACTAGGGGTCACGGGGTCAGGCGCCACGCCAGGTCAGCGGCTTATTTGGCGAGGATTCGGCCTAGCAACTTACGCGACCTGTTGGAGAGCGAGGTGTACGCGGCAATGCTTAGCAGACTACGCCTACGGGGCCCCTCACGGTGTTAACGATGTCGCAGAAATATAGCTGGGACATATTCCCTCGTAAGCGCGTTTATTACATTAAATATCCCTCCTCTCAACCAGGAGCTCGGGTGACGAACAGTAGTGCTATTCTATCAAAAAACACAATACCAAGTTGCGTCCTGCGGCGAGCACGTTGCCCCCTTGCCCGGGACCCACAGCAGTCCGTGGCCACCACAAGAATGCCGGGGCATAGCCTTACCTGTCTCGTTTTCCGCCAATTTGAGCGTTCGGCGGTGTCTGAAATTAATGGATAACGACCTGCATTGAAGGACTGTATTGCATTCTGTTTTCCACCTCGGACATGGGTGCATTAGCTAGTTTGGAGTATACGCGGTCTAAGATATCGAAAGGTCCCCTCGGCCAGACCTGCCGAACGTCTTGTATCCAGGCTGGGTCACCTCCTCCCTCGTTTCATCTAGAGTGGCACTCTCGCTAACGGACCCATCTGGATAGATGCCATGGGCCTAACACTGGCCAGTCTGAGGGCGCAGAGCCCACGCTTTGCGTATATGGGAGTGCGAATATTGTAAGGTTCAAACTCCCAGGTCACGCAGACACGGAGCGTACACGGGCCCGGCCGCGTATCTAATGGCTGCTGCAACCCGTTTATCAACCATCGGACGAGGAGGATGTAGAATACAGAACCACGGGCGTTCATTTATTTTCGGGTGTTGGCTCGTTACCGTTAC,1231,51.34,Homo sapiens
SEQ_185333,TTATTCATGCTGCATAGACGGGCGGTCACGTCACTCATGTATGACTTGCAGACAGCCGAGTTTTAAGCTCATCCCTCTTGTAGGGCCCCATCGTCTAGTGTTACGAGTGGAGTCAGAGTACAGCAATAGCGAGCAAATAGGCCCCGAGGATTGCAAGGTTCTATTTTTATACCCTAGTATCTTCATTCTCGGTTGCTATATTCGACAGAGGCCTAGCTTTCGTCGGCAAAGTGATCAGCGCCTCTTAGTCGAAGATGATTATCGATTCGGAATAGTTGTAGATGGGAAAATTGGACCAACTGCCCCTGAAGCAAAAGTCTAACTGGGGCTCTTATTTCTAGTACTGTATTCTAGCTGATCACTCAGGCTTTCCCTCCCGTCGGCGATTCGACAGCAGACAGACGTGACTTCCATATTATTGAACAAGTGCTAAGCGTTAGGTTGTAGACCGTCTTTGTGTAAAAGCACTATCGAGGAGACATTGGATGTTGGTAAAACTCCGATATGTACTGGCCCATGATATGACCTATAGGGTATCGCCCAGAATAACTAGCTGACTCGGTGAGATTAAGCTCCCACGGCGGCATGAATCTCAAGTAATCGCCTACACTCTCAAGCCTCAGAGTATGTCATCTCGTCTATCATGAGTTTAAGAGAAGGGGTTC,665,46.47,Saccharomyces cerevisiae
SEQ_411191,GGCCTCGACAGGCGGGAGATGCCGGGAGGAATTGGAAGAGCATTGCTGAGTATTGTAACATATTTTTCCGCCAAAGGACTGGCTACGGCCCACAGCAAGACCTCGCCATAAGCACGGTGGATGGTGATCGACTGGAGAAGCCAACAAGTAAGCTTAGGAGGACTATCGTAAACAGCACGTCATGTGAGCGAACCTCCAAAACCCTGCCGCACCATTAAGAGCAGTATAAAATCCAAACCCACTCAGGTCCCCGTCCTTGTCCGCTAAAGTGACTTAACCTTCATCACTTCATCGAGTTGTAAGTACGAGATACATTTTCGATTGGTGTTGTGGTCCAAGTCAGCCTCATGGCTGGGGCGCATGACAGAGACTCCAAGTGCGGGATAACATAGATATCGAAATTCAAATGACCGACTCGTTATAGGTGTGATAATTCCCGCGCGTGCCTGTCCTCCCCTTTGCTGCCTCCAAGTCTATACGATTAATGGTTCATATAAAGACGGTGCGCTGGGGGCAGGAGACACGTGATGCCCTGGACCTGTGGACGGACGCAAAAATCGACCGTTACGGACAGTAGTTGCGTTGGCTGCACAGATCGAAAAACTTCTCCGAATATTCGGCGTGGTAACCCCGGCCCACAAATATATCCTGTTGTTGACTCAAGAGTTCTTTATTTACTCAATGGTGACCTAATTCTAAGAAAAGCGGGCTGAGACCCAGAAACTCACGCTGTATGTCACAAAGGTCGTCAGCCGGTGGTGCGGACACGGCGAACCTGTGGAGGTAGGCAGCCGGTTATGCGATTACAGTGGGCGTCCGTTGAAACTAGCACCTAGCTCTAGGGTCTTCCAAATCCGCCCTTATTAAGCAAGGATATAATGGTGGCTAACGCTCTCCTCTGGGATGGTCTCCATTTAAACAAACCTTCGACATCACATGTATGTCCGAAACGATTACGTCATTCAGGAAACTGGCTGGGCTAATACCACTACAGGGCGCGCGGAAATGCGTCAAAGTTTCGCTATGTGCGTGCTCACCATTTGCACCCGCTCCTCCCGCTTGGTGCATCGTTCATCTACGTCACAAGCTCCAGAGATCGATTTAAATGATATTAAAAGTACCAAATCTCTACGATTGGCCACCGGTGTGAAGAAGTCTACCTCTGGTGAGGAGGAGCTGCGCAAATAATGAAGCGGGGTTGAGATGGTACCCGAGAACCCCACGCTTTTGCGGGTCTCTATTACTTGGCTTCCAACAACCTGTTAATGGGAGATCCCGAAAGACCCCACTTTCCTCATAACGAGACCGTAGTGCGCCTCTATTTCCCGGGGAGCTTAAGCGTTAACTGCACTTGATGGTCACTGTGATTTAACCTTACGAGCTGGGGGTTTTTTGCTGTTCGCTTCATAATCGGACGCGCTGGGCGCTGATGGTGTATACTTCGGACCTCTGGCTTAGGTCGCCTAGCATGTTTAGCTTAACACTACCTCCCCGGGTA,1498,50.4,Caenorhabditis elegans
SEQ_954478,TGAAGAAGACCGGACCACACAGGTATAGTGCCCAAGCCAGGAGTGAGGTAATTTTAAGCATTTGCACATGTGCGCCGTAGTAAACCAACGCTTGTTTGGTAGCGAAGAGTATATGTGAATGTATCCGAAAAGAGTAGGCGAAGCGTTGTCCTATGGTCATTACTCTTTGCCATGGTCCAATAGTTCCGACTCGGCCCAAGGACCCTCTTACACCGACAGAAAACGATTGTGAACAAGGAGTGGTTCGAAGAATGGTAGGGCCCAACCCACAACCGTAAGGTCGTCCCACTCGCCTGTTCCACTGAATCCTGGGGAAGACCCTACTGTGCCACTCGTTGCAGCCATTCTAAATGCAAATG,359,49.58,Saccharomyces cerevisiae
SEQ_882564,GTCCGATAGTACAATGGCGGTATCTCAGCCTGCCTAGAAACGAACGCAAATCCCTCCAGATCTTAATGATCCTAAGGCGGGCCGCAGGAGGAATACAACAATAGGGAGTAGTGACGTGGGCAGCAATCATCTATGAGGTCCTAGCTACGTCGTAGGAACTGATATACGCCTAGGTTGCGATTGACGCCTGATCAGTATCTCTCATTGACCACCCTGGACTCACCAGGGCACATCATCGCATCTCAGTAGGAATACGCAATGCCAACGAAGTGATACCAATCAGCCGCCTGATAGCTAGATGGTTGTACATGTGCCCAGAGTCGACGAGACGCCCGGAAAATGAGGAGGGAGGGCCCTCCATGCTTTCATTGGAAGTCGTTTCAGATACTCTGGTTACTAGTACGGGCAGCCTCCGATTCTTGAAGCATGGAGGCGAAGCACAAAAGAACATCGAAAACAGTGCAGGTGGAAGTTCGACACTGGTGTGGACGATATGTATCGAACTCCTCTTCCACGCGTACAGGTGGAGGGACAGACAGTCCCTGCCTCTGATGCTGCAGGGAACTACGAGTTCTAGGGCAATTTTCGAAAGCATCCCTTCGTAGCATGATTGAGGCGATCGTCCAACGGATTACTCTTGTTGTTCCACAACAACCCTTCTCAACGGATGAGTGACTACGAAGAAGCTCAGTCATTACCCTTTACGTTGCAGCTTTTCCTCTACGTTAGCGAGTCTTGGTTCCCACGTGAACGATAGTCACCCTTCGTTTTCTTATAGCTCGAGCGGTGAACGTCACTTGTTATAACCCATCAAGAATGTGCGCTCCTCAACATGGTACACCCCGCAACTAATCCTATAAAAATCTTGCAAGGAGGGACTTAAAAGCAGAAATCCGTAGCTATTTTGGGGGCTAACCACCTTGAAATGGTGGATCGATGTGTTTCATCCGAAAATGAGAGCTCCATTATGGGCAGTGTGATCCCTTTTAAGTTTTTCCCTTTTAGGCCGAACAGCACCCCAGATCAATCTTCCAATTTGTCACTAGATGGACCATAGATGAGTATGATGTTCGAGGCGGTCAAACAGCGCTGCACAAGTCTAGCTCGAGCATGGAGGTCGTGTGGATGTTAGGGGTTTTACTATACAGGGGGATAACCTGGCTTTTCACATCAACCTCATCTGCGAACTATACTTGCAAGCCCGGGAACCTTATAGAGAGTGAGTCACCAGTCGTACACCGGTTGAGATCACAACTCCCATTTAAGTTACAGACTAACTGATAGTACAGACTCATCGGTGTGGATAGTCAAGTCTCTAATTGATTTACACGGGGGTTGTAGCGGGCATCCGC,1352,48.67,Saccharomyces cerevisiae
SEQ_333531,CACTGCCAACAGCTTACAAGGCACATCTGGACGTATCCCGGCCTTTCAAGTGGTTGCCTTAGCTTTTCAGCCTTGAGTACGAAGTTACAATCTCACGCCGAAGAATAGGCTAATGGGGAAGGCACGCGGGGAGGATCCCGCGCCAGAGAAGCCGTACATGGAGTCTGTTCCGTAGTCCCAGCCCGACAGAAGGGAGCGCGTGTCAGCAGAGATTGCATTGGTATCTAGATTCGATAAGCTCGACTGGGGTAGGACGACAAATCTGGAAGCGCCACATTGGCGTGCGGTTGCCCCCCGCCCGCCACACCAGCTCGGGCAACTTTGGGGTACGCGTAGGTTTAGGATCACTGCCCCACAACTTCCGCGGGCATTACCGAGCACGCAATTATATTTCATTCCTGAAGCATTCCTCTATGTGTCTTGATTTATACACAAAGGGCG,441,54.42,Drosophila melanogaster
SEQ_169680,CACTGGGTCCCTATGCAAGTAGCCACATAAAAGGCGAGTATACTATTCGGAGGAGCGAGTAACGGTCCCCACCGATCGGTGTCGTGTCACGCCCACTCCGGTGATATTGCATTCGGTCCGAATAATCTCTGCTATCGAAAAGGCGCCTCACCCAGGGAACACGCACTAGAGATTAGACCTATGCGAACGCGATTGGCATTTTTGGAGGATAGGTATGAAAGCGATGTCGGACGTGCGTCCTCCGGGTTCTTTTCTGTTGTGATGGTCTTTCAGAAAAGCGACCCCAGTTCGAGTGTATGTTTAAGCTTTAAGGAGCTACGGTTCCCAAACGATAAAGCTGATATATCCCTAGCCGTCCGTTCTCCAAGATATGGGTGTTCGGCCCACGGAAAACGCTTTGTTGTGTACTTGCCTCTGCAGCGTGCTCCGACGTTTGGTCAAACGTTTTGTGAGATACCGGCTGGCCTTATACACTGGAGCCCCTGTGCCATTGGCGCAGGGTTCCGATTTCCGATTGCACCGGCTTGCGGAAATCTAAATAGGCTGTTCTGCTGAAACACGACCAGGATTCAAACAAGTAGAAACCCCCCTTAGCTGAGGAATGCGGCCCCTTTCCGATAGTTTCTCCGCCTAGTGCGAATGTTTCCGCCTGCGATGCTGCGCTCTGGCCTGGATGACTAAGGGACGAATTTATGCGCTGAGAGCAAAAGATCGGGCCCTAAGAGAATTGCGACTTAAGGCTCACCGCCAGCCAGGTCTGGTGCGTGCAGCAACTACATTGCCGAAGTGCGACCAAAAGCGGCGCGGCCACCGCAGAGCGAGCGTAGATCGAGACGCGATTAACCGGCGAATCAGCAGTTAGTCTAGCATGTGTGCATGAAGGGCGTAGGATATTTGTATGTCCTCGTCGATAGAGCAAATGTCGGCTCTAGATTGTATTCGGGGACCCCTAAAGGATAACGCTTTGTAGTGGTTACGATCAACATGTCGCCGTGCGATATGAGAGGACGCGGCGATAGGAAGAGCTGCTTGTCTTATTTGGTCATTAACCTTGGAATCATCTGCTAAGGTACTCACGTCTAATCTTATGGTCTCCTTTGACTGTATCCTCTCTTCCGGACCCGGGGGGAGGGCTCAATACGATGCCCCCTGAGGCATACGAATCGTTATTCGTTACAGTCGGGAAAAGGCTTTAGGGAACAAGTGGCGCGGACGCAACCGTCGCTGTATTGCGTCCACTTAACCGTTTGATCCTAGAGAGACCTGCAGCTATTCTACTGAAGCCGAGTTCCGCTGCTCACGACATACAATCCGTGGAAATGCCTTAGCTTCCACGCCGGAACCTTTAGTCGGTTTAGTGGACTGCCCAACGGACGAGAATCGCTAGAGGACATCATCGTAAAAAACATCGAATGGGCCGGCGCGCGTAACGAACCCGTGCCCCTAATGCCTACGGAGATCGGTGTACTCAATTTTCGAGTTGCTGTGCGGTCCGGCCAAATGCGGTTGTTAGAACACGTAACGATTTAGTCGCTCTTATCGCGAAGCCTACTTCAAGAGGGGGTATAGCGGCTCCAGACCTCACTGCCTGTTTCTTCTTGTTTTCGTATAATTCTCATCATCCTTGTGATGATTTTGTATTAATGCCACCCAAACAGCCTTACTTACCACGCTCTAACTTGAAATCTTTCTGTCTATTAGTCGTTCTTTTGGGGCCGGAGGTGTACACTGGTAACGGTGTAATGCCCCCAATTCGTTAATATTAACACGTTCCCGTCGCACGCCCAGTTGTCTATGATGCCTGTGCATGTAAATCGAAGCTACTTGAGGGGCGGCGTTCAGCAGTAATTGTCTAGCGATTTATCAATCGTCTCCATGATAGCAGCCCACAGCGGGAAGCCAGCACTCGACTTTTTGCGCGACACGATTGTGGTTCGACCCATAGAGAGTTAATGCATTCGGGGGGAT,1968,51.12,Escherichia coli
SEQ_514031,TTATCAACCGGATCTACTCCCTATGATGTCTCGCATTAACTTCTTGTAACGACGGTTCCCAGGCTGAGGGGTGGCCTCTTCGCTAGGTCGAGGAAAGCAAATAGGCTGTCACCATTTCAAGGAACCTCGTATAACGCCGCCGGCCGCACCGTCCGTAGCAAAGAGGGGCGCCCCGGGCTATGGGGATCCAAAGGCGAGCCCTGATCTTCCCTAAGAGTTTAGTTTGGCGCGGGAGTCCACATAAGATTCGGGTCATTACGTGGG,264,55.3,Homo sapiens
SEQ_640955,AGGCATTTCAGCCTTATTCGATGACGCCTATCCACAGATCCCTCCGAGCTTTAGTGATCCGATTGGCACTTAAGGACGATGTACGGTTATCACGGGCGCCCGGTCCATTAGTTTCTTCAAGTCTGCCTTGGTAATCTGAACAATCACCGCGTTCAACATCATCGCCGTACCCGCTCGTATTCTTAATAAGCTATTCCGTTCCGGAGAACCAAGCCAAGGGACGACACTACTAGTGAGGCGACGCGAAGTATGGGCCGGCCGTTTGAAGTCGGTTACGTAACGGATCTGCGGATAGGCGATTTGTTAGCCGACCTTACCGTTTTGGTGCCATACACACAACTAGGAAAGACCCTAAAGGGATTGGACACAAGGCTTAAAACTCCCCGATCCTCGTGTTCCAACTATGGGTGGGGCAGGGGAGTATCGAAGCCGACGCACATCACCGCCCAAGCTGCGATGCTACTTTTTAGCGCGTCGATTGAGCGGCATCGGAACCGAACGGATGCCTTGTCTCCCGAGTCGTAGGGACCATGGACGATTTCTTTAATTATGTCAATACGGAGCCAATGCACAGTCTCTCTTTGTATAACCAGCTGGTGGAAGTATCTCCCACTTTGTGCTCTGTTAACTCCTTTTTCTCGACTGGTGGATCCGACCTATCTAGAGTTAGTCGTCGGATTCTACCCTTAAGGTTCTCACGCTAGGGCGTGCTGACCCATTCAACTCGGCGGTGTGGCAGAAAATACAGCCCATGGGACCGTTGTGAGGCTAATCTGATCCTCCCGAGAAGCACACTGGAATGTTTCTACCGAGAGACCATCAGAGGGATTTCGGAGTGTTTTGGACTTACAACCGAATCTACCGTTCAGCGCGAGCTGACGGGGTGCTACTTGGTTTGGCTGCTACATCTAAGGCAACTCCATTCCCTAGCATTAATATGTTAAACATTGAATTTCTGACGAGGACCAGTCGTCACTTTTAGTCGGATAGGTGACCAACGATATGAGTACTAGATAACGAGTACAATGTTGACAGGAATGAAGAATAGACGGTTAGCGCTATGGATGCGCGAAATTAATTAATGTGAGCAGACCGACTAGACAGTAAAATGCATAATGGGAAGCTTATGTGTTGCCTTGTTGCTGCAGCTTTTACGGGTATCAGAGACAACCAGACAGACTTGCGAATTTTAGGCGAACTGGGGCATGAGTGTGCACTTCTTTAGTCAAAACGCATCGGGAGCAAACTGAACTTCGCGAATAACTATCCTATTCGATACGACAGAACGCTCTTAGGATCTCGCCTCCTGCACGTAGGGAATCTATGACATTGACCTTTGACCGACCTATCGTTTACATCTAACGCGAGAGGTGAGTCCGATAAGAGGCGAGCTACGGTAGGCATTGAGTTGAGATCAGACTCCCCTGACAGGCATTTCCATGCCGCATACAGAAAGAGCTACCCAAACATAATTGGAACGGCGAGGGCATATTACAGTGAAATCGTCGCTCGACTGTGCGCTGGTACGGGTGAAGGCTTATGACGTTCGCATCTATTTGCGAATTACTGTTTTGATTGTCCTGAACCGTCGATTATGAGTTGAGTGAATTCCCTTTCCCGTCCAGAACACCGTAGCGGCTAATCGCCT,1648,49.03,Saccharomyces cerevisiae
SEQ_541056,GTCGGCGACTGGTTAAACGCTTGTGTTAAATAGACCGAGCTAAATGAAAATATCTAGCATATATTCGATGCCCTCAATAGACCTCACTATGGGCGCCAAA,100,43.0,Homo sapiens
SEQ_558300,CACGAGGGACATGTTAATCGTAGTGAAGAATCCCGGCAGCGAAATATTACCCGAAGGGCGCGTGGCGACTGAAACTTTGGCGCAAATCATGACGGTGAGCTTCGACTTCACATTCTAAGACGCACCTTGGCCCCGTTGCTATTTTTACTGCGTGCATGAAGGCTACTCCAAAAACGTGAAATGTCTCAAGCATGCTGCATCCACATGATGTGAAGACCCTATTCCACCTTCACTACTTCGTGTCTGACCCGTTCGGAGTTATGCTCCACGCTGCTGGTAGAAAACTCCGCCTACCAACGAAACCCATTCGCTCCTAACACCGACAATGTGCCATCGGGAGCCTAGGACTCACGGTGGATAACAGAACTGGATACAGGTAATAGTCTTACTTCCCGGAGGTGTTTAGGCGTAAGTGACTTGGTGCAAGTCCATGATTTAAAGAAAAAAGTTGTTATGTCGAAGTAGCAAGTTGATGGTCGTGCTAGTTTAGCGACTTCGATGCCGCTCGCATTAGTGCCCAAAAGGTAGTCACGCGTGGACCGATAATACTAACCCGTAGCCAAGTACAGTGTACGAAGCAGCCGCCTTTTAGAATTAGTGTCACGGGCATTGTGGAGAATTAAGCTGACCAGATCCGGTCTCCGCAGCCTACCCTGTCATTTAGCCCGGGTGTGTACCTGGTAAGCATATCATTATGTCTTGATGAGACGCTATCAACGCGCAGCGGAGAATGGGCGCCCCTTTGTACTTTTATTCACGCTTAATTTAAGTGCCCCGTCGCAGCTTGGCTGGACTGAAAGAACAGTTCTGCTGAATGTCCAGATCATCTTTGTGGAAACTTATCTGATGTTATACTTTCCCACCGATAGTCACTACGATTCAGCGTAAATTGCTTAACTGGAGAACAGAGCCCTGCGCGGATGCTCATTCTTGGGATTGAGGTTGCTACTGGGTGATTTTGTCGTGTGGACAGTCTTTAGCCCTCTCTATTCTCGTGAAGGGTAGAGGGTGCAACCGTGGCCCTTTGGACCCGATGCAGGGTTCAAAGCATCGTCGACAGG,1061,49.29,Caenorhabditis elegans
SEQ_331951,TGCATCTGAGTACAGTTAGTATGGCGGGGCACTCTGAAACTGAGTTACGCTGTATACACAACCGTGTTAATCCCGAAAGCGAGCATATAACTAATGCCGGTCGCGGGCAGAAGGTAATACGCAGCAGCGCGCTAATTGTGAAATTTTTGTTAAGAATATGTTCGAGGGCTGACTAGGCTACAATGCGAATATCCTGTAAAGGCCCATCACAGTACTGGTCAGTACTCTGAGGTGGGTCTACCAGCCACCTACATCGCAAGTTCGACATCTTATGACGCAATTGTGGACAAAAAATATCGTGTGTGAGGGCAAGAGTCCAATGCACTTAGGACCATCGAACGACTACAGCATGTGCTTATTAGTCGTCCGGTGAACTCGACCGGATACTTCTTCCCAAGAATTGTTCTTGTCTCATGATAACGGTTCGAACGCCCCTATGACACACTGTCCGTCCCCTACTACCACATCAGAGGCTACAGTACGTACAGGTGGCATTATGGCTACCCTTCTATCTAGAGTGGTTCTACAGCACTAACTGAGCCACAGTCGGGTCTGAGGAGGATAACATATGATCGACCTCACGACTGGCCTATGACTACGTGGGATGACAGTTTCGCGCGAGTTTTCCAGCCCAATTGCTCGTGTACCCTTTCCTCCCAGTGCGGGCAACTTGCATGGCTCGGTCCTGCTGGAACCCTAGCGACACGGTCTCCTGAGTCCTGACAACCAAGAATAGGTTCCAGAACCTCACATGTTCTGCCCCCTCGGGCACGGCTAAATATGACACGCCAGATAGAGACATCGCTGGTCTTTCCGCGATTAACTTTATACTCTCATACTTTTGTATGTAGAGTTCCTAAACCTGGCTTGAACGGAGGACTGCGGATATGCTAACGAACTGAGGTAATAAAAATCGATCG,920,49.02,Escherichia coli
SEQ_758461,TAGTAATACAAGTCTAGGGCCTGCATCTCGACTGTAAGACTTTTCTAACGGTCCCCGGGGTCTCTAGCGCGGGGATCTCTAAAGCGCGTTGTGTCATCGTTTCATAGCGCCTCCGCTTATCCCTCAGCGAACCGCTTTGAGATGCCCCTAGGATATAAGGATTAGAATCTTTGCCAGATCTGCGACCAGGCTACCACACCGTACCCATGGGCTCATCAACATGCCCATTGGCCATCAGAAGGTAGTGGACACAGCCATCGTCAAAACCTCGCGTCTTGTTTTTTCTGCTCGAATGGCCTTGCACTATCAACTGAGGCTTACCGCGTTCGAATAAGCCGCGCTACCCGAGCACTGGGCTCCCTCCAAGTATCAGTTAGATGGCTCATGGTCCCTTGGACTTAAATGCTGATCACTCCGATCGAGTTGTTCCTCTCTAATCTTTGGCCATAGTTTGAGCAGGGTTTTCCCAAGCTCGTGGCAACAATTCGGGCAGGGCGGTAATCACGCCGCTGTACTGGAAGGGATCTGAACAACCCAGGAGGCTCCGATGAGTTGTCCAGGCCTTCATGGTGCTAATGACCATGGCGCGCTACTAGACGGTTTCGACCAAGCGAGGGGGCCGGCGGGCACCGCCCTGCAGTATGTTATAGACCTAAGTTATCCGTAATCGCGGGTACCGGACTCCGGCGGGAATCTTGGAATGTTATCTCATAGGTGCATAGACATGTCGGGTCAGTCATATTACCGAGTTTCATCCCGCATATACAGTTCGACATTTATTGGCAGGACGTGTCTGTCACATTAACCGATGTATTAACTATTACTCCTCCGACCACGTGTTAGAGCGGTAGTCTGTGTCTACCCGCTAGGAAACCGCGACCTGATGATGTTGAAGTGGAGTTGCGCGAAGATCGCGAAGCGCCGCAAAATCAGTCGCTCGAGTAACCATACGTTTTCGACCCGTATGGGCGAACCTTCGCATGATATGGCAGGCAATTGGACCTGTATATGTTACCAAGCCACGTCGTAGGCGTCCGACACGTCGATCCCTCGGTGTAGACGTTGCATCGTGACGACACAATCGCCCCCTCCTGAGTTCTTGGGACGTCTCTTAATCTAACCTCCATCACCAAGCCGAGCCGGTACTACGTTGTCTAAGGGCATTCTATCTGCCTAGTACAAACGCGAGTCGACTGTACGATAACCGGTACCACGCTCCACAAACCTATTGAGCGCGGCGGGCAGGATGGGCAAGGGAGTATCAACAACAGATCTAATTTCTTGAGGGTTTCTCCCGCGGGTTATTGCAATGGTAAGTCAAAAGCCCGGGCCGGTGTCAATGATATCTTAGGTTCGGTAATAGCTACTTTTGAGCAGTCGTCCCGATCAGTGGCTCCAAGACATATGTTTTACCTTGGGAGCAAGATAGACG,1432,52.03,Drosophila melanogaster
SEQ_306266,AAGATTGCTAAAGCGCCATGAGAAAAACAGTTTAGCCGCAGGGCTCGCCCCCCCACGGGGAAAAATCTGCGGGAATTTATAGGACGTTCAGGGCAAGCCCCGCCTTCAAGGCACGGCTAATGGGATCTGCGTATGAAACTGGTAACATCGTGTTTACAAGGTCCTACAGATGCTCTTGCATGTCGCAAGGTCGTCACACCTCGAAGGCCGAACTTCGGCTTGCGCAGAGAGATCATTGGGACCGCGGAGCAGGCTACTGGAGGAGTCGTGACCGACAGAATTAATTACTGCTCTTTTTGCTGCACCTTATTGGGCGCCGCGCGAAAAGGCTCTTGTCCCACATTTGACGTCCGATTATCATGTTAATGTTCACATATGGTCGGGCCACTCGTCTGCGTGGAGACACCACGAGACTGAGGTCTATAGCTTCACCGCATGCTAAGAGATCTCGCTTTATGTTGTCTAATGTCGCAATACCCATGACGACGCAAGGTGGCCCTCTTATATGCTCATTGTGAAGTACACTCCACGTGCCATGTTGGTACCGAAACTCAGGGCCGAACTCTGATATTCCTTATAGGGGCATGTTCGCGAAGAAAATTCTTGTGTTTACCACCCAATGGTAGATGGCTGGACTGCGACAGCGGCGCTGCAGTATGTTCATCGTAAGCATGCTAGCAGTGTTTGAAGGAGATTGCGGGCACTACTCACCCAGTGGCACAATCGCTTCTGCACAACGCAGCCTTGAATTCTGTTTTCGTGCGATCTCATGAACCCGTCTGACGGGTGCACTAGTCACACCCTACTGAACGACGGCCTTCATTTGCCTAGGTTTTCCTATCGGGGTGGACACACACCTTATGAGCTTCCTGATCACTCGTGCTATCGGCTAGAATATGTTTGGACAGAGTTATTTTGCGAGCCTATGTTCCTCGAACTGTGTGGATTCCCCCAAATGGGATAGGTACGGATGCGTTTGCCCATCTGCGGGCTGGGGTATGGTCCGCGCGTTCTAAGAGAGCTCAGTATATCTAACCATACCTTTAGTCCTTCCATACTGCTTCCGATAGCCCGCGACTTCCAAGACACTGCCCAGACAGTGGGATTTTCTTCCAATAAAGGGGCACTGTTGTATACTAGCTGAAGGAGGACTAGATCACTTTTCAGTTCGGCTAGCTAAGAAAAAGGAACTTGGACGGCCTTGGATAGGGATAAGATCAAATAGTATCTACGCGACAACCGTCGTCCTGTAAATATACACTCGCTAACTTTGGCTTTGCGCCCGTTGGACGATCCTCCCGCGACGCATACTACCAATCCACACGAGGTCAGAGTGCTGGTCATTAGCTAAGCTCTTTTTGCGCTGCCTGGCACTGGACGGCCCATGCCGCGATGGGCCGGGTAGGTAATCCGCTAGCTCTGGAATACCATGCATGTTTACCTCGATCTCCGGTAAACTGATCCGTGCTGGCCTCGATCGTGACAATCTGCGATCAAAACCCCGCACCTTGATAATCAATAACTGACAAAGCCGGGTCGCAGGTGTTCCTAAGCTTCAGTATCAGACTGCTCATTACCCGGATCCCTAACTTTGAAGACACTATGGGATCTCACTGGCAAGTCGGTTATAGTCTAGGACGATGACGGGTGAAGCACAGAAGCCATTCCAGGGTCTTTTAAGAACGGGAGTATATATAGACTCAACCTCGCGTTGAGGC,1718,50.87,Saccharomyces cerevisiae
SEQ_434274,TAAGATGTGCAGAGGTACGGAACGCGCCGGCGCCTAACCTATTTTACGTCACATCGAAGTAAATCGAACACACCCAAATGGCGTTATAGTTCACGTGTGATTCATCTAAATGATGCCATTCTACGCGCCCGGTTCTCACGAGGCATGTTTCTCTTTGGCGCACGAATACGTTTTTCACAAAAAAACCCGTACATCAATTGGAAGTTTCGAGGCGCTTGCGAAATTTATTAGTTTGGACCCACTTTAGGAGGGTGATGTTAAGGAGAATGGCAACTCAGCGTACCGTTGAAATAATCAGAAATGAGGTAGATCTGTTCTTAAAGCACGGCTCTTGAGGCAGGTTATGTCTTTCCAGTCCTGTCATGGCTATCGCCAAAGCGTGATCCTCCTACGGATCCCCATTGGCAGGTGGCGATGCGCATCGCAGCCAACACAGAAAAGTTGGGCGATCCCCTTGACTGTTGTAGGATTGATTTGAATGGAGTGCGATGTGTTCATAATCAGATATGGTCAGAGCGGCGTGAAATGATAATTAACACCTCACTGC,547,46.8,Homo sapiens
SEQ_432693,GAGCCTGTCCGTCCTAAGGCATCGCCTGGGGCCCGAAAATTAACGTATCATGCAGTCTATGACCCGTGCTGCCCAATCCTCAAAACCAATAACGTCGGCAGATTATCTAGATATTGCCGGAGCAATGCTTTGTGTACTAATTCAAGCCGCCCGGGATGATGTTTCCCGGTCGATCAGTTAAAGCGACAAGTTAGAACTTGGAGTAAATCGAGACCCTGATGATAGCAATATCATGCGCTCGAATATGACTCCACATCCTTGCTGGCTGCATGGGAGCTATTTACCACAATGCCGTCGAACTACACAAGAGTCACATAAGCCTGCGATGCCTTGCCTCCGTTGTGCATGACAATGCGGATGCAGGAACGCTTCAACTTGGGTAACCGGACGTGCATCTAGCGTAAAGGGATTCCTGAATCGAGTTCCTTGATCACAGCTGCACCCAATAAGTATTGATAGGTCTTTTGTAGGACACCCCTAGGCACAGCAGCCTCCTGTAAAATCAGTTACGAGGCTACCAGTTAGGGACAAAGCATAGGAACACCTTGATTTAGTTCTCCGCAGAGAGAGCTATTAGTATTAAAAAATATGATTTACGCGACCGGTTTTCGAATGAGCCGCACATGACTCTTAGCTGTCTGATCGTGAGCAACTGCGCTGCTTGCGGATGAGATCTTCCCCAATTCCACGTAGGATACCAGGCTGTACGCCGTCAACTAATTATGTACGGCCTCGGCGGGTCCACTGGGGTGGTTCCCAACAGAGTGCAACTCATGAATATCCTAAATTCCTGAGCTTAGTCGTATTATACAGTGGACTGTGGCTTATTGTTTTTGGCT,839,48.27,Caenorhabditis elegans
SEQ_908356,TCCTGAATGCATACCGACCGAAAATCTCCGCCGGAAGGACGTCATACCGGTCGGAACTAATACTGCACGTACTCATTGACGACTTTAGCACCTTAAATAGTCACGAGGTATGTTTATCAGTCCTCC,126,47.62,Homo sapiens
SEQ_299262,GTATGTTTGCCTTTCCTAATGCGCGCTGTGGATAAGTCAGAGCACAGTACTTTGTCCGTGAGTTGTACTGGAGGCTATCACAGCCGTCACCGCCTGAATCTCGCCACATTTTAAGCACACGCAAAAGACCATTTTCTAGAACAACTGCTGACCAGACTAGTGAAGAGATGAATTTTGTAATAAAGATTACCTGCGCCCGTGGGACGACACCCTACTGCCTTGAACTCCAAGTAAACAGCTACAATTAGGTGTACAACGCGAAAGCCTACCGCGGACTATGCGGATCTCACTGATGAACATAGCACCAGGCCAAGGAAATCGAGGGCCAAGCCACAAGACACGCCCGTGAAAGCCCGATGAGACCGCAGAGGCGATATGCGGTTTAGGATACTTACTACTACAGAGTGACAACG,413,49.39,Homo sapiens
SEQ_499389,TTACACCACAAAGCATCAATGATTCTAAGGAAGTCTACGGTATGTTCACGTCCGACGTTACCCCTGCTATTGGCAGATAGACAAG,85,44.71,Escherichia coli
SEQ_399937,AGAGGTCGCCCAGTAAAACAGCTGCCCAATAGCGTTTGGTTACGAAGTCGCACATGTTTACTAAGAAGCAACACAGTGCGGCGCGTGTCGATTATGCAATTCCGCGTAAATTAACGCGGCACTAGCTAGAATGGAACTTGTGAATAGAGATGCACAAATGGGACCCGTCGGTTCTAACAGTGTGTTAAAGTGACGGAAATAACCATTATGGGATCGTTGGAGGTGACGTCGATGTAGATAACTGGGCTCCGCAGAATCGACGCAACGCGAACCGAACACACGGGGGCCCAGCTGACACTTCTATCGTAAGCCCTGGCTATGCCAGCTCGGGTTACAGAAGCGTATGGCCCAGTCTGTGGGCAATCCGGGCCAGTGTCGTGGAGGTCGAACTCACAATTCTCGCAAGGTACTCTTACTCTCGTGTATCTGAAAGTTAAATAGATCCGGCCGTGGATAATCGGTCGATTTCACCGTATATGGGATTGCTATGGCGGCCCACCCTGTCGTATAGTAACTCACAAGTAAGGGTCTCCCTGTAATCGCCAAAATTTTAGCGGACACTATTACGCGCCAAGGATATGTCTTTAACCGATGTAAACCGCGAGCATGAGGAAAGAGTGTTCAGGGCGTGCTGTCGTCGAATACCTGGCGGTACTATATGCATTGCCGGTATCCGACAGAACACTGTCATTATACTCATGAGTGGTACACATTATTTTTGG,722,49.45,Arabidopsis thaliana
SEQ_917120,TGGTTCACCCCCTAGAAGATCACACATTGCCCACCTACCTCCTAACATCCGTTTCTCGATCACGACGTAGAGGCAACAAAGCCACAGGCTTTCTTGAGGCGTAACATTCGCCCATCGCGGGTTTGACAGCGTCCTGTCACGGCGTTGCTTACCTCAGTGCAGGTTTGGATGTGGGGCCTACCTTAGCGATAATAAGCCAGCCTTAGGCCCAGCGAATGATACTGGTACCCGGTGATCCCCATATGGCGGCTACCGAATTCAGTCTACATGCGACATGCTGCCCGATTGGAACATCACTGTAGATGCAGAACTTACTGAAATCGTCACCCTGCGGATCGCGATTCAATTGAACACAGCGAGGACACAGAAGCTAGCAACCCGTGGCGTCGAACTAAACTTCATCTTAAGACGATGAAACTACGCGTTAGTCAGCGGAACGCGTGATAATTGGGGGGCCGGAGGAGTTTAGGCATCGATTCGCCATTCCCTGCCCTTTTTTGTGTCCTTAGTAAGCACTAAGATTTGCCAAGACAATAGAATTTCGAAGCGTAAATGAATGCTATCCTTATTGCCCCGCTGGCATAGATAAGGCCTCTCGCACGTGCAAAATGCGCTGATAGATGCTCCGGGGTAAGGTGCGAACGGATTCGTAACCCCAATGAGGACAACATAGACTCCCCGGAGAGCTTCACAGGACACCGCGGACCGCCGAACTGTTGCGGACTATCTAAGCGCTTAACATGCTATTTAGTTACCGGAGAGAACGGTAAAGGACCAGTGGACGTGGATCGATTCCGTCCGGCAGTAGACGTATCGTCGTAGCACCACCGTTACCTATATTGTTCACCCGTTTGAACAATGGGATGGGGGTGCGCAGGCACTGTAAGCGCCAACCCGACCGAGGAGTCCCCTCTTTAGTCATCTAACTGATGAGAGCACCCACGCCGGACGTAACACGTACCCCCATACCCTTGGATAACTCCTTCGGCACTAACAATACCGGTGACTGAAACCCTAGTATAGGGCC,1027,52.19,Saccharomyces cerevisiae
SEQ_432404,CCCCCAATCTATGACAACGGCGCTTCTCGATGTTCTGACACGCGCATCGCACAGAGACCTCGCGTGCAGATATTAGTTTCGCTACTCTCCGGCCGGCTTTTATCTAAAGAATAGTCTAAGCACTCTGTATGTTTTTCGTCTCATTCCCGTTGGTAGATTGGTGAGCCAGTGTAGGGTGCCTGCGAGCAATCCTAACTGATCCAGCTACTACAGATCGTCTACGTTTTAATATTGACGGCCAAAAGGGGCCCTGATTCGGGAAAGCGTTGCCCGAAAGCCGCAATCACATGAGTGGCCCAACTTCGCGACACCGGAAGAGCGCCCGCAATCATTACACTCTCATACGAGGAGAGGCTTGCCATCCCTTTACAATCTGCTATGCCCACTCAATAACCTATAATCCGACAGAGTTGAAACCAAAGTCTTGTTGGATATATGGTCGGACGGCACTGAATCGCAGCTTCTCCATCCCGTGTTGGCCACGGTGATTCAGGTGATTTCAATAGTAGAGATATGTACATAACGAGACTTAATGCGGAACAGCGTGTCAAAGGCGTTTTAGGTGTTTCGCGGCGCAATTAGACGCCCCGCTCCCTCAAGGATCAATCAATGGGACGTGCAACGGACATCTATGGCGCGAAACGCGCACCACTCTGGGCTAGGAGACAGGTGTGAAGGCTACAACGTCGTGTCAGCGGCGTTGCAGCTGCGAAGTACGAGCTGTGGACAAAAATGACAGAACCTCTCTTTCGTTGTTCGCTCCGTCATAGTGCAGGGATGATCACCTGAAAACAGCCAAGGAGTCGAGGAGAATTTCGGGCGGAATTCAGGAATGGAGCAATATGGATAGGTTCATATGACGATGCGATACCCCTTACTAAACATACAATGCTCGGTGCGGACACCCACTTGACAACGGGCACGCCGCGTCGACAAACACCTTTCCACTGTGGGTGAATGAGGCACCTCGCT,972,51.23,Mus musculus
SEQ_572775,TAAAATCCAGAGGCAACGTGCGAGCGTTCTTACGTACCATGAGTACGAGATATTAGAGGTGGTCCCGCAAAGCTGTTTTGGAATTCCCAATACCCCTTCTACACGACTACTCATAAGGTCATTCTTACTCAGACGGGTAACCAACCCAGGGACTTCTTGATTCGACCTGGCCGTTTGATCCCTAAACGCTCTTGCACGGATAAGTAGGTTTACGACGTTGCATGTTGCCTGTATGCATCAGTGATGCGACCTACTTTGACATTAAACTGTGTCCCCTTGCGCTACTGTGGGGCAGCAGAAAACGCTGACACGGGCGAAGCACTGGTCCCATGAGTCAAAATTTGGGGGATTGAGGACGCCCCTTACGCGGCGTTGGGCTGGGTGAAGCCAGCATGACGAATAGTGGAACGGGAGTTTGGAGACGAGGCGCCGGGCCAGGCACGCTGCGAACCGGTACGAGCTCAACTTAGACCGGGTCGGGACGTACGACCCGTGTAGATCGTTGGATTCTATCAGAATGTCGTTCTATTCAGTGCACTGGGACTTTCAACCAGATCAGCAGTAGGCGTCGTTCAGCCATCTCGCACG,588,52.89,Drosophila melanogaster
SEQ_115961,CCTGATGCACCGAGCAGCTATGACCTGTGGCCAGCCGTCCCCCTCAGGTCCGTATCTTGAGTACGGAGAACCTCACGTGCTACCAAAGACAGAGGGCCGGTCTATGTGATCTATTTCGTTGTCATAACCTTACACTATTGGCGTACACCTATTTCGATTTATGCGAAAACAGTATCCGGGTTTCCCAGCCACCAATCACATACTTAAATAAGGTAAAGAACAGATACTAGAACTCTGATACGAAAAGTATTGTCAGTGTGCACCATTGGGGTGGCCAAGGGTCGTCCTGATGAAACACGATTTGGCAATCTGAGCGC,317,48.26,Escherichia coli
SEQ_599775,CCGGCGTACAGAAATGTCTCTCTGTTGCCCTGGGGGGTAGGGGCTGGCAGTCTGCGTATTCTTCGAGAGTCGGTGCGCGATGTGCTTAGCATTTTCCTCGGGGTTCCTCTAAATTGCGATCTTCAGTTTGCCCGCGGGTCGCGTGCGCAAGGGCAACTTTCGTTGGGGCGGAGGAGGTTTGATATGCGCCATTCCAGCTCTAGCTTAGTTTCTGTTCTGGTCACACCGGGGGAAAGAAAGGGATTCTGAGTATTGTGGATCGCTAATCATGCCTTACCCGTAAAGAGCACTTCAGAATGTGCGGGATGCAATCCGTCGAGTTTACTCGCTTTTTCTGATAATATATATTCCTGCCATTCTTGTGGTGATGGGATCGGATGATCGCGATACATTTGAAAGACCAACCTCTAGGCAGCTTCGAACAAATGAATCTCTAATCAGCTCGAGAAGACCTGAGTATTGCCATGTCCTGGGGGGCCTATGGGTATGTCCGCTGACATCAGACTCATACCACTCGGGTTGCTATTGCAGGGTAGCGTCGGTTAGCGCTGATCAGAAATTTGTCTTTGAGACCGGCGCATTGAGTCCTACCGGTACAAGTGGAGGACCCACTTCTCTACAAACGAACTTGACTGATCGTAGTGAAAGGCAATCTCCGAAACTAGCCTTTATCACATAACTGCGTGAAATCCGCCGAGGTCCCCTCACGAAAGATTAAACCGTCACGGTAAAGTTCTAGAGTGGCTGGTCGGATGACTTTCTGGGCAAACAAGAAGCCGAACAACCAACTAGGGCCTCGTGACCCAGGAAGAGTGGCGGCACAATGGTGTCAACTGAATCGCGAGATAAGGACACGGCCAACAGTCTTTTTAAACAAAATGCAAATTGACGTTAACATCTGCGAACCTTCATTAGCGACATTCGAGTGACCGCTCCGCTTGTCTCATGCTTAAGAGGTTGTGCTGCACCTTTTTATTCCACTCGTTAAGTTTCTCAACTCGACCTGCCTAATACGATTCTTGCCTATGTTGATTGGAAGGGAAAGGTGCCACCTGATGACGGTGCCTTGCCAAAGAGGTAGGCTGTGGCCTAGCGCGTCCACCAAACCTGGGCTCGCCCCTCTCCTCCCCAAATAGTGAATCTTAGTATATACAAATATCACGTACTGGCCGAGACTTTGGTTGTAAATAGGATTTTTTGATAACCTTATCACATATTGCCAGATACCACGGCAGTACGGATGAATACGATTGCGGTAGGCATACACCATCCATGCGACAGGCGGACCTAGGAATGTCTGTCACACTCGCGCGCCCTGGACAAGCCGTCATTCTCTTCTATGTAGTTCGCGAGAGGGATCGTAGCAGGTAGGTAACCGGATCTGACCATGCTATACACCAGATACCTCGATACTCTTAGCAGAACTCACGACATATTATCGGGAGCCGTGGAAAGCCAGAACTAAGCTCAGGACATTGGGAACTTAGTCTATTCCAGCGCTACTTGCGGATTCTTGGAATAATACTAAGGGCTCCGCGACGACTCTCACTCTTAAGACCCAATGTGTCGGAATTTCACTTTCGTTTTTAGTCGCCGTAGCTCCAAGCTAACGTATATGTACCCACGTCTAATTTACCACCAACCCGACGCTATACTTGACCATCTGCAAGCGACTGTCAATAGTAGAGGCATCGACGATAGGAAGGCCCCTAGTCAGCACCTTGCCCGCTACTTTACGTGTCCTAGCCTCTCACGAGACATCCCGCGCATGCCAATACCGGCCGCTATTTTACGGAAGGGATCTGGGCAGCTCTGGTACGTCGCGACGGCCCAGACGTGGTTTACATCCCAAGGGTAGAAGTGCTTCTAGGTCGGAACGTTTCTTGGGGAGGTCCGTATTACTATTGTGTACAGAATGAGTGGACATCAGCTGAAATC,1938,49.95,Caenorhabditis elegans
SEQ_418766,TCTCTGGCGGCGAGCAAACGGAGGCTCTAGCCTCTTGACGGGCTCGTAGTATAAGAGCTTTAGCTAAGCATTATTTCACTAATTCAGGAATAACCGCACTTAGGAGTCTTTGCTTTACTTACCCTACGGATGAACAGTCGTCGAAGGGACCCGATCTGGTCCTCCGCAAGATTAAGATCTTACAATGACCGTTAGCGAAGGCGGGCAGGGGTAGCGCAGAGTTTAATGATCTTATGGTTTACGGGTGATCCACCGCCGACCCTTGGGACGTGCCGCCCACATGGCCCTGCGTGATGCCGATCAAGTCTGGCATAAGTGGTGAACTCACTGAGACACAGACAACGGTTGCTCTGTCGCTGGTTTGTATAAAGACCCGTGGAACTGACGCGTCTTAGCGATACCAGAGCATTTATTTACCAAGAAAGCAGCGGACAAACCTCAGTATGTGGTCATTGGAACATTAGAACGTGCCACCTCTGGTGTCCGAGGGGCATCCTGAACATACACTATGTACGTGGTAAGTACTCGGCTCTAGCCAATTAACCA,546,50.55,Drosophila melanogaster
SEQ_591731,CGTACAAGTTTTTTATACGTTTCTTTCTGCCAGTTGGCACCATGATGTTGGCGCCTTGTGCGGAAAGGGGGTACCTCCCGAGTACGTCGGACCTTGGCTAACGTGTGTGTTGTGCACGTCCTATGTTAAATTCGTCGCGCTGAATAATGAGGGAATCCAAATCAAATGGTAAGCAACTCTGTCGAGTGGATAGGACACGGCCGGAGTAGGCCCTCAGCCAATCATCATCATACTCACGGACTTATGCCAGATAGC,255,49.8,Drosophila melanogaster
SEQ_157031,AAAGTAACTACTATTAATCGACGGGTCAGGTTCCAGCTTATGCCGGAAGGGTTACGATCAGGGCACCGTGCTAGCTTTACTCTGATTACCCAAAACATCATCCAAGGAGTGAGCCCCTGTACTAATAGGGAATTGGTTGCGTTTCCCTGCACATGGTACGTGCCTAAGATCTTGCGAGGCTTAGCGTGCTCATGGTAAATGGGCCGTGTTGAGTGCGCACTCGTTTATTAATTAATGCCGTAAGTCCCTCGGCAGACTAAAGGAATACGAATCAATTAAGGGAACCAACAGCGCACTCTAATACTCGCCGTCCAGTACAGCGCCAGGCAGATCCTCGTGTAGAAACCGCAAATGAGATGTATCGATTCATAGCCACTACTTTAAATTGGGGACGCTAGATACATATTAGGGTCTTCACGGTAGGTTAAATAACATGACGCGATCTATATGGAACACAGCATGTTAGATGACGTGCTGCCGTTCGAATCCGCCTTGCGGACAAAATGGGCTACGGGGAAAAGCTGGTAGCGCGTGTCATATTTAAATAACGGACCGTAGAACACTTTCGGGGATTCGAGACGATGCAGATTCTCGTGTACTTCACACGCTGCGCGCGAATACCCCCGGCGCGATAATTCGCGACTTATGCGGATAAAGTCGACAACTGGTCGAAGAAGAACTACTCCAGATAGACTTGAGCCTCCCCAGCCCCATAGCAACACGCATAAATAAAAGAAATTACACCTTTGGGCCTAGCTTTTTGTACGCTTCCAGTGCTCTCATTCACAAAACGTTAGAGAGTTTGTAACATGAGCGGGCGCGCGTGCGGACGACCGCCATGAACCCATACATCATGGCGACTTGCCCGAAACTTCGCGCGGACCCGTGGGCGTATAGTGCACCCAAACACCGGCGCCTAGGCATTCGGGTATATTAAGAGGCGTAAACGGTATGCCGGATCTTGCGCAGACCTGATATGTCTCAGTTTGGCAGTAACTGCGCATCGAGCGCCCGCGTGATTCCGGGTACCATCAAAATATGGAGTCTCCACCCAGACCGATGCAAAAAGTCGTGCCCATTTAATGGCTAGAACAGTTAAAGGCTGCCACGACACGCGGTTGGGCTAGTTTCACGCAAGACGTTTTGTAGGAACGCCAGATACAGAAGTCGTGCTGGGAAAGAGCCTTTTATGGTAGGCCTCATATGTGACACGGCCAAGTTATGCGTAGTTTCTGTAGGAAGGGTACCGGGGACGTTTCGTCGCGGGAATATAACCTAGATGTACAGCCAATTTCTGGACTAATGTGTAGTCTAAAGTCCTGCATGGTTGAGAGCTAAAA,1340,49.55,Saccharomyces cerevisiae
SEQ_753513,ATGACCAACTATACGTCGCACGCGCGTCGATAGGTTGTTGCAGGCAAAATCGTTCAACGTCATCCCTCGCTCACCGTCATGCGGGCTCACCTGGCTCTCAGCACCGTTGAGACCTTATACCCAGGTGTCGAGGAAATGTCATGGCCCAACGAGCAGCCAGTTTAGTAAACCAATAGGACATTGTTGGTTACACACGGGTAATGCTCTAGATCTCTGGCTGAAATAATGCAGCGGGTTGAACTTACCAACTGCAAACAGCCAGAGTAGAGTCAGCACCAATCCTCGTGATTAGTCTGCGTGAAAGGTTCTTGGATGGAAAAACATAGGTAGGTGTCTGGCGTCAAGCACTGTATACTTCGTCTAATGTTCACGGCTGAAGCGGCTCTAGCGTTGCGAATGACCACAACAATAGATGTAGCGTACAGATTTAGCGCAATCGCGTGTCTTGAAACGTTCCCGGGGGTCTCGATTCAGCTGTAGTCTCCCGGTTAAGTGGCTGCCCGGCCCGGTAAGATCGTAAGGGGTTGGGTCATTCACGAGATCGCCCCGGGGCTCGTGACTCGCCCGCACTCTGGGTCAGCTTCAGAAGCCTGGTGGAGTGCTCATTGCGGCCTGATAACTCATTCGAAAACGTGCCCGTTAGAAGGAGCGGCACCGTTAGTAGTTCAATCAAACTTAGCTTTCCAGAGACTCTAGCGCAGCGAGAACACTAAACCCAGTTGTTATATCAGACTTAGACCTAAAACTGTTGCAAAATCGCTACCGTACACAGCCATACTTGGGCAACACTAAAATCTACTGCAGGATTTTACTTCCATTAGGGGACCCCAGTTTCGCCATGGCATTCACCCGTTACTCCGACTAAATGTGAGGTCCATAGGACCACCCGGTACAAGTGAGAGTTCTACCGCACCCGCACGGATATAGCACGCCGAGCCATAGCGACGTATAAAAGGACGTATGTTAACTCCTCTTACCTGTGGGTGGACAGCACGTACTGCGCTTCGGGAGATCGCTTCCCACCCGATTCGCTTTCTCATGAGAGCCGCGACGTACGAAAGGTCTGACCTTGTCCAACAGGCGTGAGGAGCGGAGGGTCACCGTCGTGTAATTT,1114,51.8,Saccharomyces cerevisiae
SEQ_568103,GCATTTCAGTTCCATGCAGACCTTGCGCCCAACATCATGTAGCGTCAGCCGTCCGTCTTCGATTTATGGGGGCAAATGTCTCTCCTTGCCCCCAGCGACCACAAACACAGAATTCCTTTAACAACGCTTTACTACTTACTGTCCTTTATGGCGCAAAACACGAGTACTCTTCCATGGCTCGCTCCCTGTGTATTTCCGGCCACTCTGCTATTAATCTGTGGCCTGCGTCCGTATTATATGCGGCCACTAAAAACTAACCTCTTATAGAATTAGTCTCAGAGCCCATGTGGTATTAAGCGGGAAATGCAGTGTGTGCTCTACGCTTCGGGGTGTAAGCACAGTCGGATGGCCAAGCGATGTAACGCTTGTTGCACAAATTACTCTTGGTCCCCGGTTGCCTGGCCAACGAGCGGACAACTGCGAGAGTGCGCGCCGATCAGTACTCATTATTGTCCCACCTCGCCGGCATCTAGTTCTATGCGAACAAGTCACGACGGTTAATGGGTTAGGTTTTGGACCCTAGAACTGACATAATTCAGCCATTGTTAACAGTCCACCGTAACGCGACTGGTCAGTTTCATTACGTTACCACATGGAACTACTATTGCAGATTGCGATTCAGACGCACCTAGAGCACGAAGTTAGAAGAATCCATTAGCAGACCATGAAGCCGATTGACTAGCATCTCGGTCGGTAAAATACGCCGGACTATGCAGAGCTTGACTCTGAAA,731,49.11,Drosophila melanogaster
SEQ_275729,AGACTGTGATCAAATCGAGTGGTTCAGGCGCCGCGCCATGCATGGTGGATAGCCCTTGCGGTCACTTATAGCGGGAAGTCGTTTCAACACGACTTAGGCAGACCAAGTGCAAGCAATATTTAAGATCGAGACGCGGCAAATGCAACTGAGTGCGACGGCATGGTTTGCTCTTCGGTGGCTCCTTGGTCAGCTACAGATCTACGAAATTCGGATGTGGGGATGCGGCTCGTGGATTACGTGTCCTCGACGCTTCATAATACTAAAGAGGCGCCCGCTGCATACATGGGTGGAGGTTATCCCATTCATTGTATACCTTAGGGCCCACGCTAGTACCGGCCGTTGATGGCACAAAGAATAGAAAAGACCCTATATCCCCGACGACACACAGGGTGACGTTAATAGCGGGTGTCCGCAGCGCACATATGGCGGTTAGCCTCAAAACGACAGGCGCCGAATTTACGGCTACTTTGCTGCCGCGTGTAAGCGCGAGCGTCGTCGGTCTACATTGGGAGGAATTGACGTTCCGCTTCGATGCAGTGTGTTGCCGTCTCGAGTTAAGCCTACTACGTAGAGCAATAAATTTGCACCATTTAATGGCGGCCCGACTAACAATATGACACCAGTGACCTAACTGGTCTACTTATTAATTCACGCCGATAGATCACCTGTGAACCCGAGCCGGACTAATATTGAATTAATCCTTATCCTCATGATCCCTGCGGGTCCCTGGTTGGACATCCGTAGGTATATATACTGTTGAACACCGGATCAAGGGTAGTAGTCGGCTAATTCGAACACTAGTTGAGCCTGCTAATGGACCATCGATTTTTCGGAGTGTATCTAGTTGTAAGTACAACCGACTCTTGAGGACCAGTAGGGTGAGCCTCGTCTAGCGCTTAAGCACGGCTGATAGGTCTGCTTACTTTTGGCGGGATGCCGGGTCCCTTATCAACGTCCACTGCCGGGGCTTATACCTACAGTAAAACCGGAACAGACTAGTATAACGATCTTGAAGGTCCGAATTCTTGAACCCGCGCGCCTGGTGCACACGGTACTCGTGGGGTTATAGACCGGGAATGAACCTTGTTTGTTAACTTCATGACGTTGACGCAGTGATCAGAGTAGCTGACCCTAAAACAAGTCGTCCAATGCTTCTGCTGATCACCATAATGGCTTGGGCCAACGCTATTATGAACTGGTCAAGTATAACCTCACACCATGCAAAGCATCCCACAGAGTTTCTAAAGTCGGGGTAGGTTTCGCGGCCCAGGAGACTTGTCATTCACCTTGACGTCTCTGCTTTAACAGAGACGCTACTTCAATCTGGGGCACAGCGGCGAGGCTCCGCGGCGTTACCCATAATTCCTCGGCGCCATTTGCGTCCGAGACTACGAGATAAGACGCCCCTCCGGACGGGAAATTATAAATCCGGCAGTGTTGGCCCGGCACCAGACTAAACCTTCCAGATTGGGCACCTAGCTTATGTATTTCACCATCTGACTCGCGTCGCGCTGTGTCGATCATAAGGAAGGCGTCTCAATGAACAGATGGCTCCTGAGTACGAGCTAACCCTCCCTGCACTAAGCGCGCAGGAAGGCCCCCTGGTGCTTTTCGTCATCGCGGAACCACATCTCTGACGTAAGCATAACTGCGCCACCCGTCCTGTACGACGCGTGTTATACAGTGGTCTGCCCGAATCAGCTCTCTGATGCCCCATAGAATCAGAAAGGCAGGTCCGGGTGGCAGTCTTTTTTATACTGCCATGAAAGTGGTTCGGGCTATCCGTCTGAGTTGCTCAG,1799,51.64,Caenorhabditis elegans
SEQ_268266,CCGTCCAGCTGCTCAACGAGAAGACCCGAAGCTCGAGTAGACCTTCGATGGTCATATTTAAGTGGGTCACTAGATATGTCGCGTTGAGAAGAACCATCGCCATTTGCTAAAACTGAGGGGCTGTAGCTGCGTTTGCTCGATGGCGGCCACTCTAGCACCAGTCGGCTTAACTATAGACACCGTAGACTGATGGGAGAGCTCGGTGACCCTGCCATGACTTGTAACATGCGGCGTGCACGGGGTTATCTTATGAGGGTTAGAAGAGTTAAAGTTGGCCATTTTTGAGACCCAGGGATGGAAGTTGTGTACCAGACTAGACGACCAAATGAAAAACCCAGACTAGCCACAACTGCGGGGATCCTAGTTGCTGGCCTACCCGTTTTCCCCTAAGATCGCCGTAAAACTCCAGATCACCATGGTCGTGATGGTTAGGGATACACGGGCGTAAGCAATATACCCAATCGGATCCCTACTCCCCATATTAAGTGGACGCAGGGGATGGTACACGCCGGTCTCCGCGGTCGCTCACGCTCTTCAAGGTTAGGAAATTTTTGAATCCCCCAAGTTTCACATACATCCCCCCCTCCCAACCAAACAGAGGACTCGTTGCTACTACCTGGGGTAGCTTATCTCAGACTATAGCCGAAATCACAAAGCATTTCTCACAGCATCTCCACGTATCCGTGGATAATTCTTTTATGTTATCTTTTCCGGATGCAATTGTAATCGGATCCCCCCCCAGTGGGAAAGCCCGTGTACCATACCAACAATTCTTGCCGTGCGATCTGGTCTTCTATTGCGCCAGCATGCCGCAACGGGACTGGCAGCACAACGTTCCCGAACTGCCATAAATGCCTGTGCTCATCCCAAATTTCAGATGACCGAAGTGCGCATTTCCCTGTGTAGGAGGAAGTGAAGGACTTTAGTCTTATCTCACAGGGAAGGTTAGACATTACTATAGTTATCCGATACCCCTCGTCACCAACAGTCACACCTTCCGTATCTAAAATCCTTACTATAGACTTTGTGCAGCGAACGGGGAATCGTCTATCTTTGCCCTGGAGCTCGCAAATAGTGGACTATGACGTCCGCGACAATTCAGCCTAACGACTGGCCTCAAGCGACGTGGCGATTGACGTCTTACGCAATTCAACTCTACTAGGGAGCCTTACAGGAACTTAGCCCGGTTATTAAGTCTAATGTAGGTTGGAGCTCGACCAAAACACCTCATCAGTGAGGTGACAGATGGTAATAGGGCGGCTTTGGCGCAGATAAGTCGGCAACATCAGACGGAGCGCACTCGTGAGTATGGGGTAGTGCTTTCGAAAGGAGAAAGTACGAGCCACCCACGTCGTCACTACTCTCCTAGCTCTTTGTTAGTATGATTAAAGCCTTTCTATGCCCCGCTTTCACTCCCCTAAAGGTCGCTATCTATAGCATGTCTAAACTCCTTGGACGGGAATTCATCATCTGTTTCCACCGAGGCCATCGCTCATTTTCCAAAACCTCCTTTACGCATAGAGTCTCCGAGTCGGCTGGTCCGACATGTATTCGTGGGGTCCTCCAAGTTTAAGGACAAACCGCCCCCACAAGCTGGGCGCCCAAGACGACACCCCCCGATTAGTTCGGGGAGAAGCATACGCGGATCCGCAAAGTGCAGTGGTACTAGAGGTCCCGTGATCCACCCAGTGTCTGGAAGCTAACTGCCACGGAATCCCTGTCTGACGAAGGGGCGCAGTGTCATGTCCGAAATACACGACATCGGTTTAAGCTTCTTCCAAGACAAGCCGGTGCCTACGGAGCAGGATCATCTTGGCCGTTATACTTTCTGTGGAGTCGTACTTCCCACGCGCTATCCAAAAGGCTGGTACTTTCCTACACTGCGATACCGTCGCACCTTCAGTAAGCGATGCTACCAGAGGCTTGCTAGTGTTCCCGGGTGGATAACGAATCTAAGCCGTGACCA,1966,51.02,Drosophila melanogaster
SEQ_332787,GTACAATATATTTTGGCTCCATGAGCCGAACAGGCGCTCGGGTTTATTCCCACGATCAACAATCACTGTGGAAATGTAATATTGAAGTCACTCATCCTCATCGCCTACGTTTTTCGTCATTAAATACGGTGAAAAATGGATTCAAGGCGGTGGCAGCCATCCCGTTGATCATCCCCTGCCAGCGTTCTGAGCCTAAGTCCCCGTGCTATTCGTATTAGAGTGTGAGCTATAGCACCTCGCATACTTCCATAATAGCTCACGAAAGTCGCATAGGGGAATGGTCCCGAATCTGTGTGAAAGCTCCCAAGCATGAAGTAGGACGTAGTGCTGCAGCGATTTATCGTGGGAGTTGCACCCTCAGACTTGTCCCGAGGCAATGTGTATCCACGGTAGGGTTGATGAACATACCCGCCGAACGATAACAACTAGTTGAACTCTGCGCCGAAGAATGGCTAATGGGCCGAGCGTACCAATGCTTCATTTGGCTAGGGCGCTAGGACTATATACTCTAACCTCACCCTGAGTGCTCTAGCGGTGCCGTTCTCAGTATTACGTTATACGTCGCGATTGCTGCTACATTCTACTGGTTAAGCTGAACATCACGATCCAGCCTTGGCCAATTGATTCGTCTGGGGAGATCCCGCTCGAGCTTTGGAGCTCAGGTCTTATCCATGATCATTCTGGACATGGTGAGCCACGAAGAGTGTGCGATCGACAAGTGAGACCTTGACAATGAAATCTAGACCTCTATGGGGTTCGACCTAGTCTGGGAGTCTAGCGTCCATAGGTGTTGAAG,796,49.37,Mus musculus
SEQ_367263,ACCTTGTCACCTCAGCTGACAGCCGCTTACGGATAAGGCTGTCGCGGACCGGCAAGTTACGATAGCCAAAGACTACGTTCTAAGTCCTGGGCCTGCAGCATGGAATACTAAGGCGATAGCGTTATCTGTACTCCATAACGTACGTCAATTACTCACCGGGGTTCCCCCGAGATCACCGCTAACTGCTCGAAAGATTAAGACTCTGGTTAAAAGCGACTAGGGTTTGGCGCAAGAAGAGGAATGAACTACTTCTCGTAGTGCTTTTGTGAGCCTTTTCGATGGTGAGATCTTACATGCGAAAAACACGCGAATGTCTCCCGGCCTTTGTCCACTCTTTTAGGCGCCTTTGGGCCGAGGGCCGATGTGAACTTGCGAGAGGAGCAGATTCTAAGGGGCCAACCATTTGCAGATCGCTCCAAATAAAGACCGATAACACGATGCTCATTTTTCGTAGCCTGGAACCGAGTTAGGCATATCGAACATAGGACATAGGCCTAATATTAGTCCTTAAGGACCGATTGGGACAATGATAGCCTGGGTGGGGGCGCAGCCCCCGGGCAGCGGACTACCTGCGCTCCTCTCTAACATAGCATGCCCTACGGGCCCTTATAGTTAACATGGTAGGTCTCTCGCGACTATCTAAACGAGATATAGCATCAAAAGAGGCTAGTACGCGTTACATTAACCATCGGGGCAAGTCTAGTCTGGCTCGTTAGTCCATAGAACTAAACTTTCTGTAATTGAGCTCTCTCTAGGCTTAACGAACGAAGGCATCACTGGTCTAGCGCCCTAGAAAGAGGGCAGGGGGCTTTCCCTGTATCCTATGCCGAATTGGTGCATTGTTGAGATATTTGCGTACAGGACTCGGTTGGCAAGCTCGCTAGCGTCCGTACCGTACACGTTTCATGTCTTACTGCGCACGTACCGGTTGGCATCCTGCAAAATCTATACGCGACTAACCACTTACTCCTACAGGGTACTTTTGATAGGTGCTCTTCCAGTAAGCAGGTCATTGTAATCGTAAGTATTGATCTGGTGCTTACTAATCTCTAGCAAGATTAGCACGAGTTCGTTCTCGGCTTCTATGGACATCATAAGGAATGAGCGTGATTTAGGCGAAAACGCTCTATTCCCGATTGTTTCCAATCCAGTCTGATGGTCCTTTCTGCGGACTCTATGTCCTCGCTGATTTGTTACGCCAAAAAATCGCACGGAACCAATCTATTCCCGAAAGCTAGCTAAATCAAAGCATACGAAGTCGAACTTAGCTGGAAATGTCCTCGCCGGACATTTGGTTCGTCCTCACCGCCCCTCCTTTTATAGTGCTCTCCGATCCTCAACCCCTCCATCCTTTCTGCCCTGCATACCCTCCGCAAGTCGCTAGACGAAGTATGATAATCTAATACGCTGCTTCAATTTTCCTAAACGGCGAACGGTGTGCTACTCAGACGGTGTGAAAAAACACTT,1467,48.88,Arabidopsis thaliana
SEQ_159536,GACATCCACCCTTTTTCTTCAAGCGACAGGCGGAGGCATTGCCACATAGGAAACGGCAGCGTGAATGCTCATCTCGGTTATCGGACTTTTAAACATGTCGGCCGCTTGCCAGAAGTACCCGAGATGACGTTCGGTGCGCTATTTTTAGAACGTTGATACCTTGCCCTAGGCAGTCTTCAGAGAGCTACATGCCGTCGAATCCAGACTGATAGCTTTGAC,219,50.68,Mus musculus
SEQ_934595,CCAAGAGTAGCCTTCCCTCGACTCGCGATCAACGAAGCGTTCAATTTTCTAAAGATACGCGGTGTACTCATTACATGCTCCTCTGGTCTAAAGAGTTTAGGCTTAGTAATGGGGCAGCGCAGGCAATCCCGCATACGGCGGATGTTCTCCATGTGAGCAAGGTCCCCCAAAGACCAAATTTGCTGATATTTTCTGTTGTTGCTCTTGCGAAATAGGGGTTGTAAGTCTCTGACAGAATACATGTTCTCACGTTACTGCGGCAGCCCAAATCCGAAGGACGCCGACCCTGCAGCTTGAGAAAACCGTTGGATTTCTGCCCCGATGGCAGCCGTGCCCCCGTACATGGACAAGTAGTACAATAGCACACGAGCGAAAGCCGAAAGCGTGGAGCGTTAGATCAGGTTGCATGGGTTTATAGATCCTCTTACCAATTCGGGGTAGGCTTCCATTCGAAACACGACGGTTAGTGTTAGAGAGCGACACCGATACCAGGTAAGAAATCCCCCGGAGGTCAGGCAGGATTGCCCCGAGCCTAGAAGATGGCACCTTTAGGACATGAAGCTTTACGTGATGGTTTCTCGTTTCTCTATTAGATTACGTTGGCGTCACTGCCCCACATTAGAAGGCCACTAATAAGCTCTCCACCGCACTTGTAAACGTCGCGGTCTCTAAAACTATAGCACTGGTTATATTCTTATGTCCCATAAGGCGAGTTCCTTATATGGCTCTAAAATATCCGCAAGTGGCGTGCATTGGCGCTCCGAGGGTCAGAAGGAGAGCGATTTGATTGATTAGGTGATCTTAAGCCATAAAGTCGAGCCACTATGACGTGTTCACGTTGAGCAGCCATAAATGGTTGCGTAGAGCTTTCTCACAAGCTCGCGGTTCCTAAGCGGTCTCTCTATGCTCGAACGATCCGGTTATCACGGTTACTAGGCTAATTGGCGCTCTAATAAGGCGGTGGCGATCACGCCACGGAGAAAGGAAGGTATAGAATTCTTGTAGGCAGTTTTTTTCGTCCCATGTTTTTATGGCTACACAAATAGATTGTGTTGCATTTCTCCAGTAAGCCATGACTTTCAAAATCTCCCACCTAGAAAAGAGGAAAGCTGCAGACCGAAGCATTCGGTTTGAACTAAAGCCATCGATTCTATGCTTATAGCATTAAATGGCTTTCCTGGAAAGGGCCCCCGCTCTAGTGGCAGTCCCGCCCCTGTTACAACGTTAAACATGCTGCTCATCGTTATGTACAGGTTCAACACGTTTCACTTAACCGGATCCGATGCATACGGCCGTATCCAGAAACTGGTGAAGAATAGCAGATGAATCAGCACCGTTCCATCATTACATTTCTTTTCGCAGGATTCCGGCATATTCTCAACGGTAAATTGGCCGTAAACTAAAAGGCGGTTATGGTTAGTAATGTTTTTGCTTAGCAGAGTCAGCGATGCTCAAGATAGTAGGGTGTGGGCAGTGTCACCGTCACGAAGTCCGTGGGACTCTAGCTACGGGAGAGGTGCCGATCAGCATATATAGTTCTGGTACGCGATCACGTACCCTGAGCGATTAAGGAGCGTCCACT,1582,48.29,Escherichia coli
SEQ_813767,TTAGCCGCAGGGGCGGTCGAAAGCATGGTAGCGCACCCAGAGACCCCTTGCAAGTAACTGGTCCACGGTAACAGCGTATGGGTATGTACCGACGGCTACTGTAGCCACCATTGACTTTGCTGAGTCGGAAGGTTGATAGAAATGGTTCCAGTGCGTCTCATCGCTATTCAACCCCGCGTATTCGAGTGTCCTTTATGATAAGTTCATCGTGCACTACTAAGGCCTGATAAATGTGTTTCGACGGGCCGGAAGATCCGCTAGAAGGGATCCGGCCCGGCGCCTTAAGCGTCAGTCTTAGATGTTGACGCTCACTCTATGGGAGTGGCGGTTTCTTGAACCACCCCTCTTAACTGTTGCCCCTCTTATCTAAGATATCAACATCGAGTTTGTGGGCCAATCCATCCCCGGTACGGTAAAAGCATCATTGTACTTGCGTAAGCGACACACTCACGTGACTTTTTCCTAACACCGTCACATTTAAACATTCAACCGTGTCTGAACTACACTAGACAGAGGACCATGAGCCTTTCGGACCATTCTATCACGTGACACCTCGTCACTGGCTAGGCCCCCGCGCGTGCCCTATGCCACCGGCCCCCGGTGATCGGCTAGGGAGTTAGATCACTGGCGTTCAATGACCCGATTTCTTCACGGGACTGGATCACCACTCATGCGTAGCATAGTGGGCACAGTCCATTCCAGGTAACGTCTCTTAAAAGCATGGACAAGGCGTGCGCAGTATTGACTAAAATGTGTGTTCAAGTCTTTGGACCACGTATAGCTGGGACCCTCAGCTGATACCACGCTCTATCAATGGTAGGGAGATGCCCGCTTAACAGTTTGCACCAACATTAATCTAGTTTGACGCCATTACACTCCTGCAAGCGGACCGTCAACCGGTTGTTTGCCCAGCCTAAGCGCTGAGAATAAGGGCCAGCAGTACACGGTCACACTGCATAGACTGGACGAGCTCACTAACTTGGAATCAGCCTAACCAAAACACGGGCATTTGCCGAATAATCAACATAAAGTCATATTACTGTAGGATGTTATATCAAGACCAATTCACTGGCGCCGCATCGCACCCAAGCGAAAACACCGCAGCATGCACTTTAAGGCTATA,1123,50.76,Drosophila melanogaster
SEQ_304997,AGCAATCTGCAATGATTATATTAGCGACAGGGAAACAACCATTCTGTTGATGGCAACCTCAGACGCCCATGATGGTGAGTAGGTGCGTGGACGCCATTTACCTGCAGTCCCTCTAGTAAACCAGCTCCAAGTGCTGGCGCTAAACATGAGCATCAACTTTAAGTTTTAAAAGCTGTGGTAATGGCAACCAGTCGTTTGTGTGGATTCACTACTGACGCCCCGACCCAGCGTCGTCAGTAAGAGCCGCCCGTTATGTGCGGTGCTGTCCCCGCTGGTCAGGCGCAACCAATGTAGGGAAGTCTGCTACCACTTCAGAGTGAGGATTCAGGCTCCGGACGCGGGCGCGTTTGGATTAAACTGGTTGCGACTTGAACGAGCGTCTTGCACCGGAACAAAAGCACAGGGGGAAGACTAACCCACTCTTGGAGTTCAAGAGCACAATGGCACATGCGCACAAACTTCCGCGGTGGGCTTGTAGGGCCAGCAACGCACGCAGCGAAGCTGAAGCAGGCTTTTCGGTTTCCGTTAGTGAGGCAGTACGCCGAAATGGACAATTATGCCGTCAATTAGACTGATGCAATTGGCTAGCCTACATAAAGTTTTGAATCGTTGCGGCATTTCTAATATCCGCAACCCGCTCCGGCGAGGAAACGCGACAAGCAATAGTTAGTAATGTTGGCACGGGTGGCGCCCTATTGCGCCCCAATGCGTTCAACAAACCAGCGGGGATCTGCTACTCATGTATCTTCTAACTCACGCAAAAAACTATTTCGCACCTTTGCTCGGGTTTGGCATAAACTTGGGGAATGAAGCAAGCTCTCTTTCGTTATACGGACAGCTGTTGTAGCGAGGCGAATCCGGAACGACGCGACCAGTCATCACGTCTAACCACGTCGTGCATCGATAGTTTTGCTCCTAATGCCAGCATATGCCATTCTAAGGACAGGTGTTGTACCACACGATCACTCCAACAGATAGGCCGGACCGTGCAGATAGTTGGGCCAGGAAATAAGCCAACCAATTGGATAGATTTATAAAGCAAGACAGACTGGGCACCGGAGCGCACGCTCGTGGGTGAGCGCTAAGTACTGAAAGCACGCCTGCCCCCCAGCCATCTGAATGCCATATGCGCTTTAGAGTAGGTTATAACGGTACAGGCCTTCGATTTGGTTCACAAGTATAAGCCTCACTGTCGTGGGAACTCATTGGTACGATCATATTCCATCTACACTGGGTCAACGGATGTTATAAGAAAGGAAACCCGGGAGACAGGCGCAAGCAAGAGCCTAAGTCTCCCGCTGCAGTGCTGTCACTTGGCCTATCTCACAAGCGGTGTCTGCATAGTTCACCTCGAGCCTATGTGACTCTGGAGCGCATGAATCCTGGTCGTACGAACTACCAACGACGCCGGTTAACCGGAAAGGTACT,1428,51.47,Homo sapiens
SEQ_495894,CCATCTACCCCTCTTAGATGGGCACGATAGCTATATTCGGTTAACGTCCAACATACGCCGGACACCCCCTTAAGACTCTAAGCCCGTCTGTTAGTTGTTCAGGGACACCCCAGTGGGGGCCAGCCCGCTGGCCCTTGCCACGAGTCTAGGCTGCATATAGGTACCCCTCTTGTAGTGTACGAAACATCCATCATAAGTAGAAGCTCCTCATCAAACCCTAGCAGCTCAAAGTCTGCATGCGACCATCAGACGCCAAGATTAGCACTATTCGTTCCTAAACATTCAATCTTGATTATCCGCTCGTCGCCGGACGCACAATCTGCTACGCGATTATGGTCAATCCAAATACGGCCACCGTTTATCCGGATCGAAAACCCTGTTGTGTTAGCCACTTCAGAATCTACGACCTACCGATGGCCCCCCCTACGACGAATTACTGATACGTGAGCGCCCGATTGCTGGGCCGAGTCCCTCTCATACTGAACGACAAACTAGAAAGTTTCCCGTGATTAATCCGGATGGAATAGGTTTTCCTCTAGCGCTACCTACGTTTTCCCAGAATCCTTCACCCTACACCTTCCTATTCCCTCCTCACTTGCCCTACAATAAGCTTTAATATGGA,622,50.16,Saccharomyces cerevisiae
SEQ_186528,CACCTTATTACTGAATAATGTTGGTCTGTGTCGACGAAACTAATCAAGAAGCCAGTGTGCCGGACTCTTTATAGAGTGAGATGGGAGAGCCACTTGAAGCGTGTCTCGCCACGCTGAACTGTTGCACTTGCAAGATGTCACAAGAAGCACAGGACTAAGCATCCCGCTTTCGAACGACGGCGATCGGCTTGTCGAACTACGGTGAAGTGGTCATACTAAATTGAGGTGTGCCTTGGGGATGATGGCGCATCGTAACCTGATTTGAAACGTTAAACCGGGTATAAAAGCGAACTTCCTAGCTACACCCCGGACAATCAAATTATATGTGGCGAGTAGCGGAGTGACCAACCCAATGATGGTAGCTTAGGCTACGTGCAGGCATCATCTCCATTCTTAACGGCATGAAGGCATTTTCATATCCACGCCGTTCCACCACGCCACTTGTTTTTGGAACATTCACGGTGGCCCTAATCGAGCGACACTTGCCCGACCTGATAGCAGGCGGGGGGAAGGCAACCGTGAGTAAAATTGACCCGCAGGTATCCGAGAATCATCTCGGTAGACAAATCTAGCCCAATGCAGCTCGTAAATTCCGGTGACGGGGTATTGACTAAGTTAACGGGTAAGAATCGGTCATTCGGATATGTGAGCATGGTTAGACTTTAGGGGGTCCGTGGAGGCCCAGCCTGAGTCAGTTTAAGGAAGCTGTAATGGAGATGCACAATCTTGCTCCGACCTTTTGTCAGCTCGGCACGGCTGAGCGTGTGCGCGGTTAATGCTAGTTAGCTCTGTTACTCGGGATAGAGCCCTAGTAGAACGCTTACGGTACAGGGGTGCGCGTTCTGCATACAGAAGCACCGGCAAGATGACTAATGTAGGTCGTGATTTCTTAGACAGCAGCTGCGGACCAACACTTCCGTGGTACAAAGCGCAAATTGGCTGAGAAGTTTTTTTTCTCCCAATGATACCATTCATGGAGCTGTTCTTGTTAGGGTCCGGTCATCATGAGACATAGGGCGAGAGCGCTATGCTAATTTAGCGGGCGTGCCAACGTTCTGCCAAACCGTTTATTTGACATATGTAGAGTTTAACGTTTGTAAATCAGTATATCAAGTCAATCAGGGAGCTGGTCGGACAGTACTGAAGAAATCCAGATGATTTGCGACATGATCCACCGGTGTTAGGCCCCTCCTTGCGCAGATTAACCCGAGAGCTGTCTCATGGAAATGACTGTTATGCGCATGCTAAACTTCATACAATTCTTTAGTTCCAAGTATATCCTGACGAGGAAGTCGGGTGTCGCGGTGGGACCACCTAGCTTGTTCCGTAGGACCCAGGTTTGACTGCCTACAAGGCAGTGGGCGCGCAGGGCGATACTAAAGCGGTGTGCCCGTACTGACCGCAGCATGAATTCCGCTCGCTTCCTTACCAAAGTCGCTGTCGTGGGCCTGTTTCAATTATAACTATGCAGAGGTCAAAAAGAGCTACTAAGTGGAGTGCTGTCCTAAAACGGCTTGTCATTTCGGAACGTT,1532,49.54,Escherichia coli
SEQ_250919,GCAGTGGTCGTAGGCCGTCATATACAAACGCATTAGTACCTTGTACTCCCACGCTTTATGTGCGAAACAGGGATGGTCCACGGTTGGCAAGGGGGCGGCCTCTTCTGGTGGTAGATAGACTATAGGCATGTTCTGGGCTTGAAGAAACCCACCTAAAATACGTGCTAACCTGTGACCCGTCGCTATGCAGAGAAAAATTGGAGACGTCGTCGTTACGGAATGTTTTGCGACAGTCGTAAGCGTCCAGTGAGACTTAACCGCCAACGCCGTATCGGCTTATAAGTCAGCGCGACACGTCCAGCGTCTCTGACCAGGAATGGTTACCTAGTAGCGGCGGGACAGAATGCGACGGTCCGACGAGACGCAGTCAATGCAGAAGTGTCAGACGGCAACTATCTATGGCTCTGGCACTAGGTCCCCGTAGGTAGGAGTGATCCCCCTACAAATGGACGCCGATCGTGACTACTCGCGTTACTATCTGATAGGACGGTATACACAGACGGTGCACCTAGGGGACATAAATTGGCCGCCATCCCTTATTAAGTTCTATAACGAGAATACTCAAGAGGGGTCTTGGATTAAATCAGTTAAGGCAGACTTAGAATACCAGCTCCTAGTAAATTGTGGCGTGTGGTAGAACCACCACTGATGTGAGCAGCCGTCTCAGGGTCAAGTCGGACGTGTATCAGCTTGCACGGTTGTGAAGATGCCGTGTGGCCCATAAACCCAAGCCAAATACTAACTTCAACTTGGTGGGTTAGCCAATAAAATACGCAATAGAGTTAAT,787,50.32,Escherichia coli
SEQ_154467,GAAACCTCCCCTTCATCCTGTGCTTGTGATTCTCATGACTACGACCAGCATTCACTTTGGATCAATAGATTGTAGTTAGAACGTATCAGTCTGGCCATACTTCGTCCACTGGCCAACTTCCGGAAGCCTTCTTCACATAATCAATGGCAGAATTATAAGCTACTCGGCCGCCGTCTCCACTTCACGGAGTACCGTCCACTCCTACCCCGATTATCCCTTAGTCGTGCCAAGTAGTTAAGCTGCTGACGATTCGTTACAACGTGAAATCCATTACATTGCTATGGGGTACCGCCAAGACATGTCCTTGATCGTACGGTAAGCGTTTCCCCCTGCCCGTCTAAGCCTCGGTTCATGTAACCTCTTATATCGTTAATCTAAGGGGCCATCTACGAGCCTTGTCAAGCT,405,48.4,Escherichia coli
SEQ_678999,GGCACCAAAGGTATTAGGCTCGTTACCGTTACGAGTCTTAAAGCTGTCAGAGATTGTATGATCAAGTTCAGCGAGCCTGCCTCATACACTTGGCACTTTGGCGACCTGCCCCTGTGCATGAAATCAACTCTTTGAACAGAACCAGGGACTGCAGCCTGCTGGCTGCTATGTCTGCGACGGCCAGATGCCCGCACGGCGATGCTCCAAACCAGAAATCGAAGGATGCTGCTCTATGTTATCTAAGCTTAATCAATCCCACCCTAGCTTGGTTCACGTAGACCCCCGTCGATCACCGACCAGGTGGCCGGAAGGCAGCCAGCACCGTGTCAGATAGTTTCAGGACCCTAATTCACGGCCTTACACGGCGGGCGTAGCCTCACTCCTTTGCCAACCTTGA,397,53.9,Homo sapiens
SEQ_102798,GGTAGGATACGCTTCCCTAGACTCAGAACGTTTGCTTTGCGCATAGCCGAGCCTAGCCTTTGCGATTTGTTCCGTCTCACACTTCGATAACGCACCAGGCGTCAAAGGAACCCGAATCTTCTAAAGTTAGGCTAACTAGTCGCCCGAACGCTGAAAAATAGAGGGATTCGCCTGACGAGGTAGGTCGGATTAATGTTGCGGATGCATTCACAACCTAAACCTGTGGGCGCAGTCCAAATGCACGCGGAGAGCGTGCCACAAAAGGAAACCGCCTCGCCCTGCCTCTCACGGGTTTGGCCTTCAAAGGGGAACAACATCACGGGAGCCCTAGCAAGCACTGTCACCTGATCCAACAAGTCTTGCAATAGCACCTGCCGGGCGTCCTTTACGCGCCAGGGGTTGCAGATTCGAGATCGGAGAAGCCATAAAACTTGGAATCGGTCAGCTATCGAGTGCAATGCCCCCGGCTCAGACAAAAGGCGGGGTAATACCTGTTTTGAGTTTTTATAAGGAATGCGCGAACTTTTACGGCTTTCGCAGCGGGCACAGCGTCCCCACCTACCTACTTGTGACTTGGTCGAGCATGTTGGGGCGCAAAACCGGAAGGTGGCTCTGCAACCTCACATAAAGCGTACCTCTGAAATCGCCCTGCAAGATTACTGTAGACGATTCAAATCACCCGAGCCCCCGGATGCAAATAAATCTTAGAATTTTATTTAATCGACCGGAACCTACGCGAAAATAGTCTATCTCTACCGTATAATGTGACTCCCCCACGTATCGGCCTGAATACATCTGGTCAAAGCACCGCCAGGCACGCTCTGATTAGGCTATGGTCATCCCAATACCGAAGC,854,51.76,Mus musculus
SEQ_989243,TCCAACTAGTCCGGCTTGTCCAGAGGTGAAATAGCTTAGGCTAGGTTTGTCCACTGCGATACAGTGTTTAGGCTCAAGTTTCATATCAGGTACTCCTAATTACCAAGTACGTGTGTAACACTCCAGGAGTGTCGGTTCTATGGCCGTTGATTGTACGTGGAAGTAGCATCACGTCGGACTTAAGCATTTTCAGAGGGCCCCAGGGAGGGTAACTCCATCATGGTACCATTGGTCGATGTCCTGAATGTGGGAAATGAGACCCAGAACCAGAGGAACCGCAGGCGCAATCTTGACATGAAACCCTGTAAGGCTCCCTGTGAGTAACACAGAATAGACACTCTGAGATAGCTTCTGAATCGTCAGTGGTGGTTCGTTCTTCCGAGCCATGGGGGGATAGCCTGCCGGGGGTACCATTTGGTCCACTGCTCGAAGTACCTGCTCTTAAACGACGATAAGCTAGAGGATTAAGAATGACCTAGCCCCGCGCAACAAGCTCAGGCGCAGTGTCTGGCCAAGTGGGTGGCCGCATAGACCCCAGATCTAGGAAAAAGCCGACCCGCGTGAGACTGTCGGGCTTGGTCTCTAATCAATAA,593,51.26,Caenorhabditis elegans
SEQ_971833,TTTGAGCTACTTTGAAACTGCGAGAAGGTGGTAAGTTCTAGGGTTGCAGAATCCCCGCCGAGCTCTACGTGCAAGGCTGGATCATTGTGCAGCAGCACCATAGGCGGTCTAAAGTGTCCGCCTCGTGGCCTCTAATACATTACGTTTCTAATCCTGAAATTACTTCACTATTTTATCCGAGTATGGCCACGCTAGCAGGGCCGATAAAACCACGCGTCACTAGTGCTGGTTCACACGATTCTAGGGCCGGGCAAGCACCGTAGGGGCGGGAACTTGCTAAAGTCTCAAGAAGAGTGGAGACCGCGCTCACCTCGAGTTAATTCACGTGCTTGTAAGGTAG,340,51.18,Homo sapiens
SEQ_322640,AAAGCCATCAGAGGTCATAATAAATCCGTCTTGATTGGGCGTGACGCGGTAGCTTAACTTGGAGACATGCATTGATGACCCCGATTTTATTAATGGGTGCCCAATTTCACCGTTGTGGTAAGGCAGCTTATTTTGCTCTGTCACGGCTGGGTGACAAGTCGTTTGAATAAGTAAAAGCATACCGGTGGTCTCGCCTTAACTCATTGATGGCCCACCGTTTTCAGCGTACGTCCTGAACTTTAATACGAGGGGCTTGGATAGTTGTTACCCTGCACGGCGGTAGCGCTTAAACGGATGGTAATCTGGGGACGGTTATGAGGATGCTTGCAAACTTCAGTGTGCGCCACAGTGTAGTCTATCAATTTGACGTAACGAACACCTGACTAGTGAAGCACGGACTGCCATAACACTTGCAGGCTCCACGTCCCCCGGAATATCTGTATGGATTACGAGGTATAGAAAAGCCGGGGCGTGTTCTTATGCGCGTTTGATCAAGAACATCTCGTAAGCTGCGCCCTAGCCTCCGCGTTGTTGCGCTACCGTCTATACATCTACTACAGCCCGTTCAATCGCGACTAAAGGATGTCGGGAGTGGCCGAGATTTGTAAGGGCCCTCTTAGGTGAGTGGAGCGTCCCCCCCTGCATCTGTATATGTCTGACACGACATGCCGGTCTCTGGACCACTAATGTACGTTTAATAGCAATTTAGCCATTAGTACCCTAACGAGTTCAAATAAGCAGACGTTTCTCATATGCACCACGTACGCGTGCAACAATATGATGCCCAGAAACTGAGAGTTCCCATATTGAGTAAGCGTCAAAACCAATTCACCCAGTCGCGGCCGCACTCGGCACCTTTATAGAGATTTATTTAGCCTGTTCTCGCGTTGATTAATTCTAGTACCTCAGAACTTTTTCCGCCGTTGGCGCCGATTCTGGATGGGTTTCTACCTATATACGTCCACCTGTGCTCCAAGTCTACAGGTACCTATGGACGATAAGGGTATACGCGGCACCCGGGATATTCCATCATAGGTCAGAAAAGCAATCCGTTACCCCATCGATGTGTGCTGGTTTCGTCCGTAACAACTTAGCGATTCGAGTATGTGAACTATCCAAGTATTGGAGGGGCGGGATGCAGGTATCGGGTCAACTTCGAGAGATCTGTCAGTCGTACGCCAGTACACGTTCTGGTCTTACTGAAGAAAACGGGATCGCTAGCGCCCCCTCCCCCGATCGGGACGTAGACACGACTGCTCCCGTGCCGGGTATACGCTCTTGGAGTGGCGAACGCTATTCATGTAGGGTCAAACCATCAACGAACCCATTAACTACTGAAGTTGATGGGGCCGGGTACCTCCGAAAAGGCCTCATGTAGCTGAGCTGGCGGTTTAATGTATTGTCCTTGTTTCTCTCTTAAATCGGTGCGTACGCAAATAAACCGCACAGGGATTAACGCTCTACACATATGGAGGTGCTGTAGAACCTGTACTACGAAAGCATCAACTAAGCGCTGACGGCGGCGCTTTATAACTTCACTACACGACGAAGGGCATGAGATTGGAAATGAGGTGACCCTTTTACAAGAATTAGGCTTACGGCGCCTATCCCGATTTTAGTGGAGAGGCTAAGACCAAACCCCGTGAAGTCCTTCTACAGTAGTGCAGTATATGGGTCCTGCGAGGTTCACAGTATCAGACCGTGAACTGTCCCTGTTGTCAACGGATTATGGCTTTCACACTACCCCGGGTGCGCCTCATGTTCAAGTGTACCCGCAAAGCGGTTAGATCGATGGTGGACCACGTCCTAGGACCTTAATATTTGCGCCCTTGAAGCGGTGGTAGTAGGTCGCTATTGGATGCAGACTCTTATGGCGAGAGCGGTCTGTGTCTTTATCGTCACAGAATTGTCCA,1913,49.66,Caenorhabditis elegans
SEQ_389251,GGTGATAAGGCGTGATTTGAAAAATCTCTTTTACTCAGCGACGCCGGTGCCTACCCGCTTGTGGGTTGGAGTCGATACGTTTTTGTGCGGGATTCGGTTATGATCCGATACTGTCGGACGGACCCGACCTCGCTTCGCTGCCATACCCCATTCCGGGATGAGGGAAATTTCGGGTGGGCAACGGGTGACTGAGAGCATACTGGTGAAGGGGACTCCCAACGATCTGCTGATGCACATCTCACTCTTGCTACGACCAATAAATCAGCGGAGACCCCGCATGGAATCAAAATGTTGCGCTACTTGTCACTTCCCGAGAGACACAAGCGACCGAGTGGTCACAATAATAAGAGGCTCTAGCTTGTTGAAACCTATCATAGCTAGTACTACGGCTGGGCCCCTACGGTAACATTGGCGCTCATACACCGAGACATTTCCAACTAGCGAGTCAGCCTCCAGGTCGCACTGAATCCGGTGCCCTATTTAGCTTAAGGAAATTCACACTCAGGATAAAATGGAGTGTACTAACTGCGATCCATGGACCGGAAGATGCCCAGATGGCGCAGGACGTCCAGCGACGATAAAGCTCCCAATAGTCGTCTGTTCCCACTGAAGTATGTTTTGACGCGGATACTGTTATTTGTGGTACGAGCCAAGTAAACTCGCTAAGGCAGCGGATGTAATAGTAGATCCCTTGAGCAGGCAACGGGCCTACAAAC,716,51.26,Escherichia coli
SEQ_377403,AAATACAAAAACAACGCCCGCGTAACCGATCCCGTTTCAGGTGACAGGTCTCTGAAGTGTTCTTAACGTCCCCGACAGGAGGGCAGCCAACAATGAAATTAATTAGAGTAGGACCTGCTATTTTAAATACAAAACCACTAATGTTTCTCAAGTCCCCTCTTGACTCTTTAGCACTGAGCCGTAGCGGTGAAATCTTGAAAGACCAGTGGCTCAAGTCTCGAAACGCTGGTGATTGAAGATGCACGTCATAAGTTTTGACGCCCTCTACAATGAATATCGGTGGACACGGCCCCGCGCTCGGCTCAGAAGTATTACGAAAGTCGCGTCAGGGCGGATGACATCTTAACCTAATCCCTCTCGGCCTTTCCTCCTGAGAATACGCAGGGAAGTCCCATTCAGAATGAGGAGATCACATTCTTCGCAAAACTGATTTAATCAGAGCCGTTCAGTTTATTAATGGAGGTTTCCTGATTTTGGTCGACCGTTCCGCGGTCGCTCCGATCGCGGCCAAGTAAGAACGGCAAGGGTCACGTCATCTCAACGTAAACCGAGGTTTAGTGACTAAATTCGATGTACGCCAGGCCGCATAGAGCATGGTGCCGATAAAGGATTAAGGTATGACTGATTCTTTCACACGCCTATAAACACGAGAGAGACGGGAATTCGATCTAAACCACTCTGGACGACAGTGCTTAGAGGAGTGGGGTTGTCGTGTGATCGAATCAGGCACATCGTTGTACAAATCAAAGTGAACTATTCAAATATACCATGCTCCATATCTCTGACAGTACGATCCTGTGCAACGTGGGTCTGCCTGCGAAACCTGGTCCATTTAGGGGAAACCGTGCGCAAATGGAAGCGACGGTCTCGTTATTGGGTTTACGAACAGTAGCACTGTTCTCTTGTACTTCGTGCATGGGCCAGAGCATGCTCCCTGAGCCTCCACGGTAAAGAACCCACGATCCAAGGAACGCACAAATCTATCTATACAAGAGACGCAAGGACCTTGTCCCTCTTACCAGGTGATGGCTGAACTCCGATGTCCGGCGACATCCACAGGAGAACCATGGGAGTGAGCGTCGGTCAGGTTCACCCTCGCCGCTTTCACACATGGGATTGCATCCGAGATGTTGACAACGTGCTGCATCGACACAGATGCGGGGCAGTGGGAATATCCGCCCGGGCGGCATGGCACCAACGAAAGTGAGGGTAAGCGGCACTTTCGTGGACTTCCTCCCCGACATCGCGTGGTGGACCTGGTAGTGGAATTACGACGACCGCGCAAGACAATATACCATTAGAGATCGACTGCTCCGAAGGCAGTAGCCTACATCGTGCTACCTTCATTATGCTTATAGTAGGCTGCCACTTGCTCATACGTCGGCGAGTCGCTGACAAACTTTCCATCCTTATAGCTAGTGTTTTACCACGGATAATTAGATGTTTTTTAGGTACGTTACTCTCGGCCCTCCCGTAAGCGGTGGGTATGCGGAAACCTGTCCAGCTGGCGGTGGCGGGCGCCCCGCAGACGAGTACTCACTATTTGAGATGGTACGGGAAATTGAATTCGACCTAAAGGGGCTCAGGGCGGTGGGCTTCACTACATATCTCGCCCGAACCCTAAGCATGAACCTCGATCAGCGAGTGCTTGATGTGATCGGACCATCTTTAATCTAGCGGGTTTAGTATAAGGGAACTGTAAGTAGGTTGGCGAGACCCTGAGAGGTCTCACAGTACAAGCGTGGAAGGTCCCGCGTCGCTAATGCTGCTCGGAACCGTGGCCGTAGGAACGAATTTATATGATCAGTGTAGGGTTCGCAGGCGGTCATAGCGTCCGAGAAGCTGTGGGCGCACGAAGCCGCAGTTATTCCTAACGGCTAACCCTCCAAATGAGAAATTAGGGATCGACGCGTAAATTACCCCGAGTGGCCA,1932,50.98,Arabidopsis thaliana
SEQ_177198,AGCTGTACGCTGTTTGTACTGTGAGTAGACTAGACCGGTGGAGTGAACCGGGTCCTATTCCCGCTTAAAGGTGATGATGACATCGAGTGTGAATCGATTAGGTCGACGTATTATCACGTAGCCACCTTCTTCGGCGTGCAGAAGCCGGCTGACTGTACGCATCATCGTCACCCCCTGAGTCTTGGACAAGGGAGGTTGATCCACTGTTAATTCGTACCACTAGTATGTAAACATTGGAATGCTCAACGGCCAGACAATATGTAATTTGCGGGTCTCTCAGACTAGACGTCCTCAGCCGCTGAGAGGGCACAATGCGGATTTCTTGTATAGTGCCCCTTACATTACGTCGCTTTCGGGGGTCATCTCGTCAGCGCACGTTTCGGATCCACAAGGTATCGCTCTTGGGTACGATTCCCCAAAGCTATGAGAACCGTCCAAAATCGAAGGAGTGACGAGTAACGCTTCTGATAGCCTGAGTTAGAGGGCTCTTTACAGAACTACAGCCTACGACAGCTCGGGATCATGTCAATTGATAAAACAAGTTCCAAGTTCGCCCTCAATTCATATGGGTGGGGATCCTCCTGTTGCCTAGTATTCAGCGATCACACTCTTGGTCACTAGGGATCATGGGTCTTGCGTTCTTACTACAGTCAGGGGCAGGCGTTGAGGTGTTAGGACGGAGTGTTCAGTGCGCACCTTTAGTAAGCTATCGATTATGGGAATCGCTCTGCGCGCCGTCGAGAGTTTATATATCCCGAGAGATATTGTCCAACCGACGAGCGCCGTACTGAATAACCATTGGGGGACCTTCTGTAATAGCTCAGGAGACTGGAGTGCACGAGAACTCCCTAAGGGACCTTGAATTGACTGAAGATAAGTGGAAAGCCCTCGAAGCCTATACAGGGCCCCGCATTGCGACCATTCGATGTGACCCCGCTCAGTGCGGAAGCGGACCGCGCGTGTCAGCCGCAGTTACAGCTAGGTTAGACGCAATTCTTTAATTGATTATCATGGCGACTTATCGGGAGAAAAGTTAACTCATTGTCGTAAAAGACTGCCTCATCTGGGACGGCATGCAACTTCTCCATACAGCGGAGGCTCATCCTTGCGCATATAGACCCGACCGACCCCCGCACTGGGCCACTTCGCGTCCGACCTGACAACACTATTTGCATGGTCTAGTGTTA,1187,50.88,Drosophila melanogaster
SEQ_866078,CAGCTTGAATCTAGCTGCCGAGCTGCGGTCTCGTGATCAAATTAGTCGTCTGAGACTTCTGTGCATGCCGCTGGCAGAACGGCCGGTCCCTAGGATGACACCCACTTTGAGACGCACTGTCAGCATCGGGGCCAATCCGCCAATATGGCAAACTTTCACTATCGAATAAGGTGCTCTTCTTCAGCGCAAGGTAAACACCTAACAATGACGCACAGGCTGCACATATGTGATGTTAACTTGCTGCCGTCGGGGACCAACGAAGGGTCCTAACCCACTAGGTTGGGTAGGGTGCAGTTTGTACCGGAAGAGTTAGCGATCAAAGAAGGACTCGCACGC,336,52.98,Homo sapiens
SEQ_521226,TCTTAGGTTTGGGTAACCGTTCCCAAAGGCACTACGATGATTAGACAATCCTTAATATATTGAGGCGCCAGTGGAGCGACGGTAGAGAGAATCTTCCTGTCGTTTTGAAAGATCAATTCTGACTTAGGCGCTCCCATTCGACGCCCCCCCTAGGCGTCTCGGTGTAACCCGTGATGAATGACCTTTGGGTATGCTTAATGATTAGCGCCAAATCCGCATTTATCACGTGATTATTCATGTATCCCTTTTGGGCGGCGGCTGATCTCCGGTATGGCTCTGACTACTGTGGTAGGAGCACGATTGAAACATTTTGGGTTCCCACAGCGCCTGCCGTATGCGCCTCCCTCATAAACTGTTTAGAGACGATCTTGGCTTGGAGGCCGCCTAAGATTATCCCTGTACGGTATTAGCAAGGAGTGGTCTATGAGAGGAGGCTATCGTAAAGTTAGACTACGAGGGCCCTGCGGGCCCCTCTGGATCATAGCGGGTCAAGTAGAGAGTTAGCCTTTACGACCATTCCCTCTAGACTCCATACGAAGACTCACTAGGGCTGCATAGTTC,561,50.09,Homo sapiens
SEQ_517222,CGCTACCTACGTATGAGTCGTAGCTCCCATGCCCAACGTTAATGTTAATCTTATGTTTTCAGTATGATGTCCGAAATATATGCCAAGCAGCCAGCCATCTGGGAGGATATACAGCGGGCCACACTTTGTTGTCAACTAATAACACACGGAAGATAATCGTGCCGATCCGGAACGACATACCTAGTCTATGACTCGTCTACAAGCACATGCAATGCGCGCCTATGATTCTAGGAGAACAACGTGAGTATCGGTGAAAAAGTGTTCTTCTATACAGTAATCGCGCTAACGTCCTATCTGGGAGAACGGCTGCTCGGGCGTGCTAACTATTTAGAGAAAAAAATTGGGCAGCTCGAGACATCACAGTTGCAGGTTCTTCATCCAGCCCCGTACAAGTTGAGTGCACAGCGCGTGGGAACAGCCCAGTTCGTTATGCAGCGTACACATCATGTTATTTTATGCAGCACGAAGCAATCTTGAGCCAGTCAGCTTCCCATAAGCCATTTGGAGGACTCGGCGACCAACCGCATGAAGATCTGAGAATGTTTTAGATACAGCCTGGATGGAGGACGCGTGAATAGATAAGACCGCCCCACGCCCGCCCTTACACCTACGTCCCGTATCCTCTTCACGAAGAGACCAATAGTATTGGGCGTCTGCTGCGGGGCTGCGGGCATTATTTGATATGCCTCGCTTTTGGCGTAACTTTGGTTGTGCGCGAAGTGCCGTTTAGGCCCCTGACATTCCGCCTATTCTCTGCTCCGTTTCAAGTGTCAGCGGCTAAGATGGCCTCGCAGTACATCAGAAATTGCACATATGATCCATCCTTCATTGAGTTTGCTTGCCAAAGTTGGGTGATCTCAGAACTGGGGAAAGTCCACCAAAAAAATCACACAAGCACAAAGGAGGCTCTTGACATCAGTCCTTAATGAACATACGTGCTCCGTTACATGTGCTGATCACTCGAAGCTGCATACAGATTTTTCTCATAGGGCTCATACCTCGCCCTGGGCATGGGTAGCTAGTTCTACCCGGTGTAAATCATATCATATTCGGCTAATTCACGCATTACACGGAGGCAAGCTATCTACCACTCGTATCAGGCTGCGTTAAGGTGAGAGTTTCGCGCGCCCGGTAGGTTTCCCTCGGGACACGAGAGCGTGGTGTACACACTTCAGCCCTAGGCTGAATTTGAGCCCTTCAGCCCGGTTTCTTCTGTTATCCTTACCGTTAAGTGTGGGTGTAGCTCCTAAGCGCCGGGCGAAGACAGCGAAGGGCTGCTCCCCACCCCTATTCTTCGCGAGTATGCGCTGCAACCCAAGTCCACAAGTCCCGGCTAGCCTTGGAATCTCCATGCGCCTTAAGTCTTTTGTTGGCAAGTGCGAGTACATAAAGGGTTAGACCTTTTTGCGGGATATCTTCCAGTTGGTGTCTTAAGTTAGCGTCTACCCAGCCTAGCTCAACCTAGCCCGCTTTTTGATTTGACCCCGCATGAAGGCAGCATGCTTGTAACTCTAATGCCCATAAATTCCGGTGAAATTCATTCTCAGAGGAGTTGCCCTCCCAGATATTGCCGCATATTTCTACTTTATCCAATTGGCTCCCATGGCTCTCGGTCTCCGGCACCAGACTTGAGGCATTGATCACTGGCCAAGGTAGCCATCAACCGGTATTCACCGTGATCGCTGGACTAACGTATCGTTCTTAAGAACA,1710,49.77,Arabidopsis thaliana
SEQ_249964,GGAAGTGGAAGAAATCACTTCCCGGTCTTTATACAGTAAAACTTAAACGGAGGCTTTACTAGTAAGCACCACGTTTTAAGCGTCTCTGCGCGGAGTTGCATGTTAACACTGCCCTAGTGTAATTAATTGGACCTATAGGGGGATTGTCGACCACTGAGCCCGAAATGTCTGGCAACTCGTTTTCGATGTAAGTGGACAAAGTGTGGCCGTAAGTGTTTGTACCGTTAACCTAAGACCAGGAGTTACCGAATAGTGCGGCGCGACGTTTAGCTCTCTTGACAATTCCATTACAATTCGGCCACACGGTTACTCTACAAACATTGCGCCAAGGGTTCCTTCCGACATACTGAGCTGGATTTCTCCGGACTGCAAGTTAAATAGTTATCGTGAGGTGGAAGTAACTTCATGTCTCCTGGATTGCTAGGGGAGCGAGTTGGCAACGCGCACGGTACGTCATTCTATGACTGTTGTCGTATACCTAGCGTAGAGAGGTACTTGCATTGGTATGAACGCTCCGGGGTGAGACGAGCCTCGGATTTGTCGGGGTTGGTGACGAGCATGACCTGGCTCTCCTGGACGGCCTGCGTTGTGTTCCTTAGCAATTAAACTACCCCGTCTATGCGGTGTTCTTTTGACACGGAGACGTACAGCGAGTCCATTGTACGTTAAGTTAGCCACGAAGTGTTACGATCGGGGATGGCGATCGCTTTTTGCTGCGGACGCCGACCCTCTTACGTCTTCGTATTAGTAAGCAGGACTGCTAACCATATGTTTATAGTTGACAGCACTCTTGTCCGATGTCCAAGAACCGGGGGGTGGACAGCATACGTTCTAAACCCTATCAGGTTAAGGAGTTGCCTGGGGAACCTCGTAAGACCCATAGGGACTCCTCGTGGGGCACGAACATCACGCTCCACATTGCAGTG,926,49.89,Drosophila melanogaster
SEQ_317954,ATCCATGTAGGAACCGATATTAACCGTTAGCAGAGCGCTTGTTGTAACAGTGACGAACGAACTCGCTCTCGAGTTAGTTTAGCGCAAGAGGAGGAACACTTGGATTCCCAGTTGTAAGACCGTTCCTATAACGACAGACGGAAAACGCATTCTAATTACTGTCCCCAGCGGAAGCCCGCCTCTCAACTAGCGGCTGAAAGGCCACGGGAGGACTGTGACAATTACCACACAAGCCACTCGGCCTTGTAGATGTGCGTCTGTGGGCTATGCTTAGTCCATACCTGTCAGTGGCCGGCGAGTCCGCTTCGTAAGGAACCTATTCGAGCATAATGGCGCTACGAATAGTCCAAGTGTTCGACGAACGACAATCCTGTGACTGCCCCTGTGCCACGGGCGACTTCTGCGGAACCTTGCCAAGAAAGCAATGACCCCCCAAGGAGGAAACGGACGTTCCATGCTAATGGGCGTCCGTGGTTGACAGTTGGTATGCACGTGCGGTTTCCTGTCGACCACACATCTTATGCTAGTATGGATTAGGAGACCACGAGTCGTCCGTTGTCCACTTTAAGTCTAACTACGTGGAATTTAGAATCAGCACTTGTGTATGTTTCGCGAATCAGATATCACGTAGTATTTTTTTGTTACTGTATGACCTTACACCTCCCCGGTTGAATCACATCAGCACACGCACGAATAAGGGAATGTGGCGACTCTCCCGAAATCCACGGGAGGCTTCGTCTACCCAGCCGTTGCGTCGGCCAAGAAGAATTCCCTCGCTAGAGAAGCGGGGTCCCTTAGCATGACCCATGTCATAAATTCGTCGAGCATACGACTACGGAATATACCAAAGAATGCATGCATCCCTTGTCACAGACGCGAATGCGACGTGATCTTACGCGACTCGGCCCCGTACACGGGCCTCGCCCGGTGGAGTCCGACGTCACGAGCCCAAATGCTCAAACCCCATCGGAGATCCTACATGAGTAATTGCGGGAATTGTCTGATTTTAGTCGTGCTCTAATAGCACGTCTATGTTACTATTCCCGTTTAGGGATTCAGCAAACACCTCACACATCCAAACCTCCAGGGGAAGCGCGACTAGAGCCATTTGTCGGTTCAATGGTTGTGTCGGAAGTGTATGTGGATCAACTCGAAGCATGCAATATGTAGTTACGGTTATGCTTAAACTCAGTAGATACGAATAGAACGTGGAGGTTCTCACACCGGGATGCAGGACTTGTACGGACGTGATTTATGGTTCCAGTGCGCGTCTAGGCGTCACGAACCCATGAGTAGAGTGGCCAAGGCCTACTACGAGTCCGTTCTCGCGACGCATAGCATCCGCCCGGCATTAGGTCTATTCTGCATACCATGGAGACTACG,1383,51.12,Drosophila melanogaster
SEQ_858346,CGTCACTGTTTACGCTAAGGCAGGAATGTAATGGAATGTGGTTAACATGGTTGGAGTTAGCACCCCAAATGCTTCCGTAGTTCTGTCTGTGTTCAAGGTGAAAAGATGGTAGAAACCATCAGCAACAACCTGACGTTCACGCGACAGACCTGGCAACCGTCTAAGTTAGACCCCGTATCTACCTTACGCTGAGATGAGGACTCTCTATGACGACAGAGCTGCTAGGTAGTACGTGATGTTCGCCATTAGTTTGCAAACAGCGGGAAGGTGCCTGTTATCGTAGCGCAGACCTAGCGCTTACGAGGCTGCGCCAGTAACCACCTGGTCTTTCTATCAGATAAGGTGAATACAAGGTAAGGTTGTAATCAAAAGGCCTCAGGGTTCGGCACAGGCCTCGTTCTTCCGGGTGTTGTCTGCGACTATTTATAGCGCCACTTACGAGCAGAACTGGCCCATGCGGCTTCGCGGGCTGCCCCGGGTATCGTTCATATAGGCGGGTGCGACACCGCAGCCCGAAAAATCCTAGACTAATTGTTTCTACCTCCCCCATAACTACCGGTTGGGCGAGTCGCGCATCATAGGCTGACGACACCTTCGCCGAGGGGAGTGTCACCTGATCTAGTTA,625,51.84,Arabidopsis thaliana
SEQ_175918,TTCAAGTGAGCGCAGGTTTGCACAAGAGGGCCGAAACCCCGGACGACGTCAACGATTGAGTAATAGTGCAGGCATTGCTTCGTGGTGCACCTGACTGCATGGCGCTGGCTACCTTAGCCCGAAGACGAACCAATGAATCGGGCATGTTATACTAAGCATCGTCGTTGGGATAGGCGGTTCAACGTCATTTGGCGGCACTCGCGACTAAAGGGAAGCTCGTGGGGTTCACCCGTCTTTTGGACCGGACTCTCATCCATGATCAGCTCAGCGTTATCATACGACGAGATGCTCCCTAATAGCCGTGTGCTTGTTACGCGCTTAACGTAACTAGTGCGGTTTCGGGTACTTCTGGCCATCTGCAGCGACCGCACAAGTGCTGTTCGGGAAACGCGGAGCCCTTTCTCATATAACGTATAGAACCTTACCCCACCGACGCGGTGGGGACACTAAGGGGACACCGATCTAACGTGAGGTCATTGCGCCAAGGTCTGACACCCTGGTCGGCAGGACCGAGTGCAGAGGTATACTAGCGAACGCTTATAGTAAGATGTACATCGTGATTCGATGTTTTACGATCTACGGCCCCTGTACGACCTCTATTGCTGGAGCAGTAAGAACGTCTGCCATTTGATTCCCAAATATACGAGAGAAGGGTTCATTACTTGCCGAGACAAATGCACTCGTATTATGTAGATTCCAATTGAGAATATGATTTCTCGGGTTGCTGCCCCGGGCATTCAGATGGATAGAATATTAGCCCAATCTCTTTTGAGTCTCGTTTAACAAGAATCGGTCTTGCTCCTTTATACCAGTTGGGATATCATGGACAAAGCCAGCCTCTAATCCCCTCTCGCCCAGCGAATGGAAACGTTGTGTCTAGAACCGCGCAGAAGAGGGCTAAATCCACCTATTGAGAGTCCCAACCAGATCAGGAATACTTGGTTTAAAACCGCGCCAGTACAACGCCTGTGGCCTCAATCTATTTAGATGAAAAGACAGAATCAGGAAGGACGACGTTTCTAAGGACCAATTTCGCGACTGAAATATGGCGCGTGAAACATTACGGCTACACACTCTACGCTAACGGCCGACGCCTTGTCGTGGATGCTCTGCTTTATAATTATCATCGAGGTCTTATGATTGGTGGACAGATGGTGGCCTGCGTTGACTCGCACTTAAAGTCTTTAAGGCCAGCATTGTGTTCCGCATTATACTCATAGGGAAAAAGGTCCATGTTGAAAGAAGACGTTAGTGTAACGGGGGAGCACTATAAGCCTTCTAAGAGGTTCCAGCAGTTTGCGGAGCCCCACCGTGCAATAAAGGCATTCTTATAGAAGATGCTCGTCGTTCGCTAAGAAAAAGACTCTGTTTTCATCTTGTCACGGAAGCCTTCCATCTTTACTGCCGGCAGTACTCGAGAGTAGAATACCCTCCTTTGTCGGACTCCTCCCGCATGTACGGGTTGTGACACCCACTGCAACACAGGCCCTTCTATGGAGAGAGTACGAACCGCGCTAACATCGCAACCGCGGAATCGTTAATACCTCCTGTATAGCCACGCGGATAATCCGTCATTACAGCACCGGCGGATTACCTACAGGAAGCGTCCTGTACTCTGAATATTCAATGTCGTTTGCGGGGTTCAGCAAGAAACATATAGATTTGGGTTGCCGACCGTACCGTCCTTACTTGCTTGTAGGTAGTTGTCCGTTGTATAGATCCTCTCCCCTATATGGCGGACTCTACGAGAAAATCCTAGGACGAAGTACGACGATTCACAGCCCAGTGCTCCATGCATCCTCGTGGATCCATGCAAATTGGACCGTGAGTGGGAATCCCCAGACCGCCGCAGCGTAAAGCGAGCTATACTGCCGCCCGACCTAACCCGCTGTATGTTTCGGCATTTTACTCTCCAATCCCTGAGCCATAGGCAT,1934,50.05,Saccharomyces cerevisiae
SEQ_508509,TCCTAGGATGCTAATACTCGGACCGTGAGCGTGGGGCTACGCGTTTCTATGACAAACATGTGAACATCTGGGCAATACCAGCTGGTCTGCCCCTCCATAAGCAACGGGTGCCTTATGGTGTATATTCGTCTGCAGTGACAATTGGGGGGGCCCGTCAAATCTTAGTTGCACTTTTAGTGAGATAGTCTGACTCTCCCACAAACTCTCACTAACCTTCGGACCTGAGTCTTGCACGCCTCGCCGAAAACAGCGAGAATCGCTATCTGCTCTGACATGTCGAGTGCCTTCAGGAATAATATTTGGAACCATTCAGCGAGGCCTGCACGCTGACCAAAACTGGCAGTAGACGCGCCCAAAGCAGGTCGTGGCCGACATAAGAACATTCAGGTATCCACCGCAGCGGCGCCACCCATCGAGCGTTCAGTGCTTAATGGTTGACAGGTTGCCGACGTGGAGCAGCCTATTACTATGGCTTACACCACCCCACTTGCCTCACCCAGCTTCGACTTTTTCGTGGGCTCCGAAAGTGCGCTCGACACATAATAGTATATCACTCCGCCTGCCCCATTGACAATGTATTTGAATTAGAGGGAGTCCGCTGAGTGATGATCGCGGGATCTCGGGCGAGATTATACTAGCTCTCGACGCAAAGTGGGATGAGTGTCGCCGTTCCGCGGGAGGACCAGCTCTTCAATAGATGTTATCCGGCCTGTACGGTAGATCGA,725,52.69,Caenorhabditis elegans
SEQ_629325,CGAAGATGCTGGTATTGATGCCAACTCCATCCCTCCTCACTAATGGTAGTCTTCCTTCGCAATGTCCATTGAGAAGGTCACACATCCGTGTCCCAGTCTGTTGGGTCAAGGCCTCCCTGAGTCCGTCGCCGACCTATGATAGATCGGATCCCGACGGTTATTGTAGATAGACAGGCCCCTCATGTACGTGAGATCGACTTTCCCTTCACAGAGGTTTAGTCTGGCTCAACCGGCCGCAGGTTGGCACACGCACCTTATACAATTCCTGGGAGTTCTGGGGTAACTTAAGCTGAAGTGGAGGGTGTTCGGCATTCGTGGGCGGAGGTTATGTACTTATACGAGCATCCGACTGGGCAGACCCAACTAGCTGTGTTCCTGCGCTCTGAGATGATGGCTATAAGTTTTTGGCTGCAGTAAGGCCATAGGAAGTGTGTCTCAAAGTCTCAGTCTTCTATATCTGTACGGTCCACATGGGCGATGCCGGCCCTGTGGAGCCAGAGCTCCATGAGTATAGCTTCAATATGCCCTGCTGCAAGTATTGTTACGAAAACTAACGCAAAGCCTACCGCTGGAGTAGAATTGCTATAGCCGATCTCACCCAAGGCCCCTAGATGGGTCAATGGCCGACTCTACACACCAATCCTCCCATCACCCAGTCTGGATGTGAGGAGGTATCTTTCCAGCGAGAGGCAACACAGTCAGAACATCCCGGCACGCGTTCTCTCTGCGATCTTGCCTACCGATGGCGTTAAGCTGGTAATAAAGAGGAGTGATACCCAACTTGGCTCTCCTCGGACGAGTACTTGGTACCAGATTAACATAAAACATCTAACTACTTACTGTTATTCCTTTAGATCCTCCCAGACTTTGTTCAACCATCATAACCATACTCAATTCGCCAGTACGAGATCTCGCACATTAACCCCCCGTCCTCAACGGTGTGAGATGACATGAGAGGATTTACATTAGTCTATGAGCTCAGGAGGACCGATTTAGGCGACGTAAAGGGCTTTAACTTCCCCACGACTGAGTGATAAGCCCATCCGCCAGGCCGTAGCAAGGTTTGTCACGGCTTTCTTGCGCCTCGGATCTAAACCATCATGCCCCTTGGTACACCTTCAGGTTCTAGGAATTTACAATCTGCACATCTGACGACCAGACAATCCCAATCAGTCAGAGAGGCCGTCTAAAGTGAGCGCTCCAATATTGGGATGTGTAAGCCAAAGCATTAGCTTTGAGAAGAAAACAGTAGAACTCGTGCGGGTTATGGCTCATGGTCTGTCGCCTGGGTGGCTGATGACGTTCCCGGGCATGAATCGACGTTCTATCGTAGATTGAATATTGCGGCGCAGTACGCCGCAATGATCTAACTTCACTTATTGTACGTTCTTTTTACCTGGATAGATTCGGCGAGCATGACGGAGAGACATGCTGCAATGGCAACATCGCAGTCGCCTACAACTAGTCCGGAGCCCCGCGATTAACGGTTTCCCGCACGGAATGTCACTAGGAAAGGCGCTCAGGGTCCAATACACTCCTCGGCCGACTAATGAGAACTATTCGAATATCAATTCCACGACCAGCTTGTATTGCAGAAATTTGTCCGCTGGACTACTGTGCCCTACTCACAACCCCGTGCACGCATTTTACATTTTCTACGACGCTTCGACCGTCGATTATCTGTATAAAAATGCCTACCTCTCTAAAATCTTACTCCGCCTGCCTGGGAAGTATCACTATTCTGTGAACGGCCAGCGCGGGG,1762,50.17,Drosophila melanogaster
SEQ_763282,GCTCACGAATGAAGCGATCAGACTTCAAAAGGGTGCTTACAAGCGTTGTCTCAGACTCGGAACATCGATGCCGTTTGAGGGCCGGAGAAGCGCGTACTACCTTGTCCTGTTAAAGGTAAATTGGGGTCCATTTTCTACCGATCGTAACAGCAGAGTCGTGGAGACGCCCAGGTTGGGCTTCTCGGCTAGAGCTTACTAGCGTCTATAGTAGGTGCTCAAACTAGTCGACCGCTAGGGAAAAGCCGCTCTTATTATGGACCCGTGCACATGCAAGTGAGCTCAAGGAATCACACCCGGCTGTGAGCGGGCACTACTTACAACGCGATTGAGCTGTAGAAAGACGTTGGCTAATTCGACAAGACCTCGCGCTTAGTCCAATTCACAAGCATTGTTACACTTCTTATCGTCCTGTTCCTCGCCCCACGAATGAGGTCCAGGTGGCCGGGAAACACACCGTCGGGATGCTCACAAGAAGCACGTCAACTGGTACAAAATGTGACGAAACGTTTTCTTCAGGTAGTCGCATCAGCATCTTCGGTTAAGTATAAGTACAACTGTGATGAACGCCATAATCGGGTGCGAGACCGAAGGAGGCCCCCAGTCTTGAGAGATTCGGATTCACGATGTGTCACGCAAAGTTATAGGATCACAGACAAATACTAGTTCTCTCGCGAAAGGAAAACCTCACATGTACGTCACACCGGTCCATCATCACTAGTTGTCATAAACTGAGTCGCATGGTCATTGCGTGGTGAGTATGTTACCTAGAGCATGACACAACGTAAGCACAGTGTATCAGCCATGTCGCACGTTGTCTTCCGGTACACCTTTGAAGGGTTGGAGCTCCTGAACCATCCGAATCACTTCTTTAATTGCCATGTCTTGCGGACAACCAGGCGGATTGTGTCTGATGATTTCATACCAACTCCTATGCACCTAGGCCGTAAGTCAAGATGTGTCAACGTACGACGAAGATTTCCTATGGGAAACCAGCGCCCAGACAATTCCCCGAGTCGAAGGGCATACGAAGAGTGCTCGGCATTCTAGCACGCGTTTCCGTTATAAGGTGGACTAACAACCAATCAATCGCAACATAGTAAAGTACTGGATTGCGATTAAGTTACTCGGAGAGGTTGGTTTCTTAGGTTCTAGACTTCACCGGACGCACTCTTGCTTATCATATTAGGTGAATTCGTCTACCTCAGCATCACGAGAAAAAGCACTGTTGCATTACACCCTTAACAGCTCCCTACTCAGCGGCCTCCACCGCTTAGCACCTGAATGTGCTGTGCGATGCGACGACCCCAGGGTAACAATTCCACCGAAAAACCCAATGCCGTCCCACCCAACAGCTCAAGCCAACTATACTTATTTCCGTCCCCATAGGGCTGATAAGGCCCTCAATTCTGCCCAACAAGCGTAGCGGTATACGGAGTACTTAGCATGTCTGTACGGTGTGTTCTGGTTTGCAAGGGTGTCAGGCGCCTTAAGGCAGCATGCTAGCGCCGGGTACTCTCAATATAAGTCAGTGTGCGCGACTCTTGATGGAAATTTTGTAGTCCGAGCTCAGGAGGAGCGTAAATTAATAAGGCGAATTCACCTTACGTTAGGCTGTAGAGGGGCTTCAATTCCCAAGCGCGGGTACGCAAAGCGGTCACCCTGACTCATAGTGTCATTGCAGACATAGTAGTACTCGTCGAAACGAGATATGATCACGACCCTTATGCTATAGGGCATCAAGCCATCGTTGAGTCGATACAATTTTTGATACCTTGTGGACGATACATGCTATCGACGGACTTGCCGTACTTTTACACAGCTATCGGCGGTCGCTCCACGGT,1841,49.43,Drosophila melanogaster
SEQ_403310,ACTCTCGGGTGGCCGTATCAATCACGTTTCATCTTAACGCTGGTTTGCAAGGTTGGGGTTTGGCTTTCGTCACGGGGGTGACACGCGATTTAACTATCGATAGTCTCAGAAGGGGAATGGGCCTAGCCATACATAGCCAGAAGCGCTCGCCTCTAGGCCACGGTTTGATTACGCCTGCTCGCCGGGGCTCGAGAGATGGCACCTTGTATTGATAATGGTGATAACCTACGTAGGTTACACATGCCAGTGAGGAAGTCTCCGCGAAGTTCCTTACCGCAAGAAGCGGTCGCTTGCTCACCTCAGATAAACTCCACAACGCGAGCCTTCTAATAAAAACTCGTGGCAGAACATGACCCGTTCAAATAAACAGCATGATATTGCCAGCTTTCGTTCCGTGCATAATCCAGAAGAGTCACTAAAGCTATAACATGTAACCAGGCCCACTTCGAACGCTTGCGATAAAATGCCTATCCACAACGAGGATCTGCATTCTTAACGGACTAGGGTACGTGACCCGTAGACATGAGTCGATCCGCCGGGTTCCGCCTGAGTGACGATGCATTCACGGTATTCCAGTAATATGCAAATTCCCGTCAGGTACCTTACCTGAAGACATCTTATATAAAGTTCAGGTCGTTTCATCAAATCCAGGCTTTCAAAACCTCACGGCCGTAACCAGCAGCTCTGGTCGACAAT,696,49.43,Escherichia coli
SEQ_738397,CCTGCCCTCAAAAGCCGGCTAAGAGCTGCCATGGCATGTCGCCTTGCTCCAACTGACGCCACACTCTCTACTTGCCTCCTTACTTGCCTAGTCCAATAACTCCTACTCACAGCACGTAGCGCAGTGGATTGTATTGAGTGGGAGCACTTTCCTACTTTCGGGTGGAACAGCAGTCCTCTGCGACGAACGGAGGCTGAGTGGTTCAGCTCAGAATGCCACCGGAACCGTTGATGGCTCTAACAGTGAAAGAGAATATAGCAGAATTTAACAAGGTAAGAATCGTCATGAAGGTTAATCGGTTCTGCCAGCGCGGAATACGACGTGGTTTGGGGGTATCATGAAACGTGAAACAAGGAGTACCGGGAGCTGAAGTTCAGCGGTACATAGCTTTGATGCACCAATCTCCGGTACATTACCCCTGCGTAATGGACAGCATGTTCGCGCCAAAACTCGATTCAGCCGTATATAACCCGATACAAGCAATATCCACCTAGTTCGCGATCTTATTGCTAGTTGCCGTTGACCAGTGGCTTTAGACAAGCGCCTTAGCGAGCATCAGTGGTACTTGTTGTCAACGATATCGTTCATGGGTCTTCAAATAAACAGGCTGAGTTATTAAAAGTGAGTCACGGCGTGTCCTCGTACAGTGAGATCGTCCTAAATTTAATTTATGTCAGTACACTGTAGCATTCTGATGCCAGCGGTACAAACTAACTCTAAACTGGGTGATACATGCATGGCTTCGGAAACCGAAAGAATCCCATAGCTCTAGACATGCGCATTCGGACGGGAGCAGGTAAGAGGAGAGTAACGCGTTACCAGTCGTGCTTAGGATGGGGTGATCCTTAGTACGCTGGAACACAGATAGTTCTGAATGATCGTGTAGACACGAATTTGCCGAACAGTGGACCATGTTCGTGCCCCGCGTCATATAACACTGAAGTCAAGCTTCCCGAACTTATGAATGGTCGGCCGATGCACGCTGTCACGCAACCTAAGCGAAAGGATGTAACGAACGGCGTTCTGGCCTTTACGAGTCTGAAGTCACCGTAGAGCTAGTACTGCAAGAAGGAGAACATTTGCGTGGCGCGATTAGCTCCCCCAGGTCCCAGAAGAGTTAGTATCATAAACAGGAGACCGAAGCCGGCGATACTCCTTTGTGTCACCATATATGTGAAAGCGCCGTGAGATTTGCCTTCGCGGGTCCAAACCATTTAACGTTTACGATTATCACGGAGTTCCTTAATGCGCACCAGGTACACGATAGGATGGGCTAGCTATCCGGTCATTCGTAATCACTGGTCAGCCGGCTAGTG,1316,49.32,Saccharomyces cerevisiae
SEQ_906378,CAAGGACGAAATCCAGGGAATTATACCCGGACCTGACAGACTGTATCCCTTCTTAATCATAACGCTTTGATCGATGTCGTCATCAAGATATAACGCATTGGGGCACATTATTTCAGAGTCTATACAGCGTTGAAGGGCCGATGGGAGAAAGTCCTTACGTCCAAGTCCCGCAGAGAAGGTATGACAGTGTCGTCTCTAATGACAAGCAAGGGCAGTTTGTCTTAAGCGTTATTAGTAAATAATAGACTAAGAAAAGGATCGCGTATACCCCGTACATCGCCGCGTAAACGGCTACTATATCAGGCAATTTGAGCATTACTCAAGGGCCGATCGGACCCCTTCTTGGGTGCCAGCACCTCAGCTAACGACAGCGGTGGTTAGTCGAATATGTGACGGCGATAGCATTAGACACGCTTCCGAGCGCGCAGGAAGCACACTAAGAAAATTTCACTTTGATAATCCAACCAATGTGGTAGCCCATCTAGTGTGGTATAAACTGACACAGCAGTGCCATTGTGTAGAACACTACATGGGGTGCAAATTAAAACTATGCCAATTCGGACATATCTCATCCGCTGAAGAGAGTACTAAATCGTCCAGATAGCTGAACCAGACGGGCATTTCTTGCCAAAGAAACCACTACCAGCGTAACTAGGGGTAAAACGATTCAGGTTCACGTACACATTTTCAGCTGTCGTTTACCGACCCAGAAACGTAATTCTAGTTTATCACGCATTAAACTCGCACAGGACCTCCATCCTCTTGTCGTAGATAGTCGACTGCGTGAGGGGCCGGACGGGACTTCGGAATATGGGCCCCCAAGTGTGATCTGATTTGCTGATTGTATCACAGTCGGGAGATCGCTCGCCGTAATAGCGGGTATTAACCAAAGACCGTTTTGGGCGCTCTTGAAAAGCAACAGAACGGTATTCCGCCGCGGCTGGCTGTCGCGTCCCGCTAGCAAACTTCCAACTTCACTTATACTACGGGAATGATGCCTGCTTAATGAGCTTTCCAACGGTATTGGGAAAAGACTTACCTAATATTATACCCAATTCAGGTACACGTGACATACCGACATGGCTTGGGATAGAACCCCTGAGTGAGGCTCTTCAAGTGGACCTGCGGCATTAGAGGGGGACAGTTCCCCTTGCCATCACTCCCATGATTATCAATTTCCACACCAGCAACCGATAAGTTAGAGAATGATATCCGCGCCAGCCGTTCCCTGTATAGATTAACAATCTATGAGCGGTGCTGCATAGGCGGCGAGTCGCGACCGCGAGAGTATAGCGGTGCCCTAAGGTGGCTATGTTAAGACTAACATTCCACAAGGCGTCCTTCTGGCTGGAGATAAAGAGGGATCATGCGGAGACTAGAGCCTCGAGAGGTTCTAGTATAGTTCAAATCGGTCACCAGGTGGCCTGATTAGACTGACCCGCCTTGCTATCCGAGGCACGTAGCGATAGGTTAAGGATCTCGGTACTATCGATTAGCGCCCCCGCCTTCGATCCCTTCCGCAGGCGTCAGAATGTAGGAACTTGGTAAGGGACCGAAGGGTTGATCCAAACCCCCCGGTTATCAGGC,1587,49.15,Mus musculus
SEQ_702629,GCATGGGCAATGAATTAGCAACTCTACCGGGACTGAGGTGAGCAAGAGGGCACCTGTTGAATTCTAACTGATGAATTGTCTTAGTCGATTTCTGGAGGACCTGAAGTAAACTGTTCCATCACTATTGCCAATTAGTCCTCGCCGACGCGAGGCTCCGGTAAGGTAATAGCTTACACCATGTCCACTCATCGAAACATGCTATTAACAGACGGTACAATAGGGTGGCAAATCACCCAGGCGATTGGCCCGCCCGTAGAATTGCTACTGTAATAATCGCGCACGTGATTCGGGGGGCACCGCGGGAATCATGAGTACGGTACCGAAAAATATAGGTGTACTCGACCCTCTAGCGTGTCGCAAAGGACTACTAGGAGCCGGGTTTGCGACTGTCAGTCTGACATGCAAGCCTACGGGCTGAAAAACCCCTATCGTTTTTGTCAGTCAGCGACTTGAAGAGTAGGGATCTGGGGTCGCACATGAAGAATCGCGAGTCAAATAACGCACTCCTCTACTGCGACCCAGCAGCCTATTAGGACTCTTATAATTGTTATAGCCATTTCAGATGCACCAGCCCGCTCGATCGGAATTGTGCTGCGCTTGGGGAGTGAAAGTCTCAGGCAACCGTTCCACCCGCGCAGGGCTCATCCTCCTGACATTGGTGCGGACAAAGCCAACGAGGGTCTA,684,51.32,Drosophila melanogaster
SEQ_405730,CCGTTCCGTACACTAGATACGAATGACTAAAGCTTAAATGTAGCAATTAGAAAGCCGGCTTGAAGGTTTGTGTGGTAAAAAATGGTGTGTATACAAGCGAGTACATACCGGGCTCAGACCGGGGATCATCGTCATGGGCTGCATCTATGAACGAGGTTCGCGCATTATTTTAAGGTAGCGCAACAAATATGCTTTCTTGCTACAGCAGATAAGCACAACACTGCGGACAAAGGGCCGGATCATGTGGCTAAAAATGCTCTCGCTCGTCTATCCATGCGCAGATAGGGTAAAAGGCTACGCGGGAACTACAAAACGTGGTTTCGAGAGCGTACAGTATTCTAATCAACAGCCAGATCCCCCGTCACCAATTGTCTAAGAAGCATCCCTGGTGCATCCAGTGGATCGTAATAGCTAAACAGGAGGGAATCCAGTCTCACCACAGCTACCTCAATATAACTATTCTAAGCGTTGCGATGTACGTTTGTAACACCCGTGGGTTCGCGTACGACTTTAAACACCCTGATCCATCCGTTATTCCTTGGATGAATGTAGGTGCTTTCCTCGTTCGGGTACAGTTCAGGGTCTTTTCTATGACTGTGTACCTAACCATTAAACGGCCGTCTGGCTATATGACAGCGATTGAGGCCCCGCCTGTGGACTCGACCATCGTGATGTTCTTCGCACTACGGAGAGACTAACTCTGTCATACG,710,47.61,Saccharomyces cerevisiae
SEQ_558899,TAATCGAACCAGGCCGGACTGACGTCCCGCCATGGGTGCACTCTAAACAAAGCAAGGGGATAACCTTGCCCAACGAGTGAGGACTTAGCGAAATCTAGGCCCGTTCACCTCCACCCCCTATTGCAACTCAGTCGCAGCCGTGACAGCTCACTACGCAATCGGTATAAGGTGGCTTAGAAACGACAGTCACCCCGTGCAGTTCCGCATAATTCCACCTCCTTGTCATGTTGTTTGGAGTTTTACCGAAAGATCCCTTGATATGCCTCTTTGGTGGTCATTGTTTCTATCCTATCATTGGCGTCGGTACCCGTGGTTAACTAACCAGGAGAGTTTCAGGCCGTGGTGGTAATGAGACATACGGTCGATTTGCCTTTCCCAATTAG,383,50.65,Arabidopsis thaliana
SEQ_799779,CAGATCACCAGGCTATTCAACAGTCACGTATGTCTTGCATCATACCTGGCACCCGTCCGAAGCGTGATGTACCACAGGTTAACCGGAGATATTTATATTTCAAATAGATATGAGCTGCCGGGCAAAGTGCATAAATCCGGCCCCGACCTGACGGATGGAAGCGTTATATGCTACACTGCCTGATGTTTCTCGGGGACCCTTCTGACCATGTGTTTCATATGAGGCTGCCCGCAGGGGGCTTTTGTCTTACTCCTGGTCGCCACGCTGGTGTCATTTGGTTTCGTGGATTACTTCTATGGGATTGGACAATTTTACTATATTAACCTATCAGCTTCGCAAGTGTGCATAGGTCGTAGGTCCCATTCTTCACGGTCGGGGGGTACCGTCCCTCCGATAGACTACAAGAGCTCGAGTTAATGGGTAGTAGTGTGGACGCGTACTAATTGGTGTAAGCTATGGACAGTAATATTACAGCTTTTGACAGGGTCAGCGTTGCGCTAGATCATCGAGTTTCCTATTGTGATTACTGCAGTTGTTGTGCTAGATACCCATTACCCCGTAATCTCTGGACAAATTGGTCTCCTCCATCTTGAAAACATCTGACATGTCGAGGTTATGTTCGTTGCTCGCGGTGGCTATCAGACGCGTCCCATAGTCTTTAGGCTCAGCAGTGCTCTCGCACTTCTTGCCCCGATACTCCCAAATAACTGCCCCAGCCAGTGTGACGGGTATGCCCCTACTTGACTGAAAATGTCTCTCTCAAAACCAACCAGGGAGATATCGCGAATCCGCGTTCCTTTACCCGCTGACTTAATTTGGATTTTAACTCCAGCCGTTGCAGATCTACCGATGTGTCGTGAAGGTCGACGAGACCACCGACCTAGGTAATGCATGGTTTTTGCTATTTAGGCGTTCGCCCAGTTGTGCTAAATGTGCTTGAACTAATACGTGGCAATTGGCTCTGGTTTGCAGGTACGAACCCGCAGCTAAAGTTTCAGTCTTTCGGCTGTCTCGAGTTCGTCGCCCCCTTGAATGTATCTTAGTTGTAGACGAAACGATACTTCATACGTCTCCGACATGGGCGCCAGTGATAATATCTTGGGACTACGAACCGGCAGTATACCACACCTCTGGGAGCGT,1140,48.95,Caenorhabditis elegans
SEQ_766863,ATTTGTTTTTGCGCGTCGTCGGGTTTTTGGCGGTTCCTGCCAGAGACAGTCTCCTTCTGCTGCTACGTAGACCTCACCACGCAAGGCCTGGCGCAAAGTGAAATTGGCGCAGCTCCGGAGCTGGGGGCCAGAGCGGTTTTTATCCGCCCCATGCTGCGACTATTGCAGATTGCTTTTTTCACCCTCTATTTTGCATAATTGGGCGATTATTTGGGCTCTACGACTCCGGTCCAAAAGGCCTCCTCGACGTAATGTCCCTCTGGTTAACGGTCGCATCGTAGCGTGCTGGCGACACAGCTCCACCTTGTAATCTGTAGACTATGCCATGTCCGATGGTCCGTAGCGCGATCCAGTAGCGGCCATTTGAGCCACACAGCTATCTCAGTGAGAAAAAGCCCGGTGGGTACGTGGAGGATACTTAGCGATACAGGAGATTGACTTATGGGACTAAGTTATCAAGGTTAAAATGTCTTCGCAATTCCAGGCTACCACATGAATGGGCTTTGATGGGTGTCAAACATAGACACGGCCCGAGCACAGGGTCCTCCAGCCGATGAAAGCACATACTGAGACATGAGGTTTCACCAATAGGGTGGATCCCGCTTACGCTAAACGTCCGGATCTCTGTGACTCAGTCACCCATCGTGTACTTAAGGCCACGGGCAGACGTTTACTGCGCACCTGAATTAGTCGAACCCCCTGTTTATGTAGGATAATTGGACGAACTTCAACACTGGCCACCGCTGATAAGTTTACAACCTCTTTAGTTCTCACTGAGTCGCTCGGGGGGATTCTAAACCAAGTGGGTTTCGACAATCCCTCCACGCAGTCTTCCATATGAACTTATTTTGCTGCTAGCGATATATATCAACCATTTGGTGTCCGTCCCATCCCCAAACGTAACTGGCCACAAAAAAACAAGCCACTAGAGACCCATTCTAGAGAAGCTAGATAGAGCTCCCCTAGCCCTATCTTATGCCGGTTTACGACACCCACTTTACATAGAGCGATAGGTTTGAGGATCGTAGAATATCGGGTTCCTCGCTGTTCGATG,1054,50.38,Mus musculus
SEQ_385472,TCTTGACAGGGATATGTAACCACTCGATGTATATCTCCGCGGGCGTTAAGTTGTACCAGCAAGGTGCGAAGACTTGCTGGCACCTCCTTAAACTTTGCCATCTAATGACCGAATATATGCTAGGGTTATGCTCAGGTTCATTTTGTCGGTCTAAACCTCACGGATAACTGAGGACCCCTTTGGTATGGAACACCAACGACACGCTGACTGCAGGCGCTCGTGACGCATCGTGTCGTTGACGTTATCGCCAGGCTAATGAACCGGAAGTACAATGCCGCGTATGATGCTCGTCTTGGGAATAGATCCTGTTAGGCATAGTCCGATTCGTGGGGCTAGGCACTGGGCGGGTGCCACTTTTGTAACACCGGTAATGCCTATGCAGCCCCAGAAAGACTGCATGAGCGAGTACAGCTTAGGCACGACTAAAGGGTGGATGGTCAATGAGATATAACGCGTCTGACCTTGAGATGCCGCAATCTATACTCCTGACGAAGTCAGTCCTATTAGCGTTTAGTATCTGTCAATTTCTATACTCACATACTTAATAACAGCGTACATTCCCAAGCCTTTACGACCATGAAGCGTAGGCGACCCGAAGTTTGCGTAGGAGTCCGACGACACACGGCCCCTCAGTATAATCGAGCCGATGCTCAATCGGTCCCCACTGCTAAATTCGTTCTCTTGGCTAAATACAACTCAAAAGCGTATTGTGTGTCAAGAACAACGTTACAGGGCGGCAGTATCACCTAGGTCCGCGATGTCATACCGATTTACGCGGGATTAGCGTATATATAATAACGTAGAAGGGACGACTCATACGGCCCCCGCTCACTTCCGGGCTTACGGGCCCCATGTCAATGGACTCATTGCTGGGGCGAACCAGCTGAACTCCACATTGACTCAACGTGAGTCGAGTGATTTTGCGCCCACCGGTATCTGAAATACCTAAGGCAAATGCCGGGTGTAACGTTGGTCCGCAAAGACCGCTAAGCTATATGTCCTCCAGAGCGCGTACCAGAACTACGAACCAAGTGACACCAGTTTTTTCCTTGCGCCTCGTAGCAGAATGGGTACCTCTGGACTGTAGAGAGCAAGCTCGAGGTATTGAGTATTTCTCCCTATGAGCCGCTTGGCCCACTTCCAGACGGACGCCTCTCGTTGTCTACTCCCTTTATTCGGAAGTACGATGTAACACTGTCACCTCAACCGCGTCCGGCCAACTCAGTATATATCAGCAGGTGGAAAAGGGAAGCTAACTGGTTACGTATCGCAGATCTTTTAGTGGATGGTAGGCACGAGGCCCGTCGACCACAGAACATGGAATCTTCCGGGTCTCACAGTCCCATCGCTAAAACGGTAGATGAGCCTCAAGACCGTGGTTGGAATGACGGCCCCTTTCATAACCCAGCGTCACCCACGGCCCAACTAGAAACGTGTGAAGACACTATGTCGGTGGCATCGATATATACTGCCCGCAGGCAGGTCACAGAGCCGCAGCTCAAGAGAAAGTACTAATTT,1518,50.72,Caenorhabditis elegans
SEQ_127604,TCGCAACGTAGATTAATTGGCCCTCGGAGTGCGTTATGTGTTAGGAGCGCGGCATCGAACCGTTGGTGAAGTACGACACCTGGTAATTGCGGGATCGTGGACACTCCCACTCAAGTGTAAGGTCATGGTCAAGTGGCACGTGGGCCGGAAGCATCGTATGTCGGATTTGGGTAACTATATCGCGCCAGAGGATTATAGAAACTTGGAAAAAGTGTTTAATGTTAGCGCAGTAATCTTGAACCGACACTGGCTAGTCGCAAAGGATGATCCGACCGACCTCGCAACGACATAAGTTCATATATGATCATGACGTGTACGGGATCTGTACGATGCGGGTCTGAAGGTTGTCGAGAATTGTCCTCTGAATGTGTCGTGGGATTTAATCTAAAGCTTGTTGTAGACGAAAGCTACCCTCACGGCGAGCGTCCCACCCGGCGAAGAAAGACAGTAGCGGCTTGTGGATAGTCGAATCCCATGTCAACGCGACCGGGGAACGAGCTTTTGCTTCCGCTATCGGATATACAAACCAGTGTCAGACAACGCAGGGGCAGTCAATTTCTGCATGCTTTCTTGAGGGAACTTATCTTGAGCTTCACTAGCGCCAATGTGCATTGAAAGGTCGAAGATAGGGATTGTACACTCTATACGGGATGATCAAAAGGGGAGCTAGCAGCTGCAGTCCCGCCAAGTATGGCCGCGCTCGCATTGATGCCGCACACAGAGTGACTAGTTGTTAAGGGCTTTGGTCTCGGGTTGCGTATACTTTCTATTCACAGCAGACGCAAAACCCTCAACAAGCATTGGCGGAAGTCTCGAACTTGTATGAAGATATTCTGAGTTATACCACAGATCACACTCCTTTATGCTTTTTCCCAGCGCCCGGCATGGGCCCGTGGGGGCAGACCGATCCAAATCCAAGATTCACACGAGCACCTATTAACAACAATGACAACGGCCGCAGCGCTGCAGTTAGACCTAAGATGTAATCGAATGAACAATTCTTGGGGGGCCAGCGGTAGCCCAAGCACTAGACAATGAAGCATCACTAATATTCAGCAGGGGCGACATGGCGAGAGAGTGTACACCCAACGGGCAGATATGGACCCAGGGCTTGCTCGTCAAAGATGCGCACTCGCTAACTCGTGCCCGTGGCCACCCCCACATTGTTCTTAGGGCATTAGCCCTGCACAAAACATTCAACACCCCACTTGCTGGGTACCGTACAGTAATTGGTTTAACGCCCAGAAGCGCGGGGTCGGGTACCCGACGGCTAGCCTAGGCGCACGACCAGTGACGGCCCACGTTATGTCCTCACCTAAGGCGCTACCTGTAAATGGGTGTCCCTGACCGGGGCTTGTTACTCCCGTTAACAAAGCTAAGACTGACGAGTAGTTTGGATCATTGGGTAAGAGAGTAGCTGCGCCCAATATGAGTCAGGTTACTACATGTTTGCTGGGATGGCTTAAGTCATTTCCGCACGATTTAAGGCGGCGGTGTCTGACGGACACGTTCAGAGACTACTACAGCTGTAAGATATGATTAGTTACCTTGTTCGTGGTCGATTATGAAAGAATGTCCCGGTGCAAAGGCTATGCCACTAAGCTCCCTACCCTTCCAGTGGGGTCATACTGGTAACCGCGGTACAAATAACCGTCAATATACCCTGGAGTGTTCTCTGGCAGTGAAAAGTTGCTCGTCACTACCACGGATGGTGCGACCTATTCGGGTGCGAAGAATGCCGCATGTTTGAGCCGTCTCGTAAAGTCAGTTAGACACCACCGAGAGACTCGGCTTGAGTTAATCCGCAACACG,1812,51.05,Escherichia coli
SEQ_719839,CGGGGGAGACCCCCGAAAGCGCTTGCACGTCGAATCCTCTCAGGAACACTAACATTCAAAGCACGTATGGGTCTTAATAGGACAAAGGGGCTGGTAGGTGTCCGGAGCTGGAC,113,55.75,Arabidopsis thaliana
SEQ_930727,TACGAGATCCAACTAAAGTCAATGGGGCAAAGATGACTTTGGTATGCTGGACGGAGCAGAGACTCAAATAGCGCCCGCTTCCTATTGCCTGCCCAATTTCGTATCGATGGCCCCAGTGCGTGGTTCACTCCAGTTATGGCTCTGTGTCTGTTCACCTATGGATAGGAGGAGATTCATTGTGCATTTTCACCAAAAGCACGCACTGTGTTCCAGAACATTGGAAATTCTTAACCACTGGGAGCCCGGGACAACTCCAGAAAAAGACCGTGCTGGCCCAGAAGAGGGTTGTTGTAAGCGAAGAGTTCGGGCTAGGGCGCGACCTGATTCTTTTGCATCATCTGCTGACATGTAAGTGGAACACAGCTTAAGCACGGCACGCGGTACTGGTGAAGTCACCAGCAGTTAAACACGACACCATACAAAGCTATAACAGTTTCATCAGTTCAATCCAGAGGTCGCGAAACAATCAGGCATGCCCATCTTGGTCAAGCGATCAGTGAAGGCTGTTAAACTAAAACGCGAAGCGCACCGGAACCACTTTTCTTACATGCTGAGCGGTAAGCGTATAACGGGTAAGCCCAATCTTACTCTCGAAGAGGTCCAAAGTTTTGCCAGGGTTTACTCCATTCCTCGAATGGCGAGGTAGAAGCCATCGTGCTTTTGGCATTTCACCTCCACAGACAGGTACGGTTCATTCGTCTCTCACGAGGGTTTTCCCGTCCACACTATTTAAAGACGCATTACCTGGCACGGCGAATAAGCTCCAGTAACTGTAGGAGTGTCATACCACTTTGTTTCGTCCAGGGTTAGGTTTCTGCATGCGTTATGTCAGTGCCCTAGGACATCATACCCCACCCTATGGTCCAGTCGCAACATTGATCCGTCACTCGGTTTTTACATGGAGATCACTGTAGGTAGATGCGGAGAGTACTGTCCGCTAAAGCTGATTGATAATGGCACTAATTTGCAGTGAATACCAGCGACTCAGGTATCCTTACTCTTGTCGCAGCCTCAGCCGTTTATTAAGGTACGTTAATATTGTTCGGCAGCCCTTCGGGTCATAGTACGGCGGCTATGTGGGGCACATGGTCTTCTATGAATTTTCTGCAGGCAATACATCGAACCTTTCCTCCGTAGCGACGGCTGGTTCATCACTGTTAATGGAATAGTAATCTGACCACAGCATAAATTATCTCTATAGGCGACAACAAATATCCCACAACACTGGTATCTCCACCAGTAGTTTTAGGATCCCATTTGTTAAGAAGATGTTATTAGCGCTTGGGGTGGATATAGCTCAAAGCCTAGCCCCTCTTCATAT,1321,47.84,Homo sapiens
SEQ_175778,CTGTGCTGTCAGATGGTGCGCCGGCTTGTTTGTGTCTGCAGCTAAAACGAGTCGATGTCAGCGGCGAAAACGATAGACCCCCACACGCCTCGCAATGAGGCGAAGCTGAGAGGTCAGAAAGAGACGCAGCCAAGAAATACGATCGTGTGGTAGCGAGGTGAGAGATCCAGCTGTAAAATAATTCTAAGCATATCGTCCACGATAGGGGAGCTTGTTTGAGAGATAGAAAACACCCGCGAGCTCGGGTTGACCGTAGCGAACTCCCCAGAACTTACCAAGCGGTACCCCTTGGGACAGGGTAGGAGTCTCGTCAGCGGTCCCGTCAATTTAGACCCTACATCTAACGCTAGAGGGCGTTATGAGCACCAGTCGGGGCCTGACAATTGTCGTTCGTTGAATATTGGTCGCCTCTGTCTCGTAGGTGGTACCTCATCGAATCATGTGGTCAGCCGTTTTATACTGGACCGCTAACCCCACCTCCCCTCGTGATGTAAATCGCTGATTGCACTTGATTAAATTCAGCCTTATGTTATACGACGGTGCGGCCGGGCACACGAGACATGACAATAGATCCGCATGTGAAACGTTATGCGGCCGCCTAAAGTTAGCGCAACGCGGCTAACGGTGGGGCACTGATATGAACACGCGTGCCGCAGTCCATGCCTTCGTAATTTCGGTCATAATTTGGCAGATCGTCTCTGGAACACTGTACCGGACAAGCTCCGAACGTAGCAACAATGCCTCTGATTCTTTTTCAGCGTAGGCTTGAAATATCCGGCGGCGAAGTATAATTTCCGTTAGGGCTAGCGTTTCCATTTGAATTCCAGACGTTTCATGCGGAACCCTCTGCGAAGCTCGGAGGCAGAGGTTGCGGATCATTATGAGTTTGAGAGTACCCACGCCGTAAGCCTAAGTGTCATGCTAGGACTACGTCAAGCCGCAGGCGCTTACTCCGACTCTTGCAGGTCTCTCATGCATTTTTGGTTCCCCGGCGTACGGATAATTCAGTCGGCTCTACCACCTGTGAATAACCATATTCCTGGCTTTAGACGGACAGTAATGCCGGATATAGATTTGCCAACATCGCCAATCCCTTTCCATCGGGCGATTTGTCGAACGCCAGGTGACAGTGGCTACGTCGATTATCCGACACATCAACAATTGCCTTAGTAAATCTCCGAAATCAGGAATATGATAACCTATGAGCTCTAGGCCGCCGTGCAGTGCGAGAGTTAGGACTGCCCTGATAAAGCGGGAAGTTAGAAATTTGTCTTTGCAAGCCCCGTGTAAACCGTCCTGAGAGCATCAGCGTCAGCGCCGCGTGCTGTAAGAACATCCTCCGTGGAGGTTAGAATAGGAGTTACCATAAAATAGGTTCATGACTAGTGCTAGGAACAAGAACTCGACAAATGGTTTAGAGCAACTAACTATGAATCATGTTAAACAAACCTGTCTTCGGTAAAACTTGTTCGGCAATGCTTTTTTTGAGCCCACCAGAGCATGTCG,1506,50.2,Caenorhabditis elegans
SEQ_558195,GGTTATGTAAGCAAACGGGTCAACAAGCCTATTCTAACCTCCCGATTAATTCGCAACCCAGTATGTGGGAGAGAGGTTGTATAGAAGCAGGTTTGAGGTAGGGTACCGCTCAGGTCCAATTGAGCGGATGAATAAAGACCTTCGACGACGCCTACTCGACGGTAGGAATAGCATATAGTCTGATTCGGTTGGAGTCCATGAGACTCATGCTTACAACTGACAGTCGATAATCGTGCACTCC,241,47.72,Escherichia coli
SEQ_137704,ATCCAACAGTTCCTCCCAAACCGTGTTAGTGTATAGAGTCATCAAAGATGGAATGGAGCTGTAAGATTCCCTCCCTCTAGTGACCAGATCGAAGTGGCAGACGAGTAGTGTCAAGTTCGTGACCAACAGGCCCCATTGCATCTACCGTATGAGACGCCTAGTATTAAGAGACGCCCAAGTAGCTACACCTCGCTGGCTCGAATCCAAAAGGACCCGAATACCAGCGAGCAATCCGGAATACGCCACTTCGTTTAAATAAAAGCGACAGATTAATAGTCAAGAAGTTACTCGTTCTATGCAACTTCCTAAGCGCAATACGTAAAACTCTACGGCTAGGTGAACCTCGACTTTGCCGTCTTATCCAGGTTCCGAAGGAGTAGTGGCTTACAGAGCAAGTGATACCCTCAATAGACAGACAAGGATGACTACAGATAGGGTAATACCAGATCACCTACCACCGCACAGTTTAGCAGAATCAATAGAGAAACAGGGCCACCTAGTTTAGTTAATTTCCCCCGATGTCCGGCCTGACGCCGACTGTGTAGCCATTTATATTGGCAAAGTCAGAGATCAATGAACTACCTTCTACGGTCTCACTCTCCTCTCCGATAGACTAATTATAGCACAGGCGGGTGATGGTACCATATCCCGTAGCAGCATACCAATGTTATGTTAGGAATATGTTCCTGGCGAGTGCGCGCTGGAGCCAATGTTCCGGAAATTTCTCTTACTTGCCTGTGATGTGGTGGCTGCACGATCCAGGAGATTTGGATCTTCTGAAAATACGACTATCCCTAGGAAAGCAGGCAAACGCACACCCAGTTCGGGGGACAGCGGGTCCCGATTGTAGGCCTCTGCAACAGAGAAAGGGGTAGCTTTCGATAACGTTTCACTTATCGACTGCATATTGGACGAGTTTTTTAAGATAAACCACATCCCCGCAGCGTGCGCTATTCAGCTGGATGGAAACACCGGTAGACTTGCTAAGATGCAGAGCAAACTGAATCGAGGCAGTATGTTCCGAAATAATAAGTCTATAAAGCGCCGGAAACTGTCCGATGGCGTGTAACGGAATACCCGGTCTGAAGACTATTAGCCACTCGCATCCCCATGGCCTTCCCATATTATTCTTGGGGACCTGTGGCTAGCACCAATATTGTACAGTACTCAATGTATCTACCCTCTGTACTTGCACGGGTCATCCCTACGGTTGTACCTCCCGGACATGAGAAGTCTTTGCTGCGTCGTCTAACGTCCTGAGTGGCGGAGTAGGCATATAAAGGGGGGTTTTGAGGGATGCATCCCAGATGATGTCCCTTCACGGACACTGGATAGAGCCATGAGTCTCATGCAGACCAGAATGCGGCCGAGCACCTAGAGGAGTACTCGGTGAGTACATGAGCTCGGCCCCTACCTTCGACCTGAATCAAGGTAATAGCGGGCTGCTGTGTCTGTTCAAAATTAATTCATAAGCAAGCCGTTTACGGCCGGAATACTTCCGGATAACTCATATGGAGCCATGCAGTTAACATGCATGGCACAGGAGACTCGTCGCACTGAATAGTGCTTGTCAAGCCAACGCCTCGAAGAAAAATTTTTTCGCGTTTCTTGCCTCCCAGCTAGGCTAAGCAACATAAAGCAGCTTGGGTTTCGGTTAAATGGGTGGAGACCAGGTTGATATGAGGTCAACTCGAACGTCTTTGGCTCTACAGCCAGCTTAGCAGCAATGAAATAGTTTATCACAGCGTACCGCCGCGGTG,1760,48.69,Drosophila melanogaster
SEQ_906016,AGGGGATTTTAGGTCCTTAACGGCTCGACTTCGCACGACCGCTCTCGCTATAGGGACACTTGGACTTATTACAGGCTTCACTATCCGGGGGAGCTTCCATGGGGCTAATCTACTCGTCACCCAATTCGACGGAGTGACTGAGGCGCTATAGTGATGCGACTGTCCGGGTGAGCATAGCGTTATTATAGCCACTTTATATTATTACGACATAATTTTTGAACATGTTTCGTAATTTTCGCGGAACGCTGCGATTAGTTGCGCTAGGAAGAGAGCGGCCCAATAATGGATATCGCCGTGTATTGTGCAAGCCTGGCTAATGTCCCTATAAGTACGTCGACCGGCCGCAACGGCGCCACTCAACCGTGAGCTAAAAAGAGATCCCAATATGCCGCCCATTAGCCGATATTGAACTAGAGCTTCCCTACAGAGCCGGGTAGGGCCGAGGAATATCTCGGCAGACCGGTAGTGGACGGGGAGCTCACGTGTAGTGGTGGATGTGCATTCTGAGTACAGCAATAGGCTGCTGCGCTTTGCCTGCCGAACTTGTTACCTGTAGCAGCTCAGCGAGTGTTGTAGGCTTAGAATGATTCACCGCCCAAACATCATCAGACATGAGTCTAAATTTTCAAGCCAACACCTACTTCCAGTCATGGCGATGTGGATTGAGAGGAGGTAGTTAAGGCGCTCTTAAAGAGTGGGTGAGCTCCGTCCCCGTTTGTAATTTCAGAGGAGAATCCTTCGGCCATCGATCTATTAAGAGAGGAAGCTGGTCCCCCCATGAGAACTCAGTTCGAAAACGGTTTTTTCCTGAGTTCCGAACAATGCAGGCTCAAGAAAGACGCGGCTGCCGCTCCCCTCAAATTGCGGCATGCGAGAGGCGCATGCTATGCCGTGATCATGACACTATACTAAGCTGACCAGGATCGCTCTTTGTTCGGCAAAGCTCTTGCTTTTTGAGGGCTCTCCGATGTCCACGGGGAATAATGATACTGTCAAATTTAACTAGAGAGCCTTCAGATTGAGCCCAATCTTACCTGATTATGTTTCGGAAACTACTGTATAACTGTGTTACGTATTTTACTTACTGAACTTTAAACTGCATCAACTCATTACCACTAGTGTCAGGGCTTTTATCCACGCAAAGACGATTGGCCGCAGGACGAGAGCTGCTATCATGGTTGTTATCAGGTTTTGCTCTGACCTGCACCATGTTAACAAACTGCCAGGATACGCGTTCGTTGGGGGGCATTGCGTGCCAGCAAAAGGTTGGAACGCCATTACTATTAGCCGGAAGCGAAATTAAGGGCCGTCGTACACCATTTAAAGTCCCACCGCCGCAGGACCGATAAGATTCAATTTGTTCTCACTGTCTTAAACCTCTATTACGGCAGAGCTCTGATGATATGTCACTAGTCAGTCCTGACATGTCGACGCGCTTAATAGTGGCGAACCTACACTTGCGGCATATTAGCGTAATTTCTTTGTGTGGTCTCCATGATAAATATAAGTGGTCACTGCCATTACCCCGTTTTTGTTAAGACGCGTTCGGTGAGGCACAAACTTTTTCGAAGATGGTGTAGGATCAGTCAAGGGGTAGGCATTGGGACGGATAGCACCCTCTTATCGTCGGCCCTTTCCAACTCCCACGTCACGGTATATTATAGCACTATTTCCTACTCCGGTCATGTTGCACAAAAAAACACTAC,1706,48.48,Saccharomyces cerevisiae
SEQ_787316,CCCGTACGGAATCGGTCTAGCGTACCTTCCTTCTGCCCGACCGGTGGGCTTGAACGGATTGTAGCCAATGTGTCTTTACATATTTCGATCGCTCGGACTCTAAGTTTCGGAACAGAAGCTAGCTAAGAGGCGGTCACAGCGTATGTATTAATGATGTTACCTGCAAACGACTGTTTTGGCGGTATTTACGAGAGCGAATGAAACCCATAACCTCAGGTTCATAGTATGTCTGTGTTCTCGTTACCAATGAAAGCGCCATTTGTAAGCACACAACAGAGTCCATGCAGGGTCAGCCTCCTTCAAGAGGCTCTTCTGAAAGGTCCTGGCACTGTGCGCGACCGTGTGGGCTCAAGTCCACGACTGCGGCCACTCGACTTATCAACGCAACATGTATGTGTCGTTCTCCTGCGTCTGCTTTCCGTGTACGCACCTTCAGACCAGCGATATAATTATAGGATGTAGCACACCTTCAGGGATCCATGACTCGCAACCTTAGGCGTACGTCGATTGTATTGCCCTCCCGAGGTGATATCAATATCGATTAGAACGATCTTTAAGTGATAGACAAGAGTCTGTTAGCGTACAGTGCCCGTCCTAGGGTTGGACGAGCAGGTCCCCCCGATAGACCATCATCCCCTAACTCCCAGCTATAACGATGTAATTTACCCTACATAAAAGGTAGTTTGTACGGCTTTCACGCTTATTGTCCGTTCACACATACATATTGTATTGCTTACTCTGCAGGGCAGGTCACGGGCTGCGTCCCTATAGGATTCAGGACCCCGGCACGAGCTATATTAACCGCACAAAGCCATTGCGGTCCTCGTGAAATGTTTTTGTAAGGACATCTCTGGTACATGCAAAGCGGATTTTGCACACCGCTGGATTATGTAAACTTTACACCTGGGACTCCTGGTATTAAGGGGGAGCGAGTCTGATTTCCCCCCGCACAAGCTGGCCTAAGCAGATGAGCCTAACGACGCACTGGCTCATAGGCACAGTAGACTATTATAGGAGCCCCGGATACTAATAATGCTCCGTGCAGGTTGGGGGTAGCTGGCTGAATTCCAGCGCCCCGATCCGTACAGGGCTTTGGGACTGGGAAACACGCCTGTCACTGCCAGCCTCAGACTCCCGCAGGGGCGGCATACCGTGATCAGGCTCATTAAGTACCAGTCACTGTTGCCTTACTATACGCCAAGAACACATAAGACCTTTTAGGTACCGAGGGTCCGCCATATGTGGCCAGAAACCTGTCACTAAGCATAGAATGAAGAAGCCACCGCGCGGATGCAGGCAATCTGACCTGCACATATAAAGAGTACAAACCAGTATAAAATTCATATCGATCTAAGAAGGGAGCGTTAAAGTACCTATGTTAAGATATAAGCATCGGA,1397,49.61,Saccharomyces cerevisiae
SEQ_222752,AGCTCCGCGACTCCGCGGCTGTATAAACCTTTGTATTCTTATGGATCCCTTATGATGAGTGCAATCAAGGTGGGTTTCTGCTGCATTTTATCGCTTCACACAGATTTCAAGACCGTCCCTAAACCATAAACATCCGCTGAGGGTACTGGTTAGCGCAATTTCCCAATTGTCGCTTGGTAAGACCCTGATGGATAAAACGAATTATAACTAACTGCTTGGCACTAATGCGCTTGATCCCATGTCGGCCTGCTATCGCAAAGTCCCGGTCTACATGGACAAGCGTTTCGAGCAGTCTCCTTCGCTACTAATCCCTAATACTATCGGCACCCCCACTATACGGCGTCTAGGTGTCAACGCGAACTATTCTAAAGCTGCCATAATACTTAATGAAGTTCCTGTTTAACTGGTTTACCCGCCTTCGGCTGAGGTTTGGGACCGGGCCTAATAGGTATCAACGTTGAGTTACTAACGACCCGTACGGTTGACAGCGCAATCCGCAGTACATGTTGGAGCCAAATCGGAGTGGACACGGGCCACCTGTGCCCGAAGGGGCGAATTTGACAGCACCCGCAAGGTGAGCCTTGCTAGGAGGGACTCATACCGATTTTGTACAAATCCTAGGACTCACCCCTCTGACTCTAACATGACATGTATATCGGTCGAGTTACTCCAGTCCCTTGTACTAGTGTAGGCCTCCGGAATACACCCTGGATAATAACTCGTAAACAATATAACTCTTACATCTGACGGTAGCGAAAACTAGGCAGTTGAGCGTGAGGGTTGGTTCTTTACCACCGTAGCAGCAGGCAGGGCACATCAAAGCGGGATATTTTCCAGGTGCTTCTAAGTCTGGGATACCGCCTCTGTCTCGCTTTGATGCGTAAAATAAGAGGGTAACTCATTTGATGAATGGTTACGCGGCCATTCAGGACGCAACTTCACAACAGATTCGCACACAGTAGTAATCTCGCAAAGAACCGTATGCCGCGAGGATCTAAGGGTATGACTGCGACAGTCCGGTGGCTCCTAGGTCGTCATATTATCACGTGCAAAGTCGGGCGGAGTCGTACCAAGCTTGATGCAAAATCGTCTTGACCTACGCACGAAAGATTACTTACCACCCCACTGATAACAACCGCTCTCTCTCACAATTGATTTACTCTGAAGGAATTTCCTCCGCTTGCATAAGCCGAGGTCGATGCGTAGCTTACGACCTGTATCTGATATTAACTAGATCCGGCTCCCGCGTGTCGGAACAATCTGAAACACCATTTCGATATCGGCAGCAGAGGGGAGGCTTGGTTCCATTTCATGGCGTAGTTCCCCCCGATTAGGTTCAATCACCTACAGCTCCTTGATTATAGCGCACGACACGCTTCCCTTCAGGCACTCTCGTCTTCGCGCGGGTGGATGGCTTAATGGCTAAAGGTGACCTCGATGAAGGTGTGTCCCAAGGGTGGCGAAGAGTGGTTAGGATGCTCTATATCCGTGCTCCTACACAAGCACAACTATAGGAAGATGATCCCGTAAGCGCTATGGGTAGTTATGAGATAAGTACAACAGCCCGTTACTGCTGTTCCACACGCACCAATTCCCCTGGCGCCGTCCGGCGTTTACTGGTCCCATTATTGTATCGGGGAAGCCCATTGGCATCATTGTGGGGTTATATTGGTAGGTTGAACATAGTGACCCCATCAACGCTGCTCCGTCCCTGA,1715,49.68,Homo sapiens
SEQ_260844,GTCTTTTCGTGGGCAAGGCTCATGGTGTGATTTAAATAGATGCTTCTGACGTTATCATGACAATTGATGATAACACGACCCAGCTAACCCTCACTGCGCGCATCATCATCATGCGTCATACCTCAATTTCGTGCTGCAAGAAATTGTCACGAATAATTGGCGATGCATGCACGGGACATAGAGTCTTTGGAAAAGGTCAGGCTATAGCGCACGCGTGGTACTGTTCGATAAGGCGTCCAGCGTGCTTCTGGCCCCAGCGGTATAGGGCGGCTCTGTTAGAATCCGGAGCTACTACTGGAAGCACTAAGAGCGCGCAATCTCCCCACTCCTGGGTAGCGCGAAAGGCTCAGAGAAGATAGGCCTTATATGAAGCCCCGATAGTTTTAGTTAGCTGTTGTGGTCACGCACGCTATCCGTTGACCATATGTTGATCACCAAAACCTAATCGTCAGCCGAGACGGGGGAGACATAGTCAGAGGCTGAAGCGACAATCATTCTCCGCCGTCTCCGGAATGAACATTGTAACCACAGCACTCCCTGGAGTTACGAACTGGAACTTTTACCAAGTTAGGAGTCTTAAGAGTTTGCGGG,591,49.92,Escherichia coli
SEQ_868739,GTTCGCCATACGCTTATATTCTTACCCGAGGCGAAATGGGACCCCTAAATGGCTATCACTAGTCGAGCTATCTTGCAGCGTTGCTTAAAAGTACCTAGTAAGACGCACCAATTTTACTAGACTCTATAACGATAAAGGCTCTAAGGTTATGATCGAGGATGTTAAGGTATGATCCGACCACTCTGGACTTGGTCTTGGAACTTTTGTTACGTATAAGCTGCTCCATCTAATCTCGCCAAGCCTTGTTCGAGTATTGCTTTGCCAGCTTGGTCCTGCTAAACAACACAAGATGGTTAGTCCTTTAGAGTCTTGCTTCCAACTATGTTATTACGATTGAGAACCGTGTACTTGTGTTCTTATCTAGCGACCCTCCAGTCACTCCAGACAAATACGACCTGTAAATTTGTCGTTGTGAAACTGTCTGACAACACCAAACCACGATTCGCGACCAACTGCAAAATCCGGGGCACGCGCTCCACTTAAGAGCAACGGCTGCCGCCAAGGGTCAATGCAGCCCCTTATATTATTAATCAGTGTATAGAGTTGATCGCCGGTAATTCGCTGGCCTCAATGACGCGCAAAGTATAATCGAACATTCAGCTCGTGGTAACGATCGTGTGACTGGTCGCATCCCGCGGAAGCTACAACAATCCAATCGATCTCCTGGGTCAGGCGGCGATAGTAATGCTGCCTCGAATGCGTCCGTGCGTAAGAGCCATTCATACATGGCACATTTTAGCAAAGCGCCACATGAAGGACGCGGATGTAACCCCATATCACACAAATTCACAGTTGTCATAGTGGTGAGGTCAACGGGGGAAAATCAGTCTTTCCTTATCATAGCACTACAAGCTTCAGGAACCAGCTATTCGGCC,875,46.97,Caenorhabditis elegans
SEQ_262357,CGGTACTATGACCTAGGAATGTTAATCGCACTCGCCAGTACACTCTCATAACAGTATCCAGAGCCAAGGCACAAGCTGTCTGTGTAGGATCCACTGTCAAAAACTGAAGGGAAAGACCTAACGGTAATCGGACTACTTGTCCATAGAGCGGACCGACAGTCTGTACCCTGTCTCGTGTGGCATTAGGGTAACTATAACGACTCAGTATCCAAAGACAAACTGCAATGTTCGGATAGTCCAAACCCAAACGACGGATTTAATCGACTGCAGTACCGACGCAGGCCCCGCCGTCTCGAAAGTTCCATAACCGTTGCGAAAGATCGCCACAGTGTAGAGCACGGTGGCAATAGTACGTACTATTGCTTAGTGAGTTTTTGCGTACTACGTCCCTAAGAATATACTTACGCAGATATGATATGTCCCTAGGAAGACACAGTTGGTTGTGCTATCGGTCGGCAGAGGCCTAGATTGAAGGACGCATCTGGAGCTTACCACCCCCTCCTGGCCCGTGGTATAATGCACTCTGGAGTACTTCGTAAGGTTACGCAGTTGTGTAGAGCGTGAGGCGGTGAAAATCCGCCGATATGCACACCATGGTAGTGGACACCGTTGCGACATGTCACGTCGCCCAGGTTGATTCCACGGAGGAGTCAGAGGCCCGGTCGTAAACAGCAAAAGTTCGCAATTCGCACTTTAGCCGACTTAACCGATCCATGCTATCACCTCCTGTGCAAACATGTGAAGAATGATTATAAACCGCTAAAATATGCGAGCGGACCCTTCACCCGAAAATGGCACGGGGCGTACCTAATCCAACCTACGTGATACTTGCCATAAAATACGGTGTACATCTGTTACGTGTCCCGGATGGAGCGGGGCGATCCTGGACTGCATAAATAACGGAGCATCCTCATGACGGAGGGAGGATTACAGTACCCGTCATACAAATACTTAGTTGGTCTCTTCTTTGATCTGCTATCCCCGCCCCTGGTGCTACCAGCTGGGCCCAATCTCTCCTTATTTCCCGATGTAGTCAGATGGGCAATACACCCGCGGGGCTCAATAAAGGTACCTTACGCGACACGTCGCATCCGTGTTAATGACCCACCAGAAGGGGTTAATAAACCTGGGGTAGCATACTCCGTCCTTTGAAACCAGTCGCTCTATATGCTATCACTTAGGGTCGCGATACCACACCAGACGTAGATGGCAACAAACTTCGCCGGATGGATTTTCCTCGGCTTTTGCAGCAATTTAGCATGTACTGAATAGTTAAGTTCTAAACAAGCGCCCATTTCAATACACGCAAATCTTCATGTGCGTAAGGTAGAAACTATTCT,1340,49.18,Mus musculus
SEQ_573349,CTCCAAATTAGCGCATTTTGTCGTTACCCTGTGCCACGGCGATTACTGGAGGTCACCGGCTGGGCGGTAGATCTCCTTATGACATCCGGGTGCGCGTAGTTCCCAATTCATACGTCTCGTAACCACCAGAGTATTACTCGAATAGGACTTCATCTTTAGTAGCGGGTCGACAGGGGTCCGGAATGACTGTGAATGACTTGGTTACACCGGGATGAATATTCCTGGTACGCGGATTCGTCCTGGGCAGGGTCAGCATCATTGCAATTACCGCCCACAT,277,51.99,Drosophila melanogaster
SEQ_814917,TAAGAGTTCTACCACCAACGTAATCGAAAAGGTTCGGGCACTCAAAGGCACCCGTCCTAGGCTCAGGGTAACCAAAGACCATCATGGTTTCAGCCTCGAACACTCTACTACCATGTAGTTGGTTACGGCACTTAGTTGCTAAATGAGCCAAGCCTGAGTGCACACAACTTGCACGACTGAGACCCGAAAATTGTATAGTAAGATCCTACGGCGCAGATTCTCCATGAAAACATCTTTCTACACTAAAAAACCATACCGGTACCCGGGCTGTGCTGCGTCGAAGATACGCTGTTGACCTCCGTGCTATCTGGAGTAAAAGGCAAGATCAGGCCACCCAAAGGATGATCGGCTAGCCTCCTCCCTATCATTCGCACGGACGTGCACATGAATCTTTAGAGGTCCACCCAAACCCCGGACGATTCGATTCCCGATATCAGTTCAGGTCTGTCTTGTACCCCATTCTTTGTTCTTACTCATGAGCATCGCGCGAGTCTTGGACACAACCTTCCTGATCTCTAAATAAGCAGACTCGTTCCTTTGTACGCCCGGGCGCCCTAACTCATTCAGCCACCCCGGACATTTCAGGCTTGTATACCTTTCTCCTGGTGGAAACTGTTAAAGGGCCGTGCCATAGGTCCGCCGGAGGTCTTGTTTACAGGAAGAATCGGTTAGGTGCGCTAACATCGTTGTGCTCTGGTTCCTGTGAGTCGTACACGACGGCGATCTAGATCTGATAGGAAACGAGTTGTTGAGACTGATCTCAAAAGGTGTCCTTCGGCCATGGATGACATGCGGGTTCTCCGCTAGTAGGGGCATAATGCTTAATTTAGGTTTATGGGATCTCCGTCACTAGGTTCTAACATGTGGCACAAGTTACCGTATCGATCCGTTCGGAGGATTATGCGAGCAAGCTGGACGGCGGAAAGCGTCGCCCTGGAGGGGGGTGCCGCGGCTTGATAAATTTAGGTGGGACGCCTATAAAAGGGGAACGAGAGCCCGTCGATTGACTAAGTGAGTTCATCCTGTTTTCCGCTCCAACTGCCACGGAATTACTTATCCGGTCGACAATAGGCCGCGGCTACGGTCGGTCACACCGTTTAATTAACAGTTGATCACGGGATCTATATTTTATCTGGTCGGGGGTGTCGGACTGAGTTGTCAAGGGAATTTCACTCCCTTGTGCCCTACTCGCGCTGATGTAGGCGGCAAGAAATTGGTGTTTTTGTGGCGCTCTCTTTCAAAATACGTGCTATCTCGGCATATACGTACGAACGGGGATTTGGACGCGAATAACAGGTGTACCTGCGGGCCCGCAGCCCCTTGCTACTTGTCGCAGTGTCACGTGCGAAGATCGGCCGGAGGCATGCCAGCGTTGTGTTGAGGGGGCTCACAAAGCCCTTCGATGGCAGACGCGATACGGCTCAGAATGTTGGGCAGTCTACACTACAAATGTACTATGAATACAAACGGATATAGTAAAAAGAGACAGTCTCCTTTTCCCCATTCCCAGTTAGTGGAGCCTGGCTGTAACACCTACTCACGGCAAGACAGGGACTATGTGTTATGCCGATAAAAGGTGAAGCGGAACGC,1590,50.88,Mus musculus
SEQ_464611,CTTAAGTTGACCAAGCGAGCTCTTATAAATGCATCTGTGCCTGACTCGGCTGGCTTCGCAAATGATATAAATTTGACTGCTGGCCCGGTTCATGTTTAGCCATGCGTTGACGGTTCGACTCGACAGTGGACGGCCCCTTGCCAAGCAGGCGTCTAGCACCGCTTGAGGGGCTAGATAACGGCAACTCACCCCTCGGACAGTGACAAGCCGAGAACCCAACGTTGCTAGCACAAAACGCCTTTGTCTGCCTGTGCCGAGAGTTCTGGCATAAATTGGCGAGG,281,53.74,Arabidopsis thaliana
SEQ_691845,CAGTAGCACTCCGTCGCGTACACACATAAAATCGATCAGCTAATGAGTTCTGTCTACCGAACTGACCAGTTGACGAGCGTTAGGTGGGCGTTGAATTAGAAGAAATGTCTTAGTCGTCTATCCGGCCACAGCAGAGAAGCTAGCTGCCGAAGTCAATGGTACAAGCTTTACGTGACCTACTCGATGACTACCACTTTCCATGCAGTCTGACATGGTAAGATCCGCATGAGACACCCTACAGGCGATTACGAAACTAACGGGTGGTGATGA,270,48.52,Homo sapiens
SEQ_312528,TGCCCGATGTAGGGGTTCGGCAAGGTATTCCATTATCATCAATAGTAAGGCTACCACATGAGACGTGTCTAAAATTGGCGGCTTGCTCTCAGGCGAGACTAGATTGAACGGTGATGCGTTATTCGGGTAGGCTGGCCCGTGAACCGGTTGTCATTCATGTAGCAAGAATATAGACCCAAAAAACGGCCAGCTGCGTTCGGCTATTCCTCACGAGGCGACATTGAGAGGGCCATTCCGAGATCAAGATCCTCCTAAAGCAGTAACAATCCCACACCATCGATGCTCGATCGCAATTGCCATTATTACTTGAAGCTCGGTTTTAAAGCAAATTAACGCTCTTCATAAGTCGCGCCGTCAGAGATCCCGATCACCATGGTGTGCTAGACGCGTTGGGATGCCGTCCCACCATAAGACAAAAAGCATACTTCCATCGTCATCAAGGCATACGCGTGCGGATAACCACGATACATAATTTTCTATTAATAATCTTCTTTAAGTGGCTGTCAGTAGCATATTCGTTCGTGATTTCTAGAGCGGCTCAACTTACAAGGTTAGTGATAAAGTTCATCAAAATCGCAAATAATTAACCGGACGGTCACTCATAAGGGAATGTCACTAAGGGCCCTATTCCGACCGGCAAATGAGACGATCATTGTGAGCTCTAGGGAAGACATAACGAACCACTTTAAACAAAGATAGAGGGTATAAGTGGCGAGTCCCTCGCTTGCGCTTATTCGACGGATCACACTAGTGAACTTAATAAGGCGTCTTGTCCCCCATCAAGCAATGGCTGCCCAACCTAGATCCCGAGTATTTACGCAACTAATTAGACTGTACATGAATTTACCCGCACTGTATCCCAGTAGCTACTCGTCACGTGAGTATTGTTTGCGTTTTTAATAAATCGAGCAAGAGAGACTCTCTCGCAGACACTGACTAGCGAAGGTACTACATCGGGTCGAACCAGGTATAAACCAGCATTGCATCACCGCCGTGGGGAGGCGCCATAGACTCACGGATAACGGAAGTCTCAAGCAAACGACACCATTAATTGTATCGCGATCCGCGGGCCATGGAGCAAGTAGATCGGGGCGGGATCTACGACTGGATTTCAACGCGATATCCTACTGAGAGCAGTGAATGTCTAAAGGTGAGCAAAGATGAAGCAAGGGCCGCCGACACGTACGAGTCACACCGATGCAACTTGCGTATTAGTGCGCCCTAGTCTGATGTCAACGTCCTGCTGCCTAAAACTATGATGCATCTTAGCCC,1272,47.72,Caenorhabditis elegans
SEQ_571921,AGCTATCCTCTAATGGCTACATGAGCTCTTGACGGATACTGGCTACCGAGATTAGGCATGTAGCAAGCCGGGGTCCCATCCACCTATTTCTCACTCCATGCTCCTTAGCTGAATGATAGGACCGGCATCACATCCGCTACCCCTATGTTCACTCTCCACCAGGTCCATGCGTCGTGGGCAGGGCCAAATGCTTAACCGGCCCTCGTATTACGAGCACGTTTGCACCGCTGGGCATCACAAGCCAGTCAGCGACTGTAGGCTGACATATGAGGTGCGGGCTATCACTGGGCCTGGTCACCGGCATCGCATTAATCACGAGACAGCCAAGCGGCAGTTTGTGCGAACAATCATTTGTGGCCAACAGTCGGGCTCTGGAACATAAGCTGCAAATTTATTGGATCCGGGTGGAGTTGCGTGACCAGACTACCTGCTGGTCCTGTGTCATGCCTACGACTATAGGAAACTCTTTGTGTAGTGCTTTCGCAGAGTCACTGGAACAAGACCTTTCATTCTAAATTATCCAAGGTCCGTCTCTCATCGCTTAATGGCCTATGTCTGGTTTGTCGCATCCATGCGGCTTAAGCAAAGTAGGACACTTTGCATCTACGGTGAGGGAGGAGCTTGGCTTTGCTCAATCCCCAGTATGTCGTTATCAACGTTACTGACTTAGAAGCCAAAACGGGTCGACGATCCTTCAATTCCAATGCGAGGGGCACTGGCTGAAATGGTTGTCCGGTGTGTACGAGCCGGCGTGATGCTTCCCCGGAATGGAAAGCCCTCGCCGGGTCTTTCCGAATGCAAATGGGATGGACAGCTGCTCGGCCTTACCCAAGTCCTCGTAGAACCCATCCTCTAAACCGTGCTTCACGTGATATTGGTTAGATATACGGACACTGGCGCCCACTGAGCGGGAATATAGCTCTCCGATGCCTCCAGCCAACTGAAACCTAAGGACTCAGGAATAGAATTCTTTCTACCTGATGCCTCTCGCCACTCCCTTGCCTCGGTGTGGGACCTCTCGTTAGATTCGCAGAAAACCATATAAACTAGTACTTAAAAAGAACAAACAATTGGGGCGGGGCGTGCCTCTAACAGTTAGGAGTATACGAATAGATTTCGACTCCCCTCGCCGATCTATTTGTGGCCAAACATCGATATCGCACGGACATCTGATCGGGAGACGGTGGTACCTGCGGAATAAGCGAGCTTGGGGTATCGCTATGTTTGTAATGCACACCGGGTAGAAAACGGCCCGATGACTGGAGCCGTCAATATGGACGTGGGTTGTAGGTCAGTTATGGCCGACAAAGACCTAGGTCTGCGGGAGCTACGGATTCCGCGTGCACGCAACGGTTTTGCACAACCGCGTCTACCGTGATATGGCAGGCTACGCTCCCCATGGGGAACACATGGCCCTTTGGCGGCACAGGGCTTAGCTATCAGTGACAAAAGAAAGAACAAACCTAAAAACGAGGCT,1477,52.13,Arabidopsis thaliana
SEQ_614600,TATGCAAGTTCGATTCACCTCTACGCACTAACTAATCTTCATACGATGACTGACGGTCTAGGTTTTGAATTCCAAATATCCGAGAACGTGCGTGAGCTAAAATATTGATACCAAGTTAAATGTTTAATGACGACTCTATCTTGCAGACGTGACCCATGGAATGGAGTCCGTCCTTCGCCGCTTGATAGCGATATGTGATCCTTCAAATTACGGAGCCTGTTTGGCCTAGGAACGACCAACACAGGCTTTCCACCGGGAAGCCGCTGTAGAGTCCTACCTCAAGAAACAGCGACGATAGAGTTTGGCCGGTAACGCAGGATCCCCAAATTAACCATCACAATTCCTCTTTACGCACCTGGACCGTGGCGGGGAGAGAGGGCAACTAAAGGAAACAGGATTAAGAGTATAGAACCAAAGCGCCATTAACCTCTGCAAGTGTGGATGTTCTTCTGACCTACGAAGGATCGGCATATGTGGAGTGAACGAAACCGCGTTCTGTATCCAGCACCTACCGACCCGATACCGTTAATTCATGAGCATATATAACGACCGGCCCCGTGGACTAACAAGACTTCGTGTGGTTGAGCATGTAACACCCGTGCACTCATGCTACGTAAAAATTGGAACTTGTGGTCGTGTCTTTTCAGCCACTTAGCAGACACGCAGGCCCGCTTAGAGCCTATAAAACCTGTCCTCTAGCTTACTAGATGCACGACTATTATACCCCGCTGGGATGCCGTTGTGGGTTAGTGATGTCACGTAACTACTAAATACCTGTCCTCGCCCGACTACTTAGCAGGTCCCTCTTGCGAACCAACTTTCGGCATCTACTTAACTCCGCAGTTTTTAGGAAATACGTAAAGTTTGCACTAACCCTCACAGGGGGCGCTCTTACCAAAAGAGGATCGGCAATGGGTGATGATACGCCGAGGTGCCTCCCATACGGCTCTTGCCTTGGGAGTAGCCCCCAACTAGAACCGTTTGAGCACCGCCATTCGCGTGAGATTGTGCAGGCAACCTCGTATTGTGAGCCTAGGCGAGTTCAAACGTCGGCTTATTTACCGCTATTTAGGCGGTTAGACTCCAATTCGTATGAGCGTCTTTAACCCAGCGAGGACATCCCTAGTCTTTCAATCTACTTTCGTAGTGCAATAGTAGGCCGATATAACCGCTGTGAACCTTGGTGGGGCATACCCAACTACCCGGGGTCCCCCTCGCCACCCAGCGGGACGACTTCGAGGGCCGTACCGAACCTACATGCCTTGCCGAACGGAGAACGCAGTCCACGAGCTTTCAGTCGATAACCCCCTTGGAATGATGTGTGTTGGCTCATGTTTCAAGCCCACCCTAACAGCCTAATGATGAGGTCCTACCGTATGTGTACGGCCAGTTAAGTAAGCATACCCGGATCTGGCGCATGTGGCTTCCCCGGAATTCGCGAGATGAATGAACAACTAGGCGGCCTGAAGGACACAGCCCGAACAAAAGCCATTCGAGACCGACATTTATGAGTCGGCGGCAGCTGCCCGCGTGAACCCTCGGCTTTACGGGCGACCTCAACGATCCTGCATACCACTTGGCAGCTGGACGTCGTGGATTCTTTGGCTCTAATTCCCAATTTCAAGGGGACAGAAACTCTCACCCAAATGCTGCCCCTAGGTGATTCGTGACTGC,1674,50.96,Saccharomyces cerevisiae
SEQ_132669,GAGTGACCTAGAACCTTCCAACGGACAACGCTCAAATTCCAGACTGCGCGTTGGGATCAGTCGTCAGCAGAGGTCATAGTCGCCCAAGAACTCCCTTTCACTCAATTTCAAAAGTGTCGCGTACAGGTGGCTTAGTGCCGGGATCGAATAATGGACAATGAGGCAATGTAGCCCGCTTCGAAAACCTCGCGATACTGCAAAGTTGAAGATATACGAGCCGCTACGACGTGCGATTCTGGAATAAATCGATTGGCGACGTGACGTGCCGACTCGTGACCCTCTGGACGTTCTGTGTGTGGGGAACGTGGTTTGTTTTACAGTTCACCTGATCTCTCCTTAGCTCGACGCCGCATATGAATTCCCCGGTGAGATTCCAGTAAAACGGAGCGTCGGAACGCGGAGGAGCCGAGCTTTCCTCTCCTCTGCCCGCAAGGCGGTAGGTTACGTTATACCGCATATTTCGGGCCTCACAGCTCAT,478,52.72,Caenorhabditis elegans
SEQ_674092,AGTTGGTACCACTATAGAAAACAAAGGGTTCCTCGTATGACCGTAGATAACTTGTTGTAATGAGGTTAACGAGGGTGCAGGTTCTCGGGGATCTGCGTCTCCACGCGCTCAGACCTGAGACTAGTAACGAAAAAACAAGGCTTACGTTGCATTCCCCCATTACAAGTGTCGGGCCCTCGCATTCTATGGTTTCCCTCTACTCACGATATTGTACTATCGTTGTTGCTCTAGTATCAAAGATACACAGGACTGACTCGCGTGAAAATTAAAACTTAGGCTATGCGGGGGTGCTGTACCTCGGCAGCAGGGGTCCCCCATAATGGTACCCTAACCTTTAAGACGCCCGCTTTTGCAGGACCTGGTGTGTTTCTCTAATACAGAGCGTTAGACATTCTTAATTCCCGTACTGGTCCTTCTGGGTATATCGCTCATGTGTTACTATTGGGGCTTCGGAGTTGCTAGCTCCTTAAACAATCCGCAAGCGCTCGACCGTGTTTGCTGCAACGGAGTTATGACGAAGGTTCCTGGTCTGCGTGTGAGCGCCTTGGTCCCACTCAACACATGATAACTAGATCGCCGCCTGTCGAAGGCCGGTAGCTGTCATGAGTTGTGGAGAAAAGGTAAAGCAGTTCAGTTTCCAAGGTTGCGTGGTCATTTACCCTCGGGAATGACTGAAGGGATCGCGTTTTCGTATTGTCCGCAAAGGTACAGCCGACAAACGGCCGAATGATTGCCCCGGTCTAATCTTAAGAGCTAGTGTACAACATAGGATCAGCTATTTCCGACTCCGTTTAAATCCGTAGACGCTAGGCAACCCTAGTCGCGCACGCTAGGGGAGACGTAATTAAGCCGAATATCTGCTACGAGCCTACGAGCTATGGTGAATAGTCGCTAACGGTTAAAGATCTAAAAGGGATTGGCCCGGTTCGACCCGTGCGAATCGGTAGATGTAACTCCGTCAATTCGGTCGAAGACCAGCGACGTACAATCTGCGCAGGAAATATCTGACGGGGAATCTCCGGAGGTGATCAGAATTGTATAGGCTCACTATATAGTATTTGACGACAGCAGATGTCGAGCTGCACTCAGTCCATACGTTCAATGTTAAGATTGGCTTGGCGGATGGATCTTACCGCATCTTGGTCATTGCTGACATAGGATACACACTGGTCGCATCAGTTAGGCATAAACACTATCCCCTTCGGCAGCTCTTGTAACGATTGTGGCTATTTATGCCGAGCGTCACTCACTAGGCCCAGGAATTCCATCCAGGTAAATTAGGTTAGAAACATCCGTTCAAGTATAGCACATATACTACCAAGCGTGGTGTACACAAACTGTCCCCCTCAGCGGAGTACCACTCGGGGGTTTCATTCTCGATACCAAATTGGGGATGCGAACGCTAAGGGTTAAGAAGACTTAATCAATTGGGTGCAGATATCATAATAATCACGTTACTAACGCTTGATTTGAACTTGTATGCGTCGCGTGTGGCCGCCTGCTTGATACCAACAGAACGGACGGCCTGGGTCAATACACAGGAGCTTTCTTGATGAGATCGGACACATGTCCAGCTAGGTATGAGCCACGACCTGGCTACAGTGGGGTTCGAGGTTTACGGAAATGGCCTTTGGCAGATGCAAGGTCAATGAATTCGAACTTTATAAGTGGTAGTAGCAATATGCGCAGGCTTCGATGGAATCACCGGTCAAGGGATATACTGTCGCATATATCGCAAGTTCAGTATAGCGAATGTGACGGCGGCGGATGCGTAAAAACTAATAGGCATATTATAATGTACTCAGCGATGTTGCCCCTCACTGACTGTTGGTTTACTTACGCCGACTGAATACACCGTACGGTTATGTCGACGGCCCTTCACGATCCATACTTCCTTAACATGGATAAGTTATATCTTACGCTTAGCGTATCGGCACTTCCGTACCTCCTGGGCGACGCTACAAATTGCCACGT,1974,48.38,Mus musculus
SEQ_352637,GCCTATCGGGTCTTGCCCATACTTGAAAGGCACGCCAGCTAGACCACATTCGACGCATATTAACTACTGCTTGCTACAGAGTCCTTATAAAAAGGCCTCTCATCCCATGTGCTTATCGAAAGTTACGTAGGGGTACGGCTCCCTGGATGTAAAGGACGAGCAGTCTCTTTGGGAATTATCCCCGGCTTTCGTCGTGCAGCCGGTCGGCAGGGATTCCTCCATCGAGCCGGTTAAGGCCCTTATTTAGCGCACGGGCGCTTGTCCCTTCGGCGGGCTT,277,54.15,Mus musculus
SEQ_889688,GATCCAACTGCAAGAGCTTAGGCTTACAGCCGTACTCTCAATTACTGCGCGGGTTGACGTGAGCTTGCTCAATTTGGAGGTCTCACTTTGGTACAATTACTCCCGTGCTATGGGCCGCGGATTGGGTTCGGACACATGTCACCACATTGTCTTGCAACGACACTGACGGTCCGCTCTTGTCCAGATGCCCTGAATGACCGGCGTGCATAGACGCTTTGGAAAAATCGCTGCGCACATACTGCACTCACGTACATAAAAGTAGGACTCGGTCAGCGATTAATTGCGTTTGGGGCTGTTGACCGTGATACGTCCTATCGAGTACCGTAGATGATACTTCAACAACGCTATGGTCGTAACCGCCGCCGTATGGCGAGTCCTAATATCAACATACCTCGTAACAATACCTCTAGGTCCACCACATAGTGCTAAAAGGGTTTTCAAGCTAGTGCACTTAGAGCCGATGATTCGAGTAGTACAGACCTTGAGCAAAGCCAATCGGGCGGCCCTGGTGCGCGTTCTTCGTCTATTCCCCAGAAGCGAGCGGTTGATGGCAAGATTTGGAAGTCGTCGCGCATTAACGCTCTGGTTGCCTCCTCTATAGTGTACTCATGATGACCACAAACTGGGCTACCGGTGATGCAACGATCTCGGGCATTCTTCGCTGGAAGGCGCAAGAGTTGGCAGTAGGAGATTTTCGCCCTCAGAGAAGGTTCCATATACTACCGAACTATACTTCCTCCTTTGGTTAGAATGGAGTTTCGTCTACCTTTTACATCTCTCCCCGGACTAGATTCCAGGGTTAGTATGGCTACAAGGAACCAGACGGCTCCCGAGAGTCCCTCTTATTTAAACAAGAAGCGGTGCAAAAACGTGTACCCGATTGATTACCCGGCCTATCGGCACCAGAACATCGATTGCCCGGCACACTGAGGGCGGTACACATAATACTATGTTATCTAGTGGCAGCGCCGTTGAGCTTACGTTTCGCAATTTTTATACTATCTCTAAACGTTAAAACTCATCGTCGGGGCCCTGTACGAACAATTAGTGGGCCGGGGGCTCCCAGCGTGGGTGAGCAGG,1080,50.65,Homo sapiens
SEQ_687513,CCCCGTGCGTCCAGACCGCATTCAATCCATCGACAATAACGACGTTAAGCCATCGTTCCCAATCGATTTCAGATGTAACATGGAGAAGCAGTTGGGCAGCTTCGATACAGACTCTACCATCATGGATACTCCGTTATCCTAATAGCGAAGCGAGCAATATTTGTCACATGGCACCTGATCCCTCGGGGCGGCCGATACAAATATTGTATTTCGACTGCTTGGTGGGTGGATATGCTCCGAAAGGTCGATGGGGTCATAGCGTTTCATTGGGTCTCTTAGGTATGTACTCTTGTAATCTAATAAACATGGGTTGTTTCATGGGAAAAGTCGACCACTTTCAGACTAAGAGTTACCGGAGACTGCTTTGTAATATCAATCAAAGTCAGGTGTTCACATTCAATATTTAGCAAGGACGCTACGGATACGGCTGTTAGCGCCAGTGGAACGCAGGAAGTGATGCATCCCGATTGCGCGTCAGCGAAGTCGCAGGCCCTCTGCGGTTTCCGCGGCATTGCAGCATGGTAGGTTCGTGCGTTTACTGCGAAGTCAACTAACCATAACACACACTGTCTTATGAACAGTAACAGGGTTAGGTGGTGCTCTAGGATACACAGAGATACTGTAAAGCAGTGCAGACGCGGGTACCAAGGGTATAAAAATTATAGACATAAGCTTGCAGTTAGCGTCCAGTGTTTTTAATAAGAGTCGACACCGGCCCACCTCGGGTTCGTCTGCGATCCGCGTTGAGAATGCTCTCAATCCCATCGTACCCCTCGCGTTGTTGGTTCTAGGATGCCCATACAATCCGCGCGTGACCGGGTAGACCAGTATGATACCGCTTTCGGCTAGTCGAGGCGTGATAGATCTTTGTGCAATCCCCGCGTTTTATAAATCTCATGACTAGATGTTTCCCCTATTATTAAGCCATGACGGATTTAGATCATTATGAAGTCTGTAGATGCAACATTAGCTCGTAACACGGCAAAACGCTTACACTGACTGCACCTTTTGGGCGTCGATGGCGAACTGTCGGACCTCGACCTCTGTCTGACACTTGGCCGCTAAGAACCTTTGCTCCCGATCGACGACACATCGACGCTGAATTTAGAGATGATAGGTCTGGCCTAGAACCGAGATTATACGTATTATCACCGGTGCGATACATTGATCTCGTGATCTCGGAGGCGGACCCTCATTCCTTGGAACATTGCTAGCAAAATCATATCCGTCCCCCTGAGCCCAGCGACATAATTGCATTTATTCCCCTTCTACCCGAAGTATCGTCTACAAAGGAACTAATTCCGGACCTCCGAAGTGCAGCCATGCACGCCAACGCTGGCTGCGCGTTATCCGAGAGGTTGAGTCCACGCCCTCTGCGATTGGGGCGCCCACGCTGAACGACATTCATAAGCAGGCGATCTCCGCGAGTACTGTATAGCTGGCATAAACCTTAGAGGAGAAGAGACGGTATCGCCTATAATGAGTAACGTAACAGTAAGTTTCGTTGCTAGCACAGAAACTACTGTCCGCCGTATGTTAAATTGACTACGACTAGTG,1557,48.88,Drosophila melanogaster
SEQ_602172,CTCTAGAGTCACTGGGATTGGTGATTGGGCGCCAAAACGATGCTTAATCACAATTATCAAAACAGCCCCTCCGACCCACAACTTGATCACGAAATACAACTGTGCGGATGCGCAATTTCGTGCGTTTTCGCGTTTCTGGAAGAGGTACCTGCCCAGGGATACGGTACCTTGAATACCGCGTGCTGGCTCTGATGTGTAATCGCTCCGGTTTGGTGTCGTGTACCACTGATCAAGACGCACCCCCACCACCGTTACTGTAAGGATCAAGCTCACTGGATGCATACGTCAAACCTCCTTTCCGTTCAAAAGTCGATATACACTCAACGCAAGCGAATGAGGCGGGCCCCCCACGCACCTCGAGAAGAGAAAGCGAGTAGCCAAGTATCGCTTTATTGGTACTCGTCAACCGTGGCTACAGGTCTACAACCTCGTTACGGCTCGCAAAGAGCGAAGTTTCTCAGCAGAGAAGCGGAGGCTCATAGGGGTGGATCTTAGAGACTTTTAGGCAGGCGCGGGTGGCCCCTCTAGGCATGGGAATCACTGGCGCAGCTGTCCTTCTAGAGCGAGAGCAAGGCAATCCAAGTTCCACAGTATGTGCGAAACAAGTAGACCAGAACCCCTACTGCGCATGCCATCGGGGCAGCGGTCATG,651,53.15,Homo sapiens
SEQ_698973,CCCATACAAGTATCAAGAATTCGGCGCCCTTAATCCGAGCCCACCTAACAGAGTTTGGATATCCTCACCGGATGGAAACTACTTCGACACTCCCAGGCGTGCCACGGAAACTTCTCTTGTTAAAACGCCCGATGTCGTTACAGTTAAGATATTAATGAGTCGCGGATCCGGGTATGACCGGTTCGACGCAGAACCCCAACCGACCCTCACAGGATGCTGCCGTGAACATGTCAAATAGTTAAGGCTATTTAGTCTGTATGGAGGCTACCGCTGGTTCGACAAACTTCATTTCCTGAGCAATTTCTAGATGACTACCGTCAAATTTCAATACACGAAGGAAATAGACCGCACGCTCCATTTAACACTGTAAGCTCCGCCGCTCGCCCCGCGTGTCGCATGAGCTGCGACAGGCCAATTCACGAAAGAGCCACTCGCTGGCCACAAGCTGGAAGACCCTGTCCCGACGAGTTCGAACTGTAAGCAATCTATTATGCCGTACTTGTAACTACGGTTCGTTCGACGCATGGTTGAGACTGGCACAATCCAAACTAGACCTTAGCGGTCAATGAATCGAAGTCTGAACTGACCTACTTGGCTGCGGTCAGTCGCCTAGCAGCAGGACTCTACCATTTACTGTTGTTCGGTGATACCAAGTCTGGAGTCGTCTGTGCATGCCCGTGTCGTTGGTTGAATACTTGGTCGGTCAGCTGACGAACCTGCGGATAGCCGATTTTTAGAATTTTGCGACAGTCCCCCAGTATAGAGCGTCATTCGATGTTGGACTACCGCTGTTTGGAGCTTTTAGACTC,809,50.19,Arabidopsis thaliana
SEQ_845315,CCTGCTGTGCAACGGGCTAGTTCGCGGTGAGATGTTAGTGACTGCAATGCACAGTCACGGCACTATTCGCTCGAGTCAATAGATTAGCGGTGCCTCAGTGTCGAAACCTAAATAGCGGACAGCATCCCTGTCGAGTGTCTTACGTCCACCACAACCGGACCCTACGTAAGTCGAATGGTGTTATCGGATGAATGTGTTGAATATGTGAGTGTCATCTATTCTGGGCTAGAGTTCAGTAAGGACTGTCGTCCTCGTACCACATTATAAAGCATAGGTATAAAGCGTCAGAGCTTTCGTACCGGCACCTCCAAAGTCGGTCGACGAAAACGCCCCAGGCGCCCTGCCATTCGACTCTCAGCTATACCCACGTGGCCTAACTACGAGACGTATCCCTTGGGGTTATGCAACTAAGTCAGTAGTTCTGAGTAGGCTCTGGCCACACATAGTGGTGAGCCCAATGCCTTTGGTCATGGAGTCATTGAAGTCCGGACTGCCCTTACAGGTAAGAGCACCGGGGCTCAGGGGATGCCAAGATTTATGCGAGCGTGCGCCCTTTAGCACATAGCCTCCCCCCGAGGTGGGGCACTTCTGTGTAGACGACTTCTACTTTAAGAAGAGAAACGACACGCTGCCGGGGTGGTACTAGTACTCACACCGGGAACGCCGGACACGTTTTAAGGTACGATCAAGCGCATTGCCACCCGTCCCCACAGCCTACCTGTGGACTGCCGGGGATTTTCACTTTTGGGTACAGCGAAGGCACCACGCTTATCGCCTCAAGTCTGACGAAGCCACCAATCAACAACAAGGACCCAAACCACCCGAATACAAAAAGTTAAGGACAAAATACGCACCCCAGAAGATGACTTCGAAAGTTCTTGATGGTACCCCATCCCGGGGGTAAAGTGAAACGATGCAGTACGATGACAATTGAGTGAATTAAAATCCAATAGCGTCTGAACAGGTATAGAGATACTGGTCACAATTGCCAGTGTACTTCACGTCTGCGGAAGTCTATAATCCCAACATGGGTAGACACTATACTCTGGGTGTCTGCGAAAGTTTATTAACGTATGCGGTAGGACTGACAGCCCAGGGTAGGGCCCAATCCTCGCTTCAATTTGGCCAGACCGGGGCTATTATCTGTACGTAAATCGGACTCATTGAGAGATCGAGGATGAGGAAGGCGATCCTTGGTTTCCTCTAGCGAAGCGGCGAGACTCCGACTTGCTTACTCAATGAGGTGACGGTATTGGAATCTTTCGTTTTAGAGCTCAGTGGCTCGCATCCATCCAATTGGTGCCTTGGCATAAGCTAGGTTGACGGTTGAAGGCCAATCACGACTGAAGTCGCTTGGGCCGTGGAAAGTTTGTAACGCATCTTGTAATGTTAAATAGGGACTAAGTGTATAATCCAGAAAGTTGTTGACCGGAAGACGCATTATTAGAAGGAGGTGGGACCTAGCGTAGATTACGCCGAAACAATGTAACGCGACCAGTGACTATCGAGTACCAACCTACTGGTACATATGAAGCACAGGCCGTAGACTTACGTACCAAAAGTGCCTCACTTGGACTAGTGTGATATGGAATCACCCTACGCTCACTGCAATAAATCAGGTTATCAACCGTGCGATAGCCGGACCAGGTTGCTCACAAGTGAATATAAGCTGCCGGTGATTGGGATTCCTAGCGTACAGAGTTCGTAATGATACTGGAGTCCTGTGTGTGAGTAAGAGTCCTGAATACAATTGGCGGGTTAGCGATCGCTCCCCTATAACAGATGC,1786,49.89,Escherichia coli
SEQ_644100,GTGTACCATTGTCTATCTGCTGAGAGGGGTTCTCTTCATCGATAGTCTCTGCAACGGCCACTGACGCCGACATTGCAATGTGGTTCGTGTAAGGTCAATACTGTCGAAAACGCATTTGTTCTCGCACTCCGCCGCTAAACGCAATCAAGTTCAAAAACAGCTTCAACGAGCCGGCCCCATACGGTTTAGGGGACCTGCTTGTTAACATAAGTGATCACGGAGCTTGGCGTGTCGGGTGGACGTGCAAGGTAGAGTACAATGCCGCGTGGCCAACCCCATGCGAAAATGCTCATTTCATCCACGTCTTTCGTGAGAAGGTTCAAGGAAACTTGTAGACAAATGCAATTGAAACGTCCTCAAGGGGTCGGATAGGTAATTTCAAATGGGATTTTCTCTTACGTTCGCGCTGATGCCAATGCGTTCGTTTTGCTGGTACTCAATAATAAATTTTCTTAGGCTTACGATCTCTCTTGCAAAACTGTCCGCTAGGGAGAGCCATCCGACAATTCAGATGAAGGATGTGCCTTTTGGACTACATACTTGAAACACGTTTATCTCTATCCTTTCACCTTGTATTAAAGCGCGGAACGCCCCCTAAACTTCGGTAGCCTCCCTCGTGTAGGCATCCGCCTACTGGTGTAGCAGGGGATAGGGCGGCAAGTGATGTTTAGCACCACTCCATAGCTTTCAACACATGGACAGTGTGCCTTTGGGGATGGCAACGAGTAGACGGTTGAGTGTACGAGACCACTTGGGTATGAAAATACGACCGCTTTGAATAGGGATGCCTAAGGGTAGGGCGATGACGCCAGGTTAGTCCTTACTAGGGAAGCCATCGTACTCCAAGGCGCCAAGGGTGTCTGCCGAACGGAGGCCGTAATATGATCCCACGAACGGGACGTACGGCGGTGAGGGCTTAAACTTGGTCTACAACAGCGGGCAACTGGTGGAATCTCTGGTATTAATCACAGAGATGATTGAACGTCGCTTCCTCATCTAACTCATCTGCATTCCAAAACCCGTCGGAGTAACGATTGGGAAAAAAAATGGCAAACAAAGAAGTAGAGTAAATTCGTCGGACGCTCCTCAGACCCCATGTCCCTATTGGAGACAAATAGGTATCGTACTACTTGTACAGCCCCGGGATGCTCAGACTCTGAGCACCTGCCGACGATGTGGGGTGGGCAAATCAGCACAGATCGCGCTATCTATGTTGTGCCAATTGTCAATGTTACTCATATGGTTCGTGGGAAGTGAGCTGATCTTTCGCTAGGAGTAAAGTAGAGCTTACATACAGTTAGAGCAAATCAAGTTAATTCGCCTCTAGCAAGACCGAGGGAGGGTGACCTCGAGAGCTATCACCCGCCCGGGCGTTCGAACCGCCCCCCTATAGTGACAAGCCCGTCACCCCCTCGGTTTAGACAAGATTATCCAGTAGGAAGAACGGTAGCACAGCCGTTGCAGTTTAAAATTTATCGGAAGAATTCCTAAAATCGCCGTGAGTCCTTCTAATCTAGCAGCCTACGAGCGCAGGCGTCGTTCCTATCCTCGCATTAGAGCCCAAAATTCCGAGCGATTCTAAACATCTCATATCCTTCTAGTAAGAGCACCTAATTCTTAGCCAAAACAAGAATCTTTCCGAGGC,1645,49.06,Homo sapiens
SEQ_985337,TCTAACCCTGGTAACTGGCGTCATCTGTAAGCCCCCAAAGTTCTCTTCGCTGTAGTCTACCGGCGGACCATTTGGCGATAGATCATCACAGTGGGTAGACCGCCCGACCACGAGCTTCTATAACTGTTGCTGGTAGGAACCCAAACTGCTTCCAGTTGATCTAACCGTCCTTGGAAGCGACACGGATGCCAACCGTACGACCCAAGCTTTGCTCCTCATGCGTCCTGCGCAGAACTTTGATATTAATTTACTCATGTGGCTACAGATGAGGCGCGTAGCCGATTCACCGACACGCTCTGTCTGGAGATACTTATGTTGTTGATAAGATGAACATAGTTCGCACGCTGAAGGAAACTGTCTCTAACTGACATTCTGCTGGAAAATTGGACTCACTTGCTGGCTGCAGAGATGTCCTATGATAGTCGTTTCGCCGGAAGACAGCTCCATTGCGGCTAGTTCTAGGGCGACGGAAGCCAAAATCGCGTTTTTACGCCAATTGATGCAACCAGCCAAAACAGCAGGAGGCGGACAGCGGAGGGCGCCAGTCTAGCCTGACTCTTGCTTCACATTGATCTTTCGCGCTGACTTTGTGCCGATTATGATTGTGTGAGGTACGGACTGTCCCTGGCACTACTTCCTTTAATAAAGCGCGTTTGAACCTAATGATTCTGAATGAATCTCACACGCCCTGAGAGTAGGACACAACAGCGTTCATAGCATAGGACTCGGTTGATCATAATTCACAGAGTCCCATCGGGAAATTTTTTCCGTAGGCCGCCATTTGAATCAAATGCCATTCACAAACACAGAGACCATGGAAAA,822,49.15,Homo sapiens
SEQ_906495,GCCAGTTAATAACATATTGATAGAAAATGTCAGTGGATAGAAACTCAATACCCGCTACACAAGGGTGGTTCCCAATCAATTTTCCTAGGTGCTTTGATAGCTATGCATCTAATCCGAGAATCTAAGAGGAAACATCGGGCTATCTATGGTGCCCCGTTGCTTCGGCTAATGGTCGCTTGGGGTTTGTCAGTCACCCTGCGTCGTTGGAATAATGATATATACCAAGCATGACGCGGATAATATTGCCCGTAATCTGGAATCTCGAAGTCCGCCAGTCACGACTTAATTCTTCGTCGGTGAGTTCTCATTAGACTCACCGAGGAACGTTTGGCGCGACGATTCCTTTCAAAGTGCGCGTTCAGCCCGTGCCCGTATTTACGTAACCGGAGGCCACTGTGTGGCGATTCCGTATCCAGACTAAGCACCCCAGTCACATTACAGTTAGGATGCACTCGGGAAATCCATCGTCTGATAGCTCCTTGCCAATTCCTTGGATTGACTGGGAGCTAAATCACTATTTGTTTTTGCGGCTAGGTTAGTTCCTCGGCTGGCTTGACTGTCCGATATCTTTTATTAGCTTCGTGTGTGAAAAGTGAGTCATCCGGAAGACGCAGAAGGGACTAGTATCGCGGAGGTACAAACCTACAGCTACCAGCCAAGTGAGTTGTTTGCATTTACTTGAAGAGTTAATTAAGCTCCCCTTAATTGAGAGTGGCATAAGTGCATGCTCTATCGAGTGAGCAGAAGCCGGGGCATTGAAGGTCTCAGTGACTGACTAGAAATCGAGTTAAGTGTGGTGTGCATGCTGGCATCCTATGCGTGGGCGAGCTCCGTTAAATGGTAAGAAAGCAATGATGCGAGGAAATCAAGGCAGCATTTGAACTACATCGTTAGAGACACCCTCAGTCGAGATCCACTCGTGTACAGCATGGCGGTCTGGGGCACATGCACTATTTACATTGTAGGGACTAGTACGGAGATAGTGGCTGCAGCGTTGGCTGTGGTTTCCTCAGGAACCGACGTTGAGGAATGTTTAAGCATCAGACAGAGGACAAGCCAGTATAAATAGCATCCAAACACATAAGTGTTTGCACTCACAGACGGGATTGGTTCCTCTCGCTCGGGTTTTTCCACTCAATCCATACGGCACTACCCCGTGCAATCGGTACAAAATGACCGATCGTGTTTTTCAGGGTTCATCCGCGCCTAGATAGTGCGTTGCTGCAAAGCCGGGTGAGGAACTGTCTGGACGCACCAAGAAACCACTATGCCGGTCGGTTCTGCGCGTAGTTCTAACCCGATTCAAGTCCGTCAAAAGGATTGATTCACGGAGAGCTGTGTGTTGGCTTAGCAACTTTCCGCTTCTGCCGTTCGCGGATCGCCAGAAGATCACCTTACGCTCGCGGCCTAAAAATAGTCGAAGTAATGGTGCAGTTGTCGCTCTCGGATCCTGCCAGCGAATTAGTCTTCGTGCGAAAATGAAGCGGAGGTTCCAAGTGCCGAGAATACATGACCCTCCAATCGACCGGGCCAGTCCAAGTGCTAATGGCCCGCATGAGAGCGGGCGTATTTGGACCATCGCGCGACTCATGAGTAAGGCAGTTAGGAACCGGCGCTCCTGACATATTGATTCCATCCCACAATACGT,1648,49.39,Escherichia coli
SEQ_947841,GAGTGCCCACAGGACTTCGATTACCCGTAGGTGTCCCACTTGCGACTAAGGTAAGAAACGATAAATGGTGCATATCTTCCTGCTTCTTCGAACCATTGTTGGCTCAGGTCGCGGAATCCCTAGGGTCAAGGCAGGAGTCATAAAATAGGTCGCGCGTGTTCGGTGACATAGATTATATCGTCAACGGACTGATGCTTGTTACACATTGCCGACGACTACTTAACATACGATAGTTGAATAAGGCGCACTCTGGCATACATGGGCTTTCTCCATAGTTGGGTTTAACCATGATTATTTGACCAGACATGTAGCTAGTTATGGTTCAGGTTAGACGCCCAAGGCACTCAACGGTGTTCGGGTTACGGACGTTTAACCTCAAAGATTAATCTACGAGCTCTGCGAACGGGCCGGGTAAGTCTACAACCCGCGGAACCCGGAGTATGAATGGGTCCAGCACTACGTAGTGAACGACAATGTCCAGGTGATGAAGAGGTGATACTCGCGCCTGGATGTGTCGCTTCACTCATTGATGATGAGGTACCAGTCCTGAATGTTACGGCTGCGGTTCGCAACATAAACATACACA,586,48.63,Arabidopsis thaliana
SEQ_904099,GGGCCACAAGCATCCTCGTGGGCTGCGTCCTTGGGTCGGACGGAACATTGTGTACACCATGTTTGATGCAAGACTTGCACTAAGGTCAGACTGAGTCATAGGAACGCTGGGGACCTTGTCATGGTTAGAACTGCCTACCGGAATAAGCTGTTCAAGCGGCAACCCATCCCCTGCTCACGGTTTATCCGGGGACGTGATGCGGCCTATCGAAAGGGCTTACTAAATGCTTTGTGGGTAAAGCGGAAGCGATTACCGTCGTGAAAGACAGTTGAGCGTTGACGAGCACCTATACGGGTGAGTATCGGAAAGCATGTGCAGTCCCCCTTCCCACAGCCCTGGAGCAACTTAGTGCCATAACGAGGCTTTGCTGTCAATATCGCTATGTCAGCAGTCGTACGGGGGAAGCAAGTCACGGGAGACTAGGCCGTCACAGTTTCTAACCTGCACATAAGATGGCTCAACACATCGCATGCTCCCTAGGCCACGCCTGGATACTGCCGACGTGCTGGTATATCCGCTATCCATGCCAACCTGTTTCAGATCCACATCTGTCCGCGAGGGTCTCGACGCGAATATATAGACTGGTGGACCAGGTAGCGACATAGGGAGTCTTTGCCCGATACTTGGCTGCCGTACAACCCCCCCTCACTCTTATAATGTATTGTTGTATGCCGATACCCTTTAAACGAAAAGACGTTCATCGCGGTCTCCATACGCACCCTGTTGCGACAATTGGTACGGTCGGATAAATCTAGTTGATATAGGCGAAGGCACAACTGTTGTGTACGATGCAAGACGTGGGGACAACCTTTGATATGGTCGCATGAGATTCTTGAGGCACCAGGAGGTGAAACTCGCTAAAGATGCATCCCGCACCCGGAGGTCCTATCCACGAGCTGCTAGAGGCCCTCCCCAGATGCGACAATAAAGATCGAGCTTCATCGGGGTCTCTAAGAGGGATAGTCAAGTTCCCGGTCCGAAGGTCAGGATTTGCGTAACCGGGAAGGAGGCGCCAATCAAGAGCAGACCGCGGCCACGCGAATTAAGAAGTATGTACACTAGTCCTAATTCTTGACGTTGCGGATATATATTATGAGAAGAAAGCGGCAGGCGAAATGGGTGAAGGGTGATGCGGCCTCGGCGTGATTGGGGGCTGAATTACGCAGTAGAAAGACTATGTGCCACATTGCCTTGTACCAACCTTTTCGTGAGCATCCTCTCGAGGCTCTCCCAATCTTACTACTGTTATTGGCGGCACGTGACTTTGTGATTCGCGTGCGAACATTAATTCTGTTATGGGCAACAACATGCCGTATGCACGTTCGGTCTGAGATACTAAAAGGAGTTAGTTTATACAAGCTTCCCCAAGACGCGGCCTGAATGTGCGCCCGCTTGTAAGAACCATGGAGGCAAGTTGGTGCCGAGATGCCTTCACAGCCTGACTCCGCGTCATCGCCAGGGCTTCTCTGGTCTTATAGTCCACTAGAGGGGTCCGGTAGTACCATCGTCAGTCGTAACCAGAGTTCTCCGCGCAACATGGAAGTGCCGGAGTCGTCATACCCCGGGTTCCAGGTGATGCTCATCAGCAAGTGAGATAGTTAGTGGCGGAACGACAATCGGGTGGGGTCAACCAGTCTAGCACGAGTAAACGCCGGTTGTAAAATGGAATTGCGGACAGCGTAACTGTAGTGTCCTCACGGACTGCGGTTGTGCACACAAGAATACCAAATCCACCTTTCATCCGTATGAATGTATGAACTTTTCGGTGCAGATAAAGTCCTGGTTAACCGAAATGCGGTCAAGTTCAGTAGGCGGCTTGCTGTCTATCATTATCGCCTGATGTACCCCTTTTCAAGCCAATTGGATTATACTGGCATCAGAAAGTATCTAAGTATGTCGAACAGGC,1906,51.47,Escherichia coli
SEQ_878016,TTCGTGAGTCTATTCAGTCGATTCTGGGATACTGGATTAAAATCTATTTCTGCCGCTCCGGCTTCACTTCCGTTTATACCTAAACGCGCAATTGGGGGATCAACCCTCAGTACCGTTGCCCAGCCCCTCAATTGGGACCTAGCACTGGGCAACCTCGACGCGTGCGTTCCGGAGTTAAATGGGAAAGTGTGGGCTATCGAGCGCAGGTACTAACGTGGCTGGGACAATGAGAACAGTAGAGAGTTAAACTAATAGGTCTCCTTTCAGAGCACCGCGCGGATACTGGAACGCTGTGAGTTCCTAGGGGGCGGCTTAGCCCTCGCGCATTACACGGTGGCAGTAAGGGTACAACGCTCTCATCACGAGATCTGCCGAACCGCCCGCTCGTTCTAGACAGAGTAAACTGCGCGAGACAAGGCAGATGGATTGTCTCGCGCACCATCCTATGCTCGTAGCTTTCTGTTGCAAACTTTGCTCATCCCCCCTAAGGCTCCCAAGCTATGCTCTCCGGCCGGAGTTCAATAGCTATAGACCTTGGATGCATGTCCATAGTGCAGCGTATCATTGGGCAACGTCCGTCGACGTCCTAGCCCAATAAGGAACGGATCATCGTGTGATGCCTATTGGGGTAAAGACGTGTAGCATTAGACAAGGTTCGTCCCTAGTCCACGGGTGATCCGTGTCATTTGGCGGCCAGCCCCAGATAAAGTCGAGTCCGCAATAGTGCGATAAAGTTGAAGAGTAACCCAGTCTTTGTGGCGACGTCATCTTGAAAAACAGTAGTCGAAGCAAGGTGCCTACCAGCAACTCGAAGGCGAGTCTGCCCATATACAACGACGATCGATCAGAGTAACTATAATCGCCCCATGTCATTAATGGTGTACAGGGGAATGAAATTTGACGCACGCAACGCCATGTCAGTCGTGGCGAAGAAAGAGGGGGTTCCCAAGCAGAGTCAGAGAACCATACGAACTTCTCATCCTAATCCGAGTCATGATTAAGGTGCTAGTGGAAGGGCCCGTGGCTACTGAGTGAATTATGAGAAGTTGCTCACCGATTCTCACTTGGGTGTCGTGACTAACAAGACGTCGCCCTGCCCTCATCCGAAAGCTTTGCGACCCAACAAAACCTCCAGATTCCGGACCTTCACATTCAAGCGGGCCACAGCGTTTA,1173,51.83,Saccharomyces cerevisiae
SEQ_442096,CTCGACGGATGACAAATATACATCATTCCGTTCCTCCGCTAGCCGGACTTTTTGCACCGACATCAATATCGTCAGCCCAGACTGGAGATAATAATCTAACGGCTCGCAGATAGTCTACATATCTGTTGCTTGCTAAAGACGATGGCCTCTTCCGGCTTATGGCCCTTGTGGGGTGGTGTCAGGGACCATACCTATCAGGCTGCTATCCCGTAATTGCTGCAAGTCCGCAGGAGCATATGCTAGAGCAGGCCAAGACAGCCGTTGCCGACTCCTACCTAGGTTTAACTGTGCGCACAGTGACCCAGATCCCTCATGTTGAGATCGCAATAAGTCAAACAGGCGGTAACGGGCTTTCGTACCACTTTTATGGTTTCGCTCGTCGTGATTGTTTGTGCTGACGATTCCTTACATTGTCCAGAGAAGTTTGAGCGGTCGTAGCAGATCTGGGCTCTAATTGTGGTTTAGTTAGCCAACCCACCCACCCGTGAACGAGTAAGACGCCGCGACCTACATTAGCTAATACAATGGTGAAAATAGCATGCGATACAGTGTACTGTGAACAACCCGATCTAGATGGACCGCCAGAACTTTAACCTCTGATATTATCCATGTGAAGGACAACGAATCGATTGGTAGTAAAACTTAATATGGTAAATAAGAACCTTCGTTCCTAATTCGGACTCTTGCACCCCAGCACACCCTTAAATCCTTGTTCTATCGATGCTTCATTTGCGCGGACATAAAAAATCCTCACCGATTCCCGGTGACTTCTCTATCCCCAACTACAGTTGGTGTAGCAACTTCAATTGTCGGCACGACCAGTCGTTATAAAGACGGGGTATTGCAGTCTCAGTTGATCTTCTGACCGGTCATATAGCGCTGGGGTGCATTAGTTAGTCATTTGCCAAGAATTTAGAA,918,47.28,Drosophila melanogaster
SEQ_624561,GGCCAACAGCCGTTCGCGTTCTATAACCTGCATCTCCGAGCGGGGCCGACTCCAGATAGTGTATGTGGCATTTTACACTGCCCTTTCGCTGTTTCACTTCGATATCCAGCGTAGATCCTTTCAGGCCATATTCCCGGGGGGTGTACGGGCCACAATCTGCTAGTGGTGGTACAGTCCCCACGAGCCTACGCGTCTCGGAGTGTTATTGTATAATGACGATGAATGTCCAGATCTCCGACACGTCGGGCAAGAAAGATGACGTTAACTCAAACGTGCCTGCAAGTCCATGCTTGATATTCCTACGTACTAAAGCAGTGAGGTGGCTTCTGACCCTACATGGGTAGATGAGAGCACTCGAACGCGGGAAGTTAGGCGTGTGCCGTCCAGCCTTGGAGTTCGTCTTCAACCATGGTGGCACTTCTGTACAATTCCGTGATTTTAACCGCCTCAAAATCTAGCATATTTGCTCGTATACCGCTGTTCGACGCTGCGGCACGAGTATGGACCTAATAACTTACTTTTCTCACCCACCGTCCCCGCAAGTAGTTTACTG,553,51.36,Escherichia coli
SEQ_106883,CACCCTAACATCAAGTTCCTTTCATGCGACGATCTGCACGAGCAGTAGGGATAGATACACGGCTACAGGCCCCGCGACATCAGGGGGGCGCTCACAAGCGCCGTATCAAGTAAAAGTCGCGGCCGTAGATGGTCTACTGCATCCGTCGCCTGGTTGGGATTAACTGTCGCTCCAGAATATGAATGGACATTGGACTGATGAGTTGGAGTACATGACTGAGCGTGGATTCTCTTCCGCTGAGCTCCTGCTAGTGAAACGTCCGCCTGCTGAACTTTCTTT,279,53.05,Arabidopsis thaliana
SEQ_283938,TTACATTCGTGGACCACTTGCCGTGAAAACGACGTTCGATGCATCCCTACAACTGCCAGGTACACCCCAAAGTCTTCCCCAGGGGCAGAATCTCATACACCCGCACTCCGGAGAAGCGTATAGCAATTTTTGGATTGCTGCACCAGGACACATGTGATAACCCAAGTATTAACGTTGTTGCGCAATATCCCTCTCTCATTTATGGTGTGTAACGTCTATCCATTGGGGGGCTTGGTCAAGAGAGAAGACAGTAGCTTCGTAGTGACCGTAGGTTTTGCATAAGTTTATCCTGGATCGAGGCACAACTTCGTTACGCCATTTCATACG,327,48.01,Arabidopsis thaliana
SEQ_449943,GACTATGCTCTCAGTCACTTACCAGCTGTCTGGTAGCATACGCACACCTTACGAGCTCATCATACGCCGCGATAACAACGTAGCTGGTGCACTCAAATGTAGGCCATGACATGCCGATCTATCTCCGCAGATCACAACTGTAGTCGCACTCGCACAACCCTACCTGTGTACTCCCTCATGTGATGCGTTCGGGAGCTACCTGGTTGAGACCTCTT,215,52.09,Arabidopsis thaliana
SEQ_911491,GAACCCGAGGTGAAGTCGAAAGCTCTCGCCGCCGGTTCCTAGGTCGTTTCACATTTTACGGACCGGGGGTCACTTGTTTGCGACAGCAGCCCGAGTAGTATGCTCCCGCCGAGCTAGATGTCTGTGTGAAACCCCTGTCGACGCAATCTTACACCGACATAATCCCGTCGTGTATGCGTGTCTATACCGGCTTGCGGTTTCTCGGGTAAATGTACCGTGTATGTTGCAGCAAAGATGCTGACGTGTACAGACCATCGGAGGAATACGCGTTGTTGGGACGATCTTCCATGGGGTAATGCAGCATTATTTGTAGTAAATGGCCGAATTAATACATGGCGATTGTCGCATAAGGTTGAGAATATGTCCAAGTGAAGGTCTGTAACGAGCGCCGAGCCTGTAACGCAGAGGTTGAACAGAGGGTCAAACCAGCTGAATTAGATATATGTTACCCATTGGATGCGTACCACCGTATCAGGTCTTGAGCTCTCGCGGTAGTGGACGAATTCAATGCTCGCATGGCACTAGCTTTCCAAATTCTTGGCTGCTCAACCAGCAGGGTCACATTCCGATCCATTATACAGACCTCTTGGACGGCCCGGTCGCCACCTTACATGCCGGTACTCAATGACACAAATGAGCCGTGTTCCGTTTGGACACAAGTTGGGAATCAGGCCAATTAAGGTCCTTAGCCGAAGCATGCATGGAGACCTTGTATGGCAGAATCCCACTGTGGTTGCGGAACGGAAGCGACACTCTTCCGGAGGAACGCTATATTGCCTCCGGTCGCGCCTCCTGGCGCTGGCAGATGCCAAGTACGGGGTACAATACAGCCCTGCGTCGTGTCCCCGTATGCTTTCTCCCTCAGGAAACTTCGTTCTGCGAGACTGTGTCCTGGAGAACCCGCTGG,907,52.59,Arabidopsis thaliana
SEQ_700048,GCGGTGGTAGGATCGCCAGAGGAATTGTCGGTCGTAGCCAGCCCAACACAACGACTGAAGGTGCGACCAAGCAGATCGCCTACTATATTCGGTCCCACTAATCTGATCTGTCCATGACTCCCTAAATTAGCTACCGACTATGCCCATAATTTACTTTCTTTAGAGGGTAGCCTGTTCCTACGGCGCGGGGGAACAATACAAGGCACGCTATCTTATCTTTGTAGTTGATTTGGGAGTGAGCAGCAACTGCGTGTGCGGACCGTCGGACGGATCGATCCCACGTTCTGGGCCAAACCAGCACCATCGCTGGCCACTGGACTCACAGTTCTTCAACCAGGGGAAACCTTCTCTAGAGCAAATTCACGTAATCCTCCCTGTACACACTCCTCATACGGACCAACCATTCTCGGCCAAGAATGGTGTGTAAGGTCGTAGGCTACGCTCTCACCGCAGCTATCGGCATACTCCACAGCTGCGAGACTGGATCCTAGAATGGTGCATGCAGTAACTATCTGGTCTACATAACGGTTGGTCCCCCTATGAAAGTCTAGTGGTAATGTCCGGCCTGCCTCTTAAGCCCTCTTCAGTTAACGCATTTACTTTTCTGTACATCTGTCAAATTAAACAGCGGACTGCGCTTAGTGTTGTCCACTATACATCCCTATCCTATGGATTCGCACGTTTCATTGCCCAATAGTCTGCTGGAGAGTTGAAGGCCAAAACCAGCGGGCAAGTGATCATATGCTCGAATCGTCTGCAGGCACACATCCAGAGAGGGGATGCGTGAATAAGAGACCTGCGGTATTAAGCCTCCAGTAGCGTTCGTAACAAAACGGCTCCTACACGATGACGTGCCCAGTGCTTTGTCTGTATCGCCCCACCTTGCCCGTAGTGGAATTGGTCCATTAGAAGACGGATCGGGTGCCTATGTGTGCAGTTACACCTCCCTTTGCTTGTAGGGAGTTTTTTATAACGTCCCCGACGCAGATAAATACTCCGAACTCCAGACGTTGCTAGAATCTTGCTCACGCTTTGTTTCTGGGCGGCTCGCGGTAATCTCAAGGCTAACAGCAGACTCGTGCTGCCGTTCAAAATATAATACCCGCAGTCTCCGGCGCCACTTGCTGCAACGGGGGTTTGGGGTGGGCACTGATCAAGGTATTCATGAGAAGGCGCACCCTGATATGGCATCGAATCATACCTCCGGGCAGCCCTGTAAAGACTTGAGGCGTGGGACTTACTCAGTCATAGGCTGATGAAG,1261,51.31,Homo sapiens
SEQ_631188,GTAACATGGTGGGTGTCGCTGTGAATTTACGTGACTGACGGATTATTCGGTGGGGACAATCTAAATCGCCGCAAAGTGTCCTGATGATAGGCGAGGTTCACCTCAGAGATAATCGGCCGGCGTGACTCGATCAGACCGGTGGACTGACCGGTCACTGTTCTCCGTCCACCCTCGAGCGGTTAAATCACTGAGTCCAGCAGCAAGCTCACCTGCCCAAGACCCAACTCTGCGCATATCTTGGGTTGTGTAAACATTTCGCAAAGTTGCCGGACCGCCAGGATGCCTTCATCCCCTCTTAAGTAAGTTGGGAATTTTTCGCAATGCATAGATTCAGTCCATAATGTGCTTTATAAGCGTCCCTACTGGACGCCTTGTTAGGACATATCTATCGTTGTCGGCCATAGGCTACGCCTACGGCAATTCATCCTAGGATATCAATTTCTAGGGATGACTTGCATGAGAACCGGCCCGCATTCTTATGAGAAGCTGAGACTCCTCACTGTTCAAACTGCCAGTGCCTTGTTACTCTTATCTTGTTGGCAACCACGGTTGGGTGTATCCAAGTGTGCGTAATTCTCTTCTCCAAGAATGTCTCAAGATTTCGAGGGCTAAAGTCAAGTACACCCTACCTGACTTCACAGTTATCTTCCAAGACCGGTACCGCTTGCGCGGGCATGAAGTGAATGTCAGCGAACGACTCGTTAACTTTCGTAGGGATTAGTCGTACTCGGCTCCTTTCCTACACGGCCACCCAGCGTACGCCACCATATCGCCTCTCCACGTTTATCT,789,50.06,Mus musculus
SEQ_377909,GGCTACAAAATTATCTCACATACAGTTCGTATTCCGCCCCCAACAGAATCGAACGAAGCTCTAGAGTGTTTACAAAGGCGAGACCATAACCCTACTGCCGGGCTGGGGGTTTCCAACCACGCACCGATGAAGCGGCGGTTGAAAGCCAGAGGTCGTTTCCTTTAACTATCCTGCAGCCGCGGATGTCAGCCGGGGACCATTAGCACTGCCTTCCTGAGCCAATTGGTCCTCACGACTAGCCATCAAGACAATAGCGGACCAAAGCCCGTTATGCTAGAAAACCCGATGAATTGAAGGTGAGCCGGGACGATTGACCGCTTGTCCCACAATTGATTCCTGAGAGCGATCCCCACCCTGTCCATGTTAACGTCGGGGGAAGTGGTTGCCCTAGATGCGTGAGCGAACACCACGAACTCTACGCGCCCATGAAGCTGTATCACGTGTACAAACGACCTGAAGCTTCCTTCATTTCGAACTCTGGCCCTCCCCCAGCCGACAATTACATAGGTCTCTTAGAACCTTGGTGGCAGCTGATGCCAGAGAGTCAGTGATGTAACCAACTCATCGCCCTACGCAGATACCCAACATCTCGGTCAGCCCTGCGCACGCACTAGGCGATCCCGTTTCAAAATGCTCAGAACATTGGAGGTTACCGTATAATTCCCCGGTCCAATCTCTTTCATAATCACTACCAACCCGGCTGAGCGTAGAGTCAGCGGGTTCTGTCCAGAGCGTTGATGATGAAGACATTTGAATCACCTATCCGCCCCCAGACTTCTGACGAGGAAGCGTCCTTAAACAGCTGCGGCCTTCCTTGGTTAATATAAGCGCACTTTTCCTCCTAATTGAAGTGCGTTCTTTGGTCGAGAACTTCCTTAAGAGGTTATACAAAAGGAACGCACTCTTCTTCTGTATCACCAAAGGCATTATATATATGACGCGGGAGACAAATAGCCTGAGGCGTAGCACGCTGGGTACTTGGGTTAGCGCGCTTATATCCACTGTTTACCCGTAACGGATCTCCCGCGCACCTCATCAGATCGCTAGCGGCATCCCTGGTGTCTAATGGTGACACCGACAAACGAACTCGTTGCCTCGCGTACTACTTCGGTCTTCATGCGCCGTCCGCTAATGACAAGCTCACTCACTGCGGGACCAACCCTGGGTCTCCCGGTCACTTTGTGGTTAGCGATAGAGTTCAAATGACGAAAAGAACATGCTACGAGTCGGGCGCATTTAAAGTTTCGCCGGGTCGGGCAACAGTAGCCAGGTCACACCTCCTGTTCTTCGAGCCAAACTGAGCGAGGCTATAACAGATCCGATTTGGCCCGCAACACTTGGACATGAGCAGGGATTATATAGCTGAAGAACGTGATAGAGGCCCCTAAAAAGTCCGACGTGCAGGGGAATTTACCGATTCGATGGCTCCCGTTCGCCTATAGCCAATTTAGCTCGCCGAGTTTCACCAGTAAATACGGTGAGGCAGAACTAACAACTCTTATAATACGCCAGTAATTTAACTCTCAGGGGAGAGTGCGGCTGCACTATTCCACCAGACTAGCTATGAATTACCGTGTGAACGCGGAGTCTAACGTGATATGTTTGCTCTTTATCGTAGGCCGAGTGCACTTCCCTGAGGGATCCTGGAACAAGTTCAAACGTCGACTAACATTACACCTTATCCTTCTCCATCACTGTTTAGATAGTCCGATAAAACCAACTTCTCGTCAGTCAATTATGAGCTAAGAGGACCAAGATGGAGCCTACTACACTTACTCGGCAACCGGGTAGATGACAAAGTAGTACCGGTAATCTGGTCGGCGGGGGACGG,1831,50.9,Saccharomyces cerevisiae
SEQ_910360,GGCCCTGCGTAACCCAGTAGACACGTTCCGTTGTAATCATGGTGTCGCGGCCGCCGACGGAAATCAATTATATCGAACGGCTCCCACTAATTCTCTTAGAAAATTGAGGGAGCAGCAGGTCAAGACGTGTGATGTGTTGGTAGCCAGGTGGACCCCGTGCTGTTAATCATTTAATTCTTGCAACCGTGACTCCCGGGAAAACGACGCTATGGGTTCCTTTGTTTTTAACTATCTGCGTGACTCGCAGCGGCTGCCGGACGAAGTTCATACCAGTCGCGCACCCCTTAGACCTTTCTGTTCATAATTGGCACCAGCGCGAGCTTAGTGGAGACTATGTCGCCTAGTGGTAATTGTATCTAACTTTACCCCTCTAGGGCCGATTACACTAGATTGCATTGGGTTCCTTGAGGTACAACGCCTGGTATTATCCCCTTCTCTTAAAAATCACCTAAGGTCGCGTTCTGAACTACGCTGATTACAACTTTAGACCGCTGCCTCCCTTGTTAATAGGCATGATTGTAGTGCTGTTCAGAGGCCCGCGTCGGTGCCGCCGGTTGCCATCTCGGTATGATACGTTCACGGTTTAATCTGTGCTAGACAGGTTTGCGCACAATCCGGTCTATAGTTCATTTTTAATTATAAGTGGGAAGGGGCGTGCGTCCGAGCGCCCCTGCGAAGTTCCTCGACGCCCTCGCCATAATTTGAAAAGGGTCCAGACCCACGCCTATGGTCCCCGGACAACAGGCATGCAAGTCTTTTACGCACTCACCTAGGGCGGTAGAGATAATATCGTACCGAGGGCTATAGTTATGGCTGCCCACCCGGACTAAGCTACCACGGAAAATTGCCGTCAGTGGGATGACGGGATTACATGACGTCTGGCACGTAGCCTGGCCCCCAGTTACCATGGGACCCCACAAATGAGCTCGGGCCCTAGCACCATTTCTGATGTTTACCTTTTTTCGCGACGAAATTCGGAGTTCTCCAATTTGTCCCGAAGGAACTTAATCCCCAGGCTAATTGTCCGAGCAGTGGCAGTTTTGGTAGACTCAATAAATCAGCACGCTAGAAAGGGCTATACCGTTTATCCGTTAAGTTAATGACCAGTAATTACAGCGCGTGCTTCGGGTGGGACACCAGGCAAACGATGACTGTGTGTTACTGCCGCTGTGTGGACGACTGGTGCTTCGTCACACGCGCGTTATCAGAGCATGTTGCATAATACTCCGGAATTTTCAGCCAATTTGGAGCCGTGCACCAATTTAGAAGGCGCTTAACCTTCGCCCGCGTCGTTGTGCGCCAATCTCGTTGCAGATC,1317,51.03,Escherichia coli
SEQ_362466,TGTGAGATATACCCATCAGGTAACCCTAATTTGTTACAGACTCTATATCATACCCGTCGCGTAACTTAAGAGCTTGTAGGGTTTCGTCGCGAGCACCTGATCAATAGAATGCCAGAAAGTCACGCGAGACCTATGCCCGACTGCGGTCCCCAATACCCTGTGAGTCACTGCGGATGTTTTCTAGATATAACTCGACGTTTCTGACAGGATCAAGTCGGTCGGACCAAGAGAGGTCGATACCGGTGCTTAAGCACATTCGTCGTACACGGCTTAGTTATTGGACCAAGCTCTTGAACGCCTACATCTTAAGCTGATCCTAAATCTCGGTTGACACTCCCTAACAATTGTAAATACTGACCGTCCCACATTGATTTACTTACTTAAGTTGATGGTGGTGGCTACTTGGTTTCGATAATTGAGAATACCAGTAGCGCAACCCGGGGGAGTGACATGCTTACTAAGCAAAAGCTGG,472,46.61,Escherichia coli
SEQ_619442,CTTGTATCAAGCCTTACGGGTGCCTCCGAACAATACGGTACGAAGTCACGGCGGGTTCTCCCAGTGTAGCCGGACAGTTGCCCTCGGTCTGGAGCCATCTCATGAGTTCGTCGTTATGCGTTATACGTTTGAATCCTGCTATATAGCCCCCATTTACTAGCAGAACTTCAGGTCTACCGGGTGGCTAGGCTACGGTCCCAGAATCCGTTGCTTTTACCTAGGAAGCGGGTACTGTTCTCTTATTCTCGTAACGTGCCATAGAGCCATTGTAGGCGATCTCTCACGAACTCGGGCTAGCGATCCGCCACTCGGTGCAAATAGGCTCATTCCCCTCTACTGTAGTTCCAAAGGCTAGTCACGATATAATGCCTCATTCCGCCTAAGATGTTTAATTGACTCCATCGTATTAAGTATTCAACGTGGAACGCAAGTTTGGTGTGGCCTTAACGGAAAGCCACTTCGCGTACTTCGTGATGTAAATGGGCCTCAAATTAGTGCCTACCGCACGTATAAGCATTCTAAGGGTTATAAGCGCAATTGCGGTGTCAGACGTTTTAAGAGCTACGCTCATCACTGTGATATACGTGTTCGCGTTAAGGCCGTCTGTCGTCAATGATAAGGGAAACGTCGTTTGTAACGTGCTTTTCTCCACCCTGACTGCTACGCGAAGATGACTCTTGCCGCTTAACTGGAGCTGGGCGACTGGTCTTAGTGGCACGGAAGGGTAATCGTTGTACGCGCAACTTAGTGGAGTTCGAGCGCTGAAATCTCGGTAGCCGTACTGAATCAGCCACAGATACGGTGTAGTCGCATCACCCACCTCCCCTTAGTCTCATGCCAACGGCTCTGTACGATACCTAGATTGCTAGGAGGACTCTGCTTCTCACGTTACCCAATTCCCGTCCGCTGAGCCATGAGATCTACCCTTAAGTACTCTTCGAGTCGTCTAGGAGCAGCAGAACTAGCTGGCACGTATTCAGCGCCCCCCCAACACTA,996,50.7,Drosophila melanogaster
SEQ_818189,CGTGCCTGCCCGAGAAGTACAGAGTTACAGTCTACCAGTGTGGGATCAAAGAACGATCATAGCTATCGTCGATGTCAAAACCTGGTGCGACATAAGTATGCGAGCCCAGACGAGAAACTATACAGCCGTCGCATGTTCACTCATGTTCTGAGCCAGAACGGGATGGGGGCGAAGAGTGGATTATAGCATCTCACCAATCCCAAGTCCGGCAATACGTACACTTCTGCTTGTTTGGACGCGCTCAACCCTAAAAGCTAACGCCACAGCTGGTTGACTCGTTACGACTAGCATACACATCTGAACCCGTTTCTCTTCGAACTACGGCCAGTGATATTGATAGGAGTTTGTCCCGGAGCATACGGAAGAGGTAGGTGGGGGCGGATCTGCAGCCCTAACGAAGCGACGAACTAAGTGGGTTGAAAGGCTCAATATGGTCGAATCGGAAGAGGTCTGTAGGCGCCCGAACCAGTATTCATAACCGGCACGCCTAGCTAGATCTACAGCACGGTACATGTATTCGGTAGACGTGCCCGAAGAGACCCCAGCAAAGCGCGTAGAATGTCATCTACGGTTTCACTCCAAGTGCGCCGTTAAGCTGACCACCCAACCGTAAGACCTCATGAAGGATGATTGTCAATTTGCTTTGGCCGTACCATTGGTTAGCGGTGACGAGTCCATTTAGGACCGGAGTTTCGGGGACAATTCGACCCTTTAATCCCGTGTTGCGAGACATGCACATTGGCCTGGTATGAACCTAGCACTTGCTCAATGGCTACACTGGGCACAGACTGCGATTGGCGTCCACGGCACCAGGAATCGGTACCTAGGCTAAACGTGAGGTGAGCGGGGCATCAGCCACATAGGCTGGTACTTGGTAGCTACGTGGCTCAGATGGGCGGCCGTTGGGCGAAATCAAGGCGCAAGCGCGTAGCATCATTAACTCTAGTGTTGACTGGAGGGAATATTAGCCATTCGCGCATTGGGACTAGTAACCAAAGCTTAAGGGCAATGCAAGTGGTACG,1022,52.15,Drosophila melanogaster
SEQ_419127,TCTTGCCTTTGGAATAGTGGATGAGATAGTGTCGGTCGGTGGACCCCCACTTTATCTTTCAAAGTCCGTACGGGGTCGGGGCGGTTCACCAACCCTGGATTGACAGGCAGACGCAAACAAGAATCCACAAAAGGCATGTTTCCCACCAGCGGCCAATCGACACACAGGATCTGTTCCCGCTATGTTACATCCAAGCCCCTAAGTTCACCCGTCGCCGTTGAGATGCCTACCGATTCAATGAGATGTAAGAACTGGGCTTGGTCGCAAACAGTACAAAGTACTTTTGCCAATTATGTGTTGGAGCAGGTGATATTTCCTCCTCGTTGTCCTCCAAAAAGTAATGTCACCAACTTTTCTGCCCGGTCAAGTGGATGATTCTGCAATATCAAAGGAATAGCCGTTCCTCACTCCCCACTTATGGGTCTGGACGCTGCCCCCCAATTTGCGTTCCTCAGCAACTGGCAGAGGCGCCGTCCGTCAAGTCTCGGTTGAGGTTCCGGATGGCCCATGTGGTTGCGCGTGACGGCCCGTGCGTATCCCTTAACTGATGGCATGCTGGTTTAGCCCCGGTTCGGCGAGATCTATGCACGATCACTCCGACGATTCAGTCCCGAATGTTTCAGTATGACCGATATAATAGATACGGCACCACGAATTCTCGTTTACTTCTATGGGCTATCTAATAACGTAACGACTTATGTCAGTTTAGTCAGCCTCATATTTCCGCATAAGAAATAGGGAATATGTTTGGCTCGTTCTAGAACATTTCGCAGGGAGCGAGAAATTTCGCAATGTACTTCGCGAAAGGTTCCAGCAGACAGTCACTCCGAATCGTCGATTCCCTTATGGTGCACACCGCAAGAATCACGTACCCCATCC,879,50.06,Arabidopsis thaliana
SEQ_316650,ACTCGATGAGTCGCGGTGTCAGCGGATTAGGGATTCTGTGTAACGTAGTCGAAGAAGACGGATCTAACCAAGTGCACGCGTCAGATATACTGCGCATCACTCTGACCCTGTGGTACTTAGCGACGGACAGGGGCCTAGCGAGTGATTTCTACATTCCTCTTAGCCAATAAACGCCGCGGCACGAGACTTCAGACGTTGCTGTGAAAACAATCTCTAACCGACGATGCGAGAATGACAGTTTTCGCGAAGTACAAGATCGAATATGGCAGCCTATAGCACTGTCGGCCTGCCCTTATGGACACTGCGCATCTCATGTTATCTATGGCGCCACCACTGGCGAATTGGCGTCGCTGTTGTCATCGAAATCTAATATAACTCTAACCTGGACTCGTGAATGTGAACGTGATTCACGCAAGGAAAAAGCTCTTGGAGTAACTCGGTGTTTAAGTAGTTTAACACGCGACCACTATTGATGTCTTTTTACGTGAATACATGCAATCAATATAATAACAGCCGATCTGAAGCTATTAGCGGGCACGAATTTAAACACATGGAAGTTTCTTAAGCTTTATCAGGGCTGAGGCTGCACAAACTTCTTCTTTCTCACTGGCTTGGAAGAAAAAGTATATAGCGTCGATTCTCCGTTGAGAGTACATATAACGTCAGTGAAATTACACAGGGCGTCATATCGTTTACGACCCCAATCAACGAGGTGCCCGCAATGTATGTACTCTCTATGCAATGGCCGCAGGTTACATCGTCTTGAGCGCGACCGAAAATGATGGCTCTGTATGGTGCACGATCGCGTTAATATAGCCGGCTGAAGTTAGCTACCGGTGACCTCGACACATTCTATCTGAACCACCCGG,869,47.18,Caenorhabditis elegans
SEQ_207810,TACTTAATGATCGCCAAGGACCGGGAACATTAAGTATATACTTCTGTTGGAAAAATTCCAGAGCAGGGAATCGGTGGGCCCGAGGACACAGAAACGGTCCACTACATACTAACTACTTCTGCGGAACAACTCACACTTCCACTTCAAAACTTGCAAGTAATTGAGGCGCCTCGAAAGATTCATGTGACGCAGCAAACGGCGTGCATTTGTATGTCAGGGTCGCAAAAACTCCGATGTGCCATAAAGGATTCATAGTTATACGGTCAAAGATTCTTATAGCTCGACTTGAAGGCTGTCGCGTGACTACAGCCACAACCACAGTCACATTACGCCTATGGTTAGCTCATTCATATGATGTGCAGCAGTGCGATAGGGACATGGGGCCTAATGTTAAATTCATTACGCTTGCAGTTTAGTAGCGGCAAATGACTTTAGAGGCCTACGAGAATTGAAGAGGGTACTCGTCTCGTACACAGGATCGTGCCAATGAAATGACGGATATCTTGGAATCGCTCAGGAGGCTCGTTGGGTCCTTCCCGGTATTACGGCAGTAATACCGGTCGACGCAATCTAACTAATATGTCCATGAGTTGTGATCGATTGTGATCCTCTGCGACCGGCACGTTAGTCATTTTGTAGCCCATACAG,648,46.6,Arabidopsis thaliana
SEQ_912810,CTTACAGTCCCGTTATTCTCTGTACATGGATCCCGAGTTTTACCGTTCATATAAATACGCTGGAGTTCCGGAGCTGAGGTTGAATCGTATTCTAAGTGTGACTTCCCATAGTCTACCGACGTGCCATAAAATTCGAGAGTAGAGACGAGCATCGCGGCGACACTACGCTTTACGTATAGGATCCGAATGAATTCAGGGGTACAACGTTACAGCTGATCAATCATATCGGTGTGGGCGCTAAACAACGGCCCCAATTACCCGGCGAGAACACGGACTGGCTCGTTTAGCCGGCTCTTGCCGATGTAGTTATGACATATCCCATGTGCCTAGGTCGGTAACCAAGTTCTGGTTAAGTGAGAGTTGTATTGGATCCGGGGATACAGCCCGCCCAACTCCGTGCCATAGGTCCTCACCTCGCACGTTGTCCGGATAAGGGCGAATTGGATAACACAATGAGTTACCCTGGCCGCCAATGAGGCTTCGACGGAGTCCAACGCCAAGCATATGTCCCGGTTTCTCCACACTGATCAACACGCAGCATAACCAATATGTATGAATGACCTTCGCTGGATTGGGGATCGTTCGTTCCGCAGACCATCAGTCGCGCACCGCACGGACCGCATGGTGGGCGAAGACCGGTAATGATTTAGTACCGCAGGGAAAGGAGCTGACCGACGTAGGTATTTATATATATAAATACGAACGCCCAGAGAATTTGAGAGCTAAACGTCGATTACGAGGCCTCGGCAGCGATTCAAAGCGCGAGGCGATCCAATAGATAC,782,50.77,Homo sapiens
SEQ_877108,TACATTATCAGAAGGTGACTCGAACAAGGTTATGAATGGGGCATCGTATTCACAGTAGGCCGACTCACGCATTTGCGATTTCCCGAGCATTGTAGCTTGGATAGTCTTCTTTCGGATGTACCCGCTCCCGACCGAAAAACCGTCTGATGCAGGGTTTATTTCAAAGACTCATTCTAAAACAATACTAGGTTGTCTCCTTGAGTACACGCTCTTGTTGTCCCACCGAAAAAGGCTAGAGAAAGATCTAGGAGCAAAATGGCAGCAGGCGTTTTCATTTCTTTGCTCGAAACGAACCGAGCAAGCCTAAGGCCAACCCACCCCGCGAGTCGCTCCTAACAACACGTATGGCCCCAGTAATCAGAGCAGCCATTCGATTTGTGCGTACCCACTGATTTGTCGGTGAGGCGTATAACAAGATGCCGGCCTCTCGCCCACGATTCGCGCAAAATTTCTGCCCAAGCCGAGGGTAGGGGAGGTGTTATCAGCAAAACCGTATCAGATAATTGACGCCGCCCGCGGTGTCACCGAAAACATTATCTTCGGTGTCTATCTATAGTTAAGCGAGTGAGCATAGACTGATGGCGGGTAGGACACGTTATCTTGAATGGTACCTATAAATTCCCAGACAGGTATCGTATTCTTTCGCGGTGCGTCGCCACTAATAATCGTCGGCAAGTGGCTGGATGCGGCGCTCAACCGAATTCATAGCTCCAG,714,49.44,Drosophila melanogaster
SEQ_880208,TATTACGCCGGCGACAACAGGTATCCTTACCTTTACGTTGGCTGTGTATAGTTACGACATCGTCATGTTAAGAATATGCTTCGCATACCTACGCTTTACTAAGAGGCTAAAAGGGCCTCGCCAGTGCTATATGTACAGTGACTATCATGGCATCCATGTAGACTGTCTTAGGAAGGGGCCTAGCTAGGTATGCTCGAGTGCTTAGACAGCCGTCACACGGTACACCGCGCCAAAAGAATATATGATCAGTCTTGACTTCGGCGTTAGGACGCGTTAAGCTTATTTCTGATCCATGCGATTTAGAAGGACCATTGCAGGGGCCATGGCAGCCTCTCCCCCCGAAGCTCCACTGAGGTCTCGATCTTCGGGCTATGTCAAATCCCGAATGCATAACGAGCGTCTCCTTATGTGACGCAGACGCTTTGATAGACATGCAATACTCCGCTTCAGGGACTGCGCGCCTAGATTGCTGCATTCTTCTATTGCTGAACGCGGGCCTCGCGATTTAACGCTTAAGGGGTTGCGATCCCAAACCTAGCCTCGCTACCGTTTGAAGTGGCCGCGATGACCTAGGATCCACCGTTGCTAAAAACTTAGCCCTGTTTAGTTGCTTTACTGTCTGACCGAGCTATGCTAGTGCATGGGGCAGAGGTGGAGTTTTTCAATCTTAGGGCGCACCACTGGACGCACTTTGAAAGAGAATACAAATGCTGCATCGGTATCGAGAATTGTAGCAGGGGGTGTTTATGGCTCGGGCTATCAATCAATGCCAAAACGGTGGTCAGATATGAATTGTCGTCACACAGCACTCAGATTTGACATCGAAGGCCCGCAGACCGATGTGCCCCACTGCTCTGCTAGTGACCGGATCTTCTCAACATGACCCCGTGAAACTACTGTACTGAGTGCTTGTCATCCCAAGCAAGTAGTGTAGCTGCGCAAGACCGCAAAATTCTGTTTCTCCCTGGTCATTTGTAGAACGGGATTTGCGGGCTGGAAAGTCACGGACCCTAAGCTTGTATCCGATCGTATCGGCCCGGTTCGAGGCCCTAGGAGCGACTTGTAATATCTATTAGGGCCGAAAAGGCGAGCTAGCGTCGAGCTTTTTACGATTTCCTCAGCGATGGCACGCTCCCGCTTTCTGCACCTCTGCAGCAATAATAGGTGAGCGGGATATTCTTAACTGTACGCTAGATGGC,1199,50.46,Caenorhabditis elegans
SEQ_306063,TCATATACGAGGGGGATTCCTGGCCACTAGCGTGCGGAACATGGTCTACAGCTGATGATATTCCGCAGTAGAGGGCATTCCGGCCGGCTAGTACAGGCTACGTCGCGTCGGGTTGTCTGCGGAAGAGGTTTACTCAGGTAGATGCAGATAACGCCTAACACGGGTTCTTAACTATCGGCAGTCCTGACGGGCATATAGCCGTTACCCCTTCCCTGCCATGGCTTTCTTGCTTGCGGAATCGTTTTCTGTTTGTTTGTGCCAAGCCGATTCGACGCAGTCCTAATTTCCACCAAAAGCTTCAGGTAGTAAAGTTGCTTTCGGTTCCGTACCAAACAGAAGAGTCACCTACGGAATCGGAGGCATCAGCGGCATGCTCATGATGTATCTGGCCGCTGGCCTTTCTACGAAAATACCACTTTATCACATTCAATATTTCTACGTTAAGCAGGCAGTTGACTCAATATATGGACACTTGTTCGAAAGTCCAGTCGTCCCTCACCCCTCGAAGCCAAATTATGGGTTAAACGGGATGAAGTTGCGAGAAACCGTCATTCGCTATCGGGCACTACGTTTCGGGTCAGAGCCTGCTCCAGCAGTGTCTTAAAGGCGCTGAGAGACGCAGCCGGTCTTCGGTCTCAGGGGCGCAACGTGGAGTAATAGCAATTTGCAGCGCCTGACCTGATCTCTGTTACAGAGTCCAAGCACTGCTCACCAGTATTTGAAGGAGCTTGCTCGCCAGGACTACGGTACGGCAGCCGCTAAATTTATTAGCGGGTCGCAAGCGGCCTACACACCTTTTTGCCAGCCCCATACGTTTGAGGGGGCCATGTAGAGTGGTGAACGGGCACACATGCTACGCATAGCACCGCAAAAGTTAGGCACAGGTCTTGTATGATTGAGGGAGTTGTGCTGTACACTATTATGCACTCAGGGAATCTAAACGGTTAGAAATGCACCAGATAATCGGCGATATTTGCAGCGCGCTCCGAACTACGTTTCTTATATATATACCTAAAATGCGCAATCGAGGGTGTGATAAATAGGGGGACCTACACAAACGCCGTATATCACCCGACCACACTGGTGCTAACCAAGCTTGTGACAAATGCTCCCTTGTCCCTTTAAAGAATGGTGCGTGCGAATTCGAGAGTAGGTATGGTCCACCAAAGTGCTGGACATACCCACCCGACCAGATTGCGGGCAGATAAATCAGCGGAAAGCTTAATAGTGCTGCAGGGTAGTCAAATTTAACATGTACCGTGTGGCATGGCACATGCTTATAAAGGGTCGGACATAGTCGATTATAACATACCGTAATCCGTACTCGGGAATTAAGGACGACTGGCATTGTCTCGAGTGCGCTCGATTTTTTTCTATCGCTAATTTATCGAGGGCCATTGACTTCCTGGTAAGGCTCTTGTATTCCGCCTACAGACTTGCGTAGATTCGTAGAATAACGTCTGGGCAATATTTGCATGGCCCGTGCAAGTTGCATAGGGAATGTGAGGCAGTCCCCACGTGGTAGACCAAAGGTCTTTCGACTATTTAGGGACGTGGGGAGTAGCTCAGGATCAGATCTGTCCTAAGTCGAGACGGCGTTTCAGAGGCATGGCAAGAGGCCACCCACTCTCATGGCAGCTTGGGGAACATAGGCCCGTAGCCCGATTCCACGTGACGAAGACTTGGTGGTATAAAACAGTCTCGAATTTCTTACCCATTGTTGCGATGACTATGGTCGTGTAGGTAGAATAAGAACGATCGTATGGTTGTACGCGCTTTGCACACAATTCCTGGGCCAACAACACTCGTATACAGAGTCACCCCGTTTTTGCAATCTAAGGCCCCTTCAATACAATCACATGTGTCCGCACTCCTCGAAGAGGGTCACGCCGACGC,1896,50.0,Drosophila melanogaster
SEQ_123716,TATTCGGTGAAGACTCTCGAATAATAGTAAACTGCTACCCTGGTCGTAACTATTAGTTAGACTCAGGATAGAGCCTCCGCAGCATCTCCATGACCATCATGAGAGATTCGATTTTCGCAAAACGAGCCTGAAGTTATTACAAGGTACTAGTTACACGGGAAGGGTGTTGTATTTACGACTACGCTAATCGAGGACACTGGAGATAATATCGCTCTTCACGTTATTCGACTTTCATTAGATCATTACGTTTAGCAAGCTTCATGCGCTCACCTCATAAACGTCTTCTAGAGTGGCCCTGGCCTACTTCATGCAAGTACCAATAGGCATTCTCTTCTCACGGGTATCCGCTTACCCCTCGAACGTCGTACCGGAGCCGGGCACGCACTTCCAGTCAATCTCGCTCGTACAAAATAGTCTGGTCGTATCACGGTTTGAGCGCATCACCCCGCCTCGTGTCTCGTTAAACGTGCTACACTGGGGAACGAGGAGGTCGCTATCTTGCGATGGAATCTACCGCCACCCGGGAAACAGAGGGAAGGAGTAAAGGCATAACGTGCGCACAATATAACGAGCGAGTAGCAGCACAGAGGGGATTAATTCGAATAGAGGCCTAACACGCATCAGCGCACCGGAGAATATCATCTGAAACGTATTCTTGCATGCCTGCAGGCCCTCTTGGACACGGACGTCCTGGCAATGCCGCAGTAGCGCGGGACAAGCTCACAATGTAAGTTCACTACGCCCTTAACGCTGCATCTATGATCGAAACGTTTAACGCATCTCGCATCTACCTAGCGTTTTTCACTGCCGCTCGGCGTACGTGCTGCTGAAGATAAGCAGTAAGGATGAGAGATGGGTGTCGAAGCTTATCCCCTGAACAGGTTGCGAGCGCAAGGTACTAAAAAACGGTCCACTACGTGTTAATCACCGCGTTGTGTCGAACGATCACTAGCACTAACGCCCTACGGACCTCCGAGCCGCTTCGTTCCCCCGAATGCGAGTGACGTCAGTCTTCGCAGCAACACAGTACTGCCGGTGACAGTTTGGTAATCGGGTGGCTTCAGCTGATCTTGCTGTCCGGTCCCTCCTTACCAATGAGGCACAGTGCTCACCGTCAGCTATACGGCAGCGCTAGTTGCCGGGCCCGTGTAGCACGATCATCTCAGAAGCCCTAAGGCTCGTAGGGTAGAACAGCTGAGCCGATAACCGGCACCAGGTTTTCGGTTACCCTCTATAAATAGCACTTAACGGAAGTCTGAGCTTAATGAAGTCGCTGCCTATGGTCTGCTCGAAAGTATTGACTGGACTCTTTTAGCGACATGTGTCGCCCGAAAGTCAGTGCGACATAACTCACCTTAGGGGTGTTCCACGGAGGATCCCATTGATATGTCGTCTCGGGGACTCTCACCATGACGCACCACCGGATGGGTGTGTGTCAAGTGCTCGTGGGAGCTCATATGTCCACGAAAGTCTTATGGCTTCCCACAGCCTGTGGTACGGAGCGCAGCCTCCCGAGTCTAGCCTCATCTAACATCGATGACTATTCGATTTATCCATTCGTCCCAAAGTAAACAGAGTGCACCTAATT,1588,51.13,Arabidopsis thaliana
SEQ_587525,CAGAGCCGGTAGCATTCTAGGCTTTTTAAAGACTTGCACGCTTAGCCGGCTTAGGGGGCACAGTGTCGAGACCGGTAGGCCCTTATCTGCGCATGCGGGTTGAACTGGACGTAGAGAACAATAAGAGTCCAAAACAGCTAAGGGTCAGAGTATCTTATTGTAGTATACGATTTGCTGTTACGTCCGTACACAAGGACCGATTACCTGGCCCACACAGCGCCTGCTCAACAGGGAGTTGACAGTAGCTTGGTAACCTTCCCCGGCGCAAACTGGTCCTAGTGAACTCATGCTAGAGGATGCTGTATAACACCCAACGGCTGGGTTTACGACGATGAGATCATTATGCGCTACAACGCAACGGTAAAGATGTTTGAATCTGTGCATTAAGGGGGAGCTGTCATTACTGGGCCAATGATAGTAACCTCCGAAAGAAGATCAATTGTCAACGTTGTGCGCGGCACGGAGCTCAAGGTCCTCGCTATATGTCAGCGGGTATGAGTAGAGCTGCATCAACAAACAAAACTTCCGTCTGGGAAAAGTAGGGTCTAATTCGCCGCGCGACTCGCAGAAGAGAACACCAAAGTCTATCCAATTCATTGTTATGGCGTCTCACCGACCCCTATGAGTACACACGGGAACAGACGGAACGTCGTTCAGCAAGTAGAGTACCCCTGCCAGTTTTGAACCATTCTCGGCGGGTTCTCACCTTTGGATGGTCATCGTTTTCCGAGAGACGGTCTGACGCGATTCGTAGTTGGTCATAAAAACCTAGGGCACTGCCAGTGCTGCACAATCGGATCTATCTCAGTTTCCAAGACTAAGGACCTTATCGGGAAACCCTCTATGCATGCGTGTACAAGAGGACACCACGAGCAGCCACGACTCCGATCTGGACAATACTCTGAGACGCGGTGTGGTCAGCCGCTAGTATGACACGAAAACGCAAGTATATCAGCCCCGGACGATGAGCACGGGCCGCTGATGTGAACCGTCCTGGTAACTGTTGTCTTTAGCTAGCATTACGTGCCGAGAGTCACGTATCTATGTTAGCTTTAGTTGAGATGCAGTCTTCCGATGATTGTCACCCGGGTACGAACTGAACGTC,1105,50.59,Arabidopsis thaliana
SEQ_523305,TAATCCCCCGCTGACACTACGATTCCATGTCTCCACTTTTGCACCACCGGGGATATTCAATTCCTAGCCCCTTAGATATCCCTGTTGGAAGCCGCCCCCCATACTTGCGTTCGCTCGGTTCAGCTAGTCCCCATCCGAAGATCAGCTACGGCCGGACTTGCGTATACAAGACCTGAACAGTGTACAAAACAGTGCCCATGTTTTATAAGTGCCTCCCGTGGACCCTGGTAACTTTTGAATCCTAATGCCGATTGCTTAAATCCCATAATCCATCCCTATCACCGCCCCACCTTTATTAACGTAAATGGCATTCACGCGGTTATCTGTACGGCGTATAGCATGTCCTGGCTCTCTGACTCACTGTTATCATGATACCCTATAGGGATAACGTCTACCGTTTCGGGTGTGGACTAGATGGCGGGTCGCGTCCTCTTGGTAAGTTGCGATCTCAGGTCATGTTTTTCCCTAAGCGAGAGAAGTGCGTCACGCCATCCGCTATTAGCGTGGTCGTTATGAGAGCGGTACGCCTACACTAATGCGCCCGCGTCAAGCCGGTTAAGTCTGCGGCTGGCGGCAAAATCAAGGAGCGATTCTATTGCGTTGCCTCGTGACTTCTCACAATCAAGCGCCTTCCAAACATAGAAGCTAAGTCATCCTTGTGTGCGCTATAACGACGGTGTATAATGCATGAAGGACGGTGGTGCAGCCAATAGGAGAGCCACGGTTGCCCATAGTGAGGCTGGCCTTAGAGAAATATATGCTACGGCCTGGGGGTAATTCGGTCATGTGAGGACTACACGTAGAGTATCAACTGAGTCAAATGAACTTTACCGTGCCTAAGGGGCGTTAACTTCTTGTGACGAGAGGTCTCGCATTGGGTGTCAATGCAAGACATTACGGATTTTCATGAGAAACGAATAGTGGTAAAACTATCGTCTGGCTGACAGGTGACGCGCCGTGCGTCCCTGCGGCGCATCTCGGACGCTTGGGAACGGGTCTATTCACCAATGGCCAGACACGTGCTCTTCTTAGGCTGATTGTTATTATACTCCCTATTCTCTTTCTCTGGGCCGCCTCCTGAGATCAACATTGGAACCATAGCCACCAACTTACGGTATTCGGGTCTTCGTTGGGTTGTCTGCTGCACGCCTAAGTAGTCCATCGTGTCCTGCGCGCAGTAGATTTGACACTCTCACTCGGGGATTCAAAAAATTCTTTCTGATGAATCCTTTACCGATCCATCCCGGTGGATCGTTACGTTCCACAATCTCAAGCCTCTAACAGCCTAGACCACATAAAGGAATTTTATTCAATAATAGTGTTTCTCGTCACTGTAAGGTGGGGGCTCTATCACTGAGGAACAGTTCGACGGCGTGGCCGAAGCTCAGGTCACGTTTGCCCCTTAAGTGATACCTCGCTTCGGGCTGTGGACTGCCGCGTCGCTCGTGACCCTTCGGCCTTGTAGGAGTAATTGAGTTGATGTCGGCGCGGCGTACCATATGACCGTAACCTCAAGATCCTCAGCAAAGGCAAGTACAAAA,1541,50.55,Drosophila melanogaster
SEQ_822189,GGTCGTCTCAATGAGCGATGATTCTCTCAACCTGTGTCACTTACTCACCAAGGTGGGAACTCAGTATGCTGGGAGTAAGGGCCCGCTTGTCAAGTACAGTCGAGTCACAACTTGGTCGGCAAATCCCGTCGGTCTGTCAATTGCAGCGCCTCTAACCCTCTGAGAACCACTGTTTAGACTACCGTATATTAATTGGCCTCGAGCCGGGACCACTTCGTACATTAAGACACAGTGATGGCCCTCAGGATGCGAGATCCCATCACTAATCCGAGCATATGGAACCTCAAAGGGTTGGATCTTTGGAAAACCACGCTACACTACGCGATGTCGGAAGCGACAAGAGAGTCTGCAGCGTCCACGTCATAGGCAATGTTGCTACTCCGCGGACAGTATGTACCAGGGAAAGGCGCATACATGGTGAAGAAAGTCGGAAATTACGGTGATCCCATGGATGCTAGGGGGCGGTCTATGTCCCCACGCTCTCTCAGGGTTAAAGATAGATCGCACCGGACTAGCGACCAGGTAACTAACGCACGAGCGAAGAACGGTCCGCTATGATTCTTATCAAGAACGGACGGTGGAGAGCGCTGCAGAAGAGCCGAGGCCCCTACGTTGTATCTCTAGGTACGGTACAGTTTCAACCGTTTATTATTAAGATGGGATAGTTAATTGCCACAATGCGTTCTCTGCGGTGGTGCCTCCGGTGCAGTCGGTTTATTGACCGGTTCT,729,51.58,Homo sapiens
SEQ_976121,AACTTGTTAAGTTAGCATTCGTTTAGTTAGATGACATTCGTGATCGACAGCAATGCCTCAACTCGAACAAGTATAACGCCCACCGTGAAGTCATGCTGCATCGTACCCTATCCGGGTGACCCCACTCGACTACGACGTCCGAACGGTGCTGCTTATGGGATCCTTCGGCTTGCCGCACCTGCTTGTCGACACCGGGAGAACTGAAGCGGCCGGCTGAGAATCCACACTGTTACCAATTTGGTTCAGCATGTCTTATATTTGCCGTACGGTACGTCGACTGACTAAGGCCCTGAAGTCTACGTGGTTGCGAGCTCTAGGGTAGTATGGTTCTGCAGCCAAGTGGGCATAATCTAAGCAATTTACCGTATGCAACGTAATGTTATTTTGTATTCCACCATCGCCTGCGTTAAATACAGTTGGTACAAGGAAGCACGGCGGAAGGAAACACGTTGAAGATCCCACCCCATAATGGTTCGCTGACCGCACTGAGGTAATCATCCTCTACGATTGCGTCGCATTTTAAGTTTTGCCGATGCAGGCGTAGTGTCTGAGTTACAACGTGAACATCGCTCCAACTAAGGAGACCGGAGAGGCTCTCCACGACTCCCGGGTCGGCCGGGGGGCGTGATCGCCAGAAGAGGGTAGTTAGATAGAATAGTGTGTGTATAGCATATGGTTAGTAAAATCTCGCTAATTCGTACGTGGTCCGCGCCGATGCCGTCCCGGCCCCCTGATGCCCGAAGTCCGGCTTCCGGCTATCCAACTCTACTCAGGCTACTGACCGCAAACGCCATGAAGCATCCGGAGCCGTCTCAAACCGTATAAGGTGCTGCAAGGATCAAACTAGACCCTCATGCTCACCAGCGCATCCGCCGATTGCTGCTCAGTTCAATATTGACGGCCTGGTGATTACTGGGTTGCCCACCCAACGATAATGCGGGGTACATGGTTCTGTACTTTCATTTAGGCGAGGCGTCTTCAGGGAATTTACATTACCGCACAGCGAATTTGGTACGATATGAGGGCGTCTATGAAGCACCAACTCATCGTAAAGCCCGAACATACCTCAGCTTACTCGGCGCAGCCACCCAGTTGGAATTATCGGTTTAAAAGTACATCCCGTGACGCGGATACTCCGGCCTCATACGCTCAAGTAGTTGCACATTTACTAGCTAAAGAACTAAACTACCATCTTTTTGTCAATCTACCTCTCGCGGCGTAAACCGGTTGGTGGACAGAGACGTTAATTAACATAGAACGATCAAACATCACATGTAAACCGAGGTTGATCACCTGAAAACTGCTTGAGAACGCGCTCCCGCACCTAATATTCGTAACAGTATAACTGTTCACGCCCTCTTTCCGACCCGCTCGCCACCATTCTACCTAAACGGGGTGCAACCAGTATTTACGGCTCATGGTACGGCGTAGTAGGGGGGTGGGTAAGCACTGACACTCCACTTGTTCCCAACGGTCGGTTTATCCCTTCAGAAGGACCAACAACTTACTACACAAAAGGACATTTGCCTACGGGGCGTGGTCACACGGATGAGAGTTTG,1559,50.67,Caenorhabditis elegans
SEQ_335707,CCATCGTCTATTTAGTTAGAAAGACTATGTTAGGGCCCCCTCTCACCTTGCTGCCCATTACATGTCACAGGTGTCCTTGTAGAGCCGTTAAAATATGAAACTAAAGTGGCTGCAGCGCCAAGCGTACATTGGCAGCTTGACCAAGTAACTTAAAACCAACGTGCTGAGGGCGGGGATGATAGCTCCTAAACACGCGGGACATAGCCACAGCGGGGGACAACGATGAGAGCCACAGGCACAGTTGCTATGATGTGGTTTTGGATAACGCCCCCCATCCGTGTCCTACCACTTGAAGACTAAGCACATTCCACCAGGCCTTAATATCATAGAAACCGAATGTCGGCGTTACGATAATTCCGCATTGATCCCCCCAGGCCTTCGAGTATGCGGCGCTGATCTGTAAACGGCCGCGCTTGCCCGCAGAGGTGCCAGCCTTCTTGCAGTGTCCTCACACATAGGGCCCAGAGCGAGTTGGATGGTTTTTACTTATCGTCACCACATACACATAATGGCCGCATGTGCATGCAATGCTCGGTAAGCTGTGGATTGCATCTGGCGCTGGACTGCGTCATATACTGGGCGATTCGCGAACTCTAGATAATTGTCGTGCTGGTCGGTGGAAACCATCGTAGCGGCCAAGAGTCTTAGTGTTTGCAAAGGTTTCACCGGGCTCGGCGGTAGGGCTCTATTGCTCCAACATATTCTAGAGGCTCGGCGCGCCAACGCATGGCACCGTGCCCGGGCGATTTTCTCTGCCGAAATCACTCCCTATAGGTACTTGGGCCGTCAATCGTGGCGGTCATTACCGCTTACGGTCATAGATTCATGTCACGTTACAATAGCCGGCCACCTATGCATGCCGACAGCACCGTGACTGATGGAATTAAAGCACACCGGCACGAGTAGCTCAATTTTACGCGGTCATTCTACATCGGTGGTCACCTGTTACAATACGTTTTCATGAAGCCGCAAATGCAATACCTAGAGGCTTGACGGAGACCGGCGTAATCCATCCGAGGTCATGAAAGTAGGGTCAGCAGCGATGAGTCGCACAGTCCAGGATCGCACGTACACGCTACGACATCCTTTAGATTAACATCCTTGTAAGGTCACGAGCGGCAGCTGCCTGGCAGGACCATTTCGCGCATCACGTTCGACCCTTGGATATTGCACGAAGGCAATCCCAGAAGTCTATGGTGCAGGCGGAATCATGGTGCACATGGAGGAGATAAAAACATTGGGCGATATCCCCGGAGATATGTCGATGCCCAGGGGGACGATGGGAAGATTTACAAGATATTCACTCAGATTGCACCTATGCACTTCTAAATGAATTGCACGGTTGCTGGATGCTAGTTCTGGAACAGTCTTTACTCCTCTAGCCGTTACTGG,1392,51.72,Caenorhabditis elegans
SEQ_366176,CCCATTTAGGTACGCAAAACTTTAACGCTCGCTTCATCATTGGAGCGGTTTCGCCAACCTCCAATCCTACCGTAACGCACAACTACCGGCTACTAACGTGAGATTTGCATGCGTCAGCCTTCCTGCGCATGTCTCTGACCTAATATTATTACGGCGCCCTCCGTCGGGGTAGAAGTAGAAGGTCGCAAGTAATGATACCTTGGTTACTAGGTCAACGATGCTCCCTGACCGAGCAGACCGAGTATACTTATCTGGTACGCCGTCAAAGGGCCAGCTTTCTATGCGACAACTGCACCACAAGAGCCAGCCGCTCCCAATAAGGGCGATAGTTCGTTTTCGACTGGTCTGCGATCCAGTTGTCGAGGCTTCACCTCGTCAGTCTAAGTCCCATAGGCCTACTCGCATTTCTACTAACAATCAGTGGGTTCACTTGCTCCCTGTCGGGGACGCGTGCTTCGACTCGCGTTACACCGAGCTTGACGATCGATCAAGCGACGTGCTGCGATCGCGTGGTTCACCACGTCGACCACCCCTGAAAAGTAAAAACATCTCAGCTGCGCATCCTGTGTCCGTTCTCAAAGCTGCTGACCCCGGCTTCTTGTTTTCTGTGACCCCTCGAACACGACAAATTGGCTCAATGGCTCGGGGCCAACTGGCCCTACACGGCGTTAATTTGTCATACGCCTCTAGGGGGCCGGTGTAGCAGTATCCAGTATCAGTTATAGTGGAAGTCATTCTGGAACGATTGTACGGCAGACCGTTGGGCACTGAACCTAGGTGCTGTATAGCCGCAAGCTTCTGTGTGAACCTTACTAATATTTCCTGACATAACCTTAACTAAGCATGACAGTTAGTTAGAATCGCTATGCCCACTAGATATGCTATTTTACCCCTACGAACTAACGGTTGTGAGGAGCACCAGATGGATTTAGCAAAATTGATTTTATAATGCACGTGCAATCAGTACATCTTTGAGACTTGGCGTATTGAGCTAGGCTCACCAATAATATTTCCCTACAGTGCATATCGTTGTACCTAGCGAAAGCCTCCGAACTACTTTGATTGCCAAGCACGCGATCCAGGACAACCCAGCCAAGTTGTAATCCGCATCCCAAGTGTGAGGGGCAATGCGTGTTCAGAGCGCCTTAGGAGTTTATACAGCACCCATTTAAGGGACAGAGCACACCGAACGATGACTTGGTAAGCCCTCTAAAATTTGGTTTCACTAGAGACCTGCTGCACTATCTGGTTTCAAAGTCTTATTATGTGCATATCTCCCGATGCCATTCGATC,1293,49.5,Mus musculus
SEQ_799187,CGGTTAGGAACGTGCATCGTATCTTAATCGAAACTCTTACACCACCCGTAGAGTATTCTGCTTAAGTACATGGATACACCAAATTTTTCTCGTATCCATCAATTATTACCTTAAAGGCCCTTCTGACAGGACGCAAGCGTCGGCAGCTCAGGACTTCGGCCGCCTTTCTCCGTCATGGTTAGCTTATGTTCGACACCGTTTCACACCAGCCGTAATGATGATAACCAGGCTCCGTGCGGCTCGAGGGTCGAACGAGAAGAGCTCGGGGCAGCCAGCCCGAAATATCGTACATGCGCTTCTAATCCTGCTCAGTGTGACGGGTATCGAAGTATGGGGGTGTGATCCGGAATGAACCACCACTCATTTTTCTGCACACGAGTTGAGGTCAAGAAGCTAGTGAGATACATACTGCCCTTGGTCAATATCAAGCCAAGTCTGGCCTTGATATCGTGGATAGCCACCCTAACGAGACGTAGAGCCAGCACAGTGATAGGACTCTATCGGGGTCACGAACCTCATGAGCAGACATGGCGGGCAATAATGCTCAGACCTTTAAGGGGTTTAGAGAGATAGGGGTGCGTTCGTATGTTGCCAAGAGCATCCTCGGGCATAATATGCAGCATGGCTTACCGGATGAAGATGCGATCATAGGATACTATTTTCGCCTGTCAGGCGTGCGGCCTGCCTGTCCCTAGAGTTCTTCTCGCTCTATACTGAATCCATCCACATCCCAGGATAGTAGTAGATATGTGTGCTGCTCTCTTGTCCCTAGAAATCTAGGGGTACGGAGTTCTGTTTATTTTGCCTAAGGTTAACTTTGGAGTCGAGTATGTGATTTGGCTAAATGAGTATGCGGAAATGACGCTTCCCATTTCGCTGTTCACTGTCGTAAATCTTATCTATGAACCCTAGACTTGGTTACGATCTAATATCACAATATAGATAAGGGGAATGGAGTGCTGGGCGTGCACTAGAAACCGCATTTCAAATCGGCCAAGCATCGCTAGAATATATTGGTGTAGTGAGCGCGTACAGCCGGTTAAATCCGAAGGAGAGCCCATCTTATTCTGCCACCTGTTCCAAAATGACCCCAAGTAAGCAGGCTAAATCACACTGCACCAATTTTTGGTCAGCGGGATAATAGGTTTAAAGGCGGATTTATGATTGAACCATACTTGTAGGTTCCTGGAACTGCCGCGGAACTGAGAAGACATCTTGGAAGGCGGGGATAAGGCAGGCTCTCTCTAGCTCCTTAATGCCGAGGGGACGTAAAAGTACCTGGTCGGACACCCCAGGGTGGCCCATATGACGCGTACCTGACCGGTCCTGGATCTTGCTGAGTGACCGGAGCGCGCTGATACAGGGATCCCTATACCGTTGCTGGATTATCACCTGTCTCCCGTTGAATGCCACTTTGCTCTGACTGGACGGGTACGAGAGCGCTATTATGTTCTTTGAGTGCTCCTAGACGGACGAATGCTGTCGTACGAGCTTTAAGAGGTCTGACAGACACAACCTCCGTCGCGGTGCGTCATACCATTATGGAAACTATCCTGACCTTATGGAGTAACCGAGGAGGTCTCCTAACTCAACGAAAAGCTAAACTCCTCGCATACACGAAAACTGAGCATTACTCGCTCGCTCAAGCTTCCCGTCCGATAACATCGGAAGGTGGTCGTAGTTGTCGCAATGTGGCGTTCAGAGATACTTCTAAGGCCGATTAGCTAGATTGCGGTGCGACTTAGTAGACGCGCATTAGGCGGTTCTAGCGGATTTATGCAGACTGCGAAGGCTGTTGAACGTGGAAGAGAGTGTTGTAACCGATGGTGGTATCACTCCTACCCAGACGGAATCAAGCCCGATGTGGTGTTTCGGAGTTTAACGTTCCCTGAGCCTGCATTACGACCGATCACGTAGGGTGTCCGTTGGAGTCAGTACTCAAGCTCAGTTTCCGAGTCATTAAGG,1965,49.57,Arabidopsis thaliana
SEQ_236796,CTTATACCCTCATGAGTAACCGTTCGTTGTCCGCTCACAAATTAAAGTTATGCCAGTTTTAAGATTACGGCGTGGGCAAGCCTGGAATTAACCCAACCGGGAACAGGCCGGTGTGCTCGACACGTGTATGATCATGTCGTTTAACATGCTTGCTAGACGAGATACGTCTCGCATCTCGAAAGGATTTAGCGCGAACATTCACCAAGTCGCACGGGCCGGGGGAGCAGAGGTCTGAGGTAGTCATCTATTGATGTAAATTGGGCCGTAGGGCAGTGGCAAAGTGATATCCCTGTTATACCTATGGTCCGTGCGCCACGAAAAACTAAGCCGCCCCCACGCAACCGCAGCGGCTTGGCCTCGATGAAAACAGGGTCACGCGGACAGGTTCCATCCCCGCCACTATCATGGACGAAGCGTATTCCCTATGCAGGTGCAATTTTTGGGCGGTGTACCTTCCCTAACCATTATCGTTACCCAACCTAAAACTATCGGTCATCCTTATGGAGGACAGATTGACCGCGGGTGACGCTTGAAATTTTGCTTTAGAACTGTCTATAGGGGTGCGTGCAACTATATGTTTGCCTGTCTCTCTCATCCTTTCCCAGCAAGCTTATAGTAGCCGCTGTCCACACCGTAGGTTCTTTCAGGAGAAAAATGTCGTAGGACATGGATAGTCCTACTAGGGGCCAAACGGAAGTCGCCAGAGTATGTTAAGATTGGACGTGGAAGAGCTCCCTCTCGCGCGGATCGCGCGTCATTGTAATGCGTCTTTACTACCTATACGTAAAGAACAACGCAAACTGACAGTTACGGTTCGCGCGTTCA,825,50.42,Arabidopsis thaliana
SEQ_282946,CGAAAGCGAAGTGAAAAACAACCCATATGAGAGTTCAGAAACGGTCTCGACGGCGACGTGCATTGATTAGTTTTAATTCGGTAGTTCCGAAGTATAATTGAATGGACGTGAATTTGGTATAGGAAAGTGAACGTACCGGGAGTACGATAAGGACCTATCCAACGGCGAAGCTAGAGAAGGTCGTACCTCTCCTGCAGAACCCTCGTGTTCTGTGGCGTCGGTAGTCCTATTAGCGTAGCACATTTCCCAGGCCCCAGAGTAAAACTTATGTTGGGAGGAATAAGGTCGCCCGCGTAGTTTCATGCTAACGATACCATAAGATTTAAAGCTGAACTGTTCACGAATTCCTACCTAAAATGCCCTTTTGGTAGGAGATATGACAGCCCGATAATCCATCGGCTGCCTCTCCACTAGAATTTTCCACGTCCTGGCTGAGCGTGTCATCTGTTATCTAGTCTGCGAATGTGCATGAGTAGGCTGACTGTCACTTGCAACTATGCTATCGCGCCTTAAAGTTGTGCAAATATCACTAGGCGCATCCCATTCGTCTATCGCTTCCTAATCGCTGGACTAACACAGGTGTTCTTTCCGATCGTTACCAGCGGTATCGTCTATGATTGTCCCCCTGTGAGATAATTATTGTCTTCGCCCATTCCTAATCATGTTGCCCGGGTTAATCGGGGGTGTCTTGAGGGTAGGGTTGGCCGTGTGAAGTTACCTGAAACGACTTTAACGTCGAGGGTGACTCGTCTGGATATGGGTCTACTCAACATCGCATAGCCTATCGGCCATATGGGATCTTGGATTGGTATCCCCTCAATGTGGCGTTTTCCATTGCTGGGCATCAGCAACGAAAGCACCCTGGCCAACCCGGATCGTTGTTGGTTCTTAAGCCGCCGGGAAAGAGTAATTACAACCTATTTCGTCAGCTGGGTGTCCGTGACACTCGTCAGCTCAATCCCCGCACTGGGCCCGATGAAACGACTTTTTGGCCTACGATTTCTAATCATATCGAGCACCTTATGTAAGTCAGGGAGTTGGGACGCATGGGAACCACTGTCCTTAGCGTGAATACAGCAGTGGACCAACACTCGTAGATCTAATTCTCACCATGCTTATCGACGATGTCCCTGATGATCCATGGTGGGCCTACGAACTACTCATAAGGCTGTCGGAAAGTACAGCGTGGCACTAGTCGGCGTCCAGACTGACCAGGGTGGGTTGCCGTCTGATAACCTGAGGGATCAAAAATGTGTATGAGGGCTACGACTAATAGAGGAAGACTGGTGTCCAGATTTCCTCTTCCCTCAACCGTTGGTTAGACATTTTAGAAGTTGTTCCTTTTGCCTTAGTATGTGCTAGCCCGGGGTTATGCTCGGGGCCCTAGGAAGCCTGCACATCTTTTCACACACACCCCTCTGTGTCAGTTATAGAAGAATGACCTTGCCCAACAGTACGTAAACTCGTGCTATGAGTCGTTACGAAGCTCGTGTCCGTACTCAGTCCCGAACTGAGTCCATAATATATAGATCTAATTCGATAAGATGGTGTGATATCCTGGCCTTAGACGCCTCGTTTTTCTGATTAACTATTAGTAAAATGGCTTCAAGGCATAGAGTGGCTAGTTTCCGTACTACCCTACAGCAATTTCCGTCATCATCGGAGACGTCATACTGGGCCGCCATATGACCGCACGATACGCGGAAGTGTATCGAATGAACAGAGTTCCGAATTTTGATAAGCCA,1745,48.19,Mus musculus
SEQ_881823,AGTAGTTAAGACTTTCCAAGATATGTACGGTTCGTCTCAGAGGCAGTCCTTCGAATCTATCTCCTGCGAGTCCGAAGCGGAAGAGTTGGTCAGAAGTAGTAATCATTCTCTTCACGCCTGTGTCGGAGCGAAGGAACGATAGTACCCGCTGGAAAGTACTACAGTGATTTGTAAGTTAGAAGAGACTGTCGAACTGCCACTGGATTTGAGGACACAAAACCTGGGCTGTCTGATATATACACCTCATCTTGTGGTGTTCAAACGGCTAGTGACCTTTCGGCGGTTGAACCCTACTCCGTGCTGGACGGGGAAACCCATTCGATCCCTGGGGCATCACAATCAGAATTAAACGGCGAATGTTGCATTTCTGTCAAACTTTGCACAAATGTTAGTCTAATCACAAGTCTTGGTTCACTCGTTCACTGTCGTCCGTAACATGCACAGTTGTGCTGAAGAGCACCTGATCCTTGAAGCATGCGGGGTGACCATTGACCGAGAAATGTGTGCTAGCGAGAACTCTTTCATGGGTGGTTGAAGGGACGCTCTATAAGAACGGATTCGCGACATGGCTTAGCGGTGCCGAGACAAGTCCCGTTCCACCCTTACATAAAGAGGTGCACGCAAAGGTTATAAGGACCGTTTTCATACGTGTACGAGCATGCCGACTCTCACGCGCAAATACTCGCGGTATGAGATGCGTTTCGCCAGGCACGCTTATCGAACTCGGGGCGGCCAACCTTCACCCTACTCTTCAGCACGACAATTTGGCCGACGTATTCTGGGCCGGTGACTAGCTATAGTCTAGCAGTCTACTGTGCAGCAAGTTGCCAAGTTCGCCCATGACAGTCTGAGGTGACCCAGTTTTCTTTTGGCTTGCTTTATGTTATCACCAATATGGCAGTCGCCCGACTCTCGATCACACTTTGGTCCCAACTCTCTTTTGGCGCCTCCTAGTATCGATCCCCACGGTGTCCCGCCACACAGCACGTGTTATGGAAACACCCATGGACGGCTGGACTCAATTGCTACGTGTTCGTACAAGTGGCACAGGCTTTTCTGTGAGTAGTAGACGGGCTCTAACCAATGTATGGAACCGGATTGA,1102,50.09,Saccharomyces cerevisiae
SEQ_583790,GGTCGGAAGATACGCTTCTTAGTAGGGCACTTTAAGTTCTCAGCGCCAAAGCAGTTGCGCACACTC,66,51.52,Caenorhabditis elegans
SEQ_242559,GTACATTTATAGTTGCAACGACGGAGTTGGCGGTGCTCCCTCTTCGGCTACATATGCCAAGTGCAGAGGTAATTATCGAGCTACCGTGTTCTATTCCCTATTAGCCAATTCTTCGTAGAAATGCGTTTTTCTGAACCAAACTAAAGTACCCGAGTGGTTGTCATATAACTTCATGTCGCCGTAGAGAGGTACAATCTATCCCTCTTGCCCGCCTTGTTATTGTAT,225,44.44,Escherichia coli
SEQ_770373,AAGGTCCCTTCGTACTGCTACACTCGGGAATCTCACCGCAAGTGTTCTCTAATCTCTCCGCAAATGGAGGACCTAGGCAACAACGCTGTGAGTAGGCCTCCTGATGCTCGTTCGTCGTTGGCGTCTCCTGTCGTGTGCGCTACTAACACATATTGCTCGTAATGTCTATTGCCAAGCCGTTCTTATGCTTATGTTCGATGCTGCTGGATGAATAAATAGACTGAACAAAAAGATGTTTAACTAGTGGACCAGAACCGTTGGCATCCATTTAACGACCCTCCATTACTGACAAGAAGATCACATCCAATGCAGCATGCTAAGAGCTCTAGCGACATTTCATATTGGACTCCAAGTCCGAATAAGATGCGGGGACAGGGAGGAATTCTCGACACTCGGGTCGGATAACACTGACAACGTAACCATGCACGAGACATATGAACAAGTAGGCTCTCTCCTCCCAGAAATCGACCACGGTTTCGAGTCAGCACGTATAGCGAAAGCCTCCGAGACAAGTCATCCCGGGTAAGCGCCAAGATGTATCTTCTTATGCGGACCGTGATATGCTCTACATACGCGCTACGTAGTATAGGCATCACCTATTGATAACGCGGCCACGCGGTTTTGCCTTCCGGTTTACTGGGCCCACACGACGAGATCACAGGCTGCCATCCTCAGCAATTACCTCTCACTTGAGGCGATGACGGAGGACTGTGAGACAAGTGCCACATGA,730,49.73,Saccharomyces cerevisiae
SEQ_429539,TCGTCTACGGAGCTCCAGACCGTTCCGATCAAGCAGCCTGTTCGATCTAGTGACTGAATCTCTACTAGTTGTGTTGGGAAGTGCCTGTTATGGGAGCTGATGCTACAGCCTACCATAAAACGATAACACCATTTGACTTTGTAGTCTTGGAGGCGTTGAAGGGCTCTACACTTGCCTGCCTGCGCCGCTTCAATCAGCGGTGATCGCGGTTTCAGCACAAGGATGACGACTCCGGTAGGCAATGGGATGGTATCACCCTTAGCAGTCACGAGATGGACGGCATGATTGGGATCCTTTCCTGCGGGCGACTACCCAGTCTAGACCTAAGGGCGGGCCTTTCGAGGTGAGCAGTCGGTCGTCAAATTAGACACTCCTGCTTGTTGTGCCTCGGAAGAAAGGCCTGT,404,53.22,Escherichia coli
SEQ_464153,CGATTCGCTTCTGAGTAGAAGCACCCTGGAATGACTCGGGGACAAACTGTCGGCTGGCGATGTATGCTATCTGCCGCTTTCGTAAAAAACCCATTGAGGGGGGCAATAGTACGTGGTCTAACACAGTACCTCTTGCTGACCTTCTGGGAAAGGATCACACAAAACGACGAGGGCTGTGAAACGCCTGTTTGACAACCACATATTGCATAAATCGAACAAACATCGCTTGGCTGCCGGGCAAGTTCGAGATAATGAGTTTACTGGGTCTGGATTAGTAAACCCTCAACATGTGCCCTCTGTGATCTGCCCATAGCTGGAGGCTGCAACCAACGAACAGAAAAGATTATACGTGACGACGCTACCCATCAGCCCAATCGTGCACTTAAAAAGGCTAAAACTCTCGGTTTCCCGACTCGGGCTGTCTTTACTTCTGAAAGGGATATTGTATCATCTCGAATCACAGACGCGACTCTTTAGTACAGTGAACATTACGTTGGCTTGAAGAAGTTCTTAGCTGGAACTGTTCTAGGCACGAAGGCGTGCGACACCTGCGCAAACGCATTGTTCATTGCTGCCTTTAACCCATGGGCTGCTTCCATGGCGAGCAACTGTCGAGAGAACTTACACCGGCAGGGTACTTGAATCCGCGTACCCTCCATGAGTAGAACCCAGGTTCCCGAGTAACCGCCTGAGGGTATTATAACAGTTAAAATGCTCCGTGTGATGTCTATTTTGTACATGATTTGACATACCTGCTTCATAAGGTGATGTTTATGCGAGACTAACGATAGCGGGACTGTATACGGGCTGCAATCAAGGGGTTAGTAGTAGAGGCACCTATGTTGTGTCATGTCTTATTATCGGCAGCAGAATTCTCGCATTTCAGTTTCCTCTATCTCTCTTCCCGCGAGTCCTTTGTAGGAGAATGCCCGTCGGCTTTCGACAGGTGTTTTGTGGCACCGCGAATCATACATATATCGGCGAGGCGCGGGCCTTCCTGGGTCTCAAAGGGTACAGGGGTAGAGGGGATGGGAACATGATAGGTAGGTGTAAAAAGATCAGCTACAGTACAGCAACCGAGTGGATTCACTCCATTGCTTCGACGGTCAAGAGGGGACAGCATCTCCTATACCTCAACAAACGCTGCTGACTTACGCTACTTTCTATACGATATAGTCTGTCAAACGCTTATAACCGACGGACAGATCCGATGAAATGATGCCGGAATAGAACTCCAACAGGTATTGGGGATGTTACCGAATAATGACAATTCTAGAGAGCCTAGGGAGGAAGCGCGACCATCTTGCAGAAAGGGCGAAGCATTGCTTACACCGCGCGCGATGCGTTTGTAACCCCCGGCGACAAATGGCTAATGTACATTCCGGAGGGCTGATAGGCTTTACTTGTGGAATACTGTTTCCGTAGAATGTCGTCCTCCTCTACGACTTGGAAAGTGAAAAGTCGCTTATTTTTGGTAGTGAATGGACACTGCCCTCAGTTAGCTTCGCACATCCACGGCTTCGGGGGAGGAGATATATGTAATCACGCTATTGGAAATAAAGACCATCTACCCTGATGGCTTAGGGCGAGTACCTGGAACAACAACCGTCGCCAAGATAAATGACACAGCGATCTGCTGCTAACCGCCACAACTTGCCCACCGCTCCCCGTGGTCAGGCCAAAGACACAGTAACCTAGCAGCTCTCGACGTTAGTCCACGAGACTTGGTGAAGAGACTTAAAAGGCTGAGGAAACGAGCATTCGATGGTCGGCAGTCCCTATTGGTGAGGGTGCGGACTGGTTACCTTAGTCGTCGTGATTGACGGAGCGGTACCCGATAATGTACGATCGTTATCCAGGACCTGTAGGGCGATTCGGGTCAGCTGCCCTTAATTCCGCCCCCTTGGTTGATA,1913,49.5,Drosophila melanogaster
SEQ_344952,CATACGATGTGTTTTCGAGGTAACCTCCGAGAAGGTGATGATAGTTTCAACGCCATACGAGGTTGATACCGGAGCCTCCGGCCCCCATCTCTTACTTTATGCCCCTGTCCGTACGCTGACTCTCCGCGAGCCTCGACAGATTGGTTCTCTCAGCCTGCTTCCGATTTGCCGTGAAGTGAATTGGACAATAGACGGTAGACCTGATACATTTTCATTTCACTGGACCAGAGAAAATAAAAAGAATGAGAGGTTGCGGTATTAGATGGTGTGAAAGTACCGAGAAAGCTTCATCCGGGTCGACACCCCTTTACATCATAGGGGCAGAAGTAGGGACACAAATCACTGAGTGCCCCGACGGGCTCTTGTCTCGGACTACCAATGCTTGCGAAACGAGGGATCCGCATGTACACGTGGCACGCCGCCGTTAGAGCAACGCTATGGATCTATGGCTTCTCTTAGAGAGCAACGGTTTATTGTATACAATCACCAGTCTGCTTTAAGACGGGGAATTACTCCGGGCCGTGAAATGTTTAATGAGATTTGAAAGAGAGACGGCGGCGAATCTATCTGAAAGCGAGAGTCACCATGGTAATCAGACGTACTCCACCGGTTATAGGGTGTACGAAAGGTATGGGGCCCTTGGATCGTTGGTAGTGCCTATGCAAAGCGCTAATTACGAATGTGATTGTCCGCTTCGACAGAATTCACAAGGAGTGATGTGGAGTCATACTTAACAGAGGCGGAACCAGATCAGGTTCGTCTACTGGATTCGAGGAGGAACTCACGTCGCCTAAAGCGTCGGACAGCTCCGTCGCGTTCGACCAATGTCCTCATGCGAACTGCAGGTTGTTGTAATCCATAACCAGACACTACGTGCACTGCGCTAAGGTTATGAGCCATTCGCTAATTTATTTTACCGCATAGGTTTGATCTTAGCTGATCTACACGAAAGAGCAAACACATGTTTATCAAATCACTGATGCAGACGCCTAACTCAACTACTGTCTCC,1009,48.66,Arabidopsis thaliana
SEQ_713390,AACGTAAATCATAAAGCACACTCGTAAAATTAACAAGTTGCTCCCGGCCTTCAGTTTGT,59,38.98,Arabidopsis thaliana
SEQ_134916,GTTAGACGGTGGACAATTGGAGTAAAAATCTCAGGCGCCAAGAGCGTGGCACCGCTATTAACCTCAGTGACTGTCGACCCACGTGGGGGGTGTCTAGTCCACCCCCTACATCCCCTGTCACTTATCTATCACGAAAACCACTAAGTTCCTGGGGCTACCAGCTGGTTTTGAAATTGAATAAGCAAGTGCGTGCGTCAACAGATACCGCCACCAAATGTCCTATCCGTTAATCATTTTCTCTCTGAAGTGCTCCCCTGATCCGAGCCTTAGTAACTCCAGGGCACACACGCAGACAAGGAGTCCCACTCACAGCCTGCACGCTATCTTTAAAGGGACCTCTTTTCCGCGAGTCACAGTCACCGCATTTACCAGTAATATACCCGCAATTGATCCAGGTCCGGGCTCCATACATTAGAGGGCATTCACAGTGCCGCATTTATTAGCTGTAAGGATATCTTCACCCGCCATCGGCCAGTCTGTATACTCGGCTCTATTTACCCTAATCCTTGTGTCCCATTCCCACAGAGGATGGGGTTTGTTCGACGGGGGGTGCGTCTAGTACGGGGGTCTCAGACAAAAAGCACTCCGCACAGACTAAAACGAAGAATGCGGGCATTTCAAGACGGTACGGTATGACGGAGCTGACTTACGATAGAATTCAGGCCCCACTGATAGCCATAACATGCCTTATGCGCCTAGGGCTTGTACCGTATAAGGAGACTTAATGGATGAGGTTTCCTGAGAGTCCGCGAGAAACCAATCGAATTTGGAGTCTCAAGTGTTGGAACCTTCCCGGCGCACTCATAACCTGTTCGCATGTTCTGACCCCACCTGAGGACATGAGACGTCAGCCCCTACCAACGTCAGAGACTCACATGCGCATCATATTTTGGGCGTACCCGATAATGCTGTCATGTGATAATCTACCCTCACGTAAGAAGTGACTGTTGAGATACTACGAGGTGGCTATCGGACGTCTTCTTTATCACAACAAGAAGGCTGCAACCGCTAACGGGGAACTCGCCCCTGAAGCCTGGCACGCTTTCATGGCTGATGTAGTATCAGTAAATCAAGGGGGTGCCCTCAACCGGGCCAGAACGATACCGATTCGGTCAGCACCATAGCGCAGTACCAAACGTCGCCTCGCCAGGAATAATGACCCAAGTATTGCCGAAGGATTGTGACGCGTACTGCATCCGCGGGTAAGCGAGACGTTTCTCTTCGCAGGCTCACTGTCTCTCATGCCTCGAGCTCAAGAGCCCTAAAATATGAATGGGTAACAAGTCGCCGACTATACCTCGAAATTGCTCAAGTTGCACCCGGACTGACATACTATAATCCCACTGAGACATTGATCCCTTTCCTAAACCCCTCGAATTGTGGGCGCGATGGAAGTTTGAGTAGGTTTATGGCTCGCTAGTCGAACGGCAGTGGTGGATTCACAGAATTTGATGAACTTAGGAGCCAGGAAGTCTAGAACGTCCGATAATGCAGCCGGTAATC,1503,50.77,Drosophila melanogaster
SEQ_900421,AAGTACAATCACGACGGGATAATCGAAGTTCGCGTGTCCCTGAGATCATTCGCCGGAGACCGCGTTCAATCGTAATCCGGGATAGGTACCGTACCAATAAAACATTGGGATTTGCTGTATAACTTCGGATTATTGTTACGACTAATCCCACTAGGTAGGTAATGCTGAGGGGACGAGCTCTTCCACGCGCCCGTCGGCTGCCGCTTGGGCACAGTGCTGCGCCGATATAGGCGGGTTGCTTGCGCGAAGCACCTATGGCTGGTTGGAAACAATCGAGGCTGCGCCTCAGTGACCGAGATCGAGTGAACCTCAAGAATGTCGAAGGAATGATACCGGTACTGTATACAGTTAAGTGATGCTCCTCGGCTCTCCTATGTATGGCTCGACGCTTGATCCAGGCTTTGAAATTCATTCCTGTACGATAGAAGGACGGGGCTGTAAATGGTGAGTCTGTTACTCGATACTCACCATGTATTAAGTTTGGACGCCTCTGCGGCCGGCGGACGTTGGACCTTGACCCTTAGCTATGTCTTACGCAATTCCCCAACTAGCCAATGTCGGCGCGCAGCTCAGGACTAGAAAAACTTAGGAGTTCCTTTTAAGCGAAAGTAAAGGATCTCGTTTGGAACTACATCGTTCGGAGTCGGCTGTCCTATGCTCTAGATGGGTGCTTAGCCTCAGTGGCGTATCTGGTTAGGCTTGACTTA,707,50.78,Saccharomyces cerevisiae
SEQ_595878,GATCTATGCATCATCATCGACTGCAAATATGAGGGCTGCGGCTTGGCAACAGGACTGACGTTGCTAGACAGGCGCGAACATTGCGGTTACTTGGCCACCATCCGGGCAGTAATTAGAGCTGTGTTGTGTCAGGCCCACCACCCTTACCTTCGTCTGATAAGACGTTATTACGCCAGCCCTATACTCATGTGTCGACCCGGCTTACCCCCCATGGTGTTTACTGACAGCGTCCCGAGTCCCGCGACCAGTGTGGTCTATATTTGTCTCATTTTATCAAGAAGCCGAAGTCGCTACTATAATGTACCCATTGATGTGTCCGATCAGAGATCACTGCACTCCTTCAGTGAGAGAGGCATGTCCGCCCTATGAATGGGGAAAACTCACATAGCACTTGGGCCCACAATGGCAAGGTAGGGATCTGCGAGTGCAAACAATGCGATAAAGCGTCATACTTGTTGTACGCATGAGCTGGCGTCAAGAATAAAGGTTTCTCCACAGATAATGATTTAGAGTCCATCATAAGTGAAGACCCAGAGGACTTCAGACAGCTTGACGTCTCCTCAATTAGTGTGGGATTAAGGAGTATTAGCACAGATATAGAAGACGACAATGGTGCCTGAATGCCGTTAAGGCCCTAAAAATTGCCGTTAACCTAATGCCCAAATCCACCTGTCGGTTGAGCACTCTCAGCGCCGAAGCGAGTAATCCTACACCTGGGTGTCTCCCCTGTAGAATCAAGCTTGGCGCTAGGCCCATCTATCACCAAACCTTGTGCAGGATCTTGTCGTTAGCGCGCCTGAGCCACGGCCTGCGTGGCACTCTATAGCGGTGCCAGTTGAACCTACTCCCTACCGTCTCCCGAAGGAACGACAATAAGGTTCCGCAAGTATGACCTGATGCTGCCATCATCTCCCAAGCAATGACCAGTCGCCTTAGTACGGAACTCTATATGCGAGACTGCCAGGGAGCTCCTACCCAGGCTAGACCAGGTATTCGCTAGAACGTTGTAATCAAGCTCATCAGCCGCAGAATCACAATAATCTCTACCAGTCCGCGACGCTGACCAGAAGCCGATCTGCAGCAATCAAGAAACCGACTGTTTGGATCCTGGGGCCGAGAACATGCGAATTTGCGCGTCGCAGGGTCTTGCCCATTTGAAGACCTGATGAGTCCGTTTAAGCTTTGTCCGGTACTTGCGTTAGCATCATCCCAACACCGCCTCAACGCACGGAATGCCCGTCGCATTTTGCGGCTCTCGGCCAGAGGCCAAAATTAAATTCGTAGCACGAGACTCCATACGGCGGTACGGGCATGCAAGTTCGGCGGATAATGATATGGAACTGCGACGGCCCACCTTCCTTAGCGGCCGTCTCTCGAGTTCAAGTTACCAACTGAATGTCACGAACCAAGTTAGCCGCATGACAAGGGGATATCCTTGCCGGGGGATTCTGATTACTCGAAACAGGCCAACTGAAACAGGTGTAGGAAGAATGCTGGAGCTGCATTCCGAACGAGCGGCGCTCTCGTCGCGCGTCGGCCTTACAGTCAACACATTTCCCACGGCGTTCAGGGCTTCCTACTTATCGCCCTCTCGTGCGGTCCCGAATGTATCCCAATAACCTACGCCAAGAGCACGAAGAGATCTCTTGCCTCACATCTGTACAAGTAGTTCCTTTAGGAGAATTCAGGCTCTCAATTACCCATCTGAGGCAACGTTTCTGCCATTACAGGGGGGTTCTGAGGCGGACCTGATTCTAACAACCTGTCCCTCTGCGAGATTACTACGAGCCAAGCAAAAATTATTCAAATTTCAGCAAGCACTTGCATACTTGGGCCTCTCTGGGCTAAATACTTGTTAGTACTGTCATCAATTCAATTCTTCAAACGCACAGTCCACGGTGAGGTTCAGAGATGTTGAGCTCATCTCGTCTTAGGGAGTACGTATTCTGACACAGGGGTCGCC,1963,51.1,Saccharomyces cerevisiae
SEQ_412533,GGCAATGGGACTACTGGGAACGGATAAAGAACAACCTATTGCCGAGGATGCCCGACATGCTTGAGTGGTCTGTCGTCGCTGGACCGGCAGACTAGAGTGAGGGCAGATGGTCTCCTCGCCGATTGTGTGATTGGTCCCAAAATAACGATTGTGTATGAGAATGGCGTGTGCCAGCTGGGATCGTGCCAAATTGAACAGTAAGTGGGCCGGATCGTTATTACTAATCTTACTTATCCCGCGCTTCCCGGGTATAACATTGTACATTGAAGAGAAGCACTATATTCAACGTTACAAGCAGCCCCCGGTCTCCCTAACGCGCTCGTGTTACACATTCAGTCCCTGCTGTATGAAAGCCGTACTCTCCCAGCCGGCAGCTTAAATGGGCTTGAACTCGCCGCCGATAATTGTTAGGTACCAGCCCTC,423,51.54,Mus musculus
SEQ_451168,TTGACCCCGAAATCAAGTTCCCGTGGTACTACTCCCGATTTCGGGCCAAGAATGCAAGTTGAGGGTAAGTGTTCAAAGAGCTGGCTCATCCTCGTAACCCTACACCTCACCTGTTAAGAAAGGGTGACGAACCCTCCTATCCGGGATCTCATAGAGTGAAGATAAAGTCCGAAACCAGTCAGGGGTCGCCTGAAGTACTGAGGCGTACAATACTGTCAATATGCTCGCCTCGAGCCGTCGTCTCCTGGCCCTGCGTAATTGACCCGGCTTAGCCCCTGGGCTGTTAAGTGAAACAGTGTTAACTAATCCTTGGTGGTTTGCGAATTGTAGCTTCTTCAAACTTGACGAAGAGGCAAAATGGCGTGATCTTTACAGACTCCCAGGCAGCTGGGTCGTACGAGGCGCTTCGGCGAT,414,51.45,Escherichia coli
SEQ_967060,TTCAGTGTACTACCAGCGTACCACCGATGTCTATATACGGGAATCTGAAAAACAACAGAGAGGAACCTCAGTGGCACTATTTAGCCTTGCCCGGGGCGGAGGCTAAAAAGGCTGCTCCCAGCACAACCCCTTTCATAATCCGAGCTTTGGTTAAACTTATAAGGTAAAGGCTACAACAACGGGTTTATTCATACCTAATGCCAGTAATAACGAAGTTCCTGGACGCTTAGGATTTGCCCCGCTCAAAAACCAGTGTCGTCTCCAGTTTTAGCCTCGTGGCTATACCTGCAGGTTGAATCGCTGAGTAGTGCGCAAAAGGGAACAGATGTAGCTGCTGGTTAGATCTGATGCCCAATTGGTACCGACTTACGACTCTCACCCCTATGACCTATAACGCTGGTTGCTGGTATCTGAAGGCGCCCGCATCCCTTGTGGAGTTGCGGAGACGGGTGCTACTCTTCCAGGTAATTTAGCAGCTCTCATTGAGTAGGCCTTAATGAAATAGATGTCTTGATTCGGCGCGCGCGGACGCAGTTCGTTTCCCCAGTTACGTTTTTCGCAGTTCCCGTGTTGTAGCTCCACTCTTCTGCTAGCTGTCACCGAAACCCAACATCATGTGGGCCGC,625,49.92,Homo sapiens
SEQ_799838,CGCAAAGCCAGTACGCATCCACTAACTTATTAGACATGTTCAGCGATCTAAGAATGGTTGAGCATGGACATGGTTAATTAGCAGCAAGATGAACGCTCGTGGCCCTACTGCATGTACTACCTATCCAATATCGGGGCAGCCCTTATACAGAATTCCCAGAGTGCATATGGACGTGCCATCGTTCTTACGGCGTCCCATCTGGACTCACAATACCGATAGAAAATAAAGTCTATTCCTGTTATCACGGCATACACCTACTAGCCCGTCCAGTAAGCGAGAAGGGCAGCCGAATTCCTCGAACTCGCCTGACGGGCACCACCGCCTTGCGTATGGTGAAGGATGTATCGCCCAGGGCCTGTGTGCGCATTTGTCTTGACAGATGAGCCCTCGGTGAGCTTGATGTGCTACACAGCATCCTACTTCATAAGTGACTCAGTGGCTTAACATATCGGTATCAGGGGAAACCTGCGTTTCTCTTCAGTAACCGCTGGGTGACGGCGGGGCAGGGGCTATAAGTACCCTAATCCTATGGCGATGGATACTATGGTTCCGCACACTGATATACGGGAACCTTATCCTGCGTATCGTGCCCTATAGACCACAGCAAGCCTGTATTCCCACCACCTGGCGCGGAAGATTATACCCTAACGGGACTGTCAATGGTTACAGTGAAAACATATTAGCCACATTAGCGTTTCGGAACGATATCATTGGCGCAAGCACCCTACTGGGCTTTTTGCTTTCAACATGTGGCGACGTCCCGCCGCGGACAGGAAAGCTTTTCTCATAAAATGCCTGAAGACTTCAGGTTGTAACAACGATAACCCTATTAAGAACGCACAGAACGGCTAACCACTGCCTGGAGTGGAAACTAGTAACACGCTACTTGCTAGGTTATAACCCTAACCCCTTCACTTTTTTTCGGGACCTAGGTACCGATGAAGGTTGGATATGAAGACCATCAGCCTGTAATCACAGCTCAAGCAATCTAGAATCCCCGTATGGAACCGATGCCGGTGGGCCGTATCAGACGGGAGATTTGTGAAAGACGTGGTGGGTCTATGCCTTCCTTTCATCGACCGTATTTGAAGCACATCGACTAGTGTCAATCGCCTCACGCACTAGCCCCGGCTCCCCAGTTCACCGGTAATTCTATCTGAAGCTCAGCTAGTAGCACAAGTACATTCCGTTTAGTGTACAGGTACTCCCAACTGCTGGCACTATCTTCGTTATTGAAGGGGACTTATTTGGTGCTTCGGGGAGGTGAGTGACTCTGCGCTACTCGGGGCAACATCATGATCGGATTACAACCTTCTCTCTACTCAAAAGTGTTGAATGTGATACAATCCCACTACAGTGGCATATGGAAGGAATCAGCCTTGTAATACTAGTTTGGACTTGCGTTCGTGGGCACCTGAGAATCGAACTCGCCTTAGTATGGTTGTAGGGTGAAGGCTTACCTAATCTGTAGTTTGTAAATATAAGTGATCCACACACGACTTCACACATAATAATCCCTAAGTGAGATCCGCACCCACCCCAACTTACTGTCGAAAAAAGAATTGACCGTCGCTATCACCGGACACTTCGGTCAGGATCTACGGCACAAACATGCTCTGTACTGGCGAGTATTGCCGGTACTTAGTCAGTTTATCAGCCGTAGGATAGGTGGTAAGTGCGTTCAAGTCATCAAATATAAATTTGTATCTCGATCTAGTGTAACCCTCCGGACGCAGTGAGGTACGAGCGTAACCTGCAATG,1761,48.61,Drosophila melanogaster
SEQ_511538,CCTCGAGGAACTCGCCTTGAGTCGAATCTGGGCCCATATCGGAAAGCTGCCCCTCACCGTAAGGTTCGAGTCGGAAGACTAACATGTTCGCGTGGATTTACTAGAAAGATTTGGAGGCGTTATACTCGCTATGTCAAGAGAGCATTCAGGCGAAACCGGCTAGAATTGGCCCGAATGAAGTAAACTCGGTCCGCGTAGAGCGCGCAAGTCCAAGCCAGTCTCCTCCGGATGCGGCGGTGAAACCCTAAAAAGTTCTGTTACTGCAGGTCTCGTCGCTCCATCGTGAAGGTTGCCAAGGCATGTATGTGCTCATAGTTGATTAGGGTGCTTTGAAATGCTCCTCTCGCGGAAAACAATCGCTGTACTTTTAGGCATGTTGAGGTTACCACCGTGGTTCCGAGTTTACTATATTATGGCGCCGCTAGACCATGCGCCTGCCCTCTCGTGTCCTCGACTGGGGAGGAAGCGTAGATCGGTGCCCCTTACATCTGAAAGGAGCGTTTCTACGCTGGCGGCTGCGTTGATGACTTATCGTCAGCTTCTCAACAACGTGGCACAATACGCTTCCCCACACTAAGCTGTCGCAGACTCCGTTGTCTTTGATATCATCAATATTCGACGAATGGGCTCTAACGTTCCCGGCCGTCGCGTTCAAGCCGGAGTCGTTCCATAGCAGTGACCGCACTACTCTATGTAACGTGATCGCACTTGACTACCGAATGCTAGAAATGGTCCTTTCCAGATTGCGAAGGTTCTTAATTAATTGCAGCCAGATATGGTTTCCTCCGACCGGACTACCAGAAAACTCCTGTGTCTTTAACACCCCCCAGGAAAACCCGAGACAACATGACCCAGTTGCCCAGACGCGCTAGGATGGTTTGAAGATGCTCATGAACCTAATCCTATGTCATCTTGTTTTGCGTGTTGACTAATGTCTGATAGCGACCTAGATGGAACCTGGACCGGTTATTAGAACAGGTCGTAAACTGATGTCGTGACCAATTGTAGAGCTAACAAAATCGGGCTCGCAACGCGGTCTGCTTTGCACGTGTGTTGCTTAGCGTACGGTCGAAGTGATTCACTTACTTGGATGTCCTATGAAAGATAAAGACAACATCATCCGTGCTTATTCTATTTTGCGCCCCCGTGAGTAAGCGGGATCACCCATCCCACATGAACAGTGCGGGCGACTGTCTACGTTCAACTTTAGCGCGCGAGGTTACAAACTGGGAGGATCGGATAGACGTCTATACTAATCTCCAGAGCCACACTCATAAGGCTGCGGACAAGGGCGCCGTGTTACGTCAGAGCCGAGAACAGCTTCACAGGTACAATGTTACTCTGTCTCGGCAATGAGTACCCGATTCTGCCCTACTTGACTTACGTTTAGCGTAGACGGAGTCTACTCCCTCGAAGCATCGCGACCGAAGGAAGTAAAATATGATTATTCCATTACCAGTCCTGTGGGCGTGCAGTAAATCCTACCTTAACTACGCAACTACACTACTTCACATGGGATGGTCCAGCATGTTTATACGCCGATTCAGTCCCAAACCGTGGTTTTGACGAAAATAAGAGGAAC,1582,49.94,Arabidopsis thaliana
SEQ_167962,ACCGGTCTTCTTCCCGTAATGTTGTCGGCCTTGGCTGGTGAAGATCCATAACGCGCTTAATTAACTCTCGATGGTCTTGAACCGCACCTTACGCTACAGGCGCAGCGCCTAAGTGAGGCCCGAGTAATTACACCGTTTCACGGTCTCTATCCTCAATAGATTTCACTCAGGGATCCCACAATGCCGGGACAGGTGTAGCATCATCCGATCTACCAAAGCGAAGGAATAGCACTTTAGCAATCCGAACACTTGGTAGCCCGAACCACCCGCTACAAACGAAAGGGTTCTGTAGGAACACGGAAGTAATGACTTTTACAATTGCCTAAAGTACCAGAACAGTCGCCGCTCTTAGACCAACGATCCACCTCAAGTGATGAGTGGTACCGGATACCGTGGTGCAGCGAAATCTTTTCGTACTTCCGTCGTTAATCCCTGAGGTCATGGTCTTGCAAGTACGCTGGGGTACTAGCCGTAACTCTAACCTTGCCTGCATATCCGCTGACACACACTTTTCTAGGGCCGCCCACGCTGTTTAAGGCGGGGAAGCAAATGGAATTACGTCATGTGGACACTGTAGACTAATGCTTCGTTTCGCCCTAACGTCGTGCTAGCGCTAATTGGCTTAAACCAGGTACTCTCATTACCGGAGATGTATGTACACGAACATGGAGTACGTTTATGTCGGTTTGCGTCCTGCTCTCTACAAGAGTTCGAATAAGTCGATTTTGGACTTCATCTCTACGGGTAGGTATTGAGCGACGGGTCCGAAACGTGCGAGTCTCTACCCGGCCCAAACTCCGCGCGGAAACTGTCGATGGTTGGATACAGTTCCATAAATTTTTACCGGCAGCACACGTAATGGCCTCGGTTCGGGAGTCGCTAGTGGGGTGTTAACTCGTATCCCGAGCCCGTCGGGTATCCATTCACTAACTATGGACGTTAGTGATATTGGGAAATTATGAGCGATTTCTCATCACGCCGAAATGGGAGGTTAGTAGCCAGTCTTAAGTCGAGCCGTTCACAGACTACGCTAGGATGCGAAGTAAACCCTATAGACCGACAAAAATAGGATTGCTGGGGTAGAGACGATACTCCACGGTGAAGATGGAAGTGTGATGGATATAAGGAAGTGCGCTTGTTCTAAATCTTTTTACTGCCTTTCATGATCTTTTTGCACTAGCGGACGTTTCATATCTGAAACCGGATCGCGCGAACAAGGTTATGATTGGAGCGTGAGGGTTTTCATTGGACGGTAACAGTTACATATCATGAGTGGAGGTAGCCAAACATCATACTAACTCATGGGACTCACATGTCACAGGGGTAGCCCTATTTAAAACTGGGGGGACCCCTTTCGACAGCTTGCGACGTTTAATTTAAGCGATAGCTGCGGAAATATGTTATATCTTGGGTTAC,1416,48.45,Drosophila melanogaster
SEQ_839565,CAATTTTTTAAACTGACTTAGTTAGGGCCTTAGGGAGCATTTACGCTCCGGTATGCGCTGTGGATTGGCTACCGAGAGTAAAGGCCTTGCTGTTGAACCGGGGTCTCCCGTCCCCTGGATGTCGCGCCGCAAAGGGACA,139,53.96,Arabidopsis thaliana
SEQ_656227,CACGTGGGAGTAAAGACACCTGACCTTATCGCGAGCGCACCCTGGTCGGGGACCGACGTCAGAAGCGATAAACCCACGCCCAGTAACCTCCCAGGATCCCAGGGCCTGGCGGATGCGGACAGGCCAGAGTCTTACCGATTTCGGCCCCGCCAGTATGAGATCAGATGACGCTCATGGCCTCCACAGACCTCGTGTCACTTGTATTACAGAATGGCCCGTAATGGACAGACTATCTCTACAATATTATTTCCTCACCGGGCCCTCAACATGGTTCCTGACACTGTTAAGTAGGGGATTAGTACCGTATGGGAATGTCACGATACTATCGAGAGCCATGAGTGTTGTTCAGGATATGGCCTTGCTGAGTTCACGGACACTAAATTTAGGTATTTTCATAGGATACTGCTCATAGCGGTTCCTGCGTTGTTGATGCCGCTTAATGGGGACTCCTACGACCTTCTCAGGAAATATTAGATTCGTAGGGAGCACCTAGGTACGCTAACGAAGAGACGGAGCATTTTTTCGTGGAGAACCTAAACTGGATTATTTCGAGGAAACAGAGATCCGTAGGAACATGCTGCCGCGTCGCAAAATGTGTTATGCCCGGCTCTGGACCCTGCCATCCGTACCTGGGATTGTACCGCACGTACTACAGGTGAGATTTAAGTGACATCTGGCCGTGAGTCTTGACATAGTCATAGTATTCCTCATACACCGCTGTGGAAGGAGCTTGCATGCGGCACCTCACGTATCCCACGATCTGATAAAGCCTGACCATTGCCATCCTATCCGCCTCGAAAGAAGTCAATCATGGTCCCGACGCCCGTAATTAAACCCTGCCCCAAGCACCTTTGCTAATAATTGATACGAGTTGTGAAGTCCTAAAGGACAGAATGCCAAGGCCGGTACCTGTAGAAGTCCTCCTGGTATACAAGATAGGGTTCCACGAACAAGATGTTCAGCAGCTCGCTTATCTTATGGGGCCCGCACCTCTCAGCGTTATGTTGCGAGTCGAAAATACTA,1023,50.54,Caenorhabditis elegans
SEQ_793021,TAGACAATATGCGATGCTAATTTGGAGGAACTCGCACGTTCAATCTGCTGGTTTGTCCGACCATTTTCCTATTTCTAATACGTCAGCCAGTACCTATGTGAAGCAATCTCTACCGCTTCATTAAGGAATAGACCACGAAAGGCTATGCTCTGTATTCACTAATCCGCCCGATTTAGCGAATTTAACATTACTGCGGGTCATGGTTTCACTCACTTGCACTCGCCATACTTGATCACGCGATTCTGTTCCATGCTCCTTGCGCATCCGTCGGCCTCCTAAGACGGACCGGCCGCGCATGTCTCTGCTTTTGTAGAAGAAGCTGTTAAATCCTCACTATCACTCATGTTGTAGTCGCGGTGTGTATGTCGCACACGTCGGTTACACGAGGGCACAGAACAGGAGATCTCGATTTGGCGAGGCGAACGGAGTTGCTGATCACCTTGGCAGAACCATGGAGAACTCGAGTGCGACGGCAAATGGTAAGGCTTACTAGTGGGGCCTTGATTGCTACCTGGACGCCAGCAGAACATCCAATCCGCGAATGCAACTCCAGCAGCTATTCGACAATATTGTGCGATGTTTCCGCGTTCCGGAGCTCGCCGTGAGCCAGAATTTATTGCGCCATTCCACCCTTAGGCAACAGTCTACGACCAACTGAGAATGACACTCTTCATCCGCCCCGGATGATATCTTGCGAAATATCTCTTGCTAGCTCAGGTTTTAATTTTGGTGATTAGTGTAATCGTAGGC,750,49.07,Escherichia coli
SEQ_963705,GACGTCTACGGATGATGTTGCCAGACATTGCCCTGAGTGTCTGTTGGACTTCTCTAAGGTGTCATGTAGACCGGACCGAAAAGGCTGGGGACTGGTGACAAGTCTGGTACGAAACCTGGACACTGCTTTGGAATAAGTTGTAGATAAGCTATCGTGACTGATGTTACTCAGTGATTAGGCGACCTCAAAAGATCAGTGCATTACGATCCGGATATGTGCACTGGGGTCGATGTGCACAAGTCATTGTATCTAGCTGAGATCCCGTGCTTCAGTACAAGTAATAGTGTGGACTGAAAATGAACACCTCCCGTGTGAGTAACTACGTATGTTGGGATCTTCTAAAATAGATGCTTTGTATGCGGGTTACCTTGTACCCGAAGAAAGCCTTTAGCCGCCTTGAAAAGAATGGAGATAGGCGCCGCCCCCAGGGAGATAATCCCTTTCCCCCCGATCACCGAGGGTATGTGCAGACGAAGCAACAGCGCGTTTCTCAATTCGACTCGATCGAACTGCTATACCAGAATAACCAGAATCTTCAACAGACTCAGAGAGATGGCGCAAAGGTCTAACATGCGAGGGTCAATAAGTAATACAAGTTGTAATAGGAGTTGCGACCGCTACTTTCACGTTATCAACTTGGCCCATATGTCCTGACCCATTAAAGTAGATCTGAGAACAGATTAGGCGTTTAGTTGTGAGGATATGACGACACTGAGGTTTCCGTTCCGCGCGTTACACAACGAAACTCCGGTATGGTCTCAACCAAGGATTAGATAGAATGCATTGAATAGGGGTT,796,46.86,Saccharomyces cerevisiae
SEQ_619394,TTTGTAGTGCTCTTTCCGTTGCGATATTTATGAAATCAGAGAATACCTCAGGATTCTCTATCTGACAAGAGTGGAGAGATACGTCTACTGGGTAGTGGTATATCTAGTCTGGTAGTTTAGAGGCTCTATCGTAGGTACCTTAGGTTTCCACCCACATCTGAAATTGAGCGGGGCGACGTACTCTTAACCACGTTGCCTGTAGGCTCTTGGTGTTCTCAGCATAAATAGAGGCAGGGGAAGTCCAAAGTAATTTACCGGCAAGTAACAAATAAGCATTATTAGCGGGAATTTGTGGAAAACGCGCCCTGAATCCCTGTAGTGGAATTAATGACAATGTGAGGTGGAAGAGAGTCTAAACGAGGCAGGTGGCATAGGCCGGCAGATAGGACACCCGGATCGGCTAACAGGGATAGGAGTTATTGTCCGTTCAAAAGACAGTTAGGTACAACTAACAAGCCCAACCGGCACAGTTTGCCGGAGACTTATGCGTATTAAGGGTAACTGACGATGCGAGTTGGCGGGGTTTAGGCCTGTATAAGAATAATTATGGTGATGCCCGTAATGACTTCCTCCGGCGAAGTAATTATGTGGTGACGGGCTTATGCGTGAACCCCAAGCCTTCGAGACCAATACGACGCCGGAATCCTTTTCCCCACAGTTGTACTCCAATAGGATATGTATCTCGCAGACATGCCTAAGGAGCCTAACAAATACGTTAATGAGGGCCACAAAAGAAACAGTAATAACTTAGCACAGAGCGCTTGAGTGGGGCAGCGATACGGGGGATACAAACCGGGTCAACACCTGGCCCCCGCGTCCCTGGACATGGCAGAGTCAGCCGTACACTATTTATGATCAGTGGCTTACGGTAATCGGGGTGCAACCATCGCTGACCACAGTGTTTTATCCCATGAGGGAACCCACTACGTATGCGACGGTGACTCTTATAAAAATTCTGCTAGGCCTCCGAGGTAAAGTCCAGCTTAAGATACGCGCCTTAAAAAGACAGTTCATAGAAAGAAAGACATCCGCTAAGACGTTTTCCCACAAATTGGGAAGCCGTTAACCTTTTTGCCCTGAGGTGACTCGTTCGCCGTAAGGACACGAAGCGGACGAAATTTGGCGGGAGCTTATAGCGTTCCGGCGCCCGGTGCCTGCGCTGGGAGCGGTTTGTATATAATGCTAAGTGGAATGATCGAACAAAAAGTCTCGTGAATTAGTTCGCCTGGGCTGATTATTTTCCATAACTCCGGCCAACCGGCAACGGTGTTTTGTTGGGCCGGGACTGGTTTGCAATGAGGCACGATGGTGAGCAGGCATGGGTCTTATTCATGCCACGAACTAGTTCCCGAGCGGCCGTGTTTCTGTTAGCCATGGGGAACGGAACATTTGAAGTCACCTGTATTTCTTGCCAGTGCTC,1420,48.87,Arabidopsis thaliana
SEQ_284238,TTCCCGACAGGTCTCGGATCGTGGACTCCCTCGTCGCAAGTGATACGCTCATCAATATCTGACCTTTGGAATCAGGCAAGCCTGCCTCAATAGTTGAAAATTGCGTTGCATACAAGAATCATTAACTGCCCTGGCCGGATGTTTCACAGACGGCAATAAGCAAGAGGTCGCTGACTTGCTGCTCATCATTCCTGTAGGGATATAGTTAAGGAGTAGGGAAGTGTCCCAAAACATCCATTCTATGCCTGCCAAGTAGATTGGATAGTCCTGTCGGGAAGTAAAACTGTTACTGCTGTCGACCTCCAACCGAACCAAGTATGTCTCGAACCCGAATGGACACCTGACAGAAGGGATATAACACTAGTGAATGAGGCTGGGGCGTCCGGGCGTCTGCTAGGCTGACAACGATAACGAATTGCGGACTCATGCTCTATAAGTCAACTCTGAGCACGTTGTTTATGTAGCACGACGTGCGCGAGCGGGCGCATGGTATCAGCGGGTTCACCAGTAGTTCAGAAGATAACCGGCGCGGCGTGGAGCGTCATATAGGCGTAAAAAAGGATTCGGCACTAAGGCTGGACGCACTCTCCATGTGCAGCATGCATGACGGCGGCCCCAAACACTAGGTGATGTTTCACGCAGGATATATGGTCAGAATACACAATCTACTGTTGATGTGGGCGCAGCTTTTCGATAGTAGTTGGGTGACACGCAACTTGGAAGTCCGAGAGCCACCCATCTCATAACAGGTGAGTTGAATACTTGGTCCAGACGTGAGTTGCTATTTCGTCCTAAGCAACCCCTAGACTCGTCTGCCCCCCTGTGGAAATCATGAAGAATGCTACTCGAGCGCTTCAACTACGCGGGCGATGCATTTATCGTACCACTCCCGTGGTATCATTAAGTAGACCTAAGATCCCACAGTGATCCTGAGAAAAGTGTTTTTCCGAGGCCTTGAATAACCCACGTGTGTAACTTAGGCCCTCTAGTGGTTACGTTCTCTTTACCTCAGCTATGTGATGAAAAGGGTGTGAGACACAAATTACACCTACCCATCAAGCTAAGAGCGCGGTTACGAAACCCCTATAATCCTCCCATGCAACTGTCCAGAACGGCAAAGGATACTTACTTGAGGATACCGCGAATGGTCCGGTCGTATTCTACGTACTTAATACCGGGCAACTAAAGATTTGGAAGCGCCTAAACCCTGGTCGGACATTCATCTTATTTATAGCTCAGTGCAGATTTTCCTTACTCGTGAAAGAGAGCTGGGCTGCTGCTTGTGACCCTCCTTGTCAGCTCTTATATATTCGTACAAGGCTGTAGAATCGTCTCGAAACGTTAATTGAACAGTGACCCTTATGGTAAAATGTGGAATCCAGGATGACGTAAATGGCCCCGGTAACCCACGCACCCAATAATAAGAGCTGCGTAGTGAAGATTCTGAATATGACCAGACATATCTTTTGCTTCACAGCTATCCAAGTGCCGATTATGGGGGTCCTGTCGAGCCTCGTGATGCCGGCGTGCATAGAAAACTCCCGTCGTGGATCCCTAGTCCGACGAAGCTA,1571,48.95,Mus musculus
SEQ_780037,TGCTGTAGAGGAGTTGGCGCGGCGAATCGAGGTTTGTCGACAAAATTCCTTATAATTCAGAGGGGTGCATGGGAACTTACGCCAGGTCTAAGTAACCAAATATGTTTGTGATGGCCTGGTATTACGGCTAGAATAAGGGTAGGAAGAGCCATTCCATCGTGCCGATATCGCTCTTACCGACAATCATTGCACAGCGAAGTAGTAAGTTTCCTCTCGGTCCTTAGATGCTCACTTTATTATAGCTGGGTCAACAGTTAAGTGCTTCGTTGACACTTCCCTGATTGGCTGACAACGGGATAATGGGCGTGTTGTCACCGGTGCGGTACAAGCTATGCACGTGAATACTGAATGTCAGAGGACAAATGAGAGCATCGTCCCACTCAAGTACCGTGTAAATAAGCGAAGGCTCCGCCGGCCAGTTTTTGGTAATGACAGCACGAGCGACTACTCCTAGGAGGGAGTTTGTTCGGTCTAATTGAATCCCCTCGACTATGCTAGAGAAGCTCCGGGCCAGTCGGCACCACTTTTCTAACCGAACTGGCTCCAGACTCCACCCCCCCTGGATACCAGTCGCGCTACCTTTCGCCGGTTCGGAGATACTGCCATTGGGGCCATTCCTATGACACGGTGGTGATACCCGGCATATCAGTGACACTCTGGTCTAGTCCGACTCGCGGTGTTCGGACCCGGAGTTGGTGTCCAAGTTGTGTTACCCCACACCGCCTTACTTAGACAGGTGAGACGGTCGACGTTAACCTTGCGGGCACTAACCATTCGTCGAAGATGAGACACAATACCTCTTCACTTTGTGGAGTAATTCGGCCGATCTTTACACTAGCTTTTCAAACAAGCAAGTACACGCCTTTGGAATTAAGCCGGAGATTCGCGCCCAGCTCGCGATATGTACAGCGATGGACGTGAAGCCCCCTCCTTTCCTGATGTCAGAGTCGGATAACCCATTGGACATTGCTAATGTGATGCGTTCTAACGTATAATGGATACCACGCTGTTCGCCCATCCAGGCGTAGCTGGATTTTCGTTTGCCCATGTGAAGAATATCTGCCTACGAACCTTCCTCAAGTGCGAGTGTCCTCACTAAGTACCCGTGTCCTGTGTGATCGCGTATTAACATAGCGTGCGCCTATCAAGGGGTTTACGGGACATGCGAATGCCGAATAGGTAACCGAGGGCGACTGGTGACTTGCAGCTTATAAGAACGTGGCCGCCGAATCGTCACAAGAATGAGACTCGGGCCGTTCGGTTTTACATCACCCCTGACCTGTTGCCTCTTCTCTTGACTTGAAGATGCTATCGCGGCAGATTGATACGGTCCTGTTCTTAATCCACTTACGGCACGTGCTTAAACTTGTAGATAAGACTTGACTCTTTTTTTTGTTTCCTTTGTTTGGGAATCGTGCTCGCGGTAATCCCTTCTGAGCAGTAGTCATTTTCGGCCAAGAGCGTACCCGCAATCTTACATAATAGTGACTTAGGAACTAGGGTTGTGGCGGTCAGCTACTTAGAAGTTAGTAAAAAAATGCCAGGACCGATCGATCTTGATATGATTTACTCTGATGGCAGCGTTCACCTGGTCTAATAACGGTGGATACACTTGTGTGGATCTCTACAACAGTCAATTCACAATCAACAAGAGAGCGATTGTTCTTCGCGCTGAGGGTGGGTCGGTACGGGTTTGGAAGTGCTCAAACGAGCTCTGGCTCAATTAAGTAATATTCCCATAGATCGAAATCTACCCTACAGCCCGTCTATACAGGGCAATAATTCTGTATGAACCTATCCGACTGTTTTCAGATAGAAACTTTGATCCT,1829,48.93,Drosophila melanogaster
SEQ_995450,GGGCCTGGTGTCAAGTAAGACTACCGCCAAAGGCCGATCAACCGTTTATCCGCCGATCTCACGTAGAGTAGCACCTAGCCCCTATGGTGGGGACATCTACGAGTTACTGAGGCGTGGCCATCTTTCCTGGTTCAATCTTCGGGGTAAAACACCGTACGCACGTCGTTGCACGCCAAGTCTCTGCATCGACATCGCGTACTCACTTATTACCCTCATACGGATCCGGTACGCCCCCTACAGCAGGAACAGACAACGAGGACACCCGATCATGCGACTCATACTAAGCGCCGTAGTGCACCGTCTTTACATTGTTACTGTGAGTAGTGTAGTTTACCATCATTTGTCGCGGCCGCCATCGATGACTAATATCAATCTTACATGAACTGAATTCTCGGAGTAGGCCAAGTAGGAAGGGCGGTTAGACGGCTCGACAACAACGCAGTAACGGCGACGGCCTCCAAGGTGTGAAATGAGTAGCCTGCGTGGCGTACCCGCACTCAGTCGTACTGTAGTATAAAAGTTCAGTTTGATACTCGCGGATACGACGGTCCATGATATGCGTTAGCTGGTTGAGTTAGGATGCGCACAGGATGGCTGCCACGCTCAAGAAAGATACGGTCACATTCACTATCAGAGATTAGTCAGCAAATTACGAAATCTGTCGGTCAGAGACCGATGACCCCTTGCGAGCGGACGTCCTTCGCGCTAACAATCGGGTCCCGGCTGAACAGAATCCGGCGCCCCCTTTAATCTACTTATACTCACTCAACCCACGTAAAATCCGGCGGAAAGAAGAGATAAGCTTCATCCCGTTGTTGCTCAGTCTTGAGAGGCCAATGCCGTATCACGCACGAGAAACCGTCCGGTTTGGTTATAGACATCCAGAATCGACACCTAAATAATCAAGCACAACAAGCGTAGCCTCACTTTCCAAGGTGTGGGTCGATCAGTCGGCCTTGTCAAATCGGGGCCTGTCTAACTTCATTCATGCTTGTCAGGTACATTTTGCAATAGGAGGATCATCCAGTACGATGTTTACCCGTGGGGCGTGGTGGGCGGAGGCGTGCCTTTTCAGGGGTGCAAGACTCATGGCCGCATACACCGGTAGTGGATTTCGTCGTTTAAATTGACAACTCCCCCTGCCCTTGGGCCCCGTCCGCGGCGTACGTAGCCTATACATCTTTGTAGTGTCAACATCACTTCTGTCG,1208,51.82,Escherichia coli
SEQ_181086,ACAGGGTTCTTGGATTGAAAGTATTACCACTTTACACGGCGCGGTCCATATGTAATTCCCCACGCCTTAGTGAGCCCTTCTCTACCTTAGCACAGGAGGCTTCTAAACGTTGGTGCGCGCCATCCAATCCAGATTTGATAGTTCTGCAGCTAAGAGCCAAACCTA,165,48.48,Mus musculus
SEQ_922533,GGGCTAAGGGAATCGGGTAGGTCGACTGAATTCTACTTTACTTATTACACGCATCCAAGATGAGATGCGGTGATCCCCTAACGAGAGGCCCGTAATGATTGTCCTTAAAGTGTATCCCTCGACGCCGCTCGCGGAACGTGGATATTCGAGATACTCATGGCTCGGTTGGGATTCACCTCGGTCTACGACTCTTGGATACGTCGCAGTTCAGCTAGAGGGGATGCTGTTGTGAGAGTGGTAGTTTCTGAAGAGCTGGTGGACCTTAGAAATAACTACACATCAAGGAGGAGCTTTCGGAACATCTTACCGGGAGTTGTCATTCCAAACGGCCCAAAAGGTGGCCGGGGTAGTAAGCACGGCATAGTGCCCAACGACAGGTGCGAGCTTCGGGATGTCCTTAGAGGCGCTCACTTACTGGGTGAACAAACTCGTTTTAGTATCGTCGAACCGCACATCTCGCCCCCAGATAGAGGACTAAGACGTGAAAGTTTCAGCTGAGATGTCTAATCAAAAAGAATACCGTCCAGATTCTGCACCTCCTACATCCGTAGTAGCGACACCAATGCTTGTCTCTGAGGGGCCACGGCTGTAACAGCAGGTTCGCTAGGCGATCCTCCGCCATCAGAGTTGGCGAATTACGCTCTGTATGTCGAAATGGTAAAACAAGTTACTGTTTCGAAGCGGGGTGGCTCTAACTGGCTATAGTAGGTGATGTGGCACGTTCGTGTTTGCCCATTTTTTCATGGCAAAGTGAACCCCCACCCTGGGCCGGCATCGACCCGTGGTGCGACATAGCTGATATCGCTATCGTGTCCCACATCGTAGGTCAGCAGTGCTCGAGCCGAGTCTGGAAACAGCTTACCATAGGAGTATAAAGTCGGTAGTGCCAGTCCGGGTGCCAGGCGACCAGGTCCGGTGTCCAAGCACACCGATAGTTTTTTAGAGGTGCAATCTATTTTTTCTGGCTTTAGACTCCTATCTGTGTCGGTGACCGTAAACGGTGAATGTCCAGGGATTTTCGCAATGCTTGTAAGGAGATATATCATAGCGGCAAGAACCATATGATGCTGAGTGAAGCCGTGTCGGGGTTGACCTTGCGTTCCGCAAGGATAAGCGTGTATACAGTGCTTCCATCGGCACAGCTCACTAAGGAAAGCTTGTAGGGCAAGCACGCAGAATTTTTAAGAGTGCCGAAAATGAGGAGTATGCCTCTCTAGATGATGTGGAGAGAATCGGAGAGTCTCCGGGTTTCATGACAAGGTGGTGTTGATGGAAGAGGAAGAATCTTAGCAGCACTGTACGCTCATCGCAAATACGTATTGTCGCCGGCCATTGTGGAACAGGGGGAGAAGAGACACCCAGCAAAGCATTCGGGGTAGCGCAGTCTCCAACCAAACCCGACCAGCAGGTGTAGGCTAGGTCATCCCAGGATGTTCCGTTATAGGCGTAGTGAGTCTACCAGCCTAGTTAGCGTATAACACACAGACGTAACGGCGCATGTGGTGACCTATAGGAGCCTGCGCGATGCGGGGCTTCCTCAGACTGAGTGATGCCTAATCATATTTTGCGTCACCTGTTATCAACCACTGTGAGATGGCGCTTATCACAAAAGCACTCGATATTGCTGTGTAAATCCGTAAGTTGCGTTACGGGGGCTCCGGATGTAATATTGTATGGCTCCTTACGCTACGTGCGGCGACGAATCCCTGGGTAAGTGGGGTCAACTTAACGCTATATCTACTTACCGCTAGAACTTTGTGAATTGGGCATACCGGATGACACCATTACGTGCTGAAGCGAGGGCTTACCAGAATGGACTGTGCCTAGAGCCAATCGATCATAGATGACACGGGGCGCCCTAACGCCCCAATTATG,1875,50.93,Homo sapiens
SEQ_241453,ACGTGACGCGTGGAACAGGACCGGATAGTAGCCCTCTACCCTGGTGCGGAACGAGAAACCAAAATTATCTTAGAACCAAAGTATTCGTTGTAATCTGTGGGTGTGGTCGCTCACCACACTTATCCCAGCCCTCATTGGAAAAACGCGCGACGGAGCCGACTGCGTGAACTGGAGACTTTATTTATATCGTCAATTCTAAAGGATATTTCGGTGAGTTACATGAGATACGCGTAAAGTGAGACGTTCCATGCGGGTTGGAAAGCGTGAGAATGTGATTTTTACATAACACTGGGCATGGCAGCGAGCTACAACCCCGCTAAAGGCGTATAAATGACCCACCCGAGTTACGTTAATTCGTACGCCTCCGGGATTTAATGCTTGGTCACCACCTCGCGCCTGAGTATTGAGTCCAACCGCTACATAGGCAGGATCAGCACCAAAACAGAACCACACGCACAAGCATATTGGTAGTAAATCCAGGGATCCCGTGGAGAGCCTATAACTGTATTAAGAGCACAAGGGGTCTGCTTAGGGGCAGGCGTGAGCCCAAAATCGTGTAAGAAATAGCGCCAGGTCTCTATGGATGAATCACAGCCTGACTGATGTTCACAAGATAACACGGCAGTAAGCTCCATTGTGGTTAAAGGCCCAAGTCTACGATATCAAGTTACCAAAGAGGAACTTGGGGGCTTTCTTGGTGCATGAGCATGATGGTCCACAAATGCAATGATTTAGGCTGTCTCTTCTAAGTGAACCTTACAAGGGAAATCCAGATCGGCTTAACGTTTTAGAATCTATCGGCCCACCGATGCACGCCCCTAGAGAGGCACGCAGCGCCCTAGTAGCGCGCCTGTTCGCATATCCCCCGTCTTATTACTGGGAATATATCCAGAGTCCAGGACGGACCTCTGATAAATCCTAGCAGGTGCTTGCTGGTTGCCGACACAATCGCGCACCTGCATTGACGTTAAATACAGGTAGGATTGTAAGAGCCATGAGGCAATGTCAAGCGCTTCTCTGGGGAGTGTAGTGATTTCCACGTCAATCGAATACGTATGAGC,1061,49.01,Escherichia coli
SEQ_127820,ACCCATCCTTTACCAGTATAGGCGGTAAGTTACCACGAACCATCCGGGAGGCTTTATAACCATTCGCTCAAGTGTGATATTCAGAGGACCGATCCTAATCCAGGGTGAACGATCCCTGTCGACAAGACAAATAAGATTACGATGAATTGAGGCGGCCGTGGCCTCGGATTTCTACGGGGCGTGTTGTCTCTATACCGTTACGATACCGCGTACCTTACCCAGGAGTTTAGCGCATACACCTTGTCAAACAACCTTTGTTCGCTACTACAAGCGAGCACAAAGGCTGATCCATTAAGGAAACGA,303,48.51,Arabidopsis thaliana
SEQ_276006,GAAACTTTGTGATCAGCTCCTGTAATATTGATCGGGGTTTGGATACCTACGGCGGACTATGCCTTGTGGCTTGTCTTCATCGTTTAGGGACCGGAACTACTACGGACTATGGAAATACGAGCAGGTCTAGATGTGTCTAATTTGACCAATACAGCCTGAGGAGTGGACTCTAACCTTTCGGGGAGTTGATCCTTCAAAGCATTCCGCTTAAAGCAGACGTTGATGATGTTTCGGGTCCAGTCTCTCTAGCTGATGCGGGAATAGCTACCTCTTGTCCGAGTGTATGATAATGCCGCAATAGAACGCAGCTCTTGAACGTTTAGTTAAATCTATAGTAGCTCGCAGCACCTGTCCCATTAAGTGGTACATTTACTACCCAAACAGTCATGACCGCATAATAAGCTAGCTGCTCGAGGGACGACTCACAACCCTGAGCACTCCGGAAGGGCCGCCCGCACTCTGTGGCTAGACATAGAGCCTCCTGCCTAAGTTCCTTATAAGTCA,504,48.21,Arabidopsis thaliana
SEQ_757368,ACACGGAAGGTATTAATGTGATTGGTGCCTCCACATGCTAACGTGACTTGGACGCGTCAGCTATTTTTCTTAGTTCTTCGGCCGATTGTCCACGGAAACGACTGGCATACTGTGTCGGCCTACCCTTATGGTTACCGTATGCTGAACCTTCGGTGATTGCATCCGCCACGATATACCTCGTGGAGGGCCAAGCCTGTACACTAGCAGCACGGTGGGTTTAATCCGGAGGTAAAGAGCCCCATTTTGCGCAGTATATCCTGTTACGATATCTAGGGCGGAACACAGCTTGAAAGCCCCCTCGTTGAGAGAGTAACCACCTCGCTAAATATTGTTATATCCAAAATGGGAGCCGCGCAGTTTTCCGAGTGTTACCAGACCGCAGGCGGTATTTGGTATGCAGTAGGAATCGGCAGTCCCCCTAGTCACGTAGACGGAGACGTGTACAGACCGATACCGATTTATAAAGTCGCCGGAGTTGAGGAATTTCATGTCTCCTTTCCCTGTCAAGTTAGAGGCTTCCCAGCTGACTGAGGAAGTCGGTTCTAAGACCGTTTTCGCTAGTGCTCCGTGGACGTGGTCGCTGAGTCAGACCAAGGCTGACGAATCAACAGGCATAGCCTTGTCCCTCTGGCCAGGTGGGCTTAGCCCTTTAGGAAGCTTGTTAATCATCCTACTTACAGAGAAGCTTCCAATGCTGCTATCCGCTGCCCCGGGTATTCCGTGCGACTCAGTCCGGATTAATCAGACGGTGATTAGCAAGGCGTTGAACATTGAGTTCGAATGGTGGACAGTGGTCGGTGATGTTTGCTGGATCGCTGATTTCAATGATCAGTGCTCGTTGCACCTAAACGGAAACCTGCCGAAGTGTCTGAAGTGTCCTCCTGCTGCGTCTTGATACTCGTCTTATTGTGACGTTAGCTCGTTAATCGATCCTGACTCCCTTTATCAACTGTAACTTCAGCTATCGACTCTCCTGAGCATTCCTGCCCAGAATACTTCTGCAGGGTAAGTAAGGTAGCCACACGAGTAACCGAGATACGCTGTACCCAGGACGTATTCCGCGCTCCGCCCTAGAAACTTTGACGGTCCCGGTGTCTAAAATGGCCCTCCGGCGCTACGGACGAAGTGCGCGCGTTACCGCCAGGGGCTGCAGCACTGGTTCCCAGATTACACACATTAGAAGAACATATGCTATTGAGGAACGCCTGAGAGAAAAGTTCGAACTTTTTTATCCGACGACTCCGGCGTGCTGGGTAGTACATATAACTTCGCTCAATCAGGATCCAGGGGATGACCGGTGCGCTATAAGATCCTACGCTGTTGTCCCGCCATCAATTGTTGAATATAGAGACATCATACACCGTCGACCTTACGTAAGACCCATGGAATGATGTAACCCAACAAGCATCTCCGCATTGAGACGACACG,1428,50.84,Arabidopsis thaliana
SEQ_213144,AAGAACCTCGCCAACTCCCGGTAGTCGTCAACTATACCAACTCGACGGGGTGCCTATCTAAAACATGATCTCCATTAGGTTATGACACTGACGTTAGAGACGTATGTTGTCCGTTTGTTGAGGGATATTCCAGGCCTTCTGTCGCAGAAACTCAATGATGGAGAGCTTTTCCACGCACTTCGCGGTGA,188,48.4,Saccharomyces cerevisiae
SEQ_462935,GAGTAGGTTGTGGAGGCCAATAGCGAGCCCACCAGCCCGCATAGAGGGTGATTCTTTTCGTTAAAGGTCGCCACCATTTAG,81,53.09,Saccharomyces cerevisiae
SEQ_695503,GGCCACATAGCTCGTTCTTCCTGACGACGTATGTCTTACAGCCGCTGGGCCTCGAAACAACCAGCTTAACCAGCCCGCTGATCCGTCCCATGTTGGTGCGGTCCAATCAATGAGTACTGTTCACGCCTGGCTGGTATATGTTAGCTGACCGAGACTCTAAGCAGCTCGTTAGGGAGACGAGTTTGGTATACACCATTGACATAATTGCGCGGAGTCCAGGGGGAGAGCTTTAGCACACCTCGTCACTGAGTCATTTGAGTAAGCTTCCACAGTCTCCGTCCCACTCTAACAATTGTAGAGAAAATTGCACTGTTATGACTCCCCAGTCCTAGTCCGCTTCTAAGCTCAGACGAAAACTCAAGATGCGATGGACTAAACCGATATTGATCCAAAGGTGCGATTATTGATAAGCGAAGTGTCTCAAATGGCTATGGAAAACAAAATCTATATGACATTCGTCGACGTTTGTGAGTCGATCCACTGTTTGTAATCGCATCTGGCAGATCCGATTATATGATAGGGGTCCTCAGCGCGCTGTATGTCAGATAGCTGCGGTTCCGCCGAAATGTTTCTTCAGCGTGTCCAATATATTCAGCCATATATCCGAAGTGTCGTTACGCATTGGACGGGGTAGGAGTACATTCAGACAAATAGTTCTCCTTTCTGTGGGGTGGAGGCGACTAGCTGTGTCGCGATTACCGCCCTAGGTCCAAATGGATGTGGTGCTAATGGACCCCCTATTTTGTCGCAACGGAAGATATGCATCATATCCGATGGCTAGCAGCATACCAGATGACAAATGACCAGGATCGTACTGCGAGTATTTGGGCCTCTATCTTTCATCCTCCCTAGCACTAAGATATAGTCCAGTCACACTCATCCCTCCTCCACACCCGAACCTCCCTTGTTGGTCGATCATATCGCGTTCTCGTCTAGTCCGTTGGCGTGTCCTAGTGTTCAGCCGGGGGTATTATACTCGACCTTGGCTCTAGCGGTGTTCGGATTCTAAAATACGCGGTCTCGACCAGTAGTAAAGGTCCGTTGATGAGCAAATCGACCGGGGTCGTTGGTATCCGCAGTTGAAGAGAAGTCATTATCGGTTAATGGTGCCGCACCGCCCGCGGGCAGGTCTCATAGTATGGAACTGTTGATTACAATGCTCCTCGAGAAATCTAACCAGCGGACAGTGAGCGGTTATCCGGGAGTAGTGTCTGTATCAC,1220,49.51,Drosophila melanogaster
SEQ_785027,GCAGTTAACCAAAGAGTCGTAGACTCTAGTTTCAATCCAGCTGCACGTTCGACTCGGAGGCACGGTCCTACGCCCTTGATCGCCTCCCGACATACCCAGACGCGAACAAGTCCCCGAGTGATGAGTCCACCGCTAGCAGTTTTGTACATGGTTATCTGTCCCGGCAGATCGTAGATGGACGGTCAGCCAAGCTTAGACCTCTTGTCATTATTGGCTCATTTCTGCATATCGGCTCTAGGCCGTGTGACCGTGTTCCCGCCTGCAGTCCCTGCCAGCCAATGGCTACTCAGGGTCCTTCGGCCGTCGAATGCAGAGACTCGAAGTATACGCACTTTCCTGATTACCACGGGATAGTACGCCGCTGAACGTTCCGGGATGCCCTCAACGAACTTGGTACCTCTTGTTAAAGCCAGTCGCGATGAGTCACGTTCCTCACCGTAAATTACAGCACTGTAAAAAACTGAAGAATATTCATCCCGTTACACGCAGCACAGGAACCCGATTCCTGGAATCGCACGGCATTGCCGTGAGTGTAGGTCCTGACTGCCGTTATGAAAGTGAGCAGGTGTACGGTTGGTTCAAAAGGTAGGTGACATAAATAGCTATTCGAGAGGTTGATACTATTCCCCATATAACGCTACTTTTGTTGGCCTGTTACTGCCGGTTCAGGTAACTATCATCCGAACTGGGCGACAATTGGGGATGCCTACTGGTGATGGCGCAACCGTTTACGATGGGTCTAGGGTTTAGCCTCAATCTCCGGAATCGGTGAATTACAGTGGGCTGTACTGGGAGGGGTGTATTAATCTTCTCAGGATGAGGGTGTGCCATATCATAAAGGTGTAAACTGGTGAGCAATTAAGGGAGC,868,51.04,Saccharomyces cerevisiae
SEQ_872436,GAATCATCGATATGACGTATTAAATATACGGGTGATCTATGCAGCACCTGTAAATTGGCGGCGCCCAGAGTCGTGCTTTTTCTCAACGAACGCCGTGGCGCTCGGCTCTACTTTTACGCAGGCTGAGCGGTCAAATCAAACTCTTCACTGCGGGGTACACTTTGAAGTCAAGTAACTGGGTCATCCTGTTAGGAGCCACGCGAAATCAATTGCTTGATTCAGTAACCTGGATTCAAGTAGGATCTAGGGTGCGCGGAAACAGTCTTGGAAGCGTCTAATGAGTTGGAATCCGGCTTATGGGTAAAGAATAGGACCCTGGATGTAAAGGCCGCGGGCCCACAGTGAGGAGCAGCTCTTGGTTCAACTAGCGCCCAGACGAGCAGTGTGAAGTAGACGCTCCGCCGACAAGGGAACATATATTAACCAAAGACTAATAGCGACGTACTGAGTTTGATGTGTTAGAGCTATTGCTCGGGTGTATTCCTCATGGATAACGTGCTCTGCCGTTACATGGTGCGCTAGGGGTCAACGATTTAGATATACCAAATGTCAAGATCAATATTTTTGCGAGTTTGCTTAAAGCAGTTCCACTCGGAAGGCTGTACGCATAAGAGACGTGTACTCAACCGGGTCGCACTCTATGTCTGGGCAGCCGTCAGGTTTGGGCTGGACAGCACCGAACGTCACGACTCCCAAGCTATACAAAGACCTCTACTGTCTTTAATCGTAGACACAATGAAAGCTCGCGTGTATTGTACATGATAACTGTAAATTCTTCACGACTGCGTCCGATGTCCGATCACCCGCGGGATACTGCGATATGGTTGCGGCACTCTCTTGGCTGTTTAGAATCAGGCTCTC,861,49.01,Saccharomyces cerevisiae
SEQ_352341,GGACCGGTTCTGTCAAAGCTGTCGGGTGGAAAGTGCCACTAGCTTCTTATTGTTACGTGCCAGCAGGAATGCGTATAGACATGAGTTCCCATGGGTACCTCAGAACAAAGAAAGCGATGGACACATGGTCGTACGACGAGCATCCGGCAGAACTCGGTTTGGGTAGAGAGTATCATAGAAACTTCCGTACCGACGACTGAGCGGGTAGGTGATGCGGCCCCGGAAAAAAGAATCACCCCGATGTACAGGCATTTACGGTAAAGCATTCGTGTAGTCCAAGACGCGACCCATGCGCACATCGGCCATTTCCAATCCAAAGGTACCGCCGGGTAATCTGGCTGCACAATTGTCGCTGGCGTGCCTGCACCGCGTGTTAGAGCCCTGACCCATGGCGCAGCTCGGGGATTAACACAATTCGGCGAATACCGGGTTCAAGGGTTCGATTTCCAAAACATTGCTGAGCCGAAACGTATAGTGACTACGAAATACACATACCAAGATGACTCACTCTTTATCTAAGTCCCGTGTAGCTAGTACGACATCCTTGCTCGTAGCCCGCAAATAAGCACTGGGCCGGAAAAGGCCATGGACAATTGCCATTCCTGATTATTGGGCATCTTAAGGGGCCGACGACGGCGTATATTATCAGAATAGATGGGAACCCTGCATCTTAATACTCTGGGTCCTGGGGGTGATGCGGTGATCGTACGTTGGGGACGACTAATTATGTCC,732,51.5,Mus musculus
SEQ_535035,GGGCAATTGCTTCCCGCCACCCCGAGAATCTTCAGCCTCCTTCGATTCGCCTGGGCGCCATAGAAAGCCCTGAATAAGCCTGGAGTCTTATCTCTTAAATACAGGGGGATGTTAACCTGGAAGGGGAAAAACGGTGTTAGCCTCACCGGGATGATACAATCGTGATTCAATTTGCCAGGCTTTTAGCTGATCTTAATATCGACGGGGGGCAGCAGGTACTCTGGAACAATCCAAAGCACATACCCGTCGAGTGTACGTTTTAAAGTGGGAGCTACAGCCCGTATCTCCTGAGAAGCGACTAAGGTATTGCAAGTGTACGCAGTACAATGCGTAGAATAAACGCGAGCCCATGAATCTGTCTAGTGGTTAGGCTCACTCGTGATTTCCGGGTGCGCTGGTAATCCCGCCTTAAAACGTAGTATTATATCCGGTCGAGTGGAGGACACTGACAACCGTGGTGCTTACGGGGGACGAGCTTCCGTCGGGAAATCGGACAAACCGACTACCACTTTCTAGCCGGGATCCTACAAACCTGATTTCGCCCTGTAGGTAATCATATGTTCTACCGTTTATGAAGACAACTACGGGATTGTTTATTCTTCTCATACTCGAATCAAGAGACAACCAGCTCACAGATATGATTTGCGACTGATCCGACACGGCAATCCCATCTCACTGGGACCCCGATGCTATGCATCACTAATAGTCGCTTTCATTCCACTAGCCTGGAAGTCGAGCGACGAAGGTGGCCTTCTCTAACCGTCCCTGCCTCTGTCCTCCGGTGCGCCATCATGAGGTTATCAAACGGGCGCTGGGCTGCGAAAGCATCTTCATAACGCTGTGATTGTTGACTTTTTACCGTGTATCGATACTGGCGAGGTTCACCTCGGATTCACACTGCGTGATGAAGTAGGAACTGTCACGGTGCAGGAATATGGAGTCTGCACTCCGGAGCCTTATGGTTTGCGAACCGACGTGCGGCCAGGTAAAAGGCCGTCGACAGAGATCAGCAGGTCGCTCATTGGGTCTGCGAGTTGAATCCAGTGCGTCAACGTAATCGAAGTGTGGCCCGGGTGGGATCTACCTGATTCTGCCGGCGTCATCTGACTAAGGCTCTTTCTTGGTCGCGACAGGAGTGGAGACTTTCGTTTTGAAGGGCTGTGGTGTTGTAGCTACCATTAAAATCAATATACGGAGCCATGCCGACTCTCAATAAACAACAAAAAAAAGTGAGGCTGAAGTTGGAGACCACGGTCACTAGGCTTTGACCTGGAAGAGAAAGGAGTCGGTACCAACGCATTTTAGTATCTATTTCTTTGATGTAGTTCTCTCACGGCTGACATCCTGTCTATGTTGCTCTCGATCCATGGGGAAAACCGCCAAAGTCTATGCGTTTGCACCTCATCTTATTAAGCCGAATTCGGGGTTTCGGTAACCCTACCTCAACAAACAAGCAACCATTCGGAAATGTTCCTACGATCAAATTCCTCGGGGTCGAACGCTCGATACGAAATAGGAAACCCCCAAGTATTGAACGGCTTTTCTATTACAGCGCTTCGATTGAAACGGTCAATGTGAAGTCAGAAGAGCTGAGGTCGTCGCCCCAAGCCTTGTCAGGGCGGACTCTCCGGTACATGGTATAGCTTCAATCCACGCCACTTCACTTTATCCATTAGAACAGTAGAGAACCAGCCGATAGAATTTTCAAAAAGCGCCACGGTGCCAACATTTGGACGCCGAGTTCTTTCGTGCAGAATACAGTCAAAATGCTCACAATAGGCATCTGCGGG,1790,49.61,Arabidopsis thaliana
SEQ_108835,ATACCATCGTCGAATGACGAGGACTCAGTGAAGTAAATGAATTAGTCCTGGCGGAGACACATACGCAGTGGCTTACTATGGCGAGACTGGACTCCCACCCTCAGCACATGCCTTCGAGAAACTTGGCCGCTAAGGGGCGCTCTCCTCAATGGCGCTTCACGTTGCCAGTGACTGGGGGCAGCTAATCAGAGCTGTATTCTCGTATCACGCGGTCTATGGGCAAAATTCAGATTAAAGATAATGGCCTAGGCGCGTCACTAACTGCCACAAGTGCGATTCGTGGGGACCGTCTTCTGTACGTATAGGATATTTTGACGAGGACCCACTACTGCTACTCAGCCGTAACATATATTTTTGGATCACTACGTACACGAAACTACAGCTAATGAGCCTAAGAGTTTTGCCCTGGGCCGTTCTCTACACGTATTATAGAAAGTTAGCAATCCAGGCTGACGTCATTTGCGGATACAGCATCGCAACGTGGTCGGGATTGGGATGACGGCCGCTTGCTACTGCGCGCGCAGCTTCTTTTGCTCTACGAGGGTTGCTTACTCTCTTGCATTCAGCATAGTAGCGAATAAGCTGTGGCACTATAAATAAGGAGGTGGTAGCGCGTTCACGCTTAGACAACAGGCTGATTGGAGACCTTAAACGAAAGCCTCGATGCAGACAGAAGCGTGCTGTTTTGGCGCATGCCTACCCATTTGAGCTCCCGAAAAATAAAGCGTGCTATGCAGTCTGCACAACAATTCAAAGGGCGGTCTTGGGATGCGGTACCATGACGCGGTACACCCCCGTCTACTTAGGTCCGATTTAGACTGTTAAGCTCGAGGTATCAATAATGCACAACTGTTAACTTACATAGATTCCCTTCCAGCCTTCTGCAGCCGTGGAGAAAAGACTACTGCCAAATTCTCCGGAGAGCCCACCAGTTAAACCCATTGATCCTGTATCTGGCACAGCTCTCGTTTGCCACTGTTTGAGCTGTCTGGTACGCCCTGTACTAGCGTAGGTTGAGCAGCGTCCAGGTCAGGCCCCTAGCTGGGAATTGTGGAAAATAGTCATCTGGGCTCAGCCGAGGCTAACAGGCCGCCCCTTTTTCCGAGTTTTTTGTAAAGTCGGGAAGGACCCCGCACGTACGATATCTTTGTTTCGCACCTCCTCACAATCGGGTGATTCGTCCGCACTTCCCTCGATCCCAAGTGTAAACCATCCCTAAAGCGCTGTAGAAACACGGCTGTACGGGGCCATCTCTCGTGGTAGGTGAGTACAAATTGCGTTCCCGCATCTCGATCATTGGGTAAGAACAAGCGGGCGACGAAGAAAAACTTATAGCTCCCAATTTCCAAGCATACAGAGCACTAGTAGCACACGCGAGACCTAGTTGGATATGATAGAGTCAGGGAGGAAAGTTGCTAGCCGAAAATAACACCATCGACGTGGGTCGCCCACCTCCGCCCGTTGTAGCCTCGAATCGGAGCGAATATCACCTATCCCTCCCATTGACATAGGCGGGTAGGATGTTTGGTCTCATATGCGCAACCTTGCGTGCACCACCTAATGCTCTAGTCGATCCTACATATAATGCA,1589,50.66,Homo sapiens
SEQ_767612,TTGGTGGGAGGGGAACGATCCGTAGGCCGGGCGCAAGTGTCCTTAACCCGCGTCAGCTAAGACTAAAGGTTTTTTAACTACGTTGCCGGTGATAGGCTAGGCGCTAGTTAAAGTCTCTCCGGGTTATAGCCACCGCATAGAAAGCCGCGGTATGTAGCCTGGCGAGAGGCGTTTGGGGTCGACTACGTCGTGTATGACTACATCCTCGGCGTCCATCAACTCGGTAAAATATTGGTACCGCAAAGGATGCCAACTTCGTTGCTTTTATGAATGATCGAAAGACCCCGGGAAACGCTGACAAGAGAGCTATAGGGCCGGCGTACTGATTCCACTGGATACAACGCAGCAGATCCTTGCCGGGAATCCGCGCAACGTTCATGATCTGTGCCGTATAGTGAGTCTCATCCTTATATATCATTGGTGGCCCAAATAAAGTTCCGCACAGGGCGTTACCGAGCACTTTGCACCAATTAGTGTAGACTTGATATTACCATCCATATTGCTCGTCTTTAGTTTCTGCCTCCTCATATTTAGACAAAGTTCCATTGTGGCCGCGACAGCAAGCTGTCCGAACTCCCTTGCCCGAGGATACAGCTCGCCCGAGTGTTTGTAATAGCAAGTCCCTCTGACACCGCGTGTACCAGACTATGGCATCCGACATGCAGCAACACTAGTGTCAACTGGTGGGCCCCGCTCTTTCACTTAACCTCAACGGTCTAATACTCAACACTGTCTAAGCGGATGCTGATGGGAACGTAGACCCTAGATAGCGGCGGTACCGAGCGCCATCGGATGCTGTTCAGCTGATGTAAGACGATAACAGTTCTCCAGTCCCATGCCATCCGTATATTGACCCGCTAACGGTCTGGTCCGCTGCACCGTGTGCACGGTGGTGGCAACATTGAAGTACGTTATAGAGTATCCCCGGGTCTGAAAGTGAAGTCCCGCCTGGATGCTGTCGGTGGGGCTACCGCTAAGGGCGAGGAAGGACGGACTCGAACCGCGGGGACTGGGTATCAAGGGGATGCACATTGAACTACCCAGCGATTTCTCCAAATATAGTAGGTGGCCACTGAATGAGTTCGATTGTTTAAGTCATATTAGGACTCGCTGACGATCCTGGTACGTAATAGGCCATGTCGAGTGGCTTCACCTTCTAGAGGTAGCGTCGATTACGTCTTCGCTTTCGCTTGCGCCACGGACCGCGAACGACTAGCGGTTACTTGCTTTAGAGTCCCGCTAGTGTTTCGATGCCCCTGTGACGACTTTCCAAGTGCACCTACGAGGAGGAAAGCTGCCCTTCGCTGGCAAAATCTACGGTAGCTAATTTGGTGGGTTGAGACAAAGATACTTGAGCGTCGAGGCGAAGTGGGCGTCCGAGCCCGAAGGGCCTTTTACGGGCTACTATCAAGAATACGTACGACAGTGTTAGGCTGGTACGTCCTACCAGCATAGAAGAAAAACTGTCCCTCGGATTCACTCCTGGACTACCCCCGCACTTTAATGTCTGTCCTGGTTCTGGTGCATTAGTAAAGGACTTGCGAGTGGCGCGATATGGATCTGAAGTACTGCTTCGTCCCAGTTAGGTATACATTCTAGGCGAATTCACACATTCGGCAATTTGTTGTCGGTCTCAACATTAGGTTCAAGGTTTAGGAATGTCGAATCCTTTGGGAACGAGTCATGACGAATACGTGGACCTATCCCTACTGAATACTCTTCGGCGTCGCATTACGCTATATGCGAACCAGAACCTAACACTTTGGTCCTTAACACCGACATTTGGTGGCGGCCCTCTGGATTGCTATTACCCGGTCCTGCTCTTAGGTGATACACCCAGAGCACATCCGGGCCTGACAACTTTTCAGGTCACCCAAGGCCCTACCGCA,1889,51.61,Mus musculus
SEQ_659347,TGGAGAGTACGTTATACCAAGCCTGGTCGCCTTCCTATCTCATTCTCGCGAGACAGACACCCCAATAGGGTGGCGAAGTGTCACCTGCTGATCGACCTTGCGGCAACAGATATTAGTTAGGGCTTATCATCTGGTGATGTAAACCAAACCCTTCATATTCACATACACTTATCAACCAGGAGAGTGAACCACAGGCCCAAGTGTTCGCCTGAAATAGATAGGCTTTGTCGCCCTGTCTTTTGATTCGGACAATATATCGGAACAGAAGAAGGCGATAGGGATTGGCTCAACATCTGTAATACGACACCTGGCACTGATATGCAGCTTTTCGCCGTGGATTTCGGCCCGAGGCCATATGATAAGGCCGCGTGGCGTGGTGTACACTACGACACTGGAATTGCTTAGTCCCTATAACTGTATCGGGATCTTCCTCGTATGCGGGAGCTTCCGAGCCGTCGCCTTCAGATCAGGAGTAGTCCCTCGGAGGAATACGGCTTGGCACTTGGCTCCGATGGATGGTACGAACTACGAGGATGGTGATTGCATCACTGTATTGCTAAACTTCCGACTCGACGGCGAAGGGTCGTCCTATTGACCATGAAATTAGGGGCAGGACGCACTTCGACTCCTGAGGTAGACTGTCCCTCAACCGCATAGTGTGGGATCATTTTAGACCTAGAAGTCCAAAACCGCTATGTGTGTAAGCACCCGTATGATGACGTATGCATCTCAATCATAATTGCTCGAAGCCAAATACATACGTGATGCGCCTGCCCAGTTCAGGTCCAACTCGGCTTTCGCAGGTTAATTTAAGCCTAAATGGACTACCCGAAGCACCGGGCCCAATTTGTAGGAAAAGTAATGAGCTGTACTTCAGAGGACCACGCCAGGTGACTAGGGTGTGCGTGCGCCGTGCTGGTCCCGGGGGGACCGAGGACACGGGCGAATCGATGCTCAGTTGTGCTGCGACGTCATGGATACCCCGTCGCGTTCTCGTAGCATATAGGTGAAAAGATATAAGCAGACTCTAGTCTGATGATGTTTTCCGTAGGACCAATCTAGGCTTGAGCCAGGCGTGGTCACGGAATTATGCCGCGTAAATGGAACAAAAAACCCGGGTTATTCCCTTAACGGTTACAGATGTCCAGGGTAATGGGTCGGAAAGATAAAGAGGCGTACCCTATGACATACAATCCGAATCCCCCGCCGACTATCTAGTCGATGGCTGCTAAGCTCTTCATATGGACCTCGTCGAGGTAACCTCTGATTTAAGAGCTTGGAGCTGTGAAAAGCACGGAAAATTAGCAGTAAAGATCAGCATATTTACTGGTTTGGGTACTCAAACATTCAGACTCACAAATTGCTAGGCGGCCCTAGGCAATGGTTGGGGAACAAAGACAAAGCCGGTGGAAATTTCCTTCCTTAATGCCAGAACCAAATTGGCAGATGATCGAAGCGCCTGGTTGACCCCCTTTCTACTGTCCTACGTGATCATTCGAGCGTGTGTTAGAATTTGTGTAAGGCTTGCTGGTCTCCTTCCGAGCACAAGTGCCCTCTTTACTTGAACCCAATGGGTAGAATCGCGACGTATGGGACGGTTCCAAGAGGTGAACCGGGAGGGTTACAGGATGTACCCTACGTTCTGGGGTCTAACCCA,1657,50.15,Arabidopsis thaliana
SEQ_853231,CCTTGCCTCTGTCCAAATGAACCGTGCGGGTCAATCAATGTCGAAACATATCGATCACAGCCCTAAAAGCCGATGATCCACTAGTTGTTCCGGGGAGCGAATTTTCCTGAGCACGCTTAGCCCCACCTAACGACAGTTAGCTGTCGGGCAAAGGAGAATTGCTCGTATCGAGAAAGTTGTATGGTTTCCCTCTACGGCCGGCATGACGAAAACCATCCCGAGAGATGTAAGCCTTATTTTGAATCGGGAGAGCAACACCAGCTCCCGGTTCGTCTCAAAACCAGGAATCTGAGAGGCGACAGAGTCCTACTCCCCGATGCTACGCCTGGAGGGCCACCCTTTAGTGCATTCGATCTCTCAAGACGACCAAGAAAAATTTAGTAGACATACGAGCTGCTGCCGAATGGCGTAAAATCAGGCTACCAGGATATCGCAAAGATCGTTGAGGTTTCAGACATCCCCAGTCCACGGAACCTAGGGCCTCATTATTCCCCCTTCGCTGTCAGCGATTCGTCATATCAAAATCGATCTTCAGAAGTCTTGTGGTGAGCCCATTTCATGTGGACACTATTCAGGGCTATACAACCATGGTGGATATGTGACCCACCGTTTACTGGGGTCCCATGGCGATATCATGACCGAGTGATCCTTACATGATCGCGCCCACAGACACTCCTTTTGGAGTGCGCTTTTTCTGTAGTCGTTTGAGTTTCGTGAATGACGCAGGGAGCTGGCGTACTGACTTCAAAGGCCTCAGTAGCCTCGGTGTGATGCCTCGCTGAATACGGATTTACCCCACCGGTCAGTTCCACTGATTAGGAATGCAGCTCGAAGATCATGTTAAGGCGGTCGAACTAACTCATGCCTGCCTTGAATACACCTGCTCTATTCTCAATTGTTAGACATACATGGGTGGGTGAAGATATTTAAAAGCGGCCCCCCGGCCGTACAAGTAATAAAGTTCCTAAGCAGGTTAAGGGCCGGGGTGCTGATATACCAGTCTCATAAAAGCAGAACGGGAACCCTTGTCACATCGAGAAGCAAGCAGAGCCGACTACGGCCCAAGAGAACAAAATCGAGTTTGGCAAAGTAGAACATTATCGAGTCAGTTTTGGCAGAAAATGAACCAAGTCGGTTCCTTTCACGCATTCCTCCCGATACGGCCCGCCCGGCTTGCCGCGAAGTTGCAAATCGAGACGGGGACGTTGGCTCGAATCGGGCGTCCCTTCCGTTTATGACTATAGAACAACTTCGGTCCGTATTGTTCGACATAGGTCCGCTTTGTACGAGGCAGTTCAACTCCCGACTAACTGCGATAACTATGTACAGCACGGAACTAGCCTGATTCTTACAGAGCCTGCTACCAAATTAGGGTGATAACTGACACCTCATACCAAAAAGGGCAATTAGTATTCGTCATCCCCGTAAGAAGTGTCGTCGACGACTGAATCGGACGGCGGCCTGAAGTAAAGGTCATGTTCCATTGGAGTTAAGCGACCTTGGCATTAGACTTTGATTAAAACAACGGCCGATCTGGCTGCTGAGTTGTCCATAAAGGGCAATCCACACATATGGATGATTTCTAGCGCCTGGCTGCCAAGGCAGCATAGTGCCGACTTCACGACGGTCCCATGAAACAGCTGTTAGCTTATTTGGACGAGGTGCATTGGGACACTTACGGCACTAGCTGAGAAAGATATACAACGCTCCGGAGCGGGGAGGAACCACAGGTTAGAATTATCCTGTGTGATGAATCTCACTCCGGCGAAAAGAGCTGCCATGCAGCACCCCGGAGAAATCTGCAACCCCGACGGTCGTCAGTTTCACATTGTCCACAGTTTACTCAGTTCCGATCATCCTTGTGGATCGATAAGAATAAGATAAGTGTCAAACCTACTACGTTAC,1905,49.71,Mus musculus
SEQ_436783,CGCAGTCTTTGCGCCTAGGAACAGAAGCCAGTTGCTCTGCGTGATATACCATTGCAGTTGTAGGTTGGCAACAACAGTGAGGTACCCCCCGCGGTACAAGGGTTGTAATTCGGCTGCGCATCATGGCTCGAGCCCGACGTCCACGCACGGCTTCATTGGGTGGCGTATTTGCCCCACACCGATCGGTGCACTTCATATGACTACGCGACATAGCGCCCGTCTCTGCAGTTATGCATTATTCTGTGTTTAGTTGGGTTAGAGGCCGGGGCAGTCACCCGTCCAGCTTACATACCGTGTACTGCAATAGGGCATGTGTCCGTCAGACCAATATTCCCGGGTTACACCTGTTTAAAAATATTTGCCTAAACTGTTCCA,375,52.53,Drosophila melanogaster
SEQ_184680,GTATCGCCCGAACTTCGGATTGCACTCCTGGTGACTTTCCGCAAGATCTTTTACCTTGTTGAAGTACAATGCTCATCAGTATTAGCTGTAATCGGGGATTCCCTTGTGATTATAGAATTTATGCTTTGACGACAGCCACAGTTTCTGTCTTTTGCGGTGACGCGGTAGTATACGATACAGACAATTACCCGTTCCAGTTGTGCCCGGACACGTCTTTTGCGACCACACTGATCCTGTCGATGCCCTTAACACACCCGAGTATGATCTTTACTATTGTTTAGCATAGGACACAGTCCCGTAGTATGGTTGACGTTGAATGGAAGCGTGTTACAGCCCAACATCTTATTTAAGCCGTCTAAGATTCCCTTGAATATGGCTTGTAGGCGAAGCTCTGTGGGGGAGTGGGTTGTGCCCCCCTATGTACCGAGAGCATTTTTCACAGTCGATCGGCGTCATGTATTAGCGGGTCACCAGAATTCTTGCGAAACCTACTATCGGGTTCGGAGGTACCCTCAACCTCTCTATTAGCGAGCAATACTTAGGTGAAGACCAGACAATAACTATGATTTAGGTTCACCCGCAGGGCGTTTAGGTTGTTAATCAAATATCCTCTTCGCTAAATACTTCATATTGCTCTTATCACGTTTCGTAACGGCGAGATAAAATGTGTTCGTCCGTTGACGGCTTCCTCAGCACTGCAACTATTAACGAACGGTTGTTCCCCATGAATCAAGTCGGGCCAACGGCCCGAGTTGCGACTTTGCGCGGTCGGCCATTCCGGATAGAAAGACGCTTAACCCTGCCCAACTTTTCAACTTCGAGCATGCTCACCTCAAATAGAGAGGGCGCGCCATTATCTGATTTGAGACAGTATCCATTTAGCTTATCTGTCGTCTGGCCTAAACCACGAGAACCCTAGTCTGACAATCCTTCTGCAGAAATGGAATGTATGTCGGTATTATTGGCTCTGATGGCTCGCGTGACCGGGTGGCGGCCCTCTGTTGTAAAAGATATCCAACTTGTATCGAGAAGCGTCTTATAATTAATAGGATGTCGACCCGGAGTCGGTCACGGCTGGCGGTACGATTGATATCAACTTGAAACTGGTATAACTAGAACCCACCTTACATCAGAGCTGAGCGGGAGCGAAGAGATGACATTGACGGCCTCGCGATAGCAATCTGCCATGAGTAGGATCATGGAACACAGGGACAGACCCTTGCACTGTTGGTCATAACACACCTATGAGTATTGCAGGCATAGTAGTAGCGACGCCGGCCAAGTGCTGTTGTGTTTAAGTATACTGCCTAGTGACATCGTTTTTAGGGGGGCTCCTTAACCCGACTCGCGAGCCCCTAACTGAGACTCTAGGGGTCCTGCAATCGTTACTTCTGTATTCAAATACTGTTGCGCTAATCATTCTGTAGTGCACTCAGGACGGGCCCGATGGGAAAATTTGAGCCTAGTTGACACGACTCATGCGTGAAATTGTTGTACCGCTCAGTATACTACCGACCTGGCTCGGACAACGTTACCTTCGCAACCTTGCTTTAGTTACGGAGTTGCTGGATCCCGGTGACTCATCGTAATAATTAGTCGTGTTATTGGGCCAACGTACCGCACAGGAAGATTGCTATAACATTGGGAAAGCCTTGGGCAAATTGCGGATGGAAGACTCGTACGTAACACACTTAACAAGTTGG,1703,47.92,Saccharomyces cerevisiae
SEQ_375573,TAGCTAAATGGGCATGGGGGTACGATGCACCTTTAACATCATTGGCCACCTTGAGCATGTTGCACTCTTACTATCCTCGGAATTCTAAACTGCCATGAGTAAATCAATAAGAGCATGGTCCACCGGTTTAGCCTTCGCTAGCCGCTAATAGGCGTCCGGCTTAATGGGCGATGCAGTTAGGGCTGCCCCCATGGCTTCTGAAGTCAGGGTTTGGCACTGCAAGGGGTTCATTTAGACACTGCTCCACCGCCTCTTGGGGGTCATGCCACACATGAGATGCTCGACACTTGCAGCGAGTGCATCGCCGATTTGCGGCGGCCCCACCGCCGGCTAGTAAACATGTTAAGTGCAACGTACATTCTACGGTTGTCGCCGTCTGGGAGTTTATCGCTTGCAACGGAGGCAATCAATGAGTAGCGCTTTTTCAAGTTTCTGGGATCCAGCGCGGCAGTCTTTGGAGTCCGCTTAGCCAAAACTTAGAAGCCGTCCCACTAGGAGTTAATTCTATGGATACAAAGGCAGCCCGGGTCCCTGTCAAGCGGACAGCTCGTTTGACAAAAAGACCGGACTGGCCCTTTACCTTCGCGGCTCCAGAAACGCGTGATGCAGGGAGTCAATACGATGAGGACCCACTGCTAATTGATTCATACTACGACCGGTTTAGCGCCATGATTTGTAGAGGCATTCGAACAGGGGACGCATACCTCAGGCGTACACGCGACCAATCAGCGGTTCCCGTTGTGCATTAGCCGAGAGTTTACAAATAGAATAAACATTTGATCGTCGACCCAATGCGGGTTCTCATAATACGAAGAGGCTCATCGCGCGGTCGGCTTACACCAGAGAGCCATTGGCGCGCTATAGCCCTCTACTTTGGAGGCGGACGGCCCCTATCTCTTCATGCGAAGAGTGGCGGGTATCCATCCACCCGGAGGCACATAGGCTACTCTGAGGAAGAAATCACTCATCATTGTCATGAAGAGCCTTCTCTGACTATTGAGGCCCGGTAGGTTAGGCTGGCGATGGGCGGCTACACTCCCCGCCCTGCATGGATAAACGGCGCTAGCCACAGACGGGAATCAGTCTCGTACACGAGCAAAATATACGACTTGGAGCGACCTCTCCTTTGGAAATAAATGCGACGTCGCTGTCTTACATGAGATGTACCGGAATGCTCCATTTTGGCCGTGATCACTTAGGCGGTTCCCTGCGGACCCGAAACGTAGCCTGCCGTGTTGCAGAACGTCGGAACTGAAGTTCCGACCTCTGAGTTATTGGTAGTGCCCATAAGCCTGATCAAGTCTCTAAAGATGAGAACTTGTACCCGTATGGGACCCGGG,1340,52.84,Caenorhabditis elegans
SEQ_162819,GAACATCATGAGGGGTCTATACTGACGTCTTCAGTAGGACCAGTAGCTGCGGAGTTATCGATGTGCTCACTTGCTACCGCGTACTCCAACGCAGTTTGGGTTCTCCAAGATAAGCTGCTAAACGCTTTCAGGTTAGGATCTCTGGCACTATGGGGGAACACAGTCCCTACAGTTGATACACAGCGTCTTTATTGGCCCTAGAAAGGCAAAATACCGGTAAATGGTGATAGCCGCCAGGCAAATTGACATTCTTACAACGTTGGCTGAAGCCGCCTCTACTCTACATTGGCAGGCACCGTACCGTTTCATAACGAAACGATCTTCAACGCCTGTTAGCTGTCCTCCTTCAGCGATTTTAGGAACGGGGATTTGTTGCGTTTGACCGGGCCGGGCCTCCCGGGTAACACTCTGTAGGCAGGTGATTGCTGGCTTTCCACGATTTTTCGTTGATATTCATCACTTATGAATACAATGTAGGTCAAGACACTCTGATTTTTGTAAGCAAAACCAACGGTTTGCACGACGCGACGCAGTCTACAAAGACGAAAACCTTTGACCCGGTTCTTAGTCACCTCTGTCTTTTCCGCGGTTGACTCGTCACAAGTCATGCCATTTCCCGGAGCTATCCAACCGTCCAAGCTCCTGATACTCTAGCGCGCCCCCTGCTCATTATATGGGCCGCGTACTTCCCTTGTAGGGCCCCGGTTAGTCAAATTGTGACCCTAATAATCCGCCCAAGCAGACGCAATCTTGGAAGTCCAGTTTCGTCTTCACGATTACATCCCTTTGGAGTATCTTACCCCCGCAATTCTCCCAAGCCATTGACCAAGAACACCTCCTTTTCAGAAATCGGCAATATAATGAA,865,49.02,Arabidopsis thaliana
SEQ_565206,TACTACAGTACTAAAAGAAAGCACCCACGATTTCTGGATGCGCCGTCCAAAGCCGGCGAGGCGGCGCCCGCGACCACTAGCGCTCAGCTCCAAGGCTTCAGAAGGCTGGAGAGCCGGTTTTTACACCTAGCGAATGGTCGGGTCGAGGTGTGACTACTCCGCAACCTTTTAAACAGGTTCCGATTAGACTCGGCCACGAACCAAAATATGAGTATTACTGGTGGTCATTTTG,232,53.02,Caenorhabditis elegans
SEQ_691161,TCCCTTGCGAATATCTGGGTCATTTGGCAATCTAGGTCACACCGTTGATCTCCCACTTTTAGAGCGGAGCTATACTACTAATACGCAGAAAGGTCGGGCTGGCATAAGCTTTATACCACTGCGACGCGGGCCATATCAGTGCATAGATGTCATGATTACAGGCAGACTATTGTCTGTAGGCCTCTCCCAGCGCTTGGCATGTGAAACGTGTCGATTCGAATCAATTAAGGTAACTTTCCTGAACCAACGTGTTGCTTCACTCCTTCGTCCGAGGCGCCAACAATGTAACGCGGCCACCTCTCTACTGAAAAGCTGAACTCCTTATGCGGTGTGACGGTTCCAGCGAGAATCCCTCTGTGTCATAGTAGCTAAGTCTGTTCGGGGAATGCCCAATAAAATACTCGTAACGTCTACGTCTGCTAGAGCCGAGTTAAGGAAACCGCACGAGACCCAGAATTATGTCGGTTTGGGAAGGCAAGTTCAGAGGGAGCAAATAGCGTTAGTCAGAATCTCGAGTTGGCAGAAGTGTGAAGCCTAGGGGCTGACGTTACGCCCGAAATGTCATGTTCGCAATGCGCAAATATAATAAACTTTTAGATTAGACTAACTGGCGAAGGAAAGTCACTCCAAAATCTGCAGGATGCCCTCCTACAAAGACCGGTTCGGACATAGAAGCGTGACCCACCTGAAAACGTACTATGCGGGCACGCAAAGGTAAAAGTGAAGCGCGGCGGCTATCCGGCGACTCCGCATAAGAGTCACACAACTAAGAAGCTCCACGAGGTCTCCGTTCTCCTACGTAAGATAATCGAGGAAAATGATATAATTCGGTACTAAGCGGGATACATCTGCTTAATCTCCACGTTTAAATGACCATTCAATAGAAGTAGAAAGAGCGCTATCGGTTGTAGTTAAAAGTTCGGACTCGGATACTGCAAGTCCCGTATGCTGCTGCTCCCCACATCCGTTCTATGAGCAGAGCTGTGCATCCAGAAATGCGGCGACAATTGCCAAAATGCAGCAGTCAAAACATTTGTGCGGGAAACGGACGTGAAGACAGGACATAGTTAAAGAGCGGAGAAACTCCGTTCATGATGGGCT,1101,48.23,Homo sapiens
SEQ_901045,AAGAAGGACTACCCCGCAGCCACGATAAAACCTGTATCCTGCAGCCAGTCATCTGGAAGGTGTAGGGCCCTAGATTCAGACTGAAATGTAGCGTATTCCGCTGGCATTCGTTTACCGATCTAAAAGCGATTACTATAGGTCACGGGTACATCATCTGCAGATTTTTAATTAAAAATACACGACCGCTACCCCCCTCGCTCCACTTTAGATCCCGCAACGAGAGGCAACCGAAGGAGGACCAAGGCAAGACCTTGGCATAATACTCTAAAGAAGATGCAAGGTGTATGGAATGAAAAAGCTCCCTACAGATAAGCTGTGTATCTGCGACACACTCCCACAAATCGGAGATTTAGCACAATCTATGTCTTACGTGCGAATCGTACTAAGGGCCAAAACCCCAATGAACAGACAAAAGGAGGTAATGACCCGTCATGCTGGTTACGAAGTGAGCCTTCACTGGACCGTCGCTTCCTACTGTGGGTCGAGCTATACTAGCAGCAGCGCAGCTACGTCCGCAACTAAAACTTGAACGCTCTCCTGCGTAAGCGATCGATTAAATCAAGTTGTGTATCACCGCGTCACCTTCGAGTTTATGTCAAGAGTGTCTGTCGCTTATTGTAACCCCCCTCACGAAGACACCGATACTGTTGCCTCGCTCAAGGTGTAGTACCCCCGGAAACCGAAACGCTGTATTTGAAGACTGATATGGTACATCCATAGAATACGCCGCCTAAATATTCATCGACTCATAACCGACCCCGTGAAGGCTAATGCCACACGTCTGTGACGTCCCAGTCTAGAAAGATATTCGGCGTATTCGATTGGACAGGGAGCGTCAAGCCACTTGGGTGTGGCCAGTTTATCTTGGATATCCTTCGAGTTAAAATTATATCAATTTGTTATCCCCCTGATCAGCACCGTCTGGGCCAACCCCTGCGGACGCGGTTGTTTAGGAGACGCCAATCGCACTACACTGGTGAGGCACAGCTAGTCATTAGGTCACACGGGGACCGCTTTCTCCCATCATTTGCGCAGTGGCGTGTCCCTAGCATCAGCAATGCGAAGTTGCACTGCGCGTCCATGGGGTATAGATTGCTGGTGACGGACCCCGGTCCCCTGAGAGTGTCGGAACAGTCCCATTTGGAGGTATACTGAAGTTGGGACGTTGACTGACGCTGCATCACCCGCAGAAGGTGTCATGGGTTACCAATACAGTCCGCATAAGTAAAAGACCGTTCCTCGACCAGATGCGGAGTCCCCGCCGGCACACTCAAACGGTAGCCGCGGTGACCTAGATCCAGTTTGGATTAGTGATGCAATACCCGGTGCCGTGTCTTAGAGTGAACGTTGTTTCGGAACAGTTTACAGAGGTGAACCC,1378,50.36,Drosophila melanogaster
SEQ_198598,ATTTGTCGTTAGACATGGCACGGGTGAATATTCAATGGAGTCTAATGCTCGGTCCGCTTGAACAAAGCTCCGTGATCCTGTAATAGGTCTCATAGCATCAACGCCCAATAAAAGCCTGACTTGTCGAACGATGTGTGGTGACCTAAAGATTAACGAACACGGAATTATTTGCTTGCTTGACTGCTTGCTTTATATGGTAGGATTGGAAACTCTATATTCGGACTAATCGCCACGTCCAGCCGTTGACTACTTTCAGCACCGCCTAAGTCCTGAGCATAAGTTGCAGCAAGGAAATGAGGCCTAACTATCCCTCCGCAAGCTCTGGGGAATTGAGGCTATCCATTGTGACAATTTATGGCTTTTATCGCCTTTCAGGGAAATCGATATCGCGCCATACCTCGGTTTCCGATCCGCGCCGGAACTGTTCAGTTTGGTAATGAGCTCACGTACGTGGTATCAGAATCACTTGTCCCCCCAGAATGAAATCCGGTGTGTTGAGCCAAACGAGAAGTAGTCAGGTGTCTTGCTAGGAACAATTCTACGCCCGTTGGCGATCAATCACTCTAGCTCGCTGACCCGTGGCATCAGGTTCTTATCGACAGTAGTGGGACATCCATGGGACTTTCACGTTACCAACTCCCTCGCGGTTTATGAACACGCTCGTCCGGCACTCTTATCCTTTTAAGTATGGACGGGGAGTAGTCAGTACCACATTAAAACTACACCCAGTCTAAGCGGATAAGTCTTAAGGGAGGCTTCGTTTCTCGCTGGTCCGCTATAGCGACAGATTTCGCTTGAAGCGTCGAGTTGAGGCGGGTGTATTGTGGTGCATGGCAAACGCTTGTACGTTTATTCTAATATACAAAAACACAAGACTCCCGAAGAAGTCCAGCATCTCGCTAGGTATTTAAGCCTGGTCCACTTAACAACACGGAGACGCGCCGTGGCCAGACCTACGGAATCACATTTATTGGGATGAGGGGGTGCACTCACGCGGGCAGGCTCGGCTCCTCCCACAGCCATAATATCGTACCAACTGCCGATCGGGCCTACGCGCTAAGCGACACCGGCCGTTGGACTATGTTTATAAGCGTGTGACGTGTTAATATTCAACACAAGACGGGTCAGCGTGAACTGCCGAATGGATTTTGCGCTATATCAGGAGCCACATCTCTCGCAGTCCACCGTTTGAGGCAGGGTGGGAGGGTCGCGGGCTGCACCCGCGGCTCCGTCCTTGACCGAAGAATCCACCCACCATACTAACGGCTAAGATGGTGACTCGGACATCGAATACAGAGTCCCTGTACTCGGCTCAAGATTGCATCATTTGAATTGGCTCGTTAGCGTGTTTACCCAGCCCGAGTTGTGCTGAATAACTGCTGCTCGTGCGTTTTGCCCCCAGGGGTTGGAAGGCGGTCCCTCTCGGCGGAGTCGAATCCGCTAGAATCTCGGAGACCAGAGAATCGCTCCCTCGGCTAAGCCCTCTGAGGAATCTCCTCAGTAGCCTATGTTCTAAAGTCAATTGATCTCGGGAGGCGTAATTTAGCTTGTTTGGCGGGATCTTTCTACAACATCTCTACCCATGCTCGTCCAAAGCTCGCCGCCGGCCCACTCGAGTTTGCGCAAAAAAAAGCACTGAGCGAAACAACATTTTTGCAGAGCCCGGTCAAGGCACCCGAGAAGCGGCACAACTGTCGTGGCACTATTGCCCGTCACGAACAGCCTGAGCAGATACAGGGATACAACT,1747,51.12,Saccharomyces cerevisiae
SEQ_366127,TCACATATCGAATAGCGCTCTGTGACTGAGTACAGCGATCCGGACGCCTGGAACGAAGATGTTCGTAACGCGGTTATGGGCATTGAACGAACCCGCTTACCGTGCGTCTTGCATTTGATAAGCCCTATATGCGGTGATTGCAGAGAACGAGAAGTAGTCGTCACTGCCCAGGCAATCAACAGCGATACTACACGAACCGAATTCAAAGTTTGTAACGGGGGTGGATCTCATCGCACGTTTCTGACGCAACTTGGATGCCGAAGTGCCAACTAAGACATGACGATTATCCTATAAAGTTAATCGAGGCGCAGGGCATTCGTAAATGACTCATGAATTGTTTCAAGACTCCCCGCGGGGGTCATCACTGGCCGGCGGTTCCGATGCTCCGGTCGAGCCGACCTGGGGAGAATGGGGATCGACGATTCGCTATATTCTATTACTAAATCGATTTAATGCCGATAGTTAAAGGTGGGAGGATTCTTAACCGGCCACCGAATAGTCGTGCCGAGAGAAGAAACCTCAAGATGACGCCTACGTCCGGAGGCCACTCGGTTAGTCGATGTCTCGCTATTGAAAAATCGATCATCTGCTCCTTAAATGTTAGTCCCTAGAAACCGAATCTGTCGCGAACCTGAGCTGAACTCAAGCCAAGGATGTGGTAGATGCCCCCGGTTGCAGTAGCACTGGGCTAAAGTCTAATGCGGACTGCCACTTACTGGAGAGTGAGATCGCTCTGAAAAGTATAGGACGACTGCTACGTGTACTTCTAATGGGTAACGTCCCAATAAAAACTACTTTCAGGTTAACCCCGTACTCCCACATACGCGTGTATTCCAAGTTACGATGGTACACTTCCCCGTACGGGACCCGCACAACGCTAGTACCTGTATAAACGATTCTCGCTGGCGAGAATGACAGGTGATCGTTAGACGGTTGTTGACGTCAACCGAAGCAAACCTCAACGTCGAGTGTAACTGGTCAGCAACCACTAGGAATGAGGCGGACGGGGGCAACAACCGGTCGCAAG,1027,50.34,Saccharomyces cerevisiae
SEQ_985425,GGGTGGTCGTCATTATATTCCGGGTCTGGATAAGGGTCGTACATAGCCCGACCATGGTTTCGGCCCTCGTCCCAGTCCCATACTGCAGTTTGTCCCTGTACAGGTCATTGGAGATCGTAGTTGACGACCCCATCCCAAAGGGACGTTGCAAAAGTTGCCGTGTTGCTTTGACGACTGACAGGCGTGTGCACACGGCGGCGTAGCAATTGACCCCCGGGTAGCACTTGTGTAGAAAGACCAGGGACTAGTGGTCAAAGACCGACCTATTCTAAGAATGGCCTACCTATGAGGCGCCAAGGGTTACACGCTTCGTGTTTTAGTCGCCGAATAACGGAACTTTCACTCGGGAGCCCATCGCCCGAAATTATTGACTGGACTTCTGAAGCACAGTGACGCAAGAGAAGTGCTCCAGCGTGTTGCCGGCTGGGGCCGTAACAACCTTATGTATGTTCGCAGACTTTCCTACCACCAGAATGGGTACGACATGGACAGTAGGTACACACGGGACAGCTGTGGGGGCAAACCTGTCAAAGCAACCTAAAGGAGCTTTGAGCGACAGAGGAATTCGCCGTTGCGCCCACCTTTAGTGTCACTTCAACATCAGGAAAGTCAACACGAATTGTACGAAGGTGGAATAAGCGGATGGTGAAGATCTTGGGGATCTTCAATGTTCGTTAGCGTTGTCGGCATACCGATTCTATGAGATATGCCTCTGTCCTGGTCTATGGGTCGCCTCACAATAAGGTGGTACCTAAGCTGCCGCGCAATTGCGCGCATTACAGAGGTGATCTATATCAGATCGGCGCCCGAACCGCGAGGCACTCAAGGACGGAGGCAACCGGCCCGGGAGTGTTTGATTGAACAAGCATCATATCGGGCTTAGCGCACAATTTGGACTCTGTATCTTTGCGGACTATAAGTCACCTTACCAGCGGGGTATTCGCACTAGCTTCTATGAAGTATCAACCTTCACAATAATTAGACTAATTAACGCACGAGTTGTCGCAGCAGCAGGATTCCGCAGAATCCCGGATCGATCGGACCCGATAGATATATGTCAATTCAGTGTCCACACACAGTGTATACCATAACTTTCTGGGTACACGGTCATACCGGATTTTGGCCGCGGCCTGGACCCAGGGTAAGTCGGACCCTTAAAGCTAGTGGTGTGTTAGCGTTGCTCCAGGCAACCTGGGACACCGGCTTTGCCGCATTACCCAAGAGACGCTGCAGCTGTACAAGGGGGCTATAATATCCGGGATGGGGCTTGATTGAGCCATTACGGTACTAAGATAGCAAAGTGCTCGGAACCTACCGGAAAAGGCCATCTTCTCCCATGCAGCTTGGCCCTATCCTGGCCCGTTCTACCGTGTCGTTATATCCTTCGTCGATTTTTGAACTATAGATTACCTACGTCATTCCATAAATCCGTTGGGTCGTCTTAGCAACAAATCGTTCACCTAGCTGATTTATCCGCGGTGATGTGACCACCCCTCCATCCCAGTCCTCCAATTTCACGTAGGCGAGCCCGCCGCCTGGCTTACAGATTGAACACTTCTGGTCGTCGCTCTCAAAACATCTTCTTTCCTCGAAGCAGGAACTTGACGGCGCCCCGCTGCATGTGCACTCTTATGAAACGCATGTCCCCTCTCCT,1654,51.81,Mus musculus
SEQ_269803,TCGTGCCTTGCTACGTGGGTAAGGAAGGATAAAGGCGCGCTTTTGAGACGAGAACGCCGTGAGCGTGACGCCCTTTACATGCGAGTGCCTTCTCAACGGCGGGCTGTGTAGTCCTGTTACGTTGTCTTAGAGAAACCGTAATGTACTTGTGTTCCTTAGTTAG,163,51.53,Escherichia coli
SEQ_770920,GGCCACTCTGTATCTCCGCATCTGCCGAAATCATTGCACCGAGTTCCTTAAACCGCGGCCCGCAGCACGTACCCCCGAGATGTAGAGCTATAACCCGTTGTTCGGAACTGTTCGACGATGTACGATTTGTGTTGCCGCTAACTAAGACCATTATATGATCGATGGTGTGTGGAGATAGCCTAGTCATACCCGACCTATCTAATCTTTCAGGTTTCTTCGCGCTGATAGTGCTCACTAGCTGACTCTACTCGCTCGATCAAACGACTACTCACTGACTTTCGTGGGTCCGGGATGTTGAATGCTTTAGGGCACCGCCTCATAATATCGGTCCCTAACTAATTGATGGCTAAACCTAAGAATTGTCCGTTACCTATATTCCAGCACGTAACGCGGATTTTTAGCGGTCCCCCTCCTTAAGAGTCATGGAAAACGGAGATGGGTCTGTTCTAGTATGCCCAACCCGGTCTAGTCGAACAAATTTAGGCAAGCGTAAATCAAGCATGTTCTGGAGTTGACGACAATGCGTCGGGAAATCCTACTGCCTGAGTGTTTTCGGCCACATGCACGCCGATTCAAAAAAATAACGACCGTTTCTTCGCACGGGAGAGTGACCGCATTAGAAAAGATTACAACGTTGAAAACGGGCCAGAAGCGCAGCAACCATGTACTCGCGCAATTCGACCTTTCTAGACGGAGAATGGGACCCCTGTTCTCCGTTTCCCTCAATATGAAAACTGACCAAACGATAACCGCTCGTTTCCTTGCGTCCTCAAGACTGAGAACAGGATCCGTTTGGTAAACCGCAGCCGTCTCACAACGCAGCTTATTATCACCTCCGGTAGAGGAAGTTCAGCTATGGGGCTAAATTGTAAGGTCCGAGATCAGAAATGATTTGTTTACTCAATGAATCCATGGAACTTAAATCGAATGCCTAGCTTTTTGACTCTTTCCGGCATCCGATGGTATCTACCCAAAGGTTATGGGAGAGTAACTCCCTGACAACTGTGCGTTGGGAGTGGGGTAGTCTTGCGGTGGCTCTTACTACTCCCGAGCTGCAGATTGCTTGATACGTTCCTCGTTGTTTGAGCGTCGCAA,1095,48.49,Mus musculus
SEQ_323458,CCTGGGGGACTTTAGATGTACGATCTGACTACAGTTTCGCGCCCAGGTCTGCTTCTGATATTCCATTGGTTGCACAAGCAATGGTACTAGAATCGCAAGGGGCAGTTTCATCCATTAGCTTTAATAACCAAGCCGCTTTTTGGAGATAGGCAGTGCTGTTCTGAGCCGCAGTCGCGGGTCTAGAGTTGGACCGGCAATACGCACGCACGCTCAATGTCCTTTTTGGTCATATAATCCCATGAAAGTCTGGAATTTCAACCCGAATTTGCGACCGCGTGAGAACGCATGATTAGGCATACGACCCTAGGCTGAAGACGTGAAACTGCCTTCGTCCTATCTTCAATGAGGTTCGAGCTGTTTGCCGCATCGCGGATCCTAGATTGCATGCGGTTTGTCCTGCATGGTAAGCAGTTACGTGCCGACTGATAGTAAAGGGTGGAGGGTTCAAGGTCGTCGAAGTTGAGCAAAGCATCGTAGGTCTCTTCGTCCAACTCGTTCGGTTACCAGGGCGGATTGCGACGGGAATAGCGTAAGCGTATGCACACGAACATATTTGCGAGCCGAAAGTAAGGGACCGATAGGCCACCGGATGTTGGTCATAGACGTCCTATTTAGGGAGCGGAGTGGCCTCTCAACGTCTGGTTCAAAGCCTGACGCTGGTCCGATCACCATTAGAAACGTTGGTCTGGCTCTAGTTTAGTCAGGGGATTCTACAAAGTGGATGCATCGTGTCCGTGCTTTTACTAGAGCGGAATCAGTTTATCCTGTAAATGCCCTGTGTGTGGACTTAAGCAAGGAGTGCTCAGGAATCGGAGCCCAAGCTCAGGCTCCACCACCCTATAAGCACGGTCCTGGTTCGGGCCAAATGAACAAACCACATAAGGCCTTGCGTGAGGCGCCGTTCGAGGAACGTGATCCTATATATCTGTTCGCGGCTAGTTCAATTACTACTAACGTCGCCGTCACTGGTAGTACTCCACTTGCCGCCGCTTAGATGGACTCGGCTTGAGTTCCTCATTATACA,1024,50.88,Homo sapiens
SEQ_858584,GACTGGAATGGAAACTCAACCTAGCTTTCTATCCGGGGAGTTCGCGAGCAATAGTAATAATGATATAATCCCGGTGCCAGAGAGTTCAGCTCGAGCAACAGACCATAG,108,47.22,Caenorhabditis elegans
SEQ_767460,CCGTGTAACACGCTGCTTAAGTTGATGAGGGTACATTAGACCGCACCGAGGTGTGGCTGTGTAGGCTATCGGTTCAAGGAAATTCCTCCGGGTTCGGGTTAACCACATCTGACTGGGCAGCCAGTGCCTTGGAAGTGACTGTGGTACGAACGGCCGTAAGCTCTGAGAATGAAGAGGCGCCACCACAATTTGCGGTTTCGTACGGCATAGTACGCCGTTTACATAGCTACGCTCCAATGGCTGTGTGGGCATTCCTATAGTTAGCACGTCGGCGTTAGTTTTAAACGGTCCCTCGTGCCCCTCGTCAACTAAGCTTTATCACAATACATGGAGAGTGACAAGGACCGCTACTAACCGGGTCGGATCTCTGCGACTGGTAAAGTTGAGATACCTGTTGAACCCAGGTTCGCTCGTGCCTCCTCCAGTGCATCTCACAATTTCCAGAACACCGATAGGATTCGCTCCCCGTATTTCTCGCAAATCAGTAGCAGAGTTTGTGAAATCATGCGTCGGGCCGCTATAACGATCGTTCATAGGAGACTCCGACTTTACAATTTATGTGCGTCCATGACCGACTACGTTAAATACACCGACGTCTGCGCTCGTGTCGTGAAACGCATCTTATAGTTTCCTCAACGACCGGTCGTCCATTTCCAGCTTTGGTTTCCTAGTAATTGCGAACAGTTGGGACCTGCGCCGCTTGTAAGTGCGGCAATCGGTCCCCGTGCACTCGTCTTAGGGTCGCAGACCGCGCAGGAGCAGAAACAAATTGGAACGGGGTGAATAAGTCCATCGGATATGGAGTCCAGCGAGGTTTGCTCGCGTACGCGGGGATCGTGGTGATCGCAATGATGCCCTTACGCACGATCCGATGGCCCATTCCTCACCTCAGCAGGGCACTACGACGTAACGCCTTGGGTTGCCGAGGCGAGAGCTCAGTCGTTACTCCTCAGCTTATGCGGCAGTCCATTGGGCCACTGTGAAAGACGACCGTAGAGACTCATCGTCAGTTTAATTCGTTCCAAATTATATGCATATGACACCTATGAGATTAGCGACGGCGTCTCAGTCTAAAGGTTTGAGAACAGTAAATACTTACAAGTTTGTAGGTACGGGTATAAGACCGGGCCAAGCGTTTTAGCCAAGAACACTCCGGCCACTAGTCGTGGATCACTGAGGTCGACCTCTCCAGGACCTCTCACTACCCGCCTAAGTACTTGTATTCCCCACCCGCTATCATTATGGTACAGGTCATTCCGGCTTGGCTACGCAGCTCCATGGGGGTACTTCCCGGCACAGCCTAAAAGAGAAAAGGCAGCTCACACGGTTAGGGACGGGCTCGGAATTTTAGTAGACAGTCGGGAGGAATATTCCCCACTGTCCACTACAACAATATGGCTTGCTGAAGCCCCTCGCGCATCACTGGCTTAATGCGCAATGCTGAGAACACTGCTAGAGCGAGATCTTCACTGAGGGGTTCGTCAAGCCGTTCGTTCGGCCATTATGGTCAGAGAGTTGTCCGCTAGAGAGCGAGTGCACGCATGCCTGGAGACTTAG,1557,52.28,Escherichia coli
SEQ_144219,TTCCTCAGGACCTAATAGTTCCGGCAATGGGGTCAATTGACAGTCATAGGTTTGCTGGTTAATACCCTTCTCCTGTACATACATCTTGGGTGGGATCGTGCATCGCTGTCGGGCAGGCATGACACAATACAGGCCCCTAGATATTTGAAAAACGCCAAGTATACGCCGTATCGTAATAACCACAATAGGGGCCGAGGTACGAATCCCGACGCCGTCGTTAGGGGGGGGCAATTTCGCCGGCACATGTGAAGCCCTGACGTACGACTGGTCTCGCACAGCCTATACAGGGACGCTCGCTGTTCCTATGTTTATGGATGATATCGAATTAAGGGAAGTAATCCATCACGGATGTGACGAGTTTTTGTGGCGTCGCCCAGGACCTGGACCATGTTCTTTGCGCGTGTTGCACAGATACTTTATACCCTACGATCGTGCATACTTTCCGCCTCCAATTGCATGGGATCCCCCACGAAGATTTCATGTCACCCACCTGATGTGCGACTTACGCATCCAGTAAGAGTGCCCCCGCGCTAAGTGGTCGTTTGAATAAACGGTGCCCAGCCGTAATCCTGTCCGGCCTTTAAACTTAATTGGGGACAAGTCTTTGCGTTGGCAG,616,51.3,Arabidopsis thaliana
SEQ_942992,CCATATATCCCCAGCTATGCGGAAGTCAAAAACTATTCTCTCATAATTTGTACTTGAACCTTTGTTCTTTGGTTACGTGTCGTTAGCGGTATGCATTCTGGTCCCTCGCTGGAGCAACGACGGAACTGCGGGATTCTTTGTTAGCAACCCATTCTGTGTCCGGCTGGTCTGCTAATCCTATTTGGGTGAGTCGGGGATATTAAGCGTGATACAAGCACGATGCTTCAACACCCATCAACGTTTAGATGTGAGTCGACACTGACCAAAACCAACATAACGCGAGGGCAGAGTGTACGCGAACCTAGGAGCCCCAGCGACTCCAGTGTTGAAGGTTCAAAGTAGACGTTTTGAGGGCCACCCCTGGTATGTTCTAGAACTTGGGCATAACACTTTCTACCACGTAATCCGG,409,48.41,Homo sapiens
SEQ_706431,CATATTCGCGAGGGACCTAGTATTCAAGTACTGCTACGTGGTTCGCCTTGGCCGGAGGTCCGCGACTTGGGAATGATCTGGACCACAGTAGAACTAAGGCTCTGACTTACACAATAGAAGGTCAA,125,50.4,Homo sapiens
SEQ_874810,GCTCAGTAGTTATAATCTTATCCGCGACTCGCCCTGAGAGTCGGGTCTACACGAGGCTAGCAACAATAAAGACCTTACTATCGGTCAACAACGTTTCATTCTGTCGGGTTCCCGCTGTCAGGCGATTAGGTGATTGCTGGTCCTAGTGGGTGGTGACATATCTCCCACTGTATGCTGCGCCATGCTGCATAGCAACACGTTCTAAGGTGGCATTCCGCCTAAGTAAAGCGGATTTGGGGAGCCGCCATAAGCCTGTAGCCGCACTATGTGGAATGCAAGCATGTACGCCTGCCGGGCGGAAGTTGCACCAGCGAAGAGCTACGTGCTCTCTCAAGAAAGGCATCGGCCGGACGCCTACGCTTGCATACCTGCGGGCAAAACACGTTTTGTTATGATCCAGTCATGGGAGTCTATCTATGGCGGACAGTGCTACTGTTGGGAAAGCGACCCGAGAATGTCCATATTCCGGAACAAATCCGCTATAGCAACGGAAATGGTAACAGCTTGATGGAGTAGATGTGATGGTCTAGGGATGACTAACCTTTTCCTTCCAATAGAGGTTCCACACTGCGATCCCACCAAGGATTCAGCAGGGACCGGTAAAGGTCTACCTCCAGACCATAATCCCAGTCACTTGTAGCCTCGCCAAAGAAGCCGACGTCATGGAACATAGAGCACCCTGGCGGTGATTACAGATACAGTGAGCGGCCCGGTACGTTAGAATCCGAGGCCACATCTGCAAGTCACATGGGATGACGCGAGAAATGTCGTAGGATACCGTCGGGCCCTGTTATCCCTACCCGCAAGCTTACAGAGATTCACCGACTGTTATGATCGTGGCCGCGGAGGGGTGAAACAGTTAGGTTGCAGGTCTGAAATCTATAAGCGCGATTCTCATTTCCTCACCGGAGGGTACGCCGATGGTGACGCCTTTGTCATGGGGTGCAAGCTATTGCTACTGCGCTCGGAAAAGTATGTATCTGCCTCGGGCCAGACAGGGAGAGTTGATACAGTGGAGCAAGGAGAAGGTCCTCCAGCATTACTAAGCGTCTGTACATGGGTACGCCGTATCTAGATGTGCATAGCAAGCTTTCTAAATAGGTTGAAATATCACCGCTCCTGGAGTCTAGTCTCTATGCAATGCAAACGCCAGGACCAATGTCCGCCGGTTCCTTTCACTACGAGAAATTGCTCTTCACCCCA,1203,51.87,Saccharomyces cerevisiae
SEQ_992060,AGAGCCCCATCCGACCGTCCGAGACCTATTACCCAACCAGTCCGATTGTGGGATAATCTAAGGAGCCATTCACGACGATTACGGGTACGTTAGTCAGGCTGACTAGAAAAATCCGGCATCAGACCCTTTTTGGACACGTAATGCCCCCCTGCATACGCTCAAAGATGGGTACTAATATGTGGCTCCCAGAAGCTCTAAAGACCGAGTTCGTCACCATGATCATAACTACCTATAGTACTCATTCCACTTTAATAGGATGACAGCGAGCAGCCCATCATCGTGTCAGGCGCCCTGTCAGTGAGCGGGCACCGGCGCAGCTGTGAGCGGTGCTGCCTGACTCAACACTTGTAGAGGCCTAGGAAAAGTTGAAATATTGCGTATTCGTTTCTTCAATTGATGGCTCGTGAAGGACACTTACAAATAGGGCGCTACTAAACTCAACAACCCTTGTCGAAGAGGAATATTAACACGCATTGTGATTGACACCCAAATCCCGCCGACGGTTCACGGACACGCCATTGTCCCGTTCGTCACGGAGGACTTCAGCTAATGCCGTGTCTCTTTTTTGCGCCATTGTCTTTCGACGGACCAAGTTTTGAATATATTCACGGGGGTTTTAACTTAACTGACCCAGACTGGCCATAATTTGAGTAACAAGGCACCCTGACTGCATTAATGGTAGATGGTGCTAGCCG,695,49.21,Arabidopsis thaliana
SEQ_725564,GCAGGTGCTATGCCCGAGCCCATCACTGAGGCAATAGGGACTCTGGCTAGCTGGCGGTTAGTGTTACCCTACTTGTAACTCAATCAGGAAGTAGGCCAAGTAAAGAGTGCCCTGGTGGCGAATAACAATTATCTCCTCCAACGGTCTGAACATGAAGGTGGCAGCACAAGATTAGCCACATCAACCTAACACCGCCTGATCCCCGGCGACAATCAAATTGTTACTTAGTCTGAGCCTCGTACCCACGCGGACCACGAGACGACATGACCCACGTCTAGCAACAATGGCGTCGTTAATATGGGAAGTGCCGTCGTTGGATAGCTTAGGAAAGCCGGGAACACAGACGAACGGATACAAGGCCAGAAGTAGTTCACGTTCGATGAGATGACCCCAGACGAGGGTCACGGCGACTCTGAAACCCAAATGCTTCTCAAAGTTTTGCCGTCTCAGAAGCAGACTCTATCGAATGTACCTTGACACGAATCGCGTCCAAGACATGGTGACCCCGATGAACTTGGAAACACGAGTCGGCCGGTATTAGGCGTAGCAGACAGATACACCACATTTGGCGGCTCGCCGGCAACAGTATTACTCTCACGTTTACATGTAGCTGCCGCTACGTGCAACCGCTCAAAATTTCTTAAGCTTAACGTCATGTGCAGTGTGAAGGGCCACCGTTGTAAAAACTTATAGGTTGTAGTGGCCAGAGACTAAACAGAAAGACTGTCGAGTGCGTAGACCGGAGACAGAGGCCTACAGGTTTGACATGGGTTTTGTCGACTTACATTATCCGTGTGAAAATGGAAGAGTGTATGTATTCGTCTGATAATCTTTGTTTGGACATTCAGTCTGTGTTCCCTAGGCGTTCTATTTCGCGAAGTGTAGGGGCCTCCACCGCCCTAGATATATCCCCTTACAACGCGATCGGAATACTACCCGGAGCCGGAAAGCTTTAGACTGTCCTAGATAAAACCGGGACATTACCTCGACATTTCAGTTCTGGTTGGCATGTCGTATATGAGATTTGAAACTCGACCTATGGCGTCAGCGATCGGATGACGAATGCAGGTACGAATCCATTCCACATCCCAAGGGTAATGTAGTCCTAAGGCCACAAAGGATCCGTACGTGGGGGGCTGTAATCGAGAACGTCACTGGGGCATGTGCCCAGGGCTTCGGGAGCACCAATGAGTCACGCACCTCCTGTAGACACATTCAGTTTATGGTGAAAGCCCCTCATATCATTTGTTTGCTCTCCGTTCAGAGGCCTCTTAGATAAGGAAATGAAGGACCTGGAAGTGGCCGCTCCCCCCAACCTCTCATGCGGTTTGCGTGGTAGTTCTCGTGTGGGTGTCGCCTCGTCTCTACTCGAGATGGCCAGGACAGTCTGCGAGGATTGATATGGGTAACGTTTTCCCCTGGAATTAAATTGGTTGACGCAAGCGGTATGTTCGCGCTGTGTCTGGTCAGATGCTGCTTACTAACTGCCCCCCGTCCCTCAGAGGTTCAGAACTAAGTAGAAACGAGGAGATGTTGTAATCA,1542,50.45,Escherichia coli
SEQ_270493,TTCGGATATCCCCCGGCATGGTGCTCCGCTCATTTTGACATCCGTCATGGTTTTCTTAGACGGAGCGCCATCCAGGCGGCGAGTCTTATAGCTATCCGATTTAAAGGGAGTCCGGAGTCTTCCTCGGCACGTTGCTCGGTGATAAAGTCCCGCGTGAGAGTTTTGGCCGGACGGGGGTGCTAGATTGCCTTCAGTAAAGAGAACGAGCTTACATGACATCTAACTATTCGCAGATATCTACAAGCTTCCGACATCGGTGATCCATTAGGAATGTTCTTCATTGGTCATTATGCCGCAGCGTATTACGCAACGGGCTTTTGCTCACGTCTTACCCCATGACTGCGTATAATACAACACGCACACGATATAGGACGTTCAGCGGCTTCGTGTCTCCATGACTTAGCACACCAGGTTGAGCCGCCTACCGCACGGGTCCTAAGGACGCTTAAACGCATAAATACACATTCGTTACCGGGTTTTATGAGCTCAGTTTGATGCGTATCAGGCTTGGCAACAATTCGTTGAGTAATGTAGCCTAACGCGGCTCAAATGAAGTCGACATCGAATACTTGAATGATTTATTGCACTTTTGTAGGACTTTACGCCAGTCTTGGATGTATGAAGGCTTCGCCACCATACAGGGGAGAGGACTTTCTGGAAATGCTCTAGCGGTTGTGCAGAAACCTTTACGCCACTAAATACCTCCGTGTACAATCTGGTCGTGCATTTTTATTCACGATGTCGCTCCCAGGACTCTCAAGGAATTAAACGACTATGTTCTTAAGTGCATGAGCATCCACCATTTGGTAGCTCTCAGATCCAATCGCTGCAGTATTGGAGCCCTAGCAGCCTTTGCAAATCATGAATTCCACATTCGAAGACGAGAAGCCAGCAGTGCGGTCAGGTAAGAGTAACATAGACGGACCTTGTTCAGGATGTGTTTAAGACGTGTCAAGAACGCGAGCAAGACTGATTCTGGTCGAGCCGGGACGCCATGCGCCCACACTAGGGCTGTCTCGGATCAACGATGCAGAACAAATCGTTCCAATCTTCTGAAAGTCCGCAGTGGGACTAACTTAGCTAACCCCTATGGCGGATCCACTATTTACAATGTTAGTTGGTAAACCGTCTAAATGGACGCAAAGGCCGTGCCGTCCCAACGGGAGCTTCTACCCCGACAGTGGTCCAGTCGAACTGGACGAAATTCGTCACGTTTTGGGTTAAACCTGGAACAATCTAATAAGCATAGTTGCGTCCCCAGACCCACCATATCTTACAGGTGCTACGGCTATTGTGCTGGACATATACTGAAGTTCTCAGACGACGGAGTCCAGCCGCGAACTCGAAGTAGTATTATCATCCAAGTTTTACCTGGTCCTTAGTCCATTCACCAGCGAGTTTATGTTAGAACGCTCATCCCACTCCCTATGGGTACGCTTATGGGGGGTAGGGATGATCATCATGGGTGAGGGCGATCTTTTCCGGGGGACTAGCAGGTTTGGCACCCATTAATTGCGCAATAAAATGCATCAGACGGCCACGGTTGGTTCAAAACGCAAGACGCTAT,1567,49.01,Caenorhabditis elegans
SEQ_845176,TCATCCATAGTGCCACACTCGCTGACGGCAGCGAAATGCTCGTTCTGTGCTACCTTTTGAATGGCTCCTTCATTAGCAGAATGCGGTCCATGTTCCGGACCGTCTGAATGTGCTAGAGTGTGATTAAGAACATTGGTTCACCAAACTAATCCTTCCCCCTCATAGATCCCCGTAGAGGTCCAAGCACGCGACCCTTAGGTAATTACCGCGGTTCGCCAGCCGCGAAGTCGTCAGGATCATCACTTGAAGGAGAGGTTAGCTCTTTGTGTGTAACGGGTCCTTGCCCCATGACCCGCTAACCTATCTGTCCAGGCTGTGCCTGAAGGACCCTGTGGGATGACCCTTTGTGTAGTTTCTTTTCAGAGATGAACTTTTTATGTGTGAGTACGTGGCGTTCACTCGCCGATCCTGGGTCAGAGCTAAGCGGGATAGCATCGCCGAAGTGGGGCTGAATGTGACGAAATGCCGGTGATCGTCGTTGTGTGAGTTCAAAACGGGATGAGGAAAAATACAGAGACAATGGTGCCCATGCATGGACCAGCTAGTCCGACCTTATATAAGCTGCCGTGCCGGATCTAGATTCTTCGGGAGTGACGTCCCACATAGCAAAATCCCATACGCTAGTATTCCCAACAGACCTGTCGCTGGATCTTTTGCTCTCAATCCAGGCTAGCAGCTTTGCGTCCTAAGACGGGACGTATACCCACTATGGGACCCTTATGAGAAATCGTTATTGTGATGCTAAATGCGGCAGGACGTCCACTGGGGACGAGTGTCCGCTACAGTCGTACAGGTTTACTCACTCTGTAGACCGGTCGCTATGGATAAAAAATGGTACCCGAATTCACTATCTTATTAGGATATCAAAATCCTTACCAGCCAGATGCGTACGGCGCTGGGCAGTGTCTGGCTCCAGGTCAGTCGACTCGTCAGTGTGAGGAGCACCGTATTGTCAACTATTTCTCCTCCTGCTATTAGGGAAACAGTCCCCATAACAGCGACTTGAACGCGGTC,1014,50.89,Escherichia coli
SEQ_482639,TGCGATAGCCATTGCATGTCTAGCGACTTTCACGATAATGACGGAAAAATGACGCTTTTTTGAAATGACATTCAAATTCAACAGGAACAAGTAAAACTAGAGCATTCTGATCTTCGACTCAGAACTAGCCGCTAACGCAATACAATGTAGCAGTAGACCCCAAGGTAATGATCTTTCTGTCTGTGATGTTAAGAAATGGAGAAGAAGCGTCGGGATTATAAGCTAGAACACCCGGGGACCGCTGAAATGACGTTCTTTGGTCGCCCCGAGCACGTGTCAAGGCCACTCAGCATCAGATATTCGATAGGGCCCAGCCTCAAGACAAGTTGTTG,332,45.18,Escherichia coli
SEQ_388296,GAAGACCGACTAGTCTACGGGCCCCATGGTATGGACCAAACACTAGCAGGGTCGTCGGACTTTTACCCGGCGTTCAGGAAATTATCCAGTCGTATCGGGGAAGGCACGACATATGTACCTAGCTAATGCCGCGATCATCCTGTTGTCCATCATAGAGACTGTTAGGATCTAGGGGAGCTTGATTCGAACTGTACTTGTCTAGACTTCTACAAAGCATTACGCAGGTCTGACGTTCAGACGATAGGCGCAACAATGCGTTGTCGGGTGTTAGGAGAGCGTTACTTGCCCCAGTAGGGGAAAGGATGCATGTTGGCCATCCTAGTCCATTATCACGGGTGGTCCGTCATGGCAACCCGATATGCACGAGAGGCACCGCTTATATTTGCGGCTTAGTTCCGGTAGTGTTTCAATGTTACCCGTCCCAACCCGGATAAAGCAGGACTTCTGCTAGCATCACGCGACAAAAAATTCCCCCGTATTTCGACTGACAGAGGTCGACCATCATAGACCGATATACGATCTTCGTGCAGCGCAATAACTTGCCCGCGTTTCATTGGATGTTGGAACAGGCGAGTCGCGAGTAAAACTCGCCCTTGGCTGTCTCGACTCAGGGAATACGGGAATAGAGTATTTCAGTACATAACGGAAACCCCAATTCTCTGCTTTTACGTCTACCAGCACCCTGCCGCGGGCTCTCCGAAATAAAGTGGCCCATGGTGCCACCAGGCTGAGTCTCTTCGCCGTAAACGCGGCACTCGCCGCTTCCGTTCTTAAACTTCATTACCCACGATAGCATCGACGATAACAAAGTGGCAACCCATCGATTTAGGAGATTCCTACAGTTGCTGGCCGCCCTTGTCTATCTTGCGCGATACAAAGGAGATGGGATCTGGCCAAGGTCAGGGACTAAAACCTGTCAATATTTCGTGTCACAGTTCCAGCACAGCCCTGGAAGGGGCTCCGAAAGATAAAATTTGCATCCGAAGATGATATTCCGTCACCTGCTGAGGGCGGACCCGACGTTGAACGATCGACACAAGCATCGATATCATACGAGAGGACGTTCTGGGGACCAATAATGAACTCATAGCCAATGGTGCTAGCCGAATTGAATCGGACCTCGGGGTGAGGCACTTAGGCCGGGCCGTAGCTCATAGGAACCTCAGTCCTACAGTTTCCGGGATTAGTGAAAATGCGAAGCAGCCAGCACAAAAACAGTGTCGCCGACAACTCAGGCGACCTCGGACACTCCGGGGACCGTATGAAGCGATCGCCTACACTGTCTAAACTGGAGGCCTCCCATTACTCTACATAGGTAATCAGTCAATGTATTGGCAACGGGTTGATCAATATCCACACAGAACTCTATTGGC,1373,51.2,Escherichia coli
SEQ_194110,AGCGCGTAACTATAAAGATTCTATCGTGGTCTACTGACACGGATGCCGAACTCTCGATACCATGCGGTACTCTACACATACGTCAGCACGAATACGTATGTTGTCACACAAGCGGTCCTTGGCCTGTAACCAAATCGCATATGTGACCGGGGGTCGATATGGACCTATTGTTTAATGTAGCTCGCCGGATGTCATTGTACTTAATGGGTCGCCCGGGACCTTTCTAGTAGGGAAACGAGTCGGCCCAACGCTGAACTCGATCGGCCTAGCACAAACCGTCTGCAATCCTAGGGGAATTTAATCTCCTTTCTACGTGGGCGCAACTACGTGACGCCGTAAAAGTGATTCGTTCATTTCATTCTTTCGGGGCCTCTACGTGGTCAGTCGGTAACTGTAACCCGGTCGGCATGGGCGACAAAAAACCTTCATCGCTCAGCTTTTTGATGTGGTCCGGGCGGATAGATACTACTCCAAGTAGGATCGCCACATTGTTAAGGTTGATAGAAACCTCTCCTAACGTACATACTATACTTAGTTGTAAGGCGAACAGCGGGAACCTCTAATAAACCGCTCCCTCCGTCGAGAAAGCGGACCGATATTTGATCCACTCTACGAAAGCACCTCAAGTGCTGCAGGTACCAAGATTCGACCTGGCGCGTCCTTCAGCAGGAATTTTACGATAAGTCGGGCATGCCATACACTCCGAGTATACGACTTGCCACAGCACAGCGAGAGAATTATACACAGGCTTTTAGCCGAATCGGCGCCTGAAATG,775,49.68,Mus musculus
SEQ_847855,TGGTCCACTCTGTCTAGTATCGCCCGCAACACTACGCAAGAACTTACAGTAGCTAACAACGGTGAACGAACTCCGAAAGGTTCTATCTTATACAGTGGCGGGCTAAGAACCTCTCTCTTTCGTA,124,47.58,Saccharomyces cerevisiae
SEQ_195674,GGGCAGCCTGTAGCATCACTGGAACCATATAATTCTCGCACCGGGGCGCTTCTGTTCGCCGAAGCTTTGTCATGCGCGGTACTATAAATGGGGCGCCAGCTCCGTGATAGTCTCGGGAACTATGCTCGCCAATTGCATCGGAACTTAGCAGTCTAAACTAGTCGTAGGGGGACAGCGTAGGAATTCAAACCGGGATTGCCCGAGCAACTGTTTTGATGTCGGATATCGTCTGACTTACAAGTACCGTACGACATGTTTCTACTGATCTGTATTATGGTGGTTCCTATCTCAGACTCGTTCCGCTAATAGCCTTGTGCACCTAGGGGGCGACTTTTACTTGGCCTCTATAAGCGTGTTCCCCATGTTTTCAGCTGAACAATTTTACAGGAGACGTGTTCATACCAGTGCGCTTGTCTCGTCTCCTTCTAACGACAAAGCTGCGCATCGGAAAGTCCCACAAAAGATTAGGGCAGTTGAGTGAAAGACTCCCGGGAGGTCGTCGTTAGGCAGTGCCGCGCGCCGCAGAGTGTTAGAGCTCACGCGGTACAATTATCTAAGTTCGCGCGGATTTGGAGTTCCACCAGTATCTACGGGACACACTATCTACCGTCTTAAAGTACAAGATTGCCGGACAAATGACATAGCGACGGCGAGCCCACCAGTGTTGACGTAATCACTGTATTGGGATTCGACACAGTCGTGTCCTGTCTTCAGGTCGCCCGTATCGTGCATTAGGCCCAATGAAGCCTCCTCTGTAGGCGCCCCCCCGCTGTGCAGGGCACCTGCTTCTATCCGACGGTGCGAACCCCTAGACAGGGGTTAGGACACGGAGCACCTAGAGGAGGTCTAGTGCCTGGAGTCACCGGTGATTTAACTGATTCCAATAGAAGGATTAGGTATCTTTGTATTAGTCGGAGATAATGAATGGACATCTCGTAGTCCCTAGTTGTCCGACATCGTAGGCGAATCTTAGTATCGAGAGTCGTCGATTGAAATCAATTGTCGCCTGAAGACGAAGGTCCTTGAAAGGGCATCAGGTCGCTATCGCGCATTTTAGTGGTTCCAATTCCCGACCCAACAGGTACGTCGATGCGTTACCCTGGGGCCCAATCTAACCACCTCTAATCTATTGGCACCTATCGTGTCGGGAGACTCCCACCTAACCTACTTTCGATGACGAACACGAAGCGTCTAATTACGTATCTGGTAGACTAGACAGGAATCCACCTGTACGAACCTGGGCAAATTGAAGAGGGCTGTATGTCCCATGCCCGTCCAGATCACATATCGCGCTGTGCCCGCTCTCGCGATGGCGATCTCATCCCGCTAGAGACAGGGTCACCAACCGCGCTACCTCGAGGGCCTTTTGTATCTTTCCTGAGCCTAAATAGGGCGCTAATCGCAATCGAGTTCGTCGGAATGACGAACCATGATTTCAGCAGCTTATACAACTTGACCCTAGACGGCCGCCATGGTTGCAGAGAACATACGTCTGAGGAGGGTGGCCTCCTCTGCAGAGCCGAATACCATGCTCGGTGGTGTCCTCGATGCATGTAAATCCCGGAATCGGAGGGCGCAGCGC,1582,52.15,Homo sapiens
SEQ_455890,TCACATAGAATACAACCAAAGGTACTCCCAACTTTAGCACGATAGACCACTGGGTGCGTAATCGCCAAAGGGTGGCTTCGTCATGTGTGTCGAGCACTGGCTAGAAACGCACTCAGTGTAGGGTCCACCCTGTCGTTCTCCTCACGCCTATGAAAGCCATTATGTACTTGCCCATCCCTGGGTGTCAAAGTAGCTGATCCCTCGCAGTAATCATTCGCGGAAGAGACGCGACGTCAAGCGAGGCCACGTCTTATTCTTCAAGCGTACCTCTCGCTGTGGCCTGAGCCCCAACGAATAGGGGATTTAGGGAGTCCCTGTGCGATTGGTAGCAGGCCTTGATAAATTGCTACATATCGACACGCGCTACTGGCACTCTGGTACCTTCGTGTGGGTGACTTCCGACCGATGAATGCAGTCCGCATCGCTTCGATAGCGGGATGATCTAATCCGGCGTTGTCACCAGGGTAGTAACTTCCGCACAATGGGAGTAAGATTGGGAACTGTAAAACGCGGGCTCAGAAAACAAAGTAGGATTGTTAGCCTAACCGCAGTGACGGGCACTCTTATTTTGCAGTGGGCCCCCTGTAGGAGTAAGAGACCTTGTTCTCTGATGATTGACAGGTGCCAGTTGGCCTTCTGGGGCATATTCACACTGGGTTCCATGCAAGCCGGTTTTTGCAGCGTCCCTGCATGGCTGAGGTTGCCCGCCACAAGTGTTCGTTGTGCTCCCCCTACTTTCCAGCACGATAACTCGGGGGGATGTACCGGCAGACACCTACGAACTTACATCACATACTGGTTCAAGTTGAGTGATTCCCTGCGCACCGGCTTTATAACAGTAACGACAGAGCAAGCATGTCTTCTTTTATCTGTAACGCATTCAGGGGGTGAAGGGTGTCTCCATAGACGTCCACACCGGACACCTACAAGGGCAGCTCGCGACGCACCATGGGATGCAGATAAAACTCTATGATACGGCTGGAGGTAACTCAGAGACGCGTGATTATTGGTTGGTAATACGCACGAAGACCATAGGTCTTAGCCACAGGTAGCTACCACGTTGCATGCCATAATACTCCAAGTTTCCCCAATACTACGTTAGGTTGTGTATAAGCGTTGCACCTAATAATATCCCGAAATTACTACGGAGGTGACTACTTTACGTTAATAGATCGCCTGTCGTTAAGGCTAATAATTACGACCTAACCGCCTAGTATGGAATGTGCTAAGGTTGCAGACCATGCAGTACGATTCGACAGTGAGGTCTCGCAGACACGCATAGCATTTGGGGCCGCATGCTACCTCTTATCGAGCATTCTGTTGCGGTTACGGGAAACAATACTCTAGATCGTTGTCTTACTAACTGATGTCTCGGAGTCTTGAGTAGATCAAGAAAACGGTTATACAGACGTCATCGACAGACCAAATAAACCTAACCACGAAAGAAACCACAATTGTGTGCGCCCCGGCCACTGAGGATCTCGGGATAATTCTTATGCGCGCCGACTCTGCCAGACT,1518,50.26,Escherichia coli
SEQ_397048,CGTCGAGCTTTTTTAGTGTACGACATTGGTTTACTTTGTTCCCCTTGACGCGCGGATGTAGAGAAATCGTCGCGGCACGCTAGGCGGGTAAGCGCATAGTTAGGTCGGGTCCCAATCACAATAAACCGGGGTAGCCCGACGTCAGCAGATGTTTCTTGTACGTGGTTCAGAGCGCGTCCTATGATGGCAGGTGCTTAACTCGATAACCTTGGTAGTGCGTTAGTGCTTCGAATGGCCCTATCCATGGGAATCATGGGACCGTGCGAAGAATGTCCAGCGTCGCCTGTGAGCGACCCCAGAGAAAGCTGCATTTATCTTGGCACTCCGTTCTACATCAGCACGAAGATGGAGTGAGATACGGATACAATCGTCGCGCTACTGTGTGTGAGATACTTGTGAAAATGGCAGTTCGAGCATTACTAAGGGCACGTGAGGGTTTTTAAAAGTAACATGCGCAGTACGGGGTGTCCGCAGGGCGACTAGTGACTTTCTATCCTTTCTGTGCGCCCAACTAGAGTCGATTTGAACGCCCGGAGAGTATGATGTTCCGCTCAGCGGAGCTGAGGGGGATGGGACGCGAGGACCACATTTGTGTCTGGGCCTTCTCACATTTGAGTACAAGCCATAACGTCGAGCTTCGTCGATCTGCGCTTCATTAATACATCAGCCCGGATCTCCGTGAATGCGGCGGCTACGATCCGCCCATGTCAGCCTTAGCTCTCAAGCCTTTTCCAGGAATATAAGCCCATGTTCGCGAATCCCTAATAAGAAAGCCTGCAGTATAGAGCTTCTCCCTCACTTGCAATTTTGGAGTATGCCAGCGGTTG,827,51.75,Mus musculus
SEQ_900148,CCTAACTCGAATACACTGCTGCGATCGTCGAGTTTTGCGAGTTGGCACCACAAGGTCTGCAGAGCCCCATGCAACCGTCTGATGGGTGCGGCATTGAGCTTGAAATATCGGTCGTGCTCTCTGAGCCGGCTAGCCGGCATATTGGGCTTGCTGTTCCCCATGGGACATGAAAAGAACTCATACTTAACGATTCGAGATGGAGGTGTTTGTTATGTGTTATTTACTAATCGTCGAGTCCTTGGCTGCGTAATGCGATACGACGCTTGCAGGGGATCGATCGGCGAACTCGTATGTCTAATGCGCCCTTCAAAAGGCCAACATGGGATGCGCAGATTATCACACGGGCATCATCGATCTGGTGTCCTACATATGCTCCCGACTGACGTTATGTCGCATCGGCTAGTGAGTGCATGGGCCATCTCAGTCCCTTCTCGCTGCCCCACGTAGGCGAACTCAGGATCATCGGCGCTTGGAATTGGCGCTAAGAGGTCTACGTCCTATAGAAGGTCCGCTGATGGGGTCTATGAGAGGCGGCGAGGATACTACGAGGTCGTGGCGGAAAAAACGAGGAGGGTCTCCTAGGATGGGTTTTTAGCAAATGCGCCCCCTTTTCCATCTAAAGCACTACATGTAGGCGAGGGGGTCTAGAAGCCGTAATAAAGTGCTGTTCAGTTGATATGCTATCTCGGATGGTGCAGCTTTGGGACAGGTATGCCTACCCATCTCTTGCGGTCGAGCATTAGGCTCGTATACTAGAACAGAAACAGCCTAAGAGGATCTCGACTAGACTAGTAGCCCATCAGCGGTTTACTTAGTTCATTCCGCACTTGAATGGGGGCCAAAAGGGCAGTCTAACATTAGTTTTCCGACCCTGATAAAGACCCCGCCCGCTCGCTCCTACAGGGTCAAACCCTTGTCCCGTCATGAATTCGTTTATCTCGCACCGGTGCCTTACACTTTGCGTAATGCTCGCAGATGAGGGCGCATCAAGTTGGAATTCGGGTCTTGAGGCGACGAAAAACTCAATTCGAAGTAATGTATCTTGATGCTCCATCTTTT,1059,51.27,Mus musculus
SEQ_101614,TATACTAACCCGTCCGTGCGCATCAGGACACCCGGCTGTTCGTGGCCCGCCTTCGTAATACTATTTCTTCAACTAAGCGTGAATATCCGAAGTAAACCGTCGAGATGGCCTGTATCCTCTTATCATGGAAGATGCTCGCAAATATCATGCAGGGTGTCACTCTAGCATACACGTCGGCCGGCCAGCGACCATGCTTGGGAGATGACTGTTCGCTTGGTTGTCACCTGTATCGATATAACGCTCCTGGGAATTTTTGTTACCAGTAGACTTTGAGTGCGAAGGCGCGGTGAAGCGCGAAGCATGCGGCAGGATGAGGACTATTTCGATGTATCAGTCTACATGGCAACAGGCTTGAGGCTCATTTTCTAGTGATACGCATCCAACGTATCGAGCCCATGGTGTAAAAGAGTTCGGAGTGTTCATCGTATTGCAGTAAGTGAACCGAACGCTGACGTTTCCCACCCGGTGGGCAACAATTAGGTCTTGTAGCAATGTTTCAGAGGCCAGAACCCTACGCGTGGAAATACCTACCTCTCTTGGTTAGCTCGCCGAAAGAGTAAGTAACAAGAGGGAATTGGGCTGTGCCTACACCATTCACCGCATTCTATAACGTTAGCCCCGATTAGCCCAACGAGGGATCCGTCGGACTTTCCACTCCCCCACCGTCAAAGTAGTAAGTGTGAGCAACGCTAAGCTGAATATTGTCCCTGCGACAGAACGTCAAACGGTCGCGTTGCGAATCAGATGTTTTGATTCAATGGGCACAGACCCTCTAAGAACCCTCGATGTTGACCTCAGCATGGTGAAGGGCTACCCATTGAACTTCGCAATACCCATTTACGCTGTATGGTCTCAGCGCTTGTGAGCGAACCACTTGAGGAGGAAAGATCGCTCACTCCTGCTCTCACAGATAGCCCCGCACGACAAACCCTCGACCGTTTTGCGGTGCGCTAATCTGTCCTAATCAGGGGGTATTATCCTCGGCTTTCCGCCGCCACGAGCAAGAAGTGCGCATGAAGACGATCATCGCGCACAGGAGCCCCAAAGAGCGATGTACGACATACACCTGCTGAAATTATGCGAGCACCTTATGTTGGTCGGGGCTGCTACGACACCGTAGGCTTGTCTCTCGGACTGT,1138,51.49,Escherichia coli
SEQ_412387,CGACCCCCACGCCTTAGCCCTCGGCGGTCCCGGGCTGCAATCGGACGAAATGCAAATCCTTTCACCTCATCGACCTTCCTTATGGTACCTTTTCCATGCGTCCGGAGGCATACACCTCTGAAAACTGGGTGCCAAGGGAGAGCGATTATTTGATTACCCTGCCAAGAATCTTATCTATGTCGGTACAAGTAAGGCGCGCTGCTCGATTTTTCCTCATTCCCGAAATGAAGGCGGAGTTCGGCTTCTGTCCCACTTACTCAGACTGCACGAGCTGGAGTACGGTCACCCTTGTTCTACGTGAGCCTTAGCACACTGGCTCTCAATTCATTCGATCTGACAGATCATAACGCTAAACAGGCGATTACGTCGGTTTGTAATATTAGGCTGAATGACGAGACAGCGGTTTTTGTCCCGGTCCGGGATATCTTATCTTTACCCACCGCAACGGGACCCACCCCAGGAGGTACCAAGCTAAGCCTAGTAAAGAGGCTATAATCACAGCCTGCGCGTCTGTACAAAACTTCATGGGATATACCACTGCGTCTGTGACATGTTGTCAAATAACTGTATGCATTCCTCATCAGGACAAAGGTCGGTGCCCACTCATTCGACCCCTCCCGTTTCAGCCCCATTATGAGTTGGGGCAGAATTCGTGATAGATAAGTCGTTCGGCAGCGCTCGACGTAAACGACCCGATCGAAACTAACATTCTGAGACAACAGACAAGTGATAATAGGATCGTAATGTCGATCCCACC,757,50.33,Homo sapiens
SEQ_749965,AGTCACACTAATGCACACCAGACGCCCTTTAGGTATATGAGATCATAGCCGGGAGTAGTGAAATCGCGATTAGTGGAAACTCCGCGACGAAATGACCGGTGGATCGAGACCGCCCAAACCGCTGCCGCACGTTGAAGCCGTATATGAAATAGACACAAAGCTCGCACGAGTAGTTATGGTAATGGGCATTGATCGCTCCCACGTGTCGAGACTGGAGTTTCGGGCCATTCCCCGCCACTGATAATCTTTGGACATATAACTCCCCGGAAGCCTCAGCCCAACGACGCGATCTCTGCTGACAGTGTATTGTAAGTGGCCAAACACCACTACAGGAGTGAATTGTCACAATATGAACATTTTAACACGCTAGAAGCGCGCACGGGCGGCACTGGGGCTTTTTGATCGCATCCCCTTATCGGCATTTGGTGATTCCATAACGTTCTCACGCCATTGTCAAGAGTGAGGGCTGGGCTTGATAAAGAGCTTACATATCATGGTGTAAAACTTTTTCCACGTACGGGCAACGGCCGCAGGCCTTGATATTAGCCGGCGAAACATCGAGAGCTAATCGTAATCTTTAAAGTGGGGGGCTGCCAATTGGCAACTTACTGTTTGCTACATTAGCAGTTCCGACATGTTCATTTGCATCCTGGGTCGAGGTTACTGCATAACTTGCTCCCTGTCGCAATGTCAACCACACTTTTTTGTCGTCGCGACGCAGTGGACAGGTACTCCTTTAACACATCTTATTTAGAGAGTGACGGAACTACTTACGCTTATCTATAAGAAATGGTATGGGCTCCCCGGAATTGCAAGGCTGGTTATTTATATGCGATTTCCGCGAGCTGCAGACCTAGGTTCGTGAGTTCGTTGGCCGGGTGTTACGCATTGTGTGCGTACGAAATACATTCCGCGGCCCTGGCGCACGTCGTGGCCGGATGCACTTTATTCTTCTGTCTGCGAGTCTCACACAAGTGTTTATTCCAGCGAGCGCAGTAGACAATCGTTCGAGGTTTCGGCATGGCGGAACCAGCACCCAGGCTACACGCGCGTGGTTGGGTGGTCCTCCTATGGAGAGGGAGCAGGAAACTTTGTAGGGATCGATTCCGACTTTAGTTAGCACGCTGTAGGTCAACTGATCGATCATTACTAATTGCCCGCAGTTTGTGGGGTCTACGTCTGGGGCACGTTTTCTAACCTATCACGAATGGCTAACGTCTGACTGGTTACCACGTAATAAGTTTCGGCCCGACAGGTCTCACGAGACTCGGGGCGTAATCCCAGGTGCACGCCAGTGTCATAAATCTAATCCGCGGGAAGTATAAACTATGTCGTGATACCGAATCCTCCTCTTTGTCGGGCCCGGGACTATACGCGGGCTAGGGAGAAAAGGGCATCGCTGCGTGGAGAATGCAAAGGGTTCAAATTCATAAATCGACCTTCGGGGCGAAGGTAGTACAGTGCCCATATTGTGGCTCTGTTCAATGTTCCAAAGTATACTAGGTAAGACAATTCTAAGTACCTTGTCCGGAGAAGTTCCGTTCATTGGATCCGCTGTGCATTGGTTATTACCGAGACGCACGGCAACGGCGTTCGCCGTAGTCGTTAGTTAGTGACCCTATGACGTGCACAGTCACTGACTTTCCACGCCAAAAGCGCGGTTTTGGCCTGCTGCCTGTCCGCTTACGATTAGATCCTTTCATGACCTATGCCTACGCGAAAACTTGGGAGAGCGGCTCGCTCAGCTTAGGACAGTACAGGGGGAGACCTTTAAATCGAACA,1782,50.62,Mus musculus
SEQ_917664,ATACCTTTTATTGGGATGGCTTATACATATAGTCTTGACTAGGGACAAAGTCCGTAGTTTGCAACAGTTCAGAACTTCTTCCAAATTCCTGCAGAATAACGGTACACAATATCGACACTCAGACGCTGTAGGAATCAAGATCGCACTTGATGGTCACACAGAATCCAGGATGTCTCCGAGTCTGCGTTTCGGATGCCAGTACAACCTAGCGGCGCCTGAAAATAGCGCGGATCACTTTCGTTGTGTTTGATCCTCTTTAGAACGGCGGTACGTTCTAGTATACTGGCCTTCTGGCACAGGTCACAAGACTGCCACAGTCGACTAAACTGATGCACAAGCTGGTGCCACTTATAGGAACAGGGGACCATACCCCCGAGTCTAACGATGTGGGCGAATCAAGGTAAGATATAAGGTACAGTATGTCACTGGTGCGCTCTGCTAGTCAGTTTGGGATCCTACACTGCACTAGGTAGCCGGTAACTGATTAACACCTACGCCGAGTGGACCGAAGACTGAGCTCGCTCTAGTAGAGTCGTTCTTCGCCATAATCATTCGATGCCGGATATCCTTATTTCCGGATCCGCCTTAGGGGCCGTGCAAGTGTAGGCAGGAGGCGCCTGACGTAACCCGGTTGATCCTGTGACTGAAACGCTCCAACGTAAATTGATAACAACAAGTACTAGTGTTTAATGCGGATATGCTGCCGATATTAGTGTTATGTCTGTCATCGAAGAGATCTAACGTGAGAATATCAGAGGGTGTGGTCAAGCCACGGTCGGCCGTGTGTGACACAGCTTATGGACCCGAGGTTGGGGCGCAACGGT,824,49.15,Homo sapiens
SEQ_881818,GGAGCTGTGCGTAACGTACGCGTTTTTCGCCTGAAGTTACAATGTACATATGCGAGAAGAATTCTAATCTTCATCTGAGGACACTTGGCTTCTCCGAGCACATATGGAGGTCAGGCAACAGTAGACCTGATGGCTATATCGAACATAATGTGTTCAACGGATAAAGAAACTAGCCCTTACTCGGCTAAACATCAATACCATCTATACTCTTTAGGCGACCTAAATCAGTAAGGGACTGTTGGAACTGAGGAGGGCCGATTTGGTCGGTCGGACACACTTAACTGGTCGTAAGTAGCGACCGGCGGCTAGCCAACGGGGAAGCTGTATGATCTTGCGGCCGCCAATGCGATAAGTCACGCAAACTTGGCGACTGCGCAACTCAACGCCTCTTGTCAGTCATGCTAAGTTCCCTAGTAGTGATGTGCGCGAACACTACCACACTGTTAACAGACATTCTGAAGGATTTTACTTCACAACGACTGAAACGTCTCCATCCGCTTGTGGTCATCGTCGCATCTGCTAATGACGAGTAGGTTACCCGGGTGCGATATCATGGCTGACTTGGAATTAGGGCCCGGCCTGGCGCGCATCACTCATAACTTCCCTGCAGTGAGTTATCCGTATAGCGGTCAAAGAACATAAGCGTACTTCTGTACCAATCGATTCGGTCCGTAGTAGTCATTTCAAAACATCTGCGCCTCTTTGAGTAGCTTAGTTTGACAACTCAAATGGCAAAGTGCCGGTGGATCCGACAATTTTGGCATGCCAGCAAGCCAGGCAGTGCGATCGTGGCGTCTTGCACGAGTCTGCTACGACGTAATTCAAGCCACGAATAAACCGTTGTAACTGATACAGTATAATATACACGCACGGTTCCGCCCTGGACTTTGCTGGAGTTGGACTAAGAACGTTATAAGACTCTTTTGCCGCAAGCAGCACCGCTCATAAGCAAATCCCCCGGAGTAATGAGAGTACGTAGCTTGTTGTCGCTTAGCCCGTTTGTGGAGCAGTAGTAATATTAAAGCGGGTGCAGCAGTGTCAGGGGCCGGAGCACCACTGCACGTCGTGTCGGATTACTTTTACATGGGTCGCTAAGGTGAAAGCCGCTAGGCCGCGCCCGTCGGTCCGTTTCCCTTGTTAGCCTCTGTTGGATAGCCCGCGCTATTCCTCCTATCCTAGTCCTACGCGTCCTACCCGAATCCGGGCAAAGATTCATGCATCGACTCCATGTCCCTGAGCGATGAAATCGAGTAACTAGTAAATTTCAACTACAAAATAAGGCATTTTCCGGGTAGTGCGCCAAATAAGACTCGCCGTGGAAACACAAAACGGCATTTCCTGCCGTTTTTATTTGCTCGAACTAGACATCACGGAGTAGGTGACTAGAGCGGGTATGTGCAAAGGCTTGTGGTGGGGGTACAACACCCCGCCCCAACTTGGTTGCCGCAATTATGGTAGTAGTCGAAAATCACCGAACTTTTTCAACTGTTCCTATCGATAAAGTACATTGGAGTTATACGTATTCGGGGTAAGTTATGGAGCATGCTGTTAAGACCAGGGACCATACTTCTGCTGGGGAGTTTGTTCATTCTGAGATTGGAACCAACGTAACGCCGGTGTGGATACCGCATCGTAAATTGACGCAGAGAAAACGGATTTTCGAATCCCCAATCTATACAGGCATGTCCCCATGTCTTACGAAGTGATCCCTGTTTCTTGTTTCCGTTAGTCTAGGCGTACGCAGGTGTCTCGCTTTCTGATGCTCTCGAGGGTGGGTTTATATTCT,1786,48.94,Saccharomyces cerevisiae
SEQ_894130,AAACCTGCATTAGAAGTAACGCCTAGCTAAGCATATCAGATGAACTCCGGTTGGCTTTGCGGTTCGCGGGCACTTACGTAATGAGTTTTCTTTCGAAGAACTTTACGAGGCCGGAAGCTTTGGCAATCCCCGCTTTTGCACCTGAGCCGACACACCAGAGCGTGCTTCCGTGTTCGCAGTAATCAATCCTCGCTAAGCATACTACTCGTGCGTGACTATACTGTTGTTCAATTGGCTAGGGGAAACATCGCCAATGAAGTTTTGCAGACGTCGTACACTTTATCCGACCCTGCTAGATACACGTACCGGCGTGGTGACCTGTAAAGGCCCGGAATTTTTAGATACGGCAAATCACTCCGCTAGAATTAGGGAGCACACATCTTTGGGGATCCCGCGGCTAGGAAGACTCGAGCTCACCTGGTGGTCCTTGGTGCTGTAGGCGTCACCCGCCCATATACCCAATCAAGCTCGTTCAGTGTAAATGTGTACCGCTGAATCAGGTAAGAACTCTGCAGAAAGCGGCTATACACTATCCCAACAGCTCCGTTATTATAGGAAGGCATTCCATGATTCACTGCGGTGTAAGATGTCACGTCTCTCTCCGATAGCAAGTATAGCACAGGTAGGGTTGAGCCAAAGCATTATTACCAAACACTAACGGAAGCGGCCACTCTAGGTGTTAAGCCTGGTGCGCCAAGATTTCCTATCGCGCCTGTCGTTTCATTCTTGAGAGCAGCGTATAGGAACGATAAAATATCACCGAATACCCCACTTAATCGGAAAACAGCGACATAGCCTATTTTTCGACACACATCTACACGGAGGGCTAGTCTTAGTGCTAATTTGTACTACTGAGATTGAATTTAGGTAACCACTAATTTTCGTCTGCCTTTTCGTGTACTGCTGCACGTGCCAACTGTAGCGTCCAGCAGCATGCCGACGAATTGTGCACCTTTCGAACAGATGAGGGTCGTGCTACAAATTATTTATAGAGGAGAGCTTAAAACGTTCAATGACAGCCCCTGTGGAGTTAGAACTCTTTTGCGGGACCCTATGGCACGGTCCCCCTATGTATCGTAGATCGAGGCAGCAAGTGATTACTCGTGACTGTAGCGGCCTCTAAGAGAGCTGATAAAAATGGCTATGTCAACAAAGCGCACAGTTTAGGTGGATTAATACCTCAAAAGGCCCATAGAGAGGCCCAACTGAGTATCTGGTCTGTGGGCCTGGGACATGCTAGTTTGTCATGACGCACACATCAGATGGTGAGGCAATAATATGCTAGTTGTAGCGAACAGCCCAGTTGGTTCGATAATCCCGTGTCCATTTATTACGTGTAAAGACTATTGGCGTCCTTTACGTTAGTACGAAAGGGTGTGAGTCATCTACGGTTGGGTAGAGGGGCATCCAGTGGATCTGCGCCTATAATACCAGCCAGAATAAAGGCAAGGTAACTGCAGCGTGTGATTGGACACTTCCCGTACCCTATGTATGTTAGGTGGCCAGAGGAGACGTTCCAAGCACCACTGTGTAGTTTAAGATTGCTGGATGAGGATGGTCTATGGGATTGCTTACTGTCGTTTCCGAGAAGATCTTTGGCGCCTAGTAAGTGCAATGATGTTCGAACCCGTGATTACGATGCATAATCAGGTCGACAGAGTCTGCAAGCGCTAATGGCGGTACGGAGTTCCGCGTGCGGCTCAGGCACTGCCTGTTTCTGTCCGGGACGGGTCCAGCTGACCCAAGACCCTAGGCTCCTTAGCTATAGGAGAAAATCAGTGACACCTTCCACTTGATTTATACGTTAGAGAAAGTGACATTAGGTGGCGTGCGGCGAAGATGAACTTTAATGACTATTGCGGCAGTTATACACGGCGATAAGCCTATCGGCCGTCGCTTGGTCAGACATTTTAAAACCAACTGGTACGGATGATTATGACCATTAAAACTTTTAAGACCCC,1961,48.29,Caenorhabditis elegans
SEQ_561953,CCTTCCTCCCCTGGCGAGGGCACGGTTGGAACTGACGTTTATCCATCCAAGATTTGCTCGAAAAACCCTGGCCCATAGTAATCTCCAGCTGAAAGATTGGATACCGCGGTACTTTTTCACTTGAATACCCTACCCACTTGAGTGTCTGGCTCGCGCGAACACGTTCCTTAGCCACATAATAAAACGCGGTTTCTAATAGCGAAGGCCATAGTGCCAGTTATAAGCCCAGGGGCTTCATCGTGCCGAATAATTTACCCCCACGTTCGCGTGGGGACTCGTGACCCAAAGGTCAGGGTGTACTACGTGACGTAACGGGGTAGACAACCCTCTGCTACTCTTAGGTGTGGGTACGGGAAAGGATTCGTAAGTGTTGGTACCAGCATTCGTGGGTAATTCTGAAATTGTGACGGCAGCGCAGAGCTATCCTCCGCATGTTGATTTTTGTGAAAGGAATGTAACCCTAGAGCAAAAGGCGAAAATAATTGACTTAACCTAGTGGAAAGTCCTAGCAGTGCCGATTCCAAGTATCACATTTATGCACGATTGACGAGACACGAAGTTCACAATCTAATGATGGAACGGTGCCATCTTCAAAAGTATCGGCGTCACTCCACAGGTAGCGAACTTGCAAGACACGCCCCCTCTTTGCACCAAAATTTGTAGGTTCTCGCCCTGCCTCAGCGCGAAATAGGTATCCACCGAATATCCTAATGACCGGCGACAACTATATGTATTATAAGGTTGGATAGTTGTTCAAGCTAGAGATAGATCAGCGTTTGCGCGGTCAAAGTGCTATGGGGTCAGGACTAATCCCCTTATGCGGCTTTGGTCCTCTCGTGAGATACTCGAGGCTAGGCGCCGGAGTAGCATAATCCGGGCAAGTACTATTGCACTTGAGGCGGCCACTGTACTCGAAGTCAGTTTCTACAAATGTAATCGTAGATTAAAATCATACATGGGCAAAACCGCGACTACCGAGAAGCTGTGCCGTGAGCGGACAAGGTCGGGTTTGATATTACTCGCGTATCAAACAGCCCACTCGCAAAATGCGCATCAAAAAAACAAGAAAACTAAATACGGTAAAAACGCATACAGCTTGCTACTCCGTCACTTCTCGATCGAGCGACAGCTAATTATAGATCTAGAGAACCTGGCGAACGACGGTCGTGCATACTCTCCTTAGTTTTATTGACGATTTACATGCGACACACCATCTAACTTCCGCTTGTCACAAAGCGCCCCTCGAGCGCCGAAGCCGCCGGTTAAGAATGGCGTAGAAGAACTTCCGGTGTAGATTTGTGATGCACGACCCTGAGGTGCCTTAGATGTAGATCGATGAGCGAAGTTTCCCTTCCCCCTCCGGCAACTGAATTCCCAGACGCCTCATTGGTAGGCCGACCGACGAGAGCGCTGATACACAAACTGAGGTGCTTGATCTGGTTGTCCTCCCGTTATACTGCCTGGGGTTCTGTTCCTCATTGGGAGAGGACCTTGACAGGCGCCTTGAGCAAAGGTCACTCATCTAATGGTACATCCGTCGACACGGTCGCGGGGCCCGATTCGTATGACCCAAATAACCGGCTTCATATAAACATCGCGTGCTCATCCGACGCTCAGGAGAACCTCGCTTGCTGAAAGTCTAGCTATGCGTGGTACTGGTCTGCCTGTGGTTTACCAATGCGAAATAACCAATTAAGCTAACTCTCATAGTACTAATCCGATATACGGTTCGCAACAAGTAACTCGCACATCGCATCCACTGGTCCGTTACCGAAGGAACCAAAGAAATGTCTCGCGGTCGCGCCCCAATTTATAACTTAACTTTGTCTGGCCGAGGTTCGGCCGTTACTTGGGCGTTGTAGCTAGCTGCCTGCGCGTGGATGATATCATAGTTGCAGAGAGTTAATTGCAGTGTTCATACTTAGAGGGACTGTGTTTAATTGTGAATTGGGGTGGGTCTCGCTAA,1966,49.24,Escherichia coli
SEQ_529545,GCAGATCCGTAAGTCTCCTGTCCGCGCACTACGCGTAGAGACGAGTATGTCTAATATCGTTGGCGCTTGCAGGTAACAATGATACACCTGATGTCTAGCATTACTGTCCTCACTGAAGCACAAAACACATGCCAGGGCATTTTTAGTCACTACGGGTAACATTATGCTGTAATGCCGCGTTTTCTAGCATCGTTCTGCACACTCTTCGCTTACGTCTATTTAATAGTATATAGCTCAGGTGACTGCAAGCGACCGATTGTGAGAGATAGGTAGTAATAACTGTCACGCTCAATTATCAACTAAGATTGACACGCGATAACACCCATAGACCCATAGCAGTTCTACGTTCGAACACGATGTCCGCTGTTGACAGCTAGTGGGGGGATAAGTAATGTAACAACGAATGGGAAAGCCACATCGTCCCAGAGGTAAGAGGACCAGATGAGTAGCTGTGCCTTTTTGGAACCCTATCCCATCACCGCGCGAGAGGAGATACCGTAACGACGACCGGTCGATGCTACCCCACAACATCAGTTGAGGAGGGCGCTAGTTCGATCCCACGTGGAGCTGAGAGGCAAACGGGATCCGATCTAATCTCACCTTTCTTCATTATACCCGAATAATAGCTGTATATGCCAATACGACTTCCCGATCACATCATGGTCCCTGGAACGCTGAGAACTTCAGCGGTACGTTATAACAACGGCCTTGCGGGTAGGAGCAACTCAATCGTGTGGCTAACCTTGGCTGGCTAATGCAGTTCTCCTCCAACGATAGAGGCTAGCATGTAAAACATCTCGACTTAAGTTCCGATCCCGAATTTAGGAACGATAGGGTGAGTGTCTTGATCCCCCACACGTCTGCCCCTAGATTTGTTAGCGAGAATCTCGTTTTTCAGCAGCCAGGGGGCGGCGTACCGAAAGCGATCATAAAATGACCGGGGTCGATTGAGAGGCGTTATGTTATGCGCGAGGATGACTTATTTGGTGCCATGTGTGCAGAGATTTATTCAGCGACATCATCTGAACATGGTTCAGGGGGTGGCCTGTAGCCAAGCGTCATTACCGATGATCAGCGCGTCAACATCACTCCTACAGTGATAATGGCAGTGCCGGGCTCTCCAGGTGAGCGAGGTGCCTTTGCGTATGGACGTGTAACCCACGTGATAATTAAGTTAATTGCCATTACTTGCAGTACCGCTATAAAAGTATAGATGTCCATGTCCTCAGTGACTGGTAAGTGAGAATTCTTGGCGCGCGACCAGCGAATTTCGCGGTAGGTGATAAGTACAAGGTCGTCTAGGTTGATCAGCCACGAGAGATACTGGGGGGTAAGTGCTTCCGGACTTAAATCAGCACTGCGCGTATTTTACGAGTAAAAATTCAGGCCGTAGTTCTCGCACCGTCCAGGAGGGTGTAATATACACATCATCACAAAACGGTATTATCGCGTAGTTGCATCTATCCCAACGCGATTGGACAGAGCGTCAGAGGAAAACCTCAGCGAAACGGTTGCGTGTAATCCTAAAAGTATTTTAATGAAGTATAAGAGACGGACTCATGTATCCAGAGCGCCCATCATCTTATTGTGAATCTCCAAGGCTAATACAATGATCGTGGGCAAGATGGTCTCTGAAGGACACATCGCGCAGTCGACAATAACGCGTTGGCACTTAATTCCTACGCGCTGCTTTTTGATTTCATTGGGGCCAGATGCCGTGAAACCATCGGATTTTTAAGGCCTGGCTGGAGAAAGTCGAGCGAAAGTAAAAGGGGAGCCA,1780,48.37,Arabidopsis thaliana
SEQ_175550,CAGAATTCCAAGGCGTATATGATTCGTGGTTGTTTCAGCATGTGGGCAACTTGACCCCAAATAGTTATGATGAGACGATCGAAGACACTCGGTCATGAAAACCCATAGGCCCCTAACCACAATGGGACTCGACGTGTGGCGAACGACATGGAACGTACAGCGGCATTCTCGGTCGCAAGACTTAGAGGGACAAGCTACGGAAGCTACAACGGATTTCAGTCGCTCCCACCTCACAGATCGACTTAGGGCAACTTTCGCAAGTTAGGCTAGGACCTCTCTTGGACAGTTGCATAATTCAGAATCTTGTGCACCTTGATTGGAAGCGGTTGAGTCTTCTGAGGGGGTGTTGTGCGCGGATCCGAGTGAGTAGAGGAAGGGACCTATGCTGTAGCACCGATTACGCGCGACCTTAAGTTGTCGATTGAGTCCATTCTATGTAACGCGTGTGGTACTAAGTTTCTCCTAAAATGATTAAGAACCTCTCTAGACGAGATACTCGCAAACGTAGTGAAATGATCTGTGTAAGAGCGCTACGGTGAGGCAGCTTGGAGTTACTTCTTGAAGCAGGAGATCAAAATTTCTGAGCGAGCGAATTAAGACCGAGTGAGATACAGTAGGCAGTGCTGTTCCGGAAACCCCCCAAAAAGTCATGTTTAGATAGGACCGGACAAGCTTCTTATAAGGCTCCTTCGTTGCAAACGGCCCATGACCTCAGGATAATATGAAGTAGACCTTATCATAGCCCAGGCGCGGTATTTGAAGTGCACATTCCAAACGAAGTATAGTACCCGTATTAATAAATTCGACATTAAAACATCACTTAATCTTAAGCCCACCTGCACCACACCACGGTTAGAGTTCGCAAAGCCGCGTAACCTCGGCTAAAGGCCTTTTAGATATACAAAGCGTTCATGCGCCGACACTTGGTGGTAACCGGTGGTCTCTGCTCATAGTCGAATATACCCGGTGTAGTGATCAGCTGAAGATCAGCAGTCATGTTTCGACCTAAGGACCAGCACCGCGTTTGAACCGAGAC,1036,47.97,Escherichia coli
SEQ_922428,GGTGTTAGGCGCTCGAGCCAATCCTGACAACTGCCCGTGATCCTGGCACCTTCTGTAGACTGGTACGGTTGACACAACGCTACGTTCAGAGGACTTAACCCGTCAGCGTCTAGCCCTTCGGATGGCAGTGTTGTATCAACTCATCGTAGAAGGATGATTCCAACCAGGAGATTATCTAACCATGGACACTTGACAGATGGGTGACAACATGGTGTTGTCCTTCAGTACCCATTGGCCAGTTCATGTGTCAGACAAGAGGCATCAGTTGGTAATTCTTCGCGAAATCTGGGA,291,50.17,Saccharomyces cerevisiae
SEQ_105236,CCCTATTAGTTAAGCCATGGGCGGCACTCCTATGAGGGTTACGTTTCCGAGGGCCCGGGTGAGAGAAATTTGTCGTTGTTATTGTTTCCCCCGTTTAACGCTTAAACGTTATTAACAAAATTTAGTTTATTAACGGTACCACGGAGCTCAAACGTTCGTTTACGCCAGACGTTGGGCCCTCGATGTCAGTTGACTCCCGCCGAGATTTCTAGGGTCGGGCACCCGGCATTTCATCGAGAAGGCAAGGATGCGTGACGGGGTCGGCCTGTCGCTGATGGTTGGCCTGAGGGATAACTAGTCGACCTGAGGATAATCCCAATGCTCTCGGCACAGCCCCGATCAGAGTGAAAAGCTGTAGTTTGACGATTTTCCGTCTACACATGCAAGATCCACCATCTGTCGCGATCGGCAGCAGCCGGAATATAGTACCTCCAGCGTTGATTGGGGCGGTAGGCGGAAATCTGGCCTCCCATTACTTGAGCCTCTCTTTAGCTTTATACGTTGACAGGAGAATCGCGCTATTCAGTCCAAGATCTAAATATAGAAAGGGGCGTTGTCAGTCGGGGCTTGATCACACGCTTTAGTCATGGGAACGATTTACGGCCGGATGTTGCCTCTTGTAACGAACTAGCGCTCCCCTTGCTTTAAGGGGACCTCGTTGATGCAACTACAGCAATAACATTGAATATTGCCGCCCTAACCGCGTCTTGATTAGTCCATTGGGGCGCGGTGCCACTTTCGTCTTCATCGTGGCCCTCAATTATATCGACGGTGCCCATGCCCACATGATCGGTCTGCTGACCGCATACCCTACAAGTTTTCACATAGGACCTTCGGTTGGCGCGACCAGCATCCTTCGGTACCTTTTAAGGGCCCAGGGGTGAGGTGGAGGAGCGCCCGCGCCTATAATATCAGCAGGTGCTATTCCTGCAATAGATTTCTCAATAAAGATGTCTATGGTTGGGACCCCCATTTTCCGGTAACTAATCCCCCCTATATCGGGAGTCTGCGTCGGAGCGTGCGTGCCCAAGTCTTGTGTGTCTTTCCTACAGGTACATGCGATTCGTTACGGGTGCATGTCAAGACGGCAGGTGGTGGTTGTTCAACTTAG,1111,51.67,Saccharomyces cerevisiae
SEQ_967281,ACCTGGCACGTAGTTCTCTTCTACGAACCTTAGCACTACGTGAATGAGAAAGCTGTGCCGACCCACCTCTCGTCCCTCGTACCTATTGGTGGCATCAACGATGACGGTGGCCTCGCGTAGAACTATGGCTCCTTGTCGGAACCACGGAACCGATAAGCCGGCAGGTGAGGTGATCGATGGGACTGGATGAAGTCACCTTGTGTCGTTTTACGCCTCTGCCCACATAATGTAAGTGACCAATTAATAAGGTTCCGTAGCGTTTCCGGTCCGTCGCTGCGCCTGGGGCGGGGCATAGCTACCACTAAACCGTCCTGAGTGAAGCGTTCTGTAGCGCACACTCTCGGTACGGCTGGACGCGCATATTTGTCCCATCTGCCCTGGGGGGGTTATAAGTCAAACCCACGCTTCGTCAGCGACCAATCCGGTCTTCCCCATCCTCCAATTAGGCCCCCATACTCTGTCTTGTCAGAGCGCAACCATAACCCGGCCGGCGCCAACGCGCGTTTGGGTTTTCAACGCTCGAATGCGCCGCTGGGTCTATGGTATAATTTCACTTCGTCATATGTCTTCCGTCGAAGAAACACAGCCTCAAAAGTACCTGTTTAGTTGCAAAGTCGCGCTATACTACTCTGAGCAGTAAGACGAGCTAAAGAAGCCCATCATAATATGCGAGCTAGCCACACCCACCTAAACCCCGGGGAGGGGTTACGTGTTCACCACTAGACAGAGGCGTCCACAGACTGGAATTTTAGCAGGATTGTTTGGGCACACACGCAACGCAAGGGTTATTGAGGCTATCCGAGGATTATGTTAGAATAGACGGCCTCCTTCAGGACAGATCCACTTTGAACCCAAGGTTAGTGTCAGGGATCATCAGACGAGCTGATCATACCCATACGTTGTGGACTTAAAGATTAGATGGATTATACGGGCTGTCGTAGAAGAAATCTGTCTTCTGATAGGAATTTCGGACGGTGTACGTGGAAATACAGACAGTTCTCGGAGCTAAGTCATCGTGTGAGCCTTGCCATCCCTTTACATGAGAGCACACTCGGGAGCCCTACTTAAGAAATCTAAATATGACCCGCAAGGCCAAACAGAACAACCACCACACGGTAGCCGGTTAGTCTGTTACGTGTCTTGCCCTCGGGTCTCGCAGATGTCAGCTCACTAAACTAGGCGCTTCACTCAAAGATAACAGTCCTATTTGTGCAAGTTTGCAGATGTTAATCCGCCACGGTCTAAAAGTAATCCGTTTAAGTCGCTGCCGTTTCAGTGTTATGTAATATCACGGAAAAGTAACTAGAGTTGAAACGTAGGTACGGTCATGCGGAATGGATGCCACGCAAAGACCTTCCTTAAAGTCTAGCAGTACGTGTATTCATTGTTAATATGGCTGCGAGCCGCCTAGCTTTCATCTGGAGTACAGATTAGCCCGCTTCCACCCCACTTTCCGGGCGTACCGAGGCTACTCCTGCAATGGCAGGTCTATTCATGGGTTTCCGGCTGGGAAAGTGGCTGCGGCGGTTGATACATGCATCAGATGAATAACAATCAACGGCCTACACACAGAGCGGTGTTTGGGGGATTGTAATGCAGCCTCCAAACCTGCATTACCGGATCTACTGTACGGTACGCACTCATTCGCGGACGACAGCTCCATCTTCAAGAATTCAGCTATACGTAGCGTAAACGCCGCAATGGACAGTATAGGGAAATCTT,1722,50.58,Caenorhabditis elegans
SEQ_915483,TGAATCTTCGACCGCGGTTCTCCCTAATGTCCATGCGCAGATGCGTCTGTCTCGTTTCCACGCGACGCGACATGGGTCAATTGGTTACGTCAGTGCCAAAAGGGGGTCAGTTCTATAGAAGGGTCGGTCATGGTAAAAGCGACCGCCGCGCGAACCGAGTGGTCGGATCGAAGAATGCCAAGGGAACGAGATTAGCAATCATAGTACGGGATATTGCCTGAGAGTTGTTCGGTTCGATATAAGGTTAACCTGCTATTTGGTTCAACTGGCTTGAGTAACACGCGGGGTATACCTAGAAGTTTTACAGCCTTGGACAACGGCTGAGGTTTCTGTGGCCCGCATTCATAGATTATGGTACGAATTGTTCAAGCTAGGCTCTTTTGGCGTCCCCTCCACGGGCATCGAAGGAGCGTCATGACGGGTTTGCCTCCATATGTCAGTGGCACGTCCCCACAGCCCGTTCGAGGCTTCACATGTAGGCATCGACTCTACCGCAATTACGGACATATATGACTGCCAGATACACGCGGATATGTAGTGATTGCGGCGATCGGAACCCTTAAGAGTTGGTAGAAGCCGTGCCGCAGGAAAAAGCCTAGCCGGAGATTGCTTGTAGGTACGAGAAATGGAGATAGGGCCGACCGGTCGGCGGTGTGCATTCGCATTGCTTACACCGACGA,680,52.5,Mus musculus
SEQ_270361,CTCATGAAGGTGGTTAGGTCGTCTCGTGGACCATCCTCGCCGCGTCGGCCTCCGAGAGGGGATGCGTCCGCACGCGACTTAGTGTGGTCGTGCTTTGCTGTGCGAATTCTCCACAATTGGGGTCCTGCCATAGCACAGGACGACCTCATGTCGCGGCAGCTGATCTGGATCAGAAAGTGTGATGACCACCCCAGGTCTAGCCGAACAGTTCTGGCAATTAAACTAAGAAAAGTCCTAAGAGGAAAACAGCTTACGGGCTAGATTCTCTCGCTCAGGAGTATTAGAAAACCGCCTTTTTCCGCCGGAACGAAAAAATCTGTGGTCGCATGGGCAGAAGGACTAGGAGGCTGCCGGCGCTGCAGGCCATGCCCCTCAGCTCCAGGGTAAAAAGTTCGCCTTTCGCTGCGACTTCCGTCTGGATACGCGGTGAACTTGATTCGCTTAT,445,54.83,Arabidopsis thaliana
SEQ_257297,GGTGGAGCTCTCGTTATTGAGGTTTAGATACCGATGGCAACACCAGTTTCGCACACTTATAGTCCACAAGTGAATCTTGAGGCGTACAGGGTTTTTTACAGCTCGCTAAGAGCCTATTGCCCGAGGGAATATAACGGGCAACGATTAGATGTTGGAAACAGCTGCCCTTGTAAAGTTAGTCTAAATAACGGAAGGCCATCTGTATTTTACCCAAGAGATATTCAGGTCACGCCATCTACTGCGCACCTTTGTGAACACAGCGTTTGGGGCCATTGAGAACCTGCGTAACGGTCGTTCACGGTATTTACACTGTGCCCTTGGGTATCCCGTGCTTAGATGGGAGATGCGCGAATGTGTTAGTCCCAGCAAATACACGAAGCTGGGACTGGAGAGTCCGACGAACCGTAACCGATGTAACAGCAACAACTTTAAGGAGATTATCCCACACCTCAATAGCACAATACTGGATAACGGCTGGATAAACTAGGCTTGTCGTACCGCTGTGGCCATCAGCAGCGATATGCGCGTGGAATTCCATT,539,48.24,Caenorhabditis elegans
SEQ_712073,TGTGGGACGTGTAGATCCCCGGAAGCGGAGCTGCCCGAGTCTCGTGTTGCGGGTGACCATCTTGGGGTCTCGTACAGATAGGTTATGGTGCTTCCACTGTAGGGGTGGACCTGCCACGTATGGAGTGATAAGGAAGTACCTAATAGAAGGCGACAAAGTTAAGACGCAATACCATGGGTCAGACGTTGCTACTCACGCATAGTCCGACAACGCACGTCTTGTTCCAAGAGATAGAGATTTTTTGTTTAACCTAGGGATGCAAAGTCAGGAAATGTATCCCTTTCGAACTG,290,50.0,Drosophila melanogaster
SEQ_613170,ACCATATCAGGGATAAGATCGTTTGCGGGCACGTCAAAGTCGCGAGCTTTTTGTGGAGTGACTGGAACTTTCCGCAGACCAAACCATCGGCGATACGCACTGTTCGCAGTCTCAGGTCGCGAGCTATCGTCGTCGTGGCCTCGCGGAGTGAGTTCGGAGAAGAGGATAACCACTAATACCGACTTCCTAATGAAGTACGCTGTCAGCTATAGCATCGTGAATCGGCTGTTTGCGGCTCCCAAGTGCTTCCCAGACTTATCGGTGAACCAAGGACCATGACACACGATTAAGACCCAGGTTGACGAGTCAAACTCATGACGGAGAACGGGTAAAACATCATAATGCTCAGGATCTTTGTGTGCCCGCGAGTATACACAGGCCTGGCGCGGTACGCCACCAGTAGCACCGTAGTTGTGCGTCAAAGGGTAGCCTGTAGTGGTGTCCCCTCGAGACCCACAAATCCACAGTATAAACGTGGACTTCT,484,52.48,Caenorhabditis elegans
SEQ_953302,AGTTCACACACCGGACTCCGTGTAGCCCGTCCCCGCTTGATCTAGTAGCTGCACGGACCTATAGAGAGGTTACTATGCTGCAACTCGATCTGGCGCCATGTGTTGGGCTGCGCCCACCAGAACTCGTTTACAATCTCCGCATCATTGGAAGTACTCTTTCCCACAGCCGCTGGGTCGACTGACTGGAACCCGTTGGGACTTGGGCACAGATCTGTGGTAGCCTTCATTTGGTCTCAAGCCGTTTATCCCTCTCTCGCTCTGAACATACAATGGCCGCCCAATTATCGTTGCTGGTAAAGTTGCACATTAATTTCATGTTCGTGCCACTTTAGCGTACTGTGGGCATTTACCAATTCGCTTGCTTAGCACTTAAGTTTTAGTATAAGCTGGCGTGTCTCTAACAGTACGGGAGGTCCTTAGGAACTTTCGCGTAGGCCCTACTTTTAGCTCTCCGGATACCTCACGTAAAAGAATCCTCTGAGCGGATAGCACCTACCCTGTGTGCCTGCCTCCGGTGCGAATTAATTTACCATGTCCATGATTTAATTAGCGTGTCACAGGGTGTGTCTGGTCCCATCGGAGACAGTTTTGCCTCGTTCCTACTTCCTGGGTTCCAGGAACCTCCAGCGCCTGGCAGGATTTATGCCATTATACGCTTGGTAAATTGTTCCGGACCACAGCCAGTTGCCCACCTTAAAGGGACGGATCCCTAGCAAGTATACCGCTACTCATT,733,50.75,Arabidopsis thaliana
SEQ_743878,TCCAGGTTTATGGAGGGGTCTGAGCGTAATAATGTACAGTTTCGCTGCCGCTATTTATACGTCCGCGAGAGTTCCGCGATGCCCGTGTCCTGCCCTGGAAGCGAAAACAACTCATGGGTTACGCTACGGGCCTCCATCCGCCTAATCCTGGGGGTCTTACTACTTACTGAACATATATGTACGCGCTGGATGTAACTAAATCGCAGTTTTCCCGCTGTCAAAACCCGGCTAAGGTCGCGTTTCGCTAAATCCCGACGTGGATTGCGCTCTAAGACAACCTCAGTCGAATACACAAACCCGAGATTTCCCACGTTGCGTGAATTACGTCGACGTGTCCCGCAGAGGGCTAGAGCGCGCACGCGTGAACATGCACCAGCTCCTGTGCCGCGGTTGGACCGGATTCAGATGCTAAGGGCGGGCGAAATTCATCCACAATTTGACCCTCTGACTGTTCGTGATTGCTATATCTTCTATAGTAGCAAATAAAGAGCAATTTGAGCTTAAACTCGCCGGGATGCCAGCCCGCCCTCCCGTGATAGGGTCAACAGAATTACGCAGCAACCCATAGCGATTTGTTCGTCGAGAATCGAAGGGTGGTACTTGCAAAGCCCCGAGGAGAGTTGCAAGGCGCTCCCAAGGGTTTCATGCAGGAGTCTATTAATCTAATTACCCCTCAGGTTTTCAACGCCCTTCGTATAACTGCCACTATATGCGACCCAGGAATGAACATCAACACCGAGCACACTCTATATGATCGGCTATCACCATCGGTCAGTAAGCCGTCTATGTTGGACGTAGGATGGTCCACTATGACTATGCTCGCGGAGGCACAACCACGTATAGAAAGTAACATCTTTATGTGAGCTGCTAGCCACCAGGCAGAAAGCGCATCTGTGAATACTTCTATTGATACCAGGGCATAAGAACGCGTAAGACCTCTGCGAGCTGCGGATGATTATGCCTGTGCTACGTAGAGTCGGGGTTGTAGCATTTCCGTAGTCTCTGGCTTGCGTCCACTGATGCTGCCTTCAACCTGATGGATTGTCGCGGTTGCCCGGTACAAGTAATAAACGTCCCATATCTCGGGCGATTTAGCCTGGTATAACATAGCCTGATATGGATAATTACTCAAGGTCCAATGTCCATGACGCGGGAAAGAATTAAGTCGATCTCAGGATACCACGTCATACTGGCTTCGAGAAAAGATACCTAGCGATAGGATGGTATTGGCGCTCCGGATTGATCCGCTTATACGTGGTTCCCACGTTATGTTTGGAGCTCTGTCACAAAGTTCCCCAGCATTACCCGTCTATAGTAAACAAGGCACCTGTATGGCGGCGTTATATGTCACAGACGGTCTGGTGGCGCGACACACCGCCCCGAATTATTCGCCCTGTGCGCATAGTTATCATAATGGCGCGAAGTAGTTGTGCGGTGTATAGATCTTACTTTCTACGTAGATGCGACATTGTAGACTCTTAAGTGCAGTCCGTGAAAGTGGGAAGGCAGCCTCCGAATTGTATAATGCGGTTGGGGTAAAAGAGAAAAACATTTTTTTCTTGGAAACCAGATAGCGTTTTTCTGTGCTGGAGCTTCCCAGACTCCCACTCCCTTTTTGCCCACGTGGTCTACCGGTGATACTGAGCATGGATACTTCCAAACTAACGTGTCAATGTCGCCCTGCACTAGACGAGTGCACCCTTCTCCATAGACCCACAGCGCTCCCAGAGATTAAATAGTTCTGAACCTTGAGCCCAGTCGTCCTTTCAGTCTCCGCGTGACGCTTCGTTTGGGTCCCCAACAAGAACTGATTGCGCCCGAAGGGACAAACTCGGCCAGGCCCCGCAGGACGCTATGATCCATTGGAACAGTCCCTGCGTCTTAGTCGAATCCCCACGCGGATAGGCCACTGCTCTCGTACCTGGCATTCGATCTCTCCCAGAGAGTGGA,1950,50.77,Arabidopsis thaliana
SEQ_276919,ACTGTTGATGTGCTGTGCTACGATCGGGGTGCAATCCCCAGCCCCATATGTATGAGGCTAACCTCTAACACATCGAGCAGGGGAAGGGAAACAGAAGACGTGCCTTCCCATCCCGTCACGCATCTTCAAGTACTTAACCGGCCGAATGAGGAGCTACGCAGCACCGGCTCTCTTACGTAGACAGCCATTATGATACTATTTCGTTATTGGGGGCTCCTGGGCGTTTAATTAGGATCGAAGATGAAGCGATATTGACACAGAAAGATGGTCTGGCCTAACAGAAGCTATACTTGAATAATTTCCTTGTTATCGTACGATTAACTACGATCCTGTGCAGATCTACACTAGGACCGAAACCCGGTGTAGAGATGCCGACGAACCTCACTGCTCTTGATCCAGTATAGCGTAGGCATGGTTGCCCTCCGAGTTGGAACAGACAACCTTACACTGCGGCACTACGTCGGCCACTAGGGAGTCGCATGACTCCTGAGAAGGGCTAGTAGTCCAGTTCAGTTGCATAAGCCTTACTTCGAGACGTGGACCAAAAGGTGTAATGTGCCTGCACGTTAGGCCGCTAGACAGTGAGCAATCAGGATATTAGAAACGGAATACTGTAGGGGTCGGCGTGCCCCTATTAATTGGTGGTGACAATTATATCATTGATTCGTCTTGCTCACCCAACGCAACAGAACGCACCTGCGGTGCTCCTGGGTAAAAAGCCAATCAGTGCTGCGTTCAGTCACTAACCGCCGAGGGTATCTGTTTCCATCAGGAAGCTTTAAATAAGACACTTCTCAGTGCGGTGGCTGTACCCGCGCTCGACGCTTGACTGCTCGCCCGCGGAATCCAAAAACCTCATTGTATCCGAGCTTGCAATCGAGGCGGTCAATATAAGAGAATATGCGGATAGTGTCTTCTCAATTACTCCGTTGGCGCGTTAATGCATCCAAAAGCATTCGAGTTAGTTTTTAGCCGCCGCATATCTGGTTAACGCCTTTATGAGTACCATTACACATTTCACCAGAATGAATGTGTAATCTCCTTGACCTATCAACGGCGATGTGCTGGTCAGGAACGTAGGGAATCATCCTGAATCGATTCTACAAGGAGTGCTTACTTAGCCGATTCTTGCTGGCCTCTGTTATGCACTGGAAGCACATCATGTTACACATCGTTCGATCTACAATACCTGTGATTATCGCAATACAACTTTGCTGGGCGACGCTAATGGGCCGAGTGAAGCGCTTGCAAGAAGCATGCGGGATATGGGCCATCGTACCACGTCGCGAACCTAACCTCTCTGTATCTGAGTTACGCACAAGCCCCATTACGTAGTACCCTATGCCCCGACACTTAGACGTGCTCTAAAATACGAGCGGTATGGAGCAGATACGAGCCACTCCATCAGAGGCAGTTCTAGGTACTTATCGCGATAATAAACGAAAGACCGATTTATCGCTTCTCGCGTACAACTGATTTAACTAGCCTCATTCGGTTCGTTTAAACAAGGACTGAGCCTGACATTCATCATACTCTCCGGGCCGTGGAATGGGTACAGGGAGGAGGGCAGGTCTTTATGATTCGGGCCCTCAAATGTGTAGTTCGCGAAGGAGACGGACCCGTGACAACATTACGTGAGAGGATCAGGGTGCAATATTACGTTATAAGCTTTTGCTATAGTAAACTGGGGTCCACTAACCCCTATTCTCGCTTGAGAGCTATCACATTGTCAGGAGGC,1738,48.91,Escherichia coli
SEQ_155912,AATGCCTCAGGTGACAGTAGCAACTAGACAGCTTCTAAATATGCGAACATTAATCACCTCCCTGTCAGTTCGGACCCGAAGGCGACCTGTGTCATCTCCTATGGTCCATCGGATGACGAAGCGGATTGGGAAATTACTGTTGTAACGGTGACAAGAGCTCAGATCGCGTTCATCAATATCGTATAACGGCATATCTCAGACATGTTTTTTCAGCCTCGCGTCGGGCGGAGGGTAGAACGGATTTCCATTGGATATAGTAACTTACGCCAGGGTAGCATCGTCTAAACAAGGCTAGCTTTCGGCGTCCCGCGAGGCCCCTTTGACGTCCTCTCAAGATTATAGAGCCCAAGCCCTCCATGTCGCTGACCCTGGTGCGTCCCATGTTCCCCTAGTATAACTAGGATTCGATGAAGATTCGCGCGAGATTCGAGAAGCCGTTCACAGAACGTGACGCGCGTAACAATATCGTGGCCTGGACACCACACGACCGCTCATGATAGGCTGTCCAATTCAGTCGATGGAGGATCAGTCGAACCTCAGCGGATTTACGATGATTCACGTCATCGTTAGCCGGCAATACCCTTCGACGCGCGGGTCGAATGATTTGTGGCTGGGGAGACAACGTTGCCAGCTTTAGGTTAAGTGGAAGGTAACTCGTGGTGGTAGATACGACAGAGTATCTGCGGGCCACCGTAGTCCGGCGATCTTCCCAACTTGTGTTTCGTAGCTGCCTACCGGCAACCTCGTATAAAGTGCGGAGGCGACCGCAGTATCCGCGTAATTACGGGGCACCGATTATTTGTGCCGTAGCAGAGCT,817,52.14,Saccharomyces cerevisiae
SEQ_705131,TTCCGACGGACTCTAGCTACGTGTTTAGTGGCTATCAATAGATCCCAATATTACTGCTGACGTGTAGGACAGGTATAATGACAGCCTATCAAACTCAGTGGCGGCTCAGTATCCATAGCAGTCGTGCGGAAAGACTAGACTCCAACGGATATTCTCAGCCGGCTGGGTTAATCCTTCTTTTGCCACGCTGGGCACACACGATCCAATGTTGGGTCTTGATACACGGATATACGCCGGTCATTAAGCTTCTCAGTAAACACTCCAACTTGGTTAAGTCCGAGGGTCTTCTTAACGACCCCTGTCACTGCATGACTACTCATGTTCATTAGCACTACTCCACTCGCATTTCTCAGTCTGGTCTGAACCAAAAAAATGCTCCAATTGATGATAGCCATAGGCACGCCCGTCTGACAGAAAACAGCGAAGCGTCCAAAGACAGGAGACGATGATCGCCCCTACTTCCAAAAGCATTCCTGCCCCGCAGAAACTGCTACCTGCGCATCCCACTCCGCGCTCTAGGAGCGTCGCCGAGTCGTGGGGTGC,543,50.64,Arabidopsis thaliana
SEQ_883499,TTGCGAGTGGCGCCGATCCCAGACGGCGCGTGCAGACTAAATGCTAAGTCTTACATCAACGCTGTCCAACGGTGAGTCATCAGCTCAATTTCTTTCAAAGAGTGCTAGCTCTCCTAACTGTCCGGCGGGGTATGATGATTTGGGCCCAGGTCAACACGCGATGAGAATAGACGTGTATTGAGGTAAATTGTCGTCAATAGTTCAGATAGGCTAGCCACTACAATTAGAACACTATTTACTCCATAAGCGTCACCTAGAGGATCGTCATCTCAAACCCGAGGAAAAACGGGATAATGTATTTAATATCGTACCTGACTACAATGGTCTCTGTGACAACCTTATAAGCGTCACGGTAAACGCGTACCCAGTCCCCGATTCGAACGCTTGTCGCAAGATCCGAAAGGATCGACGTGACGGGTGGCTCGGAAATTCGGTTGCCGGTAGTCACCTAGTGGCGGTTGGCACGAGGTACAGTTACATCCGAATACTCATTCCTAGCTAACGCGTGGTTCCTAACGTGTAGGGAATGTGACCTCCACGAGATCGTACAATGTCGGTCACTACAGTTGTCACGTCTGCCACTTAGGTTAGCTACACAGGAAGTACTGGGTAGTTTACATGAACTGTCAAGCGCTAGGACGGCTTTGGCGGCGGTTCCTCGGATATTTCTCCGGAAGTAGTGCCCCTAGCAAGTAATTGACGGTCGTCGCGTTCTGAGTTGCGCATCATCCGAAGCACCGTCTGTATACTACAAACATCGTTCCCTTTGGTTATTCGTAGTTCGCTATGCTGCCAATTGTAAGGTATAAAACCGGCGAGTATGGACAAATAGACTACGGTGAACTTCAACACCGCAACTGATCCCTCCTGGCTTCAGAGGCTGATGTCGATGAATGGTTAAACGGTATAGCTGAAGAGCCTCTTGAACACATTCGTGAATTATCCTCTCGCGCTGGTTGGCCGTCCCTTCCACTTGCCCATAGTACCCCATTAGTATTGCTCACCAGAGTGAACAGGGCTTTTCGAAGATCACCACCTCGATGCAATACCGAGATCCAAGGGACCCTTGTATTGCTCTTGCTTAATTTTCGACAGAGAATAGTCTGACTCTTAGTAGAAGGGCTGGGAAGAAAGATCACACAAGGGGACTG,1151,48.83,Caenorhabditis elegans
SEQ_499919,CGGCAGGCTGTTGCGCCGCGGGCGATTGCGCCGTTGGGGATTCCCCGAGCAAGTTGTACTTCAGCTGGAATCTGAGCCTACAGTCGTGTGACACTGTTCGGATATGTAGCTCCGTCTGTGGCACGTGAGTATAAAACGGAGGGACTAAAAGATGTGTGCTGACCCAAGTGCACGTGAATCCTGCGTTGAGCCTCTGCAGTTGGTTATCGCGAGAGCCAATTGTAGAATCGACTGGCGTACCAGGCGGTCCCCCCTTCTGTATTAGGGGGTATTAAGGACCGTCGACACTTAAAACTTCACGGGCTTTATGCAGATCACCTAGAAAGTGAGAGCATGCGAACTCGTTGGGCAGACCTCGGCAGCATCGCACGTTCGGACCCAAACGTCATTAGAACTTCGTATTTGCATTCAGCATCCGAAGCTCTCTGCTTAAAACCTACCTGGGCTTTCTCTAGATCCCGAGACCACGACGCACAAGGTGTTCTTACGATGGGTCGAGATGACACTAATTAGGGCTATGCCACAGTAGTAGGGGACCCACTAAACGGTACATAGCACCAGTGCGATTGTCCGTCTAGTGAGTAAGGACAGGTGCTCCTGGCCTGTTTCTACTACGCTACATAAAATGCTGTTTTGCCTGCACGATCTTCTTCCCTGGCCCTTGACGAAAATGTGTTTGATCCTTGGCTCCCCGAGCGTCCGAGGTAACAAACATCAAAACGAGTTGAAGAACAGTAGTGTACAATAAAACGTCGATTAATTCTAACACTGCCCCTCTTCAACCCATGAATCCTGCGCAAACTATTAAAATCAGATTGACATCCCCTTCCCATACAGCTAGAAAGGTAGAAGGTAAATGAAAATAGAGTAATAACCTTACACGCGTGTCCCGCGAGATGTTCTATCGGATACAACGATAATGCGTTACATCCCGGGGCGGGGGTGGGGATAGCGCGAGGGTACAGATCCAGGAGCCTGCTTTAGCAATGGAATTGTAAGGTCGCTACGGTAAGAGTGCAGTTACTCACCGATAGGTTTTTGGACATCGAGCCTACGTGGGGAATTGCCCCATTATGATAGGACATTCGCGGATGCTCCGTGCGACTGGTGGTACCCTGGTCGCTCGGCCAGCAGTATTGTCTCGGGTCAGGCGTTATACTAAAGTATCTGAACGGTATTCTGTAATACAGCGGAGGGTTAACTAGGTGGAAGGAAAGTAGATAGTTAACGCACTAGCCTTACAAGGCGCTACCCGCGTGAATGAACACTGATGACAATAACAGCGAGAGCAGGGCAGGGCTGCCTGACACTTGGCTATCTCCTTTTTACTGTTTTCAGACAGCCGGGTGAGTTCCTAAACCGGCTCCCCACGCTTGGTGGAATGTCTCCTAGGTTTCACGATGAAAACTTGGTGTACAGACGTTTTATACCCAAAGCACCACACGATCGTACACTCTTGTACGAGGGTTAGCCGTGGCCATCTAGGATCAGTATATTTTTTCAATGAGAACCTGTAACGCCGCTGTGACACTAGTGATCGAGAGTTACGATTATTTGGCAGATCCCTGGGCCTAAGGCACGAAGTTAAAAGGATTTGTTGACATGTTCTCAACGGTTCAGGTCGAGGGTATAAGCGGTGTTTGACGCTAGCTAATCATCTAGATTGATACCGGACTTTCATATTCAGGCGGGACCCGTCGTTCGACGGATGCGCTATATCGACTCAATGCATTAAGCCTGTATCAAGCCAAGGACTCTATCCTACACAAGTGGAAGGCGCTCGCTTGG,1788,49.78,Escherichia coli
SEQ_620219,GATTGTATGCGGTCTTTTTCGGCTGTGCTCGAAAACAATTGTATTAGCACACGATATGCGCTGGCCTTGTTGTCAGACGTAATACCCCCTGTCTGCCGCGGCCCCACAAATTTCAAAATACGTTGTCTTTCATCTCGGATGTCTTATAACACAGGCTATGTGTCTCTCCTGCCTCTCCGGTTTACTATCCCGGCACTTATTAGGACGGCTGCAATCGGGATCAGGTAACGAAAATACTAGGTTAGAGGACACGCCGCCTGATCGCCCACTAAATGAATCTGCCAACCATACCTCGCGTGTGCGCTACCTGTCAAAGGCTACTGTATTACCACTTGTAATCATATCTGCATGGAAATCACCGGGCCAAAGTTTAGGCCGTAACCCGCGACAGACGCGCCCAACCGGCAATGGAGAAAACGCATCCTCCTGCATATGCCGCCTCACTAGTGTATAAGATAAAACCAGGTGGAAATTTCAAGATTCCAGCTCATGAATGAGGACCCACATGAATCAAGCTCGATTAATCCCACTAGTCTTTAGGAATATGACCGTAAGAGCTTCAGCCTTATCTGTGGAGCATATGCAGCTAGCTATTGAACCGGTATGGCACTTGTAGCCTAACATACACTTATCGACCGACACTGGGCCGTCGTGAGAAGTCGTGGCGTGGCGGGATTCTGAGTGGTTTAGGATGATGTCATTCCACCCCGGAAGACTCAGGTTATGTGCCTAATCGGTTCTTATTAGGGGAGGCAGAGGAATAAGGTACCAGTTTGCCGCTCATCAAAGCTGGGTCCCATTGCAATAACATCACGATATGACTCTAAAACACCACCCCATCTGATTACGTTAAATATTCGGATTGCGTTTCATGCTAAGCGTCGGCGAAGACCTAGTATTTCCGCGCACTTTGTAAGTTCTAGCTCTTCCCACGTTTTTTGGGAGCAGAGATTGACACGGGATTTTGTAACTAGAGGGAGGCGGTTTCATGAATTACCTCCAACGCGGTAGTTACCCCCTCAATATTATGCACATTTAGAATTGGAACGATCCGCGTAGAAGTCTGACCGCACAGCCATGTCTACTGCGACCTCAAGCCAAACCGAGGAAAGACTAATCAACCTGATGAAACCGGGCTCCACTTCCTCATGGGCGTTCGGTAGACCGGGTCTACCCAAAGATCCGTGACTCGCATCCCGCGGACACCATGTTCCGCTTAACTATCTCATACTACCTCCGGATGAAAGTGCTTTCTTGGTAACTCTAAGGATGCGAATAGATTAGTCGTGATTTTTTGTGTGTTTTCCAACGCACTAAGGCGTAAGGTAGACTCGGGAACCTGTATAACCTCCAACGCTAGTATGGAAGTTCTTGCGAAGCGAGGGTGACAGAACGGATGACCTAGAAGACGCGGGTGCCCCTTATTATACGATTGGTCTCTCCGGGTCCTCCGACAGGCAACAGAGCTGACTCGGGCTAGCAAAGATTGTTCCAGCAGTGGAGGAAGCTGTTATCGTGCATCTCACGCAACCCGCAGCATTCTTCACCTGAGGGGCATGTCACTGAAAAGGTAAGTGGCTTACCGCTTTCGCTGTTAAGAGACTCCCGACGGTCAAATTTGATACAAGGCAGTATAACCCAGCGCGGCGGATATTCGGAGGACTGTGCACAAACGCGTCTATCCGGGCTACCGAGATGACGGATAAATCCACCGGCTTCTATCTGCTACGAGGCGTATTTGTATAATATCCCTCAGCGGTCATTTATCTGACAGCTTAAAAGGAACATGGCTACGTCTTGTGACGCTAAAGCTTCAGGCTGGCAGGGTGAGAATATGCGCACGCCGGCCGATGGGTCTGCGGTTGTCGTAGATAAACTCTTTTCGAAGGGGCACGCACAGGTTGCCTCGACGCTTGACGGTCATCGGAGCCACCACTTTGCTACCAAAGGTCTAGCTCCCTCTTGCCGTCCTGTCCCCGAAGACGCTCTACGCGTATA,1998,49.9,Saccharomyces cerevisiae
SEQ_647268,ACCTATCTCGATGAAATCACCGATCGGACCGCCATTCATGGAGTAACGCAAACTAGTTGCGCTGATACGTCTTTCCGGCGCGCGAAAGCAGAGGGCGCCTCCGGATGACTGGGTCTTCAGGAGTACGGGCTGGGCGCGCGTAAGTACCGCATTACTGCGGCAATCTCATTGGCACCGAGTTATGCTAATCGGCGGTGGACTTAGATTGTAGTCCTCCATCCTCGCCTTCCCTGCTCCCGCTTTGTATTGGTCGTTGTGCGCTTAGACGGTCACTTATAGCGAGCGGCAGGAACACTACAGGTTCCAAAGGATTCCCATATAGAACGAGGAGACACTAGAGAAAACCAAAAACGTACAGTTCATGCAACCGAAGGACCACGTGGATGTTCCCTGACTACCTTCATACTGCCTCTGATACCTGGAGACACGGCTGTCGGCACAGGCGCGGAGGTATTGAGGTATTCGTTGTGCAAATCCGGCACACTCTTCCCCTAATGGAGATATATGCTAGACTCAGTTGCGGATGGGCAGAGGTACTAATAAGGGGTCGAGGTGGGGACTGATAGACCTGTGTGTATTCACAATAAAGTCCGGTGCCGAGGTCCATACTGGCGGAGGCCCTGCATGATTCAGCGCGTACATCAGTAGCTGCGCTTTCGACTCATACTCACACGTCCCGGGGGGTTGACCCCTCCCTTACGACTACTCGTGAGCTCGGCCTTCTACATGCACTAATAGGCGGTCCACTCCTATTGTCATTTCTATGGTCGCTTGGAATGGCCAAGAATTTCGGAAGATCGCTAACGCCAGTGAACCTTGCGTGTATCTAACTATGGCGCCGAAAGCATCAAGGCGTACATAGATCTGAGACTACCATCTGTCATTTCCGCCTTATGTTACTCACTGCGGATTTCGAAAGCATTATAGCTATCTATCGAATGGATGGCAAAAGTGGCTTTTTAACTCCCGCAGATGGTTTCTGTGAGCCGATGTGGCTGCTGTTATTGCGACAACCCTTGTTAGAAAAGGCTGTCCCATGTCACACTCTGTTCGCTACCTAAAGGCGGGGTAAGGGGCCCCCGGTCGTTAGTCTACAGAAAGGTGATATTCATTTTCAAAACGAGCGGAGCCGAGCATCTGTCCTGCCTGCCAATACTCACATTTGAAATCCTAAGCCGAGGGGTGTACAAGGTTCGGTCAAAGCCAACTGCTGATACGCGTCTTCAGACCCCATCGCTGAAGCATTATTTCAACTTAAGAGTGCTCTTTAGAGCCCTGAGAAAAGATACTACACAAGCAGTAGACGTTTCAGACCTTGGACAAGCAGCGCGAGAACAGAATTGGGGGTGTGTATGGTATGCAATCGATGGATGGGGCTAAGCGGTCGGGGTCAAGTAATTCTCACAACCTTTGCACGTGCCCTGGTTACACCTCCTGAAGGGCTGTCTGGCCGTGACGCACGGCTCATACTCTACATGATCACACGTGCCCCTATGACCCACGAAGGCACCGACCGAAAGCACTCTTGGCAACCACCGACAATGTGCCTGAAGTGTTTTTGCCTCATAATATATCTTTATATGTTGCAAGAGTGATCGGAAGACCTTCTGCGTGCCGGCGCCCAGGAGTGTGCTGCACTGGGAAAAGTAGTAACCCTCGCTTGGTAGGGCGTAGCTAGAGTCGAGATCGTTGCAAGCCACGTGACTTTCACAAATAGCCTACCCGATCGCGCCGGTTTACGGACACAATACTTTTAGAATAATCCCAGCGATAAATTGGAGATTCTGCGTCTATCGGGCAACTAAACTAGGGACAGATCACCCAGAATCACGCCATCGGCGTACTAGTTTGAGACCCTTAACACCTGGGCGATGATTCCCTGTGACCCGCAATAGTGTGATGTTAAGGTTCAAACAGTTGACCAATTTGGACGGCCCA,1938,51.19,Caenorhabditis elegans
SEQ_351895,GGGTCTTTGCTTAGGGTGACAGTTGTGATATAGCAAGACCTTGGCAAGCGGAAGTGGGACTCGCCCATTCTCCAGACGGGAGGGCTTAAC,90,54.44,Mus musculus
SEQ_595593,ACGGACACCAAGTTCCCTGCCCGCAGACCGCCCCTTCCTCCGGTTCTCGCGGCTCACTTGGACCTGTGTCTGAGGGTCTAGGGGTGGCGATCGACAGTATGAGAAGCTGCGACGGCACTATCCGCACTCACACGGGG,137,63.5,Escherichia coli
SEQ_167725,TTAGGAACAATGTCTTAATTCCAGGAGGCTTTAAGCCGACTTCTTGGCAAGTACCCAATCTACGGTATGGATACTAATGCCACCGCGCTCCGTACGCGCAATATATTCCATAGAACTCCAGCGTGAAAGTGCTAATTTCGGGCCCCGCTCGTGATATTACAAAGGCAAGGACCCCGAAGAAAGCTGGCCCATAAAATTAAGCTAAACGAGTCCGAAATACGATCCGTCTGAGTTTGCGTCAGATCACCTGGTACAGGCTTAGGACACATTCTAATGACCGGAATAACGTTCAACATCCCGCTACTCTCCCAAAGGCATCACCAAATAGTCATACACACCATTTCCACTCTGGTTATCGGTCCTGCTGTTTGTAGTCTTAGGACAGGCAACCACCAGGTCCAGGTATTCTATCAGGAAACTCGACGTGATCCTGTAAAAGGCATTTACCCACGGGCCCAACTGTACGGGCAGAGCGACACTGGCTCTTACAGTGGCTGCAGTTGACCGTTTCTAACCACTGGATATTTTCAGCGTAAGTCGTCATCACACTCACACTTTTTTGGGCTGGTAATTACCAATAACATCGAGAGATGAACTATCGTGCGCTCTGGCTGTAAACGCGATATATATGGTGCATAGTGTGCTAGTTCCTGTAACTTTAAAAAAGGTGA,671,46.8,Mus musculus
SEQ_555097,TCATTAGAGCACCGTAGGCGACCGCCATTGAAAAGTGCGTATATGAGGAGCGAAAAGGGTCTGCGGTCCCAATAGTGGTGAAGACTGGGAACAAGATACAGTCTAGGACTTAACGTCTAAAGTAGCAGGCCAATTACCCAACACTATATGTGGACTTGCCTATCTGGTGTCTCTGGCCATGCAACGGTTCGCAGGGGTTTAAAGAGGGGATAAGCTTCTGAAATAGATTGGGATTCTGCGCCGGTCTTACCGTATTGCGGTCAAGGACTTTGTCCTCGTTAAATGTTGCTAATTATATTGTAGCTTGCATTATTCAGCCTCTTATTCCCGCCACGATTCTGAGCACAGTTGGATACCAAGTATAACATACCCAGGTCCGACCCTTAGTATGCCGAAGCGATGGGGACGTTGTAAGCATTAAAGGTATCGGCGTCTCGTACGGTCAAACGGATAAGAATCTCCACGAGTCCTGTTATGAGTTCTGTCTCCCCAGAGCTATTGGTCGGTATGGAGAGCTCCTGATTTGGGACTGCTGATTCCAGCGAGAGAGCCAAGGTCAGTCGCACGCTAACTGGCTGAGCTCCGCGTGTCACGTACGGCGATGGGATATAGCCAGAAAAGCCGAGAAAGGACTCAACGGTCACAACGAGACGAGAGGTCCACAATTCTCCTCATCAGCCACGTCGTAGGTCTCGGCCGACTAGATCGATTGAGACACCGGATCGGCTCACAGGCCCCATAAGTACACCGTGGGGATTTAAAACAAAGTCACTGGGTGTGAGCTTATTCACAATGCCGACGACCCTGCTGGTTCTCTATTCAGAAAGTTGAAGGAAATGCTGTATACGGAACGGGAGATCAGGTGTGCTCGTTGGGTTGGTCACCTCCGGTTTGCCACGACTTCTCCCTGCCTTGATGTGAGTGCCGAGTCCTTATTTCTTTGCGAAGAACCCGCCTCAGCATGCCTCAGAGTTCGTCGAAGTTGATCGAGTTAACGCTCTAATGGCTGTATTTTAGTGGGACGTTAAATTGAGATAGAGATAAAACAACCAAGACATGACCTTCTCGCCGTACAGAAGTTCACAAGGAGATCATGGTTGGACGAGCGTGATTCGCTGACTGGCCCTCGCCACCGCTCATCACAAAAGCATGAACGTGGGGTTGTAGACCGATAGAGCCAACAATGTCCACACGGCAAGTGTTACAGGACTTATGTGTCTGACAGAGTACCACTGTGTAGACACGCACTGCTATGGTACATTCACCAAGAGACCAGACCTTGCATGGATGAGTGGAAACAACCGGAATGAACTTCGCATAAGGTTAGGTAGTTTTCTCGGTCTCTGATGCGAGGACTCGTGAGCTTTGATTGGTAAAGGGTGACCTAAACCTCTGTGCGGGTTTGGTCAATGCTCTATACGTTGCGGGTAGTAATGAACGCGGTCTCGACTGAAACAATTAGACGATGGGGGATACACTGTCCAGTGCTTCACGCGTCTCCATGCAGACCGATAGCCGGTTGTAGTGTTTGTTAACCACAGGCTGAGCTCATAATTCACTCGACCGACTAACAGGAACTAGTTCCGGGATTTTTGTCTAAATCATACCGTCCACCTGAGAAGTACCGGCAAGGCTCCAGGACACGGGGACATGGGACGAGAACAAAACCAAAATACTGTGGACGCGGATAACGTGAAGAGCGGTTGTGTATGAATCTTTGATCGGCGTACCTCAACCATAACGTGCCTCGGACAACTCACACGCCAACTACATTCATATGAGCTCTACCATCGTGTGTAAAAGGATAGAAAGTCACCTAGCCTATAAAACGATCAGTTCCCGAGCTACAGCCTCAGGGATCTATCGGGTTAGGATTGACTACGCATCCCCCGTCTGAAGGAGGGGCGACGATGTTTAATTTGCACTAGTGGGTCTAGATTCCTCGTGCCCCACGACGTTTAAAACCCCCGGGACGC,1976,49.85,Arabidopsis thaliana
SEQ_656087,CGAGAAATCCAAATAAATATTGCCGTCAAAAACTACTATTGTAAGAGCTACATGCTGTGCCGGTCTAGCAGGGAGTACCTCTCGGAGTACCAGGCTGATCATAACTTTAGCCCTTGTGCCGCCCCCTTATTTAATGACAGCGAGAAGCTAGAACTCAACCACGTCCCAGGTGTAGTGAGAGAATGCAAGAGTAAATCTAAGAACGTCCACAGGTTAGAATAACGATTGGGCGACATAAGGTTAGTGTCAAGACCAGATACACGAATAATGTACCGGAGTCGACCCATCTCGGCGAGCACGGGTGTAACTATATGTGCCCATTTCATCTTCTATATAATTCATGTTCCCACCGACCACCGGGTGCCGCATGTCTAGATCGCTAGTATCGGGTTACACACAAATTAATAAGGCAACGAGACTCGGGTCTAAAATACGGACATGTCGCGTACCACTTAGCACCCTGGAGTTCCACTTTAATGGCCAGCAACGATGTAAAACAGCCCTCTGGTCGCAGAGCGTGTACGAGTCCTGTTAGGAGCTGCGCTGTGCCGTTCCGGGAAATAGGTGCGAACCATCGAACGCCTAGATGTCCGACTTTGAGAGTTCGCTGAAGGCACCTTTGATGGTTCTAACTTAGTATTACTACCCTGCGTCAGTCAGCCGGTCTTAACCATAAGTGGCCCGTCAGATCTAAGTGCACCAAATCCGTGTCATACTGGGGCACGTTATCTCCGGGCTGCCGCTTAGGGCTCCCAGTGTTATCGCGCGTCTTCTCGAGCACAAAATGATTGCGACACAATACGGTAGCTGTTTCAATCGGCAAATGCTAACTTCCTGGTTATCAGAAGCATGTGAAAGATGGCAACGACGCGCACCTTGAATACCCTCTGTCTGACGGTTCCAGCTAGATGCATCGTATACCAGAGAAAGTAACACGAGTCTTCCAAGGGAGCTCTAGTTGAATAGGCATGGTTCAGCGGCAAGTAAGGTGTCGCAGCTAAGTAGTCACACCCCCCTCAGGGCTGCTGCCTTAGACCAGAGTAAGGACCGCCTTTCGCACTGACTAGAGTCACTTGTAGGCGCTCACCGCCATGACTCACACACGGCCGTTCCCGGTACGTGTCCAGGTGACCCACGTAAGGTACGCCACAAGAAGTTTCTTCATGAATCCCAACCGAGTCACGGTTTCTAACTCTTTGGACCCTATCGTTGTCACTGTAAACCCGTATTAAAGCCCGTACAAGAGAAAGGACCGATATCTGGCCCCTTCACAGGCCATCCCAATCGTAAGTGCGCGTATCTATGCCGCTTTGATATGCACGCCCATCCCACCCAAACTTCCGCTCATTGTAAGGTCATCTCCCTCTGACCGAATCCCGTACAATGAGAGTATACGGCCTTCCAGTCGACTGTCCATCCAATTATAGAATTCATTAGATCCGGCTTAACCGGAGGGCCGTGGTCCTCAGGCTTAGGTTAAGGGGGTCAGCTGACACCCTTTGGTGCGATTCCCTCGAAGCTTCAGGGCACTGCGGGAACCATCCGGGTGTCCCACGTTCCCACGTCTAACCTTCAGTGGGGGCGATGTGTACTGAAGCCAACTTCCGAGAACGCCTTACTTTTACTCGAATTTTGTGACGCCACCTGAGGAAAGATAGGTCTACGCGCAAGTCAAGCTCCTGGTCGTGTACGTCTCAACCTCGCACGCGATGCACCCTTGTCTGTCAAGGAGCCACTATTGGCTTACGTGCTCAAGGCCTAGCAAATAAACTCACGGAGGCAATACACCCAGTCACTCAAAGTTTTATCTCTTAAAGCCCTGCCTGAAGACTGGTAGAGGCAGCGTACGTTGACTATAATGATTGTAAGGGCGTGCAATTGCGGTACTG,1889,50.77,Arabidopsis thaliana
SEQ_308669,GAAAATTGCATCCAGCGTGTTCACAGGAGTGATTCTTCAATGTAAAGGGAAGCATAGCGTCCTCAACTCCCCCTCAGAGTCTGTCGGGGAGTGTGCCACTCATCGGATCCACCAGGTACCAACTCGAGTTTCGGTCTTTAGTGATCCCCCACTGCACGATCTTAGACCGTCGTCTCAAAGACTAAGCGGCCGAAGGGCGCGGACACGAGGGTCAGGTTGACTGTAGCTTCGTGGCCAGCGTCCGATTCTAAATATACGAGTCATCGGGAGACACAGGCGTCCAAGAATGGCCCCCCCGATTCGGTTCTTGGCTCCGCCCTCGTGGTTGGCCACTGAAAGTTCTCTAGATCACGAGATTGGTTGACGACCATAACCACATATCCCACCCACGGCTGGGATCATACAATCCAGCCGCGCCCGTTTTTCTGAGAATCCCACCTAACGCCGAGATTGACGTGCTCGCACGTCGCCTAAAGGTCCGGCCAAACTAGCCGTGGGAGATATCTAGTCCTACTAGCGCGTTGCAGGGAAGATGACTGCAGTCATGGAGTTCGGATCCTTGTCGGCATGCCTCACATTCT,581,54.73,Escherichia coli
SEQ_639001,TTAAAGTGCCAGGGGCTTGCAACTCGTACCATGCGTGTTTTACGCCGAAACGCATTTTGATATCATCAGCCGTTGTGTGCACTGATACGTGTGACCATCCCTACAATGAGCTGTCTATTAAAGTGGTGAACCACATTCGCACGCCAATTAGCTCCAATTAGGTGTCAACACCTGCCAGCGAACGCTCTCCGGGACTTATCGTAAGGTGCCGCAGCGTGGGTATGCGTCATCGCTTACGGACCACATGGGGTTACGAGAGCTCAACCGCATTATCGTGCACTACATGCCGCGACTACGGCGCCGCTAGAAAATTAGCGTCCATACTTAGATTACCTTTACTTTATCAACCAATAACGGGTTCATTCCGTAACGGTGCTGAAGACTCCGGAAGTGTCATCGGCACTAAGCCAGGTATTAAGTCGGTGAGTAGACTTCGCGACCACTGTTCGGTAGAAATAGGTTCTTTATCAGGGGTGACCACGATGAGATGTACGATAACGGACCCTTCTCCAGGAGGTACACCCGCCCAATGTTTATCATGGATCAGACAGCAGTCGGACATGAGCGTGACGATGGCCCGCTAGACCCGTTGGCTCGGCCGAATCGATTGCTTGGAGGTATTTACTACGAGACCCCGTTCCGCTTCCAGACGCAACAAAATTGCGAATTGTCCATTGTGCCAAGGTCTATATAGATTATGAGCCCGCCAAGTATGCTCAATTTTGTACACGATCTTTTGCAGTTGATCAGGTCATACGTAGGAACTAGAGTGCGCCGGATCGGTAAGAATAGCAACTGCCTTATATGGTCGAGCTAACGGTAGTAGCGCTTCCATGAGGTCGATTGGCTGACACCCTCAGCCGTCCAGGCCTACGCTGTTAGATCTATATCATGAGGTGGAACGGTTATTAGGCTAGTCTATACCGGTGTAGACGGCTGCGATTTCGGTTGTAATCGCAGGATGGGATTGAGAAATTACCAAGGATGCGTAGACGGAATCACGGCCGGTCGTTCAATCCAGATGTGGGCAGAGGTACACCACTAGAGTTTTCTTATGGCCGGCCCTAGTAAGTCGACTATCACGCAACTTCGTAGTACGAGTCATATGGATCCGGACGTATTCATATCTAGGCAACATGTGCCAGACATTTTGGGGCGCGCTTTTGCTTCCACGCCGGGAACGTTTTAGCCCCACGGTGGAAGACCCATGGTGTCCAGATACTACGAGAATCAATCCCGAGCCGTACCCAGTGCTTCAGTGTACCAGGTTCCCAAGGGGCGGCATATGTTGGCTTCAGTGTGGTCTAGAGCCCTCGCCATGGAGACC,1327,50.94,Drosophila melanogaster
SEQ_965032,GGAGGTGACAAAGAGTGGACTAGAGTTGTCCTAGTGTGTAGCAGGGTCATAGGGGAGGTCAATCCTGATTCCGTTTGATCCAGTGACGTCTGTTCTCAGGGTTACGTTCCAACATACATCCCCAAGGCGCTTATCTAGTGTACACTTATTCGAAGGTATCTCGGCGATGCTGCATGTAACTTCGTATGAACACGTTCAGGCGAGCCTACAGCGCGTCGCGAGACATGCGCATATGTTGTCCGGATTTGTCAACAGATGACACGCACTCTGCGTGCAAATAAGGTACACCGGGGATCTCTGGCACCGATGACCAATGACCACTGTGGCCCGGCCGGCTAGGCCGAAATTCCCACCAAGTCTTAGTGTATATAGATGTGCCTAAGAATTAGCGTAATCCTTTTGCATCCTGGTCCAAAGCACGCAGCGGGTGCCCCCGCTGAGACGAGAAGATGTACTTCGTCAAGGAGACCACGAAGCACTGTTGTGGACATAGCTATCATGATTGTACCAAACGCTGTCGTTACTCCGAGAATGTCTCCTTGGAAGAGGTCAGCTCGTGATATGCGATGTTAGATGAAGCACCAAGCCCGATGGTCTGATGATGTCTGATGCTCTTTCGTCCGCATCGGCCACCAGAGACGGTAAGTCTTTGTGACCGCTCTCGGGTTACTACTATTACGCAAGTGCCCAGCCTCTTGCGACATACTCCTTAGGGTGTTACAGAGCACCAGCTGATAGGAAGACTATATGGCATGGTGTCCTGGTGGTGATTCAATAATCGACACTTGACCCTCGTAAACAAAACGTAAGGCGCATTTACACCGTTGGCGGGTCTTTCTTATCAACATACAGACCCGGTGGCGTTTCACCTGAAATCAAGGCACGGACTTGTTCTCGTTCTTTGTAAGCGGTAATAGGCCCCGTGCGCGTCCGGATAGGTTAAGCTTGCCACTGGTTGTGCTCTCTCAACTCCGAGTCAGAGAAATTCCGATCCGCGTTACCTATACAACTCGGGCCCACGTATGCGCGATACCCAAGCCAGTAATGCAAGGGGGTTAGTTTTGACCCATGCTGTCTCCCAGTAGCCTAGCCCTTAGCCCACGACAGCTACAGGATTCCTTAAGGGGTCTGGGTGATCATTATCACAGTTCCTGCAAAGAGTTTATGAATAACTGCCCGAGGTAAGATAGCGTCCTGGGACAGCCCGTGAACGTCCTCCGTGAGACGTATTCTCTTGCATACAGGATCCATCATGAC,1257,51.07,Escherichia coli
SEQ_486729,TACGTTGCGGCTGAGATGCCGGCCCGAGGCTAACTTTGTCTCCAGCATGTTCCGCGAAAGTTAACTGAGGTACAGTCCATATAGTCGTGGCGACCATAGATTGGTCTGAAAGTGGCGTAGTTTGGGCCGCTTGCATGCATTACGCGCCTACATGACGGGCTGTTCCAAGGTACGGGGACGAAGGTCCGGCGCTATTTCCGCTCTTGAGGCCCATTGCGCGATACGCCTCTTACAACTCCTCGGACCAAGCGTATAAGTTCGTCATGATGTGGATGAGGTAAGCGCTGGGGCAGAGGGTCTACAATTGTGTTGATATCCCTCCTACTCTACGCGGCAGGAAAGGCGCGTGCACCTGACTGACCAATCCCTTAGTTATAGCGGTAAGCGTGGGAGCTTCGCTAGAACGTTCCCGCGTCCGTAAATAGCGTTAACGCTGGCAAGCACCGTTTGACTCAACGAGCCGGATTTTTTCGGACCCCCCAAACCCTCCGCTCTAGGGAAAACGATTCGTAGGGTTTGATCCAGTGCTTATCTAGGTATGTAGAGTCTTATAGGACTGTCTACTACCCGGCTCGCCAAGCCTGTCCTTATCGTCATCCTCCGGATCCCGTTACATCCTGTTACCCTCATAAACGAATAAGTCTAACGTCGAATGAATACCATATCCGGGTTCTGTGGACCTAGAATGGTGTAGTCTATTCCGAACGTTTGTTGTCGTCGACGCTCTTGGTGGGTGTCTCGGTGTTTTTTAATACGAAGGATATGGACAGGGAAAGGGGGATTATTATCTTTGGTACTCGGAGGCCCACCTTTATGTACTCCCATCACCAGCTGACGGTTCAGGAGATGGGCCGCGTCGACCCCCGCTAGCTACGCCCCTCGCTGCATACCGGCTCAGAGGCAGTTCCGGGAGCTAGGAAAGAGAGCATCTACCATACGTCTCTATATAAAAAGACACTTTGACCCTATACGGCGCATCTCGGGTCATCGAAGGAATTACTCCGAGAAGATCATAATATCCGCGGGCTTCTTCTTACCACAGTTCAAGGGGTAATTCTTGTCATTTTTTTCCCCTCGTTCATAAGTCATCTAGCTTGCCTGGCCTGGCCGACATCACCCGGACTAGCTTTGTAACCATACATTCTGATGAATTATACTAGATATCGCAGCCGTCAGTCTTCGCCACGCCCTGCAGAAAGCCCTCGGTCGCTCAACAGTCGTAAGGGTTGGACCAGTGCCTCACCAGATTATAGAAGGTAGTCATGAACGGTATGACGGAGGCCCGCTCCTCCTAGGCATGTATTTTACTGGCTCGCCCCGACGTGTATCATATCGTGGCATATCATATTTCTCGGATCCTACGGATACGGCCTTCACCTGATCTTCCAAGGGGCCTTACTTTGGATCACTAAGATTACGCCGTTCTCACCTCTGAAGTCCTCAGTAACGACGTACCTATGCTCAGAGCGCGAACCGTGACTAACCGACAAAGGACGCTCGCATTTTTCGGGTAGGGATCGCCTCTGGAGCACGGAGTCAATACGTAAGAAATCAACGATGCTCTTTCGGGTTTATAGTACCCTATAGCATGGCGAGAAACATACAGCGGAACTGTCCTACGATATGAGTACAGGTCTAATAGACCCCGTTAACCGGAAAAATCACCAGAGATTAATGGCTTCGTCACCCAATCTGGGTGCCCCGCGGGATGGGACCGTACAAATCCCACGATCGTATCAACGTGGCAGA,1749,51.4,Escherichia coli
SEQ_768567,ATCTAGGGTCCCTAGAGTTGTACGAAACATAATGCCGAATCGCCATCTACCCACCATAGATTCAGTTATCAACTAGATTTGGGAAGCGTGCCAAGCTAACGTGAAACGCCGTTCGCAAGTAATGGGCGAACGGTTGGTCTTGTTTGGCTCTATCGGTGGTGTTGACTGAATTCCGAACATCGGTTGTGGAAGCGACCGCTTTGCGGCAGAGCGTTTAGGCATCAACGGAAATAACTACGTGTCGATCGAAAAAATACTCCCAAACATACAAGCGAAAGCACACATAAGAATATTACGGTAATGACCCGCGGTGTTCGATGGATAATATTGACCAAAATCCTAGTCGCGTAAGAAGGCGAAGCAGTTTAGACCATGCTAAATTCAACTTCTTAGTAGCATCCGATCTTCTCTAAGATAGTACTTCAGCTTATTTAAACTAACAGTCGATATGCCATATCTGTTGTGAAGAGACTCTTACGTTGCCACCGAATCTTCAAATCTGCCGTATCGCTTGGCTCTGTCATGCAGCATTTCCCGGCCGATTTGTCGGTTGATAACGCCCCCAAAACCAAGTGGCTAGCGGGGGGCTTCATGGGAGCTTCGCGGGAGTTGTCCGGTCCGTGGAAGAAGGATCGAGCGGGCTAACCATGTTTATAACTGCCGTAGTAGTGAGGATATCAGTAATATCACGCCCCCCACGAACTGAGAGTGCGCCTGGCAATGCCTGAGGTGTTGGCGCTGCGCCCTTGGTGAGGAGCTTAAGCAACATTAGAGCAGAGTGCGGGACTTGCACAATCCGCTTGCCATAAATTCACGCCTTGGTTCAGACAACCCGCCAGGTAGCCGGAATTCACGTAGTCGAGGCATCAGCACAGTAACGCTCTTTAGCTAGATCTGTGAATTTTGCTACATACGGGGCTCTAGGAATCTCCAGAATTAAAAACGGGGTCCGTTTCCTGGCATTATTCCAAATAACAAAGTAAAT,985,48.02,Drosophila melanogaster
SEQ_876743,CTCCTCTAAATAAGAATCTTCCGTTGGAGGCTAGGTGAAGAAATACGGTAACTGTCAGGGTAATAAGCGGCTAAATACGGCGGCGTGATTTTGGCGACTGTTAATGCTTCAATAAGTGACATACGAGTTATTAGGGTGAAGAACGGAACTCTGAGATTCTATTGCGGCCGTTGCCTAAAAGCGTCCCTGGAATTTATACCGCCGTTCAATGATTAACCCATAGTCTCGGCCATCACCATCTAGTAGTATTACCAACTTTTATTGCGTTTGGCCATCCTATGGGGGAGTAAGAGCAATTACGAGGAAAGATCTGGTAAACTCCCCGAATACATTGGCTCTACAAGGTTTCCTGTGCCGCACCATCTAACGCTCGTTCATGATAGTCGATACTAGTTGTCTAACCGTCGGGCGCTGTTTTAAGAGCATTGAGGATTCTGCAACACGTATGCATGGTGGAAACTGTGGCCGCGAGGTTAGGAGAGCCTGATTACACCATTAAACCGACTATTGGATGAGAAAGTGAGCAATTATCTATCCGTTATTTATCACGAGTCAGCGCGTCACCATACTTCGCGCACCATCGTTCTCGAAGCCCGTCGCGCAGGCGAGGTGACAGGCTCTAATGTCCTCACGTAGTCGCGCGGGAAAGACTCATCTTATGGAATCGAGCGCAGATCCGTGTAGCCGATATATGTTAGTGAAAAACGGGTGATTAGCTAGAGGGGCACAATAGTAAACCCTGACGAACATATATCAAAGGTGTAGAGCCGCGGTTTGTTGCAGTCCTTGTGATACCAACGAATAGATGCATTTACGTCTAATCATCATGCAAGGTTCTGTGCTAGCCATGAAGACAGACATGTTAGGCTGGCGTGGCGCACGAATCTAACCTGCACATTCCATACCATTTCTCCAAATCTCAATTACCACGCTGTACAACCCGGGAGGGCTGCGCCGTTCAGGACAAGGCAGTTAATTGTGGCTAGCACTTGCAGATGCTTATAAGCGTTTTGGGCGAAAAGTTATTTCCGATTCCTTGCGCCACGTTCGTATGAGTAGCGGAACAGTTTCGTTCCCTCAATCCCTTCGTTTGTCTACTCAGCTGGAGACCCATATGTTTGGTGAATAGCTCTCGCAACCAGTAGAAAGGCGACTCGGGCTTAGAGACAGGTGGTATACCGCAAGTAGCATCATTCGAACAATCGCCAAAATATGCCAATTGGTTGAAGGCTAGATTCTCGATATGGCGAATCTCCTGTTCCCTCAAGCCCGGTCAGATCTCCGGCCATGTTCTGATCGTGGGTGGTCGAAGCTCTGCTATAAGGTACCCGGCTTTAGTCAGTGGATCAGTACGAATGTTCGAAATGACAGAAATGTAGTGGATATCGTTACAACTCATTAGAAAATGCAGCTACTGCGCCC,1422,47.54,Caenorhabditis elegans
SEQ_216018,ATGGCATCCTTAATTGTTCAACGAAGAAAAGATCTTAGCTCCTAAGACCATACACAATATAGACGCTGCCTCTCTAGTCGACGCTAGTACATC,93,41.94,Homo sapiens
SEQ_452461,ATCTTCTTGCGAGTTGCCTTTGCACCAAGACACCCGTAAGATACACGGAACCTCAAGGATATGGGCGAGCACTATAGTGGACTTGGTGACTATCTGTTTCCCATTTAAGAGGCACACTCTTTATATGACAATGTCTTTAACAGCCTCTCAAAGCACCCATTAACTTCGCGAAGCACTCATGCGGTATAACTATTATCTTAACGCAATGAGCGTTGGCCTCGACAAGAATACCCATTTCACGATGCACACTGTAGCCGACCGAGACGACGCGCCAAGATGCACCCCCAAGAGGCAGCACCTTGTTAGCACAGAACCACCGCCAACTTCTGTAAAAGCCCCGTGAGTACCACTGCAGGAAGAAAGTTCTCGCGACTCCGTTTAGTTTTATGCTAATCTGAGAGTCGGTTCGCTCCGAAATCAATGCTAAAGTACTTGTACATAATGTCGTCGTTTGATTGGTATTACCCAAGGGTTATTTAACCACTTACCCTGAGTGCTTGTTTGCGACATAAATGTAAGCCAAGCCGGTGTTTTCGTTTTACCCAAGCCACAGACTCTTCGGAGTCTGCGCATATGGTCCAGTACATGTGGACGAGCATTATTAGTAGGGAAGGTTTGCGCGATGGCGCTAGGCTTTCCGACATGGCTATGTAATTGATTCTAATGCGGGTGCTTCTAACGAAACTAAAGAGTATCCGGGTTCCACAATTGAGCGTACGATAGAACCCTCATCGCTGACCTGAAGTGTCCCCGCGGCCATGCCGGGCAGGCGTGTCGCCTTATGTACCAAGGAAGCGTCATCCAAATAGCACAGGCTGCATGACCATATTTGTGTGCACAATTTCAGATTTTGGGGGAGCAGTACGCCCGGACAGTGGCGCCGTTCAAACGTAGCCTAGGAAACCGGTTCGCGGTTCAGTTCATATAACTCGTCCGTAAATTTCAGACTTGGGGGCCATTGGAATCCCTCCCTGCTTCACAGTGTTGAAAGGGATAGACTCGACCCCGAAGATGTGGGAATCCAAGCACCAAAGCGCGCAGTCATCCCTTCCGCCAAATCCAGAACTAGACACGTTACTCAAACTCACTTCGACGTCTAAGCATAGGAACCACTAATGTTTGTATCAAGGCGCAATGGCTCACGTTAAACCCCCTATGGAATTTGTGTTTACAACTCTGGTCTCTAGGTCCCTGCATGTAGGGCAGATAACCCTGGCTCCGGTATAGTCCGTCTGAAGTGCGCCTGTAAGTTTTTATTCAGATACAAATGCCGCTACACACCATGCACGACGGGCGTATATTAGATACTGCGTGGCAGGCTGATCCGCGGTCTTGCCCGGCAAGCGTGTCAAGCGTTCGTAAGAACCAGGGTGCTTTTAGTCTAACCCCTCTGAATACTGCCCGGTTTACGGCCCGCCCCGCTCCAGTCGTGGAGATACAATATTAGCCTGATTAGGCGAGACTCGATCTGATGGTTCCAGTAGAGGGTCCTGATGCCGTAATAGAAAGTTATGAATATGGTAAATCTGGAAACTAAATTTACATTCTACCTTGTGTTGTATGATTTCACAGGTATCCCTTCTGTGAGGTTGAGTTAGTCGATCGCGAACGATCGGACGAATATCGTATTTTATCAGCGATTCACCGTCGTGGGCCACACGCGAGCTTCGATGCGGTCATCTAAACACCGCCGTTA,1696,48.94,Saccharomyces cerevisiae
SEQ_365763,AAGTAGGCATCCAATCCCTGCGCACCGCGGTAGCAGCTTTAGTCGAGAACCCAAGTCGGGTCATACTCCCACTCCCTCTCATAGAAATTCTACGATCTCACTTGTTTCAAACGGCCATTGGCCATTGTCGGGGCTGGACCTGGCAGATTGTTGCGCCGGACCTGGACAACGAATGGTGCGTTATAAGCCCCTGCGTACAGATAATGCCATCAGCAAGGAAATAACTCAAGGAACCCACGATACGCGGATAACTCGTATATCCGTCCGACAGTTCCTTACTTGTATTTCAAACCAGCATCCAGTTAAGAAAACGGG,315,50.48,Saccharomyces cerevisiae
SEQ_948923,AGTCATTCTTAGTAGGTCCCCCACACCAACCGGGCTGCACGTTAAATCAAGAAGCTTTCCAGTGTACGCGGTTAGGTGTTAATAGTCGTTCAGGGCGCTCATTTGGCCTGATCTCAACAACTTCGGCGCATCTGATAGAGCACGGGCTTATTTCAGTTTGCCCTCGATACGTGGCGAGAAAGATGTAGCAGCAATGGGTTAGAACCTCCTGTGGGTAGTAGATCAGGATGGAGTCTATCTATGGTGCTGCCAGGGTTGCAGCTTTTGAATTGAATCATTGAATAATCATGAATCGAGGTCACGAGTTAACTCCCACGGAGCCCAGTTGAGTACGGCACTGACTCCAAGCAAAGCCGCATATATCATTCCCAGACCGAGAAATTATTCCCTTCAAAGGCGCGTACTCCATACGGTCGACTGTAAGAGGCAATGGCTGTAGGGAGGAGATTTTCACTCCACTAGTACACCAATCAGACATAGATAAAGGCGCGATTAGCGACCGTGTCATGCTCTGCGAGTAAGGCGCACGTCGTGCCTGAGATTCAGCACGGCGCCGGCTAGAACACACCGAACTTCATCATCGAATGCTAAGTCGCCGGGCCGGCGCGGGCGCTCGCGAATCCTATTGCTTCTCAGGACAGGTATTTTTCGGGGCACAGCACGCGTTTGGGTTGACACGCGGCGTTGGGTGATTTTCCGGCACTAAGCGAATGAGCCAATGGCGTCGTATATAAGATCATATGAGTACAAAAAATGGTCTACCTATAGCCAGATGACCGACTGGCCCTTGATCGGGATTATCGGCTTTAGGCGTGGTTCTTTCAACTTGGGCTTAGAAGAGCAACAGCCGGGTGCTTCGTCTGTATTAGAAGCCTGACTGACTGTGAGACAGGCTAAGTGGGGGCGCTTCCAAAGATTCATGCGAGTATTTCAACTTTAATGACGATCAAGCTCAGTAAGAAAATTAATCGTTTGATGTAGGATCGCTACGCTTTATCTAGCGTCCTTTTCTGGTTGCTTGAACCTACGTTTGTAGTCGAGCGGCTGGGCTAGGTCATATCGGAGGATAGTCTCGCCGTTGAGTAAAATTGCTTCCCGAAAACTGACATTCGCTTCCGGGAAAAACGCTTATGACAGGCGATTTCATATTCTTACACCTGGCACTGTCACCTAACGTACTACCGTCCCCTGCTTAATTTACGCACGGCCCTCTAAGAGTAAAAGTTCCATTCGGTTGATTGCAAAGAACTAATAGCAGCGGGGCCTCCTCCTTCCATTACTCTTGGTATGCTTGAGCTCGATTCAGCATCACTGGAGCTGGCCCGCAGAGCCAGAGGGTGATTAAGGATTGGCATCCCCATTGCTACGCGTAGCCCAGGTGACGGCGAGAATCGATTATAAACTATGACTAACCTTGTCAGGTCTCTCCCACTTAGAACTTATGTCGGTCGACAGACATATGGAAGGTTACCAGGACTCACACGCACGCGCATCATGACCCCCGGCCACTGCCGAGCCTCTCCTGCGTCGTGCCTAGACGGGTGCAGTAGTATGCTCACAAAAGCCCGTTCATACTCAACGCAGCCCTCGTTTAAGGCCAATGTATAGCGAATTCTCCTGATCCAGAAACTGAAAGCTCCACGGAAAA,1648,50.18,Mus musculus
SEQ_599827,GCTCGTGGTCCCAGTTAACGTCGCGGGAGGAATCTGCTAGACGTTCAGTTCACAAGTTGAATTGCAACCCGACAGCGCTTGTCGTTTCGCCCGCATCCGGCCTATCGCGGCACCGAGTCGGTACCGGGTTTATTTAGAAAGACAGTGAGGAAACGTGAAGTCGATCTTGGTCAACGTAAAATTCAGTGCGCTCCGGGTGAATTTCGTGGGTAACACGCTCATCCAGCCGCCGCCTGGAAAGGGTTCTTTTGCAAATAATGCGTGGAGCACAGCATTAGGAATCAGCCAAGCTTTATTGCTGGAGGTATGTGAATGGAGATCAGTAGTGCGGCTACGTAAATCGGCTCCAGCCGACCTGATTAAAAAGGATCCATAGACCAAAGATCCAGCATTCACCGAAACATGCCGTCCA,412,51.46,Drosophila melanogaster
SEQ_488660,ACCTTCGGATTTGATCAGACAATTTAGCTATCCGGGCCCTCTACCCACTCACGAAGAACCTAGCCGAGCCGTGGATGCCCCTTAGTACCGCGATTCCGACATATGACAGGAGGCTTATGATAGTACGAACCGATTCAAGGACCCGGTGTCATCCACGTCACGGGAGCGTGCCGTCTATACCGAGTGTCATAGTCTTATATTTGGCACCAGAAAGATCCATGCGCTACCTGCAGGGCGATCTTTCGGGGGCGTCTTCAGCGTACATTTACAGCCACTGGAAGGGTACACGCGTACAGAGGCGTAACTCGTACAATAATTAGAAAAATCTCGCCCGACTTTAAGGGCTAAATGGGTCTATTCCAAAGGTCTTCTCGCCTATTGGACCGAGTTGGTGGGGGTAGATGGTAATTGCCTGTGGATCTTGGGCGTCGCCCCCATACTGGAAAAGAGCAGGCTTTGGAAACGCATGCCGCCAACGTCCTGCTGTCTGGAGGACAGCGCCACCCGCTCATACCCCGTCAACTTCGTAGTGCGTCTCGGGAACGAGCCTCCCCCCTTTGGGTAAATGTTAGCGTAGAACGGTTATCGCCAAGGGTCGGATTACAGCGATCAATCGGTACTCTGTTTCCCGTCGCCGTAACGCTGAAGCGCACACTTTAGCCGCCCACTTGCTAATTCCCCGTCATCCCACCCGATCTGCCAGACTCAGGTCCTCCTGGAGAGATTGCTGCCACGTAATCATTTACTTTTTCGTTTCTCACGCGTCAGCCAGTTAGTCATAAGAGCTCTTTTTTCGAGAGACCGGCCAGCTATGGTAGATTAAGTACAGCCGTCGATTGACCCTTCAAGACAGGTGATGCTTTAGTTGCCATACTGTTGACTCTGGTGGTCATCATCGACCAGACACCTTGTCTTCTGTCGACGACGGCAACCAGCCCCCAGTGGTGTACCATCCTCGCTGAAGCGCTCCAGCCCATACAAGAACCATAAGCTTCTGTTCCTGCTTAGGGGCCTATTACAACCCTATCCTCGCGTCTCCGAGGTAGGTAGTACGGAGAGTCGCGGCAACGTGGCTCATAGATCCCCTCACAGAGTTTTAGGGTACAGATGTCCGCGCTCAGATAAGAGACGCCAATGATAAGATCAAACTGGGATTTTCCGCCGTATGAGTGGGAATAACCGTACATGAAGACAGAAGGCGAGTGAGATACGGGGAGTGACCCCAGCCCTAGCTCGACTAAGACAGAGTAAGACTCCTGCGCAACGGTGCAACTACATTAACCTTATACATAGCAAAGGCGGATAATCGCCTTCGTAGAATTTTGCGACAGTGCCAGAAGGGCCTATCAAAGACCCCTTCGGACCGAGCCGTTCTATTTGGTATGAGGCAAGGCAGGACTGATCCATTTCATGACTCCTGTACTGATCACCTAATAATATAGGTATGCTAAAGTCCTGCCAACGAATGTGGTCAGCTGGCCTCGGAACTAATTCTTCCTTGTGTGGGCTCCACATGACCCATCACGTTGTAAGAGTCCGCCACGCAGCAAAGCTAGAATGTGGAACCGTCGGTCCGAGGACCGCAATGAGGAGT,1594,52.2,Saccharomyces cerevisiae
SEQ_850427,GCTTGGTGCGTTTTCTTACACAAGGCATTCACACTACCCCGTCCGACCTCTA,52,51.92,Saccharomyces cerevisiae
SEQ_557568,ACGGAAACCTCCGGCTTATAGCGCTCACCGTGTGCTTCGTGTGACCCACTTAGCGGAAAGACTGCCGTGGCTAAACCGAGCCACCTCACGAGTTATTGAAGTGCTATAACGAAATTGCACATACGTCGGCTATTGCCCAGACGATTAATGACAAGGCCTCTTAGTGGTGGCGGATCAGAGGGAGCACGCAACAAACAATCTCTGGATAATAATTACACCTTCCACCGAAGCTGAAGGCTCCGCTACCAACTCGGTGACTGTCTAGCGAACCGCCGAGACCATGTTCCCAGGCACGGGCCTGGCTTAATCGGGGCTACACGCAGTTAAAGTTTAGGGGCACCACGCTTTGACGATATGTCTAGGGTCGAAGACCCGAGCGGGGAACTATCGCTAATCAGACTGGGACCTAAGAGTCCTATGTACTGGTTCAGATCATGGTAGAGTGCTTTCCTATCGAATGTATGCGAACAGATTATAGCTGTGAAGTGGATGTACCCATATGCCGATGTCCGAGCAAGCAGTCATTGGCGCAGGACACTTCGTTCCTGTATATGCAACTAAGGAGATTGATCCCTGACTACGTGCCTCGTATACCAAGGGAAAGCAGAGTTGTGCGACCTCCCTCATTTCAGTCGCTATGGACTACACAGGAAACTAATTTCCTGGAGTGGTCCCGCGTTCCGTCTAAACGTCGCCCTAGCGGGCCGTAGCTTGCCTTGAATGCCAACGCTGTACTTCAGAGGATTCTTACTTGGCTTATGGGCAGGAGTCTGTACCCCATAAGCTCGTGTGGAAGTGGGAAAAACAGTAGAGCATCCGTACTTGCATTGTATAGACAATTGTCAAGACTTCCTCCGTGTTCGTATAAGTCAAATTGGTCGGTAGTCGTCTCACTATAAACTGCCATAAGCGCCGGATGTTAAATCCCTCGTCCGAGAACCTCACAATCAAAGATCAAGCTTCAAAATGTATTAACATCCCGGTTGATCAACCCTTAGCATATTTAGTGCATGTCCGATAGTTGGAAAATTTATGGTAGGCGCCGGTGCAATTGATTATGAAGTTGTCAATCTTGATCGATCACTGGAGCAAAGAGCTTCCAAGACCCTGCCCAAGTCATGGTCGGTCAAAGTATTGATCTCCGACCAGCTTAAACGAGCTAGCTTTTGATTGTAGTCCATTAAGTAGGAGTGAAGATTAACTTTTGGGGATTTTAGGCCCCGTTTGCGGGGCGCTAGATGAACGGATTGTGGCAGTCCGTCTGTTTTTCTCGGAGTCTATACAACTGCGGACCCATGTAAAGTGTACAGAGTTTACGCGAGTAAGCACAATCCTTCCTAGACTTGATCATTGACTAACATAAGAAGGTTACCACAGTAAGCTTACTCACTTTATAAAGCCCAATGCAATATGAGTGAAGTTAAGATCTCAAAGCGCACTTCAAATTTAGTCAAGGGGAGGAATGTATCTTGAACCCGTTGGAACATGGATTTCTGTTTGGCTAGATAAAATGACATCGATGAGAGATATGACGTGGGTGAGCGTATTCACGAATTACCCCGTCTTCAGTGCGTATGAATAAGCGCGGTTTTTGTAGAGCCTTATGTTTCCTTTCATAAAACTGCGCAAAGCAATGGGTTATTGTGATTTGCGAAAACTAGGTAGAGGTGGGTTACTCCCTACCCTGACGGTACTAG,1697,47.14,Arabidopsis thaliana
SEQ_863194,CTATAGCTCCCCTTCTTGAATGCGGGCAGCCGAAGGGACTGCTGCGGGGGTTAGAAGGGTTTGTAATTGAGACCTGAACGGCTCAAGTTGTTTTGAGAGAGGGTTCTATGATACTTAGATGTTAAGAATGATCGCCTACGCTGAGCAGCCCTCACCGTATAGTTACCCCGATTGTTGGGGAAAAAGACAAGTTACGGCAGCGAATATACGCTCTGGCGAAGTATATCGCCTAGTTTCGATAGAGGTTGCCAAGGGCCTACAAGAGCATCCATATTCCTATCCCCCCAGAGAGGGTTAGTGGGCAGAGTGTATACAATCGTCGCCCCAGCCGGACAGGTCGCCAAATCCTGTTGCATCGGCATTAACCTTCTGAGCGCATGACTCCAGGTGAGGGTGATAGCATTCTATTATAGGTGGGAGGTTACTTAGCATCTCTTTAGCCATGTTCTGAGTATACTATGTACATTCTTACATCAATCCTCTCTAGGCTGGATCTGAGGCGTTGATCCTTTATAAGAACGTTTTACTCACATTACACCGTTGTGTGGTAGCCAGCGATGGTTCCTACGTTTGAATGCGTCTTGCCAAGAAGGACATCCCGCGGTCTATTGGCCTGGACATGGCTGGAGACTTATAGAGAGCTCCTCTGGCTAGTAAAATTGACCCCGATAAGTATGTATAACCAGGCGACTGTGCCATTAAGGGACACGCTTAT,715,48.53,Caenorhabditis elegans
SEQ_304383,ATTAATAGACGCGGGCATTAGAGCCATACTTACGCCCCTATCTTGCGGAGAGCGAGAACTAAGACAGCTATTTGGAGTCAATCCGGGGTTATGCAGTAGCCTGGTAGTGCACAGCTAATTCAAATACTTCACCTATGCACTAAGCCGGATTAAAGAAATAATAAATGCACGAATTCCATACGCTCCAGGACATACTAGCCACCTCAGGAGGCAGGAAAGTTGTTACCGGTGGTGTGGTTAAACGGCGTGTCTTGGCTGCCTGAGGCTGTTGTAAACTCGGACCATGTATCTACGTGGCGGAGCTGACGTAAGTTACTTATTCACCAGTAGGTCGGGTTCGCTGATAATGCCATAATATATAAATATGTAATGGTATCCATGGTGGTGGAGAAGAGCCGCGGGATATTATTCTCTCACGGCATGGTCCGTGTCGAAAGACTGTAATCCCTCCGTTTCACTGTAGTATTACGCTCCGATCCCTTTTCCCCTGGGAATGTTGCCACTTGTAAAGTGTCACGATACGGGCTCTGGACTACGTTAATCTACTTATAGCCGGGGGTCTCCGGTGGGTACTGTCCTGGAGTCTAGGTGGCACATTACGGCATATATGTAATCCGATGAGGGATGATATTCGAAAAAAATGCTTATCCTGCACGGACAGATGTTATTAGGTGTCGACTAGGTCGTCGCAATCATGCCCTAAAGCGGTATGTGGGCTAACCCATGCTACCCGTTTAAGTCCTTTTATCGTCGTGAGGCAAGGCTTATTACGTGTGCGACCTCTTGTGTAGTTGTCCGCAGCATTAGGAATGACTGTGCTTAGTCCGTCAGTACCCCCCTATAATCTTTTGCCTATCCTAGTGCTGCTGTGGTCGGTACATCTTTTAGTCTTGGGAGAATACAACAGCCGTACCCCAAAAGGCTTCCTGAACTGATACCGCTTGCGTGTTAACTTCGTTTCACGAAATAGCACCTCAAACCTGTAGGGCCAACCACAGCCAATCTTACCATTGCACAAGGACTTTGTCCTCAGAGCCCTTTGTGGGTTACGCAACCTCAGAGTTACGAACGAGTCCAACATGCGTATCCTGCTATAGCAGATGTTCATAATCTATGGGAGGCTTTGTCCCCCCGACGGAAAACTGTCAATCACAATTCCTCGCGATAGCAATTCCTAAGTGAGGAAATCATGTGGTTTCTACTCATCGTATTCCCGGTCTACGGAACGTAGGGCCAAAGCGCACAGGTTAGCGGGTTCATGGACTGAATTCAAGAGACGCAAGATGGGCTGGAATGTCTACAGTTAGCTATAATTCGAAACCAGTGTAGAGGCCAAAAATTCCGCTGAAAGAGACTATCGGTATATATACATAAACGTGGATGGGACGAATCTTACCCCGTAATTACTGCAACTACGACCGCAAACTACGCAGGCACTTTAGGAAGCCAGTACGGTAATAAACCCTGAGCAGAACGGACAGGCGAAGCTGCGTGTGTGCACCCTTTTGGCTTCCAACTCACTGATTTAATTTCAAACCCGTGGGATGCCGATTCGGACCGAAGATCACGAGAAGGACAACGGCAAGAAGACATCGGAAAGCTGGAGATCCGTGCTGTAGAGGCTGGTAGTACGGAATATGTGCTTACGAAGTTTAGCCCGCAACTCGACTGACTTAGACCAAGGTCAAATATGAGTTCGGAGAGGGATAACGTTGGCCTTGGTGAGTCGTAAACACGGGGGATACACGCTTACCGGAACAGGCTCGTAAACAATGAGCCCTATTCGTTTTCTACCTGTTCCGGTCTGGTTTGTTTGCCGTGTCACGCTTGACACACGGTCTTCGCTCCGGGTGCCGGGGCCTCTGCGGTCCAAGCCACGAGCGTTGAACAAGTCCCATTGTTTCCGACTTCTGGGAAACGCCCTATAGGAGTGAAGTAAATTAGCGGTAAGGGAAGGAAAGTCCTCAATGGAG,1973,48.66,Escherichia coli
SEQ_497870,GGTCCTGCACTTAGGCAGTGCAGGAGATGACGGGTAAAGCGCGGAATCTCCCCTCCGCTTAACATGAGTTTCGACCTCGTTTATAAACCTTAAGGGGCTCGCCACGATTGAAAGGGGGCGAAAACGATTCTACGGCTCACATTAGTCCGCCATCCTTGAAAGTTCGTCTCAACCTCAGACGATCCAATGTGTGACTCTCCCGGTTTAATTTTGATGGGCCCCAAGTGTACGTTGAAGATTTTCCCAGTTCCAGGTAACTGTGGCGTGATTACACAGTACCATTGCTTAGTGTCAGCCATCAAGCTCCCATGGGTCCTCAGAGATTGGAATTGCCGATTCCTTGATTGGCACTAGAATACAGGGGCACCATAATTCATGGTATCCTGAAATCACTCCTCTTACGTAACGCCGTGTATTGGATCTATCACTAATGACTGGATAAACTAACACTCGTGATGCAAATACGAGTTTCTTGCGATGATGACAAGACAACTGGAGCTGATCTATGATTCGATGAGTTAGACGGATACATCGCATCTAATGTTAGT,548,46.72,Caenorhabditis elegans
SEQ_119717,GTCTTAGTTGTTATGCGGGCCTTAAGACCAGACCGAGCCCGATTAAGCTTGGTAAATTCAAATTTCGACCTGGCGTTCGCGCTCAGGGGTACCCTTCTCCGGCAACTTTTTCTACCCTAAAGTATGATCCGACAAAATGTGTCTACTTCCGACCTGAGGTGCCCGCATATACCGGGGTTGGGTTACCGGAGCTATACGTTGCTTGCGCCGGTAGACGACAACTGGTGCTGTTTGAAGTCTTCTGCCGGGGAAGTTAGACCAACATGGGAGAGTTCACTCACCATTGTAGAGCTCATTTACTTCTCCTCTGTAGATATGACATGATCTGGTCTGCCCCTCGGCGTGTATCCTCTGTTGCGTGCGCCTCCCTAAAGCGCCAAGCCTATAACAAGAGAAGCTTTTCAGACACTACACCAGCTGTATTCTGACTGGATAGTGAGATCCCTACTTCCCGCAACGCTATATCAAAGCGTGAAGCATCCATATCTCCTGCTTAGATCTTCAGTGCACATTCTCAAGGATCAGTCTTACGTAGCCCTACAACAGCAATCGTAAACTTGGAAGGGCGATACCGTCTATCCCTCAATGCAACAGGATGCACATACTATGGCAGTGCCCCATATAGCCATTATGAAGCGGTGGCTTCTCTAGTCCGCTACGCTAACATAGGGATTCGCGAATGCACGCTAGAACACTAGTCAAAGCTAAGCTCGTCATACTCCGAAACAAGGCGTGTAGTTCTTGCGCGTACTCTTAAATTATCATGAAAAGGTCCCATGTAATCATGTCTGCAATTTTGCTGAATCATTTACTGAGGAAGACCTGCCATTTGTATGCAGGAGTGCTGCCTCCGGATGTATACGATACTCGGCGCGACGTAATTAACGGATTGGGCGATTCCTGCCTGGCAGATGTGTTACCATCGAGATGGAGCGCGCTACAAAATGACTTCTATAGGCATCAACGTGCGAGAGCTGGGAGAGCCACAGCTATTATCTTCAGGTTATCAGTGTCTTTCTGACCGCGTAGGTTTGAAACTCCGTCACCTGGCAAGGCTATATTCCTGAGTATTGTCAGGGCGCAACGATTCACGAATCGGGTGTTCAAACCGTGGCTCAACTTAGAACTCACACCCTCGGGCCTGCTCAGACCTGCCCGAAGTATAGCGGAATTGAGTTGGGATCAGCTTGCTCTTTATCGTGATATCAGAGTGCCTTGTTGCTTGCGCCTCTACTCGGCAGCAAACACTCCCCGCCAAAAAACAGATCGGCGTTATTACCTAAGAGCCGAGAACGCTCAGGGGGGGGATAAGTGTTCATAACGATAGTTTCCATCCGAAACAAATCTCGCTAGCAAAGGCTATCCCTGCCTTCATTAAGGCTTCCCAAGTCGAACTTCCCTATCCCTGCATGA,1413,49.26,Mus musculus
SEQ_436536,ACTGCTTCTTGGAGATAAGCATGATGGCATAACCAAATCTCAGTACTAATGCGTCTTTAATCGATGGAACGTCCCGGAGCAGGACACGTGGTAGTATCTGAGGTGGGCAATCCCCTACCCACACTATGGGATCTGATTACATCGCTGTACATCCAGGCAGTACTTGAGTCCGCTGCCTTAAAATTCTCGAGTACGTGGACGCCAGCAAATGACGGCCGATTTACATTTTTGCTTCCATGATACGGGTGGGTCAGCGTGTTACAACGCACTTCGATGAGTTACCGCGATAAGCCAGAAAGTGGTCATCTAGCGCCTTTATTCATAAGTAACCCCGGGGTGTTGGTACCGGACTACCGCGATATCCAGGAGACGAGGGTCCCGACTTTAGCACGAAACGTCATGGAGCCGACTATGACACAGGGACCCACGAATTAACATAGCTAGTGCAAGCATAGACGTAGTTAATTGTTAAGTGGCCCTACTCCTAGCTGACTCATATTATGAGCCTATCTCAGGGCACTAGAATATTCCTACACTCCAGACTCCGGGGGTAAGTGGAGGGACTATCCCATCTCGAAGTGACTGGAGATTATGATCCGTCCACATTAGTATCAGAACTAAAAAAATAGATATCCGAGCCCCTGTTCGACACGTTATGTGGTGGTCGATCTGGATGAGCGGGATCTACGGGTACTACACGTGACATTTCCACCAACGGTACGTCGGTCGTTACTCTCTGCTGTTGGACATCACTCGTCTCGACAGGTTGCCTTTCGAGCGACTTTACGAACTCTGAGGGAGCTGAAGACGCGTGGGCTGCCAATCAAGCCTTCGTATCTCTCACCCAGCTCAGATTCGCGACCTCTTCAAATGGATTCTGTCTATAGTGTATAGGCGACCAATGGCCCTCGACGGACGCTTTGCTTATGTCTGGACTCGACAATTTCGGGGACGTCAGGCCGCCAGAGTCGCGCCCCCATTATCCAGCTACCTAGACCTCGCAAACGTTACAAGGTAACGTCGTTTTGTTGCTCTAGTTCTGCAGGACTGATCCTACACCCGCATCTATATGGTCGCACTAATTTCCCACTTTAGGTAGCCCCGTTGTGTCGCAACCTCAGTGAGGGAGTGTGTTATAGCGGGACGAGATGGTGGTATGGATGACTTAGGACCTTAGTACCCCTTGCAGTACATGAACGGTTTTTCGCCCTATAACCTTGCCTCCACAGATGGATCCTTTCGCGCTACTTAATACAAGAAAGTAATACATGGACACTCGTCCAGGGAGTACTCGACACCCTGCCCTAATTACCTAGTCAGATCTCGAGGAGTTGGTCGGAGGATTTCGTACTAAACATGTTACTGCAGTTGAACAGTTATTAGGGCACAGAAACATGAATATCCCCACAGGGGCCTCCACATAAACAGATTCGTAAACCGGTGAAAGAACTCACGCGTCTTGCTCACTCATGTCTTGACTATGGTAGCCCACACTGTTATGACGGCACGAGGTATATAAGACCAAACGTGAGTGATCACGAGGATTATATCGCAGTTCAATGCCCAACCAGCGACGTTCGTCGGACCTACCGATACTCGACGGCGTGCTATTTATCGGGTGTAATGCGTCCTCTACTTGCCTTGCATGTGGGCTGCCGGATCTCCCGACAAAGCAAGAGTGCACATATTCGTGCACCAATGGCTAATGGTCTAGGG,1716,49.83,Mus musculus
SEQ_822934,GCTCCTGTGCTACCCGGATCCATTCCCTACAAGGTATGGCCGCTCGACGTGCCCCAGATCATGCGATAGCGTTGGTAGAAGGTGCGCTAATCGATGGCGGGCTTGCGCTCCAATTAACCCTCTCGTGATAAGACCTCCCCCCCCGGCCAACGGATAGGTTGAAACCTCTTGCTGACTTGTTAGGCGCACCAACGCTTCGGTACCAGTGGACACTCACGCATGAGGACTGTATTTACGGGTGGGGCTTTAGTACGCAGACCTAACGAAGGCAATATCAACAAACGGATTATATCCCCGGATCGGTGAGGTCGACAGCAGGTATATGCGCCTCTTAAAATTCCCGGAGGTAAATCTGCACATCGAACTTGGTTCAAAGGAACGGGGGCTCCAGAGTGAGAAGAGTGCCAGTTGGACGACGCTAGATGGCCAGTCCAGGAATAAGATTAGGACGGTCCTAGAGGATCCGGGGCGGGAGGAGTTTCCGAGGGGGTTTCTTAGCCTAACAGGAAAATCCGCATAAATCCCCACGCATTAGAGTATCAGTAGCCCCTGAGGAACAGATGTTATAGGTACTGTCTTAGCGGTGCTGGACTGCCAACGAAACGACACCACTGCGGTTACTCCGAGACTAATGCCGCAACATTGGGTCAACACGGACAGATCATCCCATACGGCTTTGCGCCTCGCTAGAAACTTGTCTTGATCTTTTGTACATCTTTCTCTATTGGCTATTGTTGGGACACGATAGGCTCAGGCTTTACTGTGTCGTGGCACTTGTCTCGTGGGGTTTATTAGCCATGTATATGTTTGTCAGCGATCGCTAGCCGGGACATGACGCCTGGTCTCGCCTACGGAAACTTTACCGTGTTTACGCGACTCGCTCTCGAGTCAGCTAACAACAGTATTTGTGAGGAATTGGTCGTTCTTAGCCGACACGGATGCACCTCCCGAACCATAAATAACTTAGTGCGCCAAGGTCTGGACCTTAAAGTTGGAGAACGTAGAGTCCTAGGAGTACACGCACGCCTGGTATTACCCACGAGTTGGGGCATCCCCAGACGAGTCTTTGTGTCGTGCCGGCGGTACCAACTGACGTAATACTTTTAAGCGAGGCTCCAAACATGGGGAAGCTATTAGAACGGTACAGTAATGGCCACGATACGGACTAACAGACGGTGCATAATCGCTACTTGGCGGTCTCTCCTCCCCAGAACTATCCAATCGACACCGTTCTCTCATGTCTATTGCCCACTGATCGCGTGCTCGTGCACATGTCCGGCGGACTTTACACATGACTATCACCGGAGTATCGCATGTTCTATTGCGCGTGACGTTTACGCAGGTTATAGTTTTTATCTTCCCGTCACCTCATGCTAATATGCCGCGGCCAGCGAAAATCGTGAGCGCGCAACGGGGCGGTGAAGAAACCACTGCTAGGTGATACTGAGTTGTCACTCCACCACACAGGTATTGGATAGCACTATATGACTCTGTGGCCTCCTTTCAATAGGCACTAGAAATCTACCCTTCATATAGGCTAGGAAACAACATATTCTGTTGGTAGGCCCTAATGTGGGAAGCCTCATCTCCAGGCCTACATTAAACTGAGAGTCCTAGGTGCGTTGGACTCTATTAAGTTATACGTGCATGCAACTCTCTTCCATAGCCCCAGCGGAAACCACAAAGAGCGTCTTATGACAGAT,1703,51.09,Arabidopsis thaliana
SEQ_530317,CTCAGTCCAAGACGCTGCCCATTTTGGCAATGTTTGCATTGCATGTCATCGAGCTAAGTTAATCGTTGGTACCTTTTTTACTCTTGCCTCGTGTATCAAGTGGTGTCGGCCCCATGCCATTACCGAAAGTGTGGACGCCGTGCGTTCAAGGGCTTTCGTCATCTTACCTCACTCCATGAGCTGTTCTGGTTTCTATACGCATATACCCGTTTACGCACCCCACTAAATGGGCCCAAAGAACGAAACATGTCTGCGGACGCCATGGTTGCTATTCGCCAGCCAAAAATCCTTTAGCGTGTATGTTGTCAATCGCTGGGTCCACTCTATGCGAACGGTACGAAAGTTCTCGTTCCGTGTCTCTACGATCCTCATTCACCAGAATGAGACTATTTAATGAGCGCGTAGTTGCACTGGCGTTGGAGCGCTAGCTCATAGCTCACTAACGGCCTTGGAATATTGTTCGCATTCCGGTAGTGGAGGGTGTAGAACCTCCGGAGAGCCGTAAACAGCATTGAGTTTGGACATCGGGTCTAGTTGGTAGTCCATCCATGGCGCCGGTGCACTTAATTAGGCTAACAAGACGCCTAGCGAACGTATATAATTGTGACATCCGCCTTCTCATACTTTGAGCCACTATGCGCGGAGCGTGGGGGTTCTAGGTGGCGACGACACGAGGCTGCTTACACAAAATAGGGTTTAGCGCCGATGGGCAGCCCCCACGAGGCTTTGGCATAGTGGGGCGTTAATTTATACCTTTTGAAGCAGACTATCTTCCCCTTACGTGCGTAACGGGCCTCATAAGACAAATCGACGACTCGTTTATAGATCACCTAACTTCGCTCCAGAATTTGGAAGCGCATGTCATTCCGAGATTTAGTAGACGTAACGTAAATGCGCGGCTCAACTT,907,49.72,Drosophila melanogaster
SEQ_512537,TTATCAAAACAGCAAAGACAGAATATGCATTTGTCGAAGAGGCTGTGTCAAAGGATTCTTTAGTATTGCCAACAAATCGTAACTAAACTACGCGCCGCGACGGCAGCGACGACGCTTAAATCTTACAGTCCACCCCGAACGGTAAGTAGAGGAGCTAGTTGCCAACGTCATCCAAGCCGTCCCCAGCTATTGTGATTTACCGCGGCGCATTTCAAGTCGCCGACATCCGTCTTCGCTGACTCCATTCACTCATGGCTTCACGAGGACCGAGCCAGGTGAAGATTACAGAATAGACGACCGTATGTATTCCAGCTTGCTGATGGGTTCCAATTCTATTTACGCATAGAGTACCTTACTTGTATGCTCGTTTATTGACTCCGCAGCGCAAATTCGTTCTTGAAGATTCCAGCTCAACCGGTGTAGACATCACCCGTAGTCGACACTGGGTCACAATTGAGGAGTCAGTGTCGGCGGGTGCATCCGGTTATTTATGCGACCACTGGACTCATCCTCTAATACCAATAGTATAAATGGGGTTTCACATGGCAATGCAAGTGGCCGCTGGACGATTGGCTTTGCAACCTGGGTAGCAAAAGGCGGCAGAGTGGGTAGGCTAACGTTTGACAACCGAACTCATATCTTCACTGTACGATATACTATTTTGTTCTTCGACCAAGCCTGGTACTGTACGGAACCTCTTCTAGCTGTGGCGGTGAAACATCTACTATGCTGACGTTGAACTGGCGCTGTTGGACGGGACGTAGCCTTTATACAATAAACAAATGGGAA,789,48.04,Homo sapiens
SEQ_102651,TCATGAATAACATTTGTGTCATTAGGATGGTCTAAGACCGCGAGTCCCTTGGGCCCAGATTCAAATCGACGATTTTTAGATTAGCCCTGGGCACTCACTTATTGTATCCACACTGCGTGAAGCGTAACGCATACCCTAGGTAGAGCGGTACATCTCCCGGTTCAACCATCTTCACTCCAAAGCTACGAGTGGGTTCTCACAAACTCAGTCTGAGGCGCTCTAACGAGTTTAGAGACTAAGTAATCCTTACGTGACCCGCATGTGAGAACAAAGTAACCGACCTTCTTGTCTAATCCACAAACTCCTACCAAGGCAATTGTGAAACTCATCAGGCTCATGATGGGTTCTAGAAAGCCTTATTAGATGTGCGCCGGCGCACAAGTCTAACTCATACTGCATTAGGTTCTGCCCTCTAAGTGCATGGTATCACTTACTGGTCCCGCGCCGTTCCTCCAATTCTCTCGCTCGACATAACAGACATGGTCTGTCAATTTGATAGTAGATGTGAAACTTGAAGTCCCGTGGCCGACTGATTCCATGGCGAAACCTAACTGGAAAATCCCTACTCTTGTGTGTGCACGTCTCATGCTTTGAGGGCGACGCTGAACGCCCCTTATACCAAGCCAACGGATCGCGCCTGGACCCAACCATATTAAAAATATCCTATTGGCATGGGACTTGTGGGGCACCGCATATCGAGCTTGACGCGTTTAAAAGGCTCGTCCCCCGACTCGTACGAGCCTGAAAACAATTAGTCGTCCCAATATTGTCAATAAAGCCAGGGGTGTGGCCCTGAGTAACATGGGGATGCGTCCCGACCAAACTCACATGAACTTGTAAGCCGCCGAAGAAATGCAACCCACCAAAGAAACCGTGGATGTTCTATGGTGATGTCGATGATTTTCCCTAGTCCGCCGTGAACAAGGTCAAGACACTAGTCACGGCGGTTCGTATCAATGTTGTCATCGTAGGGTCTCCATCTTGCTAATTTGTACAGACCTGGAATGAGCCCAAGGTAGCACTATTCGCTGTTTCGTATGCTTAATTCCGATATTTTTGTTTACTAAATTGGAGAGCGAAGCGCCCATTTACTCATGCGCATACTAATCGAAACTCGGGCGTTTGCCCATCCGTGCAGCGACGGACGGAGTTCCCCAAGTTGGATCGCAGAGGATAACCCCGCACCGCGGTTTCCCACACCCCCGTGTTACGCATGGGGCCTCCTCGTTTATGGTTGCTGTCATCAGACTCTACTAGCGAATTCGATGCCAATAGAAGAGCGAATCCAGGGAGCAGGAACTTGTTAACTGGCCATGTTATCCTACGTCTGATGTTGCTCCAACTATCCGGTCCTCGCCTGGAATCAGCGCTGGAGGTTCGGGGCTGGCTGATCTCGAAAACAGGGGTGG,1409,49.75,Mus musculus
SEQ_771660,GGCATCATTTTCGAACTGACTAGACAGTCTCATACCATCTATGAGATAGAGGGTCCTTGAGCCGCCTAATGAAGTGTTCGTTGGGGTTCAAAATCGCCTAAACCCGGTGCTAGGTTGTATCCGTACGACACTTGAATACTGGCTCTGCCGGTAACTGCATATGTAAAATTGTGCACGGTAGGCCGCTTAAGGCGCATTCCTCAACTGTTTTCGACAGCGCGGGTCGATGCATAATCACACAGAGGCGTTCACGCCAGCTCTCCTGGACGTGCTTTGCTAATTACGGGCATTGTTGGAAACAGCTTACCTTACAATTCTTATGCCTATTGAAGCATCGGTTGATGTGAGATCCGACTACTCCAACATCGAGTGCAAATCAATTGTCATGAAAGGTCTACATTGCGTCCGCGGCTAAATATGCCGTGCGCACAGTCAGCTACATTCATATCAACAAATATTCGGGCTAGTCACGGCCCTTGGCCCGTGCTCTCGTGAGCGAAAGGGTTTTTGAACCTTCAGTTAACGAGGTGGAGCGGCTCGTAGAAGTGTCCTCACACTTAGCCTGGGCCGATGTCGCACCGTGGGGAACGTACCTTCCCGGACCTGAAGTGTCCGCGTGACAAGATCCCTTTCGTTCTTACCATAACTTAAGCCGCCCATTTAAACATGTGTCCTAATCTACCCATAATCTAACCGCACAGTGCCCTAATGGTGTCCACGTAGTCGAATCCTCTTTCAACCGTCGTCGGCGCGACAAACTTCTATTTTACTGACGCAGGCCGAGACAGGCTATGGAGGGCTGTGCCTCCAACCCAGTCCCGTGGGGGGAATCGAGATGAACCGCAGTTCTCCAAACGCACCGACCCGTGGGTATCTTCGGGTATCCTTCTAACGGCAATTCACTGCGCATCGTATCTTTGGGACAAGACATCGACAAGAACCCAGACATCGCTAATTCTAACTCTTGCCCCCTTTATGACATGGAGGATGCAAGCTCCTTAGTCTAGTAGTCATGTCCGGTGCTAAACCGGGCACACCGG,1040,50.87,Caenorhabditis elegans
SEQ_234283,TCGCGCTTGGATTTAAATGTACATTGGATCTAGCGCTTGTCACGCTAAAAACCGATCATGTGGGTGATAGTGCAACAAAATCTCATTGCACCCGCCTCGTAAATGGCCCGGTTGCCAAGAGGGATGAACTTTAGCGTGAATGCACTTGTTACACTCCTCCGCCTGTCCCAAGTATACCAACGTGCGAAGATGCATTACCCTTTAACTCAGAGCTATCATGAGAGCGTCAGAGCACCATCCTCCCACACATATTCGTGTATAGCAAGAACAAAATGTATTAGCAGTCATGTTGATAATTTTTACGAGGTATCATTTTTCTAGGCATTGGCCGAGGGAAGGGAGCTTCTAACGGCTCCGGGGCGCCGCGGGGGTAAGCGCACCACCGACTAAATAATGGTTGCCAGGCATCTCTAGACAAAGAGGCCCTAGTCCGTTTAGGATATCGTATACAAAGCCGTCCTAGTTATGGCCACAGATGCGACATTCGCCTAAGTCGACACTCCCGACTTGCACCGAACGCCATGTTTTTGCGGATGGATGGAGACAGGCTGTGATCTAACTTTCTCGTATAGTCATAGAGCATGGCTATCCCAGGCGCCTCTTTAGGGACCTTCCATATCGGACCTTGCTCTGTAGATCACCCGGAACGAGACAGGAATGTTGAGAAGCTAGGCTCTAGCCGATCTACCCCTGAACGTATCGTTCAAGAGAGCCAACCTTTTGCATACCTCTAGACCTCTACGGAAAGCGCTGGTTTATGACCAGGCCTACCTCTTTGCACAGACCCTCGCTAGGAACGCAAAAATGAGAAAAAAGTATATGCGACTCAATCCCGGAGATAATCACCTAAGGGTATCACAAACGGCTCAAATTTCGTCGCTTATTAGGCCTTTATAGAGCAGTTAGTTGTCGGAAGCATTTTCGTACGGCCATGAGCATCTGTTTA,946,48.31,Homo sapiens
SEQ_463288,GGACGACGTTACTCCTTTACTTAGGCAGGGTCCTTCGCTACGATACCCTGACACCGTCACAGGACGTGATCAATCATTGCGACACTGATCACCCGATGGCCAGCA,105,54.29,Caenorhabditis elegans
SEQ_950953,ACAATGCATGAGTAGGGGTCTGGTGGTAGCCTGGAAGCTTCTGATCAACATGCTCGTTAACCTCCTCATACCGTCTTTGCTGTTATCCGGATCCTTCGCTTGTCATTCGAGTTGGCCCTAAGCAGGTTCCTATGCCCTTTAGTGCTAATCGACTACCGGAAAGTGCAGAGTGTTTAGTTCCAGCACGACTAAGAGAGTCCAACGGGTGGCGAGCTTGAGCATCATTCCCAACTTGGCACCGTGGGAATCACCATGGATATTGAGACGCTGCCAATGAGATGCTCATAGACGTACAGCTCCGAACGCTGCTTTTAAGTCACGCTCGATAGTGACACAAGCGGTTTTTCTCTCCCCTTGAACCGCATCCCGATGTCTGATACGATGTTTCGTCATTGTCACTGTACAGAAGTATCTCAGCTGGTGGAGAGTAACGTACGCTCTTTATCGTAGCTGCATGGCTATGTGCGGGCCTCTTTCACAGGAGAAGCGGCCTGATCTGCCCACGTTAGAGAGACCATCTTGCTGGTGGCGGACGGGGTCGGATGTAAAGGAGAACCTCTGAGCCTTGTGTATCAGATCCTACAGATTGGTGGGGATCTCCACACTCCTGCGTCTACACCAAAACCCAGACTTTGAAACAAGATTGGGCCCGGCGAGATTCAAGTAACACAGAGGCTATTAAGCCCTCCGCCTATACAGTAGGCATGCCGACCGCGTATCCTATTCGGTTCGGCGCAATGTAGGTGGACGTTACTATGCTGTCGTGGTATGTACCTTTTGTTCACCTATACGCCCCGTGCATTCGATCTGGTCACGACAGGGCGAGTGCATTACCGTGCACTGCGTGCCCTTCTAGACCTTGGGTCATTCAGGCACAATCTGTTCACTAACGCGCGTGCAATAGTACTGGTTTCCCTTCTGGACGTCGGCCGACCAATGATAGCTAGCCCGAAGGCTCCAAAAATCCCGCGAGATTAGTCTGGGGACGCGCAATTCGGATCCTCGCCTCGGGTGCAAACTAAGGTTCCATACGCATCCTAAAATCCATTGGTCATATCAGCTATCCAACTTTCACTGTGGCCCTCTCCGCCAAAATCAGCCCGCTACCGGCACCTCATCCGAAAGCCTAAGGGTACTAGTCTCCCACTCCGTATAACGGTTTCTCCCGAAGTTCGGGTCTCTATCGTAATTGCTGTCCGATATACCGCTCACCCGGCGTATGTGTAAACGTACATCTCAAAACCTGCTCAAATATCGTATCGAACTTATTAGGAAATTTTGCAGGGAAACCACGTGCTTTATCACACTTGAGCGGTAAGACACAGGGTTAACTCCGGCATATTCTGTCACGCATACAGGTATTAGACCGAAAGAACCAGCGTAGCGGGCCTATTCTAAACCCGGAAGTGCTCACGCGAGGTAAAGATTGCAATGCCAAACCGAACTACAGGAGTGGGGGGCCCCCGCTGACCCCCATTAAGTTTGAAACGGCGTCCACCTAGCGTATACCGTTTAGGATGCTGCAAGGCCGGACCCTGCCCCATTATGTACTTCGGCAGTTGGGACCTCCGACAAGTCCTCGCCGGCGCAAATTTGCGAGCAGAGGAC,1608,51.93,Arabidopsis thaliana
SEQ_196524,AAAGTGGGCCGAACGGGACGTTTCTTCCTTCTCGCACCGCTCGTGGAGCGGCTACACTCTGGCCAAAGGGCGTGAAAGTCTACCTTATTCGTGCGCGATCTCGAAGCTAATGTGTATTGGATAGGGTTTGGGTCCAACGTTGAACTCAGCACTGTTATACTCCCCGGTTAGCTTCAGTCCGTACCGCGTATCACCGTTAGCGTGCTATGGGTACTATGTATAGACATTATTGCGCGACCGAAAATCTCTTATTGCCACACGTTGAAAGCATTGGTGTTGAACATACCGCGACGAGAATTCACTGGGTGTCCACCCAGCGGGTCGGGACGACGAAGAGTTTAGGCATGGACGAATCTCGATGACAGCAAAGTAAAAGTTCTTACACATAGCCATTCCCGGTTGCCGTCCGTAGCGCCCGTGACATGGAAGGACGCCTGAACCCTAACCCACTCTCAGCGATCCTAACGAGCTGACGGGGTTGAATTCTAGGCTTCTACGAATGAGTGGCTATCGCGACCGATTCGACCCTTAACTTAGTGCTATCATCGGCGCCTGAGGCCATGTTCGGACGAACCTGCATTGCGGGGCCGTCGACTTATGACTTAGGTCGCGAAGGCATTGAATAGTAGATGGATGCAAGTAGTTTTTGGTAGGTCTTTCTTCGAGGGGTTACCCTGCTTTATCCATGCCGTACTCCGGCCTCCTAGGTGGGTCTCGACTCACGATAACAGAACCGAGAATTAATGGTCCGACCCCACCGCTCGTTCAGTTTCGCGTTACTAGGTGGTAACGGTCTAGTACGAGCAACATTCTGACTTTCTTACGGAGCCTAGGTCGGTACACCCTGCCTACCGTACCGGCGGGATGGGCGTTCTGCGTATGGACGGATATTATCTCAACGCTAGAGCGGTTCCAGGATCGAGCTCTCCGATAGCACGATAGGATACGCGAGGTCTTGGGTGTGGATCAAGTAGGTCCCTTATTCCCGTGGGCGCCCAATACCCGGTCAAAGTACGTCGAAATTAGTATCTTGCGCTTGTCGATCTTCCTTAAACTCCATATAACTGTAAGCGAGATTAAGCCCTAGCTTGGCGAGTCCCCCGTTCACGAGGACCTTTGCAGACTCGCTTCC,1132,52.47,Homo sapiens
SEQ_973142,AAGTTATCATCGTCACCGCTGATATGGCCCTCCCACATTATAACGCTGGCCTATCCCTACCGGACGCCTATCTAATTGAACCTCTGGCAATATAGCATGAGTCTATTATGGGCGAATCTCTTATGTTACGAATCCTAGTTGCTTGTTCGACCCAAAAGGAGTGCAACGTAAGCGGGGCAGCGCTGGATCTGCTCCGTGGCGCATCTTCGTGCCATCCGGCCACTGCGCGGAGAAACCTCTCCAGGTTGAGAATCGACGTAACGGACTAGGGACGGACATCGGGCTATAATTGCTACAATAAGAACGAATTGCGCATTATGTGCACTGATCACTCTTGAATTACGAAGCACAGAAGTTGCCTACATCCCATGTGCGTGACACACCCAGCCCTACGAGGAGAGTCATCGCAGTTTTACTTTCGCGACCGGGTGGGCTATTACTAATGGCAGGCTAGAGAAAGACCTCGGGGCCAGGATCTCCAGACGACTGTTCCTCTGTCAATGTCACAGCGCCTAGAGTACTGACGCTCGACCGATTACCTAACACTCTCGATTAGCACGGCACCGAGGGTACACGCTAACCTACTGGCGCTAGACACCCAGCGGAAGCCTGTTGGGAGACAATCTACTAAGTGGAGTTGTTGTTACTGGGTAGTCAGCATGGATAGTGGGACTGCTCGGCTGTGTCGGCCTTGTAGCAGTGGTCCAGACCGCCAGCTGTGTCAAGAAGATCTCGCCTGCTGCATTAGACCATGCCTTTTTACCCAACGGCCGTAACGGGGCTGGTGTAGAGGAGTTGGATGTTGATCAGTAGGACTCTGCAGCTAATTGTAATACGCAATTTCCGTAAAAGACTACCTATCTGT,865,51.68,Homo sapiens
SEQ_400618,GATCTGTCACGCTGAGGAGCGTTTAGTGTAGTGTGCGCGGTTGATGGACGGGTAACTATATTCACCGATGTCACTACGTTCCCTGTCCATAGGATGTGTCGGCATAGTCATAGCAACGGCCTGCAAAGCCCCCAGTCCCGATCAAGTGAGACTGATCGCGCGCAGAGCGTTGGGCTCATGGGCTCTCGGGCCATTGAATCCCCACCCGTGCGGGTTAGCCTCTGATGTTAAGTCAATCACCAGGTTGTTAAAGGGAAACGGCAGTACTCCCAAAATTATTGATCCGTAAGAATCTGTGGGTGCTGGGATCATGGGTAATGAAGTACCTTCCATGCTGAGTTGCCGAGCCCTGGACCTCTCACGGAAGTGACTTAAACCCTTTTATGGCAGTAATAGCAGCGGTTTTAGGCGCGCAGATGTCACGCGAGGACCAGATATTAGGCTCGCGTGGAAATATTTCCAGACTTCAATGTTTATAGTAGAGGAGAACGATTCCGCATTAGACACAGGGAGCTGAGTAGGCATTTGTCGAGCCGGAATTTCAGTTATCCGAAGGTGATGGGCCGTGGGAATGGCACTATGTTAGCTTTGGGAGGTAGTGTACGAGCTAAACGCTTTAAATAAGCAATGAAAAATTGTCCCTAATGGTTCTTTATTGGGATTTCCTAGCCTGGCTGACAAGTCCTTAGGGAGGACAAAACTATAATGAGATCATGCGTGGTGTAGTCGACAGTAGTGAATTCAGCGTTCCCCTTCTTGGGATTCAACGAGCATATATAGCGCAAGGTAGCAGCTGGATCACTATAGCTTAGGGGGCAGCAAGTCCTTGTGGGGCTCATGACCACGCATCATTTCTCGCTGTAGTATCCACCACACATTGACATTTTGTGATGCGGGCTTACACTAGGAAGGACCGCTGCAGTAGTATCAAGAGGGGGCGACTAAAAAAATGTGGCGACTGAGGCTACTGCTCTTCGGTCAGCTCACATGGGTGATATGGTAGATTTCAGGAAATACTACTGATGTGATCCACTGGGGGCCGGAGGCCCACCCAGGTATGACGGAATACGAACGCACAGTATAAGTATCCTGGTAGATGGGCGCTTAGGCGAGCGGCGCAGAAACTAGTACATCGCGTAACGAGGCCGATCACATTGCCGTGAGTGTGCCACTGTGGCGTATTGCGACCTTAGTCGGTCTACCCAGCTGCGGGGAAAAAGCTTCTCTTTTTACGGCTGATATGAAG,1246,50.24,Drosophila melanogaster
SEQ_472342,GCCTCCTATGAGCCAATATCAGACAATTGAGTCATCACTACTCACTAGGAGTCGTCACCGTAAATCGAAAGTCAATTAGCGGCGGACTCCGATGTGATAAATGTTCCATATACGCTTCTTGACCAGATCCAGAACCTGCGACATCCAGCCTGGAGCTCCCCAGCATGTGGGATAGCACTGTTAGAGACAGCTCTCCATCCGGCTCGAGTCAATCCGGAGGAGCGCTGGTCTTTATCTGACACGGGGACATTTTAAGCTTGGTGTGACTCGTAGGGCTTAGCTAAGGGAACCTGATTTTCGGACCCTTAGAGTTGTGCCAATAAAACCAGCCAGTCAGTAGTCACTGTAGCGGTCTAGATAAGGCTGCAATCGGAACGACATTCTTCTGATTATATCGCTGCATGAACTACAGATCCTAGCTTGTGTCAGGGCATTGAACAAAAGAACACGGTTCGACCTCCCCCAACACCGGAGGCTCAAAGACGTAGTGCATTCCCGATATTCTAGCATCCTCTCATCATAAATTGATTCGGTGAAAGGTACCCCGGGGGTAAGGGTAGACGGCGCACCCATTCAAATATCATCAATACAAAACTGTAACTCAGTCGAACCACGATTTCTTTACTAAAATTTCCAATGTGTCGTCGCAGTGTAAATTTCAAATCTCAGACGCGGTAGTATTTCTGAAGACCCTGTTGGGTAAATCGACGTAGGTTAAGACACTCTTAGTATCGTTTAAGTTTGAACTGGCGCGTGGAGTTTAGCCGCATAAGTCATGGCGGTCCCCATTACGCACTCCGCCCGTAGCCGTTCGCCTACCCATGAGGAGCAGGTGGTACAACCGGCCAAATTACAATCTATCAATAGCAAATGGTATTTGGTCCTGCTTTTCCGGGTACTTTCGCAGTAGGCGCTCCCGAGGCTTCAGATCTGTATTACCCCCGTATCTCCTTTCAAGTAACTCTGCACAGAGTTACACACTCCGACTGAGATTTACCTTATTTTCCTTTTCGAAGCCGATGACGAGACTGAGGGCCACGTTCTGGTACAGACAAGCGGCTGCAGTAGAATACCATCACAACCAGATCGTCTTAACTCCATGCATCGCTTTTTCGGTGAGAGACTGGCCTGTGTCTGGACCAGCCGGGCGTGTAC,1155,48.66,Escherichia coli
SEQ_719966,CGGCCATAAACTTAGTCGTACAGGCTAGTGTCATTCCGCGCATTCCACGCCATCAGAGTGTTTACTGAGGCGTAAAATACTCTAGGCTACAACCGAGGGTGATCGCCTAAATCGTACTCATCCTAATTGCGCCTTAGCGACCGGAAATGAGAAGGGGCTCTGTCCCGTGAGTTTCACTGAAGTGAGAGGGTTACGGCTTTATAATGCCCCGCGCTGAATAATCCTTCCTTAAGCGGCCTGTTAACTCCCCAAACAAATCTAACAATGGCTCGCTTCACGCGGTAGCTTGACGGCTCGCGAGGGTCTGATACAGCAGGTCTTTAGTTTAGCACACTCGGCATAAATATTATTGCTGTCAATGAGCAGCGTCAAGTATACAGCTGACTTTGTAGCCGCGGGCATGAGTATGTCTTGCATGGGGTAACGTCGTGGAATTGATGACATGCATGTCGGTACCCAGTTATTGACGAATATCCTGTTATTGTCAAAGCTTAGGTAGTTCGCTGAGGTCTACATTCCAGACTGTGTACCTTTTTAATGCTAATTAGGACATGCAACCGGATCTATTGAGGGTAGGGGGTGGTGTGTGTGCCGAGGTTCGAGGAGAATTAGTCCGAGAGCGGATTGCGCCGAAGGGTGCTCTCTTATACGAACGCGTCGGAGGCGCTAACAAGCGAGTAGGAGGCGCAATATGCGCCTGGTGCAGATATGCGTGCACGTTGCCTAGAATACACTTAGGAGGTCATTTTTAGTCAACGAGTGATTTCTAGTTAGGTTAGACTCTCGTAGAATGTAGGGATTGCCAGTGCCGTAGATTTTACTACCTTGCAAAAAACGACTATGCCACCGGAAAATTGGGAACTCTAGTACGCGGTTCCCGTTTTCCTCATGCAGTGATCAATTTGCGCATCCAGTTCTTGTTCGGGCTACGCCACGAACATACTATAATATCGCACGGAGGTAGCGAGGTCGTCCTAATCAACTATAGGGTAGACGGAATCTCCGGAGAGTGACTGTGCTTAGTTGTGGGAGCGGATCTGGAAGGTGCATTAGTCTTTATTGCAACAGGTTCCTTCGATCACCCCTTGAAGAAACATGAACCGGGGTTAGCTGCGAGCATCTCACTGCTATCAGGGCGCGTGAACGACCTGGGAACCGTGGAGACCGGTACCTCATATAGCTAGTTTATTCCTACCTAGGCCATAGTAGTTTTAGCCTTGCCAGGAAATTTACGCCCTCTTGTCTCTACTAGTCCACAAGAGCAGTGGTGCTCAGCTCACTAAGTTTAGGTTTGTAATTCGCTCCCTTATACCCGCTGCCCGCTCACCTGGTGAGTTACTCTCACTTCCTACCACGACGAGGTGTGTAGCCAAGCCAGCGGTCTCAGCTAGCAGCAGATTGGAGCGATCGCCCGTATCTCCCATGCTGCCACTCACATGTCTGGAAAATCGCCTGCACTCTCGTCTTCGCTTGCAGTACTTAACACCTTCGATCGTGAACTGTAGGCTGGCACGGCTCAATAGCCTCAGCATAGCTGCTAATCCCAGTTGCTGGTCAACCCGCGCTCTCTACTCATCTCCCAGCCTCTCCAGCGTTTACCTGTAAGGACCTTGGCCGTATAGTTCCCGAGGCTAGCCTGACATACGAACCGCTGTGTCTGAACAATCCATGTGATGAGTGATAGTGAACGACTCCCAGGAAATCAACCAGTCAGTGGCCTGCACCAGTTCTAGTCCCAGATTATGCAGGATTGACATATACCGTCACGTATCTAGGTGTTCAAGACACGTAGCGGA,1796,50.11,Arabidopsis thaliana
SEQ_518418,CCCCGTCATAGGTCGAACTTGTCGCTACCGGCACGTGTTGCTTTGAACAGCTATATTTCGTAATGAGTTCATCTTACACAGCTGCTATGTCCTTGTGAGCCCTTGACGTCTGAGTAGTACACCGTCTCTCTCCGTGTAGAGGTCTTCCTAGTTCACCAAGGAACCACCGTTCGAGATATTGCGCAGGATGAAGCATCTTTTGTCAGGTTGGAATGTCACTTTGAAATCAGACAATAGCGTGGTAGACCCCCGTGATAAGCTTGGGGGAAATATGCCTGAATACATCCCAACAACTTATTATGTGTTAGTAGGCGGGGTAATTAAGCTTAAGTCCTCGTAACCTCCTCGGTCAGTCCTAGGGATTTTCGGATTCCGGTAGGATAAGGCCGCGACCATTGGGGTGTATATTTCGATGGCAACCAAGCTATTTGCTCCTGGTGAGATGACCAGGCGAGTGGCCAAACCAACAATTTAGATCGGAATAGCGCTTGATAAGGCTTTACGTAGGGCAATATCTGTCCGTTGGCGCATTTTCAGTGCTATTATGTGATCACTGGCCCTTATACGACGCTACCGTTCAGTGCCGGAGACAGTTCATATTCACGTATCCACAGAGAGGTGATGGGTGAATTTACCCCCACCTGCCCCCCGCTACGTTTCCGTTTACAAGCGTTAGAGCTGCCCTACGTGGCCGGGTAATGGAAGACTTCCTTTTACTCAGGGCCACGTTCAATCCCCATATAACCAGACAGAAACGGTTGGTTACGAGAGTCAGGGTCTCAGGTGGACCACGGTTCCTCAGCTGCTACATGAAGAAGAATGAGCCAAACCGTCAAACGAGTTTCCAAATAGGGAGTGTGAGGTCAGCCCGTCGGTGTTTGGAGGTTTTCCTTTATCATCGCTTCGTTGTTGCTGATACGTTTCGCCAAGATTGATACCGATACCTTGGATTGTGTCCAAAGTCGAATCTAGTTGAGTACCAAAAAACCATACTTGACTAGTCGGAATGCCTGCTGTCCGGCATACCTAACGGCGAGAGGAATAATCCGAAAGCTCTGCTGGACAAGACGCGAAACGAAAGGATCCTCTACGCAGCTCTGTCACGTCGGCTAACGAGTTCCGTGGCA,1127,49.16,Homo sapiens
SEQ_953556,CGACACGACGTGGTGGAAGGATAAAAAATCGCCTAGTGGCGTCCCATCTGGGAGATGTCCGCCGGGCTTCGCATCTGACGTGCGTGGCGTGAGACCTCCAGCAACTACGGGGGCTCCTATTATGTACAATTTGCTGCAAACTAAAATCCCTCAAGATCCTGCTTTCTACGCCCTTGAGCAGGATAAAACCTTATCTTTGCCCTTACTCTCGTTGATACTCGAGCGGAGCCCGACAGTCAGGGGAGCGATAGAAGCACCGATGCAATTTTTAGGGAGTCCTGCCTACCTATTTGTGATTGCACAAGAACTC,310,51.61,Saccharomyces cerevisiae
SEQ_631688,TCAAAGGTTGATGCATTCATAAGGAAGCTTTTCGCCAATACCCGGCTCTCGCAATGTCCGGTACCAGTGCTGTGGTATGTTGGCCTGAGCGTCGTTGTACTGTCCATGGAT,111,50.45,Homo sapiens
SEQ_905194,AAGCATAGATTATTTCTAGCGCGTATCGCGGGGTAAAATTGAATGTCTCGTACAGGTACCCGCACTAACAGTCTTAGCGAAGCACTCGTTTGCTCAGTGCTCGAGTGTAAAGGGGGGAGTTTTTTCTAAAGGCCTCGCAAGGTCTAAGAGATGATGACTCCGCCCCGCAGCGACCATGAGCTGCTTACCTTAGATCCGCGACGACACGATCTTATGAATTAATCCACTAAAAAACTGGAAGTGACGTTTACAGACTGCTCGCAGAGTGTACTCTATAGCTGATGACTTACTGGAAAAAGGTAGACGAGGTCCGTGTCCACGCTGCTCCATGCCCGGTGCATGGTTACAAGACTATCCTTGCCTCGGCATGTTGTACAATGTCTAGGCTGTCCCCAGAGATATCCCAGCTGGGGCCCCCGATGTACCCGCTACCTCGAATAGGGCGGGCCTTGAGTGCAGCACAGGATACTTACTCTCCGCGGCAATGAGGTTAAACGCGATGCTGTCATGCAGCCCGGAAAAGTTTCAGAATGGCATATGCACCATGGAATCTGGATGTCAGGGAGAGCATGATCTCAGATGTATTACATAGAAGGACCCCTAAGCCCGTAAAACCTTGGTCTCCCCCCGTGTAAACACGCCCAGATGATGCAGGAAAAGTCTGACGTTTAAACGGGGGGCGATCCTGATATGGATCAGTAGGACGAGGCGACTCGTAAAGAACATGGGCGGGGTATCCATAGAGTTGTACTGATAATCGTTACTCAGACTCACGTGTAACCTCGCGGGCTCGCTTAGCCAATCAGTGGGGTGTTCTGCCGAAGCCAAAGTAACCGAGATTCGTACAGCTTTTACGACGCCCAGCGAGCGGATATACATCCCTCAAGCGCTTAAATCCCCTTCGTAAAGCGACCGCGTCCAGCTTAATCGGCTAATCCAGCTTGGTGAAAAGCGGGGTCCGGCAGCCCCTTAGAGTGAACGGCTGAAGCGCCTTTTACGGAAATCTTGCCCTCGAATTGAAATTTGTTAGTGATCCAGGGTGGCCGCATGCTACGGTAAGCGAGTGCGGCATACCTACGGCCGACAGCGGCGTGAGACGTTGCGCTGTACGACACTGGTACATTAAATAGAGAACAGCACCGAGGATCGCAGAGTCGGCGAGGAGGGGTTCCTTGCCACAAGCGCGATGCGGCCCGAGGCGGACTAAAGCTGTA,1214,52.55,Arabidopsis thaliana
SEQ_957400,GTACAGGTGCTGTAACTAGCCCGTGCACACCCGCCCGGCTTAATATATTTTTGATTCTCCCAACGTCACCATTGTAATACAGAGAATGTACAAGGACGAGATGTCGCGAGTCCTGTTGTACGGTCTAACCTCTGCTGGCTACGCGGTAACCGCCTCTGACTAAGGATTAAATTAGCAACTAGCATCTACTTATCAATCGCTTAAGTGTAAGTCGTATGTGGCGGCGAGTCCTCGTGTACCTGGCTTGGGAAGGTATTCTCTACCAGTCGGTGGCGTAACTCTCAAGTACGATGTCAAGCTCCGTTGCTCGATAGTTGACTAAACTTAGTGCCGTTTTGCAGGCCCTCTCTTCGCACTCACGTGTGCGCTGAAATACCCAGGCCGCCGCCTTGGAACGGTAGGTCAATTTGCGAGTCGATGGCACGCACCGAAGGACGAGCGTAAGCATCATGTTACAATGAAACAGATACAGCTACCTGTTCTCACCCCCATCGAGCGACCGCTTCTTGAGCAGTAGGATGGACACAATCCACCACTAGGCTTGCGATGGAGAGAATGGGTAGAGAGCACCAAGTCGGCGGTTAAAGACGTGCATTCACAGTTAGAAGAGGACAGAATACGGTGGAAAACAAGACATGTTCGGTGGAGAGTCGCGGACAGTCCTACAAAAGTAGATAGCGTTCCTTCTTTTTACACACCTGAGTTATTGCTCAATAGATCTATAATTGGCACTGACAAGGAGCGCCCAGACACCATGGCGTTCCCAATACAGTAATCTTGGCGCTTAAGATTCCTTGATCGGAAAGGTTAGAAACAATACCCAGGAATTTGTTGGGAGTGGGTTTAAGCATGTCATTGAATGGGGACCCTCTTCTTCGGTGGTAACTGCTCGGCAGTGCTGCGCGCGTATGCGTTCTA,918,49.56,Arabidopsis thaliana
SEQ_547339,CGTCTACGGGTCCTTCGGATTGGTCACTAAGTCTAGGGTAGGAATCAGTTTGCTCAGGTGTATACGACAACTCCTTATCCGAGTCCGCATCTAGTGATGATGCGTTCAGCTCTATGCTACACCCACAGCTTCATTCAACCTAAGCCATAGATATTTCTATGATCGATGTCCGCCTCTTGCTACGGTGGACAGTCTCATGTGCTGCGTCCGCCACCACTGGATTCCTCGACATTGCGCGAATTCGAGACCGAGTTAGATCGCGCCCTCCATCTTGGGGCAGCCTGACTTCCTAGTGCTTTCGTTACGTCCGGTGCATTGCCACCGCAGAGTCTTTAGCGACCTGTCTGTGTGATCCGTTGTCTGGCAAGAGCGAGACCCATCGCGAAGTAGTCGATCGAAAAAAATGCGATGTCTAGAACGGAGCATACAGGGGGTTATATCAATTTCGAAAGCCCTCGCCAGAGTAATACTGGCTGACATCGATATTAAGCACCTGGGAGAAGCTTAGAGCTCGCCGGCTCAACGCGAATAACGTATGATTCACGGACTAGGTCGACTGGAAAGCAGATCATGACTTGTTGCCTTTGGCTACACAAGTCGATCTAAGAAAGATGGTCGAAATGATGCAGGAGGTATGGAAGCAACG,646,50.46,Drosophila melanogaster
SEQ_433131,AAGGGTGAAGCGCTTGCTAATTCGTCCGCTCGAGTCCCATAGGCTCACCCAGGACGAACCTGGGGGCAGTGCCGCTTTGGAGTATACTGTATAGTTGGTGTCACCGAGGGTCTAG,115,56.52,Mus musculus
SEQ_878920,TGTCTTTCGTTCACCTAAAGGTAGTTAGTGCCCTCTCCTCTCAATTGGTCTAAATGAGTTCGGTCGTGGCCTAGCATGTAGGGGCACACAGCTGAAAGACCTATGAATCCTAGGTCTCTGCCGAAAGGGCTTTTCCAACTATTGGGTCTTTGGAGCAACCGCGTCCCAAGAGGTGATCCACTAGCCAGCCTTCGGTGCACTTACCACACACAGGCGCTGTAAGTCGGTCATCTTGCTCACAGTAGACTCTATACGTGAATTTTTGATTCGAGAGAAGTCGACGCGTATTTATGTGGTGCAGACTCTCCCACAAGCGCAGTTTTCAGAAGACACTATTTCCACCTAGATCGTCAGG,355,49.3,Caenorhabditis elegans
SEQ_401956,CGTTACTCGCGGGTAGGTCGTGAGTAATCCTTAGTAGCTGGGCCGTCCGTGCCAGATACTCTCCGAGCTTTAATGTCGGCTCCGTCCCCTAAGCGCAGGATATCACGTCCATTGTAGGTCGACTAAGATCTCACTCATGGACGACCTGCGGGGTCTACCAGGTCAGGGTAGCTAGCATCATACGGTCAGGACCCAGTGGAAGTTCCTGCTTGGGTGGAAAGGGTTGGCTTTGCCTCGACTATTTGTCGCTAGAAGCGCGGTCGGCGAATTGGTAGCTCGTCAGTGATATTAGACTTCCGATACACTGCGGGGGGTTAGAGCCGTCAAGTTACATAAGCTAGGTGTGAATCGTCCATCGCTCATAGTGACAGAACTGCTAGCCGCGCCATACCATGACCTGGCGTACGTGGAAAAACGACATACTATGGCTCATTGTATGGGACCGTTCACTTCAGTTGCTGTTGATCAGAGCAAATTGGCAACGTCGACCTCCGTCGAATGATCTATGACGGATGATACAGGGCGCGCATGATCGAATACCTGGCGGAACCAATCCGGACTTTCGAGGCCGGTCAAGATACAGCGGCAGTCCTTACTTTATCCCGACACGAATGGTGTTCCGCGAAATATCACGGACCACCCCGGGAAATCGATAAATAATGTGCGACCTACGTTGAGCGGCAAATGCAATTCAAATAACGAGCGCATAAGTTTCAACCTTTAACTTAGTCCAAATGATTGTCCAGAGAGCTACTGAGGATGTCCAGGCTGGATTCAGCGTAGACGAGCCGCAGCATTAAGTACCGTTGTACCTATCAACCCGAGACAGGTATATTTAGCCGGTCTTTTGGTCAAATGCACTCTCCGTTGCCTAAGGGTGACACACCAGTTGGAAAATACACCACGGCACATCAGGCTAGCTCCAGATTACAACAGACCCCCGGGGCCTTTCTTCACTTGTCCGGAAGGATATTTAGGCCGTATCTTCAAAGAAAATGTCGGAATTTTATCCAGTGCAACTGAATGTCCAGACCCGGAGGTTATTGTGTGATGTGGCCGAAAAAATCATCCGCAACTAGAACGTAGTTCTGGTCAGGTCCGTAGTTGACTGACAGAACTAGTGGTGCTGGACGTTAATATGACCCCTCAAGCTATTTAGGTTGCCGTCGTACGAGAAGTCCCTTCGCCGGTGTCTAATCCGATGAACTTCCGTGGATGGTAGAGATACAGCCTGATCACATTCCTCCACATAGGTGTTCCGACTCTGCGTTTATATATGACTATGCGAGAATACCATAGTTCTTGTTTTATGCCTGATTGGCATCTATTGCTCCGCCCTATTTTCTCGGTAGCCGTCCTGGTCTGTATTAGTACAAGGGGAATATCATAACTGCTAAATCCGACCGTCACAATGAGGTTCTTACCAAAGCAGACGTAAAGCCAGTCCATGAGTAGGAAACTGCGCCATATTGGTTCTCTGGAGTGCGGAGAGCCAGTACTCCCGCAAGTGACCAAGTTAGCGAAGGGCAGGGCACGAGACTGGTTTTCGCACCACATGCATTAAGACATCTTCCGATCCAATGACTTCACGCAAGCCGAGCAGTCTGCGTCGGATATGGAGGCTCAGTGTACCGTACTATCTTCATTACCGTGATTGCGAAAATGAACTCCCTCGGGGAGTGCCTACTAGTCACCGGGTGTGTTGCATCGAATATCCCATTCATGTGTCGCAGCCTATGGTGGACTCGCCCCGGGTCGAGTGATCATAAAATCTGAATACACTATACTATATATCTGGTCGAAATCAGAACACGGATAGCCACTGACAGTAGGCATAACCGCTGTATATTCCAAGCGGAAGGATAGCCCACGTTAAAGAGTCAAGGAGCCTGTGCCCTTCTCTTAGGTCGATTAACCGATGGACACGGAGCCCAGTAACAGCATTTAACTCCCAGTTTAA,1960,49.69,Arabidopsis thaliana
SEQ_285394,ATTGAGGATAATGATAGAGACTTTATCCATTTCCGGGAGGCTGCCATGGGGACCCCGCTTTTAACAGAAGCTTCCCCTTTAGGCTTCCTCGAACAGGGCCTCCCATGTGCTGTATATATGCGCTGAACAGAAACGTGCACAAGCCTAATGTATTGATGCGACCGATGATGCTCATGCGTACGCCCACGATGATTAATATCATGCAGAAATATTGGGTCCCCTAACAAGAATTCGGTGAACGGTGAACGGTGAGGAGATCCACAACACAGAACAACCAACACTGTGGCCGGGTGTGGCTCAGGCTACCCGACCGTACGGTCTTGATCATATCAGATTACATCTAGGATTCCAAGAAGGGTTCGAATCCTACGGCAATGTCTCCTCTTTCTGGAGTCCTATTGTAGAGTAAAATTCTGACCGAGCCTGCCATAGTACCCTGGTTATACACAATATTGTGGCGTACTTTTGTGGTTGTCACCCGTATACTTTAGGGCCACTACTTCAAGACACTAAAAACAAATGGGCATGTATCTATTGGTGGCTTACACACGCGAACTCCCCGGCTTTTCGTACCGCCATTCTTAAATAGCATAGACACCCAGCACTCCCTAGTGAAAGGATTACCGGGGCGGGTATCATGATGTCTCGTGTTAAGGCCTGCCAGGATGAACTATGTAAAAACCTGGGTACCAATGTCACTGGAGGCCGATTGAATCATACGGCGTTTGTGGCCACCTGAAACAGCCTAGGATCGTTCCATCGGTTACAATTAACGACAGGGCATCTATATATGTCGAACCTTACTCGAGACGGCTAAGCACGCGGAGGTCAGTACAAATGTTGAAAGACAGCAATCTCATCACTGCGTGCCTGGGATTTTCTTGAAGTGAGGGTGACCTCTAATGTCCCGGGAGGCCCGTCTATTTGACACATTAACATAATCGTGAGTCTCGTGTCGCGCAGCTCAGGAATGTCGTAGCACGCAGCCTGGCGCAGAACGGACATGATCTCTTAATCGTTCCCGTCGCTGGCTGTGGGTCGTCTTAACGACACACAACGTCTTTAACGAGCTAAAACGGCTCGACATATTGAGCGGGTTGCCCGACAAACTTCCCGGGCAGTCAGCCCAGACACCTGTAAACTGTTAGTTTTATCTTAGCAACGCACCCAAATCCGAACAATATGAACAGCCCGCGAACCCACAAGTATTCCTTAACCCAAATACGCACTTAATGTCTAAGCCCCAGCTAGGTAACGTCCATCTTGCTTCTCGCGAGTGGCCACTCGCACCGATACGCAACGCCAGACCAACCTTTTAGAGAAAATACTAGCGATATGTTAAATACTCGATAGTCTATTGTAATCTAGACAGCGAGACAGACGCTACTACCGACTACGTGTGCCAGGATCCTATTTGGCAATGTTGTTGGTGGTTTACCTCGGCGTGATGGATACTACACGTCCCTTCACCCTAAAGATGAACATCCCCTCCACATCTCGAGTAAGCCGGAAGCGGCCGACGGCCTGTATGGGAGTTAAGCCTCTTTTAAAGTCAACCCCATACTCGACTGCCACGCTCAGTGTAGGTCGAACGCTCCTATCGGTGAAGTAGGGAACTTCAGAATCCGGGGTGGACTCACGTCGGGGCCCGGTGTCTTGAACTCACTAGCCGTAGACGTATCTACTCTGCTATCGCAACTGGGTACGACTTGTC,1714,49.53,Saccharomyces cerevisiae
SEQ_362106,TGGTCGCACTGCGTCTCGCGCTGAGGTGCCAAGCCCTGTCTAAGGTGCATGGTCGATAAGGCGTATGCATACGTGTTTCCCACAAAAGGTAGGTTCACCTGCATCATGGTAAAGGTTCGGAGGCAGGCTGCAATGAATCGGTTCTGGACGTTGTGCCGCGCTGCTTACCGTGTAAAAACCGCTGGCAGTAATAAGGTATCCCCAATAAAGACGTCTTGTTGTGTAATCTAGTATGCCGTCACCCAGTTATCATCGGTAGACGTAACCCCTTCCTGACTCGGAAAGGTCCAGACCGCTGAGCTGCCTCTGATCTCACAAAAATGTCCCGCCGCTGGTACTGACTCACCTATAGAGCACGACTCGCCATCCTGTCTTGAGATGCAAGGGAGACCCCACCAGGTATTTCTAACTTGGGTCCCCGAAAGGCCCAGATGTAAGAAGATTTTAATTATAACGATGTGACAAGACATACATGATCGTTCCATAGAGCCAGGGCTTCTACCAAGTTTAGGCAACTGGGGCACAGGCAAATGTACGTTCTCGCCCTAGAGGTGAAGGGACAAGTCTCCTGTCCCTGTATCGGATTACCACTTTTTTATGAGCCCGTCGGGAAACTCCA,619,50.89,Drosophila melanogaster
SEQ_497539,CCCCCTCTAGTGTGGCGGATATTGGAAGGTATGTTGTATCGGTCTCGAAGCCGCAACGCGCTGGTGGATTTGCCCTACTTGAGCAGGCGAGGTAGGGAAATTGAATTCAACCAGGTGATTTCGCTCTATATTGATCGCAGCTGTAGATGTCAACGGCAGGCCCTCGTGCTAATCATTATCTATTTAGTGAGGTTCAGTGATAAATCGTAATCCTATTTAGAGGTGGTAACAAGAAGGGAATGTCTCCCTCATTCTGAGATCACAAGAGTCTATATATGCGTCGCTTGTTAATGTGCTCCGTGGCGTTAAATATCTTGTTAGAAAACTACGAATTTACACGGATACCTTGCAGTTGTTCGTTCCTCTCATACCCAATACATTACTGCCACAGGCACACGATGTTATCTCAAAACTATGCTCCCACCTTCGCAAGGCGAACAGCTCGAGGGGCGTCGTACACGATGGACAAACCCCGAGGGTTCTTTTTATCATGGGCAGGCAACTATGCAGTGGTTTGGGTGTCTGATGACCAACATGGGACAAGGTTCGCGTCCGTGATTTGTCTAAGCCATGGAATGGAAACACTTTACATTCCTTTACCTCCTTATAACAACTCGCGAATCTCATTCCCATTTACGATCGCGCCGAGGCGTTTAAATTCCGTCCAGATCGATATGTCGAATTTTTGCGGACTTTAAGGTCGAGGCTAAACGTGCTACTCTTTGAGCGACCCGTATCGTTACTGTTCTCCGGGTTAAAGTTGCCAGGTCCACACATCGGCCGTCGAGCCATTCTGACGCACGACTCCCTTCAGAGGCGACTAAAGAAACAGTTTCCTGGTTCAGTTACGGCAGATCCTAAGCACTTAAAAGGTTCGATGACAAGAAACACGGTACGAATGTATACAAGCGTAGGAATCTACCATCCCCATCGAGAACTTATTTAAAAACCGTATTTGAGTTCGCAGGTTGGGCGACAGGGCACAGCAGGCCTCGGGGTATTAGAAATCGTTCGAAAGCGTAAGATTGGAAGACTCGACAACCGATCTATAGAGTCTTGGCAGTTGTAATGACGAAGCACTGTAGAGAAGTAATTAACTATCATGCGTGGCTTGTGAGTAGCTGAAAGTAGTTCTCGGGGAGGAAGAGTTATGCCGTTCAGGAGATAGTACGTCTACTGTAACTCTCTTTCGCAACTTGCCAAACTATGTAGACCGGCTGCGTGGGGAGGCCGAGGAGGAGACGGGCCTAGACCGAAAATGCGTGTAGGCAGAGACTACTATGATAACAAAGGTTGTGGCAGGGGAAGAGCTCGAAGCGGAGTAACCGAAACCCGTAATAAACACCAAGACCGAGCTCGCCACGTCAGCTCCATGACACTTCTTAAAGCGCTTTACCTGATGCCCGACTCTCTATCGCGGGCGGCGCGAACTACTTAACACGTCGTGAAAAGCGCTTACGGTCATTGCTGCTCGACTGTATCCATGCCTTTTGCATGCCCTTCCAGCGCTGCGTCCTAAATAAAAACCACCCCAGTGAGACGCGTAAGATGAAGCCGCACTCCATCTGTATATGTGATCTGCACTACACCTAGTATTCCAGAACTGTCACAGCACACGACACACCAGGTTAATAAAGTTCAGAGCCCGGTGCGCTCCCAAGTGTACAAATGCCAGTTCCCCTCAATGACATGTGGCGACACTATCGCTATGCAGGAGTACTCCCCTTAATTCACAATCGAACGCCTACTTCCAGTCTCATCGG,1763,48.55,Saccharomyces cerevisiae
SEQ_636734,ATAAACGGATAGTACCTTGGGAGGCATTCTCTTCGCGTATCACAAGTCGGGCACTAGTTAAGGCAGGGCGTATCCGCTCTTTTGCGGAGGCCCGCCATACGCCACCACCAGCCTCTCGCAATCCGATGGCCCCAGAGACTCGAACCTCCAAGTGTCCGTCTGTACCAGCTGAACTCCCAACGAGCGGCCTCACTCATTATCCCGAAATATCCCAGCTGATAGGTAAAGAACGCC,234,55.56,Saccharomyces cerevisiae
SEQ_697784,ATCTTAGGGAGTCATCAATCACTAACATCAATATCGATTCTTGTAAAGGCAAATTTGGAGTGGATGGTTCATGTCCGCACTTGGCAAACGCTAACTCCGCTGGTCGTGCCATGGGCAGGACTAGGGCGAAACGATCTACGCTTCGGGTCATCTCCTTGAAGAGAGCAGAGAGCATGCGATCCTGTTTCTCATTCCTTGCTACTACTATTAAATTTACATGGTCAACTCCTTGAATAGCCATCGCGTGATTGTACAGCCTGATGTTGTAATTCGCGAAGGCTAGACTAGCGAAGTACACGACGGCGCACCAGGGTCTAGAGGACGACATCTTAAGCTCTACCTGCTCGATCTCCCTACCAGATCAGCGCTTCTCTGTGTGCTGAGCACAACGTCCGGGCAAAAGACTTGACGGTAACCCAGGCTAGTCGGAGCCGTCCCACAAATGATCTTCTGGATACCCACGCGAATTGAGGTGTGATGGGCTCACAAACAATGAAGGAGACAGGGATGAATTTTAACTTGGTTTTGAGTACTCGCTGATCGTATACGTCCGTTCTTCGTAGTGGCAATACAGACCTAGTAAGTGGGGCTCTAGGTAGATGATCCAACAAGAGACGTTCTATGCGCTCCGAGGTTATCTTTTTACGTACCCTAGATATAAACGTATTAATAGCGGGAATCTCACTCGGGCCAGGCGGTTAAAGCAATTTTTAACTCTGCCGCGACGTGCGGCACAGTCAGCGAACTTCGCACACGGGGTTTGCGTTGTAAGTGACGACAACTGCATGGCTGCCTGCACAATTGGCAGTAATCCTTCTACGACGCCGTGGCGCACACAAGTACAGCTGATTTGGGGGTGGGTGCAGTCACACGACCTATAAGGTGACACGAGTAGTGGTTCTCTACTCATCGACCGTTGTGAAGGCAGGGATATTCTGTCTTGGGGACTGTTGAACACGCGAACAGACGGATGTATTGTGTAACCATATTAAGAGGTCGTTTAACGACTAATCATTGCAAGATACACGAACTCGATTACCGTAGCACAAAGCTACCGGGGTTCTTGCCGTTGTAGTCGTGGCTCCGAATGTGGCAATACGCGGGCCCTTGAGTGGTACCTTAACGTTTAGCGGGATCTAGCGTCAAGAGCGACATCCATTCAATGTATTGAGGATA,1176,49.15,Homo sapiens
SEQ_496653,CCCTTCGCGCACTTTTCGTCTGGGGAGGATCCCTCATATTCCGCATCCACTCTACATTTGCTGCTTTTCTTTTGCCTGGAGAGGCAGCTGGGCGCTAATGGACGAGGATGAATGTTGTGCTCCCCCTGAAGTCTCTTCTCAATTAAAGAAGTTACGTATCACATAACGCTGTGTTAATAAGTGACATTGGGCAGCTGTGGATGATCCTACTTTAGGTTCCCGTATCATTGACTTGGGAACTTCAAAGTTTGGATTGTAGTCAACGGATTGCTACATAAATCCGAAGTTTCAAGATGATGGACTAGCTGGCCCCTGCTGTATCCTAGTGAATTCTTAAACCCGTAGGGTCATTTCTACGAACATA,364,45.6,Mus musculus
SEQ_752673,AGCTTGCGGCTCTTCGGAGAGCGCGGCTCTAATCCCTGGTTACCCCTTTTCAGCGGGAGGCCCGCAACATCGGGGCGGCTGATCCCTCAATATCATTGGAAGAGCGCAAACAATTCGTTGTTCGAGCAACGAATCGAGTGTCTTTATATCTTTTAGTAGCGGCACGCGACCAGCGAACTGCATTGCTCGTGCTGATTAAGTCTTTTCTAGCAGTTCGAGCAACACATGAGCTTGTGTAATACTTTCGCTGAGGGCTTTTGCGTACCCACTCACACGGAGCTCATTGGCCAGCGAGTGACGCGATTGGCTTAGATCGAGTCTCTGAGGGTGGCATTTTGTAGGCATCGTTAGTAACCACAAGTGGTTCCCCAACACGATATCACAGGCCCGGGATTCCCCATGCCTCTACAGGACGGGTGCGTCCCCAATGGCCCTCTGCTTTCCCGCAGGTATGGTTCACCCATGAACGCATCGCACGTAGAACGACTGAGTCATTACGACTCGCCCACAAGCCGACGCGGCGGGGACGTAGTGCTTAAGATGTACACTCGGATGTTATCACAAAAGTGTCAAAATTAGCATCACGATGTGAACCCTATAAACCCGCTAAGCTACTTTGGTCGATCCCATGGCTTACCCGTTAACGAATTATCAGAACATACTGTGAATTCTAGAATGTATAGCTTACCAGTGCAGGCGTTGGGATTCACAGTCTGCCATTTTACTGAGTTGAACGTGGCAGCGTAAAACTGGTTAATGGCATCGGGCTGACATACGACGCAAACATCCTGATGAACGAATTTCCCAATACTTGGAGCCTCAAAATATCCTCCAGGAGTGACACGTTGAACGGGACCGTATCGGGTTCATTACTAAATCGCTCCACAGCTTCGATGGAACCCCGAGCATCATTTATAGGGTTCCGACATGTGACGCCACTGGTAGGTCAGGAGTTCCCGGTTACCCTTAATAAGACACGCTAGGGGCTTGTTGAGACGGTAGCAACGAGGAACCGTTTTTATTCTAAGGGTTAGATTGCTTAAGTTTCAGGGCACGCTTCCCAGTGCGCGGGGTGTCCGCATCTCAGTCGAGGCAGAGATCGGGCCCCCTCTATCCCTATCTAGACTAATTCCCCTTATCCAGTATTGTCATGCGA,1156,50.87,Arabidopsis thaliana
SEQ_658010,ACGTATGTTTATATCGTCTCATATCCCCTCCCGCAACGCGGATCGCCCTTGTGGTCCCGTCTGTGTGTTTGCAGCCCTACGGATAAAGAAAGAATCCCAGTCACGGCCACGCAACATAGAAGTCGACTGCGATGCAACTGTGAGAAGTCTTTACTATTGCCACCGGGAGGTCTTGGACGGTTGCGCTACCTATGGGGATTCAAAAACATAGTTATCGCGATCTTGAACGCACTCGGCTTATCCGTCTGATCTCCGCTGGGGTACTTTCAAATCATGCGGGCGAAAGGAAAGTTGATGGTCCCGGAACGACAGCACCTACGGTCGCAGAAACGAAAAGTCGAGACCGAAGAGCGCCGCATTTGGCTGGATGGATCAGCATCATCGATTAGTCTTAAGCAGGGTGTCCCTGCTCAAAGCATTCGTCAATGGTATAATTCCGAAGTAGGGCTAAATCCGCTAGGATGGATTATGCCGGGAGAAACATAAGTCTTTCTTTCTACGACCTCCCCCCATCACTGCAGGGGTACATACGGATTCAACTGGTCTTCAATTAAAGCTTCGGGAAATTAGAAGTCCGGACAGCAGGGGCACGTCTTTTCTTTCGCGCCTCTGTAACTAAAATGACGCGCAGCTGGATCCCGGTGCTGTCCCTACGGAGAGGCAGACGGCGTTCTAAACACCCAGCTAAGAAACGCGCGATCAACGCAGGAACGTACGCCGAAAATTCGAGGGGTGCCGAGTTGCTAGTCGTAAGTGAGGGAAATCTGGTCGCAGTCGCGGCAGGGTCTTGATAACCAAGGTCGCGGGTATCACATCGACGGGTTCTTATGGGACCAGAAATAACCTGCGCTCGCTGATGTCGACTGTTGCTCCTATCCAACAAAGCATTCCTATCGCCCAGAGAGCGACGTATATTACTAGTAACGTCGTAGATGCACGCCCTGCCGACCTGCGGATCTTACCGTTTACTACTCAGACGTAGCCCACCTATGGCTTAATACTACGTGAACGCTGACGTAGCGGTGGAGAAACGAGCCAAATTGGTCCTTGTCAGATAAACAGGAACAATAATCTATCGACTAGATTATGGGCAACTCTATCACAGGCCTCTGTACTGGGAGTGTGGATTAGAAGCAACGCCGTTAAGCACCCAAACGATTGCAGGGCTAACTCAAATTTACTTTGATGCCATTTCAGAGCTGAAGGAAGCCTAATACTCTCACCCGAGGACGTCGGTCTCTGTGGTCAACGGCGGATGGCGTGAACAAGAAAAGTGTATAGTTATGCGTTTACTGCCGTGTCCATTGCATGCACGGTGCCAATTACCCGCACCATCGGGCAATTTTGTAATTGTTTAGATGGTCATATCAACAAACCGACTCGATCGTAAGGCACATGCGAAGTCGCCTCGTGCTAGCCGCGCCCTGTTGGACCCGCCGGGGATGCTAGGTTTTCCTATTCTTCTTCCGAACAGTACGTGCCACGGGCCAAGGTTCTGGTAATATGCATAGAGTCCTGCCTAGT,1524,50.98,Arabidopsis thaliana
SEQ_637827,TCTTCGTCTACTCCTACCAGGTCCAGGCATAGCTTTATCGGAGTCCGTGCGGCTAAAGTCACTGTTAGTATGATGTCATGGTGTTATCAAATTAAAGAGGAGTTCCGGGCCTAAACCAAAAATAAAACAAGGCCTACCGAGCAAGGGGGAATCCAGATAGCTTAGAAGAGTTAAGCGCATCTTATACGTGGGCGTTTGAAGGTTCGGGCATTCGACCAGGAGAGAGGATCGCACAGTCGGGGTTCTACATAATATTCCGTCGCGGTTTTGGTGATTAAGCATGGGGGACCCTAGTCCTATAGACAGGAGAGCTCTGCGAGACTTATATTACAGTCAATTTTCGTGGATACCTTCATAAAGTAGTTAACCGAAGGATGGCGTGCCAACTAATGAGACTTTCCGATGGAGCCTTTCTGATCCGCTCTGACGCGGGGTCCGTTCCCCGTACATGCGGGACGGTGAGGCACTCGGTACTAAGAGGTAGCGTTACCTCCACTCCGCTCTAGCGATACTTAGATCGCGATTGACGGACGGACATCAAGAAGCCCCCTGATGGTACGCTTATCTGCTGATTACTGCTCGTTCGTAAATACACGTTACTCGATATGGCCGATACTGCCGTGGAAACTAACGGGCGACCCTCGATCCGCACTTAACTCTTGATACCATACTCTCCCCAAAAAATTGTCACAGAAAAATCACGACTCAGACTAAGCGATTCTTAGTAACCGATCGCCAGTACATAATTATGTTCGTATACTTTCTTCTTGAAACATCACGGAGTAGGCTTATGCTCCGGTCGACTAGAGTCACCCCCGGATCAAGTAAACCCAAATTGTATCAGGGCCCCCCTCGTTGTATATCCTGTTCCATCTGGGGCTCTCGAGTAATCCTAATGGACAGGGTTGTTGAGCCTTCCGAGTCTCACGGAACTAGGCGCGGGGAGAAGGTATGATTAAGTTACTTGCCACGGGAAGGCGCGGACGGGTGACTTCTCTCGCGGTAAACCTACAAGTCTCAGCTCGGTTCTCCAGCCCCCTCATGGCATGGAAAATGTGCATTGTTTGAACATCAAAAAACCTCTACACAGTACGCGTTGACAAAAACAAAGGCCGGCTTGCACCGTACTCAGGAGCTTCTGCCGAGGAGTTAATGTTCAATCTCATAGGGACCATGCTTCTACTTTAAACGCCTGGCCCAACCTACCATTATGAGCTAAAATTGCTATAGGTGGATACATCATACTGCACTGGGTCGTCGGGCAATACTGTGAGAGCTAAAGTTTCGGATCGCCTGCCGTTTCTAATTACTTCCGCGCCATAACTTGCCGCCTTCAAGCGCAGGTTGTATTGTTCGATTTCAGCTCGATAGCCGGGAAATCAATGGAACGTGGGTGCATTGGGACGAGTCGTTCCATCCCGAACAGGAGTGTTTCATGGTTTACGGGGCTTCGTTATGACTCCGACTTTTGGCTCTCGCGGGCCAAAGCACCTACCGCCACGCGAGGACTACGAACATGTCTGCTGCGTCTAGTCGTCTTGGGCGGTTCTGTGCGGACACATGATAAAATGATGTGTAAGGATATGACCACTCATA,1596,49.5,Arabidopsis thaliana
SEQ_931711,CCCTAGAGGTATTCTAGATTGAACGTCTGGCACGGATATAAACCGCGGATCCCATGGCGGCACGGTGTGGTACGGAAATAAAGTAAATCCGTATATCGTGGCTCGTTACATTCATCAATATCCGAGTAACTAGGTCCAAATGTTAGATGTCGGAAGCGGACACTCGGACATACATGCAACGTCGCGTCGTACGCGTATGAGTGCGAGCAATGAACCTCCGCCATTTGGAGAGAAAACCTAGCATGCAGATCGTTTCCAATTAGCGCACAATATGTAAAGGCTCGTAACTAAAATCCATCGGACCGCTAGTTTCAACTTTACCGGTATAAGTTCAACAGCATGGCGGTGTGCTTCTTTCACCGTCTTCA,368,47.28,Drosophila melanogaster
SEQ_274782,AAACTCGAGTCTAGTAATGGTGCTGTATCAAGGGCCTCCGCGTTTGACGAAGTCTCATTCAATCCGGAGGACCAAAGAGAGTAAATTCGCGGGGACAATGAATAACGTAATCTCAAGCGTATCAGCCTATATATTAGGGGAGATAGTAGTCACCAGAAGCCGACCGCCAGTGGTGTAGCGAATATTAGCTGCTAGCAGTGGCCGGATTATAGCACGGATGACTAGCACTTGTCTGGTCTATAGACTATTGACAGGGTACCAGTGTCTCGTGAAAAAACGGTCCCGTGCGTTACACATCTGAACAGTGGTCAGATGGGTGGTTCACGATTTCGGATTCGGCCAACAACAAAGGAATTCCATTCCCCTCGTGCTGTCAAGTGATCCCTAAGTCGTTTAGATCATGGTCCAGTCTTGACCCGGGGTTGTTCTGGCCCGTGAAGGAGCACCCGGTCCAGCAAAGCTCTACGACGATGGGCCCATCACTCGGTTC,490,50.41,Homo sapiens
SEQ_976531,TGCCGGTCGTATTTTGGTGTCTGTGATTGTGCTTATCTATGAAAGTTCTGCCCGGGAGGCAATAAATGCCGCATCCTC,78,48.72,Drosophila melanogaster
SEQ_108058,CCACTAAACTTCAGCGTCGACGAGCGAACTGTATGCCCTAGTGGGGGATTGCGTCGTGGCTGAAATGGGAGGCGACCAAAGTCGCGCTTCCATCCATCGCGCTAGCCGTGTTGTAGTCGTGCACAAATCGTTCATGCACAGATCACACGCGCCTCCAAGAATCACTAAGGGACTACCTAGAACGTCTATGTTCAAGCGTCGTAGGCGGGCCACCTCTAACTTAAAACCTGCATAAGGCTCAAATATCTCAATGAGTTCCCAGTTAGCGTTCTTAGCTTAACCTAAGACACATATAGTACGGACGAGACAGACGAAGAGGAGAAATTCAGAGTTTCTTGAACACTAGCCCTCTCATGAGTCGCCCTCCGTAAAGACACAGCATACCTAGCTCTACCTATCGGATTAGGCGTGCCGCGGTGTATGTGTTGGTCCTCGTGGTCCCGTGTTCGCACCAGTAGACATTACCTACAATCGAACCTTTGATCGGACTTATACCGAACCGGTGAGAGTGCGACAGTATATGAAAGCGCTCCGTCGCACCCCGAAGCGTCAATGACCGTTCTCATACGTCTCGCAGCCACGGAGCGTGCTGAAGAACATGGCTAGTCCGATCCACGACATTTAAGGGACTTTGGCGTAACGGCGACCCGGCTTGAATTCCGGAGCTGTCGAACAACTTTAGTAGAAGTCCGGTGCGCGACTCTCATAGACGCTCTTGACTCTGTAACCCTCTCGTGGTGGTAAGGTCGGTGTTGCCCATCGGCGGTACACTATCGCGCGAATGTTACTTTGACTCCAGCGGGCCCAGGTCTCGAACAATATACCACATGCTGCGACCCGAGCTGCTCTGGAAGGTTGTGTCGTGGCCG,869,52.93,Drosophila melanogaster
SEQ_431387,CATAACCATCGCCATGGTAGGGAGCTAAGGGGCCACGTTCGTCTAGCCGTGGCATTATTATATGCGGCGTCCGTACCCCCAAGAAAGCGGCCGTGCGACCTGAGGCATCTATTAAACTTCGGATATCTGATTTAATCCAAGACGGAGAGAGATTCAAGTTTAACGGACAATGCACCTAATTACGATGACCCTCCGAGTTCGGTAGCGCGTAACACTGTTGACATGTAATATTTTGTAATCTGATCAGCTTTCTATAACTCTTGGTTCGCAAAGACGGTCTGACATAGAAAACCGGTGGTCCGCCCAGAGGAACTACATCCGAGCGTAGCCATTAATATTTTCTCGGAGTTTGCACACCGTCAAGCGAAACACGATTCAAAGGGCCAGCTAATAGGACATGAGGCGGAGATGCCCTAGGTCGCCGCGATGATTAATCAGTACTCATCGGTAAACTGAGCTCGCAAGGCTGTATTGTCCATAACACACTTTATAATGGAGGCCGGGTGGAGTTAGTCGAGTGAAGGTTAGTACTCTTAGCCAAGTACGTCAAGTTTGGCGGATGGTAGCATCGGACCGTTTGTGCACATCCCTACCGTGCGCACGGTCGCTGCAATCGAACCGGGTTCATTGTGGGGGGAGCCAGGAACACTTTTTGATTTGCAAGCTCAGCATTCTCGGTTACATAATATGAGTGCCCTCCACGCTTTGGTCTAATGTCACCCTTAGGCTCGATATCAATGGAGCGGATTATCCTAACCCTCTTCTTCAGATCGGTGTCCCACCCAATAATATGCCCGCAGTGGGGCACTAACTGCGTGTGACTGGCAGAGCACTTAGCGTCAAACCTGAGATACGTTCTAGGCCATTCTGTGATCCACCGGGCTTGGTTTTACAGTGGCTGCCTAATTTTGATGCACTGAGAAGGACGATGTTGTCAATTATATTATGGGCCCAATGCCGCCGTTCGACCTGACTGAAAATAAGCGTCACTCAGGCAAGCTCTACTTCCCCCACATCGACCTCCTCTTTGCTCCCAGATGAACCTTAACTGGCGTAGCCAGGGAGTGTTGCAGCGGGTAAATAACATAACACATCGCGTTCGTAAGGTGGAAACTTGGAATCGCCGGCCGAACATGTCCCGATCTACGGAATTGTGTCGCACGCAACTGCGAAGCAGCATGTCCTAGTTGTTAGGCAAGCTCCCGGGATTACGTTGGTGAAGTCCTCAACGTGGCTATTGTATGCTACACTCGTATTGTGTGGAATCAGCCTGAACCGCTCAGTGATGCCTGTGCCGTTATGTCATTTCTCGCAGAAGCGTCAACGTTGGTCAACATTTGATCTATGGACATAGGAGCCTAAGAGCGTATGCCGCCTACCTGATAATCAGGCGTGCGCTATGGCTGATTACCGAATGGAAATTGAGCAGGAGCATACCGCGGTTGAGATGACGATCGGGAGGAACGTGAACTAGGTCTAATTAACTGACCGTTGGCGACTGCATGCACGGAGATCCACATATCTGACATCTCAGGCATCCCCTGGGATTCGCTCCCCTTGCCCATTCATGGGACTAGGACACTATTTGGGGATACATTCACTTTCACCCCGAGTATCGATCT,1622,50.06,Homo sapiens
SEQ_786164,ATAGCAACTGACAGTCAAGGCTCACAGGAGATAAGACCGCTGGACGCTTTTTCACGCTGCACCTTCAGCTAGACCTTAATCGGTCTGGACCTAACATGATTTCGGGCTCCATCCGTGCCCTTGACGCGGTTAACACAGAATGAATTGTACGTGAACCTACGATATCCCTTGCTCTGGCGATTTACTGCCACATGATGGCGATCGACCAACAGCAGAACCGCGTTTGCCCGAGCTGCCCTTTAATGC,246,51.63,Arabidopsis thaliana
SEQ_306247,CAGCCATCCTGAGCCCATTTACCATGCGGCGGGTCGCTTAATGAGACATATGGTCTTCCATATCTATAAGGGGAGGGCCTTAAGAAAGAGTTTACTTTGTAACTAAAACAACCCGTGACCAAAACCATTGCCTCGTGATTGCATTTTGGTGTTCGCCCGAGCTGGCGGATCAATCTTAATTCAACAATCATAGTAGCATTCGGGTTGCCATTTCCTAATCCCTGCCTAGTCGCTGCCGTACTTTTTCCGACAATGCCCGGGTGCGTTAGATAACCCCTAAAGTCACGACCTGACGAAGTCACTGTCAACCCGTGGATCGTTAGACGTATACGGGCTCTCCCTCTTTATGCTGGACGGATGCGTGAACCCGAGCCACGGGGTGCGGGTCCTCCTACCGTGTATTGCTGCACCGCCTTATAAAAGCGTAAAACTCCCTCACCGAGTACTAATATTCACGCTGGATTACGCTCGCGTCACTCCGCACAGCCAATAATCCCGGGCGACCAGGGCTCACGGCCAGACCGACGATCCCTAGTGGCCTATGGCTTAATCCCTAACATATTCCCTCCGTATCACCGCACGTAAACCACAACCCACCTAGAAAGCCAATCCCAGTGAAGAGGCGGGAAGGCGGGGCGCGCGTTCGGTTGATACACCGATGTCTCCAAGTTGTAGTCGCGATTGAAGCATTGCTCTCCCCAGATGCGATTGTGGTATGCTCCAGTTGATGGCTTTGACGGTCCGTTAACACACGTGCCGACGA,763,52.69,Drosophila melanogaster
SEQ_629697,AGCCCTTTCTACACTAGCGGCGCAGCATATATGTGGACGGCAACCAAAGGCACCCTCCCTAGAATGGTGAAGGTGTTACCCATGCATGTTCATGCCATGTCCCCTAGTCGCCTAAGGCTTTTTCATAGAATGGTCGTATCGGACACAGAACCCATACGGATTGCAAAGTATAGCTAGACGGTCGTTCGTGAACGGCTCATGTGACATGTTAGGGGTTCATTTTGCTTTTTGTTCACTTGGCGTGCGAGTGAAGGGTTCCTTGTGGGACAAGAACTTTTATCTTCATAATCTACATAAAAGCCAGGGCTGTTCCCTTAGCTCGTCACTCATGCGCTACTTTAGCCCATCGGAGTGTGCCTACGCAACCTGGATGCCGGATAATCTACTGGGCAAGACCAGATTAAACTCATCAGACAACATTATAATCTCAATTGATACACCGGGGATTGAACAGATTGTGAATCCCAATAGTTAGTCACGAGCTGTCTCTTCTTAAGCGACTCTTGCTATGTGTACCTCCCCCATTGCACCATATTGAGAGCCTCGGTACAATAGTAATTTTAGGTGGAGGCCGAAGAGATAGAAACACGCACC,594,47.14,Caenorhabditis elegans
SEQ_772329,TTCCGAGTCAGAGCACTGTATTTAGCTATTAGGGGACGACGCTAGAACACTGGTCCAGTTCGCGATATGGGATAAAAGTTAGTACGAGTTTGACTCCTCTGCTTTCCCGTGTCAACGTGTTAATGGCCGGCGGTTAATACTCCGCCATGATAGTACGTGGCCATTGTCCTCAAGTATGATTCAGACCTCATAGCTTACAAAGAGTATGACAGGAAGATGACTACACGCAACTAGCGGCCTAATCTCAACAGTTTATCTTCGTGCATCTGAAGCAAAGACATTGGGTTCCCTTCTACCCGCTTTCCTTCATGGGGCCCCTTATATAGCCTTTATAGGGTCTATTGAGGTACCTAATGCCTCTTGTACTA,368,46.2,Drosophila melanogaster
SEQ_963711,GTTCCCTAGACAGTATTTCGTTTAGTATTACAAATTACCGACGAGAACTCTTGGAGTTTAGTGACTCCATATAGTCGTCGGGGCAGAGTAGTCGTAGTGTCTGGTTGTCCGACATGGACCATCAACATAAATCTACCATGCTCAGCGCCTATTCTTTCCATGCCCAACTTTGGTATTGAGCCCCGTTCCATTCCGAGAACACCCATACTCGGACAATCTCTGGCATCCACCTATCATAAGCGCACCTCGGCCATCATATGGCGAGTCTGGATAGCAGATAATATAGTTGCATACTGCGTATCCAACATCGTACCTAAAAGTGAACTGATGTGATGTACGCGAGCCTCGAAGTTAGACCATAGTCATGACCCCCTTAAGTTGTGGCCGGGACGCCATCTTCGCGCACCCCCTCTCTGAGAGGTACACGCCTTTTATCCGCCGATAAATTTGTAGTTACGCACCGCCCTGTATCAGGAGCGGCAGGAGCAAGCGCGTGGCGTCACAGAAGTTATTTGTGTCGCGGTCTCGTAGGGCTGTGGCGCTACTTTAATTACGTCTTTAACCCGTTTGGCAACACCGACCCAACCTCTGCCAGTGCATCAGTATGCTTGGCACATCGCAGGGCGCGGCACGTAGCAACCCAGTGCGTAGTGCTATTATTTAGGAAAAGATACAGGGGTGTTCTTGCCAACACAGCGTCCTAAACATGCACGCCTAAGATTCTGAAACCCTTGTAATGTGGAATGTGCCACGCGTACTCCATAGTCGCTTGGAACCCTGGAACGACCGGAGCTATCTCTAGCATGGTGCCGTGTCATCCCTAGACAAAAGCTGTATACCAAAGAAAGACCAACGCGCCATGCAAACGGAATCTGTCATGTATCTTTAAACACTGTTGATAGTAACATCTCACGGCCCGATTTCGAACTGGTGACTGCGACAGTGACCTCATGTTAGCTTGGCCAAGATACAGACAGGGCTGGACGAGGTAGGCAGTCATACAAGTGTAATCTACCTCTCGCGTCCATCAGCTAATTGCGTGGACAGTAGTCGTAGAAGGCTGCAGTTAACACCAAGGCTATTTTGTAGCATTTGAGTGAGCATGTTTGAGGTGATGCATGGAGTGTATAACAGTCAGTGACGTGTTGGAATAGTTCAGCGACGACTAAATACTACTCGCTCGTGATTAGGCCGTTTGCAGAGGTGAACCTGAACTATGCTCAAGGTAGTACTTTGAGACAACAAAGCGTCAGGCGTATTGAGTTTGAGTGCACCTCTCGCCAATACGAACGACAATAGTTATTGCACTTGCTGCTATTGAATAAGATGCAAAAATGACGGAGTCCGGCTCTCCCTGCGACGACCTGAGACCCATTACGGATTCACGAAAGTGTGGATATCTTACCATCATCTGTCCAGTCTCTGGCGCTCAGGACGCTTCTACCCGAGCACTAACCAACTTAAGTTCCTCCAGAAGCCCGTA,1483,49.09,Drosophila melanogaster
SEQ_586301,CAATCTCGAGATAAATCTTAAGCTTACAAGACTGAGATTATGGCCACGCCTAGGCTGATCACGGGGCCAACCGTTAGCGTTGTAACCAGCAGGACAGAACGACAAAGATCAACATACACTAACAACATGACTCATACTTGAACTGTACGGCGAAGCCGAATTCCTAGCGTGCTAACAGAGCTAGGCGCGATGACGTTAAGACGACGTACGACAACTTGATATTCACTCGAGCAAGATGGAAGAGACACCTTGCCGACTTTTTGATCTGTCTCAGGCGAGAGTCCTAAATCATTGCTCTACATGCATAAGACGATCGGCCGTTCGGAGTGGTCAGTACGGGTCACAGTCCATCGTAGGTAACCCGTAACAAGCCACAGGCGCAATCTACCTGCAAAAAATACCAGATACCTACCTCGGAATACGCTCCCACCCGGCGGTCACGCAATCCCCAATGGGGTGCTCTGGCTGTGACCAGTTCAAGTATCGGTACCTGTTGAGGGTTGGCTTCGGTCGGTATGGCTGGCGCTTTAATCTCCATGGCCGATCACTGTGTAGGGTTTAGAGTGCCTTTGCCCGGCATGGATTTAGGCTCTGGGTCCTCACGTGTAGAATTTTACTCCTTCCATTATTCTAATCCTCTACAGAAGGCACAGTGGACCCATATTCACAAATCCAGCGTTGGTAAGGAAGTCGAGGTTAATGTATCGTCCAGCGTTACTTATAACTTGTCTCCATTGTGTTACCAAAATTGACGGCCCTCCTCCGACCGCTGCTACACGGGCATCACTTGTCGAACGGGCGGTCGCTTGGCGCCCTATCTCACGGCCCAAAACATGGTGTACGCAAGCTGATAATCTCGTGAGAGCCCCCAGTCAAGGTGTAAAGACCAGTGTTAACATCTCTGCAATGGGACCAACTGGCACCCGGCAGCTCGGCAGCATAGCGTTGCATATTAGCAAGTTGGCTACGCTCCAGGCTATGTCTACTGAGCCGTTATGATTTCCGGCGATAGTAGAACTCATTCACGCGTTGGTCTGCCGTGGGCCCTGAAGGGTGGGATATCGCGACGTCGTCGGGCACC,1081,51.53,Arabidopsis thaliana
SEQ_415152,AAGCGCCATAAAATTTTAAAGTTACCCTCCTTGAGGAGAAGGCCCACCTTATAGCTAAAACGGGTGCCCATACCCGTTGGGAAGGTTCTCTATGACGGTTAGCCGGATGCATCACGTACACTTATTATTTTGAATCGCGTCCTCAGCATTCATGACCAGTCAATGTTGGGACCCATCGCGAACATGAATTATTTGTATCACTATTACCGCCATGATCTGACATAGCCCGCATAGTCCGGTGTAGCCGCTTAACTACACCCGCGGGCTGATAAAGACAGCGCTCCGACGCAAGTAGGGACGGATCCTGGGGCTGTCAACGAATCTTATAAGTTAAACAGTACGCAGCCGAGTAAATGCTCATACCTGCAGGCTGAATTGTACATGCAGTAATCTTGGTTGGGGAGAGGTCATGTATTGTTTTAAGTCGTAGCGTCAAAGGCGGCTTAAACCACAATAGTGTCTGTCTGACGAACGCTACTAAAGCCCATGAGACTTTTGAATCGTAGTCGTTTAAACCTACATTCGCGTAGAGCCCCAGGGCATAATGTCATAGTACGATCACGGTCACCAGCGTATTGGGAGTTGAATGCCTTTAGTGGGGTGTTCGTGCTGCCGCGGGTCGAGCTCACACATGTATCGTATTATAGTCATCCGTCATCTGGTTCCCTGGTCTCTAACAACGTTATCGCGAGTAGAAGTTCGCAGAGAGTCACTTTCACTAGCGCTGACCCGGACTGGAAGGCCCAGGTGTGAGAGGTGATTCTGCCATGCACGCCTGGCGGTATTCAACTGCATAATTTGCTGTAGTGTCGTTTCTTATCGTCGCGTGCCATATCGCTAGAGACATCGAATTTACCCGGGAGACCTTTCAGGTGAGCCCCCTCAGACGTCCGATTTTGAGGGTGTTCGCTGCTTGGGGTTTCAGGGTAGGGGTGGTCTTATAATAGCCACCGGAGCTGAACTTCCGTTTGCCTTCATTAGCTTCCTCGGTCACTGATTGTCTATTTGCAGCTGTGTTACAAGGACTTCATGGAACTCGTTACAGCGTGATGTGTACTTTACTATTTATCCTACGGTAGCATCA,1084,48.8,Arabidopsis thaliana
SEQ_802935,GACCAGACTTGTAGCTGCTACGCATGCAGTTACAAGGAAAACCGATCCAGTATTTCGCCGTGTAAGGATGCAGTATCCATATGTAGTAAGTACGACGTATCCTCTGATAGATGAGAACAGGGATGGCCACAACAGCCTCCATGTATGAACTTCCTCTAGTCGCTTTTGGCTTCCGAGTCCCTCTCTCTATTATAGTGAGACCTGCTTCAATTCAAGCCCGCCACGGTCTTAGTTGCTACGAGGGTCCCGCCTGCCATGTTTCCCAAGTTGCTTAAAGTGAGGAGGATCAACCTACGAACGTAAATCTTCGGGTATCAAGCTGGCCCGTTACGCTATTCGAAAGGCAACTTTAATCGAAGTGAAAGTACGCCGTGGCCGAGACCCTTCACGCAGCTCAGATCTCCGTTGTGTGGCCAAAACGCAAAGCGCCGGAACTATTATAAGAGCGTCTCTAGGATCAAGTTTCTTTTTGATGTTTGTCCCGGACACTGCCTAGGGTAGTCAAATCCCTTTCGTTAAGCGTAATGATCGCAACACTGGGTTGATCGGTAGGCTTTTACCACGTAACTCCTTGGATGGCCACTTGGGAACACCTTTAAGATACGATAGGGGCTGGGAGAATACGCTCGGCACGCCTCCGTCCTGAGAAGTCAAGACGGCTGGTACCACTACTTTCAACGCCGTCACCGCGTCCTAACCATTCGGGGATTCGTCCCCATAATACAATCAGTCGTGATCCCTCATCTTTCGACATGTTCCTTATGCGACTTCCGGGACTCACTCGCACCTAGTACTGAAAGCTTATTATCGATCGCTTACTTGACAGAATGCGTTACTGGGGCTCGTGTAATAAGGGATTGTGGCCGCGAAGGCCACGACAAGGGTCGGATGCTAACGATGAGACAAACTCCCGCGGCGTAACCTCAATATTAGGGTTGATGACGCAAGAAACTGTAATTAGACCCGCCCCTGCAACATGTTCTTACTCAGACCGACCTGATTACAATTACACAGAGTCTCTATGAGTTCCCCGGGTCCACAAACAGTGCCCGCTCTAGGCGATCGGTCAAGGGGTTCACTGCGCGAGTGAAGCGACTAAACCATAGCGTGGTACGTGAACTGTTTTCAATAAGAGAAGAATCGGAGACTTCGGGGCAATCGTTCTGTCCATCTTTAGATGACATGTGTCAACCGGAATCGTCGGAGTACCGGGTGCAGCATAATGTCTGACGCATTGTCCGTAATACTTACTTAGCAGCCCGCTAAAAGTGACGTTCCCAGACGCTTCCCTCGTCTATGCAGCGTCTTGACGAGGGCCCTGCGCTTGACAGCGGTGTCGAGCCGGGGGGTCTCCTAGTGGGAAGTGGCGGTATCAACATTCCCTACG,1387,50.83,Drosophila melanogaster
SEQ_158750,ACCTCCAATTTCCCGCGTTGCATCATCCGCACACGTCACCCCCCTTTAGTGTCGGTATTGAGGCGTTGCTGATCCACTGGAACGCCGTGGAAGAACGTATTTGCTAACAATGCGTACTAACATCTAGTGTTTTAGGTCACTTACATGTAGAAGTCCTTGAGCTTAGCGGGACTGTCCAAACCGGTTGCAGCCGTCTTATCGTCATAACTCAACGGCCAAACGGACTTGGTGCTACTGTAACTAGAATACCCTCTATTTTTTCTTTTAGTGTTTCAGGAAGATTGTGCCGAGCTGACAATATACAAGATGAGGATCTCCGACTTTTGCTTCTCCCCTCACGATGGGCCAGGCCGGCGCACGCTGCACGGGGGCCCGTCGTTCCATTTGTCACTAACTTATTGGTGCAAGTAACTAAGGAGAGACGGCCCGGCGCAGGTCAAGCCGGCGATGATTGATACTAGACACATGGATCGAAGACTCGAGCGACAGTTGATTTCGATAATGAGCGATATTTCAAAATGTTCTTCTAATTGTGTCGACAGGTGGGCGATAAGGTTAGGCAAACGACAGCATCTGTGCGAAATCGTATCTTAGCACGCTGACAAGGTTGACCTTGTAAGACAGGCGAAACATCACAGGGACAAATTCGAGCCAGCTGCAGTTAATGCTAAGCAGCTTTATGTTGGAGTCTCGCTTCACTCTCTGGATAGCCATCGCATCGCCGTCTCCCTTACCCCATACGAGGAGCGGTATGTGGGGGGGCTAGAAAATAGATGGATGATCTAAAATTTGATGGTCCGTCGATTGTTCGGTAATGAATACTAATAAGGGTCGCTGAACCCAACTTCCCCGAGGAGCTGTCACGGCTGCTTCTGACATATAGTCGATGTACTGTACACCTTCGCCCGCCTTAGCGCAACACGTGAGAGTAACTTTAGCAGTATCGTTACCGAATTCGCCTGAATGCCGCGGCAAAAGCGCTGAAGAGGGTTAAAATGCGTTGGGGAAGCGGATATGTGGCACAAGCACATTTTGGGGCACGTACTGGTGGCGGACGCGGGATAACAGAACTCTAACCCAGACGCGTTATCTGCGATTGCCACTGACCCTTCCGGCTGGGGCTTAGCCTAGGGTTTGGCTTTTTCGCTTGGGTAGCGTCAATCTCGGCCGGCGTGTGATATATGCGCCTTGAACTGTTCAAAAAGCATATGTCGCAAGAAACAGGGTGCACAACTCCCTTATTGAGGCCAAACAGACGATGTAAGCTTACTAGTATGATGGCTTGCTTATTATAGTGGGAATC,1303,49.65,Homo sapiens
SEQ_851954,TCTCGTCTAATCTGCAGTCTGTACCAGATTCGAAAGAAACGCCATCAGAGGCAATGATCCTATCTCATCCGAGTTTTGAGTGATGCGGTCGTATCATAGTAGCAAACGGGGTTGGCATGCCTAGTTCTGTGACGGTAGGGTACGCGAGCTCCGCTTGAGGGGACCGCGGGGGGGCGTACCCTTGCTGGCCGTGCAGATAGATTTAAGGGAGCAGCGCGAATACAG,225,54.22,Saccharomyces cerevisiae
SEQ_161462,TTGGGTCTCGAATGGGACGGTGTTCCTTTCTCATTTATCCCTCTCCAGTCGGCTTTACGCACCACAGATAGACAGTTCATAGAGCACTCCACGGAATCTAAGTTATCGGGGATAAAGTGATGGACCGCTCTACCGAGCGACGACCTTTACTCGTTCGTATGTCGCACCTCTCTAAGTCCGAGCAAGTACACACTGTCAATCAGGATTTGGAACCCCCCCAATAAGAATGGGTGTCCAGCCATTTCCTTTGGCTAACTTTCCTGCGTTCCGGTTAAGAACTAGCTCGATTTGGGAAGGAAACGGTCGAGCACAGGTTGGGGAGGAAATTAGCATGCGGTTGAAACACGTCGGAGGCGGGACGACGTGAATCGCCATAGTGTAGCTCGGTAGGTTTCTACGCCGAGCTTAGTCCGGTGAAGTACGAAAACCTGATCTGAATCCGCGAGCGTCATCCAGAGAAGTTCAGCTGCATTCGACCAATCCAATAGGGTCATAACGCTGAGGTTGCTCATCATTATTCGATTCCCAAGAGTACATGCGAAATTCGTAAATTACGGGAGAATATCCACTAATACAGTGAGTGGCGTTCCAATTGGGATCTCGGCATATGAACCTTCGCGTATGGTGATCACCTGTAGCGCCTCCCAGTTCATGTAAGGGCTCTTCGGTTTCATAGCGAGCCGTTTGAAAGGCCGGCGGCCAAGTATGGATATATTGCGGATCGTTTCAGGATACTCGAAAGGACTTATGCTCTATCCCATGGGAGACCCTCTACCTCGGACGTTGAGATGTACCTACTAGATCTACTTTGGTCGGATTGCGCGTCACGCTGCACGTTGTGCCCTAAAGCTTGACATGTTAACGAGTAGGGAACCCGAAAGAAATTGGAACACTTGTACTCAATTCAGGGAGGTAAGAGGTACAGGCTCATAGTCCCTTAAAACTACGGGGACTCATACGACTGGGGAGCCTTCTCCCTGCCTTTTGGGTGCAATACGACACGTGACATGGTCCATTATGTCAGGCGCGAACATCAGGTCAAAAGGGCAAAGTTCTAGCACCGTGAAAACATTTCCCTTGTTTATCAGTCA,1091,49.4,Saccharomyces cerevisiae
SEQ_427717,ATCGCAGCCGGGTACCCTATGCATCCGTGGAGTCTAGACATGCCGTTAATCAGGGATTAATTCGAGTGTGAGCATAGAAGGTCTGTAGGGCCCTGAATACGACGGAACGACCTAACGATGCACCAGAGGTCAATCCCCACGGCAACGTGGCTAGTTTAATAGTAACGCAGTAAGTCCCCGAATCCGACATTTAACCGCTCAGCGACACACGTAGGCAAGGGGCTAAGGCCCCAGATTCTCACGGCCATTAGCTAATGTGAGGTGGATGCTCTTTCCCTGTGGATCCCTGCTCTGAAGCCAGAGTCCTAACAAAGGACAATAAGTTAGGTAACACGCGTCACAAAGAAAGGGTAGTAAACAGACGTGGCTTATTCAATAAGTAGTTACGCCCCCTAAACATGAACCCTGACAGTTCGGAGCATATGTCTACCTAAGGGGGGATTAACCGAGCTAGCGCAGCTCATCTTAGATGAAGATTATTAAAAGCCAATGACCCCTTTTGCCCCATGTCCCATTGTCCCAGGCTGGGTCCTAATACACGGCGGTTCAAATGCGTTAGGGTTCGGACCAAGCCCGTGCTAGCGGTGGCTTGTTCGGGTATGAGGTCTCTCACTGGCCGCTTTCAATTTCGTTATTAATACGAAATCCACCATTAACATTAACTAATGGAAGTTGGGAATCCGTTACTTCTGCTTTGACATTGTTTCGGCGGTTTGTCTGAACGCCAAGTAATTCAAGCGAGAGGAATCACGTTCCGGATTGTTGTCGAGGCTGCGCATCACGGCTCGTTCAAACACTGCTATCTCGAGCTAAAGCGTGGGTAATGTCTTGTTGTCCGGGGGACCATAAGGCAGTCACAGGGAAGGAGATACCCTTCAGTTGAGTTGCGAACTTAGACGCTCGATGGAAACCGCCCCGGACTACCGGGGTTTGCGAGGAGATTTGACTATCGTCACAAGTCCTGTACACCACAGCAAGAAACCTTAAGCCCGTCTAGGCATTA,1003,49.95,Caenorhabditis elegans
SEQ_323198,CGGAAACTTCGGTTGGCTTTAGTGAGTTCTGCTTCTGCGTTACGCCCTGCATTTTTTATGTACCGATACTCTATAATCGAACATAAGTTCGCGAGAACAAAGTCCCGACTGTCTTGGTAGGTACTTAGGCCCAGGGTAAGCTTTTGCCATTTGACATCTCTTACCTTTTTCAAACTAGGTGATCCTCTCTATACAACGATAAAGGTTGCAGTAGCGAGTCCACTAGTAGGAAAGCGAACAGTACTGGCTCGTGCTTCATCTGGCGTGACATATGCTCTGGCTCAGGCTAAGGATAAGTTTAACCCCAGCATAACACAGATTTGTGAAACATTCTGGTCCTTAATCCTTAGAGAATAAGAGCGTGGACGACCGGCACTCGATCGATCATGAGCCGCGTAGACGCCTCACGGACTGGGGAAAGAGAATATAAAAGCAGTCTCGATAACGGGTGGGATCGCAAAAATGCAATGGAGTGGGGTGGAGGAGGCCCGTAAGTATTAGTATGTGAGATGGTGGTGCTCGACTCGGGCTAGGGCATCATGATGGCACTCTGAGGAGCAAGGGCTCGTCCGCGCATGCCTAAAATAAGTCCACGAAGTGCCTTCGCTGTCTGGCCGCAATGTTCGGCAAGCCTGGTGGGCTAGGTACTGACATGAGGGTACTGAGTGATTATTAGGCTTAAACGCCAACGTACTATGTGTCGTGTGAACGCTATCGAAAGGGTGTGTCCCGGTTGGAATCCTAGGGCTGGTCCGGAGGAAGATGTTCGTCGGAGGTGCAGTGCGAAACGAACTTTTTTGAGGGTACTGAAATTCAGTGACCCAAGACGCTTTGTATATGTAAGTACTTCCCTGAATAGGATAGTGCCTGACCGCGGTCTATATACCTGGGGAATAAATTCTAGTCCACTAGTTGCGCGATTCTGGGTGCCGAGGTAGAGTCATCCTTCCGTATGCAAAAAATTCACGCCATATGCCATTGTTTCGTTGTGTCGATATATTCGTCCTTTCTTGAAATCAGGGTCATAGGCCCAAAGTAGTAACTGGTTGTTGTAATGAGAACAGGCCGATTTAGAGGGTACTGCCTTGCGTTCTGTACAACTCGATCAATCTACTCAGAGTGTGGTCCCTCTAGCACCACACGGGGAAAAGCGCTCTCTTAACCCCGGATCTAGCCACTATGTCGGACCCGTAGGGGTTCATACCTCACCCCTATAGCCCTCCCCCCCTCGGCTGAAGATGTTGCTCTCTTCAAGTGCACAACGTCATAAGCTGAAATGGGGTTCTCACGCTCGTGTATCCAGTAGAATAAGCGCCTGAAGGACCCTGGTAGAACCGGATTAACCCGCCCTGACGCCGCGAATATTTAAGAACAAGCCGGTTTTATACTTTCAGTACCTTTCGTGGGCAGCGACAGGTGTACCCGTAGGTCAAATGGTCCTGGCCTCCAGCTGCCACCTCCGTGACATATTTTGTGTCTGCCCCCCGGATCAGAACACAGTGCGGGTATACGGGACTTAGCCCAGTTCGCATATTACGGTACCTTATACCCAGGCCTTGAAGAAAATTAATAGCATGAATTTGCGTAACCAGGGAAACTATCGTCGGAACTGACCGGGATTCAGGGGAGATGGAGTAGAATTCAACTAACATTTTACAGTCTCCGTAAGCCCAACAGCACCAACCTGGTGTGTGGTTGTAGTTCTCGGATTGGGCCGGATTTGTATAACGAGGAGCCCAAAGGCTTTCGCACCTCAGATACATTCCACCTGCGGTTCACCGACTGCCACAAAGTGATTTGAGGTATCAGTGGTCGCATCGTATGGGCAAATAAAGGTATGACGATCTTTCGGAGCCGTCATAT,1863,49.44,Caenorhabditis elegans
SEQ_780453,ATCAGCACCGTAGGATCAGAGGGAACAATGCCACAGGATCGCTGCCGACAGTCGCAACCTGAGCGGCTGTGTGCGAACAGGGTCAGTCTGAGGCGCTCGTCTGGCTCTACGGTAACCAGACAACGATTCCAAATCACTTCAGACTGAAGGACAAATGATCCAATACTGGAGTTCGGACGTGCGAGAATTTGAGGCCATCGGGGTTGGCCTGTGGGTGCTGGCCTAAATTCATGAATGGGTGCAGATTCCTTAGATTTAAGTAAGGGTTCGGGAAAAATCACCGCCGCCGTGGGTGCAGAACCGACCGATTTAACTGAGAGTGTCTACTCAGTCAGTGATGGCGTTACCGCTTCTCAGTTCAGAGTGCGAATCCGTTATGGCTGTGGGGCGCCCGCCTAGGGCCGCAATCCTTTAAGCGCCCTGATCTCTTGTTATCATTCAATTATCTAGCAGGTGGTGACCACCATCTGGCCCAAGGGCTACAAGTCGCAAATCGGGCATTGGGAGGGAGAATGTACGAGGTGTAGTTAAGTGCGCTGCATAGGAGTTATCGGCTGTAGTGCTCAGACTTCCGCGTACTTCTCATCGAGCGACAACCCGCCAGCGGGAGACCCGTCGTCGAGTTCTGGAGAGGGGCGGTGGTGTCCCGGCGCAGCATGTGCCGTCAATAACTGCCAATGGGCTGACACGTTACACGGTCTTCAACTTATGCACACTGTTGCCCTCTCTACTACGGCCAGTATGGAGGACATCCGATTAGGTTAGCCGGATCACAGATTTCAATATCCCGAAAGGGAGACAGTGGTGCAATGGGCAGTATCTGTTGGATCACATATGCATCCTGGACGTGTGTGCTAGACCCCAATTTGACGCGCAGGACCATAAGAAAGTGGCATATCGCCTACCTTCCCGACGCGCGGAGTAGTCGACGCACTGCTCAGTACGCTGTGCCCGGGTGGGCATCATGTAGGGGGGCGATGTCTACACAACGGGGGCATACGGGGGGAAATGGACGATCTGACCGTGCCTAACCTAGCATGCCTGTGGAACCTTTTGAACGGGGGTGGGCCTTACCACCTGCAGGCACCAGTGAACCGTGCCGCTATCAACGGGGCAACCATTATCGGATCGAAAAGAGATCGTACGCCTGGTATACTAGGGACGACACACTAGCTAGGCCTGCGACACGAGTTTACTTTCCTGACGTCTTACTAGCCTTCTGTATCATACCGGCACGATGCGGCCCGGATGCATGGAATACTCTGAACATTCACCGGGTCGACTCGTAGTAGTGTCCATTGATACGCTCGCATCTCCTACGAGTCACAGCTTTGCACAGGTCATGTGGCACTTTGTCTCGACCGGTGATTAATGTAGGTGGGTTGTGTCTATAGCCATGATTGTGTTATCCTGCCTAGCAACGACGGGACTCCTGTTGGAGGTGGCGTCTTGA,1453,54.23,Escherichia coli
SEQ_836782,TCTTGACACCAAACATGGCGCTAAAGGCAAGTATCATGGTTCTCCGTCTTCCAGACACCCAGCTTTTTAATCCAGGATGGACTTTACGGTGCTCCGATCAGGCCGTCAAAAGATGTTTGTATAGCTGGAAGCAGGTCAATACCAGGTCAGGTCAGTATACTTACCGGACCTGTGTCTGTTGATTAGTGACGGGTTATTGCACAGCCCTTGGAGCAATGGATTGGGAAAGTTTCCCAGTTGATAAAATTACACCCGTAACGCATCCGGAGCTCCGATTCAGTCATTGGCTATGCATCGTACGCTTCACAAAGCGGGAGCCACTACCACATTGTTCTTACCGACTCCAACTTGGGCGCTATGCTTCAACTGGCGTTATATACACGAAATTACTTGGAGGGTTCAAGCCCTGAGATGCTTGGAGCGAAAAGTAGCTTTACGCAAAATTACTTAGATTCTTCACGTACAAGTGAGCGTTATTCGGCAGTAGAACTCCATATACAGGAAGTGCGGACATCTGATATTAATGGGTTGCAAAAAGACCTACACTAGAAAATGGAGTCGCCATAAGGTGCAGAGGCGAGCCTCTGGGCTATCTTACGGCGAAAGTGGAAGGTTGTTCGCATTCGCACGCGGTTCGGCGTGCGAGGATGACGGATCGTTACGCAGTCCAAGCCCCACACGCGAATTGCTTAATAAGTTACTACCGGGCTCTAAGCAATGAACGAGCAGCTCTCCACCTACAGGCCGGGATATAACGTGCGACTCTTTTCTGTCCGTTATTCGCCCCCATCACATGATGATATAACCCCCCATTTAGTTCATCTAGCCAATGTAGCATGTTCGTACGAATCTATTTCCAACACGCTGTCTCGCCACAGGGGCAATCGACGGTCCAAAGCCTGTAAGACGCAAGCGAGGCCCAAGCTTCACTCCCATTGCCATAGACAGGGCCGAAGCCGGTTTAG,965,49.22,Arabidopsis thaliana
SEQ_938906,ACCTACCTACTCTTGTCGCAACTGGAGATGTGCCGGCAAGAGCTTCACATGTGCTATTCCACCCTTTCCCTGGAGGCTTAAAGTGACAGTAACTCAACCGGTCGGACGCGCGTCCCAGTCTTTAGACCATCTATCGATGCAATGGATAATCCTCGGTCTAGCAAACTCCAAGCCCTAACCGTGTGATCATACCTGCTACTAAGATGCCATTCGAGACTTCTCCGTCGACACTTGGGACTCTGCTTACTTAGCGAACGCTCTAGCACTTCCCGAGAAGACGCTTGTGTAGTTGACGAAGACAAGACATGGATGCGTTCACGTTCCAACTTCAAAGCTAAGTCAATCTTTAGACACATTTGGAACAGAGGCGTAGCTTACGTTTATTAATGAAACTACGGACTGGGGATCTCCTCGCCGATATGTAAACGTTCCTAATTGTTTGTCACACGCTCGCGATGCAGCCCAATTGTAGACTGTCGTAAAAGCCCGGGTTGAGGTCACTATGAAGCCGTGCTCCATCGATCCTACAATCATGTGAACACCAACATGGTATAGAGAAAGTGACTCAGTCCCGTCACTACGCCATTCGATCGTGGTCTCTCGGCACCCACTCTGTGTCAGCGCCATCCTGTTTGACCTTCTCTTACCGTTGGACGCCCAGCAGTGGCAGAGCTTCCCTGCAACCACTATTCTCAGATTCCGTAACATCCTTATACTCGGATTCCCCTGTTTATCACAGCCCATCCCGACCAGCCTGAGATGGCATCAAGTGTCGGATTGCGGAAGTAAATCGATGTTACCCCAGTATACATGAAAGCGCGCACCATACGTCGGAAGGCTCAGTGTGTGCAGCAAAGACCCGAAC,865,50.17,Caenorhabditis elegans
SEQ_830842,AGGGCACGACATCCCAGCTCACTGAGGCGTTACTAAGCTTTGACGTCCTCTCTCAAAGAGGACAATCCTCAGTAAGAAGCAATCCGTCTTCGGCCGCGGATTAAACATTTTAGAGAGCTTAACTATGAGGACCGCGCGACATTGTTATACGGTGGTTCAGGGGATCTGACTTGCTCGGTGAATACTCATGTGTTATAACGTAATGATCTATCTATCGCAGCTGCCAGCAAGGTGAAGACGTGGCCATAAAGTCTGAGGTGGAATGCGCCGACCCTAGGAGATACGGGCTTGGGACTGAAGATCACGCCGTGCTAGCACAAGTTAGCAGGAGTCGAAGATACCGTGTTTAAGGTTCCAGACCTTCTGCCTGCCGCAATAAGATAAGCACTTGGCCTCAGAATTGCTGCGAGAGCCCTCGTTTAGTCGATGCCTGACCATCTTCGTCTTGAGCCTGGTGTAGTAGAGTCAGCCATAATCCGGGGGCTCTATGTTTCAACTTCGTATAGGTCGAGTCTTCACACGCCCGCACGTTTGCGTACATAGCCTTCAGAATGAACATCGTGCGTACATGCCCTTCTTATCGTTCCTGCCAGCTCTGCTGCACGTGCAGACTTTCCGATGCTTCTCATAGAACGCGATATAAATGCCGTTTGCTGCCACGCCTCAACATCCCATTTTATGGGCTGCTTACTCTAATCCGCAGCCCAGGTCAGCTTAACTGATGACTAGTATGAGGTAGGCACGTAGATCACCTATGCCGGTGATCAGGGAATGAACTGTATCGGAACCATCAGAACGATGAGGTAGAATACACTTCGATACACCGGCAATTAGCCTGCTCTTAGTAGAGACGTACGGGAGCGCCACTTTTCGGGTCGCAGCCAAACACCTTTTGAACCCCGCCCCGTGCTCGGTACGTCCAGGCTATTGCGTGGAGAGCTAAACAAATCGCAATATCTACTCGGGAGCCGTCGCCTTCATCATGTACGGTATATCGAACTATAGTGATTAGGGGCTAATAGTGTGGCCTATTACTTGCGCTTTATTCTGTGGCCCACGTCTCACGATCAGGTTGCTACTGGCCACAAACTTGGCTCGAGCACTCGGCGCAACTCCATGCCAGGCCACTATTAATGGAGGCAATATCCCTGATTGCCACCTCCTAATTCGTCGGTGCAGCAGTTGAACTTCATTGGTGGGATGCTACCTTACCGTATTGGAGGCGGTGAAGTTAAGGCGAAATGCTTTAATAGACTACTCTCATAACTGCTCAGATTCCCGACAGCACGTCATAAGAGCAGGCTGGGGGTCCGCTCAGCCAGCATGCGGTAAAAACGAGCTACCGTCAATTTGTAACGCTCACGCAGGCTATAAGGAGACTGTTCAATGTATATTCCTAGGGTGAAACTGGGGCCGTTAGAGCTCCTCTGCCCATTTCAAAACTGATTGTATCAGGAGCTACGGGAAGGACGTAACGGTCCGCGCTACAGATTACCCTATGCACGCGTGAAGGTCAACGCCAAGCTGTTCCGGGTATTTCGGGAACTAGTGGCGGGGAGCATGCATCAATACCTCTTTAGCATTCCTTGCAACCTGACGACTACAAGCTAA,1611,50.65,Escherichia coli
SEQ_125365,AGGTAGCTTAATCCCGATTTCTTCAACGGCGGTGTGGAGTACCCGTCCTAATCACATGCCCGTGTGGTTGCATCCATGAAAGGAGTCGGTAAGAGCTGAATTAAGTACGACGTTGGGTAGTTGAAAGGAATTCCAATTCTTATTAACTTAGGTACCTCGCCCGAGCTTAAGTAGCACACTGCGCGACCATTGGACGAACGCAAAACCATATCATATTCAAGAGGAAAATCAGGTTGCCCGGAAGCTGTAAGGACGGATTGTAACACAGATTTTCTGAGTGGCGTTAAACGTTAGATGTCGACCGGAAATCGGATGACGTTCTACCGAATTTATCAGATTGAAGTAACGTACTGTCTTGAGAATACGCGAAGTCCTCTATGGACGGAGGTCGCCTATACCGCAAGTCGCGATGGTTCGTTATAGCATATAGCTGGGTACATAGGGCTCTGAGGGGTCAAATTTCTGCATAAATTGCCTGAGTTACCGCACTCACTCTTATCCGATATTATGAGGCTCGGATTATTAAATCTACAGACTTCTAACTTGTCTTTACAACTAACCTATGTTAGGGTGGGCATATCGGGTAGCTGTCACTAGTATTCCTTGAGTTGCGAACTACTAACGACCTAACGACCCGTATGGGAATGGCTACGAGATTTCAATTAAGTGGTTCTGGGAGCTCACTAACGCCGGGTTACGTACTCTCTACTAGGGATAAACTAGACAGACAACAGCAATTACAGCATTACCCAGGAAATGAGTCGCGTCCCGCGCACACTGTCATGTAAAGTATAGCATAATTCAGCCGCGAGAAGTCGGTCGTTGTCGTGGTGTAGCCCGCTCTAGTAAGGCGGCTCTGGTTAGTCTTGTCAGGCGTCGTTTGCCCTGTACTCCATTGAGCTACTGGATATCTATGTGCACCCTGGAACTGGTTAGCTAAACAAAGATCGCACACTATCGTTTGTCCTGACTACTGGGTAGTCGCGGTTTTGCTAAACGTGACCTCGCGCTGCCAGCTCCATATCATTCTGGAACCCAACGATTAGAGTGAATTCAATACTGTGCAAGGAGAGCCTAGATACTCGATCACTCCCGACGCTGGACGGTAGTGTAACTGATCTAGGTACATAGACTTTGGGATGAAATTCCAACCCTGCATTGCATAAACCAGTATCAATGGCGTGCGGATTTTATGGCGTATATCGGTGGCACACGGACATGGGAGCGGTAAAACCAGTCGGCAGAGCTGAATGATTAGGTTTGCGCCCGACGAATCCTGCTTAGCTGTTACGTACGGGTTTTTGATACAATTATGCAATGCGCTCTGGTCTCAAGAATTTTCCATAGACAAGCTCTCTACCCAGGCAACCATAGGTTCATGCTCTGACTGCATGCGCAAGCAACACCCATCACGAAGGTTTCGCATTTGCATTCACCCCCGCGTACTAACACTGGTCCAAGATCGGAGAAGACCCGGAAAATTATGACAGTTAAGAGTCCCTCGGTTTACAGGGTTGACCTTTAACTGATCTAACCACTTCTCATGACGGCACCAGGTGCTGTCTTAGACTGACCCGGTTACTGAAGGTGGCTCTCATTCTGTTGGTACGCCTAC,1615,47.55,Saccharomyces cerevisiae
SEQ_387084,TTTTAGTGCAGCACTGCTTTACTTGATAAAACGAGCTTTGATTGGATCTATTTCCTCAGTGACATGATAACTTTCAAATAACTCAATAATTGCTGGGGCCGCTTAGCGATGCATATGCGTGATAAGTGCGGCAAAATGCACAACGAGTCCATGATCCATGTCGACGGAATGACATGATGTACCAAGTACATAGTGTTCTCCACCGAGACACGCATATACATCCCAATGTTCCGCCGCGTCAGGCGAGATTCACCCGACAAATAACTCATTTACGCTCTATTCTTTGCTCGTTTCTTCTTCCAGTATCTCGTGCGGCTTCTTAGGGTTACCTACCTGTGCTCAGAATCTCTTCTGATGTGGAAACGCCCCTAGGGACTCCTGCGCTTGTCGGAATCCGACTGCCACACGACGTAAGAAATTAACTGTGGAACATAACTGAGATCATGCTGAACCTATAATTTTAGGACGCGTCTGGCACCTAAGTCGGCTGGTACCTTCCAGGGACGACTACATTAGGCCAGTTCGAGCACGGACTATAGAGGTTCAGCGGAAGCGACATATGCCAGTAGCGAGTATGTCTGTGTATGTGCCCTGACGGCCGTACTCGATAAGTTCGACCTCCGTTATTATGAGGCCAAAGTGCGGTGACGGAGGCTAGAATTAAATAGATAACCTTCGGCACTATGTACGTAACGGCGGCGGGAGTAATCCGAGCATGCGGTGGCTGATTATGCATATGTTAATCGTTAGATCTATCACCATTCCTTGATGGTTTGCCCAGAGCACCTATCAACCCTCTCAATGCTAGAGCAAAGCAGCATCTACTGGTTCAATGCGCCGTGACTGAATCCACGGAGCTATGTCTCTGTCAGCCACCGTATCAAATGAGAGTATACCACTAGCTGGAACGCCATTGAGAATCACCCTTGATGATGCCTTAAGGTCATCGACCTGCGACAATCGCATTAGTCCTAATTGGTCACAGCTTGTTTGTCCATCTCGTACCAACTAGTCTCACGACGAAGGGGTACGAAATAACGCGGTATTCATAATTAAGCCACCGGCTGATATACCAAAAACTGCGCGTATTTCGGCGCTAGAATGCCGATCCGGTCATATACGGCACCCCTGTATACGCACCTGGATGCGTTCTTGTTGGCAAACGCATTAGCCCCATTATTACATTTCTGAGCGGGTAAAAACCACTGCCGACTTCCTGTACAGCCTACGCCGAGGCACGAAGCACAAGAAGTAACCTGAACTTATGCGAACACCGAATGAAACTATAGAGAAGTTCTAATGCGCGAAGTCGCATGAGCAAGAGGCGTTAGTGCTGTGCCTTCACCTTTGATCGCGATATGGCAAAATCTTTCTGACTATAGGTTAAAAATATCTGTATTCGTCTCGTCCTGCAATTCGAGCACTAGGAAACTTGCGTGCCCGCATATCTTATGCCCGTCTGTGATGTACCAATATACGGTCGATGCCAGTGCAGATTCGCTGGATTTCTCTCCGGTCAGGGTCCTATGACTGAAGGTTGCTTAGACGGTGGGACGTGTATGATATTCAAGGCCACGTCCAAGCGGGTGACGTTCTCGCCTGAGCAGTACATATCGAGGAAATAGAGTAATCCTCAAAAGACCTCCTATGTCACACGGAGTACTCCCGACGCGGGTACCAAATTGCTTGAACGGGAACAATCTGGGTAAGATTACTATTTCCATTCGTCCTCCAGCCGGGTTACCGAAGCATCATGGTCATCCTGTGCGGTGGACTCTTTTCATCGATCTGTGTATGGGCACACTCCCTGAAT,1813,48.15,Saccharomyces cerevisiae
SEQ_974848,TACTAATACCTTTGCCAAGAGCTTAAGTAAAGAACTGTATGAGCTAAGGACATATAAGATCTACTGCTCTGTAGCCGTATGGAGGTATGAAGGTATCACGTTCGAAGGAAAGTTTTCTACGGCCAAGGATTAGCACGTCCGAAGGCGGGCCGCACTTAGGTCCTAGTATGCTTGAAAGCCTACGACCGGTTTACTATGTATGAGTCAATCACTAGCTTCAGGTTGCGCCTCTACTCTCGTGTTTAAATTGCTATTCAGGCAGAATACATGTACTCTTGGCGGAGTCCCGACCTCAGCTTACGGCGGACTTCATACTGGGCCGTCAATGGTCAGCAAGCACCAACACGCGACGACCCCCCTACTTAAGGAC,370,48.38,Homo sapiens
SEQ_553567,GACAATAGGCCGAATGGGATCCGGCGCTTCGAACTTCCGAGAGGTATGTCGACATTAGTGGGATATCACCAATCTGATACTCAGTCCACGTGCAATTCTAAGGCTGCTTCTAGGCAGTTTGGCGCTTGTACTCGCGGTAACGTGTGAAACGGGAGGTGTACCGTAACATGTCAGTATTGGCTACGGCCAAGCTGACCGTCTTAGTCAGGTGTTCTCAGGATTAACTAAGGGTATGCGAAATGCCGAGAGCAACAAACCAGCGTGTTTCTTTCACGTTTGCACGCGCATTGCCAGATTCTCTGCGGGAATGCCGTATGTCTGTGGTTATTTCGCGCTGTGGAGTGTACCAACGTACGATTGAACGCTACCCTGAGGCTCCTGTGCTACTGGGGCCCCGAGAAATGTTCTGTCAACCTCATTGAACAAGATGCGACTAGGAGAACTAGGATAAGATCCATTTTATTGTTGATTTACAGGAGTGAGGGTGTCTTTGCATAAAAGAGTAACTTCGGTATCTGTCGAACGGAATAAGCATACACTGATCTCCTACCAGTACGCCGGGTCCTCTGCGCCCGCCGGCCTGCGATCTCCTTATACTAGGCTTGGCCGCCCGTACATTCGGCCACGTACCACCAAGGATAACGTTATGTCTGAGTAAACATACGCAAAAGGGTTCCTTCTCTTGCACCAAATCTCCTTCTTATGGGGTGATCAGTCGGTCCAGTTCCGCAGAGCTGACTGGAATTTGTGCTATAATCTTCGGAACTTCATGAGGCCAGTGCAAGGTTCTATTACTCAAGTTGGAGTATTAGTTGGGCCTGCCAGCTGCATGATCGCCTATAGGAAGTCGAGCCCCACGCCACATTAACTATAGTCTCGTCACACACCATCTGCGTTATCTTTTCGGTATCCATCGAAAGGAGTGTATCACTGGGACGCCCCTACTCATTACGACAGTACAAGATAACTTCACGACACCAGGTCCTCGCTAAAGCGACAGTTAGTCCCGCATTAGTTAAACGCGGGATTTAGCGCCCTCAACTCCCGTTCAGAAAAATATCCATTTAAAACACCCCAGTTTCTCATGGCTTGGAACTTAATGGCGTCGCAATACTGTGGGTCTAGAAAGCCGATACAACGCGCGCGATAACTTCCCCTATTAGTAGCGGCTGTTCGAACCATTCTTGGATACTTAGTTGTATAAAGGTTGAATTCGGGGTTGGGCCTTTTTCACACTCGCCATGTCTGGACAGAGCAGTTGTCATCACTAAGTTAAGAGCAACGGCTCTGACCAAAAATCCGTGTTGCATGGCCTACTAACCCTAGTTGGACTATAATTCAGCGTGAAGCTTAATACATCACCCTCGCCATGATTATAATGTCTTGGTCACTCGGGACCTGACCCTCCGTGACGCGGCATGACCCGGACACTAACAAGTTTGGAGGACTATCTAAAGAATCGGTAGCCAGGTAGAGTGTCTCATCCCGGATAGGAAACTAGGCTAGCCGATAGTCAGTGTCAACGTTCACAAAACGCATCGTCTATACTTACAATTGTCGTGGACACGTCTCGTGGATTCTATACTTCTAGGACCTCTGACAGATTGTCTCGGATCGAGCTCTAGATGTCTTGTATAGGTGTGAGCACTTTCTTAACATTGACTTAGGACGATAATCCCTGTACCGTCAGCACGAGATCTAGTAGGGTAGACCGGTTGGCCACCGGCACCCCTATAGACGTTTATTAAGTA,1751,48.54,Caenorhabditis elegans
SEQ_682541,AACACGGATCACGGTTGCTCTGCACCGTAGACGTTCGGAGAATTGTGCCGTCTGTTCCACGATCAGGAATGGACTCGTTCGGATGATTGAGTAACAAACTCAGCCTACTCTGCAAAGTCAGCCTTTTCATTCCGCCTTGTAACATTGCCGGTCGACCTTCGAACACGTAGACCTTTCTCCGCCATTGGTTATTCCCTGTAAATGCTATACGATCCTGAATGAATGAACAGTAGCTGGGGTTAATCCGAAGCTCCGACTACATCTTTAGGCAATATCCACAATGCATCCTGTCATGAAGTACCTGGTGTAGAACACATAGGTGCATGCATTAGCTATGGGTAAATCTCCGGGTACTGAGTAACAGGAAACTGTCTTTGCGATTGTCCTGATATTTCTTAAGCATCGGGATTTTGAACAAAAACATACCGTCTCGTGTGACAAGTTATGTCTTATTTACGAAACCAGCGGAGACACTAGAACTCGAGTCGGCGACGTGCGGTAGACCTGTTATCTGTACATAGGCCCACCCGGTGGAGACGCGCGGGGGGCGAAAATCGCTATGCCCTGGACACCTAATTCTGTTGACCCCGACTGACTAATCACAGGCCCAGCTCGCCCCGACCTATGTATCGACGCTAGTTCCGTTATGTCCAGCTACCAGTCTTATCTTGAAATTACCCGGAAACGAATTCAAACCATATACCCCGAGCTTAATGATGATTTTCAGTCGGAAACCTATGACATATACCCTAAGATCCCTCAGATTTGTGGATCGCAAAATCAGAACTGTCCGATCGCCTAGTCAGGGCCTTTTTAGCGACCTGTGCGCGCCAAGCGCTCGTAAAAGATGAAGGAACCCCTGGTTTATAAGTCATCGAACCGAGACGTAGTCCACGTTATTCTGTAGTCAATTAATCCCTACGCAATAGAATCGGGACCCTTGACTATTTTAGTCGCTTCGTTTGGGCTGACTATTTATCTGACCTCTACAGATTCCTAGCGAGCTGCCATCAGCGTGTCACTGTACCACCTCAAACTCCGTGAGATCTGAGAGTCCATTGAGGTGGCTAGAGTCTCTCAACATTGTTACGAATCTACTTGGACCTGGTAGGGCCTAAGCCTTACCTTAGCAGAATAGCCGCTTACTTAGATCATTGCACTCTTACAGTTTACCCCGACACGAAGGCTGAGTCCACGGGAAGACCGCTTTGGCACTATGCCGTGCAGCGATGGAGTTCGATTGAACGTACGCAGGGTACATGCGTCATGCGCGTCGGAACGCCGCCGACCTAGCCGAAAGTGTTCCCATACTTCCAGAGAGGCAGAGAGTGGCGCTCTGGCACTGTGACCTTTGAAGGGGAGTGTCAGTCCTGAAAGGCTTCAGGCCCCTACCAGGACCCTCTTTGTCACTATTATTTTTGATTACATGTCACACTGCTTTTCTTACTCCAACCCCCCTACGGGTTGGGGTTCGATCTGGTAGGATGCAACATCTCCAATATAGGGCGAGAGCCGAAGAAAAATGAATGTATCGGGACATTCGTGCATGCGGGGGCTGGCTGTCTACGTGCACGCCTTTTGATAGGAACATTTTCGCACTTTGATCTGTACAGGACACGACGATGGCGCTTAAAATACGAGGGTCAGCAGCCCCTTAATGATTTGCTTGGCCCTCGAGGATTGACGAACCTGAGCAACGCACGATTATCTGACCACCACACGCCGGCGCCTAATAAGACCTCTGTGGGTTACCGATCTTCGGGAATAGTCCCACACGGGTATCGTGATCGTGGCCCGGTTTATGCCGGAGAGTTGGGACGGATCAGACGACTTGATGCGGTCTAACGATGCACCGTCGATACGCAAGCATAACGCACTAAATTAGTCAGTCATCTGAGGAGTTAAGGGCTATTATGTGTTAGAACTATACTTCGTAAAAAAAATCACAACATCGACTCTAAACGCAGTGGCTGGCATTCAGGAAGCTGTC,1990,49.3,Caenorhabditis elegans
SEQ_335385,GTACCTTTAATATGTGACCTTACTAGCGGGGTCTTCTGTAAAGTGGAGGCTGCGCTGACCCACCGATGACAACTGAGGGTCGGATATGGGACTTAAGCCTGCATCCTTATAGGCGAGGCAACTAGTAGTGGCGACCTGGGCGTCCATATTAATCTAACCGATAGTCCAAAGCTCCTTTGCGCGGCGGCGCCTCCATCACGCAGTTCACCGCGAATCTAACGTACATGTGCTTCGGAGAACAACATCTAAATAAACCGGAACATACCTATAGAATATGGGTTTCTTGAATTCTAGGTGATATAGATTATTACCAAACTCCTTTCCTCCTACCTACTGAGTCCGTCTTCACATTGGTCTTACGGGGAGGGCTTATATTAGGTCAGCTTGCGCCACAAGGCCGGCTTACCGCTAAGTACTTGAACCCTTGGGACACCATCCAACTCCATAGTTTATCTTATCTAGAAATAGTGCGTATCCTATGCCCCCAAAACTGCCATTTGCTCAGTAAAGCGAGCCGGAACTATCCGTAGGAAGTTGTTAGCTCTTCGATGCGTCCAGGATGGATGCTGTCTGGCCTACGAGCTTGTAAGCGCAGCAGCGCACGTCGTTGCGCAGAGCAACTTCTACGGCCCCGGGAACAATACGTCCAGTCAAACAAGGGTGGTGTTGCGCGAAACGCTCCTACGGCAAACCAATAGGACACTCTTAGGACTTCGACTTAGCCCGGCCTCAAACTCCCAACGACCCCCAACGTGACCCCGTCTCTGGGTGGATGGCGGAGCATAACCCAGTCTGAAAGGCGCGGTCCTCAATATTGCCATCAGAATTGGCAACAACATTGTCTTATCTACAGGGGACGGACAAACGTTCATCAAAAGCAGTCTGGACAGATAGTGGCCTTAGGATGGGGTTGTTCATTATGTGAGATCGTCTACTCACGTCAGAAGAAGACAGCAACGGTCGGCTACTCTTGTGCGGAAGGATCAATATCGGGGAACAAAGAACCTTAGTGATCCAGGTTCCGTGGCCAGCTGAAGAGATCACGTCAGTATTCTGCCTCATTTCAACTACAGTCGTCCTTTGCTCTGTAAGAAACACCGTTTAATACTATAGGTCACCGCCGTAGCGATTTCAGGT,1137,49.96,Mus musculus
SEQ_892689,CTATGAAAACTGATGATTAGGGATTATATCTGTTAATGTATTGGACGTGGCACAGACTCTTTGGTTATATTCAGGAGATGGTCTATACGTGGCCATGACCATGGTGAGTCAACCGCTTTTCTTTCCCAACCACTCGCGGAAGCTCTAAAAAACCGATTAATATTGAGGAGACCGCTGTATCACGGATCCTAATATTATTCCAAGCTACTCGAAATGTGGTCCTTCATTAACGTGGCCGCCCTGGGTACTGTGTAAGAACGTGTCTC,266,43.98,Mus musculus
SEQ_781011,TCGCGTCAGGCGCGGCCAATGGGGTATTTAGCAGTATTCGTCGGAGTCGGGTGGTGTCAGGTAGCATCGAGATACAGAGACCACGATCCTGGGACGACGTAATATCATTTGCTGTGCTCGGGGTTGAAACGGATGGCTGTGTCTCCAACCGGTTCAAGTCTGAAAGAATTCCTAAACTTAATCTGGAACGCGCTGTCTGACTATTTACAATAGATAGCCTACATATATCGGACGGCTTTTATGTCAAAAGAGCATACAAGCAAACTAGACACGGACACAGTCCACGGTCACTGGATTGTTGTCAAATTTAAGACAAGATATTACCCAGAGCAGCTAATCGATGCCCTAAATTACAGGGGCGTATACAAGGGGAATAACCCCTCCCGAACAACCAAGTGCGGAATCCCCGCGTAACCGACTACTCGTGTTGCTGTCACGAGATACATCTTCAGTTCAATCAACGTGTGACTGTGAGGCTTTCCATTTAAGGTCGTGAAGATCTGGGATCAGACTCAATGGCGTCAGCGTATGACACTGAAGCCTGTCCATCTGTCGGCGATTCGTATCGGATTATATAGACCGTCTTCGGAACAACCCACGGTTCGTTTTCTGAGAATAGGGTATTCCTGCACCAGCCTACTTATTCGCTACAGACCAGGGGGAAGCTATCAAAATGTTTCTATCGCAATGTTTCGGAGCTCTTGTCACTAAAGAAAAAGCATTACCAATAAACACCTCGATCCCACACGACCACTTGAAGTCCGATCGAACAAGCAAAAGCGTAATCTCAACGTTCATAAAACGAGCTTGGGGTACCGAGTAGCAGAATAATGCCCCATGTCAAATCTCATTTTTTAGTGCGGAATGTACATCCCGCG,878,47.04,Drosophila melanogaster
SEQ_428409,CTGACTGCCTATGAAAGAACGGTTCTCTCGTTAACTTGGTACGCTCCGGCGACGCGACGGCGCGGGACTTGTTCCTTTATTTGCCCTCGTGCATGTGCTCCGGTGTACTGAATGTGGCGGCGGACAGGCCGTGCTCTCGCGCGGAGGCGAAAAAACATCTGTCCGCACTATAGGCACTTTCACAGCGTGCGTGAAGACTTACATGCAAACTCTGACATATGTTGATATAATCATAACCCGATATCGCATGAGGGTTGCGGTTCGAAATTTCCTTCAGGCGGGGGGGTAAATTTGGAGAGACAACGTTCAGCCGACAGGAGCACCCTACAGGTGTAAGAATATAAGTTCGAGTCAAAAGGCAGTTCAGGAAATCGATACCTGTCGCTACCGTCCATCAACCGTCGTCATGCGTACCTCTTTGGATACATAAACTCAGACGCAGAATAACGACGAACACAGTTGGAAGTATTCCGCGATCATAATTCTGAATGAGCGAACTGGGTAGTGTGGATCTAGCCGCAATCAACAGACTGTGGTGGCCACAGATTCCCGCGACACCGTTGTATCCGCCTCAACGTTAAGGTGACGATCCTACACCTTGAACAAGACCTACCTATTTTTGCGGGAAGTTCTACCATCGCCTGGCAGGGTCTGTTGGTGTTCATTCACACAACTACTTTAGAAGCGTTTAATCCACAGGGCCGTCTTAACGAGATTGTTGAAAAGGACATTCGACCAGACGTTTGGAACCGCGGACGTTGACCGCAGCTGCGAATTGCGGGCAGACTCTCTGGCGGAGCACTATAGGTGCTGAGGTATAAACCCCGCGCGTTGTCACTTAATATTAGTCCTTAGCCGTGACACCCTGTTACGTGCAGGCCGCGACTAGTGCACAATGTTTGATCTATCCCAGTAGTCTGGCGACATACTTTAGAGTACACACGTATCGCATGCGTCCCCTTTACCCAGGGAGGCAGTCATGATCGCTGCATACCGAGTGGAACGGGAACGCGCTCTTTTGGATAGTTGCAGACTGCCCTATGTATCCGCCCGCAGCTTTTCCGTGCGAAGTATGGGTCGGGCTCGCCGAACTCGGGTTGCCAACGCCACGTACGAGGCCTCCGAAGGATTGTCGTTATATAATGGCCCGTGCACGGATAAAGCAGGGCACCTGTATCATTTGAACCATCGCTTAGACTGAATCCTCTCCCCTGTTAGTACGGCCTCCGTGTTCCGTGAATTGTGGAAGACGTGCCCCAAGATGGGAAAATTAATTCCACAACTAACAGCGCCACCTTCGTAACGTTGCGTCCTTTAACAGCGAATAGGATGTGCGCCATGGATTTCAAACTGCCAAATTATGAAGAGACACTGCGATGTAGAGTCTATGG,1391,51.19,Arabidopsis thaliana
SEQ_858236,ATCCTCAGCCGTATGTATCTACGTTACGCTTCGTGGCCGTCCTTCACGATGCTTGTGCCGAATGGTCTCAACGCTTGCCAGCGGGAGTCTACATAACTCCACAACAATGGACGCGGGAGCTTGCTCGAACTCTAACGTCGCGTTTTTGAAGGTATTGTTAGATTACCTATAAGTGCTCCTTTCCTGACCATTCCACAAAGACTACGTTATATCCTACAGGCCGTCGCGCTACCGCGCCTGCAGCAGTAATGGGCTTGACTCGTGTATGTGAACAGTGAAATCATATAATCGTGGGTGTCCCTACTCCAAACTGATGTAGCCACACCGCATGCATCGTTGAGAGAATCTCTATGAGACGATACTTCCAAATCTATCCCGGGGCCCGGATTAGCAGTTCGCGTACCGATCCGGGGACTTGGGCGTGTTGGAGTAGGCTACCTATCATTCATGATGGTACTCGTGCTATACAGGTGAAGCAACTAAGGTAACCTCTCTAAAAGAGGACTGTGCGTGCATGCGGAACCTCGCTTCATTGCAAGAAATGTGTGAGTAGGAGACCGAGACGTGGGGATGAGAGCATCGTGCTTGAATTTTGATTTCTCAGGTACCTAGTCTCTATCTAGCTACTGTGGCCGCATTGCCTTCCGGCTTAGGTTGGGATACTATAGAGTGCAGGAAGCGAATGGATGGCCAGCGTCCAAGGCACCGGAAGTTTCAATCAACCGTGATCCTGATGATCCGAAGTGTTGTTGAATTACAGGGCATACCTCGCCCATTTACTTATAGGCTGGTCTAGGTCAGTCCTTCTCCCCGAGGTCGTCTTTGAATCTATGCCGGCAGACCGCGCTGCTTTCTGTTATTCGGAATACGCTTGAGCAGGAGTAGCTTTGGGGGCCACACCGTATTCTACGCCATTGAGCGTCTCGATGTCTGGGATGCATTGATGTCATGTTGAGTATTAATCTTTGTGGGGAACACATATATGTTCGTAGTCAGTCAGTGCACCAAGGTCCCTTATTATGAGCCATTTCCTATTATCCAGGCCGTGCGTATAGCTACCTCCCTCTTTC,1070,49.72,Caenorhabditis elegans
SEQ_562542,TGTACCTACCAGGGTCCGCTCTGCCGTAGTACGGGGAAGAGGCACTATCAGACTGATCCTGCCTTATTTTCTGCCCCGCGCCAGTTCCGAAGTGGTTACAACGCTGGCCGGGAGACTCGAGTTTAGTCGGACTTCTCCCCATTGTTACGGAGTTAGAGTCACAATATCTCGGCAGGGCTGACGCATACTTCGGGATATTTTTTTCTCAGACAGCGAAAGTGGGGCCTGATATGGCAGATTATCCGGATCACTCTATCGAAAGTTACTTAGTGTTAGGTACTATTTATATAATATGCATCACAGTTAAGACAGAACTATCGAATTCTCAATATCTGTATCAGACGACATATTAGTAGAGGGAATAAGTTGAACAACGGCGCGACCATGCGCATTCATGCTTCACGGTATATTGCGTGATGATACAAACCGCTTCGCGTGCTGGCAGCTCATGTTCCGGGTCAAAGCGGAGTGCGACATAATTCACTGAGCAAAGGCCGTGGTTCCTGACAACCTGTCAAATCAAAGTCTTATAGCTTAAGAGCGTCGATGAATATGTTCCTTATAGCGTCTTCTCATGAACTATGACCCCGTAGCTCGGCGGCCACTGCACGGTAAATCGGCTCCCCGGACGCAAATACCAACAAAGAATGCGGGCACGTCCGGTGGGATGAACTCTTGGCAGCGTTAATGGTTGCGATCCTGGCACCTTAAACCATCATACCAGATTTTGTATAACTCAAGACCTAGAGTGAGAATATTGTAGTAGGTTGACTACAGTAGGTTACTGTGACGTGCATCGTTCCTAGGTGGGGAACAAACACGGCACAAAGACCGCTAGTATACAACATCGGTTAATGTGCGTCGTGGGTGAGATCCTAGCCCGCTAAAGGAACGGACACATCTCTCCGGCTACCCAAATCCTGATAATTCTCAATCCTTGACAGCTATTATTGTACAGTAGAGATGCTGGCAGGCGGCTTGTACAAGACCCAAACAGTCGTTTCATGTCGGCGTATAGTATCTCATTTTTGGACAAGATGAGTCGATCCATATAAGTCGGGCCGCCAATACAATGCGCCGAATTGAGCGGTTGTAACACCAATCTCTTATCAGTTCATCCTCTAACGAGATAGGGTATTCATTTACGGTAACGGGCATCTATATAGTGTGAAGGTGGCTGGAATAAGATACAACGAAGAGGTGGCG,1206,47.43,Drosophila melanogaster
SEQ_872424,TGCACTCGACAACGGATGTTGAGCTTTTACTGTCGGCGATCCTCCAGGTGTCTACCAACATTCTAAAAATTGCACGGCACTCCCCAGGGCGTTGAGGTATCCATTTCACGTTGATCTCTTGGATCCGGTCCACCCACAAAGCTTTAGCTCCCCGAGTTGACAAGGTTGTGGCCGGTGTTAGACGGCGAACGTTTTGGAATACGTAATAGTAGAAGGCCCACGGGTGCTCTGATCTTCTTCTATAGTTGGGGTCTAACGGCCGAAGGTTTAGGTCGTCAATGCTTTTAGTAGCGCGTTTACAACTGAGGTAAGGTTCCTGAAGGTATAATTAAGTGAATAAGCTCCACTGTCTAGGACGCATAGTGGCGTGGCAGGCCCCAGGGACATTTTCCACTGGACATAGGGTGAATCTGTGCGCCGTTAACATATGACAGAACGGGGATGGGCCTAGCTAAGCTCTGCAGATGAAAACAACACAGATTATCTAGGCGGAGTTGGGAGCACGCCCCCGCCACGAAGCTTTACGTGTGTTATAAAGTATAGGAATAACCAACACGTGTCCTAACAGCAGGTAGAAAACGTCGTATAGTGACCACGGATGCATCGAAGATGTAGTGAAGACTTCCCCGCTGGGGCAGGCCTACTTCACGCACATCAGCTGCCGACACTTTGTCTACCAGCTCCGCCGCTTCGCCAGTATTGTAGCTCTCAAGCCACGGCCTACCGATCCAGAGTCCCGCGAGTCTACAAGTAGCTGATAGCTTATCGACAAGAATTTAGTGTATGCAAAACTCTCGCGATATAATTTGGCCCGCCGACCTTGAGTAGTAGATGCAGCTACCTTATGCGTTCGAGAAACAGACCCGGAAGAAATCGGTGGTGAGCGACCAGGGCCTAGATACCCTAACAGAATAATGTCGAGGCCGCCGTGAGTAACGACCCTAATGGCCATAAATCTAGAGGGAGCTGGTTGGAGGGTCCCAACTTGCTTACGGGAGCTGTTGAACGATACTCTTCCGCTATGGCGTAAGTTAAAAGTCTCGATCCGGCGGTGGATAATCTTGAATTATGATGGCCTGGACCATTTTTGCTTGGGACGTAGGGGTTCTCGAACCCACAACCGACGTCGGAGGCCGTCCATGAACACTGGTTTTCGATCGCGGCCTTGGGTAGAAAGGTGATCAATGTCGGACAGGGTTCCATAATAAGCTGAGCTGCATGAAAGAGCACATCCTTTATAGTTATCGTCAGCCTAGACATTACCACCTCAACTCCTGGACGCTTTGAGTGCTTTAAGTGATGAGTAATTACCCAAATTGTATCGTACGCCGTCGAAAAAGCACCATAATGCTATACTTAACAATAAATAGCGAATTCTAAGAAATAAAGTGAGAGCGATGAAACAGTCTTGGTGCAATTATCTCCGTTCCGATTGTATGCTGTACTTTGGTAGTTTCCGGCTAATGCACAGCCGTTACCGTAACCAAGGTTTTAACGGAAATGTCTCTCTGCAACTGCTGAGGGCCGAGGACGAAATTGATAACATGTTCGCTGGCCCGGCGGCGAGGGATGGGTGTGCCATCTGCTCCG,1590,49.56,Drosophila melanogaster
SEQ_689057,CGCATTCCGTCAGTTTGGTACCGCTATTCTACAACGGAGACATCATTCGAGTGAGATTGAGCCGGCGTTATATCTCGCTCATAACGAGACTGGATGTACGTTACGACACGTGACCCCGCATTTCAGAGTATGCGAGGGGGCGACGACATTTTGACGTCTTTAAGGCTGGAGCCGATGCGATTTAACAGATAGTACATTGGGGCTCTCGGGATAGCGCCCGTCAGACTTTGTGGAGCCAGCCTCTATCGCGAAGAAATATATTAAAGCTCAATTCCGTCGCGCACAAGAGAGCCGCCAAAATCCCTGACAGCAGGTTACAGCTCACCGATGTTTGCTAACGACGCTGAGGACGATCAGGCACCGTTTGATGCAATCTTGCGGGACCAA,387,51.42,Caenorhabditis elegans
SEQ_195911,TAATCTTCCCGGTTCGTGCACATGATGGCATATGGCCGTTATAGAGCAGATAAGAGTACAGGCAATCTAAATAATTCTGAGAGCCGGGAAAAGTCGCCGTCCAACGTCACGCGAATTTTGCTAGAGAGGCACCGCAGGTATAACCTCCGGATAGTTGGGCTTCCGCGCCTCTAACTACACCTTTTCAGCCACAGTCCGTGCTACAACACAAGGAAACATAGTATTCGACGCAATACTCCAGCGCGAGTAGGGACATGTAGGTTTTTTGTGGCCGAGCGATGGAGTGCTGGCATTCACACCCCCGTGTATAGCACCCAGGTTCAGCCTTGCAGGACGGATGTAGAGAGCGACATACAAAATTTAAGACAATTTATAGGGAATAAACTATAAAGACAGACTAAAGCACAAAGCTTCGGGGATGAGGGGTTAGGCTTAGACATATAGGATCGTCCCGTCGAACCACGCCTGAGGGAGTAGTCCATGATTGAGCATTCAAGATTGCGCGTCACAAAAGGGATTGGTGTCGAAAGAGACCTTTAGTCTTCGGAAAAAGCCGTGCACCGCTGCAGGATCAATGATACACTGCTTAACACGAGGTGCGGAGTCCGTTGTCATCGTGATCAAGTATCACTTGGAAATTGATTCAAACACCTCAAGGATTACGGTTGTAGGTTACTCATATTATTATGTCTGCCTCGCGCAATGATATCCATGATCTGCCCGCAGATAGGCCGGTCGACGATACTCTAGTCGGCCTTGAGATCCGAGTATTGCGTTGGTGTAGCTAGACCCGCTGATAGTAGTTTACGATTCAATGATCGCAAGTCTTCAGAGGGAGCGATAGGTGGCGAAGTTCGCACGACCCACGCGAGAGAAATGCTTCACGACAGGTTCTCGAGCAGCTAAGCGGGATGGCTACGCGGCGTCAGCTGACGGAACAGGTACCGGTGGGGTGTCGAACAGTGACTAGGCTGTCGGACCCCCAGTAAAGAGTACCGCGATATGGTAGTGGCTTTCGGACCAAGAGCTACATCGTCCTAGGATACCGTACCTTTGCGGCGACAGCAATGCCCGAAAAATTTAGTGGTCTTCGCCAGTCCGTGTTTCTTGGCCTAGCGGGGAATCTGCACGGTGTCCACTTTATATGTAGCGAGCATC,1158,50.35,Homo sapiens
SEQ_675376,GAAAGCACCATAGGTTCACTTCCATACAGGCAGCTCAGAGTGCCGATGCAGACCCTTATCCGTACGTCCTGATAAATAGGAAAGCCCGTATGTACATTAGTTATCGCTTACTATTCGCGTGC,122,47.54,Mus musculus
SEQ_650620,CTGGGACGTTTGATGCTACAAACCGATACCGACTACCTCTCATCAATGTCCAGGAATGCTAAAGGGAGTCGGGTAACTATT,81,46.91,Caenorhabditis elegans
SEQ_836183,ACTCTAGTGAGCGAAATGCCTGTTCGCAGCGTGATTATATGGCGTGGGTTCTACGTGGAATCGCAGTAAACAGTGTTGGACAAGCATTAATCAGGGCACGG,101,49.5,Saccharomyces cerevisiae
SEQ_386414,TGGGATCATCAGGCTGGAAGAATTACCTAGTACGTTTTGCAACAGTAATCTGGCAGCGTAGGTTAGCTCATCGCGGCAGGCAACTACATCTCGGGGGGGGGAGCATCTTTCGTCCGTAATGCCATTCGGTGGCGTTACTGCATAGGGGAGCGTATATGCTCATTCGCCGCTGAGTAAACTATGTAAAAAGTACGATGACTGAACAATTTACCCGCGATTCTCAATCGCTCCCTTCATGATCGTAGAAAGCTCGACAACCTCGCCGTGTACCAGGCGGGGTTCTTCACATCATTGTGGACAAATAAACCAGACATGTAGGTCACTTCCCACCCGAATCTATTCTAGTATGCGGTCGGTTGCGGATCACAACACCACCTCTCAGACTCGCTTGCCTCGCATCGCTTCCGCCATTGGGCGGGAAATGTAACCATCTCGTTTCCAGGCTGCCCTACTGTGTCTGATTGCGGTACTGATTCCATAAGTATGCGCGTTCTGGCACCATCTCAACACCGCTACGTGCAACGACGAAGACCGGCTCGGTACTCTGTTATCCATCCCGTAATGCCCTGGTATGTACGCACTAGGAGGGTCCCCATCTCCATAGGATTCCCCAGATAGCTCCGAAACCTTGCGCAGCAGACGATAAGGAAATCGGATTGTACGATTCTTAAGACTGCCATCATCGTACATGTAGACATGTGTTGGCATAGTTTGACACAGTTTAGTACAACATTTTATTAGCTCCCCAGTAACGCGTCGTAAGCAAGCAAGAGTACAGTGCAGTCATCATTGCTCGACCGCCAACATAAAAGCACCAACTCTAGAAGCAGCCGACGTGACCTGTACCCGGGTCCCGGTAGAGATACTTTACTGAAATATCAACGTG,886,50.11,Escherichia coli
SEQ_232554,ATAATTGCTTCACGCTCGGAGACATCATACAGGTGTATTTTCCACAATTTCCAAGCTACCATGCCGGGTCTCAGTGTGTAGGCGCGTCGTGAAATCGAAAGGAAACCACCACGTAACGCTAATCGTTCAATTTACTGTACAACGCGGCGAATGCTGAGAGCTCGAGCTCCCCCGCATGAGACGCGCGGTCTAAGATATGTCTGTTGTAGCGGCCCAGCCTAGATGTTTCGTAAAGCCGGCGCGCTGTGAAACTCTAGTGTCCTAAATATCCCCCACACTAGCAGGGTTCCCCTGCATTTGTGAAAACCCCGCCCCCGTCCTCAGGATGAAAGGAACGTGGT,341,52.2,Saccharomyces cerevisiae
SEQ_982046,GAGAGTCTTTCGAAATTGACGTAGTGACTCAGAGGCCCCTACCCTCCCCTACGGCCGGAGTATACTCGATGCGAGTTATCTTAGCCACATCCTGGTCTAATCGTATGTCAAGTACACTGCTGCAGCTTCGTCAAGCGGATTTTAAGTGTAGTAGATGTTTTAGTAACCGATCGCCCGGCGTCACCAGTTAATAACTTGCTATTATTTCCAGCAGATGGGGAACTCGGTCCTGTCCCCTTCTTGCCCATTAATATAAACTAGCGACATTCGCCTTCTTGTTTCTTCTGTACCGTGGCTATGCCTAATCAACTAGCCCGGCGCGGGTAGCGTCTTTCCGAGTGCTAAAGCAGACGTGTCCACGATATGACGTGAAGTTTCTTCTGTCATCTGACATGTCTCGAGCTGAAGGATCATCACATCCCTCAGACATACCGCCGACTATTGAGTAGCAGATGAGAGGGGGGCCCAGAATCAGGGAGTCGGAACCGTTTCATTACCTCACACGGCGTAGCACGGTTGAACCACCTTCGTGTATTACATACAGTTAGAGGATTCTTGGAACCCAATAATAACTGGCCTCTATGCGTTTCACGACATTACGTAAGGGCGTTAGTAGGCTGGTCATGATGATGCGGAAGATTGTACATGCCCCACGGGTATGGCAGAGACGTTCCGGAGTAGGCAGGGGTTCCGCTTCTTTCAGTGTAAGAAACAGAAAGTGTCTAGTTCCTGGTTCGATGTGGGTTCTTATGAATCTCGAGTTCTATAACCCCTAGTTGAAGCATAGAATGCCACCATTGGCTTAAACACATCAATGCGACATTTCGGCTGAGCATGTTATTGCGTTGGCTTTTACTTATACACGGAGTTTACACCTACGCGAGGTTATTCGAATACAAGCGCCTATAAGATTTCTGATCGAGATCAAGCGGTAATGGCTTTGTGTATTCTGTCCGGAGGGAGCGACTTGATCAAGGGGGCCACTTTTAGACGTGTGGAATCAGTCCATTATTATCCAGGCGCTTGTGTCACACTTGTGCCTACGCCGTCCACAACCTCTCTACGCGGCCCCCCTCTCTGTCCGCTGTGTATGCGTTGGTGACAACTGGAGACCGGACTCCTAAAAGCAACGCGAGCTCAAACTTTAACAATATCGACGTGCGTTAGATATTTGCGAGTGTCCGCAAAGTCTCCACGCCGCCGACACTCCGGATCGCGCGCGTTCGAGAATCTGGGAGAGGAGTAAACCACGTATCCACATATCTGAACCACCCCCTGTGGGGCACTCGCCGGTGCATGGTCTGTTACAAATAAACCAGTGGTTGGCCAGTAAGCCGGATGCCCGACAACTTAGCGTAATCTGTAAAATTGGATACTCCTCAATCCTGGGGCATGTTCTGAAGGGCCGTCGCGAAGTTCCAAAACGATTTCGACTATTCTGGTGGTGGCCGTCGTACTACACCGCTAGTTAGCCGTATTATGGGTATGATTGGCACACTTATTTCCTCATCTACACGGTGTCATCGCA,1528,49.61,Saccharomyces cerevisiae
SEQ_869746,GTCTTCTGCCGCTGCGGTCGCCGAGAGCCCTCCTCCGTGCACTTCCAACACACCTTGGTTAACTTCAACTGCTCTGTCGTTTGGCAAAACATTTGGGGCCTTGACTCACTGCACCGTTGGCACTTGGATATGTTAGCTACTTTTAATTAAATGGTCGTTCGCTCCCACACCTACACGGCCGTACACCCAATCTGGCGAATGTCGGCTTCTCTATATCTCTGATAAAATTCCGGCATACCTTACTAGGGAAGCGGTCCAGGCGGACAACAGTGGGGCAGGCTAGCCCCTAGGACTCATCAAATCTACAAATGCGTAGCATCCGTCAACACGCAAATCCGGAGCAGCTTCTTGTGGCTGCGAACGTGTGTTCGGCCGCCGGATCGGATCCTTCGTTAATTGGCAACAGGGCGGCTTATATATTGTATTATATCAGCCCCTAGGGTTGTCTTGCTTATCTGTACGCACCACATTCATAGCCCGCAATACAGGGCACAGTTTGACGGTATTACGCGCTAGCAGAGCAATGCTGTATTCTCAATCCTCGCAGCCTGCAGTACAATCGAACGACATCTAGATGGTTAATAACTCAGTAGAGATTAAACAGTTGCGACGACGTCAGAGCTATTCGGGATGCCAAGTTGAATCAGTCCTGCTGGAGCGGCCGAGGTCTTGTGCGAATCATGCTCCCAGTTAGCAGTTATTATAGTATCGCGAGATGCACAGACTCTCATAAAGATGCTCGACAACAATGGTAAATTCGACCTCTAACTTGCCGAGTTAGGAAGCACCACAGGAGGTGGTGAGAGACCCCGCACGCAGTCTACCCATGTGGTTATGATCGGTGTATAGTGCACAATCACTTACGCGTACAGGTAGAGAGTTAACTCGCTAAAAGCGACGCGCGTCTGTTGCCTCCTTTTACCTCCCGTCATCTCGGAAATCAATCAGAAGGCGATAGCGCCAAAAAAGCGTAACTGGGAGACTACTG,988,50.3,Caenorhabditis elegans
SEQ_998094,GAGCCGCTAGCCCCTGCATACTTGCATTCTTAAGCGGCTTTTCTATGGCTAACACATAAAACTAACCGAAAGTCACCATTAAGCAAGAAATACGGGAGGTATATTACGTTCCGCACTATGGCTGACTGGATTTATTACAAAATGGGAAAGAAAATGGGAGATAGCGCTCTACGCATTTCCACATTACCGTTATTAAATTAGTTCCAGATAACTACACACTCTCTCTCTTACAGTGTCTCACATAGGGCCGGTTCCGAGCTTACGGTCGTAATCGAACGACCGTGACCCGGATAGGAGAATAATGAAGTGTAGCTTCTTGGAGAATCTTAAGTCGGCGTTTCGCTCTGTGTTCCCAAAGGCGCTCATGGTAGGCAGGGAGCCGAGTCAGACAGAGGGGTCGGCTTATAACAGTTTAATGGATTGCGCATTGCAAAACCCGTACGTGGTGGGGCGGGCTAGTTCACGTACAAGTATACATACGTAACCATGCAATCCAATGGGATGCTCTCATTCACTGCCCGTCCATTGCTGCAATTTATTTGTATGGTTAGGGATGCCGTCCGGCTCCTGCGAAACGTGCGCTCTCTCGTATCGTTCATGAAAGTTATTTTATAATTCGACCTTCTGAGCCACGTTCCTGGAGATCCTCTCATAACAACACACCTGTCAAGCGTCGCTGAATAGAGTTGTCGTGGCAAAGGTAGAGGGGCCTATACGTAACTTTTTTCGCCAGCGGAGGTAAGCGGATGCAACTTACTGGCACAGTGAGCCCCAGTTGGTACTTAAAGGGCATGTGGTTTTGCTGCGGTCTATGCATCTCTGTAGCAACCGATTGTACGATGCGTTTTAGGGGCTCAGCATATCTTCTAAGGTTTGAAGATGCGTGAAAATTCGGGGTAAGTTCCTCTAAGAGATCTCCCACGTTGCGACAATCGGCTTGCCCACCATGCCGAACGGCGCCTGTCTAGGTAGGCGTGCTTCTGGCGACACAATCTTGTTACTCTTTAAGGGAATTTTCCCGCCACATCCTACACCATTTGGCCTATTGGAGAACAGGTAATCCACCGATCACGCTAAGAGTTACTATGGATCATGGCAACGTAAGACCGACAGGGGTCTCTTGTTCAGAGTCTGGGTATGTATCTTATCCAGGGAGACCGTCCATTGAGTTCTATTTTCGTAGTGTTTTAAGGGTATTTCTTTATACAGTGAAGTTACGTTGAGCGTACCCCTTGCACACCCAACCGCCAAAGCGTACTATTCACAGGACGCTTCACGTGACAGACCGGCCATAGCTAAGGATGTTACCCGGGCCAGGCGCTTCTGGCCTCAATCTTCTAGCACGAAACCAGTATGGATCTAGTTCATGATTCATCTTGACGGGCAACAAGATTTGCGCCCGCTACTGTTACGATCTCGTCCACCGGATTTCAGGGTCCTCATACCTCAAGCTCAGCAGTCTAACCCTAGCTTCTAGCCGAAGTAGGGGCGTAGCATGTTGGACGGGAGAAAGCGATCAGGTGTCGTAGAACCTTGGGACTCCGCGTCGATCGGCCCGAGGTAATGTTGATACCGGCACGACAGCGTCCCCATCTGAGTTAGCTCGTATTTCATGCCTTGTGCGAGTCGCCAGAATCTGCGCGGTCTTTCGCAATAATTCAAACGCGCCTCACACGCACAAGGTCTTGCACCGCTGGGTTTTTTGGTTTGAGCTTGACTTC,1721,49.27,Caenorhabditis elegans
SEQ_686103,GCGCGTAGACCGACTGTGTAGCAGGATTACAACGGGAGTCAAGAGTAACTCCGTCCATTGTGAAGAAGTGTTCTTACGCCGCATGCACGGGACTA,95,52.63,Mus musculus
SEQ_777466,CACATCGGAAAAGAACCATCAAAGAATGCGACGGACCATGAGCCCAGCCGGCTGGAGGCTGAAACGAGAGCGGGCGCACTCCCCAGGATACCCTACAGCTGCCACGGGCACCATGCCAACAGTAACATACGTCATAGGGACTCGTTCTGAAGGAGCTTCAGACAGGGGTTAACAATGGACATAGTGACACGGTACAGATATTAGGCGCAAAAGTTGTTCTTGGTTGAACTATGCCTAGAGGGTCGTAACGTTCAAGCACGACACTGCTCGGTAATAGCAAGGTTGAGATCGGCAGAGTAGTGTTGCATCCCAAAGCCGCAATAATCAGGGGCTTAATTGTCCGTCGGAAACACCATCCGGTGAACGCGGCCGCAGACATCCGTAGGGACATTCACGATCTCATTCATAGCATACCCGTCTGCTCTATTCGCTCCCCGTCCATGCGGGGGGACGAATCCACGCGTGGGTTATACCCGCCAATGTGACCCAGGCCTTCCCTCCGACAGTCAAGCGCCAGAGGTTAAATCAGCTGTCTGTGCTGTTCAGTTGGAACCAGAACCACTTCACACGCTCGCTATAGCCTTCCAAAGACAAACTAGAACTATCAATCATAGCCAAGAAGATCGCACAACTTAAACACCGCACTTTTATAGGAACTTGGGATAGTCAGACTGCTAGCAGACCCGTAAGGA,692,52.02,Drosophila melanogaster
SEQ_390919,GAGTCACGGATGTATATCGGCCTCGAGGACGTAATAGGAGTACGTAGCTCGCCATAACGCTTCGACTTTACCCATGGAGACTTCAGGTCTGGGGACGCCCTACGCCGGTTCGTGCTCCTAATTTTAGAACCTATCACCCACCCTGACTTATTATCGACTGTCGCGAAAGGGGCCAAATATTTGCGCTGACACCTTGACATTAAATTGGGACCAGATTGCGGTGCAAAACAAAGGCAAATAACCTGGATTGCGGTAACCTCTGTGATGTAGGGATTGTCATTCTTTCATTAACGATAGGTGAGCTTGAGGATAATGGAAAACGTTTCGGTCCCTCACGATCCAACTCACGGAATACAGGTATTCCCGCGAGAGCCCGGTGAACAGCTCTCACATGCCCGGCGAACTACTAATTCGCGAGAATTGGTTTGGTATAAGGGAAAATGCCACATAAGAAGCTCACCAATACGTGTTATAGCTAATCTCTTAGGGTCGACCTCCTTAGCGATGTTTTTGATTAACGTTTTGGAACCGGGCGATTGACTCTCGGCCACCGTAAACAACTAACTAAGGAAATGAGGGACACAGCACATGGGCGCCGGGCGGATGTACATTTGTCGCTAGCAGCTGTTCGGCAAAATACTTGCAGCTGTACAATGTCGGTTTACAACTGCTCTTGAACCGGCAAACGCAGACTCGTGATCTGCTCAGGATTCTCGCCCCAAGGAGATCATTATGCCGAAAAGGTTATTCGGCACGTCGAGGATGAGTCTCCCGGGTCTGAACAATATTCTGCGCCCGGTGCGACATAAAAAATCGGTTTGCGTAGTTCTATGACCCTTTTGGCCGTTACAAACAGGGGTTGTATACGCCATTACAGACGCGTGCTCTTGTGGAATAAAATGTATGTAGTTCGTTATTACTTAGATTGGTTCGCCTATTTGGGCCCTCAGATGCTTTGTCGGAAAGTAAAACCGGCGTGAATCGGAATAATACTATTCCATGGATCCATGACAACCCTAACTGTGTCCGTCTAGAGGGCTCGCAGCACGTGATCGATTAAGGAATTGCGCATGCCTCGTTCCCCACTTTCCTAGCAGTGCGGGGTTTGCATCGGTGCCGAAAGATCATCCCTCTTTGTGATAAACCCGGAGCCAACCCTAGCTTAATCCAGGATGGCCGGCAGTAGTCGTAATGACGTGGTTTACACTTTTGCTACTTATGCTGGAGCGAGACGATTCTGATAGGGGGGCCTAATGATTTTAATACTGTCGCGTGTTGTGTTTCAACAGGTTGTGATCGCGACACTAAGCGAAGAACCTCAACCGTTCCGCTAATGCTAATTAACCTACCAGTCTCGCCCCCCGTTCTCTCGGTAAGTGAGTGTTAGTTTCTCCCGGCGGAATGCCCGGGCTAGACGCGTTCAGGCCGTCGTTGGCGCCTCGTACGTTTCGACCTTTATGCGTACGAGAAAAATGCGTTTGTAGACGTGGATCCTCTCCTAGGTATTACAGCGACGTTGACATGTTAACGCAAGACAATGTTTCAGCAGATATATTTTCCATCGGACCTGTGAGGTTGGCGGACATATGAAACGCACAACGCCGCCCGATTTCCATCGAATTAGGGTTCTTAGCAGTATACAATGTCTACAATACTAACCAATCCAACTCGGGTAGCGGATCTTACTGATGTTACGTGCTTATAATAGAT,1710,48.48,Homo sapiens
SEQ_597280,TAGAGCGGACCCTACATCAAGGCGCATGCATCTCTATGTAAGACCCTCAAGGCCACCCGACAGTCTAGATATGCTGTGAGCATACGAGACGGCTTTTGAGAGTTCCAACCCGCTCATGGGGGGAGGGGTACCTGTGGTGTGAAACGATTCTGGATATTTGTCGGAGACCTCGTGTCATTTATCGAGGTAGTAAAGCCTAAGTTGTCATTAGGTACACGGAACGCAATTCTAGAGGGCAGCTACTTTCATTCCACTCACGAAGTAGCCCTAATATTCACCTGCGACGAACATGGCTCTCATTCGTAGGCCCACAACACTAGTTATCTGCCGGTAACCTACTACGACCTAACCATATCCCCGTGAGGGTAAGATTTCTGTCCTAATCGTCCTGGGTCTTCTCAGGGCATGATGTAAAATATAACAACCGATGGATTCGCTGCTATCATTGAGTGTACACAGTCCAGAACTAACATTGACGGTCGTTCCGGTCTAATATGACACTGCTACACCCTACGGGTTTCTTTATCCAGGTAACTACATCTGCGCCCGCACGCATGACTTACATATTTTCCGTTCCGCTGCCCCAGCATCCTCATACCCTTACTAATTTGGTAGTAGTGTTCGCCCGCACACTTCGAAGATCTCTCTGTAGAGTCCCGTCACATACCACAGGCCAATTTCCGCATCCCGGCTGTGCCCCGTAACTCCTTGTCCCCGTCGAGAAATTTGAGGGACACTCGTGTCTCAACCTGGGGGTGGACATTTCATGGGTCGTTGTCTGGGGCCGTACACGGCGTGTCAGCGCGGCAGGAGGCCAAGTCTCAAATCTTACTATTAGGTGTCAAGAACGGGTCTCGAAAGGGAAGGGGGCATAATTTGCGCTCAAAAAGCGTTGAAGCGGAAGTTTGGCTGTTAGAGTCCGTTAGAGACAACAGGTCGTACATCGTTCCACAGGGCAGGCCAAAATCTATGCGCCCGTGCGCGTGCCGAAGGGTGACGGCCAAGTTCCGCAAAGAATCGCAGTGGCCCAGTTCGCCACTCACCCTCTTGTGAGACAGTGAAGCGTCCCTTATGTCAGCATCACCCACCTCTACGGTGGGATCCTTCTCAGCACAGGTAGTGTGACCCCCTTGTTTTGGCTGGTAACACCCCCCCGGTGGTCTGGGGAGGAAGGTCACTCTAGCTTTAGTTTGAGAAGGCTGTACAGACGAGCTCGTACCCAAGGTTCACCGCCTTAGCTGTTTTAATACCACCACCTGAACACCTTCTTAGTCGACCCTAAGAGATGGGTAGGGCCCCCATCGTGGCATCGTTAACCACTTATGTTCTTTCACAAGTGCGATAATGGCATCCTGGAACCTTGAGGTAAATTGAGCGTAACGCTTAGCCGGGACCAGTATCTTCAGGTGCTCAGCCCAGGGAGATACATGTTAGGCCGCGCTAGCTGTCCGCGATTTTTTATTGACTAGGGTGGGTTGTGCGCGCTAACATGCAAAACGTTTGTGCACAGGCGGAACACGTTGATAGGTCCGTGGTACAAGCCAAGGCCGGAACTAATGAGACCCGCGCGACCGTCCGAAACCCAGATCATTTTGGCGACAATATCTGAAGTTATACAGAACCGTAGTCGGATTGTCGCTCTCTTGAACTAAGGATTCTGAGCTAGCGACGGGGTATTAGAGGATAATGAACCCGTTGCGCAGTATAATTATCGTCGCTGAAGAGCCGTTAGCTGCGCCAGGCAAGCAGTTCCAGGGTTGATCTTCAAGGATGGACTGCTTACGTAGTCTCAACGCCAGCACTAGCACTTTAAACAGAAAGTATAGAAGCCGAATGTAGCACACACCAGAATATTCACTATAGTGCCGGTATATGTATAGACGGTCGCTCACATATCGTGCGGATACCAAAAAGTCCAGCGCCATTTTCTGCTGCCTCTGCGACTGATTGCATACGGGCCCTGAGTTACCTAAGGACAGTAG,1982,51.16,Mus musculus
SEQ_666299,TACTAATCGAGTCTGTCACCCGTTGTACTCTATAATTGCAGCAAATTACTATGAAGGAACTTTTTCCGACTGTGGTATTCGCGCAATCTAGCACTTGGAGACAGCTACAATACGAGCTACCTTGAACAATTCGGTCCCAGGCCCTTAAGGGGAGTATGGCCACCTAGTTGCGGCCCGAGTTCTATCGCGCTTCAATTTCAGCCGTTCGCCGTGACAGAGGTTTTAAGTGGAGAGGCTCATTATGGTTGCCAGCAAAGAGCGTGACACTGCTGTCCTGTTAAACGAGGCGCGTGGCCAATCCTCTGGCCTCGAATATTACTCGTCGGAGGAGGCGGGATAACTCTGGAGGTGAACATCATTATGCGGGAGGGCCAACCGTGAACCGTAATCAAAAGTAGGAGCATTGCCACCTTGGAGTTTCTCACTAGTGTTGTCTCCTTAAATGCCATGAACTTTCGAGGGGTACCGCTCAGATTACAACGATACATACGTTCATCGGCCAGCGGACCCCTTTTTCCATCGTCTAACCGTTCGGTTCCCATAGAATAGACCTTATTAAAGACACAAGGGTCCACAGTTCACGGCGATATATCGAGCCCATGGACGGTACCACGAAGTCTCTCAGTTAAACGAAGCTATTTATATACTACAAGAAAAGATGACTGCAGGCCCCCATTGAAGGTAAGCTGATAACGATTCTAAAAACAATACACACGCACTGAACCGATAGTTAGCTGGCCATTCAGTGTTTCACAGGCGTATGAGCACAGTGGGACTACCAGCTAGTCCGTCGGCAGGTCGGAGTGTCAAAAAGTGCTTCTCTGGGGCGTCGAACTTGCCCAGGGGTTCTTATGTCAATGAATATGGATCCCCAGGTATACGTGTCTACGGGCGCTCAAGGGATGGCCTGACGCTCTTAAGTAGTATACCTCCACTGAACCGTAAGACGATTCGAGCTGTATGCAGGAGTGTGGAAACCGAAGGCATGACAAGTGGGAGGTCGTCCACGAGTCTTAGCAAGGCTAGGATCTCACACTTTAATGTAGCCGCACGAGCAAACCAAATTTCTGTGCCTTCGCGGAAGAGTACGTCTGTATAGATACTACTTTGCGTAGTCCTTAGCGGAGTGAGAAACA,1136,49.12,Escherichia coli
SEQ_533874,AGCGCAGTGTTCTCAAGGAGAGAAAATCACTCTGGACGAGTTTCCTATTTCAGCGCACCTGTGTAACTGGAGGGTTAATCTTTAGGCTCTTCTTACTGAGAAACA,105,44.76,Arabidopsis thaliana
SEQ_656937,CCAGTAAATGGTTCTCTACACGCGGTGCCTTGAATAACCGACAGCCGTACGTGTCTCGGATGGCTTTGTTGATGAGCGCGCGCATTAAAATTTCGATCGAACGTAGCCTGATCTGAGGTAGCTTTCATACGAGATAAGGGGACTATGTGTTCCTGTCCCGCAAGAACTGTATGTTTCGACGATTTATCGCAAGTTGATTGCCGTCAGAAAACTTAAAAGAGTATAGGTCGCATAGGGGTACGCGAGGCAAATCTTCGCGGTAGCCTTGCTGCGGGATGAAACACAGTTTCCTTAAGTACATGGCCAGTAGGAGGTATTAGGAATTCCGAGCACACGTGTCGAGGGAACGCCAGTGCGATCTAGGAATTACATTGCCTCTGACTTTCGAAGATTTCGTGACACACGTAATCCCGGAGGCTGGGCAAAATCGTGGGGCAGTATTAAAAACAGAGATCCGTTGTCCCCTGTACGTGTAAGTCCTCTTGTGGCACTATTAATGTTCTCTGTGGGAACAAAACCGGTGATTTCAGCATAACCTTGGAGCAATGATGGGCCGTTTTTGGTCTGAATCAACAATAGTTTTCGGCGGAAAACATCGAGGACCATCCCCATCCAGACTTACGTGGAAAGGAGGAAGGTAGTGCAACTTGTTTGCTACATCCCCATGCGAGGTCTCTTTACCGGCCGCTATTGACTGCTAACGTTCCTTGTAAGGCACTAGGCGCAGTTTCGCGTGTGACTGACAGATCGGTACAGGACGACCCAACCATACCGGGCTGACACATGTATACTCGTAAAATACGGTGGCGCCACCCCACTCGAGTCGCTATTGGATTGCGAGATCTTATAAAGTGGCCATCCAGCTGTAAGGCGACTGCGGTGCTCTACAGTCGTATGACGAAACGGGTGTTGTCGGGTAAGCCAATCTGAGATGTATTAGACTTTTCGACCCGTGTTGGCATCTAGATTGTTGTCATAACGCGTATCATCTCTTCAAACTCTGAATCGGCCTTCGCACGTACCCACCGAAATGCCGCTCAACCGCTCGTCTACCTGCGAACCCGCATGTCAGGCACGTATCATGCCGGCACTATTTTTTGGTGTAGGAATCTTGAAGCGAGAGAACTGTCGCCGCTACCTTCGAACAGACTCCAGATGACGGCTCTTACTACTCCCATGCTGAGCAAGTGAGGGACTGTAGGTAACTTGTCATATATCGAGTCAGTGACCAGGATGCTTTGGACTAGCAAGGGTGAAATCAGTAGAAGAATGATAATTGAGCCGCAGGCACGCATGCTCGGTGGAATTTCGTGGCGCCTTGTTTCACCATTCGAGGTGTCACCTAAACACAAAGAAAAAAGCTGGGCCGCCCCGTTTACCCCACGTACGCAGGTGTACGCGGTTCAGTTCTTGTAACGGCTAGGGGACCATGGGGAAGCATGAACGCCCTATCACCACGGCTAATTAATATGTGTGAGTCACAAGCATCAGTGAGCACTCCAGGCGACAACAAGCAGGGTATGGCCGGCCGGACAGCGCGACGTCGAGTGTGACTACAAGTACTTATTGGCCCGCACGTCAGGCATTAGACAGTTGGCCTGAGTATCTAGACGAGGTTTCGCATTCGAGGTCGCCTTAAGGCACACCGGTAGGCTTCGCGAGCCTATTTTCGCTGGGGCATATCGGGGCATGGACCGATATCTATGAAGGAGCTAGACAGGGCCGTCAGCAGGAGCGTAGGGTTCAGGTCCTTAGGCGGGTCCCCAATCTACAACACAAATCGCCTTTTTCTAACTGCCCACCGGTTCGCTCGGGGCTGAACCCCTCCTGGTACCCTTGCCCTGTCCTATGATTACCGTATCTCGTGCAGCAGTTAAACTAGTTGCCCTGGATCCGAAAGAGGAAAGAGTCCATCCGCGCGATGTCGGGCGCCGTCTTACGTTTTCGACAGACCCATCATGCGCCCCTCTCACGCTGATCGACGTATTGAATTTT,1995,51.38,Homo sapiens
SEQ_114520,CTAGTCTGTTCCGTCTCTTGACAAGTGCATTCCTTATAGAGATCGGGCAGCCTCAATTACTGACGGGAGTCTGGGTTCAGCAATGCCAGGCAATACGCACGCAACCTTTAGCACC,115,51.3,Mus musculus
SEQ_497406,TAGACACCGAGAAACTAGGTCTAAAAGAAGTCAGCTGTCGATCCAAGTTGCGTGCCACTACCACCTTCCACCATCACGCAGTCCCTCTTTTCGCGTCCGCCTGTAGAACGGCTACATACATAGGTTACACGTTGGCAGCCGGCAATTGCTGGAAGCCTCGAGGGGCAAATAGAGGGTATCGGAATTTGGTGCTTATATAAAATTCACC,208,50.0,Arabidopsis thaliana
SEQ_457613,CGGTAGGTTGAGTCTCTTGGTAGAGCCTAGGGCAGCCGGTACTAAATACTCTTCACTAAACCCTTCGACTTCGTAGAACATTTACATCCAGAAGGAAGTACGCTGGAAGCTTAAATGCTAATATTTCTATCTGCCGTCATCGAGGGCTGCTTTCTCCCTGTGGATTTACAATATTAACCCTGTAAACTGTGAAACGCTGGATACAGGCCTGGAGGCACGCCGCAGCCTGCCTATGATAATGGAAAGACAGCTCCGGGCTTATTATACGCGGCCGGATGTTTGGTTACATTTCATGTACCCACTTACTCGATAAACTGTTAAGTACTGAGGCCTCAGTCGCGGCCATGCTCAGCGGGGGAGCGGGTACAACCGTGCCGCAGTCTTGAGGACCGTGGCGTGGTAGGGAGTCGTACTATCGCTAACCTAGTAAGTGCGTCCCTACGATGGACAGTATAGAACAATACCAACTGTGCGCAGGATTAGTTCTTACAATAATGACACAGACGCTGAACTCTGCCCCTGCGGGCCGCCGGCGACTTACCGATTGTCTCGAAAGGGGCTGTAAGTATAGGCCCCGCGTATCACATGAGAGTGATGAAAGGATGTTCCAGTCCCAAGATATCCAGTACTCGGTGCAACACAAAAGGACACTCCCTCTTTACACTGGGCCAGTGGGGCGTGTCGTTGAACGCGCTAATAAGTTCCGTCAAATCAAATGGGACGAGTACATCTGG,734,50.68,Escherichia coli
SEQ_606809,CGTGTTAATCCTAGCTCGCATCCGATTTATGTCGTGGCACGTCCCCAGCTTTTTGAGTTGATTAAGTCCGCCGCACGTGCTTAAGAAGCACCCGTATAAGTGAGAAACTGCCCGTAACTCCATTAACGTCATTCTCGGCACCCGTTACTCACTCTAAAGGACTACGTGGGCTAGTCCAATAACTCTGAGGACTCTGGTAGCACCGATAGTGCAGAAAGTCTAAAGGAAGCGCGAGACAAGTCGTGCTGAGTTAGCTCTTATCAAGAAGACCTTTATTTGAAAGTCGCAGCTCTCACCGCTCCTGGAGCATTGTCAGTTGGAAGAGAAGTTACCCATCCCCACCAGTAGCTGTACCTTACTGTGGTAATGTCTGTAACGGTGCGCCTCGGGGTCGGGCAGCGGACCGTCAGTCTCTCTGCACTTAACCGCGGGGGACGCGTCCTACCCATTCTATAGGCTCTACTGTCTGTACCCTTTCTCCACGTTCTGGTAGTCTATGCATGTGTCAGCAGTTAAGTGCGACACCATGAATCGGATGCAGTCGGTACATGTACGGACGGGAGGTGTAACTTCCGGGAGCAATGAATCAACTTACGAAGCGTCACTGACTTCTTTCACTCAAACACACCACCAGGGGTCTCCGCTATAAACCTCTTTTGACTTCGGGAAAGTTATTTGTGAAGTCTGGGTATTCTCACCTACCTATCTCAATGTATGGAACAAAATTGCCGGATTATTCAGAAGTTCATCGCCTCAATTCTCAGGTGTGGGATCATTACCGTTTGTGATCAGATCCGCCTGACGGGAACAGGCAACAAGCGCAGACTGGTTCTTAATGTGACGGACTAGTCGTTTTCATATTCGGTCATATCCAGTCTCTAACGTTGTGCAACGAGGGGGCGATCTCCTTGCACGATTGTCATCGTAGATCCCATCCACGATTAGTACTACCAGCTGCAAAAGGCGAGAGCACAATGTATCACGATACCGGCTGTTTGGCGCTGTCTACGAGCATACCGCGATACTATGGTGTTCGATAGAATGGATTCACCACCACATATGGTCAGTGAATGCTACGTGAGGCTCTTACCTGCTTCAGTCACAGGCCGTGAATCCACTATGCCCAAGCACAACGACTGACGGGTGGTTTCTAACGTAGTACAATTTTCAAGTACCCGCTTATCTTCGACGGTAACCAAGAACCACGCCCCCACAAGTTAGGGTAAGGACCTCAAGATGATTGAGCCTCCAATCCATTTCCACCGCGCGTGCCTCACCAGCAAAAGTCACGCCCGTTGAGTCTCTGGATAGAGCTTTCGGCGACGTGTCGAGGATCTGAGGTAATCGGTATGTAAGATTCCTGCCCGTGGGGCATTACTGGCTAGAGATGTAAAGGGTGCTTAGCTTACTCGGGTAATCCACGCAAAACTATCGGAGGTTATGTGCTGAGCTAAGTGGTCATAACTCCGCGTTAGGGCGAATAGGCGGGGTCGGAGACGTGAGTACTACGGTGGAACTGGATGCAGGCCCCCGCTAACGGGAAATGCGATTGTCTAGACACGACTTCTGGGCAAATTCGATCGGATTTAGTTAATGTAGGTTTAAGGACAGAATATGTATACTCAGAGCAGCCTTTGATCCTTTTGCGTACTTTGGTACCAATGCATTCAATTTCGATGCCCCAAGCGAAACCGTTCATAAATACGAATTTTCTTAGAGTGTCCACCACGGTCGGGCCTCTTTAGTAGGGATCAGTAGTTAACGGCTTCAAACTAAGGTGGCATACTCGATGAAGAAAGCTGCGTCGAAGCGAGACTCTTGCGACGCTGGAAAATCTCTCTAGCGGCGCAAGGGCGAAGATCTACTCGACAGCAGTGGCTCGTAGCCTAAG,1891,49.71,Arabidopsis thaliana
SEQ_481080,GACGTTTACCTTAGGATGGAAATTAAAATTAGTATGCCGGACTAATCGTCCTCGCTGTGCCCACGGGTCCGATCGCATACTCGCATCAATCTACGATTAGCGACATGCATTACTTTTTGTCCGCCTTTTTGCGTTCTTTATAAATGAGAGAGCCACACGAGTGACGTTCTTATCGTGAGAGCCGAGTTGGACTCACTCCCCGAATCAGTAGCAATGGATTCGTATGTCCTATTTACGTTTCTGAATACCGATACCCTTATACGGCGGTACCGTGGGCAGCTGGAGTCGGCACGTTTGCTGAGTGGTACCGAGGTTTATCTAAAAGGGATGCATTGTACATCCTGGGTGGGCTCAGTGGCTTTGGCAGGACGTCAACAGGTTGATTCCTATGTTCGCGCTCGATCAGTCACATGCCGGGCGAACCAATGTTGCTTTCAGTTGCCTTATAGAGTGCTCTTTATGTGCACACCTTCTTGTCCTGAGCTGAGTTACTACGGCATGTAGAGGTCGAGCCCTCAAGAGTCCC,526,49.24,Drosophila melanogaster
SEQ_944547,GCACGATGACAGATGTTCCAATTATACCAATTAAATCCCCCCACACCCGTAGAGCACTACCAACGTCCAGGTCTGGGCACTATCCCATTGTGAAAGAAGTATCCCTGAAGGACGGATCGGAATAATTGGAAACTTTTTCTATCAAGCTCAATGTCGCGTAGGCATCTGCCGTAAACGCGTGCCTATCGAGTGGGGAAGCTCACATTTGTGCGAGGTTCTACCCTCTCGGCTGGATACTCACGCCTCTTTGGGAACGGGACTGTGCAAAGAGGAATACATTCCAATCTGCGAGGTCAACCCTGCGGAGACCGATGCCGGTAGGTAAGAACCATGATCCCTGACGGCGGTCCGCTTAACCGAACGTCGTTTCTTCTCCGGGTGCTCGTGCCTCCGCGCAACGGCGCTAAGGAAAGAAGCGGGATCCGTAGATTCGCCGAAACGGCGCCAGACTTTTCCACTAGGTTGAATCGAGTGAGGAAACAGGGCGTATGCCGAAGGTGAGATCCGCGAACGGTGCCCCGTTGTCGCACCAGCAAGTTGTAGAGGGGCGCCGCTGGATTACATCGTCGCGCGGATTGGTTGTCGGGCGTTACGGTGTACACCGAAGTGCGCAGGATGGAGGCCTGCCGGGAATCTGGATTGGTTGACCGATTCTCTCACGAAACTATGTCAATTTATGGATAATAAGCGGCCCTTAGAGCGGCGGCCAATAGAAAGTAATGCGGACCCTTCTCAGTTTGGAGGAGCGGAAATGTTCTCTTTAACGGCTGAGGGAAAGGTGATAATGAGTTAGGTACTATAGTCACTGATAAAGCCTCAGAGCGTCATCTGATGTACCCTTCAGCGTTCATCTGTAGGTGGGCGGGAAATAAAGGGGTCTCGTGCGGGACCTTGAACTCTACATCCTCGACCGGCTAAAACGCCCACGGCTAATAAGAATAGCGTGAGCATTTAGTCTACCTCGTAGGCACCTGATAAACTTTATTACCACTTTCCAGTCTGCGTCGTGGAAGCAGCGTCGATAACCTCATTAGCCCGGGAACCGGTGTTGTGGCTGTTGCCCCGTGCCTAAATGCCTCCATATGGCTCTTACGTGTGCATAGTCGTCGGTCTGCAAGCTCTGGCTCGAGGGAAACACCTATCATCGCCACTCGGGTCGACTTGTTGTAAGGGCAATTGAGTCTTCTCCTGGAAAGCCACCCGAGCCCATAACCGAATTGCGTAGCAACG,1230,53.01,Arabidopsis thaliana
SEQ_284583,AGTTGAGTAATAAGCCAGCGATCTCTTATTTAATTTATTAAAAGATTCCTGTGGTCGCGGATCACGCACGTCGAGGGGTGA,81,43.21,Drosophila melanogaster
SEQ_857021,CATGCAGAAGCCCTTAGCCCTCTTCCTCTGAGTTGGAGGAGGGACACTGGCGCCAGCCCAAGTGCAAACCTTGGGACGGAGCGCGAGACGGGCCGCGACTGCGGTGCCTGAAAGACACGTTGCCCTCGGTAGGTGTGAAGTCTTCGATGGCTTATAAAAAGCGCACACGCAGATTATCTAGAGAATCACTCTCGTTTGACAAGATCGGCTTCGAATGGTTATGCCCTCCGTGAACTCGATATGAATGGACGGTCGCCTGGATGCACAATCAGGCCAGGTCCTGTCTTGCCGACTACTCGGATGGATATACACTTTTTCCTGATCAGGACCGGCGAGCGGTGCGGAGCCATGGTGCACTTTCAATGTTCGAGTATAGAGCTGATAGCGCACCTCCCCCACTCTTGGATTTATCTGAGACATTTCGGGGTCTATCGGAACGTGCGTACAATGTTATATCTTAAAAGTGCATTTCCCTCTGACGTACTCTATCATAGCTAGCTCGAGAAGTCCTTAGCCACTTTAGGACCGGTCTAAGCGACAGTTAATTTATCTTCCGGAGGTAGACCGCCCTACCGGCCCCTCGCATCGAAATCATAGCCCGACAGTTTGCCGGCAGACCATCGGTGGGTGTTGCTATATGCCTTATGGAATGGTTTGGTCCCTTCGGCGTTCTGACCTCCAGGCTGGGAAGTAAGGATATTGGGATTGTCTCCATACCACTTGTTAACAGTTTTCCCAGAGCAGTCAACTCGAGGGTTTGTGGAGTAAAAATGTACGGAAAGGGAGCTTATACCGGCCCATCCCGGCTGTTTTCCAAACCAAATAAGTCAGATCGACCGCCAGTGAGTTGCTTAGACTAGAGGATATATGAAAACGTGAATGCCTGACTTGACGTTCATTATGCATCCGGTTATACGGGGGTGGTAAGTGAACTAGGTTGCTATAATTCGCTTCCGACAGTCTCCGGAAGTGTAAGGGATGAGTATACGCACCTGGCTCGGTAAGCCATTCCCCATGATGACCCTCTCGAGCGGGTGCTGTAGCCAGTTGGTGCTCTAACGTGTCGCCATGAGAGGTGTTCTCGAATGCGAGGGTAGGTAACGTAAAGCGCGTGTGGGCAGCCACTGTGTGACTTGGTTGAATATGTGACCTAACAGTAATCTCTACAGTAGAATGACTTGCGGGTCTCATGTCTTGAACAAACCGTGAACGATTCTGCTTGCGGAAGATCTGGCACTCATTAGCCTCGGTCCTCCCCCTTCCTGTGATCCTTCATAGGAGCCAACCCTGTATAGTGTTCATATTCTGCCTGGAGGTATTACGCTCAGCA,1330,51.13,Arabidopsis thaliana
SEQ_544384,CGACCGTCAGGGAATCCCTCTGGCACTCTTACTACACACTGTAGTCCGATTCACTACAGTTATACCTTGCAAGCTTCAATGCGGTTACACATCATCATACTCTTTCCATCATGTGAGGGCTGCCGTCAGCAGGCCAAAACGGCGCCTGACTAGGCAAACCTACCATCCGTCTCAGCAAGCTCCTTTGACGGTAGTAACACAACTTTCCAGCTAACTAATCATATTGAGCTAGGTTCCAACTCTTTGGTTGTCGTCCCTATTGTTTCGGCTCTCGTGACCGTCAACGCACAAACCCTGTGCCTATTTGGAGGTCGAGGATAACCACAAGAGGGGGAGAGTCAAGGAACTCCTACACTTTGGCGTGTGATACCGATCTCGCTTCTCCAGGACAGGAGTAGGGCCGTCAAATGCTGGTTGTCTTGTGCTTCCTTGCTTTACACGTCTCGACCTAACTTTGCCACCAGTGGGCATGTTCCGCCGCAGTAAGCGACGAGAAAACAATTCGTGTGAGCATTTTATTTCCACATGAAGCTGGTGCGGGTTCGTCAGGCTTGTATAAGTAAAAGGACGCTACCAACTTATCCTCGTCGGCAGGTTACGCCGTTTTTGCTATAAGCATCGAGAGTACTTTAAGACTCTGTTCCGCCAAAAGGCCAGTACGTTTGGCAGCCTAAACATATAGGTCCACATACAGCAACCGGGGCAGTCTTTTATTGCAAAGTCCCCCACATGCATCGCCGAGCAGTTAGCTCAGACCTCACCTGACAGCATCTAAACGCTATATAGGCCTTCTCAATGTCATCATGTTTGTCGAGATCCACCGTTA,826,49.39,Mus musculus
SEQ_515423,GACTCTAATGCCCGTTGTTAGCATCGGGGTGTGGGCAACCGCGCCCCCAGAGTCGAGCTATATTCATTCCCGTATAAATACCTGCCTAATGATCACAGACGCGCGTTCGGCTAGTAAGCCAAGTTACCCAACCCAGAGTGACATCCAGGGTGTTGTGAAAAACATATACCGCAGGGCCAGGCCTAACCTTACATAGCCAATACCATACGACGCGACATTCCCGGTCGACAAGGTGTTCGAGAGAGAGGACGAAGTCTTCTGTGGCTATGCCTCCACCCACTAAGACCCCAGGCAGGGCGGGATTGCAAAAAGTCTTCAACTACGAGGAAAATTAATCGTTCTGGCCGACCCAGTCACTTTAGTGGTCTAATTTCCCATCAAGCCTACGTCAGGCATAGCAGTATAAGTGAGCAAGACCGTGCAGGAGCCACCGTAGAATCTTCCCCGCGGTCAATACAGATAGAAGAGAGGGCAGGTTACCTTATCACACCAGGGAAAGATGGATACTAGTGTATCGTCCCTTCTTCCGTATACTATCTAACCGTGAGATATTCAGCCACGTTTCAACATGCGACATCGGAGTCGAAACCACCGTTCCCTTCTAGAATTAGTTCTGTCCCCCCTGGTTCATCCTAATTGGTAGCTTAAGTATTACACACAATAGTTATCTCTGTGTATTTTGCGAAGCCAGATTGTAGCGTCTGGTTCAACCTTACACATGTGCGGTCTGAGTCTAGTTTATAAGTGTATGCGGATGCGTTGAGCTCAGATCGTTCAAAGTAGCTAACATTTTCTTGGCTACTCTTGTCAGCACACAATTGATCAAGCACCCGCCAGCGTGTCGTAGACTCTACTAAAGAGACAGAAAAACCTACCCTCAACCTGCTCGAAAGTCAAAAAGCGCTGTTGGAAACTTCGCAGGTAAGTAAGACCGACCCTGCACCTGTGCAGCTACTAAAACTAAACTATTGGAGTGGGAAAAAGAACCTGTTTACCCAGGTTCTCCCACACAAGACTGGATGGAAAGATAATGTAATGACTGACCGATATAGGTCTCGCTTGCGTACCGTGGTATGGTTGCTCTTCCAATGCAAATCGATTGACGCGAGCTACTAGATCCTAGAAGCACCAATAGCAGGAAGATAAGCGACAGTAATGGCGGGGCAAGCGTGGCACTAGTTTCAGACTCGCCACTAAGGCGTTACTCGCGATCAGATGATAGCAAAGAGCCATCAGATCGAGGTTACTCGTTTATTGGGACGCGAGGTGGCTTGGAATAGTTGACCCCAACCGAATACGTGGCAATGCTACCG,1313,48.51,Escherichia coli
SEQ_351240,CAAGACCGGTATTTACTCGATGTCCCGTCGTACCAACGTACCGCAAGCCAAAGAAGAACGTAAGACGCTCCCGCCTGGGCCTGGGCATATCCCTATCTATAACACAGGATAACGGCGTGTCCGTGTGGATCTGGCATGAGGCCGGAATCACCTCTTCGGCTCTTCCATGGACGTCAACAGGAACAAGATCCTTCCGGGTTTGCGACTGCCGCACGGGCGCTTCACTCGGTTGGGCCGGTTCTGAGTCACCGCGAAGCCTTTTGGAGCGCTGAAGGACTAGCAGTGAAGTAACCCCTTTGAGAGACCTTGTCTCTAAAGTAAGGATAGCAGTGGCTGTCCCCTCTTTTAAACCGGAGAGAAGCTCTATAGCACGACTCGCCTATACTTGCTCAAATAGGCGGGACGACCTAGGCCAGACAAGTTAGCTAGTGAAACGCGGGCTTGCCGCTAGAGTACATTACGTCAGGCCTGACTATCGATCAATCGACTGTATATCTGTCATGGATGCTTGGAGTCGTATTATTTTACTTCGCCTTGGCAGTTAGGACGGCGTCCACCAGGTCCTACCTCTATAAACCAGCCGTCACCTTCCAGTCAATCCTCGTTCAAGTAAGCTACACCTGTTGAATCTAGACTTGTACAACACAGTTACTGGTCACAAAAAGCGCTCCGAAACTCTGCCAATGAGTGGTTCTTTGCATCCACTCTCTACAGACTAAGGATAGCGGTGCACCGGAGGGATGAGATAGAAGAACGATGCAACCGATCCGGACAGGCTTCGCGAACACAACGTCCTCCGTAATCCAAGACTAGAGGGTGCTTCAACACTGTGTTAGGTGAACCCCAGGTGTACTGGTGACTAACTGGCGCATGCGGACCCACCTGATATTTGAATGCGTTCTACGTTAGCTGCATATATAGCACCGCTCCGTTTACATCAAATTGACTAATAGTAAATTCATTGGAGCGCCTAGAGCTGTACGAACCTGGCGATTAATAGGTGGACTGTTCCACGGGGCTACCACAGAATTAAGGGACATAGACGTATACCCTCGCACGAGGTGGACAGATCCTCATGCGGCACACCAGCCCACAGGAGCTATCCTTTGCCCTCTATGACATGAGGCCTCTGAACAGCGCCGAAAATGTGACAGTGACCCCGGTCGCTACAGTTTAAATAGGCAAGTCCAAACTGGATAAACCATTCATCCGGCTAGGTGACGAGAGTGACTTCGGCCCGAAAGGTGTACATACCATCGGTTATGCAAACGGTGTCTAAAGCCTGCGATTCATCTAATCCCTTGACCCCGCTCTCATGGCTGTCATGATATTTTTGGTTCGTCCCCGGGGAAACTAGCCCAATCTGGACGGGGAGCCTGGGCCCACTATCGATGCCCGCACGATACAGCCCGAGTGTGCCCGCCGATTCGAAACGG,1436,52.02,Saccharomyces cerevisiae
SEQ_160648,TTTATGAGCTTGTACTCGGTCGCTTGTATGGGTTAAACGGGGGCTACATGAACCTACACCGAACTCGAAAGTATAATTGACCCAGCCGGCGTCCTAATAGTCTGTAAAAGAATCCCTAACGTTGGGGGAATGAAGAGCTCAGTCACAGCCAAACGCTTTCCGACCCGAGGTGGACCTTAAGACTGGGGTACTTGTGTAATACGACTTTTATAGCGCAGTTTTCTCCTGCAGGCCGGGTATCTACAATAGCTCTACAGTGCTTCGACCTTCTATACCTAACGAGTCGTAAGTAGAGTTT,298,47.32,Mus musculus
SEQ_413255,TTGTAGTCGTACTACCGGTTCTTTGATCTTATTTCTTGGCGTACTCGGTACAACTAGGTAGGCTATCGGACCGATCACCCTGGGACGATTCATGTCTGATTTATAGCATGTCGAGAGGCCGAGCACTACTCTACGAAAGGCCTAAGTACTCCAGAAATTTCCGGGTTACGTCAATGCTTCACGAAGGACGCATGAAACACGCCTACTACATAAAACTGTAGAGCCAGACTATAGCAGGATTACATGAAAGCTCCGGGAGAAGCGAGGAGCAAGGGTGGTCGAATTTATATTTTTCAGTTAGACTAAACAGATGTCATAATGGATGATCCTAATTGTACGCCGGGCAGCTGCAAGTCCATGTTTGTCTTATCGGGTCAGCACTCAGCTAACTAAACCGGAGGCGAGATAAGGAACTGGGATTCTGTAAGCCAGTGTCGGTTATGCGCATGTATGGGCTTATCACAATTAGCTATCGCAGGCCGTGCTACAAGTTTCGTAACTGGCTTGTAGAGGGGTACCGACATCATGATAAAAGGTTAATGGTACATCCTATTTATATACCTGAAACACAAAACTCAAATTCGAGACGCTTTAGGTCTCCACAGTCTGCTCTACCGGCCTTTTTCCTGGATTCATAGCATGCTCAACATGGTGGTGGTTTAATTATACTTGTCCCAAGGGAGCCTACAAAGGTTGATAACCGTAGATCCAGCAAAACACGCTTGTTCGGGGGCGGTTGGGACTTTGATGCCTGAATCTATGATTTTCGGCTGGCCTTCCCCTGCTCCGACAAGGTCCTGAAGCATTAATGGTTTCAATAGCTTTGCCGTTAAACAATTATTTACCTCGTTTAAGATCCTAAGATGTAGCGCGAAAGTCCGCTGCTACATACCTCTTCATATCTTTTTGGCGATGGGGACGGCCAAGCTTGGTTCACACCCCTCCTAGTTTCCGCCCGACCAAGGAAGTCTCACTATCTCTGCGCTCGCCAATGTGGTGTCCGTCTGACTCGTATTATATTGCAGGTTTTACGCTCGTAGTTACAAAGTGTAAGTAATAAGTTGAAGCCTACAATTGGACTAGGCTACTGGTAATCGAGATTGCCGAGTTATGTAGAAAATCGAAGAATGTGTGGCGGGAGCGGTCCCTTGGTTGTTTCTGAAGAATCAGAATGGGCGAGCCCAGAACCGCACCCTTGACAACGCGTATACCTCGGGTAATTAAGGACGTACGTGCAGCGACGCTCTTTTCACACGTAGCAGTCACCCGCAACTTTTTTCACGAAGGTGTTGATCCTAAGCACCGCGCCGCGAGTCTATCCTTGCCATGCAACGCCGCCAACAATGTATTATATGATCGGTTGAGAGGCTTGTGGACCTACACTAGTCGGTTACATTTGGGGCTTCTAACTTACCTCGAACGTCTTCACCGTCGGAAATTTTCATTCGGTTGGGTCAGCGGAGCTCCGCCTACATTTCTAAGAGATACTGCGTGTTACCGAGACGAATTGGGGTCTATTGGCTAGGACCTTATCTTGTGTTTGCTGGATGTCCCAACCGGTTCGCTTACCTCCGCATTACACTATGCATCGGTAATATACCATCAGCGTTTCCCTCCCCCAACTGCGTGGGTCCGAGCTCGCCAGCTTTGAGTGTTCTCGCTATCGTGATGGCGCAATCTCAGTCGACTCAATACATGCTGGTTGGACTGACCACGACGATA,1722,47.91,Saccharomyces cerevisiae
SEQ_981009,GCTTCTTAAACGTTCCGTCAATTAACTTCGCACAAAATTGACCTCGAGCCCCACTTTCTCGCGTATCTATTTCCCGCAGACAGAAGTGATGCGGAGAGATGGGTCCGGTCTCTTTATGCCCTCCATGCGGAGGATGTATTCTTGACGACCGCTTGACTCCGGCTACGATTCGTTAACCCAGCGCATAAGTCAATGGAATACGGGAGGCAGTAGTTCAGCGTTAGGTTTACCGTGTGTTTGCCGTGTTCGCTCCTAGCAGGGTCCGGAGATAAGGGATGCCACTTACCAACGGCTGGGGCTGGAGCTCGCGGTAACGGCATTAGAAAAAGCTGCGGTCCTTAGAAACTGCATCGACCATAGGTATCCGCTGATATTAGTTACGGGCTCGTCTACCTATCCCTCGAACAGGGTTTCCCCCCATTCAAAGCATGAACACGGTGTTACTTTTATCCGTTATTTCCGGTAGCCCATGGGTACACGTCTAAGCTAAGATGCACCATATAAGCAGTATGGTTTCGCCGAGAGAAATGTAAGTCTCGTCCCGGACTTGCGATGTGTAGTGAGCCGCAAAGCTACCAACAAGGCGGAGTTTAAATAGGATGAACTATGTTCCGCTAGAGCACACTCTCGTTCTTAATAACACATCCGACATTAGTCCTTGTGAGTTGGGCGACTTCCCGCCTACTTACTCAATAGGGTCTAACACATCACCCAGCATCCGGCGTCGTTTGAGAAGCCGAAATGTGATGTTGGTATTATGCACGGCCCTGGTGCGTTGTCCATTTGAATGACAAGGTCTGTAAACCATTTTTGACTGTGGTAGAACCAGGATAACGTGCAAGAGTCGAGATTACCATCTGTTCTCTGTACGTGTGGGGGAAATTCGCTCAAGAGGCCTGTGTGCAGTGTGGACTCAACAACACCGACACTAGGTAAGTTTGTCAGTTAATTCACTGTGGCTACGTCGGCCCCTGAGCATACGTCTCTCTTATCACGAAGTGTGGTATCGTCAGTAACTCTTTATCGTTCTGTGCATACCGAAGTCTGTGACTTTGTGGAGATTTAGTTATGGTCTGGCAGAGGAGTTTGCTTTTGCCGACCGGACCCGGAGAGCGACAAGGGTCTCTACAAGTGGTCTAAAAAATACCTGGCAGATTTTCCAGGGGCCCCAATTCCTACATTAATATTCACGAACAAACCATTAGGGAAGTGACAAACTTCCTAATGAGTGTAAATCTCTAAAGTTTGTCCGCGACGCTAAACTTGGGTGATCTATAAGCCCAATCGGTTCAATTGACAGACTAAGCGGAACTGATAGCGGCTAGACGCATTGTGGCCTATCTATAGAAAGAACGGGTCGTGTGTTCTATCTGAGAACCCATGCCAGGTAGCTGTCATAACTGATAGTAAGCCCAGAGACGCCCGCGGGTCATGTCAGCGAGTTCACGTACCCGCTTCCCCTTTTGAATCCCCTCCAACCTCGGTCTTATCAGCGTGGGCTATAGCTTAATGAGATCGGAGGGGCGGCATGGTGGCATGTTGCTTATGAACGCTTGTCAATAGATGACTGGTGCGGGGCCAAACGAGCCCATAGTAGCAAAGTTATCACATTAGGAACATGTT,1623,48.92,Escherichia coli
SEQ_649261,TGCACGCATGTTTTTTCGTATATCGAACGCCATATCAACACCTTAAAATGGATGCCGGGTCGACTTACTAACCTTACATACTTACCTTGTGGGCTAGGTAGAGAGTTAGAGTACTCAAGGCCAATAACCCCCAAAGGCGATTAACGGCGATAAGCTAGCATTGTTCGTAGCCTGAGAACCATTTCAGCTGTGTAACAAGTGGAACGTTTACATACTACGCACGACTGCTGGGATTGTTACCTCAGCTCCATCATCTTTGTTACCAGAGGCTGCACGGTCGGGCGGCACTTATGTACGACTTTGCGGCGATCCAGAGAA,318,47.48,Saccharomyces cerevisiae
SEQ_765498,TTCATAATCCAAATCGGTGAGAATGCGTGGGATCATACCAACTGCGCCACGATTCTGGTTATCAGGGCAGTCAGTGCGCCTAACTGGCGTCTGCAATTTTCGCGGTGGCTGCGGAGGGTAAATACGTAGGAGTATCACCCAAGCCACGGCTTACTTGCGCCGCATTTGGATACTGGTAACAGTGCATACCAATAACGGATGATAGTACACAGAACATAGTAAAATAAGACGATACCCACTAAATGGAACCGAATAAAAGTGACGCCCGGTAGTCAATTCGGCATGCTCTAGATAGGTAGATTGCATGCTGCCATTACTAGGCAGTGATGAGCTCGAGCAAGCTCTCTGCCTGCTTCGAATATTTGGGCACCAACGATTGCCGACTTTTTGAACGTAGTGGCCCTAAGAAGAGCCGGGAACTGTAGCGCTCAATCCTTTGAGGAAGTAGGTCTCACTCCCAGTCGCGGCTCGCGCATGGGAGGGCGGAGACGAAGAAGCATGTTGCTCCGGTCTGCCCCCCAAACTGATAACCTGGTAGCTACTGAGTATTAGATCGGCTCTACTTTTTAGGGCAGATCACTTGTAGTGTCTTGTCGACGAGAAGAGCTGGGAGCGTTGCCGTTCGTGCGCAATCTCTGAAGGCGGTCTTGCAAGAGATCGCATCCGACGCTCAAACTCCTTCCAGACCTACACCGGCAGTTCCAAATGAAACTTGTAACGTTCCTGACTGGAACGGCCCAAGTGCGAGATCAAAACGCCGGCGAAACGAGAACCCAGATTTGCTACGAGGCCCCTTGCGGTCATAGGTTCCGAGGCCAATGACTTCCGGCCTTTAAATACAGCGTCCCCT,850,51.65,Drosophila melanogaster
SEQ_692070,TGGCCGAAACCGAACGGTCGAACCATAGGCATGACAGGGTGTGGCGGTTATACTTGTCAAACCGCGTAGCCCCCTTTTCAGTACTATATATTGAAAAGCCTAGACACTCCTTATTGAAGCACAGGCGGGGTAATTAATACGCGAACAATAACCTCTTGTTATCCGGAAGCACTTAAGGAGAGCTTGGTAGATTCTTTGCCGAATTGTAGAAGGATGGGACTCTTTCGGTCCTGCGCTACGTCCTGTCGAACATATATATGGGAACAACATGCTACAGTCACCGATTCTCAACTCAAAATGGTCCCCGAATCAGCGGACATGTAACAGTATCGGTATCTCCAGCTAAAAAGAAGCGATTGGCGCCTACCACCTTATTGTTCCGATGAACCGTTACTTAGTACGTCCTTGGTCTATCCGTGTAGCACCGGCTATGTTCACTCTATACGCAATGCAGCGGTATAAGCGAGCATTGTGGGATTGATGTCTCCGCTCATCGTAGGGGTCCCGTCTCTCGACTTATCTGTCGACTGGGGATAGACGTTAGTATTGACCTAAGCAGGCGTTCGAAGGTATACTCATAGGACCTACGACGTGGTTCCCGCCGGTTGGGTTGGAGAGGGCTACGTATCATAGCTAACCCTTAGGTCGTTACTGTGATACAGTCTTTATCGCAGGATGTGATTGAGCCCACCGCTTCATTATGATGGTTCCTCTTTGATTGTTTCTAAGCGCGCTCGGCGAGTGAACCCTGGCGTCGATCGAGCTTTAAGCTGGTGGTCCCCTAGTACGCGGCCCCCGTTAGTGGGTTTTCTGCAATCCACGGACTTTCAAGGTGGATGAAGGGAGTCAACATATATGGTCAGGCTGCCTGACTTATCGCTCGGTTCGGTTCTTTCAATCTTGGCCCTTAACGCCCCCACATCTCGACGTAAACACGTTCTTTAGGCAGTTTCTAAAGCACTGTATTTACGCCATACTGGCATAACTTAGGATGCGGTTTCAAGAATCATTGCGCCCCGAGCACATATGGTGCTTCAATCAAGCCCTGGCAATACTGGAAGTACTGAAATAAAGTGTAGCCGTCGTATCGCACTGTTTACTAGTATATCAGCGGAACCTCTGACCGATTTC,1131,48.81,Escherichia coli
SEQ_896232,AAAAGCGTCGCAAGGGTTTTTTCGTGTATAGTTCACCTTAAGGAAGGTCTAGGTGTGAGGCTGTTTACTATGCAA,75,42.67,Saccharomyces cerevisiae
SEQ_858903,CGTAGGGCGAGTGTAGCTCTAGGTCTGGTGTCTGACTGAGAGTCTCTGACCGTGTTCGCCGCTGTGGCAGCTGTTGAGCTCTACTTCATCTCGACCGCAAAGTAGGTCATTAATTCCGGATCGCTCAGGCGGTATCCCTGATCAGTGAATGTTTTCAGTTGTTAGTGGTCCCCGCTCTAACGGTCCTCCAACGCCGGATTAAAATGCTTACTGTGATTGTAGCAAATGTCTTGGTATCAGAAAGGCTGCGACCTGTATCCGCCGGTCGGCATTAAACGCCATAGTCGACGGAGCATTCCGTTGGGTTTGCGCTCCAGGATACTATAGTTGCTAAAGGGCTGCCTAAAAAATATTCCAACCAGGCCCTAGGCTCTTATACCTTGTCTGCTCAGACGGTCGATGTAGCCTAGCACGACGATAAGGAGAAGTTATTTGAAAGGCGCATCAAGTTTATTAACCCCCGCTTCAAGGGCCGCCGGCGTACATACCCGAAATCCTCGGAAGAGAAGTGGGGATTTAATTTTTGACGCGAAATACCTTAGATACACCCGAAACACCAGGGCTCCCGGCGATGCCCCTGAAGAAATCAACCTGACGAGAGTTGGAGGGAGGGGTTTTTCACTTCCTTGTAGGGAGTGGTTCTTTAGTGGCCGCGCATACGATTATTGGGCAACGCCCGCCACCCCCCCTTACCTGGATGAACGTTCTAGCGCTCAATCAGGTGGGCGCCCTAGTCAGCCCCCTTAGTTTAATAGATCGCGGAATGAGGCTCGTAGGGTTTCATTGCGTGTGAGGGGGCGGGGCTGTTGATAAGGCAGATACTAGCGAGAAACCTGGGAGTTTATTGGGCTATCCAACATAGCGTTGCTGGTTTGCGGGCCACATTTATTATGTCGAGGCTACACTCCGGTGACCCGTCGCCATACGTAGGGAACCGATACGTACACATGATGCCGATAGAGGTTCAGGGTGCTGTGCCTGCAAACGGTCCTATAGCACAGAGGACGCTGCCGATCCCCGCTGCACATCATGTACGTTTGAGTTTGAGTAAAGTACGACCAACACAACCGGCTAAACCCCAGGGGTTGAACCCTCGACACCAGGTTGAAGACAAACGAACAGTTGTGCAGTCGCTTGCGACGGATACGGGATGTCCTCTATGGCTAGTCAACGCATACGTCGCGGACTTGAAGGTCTGGAAGGGGTGGCCAGCGCGTCGTTTCTCAGCGTTTCTGCTACTAACTTGGAACGCGAACGGGGCTTTGTGAGGTTAATCCAAAACAACCCCAGATAATAGAGAACCTCGCACCCCGAAAAAGTGGGTTCAATGCATTGTGAATTCGGCTC,1347,52.34,Escherichia coli
SEQ_715004,ATACTAACAACCGGAGTCCATGCTTTGCACTGCAGGGGAAAAGAATTGCTCACACTCGGTCAAAATACCAGAACGAGGTCCAGCACCAGGGTCATTAGTTAATATTGCCCTAATGGCGTTTCGTGATCAGCTATTCATTGGTCTTTATTGAGCAGGCATCCCCTGAAACCTTGCGTTTACCGACACGCCCAATTTGCGATGCGACAACGGGACGTCACTGAATTCGTGTTAATGAACTTAGCTCCGAAAGTTTACGTGGATACAGGGACTGTCTTGCATTCACTATGTGCTGGGACAGAACTAGATCTCTTCATAACGCAACCCATCACGACGACTTTTCCTGTCTTAGGAAGAGCTACATGTGAGTCTAAAATGGGAGCACATAAGTCTGGGCTAGGAAATTGGGTGCGAAGCTTGTTTCCGAATAAGGCATCTGAGGCACACTAGTCCACACTATCCCAGGCCGCCAACCCTAAAAGCTATTACACTTAAACAGGCGAGCATGTTCTGCGATCTCTGTGAGTAGAATGGGGACTTATCGACTCGCGCGTAGACCTGTACACGCAAAAAGGCATACTATATCCTCCTGCTTCTCACTCTATCCTAGGGGACATATTTCAATGAGTAAGCAATGGGGTCTTGGTACTGTCAAGACCACTTAAGGCGCGTCGTAGCACGTTCTTGCTCGCAGGCGAGACCTAACCGTAAATTCATGCGCGCTCACTAAATATCGTGAGGTGCGATCTCGTCAAGCGGTACCAGACGATACGGGAATGGGAGGTTAGCACGCTCAGGTTAGGCCCGCTGCAACACAGTGGTGAGGGGTTGGGTCCAGGACTCGCCTAAAGCGGACCGGAGTTGCTAGACCGATCTTATTCCGCTGCCTTCAAACCCATCACACCCTCTTGGGCGTTGGATTATTTGGAAAGCTTCAGCCAACCGATCGCATATAGGCTACCGAATTCGGAACCACTGTCTTCTCGGATG,987,49.54,Drosophila melanogaster
SEQ_236887,GGTGAAGTCGGCACGAAGGATACCCACTGACGTTTGTCTTCTGCCATTTTTGAACACTATCGCGATCATGCCAACACCTATCTACTCATTGACCATAGCGTGAACGTTGCGAGGGACAGCTACTCCAGACGTAGCCAAGGATTAGCGGGCGTCTGACTACATGCAATTGAGACATATCAATCCCCGGTGGTTCTAACGTATAACCTGCACGAATGTACTTCAATCCATCTAAACGTAGCTCCGGAGTTAGGGCGGACTGCACCGTCCGCAGTTTGTACTCTCGTCGAGCCCCGCTAGAGGCGCCATGGCACGTCCATCCAAGCATCAAGCCCCTGATCCATTCAGTCGGCAGATTTCAACCATTCCGCACTTCACTCACAGAGGAGTGAGCGGTGCGAGGAAAATCCCATAGCGGAACTCTGTACCACATCACTGGACCGC,441,52.61,Homo sapiens
SEQ_676424,ACCGAGCCGCGGTAAGGGTGCCCTGCAAGTAAGGCATTTGGATATGCTGTTCCTCCATTTCTGAGATCTCACGAGCCGTGTTTCCTCAATATATATTGAGCCACGTATCTGAATCGCGCGACGTCTGATGCCAGCCACTTGCTTCTCAAGGTAAGCGTTTTTAGAAATACGGGGAATCAGAATTACCAAGAGCGGGTGCCAATCAAAACGTGGTTCGTGATATACAAAGGCGGACCGTTCTCAAGATGCATCGACATGCACTCTCGTAGTCCGTAGACACAACCCTGTTGCTCAACAATGCTTCTTACCAGTTCGCTGAAGGCAGAAAACAATACGCACTGCGATTAGAATGTGGCTCTGTGATGGTGATGTCATTCGTCTACCTTAAGCAACTATAGCATATACTTCTACCCGGGTTGCCATCCTGAGGCCCATCATCGCTATATCGTTGCCGGTTAGGTCCAAGTTGCCACACGCGGGTGTAACCACGAGAAGCTTATTTCCATATGGCGTTGCCGACCGCTAATCAGTCCGAAACTCATAAGGGACTCTATCAAGACCGGCCCCGACATTCCGTAGCAAATGCGTTCCTAAAGGGTGTTCGCGGAGCCACGGTGTGAGGCAATCGAGAGAGCAGTTTGTTCTGCTTGGTTAACGCCGTGCCATCCTTCAATCACCGTCCAATGAGCCTTCTAAGGTTAGACAGGAGTTGCGGCTGCCGGTAGCTGAGAAGGATGAGGTGAAATCGTTTGTAGTATTTGGCTTTTGGCTCCGCGGATGGGTCATTGTGTAGTCGTCAGTCGATAGAATGAAAATAACTACGTTGGTTCGGTGACAGCCAGAGAAACCTGCAGTATGGGATTATCCGGTACACTATCCCCTGAGGGAGTTCACTCGGACATATTATCCCTACTTGAATGAACGGTGCCGGCTTTTGGAAGAATGTGCATTCCCAATCGTCGATCGCAGGTCCTTTTTCACGGGTCAGTGGCTGCCCCGGCGAACCAGGCTATGACTCCCATCAGGTCTCTGGATCTGATAATCCGACGAAACTCTCTTACGCTGGACTCGACAACTTAGACTCATAAACAAGTCCTTGCTCCACTGACCTTATGTTACTCTTGGCGCACGTGGGGTCAGCAGTAAATTTACGCGTAGCCGTCGATCCGGATAACCAGTTGACTTTCGCTTTACTGAATATGAGGTCGTGCCCGATCCCGTGTCAAAGATTAACTGGCAGACGACTCCGATGTGAGTAGTAGCGAATGTGCTACTATTGAACAGCACGCAGTGAAAATTTAAAACGTGCTAACTTCGTTTTATGTTTTCAACCAAGGCGCCTAGGTTTTTTACGCGCCATGGACTGAGTCGTAGACGTCAAAGGAGGTCTAGTGGGAAATGAGATTCACTTAACGCTCTGGCAATCTGATCTCTACTCC,1439,49.2,Saccharomyces cerevisiae
SEQ_610650,TCGACTTTATCGCCGGTGTCAAAAAGGCCAGGAGTCTAAGGTAGACAGCAACTTATTCGCGTGGAGCATAAGGCTACGTTCGAGCACCTACGCGTATCTCGGAGTCGGTCCCGTTCTCCTACGGAAGGTGATGCAGTGACTACCGGCCAAGCAGGCCAGAACATACCCACCCTCTCGGGTATCGCGTTTTTATACAATGATGGGAACCAGCAGTAACAAAGGTCTGTCAAGGTGCAAAGTTCGCTAAATTATATACGTACGAATTTGGTCACCGTAGTCTCTTTACGTGTCGCTGACGTCTGTTAATGCCTTTATCATATAACAGAGGGCTGGCTCACCCAGGCGCTCACGCGGCGGAACGGGGGCGTAACATCTGATGTTACGACGACCACATTGGGATACCATGCTCTTCCGACCGTTGGAGGGGCGCGAACATAGAGGTGT,444,52.03,Drosophila melanogaster
SEQ_629880,AAAAGCGGTTATAACGCGTCTGGAGATAAGATCTCGAATACGTTAGCCTTAAGCACAAAACCGAGTTTTCCGTGTTTAATATACGTGGACGCAGATGTACTCACTACGGAATCTAGGATCCGTAAAGGCTGGACGAACCGTGCGACCAGTTAAGTTGCCCGTGTTTCCCTTAGAGGAGGCAGGTCTAGATTTACTGCTAAAATGTCGTCTAGGAACTTACCAATGGCAAATTGCCGGAAGCAGTCTATTCCTCAAGGTCGCGACCAGAGTGGGAGAGGGCAGCCAACGAACTACCCCTTTGCCGTTGGGTGAGTCTCTTGTAATATGGCTCTCGCTATTAGTCAGCCGGAGCTCCGATAAGCTGGGCAGACGTATCAACCAAACCGCATGCGGGAGCAGGACCCTCTCTCTATTCAGCGTATATGCACATCCACTGTACTGTGTGGACCTCTCTGCCACCGGCAAAAGAACGAAGTTGTACGAATCTTCCTCTGTTGGGATGCAGAACAATGTGTTTGGTGTCTCTGCTTTCGCATATCAACCCTACATTGCATAACAACA,561,48.84,Arabidopsis thaliana
SEQ_747243,TCTAGACGGTGAGCGACCAACGCGCTCGAGTATTGGTCAATCGGCCCCATGTTAATGCGAAGAACACGGGGAGTCTCCCGCATTCGTTATTTACCTGCCTATCACTTTATCTCCAGGAAATGTCGTGACCGCTCGCATGTTAGCAAACATTGATGATGCAGGGCGAGCCGGCACTCGTGTTTGCTTTGAGAAGCCGGGGGGCATTTTTAATCCACAAACGGGTGGTGGTCCCAAGACGTACCACGGAATTTACCGTTTCGTTATGTGTTGCTACGAATCGATCCTTGCTCGCGCGGTATACCTGGCTATCACCCGCCTGGCGTAGCTTGCTAGCCTAGGATGACAGCCTTCCTTAGAATCAGTGATGCAAAGCCAACCTTTGCGGCGTGTCCAGATATTCCTTCGGCGAGGCAGCCACTGACTATACAGGCTTTGTATCGGAAGCTATACGACGTTATTCTATCTGGAATAGTGCTTGGTATTGCTCGTTGGATATAAATAGAAGCCCCTATAGAGTGTCGTCCATGCAATGAAAGTGCTTGATTGTGCTATCTGTCAGAGTCCGAAAACTGGCGTCACATCTCAAAGGACTGCATAATCGGGTCCTATGCCACTAATCCCTCCTGCGTTGGCCGGCCAATTGCGGTGAACCTGGATTACGAGTACAGACTCTCCCACGATACGTTTAAGGCCCAACCG,699,50.79,Mus musculus
SEQ_283249,CATTCGATTTGTTCAAATCCACACACGTGATAACTGCTGAAGCGGACGACACGTCGAACAACTTCCTCTACATGTACCCTTAACGTTAGAGTGAGGAGGTGATCTAGGAATGAGCCCTTCGAGCCCATCGAGGACAATTCGTGAGGGATAAAACTGGCATTTCGGAGTAACCCAGCTGATATCAATTGACTACTGCA,197,46.7,Escherichia coli
SEQ_640922,TAGAGATCCATTGTTTTATAAGATGTTGAGATTATGTCTAATGCTACGGATTCATCGGCCGGATTCACGAGC,72,40.28,Escherichia coli
SEQ_406634,TCTGCGTTTGATTTATTTCAAATTAACTCAGGTGTACCGATGGGCTGGTGCCTAGCTGTAACATTGTGAAGGTCAGCGCCGGTCATGACGACGTATGCATTATATCTGCCATAGTCCTGCCAGTGGTTTAGAAAGAATTTTGACCTTTTTCCAAAGGCGGGATGGACCTTAAGCCTGGCCGCCTGCTAATTCGGGCTTTTATAGGACTTGTGTCTACACCACCTATATTCTGAACGGCTCGTAGGTAGAATATCGTCGACCCGTTTGCTGTCGTTCACGGCGATCCCGTATTCCGGCGGACCAGTTATTTCGATCCAAAACTACGATGAGACCCTCCACCATCACGAGGCGGCAAATACTAATACCAGTTAACCCGGTAGACAGTTAAAACCTTGCGGGACTGTAACCTTTTAACTATCAGAATATCGACTCCATCGGGAACTGCGAAATGTTTCCAGGTGCGTAGGTGTGTAATCTAATTGGTTTAGGCTTTAACCACGCGTAACGCATTAGGGACATTTTGTTTGGGCAGAAGGGTACTTAGTCTTAAATGCTAGTGCCGCACCTTCTGTTCTGACACGGGCATATGAAGGTAATCAGAGTTAACCCTTTACTGAAATCACCGGGCGCTTTTCCAAAGCATTCAACTGGTCAATGCCTGAAACACCACGGAGCAACGTTCGGCACTAGGTGCGGATGAACCACGAGTGTCGGGCCTGAACCAGATGGGTCTTAAGGTCGCCATGATTATATAAAACGTTGGAGAGGGGCACCCTCTCCCGATCGACAGTGACGTGAAGGTGAAAAACCGCCTGAGTGGTCTTAGCGACTCTTGGCTTAATTTTGAAAAGGCTGTAACATATATCGTGTCTGCGGTGAATAAAATCTACTCAAGGACGACTCCTGCGAGTTATGCTGTTATCTACTTCCAACAAAGGCATTTTGTCGAAGAACTCTCCAGGTTATATCTTCCAGG,976,47.13,Saccharomyces cerevisiae
SEQ_731937,CCCACGACCAGGCAACTGTGAGATGTCAGCTCGCAAAAACTTCCCGATACTGCCTGCAAAGCATATAGCTTTTCATATAGCCGTCTATGTGGGACGTTCAAGTAGTAGCATAGGATGTAATCAAGCCAAGTAGAGGTGTCAATGCGGACGGCCCTATGCGCCGGCGTTTCAGCGTCACAAGCTAGGTTTGGGATCGATGCAAACCGGCACTGCGAGAGCTTTCGACATGTAGGTCAACAGTGAACCCTTCGCATACTTCGATTAGTTTAATCTTTGCACGTTGCGCCACACCAGGGGCAAGTGGAGCTGCTCGTTAGGTATCGCGGAGTATTTTCTGTAGATACTCGGTGGCGCAGCAGACGAACGATAAGAATCCTAGAAGTCGGCCTCTTTTATAGCGTAAAAAGGAGAACTCAGGGATGTTAAAAAGTAACGCGGAGAGCTCACCCAAGCGTGCCGCTGACCAAACTTTGGATAAGAGATTATGTAGCCCGCATCATGACAAAATATCCTCTGGATGCAGTACTTAGGCTTATGCCATTGGCAACCATTTCGAGTACACACTCAAATTACGCCATCGTAACACTTGGAACGTGCTATATTCCACCCCGCGTCACCGTTCACACAATACAAGTCGCCAAGTCTAGTCTCATGGGTAATACTGCATAACTACAGTTGCAGCTATGGCTAGACACAAGGTGAGACCCTAGGATCCCTCACTGTAATTAATGCCATGCGAATCGCGCGTGATATGAATCACTTTTCTTAGTTTAGTGCCAGGTGAGACCGCGTACTAAATTCTTAAGACTTCCTTATACCATGGTCACGCCAATGGCAATGTTTTGAATATACCCAAATAAGCAAGAAAAATGGTCTGTCAGCGTTTTTTGGGGCTTACTGAACTCAATGTGGATCCCTGGTGCTACGTCCGATTAACTAGAAATGGGACCCGTGGTTAACTGCCGAATAAATCCGATTTGAATCAGCGAACCTAGAACTAAGTTTTCCATATTACCATGCCATGACCCCTGAGTGAGTAAAGGTCATTGTAGTCTCGGTGTACTTTTAGCCCTCTGTGCTAATCAGGTACCTGGATCACCATTCAACTGATGATAGGTCACCATCATGTCTGTCGTCCTCATCCTGTGAAGCCTGCAGGACGCCCTAGTCTTCCAACAAAGGAGAGCTAGGATCTTCTCGAAGTGGGGCTTGCTGTAGGAAGGACCGCGCAATTTGCAAGATCTTAGTAATTCATTTGGTAGTCATGTCGTCCTGTTCCTGATAGACGTATTCCTGGAGCGAGTTTCTAGCCAAGTTGGCTACCACAAAGGCTCGATGCCGCAGATGGTTGTTTGTGCATCCGCTGCGTGTGCATAGCTGATGAGGAAGCGGCGGAGGGATAGGCCTTGACTATCCAACCGACCAGAACCGCCCGTGACCTCATCGGGCAGCCTACAGGTTTACCTAGGTCGCTCTCCGTTAC,1483,48.28,Caenorhabditis elegans
SEQ_768928,CACTGACCAACAGGTAGTCGGCCTATATCAAATCGGTTTGAGCGATGAGCCAGCCATATCAACAACCGAGATTTACCAAGGACATCCAGGGGTTGAAGCACGGTAAGAGTCCCAACATAGCCGCGCGGAGAATGGGGGACGATTCGAGGTATCATGCCATCATTTCGCTCGCGAAGATACCGAGTTATTGCCCCGAACACTTGCTCTTGGTACCTCGGCAAATTGACATAGCGTACGGAGTGCGGCTTTTCACTTGTAATGCGCCAGGTTTGATTTAATAAGCGCCACCTTGACACGGCTAGCTATAAACATGTCTTGAATGTAATAACGAACCTTAAGGTGAGCGACTCGCGAGCATACTTATACTTATAGCGAAGTGGACCCGTTGATGTTAATCTTCCAGCTTAAAGCTATTACAGAAGCTTATACGGACTTGATTGTCTTCATTAGCACGCTCGTACCTGATCTAGGCAAGCTTGATAGGAATTTAGCCGACCGCCATGCTGAAAACGTCCCCCAAAAGAAATATACTTAGAGCAGGTGCGCCCTTAGGCAACCGTAGGCACCAGCTTTGCTAGGTAGCCCGCGTTCGAGTCCCGACCGCCGCCTAATTATGCGATCTGGGCGGTCGGTGGCTCAGCAAGTTTGACCGCCTACGGTCCGGGGGGGTACCATACCAGCCACGCGAAGTAACACCACTACCTTGGGTCACTATAGAGACAACGATGTGGTCCAACGCTGCGAACAGTCACCAGTCCGTGTATATTAAGTTGTTAGCGGTTCTGGGGTGCTGCAAGCTTTTCGTATGAGCTCTAACCGTAATTGAGAAGATTTCGCATCATGAACGTACAGGGCAATATGAGGTGATGCTCCTCTGGCTAGCTAGACTATGTTGCGCAATACACGCAATTAACGAGACTGTTAGACCATTGCTAATGGCCACAGAGTTACCATCTGTCATTACTTCATATTAGGTCACCAGTCCGAGAGAGTCCGGAGAGTGAGTCCCGTCCCGCGCTCGACGATTTGGGGGTGGTTGGTTGGAGATGAGGCATAACAACTTCGGCAGCGTCCTATTTCGTGGACGTATATTCTGCCCAAACAAATCAGACTAGAAGCCGTATAACGGGTTAATTAAAGTGTCTCTCTTAGGTATTGAGCGTTACAACAGGCGCGGGACCAGGTTACCTGTTTTCTGATGACACGGGAATCAAATCAATATGACCACTTGGGCACATGATACGTAAAAGTTAGCCGCCCATTGAGGTGGTGGACCTAAGAATGCTAACTACTGCCGCTAGCAGAGTCATTAAGAGTCCACAATTTGCAGCTCACTCGCACTACTTCGCATCACATACCAGGGTCCTCTATAGCGGGGATTGGA,1384,49.28,Escherichia coli
SEQ_959037,ACTCGGTTTGGTGGCATTTTAGACGTGAGTCTGCCTGTACTTACGCTATCATCCTACCATTATGCTAAAACTATTTAACCATAAGTTTTCTCGTAGTCACTTCCGATGTCCGCATGCGAGATGCACACCGTTTGCCGCCCTAGGCTGTGTTGCTGTAGGGACTATCCCGAGTTGCCATCCAGGATAAACGAACCGAAGGGCAGCTTCTAGCCGGGGAGTAGTCGAGCTGTGTTGTCCGTTCTACGATCCTAAGGGGGAACGGTATAGTACCCGGGAGCGGAAAGCAACTATGTACAGTATTTCTGGCAACGGCGGCGAGCGAAAACCTACATTAGACAGAATGGCGTGTGGCGACATAGACCGTGTCAGCTCCTATACATATTCCCGACATACCACGCCTGCCTAGACTACTCTAGCCCATCCTGTGGTTTTGCGGCTACCGAAAAGTCAATGCTTGATGGGTACCGATTCGGCATGCTCTAAATTGGGAGTCCGTAAGAACCGGCGAGGAAGACAAATGAGCCAATTGTTCCCCGTGTTTGGCAGCAACGTTATCGGTCTGGCGACAAGGTGTACACTCTCGGAGCAGTAAATTAAGCACGTCTGCAGTTGGGGATTTATGCCGTCCATCCCGTAACTTGACATCGCCTCTTTTTCGCGCTGGTATCATAATATGGTGGCTGGTGTATTCATTGACACCCGCCCTGGAGGGGATATAACATACATCAGGCGACAGGTACACTGGCTTCGCTATCCACGGGCTCCTGACGCGAAAATCTATGTGATAAGCGCTTACCTCCCGGGAGCGTCACGTGATTTGCGACGCTACAGCATCTCGGAGAAAAATTATATTTGTAGGTTTTTTCTGCCTTCCCTAGTGACCCTGTCTGATTACAATTCACAGCTCATAGAAAATGTACACTGTACTTCTTGAGGGCATCCGACATCTTGCCCGCGGCCGCGAAAGCTTCGCGCGGCGATTATCAACTGTTCAAAATAGGCCACTACCGCGAGTGGGTGAGTCTTTAATCACACGCTCGAGCGTATACCAAGGTGGCGCCTTGCCCTGTACCAGGAAATGTATCATTGATAGTGTCCCTGTGGGATCAAGCGGAAACCGCTAAGTTACTATATGACATGCAAACTGGCTGTTCGCTCAGCTTATACCGTGGTTGATATTAGCTGAACGGTAGCCATGTTGATGTGTATATAGCTATTCCAGATCCGAAACTATAAAGAGATTCTATGGGCAAACTGCCTTATCGCGAGCAAGGGAACATCCGGATTTAACCCGGCGGCAGGGCCG,1306,50.0,Mus musculus
SEQ_479440,TTGTGCAGCGCCTCCTGTCATGGGTTATTAGTTCGGTGTAAATCCCCCGACCAATTAATGCGGTGCTTCGATCGGCAGACATAGGTCAATTCAGCCTGAAGAGCCTAGCTCGCTTAGATTTAGCTCCTGGTGGCCTACAGAGGTGGATCCATTTTCTAGCAGTATTTAACACATTAGTCTAACTTGGAGGGCGCCTTGCTCTTAATATTCGTTCTTATTCACCAGAGGCGTGACGGTCTCTGTGTTCACCGTCTAGAGCATAGATCTACGGTTACTATCAGTCCTTGTTTCTTGTATCGATGTGAGAGTAGTGTATTTCCTCTCCCTTTGTTCTGGCGGTACGGCTGGAAGATTGTAGGATAGCACTCATCAGGTCTCAGCGTCTAGACTCGCGGAACCTCCGAAAACACGCAAATGCAACTTGATTATGGAATCTAGATTTCGCTTGGTGCAGTATAAGATTACAAGTACAACAGAGCGACTGTCAGGACAACAAGGGATGCAGCGTCCATTTTTGAGTTTAGTGTCTGGTCTACTTTCAAAACTCGGTCTTCGCTCGCTGGTAATCCGCAGTAACTGGTAGGAATCGGCTAGTTTATGGGACATCTTGAGTGTCTACATGACGACCGTCATAAAGACCTGCGCACACCTGGTAGCGGGTGAGTACCAACGGCGTGTCGATCCGATCAAAACTTCTAAGCTCTAAGCATTCGAATATGCTGAGTAGCGGCATCTTGTTCCGGTCGGTATTCTACCTACGTGTACCCCTGGATCCCCGCCCACGGCAGCACGAGGTAGAAACGACCTCTAATACATGTTAGTCATGGGCCGTCTCTGGTCTACCGAGTCAGAAGACATCGAGTTTACTGAAAAGATAATTGATTCAGTTGGACTCGGCAGAGCGGACAAAATTCTCATTGGGCAAGAGTGGAGAGCGTCAGCTATAGTACATATTCAAGCGAGTGCTTTGTTTACGCCTTCCTTTGTCGGCACGCCAACTGCCTGAGGGAAGAACGCGCCTTCCTATCACTGAACCTTAATTTCAGAATTATGCAGCCTTCCCTCGGTGGTCCCGAAGGATTTGTGACGTTGTATCAACCAGCAGCCTTTCTCACACCCCATACCCCCCAAGCACTGTGATTGCCGTAGTGGGCATATTTAGCTTCTGGGGTAATTTTGCGCAGAAAGGCTCGTTGAATCGCCTTGTATAGGAAGCGCTGTATCGGATCATAGAGACTTACTATACTACCTAATCGATACTCCTTACATAACTTTACAGATTTTAAGGACGGACGCGGGACCGATGCTTTGAGTTGATCCGACTTAGGTTTGGTCTGATACGTAACAGGCCCTACTTCCGAGAGGGGTTAGACAGTGTTCGTCTGATGGTGAGCACTTTTGCGTAGCCCTTGGAACTTTAGTTAGCGATTGTCTAGGATCACGTTGTTCATGCTTCTAACGGCGAGGTGTTCCTGAACACCGGCCTCCAAAATGAGCGTCTTAACGCAGGATGAGTTACTAGTAAGCTTCCCCCCTCCGTGCGATTGAAGGAGGTTGGCGGGTCATCTGTCTGCCTAATAGCCGATTTTCAAATCCTAAATGGGCAGGATTAGGACGCAGACCTTTCCCGACAGTTTGAGACGCGTCCCGTGACCAGATTCTTTCCTTATGAGGCTGGATGTGTATCTACCGTAGTATTGCAGGCCGATGTTCTCAGTGAACG,1723,48.46,Homo sapiens
SEQ_420375,GGGGATAGTGAGCGGGCGTGTATCTCTGTTCTAATAGGATCCAGTATACTTGGTGTGACGCCAGGGCCTACTAGGGTCGTAGTATACTTCTCTACTTGCTACACGAAGGTCAACCATCAAGAACTGCCACTAGCAAATATCTAGGAGAACAGTCCGGACTCAGCTTAGGCTTCGGTGGGGAAACGTTTTTATTGTCCCTCGTTACCGCACCGCGCCACAAGGATAGCGCTAGGTTCCGTGTTGTTGAAGCTCGTCTCGGCCACTATACCTATACGACTAACCACAAACAAGTATCGCCCCACCTGGAATCATCGAATTTTCCAGTACAAGCGTCTGGAACGCCCGGTCGGACCTGACGATTTGTTCCAAATCTAGTGTTGTAACGTGAATTCGTATCCATATACTTAATTTAATTCTGTGAGTGTCGTCTACGGACATACCAGGCGGACGAGACTGATGACGAGACGGGGCTACGTTTTCCAGCAGTAAGACGCGTAAATGTACCACCCACCGTGCAGGAGTGGGGGAGTCCCCTACGGATTAGCTTATTAACCTTGATCTACCACAGCACGATGAAGACCCTACTAGTTATATGGTTCCAACCGTACTAGATAGAAGCTTTTCAAATGATAAACTTCTTTAACATCAACTTGTACATGCAACTCGGGCTTGCGGACACAAACTAACTGTAAACCGACGCTGCGAATTTCGTATATCGCGGCGATTTTTATATTTACGAGGCTGGTAGGGTTTAACCTTTGAAAGCGTAGAAAACAAAGCTTTGGACACGTCATATATTTTACCGCCCCCGTTCCGGTACGCAGCCTAGCCCGATTGACCCTTTGC,846,47.75,Mus musculus
SEQ_519155,GTAACGGCATGTCGGGGACTAAAACGGTTTGCAAGAGCTACGAGCGTATAACCCCAGTATGTCTAACATCAAAGCCTTAAGGCGGGTCGCTAATAGGCCTGGTCTTCTGAGTAATGCAGCACGCGTAATGAGAACTCAGTCTTACCCTCGCTTGTTTCTTCTGGTCTGGATGGATCGTTCACCCAATATGGCATTCTCCCTACTCCGCGGCCGCTGACCGGCCCCGTGCTACGTTCTGTTTAACTAAGCAATTGTCTTCTAGAACATCAACTACGATTCGTCCGATGCACTGTGCTGCTCCGATGGCAGAAAGGTGGTTGACCGTGTCAAGTATTCTAGAGACCACAGCCATGTTTATGTGGTGTTGGATCGAATGACGAACCGGCGCCTCTCGCCTTTCTCCACTTAATGTTGGACGTGTTGTCCAGTCCGATACCCGCCCAGCTTTAGCGTCCCCGAGTATGTAATCGGGA,473,51.37,Escherichia coli
SEQ_646281,CAAGGAGGGCCAAACCGGGCGTCACCTTTTATCAAAGAGAACTCAAGTCTTCCGTAAGATGGTTGTCTCCATAAGACTAGATTCACCGTCCCCCAGGAACACCTCATGTCACGCGTGTGGCCTAGGTGATACAAGCTATCTAGAAGACTTGGACCACATGGGCGTGTGTGCGCCGCTAAAGATTACTAGGAAAACGGAGTTATATACTGAGAAAACCGTACTGGTCCCTATAGTCACGGATAGTGTCTACGTGGGCCCTCGCCGAGCCACAATGTTGGAGTAAGCGTCAACTCGACAACAGACTCCAAACACAAGCACTTCATCATCGAAAATAAAACCTAGGTATTTGAGCTAGGGCAGTTGCGTGAAAGTGATCATATTTAGACCTGTCACTCCTCTATCCTGAAGTCAAGAAGTCAGGCCTACCCTATAACCTGCAGAGTACGCATCTATGTGGGCCACTGAAGACATCTGACAGTACAATCATCGGTTTAACCATTTCAAGGGCACGGGCCGCCACAGCTTTGGGTAGGTCAATGCCTAACGCGCTAACGCACCTCTACATCCTTGGGGACAAACCTGGCCATGTATCTCGTGACCTTTAGCAAACGATTTGGTATCCTCATAGCGCCAAATGTTTGTACTGTGTCCGTTAGGGCGAATAGTTAGCATAGTAGCGTGAATCTTATGCTAGTCCAATCCAGAATAGGGTTGCAGTATCCTTAAATGAGCGTGTCACCTCCCTGACTTATCTTAAGTGCGAAGAGACACATAATTTGGAGACTCCTCTATTACGATCTAGCTACGGTGGTTAATGTGAAATTTCTCGTCAACCTAGGATTAGCATTGCAGCTAGCAAGCGTCGCGGCGCCCATTGCGTCACCCACCCAGCTAGCGCACCGAATAGTAGTTCGAGCTATGCGAGCCGCTGGAGCAACCTCCTGGTTGTTTACATCCTGCCGTATCCTCTTTGCGAACCGGTACGCCACTCACGTTTGTACCGTTGGGGGGGTCACTCTGGTCACGGACGTTCTACTCGCTGACCGCTTTCGTTTAGATGGGCGGCTAGTGTGTTACGTTGGCTGACGGGTCCGAAAGGCAGACCACGTCGTTCAGACGCCCTTGCTTCCGACTTCGTTACGATCGAAGCCCGGTTCGGCTAACCCGGCAGAATTGAAGTGGCTTCTCTATCTACGGTCGCGGCTAACGTCCGCCCTACTGCTTCTTATGGTTTGGAGTCATAAGTTCGGGCCATCAGTGATTTAGGTCGTCAGAGGGACATGCACACGTATCTTTTATGCAAAACGTTACAACACTGATGATAAATCAACGCTCGGCAACTAAGCGAAATGGCGGGTGATTAACCTGTGTTCTACGAGTGTCCGATTTGGGGTATTCATGTTTGCCAGCTCACTTGAAGTTAACTTCAGTACACAGGAACGACACGGGGAACGGCGCCGATTGCCGCTACCCGATTCAGTAGAACGTCGCCGCTACAACACCTTGCGAGTTGGTCATCAAAATGTACTCCCACGGAGATCACTTGACAACACACTTTCATCCATGATCATTCCTAGGACTTAATATCAGCCGGCCCTCCAGGCGCTCTGTCTCATTGCACAGCGCGGGCATAACAGCCATATTGTCATCCAACAGACAAATTGGCGTTTTAGTTTGGGCCTAACACACGTTCACTGTGTAGGGGTATATGTACAGATACGTAGCACGACTGAATAAGCAAGAGGTCCACTTTGTTCCGGAGTATTGACCACTGTATTGCCCTACACGACAAGGACATCAAGTACTCCAAACTGAGTACCCTATATATGTATACTGCATAACTGAACGTCTGACCGTTGTGCACGATAAATGTGGGTCACATGCCTCGCGTACTGTTAATGCATCAATGGCAATAGTGAATGTCTTTGTCGAGAGTCACTATCTAACGAGATC,1953,49.1,Saccharomyces cerevisiae
SEQ_332724,ACACATTTGCGTCATTCGGGTAGCTGTGCCAGGGAGGCTGGTCCTTGAGCCGTATACATAGACAGGGACTCGGATACAGCCGCTCTAAGAAGAATGCAATTAAGATGAGGAAATGTATCATCGCAAATACGAGAGGCAGGTAGTATTTGTCATGTGTGACGACCTTAACACCCGCTCGGAGGGTGGCAAGCGAAGTTTAGGAATTGGGCGAATTGGCACTGCAAAGGGGAGAGATACGCTGGTACCAAGCCGAACGTACTCACAACACACCAACTTATTCTCCAGGCTCGACCTCCTCTCCTTACGGTACTACTGCGCGACACCTTTGCTGTATCTGCCGACCCCGACCTGACGGCGGATTGGGACACAACCGATTGCAGAGCACGAGAGGAATGCCTGCTGCCGCCATGTCACTGCCGTCACCAGTTAACTGTACAGATTCGCTAGTCGTGCGTCAAGCCAGTGCCTACACGGAACCGGCCTCGATTGTTCGCGCCGCCTCTTCAATGGGGCAACATTTCACGCCAACGCGACACATCTTCCAGTGGGTCCGGCCGCAGACCCTGCAGGAACATAGGGCGAGTGCGGAGGCACGCCCGACTGGTTGCTCGTGGGTCGCCCCTACGCAATACTCGCGAATTAAACACCGCACCTTACTTCCGTTATCAACGCCTGCATGTACAGCAATATGATGTTCATGAATCGTAGGAAGGAATGGCCCACCGCCATGTCAGGAAACTCTCTACATCCAACCAATAAGAACAAGGAAGAATGTAGACCTGCCCGCAGTGCTTTGCCAGTGTCAAGCTGACGGTGAAGGGGTATCCGCGTTTACGTCCTGCGCGATGTCTAATTTACAATCGATGCTTGGTCGTGCACGTGAGCCTAGGAAAGGTACCGAACTAGTTTCCTTTCTGTGTTGAATGGATCAGCAGTCTTCCATGAAACTGGGCATGGCTGTGCGTAGGTCGATTAGCCTCAAATCAAGTGAACAGAAATCGTCTGACTGAGCGCAAGTCCTCATTTAACGATTGGTTGCGCTGGACCTTATTACTGTTCATTATCCTCTTTAGAAAGCGATGGGGTCTACTAGGGATTAGCCCCGCCCCGCTGGCAGCGTAGGAG,1125,52.89,Caenorhabditis elegans
SEQ_268527,CAGGAAACACCTCGCGTAGCCAGTCGAGGGTCTCTCTGGTACTCAATGTCACTCGCGAAGAAGTCTGATAAGAGGGAGATCCAGCGGATTATTTGGGCGAACCAAATGCTAGGATTGTTGTACACTTCGAATTCCGTTTTGGGAAATACTGCTATAGAACACTGATGCAAGACGGTCTCCGCGATAGTCCTTCCACGTACTAGCAAAGTGAGGGAATCGCTAAGAGCCGTGATATA,236,48.31,Escherichia coli
SEQ_706714,TACCCGAGGGCGCCAGCTGCATAGATCGCTACGTTGTAATATAGGTGCCTGTCACGACGAACTTATACCTGGAGGCGACTGCCGAGTTCCTGGTATCATCGCCTTGCCCGTATATCGGTATAAGCCCCTCTCCGCTGGATAGTTATAGCGCGGATATCATGGTACAGAGAACTCTACAATGTACCTATTGGATATCGGAGATTGATTCCATATATAGCCTCTTTGCGTGGTCTAGTGGAACTGGTCGAGCGGCGGACCATGTCTTGATCAAAATCATACAAAAAGCATTAAAAATCGTCTGACTGGTCCACCGCCCCAGGTGGGATTATGGCACAGAAGGCAAAAGCGGCCTTAAAGCCTATATGCACGTACGCGAACAAATTATATTATTGAAGTTCATCAGCGGTGGTTCAGCCCTGGTCCTTATGAAAGGAATTTAATACATCTTTTTCTGAAACTAGCATCTGCATGCGGTATCGGTTCGGCCGGTAGCACATCCCGAGGCTGCCATGAAGGCGCATGAGACGGCCAGGGCTCGTTAGATTGTTACTAGGACTCGAGAGAAATCATCCTGATTCTGAGATTTGTGTAGAGAGAAAAGCCCAACATCGTCGGCTTAGCGACATTGTCTACGTAAACAGTCGACTGAGCGCATCCTAATCAAGGGTAGAGAATCTAGCCAACCATCCCCACAACACACATAATTATTTGCAACAAAGCTTGCCTCGGTGTGAGAACATAGTGATGGGACCCCGCTCGCTGTGCGGTATTCGCAACGAGGGTACTAGAATTACTCATCGGGCGTAATCCCGGCGTTCATCCTCTTTGGAATTCAACGGGTCGGTCGACGCTATGGAACCGGCTATAATTGGGTAGCCCCGACGGGGCAGGTTTACCAATCACTGAACTACGGGGTGAAC,920,49.24,Escherichia coli
SEQ_107487,CTGCCACTATTTTATCTGCCCGCGGACGCCAGTTCAAGCTGCGTTGAAACAACACAGCGACTAGCATTTGCTCTAAGCTTGTTTAAGTGTTCCGTCTGCACAACGAGAGGGCCTGCCGGTCGGTCGGAGTGAGCCTGAAAGCAGATGGCATGGTAAGTAAAAGCGACCAGAATAACCGGATGACCTCTTCTAAGTTAGCTACGCACGTGACCCATTGGTGTCAGCGGGTAGCCCCACCACCCGAGAGCTCCTCCCATCGGAGTATAACATAGCTGCTGATTGGTTCGCCATTAGACCACTAGTTCTAGCCGATCTTGCCAGCTCGTTCCCGGGTGACTGACTTATGTCTATGGAGCGGATCGAGCGCAGTGCACCATCGTATTCGATCTACAAGTACAAACATGCATCTTGGGTCATTAGTAGCAAATGGCCTTCCTACTACCTGTCTCCCCTTCCAGCCACGCTTATGAAGCGAACACAGTCACGGCCCGTGCTCTCTAGCTGAGCGATTTGTCTCGACTTCAGTAGGGTTGCACAGCTGTGGACTAACTTCGCATTAGCAACATTCCGGGAGCAGTTCACACGCAAAGATGAGTCACCCAACCGCAAATGTTCTGATCACTTCATATCAGGTACCAGGTGTTCACTGACGTCGGCGTTGTAAGTTCTGGTGTATTGGATGCACTTGGGACTGAATGGGCCCCAGATACCTCGGGGATAGCAAACTGGACCTGCTAAAATTTAACGGCTGGGTGTCAAATCTGTTTAGCTGAGGCATTAACTCTCTGAAGAAACCTACAAACTTTTCCTGTGGAGCATGTGCCGTGTCCTAGATTAGCTTAAATAAGTACAGTACGCCTCTACGTCCCAAGCACTAGGACCGCTTGGCCGGCCCCTCTAACAAAGCCAAGAATAAGTTTATGAAAAACGACCACCGGGCAGTAGTTGAATTAGGCTATGGGTATAAACGTGAAAAAGTAGCAGAAATCAAGCTATAATGCTCTGGCGGATGAGACCGATTAGTGCGTTTCTTACCCGCATAATACCACCCCGGTCCCGGAAAGCCAGTCCGATCAATGTGGGCACCAACGTGCTGATTAATAAACTTACAAGACATAGGCGTGGGCACCGTCCGCCAACTTTCGTGGTGTATCTACGTCCTATATGAAGGCATGGGCTCGGACTTGTGACAACCTAAAGCTTGTTGGAACTTGGAGGAGAGTGTCGTGAATAGTCCTGAGTACTTCAGAACTTATCCCGACATCGCTTCTGCTGAGGGAGTACCTCCCGTATCCGGCACTCATCTCTTCCCCGCCTGGACCCGAACGTAGCCTGTCCACCGCCAGACGCTAGCAGACCTAGCGCAGTGGTGGCCTCATAGGGGCTACTAGCTTACGTGAGAACTGGCGGTCAAACAGCCACGCTCACGCTTGACCTATCCGCCCAGGATTAGGCACTGAGGATATCACTGCACAACGTCGGATAATAGGTCACGGGTACGCGACGTTTCAGATGAACGAGTAGGTCAACTCTAAATACGTCAGCGGCGAGACAACCCGCGTCACGGCTCAACGCCTACCAAGATTAGTAGCGTTCAAACCGCGCAGCTTCTTTAAGGTGAGGATATGGTTCAGAGTAACACGCCTTACCGCGTCGGCCTGCAGCGGACCGCGAATTGTTACAACAGTTTTTATGTGCCAGCGAACCAGTGTAGCGGATTGGTGGTGACTCTCGGAGGTCACATTGCGGCCCTCCGTCGGGGCATCTGTTGGGGTTTTTTTGTCCAAAGTGTTTGGTCGTCTGCATTAGAAACCGTCAGGACTACAGGCAAGTCTCTGCAGAAGCCATAACCGTGATCTAAGAATCGTCTCAACCTAAAGCCCACACCGATACAGACCGTCTCTTATCACTTCTCCTGATGTTCTCGCGGGGCTAG,1936,51.5,Arabidopsis thaliana
SEQ_236033,TCAAAAGCTCAATCACACGGTTCTGCGAGCACAGTTTGTGAGACAGGGAGAACCTGGGAGACAGTGAGATGTGAACATAGCGGGTTTACTCTTTACATGTATCGGTAACTTTTATGGCGACTAGGACTGCGGCTGGCATAACAACGCACACTTCAGCAACAGCCGTTCGTAGACAGAAGAAGTTAGCAAAATGTCGGAGCACGGATCGAGTCCATGGCGATGCATCCTCAGGATTGCAACATAGCGTCCAGTGCCCTTTTGTCATATAGGCATTGGGTGAAACACGGACCAGGGGTAAACGGTTCGAGTGTTACGTCATCTCGAATGCCCTTTCAATGTTACTGACAGGGTGATGTGGAAGACCCCGCTTTCGACGGGCACATATGGAAGCAAGCGATGTAAGCCCCGTAGGGGAACAGTACGGACTCAAGCGGAGGGCCCACCGCCAGCCACCGTAAAGACTGAATTGCGGTTAAGCCCGCAACCAAAAGATCACCCGCGGGAGAGTCACCCGGGCTAACAGTCGGTAAAGCCCCAGGCAGAGCACGTACCCTGAAAAAGTTCAGGGTCAGTCCGAGTAGGCCTATTGCCCAAAGAAAACCACAAATGTGCTACGTTCCTTTACATCCCTCACGACAGCTGTGTCGATCGAATCGGAGCACTCCTGGCGACGGGTGTGAGCCGTGATATAACGTTATTGGCCGTTTAACCAGAGATTATTGCTGGCGCTGCTCGTTCTATCAAGTTCATCTTACTCTGCTCGATGAAGGCCATAATCAAAAGGTAGCGGTAGACTCAGCTAATATATAAAGCATGCCCCGGATTAACGACGAGGACACCAAAGGCCTCCGCGGCAATTATGTACGGACTATGTCTTCCATTTGCGGTCGTGCACTAATCGATCGCTATCGCACTTTGACCTTGAACTCTTGAATCTCGACACTGTGGTTAGATCGGTTGGACCTTGGACTACTCTTTAGGCCTTTGGGAAATCATTGTAATAGGAAGGCAACGTGCATAGGAACAGAGCTTGAACATGAGGTGAGAGGCAAGTCTAGGCCGCATTTGTCGCCCCTAGGCCAAGTGGTGTAGGTCCGTTATACATTTCGAAACCAGACCAATGAAAGTAGGTCCAATGGTTAGGCCGCTCGCGGGGTCAGTGGAAAGAGCATTTACACGCCGCCGACGACGGAATCCATCGGGGAGATCGATCGAATTACCATTGCTTGGCTCCGCGGGCCACGGC,1246,51.44,Saccharomyces cerevisiae
SEQ_559610,TGTCGTTCAATCTTACCTTCATTAACCGATGGTAACAGGTGTCTCGAACCTGTAATCGAAGACGGTTGAGCAGTATCTTCGCCAACGGAACAGACACTAATTTGACGTTCGTTGGACTGGATGCACGTCACTTACGTCGTCGTCGCCATAGAATCTCGTACCCACGGGCGTCGCCGTTAAGATTCCCACGGACAACGAGTGCAGCATCGCTGGGGGCCACCGATCGCCCCAAAGCGGGGCCCTATTGCGTAGGGTATTTGCATTCACATCGGTGATTGAGGACCCATGGCCAGCGAGCTGGTGTCAACGGTATTTCTAACGGGGTCTAGTAGGTAGACGTGGCAGGGACGCCGAGACGACGATACGGATTTTCAAAGAGTACTTTTGAGTGGCATTCGTGCTGTTAACTCGCTGCCGTACAGGAAATGATGAATACCTTGATGAGTTGCTGGGCCCCATGTTGGTCTTACTTAGCGACTGATTGGGGACGGGCCGCACGCAAAGCTATCTTAGATAGGAACTCGTTGTTCCCTAAGATCCGAGCACCTGCAGTCTAGTTCACGGTCACCGTTGTGACCGATGAACGTAACTAGGAATTTGGGGTTACCTCTGGTTGACTCCCAGTGTAGACAAATTGCAGCACGTTCAGGATGTTCATGGGTCGTGGATTCTACGCGTTGTATCATATGCGACACTCCGGACGGGTTTACTCTCTGGCTTCAATTCTTATCTGGTAAAATTTCAAATGTCTACGGTCAGTAGGCTGCCAAGGCTAAATCCCAGTCCCCCGTTGCGAAAGACGATCTCGATAAAAATTTGAACTTTTGAGACATATATAGGCCTGGTCAATTTTAACCATAGGTAATGGTTACAGTGAATACTACCCCACAAAAGAGGCGTTGTCTGTCGTGATTGGGATCAATCCACCGAGTCGGAACGCGGGCATCGCAGCGTTACTTAGACCGTAGGTATGTGGCTCCAGATCAGAGGTCAATCGGGGGTTACGACAGCTACTAGTGTACACCATGCGTAATGTACATATGTGGTCTAGGCGAGTTTTCAAGGCTCACGTTGTCTGGGTATCTAACCATATGGTTCTCGGAACACCATGCACGCATCCTGACTGGTGTTATACAGCCTTGACTAGCCTTGCAGGTACTTCATAAACCGCGCCTTCACCGGTTCGGGGATATGCAGTGAAGTGCGAAGAACTGTATGCGAGAAACATCCATAAAACCCAGCGTCTTGGTAATCGACTGAAGTAACCCGCCCAGACTTGAGCAGCACCGACCACATTTGAGCCGTCCGAGTCTCCCAAGCGCGACCAATTAACACAGCGCACCAACGAATATCGAACCGAAGTCCTTGAATGACGTCTAACCGGCAGCAGGTTCGGTACGGCATAATCTAATGGTTCGTAAGAACGAGAATATCTCCTGGTCCCCTGGGTGAAGTTAAACCGGCTCCCTTTATGCGAGGCCGAATTCGCCTACAGCCTCATGGACTTCGGGAGATAGCATGAGACAAATGGGTATAAGAGCATATCCCAGCTAGCCGAAAATAATTTGGTACGCTACCACCACAAACCGTTACCAGGCTGTGTATACGCATTTAAGGATCGACCGAGGGGTGAGGGCTTTTGAGGTGTCTACAATTTACGTAAGTACATCCTGTTCAGGGTAT,1683,49.85,Saccharomyces cerevisiae
SEQ_344853,CATTAAACCCAAGTTAATGTTGATCCTGTGATACGATAATCGTTATGCCGTGGTCTGTGTACCATCGATTGGAGAACGATGTGCCCGTTTGGGTAGGATGAGGTTGTCATGATTTTCATGTGGTTTTCAGGAGTTGCCTTGCTGACCATAACGGCACACAGGGTTTCGGTTCCAGCTTAAATCGATAACCGAGCTGGAATTAGGATATACGGCCTGCGCCCCAAGCAACTGTGTTGCGATTCCGACCGAGTACACTATGGACCCCGAAGTATTTAGGGTTTGGAAACAGCCCGTTTTGTATTCGTGCGCTCAGCGCTGGTGATTAAGTTTGGCAGGGTTTTCATGTGATTGAGCAAATATACTCGCTAACATAGAAAACCTTTGCACGCCCGCTGCGGTTTCCGTTAAAGCTTGGTCCAGTCACAGACCTTGTGTTCGTAGGTTATAAAGAAAACCATCGTCTCACGCGTGGCTCGAACGCATTTAATGCGTAAAAAAGCTAGATATGACGTTTAGAAACCCTAAAATCGTTAACCGATTCAGCAAATAAGGGAAGAGGCGGGTGGCCGAACTTTGAGCATGCTCCTGCATTCTTCTATGAACACGTCCTAGAGGAAAGGCATTTGAATGCCCAATTTGTTAGGTGAGATACACGGATCGAGGCTGTAAGGGCACGGGACTCCGTGTTGACGCAGTATTGCGCAAGGACAAACGGTTTAGATTATCATGACACCGAAAGGGCGATGACCCGTACCTACTATAGTTATATAAAAGAAAGTATTCACCCAAGGTATTCTTCCAGGAGGAAACAACTTATTGAGCCTTGAAGCAGCAAACCCCACAGCAGACGAGATACCTATAATACTTAGGACGAGCTGCCAAAGCCGCTTCATGTGACCGCTGGATCGTCAGCACACTGTGCGTTGCTCGTATTTTTGCACCCATACCCCCGGCATCCCTTCTGAATCCCCTGCCAGTCAGGTTTAGGAACCTGTTCATTACCTATATAGCCCGCCCGTTGGGCAGTAGCTAACCTTAGAGCAGCCCTACGGGCAAATCGCTGCATCCGGGTCACACCCGCTGCCTGCCCCTGACGACCAGCAGTCTGACACCTTTGCAATGTACGCGTGCATATGATTCTGATCAATTTCTGTACGCGCACGCGATAGGTCCGCCCAGTAGCGCTAGTCGTTAACCCCCCCTGCCTAATCTGGCGGCACGCACTATCTACAGTTAGTCAGCATCCACGTTGATACACCTGCGTTTGCATTGTAGATTTGTGAGCTGCATAGAGAACAGATTAAGTGGCTCCAGGTTGTTTAGACCTTCTCGAGCCGCCCATTGAACATACGCAGAATAGGACTGTGTCATATCGATATTGAAGTTACGCCGTTCGTGGAGGCAGCATGCATCTCACTTCGCTAGGAACCCATCTGACGAACGCGGTTGGAATTCGCATGAAGGTCACGAAGACTGGCTGGGCCGTTCTAGTCCGACTCTAGTTCGTCTATGCTGAAAGTCTATGGGAGAGGACTGG,1537,49.19,Mus musculus
SEQ_718650,CAATTAAGTGTTGCCATGGCAAACGACTAGAATCAGATAGCGGAAAATCGAAGTTCTGTTTCGACGGTGCATCGCAACACCAATACTAGTACCCATACGCTACACGGAGCAAAATTTTCCCAGACTATTTTGGCTGTACACTCGCGTTATGCCCTTGGCTGAATCCGCGAGCTCGGAATTGTGTTCTATCGGGGAGAGGTCCTAGGGCGTCGCAGGGTCCACGAAAATGCCTTATTAATGTCGACGTTTCAGAAATTCTGCAGATTGTAGAGCCCATGAAAATCGTTTAGGGAGGGTGTAGCGCTGATGGAAGCAAGTGGCCCCCTATGACGGGTGCACCATCCACCCCTCGGCAATCAATACATTAAGCCGCCTCTGTTGTCGTCATGCTGTTTGGGAAAGTTCTATATTGCCTCAACTCTTAGCTGGCCCGTGACAGCAGGACAGGTTCTGTGCGCCCGTAATATCCTAAACTCCAGCATGTCCGGGGAGTGCTACGTGATAACTTGGTGACCAACTCACAGCATGATAGTTGCTCGCAGAGTAAGCTACAGTCATTTGTCGCTGGTAAATGTTCGGGGTGTCACCAATAACGGCCCCGACCTTGGAAGCACGCATCTGAGCGCTACCGTACTTCTGCTCACTCACCTTTCCATGTCCTGAGGCGGGTAGTCGGTGATGGCTTATGTTATCGCTCGGAAGCTCATCCAGGATCAGGGTAGGCGTCCGCTGATTAAGAACCCTCTGTAGATAAACCACAATAAATCTGAGTGACATCCGCTCCGTACATAATTGCCCACGATTTTGAGTCATCGAAAGACATGGAAGTTCTATCTAACGGTTAATCCAACAGTGTATACCTAAATAGGGCAGCGATGAATATTGCCAGGAAGTTCTACTCACCTCCACGCGAGTAGGTAAAGGCGCGACTTACTTATGTAGGCTTAGTCTCCCTGTTAAGGAATTTCCCCGGTACCATAACGTACAACCCCGTGCTGCCCCCCGCTTTAATTTTCTAGTAGGTCAACTCATTACCATGCTGGGCAAGCGAACGCAGTATGCGTACCCGGGTTGTTGGTTCTTGATGCGCCTAACCCTAGGAACTCACTAGGTATCTGGCTTCTATTACCTAGAGGGCTACACCACCTTATGTCTGAGAGTACTACGACTGTAGGCGCCGAGCTGAAGAGGTCGACATACATAGAACCGACGGGTACCGACGCATGCTTCCAACATGGTATTTAAGGACAGTTTTGAGTTCATGTATATACGATTCGCCGTGTTACAGGACTGTCGTCCAAC,1302,49.39,Escherichia coli
SEQ_596786,GATCGCAGGACTTGCGCTTCTTATCGTTAGCTTGTTCCCTCTACATGGTGCCTTTCATGCTCCCCTCCCTACACGTAGTCGTATCCTCACCCTGCCAGAGGCGAGGATGCTTGCCAAACGGGAGTCCCCCCCCGGGTGCCGGTTGATTAGCACAAAACCGAGCTGCCGGAAGGACCTAACACTCCTTCTTTATCTAGGAGGAACATTACAGGATATCACAACAGCTACACTCTATGGGTGATATGCAGCTCTAGGCGGCCGGACCTGAACATCAGCCAGTACTACTGTAAAGTGCCTCCCAGAAGATGTCCGCAACTTCCAGCTCCGCTCACAGACCGGATGCATTAGCCTACGGCCTCGTGATTGCGGTATTGCACAGACCCACGCGATCCAGATCGGAATACCTACGAGTCGTGTTAGTCCACGTTTCTCATTATGTTTGCATTGGATAGTCTTCCTTTCTGAGGTGGTACTCTCAATCTTTAGTCCCGGCCTATCTGACCGTTGTAGTACATTACTCCAATGGCTCCTGGAGCGATAAACGATTACCCAGCCGGTCGTCCTGCACGACCGGCTGGCGCGCTGAACCGCAGCAGATGGGCCTGTTCCCGTTAGCAATCGGTCGGGCGTCGAACATCCCCAGGGTCACGGCAACGCCAGCAGAGCGGGATGGCTCCACATTCGCTAAGATCACTGCACGCAGTAGCCCGCGTTTACTCTCCATGCCGTCTATCGAGAGTGTAACCTAGCATAGCGACCTCATATCCCTTTCTGCTACCATTTTCGGACAACTAGGTTGGGACAACAGTTGAAGTCTAACAGCGGATATATTACGGCCCAATATGGTATTATTGATATTCAGGCCGTTATACAGTTACTCTGGCTGTCATTATCCACTTCCTTCGCGGTATAGCTCCCAGGCGGACGA,928,53.02,Caenorhabditis elegans
SEQ_420335,CGGGCCTCTGTACCCCTATACCTTGGGCCTCGTCGACCTAATTGCTCAGCCGCCACAATATTATTTTCCAGCTGTTGATAGTATGCTCTTATAGACAAAAATGCGGCGTCGCCCCAGTAGATTGGCACGACAAGATAACAAGCGTTGGTAAACACCTGTTTCCAGAGTGTATTCTAGCCCGGGACTCCCGAGCCAAGGCTTGTTCACGATGGTGTTCTACTTTTATCTAGTCGCGAGTCCTCTATGGTCCTCACCTGTTTATACGTGTTCAAACAGCCAAGCATCTTATCCATCATATTAGACGATGGGCTTTGTCTAGCCCTCCCAACCAACAAGACCAGTTAACACAACGGATTTCTGGCGATGACACGTCCGCCCGGATCTGCCCATGCCGGGGGACCTCTACAACCGCAGGTTCCACTAATATAGAGTCGCGGGGGGTGACGAAGTAGCGAATTTGGCGGCGTAGGGGGCCGTCGCTCTGCACTCTATCAGGTTCGTCACTATATTCGATCAGGTGGGTGGTACGCACTGGGCATGGCGTCCCTCTGTCCGGCAGCACGGTCGTTTGTGATGTGTAGATGCACGCCAGCTGCGGGCATTCGCCAGGCCAATCAGGGCACAAGGTTACTAGCCGCCGAACGACCCCGGTATTCGTCTAGTTGTGTGGACTACGTGCAAGTTATTGTAAA,692,53.03,Escherichia coli
SEQ_869578,CTTGAAGTCGAATCCCACGACTCGCATGGTACGCTAGCTTCTCTTTCCTGATACGTTTTTCCCCACTTTGTTACTAAGAAGGCATCTTTGGGGATGATCATACTTCCTTTGCAGGAACGATCTGCGTATTCCTCATTCCGATGGGTTCTGTCGGCCACACCATAGTTAGCCTACGGAGTTTGATATCTCTGGCCTCCTGCACGGACTGGAACAGGAGACCTCTTCCGTTTACGGCACATCGAATACCGGTTATTCTACCTTCGTATCGTATCTGGGGTTAAAAAGTGACGGATGGAGGTGAAGCCAGTCCGTCTCGCCTTCAAAATCTTGAATAAAACAAAAAACGAGACGGTGACAGACGCAGCACGCTGATCTGCACTTATCGTACCAACACCGACCACTAACCACACGACTACCGGCGGTGCGTATCCTAATCTTACTCACCCGGACCACGAGCATGTGGTCCGACGAGGTGTACTAAGTTGCTCGACCATTTGAAAACTCAGAAGGTTTGTTCGTTCCGCGCGGAGACTGTTATCCTCGAAAGTAGTCAGGTGTCACTTACCATTAGAAACTCAGAATTGGGCCGATTTGACCTCCCATCCACCGCGTGGGCGAGCAGTGAATTACAGTGTATTAGTAGCGCAAGCATGTATGAGTGTTGACGTACTAGGGTTGC,679,49.34,Caenorhabditis elegans
SEQ_368743,TTACATGTGTAACCAGGATAACAAATATTCTTAATTGATACATACAAAAGGTGATAGGTTAAAATAGTGTCTCTCGGAACCTACTCTGTACTTAGAAGCAAGGGCCCGATCGGAGTGTTGACCGCTAGGATCCCGAACCTTCCGGGCAGCTGGAATCCTACCAGGTCGTTTGCTGCCCACTCGTATGTTGGATGACCTGCATCCAACCTACGAGGGGGCCAATATTAATCCGAACCAGTTAGAAGGTTGACGGGCCCATGCAAACGGGAGAACCTCATGCACTGCGATGATAAGTCTGCACGACTGTTCTGCGGCATAAGCGGTCACTCTCCCATAAAAGGAAAACCGTTGCAAGACATCATTGCCGATTTCACATCCTAAAACGGCGGTGGAACCCTGCGCTTCGAATCGGTAGGTTAATTCAGTACAAGGTGTTCCACCGAATGGCTTTCCACGATACCGGCACGGCGCATATGGGGGATCATAGCGGGCTTTTAAGAGGCCGGCTCGATAACAGCGTTCACCCAGGACCAGCAGGATAATAACTATTAGAAACGGCAGTCGAGACCAATAGCGTGAGCGCAGTGGGAAAACTTGTCATAGTTGTATCCATTTGCCCCGGACGTTGAAGCACTCATTGCTACCAACTCGCATTAATCGCTAGTCGAACCTATTGCCTCTGTTCTGGATGTTTTCGTATAATGAAGCACAGCAACGTCACGGGTAAGATTCTCACGACGCCTCGTGACATAACGTATCTTCCGTAGTACCTATTCGCACAATAAACCTCCGAGACTGGACACGTAGGTGGCTCCCTTCTCGTTTTAGGATATTGTGAGGCTTCAGCCCATTCAAATGAGTTCAACTTTATCGTTGTGAACTACTTCACTGCGGGAGTCTCGACAATACTCCTCTTTAAGGTCTCGCTAAGCCGTGTTATGATCATCGCAACACGTTCCGCATCAAACAAGTGTTGTGTCGTCTGGTGTCACCATCTCGTCATGCGAACGAATCCGCGATACTACCAGAATGGAGCACTCGGACCACCGCTAGAGCCTAGCAGTTAAAATACTATTTTGGTAAACTTAAAACACGGACCTACCGTCAAGAGTTTTGAGTAGGGA,1124,48.22,Saccharomyces cerevisiae
SEQ_718717,TAGCACTCTGAAGCATAGTCCCTTATCTTTACCTTAATATAACAGAGTCGCAGAATCCGGAGTGAACTCAGTAGGCTAAACAGGCGGAGGAACGTCGTCAGTCGGATTATCTACGCGGTCGAACCACACCGAATAATATGCGCGGCGCCCTTCTATACGTAGGCGTGCATGACTCAATCGCATATACAGTCCTGTGCGACGAACTTCAATATCATAAGAGATAGCTCTACAGGCTAAAGAAGACTTATTGCGGTCTGGGCGCTTGAGGAGTCATCTACCTGGGACGGCGAGGATGCACACGTTGGGGCGAT,311,49.84,Homo sapiens
SEQ_222303,GTTTGAACCCGGATGCAATCACCAATCCGTTGTTGAGCTACTATCCGCTAGGACTGCCAAGGAAGTTAGCCATCGATTACCTCTAAGCCTACTACTGCACAGTATCGGCGATAAGGTGGGTCGGGAAATTAATCCACACTAAATGTTAGCGTTTCACTGGATGCGTGTAGCGTTACGATGGGCATGTAGTGCTAAGGGATGAGTGTGACGCCAAGCTTGGACGGGTTCCCAGCCGAGGGCAAGTGGTCATACTAGCTGCCTTTCCTATAGAGCATCGCATGTGCTACTAGCTTCTCGTGACATACGGCTCCTTCTGTGGGATATCGACAAAGAAGGTGACGTACTATTTCAGAGGAGGTCGTGGATTAATAAGAGAGGATCCGCGGTGCAATTTACAGCGGACCATTACCCGTCAATGCACGTGATCCTCTCATCGTGGGCTTTTTTCCAGAGACGAGCTGTGAATAGTCCTGCATTGCGGCATTCTGTGGAAAAGGTCCCAATGTCAGGTAATGATGAAACATTGGGGGTGAAGACGCCCCCTTTCT,548,49.82,Homo sapiens
SEQ_180677,AAAGTTGATTAGAAGGCTCGTTCAGGCCGCCGTTTCAAACCACGACACAGGTGTTTGTGTCCGTTACAGGCCGTGGAACCCTGCTTGTACTTGCATAAACATCGCTACATGGGCAGATTAGGCCCAGCATGCCGAGCAACCCACTGGTAGAGATGAAGATCGAAGAGGGTCATACATTATGCCTCTCAACCCCATAGATCACCGTTTATGGGGCGTTCCAATGTCAGGGCTTAGAATTTTCAAAAAGTACTGGCTGTGGTCACTGCCAGCGTTAATGCGAGCCTCCGTAATAAGGCATGCTTAAGTTTTTGTCTCGTTGCAGTGCCACATAAGAAATCTGGCTGCTAGACGGGGTTAACTCGAAGTCTCGGGGAAACGTGCTCACGTTTAGTCAAGCGTTGTTGTAGACTGTATTTGCGTCCTTGGGCGGTTGCACCATGCAGGCGATGTTTGGAGTCTGAGTTGCGTCTGCGCGTGACAAGACTGTACGCCGATGTCAAATCTACCAACGGCGCTTCGTCCGGGACACTGGATAAACACAAGGCCTCTACGCATGTAGATTCCTAGGAAACAGGCTGGATTGTGCCACGGATCGTACTCCGTAGCGGCGGTGTGGGATTCCGTTTTTATCTGGTACCTCTACCAGTAATACACAGGTCACCGAGGCTCCCGGCCTGTCAAATCAAGCACTAATGCACGAGATTCCCGGGAAGTTGACTCGAAATTAAGTCACTTAGCTAGGAGTCCGATAAGGGCTTATCAGACCGGATTCTTACCTTCCTACGACCTCCTTCGTATACAAAAGACAATATTAACGAGTTTACATTCTGGTGCGTACTAAGTATGACTGGGTCAGAGCGGCTGTTTCTAAGCTTGTCCTGCGGTTTCTAACTGCCATACAG,902,49.67,Mus musculus
SEQ_893474,TGTTTTCTTGTTGGCGCACATACTGCCTCCCTACTCGCTAACCCCAAGGTCTTAGCACTCAGGATTATATACACTTTCTACCAACCTCCCTGGACGATTCGATACATGAGGTTGCTGGACTGGTGCTCAGTTCCGTTGGTCAATAGGCTGAACTCCTCGGGTCCCTGTTGAATCTTTGACGGCCCGAGGTCCATTGTAAATACTGGCTTTACCGCAGATATCGGCCTGAGCTTACGGTAACCACTGAAGGTGGTTTTCTACCCTCTTCAGATACTAGACCTTGTGCTTGCGGGACAGTGCTGACGCGAGACTGTTCAGAGTGCTAGATATTATCGTAATCGACCCGGAGTTTGGTCAATACTCCCCCATTGCCTTCGCTGCTCAAATTGACCTGAGCGCTGGCCGTTACGTCGAAAGCAGTGTATGTACACCGAGACTCAAGTCTCAAATGTAAGCCACGTCGCGAAATCTCGCCATAGGCCATCTCCGGTGCCCAATATGGAGAAACATTCCAACTCTTTGGCCCATTATGAGATGGACCTGTATACTTGCAGCGCGGCACACTTTGCCGGATTATTTGCGATGAAAACCATGAGACTTTACCTACCCTGCCCCAAATTGTTTGGTTTTTTAGCAAACTTTTCGGTTTTTGTTTGTCATGTCGTGTCGTGCCACCTTTGTCGTGGGACAAACCCCCACAATAGAAGATAAAGACAAGTTGTCTCTGCGTTATTCAAATATGGCGTTGGCTCGCACCG,758,48.81,Escherichia coli
SEQ_125619,TACGTGCCTTCCTTGCTTTTCAATACCGGGCAGGCGTTACAGCTCGCCGTAGAGTCAGCAACCCCCTTCTCTTCTGGCTCAGTATACACTGTTGTGCGTCCTCCCAAGGTACGAGATCTAGCACCGCGACGTCTAAGTGATGGATACTTGACCAAACATCTAGCTTCTCCCGCTGACGAGGAAGGATCAGGGGCATATTATAAGAGCGGACTGCAAGACCCTTACATCGAATGCACTAGTGTCAAAAGCAAAAAAGGGCATCCCATGCCTTTTTGAGAACCTGGGGCGCGCTTCCTGAACTATGGCCCAGCTCTGCCTAGATTGTATTGTGAATGACCGTCAACTGGGCTCGTATCCGCTCGCATAAGTAAATGAAGGACCGTATCGAAAATGGTTGGAGACAAAGAGAAACTGCTACCCTGAACTGGGTTCGTTTATCAACGTCTTATCGCACAGTAAAGCAAAAATTACGGGTTCCAACATGCCTATGACGGACCGTCCAGCGCTGTCTCTTGTGTTGCGAGGTACGATTGCATTTACCCGCGACCTTACGCGGGGGCGAGTCATCTGCACTATTAGTCGCAAGGGCATCGTGTGGATGCCGATAAGAAGCACTTGGTTTTATCATCCAGTGGGTACCAGGTGATGATGGATACTGCCGTACAATCGTCTTCTCATAATACTCGTAATCATAACAACTTTCTCGCTATGTCGCACTCGCGGCCTTCTGGTACAGGGCGTATCCATAGTTCAACGTTGATATCTGTGCCAAAGGTGTCAGGATTTTTGCAGGGATTGCCGCTATTAAATGGTGGTATTCAATTACACAATATGCAATTACGTGACATGGTGATAAGGCGATCGTGCACCTAGTCACAGGCATACCAGTCGCCTCACTGAGCTAGAGTGCTCTGGGGCTGCGTGTCCGGTGCCTGCGGAAGAAGAGTCCCTTGGGCAAATGAAGTTTAGCATGCGGCTAAACCGGTGGTTTATGTTAGGGTTATTCATTACCAAGGTATGCAGTTAGGCAGCGTAAGGCCTGCCAACATGTCAGGTGTCCACCCAGGATAATCAAATTGCATAGAGGGAGAACAGACTTGTCGATATAAGCTAGGGCTGCTGGCACCCGGCAGTCCTCCTGAAGGACAGCCATCTAATGGAATTCCGGGAGCCAACTTAGGTTTACTAGTTGCGATGTTGTATTCCAAAATCGAAGATTAGTTTCGGCAACCCGAAAATGCCTGGACGCCGTACAACGAGAAATACACTCCCAGGCAACTATTAAGCTGCAAACACTCCTCCATCAGCGAAACACAAGGGCTGACAAGACCCCACACATGCTGTTCCCACCAATCGCGACATGTCGGGCGGGAGCAGAGCTCTCCTACTTTGTCGCGAAGTCCGCTGTAGGAATAAGCTAGTGGTCTCCGGTTAGGTACCGTACACATCGATCCTCGGAAAAAATCGGCGTCTCCACCATCATGCCGATACATATGACCAGTACTCTCTGTCCAGTCCTTAACACGTTGTAGTTTCCGGGTCCCGAGGTGTCTTTCACCTAAAGATGCTCCGCCACATGTCATTCTAGTCTAACTAATTAACTAGCCGTGGGAGCAATTGAAAAAAAGGTTATGTTAGTGTACCTTGACCAGTGGGAACACCCCGAGACCTGGGTTTGCATAGCGGAACACGCCAGGGCCACAGTCTGGG,1710,49.88,Drosophila melanogaster
SEQ_246417,GAGCTAAGTCCATATTAGGTAGCGCTGAAGAGGGTGTACAGTACTGCCTACCGCAAGTCTCCGAGGAGATCGCTAGAAATCTGGAAATAGCAAAAACTACGCAGTCTGATCCAAGTGAAGCATTACGGATTAGTCACCGTTTGGTCGGTAGGTTGTTGCAGACGTCCCTTGACTCTAGAGAAAGATGAGTCAACGCTCTACAGCGTCAGGAACCACCCCCTTTGAGAATGGACGTAAATTGATAGAGCTTAGTAACGGCCGCGATAATTAAGAAAACTGCGAGTCCGTATTAGTGGGCGACTGCTACGAAGAAGTATTCTCGCCTAAGGGTTATCCTCATGGATTCCAAACGCATCTCGATACACCTGTATTTAGCTTCCCGAGTGATAGATTAATGGTCTAACAGAATAGAAATCAGCCGAGCACAATCGAAACTTAATTAAGCCCTTGGCCCAATTCCGCTGAAACTTGAAGGCATGCGATTAAAGTCTTGAGACTGATATAATGTCCGGAGTCTAGTACATGGCCCGAACCTAACATCTGTCCACAGTACTCCTGTTCACGAAGTCCCAAAAATGGACCAGCGCAAAATTCTTTTTCTCTCGGGACCAGAGGAAGCTTTTGCATAGTTCAAACCGCGCTGAGTTGTCGGGAAGACTCACTGTTGCGGTTACACGAAGAAATATCTGCACCATTCGCCACTAGAGTATTCGTATCAGTTGCATACTATCGGCAGAGGTAACTGCCGAGCTACTGGTAGATACCATCAAGGTCCGTATAAAACAGATGCTCAGCTGCGAGGCTTTTTCACCGCACGAAGCGGTGCAGCAACTTCTGGGCAGCATCCGAATAATTCCTAATTTTCTCTTTAACAAGAAGAAGGGTTGGTCGCATTGACGTGGAGGATTCATGCTATACTTTGCGTTAACGATTCTCTATAGTGTCCCCACCCAGATCCCTGTGGCCTACCTACATAAGGCTGGAAGCTGATAGTGATTGTGATCACCATAGAAGCAACACCCCGGGTGTCCGAAGACCACAGTATACTGGTCTGTGCAAGTTGGCAACTGTTAGAGCATCTACGATGCCT,1090,46.88,Arabidopsis thaliana
SEQ_961249,GACGAGTTAATTCCCCAGGTAATGCTCTGCATACTAACTACGTAACTTCACTACCGGAGCCAGCACAACCGGTCACTTAAATGTTCAAAACAGAGACGAGAAACTCCCTTCTCCGTGTTACCCCAGTGTGCCTAGACTCTTTTAGCGGACTTAAGTATGCGGCCTTGTTCGGATGAGCCCCTAAAACAAGAGAGGGACTCAACCTGTCCAACGACATTACAACCCCAGGTTACCACATGTGACCAGTAGCCGACGCGTATGTCATCAAGTTCCTGTTAGAGCCGCGGCGCAAGTGACTCCGAGTTCGCATTAATCGAATGATAAATTCTAGGCCCGAAAAAGTTTCCAGGCAAAGCTCTGCGCACCTATGTCAATCCATGTGTGCTTAATGTACTTTGATGACAATGTTGTAGGGATTCGCGACGCAGGGCTGGCAGGTCTCCCACGCCCATGCAGTTGATTTATGACATGGATACATACAGACTATCTGAAGGGCCTTCCCTGTTCTCGACGCGAGTTCTACGTGAGCTGGAGTATCGCTAATACTTGATACTCGATTTGTCCGAAACTTTACTCTGGACAAAACCCAACCTCGCTAGACGCCGCCTGCTCCTTTCGTACGGTTCGACCACCCGTTCTTGTTGGAACCAAAGGTGACATATAATCTGGATGCGGGTAGGTACTAATGCGCTGTGGTTCTCTTATCTATAGTATATCACGAGCGTATCTGGACAGCCGGGGAGAGTGAGTACTCTCGGGAAAACCACCAACGTCAAATGCTAGAGTGCGCTCGAGGACGGCCGAGCGTAGTCAGTGGCACTGACTTCCGGTCGCACATTCGATGTT,846,49.88,Saccharomyces cerevisiae
SEQ_163658,GGCCTGTATGCGAGCAATTTGGCTAAAGTAAAAGTTGACTGGCGGATCCCTCGCGGGAGCAGCATCTTGAATATTCATCCACACGCGGTAGGGACCCAGTTCCCCAGGAGTAGGTTTAAGGACTCGAGCCGCACGTTAGTCGCAGGATACAACTGCTCATGAATGAATAAACCACTTCTAACAACACCAGGTCGTGTATAGCTGCGGGCGGTTCCAAGATAATTGACGCATCGTGCCGAGCGCTATATTCCCAGCCAATGTGATAGAACTCCTTCTCCTCAGTAAGAAAGCTTATTATGAAACATAATAAAAACACAGTTTCTCTTGACGCAGGTTAGTTCTACGGCCTGACGCCGCGTCCCC,363,49.31,Arabidopsis thaliana
SEQ_947045,GGTCTCTGATCTTGATTCCCGCGAGATCCCATCAATGTGCCGTAGGAATAGACCCAAGACGGTGAAAGCGACTCCAGACAGTACGGGGCGCTTCAACGCTCATGTGCTGGGCGGAGGGGTCCTCGGTTCGTCAACACCTGAGCGCCGACTCGTGGTTTTCGCTGGGGTTAACGTGTATCCACAGAGGGATCTTGGTAATGTGTTTGACTGGGAATCACACGGCGGGACTTCTCTTGGATCTCCCAACCGGACCAACGATCTATTTGTTCTAACGTACAGCAGTGAAGACGATGGTGCAGTAGGCACTAAAATAGGGAGGCGATCATGTTCCGTACCTGATAGCTTAAATTGTCAGGCTTATGCCTTACGTTTACTGTGTCGTTTCAAAAAGCAAACTCAACCTGGACCCTACCTCTTGACAACTTCGACGCATCGGAATCCGTTTGCGTTGTTGTCGACCTGTCTGCTGCGATTCTGTTAATAAGTAGGAAGTCAAACAGGCAGCAGATTCTACGCAAGGATGGGGGTTGGTTGGTCGCCGAAGACCAAGATATGAGAAGAGTTAAGCAACGGCCATCTACCCCAAGGGTAGGCGGCCAATTGTCAACTGATAATTACAGACCGATCGCCGTATGAGCCTGATAGACGTTGGGTTACATATCTGTCCCCCAGATGAGTGATGTTCCGAAAATGAACCTTGCTTGCTGCTAGCGAGCTCTGGGTATCCTGTCGTACCATCACCTAAGCGTCCTGCCATCGAGGCTCTGACGGACTTTCTCCTCACGTGTGGCCAACGACGCCTTCTGTACGGGTTTGAGCTGATATAGCCGGCTTCCGCGCACTACCCTACTGATTGAGCCTTCTCTATCCAAAGACTTATTGGGCAATAGCCATATAGGGAACACGCCAGCCCCGATCTCAAATTTTGGGGGGCTTACGAATCCTGGTAGAGTAATAGGGAATGTCTACACCGGAGCTACAGCGTTGGGCGATTCTCGGACTCTGACGATAGCGTTGTTCCTGACATATATTGCGGGAGAAGAGCGCACATAGCAGGGCATAGGTCGCATCCCAGGGGATCCGCGTGTATCGCTCAGGCAGTGGAGTGGAAGTAATCCATGGCGGGGATTTGAGTCCGCTCATCCCGCTCCACCCGTGCTCGCTTCTAATCACATTTCCATGCGATGTAGCGTATATCTCGTGTGTGGGTCGACAGTACACAACAGTTCGGGAATCCTACAGGAACCCGTCCGAGGTTGCGTAAGCGGACTAACACCACCTGCCTCTCAGGTACTAATATTAGACAGACATCGATATGGGGGGCGACTATGAGCAATGACAACTATTTCGCTGCCTTAACGCGAGATCCAATATAACGGAAACTTCTGAATGCAGCGGGGCGTTACACGGTCCAAAGAGGGATAGATACTCCATACTGTATGGCCAGGGCTGACGTTACCCGGAATTAGATGAAACGACACGGTCTCGATTTCTAATACCTCAGTCAAAGAGAGATATATCCCAAAGTTTAATAACAGACTGACCATCTGGCTGGTCGTGTTTTTGTTCTTAATGACGGGATTAATTATCTCCTTCCGAGCCAGGACCCGATTTCTGGAAGTTTCGGCATGCCGGAACTCATTATTGTGTAAAATATTTGCTAATTAACCGGATGGCCGACGTACAAATTTATTAGCCCTAGCTGCCAGAGTTCAGTAGCACTTTCGAGTGACGGAGTAAACCCTAGCAAGTCGCAACGCCCTCTCCTGGCGGTTTTGCTGGTATCTGCCCCGAATTAAAA,1801,50.36,Saccharomyces cerevisiae
SEQ_428057,TTTATACGGTACAAGCCGCTAACGCCGCCATATTACGGCAGGGCAATCCGCGATTTATTCTCGATCGCGCGGTATCTGAGGGTAATTACAGGATTGTACGCTAGGTTCATTGTTCCACCGTGTTGGACTAAACGTCCCACAGGAACCAGGGATCGCCGCTTTGACAGCTGTAATTGTTCGACCCGGTCCAGTAAATCAGCCAAGCAGGACAATGCCAAGGAGTTGAAGCAGGCAATTCATTACACTACCATTCCCTCCGACATGTCTAGATTATAGTCAAATGGGGGATGACACAACTTGCCAATTAAATACGCCATTCTGGTCCACGGATCGGAATCAATGATATCTAGGCCTTCTCCCCGGGCCTATCTAGTAGTGATAGGTTACTCAATCGTACCTGCACCTCATTAATAGGCCAACTCGCGCATGGGGGACGTGCCAGTACCTTGACTGTCCCGATCTCGGAGTCACAAGCACGGACCAATGGCTCCTTCAAAGCCGCGTTCGCATAGTGTTTATTGTGGGAACGCAGACACAAACAGCATCGACGAGGTAAATTTTCAAGAAAAACCCATTCAGCCGAGGACTTATGAGAGCTTGAATGCCAACCAACATAGTCGAATAGCGAAAACTGCCCTCATACCGGACCGTAACTCCAGGCATAGGGTCGCCCGGTTTACTTAACATAGTCAAGTTTGCGATCGGACCCTAACACTGAAAGTGTCGGTAAATTGATACACCCAGGGTCGACTGTCATTGCGATATTACGCTCACATGGGACCCACTGGAGCTGATTGAGGCGGCACGTTAGTACACCTGACTAAGCTGTAGGATCCCCAATAGTTACGTGTTAATTTCGCATTGATCAGCGTATGATGTACCCCGGCTCAAACCGCTTCTCGATGAAGAAGCCTGAACGTCAACAAAGCAGGACGTATAGTATGAGTCCTGCGTGGTTTCATCTACTGGTCTGTCATCGTAACACTTTTTTGCCCCACCGCCACCGTCTTCCGTATTCATGGTCGCATTCGGATACTCATAAGAGTGGTATACACCATATGGGGTCAAGGTTCACTTTTGCGGGAGAGTAACGTCGGACGGGTTTGCTGTTCTACTACCGCCGACCGGATGAATCTCGGAATCAACTATCCCAGCTACTGTGCTACCCATTCATACTGACTCCGCCCTCGGTTCCCATCGGGTGAACGTGGAACACTCGCCAAGGGAAACTTTTCTCTGGAGGGAGAAGCCCTTTCTGAAGTCTGCGCGCGAAGAAGACTAGGTATGGCATAATTTCATCGACTGCGCTACGTACAGTGATCCTTTAATGCACAAATCCCTATCTATGAAGCTTCTGTTATTCACCGTGCAGAACAGAACCGCCCGTGCGTTATACACAAGATACTTAGGACCGCTGCCTAGCATTTAGCTGCAGCTATAGCTTACTGTTTGACGTGTACCTGACCGTTCACGACTAACCAAGAGCATCTCCATGCTGTAATAAAACCAGCCCCACTAGAACAGCGCGGGATACCCCATAGGAGCAACATACTACAACTGGATAGAATACCGCACATCGGCGGGTGCGTAACAGCCAAGTTATGTATAGAGAAATGTTGGACTTGGCTGTGGGGTAGTCGATCAACCTCGCCAACTAAATACCCGTTAGTGATGAATGTTCGGTAGTCGTTGTTAAAGTATGCTTGACAGATCGATGCGGCTCAAGAGGGACTCATATGAGGATACTCGATCTTTATCAATTTGCATCCTCTATTCGGTAATAGCTGCAACTAGTTGGTGAGACACACCTTACAGCTATTACCCCCCCGCGGTTCGGGTGGCGACTATTACATCATTTGGGAAGGCAGAAGTACTGATCCACTTTAGCATGTCAGAGGCCGCATGTCAGATAAGGTGTGCTCAAGCCCTTTCGAGATGTTCTCATCGCAGGGCGGTTTATCGGAAAG,1967,48.96,Saccharomyces cerevisiae
SEQ_494878,GGTGGCGACCGCTAATTCAGAACGATCTTAAGTTTGACCAAGCTCGAATGGAACGCCACTGCTATCCGTTACTTCTCACGAAACCAACCTTACACAAACTTGGGTGTACAAGAGTATATGGTCCCTTTAACTTTGACTGTGGGCAGCGCGCTGGTACGTTCAATGGACTGAGAAGAGTCTGGCATGCGTACCCCTCGACACGACGAACTAAACGACCTTACTGAGTCACCGGTGCTAATGGAACCATACCATTTACCGTAATGTCTTAGGAATTATTATGGGCACGTCGAAACTGCGGCCGGTTCCTGTGTGCGAAAGTGCCCGGATAACTGCCGAATTACATGGAGAAGAGGCTTATCTGATCGGCAACCATAGGCCCTGGGGGTGTCAC,391,50.13,Escherichia coli
SEQ_893082,ACGCTTAATTCCAACTAGCGTGTAATGAGGAGTGAGAGATTGGCCGCACGTAACCGAGACACGAGAACTCGCCCATACACGCATACGGACGGGAGCCTGTCTCAGCCTGGCACCTCGCTCTGCGCTCCAGGACCACGTATAGGTAATCCGTAACTTAGGAGAGCCGCGTGGGTGAAAAAAGCAATACTTGCGCCTAGCGGCCCTAATCCCACACTATAGGGCTTGTACCCCTGTTAGCGCCTCGCTGGATCACGGACATTGTGACGTTGGCAGGTGCCTAACGATGTATCATTTGTCCAGCTTGGTTTTCGAAGCTCTGAGCAAATCGCATCGGTTATACTGCCCGGACTGAGACCGGCAGATTACCAAATCTTAAAATTGTCGCGATAAATTGAGGTGGCCGTAGAGTAAACTTGTGAGCGGGCTCGTCCTGTCGGATTATAATAGAAAATCGTGCAGCTCAGTCACCTATCTATTTATGTGGGTCGGCCTTGTATTCAGGAGCTTTTTGGAGTAAAGTTTGGCAGCGCCCTTTGGGATTAATAACCTGCGTCACGCATTCTCCCCTATTGCTGCGTAGAATCCAGTACACTACATAAACACCAAAGACATTTAAATATCGCTTCAATATATTCAAGCGCTAACCAGGCGAGTGAAATCAGATGCCAGTGGGTGAACACGGGGGTCTGCGGACTGAAATATTGTAGATGAAGACCCTAATCACATTGAAGATCGCCAACAATTTATCAGGCTGAACCCAAATCTTTAACAATGTTAGAGACCCTGGTTTGTTAGAGGGGTAAATTACACGCCGAAGTTTGTAGAATGTGTATACAGGCTGTGGTTGGTTCTGCGTACGAGGAGCGAGCATTACTTAAGGCACGCCGTACTTTTTCGAATCGAAAAGATACAGCTCTTCTGCTTATCTACACTACGCTACTAAGGGCGGAGTAGGGCGACGAAGGCGCACCCTGATGGACCGATTTTATACCCACACATTGCAACGAACTCTCCGGCGACCCAGCTTGGTTGAACTCACCAAGTTTCCGTAGGGGCATACCAGGTGAGTGTCGGATACTGACGAGGGGCTAATCTGCCTAGGTCCGTAGCACCCACCCCCTTTAACTCCACGAACTGTACGACATGGACGCCGTTCTGAGTCGTCCTAGCCTTGTCCCGAACCGGCAGTCAGATATACATGGGACAAGCTCTAATGTCTATTCCTGCTGCAATTACACTCGAGGAACTGAGTACCGCACGCCGAAATGCAGATCAGCCCACGGGGCTCAAAGATTCGATACACCAGGCAAGGCGCAGTTGACGGAGACTGGCCTACCGGAACCAATAGCCAAGCTCGGATATATCGTACCGAAAAGCTTTTGCTATGCTAAAAGCAAAAAGGAACTGAAGACCAGGCTGTTAGGGTCCACGGCGTATGAG,1440,49.86,Caenorhabditis elegans
SEQ_378099,CCGATTGCCCCTGCAGGCGAACATGCGAGGTGTGATTTCGGCGGTTCTCTCTGATCGGAATGACCTTCAGCCTTCTACCGTTTTTGGCAGCCCGTTCACGACGCTACAAAAAGCCGTTCGGACGCAAAACGTGCTAAGGTGTATGTAACCACAAAAGCTGGATGCTGACGCAGAAGATAGCGTGCAGTAGGCGACCTGTTCTCTCTTCGGGGGGACTCGGCGCGCATCCTGATCGTATGAAGATGGTCCGCGGCGCCGTGATGCAGTGACAAGATGGGTCATCCGCAGCCCCTAGCTTGGGGGCGTGGATACCGTGAAATTGTATTCACAGCTCTCTTCAAATACAAAGCTTGGTCTCTCGCACTGATATACTGTCTAGAACGCCCCCACATAGATAGGAGTAATAAAGTCATAATGTTGACACCGCCCGACTGTAGTCGGCGCGGACACAATACAAACGCGCAGAGCTCCTATCAACTTAACTATGCCAAATTGCTCCGGTTAGTGTATAGCGACTGCCGGGCTTTTTGAGTGCTGGATTCTGTGATCATGCGGCATCCTAACATACATCGGCATACAGTACATCACCCGTATGTGGTAGAGCGGGTCTACATAGCCGGCTGAGTCGCCTGCTGATCTACGTGGTGAGACCCTGTTACTTGCCACAGGATGGTAAATTACAAGCAATGCGTCTGTCCCGCGTTGTATGACACACTTTACTGGACTATCTCATACAACTTCCTACGTCGTACTGGTCGTAACACACACCGGGTCACCTAACGAGGTTATAGGCCCAGCTCAAAATACGACTAACTTCAACACGGGCTGTTTCATCGGTATGGCTCTGGGTTGCCCCTGGCCAGCGCTCTTACGGCAACCCGGATCGGGTGGAGTTGTTAACACGCTTATAATTAGCGATGTTTCCACATCATGTGCGGCCTGATTCATGAGCGAGAGATGTAGTATTTGAGCCAGTCTGGTACCCAATTTAGTATACAAATCACGCAACACAGTCTCGTTCGTCGAATAGTAAGAGATAGAATGATCTATAAGATGACTCGTTGCTAAGCTTTCTCTGTAATCGTGAGCTTATTTGATCCCTCCGGCCTCTCTACACATCTCGTGTGCTTAAGATTATCTGTGAGTGGCTGGGTTACACAACAACCATTGCTATCCATTCGACGTGGCGTCTACGTGCCGACGCAACCCATATGACTCATGGTTTATCGTCCGTCACGTAGACCATCCTTTGGCAGGTGCGGCAGCAGTGTCAGCCACGACCACCACATGCGCGGAACTCGGGTCGGAGCATGGCCGGGGGAGTCCTTCTCTCGCAACTCGGCCAGACGAATTATTCTGGCCAGCGTTCCAAATTTGGCACGCATTAACATTGCTCGTTTAGTCTCCTTAT,1411,51.03,Arabidopsis thaliana
SEQ_903663,CAAGTTTCGGCGATTTTGGAAGAGCCCCGTCGATCATAGATCTCCGCTACTTTGGACGGGGTAGATACTGGTTGTGGCAGCTTATATTAACGCCACTCTATTAAATACAAACGAAATGGGTAATGGTTACTCTGAGGTACTCATACGGTAAATGGAGCTTACGTAGAACAGGTCCAGTTGCCATTGAATCCAGACTCATGACCTACTAGACCAATTAAGCCATCTCAGTTGCAGGTGTTCGTGTTCAAATAACAAGTTGAAATTCCCTGCTCGTACACCGCATATGAAGCGCTCCGGTCCGACAACCCATCTGAGGCTACTAAATTCGCAAAAGTTATAAACGGCGAGTTCTCTAATCGGATGCTGCGTAGCGACGGGAGGTTGATGCGAGACCAAGGGAATAAACTGTCCAAACCGCACTCAATGTCTCACGGGCGGTTACACATGGCCGGTTGTGGCATCAAGTGTACTGGCAAAGCTACTTGCACACTTCGTTGGAGCGCTGATCAACAAGGAG,517,47.78,Saccharomyces cerevisiae
SEQ_332204,GGCTCGACGAGCATATGATCCGAGAATTAGAGGAGTAGAGTACCATCCTTCGAGGGAATTCTTAACGCCGGCCAACGTTTCATCAGGCAGTCATACACTGCGGTGTCTAGACTGCTCTGACAGGTATCGAACTCGGAAATGGACATCAGCAAGTGGGTGCGATTGAGTGGAAACCTCTTGCTTGATGCGTACATTTTTTCTGGTGCCGGGCTGCTCACAACTAATCTGGCGGTAGCATTGAAGACTGATCTCACACGGTGGATGGGGAGAATACTTGGTCCTACTACGCAACAGGCTGGATAATCTTACGAAACTACGAGTTATTATACACAGTACGTACTGGAGCCTTAGTGCCAAACGATCCTGCCACCCGCGCTGCAATCGCACCGTGACGTTGCAGTTTGATCCCATGAAGGCAGAAGGTAAAGCGAGACAGCAAGGA,442,50.23,Homo sapiens
SEQ_620659,GCCAAGCATTCCCGAGGAAGCTCAGAGGAGTTAATAAGCATATACTAAGACGGTAATGTTTGACGGTGATTAGGGACGGATGGTATACAAAACTAGTCTTAAGCGCCGCCCTCACGGAAGACGGTAATTTCTGAAATTGTGTAGACTCTCCGCTGCTCGGTCAGAGGCGGGGCGGTTCCGCTGCGAGGGCTAGTAGATATACGGACATGATGCAAGTACGCCCGATACCAACAGCCAGTCAACCAAGTGTTATGCTGGCAAGCCTTTAGCGCGACGGAGGGGATGCACCGGCCACGGGACGATATTCCCACACGGCGAATTACGAAAACGGATACTGCGTTAAAAATATTCTGTAAGCTTATCTTACGTGTCCGACTTCCCCTTTAACTGCATAACGCGTAAGGATGAGCCGAGTTGAGTCTGAACGCGAATCCGTTGCGGAAGCTCGATAATACGTTTTGTTACTGCTTGTATGTGACAGAATCTCCAGTCAAGACGATACTGCTACCTCCAGCCTGAATAGGCAACGCTCTTCTATAGCCCGTGCCTATGCACGATCTCTATACGTTATGTCCTAGAAAAGCGTTACAGTAAACCACGATTCGAAGCTAGTATGCAGGTCAGTGGGCCTCCCTGTCCAAGTAAAATAGTTACATCAATGATGTAAATAAACGATGCCTCTGTCCTGACCCATCTAGCGACCGCAATCATGGAACTCACTTAGCTGCGAGGCGAGCACAGCACTACTTCCAATGGGCCCCGATGACGACTTCCCCTTATCACGTCTGCCGAATTCAGTGCAGCTTTAGCGCCGACAGCCAACGTTTATTGCTGGGATGGGCAAGACTTTAGGTCGGTGATGTATGTAGGGTGTGAGAAAAAAGTACGTGAAAACAAATCACTCGCGTATACGGCATGGGTGTCATGATCTTCCCGTGCTGGATTTAACATGCAGTAATTGTTCGCCTTAGCCTTCTCTTAATATAACGCTCATTTACAGGTAACTTAATGAGCTTAACTGCCTCGTTTTGTTACGCACACGGGTGGGGGCGCTTCTACCTCAAAGGAGGCGCCATCTATGCCCGGTACGTTAGGTTTGGGGTCGTGCCAAGCTCGCTAATAACTATTCTGGAAAGCCGCCAAGAGATTGACAGTTCAGACTCAAACCTAACATCGACAGTGAACACGCGCCTTGGCGCGGGCGCTGGAAAGTAACGTGGATCCACGGAAGACCGTGTACCCCAAACAGTTCTCTAAATCACATTTCGTTGGGATTGCGTCACACCGCCGCGAGGCAGGA,1300,49.69,Arabidopsis thaliana
SEQ_223106,TATCTAGCATTTTGAGACTATCTCCATTTGCCTGCGAAGTAACAACCAGGGAAGGAAGAATCGACTGCCGCGGATTGTTGGGTAGCTTTATCGGGATCTATGCGCAGTCATACTTAGCTCATCAGTATTGACCGGCGAGGTGCACCATAGGGACCGGAGGCTAGGCACGTATCGGATTCGGTAGGAATCTGTTGACGAAGACAAGATGTAACTACATATGCTGCGCTACTCACACACGCGTGGTTTTTGCAAGAAGGATCCCAGTACGCTCCAAGACTGATAGGGCGTGCGTCGGAGTCAGTTCTTGGAGGTTTGCGAAACGTACGTATTGCCTAGCTAGTTGAGGTATTACGGGACAGAGTACTGACCTCACGAAAACGGCTATGTTCAACCATAATCTTACAGCCCGGGCCTCCGTGTTTCTCGACCACAAGATCAACGACAGTAAAGAGAGTGCTGCTTACACAGGGTTTTCTGAAGGCACGGAATCTTGACGTACTCTAGGGCTCTTCTTGACATCGGACCGCCAGCTTACGTTTTACTGCCTGGCCTGGATCAGGTAACTATCGCCCTCCTCACGTTAATGGCACCGTTGGTAGCGCTATAGCCAGCCGTACGTGGGGACGCCTTCAAGGGTGAATTAGCGCAAAGTGCGGTGCACTCTCCAGAAGGTCAGGTATGGTACCGCTCCCAATTGCTAACTGAGAAATCTAAGATCACATTGCGTGAAACGTTGAAGGGGCCACTCCGCGAATGTGCCGCACAAGGCTTCCTGATATGGAACGCTAATAACTTCGGAAGGCCTACCTTGCCATGGCGGACCGGCTAGCCTATGTGGACTGGGTGGTAAGTGAGCTGTTCTAGTAAAGGAGCACATTACATGCCCAAAAACCGAGGTGAAATCCGCCATAACACCTAACCGCTCCCCGCTGTACGAGG,939,51.44,Saccharomyces cerevisiae
SEQ_905390,TCGTAACGTAGGTAACCATACAGAGATCCCTCTTCTTGGTCGCAACTCTGAAAAGGTGGCGAGAAGTCGTGGACCGACAGCTGTATAATCCTGTGGCCAGGGGGTCGGAGTAGCAACTCGAGCACATGCCGCTCCGGACTACCGCGAGAGGGTGACCCCACGCCCTATACAACATCCAGTTTTCGCAATTCCGATGTATGTCGGCTTGGCCCAGAGTGAATGATCCCTTTGATGTGCTATCTTTCGAGGGCATCGCGCTCGGCGTGTATGCCTCCAACCCACGCACCAGAGCATAATTTACCAGCTATAATTACCCACAGGAGCAGGCTTGTCATAGGGCTAACAGGCATCGTGTATCAACTGACTCAATATTTACCCACTACTCGTATGTAATACCCTTGGTCGCCTACGTCCAATGTTTGGGCTAGTGTGGACTACCCGTACCGACAGCATAAACCAGGGGGCGGTCCGAGTCAGAGTCATTACGCTATCATCATTTCCTCGTTCTGGGAAGTCGCGCATAACCTAGACCAGGCCGAGAAAATGCTCCAGTCCTTTAAGTCTCAAACGGTAGAGTAAATGTGGTCGCGCTACTTGTATTATGCTGGTTCGAAGCTCACAGACTACCCGAACAAGTTGGACGTCTAGGCCCACTAAACTGGCGTTGCAATCTTGGGCGTCTCAACGGTCAGAAGATGCCGCATTGATAATTCAACCATCCTCGCGTAGCCGATGGAAGGAGAGGTGTCCGTGGACTTCCCTAGAATGAAGGCCGGTCGTTTACGAGATGCTGCAAAACTGCGTACATATGGTTAACATGGTTGCAGCACAAAGCCAGCGGGTGTACATAAATTACCGCCGAGCAATTTTTCGCACTCTGAGGTAGAAGTTCATGACATTGAGTGCTGCGGGCATAAGCATAGGGAACTAGCTGCCAGAGGGATGATTTACGAAAATTCGCCGAGGGGCTTACTAACTATAGCCAAGAGCTCCTGCTAAATCGAGCACCCTAGTCGAGCCGAATGGGACAAGTTCCCATCCGGCGAAGATGTAACTTGAACGTGGAATATCTGCGGAAACCGACATTGACTCTCGTGCATACCGGGGAGAAACCAGTCTTCAACAAGGAGTCCACATCGTAGTCCTAAAAAATCCTGGAACGGCCCACCTGCAGCATAGAGTATGCTAAGGACGATCCAAACCGGCGAGGGGAATCCCGTTAGCAATGTAACAACGAGGCCTACTCGGTGAAATCCGACTGTGTTTAGCGCTATAACAAGTTGGCCATGTTGAAGAGCCACACACGCACCGAGACGTGCCCCTCACGTACTATTTGGGGTCCGTCACACGGGCTTGGAAGGGACACACCGCAACCATAGAACCTCGCTTAAATCTTGGAAGACATCCGCAAATTTATGGGTTGAAATTCAATTCGGTCAGCTCTCGACTCATATTGTATGACTTCTCTAGGGGCCTAGATACATCGCTAACGTCAGCGGGCAGTACGGCGGGAGGATAATAACGATATCTGGCCTGGAAATCCAATTAGTGTTGCGGCGATCTTTTCCACGGCCGACAGTTGAAGGGGACGGTTCAGTAGACTATCAGGGCTGTGGTTTGCCCTGTTCGGTGGGCCTGCATTCCCAATCGTGCATCCTGCACCAATTGCCTGGGTAGCCCTTCTGACGCGGTACACATCCGTGCCGAATAGTTCCGAACCGGAAGTGCGTCCAGGATTCGGCGATGGGGGGACTTGATAGGGAGTAGTGTTAACGATGAATCGTCATTCAGATTTTCTCTTGTCGACGCAGCCAACCTCCTACGAATTGTCCTGGGTCTTCGGCAACCAATTCGGAAAAGACGCAATAGGAAACAAGTGCCCATGAGTTTGAAGAATGACACCTACTCGTTACTCCCACCACCA,1924,51.25,Escherichia coli
SEQ_108336,TTGGGTCACGAATCTGGATTCTTAATAGACCGATTCTATCTTTTTGATGCGCGCTGGCGCCGTAGGGCGTGCTCCGGTACACTGTTGAGGCATCTTCCGGTCGCTATCCGGTGCGCAGCGGTCGGAATTTCACCCTTAAGGGGAGTAAGATGAAATTATTTCTCGAACGTAACCAAAAAAGATTTACGCTCCATACCAACTGTCTATACTAACGGGGTTCGTTGCTAGGGACCCCGACGGTTAGAGGGCCTTCGCCTGTCGGCCTGCGTAAACATCTTGGCCTTGGTTCGAAGAGGGTCATATTAAAAATTGTCGTTGTATCAGGGTTGGCACCCCCCGGTTGGCAAATGTGACATAAGAACGTCATACTTGCGGGGAAATTCGCTAGTTTTAAGGGTAAAGACAGGGCCTCTAGGCTGTAGCTGTAGTGGGGGCCCATCAATTTCCACTCCGGACGCTCTTGCTAGTCGTAAGAACGCCACCGCTTTCAGTAATATCTTCGCCCTGGAAATAGAAGCGGGTAAGCAGCGAGACAATTGAAGGAATCTATACAGCTCATGCACGAGGGTTCTCGCTACTGAGGGTCGCTGGGGCCCTAAATTTGAGCTATTAGTTGCTTAAACACGAATAATTGAACTGCTATAGGAGT,649,49.46,Homo sapiens
SEQ_245955,CTGCTTTCGGCTTCGGCAGATTTTTACGCCCGTTTAACATGTAACTCCTCCCCACGATCAAGGGTTGGCCTAACGCTCAATGCAAATATCTACTGCTAGCCAGTCTGAACCTGTAGTCACAAAGAGCAGTAAGCTGTTACCCGATGTCAGTCAAGCGCCGTTGTCCTCAGGACAAACAAAAAGGATAGCGCGCTGTCAAGCCAAGCCGTGTTCTTAAAATTCTCTTTGATCGTCGTTCTAGCAGAAAATGGATCTGCCTCATAGGGGGACTAGTAGATGCTTGTTATTGAACGCAGATCAAGATCAACCGATGCTTCTCTCACTGAATAGCGCCAATCAAGAACGAAAACGAGCATCTCTGTGATACGTTCCCTCCAATTCATTATACCAGTTCCTCCCCCCAAAGTACCACCCCCACCTGGTCGTTATCCTGTCATGGTCTAATGGGCAACCGGTCAGGCAACGAAAGTAAATTGACTTCGTGCGTAAGATTAACCGTCCGATCAGCCGGGGTAATTGTTGAATGGCAAGGTCTGGCATACCAGCGTTATCCAGGTATTTTGAAAAGAAGTTAATGGAATTTCACAGAGGCGCTTCCTTGTTCTACTTTCGTTAAGAAATGTGATCGATACCCGTAGCCGGCCGAGCTTGCAATTTGACTAGTCAACGTTTCAGAACTTCATAGTACGAGGGGATTCACGTTCGTAGGCAATCGGCGTTCTTACCAAGCCCCAGAAGTCGGTGACGGGGTCCACCCTAACTGAAATGCGAGGGCTATCTAGCTTTCTATAGGAGTAGTCTGTCGACCTTATCGAGAGGCCGCTTCGGCCTTGTGGATCCGAATCCACACGGGATAAGGGCTTACGTGGCTTCTTCGGTTACTAAACAAGCTATTAAGCAAACTAGATGTCCTTCGTAACTACCCGGTTGCTCAGAACTCCCTGTAACGCAACAATGTGTTATGGAAAGACGACATGTACGTTTGGGCTGCATTGGCAGACT,1002,47.9,Arabidopsis thaliana
SEQ_524599,GGGTAGCGACACCTGTCGTTTGTGGGTGTGCGCACAACCTTAAATGCGCAAATCTCGCGATGCAGTAGGATCGCGCTAAAGAAGTGTTTCTGTACTATCACCGATTCTCAGAGCGCTGCACTCTGGTTATAACAGAAGTCGCTTTGTCGGTGACCCAGAGCGACCCCCAGTCGCAAACCGATAACAATTTAGCGAGTTGATAAGTGATTCTCTGGGGTCCACGTGAATGGGTAAGTTCAACGCTGAGCCCAGTCCGAATCAATCGATTTAGGTTCGGCGGTCTAGGGGGCAGTTAATACTCGTAGGAAGCTCGGAAATAGATGTTGTGCGAACTCAACCCGGTATCTAGCCTGTAACCTTACTTCGAACCCTAAAAGACCACATTTGCCGCAGATAGGTTTGGAGACTTAGACACCGGTGGGTATGTAACGATAATTGGCAACGCTCAAACACCATAGCGCGTCTACCGCTCATGGGCTACAGACGAAGCTGTATAGAGACCGCTGTACCTGCTAATGGAGTGAGGCTGTTGTACCACATCTTTACACGGGCTGCATGGGTGGACGCGCCACCATACGTTTAGGATAAGACGCTGTAACTCAGACGACTGTCTACGATACGCTTCAACGGACCCGTCCTCAGACAACAG,649,50.69,Arabidopsis thaliana
SEQ_829258,CATTGTTATTCCAGCAATCTTCGAAGGTATCCTCGAGGACGCAAAAGATCTCCCGAGTTCCTGTGAGTATTGGATATCTGCCACACGTACGATTTGGCCAACCCACCTTCCCAGACCCATAATGAAGGTTCGAACTAAAGGACCCGCATAGCTTCATCTCAAACGCTCGTCTCACTCCACAAATGGAGTCTTGATTGAAGACGAGCAGCACCTTTGGCTAAATAGTAACGAGGCAACCACGGTACAGTCGTAGGAATCAGCGTGTCCCTGTCGCATCCTATCCGAACAGGACCAGCGTACAGTACATGGATAGAAATTACTAGTACTGTAAGATAAGAACCAAATATATTATCGGATAAGGATTTACTGATTCATAGCGCAATAACGATGTTTGCTCGAGACCCGCAATACCTCCTGACATCTATTTGAACGAATTGGGCGCACGCCATATCGACACATGTTTCGCGGGTGATTAGGTGGAGGTAGGACGGCCACGGAGCATTCGTCTTTGTGACCCACAAGTCATTCCATAGGATTACCATACCACGTCAGGAGATAACCGCACACTACGCGTCACCGTGAAGTTCGGATATGCTTCATCAGCGGAAGGTAGGGTGCCCTGAGACGCAGAACTATGACAGGCCTAACGTTTCTAACACGAAGCGGATGCGTCGTTCGATCCTAGTCTTTCGGATGTTGTACCTCATACCATGACCCTAAGCGCCATTTGCTAAGTTAACTGTTTTCGTTATTAATATTTTTCAGACCAACAGGAGTAGTCGTACTCACAACTATCTTACTTGCCCAATGGAACAATTCCTTGTGCGCATGAGGGATACCTGGACACCGGAAAAAGGTATCAGTAATCTGCTAGGATTCAGTCTTATTCAGCTGGACGCCCCCAGGAT,908,47.14,Mus musculus
SEQ_690269,GTAAGTCGGAGAGTCTAAGGTCGGGATAATGCGGAAGTCTCCGTATGTCGATCATCTGGAATCAACTTATCATGCCCTCATGTTTAATTCTAACTGTTCTCCAGTTTCCATAAGCTAGCCAAGACCTCCCATCGCAATCTGTTGTCTCGCGAACGTTAGATCTGGATACTAACATAATACAATTTTAATCATGGTGGTATATGGGCTCGAGAGGCTTTGTAGAGGGGCTTGCCTCCCGTATCCTTCACGCAGTAGGCCTGAGGGTGTTTTCCAGAGAGCATTGGGGATAAGTCCCATTTAAATGCCATGTTGTGAAGATGTGTCCTTTAGGCAACACTTATGAACCTGCGTGGTCTTAGAGGTACCGATAATCATCGTTGAAGGGTGAGATCCAGCTCCCCGCCTAGGGCCATAAACGTGCGTGCGTTTTAAGACGAGCGCCTAAGTTTGTATTTTGAGCAGGCTCGGTTTGACTAGATTAGCCTACTGCAATCGCGGACCAGGAAAAAGTAGGGCACTGACTTCCAGGAGTTGGGGTCCTCAAGAACGAGACGGAAGCGCGCTGGTTAGATGGTGCCGCGTCGTTCATGTACGATGTAGGTACATTGACGAGGACTGTATGGGAATGAAGTTGGCGGTCAACCGCATAGGCTCTGCAGCGATTCAGCAGCCTAGTTAATGTCAATAGTTACGCTGCCAAACCTGGGGGTCTCGTGTATCCTAACTTCAATCATGAATTCCCGCCGTACCTGAAACTACATGACTTCGAAAGTTTAGCCTGCGCGTCGAATGTAGTTAGGAATTAAACGGTCGAACTAATCGATCTCAGTAATTCATCGAGCAATACACCGAAAAAGGATATCCGGTCCACTTACTCCCTGATGCACTTTACTCGTGTAGTACAACCGCGGGCCCTTGAATATCCTGCGATAACTAGAAAAGTTGGGTCGGAGTGGGCCTAGTGTCTTATGCAGTGTAGACTGCGTAGAACTAGTTAGATGTCCTTATACTGGGCTTTAGCTCTCGTCCACATTTACCGGAGTCTGAGCACGGAACTCTTAGTCATATGCGATAAGGAATAAGTTTCGGGTGTTCCTCCTCCATTGTTTACAATTCATACACAACCAATGGATCCACCACTTATACGACCAGTATATCTTGTGATATAGTGCCTCCGGTCCGTAGGGCCGTATATTAAGCTGCCCCGGGGTATAGTGTCAGACCACCCAAGACAGCATCGTCCCAAATTAAGACCGTGATTTGCTGGTGGTAAAGCGTCGTGGACTCGCCATTCAAACGTGGTTAACCAAGGCTTTCTTTCGGGGAAGGCAGCAGTAAACGGTCGTTGCCCAAGCCAGACTAAGGCATATAGCACGAGTCGGACTAACACAAACTTTAGCCGTGATTGATCCGCGATCATTGAGTAATAGCTTTTAGCATGGTTGCCACACGTGAACTTGAAGAAGGCAAAAAAATCTGCTGTCGCCGTATGGTTCTCCCCATTAAAGAGTGATGCTTTCTTTTATAGAGTGCTACT,1537,47.43,Homo sapiens
SEQ_338784,GCAGCGAGCCCATAATCTAACACGTCTACCTCATAGACCTTCTAGTCCTGTCGAGATCATGATGAATCGCACAAAGAGAATATGACAACGCCCTGGATTGCCACACCTGGTGAATTGTAGTAGTCTTACGCCAAGTGTGCCGTTACCCACTGATAAGAGAGTAGCCCGGCACGTATGCATGTCTGCGGCGGTTTAGTGACCTTGCCAGATTGAAATTGGAGGACACGACTAACTCGGACAATTCAGTTGCATATTGCACAGGAGCCCTCCGGCCATAGTCCTCAATGGGTCTAAAACCCATACCTCGATATAGCTGACAATTGTTCACGACCGGAGCACTCTAACCACCGAGATAGGCGTGATTTCATAGGCTAGGGGCTACACCGGTTTTTCATCACGCCACGACTGTGGGTGCACGATTCTAGTGCAGTGGC,434,50.46,Saccharomyces cerevisiae
SEQ_413882,AAGAGGGTAAGATGCGCAATCCAGCTCTCTGCACTCAGTACCACGGGCGTGAATGGGGCCACGGTGGCGGGAAGCGCGCAACCGGCTTGAATATGTACGAGTAAGTCGCGCTCCGGGATATTGTGAGAACCCTTCTGGTCCGGAAGCCGCAGCCTCAAGGCCAGGGAGACCCCTTATGGTTAAATAGAGCATAATTTGTACTGTCACGTACGCGTCTCGAAGTAACTTTACAGATCAGCCTTGCAGGTTTAACCGCCACCCTGGTCTGTAAGACTCCTATGGGAGGAGAGATCTCTCCGTCCATGTCCTCTGGAAGAACTCCGTTTACTTAGCATGCCCCGGGCACAAATCTCAAATGGAAGTATACCTCACCTGTTATACCCCCAGGGCCGTCAAGGTCTCCCAGCTGCATTGCCTTTGACTTTTTGCTATGAGTAGCACCGCATGGGAGGATACAAACATGGGTAATCCTGGCAAAGGCCAACGAATGATTTTTGGTTAGCGGTGTTGGCACTACGCAGGTACAACGGACAGGTGTGCTGCCCATCGTAAAATCGTTCAATTCCTGCAACTATACACAAGATGTTAACGAGTGGTTACTGGCTGTCAGCAGATACCTAATAAGCTACCTCCTGACTTTCTCAGACTACACCTTGGGCAGGTACCCTACGGAAATAAATAGGAGAGGCCCCGTCGTTCAAGCGACTTCCTTTTGAGTCCATAATAACTCAAATATTCCGTCTGTCTCTGTCGCCGCTGGGCTTTAAGGTGCAGAAGGCGAGCGTGTAGCTTATAACATGGTAGCGAATCCGAGGGAGGTACAAACGTGACGCCATGAAGCTTACATAATACTAGGGTGTTGTATGGTGTCATTAGCTCTGTATAATAACGATAGGGCGGTCTAACCTCGGTAATTAGAGCCACTGTGGGTCCTCCCGCGATCAGAGTCTTCAGCAAGGATCCTACTAACCCCCAAACCTATATAACCCCGGCACCTATGACGGGCTACTCCATCAGTTGCAAATCATTTATACCTGTCTACGGACGAGGTCTCTATTTGAATGACAAATGTGCTCCGATTGGTACCGTTAATCCCATTCACCTGGAACGGTCATAAGACAGACGTTTACAGTTCATCATATCTATCGTCCGAAGATTCGAGTGTCCCCACGCTATTCCGTAGCGCCGCCATGGGTGGAGACCTGAGTTGACCTTTGCGGCGTCAACTTGTATTACGCACCAGCCCGATGGGAACCTAAGCTAACTTTACTTTTGAGTGCCGGCAGACAGTGCTTCGTAGGTATAACGAAGGAGGGGTGAAACAGACTCCTGAAATAGGGTAGCTGGCAGTGATAGAATGGTGAATCTGCCTGCCGTTGTATGACGGGATAGAGTTCCGGGAGGTACTTACGAACTCTTGTGTAAGTCGGTTCTAAACACGTATGACGAGTTAGGGGGAGCTGGGTGTTTCTTAGGAATTAGTTAACCACCAG,1493,49.77,Mus musculus
SEQ_863787,GATTCAATTCGATTACGTCAGGAATCGACACTTTGGAGTTTGTTGAATTGTGACCCGCCATAGCACAGTCCGTTGAGGATTCCTGGCGCGCTGCCGCGGAACAGCTGCGAATAAGGCGAGTACAGCCAGTCTAACATAAGCAGTAGCTGGATTGAAGACCAACAGCATGGGCGAAAACCCGTCACGATGTACAGGACACCTAGCCGAATACTGAGGTAAATGGTGTGGCTGTATGATGGGGCGCTATCGTTGTCACATCATTCGTAAGATGAACATGTATCAGTCAGGTGCAAAATCACACGCGAACGTTAACGAGCGCATTTGCCTCGAATTCAAAAATTAAACAAGGGGGGCCATACAGAAGTTTTCTGCCTGTCCGCCAGAGAACATTATAAACTCGGAACAGCGGCAGCTGCATAACATACGGCACGAGTGCTTGTATACCCGACTTTGGTTCTGCTCTATTAAATACTGTTCTTCCATGTCCTAGCGCGGCAGCCGTTCATCGTCCTCTACAATTGGCATGTCCTAAAGCGAATGTTGCATCAGAATGGCGCATTAATAGTCTTAAGGTTCTCCACTGATATTGTGCCTTGCTATATATTCGAAAACGTGGATGGACTATAAAATGACCACGAGATTTCGTCACTACGATGTGTAATCTGGCCTTAGATTCAGCCTGTCTAGAACGCCTTCAGTTCTCGGGTGAGCACGCGGACTAGAATGTGAACCATACGTTCTCTAAAAATAGAACGAGGGCCGTGAGCAGGGGAGAGCACATCGGCGTCTGCGGCCTTTCCGCATAGCCTTTCACCACTTGGCTACAATAATCATATTGGCCAGTTTGTACGGGTTCAAATATATCAGTAGATAGGCTGTTATGCCATCTCAGCCTTGGGCAAGCAATGCAATTACCGCGCCTTCAAAACATAGCCACCCAAGAAGGCTCGCAATATCAAGACATGGCGCAAAGAATCGGTCCTCGGGATGATTCTACACCCTTGGTGTAATCGTAACGCTCGACTCCACGCCTCATTCAGCCGTATAACGTAAAGCTAACAGAACGACTAGTAGACTCTGCCTGGATACCTCATAGCGAGGTGGCACATCCGAACAGTGAATGCAGTTAGGAGGAAGATACGGATGGAATGTCCTTGTTGACCTGGCCATCGCGGAATCCGCTTATCCGAGCGGAAAGCGTTCAGACCACCTCCACTCGGGGCTTTCCATGAGAGAAGCATGTCGTCCCTGTTGGGCGCTTGCATTTGTTACTGGTTAGGCTATAAGGGCAATTGGATGCGATCCCGTGATAGGCCCCCGAGCTCACATTTCGATGGATTACGGAGAGATCTACGATTGTTAAAAACGCGAGTATCTTTTTACGCAGTCTAGCAATATGATGTTGATAGAGAGTCGTACGGTGTAGATATCGACCACGTTCCCAGGTACAGCAACGACCGCA,1462,48.56,Saccharomyces cerevisiae
SEQ_799489,TAAAAATTCTAAACAGATGTAAGTTGACTTCGTCTAAAGGAGCTCGTACCACTACCCCAGGGCAATAGTTTTGGGTGTGCTTCGTTAAGAAGCCCTAAGTCATGTTACGCCTGCAAAGTCGCCCGCCAAGGTCAACAGTTCAGGCTGAGCGGGTCCAGAAGGGATGGTGCGGTTCGTGATTACCCAGATAGCGGCAGATCGGATTCTATTACTCTGCCGACTGTTTAGCACTATCACTTCCTCCATAACTCCAGCAGGCATCCAAGTTTTACCCGCCATTAGATGGAGTACGCTGATTCCTATAGTCGCGGATCTCTCGGTCAGATATGCCCGGAAAATAATCAACGATCGATGAAGGCGCTAACTGCGGCTGTTAGCTATAACTTTGGCACAGAGGGATCGTCAAGTTTTATAGAGCTTTGGTCGCCGGCGACATCCTCCCCTAACAATACACGGGTGGTCAAGCTGCCATAAGAGCTAGAAACATCAAAGCGACCGACAATTATGCGGGGATTAACACTTGTTACCACACGATAGGGGGGTCACCACTACGATAGCTTGAGCTAATGCCGAATGGGTTCTTGTATCCCATAGGGAATTAACATTTTTCTGCTATGCCAGTCGTAGGATGGGGTCTATAATACTCAGTACATACCCCCTCCAGGCAGAGCACCTTACCGTCAGCGGGTCCTCAGATTCAGTTGTATTGTCCCTTTCGCGTACAAAACAGAGAGAGTACTATGATCTTCACTGACACCGTACCTTAAGGTATTAACGTCTACTACCTTCTATTTTTGGCGCATATAATTCTACTTTAGATCAAAGAATCCGTTTGTA,837,46.95,Escherichia coli
SEQ_204836,GACTTATTCGGACATCGCCCAAACTAGTTCTAGGTCGGTCGGTACTTGATTCCCATGCCGACGATTAGTACGTGGACGACAAGCGGTCGCGACATACTAGGGCAATTTACACTTTGGGAAATGGGGGATAACATCCTATAGTCCCGTACCCCTGCTCACGAGAGAAAGCGTATACCATACTACGACAGCCAACCCATCACCATGCGAGTGTCCCTCGCGCATGGACTTGTTCACCTTTAGATATACCTCCCGCTGGACTATGACAGCTGGCCTTGCATTCGCTTTTGTTAAGGTCCCGTTACGCGAATCGATCGGTTCAAAATGTGGCTTAGCGTGAGAGCTGCGACAGACTGAGCACTTACGTAGACTAATAAAGTTGCTTGCGTTATTCATCGAAATTCGGCGATCTGCGACTAGTCGTTAGAGAGTCAGCACTTTTGAACGCGATGTAGCTTGCCCTCGGAGTGTGGCGGTAGGTTCGCGTAGTCACAAAGTACCGGGAACTATCATACTTAAATCTCGAAAAGGCTATAGTTTAACATACTCTAGCTTAAACTGCGGCCTCACTGGGTAGGTTCGGGGATACGAAAGCGATTTCTCGGGAACTTGTGAACGAAACATGCGTATGTTGCTCGATTTATGCCCAGTGGGAATGTAAGACGAGATTACCCCGGGCGACATATCGGGACAGCATGAGACTACCGAGCAATCCCCCACGGGGAGGGCCGGGAACGGTTAGGTTATCCTTTATAGAGTGAGTTTGGAGCAAAGTTGTGAGGGTGTGTGGTGCGCCCTGCGCTGGCGGTGCGCCCGAAGGTGTTGGTGAATATGGTTATTGTCAAAGGACACTTCTAAAAGAAGGTTTCGTTGGTATGCCTTATCAGTAGACAGATCGGAATATAGCCCAGGAGACCGCATTGCGAAGCGACCCTGCTTTTGCTCCTAGGGTCTGAAAAAGATTCCTAAATTAGGCTGTAGACGGAATTACGTCAGATCCGTAACCAATCAATACACGACACGTAGATACGAACCTTAGATCACTGGTGAAAGCACTGGGATAAATAACATTAACGCATTAACCTGCGCATGGACAGAACTAAGTCTCGTCTAATACGCTCGTAACAACTGAAGT,1132,48.76,Arabidopsis thaliana
SEQ_878163,TTTCTAAAAGTTATTGTTGTAGTTTCTCGAGTCCGAGTTTCGGAATGACACCAGTCCCATCTACTATCTTTCTGATTGTTGGGACAGTAACGACAGAGAGTCGTCGAGCACTCATGAAAACACGTCACAGGACACTTTTCAGAGAGGACCGTTCACAAAGGCAAAACATTAGTTTTGGCAGCCAAAACCTTCAATAGCCTCAGGTTGGATTCGTTAGAAGTAGGCTTTCTGGTCGCGTGGGCTGTTAACGACATCTAGTGCTCACCATAGGGTCTGCTTCGTCTATTAACCGGAACCCCAAAAATGGGCACTGATAAGCGCAATATACCGATATACCGGGACTAAAGGGGTTCTCCATCCATATGTCATGCGACGGTCTTGGAAACACGCGCCGGTAGTCTTAACATGATCATACAGCTCCAACCTGTTCCCCAGTTCGTACTACAGGTTGGACGGGTGCTTGATGTTCACCACGAAGAAAACAACAATCGTTTTCCAGATATATCCATAGAATTGGAACGGCGGAGTTGCTGAGAGGGAAAAATAACCTTTCGCCAGGTTCTCCAGAGCGGCCTAACCGTGGAGTAAATTAGGGGGCGCACGACTGATGTGGGTATGCGGTTGTTGTAGGAGCGCGAGCTGTACGGCGGCGAAGCGCCTAGGTCGCCATCGAGGTTTCTAATACATTTAGGAAAATCCAACGATTGCATCAGAGAAGAGAATGAAGCAATAGACTTTGTGTCATTGCCGAACCATCGGGTTGTCGGTGTGGAACTACTTGGTATTAATATCTTTATCACCCGGTAATAAGTCCGCGACTCCGTGAAGCAGTCGATCCCTACAGGCTCCGGATGCCGACGTTGTGTCTACTTTGGATTCTTATAGCAATAACAACTTCTGATTCAGCCATTCACGTGGCCTGTCATCAGCTCTCAGAAAGGGGCGGATATGACTAATTTCCGGTGGATGGGATCCTGTTCAACTTTTCCATATCACTGCGTCTCACGGATAAGGGGGACGCCCAGGTACAGTCTTCAACCGTCTTCGGATCACTTTGATGCACTTGAGGGTTTTTTCCTACAGTTGCCTCCATTACCCTAACTACCTATATCGAGATCATGTTCTTTACCCTACTGGATCGAGTGTGTCCGGCCTGCACCCATCCTGCTTATTTGTCGCTGGTCTGTCGCGGTGTTTACTACCCCTATAACCCGTAAACGCCAGAGGCGCGTGGTGGAGGATCCCGAGGTCCGCACATCTCAAGGACCCTACGAGTTTCGATCAACGATGGGCGACTGCGAGCCTAGCCCGCGGTGCTAAGGTCGCGTTTAGAAGCGCATGCGGCGTAGTGGGGCCCCGCTTAGTCGTGCGATGGCCAACATAATATGGGGTCAAATCACATATTCCCGAAGTTCACAACCGCTTAACTCTGATCCGCGCGCGTATCCTTGTTTGAAATAGGTATGTTTTCAGCAAACGGAAAGTGCTCGGTGCGGTACCACATCATTGACAGCTGCGAAAAACCCGCCAGAACGTATTGGTGGTCTTAGTCAGGTGTCCAATTGTTCACAAGCCTCGACCGAACATACCAATCCTGACGCTTCTACAGGCAACGAATCTACTAGCTAGGTATTGCGGCCAGCACAAGGGTCGATACTCACGT,1663,49.55,Escherichia coli
SEQ_723226,CTGACCCAGCCTGGTGCTTCTAGGGTATCGTCGAGTGGACCTACACCTCGCAACCTAGGACGACCGGGATAGGGGCCGCTGCGACGTCTGCTAGGATGGCTCTTAGTGGCACACTAGTTAGCGGCTCGCAATGTTTTCAGCTCAGCTTGCGTCCCCCAACAGAACAGCCAAAGTTGGCTAAACGGAACCTCATAAAATGCGGCGTTAGCATGAATAAGACCGAGATGAAACCTGCGTGAGACGAGAAGACTAGGATCATATACGCCCAGTGTTAGACGTCCTAAATCAGGACGACTATCTCCTACCGTACGCTTACGATCGGTACGCGTCCGTGCAGGCGCATACTGACCCTGAGCTAGCTTCAGCTCAACTATTTAAAAAGAGAGTTAGGTGTATGCTATAACGGCTGACATTGGTCCGGGCCTCTCCGTATATAATGGCGTTGCTCCCAAATATTAAGGAACCTCAGGCACCTATCGGGGGACTAGCCTCACCCTTGGGGCCTTGTTAATCAAATTTAAGTAAGGTAGAGTTGCTAATCTTATGGCGCACCAAAGGCTCAAGTGGAAAAGAGTTTACGGTCTGCGATATACCTAATCGGATGGAAGCTTGGTCCACTGTGTTGCCAAAATCATCCGTCCGTACAGGATGCATAATCCGAAGCACACATGTAGTAATACCACCGCTTACGCTTTTCAATTCCGCCGACCTAGTGTCGAAGCTGCGCGTATGGAAAACAACCAAAATCACCGCACGCCGACTGTTTGCGTATTCCTCTATTACTCAACAATGATAGCTCTGAATATAATAATATCTGAATTTCGAATGGTATTGATGTATTCTTCCAAGGGCGAGCCTTCGCACGCTCTGCCCGACGTCTGACGGGTTGGATAAAGTGTCTTCCCTCAATAGTGCGCGAGTAAACACCCTTCGGAATGGGCCCTATGCGTACTGGGTGTGCTAAGCACTAAAAGAAAATGTAGACCCCACAACGAAGAGTCGCGGAGTCGTGTCGGTGCGCTTAATAGTGTTGCCAGCAGATCCTTACAGAAGATATCCATTATGGTATTATAGTGGTTTTGGCCTCCTGATGCATAATGGGACCGCTTGTACTCCTGGGTGGAAGTCGCTCCTTCCGCAGGTCAATTGAAGTGTAGGTGGCTGCTGCAGGACTTCCCCAGTTATAAGCGGCAATAATACGAATCTAGCTAACCCCGTGGAGGTAAGCGAAGGCAAAGTAGGACACCGTGTATAGTCTAGTGACTATAAGTCCACCTCTTATGAGTACCGTTCATCCGAGCATCACAGGTGACCGAGAAAATACCAAGCGTATGTAAGTCGGGCCATTAAACGCCGATCCATGGCCTAGGGTGTTGTGGATGATTACCCCACTATAGTGTAAGTTCTATTTATCGATAGCACCACACCTCAAAATCTTCCTGAATGTCGGCTGGGTAAGGAAGCGGCAATGAGGGTACATTTATAACCTGAAGCGGACGAGTATAAGACCAAACCAAATTCAAACAGTCTCCTCAGCCAATCATAGGTAGTGAAGTCATATGTTGGAATTATTAAAAATGGGGGGATCAATTTCTTGGGGAGGTTCGTCTGTGCAATTCGCTATATCCTGCTTGGTATGCGCCCCTAAAAAACCTATTAACGCCCAGTTCAATATCACAAAAGGGTTCAAAGGTTTACTCGTCACATTATCCAAGAGCAGTGACTTAGCACCAACCAGATACCGGGCCAACCAATCGCAAACTAAAGCCCGGCCTT,1776,48.14,Drosophila melanogaster
SEQ_844861,GCCCCGTCGGCGGTGCCTCACTGGAAGTTTAGGGTACGTGACTGCGTGGGTTGCATACTGTACAGTACATGCGAGACACAAGCCGTCATACTCCTAACACAATCCACAAGGATTTACCGTTGCTACGACGAACGGTCAGGAGCTCGCCCAAGCCGCGCGAAGTTCTCACGTCGGGGGGACGAAATGGGCGCACTATCTGGCTGGGGGTGTAAGTGAGATCACACGATTCTTGATTCTATTCAGTATGTGTCTGCGAAAACAGCGGCAGCATAAGGCAGGACTTTTAATCGGGATCGTTCCAATAGGAGAAGAATAAGTTTAGAGCTTTCTGCCCTACCAATATTACCTTATACATTTGAACCTTGTTTACGCTACGCTTCGTCCGTAGTTGAGGCGGGATTTCTGCCCTCATGCGTCCTTCCAACTCCAGATAAAATGCCTCGGAATGGGTAGCCCTTGACCCAATAGGACTGTCATATAAAGCATGCTTTTGCAGATAATGTCAAGGCCGTAAAAAGCGGGAGTGTTATTAATCAACGACCTCAGATAGTATGATTCTTCTGGAGTCTTTTGCAGTACCGGGTAACGGAAGTCCACCGTGCACACCAAGGACATAAGAAATGGACTCAAGTGCTGCAGCGGCGTTAAGGTCTATGAAACCGCTAATGTGAATTCCCTAAACGCAGGTATCGCAAGCGCGGAAAAAGTCCTTCTCGTAAGCCCGGCAGCTGGCCATGTTGGAACAGAGGCACGTCTATGTCACTCGCTCAAATGCCATTTTAGATCCCTCGGTCAAGGTCTCCGCATTAGATTTTGGATATTTGAGCTAAGTCGGTAGTGTACCAAGTATGTGGCGTGAATTCATTAGCCT,871,48.91,Arabidopsis thaliana
SEQ_101597,CTGCGGAACTGTATAATCATGAGGTCAGTTTGCGTACAATAACATTTCCAATGATGTAAGTACCAACCAGGCTGTTAATAGCCAGTATCTTCACACCACTGTCATTCAGCAATTTGACACAGTTTTTGCATTTAAGACTCCTAAGCTGGTGAAAGTGCCCGGAAGACAACGGGTTACGAATACAAACTGTCGATTTCGATTTTCTCGATCACTACGTGGGTATGACACTCAGCTGAACCGGTATGGGCCATGCCATGGGGGGACACCGTCAGAGATTCCCGTTTTACCCGCGTAAAGTATCAAACTCTCGCCTTCAATGGTACACCCGAACTATCAATAACCGGATTTGGGGTATTACCGTTGCGTGGATTCGCGTCTGTATATTAAGGCCAATACGCAGAGCCCACGGGCTACCTGGGCTCAAGTTAACAAGTGTTGTGGGATAGCTAGCGAGTCTACACTGTCGCAAGAGTTTGCCACCCTTAAACTGTATCTTAAAGATAACGCCACCATTTAGATATTTTGTTAGCGCCAAAGATTTTCCCCCGTTGCACATCTTTGGAAGCACATATTGGGACCGGGAAGTTTGCGTTCCCGCCAATCCGCTAGCTACTCACGGAGAGAGAGTCGGCCTATTGCTCCTAGGAGTCGTTACCAGACAGATCCTCTCAAGTATGTGACACATTGATTTGTATAATGAGCTCAACGGATGTCAGTGTTAGGCTCCGGCTGAGAGCCTCACAGAACGGGGGGTATCATGTATATAGAACTGATAACGGTCCGCCAACGGTTCCGACTCGATCTCCCGCGTTGAGTGTTTAAGCTATCATAAAAAGGATAAGGGTGCCAGACAACGTGCCGGGGAACACTCAATAGGATTGCGCTTTTCATTCTTGATGGCTAGCATCCACATAAAGATCGGACCAAACGCGCCGCTGAAATTTATGTAAAGTTAGGGTGCAACGCGTCCATATGTTAATAATCGAGACACTGCCTGATGAATTCCGATCGAGATACTGATTGTTCGTGCAGAAAGCCAGTGCCCCCCGCGAACGTTGTCGTCCGAATGAGTCACCTCTTTGAAGTCCAGTCAAAGAGTTGCGCGGCCACCTAATGAATTGATCTTTATGAGAACGAAGGGCCGCCGAGGGTCCCTATTTAGTGCATTACGGACTTTTCGATTGTCTCTCCAGGCGGTGATTGGGTGGGCGCTACTAGAAATTCAGATCACGCTCCCAACATGCGATGGACGCCAAGTCATGTTTGTACAGCCTTATCAGTTTGCATCCGGAATAACCTCGCGTGTGACACCATCCATACATCAGCCCCTTCCGGCCCTGCAAACCCGTGGCTCTGTGTCCTGTGCCCTGCGACTAAAGATGGGTTTATAGAAAAGCTTTCATCTGTCAGATATAGGTACCTCGCGCTTAAACGTTTTCGGATACTTCCACCGTGTTCGGACGAGCGCTTAACGTGGGGGAGGCAAGACATCGACGGACTGAAACGCTATGCCCGCTC,1518,48.75,Drosophila melanogaster
SEQ_761380,GGTTGAATAACCGCATGCTAGTCGCCACGGGTGGATCAACGTTGGAAACTGTCCAATTACGTAAGAAGATCTTAGAGGATCTCCTCAAAAGCACCTCTCGCGTACTCCGCGTAAGTATACACGGCTAACTTATACGGAGCAAAATCGGACATCGCAAAGTGGATGCGGCATAACTAGCTACGTCCAACTCAGTAAACGGCCCGTCCACAGTTGGTTGCTCTCGTAAACCACCCCATAAGCGGTCAGTGGAGAGTGCTTCTAGTACCCTCCCCTCATTAAATCTTGCATGTGAATATTTTGGCAGTCATATGCCGATACAGGAAGTCCTATAATTAAGCGGACTGCTTTGTTGAACAAGTTACTTTAGGGCCGCAACAATCACCCGAACTGGAAATGGATGCCAACTAAAGACTCTTACTGGCTAGTCAAGTAATGTAGGAATCTGCCGCCCCCGGTTGTTGACACAGTGGGATTCACTCGCGTTATATTACGCATTCCACGAAACCACAACCTGCGCAGTTTTAACTTCCCACCCTCATTTTAATGGTCTGTACTCATGGTTATGTTTCACAACATCTAGTAGCAACCCTACGGCGTATGATGCACAGTCAACGAGAGCTAGTTGGAGCGGGACGTGGTAGGCCGGTTTAGAGACAAGGATACGGTA,667,47.68,Caenorhabditis elegans
SEQ_275333,GTGCACTCCACAAGCAGCGACGTGGTCCAAGCGAGGAAGCGTTTCTACGGGGGGTACTTACTGTTTCCTTCTACACTCACCGGAGGTGCATGCAAATTGACTAACTATCTTAGAACGGAGTGAAAATGCCCACGTAACGGGCGGGAAGCGCGCTCGGAGTCGACTCGGACTCTGCGCCATCTCACGGAGCCCCCCTCGACCCTACTGAGCTAACAGAGTTTAGAGTCCGGTAGAGGTTCGTCGGATGAACACTAAAGTTAGAACTTCATCACCCTCTTAGTTGCGTTGGCAGAGGCCTTTGTGCCCACATCATTCCCTATGGTAGTCCCGAAAGTATCTTGAGCTACACTGAGAATCGCTCAGTACTCCATGTCCTGAGGATCACCGGAGACCTGTCGGCACCTCTATTCAGAAGTCCCCGATTGGGGGGCTCTTGCGATGCACAACGGCACTTGCTATTACGAGGTCAGTGCTTGGCACTAGCGGTCGACATGGTCGTCGATTCCTTCCCAATTTGTTGCTTCGCGACCGAGCGGATGAACCAGTCGCATTACTTAGGTTCACCTGTCACCAATCTGCTGTCCTAGAAAGCCCACACAGCCGTGGCGATTACCTCTGACTGGAAAAGTGACAGCGCGTGCACGTTCAGCGATACGAATCCGTCCTGCCCATGTCAACCGGCTGTGGCAATCATTAAAGCGTCAACAGTTTATCTTTCACTTTCATCCTTTCGATAGTTACCCTCACATAGTATGTTGACGAAATAATAGGACAGCGGGTACGGCAGGCTTCGGCATTCGGACGCATTTAAAGCCCGTCAATCAATATGTCGTGGTCTTCCGGCCGTTTTACCTTCGATGAAGTGTATGACCAATGATGCTTGGCATTACAAGTGACTCCCTGGCCGTCCGATCGAGGTTCACGAGATTGCGGGCAGGAGTCCGTAAAAAGATCCTGGACTCTGTGGCTATAGGTA,976,52.15,Saccharomyces cerevisiae
SEQ_295403,GGGTGGGGACGCCAAATCTCATCATCTTTAATACTTCTAGAGGACGGATAACACGGCTTTGTCTTCGGACAATAATATATTCGGGGCCCTCATACGTAAATGTCCGAGACACTCAGCGTTTAATCCGTCAAAGCTCTTGTCAAGGGTGTGTACGTGCCCGATGACACCACCAGTAGTATCAACCTCATAGCTGCGGGGGGTTCGCCCTGATAGAATCTGTGACCAGCGTATTAAACGACGTAATGCGTACATGTATGCGGCGTTTCGGGGTCTAGCGGCCCGGGGGTAGGATTGTCGTTTGTCCTTCCCAAATCTAGTGTGGATTGTACTGCCTGGGGGCATACAGTGACCTTTGAGCTGCAAGCGATGGCGAGTAAAGACTTTAGCGGTGGAAACTCATCGTGCTTACTCAACGGTGGCCGTAGGCTCCGTCTTCAGTTTGGCCAACGAACCATTAGCAGCGCGGCTTCACCCCCCCGGGTTAAGTGCAACTATGACTTCTCCCGAAATGGCTTTCTTATCTACGCGGCCATCGACCTAACACGGAAGGGCGATAGTCGTGGGTCCGTACGCTACCTCCCGTGTTGTCGTTGTACCTCCTTCACATCCCCATGTTAGGAAGTACACTCTCTGAAGATTTATACGAATCCCTGTCCATACTTGAAGTGTGGGATTGCGTATCGTTGGGTCGCGCTGGACATGTTACGAAACCGCCAGCAAATGTGTCGCGCTCCGTGAGACTGGGACCTTGTTTGGTGTAATGGTGGTTCGACCGGTATCGATATAAAACGTAAGTAGTGGCGTCTCTAAAGCTCTAGCCGCTAATTTTCGCGCGCTACCTGTTGTGGCGGGTGCTACGACTTATCGCTGGCCTTTGTGGTATGCATTCAAGGCGATCCTACCATAGGCTGCCCCGCAGATTAAGGGTGGCCGAAACAGTAGCTCATTTCGGAGTGAAGGCCGCACACCTGCGAAAACGGGACTTCTTAAACCTCGTATGGCAAATAGGCATACGCCGACTGGCTCTTCGGCAGGTCTGAGCCCGTAGCTAGTATCTAATCAGAGAGATTTTTGGAAGGTGATGCATAGCATACTCGTAGCCTATAGGGCCAGGAAACTAGCCGTGAGAGGAGTCATTCGACGAACCAATCACGCGCATGATCGG,1165,51.93,Escherichia coli
SEQ_787366,GGCCACTCGAGGGAGCAGGCGCGTGCGCAAGTACGCAGTCCGCTGAGGGGAGTCATATGAGGATTGGCGAACGATTACGCGAATGTGCCCATCATACGGTCATTGTGCATGCCACGTGTGAACGTGTTCCCTCGCACATGGCGATAGGTTGATCTTTGTTCAGTAATTCGTGTTCTTTTGTAGCTCTAGGGAAAGGCCTTTAGTCTGGGATTCGAGCGGGTAACCTTGCTGCGCTCTTTTCCTGTAATCGGTCGCTTCCTTATAGTGAAAATAAGGCACATGGTTCCTGTATGATGATTGCTAAACTGGTCCTTCCACACCTCGCCCTCTTAGTAACCGTGGAACTCGTTTACAATTTTCTAAGTAAACAGTCCCAGCGAGTCCGAGGCCCATCTCTCCGTGCGTTCGCTTACCCTTGTTCTGACTTTAAACGTGTCCCAGAAGACTTCGAGGAGCCGATGTTACTGATTGCTCCAGATGCGACTCAAAAACGGTACTATACTATAATAGGAAAAGGCTATAAGACCGAATTATCACTGCCTTAACGCATTTTCGCTAGGCAGGAGGCGTGGGCTCAGGTGTCTTAAGGTTAGAGACGCCGGGTTCGCGTTCTGTGTGCCTTAGCATAGCGCTACCGTGCGCAGGGGAATACCTATGTTCCACCACCAACTACAATATGCGACTAATACAAGGGCGCTTGGTGAAACAGAGAACATGGAAATCTTCCTGCATGTAAAGCAGCCGGCAACCAATATTAACAAGCGGCACTCAACAACGTGCGTCACCTACGGCCCCGGCAAGGCTGCAAGAAGTACACGGGCGTCCAAGAGTTATCGTGGCACCGTGCTCCAATCAGTACGATATGCGTCCCACTCCCGGTACAATACAAGTCCCAACTATCGCAAACCCATTGCGCTAGTCTGGCTGATAGGTATAGGCGGTGCTTCGTTACATATGAAATTACATTACGGTCGGCGATACAAGCAAGATCGTTCCCCAGTAAAAACAGGGTGGTCGTCCTTAGCTCAGCGTTCGTAGGACCCCAATGGCTAACCCTATGATGACAGACCCACCATTCGATAGATACCGACATGCAGAACGTTGCGACTACTTTTCTACTCAGTACAATGTCTGCATTTCGAATCTCCGTCAGAGTATCTCTTATGGGTAACTATGTCATGCCTGTGCCGCTCTAGCAATGTCGTATTACGCCTACAGGTACTTCGATATGG,1232,49.76,Saccharomyces cerevisiae
SEQ_271536,GTCCCTTCGTGCGCACCCTTGTCGTAGTATTCTGACCTATTCCTGCCCTCGCGTAAGAGAGAGCTACAGTTAGGCTAGGGCAGGGATCCGAAGAATTTGGCACAAGCATGGGTGAACAAATATTTTCAATATACGCTTAAATCCAGTGATGCTGGGGGTGGAGCGTTATTGTGCAAGGTATTTTATTCTGCTTGAGGCGTCACCCGGAGGGTTGATCAAGCGTGTCTGAACCGTTCTGGGGCCCCTCATCCGAGCAGATGAATGCTATGCTTGGACTTCAGTTTTTACCATCCTCCTTAAATGAGCCATAGACTGGACATTGGTCCACCGTCTCGCCAGAGGGCTAAAAATCGTTGTGAGAAACTAGCATTTGTGACAGACCTCTTGCTCTTCTATATACCCCATTTTGGAGTTATACGGTCTTCATAAGCGACGGACCTCGCTTGTACCAGATGGGCCAAGCAGGCTCGACCCCTCGCGAGAGATCCACACCATGACTCGTCAATAGCATTCTTTCGTGTCGCCGATGAGATAGGACAGTCATGTACCACGTGAAGTTATCCTCCAGTGTCTAAAGGGACCTATCTTTAATAGTACCTATCACGGGCACAGGAGACAGCCACCGCTTTGTACCCGTTTTTGTAGCGCCGTGCTAACAATTATGTCTGCTGATTTGAACAAGGTAGGCAAGTTTAACCACAGATCCGTCGTTTATATGAAGAAAGCTAGCTAGAATTAGATATCGTGTCATAACAGCAGGAGTTGGCATACTATCTGATTGGGACTTAGAATTTTCCCTGCCAACCTACCCTATTTTCCACCGTTTGAG,829,47.65,Escherichia coli
SEQ_903534,AAACTGGCGTGGGCCCTGAGAAATGGTTCGCAGCGGTCTCATGAGTGACTCGAGAGTTGTTTCCTTCGGGCTCCAGGCGCCGATGGCCAGTGGGATATTCCTCGCATCAACAATTCGGAGAGTCTACCTAGACCTAGATGGCGGACGGACTTTGCAGAACTTTTGAAAGGGTACAGACGGTTACGAAACGAGCTGCCACTCTTTTCCGCGGACCTACTCAACAAGGATCGCAAAGACCCACTGAAGGAAATCAAGACAGGAAACGCCAGGGCTTAGTAGGCGGTTGAAAAACAACATGGCACAGTACGTATCGGATCGGTGACGGTCGCTTTCTCCCGTATTGGGAGCCTAGCATCTCGTAGCCACCCTCATTTCGTAATCATAGATCTTCTGGCTTGATTCAAGGTACATGTGCCAGCGTTGTCATCCCTTAACCACCATAGGTCATGCTATTCAGTCATTTCCCTTGTAAGGACGCATTACGTCAGCACCCCCGCCTAGTCATGAAACCGTTGGTTTGGTTAAGGTAGAAGTCATTGCGATAATCAGCAGCTCAAGCTCAAATCAGGACGGGGCTGTACCGTGTGGTCGAGTCCGCGCAACTGTTCGAGAGGTGAGCTAACCTGCAAGGTCCCGAGAGTTTGGAACGGTGCCACACCACTAATCTCCTCCTAAACGATCAGCTCGGCGTCTACCCGTTAAGGTGGCCGTCCATTGCTTATAATACGATAAAAGGGGCAAGAGGCCGATTTGCCATCGCGACACCTAGCATGGCGACGATGGGCGCGGCAGGTCTTGATCGTTCGACCTTGTATATAGACCAATGGCGTTGTGCTCAACGGTTAACATCTTCCAGCGCCCGGAACCTGCACCACTTCCTTAAGCTGTGCACTCTGTACGACGCCCGTCTTATCGGGCTGGCGTACCGGCATCGTTTCCGGGTAAGGCTGCCGAAGGTATAGTTCCGATGGGCGGAATGCCGAGTATTAGATGAACGAGAACGATGGTGCGGCTAAGAAGACAACCCCACTCGGCTTTGAAAGCGGTCTAGGAAAGGAAAACGTAGCTTCTGTGAAAGTCACGGCAAAGTGGGCTCGTGTTCCTATATCCACTGTAGACTTTAAAGCTCAAGTTGGCAGAGCGTTGACCTGATGAATCGAACACTTCGCAAGACTGTGGGGAACCTCTGCCGCAACACGCGTAATCCGACACACTGTCTCGAACATTTATGATTGATCTCAGCGTCTGCAAGAGGGGCTTAGATGATTCAGCACGTTATGATACTTAGTGGCGGTAAGTACAGTGATAACAGTCTATCAAATTCTCCTATATAGGACGCCAGATTGGTACCACCGGTCAAGTTGTCAGCAGGCGTACCCCGATCCTGCTCCTCCTGTCACTCTTTTCCTCTACTGAAATGGAGGTGACATCGACGTGATAAGGAAACCGCAATAGCTCTAAGCCCAATACAACAGGAACTACCTCTCAATATCTCCCTCAGAAGGCAGGACCGCGAGAAATACACGCCGATCGAGGTAAGGGGCCGGGCGAAAAGATAACGTAAGAAACAGCGACGATCCAAGGATTTTTGTGATGCTAGCAAGCCTCAGCATGTGAGGGAGTAGATATCGGACCAAAAAGATATGAAGCCAGTCCCTATGTACGCTTTCCCTACCGGGATCGACAAACAGGCTTATGTGACACGTAGTGAAGTTGGGCTTTAGCCTATGACTGCACTCACAACTGTCGTCTCACTGTTGGTAAGTTCAATGCTCTAGAATATGAGGCGGTCGTGAGACCCCTCGCAAAACAGATAAAGGCCCGGCCGGTCGTGCTGATCACAAGAACACCGGGATTTCCGATTGTAACGTCAGTGTAGAT,1881,51.04,Escherichia coli
SEQ_613504,ACTCTCGCTATTTTATAGGAGAAGAGCACTAAATGATCCTCTCCCCGTGGGTGACATAGGCCTAGCGCAGCAACGCCCCACGGAAAAACCACAGCGTCTCACTCCACACAATGGATTAGTCTAAGTTCTCGTAGGATCTGGCGGGAATTGCACTTACCGCGCGGCAATCATTATAGGCTATGATCCTGGCGCAGAACGCGGCTATGTCAGGTAGGTCTGGGGTCGCAGTTAGTGTACATCGGC,243,52.67,Drosophila melanogaster
SEQ_959968,CCTTTCCCTCGCTGACACCCTACCTCTCTAACTTAGGGACCGAAGATGTCCGCGCCTCCATACTTTGACTGGACGTATGAGAGGAAGCACGCAATCGGACGGTGCGGATTTTCACGAAGACACTTTTGCTCGACAAGATACCCCTCTTTAGACGGAGTGTGGGAGAAGAAAACGTTTCCCTTGACTCCTGTGAGGATTTTGAACATTTTATTGGCACGGGCGGCACGTTTTTAATGTTTAGTACAGGTCCGTTAAAATACAACATAAACACCCTTTTGCAAACCTAGATCTAACGTGCCAGACCCAGGATGGGATGCGGCCCGGGCCTGAGGTTCCTTTCTTGTAATGTAAGACATTTCTGCTTTTCGGTATAGAATGAACCTATCGGGACCGCAGGTAACGCACCATCAGGTGAGCGACGCATATAGACTATATGACTCAGACTCGGGAACTCTATTGATACGCGGTAGCACAGCCAGTGGCTTCCTGGCTTCAGGCCGAATACTTAGACAAGAGTATAACCCTGTCAAATGCG,535,48.79,Mus musculus
SEQ_305377,CATAGTGGAAGCTCTCGAAACGACGACAACAGAGGGGTCCTCGAAGTATAGTCCCAAGCACAGGATGAGCCAGATTGCTGTCGATATAGTAGGTGCTACGGTATTAGCCTAGCGGGAAGTGCTTTATGAGTCTCCAGTACTAGTAGCATCGTAGACGTCTCAGCCGGCCCCCTGGGCGAGAATTGGAAGGGTTAGTGGGGCAAAATGACGCCGAAGCCATTACTCCCGCATCCAACTAATGGCTTAGGCCTTCATGGATCCGAAACAATTGATAGAGGCTCTGGTGAAGCCTCCGCGCTAAAATTGGCCCGGTTTCGGTTACTACATCCGTAGACAGGAACTAAGAATGGATAAGCGGTTAGTCTTCTACTGTTTCCATTGAGGCGAGATAAACACAGCCTAGCCAGGGGTGTTCTTGTGAGGATCAGCGCGGGGATACAGAATCAGTAATAGAGTGGGAAGGAATCGGTCAGTTTGATCCTTATGCCGTTACGGGTCGTAAGATCGCCCTACTGCGGAGTTGAAACTACCTCGTTTGCGGTATATGACCTGGCAACGGGGACACCCGAAAATGGCCTGAGATAACAGTTCGGCCTGGTTCAATAGGGGGATTAGGTTCTCCAGCATACAGGATGCGTATTGGAACAACTTACGAGAAACCTACACGCTCTCCGCGTTGTTGTCCACTAGGCTCGGCTTACCCAAAGCCTTAATTCGAAACGTGCATCTTGCTTTCGCCATCCGCGTTGTGAATTAACAAACATTGGCCCGCGTCAATCGGATCTCATCTGCGTTGTATAGCAGGACACCAGTACTATGATTCAGCATGACGTCTTTAATAACTGGTGGACTGACTTCTGGAGAAAAAATCTACATCGCCAAGTCTACGGGATGCTAAATTCGGAAATCACCTTAATTTCGGTGGTCCCAATCGCACTGTCCCGTGTGGGGAAGTATCAGCGATAAAGGGCTTTGTGTCCGCCTAATCCTTGAATTTTGCTAAGGTCAACTGGATCCCACCCCTGCGGTAGGTCAATTGCTTATTCAAGGTTTCATAGTGGACAGGCGACGACCCGATCTACAGCACGCCGGAAACGTGCAAGACACCGTCACTCAGCAAGCTAACCAGGGGAAACCTGGCATCTTTGCTGTTTGTCATATCTCCCGCGTAGTGCCGGACGCTTGTACCCGTATTATGCGGCGTGAAAAATTGCCACGCCGACGCCCAAAGCCGTCTAGCT,1241,50.44,Escherichia coli
SEQ_824565,TCACCTTGAATGTTAGGAGTCTGAGAGAGAATCTCCGGTCTTCGCTGCTGGTTTTGCTCAAGGGAGTCCATCTCTAGATCCATGAGTGGAGGCCAATTCGTAGCTGTGATGCTATCCAATGTGCCTCTCACGAAGCACGCAGAAAGTCCGGGGGGTCGTCGCGAGTCCCCTTTATCGTAGCCTATCCTAACCTGTGCAAGAAAATAACTATATAGCGTCCTTCACAAGTACCTGATGGAAGCTCTCTTTTGACAGCCGTGCATTACCGTTACAATACCCCGGATAAACTTCCCTCGTGGATTGGTCTAGGACGCTGCGCACAGGAATACCTTATAGAGGAGTATCACGGGAATATTGAGTGCTAGATTAAACCTAATTCGGAACAACTCCATTCCAATGGCTTGTGAGCTGCTCCTCGCCATCCACGTCTGTCTGATGCCGGCAGTACCTATGTTCGCGGTGGAAAGCCACCATTAACCGGATGGTTCAACAGGAGTTTACTATAAACGCATGTCGACCGCCCAA,525,49.52,Arabidopsis thaliana
SEQ_437939,GGGAGAGCTCCGCCGGTTTGCAGTGCCGGATGAACTTAACGTCCGCAACAGATTACTTCGTCGGTCAATATTAA,74,51.35,Homo sapiens
SEQ_824390,ATGATATTGTTGACCACATGCGATAAAACGGACACTGGGCACTCAGTTTATGCTCCGAGTGAGTGAAGTAGGGACGTCACTGTAAGACCTGTCTATCTCTCACAACGGGGGGTAGGTTTTTATAGTGTCTTCAGCACACGCCAGCCACGCACAGGCGTAATCGGGAATGCCGGGAGCTCTATTAAGCTGCCAAATGTTGTGAGTCTAAGGAGTGACCCGTCCACTTGCGATTATTCCCGGTACACTAACAGTTGAATCCAGCTATAGTCGTCGGAGTCCCCTGGAGCGCACCGCAATCGCGCATTAACATGCAATTATCAGTAAGACGTACATCCTGGATTTTTGGCAGAAGTACTTTTAATGCCCACGGTCAAACTCCACGCTCCAGATTTCACAAAGAACGTTAATAAACTCCGGGCGGCGCCAAGTAATCAGGCAATGACTCTATACAGCCCCTGACTGAGACGTCTTTCTAATGGAGTGACGGGGGTCGTCTTCACT,501,49.3,Homo sapiens
SEQ_175722,CTAGGCTGGAAGACCGGTACGGGATATACGTACATGTGTCATCGGTGGGGACAGCTCCTCACACAGAGAGGTGATGGCGATCTGGCGGTGAAGCGTCTGTCGACGTTATTATACTCTCGAAGTCAGCGTACAACAGGGTCTCGAAACAGGATTATCCTCCGTGGGCCCCTGTGATTAGATGCGAGATAATCAGCAGAGACGCTTTGTGTTTCCAGAAAGACAGTTCCGCACTAGGTTAACTCATCCACCCCAGGCTGCCCATGGCGGCGAAGTCTAACCTGACTGGATTACTGGTGCCGCTATAGATGGAGAAAGCCGTTTGCTCCCACCGGTGGACCACCTGGGAGACTATCGGTTAGTCAACCTACGTATGGTATGCTAATGCCTGCAGCGTATTCGTGACTTGCAAACTCCAGAACTTAGTGAATGGGTGGGGTCCAAAATCGGATCCCGGGATTCTTCCCCCTGACCACCACCTCAGAGACATAAAAAATAACGATCAGTTTAAGGCGCTCAACCCGAACCCACATGACAGTGTCAGTGAGGAAATTCCGCCCTGGCTGTGAGGACTCTCAAAAGGGAATGGATGCGAATTGTTACCCAGAATTTGCTGTCCCAATGCACTGCACAGGGTGCCCCGGCGGCCACAAACTGGGTTTGCGCTTGGCAAGCGGCCCCCATGACAGAGAAATTATAAAACCATCAGGAAGATAGGGCCAAAGATGCCCCCCGGCTCTTTGTTTAAAAGCTATCCCCGTCTGACCCCACCAGTAACGGGCACAGCAAACTGTGCAGCTGGTCTCATCACCTAGGCTGCAAGAGCGTGCTCTTACCTAGGTTGAAGTAGCTAAAGTCCCCTACCGGCCCATAGGAGCTCCATGCCACGATTTTAATTGTTATAGCGGGACCTCTGTACTCCGAGTGCAGCTCCATATGCCGGCCCCGCTCCAGCTTATCGATAGTCTTGACCCACGTGTATGCGTGAGGCGCATATCCTCCCAATCAGGATTGAAAGTCGCCGCATACAAGACTTCCTTCAACTAAGTAGACCCGAGGTCCCTCATGGACCGTGTGCCTTACGACGAGTTGCTAGTTGTGAGTGAAAGTCCGGGGAGGTGAGCTGTAGACGTCCTACGCCACACTTTCACACGTGTCTGGAACCATACTCGGGACGCCGAAGCCGCCGTAATTATAGAGAGAGCCCGGTGAGTTATAGGAGGGTTTTACTGAATCCAGACTGGAGCCCGACACGCCGAGGGAAGGGCCTTTGCCAAACTATCCAAAAGAACTTTGGAAGCGATAACTATGCTCCGCATTGCAAGAGGTCCGGTGTGTGACAGCTCCCGCGGTGTTAGGTTGCGTTCGTAAAGGCACAGCGTCGTGACTTAATGGTTAGATTGAAGGATGTTGGTACGCTGTCGGTCAACACTGGGATCAGAGACCTCATCTGTGCTGTTGTCTACAGATACATAAGATAACCTCGCAGTC,1488,52.62,Escherichia coli
SEQ_742580,CCAGCCAGCCGCCCTGCATTTGGGTCCCAAGGGCGACAACAGTCGACGCTTCTATATCACTGTTCCTCCGTGTGCATTCCCCGCTGACTGTTACAATAGGCTACGCAGTGGTAGGTTGATCACGATTGGATTTGCCGCTCTGGTGCAAGCTACCGCCAGACAGGACACAAGCGTCGAATGTGAAGCGCTTGTCTTCCCCGCGTCTGTCACACACAACAACACAGGTTATCACGCTCACAGCTTCGTGGCGGGCCAGGCGCCGGTGGCCACACTTTTCCATAATCCGCAATGCACCACATGTGGGTTTTGCGTTATCGACCGTGGCGCCCGAGGCTAATCCGCTAGCCTCACGGCCATCGAACCGTGCCTCGTCGACAAGCATGCCGAGAAAACAATGTTGGTATACGCTTTCAGTAATCAAGGATGGTATAAGCCAGAAAACTAAAGGGCCATTATGATACTGAGAACGGACAAGAATTTTTCCATTGGCACGACGTGAGCCGCTTTCGACCGTGGTATGACCTCGCGTCTGCGTCAAACTAGCAGTCGTACCAGTTAATTGAAATGAATTATCACGGTCAGAGCGCACATCGACAGTCAAGGCCTCCATTTAGGATGTGTGCAGTTTGCCTCGCCGGTCGCGACTCTTGCCTTGGGGGTTTAGAGGAATTGACCGGCGTCCTCTCATTATCCAAGGCGAAATGATAAGATACCTTCCCATAGCAAGTCAGTAGTCGTTTGGCGCCCGTATGAGTGAACACACGACTTGTGGAGTCGGGCACGCAGTAGATCTAGTGTACTATACTGTCAGCCAGTCCTACTCGCGATATTCAGCGCGATGGTCGATTTCTCATTGGGAAGGCACACTCCGGCTCGCCCAATAACTCGTTGGCTGCTCCGTGGCACATGAGGCCAATTACATCGTCGATCTCGACCTAACTTGGGATGGTCACGATACCGCCTGCGATGAGCGCACCTTTGAGGTAGCTCGACCTACAAGTCCTGGGATCGGGCAAACGGGGACGAAAATTTAACGCCTGCTTTTTCGAGCTAAGCTAGTGCACCATAGTCTGTTGGATAGTAGGGGTACTCTTAGGACATTCAAAAAAGCAGGCCACCCCCGCCACGATCCGGTACCTGACACTCAAGGGGCCGTAGCGGTTAATTCGCTCATTTGGTACCCGCGCCGCTTTAGACCAGATTCCGTCCATAGTGACGCAATGCACCGTTCATTAAAAACGCATCGTGCTCGCGCTTGACCCTCTGTTAGCGAATTCGTCAGAGTGCCAGGCAAGTTCTGATTCGGTTTGTTCCAGGGCTTTTTAAAGTCTGCCCACCAATACCTTCGATTATTCCATGTCAAAATAGTATTTATGAAGCTGGTGATGATTCCTCTAATCGAACAGGATACCGCGGTCGGAAGCGGGAGTCACGCAAACCGCTCGACGGGACTACAGGCCCACTGCGCTTAGTAGTCGCGACGGCTTCGTATAACGGTCTCCCCCCGCTGGTAGCCGGACAGCTTGTCACGCATACAGCGTTGGGTTCAATCAAAGCTGCCCGTCTTACTACGCGTGACATTCGCAAGGAAGCCTTCGGCGACGGGGCAAAGGCCTTCGACCGCGCAAAGGGTAGTCGAAGAAGACCTCGTCTCGTCAAG,1660,53.31,Drosophila melanogaster
SEQ_287258,CCTTTATTTGTATGCTCCGCCCTGCGCAGCTTCGCATAAGCTCCGTTGACGTTCCTTAACATTACACAAATGAAGCGTGCCCCCTTGATGTACCCAGACCCCCATTGTTACAATGCGCAGCTGTCCCGTAATGCCGGCATGTGAACGGATCCGGAAGCCTGCGGTGTAATATTGGATCCGGCCGGATTAACCCAGCCCAGAAGGCTACAGATTACGTCGAGACAATGTTATCGCTGTACTAGCACGTAGCGAAAAAGACGAATCGTGGAAAAAGTACCACCGTTAGTTCCTGTCATTTTCCCGCAACGTTGTACTCACATTGTATATGACTCAGACGCGCCAGCATGACACGCGCCTAGGCTCCAGTCTAGGATCCTTGGGCTAGGGGTTGGGTCCCGTTGGACACGGTTAGCAGAGTCCTGACTTTTAATACTGGGACAAAACGTCGGTGGATGTGGCTTCTTCAGGCCTTTGTATACGATCATAATTGGAGGAGGAAACTCGACTTTTACCAAGGTAAACTGTCTTCTTTACACAGGCGGGCTTGCTGCCATGCCTTGCTGACGATCAAGCCTGAGTCTCCACTAGCCATTGCGCTTCGACCTCCTAAAGCGACTAATTGGCACAGGGCGATAGATTACATGTCACTGATTAACTGGTCCGAGTGATCATGCGTAGGCACTAGACACTAGATCTAACTGAAGGCTCTTACCCTAGACATTGCAAACGTGCGGCTAGACTATCTGCGCTGTCAAGCGGCCGTCCGACGATTTTCTCAGATGGTCCTCAGGCCCATAACCGCCCAGGTAATGGCGTCCTCTCTAGAATGAGACTTCTTCGTGGTCTCAGTCCCCCGTAGGCACTGTACCGGACTGCTTGGTACTAATACGGAGGGGTATCACCACGCGGTTCGGAGACCTGCTGCGGCTAACATGCAAGCTTAAGAGACTCGTCTATAAAGCCG,964,51.56,Caenorhabditis elegans
SEQ_447970,CCGTTATCGTAGCTGCAGGTGCTTTCAATGTCATTAAGTTTACGCGCGGCGGCCGAAGATCAAGAACCAAGATTGTGCAAGTCCTAGCGAGAAATGATCATTCACGATACTGTCAAGTCACCGCGGTATACCGGGTGATCGAGTACAAATATCATCGCAACTTTGAGGTTAACGAACGTAAGGCAACAGAGAGTCGACCCATCGGGTTTAGCTTCCCTCTCATACTTCTAACTAACATAACGATGACGACTGAGAGCCCATATATGCAGTGAGTATGGCTCTTCGACGGCCCGCCCGTACAAAAAAAGGTGTCCGCGGTCTTGCAGGCCGGGCATTTTCCAAGCGTTTTGGGATTTTAAGTCAAGTATTCTGCCCCAGGGGCCCTGATCATTGGTCCGTGGTTACCTAAGTATCATACCATCCCGGCCCAACCCTCTTAGGCGCGGTTGATATGAGTGCATGGAAACCTCAGACTATAGCGTGACCCACGACTAGCGCGAGCTGGAACGTTTGTCGATGACATATGCGAAGGTGTCCACCATTCGAGTGACAGAAGCCTGCAGGGCGACAAACGTCCACAATAAATGGTTGGGAGACATATCGGGATCCTATGACCCTGTAGCTAATTCAGAGTTTAATGGATCGTGAGAGGGTACTCTTGTAAGATTGCACTACCGACCTATACTTCGATCTAGAGGGCGTTTTGCCCATTCTATACCGCGCAAACACTG,731,49.52,Escherichia coli
SEQ_234560,CATGCTAACCATCGTATGGTAGGCAGCGAGTAGCATATTCGGACGCCGGTTTCATGTTATTATATAACATACGGCTCATTAAGTTTAAAAGAGGCCGCAGCGATCTTTTCCCCCAGGACCAGGACCCGGGGATTGGGTCAACTGAGTGATACATGCCAGTCGGGGGCGAGTCTAAGATTACTGAAGTCGTGAACACGGCGACCCCCTAATCGCCGAAAACCTATTGGAGATCTTAGGGTAGCATCTTCATCTAATCGGTTGCCTCGCTCATTCAAGGATGCGTCCGGAGATGTGGACAGCCGGGGACTCCCAGGCGCGAACCCGCCAATGGAAGCGAGAGTACGCGCCGCATGCCGTTACCCTTTCAGTGGCATAACCTCCGTGTTCCGGGGGTAATCTTCTTGAGCAGGAACGCGAGAGTTAGAAAAAGCCGCGCCAAACTCCCTGCCTTCCCTCTCTCATATAACTACTTAGACGCAAGAGTTCAACCCTGGAGCAGTAAACGGTTCTCGACCCGGGGTTGGCTGTGCACTATGTTGTTGCTTACGGATTACGCTCCAAGACCTTCATACTTCTCACCGACTTCCCTG,590,52.88,Drosophila melanogaster
SEQ_714525,TCCGCTTTAAACCCGAGGAACCTCGTGCCCCTCGGTAAGTAGTTCCCAGATAAGCGACGCGCGCGCCACTACTCGAGGGACCTTGAATACTGCCCGCTCCGTACCGCCACATCATGTCGCACCATAAACCGGACTCCACTCACGCTTTCAATATTTCTCCGGGCCCGTCACGATCTTTTAAACGAATTCGACTTCAGCTACTTGATGTGTGGTGGCGATGTATGTGAGTCTCACCGTGATCTTATCCTATAACTATTGCAATTGTCGTCGTTCTTGATATATACAAAGGAAGCTAAAAACTGCACTATTGTAAATGTTCGCGGGGGGCAGCAGAATTAGATCAGTCGTCTACGGTTAGAATGTTGGGGTATTACTGTTGACGTCTGCAAGTACTCAAATCAACCAAAAACTTCAACCTTACGGATGCTTGCTTTCACCCTTATGCACTATTGACATTGGTAATGGCTCCGACATTTAGCATTCACTTCCAGTCGGTCGCGTCCAGCGTTTCCCGAGTCTACAGGAGGAGAGCCATGCGTATATTACAACAGCCCTGAGTTGGAACCTTGGCTCCGTGGAAATATAAAGACCCCATCAGGCCCCATCAATCGCGCGGAGCAGGTAAATCGTGCACGCCCACGCCGGCTTGCTGCCCTGGATGTATGTATTACAGCGCTCTAATCGTCATCGGTACGTTGTACAACACATATCAAAATACTTCCTGAGGATATCTCCATCGATTCAGATCGTCGTACCTTTTAATTCGCCTCAATCAGCCGGACTCTCAGGCTTTTCGGCGTGATGCTTTCGACGCCACGTCGGGAGGTACCGCGTGCACATGTTCATCGCGATGCTACTTAAGCGAGCGACCATATTCCTCACTTTGAGGGCCGGCCAATTCTCTATGGCTATCGTACTAATTCAGTGACTTCGTCGAAAGTTCCTGATACAAGAACGCCACACGGGCCAGACCCCGTCCCTAAACACGAGGTGTACCCTCTGGTGGGACCGGAGATCGTGTAGTGATCCAACACTATTTCCATTAAGACGAGCTAACCTCCAAAGTTGTGCAGTACTCGATACTGAATGTCATTGTTGAGTCTTAGACACACTGGTTCATGGCCAGAGGCCATCACAAGTAATGCATACTGCAACGTTTGGTTGTTGTAATCATGAAACAGATAAAGCGTGCAGTCTACCCTCAACGATTAGAAAAGTGTCGGTCATATCTCTCAGAAAGCCTGCGGGGCCTCAGACTACATTTGCCATTCTTAGGGGCTCATTGTAAACATTATTCAACTGCGTCGTGCCTTTTGGCTTTAACACTACCATTTTGCTCGACTCATCGTGTTGCATCATACTGTACCGAGGATGGGTCTCGTAGTGATTTCGTGTTCCGCCTCGGACGGCTATCGGAATGAAACTAAGATCCAGTTCTAGCGTTACTCCGTCATGGAAATAGCTGTAACCTTTACAGCCCATCATGGCCGGACATCCCTCTGCCCTTGGTGGATCAAAGTTCACTCCGGTTACCACTAGACTAGCATTAAATGGGCGTCGCTGCCAAACTAGAGGCGAACCGATAATATCCGTAGAGATATCCCAACAGGGACTACAAGCAAGCGAGTCGGTAATCTGTATCTAAATAAGAGCTCACGTGCTCGTGATTTGTTGGCCGCTAATTAATCTAGGTTGTTGCCTGAAGTACACGGGGGATAGTCTTTAGAACGCAAAAGGAGATTAGAACATTGCTCAGAGACAAAGGTCTCATAAGCGCGTTGTAGCGCGGCCGGAAAAAGACTGCTGTGATGTTATGGCTGGTTTGCGGACAGGTGTGTCTGAAGCCTATTTCTGTCTTCCTGAGTTTGGAGGCAAAGTGTTTGGACGCAAATAGCGGCCTGGCATATGCACTCCTTGGAGACTAGGCT,1928,48.6,Arabidopsis thaliana
SEQ_423752,AGTAAAGTACTTCCGTGGCGCCGCACCAGACTGCCGGTGGGACGGACAATGGGCTACGACATGGAAGTAGGGGGATTCACCTGTAATGGCGTCCTAGCCCGTCACAGTAACTAGATTTCTATCCCGACTGAGCCTCCGTCATCCAGTCGAGTGCTTAATGAAGCAAGCATTGAACTGTTTTCTTCAGCAGTAGGTTAATCTACCCTGGTTAGAATAGACAAAACTGAACCAACTGTTTCAATAGGGGAAGACGTTTCCGGCTAATATGGTGTACATGCACCTCCTTAATACAGTCCCGCTATGCGCATACAGGGCACGCGTCACGTTTAACTCCAGGGACCTCTGACAATTGGCGAGAAGCGAACCT,367,50.14,Saccharomyces cerevisiae
SEQ_597168,ACCGATTGTGTAACGGCCAAGGTCGGGCCTGATGCCTGATCACTGTAATATCGTGCGGTGGGCGTCGCTAGAGAGGTGACTATGGCTGGGGTAAGTTTGACCTAATCTACCCTACCTCTAAAGCTCTCGTTGGCGGATCGGAGGCCTGTAGTTATAGTAGCCACTCGAAACCGGTTACATTTGACCTTGCGTCTCTAGCCTCTTAAAATGGCTCTATGAGTACAATACGTGTCAGCCAACGGTCTTGATAGGGCTGGTCACCTGCACCACGATATCTGGACGTGGCTTTAACTGGGCGCCCCATTCGACAACACCGGAAGCACCAGTACGTAAACTGCCACGTCTTAGCATCCCAAAATAGCTTAAAGATACAACCACGATTATTAACAGGCTACCCCTGTAAAACCGATGCTTCATGAGTTCCAGTGGGCACACTATTGTAAATCCTAACTATAGCTACGCGCTCTGAGGTGGAGTGCGATCATTTCTCGGAGAATTGCATCCGCCAGTACCCCAAAGAGTATCTGCCGCGACTACGGTCGCACTCGCCTGAGGCCATTAACCTTTGCCTGCAGTGGCGGCTGGAAACACGATTTTTGCCTACCTCGGGGACGAAATGTAGTCAGGTTAACTATAAGTAGTCGAGGTGATAGGATACTTATGTGCTATGCCACCTATGATTACCCAATGAAGGTAGACCAGCCACTTATCTCCAGGACGGGGTGGGACGCAAGCATGTAATCTGA,746,50.27,Escherichia coli
SEQ_689070,AGAGATTAAGTATAGCCCGCCATTTTTAAGTCGTAGCCACATGAACATTGAATTTGGTATTGTTAAGTCTAATATAAACCTCTTCTTATGAGCAGGTCCGCTCGTTATTGACGAACGGGTCGGCGATCCCCTGCGTCGGGCCAGTAGCCTATGTCCCACAATCATGTGTAGTTCGGCTCGGCGTCCGTGGTAGTACGGTTGTTATATTCCTCTCCCAAGAACACCCAACTTCACATCGTCTTATACATTCAGGTTTACCCCGTATCGTGCACACCCCGCGCAGGAACATACGAAGAGTTGTCGCTTATCTCCAACTATAATGGGGATAAGATATTTGCTAAACCCGTTGGATTAGCACGCACCTTGTGAGTCTCTGCTTCTCGTTAACTATTGGCTTTTAGGCGACGGTGAGACCCCCATCTTAACGGTGCATATCCGGTCCAATTGGAGCATATGACGGGGCGTAGTGCCCAAAGCTCACGTCTAGATAATGAAGATAGTAGTAAATGTCAACTGACATAAGGAGTTCACCATCCGAAGTTACCGGGGTTCGGGAAACTGTTTACGTTCCTTGAATTGGTCTTCCAAATGTGTGTCATCATCTGCAGTAAAGAGTGGCTAAGATATACGATAGCCTATGGCACCCAAATGCCAGCGACATCACACACGCCTGCATCCGACGGGTCGGCAACCATCAGTTGACACATCAGGTTTACTAAATGGTCAGTCGTTTACCCTTGGATCAAGGATTCATGGTCGGGGTATACTCCTCATCCCAAGATGTCTCGCGTCAATCAGTCGTCATGTTCTAACTCGTCGGGCGAGCAACTATGCTCCGACCAAAGCGATTAGTCGAGGATGATTTTGTACCACCGCAGTCAATCTACGCCCAATAAAATGGGGGTTGATTTGTCTTGTTAGACAAGGCAGTACCGTGCGTGATGACCCTTATTTGGTAGGGAGTATAGTTTGATATGAGGCGCGACCAGCATGCGGTCTATGATTGTCCCGCACCACAGAACTCTCTAAAAGTAGTGCTGGGCCATCTTGGCACACAAAAATATAACAGCAATTTCGAGCCTCGTTCTGCACGAGAAGATTGCCGACCACTCTATATAGAGTGTCGTGATCTATAAAGAGCGATCCGCAGAGTCCCTAAGGCTAGCCAACTGACCTTTGACTCGCTACTTTGCGTTCTCTAGGAAGTTCTAGTCCAAATCCTTCTGCGTATTAGTGCGCGTCCGCAGGGATCATCATTAGCGCTACGGCGTCTTAAGATCTGGCGCATTCCCCCCAGCGGCTAGTGATATGACAGGTTTTTGTGCTACAGCTGGCAAGCGGTTAGTATAAGCAAGATATACCGCTTGGCCAAGGCTGAAGTTGAATCGCCTGGCTGACAAGACTGGGTAGTCAACTCCGCAGCATGGCGTCCAGTGCTTCCATAATTGTCTGTAACTTTTACGCTCCAAATTTCTTCCGTCATAAAAAGGACCAGCCTACGTATTTCGCGCTAAGTGTCATTTGTACTAAGAAGGCTAGGGATATGTACATGACGATAGCTTAGCCACGTTGCTCCGCTTAGCCGACCCCGTACATACCTGAATGGAGACTGGTATATCCCGAGCGCTCAACCGGGGCGC,1640,48.41,Drosophila melanogaster
SEQ_785235,GGACCGGTGTTGGATATCCTCACAAATACGCTACCGTCCGTCTACAGCTTCATATTAGCTCCAATTGTACAGTAATATGCAATAAGGAGCAATCTTTTAAAACACGGCCATATAATTCGACGTTCTCTCATCAGATTCGTGAGAACCTTATTCTTCGACTATCCTATGTGTATGTTGAGGAAGTGGTCCTCTCCGCCATATTGAACATTTGCACTGTAATTATAAAGGTTCAACGGCCACTAGGGGCTAATTAATATCGCTCATCAGATCTAGCATGTGGGTTGTAATAGTGGTAAAAATAATAACTTGACGCTCGGGGGCATCTGACGGTTCTACACACCGCGGTTAAGTCGTAACTCCTCATTTATGCTCTAACCGGAGTGGTCTCCCATAAAGATTACCTTGAATACTGCCAGGGCATATAAGCTACAACATCTGATTATTTTACTAGCATCTAAGTGAACCTCTGCCTCATGGTCAATAAAGGCGCGTAGTCCCAACTCCGAAATGGACGGGGTTTCAGGCGGCACTTCCAAAAATTCGCACATAACGCCTACTACGAAGTAGTAAAAAATCCAGCCGGAACGGTCGACAACGACTGAGAAATCATACGCAACGGAATAAAGTATCGGGACAAGTACTTCTTTCTGCTGGACGTTCATCGATCCGCGCACGGCCTGCCGCGCACATGCAGTCATACTTAGTGCTGAATTTCGGTGTTGCTCACCTAGCTAACCGGGCATCAACTAGTCGCTCGGCGGAACCCGACCCACCGTTATTACCAAGTTGATGACTTCTGTTGAAGGCCTAACCCGGCCTCCCGCTGTTTGCAATCCGGGAGCTATTTAACGGGTTCCCACAGAATTCCCCACCCTTCACGCCTGTTACGTACCTTTAGCCCCATATAGAAATGAGTATTCAGCGAAGTTTGAGAGGTGGAGACAGGAGTCCACCTTGCTCACGCTCATATGTAGTGGGTGGCAGCACTACTGGCCCTTCTGCGTCGCCGTGTTGCTCGGTCGTTGCGGCGACTATATTGGAACATTACACTTCCTGTCAGTCGCGCCGTCTAGACAGAATCAGCACACTACAAATCCCCATTGGCGACCTCATACCGTTGTGCTCTAAAGTTGTTGCCGTCCCTACTTCGCGGCGCGTCGCAGGGTGAGCCCTTCAAAGTCCGGGGTAATCCGATACAAGTGCGCACGTTGGGAGCTCGGCAGATGTACACCCAACAGAAGGACCCTTGTTTACCAGGTATTCATTATTCAAATTTCAGGTTCACATTCTTACCCGCCACTTTAGCCACTCCGTTCGGCATAACACTGAGTAGCTGTAAGGATACCTGGACGTACTACCAAGTCATGAGACGCATAGGACATGGAGTACTGGTCTAACCTAAGCCTACGGGAATTAAACACTATGATGCTTTCCCGATTGTGATCTTCCATTCAAGAATGAAATAGGAACGTTAGTCGCCGCGTGATAAAAGGACACGTTAGCCACCCGACTGAGTTGCTACCGCGTACTGCCTCATCCTCAAGCGCGGGTTCCTCCACAACAAATCCAGTCCCTTCTGCTAAAGATCACGAAATCCCGACCGAGCTTGTAGCGAGATGAGCCAGTAAAGAATATGGCATCCCAAGGCGTACGCCCGACCTGGGATCGCACGAAGTAAAAGCGCCCCGTGAGCACTGACTCTCTATGCCATAGACAAGGTTTAGAGTCACCTATCGGGCCGTATGTGTTCTGGTAAGAAGGGCGTATGGCCCAGTACCGTCAACTAACTCCGCGCAAATGGGCATAAATAACTCAATTTCTGAAATTGATCAGGATCTTTTGTCTACTACAAATCAATGGCTGGATTCCTCCC,1873,48.64,Homo sapiens
SEQ_609696,CGGGAGTTTACTCTTGAAGTATCTATAGTCGCCACGGGGATCTAGTATGGTGCTCCCGCCGTCCTCAATATTGTGCGGAGCCGCAACACGATGATCGGTGCATGTGGAATATAGAAGGGAGGCGCCTTCTCCACGCAAGAACGGCGGTGTAAGGCTGTTCTAGATCGTCTGGCTTTATTCACCGTTTAGGAGTTTTCCCTATGGCTGACACAGGTGATATTGCCTCTGTCCGATATTAGGCGCCAATCTAATCTGAGTAGTAGCCCGGACCAATCAGCAAGTCATAGTAGGGGGGAAACGATTTTTCCATGATCAGAGAAAGGATCTCTCTCATACAATCGGCGCTATGATCTCGAAACAAGTAAAGGATGACAGCATAAAATATAAGTAAAATCTCTGCATATTTGGCGATTAAAAGTCTAGAACTTGTCATCTGCTACGCGAACGAGGTGGGACGGACCTAGTCCCGTCATATAAGTGATGAGAATTACTGGAGCTACTGAACCTTAAAGCGCGACCAGGATCAAATGGCTTAGTTGCCAACAGTCGATTGGCGGTCCGGCATAAAAAAAGCCAACCACTAGTGTGACTTTACCCTGTGATCTGCAAGTTGTAAATACCGACTGACTGGTACCCTGCCGATGCGGTGTGACAAACTCTAGCGTTCGAGCACAATTTGCTACGAAACTGCTCCAGCGACGGGAGCATTGGATCCTTCCCCGTTCAGCAGCTTCAACCTCGAAACACTGTGCGGCTTTGCAGCAACACTGTCGGGTCAGGGGAGGGGACCGAAAGATAGTATCACCGACCTCTGCATCCCCTGAGAGACACCCTCCCGTTACCGAAATCTACTTATTGGGGACCCGATGACAGGGGCTGTATGCGATACGCCCGCCTATCAGTTATATTGGCATTGTCTAATATTCACTCGAGCTCGGGAGTCTGCACAGACATGCAGCCGCTCGTCGAGCAACGGTACACTTCTAAGCGAACAATGAGCTACGACATGATGGCCCCCAAGAGCACCCTAGAATGCCGTCTGATAGGCTTTGT,1053,49.86,Arabidopsis thaliana
SEQ_277508,CAATGGTTAACGGCATTTCCGGGAGCCGGAATCCGCTACGTTACTTTTATGACTCTGGTAGAGCAGCATGCTGACTAAAAGGGCATAGTCTAGGCGACGCGATAAGGGCGGCTTCTATAAATAAGAACGGAGTACTTTCTTAGGTCTCAGTACGTGGGTTTCATAGATGTTAGCCGCGTCGACAGCTTCCATGCTGATCTGTTTCTGAAGCCGTACCTAGGCAGCCTAGGTATAATTAGTACGAATTGCCGTGGCACAGACCTTCTGAACGTTATTTTTGCGGTTCAAAAGATCACAGTTCCCCGGTCTGCACGTCAACGGGGTCTGCCAGCGTTCTATTTCGGAATAACGCGGTATGCACTATGATTGATCGGTGGCCGCGGTTTTGAAGCCTACGGACCGCTTGTATAGGAGGCGGAGGCTGCTAAATCAAAACTCGCGATCTTTGTTCTTCCCAGTACGGCTGAAATTTATTAGGTTGATGACAGATTCTGTAGGGCGTCCGTCGGCGGTGGTTTCCTCTCAACGTTTCTCTTAGCTAAGTCTATATCTCGCTCTGAGATGGAGCGACTACAATATATGTTTCAAAGGCATTCGCTTCCTATCTAAGATCGCTCGGCACCCCAGAAAACAACCAGCTATGGGGTCTTACAAACCTCCCCTCCAACGAACGTACAAACCTACAGACCACAGGTGCCATCGGGGCCCGAGCTGAATTTTCACGTAGGTCCTACGTCAACAGTCGATTGAAATAAAGTGAACGGATGAGCGATTTCCACCGCAGTCTGCGAGCGAATTCCAACGACTCGTGGCGAACTGCAAGTGTTATGTTATATGTCACTGGCGAAAAGATCCTTCGCTCATGATAACACATTCTGAGAATGCACTTTCATGCCATCCTAATCAATACTTGTAATTCTCGAGCAGCTCACATGAGCTTGTTTTATCCAGATGGAAGAGGAGGCGGCTCTTATCAAAAATGTCGAGCACAAGGACGCCAGTA,1003,48.16,Homo sapiens
SEQ_866599,ATGACCGTCCCGGGGGACTCCATGCTACAGGCTTAGGTGGCCTGGTGCGTCCTGAG,56,64.29,Drosophila melanogaster
SEQ_773679,CGTGGCTCCGGACGGAATACACCGGCGTAACACGTTTAGGTGATAAGTTATGAACCCATCAGCCCATCTCAACTTGCGCGAATCGGCCTCTACCTGATCTTTGATTTAGCGCGGGCACACCTTTCGATACGCGGTGGTACGTGAATATGTCTTGAGTGGTAGTGTGCGATCTCGAAAGAGCCCGGCTTACGCGTCGATGTATTCTAAGAGTGGCCTACCATAAAACTCGTAGTGCGGTCGGACCC,245,52.65,Saccharomyces cerevisiae
SEQ_724159,TCGAACTTCGCCTTGTGCCGGTCTGAGTATCATCTTTAGCACATGTTCCCAGTCATCCGTAGTACTACTTGATCAGACGGTTTATACTAAAAAAAGTTATGGTATGCCAATGTTATATCTAACCCTACAAGAGCAATGTACCCCGACTAACTGGACGGCGGTTGGCAGCTGTAGCGCCTCACGAGAACTTGACACATTACTAGATATAAATTATTGATAAGTGCTTTGGTGATTCCTCCGATGATGTTGAATTGAACGAGAGGATACGCTCCAATGATCAATGAAGAGTACAACGTATCCCGGGGTCGCCTCGAAGATACCAGACTCTAGGGCTGTTAAGATTGCCACTCGGGAAAGTGTTCACAATCCCGCTCATCGGCTCTTGAAACTCTTGTGGTAAGGGACGGCGCTTCCGGCTTCCCGTCCATTTTATCACAGCGTTCGCAGTAACTTGTCTCATAAGTTGATGGTTCCACGACACAGATATGCACCGGAACGATCTATCCCGGATCAAATCTCCGTATATCCTAGCGCATTTAGTAAAATCTCGTTTATACGACTCTCCTATTGACAGGCTCTTTGTCGTTGCACACAAGCGCTCATCTCAAGGTAGATCCTGGGGGCACATATAGTACCCCAAGGAGTGCACTATGTAGGTCAATTACGCCGCCCGTAGCTTGGCGAGAGGATGAGTAACTGTATACACTCGACTTTCTTACGAAGACCCGTATCACCTCGGTCCTCCAAGACTGCCCATAGTAAGCATTCTCCCGACCTCTGCAAGAAAAGATTTCCGACTCAGGCACCTAGAGGGGAGAGCGGATTGTAGATGCATATACGCATTGCCTAAAGGTCGGCAACGCATGGATGGAAAATACAGTCGCAAGCTCTAAGCCCTGGGGTCATGAGGGGCATTGGCTGGGAGGTAAATACAGCCAACTGATTCGACAATGGCGGAAGCGCGCGTTAAAGGCCCACCTATCAAAGCCTAGGCCTCTCTTCTAATTACGGGTATACCTCTGTTTTTGGGTAGTGGCCGTGTCCCGCTACGAGCGCTACTTCGATCCCGTCTATGAAATATTGGCAAGGCGTTACGTGTAGTGGATCTTTGATTTCAGTCCATAAGGTACTTCGGTCCCACCCATATAAGTGCACAGTCTGTACTTAATACAAGAGATGGGCATCGGTATGAACGGATCACGGATTATGTGTCATACATTTACCAGGTACGGATCCCGCTTGTTTCCCTTTTGGGCTATGGTGGGACGAGAAGAGGAATTGAGCTACTGGTCCTCTGGAATTTATTGTCTGCCAAGTCTAGTTTTTCTAATGGTTGTTTATGTCCCTGCGTTAACCAAGGCACGTTGGCATAGCGAGAGCTGCCACGTGTTGAACCCCTGTAACCTATGCCACACGGATACTATCAGACACTATGGCTGTCGCCATAATCATAACCGTATTTGCAATTAGGGTGGTGCAACAACTTTTAAATTTTACCCCCTCGTATGTGTAAAACCTTGCGGACCTTCCAGCAACGCCGTCCAACCTAAAACTTACATCTATTTTATGCTTGGGTCACGCGGGCTATAGACCAAGCGGAGATCTTACATGAAAGCCGTACCCGTTGGTCGACCGTAGGGAAGGTGGTGGAATGCCCTCTAAGTCCTGGGCCTATCTTCGAACT,1684,47.98,Escherichia coli
SEQ_739396,TGGCCGGACGTAGTCGTGGATTTGGTCTTGCAATTTCTCGAAACTACTCAGAGAGGGTAGTTAGTTATCCCTAGTAGTCACGCCTCTTGAAGCGTATCCTCGAAAGACAGCAGTCCCAGACACTACGTGTTTTTGTAGCAGGGATTCATAGGTCCGGCCGTCACTAATGTACAAAGAGACTGTGAACTATGTCAGTATGGGAAAATGATTCCACTACTACGCGCAAATTCGACGTGCTGAGGGCATTCTACCTACTGTGAGCCCTAAGGGGGAGATATTCTACGAATGGTTGCAAACCGCCGTAACCAAGTTTACTAAAAAGTACGGGCACCGGAAAATACGCTGTACACCGCGTCATCGCTTGCTACCGGCAAAACAGTTATTTATCATGCTCGTCAAGCCTAGCCTTGCAGTACCATACTCGCAACGCATGTTCCGTTCGGGCATGTAGCACAAAAATGACTCGAGCAGGATACGGCTCTTGGGCTAGTCAGTACAATCAGCTACGTAAGCGGCTAAGCAATCCCTATCCGATAGCGTAACTTTGAAAACTCCTGCTCCCCGTCTTATCATTATTGTTCTCCCGAAGATCGCACTAGTTGAGAGTGCTTGCCAGAAAAGTGGGCCCTTGTCTGATAGGATTTTTTGTGACGCCATACTTTTAACAAACAACTGAGGGACCACCATATTTAAATACGAACTCGGCGCCAGATCTGACAATAAGTGCAGTGTGCGATCCCTGCCCGGGCCCACCGCCACGGATCGAGACTGGGCGTCCGCAGTATTGTCCCAGTATATCCTTTATTGGCCGATGAAGCTTAACCAGGAAGTGTATGTGTCGCCACCCTGCTTTAGGGATCCCCCGGGCCTAGCCTGACAGCTCCCCCACGTGTAGCGGAAAGTAGCTAGCCAGTTATCGGTAGAGCGATAGAGAGTCGGGCTCAAGGGGAGACGGCTCAGGTCAATAATCCATGGGGTACAGAACTAGTATGCCTTTCGCAGGTCGTGGATGGCAGACATGTCGTCCGGCCTGGTAGCTTTGTTCAGCCTGAGGAGGGAACAACGAGATTAACGTCTATGCCTCGTTGTCAAGCACTCGACGCACTCCTTCCGTATGAGCGTATCCCTTGCTTTGAGGATGACCCCCTGTGCGTAGGTCACGCGGTGCAGAGCCCACCTGACGAATTTACACTCACGTGACCGGACGCAACAGTATTGAGATAAAGGGTGCGAATTCTTACTGTCTTAGCTTTGATCCCGGAGATGGCGGACCAAGAGACGTTGTCT,1287,50.82,Homo sapiens
SEQ_688343,TTGAGTATAATGAGCTGGATCCCTTCACATCGGCTGGGGCAGGCATCAGTGAATGATCATAGGGCTCGGTGTAGCAGGAATATTCTATTTGAATTAATATTGTGCGGTAATCATCAGCGACGTATACCACGCGCAGAATAGACCCTGTCCCCACAACCGATTTCGCCGTTCCTCCTCCCTCAAGGACTGTGCTCCGGCAGCCAGACGTGATCTGTGTCTGGAATATGCGCCACACTTTTGCTTATCGCCTTACTTATCACATGGACATCTTCCATGTACAGCGGCTGGTCTAAATCGTAAAGTCTGTGCACGACTCTCAGCTTAAGCGATACGGAATTGCTCTTTGTCCCATTTTGCCTGATAACGACACCGTTGCCTTGAACTTGTAGGGGTGTAACGCAGATTCGATTGTCACCAACCGGGCGTTTTCATTGAAATGCCCATATGAGCGTTGTTGCTGGATGACAGGTCAGTGTTCCCATGTTTATCGGAATATGGTCGATCCACTTAGCGCATCGTTGCGCTTCCGTGTCCCTTGTTGACTCACATGTTCTGGAACTGAGAAGGCGCTGAAATTCAGCGCGTAGGCACTGATGTGACAGATAACTGCTCAAAATAACGTAATGTGTGTCCGAACCCTGGGAAATATTCAGCTATATCCAAGCAGTAATTTGGTAACGA,681,47.87,Escherichia coli
SEQ_242002,GTAAGCCTTGAGTGAAACGAGGCCTAGCAGCCCTTTTGAGCTTCTATCCGCCCGCGGTCGTAAGCGTCATTGGTGTATCGGGATGAAGTTAGACTAAAGCCTAAGTAATGGGATACTTCGATTTACCACTTGTCATTAATACCCTATCCTAGTATGCCCGCCGGCCCCTCGACTCCTCTTCTCACGGCTAGGTAGCGATGTTGAAACTCAATCGTTGCGCACTGGAGATTGGATTAGTTGACTCTGAGCTGCTCCGATCCACGACGCGATGACGACGGCAAGTAAGTTGACCCGTCAGCGTGATGGATACGTGCTAAATGTGGCCCGGGTCGGTAATCGTATTAAGAGTTCGGCGCTCGTTAGAGAGTTGACACGCATATTCCCTTCCTTACACGTCACCGTCCACATCTCGCCATATAATTCGAAGCCTCTGACCTTCTGAGACTTCGGCGACATTTCTTTCAGGGTAGGTAGGAGCATCGGGAGTTTTAGTAGCAGCGGTCCGCCACGGGAATCAGGAGTAGGATCCTACCACGTGACACGCATCCTAAAGTTAGCTATTCACCTGTGTCGGTGTACAGACTGGTCATCGCCGCGAGTCCCACTCCGCCCCGACAACTTGCATCATGAGAATCGTGTGCTACATGTCATCGCAAAGGTAATTTGTTGCTTCTTCGTTAGAACCAATTATTGTCTGCGGTACGTAAGTTCTTGTTACATCGCGCGCCCCTGGTACTTTTGTCTCCCGCCAGGCCAACGATGCGAGACGACATACCTTAGCGGACAAGCTGCTTGTGCG,799,51.56,Homo sapiens
SEQ_184184,GTCTATGCATGCAACTGGCCGCTATACGAGACATCCGTGGAATACCTTGGCCGGCTAATGGGATTGTCACCAGTCGTGGATCGTCCCGAATGTTTTTTATACTCCAATGACGGGTCTAGGGGCAGTCGAGGACGAGGAAGATTTCAGAACCCTTTGGGTGCCATAAATAAAACATCTTTGGCGTTGGATCGACTAACGTAGACTGACCGCCTGTGCTGATAGGAACCGCTTTATTTTCTAAGTGCAAGCGGTGAAGACCACGTGTCAACACGGTACGACATGGGAGAAAGTGGTGTGCAGAAGTGCGGCTCGACTGGGCGGGTATGGGGCGCAGGACCACGACTACGAAATTTGCGTCCACCTGAGACATCGAGGGTTTTATTTAATTTCGGATTAACCTATCTACAGGTAGTATAGAGGCAACAAGAGACAAGGCTCTCACAACATATTTTAATTTACTGGCCCTTTTAGAGGACAAGGATCATGTCATGAACGATTGTGCATATAGGAGTATAGGAGTTCTCGCAGCCGCTGGTTGATAAGGTGGCGCAGAATCGTATAGGAGCTAGTAAGCTAGTCTTTTCAACCCAGTATTCAGGGTGGAATTTGTGTTGATTAGGCTTATGCGATATTGGTCCTATGGCAGTGTGCTCCGCACCTTAGCCGTAGGCTCTCTCTTCCTAGATAGGGCCGCCATAACTAACAAGCTTGATCTGCATGTTATTCTTCTGATAATATGCGTAGAAAGGATAAAGGCCTATTTGGCGAGCAGTTAAAGTGTTGAGTCTTCTTTCATATTGGCTATGGACACCGTCTCGACGGCTCTACCAATACCCGTTAGCGTATGCGGAGTCTACTCGTCATGCAGATATCCGAGGTGTGATGCTAAATTGGCGACTACAACATAAACCGCACGATTTCGTCGGCTCGGTCCGCGTTTAGGACCATGACTCCTGAGGACTGCTAATAGTCGGAATGAAGCGACAATCTTCTGTTTGGACTGCTTATTGTAGGATCGGTCCACCGTCGCAAATAACCATGTGTTACCGTGGTATGTCAAGCCGATTGCATATACGGGGAGTATTTGAGGGCTTCGTGATGACGGGTCCTGACGTATCTTTGAAATAAATGGACATGATTCTTCTGCTACCAACAATCGCACCTGACCGAGGAGCACAGTTTACCCAGTATTCTGTCATTCTATGTCCAGATCACGAGATGGACAACGGTCTCCAGACAATCCGCGCCGCTGCGGAGCCGCAATACTTATCCGCTCGGACTTACGGTCAGACTAAAAGCTGGACAAGGGAAGGTTCTAAACCACGTTCAGGAACTGATGGATCTGGTACATATGTTATTCAAAGTTTACGACGGGGGGGGGGGAAATGTTTGGATTCCAATGCAAGATACTTGAGGTTTCGAGCTCGTTGACCAATAGATATCGAACCCATTCTAGTCGCTGATGACACAGCGGCGACATCTACATTCCACGATAAGCGCTACCGATCTGGCTAAAGGATGCTAGTGAATCTACTCATGCAGGGGGTCCCCATTTACGGAACGCGGGGTTCGGGTCAGTCCGGTTGTGTACGAATACGATGACAAGTGAGATTTTGTATCTGCAAGGAATTCAAAAGTGGGTCTTATGACAGCACTAAGACCTCTACG,1668,47.96,Escherichia coli
SEQ_571939,CGAAATGTTACTCGGCTCAATGGTTTCGCTGGATCCAAGGTACCCTCATCATATCTAGAGCTTGCCCGACTGTGCCCGTCGTCTGTGTGTGTTCTTACTACCGTACTCTGAAGAGCGGAGTCCTTGTATGATAGATGGACTTGTTCCAGGTCGCAACACGACCATGATCACCTGGTTCCTTGTATGCTGGATGGAACTGATGATTTACTGATATGCCCGGAGTTTTTGACGCCATAAAAACTGTCGAGCTCTAGCAATTTTACGTTTATAGCATTAATAACAACTCGGTGTGCTAAGTTGGGCATCCTATCGTTAGTCCGCTTCAAGACCCGTGCTCCTGGGAACGGAGCTCAGCGATAATGAAGGTTGACCCGAATCTCGGTCTGGTATATCGACTCGATTCTCGGCCAGGACCGTCCATGTTATCTGCTGGTCCACCACGGCCAATATGGGCTTTTACCTTCTACGTACATCACTGGCAATCGAAGAAGGTGAT,496,48.59,Arabidopsis thaliana
SEQ_814351,CGGCTCGCCGCCCGCTCTTTATGATGCTGCGAGTCTCCTGCACGGGTAATCACCCCGAGTCTAGTCTACTGAGTTACTATCGAATAAGACCTAACTAAGTGAACGAAAGGAAACGTAGAGCCTAATCATGGCAGGGAGGGGTAAAGGAAAATTCGCCGAAAGAAATCGCATTGAGACACACCAATGCGACTCTTAGGAGCGTTTGTCCTATATCACTATAACTCTAAGTAGTACGTGGCTGGGGGCAACCTAACCGCACGGTACACAAGGTACATCAAGACGTCATTTTCGTATCGAGAAACTCGTCCGGTCTCGTAGAAATGCGGGACGCACCGCGCACGGCTTATCCTCTAAACCGTGGACCTACAAGCCCCCGTTGTCTGCTGTATTGAACGGCCAGAAGTGGACGTGCGGGCCACATTTTAAGGAACCCTAACGTCAACATACCCTTCGCATAGACCTCTAATCTGTTTAGCTGCGCGGTGATTCTAGGTCCCCTGTTGTGAGCCAATTGCCTTTGCTTGATCGCGGGTATACCGTTTACTCTAGGTACAATGTCACATGCGCGTTATGTAGGATAAGACTTC,587,50.09,Mus musculus
SEQ_703583,CGATGGGGACCCAGATGAACAAATCATCACATAGCTCCGATCTTGGATGCTGTCAAGCGGCAAGACAGCCTAGGTCTATCTCCCTCGTGGATCTAGAATGCTGAGATACACCGTGAGTACATGATAGGCCTTGGCGGGCGTCGAAAGCAACTATTTATTTATATTCCGAATGCATCCACTCGAGACCATCGTTTAAGAAAGAATAGCCGGAGTCCTTCTCACAACTGGATATCCTTAGGAATGTAACCGGGTTTGATGGCTGCGACGCTATATTGACTTTCGAGCCAGTACAGCTAAGTTTTGTTGTGATTTTTGAAGATTAGCTGTCAGGCGATTGTCACGCCCTTAGGATCCGCTGCGCGGGCCCAACGGCGGTTACCGTCAGGCTCTATCTCCGCCGTGTAGGGAGCGCTCAGATATTGCATGATATGTAATGTCATCATGCGAGTTCTGTTCGCGTTATTGATATTAACCACCCAGTTGAGAACTGTAGCATTGTTAACTTTGTAACTGTAATTGTACGCTGTGCCAAGTCTTAGGCGTCTGCCTTTGGAGACGCTCGTCCCAGTTTTGTACTGAGATACCTCTGAAAAGGTCGGTCGGGTCGAATGTTATGACCTCATAAAAGAGGGCCTTACCCTTGTAGTAATTCTTTTTACTTCAGCGGCGGTAAGATATTAGGAACACTATCAAGCCTTCAAACGAACGTCTCCGCGCATGCGATATGGGAGCGAATCTTGTAGCCCACAGCCTGTGGGTCCTTTCCTTCGAGGAGTCCACCCTCACGTTGCAAATCGATATCCCTTTAAGGAATAACACTAGGTAAGATAAAGAGAGCTCGCCCGCTTTGCGGTTGAGATCCAGCCATGGAAGATCTGAGTCCGCTCCAGACAGGGCAGTACAATGGGACTCCGCTTCCTAGGTGTTGGGTGCCGTGATCCTGTAACACTTATTTCACGTCCGCCTTGACGTAGAGGGAGTATGGGCGGCAGTTTTGCAGAGTGAACTGGCAAGGATACGTTTATACGGGACTTACGATACTTGGGAAATATATGGATCTGAACTAAATGGCAAAAGCGCAGGTCTCGTGTTCAAAGACGATGAGTCACCACCCCTGCATAAAGTACCGGCGAAATTAGAGACCGGTCATACTATTTTAGATAGGGTATAGAAACCCAATCGCTAGTCTGGCCTCTCTGCATTGTATAGGGCCTTAGCGTGAACCAAGAACGATAGACAAAACCACTGCGGAAATCGGCTACACGTGTTACTGGCGTGTCGCAACGAGGGTGTCCGGCGCAGACGTGAGTACAGAAAGCACCAATCCCGAACGGGGAGGGTGTGACTCGCTAGTCTCTCTGAGTAC,1366,48.98,Caenorhabditis elegans
SEQ_256613,CCAGATACGGTGGGTGGAAGCAAGGATCAGGAGCACCCTGATACGGCACCCGGTGTTTGCTTCTTATTCTGATAGTGCTTTTTTCGGCGGTAGTGCTGACGACTGTGTGGCAATAGGCTCCGCACCGTCCGGTTTGTTCGTTCGGAGCAAGGGAGGCTTAACCGCACTGTCGCAATCAGCTCGGTTTTACCGTGAGTTCTACAGGTCCACAACAGATGCATGTCTAGTTGGTTTCCTCTCAGACCTCACAGACCGACTACTACAAAGTTGGGCTAGCTCATGCGGCATGCTATAGCCGTATCTTAGCCAGAGATCGTTTTAGTGATTTTCGGATCGTCGGCAAATATGGACGATACGAGATCACGTCCTCTATCCGAATGGTGCGAGAGTGACGCAGGCATGATCGGGTGGACGTAGTGTCTAGCGGGGCGTACTCTAACCTGGAGAGCTGGCAGCACGTATCTCATGCAAGCAACCAAATAGGCAGAGGAGCAAAGAGGTGTATGTCACCGGCTAGACCCGTACCAATGGAGCTTGTGCCGGACATGAATTCCTTAAAAAGAACGACCGTATAAGCTCAGAACCGTATTGACCCATTGTGCTAGGCAGAAACTATATTCTGGCCTCGAAACAAAGGCCCTTTCGATATTAGGTAGACACTACACGCATCGCAACTGAAGTTTAATTCGTCTTGCACCCCAGTACTATTATTGTCATAGCATGCCCGTCATTTAGCTGACCGCGCGTATGTACCCAAAATAGGCAAGACATGCGTCTAAGTATTCCGATGCACGAATGATG,801,50.06,Caenorhabditis elegans
SEQ_300170,CTCTGATCTGTTATAGCTCCCGCATGTTCTAGGTTCATCCAGTGGAACGGACAATGAATACCGTATAACCGTCCGTTTCAGACGTGCCTGTAGTCCACTCTTATGTTGTTTTTCCCCTTAACAATGGGTTACTTACGGTTCCCGTGACTAGCTTGTCTAGGACATATGCAGGGGGCAGTAAGCGCATCTATTAGAGGTATAGGTGGACGTCCAATTTTAGCGGAATTGAGTGGTGCCGGCTCCCACGTAGACTCTCCTAGTTGCTTGTCAGTGACTATATCATCGTTAATTAAGCGGATAACACATGTCGTAGTCGGGTCTGTCTCCTCTCTACATCCAGTAAATGGTACGGGTGCACCTGATTGAGCGCCCATAAGGCCATCCCAACAGCAGAAGTTCTGACGAGGTAGCCTTCGACGACGTAATGGTCCAGTAGCACATTAGGAAGAGGGGACTTTGTTGGGGGCGATGCGCATACACCGCTGACGATACGCTCCTAGTCCTAAGTATACCGGTCCAGTTCATGCTCCCACCCGCACGGATCTTAGTCGTTGGACTTATCCGCAATCTTTACCGTCAACTGAGATATGCACTTCCGGCCGTATGCAGCTTGGTTAATAATGAGTGGTTCACACTTGTGTTGGCTTGGATGCTCGACAGCGTAAAAATGGCCCGTGAGAACTCGGTAGTAAGTCGGCAGTGAGCGGTCAATTACTTATGTACCCGAGGTGGCTTCTTGGATTCTAATACTGCTTCAGTTCCGTCTGTTTCGCTCCTCACAATGGCGGCGTGGCAGGTACGGCCATAGCGTATGTAGTACACAGCAGCCAGCCCTTAGCTTTCT,844,50.0,Saccharomyces cerevisiae
SEQ_988170,GTCCCCACTCATATTCGCATCCGTTGTCGTTGCTAGATTAGTACGAGATCTGGAGTATGTCCGTAAGAATTACTAGCTACATCACGGTGCCCGACGACGGCTGTCAATTTTGCGAGTTTTAGCTCAGAGTCCACTCTACGCTCCCTTGGTGAAGAAGGCCCACGGTCTTAGGTTCTTAAGTGCTGACGCGATAACTTGATGTATGGAGCCAGGCTAGATTCCTTTGACTCGGTGGAGCCAATGTTGAATCCGAATACCCGAATTCCATATACGCCTATTCTCGAATAACGCAGTATTAAGCGACTGTAGACCTGGTCGCCCACCTGTGTAGCTTTTCTGTGTTGTTAGCACAACGTTACATCCCACCCGATTGTCTGTTCGTTACTTGGAGGGGAGCTGTATCCAGAGGAGATACTAAGTTGGGACTAAGTACCCAGCGGAAGATTTACGGCGAAGCAGGAATTCCCCCTCTCTAAATATCAATGACTTTTAAGACGCGGCAATGGTTAAACGCGGGACCTGCTGGGTCCGTCTACCCGCACATATGCAAAACACTGCTGTACCTCCGAATTGATGGGCAGACTTGTTCACTTTCAGATTGTGACACCACGATAGAGCTTACCTCATACACCGGCGCTCAAAAGTTAAGTTGTCTAAAGGCCTACCCAACTCAAGGGTCTCTTGCTGCTATGGACTACTGCACGCAACTCTCGTATTACCAGGCTGCGCGGATCCTTTCGTAAGCCCTGCTAACCACTCTGATGATACTAGTCTTGATCCGGGACATGGGTCGACTAGAGACCAAACACGAGCGAACCCTTTTCCTCGCACTCTGAGTTGTTAACGTGACTCTTCCTTTTGACCTCTGTTGCCGTGCAGGCACAATGCGTATTACGGGTTCTCTCGAGGAAGCTTCTGGAGTCTGAACCTCCTCCCCGGGCCGTGGCCTTGGTGAAGCATAAGGATTACTCTAGCAGTCCTTTTTTGCTTAAAGCTTGCACTTCACCCTTGCTCGACGGGGCGGGGAAGTGTTCGTTCGTTAGCTTACATCATTCCCGAAGGTTCTCCAGGAGACCATGCGGATCGGTCACCGTGTGTTGTTCAGGTTTCGGCGGGTTAATTCCCTCTTACCACAGATCAGGCCAGTCCGATCACCGGGGACCTGTGCGCACAGCCTCGCTAGGTTCAGGCCCCCGCTAACAGTATATCCCTCGGCCCGTTGCGGACTTACATAAAAAAAGGACGGAAACGACTAAGAACCGAGTCGAGTGCTTACCGGCGAATTAAGGTGATATTGAGAACCGGCTGGCGAGAAACATGCAGCTTTAGAATTGTTTCAGGCGTCTGTAGTGGCGTTCCTCGGTCCTGGGTCCCTAACGGAACCCGCGCCTATCCGGACGTTTAATTTACCCAATGTAATCCGTTTATCGACAATACTGCTAAAGCCCTAACATACATATGGGGTGGTTAGGGGGAAGTTCCGGGCAGTAAATTTTGCCGCACAACACTTGCCACGACAAGCGCGTCGGACCCAAGCCCTGTAGGAAGTATCCAGCACGCTTCGAATGGTGCCGGACGGAGACTGGGAACTAGTCTCCCGAGATCATGCTCCTCATAGCCGTATTGGGGGTGCTCATGTTTTTTTTGTGTCATTCGACGCTTTCTAGGAAGCAACAATATTGAACCTTACGTACTAGAACTCACTAAGTTCATAACGGACTTGCTGTAATGAACTTACCAGCTTGTCACAGTTGTAACGCGGACGTACAACCAAATGGCTAGGCTGGTTCTCTAGCCATGGCTAAGTAGGTGCATAAGGTCTAGTAAGCTGCCACCATTCGCCACAAGTGTGCTGGGTTTCAGAACCACAGGGCTAAATCTGTGAACTTGTCGTGCGTTTAGATAAATATAACCTCCTCAGCCGGTACTTCAAACCCTAACTTCCCACTTGCGAGGGTTCGTGGGAACGA,1970,50.3,Arabidopsis thaliana
SEQ_311256,TAGGGGGGGTTCCTAACTTAATCAGCGGTGGACGGCTCAGTTCAACCTTTCAGAAAACCTGATTATGCAAGCTCTGTAGTGCACGACTAATGTCGAAATTTGTGTTATCTACGAGGCGAAAAGGTCCATTCATGCGCGTTATCTTTCAGCGGAAATCCCTATCTGACCAAGTCCCGCATAGTCCTGCGCAGATCCGACATATTTGCGTACGTCCTCTAAGAAAGACCAATTACAAACATATCCGAAATATCGGACCCCTGGCGGGTTGAGTAAGTAATAGCTGCTGATCACGACAAATATGGTAAAGTATGGACTTTACGTTCCGATTGGCAAACCGGGAGCTGGTAACGAACGGGTCCTCCGCAGCCGTCATCACCCGGGTGCGGCTGGAGTCCGTGCACGATCGTTCAGGAGATACGGCAGGCCAGGTAATCTGAGGCTAGGGATAAGAAGGCCATGTGACCCTGATGGGGTTACTCGTAGCCTGGGAAAATAGATGAGTATCTCACCGGGTCCGGCCCGACCCGATA,530,50.94,Arabidopsis thaliana
SEQ_279178,CCCCGATGTTACTCTCACCGTAATCAGAGGAGTTCTGCGTGTTCAACCAGGCGGGGGGTCTTACGTCCATTGACTTGTCCGCTTGAAACGCCGACTGTTGGCTTGCATGCCACAGTGCGGGTAGGGCACTGGATACTCCCTGCCATAATTGATCGCGGTTGCCTTTAAGGTGGCGATACATCATAGCCCGGAACTGAGTGGGCACCTCGTTTAAAAGCTCGCGTATATTCGAGCTTCTCGCAACTTTACGAAAGTTCCCCCGGGCGTCCCGGTAAAGGTCCATTATGGCGCGGATATCGCCCCTCAATATACATACTGGTCCGGTGGCTTTTATAAGATAATATTGATTTTGCATTATACTGCTGGCAATCAACTGCTGGACATTTCCGCGTGTAATTACCACCTAAACCAGGGCCGGAGCGTAAGAGGGTTGTGTAGAAGAGAGAGGTAGTTATGTCGACAAACCGCGTGAGACCGCTGACCTTCTGAGTGGTAACAGGAATACCTCTGGCGTTCTAGAACATAACTTTTTTATACCGCTATATGTCTTACTATTGTCTTTTACTAGCATCCTCGAGTTGTCTCAGGAGCGGGGTACGCATGTGTAATCTACACTTTAACGCCGGGAGCGTGGTCAGCAGACACAATTGAGCACGTTAGTCGCAGTTGTACACGGCCGCGGCCCCGCCTATAGGCGTACGAATGTCTCCATGGTTATTTGCCTAACCATTCCCGGAAATTATCCCGACAGCTTGAGGTGGCAATCGGATAACGTTATGAATTCGAGATGGGTGGAACGCGCCCCTTGGGAATATTAAGC,820,50.24,Mus musculus
SEQ_492746,TCCCCATCGTGCTTCCTACAACCAAATGAAATAGTCTAGTCCGACGACAGCTACATTTAATTACCTTACTCTTGAACATAGGATCTTAAATTCCGCTCCAAGTTTTTACCCCCTGGTTGAACAAACTAGAAGTTAAAGTCCCTATACACAGTACCCCCTAGACATTACGCTATGATCGACCCTACAAACGGAACCCGAACTCATAAGACTGACAGGATTCCTCGACATAGCGCAACCGACCCCTTCAATCTCAAAGTGTTTAGGTCCGCATGTGGAAGAACCGTCTCTTCACGTGCGTGTCACGAATTATGCATATTTCCCGATTGGCTTCGGCAGGACGGGAGACTCAGAAACTCCATTGAGGCATGAAGGACACCTCTCGTAGTGTCTATTCATCATCCAGAACTGATTGACCGCGCTGCGGCCCGATAGAGGACGTGGGTTCCAATCGCTACACAAGAGACCAGTTCGCCAGTGTGAGTCTAGGGACCTGCGCGATAATGAGTAGCTCGAGACTTGCTTATCGACAGGCCGAGGTCACTTAACAGTCTCGCGCGAACGATATAACGTCCACTTCCCTGGTAGTAGATGGCCATACCACCGATTTCAAAGTCCGAATGAGGAGACGAAGCCACGAGGGAAGCATACCTGAATTGGATATATTGATGATACTGCGTAGCTTGAAAATCACCTGTCTATGGTACGTCAATGGTCATCACGGCATGATCTTTGTAAGGTACTCTCAGGCCGTACATTTGACGAAGGCGCGCTCGCCATAAAAAGTTGGAGTACAGTGTCCCGTCGCTCATATTGCTGTTTTGCTGCTTCTGCTGGTAGGCAAGCCAGAGTTGAGCGACCCAATGATGGATCTTAAAACCGTTGACTACATAGACTCTTCAATAGTAGGCAAACGTCAACGTGTGGGAGAAGCCCAGGGAAGACCTATACGCGTCCTTGACTCACACCCTGATATTGAATAGAATCGCGCGGGGCATACTAAGAGCACTAGTATGCGCGGGCCTAAGGTCAAGCGTAACTGAGAGTTGAACCCCCACCATGAACGCTCTTCACCGTTGTCGAAGGACCCTAGTGCATCGCACTATATTAAACTCCCCTAACCTCATATTAAACTGGTCACATCTCGTGTGGCATTGGAAGGGCAGCGGATACTGCCTAGCCGCGTAACAAGTTGCAAGCGTAAACGCTATTGCATAATGATACATGGGTTGAGGCACCTCCCAATCGGGGCCGCAAACCTGGTACCATCTGGCCTGTGGCGTTTTAAACTACTGCTTCTTTGAAGACATTGCGAGCGACACGGATCTGGGGTGACGTTCGAGGCTTCCATAATAAACGATGTTCGATACACGAGAGTGATAGGTAGGCCCCTACTCTGATGGCACCTACCTAGCCGAACTCGGGATTAATACCTTGTGCGTATACGTACGGGAAGGGATTGAAAGGGGCCCCGATGCGGTCCGTGCCACACATCCGATAAACGTTGCCCCCGCCTAGTTGCAACCCGCTGCCAATGCCTTACTAGCATAAACCTTAGTCTACCAGCTGTTGGAGGAGTGAAGAGAAA,1585,49.65,Escherichia coli
SEQ_727422,GTTTCCCACGTGGAACAAGTCAAAATCTTACTTTATTGAGTGCAGTGCTGAGTCAGTATAAAGTCAGGAGTGGACGTGCATGGTAATATCGTCGTGACACCACCTTCATAATCCTAGTCCAACGCCAAGGACCAACTTGCGTTTACGTGACACTATGCTGTGGGTACGCCAAAGGTGGCATCGAGACGTGATCGTTATCTGAAATCCACCCCGGCCGAATAGCTAGAGGCGGGATATAGGTCTACGTCAAAATCGGCTAAATTCGTGTTAATTAGCCGACCTACGGTTGACTCGCAGTGTTGGGATCTTACTTCCATAGTTGCGACCGACGCTAATATGGTACGAACAATAGTATCAGGCAAAAACGTCGCTATAATACACCGGTCGGGGCTCTCGCGGCACCAAAGCAATTATTTCATTTGGATTATACAGTCTACATGGAAGTCCCAGTGGGAAGGCCTCTAAGGCGTGCCCACAATCTGGCAATACAGAGCTTAATGATATTCGGACAGGTGTGTAATTCTCAGGGTAACGCACCTACCGAGCTACCGAAGAAGTCGTGTAGATCAAAACGGATTCTGACGAGGTCACCCGCAGACGTTTGCTGTGGTCATATTGAGTAGTAACGTTCCTACATGACTTCGCGCAAGATACTTGCCCGTAAGCCCAGCTGGGTGCCCCAAGCCATTATACGGTTATTCCGGGGGCAAATGGTTCTTACCCGCTGCGACCGAGGTCTATATAAGGCCGTGGCTCTCAGATCGTAATCTAGTAACGTAAATACCTGGTTAGCGGACAGACGATCCGTACTCGAACCCGGCGGTTCGCTCGGCACAAAATTCCACAAAATAGTGTTAACAATGCGCCGTCACGAATTGTTTTATGAGCCTTAACAGCGTAAGAGGGGTCTGGCGCGTGTGTACCAGATCATTGGTCTGCTAAGCATGCTCAAAGAATGG,959,48.8,Mus musculus
SEQ_364370,GATGAACGGTTTGGGTTACGATTTCTCGCATCACGACGAGACTCCCGATGAAGAACCAACACATATATAGTCAGTAACATCCACCTGTCATCTCAGCTACCGTCCTTATGGGCAGTGGAGATCAATAACGACTGCGTTGCTTGTGCCTGCTGAGGTATTGGGTTAGTCATTCCTGACTAGTCGTCAAAATCAACTTGCAGGGCAAAATAGAAACGTTTGAGCAGACATTACCCGGTAAACGACGGCTTGCGTACGGGGCGATATTGACAATTGTGACTCTGCGCCGTGGTTTCGCGGTCATACACCGTTAGCGTGCTTGTAGGTGATTAAACGATTACCATCTGGCTTATTGTATTGATACTACAGGAGAGACTTAAAGCCATTTTGTGGCCCAGCCGGCCCAGGAAGTAGTGCGAGGCTCTTGCCTACACTTTCTATTTGGTAGCACTCTCTGGGTCCGC,461,48.59,Escherichia coli
SEQ_620104,GTGTGGGATCGTGCACGCGGCGTCCCAGTAACCATATATCTGTACGAAATACTCCGACTCGCGCAGATGGTCCAGAGTGAGTGGGTCAGTGGGTTGAAGGGAGGCGTAGGCACCGTATACGCTTAGCACATATATTCGGCGAACTGAATTGTTACATCAACCAAAAACTCCAACCCAAGAACGTGGTAGCTTTTATTGCGGGCCCAACGATTCCCCACGGTTTTGACTAAGTAAACAGTCAGCAATAACTAGAAGTCTCCAATTCTTGCGGTACCACAAGCACCTGAATATAAACGAGCATGACTAGTTGAGCGACTCTGCTCTCCTGTCGGGGATTTGTAAAGTTGGCTATTCACCCAGGCATTCCACCGTAGCCAGCCCCTGAACCGAAGGACGACCTGCACACCAGAACGCAGGTGCTCTACTCAGCTTTAGAACCAGCTACCGGTTTTGTCCTCTGATAATGCCAACGCAAAAGATGGTAAGGTGCTGACACCTTCCCATCCGAAGTCCCTGTGTTTAGCGGGGATAAAGCAACGGTGACTGGACAACTAGCCCCTTAGGTAGATGTCCACGCCCATCGACTTCCACGTCCTTACACGCTACACTCTAGTACGCTCTGTCCTATATCTCGGCAATGCCGGGCCTCGCCCCGTCACCATCCTATGCTTGTGCTTATGGTCTAATATCCCACGCGACTAACTGTACGGAAGACCCCCAGGTAGATCTAGGGGAGTGCTGATGGTAAGGGACTCGGAGGCCCAGAAGGCG,771,52.14,Escherichia coli
SEQ_297521,CTCGAGGGTTCGGACCCTTCACAGGTGCTGTCTTCCGGCACTGGTCGGGATCACAGCGAGGGGTCGGACTTGTAAACACATGCACAATCATGCCAAGTACTAAAATATTACGGAGGGTCATTAGAGATGAACGTCTTGTAACGTCAGCCAGGGATCCGCTCGGGGCGTACGGCAGTTTCAACTGCGTGCCAGCGGCTGGTGGTATAGCTTGAAGCCAACACCTGCGAGGGTGCCGCGGCAGCTGTAGCATACAAGTATCACTAGTCTTCGGAAAGGGTAACATCAATGTCCGCAGGCCTCCTGCTGCCCCACGAAATACTATGAAACACGCACCAATAGCAGGAAGCGTTATGGCGGAGACCTCTGACTGTTCGATATCGGCCGAAGTCGTTAGGTTGCGGGCAAATATCTGATTCTCTTGCGTGAGTACTCCTTCACTCTTAGGATTTCAGCTCTAAAATCTAAGTGCCCTGACACAGTGCCAAGTATGTTGCTCACACTTTATAATAATGCTCTGATACAAATTCCAGAGGACTAGCAGAGGCGGCTTCTACTTGAGCCAGGTGAGCAGAGTGAGTGTATATACTCTGCGCCGAGCAGTCCT,604,51.49,Escherichia coli
SEQ_592531,CCAACCTCATTATTGGACTGTTTCTTATATGCGCGTGCACTAGCATATGCTAAGCCGCGGGCGCAACTCATCTATCTGACGTGTTCCATGCAATACCCAGGCAGAATCTAGCGCTAGCCTTGTAGCTCAACGCGGGGTTTACCAGCTCGTGACTTCGATTTGGACTGTGGTCCCGTATTCCTCATAAAAACACGTCCAAACTGTCGGGGTATCCTAGAGCGTCTTTCTCGTCGAGCCGGTTATGTAACACTATTGGAAAATTGACAACACCTTCCATCCGTTACCGTCTGGCTTCGAGAATTTCCGACTGCGGACTTTAACGCGCCATTTGTGTTCGTGTTATGTCCCCTACCAAGTACTCTCTAACCGGCTGGTCTCTCCATAGGAGATCGTTAAGAAGGGTACCTTTACTGATCCACGGTTGTTCAGCGCTTGAAGCGCTGGAATAGAAAAGTCGATCTTGAGCAGACACGTCCGGAGCTGTGCATGCGTCTATCTTACCTTTCGATACTTGGGTGAATATTACCATTCGCCGGGCAGGGGGGTAAGCCACGCTCTACTCGAGGGGGAGTTTGGCGTTATTTCAGTACTAAAGCCATACAATCCCCGGACACTTTCAATCCAACACGCGTAGATGGTAGTGTTTCGTTTAGTGGTCACTGATCCCCGTGTGTTTAAAGAGGAACAAAGACTAGTTGACATGTGCGGTAACATCCGGCGGTTGTTCTTTCATGTGAATACAGCTCTTGACCTACCCACTCCCTTCCCCTTTGATCGTTAATCCAGACGACACCGATAATCGTGAACGATTAAAGGTGAGGTTGATGTCCTGAAAAAAACATTTAGCAGGTCTAGAACCCACGGCTTTCTAGTTATCGACGGTCACGTCCGGGAGCATGACATCATTTGTGAATCTCTCAGTTAAGTTCCTACCCCGGTCGCTGGCAGTAGCAATAGGCGGGCTGGCGAGCACACGATCACATTTTGTAGAACTGCGAGCTATTACCACGGACTGGCCCAACAGTGTTACATCCGCCGGGGCTACACAGTGCTTAAAACCTTAGCTTGGACAGGTGGCCCCGTGTTAAGACGATTTGCTATATAAGGTAACCAAGCGGATGAAGTGCGCTAGCCTAGCGTTTGCCTTCCCCACCGCCGCTTCCAACCGTGGAAACCTAAAAATTCCTTGAGACCTTTGGCTAAATACGCGGAGTAGGAGTGATTCCCATCCATATTACTATTACGGTTCGGTGGGCTATTCCACGTGTGCTTGGAGGTGTACAGGGGGTGCCCTTGTGGTACATCGGCGCAATGCTATCAATAGCCGGTTGGTGTGCCCTGCAGAGATTGTGCTCGTAACGGAGGGGCTGAGTTTCGTATGTGATCGATGCTAGGAGATAGCACGACGGCTGCGAATTCCGCGGAGTGTAGTGTCCCTTACGTTTGCGAGTACTCTTTGACTAGCCGACTGATCGCAGATTCAGTATATGGCTCTCG,1497,50.1,Saccharomyces cerevisiae
SEQ_797377,CCCTTTAAGCTAAGAGAAAAATTACTGGTGAGTATTAACGTCGTAGTCATGCCATCATTCCTGCCAAAGTCGCATGTGACCCAATTGTGAGCGGGATAAAGTCGCGCCTCAGCCGCAAATGCCCCAGCACCTCGACCTACTTTGGAGTCAAGATTCCCGGGACGTCGGCGACGACGTTCATCATCTCTTTGCAATTGCAGGGTGATGATATGGTTCGGTAGCAACGCCCGACCAGTTAGCTTCGGCAGATCTATTTGACTACGGCCCACCCTGGTAAAAACAAAGCCAGTGCTAGACCCCCTGCTCCGCACTTCCACTCCCAATTTAAAGGCAAGGCTTTGGGTAGCGCCGTGAACAACGTTGGGGATTCAAGGAGGCGGGCCTTAGCGTCTTCTCTTCATGTTTCCAAGTAAGCGAGTTGGCTTTATTCACCCTTCGATTCAAAAGTCGGGTACTATCCGGCGGGAGATCGTAGTTCAAAGTTGTTAGAGACATAACCGAAACACGCGCCCGGTGCTCCATTTTCAATTTGGATCTGTAACCGCTTTGTAGCCATCAGTCGTATGAAGGCGAAGAAAGGCCCGCCGAATTTCCATTCCAGCGTGAGACGGCATGTACTAAACGAATTTGAACCTGATCTGTGCAAGTTCTCAGTTCTGATCATAGCCAGCAGCTCCAGTACGTTACCCAACGAATATTCTTGGTCCAAAGGCCTAGCGGTAGGTAACCCACCCGAGTCCTTCTAATCTTGTTAACACTGTGAGCGAAACAGTCGTGTCGTCTCATCACGCGGTGCGACGAGTATGAGGCAGAGCCGCCTATAACGCATACCTGTTAACTAACTGGATAACTCGTGACTTTTTTTTTAGGATCATACAGACCACAGGCATTCAATCTCTTCCGGCCTCAGCCCTATCGTGAGGAACCGTATTTATGACTCTCCGGTTGCTCCGGATGGGAAAGGTTAGCATGCTTTGTCGTAAGTCAGTCATGCGCAAGTCGTCAGCTCTCTAACAAGGCTAGGAACGATTTATAGTCCATTTTGGA,1047,49.47,Drosophila melanogaster
SEQ_747732,CCTTAATAGGGAGGTTTCCACGGACCAGCTATCGCAACGTGTAGACGTACCTCCAGAAATTACTAGTTACGCGAGCCCGGCACCGGACCTAAATTGGTACCTCCAGTATTTGCGCTGTTGGCGAAAAAGCAGCACGCTTGGGTTGGGACAGACCATAGCGTGGGGTCAGGGAGATTGTCATTAAAGGTAGTTAGGCGGCAACGCCGACTTTGGGTCCTACAAGGGACTGGATGGGGGGCTTCCCTCATGACTGCGCAATATGATAAGGACGGCATCTGCCTGACCAACCAAGAGCAGAACTCAGAGTACACAACTTGATTAGCCAGATAGGCTAATTTAAACCAATACAGCTCTCAGAGAGGCGCTATGGGCCTCTTAGACTACAGGAACCGACAAACTGCCCCGTTCCGGAGCTTTCACGGTTGCGACCCCAAAAAGTGGCTCTCGATACCAGCATTACTCTACCGCTGTACTCTCGAACTCGCAGGGCCGGAGTGCTTAAGCAAGGGCCCCGGATCGCAATTTGGTCCTATGAGGCGAAGGCTCGGAAGTGTTGCCGCGCCGCGGGTTCGGTCAGGGTAACAGGATCATAGGTAGGCCGGCTACTCTGCCATTACGC,619,54.28,Saccharomyces cerevisiae
SEQ_535030,CTCCTGATGGTCAGAAGTAGCGGCAGTGCACTCTACTTAGGTGAGCAACCGATACATAGTACCACACGCTGCTAATTCCGGTGCTGAGCTCCCGTGATTCCGAGACTGGGCTGAAGAAACGTGCCTTGTGAGGGATATTTCGGAGTTTTTGATTGAAATATACCGGCTTCCAAAAATTCGTCAGGAACGATTGGGTACCTCAACACCCTCGAAGCAGCGGAACATGTTTACAGGCTTCTTAATGCGTGGGCTCATACTCAGATCGTTGAGATAGCGGAAACGCCCGTAGGCCTTCTATTAACCTAATATCTCTGAACCTAGGGCAATTACGCTCCGCACGGACATGTTGAAAAGAGTCGGGGTGCAGGTCCCCGCAAGCATCAACGTCGCCTCCTCTGCAACAACTAGCTGATAGCCACTATCGTTGTGACCGCAGACTTACAGGAAATCGGTTGTGAAATTTAGTTAGAACCAGGTCCAATCCAGCAGCAGAAAAT,497,49.3,Saccharomyces cerevisiae
SEQ_927357,CACGAAGATTGGGACAAGTTCCGGTACGGAGGAATGTTTGACTACCACACAGCAACAGTGACTATTGTGTCGCTGCACCTACTATTCTATAGGTGATATTCA,102,45.1,Arabidopsis thaliana
SEQ_348960,GAGGGGTCGCTTGTCGCATAATGCCGTTGCCCTAGCTAAAACTTGGAAGTACTCCCAAATATTTCGGCGAAAGACTATTGTAAGAGGGCGACTCGGGCCCAGAAAAAAAGCCTATCGTGACTGCGCAGTCCACATCGTCTCGCATGCCTATTCGTCAGCTGTCCTAGTTTACTGAGTAACCATCATAGTGGCGATGGCGAGTCCGTTGACTATCAATTCCGGCTGGACGGTCTCGAAGGTCGGCACATCGTACACCAAGACGTCGAGACTTAACTGGATATACTCGCGGAGCTCAGACTCTGTTTGCTCGCGCGTCCTGTGAGGTTTGACCGATACAGCAAATTGCGCAAACTCAGTCCCGCCTGCGATATCTAACGCTCATATACTATCATCTCGACATTCCCTAAGGGCTCGACATTCGGACCCCATGGGCGTGGCAAACTAATGAAGGCGGTAAATTCCCTTGTAGTATGTCTGAGGCGTTTAATGGTGACCTGAATCGTTCATAGTTGTGAATCATGTATGTCAAGGTGTAAAGTGTAGAGTAGGATACAACTCCAAGTTGCCACTCACAAGGAGGTATCATCAGTACCCAGAGCGTCTTCGTGAACTGCTACTGCGTGGCAAATCACTCAGATGGTCCAGTACCGGATCTGCCCCTTACCTAACCGAAGCTCAGCGGGTGTACCTCACTGTCCTGTCTTCGTAGCCAGCTCAAATCGGGTAACGAAATGTAGTGAGCACGGTCAAGACCAGACGCTTCGTTCCGCATGTACGTATCGCCAGCGAGGCGTAGAAATCAAGCGTATCACAGGATTGGAAACCGGGAAACGATATTTACGCGGGTGATCCTAACATTGTTAGCGCACATACCAAGACCGAAGGCACATAGGATCGATCTTTTTTCATTCAAAAATCAACTATTGGAAGATTGTAGATACAGGTGAGGGGTGAGATCACTAGGTTACCGCCCTTGGCAAGTATCTGTCATGAGAAGTGAGCATGGAACTCAGCTAGCCTGGGTTGTTGCGGAAGTACCTCGAAGTCGGCCCGTTGGACTGAGTAATGAGAAGCTATGGGCACATTCGGCCTAGAGACCATAGTTACCACCGAGAGACATGAGAGTCCCACTAGGTTGGGCCCAGGGGATCTTTTCGTACCTGGATAGACAACATAACAACGCAGGGTCCACGGACCGAACGATCGGGCAAAATAATCTCTTACAAAGGTTCAGTGCAGATGCCACCCAGTATAGGTCCGGACTATACGTGAAATTGAGAAGACAACTCGGTTGAGGTCTCGACCAATGCTCAGAATCTTTCTCTTACAGTTGAGTATTATAAGTAGGATACGCGGCTAGCAAAGCTCGTATCGACGATCTCATCAGCACCGTGTAAGTCACAACTCAAAGGAGGCACGGAAGTTCACCAGAGCTTGGTCTGTCGTTAGAATATTAGTCATTCTTTACGGGGCAGCTGGTGTGGCCAATTTCTGGGCACTGTTGCGTACCCAGCGTGACCCCCACCGTTTATCAGTCGCACCTAGGTAGTCCAGCGATGGAGAAGTATTATAGATTTGTAGCACGGTGTATAGGCAGCCTTCCCTGACTGAGAATCAGATATTG,1624,49.45,Mus musculus
SEQ_988502,GTTAGTGGGGCTACCTGCTGACTCGGGTAATTCTTATGGCAGATCCTTTAGAGGCGTTAGATAACCGCCGACAATAGGAGCCCTCTAGAATAGCACATCCATCGCCCTTCACAGCCCGGTTTTTATCCTAAGGACTCACCTCTTAAGGGGGGCCGTCTTGAAACTATAGCATGTGTGGACAGAAAAGTTGATAGCCTCGCAGTTCTCTCGTCAAACATTCTAACCTACCCTCTCTGTTAACTTCTGATCGTGGGCCATATACTAGATAAACCTCTACCGGACCCACTCTACTACCCGATAGCGCAGTTGGGCAGCTTGCGTGTGGTAGCCGTGTGTTCTCGGGTTAGCGCCTCACAAGCTAACGCGCACGACGTTAAGGACGATCTATCCACCGACAAAGTACGACGGGAGAGGTCATTTGCCAAACACATGTGGGTACTGCTTAACTCCAGGGCGCGCACCCTCGCAGTGTGCCACAGTCTTCTCAGTCCGGCTGTTATTTTATACATAGGTATCCAGCGCGGTTCAAGACCCATCGCGCAGATGCGACGATGTCGCACAGGCTCCCCTGTAGCGTTCACTAACTCGGAACCAGCCGGGACGAGCTCACGCCAATCTCGATCCGAACTCAGAATCCCGAAGTCCCTCATGGACACACGGTTGCATCCGCCGTTTACAGCTTCGATTACCTTCGCGCACAGAGATCTTATTCAGGCATAAGAGTCCTCAGAGCGCGTCCAGGGTAGGGTAATTAGCCCAGCTTACGTTCTGTCGTTATCGTATTTCGGATTGCACCTCGATGGATGACACCACCCTCCACACCCATTGGATCCCATAGATCAGATTGTACAGAGTCCAATCTGAGTTTTGAGTCCAAGACCCAACCTTGCGCTTATGGGATCGCATGCTGTGGAGCGTTTCGTACTGGATTAGGTGCAGCCATCTACACCCCCGGTACGACGATCACACGCCCAGGCACAAGCGTCGCAAGATCCATTATCTGGGTAAACCTCGCTGCACAATGGGTGTAAACAATAAGACTCGTGAAAGCCGCTCGCGCCTACATGAAAGCCTTAGTGCGGAGAAATCTCTCCGTCGTTTTACCTACCTAGAAGACGCGGAGTTCATTGAGAACCTACCTCACGAATTGCATTTTTTCATGAGAGGCCAGACAGTACTGGCATTGCAGAGGACTAGAGGGGAGCAAATTTCCGCGTTGTTAACATGGATGA,1232,51.7,Escherichia coli
SEQ_916775,CTGGTAGGTTGCCGTCGCCTTTAACAGAATGGACAGAGGTCGGCGGCGGATCACATCAGCAAGCGCAGACCGCCAGGGCTAATAAGTGGATGCTGATGCTCAAGCCGGCACTATTAAGCCTATAACAGAGTCACAGACGATCCGTGTTCTCTATAGATTAAATGACCTTTGCGCAACAGAACTGTCATATGCCTAAGACCCAATATCCTGCTACGTTTCTCATGACCAGTGAACCAGTATAAAATGAACGTACTCACGAGTTTCCCAACGTCTAGCCGATACCTCAGGGAGCAGTACTGCGTATTGTGAACGCAGGCCGTAAGAACGATTGCTATAAGGCAGAGTCAGACCAATTCCATGCGATGGACCCGATCGGTCTACTCAGGACTATTAAAAACCAGTCTGACTGGGGAGGCCCGATGCATCCATTCCCCCGTGGTGTTGTGTATCTGGGGCTGTAATGCAAATTTTACCCGGGGTTCATGTAGACCCCTAAAGGCGTCTGGGGAAACAGTCAGGCTTTGACACATTCGCTGCCTCCGTTATGGGTATTGCCTCCCGGTGCATTACCAGTTGAGATGGGGAGTCTGTTGATTAAGAATACCTCTATTAGAGGTGCCGAGACCGGTGAAATGTGACTTCTGACAGACCCAACTGTGTTCGGACATCCATCTCCATGCCATTAGCACGTTGGCGCAATCGTGCTGCACGTTACCACAAGCAGGCGATCCTTACCAGCT,740,50.54,Escherichia coli
SEQ_508655,CACCTCGCTGAAACCTAAGGCCTGAATGTACGCCTTAAGGCAAGCGCCCCTAAAGCGGTTCCTCGGTAGGATATTTAGTGTCGTACTCACTCTTCCGATCCCATTATATCACGCCTGGAGAAATCGATCAGGCCTGATGTAGCATTAACCTTCCACGCCTGCTACCCGTGACGCGACGGAGGATGGTCATGTTTTAGGCCGCAATAAACAGTTATCTGACATAGCTTGGCGGTGGCCTGAAATGATCGAGCTTGGCAAGTTCCCTCTTATCCTAGAATCAACCTGGTGAGCGTGACCGCTGGCCAACCGGTAGGCAGGTCATGTTGAGCTAATTTTACCGCGTTGCTGAAAGAAGGCTTCAAGCCCTTCAAGTTTTCTTAAAATAGTCCTAAGAAGCCCCGGCTGGAGTGGAACACCCGTTTAGGATTTAGTTTGGCTTCGCGCGGCGCGGGCATAGAGGTTGTGTGCTGATCTCTCTGGGTAAGATCAGCGGCAGCTGAACAATCTAGGACGTTGTGAAGGCATGTCCATCCAGGATTGCTAAACTAGACGGGTGGATGCACTGTTGTCTTGGGGTCTATGCACCACAAACTTCCTGTTAACCATCTAAATCTGGGCATTCCGTCTCTTCCAATCGCCCGCGGTCTATCGGGCCCTGAGAGCAAAGTTTGCGAGACGGCCCAGAATTATGGCGCCTACCTTAGGGTTCTCGAGAAGTTTATTGGATGGTGCCCTTATACACTCCCTAAACACTAGATATTT,762,50.66,Arabidopsis thaliana
SEQ_805958,AGCGAGTGGACGCGGAAGCAGCCCGACCCCGGCCGTCGTCTATGTTATGACCAGATATGCCATTAATGTCTGAGGCATCTAAGGTTATCGTGTAGCCTACAAAGGCCTGCTGATTTCTTCAATTATCTTGTCTCAGTGGATTTTCATCAGAATCCGTGTGTTCTGCGTGGCTGATAAAAACTGTAAGTATTAGCAGCTAAATTTCTTGATTAAATTAGTGATCACATGTCCCGATTGACAAATTTGTCCTGATAGGGTGTGGCACTGCAATAACCATTTGCGAGGAGTTGTCCACGGGTGGACTTGCCCGCTGGTGCCGAACATCTCTGGCGAACCCCTATTAGGAGAAGTAGAGCGTTCCCCCCCGTAGGTTCGGATTCTCTCCCAAGTGGATTCGCCCGGAATAGTATCCTAAACGCACTCGGCAATAGAGTTGAGAAATGGGAATATCGAGTTAACCGACGTTGTTAGCAGCCCTCGTCCGTCAGAGGCTTAATCACTGACTTGAAAAGTATTTCCCATGGAAAAGAGACAGCTGTTATAATTTTATTGGTGATTCCCTACGTGAATCTCTAGTATCCCGTGTGGGAACATGCGGAGTACCTGGTGAGACCGAAGTTTTCACGCTGAATAGCACTTTCTCATAAATAAGTATCCGACCGATCTGCTGCTCTCGACGTCAACTCAGCGTAACGGTTGAGTCCGGCCGATGTAGTACTGGTCAGAGGGGTTATTAGAGCTCGCTTTACGGGATTCTCGCCTAAAGCGACAACGATTCATAAGATGAGCTCTCCGCGGCGTGGTGCCGTCCAATACAAGACGATTCAACCTAAGCAAAGGTAGGAGGCGTCTTAAACCTAATGGACCGTAACAACGGTATTCATAGCAGTTCATATGTTAACCTACCTGGAGACACAGATGTGCCTTAGTATTAAAGGAGTTTCCATAAACTCCGGCACGCGTATGTGACTCGGATTCGCTATTTAGTTGGACGACCAGCATCGCTGCTTAGTGTCGGATCGCTCCACACGGCAGTCTGGATGGCACTATCCACTAACGATTCTAGCAACCGCGCACTTAGGGTTTAACTCGATCAACAAGGGGATCGGAGCCCCTCGGGTGTCCGGCCGAACGCCGCCACGCGTGAAGGATTACGGTAACCTAAACTACAGAAATACCACAAACGAGGCATAGGTCAAGCCAAGCGGGTGCCGAGTCCCGTGGTAACTCACTGGTGTAGATTCTATGTGGCTACTATTGTAGTATGATATCCCAATCTGCTTGGTACTTATTGTGAGGATCTGACATGCGATAACTTACGGAAGGTACCCGTAAAGGCATCGATTTGCTTCGTCGAACCGAGTTGACCGTA,1372,48.54,Saccharomyces cerevisiae
SEQ_284821,ATTTCCTCTCGAGTCCCAAACGACGGTGCGTGTGGCCAAAAAAACTTTTGACCGACACAATTACAAGTTTGGTGGATGGCCGGAGACCGTAAGGCATCAAGGGGTGGTCCGGTACCTGTATGCGGGATGCTATGGTCAGCATGATAAGCGCGGTTCCCAAGGCTACGCCACGATTCGATGTTATAATTGAAAGGTTGTGCTCGTTAAGGGGGCACTCGCGTTTTAATTTGTGGCCACTGTTAAGTTTTTGGTAAACTTGATACCCGGTGGACGCTGAAGCGAGTCCCGTATGGGGACACGTACTGCCGGCCCTAATGTTTGACTACAACTATTTATGTACTCCTGGGCAAAACCACTTTTGAGGAAGTGGATCCTCAAAATATTAACATGCCCTATACTTTAATGTGAGCGAGGAAAGGCGGATGGCGCATAGAGTCGTTTTACCCGTGCTGTACACTGATGCTAAGATACGATTGTTCTCTATATTTACTTATGCCATTTTTGGCGAAAGTAGCCAGAATAAATCTTCTTGATTATAAGTCAGGCTCCCGGTTTAATACATTTAGATGTGCTTATGAGGGGAAAAGTGGTTATAACTGTCAGAATTCGACCACAGGCGGCACCCTTTAGGCATGTAGTAAATTTTTCACTGCATGAATCCTGAGACACATCCGGGGCGTGTAGACATTTTTTGCAATCCGACAAACACCGCGAACCTTTCGCATCCCATCCGGACCGGACTCCGAAGCCTTTACCCGCGGCAGTCTCGACATCTCAGCTCCGTGACAAAATCACTAGACGAGATAATTCACCCGGGAGCACCGACACCTTGCTCCCGGAATTTTGTTTGAGGTCATGAGTCGGTGCAAACCAGATCGTACTCAAAAGCGACCAGCTAAGTTGGCAGTTGTAGAAAACTGGCATTACATCTCGTATCTTCTAATGCCGGCCACAGTCCCTGATAGGCAACAGAACGTATACGAGATCTGAGTTGCCGGTCTGTCCCAAGTAATAGGTCCTTATTCTTCTGGACTATGGCAAAATTTAGATTTCAGTCAGGCAGTACCGCTTGGCACAATCAGCGCTGCCACTTGTTACCTGGCGCATGGGGAACGGTTTCTGCGTCTAGCGTATTATGAGTAGCTAGCGGATAAAACTTTTTCTTTATTGATCAGCGCATTCTGCATCTTTGTACCATATTCCAGAGATGGAGCATAAGCGCACCGTCGCGTTGGAAAAATGCTCTTAACGGGTCGAGTGAGACTTGTTATAGTTTGCGATCAAAAAAGCCCCAGCCAGAGTCCTCACCTAGACGGATCTGCCCTTTCAACAATGACCGAGTGGAGAGGAGAAAGCATTCTACATCTTACAAACAGG,1377,47.2,Escherichia coli
SEQ_800186,ATTTCATGGGTTATGGTGACACATTGTATAGCCATAATCGTAGGGGAAGTCGTCTAGTATATAGGTAGACGCTTCGGTGCCGCGTAGGACAGGACGAAGAACAGGCAGCGGTTTTGCTGACCTGTGCACGCAAGGGCAAGCAAATTTCCTGGAGCTCGGTTCATACGAGACGTACAGGGCAGCCGACTAGCAGTACCTCTCTATAGATGCGCGTTTATTCTCCATTTGGTCAAATGAATTTCTTACACTGTTTCCCGGTAACGATAACGAGTCGAGGAAATCGAAGGAGTCAAAAGGTCGACATTGAATGGCACTGCGGTGTTCGAAGACTGACCGTTAGGAGAGCTAGAATGTAGAATTACCCTGTCGTAACTGGAATTCACCATGTCATACGGACTGCTCCGCACTATATCACTGCTCCTCACAGATCAAAGGGTCCCTTCTGGGGCCCAAGTCCGGACTTATAAGAAACACCAAAAGGTCGAACACCCAACAGGAATCTTGTGTTCGAATGCGTGCTCACATTCAATCACCCGACAACCTGTAATTGTATGCCTCAAGTACGTGTCCCCTGTGTCCTCGAAGTCGTAGGTGGAGTACAAAGATGGGCGAATATGTAAGGTTTAGAGAGGCAGGGTCGAACTTGAAGGCTTGGTTCCTAACCTCTGTTTGCGAACTAGAACATACCCTCCAGCGGCCTATACCCTCAATCCCTTCATCTGGCAGCGTGGTACGCGTCCTGGGCTTGTGCACGTCTTGGCGTGTGGAGGGGACCTGCTCCTCAAACTGGAACGTTAGCCGGTACGGTATTATCCAAGCAATGCATCTCATATTCGTTAATAACCTTTGTCGAAAGTCTACCGGTAGATACTTAGTAGATCCGTAAAACCTATTAGGTTAGTTGACAGGTTGCGTTGCGTATAAACCGAGCACCGTACTTCCCAGGTAAACTAGTTCACCTAGATACCCAAACCTCCCCCCCTGCATTTTGCTGACACGTCCCTAGCTTTACTGCCCGCAAGGTTTGGACACCCGGGAACGGGGGCCTTCCAAGCGCTCGCAAGGTTTGCAATGTAATATTGAAGGCTCACCTAGAGAACTGAGGTGCATAGAGGACGACTGAATTGGGGCACTGCAGCGCTCATTAATGTCTGGCTTATAAACCTAGTCTCGAGACATCTATGTCAGCTTCTGGCCTCGTGTTAGGGGTAGAACCGCTATTGCCAGGCCACCTCAATGTTGTGGAGGATCTTTTGACACCATCTCGGCTTCGAGTGTACTGCACATTGGATAGGGCGACCCTTCAGACATGAACTCCTGCTCTGTCGCATAAAAGTATAATCAGAGCCTCCAAACCTCTCTTAACCCTAGAGCTCGCGTAGCTGCGAACCAGTGTCGTG,1400,49.64,Drosophila melanogaster
SEQ_527877,TCCCAGTGTACGTCGTATATCCACCCAGACTATATGCTGCGATGTTCCTCGCTACAACTTGTGGATTGGTATGGCCATCAGTTATCTTCACCCGTACTTGGGGCGATTGGTGATCTGACTGTAAAGGAACCAAGAACAGCCGTCACCCCGCATTCGATCTATATTCCACAATCCGTCCAATAAATCGAACCACGAGTTGGTCGGTCCCCTGATGAAGTCTTAATCACCTTAGAGATCGGCTTCGTGGCTCGTAGCGAGCGCATGGAATCATAAAGGTACTCCTAACAGAGACATCCTCCACAGGCTCGTCGTGGGGTCTCCAAGATGGGTGCGCCCCCTTTAATAAAGTGGTTACCGGTCAACTACTAACCCCTAGAACACAGGCATCAGCCCTTGCGAACACCTAAGTTTAGTCAAACGCGGGCCCACCGGTACTTAGAGATAGAGAAAAACGTTCTTTGCTGTATCGGCAGGGCTTCTTTGTATGACAGATATGTGGTGATGGAGCAACCCCTACGACAGGCGCTCTCACTGGTAGCGGGGCGATACAAATGTTATTGCACTAAGTCTAACCTTAGTAGATGGGTAAGGTTACTATAACCATGCAGCAAATTTCGTGTTGTGAGATACCGACAGTGTTAAGACCGGAGATCAAACTGTTTCGTTGTCTGGGTGCAGACTCAGGACATCTGCGGTCTCCTACGTTTGGTACGACTGTGTTTCCTCGAACGCGCCGGTTAATAACAGAGTACTAGGTATTCTACGGAAACTCCCCATGTAAGGAGACCTAAGGCCGGGATTTGGGACGTACTCAAAGGTAGTTAATGTACCATCGTTGGACCAAGAACGTCCAGAGACATCGAAATTGGGGTCTATACATCAGCCCTGTTTCTCGAGGGAAGCTCTAGTAACATTTCATTTTGTATCATTAGGAACTAGGTAATGTTAGCTCACTTTAGAACATTTACATTGCACCATGCGAGCGCAGGTCGCTCATATAGACCTACCTATGTACCCTGTATGGTGTTCCGACGCCTACTATGAACCTTCGGATCGCACAGCGGGCTGCTCTTTCACGGCATAAAGCAATGGTGATTATAGGCGGTTGTCGGACTAGTTCCGAATCGCAAATATATCTAGGAGTGAATCCGGGCCCTTTGCCGTTAGCCTCGGACGAAGAATGGGTACTTCATTCTCTACAGTTGGGGAGGGCTAGGTGGGGTCCTTGCAACTAAGCACAACCGCAATAGAGTTGATTCACTAATAACCCGTACCACAACGGTGTCAGCCGAACGCATTCCTAGACGGTCG,1311,48.74,Homo sapiens
SEQ_880523,GTTGTCACCCCTAGTAGGGCAACGGTTGTGGCACAACTCCAACAGTATATTAACAGTTGGCAATGACCCGCCTGGTGCGACCGGCACCTGACATATGAAACGGACCCGCTTAACCCTATCCAGCTTATCTTCAGTAGCAATTTGAGGACTTTAGAGACATAATCGGGCGAGCGCATCATGGCCGCTTCGTCAAAGTGACTGAGAAAACGCCGTTATACTGTGTTCATCTTTCACCTGAGGTGACTCCGCTCGCCTA,256,50.78,Arabidopsis thaliana
SEQ_115378,CCCAATTGTTAGCCACGCATGATGGGACGGAGGATCGTAGTTAAACAACAACAGAACGAGCACCCGTTGCGTGGACACACCATAACCGTCGCGAGTAAACGGTTACGCTTATCGGTATTGCCGGACCGAACTAGTGCTTTGCGTACCTGCCACTGAAGTTAAGTTCAGCCTCTCCTGTGTTCAGAGTATGATCAGCCCTGGACCGACACCGGCTTGAGCAACTTGTAAGATCAGTATTAACTTTTTGATGATGTGGAACGTAATCGTCCACCTACTGCGCTGTGCCGAATGCGGTCAATAACTGCTAAACGTTCTTCCGTCTCGTGGACGCGGGTTCCAAACGATAACTGGCCTTGGTCGAAGCCGCATGCCCAGATGTGCAATGTATATTTTGAGCCCCGAGGCATCTATGTAGCAGGCTCCCAGTGAGCGGCACAGCATTAAGCCAGCCCCAGCGCCGTGGACATACCGCGGTCTATCCCTATAAAGGCCCATACAATTCACCTGAGACGGACTCTACTAGCCACGACGGTACAGACCTAGCAGACGTAATACCATGTATTTATACGTGTGAATCGGCCGCCTATCAGTGCCACAGTGCTGATAGTCCCCGGATCGACGCATATCCCAAGCGGACACCCAAAATGCGGCTGTGGATATGTAAGCACGTTTATCAACGCCCGAACCCGTTTGGAAGTAGTGCCTTTCCATAACAATCTCTGGCTTGCTAGTCTTATTTCGACAGGTACCATCTACGTGTCTACCTTCGAAAATTGTACGACTTCGACCGTCCCCACGCAGTTCACTTTGGCATACTAGCATCGGAAATTTCTGCAGCCAACAGTTCGTTTAACGTGTGTGATATCGAACCGCCCTCGCAGTCCCTATTTCTGTTTAGTACAGTTACTCGTACAACAATCCCCCGTCGCAGG,932,50.86,Drosophila melanogaster
SEQ_292601,GTATTGTGGCCAATTCTGCAGAACGGCCATTCGGTTAATTTGGCGGTTAGTTTCTTGCTAAGCTGGATCAAGTTACCGATACCTGCTGTCCGCCGGTCGCACTGAAGTGCGACATCATATCGTCGAGCCGAACCTTCGGCCGGCAAACCGAACGTTCACAGAGGTGAAGATAATAGTAAACGCACTCTATCTATACTAGACCGAAAGCCGTAATTCTCGCCACGTTGCCCAGCGCTTGACACGGCTCAAACGGTCCCTCGTAACCATGGTGAAGTGGAGAGCAATAGAGTTGCTCACAAGCGCGCTCCGTCGTAGCAATGGTTCGTCGAGGGCAGTCTTAGCAAAGTACAGTATCTGTCTACATCTTGGATACCGAAATTAAGATCGATTAACCGGGGGCGGATGCCCGCGTCGAGAGAACAATTCATAGCAATGAGTTGCGTGCGGCGATCCACAAGCAGTCCTTCAATAAATTCATTGTATCGACGGACACTCATGGCTTGGTCTCGTTAGACCTTTCGGGTGGGCTTCACCCACAAGGGAGGGTCCCGAGCTCCATCGTTAACCAGCAGTTCCAACGGATCGCTAGGGAACCCGTTGGCTTGAGTGGTAGGGGTGCTTTTCCTCGGTAGAAGAGGACGAGGTAATGACTGGTGACATAAAGGGAAAGAATCTTCAACTACGCATTGATAAGGCGAAACAGGAAAATGCCGATTTCTAGAGCCGTCCGGTTTTTAAGAGCTTGCGAAGGTTCGAATGTGACTCACGTACTCTCTCTGCCGGCTGTGAATTGGCTTACCGCCGCACCCAGCTGATAGCTGACGAAGAGACGCCGACTTTTGGGGTTCCGGCGGCGCGAGCCCTATAACAGCCCTTCCGTCCTGTACCGTACAGTTCCAGCCCAAGGTTGCGTGGCTACATCTCATAATCGGTGCTTTGAGACCGTGCCTAGTGATTAGTAATCCGCATGACCACTTAATTATGACTATGAGGTGAAGTACCTCAGGAAATGTCCGGTACTTGCACGTTCTATGTGGCTCAACCTTGGCGGGACCAAGGCACTTAAGCGAAACAGTGCGTGTATCTTATGGTCTATGACGGGAATTTACGTTGTCTTACAGGCCTCTAGTAGGCGAAGTTACGGTGGTATTTTTTAGGTATAATCAGGGCTCATAGCATACGTAGTTAGCCTCTTAGCTCCTAATGAGGACATCAGTTGCTGGAAGGAATTCCAGAGGCTAGTAATGCGCTCGCTGAACCTCCCAGCGCAGCGAGATAACCCCCCCTGAATGTCTCTGTCTACAACCCTCCTCCCTCAATGGTCAAGCTCGTGTCACTTTGACCGGGTAATAGTTGGAACACCCGCAACCTAGACATCTCACGTAATCACTTCAGTTTGCATATAAATAAAGCACGCACCTGTTGTCCCTTCGGGGCGGTCCCCCGTGTCTACCTATCCGGAATTTTTCTCCAATGCCCAGGTCCAAACTGCTACAGCCATTCGAACGATTTAACTCTTCATGGGGGAATATTTTGGAGACTAATCGGCGTGTCGTTTATCGGATCGTTCTTCTCGACGGCCTATCGAGAAGGTGCGTTTCCAAGGGTTCTATAACAAGGAAATAC,1626,50.37,Drosophila melanogaster
SEQ_802128,TGAAATCAGGTGAAGACGGTTACACGTTCTCGGACTTTCCGCAACGTGCCTTACACCTCCTTATTTGCCCTGGGCTTGTATCAATTTTCAGCGTAATGTAACTGACGGAAGCGACTTCACTGATACAGGTCCACTTGGCAAAGTATTCAAGAATACCTGTACCTTATGTTCTTTTGCAATACATTAATTGGGGAACCTAAGTACCCCTTGGGCGGCGTCACGTACTTGTATCGTACTAGTTGCGGGCCTCCACTATGCACAACTATCTGTCATAGCGGCGTTCAATAGAATTGAGGTCGGGCCACACACTGTGCAACATGCCTCCGTTCGCCCTTCAGGGACTAAATCCGTGTCCGCACATAACGTCTGCTAGGTTCTCTGTGCCCTTCGGCTCAACACGCGGCAGTCGCGCCGAGTATAACATGTAGAAAGGCGTTCATTCTTGAGGATGAGCTCCGAGCAGGAAAAGTTCTGAAACCGGCCGAAAGTATGCGGTGGCAGTACTTAGCGACCGCCAACCTTACAAATCACAGTCTTATTTGATCTCTGTCGCTAGTCAAGGGGACCAGAGATCATAGATTCTTCTTTAAGGCTATACTGATAGTGCCGGCACTCCATGTAGCCCACCGAAGTCGCAGAGCGGTTGCACCTAGAGGTGCACGTTCTTTAACAGAAATCAGCTTTTGCCAGTTCTGGTTTAATGAGCCTCCTCCAAAAATGTAACGCCTCACGAAAACGGTCAAATGTCACTCTAGGTTGGGATAGGCCTTTCTCGGCTTACTGGATAATTTTCCTCGCATCAACCTGAGTCTGTCAGTAGGTCGTCGTCACGTCATCCAGGTTCGGTTGCCCCCTTCCGGTCATTACAATAGGATGCCATAGCGCTATCACGGCTACAGTGGCGTGGCTGCAAAGGGGAAATGTTTTGGGTTGAGCACTGACGAAAACTTACCTTTGACACCAGTTTACTCAAATTGTAACGCGCATGGTCAAGCGCATGGCTCGATCTGGCTCATACCGCATTATTCCATCAATCCCCCTCGTAATGACGGTGTCGCTGCACATTTACGATTCTGAAGTGGCATCGCTTGCATGCTGACCTGAGTAAAACCTAACGCCGGACTTATCCTTAGATAAGCCGTACACGTTATGCAATCCTACGCGAAGATGTGTGGGAGGATAAACGATTTGCGCGAAGGCAAAAGTTGTTGCCGAGTTTTGCCTTCCATTCGCTTGCGCCAAGAGTTGAACTTCACTCTCTCGGGCGGTCATTCCCACTTCTCAGGATCAAGGCCCTACTCGACCGTGGAGCAGAAGCACTTTTGTATATGCGTTCTAGAGCCGTTCGCGATTCTTCTACCGTAAGCATCTATATCGGCCACTGATCTCATGCTGGAGTGACGAAGGAAAGACTAACTGTCCATCCTCAAGTCGGCTACCAGAAAGTTTCATATAATTTAGGTGTTTGCGGAACAAAAATAGGCCAGCCGCTTCATAAAAGGGGCCCTCGAGTGAATAATCATTTCATGCGGAAGCTAGGCGCCGCGGGGGCCCCATTGTACGTCCCCGTTAACGTTGCGCGGGTGAGCACTCATGATCAACTCTCGGTATAATCAGTGGCGGAGGTCTACCTTAGTGCCTTCCTGCTCAGTCAAGACGGTGTCTGGACGAGATGTGCCCTGACGTAACGGGCGGTAGTACACCAACTCTGTGGAGGATCAGACCGTTATGCCTACTCTTAGTACTTGACTGGACCTAGTACAAGCTATACTAAACGCTACCATAAAACTTTCGTAAAATATGGCTCGTT,1810,49.34,Arabidopsis thaliana
SEQ_381799,TCGAACCCATTTCTTGGAATCTGCTCAGTAGCGGAGCTCACGATATTGATATCGGGGAATAGACCAAATGGGTCGAGTTATTGCTCGACACAACTTGCGCATATTTTGGTCACGCGGTTTTAGCAGTCCCTAGCCTGGATGCTCATTTACGTCCTGGTGCACTCCACGTCATATGTCGGGGGGCTCTCAGGAACATCGGTTACCGTAATGAGTCCTAACACCATTCCAATTAGGATGCCTTAGGAGCCGAGGCGGCCTGTTATAGCGTGTGTCTTTGCTACTCGCAGAAGCGGCCCCCATTTCGCTGCCCAACCTATCAAGAGGGGGTCAGAATGTCGAGTCACGAGTAGGTGGGTAGTATGCTCCGGGCGTTCACAGCAAGAGAACGAGAATACAGGAGAATTGGGCTATCCAATGGGTAGCGCACAGCTCGCCTAGGGCACCGTTTTTCGAGCTACAGCGTCTCTCCGTCTGATCCGAGCTAGGTGGGATTTTTTAGACCAACGACTCTCGCTGGAACGTGCCCAATTCAACATTTCCCCGGAAGTTGATGTGCACGGAAGACCATTCGCTACGGTCGATTACCGGAATATACCGGTTAGTGCCGAGCATTCAACTTCATGAGTCCCTGCCAACGGTCAGTTCGATAGCCCAAAAATGAGAGTTCGGTGTTGTTCACCAGAACCGCTTTCTCGTCATGTATAAGCTACATTGGATTGGGCCTGGGCTATGCAGAGCCGCCAGGGCTCTCCACGGCGCGACGTCTTGAATAATGTGAGAACATTTTACGGTGCCGACACTCTGAATACATATCCCCGGCAGATTTTCCGTCGGCGGAATAACGCTACGTATACTCTGGTTAGTGGTTTGTGCGTCCACGAGAAAGGGGTGCAGGGTTGCTTCTCGTATAAAATGGGGAGCCCGCTTTTGACAAGGTTGTCTTTGGCGCGTGGACGGTACTGGGGGCCCGTACACTTGTGCGCTAGTCATGGCTATTCACTAAAAGTATATCCATACTCTC,1021,51.81,Saccharomyces cerevisiae
SEQ_178919,GACAAGCACATGGGCCTTGTAATAAGCAGGGTCGCTACTGCGCCCTCGACCCTCAATCGATAAGAAACGTTTGTCCTCCATATATCTTAAGTAAAAAGTGCTACAAGGGGGCTAAGGCACTCGCGACAGCGCTTCATTTGTATCACAGCAGTTCGCTAGTTTTTCCTCTTCGCTTATCAAAGTATTGAGGGAGACCTATCGGATAAATATTGCGGGGGTATCGGTGTTTGGATAATCATGGTCTACTCCAATGTCGTGTAGTATAAGCTCGGTTTCT,277,45.85,Arabidopsis thaliana
SEQ_922133,AGGCGGGTAGAACCGCGATTTCATTCCGCATGTACGATAGAACGGGCTTCGCCTTTTGTTGGCCCGTTGACGTGCGAGAGGCTCAATGGGTGGATTGTTTCTACCACGGGCCATAGTTCTTAACCATTGTTTGTTCTGGCTACAAAAAATTAGAATAATATTGGCTGTTTGACGTATCTTCAAGTGCGAATTGACTTCCGCCATATAATGAATTATACTGCTTATCTCGAGTATTCGTCGTGCGCCGGTCGTCTGATTTCAAGCGTGCCGGCGTGCCTAGAAATTTCAGATACAGATAAGGATTAGAGGCGACCATTGTATTGTAGCACTCATTGACGCCCTCAAAAGAGTTTAACACCGTACTGCTAATACCAAGACCATCCTGTGGACCGACCAGCGCGAGGGTGTTCGCCCAGACGTCTGTTGACGTCATATCGTAACAGCGCAGCTGTCCGATGAGATCATCTAATGATAGAGTACTTGGTAGGGTAAATGTAAAAGCTTCAACCCCTAGCAAGTATTGTACGACTAGCAGGCCACCTAGGCGACGTCTAAGATACTCGAGATATCCAACATTCATAGACTTGTTTTGCACTTATAGGGGCGTATGAGCCCCCGCCACGTGCGGAAGGAAGGGTAAAGGAGGGTCTTTACTTTCCCTGTTAGTTTGGTGATGTTCGACTTCGAACAACTGGGTTCATTCCTTATTTGTAGGCACTGGCCCGCAATCTATATTATAGCCCGTTCCTCAGGTAATCGTTGCACTAGTCCCACTATGATCTGTCTGGTTAACCTGTAAATGCTGCTAAGAACCAAGTTCAGCCGGCCGATCCTTCTGCCCAACGCCTATTATTGTCATAATTATTTAACGTATACGTCACCGGAAGTTACCATATGTGTCATTGCTGCTGCAACCGTTCCGCAAAACTAGGCAAAATTAGATAGCGACTAATATACTCTTAGATACCACTTTGCGAGGGCCAGTTATCAAGCTTTTAGTATTCGGCGTTGATGTCGAATAGAAAGTAGGTTCGCGCGCGACTTTTCAACTGATGATGGATGGTCGTAGGTACTCCCGGCGGCCGTATCGTATTCCTCCGCAAATTAAGATGACACAGAATTTAAGTAACTCTAATGGTGTGTACAGCCTGAAGGCAGCTCGAACAAGAATTTTCCCAGTCTGTACCATGCTTTTACCACGGCTTAGGCAAATTAACCGCAATGAGTCGTTTCTGACAACACGAGGATCGGCTAAAGCTGGTTCAGCCTCTACCCATCAGTAAGTGCTGCCATCCCCCGCGCGAACTAGTCGACAGAGATGTGAGATCTCTATGAGTTCTCTTGTTTGTGGCAACCCTGTACAGTAGTCTGTAAGCAGATTAAACGATCGCGCGCATTAACATCCATAAAACGAAGGCTCTACATAACGCGCCGCAATGATAAAAATATGAATACGGGCTTTACCTAGATGCATGAGTCCACTAACTCCTAGGGCCTGGGAACTAACCGGTGTGATCGGGGTGAGCTTCCATCCCAGTG,1539,46.78,Arabidopsis thaliana
SEQ_343827,ATAGCTTGTCCGGCAACTCGGTACGGGCCAGTATGCATTAGCGTCTGTGGTGTTTGTAAAATGTAGGCTACAGAGTGCGAGTCGCCTATTTATGGACCAAAGGTTTGGAACGGCTGAATCGATCACACTTACACCCCGGGCAGACGTTCCGCCACAACCTCGAGTGACCTTGTAGATTTTGCGTGAAGGGGCGTAAGTTAAGTGGAGATTACCTGCTATATGAGTGTACACTGTCTACAAGTTGCCGCTGACGAGAGAAGAGAGCAAGTGCCGCAAGGCCTCTTTTAGACGACTTAACAAGAAATCGGTTGAGATCTACAGAGGCTAACACAACCTTCTGTACCTAAACAGTGTCTCTAGTTCAGCTGGGCAGTCCTCATAGTTAGACACTGAGCAAGGATGTTTATTCGGGTTATGCTGAACCAAGTAAGCCAGGTAGGACGAGCCAACCTCCAAGCCTGCTATATGTGCAGTGGAAGTTCGACGACATCGAGCCGATCTTCGTTTTGCATAGACCATCTCCGGTCTCTGGCAAATGAGCCGGCTCCCAAAACCCGGCCCCTAAGATCTTCCATAAGCCCAAGTCTAGATTAACGGAATCACAGTAGGGCTTGTAAACTGGCATCAATGATTTCGAAATATAGAGTCGGCTTATAATGGAACGTGATAGAAGCAGACCCTGAGTCCGTCTTATTATGAGAATAAGCAGCCTAAAACCATAGAATACTCAGGTCGTGGTTTTACCCCGTTTC,752,47.87,Saccharomyces cerevisiae
SEQ_603787,ATTAATAGAGCTGGAGACTCAGAACGGCACGAAACAGACGCCCCCAGACCTGAAGTGCCGCCGGTGGACGCGAAAGTTCTGGCTTGGTCTAACAGCAGGACGGTCTCGTGCGCTCATTTTGGTCAAAAATAGTGCGCTGACTGGCTGTGGAAGGGTGGATTACTATAAGTTTTGAGGATCAAATTTGCAAGAGATTCGAGTACCTGTTTTCACACTTGGGTTCCTCTTGGCTATGCTGTTAGTTTGTTTAATTTCTGTATACCCGTATTAGCCAATTTTATTCGATTCAAGGGTCTAAACAGTTCCGGATCTTCCGTCGTGCGCTTACAGCTTTCATTCGTGTTATCGTCGTAACCGAGTAGTCAGAAGTTCGCATAATTTACCTACGAGGGCGAAAAAGCGACGGGATCTGATTAAAGTCTTTGAGCCCCTTCCAGGGGAATCGCTGGGGCATGTGAGATTCTATCGCGGTTTGAGACGTGTTATCCACTGCCGATTTCCTTGTAGGGGAGTGCAATAGTGGCAAACAGGGGCAAGCAGCGCTATGCTACTACGAGACCCCGTCCTCTGCCCGGGAATTGCGTTACACGTACGTCCTCTATAGATCAACCTGTTACCTATACTACGCTCTTTATGATATTCAATGTCGAAAAAGTTTGTCCAGATCACGCCCACCAGCGACACGTGGTTCAGCAAATGCGTTGACATCATCTGGTATTGTAGCAATAATATGCGGTAGACCATCAGCCTAGATATTAGGAGATCGCCCTCGAAGCTTCTGCTCACCACTCGGCGTTTTATTTGGTTATATTAAGTAAAATCACTGCGGGGTTGGACCCCCCTCCAACCTATCACCCCATTGGGATCAATCTTGTAGGGGCCAGCAACCGGTAGTTTGTGCCGTTTCGAGCTTCTATACCGTGCTGTTGCTTTCCCCCGACCATTGGGAGTAATTTGTTTATCTGTCTATAACTCCACCTTTTTGCGACGGCTCAAGCCTTTTGCGTAAGTAAGTGATAAGAGAGCCCCCCGGCTTAGAAATCTCCATAGCTCGATAACTAGTGAGGCACTAGTATACTAGAATCAGCTGTTCCTCGCAGCTCAGTCTAAGGGACTGCATTCGTCACCGGAAGTGGTACATAGTACGGTTGGCTAACGGATGAAGCTAGCTAAAGGGAGCGCTTGATCCGCCCTTCCCAAACCTCGGGCAGGTGTCGAAGCTATGGCATCAAACACGCGCCAAAGTATGTACTGAATCGAAAAGTTGCTGGTGGTACCGTGATGGAGTGACTCAGACAGGACGGTTCCCACTCAACTGATCATCTGTAGCGACGCCAAATAATCCCCTAGAGGGTGCCTCCCTATTTTACTAAGTTTGGGCGGACCCGATTTGTTACCTGAGTAGGTTGAAAACTAAGATGGAAATGTGAAATTATAAGCTGAAACATCAAGATCGTCCAA,1461,47.98,Mus musculus
SEQ_185730,CATTTACGAAGACTAATGGGATACACCACAAAATCGACAGCTCCACCTGAACCTATAATGCGCGAGCGGTTACTTTAGGTGTAACGGAATGTACTCCACGTCTTTAGAGGGAAGACAGGCAACCAGACTTCGCTCTGCTTTATCCCCCTGGGCGAAGGTGTTAGCCTGCAGAACTGTGACGGATTAGCCATTAGATCTAATGGGGTCTTCGTTAAAACTTTAACGAGTATATCTGGCGACGAGAGATCCATGTGAAACATCACAGGTGAAACTTCTCCTTTGATTTGGGCCCGTACGCGGGAATAGATTTTGCCCCAAACTAGGCACGTGATGACGACTATACAGTGTAAAACTGACCATTCTCAATGCGTTTGGAATAATAGCGCTGTATTAATCAAAAGTCTCGTTATCCGGATGCTCCTATGTGATCAGTTTTGCTAGCGACTATGTTTGTTACTTTATCACCTCGAACAGGGCCTTGATCTTGCAGATGTCGAGGCGATCGATCGCCCACTGCGCAGCCTTTCCTCAGTTCGCATCTATCGCACATCAAGAATATATAGGGATCGTGCAGGGTCTGAGTCTACAGGTGAACGCGGATCTGGGCTATCCCTTTAAATAGTATGTCACCCGCATGCTAAGTTGCCAGATACTTCTCGTCTACGCCAAACATAATTGTATCCTGCTTATACAGTTCTAGTGGGCGTCGGTTGAGCTTAAACCCTGTGCGAGCCGACGAGTCGCCAGATAGGGTCACCCTGGACCTACGTACTAAAAGGCTGTTTCTGGTTGCCGCCGGCAGAATTGATCCTTGCTTGAGTGCCGCCTGGAGTGGGCT,838,48.21,Drosophila melanogaster
SEQ_938403,AGTATGGTCACGAGATATTGTCCTAGCAGATGGCAGTACAGAGGGGCAATATGGCCCTTCAAGAGGCTTAGTCATCATCCCACCAAACCATGCGGCCAGAAAAGTCACAGAGAGCTTTCGTTGCTGGTTCACCCCAAGATGGGTGGGATAGTTACGGAGGGTGGCTGATTGGCAGACTGGGGGTTAAGTTTAAGATTCAGATGGGTTATATGCAGGGATTGAACCCAGAAGCCACTATCGCTTTTTCTCTTGCTACATTACCCAACGAGAGGTTCCCAGCCATCTTTCTAGTTCGGCATACCAAGGCGCTCTTGGCTTGAAGGATAATTGGGGTATTCGGTGAGTGTTTTGCTGCGTCCAACAGTATCTAGTTGGGACCACGGAACGGGAATTCGAGGTGGCGGCCTCTCCGCGCCGACGTTAAAATCGCGTTCCGGAGCCTGCGTAGAGGATGGATGCCATCGCATTGGCAACTGTGTAGGGTCGAATCAGAGTTAACGAGACTAGGTCCGTACAAGTGTATGAGAGAGCCATGCCATAATACTGCCATGGTGCAGAAGGGGTAGAAAGCACAGATATTGGTCCGCGTGCGCCAAGATCTAATAAGGTAACGGGACGCGAGTCTGATTCGATTCTCTCATGAAGTTTGACGGATCGGCACGGAGAAGCTGGGTCATCA,679,51.1,Drosophila melanogaster
SEQ_819266,GGCTGACGCGCCTGTTGGAGTATTCTAGTAAATTCCAGATCAGCACTAATGGGAGATCCTGACGGCCCGCGGAGCAGACGTGACACCGAGCCATGGTTCATTACTATCAGGAAATCTCGCTTTGACCCCCCATAACATGGTTGAGACAGAACGTGTTAGTGATGATGGCAGAGGGGCTAATCTCCACCAAGAAATATCCGCGCGATGCCTTATACAAATCGTAGCTTGATTCAGTAGTTATGACCTTGGACCCACAATGCGATCAGCAGACGTTCGAATTCCAAGTTCATTTCCTGCGTGACCACACCATACACGCACGGAATTTCAGCGTCGCCGATAGTCGAATAGGCTTCCCGACCACTTCAAATTACGAGGGCGGTAGGATTTTAGAGCTTTAGGGTGTATGTGCATACTCCCCGTTTTTGATGGTCCTACTGCAGCTAGGGATGACCTTCCTTTGATTATCCCGCTATGGTAGCGCCCAGGAAGTAATAGTCGCTATGAACTGATCTAAGTCCTATAGTCCTCACCCCGTTTTGCAGGAGCCTACCAAAGGAGCGTCGTGCGATATGCCCATTGGAAGCAGGTTTGGTAGTGGCCGTGTGACCGTCGCTATCGTCCGCGCCCTCATTGTTTGATTAGCTATGGTTCCCAGGCTTGGCTAATCAATGATGACAATACTCGAAATGATACGTCCAGTCCGATAAATATCTAAACCTGTTAAAATGGCAAAACCCCGGTCGTTATCCTAACTGCAAATCGACATGGAGGCCCCGGCCTGAACGGGACATAGGTAGGGGAATTCGGAATTCCAGAGTGATACGCTCACGAGGGATAGGTTATTTTGCGCACTTTAAGTGATAATTCGACAATATATCCTGTGCTGAAAACTATGTGCAACAGGGCGACCACCCCAGCCAACTTCTACCTGGAAAAACCAAAAAGTATTAAGAGGGAAGCGGCTCAAACCGCTTACAGTTCTGTTTTCGGCGTGACATCAACTAGGATGGACTCATCCATTGGAACGCATCCGTGTCCCCCAAGGTGCGGAAGGCGCCAGTAGCTGCACGTCGGAGCACATTTCGATTCAAGAGTAAACACATAGAGGGTTAAGAGCTCGTTGCAGAACCTATTCCATTCCCACGAAGTCAATCCGACATGGTTACCTCGATCATTACAGGCTATCACCTTCGGAGAGAGCCGGTACAGTTATAAAGCTGCGCAACTTGTAAAGGCAGGAAGCCAAATCAATCTTTATTACGGATCCTCAGTTATTTCCAGAAACGGTGCGTAGGTTCTCGACACTTCACGCATGCCTCCAGTCTCACTTTGTATAACTGAAAAGTCGGGGGGTGAAAACCTTTGGTCAATGCGCCCCCATCCTTCGGGGTAGATATCTTAGGCCAAACAAAGGCTTGTCGGCTGGTCAGCATTAAAGGTGCCCGATCTTCATGCATAACGGCCTTCCGGAAGGGT,1476,49.05,Homo sapiens
SEQ_625139,TGATGCTAACCCGAAGGTTTTAAGAGTAACTTGGAGTGCTACTCTTTATGGTGCTACGCATCGGCCCTTATTATTGGACTAAAATGACCGGTATTCCTCACATACACCGGATATCTGATCCCAAGTCTCCAAACTCGCAGACGTTGGGGTCTCGGGACCGATAATCATGCGGCGTATTCATACGAACGACCATACAAGGGAAAAGCCAACCCGAGAAGTAGCCATGATACAGCCACTTGGTGGTGCATTTTTAGAGTAGGGCAACGGTTACGAGGCAGCTCAATCTTAAGAACGTTACCAGGCCTAGGTGTTCCGAAGGCCCGGGTGGGGGATTGGGCAATACACTGATACTTCCTCACAATCTGCCCATTTAGGTTGTATCTGGCCAACACCCAGCGGTTATACTTTTAAAACCGTTCAAAAGGTATATGGGGGAGCTTCCCTCGGGTCTGCTTCAACGCGTGGACGTGGGATAACGACGTGTCATTGTGTCCGAAGCTGGGGGAACTCCCGGTGCTTTGAAGCGGCATAGGGCAGCTTAAATATAAGCGCGAGCCAAGAATCAGGCTATAATCGTCAGGGACACAGACCCGGTGAGCCCTGCCGGAGTCCAAGGAAAGGGACGACTTTAAAGCAGCTAAATTAGAAGTCACCCCACAACTGCAGTCAGGTATCAAAACTCCCACATTAAGATTCTCGTTGCTAGGACTAGTAGTTGCATGTGAAGAATGAGACGGCACAAGTGTGGACTTCGCCTTTCAGAAGGGCGAACACTGGACTCCGTCAGGAAATGCGAGTTAAGTTTGTAATATAAATCACTGTGCGCACGCGCCGTGTTAAGATTGACGTTGACTCGAACACGGCTACCGGTCCTTGCCCTGCGCTAGTAAACCCCTGATCCAGCCCTTAGCCCGTAACACAGACTTACCTGAGAACAGAGCTATTTGGCAGATGAGTAAAGCTACAGTGCCCTCCGTGTGCGCGTAAACTCGCAGGAACAGCCTATAGGCGGCGTGGTGCGCAATACAACGGTACTGAGGATTTACGACAAGGGGTGAGTCGGCTACTGGATTTTGTTAACCCTTCGCTTTTCCAGTCACAAGAGTGACGCAGGGTGACGTGCTTGACATTTATTAATGACCACAAGCTACATCCTCCTCACCAGTTGTTCCAGGCCTTAGAGTCCCTGGCTTAGCCGTGGAGTTTATATTTTCGGGGTAGATCGAGGTTGAGGGTCATACCTGGGGAGATTTATAAGTCAGTCCAGCGCCTGTTTCCTATGTTGCGGGGTCACTGGCTGCACCCACCCCGATTATGTGCAGACATCTTTACCCTCCTACTAACAACAAGTGGTTTAAAATAGCTTGACTTTAGCAGGTTCGTATTCACCTCTCATGTCCGATCGTCCATCTACTACAGTAAATAAATTCACCATAAGAGTCTTACTGCGCCGCTGCTTCCGGCACATCCGTTTGTCTAAAACGAGGTTCATGCCCGAAATCCAACTATGATCTTTGACGCAGAGATGCGAATAGATGT,1539,49.45,Mus musculus
SEQ_383028,CCCATCGGTCGACCGATTTTGTTCAGAACACATTACGGTAATTAGAGCCATGCTGTCAATGTATAGGTCCAATACCTCATGCCTTAACATTAGAAACACGTGGACGCGCCCAGACATGTAAGGAAGAGAAACCCAAGCCCCAGGGAAACTTAGCGTTAGCTTCTGTTGAGTAGTAATGCCGGTTACGATTCGGCATTTAACAATACTTATGCTACGGGAGGCAGGGTATGCCTAGTCTGATACGCTTCGCGATCCTTGCACTGCATCTGAACGCTTGGTTATCAGCGCTGTTCTGGTGGCGGCTTGGTAGAAACCATCGGCAAGTCGAGCTCGTCCCATTGCCTTCCCAGAACGACCATTCTCAGTACGTCCCTCATCTTCCATGCGGTTTAAAATTCTCAGCAACTTAATCTTCCGTGCAACTATTGCGTCTTGCGGCTGTAAGTCATTGGTGACCGAGCGTATCACGCCAAGATCGTCATGACGACCTCCGAGCCAGGAAGCTCGACTGCCTTGTTAGTATCTATTGAGCTGTTCGAAGACATGTCTATGCACATCCGGGCGTCCGCCTGCGGCAAGGCGAATTCAAGTGAGGAGAACCAGACGGCCCTGCCTACCGTCTGATATCAGCGCGATAACCCGCTAACCGCGGAAGTCATGCGGATCACTTGCTACACTCGGCGCTACAAGCGACGATGCACTTATTGGGTGGGTGCACTGCGATTACTCGATCCCATTGCTCGGTGACTTTATTGTGGGGATGAGGTAAGAGGGGAATCCTTAGCCAGTGTCTTATATAGCCCTGGGAGTAAAGTCGCTCTTCAACTAGCTAATTCGTCATGCTCCCTCGAAGTCTGGTGGGGGGACATGTCACCACACGTCAACCGACAAGTCGGACCACTTCCAGGAAAGTCGACCGATGGTATCCAGACTCTCTTAACCGTGTCGTCAGGGAAAGATTGGACCGTGATGGCCGATGTAGACTGCAGCTTGCCTGATCAAGTGTAGTGATTCCTCCAATTAAGTGAATAGATTTTATGACCTCTCATACCGTGGTTCGTGAAAAGCACTATACATTGGCGATGCTGCCCGTATGGTCTTTGTCCGCCGAAGTCCCTGCCCGAGTAGGACCGAACGAATGCCCCCCTGAGTACGACCGAGGGGATGTTTATGTACACCGTGTTCACCTAATCCTGCCCTCCACATGTTTCTTGCGCGGAGAGAGGGTCGGAAGACTCTATCTAGATTTCCTGATGTTTCCCATCATAGAAAGCCGACACTTGTTAATTGACTCGATACTTTGAAGGAACGTGACTTATGAGGAGTTGATTCCCGACTGTGATATTCAGCAATCCCCGACCCCCTTGCGGGGTGAAGCGATCCGTTCCATCAGCCGATATCTGTTCAGGACTCTCCATTCAAGAAGGTGGTTGAATTAGCGTATCAATTGCAAGTCTGCAACCGCCGCGGAGCGCTCGCTTG,1482,51.01,Saccharomyces cerevisiae
SEQ_708008,TTAAACTGCGTTGTGAACCAGAGTCTCCCTTCATTAATGTGCGAAGCCAATCTATAATTTGTGCTACCCGCTGACCTCTATTGCGGACGTGCGTGACCCTGAGCTCGGACGTCGCCCCTGAAGAACCAACTGCCCGCTCCGTAGTAGCTGCGTAAATATATCTCATGCAGAGGTAGTCAAGAGAAGCGAAAGTTCTGATCTTTTTTCCGTTATTACGAGCCTGAGCTTTGCGTGCTACCTTGATTCGGAGCACATACCCCGAACAGGCAAAGGTGTGTTTCTAGCATTTATGACATCCTATACCTCCGCTTGACCATGCAACATTAAAGTTGGACCGAACGGGAACGGCCGGTTTCGTCGCAGCCGGTCTGTGCATGAAAGGTAGATTCGAGCCGACTTTTGGCACACTACGGATGTGATGACGGTTGTTATCGTATTGTGGTACACGCTCTCTGAGTATCCCTGATCAACGGATACTTAGGGTTGGGATATGTTATTCGGTGATTTATTTTCATGGCGTCGACTTTAATTCGTCAGTCCTACTGCCCCTAAAGAAGGTTCATCCGATGGCCCATGGGCCCTTCCCAAAGTTCCAAACGGCATAGCGCGAGCTCGACCAAAAACAACTTATTAATCGACTCAACGAATACTTTCGCCCAATGATAATCGACTTACGTGCCTAGCCCATCCTAGGATTGTGTATGTCGCCCGTTCCTTCGAAATGACGAAACGGAAAGTCTTCGCGTACTCAAGCATTCCCGGAAGAGGTAAATCTGAAGAGAACTAATAGTGTGGGCGGTCTCCTGCATCCTATTCAGTCCTACCCCGACAGTTGAGCGTACCAGTATCAAAAGGTGACCCCCCGGCAGTTAATGCTTGACAAAGAGCATGGTAGCTCCACTCGGGTGAGTCATTAGTTTCGACGACGGGTTTTGTGTGCTATAGCGTAGCCCCGGCTCTGAAATCTTGACCTTAATGCAGCTAGGTATCTACGCCGGTCTAGGCGGGCGTCTGAGACGGAGTGGCCATGGCTACCCAACTACGCAAGGGTTCCCCCTAACTTAC,1065,49.77,Drosophila melanogaster
SEQ_368634,AAAGCACCCGGTTAAGTAGTCGTAGAATCCTCCCACGTATGATAAAGGAGGATACGCTGCAAGGGCGAGAACCCTATGCTCGCTTTAGGAGTATACGCACACCCAGATAGCGTTAGGCACCATATAGATAAGCGAGGGATTATATGGTTAACGATAGCACAAACTCTTAGGTGATGCCATCAGCACCCATCGCGCTGAACTGATTTAGCCGCCTTGACCTATCGACTCCACATCGCAGCGCTCCAATCGGTTGCCCGCGGTGCTTCCCCGTTCTTTTCCGAGTGGATATTCTTTATAAGCGCACTTCTCTTAGCAGACTGTGAGCGAATGTCGGGCAGAAAACGAATCGAGTATTGTGCGACCTGATTACCCCATAGGAATAACATCCCATCCTTTCTACCATAACTCACCCGATAATACTAAACCACTCCTCGTCAAGCCACGATCCTTTGTATCACTAAGCCCGATATCACATTGCTTGTGCGGCCCGCAGACAGACTCTCCGTAACTACGGCTAGTATAGAATGGGTAGTAAAGGAGGTCGTAAAGACAACTCGCTCAAGAAGGCGGTACTGACGGGCTAGCGCCCGTCTGCTCATGAAAGTTGTCCGGGGATATCACGGATTGACGTCATTTCTAGAAACTTGCTCTCTCACTTAGCGCGACGATAGATACATATCTTGTACGCGTGCCGGGACGCGCATCCTAAAAATGATGCAAAACGTTTTAATTCCGGTCCCTGCTTATTATTCTTTCTCAATCTCCCGGAACCCTTTGATGGACTATTTAACGAACTACCCCTATCAACTAGCTATAACTCATCTCACTGAGCTACCGTTCATTCGGGGCTAGGAGCTGACCCCAGATCCCCTTGGTTCACTATTGGAGAATCACTGCGACTCGCCCGTGTGGATGTATTTTGAGTTACGTACGTCGGCGCAACGGTGTCTGAAAAACAGTGGCGCCCGGGTTGTAACTCTGTTAAAACTGCTCACGAGTAACCAGCCCCCTCGAGTTCGTGCCGACAGCCCGGCCACCCGGCCCCGTATGGCAGGGTGGGCAAGGTGGGAAATGGCTCGGTCTTCCACTGCTGCCGTGCTGCTAGGTGGTCTTAGTCAACGAGATTAGAGCAACTTGGAACTCGACTGCTCTTAGAACCGAAAGTCCAACAAGGCACCCCTCTAACGATTATCATG,1196,50.42,Escherichia coli
SEQ_152593,CGCGGCGTATGCCACCCTTGATTCTAAGGCTCCGCCAGCTATCGGGTTTGAGAATCGCTCAGGGTAGTTAACAGCCCGCAATCGCGGTCCGTGCAATAAAAACATGATTAGGGCGGTGAGTGAACAGGTTCGCTTGCATCACGGATGGGGGACTGCACATCCACTTACTGCGAGTCAGGCACCCAAGACTGTCTTCGTTCTCTACCGGTACAACCTTAGTAAATTCCCAGCCGACAATCTGGTAGCCCTTCAACACAGAGATTTATAGGCATTTGAATAACTCACCGGGGCACAAGCCCTAATACTTCCAAATCCTTCAATTGCACCTCGAAGCACTCAACCGACTGGTAACGTCGAATGAAGTACGCATGGAGCTACTTCCTCCTTCTCGTGGAGAATAGAAGCAACTCGTTGCTCTCTCATCGAAGGACTGCCCCGTACCTTTATGCAACATCGAGACAAGTAGACTTAAGCCATGGAGTGTAAAGTCATTCAATCAGGGATTCATATTATGAGACTGCATCGTCAGGTCCAATCTGGCGGCACGATATGAAACTGAGCCGTCTAGTGGATGTGATGCCCGGCTTTAGTTATTCAGCAGACGGAGTTCAGGGTGGACCCATTTTAGAATGGGCAGAACCGGGTACAATGCCCCCGCCATCGTGAAGAGCTTCAGTGCTCCCTACTTCCCCATTTCCAGGTCGAGTACTGCTTGATAGTTTAGTAGCGTGACCTCCACAGGGATATTGTCACATTCTTAATCCCGAAACGCCTAGTCCTTGCAGCTTAAGCATCTCCAAAAGCTATCACATTCTAGCTTCGTCGCCCATCTCATATTCTCGTCGATTGTCGGACCAGGTTAACCCATCAAGACCAAAGCTGCGGCGATTCACGAACACTTTTTGGTTGAGCTCGACCTTAAAATTTTTTTCGTTTTCCTCTTAAGCCAAGGGCGAAGTAATTGTTCAGGTGAGTTGGCCACCGGGAGGTTTCATGCGCCGGTCCGGATCAGAAATATTCAGCGGGCTGCTGCCTCCCGAATTCATGTAGATGGAAGTGGACTATGAGTTAATCCATGAACACCGTGCTGAGGACCCGCATGGCCAGGTACGCGGTGATCCGTCTGGAATACGCGATGAGACTTGGTTTGGTTACCGCCACAGGCGCGTCGTGGAGAATTATTCCGACATGATAGTCTATGTCACTAATCCCATCATCGAGTTGTCCAACAGTGTTTAGCAAGTACGGCTTATAAATCCTGTTAAGTTATTCACAGCTACGTTCCTCAAAACTAGCACCGCCGCGAGATTCCATTTATTGGCGTTATGAAACGACTCCGATATACGGCTCATTCAAATGCAGCAACAGTGGATCGGATAAGTCATTCATTGGCTCCACACACCCGCCACGCTGTCACCCGTAGCGCAGCGTGTGTTGCTACGGCGACTTTTCTGATCCGATTATCATTTAGGGGACTGTGCATATCGCCCGACGGACTTACCTCGCGCATTAGATAGCACGGGTTTTCGCGCGGTTGCAGTCGAGGCACCGAAGATTTTGCGGTTGCGACTAACAACGCACTCAGCTGACCATTGAGAGTACTCTACTGACGGTTTTAGTCGGCATCGTTGTGTTGTTGCCACATTCTCCCAGTGAGCACTCTGGCGGCGCGCCATGAATCTTGTCGCTCCCTTATCGCACCATCACGTTCCGTTGCGTAACGATCTGCTCTGAAGACGCTCAGCGGCGCGGTCGTTAAGGTTACTCGGAACACACTAGATGCCACCCCCGGCTGATTAGGAGCCAGATCCGGGCCCCCCTCGGAGTTTGACTCTTAATAGCTTACCCCTGCAGTATTCCTATTAACTTATTGTACCGCCCGAAAAGTGGACTATGAAGACTCTCGTATCTTACTGAAGCGTTCTTTCGAATCGACACATGTTCCCACTCTGGCCTTTCAACTGTATTGG,1970,50.25,Homo sapiens
SEQ_577690,AATGTGCTCACATCTCTAAATGTGTGCGGGACGCAGGTTCTTAAGGGGGATCGTTAAGACGGGCCCCCGGCAGCTTACCTCCGAGGGTTATTGTTCACGGGCTCCAGGACCTAAGCGACTGATGTCAGATCGTGAATCGAACGAGAATTGGTGTTATTCCCCGTCGAGTAAGCCTAAGGCCTATCGCGCGTACGTTTCCAAGTTAAGTATCGCGAAGAGTAACCGCCACCGGGACCCACCGTTTTGGTGGCAATTAACGCTGAGTGACAGATTGTGTGCATTGCTACACGCCGTAAAGAGAAGGCGCTTGAGGGCTAAAATACTGGCTGGTACTGTTCCATCATCTCCGTCTATTCAGCGGACTATGCTAACGTCCCCGATCGCACCGCTCCGCCTCTGCATGAGCGTAAGAGAGGATGCTCAGGGACAGATTCCTCTCCAGGTCTCCGGAGCTTAGGCTCAGACTTGCCCCATCCAGTTACAGTAGTGTGCACTATCAATCCTGGTATTAATTTTAAATACGGATAAGTTTTGAAGGCATGCCCCTCTTAAGAATTTAATAGTTGAGGAGGTTCACACTCATGCCGGCCGGCCCGGTGTGTATCCAGTATCAGTCTGGTTATTGGTCTTTCCATCGACGGACGTACGGGTCCCATTAACATTTTCCCACGGAGTCGGGGGGACCGCAGTAGTGCCACATCCTTGGGATTTTCGGTATTGACTGCACTTCCATGACGAATGGTATTGCTCTTTTGGCATTCCCCGTAAATCTCCAGTATCAGAGCACCTCCCAACTAAGCCTAGAGGTGGATCTATCGATACTTAGTTGGACTCTCGTCCGATCGTGATTCACGGCGTCTAGGTAGTGTAGGTTATTACCCCTGAGCGGCGATACAGGCCCCGGGGGATCCTGAGGCTGCTAGGGTGCCTTCGGCCAGGCGAGTCACTCAAGGCTACATGCATGAAGCGTGGTCTGTCTTTACCCAATCGAGTAAGCCACCTGGAGGCTTAGGAAATCGGGTTCCTCGAGCAATGCAAAAATCGTACGAGGGCAACCGACACGGCATGGATTGTAATAAGAGACAATCAACAACGGCCGCCCGAATAGAGGGGGGTGAGATCGAGTGAGCAGCGTCCACTCGGCCCTATGGAACGCCCGACAAACGGGTTTTGTTTCAAACGGAACATTGCAACAAGCCGCTAATAAGTTGCCTTCCTGCGTCAGTAACGTGCGGCTCCCCTACAATCGGAGCTGCTCATTTAGCTGCGCATGGGTAAATCGGCAAAAATTGCGTGGTGGCCATTACCGTTGGACTGCTCATAGAGTTCCAGCGAATGCCCCACGCGGTAACAACGGGGGGAATTAAGACCCGGCGACGCACCCGCTGTGGCAAC,1395,52.83,Drosophila melanogaster
SEQ_562887,GGATCAACCAAGGACGGCACTGGAATTAGAGCCTTGCTCTGGTAGCTGTTGAACACCTGTGCACATCGGCGCTGAAAACTAGGCCGCGTTAAGACTTATGCTCGACG,107,53.27,Mus musculus
SEQ_251550,TCACACCCCTCTGTCCGATGGCTTTAACTCTGATAAATATAAAATGTGATCGGGTCTGTAGAATACACGCGCGACACGCAGCGCAGACATCGATTGAACAAACTTTCTAGCCTACCGCCGCAGTAGGAGACGACTTAGTGATCCCAAATCACCCAATCTAGTGTGTTACAAATCCTTAGCACGTTAATGAGCACGTAGAACACCTCGACGCGACAATACCCTCTGCTACTGGAGACCGATTAAAGCATCTTTTATTGATTTAGTACTGAAAAGGCATCGGGTTTGATATCCGCGATTCATAGTCGTTCTCGATACCTAAGAAAGCCCGCTCTAACTCTAAGTTTTGTCGAAGCATCACGTCTACCAGGCAGTGGGTCCTCTGTTATCCCCTGATTGGTAGAACAATCCCCCCATCTAGTGGTCAAAAACCATGCGTGGTGTTCGAGAACGATAGGTTCTGAGGCCTAGATCCAGTGGTGACATGCTTCGACTACTCGGACATGGTCGCCCCGTCAAGTATCACTTTGAAAACCCAAACTACACTCATGGAATATGCTTGGGTAGTTAGTTCGTGTGGCAGTCCATCGCTCTATGATGATCTGGGCAGCAGTCTCGCCACAATTGAGGGTGTAGGCATGCCATAGATAAAAGAAGTGTTCGTGCAACTAGCGGCGGCGGGGTTAAGGGAAGTGCGTATAACTAAACTGCCGATTCGGTTAATTCTCATCATCTGACGATAACTGACACTTACGACAGACGATCTGACGGGGGA,772,47.67,Arabidopsis thaliana
SEQ_805989,TACTAGCGAACATGATAACTCACGTGGGGATGACTTAAGGTCTTGGGGGACGTCCGCATTGACTTGGACAGCTTACTCGAATAATAGGTCTTAGTGAGATGTCACCCGGAACATGGGACGTGCCCAATCTTATTAGAAGAAACCCGTAAATGCCGACCTAGTACACGTCGCGTAACTCAGTTTACCAAACACAGAAAGCGAACGTAATGCATGGGATGCATGCGGTTCATCGATTTGCTCCATGTCGCATGCCCCTCTGACCAACAGCTAGATAATTATGTAACCGCTGTAGTCAGAATATCTACTCGGCGGCATGAAGCCGTCGAGCCGGAAGAAAAACACTTCCAGAGATACCGATTTCGCCGGTTGGATGATGCCGCATATCAATATTGTTCGTGAACCGCCCCAGCTAGACGAGCCGTACGTCAGACCTGCTCACGTCGCATGCCGTCAAATAGTATCACAACTTTGGACACCTGCTAACAGATAGACCCTGCCTGACGACGTAGAGAGCTGAGAGTCGCCATTTGACGGGGGTGACTTGAGGGGGACCCGGGCATGTAATAGGCTGCGCTATAGTAGGTAGTCGAGTTCTTCCAAAACTTATGGACATGTGCCCAGAAAGGTTCTAGTAGGATTTCAGCGGATCTTTCGTAGCAAGTGCTTCTTCTCCTAACTAGTATGCGTTGTCTGAATCGACTGCGTATCTTGTAGCAGTGCGAACCGCGAAGGTGGGTCTACTGCGAGGGCGCGAGATAATTCGCCATCCCGTGATCTTTAGCGCACGGGCCGCGCGCCAACAAAGTTCGCTACCACAGCCCAGCTTTAGGTGCTGAGAACGGGAGCAAACTCATTGGGAAACTTATCTTTACGGTCCTTTTCAAGCGAGTTTATTAAGAGCCGCGCTGTTGGTACGCAATACATAGAGGCATAAATGGAAATAACTGCCACAGGGTCTATATACGTTGACCCCACAACTTGGAGCTTAGCGAAACATCAAAGGATCAATGCCTGTTTCGTGGGAGCGCTGGGCCATGACATTACTTCACATCAGTCGATAACTCTCCACAAATTCTCATTGATACAGAAGACCATTGGCGGGTCTTAAAGGGCATAAGTCTAGAACCTAGCAATCTTCTGGTTAAAACGCCATAAATACGCGCGTTCGAGGGTCTGGACAGAAAGGGCGCAGCCGAGGCCGGCTCCAAAAGAAGGCGCGACGTAGTAGAACGTCATACCCAAACACCATAATGAGAGGGTGCAGTCCGAAACCTCGCGAACTACCAATTGTTATGTGCGTTACTGCAATACAACCGGCGACTGTTGCTAGAAAGAGAGCGTGGTAAACGGTAATGCAATGAATTGATAGCGAGGATAGCGGGCGCGGGCGGTATCGTATGGAGACAGGTGGATGGAGACAAGTGGTTGAGACATAAGAACAACAACAGCCTCGGGTGGGGCTGTTATATACAAACGCTTGTTTTTACAGGCTACTTAAGGGCACTATATAATTGGGCCCATAATTCAGTACCCCGCCGCGCGGCCGGACCAAATTGTCGGTCCGATAGACGCACATTAACGGTCTCAGTGGCCGAACAGCACCCAACCGATATGGATGGTGAATTCTTTACGCTATTGACCGACCGTCCCAGTAACGGAGGCCCGCGAGCCGATCACCGGCTTCATTCTTCCGGCACTACGGGGCTTCAGGACCACC,1717,50.55,Arabidopsis thaliana
SEQ_591252,AACACCGTAGTAGCGAAATGAGGAGCCCATGTGGAAATACTTTTTGAGGCGTGGTAAACCCGGTACTTAACACTGTCTACGACTACAGGAGGCAGGGGAGATAAACATGATGCAGGTACTAGCTATGGTAGCGTGGTGTCCGGTAAACTGTCCGCAGACATATATAAACGGATCAAAACCACGAAGAGTCAGTTGTGGGGGCGCCTAGACGTGTAGTGGGCGCAAATTTGTTGCTGACTATGAGATGCCACGTCTGGACTCAGACGCACTTGACATGAAGGACCGTAACGTGATTTCGGCTTAACCATGCGAGACCTCGCAACCAAACATGAATTCGGCTTAACCAATGAATTTCCACAGCAACGCGTCTAGATTGTCACCGTAGGGCCCCTCGCCTGTCTCACCGAACTAGACCTTTCGTCGTCAGTATTACACTGTGGTAAAATCCAGGCCTGACCTAGTGGTCATGCATCCCAGTTTAAATCTGGCCTCTAACTACTGCCCGTCTAATCTATGGTTGGCTCGTTCTACTGCTTCCGTAGCGCATCAGTAGAATATATATCCCTAAACCCAAATGGGTACTCGGTAGACTGGAGCGCATCGGCTCGCATCGATTTCTGAAGATTTCGGTGGGCGTTTGAACCGTTGGCCTCTCCGCTTTGACGGATATAGAACGGCTTTGAAATCACTCGCGAATAGAGTAAAGATTTGATTAGAGCAATACGCGAACCTTCCAGGCTCTACTAGGCTATGAAATTTATTTTACAGTCAAGGGTCGACTGGCACCATTTAAAACAGGGTTATTCTCTACGCTAAATCCTTC,823,47.87,Mus musculus
SEQ_420945,ACCCCGCTCGAACCTTGTATGTTATCGTGCCGACAATTTGTACAATTGGAGACGTATTCGTTCGGTCCATAGTATAGCTCACTCAGAAAGCGTATTGGGGTGCCCTACAGGTCCGGTATCCTGGTGATGTAAAGCCATTGACGTTTCCTATCGTTCCATATACACGTGGTGTCATGCGACACACACTCGGGATTGGCACTAGCCCATTCGCTTGGCTTACGCTTTCGTGCCTCTATGTTATGAAGGGCTGAAGCTGGGGTGTTTACAGAATATCAGCAACGGAGCCGGATAGCTTTCAGACCCCAATTGAAGTTGTTCCTCAGTAAGAGATTATGCATCAGTACCAAGCTTTGAGAGAGCTTAGTATGGTTTTAGATGCTTTAAGTTTCTGCGACCTGTCTAGATGAAACGCTCATCCAGCAAACTCGCTCTGGTAAGAAGAGAGTCCCGAGCTTCCCTCACTGATATACTCTCGGGTAGAAGGCCTCCCGCTAGATTCGGGGCAACCCGCTCAGTGTAAACGGGGGGTCCAGGCTTGGGGGCATTGACCGTCACAGTTCCCTCATTCGTTCATCACCTTGAGCCTAGCATAGATACAGGCTTGCACGTAAGG,613,49.76,Homo sapiens
SEQ_580334,ACTACTATAAGTCCTTGTTGATGACTGTTTACGACCTCCTCCTAGATGTGTTGGCTCCCCGGATACATGGGGGGTTAGGGAGCAACAATATTGTGAGGCGATTGTAAAGGGTGGATTCAGACTCTTTAAGCACAGGCCCGCGGACACCCGTTCCCAGTCCGCCTAAATCACCGGGGTCAAGCCCCAGATGTGGTCCATTAACCACAGATATATTGTGATATTCCACCGGGCTCAAATAACCACGTATCCACTTCTCCCCGTCAGGATATTGCTGCCCTAGACAAGGCGACGGCGGCCCTGGATCTGTAGGCCACGATTGTAGCGAACTCGGTGCTACTTCGAAAAACTGAAGCTCCTGTACGCTGCTGTAAATATAACGTCTCAGTCTGGTGCACTAATCGCGTGATCAATCTCAAGTTCGTGAACGGCATGCCCAGAGTTCTGTTAGTATCTGTCCGTGCGTGTTGAATCATAATCACAAGACTACGGGGCGGCACGTTCGCCACTATTGTTGAATCAGTGATGATACCTTCGTTCGAGTGTCTGGTACATGGAGGGGTGGCTGAAACTCTCCCTATGGGGCCCTTTCGTCTGCGAGGGGCTATCAGTTACGCCGTCCTCTTTTGCGCTACGTTTTTGGGTTGCTGAGTGCATCGATAAATGGACCAAACCACCCCAGCCTATTTATTACCCATCTCCTTTTTTACACGTTGCATTCGCTCGAAACGTAGCGTTGACGTCAGGTCTTTTTCTTATATACATCTCCTACTTAAATACCTTTTTTAAAGGCCGCCGGCTGCAAACTGTCGCAAGTTCTGCGACTCGTAGGGATCTAATGAGACGCCCATCGGTGTGTTCAGAAGTAGGGCATTTTTGTGTCATGCGCCAGCAAGTAATACAGCCGTATATCCGGAGATGAGTTAAAAAGGCCTCTTTACCTGATCTGCCACGCTCAGGACGAATTAGAGCATGCTATGGGCAGTTACTCAGTTAAAATTGGGTTCTGCCTGTGACCCTACCCACAGTGTTAGCTATTAGCCTAGTGGTCGCGGGCGTAAATCATAATGGTAAGCGGGTGGCACCCGCTCTTTTAGGTCCGACCGATCTTCTACTTTCCCTCAGACCGGGCTTGGTTCAGCTTTCGTGAGCGTCCTTACTAAGCAAACATTCTTACAAATTCGGGATTCTGCAAGGGCAAATTTCTTGTTTGGCTTTGCTTTGGACAGTCGACACATGGACAAGGTTTTGCATTTCTTTACGAAGTTGACACGTAAGTGCATTGACAAGAACCGCTTCATCCTTGTATGAAACGGACTGCCGCTGCGTCCACCCATACCGACTTACTGTCGGTGCTTCTCACTGTAATTAACATATCTGTTTCGTACCGTTGGAGTACGGCCTGAATGCGGCGTGACAAAGGAGGTTCACTTTCCAGTACTATCAGATACTTGTTAGTCGACCGTGAGAACGAGATAGCGGGGGAGGCCCAATAAGATGCCGAATCGCGAGAATCGTGAAGGAAGTGTGCTGGGGTCTCAATTTCCGTGGATACGATTAGTGCGGTGCCTCGCACTACCCGCAATAGGACAGGGAGCCGGGTGGAGCCTTCCCTGAGCGCCCAAACCGTCGTAAGCACCTTGCATATTAAGACTCAAGTATCGGAGTCGATTTGCACACCAATAGTTCTAACGCTCCCGCTGCTCAAAACTCTGATAAATCCCCTAGGGGCGGGGACAAAAGTTCGACGAGTTGGTATGTCCACACGAAGCGCTTCTATTAATAGGACAAGTATCACAACGATGCCTCCGAGTTCGGCTTTGAGGCGTCAGAGGACCATCCCGAAGAAGTGGCTGATACAGCTAACGTAATGCCGCTATGGC,1880,49.79,Arabidopsis thaliana
SEQ_303406,CCGGCCGTGATCTTTCAGTGGGGATTACCAAGTGATCGACGAAGTTTGGCGCAGGATCATTAGTCAAGCTGGCAGAGCACTGTACCTAAACTTATATCGGTGATCGTGGAGTTATTTGAGCTTGGGACGGAGAGATATTAGGGGAAGTAGGGCTGGATTGGTGCATCCCGAACCGGCCCACACCTTTTCCTGAGCATTCGAATCCACTATTAGAGACCCGGCCTGGTTGACTAGTTGACGCTATCCATTGGGGAAACAACCTGCTTCGTTGCGTTAACAAGGTCCTACCACCCTGGTGAAAAGGAGACTTAAAGAGAGTATAGTCCTTTCCGTTGTATTCTTAAC,345,48.99,Saccharomyces cerevisiae
SEQ_412542,GCCGGCCTTCCAGACTACCCACCTAGGGCGCGGTACGATGGGGGATCCAGTGGCATGCGGATTATCGGTGTTGCACTGCACATGAACCATAAACTTCTAATCCGACTGGACATTGTTGCAGCCGTTCCAGTATTTATAGCTGGACCTTACCGAGCTTGAATTTCGCGTAATCATCTACGCAGGTGCCGACATTCCTCCAGAGCACTACTATTGCGCGGGCGTGATACCAACGCCTTCAAAGACTAATGTCGTACACTGGTGCACATGTTCACGTGTCCCCTTGCATGGCCTCACGGTGCTGCTCGCTTACGTCATCAACCCGCTAGGACACCTGCGTGACTCATATGACTGGAATGATTGACGCCGCGTCGCAAAAATCCGGTGCATGTATGAGCCAGCTGCTCATCGCTCGCGCTGACTAGTTTAATTTCACATTTACATGAGCCAGAGCCGTAGAATCCATCCGTGCCCCTACGTAACGGGGTATTTCCGAAAAGTGTTTGTTGCTCAATCGCGGTTTCAACAAGAGGAAGTCAACAGACACAAAATGTCTGAATGGGCCGGCCGTCATAATGTTTCATGCTCGCAGGGCAAATGACGTAACATTTCTTTGACATCCAAGCAACGTGACCACTCGTTTTTAACGAATGTATTCTCCTCATAGAGTTAGAGGACTCTCAGTTTAGTACATAGCCGTTCGCATGTTGGACTGCGAAATGCGACCCCTGAGAAAGTTACTGTATAATGTTCGGCCCAGATGTGTCCCGAAGAGAACGAGAAAGCGTACTTGTACTTCCCATAAAGAGGGGATGTCACTGCAGCCGCGACCCTGCCATGCCATACTCGCAATTGCGTCCGAGAGGGTGCATTATCTCCCTGATATCGGATTCCCGGGATTTCCCCGCCAGCTTCCACCTGCACTACGAGGATCAATCGGAATTCCTACGCGGTTCTTCCTCGTTCTCCCCCGAGTCTTCTAGTTACCATTCACGATCCCTTAGGCACCTTGATAGAATACAGAATCGCTATGGCTACCTATGGCGGCTCATCGCCGGGATGCGCGCAATGCTCACATCGGAGTGCTAACGTTTTCAACCCCTCCGTGGCGTGTGGAATCTTTCATTAGTAACGTGCGTTCGCGCCCTCGTACTTGACGGTGAGGTGAATTAGCTTTGTCTGAGG,1182,51.27,Caenorhabditis elegans
SEQ_191294,TAACAATGGGGTTACACACTTAAACGTATTCTCCCATCGCAAACGCACAAACAGTCTAAAAGGTGCCACTCGCTGCATCCGGCTTGCTGGAACTTCGATGGGAGCTTATCACCAGTGAAGAGGGCTCAGAAAGGCCTCCGGAGTCTCCTCTCCGGGATATTAGCCAACATTGGTACACGGAGTTGGCCTTCTATGGTTTTACTTGCAAGTTTAATCTTGGGTTATATACCTCCCGCACTCTCCTTAGCAGCCTGTCCAGGCTGTCAGAATCCGAACCAGCCGAATGTGTGA,291,49.83,Homo sapiens
SEQ_973063,TCGGTAGCCAGGGGACAAAAACGTTGCCGGGAACTCTTTCACGGGGACGTAGCATATCCAGGTAAAGTTACGCAGAGTTTACTGGGTTTCTATTACCTTGCAAGAGAAAAAAACTGCCTAACAAATGGCCGGCCTCGATATCACATCGTTTTTTTCAATCTCCCATTAGAGATACAAACACGAGGGTTTCGTATGCCATGCAGATGGTCCCGGACACGCAGTTATGTTCTTTTGGTCGGCGCGCACGATACCTGCGACGAGATTAATCAATTCGCACCTTTCGATCTCTCGAAGGTGGGTTATAAACACCAATGAGTCTACTCTGATCGCATGAATCGCACGTATTACCCCGGCGCATTTAACCAGCTACTATATATTTTATGTCATCGACGGAACGAAAGAGAATTTCGGTGAGACGCCGTCCCGCCATAGGAAGCTGGCCTTGGCGCCGCCAAGCAACCGCTAATCAAGAAGCCTTAATCCGGCAATCGCAAGTTACGCATCACAGTGCGAAGTATAGTATGTCAGGAATGTCCGGAGCAATGTAAGGTATTCAGTCTAATTCCCCATGAACGACACTTTAATATGTCTTTCGAGAGTACGGAATACAGTCTTCTCCCGAGAGCCGTATAGACTATACATAACGACATGTGATGCGGGGTGTCCAGGCTCCCTAGGATTGGATGCGCGTGTCGTGTTATTAGTAAATTACTAAACTCACTCCCTTGGAACAACTTCCCTGATCACGTAGTAACCGAGTAAGAGGGCTCGGGGAGCTTACGCTACTTTA,790,47.47,Saccharomyces cerevisiae
SEQ_912368,ACCGCGCTCTGGATCTGACGAAACTGCGCAACATATCAGGACGAAACTTTGATGAGCTCGGACTCCATACTGAACTGTTCGCCCACCATGGATCTCACAGATCCTGAGCTTACGGTCGAAGACTTATATGCAGACCCGAAATGCTTTATCACTAATGATTGTCTACAATGAATACTAAACACGTGGTACAATTAAAGGAGAGATATTTGTGACTCAGATAAGCTCCCGTAGTTGAGTATCCTACTCTTACGTAGGATGTCAAATGCATTGCTCACCGCATAAAGGGCTCGTACACTTGAAAATAGAATAAGACTGAATGGTACAATCAACAACCAACTTTCCTTCCTCCATCGTGTCTTTTTACCTATAATACCGAGACTGCGTAGCGTGAGCGTATGGACATCGAGAGCAGTTCCCATCGAGTATTGAACACGCGGCCGCCTCTAGCTGTGAGTTTCCAGGAGGGCTCGCGTCATACCAGTCACACAAGCGTCAGGCTAGTCGCTGCGGAATTCAGATCTGGGAGCCTTCTCGTTATTCTTGCGGTGAGAGTACTGAGCACTAATGTCTATACCAATCCGAGATATCCCACGTAGACATATCTTGTATCTCAAGTGCCATATCACAGGCGGCAATCGAACAGTGTTCAGATAGCTTGTGAGGTAAACCCGATGTAAGCCAGGATTCATCAGGTATGCGTCACTCTAGTCCTTTGCATGGTCGGCGTATGTTGTGTCGTCCCCTAGGAACATTGCCGGATATATATATACAGTGCATGCAGGAGACCCAGCTAGGGTCGTCCGATACTTTCAGACGGTGGCGTTCCATGGCAACCCCTTGCCTCGGCATTGCGAGCTCTCTCGCCACTCCTTGGTCATCGCGACATCCTGAATGAGAATTCACTTACAGTATTCGAGACGATTTTCTAACGATTGAGTAAATCCCTTTAAGGTAAGAGGATAGGTTCGGATATTGGGAGAGGCTGTACTTCCACAATGGTAGCTAAGCGCCGTTAGTTGGTATCCACGGGCGAGATCGCATGCTGGTATGGACAGAACCACACCATCTACCGCCAGCTGCTACCAGCTGGGTAAACCATCAGCTTTATCCAGAGATATCTTTGTAATGAGATCTGATGTTTGTGGCTGTATCGTCACTTGGGTTACATATTGGTGGCGGCCGATCAGATCGGTAACGTTCGGGGCGTTCATTGTTCACTTTTTCTATAACGTCTGCGGGTTACACCGTGCGTCGTGACACCGACTCAACCCTACGGACCTTTACCCTCGCCTCTTTACCTAATTCCCACACAACTCATCCGAACAAAGGACTTTCCGGTCACATACTTGACACAAAAGTTGGGCCAAAAGGTATTGTAAGGTCTTAGGTCACAGTACAAGGAAGAAGCTCCACAATCAAATACGATGTTTGGGTCTCTAGGCTTCGGTGAATTCTCGGGATCGGCCTAAACCCATAACCCGTATTGA,1487,47.75,Homo sapiens
SEQ_268425,ACAGTGCTAGCGGCCAATTGAACAGGAGGTGTGTCCACAAGACAGTTTCTGGCATCTCCATAATCTTATTTATAAAGCCTAGTCGGCTATAGGACTACGTTTACGCAGATTGAATAGAGGCGAACATTAGATAACGGTAATACAGTGCCTTTCGGCCTATGTGTCCAATTAAAGTCGACGGGTCACTAAAGGCGCCAATATCAACTTGCGTCTGGGATACAGCCCAAGGATAGCACGATGTGTCTACTACTTAATTAACGAGGATAACAGCACAGAATACCATACTGCATAAACAGACGTGGCCTTACCCATATCACTTTCCACGACGGTTACCCCCATAAAATACTCTCAGCCGAGAACAGGATGCTGGCAAGATGCTCCTATGTAAATGATCTCCAGAGCGAACAGTTGGAATTCTCAGGTCGCCCCTCTCGACTAACACACCCGAGGGGATGTGCTTGTAAGTCGTACCGCCCGACGCTTGAGTGAACTTAATGCAGCGCAGACGTACAGCTCAAATCCAACAGGCGTCAGTCCCAGCTTCCTACACGCCTAAGTCCATACAGCTAAAGCCAACAAGAAATATCGGAGATCGCCCATTACGTTGAAAGGCTAACTAGGGTACACATGAGCTAGACGTGGAAGTATGTCACATCCTACGTCTCCGGCAGTTCAGCGTAATCTTTGAGGAGGGAGGCAAAAGTACTACTGACCTGAAATTCCTGTCTGTGCATCCCTCCCTCATTAAATAAGGCTAGAGTTACACCAATCTACGAAGGTGCGAAGCAACAAAAATCCACGTAAACGGGTGTGCATCGCACGAGATGTACGGGGTCACGCTGCAATATAGACTCCCTCAGATCCAGGTGGACCGCGACCAGAGTCACCGCAACGCCTGTAGCCACGATAAGGAACATACCTATACTCACGGGCATGTCAAGCTCCAAAGTACGTTTCGCATATGTATGTCTCATGGGACCTCAGAACGACGGGATAGCTATTCTCTATCTGTCCGAATTAGTAGAAATCCGAGCAAGATGTGTTTGTAAGCTCGGAATCGCTGCACCACAGTACCAGGCATCAGCCATTATAGCAGATACTTGACGTGAACAAATAAGCGCGCTAGGCCTAAGCTAGCTCAAAGGGTAGCCTTCCTTTGAAAGAAACGGCGTAATGCTGCAAGCCATAGTCGACGGGAGGCATGAGCATTGGATACGGCTAGTGCCGAATATGAGAAGTGGCTTTCAACTTGATACGCTCAGCGCCTCAGACGGCTAGTTACGGCGCGCGAGGGGGATGAAGATATAAGTTGGGTCATCAACAGCGTGGCCAATAATTATTAGTATTCCGAGAAAGCACTTCTTACAAAAGGAACAAAGTACAATTAGGCAGAATGTTGAACCCGGCGCACTTAGCTGGGAACGTCGTACATCCCTCTCTTACGTTCTGCAACGCAGGTTGGATGCGCGGTTCCTCACGCGCGAGTCCTAGGTCTATGATCCGCACCCCCCGTGTTTCAGTGAGAGGGTCACATCACTTTCAGCCCGTTGCAGAAATTTTGTTACCGGGCCGTGATCCCTCTAATGCCATGTCGTCGTCGGAACTAAGTTTCCGTCTGTGGAAGAACAGTTGTGAGTGTGTCCGGCCGTAACTATGTGGCAAGACTCTCTGCACTAGGCACTAGACAGATGCCGCCGACTGTCCAGATACGGTTTAGACTCTTCTACCAAGCTACATTCCTAACGCCGGGTGGCATCCACACTTTAGCGTTGTTCAGTTCACAGATCAATCCACTACCCATATGGTAATCAGCACCCTGGTCACGGGATTACAGTTATGACTGCATTGTACTAGCAGAACACCTTTCTGCGTCGGATTGGCGTATTTTCCGCACTGAGCCTGTATGCCAGTAACCTGCAGCTACTGCG,1928,49.22,Arabidopsis thaliana
SEQ_648056,GCGTCTTAGTATGTAGGCGTGATGGACGGAAGAGAACGTATGCCTCGTTTGCCACTGTCCCGGAGCTAACAACGAATACCCGATGATGGACGGCCGGCCGCCCGGTGGACAGCTCTTTCCAGTCAATGCCACCATATCACTCCGGGGCGAGTTACAATACGCGAGGCCCAACTAGTATCTCCCTTGTGATGCTACAGGATGACGAGGAACAGCTACAGGCAGCATACTGGTTAGACTTTGAAGAAACTTTACAGTAAAGAGCGACCCCCGTCCATTGTGCAGCCGCAGCCAACGCGATGAGCGAACCACACGGGTCCAACTGGTTCTGTTTTGGATATCATATCTCTCGCCGAAGGAGCGAGACCTATATCATTGATCGTCAGTATAAACAAAGGGGGCTCTACCAAGTGCCTTATACTAACATCTGGCACACAAGTATCCTAACACTGAAGCTGGTCGGGGATATGCAGGTGCCTAGGCACGATACTGGGCTTGACGCCCAGTTAGCAGTGAAGGTGGACTGCGCAGGAGAGTCCCTGATACCGTCCACACGGGCGATGTCCGGTTGGTACAGACTCAACCTATAACGGTCTCTGAGCCCTAGTAGAATAAGCGAGCTTGGCTGTATGTGTTAGTGTCGCGTGTAATGCGGTTTGCCACCAGTTGAGCAAGCGCAACGTACCCTCGATCACTGTGACTCATTCCGCACTACTCGCGCGATATAAACAAATTCCTAACCGCTGCGACCGTGTGCAGACACATGTTATGGAACCGTTAGTTATCACACAAA,790,52.15,Escherichia coli
SEQ_580779,TATTACCTGCAGGCAGATAGGGACCAAGACAAGTTAGAACATATATGTCAAAATGAGACGCCTTGTTACCCAATTATCAGTTTCCTTATCACTTTATCATCGAGGGAGCGGATCGCGAAGAAATCTCTATATGAGACAACGCTGTGCATTAGCGATACAACGACATGGGTGCCTCCTATGAGCTGCACTGGCTGCCGTCGCTGACTGCGTTCCGCGAGGGTTCTTATTTACTCTATGCGAGCATGGCACGCAAGAACTTCCAAGTTAGTGATTGTCTTGCAGCTTGGGGGCAAAAAGCTATGATCCCATGCTCGCTTCACGTGCTTGGCTGAGCGATCCAATGCGAGTATCCCTTAGCCTTTCTCGCGAACCGAGACGCGTTCATCGCTTACA,393,48.85,Arabidopsis thaliana
SEQ_909480,CTTCTTATCTCCTCGCTAAAGATGGGAAACCTATTGACACAAACAACACGAATAACGAATAGGTTTGTATGGTGACAGGTCATACACTGATGACCGGTTTGTCCGAAAGGGGTCAGGTGCCGGTGTGACTGGAGAGTGCGCTTCGACGACTTGCCCACCAAGCGCGCTGATAGATCCAGGAGGAAAACGTTGGTTGGAATACCCGGCGGTTAGTAGTGGTGCCTAGGCCTTATAGATATACGTATTGCCTACCCGTTGTTGATAGATATGCTCTTGGCTGTTTTATTTGCGCTTTGAGTCCCTATAAAATTCATTTTACCTCCTGAGGCGGATTGGCTCTGCACGGAATGATTGACAGGAGAGGTCTCGTTAGGCGAGCTGTCATGTTCACATCATTTTACGCAAACGGATCAACCATCTTCAAAAGCGACCGCGTTTATAGCGCCTGTACTTCGAGTAATGAATAGCATCCGGACTTGTGACGTCTTTTGAATAACATGTGCCCGTCTCGACATTTACCTGTCCCTTGACCTAAGATAGATGTGCAGAAAGTGGGGTGATTAAGGTACTCCCAATTCAATATATTTATTTGCACGTGTTCGTGCCAGTAACCGCTGGACCATACTCGATCAATACCATATTACCTCGGCCTTAAACATCAAAGAGGCCTATTAAGGCACCTGCTGTGGGGAGACGAAGGTTATTGAGTGGGTGAAGCACAAGGTTTCGTCCCGATGTCGTGACCCTTCCAACAGCGGGGGGTGCAATTAAGTGAACCGGGAACAGGAGTTAGATTGCTTGGGATCCTGGTCAACCACTAGTGGGAGACGACAAATGTTCCACACAGAGGGGATAATAGGAAACATATGCGTGAACAAGTCCGTACACGGCTGTACAACGCCCCTGTTAGTATTTTATGATCAGACCCGCTTTCACGACTTGGGGAGACTTGCTTTTGTCGACTTCGGCCGTTAGATACAAGAAATAGTCAAGTGTGCCTTCGGTAGACCATTCCGACCGATGCCTCATATATTTAAGTTAACAAGCGTCGAAGGCTTGGCGTCCGATGACACTTATCCCAGACCGCCGAATATACCAGTATAAAAATGTATCATAACCATATATAGAGTGGAATAGATGGCATGCTAACCCGTCGTTATCCCCACTATTTTACGAAGGAGCTACTGTTAATAGGAGCGTTCCTTATCCGTATCGCATGATGTCAGAGGTAAGCGATCGGGCGTCAAACATGGCCTCCGGTCTCAAGTTCCAATGGGTGGTGCCCCACAATAACTGAAAAGGTTACACAGAAGTCCCCATCACATGTCTTTCTATCCGTTTACAGTAGGGTTGTCAAACCAGGCTCTTCTTGTCGCAGTGGTCTTTTAGCCCGGCCTTCGTCGCCTTCCCGATGTTTATGCCTCTAGTACCTCGGTCTCCATAAAGGCCCGACACAAAGTGGGTAAGTATAAAGCTATTCCGAATTTGTAGCCAATTTGCCAACTGTACTCCGTACTGGTGACATGCGAGCGTACGAATAATTGTAGTAAATAAGCAATCAGCGCGGCCGTATGGAGGGGGCACGTATCTGTGCTGCCATTGCGAGTCGGTAGGTCTAACCATTTTCGCTTTGCATAGCCAAGACATTACCTCTCTGTTTGCCGATCCCGCGGAGACAGAATGGCGCGTACGCGCCGCCCTGACGTGGCTCATCTACCGAAAGCAGAGGTTTGTAGCAGTTGCGATGCGGCTCGCCGATCGCCGTGACGCTTGAGATTAATTTCAAGGAATTTGCGTGCCACCTAGCCATGGCTAACGTACATGACCACGCGCCCCCAATGGATTCGGC,1849,48.62,Caenorhabditis elegans
SEQ_245428,GACAACGCAGTGCATCTGGTACGGTAGAGCCCTGACCAAATCAGACTAGGCCTCGGCTGACGGGCCTTTCGTACACTCCTCGTCTGGGGCTAAAGGGTAGTAAGTTATACTTATGATAGGTCGGACAAAGCGAACGTTTAGCACCGGATATCAACATAACCGCAGTTTGGATATTTCACAG,181,49.72,Arabidopsis thaliana
SEQ_878888,CGGTATCTGAATTTGATGATTCGTGCTCCGATCCGTGACGCTAAGACGGTGGCAGGTAATCCCGGAATACACATCTTTAATAACTTGTCTCCGGCTTTCTGGCTGGAAATGGGCACACAAAAGTTCCGCCCCTATATCGGACCGAAGAGCTAAGAAGCGGGATGTTCTGGAATTGCTTATTGAATCAGATAACTAAGCAGAATTTTGTTCCCCCGGAACGTGCGATGTGGGCTATCCACATCCGACTAACACCTCGCGTGTACGTTCAGCTGGCTACTGAATCCAGGTATCTAACGTTCCTACAGGTGCCTCGACAAACGCCCTAGAATTTTTGTTCGCCAAGTAGCATCCAGCGATTTGCGACGCTGTTTGAACCGGCAAAATGGCGCTTCCAGTGCTTATTCTACGCCTGATCGGCGACACCTCCTCTGATCCTGGTAAACTTCATTGTACAGCAAACTCCCAGCCCCAGAAAAGATGGATCCTTTTGTTAATTCATGCGGGTTGTCGACGCGGCTGGGCCCTACAGCTCGCACACATCCGGAAAGTCCAGACACTGGAGATTTTCACAGACTCGTACCAAAGGGGCAGCGACACTTCCCGTCGCCGGGCCGAGCAATTTACGAACTTCACGACCCGGGCAAGCAAGCTGTGAGGGTGGCTCCACAGATGTAAGCAATTCGCGCGCCGTGTTCGACGTCTGCGGTACGGAACGTCTGCGTCAGGAACGCGATTGGACTGTGAGACGTTAGGGGAAGGGACCGCACATTTGCATTGCCAGTGATCGCTGAATTCGTAGCGGCAAATAGCTAGCACAAGGAAAAGTGAAGCCGATTCACCGATTCCTTGTGAAGTTAATGAGTCTAAGTAACACATAAGTGTGGGAGCAGTAGGCAGTCACTCACTGAAGCCGTAGTTATCAAATAGAAAGGTCATGTAACGCTTCCAGGGCGCCTTAGCCGCGAGCTTGATTACCAAAATCAAGCCTGTTCACATCGTTGGCATCAATTGCGTAGCTCTGTATATCAGTCCCTCAGCGTACTCGGTGATAAGGTGGTAGTCTAACCTCTGTATACCAGACTCCCGGTACTAAACGTCAATTCGTGGAACCTGAGGCCCACAACCTTGGTTCTGGGTACCATTCCATCCGGTGATCAGCCGTTGGTGCAGCTTGCCGATGACGGAGTGATTTAGCGGTAGTGGGGACCATGGTCTAATAGCAACTCAGCCTGTACATAACA,1241,51.01,Homo sapiens
SEQ_636816,TTAGGGCGGAAATTGCTGGAAACTATGCGAAGAGGGGCCCTGAGACCACGTCATCTACTACCTATTTCTTGCAACGCTCATCGGAATTATCTCCACGGTTGACCGGTTATATCCATGCACGGCAAGATGTAAATATGCCCATCAGGATGCTATGTTTAGATATTACACTTTCTTAGCCGCCCTCTATCCCCCAGCATTTGCCCGCGGGAGTGTACGGCATCTTGTCAGTGAACTAATAACTCCGAGCTTAGGTAGTTCATGTCTTATTGATTCCGTACCTATAGGACGAAGGGCCGCTCTGTACAGTACGAACCATATTCCCATACATCCCCTGAATCGGATAGATATTCGGTGGCCCGTTACGGACTTCGCGGTAAGTTCGCGCTCTCAGCGGTTGAGGGTACAAGGCGCGAGCAATACCCCCTGCGATTTGCCCTTTCAGGACTGGACTGGAAATGTTTAAACCACACGAGCCGGTCTGTCTTTATCGGAAACAGCTATTGCTTTGCATGCCGGTACGGCACGCTTACCGGTTAGGGCAGGAGGTGAGTATAGGTCACGCGAGCGACTACGGACGTAACATTCTTCTGTAGATCTGCGCGACTAGCGTAACATTACTAAGGACAGCGTACGTGATCGACCGGTCTTATAGTCCATTGTGAAACGGTACTAATGCCCAACTACTCGGTCGACCCGCCTGACGAAGCAATAACAGATCCGCAACGTGCTCTGGCCAGTTATAGTCAGTATACTTCCCAAAATCTAGCGCCACATCATGGGGGGCTAGTGCTGCGGGTCAGGACCATTGCAGAACCCTTCCAACATGATACCAATTGATACCGGAACACGTATTT,854,50.23,Escherichia coli
SEQ_521916,CGCTGAACAGGGATGTAACACTAACCCAGCATGAAGATATAGGCGCAGAAGTTCCGTAATTTTGTTGGCT,70,45.71,Saccharomyces cerevisiae
SEQ_188073,AGCCCGGCATCCCATATCAGGCCGCACTGGGGATGTCCGGGACCGCGCAAATTGTTCGGTCCGGAACAGCGCGCGGCAACACTTGACCTTGGAATGCACAAAGCCGCGGAACAGCGGCGGTCATTATTTCCTCACGTGAACAATCTAATTGCAGTATGTTCGTCTGGCTCGCGCCGAGGATACTTCCGAATTAAGCAATCGAAGATCAATGATTAGTGCGGGTTAAGACCACTAAGTCACTTAGAAATGTCTCAGATTCGTCGGTGCTTAATCGTTCCACTAGACGCTCTCTAGGTAACGCCCATACTAGCTACCCAACTACGGGCATTTTTCCGCCTAACCTAGGGCTACACGCCTACGTGTTGCGGGAACTGTTGCACTAACATGCGCATGATGCCCGCAAGTGCGCTCCAAAGGAAGGCGAACAGCCACACTCCCGCTATGATAAAGGTCTGTGAAACCTTCTCTTGTCGATGTCCACATTTCGCCTGTCTTCAGCCGCTTTGTGTTGCTGGTCGTTTATTAATCTATATCGTCGCACACGTTGTCGGGTTCTATCGACACTTTACAGGAAGGAAACGGCCGTGGGGCATACCTCGCATGGCCTATTACTCGGCCGTGCAAGAAATGTACCGCATCCTCGAGGTTGGGGCGCCTAAAAATCAAGTTTGATCTCGGGCTCCAGAACGGTGTGATATTAAAGATGACTTATGATAATCCTTAACGGGGCCACTCCGCAATATATCATAGTGTGATATGCTAAGTACGTCCCGGATGGATTTGGCACCATGGATGGCTCTCCAAATGGAGAGTGCCCTGGTATCTGTGTGGTAGGTACTATATCCTCTAAAGTACCTTTAACCGTACTGTGCATTATACTACAGCCCAACCGGGCATCGTTTGACCTCAGCTTAGATGCATGGGGCCTCATTTTTTACCAGCACTGTATGGTAGGCAGTCAGGATGATTATCCCACGAAAGGTATCCATTAGCAAGGCAACCTTACAGCTATCTAATTGGGAGGGTTCATATGCACCCGGTGAAGGGTGCTTGCTTAAGCCGTAGGAGTCCGGGAGTATCACCACGTCTAAAACCTGATTCGAATGCTATTCCAACTTACCTCGGGCTCGCGTGTGCGATACCATCATGTATGTCTCTGCAGTGGCCTCGGTCCTTGAAACCTGTCCGCGGGTGACGTAAACTGCAGAGTTAGTGCTTACGAAGTTAAGTCGTATGGAAATGCAGCGGGAGAGGGCGCTACGCAAAGCCAAAACAGGAAGCCCATCTGGTTCAGGACCAAAATAACTACGAAGTCCATAGTAGGAAACCCATTGCCATCCTATCGATGGATAGAAGAGTCGTTGATGAGGCTTACCTTTTACTCTAGTCAACGCTCTCTTAGCCCAGTTATTTCATCTATTCGCCTGAATACTGACATTGTCCCAGGCGCTCGGTCGAGGATGGTGGTTCGTCGCTCATCTTTTGCTTGCTGTTGGCTTGAATGGGCCTATGGTTCTTGCGCGATCCTTTAGAAGCGACATGAGCGGCAATCAGAGGGCTAATAACCCAGTGTAGACTCAGGGAGTGGGTTCTAATACACTGGTTACCCTCAGCCACTTCCACCGAGAAAAGGGTTTCCGTGGAAAACCTGCCACTGTTTCGTACCACCGGCTCTAAGCACGAGTGTTGGAATTACCTGGCGTACAGGTACCTGGTGACCAACACGTGGTGTTAAACGAGACAGAGGGACTGAAGTTTGGCCACGCGCTTGACTGCCAGGAACGCTTACCAGTGAGTCAGGCAGCCGTGTGTAAGAGATAGAATTAGACTGTGAATACGGTTATGCCTCGGTAATGATACCCCGTACGCGGATCTAGTGCCAGTCGTTATCTTATATCTCATAGAAGGAGTCGCTTGCTAGCTTCAACTAGTGG,1934,50.16,Homo sapiens
SEQ_233657,AGCGAAAGTGCGTAAGTCCATCGTGACAGATTGACACTACGGTAAGCATTTTAATTCAGACCATAAATCAGTAGTGTAGCCCACCATCTGAAAGAGCAAGGAGAAGGTGTGAGCCCTTATCCTGCGGGGCATAATGCCATCCCCATATCGATTGCTCGCAGATCTTATCCCGAGAAATTTAATTGAATACA,191,44.5,Escherichia coli
SEQ_386302,CGTCGAGGACCATATGCTAGACATGAGGTCCATAGTCCCAGGTCATCTAACGAACCCATAATTTATTACGAAAGGGTCCCCTGGTCCCTTACACTATTGGATAATGTTTTGGAGTTCAAATACGGTTGGTGACCATGTCCGCCCCTAAGCATAATGTCCATTTTGCGGATATCGCCCCATTCTAGTGAGTAATATTCTTGAGTTATTGGGAAAAATGTGCCACCATCAGACGCATGGGATGGAAGTGATATGCTTCTCGGCGCGCACGTATAGCACACAAGTTGGAAGGAAAGTTCGTACGATGTATGGATGTGCTGACAGATTTTACATTGTAAAAAAAGGTATGAACCAGAAAGGGGTATGCTGCTAGAGTGATACAGCTAGCCTATAGTAAGCTGGAGGTTGGGATGCTTCTTCTATAACTTTTAATTCGCCAGAGCCCGTAGAGGCTCGCACACCAAAAAACGTGGGACGTAGGACACCAGAACGGCGGTAAACAACCGGAGGGTTCGCCGGTCAATATTATAAGGTTAGGTTCATTGACTTGCCGCCAGGTCGCTTCTCACCGTTTGAAGGCAGCTCAGCACTGGACGCGAATGAGGCGCAAGCGACGTCGCACCCAGTCAGTCAAATTGGCTTGTTGGGAGGCGCCATATATGCTTTAAGGTCCCCAAAAATAAAACGTCCGAGCGCATGACTCCATGATCTACTGCCTTGGCAGCCCATATTAGACTACATCGCGCCTTAGAGAACGCACCGTATGCTTCCGTGGTTGAGACGTTATGAACCACGTTTGATCCCCAAGCAAAGGTAATCGTAAGTTAAGGAAATTCCCGCAGTGCGAGTGAATTGTCAGTCGAGGGTTCGTATTTTGCTCTAAGCCTAGGGCATATACAATATGCCGAGCGAACCTCATTCTGACGCATGCGTCTTGGTGCACGTGTGGACAATTACGACAGAGTTCGTAGGATTCCTAAAACGGTTGAGTCTTAGTCGGCTAGCGAGAAACCCGATTTTCGAGAGTAACCTGGTCTGGTTACCGGGCCGGTGAGACTAGCATTATATGTGGACGACAATCGTGAGTGGCGCTGGCGCACTTTCGTGAGGTTGCACCAAATATTTAGTGGTCAGTCACTCGGCCCTCTTGAGAGTAATTTAATTCAAGTCCACTACAGTTGCCTATCAGTTGCAAAAGAAGACCCATTTAGCGGTTTCAGATCCGGGAATGAAAGGTGAGTGGTCTTAATCCCTCCACTGATTTATGACCCAAGTGTGAAAGGATTCTCGAGGCTGCGTTCTGGACGGGCACCATTCTAATCTTGTGCGAATCTGGATTTGGGAGCTACCTCCAAGTTTTGTTAAGCGTATTCGCCAATTCAATGCTGGGCAGGTTCCGGAACCCCAGGGCAATCTAATATCAGCCTCACTTGCGAAGAGGGTCATCAGTACCTGTGCATATGAGATGCTTTAGCCCAACTGTTCGTATGACTAAATGCGACAGCATAGCCGTCTATCATTAAGGCCAGCTTATAACTTGATCCATTAGGAGCGTGAATCGATCTGTGAACTTTCTTCGCTGAAAACAGATGGGCTACATTACTAACATCGTTTTACCGGTCGTTTGCAGATATGTATTAGCACGATCCAGCAATGGAATCGGCGGTAATGCGGCGGAGTGAAATGATTAGTGCCGGACGGATATAAGGACACCGTTAAGAACTTACCCGATAATGCCGATCGAGATCTGTGCGAAACCTGGCTTTAGCCTGACCGGGTCCCTGAATTATCATGGACTAAGCAGGAGCAAAAGTCGCGGACCCCCAGTGCCAAGTGGCCCTTCCGACATAGGCCATTTGTAAGAGGACAACGACTGGATAACAGTCTCAGCTGAAGGTCTTGACGTTTCTGTGAGCGAAGTCAAGTGCTCGCATTTGTGTCGAGCACTGTGAATCCTTCATCTGCGCAGTGGCGGTCACCGCATGTCTCA,1987,48.31,Saccharomyces cerevisiae
SEQ_335818,GTTCCACATCATACGCTGTTTGTGCGCCACACGTATGTGCTCTGGTACACGACGCCGGTAAAATTGAAGCCCGGTAGCAGCGCCAAGTTGGAGACATTGACTAGTTATTGTGGGTATGAATGTTGCCACCTCGAACGGAGTTATGCGATAGCGTGTGTCGTTGCGGCAAAGGCAGGCTATTTCTATTCATT,191,49.74,Arabidopsis thaliana
SEQ_773809,GGAGTAACGTCACCCGGACAGACATGTTAAAGCTAGCTCGTCGCAAGGAAGGATAATCAAGAAACTTGGAAAAGTCTTCAGTGCGAAACCCAAACCTGCCCGGACGAGCATCCCGGAGCTTTGCTTG,127,51.18,Drosophila melanogaster
SEQ_805444,ATTTTCCCCTGGAGGGTCAACGAAAACTCTTAAACTTTGCGTTTTGGTCTAAACATGCACTACAATGGGTTGACAAACCGCAGTACATTAAGTGACGAGATACCTCCGTACGTCTTGGTGGTCCTATACCACCGTGGTAAAGTTTGCACTATACGCTCTTGTTCGCCAGTTTGGATAAACGGCATGAAATCGATCTAATCCGCATGTGGATTGCAGACTATC,222,44.59,Escherichia coli
SEQ_630064,TCTTAGCAGAGAATCCTGACAAAACGTTCTGGCCGACGTTCCTAACTCTCGCCCGATCCAGAGCAGTCGGCCGGTTCTTCAGGCTCTCATCTGTATGTATAGTACTCTCTAACTATTTCGCGGACGGATATGGCCGAATGATCAGTGCTTTACGAATCCGATGAATCCGCAAGCGGTTAAAGGCAAAGCCCCAACCCGTGGTTTCCCCTCTTACCAGCGTCAAGCCCCCCTTAAGCGTCTTCCAGGAGCAGCGCATAGTGCAGCGGGATCCCGGATCTGCGAGGGTACATGGTCGGTACCCCGCCCGCCATTCCGTGTCTGTACGCTTGTGCTAAGGGACCCTATCCTAGAAGGCCGTTCAATTGGACATAACTTCCCTGGTGACCGCCCTTGGGGGCTTACATAGACGGGCCAATGCCGGGTTAGTATTCAATTAACTCTTTTCCCAAGCTCATCGTCGTGTCTGAATTCGGTGAAGCCCAGCAGACGGCCAGTGATTTGGCTGTAAGATAGACAGTTGCTCCTGCACCCGACTAGCACAGGGTTGGTAATATACCTCTGACACGGCATCGTACATCTTTCTCGGGGTCTATTTTGGCATCCTGTGAAACTTATGCACGACGGCATATGCAGGAGGGTGACGTGGTGTGCGGTTAGAACAAAGAGCCTAGCGGTAGTATGAACTATTCCACCAATCCCACACCCCCTTTTTCGCGCCCATGTATCATTGTATGAACGCTGTAGTAGACTTCTCCGGAATACTGGAGGCCACAATACTCGCGTTTCGCGGCTGGCCAAATAAACAACTTCGCCGCCTGATGGCGGGGGGAATACGGCGGTTATTGGTCTCGTTCCCTGAGGTGGATCCGGTATATCCTGCCCGTTCTGGATCTAAGTTTCTAGTGCGTTGGGCCCTTCCCCGCAGAGTGTGGTGGTTTTCTGGTACGGTTTGTAGTTGCCCATGATCATGAATCATAGTGCGAAAAGCAATGGCTGTTTATCCGCATTATATGTGCGAGTAGTCTTTGTGTACAACTAGATTCATTCAGAACTGGCGGTTGGATGTCATCATAATGATGGGCCTATTGCCATCACAGAGTCAAAAAAATAACCAGGTGTAGCGCCTAAGTGGTGGACGGAAATACCTTATTGAGGCGATCTCGTCGGATGTGCACAATGTTGTCCCCTCATCAATTAA,1198,51.17,Caenorhabditis elegans
SEQ_116021,GATCCAATAGTAACGAGCTGGCGTGAGGCGGCATAGTTCAGGGCACAACAGCTCGGGACGTCAGCTAGCATGCCTCGTGGGGTAAATATTCGCGGGTTACGAATTATGTTCAAATGGCTAAAACTCCGGTCATGGTCGGGACTTGGTCCGTGAACATGATATTGAATCACAATGCGCATATATCGCTCTCTTCCTCGACCTTGCATTGATCATTTCCTCTGAAGTCGGGGTCAAGGGTGAGCCTATAATAGTTTCTCCGAGCTAGAGTCACCAACCTTGGAAAACAAGTCAAGTGCTTTAGCATTTCCATACCTAGCCAACAGGGAGGGCAATTTCGAATGGCATCAAGTTACCGTGGCCCCCTGATCGTAGGCGATTTCACCCTGCTGGTGATTCGTGTGATCCGGGTAGCACATGGCCGCGCTGAAGTTTTTCGTGCATCCGGCAGACTGGGACATTGGTTCGAGCACCTAGCTAATATATTAGCAGTCCATGTCCATGGCTTCCAACGCGGACGACACGCCCCGAAAGTGGCGGTTATACTGAACCGCAACTGGCCTTAAGGCAGCTTTATTGACATTACCGGAGCAGACTGTCCTCGCCGAGATTCACGCATGACTATGGCCCTCGCGCCATACTTGCTCGTTATGGCTTGTGGTTTGTACCATGGGCTCGTTCCAGCGCGAGTGGACTGAGGACGGGATTAAGACTTCTGCGACATCCGGCGCACATGGTTGGCGCTCCCGCTCAGGCCCGCCGACAGGAAGATGCCCGCTCGAACCGAGCATCAACCGCGCGCCCTCAATTGAGGGCCGTGCTAATGGCCGGCCTTAGTTGCCCTGCGTCTTACAAGACCACATATGTGCGCAATTTTCACCACGTTGAGGGAACCTACATGAACAGACCAATGAATGTTCGGCACACAGAGCGGTGTTCGAGAAGATTCCCACGTGTGAGCACTGGTGTGACAGTTTGGATAGCCGAAACGAGCTTCTATCTGGAGCTCAATTGACGAATCTACCAGAAAATATATCGTAAAAGAGAGTTTGAGCGCTTTCAACGGATCGGGTCAACTACTGGGCCATGAGTGTCACAGCGGTCGCTAAGGTCCTGTACCGCGCAGCGTTAATGGCAGTACGCCGAAATTAATATCAAGGACCCGGCGGATCTGGGATTATATCCCGCCCATAGCCGCCGTACCCAGGCATTGCTTGCCGCCAACGTTGTAATTCCCTCAAGGAGGGCAAAGCCACGGGAGCTCTAACCTCCTGTGTGTGCGGACATCCCTATCTAACAATATCTCGCTCATAACCGATCGACCGCATTAAACTCAGCATGACTTCTCTGGTTGTGTCCAGGCCTAAAGCCCTGTCATGTCTAGGACCTCAAGATGCAATGGAGGTTTAGCGGTTCCATTAGTCCAACCCCAGGGCTTCCCCTAAGATATTTGGCATAAAGGCAACAGAGTCTTGTACCAACTAGCACCTGTCACACTGAGATACAGCTACTTTGCCAGAGTGTTTTCTATGGTATGGGCCGCAATCACTAAGCCTTCGGATCGTGGCCACAGAAAGGTCTTCATGTCAAAGCATCGAGCCTAAGATAACTTCAACCGATGACGAATCTGGCGGCCTGACCCGTTAGACATCACTGTGGATTGGCGAATTCGAAAGAAGTCGATTGCGCTACCCCTTCCAGTAGAGGAGTCCGTGACCAACGCCTTAGTCCACGAAAATACGTTAACGCTGGATGTATGCTCTAACACCCTCTTGTACAGCATAGAAATGGCACCAGGGAAATGTATATGATTCGCACTACTTTCGTTGG,1827,51.61,Arabidopsis thaliana
SEQ_516039,AGTCCGATTGATGTGCTTATACGGCCGTGGTCGCTTGGGATTTGAACAGGCGAAAGTCATAAACTGGGCTCATCCATGAGTGATTTTGGTCTGGAGTATGCTGCGATGAGCGAGAGTTGGCATCCAGGGACGCGCTTTGTCCGAATGATGATCGCGTTTTGTCATATGCGCCCGTTGGGCGTTCCAGCCAAGTCACTACCTCCCCACCCTGGACCTCCAGTGCTCCATCATAAAAAGGAGCCGAGTGCGTTTACGTCGCCCAACGGGTTCTTGTCAGGGCACACGCTTGAGGTGCTAGGGTATCCATCCACAGGCTCAAAAGGATCTACATCTGGCCCCGTGGGCTGGCGATCAGAGTTGCTTGCTACCAGCCAGGAGAACATATTATTGAAAGAAGGCTACGCATTTAGGCTCCTTAGAGCTCGATTAAGGCATACAAGTTACGTCAAAATGACGGAATCATAACCCGCACATCAACCCGAGACTGCATCAAAGGAAAAGTTGTAAAGGGCCCCGATTATGCACAAACGGAGTGGTCACAGTTCCACGTTAGCACGCAAGAGCTTAACACCATATAATGCTCCGCGACCACATGAGAGAATGGTCGGCGGCCGGAATCCCCCCGCCTCAGATGCCGTT,639,52.43,Arabidopsis thaliana
SEQ_194925,CGTGGCACATAGTATAACTCCGATCAGGAACGACGCTCGGCGACGTCTTGAGGATTGTACTATACCGTTGGGCAGCTCTCTTTTAGTCAGGGATTTATACCCTGGGGGCTCCTGAACAAATATAGCTTCTTGATGTGCATCCTTAGTCCCGTGAGGCCTACTACCGTTACGGTAGCTGGTGCACTAGCAATGAACAAATAGAAAAGAACATGACGCATTGGGGATAACGAGGGAAATGGATTACGAACGCCCGCTCGGGTCCAGGTGGACACCACGATGGACCGTCTTTAGTTAACTGTTAGCTTAAGTAGCGCCGCCCCTGGCCGGAATAACTGACAAGACGATCCCTGTGCTCAACGAGTGAAGGTCCGGCTGTCGGCTGTCCGCTCACATTAGCTCTGCTTGGCCGCTTAGGACGCGAAACTTTCGCTGATTAAGGGTAGCACTATTTCAAACCAAAGTACGTTACAACAGCTCGACAGCTCGGTGCATAAGGCACTCAGAGCGGGCCAGGTAACTACTGGTGCTACTTAAAACTATACATTCGATTCACACCGCAAGGTCTAATCAATGTGGATGCCGATCGCCTAACTTGGACGCCACTCGTCTAAATTGGTGGCTAGGAGCTGAACACGACCCTTGGTACACACGCGCGCGCCAGATAGCTAGCAAGACACTCGAAATAAGCCCTAGCTGAGCATTAGCCCTGTGGACTAACTACTGATGCGCTAAAAAGGTCTCTAGCCCCAGCATACATTTCTAGCGCGATTATAATTCGCTCCCGACATTGGGACAAAAACAGACAGCACCATTAAATCAAGACTTAGCCGTAGTGCCTCCTTTGCAACTCTATGGGACGGCAGCGTAGGGGAGTAACGTCCCACCTTGGGTCATATTGTTGAATGCTACGACCATTCGTTCTGATACAATATCCAGTATATATAGAGACCATCCATCGACTGTAAAAGATTCTACTCTGTTTCCGACAGTTCAGGTAGTTACACACAGGGCAGGCACTAGGTCAAACGAACTGAAACAGACTCCCAGTGACAGTTTTCAGTTTGACCTCTTCAATGTGTAATCATAAGTACCAGTGTGCTCTTCTCGCAGTTAACGACACTTAGGCTCGCCGGTGATGCAAAATAACAACTTGCATTCGATTGGTTCCAATACGCAACTTTAGATCAGCACCCGAGAGGTATGTTGACTGACTGGTTGTTGTGGTCGCTTCGGACATAAGTTCTGGTTAAACTCTCGGGACTCCGCTAGGGGTCGGCGAAAATGTTTGTACTAATGCGCCAATAGTGGCCACGGGTCCATGCTACCTAACCCTTCGTAATCTACCATGATGGTGCGTCCTTCCTACATAGCCCTCCTTTCGTGGTGTCCGGTGGGGACATCCTATTCCCTCTGGCCAATCGCGAGTTCCCGGGTTATGTGAGGTCTACGAACCCAAGGGCAATCTGGATAGCTTAAACTCGAGAC,1485,49.49,Arabidopsis thaliana
SEQ_178115,AAGGCATCTGAAGTACTGGCACTGTTAGATGTATGCCTGCTCGCGTGGGACGTTTAAGCAACGGCGCAGAATGATGTTATGCCGGTCGATCTTTGCCGTTTTCAAACTCCGACACGACCTACTCTGGGAAGTTGGCAGAACTTTCACATGCGGAAGATGACTGATACGATAAACTAACGTTGGCGAGCAGGGTACTAAATAGTGCAAAGATGCTTTTTCTGCCGCATCTCTGATACAGCACTTAGAATGGTCTAGAATACGGCTTGGGTATTCATCGAATCCGTGGGTCGCGATCTGGGGAGGGTCCCTCATACTCCTAGATTGTGGTTGAGGCTAGGTCAACTCAATGAGTAATGGATAACTTATTCCCTTTATAAATTGTAAGCATAGGAGCCTACTACGATCATGTCCTCATCTTGTGGTGCGTAACTTGACCTCGCGTGGACGCGAGCCGAGTTAAATCCGTTTACGCACGTAGAAAGCCCTTCGCCCAATCTACGTGAATTGCGGATGATCACTAAAGTTGCATTCAGCTTCTGTCGGGATGGTATAGATAGGGCGACAGATTAATAGACCAGACTAATCTGCCCGACTAGACGCCTTGGGTTCTTTAATCGATACAACCTCAACTGGGTCACCATAGCTTAAATGTGCTGCTGGTACTTGTACGCACATGCTGATCCAAAACGAGCAGGAAGTAGCCTGAGATTTAATTTAACGCCATCTCATGCCCCTGTTTCGGGGAAGCCGACCTGCGTAGGTCTTGACTTGCCCGTGGATCCCTTACCTGTTACGACATGAAATATGGTGAGGCCCGGGGGCGCTCAGACGGCGCCCTCATCCGTGCTTGCTTTCGCTACGTATCGCACCTGGCATCGTGTTCTGAATTGGACAGGTATCACTTACAACTGCTTGACATAATAACTGTCTCTGGACGGCGATAAGACATGATGTCATGATCAGGCACGGCCGGGGCTACCACAGCAAGCGGGATTTGTTTTGCCCCTGTACAAGCAGAATCACTCAGACGCGTCGCAATAGGCGAACCGACTGTTCACCTAGGAGAGGCATCTGGGTCAAATTGTGGCACCTAGGATTATTCACATCCATCGACGACTGGTATAACTCTATCGATGAGCCCTCGCCGGTGCATTATTATATTTCTCGGTGTAACCCAATCCGGACACGATTCTGTGGACTGTCCGTACTCACCTTTGCGTGCCAACAAATCCGTATACTACGTACGTCTCCGGCCTGAAGTAAAGTATGGATGGCATCTCCGGAAGGTGCTGCGGACTTCATTGCTTCATCTGCCAGCGTGTATAGGCATTCATATTCAGCGTCGTAGTGGTAGCTCCCGAGCGCCTCAGGATCTTTCGTTCCACTTGTGTTTACACGCTTCGGTATCACTGTAGTGGGATAATCGGAAACCTATACTGAAGAGCAGTGGGTCCCCAATCGAATGGCGAAGCACGCGGTGCAGGGGGAGCCGCTAGTTAGGCTCTATACCACTCTAAGAGGAGAGCGAGTACTCAGGGGGGAACTGCTTCTTTAAGCCGTGGCTCTGACTCTTCCAATAAAATAATGGTCTACACCAAGATATAGTTGTT,1610,49.57,Caenorhabditis elegans
SEQ_652751,CCTCCAAAGCCGAGTTCACAGCCGAGACAGTTTGTTCCGCCCAAGACCCCACGACGCGCCGACCTATTTAAAGTACACGTCTTCTCGTCACCGGTGAGGTAAGACCTGCAGGGAGCTGGCCTTTTAATGTCTCCTGCGCCTGCAAGTCTATCAATCAGGTGCCTAAGAGGCAATTATGAAGCGTTTTGGCCGTCACACGCGAGTAGGTCCGCGCTGCTGAGCCATCCAAACAGGAGCTATCTCTGGTCTGATTCTCGAACAGGGCGCCCTATAGTCGTGCCCTCAATTGTGATCCGGGTCGTCACATTCCCTAGGGACGTCCTGGCCATATGGGACGAAGTTCATCATAGACTACAGACATCCGGGCGCACTTACGCACTACTATATAGACAACTGGCAAAAGGGCAATCCCACAATCCCATCGCGACTTTCGATTTTCAAACGTTCTTAGTCACTTGCCCTAGCTGTATCTCCGGCGTTAGTAAAGGCGGAATATCTGAGGCACCAGCAGTACGTCCGGAGTTAACATAGGCGCGGACTCAAAGGGGATACGATTCGCATAATGATACTCCCAGTTCCCGGAATAATGGCTGGTCGAAACTATCAGTCATAAGACTGAGCTTAGATGTTCTCTATGGTGTGTGAGACGTCCTGTGTCGGCCCCATCGCAATGGTCGCGCCTTCCACTAAAGTTGCGTCCGGGCCCACTTCTGCTGGCCGTCTATGGTTGTTTAAATAGTGCACCTCCAT,750,52.4,Homo sapiens
SEQ_190194,ATTTTGTTATGGGATACCACTTAACAGCCTACGAGCATATGGAAGTCTTGATAGTGTGTTCATGTCTCTGATGGGTCCTGCCTCCGATCCGACCTGTTAATTGGCCCGCGGTGTCGGTGGAGGAGGTGTTGCACTCCCGCTCCACGGTTATAGACTCCTAATTCTCTCGCTTTAGAGAACTAAAGGGGCCCCTTATGGAGTTCGCGCTAGTAATGATCAATTCAAGCAAACATCAGCCGCGGATCCAGTCCGGGGGACTTCGCAAGGTAATGCCTTTTACTGCCGGGGACCCTATTGCCCGCTCGTGTTTCAAAACCGCCCGAGCGTTAGCCCGCTCCCTATACGCGGCAGGCAATCTTGACAGGTTGTCGGTATGCTGCTTAATGGCCGGGATATTTAAACTTCGTGTCACAGGGGTGTAGGTCAGTCTGAATCGCGGGCGCAAATTTTGTAGATGTTCATTAGACAAGACCGTCATTCTACTAGCGTAACTATTAAACGGCGTTGATCGGGGAAGTAACGACTGGGTTGTCGATGTTCCGAGAAAACCCGCGATCCCAGGTACTATGTCTGTTTGTACAATGATTGCAGAGTTATAAACATAGCCATCCGTCTTACTCTAGTTCTCGAAGGTAGCCTGACTTGGCCCCCTAGCGCGCCCCCGCAAGCTTATGTATGTATAGACGTGATTTCTTAACGGGTGAGCCCTACCAGTCCCCCACGCAGCTGTGGTAGCGGTAGGCATGTGACTCGAATAAGCAGGGGGTTATTATTAAGACATATCGCGTCCGGTCCGCGGAGGGTGCATAGTACCCGATCAGCCGAGCGTGACGGCAATATCCAGGGAACACGGGGAAGCGATTTTTAACAACACGATACTTCTATGATAGGCAAATCTCGCTGTGAGCGAATATGCCTTTGCTGTGAATGTGTATAATCGTCTTTATGGGCCCCTGTGTTGATCACGCTTGGTGGAATAAGCACGTCGGGTCTCTAGTGCTCTTCGCTTTGCTTCTCCGACATTGCTTACTGAGAAGGAGCTGCCATCAGGATGGCGATTGAGCACCGGAAAATGAGCCAGCTCACTCCTCGTCGAACTCCTCGCCGGACTCTCGTTAATCCCTGTAGATTCAGCGCGATGGCTGCATTCGGCCCCTCTTCGATTAAGTGCCGTTATCGTTGTAATGATTGATTAGGATCGTCAGGGATATGGCCTGCAGTTGGCACATGGCGCCAAATGCCACCTCCACGTCCATTTAATTGAGGACCAGCCCACGCGAGACACACAAAGCTGAACCCTAAACAGATTTGTCCCCCCATATGAATCGCCGATTATTCGAGTGCCAGCAAGTTAGAAAGCCGACAGCGCCATGATAGCAGAGAAGTTGAGCGCTTACCGACGAGAACGACTGTAAGTAGATTCCAGAATGCAAGGCCATTTTGCCTAGCTCCAGACATGGCTACCTACTGTGATTCAATAATTGCCCTTCTACGTGCCTCTACGCCTTCTCGTATGTATTAACAAGGCTTACGTGTGGGCCTTGTGGCCTTATCGTCTTATATAACGAGGGGATATCCTGGGGCCGTTAAGCAACTAACCCAGATGCGATAGTATCCACGCTGTGACTTTCATTGCGCTTTATATAGGACTCTTAATTATGAGGGTTCCGGCTAACGCCGAAGTGGAGTCGGGACCTCACCACTGTCAGACACGCTTAACAGTCTGGACCGACATCAGTATAATGAGCGCTGAGATTAGAGTCTCCCGGTACGGTACG,1778,50.62,Drosophila melanogaster
SEQ_887568,ACGTGTTAATATACATGATGAAATTGTGGCAGCAGCACGGACAAACTACCAGGGTTCCTCTGTCGCGGAACATCCTCCCGCTGTTCGGAGATTCCGTTACAATGTTTGAGATCAATCAGACCTCTGTCACGCGGGGGTACAGATCGCTTCTCTAGGATTGCTGTGAGTACCCAGTGGCCCGCGCGGACGCCCTTTCTCGGCAGTACTGCCTCCCGCGGTATCTTTGTGGTCAACAACAGCAGTTACCCCTGGGAACATGCTGGTGGATGAGTCAATGGGAACCCGAATTGCCGGTCCCTTAACGCCCAGCCAGCATGCGCAGGGTTTACCTCCTCGTATATTGTTGTGCGGTCTCAACTGGAGTATCAGTTCAGCTTAACATTACACCCGGCAGTGACTTTGCTCGACAAGAGAAGGCCGTAGACAACTCGTCCCTTGGATTATCAGCACACCAC,455,53.19,Caenorhabditis elegans
SEQ_429481,TGACGGACAGTCTCGGTCGTGGCAGACATGCGTACTCTTCGGAAACTCTACTTGGCCATTGAAGCCTCCACACACAAGAGTAACACTAGTAATAAATTTATTTGAGCTGCGGATAAACGAACCAGGATTGCGTATTAGTAGGTGGAATGATTACCGTATAACGTCATACTCTAGCTCCCGGCAGTAATCCCCGATTTGTGCCCGTAGACCCTCACAGCAGGGGCGACGTTATATAGACAACACGGAAATTTACCCTCTACCATTACAATGGTTGTCGCCTGTATAACGCCGTACTACCTCTTAAGGTCGTGACACGCGGGCGGACATCTCTTCTCGACCGGGTTCTAGAAGATGAATTACGAAACACAAGCTATCCGTAATCACTGTTCTGTCGCAACATTGACTCCCGAAACCCGGTTTCATTTGCTCTGGGGGCCGGCTCTGTTTGATAGGGATCAATGTGCTATTGCGTAGTCACCGACAGTAGCTCATACCCCCGAAGACATCAGCCTTTGCCGAGTTCTTACCAGATGGTGCTGAACCGTGATGCTGCGATAGCATCTTGCGAGACCAATAAGAGATCAAAAAATCCGTTATGGGACCTCATGATTAAGGCACGGAATGACTTCGTACCCGTCGGTTTGAGATGGTGGCCAATAACTGACTAGTTTTAGGCTAACGCTCCACGTGTGCCGCTTTTCAGAATGAACCGCTAAAGCCCACAGACACCCCCAGCGAGTGGTGCCTTCGTACATTGCTTGAGCGTCATAGTCTATGTGCTCGCAGATGCTCTCCTCCAAATTGAATCAGGAACGGCTGCGAGACCTTGGTCATATGGGCGCCATAGCGCATCTTAATAAAACTTATTCGTCTTGGCACTCAGCATAGATTCTGAGGTCTTTCATGCCTAAAGCACTACCCAGACGGGAGTGCCGCGTTGAGAGAAAGTCGCAGGCAGTGCCTTCGTTTCATAGGAATTCAAGTTTGAGAGCGTGGGTCCCCGCTACT,1008,49.4,Saccharomyces cerevisiae
SEQ_495121,GTTCGAGACGTTATAGTCCCACTAAGTCAAAGAAATTAATGAGTGACCTGGTTGAGGGGGGATATGCTGAGCACACTAAAATGGAGGGCTCAGATTTAGGCAACGTCGCTGCGATAAGCTCGAAAGCGGCGGCAGGACACGTCCAGAGATAACTATGCCATAACAGTGATAAATAAGGCATACTCTGGTCTCGAGGGTGCAGAAGTGTCTTACTCTCCATCTCCCGACAATCAACTTGACGTCCGGAGTCCTTATATAGCACGGATCCCTACTTTGTGAGGGTGGAGGGACCAATCGGCTTTTCTACTTGCAAGGCCGACGTTTCTGTGCGGGTCCCTTACCCATTGATCTGTTTAACGCGGAATGAGTATAATGTCACAACGAAGCCGCTGGTATCTCCACTTACTTAGGAACCTGACACCTTATGATGAGTCTCGGATCTTCTGGATTATTCACTAGCGAAAAATCATAAGACTGTTCTTGGTGACTGCCAGGTCCGGAATAACTAATCCCTGGAACACAGTACTGCAGAGTCATTCCCGTGATTCCGCAGATTGTAAATCAGTTGGCATTGGGCTATTGCTGGTGAACATATACCCTCTTTGGGTAGCTTGAGGTGGTCGGACAACCGAAGGGTCTTCGGGGTTTCCCAATAGTCCATGTAATTCTCTCTCTCCTGTGTCCTGCCTAAAGTTCAAAGGATGTAAATAGATCGACCATAAAGAAGCCCTGGGCTGACGCACCAGGTTGGACGGGCCGCGCAAGTGTTATATCATGGCCTAAACACAGCAGCACATACGATCTCGAACTTTTAAACTATAATCTGCTTTTAAGTAATACATGATGCGACTCTCGGAGTTCCCCGAACAGTTAGACTGCATCGCTAAGAGTCGCTACGTAATATCTTCTCCCACTTTACATCGCCCCGTATGGACTCGACGTGCAAACATCGCGCATGCGCCTCCAGGAATAGCACCTGACTAGACGCCTAGCGCGGTGTGTATACAGTGAGGGCACTTAAACAAAGCCTTCAGGAATGTACCTGTGTGGGAGACCCCCGAGCATCCCCAACCCAGCCTGGATCGATCGTTAAATTATTTG,1101,48.5,Escherichia coli
SEQ_218150,TGGCCGCGAGGGAAGTCTTGGTTCGGACCGCCGTTAGCCATTACTCACGATATGATGCTTTAGCATGTACTCTAATTGAGATAGTTTGGAGGCGGGGCTATGTTTTTAAACCTAGACTCTATGAACTGGCTGCTTATACCCGCCTACAACCCATTAAGTCCCTTGTAAGCACTGGGACTGGGCTCCCGGGAACGGAGGTGGAGCATCTATAGACTGGGTAGTGCTAATTCTGCCCCCCCACTATCAACGCCGGTTATCACCTCCCTATAGATGCATGCCTAGTCCCCCGGGTTGTACGAGGAAGCAACCTTGCTGATTGCGGGTCGTGTCCGCGGTAGTATGTTCTACGACCCAGATCGATAGAGACTGCAGATGTTCTGTAGGAACGGTCAGTTCCGTGACCTGCGGTCTAATTATCGAGACAGGCTGCTGCATGTGTGTAGTGGTCCTCACTATCCTTGGATCCCCGCAGACCACCGAGTCGAAGTACTCTCCAAGCTCGATCCAAGTGAAAGCAATACCATGAGGACCATATGCTGTCAATACATCATAAGGGCGTCCGACGGGACCCGACTGAGGCCCAACTTTCTACATGCCCCCTGGGCGCTTGGTGGACTTGGCGGTACGTTGCGTCTAAATAGACGGTACCCTAACTAGTGATGGGATCAAGCTTATAAGTCCGGAGTGCTCCCGTCACCAGTAGGCAGACCAATGAATGTGACCCATGGGGAGCCAATCATTCAATTGACATATTTCTGATGTGGATAGAACCTGATAACTGAAACAAGCTCCGAGTTCGTTGTTATTGTAGTTAGGTAGTACTAAAAACACCTAGCGCCGGGAGAGGACTAGCATAGTTACCCGACATTGGCGTCTTGCTCACTAGCAGTCTAAGACTCCCGCGTTGTGGGAATTGATTGCCTGGCCTTGTTGAAGGACTCAGATAGATGGACGCTGCATCCCATGCCATAGTTGTACATGCTAGCATTGCATTTCGAA,999,50.85,Escherichia coli
SEQ_124666,TGAGGACAAAAGCTCGGACGCTTCCCAAGTTCGAAAGGAAGATTGTCTGACCATTTCCGCATACCCTAAGTTCCTGATTGTTACGAAGTGTCCTTAGCACGGGATGGATTTCCTGCTGAACTCCTAGAATCATCCCGTAGATGACTCTCAGAGAATGCGAGGCTCGATGAAGGACGTGCCAGATTTAAGGGCCTGTGGGATCCCTACCAATGTCCACTAGGAGTACCTGAAGA,233,49.36,Saccharomyces cerevisiae
SEQ_206145,CGCTCTTCGACATAAGATAGTTCAACGCGAGTCAAAACCGGACGTTTATCTTACTGATCCCGGTTACTATAGGTTTAGGGAAACAAAAGTAGTCCCGGAGGAAGAACACTATCGAATAGTGTGGAAGGCGTACTGGACGTCCCTACCGTCTTTTGTGACTTCTCGAACGCTCACGCCTCTTGATACTATCATCACTCGATTGTTATTCCCCTGGCGCGCAGGTGCGAGCGCACATAAGGCCGACGCTGTTCCCACCAGTTAATTCTTATATGGTCCTTGACCTGTTAATGGTGCGATGTCTCCTGGAGCCGCGCCGAACATATGTATGGACCCCTTTTCCTTCCTTACGTCGTTGCACGAGGCGTACGTTCATGACTGACTTAACACTTAAACTCTGAGTCTAACGATCCATAAGCACTCTTACTGTGTTGTGGCGCTCTCAGGGCCACTGCGAATCTGGACTTGCCGGCCCTCATTCTCCTTACTGTCACCAAAAGATGATTGGGATCGGGGGAAAGCCAGACACGAGCTGTCCTCCGCCGCGCAATTGGCGATGTGTAGAGCCAGCGTGCTTGGGAAGCTATCAATTCCGGCCGAGTTTGATATTGCAGTTCGCACGCCAGTTGGCGAACAGAAGACCCCCAAAGACTCATTGAACAAGACTAAATTCGAGGGACCATTTCACAGTAGTATTGCCCACTCCAATCATCCCATTCAACAGGGGATTTTTTATTCGACACATCTAGTAGCCTCATGGGCGGAGGTAAGACGAGCAACTCCAACTTCGGCCCTTAGGAAACAGATCTGGTTCTGGAATGCCATGGATGCGCTTCCGCGGCAAATAGGCAGAGACTCGTGAAGTTGGAACTGTAACAGCTCAGGGAGACCGCAGGGCGGAAATTAGGTTAACGCCGTCTTTCATACTATTCACTAGTTCACTTGAGATCGCCTGCGTTCTTTTGATCCTTACCTCGGTTCCCTCTGTTTAGGCGTGCTGCGTGCATTTCGATGGTACTTCGATTCCTTGGGTCGGAAATAGTTTATAACCTGGGTGGTAGTACTCGGGAGATCCTGGCCCACCTCTCCTGTTCACTGGCGGTCTTAGGGCCTGCTTCCATCTATAGAGTACGTGGGCGCTTGAATCGATACGCCCTTCACCAGGGGGTGTACTCTCACCAGCATATTACTCATGCGGAAATCACTCCACACATCACTTCACCCGACATTTTCGATAATTTCCTACAGCAGGAAAAACAAGAACAAGCGTCGCCTGCTGACAGCATTGACGGTCTCCGTCTAGACTTGTGAATTGAGATATATTATCCGCGTGCCGTGCATGCAGGCACGGGACACCAGGATATCGAGAATGCCGTTGGTTGATCTAACCTCGTAGCGGCAGACCCCGAATTGACGACTGTTACCCGCGCTCCGCCCAGGGGAGCGAGTCCCGGGTGAGTCCAACGCTGTATCAGTTACGCGTGCGCTTAATCCGCACATGAGAAAATGGAACGTGGGATCTGTCTGCTAAACGTTGTCAGGTCCGAGAGCACTATATTAAAGGCTAATTACCTAGG,1574,50.89,Drosophila melanogaster
SEQ_959840,GTTACAGCTAGGGCAATTTCCGCGTCCCGGTTTAGACTGGAAAAGGAGCCGGCCACAAGCGGCTAGTCAGCAATCACATAAAACTTGCATGGCCTAGAGATTAAACTACGAATGTGTTAGTGACCAGCCTCACGGAGTTCGTGATCTGGGTTACAATGTGTAATATGAAGCGAGGTCCCTGAGCCGATATTGAGGAGGGTCAATGGCATTCAAAATGGCCAACTCCTCAGAAAGACTTCGTATTGACCACCGAAAGAGTGAAGCGTTATAATATGCGCTGTATAGCATCCAAATTACCCCTTTAGACGCGGGACGCTTTCAATCCAATGTCTATTTCACCTAGCGCGGTAGCGAACGGTTTTAGAGACAGTCGTAATTGCCTATGGTCGGACGTAGTCGCCCTATTTGCGTCATATGGAGAGTTCAGGCTAAATGATCTGGTCCTTTTACCACAGGGTCCATGAGACATGTATGAGGTCTATGCGGCCATCGTCTAAATATCACACTCAGCGACCCACCGATGAGGTGAACTACCAACCTATTGCGTGGCGGTAGGCAATTAAACCATTAGAAATTAAATAAGGTTAGTGGGATTAGATCGCTACCAGCCGCTAGTAAAGGCTAATGTTAAATAGGCGGATCAGGAATGCACTTCAATGATGATGTCATCGGCTGTTCAGCCTATCACTGATTACTTGCGTTGTTTCACGTCGCGGGCCTCGGGCATCTTGACTCCGTCGCGACGTAGCACATCTGTTCTGATACGATTTAAAGCATTATTTAGTTAAAGGTTAACTCTTGGCATCTCCGATCAAAACATCGTCGTCACTAGCAGCGTCCAGAGTCCACAGTAATACAAGCTGCCAGTATTCCGTGCGCTGGTGTTTGCGCCGGTCATGCAATGATACATAAAGACAACGTTGGCAATACAGAAAAGCGTTATCCTACCGAGCGCTTATCAAGCGGATGCGGTACTCATCGTAATGACCTGAATGCTGCAATTCGATGGTCTTTGATGCAATGTAATATCCCGTATTGGCTAGAATACGATCCAGGACCAAAAAGAAGAAGGTTTGACATAGAACCAACTGCCGGTGAAACGATTTGTAGGGTTCAGTATTATGTTTTAGAGAGGGGCACTGACAATCTTGCCCAATGGGAAGAACGCTCGCGCCAACATATAGTGTCTCGCGACGCTGGGCGACTGGAACCGGATGGTGGGTGAAGCGGGCGTTCCTGAAGACCCGCGAGCGGGCAAGGTCCCCATGGCGAGCGTGCCGGGTAGAACTGAACCTCCATATTTGCGGATGAGGGTCGCGGTGTGCCTTACTTTGAGCGTTCAAGCCTTGTAAGCAACGTTATCCAACCCAAATCTAACAAGGGCCACTTAGCGGAAAAGAAGTTCCTCCCACTGTCTCCAGAGTCCTTGGCACCAGATCAGGAACCTTATAGCACTTCCCCTAACACCAAATTGCATCTATATATTCGCTTTGGCAAGCTTCTCATAGCTACTTTTACCGTTTAGCCATCAGAAGAGGGGACCTACAGTTGATTAACACAAGCTCCACTCCGTATTAGACCTACCGATCTTTGAAAACCCCTTACAATCTCTTGCAGTCTCCCTATATAGGATAAGGTGAGCTAAAGTGAATCCAATAGACTCGACTGCGGGTACAGTCAAGCAAAGAAAAATGATGGAGAGTTGTAGGGTAGGTCCTTGAGACCCATCTGAGCACGAGGTCAGAAAACTATTCTTTATTCGG,1763,47.53,Caenorhabditis elegans
SEQ_802150,GGAAGGCTGAATTATTCTCAAGTTATGACTGCGCAACGCGTATCGTGCACCAGTCTCAGAGCCACTCTTGATACAGAGGAGGCTTGCCCGCTAAGACAAAAATAGTATATTTGGTTGAGGACCAAAGGATCCAGAGCCTACACGATCTAAAGTCGGGACCAAATGACCTTCGGCGAGAGAGCCCGCAGAGGAGAACAAGATCTGCTTCGTGTACTCATACTTGACACGACTCTGGGATCGTATGTGCGGCTAAGAATGCGCGCGCTTGTGTACAACGAGGAGATAACTGCAAGATGATGTCCTGACCGTTGTCCGGCTAGGCTTTCAAAAGAACGGTGGTGCAATTACCATACTTTGGAAGCGCGTCCTAACGTTGATTACACTACAATCGGCGACAGTGATGTGCTTCCAACATTCCCAATAGGTTTACCACCAAAGCCAAAACTAATGGAGTCCACAAGGATCTTTATCGCAGCAGTTGCGCACGGCTACCCATCAAATGACGGTCCCGTGTAGTGTCACGGGCAGCCAGACAGACCCCTTCCGATCGTACAGAAAGGGGGAGCTATAGCTGCGACTAGGTAGCGTGATCTTTTGAAATCTAGGCAACTCGCTTGTTGCCAGTCCCCGCTCGGTCGGGATTACGTTAGGTTAGGAGACTACATTTACTTGCCAGGGCTTACAGACGGAAGACCCAGTATGTTGTTCCGGTATTCTAGTCGACAGTGTCAGGCCGTCGTGCACTCGCTAGGTCGTACTCAGTCCGCGGTCGACGTTGTCCCTAGGCGGCCGAGAATAGTTCGCCTAACGCATAGCCCAGGGTGTATAGAGTTTACAGTCTGTCTTACGTACTGCGATCCTCATCCGGCGACATTCAAGTTCGAAGTTAATTCTAACCATGACCAACGCATGGAAGCGTCCGACTGGTTTCCGCCCCGCGTCCCGATATAACTTCGGCACCAGCTTGCCGTGCTACTAAGTGTCCGCGTGTCCTTTGCTAAGAACCGACGGAGTAGGATGTGCGGGAGGTCTACTGATCGATTCCTCAGGGCGGAATGGTGCACCTCGTTGCGGTCACAAAATAACCGACAAAGGAGTCGACTCGCTCACCAAGTGTGTAGGGTGGTAGAACAGTACTCTTCTCGGAGTTAGATATCCAAATTGGATCTGGTGAAAAAAGAAAGTTATCCGTGTTGATGGTTAACCTTCGGGTAGGTCTACACGTGGCGGAGATCCCCTAGCTACCAACTTGGAATGTCACCTGAACCCGATGCTGAACTGGGAACTCAGTCAACCAGGTGCACGGTTCCAGCCCTCCTGATGGTGTGGCAAACCACCTGCTTTTCACAACTAGCCATAATCCACATCTACTGACTTTGCGATTTAACAGCTGACCACCTTGTTACTGCCACTGCGCCGAGCCTGGTATCTCGTCGTTTTCTAAGTCGGGCCAGTAAGAGGCCTTGGGATCCGCGTAATGCCGAGTTGCACGATGCCGACG,1501,51.63,Arabidopsis thaliana
SEQ_985769,CGTGGGTGCTTGAACGTTACTAGTTATAGGGTGCTTCGAGTCTCAGGACACACCTGACAACACCCTTTCTGCTCACTTGACTCTCAGGCTCCCGAGGCTTGATTAGAAGCACGTTTCAGCAAGCATGTACTTTCCAATCGTCGATAGAGGGCAGGATGGTCTTTCTTCCTATGATTTGCAGCCACGCAATTCAGAGTCCCTCAACCACAGTGTAAAGTTAATCGTATCCTTCCCGGCTAACGAGCCACGTACGTCAGCGTCCTTTAACTCCGGAGCTTCCACGTGCGAAACTTCTTTACTGAAGTGGATCCCGCTGAGTTTCTTGACAAGTACTGAGGCACTCAAAACCGTTCTTATACCTCATCCGCGCATATCCTGTCCACCCGGAGCGACTTATACTATCTCTTCTTCGGAATGCTATTCCGGTGGAGAACAGAGGACCGAATCCACGCATGTAATTTTACGATTGCATCTAGTAAACCGCCTATCCCATACCGGTTCTGACCGCGCACAGTGGAATTGGCCTCATCCTGCGGGGATCATGTGACATATGTCGTTTTCCGCTGCCGATCAACACTCACGTGGGTCCTTGTCGCGAGACGCCGATCCTATGTTTCCACTCTTGAAAGTGCGGCCCTCGGCTGAAAGTGCGAAACTCCTAGGTTCGCAAGATGCTCATAGCGAATCTTCAACGAAGGAGTCTCAACCTTGAAACCGGTCCAAGGCACGATTGCAGTCGAAGTTGCCACGACACAGTTATCCACCCACGTTGTATGGATTTGTAGACAGGCGGT,794,50.63,Mus musculus
SEQ_632279,ACCCGAACCATCCCGATATCTTAGTGGTAACCCGATCCTATAACGGCGACAACCGGGGGCACCAGAGTTAGTCCGTGAACATAGACTTACGTAGCATACATCAGTTCTTTAGACCTTGGAGATAATGAAGTTCGATGGGCGATGGCGCGAGTCGGGGGAGCACACTTGTGGAACGATCTCCACTGCCTCTATTTTCGAAAGAAACAGCTTCCGAGGACGTGCCAGTCGTCGGAAGTGGAGGTGGTGTGCCCGCACGCTGATTCCCACGAAGGTGCTAGTCCTAGAAAGGTCAAAACGATAACGTTTTTTGGTGGATCCCATACCGCGTACTCCCACTACTGTAGAACCGAGTTAAGGAATGTTTTGGCTGGCGAGTAAGTCGGGACCCTTGCCGATCGTGCAGGCCGGACTTTACCGACTCAGCTTACTAGCTTAAACCTTCCCCGCTATCTATAGGAATATAGCGCAAGAGTTAGCAGTGAGTGAGAGGTTGTCGACTTTCGTGCCATACTGACCCAGGTACCCCCCTGGGCATCAGATCAACCGGGCAAGTGGACGTTTTCGATGCTCAATGCTGGAACGCCCCTATGTGACTCTATTTTACAGGGATGTGAGGGGAGCATCGACACGCCCACTTGTGCGACCCGTCGAGTCAGTGTCATACTAATGGTGTTAATCATGCCCTAATCGTCATTCAGCCGGGCTGCTTACGTGCGATTCTAAAGAGCAAGCCCTTCATCGAAAGCAGCTTGAGTACAACTGTCATCGAGGTGCCTAACTCAGAATCGAACTAGAAAATCAATGGCTCCTGGCCCGGGCTAACTCTACAAGGTTATTCAACGCTTTATAGGGGGAATTCGGCATCGTGTATCAAGAGCAGGTAGACAATGAGCGTGAGCAGTCAGGCAGAGGGAAGGAATGGCAGCTGACTACTTGAAACATCTCGGTTCCACTACTCAAGAGTTTCCGCTAGGCCGGTTAGCCCACGGAATACATAGCGCGGCTCAACAAAGCTAGTCCACGTCGACTGGACCTAGCCTAGGGACATATCGCACAGTTCGGCCTGAACGTTTTCCACAGAGGGCCCTCTTGCTGTATGGAAAGTGTCATATCACTTATTGTAGCTCCAGCCTGCGTAATACATTATTTCGCTGGCCTCCGGTATGTCTGCAAACGTAATCCATCCTTCTGCCACAGACTCCTACTCCAGTTTATAACACGATCAATGCGCCGCAAGCCATCCATTCGTGCTAGGAGTCCCAGCCGGCGTGCTCGAACTTGAAGGAGCGTACCCTACGACTGATTGTAAAAAAGTGTTATTGTACCCATCGGGCAAGGTTTCCGACCGCTCGGCATGTGTACAGGGGGGCGCAATCCCGCTCATTTAGGGCCCACGCGGCATTGTATCAGGACCGCGGGTGTCCGGTACAAGAGCTAATTCGGCCCTCGTAGAACGGCCAGAAGTAGAGAAACATGTGCAGACATCCTAGGAGACCCGCCAAGGGTACCAAAGAGATCATAAGCGAGGCGTATACACGACTTGGTACAGAATGTGGACCACTCCAGCATGCTACCTGAACTCAGCGGGATAGGCAAGCTGCCGCCCAATTTCTAGCACCGGTTATAGTGTCGCCTGGCTTATCGCCATTCCTGGTTATGGTGCGGCACTGATTGCCGCGCAATTCCTGCTCCATGTATAGAAATTCTATAAGAAATTGAGCTACGACCCTAATGTCCAACTGTGTCGGAATCGGAATCGCCGACCGCGCGATGTATGAAGTCTTGAAGGCGTCGTAGGACGTGTGCGATAGCCAAGTAGAATGGCGGTAGGGGGCTCCGGGAAAATAGCAGGGCTACGATCCCTGATGGCCTTAATAACTCGCATAAAAGTCACCAGACGTTGTG,1905,51.97,Drosophila melanogaster
SEQ_228539,GGCCACACATGCCATCCCTGGCGTACGTGGTTGACTCGCAGAATCTTGTCATGAATGAGTGGCGTCGAAGCGGTTGGAGCGGCTATCTGTCGTGCGAGACTGGGAACGCAGGCTGCATTCTCTGCTATGGGCCTGTGTATTCCCACGCAGGTAACAAGGGATATAATACAAGCCCGTTTAGTTTTTATATTGTAGCCGTCCCTAGCCGTCTGTTCCATTTAGTTGCCAGTTAATACATGTCCTCGGGATATTAAGGGAAATAAAAACTAGGGTGCCCCGGAATGCGGGTACGTCGCCATAATATTTTGAGCTGTATACCTCCGCGTGACGACGCCCCCAGAGAGGTTTTTCCGTACAGCATTTCATAAGTTGCGCAACTAGGGATGGTTCTGTATAAGCTTCGAGGCAGAGAGTTGTATGCCCTAATGCGCGAGTCGGCTTGGTCCATTTACCTTGCTTTTTCTACATCCATTTCAGGTCCTATCTCGGACGTCGTGCCACATGAAGTGGGTATCGAACAGCTGAACTGCTAAAGCGCGGAAGTGGGAGAGTAATCTGGTACGAAATATTTGTTTTGGTAACAGTCTGCAGGGTGAGATTGCACTCGTCAACGCGGCTTGGTCCCCTAGCTAAGAAAAACTTACACTCTGATATACAATTGGGGCTTCCAGCCCCCTAGGTTCCGCTATAGTGTTCAGTATCCATCGAATGAGGACAGGGGCTACGGCCGAGCACTCTGTTTAAGCGATATTTTCTTGCAGTGAGCTGAGTCAGGACAAAGGGGGCTGTGCCGCATAGGCAAAATTCTGCTCCCCGCACTACGTCTAGGCCCGAGATCACGACCTTTTGGCGTGAGCAATTGATAGGTCGATTTAAACGTTGGCTGGCATGTGTTCTTGATGCCGGGGCCGCTGAGTCTCAACGTCTAAGATATAGTCTGCGAACCTCTCCCTATATGTTTCCGGCAAACTCAACACCTTATCCCCACGTTTCAATATCAGATACAGCCCCGACTGTGTAAAATATATGACCCGGTGGGCCCCGGAGACGTAGTGTCGTAACAGTCGTCGATAGTATATTTCCCACTAGCGACATGAGTCAATCCCGACCAGCCAAAGTGGGGGTTTATCAATGTAGTATAAGCTAGGGGATTACCAGGGGAAATAGCCAAGCAACGTTAACTGCACATTGAACACTAACATTTATCAGCTCCGCTTGATAGTCTTCGATTCACTAGGTCGGTCATTCGGTGTTATCCAATCTACTTTGCTGGGCCGAGGTGCGCCGCAACTAACCCAACAAGCTGGGGCCTTGACTAAGAGAATCATAGCTGTAGATGGAGCAAAAGCGCCCGCATAAACGTTAAGGGGTAATTATGTAGAAGGTTGTAGCTCATAGCCGAGAACGCCCTAGCGAAGGCCGACATACCGAGTAAACATTGATG,1444,49.45,Escherichia coli
SEQ_776464,GCGGAGGGCGCTCTTTAACAGATGCCGCACCCCTATGGCGGCTGGCGTACGGCAATACTGAGAGCCGTACGCAATACACCGACGTATTATGAGCGTGTTTGCCGCTTATGTCGTACATAACCCGAATGAGGAGCGTAGCCCAATCACCCTGTCAGGCGCTCGCAAAGGGCGTGTGAGTCTGGTGGGACCATGGGACCGTAACACTGTCGCTGGGGTTCTTGAGCTATGCGCCAGATGGGAAGGACAACTTTCGGGAGTGCGTTTATATCTATTTACGAGAACGATCAGTGTTGCCTAACTATTTAGCCTGCGGGACGAGCTTGCTCAAGTGGTTAAAGGTATTTCGTCATCCTATGTTGGTCGCTACGGGATGTAGAGTTTCTTGGTGAGTCGTCACGCTAGCGAAGATGCGGTTAGGGGCGTGTGACCTGCTAAATTCAGGAAGCCTTCGACCTATCGCTCAAGATTAGCACTAGACGGTACTTACTGCAACAGTATGTGTAGCGCTTAACATGACTGCTCAGAGTCCAATTAACCTCCCGTTACAACGCGACCATGACTTCGGACAAGCTCACTCTTAGATGAGAGACTCCCCGTCTCCGTGAAGCTCCCGAAGGTATCAGACCAAATTGGGGCTGACAACCTCTAATAGGTACTTAACCTAGCCCCTATGATCGATCAGACCCAAATGCCGCCCACGCATCGGACTGGCGGTGGTGAATGCATGGGTAGAATCGGGGGTTCGAGAAAATGGTTGTGTGTGAGTGTAACGTTCCGCAGGGGTGAGGTCTTGCCGGCTATGTAT,805,52.42,Drosophila melanogaster
SEQ_319749,GAAGGCCTAGACCGCAGGCTTAGTGGCCTGATTTGCACCGTAGAGAAAACCAACAGAACAACACTCGATATCATTCTACTATCTGGCGACCAGGATGACGATTGTGCCGAAGCCGCAGAATATAGCCACCTATTTTCAGCGTCCTGTGCTGGCACGAGCAGTCACAGCAGACATAGCTTCAGGAAATCAGGGAAGGGACCTCACTCTACGCATACAGGCACGCGCCCTCCGGCTCGAGTACGCCCGTAGGCAAGTAAGCCGCTAAACATACCGAGGTTATACGATATAGCACGAGGTCAACCCGCCTACATGTTTCGTTCGGGGATCTGCGGCTATAGTAGTGTTTCCTACGAGATCGCGGATTGACTCGCAGGCGAGCCTGGTAGGGGCAGGTAACTAGCTTTGTCGAAGGTGCGGCCCGGACCCCCGTTCAGTTATTCTCGTACTGCATACTGGGAGCTAGCGATCGGAGGGGCCCTTCGCCGGGGATAAGGCGAGTCCTCTATATAGAAATTAAACGGGTGGGGCACCCAGCAGTGCATTTTGAACGTTTCGCAGTATGGGGAATATGCTCTTACTAGTTTTCGGAATCTCCCGCTGACTTCCTGTGGTGTCGGCTTTACGTCTTGGATAAGGACCTCGTGAGGATAGGA,653,53.6,Caenorhabditis elegans
SEQ_259479,ATTCCGATCTGGATATACTGAAACAGTGAAAAATCCGCTAGCTGTCCGCGTTAGACTAGTTTTGGGAAGCTGTATCATACGGTGCTTCGTGGAAACAGAGTACTTTCACTTCCGATTGTGTGTCCATGTAACAGCTCCCGCAAAACTGGGCGGGGCGAGTACCTACCACGGCACTGACTAAGTTAGCATTGCTATC,196,47.96,Arabidopsis thaliana
SEQ_838099,AAGACATACTCGTCAACGACTATGAAGTTGTTCGGCGCGAATATCGCTGCTTAGAGAGACGGTTGGGACCCGAACGCACCCACAAGGGCGCGGCCCAAAAATCAGTCCGTCGGTGTGGGGATAGCAAGTAGCGTCGCTATGCCTCCCCCGCGTTGCCTGCATATGCCGGGGGAGTAGCAAATTTATAGATTCCCAGCGGCCTACGTCGTGAAGCGAATAGGAGGTGGCTGATGATTTCTCCGCGCGGATTGTGTTTAGATGCTTGTCAGGGCAGAAGTCTATAATCATAGTCAGGGGTAGATAGTCCTGTTGGGCACGTATAAGAGGAAGATGCGAAAGTGTTCGACGAGCAGACGTATTTCCCATACCCCTCAACACCACCATGTCGTACCTCGCCGCAACCAACATTATAGGTAAACTCTTGGTTCCTCAAGACGTCACGACGGAAAAGACGAGAGTTAGGTTGGGAGACTGCCGTTGTACACACCTCGTATAGAGTTCTCTGATGGTACCCTATGCTGGGTATGTAGGTCATCAAGCGATGCG,546,52.01,Mus musculus
SEQ_850902,GAAAATCGTAGTTTTGAATTTCTATACGGTAGGGGATCCACGACCCCACGCACGTGTCCTCTAGCGAAGGTGTCCAACCAGAAGGTCATTCAAATAAGCGCTCGAGCTGGACTCATAGGTTCATCAGGGGCGATGCTTACTCAGTCACATACATGACCGTCTTAAAGTTCTAGAGTCGGGGCGGCGCTTG,190,50.53,Caenorhabditis elegans
SEQ_880230,GACCGGATGCAAACAGGTCAAAGAGGCTACGATGCGCAGAATGTACTACTCGTCTATCTGCCTCGGCAAGTCCGCTAGGGATGATTGAGTTGGTGTAGACTATTAAAATATGTCAGCGGCCCCAACGCCGATCGAGCTGAATCACGAACATGACACACGTGGGCGATACCGTACGAGGGGCACGGCGTGATGGATACGTACGTCTTACCTGTCTTTTAAAGCTAGTCCGATAGTCCTTAAACCCGATAGGCGGAACCCAATTGAGTGGTCCCCTGTCTTCTTGTGATAACTTGCAAAGTCACCAAAACGAGAGCCGCTGACCTAACCACCGGTCTCTGGGGCTAGCTTTTGTTATTCTCATGTAAGTGTGTGATGTAACGCCCGTACCTCCTCTATAGACACTTGCACTATCTCCCGCGTGCATTGGCACCATATAGCTCTGGATGTTAAGACGTCCACCTACAACTACTCCGGGGCATACCGCAAGATTGTGGTGGTGTCATATCTATGAATCTGTGCCTGTTCGATTGAAGAACTATCACTGGATAAGTATTCGTTGGTGCTCACTAATTGAGATGGATCGATAGCGCTGTGACACTGTATTTACACCAGTGGTCCCGTGGGTTCAATTAATACTCCTCGTCCTATCTCTCAATGCTATAGTTGAAACCGCGAAGTCCGCAAGTACATTTAAACCGGCCCGGCGTCAGCGGGCGAGTCGATAAGTCTTGGACGTATCATCCCAACAATAATTCAAGATTACATTTATTAGATCAAGGGCCGTTGCTATGATACCTAACCAAGACCTCCCCAGATTATTGGAAATTACGGGGACATGGACCAAAGGGAGCTATCCGCCGCACACTGGTCGAGATCGGTTGCCTATCCAAAAAAGCCTTAAACGAATACCACACGTTATTAAGACGTGCAAGCTAGGATAACATGGACGGTGCTCGGCGTGAGCGCTCGAGCAGGGACCATCTTGGGGGAAACAAGCTTCGGCGATTAATGCGCTAAGGAGTTTCTTACGCATCTCAATAGTGTTGTCACACCGCATACCAATAGTAGCAGCCCACCTAGGCTGTGCATGAGGTAAAAGTAATGTGTAGAGAACGCTTGTATCGCCATTTATCGCGGCCGACGAGAAAGGGGAGATGATTAGTATTGAGTAATCAACCGGCGGTGATAGCGGATCCAGGTAAGCTTCGATCCCTATTCTTGACGGATAGCGCGGACCGGGACCAGAGTTGCCTCGCACTAGTTTATATGCCGGATACGGTTTACCGCTGGAAAAGTGTCTTCAGTTTGGTGCCTGACCGTCAGCTACATCACGTTATCGGCTCTGCATTGACTGTGCACCGCGAGTACATAGAAACTCTTCGCAATCAAAACAACTCTCTATTGGAAGCCGATTATCGTCCCCGCACTAGAACCACGCAATGGTCGTGGGTGAATTTGTAACATACAAGTACATACTAAAGGCGCTTAATGGAGTTAACGCTCTCTATTTTGGCTTGCGCATGCCTTCGCGGTTGACAGGTCTAGCGTACACTGG,1555,48.94,Arabidopsis thaliana
SEQ_402058,ACGATCTCTACCACATAAATACTCTTGCTGAGGGCGGACCTTCCGCAGTTGGCTGATATGTAACAGCAAGGGTTGGCGGAGGATACTTAAAGAAGCTTGACAGGACCGAATCTGGGCGGAGTCAAAACGATGTATCAATCAGACCCTGAAGCTTCATATATCCGCAGGCACCCAAGTGGGGCTTTCGTAGTTGTGGATGCCGTTGCAGGGCAGCGGAGACTGAGCCTCAATCGCCAAACGGTAAGACACGGTTCATTATAGTTGATGGGGATATGGCGGGTGGAGTCTCGTGGTTGTCAGCGTCGTCCTATTCCGGTCCCCGGCCTTAGGAAGTGTTATTTGAATGCCTAGCTTCTATCGTCGTGTGAGCACATCAACGATACAGCCTATCTAACCGAAAGGGGGAAGGACCGACTTCATGGCTAGACTAACGTGCGTCAACATCGCTCGTCT,453,51.66,Caenorhabditis elegans
SEQ_462984,CTACCCAGCGCCGGTCCAGCTTGATGGTCTAGCCTTCCGCTGGGCAGTGTGCTCATTCGGAAGATGAGTATTCTACCCTGGTTCATACAAGCAATAGTGAGCAGCAACGGGTGATGTCGCAAGCTGATCGCACTTCAACATATTATCGCGGCAGTAAGGGCCTGGGCGACCTTCCCATAAGTCTGAACTATCGAAACTA,199,52.26,Arabidopsis thaliana
SEQ_536010,TTGCCCACGCTCATAAAATACTGTCTATAATGCACCGAAAATCATCGCTGGGCAGCAGTATGGTATGGAGTAGGATGGCTCTATCCTAGAATACCACTACAGCTGTCTCCGTCACCAGGATTGCCCTTGGTCGCGAACGGGGCAACCGTTGTTCCAACCTAAACACCGAATGTTTGGCGACTTTCGGTTCGAAGGGCGTATCCCAACTATCTCATCCGTGGGATTCTTTAGGACCGATTTAGCAAATATTCCTGGGAGGGGACAGTCTGGTTAGTCAGAGCTACGGGATATTTCAGCTCAATGCAAACGGATTTCCACCGTTGCCCCGGTTTGGCTGTGAACCGAACGTCATGCATGCTATACAATGTATATCTAACCCCTCTACCTTTTGCATTCCCATGGCGTTGTTTCCTGTTCGTCGTCCACTTGTGTTTGAAGATTTAGTAGGGTGCGAAAATTCCCCAGGGCTACTCGACGCGACCTGTCTATCCGGTAACTAGTCATGCGTGAGTAGCAGCGAGGTGGTTTTTTCAACAATGAGAGCATAGGGACCAGCCTCACAGTGCCTCCCTCAAGCGCGTATTCCACGTATAGTTCAGTGGATGGGTGCGGACTACTCGGGATACGTGTTCGAGAGGCACTCAAATGATATTTGACGCAGGACATTGCCTGCAGACTGGTCGACTATTTGCCGTGTTGATTACCTCAGTGCATACGACTTGCCCCCAGTTAGTCGCCCCGGCCGTAGTACGAAAGCCGACCTTTACATTCAGTAAAGCTGAGATAAAAACAGACATTTACAAATGATGAGCCTCCCGACCAGTTCAAGAATTCCGCGCGACGTGTCTCCTGTTGACAACCGTTACGTAACTCGGATGGATCCCAGTGTACAAATAAGCGTCGCCGGCATTACTTCAATGACGCACTTTGATTGCTGAAAAAATGAGATAGATGTGATTAGTTGAACTCTCTCTCACACGGGGTGTCGATCTAAGAGAAAACAAGTAGTAGGGTTTATAGCCTGAGCTGGCTAAAACCTCGCGCAGGAAGAGCAACATGGGCTGGGTCAGCTATAATGAGATCATGCATCTGGGTCGAGTGCTTCTGACGTCTATATCGTCTAATCAATACCATACGCCACCCAACATCAGCCTGTCTGTATGTCTGACTCTTATCTTGACTTACCAGAAATCATGTGACCGTGAAAGATCATCAACAAAGAGAAACAGTTGGATTGATATTTATGAACGAAATTTGTAGTCGGACCGTTATAAAATTTGACGTCCTATAACTTCGCATTCTAGGACAAGGATTAGCCGGTGACTCCGGTGCCACAAGGCCTACTGTCCTTTACACGTGTCTAAGCTGAGCGTTGCACGAGAGCATCGACGTCTTAAGCACGAACGATACATCCAGTCTTGCACCACCCTGCTCCTTCATCCCTCCTATGCCAAATCGTTCCCACCTTACTTGAAGCCGGTTTCTCCGAGGGCTAGCATGCTAAGCCTACGACTGTGAACGCTTAATTCTTCGTTAAGTCACAGGAAGTGACTAGAATAGGCAAGTCGGTTTTACTCCATTCGAAAGCCTTGCATATTTCGCGTTACGCACTCCGG,1616,48.08,Arabidopsis thaliana
SEQ_331706,CAGGGAGATACAAGGCGGACTCGTCTAGGGGCACCTTGTTCCGTATTCCGCACCAAGTTCCTGGCCGGCTTAGCGGCCTAGGCAACTAAGGACTATTGCGTCGAGTCCCGAGGAAACGCTGTCTGTAAAGGCTTGCAGACTGTGTCGAGAGCATGAGAACCAAGTAATCTATCCTTGATCATTCCCGATTTTGTGTGTGGGTTAGTAAACCGCAAGACAGCAGTTACATCACGTCGCGCTTGGCCAAACATCGAGGGCATGTATGAAACAAAACATAGTGTAGTTGCAAGACCGTAGTTTTAATCACGTATTCAGGCTCCGCAGGAGTCTTGCCGCAGCTCGACTGCGTCATCGTATGTCTGGGCATAGCGTGCTTTGCCAGTCTCTGGGTCCCCGGTGGTCAGACGGGAGGACACGTCTGCCCCGTCCGCACGCGCGCGTGTCAATGTCCTCCCTCTATGCTCGCATGCACTCAGCCACATCCGGTCCGATGGGTAATATGTTTGGTGCAGAAAGTACGCGGGACACCCTCTTCTCAGCTGACTCCCCAACCGCGTACTTGCCCACCGAATAGTCAAAAAATCAGTTACTCAACGCAAAATTTTGACGTGGGTCCCCTCTTTTAGGGACTCATAATATCATGATACGATCCCGATCTGAATCAATCCATGAATACACGCCAGGGACACGGGGGGGACAGGAGATAAAGCCTCTACATGATAATTATACAATCACCGTCTAAGCACGGCCCTCACGCAGCTGATGCTTATACGTGGCCAGTGTGCGAGAGATCCCTTCAGTCGCATGGGGGTTACCATACGACATGCCCCTCCTAAGTTATACCGACAGCCACCTTCTCTGTAAACTCTACGTACCTAAGAATTTCGCACGACTCATTAGGCCGGCGAAATACTTAGACTCGGCACATTGAGAACTATTTTCTTGTTCGTTGTATGAATTTTGACTAGATCGCGTCACACCTGTAAAGTTGGCAGATTACTTACCAGAGGAAAATGCGCAGTTGCATGTGGCCCGCATTGGCTTTGCTTA,1050,50.95,Mus musculus
SEQ_605125,TAATAGCCAATATTCGGTACTTAACTTGGAGCAATTTAATTGTATAGTAAAAGGAAAGCATAGCTAAGTTTAGACGAACCAGGTCGAGTACACTTCGTGAGCGATTATCTGGTGAGTCTCTTTGAGTGGTCCTTGGGCGGTTGGGACGTGCTCCCTAACTCACGAATTTTAAAAGGGCGACAACTGTCTGAGGGCTTCTATAGGGACTTCATACGCGTGTTCCGATCGCACAACAGGCATCGCCGTACCCCACCCGGTGGCCAGCTTCCGCTTCTGACGGGTGATCCGCTACTTCCCGTCACAACGCTGGTCCTGGAAGCGGAACGCAGCGGATAGGCTCCTATATACCGCCATGGTTCGAAATTCTATCTGGACGTGCGCGTGTGTGGCACTTAGTAATCGGGCAGCACAGCGTTAGTCCCGCTTTTGGAATCCGGATATTGAGGGCTCTCACGAGTGGTAGTGTGCGAAGGAAATAATGCAACATTTGTTTTGACAGAGTCCCGGCACTCATAACGGCAAGACGGAAATAATACACCGTTTTACTTGTTCGCGGGACCATGACTTCTCCCCACCAGGTCTACTGGATGCCCCCAAGCGCTAGCGCCCCGATCCCTATGCTGGCTTGGTAATAACGTTATTGATGATGGCGAACTCGAAGAAAGGCTTGAGTGCTATTATTAACTCATGGAATATAGAGGGACCAGTAAACGTCTACACGACACGGGCAGGTTCGGGTTAATCGCATTTCTTACGGTCACGGCATCGTTAAGAACGTCCATTCGCAGAGATCCTGCATTGAGGCCACGGAGTTTTAACGATGCTTTTTTCTTTACTCTGGCACAGGGATGAGTGTGACACGCCCGGTGGACCTCCAGAGGAGCATCAATGCGTTCACAATGCTTTCGAATTTGGATCCGGGTATCACGCTCACCAAGCCTTAAGGCTCAGCACTGCCCCGAGAACCATATGCCTGAGCGCCACCCAGTCGTTTATAGTGCACCGGTACTACCTGGTTATGCCCGTAATTTTAATTAATGGTGAGGACATGGGAGTTTACGAGAGACGGGTACCGTTACGGAAAGACTGTTGTTATACATCGCGGTTGTCTCTGGCGGCAATTTAAATTAACTTTCTCGCTATAAAGACACGGTAGGCCGTTTTTTTTGGCTATGTGTATCCACCATGTGGTTTTATGACTGTTGCCGT,1209,49.55,Drosophila melanogaster
SEQ_745106,AAGGTGACCGAGTGGGTTCGTGAACCCTCCTGTATTGGATTTCACCACATCGCGTGCCGCTTCGATCGGTGGAGAACAGGTCTAGAACGCCTCAGGAATGTAGTCTTTCAACTCTTAGCATGCGCTATCCTCTGCTAGAAACTGGGTGGACAGTTCTGGATAGTATTCTGGCCACGATAAACGTGGGGACAAATGTTTAGGGTCTATCTCTGTCCATATGTAGCACAGATTTGTCCCCGTGCGGTAAGAAAGTAGGGGGGTAGACACACCCATCTTGGTAACCCAGTTTAAGGGAAACAGCAAAGTTGCGCCTCCAACCTGGCACGGAGGCACAGCACTTACATGAGGAGCTTCAGAAATTGCGTTTCGTTATACGCCCAGCTTTCCTGCCCGAAATTATTAAATATCGAGGCGTCTCTCCCTACCACCATCAGGGCGTGGGGATTGCGCATACACGAACCACTAGTCTGGCCGTTCTCAGGTTGACACGTCCCGTCGTCCACGGATATCTGGGGGATAACATCGGGATCGTGATGAAGTGTATGTAAACAGCTCAAAAAGATCATACGTTTCCAGTTGCGTTCCACCCACTTGTATGAGTACCGAGCAAATCTCCGGCTTGATAATAGTCTAAACTCGAACTGAACTGCTTACGTACCATTCAAGTCTTCCCCAGGTCGTTTTCGAAATTTTGTCTATACGATGCTTCCCGGTGTTTTAGTACAGGAGAAGCAATCAGTTGTTTAGTACAACAGCATGTGGGTAAGCGTGGCGCAATAATTCGCCAATCCCGAGTTAGAACCAAGTTGAAGGCTTGAAATGTATGTGGGTTCTCACGTTTTCCGCATATTCAACACGCGGGTCAACCTTTCTCGTGGTGAAGAAGCGGTACGAAAAGGTGACTCGGAGTCGTCCGCAAGCACCTTGTCCGCACCATAGGAGCACCGTGGTTGGTTAAGACGCAGATCCACAACGTGTACTTTGTTTAACTCATCGTACTACGCGTTCTAGTCCGGGCAACTTCCGCTTTATAATGATAGTGTGATGTGGATCCTCGTACCGCCGCTTTCGTAGGGCTGAACCCAAAACAACTAGACCTCTGAGAAGGTTCTACTGGTCTTATATGCCGAGGCTAAAGAGTCGTTATACAGGAGCCACGTTTACCTGCCACCTTGAGCGAAGAGTGTCTCGAGTCCTTGGATAGGTGCCGCGACCACAACGCTGGCGCCACGATTCCTGGCGCTAACCCCCATTAAATCCCGCACATCTTACAAGCGGCATGCAAACACATAAGAACCGGGCTCTATATTGAAGCCTAAAGTCTATGTGTGTTGGCAACAGTATCCTCTTTAGGATATACCGTGCCCGGTCGCGGTGGAGAAGATTTCTAAATATGGATCAGGAGGCTAGCGAAGGTATGTAGAACGCGCTATCCTGCTTAGTCCTTATTCAGCCCCATTTCAGGCTCTCTGTGTGAGCACCTTTTAAATAGTTTAATCCGGTTCAGTCACAAAGACCGTTACACACCGACCGGGTGTATCACGTTCCATCTAGATCGCAGTGAATCACCTACTTACGGCGCACGGCCAGCAATGACTCTGTACGGCCTCTTTAGTGGTATTGCGCTCATAATGCTAGTCGAACGGTATTCACCGATTCCCGCCATAGACGACGGACTACCCCTGACTGGGCGTAGATTGCACGTTTGTGGAATCGGCACTAT,1723,49.51,Arabidopsis thaliana
SEQ_629262,GAGTGGGAGGAGCAGGGCTGAGTTGGCTGAGGCCGTCCGTCGACGGAAATTTATTGCAAGCCACGTTTGGCGGCTTACCCACTTGCTCCACAACTGCCGATGAGATTAAACTAGTGACTCAATGGTTAGCGAGTAAAACTTGTATCCAAGGGGAGAAGAGTAACGAATAGTATCTACCAGATGGTAGGGGAGCATACATTGGGAACTGCTGACTGGAGTCTGTGTATTCCGGATAATAGGATGACATTAAGTCTAGAGGTATTTAGAGACTGGGCCCTAAGCTAGTGTTCTATGGAAACATTCTATGGCGCCGCCTTATCAAGTTCGATTTCCGTACAAGAACATTACATCACACCCCTAAGACCGTTTCTTCCCACGCGAAGAATCATTATTTCCGCACCGAGTGACCCGGCAGGACAGCGTGACGGGCCGTCCGTTTATCTGTGTCAGATATGCGTTACAAGGGCTCTCATTGTCGCGAGCTTCTGCCTAAGATGTCGCGCGTCTACCCGATACTCCTACCAT,525,49.52,Escherichia coli
SEQ_308851,CGACAAGGACGGCCAGATTCAGAGTTAAATTCTCAAGCCCTAGTGTATCAGTCGGAGCGCCGAAGCTCAGGACGATTGGCAGATAGGGGGGAAACAACCGAGTTATGGAATCCATTCGAGGTCCATTTTCGCAAAGAGACCGGATCGAATCGGAGCAAGCTCGCCCAGAAGACTGAGCGAAATACTTGCTCGGGAGTCGAATTCATGATATTGGGACATCCGCGCGATTACCCAACCTCGTATTGTCGCGATTCTCCTGTGGCTTGCATTGACGCAAAGTGAAATAACCAGGCAACTGGTGGGCTCGCCAAGCGACCGGCGCTCAAATTACGGAGACTGACAAAGTTTAGTCCTTAAAATCTGGGAGTGGGGTTTGTGCAACAATCACCGGTGAAACCATCACAAAGCGTGGAACCCCACTTCTAAACGTGTACTCGATTTTCAGTTGCCCTGTTAAATTATGTATGGGGTCAGACACTCCTTTGTGCGAGACTCGCGTATAGGTTGGAGAAGGTCCAGGTCAGCCTTCCGCATATGGAATGCCGCATTGAGAGGGGACGGCTTGGCCAAGCATGTGTAACGTTCGGACCTGCTTTAGGGTAATTCGTGCTGACATTAAAGAGAAATTTTGATAATGTTTCAGACCTCTGTAACACTCACCTATTGAATAGAGCTTTAGAGGAGTTTGACAAACTCTACAGGCAAAGTGGCGCCTACAGACGCGCGTACCAGGGGGCCTATCCCGCTGTCCACCTCATACCTTTTAAGAGACTCGGGACGCGCATAGCTCCCCAGAGTCTTGAGTGGATCTACCGTTCGAGTCATTATGTGGAGGTACCCTCTGCCCCTCGGGCTATCAAAAATTTATGTGAGGGCCAAGACGCTCGAACAGTCGTCACGCCCAAGACTATATTTTAAAGCTGTCACCGGAGATGGCTATTAGCGTACCGCCATGCCGATGGCAAGATCAACGGCGTCTTGTCATGCCCCGACGTGTCATCGTAGCAGAGTACTGACATTCCTCACACTGGTGAGCGTCCCCAGCGGCTATCCTACATTCGGCACCCCGCTAGTTCGCAACTTTAAAATCTCCTGTTACGATATGTCCTTTCCCTCAGAGGGACTGCAAGGTGATATCGCGGTTATCTTACTACATGCGGGACGGCGGCGGCCCCTAGTAGTACCTGTGACAGGTGGGAGATCGAATCGTTATTCTTAATTTGTGCGTCCAGATCAGTCCTCTCGATATTAGATAAGTGAAGCCCCCTTGCCTGCTACAAGAACTTGACTATCCCTTACATCCCCACCAGTATTGCCAGCTTATGTACCCAATAAAGCCCTCACCAGAAGCACTAGTTATACC,1363,50.4,Caenorhabditis elegans
SEQ_277553,CGCATGTTCAAAAAGCCTGTACGACTCACGCGACATATCGGCTAAAAGGGAAACGTGGGGGAAATAAATGTTTATTGCCTATTGTAAATCCTGCCCGTCTTATAATTAGCTATAAGAGGCTCTAAGGAGGCCTTTCTCAATACCGTCAGTAAGGAAGCTCTAGCATCACCTTGGTGATTCACCGGTCAGGCCTACGAATCACCAGGCCTCGCAAAGTTCGATGGAGATATCAGCGATGCATTTGGGCATATGCATAGAGGTGACAGAGCACGGCCGTCGTACATATCGCGTTCTGAACCAAACTAAGTTGCCCGAGAAGCTCGCAAACAGTCCGACCATGTACCTGCGCTAGCAAGGACTTGTTTAGCTCGGGGCATACTCCCGGGCGCCCAAGACAAGCCCTGTAGATATGCAGAAGGCCTGGGGATTTGGCTGGAAGTTCTTGCTTCGAGTTTTGGCGCATAAGTTATCGGGAGTCTCAGGTGTCGAAAGTCTATGATTAACACGCACGCTGGTTCAAATCAGGAAGTCTCCGTACTCGTGGACTAATGTAATTTCATTTACTAGGATAATCAATCGCAGTTCCGCTTACGCCATTTACTCGGTAGACGCATCCATGTTACAAGCCGACTACGCAGTTCCCCCCAGACCGTGCTGGGGATAATTCTCCGAGCGACGAGATCGTCTTGTGCTCTGTCACTAATACTCCTATATAGTTACCGCGGCGACGTATGCTATAGAGGGCCTCTCACGTTGTTGTTTCTGAGATATAAGCACTTTCAACCCTCTTATATCGGCCCAAGCGCGGTTTCATGGTGCGCCTAAGTTCCTAACGCGAGAAATCGTGGGTGTAGCCATGCTACGACCTATTCCAGATTATGAGAGAGTGCACTAAATGACGGACTCGCCTACACTGGGCCGCGGAGTAGGTAAGATCCAAAACGCTCCTATTGGCAGTTACGAAGGCTGCTGGTATTAAAGACCCCCGTCCTCGACCTCATAGTGATACACTCGGCGCTTGCCGAATACCTAGCTTTGTTGCCAGTTAAAAAGGAGCACGCGCTGACCTAAGTAATTACGAGAGGTGGCAGATGTGGAGATAAAAATCCCTATCGTCTCTCACATAACGTTTTCCTTAAGCCCCCAAAGGAAACGACTTTTTCCAGCTCTCCAAGGGAGACCATATGGAAGTGACGATCACTGTGATCGCGTGACTTAAGTATGGCGTGCCCAGTAACCGTTAGATCAGGAGGGCGGCATGTGTACATCGATTTTAGCTCGACGAACGCTGCAGCAGCGGCGTCTCCTTCCAGGTCCACTTGATGGTATTGGACTGTCTGAATCCGCGCCCAGCTTCCATTCGGAGTCTTTATTAATGAACGCTTAGAATCAAGCTTACGCTGCAACCTCTCCAAACCCGAGCTATCGTCTAGTCTTGTGGCAATGCGTTTGTGTAACCCCCTCACTCTGCAGCTGTCCTTCTGTCTCAAAAGCCTCTCGTCTAGTCTTGGCTCCTTTGAAGGACATATGACTGTATTTTCATGGTTCCATATAACCCTGACAGAACTACCGCGGCGGCTATCTCCCCGTATCTGATTCTGGTT,1604,49.5,Mus musculus
SEQ_547187,TGCCATTAAGTATGACGGCCATTGAATAGGAGTTGTGCACTTAGCAAAACGGCCCGTGATGTATGCAATTTAGTGATATCTATAACTCATCGTGATTGGGCGCACCCCCCGGATATGTGGTGTTCAAACACCCTCTAGTTGAGCCATTTTCAGCGAAGGATAATTGGGCACAGCCGATTGGGGAATAATCATTGTAAGCCGTAGCATGATCAGCGTGTCATTTTAAATTTGCTCGGCCTTCCAGTGC,247,46.15,Homo sapiens
SEQ_880320,GTGAGGATCCATGCCTCTATGTGACAGACTGGACCGATGTCATCAACACCTGTTTTAGGAGGATCGGTCTACCGAGCTGCTATATGGTTGAGCATTTGTGTAGGGAGAATGTTACAGCAGGTATTTCCGGCCAGTGATCGCGGCCGCCTATTTAATTGGTGACAACGGCGTGGATCCGTCGCGTGCTCAACGAATGCAGGGGGTTACAGCTTTGCGATTTGGCGATACCGTTACAAAACTGACTCTCGTGGGTGTATGATCCGTTTTAAGTGAGCAGATGGATAGGCGCCCACCCTCCGACAGCAGCAAAGAAGTCCTACCCCATTTGCAATATGCCGATGCAGACACCGTCGTATGGTATTAGAGTCGGCAAAACCACGAATTGAAGGTTCGTAGTTGTTTCCTCGTTCAAGAGGGAGTCATAAGGCCATTGTTTCGCGTCGACGTCGACCTCTATTCAGTAACCTAGTATTATCTCACGAGTTATAACCGGATGAAGACCGCCATAGGCAAATACCGTAACGTATACCGCGGCATTTCACAGGTCAACTCAATTCAGGAGTCAACCTATCCTCAAGATGATCAGGGACCGTCAGCGACCTCCCCTTCAGGTATTCCATCCTTGATACCTATCTTGTTGGCTATACACGGCGTCGAGTTTTACTTTGGCCCCAAGGGCTGGTCCGAAAAATTGGGAGCAGCTAACGCGCTAATCATTGCCCGCGCCTATACAAGCTCGGAGCTTTTCGGGCAACGGGTGGACCATCCTCAATGAAAGAGACCCGGTCTTTGACCCGTTCCGATCGTGGAGATACTTAAGGTCTCACCGAACGAAATAAAATGTAGTTACCATTAGAGACACTTGTGACGTCGTACCTGCGCCGAGCGTCGTTAGGCAAACGACGACAGTAAGTTAGGACCACCAGACATTCCTCACAAGAGCAGCGATTAA,952,50.0,Caenorhabditis elegans
SEQ_780600,CCAGTAGAGCCCTGCCATAATAAGAATAACTATGCACTGGCGTGTTACTACTTAAAGAAGGGCAGTGTCGAAGAATGATACTCTCAGCATGGGGGCAATCATGATGACCGGTGACACTGGGAGTGATCAGGTGGGGGAACTTCAAGGGTCTGACCCTATCGTGATGGGAAAAAGTCAGGGCGAACTTGTAGGATTATAAATGAAAATCTGTACTTGCATTCCGGTCCCTTCCGAGGAGTACGTAATCCATTTGCAACATTGGTAGACCATACTGCTTTAATTTAGAGATCGTTGGAGTTATAGATATTCTGGCTTTCGATTTCCGTAGCCTCACAGGCAAAGTACAAAGTTTCTCCCTAGCGATACATAGGGACGTACTCGCGGGCTGAGGGTTAACTGTATGCATCAGCCAAGAATCCCGTCGCCGATACCCATCTCTTCCCACTAAAGCGTTTCTCCCACGGAGCCTCAGGTGTCGAAGCTTAACGGCCCACAACACCCGTTCCCTCCGTTAGGGGTCTACAATAGTTTGCGGCGAAACTATGCGCATTTCTGGACTATAAACAATGCCGTTCCATTCGGGGGACGTAAGATAAGGCGGGTTTTCGGTTAGCGATGGTATCAGTAGAACGGCTGACAGATTGCAGCTGCTGCTTAGTAGACCACCATCGTGCTTGATAGGCTCCCGATGCTCCACCACGCAACTGACTGAATGAAGTCGCCGCCCCACAGGTTGCGGGAGATGCCTAAACCGCTAGTCATTTATCGGTTGTAACCCCCGAAGGCAATACCGTGACTTTACATTATCTATGGAGTTAGGCATACAGACTTGGTCATAGTTGACACGCGTCGAATTTTTTTGCTAAACTAAGCCTAAGAAACTCGAGGATGTCCCAAGAGATCAATTAACACTCAACATTTGGGGGTTGTTAGATGAGGAACCCTTGCGAGACTTGTTTCATACAAGAGACACAGCTGCGTCTTCGTCCCTGTGCATCGTCCGCTTTTTGATCTTCGTGTGATAGACCCTGCAATAAGAGGATCCTCACTCCAACCCAACACTACGTTGGGCGTCTGACGAGGGGGGCTTGA,1092,48.72,Mus musculus
SEQ_993044,ATTTAGTTTTCTGGTTGACCATCTTACTAACTCTGGTCAATAGCTACACGTCTAACATATGAATACCCAGTATCCCGCTGTTATTCCTTGCTAAAAGTGCGGCGGATGGGTGTTTCTTACTTCCTCTAACGCGCGGCAAAAATATAGTGAAACGAAAGTCAGGACTATTTTTTTTATACACCACAATCGTCTGATGCACGTCAAGGTAAAGTGATGCTGGCTCGCCGGCATGGGGGATGCTTATAACTGAGATTGCACTTATAACAATATCTATCGTTGGTTGGCTGGAAATATACTTGTGAGCGACTGACTGGACGTGTATTCACTTCTTCCAAGGCGTCCGTTGTCAGTCACCCGCCGAGGAGGTTTTTTAGCTAGTTATCACACCCAAACTCCAGGGTTCAAGCTGCAGTCTGAAACGCTACGACGAAAGAACGCGTGAATATCGTCCTTTCGAGTAATCCGCAATGCCCGGCTGCTAGAATATGGATCAGGTCAAACCGACATGCGCATTATTAGCTATCGCGGTATAGTTCGACCACGTGGGTGTGACCGCGCTATTCCTTACCCCCGACTCTGGCGAACCGAACAGGAATATGACAACCGTCTTATTGCACGCCAACTTGTCATTACCAGTCCCCTTTGGCTGTCCCGCGGCGGTATGACTCCCCCGGTATAACGACCACTAATTCCAACGATGAGTGTACGAAAATTCTAACTTTCCCTAAGGCGTCGCTGCCCCGACAAGCTAATGACTAGGACTGTAAAGGTATTCTGATGACCCTAGTTATCGCCTCTTCTCAAGGCGTGCGTCTTTCTATACCGGAATCGGGCCTAGAGTCACCAAAGCGGTCGCCATTATACAAGATTCCTTTTGCTGCCGAGTCTCACTATAGGGGACACCGGGACTAAAGGCCCGTCTGTCCCAGCTCAGCCCCGCCCGGGAGTCGCGGTTATAACTGCAGTGGATGTCCGACGTCACAAGATTCAGTCCGTAGTCTCTTTACCCTTTATGCTTTGCTTCGAGTGCAACTCCCTTATAATAGTCCTCATAATCGCTCAATAAAGGTGGAGACCGCATAGTTAACTGTGTTCTTACCGTTCCCATATATCTGCTGGACCTACTATATCACGTATGCCGTGAAGAGCTGGCGTCTATCGTGCAGCTGTACAGGCATCATTTGCTAGCCATCTGAAGAAGTCTGCGTTTTCTCGGGTCTGCGGTCGGTTCCGCGCTGTACTCACTCGATTGGTTCTGTCCTGGGGTCTCTGTCAGTGATTCGCTCTGACAATGTATCCCTCTTATACTCATCAAAAATCTATAAGTATCCTAGCAGTAGA,1341,48.4,Drosophila melanogaster
SEQ_922489,TTATGGCGGTAGAAGGAGGGGTATCAACTGTCGAATGAGTCTCCCCACATCATGAATGGTTCTCATCTAGAGTCACCCGGTCTAAGTCCAATAGGACTATGCTCAGGATTGACTCGTAAGATAGAGGCTCAGAAAGCCCGGACGCGAAGCAGGCTGCTCTGCGCAAACTCGCGTTGACGCTTTGTTCAAAAGGTTGCAAGACACTTTCTGTAACGTGTATCCTCTGATTGAGTTATGAATGCGGCCGATCGCGATGGGAAGTTACTGGGGACCTCGGGTTAGACTTTGTCGAATCTCTGCAAACTACTCACATACGCTCTGGCATAACCCACGCCAAAGTGGGTTGCTATTACAAGCGTATGGACGTTCGGGGCAAAGCCTACGAGCCAGCGTGAACAGGCGGAGACTGTTGGTGCAAGGTCCCAGTTCAGTGGCCTTTGACAACGGCAGAACGCCGGTGGCCAGATCGGATGATAGAATTCTAAGGCCTAGACCCGGCTCCCCGCAATCGCTCGTCGGTGTCGAAGCCTTATAAAGTAAGAGTCGAGCGCACGCCCTCTATCGCTGCTACAGAACGAAACTCTGACAGAAGTAATCGCTAGCAGCGAAGCACTATCCGCCTGGCAATACGAGTTCCACGCACTCGGCTGAA,652,52.61,Mus musculus
SEQ_980190,GATCTTAACTTTTCGGGCCACCGCCTTTCCCGATAGCTAATCCTAGTGTATTTGGGTTGGTCCTAGGTTGATCTGCACTCACTCACGCCCATGACATTCCGGGGGGAATTATCTTGGAGTTGTGCCTCGGCGTTCCCTTAAGGGCCGGTTCTTTGATTGCCTTAGAAGTCTCACCATAACTACTCTTTAGAACATCTTCTATTCTCCCCTGAAAGGTATGTAAGGTCACGGCAGTTCGACGCTGTCCTTTGCGAAAATGCTCCTGTAAAAATATTCGTGGGGTACCATGGTAATGCTTTGGACCCAGCACACCCTGTATGTTAGTAATTAAGCACCTACAGTCCGGCCAAGTTAAACTACCTAGAGTTTCTTTACGTCAAACGCTACTAAGCCTCTGTTTTGCTGTATAGGATTAGTGACATAACTGCACCCCCAACCTAGTCGTATTCACAAAAGCTCTGGCGGTCATCATCGTCAACCAATTGACATAGAAAGCTTGGGCCGGGGGGATAGGGCAATGAGCTACTTTACCAGCTCGGGGGCGACCCTCGTTGTA,556,48.02,Saccharomyces cerevisiae
SEQ_273189,TTATATTCAATCAAGATAAGGTAAATCTTGCGCCGGCCCTAAAACCCGAGTTGAGCTTCTGCAAAGCGGTTTAGTCGTGAGGGGGGGAACTGTTGGGCGCCAGACTTACCGCTCCCGGGTAACGGGTACAACCCTATGTGGAATTGAGAACTTTTTTTACAGTGTCGGCAAAAGTACGGATCTTTTTGATCCCGCTCTTTTATAGCTAGAACAAAAGCCGTGATCGAATGAAACGGTACTACAATACGAGGCTAGGATCAACGTGTCCAGAGCGTTCA,278,47.12,Drosophila melanogaster
SEQ_385077,ACTGGGTCAACTGTGTGACAAAGGGTTTGGGAACGCTCTATAACGGAATCGAATCCAGTCCAGAGCAGGAGCTATATCATTATGTTTAGCTTTACGTACATTAACGACTATAACTGGTACATGTCGCCTCCAAATTCGCAGGGACGGTACGCAGCAAAGGCTAGGCTCATTCTGGAGAAAGATATACGTTTTGGACGCTGTAACCCCCTGTTGCCGATTCTAGGAGCATTTAAGGCTCTCGGGGGGCCGCACTTATGTCACTCCCTCATTATTTATGAAGCGTGTCCTATATATCAGACGCAGATTGCTAAGAGCCAGGTAGACTTCCGGTCTGGGCTGTAGCCTATTTATTCACCGACGAGAGCGCCATATCCGGCATCTAGTGGGCGATCGTCTTCAAGAGCGATTGACGGAAGTTCTATGCCAGAGCCAATCGCACTATGGAGCCGTAGGCTGTCAAACCTGTTGCACCCACAATCCCGAAGGACGACAGCTCGCGTGCCATAAACCATCTCGCCCTCAATCACGTTAGTACACCGAACGTGCCTGATAACCTGCCCTTATGCTTCGGAAACGACCCCTCATGTGATGTCGCGTGCAATTCGAAACCTCCGAGGTGGACGCGGCCCATAGCTCCAGCCCCGCGTACAAGGATGTTTCTTTGGTCGACCGTTCACGGTCCCAAAGAACTCGCACGAAGTCTGAACCATGTATCAAGTATTGCTTCCCATATGCTGACCTGTTCACATTCTCCGGGGCGATTCGAGATCCTGAAGGACTTGGTGGACTACATGACCAAAAGTGCACGGAGGATGTGGCTACTTACAGGAGGTGATGAACTGAGTCTCCCTTGTTCTAGACTAGGTAGGCGTGCTGGGTTATTGGCCTTGCAGGCTAAAGGGATTCGATAAACCATGAACGACAACATTCATTTCGCAGGTGCATATCGCACACTCATTGTTCGCCAGAATAGACGGATCTCATCGTTCCGGCCGCGACTTAGGATCCTTCTTTGCGTCATTAGTGTAGAGCGTTTTCGCAGAGCCTGCAATCGTTCAGTCGCGGCAGAA,1070,50.84,Saccharomyces cerevisiae
SEQ_432583,GGCATGATATCGTAAGGGTCAATTTACGCCACCTGCTACTTAAGAGTATCAGTGCTCGAACACCGCTCTGGTTGTTCCATCGTGACTAGGGCGTATCAACGAATCCCTAATCCAGCTCGGATTCAGGTAGGTCAGGGGCAGGCAGGACCCGACTTTACCTATAGACGGTGGCTCGAAGATGTAGCAGTACTAGTTGACGGCTTACGCTAATGTTGTAATTATGCGGACGACGACAGAAGTGCAATTCTTAGTACGGTTCATGGGAAAGAAAACACTCGCACGTATTAGCAGAAAAGATGTCCGAACTTGTCTTCATAATAGCGCATTGAATAGTTACCTAATGCTTGGCAATTTGCACTTCAATGCGTTGGGAGGGATGATAGATCTCGAGACACGCCAACTTGACCTGGACGCTCCAGACACTTCACTACGTCGGCTCGGTTTGGGCCAGTGCCCGCGGATCTGCGCCTGGTTACCGATAGTTGCAATTGGTCCCCGGGGGGCGTACAGAATGTCTATACCTGACGGTCCGGGCATTGTGAAAGGTAGAACTGCTATTTAACTAACGCCATTCCATCAGTTTACCAGAAAATCAACATTGGCTGACATCAGGTCGGGAGACAGTTTCACTTATGCGGTGTAGCGGGTCCAGGTTATGGGGTTGGCGGGACTTGGAGGGTGAACTTCTAATAACCCCTGACTTTGACGTATTTGACCAGCAGCACGAACGCACCGTTGCACCGTCAC,747,50.07,Arabidopsis thaliana
SEQ_907166,TGGACATACATCGACACACGAGCCAAGATAAACCACACTCGGGGATCTCCGAACCCCCAGCCCTGTAGGAGCGAATAATTTCATCGCACCGACTAGAATATCGCTTCTAAGTACGTAACAGCGCCCTAGATGTCTATGCAGCCTCACGACGTTGTTCTTGGTCCGCGGGGGCTATATGTAATCAGTTGCTTGATTCTGCCCAAAAAGACTGAAGTAGTGCAAATGCAAACGTGCGGTGGGTGGCAGGCCGCATATGATTAGGTACAGAGCGTCTAGGTCGTACGTTCGTGGGCCTTGAGATGCTCCGGCAGGTGGAACTCTAAAGTTTTGATCTGGTATGGTATTTCTTTTCATTTGGCAATTACAGCTAGCCCTCAGTTAATTCTTCCAGAGTGCTGGCCTCTCATGGGACAAGGCTCTTAGGGGGATTTTAAAACGGGATGGGATAGACGAGGAGGGGCACGCTAGCATGTATATCAGGACTATCTGTCTAGTCGGAAGCTTGGAACATA,512,49.41,Escherichia coli
SEQ_768780,TACTGAGTAGCGGCCCCAATCTGTTGGATTCTAGTCATCTGACGCTTTTAACGCTATAAGCCAAACATACCCCAAGTCACTGACGTAAAACTACGTACTTACGTGGACCTATCCCCACTCGGGTATGTCTAAG,133,46.62,Homo sapiens
SEQ_785472,CAGCATAGAGAATGGGTCCAGCCTCTTCCAGAGAGCGTCTTGGTGAGTCGCGAGGCGTGATACAAAATGGACCGCGGAAAGAGCTATCTTAACTTTAGGGTGCTGGCGGTTCTGATTTCTGTCCGGGAGCTGTCACCAGGATCCGTTAACGCGTTCGTAAACCGCAAAGATGCTTTTATTCTCCAATACGGCGAACAAGACGTACGCTCGCGTGAAACACTGGGATCGGGATCTTGGGGGGAACTTAAGGTTACGCACTATCCGCAAGGCAACCCTAGAGATGACTGCACAAGGCTTACGGGGCAGCGCTCCCTCGACTCCTCATCGCAGCTAAACCCGCTTCGCCTAGCATAGAACACATTGCCATATGCCAGTAAAGATAGCTGTAATTGAACCACGTATTAAGATGACCGAGAAAACTTCGTTAAAATTTCACCTAGCGTGATTAATGTCCGGTGTAGTAGCGATCAGTTTCGGCTCTTGAAATCGGGGGCTGACGCGCAGTTAACTCCATCGGAGCATTCTTGGGTATCGTTCATACGTCTGCTAGGTAGTTGTCCTTCCTGAGTGACGACGCTACCTTTCATTTAGGCTTCTCTCCATACTGTTGAATAGCATGCTTAGAAGTGTCACGTCGGTCGCTTCACGATGCTCAGAAATCCACGAGGTATACATTTTCCTGTAAACCAAATTCACGTGGTCTCGCCGCATTGGTTAT,718,49.44,Escherichia coli
SEQ_969622,CATTGAAACGGGGAAGTGATAGCTACTACGCTCTCCATTCGACCTGAAGCGGGGATTGTTGCACAGTCGGTAGTTCAAAGTCGTATGTACTCCTATCTAGCGCAAGAAGTGTTTAGGTAATTCGTAAACCCGGCGTCAGAGTACACTACCGGTAAATGACACGGTCTCTGTTTATTGATCTGGTCTATTCCAAATTCCATACCTATAAACACCTGATGTGCATGATGGGACGCAAGGAACCGCTTCACTGAGAGCCCAAATAGATCAGCGGTCGTCCTTGCCAGTGACTCTCTCAAACATCTTGGAAGCTGCATCTCCGCCCGCGAGTGCTCTCCGCGACGAGAATACCGGGATGTACCGATACCAATAAATGAGTCGAATGAGCGCGATGTTTGTATCCGGGTCTATGGTACGCCCGAATTGCCAAACAATCTTACTCTTTCTCCTAGCATCCTGAGGTCGGGGCATTGCACGCACTATCAGGCCTTCCCACACGGGCTATTGCCACATACTCCCCTACCAACACAATAACCATGGCGCCGTATCGTCATACCATGACTCCACACCGCCTGTCAGCATAGACAAGCTTTCCTACGCGTAAAGGGAACCGGTCGGTGCAATAACCGGATTCCGTTACGATTTCTTAACCAGCATAAATAGTCGGATCACTACATCACACGGCCAGGTGTATAGGGCATCGTCGATTGCCACCAATTGAGCCGAACATAGCTAGGTCCATGTGCCCGGACGAAGGTTTCTGTCAGACCGGCCCTATAATGGCACCTTACAGGGAGGTTAGGCGCCGCCTACTGGAGGACCATTATAGGGCGGTTAACCCAGAAGCCAGTCGCCACACGGTTAGAGATGTGAAATACCGGTAACGAATCTCTCATACTTCCTGGCATAAACAGGGAGTAGACCCCATAAGCGTTAGGTGTGAGTCATTCTGTTTGGAGGAATGTCAATAATAAAAACAAATCATTTGTCGTGTTAGTCTGGATTAGGCACTCCAAGACTACGCTTCATGACAGTCGCGTCAGTTGTCATTCTGAAATCTAGCTCCCCAAGTTAAAGGTAAGAAGCCAGCCTGGCTCGCGGGTTCTCCAACAGTTGTGCTCAGAGTTCTGTAGTGGTACAGATGGAGGCGCGGGCAGTTGAGTGGATGCTAACCGTGCTATGCTAGCTATTTAACTTCAAAACGGAAGGACGCAGGCTCATATCGTTCAGAGTTGTATCGCAACTATTTCACTAGGCGCCCCGAATGCGTTGAAGCCGCCACCTCGTCTGAGGCTTTTCACTACGTAGGCGAGCGCTCCGGAACCCTCAAATTCCGAGTACTCATGATGCCATTCTAGATCAAGTGATCGCCTTGAAGGCTAGGGGAATCTCCCAGCACTTATACTACCCGTACACCTTCCGACGCGGGAGACGAGATATGGTATGACAAATAAGATTGTGAATAAGTTGTGTGGTACTTGACGTACGAAGGCGTCGACCTAGAAATCTAACGTGCTAGCAGATTCCATAAGTCTACTGTAGGAATGCTAGGGCCGCGTCCACCCGTGCGTATCTGTCGCGGGCTTTCATGCTCGTCTGTGAAACGGGAGCTCTACATCGTTAGTCTAGCTAATCATCCCCTATGCCGCGTTGCCGTGCAGTCGTTACCGATGCGAACCTTGTGCGCACCGG,1689,50.38,Mus musculus
SEQ_620911,TAAAGGATCTGGTGATATTGTAAAAGACCAATTGTAGGCGATGTTGTTACACACATAAGGCGAGCGACGGCAGCCGATTTGGACTGCAACACAACGTGCTCGCCAAATCTAGCCGCTGAAGTACTCAACAGGGATAACTGTGCTAATAATCGTTCGGAGCTATTACTAACATAGCAAGCTTTCAAGTAAGTTAATCTTCTAAGATAGATGCGAGGGCCGTAGGCTGTCCGATCCCCCCGCAATGATCGCACAGGGGCCGTTACCCTTCGATCTCAACTGCCTCGCTCGGGAACTGGGTTGTGGTCCCCCTCATAGCACATAAAGTTGGTCTGCATTGACTTACACCCGGTATTGCTTATAAGCAGAAACTTCTGAAACTTGGTAAGCCCAGTGTCCGTCAAGCCACGGTCTATGGTAGCGAATTCCTACGTTGATGCAGGGTTTAAGTTGCCCAGCACCGGCCAGCTACCACTCTAGAGTAGGTTGCCGTTAAGTTATGGGCAGTGTGCTACGTATTTCTCTCCTTATCAGTTGGGTAGAATACTTCGCCAGCGCCTACGTTCGAGTGCGTTCAGTTCATTGGACGTAGGAATAGCGGCCGCTTTTCCGGACAACTGCGTCTCATCACGATCTCAGGGTTGTTGTGCTATCCCGCGTGTCCAGTATAGCGGCATATTCTAACATTTATGGGTCCATAACAGAAGAGGCACCACATTCCTATCGATTCGATGTAAAAAAGCCAGTTTCGACGGCCCCCTGCCGGTACCTGCTTTCGGGTCTGCATACCTTCTCATTATACCAACGACGTCTGATGGAGTACTAGGGATAAACGTCTGTCGCCACCTTATCCCACTCCCAAAGCCCGAATGAATAAGGGAGCAACAGGGCAGCTAGTTGTTACGGTGGATTGCTTGGTGTCCGGTCGCCTGTGTGTGGAGGCTCGAGGCCAGCCTCTTCCATCTTGAGTATCGAGTGAAAGGAGTTGTAACGTCATTACAGACCTGTCAGTAGATGCCCGGTAAAGTCGAGAGATTCTGTAAGATCGACTTCCCATTCTGAAGTTTCACTAGTCGGATGCTTCGGAAGTTTGGCGCGTTGGGGGGCGTTCATATAATAGGAATACTTTTAAAGATGAACAGTCGTAGATACTCGCAGAGTTACCTCCCCTGTATTCCAGACGCCTTGGTGGGGATCGTGACTTCTGGTGCCGATCATCGTAGCTCCGCTGCCTGCCTGATTGGTGCAATGTTCTGTATGCGGACTGCGCAAGAAATGAAGGGGAGTTCAGGTACATGCGCATTATGGTCCGCCACGCGAATTACATCTGCGTATCACGATGCTCGGTATTCCTAGAAGAAGTTTCCTCATCAGGACAATCGATAGATCGGGGTCACCGGGCAATTTTTTTGTTGTGGCCGTGCTTACGTGTATTCTTTGATCCGACGCAGTCTTTACGCAAAACGACTGTGTTTTTACAGGAAAACCTTCCCCAAATCATTTGGCGTGTGCCCCTACCTAGCCTGAAGCGGACGATTCTACCTGGTACGTTAGGCATTGGCCCTACTTCATGTCGTCGTAACGAGCCGCCATGCTACATCACCTTCGGTTGATCATTGCAGAAAACTCTTGTCTTAAGGTTCCCGCGGCTGAAAGAGGTCTCCGGCACCCATTGTCGCGGAATTGTGCCGCTGTAGTACGTCCGGTATGCATAACCCGGGGCCACCTTACAGCGTTCACTCATGGTTCGGCCCTTAACGGCCGTTCCTTAGAGAATACCACGTGTATACGCGTGGTAATTCGTCCAGTCCCGCACTGTCTACTAGGCACAGCGGGTTAGAGCCAAGGATCTGCGCTGGTGCCTAGCAGTGAAGAGCGTCTTCTTTTCTCAACCGAATCG,1897,50.5,Arabidopsis thaliana
SEQ_791610,TGACCTGAAGTCATCCAGCAACTAAGGCGTGGCCGCACGATGTGGCGACCCTAGTCGCCATTTGTAGGTGCAAATACGCACAATTGGCCTAACAACAAATATCGAAGACATAGTTCGACCCCCATCACCGCGTCTTATCAGAATTACGGGAATATCTAGGATCGGGAGCGGGCGCCACTTCCGTGTCGAGTGACTATCTATGGTAAACCATTACTGCCGGAAATAAGTCCTGCTGAATCACTTACTTACTGAAGGTTACGATGCAGGTCCCGTTGACGGATACCCAGCCTAGTCGTTGACCGAGCTGTTACTGTCTGAGCGTCAATCAAACAGTGAGATCCCCAAGTATTAATTCGAACGCTAATATGCCTTGACGTCGCAACACCTATTTAGTTGAGACCCTTCTACTTTCCGATAGGCTTCCATCACGCTGGTTGATCGCCAGCTATTACCATCCGTACCCTAGCAGTTAAGTGGCGACATGCATCACGGTTCGGTTGCTACATACTTGAATATTTGTAACCGTGTCAATGGTCTAGTTGCAGAACACGGTTAGAGTCTTACGGAAATACTGCGATGTGTGAGAGCCGCAGTGTGCTAACCGAGGGTCCAGCAGGCTTAAATGCGAGCCCTTGGGAACTTGCCGGGTGTCTTTAGCACAGGAGATCGCCGCGCGGGAAGGGGTTGGTAACCCATACACTGCCGGCCTGATTCACCGATTACCGACTGTCTAGCGAGGCGGGCTCCGTCCTTGCATCCGTTCGCACATGTCAGCTCCTAAAAAATGCTGTAGTTCTCAGCTACGGGGGTTCACGATGTCTCTTCATGTTTCATCACACGCGATACTAGAGATTTTACCGGACCTACTTATCGGCTCTCTGGAGTTCGGCGAGCGTTCAACTTCGTTGGCCTATGTCAATAAAGCCGGTGATCAGTGGCTTGCTTAAAATCAAAAAAAGTAGTGTACTCCTCTTGCATCCTGCAGACCTTTCAGTGCGTAGTTCGGCCCGCACAGCTTTGCTGACGTATCTCGGGTAGCATGCTAGTGACCTACGCCCATCTTGGTTACATCGTGCCATGAGCTGGTTCACTCCCACTGAGGGAAGCACCGACGGACCATGGAGCGCGCAAGTACTTAGTGTGGAGTCGTTCCATGATTATCAACTTCCTTCATGGTTAGGTTAAGTTAAAGAAAGAGCGTCTACCCAGGTAGAAGCCACGATCGGGCAGATAATGGTGTAATTAATCTGTTGTTTGTCTTCTGTCGTTGATAGACTTGCGGGCGGATACACCTGGTGATCACCGTACAGAATTGCTGCCTTTTAGAGAGCGAATTCCCCACCACGAACAGAGGGACAATTGCCGTGGGTGTTGCTTCATCGATCGGTTTGGTCTTGTGTGCGTTACGGCGCCTAGGCAACCTGACCCATAGGCAATTCCGGACTCAACGCCAAGGCTGGGAGACCTTAAGTCAGGAATCGCGAGCGGAACTTTGTTGCAAAACGTGTTTGAGCACGCTGAGGTGGTAATAGGGGTGCTATGTTAGGCCAAATTATCCTGCCTAAATTGAGGGGAATGGAATATAGGTGTTACCTGAACCTCTAAGTTCTAACCATAGCTGGCTGATCGCCGCATTTCGACCAAGTGTGTTTAACTAAATGATAGTGGGGCACTAACCGCATGCACCCCTATATTCGGTGCTCGGCGTGACCTTCCAATCCGTGAATAACTGCTCAACCCATAGGAGATATAATAAGCCACCTCGGGTCTGCTAGGAGCCCGGTAGGTTAAGCGACAGGGGTATGGTGT,1809,50.25,Arabidopsis thaliana
SEQ_985401,TTAGCAAACCACGCGGCACACTTATAATCGTGAAAATGGTTCGGTCAAGTCCAAATATCCAGGCGCTGATCATGGTGCATAAACGATAGCTAACGGCCGTTTAGATCGGACGCGACACACTAGGATCTAACTTCTATTTTTTTTTTTAGGTCCGCTCCTCACCGATGGTATGACCCGACACTAACTGCGTCATGGACAAAAACTGGCCGTTCCCGGTTTGATGACGGAGGCTGTCTGCTTCAACCCTGGGAAGCGGTTAGTTCTCTCAACCGCCGATCTGGGATCATCCCTGCCCATCCGGGTTGTATTCACAGCGTCTTACCAGGCGATTCCCTGGCTAGCTGGCTGAGAGAGGAGGTTCGTAGAATGCAGTCCGGACTGTCTATCACTGGGTCTGAACGGAGGAGATGATGCTGGATGGATATTCCACCACATCCTTGAGCTACTCTTCCGTAAGTGTGGGATCAAGACGTAATTTTATGGGAGCCTCCTCCTCGAGCCCATAAGAGATTTTCGACATCTGGCATAATATAGGCAGAGTCCAGGCACACCCGCCGGTTGCATTTGCATAGCACTATTGTGAATACTGCATTGGTGTATAGTTACTCTGGGGGACTGTCGGTCTACATACTCCCGAGGCAACACATACACTCCTAAAGGGCTATTCCTAAGAGCGTGACGTGGACCGTGATTAATGCCTGTGTGCATAAATCGCTGCCAATTGCTCGCACTAGTCGTCTCAAGACCCAACTATGTATTAAGCAAACTGCTAAGCTTCCGGTTCCAAGCTGCAGATTGGGTTTCCTGGAACACACGATCGACTGAATGCTATGTACTAGGCACGCTCAGGGGTGCAAGGTTGCACCTCAATTACAGTCCTTTCAGGCGCCCGCTTTATTAATCCACTCGTCGTTCTCAGCATAACCCCGCTGAAAGTGCAGCCCTCCCACAGTTATGCACTCTAACTTGCGTCCGCGTTTCTGCATGCACCACGATGCCGGAGTTGGTCGGAAAGCCCTGGTCGATGTCACGTCAAGCGGTCCTTAGGAAAAAAGCGAACTAAAGGCCAGAGGAGTCGTAACACGGAATTGTGGGTGTCGCACAAGGGGTCCCCGCAAGATACCGTTATTTGGGATATGATAAACAGCCCACTTGCAATTTCCACCATTGGTCGTGCTCTGTTGAAGCACCTATCGGAATCTACGCGACCTGTTCTAAGTCCTTTTCACCACACGGGACCCAAAGAGAACACAACCGATGCATGATACTGATAGTTATCAAGCTTCCCAAGTTCAGTTGATCTTCTGTGCCCCACTTCACGCCTACATCTAATAGTTATGACTGGAACGCGGCAGTGCTCGACTAACCTATTATTTTGCTGGCTCACTTGAACACGTCAGCGGTATG,1407,50.04,Caenorhabditis elegans
SEQ_396921,GAGAGTGTGGCCTCAGTTGAAAGCCTACACGAAATATAGCGTGGAGGTTACAGCGCCTTCAGGTCATGTCACAGTCAGCTCATACCTGCCTGTGTTTCGTTATCCCAGTAGAGACCGGGCTGGGTCCTCCCATATATGCCTGAGTGGTACAACATGGGCCAACTAACAGGCGGCAAGTCCACCAACCTGACGAATTTCCCAGTCTGATTTGCTTTGCGCTCGTCCCCGTGAGCATGAACGAACCGTGAAGGTCTGTCAGTCCGGAACTAGCTTTCGTCCATCTCACATCCGCGCTCGGGTCATAAAGTCGGGAGTGGCAAGAAGTAGGTGGGTCTCCACACGACAGCGCAAAAACCTACGGATTTCGTTCCCGTTTAGACGTCCGGGAACAATCTTCGGTTCCTAGTTTGAGAATTGCCCGTCTTTAGATAGATGTCAGATGTGCAAATTGCGAGATGGCCTTAGCACTTCGCCTGTGTGGAGCGCAGACAGACAAAGAGTAGGTTATTTATCTAGGTGACACACAGGTGAAGGAACATGATCTACAGTCTGGAGTTGGCGTAGGGATAGATGTGTCCCTGGACACGCTTTCTTGCCCTCTGCGCAACCGTAGCGGTTTATGTGTCATCTAACCCTGCGGCAGACGTGCAGGAGAGCGTAGGAATTTCAATGTTTATACTATCTTGCCGTTAGTTGTGCTCGCCGGCTAAAAGCGGTTAGGTTATTAGTAGTAACCACTCGTGGACACTGCTGGGAGGTTGGTGCGCAAATACCGAGCTCCCCTGATCTTGGATGTTCGTGGTTAAGCCGCACTTACAGGCCTCTGGATGCTTGTTCATAATAGTCTGCGATCGGGAAAGCCTCGAGGGTCGCACGCTCTATGCTCAGTCAATATTGCCAGCATTCCCCTTATTACCCATCCGGTGAAGAAGTGATCCTTTTGGCGGGTCTTTTCCAAGTCGATTACAGTAGTATGCTTGCTGGCCAAGCGGAAATCCGTGGTGAAGTAAGTTGGGGGTTCGAACGGGCGAACAAGAGCGCTCCTACGTCGGACTCCGACATTACTGTGCGCGATATTGTCCAGCGGGCATTACTATGATCTCGCGAGTATCGCTAGAAAGAATGGATGAAAACGATGTTCCTTAAGCATCTGCAGTGACCCGTACTAGGTCAGTCCCCTCAATACAGGTTTAAAGACATCGCTATTCCGCTCAGTTATATATACCGACGTAATAAACAATTCTCTGTATACTTGACGCCCATCCGCAAATAGCAGACCTGCTCTTAAGCGTCGACACTGCGTCGGCTTCACCGGAGCTATTGAGCACGACCATGAAGAGATTTTTACCTGAAAGTGCTGTAGGCAGTGGCCCAGTACTATGCCGGGCGGGCCTTATCGCGGGGTGGAGAAACATTTATTGAATGGGGACCCCCTAACGTCCATTACTTCGTTATCTCGGTTTCTAAATGGAACTTCTCTTCTGTAAAGGTGAACGCCTTCAGCGCCAACCTGGAATTGTGAAACTCGATGAAAGCTCCACAGCCCTCTTATTGCTTTCGCATGGAGCGAGGATGAGTCCTTTCTCAAATAGGAGTGGTTGGCGACACGACTGACCCCCGGGGTTGTATCATCTCGAAAGGGGCACAATCTCTACTTCGGCTGGGACACTCGTCATCTGGGGAACGTCCCAGTAGGGATAACGCCACATCATGCTCTCACCTGCTAGGCGAGAGACATCTTAGGTCAAGAATACAGATTACCGATTCAGTACTCTTAGCGGGAACCTATCTGCCTGGAATAATTCGTCTTTGGCACGGAGGTCACTTAATCTCGATGAACTTCTCACGAACAGACTTTTAGTGATTTTCCTAAGCCGCTGCTCCACGGAGAGGTCACGTGTCTTTAATTTGGACTATCGGATGCGAGCGGGGGAAGGAAATACCACTTCGTAAA,1954,50.31,Drosophila melanogaster
SEQ_233300,GCCGCAACTAGTTTAGTGGACAATATATGGCACCTAACCAGTACTTTTCAGGGCTAACGCTGCGCAGCGCAAACGTGGCGTGAGGAGAACCGTTGTTCCAATTCGACTGCGAGTCGATATTAGTAACTGATCGCATAGTCTTTCCTTGACCCTCGGCTTACGTCTTCAAATTTATATCCCTCACCTGGAGTTTTTAGCTGTGTAAAATTGGAACCATCTTGGCAGTGACTGGGCAATACACTCCCAGCTCCAACCTCCGGATGAGTTCTCGGTTGCGGACCTGTCTCAAGCTTCTATCCCAGAACCCCCTTGAGTCAAAAGGAAGGATAAAAGCGAGACGCGAGTTCCATTTTATTCTGCATGAGGAGTTTATGTAGATCTCTATATCATAATAACTTCACCTACCGCATATGCGGACACCATGCACGGTAAACGGCTCGGTTTCCTTGCCATTTCTATCCTCGGGGTCTGTACCCGGTATGAACGTACTTTGTCGGTGTGTTTAAACGGATCATAGTTGAACCTTGCCGAAGCCAGTCAAGCAACCAAGTCTCTCCCGTCAGCTAAGTGGCCATTACCAGAATGTTATCCTGTGGGAGGTTGTACGAGCTTAGAGTTGAACCTAACTTGTATCCATACAGCCGAATCAATTTGCTAAGAATGTGGCGATGTAGTCGGTTTTACCGCACTCTGTCTAGCTGTTTAGTAGATTAAAAAACGCGCACCCAGTATTAAGGATTAGGTGTGCGCCAGATCCCAACGCTGAGCGGCTGCGAGGGGATGCTAATTCCCCACGAGCACGGAAGTATTTTAATCATTCGGCCAGACGGCGCCGGAAGAGTTGCAGTATATCCCTTCCAACCGACGCGTTAGCCTATTTTTATTGCATTATATATGCGTTGCGCCAGCGAGGAACAACTGGTGATACAAGATAAGCGGCATTGGCAAGCGTTCGTATTCCAGAGGTCCCGTTGGTGTGTCATGTTATTAACAGTCTGGGTCAGGCCTGTTTAAAGTGCCTCTGAACCGGAGTAATCAACCAGATTCGGCCATCGAGAATCCTCGCTCCGGCATCATTATGTTGGAGGCATTACTGCAGTCGGCAGGAACTCGGATTCCTTGCCGAACTTTGAATCGTTAGGTTCAATCCTGGTTGGGTGAGGCATGAGTTAACTTGCACTTGAGAGTCTTCGTGGGCAGGGAATGGGCAGCAACCAATGGAGTAAGGCCGACGAGGTACTGCGATTGACTTAATTACACAGTGAGCTAATTGAGCGATGGTGCGGCGCAGAATGTCTAGTACATCAAAAAACCGAGACCCGGCTGCAGTTCTTATTATGTCTGTAACATCCGTGCTCCAACACCCTAGGCTCGAAAGTGTGAATATACGGGTTACCGTGCGGATTGCGTGAAAGACGACAATCGCAACAACAAAGGTTGCTTCAAAAACTCTGGCGGCCGCGTGTTCATTTCTGACGATGACAGTGTTGCGAGATGCGGCAGATCAGGTGATACAGATAGCCATTCCCTTTGCTAACAACATTTGAGATGTCTGCCTACTCTGCCCCAAGCCCAAATAACTAGCCAATTGAACAATCCAACCTCATGTGGTAAAAACTGATGACCACAAGGAGATGATGAGGCGAAACGGCACGTTGCACCTCTGGAACCTTCGGGTTGCTAACTACATCCATCAGTAACCCATGATTGCGTACGATTAGTCCACATTTGCTGGAATTGGGGTTGGCCTTCCTCCCCGCCAAGCTATATGCGCCTAGCGAGTATCCATGGTGGTCACCGTATTCACCTACCTGTGATCCCTG,1823,48.66,Drosophila melanogaster
SEQ_301511,AGCCGTCCCTGGTAACCGTCTGAACGCTGACAACGACTGCGAAAAAAGGTAGTAGATTCCGGAACATTGAATGGAACCGTCCCCTTCTCTCTGGTCAGACACTGTCATAACGTTGCAAGTTCAATGTCGCATGAGACTCGGGATTTCCCTAGGCCCCCCCATCCAACGCAGCGGACCTTGATCCTGGTCGTGTCTTCGTGAAATAGTTACTACCGCCTAAGGCGAGCATCGTGTTGCATACGGTTGTGCAGATACCGTTTGCCCGAACGGCACGTCCCATTTGAGCAAATTTATAATAGTATTGTATCTGAGTCGTCGTCATTTCGTTCAGCGGTATACTCTGGGTTCATCTGTCGGCGGTCAACTTTCTGGGTTATGGACATGACCGGCAGGCGCCAGACACTATCCATTATAATTTGCCGAAATGAAGGGTAGTTTTGGTCGCATGGGGTTGACCTGGGGCTTGGTTTAAACAAGGCAGCTAACATAACGGGTATTGTAGCTAGAACAAGAGACTAGACACTAGCTCGTGATGTACGGATGGTCTAAGTCGAGGCCGTGATATGGACCGTTAGTTCAGGGCTAGTGTGCGAACGAGATACGTAGTAAAATAATTCAGGGTCATGGGTAATACCTAATGTTCCTACATCGAGGTCGGATGTGTCACCACGCGTGTACAAATCATGCCGCACACCACATCTTTCAAAAGCATTGCTGCTTGGTACGCCCCTGCAGTCCGTTGGCCAAAGGACGCTCTGACGTGCAATGCTCCTGTCTCGCTCAAGCTCGCACTGGCCACGATCATCTACAACACCGACAGCTGTAGAGTCGTGCTATTCTCAGTCATGTGTGGAGCATCTATGGTCTGCGGGCCCCAGTGTGACCCACCGGTTTACGTTCCTGCAGGCGTCGTACGAAAATTGAATGGACTCTCTAATATTCCTAGTATCTATTATGAGCACGAGAGCTTTTCGAGTTGTCTCAACCGGGCCATGTTGAATTCGTACCGTTAATGCAGCCCCTTAATTGCGG,1032,50.0,Drosophila melanogaster
SEQ_169755,AGTAGCTAGTCTGCTAACTTAAGAACGCTATAGCTGGTATCGTTCACTCTAAACGCTCCACAATTTGTGTCATGTGTAACTCTGATTTGGCACTCTGTAGACCCTACGCTACCATGAAACGTTGGACTTAACTGAGCTCCCGCAAGTGCACCTCGCTGGGAGGAGTTCCGAGTCGTTACGTTGGTCGTTCGGATGAGGAGACTGTCTCCTTGAGAAAGAACGGGTCGCTGCCTAAGAAAAGTTTAACTGAGGTTCACCCACACTACATGATTGTGTAACCACCGTAGGCACCCGATACAAATGGCCTTATATATTGAGCACTTAGCTACAAAAAATCAAAAATATAGCCACGTAAGTTAGAGCCCCTCTGTTTCTGGGAGTCTACTGCCCTGTATTATAGGACGAGCATGATCAAAAGGACTGAGAGCACGCTCGAGATTTTTGAACTGCCCAAGTAGACACAGACTCGGGAACTTTCCGAACACGATACGCCGTACCCCTCTCCGCCTTATTTTCGTTGACAACTAGCTTACAGGGGATTTATGGCTCTATGTTCTAGGGTCTCACATACGTTTGTTCGTGACCCCACCGATTAGATTTGTGATCTCCCGCTGGTCCGCATTTGATCGCTTCCTACTTGACGGATTGTGCGGGGTCCGTCGGTAAGCGTCATCCGAAACACTTTTGCTTAACATCTGCCGTCCTGCGGCCGCGCAATAGTCCCTAGTGGTAGTAGATATAGCAATAGAATGCTTCGCCAACTCAGGACGTGAAGGGCTTACGGTGGCCGCTAACTCTGCATCCGATAACTCTCGCAATCTGTGTTAAGAGCGCGCATGCAAGGACGCACTGTTTGACAACCAAATATCTTTCCCCGTTCTTTGCACAGAACTAACTCCCATGCAGTTGGAGCGGCGTGTACTACGGACTACGAGGTCTTACTACGGTTTTGCTCGCTTATACGGCCCTTCGGAACCTTACGGAGCCGTGCTTGCGGGTGACTCAGGGCGCGGTGATCAAAAAAATCTAGGCGGTTAGTCGCACCGGTAGCAACTGTACAGCTGGCATGAGAAATGTGTCGTAGGGGGGGGATTCGGGAAATTTCGATGCTTCTATTTTAGATGGATCCAGACGCGTCGGAAACACGCCTTCGTCAAGCTATATTACTTCTGTTGTACGCGCTCTAGGAATATCAGACACAGTCTCTCCGTTCCCGCAGTGGTGTGGGGTAACATGCTAAAGCTCAACGAATACCCGCGCAGCATTGTTCTCATGGGCCTAGGTCATCGTGTACACCAGGAAACGTCGCTGGTTCATTTGAGACGTTATTGTCTGGATGAAGCTTGCCTCCTTGTACGCGTACGCTGTTGGTTGATCAGAATGCCGATTCGCAGATTAATGGCTTAGGGAAGTGTAAGGCCTCGTTGAAAGCGTCTAAATCCAAGATGCACACGTGCCATAATAGGGTGAAACTGCGTGGATTCCCGACCGAGTCTACGTGGCCGGCATAGGCTTACCGCCAG,1523,49.84,Caenorhabditis elegans
SEQ_242516,GCTAGCTAGCTGAATTGTCAGCTGGGTCGCGCTGTGGCTTAAAAATGATGTATAGGTGCCATAGGACACTAGAGCCAGTCCATCACAAACTGTGTCCTATTTCTGCGCGAGAGGTTAGTCGCTTTGAGTAGGAGGTAGTCACCCGATTGGATCGGACAGGGTCCAAGGGATTCAGAAGCGGTCACGCTTGTCAGCAGCCGAACCAAGGATCGTTCGATTCATTGAATATGCTGCGGGGAACCACCAGATGGTACATTCGCTGAGCTCCCTTCGCGTCCCCACCCGATATAGCAGATTTAATTCCAGTAATGGCAGAGGATTTAGGGGACGAGATTCAAAGAGATTATCATTCTGAAACGAAGACTATGCCTTAACGTGCTCACCCGACCATGCACACCTGTAGGTACGTTCAACCCGCCAAACAACCTTGCAGGCAACGTTTTTATGTTTAACATATTTCTACCCAGTATACCAGTCGATGGTGATCCCGAGAAGAAGTCACGAATGCGTTATACCGGGGTAATGGCTATCCTCTTTTAAGATTTTGCAGGTACAGGGCCCGTTGATCTGCGCGCTACGGCGGAGAACACTACACTGAAAGCCAGACGTCTATCTATAGTCACGGTAGAGTTATCTCATTATCGAGGGAATCCCATCCTAATTGCCCTCCAGATACGTTTACCCAACCGCATTTAACGGCAAGTTACGTAGAAGCGGGTATACCCTTTTTTTTGGCGCGAACGATGCTGCTCAGGGGGGTGGAGCAACGCCGCACGGTGGGTTTTGTTTCAGCCCCTCGGGCGAAAGCGAACGAGTACGCGGTATTCAGAACTAACTCTGGGGTCGTTCCAAGATTGGGTGTAATACGCTCTCTGCGAGACGGAGCGAACCGAGCTAGTTCCACCCATGTGTAACGGGGCATCGGGCTCCTTGTGCAAGAACTTGGTGCCCGGTGAGGTGCAAATTCGCCTTATATCCGTAAGGAATGACTGCAGATATTGCTGTGACATATCTTGAGCTCTATTTGTGAATACTGGAAGCGGGACCAGTGAGATATCCTTAGAGGGAGACCTGAAGGGCCAGGTGATAACTCCCCTGTGATCCGGGATCACATGAACTGCTCTACTTAGCAGACTTCTAAGAGTGGTCATTAATTATAACCAAGAATGACACTGAAACAAGATCATTAGCAGGCTCCGCTCGTCAATGATCATCGGTTACATCGTTCAACCTTACTATGTAGTACGCATGAGGAATCTGTCCCCTTGGTATTTGTAGACGCCCAGCCCCACGGGGAACGGTCAAAGCCAGTATCAGGCGAACTGTAGGAGTCTGTGTGGCTATCCTTCACGTATCCAGCGTAGACATTGCGTCGCTCAATAGGTCGGTTCAGCTTGTGCAAAAACCCCCCCGACACCTGAGGAGTCCTGAATAATCTACCAACTTTTACCTGTATTCTATGCACGTTACAGGACCATATTGCAGCCAGATTAGGTGAATCCGGATCCGTAATTCTGCTTCGGGCTAGGCCAGCCTCCGCCATCGCCGGTGATGTTGAGATTACTCAGTAACCGCCTGCTCCGCGAGGCCTGAGTGGCGTAGTTCCCCCAGACAATCTGGATACATGGGGGCATGTCGGCCTAAGTTGTGTGCGCTAGTCCTTGGACTTCTACTAATCCGAGAGATTTTAATCATTAGCGAACGCATCCCCAAGATGATCAGTACGCTGAGGTCGGCTCTTCTCCCGGAAGAATGCATCTCACCATATTTGCAACAGAGAAAATAATCCGGTTGCATTTTCGTTTGGAGGAAGACATACGTGCTCTGTGCCAAGCGGTGCCAGTCCTACATTCGTTACTAGCATGGCCCGGTTGACAGAATTATGTATCTCATACAGTGAGTCCACCTCATCGGGTCTAGGCTGCTGAA,1929,49.97,Saccharomyces cerevisiae
SEQ_940670,CTAACCGATGAAGTTTCGGGAAGACACTGTTAGAATCGTGACTCAGGTTGGGCGCTGGACCACCATGGATATAGCTTAGAATTACGGAAAGCTCAACAAAATGTACCAGGTACAGCGCAAATCCGACCCTCTGGTCGTGTACACATCGACACTGGGCTGTTGTGTGGACGCGGGACACTACTCCATTTGCCTAATTCATTCTGACCATGGTGCGATTATATTGTACGCCCATGTAAAATGCCTTAGACTAATGTGCCGGGCTTTCTATTCATACCACCCCAGTACTGCCCTGGGGAGCCCAACAATACCTATATAAGGGCACAAAGCGTCTTCACTGTCCCTCTGGGAACGTTACAGTAGAGAGTCAGAAAAAATACAATGCCGGCTGGCAAGGTTCGTCGTGCGGTGCGGTTCAATGCGCGGGATTGTAACTGTCGTCCATTTAACGCTGCCAGGCGACGTAATAGTAGGCGCCGAATCACGCGAGATCGGTATGATGGGAGATGCTGGCGTTCGGTGGTATTCAACGACAGGGTTCATTGTCAGTGCGGTGATCACAGAACCCTATCTGATATTTTCCGTACACTGATAGAGTGTAAATCGCCCTCTTATTTGGAGGTTTTCCGAATTGACAAACTGCTACGTGGCCAAGGATTAGCTATATATGGCCTATCACTACACCTAATGACCGCAGTGTTCGCGGGTTACCGTGTAGCTAGAAACTATCCTAAGAGACTGATTTGCGCAACTCTTGAACCCTATGGTCATAGGTCCGGTCCAGACGTTCGTCTCACTAACGGGCACTTTTCCCGCAGCGTAATGACCGTTTAATGCAAGTTCCGGCTGCCCTAATGTCCCCTAGACCAATCCACTTTAGTTAGTGAAACCTGTCATGGATGCAAATACGTGGATGTTTAGACATGATCGTTACAATACGAAGCTTTCTATGGTCTCAGTCCCTCGTGCGTCGCCCGTGTGAGCCCCCTGAAGCAGACGCCCGCTAGAGCCGGGTCAATTTCAAACGGACAACTACTCTGCTCTGGTTCGCAGTTCTGATCACCTAGATGAAGCGAAACGACATTTTGATAACTATACATCTCCTTGCTGGGTCTGGAAGTCTCGGCTTTGGGGCTACAAGGGTACGCGACTAGCTCGTCGAGTCACAACATGCCAGTCGTCGAGAGCTAAGCAAGGCTGCGCCAGGGCCGCCTGTAGCGTACTTGTCCTTTCGCCGGACGTTTAGATCACTTTGTTCTAGTCACCGGCGGCAGCGGGCTGAAAGGA,1284,50.39,Escherichia coli
SEQ_797192,GAGAAGGCAGAAATGTCTATCCTCATCTGAAAGTCCTAAGTCACTACCTGTTGGGTCGAACAGACGAAAGGACGCTTTAATACGACAGTTCCAGTCAAAACTCG,104,45.19,Arabidopsis thaliana
SEQ_628424,GAGCTTTAGACGGCGGCGATAGGACCCCTGCAAATTGGGGTGATCGCGTGGTTCTAGAAGAATCTCGCGTAACACACGTAATCTGGGTACCATTCAGTAGTAAAGTGGAAAGTTTAGTCGAACATAATGAATTACTTATTGAGCGCATTTCACGTGCGATTTTAGCGACCAGACAATGCTCAACGCCCGATACCTATGACAAGGAGTTCGCTAAAGTTTGCCCGGGCCATCGTGCTATTTGCTGGGCACT,250,48.0,Arabidopsis thaliana
SEQ_403935,GAATCAGCAAGGGACGGCCCACCGCCGTGGTGCTGCCAGAGCAAGTTGGAGCGTCCCGGGCACACTGACAAACGGCGCGTAGTGCTGTATGTGCCTCAGCTACAAAGGTTGTTCTTAGGGAATAACGCTATGAACACCCTATAAAGAATAAGTTTCAACCCCAAGATGAGGGCACCTGAGATCCATTTTACAGAAGGAAGTATGTCCACCTTGTCGTGTGCGGGTTGTTCTCGCAGGCGACCTATCAGTTTTC,253,52.17,Saccharomyces cerevisiae
SEQ_448238,AACACAGCACAGCAATGTACACGATGCTCTTAGATCGTTACTTAAACTGTTAGATTCGGGTCACAACCTCCCACTGCCTGAGACAAGTGAAAAGGGTTTTATCTATCTGCGCATACATCCGTCTAATTGGCTCCAGGGCGATACTAGCCATTACCAGCTTGAGTTAGACGCATTTTCTTCATTTTCGCTTGGTAGCGCGAACTAGTTAGGGGCGGAGGATGATGCGGTTTAAGAAATATGGCACAGCTCGTACATGACTCTTTCCGTAGCGAGCATTTGCTTGTCGCTTACGAGGGCTTGTACGATACGTGACCAGGCGTCTACAGACACAAGAGTTCTTATTCTGTTCTGCCAACCCAAGTTAGCTACTAATTAGGGAATCGGTTCATGCGAGCATACATGCCCCGCGCAGTTCCGACGGAGAACGATCACTGGCAGGGTTCGCCACCGACATACATTGTCAAGCGATCGAGCGGAACCAGCTCCTCAAGATCAGGTGTGCTCTGAGGGATTAAGGCAGTTACGCCAGAAGCGCAACAGAATGAGCCGCTTAAGCGGGTGCGAAAGTCCCCTAGCTTGGTAAAACCTTTAGAAATCAAGACGCGTTATGGGGCTACGGTGGTTTTGGCTGTCACGTAGATGTCGTATTGGTTTTAGTGATGCCACTATAAAATCACTCTTGGGTGTTGGTGACGGAAATTGGCTGGTAAGAGCTTCCTACCCTTCCCTGGAGGAGCGCGATTTTGGCCCTACCGCGAGATGTTCTTGCTATTCTCATCTAAACGGCGGCCCCGCCATTTCGCTTGGGGCAGTTTTTGCACTCGAGTTAGCTTAACGTTTTTTAAGGTTTGTAATTGGAGGTTCCTGGCTTGAGGAGTATTGACCCAAGTAGGCTAAGAAACGCTCAGAGTATGGGTGAAGTGCCGTAGGATAGAGTGCTCCCCATAGACACTCCTCGCTATAAGTATATCCAAAACCGGCCAGAGTCAACCGCAGGTTGGCAACGGTGGTCGCGTGACCGGACCAACCATCTAGATGCTTTAATCGACAGGTTCAGCTCTGGCAACTCCAGGCATCCAATCTATTTCTCCCGCGGTGCGCTTAAAACTGGATCGTAGAGGGATGCTCACGGCAGTCCAGTGAATAGTGAATCAGGCAGTAAATATCACCGTGACCCGTTGGCCCCTCCCTACGCGGACTGGGTGCTCGCATTTTCGGCACCCCACAGGGCCATGAATTGGTGTACGTCGTTCAAGGCGTAATTTTTGTGAGGCAGTTAGCCGCAGAGCAGACACTCTGTAGGAGAGTCCTCATCTTAACACTCTAGCGGATATAGACATGTATCGAGAAAATGCATGAAAGTGACGG,1368,50.07,Homo sapiens
SEQ_338782,GCAAGAAGCATTCTCACGGGTATGCTTTGCATATCCACCTCGGACACGGGGGCTCTTAGTTCGGCCCTTAACTGGATTGCCACGCTTCGCAGACCAAGCTCGTATGGCTGGGTGTCTGCACCTGATTAGCCCTTCTCTCTTCAACGGACTCTGGGGATAATAATTTTCGGACGTCTAAAGTCACCTGCGAATCCATTCTGGCATGATATGATGATGTCACCAAAGGCGCTGACGCACGATTGGGATCACTCCGATCAGGTTCCAACAGGCCCCCTCAGATCTGACTCCTCAAGTGGGTGAGCTCCCATCTGATCTTCCGTAGATCACATATACAGACATTTCAAAACGGTTTTAGCCAAGCAATCAACGACTGTTAGGGATGCTTTATTGGCTAAAATGCCTATAGGTCGGGGCCGATGATCCGTGGGCAAGACCCATTTGAATTTACTTTGAACCCTTTTGTGCCTGACCAGGGGGACTAGTTATCTTAAGATCGTAGCGTTACATAATTTTCCTTCACGCCCGCTGCTCCCAGTTTGCAGTCCCAGAAGAGTCGCCGCATCCGCATCTGATGACAACAGAATCGCGTCCTCGGAATTATCTTTGCACCTCTTCGGTTCCGCCTGCAGTGTTCAATCCGCTCAGCTGTCGCCTACGATACCGCGGCACGCTATGTAAACTGGCGGCAAGCCAGAATTGGAACAATTCCTCCACGGCTATGGGGGGGTTCTATCGCAATCCTGGAGATCGCACGTACCAATTCCCCGTGCATGGTGGCCGATTGGCCCTGTTGTTATGGATGGTTCACGCCTAACCCATCACAACTCAGGGCGGCTAAGAGCTGGTATTGCCTTCGATTTCCTAGCTTAACGCTAGAGCCTTGATACCAAGCACAGCGTATACACTCAAATAATCGACTGCCATCTTTCCTGCAGGGTTAGGGCTGACACACACTAAGCATCCGACGAGTGCCACAGATCCATCCTTAGACGAAACTCCAGTCCGGTTAACCGGGGGGGTACCATCTTAAGGAATACCTTTTCATTACCTAAGGTGTTAGCTCACCGACCCAGGTGTCGATT,1082,51.11,Caenorhabditis elegans
SEQ_350990,AAGAAAGGACGGTTCGAATGTCGGCCTCATGCCATGAATTCAACGTATGGAGGCAAAGCGCCCGGGTACCTTGTATCTGTAGTATCCAAAGACTTCTGAGGATGCTACTACGCGGGCTTATTGTACCCCCTCGAAACATGGAGTATGGGTGCACACAGTCCTCTAGAGCGGGTCCCTGTTTGATTTGGGTGATCATATACTGTTGTCCCGTTAGTCTATGGTGTAAGCGCATCTTTACAGCTCCAGATTCGACGAGGTACACGTTTAGTTCGGCCGCTCAATGCATCATGGTCTGGGATCTTGTGTACAGACATACGCCCCCAGGCATAGTAAATGACTAACCTTTGAGGTCAACGGGTTTTCTCGGTATACTGATGTTTACACGTGAGTGCTTTTGGGTCTTTTGGTCGGTATTGATTGCTTAGTTTATAGTCGATAATCTCAATGCTGTAGGCATCGATGGTGAGGAGGCAGACTGTAGTGGCCAATTATTGTTGGGTTCTCCCAATAGTGTCAAAAGATCTCTAAAAGCGTATTCGCGCTTATGGTTGTCATACAGGTCTCCATGCGCGCCCTGTGAGGTGTGGAGAGAACTCGATCGCCGAGATGTGGTTAGAGCGATGGCACGGTACAACAAGTGCACCCGTCCGGGCAGAACTTCCGGGCGGGAACGCTGGGGGCTTGTGTGAAGTGGATCTCCCGGTAGCATCTGGCTGCATCTTAACAAGTTCCAGCTAGAACCTTCAATAAACCCCTTAGCTCAATTATCCTAAGGGTGGACATATCTTGGCATTGACCTCATCGATGTACGCGAAAGCGACCGACCGAACTAATGCACTCCCAAGTAGCCTTTTTATGCGCCTACAGAAGGGTTTATAGTGCGTCATCCCAGTTCCCACTCATCCATGTTAGTGAGGATTCCTTACCGCAAGATAGAGCCGAACGCTCGTACGCGGACCAGTTTTCAGTTGCCTAACAATCATAATCAATCCGTCCTGAAAGGAGAACGCGTATGAATGGTGGTGTTCCGTCCCCAATCAGCGCGGTATCGGGTCTCTAGGCGTGAATAAAAGCGATGTTGGATTACGGTTCCCACGGTGACAACAGGGTGAACTACCGCGGCTGCACGAATCGGCCAGTGCTATCCCAACCGGAACTTCTTGTCTCTATAATCTGGTAATCATTCCCCCTGGCACTGATGTTGCCTGGGCAACCTCGTTCCGAGCAAGTCCACCCTTCAAAATGATGTAAAGTAGCACTCGCGAGCGATGTCTGTGTATCTCATTGCTAGTTGCTTTGAGCTTCATCTGAGAGTAAATACTAAGTCATGGCCAAACCATGAC,1343,49.44,Escherichia coli
SEQ_674607,TTATACTCGACTACCCCTAGTCTAATCACGGATAGTCGCTATAGCGGCCCGACCCTGTCGAGACGGTTCGGGACTTCGCATTTTTGTTAGATGACATCAGGCCTACATTATCTCTAGGTAGGTCGTTTAGGCCGAGCGTATTCGTCGGGATCTTGTTGTAGGGCCAGGTCGGATAATCTAAAATACCGGGGTGTTCGCAACTGCGGAATTCCGATAATGTTGATGTTGGGTTATCGTCTGACTAAGTTCTCTAAACGCAGACACGGCACTCGCAGATATCGGAGAGAGGTGTGGACACGCAGACGTTGGTTTACTGGTAGTGGACAAAGACCAACCCAAGGACTCCATGCTGAAAAGTTGTTTTGAGCGTACGCAGCGACCAGGGTGCAGTCAGTGGACTTAGCG,405,50.37,Homo sapiens
SEQ_455439,TTCATATATAAGTCCCGTGAATGTCTGGAGCGACAGGCAAGTCAAGTTTTAGCTCTAAAGTCGTCGTTTTCGATTGAGAGTAAACCCTCGTGCTACTAACTTCAGGTTTATTCGCCCCACATGGCTTCATTTGAACTTTACTTCATATCGTTCTCATAAGAGATCACGTAAGCGTAAGTTACGGATCTAGGATCCGCGATTTCATTATTTGCGCCAACCCTGGGCTTGTATAGAGCGAGGCTTCGAGAGGGGCGAAAACGTTAGTAAAAGGCCTTGAGCTATGGCAAGGCGACGGGCCAGCATGTGTTGAGATAGGTATATTTGGGCGACAAGGAACTGTTTCACGACACACACTTGTCGGTGATTTGGGGCGGCCACGGATCCGTGCACCCGCCGGCCCCTGCTAAATTAATCACCTCGGATTACGCCGCCGCGATCCCGCTACTCGAGCTCTTGGTCTGCATACAACTTACGACAGATTAGCTACTGAGGTGACGCTGCACGGGCGCATCCGCTCGGAGTAGCAGTCAGGCCACAATGCGGATGTCTCATAGTGAAACTCCTCTACGATTAACCCCGATGGACGAAGCGGATCACGGGGGTCATATCGCCTACGCCCCTCTGCTGTTCAGATGGCCGCTATAAACACAACCCGCGGATATTGCCGTCTCCAAGATCTCAAAGGGAACGGCGCGTCTCGGTCCTCTCGATTTTCTTGAGATAGTCCCAAAAAACGAGTCCTCATTGGAACTTCAATACCACGAGCCTCCAGATACGTTCCAGCCAGAACTCAGAATCCAGACTTCATTGTTCGATCAGCTGTTGTAAGTCACCCTGCTTTACCAGCTAATGATACCACCTGGTCACATAAACCCTTCCAAGGCGCGCTCTCAGAAAAACGGTTATTTCCAAGGGAATGCTCGCCCCTGGATAGCTAGCAGGCACTTACGATCTCGTGATTCCAAGCGACCCCTTTATCGCAGAGGAAGAGGGTGTCAATCTGTATCTATATTACAACGCATTAGGAAAGGGTCAGTGCGTCAACAAACCAAAGCGCTCAATCGGGTCTGGCCGTTCAGAACGTCCCGATGCACAGTTATTTCCGAAGACAATGATGGGACTACCTCACTGACATTCGTAGGGTTTAACCTCAGGTTCATTAGGTGCTGCTCTGTCATGCGATGCGTTTAAAATCCTTGGTCGCCACTGGCAGTGCAGTTGCAACTGAAGGGCCGTCCTCCAACTGAATCACGCTAGTAGGAAGTGTATCTAGACGCGCAAAGATTTCCCAGCACTATGACATCTATAGAGAAGGAGTGGTGTCGTGGTTCGCCTTGGCGGTACGCACAGGACTAGGTGTGGTAGAAGTTTAGGCGAATGTTCCGTCGATCTGTCCGGTGTTTGCAGTCTAAGTGCGCTCATCAAATGATGTAGGAACTTAGCTTCGAGGGGAATATCATGAATATGGGTGTCCGCCTCGTTCTCGGAACAGATTTGGGGCGCTTCCGAATTCTGACGACGAGACATTGCTATTTTAACTGCCCAAATCGCACACCGTGAGACTTTGCCGTGCTGTCGATCCATTGTGCATAATAATGTTTGACCAATGTCACAGCATGCATAGATACCAC,1631,49.97,Homo sapiens
SEQ_145067,CTCATAAGAGCGCTCCTCCAATGATCACGCAAGGTTTCATCGGGATACGCGGAGTCCTATCTTACTCTACCTAGGATGACCGAAGTACTAGAGCTACACGTACTGTAACCCGCCCCAGTAAGGTTCCTTATAACCCTTCTTGTGCATCAAGCTATACGTTTTCCTGTCATGGAGGTTTCCACGGGAGTGTTAACACAGCCGATCTATAATCCCCGCAAGTCTACGATTACGCGCCGTTACCCTCCTAGACAAGCTCGATCGTCCTGCAACATGGTTCCGATACTCCCATGGCCCCACAATACATCT,306,50.0,Caenorhabditis elegans
SEQ_370499,CGATACGGCCCGGAACCACGACGATACTCCTTATCATCAGCGAGGCGTGCAGTACGGTCAAGGTTAGCCTTTTCAAGATACCGAGCAATACGTAATGAGCGGTAGTGGGACGCTTCCCTACTGGGAGTCTCCGTAGATCTAGGTGTTGGTTGTAGGAAAATCCGCAGACAGAGAACGTGCAGAGTTATAGGCACCCCTACCGCGCGCACAACATCCGAAAATGCTAGACATAATAGCGGACTGTTTCATACATCCCGAGTGATGGTGCAGATCATTTAACGGCTTATCCCAGAAACATGTATGCCGCGCCTGAACCCAGAATCCTTACCTTTCAAAGATTTCGTAATGGAACCAGACAGCTCAGCGTCGACAATTCACGGGGAAGATCCTTAGTTCTGCTTAGAAACCGATAGAGTAGAACAAACTTCTGAAGCTGTTGTAACTGTTTGTTATACGACTCGAATTGAGAATAGCCTCTACAACCAGCCTTAGGTTGGTCACTATATGCGTAAATTTCCAAAATATCAAGTTAGCAGGGAGTCGGGAATATCCTTCGATTAGGCGATGCCTATCATTTGCGTTCTTAACTGACCGGACGCCGTGCGCGGTATAACTAGCGCTCATGTTGAAGTGCCAATATCGATTAATAGATCCGCATAAGTGCGGTCCTTCCTTTTATGTGTTGCTTCTCATATCTGACGGAAGACGTATAGGATTTCTTGTATCAAAATGCATCACCGAGTACGATAGACAGCGACGATTACCTCCCAAGGAGTTATGGACACATATTTTCTACAACTTCCGCTCAACCCATGTTGGCCGGCCGTTGTTCGGGTCGATGTCGCTCGGACCCCCTCCAAACAAGGACGGGAGCTACATTAGCGTCATTTCCCTCTAGGTCACGGTTTCATTATCGGCATCCCTACATCTTTTGTCGACTAGATATTCTTACAATACTAGTGATCACAAGCGACGTTAGTAGCGCGTCGTTTCAAATAACTGTGGTACTCGATGTAGCTTGGAGCGGTAAAACTCACAAAGGAGAACAACGGTGCGTCTTGTATTCTCCGAACTACGGCACACAGGCCCTTTAAGTACTTTGCATGGTAGCGCTATTGGTGTGCGATCTAAAGTTTCAAAAATAGGCTTTGAGCACCCGACGTAAGTGCCGTCAAAGGGCACTGTAGAATTCCGTCTAACAGATTAGATTAACAGATTGTGACTGGGTTTTCCGTATCACTTCCTTAACTTTCCAGCCGGTCGCTGATCCGTGATGCTGAAGTTGCCCAGACCGTGGTAATTTTGGTTCGCCCCAGATATTCGCGTAAAATAGAAGGAACCTTGAGGAAAGATGTAGATCGAATAGCATTCGATGTCATCGCGCAATGTTTGCTTACCCGATTTCCTTACATCGGTAGCGTGATCTCGCTAGGTCCCCTTAAGCTGCGAGGCCCGACCCAACATTGCGGTGGTCCGATGAAGCCGAGTTTCGACAGAGGTTTGAGCCCAGGTGGCTGCATAGAGTGACCACCCTGCAACTGCAACGGTTGCCGAGGGCCACGTAGATAGCTAACTCGAGTCTATTTACCCAGTTCGTGACGAAAGACTGTATTTAATGTCGAGGGGCATACAAAGCTCCATTTTAGAGCAATTTCCGAGGTTCTGTGTCACGTCTCGTAAAAAATATAAATCTTACATAGGTTCGGGATTCAAGTAATGTTTGAAGGAAAGCTG,1734,47.12,Caenorhabditis elegans
SEQ_367312,CACGAGTTAATCATGCGAGATTGATACTCCTAACGCCCTCTGGTCCCACCTCCTAATGAGACCACATAGATTATGCCTAACATCCCCTGGCTGGTTGGCTACAAGTCCTAGGTACTGCCCGTGCGACTTACCATCCAAGTAGAAGCTGCGGTCCCTCGAATCCTCACATCTGAATTCTGGCGGTGAGGTGACTATCGCCCCAAGGTGCAAGGGGACTTAAGCTCTTATAATTCCCTTCAGCTGGCCAGGAATTGCTACAAGA,262,51.15,Arabidopsis thaliana
SEQ_888510,AACCAGGTAAGACGGAGACGACAAGTACTGTCACGGATCCGAGTGCTCGATGATCATGCAGTCCACGTCATCCCTAGGTACCCCCTTCTATTCTCACATGGACTATGAACCCCTCTGCTGTTCTTGTACGGGTTCCGGGAACAGGATTTACTTGGAGTGTTACAAATGCGACGGTGACGCAGATATCTCAACTCTTCTCT,200,50.0,Homo sapiens
SEQ_643128,AGGCACGGAGGTCCTCCCTACATTATCTCCGAGTACGAAGATGCTCGCGTCCGGTATGGTCCCTCCTCTCATGATCTGAGGTCGAACTTAGATTACCACAGTGGCATTACGCTTCTTGCCTCCAACTAACAGTGGAAAACACCAGATACAACGAAGGTGTGTCACGGTCTGAAGAACAACACAAGCATATACCTCCGGGCACGTTTCTCATGAGAAGTTGCGGTCCTTCGACGATCCAATCGAATCGGGACTAGTGCGAGCGTAGCCCAATCAC,274,51.46,Caenorhabditis elegans
SEQ_631371,TAGTGACACAGCTGCGTAAGACTCTAGGGGCTTTCCTTTACTATAAATTAAAGTCAGTATTATAGATTTCTTGGAAACTATCTCCCGTTGTATTATTCCGGGCACAGTTTTAGCGGGTCTGTTATAAAATG,131,38.17,Mus musculus
SEQ_587018,TGTTTTAATCATGCTAATAGGTGTAGGAATTAATGGTGAACACTCCAACATCTGGCCCAAACGGGCACATTTATTCTACCGTCTCTCTAGGGCTTGGGACCACGGTCGTTCATTTCTACCTGCAAGGGAACAACTGAACGAGGCGGGCTTGCCCGCATAACCGCATGATGAAAGGCGCACCTAAGGGTGCAACTTGTCTCTGTCCTCTCCGTATTCAGCAAAGAGTTCACTCTTTAACGTGCACCCCCATGTTGACCACATTTTATGTGAAAGCGTCGTATACTGTTGAACAGAAGACCTAAACGCTGACCGCACCATGCACTATCCAACCTGTGGCTCAGTGGTGCCAATGCCTTCTTATTGCTTAGGAAAGAAGCTGGACCAACAGGCCGTGCATAGGAAATAGTCCGGAAATTTCACAGGCTTCACTGGTTAATGCCCGGATGTCAGAGGAAGGCAAACGCCCCCTCAACGCTCGCGCCCGCCATCCGGACTTGTGGCTTGGTTGCAAATTCGCTCACGGGCTTACCTACTCGAAGACCGTAGTACTACCTTACCTGTTCATGCATATCGCATAGATATTCTACTGATAAGATCTCACCAGGCGCTATGAGCACCTATGCGATGCGCATTCGTGCGACGAAGTATCAATCCGCTACGTGAGCGGATGTACCAACTAACGGCATACGCACTCTTACGTTTTTGATATCATTCTTTCTTATGAATTAAATGTGGCGGACAGACCTGCCTAGTGAGTGGTGGTTGTTAGCTACCTTAGCGATTGGTTCCCGCCGTAATTGTTGCTCACACTCCCTTAAGAAGGAGCAAAGGAGGTTGATGGGGGCAGGACCGCCCAGGTGTGTAAACCAGCTATTAGTGCACGGGCTGCCGAACGGACTGCCATACACAGTAAAGCACCGCACAGTTGAGGCAGGTTACAGCCTGCTATGGGGAGTCCTCTAACGCTTATCTTGAGAGCGATTGGACTAAGGGTAGGTCAAGTTCACGCGCGGCAAAAGTCCAGAATAGAGCGACTACTATCTATTATCGCACGACTGGGCCTTTTATGTCTCGGATTAGCTACCCAGAGAAGGCGTTCTACCGTTCGCCACTCATTTGTTAGAGATCGCTCATAATAATGATCTTGTAACGCCGAGCTATTACGAATAGCTTAGCGCAGTGTGTGCTGGAGGAAAGAAGGTCTGAACGAAACATCGTGTATCGACAGAAGTAGTCCCTCACCATGTTTGTATATTCTTAACGTAGTGGGAAGCTTGCTTGGCCGCTCCTGAGTGCAGAGGACATAGCTACCGAAGTATACTGGTTCTCTGGATAGGCAACTGCTAAGTCAGCTAGTATGTCGAGAGGTTGTGGTGCAACTTAATAAGGACATAGCATGGATCTTTGTACTTGGGGGACGCGACATAAACATTGCTTATATGCTCGGACCCCCAGGAGGCGGGCTTAGTCTTCTGACATGAAGTTACTCCTGAAGTGTAGACGACGGCAGCTCTCCTTGTGCGTACGTTCCCTGCCTATCGATTGCGAATAGCCTTCTTAGGTACACTGTTTGGATGCACGTAGACTCCGAACACCTGGAACTATCCAAACTCTACGCTATAGGTGTCACAAAAGATATGCACATAACCGGAGTCTCATACCCCCGTAGCGGGGCAAAGAGTATCACGCTATGGCACGGGAACATGCACGCCTGCCTAAGAGCATCAAGCCGATCTAGATCCTCTATTGCTACGCAGCGGACCGGTGTAGTAAATTCTTGCAACGCGCTTCAGACTTCTCCGTGCACCCTCGCGAGCAGCCAACGTATGGCTTTGCACGCCGATAAATGTGCGGCTATAAGTGTGACATC,1870,49.73,Caenorhabditis elegans
SEQ_331160,CTTAGTGAGGTGTCAACCTCATGTGTGCTATTTGCCGGATTAACTTGCGGCTATGGACTGGTCGACAACATCTAACAGGGAACCGCTAGGGAGTCGGCAGGCCAGACGGCTAACTGCATCGCTTTCTCTCGTTCTCTTCTGTTGGGTAGACAAAAAAGCGATTTACCGGTTCCTGTTAAGGTCCTAAATCGTACATCAGGATTACGAAACTTCGTTGTAAAGGATCATCCACACACCAGTTCTGTGGGAGGTAACCGATACTTAAAAGTGATCCGAAGCATAGCCCACCTATAGCTTGAGCGTCTGTACGCGAGGTCAAAATTAAGTCGCCCATTGAAAGTTATCGGATATTGATTATTTGATGACTACCGAACTCCATAACACGAGTCATCGTACGTCTCATATTGCACGGGGTCCACGATTGAGCTGAATGGTAACCTCGCTTAAGGAATAGACACGCGGAATTATTCTCCAGTTATCGGCGGACTGGGGCCGTATAGTAGCGTCATACTGTCACAAGAGTTGATGCGACCTTCAGTCTAGAAACCTAACCTATCCGGGTTCGGCGCTATCTACCTGACCCCGCGACAGCATAATTAACAACTATGGACGGGGCGCGGACAGGACAAGGGAACACCACGAACCGAGATCGTGTTACCGGTACTTTTACACATTCTCGT,680,48.24,Saccharomyces cerevisiae
SEQ_162198,TACGCGAGCGCTCTCACACTGTCGGCAGTATGTCGTAGTCATCATTTCATGCGGCGCCTTTCCCGACCGGTGCTTAAAGGCCGGTCCTGAAGTCAGCCACAACTTGCAAACTGTCCCCAAGGCTAATGTACACCACGCCTCGCGCTGCACCCCGGTAAGGGTGACGAAGGCCCTGGCGGTCGCTTTCGTTATGCACATGACTCAAGTAACCCAGCAAAGCCCCGAGAATCAGTCGTTCCAACGTCGCTGCTCGTATGTCTTCGGAGCACCCCCTAATCAGCACGTCGAGCTTCCCCTCCGACTGGATGTCGTCTGCATCAGAGTTGTGGATGGGGCTCTCCTCCGAGGAGACGACTGTTATGACCCCCTGATTCTCCATCTAGTGGCAACGTCCCCCGGCTGGCATATCTCAGGCTGAAGATTAAAAATCTTTTAAATGAGGCCACAACTCTGGCCGTGAATTAGACTTGTCAGAGTCGCGCTACCCGTCGACCTCGCCTCCAGTACGGCTAAAGCACCTAACTTAATCCTATCTTACTGGGGCCCTACCTCCTGCGCGAGTGTCTGTATTGCAGGATTCTCCCCTTCCGCTGTCCGTCAGTAGGTTATCTGCAGAGAACACTATATTGGGGTCGGGGAAATTATCATCGATCGTGCCACCCCATTCAATTGGGGAACGGGGCCAACATATCGTACCACCGTCACTTGCTCCCTATGGACTTGCTGGCCCACGGAGAGTCGAGCCGGGACAATTGCAAATATTCCGCATAGGGAGGAGGGAGTTCTTGCGCCACACTCATGCAAAGGGAGGGATTCAACTTTTCCATACACGGTTTGTCTTCATCCGGAAAATTACATTATGCTGCATTAATCGTAG,877,53.71,Homo sapiens
SEQ_409994,CGGATCTCTTCTGCCACAACAAAAATAATACGTCGCGTCCACTAAGATCGCCTACGAGTAATCCCTGCCAAACAGGGCGTATTGATGGCATTTGAATCTCGAACTAGGGCTTAGCTGTTCTCCTACGTCGCCTAGCAAACGGGCTTTTACGATGGATTTCAACATTCTCGGTCGACACTCATCAACACTCCAGTCTTGCTTACAGGTGATCACGTGTTAAGGCGAAGGTTCTGAACATGTCAGGAGTTCCGTCAGGATCGCTCGTGTATTGTGAGTTTAGGGAATGGAGCTCTAAGATGCCTTCGGTAACCCTCGTTCAATATAGAGCTGTGATTCCCTTAGACTCCGAAAGTTTCGAGGCTACGAATGTTAAAATTGTAACGTGGGTGGGCTCATCGCATCCAAGGCCCGTTTACGATTGCCTTATATGAACGTAGCATCAAACTAGTCTGTTTCAACAGGCTTTTCACATTGTCCGTGATCAGCCGATGTCAACGATAGCCTGGCAACGCACTCCTTTGGTCGCCATTGAACCGCCAATTACATTGAAATCTCGATTCAAGCGATCTTAGAGTGTAGTGGGGCGCTCCCGAAGCTCATATCAGAAACACTACTCTCTGACTATTTGTACCGACTCAGTGCTGCTTACAATCAAGCAGACATCTTGAAACGCCCTGTATCCATGACAAGCCTCCCGATATTGATAGCACGTGTTTGATGTTAGTACAAAAGTGAGGTTCAACGCCGTCGATTAAGCAGTATCGGCTAAACCGCCTACACGGTTGCGAAGACACCCAAACTCGACCAGGAAAATGCGGTATCGCAAAATCAACAAGGGAAGTGTAACCGCTAGTTAACGGGCGGATCAGGGTCATAACTTATCTTATAGACGAAAATCAAAAGCACTATTCCGCAGAGCTTTAATACCCTTCGGACTCCTTAGCATCTCTCTGTGTGAGGGGTTAATGAACCTGACTAAAAGCTATTGGCGCTCAGATGTGGTTTCGGGGTAGTGCCCTGATCATTTTACTGGCCTGACAGATTGCCACGTGCCTAAGAAAAAATAGGAGGCGTAAGTAGTGGCTACCCTCGGCTTACTTGACATCACGATCCTTTTACTCTGATGGGCAATAGTGTCATGTCTACTCCAACATGAGTGAAAAACACATTCTTGCAGTTCGGCGTAGCCTTTCAACTTCGGTAGTCAGAGCCTCAATATGGCCAGTGGGCAAGGGGTTAGAGCGTTTATTCATATATCCTTTCTAGGCATGCCCTGACTATGTGCTCCTGCTGTGGCGAAGGGCGTTTAATAGATTGTGTGCCTATTCTCTTCAAGATGGTGAGTACGACTATGACCCATCTCCTGGCTTGGACTCGACGTCATATTGCGTTCCATGGACATGAGTAGACTCCCAACTTCAACCGAATAGCTAGAGGGATACAGTGACGAGCAGATGTACTCAGAATGTGACGAACGTGCTAACAAATGTAAGCGGAGACGCTATTCAAGCATGTCCGGAATACCCAAGGGAGTGAACATGACAGATGTGCTCAGTTGGGACCAATGCCCGCTGCTGGGTGGCCGCGCGCGGTGTTTGCAGTTGTAGGGCATATAAACCTTCGGAAGGGATTTTAGCAAATAACTTACGCGTAGCCGTCTGATCCTACATCCCTGCACCGGAACTGCTAACAGTACCCAGTGAACCGTCTGAGTATTTATAAGATCACTTTATTTTTCCTATAGATAGCATTACAATGTGGGGTCACTGCAGCTGCACGGAGACCACCGAAATCTTAGAGATTCCTCTCGTAGGGGACCTGTTACGGAAGGGTCTTTAGTAGAGTGGTATTGAACAGCTAAGGATTCCTCGGACCTGAA,1879,47.37,Mus musculus
SEQ_209806,AGGCGCGACGCCCGCTCGGTTATCGGCCGAGGGGCGCACAGCGCCTCGGGGACTAAAAAGGGCAGCAGTCGCGTAGTCTATCCGTTTGACATTCATCGTCCGTCGCATGTGAGGTACTGGAGTTTTCGCATTTGGTGACATCGTTTTGATGCTTTTGTTTGGGCGGTCACCTCTAGGCTGACTCCTGTTATGGCGTGAAACGATGATGCTGAAGGAAGAGAGCCAATCCAGCGAAAGTCGCGAATTTACTGGATTGGGCTTAGAATCGTAGATAATATGTTGCATATCGGTAAAATCCGAGATTGCTGACAAAGTAGGAAGGTCTCTACGTCCGGTCGACTGCCGCTGTTATGCCGTACCCATAGATGAGCCCCTACCGATAACATACCCCTATATGCCTGCGATTCAGACATAACCCGCTGTTTAGAACCTCCTTATCAGTTCCAGCCGCTTGGGTAAAGACCTGTAAGAGTGTCGCATTTCAAAGGTCGCCTACTTATAACAATCAAACCGGATGCATATCTATCTACTTCGGGGCTACCGCCAGGAGATAAGGAGCCTAGATTATACTAAACTTTTTGGCGTCTTATCAACCGTGAGGGTAGTTAGGTTCTTCCTAACCACTATTTGTGCCTGGATCCTTACACCCTCCGCCACCATACAGCGTATCCGTCCTCCATCTGAGAGCTGTCCTAGCCCTCCACCATGTGAAATCACCGAAACATAGAAGTTACACACTTCGAAAACGAGCTAGCTATTCTGCAGACTCGCTCAGGTATTCGTGGGTAGTGGTTGAACTCAGTGTCGCGAACAACTTCTGTTATAGTCTGCTTGCTATCTACATCCTTCAGGTTCTGTATTT,862,48.96,Caenorhabditis elegans
SEQ_201026,CACCGCGGTGATTGTCGAGCGACCTGGCGAACGGCGGGGAAGATGGAGTCAGGTACGCTATCATACTCAACTGTTAAACCACCACTTCATAGATACACATGCGGCGCTGACGTAGATTTGAGCCTCGGCGCATGTAGAGTTCCTACTAAATATTCCGCACGCGAACTTGTGTAACCGCTTGACAGGCCTTAGCTGACGTACTTTTATTACGGCTTTGTGTGTCATCACAGTAACGGTCCCCAAGCGTCAGGGCGCTGAACCCTGAAACCCACGGTGGAGGGTCCTCGCCCGCATACTGGCTTATCCTGACGAAACGCGAGGCCGACATCTATATACCTTATCGTACAGCCTACTGGTTTATATGTGCTCCCGATGCCACCTTATGAGCAACAAGTCCGGTAGAACAAATCGGTAGATCGCCCGGTCACGTCTGCATCACTGATGCTTGTAAGTTTAAAAAATTCGCATGGGGCCATCAATTTATCATGGTACGCGACCTGGCACCTACAGCGTTGAGTTCCGAAACAGTGTTAACCTTATAATCCGTGCGATGTCCCATGTGTGTGAGCTCTTCGAGAAAAAGTCGCGCGTTGACCCATGTTGAAATTTGTTCAGGCATCCTCTAGAGTATCGCGCGGTGTTTTACCGCATAGACGCTGGGTTCCGCATTGCGCTGGGATACGCTGCGGCATACCCTCATGAGCGAACAAAAGCTGGTGGGCGTGGGCATCTGGAAGATGGCCGAAACCTGCACATTTCTACACTTTGATGTGAACGTTAATTGCGTCGTGAGACTCTGGATGGGGATACGGTCGAGCTACTGGATGGGAAAAGGGCAGATATCGGCGATTCTGAGCATCCGGTTAACGTTAGAGCGACTCTGAGGCTTGATGCGTACGAGTGTCTCACTGTGCGGACTGATCGTATCTTACAATTTCCCTCCTAAGGGTGCTGCCCATTGTCGGATTAGGTCCAGCACTGCCCTTTTAGTCGCGCTTCGTAGGTGTGTTTTTGCTCGTAGACAAAAATTCCTCGACCCAGGGCAAGCTCGTGTGCTGTACCCTAGGCTGAATAGAAACTTGACAGCCCACGCAACTTCCTTTAATCCCGGCTTCGTCTTCAATGTCGGTAATAATTCGTCTGGTCATCGCGGTCGGAATATACCCCGGGCCCGCAAGTAGGCCTTTGGTGCCGTCCGAGTGGCTTAACGCTCACCCGCGAGCTCAGTTACTGGGGTCCATGTCGTTCCGTTCCACAGGTATCAGAGTAGCGTACCAATCACCTCCGCGAGGGGTACTCCTCCTTAGTCCAACGTTTTAAGAAAGATGGCTCAGCGCTCTAGACCGGTGCGCACACGGCGTCGTGTTTTCTCAGAATAGAGGGCGGATTTCCGTCGGGAGAAACTCTTTATTCTTCAGGTACCCAACGGTAGTTGAAGTCATCAAATAACATTACCGCTCTTCATGGCTTGTTTTTAGCTGTGCCGCGTTCGGCATGCCGTTCATTCCAAGAGGATCACTAGATCGTATGTCTTACCATTTGCAAATACGTGACGCCAGAGACCGTGACTTTAACGCAATACCCTTCGTAAGTCGAATCAAGACGTGAAGCTAGGGGCTCCTCATGTCAGAACTACCTAAAAGTGGATCTATGAGCCGTCAAGTACCGATCCGCGTGCAGCGTGACGCTGACTAAGAATCGCTGGATACTGGTTATAGAGTATGTATACCGAATTTACACCATTGTCAACGATATTAGTTCCCCTTGTTACG,1772,50.9,Homo sapiens
SEQ_261631,ACAACTATATGGGAAACCGGGAGAAACGATCACGTGCTTACCGGCGGTGTTGCATGCATTCTCTGCACCCGCGGAAAGTGCAAGGGTTGGGGGCGAACGGCACCCGAGACGGCACCTAAGCACAATGTCTCACTAACACCCGGACCCGACTATCAGGCGTTCTGGCGCCGCCAACGCTGTTCGATGACGTTCCTGACCTCTACTAGGAGTCCTTTTTTGTTAGGTCCATCCACGTTCAG,239,56.07,Escherichia coli
SEQ_605436,TAGCATACTCCCTAAATAAGCGACGTTGCGGGTGGACCGGGATCACCAAGGAACCAATTTCGCATAATAGACAGGCATGTTACGATAGACGGCTGTGCGTTTTCGAGTATTAGATCATCACCATGTTCCGAGTAGGTCATGTGCTCGGTAGTAATAACCCAAACAGGCGCGAAACTTCTTCATTATTCAATTAGGTAGTCATCTTCCCTATCCAAAATCGTCCTTGAGGCTAGTCTAAATTAAAGACACGAAGTCGTGTAGACCTAGACCCCTAATCTTCATTATTCAAGAACCAACCCGACGGTGATGACAGCTCCACGCGCATAGACGTCTCAGGCTGAGCGCCTGACTCACTCACACGCCAAAATTTGCATCGTGCTGGTCTAGACAAGGGTATATAGTTTGCACGATCTTTCCGGCAGTCCCGGGGCTC,433,47.81,Caenorhabditis elegans
SEQ_838714,TACGCTTGTATCTTTTATGGCTGCCCGAGCTGTGATGCCAAAGCACTCACAAGCGACGGTGTCCGTCTGCGTCCGTCCCGGATCAAACTTTTTCTAATATGGTAGGCAGCTCAAGACTGGTAATCTAATGATATGTTAACACTGGGGCGTACCACCACATAACCACTCCCAAACTTTGGTAAAATGACGATGTAGCCTAGGAGTCGAGTGGCAGTCTGTGACATTTTATCATACTCTGGCTGCGCACACCCTCCGCGCCAACTACGTACGGCAGCCTCGATACGCTGCCCGGCAGGCGTCAAGTCATGTTGACCGCGCGCAAAGATTTACTCTCAGCCAGGTACACACCTCCGATTTCAAGGCCTTAACATTCGCGCCCCGAAGGCTACCTCAGCCATTCCCTCTACCACATAAGGACTATCGCGTCAGACCGTTAGGTACAATTACAATGAATTTATCTCTGAGTGTCTCCGCTTTACGCCGGTAGCAATTGGCGGGTACTAAACAATTATCACAGGCGGCGGGCCTGATGACAGAAGTGACGTCGGTACAACGGAAGTAGCTATGATTGCTCCTGGATGCTTTGGAAAAGCAATAGCCTATGACCGTAGACAACGCCTTTTGCCATCACGACTAGTAGGGAGGGAAAGTGCCAAGCGGAATGTTTCATGCCGCATGTAGTTAACTGCTTAACCCAAGTTGTGTGCGCCGCGCGCCCCCGTACTTCGCACGCGCAAAGCCGTCCTACGCACGTCGTTCTGGGCTGGACTCACGATACTGCGGCTTGCTTGCCAGGCGAACCTCTTGGAATACATGTATACCACCTGTAGTGAAACATCAGTAGCGGACGCTGAAACCCATACCGTGTGGG,871,52.12,Arabidopsis thaliana
SEQ_355175,AGCAAACCCCTTCTATCCAAAGCAAATTATGTAGGGTTTCGATCATTTCTGGAGGGGTCATATGCCCAATGCGCCGGCTTCGCTCTACAAGGAGGACGGTGGGCCGCGCTCTGACACAACGTGGGGGACTAATCCCCAAGGCTCGCAATTGCCCGATCTTCACGACCTACTAGTCAAATTATGTCCGGGCGGATTGATCCTAACTCCAGCTCTCGCTTAACTGACGGAGTTGACAACTTCGGTGATAGTGGGATGTGGTTGCAATAAGGAAGGACCCGGTCTATCCGTCATGTTCACGCCTTCAGCCTTAAATGCGTAAGCATTCCCAGTCGGACTTGCTTCCTTGCTCTCCCTGAAATTCATTGGCTCCTGTGGAGCATAAGGGAATCGCTTAAGCTGTCATTCTCGGCGCTTAGGGTTGTATAGCCCTTTCCAAGATCTTTACGAAGACAAAGTGAGACAAGAGGGTTGAGACGTGCCGTGAATCTTGGGCTGCTTTTCCGCACCTTCTGAAACTA,518,50.77,Homo sapiens
SEQ_152762,GGCAACATAGTGTTAGTACTGGATTACCTCAGCTCCGTCGCCCGGCTTAGTAAGGTCAGGTTCTGGAAGGCTTTAAAAGGTTCGTGGTTACATCATAAAGGGGGGGTGTCGTATGATCTCCAATTGTGTACGGATCGAACGCGAAGTGGTGCACTCACCTATGCGAAACCACCACCCGTGAGACAGCTGAAAGCATTTCACAGTTTTCCTGTGAAGCGGTAAAGCAGTTGGGCGATGTTGCGACGCCCCTGAGCGGTACCGATATGTCATACAGAATTGGGACCTGCGGGATCTTTCAAGACGGATTGTCACGGTCACTCTTAGCCGAGCTTCGGAGATTATAGAATCGCGTGCGAAGAGTGCCATTGTGTCAATAGGTATGAGCTTCGTCCACCAGTAGAATGCCGGGATACGAGTATCCAATGAGCGCCACAGGACTACTTGAAGATAGGTAACCACCAACGATTCACTACCCACCAATATGAAGTCTAAATCTTGTCTTCTTCACCTACTCTCACGGAAGTGCATGGCGGGGGCTATTGAGAATCCCAATTCGATCAGTGACGACCCACGCGAGCAGATTACCCTGGAATGGTTGCAATATCATGGGATATGACTAGGGCTCATATCTCCTATCGCAACTTCCACTGAAGCACTGCAACGCTAACCGGGCCAGTGGCTTCAAGATTAAACCGAGCTTATAGATTGGAAATAACACGTGCAATTTTGTACGGATTTGTTCATGGCAGAGCAGGTACTCCCAGCATGCTGGCCACCTATGTTATGGACACTTTTCAACCCTTTTTCAATTTCCGCCCGGGCACATCCCGAAACGCAGAGGGAGCCTCGGTGCGGCGGTATGTGTCTAATGGTTTACTTGTTTGCATAAGGAAAAGTTGAGCACAGTGTGAGGCCCCCGTATAATTACGGGGCAGTTCAGAGTTGAGTTCCGAGGAATGAAGGGATCGAGAGGCAATCTAACTGCTACCGGCCTGCTCTTTTAATAGGCGCACGTCCAGTGGGCTAGCTTTTCGGCGTCTCGTAGAGGCGGCGTGTGGTTCGTAATACACACCAAATCCCACGAATAGACATTTGTTAAAGACACATACCTAGCGCAAAATTCTCCATTTCACGGACAATTATGGTGCGAGAAATTTGAGGGGCTACATGTGACCGCTGACTAGTAAATGGGAAGTGAGGCTAGGTCCGGAAGGACCGCCCTATTACGATATTGAAGTCAAGTGGTAGTGACCAGCTTAGCGCCTGAACCCGGCACAAAATCTAGAGCCGTTTGACAGGCTGCGAATGCCCATCGCACGCAAAACACTCAAACGACGGGATGATGCCAGCGTAAACAATGGGTATAATGAGATATAATCCGATCCGCACGGATAAGGCGGAGTACGAGACGACTAGGCACTTGTCTCCCCGTTACAATTACCACTACACT,1450,49.59,Homo sapiens
SEQ_161310,CTGAAACTCAAGTGAAACATACTAATCGCTGCGGTAGTTAATTTTGCGTTAGAAGCCCCCTGACTACCACCGGTGAGTGGGGCGCAGACCTTCTATTTATTGCGTCGTAGTCCAACGCCATAATCTTTTACTCGCAGATAGTCAGCATTAGAGCTCCTAGTGCTGCAGGTGAGTCGTACGATATCTTAAAAAGGACTGGAAAATGCACCTCTGTCTTGGTAATAGAATCTAGGCACGCTCTCTCATGTCACGCTACCACGTGTCTAGCGTATCTCTCACCAAACCTACCCTTGGCGGGACCATCAGCTTGATTTTAATTGCGTTGATAACTCGGGACTAAATCTGCAGCATGTTTCGTTG,360,46.67,Escherichia coli
SEQ_837829,CAATCGTAATGCCCCCTAACCCCGCCTCCATCGGGCGGCTGGAACTCATTCGTGCGCCAAGGTGTGGTATCGGCGTCGGACAGAGGAACCGGCTTGCGCGTCAAGTCATAGCTTATAGGAGCAGGACGGTCCAGAAAGCAGAAGGGTTGGTTTAGTACGCATTCAATATCAACCTTACCTAAATTCCCTCTGCTCGCGCACCAATTACAGGTGCTCGTTAACCCCACCCTAATTCTCTTGTTATGTCTGAAATGTCCGCACAATCTCCTTAACTCCATTAGTCAAATCGCAAAGCCGGAACTAGTAGCTTAGTACAACGGAAAAGCTAGTTTGATAGAAGTCTCCCCCGATCCGACCAGAGCGCACTATCGAGATACATAGTCTCCGACTCCCATCTTTGAATGGAGATACAAAGACCCGGCATGATTGTATATCTGAGCATGAAGGGCCAAGATTACGTAATGACATCCCGCGTGCCATAGTCCTGATTCTAGGTGCAAAGTCCGGGTGCGGAAGTGCCAATATTACGCGATAACCGTCTTTAACAGCGACCCTAGTCCTCTTGACGGTCCTACCCAAAAAAGAGGTGCTGCCACCTTCCTCAAGCCATACTTATAGACCCTGGGTTCGGAAAAAATCCAGAACGGATAAGCCGATGATTGCCCGTCTTTGTACTGAAGCGCAGCTTTTTCGAAATATGACGTCCCCAGCTTTTTCTGAGTATAGGCACTGACTGCCACGACCTATGGGGGGCCAGCCTTCGTTGATGCCAACGGCGATCTTCGCCCATAATCCCTGATCATCACGAGCACTACCTCGGGGAGTTGGACAACCGAAAACATACTATGAAGTTTTTTTTCAGATCGGGAGGTCTAACTGGGCGTTTAAGTTTAATGGCAGTGGCGTGTGAACAGGGCATAAAATTCTCTACCTCTTCTTTCTCTTTTGGGCCCGCCTGTCTTCCCTGTCGTCACCCATTTGTTGTCCACCAGGGGTAGCTCTAAGAAGCTTAAGTAAAACAAGGAGCAGTTGAGAAAGACATCTGAGATACCCAATCGAACGATAGCGCAACATAAGGGCCGGAACCAGTGGGATAGATGGACTGAAGATGTTTTCGGTCTGGTGTGTTGGTACCGGACCGACCGATTGACCGGCTAATCTGCTAGTTACTCCGCATCGGTCCAGCAAAGCGCAGGTCACCGATGTGACGTTCACACACAAACCCAGGAAAGTAATGCTGCGTGATAAAGTTTAAGTTCCCTACTCCATCTAACCAGAGCCCAACGCGGACTTAAAGACATCTCATACAGCACAATTCTCAATTCCCCGCACCCAAGAGGGTAAGCGAATCATCCTCGCAGTGTCTACGGTGCTTAGGCGAAGTTCATCTTTCT,1394,49.57,Arabidopsis thaliana
SEQ_639946,AAGACAGTTGCCAAAGGCTATAAGATGGCAGATTATGCGGTATAGCCTCATATATAAACTTGTTAGAAGGCCTGGTGATAAACGAGAGTGCGCGCGAAGAACTTCTATCCCTACAACCACATGCAAGAACGGACGTAATGGTAAGGCAAATCCAAAGCACGGGCGTAGAACTTCCAAGTCAGGCAATAAGAGCGGTTGTTCTGTGCCAATAGTATCCAATCGTTTGGGATTCATAGTCCAATGTTTACGTGTTTCGTGCCCACCCCCTTCTGGCACTTACTCGAGCCCATGCGTTTCTTCAGTGATCTGTATGACGACAGAGTCGCATTCGTCAAATTAGCTCGTTGGGCCCCAAGTTCTAAGCAGTACATGGCAGCTCACCAGCTATGTGATCTATCTTCTTAAGTAGGGCGAATGCGTTTTAGCAGTTAACCGGTAATGTACTGGGGTTGTCTAGGTCGGGTTTTATAAGTTATCGGGCCGATACATTGTAATACAGTGTCTAAATGGTACGTCGCAATTCAGGTTTATAACGAACGCTTATTCCCACTTCATGGAGGTACCCTGACTACCGATATAAATCCGTAAGAATGCGGGCAATCACCGAGGGTTAACCAGTCCCAGCCCAGAGTGTCTCCGCGACAACGGTGCTGGGCCCGTATGAACTGAGAATATTCATGTCTGACAAACCGCAAGACTTTGCGTGGTTAAATTGTAACTCAGCGTAGGTCAAGAGGGATTAATCACCGTTATAGGAGTAAAAATGTTCCCAGTTGGCAATACGCGTTATGATCGCATTCCTGACCCGAGCAATACACCTGAAAGTCAGCACGTTAACTTACGTTCGCTTAGGGCCAACATCGCTAGAACTGAATAGTACACGGAGCATGGCCATTCCCACATGACATAGTATTTTTCTGTTATCACGCATGCAAATATCATCTCGTTGATATGTTGGCACTGTAAAAGCAGAGTGGCGCGTAACGTGAGTGCCAAATAACCGGGGAGAATAAAGGAATTACTGGACGCGGAGGAAGGACGAACTATTTTCGGCTAAGGTACAAGATGTCAGGAGGAGGCCGTTTACTACGTAGTCTCCCAACTCAGCACACTTCCGCGTCT,1122,46.61,Drosophila melanogaster
SEQ_434734,CGACTTCGATCTCAAACTATCATGGTATTAGCGAGTCAAGTACTCGGCGTGGGTATTCACGTTATCATTTTAAATGGACTTTTTTGGTAGATGCCCCCTGAAAAGCCCTTGCTACTTTTTGGAAGTCTGTCCCGATCCCGGTCCCCGCGTTTTCCCGCCGGGGCCATACTGTACTGGCTCGCGACCACTTATCAGTCTCTCATGATAGCGCCGTTTCCTCGAAATTTCGTAGATCTGAGTAGGTCCCCTAGAGCTGGTCCCCTTATTGCTCAACCTGAGCGTGACCAACTGCTTAGTACCTATGCGGTCCTCAGGGTTTGTCTAAAAGCCAA,332,50.0,Drosophila melanogaster
SEQ_765428,GCGCGATCATCTCGGTCCAATATTACACGTGAGCCTCCGGCAGACGGAAGTGGAAGTGTTTAGACAGCAGTCCTTGGACCCAAGTGTCTACGTGGAAACCTATACGGTGGATAAGATGGAACTCTACGATGTGTGCGATGAATCGACGACTCATTCAGCTCGGATATTTGTCAGATACTAACCATGAACCCATTGCGTGGTCTTAATGCGGGCATAACCGAACCGCTTATTCGGGGCCGAAAGGATAAAGTAGCGCTATCCTATATAATATATGCTCCCGTAGAAAACTAAAATCTCTTACCAGTCGAATCGCGTTTCTGCTTAGATTATGGTTGGACCACGGCTCACGCACATAGCAACTTATGTGGTGTATTAACCTGTCATAGGCGCATGCAAACTATACAAAAGGGCGCTCATCGCCCCACTACGTTATCATTGAATCGATGGACGGAGGTAGGGACCTTGGTTCCAGTAATCGGGGGTTGGAGATAATCTAGGCTGCCTCGGTTAACGCCGTACCCTACTTCGAAGTCTCGTATGCAGATCGGATTGTTGGGTCGTTGGAAATAGCCAAACCTATCACCCCATGAGAATACATTAGTCACAGCAGCATGGTCTGCCCGTACGCGTACGAAATCGCTCGGATCTTGTGGACCCTCGATTAAGCGTGCACGTTAATAGCTAGCGCGCAACGATCCGGGCGGCTAACCCCACGGTAGTCAATGCTACCAGGCTCCTTCAACGAGTGCGCCTAGGAGAGATTATTGCCCTTTTTCTTATGTTATGGTGGTTCCTGCCACAGCTCTTTCCGCGAACACCGATACGATGAGTGTTCGTGACGAGGTTATGTTGAACGATCACCTCTTGTATGTTTACGTCTTTCTAACATGCCGGGATATTTCTTCCCTCGAAATATACTAAGAACTGCCTCCGAAAACATTCGAATACTCTGGTGCCATTGTCGGATTGATTAGTGGTAGTATATGTCGATTTGGACTCTGCTCAAACGTGTTAAGGCGTTTCGCTCCGCAACATCGATTGCGTGCGTTTACAGAATATTACGTCTTAACAATGTTGCTCCAGTTGCAGCGCAACGGACATCGTAGAGTGTAGCGGTTCAGAAGCGAAATGATTGCAAGCGTTGATCGGCAATAAATGGAGGGCCCCCATTGACGAGACCGCGCTCGACGCCCATACTTGCACTACTAATCAGAATGCGGATGGCTAGCGCCTATCTTAACGTGCGTTCCGTACATCGATCATCGCCGGTAGATTGACCCGTGGTCAAGCATATTCAGTTAAGGGTTCTGATAGCTGCCGCTGCGAACGTACGCTATATC,1340,48.73,Arabidopsis thaliana
SEQ_900295,AATGCCATTAGGGTCCATGTTACCCCAATTCATATGTAATCCGCGCTTGTAAGCTGGCCGGAGATTCAACACGTCGGAATGCTTGCCTGGCCTTGAACCGCGTACGCTTTGACCTAGTATCAGCCCGGGGCGATACGACGTTCTTAGGACTGTGGAGTCTAGCACTTGTGCTTAGGCCGTATGGTGATCGGGACCTTCGCACGACAATTGTGACACCTGCGAATGAGTCTGGTATGGACCGGGGACAAACCACTCAAAAGGCGAACACGGCCGCCGGCAATTCCTGCTCAGCCCGGTACTTTGGCAGGGCCATCTCCGTTTGTCATGGCGCGTGCAATGTAAGCACAGGGGAGTCGCCCGCGGGCCCTGATAATTCATGCCCCGAGTGTAAACTTCTCAAGGGCGGCGAAACATGATAGTACTAGTCCGGGGCCACCGGGTAAGATTTACTGCTTCCCAAAGGCTGGTTCCTGGTCAGTCGCCACACGATGGCAGAAGATACAGGCTGTTCTCGATGCTGCCCGTGTTTCTCACGTGAACGTACAAAGGCCGCGCGGGATCTCTAATCTGGAGCTGCGCCCTATTGGAAGATACCAATAGACACACATGTTTATGACAACCCTACCTTCTCTTCGGAACGCTCTGCAAATGTCCGACCGACATACCAACGTTTTAACTTTGAAGTTGATAGCCTACTCTAGACTCCTGACTTGCAGTACATGCGTGAGTTCCACTTCTTAGGTATCGTATACTATGATACGAGGGTAATCGGATCGTAGTCCAAATGGGAGAGGACTACAGGTGGAAAGGCAGGGGTTTGTACCCAATTACCAAAGCAACCTAGTAGGGCGATAACGATTCGTATATCATTCGATCAAGCCACGTATTTCCGATGGATAGTCGTCGGTCTATATCCGGATAACGCGAACAAACTAACTTTGTGATCATGTAGCGGATCCCGTCATTCGCCCAGATGTTTTACTACTTAGAGGAACGTCGGTGAGGTCGATCTTTTAACGACCAATGCTTACTGTTATCGTATTTTACACCTGTCTCGTTGGCCGTGCCTACTATCTATTAAACTAGCCAAGCGAAAGGCGCAAGGCCTTCAGCCCAAAATTGGTAACTTGCAGGCAGTCGCGACCTAATTTAGGAGCCACAAAATTCACCTTTGTTAGCCAGTATTCTGTGGGGTGACTATGAACTCCTGGACCCGTTATTAAGTGGACATAACCCTCGGTCTCGCTTGATCTGAAACGGGTCCCTTGCGATAAGTTTGGGTTATAACCAAACATGAGTTATGTCAAACATCAGTCATGGGCAGGAAATGCCTCTCGACATTGGTAAAAAACCGCGATCCACCACATAAACCGCCCAGGCGTTAACCGATGTTATTGAGGACGACATAGGATGGAACCATACGGTATCGCCCGGTACAAGTTCACGGAATCTGAACGCGAGTAATCAACCCGTCCCAGAGCGTAGCGATACGTTCATGACGCGCAGTACCTGCTGAGAATATGCTGTGTGCCCTTCTCGGCGTTAGAAGACGAAAGACGGTACCCAGCCGACGCCACGCTTAGACAGCTTCGAATGTTCCACAATCAATGACACTCAATCGTACAGGGGAAC,1632,50.25,Homo sapiens
SEQ_524656,CATGGACGACAGCCCGAGACGCAGCCAGGTGTTTCCTTCTTCTGTAAATACCCCAAGACTCCGGATGGCAGGCGATGACGACAGACAACAGTATGACATACCCAATTATAGCAAAGGGCTCTAGGCGCCGATAGAATACAGCGAGCACGCAGATAATCTGGACCGGGATAGCGTATGTG,179,52.51,Homo sapiens
SEQ_233737,ATGTGCAATGGGTCCCGATTACTCTCCATTCATTCCGTGGTAAGACTAGGTGGTACGAGTACGGATTAAATTTGGCGCATCAGTCTGCACCTATATACTCGTATATGTATGGCATGGAGATCATCGGAGACTGAGGATAGTCGCCAACTAACGTAACAATCGCTAACAAGGAGAGTAGGGCAATATGAGAAGCGTTCTAGATATGTTCGCATATACGAGGTTAATGTTCGCCGGCCTAATCGAGACCCCGTCACTCGAATTCGGAATGCTCCAGGATCCTAGATGCAGCGGTGCGGTCTCCCCGCGTCAAATCATGCTTAGTCTGGCAAGCAGACAGCTTAGTGTTCCCGACATGGACAGCGATGAGAATTTCTAGGACCGGACGCCATTCGGGCGGTTGCAGGTTACTTCCCTGATTGTCTGGGTGGCGGAACTTACTGCTTTTGTACAAGATAACTTCCGAGGCTCAGAGGAGTAGTCCATCAGGAATTCGTCAGGCTTTTGGTGTCCAAGGCGCCACAAGGGGGGTAAATCCTTGGATCTACGTGCACCATGGCGGCGTCCCGCCTATCTGCAAGTTGTCGACACTTGGCCAAGTAAGGAGAGGCGACTCGGACACGTTCGCGGCCGTCGCTCGGAACATAACATTGGAATCTATGGGGACATCTTGCATTCTGCACGCCCACGCCCGGCACGGCATTAATGCATTTTGAGATTCAAAATAGATGTTGATACTATGCCATGCAGGGCGTGTATTTCCGGACGACATTGAAACAGGGGTGGATTATGCCGCCCCCTAGCTCTTTGGGACGATGATTTCTATTAGATGATAACGGACGTCCGGTCTGCCGACTTGCAAAACTGATCCATTTATCTCATGGTATTCCGCTGCATAAAATTCAGACTCAGTCGCGATTTTCGCCTGATGCGATTAAATGGCAATAGCCATTGTTCTATAACGAATGTGGTACCCGAAGGCTTCATTGTGACATTTCTGCCTTCTCGTGTCGAGATAGCATGTAAGGGCTGTAGAACGATAGTACCATTTGAACGCGGTGAGCTCCCTAGCGACAATTAGCGTCCTTCCCACAGCTTCAGGCGTTCGCGTGTACCCCCCGCGATACATATCACTCCTCGAGAGTGCTTTTTATCCGCGCCGGACCTTTTTCTGTTCCATCTGAGCATTTCGGCTTTG,1195,50.13,Escherichia coli
SEQ_159458,AACAAAAGGTAGTAAACATCCTTGGGAGAGCGGAATAATGCAGAAATTGTACCTATGGAATGACCCTTTCTGTCAATAACAAGGGTCGGAAGACTACTGACCCGTTCTCCCGCTTGGTTTAAACCCTCTCGCGCTGGGCATACGTCGGCGACCTAGACAGCCCGCGGGCGCAGGTGTGTTACGACAACCAAGATACGCAAACTAAGAATGGTCTCCAGAACCCGCAAACCTTCGACACCGGACACAAGATCACCTACGCGCCGACAATCTCGGCGAGGTCACTTCCCGAACAAGCATGGTACATTTAAAAATAAACGTAAGGAACAAACTGCCCCCAGGCAATGTGGCCTCACCTGATGGCTTCTATCAACGCCGGTTGTCTGGCTTACGAAACTCACTTCGGTATCAAGGAAGATCCCCTTACGTCCCTGCTACAAATAAGGTGGAGTCGTTTCTCCGCTTCGATAGGCCTCTCTAAATCCCAGAAGGGTCCCTGATGCATGACTATATCTTTGTAACAGCGAGAGCGTTTCTGACAATGTATAAAGGTAATATCCATGGTAGAGAAACGTCTGCCCTTGGTCTACCGGTTCTCAAACTAGGCGGACTCACGGAACGAACAGATCATGAAGGCGTGTGCCTCAAAGACAGAGCAGCGACTAGAAAGGTAGCCCAGTTTACGCTATCGATCGGCCATGTAATTCCGACATAACGCCAAACTTGTAAAAAGCTCGCAGAAAAAAAACGGTTGCCACGGGACTCCGCTGTATGTTGTACCTTTAGACTATATCGAGTATGCCTCGATTCCAGCTGCTTTCCGGCGTAGTGAAACGACCTCTCGCCATCTTGCTCTCCTCCGTAGGTCATGGGCCTATAGGAAGCAAGCTCCAAGTCGAGGTCGTTAAAGGATCAGGACGGGCTCAGACCCGTCCGACGCCGGAGTAATGCGTGAATGTTTTAGACAAACGTCATCCGAGACACCTGCTTCTGATTTCTTCAAGACGCTGATCAACCTAGGTCAAACACACATAAGGAAGCCGATTTGTTACCATAGTGTTCCGTGCAAGTTCTCAACACGGCTTCCAAACCGGCCTTCGGCCATTTCGGAGGCCTTTCAATTCGATTAACAACACTTACTACCCTCGGGCCCCACATGTCCGACTGCGACTTCTTTCATCACGCATAAGGAGGACTGAAAGTCATAGCCCAGCGGCAGAAGGGGCGGCTTACTATTTCATGTGGGGAATAACAACGCGCCTCATCTCGCCATAATACACGGGCGGTGTTTGAGCGTCTTTTAGGAAGAAGTAGAGTCAAACTTTTCTGTATTAGTCCGACTGCCCCTCCTGGATTAGGACTATCCATGGTGGTGAACATACAGACTACACCCTTGGAGGCCATGA,1403,49.89,Mus musculus
SEQ_205042,AAGAGTAGCTCGACACGCCTAGTAATGACGGCATGGGCTCTTCTCTCTGGGGTAACCAGGTGCCGGCTTTGGGGAGTATTTTTTCGAGAGAGGGGCGTATAGCTTGGACCGACTGACTAGAACCTTGTGGTATTATGGTTAGCAAAAGCTTACCGGAGTGAGAAAATTGCCTCTAGGACCGTATGGTACGTGTAGGTTGAAGGACCACAGAGTTGTCTATTCTATCTATCCGAGTCCGCGACAGAATAGGCAATTAGTTGACTCCTTTCCGGTTGAGCAGGCTGTAGACTCTCGGCCTCGACCCAGCCGTGCCAGACCTATAATACCTATTAGGTGAGTCAAATGCAATCGCGCCGTACTTTTTGGGGTCTCCCTTACACCGGCTGCGGGCCGAAGAGTGCTCGCACGTTATGTACCGTGGGCCGCTTGAGACGACTTAAAATCAATGTTACCTAATAATGTTATGTATAAACAACCCTACCCAACGCGTAAATCGAGATCTAGGGGCGCGACTCTCCTATCAGTGAGTCGTGACTACCCCACCATTTCGGCCTAGGTCATCGAACATCTATAACACGCCAGTCCGCCTCGATCCAGAGTACGTTCGTATGCCCAGAAGATACAGATTCATAAACATGTCATGTAGTAACGACAACTTCTACTTCCTTAGACACCTGGCTGCCTTCATCGGAACTCTCAAGTGCAGCTTTGTCCTAAACAAAAGTGCGCTCCGTTCGCAGGTCCGCGAGTGAATGGCAAGATGGGTACGAAGTCCAAAGGGTGTCCCACGAAACTAAAAAAGGCAAATGGCGTAAGGATAAATGAGCCGGATTGCAGGTAAACTCATAGGTTGAGACTAGCGGGATGTGCCACGTCCTTCTCTATGTATTTCCGAAAAATCGGTCTTCCGTCCTTTAAGGATAGAAACATACGCCATCTATATGCTGTGGTGGGTAGTCTACATTTGCTGGGCTCTACTTCTCGTTTCGTATAATGTGACCGTAATGTGTCCGTAACCCACGCATACTATACCATTCTGACGATGGAGGTTTGCGTTTATTACGCAGGGACGATCGGACGTAGTCTTCGAGGTGCCCTTGCAGGGTGTGCAACAGAGTAACAGCTTAAAACGCCAGTGCTTGTACGTGCCAGACCTCGTGATATGTGCGAGTATTAGATCAGCGACGGTGGCTTGCGGCCACGAACCCATAAGTATAAGCAGCAATACGCCTTACAAAATACTCCGCGCAATTTGGGCGGTAGTCTCCCTATTGCCCAGGGAAACTGCCTTTCCTAACCTTACAAAGGGGTCTCCGGGAAAATATAAAAAGTCGGCATACCGGCAGTCCACAGCGAAATATGAGTACGCCAGCATTGCGGAAACGAATTTGCGGAGAACCAAAAATCTGCAGGATTGGTACGGTTCTCATCATCTATTACCACGGAATTAATAGAACAAGCCGATTACTTGGAACTCTTAGCATCCACTAACGGGGATGGAACCCGGACAGACGCCGAGCGTCTATGTGTCACTGAGGATGTTACTAACACCCCTCGAGGTGATCCCCCCTGCAATATGACCATCGCTCCCTAGATGTTCTACCCCTGTTCGCACTGGGGAAGACACTGACCAACTACGGAGATTAATTGTCCTCAGGTCCATTCAAAAGGCGGATTGATAGTGTCGAATAGCGCTCGCCTAACCAAACGGTAGCTGTTTCGCAAGAGATGACAGCCAGTTGACATTCCGCCCACTGTAAAGAACCCAGACTTATGTATGTACGTGCAAGTCTATATAGAAGTCTTACCGCAGCTACAAGGACTCATTTACCATAATTAGATGTGACTG,1849,48.78,Homo sapiens
SEQ_158623,AGATCATAGGTTAACTTTCTCCTAATACTTTGTCGATCTGCTACCGGGCCCTGAGGAATTTGGAGAGAGCTGCACTAGCTTAACCGTAAGGTACGAACCCGCACGTCCTGTAAATCAAGGTACTCATTTCTTTCTGATGAAACAGGGCTTGAGTTTCACCTCAGCGTGTTTGACGAGTGGAACCGATGACCCTCGGGTATGATCATCGGTGTTATATCGTCGATTGCGTGAAACTGCGACCCATAGCCCGCTGTGCCTTCCGATGGCGGGGATAATGTGCACTCTTTGACCCAGTAGCGCAGGCTATGGGTATGCCTGAGCGAGCCTCTAGTGCGAAACCGACGCCTCCTGCTGCCGGGTTAAGGCGTGAGGGAACGTACTACTACTTATGTCCAAGAACAGTCAGTAGACCTCTTTGGGGATTCAATAATAATTTGGTCCTAACCTGACGCACAGGTTTACGGTGATGTCCTAGAGCGATGGATCGGCTCAGTAGCCGTATCGTAGTGTCTCAGTATTGGCTAGCAGTTTAATGCAGTCGGTACTCGCAGGTGACAAACAATAATGTTCGGTCGTATTGCTGGCCCATGATACTTACGCGGGAACTCCTTACGGCTCGAGATTAAATAAGTGTCGTACCTGCTACTCTTGCTTGAAAGAGACGCATCATTTTCATGGAATCGTGTTATCATTACAGTTGTTAAACATTAGAGCTTGACTTCACCTTTCGGGTGGCCCACAGACGATGTTCGGCAGCGGGGAATGTAGTCACCTGAAGCATAGCAACAGCAAATTTCATATTGGGAGGGTGCGTCAACATCCGCAAGCCGCCGACACCACAGTGATTCTTGAGCACTCTGGAAGCGCACTTGGGACCGATTCAAGCACGACTGTGATATCTGTAATCGGTCCACACCAATCACCCTCGGAACTCTGCATCTCACGATTTGAGCCGGCTCTCTCGCTTGTCCCTTAGCGATTCGGTGCTTTCCCCATTTTACAACACTTAACAATCAACCTAACTGGGGCGGATCAGGGTCTCCGATTGAGGTTCTCCACCTCATACGAAAAGGTAGCACAGACTTAACGACTGTAACGGCAGCGAGACACTGCGCCCGCCCTATAAATACTTGCGCAGAATTTGGGCGAACAGCATACGCCGCGGACCGAAGCGAGTCATTCTCATATCGGACGATTGCCTCAATATGGAGGCGCCTGCGCAAGCAACGGAGATTATTAGTTCGAGTCACTTCCTATGCGCGACGCCGATTGAGTCCACAGATTCACAGGCTATACTGCTCTTGGACCGAGCACGTTGAGCGAACAGGACTTTACTTGACTGCTGGTGACGTA,1353,50.33,Drosophila melanogaster
SEQ_853148,ACTTCCTAGTAACGTCGCTGAGGGCCTACGCACTCTGGCTCAGCCTTATTGTCTAATCGGACGCATGCAGTGCGAGTGATATCAATTTGGCTAGGTCAAAATCAACGGCGACAATTGGATACACGAGCACTCTTGAATTAGTGTACCACGATAGACTTTGCGTAGTTGTCCATCACAGTGACAACCTGTTAACAGTCGGACACTACACTAGCGAAGATCTAGGGACTAACTCAAATTCCCCGCCTGCCTGCTTAGCAAACCGCGCTACTTATGGCGATACTGGCTCCCTTCTAACAGCCGACAGGGTCCCCACTGTCGAATCTGTACGTAATACGTCTAGCGTTCTGGAGCTAGAACTTCTGTGATGCGATTCGCTAGCCGTTCCCGTTCTGACCCTACTGCGCCGTAGACTATAGCTCTAGATCACCTTACCAGGCGCTTGAACTTAAGACGGCTGCGCGCGCCACCATGGCAATGTTAGTAAAAATCGGCGAGCCGTACGCGGCCGGAATGCAGCCAGGGCAGGTCACCGTGGCGCCAGCCCCGTGGATGGGGAAGTCAACAGTTCACCCGAGGATTACCCAATATTTGTTCACGACTGAGAGGGTAATACTCGAATAGCCTTCGAACCACACTAATCGGCAGGCCAAGCGTTGTATCCGGTCGCGTAGAATTTGCAGACTGCGCTTACTGCCAGGGTGATCGATGACTGGCTAGCGGGCGTGCAACTCGCTCAGAACAGCCAGGGGGCACACCACGTTAGTCCTGCTGCTTCTTGACTGCTCACTCCCCACTTTATAGCGTGGATTTCCACTTATTATATACCGAGCGGTCTGGGGTTTTATGCGCCTATCTGACATAATTGCGCAGTCGAATGTGATACACTAATCGCAGGGCTACCTAGCACTTATATTA,915,52.02,Caenorhabditis elegans
SEQ_196466,ACGGCCCGGGGCCCGAGATGGAGACACGAGCCTCCAAGTCGTATTCCGCTCTTCACTCGTATTAACCGTAGTGGGTTCCCTCGCGTTAGGAGCTACCGCACAAGGGCGCGCTGCTCACCTTCCGTGGTGCGATAATAACACGCTATCTATCCTTCAAGGCATGGAATGCTATAAGTCTCCCTAAGACGCCACACAGGTAGACACGAAGTATGTTGTGTAAATCCGCGATCTCCTAAACACTTTTTGAAGCATCAATGTTGTATTCGGTAATACGTGCCCACGCTGTCGCCACAATTGAAACCATTCCCATGCCTCGGCGACGCTTAGTCGGTAATTGTCGCGTCGCTAGGTCCTACTTTTACAGATGTTCAAGCGCTACACTGTCCGTGGGTCTAACCACGCTCGTGGAATGTACCAATATAGCATAATACAGTCATAGACTAGGATCGATGACCCCTTGGCACGTGGTATCAGGTGATCACTTTGGGGAGAATTCCTACGGTCGCCTGTAGTGCCGGTATAACCAGGTACCGGTGAGTGCAACGAAAAAGGTAACTGTCCCCAAAGATTGACAACAACAGTCAAAACCAGGCTCTACAGCGGTTCCCGGTTCAGTG,617,51.05,Mus musculus
SEQ_556270,CGTCACCGATGTTTATCTACGACTTTGTCAAAGACGGCATGTATATAGTGACTAAACAACTGCCAGAATATGACCCAAAACAGTAGGTTTGTAGCGACGCTAAGAAACACATGGATCCAACTGACCGGGCTCTCCATTTCATAACCCTCCGGGCGCGTCTTGATGTCCCATTTTGTTCTATCTTTAATCCTGGTCTTGCGTGCACACCTGGACACAGGCCTTATTTCCGATAGAAGGGATGCTGTATCGTTAGTAGTCATTCCCTCGCTCCCAGTGCTATGCGGGCACGACATGAGCGATCATAGATCGTAGTGCTAGTTGCTGCGACACACCGCTGAGCAGCGCCGTACCGCTCGGAACTGGATGTTCTGGGATCTTTAATCAACAAGACTTTGACTATTACAAGGAGCGTTTCTCCGGAGATTCGGTCCATCACTACGATGTCTTAGAGATGTCCAACTAAGCGCCGAGTTACGCAGCCCCGCATGACTGACTCCAGACGGCCCCCAGCATGAATGGGAGATAGGTATAAAGCCGTAGGTACAATACCGATAACGATGTGGCTCACATGCAACTTGGCGGCGGCTATCGTCCCTTTAAAAAGGTGGGCGACGATGTAACATTCAGACGGTTGCCCCACGAATGTTCTTGTAGATCATCAAGTTCGAATCTCATGGGGATCCAAGAAGTAAAATTTACTCGATTTGTTCGCAGAATCGAAGGATTTCTATCAATACAGTTGGTGGCCAAAAATTTACCGCGAGTAAGAGCGTGCGCCGTCTTTGTGCCTCGCCACATGCTGCGATGGAGGTGTGGCCAAGAACACAATAGCTGTTCTGCTTGCTTTCCGCTGAACTGTTGTGTGCCCCAGTTTGCAGCGCGTAATCATCGCACCTTACGGTCGAGGAAATCGAAACAAACTAACCATGGGCACTTGACTTTCCTCAGTCCAGCACGGCTGCTGGAGACGTTACTACGGATATTCGTATTGCGGGTTAGTCAACAAGCACGTCGACTCAAACAACCAGTAAAGAGATAGGAAGGGAGAGAATAAGCGGCCTCGTAGATACCCGTGTTCTTTAACCCCACAAAACTGATCTCCAGAATGAGCCACGAATTAAGCACCTGTAGATCGCGTGTTCTGAGTTCCCACATACGGACCTATTCGACCTAATCCAAAGCGGGAAGGTCGTGCTGTTCTGAACTCCAAGCTGCGAGGTGAACCCCACAGGACGACATTGTGGATTGAGTTCACCCTATACGACTGAGGGGTTAGGAGCGGGTCAAGTTTTTACTTTTGCGAGGGGGGGGCAAATAAAGGCGCGATGGTCACGCACTCGACAGTGTAAAGGGATAGCATTAGTGGGAATATCAAGCAAAACAAATAGCGCTTCGTGCTGCGAGCGTCACATCGTCGTGTTACAAAGCCTCTCTGCGTCCTGACTCAACTGCCCAGCCGTTTCATGTCGGCTCTATGAGAATCAATTGTGCCCTGAGAAAGACGGGTTTCCACTCGCATCGCTTGGGATTACTAGTGGTCCTATCTTATGTGCACGGCTATACCACCCTCTGATATCTGTATGAAGCCCCCCGTCGAAGGCAAATTCATCTAAAGTCGAGGTGGAACCACTTCGGCTATCCCGAGTTCAGATGAGCAAAACAGGCGCTGCTCAGGTTGATTGACATGATCCTTTATTACGCGTGTGACCGGACGTTCCCTGCAGCCATTAGTCGACTCGTTGGCGGTGGGTTACGTTAATGCTCAGATGACCGTGTCAACGAATAACCCTTGGACTGCGTGGTTAGAAGTCGAAAACGATGGTCTAGTTCCGTGCCAACGAGTCGCAACGTTAAGACTCTGTCCGTCCTGGTTTGCTGTAGGCCTGAGTGCACAGTCCAATCATCGCCGGCAGGGGGGAGGTCCTAGCACCACACGGATGGATATTACTGCGATCGAAACCTGGGACTACT,1971,50.23,Drosophila melanogaster
SEQ_663216,CGTTGTGGTCAAATCCTTGACGGCAACATAACCCCTGATTTCAAATCTCTCCTCCCTATTCTGATCTTTCGATAGGATCGGCCGGCAGGACTCTTACTCCTAATGCTTTGCGACAAGGACGGACTGAGTTATCGGCGTCACTGGCTGAATGCATCGCTACCTGCCAAGTAGAGCGTGTACCGGGGATCCGTTTGCCGTGTTCCAGTTGCACCTCCATCAGCCAGCCATTGTGATTGACCCCAGTAGTGGTTGTCTTATGGAGCAAATACTCACATAGTGGATTAATCCGAACCGCTTAGCTCCGCCCGCTTCGTACACGAGCACAAAGGCGCTCCTTCCCTTGGGATATCCTGGCCGTTTTCGATCATTGCTCTCAATGGTTAACAGCCCTCAGCGCGCGATGACCCCAACATGCATGTCACGGCCGAATGCCTGGCTAAGAGTAGACCCCGCCTTGGGCTAGGGACCTCTGGGGGTGCTTCATTGCGACGCGGGTTCGCCTTCACTGTGCTGGTACCGTGGCTGGCCCTCTCGGTCATACTAGTACGGACCTCGGGCCCGAGATTACTGATGTTATTTGGCTGGCTCTAGTGTGTAATTCATTAAAGGGTGGTGCGTACCCCGTCGGCTCCCTTGGGGTTTGAGAGCGTCTGGAGTGTGAGAGATTCTGGGTCTCATAGACGTCCGGGCGTCCCAGTGAGTTTTCCTATGGGCACTAACAAAATAGCTGTCCCAATTGGAACGCAGAGGCACTCGCACTAGTTCGCGGTCATACTGTAGTCAGACTGGACAAAGGTGAAGGGCCAACAGCTTGTAACAGTATCAGGATGGCCTATTTTGCGTAGCACTTTCGCGCTCCCCTTTCGCGTGCTCCCCCTCCAAGTCGTCCGGGTTGCTGGGATGGTCAAGTCTTTGCGCACATCAAAATTGTATGTAAACAGGGGATATACCAACGGTGCTAGGTTTAGAAGTATTGTGGATGTTGAAGGAGTGCGTCACAGACGGGATATCATCCAAAGTACGTTACGCTGTACGCTATCGTGACATAGGGCCGCGGCTCGCAGCCATTATTCTCCGAGGAATTACTATTTTAGGTCACCATATGCCCAGGGTCATCGCTTGTCGCGCAGGGCTTAGCCCCACGTAATCACACTAAACGCGAATCATGCGTATATAAGTCACCAGAAGTTGTACG,1195,52.8,Saccharomyces cerevisiae
SEQ_144498,GGTAAACTATCCCTCGGCATCTTGGCGTCTTAAAGCCAGGTTTCGATATTTAGACGTTATGGGCGATGTGCCACTAGGTTTAGGGCCATGTTAAGCGATGTGTACGCGTACGGCGCGAGGCTTAAACGCATACCCATACGTCAGTGATGGTCCAAAATCCCAAAACACCTTCTAATATTAGTTTGAGTAGCGACGAGGCCCACCGTTGGCGCACCTCTCGTTCCGCCGAAATTAGTGTGCTCGGGACTATTACATACTGGTAATGACAGTACAAGGTAAACTATGTAGCGCGTATACCGGCAATCAGCCAATGCAACAACAGACTACGTAGGTCGGTATTTCGTTGAAGCTGTAGCAAGAGCGGTTTTATCATTGACACTAGAGGCTGGAATGAAAGCCCTAGCCCTGGTTTGGGAGAACACTCTTCCTAGTCGAGCAACGCACTGACTAGTCGTGTACAACCTCACTGCGACTCCAGGTTGCTTAAGGACCAAGAGCTAAAGCCAGGGGCAGTGGGCCAAATAGAGGACGCCGCGAGCGCATCCTTTGTAGAATGCCTCAAGAGTTATTCCAGGATGGGCATCAAATAAAGTCCGATTTTCGCCAACGGAGACCCTAATGATCGCGCATGTAGCTTTGTCTTAGACCTCCTGCGTAACGAGCCTATACGACGTGGGGAACCGTACCCTTCGGCGCAGCGAATCTTGCACCGGAGCTGTAGGTTGGTGGTAAACGTCACCTGCTGAAGTATCCAAGCTGTAAGAACAGTGATCGTGCTTAAGCTGGAGGCATGGAGAAATACTAGTGCTCTAAGGACAACGTGGGCGATGCCCCATGAATTTTCCGTGAGGGTGGAGGCGCGCGTGGCCCTAGCGGCTACGGCGAATCATAGTGAGACCATGCTTTCTGATGCACGACACTCAGGGACGGGGTCCTCCCGATTATCGGGTATCTTGCATTACCTCAGGCGATAGGCAGCGTCAGAGTTTGCCTCCCTGTGGTATTTCGGCTTCGATAGTAAAGGTCTCGGCTCACCAGCGGTTGATTCATAGGGGCACAGGGAGGGCTACATGGTAAGTAGTGTCGCGGGATGGCCGTGTAGCTGGTAAAATATCGAATGGATGTAAACGTCTTGGGGAGCGTGCTGACCAACTGGTTATAGAGGCCGGTGGAAAGTTATTAGGTCAGATGTAGAACTCAAATGCGCGGCCTCTGGCTATGAAGAGCCTGTACTGTCGGCAGTTGCTGCTCTGACGGGGCCGGGGAGTATACCGTGCTGAGCGGCGTACTAGCAGCCTACTAGAAGGCTCATACGTTATTGTTTCAGCAACGACAGGTCCCCCTGCGGTGGATATAGACAGTCACTTACCATCGTTTCCCGGTCGCAGGCGCCTCACGCGGTCGGACCGTCTGCTTCCCGACGCCTAAGCCTGGGCCACAATTCCGCTAATTGTCTGGCTTTCAGCAGAGCTGAGCATCATCACGGGCTCAGTTCAACCGCTCCCCGCTCACACGTGAGTAAGGCAAGATGTCAATTGATATGAACAGGATTATACATACCGCGCAGCGCGCGGTGAAGTCAGTATTACCGTCGTACCAGTCCGAACGCGAATTTAACTGTACGGGCTATAGTGATCTCCAACAGCCGTTTCCTACAAAGAACGAAGGGGGTGCACCGCATTTAGTTTATGAGAATACTCCAATCTAGAGTGTCAGGTAACACCCGTAACAGCAATCTAGACCCCCTCTGACTATGAAGATTGCTCGAACTAACCCA,1777,52.05,Homo sapiens
SEQ_128814,AAACCAACTACTTGATCCCCAAAATTCGCCGTTCTGGGCGAGACACATTTGACGTCGTTGAATCTAGCCACGTGTTGAATGTGTCTATATGCGACGTCCAGTAATATCGTTGCTGGCCGCCTCCTGCGGTACCCAAAAGGGTTGCCAGTTCTTGGTGCTTAGTTGAGCGATGTATTGCTGACTACAGCAGTCACGAACAAGACGCGCTTCATAAACGGGTACTATGGTGTATTTTACTATCAACGGCCACGTTGTCTCACGTTATCGTGTGTGTCACAGGTCGAACGTCTCGCAAAGGGACACACCGATTATGAATCTCGTGCTCGAGCCTGTGAAGAGGACCGCTTGGGTATCCCTGCCCATCACTGCGCTACCATTGCGTGTAAAGATACCTAGGCGACAGCCTGATGACAAGGCGCTAGCCTCACATTAAGATAGTAACATAGGTTCGTATGTGTTAGGTAACAACCATTATGGGATGGCCTTTGAGTTATGATACTAGATATGTTCCTACCAAACTGAAACCCAAACAAGTTCTTGAGAGGCACGGCATTATATCGCAACATTCAGCACCAGTACGGTAAAGAAATAAGGCTGCCTTAGTTGCTGTGGCTTCTCGAACGACTCTGACCGGAGATCGAATTTTACGCGAGATTTAAAGTCCTCACAGCGGCTGCCGGTGTAAACCGGCGGACGACAAGCAAACGTCGAGCCGGCACATTCAAGCAGGGCATATTTACATAAGCTGGCGGCGCCGCGCGCCGAACTATAAACTCAAGGTCGAGTTTTTGAATTACTCACACTAGTGGCTTTGTGATAGGAGACAGTGCTCCGTTGATTCACTCTTGCGAGCCACTTGCAATATATTGTATTACCTTGCGATACCGACTATGTCTGAACCCCAGGACGTAGTTTACGCAGAGGTAACTCTCGGAGCGGCATCCGCTGCTTGTACCGCCGACTTTTACACCTGCGCTTCGCAGCATTTTTGATGTGCTGAGGCATGTCCCCGTTTATGCGTAGGTCCCCCGCTATACTCAATCAGCATTTACTGATAATGATCACTCTCGGCAGCCTAATTGCCTGCCATTGATGTTCCCGGACGTTCATGCCATCCGTTTCCTTTAGTATTAATATGATACGTTTGCAACCCAGCGAACTCGGTGAATTATTTTTTGGCAGATTTACATCTCGCAAAGGAGGGTGCTCGCCGTGAGTACCAGATGAACTCACGCCAATCACTATCGGTTGGATACAAGCATACATAACCGCAACCACCCGAACTCTAAAGCTTGCCGTAGTGCAGCACATCTGTTACTGAAATGCTTCACTTGACGCATGTTTTGCCGCATTCTTCGAGACATTGCCAGCGTGGCATGCTCGCAGAGCCCGTTCCAAGAATTTCCGGAATGTGGATTGAACTGTGTGTTGATGCGCGGACCAACCTCTCACTCCATTCTTACACCCACTTTTACTGCGGGTCCGGGGAGACCCGTCGGTTCCTTGTCGCTGCCCTTGAATGATGACTGAGTTGGGCGATTCTTGGGACCCAATGTTAGTTTGTTTACGCCACCGTAGGAGTGAAAACGTAGTGTCCATTTTTTCCGCGTAGTCTGAGGAAGGTGCCTCGTGGGTCGTTTTTTAAAGGGGGATACTCGTAAGTATATATAGCCTGTCACCCCTACCTGCATCTAGAAATATTTTACTCTAACACGTTGTCTAACCGAAGTCTATGAGGAGAGACACTTCGCCATACACCCAAGAGATACACTGCTGTATCACTCGGTTTTATCGTATCTG,1800,48.61,Escherichia coli
SEQ_815081,GAATGGGCGCTGAGGTGCACTGTCGAGACCCGAACATCCTCCTAGGTCCACCCCTCGAGCCCGAATTTCGGGTCTGGTCTCAAATGTACATATCCAATTCGTTGAGCCAATAAGGTAAATTTACTTATCTGAGTTTCATGGCTTGAACGGGACACTTAAGTAACTGTTTTCGTACCGAGCCAGCTCACGAAAGTCTTACGTTCTCGATAGTGAGGAGACATCGTAATCATCCACAGACGAACTGGTGACTATGGCGGTGGAAGCAAGAAGTTTGGTAGCATTATATTCCTTCAGACGCATTACATAAAATAATAAAGTATTTAGCACGTCACCGCCGAGACACGTCCCGCACCCAGGCTAGTTGTAACCTAACCTTATATATCTGATATATGCCAGCGTTCGCAAAACCCACTGGTGTCATGTATTCTACCGGAGACACGGCGACGCGCTAAGAATCACAACGCTACGAACACTCACAAATTTAATCTCAGATCGAGTCGGCAACACCAAATAATATGCAAGTGCTGAAATCCTCCGTGTACTCCCCAGGCTTCCCACCCTACTGACAAACTGAGCAGTAGGGGTGGATACCAGAAATCGGCTGCTAGAATCGCAACGATACATATTAAGGCACCCGTACCCTTCGGCAAAACGCTTTAAGGGGGACGTCTCTGTAGCCATTGACTTTACGGTTCTCACAATTGAAAGAAGCTTGTTCAGTAAGATGTGAATCCCTCAACCTAGGCAACCAGCTGTGGAAATCCAGACATTCCGCTCGCACCAAGAGAGCAGGCCGTGAATCATGAGAAGACTTGTTCCGGGCAACTCG,829,47.77,Mus musculus
SEQ_870676,CTACTCCAGCCTTATTACAATCAACCCTAGCCAGAACCAATAGTGCGCTCTC,52,48.08,Drosophila melanogaster
SEQ_807895,ATGGAACGGACGGGGGCATACGGTCACATGCGAATGGACACGCAAGAGTATCACGAACACCTTGACCGGGGTCGGATCTGGGACGCCCCGGAGTCCGTAGACTCAGGACCCCTCATAAGTTCGCCTAGTTATCCTCACCGGTGATGGGTGTACAGTGCGATTGGCTGTTCTCGGACTACTCGGACCGAGGACTCAGCCGCAGGCCAAGGGAGGGTGCTGCTATCCAGGCCCTCGCGCTTTACCCACCAGCAGACCCCCTATTGTCCTGACTCGGTTAGCCTACTGCGCCCAACTGCAGTGATGTATTCTAAGAGCGAATGGGATTAGCACCAAAATAGGGGTACTCTAATCACTTGCCAACCCAAGGATACGGCGTGAATGACGCTGTACGTTCGGGGGCCGGTAGTGCAGACTCGGATCCAGGTTCTTAGGGGCAAAAACTTTAAGACCCCATGGTGAGGGGAGCCTATCGGGAATGTTCTACCCCCACCGGGAGTACCTCTGACCCAGCCCGTGCTCCCCCCGCCGACGTACATTATGATATCAGGCAGACTCCGGCGCAGAGTGGGAGACCGACATCCACATCTGTATCCCTTATCTTCGCCGCCGGATATCGCCTTCTAATATCACGGGCCCGACTAACCGTCGTTCCGTCTTTATGCCTAAGGAGCGAAAACCTTTGAGCAGCCAATTTCTGATCTGAGCCCGCTTATCATTAACCTAACTAGGCTCAGTTCGGTCATCGGTTCGTTGTTGAGAAATCGCAAGCGACCTAGGCCTATTCTATGTCATCGAGAGCAGTGGTACACGGTTCGACACGAGATTAAGATGCGCTGAACCGGCCAACGCCTCCTCACGACCAGGATGCTTTTTTAGCCCCAGTCGCTTCTCATTAGCCGAGACACCATAACCTCGGACGGGGTGTCGCAGCTTAGACGCGGTGAAAGACGACGCCGTATGCTAGGTTGCCGCGCCCCACGATCGCCTAAAGCCAAATAGCCGCTGTAACTATACGGAGAGTTCGTATCGCGCAGACCGTTAGCCGTCTGCTGTGATAGATCGATTAACGGACATGTGTGGTGGAGCAGAGGTACGACGCAGTCACATTGCGGTTGTTGGTTGTCCATATAGGTAAACGCCGTTCTTCAATTCGTGCCGTGTACATAGTCGGTGTATTATTTCCCTACAACGCTGATGATGTGTGTCTGATCTCTGTGGAGGCCTTGATACTCGGATACGATGTGGAGACCACAGCTAACTGCAATCTTCCTAGTAACTATTTCCGCGGCGAAGGTGCACGAAAAGGAGTACCCCACCTGCTCTGAGTGAATTTGAGACGGCCAACAGACCGGATACTTAAGTTACCACAATCTGGGACCGGCTTCTGCATATCACGAGCTTGATACTTGTGACAGAAGCTGTGTGTTTTGCTAATGCCCTCGCTTCGGGGTTAGCAAATTGGGTA,1465,53.72,Escherichia coli
SEQ_634746,ATCGGAACACAGCGCTGTGATCGCGCGTCGAAGGTAACCGGACTGTTGTACCGTCACAAGAAAGGGTGTAGAGCAAAAAAAGCCTGGTAGTAAGTTAAGACTGGATCAGGAGCATCAGATCCGACTTGTGAAGTGCCACTCAAATCCGTCCCGTTGGAGGGACGAAGGCCCGCATAATTTCACTTAGCTATAAAATCTGCCCCGCCAAAATATGGGGCATAGCACCAGTCTCGGATTGCGATTGTTACCGTTCGAGCGGGGGTGGAGTCGAACCATTCCCACGAGCGTAACGTTTCCTAGAAACTACCGGATATCTCTGTTCACACACGCGCTCGGAACGTGATTGCGCGCACTATACCACTCAAGAGATAGTAATTCCAAAGGAGACGCCCTGTGAGTGATCTTGAGTATCGGCCGCAACCAACGTGATCTTTACTTTGCCCGTACAACGAACTTTGTTCCAAGTGTAACTACCCGCCACGTCCGCGCCTTGAGTGTGCCGCGCATGAGAACATGTTCTTCCCTCCCGAATGTTTCCCGTTTCCCCTGTCGATCACCTGAGGTCTTTTCCCCCCAACGTTTCCGGTTCATACGTACTAAAGACAAAAGACATAGCTTAAGACGATGGCAGGGTCACCATCAGGTTCACAAAGAGAAACGATAGCTGGAGGATTTATATCAAACCAAATGGCGTAGTAGAATCACCTACCGACTGCCTAGCGGTTGACGAGACGTCAAGCTGGATGTTGGGGTAGAGGAGCTATGACCACCGAACTGTATCCGCTGCTAAGAAAGTTGCGGGCCAAGATTATAGAATGCGAGATACGCATCTCTCAATTTGTGGACAACGCTTCGATTGAAAGTCCTCATTAATGGATGTATTAGATGAAG,891,49.49,Mus musculus
SEQ_976016,CACTAGATTCACGCCTGCCGTGAGGTCGATAATTGAAAGGCGACGGTACTTCTCAGATTGTCTCACCGATGTGAGATGCCTTGCTAATTTGGGTTCAACGAACCCCTGGTTCACAGTGGCTCGGTATGGAGCAGCAGAAAGGTCATCCTGTATTCATAAGAATCAGGCATGGGTGCCCAGCCGATTGGCCCGTGGCTGGATGCGTGGCATGCATAATTCCACGTGAGCTGTGAGAAACTATCCCCCGTGTCCAACTGCCCAAGCCAGATTCCCCCCATCATCGTAAGATCGCGGGAACTTCCCTGGATTTCCACGGGAATGATTTCTATTCGAGGGTCATACCTATGGGAACGCAAGACCACAAACTGGCTCCTTCGGACGAACATCCTAGTACCCCGGCTGGCCCCCTGTGGATAGTGCGCATCGCTACAGGAACGGCAGCATTATATCCACGTCGATCAACATCCCAGAGCATGGATATGAGTTACGAATCCGACACCATGACCAAACCTGTTCTTCAGAAGAAGTGTTTGCGACGCGTATGCTAATTTACGCAGCCGAGACACACCCTGCAAAGCAGACTCGGGATTTGGGTGGTGACTAATATAGTTTCTTGTAGACGCCGAAAGTACGACGTAACTGCCACACGCGAACGCGACCTGACTTCCGGCGAGCCGAGGCCGTCGTACTCACCACAGACTTTGACATTACACGAAACACGTCTGTGATTTTCCGAAGGACCTCGCTGAACTATGTGGAACTACATCGACCGTGGGGGGTAATGTAACATTGGCCTACGTTCGGTTGTTCCCTGAAGCCACCAGGGGGCTCACTCCCGAAGTGGCGTACGAGGTCTTTCTATATCCCGCATTATTAGCTTCGCTCCGGTAGCTATGGGGAGCACTGTCGTCCGTCCAACCGCGACTAATCCGTCAAAACAGTAACAGAACACGCGTGGTCAGGGCTCCCTCGAATTCTTATCCGTACATTCTCTGTGAGAAGAATACGTCCACCTTAGAAGTAGTCGGGAGTGTGACGCCTCTGGGGTAGGATAACTTACCGAGCGTTCCTTGCACGGTGTTCGACCAATGATAAATTCTCTATTCGTGTGCTGAGACTCTCTGTTGTGGCGCATCATATGTACACCATGCATATGTTGCTTGCATTTGGACATACCAAACTCGACACTAATCGGCGGGCCGTATAGGTACTACTTGCTGGTGGGCCAGGGGGGAGATTTAAGACACGAAGTTAGAGCGATCAGACATGATTCCACTGTTGGTATCAGACTTGGATATTAGATCAGATAAGCCAGAGCCAAATCCGTGAATTAACAAAGTTGATAACAAATTAGTTTATCATATACGAGCTTTTTAAGTTTCTCACCTAATATCCAAACGTCACTTATACAACAACATCGTTCAATGAAGCCGAAATAAGTACTACTATGCCGTGTTAGCCACAGCGTCCTGGCTACTTCTAAACAAGATTCCAACAAAAGGATTGCCTCACGAAGGCGGGTGCACGGTATTAATTTTATGCATCTTCATCTAACCCGGCCTCCAATCAGTCGTTGGGGGTGGAGTCAGAGTTTGTCCCGCAACGGGCGCGCTGGTCAATAAAGGTAGGGGTTGAATTACTCCCTTGGCGGATTTTGCTGGGCAGCTGCCCGCCCCCGTTACACTAGTATACGCTTCCTAATCGCTTCTGAGCCGATCGTATTCTTTACTGGGGCGACCCGCCTCAACTATGATATGGCGAACGGTGCAAGTTGGATTTCGTTATTCTAGTCGCGGAATGCGCTAGCGCAATGTACATTGGGACTCCTCAGGGATTAGGCTGGCTGGCCTTCGGAAGGACGCGAGATTTTGTAATTGGTTTGTTTTTCTCGTA,1893,50.03,Saccharomyces cerevisiae
SEQ_932215,AGTGCGACTGGATTCGTTGCGTGGGCCAAGTAACCGGGTGGGTCTACAAGTTTCTAAGAAATAGTGGACTACCAGTTTCTTGGAAGGACTAAGCTTACGGCAAAATTTGGGCGTCTAAGACCCACTCTCTCGGCCTCAGCCGCTAATCCTAGGAGGCCCAGTGAAAAAGCTCATCCTATCCCAACTGCGTACTTCGGCGTTCTTTTGGACAGAAACGTAAGAGGGATGAAGGCCGATATGGACCTGTTGCATTTCAGCTTTTTTGTGCAATAAGGCTGGTGCAAGTATTCGCTGGCCCGTACCCGAGACCTCGAGTGCGTCAATGACGAGCGCCCACTTTCGCTTTCATCAACGGGTAATAAATGCT,367,50.41,Escherichia coli
SEQ_971602,ATCAATTAACCCGGCTTTCCGCCAAACCATCCCGCGGAGCGAATCTCACCAGTACTTAATAGGATTCCACGCCGCGAGGCAAAGCTATACATTGTAATGGGAGATTAGCAACCTAACCAAGCTAATGGTGGCTTACGAAGTACGCCTAATACGGCACCGTAGCATCCGGTCGTCTGAGGGTGAACGCATTTGTTCGCGTCGCCGGCTTTGCGCTTGCAAAGAGAACTCAGATCGGGTCAGGGTGGGGGCTTGATCCTAGTATATTCAGCTGACAGAGCGTAACTCAAAGGATAGTTGGTGGTTCGTAGGACGGGTCGGTTATAACTGCAGCTATTGTCAACAGGCTTGGAGGTGCTTGGCTGAGAAGATGCCCCATACCACCTACTAAAAAGGTACATATGCAAACCAAATAGACTGGATTAAGCTGTCACCCCCCGCATGAGGACTGAGGAGTTTATGGCGCTGCACTATGGTCAAACTCGCTGATGATTCGGCCTCTTTGAGATCAAGGAAGGATTAACAATTGGTGTCGGGCATCTCCTGAAATCAATGAGGTGAGCAGAAGAGCGCAGGCCGTTGTACACTTTGAACCTACCTGTTTCACCGGCTTGGTTTGGAGTGCTGTTTATCAAAAGAGTGACGTCCTCTCGGATCTGGGTATTGGACTTGGAGGCCTTTTCC,681,50.07,Arabidopsis thaliana
SEQ_855699,GGGGACATTCGACCCAGAGGACAGCACCTTACCGCTCCGCAGGGCTGCCGCTCACATATGCCTGGGGTTTGTTTCACCAACTGGGAAATCAAGCCCAAAAAGGGAGAACTCTCGAGTGCCTCAAAACTACAAGCGTAATAACCCACTAGTTCAATACGGGATGTCCCACCGAAATTCTTTAGCCCCAATGAACTTCCGCGGTTTTTTCCGGGTTTGCAACACTCTATACTGGTTTAAAACCTAGGCTAAACCTACCCTCCCCTGCTGATCTGACTCACTAACGCAATAGCGAAGTAACGGAGGCTACGAATACTTGCCGCGCGGTAGAGCTACGGGCATGGCGCGCTTAGCGATTTGTGTGTCCCTATGGTCATGATGTCCGTATCAATGAGGTGGTAGAACTCCTAGGCATCGGTACAGTTCATTGGAGAACCGGGATAGTGGGTACTAGAGAAAAACAGAACGAACCTCTGCCTGATGCCCTGAAGCGGTAACCGAGCACGACGGTCGCACAACCGGACATGTGTCAATAGAGGACTACTTAGTGTGAGATTTCAGTCATGGTTCAGACCCTGTCTGTCGGGATCAATACGAAGTCGTCTAAGGCAGTCTATTAGCCAGGGAACTAGAGTAGATAGATGAGGAGTTTCAATCGGCAAACGTCATATTTCATACTACAACTGGTGATACATCGCTTAATTAAAAGCTTGACATCGCTAGAGAGGTTCCCAAACACAGTTTCGGATACCAACCGACTATAATACGAGGATCGCGGCTGAATGAAGCATACAGTCGGTGGACGGTACTATATGGAGAGCACCCTGGTCCCCCGATTTTACTATGCCATTAGGCGGCTCTACTGCGCCCAGGACCGGGTCCACAGCCTTAGCCTCATGGCTATGAACGCTTACCTTTTACCGCCTCAATACTATAAATGTCTTTCTGCATTGGTTTTTCGCCACGTAGATTCTTAGCCAGATCGACTGTTATGTGCATCGTACGAAAGGACATGCCGAATCCCCACGTACCATTACCAATATGAGACGACCTTGATATAAACGGCCAGATTGTCTCGAGGGTCGCGTCTCATTGAAATAAAGGGATCCGATCCTGGAAAAAAGTAAAAAGGTCTTGGCGAAGCGCTTTGTACATAGATGAACGATAATTCTCCGGATCTTTAGAATAAGTAGTTCCAGGTGTGTAGGCGCAGGTTTAATAAGCTCAACCAGTTGCCCCTCTAACGGGAGATTCGCGGGAATGAGGGGCGCGCGATCGTCCACTATGGGGCAGCAGGCCAGTATTGCCCCAGTAACGGAAACTGAATCCGAATGCCCCAGCGCTGGGTGTAAAACGCGGGCATCAACAAAGGTGCGTTAGTACGATGCTATCAAACTGCGCCGCAGCATTCATGGTTCCTATACGTAGGTCATATAACCAGGTACGCCCGTCAGTCCACGGCATTTCGTTGGTCGTCATTTCCCGAGTAGAGCTGGGTTGCATGAAGTCTCTCAGCAGTAACACACTATATATAAGACACGCTGACCCTCTTATGCAAGAGCGAAGGCTGCATCTTCGCGTACCGTCAGCGAGCAAAAATTCACATCATCCTACTGCGCATGGCTTAGCAGAGACGGCGTGCGTCGAAACTTTAGGTACTGGCCCGCGCTCTAGCGTCTTAATAATTTCAGCTGCCCAGCAATAGTGTGACGCTGTACATGCCCGATGCACCATTAAGACTATGGCGCCTGTTCCGCATTGCG,1760,49.83,Arabidopsis thaliana
SEQ_526115,CCCTTACTGGCGTTAGGACGGACATTGCCGAAAATACGGGCCCTGGAGACAGTAAGACGGGCGTAATAGAACCCTAATAAATAGTGTTACGGCCCACGCTGACGCCAGCGACCGCTAAGTCATCCACGACACTTATGACCGTTAATTACAATGTCGTAGGTACTCCGGTGCCCCGTGATCTGAAGGAGCGGGGATAGATCCTGCTGAACTGTTTGCCTCTGGTAACGCTGTTAGCAACGTCTAGTAGGCTCGTGGGGTTCCACACTCCTCTCCGTACTAGAGTATTCTCATGGGCAACATTAGCCTTCCCTCTAAAGAAAGAGGATCAGCAAAATGAGCCACTCTTATCGAAGTGCAAGGTGAGCCCACGGCGGTCAAGCTGGGATAATCCACGCCGGTTGTAGACGAGGCAATTGAGTCTTCTATTTCCCGGTCGATGGTGTTATGCGCTCAACATGTACACCTTATACTGATGCTTGCGGAGGGCCCAGTGACCCCACACACGAAAGGAACGAACGCAGCTTCAAGCATCTCTCGGATGCACACTTCCATATCCTTAAAATTAATTACACTCCTTCAGAGGGAAATTTTTCTGCGTGACCGTGTGCTAGTCAGCGTACTCGTCAACTCACGATGTAGTCGGCTGCTCCGCCTCCGGGGCCTGCCTCCGGAGTGTCACCCTATTTATTTGCGCTAAAAAACAGACCTGCCCGCCTTCCTGTACATGTGTGTCTAGGCTCTGTTTGACTTGTGACTCATAACCACGCAAGCTGGTGAGTAATATACCAAAGACCTCAAGGTGTAACGAACAAACATCTCCCGTCAGCGTTTCGATGTGCTCAACCTGTGTGCTCGTGGACGCCCCAAACACAGCGGGGACACAACTAGTCCTATATTATTCTAGGGTTACCATTTCCATTATACCTACTGGCACAATGTGTAGCGTAAGGGGGTCTGTCTTGTGTTTAGATGAAACATCCGCCGATGAGCGCTAGAGGTCCCAGCTGATCTATGTCTATAGGCTCTATGCACTAATACAATCGCGCTTGGCGGCCTGACTTCTACTTGTGCTGGACTCAGGCAGCAGTTAACGAGTTATAAGCGCGTGGTTTCTAAGAACGGTAGCCCGCAGCGATACTTTGTATCCTGACTAGCGATCGGTAAATGCTTCGCGTCTAGTTCTCCTATAATATTTCATGGGATGGGTTATACTGAATCTTCACCGACTGTGAGTTTCCGTCATTCATTTGGTCAGTATTATAATAGGAACTTTGAGGATCGACGCTAGATACGCAGAGTGGGATGGGCCGGGAAGCCGCCCGAGATGCAGATTAGTAGACATCAACCGCTATACGCGCAGAGTGGGTCATCGGTTTACTTCAATCTCACAAGCATATGGGTCATTAAGCTCCATCCCATATTGGGTTGATCGAGCACGATACGGCTCTCGCCGCTACCAACGCCTCCGCCAAGTTGGGGAGACCTGCGCTCGTAGAGTTCAACATATATCGAGCTGCGGAATCCGCAAAGGAGCATATTTCCGTTGGGCGACAGGTAGCGGCATATTCGGGGAGAACCACTAGTCCTGTGCCGCCGAGACTCAGGCCATCAGGGATGCATGACCACGAGGTAGTATTGCGTGCATTCCTCTAATGGAGTGCCGATCCTACTATGTGTAAGTTTGTTGAAAGTGTAGACTTAGCGCCGACCGAGACGTCTTAAAGAACTACGGGAACCATAATTAGGCATCTAACCACAGCGACTGAGTCATTAATGCAGTAGACTGATTCCCTTGGGAATCTGATAATTAGAGTCAGGACAACCGTCGGAGGCGGGCTGCCGGCCGGCGATGAACGTCTACTTTGCAACCCATATTGGAACACGCTATGATCAACTCCCCATAGAGTTGGGTTGCCGAACCA,1922,50.42,Drosophila melanogaster
SEQ_764480,CTCGTTGTTCGTTGCTCCTCGTGTGGTGCGTGGACTACGTTTATGACTCAACGACGGCGTTAAGTCACGGAGTAACGCACAGCTAATCGGCACTGAGCGTTAAAGGCGGAGTCGCATGGCCTCGCTCCGGTGGGCTTTTTAGTAAAATACCCTAGTTCCTGAATATATCACGCGATTGGTCCCAGCAGCAAGAGAACGGCCTACTGTCGGATTAAATCACCGAATCAGCTGAATGCGTAGACTGTCACATGCCGGACCTAACTGTCATGGTTACGGTAGTTCATCACCGCTCTCCACCAGAGCTCAGGAACAGAACTGCACGGAGTTACTGCAAATACGTTATTAGAATTGCTTACTTGAGAACTAAGAGGTAGGACTTGAAAAGACCCGTCCCAGGTGCGATACTCGGGCCGATTGCTAAAATCACCGTTTATTGTGTAGCCAAGACATCCCACTTGCTTCACGTCTTCGCAAGGCCAGGCGATCGTACGCGATTCCAAGTTGCTTCCTACATCTATTTCTAGCGCCGGCTCGTTATCGATCACCCCCCGGAAGTTCACCGCCACCTGCTAGCATCTTATGCGCAGATGGGGGCTGTAAGGGGAGAGGACATCACATCCTTGGCAGTCCCACGTGTAATTGACCAGAAACTAAACGTGGTACTGTTATTAACCGACTAACCCGGGCTTTCTGATGACGCACATCGTCGTGCTGTAATTGTAAGTCGTTTCTACCTGCGGGACATAGCAGTTTGAAATTATTCATCACATGCAGACCAAGCCGCGATCCCAACGCCACCATCCTGGTGACCTGGGTAATCACGGTACGCCCGGGGTTGAATGTCGTAAGTAACAAGTCCATCCCTGTGGAAGGCGCACCGG,881,51.31,Homo sapiens
SEQ_776738,CTGGAACCAATAGACCTACCGGGATGGAGGAGCACGCTACAAGTCCGAAATACTGGCTGAGCAGATTTCTACTTGGTTCGAACGTCACAATTAGCAGCGCCCGTTGTGTTTGATAGCGAAAAATTTCCGGCTCGTAACCGTCCGGGCTGACACTCAAAGGCTCCGTTCACGGAGTGTATGGCTCAGAACAGGCTGCGCTGTTCGATGGCTGGGTAAAAGGTAGATGGGCCTCCTAGACTGTTCTTGGGGAACTGCCATTAATGCCAATAACAATATTGTTGAACTAACGCTAAGGCTTCTCTCACGTGCAGTCCGAGAGATAAAGGCTGGCGATAAAAGTATAGGCCGTTGCCTAAGATACAAAGGTCACGAGGTGCGGTGCTGAGCGTCGTCGACGATACCCTTTAAGTCGGCGTTACTATAAGAAGCCACCTTGCTGCGGAAGCTGCTCTTAGTCCGATTAGGGGAAGACCTGACCGGAATCGTTATGTCTAGCTCTGAGCACTGCCCAGTATTTACCCCTAAAAGGAGACCCATAAGCTTAGTTGATTCATTATACGGATCGGCCCCCCACACCTCAGAATCGCGTAAGTTCTTCCTTATTCAACCGGGACCCGAAATACAGAGTAGCCTACATGCAACCTTGGATATGATACAGTTTAGGTGCAATCTGTTTATGTTCTATACCGAGTTTGGACATTATTGGCAACTAGATCTATTTCAATATTAAAGGGAGCTATAACTCTTGCACTGGATTGTGACGCTGGGTTTTCAAATCGGGGCAGGGACGTGGCAGGCAGACGATATGTGTATCTCTGGCTCGCAACGCGAGTAACAGTGCCCCAGCGTAAAATATCACAAATGGAGCCTTCATGGTAGATTTGTATTACTAGCACGGCGGATTTAGAATATTACGTGATTTGTCGAGGCTGCATTTCGCCTCACATGTGCTAATCGTCCGTTACTGGGGACGCACATTATATGGTAAGGGCCATAAATCCCAAAACAAATTTATATAGCAGCCATACCTAACAGTTCATAAGCCCTTCAGATACATCTGACGCCTCCAGGGCAAT,1076,47.58,Drosophila melanogaster
SEQ_544125,GTAGAATGGCTCCCCGCCTTGTACCGATTGAAATGCTAACAAACAGCGGTGTTATAAGTCAACACCACCAGCCCCAGAAAAAGGAGCCGCCAGGTTATCTTACTTGTTCAATCGGTCTCGCGGCGGATAGAGCGGCTGGAGAATAATCTCTCTCCTGCGATTAGAACGCGATTCCATCATAATGTACCGTATCCGCGGAGACAAACCTATGTGCAGCACTGCCAAACTGTCCCCGATACCGCGCGACAGAGGTAACGGGTAACCGGGTCGGGAATTACGTCTGAACGATCGAAATACCATTTAGACGGCGCGGGATTAAGACGTTTATTGCTGGGATGTCATCACATCGATATCACGTCGGGTATACTCAGAGTCTGCGGCGTTATTTACCAAAATACAAGCCTCAAGGATTTGAGGATTGAACGTGATCGGTTGCAAAGAAGGATCATTGCGCCGGTTAACGCTGTGGATCATATCTGCCATTGCATTTGCGTTCCTTTAGAAGCTAGGGGC,513,49.51,Saccharomyces cerevisiae
SEQ_918085,CGGAACAGCAATTTACTGAAAGGCCTTATATAGCATCGATAGCTTTTGACAATCAGAGATTTGACAATCCAATGTTCTAATGTAGCCGCTAACATTCGGTTGTGCATGCTAACAGGATTTCGTTTCGACGACGTATGCTGAGTGACAGCTCGCTTGACATGTGACATACTAATGCCAGTTTAGTCGCTATACGCCGAGCCGAGTACCTTCGCCAACGCGAGCATGGACGATAGCTGCGTAGTCGCGATACAGTACTATGCAGAATCTTGCTTCGAGTCAATCCTCGGCGCTCCTCCCGCTGTCAATCATGACTGGCCTATAGACACCTCTATGCAGCGATGGGGCTAAGGTGGCTTATCTATGTGGTCGTTATTTGATGACCCTTACTTATCCAATGGTACTACGCCTTATCATTACTTATCACCTGTTTGCGGTTGGGTGCGTACGTTGGTAACCGCCGGACGCCTACTGAATCTGAACAAAGTTCGCAGTTTGGCCAGAATAGCCGTTGGTATTGCATCGCGAGTGTGGGCATGACACCATGTTGCAATTAAGTACACCATTTGGAGATCCCCGCTACGTATAACCCTATACGCTGGGACAGCCCCTGCCCAACAACCAACAGAATTTTAACTTCAAGACCTTCACTGTGAATTTATTTCATTCCAAATATGCAACGTTGTCTGCAGCACGCTTCGTCAAGACCCATTGATATGGCGCTAAGTCTGTGGTTGTCCGAGGCGACGGTCTGAATTGCCGATTGCTGCCCAATGGCCGACGACAGCGTGAGATCAGTTCAGCGTTATCGGGCACGAACCTGCAGGCTTATGACCCCCCGTGTTAGTGGCTCGGAAACGCCGCCTAATTTTGTTAGTCTGAAATTGCTAGAATGGAGAGGTAAGGTCTTAGGGGCACCGGTTTTACTGCGATCAAGGGAGTGAACCTATAACACTAGAAAACGAATCCGCCAGGGGTCATAAGGTTTTAGACTTCACCTGTTGCCAATTAGTTGCGTTTCACAGGACGAATAGTTACAAGAGTACGAATGCGAACCTTCACGGACTGCTGTGATAATAGTCCGGAGTCCTAGCCCTAACCCGTGAATGTACACACGCGTGTACAGGTCGGGCAATTTCTACTTTCTAAGGTCGCCCATAACACACATTTGGGTAGTATAGTCAGAATAGCATCTTCTTTCGTGCCAACAGTGTTTCAGATAAGCAAGATTAGCATCTCGAGAACAAACATTCTTACATTCTGTGGACAAGATTGGACTTAATAATCAATATGCGTGCATTGCAGAACACATGAGCTAGCGAGTCCGTGTCTCTCCGCGTATATTCGAAAGCCGGTTAATACCGAAACTTATCGTATGCTTCCCGAAATCAGTTGGTGTGCCTGATAAAACAGCAACTCGATTGAACGTTCAGCCCATCCGGCGTTCACGGGTCGTCGCAATACCGATCTCCTGTCACTGGTCCCGGCGGTACCGACTTCCTTACTCTGAACTCGCGTATGGAAGGGACCTTCCATTGATTTATGCACCGACCTTAGCGATAACCGGAAATGGACTTTACCGTTCGTGTATATCGACGATTGTGAATAACGTCTATCGCCGCACTCCTCTAATCCGGGTTGTCACAGGGTTATGTTTCCCTTCACTTCTACCTTTATAGCCGCGTAGTCTCCTCCAACGTTCGTGTGTGCATTGACTCCCAGTCCGCCAAAATTTACACCAGTTTCTTGCGCAAACTCCACGGGTTGAGACTAGTCGCCAGACGAAAGCGCAATGTTTAGTAGGAGATGACCCGACAACCCAACTAGCACTGACAAAATTGGTCAGTTATTTTGCACAGCACGGCGCCTGGCAA,1871,48.1,Escherichia coli
SEQ_825429,ACATTAGACTCGAATCAGGCGTATAGATTAGACCACGTACACCTCGTATGCACTTATGGGACTGTGTTAGGCAAATTAATAATTAACCGCCTACGGCATAAGACGGGAATTCATTTGTCGCCTTATTCCGATAGCTTTTTTATCAGCTGTTCCCAGCATGTTCGGCAGACTGACATGAAGCTCGTTCCCTATCCCAGACTGCAGGAGGCTTGGGAGGGTGAGGCCGGTTGACTTGGAGCTGCTTCACTGGCTCGATACACCTCCGCGGATGCTCTTCTCCTACAAGACTCCCGTAACTTGACGCCCAGCCACCATTCGTTGATGACGAAATAAGATCCTCACCAGGGTCCTCGTGTATGGATGTTACGGGGTGGAAAGCCGACCTGCGGAGTTGCGAGACCAGGGGATCGTTTTTTAGCCCACAAATCGCGTAGCTTGTGTTACCCACTAGAGGACTGCATCAACTACTACCCCCGTAAGGATTGCCAACGTAACTCCGTGATCTAACATAGCTGGCGTGATAGTACTCCTTACGAGTACGAGGCATCGTCCAGTTGCCCTGCACATTGTGTGTATAATAATAAAGCTAGAAGAGACGAGCATGAGGGAAACAGGCTGGTTATTTCAGCAGCGGCGCTGGAGACCGGTAACTAACATATTCCCGTCGTCATTATTTCCTTAATAACGACAGAGGGGGATAGGTGCCTAGGGTTGCGGCGTACTTTTGTCATTACCACAAAGGAAGAGATATCTGGCGTGGAAAGTTCGTCCACTAGCTTCGCCTTGAAACGAACATCGCGCAAGCTCTTACCGACCGCGTTTTACTATAGGCGGGCCCTTCCGCATTCATTGCGGGCTTCTGCCACGAGCTATCCCGGCAGCTCTATATCAGGTAAGGCGAAGGGCGAGCTCTTAGGCTGATCGGCCGCCCAAAATGGTTCAGTCTGCCGGTGACACAGGCATATGTAATTCTGATCAGAGAGGCGACTAAGGGAAGCGGGCGGACGCCCGTAGCAAGGACTGGGCGCCTATATCTCAGCCTTGCGAAAATGAGAATGCGATGAAGAATGGTTGGCTTTTCAATCGAATTATAGTTTGGAGTAGGCTCCCTGCCCGTTGCTCTACCCTCGTAAGGGTAACAATACGGTAAGCACTGAACTCCGTGCACGGTGAAAACTTTACTCGCGGTTCTGGGGAGGAACGAGCTAGCAGGCGCTGTGTCTTGGATTGTTACTACAATCAGTTTGGTAGTTTCGCGAGTAGCCAGCGACTGGATTGAGGACAACGGATTGAACACTTCACGATGTTATGGATTGTGTCAATGAGATCATCGTAGACCGCGATTTCACCGTTCCCTGAAAAAGCCGTGCGTGCCCTAATTAGTAACACGGTGCCATCCGTTATGCTGATAATC,1414,50.57,Mus musculus
SEQ_700187,AAGGCTCTGCAGGAGCACGACTAACCGATGCACCGTCAGGAATAAGCCCACGTACGCGATGCCCGGGCTGTCTGCATGTGGTTGACCTAAGGACCATCAACTCGGAGAGCAGCCAGTCGCTGTAAGAGTACGCAGCTTGTAAACGCTCTATCGTGCTGAAGCCCTTCTGCAAAGATGACGACGTTGTTGCGAAAATATCCTAGCAACCGACAGCAAAGTGTGGGGTTAAGACAGGTTGTTTCACAGCTAGTCATACGGAGCGCATAAGCTGGGCCCTGAAGGTTCAAATTATCTGAAGGAGCTAGATTTCTTGTGACTAGTGGGTTCAGGAGAGAGGAGGGAATACCCGCTCTCCACCCAAAATTGCGGCAATACAGCTCGTGACTTTCGGAACTGAAGGTGAAAACGGCTCGATCACAACGATAGTTACAGAGGGCCAGGGGGTGTGTGCCAGCAAGAAGCGCTGATGTTCCAGATATACGACCACAAACATAGCAGTCGATCCGGGCGTACTCGTCGATAGTCCAACGGGGGTTTGGCAAACTTCCATGCTTCACTGAGGCCACTAGTCACCAAGTCACGCCTGGTCCCACAGGGACTTACGGGACTTGCAAATCCTGGAAATGGCTCTATCCTTCATAACAAGCCCTCTGATTTCGGAATTTGCGGTGCTCCAGCGGGTGCCCCTCGTTAAAAAAAGTTGGCTCTATGATACAAGACGAAGTCTCGTTCCCGTCCATATGGTTATTCGGCTTTGTATATTGCCCATGTGCGTGACATATATCGAGCGTCACCCGCTCGCCCAGACTTGGCATTGGAGGGGGACAAGATAAGAAAACTGGCAGCATTTGAAAGGGGGACGGCAGTGGCGAACTCCCGATCTTTTTGAATATAAGACGTGCATCGCATAGGCCGTCTACGACCTGACATCGTCCTGAAACCGGAGTCGAATATCGAGGGGTCGACCTCCAAGGGAAGCCTGTGTTAGTGAATGGAACAGCGCGGCGAATCTGCGATTAGCCTTAGGGCTGTTTGTAAGGGTGGGGAACGTCGAGGAGTACCGGTATTCGCGGT,1074,52.23,Caenorhabditis elegans
SEQ_574143,TAGTGATTTAGAACGGCAGGTTTGGTACCCTGAGTGATCAAATCACTTGTTCTTTGCGACGTCAAACCATATTACCATCCACCTATGAGTTCAATGACGCCCGTGCGCGGCTCAAGATTCTGCTACTATATCGATCGGTGAGAGCAAGAAAGCTGGACACAAGCGAAGAGATAGCGTTATACATATGCATTGGGTTCGGGGGAACAAAACATGCAGAGAGGTCCGGGACCTCATAAGTAGCTCGTCACGTAACCATCGTACTGTACGAAATAATTACTGAGAACCCAGCCCACTGTAGCGCGGGTCACGTATTGTCAACACTAGTTAAGCGACTCAATTTCAATGCCCCAGAGACTCCGGTGTCAAGATACACCGTATGTCGGGGGGGTGGGGAGAACCAGGCGAATCTCTACGGAGCCCACTATCCTCATAGCATGAGCCGTTGCCCAAAAGAGAGGCGACCGCAATCCAATGCCGGTACCGCTTGAAGTCGGCACGAACATATAACAACAGAAGTGCTTTAGCACCTTTTAAT,535,49.16,Escherichia coli
SEQ_327538,TTGAATACCTCGTGTCCTATAAGAGATCCGGCGCGACCTTTCAGGCTCCGTGCGGTCAAGCTGGGGGACGGTTGTCCATTACAGCCCGTCTCAAAGACGTGAATCCTCCTGCGCGCAGCATCCGACGTCTTTGCGGATCGCAGGGGATGAATCAGCGTAGGCTAGGTCGGTTCTTTAGATGATGTGGACACACTGAAAAGTATTGCTTTGGTTGGAGACACGACAGCATGCGTCATGAACCTGCCAGTGTGTCCGCAATCGGTGCATCTTGGTGCTATATAGTAAGGACGTTAATGACCGTGGAAGACGCACCGGATCCAACGGATTGTCGAAATACACAATCATAATCTGTGACGGTTCCCAGTGAGGACAGTTTTTGCCGCCGATTATTTATGAAGAGGGGAGCGCTTAATCTTCTACCCAGACTTCGTCGAAAGCTGCAGGATAAAAGTGTAGGCCATATAATCGGAAGCTTGCTTCCCTGTAGAAGTCTTTCCATCGTGATTGAATATGAACGAGCGTAGCTTCTGGGTCAGACTCTTTTTTTATCAAGGAAAAGTACACGACAGACTGCGACGGAAACGGGAGGTGTAACTTCCATTGGTCTGGCCCAAGTGATGAATTGCGTTCTGCAATTCTGATGCAAACGGCGAGAGAACACGACGCAAACGCGCCGCCC,679,50.22,Escherichia coli
SEQ_755524,CAGGCGACCTACTCTACTCGTTAGCTCCGTTGAAACCTATAGATTTACTGTCGTTAGTTATATCGGAGCGGGACCTGGAGGGAAATTCGATCCACGTCGTGCGGTCCTCTGATTATGATAAAAAGGTATAGTCGAAAGGACCAATCGGCAAGTGCGACTGCGATGTCCTTGGACACACATGTTTGCCGGTGTGAGTTAGCTGTTTCGGAACGGGTCTTATCGCTATATCTATATGTCTTTGTTAATATTCTAACCCCAGTTGTTTACGTGAGTTGGCAAGCCCTGGAAACAAATTAAAGCATACATATAATGGACTGGGAGCTCCCACCTGTGCTCCGACGCTTGCATCCCAGTGCAGGGCTTTATGGCTCCCAGAACGCGCACTCGGTGCTTTAGGGACCTCACACGTTTAAATTGTGCGAGTAGTAGTCAAAGTAGGAGATGGACAATCCTCCTGCAGACCTTCGGCCCCATCTATATTCCTACCTGAAAGTGCCTTCTGGCGGCGCCGAGTGCCGCAGCCCCCTGCCGCATGTGGGTCGTACAGTGATATAAGCGGGTCATCTGACGGCTGTCTCGATGCTTAGCCTGCCAGCAGGTATGCCTGGGTGCCAATTGTGCGCCATTACAGCGCGGCTATTTTTTGAGTATATCCGAGTCTTGTAGAGGTCTTCATAGGATCATGAACTAGTGGTCGTGGCGACAAAGTACTATAGTAGAGTATTCCAATTGTATCTGCGTTTGATTCTCGGCCCTTCGAGACGCGTCGTGGAGTCTGTTCGAATATCTTAGTTAGGGGCGGCCAAGCGACCATCGGATCACGTATTCCGCGCAAGCATACCACTGTCGAGACACCACTAGATCGTACTACCATAAACAGAAAAGCAAGCCAAACAGAGTAGGCCAACTTCACGATTGGAGATAAGCGATAGCTAAACGCGGTATATGACCTCGTTCGTGCTTACTCAGCTCTTTTTCGTCCCGTATCTCCCACAACTTGTTTACAGTGTTAACATGAGATTCAATGATTTTGCGCAGACCGGATGTGCGCTTTCCTTGCCAACTTTATGCAATCAGAACGAGCCTTCGTTAACATTACGTACAGACTGGCTGAAGCGGGTAACCGATCGGTGGTCCAGACTGCGGCCAATCGGTATGTTGGAGAACGGGGCTGGATGTTGAAAGTTGGCTTTTCCGAGTTGAATCAGGTTTTAATCCCTTGTAAAACTCTGCCTTGTGTTAGCTCGCATATCCGCCCATTTACGAACGTCAGAGAGACGTAGCGTGAACGGGCCAAGCCTACATGACTCTCCGTTGGTTGGTTTCGAGCCCACGTTTAATGGTTGTTCGAATCATCGTG,1360,49.34,Drosophila melanogaster
SEQ_606307,AACCAGTGAATTGCATGTGGTGCCATCCGCCGTGCGGAATCCGGGGTTAGCTGGTGTGCATGAAAATAAAAACCATCTCTGGGCCACAGTCATCACGGAATCGGATCCAGTCTAGCGGTACTGTCAAAGAGCTAACTCGGTCCCACTTTTGATTAAAATCATCATCCTGCATTGTAAATATATGTAATGAGTTTTCTCCATTAAACGGATAACACCGCACTTGAAAAGCGCCCAGGAACGACCTTTGCAAGTACGGTATATCTCATAGTCCTGGCGTGAAACCTGTAAGCCTGGGTTACTTTATGACCACCTCGTATCTTTAGACATTAGGAGCTACCGAGAACTTTCCAGAGAGAATAGGCATATGAATCACTCGCCACCCTTTACAAAAGAGTTCGATGCT,403,45.41,Homo sapiens
SEQ_290010,AATTGTAGACGCGAGCGTATTCCAAAGCTAGACCGGAAGGTAAGTGTCTCCCAGTCAATGTAAATTGATGATTCGGATCGATGTGCACTAGTGACAATTACTGCGAGTGGCGTATGCCTTGTACGATAAGAAGACCAAGGAATTTCGAAGAATGCGCGTCGCCGAAGTGTCCCTATAATGTACTGATCACTTTACAAGGTATTGGAAAAGGTTGCCGAAAGGGCGCGGGGTAGACGCCAGCTATGAGTGCACAGTTGTCGGGTAGAGGACGCCTTAATTCATTGGCTGCGTCGCGGTGTTCAATATGGTGTGATGACTGGTGACACTTTTAGAGACGGGCGCCATCAGAGTGTTCACCAGTAAACGCTCCACGAGCGAATGCCCTGTTTGCCTCAGAGCCACAACCGTAGGGAGGGCACCCACCAAATAAGCACTCTCTGGCCAGCGAACTTATCAATATCGACCAAAGGCCGTACCCAGTAAGTGGCGGAATCGTGATTTCGCTAGCCAGTCCCGACCGACACTTTTGTGCTGATTCGATATGCTTCCGGTTATAGCTAAATGGCAGATCGCATCAAATGATAATTGAGAGCCTAGGCATACTGGCAACGTCGTTCGTTGCACTTCGAGCAGACGTGTGGTTACCGCTTGAATCTAATCACG,663,49.77,Mus musculus
SEQ_486130,CCAAAGGATGAATTAAAGTGGTCGTATAACGAGATTCATTTATCATGCACTCTCGTAATGTCCGGCTGCCCAACTACATAATGTAAGAATGAGCGGCATTATTGCAATCGGCATACAAATTTGAGTCACCATTATACAGCGAAGTAGGTAGAAGTGTCAAAGGCATGTAGCCAGAGCCGGGATGAACATAGTTCAATTCACCTCAATTACATATTAATACAGCCGGACCCGAAACACGGAACAATATCTGGTGTTCGATAACTGAACTACGTCTTTCAATGGCGAGGTGTTTAAGGATAAAACCCTCACTTAGTTTGGTGCTCCGATATCGCTAGTGCCAGCAGAAGACATCCGTTTACCGTGTAGTTTACACACAGCATAAACCTACCACCTATCGATTATGCCCAGCGTTATCAATACTATGTGTGACCTGGACTGATACCAGCAAATGCGAATGTCCCATGTTGTATTGTCTTGCTGGTTGAAACCCAATAGTTAAGAAATGACCTCCGGAGCCCAGGTCAAGTTTGGACGTCCAAAGTATATAATGGGTGCCGTGGAGCCGTACGCAAAGCATGCATAGTTTTTTATGTCCATGAATGAAGAGCCGACAGCTCAAAGCTCCCTTGTGCGTACTTTGTGGTATGGATAAGGGACTGGATTTCAATGTGTTACGCCCCTGGTGGAGTCTGTCGGCCAACCAGACCGGAATTCTCCTTAAGAGGAAGTCCGGATCGAGGACAGTGCAAGTACTGTTGCATGATCTTACGCACACGGTGTCAGGGACCTTTATGCCTTAGCTTCAGATTGACTAGCGCCTACGTTATGCGGGATAAACCCCCTTATTTGCACGGTTCCGAAGGAAGTCCGCCGGCCCTCTGGATACTGACCACAACCGTCTCGCCTACCATCTGCGATGTACATCGAACCTAGGATAATCATCACAGCTCGGGACGATTGGGGCGAGTCAGCTCGGCGTCCCGCGCGTAACGGAGATCAAGTTGACTTACGAATCTACCGGTGGACCCTGCGGAGTCGAAAGACTTAGTCATGCTATCTTGACACTCTCAAGCGTTCATCCACGTGTGAGATCTTTCTGCTAATCCGTTTAGCAGGCGAGACGAAAGGGATCCCTCATTCCGTGCTCATGCGTTTCCCGTAATTTGATGAGCGATATAACCGGAACAATATTATGACTTTTACTTTAAGGCAGCGTGATGCGCTGGTCAAATTGAAATTCCTCCTGGGCGAGTTGTTAAGATGTACCTCTCAGCGAGAAACTTGGTTTCCGTTCGGCTACCTGTAAAGTTGACCGCAAGCACATTGTCGTGACGTCAACGGGAGGAAATGCTACATCATAAGGTGTCGGGAATAGTTACTATTCGCTGGGCTCGAAGAAGCCGGATGGGTCATCGATGGGGACACCGAAGCTTCCGGGCCACAAGGGCAGAGTTCTATACCCCACGGTTGATGCCCCCAAGGATGGCCCACAGCTAAGACAGTGAAAAAATTCATGACGATCAATGCCTTACATTCACTCTTAGCGACCCCCGAGTCCCTGAGATCTGTAATAGCCTATGCAGTTGCGCTCCATCTCGAGCACAAGGGTGACGAACGAGGCTCACATGACATACCGGGGCGCTTACGTAGAGTAGTGTCCGTTTTCAATCTAGAACAACGTTTGCTACGCAGTCCGATCCGTTCGATCTGTGGTTAAGCCTATGATGAGTGTCTATGCAATTAC,1744,48.28,Caenorhabditis elegans
SEQ_291170,ATACGGCAATAACGCCATCGTAGATAGTCTGCATTTATCTCTCCTTCCGGTGGCTACTCCGGAACCAACGCCGTCACATGAGTTTTAGAGAATTCAGTCCTACGGTGGGACTACGAAACAAGCCTAAGTGCCGTTATCATCTCGGTTACCATATCTAAGCGTTAGTAGCGCGCCAACCCCTCCAGGTTCCCTAACGCGACGTACTTCTTTCCGTTACCCTCAGCTCATGCAAGGGGGGTAAATAATCAACTTAACATTATTAGTAGACTTTCGTCCGTGTCTTTCTCTTCCTGGTTACGAAAGCACCCCCCACCCCCAATTAATGAAATTCTACTAACCTCCCCAGGCCCGGACTGTAACTTACGATGGCCATTCTTTAGATGACCTTACATGAGCTTCTAACACCCGGCGGACGCCTCTCCATCGTGGCAATAAAAGTTGGTATTTCCTCTACTTGTGCATGAGGCTCCGAGGGGACGTCCGCAGGTCTTCGGACAATCGTGCTCGAACAAGGCTTTGATGAGGCCAGCAGCAACACTTCCCGCTACTAGTGTGGAATCGCCGAGCAATTGCAAATATTAGCAGTGGCGCAATGGCGGTACACACAGTAGACAACCCCTCAAAGGGAAGGGAACGCGATTCCACGAATCTGGTAATGGGGCTTTAGAACCCCCATGAGGTGATTAAAATAACAAAGGGCGTTTGTTAGATTCCTTTATCCTACAAAATTAGAGCGAGACCTACATCCAATCCATTTTTAGTGCCAGTCCGTTGGCAGTAAAAGAGCCTATTCCTGCAACTCTGCCCCACAATGTCGGTAAACGCAACGTTCCTTAGCGGGGACCGTAGTTTGTAATGCATCCTATCGGCCGAAACGGGCTACAATCGATGCAAAGGGTCACGACGTTATTACGCTTTTATTCGGATAAATTACGGATAAATTCTCTACCCAAAGATAAGGATACTGGCTTCTGACGCTGCCAGTATTACTCCCTGCCTTACTCCGGATACCTTGGTCGCACCCCAGTGCAGTCTTCCTACAAAGTTCATACGGTCTTCGACGGAAAGTGTATTCAGACTATAGTTATACAGCGTTTTATTAAGATTTTGGGATAGTGAGCAGAGGGACCTTAGACACCGACGCCT,1146,48.08,Homo sapiens
SEQ_512558,CATCCAACTATCAAGGTCGTAAGTTGAGTCGACTAGACAGGCAAGAAGGCGCCAGCTCCTGCGCATACATAAACCAGGGCAAGCACTTGACTGTGAGCTATTGCGGCGAGATCATCTGCAAATAATTGCACCTCAGAGGTGAATGATTACTTTCGTCTAGGGGTATCGACACGCCTGGTAGCGGTGTGAAACTCTTTGAGATTTCACACATCACCGGTCACCGCCTTCGCAACTGCGAGTGTGACTCTCTTCGTCGCAGCAGATCAACACTGGATACCCGGGCCTAAATGAGTTAACTGAAATTTTTCCTGCGACACGCCGCGCTGCATGGCAAACCTCCTGTGCTTAATGATAAATTGGATCTGTTTCGCCACACTTAATTTCACATCGGTTTGGTCACACGGCACGGAGTCTTCCACGATGATAATGTTATAGATGCCTGCGGTTTGCTCTAACTTGGCTGGGTATTTACCGATTGTTCGACGCTGCCCGACTCACGCAATCGCGCTAATAGGGGCCCTTAATTCGGCTCCAGACGCTTACATATCCGATCAGATTACGACGACTACCTGACGCGCGCATCGCCCAAAATGGCCTTAACCCAAGAGTCTACGATAGGGGCTTATGGACCAGTATCCCAGTTGTTATCTCAGGACACTGGACAAGTACGCACAGGGTCGTCAAACACAGTCCTCGCGCGCATCGGCGGGGTCTTGCTGTGTGTGCGGGAGTCCGATCCGATCTTGACAAGCACCTTCGCGCCCTACTTAGATGACCTAGAATTCAGCTCTCCGTGGAGAGATCCGTAGAGACGGCACCAGTCTTTGGTAAACGATAATAAGTCGCATCGTTCGCATTGCTTATCGGTTAAAGCATTTACAAATAAAGCGGAAAGCGAAACAGTGTATTCGAGCGGTGAAAATCTCAACACCGACGACAAGTCGCTCATTAATATATTTGTAATCTCGCTGCCATCGTACTACCCGTCCGAAGTCACGTAGGAACCTAACCGGCGAATGATACTGCCTAGTAAAGCGGCTTGCACCCCAAAAAGGCCAGTATGCTCGGCATCACTCGATGGGTCTTGGTGGTAATGTGTACAGCGTCGCAGCGAATTGTTATGGAGCCGCGGCTACCGTCTACGGGTCTAAATAGACGCTTTATCCGTGCTAAAGGGCGCACAACGAATGACGAAGAGTGAAAATTAGGTCAACTGTCCAGCGAGCCGCCTGGTGCCACACGTGAAGAGTTCAACTATCGTCGTTAGTTCACGTTTCCTAGACGATCAAATGAATTGCGAGAAGAAGATTCACCTTCGTTGTGTCCTACGTTTGTTAATGTAAAGCCGACCGTAAATTTAAAGCCAACAGTTGGTACCCGCAATCTATAAGGCTTTACAATTCTTGGTCATTTTCTTCTGGAGAGTGCCCAAAAGCCTAGACATAGCGTATTAGCCTGGTGACCTATCGACTCGATGTGTTTCATTTGTTGATGGTACTCCCCCGACACTAGGACCCATAGCGCCTCAACAGTTGGTTGTTTTTTGGAGTGTAGTTGCGAAAGAATCACCTTGTGGGCTTCTGCCAGTCACTCACTAAAAGACTGGAGAGTGTGACACGTAGTACGTGCTAGCCCACGCTCTCCATCACTGATGGCCTACGGGAGGCACAGGGAACCCCTCATGTTGCAAAGTTCGACTCTTCATTACGAATTTCGACTAGGTGAGTCATTCACTTAGCGCGAGAATGCTACACCCTGTTTTTCGTTGGCGCCAAACCTATTTAAGGCAAACTGCTCGTTCCACTCAGTAGTGCGGAATGACGGTAGGTAGGTAAGAAAATATGTACTGTTGCTCAAGCGCTCCTT,1866,49.2,Mus musculus
SEQ_688541,CAATGGTGGAGTGCGAGATACATACCAGTCAGGGCTAGTCTGTTGCATAGTTACATGTATCCGGCGTATGAGATCGCCTGGTTTAGGTTTGAATCATAATAACTCAGCTGCGAAACGGCGTGGCGGCCCAAACAACACACATTTGTCTGGTC,152,48.68,Saccharomyces cerevisiae
SEQ_342134,CCCCCAGACCCAGGCTTTACGATGCGCAATGGGGTTAAAAAGCGATTGGGAGTCCAAGCCCGGACCCACCAGCCAGCAAGGGGT,84,60.71,Escherichia coli
SEQ_903162,GTGGTCAGGGCATATCCAGTATAGAAACCAAGGATGTGATTCAATCTATGAGGCTACTGTTTGGCATTCGTCTCCCTGTTTGGGCCATGAATCGTGAACAATCTTCCCTAATCGCCGTTGCTGCTTTCGACTTCTACTCCATATCCGGTCATCCAGTTCCGCCCGTCGTGCAGCTTCTACGGGCTGAAGGAGGCAAAGTATAAATTTCGGGGGGTTGGAGTCTCTGGCCCCGGGAAACGGAGCCACTATTTTTCGGGCCTTCGTCCCCCTGTAAATTTAACGAGCCGTCGGAATAATCATAGCAGCCTCCTTTATCTCAACAGCGATCTTTTCGCCACGTTGAACGCAGCTGGAGGCACTCGTCTCCAGATGATTGAGAGTGATCTCAGTCAGTATATATGACAGTCCTGAGTAAATAAAGCTGGAAACGGCTGAAACGTTAGGCTCTGATTTGCCGCGCCTCCTCACCACTCGAGAATCAGAGCGTCCTAGACGACCGACGCAGCGTTGGGATGAGATCGGACTGTCCGACACATGAAATGACGAAGGACCAAAGGCCCTCAGAAGATGCATTCAACGCTAGGTTTATCGATAGTGAGGTAAAGCCACAGCACGCGTAGGTCCTATATAAAGTAATCCGATAAGGACGGCGGTAATCCTCACCAGCAAGAGCTCGTGAGAGATCTAGCGGCTCCCAACGAAGGGTCGCGGTCTCTCCTGAATAGAACTGTTGGCCCGCGCAAAAACTACCGTACTGTCTATGTCATGCATTGCGTCACAATCCAAGTGCGCACGCAGTCAGCTGGCCCCACCGCCGACCGCAAGGGCCTGTACTTAGGCTAAAATACCATAGCATATTTAAGTGAAATGTTATTAGGCCCGCTCACGGCGTCTGTGAACGTAGTCGTGAGATACAAAGCATGGCACGCAAAGTCCTAGCCTACCTTTGCTTACGGGGGTCGCGCTCGCGGCGGCTGGAGACTCGAAAAGTCATACATTTTCAAGACCGAGGTATGACTGATAGTAGTACGACTCATTCACTCAATTAGGCAGCTCAGTAGACACTCTGGAAATATGCCCCTAAAATGGGCTGAGC,1096,51.0,Homo sapiens
SEQ_797734,ATTAGGTCCGGGGTTGTCATCTTTTTAGGCCCGTTTTTTCTGGTGTTGGTAAGCCTCGTTTTTGTTCGTTACTGCAACTAAGCAGGTAGGGCGCTTGCCGGTTAAAGACGTGGTGTGACGACGGTCTACGGCGCGGGGTGGTATGCACGTCAACCACAGATTCACACAAGGTTTGTACCATCATGCTTCTACCACTGGGATCGGTAACTGATTAGTACACGAATTCGGACGTGGGGGGACGTATTAATCCCAATCACGCAACTAAGGCGACGGACTGGCGACATAGGTGACCAGGGCTTAATTATCCTGGTCTTCTCGCCAAGCCTTTTACTGGTATAAGTACGGGTTACCTACTATATGACGAGGGACAGTAGGTGCTACTCCAAGGACTGGAGACTCGGGTTCAGGTTTGAATTCAGTAGCGTTCATGGGCCGCTCCACTCCAGGGGGCGGCGGAGGGTCAGAATGACGCCGTCCTACCTCTCGGATGCTGCACAGGCGCGACTGTGCGGTGCGTGTTAGCTAATCGTACTCTTGTTTCATTTTAAGGAATCAAGGCGGTATCCGGTCTCGCTCTTATATTCGTCTGGCCCCCCCACGTTGGTACTGCGGTTCCCTTAAACGTCCGATTTGCACGCCGGAACAATCCCCCATTTTTTTGTGTCTCAGTACGGACATTTACGTGGCGGACGTCAGATTAGGCGCTTCACAATATGGGAATTCTTGAGTATTCGTTAGGATGATCTGTCTTCTGAGTAATGTTGTCTTCACGATCAGGAAGCCCCCTAGAGTCACGCTGTCTTCCTGCGTTTATTTCTTTGGTGTGTGCTCCCGACTTTAAGGGGTTCCGAGAGTCCTCCTGTACGCGTGAGCCCGCACTCTGGTGTCTGCGGAGATGCAGATAAAACGAGTAATAGCGTATCAGCGACTAATAGACAGACCTGAGAACGAGGGGCGATAGCCTTTGCTGAGAATTTAGTTAGCATACGTTTCGGAAGTACAAGCCGGTCCACCAGGCTTTTTAAAGAATCCTAAGTAATACGTGGAATTTACAACCTCTTCTGAGGTGGAGACTGGTTCCCCCCCTTGGAGATTGCGTCGTTAACCGATACAATTAATGTTCGAATTCCGAACCTTTGCCGATCGTGGATATAAAGGTGTAGGATGTCTTTCCCGTCTTACAGCTGGTGCTCGGAACATGTGTCCCGATATATAGTCAACGATGATATCCTTGATTGGCACCCGTCGTCG,1251,50.2,Drosophila melanogaster
SEQ_587556,GCCGTGAACCCTATTTCGGAAACTCAACAGTCCCTTAGGCGCAGGACAGCGCAGGCACCCTTCTTAGAGCCACGCACCTTGTCATCGGAGAGAAATATGCGCATTGTGTCAGGGGGGAGTGCACAACCTTGCTGAGTTTTGTAGAGGCGCTATAACGTAGGTCGATCCACACATTCCGTATTCCTCTCCTTTACTACACCTGCCGTGACTGCTACACAATAGGCTCAGCGGATTGCACACCGCAAGCCGCGTTGTTCAGTGCACATCGCACATTTGCGTGCTTGTCTCAAATACAATCACACATCTTCGACATTTCCGGATCCCTTAACAGGATACATTCCAAATAGCATTCCTAATACGTCCGCTTGACTAATCCATACGGAACGGTGTCCGGGGCTCCCTTATGTGGTACCAAGAAGGCTGCTTGGCGCGCGTTACATCATTTCGTCCAACTAGCGCCACTGGGATTCTTTCGCCACCTTCACGTTTCCAACTGGAGCGGGCCGCTAGACTACTCAGCAGAAAGATACCATTGCTGATTCACGGATCCACGCCAGTCGCTCAAGGCCTTACATGTTGGGGAAGTTTTCTCTCTAGCCATTCTCGAGAAGCACCTACAATTGATATAGGCGACCTCCACCGTAAACGATGAGCATAAACCGGCCCTAACCGCGGAGGACCTAAGGTCGTGGGTAAGAAAATCAGCCGTCGCCGTTGGACAGGTTTGGTCCTCTGCTGGCGAGGTAACCACCGATGTAGGGATACAGTGCGCTGACCCGAAAAACGGTCCTCTTTAGCGGCCTATTAATGAGAATCTCCCGTTTAGGATGCTGTCTGTATGTTTAGGGTGGCCCCGTCACCGTTAACACCTTCACTTATCCAGCTACGGATAGCTAATGATACCTCGGCCAGGTTCTTCGTGCTGGTAGCACTGTCCGGCTGTGGGACAGGGATGTGGTCCGTGCATTATGCTAACACAGCTTCGAGATCCGGGCGGTTGCTCAACAAGGTGTTCGCTTCAACTTGGCAGACGGAACACCTTGAGGCAAATAGACGAGACGTCTCTTATCCAAAGTTAGTTATGTATATCATTGTCTGAGGCCTCAGACGTTTTGACCATTAGAAAGTTAATCCAGCTGAAGCCACTGTCTATCTGACGGCGCTCTATGTCACTACGACGTACAATCACAGCTTCTAAGCTCAGCGACCCCGGGGAACAATCAGTTTCATCGTATAGTGCTATGCACTATTAGGTTCTGATATGCTTTT,1269,50.75,Caenorhabditis elegans
SEQ_700384,CAGCGCATACGCCCCTTTCGTAGCTAAATAGGCTGCTATGGCTGTAGATGAGCCGTGATGCCGTGTACTCTTACCGTTGTGTCTTCAGCGTTCGCAATGAATACCGTACCGTGTCACCTGGGTGTTAAAATAAAAAACAGTTATTGTGTCAAGATTTTCTTCAACAGGTGCTACGACCTTGTATATTACTTCCTGTGGGTCAACGTTTTGACTCTTTTTGGCCGCATAAGTTAAGTCCGTGGGGAGTAACCAAGTCGACATTTCGAGTCGTGCCTCCGGTGCTTGCAGCCATTCATGGCAGGGTGTAAGTCGCGTTGGATTTGGGTTCGCGCATACGTTACAACCTTGGCTGTTAATCAGTGCACTGCGGCCCGGCACAAATGTCGTGTAGGCATTTGATTTGGGTATCTCGAACGCAGAGCGGCACAATTACCGAGAAGAACGATCGAGAGTAGTTGACAGGGATTCTCTCTAGAAATGTGATTCGTGATCGTAACGAATCATTACCTCAATACTTAATAATGCTGAGCCAATAACAAGGACGAACCTTCTCAGGACTATCCTACTGCGCTTGCGGTGTGCTCGAGCACAACTACGACTGACCGTGCACACTAGTTACAAATCTCGATAGCCTCGCCAGACTGTCGCGTTGTAGTCCCACAAGCTTGGTAGGGTATGCCCACAAAAGCGCGACGGAAGTCCATGAGGGCTGAACCGAGCGCGGGCCCGACTCGAGGGAATTCTAAATAACTACAATGCTATTATAGTGTGCTCAGGTCCCAGTAGACCGTGACCCACGTACCGCAGGTGGCCTGAGCAAGGACTCGCCAAACCTGTAATCTTCTAGCGGTCTTCGGGGTGCGTCTTCAGTATCGCGCTAACGTTGGTTAGTATGTGCATAGGGCCATTGGCTAGTCGCGCATTGCGCTAGGTGCCCCTCGGTTTACTCAGCCATGCGATCTTTATGAACCCTGTAAGATCGAGTGAATTACGCCGTGCTCCTCAATACTCTTAACCCAAATGGAAAGAAGATGATGGTATATCGCTGATTGCTCGCGTGATCTAAGCGCGCGGAATGGACCGGGGAACGGAGCCGTGATACAACCCGAACGGAGTGTACGTATTGAGCGACGACTCTGCACTTTATAAACCGGACCTCGAATCACACTCAAATCCTAACTCGTTTATTCGAGTACGCACCATTTAGTCTCCTGTCATCAATCTCGGCTACACTCTTTCGGCACAGTGTTGGCGTAAGAATCTACCGAGCTGCTTTTCTTCCTGTTCGCCATCCTAAGTGAGACCAACGTCTTTGATGACTTGATCAATGCTATGACGTCTTTTTTGAGGGTAACCAAAGTTGCGACATGAACTCCAGCCAAATAGGATGTCCAGATCAGTGATTATGTTGAGCTAACAATGGGATGAAGATCTGTGCAGTCTTCACTATCGCAAGAACGATAACGCTGCACTACATCAATTCTTGCACCACAATCCAATTCTTAGGCATGTCAGTCAAAGCCCACTTGTAGCAGTGACCGCTCGTTCTTTGAGCAAGTTGATTGCATCTACGATGATTATATCGCCACACGTCCGCCATCGAGTCTGCCATAGGGCCCCTATTAATTAATCATGCAACTACGATC,1646,48.66,Escherichia coli
SEQ_509451,CCGACATGTGGCTACCCAGCGACTGGGGCAGATGTCACAGATCGCGTCGAGTGAATTTTAGTGATTTGCACTTCAATGGTGTCCCACAGCACCCGAACTCGATAATAACGTTGGGACCCGTGGTTTTACAAAGGAGACGGCAACATGGCGGGCCGGACATAAGCGAGTCGTTTAGATTTTGGCCGAGAAGGAACTAGTTAGTACGGAACAAACATGACACGCCCGCAAACGAGTACGTTAGTTACAGCCCACAATAATAGCGCACGAGATGGTATCAGCCCACTAGAAAGCAGCCTATATACTCTTGCCGTGCGCTGGAAACTGTCGGGCGATTAGGGATGTATACTGTTCAAGAAGTGGTACATGGATGACCTACTCTCAGAGCAGCTGCGGATCAAGTGAGCGTCTGACTCCTTAATTTCATTTATCTTCTTCGACCTAGTAATTCACGAAGGGCGGTGAGGATATATAGAATTAAACCTCGAGACGACTGTTTTTATCCTTCGTATTAAAGGAGCATATTAAAGTCGTGCGATCACTGTCAACCAGCGGTAACTTGGCGATTTGGCGTGAGGATGTACAAGGTCTCCCAAGAGACTCACATCGTCTACCTATTTCAGCGCCACTTTACCCTTCTTTCGCATAATGGTCGGCCGCGTACTCGGTATCTAAGGCTCACTCCCAAGAACTGAATTCAGACAATAATATCTTGGCCTCTCCTGAATTTTGGTCCTCTCACTGGGGGAGTAGAGCTAGAGGATATCTTCCACTCAGTCCCAGTGACTGGGTACACTTTGATCTGTCTCACTGGCATAGCTAGGAGCCGGACTAGCTAACCTGACGGGGCCGCGCTCTCCGCGGGACTCTTATGAAAAACCAGCGTCTCGATAGGCGCGGCTTAGCGTATGTAAGAGTGGGCTGTTCTCGGCTGAGCGAGTAGCGATATCGAACCCGGAACCATTAGCCACAAACTGAAATAGCACACCTCCAAAACCGGGTACTTATTCGCCACTCCTAACAGGGGGAT,1027,49.66,Homo sapiens
SEQ_115466,ATTGAGCGCTTCTGAGCGTGAGCGTGAACCAGTTCCGGGGCTTGAACGCACATCAGCCAACGACTAGTTAAGCGGTCTGTCTTCGACTCATGGCGGGGTCAACCATGGTCACTGTCGAGTGAGTACAGAGATTAGCGGCCCACTCAGGGAGCTCCCCGAGGGCTAACCGGGTGATACTGCTACGTTCGTATCACGCATATCTCGGAGGGAAGTGCAAATTGGACATGTGGATAAAGGTTCCTTCGGGTCGCCATACCTCGCAAATCCACCTACGTGACAAGACGGTGTAGGCCAGCATGCTCCAGTGCACCGAGACAATGAAGGCGTTTATCATTCTTAAGAGCTCCAAAGTGATACACGCTTCTTCGGGAAGAGTCGATTATTCTTGTTAATGGTTTTCCCATATAAAACTTGTTCTTCCGACCCGACTGGTGAATGGTGTCAAAAAGATATATCGGGCCGGTAGAATAATTACTACGGCTGTACCGAGTCACGTACTCGATGAGTGTCCGGCTGGATGCAGAAGTCGAACGTTGCGGGTAAGATATAAAGATCACCCCTGGGTCACGGCCTGATGAGGACTCAGGATGCTTTGAATAAATCCTGCTAGGCCTCCAGTTCTAAACATCAGGAGATTGTGCGGTGTCTATGCTGGAGTCGACTTCCGTCGGGCTGGCTGTTAGGTTCCGACACGTTCCCCTTCCGAGACTCACTATGGACACCAACCCACAGGATCTTAGACAAAATATCGATGGCGCTTTCCGGAGTCGACGCTACCGTACCGTTGTTCCGCTCCTTAGAGCATTCTATCATATGGGTTGAGTTGCTTGGCAAGGGAAGTTCAGCTCTGGCCCGTTCTGTAGAATCGACATGGTGATACCGGCTATCATTTTTTGCTATGGTGCTCAGATCTTTGCCGGCACGAGAAGATTCTGTCAAGCATCAAACTAGTGTATCCGGTTTATTTGACAGGGTTAGAGCTATACAGTAATCTCCCGATCTAACGCTTCAGGACGCATAGTGGAGGTGAGTTGCAGTCCCGTAACATCGTGAAGTGTCATCACGTCTCTGGCCCGTGGATTGCCGCCCCGGTGGCCCTAAAAACCTAGGCCACAATGACGCACTCCTCCATGTGCGGTTCTCGAGACATATGGGAGTGCCTACATTAATGAACGTTAGATTGTTCCTGCAACAGGTTATGCGCGCTTTTCTTACTTTACGGGACCTGGAACCAAAGCACCATTCACCTTTCGCCAACATTCTGAATGACGGAGACTATCTGGTGAACCAGCTGCCCGCGTAAGCTTGAATTTTTGCCCTATCTCTCTTACCATACCCCAGCTCGTAACAAACGATGAATAGGGACAGGCCGGAATGCAGAACTGTACCTCTAGTCAACTAAGGCTTCTGTACGGCGTTTATTGTAGCCGTCTTTCCGCCTTTGCTTCAGAAACCTACCCAAAAAGGAACCCAACCGGGGTCAACATTTAATTACAGTATCAAATGATTATCTACGTGATCGAAGGACTTTGTGACTCGCTTGAGGGGAAACGAGCCAAACTCCAGTCCAAAAGTTAAACCATGCAGAATC,1591,49.65,Saccharomyces cerevisiae
SEQ_378055,TGTTCTCAAAGCGGCCAAGGCTGATTAAACAAACGACCTAGGGTATGCTGTGGGCTAAAACCAGACTAGTCATGCGTTTATCAGAGAGGGGGGTTGTCTTATAGCAAATTAATGTTCCCCAGCGGTAGAGAGAAAGTGGTCTGACGAATGCACCGAATACTAACGAATTACGAGTCGCTGCCACTTTGTGAATCGGCTTGATATTTTATGACGAGTGAGGATGTATCGTCATTAAGGTGCCATGAATTGGAGCCGATAAACGTCCGATTGGCCACTGCGTGCTCTTAGGATCCTCTCGCTCCCTAACAAGAGGCCATTGACATCAGGGGACCCTCACGCCTGGCCTCCAGAATCGGGGGAGCAGCCGCTTCCACGGGACCATAGTTCGCACCGTATCCATGGGCGGTATCCTCAAAATTGAGTGTCGACTTTAGCATGGAGCATCAAAGCGTTATCGATTTAATATCAATAGTTACACTTGTTCAGTCCCACAACATAGCGCATAGTGTGGGGCGGGGATCGCCGTGGTTTCAAAATGTAGGACCCTTTGGCAGTTAAGCAAGTTACCCTTGATGAACACACGAGGAAGCACCGCTTGCGTGTTCAGGGTTCGCACGTGGGTCTGACCGCAAGGGTCCGGCTATGAAGACGGATACAGCCGTAGTTTTGGGCAAAGAGGCTCGGGACCTAGACTCAACCAGTGTGAACGAAATCGCCATGCAGACAAGACCTACGGACGAAAGAGCTAAGCAAGAGTTAGGGCGCCCTGAAACACTGCCGGGCATCAGCCCACATCCGAGGATGCCAATCACGCCCATGCGTTACCTAGGAGCAAACGGATACTTATACTGCACCTCATCAATGCGAAGGCAGCTGCTGCCGCCGTGAATAGCTAATTTGAGTTGACTCCGCAGACGCTAGGTAGCAGGAAGTGAAGGTCAATACAGGCGCTAGTAGATGCGCGGGACTCGGACTTACATCGCATTCATACTATCTCAGTAGCGGAAGAGCGAACGTATACGGCGAAGGCCCGCAGATCGATTTTTTTAGCCATGAAACGACCGGCACGTCGAAGGTCCCCGGTGCAGGTCTTACGTAACTAAGCCTTGCTGTGTATC,1118,51.52,Mus musculus
SEQ_485409,AATTTCTTTACGTGTCTGCGTATAGTAATCCTCTTAAGCTTGCACTGCTAAACACTCGATCGTGAAGAAAGTTACCACACCGGCGGGATTTTTACGCCCCCCGATGTTATGAAAGACTGTTGGCAGCCTAGGCCCTGTAAAGTTGGGTTCATGTCCCAGAAGTCTGTCCGCGATCAGCGTTCAGCGAGAGTCCACTGGGACGAACCTTAGGATTCAGCACCTCTAAGTCAATGTGTGGCCCTGACCTATATAAGCTGCTCCCTGTACAAATGACATGTCCCCGACTTGATACTTGAGTTAGCCCCGCACTCTCGTCGGCTGGTACGCATCGCTCCCGATTTGGACTGCGTCACCTGGTCCGGAGGCGCTTTGCGAGATCAACTCGCCCGTCAAGCACGCTGTTACACATGAGGGCTCTTTTGAATTTCTTACCGTTGGAATATTCTTGCTAGTCATGGGATGGGAGGTAAGTGTTGATCGCTGTTTACTACCAACACGGCATATACATGATAGCAGTCCCGATAAACGTGTGTACTTTGGAGTCAGGTTCTAGTGATTTCGGCGAATCGCTCCGCGACTTGTTCGCCCTTTTAACGATCCCTGTCTATGGACCATGTGGTCTATTACGGGCGTGAAGCAACCTTAATGGGCGATCGGGCATTGAATGGCGCCTGGGGTAGCATGGGTACAAGTGAAATCTTTACGCTCCTTTGCGTGAAGAAGAAAGCTCCAGGGGTTTTGCGTACATCCCCAGTAATTTCTTTTCGCCATGCGTCCTTACAGTGCGAACGCGAACGGCTGGCCTCCGGAGCAAAGAGGGGAGTCAGTGTGCAATTGAATCCTGTGCTCGAAATTACAGTGGGTGGTCCATTACGTCATTCGTACACGTCAACATAGAAGTGCCTAACAACATGCATTGAGTCCGCCGACAACCTCTAGCACGGATTCGAGGACCTACGTGCGCAGCAATATAAAATTAGTACCAGCTAGTGAGGTGGAAGGTACCCTGCAGACAGGGTTGATCACCAAATGAATTGAGTCGCTTGGGCCACATTGCGCGTTAAGGCAAAGGATCACTTGTGGTATGTTTTCGGAACGGAGCCAAAATCTAGGATCAACATCCGGAATTACCATAAACCGGAGCACGGTACGATATGGGAAGGTTCATGAGCTTGAGCAGCGATCGGGACAATAGGTTAACCCGTGTCCAGGAAGCAGGGGGACCACAGGGGAGAATAGTCCCGTTTTCGAAAATGGAAATTAATGATGAAAGCCACAGCGACTAGCAGGGCTACGTCTAGGCAGCGCCCCCCGCTATGACGTAGTGGGTTGGCTTATCGCCGCTTGGCGCCCGGGGTACGCGTAATGACTTCGTCAAGATCGTCGAGATCGCAGCCCACTGGATCCACACTCAGCAACGTCCCCTGGCGTTGCATACATTGGTTAGGAGCTTATTATGGACGAGCTTAGCCGTCGGACGGAGACGGGCCGGCTGGGGGTATTCTCCACAAAAATACGCACACATGAAGAACAACGGGATCCTTGAGTATCTTGTTAGCCTTCACCGGGAGGGCATCAGGAGTGCAGTTGCAAGCGCTGATGATTACTCGAACTCCATCGAGCCGTAGAGGAGAATGAAACCGCGCAAAAGAGGAACCTTTAGGTAATACGACCGGAGGAACTTGATCAGCAGGCTGACCAGCTGTCAGCGGT,1713,51.49,Caenorhabditis elegans
SEQ_663391,TGAGATTCTAGATCAGGTGGTACACATAAGAAGTGTCAGCCGCCGGATATTACCCTCTTTCTTAGGCAGTGAGCAAGGCCCTAACCCTGAACTTTGGTAAGTCGACCATCATACGCGGGTATCATGTCTTTCGACATATACGGACTTGCTGCAGCTCGCTCGGTGGAAGTTGATTTCTGATCAATTTCCGAGAGGTTTCTAACACTGCCTATTTATAGATAGGTACGTGGCTGAAAACCCCGCTAGGTTCGGAGATTTCAATGATGTGCCACAAGGGGCTTCGTACCGTACGTTTATATAGGTGGTGAACTACCCCGACCAGAAATAAACTGACAACACCGAACTTTCGGCATCTTACTAACTCATGTTCAGCCACCTCAGCACTCAGATGGGCGAGCGCTGGCTTCAACGATGCGACCGTGTTGGTGCCCAGGGGCGTGTCGGCCCGCTCGGATCCTACTGTCCGACGCTTGGCGCGTTCCGGTTCTTGCGACAGGCTCGTAATAGAGTGATACCGCAACGTGCTTCCAGCCGGCCGGATTCTAATAGCAGGTTATAGACATCGTGGCGCTGCCTCTG,579,51.81,Drosophila melanogaster
SEQ_355289,CCGCGGAGCTTAGACAGCGCGCGTTTGAACACATGTCAAGCCGGGATGATTGGAAAAGGGCAGGCGATTCGTGGTTAAAATAGTGACGCAGGACGATTTCGTATATGTCGAGCACTTCACTTTGCGACAGGGCTCAGGTTATCCACCCAGCCTCTGCGGCACTTTTTCGGATGCCTCGCCGCTGTTCCCATGCTCGCCACACTTGGCCTAATGCGATAGTACAATACATATCGCCAGTCACTCATGAATGATTCACGTTAGTATAGCCGAGAGAATCGTAGAACGTGCAGCACTCGCAATTCAACGAAAGTGCTATACGGCTTTCACGACGAGTCTTTGCCAGGGAGCGCTCTCGAGCCCGACTACTAGTACGATTAGTACAGCAAAACGCAGGGCGGTCCAACCCGGAGATCACATAGAGTAGCTCAGTGACCAGATTGTGTAGTCTGCTTCATTCGATCTCTCGCAGGTGCCCGTGCACACAATGCGTGATACTACAATAACAACTCCTGGGCTAAGTTCGCGAATCCATAGTTATAATACTACAACCATCAGTAAATAGTATCGACAGATCGTGTGGTGTTTGTAGGTCAGTCCAGCTCCGTCCAACCGAAATTACTAGACTGTAGGCATTCCTTAAGGCCGTGTCGGTGGCCGATCACTAAGTACAGCGCTTGAGTTGATAATTTTGTATGAATGATCAACTCCGAACTCGCACTTCATTCGTTACCCCTAGGGCCAATTCACGTCATAGACCTTTCCATACCCAGCAGGCCCTGACCACCATCTTGCTTAAGTAGACTAAAGTAAAAGGAATCTTATGATAGCTACTCTCTGGACGAAGAAGCCAGCGCTTGTCGCAGGGATAGTTGATATTGCCAATGACAGGATATTCGTCTTGACGAACAGGACCTGGAAATGTTGTGAATGAGCAGGGTGCAACACCATCAGAGGAAAGAGCAAGGACGTTCGCAATGCCCATGCGGCGTTTAGGCCAACACCTTCTTGCATGGCCATCCGTTCTCAATGAGACAGCGTCGCACACCTGCTCTTCCATCCACTATATAATTAGGCTACTCAAGATGCGTCAGAGTATTCCGTTATATATTAAGCCACGCCGTATACCTTGCTAAGACAAAAGAGCCTGGGCGTAGGGGCGGGGAGTGACAATATACTGGACAGAATCTTTAGCACTCGAGTTCTGTTCATTATGACTCAACAGTGCCGGATAAGCTCCACCCTTCCGCACGCGTAGACAGGTGTTGCTTCATCGTTATTAATGCTAGTAGCTTAGCCACCCTCCAGCTCTTCAAGAAATTGGAAGACCGGACAAGCATACGGGGGTTACCATCTACACTCCTGGCGACATAGACGACCGCTCTTGATAATGAGATTCAAGCTAATGTTCGCATTTCACGGAAAGTTTCCGCCCTAATCTTCTTAGATGGCGCCAACAGTACCATTCGCTAACGGGTGCTATCATCCAACTAGTTCGAGATTCTCCCGCGGTGTTCAGGTTGGAGGACTGAATCGTCCTGTCAGGTTAATACATGTCGCGGCCTCCCTTTTGAAGCAAATGATTCGCGTGAATCCCCTGGTTGCTCCGTCGGAGTCTGTGTGTCAAAAGGTTTGGGCCTTGACCACGTCAGGTGGCTCCGTTTCGAAACTACAGCTGTATTGCACGTGCTGTAGTTTTAATAGCCCTTGCGAGTATGTCGGAAGGTGACACGCCGCCGACACCTGCACCCGAGTCATGCGGGTTATGAGTATCGGTG,1775,49.58,Escherichia coli
SEQ_251766,CGCTCGCCGGCCCTGTTCCTTCAGGCTGGCAACTTCGACCTCTGCAAGGTCAGTTTAACGAGAACCTTCCCTTTGAGAACTTGTTGGTCCCCCCTCGGAGATACAGGGGGTGCTGTGGGTCACCTATGAATATTGAACACAACGTAAGGACTGATGGAAGTGCCACCATTCGGGATTGCGATTCAATATGCCAAGTAAAACTCTTCATAACATCGGAGTACCCTAAGGATGTTCCAAGGCTAAGCTGATGTATTGGTTTGTCTAAAAGGCTAATGACCCCGTGTCCGCTCTGAAACGAATGCACTCGGCGCCTCTTCGTTATATCATGATAGAGCGTCTGCCACGCTGTTTTTAGGATAGGACTTGAAAGGGGGTAGCCATGTGTGCAGGAGCTTTCCCGTGGACGGCCGGATGACAATGTGTACGCCGGTCTTAATGTCAAATAGCGTTGCACCTTTATATTAGTTAAATTCTCTTGCATGGCTCCGATGCCGAAACGTCTGATGTTAACTGAAACTACACCACAGTTGTTCGGGACGCGCGTAAACAACACTTATGCCACGCGGAGAACCACGCAGCAACATACAAGATCTTGAGCCCGGCGCTTTGAGTCCATTTAGAAGTCTCCTGCTAGACCGGGGTCACCTGGAGCATTTCTGACACGATAAGACCTCTTACGAGGCCACTACGCGCACCACGTTTGGCATTACATATAGGTTGTCGCCACCGACTGAACCAGGAGAGAAGTTCCAGCACTGAGATTTCAGCCGACCACTGCGTTGAATTCCCGAAGCGAGAGTCGCGAGAGTCGTGTTCTTAGACCTCATCCATGCAGTGGTACAAGATAACTATCATTTAGCTCTGGCCGTAACTGGTCGCTTCCGCAGGAGCTTTCTTTTGTTTAACATGAGTAGACTGTTATAAGCCATTGCCGTCTTTATCTCCTACGGGCCGATGGTTCGCACGCAGGGTCATCTCGTGCGATGCAAGGCCCGCGACGAAGTGTACCGCAAATCATGAAGTTAGGCCTGAAACTTCTTAGAAGGACGTGAACGGTCATTGGGCTGCTCGCTCCTGGTGGAACCGTCAGCGCTAAAATAAGAGCACCAGAACGGTCTAAGTAGATGGTAAATGGAGTCGTGCTACCTGACGCGGATGATATGTGCGTGATACTAATGCTCAAAATGTTACACTAGGAATGTTTACGTGTGCGTTATTGAAGGTCAATATCCGAACCGGCTGTAGGGATTCTTGTTAACCGAGGACAGAAAGACAACTCCGGTGTTTGTCCACGGCCGTGAGAATAGATGACATCGTGTATCCAATTACAGCATAGAACATTAAGAAGCGGGCAATAGCAGCGTGACTCCGCGAGTATCACTTGTGTTCGTCGGTACCGTCAGCTCGTAACTACCCAAAAATTGGTGATTGATTGAAGAAGACATATTGTGTCGTTAGTCCTCCCTTTTAGAATAGATTACTGTCACGGGGAGACCAGTCCCGTCCCAGTCTAAGGACGCGGCGTTTTCGGAGGATGATTGCAGCACAGCACTTCGG,1557,49.52,Escherichia coli
SEQ_625837,TCAGAAAGCTCCTGGGACCATGGGCCTTCCTTGAGGTAATATCGGTGTGTCTCGAAACCCATCCATCCGCAATATACTTAACCTTCACCGCAGCTTAGAGAGACGGCGGCTCATTCGGCGTAGGATATCCTGGGTCACTACACACC,146,52.74,Saccharomyces cerevisiae
SEQ_132803,GTCTATTGGCTTCGCTCGCGCATAGGAAAGTTAGCGGACGTTTACCCCAACTGAGAGACTGTCAACTAGCACTGGCGCTTATCGCAGGTCCCGCTAGCTAACCAAAGCAAGTCTGCTCAGTATTCGAGAAGATATATGCGGCGCATGGGCGGCTCCCGAAAAGGAATTGCCTATTGAGGAGTGATACGCGATGCCCTGGCACCTTGTCTGCTATGCCTGCGCCCTCTCCGATTGGATATCGCAAAAAAAGACTTTACTTAATCGCCCTCGTTGTGCATCGATACGAGCAGATGCGGGAATGGACATCACTTAGCATAGTGCTTCACGCCTTAATCTCCCAACTGCAAGGATTAGGGTACAAGTCTTTACAGAGAGAACCCATTGCCTGGCACCCAGGTCCATAGCGCTTGGTAATTCGGGGCGCGCACAGTTTCACCCTCAATGATCTCCTAGAGTACTTAAGAGCTTCCTTGAGATGGACCCACGTTTATGCTCGTCGATTATCTCCTAGGTTCACCAGCTATAGACGCTTTACAATGCTGTCTATCTCGAGACTGATTGTACTCAACGCGCCGCATTCAAGAGGTCAAATGGCGACAATGTTCTGCCTTGATCAGGACTATTTTCGGCTGCGTGAGGTATGACGCCATGGTAAACGGTCCTCAGATCCACGCAGCCTTGCAAAGTATTGAGTCTCCAAATATACCCAAACTGGCCGTATCAAGCCTTAGGGGAACTACTCAGTGTCTGCCTGTATCAGACGGGCTGGGCCTAGTGCTGGGGGGCATAGGGCAGCGTTCCCGTGCGAGGTGACGTTGAAGACATGATACATACTCCTTTGAGTAGCCACTCTACGACACCGAAGAAGAGTGACACTCCCTCTTGCTGTGATGGCAACCTAAATATGGGCAGATTGTTTTGTACGATTACGCTAGCCTAGTTCCCTCTCCAACCAGCTTAAAAATATAGTTTTAAGCTAAGCCATCTTCACTAGACCCCCATACCCCCCGCAAAACAATAATCCAACAGGCAGTAACGAGACAGCGGGATGAAATTGAAGACGGTTAAGATCCATACGAACGGCAGCCAAGCAGGATGTGCGATAGAAAAGGCTCTGGAATGTAGTAACAGCCCGTGAACGTCTTTGGAACTAGATGTAACGTTTGGAGGTCGGTTGGGGACCTAAGGAGAGTCCCTGTGTAACGCCATACGGAAACACCTAGGTCCTTTGTTGGTTAAAAACTCACGCAATTTCTTATACTTGCAATGATGGAGATCTGTCGCAAGTCCCTCAGGCGTCGTATTTGGAGGCTCAGGGTGGCGTTTGAAACTACAAAGGGTTGGACGGCACTTTGTCGTCGATGCCCTAGAACCGTTACGGAGGGAGTTCATGAACAGTTT,1401,49.68,Arabidopsis thaliana
SEQ_822777,GTGGTCATGTACTCCGATCGGTCGTGGATATCGGCCCGTTGTTGCACAATCTAGTTCACTTAATTTCTATGTCGAAATCGACTGCGAAATTCGATGGTTGTTCTGAAGTGATGAATCACGGGACCTGTTATAAAGGTAGTTTCTAAAGGTGCGATTGTGACCTCGATTGGGAGCTTCACTGTATTTCTCTCAGAACTTTAGCTAGAAGGGGCGCCAGAGTGATGACGTAAGTGCCGTTCTTCGCTATTAGGGGCACCTTATCTCAGATCAAGCACCAGAAAATATTGTGATGAGAGTGAATAGGTAATTTCTTTTGGGTAATCATGCTGATGCCTGTCGGGTCCTTAGTCCCTCGCCACCCGCCCGGCATCCGTCAGCGCATGCAAAAGGCGATTGTTGAGCCAAAGCGTAGTTAAGTTGGACGGGCGTTTAAAGAATCCGGCCGATAAGGCCGAGCGCAGCAGGTACTTTAGAGCTTGAGGAAGCACCATTAAATCGTACACAGGAAGAGAATTCTACATTCTCTATCACAGAAGACAGGAGTTTGCTTGATGCGGCCTGCCAAATCGACACCTTATTTCGCTTGTTATCTAGGTACACGTAGCGTTTGCGCTGTTTAGACCGTGAAAACCGTGCCCGGCCGGAGATACGAGCGCTCTCCTCACAAACCTTGGTTAGCCGCAGAACACTGCACCTCCTACGACGCGAATAGGCATTAGTAAGTGGCTAGCTTCTATACTGAAACAGGGCGTGAATATCACCGAGGTCGGCGGGGTAGTTGTATGCGCTCCCCGTAACCCTAGACACCACGAACCGTCCAAGTTCTTTGGTCCCACTTTCCCAGGCTGCGCGGTACATACCCAGCCTAGCAGGGGATTATAACTGTCAGATGCAGTACCACGTGTTGGGCTGCCATGAAATAAACGTCCAACCAGCGCTTGTGCCACTTCCATACGAGTTCACCGCGCTCGAAGACCTTACGACGAATCTGATAGATCCTTGTCTGACAGGAGCAGTTGGATCACTACTCACCGCTACGAGTTGTACGCTGGGCCTCAAGCCTGCTATGAGTTTCGAACCTGGGAAGACTGTATGGTAGGAAAATTCTATTAGTCGTAAGAACAGATTACACCCGCTTAACATCAAGTAGATTTATGGCAATCGTGTTACTTTCGTATTACCTCGCCTTCCAACCGCCGTGTCCTGATCTCGGGACATTCGCTGAGCGGTCTCTTACCCATATTCTCCGAGGTGGTCCATCCAAGTAGAACTGTCTCCGACCTTTACCCGATCTCCGCCGGATCTCTCAAGCACAAAGTGCGCCAGAGGATACCTCTTGTCCACAGCATCCCACTGAAAAATACACACTGGGTGAAGGTATGGGCGGGCCTCGAAAACATAATGTCTTTCTACGGTATTTAAGGCCGCGAGTGTGCCGGCCCAGGCGTATGATGGGTCTGCACGTTCTTCTAAATGTTAGCCCATGTCGTCTGTGTGGGAGAGTGCTCGTAGTCTGGAGGTGCCTCCGCCCCTGCCTGTGTCTCGTGGCTCAATGTACAGGTGGCGAATAGGTTTCTTGGTTCGTACGTTATGTGTGCAAGTTACGCCAGAGCAGGTATGACTGTAGAACGGGCCAACGGAATCGCTGGACTAACCATATAATCGAGTCTAACGC,1675,50.39,Caenorhabditis elegans
SEQ_517688,CTAACTCAGGTCTACGAGTTGAGGCTAAGTCGCTCCCACACAGTCCAGATTCCTTTGCGGAGCTGCGGAGGGTTTCAATGTGGTAAGTTCGCAGAAAATCCGACTCTGAGACTGGTAGTACTGCCGCTTAAAACGGGCGCATTGCCAGTATATGCCAAAAGTCCACTAGGAGTGCCAATTAGCGCGGCGAGCTTAAAGTGTACACTAAGTTCCACTCTCTGTTACCTATACGTGTGAGGTGTTTCAATGCTGCCAACTGGTTCCTATTGCATACGACCCAACGAGAGTCGCACCGCATTAAGCCCCGTAGACTAATTCGACCTACAAATCTCGGTAGGCCATACGAGCGGGATTGGGCGGGGACTCATGCGGCCCACTCATTTCTAGTTATCGAAAAATATAGTCCACTTTGTACCATGTCGGGTTAGTAATCAGGACGAAGATTGAACCAGGTCACGTAATGATTGCTATCGAATTGCCGCAGCGGATGAAGCCCCTGACAACCACATACCGCGCATCCTTGAGTTG,528,50.0,Caenorhabditis elegans
SEQ_763901,CCCGGTTCAGATGTCCTCTTGCTACTAGTAGATACCCGGTCTTCCTCAGATCTAGTACCGACCGGTTTTAGCCTTTTATCCCTTAGGCGGGCCTGCAGCAGGAAACAGTAGCGTATGGGAATGATACACATTTCTGCGTAGCAAGTGGATGTGGAGATTATTGCACGTTACCCGGATCGTAGTGTTTATCACTCGAGCTGAGGATTAATACAGGGTTCGTGACCTCGCAACCCCATCAGTCTACAGCAGTGTGCCAGTCCATTGAAAGGGATCTTTGTATCACCGGTGGTGTGAGTTTGGTGACCGCCTAACGGAGAATCCATGCTCCTAGCTTGTGAAAGGATTCTTGTCAATACAGCGGGTCACTGCACAAGGGGTATCCCCGACACGACCCTCGAAATAAGCTTCTCAGGACTTACGGACAAGGGTCGATTAGCGCAGAGGATGGATCATCTGATTTAAATCCTGATACAGGGGAGATTTCCTTGATTGTGGTGGTTGTAGCGCGGTTATACTCATCCGTGTGAAGCTACTATGCGCTAGTTCGATGACTGAAAGACAAAGCCAGTCGTTCGGCTCGTACACGTGAAAACTGAGACAATTCTCCCACGTGTCGCTCTTGCAACATCTATTGAATTGGGTCGGTCCTTCCGGGCGGCCGAACTATGAGTATGAACTTGGTCCTAAGTTCTAGGATCCGTGGATTCATTCTTGGAGACAGAAGAAACCCTGAAATTTCCCTACAAGCGTACGACAGCATATTGGTTAACCCGGATGTTCACGATGCTCGGCTTGCACCATTTAGGTAGTGTTATTGACTGTTCATACGCCCTGATAGGATCCCACACCTCA,852,48.94,Escherichia coli
SEQ_986621,AACTACAGACTTTCCTCGATAGATGGTCGGGGTCCCATTTTAGGGCCACCTCCCATGTCGCGTTGAATGATGGAGTTTCGTTGTTGGGGGATGGAGGGACACCACGGGGTTAATGATGGGAACCTGCCTCGAACCCTACGGTTATCCGACACGTGTAAGTATAGGCGACAAGACCGGCTATCCATCTGACCCACTCGTGAGGGTCGACTCAGTGCGTCAACTTGCATTTTCATATGAAGCTGTGGATGCCCGAACAGTTCAGGAGAGGGCACGCGCAGGAACTTCGCAATCAAGATCTTCTAGCTATCTACTTCAGAGAGGGGTAAAACTTGCTCGAATCACAGGTGTCAACTCACTATATCCGGTTAGCCCCCGGGTACTCCCCTGTTAAGATATTCTTTGATAAAAGTGAGACGCGATAGCCTACAAGTCACCGAAACTAACTTTGTAAGCTCATCGGACGCGACAATAGTTTTATGCCCTCTCGTTACAT,493,49.7,Homo sapiens
SEQ_914978,CCTGCCGGGCTCTCATTGTTCGTTTGAGATCATCGAGTTCAATCGCTTGATGGCCCCCACGCTTTGGAACGGTACCTGTATGGTACTGTCACTATGTCGTAGGCAACCCCTTTGATAGGCCGCCAGCGTGAATATTCACTGAAAGGGCTTGCGTACTCCGAGGACGTAATGTGTGTGAAGAACTGTGTACGTCTGAGCATTGAGTTTACTTGACCAACCAACTCGCCGCTTCCATCATGTAGTAGGTTCACACGAAGGGACAGGATTTCATGGCTTTGTCCAGCAGTATTTGGTTCAGTTAACACGGGCGCCAACCCTACTGGTTTTACGCTTTCACGATTCATCATCTTGTGCTCTCTCTCCGGTTTGCCGATTGGATACTCTCCTGATGGTTCTCACAGGGCAATTACTAGGAAGAAACGGGGAAACTCGGAGTATAATACATAGGCCGAGAGTAGGTGTATTTTCCACATCAGACTATCGTCATTAATCGAAAACTAACTAAAATAGACCGGAAGGTATTATGAAACGGAAGGGGCGTTCAAACGTCCATGTTAGGCTGATGATGCAAGAGGGTATCCAGGCGCCCCATCAGATCCTAGGACGTAGGATCTGATCCCGTGCTGCCGA,630,48.73,Drosophila melanogaster
SEQ_431220,AAGCGTATAGGAAAGACTTGATTGGCATTAAATCAGACACAGGAGCAGTGACTAAGTGTCAGGGAGCAGGCTCCAATGCAAAAAGTAGTACTCGTTCGCTCGAATCTACCCTCCTCTAAAAAGAAGCAAGTAAAGATAAGTGTGACAAGAATATATTCACTAGCATACGGTCGCGAGTCAGCTGGAATAGATGGTTAGTTCCGGGTGTAATTAGGATCGCATTAGGTTGACACGCCCATGGCGCAACCTTATGACAGCCAAACGGAATCCAGGGGGGTTTGAAGCTACTGGTGTTGGCCATTAGTACCCGACTCACCGAAGAACAGCAGCTCGGTACTAGTTTTGTGGTATCATCATGTTGCATCTCGTACAGCCATTTAAGACGCTATCTTGTATTAAGTAAAGCATGGCTCGCAAGCAGTGCGAGCTAAGAAACGGCGCGTCGCTAAGGAACGGTCTCTAGTACGGATCATCGCACCGTTCACCTAAGGCCTACCTACGAATCCAATACAGACACAACAAGCCCATCCTCACCGCCTGTGGACCTGTAATTGTCCTCTCAATTACCACATACAGGTAATTGCTCCTTCAGATTGGTCGAGTCTACTGCGGTATCCAAGGGTGTAGTTGTAACGCTTAGCGGAGGAGCCATACAGATGCGCCAAGAGGAAGGCTTTCGTATGCTGTCAACCTATGTGAAACTTAGGATCTTACAAAAAGAGATATGTTACCGTTGTGAGCAATGGGGGGATGCACCGGAGTCCGGCCACTGGTAGCGCCGGCTGGACTTGGAATATATTCGGTTGGTTTCGTCAGGCCGAAAATTAAGTCGAATTCGTATTGGTTCGTTAGTCACGTAAAATGATGGGTCGAGTCACGGTAGTACATAAACATCTTGAGTAAAGCTGGGTTCGGTCCTACCTATGAGACTTCGAATACTAATGGCTTGCGTAGGAGAGCGAACCTCACTGATGCAAACCATGGATCGACCTAGTTAGAGGGCTAGAACCTTACGATTGGCAGTGAGTGGTTGTAGCGTACCGCCAGAGTCGCCTTAATTGCGGAGCGCTGGGATGAGGATGAGAGAGGGGAGGAGTAACTCATGATCGCGACCGCCTGAAAAGAGCTTACCGTTTCGGGTGCTTAGACGGGAGAACTCGGCTAACAATGGGGTCTATGTGGTAACGTTATACTTAACTGTTTTAATGGGAACGTCATGTGGTGTCGCAATAACATATCGCTGCGCTCGATTCCCCATTACTGCAGCGGGCCCTAAGCAAAACTACGGCCCAGCCTTCATCCGGTGTTGCAGCGCACGCTACTCCACGTCATCGACACCATCAAATCATCGCAATACGATTCTCTTGGTAACAGGGGACGCGGAGACGGTCCAAGGATACCATTGGGTCTACGAAGCAGCGCTTAATTTAAATCCACTACTTTCAGTACTTCGATGTCTTATCATAAGAGATGCAACACTTCAGGGCGAAGTGCACCTGCATACGTAGAGTCAATCCGGAGCGACGGTAAGACCGAGGCTGCACAGTAACGCTCCGGCAGCGTAAGTATCAGGATTTAGTTTGCGGTCGGGAAGGGGTCTGAGCCTTGTGCAAGGCAGGGAATATGGCAATGTTAATGTCCGCACGAACTTAATTATGTAGCTTATCTCTCGAAGTACGCGATGACGTAGTTCTGTCAAGTACCCGGGATTATCGCAAATGGTTATGTGACCTCACACGGGGCAGGTAGATAGATTACAAAGCGTGTGAACTGATCGTT,1779,48.74,Saccharomyces cerevisiae
SEQ_584573,TTCGTGCCACGGCTATGTTGGTCTATAGATCAACGCAAGTAATGATCACTATAACTCTGATGCCGTAACTTTCAAAGGGGAAGTACAACACAAGGTTTCGCTATCCGTGTCTATGCATCCTGGACCGTGACCTCCAGAGACTGGCTTTTGCACAGCCTCCAGAATTGCGTACTGCTTCGGAGTTAAGGCCGATCTTGATTTAGACATTTCTTGGGTAACGTTACACCTTCCGATGTATTCCATCCCGACTCACCGGTTGAGCCGCCCGCCGTACACGCCTAGTGAACGTGGTGGAGACTCGGGACAACGAACCATAGGCCGGAACCAAGTTAGGTTATTTCGCGCTAATTCCCTAACTCATCGTGCAGGGCCAGTCGCTCACTGTAAAAGGCAACTTCCTGTACCTAATACGCAGGGGGGTGCATAAAGAAGTACAAACCGGTAGGACGTACACTATCAGACATATTAAGCAATCATTGGGGTTCAGGTCGTCACCGAGAGCCGCCTTCAAAAACTTCGATAGTTTGCAATGGAGGATCATATAACAGTTACCTCGGTTCAGGGTCTGAAATACTACCGTAGTATACTGTGTTACCCGTTCCCTAGCATATTCTGTCACTCAAAGGTTCCCTTAGTTAGATGATTAAAGAGAGATGGATCCAGAGAACTAAGGGGGTGTACCTGAAATAAGGGCCTGGTGGCTCCCCTCAGTGACCCCTAATGTACTCTATGGGGGATTGTCACGGGGCTCACAATAGTCGATCCCCGCTGGCCCCACGGGGACCATCCGACATCACTACGGGACTTGTATGAACTAGGGAACCCATAGGCTTACGCGCAGTTCAGCAGCTGCGCTTCTCGGCGACCTACCTACGTCTCGCAAAGAGACTTATGGAACGCACAATGGGCTCGTTGACTCACGAAACATCATAATAGGTTGCAAAAGCCAGACCACCTTTCACTTCATTGGTAGTGGTCATAAAAGGGTGAGACTGCAGTGGAGAAAGTCGCCTTGGGTGTGAAGTCGGAGCATGCTTCCCGTGGGCCCAAGCGAGGGGGTATCATACGAAACACCGGGTGGCTCACACTGGCGGTCATTGATATAGTACTCAGAGTTGACGTTGGTCGTCCTGACCTGTTTCCCATTAACACACTAGAGCAGGCGATCGGACTTGTTGAAGATTCTCTAAGTTTTGCGGATTTCTAGCAGCTTGGCCAGTGGGCAACCATTTAGTAGTACTTGCTTATACCCAATTACAGGGTTAGACAAGTTGTTCCTTGTCTAACCTTGTAAGTTGCAACAGAATCGCACCCTTTTACTTGTGTCACGGTCTCCGCTCACAGAAGATTTGCCTCCGACTGGGA,1365,49.6,Escherichia coli
SEQ_494420,TCTGACCTCAAAGCCTCCCGTTCTCAGTGCTCAGTGAAGCGGCCCGGTGCAGCAGATTCCTCGCTATAATAACGTATTCACCAGCATACATCTCACGCTGACACCAAGAACTTGAGTAGGAGACTCCACGACAACGTTACTTGAGGGTATTAACTACTGTATTGACCATGAGTGCGGTTACTTCGCAACACAAGGGTCTAATTACGTACTCCGCGTCACTGCGCACACCCTCCATGCTCCGGGTCTAACCCATGGGAATTCGCATGATAGCTAAGAGTTAAAAATGTTCCACTATGCCCAACCGGGCGCCGTGTAACGGATCAGTACGCCAACCCGTACGGCACGGAGGGTCCCGCACCCCCGTTCCCGTGTAATCTGCACAGATATAACACCAGGACAAAAGACTAGAATATCCCTTAACGAAGACCCACCCAGTCGGATAGTAACGGCTAACTACTAAGGGGGGTTCGCCCGGTAACCTGTCAACTTCCGACACGATATAATACTTAGCTAGATTGTGGAGCCGTCTTGAATGCGGTCCATGTTCGACCGGTGCCAGAGTACTGCATGTGCATTGCCGCAGCCCCATATACTGTTCGACCACCTTGAATAGGCACACTTCCTGTACAAAATCTAGGTACGTCTTCTTTGATCTCTTAACTAAGAACGCTACCCTGGTAATCCTTTGACGCTGCCCTCGTGAGGGATGTAATGTTGCTAGACGCGCTGCTCATCCCGGAAGGGATAAGGACTATATAGAACCGATACTCCTGTAAGACGTCTCGGAGAGGCGATACCATTGGGGATAGATAGTACTGACTGGTGTTTCATCGAACTTTGTAAAGTAACGGCTGACCAACCCTGCGCGTCGCAACCCTACATTAATAGAGCGTAACAAGAGCTCTTATATGGTCCTCGCTCTCCAATCATCGTGGATACAATAGCGGGAAAGGTTACGGCCGAAAGGCAATTTGCTACCTTGCATCAGTCTCAATGTTACGGCCTTATCCTGCTTCCTGCATCGGCGCCGATTACCCTTTTATGTTTGAGTTCACACTATCAGCCCCCTATTCCTCGGCTACCTACAATATGCCGCGGTTCTCACTTCGTTCCGGTGTCTTTAGACATTGCTGCAGAATAGTAGAGTCTCACCTGCGAACCCTGTACGCGTATGAAAGATGAACGAATGCCATTAGGCATCCAACGCTTATTGAGGACTGATCGCTGTAGTTCCAATAAGAGGACTTAGGAACGGGTTTCCCGGACCGCTCGAAAAAGTTTTACGGTACCGCAAATTATAAACAGAACGGATGATGCCCGGGTCGGGATTGATAACGCGCCCTAAACCATTCAATGAGGTGGCATTCGCTGGTGATGCCCAATTAAGGACCGAACGACCTGTGGCAAGCGGCCGACTAACGCAGGGCTTGCATTATATATTGAAATCCAATGTAAAATGTACGCCGGACCACCTGTGTTCGTTTCTACCGTTAGGTGACGAAGTCCTCCTACAAGTTACACTGGTTACG,1529,49.64,Homo sapiens
SEQ_938826,GTAGCTGTGTACGAAAGATTTGCCCTCACATCTCGAATCGTTTGTTCGCCTTGCCGCTGGAGGTCATCTCGCCATA,76,51.32,Saccharomyces cerevisiae
SEQ_843768,AGTCAGTCGGCCTGATCTTAGGGCCACCTTTGGTGGCGCTTCTGCATAGTCAGAAATTGTAACTACGTAAGTGCATGACTAAGCGTAGACCACAGAAGGATCCGCTCATCGCTTACGTATAGTGCCAATAGAGGTCAATGATGTATTCGGCGTAAGTCGTAGAATAACAAACATTTCCGGAGAAAGTCTTCCACATCAACTCACTTTCGTATTCCTAATTTCAAGTGGTGTAACTCGAAATTCAGCCGCAACATCGGCGTTAAAGCAGTTACCCTCGGGGCACTGGAGCGTGAATAAAAAAAACTTGAGAGGGTCTGTGCGTTATTTGGTGCTAATTCTGCCGGACTTTACGGTGGTGAAGAATGTGTTCCTGGGAACGATTCTGCATTTCGCTGGGGACGCTTATGGTTCAGACCGTGCTGGGTAGTGTCAAGTAAAAACTAAATACTCGATTTACCGACGCCCCTTGTAAACCCCCATTTTGGATAGCTACTTTCTATTCTATGACTTGGCAAAAATGTCAAAAGGCCCGCTATCGCGCCAATTTGCGCGGGCCGCCACTGTGCAATTGCTGAGTTTAGGCTCCCGTAGGACCTGAGCCATTACGCTCCTTTGACGGATCGCACAGTAATTTGCTAGTCGTTGGAGCAGATACCGCGGCCACGGGACATGTTCGTACATTCTGGATCTACATGTAGCCCGCCCCTACGGTTTCCCGACTTAGGAATTTTAGCCAAGTTCTCTTGGGATCGCATATTCCGTTGTGCACGCATTCCCAATCTGCAAATCGTCTCTAACCATTATTTATCACTAGAGCATATCTGTTTAAGGTTCCTGTGTTGGGTCACCTTAAAGAATCTCTTAGTCGAAATTCACCTGTCGCCTACAAGCACCCATGTCTAGGCCAAATGTAATGTCACCTTAACTGTTGTTCGAAGCGCATACATAGGTAGAAACACAACAGTCTTCAGAAAATGAATGAGACGCTTGACGTGAAAGAGACTGCATACTTTTAGAGGGGTCTCTATCACAGTCTGCAT,1040,46.44,Drosophila melanogaster
SEQ_503060,GCGATCCGGTCCCCACAGTCGCCCTTAGGCCAACTAAACGAAACCCCAGAAATCTGAGCGCATGACGTTGAAACTCCGCGTCATCGCGTGCTATGCGTCCACAAATATTTCTGCCGGGCCAACCGCACAGGTTAGCCAGCGGTAACTGGGTCGTTGGACGGCACACCGAGCCAAGAGTAGCACAGGAGAACCAAGCGGGGATCAACACTGCATACGCGGGTTTTGAGTTCTGAGTGAGGGCTATATCATGTCCTAGCGGGCACGCATTAGCTTCCGGGCCATTAAATCCCTGAGTCCAATCACACATCGTGTGCATGTGACGATCATAGGGACCGGCATACAAAGGGCCTCGCCGACTAAGTCGGACGATCCGGTTCTCCCAACGGTTTGGTGATCAAATGTGTCTATATTGTTCCGCAACGTGTGTCTGCGCATGGCTGTCCCTGCGCGAAATGAAGTCAATCCTCTTTTATTGCTTGGGGAACAGCCCGGTCTAATCCCAGGCCGCTCCGGTCGTGTACATCTGGTGAGAGCAAGGTTAGATTTGGTATGGGGCATCTTGTTATGTGCCTGTGCTTTATCCATAGCGCTGATTGCGATCAAACACACAGGTCGCTACGACACGCGTACGTTACAAGGAAGTAGTTTGGAAGGTACGTTTAAAAGTACCACTCAGCCAACCTCTTGTTAAGAAATAGTGGTCATCTAGGAGAAATGACTCCGACGTGCTAAGTTCTGGACAAGAGCCGAAAGCTGAAGCGACTAGCATGATGCGCTAAGCATTGAGGATTACCAATTTAAAGAATAAGATATAACGGCCGAAGGGTGTGATCCGGCACGCGTTAATATATCTGTCTTGTAATCAGCACTTTGTGCGAGCTGGCCCACTCTTCGGCGAAAAAAAGAAGCGTCCTCGCACAAATATGTTGTGTTCCAGGACCGATTGCGAACAACGGCTGCGGCCTGAGAGATAAGCGCCTAAATTCTGCTAGCCGAGCGCTTAAGTTGGGTTCACTCCGGGGCTTACACCCTGCACCAGGACCTAAATGACGGAGTTAATTGGGGAATGTCGTGTTTTACCTAGCCCGCATACGATTCACTCGGGTTTTACGACGGCGCCCTAATGCTTAGTGTCAGTAATGGATTTCACACCCTGTCGTTCATACAGATCGTAGATCTTAGGGGAGTGGGCGGTATTTGATTGAGATGTGTCTGATTTCAAAAAGGATTACCGTACGCATTCGCTTTCTGGAAATAACCCTATCCATTCAACAGATTTATTCTACAAAGGACTGAATAGATTTTAGGGGCCCTTTCTAGTCGTAGTCAGTCATGTACAGATTCGAGGCTTACGCCAGAATAACGCCATGCACTGAGGGTATGAACTGTTCAGTTACGATGGCTACGCGGTCGGGTCCTTTCCCGATCTAAGGAGGCAAGTCTTGTGGAGATTTTAGTAAGTACGTAAAGTCAGCATGGGATTTAGAGCGCCTCACCGCGACGCAACGT,1509,49.9,Homo sapiens
SEQ_943550,AGATTTTCACTTGCCCACCAGTTGCCCGTGTCATCGCTCCTACCCTTAGACAGCGAGCTCCGACCTTCCGAGCGCTGTGCCCGGCACGAGTCTAGGCACGCATCACATGCTTGCTACCGCTGGGTCCCCAGTTAGCGGTGTGGCGGTAGTTTTGAAAGAAAGAGGTGTGTACGCTGTACAAGAAACGCATAAGTTGATACCATTTATTCGATTACGCTGTCATCGACGAGCCCACAACTCCTCGTAGACATTATGAATATTACCTCGGAGACCTTCAATACTGGCGTATGACACGGAGTACGCTCTTTCCAGCCGACGAATTTT,324,51.54,Drosophila melanogaster
SEQ_669601,CATTAGTATCATGTTCTTCTCAGACCAGGTCGCAACCCTCAGGAACCCATAGAACCCACCGGAGTAAGCGGTATTTTGATCTGCGGGGCTGTGCGAGACTGGCAGTTGGTTGTCGACCAAACGTTATGAACTAAGTATCCGGAACTCTCGGACTTATTTACCTAACCTAAGACCCTCGATTAGGCACAAGAGCATGAGTTATGAAGGATCATCGTCCAGAATATAGACGGCACCGCGCCCTAGATTGACCCGGGAACGCATTCCGCCTAAGACATAATTGGCATCCCCACAGCGAGGCCGTAGAATTGCGTGTGCGGTAGGCTTTGTGTCAAGTTATGTAGGAACTGCATCAGTCCGCACGTTGTGGCGTTGTTGCAGGTGCTAAAAATGAGTGCACGAAATGGTTCAATACGCTGGAAACTGAGGGAGTGAATTCCTTCACACACGCCTTCCACCAGCGCATGCCAACACGATTACTAGCCGGAGGTAGCCCGCCTCACTTCTGCGTTCGCGGGCCGTAGTGGGCAGTGGATCCAAGTGTTAGTGCGACGGAGCGGTGTCCGTTGGGTGCGCTGTCTAGGCCGGCCAGGCGCCCAGTTTGTAAGAGTTGGTGTGCGCAGCCTAGCGTTTACTTCTGAGGCCCTAAACTGGACTTAGCACTGTGAGGACAAATCCTTACCAGACCCGTAATAACTTCGGCGCCTTATGAGTATTTCCCTTCCGCTGCTTCCCTCCGTGGAGAGAATAAGTTACGCGAATCAATTCGATGTAGTTTTGTTTGAGTTCCTTTATATTTGCTGCGCCCGCCGCGCAGTCGCCAATCGCATAGGATGTATTCGCTCCTACTTGTCTACTTACACCCAAATCAAGAAACCGGAGCCTCCTACCCCTGGCTGAAATGAGCGGCATTCTAGACCACGAGTTTCCCCTTCATCCGGGAACAGGTCGAATGTTAAGACCCTATCGTTAAAAACGCTGATCAGTAAGGGCCCTGGTAGGACCTAAGGTCGTCATGTGCCGACCTAACATGTGCTGCTCAGTATGCTCTCGTCAGTAAGAGTAAGGTTTTTAGGGAGCCTATTAACCCCGCAACAATGGCGCAATCCTACCGGGTGGACCGAGGGGCAAAACCAAATCAAAGATGACGAGGGTTAGTAACCCGTAGAACACGAATAGGGAGCAAGGTGCAATCCGATACTGCGGCCAACACACTGTAACACACAATGGACTAGCTCCTGCAACTCCCAGGTGGTCGTTCGGTATTTAGAAAGGACGCAAAAGTGCGCATG,1289,51.67,Saccharomyces cerevisiae
SEQ_168933,CTTACAAAAGCGCAATCGGCTTGGAGGACATGGCATCGGGTTCGACTGCCGGCGCCCTGTGACGACGATACTAAGCATCTCCACGCTTTCATAGCCTACAGCGTTACAGTGTGCCATCCCGTACTCCTACCTATATGTATACACCGACCCCTATTCCATGAGGATGACAGCCGATGTTGGGCCTGGTCATGACCGGTGCATGGCTCAACACCTACTGCGAGTTA,224,54.02,Drosophila melanogaster
SEQ_924211,CGCACGCCCGAAGAATTTGCTTGCTTCTTTAGGATTAGCGTGTAGGCTCACATCGACTAAGACAGCCCGGCAAGGACGGGGAATTTGTGATTCCAGGAAATCAAGGTGATTCGTTGTGGCATAAAAAGACATCATGGGGGTGCTGAACGGGTAACTCTTTGCAGCCGTATCCCCGGTAGGGTTGATGCATAGCACTCTAAGCCACCGTCTTCACTGTAGTGTGCCTTTTTCTAGTATCATTCCAACGAGTTCCAAAAACACCAGCGCTGTACGAGGTGGAGATGCTGTGTTAGGCGGTTGAGTCTTAAACCAGCTTCTCCTTGTCATCTCTCTTGCCAACATTAGCGACTTCTGTGATCGGTGGTTCGGGTGACAAGTTATCGGTGTCGGGTGCGTTCGGATAACATTCCTGTGCAACTTGTGACCAAGTCGCACAAAAAATTGAACGAGTAGCCGTGCCTTAAAAACCCATAGTTTAATTGTTGGTCGG,490,48.57,Homo sapiens
SEQ_635909,GATTCACTTGTGGGCGACGGTATACGTTCGGATAACACGGTAGTTACTGCTGCCCATCCTGAGCGACAGAAATGCTCTCTGCTATATCGCGCGGGAATTGGAGAAATATTAAGGAATCGTGGATAACGGCCACAATTAGAACCTCTGGATATGGAGTCATCAAACGTGTCCGATCTTACGATTTGCGCAACACATTGCTAGTTCCAATTATCAACATTCCGAAACTGACCTACTCTTGACATCAACCGCCAGTGCCGAGCCTCGGAAGTGAAACCATCGGGCTGCCCATCATGGGCATTTGCCACTAGCTCAACTGGGTTATTGGCTAGCCTGGCCACGAAGCTACATCTCTCTCTATCTATGAGTTTCTTAGTGATCGTCCCGGGAGGGAAAAAATGTAGCGAAAAGTCTTGGCTTCACGGGACGGGCGACGACAACGAATTAGATAAGGACATTTACTGGTATATTTGACCCAACCCCTTGGTCAATCCAGTGCGCGAGCCGGACTTTAGCGGTAGGTGTGGAATCATCTAAAGAGCCAACACACACCATGATCCATTCATGGCCGGACCGGGTATTTTGATAAGGCAGACTTTGTTGCCTAACGACGACAATTCCGCCTAAGAAGCGAGTACTGCTGCTTACGGGTGGGAAGTCGTAAGCAACAGTAAGGATCGTACCGGGCCCCTTGCGGGCACCAGGTCACCAGTTCTCATCTAGGTGACCATCTAGACGTTAGAATCGATGAACAGGAACTACAACATAAGTATCTACCTTTACGTCACAACTTATTCATTGTTAGCCGCAAAAATGAGAGATAACCTACGTTATTTATGTTCTGGAACATATTGAGTGTAACGCCTACTTCCCACCTTGTTGAGCCTAATCCCCCACCCGATCGATCCGTAACTCTCGGCAGCGATAGACAATCTATACACACTGAATGAAATCGAAGGCGAAGCGTCCAAAGGGAGTCGTGCTGTAGGCGTCTGATGGGCTCGATAGTATTAAAGCAGATAGTAACGAGCTAAATTCCCAAACAAACGAGGCAGAGGTGTTTCCGATGGACTAATCCCTTTAATCGATTGGATGCCGTCTTATTCGCATTCCGGATATATCCTCCACGTTTAGTCCCAATTACCCACAGTGCACCCCCAAAAGGACTGATGTATCTAAGATAAATGAGCAGTTGATGGAC,1198,47.58,Drosophila melanogaster
SEQ_836255,TTCTCCAGATTTCTACGCGATACGCGTTATGCAACCGTAGCGACAAGGCTGACCGATGGCGGATTATGATTAGGGGTGCTCATTTCTTCTTCAATACAATTTTCATCAGTGCGAGCGGCGACGTCGACGCACCAACGAGGCCGTGTTATCTAGTAGCACACATCCGCACACTTGTAATCCCTGGACCCAATTACCACACCATGTGTCACCGACATTCTTGTCCCATCACGGTTTCAGAACAAGGGTGCCACCCTGAACGAAACTGCACCGCGCTGTTCGTCAGACCAAATGCATAATATCGTAAGGTTAGACTCGGTAAGCCTAGTAATGAGAACCGCCCTGCAAGCCTGCTTTCGAATTTTGTGCGTAGGGGTTTGACAGGTTATTTATCGTCCAAGCGGTTGTCGGTCTTCACGCGCTCTGTGGGCATCTTTGAGGCTTGGTACCGTTCGAAGGTTTGAAAACCGCAGACCAAATGAAAGGTAAACTAAGGTACCCGCAATGTCGCGAGGCGTAAGCTATTAGAGCATGGTAATAGGTTTCGCACACAGACATAAGCCTTGCTAGGCACCCCCCGCGCGGAACCTAAGCTTAAGGCGGCTCTACATCAAAAATAATTGCCATCCAGTAGGAAAGCGGAGATAGATGTGCGCTAAACTTAGTTCTCTGGGGCTCCGACTGAGGGGGCGCCAATACGGGAACCCGTGCGCAATGAGTGGGACGTAAGACTATCCCCTAGAGGGCCCTTTCAGTATAAATGGTGTACTTGAGGCAACCCGAAATCCCGTCGCGGAGTGAGTCACGAATTACGTTCTTTGACCGCGCCTATAACTTTAGGCATCGCAAAATTGCCCAGGACTCGTTAGTCTTCCTCTGGACGTTCGGCGACGTGTAAACCCGACAGACAAGCATATAGGATACTAGCGCGACACCACGACGACTCAACTTGGCGTATGGTGGCCAAATAGCCCTCTCTAGTTTCCGGAATAGAACCGGCCCCAGAAAACGTAGATGGACCCTCCCCAGACGTGATTCCGTTGAATCTATGCAGCCGCCGATAAAGCACACGCTTGTGTTGAAAATAAAGAGCTTAGAGTTTGTCCGCACTGGTCTGCTCCACAGCCGTAATGCAATGCTAAGCAAGGGGGTACCTAAGGAGAGCAATGTCGAGAAAATCTTATGGGCGTTTGACTTTACTATACTCTGCTCGCGGATGCTAGCGGCTCTCTTCGAACAGTGTACCCTGTTGTTTATCTCCCACCGACACCGACCATCGGGAAGATGTGTGGTTGGGGGCGAACCAGTATCTCGCGATCTACCGGCCACTACGGAGGGCAACTCGCGGAGAAAGTCTCCCGTCAGATCCCGCGGCGCAGACAATCACTCGCAATCCCGAAGGCGGAACTACCAAGATGCTTGTACTCAACCGTGACGGAAATTGTTTACAAGGATTGGTCGTACTAGCCTCGAGCGAGTGGAATATCGCACGAAGCCGCCGTCTTCTTTAAACCGCTCGAGGCGACCCTTATCGCACGCTGGAATGTCTGCAATTAAACCGCTGGCCTAGACACACATTACGACAGCTTCCGGCTGTTCGCCGTCCCGACATCGGAAAATGGGCCTGCTGGACTCTCGCGAATTAAGCGAAGTCTCAGCGCGCCTCAGGTCGCACGAGAAATCTCCAGGTCTATTAATTGGCGTTGTTCATCATTGCGACGATTTAAGGGGATCCGGCTCTTGACCCGCTAGGGCCGTCTACGGATTCCAACCCCCCTCATCCTACACT,1786,52.18,Homo sapiens
SEQ_320820,TGGATGGTGCCATGAAATGACCTGACTTCAGCCGCGGCTACCACGCATTTAGAATTGGTTCACGTTCCCGCCAACACAGATTAAAGAGCCAATTGCTGATGAAGGGCCTAAACGAGTTTCTCAACGTCCTGTAAATTCCCAGATTCATCAGTTTGTACTCGTGGATGTCTAAGACCCTAGTTATGCAATATTGCATCTGGAACTCCGCTGATTTCCGGAAGATACTGTCCCGTTGTGACCATCTTGTGACCCGGGCTTCTAATACGAACCGCAATTCGATGATCCTTACCACATAGTACTACTAAGCGATTAGCGGCGATCCCCTCCAACATTGTTCTCGTGTGGAGTGCAAACTCGCACTGTCGTATAGCACCGCGACGAGGGTATCACCGTAGTCGCAGATTCGGTAGCTCAGGGGCGAGGCAAAATTTCCATATCTATACGACGGGCCAATTTCAGCACCGTCATTGGGTCTGGCAAGACAGAGTCCGAGACGGCAAATTTAGATGGCTCTATGAAGTCCAGATTCGTTACCACGGCTGCATCCATTATCGCAATTGTTAGGGCCGACGTGAGACAAGATTGTAGGGTCATTGAGGACGCTAATAGCGTTCCCTTTATTCTTACCTCTATAGAAACCGACTCCCATCAAAGAGGTAGGATAGTGGTGCACAGCGCGGCTGAAAAGACAATCCACCACTATCTGTGAAATAGCAATGACATGGGAACTAGATTTGCTGAACCGGTCTCGATTGCTACTTCGGTTTTAGAACTTCGAGTTTAATAAACGAGTTACTATAGCCCCCACGCAAGACTGTGCAAGAAGTCCGTACTATCGGAGGTTTCTCCTGGCGACGCGCGGATAAATAGCGAAAGCGCCCCGCGCTCAGGGGGACGTGATGTAGAGCGCCGCCAAGGTTCGACTACTGAGAGTTCAGCTAAAGAGCTTATCAAATACGATAACTACGAACAGAGGCTCGGCCACTGCACCTGTGATTTAACTATTCTCGCGGTTGTTGCCGTGTAACCATTACTGTACATAGGCAAGGGTTTCAAATACTTATAGAATTGCACTGCAACAGGACTTGGTCTGAGAGATGCTGATGCGTGATTAACCAGGCTCGGGTGCCGCACAGGTAAGATGAGTGATTGTGGTCTGAGGGCTTTGACTATTATGCTGGCTCCAACTGTTTTTCTGACTTACTTGCTGCCCTCCACCCCTCGACGATTTTAGACGCACATCTCCGGGAGCATCGATAGGAGCGAGCGCTCGATAACGGCATCGTTAGTAGTGCGTGAATTTCTCCTATGATTTATTTGCCTCGTAACGCATTCGCCGCAGAGTCAGCTGAGTACACTGTTAGCCTCCGTCCAAACGCCTGGAAAACATGGTAGTATGAGTGCGTCTTCGGAACGGACGAAAGTTCGGGCGCTCTTCCTCAGCCGAAATCCCCATACCATAATATCAGCATTAACCCCAAAGTTACTACCGAAGTGCGCGCCAAGTACAACCAATATAGTGTCGAACGCCGAGTATCTGATTGAGGTCCCGCCGCGGCCCTCATACACGGTGTATGATTCCTCACCACGCTTCCTCCGCTGATCGTGCCCTCCTGATTTGAGAGGAAGAACGGCTAGGAGGACTTCTCCTCGGATACACGTATGGTAATAAGGTAAGCGCACAACCATCTATTGAAGCCCAAATTTCTGCGGACGAAGCCAACGCTTCGGAGTATCGCACTGGGTCCAGCCGTACTTTTTATATGAAACCGACGG,1776,49.55,Drosophila melanogaster
SEQ_960003,CAAACAGACACAGCAGAATTCAATTATTATGAACGCAATACGTCGATCTAGTCTTTCCGCACGTTGTTCAGAGCCCTGTTGATCGATATATACCGCTTAGCGGTGGAGATTGTAGTGTTGTCGTCTTAGGTACGACATTGTACATTTGTAGCATATCACTATACATATTGTACCCACTATAGGCCGTCATCTAACAACTGAGGGGTTGCTGGTCTGATTCAGTCTTATCTTTTTTGGATTTACTGTCTCCTCCAGGTTCCGTCCAACGCAACTAATTAAGTTGAATAACTTTCGTAGTTTCAACATCCGATTTAAAGCCGCAGTATGGCCGTAACCGGCTTCGGTAAATCGTAAGACAGTACTACTACGTTACACAACGGAATGTGCGGAATAACCAGCCAGGCAAGAGTGCCTAAATTTTTATAATCGCCCGAGGTGGTACTCGATTTTCGGGCCAACGCTTCAGACGAAATCGGGTATCGATGTAGTAGCATCCGTAACATAGGAACGTGAGTACCGCTGTTGTGTGAATCAAATCAGGCGTACTGACAATAAAGACTCTTACTAATGTGCATTCCTTAGAACGACCCTCACCGAAAGGGGTAATGGTGTACCTCAACGGGGTGGCTTGAATGCCCGGCCCAAGAACTTGTGAGCGTCCCAGTTCTCAAAGTTATAACGGATAGGCGGCTACAAGCAGGCTGCATAGAATTGGCCTGAACCACACTGTTGTGCGTTGTCCCCCAATTGGTCGTATTCTCTACGGCATTACCGACGGCCCTGAGCGAGTACAAGCAATATCTGTAGCGCAATACCCATATGGACTGTGACCGAGCGGTCCGGGGGTGCCTTAGCTTAAGGTCGGCGCGGCCCGAGCGTAGGTTGGGAGCCATGAGGCTCCGGTGTCCAAGAGGTGCCGCTGCAAAGACGTATGGATCCCTTAGTGGGTTGGTTACAAGCTGCGCATTTCTATTCGCTGCTGTCATATCGGGTTTGAGTTCCGGTCGGCCTCTCCTCAACTGATAGCGGACTAAGTTGTGACTTTGTGGTTATCCTGGAGCGCTTGTTTGTGGAAAAGTCCTTATAGCAAACAATCGCACCCTCCTCTGTAATTATACACTAATCCCGGTATTGCATGAGCCCCAAAAATTGTCTCTGGCTGGAGTCAGCATGGTTAATCAGCTGACGCATCGTAGGCGGGCCTCCGTGGCCGGACATGCAGGTTAACTAGTTTAATCGTTGTAGGTTTCCGCTCACGAGAAACCCTCGTGGGGACTGGGAGTCTGTGAATTCAAGCCCGATAAGCAGCCCCCTGAAGGACCAAGGTTCTTGGTCAAGGACTAAGAGTGTTGGGATAAATCCTAGAGAAGAGGATCAAGGCAAACCTTGTCTGACAGATTGTCTGCGCATGTAACCCG,1418,48.8,Caenorhabditis elegans
SEQ_316583,GTCGCACAAGACCCGCGACTCATACGTTAAAGCCTGGTACCTAAATCGACGGGCTCACAGCATACGGGGAGTGAGTGCGATATCTGGCTATTACGGGAGGCCCCGGGTTACAGATATGTCGCTGGTCCGCCGATGCGCATCGCGACCTGGGACGGGGACTGTCTGCCGTTCCTGGTCACGCGTTATCAAACAAAAGCCGAAGAGTAGAGTGAAAAGGCGAAATCCAGCAGGTATTTGGATGAGGTCTGGCTGATTGAAACGCACAGCAGCTCTTCCGCGCGGCCCTGACTACCAGAAGAGCCAACTTTTTATCAACTCAGAGAAACAACGAGGGCAAAGCATTACCCTATCCACCATATTCACCTCGGTGTTACGCTTGTAACCGGTGGGGCGGCTAATGTTGGCTCCCAGTTCCAATTCCGGGCAACAAAGTGCTCGCGTTAATTAATTATATTTCAACCACTTACAAGCGTCAGAAAGAATCCAATGATGAGAGTTAATGGTGGTGATAGCCGCCCCGCTTCACGAAATGTACACACACTAGAGGCCCAACCATAGTGAAACAAATTGGATTCGTCGTTAACAGCGCGCAGTACAATGTCTCTAGTTCTGTAAGCGCGCTCAGCTCTGCGTCATTCCGGAAGACCATTCCGATAGTCTGTAGTGGGGGAACTGAGTCGACCAACTAGGAAGTCCGAGAAGATCCCCCCGCAACGCAAAAGGAAAGGCTGGATTAAGTTAACTCCTCCGTCTATCAATACGTACGCCCGCTCAGTATCTAGTTCTACAACTGCTCCGCATAGTATGCAGG,811,51.17,Caenorhabditis elegans
SEQ_484213,GGGCAAGCTGGGGGAAGGGACCTGGGTGACGTATGTATCTTTCGATTAGTTGAAATCACTGTAGGGAGGCGGTAATTGATTTGCTAAATACGCGCTCTTAGCAGCAACGAGGCAACTAGGATAGATATGAGGCCTCGTTCAGGATAAATCGTCCGATTTGGTTGAAGGGCAACCTGTCGCGTTCCGCAAGTTGCTTGGCGCTACGATATATTTATTCTGGGCGACCTGCGTGGGAGGTGGTGCTGTTCCTCGCGCAAGGGATCGTGTGGCGCTACAAGTCGTTACTTGTCCAACCCTTGGATTAGGATTGATCCTTACATGTCAAAGGGAATTCCCCCGCAAGTACACCTATAATGAGCAATGTGCTTAGAAACTGATAACCGCACGTTTGGAATGACCCATGCTCACCCCGTAAGGGGAGGCATACTAATGTTCAATGACCATAGCTGCCCCCATGGTAGAGCATCTCCTGTTCCACTGCGCTTGGTAACCACGAACTCAGAGGCTGAACCGGTGAAACCTAAACGTTGCTCTTAACAGAAGAGGTACTTCGTACGTAGA,561,49.91,Mus musculus
SEQ_365199,AGACTTACTGAGCCTTGTCAACCTCGGGGCCCAACCGTTCGGCGGTCTTACCACGTGACCTTAAGGTCTCACACGAGAATTAGGCAGTAGCCAGGCCAAGGAGTTTTCCCATCTAGGGCAGGGCCAATAAGTGATTAAGCAGCGGGACAGCACAAGCACTGGTTCTTGTTAGTTGAAGCGATCCCCTGCCGGTAGTCGGTTAGTTCCAGTGTAACAGGGCTTGAACCGCCACATGCTCAAGCGACTATCCGGTTATGATCCATCCCATGCAAAAGCCATCCCTGGCTCCGGCCCCGCCGCCTTCAGTTTGATAGCGTGCTTAGCTAATAGGAGGAGTCAGTGGTGGGCAGAGACCAGGCCTCATAATATGAAGGTCAGAGTGGCCACAGAGACTGTACGTTTACCGCACCATCTACTCACCACTAGTCGGGTGTGTCGAACGCTGAGCTACGCAACCAACACTGATGGAGCCCGGCACGATTGTGGGAATAGAAGCGTCGGTGGTAGTTCGCGAATCCTCGCATTTTACTAGGTCCGGGTCGGCAGACACTTGTTTCCGATGGCCGGGGTCTACCCCGCCTCTGACGCTGTACCATAGCAGGTAAGTTGCGTCCGATACTAGTCCTATGTAGACGGAGTGAACCCGGGCCCCCGATCTATAATAGACTAGAAGGTCTTCTGCGGAATCTCAAGGTTTCTACGGAGACCGTGAGCCTACCGATGGTGCGACCGGCATGAACATGAACCTATCTTAGGTATTTCGGCTATCCTTGCCTGGTAAGCTACCTACTCGGTATTGCATATTTGGATTTGCCAGCATCCCTAGGATCCCCGACTGCCAGCAAGCTGATAATGAGGGCATAAGGGTACTGAAGCGAGAGACTCTGCTATCCTTGACAAGGTTAGGTGGTGTCTAACCATCTGGTAGTTGCGGGTGCTTCAAGCACTAGAGGCATCGAATGTTGTTTAGAAGGTGAGGATAAAACAAAGAGTCGTTCCCAGAGCATACTTCCCGGGTTGGGAAGTAATTAAATAGGCCAGCACCCTGCACCTTCAGTATCTTAGACATGGGCAAATTCTCACACTACCCGTCGGTGGCGGGTGAGTATGGCCTTGAATTAATCTCGCGACATCCGAGACTCGTGAGGAAAAACTGCAGGGTTTCGCACGAGTTCTAGCCACGGAAAACTGAGA,1194,52.51,Homo sapiens
SEQ_761450,TTGCCGCTCCGATGCAAGCTCCTTCAATCCGATGCTATCCACTGAGCTACTCCCTTTGATCGTTTAACGCGACAGCACGCCAAAGTAAGATTGCGCGAGGAGCAAGAACGTCTCCATTGCTGGCTCGGAGGGAATGACTCTCAAGTGCATGTACGGCTAGCACTGATACTATGACGGCGGAGCCCTACATAGTCCGCGTCTAAGTTGCACAAAAGATTTCCTGGCATCGTAAGAATCCCTCGGCGGAGTTGTACTGATAGTATTCCTGATCGATCTAGCGTCACTTTGGTTATCGAAGTCCGGACCCGCGCACGCCGACAACTTGTCCTCTGCGCTTTGCGAATGCGCTCCAACTATTAGGAATCAGTGCAACTCTACTCAAATAATGCTGTAGAAAGAAACCGTATCCCTTATTCACCTCTATGCGCCTTATACTCCCGCATCAAGCCAGAGTATCACCTTGCACGGTGCGTGCTTGTATCATTAAGCCTTTGTAATAGAGATGGAGGGCGAACTTCCCACCTACAAAGATCATATGCGCTATTTAATGACGTTGCTTTTCAAAATGTGTGGAGCCGGACGGTTTTTGCCGAGTGTGACGCCCGTCGTTTTGGTCAATACGGCCTCTAACAACATCAGCGCGAGAAACGCATAATGGGCGGCCAGAGTATACAAGGTCCGATCTATCGGGCCCGTGTCGTTTGTCCCGCTGTATGTATAACTTACAACAGGACTGATAAAATAATACGGGAAGCCAATTTACTCAAGTTCGGGAACTTAGTACAAATCTGATTGGCAATATGCGCGTCCGCACATGGAAGTCATTGATTATGTAAGTAACCCAGGAATATCGAGGAAGGGTCGCATGACTTGGACATCATCCGGGACCAGTGTTACACCATACGACTTTTACGGTTTGGGTCCTGGTTAATTTTGTGCGACATGTGGGCAGTATCCAGCTCTATCGCTAACTGACTCTCAGTCACCCCGCTGAATCGACGCTAGAACTAAGTGACGCTGGATAGCAGACTGGGGGGCCCGCGTTCTGCGCCTGCTTGTCAAAGATCCCAGGGTCCCCAAATTCTCGCCGGCCCGGATCCTCACTTGTAAGACATCTTCGTCAATAAGTATGGAACGCATGTAGAGTAACGCAATCACGCTAGTATTTGTCGTCTCTACCAGCAACCCTAGTGTCGACGAGACCATCAAAGGCAGTCAATTCTTGCTACGCACTCTGACCTTGGGCACCCCGTTGGAGACGCTACAGGGCGGAGGTAGCCAAGTATAGAACCACCCGAGGTAGCGATCACGGTTCTTTGTTTGGACAACGTGAATGGACCGAGTGCGATGTTTGGCAGGACTATACAGCAAAGAATGCAGGCTGTCTGTGCTACTAACACAGCCGAAATATAGGGTAGTGGTATCGCTTTGAGCTAGCTGTAGACCCCTAAACCCTCCCCGCCTGAAGGAGCATAACACTTATTTACGAGCTGATTAGATCGCTATAAAGGAAAGCTGTTGCAACGTGGGGTCAAAAGACTAAGCGTCGTCATGGATTGTACAAACCACCGCGATCACCACACACGTAGTTAGGTATCCCACTAACATTGATAAATCTTCTCCAACGATATTACGCATGTTTAATGACTGCTTCTGTCGAATCCGTGCGCTACAAACATCAGCTGTGAAACCTGTGATCCAAAGAATTGAGGCTACGCAGGCCGCTTCATACGCGGTTAATAAGGGATTA,1750,49.09,Saccharomyces cerevisiae
SEQ_730511,CCGATACCACGGTCGGTACGGAGAAAGTTTTGTGACGAGTCAGAAGGGGGGTGTTCCGTTAAAACTAGAAAAAACGCCCGCATGGCAAAAGTATGTCGTTGGAATGTCCACCGATTAGCGTGCGACCCAGGATATTGTAGTCAGACTAAACCGGTTGTGGTGGAACCGAAACCTTATCGGCTCGTGCTCCGGGAAGTGCGGTATAGGGTCTAGGGTTAAGGATTCTCGAGCCCTTTTTGCTTGGTAGAAGGAATATCATGCTGTACGGGGCAGTACGGGTGCTCGCCTCGCTTGCAGGGATGCAAAGTTAAATGTACTCTATAGGCCGATCACTTCGTGTCGTGCTTGGTTTCCCTGCACAAGTGGCAGATCGCGCTAGCAGGCAGCGTAGCCGAATCCCTACTATCTGATCTCAGGACTGAATCTTTCTTTGGGCTAGGCAGACTGGTTGTCCTTGAAGAACTGGGATTAGTAATCCGCTTGTTGGCAGGTCGACGTCGACAGATCGGCAAATATGGGGAGGTCCTCAACGAGTATCTAACCTTTACAAGGTAAGATTACCCCCATGTGTGTACGAATCCGAATTCGTGGATGGTGCTCGTGGATCTGCACATCCCAGCGTTGACCCAGCCTCTATGTTCGGCACACTCTCTGAAGGATACTAAAGGCAGTTCGTCATGATAACGTTGGACTGTGCCTGATTGAATGCAGGGGGTTGTCGATCGATCTATGGCCAAAGATCCGTTTGGACCTGAGACCCAATTGCAACTGTGTTGATACATTTGTACGACAGCCACCCCGAAAATACTTACCCATTAAATGCAACTCTAAATAAGTATGTTATTCGGACCGTAGATGTCGCCTGAACGCCAGTGAATGCACCGCGACGTCCCGTGCGTCTATGGCAATACAGTGGTTCTGGGGTCCTAGGCTATCTGGAGTGTAACGACGGCCGACAATACGATGAGTAGTTAATGAGCGTGGACGCCGTCTCAGAACTACATCTATACGAGGAACAGCTGTCGTAAGTTGTCAGACATAGCCCATCTATATCGATAAAAACCAGTCATTCTCACTCTAGCGCCGTTGCCGCGGTATCGTAGCGCTCGGCGCTCGTTGATTACGGAATTTTCTGAGAATGGTCCAATTGTGGGAGTCACCGTTGGAGAGAAAGAATGCCGCGGTAGGGGGCCCATGAAGGCAATGGGATTTATCGTATTGCCATGGAGTCACAAAATCGAGCAGATAGTGCATCTACCATTAATCGAAGCGACAGGGACATACAAGGCCA,1291,50.04,Arabidopsis thaliana
SEQ_860175,ATCACGCGGACAGTGTGGTTCCTTGCGTATGCATGGCCACTGCGCTCAAGCATGTCCGATCGTTCACGTGAAGAGAATAGAACAATCGCTACGTTCCTCGTCCGTAGTAAAGTTTCGTAAGCATTGACCCAAAAGTCTCGTTCGAGATCCGACTCTCCGCCGTGCAATACTCCCTATCTAATAAGGCAAAGCTTACGTCGTGCCCCCCCCTTCGACCGCCCAGCGAGCTATCCTTTCTCGTAGGGCTATTCCGATCCCAGTTTTGCAATACCGCTCAAATACTCTACACCGTGTGGAGCTCCACGTGCACGCCTTCATTCGATAAGGCGCTGTTCCGCCAACTCTAGGTGTCCAGTGGAGTGGTGCTGGGCCTAATAACGCAACTCCGATCAGTGATCAGACAATCACTTGGCGGCATTATAACGACCATTACCCCACAGAAAAGTACCTACCTCCACTATTACTCCTCTAGATGCTCTTGGATGGACCAGTACGAAGCAACCATT,506,51.38,Drosophila melanogaster
SEQ_786369,TAAAGCGGGTGATAGCGCATCCAATAAGAAGTGTGGAATTATAATGGCAGCAGAGATGAACTCTCTAAGAGATTTGTTCGTGACGTTGGCACACACTTTGCCCTACTCAGCTCCACCCTGTTAACTTCACACATAACGTCTCTTCTCGTCCCCTGGATTGTACTGGCCATCGCACCTTCGGGGTATCCAGAGAAATCTGGAGTTTGATTAGGAAGCTTACTAAAGCCAGCTTACAGGCAATACAACAGGCCGGTATCACGCTGCATAATCGATGACGCTGCCGCCGAGCCCGTGCGTCAGCCTCCAAGAAATACTAGAAGGGGTTAGGTCTCGAGTTGATCCGTATCAATCTTTGGCAGTGTGCCTATGTCTTCGGTGATAGTGTTATACACCTAGATGATCAACAGCCCAGAGTCAACCTGTATAGAAGGCAACGAGTATTGGTAGAGTGCCCCATATGGCTATAAATCACTATCGCGTATTGGGTTTGGGCGTTACCCTAGAGATCGGAGTGCCCTGTTAACGGCCTGAAGATACAAAGGCGCGTCTGTGAAATAATAAAGTTCGGAACTTTCATCATCTATGGGGAGGTACGACATCAGACTCGGGGGTGCGCTACATAATACCTGGCTTCTGGAGCGTGGCGGTGCAGTCCAAGCGATAGAGATTATTTGAGGAAGCTCCAACTATCGTTAGGAATCGTGTCCGGGTCATTGAGTTGTAGGGCCCCCTCTATGAAGAGGCCCCGGATTATTCTCGTCTCATCGACACGGATCGTCTGTTCCGTGACGTCGGTGCATAGCTCTTTGAGAACTGCGTCATATCTAAAGCCCATTAAGAGGGATTCCATATTTGCGAGTCGGTAGCTTTCTAAAACTATTCTTGCACGAGGGTTCTCTGTATAATAGTGGACCGTCTGGTTTCTGTAGACCACAATACCTACGAATGTGCCCCAGGGACCGTCCTAATCGACCCAAGGGCGTTCAGTCGGGCTCAGGCTCCAGCAGCAGGCTACCGTCGTTGCGGACTACAATACATCCTACCTGCTACCGAAGCTCATACAAAACCAAGATGTATACATCTCTACGACTCCGCGAATCCGTTATACTCATCCGTAAAATCTGACACTCTGTTGCGATGGACCGTGCCGGGAACGTAGTCTCTAGAGCGTACCCCGTGTCGCTCGAACTAGCCACTCTTTAGTTCAAGATCTGCGCTAACAATAAATCGGATCCTAGCAATTCCCGATCCAATC,1255,49.24,Caenorhabditis elegans
SEQ_209876,TGGATCGCTGCACATTTAATGGGGTAAAAAATACACAAGTCATGGTTCCCCATCCTACTGGATGGGAAAGCAGGAGGCACTACGTGGCGGAGGGAGAACGTTACTTAACACATGAGCGATTAGGGTCTATTATGCTACATTTGCCGGTATACAAGTATTCCCTCATGGCGAATTGGCAGGCATTCGTCCCGCTTGATACCAATATAATTATGTTAGTGGGACTCTGGCATAACGAAATCTCCCGCATCAATCGTAATCAGCCAGCTAAGAGGTGTTCGGAGATACTGCGACGTGTAAATTCATCCCATGCAGGGAAAGGTCAGGGTCCCCTCATGTATTATGCCATCGGCGCTTCTCCGACTCCATTCTCCTCAGTAATGCTACTGCCGTAAGGGGCTCTGCTGCATCAATTCGCATGGAACCTTGTAGGTGCGGTCGGATAGCATTCACCAAATGCAGGGATGACCTTTATCAACGCTCTATTGATGACTATCTGACGATAGACTCAATCAACAGTTGGGGCTCAAACCGCAAGAATGAAAAAAACTAGACGAGTGTTGGGTTCCTAATCGGTGTCATACGGTTCAGTGGTGTCGGCTGCTCCTTAGACAAGGTAAAGCGACACTGACTGGTGGATAACACAAGTGCATCCTTAGCCATTAATCTGGAGTGCCTTGTGAGGGCTATGTGCTACACAGGCAGAGGCTCCGCGCGGACTTCAATGCCAACAGGGAACTAGCTCTTGCCTCTGAACCACAAGTTATAGGTGGTTATGTACGGTAACCGATGAGAATAACAAACCATGGTCGCCAGCACCTAGGCACCCATTTTTAAACCCCCGTCGTTTGATCATTGACAAATGGCACTACCTCAGATGGACGATTCTGATCTAAGTCATCATAGCGCAAGATCAAACACGCAGGCACCGAGTAAGCTGGAAGCGTCCTATTAATTTCACTAACCGTAGATTGCCTGTTGAGTGCTGTTTCGGACTAAGCCAAGTCTCATCAGTTTAATCAACCCGTCCTCATTCTTCACCAAACAGCGGCTCAGTAGTTCCGTAAACATTATGGTACAACGAACGCGTACATTCAAGAGGTCCATGGATTATAAAGAAACTGGGTGGATAATGTGTCTGTACGGCCAGTGGTCCACAAGGAGGCTATGCGTTCAGCGCGGAACAATGTCGCCATCACGACCCTAGGACGCACAGAATAGGAAAAACCTCACGGTCATGGGAACTGCTTTACCCGGCAGTTGCCTGCCTCCTTTCATGATGTGCCCGCTCTTCAATCTGAGGCCCGACTGATTGGTATGGTCCTCGAAGCTGCCAACGCTCGTATTGTTCTGAGTGCGCACATGTAAAGCCGAGGGCCTCCGAAGCTATTAGGGTAGTAGATGAAAGTTTAACATGAACTGTCGCTAAGGGGGGAACGGTCAATTTCGCAACTACTGCGTCGCGAAGTGTAAGTGTTTTATATATGTTCCTCACTGTCCTACCCAGCGAGGGGGACTTGGCCGTATCAAAATTACTTCACCGGCCACAGAAGGGACTCACTCTTTTCGTGTCAGAGGGCCAGGGTGCTATATTCGACTGCGCAAACGGGACGACATGGTAGTAATCATCACACGTACCGCAAGCGAAGTAAGGGATTAGAGGATGCGACGGAGCTCGCATGTCTCGCCCTTCCCGAAGCCCTCCGTATATTTAGAATCAGGGACTTGCTCCCCCGGCCGCATCGCGCAAACCGGCAGCTTAAAGCCCTCGATCTTTTTATGGCATCCGTTACTAGGGGTGTTTCGTTTATCCGCAATGACAACATGCGTGTAGTCGTTTTCTC,1841,49.32,Saccharomyces cerevisiae
SEQ_963030,ACTGGATACAGTGATTGAGCTACACTTTGGTGCCCAAGAAACAAGCGTCTGCGGTTTCCACCATGGGGAGGGACTGTGGGAGGGGTGCGAGGTAGGAGCCCCAACGTAGACGTCCCGAATCACATACAGGACACCCGTGAGGGTGTTATTATAGGAATAGCTCGTTAATGTAGTTTCGGGGGCTGGCGGCATTTGACTGTGTCTTACTACTGTCTGTGTATTACAAAAATTACCATACCGTGCCGACTGATGCCGGGATCAACTAGCGCCTAGCTATAAATGTCCATTCGCGAGCCCCGCCTTTGAGCACAACCTACTCACTCTGCAAGTACTACGAGCGCTGTTTTGAGAAAGTTTAGA,360,50.56,Homo sapiens
SEQ_159152,CATAACGATAACCGGGCGGTCATCCCCCAACCCCCCTAAAGTGACAATCTTCCGATCACAATCGGATCTTCAACAAGTGGCGAGATCGAGGTCTGCGGACCAGCACTCCGTGTACGACACAAGTAAAGATTCTTGGGATCAGCAGCCCTCCGAAGCCCTGCTTGTACCAACGAGGCGTGATATGTACCCGACGAGCATCTTACCGAAGGGTGTTCTAAGACGGTATGCACGTTAAAAGTCTGTCCACTGGCGGTTACCTGAACTAATGACTCGGAGGCCTGGGTACGGCATTTGGCTATGAAGATAGTTTAGTTATTGATACTCCACCGTCGACCTCCGACGTATTTTAAGGGTCACCTCTTAACGAGTGATCGAGCGTGGTTTCATCTACTCATTCGGAGCTCGCGAGTATGGGCGAGATCCGAAGCTATACACGATTAGCTTCTACGATAGCCCGTGTGATAGAATTTGGGATCGGGAAAGGTGTGTGCAGTATCGCCGCTCATAAGAAGCTTGTCCGTTACGATCATATGTCCAAACGCAGCGTGGTCAGTTGCGGCGTGGGTAGGTAAGCAGCATCCACTTGCTCTGCGCGCTCAGATTACTGCCAACGTATAGTGGCAGGGACCGATTATCCCGATACGATGAAACTGGGTTTAACACCGGCTGGGTCAGGCCCTTCGATTAGTTTCGGCGGGGTGTTCTCGAAAGTGTTCCAACTGATGCCAGTAACCGCTGCTCCCAGTTAGCACGATAGGGATGGCATTTTAGATTATAAATGCTCTATGTGTTGGGTGCAAGCGACTTTGCTCTTTAACCGGTAGGCTAACAGAGGTGGACATAGGCCCACTGCTAGGCTGCAGGTCGGAGACAGACTTATCGTGCACTGGCGGCCTGCGAGGCTGCCAAGACAGGTGCGAGTCCAAAGCGACCGCTACTCAAGGACGGAATCGGTCTTTCATTCACCAGTCTATCTCCCGCGAGTGCAAGAGGTTTGGATTACGGTATGCCATATATCGATCGCCAGAGAGAGAGGAGGAGAAATCTCAATGAGTAGACTCCTGTATACCAGTTCGTAGCCATTCGCCTACTACTTCTGCTCCAATTAACCTAAAATAATCGCCGAAGACGCCGGAGTAAGCCTCGAGACGGTTCATTTGCACGCGATGGACTCAAATGGACATAAAAGCCCTGCAAAGAAGTAGTCTTAAAGACCGGCGGCGGGCATTTTTCGCGCGGACTTAAGGACCGGCCGATCCGTACACCTCGTAGAACATTGTCATTGAACACTCTTCTCACGTACGCACGCTGTCGAATGGGTCAACTTCGTACGGCTTTAATGCGCTAGCAGCGGTACTGGCGCAAGAGGGGTTTATGTCCGTGTCAGCAAAAGCGTCACATTACAGTTGCGAGTGCCGCAGCTAATTGACAGATAAAAATCCGCAGCCATATTTATCCTTACCTAAAAGCATATCGGGCTAGGGTCAGGACATCGCGTATGGGCAGTGTTTACATCTCCTCCCGGTCACGGGTATGGCGAGAGGAATACGACTTGACGCGGTTTTTGTAATCCGATGTAACCGCCCCTCAGAGGGGACGGAAGGTGCGGCTCTATGAGAGCTCAAGAAGGCCAACTCATATAAGTTTCTTGAAATTGACAGCAAGCGTAGAACTCGATACTTATGGAGCGCTCGGCAGCAGTGTAGTCGGATTAATAACCAGGGACCTAAGAGCCTGAAATTATTCGCTGTGCGGTGAAGAAATCAGCGCATGTCCCGTGAGTGGATC,1788,51.12,Saccharomyces cerevisiae
SEQ_666892,GCCATCAGTTCGTTGCGCATCATGTATGCCAACTAAGCAGGCATCCTACTCGATCATCAATCGGAAGGAACTATGAGACTACTAAGTAGCGCAATAAGGTGTAGGTAGACTTACTAACGACGAATCACGGGGCCCACTGTGATCGTCTTCCTCAAAAGGTATCGTCTGGGACGGAAACTGGGCTCACGTACACCTGCATTAACTTCGAACACCGGACGCCGCCCGCATTTTTTGGATGGACTCCCCGAGTTTGTCTAGAATATTGCCACAGAGAGATTTGAGAGGGGGAATCACATTGTCCCGTCGTAAATAAAGACCCAAGCCTATGCGTTCTGGGCCCAATTTGACGGACACCCGTCCCTAGCCGAATGACTGATCGGTCACTGCGGCTTACTGCAACTGGCTGACGTGTAATATGTCATGTGGTTAAACCAATAATTGCAGTCTCTCCCTCAGATCCGATGACCATACACTTGTTCTCATTCTCACACAACTATGACTCTGAGCCCGGAGACCCTTCTACCACCTCGTCCCTGTCGGTTTAGACAGGTAATATCTCGCCGCGGTAGATAGAGGCGTAGCCAGATATTGTCATACTACCCGCTGAGTCCAAGAAGCTACCGCACAGAGTACTAAGCCGTTGTGTGGTAAAGTACATTTGACGCAAGGGCTTCACGTTGAGAGTACTGAGTCAACCAGATAGAACGATCCCTAAGTAACCTATATGTGTGCTTGGTTCGCTTCACGATATGGCGCAGAGCCACCCAATTCGCCACCCTATACATATA,788,49.37,Saccharomyces cerevisiae
SEQ_948955,AGCTGCACGTCAGGGACCGTGAGTTCGTTCTTCGGGCCTAACAGGTCACAATAATGAATGGATGCTAGGCTGAACGTGGTTAAGAAGAAAGTATCCATGAGCTCTGGTACGTCTCTATGGAGTGGGAAGTGTTGCCGTCTGTAAGCTGTCATCTTGACAAGAACACAAAAGCTCCCCAACGCATTTCATATTTGCGCTATTCACTGAACCGGTGCACCGGACCATTCAGTTATAGGGAGCTACTGGGAACAGCGACACTTCTCAGGTAGGTTTATGCAGAGTAACTAGTTGTGGTGCCCCGACAAATAGCCCGTACGCGTAATGTTATTCGTAACCAAAAAGATGCCGAGGGGCATGTTTGTCACGCCAACTCATAGTACAGGTTCTCGTCTATGTTGAGGGCTGTGACGACAATGACGTAAGCATACGAGC,432,48.61,Homo sapiens
SEQ_647529,CTTCTCATCAAGGGCAATTTCCTCATCAGGGCAGTCGAAAGACTCCGCAAATAAGTCCAGCTTACGAATCAATCAGTCTACCGGGGACACGCAGGAGAACGCCCGACGACGTAACCGGCAGCCCCGTCGGACGGGCGGGGCTCCGAACCGTGCGTGCTACGACCTTACTGACCATTCCAAGCGTCGTGTACTTAGACTCGTCCGGCAAACGTTGAGCTCTGGTCCGCACTAAAGGTTCCCTCATAGATCTAGTTGAATAGGGCACCTCGTAACTCTGCAAGCCAGGTAATCAGCAATGGACACAGACGGCTCCCCGTCCGCCCTGATGGATCAAGCCTGCTGGGTAAACGAGGTCGGCCCACTTTGGTCTCTGGGAGGGCCCAAGACGAGAGTGTTTTACGTATTTCTCGGAGCTGATGATTTCCAAGCGTTTAAATACATACTAAAAGAGGTGTGAATAAACTTTAAGCCAGATATCTCCGCTAGGGCCCCCCCACTCGGGCAAAGGTCTCCGTGGGCCGGCCGGCGCAAATGTCAACCGACGGCGTCGCGACTGCCCGTTAATTAAGGGACTCAAGCCAAGCCACGCGCATAAAGTTAGGGAATTGATAGAAGATCCCGGGCAACACGGGAGTTACAAGTAGGTTGTAATGACTGTGGATTTTTACCACTCGATAGGAAAGCGGAGGAAACAACACAAACTTGGGTTCGCATCATAAGTATCAACTGTCAGAAGATGCCTTGCGATCCCGATTTACCCTTGAGCATCTTGCATGGCTCGCCTGTCTTGAAAGTCCCTTCCCATTCATGTATTGGGCCAAAAACAACGTTGCTGATGGAAGCATCTAATTGACTGTCCGCTTCGGTTCACAGTTGTTGTTAGCGCGTTGTCTGTAAGAAGGCTTGGGTCGACGCGTTCGACGGGAACGCGCTAAACGCGAGAAGCGGAACTTTTCCCTAAAAGGTGTCTGTAAAGACGGTCCTATAGGCAGCACATCCTGCGAGCGGGAGGCCTTAAT,1019,52.5,Arabidopsis thaliana
SEQ_391909,TCATTGTCTCAAGCGTCTAGGGCACGAGGGCGTGCTTTCATTTCCCGTCGGCCTTATGCCAAGGGGCAATTGACGCAGTTCCCCGTCAGGTCACGC,96,58.33,Caenorhabditis elegans
SEQ_477201,CCGATTCCACTACGAGACCTAAGTTCCCAATCCGGCTGTGCAACTACGTATAACTCCCCTCCCGCGGGTAGAGGGATTTGAACCTAACCTCAAAAGCACTCTTCCGATGAATTATACCGCGCTAAATTGATCGTATCTTAGGCTTCAGCACCGGCTGCGGTAGCGCAGAACGTGACGGCGCGGTAGGTCAGTACGGGCCGTTCTCGCGGTAAGCTATTCGCGAGCTTAGCATGAACCCCTACCCAACGCTGGTCGGGGACTCCATCTAATGTGCGTCATCCTTAGGATAGACGGCTGGCAATGGGTTCCGCATCACTGCAAATCGTCGACTGCGAAATAAGAGGCCGCAGTAACCTCGAAAGCGCCCCGAATTCGGAACAATCCACGACAACTACCGCTGCGCTATAAGGACTAGCAACTGCCGTATTTGAAATCACACTGGGCAGAAACCGGAGTCAGTACTCGCTTATAGCAACGAGACCGTACAGTTTTGCGCCCTACCCGCTAATGAGTAGTGGAATAGATTGGCCGTTGCAAGAAGCCCCTCGTTAGTATCGATCGTGAATACGAAGCGAAAAAGATTCATGTCATCACTCTATATTGTGTCTGTTCTGATAATTCTGTATAATAAGCACCGGCGTCCTATATAGCCCCGGCAGGTAAACCTCAAAAAAACCAAGTGTAGGGCGACCCAAAATCACGAAAATGGGATGTGTTCCCGGACTTTGCTTTTCGTGGTGTTTGCTGCCCCTGGTACCCGGGTGCCTTTGACCGAAGATACAAGGGGACTTAAACGCGGCGTACAGCCTGGTGTTGTGTCCAAACAGTTGCTCATCAAGGAAGGCGCGACGATTTACGCTTCGCCCTGCCGCTAGCGGGTAGGCCCGCGGTCACTTAATGGCCTGCACAGCCCGCCCAATGCAGGCGACGGCGTTATTATGGGTGCACCCATCATGCCCCGGATGGGTCCCTGGCTGCTAGTGGAAATTCGCGCTCTTAGGCGACCATTTGAAGCTTCGGTATGAATGTCGGATTAACTCCCATCAACAACCGAACGGTGGTGACAGAGGAGATTCTCTATCAATATATCCTCCTCGCTCGAGTGTGCCCCACAAGTAGTGTGATCAGCCAGTGTTTTTTGGATGGGTGTGGCCGGAGGAGGTCTTTTATATGATTATAAGGAAGCAATCTTTTAAACACCTACGGTACCGTTTACGCTTTAAGCCTTTGATTTGCAGCAACGAGCACACACGCTGGGCAGCAGTCTGTCCAAATCCGGCGGCGAAGTGGGGTTGATTCTGAAAATCGCCCAAGTCTTAGGTTTGGTGACCAGGACACTCCTGGCTTGTACGGGCCCAGAGTTTCCTAGTTCGAGATTAAAAGTAGCGCAACGAATGCCAGCGTGAGGCCCCCGGAGTGTTCTCATAAGAACAAAACTGTCTCGTTTTGGGAAAGTCTGGTACACTTAGCCCTATAGCCGATCGTCAGCCCTTGGCGGCACAGGCAACTTCGACTTTCACCTGCGGACACAGCACAGAGATTTAAATTTTTTCTCACCTTCACGGCTGGACTAACACAAACCTCGCCCTACTTCCGCCATTCATAAACCAAGGATTACGCACTCAGCCCGGCTCCTTAACACACGGCTAACCACTTATAGCTCTCTGGTTGGAGGTGCTGA,1681,51.7,Caenorhabditis elegans
SEQ_469269,GGTTACGAGCTGAACACGTGTAGATTCCATTCATGTTAGATTGAGAAGGGAGGAAAGCACGTGCGTCATAGTTGGCTACGGACTGGGATTCACAGATACTCTCTCAAGCTAACCTAGGCGACGGCTTCACTAGTACCGCCTTGGGTCCGGCCTTTCATACATCCCATGCGAGGTATCTTGTGTGACCCCGCGTTTGCCTACTAAAATATACCAAACTGTGGTGGGTATACACCACGGTGCCTGATGCCAAAATCAGGCTTGCCGAAAGAGGCTCAGTATTACCACAATGGCGAGTATAATCCTTTCACCTACTAATAACACGAAAATAAGCCAGCAAGTCGAAACCACGCAAACCGGTACTCGGGGTTCAATTTGAGCACTGCCCCGACTTACGCATAGTCCACCCGAGACACTGGGAGGTCGCCCATGCAGTCACCGACAATTTACGATCCATCAACTTAACGCACGCCAGGTCGGTAGCGTTTGAAATGTTCCGCTGGAGTCCAGCCATTACCCATACGACATCTCCCTTGCGGCCGTCATACAAGGCTTGGTAGCGGCGCTCCTCCAGCTACTCTGTTTCTCTCGTAATGGCTTTATGCACCCTTCTTGATCAGTCATGAGGCCCCCCACGAGGCGCTTCGCTACCGAACTTGTCTTGTTGAGGCTCGAGTTTGATACTATCTGGCTCCAAGTCGGAAACCAACGCGTATTTCTCATAATCCAGATTCTCCTGAAAACCCGAACGGTCGGAATTCCTTGATATGAAAGATTATGGGTCTGTTCGGCCAGATCCGGTTGGCTCCTTCATCGACGTGGTGGGTGACTCGGTGAGTACCGCATCGCACAATGTTGTGAAGTTATCAATTCCTGATTTTCATTGGGGCGGCTTACATGCGTGGGAGCTTTA,910,50.66,Saccharomyces cerevisiae
SEQ_182295,GTACATACACGTAGGGGTAGATTGTCTAATTTGAATATTTAGACTAGTTGAAGTTCGTATCGAACGCCAGCCGACACTTATGATCTTACAGGGTTTTCTTGGGGTATCCCACCGGGAACTGACGTACGGCGTCCGGAGCCTGATCGCCCCTTTTGCTACGAGTGGGTTAGCTTTACCGAAGTTGGATAGCATCAAGCCTAATGGTAAGAGTCTGAGTCTATTTCGTGGTTGGTAGTTCCTCCGCTCCCTTGTATTTGATTGGAAGTGGGCATGTGCACTCCCTGGGGTTCCTAATTCAAAAGGAACCTCACTTCGAGCCCGATCTAAAGGCATTGCCGATTACATTCTGCGTTCGTAGCCTAAATCCCTGATAGCGTCGAAAAGCGAAAGCAGCGGCACATCGTAAGTAGATTTCTTAACTTAGTGTCTCTAGGCTCCCCACCTTCTGGCATCGAGAAGCAGCTTCCAACGGTGGGATTCGCTAGGATTGCCTTGAACGTTCACCGGTATAATAACGGGAGTAACAGAGGGTGGATCGCAACAGATATTGACATGGTTGTAACAGAATGCTACGAAGACGGCTGCAGCTAAAATCGGGGTAACTGCGCGAAGGGCGTGCCTGGCAATGGGAGATGTAAAGAGTTCAAAGCACTTTTGCGTCTACGCAGCACAAGCGACTTGGGCCAATACAAGACTGTCGAACACCACCCCCTTGGGGCAAATACTCCTCGCCCCCCTTTCACGACCCATGAAATACTCTTTTACCCAATGTTAATAGGAGAAGTAAGGATCCTTCCGATCCCATTGGGGCGTGTGGATTACCGAGGCAGTGAGGTATTTCAGGAGGCTGATGTCTCGAGGCCCAGACTACCGGATTTGCTTTGGAAGGTGTTCCGCAAGCATTCACTATCGCAAGAACGCAGAATCATAAACCTCTGTGGAATGTCCAACGCCCGGCTGTTACAGTTTAACTTCAGCCCTCTAGGGCACCTTAATTCTTTTGTCAAACCAGGGCACCTATGTAATAATGCAAATGATAATGCTGACTCGTCGCCTCTCGCAGGGTCGGATCTCGGACGAAGCCCTTAAACCGGGCCGGAGCTCGGATCGGTCTCGGGGTATTTGAGTACTCTCAAATCTTTTTGCAAACTTGACCGGTTCCAGGCTACGAAACATCTCGGCCCCAACACGAAGGGTGACTCACTGGATGGGTTCAGATCCTTATGTTCTTGGTCCAGGCGTGGCCCCACAGCCCACCCAGGTTTACCGGCTAACATCCCTAGACACTGCCCGCTTAATCGTGGGTAGTCGGCTCGAGACTCGCCCTAGTTACAAGTACCGTTATTTGATCAAAGATCCTGCCGAGTGAGGAAATCTCTGGGCGAAACTATGCCGACTCTATACGCAAGCATTGGATTGTTTTCGAGCGCTACTGTCGAGCGTGCCTTGTTACCTCTGCCATCGGTGC,1468,50.48,Escherichia coli
SEQ_852756,GGCCTCTAGCATTTAGAAATTTTTCTTTTGGCGTACCTACTACATGGCATGGCCCGAAGCATCACGTGATCCAGCGAGCGGACAATCGCGTTATGTTAACCTAAGTGCGGACTCCCCGTTTCACTGTCAGGGTGCGTTTACGCATTCGAACGGTTATTGATTCCAAGATTCGGAGTCGTACATTTGTCAAGACGAGACTCTAAAGTTCCTTTCGCCCTGGACGATCGACGTGCTCTTAGAGCAAGGTGATGCTCGACGAGTTGGGCTTGGTAATGGTGGTAGATGCCCAGGGAGGTTAGATCTGATTCATAACTAACCGAAGCGCCGCGCTGAGAATCCCAAGTCGAATTTTAATGTGCCCGAGGGTGCCGACACTTTCATCCCCCTACCACTCAAGCTATTCCCCCTTCTTGGTTGCAATGCCGACAGACAGTACTGAACATGACGCCTCCCTACTAGCGACTTCGTGTGCTTTATCATCGAAGGTTATTATCAGAATTGCGTAGGCTCGGATCAAATGACCGTATAGTGTATTATATAAAGCACACACATTACTGGTACTTGCCTTGCCCAGAACCCCGATGAATACACGAGAGCTCCAGTGAAGGCGAGGCGTTACTACCTACGCGTCGACGGTCCTTACTGTCAGAGTGGTGGTGTCATGTCCGCTCGGACGCGGCACTTCAACCGCACAATGAGTGATCCCTGACCACATTGCGTATGGCAGGGTGGATTACACCGCAAAGTCGGTAATCTCATTGGGTGGCTGATTGGCCCGGCCTTTGGCTTGCCGCCGCAGTTATTCTAGTGAGAACTGCGGAAGGCTCTACCATGTCCTTTCTCGCCAGTGCCTGC,855,51.35,Homo sapiens
SEQ_418335,GGTTGACGAGGTAAACCAGAGCGAAAGCAGTGGAGACAGAAACCTTCAATATGGGCCGCATGGTGGGTGTGAGATCGCTCCCACCATCGTGCAAGACGTAATGACCTTGTTAGGAAGTAATTATAATTCCCTACCGCGGAGCTAAGTCGTTGAAGTCCGGTCGACCCCGGGCATGGCGGGGTCCCTTCTGCAGCCGTGCGGGTGCATCCCTGGAGGGCCTGATCGACATTACTCTCACGGCATATCAGTACGCTGAGAACATTCCACACGTCCGGCCGGGCCGGCACGACTTTAACGTCCGTAGCATTCAAGTCTGGTGACTTTTTCCCTCCAAAGACTATAAAATCGAATGGCTCCCTTCTCAAATATATGTGCATCTTTTGCTACATTGTAGCTGAGGGTACTCGAACGCGACTACCCGGATTCATTGAGTGGCGCTGTGTGAATGGAACAGTCGATTTTAGTTCCGGATAACCGATGCCAATCAAGATAGAATCCTTTTCTCTAAAACATGTCCGGTTGTCAACATCGGTGGCAGCAGTTTGACACAACGTACCTGCTAAATAAAGAAAGGCGAAATTGCGTAGACCCCACAAGTCTAGCTTCCAAACCGATTAAGATATATCATCAAAAGGATTACCCGCGCTCCTGGACAGGGTTCTATCCAGCATTTGACATTAGTTCATACGGCATGTGCCTTTCTCGCATGGGCAAAAATCCATCACGAACTTTGAGACTTGCTAAATCTCTTTTTCCTCAGCGGTGATTATCAGTTAGTGTGACGAGATTGCGGCATACAGCCATGTATGATTAGTCAGAGGGCAACCTCTCCTCTCGTCACCATACTATTTAATACCATGTGGGAGGTATGTTAAGCGGGGCATACTAGGCCCGAGTGATTGTTCGTCGCCAAAAGTACTGACACTAGGCTATTTCAGTTATAGGTGCATCTACCGTCCTAGACCCGCTATCAAGGCCTTATTGGTTTCCTCCCGTCTGGGCC,1003,48.85,Caenorhabditis elegans
SEQ_978742,TATTGACACAACGTACGATCGAAGGGCCGCACCCATGACACAGGTATAGTCGTCCGTCTAAGACGGCTATGGACGATTCAAGATAGGCGCAGTTGGATGTAGTCCACACGTCCCGGCTAGGTTGGTTCATGCCGATGATCTATCCACATTTCTTCTAGTAAATGAGGAGAGTGTTGCCTACAGAGGTGGAGCCAGGTGGTTTCCGCATAGTGGCTGTTTCTCAAGCACGTCCAGGCTGGCGTAGAGTTAGTAGATTTAGCATCCTCGTCACCGCGTGACACGCGGCTGTTTAAGGGCGCTTCGATGTAAAATGCGGCGATGCGACTGGTTGACGTTTTCCCGGTCTCTCTTAGGGATGCTAGGGTTTAGACTCGATAAGATAGTGTCACCTATATCGCGGCGCCGCAGGTTCGTCATGCGGTATGCGTCTTTTAGGAACTGTCCTCTCAAAAGCTGTCTTACCCCGGCTTCATGCCGACGTGTTAGAAAATAAATGTAGAGGTGATGAACCTCCAATCCGGCCCAGCTACTCATGCCAATAACCCCGGCAGTGTGATGGTTACGTGTCTGCAGTGTCCTCGTCCTACCTTTGGAACCGCATCTTTGGAAAAAGCGGACTGCGGAACAGCGCGTACGTCTCTCAACTTCTTCAGGCAACCGGCATGGTCGATTGCTCGAAATACGGAGTAACATTGATTTAAGGGTCATGAAGGGTCCCTTTTGTGACATGATCGGTTGGTAAGTAAGCAAACGTCGCTCTCCGGACGACACTAGCTCACGGGCCCTAAACTACAAAGGTCAGGATCCGCGTACCATACCCCTACTCGCTTTCAACAACGTGCCGCGCGATGCCTTAAAAGACAAGCAAGACTCTATGATGTTTGCGGCTTAGGGACATATAACCTGCAGCAGTCGCCAGAAGTTGGCATTAAATCCTTAACTAATCGTGGATTTGTCAGACCTACGCAGATTACCGCGGTCCTGCAAATTTCACTCGAACGCCCTGCAACCCGCAGTAAGGTTAAAATTGGAATATAGCTCCAGCGCAGTATTAGGGTCGCAGGATAACTGAAGAAAGCTTCAATCGAGCCTCCATATCCTTCGACCAGTGCCGAGACGCTGGGTCCTACGTTGTGTATAAGGGCTATGGTCCGAACCCTCACGACTAGAACCATTCGGGAAGGCGCTTTATGGCTTAGCAGTAGGTTTTGTTCGTCCGATAAAAGCCCATAAACCTTCCGATCTATTGGAGCCCGGGAAGCAGCGCTCAGTGTTCGACGGGAGGAAAAGTGCGGTCAGGGTAGGAACTCCAAACTCCTGTTCGAATGTCTCCTCCTATCAAGACAGGGTATCTTATGACGTGAACAAGACACATCTCATCTGTACACATGTAGAATGCGCTTGGTCCAAACCGCGCATCGCATCGGAACCGGACCTGGAAATGGTTCACCCGCTCAGTGACAGTGTGGCCGTTCAAGCCCAAGACTCAGGTCGCATAACTCGGTTATATGAAGGGAATCGGTAAATTAAGATAAGCGTGAGTTGCGCAACATGCAGTTCCCGAACTCTATATAGAGAAACGTATACCTCACAATTGACAGCGAACAACTCACGTGAGGTTAAAGAATGGCTCTTCGCACTCGGCTGTAGTTCTATCCCTCGGTTCAGGTAATCATTCGGGAAGAGCCGCGGAACTATCGCTCCACCCACAGAGTTTTCAAGAATGAGTTCCGCGACATGCTGAGGCACCATAGGCATCCAGCGACACGA,1770,50.62,Drosophila melanogaster
SEQ_988749,AGTTCTGCTCTATCGACTTGGGAAGTAAACTAATGGGAAAGGTCATGTCGCCCTGACATGGTCACCGCCGTAATGCCAGTGACACGGCAGCGTAGGTGTTGGCTAACAATTCCTCAACCTAGCGAGTAACTATGGGATAGCGCATTCCAAAAGCAAACTTACAGATTACGCTTTTATCAGGCTTGTTGTGGAACTGGCTCCGAGACGTTTCGTTATTATTCCCCCCCACTCCTAAAGGGACTCGTCACGTATACTTGTAAACGTACTTCCAAAAGATTTGATGACTGCATAAGGAAATATAGTTAACAGTGCACAAGCCTCCCAGTGTGGCAATCCAGAGCCATCCGCAGTGATGAGAAAGTGGGATGACGAAACCGCGGGGGATCATCGTTAGGCGAGAAAGCGCTGATGTCAGCTTTATCTGTAACCTAAGCACATAAGACTCCGTACTCTACAAGTATCGCGACAGATTGTATAGTGTTATTTACGCTCTTAGTCAAAGGGAGCTTGTTTCCAAGCTACCTTAGAGTTACAGGCTTTTTATATTATCCGTATCCCTTTGCCAGCCTACCATTCATTATTATCGCAGATTGTGAACGAAGTAACATAAAAAGTGGAGGGGGAATTATCCGTTGAGGGCATCTCCATATCGGGATGTCGTGCCCGCTTTACGATTCTTATATGCCTAAGTTTACGGAAGGGACCCTGAGGGCGCTTACATCATTCCGATCTTCGACAGCGGGACGCCGCCGGGGTATATAACCTTACCATCACCCGTCCGCTCACAGCAGGCCCTGTTCAGCGTCAGTCCGATGCGGGGACAGGAGGCCCGGAGGGGCGCACGCAGCTGTGAATCGGACGGGTACATCCGTCTCAGCTGGCGTTAGTAGAAGATCCTCAGTTAGCATGCGCGACTAGGTAATCGTCTGCAATATGCGTGGGTGAGCATCAGAATCGTTTATATTTCGCATTCCGGCTCGAGTAACCGTTAAGCTTGGTGCTCCCCTCAATGGCAATCTACTTTGGCTAGGCACTAGACAGTCTAGCTGAGGATCTTCCAAAATGTGGCGATGGACAGTTAGAGACATGGGACAGCCAGGTACACTTATCAGCTCGAAGGCCAATTATGAAAAGAGCTACGTGGTTGATCGTATGTAGCTTATGAGGCCCCTAAGAACCCTTTATTCAATGCCAGATAAGAACCGCTCCTAGTCACGTAGCTTTCGATTGTACTGCCTTGCGCTTAGGCCGTTCCCGTTTCCCTCCAGGACGACCCCTACTGTATTTTCGCCAGTGGAGTCTTCGATGAAACAACAGCAATTTCGCTAGTAAAAAGAAGTCGACTTACGGACTCTCAAGACTGGGGGTCCTTCTTCGGGCCATCGCTTCTTGCTACAATGAAGTGCGATGACGCCCCACCATGAGTGATCTTCCAGCCTTTTAAACCAGGGTATCAATTCACAGGCCTAACCAGTAAGGGGTGAGGAGCGGCGAAGTCGTGGCGGAGATAATTGGAACCTGATGAACGTGGGGAGCGAGGCGACAATGAAACACTGCTAGCTGGTCCCG,1569,49.52,Mus musculus
SEQ_194873,CATGTTAGGTGGTGATTTTTACCTCGTCGAACTAGAGAGGCCCGAAGATCATTAAGTCTAAGGGCGCGAGTTCGAACCGTCTGTGTCTCACAGTGAACACATATGGCGAGCCAGGAGGCCCTGGCGATACGATAGGATTTGTAAGGCGCGTAAAGGTGAACTTGAGCCCTAGTTTCCCACACAGCCGGAGCAAAGTGGCTAATGGAGGCCCGCCTGATCTACGAGGGACTCGTGCCCCAAGTGGCATAATGGGAGTTTGAATCCCGCTGGGTCCGATATGCGGACACGTTGCGCCGAACTATGATAGTGTACATTGGATTCTTAGACGCTAACCCACGCCTACGCGAAATGGTTTAAGGGGTAAAAGGCGCAGGCCTTTAAAGGACGGTATGCACACTCCGCCCGATATGAATGAAATGCCGGTGCCGGGGTTTTCACTAACCGGCTCAGTGCAAGGGTCTGTGCCGACACTATCATGATCCGTTAAAGTGGTTTAGGTGGATCTGACTCCTGCGTAGGGGAAGTGGAGTGCTGAACAGAGCCGTTTAGCCAACGAGATTTACGTGTAACCTTAAAAGAAGACCTCCGGTATGTGCTTGAGACGCTGTGACTATAACGTACGTATTGTAAACGCAGTCGCGCCCAGGCGGACTACCCTGCACCGCAGCCACCGGTGGATCTTCCATGCGGCAGCCTAGGGAGAACTGCTAAGATTCCCCGCCTCGCGACCTTGCGAAGCCCTGTGCACTGCGACCGTTTTTTATCCAGATGGAATTGTTTAGAGTAATTAAATCCAGCAACGGTTCGACGAACTTAATAGGGGGTCTTAACTGACGCGGGGTCTGTCCAAAAATGCAGCCCCGAGAGGACATCAGCGTCCGGATGGGCCCACGACTTCTTCCAAAACAATTAAGACCTGTCTCACCATTAACTCTCGGACGGAAGGCGTGCTATTCGGGCGCGCATTTACGGATAGCCAGCTGCTGGCAATAGACCTTATCGCTACCGTAGTGGAGTGACCGCTATACAGCATCCAACCTTGTCGCTCTCTATCAGTTGACATTCGTGGTTGGGTTCTGGAAACATAGTAGAACATCTCTGTGCAAGCGTGGCCGATGGAAGCTAGAACGCCTGTATCAGGAGAACCCTACGTAACAGGATAGATTTGTAGCTGTGCCAGCACTTTGCGCGGCGCGCTCACGTTGGACGCCACGCCTCATCGCAGGTGATAGTATTGAGGTGAAGCTTCGGCCGGCGCCCTGAGACGCGTTCCAACCTTGAAAGCTGGCTAATGGGACCTCCGGGCAGCACGGTTGTGCTATGTTCCGGAGGCTAGTGCAACAGCTGCGTCGTCGCGCAGGTTTCCTTCCCTTTACTCGATATAACCCACGCGTATGACAAGGTTTTTCGTGTTACTAAACCCACGTATTCCAGGTCGACGGCTACCTTAGGAGCGCTGCCCAGTGTTACCAAGCCACGACGCAGGTGATCCACGGTCTATTCGTTACTCTAGACTTACGAATAGGCGGCAATCTTCGCTCGAGAGCCAGGGTACAGGCTCTGCATATGGAGAGCGCACATCTACCACTTAACTGGGGAATGCGTATGGAGCTATGTTTGTTTCAGGCCTTAATAAACAATACCAGACTGGCTGAATCGAGAAAGTACGATCGTATTTGAGAACTTGAAGCT,1692,52.54,Homo sapiens
SEQ_882753,TATAAATTGTCCATTCAACTCTGTGTTTTTTACGTGTCGATTTTTGTATCTGCGCTCACTCGTATTCGGGTAGGCTATACTTCTTTTACAAGCTTTGATAACCTCGCAAAAACTCCTACTCCACGAACCCTAGGTGAAACCGCGTGTCACTCGAAAGAGTGCGGTATTAGGTTATTTAACACTTTTCAGTTAACTAAGCGATTACTGCAAGGCACCCATCAAGCAATCATATCCCCCTATAGATACATTTGGGTCGCGGCACCGTAAGCTGGAGACTGCGACTTATGCAAGATGAACCGACTTATTCTTAGCAAACCGTAACACGTCTGGGCAGTTACCCCGAAGACTAACGGGAGTCTTTCAGTGATAACACAATGGAAGACTACAATGAGTGCGGTTTCCTCTGCACATAATCGGCTTCCAGGGATATAATGCGCCATTCGCACTTATCGTGTGAGTGCAATCAGGCTTCGCCAAAAAAATCGTTACGAGCGAACTACGACAAGTAAACGGCATAATTCGGCCACTAACTTCTCACGCTTGGGACACTAGCCGCCCTAAAGCGACATGGAACTGCTGTAAGCTCGGAGTAGGCTCTTTACACCATTGGCATCACTTTACAACCATTGGAGACGGGCTGGGCACTTGAGATGGTAAGGAAGAAACTCCGTCGTATGTTCAACTGAACGTCATTCGTGTAGAGTACTCCCATGCTTTATCTGACCTGGTATCCGAATAAGCCGTATTTATGTAGTGTTTGTAGTATTAGCGGACATAGGTTGCAGAGACTTAGCCAGCACCTTGTCCCATTCCAGAACAGTTGTCTACACCTCCTACCCTAAGTGGTACGTGCCAGTTATATCAAGTGCCTACACGCCATAACTAAGAGTGCTCGCTATTAAGCTGGAATAGTTGTACCTAGCTTTGGGCCACATCTAAGACGGCTTTTAGGAGTAGCGGCCTTACCCCCTAGAGGGCTAGTCAGAAATATGAGTTCGGACAACGCCAAAGAGGCGCCTGTTCTGTTCAGACGGGTCCGTATAGTCGCGGGGCCAGCATGACCCCTCGGCGTAGATCACCAAATGACCAGCTCGCGATGCAAATATTGATCGATACAGATGTTGACAACGTGCCGTTGGAACTTTGCTGCAGGCGTGTCATATAGTT,1167,47.13,Saccharomyces cerevisiae
SEQ_308341,GACCCTGAAACGACTCTACGTTGTTTGCGGTGCAAACCTACGCTTTCGCGCGGTATAGAGATGGTGAATTACCATGGCCGTCGTAGGTAACCCCCGGTAATATCTGCTTGTGGCGGTAAGGCTACACGTTAAGGCGGGGCGCCACAGACCGTCTCACATTATCGTGTTGCTGTTGAGCCCCAGTACCTGTGAGATGATGCATACCACGGCCCCCACACAACCGCAGTATCGCAGATGGGATAGCTAGAGGGTGATCCTCGATATACACACAATGCACTTACTTTTGGAGATATACGGCAGGCGAGGTCTGAAAATGTTTACTACCTCATGTTACGGACCAGACACAAGCCCTGGCGTAATAGGGGCAGGAAAGCAAGGGGCCTCCGTATGCTAGACTCGTCAAACTGCGACTCGTTCTGTATCGCTGGCTGAACTAGGTCCATTGACACTGGCTAGTCATATTGCTCACCTTGAACTCCAGAGTTCGTACCAACCACTTGGATAATGGCGCTCCACCGTACGGTATGGAGTCGTACTGTCGTGTGCATCGACGTTTAGGACTTGAGCATCCTTGATATATGGCAGTTTTAGGGGTAACTTGCGCCTTGCGAGGTTGGGGCGTACCGCTGAACTCATGAATTCCTGTGGCCGGCATGGGCCAGGGGGTAGGTTTTGGCATGTTATGTAACATGGTGAGCATTTGAAGCCCGCGCAGGGATCATTAACGACTAGTTCGTACGACGTGAGAGAGACTTGAGGATAGGGACCGTGA,772,52.2,Mus musculus
SEQ_419934,CGCTACGGAACCCCCGAATGAGGGTCGGGCCTACCCTTTTGATAGTTTTCTAAGGCTTTAAGGTGTGCGCCCCAACATTCACCGGGGTAAACTACCCTCCATGCGTGCGGTACTTGAGTCTTCCTGGTTACGGACAGACCGTACATTTCCCTGATAGACTTTCACCCATTAAAATTGTAGCCAGGGAATTAACAAAACGAAATCCTCATGGCGCCATCGTGTTGCCGGACAGCCGGGATATTGCTTCAAGGACATTCCTAGAACTCTGTCACAGGTCTCGCCGGGCAAAGTTACGAGCCTACATCCCCCTGCTTAGTAAGGGATCGCGAAAGATGCCGTAACTAACGCGCTAAAAACTAGTGGGCGCTAAACCGATCGTGCGTGCTTTTAAGCTCCTCAATTGCGGGTGTAGACATTACAGAAGAGGACAAGCGCCTACTACACCTGGGCTGAGAACAGAGGATCAAAAATGTATTTTCGGTCGCCTCCAAACAAACTGCACCCGCTTGACGAGAGGCTAAATATTGACATGATAAGGACTAGTCAGCCACCCATTACCAAAATGAATGATATTGAACGAGCTAGTCTGGGGAAGCTGCCAATCCTGTGGAGTTGTAGCGCTTGGCCATCTGCTGGTTTATGCCTCACAACTCCAATGTATCTATGCAGAGGGCATACAGGAAGATCCGGGCCAAGATGAGGGACTCGAACTGGCTGCCCCTCGATTAATACTCGGCTCAAACGTTCACGAGCTCGTAGGCCGCACTTACAAGCAATTGGATCCTTTGCCAAATACTGAACCGCTCACCTAGGCCTGAATGCAGGGCCGCAAGCTAATTTGCAGTGAGGAAATACAAGTTGTAGTGCGTCGGCGTTTGCTAGTAATCTCACCGATTAGCTGACGGTCCCCCCAATATGTCCTACAACCCTAAATCGAGGGAACACTCCTTAGGATCGTATAGCCTAGCACCTCTGGACGAGGCGTTAAGTGGTCAGCACAGCGGATATCGGATGCATGCTAAAGATCCCACATTAGGGGTAAGGTGCAGTATAGTAGGGGGATTGCTGCCTAGTCACGGGCGCAATCGATTGCATATACTTATTCCGCCTGCCGACGACCGGTAAGGATTGTGTGCCGTGCTTTCCCTCTATGGTATTTCGTCTCGCGAGAGCTCTACAGTGTATAGTACTACGCAACATATATACGCAAAGATAGGCGAGTGCGGCAATGGCAACTCAAATGGGCTAAGGACGATAGATTCCTCACCGACCAGGACTAAGAATCAATTTCAACAAGATGATTCCGGTGGACAACTCCAAGCTCACGCTTGTCTGGCCACCGCGATCACTCTCGAGCTTCACAAGTCAGAGAAGGGGTTCTTCAGTACTCCGTGCAGACAGTTTAGGTGCAAGTTGTTCATGTCTGCGCGTGCCACGCAAGAGAAATTTTGTATGATGTAGGGAGCGTTGCGAGCACCACTAGGTGTCACGTGCGGTAGAACCCCTCGTTGGTGCATCAATGTAAACGCATTCGTCGCAGCTACCAACTCGCTACTGATGCCAGGCGCGAGATGGCACAATAACAGCCAGTCAACCCCACAGTAACTCGCATAGTGCTCAGCAGCACCTCAGCCTTTCCTACATCCTGACTATATAGCAGTCGCTAGTGTCCCTGTCTCCGACTCGCCTTAACACGGTGAGGAATTATGACGTAGGGCCTATGTACGTCCGGGTCTCGCGGCTACTAAGCCTGGCGGGGCGGCAGGAAGTGCCGGGCACCGAAGAAAACAGGCGTGTCGTCGTTGTCCTTCTCGGGGCACTCGCCGCTATAGACCAGGGCGCGTAGTTAGAGGAAACAGATGAGGAATCACATTCGAGCTCTGAGCCGCTAGATCCAACCGACGTTGGTGGACAGGGTGGAGCGACTGCCACGCCGA,1937,51.88,Escherichia coli
SEQ_240993,TGGACTATGCACAGCGCTACACGGACAGGGATATCACCGTCCTACTAAACCCGGGTCATTAACTCTCGAGCGGCCAGGGAAGCACCGGAATCAACAATTGCCACCCATTACGGGTCGCTTGGAATTGATAAGGGGCCAGTTGAACAACGCACTGGGTGCTGGACCTCGCCCCTAGAGCGCTGTAGCCATAGGCATGATCCTGATTTTCAAGCAGCTTGTGGACTTTTAATCAATGGGAAGATTTCGCTTCCGTGACGGTATCCGCCGAGCTAGATACTAAGCAGCCCCTTCTGCGCTCTGTTGGTATCTCAACATGTATCTACATTATCATTGCGGATCAGACGGGTAGCTTCTCCAAGTGATGGCAGCAAAGGGTGTCCGAGTTGAACGCCAGGTGTCAAACGGACTGAGGCGCAGGACCAAGTATACTTGCGGTTCTGGTCTATTAGCCTCTCTGCGTACGCGTTGACTCGACCTCATGCGCTCGGGGTTCTGCGTAAGGCCAAGCGCAAT,513,53.22,Saccharomyces cerevisiae
SEQ_650783,TGTTCTTATAAGCTTTGCAGGTCACCCGGATTTGGTCGAGCGCCCAACTTTATCCCCCAGTTGGTCGTCTATCACAGTCCGGCAAGCGCAGCTTTCCCGACCGCCTGATACAGAAGGGCGCAACTAACGCGGTCGCTGCGCACGTGCTGACGGGACCATCTGTTGGGCGCCGAAGACATCTGTCTCGAGGCGCTGATTCCTAAGTGCTTCTTACCGTCATTGATAACACTCAATGAAAACAAACACAGTGATGGCAAAGAGTAGTAAAAAAGTGAACGTTAATCGATGCTTAGGCATGGCAATAACTGCGTAAGCCTCTGGTTTGGTTGGTAGTATGCGCCTATCACAAGCACAGAGGTATTGCCCGGCTCCGAGATGCATGACCTCCCAGCCAAACATAAGCTCTATCATCCAATCACTCCGCTTTATGGTCACTCCATATTTCCGTCCTTAACTTACGGGTGCAGGATGCGTCTTGGTGCTAAGAAAACCATGCAGCTCGCTAGTTCTCCAGGCCGCGGGATAAAATTATGGTCAATTGCAGGTACTCGACGACTCCAATCCTTTCTGTTTAGTTGCACGGATCGTTACAGGTCTGGATCTTCCACATAAAATCACGGGATGACTGCTGTTTACCGTACCAAGCCGGTTACGAGTATGGAAGAGGAAAACTGAAGAACGGACGACATTTGGGTCGACAGATGATATAGCAGCGTTGATTAATAGGAGCCAACATATGAGGGATAACACATAGGTGGGCCTGAGGCTGGTAGAGCAGAGACAGGCTCGAACCTGATGTAAATTGCATATACATAAGTTGCACCGTCTAGCGAAAATGAATCACAATTTGCTATTATGCGTACAGTTTTCAAGCTTTTATCGTTACTGCATCGAGGCGAACCTATGCGAACGCTTTGGTCGGAGTTTCTCCCCGTCAGGTACCCCCATAGGGTAGTATCCAAGGGAAAATATTCTTGAAGCAGCACTCGTGGGAGCACGAGAGTTCGGATAGTATTGCCACCAGGCTT,1028,48.74,Homo sapiens
SEQ_326830,GGATTACGTATCCAGCCACTTAAAGTCATTGCGTTTGTCGGCCATCGCTGCACGCGCACACCAAAATCGAATCGGTGGCTAGCGTGCTATTTCGTGTTCTTTGATGATTAGGCGAACAGCGCTCCCTTTCCCCGTGATTTGGGGGGCCATGCAGACATGTGGAGTACGCCGCCTTGGGGATACATCGTAAGAGGAGGTACCGGCTTACTGTGGTTAAAGTGCGAAGGCCTGGAAATAGTAATTAATTTTGCGATAGCTCAGCGCTCCTTCTCGTTGCACTTAAATCTGTGGTGGTCCATCGTATACGTGCGCTTCAAGTCTACTAGTAGGCTTCTTGATTCCGAGTTAGGACAACTTTCGCGTAACGGACCAGTTCAGGTCCTAATGGTTGCTTGGGCATCCGCAGGAATGAATACTATCCACACCGAAGAATAGTAATTGTTATGTATGTACCGTGTGAAAGACTACATTACGATATCTCCTAGGAGTTATACGCGCATATCACTTGTCCGGCTGTGCGCTACAGTGACAGTAGTTAATATTAAAGCCTGCTTACGCCCGGCCGGGAGCCGTCAGGAAGGTCAGATGACCGGTTCTACTCCCTCCCTATGCTTCGATTCCCGTTCCACTGTGCATGCCGTGTTAGGATACGGGTAGAGTATGCGACTTTGTTACCATTTTTTCCGACGCCATGGTCAGCATGGCTCAAAGAGTCTGTTTATCAAGTACATCGAGTAAGGGGGTTAGAAACTAACGGGGTTGTCCCATTCGATCGTCGAATGCGTCGTGCCGCGGCTCACGGGTAGAAAGGGGAGGTTTAAGAAACAGGCGGTGTCGCATTGGAGGGCCATTCACTGCGCCTGCACGTGGACGGTCCCAGCTGTTAAGGACCTGCCAGAGAATAACCCCGGTTACGGTATCCGTAGGTCACCCGGACCTTGTGAGCAAACTACGATGGGGTGCACAGGTTCGGTATGCGGCTTGCGGGAATAGAGTTGACTCCTATGGGCAAGACGACCTTACACCCACCCAAGATAACGTGCTATCGTCGGGGCGGCATACATTTGAATGGTCACGTCGCGCGTTTGGTTCCGACTAAAGTGGAGGCAACGTAGCAGAGTCCGGGCTAATTTTGCAGCAACTCCACTGGGGTCACAAAACGTTAATGTTAAGGCGCGGTTATACTCTTTGTGGGATGCTACCTACTCCGCGTTATGACATATGGCATTGGTGTCCCCATCTCTATCTGCCGCACAAGCAATCAACTCGCGTTGTGTTCATCGACTTTTTCTAGGTACCGTCACCTCCGTCATAGTTTTTTCGGTAGGTTCGGTGGCATAGACGTGGCCCCCGAAAGAATGGCTGGCTTACGCGCCGAAGTTGGGTTTGGGTTCCGCTTCCCGTAAGATAGCTGGACCACTTAGCGTCAGATCCATCCCGTAC,1443,51.49,Homo sapiens
SEQ_103508,TTCCCACGTTGTTAGAAGGACCATGGTTGTGGGCGATTAGGATTGACGAACAAACGTGTCCTCAGCGTCACGGCCGTCTGATTCGGTCTCGGTGGTATATCAACAGGTGGGCGGCGTGCTCTCAACGGACAGCACTAGATATCGCGTTTATACCGCGGCAAAATTCGGAAACCCTGCGGGCACAGCACGACAAAGTTTCTCTAGACCCCTTGGGGGAAGCTTATTTTTGTACCAATCGCCGAACCTTCTCGCCTTTTCACAACTAGTCTTCGCCCCAGGCTTTCCGTGCTCACATTTCTATACAATTTTGTCCTGGCAGCTATAATTACGTGGCGACGCGCGCCTAATTGCCGAGGTGAAGTACAACCATAGTGGTTCACTCTAGGTTTCGCGACTCAGGCTTTATACCCTCGTCAACTGGACTGGCCGGTTATTCTGCCTGGATTTATCCGGTAAAATTGAACCTCGCGGGCAATGCCATCCCTGACCTGGAGAGCGAGCGACTCCTATTCCTTCCTTGTCTCCTCGAAATGCCCGTTTACTCCGCGACATAAAGGACTAGGGAGCGGGCCCTCGGACAAGCTGGCGTTGGACCGTCGCGTACTCTACGGCGGACTGAGTTCCAGTGGTTCAACGCGGAAGCGTTACAACTAACTTTTTGCGCTTGTGGGCCTCTACATGCATGGGTCCTTAAGTTGAAGAGTCTCAGGATCGAGCGTGAGGTTCGAGTAGATAGGTTGAATTGAGGGCACCCATAAATCCAGATTCTAAACCTGACTGAGATTACGGTTGCCGCAACCAGTGGTCGACTGGGCTGGCCGACAAGTTATTTCCGTCAATAAATGCCTGAATCGGTCCCATGTGGGACGGTTATAACGATACAGATACTAAACGTCCAGATCATGCACGCCGGAGACCGCGAGCTGCCTGTGGATTGAGGTTAACCAGAAACCGACAGCTTGCGAAAGAGCTAACATTTAATATTCCATTAGCACAGCCGATTGCCGACCAGTGTGTTTGGAAGATTGAGTCCCGACCCTGCATCTTGTGCATCTGGCGTGATTATTTTCCGTTATAAAGAACGCACAACATGGCGACTTGCGTGCCTCATATTTCAATGGATGCGAAGGGAGCTCCTGGCGGATCCTTGGTAGACGACGATTACAGAGGATACGAGGCTACTGTCTGCACACAAAAAGGTCACCAGGAGCCAGCGCCCTCAGATGCCTCAGTACCTCCAACGGCTCCGTTTCCGCGTATATTCTCGCCATAAAATAATTGCCATCAAGGACACGTCGAAGGACAGCATCATGTACAACTGATCGCAACGGATTTAGCAGAACTAATGGTTAGTTTCTGCCCCTCCCTATAAGTCGCATACACGTATTGCTGGGAGTCATCGCCACCCCGGATTAGCAGAGCATCGAGTGACACTGTGCGCGCACGACAATAGATTCAATCTGGCGAATTCGCCGTCGAGCGATCCCATACAGATTTGCCATCTCCGGCCCAGACAACGTAATTCGAACTAGGACGCTCCCGGTAGAGATGCATCCCCAACGTAACGCTGAGACGAGCGTATCAAGACGGGTTGACGACTCGGAATTGCGTTGGATGTTCCCATGATTTAACTCTGCGTGTAAACATTTAACAACAGACTTGTTATAGGTAACCCGACTACCTTTCGTGAAGATGAGCCTATCAACGGAATCGTCGTATGACGAAGTGTCATAATTGGGTCGAGCTATGTAAGCATG,1757,50.83,Caenorhabditis elegans
SEQ_736837,ACCGACCTCACCTCTAATACTTCCCATAGGCCCTAGGATGACTAGTATTCGCCAATGATTTTCTTCGTGTCACAGCAGAATCTGGCTCCGGGCGTTGCACAGATGTAGAGACGATTTGCGAAGGCTGATCATAGTCCTAATCTGACGCGACGGGACAAAGTAGCATTTTTTGGTGATTGCTGAGTGGTCCCGTAGCAATTCCTGGCATACGT,212,49.06,Caenorhabditis elegans
SEQ_376252,GTTCTCATCCTACCTCTTACTCTTGCAGTTTATACGTTGGGCTTCTTGCGAATTAGGTGAAGTGACCCGAGGAGATTGGTACTGCTGGTGGGCATGAAAGGCAAACGACTTGCGCATAGGATCGATCTTACATTCGAAGATCCGAAGAGCGTATGGCGAGGGGGTTGGCTCACTAGAAGCAATCTACCCCCATCTTAGGAGAGACTGGGACCACGAACGGTTCGATTATGATACGATCATCCCCCGGCAAGGTCCACGCTCTGCAGTAAACATTCTTCTGTAGTTGCTATTCTATCGGTTATCTATTTGACCAAACGCAGAGACTCGGCAATGGATTCGTTCGGCAGGGACTTGTTCTGTGATACCGGTTTACGGCATTAATCGACGATTGCACTCTCCGATCATGATACTTAGGCAACAGAGACGTCCGTATCCTCGTACTCTGAGGGTTACCTAAAAGCTGTATACGAATGAGATCGGTGGCCATCGGTATTGTGTTTGCACGTGAGTTAAGCGACTGGGTACTGAGGCAATGCTGACTTATACCTAGTCGGTGCGCAGGCAAATTTGTGAATAAGTGCTCACACCCCCCAAAAAAATGAGTTCTAGACATCCATGATAGACGCGTCATCGGACTCCAACCCAGAACCTGGTCTCAGCCCACCAAACTCGCTCGGACAATACTAAATCGGCTCGTGCAGCGGGACCGAGCGCAGGAAATCTCATGCATCGGAATAATTGTGTTTATTGGGTGTTCGACGTAACGTTTGC,771,49.03,Homo sapiens
SEQ_278558,GAAAGGGCCACAATTTAGTACCTAGAACCGACCTTATGGCACCTTGCTAAGAGACTCTAACTTACAAACAGAATCCAGTCTTAAACGGATCGCCATATCGAGGGCGATACGACGGGGGCCTCCCTATCCGCGTTCAGAAGTGGCCATGTGATACTATCGTCGACTACCCATAATTTAGTCAATACTTGATGTTCGAAAGGCACTACCAATCCTAATTTTGGGGTACTGCCGCCGTCTAAGCGCAAATGCAAATCTCACGAGCATCATTGTCTAAGGCCCTACCTGTACGATCACTTTAGGTTGTTCAGCTGACATGGATCACCGCGGGGTGGTTCCCTCTATCGATAAGGGGAAAACAGCTTAAGAACCGGACCGTTGACACCATGAGCGACGTACGCACGCTTCGATCGGGAACGTTCGGTCCTTACGACAATGGCGTTTGCTGTCATCCACCAGTCGACTTAAACTGTGTTACGCCCGATTCTAAAGAGCGATCCGTGCTATACTTCCTATCGTCTCTAATGCATTTGGGATCCGAGCTGTTCATGTAGCCAGCTCTAGGCTCATGCGCCTACTGGCGGCGAGCGCTAAAGCCACTCATACGTTTGGCGTCAGAATATATACCGACCCGGCGCAAATCAATTCTAGGGCTTCTATCGCGGAACCACATTCCCCGCTGTCTACCGCGGGCCGTGCCTGTAGACTTATCCGCCTAGAGGTAGAATCAGGACTTCCGGTGAGGATAGTATGTGAGATAATTAATCAACAAGGTGCCAAAGCCATAGATTGTTGAATCTAGCGGTTAAAAAATGCTCCCTCCGCCCCCGTGCAGTATCCGTTCGCTTAGATGGTGAAGGGCCCGCACACGGTAGCGCGTGAACACAGAGGGCCGAAGTTGATTATACGATATGCGGGTGAAACCTTGATGTTCTTCGAGGCACGTGGAGAATCGTCGCAGGAGCCTAGCCCAGAAGCATGATTTTCCCCCGTTTTACAATACTGTCAGAAGTAGAGCCCACTAAGCGCCAACTCGACCCACCTGATCGCTGTAGATACCAATTTAAGTGGTTGTTTAAATATGAACATGATGTCTACCTGATGTCAGTTGCGAATAGGCTAAGGCGCGGCCGTGCAAGCCCTGGGTCAGCGCGATACCGTTCATCGCCTAGACTAGATCTGCTCTACCTGAATCCCTATTGCCAGACTCCCTATCGGCTGCTCTGTCGACCCTTAACATACATGTAAGGGAACCACCTCATGTGTAAGCAGCACGTAATCAGCACGGATGAACCTTGACCGTATTTCTTTCAAACGTGCCTTGATAGTAGAGTTTATAGATCGTTCTGGATCCCACTTTTCTCATAAACGAAGATACAATGCGATAATCCACTGTAACTACGTGTGGGGCATCACTAGTTCAACCGGCTAGATCGGCTCTAATTAAATTAGGTTCCAGTTGAAAAGTTCCTAAAACCTCTTATTTAAGGTTTGATAGTCCGTACCTGGTTACAAACGAAGTATGGACATTGCCAGATTTCGTGAACCTCCGCTAGATCCTTGTCTAGTCGTTACCCGCAACGTTGGTATGCCCTCTCAACTTTTGGGGATTGAACGCATTAAGTGCCGGCCATACCGGATTCCGTCCTCCGCTCTCTCGAAACATTTATTTTTGAAGGCTATTAAAGAGTCTTGCGATCGTCCTGTGGGGGTTATCGAGATTTCCGCGCTAATCGTGTAACAGACAAAGGTCATCACACGTACTAAGTGTCTAATCCCCATCGGGACCTGAGCCTATTGTTAAGCACCACGGCACCTCGGCGGCAACCTGAACTAGAGTCTCCTCTT,1845,49.0,Arabidopsis thaliana
SEQ_862734,CGTGTCGTCCACCTACTTATCTATACATGTTCTATGAGCGGGACTATTCGCTACGAAATACTCACGACTCAGTTTGACGGTAATATGGCACTAGTCCCGGCAC,103,47.57,Caenorhabditis elegans
SEQ_676650,ATTACGGCCGCCACGCAGCCTACACAATCCAGTGCATCACAAGTCCACCCTTCTTGATCGCGTAATCAGCATGCTTCGGGCCCAGCCGTAATCAATGGAGTTGAGCAGCCAGCTCCATTGGCAGCGCAACTCCTTGGCCGGCACGGAGTGCACAAGTCCTTTTTTCAAGCCCGGGAGCAGGCTCGCTAGAATGGTGCCTCAAGATGCCATAAAAACAGCGTATTACCTTTATGGCGATCGAGAGCGGCCGGTTTGCACCGCCGAGGCGTTCCACAGCCTACTGCGGGCTGCCCATTTCACGGAGCGTTCAGAGATCCACTGGGACTTAGGTTTACTGAGTTTTCCGTTTAGCGAAACGTCGCACATGGAAACTACCGTAACAGCTTTTGCGATCGTCTTGCCAGATTGTAAAAGTAGACGTAGAATTCTCCACGATAATCTCGCTTAGGCACACCGTCTGGCTATGCCGAACGTGGTTTGCGAGGATTTAGTTCCGCTAATATCTTGTCGAACCGTGGGTATCAGCATTTCGAGCGGACTTTGCGTGACGGACAAAGACGGTTAAGCACCTTCCTATGAGCTTATCCACGCGGGTTCCGCATGTTGTGTCATACGTACGGTCGCCTGTCCCTGATAATTGGACGCTGAACCCTACAATCTTTACTGCTAGGAGTCGATAGATTCTCTAGACATTGGCCGTGCCCTGTTAGTCTTGGCAAGTATAGGGTGGAGCCGCAATTGTCATTTTATGGTGGAATAGTAGAGGAAAATAGATAATGGTTCCTGCGATACGGTTAAACTTGCTATGGTAGTCTCATCTATATGACGATCGGGACGAGTGATACATGTACGCGTGGCCGGTAAGGCACAGGCCAGAATTGCCGAAGAGTACACTGCTGCGGGGCCAAACTGACCTAGAATGAAATA,927,51.02,Mus musculus
SEQ_351753,CATCACTTGTAAAATGTATATCTTGTACATTATACCAAACGCCTTATTGCGTCAAACCATCCTCGACGAAATTATGGCGCAAACTCACCTTATCAAGGACTCAACACTGTGGAAGTTCCCCGCAGCCTTCCGCTGGCTTTGTCAAGGGCGTGCCGAAGTACCAATCGACAGCTCTACTCAGCAAACAGTTAATTATGCACCGACAAGAGGACTAGACAATGATTCTTCGTGCCACCGCTAGCAAGCTCTCGGGCATTGGTCCCACGTATAGTTGGATGTGTGTCGTTCCCCCTAGGGCAGTGGCCGCTCCAAGGTCGAACTTGGAAGTCCTGGAAATGTCGACGGTATTCCGTGCTGCTTTGATATCCGGTCGGTCAGAAGACGATAATTAGGTCGGGTCTTTGTTCTTGATCAGCTATTAAGACAGATGAGCCGCAGATTCCAAGGCCTATAGATACACCGACTATTGTGGCGGCCTCGATGGGGGGACGGATGAATATCCCCCAAAGCATGTCTTGGAGTGCCTAGGCATT,533,49.72,Caenorhabditis elegans
SEQ_398505,AATACCGCGCCGGGTCGTGAACATGACTAAAATCGATGGTCCCTCAGTCTTCGTTAGCCGGAATTTTTAAACGTGTTTTCAACCGGTGCAGGTGGGTTTCGTGCAGGAAGCCCGGCCGCGTTCGGCACTGAGGCGCCACCGCTCCTACTAGTCCACTGACCCAGTTCCATGTCTCTTGCGCCACGTTGACTTTCTTATTGGTTAGGCTTCCTACCGTACAGGGGCTCAAGGTATATTGAGTGTTACTCTCAGGCTGTATCCAGCCCCCTGGAGATGACTAAGTATACACATAGCAATTGTCATGGATCGTCCGTTACGTCTGCATTTCGCGAAGTACACTCATCTGAAGGTGGGTTTGCCCAGGATGGCTTCGGAGCTTATCACGTAGCTTACTAAATAAACAAGATAAGAGCCATCGTTGAGGGGAGGATATAAGCATCCGGCGCACACCCCGGATGCTGGCTTTTTCCCAGCAGGGATTGTAAGAGGTCGCTCCTTTTAACTCTTCAATCACGAAGGCGCTCAGGCTGGGAGATGAGAGATGAAAGATGCTACGTATTTGCTATAGAATTACCAGCAGCCGCTTATTTAACACCGAAGACTCTGACGCAAGCTACCTCAATCAAGGCCGGTAGGGACCGCCAATCAGAATATGGTCCGGTCTTACTAATTGTATAAACGGGAAGATATTTGTATGCTGTTAATAATCTGTTCGTAACCGTGGGGATGAGCGCTTTCCATTCGAATCAAGCATCTGTGAGTGCGGCTGTGCGGTCCGGGCATCGTGGAACTATCCTATGGCCACATGATACAACTCGAATCGTGAAACTATCTGGTCGCAGAGCATGTTTGTAGTATCACGCTCCTAAGGGCGAATTAGGTTCTAGCTCCAGTTTCTCTATCGGACCACTAACAATGTTCGAGTTGTTCTTGCGATGGTAGGGGCAAGATCTGAGGTACCATGATTATTACTTCTGAAACAAACTTGGTTGAACTCCATAAATGAAATCGGGAATGTGTCGGCTATGGGTGTTGCGCGCATCATAACACAAAACAGTTGTTGCTGTGCTAGGATTTACGGTGGGACCAAATACGCCAAGTCTTTCAAATAAGACCTTCCAAACTGTACAAAGGTATTCGACCGACTACAAGTTAAGTTCCAAATCGAGTGTAGAGTTTGATGGCCTTGTGACGAACCGGTCAACAGACGGGTAACTATGGCTAGGAAGACATAGGGTACACTCTGTCGGAGCATGTAAGAACCGTGTACGTGCTGGTCCCTACCTTTATCTACTTCTGTCTATGCAGGCCTCGCGGGTTCACCGCCCAACTTAGACCTACCGGCGATATACGGAACTAAATAGGATCTAATACCGACTGCTACAGCCTCTTGTAGGAGAACAAAGAGAAAGTAAATTCTCGGTGACGAAGTACACATAAATGTACACACATACAATGGAAGGTCTTCCAGACCCCTACTCATGTCCTTGTAAGGCAAAGGTCGGTATCAGCAAACACTGTTACCTCCCTGCACGTTCTGTTAGGACGT,1549,47.9,Arabidopsis thaliana
SEQ_350670,TATAGTTTTACCTACGATAGTCTAGTAGTTAGAGTTCGGTTATGTAGGGGTGCACAGCTAAAGACCTTTGAGACGGACTAAAGATGTACCAGTAGCATTTTATACGCTCTATAGTAATTTCTTGTTCTAAGGAGTCACCCTGGAAAGCATTTGCCAACAGGGAATCATTCCTTAAAGCTGAGGGTGTGGACAAGAACGGTTACGAATAAGTGTCCATGAGGTCCGAGTCCACTTAAATGCGATGTGGTGCTACTGTCTCTCCCGTCCACGTTGGGACGTCTACAGGCGCATTCAAACGTGATCATTTCTTCGTAATCAACCCAGCTAGTGCGCGATGACTCTCGCAATCTGACAATAGTCGTACAACCTCTGAATAGGATGAAGAAACTAGCAGTAAAATTCACTCCGTACATGTTAAACGCAACAGCATTTTTAGCAAGAGACATAGAATACAAAGCCAAGGATTTACCTCAGCGGCCAGTACCGGTAGCTAGCACAGCGAGCACCTCATGCTTCACCCCTGCTCGGATGGAAGTTCTAGGATGGCCGTGCTCTCCATGGCAACTCACGCGAGTATCGGGGTTGACATACACGAGGGACAACAGGCACGACACACCTCATAGAGTCACCTGTTGCGTGCTGTCGGGTGCACGGTAGCAACGTACTCTCCCACTTTAACATAGATGACGAGCAGCTTAGCGTCCTGTCCAGCCCTGTTTAATGCCTCCCGGCGGGTGTTCATACGTATGCACCCTGAAGGTGAGGTGGTCCCACCCGACTCGTAGTTACAAATGACAAGCCTTTCCGCCAGCGTGGAACTTAGTCCTCGAGAAAACCTAACTGAAGCTCGCCAATGACTCGGCCAAGGTGCTCAAGTCTCCCACGAGATGCTGAGGGAGCGTTGGCAGTGCTTGAGAGATCTGCCTTCGCTCGTTTCCCTTGACTCAACGGCCCAATGATGCGGTGTTCTGGTGGCGTTATTCCGTGGGCCACCTTAACTGGACTTATGCCTGCCCGAGTACGGGAAAGCCCCCGATCGCTTCGCTGAATAACCAGACAGGTCCTGTAGAGACGACTATGCTGGCGTCCGCGCAAGGGTCCAATACCACTGGGCTGAT,1118,50.89,Saccharomyces cerevisiae
SEQ_220846,GGCTATCGATTTCGGACTTCCAAGCGCCGTGAGAATTCTGCTCCACGACGGCACGGGCAGTTGGGCATTTGTGATACCGATCCTTTCGCTTAAGGCACGCTTTCTTGCTGTGTGTCCCTATTTCAACCACTAGTACAGCCTCCATCTCCGTCCACCAGAGATCGCGGATACGGGCGGTACACTAACGAGATCAGTATACCAATCATGTGGAATGTGTAATCGATCGAGGGTTTGCGGCGCCCACAGGTTCCAACCATGTTTCGAGACGACAACATCTCGAAATCGGAAGCACTTGATCTTCGAATCTCCAGCAGTTATACCAAAATTAAAGAGTCGTTCCCTTTTATATTCTAATGGTTTAAATCTTTGGATTCTCGTACGCGAAAGCTTATAATGTTGATTGTCGGACCACTCGTACAAACCCGGGCGCCTCCTTTCAGGGCTCGATGGCTGTCCGCCTTTCTGTGATTTTAGAACGCTAGCGGCTTACAGACTCCGCCGTAACAACGACGATCGACTCCACGGACTAGATGCCACAAGTAGTGTTGTAGCTACGCAGCAGCTAAGTTGGTACCCTTGGGCTAATACATAAGATCCCCTTTACGTTCTAACTAAGTCGGAACAAATAAGGTCAACCTTTAGTCAGATGTTAGTTACAGTTATATCCGTCCGTCTGAAACTAGTGGAATACAGGTCTTCGGAACGCGCCAGCTTTAAGGGAACGGTCGCGCGCATTGCAACTCCTGGCGATACAAACCCTTTATCCTCAGTACCGCACATCCGCGTTATGGTAATAATCACGCTCCGGACTAATGGACGTCTCCCAACTTGTAGCAGTCCAGACGCGTCCACCGCAATCGGAGTAGCACCCCTGATTGCGTCAGTCCTTAAACTTTGCATCCGCGGTAGTATACGCCAGCTAGTTGCGCAAAGTAGAGAGTAATTTTCATTCGACAATAAGACCCTTATTTCAGTAGGTCACCCAGCGTGAGTGGTATTTGAGATGAATCTTAACAATCGCGGCGCAGTTCGACTTTCCGTGTCGTGTGGTCGGGTATAGTAGATGCAAATCGCACATGTAACGGCGTTGTGGGTGTGCTCGATATGCTACGCACTGGGGTTTACTGAGGAACG,1134,49.03,Mus musculus
SEQ_690659,TCCGGCGGATGTTCGCTTAAAGCAGTAAATGCCCTGATGTCACGGACTATAGTGCCCAGACACCAAACTGTCGTTGGTTGGTTAGATCAGATCCACAATATATGTCGGTTGCGTCGCTTTTATGTATTCAGATTAATACTTCGGTGTGCGGGTGACGTGCGTTCGTTCCCTAT,173,47.4,Drosophila melanogaster
SEQ_505500,CTGTTGGATACAGAAAGTTGCTGCTCGTTGAACTGCACATGCTTATGTTCAGTGGAGCGATCCCCCCCACACGAAGACCCCCAGGTGGGGAAACGACACACTTTAGCGGCACTGTCCAGCGCAGTTAGTGCTAATCTTCATAGTGTTTTTGGGTCGGTTCTCGAGCGGATCAGAGCGTCCCACATCCCTGCGTTGGCACTCTACACGCAAATAATTGCGCCCTGTGACTTTAAATGGTACCCATCGATTCACATAGCAAATGTCGGAGGAAGATTCAAATTTCTCTAGCTTCATAGCCCCGTCATGAACAACGCGTCTGTGACTTCAGGATGCTGTAACAATCGAACCCGAACGGCTGGCCCTAGTGGGCCCCCGATCCGTAGGTACGTGACGGGTTTCGGACTATGCCGTCCTTCAGACAAGTGGGCCCTGAAGCTCCCGGGTGACATACCAAGAGCTTAACCCGGCTTTTCCAATCCGCGTCGCGAATCACCAGCTGTACTTTTCCCCAACCCAAGGTCTCACAGTCTCTGGCGGAGCCACTACGCTTTACCGAGTTAGGTTAACCGCCTCATGCCGTGCGCAGTGTTCTTACCAAACTGATCCGCCGTCCCAGGGGAACCACTGGGACCAGCTACGGGAAAGAACTGCTAGACGCAAAGCGAGGTGAGCGATAGTGGAGGGAGGTCGGGCCACGTGACTGTTGGATTACCGGATATATACTGATCTACGCTAGCACTGTGGGATCAGAGGAGCAACCGCTTGACGTTGCATAAAAGACCACACGGGTGCTTACACT,799,53.82,Escherichia coli
SEQ_619505,GCTTCAAGGGATCCCGGACAGCCGCTGAGCCAAACAAGTACGCGGGGACAGTCCGAGCCTCCCTCTTAAATCCACTCGTTACGTCGCGATGGCTACTTGCTCAAGATCTTCTCAGCTGAACTGCTGATCGGTGACTGTGGTCACCCTTGAAGACGTCGTCCTACACACAGCACTCTGGCTAGTGTCACGCTAATCAGGTTGAACTACTGTAGCTGACAAGGAGGGTAGCCGAAACGATGTATGTATGGGCTGCGCGATCACTCAGGAGGCGACAGCCTCCACGCATATCCATATACCGCTGTGTGACAACTGGCTGCGAACGTGACGGATATTCACAACTGGTAGACGGCCTGGGTACCTGGATGTACACCTGCACTTGCTCAGACTCTGTCTCCTCCGGGGGTAGCGCCCACATCTGTGAATGGACCGCTATCACGTTATGCATTGAGGAATTATAAAATGACAAGCAGGGAGAATGAGTCTGAGAGCAAGACTACCCCCAAGCTGACCTGCTATACCCGTCTTGCAGTGTCTCATGCATTGCAGAAGGAATTTAATCCGCACCCGTCACGCTGGGCGGTACATTATAAAGGTCTTATAGTAACTGTGATTGAAAAAACTATCGTGCAAGAGACATAATCCTCTCTGCGTGTGGTCTAGCTATCTGTTTTGCTTGTGTTACGTGCGCCCAATGCCTCTTACCAAACTTGTTTAGCCGGGGGAGTCGTCCTGCTACCCAGAAGTGTGCCACTTCCGATATCACCTGACCTGGCTCGCGTGGCTCTTAATAGTTAGGATATGTTAAATTCTTTTGACGGTTTCATGATGGCTCAGCACATTGCACGATACGGGGACACCCGTAAACCGAAGACGCAGCAAACGGAGGCCACGCGAACCAAGATTTCCACGAAGCGAAGGCCAAGGCAATCTGGAAGCCTGCGCCAAACTACCTATGCTCCCAGTGGACGAGATGTCCCTATCCGCTACGGCATTCCCGATGAACCTGGCGATGGTGACACGGGTTAGGAAAACGTACGTACAACGGCGATCCGAGGAGGGGCTAGGAGTCACGAATTGGAGCTTCAGATTAACTTTTTGTCACAGATATCAGGCCTCTCTTAACATCGCTGTGCTTGATTTCGCGACATCCGGTGCTTTAATCTTTACATCCCGTGACACACGTTTAGCTAAAGTCGACCCGACAGTATTAGCATCCGATGCGTCAGTTAAAGAATCATTTCACCTCGTGGGCATGAAACGGTAGTCCCAGCCTAGCTTTCTGCCATTCCGGTTACCTAGGAAGGAATACAGTCTTATTTCGTCCGGTTGCCTGTGTGAAGTATATTAGCTGTGACGGCGTTTGCAAGGATGAACCCCACTGTCATCGCAATCGCAGCGTGAGTTGGTGCTTGCTGTGTGATTTATATCCGTTCCAGGTGGTCAAGTGGTGGGGTAGGGGCCCCGTTCGAACGGGTCGAACGCTGGATTATTTAATGGAAAAGGCGGAGGAGAGTCATACCCGCCTGCTATAGCCCAGATCACAAATAGTTGTCTTACTTCAAAAGGAAAGTTGAGCGGACGCAATGCATATAGTATCGTATCTGCGAACTAAACGCTTCACTGAACAGCCGTGGCCAAGTTTGCCACGCGAGTTATAGCGAAGATAGACTCGCACGACAGCTAGGTTTGGTGGGGAGTGCGAAGCGTTTCAAC,1713,50.96,Escherichia coli
SEQ_577247,TCCGTGTCATCGAGCGCACTCCCCTAGGGCACTTCAGACGGTCTGCACAGGACTCTGAGGAGATCAATACTGGTGGGCTTGCTTACCGCAGGACAGATAGATATCCAAATTTCGCGTCTGAGGCACGGTATGAATAATTGTCCCACAAAATGCGAGGCCCGCATGCGTCTCCAGGTGGGCTCGCAGACCAGTCCACTTGTTGGGTTGCATCAACTGCACTCCTCTACATCGACCATATGTCTAGGAACCGAGAGGCTGATGTCATAGCTAGACGATGGGCTAGACCCCATAGTGACTCCCAGATTCACCTTCGTGCTAAGCGCATTGAGCGAGTGATGGATGGAGACCGCATTGCGCCCTGGATCCGCCTATGGTGGAATATCCCACCAGAAACGGAATCTTGATCCCACTTCAATGTTCCCGACACTGGGAAATCCGGCAAGTCGATTAAGGCGTCAGTATTCGCTTTGCTGCTAATCTAGCTTGAAAGGTGCAGACAGAGCGAGCTGGTTATTATTCTCCTTAGCAGGGACGGAAAGACTGCCATCGCGAATTAAATAATAAATATACGTGGACTAGCCACAAATTGGTCCTGCCCTCGGGCCCCGGACCAAGTTCTCTACGTCTGCTCCGTTTTATTGGCTCAGAATGCTGTTACTAAGCAGTTGCGCCATGACTAGTTACCGTACAAAAGTGCACTAGTTACACACAAGCATAGGGTGCGCCCGCTCCTCGCTCTACCCCCTTTATCAAAAGGACGCCACTACACGCAAGGAGAAGTCAGCTAAAACAGGTGGCTTGTTGTGCTAAGATTAGCCCGAAACTGGCTCGAGTAAATAAAGGTGCTTATTTGAGGTTGATCACTACTACAGTACCGGCCTTCACCAGTGTTGTGCTTCCAGCCGCGGACGGTCATAAACGCGGCACACTTGTGTGAATACTGACAAAAAAGGAGGC,957,50.99,Saccharomyces cerevisiae
SEQ_815387,GACGTGAGAGGACGGCTACTTAGACTCAATTTAATCTGCACCCCTGATCTCCATTTCCTGTGGAATAGTTGGGAATTAGATTAACATACCTCGGATACGACGAGTAAGAGAGCTATGTACATTGGATAGAACACATTCGACGTAGTCACGGAATTATGATGCACTGATCCTTGCGTAAGGACTAGAAACTTTAAAATTGCCGCTTCTGTGATGCATGTGCTAGAATCGTCGCGGGCAGCTAGTCTTCAAACTGTGTGACTCCGCTCCCAGTTAGTCCCCTATTACGACCCAGAAGAGACCGAGGAAATAGTTTAATGTGGGCCGACCCGGCATACAATGACCTCCAGCTTTCAGATGAAATCGTTACGAATGAGGCCACCGCGTTTTCTGGCGCCCATGAACTTCCGGGGACAGTTTATATTTGGCCGTTCCGGGGAAACACTATGGTATGATCACTGACCTCTACCCACGTTTGGCACGTTGACCGGGGCGCCTTCACCTCTGAATTAGGGCCACAGGCTTCAAGCCTATAACGTAGCTAGCCCTGGACTCGATGGCTCTTTTTGTAGGGTTTCGTTCGTTGAATCGAACTTGTCATTATAGGGCGATACGCGACTATTTGTTGGTACTACGGATACTATCCGTCATTTGGACAACGGTTAACACACCAGGGCCCCGATAAGTAAAAAACCGTAGCCACCAAACAGAAAGAGGGTAATGTCCCTGTTAGGCGGGTTGCCCATCTAACGGAGTTTCATCGTTAATGCTTTCCGGGTGCCGAGGTAGCCACTGGATACGACACAAAGTTTTGTCGATATTAACGCCAGCGGCGCTTCTTCTTTGACCTGATATGAGTCTAAAGACTACAAGGGGTCAAATGCGAGCCGAGGTAAGGAGTAGCCTGCATATGCGCCTGTTACCAGCGGCATTTCATCGGAGGAAAAATCAGTCGATGAAGAGATGAAGTGGACCGCGTCCATAATCGTTACTTATTCCACAAGAACGTCGCCAGTGAGGCTCACCTAATTGGATCCAGGGTTTGTTGCTCTCCTCAGTCATACCTTACCAGAGTACCAAAAAGGTTTCAAATGAGCTTAACTCGATATCTGGGTGCCTTCGCTCGTACTCTTAGATTATCTGACGGTATGATGCGAGTTGGACTAGGCATTAATAATCTTGGCTGTGATCTCATAAGAACAGCTCCGATTTTGCCCGCCCAGAGGGGTCAAAGTATGGTCCTACTAGGTTACATGCTCGCCACCCTACGCCGCGTCCCGAGGCTGCTGCTGAGCTCTATGCAGGCCCTCTATAAGAGAGAGAAAAGTATCCACCCCAAAATGAGGGCCTCTAGCTCTTCCGGTGAAGCGGGCACGGGGTCCACACGGGCAGGTAGTATCTCTCCACGCTAGGAATCTCTAGCATCTTTGCTGCCCTGCACTCAATATCATATACTTTACCACGGTATACGTGAAGATAGAAAGTTTCTGAGAGTTCTAAAGAGATGGCCTTAGATTCATCCGATGGACTACGTTATCTTGGTCATTGATTACGTCAGCGTGTCCGCCCAATAGTACGCAATGGACGAAGGTGAGAGACGGGGCTATTATTCCCGCACAGCTGGTTGTGATAATTGTAAGCCAGTAAGACCACGCCCTCGTTGAGACTGAGTAAGTACTCGGATCACCTCGGCCACAAAGGGAGGAGTTACGAAAGGAGAGGGTGTCTCTTGACCGTTCCACAAGGGGGGCGAAGAAGCCGTATTAGGGACAACCGTACGTCAAGATTGACTTTTCCTGGACGAGTGTCTGGCCAACACCTCCTCCGACGGTCTACCGGAGAACATGCAGAAATGTTGATCGTTGGCTGTAGTAACCACTATCTATATGAAGATGTCCATTC,1899,49.03,Arabidopsis thaliana
SEQ_209633,TGGCAGATGTGTTGTGTCGTGGTCAATGTTGTAGAATGGGACGTGCTCACCCGCTCTGACGCGGGGCCATAGGCTGGCGCCAATCGGGTTTATAAGGGAACAGTCTGGGAGCTAATGAAATCGGGAGAACGTGATTTACCAGGACTACGAAACCAGAGAGGTCTACGGGCCCGGGAGATCTAAAAAACTTATGGCAAATTGCATGAAAAACGGGCGAGAAAGGCAATTCCACTTATGCTCATTACAACGTGGATGACGCGACATAGCGGTAGGAGGCGAATTGAGTTCTTTTGTGCTTGCCAAGTCCGGTGGAGCGCTCATGGCACATTTTATTCACTTCGCCGGTCTGCAGTGATGCGAAAATTTATATTTATAGTATCACATCTATTCGAGTTGTTTTCATTGTGATGCGAAGCTCAAACGCGATTATAATTACTCTTAACATCTTGCCACTATCCTCCGTCCTCGGGCATGAGAAACCCATCCACTAGTCGGCGACATATTTAATTTTAACGACCGGAGAAAAGGA,529,47.07,Arabidopsis thaliana
SEQ_942816,AAATAGACAGTGGACGGACCACCGATCTGGGTCCCTTCCTCACGAAGTTCTTCGTGATAAGACCTTTTGCACGCGGAGTGTGTTTGGAGTGCTAGTCCGCCCCAAGGTCTAAGATAACTCATCTTGTGACTGAGACGCTGGAAGGCGAGGACTACTTTGCGCTTTTGAACTTTCGGAGCAGTCCGTGGGGTAGGTATGCTCCAAAATTGAATAGCGGGGATCCGCAGTCCCTCCAGACTGTCGAATACACTTACCGCCTCTCAGAGCGGCCAGTGGCCTGGTTATTTTTCCTGTCATAAAGGCTCACATTTCCGTAGTTAATGTACCAACGCACCTTGCAGTAATTAATCTTCTCCCGCAGAGCAGTTAGCACATCTTGATCGCACGAGCTTGTCTCCTCAATCGGTGTATACGGCAGCAGAGTGGGCACGGAGCCGCGTAATCACCAATGATTGGAACGAAGCCGTATCCTTCTGGGCAAAATAGCCCAAGCAAATTACCTGAAAATCACCTTGTCCGACACATCGAACGTTCCGCTTCCGCAACCGGGGGTCGCTGCTGGAATATCGCATACATCTACACCAAGAGCCTATACATAACCCCTGGTGGTGTCGAAGGAAAAATAGTCGAGGTCATCCAAGGAAATGAGTGTCATTACGACCTGAGGCAACCGTATGTGAGCGTGCCTACTATCGGCCGTCGCACCGGCGGTCGGTGAGTCTTAAGCTTGGGGGATCTCCGCCAATACGCAGCCTACCGCCAGACACAGCAAGATATCTCCGGTATATGCAGCTAATCTGAGAAAGGGTGCCGTTTATGGACAACAATCTCTGACCTCGGGACCCGGAAGCTAACTATAGACGACACGGCATTCCGGCCCTGCATGAGAAAAAGCACCGCGCACAAGCCGGAGCACTCACCTATGTGAATATATTCTCGGGGGCTACTACTTGGTATGAGCTGAGGGACTCCGATACTGTCACGACTGACAACTATTAGATTCGAATCCGAATTAAGCACTGGCTTAGCCTGTCGGCGTAGTCTAACTTACTCTAAACCAATGACGTCGTATAGCGCGGAGCACATGCTGATAATTGTTCATTCCACGACGTCATTTCGGGGGTGGATTGTAGCATCATCGAACGGCATATCAGGAACTTGTGATCACTAACCGTACGCAGCAGCTTGGGAAGTGCTGAAACTTGGGCGTGTAAGTAGCAGTTCTAGCACGGTTAGTGAAGCTCAGCAAGTAGTCAGGGTGTTTATTCACCTGCTGGTGCTAGGGATCCATTGAGGCTGTTAAGAGCTTTTGCATTTCGGTCTGGCATGCGTCGCTTAAACCCAAGAAAGTGGTAGCACACCGGATTTGACTACTCATAGGGTGGGTCTTCACACTCTATCGACCCGAGCGGGACAGCTCGCAATGAGATTTCTAAGCCCTTCCTTAGAGAAAATGGCGACGAACATCCTTACAGCAATTTATCATGGTTTGTTGTGATTTCGTAGGGTGACAGGTGTCTCTTGCGAAAAGAGTCTAACGCTCTTACTCTTATTCACCCACTGCGTCAAATTACCTACAGGCGGGGAATGTTAGACAATACCAGCAAGCGTAACGGCACCGATTTGGTGTAGTTGTACCGCGTATGGTATACTTACGAAAATCCACTACTTACCGCAATGAACGTTACACTGCATTATACTTCACGGGTATACCTAGGCCTGGGTCTGCAAATGCGAATATCGGCTTAGGGCTCGAGTGGGACGGCTCTCGACCTGGAGATCGGCTAATTCTACCTCTGATCGTCACTGGGCGACTTGGAACGGTCATGCCGTGGCATGGACCGGCAGATTTCAGTAAGTGGTCTACCTATGTCGCTGGAGTACTGGCCCACGTGCCTGCACGTACCAATCGAGCAG,1917,50.6,Arabidopsis thaliana
SEQ_168977,ACTGACTGTTTCCTTGAATTACCCCTTGCTGTAGACACTCCGCTACTGTAAGTATGGAGGGGCGATCTTGGGGTGTGGTGAGTAATTGGCTGGATACTTGAGCGCAGTTATCCCCATCGTATGTTTAATGTAGATTTGTACTTTTAACGACACTCTAAACGCACAAGCGAGCTCAATCCGCTGTACAAGAACGATCCGTTTTGTGATCTGTAACGATGTACCTCTCTCTCGTTTGACGTGAACTAACTGGACCTAGGGTAAAGACTGGTTAAAGTTATTGTATCCATCTGTGGTTTGTCCGTGGAAGCCATAAAATCACGTCGCTCTTTAAACCTCGGGAACACATGTCCACACTCATAGAATAGCCAGCCAAGCTAGTGCTATGGCCTGTACCATTTTTAGCTTGGTGTCCCAACTTTGCGTAGTAATAATTCAATTTCTCGTGAAGATGAGAGCCGTGAGTACTGTCTGATTCAATTATCTGTACTGCGGAGGCCTGTTTAAATATGCTCTCGAAGGCCTGAGAGATCCAAAACTTTAATCAGCCACGGTTAAAAATATTTGACCTGCTGGCTTCTTTTTTAGCCGACTGAGTTGCGTCCGCATCCCCTACGGGGGGCCGCGTAACATAGGTAGGCAGGCCATTGACATGTCCTAGTCTACTGCTAGATGTCGATCGCACCCAACGCTGACTTCTGAAACAGTCGAAAATATTAACCGAGTTGTTAGTTTTGAACGGTCACGTAGCTTCGGATTATTACCGTGCTTTGCATAATGTCAAGTCTTTAACACGAAACTAGTAAAGATGCTGGCTCCCTTATCCCTTGCCAGCAGCTACCGTGTTATGGGCGCTCAAGTGGACGTGACCGAGAGAGGGAGGGACAGCATTGCTCCCTTTAAATAGGTTGTAATCTGCAGCCCTATCAGGTCCGTAACAGCCCTCGTGCGTTCGTTGGCAAACATGATTTGCATCATCACATGGGCCTAAAGTACCTACCACCAACGACCCCACAATAGCAGGAGACACGATCGCGACTTTGTTTGGGCGCCGCCGGCTCTAAATTTCCAAGTTGCTACCTTCCCCATACCCAGCTCATCGGAACTTCCCTTTAGTCACATCGCCACGGCGAAAGGAGGACCGCCCATGAGTAAGCCTGGCAGAACATTGTGACCGACAGAAATATGGTGCGAAAATTGCTAAGTTTGCGAAGTCCGATGACACCAGGAGGAAATCTAGACTCGTGTCATCCCATGCGGGTGGCACACCGGCGTAGGCATGGACGGCCTCTTTAGATAACGCACACATCCTGTTGCGCTTGATCAGTCCCTGGACACTCAAGTAACGAAGGGTTGAACCCGGGAGTCGCTTCATTTAACAGATAGCTTGGACGGCCCTCGAGCTAATCACGCCGGGGTGGAATCTCGAAGTTATCCCTAGCTTAGCGTCAAGTCTCCTGAAGGCAATAATGCCATGCTTTAA,1480,48.45,Arabidopsis thaliana
SEQ_495502,GGTTTTGGAATTGGCGCTGTCGTGGATCGCAGGGGTCAAACGGTGCGGCGCGAGTGCTGCTATCCTGCATGGATGAACGCGCGGGCTCTCCCCAGGGAAAAGCTCGTAGTGGCATCTGATAAAGACTCCATTTCCCAATCTAATTGCTGTGGTTCAGAACAGCGACGCCCGCTCTGTTGATAAGCCCGTCCGGTTAGCATCGACCATCAAGTGTCGGGCCAACGACAAATCAAGAGCCAATGGGCTGCCAGTGGATATCTGTACACTTGCTGCTGGTGTGATGAGAGTTGACCAAACCATTAGATACGTCTACTTTGGCACCTTCCGGTGAGGTGCAAGCAGCTTTAACATTCCCCAGACTCCCTCCTTCGGGGATCTCTTCGAAGTCAATCCACAGACAAGAGGCGAAATTATTTTTCTCTCTAATCAATAACCCAACGTCTTCGCGAATAATGTTCCACGCGACCAAGGTACTTCGACGGAGGTATAAGCAAAAGCAATTAAGATTACGGGTCCTTGAAATGATTCCGACAGGGCTAAGTTGTTTTTGTCGCCAACAAAGTTTTGCAATCTCAATAGATTTCCCAAGTACTCGATAATAAGAATAGGGATGACTTATTTGATTGTTCGGTATTCACGAACTTTACGTTTGAATAATTTAGTTCACCCGCGTACGGCCCGGACGGAAAATAAATCTGCTAAGAGCTGCGCCGTGCGTGCCCCTTACAGCCTCAATTTGAAAGCGTACAGTAACGATCCCACTATTTTTTTACGCCCTCATAGTGCTTTAGCTGAGCCTTATGATATTGAGTTCACTAGCTTCCCGGAAACGACCGCGTCGTGGTCTAGACGATAGTAAAGCTAAGGATAATCACGCATTGCATGGGAAGGATATCGGCACGTAGTAATCAAGAGTATATAAGCCGTAGTTGCAGTTTGAGTTCGGCGTCGAGGTGGTGCTTCTGGTCAACCCTTAGTCTGTTGTCTCAGTCGTTAGCATCACAGCCTCGACCCTTTAACCCCAGCCTTCGCCTCCCCGGTCTAATTTGGAACTCTTAACTCTCGAGGCCACCGACGACCGCCCGCTAAACTCTCTCCATCACTTATAGGAGATGCTCCGACCACTCACCCAGTACGGTAAGCTGAGCGCCCTAAATATCTGCGGTTAAAGGGCCGACCCCCATGGCAATACAAAACAGACAGAGTCGCCGCCGATCATTAGTTGACAATGCGGAGATGGTTTAACAAATTCCCTCTCTGTAGTTTTGGTCAAGGAGGCTAAGGTCCAAGCACTTCCATAAGGGGCAGGACCTACCTCGGCATAATGATCCTCGAAAGGACGTAAGAGTGTGACCAATTTTCTCTGCCTTTTCATACTGGTAAGCTCTTGCACGAAGGACTCAGCTTCTAGGCCAAACCTTTAAGCGGGTAAGGGGACAGGGACAAACTACCTGAGCCGTGCTACCAGTTTCCCCTTTTATCCACGGAGGAGAATAAGAGTCACGAAGCTCGATCTCTTGCACAACATGTATTTAATTTG,1540,48.64,Arabidopsis thaliana
SEQ_253676,CTTGCCGCCTGCAACCTCAAGAACTTTCTGGGAGCTCTCGTCACCCGGGAATGCTGTTACGGAAAAGCACTGGTCTAAGGGGATTAGGCCTGCAGGAAGAACTAGTAACAGACTTCCTTATACCGACTGCGGTTGGCCACTTGCGGGGCTTGTTGGCCCGCTTTGTGCGCGGGCATGGGTCGACGGCGTTGATGTCGTCATCCCAAACTGGATCGGGGGCAACAACCTTATAGTGCACGGGGCACGCGTACTCAGGGATGTAGGCGACCGTAAGTACGTCGACTTTACGAACGGGTATATAGAATAAAACCGGATTAGCTCAGTCTGGCGCAGGTACTCTATGCATCGTGACCGTCCTCTGGCAGAACCACCTCCCTCGAACAGCTCATTGGAGCGACGTAGATGAGTAACGATGGGGCATCATCCTCTAGGTTGAGAAGCGAGGAGCGTGTCAAAGGCTTGTCGTTCTGGACGAGGAGACAGGGAAACGAATATTGATGTATCATACAGCCCCTCACCGAGTCGAGGCCCGTACCCTAGTATAGTCAGGCATCAGCGTCGGAATGACTTCACGCTCGGGCAGGTCGTATGAAGATTGTTGTCGTCAGGGCTCAGATGGTCCCTTCGACGTATCCATATCAGTTGTATCGTTCATCTAATGACTACGGGATCAAAGTTACCGATCAGGCCTTCCGTTGTACATGAGTATTTGTGGTGCACCAGGTTAGGTCGACGCATATCATAGCCGAAACCTCTGTAACTCGTTGGAAGCGCTGCTAGTGTAGACGTTGTTATAGGGAGCCGTTGCTGTCCGATAAAGTCGAACCGGCGTGTAGAATATGTGCCCGAGCCCACCACCCCCAACCAACTCTAAACAGCGTTTTCTTTTAGTAATAAGGGGTTCGACCGCGCTGGTCGCGACAAGCACTTCCCCTTAAACGGGAACCACGGAGCCTCCTCCCGCTCTTAGGCTAGTGCCCGAAACAAAACCACTCTATTGGGGTGGCCTAGCGCAGAGTTTACTTACTGGCGGGTAGCAATCACGTACCCAAGTAATAACTCGCCGACGCTCTTTCTTGCAAAACATTCTCTTACGGTGGGAACTAGGTACGTCTCGTCTTGCAGTTCATAGCAGGAGTACGTGAGGCCAACGGCGGTGGGAGCACATATAGGTTCCTAAATGTGTTTTCAACAAACAGTGAGAGGAATACGTCTGTCAATCCGTCATGCGCCTTAAAGAAAACTGTATCACTGTTCCCAATGTCGGGCATATCAGGTAGAATATTGTAACATAATCACTGAAGCAGTCTGATTGGGTTCCGGTACATCCGGTACTGCCATCTAGGTACGAGGATAAGAAGCTAGCAACCTCGTTGATGCGGCTTTAAGCCGTATACTCACAGGGACGTACGGATGCCGATCCAGTGGTGCTAAATTTTGATGCTCATTTTAGCCGTGTGTGGCCACTAACGTGGCTTTTGTGGTCCCGGTATGTCCTTGAATGGCAAAGTCCTTTTACTATAATGATTTTAGTTCGTGCTTGCCTCACCGGATATGTCGAATGCGTCCCCGGCGAAACTCGTCCGGTCGGGCGATGGACCCGAGGTGTACGTGGCAGGCTCACCCGAGCCCAACTTCTATGCTGGACCAGCTGATGACCATTTTGAACCATGGGATGTCCAACATAACGCCATGCGTACGGAAGGGTCCAGGTCCCCATAACGTGCTCCGGCCCTTATGGTTACGAATGTGCACTAGCTGGATCCAACCG,1771,51.95,Escherichia coli
SEQ_270339,ACATTGCGGATTCCCACCAACGCACTATAAACACTAGCAAGTCGATAGTTGGCTACCCCTCTCCTTATGCGTGGCAGGAGCCCCTGCGCAGGCACAAGTGATGGCACTGCGCTGGCAATGGTCCATCAACTGCAGACGTGACCACCCGGCTCCGAATCTTAGTCGCTCATCGTCAAACCTGATCAAGCAGTTATTTAAAGCCGACGATGCGGCAATTATATACTTCATTTGGGGTTCGGCAGACGAGGGTCCGTAGTAACTCATCACCTACGCCATTAGGGTAGTTCCGAAGTCGGGGACTACGTGTTGCTCAATGAGTGGTGTAGATCCAAGGTATCGCCGCGATTCTCTAGTTGTTATAGAAAAAAGCGCCTGGACGCTATTCTTCGGTCCCGTAGTACGTCGCCCACAGTGAGTTTGCCGAGGGGTGATGAGGACAGTAAGTCGCTGCCTCGGGCAGAGTAACCGGCAACGGCCATCGGAAACGGCAGCCCAATTCATGAGTACCCCACGATCGTCGCGAAATGAGGTTCACCCCATGCACTACAATCGAGCTCCCGCATCAGGTCGTCCTTCGACTCAGGGAGCCAAGGCGTAAAACATGAGAACAGATCACTTATGACACCCTCCCCAGGATCTTTTTGTGCCTACCTGTCAGATACCAATGAATGTCTCAGTCCCGTCAAGAGAGTCATCCGGTATCAAAACGAAGCTACATCTGTTTTAGGTTTGATAACGAGCCTCATCCTTAAATCTCGTACCGAGCGTACGGAGCCTATCGTGCACCCCAAAATCTTTATAAGCTGGTACGTTCTATAGGGAACCAGCCAACTCAACAGACACGTGACACTCACCTGTTCACGGTCTACCCTACGCCTCGGTCTGACGAGCGGCGCTCTGGACGTTACAATAGATGGGCGCGATTCACTCGTCTGAAGCCGACAGGCCGGAGAGCTCTAAGGGGCTGGCAGTCAGCAATTGTGGATAGGATGCCGTACCACGGAGGTACCCGACGCTGCGCATGTTGGGCTCTACGAGTTCCACGGTAGTGGTATGCGACTGTGACTCTCAGGGGTCGGCCCGAGGATAAGACAGGCGGATCTGACACGGGCACTACGC,1119,53.71,Arabidopsis thaliana
SEQ_480809,ATTAAGAGGGACGAGCAGCGAACTCTGTTCTGGCCCCTACCCTGTGTGACTCCGTAGGGGGCGACGAACGAGCGGGCCGGAGAAGGATTCACACTGTCATTACTGATCCAATATATGGTTCTAGCATCCTTACTCGCCCCGAACGAACGACCCCTCATCGCGCTTTTTGGGCTACCCGCTCGGCACAGAAAAAAAACGGGGTGTGTGCCCTTTCTATGACGATTCTATATAACTGAATATGCCTGATAAGAGAGTAGGGCCAAGAGACGATGTGTCGCCGATCAGCGACGCAACGGCAGGCGTTATATTCTCAAGGTGACACAACCTAATTTTAGGTCACTGTACGATTTACAGGGGCTAGCTGGTTCATGGTAGAGATCTCCTAGGAAACCAAAGGGTCACGCGATTGAGCGTAGCATACAAAAGGCGGTTACACAGGTGAAGAAGCCGATTATGGTCGCAGTCCATTCGGGAGGCGTTCGTTTCATGTCGCTATAGTGACGGCGTATAAGAGGGTGCATGCCACGTACAGTTGGGGGGGTGAACAGGCACCGTTAGCAACCAAGGATTTCCAATTGCAAAACTAAACTGTGTGCTGGCAGTCTTGGAAGCATGCCAAAAAAGGTTTATTTGCTGGATGGGATATTCCCCCTACCGTCAAGCGTCGTAGCCTATACCTTGCAGTGACTAACCAACACCTAAGAGCAATAGTAACCGTTTAGTAACCAGGAGGGGGTTACGTGTTGCGAATTCCGCGGGACCACCTTGATTGTGCCTGAGCCCGCTTGAAACGCTATATTCACTACTTCCTAGCTGTAACGACCATCCTTGTGGAGGGCCGTGCTAGATCCGCAGTAACCGGGAATCGCCGACGCCTGTGCAGCTCGAAAAGCTGCGGCCGGTGCGACAAGATGCAATTGCGGTCTCAAACGCTATACATAGAGATCTATCCAGAACGAATCGGGTAATCCGTGTCCTGACCTGGCCGCCCCAGCTGTTAGAGCCATGCTAGACTCGGTGTCACCTCGTACGATTCAAACGCTTGATTATAATAGCACACGCTTATCCACACAGGAAGGGATGCGCCTGTGCTCTGAAAAATACGGGCCTCGGTGATATTGGAAG,1125,51.47,Escherichia coli
SEQ_241265,TGGGTTTGTAGTAGCGGCCTTTTGCAGTGCGGCATGATACCGATTGACTCGCGATTACATCTCTGGCACATATTCAAGGATGCATGCTCTATCTTTATTTCCCGGGGTTATTGAAGAGAGTGCGAGAGGCGATACCCTATCCGACAAAAAAGTAGACATGCGACGAGAGGGCGAAGGCGCTACCACTAGGTTTGCGGGGCTCCGGCGAATCATCCGGCGCTGATCACTTATTCGCACACGTTTGAGGCCCAGA,253,52.17,Saccharomyces cerevisiae
SEQ_637248,GTTAAGAGAACCTCCATCATAATATGTGCGTGTATTAAGGATGACCGCTATAAGTGGAGAAAGGCCAAGATTATGGTCAATATAACATGTCTACTTAGCGGGCAAGTAATATAGTAAGGAGGGATCGAGACATGGCTAACCATAGGGTCGACTCGTGAGGGCAAGCGAAATCCCTCACTGCCGTTATGCCTTTCGAGCTGCCGTCGAATTCTAGTATCTTCCGGGGGGGAATACAGTGTGCCATACTGCCCTAGGGTTGCTCCAAAACACAGTCTGGCATGTGTCGCAAATTCGATTGGTGCTGGTCAAATCCTCCATTGCCACCAGACAGCACGTGCGCCACTGACATTTGGTGGCTTGGAGGTCGCAGAGGATATGGGTAAGCGTCCCACCCCCACGGCGGTAGCAGTGTGTCTAATCGGCGCCTCGGCGATATTATCTGTCGTCTCCATGAACAGTCGATGCTTAGGGATCAGTAGGTTGCTAGGTGGAACATTGCAGGGCGGGGTCTATAGGGATAAGATTGGAACAACGCGTGACGTACCTATACTGGTAGGATTAGGTGAAATAGTTGTTGGTAGCTGTGTCCCTCGACTGGGTGAGTCAAACCATAGGCTGCACCGTAACGGATGGGTAATCAAAGAGGCCATGCCAAACAGAAGAGCACAATTGTGTTTGGCATCAGCTTAACGAAGCCAGGAATCATGTCGACTCTATGTTAACGTCCAGTTCCCCTCAGTTACTCCCAGACGTGATGGGGTGAGGTGAGTCTAGCCGGCATCATTACAAGCCAAGATGGGCGGAACCCCGGTTGGAGCCGTGGTATGGTCCTAAAATGTAATTGTTCGCTACAGCTACGGGTGTAGTTCAAGACTATAGATAATTACTTCGGACCCTACACCACTGTCTAGGGTATCATTCTCCGCGTCGCAGATACTACCTTGCACCTCCCTCCGCCTCGGGATCTTGTCCCTTGGCACTGACGTGGCAAGCACCCTCACTACTAGGGTCGATTGCCATGTCACGGTAGCGACTGGCTGAGAATAACAGGAAATT,1056,50.76,Caenorhabditis elegans
SEQ_639632,TTAAGAGCCCGATGGATGCCTAATCTGATTGAAAACGGCAATAGACATAACTCATCCACCTGAGGGAGCTCTACCCTAGTCTCGCGCCGACAAGGGGCATTCTAGGGCCCCCGACTTCCGCAGATTGTTTAGTAGTACCCTCCTCCATCAACGTGGTTCCTAGAGCGACGAGCACTAACTAGATTTTGGTCAGGAGCACGGCAGGGCTGCCTGCTGTGTAGCATCTGATCTCATCCTCTTACTATCTTGAAACCCCACACATTGTCGTTCGTGGACTTCTCTCGTCGGCGAAATCATCGTTGCCATTCCATCGTCCAGGCCTTTAGCGGCTTTTTCTTGATGAATAGGTAATGGCGAATGCTCCAATCCGCCCGGGCGCGCGCAGTAGGCCTATGCAGGCAATCGTAATCATGGGGCGACCCACCGCGGTGTCTGGTAGGCGACTTAAAATGGCCCTTCGTGCCAGAGGTCATTACACCGCTCTAGACCGTCGAAGCTGCTGGAAGCTAGATGAATACGAGTACATTTTCGTGCCCGGCAAGTTACGATCGGTAGGCAGTCTGACGGTTTATCAGCTTACACTGTGAGGAAGCAGTGGTCACGACGTGAACGACTCAGATACTGCAAGGCCTCCATTCGCGGCAGAATGATGTTCTTAGGCTGTCGCAGGCTTTACGTAGACCTTCTATTAGAGATCAGCCT,702,52.56,Mus musculus
SEQ_219911,AACTAGCGAGCGCGCCCGAATGCGTCTTATCTAGTTCCTTAGGGCAGACTGTTAGGATTTTTATTCTTGGCAGTAGACGGTACTTAAGAAGTCGCTTGTCCGAGTCCTCCATGAACCTTGGTAGAGCCCACTATCAAAGACTGTTTCCATCGTTCATTGCGGTGTCACTAACCCGATACTGGGCCTCGGTAACAAACATGTTAATACATACATTATAAATATTAGCCCTTTAAATGTGTAAGAACCCTCCTATGGAGTATAGAATTGCACTGCTCTCAGTCTACG,285,44.21,Escherichia coli
SEQ_447672,ATACGGGTATACATCGACTAATATGTTGGCGTGAGGACTGGGCTGTCACGCAGTCCCTACTAATGATAACGCGGACTTTTCCCCGGAGGACCCAGAGGATTGCTAGTTCATTATGTACTTTGAGAACCGTCTCTGTTTTCGCGCCACTGTTAGCCTATTAAATCGTAGCACTAGGACTGGCAACCGAAGGTGTTTACCAAGGTTAACGGTAGCCGCTAGAAAGCACCTAGACTGAATAGAACATATCAGAATTACGGGCTAAGTGCACTTCAGTAGTTCAGACGCGGGTAAAGGTCCGCCGACGTAGACCCTATCCATCAGCCACTCCCTGATGGTAGGACCATTTGAGACATTCGTGGTGGCTTCGCGGCTACTTCTGAGCTCGTATTAAATGTGTAGTGATCGGTGTAGGTGTGGGACGTGATTCCTGGTGGCTAGCATACCGAATCACTACTGGTAACCGAACCGCTGATGTAGTCACCGAGGGGCAATGAGAAGAACTTCCGCTCGTTCCATATCCAGTAGCGTCGGTTGCCTATAGTAACACCCCGCGGTCCATACTGGCACCTGGCACAGGGTAGCGATGGAGTTGCCGCTAAACGTGGTCTTGCACACCCGTTTACACCGGGGAATGCGTTGGTACGTAGGTTACTCTCTTCCAGACGAGGGGCCACCCCCGAAAAAACGATCCTCAATGAAGTTCCATCAAAGCAGAGGGTAGAAGATCAACTGATTTGATGTGGTGTAGATTTCCCTCCGTCGGTTCATTCGACATGAGTACCTCTTGTAGTCTTACCCTTAGTTTGAAGACTAGTTCTGGCACTATTCTGATGAGCCAGCAGAAGTACCTGAACGTAAGGAAGGGCAGGGCGACATTGGTCGGTCCGACATCCGTGTCAACCGCTCTCGGCTCCGTTCAATCGAGGGGTTCTGAGTACCACGGAGTCGCGTCTTGCGGTTTTGCTTTTGCTTCTTCGTCAGCTGAGTCATAATCCTAGGTGTAAAACAAAGTGCCACAGAAGCGCCGTTCGGCCAATGTTTGGACGGCTCCCTTAACGGGTTAGATTTGAAAACCATGTGACGATGCGTCGGTTTGGTGGGGCTGCGACACCGGCAAGTACATGTCCCGTCCGGTAGAATGTGGCTCGATCAAGTCCAAGAGCGATGTTCATACGTTCAATGGTGCACCGTGAAGCATCCACCTGCTGTGTACCTGCAACGGAGTCGAAGCAGGAATTAATTCGGTCAAACGTTCGCCGCGTAAGTTCCCAGCCCGTGTATATTGGATGCAGGGCATTTTATTGTAAAAGCAGCCGCCCCTCATACGGCTAAAACAACATGAATAGGGTTCATATTCTCAACGTCCCTAAGGGCGAAGTCACAGGTCCCGTTAGGAGTTCTACAGAGCAGTTCAAGCTCTAACTACTATTTCTCAGACACTCACGTAAACAGTGTGAGGCCCGCTATATTATTTCAATCATACGGTGTTTATCGGGGCCACAGCTAGA,1508,50.46,Escherichia coli
SEQ_377664,CGTCGTAGAATCAATAAGCCTGTCGAATTAACATGAAATGCCGTCCGTCTTTCTGCCATATATACGGCCCTTATGCGCCTATATAGGCCAAATGTATGGCTTGTTCCTCGTATGAAGGGTCGGGCGTTCACACGTGGCGGCATTTTCAATGTAGGAGAATCCGGACTGCAAGATGGCTAACAGCTTACGATAGCGGAGCAGAGTAACTGTCTGCCGCCCCATAGCGAACTGCCCTGCATCTGACCATCACCGCGCCATCACGGAGGCTTGAGTTCCTGCTTTTACTGCGTATTCCTTGACAAGGAATCTACGTGAGTGTGCGGAGCGTTTGGGCCCCGGTATTACTTGTTTCTCCGGGGT,360,51.67,Homo sapiens
SEQ_109803,CTCTAGACACTTAATATGTTCACTTACTCTAATCAAGCTACATGCCAAATGTTCAACGGTGATCTCCTATAGGGTTTCATTGATTTGTGTTACTTTCGCAATAGGCATTTATTGTAAACAGGCGGCTCTCCTTCTTAGACTGACTAGCGCCGATCCCGACTCGACGCCGTGAGAGCCACCATAAAGATAGAGTACAGTTACGTGTTTATTGCCTCCCGACTGGCAATGACTCGCTCATGTACACAACTGCTCGGAGGCGGCTTCTTACGAGTAGGCCCCTGCTAGATAGCTCGTGTCTATTTGCGGACCTGATCAGTGGAACTGACAGGCAGCGTGTGTCATAGCCAAGTTAAACGGCAAAGAACTATGGTACGTACTAACCTCGGCACGGTCCTTCAGGCAGATGCCGGAAACCTGGCTATCCGACCGATTTGCATTAGACCAATGAGTACCAAGAATATAACCCAAACGAACTGCAATCGACGCCCTTGGATTGCCGAACTCGCCATCTGGGAACGCTCTATGCACCACAAGTGGAATGACGTTCGGTGATTAGGAGTAACTTTTGCATAGTATATATAGGAAGAATTGGGACGACATCCAGTATCGTATCGCCTCTTAAATCACGCGCCGAACCTCATAAACCAACGCTGGGAATGGGGTAATGAGACGGCCTGCGAACCATAGCGAAGGGTCACCAATCCTGCCTTTACCGAAGTATCTTGCTAGTTGTACCGTGTACATGGCCTACCAGTAGTGATCAATTTGTCGGGTAATCCTCTCTCATCTGACGTGTCACAAATACCTCGCGTTCCAGCTCTAAGGTTTAGCGATTGAGGTCTGTACGCCTCTCTCCTCGTATGTTGACTGTCAGCTTCCGGAGAATCTTACGGTCAGTGTCTCGACTATCGCTCTAATTACCACTTTATAGGCCGGATTTCGCAGAAAACTTAAAACCTAGATAACTATAACTGTGTTATACTTTACGCTACACCATTACAAACACGATAGTAGGAAACTCGTAGCATCCATGGAACCTTTGCTACCTTCGGCCTTTGCCCAGCCGTGAGTTTTTCTTCCCATTGAGGCTTTTAACGACAGAGGTTATAA,1110,47.03,Saccharomyces cerevisiae
SEQ_118461,GCGCCAACCACTTGTAGAATCTGTTCCACCGCCGGTAAAACCGCATAAATGCAGGCGCCCGATGATGGAATTGTACCCGTAGGGAAGGGGCTTAAACATCTGAGAGTCTCCCGCGGGCGATACCCGTACCAGTGTCCCTTAAGGGTTATACTTCGGACGGAGGTAACGGCCTAACACTTGCCGGATCCCCCAGTCACTAGATAAACGCTTAGGTGCACTCGATGTCAGGTGAGGCTATTTGGGGGTCCGTGACCAGAATATTCTACCACCATGTTATGTGATTTGGCTATGTCTTCCAGCCTTGAATCCGGGCACGTGGTTATAAGAGATAGGATAGTCCCCATCGAATAATAAGATCAAATATTGTGACCAATTGACAGCCAGATCTTTATCCGTGATTTCTACAGTATAAAAACAAGACCTATGTCTGTCGTTTCTGATGTCGTTCTCATCACGCTCATCAGCAATTCAACCCATGGAGGGCCATGCAAGGATTCATCAACGCCTCAATTAACAAGGTATTGTGTTGAACTAGTAGATCCCGCTGCTACTAGTCGCTATCATGGAAGCTTCAGATTATTGTTCAAACACCCTTAAATCTTACACGTAAGACGTGTACCGTTGCGCATACCCATTTTATAATAACATCCCGCCAGAGCTGCGAAGCGGTGTTTCGGCAATTTGCGCGTATCTCTTCGTGGGGGTAACGTCGCAGTCACGCACCAAATATTCCTCCCGCCCAATAAACCGACTAGCTCATGCGCGGATTTTGCTTAACAACCGAAGGTTTTATTCGGACCGCCTTCAGTGGGCGTGCCCGTCGCCACTGACCCCTAACGTTTAGCGTAGAACAGAATCGATTGCTCTTCCTCATCACTTTTCACCTGCCTCACGGCCGCTTGGTCGATGCGCAGTTTACCTGCAAACCTGTAGGTTTGCGCTATGTGCCACATTAGCGATCGAACCGACCACTCTCCACGCCCAGGACACCTCTAAACGTAAGCCATAGTGACAGGGTACGGCTAAAACCCATGGTCTCGGGGATACTCAATGGCATGCCTCCCGACGAGACTTTGGGACGCGTTTGTCAGATTCGTGGTGGCCCCACTCTGGGGGAAGCAGTGGCACGCCAACTGAGCAAGATATAATTACGCGGATAATAGCTCACCTCGCCTGACTCATCCCAACCTGGTTCCAAACATC,1203,50.12,Homo sapiens
SEQ_306384,ATTCTCCCTTGACCAAATCCAGGTGCTACAGCAGTACCTGACCCGTATTTAGCTGCATAGATTCCTGCTAACAGTGTAGGATCTTGCCGTTACTGCTTACGCCGGAGGATGGCATGGCGCAATAGCCTTGCATCTGCCACCGGCAGCTGATCCACGGACGTACGATTCAAGTTCCTCTAGACCCCCAACTCTGTGAGGAGAGGAGTAACCAGAAGGACAAACCTTGACGTGGAAG,235,52.34,Mus musculus
SEQ_645930,TCACCACAGATCGCAATATGGACAGGGGGCCTCAGTGGGCGGAGCTGACGCATTTTAAAATTGCTAGTGCCAAAGGGGTATGGGACGCCTAGACAGGCTTGTACATCAAACATCCCCATCGGCTGCGTTCCGGATGCAAGTTGAACTCATACCATACGTACCACCACCTGGTGTAACAAATGATCTCATCCATCTGTACAGTAAGATCGTACCCTGTTTTTTACCCCCCGGCGCAACAAAAACTACACATCAGAGCTTTTATCTCTCGCAATATAACAATTCGACTGTTGTTGTCGACGTCATCAGCTGTTTTCCTATGCGTTCGAGATGAGGTAGAGTGATTCTACATGTCGTAAACGGTGAAGCCACAGAGCCTACAAGCGGGGCACTCATTGAAGACGCTATCTTAATTATACCCTGTACCGTCTACACCGGTACCAATCCCGCAACATGGCAATGTTCTTCACCTTGGGACATGTGTATCCTCGCGGTGTCCCTCCAATATAGGTTGGCTTTGGCCGTCTCAGCCACCGCGAGTATGCAAACTTCAGCGGGCGCCCAATTTTTCCATAGAAACCAAAGTCTTAAATGCAGGGCTGCTGACCAATCACGGAATGTCTACGCTCTGGTCTTTATTAGCATACAGCTTCTGTCCTTGAAACATCAAGGAAGGGGGGGTTACACACCGGCAACCTTCCAACGACTTGTTACCAATTAGTCGCAATAGTGAAGCTGACTAAGCTATCCTAGAGTTATGGCAGGCTGCAAGGCTACGCATTTACTGGCGAGCCCTGATCCGATTTGAGCATCACGGTACCACTGAGGCTCAGTGCGTCGGCGCAGACGTATCCTACCGCAAAGTGGAGGGAGAGAAATTAACAGCTGACCCGAGTTTGAATACCCAGCCTATATTTGAAGTATACGACGTTATCTTCGATGTCATAAGACCGCTAATCTACTGAACCCTGAAAATATGCGCGACAGAAAAGCTCTTTCATCGGATACATTCCGTAAGTTAGTGCCTAACAAAGGTTTAATGCAAAGTTTGCGCGAGTGCGTGTGCAGGCAGCTTGCTATGGGCGACTGTTGTAGCTTCGACGCGGAACTAACACACCCCTTTGGGGGGAAAAGGGTAACGGTGAAAATAGGTGTAAAGTAAACAACCTTAAACGGAATTATCTCTAGCGTTTAAAACAGGCTTCATGACCTACTTGGATGCATCACTTTGACGGGTCTACGTAAGCAGAGGGTTTGTGATAACCCTGCATCCTAGCGCGAATCAAAAAACATCACGTACACCTGCTTAGGCGCGTAGTGGGAGTAATCCTGGTAATTTAGTCTTAAAGTGGCCTTCAACACTGCGGCTCCGATCGTCCCTGAATTTGGGCGGAAGCGTCTATAACAGTGCACGCAGTCTGTTACGATACTGTTGCACAGAATTTCAGCCCTCTCTACTCGTTCGGGGACGACTGACCCCTTTTAAGAAGCAGAGTTACATGAGAACCTGATTCTCCGGTCCAGCCCGCACATC,1531,48.4,Caenorhabditis elegans
SEQ_197210,TGGGAGAGCCGTGGTTTTTTCCATCGATCGAGGAGATGACTCTTGTCCGCGTCGCCGAGTATGTTAGGCAGGCTTGCCTCGGTGGAACTCTCTCAAAAACGAAGCCGTAGTAGACAGATTCACATTAACGCCATTACAGCACGTGCAGTACTGTTCAGGCCTTAGACATATCCACCCTATGTATATCCTGTCAAGGCTGGGCTAAGGGCCTGTCCAGTAACTGTACGGGTTCCCATTCGAACCAAACGGCCGTGAGCGAGTCGCATTTGCTAGGCGTGCTCACTTTCTGATACCAATGGCGAGTTTCGCGAGAGACCCGAATAGACCCAGTCTTAACAGGCCCCGGTGTTTTCGCGGTAGGAAATTATTTGGTAGACGTCTCCCAGCTTTTCTTATCACCGGGCCCTTCGACTAGAACTCCGCACGACGCTTTACTCGCATAGATCCCCCGGATAACTGACATCAAATTCTGAGTGGTGCTATTCAGCTTTCGTTGTGAAGTAACATGCGAGTGGGAGATCTTCAGTAATGGGGTACTAAACTGCTCGAAATCAAGAGGGCTCACACGGAGGAATCTGGACGAGCGCGGCTAGGAGGCCGATATGGTAATGGTCTGTCACGTGAGGCTTCTGGGGAGTTCCCGCGCAGAGGTAACACCGTGTATACTCAGCCCTTCGCTAGATAAGGAAAAGTTTTCTTATTGCTGTTTTGCCGTAATCGGCTCTAACTAGCGTTCGTGACCACCCGCTGCCCCAATATCCAAGCGGGTCCGACATTCCTATGTAGTTCATCAATCCAGTTTCTCTAGCGGAAATGCCATGCGCATGAAGGCTCGTGGTCAACCGTTTGAGTGGCCTTCAAGTGATGCGCTGGGTTTAAGACTAGGGAAACGTCACTTCGCGAGGAGTACGCGTGGACCACGGCCCTACTGGTGAAAAGCACAGGCCTGAAAACGCCTGCAAAGCTATTGGCACAAGCATTAACCCGGCATCCTTGCCTTTCGGTCACTAGCTCCGTCGTCTCGCTCCTAGGATTATGCCTATGTGATGGGAAGCCTGCGCATGGAGACGCGACAACAGGGACATCTCTGAACCGGTTATCAAGCAAGACCAAGTGGACCGCTCCGCAACTTATGTAGATCTCTCCGAGCGTCAGTCTCACACACTAGAGTGGGGCCGCCGAAAATGATGCCATAGCAAGCAAGTGAAAGGCACGTGCTGTCCTGGTTGGCCACCGCCAGGACTCCTTGAGTGTAAGGCAAACTCATCTTGAGGGTTGAGGGATCCACAGGGAACCGTGTATTAGAAAGTCGCTCGCCGTGAGGTCCGTAGTTAGAAATCCCGGCAGAGACCTCGTGTCTATAATTGTTTATAGGCTGAGGATAGCAGGTCTAGACTCTCCCAAGCTCCTGATAGCACAAGGCGCACAACCGTCTCGCATTCATAGGGACTGGCGGTATACCGTCTCCGATGACGGTTAAGCTGCATCCGTGAGTTTCTATACGTCAAGTGGATACCTCGAGGTGGCGAACAGAATTCTTGTAGTCTATCTGAGGCGTCAGTGGGTACTGTATCGAGATTT,1581,52.06,Drosophila melanogaster
SEQ_370932,GTATAAGAAGATGGGCGATATTAGGCAGTCCAATACACGGACGATCTGGCCTTTCGGCGGGTCGGAGCCCACCCGCCCGGGCTATCCCAATGATCGAGCGGCACACAGCTTGTCGCGGGCAAAATGCTAATCACCAGGACGTAGAACAGTGCCCCTTACTGATCGAGCTTTCAACAGAGACAATATGCGGGACACTAAAAATAGAGCTATCGGGACTAACAGTAACTGCTCTATGTTGCCTCAGGCTCCATGCACATTTCGATGTATGTACAATCCCTACGGGACAGAATTACCTTGAAGACAGTTATGCCGATGGGTCTATATGTTAGGCGGGCTTACCCCAATTACGTGTTATCCAATTCCTCAACAGAAAGACATTACGGGTTCATATGATCAAAATAAAAGTCAGGATCCCCATGAGAAAACGATCATCGGAGTTTAACAGGCATTCTCTCTTTTCTGCCAGCGAAGATACGTGTACTAGGAAACCGTTGGGCCCGGTCTCCCTTTGACTAAGCGAGACCTATGCATGAAGT,536,48.32,Drosophila melanogaster
SEQ_844794,ACGACGACCAAATACGGTAAAACCTATCTCACATGGCACGGATCTAAAATGCAAACACCGTATCGTGGGATCTCCGCGCCTATGTCGCCAAGGTAGAAAAAGATCGCTAGGGAGGAATTGCATATTTCTTGATAACAGAGTGCGCCTCTTTTCTCCATGATCTAATGGTGAATATTGAATATCATCCAGGCCTCGCTAGACAGGTTCTAGGACCAAGGCACTTCGACGTAGTCCGGACTCGGCTTTTGTTCACGGCGACGCTTAAGCCACGGATACAGGAGGTGGGCCTTTCCACTCCTTCTCTCGGTCGAGACCACGGAGGAGCTGCACGCTGTTCGCTTTTGGATGTGGCCCGGCGTCGCTTGCGCTAGTCGAAACCTGCATCGTCCCACAACGAACTCACTTGCTCACTCGCATGCTTAGTCTGGTACATCAGGATCGGGTGTTGTACCACACAATAGATCTCTAGGCTTCATGAGATGTCCGCAGGAGCATAAGCTTGTACCATTCCGGATTAAGCGAACCGGGCCCGAATTGCGGTATTCTTGTGCGGGGGCGTTGTTTACCAGGAGGAAAGTAATTTTGGATAGTCAATCTAAATACGTTAGCCCTACCAAGACAGTCCCTCGACACTTCGAATGCACCCTTTGCAGAGCATCCGAAATTTCCCACTAGGAACACGTTTTGTGTGGCGGCCTCCAGGTGCAGGTTCAGGTTCTCCGATATGCGCAAGCAGTTTTCTACGAACCCGTGGAACCTAATAGCGATGTACCCAGTCCCCAGAGCCTTCTGATCTCAGCCGTACAGTTGTAGGCTAATATGGACTGCGTCTCGGCAGCAACAGTCTGTCGGTGCAGGTTTTCACCAGCATTATATGAGGGCGGTACCGAGCAAGAGATTGTTAAGTTAAAAACTGGAGGAAATACGCGAGGGTGAAGCCCGACACAGACAAAGTTGTTCTTTTTTTACGGGGGGCACTACTAG,984,50.71,Saccharomyces cerevisiae
SEQ_761226,AAATATCACAGTACCAGGATTGGTAATCCTAGTTAATTCGAAGACAGAGGGTTAGACATAGCGTATATACTCAAGAACCCAGCTACATAGCTCACTTCGTTGTTTTTCTAGTTCCACCACTCGCGTTTGAAGTCGCACGTCCGTCTCGTTCCGATTATGCCACTCACGCACAAGAACGCAATTGCGATGCGCTCTTTGAATTCTTTCTCAAATCCCAGCCTATGCTGTTACTGAACGGACGAGTGGTGGTCTGTGGAAGCTTGCTTTCTGATTCCAGATTGACGAACAGTCTCGCCATAGCGATGCGGCCGCTTTC,316,47.15,Drosophila melanogaster
SEQ_843960,AAACATGCTACTTATTGCATAGCACAGCGAGCGCACCGGAATGAGTCATGAGTATGTATGAGAGGGTTTAATTTCTATCCTCCTCCATGGCGAAATATGCCCGACACTGGACCGATCTCCATGTAGTTCAGACACGTCACGAGGCGGACATTTTACGCCGCACGACCACCGTTTGGTGCTCACAGGGGCGCACCGACCGTAGGACGTAAGTTCCGTCTATGGGATACACACCGGGGTGCTCTTCCCTATTTTTTAATCGGTCACAGAAGCCGGACCAGGGTGATGGTGAAAGGTGATACCGTTCTTATCGGTCGGACAGTAAGACTATAAATATAGAACCGTTAGTAGTAGCGATTTACATGAAGTGGCGTAGATGGTCTCAATGCTAGGGACCCATTGCGGCCCTGGATATTGTAATGGGCGTCACATTCGTGAGGTATTATGGGATGATATATCAAAGGCCTCGAGCTTGAACACGCCTTGGCTCCGGGTAGTATGACGGGCCCGGTCGGTCTTTTACCCACGAAGTCGCGATATTCTCAAATGTGGCCAGGGAATGAGAATGCGCTCTGTCCAGTGGTATTTGCTAGATAGCAAACAACGGGGCGAGATCCACGGACGCCCGTCTCGAATCTTCGGACACAACTCAACCTTCGAAAGTTAATGACGATTTTGGATGTCGGATGACTGGCACCCATATGCGGGGGTCCACGGAGGTCCTGACCAACGCCTCTGAAGCTGTTGACGTGACTCTTTAGCAGCGTTCTTGCCCTGACGTAGGCCTTCTTAGGCACAATACACCTGCACCGTTTCGAACATCGTCTCTCTCAGCATCATCTGGCCGGTCTGCATCCGCGTGTGTGAGACGCTTCGGACTATTTCTCAGAAAATTCCTTTGCCAGCCATCTTGTGGAGACTGCTAGGGTGCAGCTCTAGTGATAGTCTAAGCCCAGCACGGAACATTATGACGCCATCAACAAGATTCACCCAGTGAGGGGGAACTCTAGTCAGAGTGGCAACGCTAGCACCTATGGGTCCCACCCCCCTCGCCCTGTTGTGTGCAATGGCTATGCCAGGGCCGAAGCGGAGCGTCCGAGGGGTTTCGATGGATCCCTTTTAACGCTAGAATTACTCCCCGGGTACTGCAAGATTGATTAATTCTTGCTTTCACGGGTCCGATGGAGCGAATGACTCGAGCACTCACCACTGGCAGACTCACCTCAGTGATTCAGCTTTCCGCCGTATACGTGGAAGAGAGCGGAACTAATTAGTATACAGTATCAGGATTCCCGGAGGGGCGAATGTCATAGTCCACTGTGGGACGCCTCTCTGAGTCATAACCTCTTATGTTATCTGCGGGTATCGAGTTGAAAGTTCTTCAGATCAAGTTAGCAAAATATCGTTCGCTGTCT,1412,51.35,Escherichia coli
SEQ_378687,AGAAACCACCCAGCGTTTCAATATTGAGGATGACGGCCGGGACAAAGTGAACGGAGCTCCCCTAGTTCCATCCACCAAGGCGGAAAGCCAATCACGACACGCGCACCAACGCAGGTGAGGGGATCCAAATATACTGAGTCTTGACATATAACGCCCCCACTTCGTCCCGAATGGAGCATGATGCCGCTAAAAAATAAATATATTTTTGCAATTACATCGCAATACACAGGTGCCGCATCAATGTCTGTGGTTTTAGGGTCCCCGGAATCGCATCAGTAACAGGGGCTTCTCCTCGATTAGCAAGGCACGTCGTCTCGATCCGGTGTCTCAGGACAAACTAACAAGAGGACCGGCTTTCCTGATTGATATAGCCAACCTAACCGTAACGCCTTAGTATAAATATAGAGACTAAAATCGATTCCCGCTCTCATCAAAATTTCTCTCAGCGGTGGATGATGGACGGTAGAGGCCAGGTCTGCTTAGCAACGGCCATGACATTTGCCGAAGCCATAAGTCGCCTTTTTTGGACTCTTAGATCCTTCCCTAATCATTATAGTTGGGACCGCCGGCATGTCAGATTTTTCCTGGAGTTTCTCGCATGGAGAGCCCGGCTCGTTGATGTGAGGAGAATGGGATACAATGGATTGACCATACGTGTCTGACTAAGGGATACTATTTGCACACACGTGGAGGCGTTAGCCAATTATAAGGGAAAAAGTGCGTTGAAGTCTTCCCTCACGATGCCGACAGTGTGTTAGTTCCTCGGGGCACTAATACCGAAAGGCCGCAACTGAGGTGCGAATGCACTTACGGGAGTGCTAAAGTATCGTATACGTTCCGAAGGGGCTCGAAGTGTAATTCTGAATTGGCTAGACTACCGGAGGGTAGCGGCTCAAATTATG,902,48.89,Arabidopsis thaliana
SEQ_460673,ACGAGTTTTGAAGAGCGAGCCGGTGGAATGGCGGCACCCTCGCTGGCGAGCGTGGAACGCGCCCGCAACGTCTCAGAAGGAGGGTTTGGCCCCCAGGGTGTTCGACCCGTCCACGTAGCGTCTCGTCTACTATGGGGGCTTATAAGCCATGAGGTGACAGTACCCTTAAAGTTGTCCGTTTTCGGCCGATCCGGTGGAGCTCGATCAACGACCGAGGATGGCAACCTCATGAGCGTAAACATCTGCTTGCCGGCGAAAGGGGTTTATCAGTACTAGTGAAGGGGACGATATCGGCGTTGTCTGTCTGTTTAACTAGTTCGGCAGGAAGATTCGCTCAATCTAGACGACAGTTGGTGTCTGAATGTATGCAAGGTAATCGACCCCAAAGGCGACGTTTCCTACACTAGCAATCTCGCGGACATAGCGAGCCGCCCTACCACCCTTATAATCACGATGCTTACGAGAAAGCCCCGTTACAGCCATAATTGAAATGATGCCGTGTGGCGCCCCCTCCAAGCAGCATTAGAAATGAGGTCTCGAGCGAGCCAACTCGATGTAAATGTCCAATCAATACGTTGGCTATCCTCAGAACAGATATCGGCAACCGTATATCTTTCCTAGCCTAGGCTAGCATCTGCAAACTGAGTCCCCAATGGTTAGAGCGAGTTCAAGACTACGAGTGGAGAAGGTTCGGGACAACCCATCTAGTAGCAAGCTAATAATATTAGGGATGCAAACCTCAATACTATCCACTTCTATTAGAGCGTTTGCGGATGTAACGTTTGTGCTCATATGCGACGGAGCGGCCGCGCGTATCGCTCAGGAGCTCCTACCGCGTCGGCGATGGGGCAGCCCAGGTGCTGCCAACAGGTTACTCTTACTGAACTCGATGTCCTGGACACATCCCATATGACTTCTGCTCCGCTGCAGCCCGACGACGGCGCATGCGGCCTCGATATTGGTATCGAAATGGTCTGATGCTCGCGTAGCGGGGCGCTCTATGGTACTCCATCACATAGTTGCCGTGGCGTCCAAAGAGAGTAATGACGTTCTCATCGCTAATACTACCGTTGCGGAACTCTATTCAGATGAGTGGAGCGGGCCTCCATACGTTAGAGCTGACACGCGAGCTGGAGTATAAGAGAGTATGGGTCTGTACGTCAGGCCCAAGATCTTTCTATCCGCTCACTAAGGTAGGCCAGCCCACCGATTGCGTTAGGACTTGGTATGACTGTGGACTGAAGTCGCTCAGCTGGTACTGGGATCCCGGGCATCGAATAGACGTAGGCTGAGATCGCGCTTACATAACCCTGCCACCACATCTTCGACCCAATCAACAACGCTTCTGGGTTGGGCTGTCTCGTTCGGACCTTTAGCGACCTTACAATTAACCCTTTGGATGCTTGGGTTATGAACGGGCATAGTTAGACGGACGTCCCTTTTACCCAGTCCAAGCAGTGCGCGCGCGGATGCGAACGTGCCCCCCGTAGAAAAAGTGCGTTGATGGAGTAACCCAGCAGTACACCAGTCGAAGAGTCGGAATAGTAACAGTTTCCTCTGTTTTTAGCGGTGTAACGTTGTTGGCGACTAAGAACACCGACATGAGGTTATAGGTTGAACCTACTTCCCATAAGAGGATACGGGAAGG,1648,52.67,Homo sapiens
SEQ_981396,CTTCAGCAATTATTGGACTATGATTCGAGGTGTGCACAGGGTTGGTTAAGGACTGGAGCGACGCACACCAACGCCTTTGTTGATAGAGGGCGGGGGAGTCACTCCGAGAGCGCGCCGCCCATTTCACAACTAGAACCGGCCTGACTAACGTGGGGTATATTATAACCCTAAGGTCGGGTACGCCAATTAAGTGTGGTACTGGCCTAGCCCGTCCGCCCTAGATGCAGCTTTCCTGATTGACACACGCACATAAGGAACTTTCCCTCCTAGGAGCGGTCCGTTGCTGCCTGCTTTTAATTCTCCGATTTTCCCCGTGTGAGCGATATATCTCGAGCAGTGGGCTATCTATCCCGTGCCTAATCTAACTGCAAGCTCAGATCTTTCAATAGGGGGGGTCCGGTGCCCATACAAATAGTGATAA,421,52.02,Homo sapiens
SEQ_126730,GATTTCACGTTCTCCACACGCTTCGGTTGAAGTCAAAGGTCCGAGGGAACCGGCCACGTGGTCATATTAGTTATAGAAAGAAAGATGCAACTGACTTGGGGAAAGTCCTCCACCCCCCCCGCTCGACTGCTGACCCGTATCCGGATGAACGACTGCGGAAGCTCGTAAGTGCTGTTGCACGAGAGTGAACCAACCGAGGTTCCCAGTGATAATCAAACGTGTGTTCTGGATCCGGATGTAAGCCATCCGTTAGAATCATTGCCTCCAGAGACGTGGACAACGAATGTTTAGGCCGAACGGAGGACAGCGAGGAATCGCCAATTATTGCCACGACGGGCTACCTAACGCACGAACCTGCAAGGCTTCGCAGGAACTGCGCTCCACAGAACTACAACGTGCATCGCACTGGTCCTCAGCGTACGGAAACCTCGGTGCACCCGGGTCCACAGTATGTGAAATCAATAAAGAGGTTTGACCGACGGGACTAGAGTTTGACGCGTGACGCCGAGGGGTCTATTGATGCTCCGGGGATCAGATGGATACAAGACTAATACCACCAGAACTTATAATCCCAAGCCATTAATGGGGTACCCTCTGGAGAGCCCAGGACGAAATAAGTTAACGTGAGAGAATGCAGCTGCAGCTATTCATATGAAACAAGCCAAACCTATTGTCAACTCTCCGCTCCCTGGCATTCAACTCAACGGTGGCCTAACCCGCCTGAGGCTAAATGTGCTGCATCCAGGTTACAACAGTCTGTCACAGTGTACCCCACTGTTAAAGCAGGCTGAAATACTTGCTGTTGCGGACTTACCTATGTATACATCGGGCCACATTGTGGCGCCTGTACAATAAATTCCGCATGCAGGCAGAGCCATGGCGGAACTACCGGGTGACCGTGTGTCACCGTAAGGTACAACGGTCTCACACCTCTTGGAACCGAGCCATTGGCTGCTATGCACAATCTGCGGGCAACGAAATGCTCCCCTGCCTGTCGAAGTAACCTAAATTATACAACAGATCGTATACACGCGAAAAGTTGCTGCATATCTCGGTCCCACTCAACATATCCTCCGATTTGATGACCCTCCTGGGCATCTGCAGTCCGGAAAGCTGGTAAAGATTCTAGCCTAGTATTCTCCTATAACTGGGATTGGATATCCAAACCACTTCGTGCGGTCGAGGGCAGCAGGGATGTGAACTTTTAACAGTGATATGACTTGCTGAGCGCTTGACCATGCCGACATTCACATTGGAATGCGCATCGTGGCATTCTCAAGGGAAATGGATTCCAGCTATGGGTCTTGCAA,1310,51.07,Homo sapiens
SEQ_497307,TATTGGACGCATCAGATGGAGCATACTTGGTATAAGATGGATATACTTCGCGACCTCCGAGGCCCGCCCATACGCCCAGCACCGTACGCCGTGGGAAAGGAACTACCTATGTGAAGATCTACGTTTTCTCCGCGCCTACCTGGTCCAGGTACGCAACATCACGGTTCAGCCGCGATCCCACGACAGGCGAACTGTCCAGGGGATGGTAAGGTGAAGTGCTTTTCACACGTCGACTGTGCGAGTCCACCAGATGTAACGGAGGTACTGCATTCCATTCCTGGGTATGCCTCACGTCAGGCACTCTGACTGTCGTTTGTCGCGTTAAACTGAAGGACGCTTGTAGAGTCAACGAAATCCTCATCAATACATAAGGGGTGGTTTACCCATTGATAGAGGAGTAAAAGGTACACCATGGGGGTCGATATATTTGTTTGCAATCGGGTAACTAGCGCGGCGCTTATCCGGCAGTCCTACCAGTCATGGCCATAGGGAGCGCGAGACAATCGGCAGGATGCCCACAGTTGATGATGACTCACACACTTACTGGGTAGAAATGAAAAACGCAAGACTAATGCAGCGAAGGATAACGTTAGGATCGCTTCTACAGCTTCGTAGTGCCGCATTATGCCCCATACTCAGCTCCTCGGATGCCTTGGCTCACACAAGGACGCGTTCGGCTGTTTAGATGTATTAAGTCATCGTCTCGGGCTTAGTTAGTTTATCAAAATAGAGTAGTGTGTGGGAGGCTTGGAAGTGACCCTTATCGTACCGGTGCGGCACTTCAGACGGTCCACCTTTCTCGTGTTCAAGGATCCAGTCACCTTGATTCGATATGATTGCGCTGGCACTACCGGGAACGGCTACTTAGTGCCTTCTGACTCCTAGCCGTAGTGTTCCGCTAGCATTGTTTCGTCGCGGACTGGCATGTGCTTATTACTTAGAAAGCCGGGAGCCGTCGAGCATTGTAACGTATCGAACCGCGCAGCCAGAGGTCGTCATGCTCAGTTAGGGCTGGGAGACTCAATCTAAAATAGTATGTAAATACTCCCCTGGTTTAGAACGTGATCTGATGAGGGCCTCCACGAACCAGGTGGCAGCGGGTGCTGGAACTAACACGCAGATTGTAAAGCTTAGCCCGTTTGTTGCCCGCGATGATTCACGTTCACTCATGGTGCAGGTGTACTCGTTATATATGGAGTATGGCTTTTGAGCTGGGAGAG,1220,51.23,Escherichia coli
SEQ_995415,GACCAACTCCTGCGATGTGTCCTGTGGCTACCGTATCGTAGCAGATTCCTCGTCAGTGGGTCTGTTCTATTCTACCAACTTGAGGGCCGACGCTTTATTTTATCGGGCATCGATTGTAACTGATTTGAAGGCCTACAAGAGATTCTAGATCGATCTCTAGGAAAGACATAAAAGATTAGCGTGTATCATCATTTCTGCACTTGGTATTCACCCCATACTTCACTAAAGATTCCCGCCGTGACGCGTTCTTAATAGGATTTGGAAACTGCCCATCGTGCTATCTAATATGACGTTCGTTTCTTAAGTACTCTCGTTGGGTCCAGGTAGTAGTCCTGGCTCCCCCCTGCCCCGGAAGGAAAACCTTAGTTTTGTGCAAGTGGCTGTGGATGCAAGGGACCTGGAAGGCAGTAAAAGTGCACGTGGCGGTAGATAGAATGGCCCTGCCAATTGATGCGTGCCTCGCATGCGACGCTCACCGACACAGGGTCGTGGTCTATTCCAAAAATACGTTCTTCTCTACGCCGAGACATAGGCGGAATTTCCATGGAACACATTACGGTCAACTTCTTGTCCGACGCAGCGTTACAGAGTCGAGATTTGCTTTTGATGACGTTGACTATATTAGACCGGCCGTCGAGTATGTTACATTAAGAGAGGCTACTTCCTTACTGTGCTTCCTTACGACTTGCGGCAGCATCACGTCAGGTGGTAATGAGAATCGTCAGTACTTAACATTATCCGCTCAGCCAACCTGCTGTCCCATACGTAAGTCGGGTCAAAATCCCTCCAAAGTAGTGCACCAAGGCTGATATTTTGCCGCTGGACGGTGTTCCACTCTATGGAGACACATCTGAATTGGCTGGCCTTCCGTCAATATGACGGACTATGCGATGCCAGTCCACTAGTTCGCCTGAATTAGCGCCTTCCTGTACATGCGA,938,48.72,Saccharomyces cerevisiae
SEQ_146100,CAGGCCGGAGGAGAGGAGTCGGGCTCCCCCCTATTTGCAGTCGATTTTTATGATATAAGATTCCGCGGTACCGCGTAAGACTTCGATTTGTGACTGATTTCTAGAGATCGACTCTCAGGCAAGATGCAGAGGAACGTTGCTCCACTAGGTTGAGTATAGTGGTGGTGGTAGCACTAGTACCCCTTGCATGCGTCACCACCCCGATTATTGATGTGATTCGTATAGTAGACACCGTTTGGATTGGGGCCACTCGAGCGCATTTCGAGGGACTTTGGTTGGACTGTACGCGCTAGGGGAATGAACGACTGCGTTGATGCGTAGCCGTAGTCTGTGGAATCTGCACGCACCTTCCTGCGCGTAAAGTCCTCACGTACCACGTACGAACTGTCGCTTCCGAGTACGGCAGGCCATTCATGGGGTCGAAATTGCTCAGTGTAAAAAGGCTATGAAACACGCTTTGCATCACGTAGCAAAAGACCTGCTTTTAGAAGTTCGGAGTATCGCCAAGAGATTTATGGTTTATTGAACTTTTCAAATGGACTAGTCCGTACGCGTCTCAAACCAAAGACTGATAGGGCGTTAGCTCCGCCTATCACTCCCATATGAGCTAGGTCAGGGGTCGAGACCGAAAGGAGAACGTGGATCTTGCAGCACGTTTCGCGAATAATCCACTCTCCCCGTCTGAGTTAGATCTCTTCAGTGCAACGTAATAAAAGCACCCATAAAATATACGCTAGAATGTGTACCAATGCTGGGGAGGTATTAACTGGTTGCGAGTCACGACCTAACTCTTACGGGCGCGGCATCAAATGTATTGTGCCTTGAATTGGTCACATCACTCGAGAGAGTTTTTGTGTCTTCCTAAGTATCACCAGCGTAATTCGCTAAGATGGGCTGGTATGTCAAGCGTGTTAGCTTTATGTGGAGAGCTTGTAAATCTCAGCCTTGGAGAAGGGGGAAGCCGCACTACTTGCCTGTGCTAACTGGTCGAAAAAAACCGTCTCCGTGCCTAGATTGCCGATGTTGATCATAATCGCTCCGTTAACAGCAGCGCGGTGATGCTCTCCGCCGTACAATGGTTGGGACCTGCAAGTGTCATACAAATGTCAGTTAAGAATCGTAAAATTTTGGTCGCTCCGATGAGTCACGAGGCTATCGTTTACACCCAATGAGTCTTTTTATATACACTCCTCTGAGAATGACCGCATGATACGGCACGCAGCTCTTCTTTGTATGTCCGCATACATCGTCTCATGCTGAGAGCTCGTCGTTTTAATATGTACGAAGCGCGATTACTAATTGTCTTCGCAGATGTTTCCGCTAGGTTCGAGGTATGTGTACTTAACTACGCAACAATTATGGTAAGGTCCAGGGGTGTTGTAATGATTGATTGCAATGGGGGCCGAACGGGGGAGCAAGATCACTGCTAACACTCAACCTTTACAACAGCGGCAGATGCATGGCATCTTGTGGCCCTCGGCCGCAGCCCAAGGAAATCGAGAATAGCGATCGCAAAGGAGAATACGATACATTGATCACTGTAGGCCCAACCCATCATGTAACATGTGCACGGACTTGCTCAGTAGCCCAGCAAATCCTAGAGCGTCAACAGCGTGCCTGAAATGGCAGTCCGTCCCGTATGCTCAGCCTGAGGTTAAAGGGAAATCCTATGAGTGTACTGCAAACTATGATTGGTAACTAATTCCGCGCAGCAAGTGAGCTATCCACATGAGGATGGTTCCAAGTG,1747,48.71,Mus musculus
SEQ_541702,GCATTAAGGCCGCATCAGTACACCGCTACCCTCCTCTTGTAGGCGATCCTTGAGCCATTGTCGTGTACCAAATTGCAGAATCTCTCTCGCAAAGTGAGGCTGATTCTAATTAACATCGAGCCGCACGATACGACGTTCTTACGGTGCTTGGTTGAAGGACTGTTCTGATACCGAGCGAGAGCCGGTGAATAACTTACCGCAATGTCGTATTCGTGTGAAGCTCCCGTCGGGCCAGACACACCATACTCTAGTGGAATCACATCCGGCCTCTGCCTGTGTTCAACATTGTGCCGAGCGAGTACTCTAGCGCGAGAATCCCGGAGGATTAGTGGTCCGACATCAAGAGATTGC,351,51.85,Arabidopsis thaliana
SEQ_618267,GAGCCAAGTTCAGTTAACTGGGGCATGAAACGAAACTATCAGGAACGGAACGCCTGTACAGATGCATGCCACGTCGATGCGGACCGTTACATGTTCACAGCCGCCTCATATGCAGTGAGCGCACCATCTTCCTTTAATAACGTATATCTTGTTGGTGGATCCAGCGGTCATAATCAGAGTGAATCGGCGATTGTAAAATAGTGCCGGATCCAATAGCATCTCCACAGTGCTGCGAGACCTACCTACAAGTGCGTCTCATATTCCTGATATGGGTTAAAGTCAATTTCATCCTGGGGGTCACGAATGTCTTTCTGAGAAAACGTGTAATACAATTGTTTGCGGCACACTGTGGCGGAGGAACCTTTTTAGATAGCTGATGTGAGCAAGTCCCGCTTTTCATTCATTGAGCGTCGCTGTTCCCATCTGTACTTCCATACTCAACAGTGGGTCCCACAATAACCTCACGAGAACGGTTTTCGGGTAACGACAGCATGATATACGGAATCGGGTCCACTTGTGGAATTCTCAAGAACATCGGTCAGATGGCCGTATCATTAAAAAAAACATCCGAACCCACCTCTGTCTTTTGCATGGGGGCTGAGTGTATAGACTAAATGAATCCGTCACAGAGCAGCCATCATAGGCTGCTACGTGCGTGGACCAACGTCGCCCAAGGACCGATAGACCAAATCTTACCGGATTAACGGATTAATCATAGATATGAGTCAGTACATAACGAAGGTTCCGACTTAGCTGGGCATCTATCCTTTCAAACTGAGTACTCTAGGCAAGCGCCTCAAATGCGCATAAGTCAAAAGCAGAGGAGCCATTGCAGGCTCAATCCTCAAGCGATCTGCGTGTCGGGAATGCTGCACTTGCCTTAAAAGTTATTCCCGACGCTCCGTGATCTTGTGACTCTGGCAAATCCAGATGGGTAACGAGCAAGTAGGGCCTCGATGAAGTAGGCGACCAACGTTCGAGTCCAACGACCCGTGCCTGATTTACAGAGCCACCGCTGTCCTATCCGCTATGACGTTTTGCTATCGAATTCGCGAATACGAATAGAATCGGTAATGCGCAATGGGTGGGGGAGCCTGCAAAACACGGGACAACGCATTGCGAAGGGCCCGGCACCGTCTCAGGTTTTGAGGTCTGCGATCACTACGTCGAACCCACTTACCACAAGCACAAGTCAGAATGCGTGCTGGCCTATAAGTTACCGGA,1224,49.1,Homo sapiens
SEQ_592151,AGCAAGCCTACATGTTATGATCCGCAACACTTTTCCTGTTGGACATGTTTTCCCATTTGCACATCTATAGTTGTGTTGGAGAGCAGATGCGCGACCAAGACAGCCGTAGCCATAAAGGGCCGACTCATCCTTTCCAGGTCCGTGGTAGGCACAAATTGCGAAATTCTATCTTCGAGGAGCACCTAATCCATATCCTGCGTGAATTTTCTGAAATTGTAATATATCGGCATAGAACAAAACTATCTAAACCGATCTGCTGGCCTTCTTCTAACGATTTACCCCACATTGTTAGGACATACACCTCTGCTCGTATGAGCTCCAACAAATTATATTATTCACAGCTAAAAAAGCCCTGACGACGGTGCGCATCTCGACCTTCAAAACTTCCTCAAATGGATACATACGCTGAAACAGTGTTTTAAAAATGACGAATGCGTTTGAGGGAAAGCCCGGTTGCAGTATATTTAATACCGGTACGTGCCTCCTCTCTACCCTTGGTGTGGTTTTAGGTCGCTCGTCGCACCCTTGGAGGGGAATGTGTAACGAAAATGTGACTACGTCTAGGCCTTAAAACAGAGATTGATAGGGGACACTCGTGAAAATTCTGCCTTCCTGAATGGGGCTGCTCTGTGACATGAGGCGCTCGGCCTCAGCTCTTAGTACTAGTGTCTGGCTTGTGCCGCGCAATATGCCTGCAGACATGCGCCTGTGACTTTTAGTCAGGGTTGTAGGAACTACTAAGTGGGTCATTTAAGATTTCTCGTCTGAATCGCACGATGGCGGCTAAGCTACTTACGCCTATCCAGCATGCCGAAGGAGATGTCGGACCGGGAGCCCCGTGGTCAAAAGGATCTTATGCCCCCCTACATCAGATTTAAGTCGTTCATAAGCGGTACGACCGCTTATGACGCATCCGGTATGCGCACGGCCCGTCCATCATCGAGGCTTATGCCACAAAGGTAAAAGCTAAGAACTCTTATTGCCTTTAGCCGTAGGCAACACGAAGACCACCTCATGCACTCAATCCTCTGGCGACGGTTTTGTACATATAATATTTCTCTGGTGAACTTAGACTACCGCAATACCGATTGAAAAGTCTGCATTGCTGTCAAGTTACCACTGCACGGTCCTTCTACCCTTATTCCTTTTCTGTGGAAAATGCGAACTATTGTCTACGTTTTTAGCATCACACACCTCTGGAGGCCTTTTATGTCCAGTGCCGCATAGTATCACTCTCCGAGTAGCCGTGGAGACGATTAAAGTACGATTACGCTTGACCCGTATAGTAAGGTAGATTCATAACACGGCCCTTGGCTGAATAGCACCAACTGTGGGCAAGAAGCACACGGCCAGCCCACCACCCAGGCGAAATACCTTTTCCTGGGCTCCCACAACCCTACCTACTGTTTACAGTTAGGGGGAAGAGTTCATGCAGCGATGCT,1442,47.78,Escherichia coli
SEQ_614033,ACTCATTCTGGAACTATAGATCTTGTATACCTGTTCGAGGCTTTATACCCTCTCCGAACTAAGGTTGAATGAACACTCACTTCGTAGACCTAGGCCTGAGTGGAATCAGACCCCGCACGTATTCCTCGATACTGGTCGGATCCTCGGGAAACACAATCTCTGCCTGGACACCTTAATGTGTAACGTTTTTTGCCATACAGTGCCTTGCCGAGGGACTCTTATTAGGGTTGGCGGGAGGCTAGGTATTGTTATCATATAATTGTCCAACGTGGAATCAGCAATTGGTGTCTGGTACTGTTTGAGCCTTTCCTTTCCCAGACACAGGACATTCGGATCCTATTAGGCGCCCGGGGGCAGTGTCTTTCGACGAATCGTGCATGGCAGCCTTTGTTGCGGTTGCAGGAAGTGGAACCGGGGACGGACGGATTTTTTGAGGTCCGCGGGATTTACTGGATTAAGCGAGGCACTTCGGCTCGGAATTGCAAGGCTGCTGGCCCGGTTCAACGATGGTGTGCACAAAGTCCCATATATAACTCCCTCCCCGCTGTAGTTAGAAGTTTTTGTAATCCGGTTCTTTGGCACCACCCTATCCCAGTAATTCATCCTGGATTGGCAAGTGCTGGTTGAGGTTCGAGACCACACTCATGGTGAGTGCGCAAGGCAGATAAAGAAGGGTGGCGTACACTATGGAGTGCGGTTTGCCGATCATGGTCGAAATTAACACAACCCACTATCTCTATGGGTAGATTTCTTAGATGCTCTGTGCCCTCGAGTGTGGGATGTCGTTTGTCCCTACGGTGTTTGATCGTGAAGGTCATGTGCTGTCGCTTACGACTTTCTACCGGTGATTACTCGCAAGGGACTATGCTGTCCCAAAGTCCCTTGTCCTGCGGGCTCGGGTGAAGTTGGAATTATGATGTCGGGCCCTTGAGCCCTAGTGAGCAATGGGTCCGTCATCCTGTGCTCACTACTCTTTCTCCGGCTAGTCAACGCGGGTGCCTTCAGACTTCTTCGGACGGTCTGGCCGTGTTCAGAATGGGACAAACGGTAATCTTTGGGCTGAGTCGACAGCGCGACGTCGAGGCCTATGAGTCTCATAACCCTTGAACGATTCCGGAGGCTAGCGAAACCGACGGCATGAGGTGGTCTGAGCGCACGAGGCTCGGGGACTTAGGAAAATCGCCGAGTCCAAAAGCAAATGGCGGGTTAATACGAGACTGCAAAACGTGCAAGGGTTAGCAGTACTATCATCGTGCTGCGAGAATACCAGACGGAGGGCTCTACAACCTCGTACTACTAATCGCGAGTTAACTTAGGGCACCAGGAGTCTGGGTAACGGGGAAATTACGCCTCCGCTGTGCTTCATACGAAGCTAAGAAGGGAAAATATGCCACCCACGGAGAGCAAAAGCATCGTTAAGTACGAGTGCTCCGCGAATGGGTTTTCCACATTCTATTGGTTCAAATTGTGTGGAGACCTATCCACGTCAACATGAGTACGTAACCTCGATCTCACAAACAATTGCTCTCGTACCCTCTACCAATTATATGCTTTAGACAGCCTACTGGTATGCGGGCCGTTTTCAAACCCGGTCGACCACCGTTCTCGTCGGGGCTAGATTAGAGACTAAGATCGTTAGCTACATCTCAGCCGGCATTTCGTGGAGTTCGACAACTCCAAGCGTGCTCACGCTGAGTGGCGCGGTGAATATGTCGATCCGACCCCAATAGTCCTACGTGTCGGGGCATCGCCACCTCATCACAGTAAGGCGGATAAATCCGTACTTAAAATTGATATGTATACTACTGTCC,1811,50.97,Caenorhabditis elegans
SEQ_617263,CACTGTGGGTTTTCGCGCAAGCCTGATGGGCGCTGTGATACCCCTATACGTTCCCTTCTGCATAACCTGCTGGTAATGAAAGGAGCGGTACGGGAGGTGGGTCCCAACGGCGTTAACAGGACTTTTTGTTCCGCCAGCATTAAATTAGTTAGCGGGCTACCCTCGTTCTTAATACAATATTCGGTCCATGTTGCATAACCATCCAGCAGGAGGGTTTAGAGGCTACCTCAGGTGCCCGGGATCTACATACTGTGATTAGGGAAAATGCCAGTCGCAGAGGCCCTTAAGGCACTCGTGGGATTTAGGAGATTAAAACGAGAATAGTGTG,328,50.3,Arabidopsis thaliana
SEQ_910642,CCTGCACCAAGTCTGAGTCTTGTCTATTTCTCACAGTCTCGACTGGCGGCATGTCTCGAGGTTAGTTTTCGGAGCAGGATTGCTCCAGGACTAGGTGCCGGCAGTGAACCTGCGGGTCCATTATCGCTCTTTCCCGGATTTAGCGATTGGCGCATGTCGAATTCGTATCTACAGGAAGTCCGTCTACGACCGCGTGATGAATTCACTAGTGTCACTCGATGTAGCGACCTAAAATCCCAGTCAGATCCGGGCTTTTATACATCATTATCTCGCATCTGAGCTTAAGATCCGGGTCTCTGTCCATTGACGTCGTTGGCCGCTATCAGAAGTTGGGGATGGGGATAGAGAAGCCTCGTAGTTCAATTCTTTTCCCGATTCTTATGCGTAGCTGCAGCCAGAGACTCGTACGCTTGACGTGGTTCATTTGGAAGTTGTAACCATTACCCAATCATCTTAAGCTTCATAGTCCTCTTCTTCTGGAAAACCGCTCGTGCCCTATATACGGCGAGCCCATTCTGACAGAAGCTTACTGTCGCCAGCGTCGCTGTTATATTCGCCCGGGCTGCTAGATCCTAGACTGCTTCGTGGTATGGTTTGCGGGAGCCCCATCGACAGGTGCTGGGCCTTAATGGACTCTCTTGGAGAGGGAGGGCTCTAACATACACTCTTCCACTCGTCTATAAAGGACTATCCAGCGCTTTTTCTACCGACCGCGCGGGAAGTACCGCAAATGCTGTGCGGCCTGATCGATACTCTCAGAACTAATCTAGCACCGGCAATCAACACATGTGAATAGTCAGTGCAGAGCAATAACCGGTTGCTCCGGTGTGTATGGACGCACTGATCATCAGTGAATCCATTACGGCCCCTCTTAATGTTCTTTTGAAGGGTCCATGCTGGACCAGAAAGAAAGTCAAGGCAATAGAATGTTGGTAATAAGCGCCGCACGTTTAACTACTAGCCCATTACCGAGCATGTCGCAGACACCAACGAGTGACAGCTAACACACCCTGGGACTATTCCAGCGAAGCTATATGGGCTCCCCCTTTGCAGGTTAAGCTGTCTGGACAAGACGGCGGAGTGTGTCAACGTATAGAATATACTAAAGTCCCTATATCTGCCGTAACCGATCCTGCATCACCACCCCCGGAGAC,1154,50.61,Mus musculus
SEQ_383895,ATGGCTCATGATCATCGTTTATTCTCTCTGGGTCTAGCAAGCTGCATAGATAATTAGCGGAGTACGCCTCTGGACGCGCCTCGCCTCAAATAATACTCGGCCCCAATAGGAGTCATGGAGGGCGAGTACCGACACACGGCCGTAGATTGGCAATCCCAAGCGGCACGGTCAAAGGTGGATTCCTTGTGAGGGTACCACAGCCGATTGCAACGGCGGGTGGCATCTCGTACGTAAGAAAGCCGCGTAGACTGAA,253,54.15,Drosophila melanogaster
SEQ_282210,TCATTTGTAAGACCGCTGCTCCGCCGTTACACGCTCACGGATTCCGCGGGTTATATAATGGCCGTTAGTTATTGATCCCTTTATGTTTCTACAGTAAGCCTGAAACCGGAGGGAATCGTATTCGGCCGCAAAAGAAAACAGTAATCGAGTCGATACGCTCAAGTCGTCGACGAAGAGGCCGTTAATGGAGGGTTAGAAGTGTACAGTCCGATCTTTGTGCGTCCGCACATGTATCCATGATCAGAGTGGTATGAGAACCATCCATTGGGTGAATATCTTGTAAACCTTAACGTTGTGGGTTACTGGCCACTCCCTGTCATCCGTTTTTAGGTCAGTACCTAGTCGCGGGCCGAGAGAAGAGATAATACCGGATAAACTAGAAAGCTCCAGAGGGTTCCCATTAATTTGTCTATAAGAGTATACGCAGCCAGATCCATTTGTGCACGGCTAGCCTGAGACCAATCTGTTAACCAAGACTCGAGGTGACTTGTGGGCCTCGGGTTCATCTGCAAACCGACAGGTGTTGGGCCTTGACGATCGATGCAATGGTAGACGTCACCTGCTACCAACCGGCTAGGTTGAAAGCGAGAGGGGTCGCGTTCGCTCGAAA,610,49.34,Arabidopsis thaliana
SEQ_214019,TTGATTAACACGTATAAATCCTTTTTAATGCGAGCTATAAACAGAGATATCCGGCATGACTGACTAGAGTACATGGCCATTATGTAGACATACTGCTATTTATACCCAGCTTGAGGTATGATCGACGACGCCAGCACTTAGCACATGTTCCTCATGTTTGTAATCTTCTCTGCGCCCCGGTATTCCGTGCCTAAAGATCATGTAAGTCTGACTTGTAAAAGGTAGCTTCAGTACCCAGGATGCTGCGTTAACATCACAAGTTTGCTAAAGTGAATCGGTGGGGGCTGGGACCGAATAGCTCTGATTGGTACTCTATGATGATCCCTTTTAAACAAATCATTAGGAATGCTTATTAAGAAACGAGCTTCGACGGAACCCCCTTTACCCTTCGACGCTCCCTGGAAGGGCTTATTCACTAATGAAAAAGCGGTAGTCGAGGGCGTTGCTCAAACGTACTTTTCCCCTAGTGAGTATCACAAATGTGCGGGGCTGTGGACCACCCAGGTATCGCGTCTCGTCGTCCGGAAGTCACGGGTTTGAATTATATATTCGTTATGAGCCGAGCCGGTCGCCACGAGCTGCTTTAAACATATGCGCGGCAGCACCCTACTATGACACGCCTACGGCAGGCGCCATTATTGTTTTACTTCGTCATCGACAACTTATCTAGGCAGACGCAGCAATCTTTGTTAATTTCTCTGGCGGTCATCCCGGAGCCCGAAATATCCGTCTCTGATTCAGCACCGTATGATGGCAGCGTCATCGGTCGACTTCCATTGCAACCGCTTCGCAACAGTTATAACTAGTCAAGCCTGCATCGGAACTGAATGATGAAGAAATGCTTAAAGTATCAGTAGCGCTCCTAAAATAAGATTTTCACGGTCTAAGTCGATGCCGGGTATTACGGAATCAGTTGTTCGTGTCTAAGCTGATTGGGTACGCCATAGTAGGACCCTTTTAATAAGCTAAAAAGCGTATCGACAGCCAGGTTGACCGCTCACGCGGTTGCGATGATCGAACGATTAAGGACGTCGAAAATTGTCCTATTTTACGTATAGCTGAGTACCAAAACCTCCTCCAATAGGCAATCAAATTATGCGTTACAAGCTTTCCCTTCGAAAGCGAGCCAACGACTGTACGGTTCACTCGTATGGATTAACTGCAAATAGGGGTGAAACGGGGACTTTCTAGAGCATGACCAAAGTGCCGTAAAATCTTCAACCTTTTTGTTCGGCATACGTAAGGTACAGCTGTTACTCTATCGACACGCCCCATTAGACCGACGCTGCGCCTAATGTAACCACGCGCCCTATACCTCCAGATCCTGATATGGAACCCTACGCTTTTTTCTTCGTCGCGGTTGCCAATCTCCTTATTGATTATTTGGCTGGTGCTGCGTTCCAGATCGTACGAGCCTGTAGACCTCCCACTAAAAACACGCGCACACATAAGCATACTAGAGCTACTTGGACTGTGGTATGGGCTGAACACACATCCCGAAGCGTTAGCGTATTTCGATTATCAGGTCATGTGTGAGTATTGCGCTTGTACGGAACGTGGGACAAAGTCTCCGAGTGGGACGAGAGTGCGGGCGTCTGGGTAGCGTAACCCACTCACGTGAGCCTCATTCAGCCATCCTCAGCATCCTCGGATCCGCATCATGCCTAAACCGCTATTAACCATAAATAGAGTCTCAATAAAGTGGACAAACAGCCTTGCCAACTTTTTATAGATTCGCAGTTGCCGGATCCAGGAATCGGAGACCACGTAAGTTGCCCGAGTCTCTTGTGTCGCGAAGCGTGGGGCGTGCGTGACAAAAATGGTGTCTGCAGTACTATCGGCACCCTTGATATTCTTGCTGCATGTTTGAGAGACTATCCAATATGTTCGAGCATAGTTAATGCTACGTTTTTTACTATAGAGAGACAACCCGACGT,1937,47.34,Arabidopsis thaliana
SEQ_862565,GGTTCGCAATATATCGCAGTCAACAGGAAACAAGTTTTGGCTTTATCCTGCTGACGTGTCCTTGGTCCCCTCATCTGACATTCGACGTAGTAACTTACTGAGAAGGAAGCGCGGAGAGCGTACACTCAGCATTTCAGACTGGCAGCAATGTTGTAGACTAGTAAACTTCATAACCAGATAACCGGGCGTGCGAATACAGGTGGTCATTGATCTCCCACGCGACGAGCGCGCAATAGGCTGCGGCCTCCCGTGTAGCTACTGACCCCCACGGGACAGTTGTCTGTCGGGACGGAGTGTAGACCTGTGACTCCTGTCAGTTGCGTCTTGTAAGCCCTCATCAAGCTCGTTTCTCTAAGTTCTGCAATTCTATGCACCATCCCCGGCTTAACGGCGGGCGCCTTTAACTCCTTAAAAGTGGATTCCAGCCGCCACTCATTAATTGCATACAGATCGAATTATGATCCGGAATAACTTTCTTGCTATCGACTACACCCACCTACTCCATTCATCACGGGAGCCTCAACGTTGTACACCGGTTTGATCTACAACGGACAGTCACACATGAGGACACCGATGTGAACTTGCCAGCAGGGTTCATTTTTTCCTTAATAAACTGCGGTACCAAATGATGGTGCGAGATGGTGGTTACGGTCCCTCCGGTTGTTTTCTGTGCGGGATTCGTTATATTACGCCGCCAGTCGCGATCGAGTACAACGTTCCTGAGTGAAGGTAGTCAACTCGCAAACGAGTAAGACTATTTTCCACCACGGGTAGCTCTAAGACTCCGTCACAAAGCTCGAGTAAGATCATGCCCAAACGGCTTTCCGATAAACCTAGTACAGCGCAGTTACTCTATCGAGCCACAATACCTGTCTAAGACCGTCAACAACTATGATCTGGATGGAAGACGTCGACGATTTTCTCTGAGCAGCCTACAGGAGGTTTAGGTGCGGACGTACTATCCGTCGTCTACTTAGGCTGTCAATGAAAATGCGCCCGTGGACGTTATTTATAAATGGATGCGTGTAAATACTGTCGAAACCTTTAACAAGGGTGGCGTAAGCAGCAAGATCCGGGATAAACGTTATTTGTAGATTGTAGAGATCTGGTGCCCCCTGCTGAACCTTATAACAGGTGGTACGTTGAGGGTCGCCGCTCGAGGGAGCTCGGAGACGTATCATAGTTTGGAATCGCGCTGGGCGTACGGTTGGACGGATAGGTCCGCTGCTATACAAGACGCTCATCGTGCCTGGCTTTGTCCTTCAAGGGTTGAGCCAGATCAGTTATAATTGATAACATGCCCTCGGGAGCGTGGCGACGTGAAGTAAGTTAAGGGGGCGCGAGTGTTAAGAGAACCTGTTTTATGTATATAGGGGCCCATAGTTTCGGGTTGTGTTGAAACGCCGTGTAATATCTGCACCATCGGCCGAACTCCCTGTGATGGACAGCGCTGTCGCAAACTACTCTAGATAGTAGTCTCGGCGCAAATTCTTGTGTCAGTAAACATGAAGTCCTTTCTGCCCATGACGGGCCGGTCAGTCAAGGCTTAAAAGCTCCGCGCTTGGTAAACCTTTCAGACCGGCGCTGTTGTAATGCGCGTTGGGTGCATTCATACATACCGTTGATGGAAGATGTGACGGATATTAGCCCTCGATAAATCATATCTTGAGAGCCGCTTCTTGTTGTCTACCTCGCAGCATTTGCTGGTTACACGCGTGAAGTACTGACCCCGAGAGCCACTACATGTGACCGTTGTCAGGTACTCGGACCCCGGGGTGTCTCTCATGGTGAGAAGGGCCACGGCATTGTCGTTACTTTCGAAATCCGTCCGTGTGGAAGACTTCGTGCCCCGAGTCTACGCCTCCACCTACCAGGACCTATCTCGGATACACGCGGGACTGTGGAAGGGACGGCGAAAGCCAGACAACCACAGC,1934,50.67,Saccharomyces cerevisiae
SEQ_228292,CAATACTGGCAAACCTAGTAGACGGCAAAAAGGGGCTTGGAAACCGGTCGGGTTCTTAATCGTTTACCGACGCACGATTGCTGTGGTAGGTAGTGTCGACATCAAACATACCTGATTGGCCGTGCGCGATCTGGCCGCAGCATCTTCTGACCAAAGCTCCCCTTCCTAACCCTCGTCTTTTTGTGAACGAAGGGACCGGTTGTAATATGCTCCATTACTCTTGGGAATGGTAGTCGCTAGTCAAGAGGCCGAAGGAAGCTCAACGCTATCGTCATTATCTCGCACTTTGTCAACCGACAACTTGCTGACCGGCCGTATTCTAGGAAACTACATTTCTTTGCGAGAGCCGGTATT,354,50.0,Arabidopsis thaliana
SEQ_237522,CGCTTTACACAGATCACATTTTTATGTAAATATTACGAACGCCAATATTGGGGAGTTCTCCGCTGAAGATCATTTTATCATTATCGCGTATGGAAAGTCAGACAGTGATCACTAAGGGTCGCGGTCTACTGAGGGGCTTGGATCTTTTTAATTGCGGACTCTCGGATGCAGCCGGGTCAGTAGGCGGTACGATATATAAGCAATGTCGCCACAAAACCATAGATATAACGAAACCTCTGGGTGAAGCATTTAGTCTTCAAGAGTCATCCTGGGCTGTCATCTAAGGGCAGATGATCGTACAGGGCTTGAAGCTAACTAGTGTCTGGTGGCAGCTCACGTCGACGCCCCTGCTGAGCCGTTCAGCTTTTCTGGCCCACGCAGTCGCGCATGTCAGTAGACATGTACACTCGTACACTAGGGCATCCCCTGTCTCACAATGAGCACGCGGTACACAGGGTCTTCTACTCCAAAAGCGAGTATTCGAATTATACGTTTTCGGGAGAGCATGCCCAACGCCGTCAGAAATCCTCACCCAATAGTGAATGACCGGGACCCCATTGCGACTTACTTCTAACAGTTTGTGTGGGCTGCCCGAAATGCTTGCCGGTCTGATCACGTGACGCGCGATGCATCCCCAGTCTTTGATAAAACACCATTCAGGCCTATAACAATGCCTAGCAAACCGGAACCTAGTTAATGCGTTCTAACTGTTTATGAGTTTCAAAGGCTCACCCAGCACCAATACTTCCCGCCTTGGGGCCTTATACCAGCCTGCCTAGCTCCAGGGTACTAATACGAGTATAGGCACTACAAAACGGGATGCGCTACCGC,831,49.46,Saccharomyces cerevisiae
SEQ_265667,AAAGGCTGGACAGTTCCACAACGACCTTCGGCGCCTCGGAAAACCGCTTAGGGCCTCACAACCTAGGTCAGCACTTATACCTTGTGCACAATTTCTTTACACTCCGTCTCATCTTGACATCGGGGACGCCCACTTTCTTCTCTTTTGTGGCTCACAGGTATTGGCCAGGCGGAAAACTCCCGTTACTTCCTGGCCTCTATCTACACTTGCAGGCGGTTACAGTTCCGTATACAGTATCATAAGAGGTTGATTATTCAAGTATCTGAGGCCTGGCAGGCAAAGGGCCCTATAAATTCTGCAAAACGCCTCTTTGAGCGACCACAGCCCGGCCTTAAGAAAAGTTGGACTATGGTTGAAAAACCTACGAGTGATTATGATCGCTCGAAATGGACCTATTGACCTAACATAAGGGCGGGGGCTAAGTCGGTCAATCCTAATTGTGTTCCTACACCTGATTCTAACCAGCTCATAGAGCGCGTTAATATTTCGGGGGTAAGGCTGGGCAACACTAGGATGAAGCGGTTTGGCAGCATATTGGGGGATCTAGCGCGTGCCGCAAGGCCGGTATAAGGGGCACCGCGCAGACGAAAGTGGTTTTGCGGCAAGGAACTAAAGTAAGGCCCTCATCAATCCTCGCAAGTGAGGTGACCTGTGCTACGGGCGTCTGACACAGAAGCCGGTATCGTCACACATTTCCAGACAGGGAGTGTAAACACGCATTCCAACAACTGCGCTTTGCGTCCGGGATCCGGACCAATCTAGGGTACCCAGCAGATGCCATGTCAGACGGCGAAAATGTAAGCTGTTTTCGTATCCTTACGGCAACCATTCGAAACAAGGAGCCTTCGTCCAATCACGGCTCTCCTAGGCAAGTGAGGACTAGGGAATGGTACACCTGGCATGTTTGAGCACCAGGCAAGGGCCAGCTAACGAGACTTTCCCGTCTTTC,949,51.32,Caenorhabditis elegans
SEQ_631170,GCGCGGCGCCCCCCATGTCTTACTTGTGTTTATAACCCTGCTCACTAATGCAGAACGTACGTGACGTTTTAGCCGAAAGCGAAGTGGATGTCATGCACGAAAAGTAGACACCCTATGCCGGCACACGTACAGAATGGTACTGCACGTAGTCGTGTACATGTGAACATTACTGTACAGAATTGATCATTGCACGGGTGGTCCCGTGGTGTTATGAAAATTAGACCGAGAGCATAGGCCCTGTTCGTGCCCCCAAAACCGGTTTGCTGAACGATCAGGGGGGTGATGGCCCCATCCTTCA,298,51.34,Arabidopsis thaliana
SEQ_325041,TGGCAAATGTCCGGGCCCTGGGAGATGGGAGCAGTGATACTTCGGGCTAGCATTTCGAAAGACGAATGCGACGGAGCCAGAAACTCTGGTGTGGGAACTGTTGTACCACACGGCCTCATCACGGAGCGGTGAGATAGAGGACTCAAGTGCTTAACCCTGTGCCCGCCTGAATGCGCTAGGAGTCAAAATACACACCTCAAGACTTGGTGCGGGCCAACACGGCCCACACTATCTTATTGGCTCCTGGAGTATAAGGCGAACGCGCAATGACCAAGCTCGGCCCTAACGATTTACAAGCGAAACGCTTTTCTCGCGGATGGGCGCGTAAGCGTGGCGTCAAGACAACACCTCGCTAGTATAATTGTATGCCCACCTATCCGAATGTAAAATAGATGATCAACCCTACCGTTAACAGGCTACAAAGATACATAAGGGCGCGTGCTCGTATTTTTAGTTGTACGGCTTAAGTTGTCGATTCATATGAGCTTACGGCCACACATGACTGTCACGAAACACATAACCTCTTTTATTATTGGACAGACTTAATTGGCGGTAGCGCAATTCACCGGTTTGCTGTACGAGTGTGGAGAGCGATTCCTCCCCGTAATTATTAGGTGGCGTAATGATGGCGCTTTCTCACTTATATTCACGCCCGCCTCCGGCACTAATCCATCAAAAAGTCAGGTACGGCATCCCCCCTGTCTGCAACCTGGTGATGTACGACGACCTGCGAAATCATGGGCATATGCCTTTATGCGTCAACCCTAATCCCGCACGTCTGGCCGCTGGCGCCTACCAGCCCCAACTAGTAAGCTTGACGAACGGAGCCTAGGAGGGGAACTCGAAAGTATCCGGTAGGCAACGGCTCTCCGGGAGCACCCTAGCCTGATGCCATGAAGGAATCAGTGAGGAATGGGAGGTTTTGCATAGGGACAATGCAAGTTGGACCACCGTGACATCATCCAGGTTGACCACGGTTATAGCGGTTGCAAGTGGTCGAATATTCCTGATATCGCTGCATCGAAGATGCCCACGCCCACCGATGCTCGCTACCTGTACCAGCGATATCCGGGCACTTCACGGGATTAAATGATTATATGGTTGGATAATGCTCGGTATGGTAGTAGACGTTGGAAGAGCAGCGAGCTTTTTGCTCGTCTAGCACCCACGAGTCTATCGTGGCAGCTACCGTCTATGGGTCTTGATAGAAGTT,1213,51.53,Homo sapiens
SEQ_213899,GCTGTTTGACGGACGAAAGACCCATCCGCGTTTCGAGTCAATTATTCATTAGCGTTCCAAGGCATATTTTGCCAGACTCTTATCCCGTGGGTTCCCGTGATCCATTACACTTGCGTAACTAAAGTACGACGCCCGACTTTAATAATACGTCGGATGTTTGAGTCGCTTAATAGAAAGTTTATCATTTGAAGTCACAATGCGCCAGTGAGTCGCACTTGAGAATCCACGCAACCT,234,45.3,Arabidopsis thaliana
SEQ_895553,CCAAGGACCGTTCTGGTATCTGATGCCATCACCTCGCTCATTGCCTATGGAGCGAGATCGGTACACCGGTTACTTCGAGTACCTGAAATAAATTAACAGGCACAACTTTCAAGGTTACTAGCGCGTAGCCACCTCCGCATCGACCTTCGTGTCTGCGCTTATGAAACCCAGTTCTCTCACTGTGTCAGTAAGGCGTAGGTACGAATCCTGATTTAGTATGATATCAACGCGTAAGCGGCAGGTTCCCGGGGCCTCCGGATGACTTCAATGCAGGTAGGCCGAAGGACGGTTGTGGTCAGCTGAACACTGCGATTACTCGCTCCAGTTAGTTTAATTAGACAGGGCATGCGGCGATATCCTGTCCCCCAAATTTGCTAGCATCCCTTTGGTTCAAGTGGTGAGGAATCTTAATCGTCCTCGCATTAAAATCCCCGGGAAAGGGATACATTTTGGCCAAACTGGTGGTAGTACTCGTTTCGTAAGCCCGCTTGTGACCTGCGTTTGGGATCGAGTTTTGAGTGGCAAGGATGTCGATGTCAGTGTGGGGCGCCATTAGAAGTTACACTACTGCGAAAGAGGAGCAGATAAAGTTCCGTTCGCAGCACAGCCACGCCTCCGAACGGTCCAGGCGCATAGTGGCTGAGCTCTTTAAGCCGCGCGATCCAGTTGGATTTCTAACGGGCGCGACCTCGTGATTACAACAGTTGCGTTGTGGCTTCCGTGTACCGTTCGCACTGGAGCAGGAAGCTAAAAAATAAATAGCTAGGCGCCAAATTACGTCTCTTCACCAGCCTTTCCAGTTATGGGTATAAAGGATGCTAACCAGTTCTAAGCCCTGCTGCCGGACGAGCTGGACTCAAATCAGGCCTACGCCGGCGGCAAGTCTCTTCGGACTGTAACGAATGAGGGCGAGACGCTCCGATCTCAAGTGACGCTCGGGAACCAACTCCCCTGTCGCGGCCGCACTACTCGGCTGCATCGCGTAGCGGCTAGGGCTTAGCGCAGAACTTAGTCTAGCAGTCTAACTGCCCGCTAGACATCTTGTTCCCATGTGACTGACATGGCCAAGATCTGGCCCCTTGGCCACTGACCGGGAGAGAACAGGGCCGTACGTTGCTGCTCCGAATCAAGGTGAGAGAGGTTCCCAGGATCGGACGATTTAGATGCGGAAACCACCTGAGTCGGCTCTTCTGCTGTATCTCTCCATGGGTGTATTGCCTGTGTCTTCCGATGAACTTCCGCAAGTCGCATCGATAGCACCTTAATACGCTGATGGCTGGCGATTAGTAAAATACACCTACCATTACCTTTTATTCGGGAGCAGGCCGTAGGGGTGCGGTCACGACTGTATTTCCTCATAATATCGAACATTGGTATGAAAGCCCTTAATCAGGATTTGTGGAATGGCCACGTAACAAATCAGGCCTAACCTTGCACGTAAGTTCTTCACGGCGATTATAAACTTGCGCGGTTTGCAGTCGTGCCCAACCGCAGGGTGTGGGACGCGGACATAAGAACATCCAACCGAAGTTGTCGCCGACCGTCGCTCGCAATCGTACATCTTAGTCACATCTTGAAAGTACACACATCTTTCTAGCATGTCAGCATCGCCCATCCGTATCGACATTCCCGTAAACTAGACTCAACCAACACAACGGCCGATATTGGAGAAATTCACATAGTTCTTTCCTAAGAGCAATCCTC,1704,51.58,Saccharomyces cerevisiae
SEQ_486164,AGAGTACGGTCTGGGTCTGCCTCCGATACGAAACCATTGCTGTGCGTGAATGTAGCCCGGAGGTCAGGTTCTCGCCTAGCGCTGTAGGCACCCCTCTTGAGATTCGGTTTGCCGATCGTGGTCGTGTTGCTGATACGCCGTTTATCAAGATCTTCTGGATACCGATGGAAAAATGGAAATATGGACTAATTATGCCCAACTAAGCTCGTTGCTGAATGCCAAGGGGGACTGAACCAGTAATGACGAAGTCTTAGCTCAGCAGACTCGGTCTACACTGAACTTGGCTATTCGGTGTCACCAATGGTCGCACACCGCGTCTACCTACAACTGCCCAATCCAATGTAATCCAATAGAAGGGCTGGTTATATGTAGAAGCGTCTGCGGTTTTAGGACTCACTTAATAACGGTGCCCCTCGCATCCAGCAGTGTGCCACTATACGGCTTAATAGAGGTCTTAGCGGCGGAATATTTTTCAGAGTTGAGACAAACTCTGGCAAGGATGACCTGATTTCCCCCAGGGCATTTTTCCCTACCCAACGCCGCAAGCCGCAATTCATCTTTATAACTCTGACCTGTACATTGGGCGGGGCGCAGAGTAAATGGCTAAACGTGGCATTGAACGAGCTAACCAGTTGGCTCGGGAAAGACTGATTTGTGCACTTCACACAAATGGGACGATGAGCACGTAACAGACATAGGAGGCTTGTAACGGCTTTCCCTACACCAGGGCTGACGGGAACGGAGTTCTGGTGGGGCAATATATCATAGCCCTAGCTTAGAACGCACTGACGCGCCTTGTACGCAACGTTGTAAGTCTCGATTTATCTAGCAAACTGCTTCAGTGGTTCTCTCTAGTTAGTTCCGCTCATTATCAGTGGGGCAGGGGGCGCCCGTATTGCTTCCCGACCTGCATTGCAATTCATCTAACCGCACATCTTTGAGTGCTTGGGACCTGGCGCTTGAACGCGGTATGACCACCGACCAGTCTCTCGGACTTTGTTTAATCCGCCGGCCTGGGGCGGTGGTGACTCGGTGCGCATGAAGCGTCGTAGTCTGTACATATCGAAAGACAACAAAGGTCCGTTGGCGGGGAGGTGGTGCGACCACTGAGTGCTTAAACAGACAGTTAGATCCCCGGGGGCATCCCCTCAGTTTGAC,1158,51.64,Saccharomyces cerevisiae
SEQ_208394,AAGTCTCGGGCGGTCTTTTATCTGTGATAGGATGCTCGTTAGGTAAGAGGTATGGAGTTTATCCAGAATACAGCCTTAGTACATGATGGTCTACGCAAGCGGGCGTGTGATTAAGGACTTTAACACAGAGGCCAGGACTCGTATCCTCCCATTCGCTCGCCTTTCAGTTGAGCGGGGGCGTAGAGCGAGAGCCGCCT,197,51.78,Saccharomyces cerevisiae
SEQ_846231,AACACGTCCCTTGGGCCTGAGTTTCTGCAATAGCACCGTTTCATACGCTAGTAGCCGCTTCGATCTAGAGTTATCACTTTTACGTGGCAACGCCGAAATATGGAGATAGTGCGTGAGTTAGTATAAACAGTATGGCCCACCAACGCGTCGGTTGACCTCTTCTTGTGATGTGTTTTTAGCGCCGGGCGTCCTGGACTGCGGCGGACTGGCGGTAGCCGTACTACAAAAGAAGCCTAGGACAAGTCGCCGCACACGATCAGGGAAACATAGCTACTATTTCAGACTGGCGTTATCCCTTACGGTTAGATGAAGAGAGATAGATCGATTTGGGTGCACACAAACATCTGGGGTCGGTTGATTTCTAAGCAGAAATGACGTGTTGAAGTTACTGTCTCATAAGATCTTTGACGTTACGTTCAGAGCATAGACATACATCTTAAGTTTTACCGGTACTCCGCAGCGATCTAGCCCGTTGCAGGGAGGGCGTCTAATGCCTAGCAATGAAAGGATTCGAGCCGACTCAGGTAACAAGTCACTGAGGTCTAACTCGCGAGCCTTATAAGGTGATGTGATGAAGCTCCTGAAGGAATTACCGCGTCCGGTCGCCATCTCCCAGGCCGAGACCAGCTCCTCGCCACAGTCTCGTGAAAACGGATAGCAGCCCTGTAAACGCGAGATGCCAGGTCCAAGGGGACGGAAGTCAGGTCCTTCCGTAAGGCCAAGAGTAGCGGCGAAACGAGATGTAAAGCGGCCGAAATGCGCACCGAACGCGCAAGTGCTTAGGTAACTTCGGGGGGGCTCTCAACCGGTAATACCAAATTATATAGGCAACACTACAATTGGGGACATCTCCTGCAAAGTTGACTGCCGCCATGCCTTGGCGTCTCAAACATGGGGAGGAACTGTTAACCTAGGCTCCCCGACGCGAGAGAGAAAATTAATGACGGTTTGCACATTTAGAGCTTGGCATCTACACGCGGACAAGCTCCAAATAGCCCCTGATTCGAATGAGTCTGTAACCGGTATGGGATTAGGGGGCCAGCCAATGGTTGAGTGGGTCGGACTAGACTGCGAAGGGACTCGTGTTATCAAGTTTGAATGTAACTCTTGTGGCCGCCCGCAAGTGTTGAGGCGTGTACTCGAATATTTTTTGAGGCGTCTGACAATCGGAGACCGCAGAATGTTCAAGAACAGTCTCCCCAAAATGAATGGAAACACGACTAGTCTTCGTGTTTCGGTACATAGACAGCCCGACGCGTCCGAGTAGGCAGCCTCGCCCGACGCGGGACTCGGGGTTGATTATAGAGGTCCGTACAGGTACGGG,1324,51.51,Escherichia coli
SEQ_263820,AGGAGTTGGCTTGGGGGACTGAGCTGATTTGAATTTGCTCCAACCCTCGTCTTTGCCGGTGGCGCGTTGAGCAGTGCGCTCCGAGATGCGCCGGTAGGGAGTTAAACCGAACACTCCCGATGGTGAGGAACTCACTAAAACGGAGTTTGGGCCGGATACTATCGGGGTCTCGTATCGATTCCCCCAGACACACGACTGTGTCAGGCTCGCCAGCAATGCGGACAGGTGTGGCCAGAATTGCTCCGGACGCATTCCTGAGCCTTATGTGCACACCGATACCATAATTCACAATCGAACAGTCCTACTTCTCCTACTATTATGACTATTTTGTTAGCAGTTGGCGTAACGATCAAGAGTTTACTTGGCACTGCTGATGACGGGCATGTGTGACGGCACATAGTATCCGGCTCCAAGGCGCGCTTTCCAATCGACCCCCAAGTCATACCTGGGCCTTAATAAAGGAAAATCGTAAGTGTTGTATACAGGTAAGCGGACAATCGTCGGTGGATGACCTATAAGCTTTAAACGCATTGGTCAACATCTTCTCGCGCCCGGGCCAGGTACGTTCGTACGATGTGCAATTCAAATATGCAGGCGGGCAGAGTCCTTCTACAACTACCCGGACCGCTTGGTCAGCTGAGGGCATCTGCTGTCCGTGGACTCAAGCGAGACTTCTATTCGCGTAGAAGGATAGCCATCCGCGACGCCGGTCGAGGGTGTCGGTGTGCTAGAAGTTCTCAAAATAGCTGCTCGCATTCGCTGTCATATCAGTACATCTGTTGGGCATAGGAAGCTCTTTATCTGCGCAATACTGGCGGTGACCGGTATGATCCTCCGGAATTGTGGCAGGTTGACCTCTCCTGTGGCCCGACTGCAGTGATATTTCATAACGTCCCCATGAGTTACGCTTGATACCCATTCTTAAGCTTACGGATGGCAGCTTTCATAAGTAGGAGTACCTATTATTGCATGGTATATGCCGCGTGCAACTGGTGGAAAGGCTCTTTGGGCAGTAGGCGCGTCTCAAAGCGCTTCTGTGATACATACTTAACATCGGAAAGAAATAGTAAATGCATGGCAGAATCTAAGCGCGCTAGCCCCTCAGGGTCGTACTGTCGACCGCGGGAATCTGAGCGTAACAATGGCGACCAACCAGGCAGCATGAACCAGATTATACGAGCAGGGTCTACGTACGTTAAGAGGGAGTTGAATGAAACCAGGTGCATTGTGCCGGACGTGTCGTCCGGGTCCCAGTACTTGTTAGTGTATGAATAAGTCCGGCCGCTCTGCGAGACCCAGGGCTCGTTCGGTGGTCTTTTTCACGTGCACGAGAATCGATAATCTCCCTCTAACTCACGGGCCATGGAAGAGGGCCCGAAGACTTGCATATTGTCTCATTCGCTCACCTAGACTTAGCCCTGGTACGAGTCATGAAGAATTCGAATGCGATTGCCTGCATGCTACTCTGTTAACCCCGACAGCTGAGAGGCCCTCTCTTATCGGCTTTGTGATGTCCTGTGGGCCCCTTATAACTGTTTCGGACACCTCCTTCGCAAAAACCGCCACGTAATGGAAGTGATAATTAAGCGG,1590,51.7,Homo sapiens
SEQ_772512,GGATTACTATCCCAACACATCCTAGGCATGCCATAATCAACGACGGCCCGCCGCGTCATAGTTCGTCTTAGTCATGTTCA,80,50.0,Arabidopsis thaliana
SEQ_266224,TTGGACTTTCACTAGCGGAAGAAATTTTCGCCTCCAACGCCTCAATCAGGTTGTGTTTGATACGCAGTTTATGGTGCTCAGCGTGCGAGCATAAGGGTATCCTAATCCGCTTTTGTTCGTAACGTGTTTCTCGGCATCTAGGGCGGAGGAGTTGGCGTGCCTAACCTCCCTTGCTGGCGATACACGGAAATAGAAGCCCTCATGGCTATGTTCGTCCCTGTGGCTTGCGTTAATGACCGCCCGAGAGGCGCATAAGCATCCGGCGCACATGAATTGGAATTGGGACACTTGACAACCTGATGGTTTTCGGACTTCTGCAGTCCTAAACTTTTACCTGAATCCTTATCCGGAGAGCCGACAATGTAGTCTAGTGTTGAGGGCTCTGCTCAACGTAACGGCAGATCTCCTCACGGAAACAAGGCGAATGAAGCATAGGTCGCGTTGGTCAGCGTAGACAAGGTGTCTCAGACAATCAGACCTGAAGTTAGTTCCTCGGCCGCGAAGGTATCAAAGGTTACTGTTGCCATAAGTTTATACTAAGGGTCAACCTCAACAGATCAGTCCCGGACTCAGTTACATATCCAAGAAAACGCCCACAAACACGACTGAATCTTCAGAATCAGCCATTTTATTCGTTTTTAATCGCAACTGGGAGGTTCTACTACGGTTCGATTCGGCGCCTTTTAAGTCAGTCGACGCCCCTGTAGAATAAGCATCCTAAAATTGTTGTCCGCGTAACTGCACCACTGGGCATATCGTTGTCAGGAAAGCTCATGGAAGCTTGCCATCCTAAAGTCACTGCAACCACAAGTCCACCGCAGTTCTAGTGGACTTCGCCTAGAGGCTATGGCACAGGGTTGGCTCGTCAGCACAATACCGCCCATGGAACGTTTTAGAGTACACTGGCTGTGGAAGGCGATGGACGCGAGTATTCGCATGACATCATCAGCACAGTGATATCGAGACTGGCACAAGGTCTAAGTCAGACGATGCACTGGTTCGCCATTGTCTTTGCTCCTTTCGTGACCGTGTAGATTTAGATTTTCCGCAATTCGATACCCAATCTCCTTAGCAATGGAAGGGAAACTGGCCGGAGACGGACACAACTTAGATGGGTCAGTAAAATTATGGGGGACATTCGAACAGACCCTCATGTAACCCTTGAATCTTTATTCCCAAGTAGTAGTTGTCATTGAGCTAGATACGAGGCAATAGGTCTGTCAGAACGTATGGATACGCATCGGCTCAGGCAGCCTGGCTGCCCTCGTACTCTCAAGAAGCGTACTATGAACGGCGCTGGGAAGTGGTGTAATTTTATAGGGCTGAGGTCCCTATATAAGAGTCGGAGTGCTTTTTCCACCCTTTACCTCGCGATGTTGCAAGAAAACATTCGTGCCACCATGGCAACAGTTCGTTTCCGATTTAGTTGGTCTTCCAGGTTCCGGAAGTTGGTGTGCACCTTGCTTCTAAGGTTAATACTTTGACTGGATGAATGGACGGCTCTCCCCGCGTAGCCGATCACTACGTAATCTCGGTTCATCTGCTGAGAGGGCCAGCCCCAGCAAACAAGACCTCTAGAAAACACTATTGTCATCTAAGTACCCCTTCGCCCGTACGTTCAAGTTCATCGGTGTGGTATGCGCGTGAACGGTGATATACACTACAGAAAGCGTTGCTCTTACTATCATGGCCACTGATCCTTCAGCGCATCCTGTGTGCTTAGAGGTCTAAACGGTTGAGTAACGGAACCAAATCTTCCCTATTTGGGTACATTAGGTTTGTGTTAACAATGGGTACATCACCGAATTGTACTATGCATGCACATGAAACTCCGTCGAGGGTGCCAGCCCACTTTACAACTGTCCGCGCTACAGACTAGGAGTCCTATTCGGAAGTTCCTAATGACGGGCTGTCTAATTAGGGCGCGACGATTCCAATGATAGTGTGTAGTGCCCCAAACACGAACAATCATACCTGAGGACTCGGACTCACCGA,1995,48.97,Mus musculus
SEQ_830914,TGGCAAGACCTTTTCTTTGTCTGAAGCCTATTGAGAACAATTCGCCGCGCCCGAGGCTTACTGTCGGAGTTAATTACGTAGCGCGTTCCGACCTAGCGAATAGTCTGGTACGCTGGCATCCCCTATAAACTGCATGGGTCGGCGTACATGAACGTGTGGTAAGTGCAGTAGACCTCTTGTAGGTAGAAGCCGCATGTTCTCCAACCTCGGAGTGATCGGAGACCATTAAGCTTCGGTGGAGTCATGAGTTGTTTTAGGCCAGTCCAAAAGCATCCGCTCGGAAATTCGCTTGGACCTGATACGGACAACGTGCCCGGGCATGCTCAACCGGGCCTACTCAGCCTTCGTGAAGTAGCGGAGACATCGGTGGGAGAGTCTGGTAGGGTTTACAACACTCTACGCCGTTGCTCGGTGACATTTGAACGGACTGGATAGGTCTCGCGGGCCAGCTCGGGAATCTTTCAAGAGCTGATGACATGGGGACGAAACAGTGGACTGCGCGCGACAAGCAGGTGGGCAGTAACTCAAAAAGTGTGCGGAACTGTCCGTGACAGTGAGGAGGTACCCCCCTAGCCTCATCGAATGTATGGGCCCTGTAACGCCACTCTCGACGGTTTTTGAGGTATGGCGTAAGGCGAGGATACAGCCCCGGAATGCACTTAGTAGTTGGCAGAAGAAATCAAGAGGTCGCCCGCAAGAGAGCTAAAAACGGCGTTTAGAGACAGTCCCAAGAGAGTCTATAATTGAACAAGAGCGAGACTCCGCCAGTCTCTCAGCAACACATTATGTACACTACTCTACTTCGGAACCCAAGCCCTGGTTGTCTAACAGGAGCGGCAGTAGGTTGATCCCCTTCAAGGTCACTGTAATTTAAAGAGGGCCCGGAGTGTGTGTGCGTGGGCGTCTCTAAGTAGAGCGCGGCGAATTCATACCGTTATGTTATGTGAATTCTGCGGTGAGCTTCTGTCCCCGTCGGCGTGCGAATTTTCTCCAGTTCGTTCAGTTCTGACTAATACTTGTTTCTTAGGACACCGAACTCACATTTGCCTTGCTCTTCAAATTTACAGTACCGGATGGTGACATTTAACCCGCGCCGAATTGAATAATGTAACTGGGGGCCGATTGGCCATTTTGACAACTCTCAGCGTCGGATGATTGCTGATACCGGTGACCGAGTGGCTTGGCCAGAGTCGGGATTGCTGCTCTTTCCGCGGACCGCCGCGCTGGAGAAGCTTTTTGCGGCAGTCACTATAACCTCACACCTGAAAGTGAGCCCCATAGCCCAGAGTTGGACCACTCCTGGAACGAATCACATCCATCCTGCAAGTGTGAAAGGGGCCCAACTAGTTCGGAAGATGCTACATGTAGGCCGTCCTTCAACTGGCAGTAGAGATCAATCGTACATTCCGCACGAGTGTCAAAATGACCCTAACAAGGTAAGGCATTGGCAGACTTTAGACTACTCCTCGGTAGAATTCGCCATTCGCAACCTATTGTTGAGAACGCTGTGCC,1512,51.98,Arabidopsis thaliana
SEQ_854280,ATCGCCATATTATCTCCCAATAGGCTTTCAGGCAAACGTCTCTTTCCCATAACGCGCTTACATCCTGCTGCTGTGGGGCTCAGAGGGCGGTATACAGTTAATTTGACAGCATTCAGAGATCCAGGTTCGAACACCTAAATAACCCTGGCATTGTCGTGTCTCTGATTCCTCTCTGTTCGCATCGGATTAATGCCCAATATTACAGTAATCGTCGAACAGGCGCCGTTCGGCCACTGGCCAGCGTGGTGTCGATGAGAAGTCGAAAAGGCAGTCCACCGCTTACAACGGGCTTGTAGGAAAGTGCCCGTATTGAGTACTTGTTAGGGTCTACGGTTCGGATCCAGCAAGATCCACTCTCAGTTGACTCTGGCCGACGTCCACTGTTCTCGGAATTTCCAATAGATGGCCAAGTACATTTCACCGAACCGCCCCCGAGGGTACTCTCACCAGAGCAGTCCTTAACTACGTCCGGAGTAGGGAGGGCCCGAAATCAGTTCTTGACCCAAATCGCCGTTCGATTAAAATAGGGAGATGCTAGAACGAGGAGCAAATCGCCAACGCTGCTCGTGTGTAGTGGTATGGGCCAATCGCCCGTAATTGATCGAAACCACATGTGTCGGTAGGGTGTTTTATGCCCAGACCAAACAAGGAGTTCGGCCTATCCCTAGATATCCAGGCATTATCAGGTTTGAACTAGTGTGGGACTGGGTAGAACTAAAGATTAGGTTTCGACGGACAGTATCACCGCCGATGTGAAATCCAAAAAATCACAGGGTTCGGACTACTCGTCTATAGTTGTATATGCTCCACCCGTACCCCAGACACTATACTCTGCCATGAAAGTGGTAATAGATAGAGGCCCGTACGAGAGGCGCGCTTAGGTGAGGGACCCAACGGCAAATGGACCACGAGACAGTAGGCCATCCTATCTCCCACCCCTTATATTCGGGGACA,954,50.63,Caenorhabditis elegans
SEQ_607648,CCGCCGCCGCGTTGTGACAACTGCTTCTCCTATGACTAGATGGTATGCAGACTGGAGCCCCCAATTACATATGCTCGTTGGCTGTAGTCTTTGACTACGAATGCTCCGCAGGTTTGTGGAAAGGCCGTGTTGATGAGGGATTAAAACTATCCACTGACGTGCGTGACGAGCCCCATGCTCGAAGAAGATTTTACCAGTATAATAGGCCTCACCGCCTTATCGTGAATGCCCGGCCGCCTGGCAAATACCTTGGCTGTAAAATCGTCGCCGCCTACCCATACTGTCGCGTCTCCCACTAGACCTTTTTTCCAGCCTAGGTGACAGTGAGGGTACAAAATCGCGTACTGGCAACGTGTATCCACCCTTCCGTATGTACAAACAAGGGACGAATTTTCGAGATCGACGTAATAGCGTTTACTAACCAAGGTGGATGGAAAGGATAGCGGGTCGAGACAGCGTTAGGCTAGAAATGAGCGCCGGCATTCTCTCTGGCTAAGGTCATCAGTCTTCTCCTCATCCCATCGTGCAAAGTGTTCACCCAGCCAACACCAGCCGGGATTGTATCGCACAGTTGGGCAGGAGGATCTGGCATTTCTCTAAAAATTAGAGTTAACCGAGTACTGCCCCCACCTTATCTTAAGGGGGTCGAGCCGATCGAGCGACTGTGAGACACCAAACTAAGTGATGAATTCATCTGGCCACTGTTTAAGTCCTGGACGACGCTGGATCGTTGTCGCCAGAGGCATGCCTGATAGACAGCGGGGCCGCGCAACGTCGCAGCACAGACATGGGTAGTCTTTGACTCTCTACCCATCTTAATGACAACCGTTAACGACTGGTGGACGTAACGGTTATGCATGAGAAGTCTTTTGAGTAAAGTACATGCGGTCATCAAACTTGAACTCCATTACCTCCTTGTGCCTGTTAATAGCAGACACCTCTTTAGTCATTACTGAATTGGCGTGGGACACTCCTGATCAGTCACGTTTGATTGCCTTTCTAATTACAAGATGATCCGGAGTGAACTTGGGACGTGTTAGGAACCCATCTCCAGTCACCTTCGATCGGAGTCATGCGTGCCACTCGAGAGTTCCTCGATAATAATAGGGGGCTTAAACGAGTACGGCCTAAAATTCCGCTGATTTAAGATTTCCCGAATCGGCATCGAGCTTGAGGAGACTTCTAACCTGCCATGTCCGAGTCCGGAGGATACTTACGTCCGGCGTTGGGACCCGTGGAACAGGCGGGTCCGGACATACCTCTCACTCCTCCCTGTCAACGATTTGTTACACGTCGGGGTCTTACCAATTGAATATTTGCTGACTGATGGCAAAGCACTGGTTCAGCATGACTGGTACAAGACGCGAAGAACCGTGAGAGACTTCTAACGGTACTGGCACAACAGCTCTATGGGTGGAGCTCGAGATTTGTCTTTCAGTGCTCCGTTTGAAGTTCAAGCGATGGTGTAATCTTTGTCAATCGGGGGCAAGCCAGCGTGCATAGATACTACGGGGATCAGTCTAAAAAGTCTCATGAACACACTGCAAATCTTCAGAACTCACGGGGAGCTTATACTTTCAAACAGGGATTCCTTGACTCTGTGTACCAGTTGCATGGGTGTGAGTCCGTCGAAGGGGCCACATTGGATCGCGCTAGACATCTTGGGCATTGGCTGTTTACGCATTCGGCGGACCGGGGTACGAACTGACTTCACGGGCCGACTATCGTTGGCCCTCTAATCTTTTATGTAGTACTATTGGTAGATTCCATGGCCATACAGCCTTCTACGCTACACCAAGACATCGTCACGTTTCTGGAATCTAC,1824,50.22,Drosophila melanogaster
SEQ_779621,CCACGCCACTCAAACCCGCGATGGAGAGCGAAATGTTTTCGGCCCAATAGAATAATTAGGGATCTGCCACCCTGGAGGTATCATCGTCATGCATACATCCCCGGATATCGATACCGTCCAACTCACTAATATTACCAACCGCGGTGGGAGTCCGCCGGTAAAGATACAACCGCTGGGGCATTCTGGCGGACTTGGGCCCGAGTTCGCGAGGTTGCCGTTGGTTAGATTCGTGAGGCTTTCCGGTCATAATCTGTCCGGTTGCGGTCGATTTCGGCGCCGTAACCCTCTTGATAAGTAATCATTCGTGATTTCATTCTCAGGACCTAGGAGTCCGCTCAGTGGTATGTTAAAAGTTAGGCCCGTTTCCCGA,370,52.43,Homo sapiens
SEQ_310323,GAAGTTGCGGCATACCATAAGCCTGGCTTCATACGAAGAGCCTCTAAGTGCAATCCCTGCTCCTGGCCAGTCAAGGGTTGACTCCTATGAGCAGGTATCGTAGATCAAAATTAAATCAATGAGGGACAGGTTAATGTAAGGCCTTGCGAAAACGTATTCAAAGATCGTGGGGTGACTGTGATGACGCTTGGCACCGCACCCGATTGCCCGAGCGGACGCCTCCCTTCTAAGAGACACATCAATATTTGTCATTCCGGTGACTCCGAGGGGTGCAATACGGCTCTAGAAAAGCTCCCCGATCGAAATCTTAAGCAGGCAGTCCAGTTATGGACGGCGTTGTGGGATTCCCTAATTAACATGTAGGTACGCGTCACGTTCTAGCAATTTTAAGCAGAGTCGTTTGCTCTGAGCGCGGCGCCACCTTACAAGCTCCACTCTGCTCTCGATCTAGTGAATCTTAGGACGACGAGGGAAATGAACGAGCATAAAGAAGTCGCTATCGGTCACACATCCCCCGGGTTCACCATCCAGAAATTCGGAGGCACGACCAACAGGTACCGGGGTGTGGGTTGCCTATATTAAAAGTTACTTCTAATGACTAAGTATTGATGCACTGGCTTAATTCGCGAGTGCGCGCCACTGCGCCTCCTACGATGAGTTGGGGTCGTTGTTGGATGCGGACTACTACTAAGCTTGAGTGATCTGCGTCATCATGAGGGCTTCCAACGCAAAGTCCACCGCTGCCATCATGCTCTGCAATATAGCGAGTTTACGTAATGGAGGACGCTGGTTAGTCCGGGCAGTTCGTCTACGTCCGCTTCCGTTCTTGATAAAACGTCTCCCGCGCAGTCGCAACAATCCCTATTATCGTCCGGCGTCCATGAGAGCGCACGCATCACGCAACGAAACATGGGTGGATGGTATTAGCGAGTTGTAAGACAAATTAAAAGAGGTCCGAGATACGAGCCCGACGTATGCTTTATCTCTGCTGCAGATAGACCCACACCGGCGCCTGAGTGTACTATCGTACCGTCAGCGGTCACCTAATGACAACGTCGAGCGACCCACTCGTTACTGGTCCCCTACACGGGCTCTTCTTGTAACGAAGGCGATTTGGATGATGGTTCGACCACCGCAATACTCGCGTATGCGCCACCGTCATGCGACGGCTGAGCCCTCTCGGTATCGATTAGCAGATGGGGGCGTTTAGCTGTTCGGCCTACGGTAGCTCGCAAAGACGTACCCGCCTTGTCAGTTCAAGAATTGTACTTACAGCCATTTGTGTATCCTGCTTAAGGAGACGTCGTGGGTGTCCGATAGGCATGAACCCCCCATTAGGGATATCCGCGAGGTATTCCAGGCTTCAGGGACACTACT,1377,51.92,Arabidopsis thaliana
SEQ_517957,ACCACACATCGACCTTGATCTTTTTCGCATTCTATCCGATAATTCCCTTTAAACGGATGGTTTTTTTGCACTCGAGTGAGTATATCTTTTCTACCCATTGAATTCCCCTATGAGTCACTCTGGAGGGTCTTATTCAGTTCCATGGACGGTGGCGGTTTTGTTGGTTGAGTCCTCGGTTTGGTTGATACCGACTGGCAAATTCAAAACTCACGATCCAGTCTATGTGCTTGTCCGAAGATTTATCAGAGACCTTGGAAAAACCCGGGTGTTGCATGGCGTC,280,45.0,Caenorhabditis elegans
SEQ_710714,AGTATTGCGTCCGTAGGGCGGTTTAAACTGGTACATAAAGCCTCACTCTATTCCACCAACTTGACCCCGCCTCGCTGTCCCAGGAAAAGTTGTCCACTGAGGAGAGCAGCCAGGTGGCGTAGAATATGATGGGTCTCTCATAACAACACGTTGAAATGTACTAAGCCTCTCGTTGATGCTGCTACCTCCTAAGATCTGTCTAATTGACAGCCCACGCGGACGGTACTCCAACTGCCGTTAGAACCCCAGGTAAGTACCTGTTCGAAAACCGTTTCGAGCCACGTCACGAAGTAGAAGCGCCCCATCTTGGTCGCATAGAGTAACGAACTGACAATGCGTCGAATAGCAGCGCCGGGAGAACTAAGTAGGGTGCGCGCCTCTGAACTGCGGACGCATTAATCCAAGCATCCTTGCCCGCTTGTCCACGGTGAGCCCCCACGCATACAGATACGGGGTTCCTCACCAACGGCTTAGCCGGTGTAGGCCTTGGCACAGGTTGACTGGGGCATCGGTGTAGATCGCTCCACTCGCCTACCGCGTGTATCATGTGGACTGAGTCCCGACTTCGGAGAACTATGGCTCCGCGATAGCCGCGTCGACCCTGAGGCATGATCAGATAGTCCTGGGCTGTCGTGTGCACAGCAAGGAGGTCTCCCGTCGGAGACTCACGCGGAGCAATAGTGTGTCGACATATGGTATAAGAGGGGGAAGTCAATTTACAGCCCTGTCCGCCGGCTACTTTGTTAGGCTCCCCGGCTCACCACTTCCCTTGCCCACGTACCGTACCAGTGACACAGCCGCTTATAGAAAGATTACGTGTAGAAGGAAGAGAACACTCGTCTCCATGCTGATCCCCTTGAGGGGCCAGAAATAGGAGCCACGATACTTAAGCAGCACAGCCCCTTTCAATACTCACTAACGCGGGACGGGTCTCATGCATATCGCGCTTGTTGTAGCAGGGTTCGAATGGTAAAGCAAACGCTCTCCAGGCCGGGTGCTAATTATTGAGTGTCGCATACATTATTGTTTGGTCAAGTCGAAGTTTGACCCATCTACGAGTGCTCTCTGATCATTGCCCAACCATCGTCCTACGTCGAATAGGCGAGCTACGGTTTGTGGCTAGTCAGTAAAATTAGTGTGGGGTGGCCGATCCAGTACTGTACGCCAGCCGATTGATCTTCAGAGTACACAACGGAGCTGAGGTTTTTGCGGTTCAACCTCTATGTTACACCAGTAAATACGGGGCTTCAGTATAGGTGACGAACAAGATCCATCAGTGAAGTGTCATGCAAATTAATTTAGAATTGCCGGCATACACCAAACAAGCCATTTTCCAGTCCAGGGGCTTCAAGCATAGTATTGTGTACAAATTGGGTCTGTGGCTCGATAGCATAGGGGATCCACCACAT,1409,52.09,Drosophila melanogaster
SEQ_334751,TGTAGATAGACTTCATCGATTTGAACCACAGTGCCTCCGAGTTCCTAAGCGTTGTCAGAAGGGAGTGGGCGATCAGATGCTCTACAAGGAGATAAATTGTGTATGTGAACCCATCTGAAGGAGCTGCGGGTTGGAATATCGAAAGGGGCTGATTACAGCTACGTGGAGGCACGTAGAAAGATTCATGCTCGATCGTTTTGGGTACTTTTTCCCGTTGTCGGTGTGGCGCGTTGAGACTCGTCGCTCCCTTGTCCAGGCACCACTCCCCTCCCAAGAAAACGGACACTCCCATTAAGGGCCAATTCAAGGCGACGTATGTCTAATCAAGTGTCGACGTGGGTGAGACCACTGCCGAGGTGGCGCGTTACTATAGCTGGACGTCCGCTAACCTTATGTCCGATTGCTTGTTCTACAATCGCTCTTTGTATGCGTGCTCTTAGGGTATGTCATACCTCGGGGGCACCTCTTAACCTCCATGGAGCTCTCTGGCTAGCTGATAGACCCTCTGGGGCTAATCTTCCTTTGCGGAACATTGATGTAGTGTTAGGCCCGCGTCGGTGTTATTAGACATACCGCGGGACTTCGAGCTCATCGACATGTGCAAATGGTTCGTATACCAGAAATGCCTCGTATTAAAGTTTTGTAGAGATCATTTCTGTCACCCTAGTACCTTAAATCTCTAGAGTACTGTAAAGCAGATGGGGAGCTATGATAGGGTTACGGTACAGATAAGACGTATGAGCTGGACGGTACCTTACAGATGTCGTATTGCGGTCGTTCAGCTTTTGGAGGCATAAGCGGTTATATTGGAAGACTAGTGTCCCCGCGACTAATCGTTTCACGCTACAGATTATAAGGTTACAGAGTGTATACGTTCAAGTAGTCCCCATGGGAAACCGTGTGCGTGCCAAACGCTTACAGACTGGGTCACCATGTCCGAACGAGGCAAGTACATTTGGTCCGTAGGGAGCATGAACGTTTCGCGTGTTAGTGCGGAATCCTCTCAGCGGATCAACCGGCATCGCACTCGAGCATACGACAGGCTAGATATTCCTATGCTCCTTAAATTGTAATTCGGGGGTCCTTATCGGCTTTGTTCAAATGATGGCGCCGACCAAGTTGATTAGCTTTGACGGGAGCATAGAGCCGCCGCCGGGATCTGATCTAGCGCCCCAGGCCTAAGGAGTGCCCATAATGGAGTATCTGCTCTCCAATGCAACGTTACTGTCATTAGACGATGGCGTAAAGCCTCAGGCCGAGCATATAAGATGTATATCAGTGGGAGGTTAGGTAGAAATCCCGGAACCAGCGGGTGCCACACTAGGTACGCGACGCTCGGAGATCAGATAACAACCAACTCCATACTGCCACCTTCGGGAGCCGGCATGGTTTACCTTGTAACATATCCTACACCTAGAGATGACCTGCAGTCCGTTGGTAGCAACTTCGCGTTGCTG,1457,50.24,Drosophila melanogaster
SEQ_489102,TCAGTATGAAGCAATGGCGCTTACATAGGTTCGAAGCATCTAAGTCCTAGTTTACACACTCCGGCGTACCGGCCTGACACCTCCCGATACTCGTGGCTTCTAAGGCGATTGTTCCTGGAGGTCAGAATGCCTATGTCAAAAAACACAAGTTGATATAGCGCCCGTTGCCCCACGGATTAACACCTCCCATTGAACAGCTGACTAGAGATAGGACGATTCTACGTGTATGGGGGCCATTTAATGGCTATTAATATGGCGAGCAGGCGGGCGTCTTTGGAGCCTGGCACGGGTTACAGAACCTAACGCTATCGACTCTTTGGTCCCTGGGTACGGCGTCTCTACCTAACGCATCACATTGGTACGTAGTGTCTTCAGCTCCTAAGCAAAAGACGGAAGGCATACAATATTTCTAGCGATGTAGGTATTCTGACACGTGTTAGGCCGCCTATAAGACCTGACTTTCGTATCCCTAGTACAATGCCTGAAGCGGGTGGAGTCCCTCTGGTTCCTAGAATTATCTCTAAGTATAGCAGCGCGGCCAGCAGCGAGTACTTGGCGTCCCTTCCCTACCTGTCTGTTGCGGCGACCTAAACGGTGAGGATCAGTCTGCTTTGA,615,50.57,Saccharomyces cerevisiae
SEQ_916637,TGTGACATATTAGCTAAAATTTTGCCCGGGGGCTGTTAATTATCCCATTTCGAACCTCCTGATCTCGCTCTATGATTTGTGTGCTCGGCGAACTTGTGACAATCCATCGGGACCGTGACGAATAGCATACAGCGTGGTGCCTGACTTATAGTGCATCAACCGGGGTTTCTTCCAGTGTCGTAGTGAAGGGTACGGTCTACGGCCGACACACGCGTGCTAGCACAGGTAAAATCAGCTGTTAGGCACTTAAGATAGCATGTCCAACGCCCCGCGTACCCAAAGGCGACTCTTAACAGGCAGAACAAAAGCCAGTCGGGGTGTGCCCGTGACCACTAGCTACTCGGACACGAGACGGCATTCTCCCCCGTATATCGGCACTGAAGCCGTCGAAGAGCTAATGATATGAACTAACCAGGTGAATTTATATCTAAGACCTTAGAGCAGTTGTCTCCTTACATCGGAATCTCCTTCGGATTCGGGGCGATTGGGATGGAAGAATCTCACACGAAACTTCTTATGGGTAACTGGCGCAGACACCGGGGCTTGTCCATTACCTATTTTAATAGACGGATGCTAGACTACGCACAGCGTGTAAAATTCATATGTACGGAGTCCGGACGAACTAGTTCAACCAACTTTTAGGGAAGGAGGCGTTGCCCGCTCGACCAACGAGGATCGCGCGGCCATTACGTTAGCAGTCATACACGACTTTACTACTTGCTTACCAGAGAGCTATAGCGGCATAAGCGCACGATCAAGTCATTACTGCGCTAATGAGTTGTTGACCCTAAAGATGCACCAGAACACATAGAGGAAAACAGAGTACCTTCTCACTCTGGAGTTATATGGAGTATAGAAACGCACGTTTATCTGCTCCGCGAGTTCCCGCTCGACTACATACCGGGCAGGATACGTGCCGTCCGGTAATGTTTGCTCACTCACCCTCCCGGCGGTACACTTAACCAGCCAACGCAGCTCCCCGTGTGCCGAAGATGCCCCGCTGCACGCTCGTGGTTGGTGGCTTCGTATGTCCAGGAATGACTAGCCACGGAGATGGGTGCTAACTAGTCCCCTAAATCAAGATAAATAAAGTAAACAACGAGAGGCAATGGAACATATCACCCTTATGTCTATGACGCATAGTGGAATCATTCCGTCTCAACACGAGGCTGCTATGTAAGTGATACCTCCAGAGTCCGGACAATGAATAACGGCGACTGTCGGCAATCATTACTTGTTAGGCCGTGGAATGTATCCCCTCGCTAAATGTACTGGCAGGGCGCGGCTTCAGTTATCTAGACCCATTGTGCACGAGAGTAGGGGAGAGATATTTTCCCTCAAATACGATTCGCTTTAGATACGATATTGCCTCAGAGGATAAATTCTTGCTGCGGCTGGCCAGAGGGTAATGAGTCCACCGGTTGAAACGCTCAATAACGTGGTAAAGACACTGTATATACAGGAGGTACCAGAGCCACGCGCCTCATTAAGGGTAGCAGAACGAAGCGAGCCTAGGGCTGGTGAAATTACGATTGTCTGCTGTAAATGTTGACCCTGTATTGAGGCTT,1568,49.68,Mus musculus
SEQ_987980,AATTTGTCACGCTGATCGTGTTGGAGGCGCAATATCAATCTTTAGCCACTATACAGTCTAAACACGTTGTAGCTGTTATGTGCCGCGCACCGATTGCCACACTTTATGTAGTCTTCTGATGACACCAAAGACTTCATTCACGGGCGAGTGACCGATGTTTCGAGCAAACTGTCGCCTAGCCATACCGCGGCATTCGAGCGGCTTCCATCGTAATACCTAAACATGTCGGACTGTAATGCCCACCCGATTCCCCAGGCTCAAAAGCATCCTGGGCCTGAATAGGGCCCGACGTACCACCACATTTGGTCGCGCGCGACGGGGGAGCGGGGTAAACTTGTACTATAGTTAAAGCTGTTGCCCCATCGAGGCTAGTATGTAGACTTAACTATATCCTTTCCGAAGACGACGCACGAGCAGTTGGGTCGTGCGCCTGCTAAGTTTCCCAACATGGAGCTTAGTGGGCGGGTAGCGCCTCAGGAACTTGTTAGGAGTTGTCTTGGATCTCGGCATCATATCAGTATAAAACGTTGAAAATGGCGCGAATGCAGCTTAAGAAATGTGTCTCCATTAACCGCGAGTGCTAGGTGAAGACTAATGCTAATGACACCTACAAGCCTCCTCAGTACCTATCAGACTCTTGGATCACCCCACTTCACGCAAATCTTCGCTCTTAGTTAGATCGGGGAACCGCGACTACTTAGCAGCGAAAGGAGAGCCGTAGCACATGCCGTCTGAGAAGAACCTTAGCACTCCAAAGCCGGTTAAAGGGCTTGATATCAGGACGTCCTCTGGTTGTTCTCAGTTTAAAAACTTCGTATCGGGGGCTTCATCTCGATCAGCACAGGCCCCTGGGGCTATTCCCAGAGCTAGTCCATTTGCTTGTTGGGTAAACCTATTTCTACGACCGCTCTTAATAGTATAATCGCCAGCGTTTATCAAAAGTCAGGAAGATGTGTTGTATCAGGAAGACCGCTCCTTTTGCCTTAATGTATTATCTATCTCCGTCCCACCCATCTATTGTTCGTGCATAAACCTTCTAGGGAACCGCGTGCCTAGGAATCAATCCGTAGGCTCATCGATCTGAGTGCACCGAGAAAAAGCTCAATCAGGCGACGGGTGAAGATTTTACTTTGAGTGGTTCCCAACTTCGCATCCACCATAAGAATAACAGCCTTGCAACTTAGTTTCCGAGGCCAATAATTCGTCGACTATTGATGAAGTTCGTTTACTCCTGGGTCTCCCGTCCGGTGAAACCCCTTTCGACGACTCTTTCAAGGTCTTAAACCAGCGGAATATGCCGCCGTTATATTCGTTTACCCGAGCCAACGTACCTTGGTTTGTCCCAAAGCAGTGACTCGGACATACTCCATCGCAAACTCGCGCAATTAAAGTCTTTTCTGGGTATTTACGCATCCATTAGCTTTCTCTTATATGACTTCCCTGGGCGATCTAGACAGTAGCCCACACCTGGACCCAAATCACTGCCTTAAACCTCACATCACACCGCTTTCTGCTCCAGCCAGTACCTGCCCGGCAATCGCCCGCTTCTTACAAACGTCAGCGCCAAGTTTTGCCGTATATGGCTCGGTTTACGGTGATGGTCGCAGCCAGAGATTTGATTTTCCGCTAATATGTTGCTGAGATGCCAGCTAGGTGTACACTATTCGATCTGTTGACCGCATCCCCTGCTATTACGGTCCCAATACATACGTGAGCCTACCCTGGTATAGGACTACACGTTGGGGAATGGCCCTGTGTCTAAAGCCCTTTGTCCTGCGCAAGGTCTTGGTGATTACCCTTCGGATTTGAAAAGGATGTCCCTTGGGTGAGTCGGTTCTCCCTCTTTCTCCAACGCCATCCGAAGTGTTCACGGAGGTGTTCCCAGTTTGTGCTTCAGGTCACCGAGAAGTATCTCATTCTTCCATTAACATTGATGTGGGCGTGAGTGTTGACCAGTAGATTCAGCACGTCGAGGAGCATCCATACTATGAGGCTTTGT,1999,49.27,Saccharomyces cerevisiae
SEQ_681833,AGCAGTACAGATGGTGCGGTTGTCTCCATCACACGTTCTATAAAAGATAGTTTTGGCCACGAGGTAGGGCTCCCAATCTTTGCTGATCACCAAATATCTGTTGCCACAGCGCCCTGATTCGAATTTGCCCGTCTACGGTGACCACTGTGACCACCTCGACCCAGTAGGTATAAGAGCGGTACTCTCTAATTTAACGCCGGGGGAGTATGACTGTCAGCCATCACGCCTATAGTCTTATAAGGTGCGGGTACACGTGCTCTATAGTTCACCAACACTAGCACAGCTGACATAAATATCGCACTACTCTATTTCCTTGCTCCATGCGAACTACTATCATCAGCTGAAGCTACCGAAGTACATAGGGCTTAACAGCCCTAGTTCCGCGCTATCTGCACCTTCGCACGCGTGTCAGCCTGGCAGCAACGTCGCTGCGGGGTATGGGGATTCAGAGACCGAAAGACACCCGGATTGTCACCAGACGCTCGCAGAGAACCCCCGTTCGTAGTACATGTTCATCAAAATTCAACGGTGGGCGTGGGTCTCAATTCCGCAGGACTGGTGGTGATTCGTGCTGTTATCGTTATATTACGGGCAACAATCGTCTTACAGTACCATGTCACTCTCAAAAAGCATCCCAGCAGCGCTTGTGAGGGTAGTACTTACACTTGGTTCCTCCAACTTTTACGTTCGACTGCGAGATGACGTACGCCTTAAGATGAGGAATCGTATATCGGTCAAGCCCCATAGCGTCTCGCGCCATGACTCATGTATATTTTTCAGAGGTAGCCCTGGCCTCATTCGACTAGAAGAAACCCAACTTTATCTCAATCCAACACGGTGCGCGCGGTCTTAGCCGGGCAGTAACGAACTTCCATCTGATGAATTTCAACGTACCCATATGTCCCGGAATACGCTTGGTTCTCTGGCCGAACTACACAGAGATGCAGACAGTATCAATTTAAACAGAGTGACGAGCTTCAACTGCCTGGGGACGATGTGGAGCTTACAGTGTATGACTTCGAAAATTTCGTGGTGTGACTCTGATCGCCTCACGTGTTGTGGTCTAAAGTATTATTCGATCTACGGGCGCGCTGTTAGAGTAATCTTCCCAACATTTACGCTCTTGGTCCACGAGGCAGTCGTTGGTAGAATACAGTGATCCCTCCGGTGGGATTGGTCCGGGCCAGCTACAGTGTTTCATTCTGATCTTGGGCATCCGTTTCTCGACGCCATCATTAGATTCCGTGGTAGACCGGAGCTTTACCGCACAGTGTGGAGGCCTATGAGATTGGGTCTACGCTCTGAGACCACATCGCGTGGCATCCAATAAATAATAAGACGCGTTTGCTAGGTAACGTCCGTGGCGCAAGCCGTTTCCGTTTTGGGGTCGATACTAGCCCGAACGGCGGCACGTTCAGCTCGGTGCGGTTTAAAGCTCCTCGAGGACCAATGAGTGCTCAAGGTCTGCGTACATATTAAAAATCAGAAAATCCGCTGATTTCCAGTGAGTGATGCACACTACTGCCTCCCAGGCAACGTAGAGCGCAGTCTCAGCGGGGGGTAGGAACATTGGCAAAAAGCCTGCGCAAAGGGTCGGGAATAGACGCAACTCGTACAAAGGGTTTTGCGGGAAGTCCCGTTACTGTGGGAATATCGGACTCATAGGCTATCAACCACGGCTCCACCTGTGAATGTTTTCATTGTGAAAGATTTTTGTCTGGGTCATCCCCTCGCTACCCTAGTAAAAGATGGTTCAATCCGCTGTTGCACAGTAAGAGTGGAGAAGATCCAGCGTCAAGATTTGGCTAAGTGCTCCCAGGATAAGCGGGGTTATCGTTCAAAAAGAGATAAATATCAATTCCACAGTGACCGAATTGATCCCTCAGAACGGCATTACTGTTGGCTGCCTGTATCCGCCTCGGCGAAA,1927,50.08,Homo sapiens
SEQ_817309,TTCCATACGCGTCTTAACTCTGAGTGCTGCAAACACCTTTGTGATATTATCCTAGGATTGTACACCACACTTGGAGGAAAACGACGGCATCGTAATTCACTGGTCGCTTCGAATAACGGCCCAAGTCAGGCAACAGCTTAAACAAAGAGTCGGCCTTTGTCGTAAGTGTATGTCACCGCATAAGGTGGTTTAAGGATCGATTGGGATTCTGTGCCGAAACGTATGCCGTTCCGTCAGTACGATTCCATGGATGCACACTAGGCGAGCAGCCAAGGCCCCCCGTAAGGATCGCTGTGGGCTCCAAACCGTTTGTTATCGTGTTACCCGTCGCTGAGCTGTCCACCTCCCCAAATCTACGCGCGAGAAGGGCCTACCGAGCAGATCACTGTCGGGCTGGACAGAGCTGGCTCTAGCTCTCTGTTGTCTGGCGTCCAGACGGTATATCAGCCGCCACGATTCGTAATGCTTCGCCTTCGTCCTACCACCCGCCTGTGCTGTCTCTATATAAGCACGACGCCAGCATGTACAAAACAAAGTGAAGCCCACACTTTGAGCCCGCG,560,52.86,Escherichia coli
SEQ_221902,AAGCAAGTTACGTAGCGGACCCGTTTAGCTCGAATCAAATCTAGTCTCCGTTACCTACTAAGAGGGTAGAGTCGGAGTTTATGCTCATGTGGCAAGCGTCTCGCACCCGG,110,50.91,Caenorhabditis elegans
SEQ_668516,GCATCTCGGCCATAGTTAGATATTCGCATCGAGATTGGGTGGCAATGCCGTACGCTGGAATCCCCTAATAGGGCCTGCGCTGACCTGCCAGGCTATGCCCCATGATGATGTATCAAGACTTAGTTATGGGGAATGGGCCACGGTCAGCGTCCTCTTTGTGGATCGGGATGGTTTTCGCCGTCCGGTGACACTCAACGGGACCTGGGGTTTGACAGCGTCCTGATCTATACGGCGTTGGCTCCGCCTGCATGTACGGCAGCTGGTTTCGCGATCCCAACGACCGCCATAGGGAGACTGGACCGTTCGACTCAGACCGGGCGATGTCGTCTGCACTTGACGCGCTCTGAAGTAGGCGCGCACGAACGGGCGGCAGTGAAGAATGGGGTCTTGATGCCGGCTCGCTAGCGGCCGGTACCATTCAGCTAACCACTTCGGCCGGCTGGATAATACCCAATCTTGGAAGCTTTGAAACCTCAGCTGCTTAAAGCTACACCTCCTCTCTCTTAGGTACGAGTGCGGAGAGGTTCACGAGCAATCAGGCAGAACTCTGCGAGCGCGCGTTTACTCCTGCGTTGATAATTGGTGCAGCGGCTCCCAGAACGTGTTAAGCGAGCGGCGGGACTAGGACATCGTGGATTGTTTCACCAGGACCGTATCCCGTCTTCTTCCGCTGTTAACAATCATGGGACATTTCAAATTGCCGTGCCCCGGTCAAATGATGGCACGTAAAAGGTGTGTCGTCCCCGAACCGACTCTCCGTCGTTGAGGCAGACCGCCATTGAGTACTGTGCTGATTCTCAAGGGGAAGCCCCTAACAGGGCCGATGCTACGCGGTCATTCAGCGACGGGTAGCGGTGCGAGGCGTCGTACGTTACGTCCGGGGGCAGCGGCGTGGCTATCTGAATTGGTCGAGTTCTTGGCGCGTACCTAAAGCAGTCAACCTATAGAAAATTTGAGTGGGCGAGGTCCTGACACTGTTTCAGCGAATCGCGATTCATCCGTACCTAAACTACACCCTGTTTCTTACATATTTAGTTTGATGTGTAGGCTCGAATCCCTGAACGGTGTGCTGTATGAGGTTTCGGTACGCGCGTGTGTTGACAACCGGACTTACCGGCGAAACCCCAGCGATTGTGACACACAGCTGGTTTCTAAGTCGTGGTCCGTAAGGATATGCCGAAAAGTGTGTTTATAGACTCAACCCCGTTACGAGATTCAAATCGCGAGCGACCCAGGTACTGCATGCACGCGACTGGTCCGGGTAGACTTGTCGGCCGCAATCATGTCAAGGAGGAGACTCTGGCTGTGTCGTATGCGAACAACTACTCTGGGGCCACGGTCGAGCTCGGGCTCTTACAAGCAGACGACACTCTTCCGCGCTTCTGCCGGAACTACTACCGTGTTCATCACCGTACAGCAGTTAGTGTCGTAGGTCCGCGCTCCCGTTGGTTGTCTATTTACGAATTGTATCACGGGCGACCCGTTACGATGGTATATGTTGGGCAACGTATAGCAATAACCAGGTCGTCGCACGGCATACATCCCACCATGGTTCTGGTGAAGACAACGGGTCGTTCAAGATTAATGCGTAGCGGTGGGACCAAGTGACATGTATTGATAAGGCGCTCATTCGTCACCCCGGCATTCGTGATGTGGTGCGACCCAATAAGAGTACTCGGTAGGAGGATTGAGGTACAGGGATTTCTGCTTAATCTAGCAGCCCGCCGAATAATATGCCGTGAACTCGCATCGGTCAG,1757,54.52,Saccharomyces cerevisiae
SEQ_158560,CATATAGTGGTTTGCATGGCTGCAAGTATCGCAGAGTTCTGTTCTCCTGTATAGGCCTGCTATCCAAGCCGTCTAACTGCAACCGACTCGCATAATACCAGACTGGTCTACTAGCGCTAAGTCACAATGAGCTATGCCATTACTCATCTATTAGTAACATACCCATGCGATGCCCCAAAGTGATTCCGCTTACGCCTAGGCTAGGCATGGCTTCTAGTCTAAGACGCGTTACACTTTATTCTCCGTGATTCGTTGGTCACGAAAATTGAGCCGGTCTCAGGGGTGTGACGAGACTTTGTGTCTCCATATCCGGTCCTTCCATAAGAGAGGTCATTTCTCTTAAACTACGAACTTCCCGGATGAGCACGGGTAGATGTGGAGCGCTTATATAAAGATTTAACGAACGTATCAGTTACCTTGATGGTATCTATTGTCCCTTGCATCCATGATCCAGCGCCCGTGGCGCTTCCTGTAAGTATCAGAGTTCCCGATGGTAACCACCGGGCCACCGATTAGCCCCGGCGTCGTCAACGGAAACAGGCATGCGGGAGAAAACCTCGTGTTACGACATAATGCTGAAGACTATCTTTGTACGTACGAAGGTACACCGGAGTAGTCGACCACTTGTACGTTGTTGACTTTATGATGCCTTTGGCCTGAATACCATCGTCACCCCAGCATTAGCCCATCGAAACCCGCCACCCCAAGGGATATTGCCCTCAGAGAAGATCGGTGCTGAATGAGATCACAACCTGTTTTGGTTAGGTGGAAATTACGTTATTCCCAATAACATTGATAATTCGTGTCTTGTCC,813,48.09,Escherichia coli
SEQ_349206,GCCGTAACCGTCTGTGACAAGGCAACAGATCACCATGATACAGTAAATCGTGCGGGCCTCGAGTCTCATATCTATGTTTCGTGTGACTAAGGCGTCCTTAGGATAAAAGTATATGGCAGGCTGTAGAACTGGTGCACTCATTCGAAAAGCGTCATGGTGTACAAGCTATCAGGAGACATGCGACTCGGGTGGCCTACTATGCTCGGCGATGACAGAAGCTTAATTGAGGAAGGATCAAGCCGAGCCCAACCGCAAGGACTTCTATAGCAAGAGATTATAATCCAGACCAGCCACGTAGAACAGGACCTCGGTTCGAGTAGCCCTTACAAGTTATACAGTATGCGGGGCTTCCTTCCCCCCGCGAC,365,50.41,Mus musculus
SEQ_788925,CGCACGAATGATGGGCCGATGACCTAGTTTGTTGGTATGGACTGTAACTGAGGAGGCACGTTCCAAGTTGGGCAAACTGACGGTTGCGATTGAGACCGTGCCTTAGCAGCGCGGGCCTTTGGCCTATTCCGGCTCCCCTCGTGCGTAACCAGCTGATGGTCTGTCGTCACGCCAATATCGACATCGTCAACTTAACATCCTGATTATTTATGTCTATCCGCAGCCCTATAATACAGACCCGTGACCCCCTGGACATTGGACCATCTTTACGACCTAGCTGCATGGTCGGGAGTTGGATAAATAGCTGGCATGTCTAGATCTAGTTGCTAGCTTGAAGAATGTACTATGATTTGGCGAACAACACTGTATTTCGTAGCTTGGCTCATTGAGGCACGCACCAAGCTCGCCGTATAAGCGACTGAAGATAAATTGCGGTTATCATGTAGAATTACACAACAGCAAATAGAGCACTTCCTTCAGACTCCACTTTATGACTAGTACTACGGCAACATTCCCCGCCTCTGTCTAGCGGAAGACGCCCTCCCACACGTACACGCATGCACTCCAATGGCTAACAGGGTACCCTATCACCGTCTGG,598,50.17,Arabidopsis thaliana
SEQ_623081,TAGTCTATGAATTTACATGTAGCTCGAATTCATCCCGATACAGAAAAAATCTTGTCGTCCGGTATCTAGACGCATCCTCGCGCAACTTTCTAGCGCTGAAGGATCATGAATAGCAAAAACGTAAGACCATTGCATAATGCCGCAGGGGTATTAGGGCCGCTCGTGTGGTAGTAATCCCAGCAACCACCTCCAAGACAAGTCTCATTGAGGACCTAGTGACCGAACTTGGTCATCGGCTAGAGTCAACACGGCTACCTCTCGTTCTTGTGGCCAAGGAGCATGACTCGGAGGCACGGCTCGACGGGTCACAAATCTTATATTCAGTTAGGAAGTAAATGTAATCGTCTGTATGTTGGATCCGAAAAGGTAAACAATTTATCGGCAGTACAAGCGCTACAGAGGATCCGGATGCGACGTAACAGCTTATGAAATTATGACTAGCCACGAGATGAAGAGACTTCGTAACAGGCTTAATTGTAGCGCCATATTGAGGGAAATCATGTGGGTAGTCAAGAGAACGGCGCTCATTTTTACTTGCTGTGCGCCATCTGTCGAACGGTCACCCAATAAACAACCCGAGGTAGACATGTCCCTACAGGTTACCTCTCTCCGCCTCCAAAAAACCGGTCACATCCGCCGGCCCTAAATGTCTATCTTCCTGGAAGGGCTCAGATCCACAAATATCCCTCCGCCCGTTAGTTGTAATAGGGCTACGACGAGCTGACGAGCTGTTCTCAGCCCACCGTTGGATCAGAGTGTGCACATCGCTCCTTGCATGAGACGGGTTGTGGATAGGGCCCCTCCGCTAATTAATATCCTTTTGGCACGCGTGGGTCACTACCACATACTACGGTGTAACCCACGAAGCACTCACCGACCGCAGGGGCGATCCTGTAAGTTTTCTTTCGGTGGGAGGTGCTTGGGT,925,49.73,Caenorhabditis elegans
SEQ_962295,GGACGACTATCTGTCATTAGTCGATAACCATGAAAGAGCAAGCCGACTTTTGGGATAGGCTACCTTGAATGGCACATCATAGGGTACCATTGTATAAGATTAAAAGGTAGGTGTGGGCCTACGGACCGGATTAATGGATACATGGAAAATCGACCATGTGATCACTTGGAGGGCGTGAGGTGGCACAAAGCATAGACAGGGGTTTGCTTACAGCCAATCGGGTACTATACGACTAGTTCCGTAAATTAATCAATTGAGTTCGTAAAAGTGTCGGCGAATTTTGATGTGTCGTGATTAACCTTATCGCCGGGAATAGCGCGCGAAATGATACTGCGTCCGGGAGATGGGAGAAGCAACAGGTCGTATGAAACCTGAGTGCCCAGGTCCCCCGTCTGTTCAATTCTTAGGTGAGATGACCAGATACGTACTTTCATAACCGGCTCGCCACCGTAGTTAGAAATACGGGCCGTGGTGCTATGTGGGTGCCTTATCACTGGAACTTGGCGTATAGGCGCAGCGAGTGGCCCCGTCGTATTGCTGTTCCCATGGTTTATGCGCTCCTAGTAACACGCCAGGTCTTGGTACCTTAACTTACTTGAAACGTAGCAAACCGAGGATTCAAAACTCGACGGTCCTCTTCAACCAAGGTCCCGAGGTCCACAACGAAAGGCGTGTTGAA,679,48.9,Homo sapiens
SEQ_199251,TAGTCTGCCCGTCACCAATCCTCCCACTCTCTTGCCTGCTACCCCAAGTAAACAGGCGGCCGTATGGGTAATCAGCTTTGGTGTTGCGACACCGTGAGACAGCGCAAATAGTTTATAAAAGCGTGCAACTTGTATTGATGTCCGCCGATGACTTAGCCCTATGTCGTCATTCCAGATCCGTTGCGAGTCGCTTTCGTTGGTGGGTATCGAAGTTAATACCGTCTTTCACGCGTCTGAGCCAAACGCTTGGTCCTGCGGATCGCGGCCCGGTGTCTCCGGGTTGATCGGTAATTTGTCCATGTATTCAATCTCTAGATTTGACGGTGTACCTGCCACCCCACATATTCTCTAGTGTAACTCCACGCAACGTAGTGAGTTGGCTTCTCGGACCAAGTAAAGACGATTGAGCCTGAAGCACTACTGTCCTTACCATAAGTTCCGGAGGCGTATTCTATGGATAATGCATGGGGACGCACGAATCACATGAAAGCCGGTTGTCATACACACCCGCCGTGTGGCCTCAAAACCAAGTACTGGAGTGAGGGTTGTACTCTGGAATCAAACTATGTGAGAGCAGCTACTGGACCCGCGTATGAGCTAAGGCGAGGCACCGGACCCTACTACTCTGCGTATTGGGTACGAACAACTCCCGGTCTAAGACAAAATAATAGCACACAGTCTTTATCATGGTGCCGGGGATCCGTTGGAAATTGTCTATAGTAGAAGCCTGTCTTGTGTTCATCAGGCCGACAAGGCTGAGAGGCCTCTATATCGACCAACACCGTTACCTGCAGGTCATGCGCTAGACCGCAAGCCCTGATGTCACAGGCTTGGGTATCTGATGCCTTGTAAAACTGTACGCAGGGGAGAAAGATGGCTAAGGTCTTTCAGCGATCCGTCCCAATTATCGTACCGAA,917,50.82,Caenorhabditis elegans
SEQ_839324,TAACACACGGGTGCTAGTCGCAGCAAATTGTGGAGCGTCCGCATTAACAACGTTCTGCTTCAGCTCTAACTAATACCCTTCCTAGTCGACCCACCTGAATGCGAGCCATAAGGTGGGTAAAAGGCTAGAGTTCTTAGTCGGCTCCCCACTTACGGAGGATTGTGCCAGAAAGGATTCGTGAGACGGGTCATTTTAGAATGCATCACACTTGCACCCGCGTTTATCACTCATGGTAGTTTTATCCGCGCCACAGACGAAAACATATGAGCGAAGGGGAAGTACTCTCTAGCCTCTAGGGCGGTGAAGCTACACGAGATTTCGCGGGAATGGCCCTCGATTGATCGTATACTTACTACGTACTGAATCAGCGTGCGTCACTGATTTCGGTTACCAACGAACTCATATAACCCTTTGGTGAAGTCGATTTGTCTACGTAGGGATTGACTAAGTAAGTACGAACTTACAATGGACTATAAACTGTCGTCTTATGCGTGGTGAAATTACTTGGACAGACCTTCTGGGTTCGAGCGATCGCACACCTCGGTCCAGGCTTCAACCGTCCGAGGCGCAGGCAAGAGTCCCTCATCGTCCTCGACATGAGAACTTTTCTGGCCATATGTGCGCTTTATGACTAAGTTCATCTATATTCGAGACACCCCGTCAGTATTGTGCATTTAGCCCGAGTCATAATATTAGGACGTATAGCATCTGGAGACTCGCGCCAGGGCAATGTATTAGGGTGGCGCGGTTACACCGTCAGGCTAAGTGGCGGGGCGGCCTTAAAAGGGATTGTCGGAGACTGAGTAACTCCACCTAGTTTCACGCCCAGTGCCAGACATGAACCAC,846,49.65,Mus musculus
SEQ_374080,CGTATAAATTTTCTGCCGAGGTGTATTAGGATCCAATCAATTTAGTGGAGCGATGAAAATTCAGACGAGGAAGGTCCTCTTTGACTCGACGATGACCGTGCACCTTCAAGGGGTCAGAGCGGGGACGCGCCTGAGCAAAAACCACAACATTTGACCAGGCTCGGAACACTCGCAGGAACGTCCCCTTCATCTTATCATTTATAGCAGGCCTGGATTAGAACCGCCTGTAACCGCTCAGATCACGTGTGAACCAGGTATCTGGAGTCATTAATAAGCAGGTATTCTTCTGTGTTAACTAACCTGCACGTCCCGTGTCAACTACAGGTGCTACTTAACCCGCACCATCGCGTTTACCATCTTCAATTCCACCCAGCGTCTGACGGATTCCAGGTG,393,49.36,Saccharomyces cerevisiae
SEQ_311293,CCTGAAGTCCGAGCGTGTTCGTTCTGTTCTAATGCTCCAGGGCTACGTAGGTACGCGCGATCTTCCCCGGTTGCCGGGTGCGCAGGAAGGCGAAGTGGATATAAACCTCTTCGATCACAGTCTGCAAATACGCTCGGCGGGGTCTGACATTAGGCACACGCAGATCGACACAATCCTTCAGGACGCAGCGCCTACAAAGCGTTGGCCGCCGCACGGACGTCATGCGCACGTCCCTAAGTATCTTAACCAGGGCCCTGACGGGTTAATATTGTAAGCGCCAGACGCAGCGGTACGAAGAAACCTCGAATATACGATCGGGCCCAAACATTTGGCCGAACGCCGTTCCGTTCCCATGGAGTGAGCGACATCGACTTGAATAAGTTCCCAATTAGAGCTTTGAGATACGTAGACAACCCCTTGATACGTGATAGTAATCTCCTTGGCGGCCCCAGCGGCGCCAAAGATTTCGCCCGCAAACAATCTTACTGCATGTGTAATTCCTAGATCTACCCAGCTGGTGGGATTCCTCCCCGCATCACGAGACACCCCCTACTTCCTAAACATATCACGGGAGCCTGGATGCCTTTGCACAGCCTCGCTAGAAATGGCGCCCCTACGAAATTGTGGTGTGTGAGCGAAAGTGTTGAGTTCCCTCTTTCACGGATTGCTCATTAGATTACAACACGCTCGCACCATTGGACCATCATGAGGGGAGGATGGAAAAGTCATGCCGATCGCTGCCTCCTCGGTAGTGCGCAACTTCAAGATCCATTGAGGGCTTAAATTGGCAGTCTCTCCAATTCGATCCTAGCGTCTCGGCCGTATGAAGCTAGCAGTCACAGACGACTTCCCCTTGGCATTCACGCAGTCGTTTGTTTAGGGAACAAATCAGTCACATCACTGCGTCCGTACGGCTTGGAGCTATTAGAGCGCGTCGTAGACGCAACATACAGTCTTTCGGGTTGGTCGTCCCGGGCTATGCCGAGTAGCGAGAACTATGTCCACCCTTTTTGCGGCTCACTTGAATCAAAGGAGATGTAAGCGTACAGGAAACTGTCCATTCGTGGCGAGGGGTACTTCTGGTGAAACATGAGCTAGCGCTTAAATGGGATGAGGTCCGTAAAGAGAAAATACGCCAGCACTCAACACGTATCTTGAGTGCGGTTTTCCCGTGATTACATTATGTCACAAGTTGAGTTGGAAGCCTAGCCGGCGCTCTTTTACGATGAGGGCGAATATGGGCTAGCTAAATGATGTAAAAGTACATCCCCCTTGGGCATGCCGGTAGAGACTTATTACAGTTGACCCGTGAATCTCGCTCACTTTTAAGACGTAAGTTAGTCCTCACTCCGACAGGCGGCTAAGGTCGTCAATTAAATATCCATGCTTAATCTGCGCGCCCGCATTTGTAACTTACTGCTTGGGGCAGGCACGTGCGTTCCTGTCTCGCACCTCTGACACATGCCTTTTAGCCCGGATCCTCGACATCTGAAGTTTATAGGAAACGTCCGACGGGGAGAAAGTAAAAGGACGTAGAAGTCGT,1543,51.72,Mus musculus
SEQ_921857,GTTAGACGAGCAGGTTTGCAGTACATACGACCAGTTCAGGTGATGAACGAACAGTCCTGACACATGGCAACCCAGGCACGGCGTTTGCAATATGATGTCTCGCCGCCCCGCACACCGCGTTCAGTTGATCATAGCGTCGTTATAGTGCGCGGGTCACACCCTTGACCGGCGTAACCCGCCACCGTAATCCATCCAACCACGAATAATTGGAGCCGACCAAACCCACTGTTGCAAATTGGGTGACAGAGGTCTTGCGCCTTTGTTGACCTGAGGGTGGCGTCTACTAAGCACACAAACCCGACTTATCACTGGTAACTCCCGTTGAACGATAGGTTCGCGATGCGCTCGGTCCAGTATGATCGCACGCGAAGTTCATATGAACCGTTGACGAAGAAGTTTGATTTGGGGTTTTGATCGGACATAGGTCGTACCGGGAGCAAAGGGGGCATCCACTCGTGTGCGTGTTCACTCAACCAAGATGAGTACTCACCCACTTCGTTGAAGTGTTATAGATCCGTAAGTGGGTCTTGCGTCGCGGATAAGCATCGTCTAACTGGATCCCGCAAAGCTAGTACAGCCCATGAGGTCCAGCATTATC,598,52.51,Escherichia coli
SEQ_385046,TTAATTCCACCCTTGACAGAGCCCCGGGCTGAAGTTTTTGTCAATCATACGCTCGGTCTTTTGTCTATTCCGACATGTGCTCATACTTGCACGTAGGTACAGTCTGGCAACATGGTCATCCTCGCATTTGGCCTTCGAGGGTATACCTAGGTTGGGCGTCGTCATCAACCTCCTGTGCGAGGCATGCATAAATCCCGCAGATTGCCCTCTGGCAGTCTTCTTAGCAAGGCACGGTGACATTTAGCGAGGTACTGATCTCGTCGGCGAGGGAATAAAAATATCTGCCTCGGGGCTCCTTGTTCATCGCGAAGGTGTGCCAGCGCGACGCGTAATCTTCGGGTAGTGCATACATGGAAATCCGAGTTTTGGTCAAAAAGTCAGTCCGTGTCCGGTGTATACAAACGTTCTGTTATTTCTTAGGTACCGTTGCTTGACAGGACTCAACTCAGGCCCGTGAAACGTTATCCATACCGCGCCTGCTTATGGACTCGCATACGTTAACGTGTCACTACCTCGGATTTAGTCCGTATGTCTGGTTCAACCAGAGGAGCCATCTCCGCCGTTCTCGTCGTCTACACCGTGCCATGAGTCCCAGTCATGCCAAGGCCACTTC,613,51.55,Caenorhabditis elegans
SEQ_768265,GGTTTCATTATGTCTGTTCCACCGATGGGGTGGCATTAGCGGATAACCAGAGACACTCCCGAAAAGAGCCACATCAGCGCGGGCTCGTTTGTCTGACGCGATTGTGGTAGACAGTAGACAATCGGGGCGGTCGGAGAGACAAACGGCTCCGGCATATTGCCCGTAAACGAATTTTATTCGATGCCTGCCTTTATGCTAAGATCTTCTCTTGCAGCACCCTCTCAAACCAGTCGACCATGCAGAGGACACCGCAGGTGAGGGCTATGAGAACTAGGCGACCGCGATATTTCTGCGTACCGAATTGGGCGTTGTACGCTGATCCTCAGTTATAAGGACTTCGCAGGGTACCGAAACAGATGTTTTTATGACCCCCCCATGCGGACTTGTAAATATTAGAAGTCCCCGTAATAAAAGTACTATAAAAAGAGTCGGAGCTATACAGTGTGGAAAACAGTAGGGGGTCGAATCTCCGAACGAGCCCGGAAGACGTAGACAAGCAGTAAAAACGGTGCCATTTACATATTCGCTTGGATGGCAACGCCCATGGGGTGGCAAAATTTGTCGTATTGCTTTAGGTATTGCGGCCCCAAGGCATCCGTGTCCCGGCGTGTATTTACTACTCGGCCAGGTCGGGGGGCCCACAGTGCTCTTACCACTGGGAATGGAACTCGCCTAAGCAGGACGGGATCCAAATTTGCTAACGACCCTTTATAAGCATGTCTTTACATCGTACTTGCCATTTATGGATAAAATGTTTAGGAATACCCCCTAAGATTTCCCGATCACGTTTCCTGCCGGGCCATTCGTCACGGAGGCTGTCCCGCGCCGGTCGATTAGCGACCGTTCAGTGATGATTGTTGGAGAAGGACGTACCGAAGATCCACATATGGCAATTTAGTGTTTAGGGGTAGCCCCGGCGGGACTGATGCTGGGTTGTAGTTCTAAGCTTGTAAATTGGAGGAGCCTCAAACGGGGACAGCTATAACACACTAGGGTATGATTGGAGGGCGGAGTGTCCACTGAGGGTAAAAGTTTAAGCAGGGCTTGCAGTTTCGAACTAAATTATGAGAAACGTCTCTCAGTCGAGACCCTTGTTTTCTTCGTGGCAATATTCAGAGAAGCACTTTCGGCATTTCTGCGTTTACTATAAAGACGGCAGGGAGAACCTTCGTCACTTGGGTTCGCTTAGCTTTGGGAGATACCAAGTCTTCGCGGTTGTGTCCCGAGGGTCCTGGCTGTAATGATTGATATTTATAATGCAGCGGTAGCTGTCGCCACCTCAAATTGAATCCTACGGCTTTTAGCGCCTCCAACTGATATGGCCGCACGTCCGTTACCTTAGCTTCCGTAGTTGACGCGGGTGACACCCAGTTCATTAGATTATACCGAAAGGAGGGGTCCTATTTTGACGCTCTTATCTCTCGCCAGCATTGTGCCTGCCCGTGCGAGCAAAGTCAGAAATAAGCGTGGGTTGCCGAACGTCAATTCGTACACTAGAGTCACACAACGCTGGCACCATGCAATGAGCGGCCACA,1535,50.23,Homo sapiens
SEQ_422506,GTGAATTGTTAGCACCTCTTTCGTTCACAATCTGGTGGGTAGTAAGGGGCGACATCTTTTGTTGTCGCTTCCTATATTTATAAATAACAACAAAAGTCCGGGTAAACTTTAGTCACAAAGCGGAGGCGCCAATGCCCGAGGCAGGTCTATCGTAGCGCCATTCGGGTCCGAGGTACTACCATGGGATTCGTGCACCACATTTGGTGATTGCCGCGCCTGCATCTCTAGCTTTAGGATCGAGCTAAACCAGAATATTTCGGTCCTCTTCTTGCGTAGATGACATAGTTCTGCCTTTGGTTCAGAAGGTACAATAACCTAAGCAATGCGGCCCAAACACTTACTTGTGGAGTAGTCCTAAGGTTCAGACGCTGATGCCCGACAGGACTGTGGGGGTGTGAGCTCGGCTAATTCACCTACGTCCTGTCGCCACATCCTCGGATGGCAGCGCCAAACCCAGCCTTGGAGTCCAAGGCCTTTTCCAGACTCTGTGGGTTCGGTGTTAGTCTCCTTTTCGCTAGTTTCTAGGACGGATTTCTGGAAGCGAACGGCACTGAACTTAGGGAGGAGCGTCCATTCATGCCGGCTCCTACCAGTTCTTTAGATCCCGTCTTCGCATGTTTGAATGACTGAACACGTGCAGCGCATGCTAACGCGAACTAGGATGGAAACGTGAAGATCTTGGGACATGTGTCACCTTAAATAATCGGGAAGTCACTCAATAGAAATATCGGTGCCTGCGGACAGGCCCGTGTAGTCGTTAGATAAGTTCTGAAAAATGGAAGAGCAGCAGAGAATGGGTGGACACAAAGGACATTAATAGTGCTCAGGATGGTCGGCGCAGTCCGGGCCACATATGTAAATCCGTCCCTCGTGTCGATGACTTAATATGTATACATCGATCCGTTTTGTCATTTAGCGTTATGGTTGTGCTGGATTCCCGGCCTAAGGGGGGAAGGGTAATGTAGACTTGTAGGTAGTTGGCGGCTCATACGTTTGACCTGGCAAAGAAAGGGCAAACGGAACCCCGCCCTGACTATCTCGGAAGACATAAAAGTACAATGTCGCCATCTGATGAGAGCGATGACCCGAGTCAGTTGTATGGTGTCCCGTCAAATGGTCGCAGTAGTGCTAGAGGAGAGACATTTTTGGCACGAGTGACTAGACTTATCGAGGTTAGGATATGGTCCCATCAAGTCCGGATGCCGCATTTTACGGAACGTTAAGTTACCTGGATTGACTAACGGTGTGACAAATACTCGGCAAGGTTGCGTGCCCCAGATTCAGCCCCTTCCTAGGAATCAACACCAGTACAGACTCACGGACGTATGTAAGTCGACTAAAAGTGCCGAATAACCACCCATCCTTTACGTCAGGCAGCACAGCGTGGCGCTTAACAGGCTGTTCCAATATGAGTATATTAGAGATGTTGCATGGACCAAACAATTGAAGCATATGAGCATGTTAGGAAAAGACTGGACGAGTTAAACTCCCTGGCGTTTCGGGCAACGGCTTCTCTCTGCCGGAACCCTACTATCCGCCGATCACGGGGCTGTAGGTACTGTGGTACTTACTTTTTGTGGCCTACTCGTCTGACACTTCGCTTACCGAACCAGAGGACAAAGCTGGTGGAACGCACAAACGGACTGAGGGCCCACCAGTCCTAAAGCCATATTTCCG,1677,49.73,Mus musculus
SEQ_298340,ATTCCGGCTAGGAGGGGGTGCGTGGCTCAGTTGAGCGTGTCCAGCTTGCCACGTTTATCGCAAGGGAAGCCCTTGTTTTATTTGGACT,88,54.55,Saccharomyces cerevisiae
SEQ_205543,AAAGTAGCCCTTCCCCACCGTCATCATCCCCGGCACTGCGACACCCTGGTTGTTATGTAGGATCCCGTCATGGAGCCTACCCTTAGTATACGTCTCGCCTTTTGAGCATCGATATGGAAATTGTTCCCACACACCGTTTAGGCCAGGCTGACTGGACCCTGCGGGATTTACCGCGACCGTTCCCTTCAGCGGTGGCTCCACGCCTGGAGGTCCGTCGGCACCTTAGGGCGTAAGATTCGGACGAGGTGTACGCGGAGCTTGTCGTCTTGTATAATTTATAGAAGGACTTCACATGTTGCTCGCGCCCGCCAGCGGCATGACATCATTTCCTTATATGGCTCCAATTCTCGAGACCCCACTCGCTAACTCGAGGACAGTCCTCAGCTACCCCCTCCATGTCGAGGGTCACTATCATGGTTTTGCCGGCAGGGCATTAACGCTTTACGGCGAGGACCTTACCCAACATCGTCGCACAATCGTTGAATCGTGTTACGGTCCATATCTCGGCCAGTTATTCCTTTGCATGACACTATCACACGTAAGCTTTCCCATAGAAGCCAGATTTAAGTGGAGCAAGTATTAGTGTAGCCTGATGGCATTCATACGGTTCTAAGATAATTGAGGAGGGCCAGGCCAGCGGAGGGCCCGCGGGTAAATCATGCTCCTACTGTTGATATGACCAGGCGGTGTGTATGCGATGTATCTTATGGTTGTCTCTAGAATCATCGCTGGCTCAAACCGTAATAAAGGGCACATAAATGCTGGAGGATAAACGGGAGTTCCGACTCCAGTCTCCTTTACTGGATGATTCGATCGACATGCACTTTATTTCTCGCCGTGCCAATATAGAGTGTCTCAAAAGGATTGCGGCCAAATAGTCAACGTCTGCTGTTTAAACTAGTTAAGATCCATACGCGACTCCTGTTGTCTGGGGGCTGAAAGTAAATCAATTCATCGTACTGGCACCGACAGCACTTAGGTGGGGTGTTCCGGTATTGCAATTAGTGACCTCAACCCTCAGACATGTTTGGTCTACACGCGTTAAAGACGCTATGACGGGTAACATGTACCTAAATTGAGAGTATGGTAATCAGGCAGTTATTGTCTTAAAGTCAGTGGCCGGGTCATTCAGTCAAGAACAGAGGCGAAGGTTCGTAAGAGATTGTAAGGTGCGTTAGTTAGAGGCCCATAGTGATCGACGGCAGTTGCACTAACATAAGTGACCTCCTGAAGGGGACGACACATTGAACTGTATATAAATTGGATGACCCATCCTAAGTCAATGCGGCAGTAATCGGTGCCGGCTGGTTTACCGCGAGTATTGGGATTCTTGGTGAGACAGCCGACTCGTCTGAGGTGAGCCCTCAGTTCCATAGGTTCCATCCTTAGGTCCGGAAGTCGTGTTTTGTCACGAAGGTTGGATACGGGGCATACTCTCGTTTCCTGTACGTGAGCTACCTGGAGCCGATGGTGCCCGGAGTAGTCGGTTGTCCGGGTCTCTTCCGAGAGATAACTCCTGTAGTAACC,1527,50.43,Arabidopsis thaliana
SEQ_345987,GCGCGATAGGACGTAGATCTCAGCCGACAGGATACTGAAGCAACCATAATGTTACATGCCCATCGGGGCGTGGACTCCAACTGGATAAATGCTGCGTGCGGCGCTAGGAGGGTTAAACACAAACAACTAGTATAACAGAGTATTGATGGCGTTTCCAGAAGGAGGCGTGGACTAGAAAGCTCATCTTACTACCAATGGGCAAACCATGTACGCACGCAAAGTAATCTTTTAACCAGGATCATAACCTGAGCTTTAAGGCTTCATACACACTATGCAAGCACAAGATCCCTCTGGGACTCAAGTTAAATCTCTCTTCCGTACCAGGTAGTGGGCCTACTGCTGCCTCCTAATCCACTCTTTTATACCTTTGTAGATCATGTGATGGGGAAGTTTGGCGCTAGGTATCCACTGATTATCGATATCGGTTGCTCTCACACGAGAATCATTGGCAACATCTCTACAAAGTGTTGATGGACACTCGGGAACAGGTTTAGGGCTAAACTGGTCATAGGTCGCGGCCTGAAAGTCGCTATCATGGTACCCGGTCATTGGCGATTACGAATAAATATGCTCCATGAGTGCGGACCACCGCGGCTATAAGCAGTGACTCCCCTGCCCTATGGCGGACCAATTCGATTCAATGTCCAACATTACAACCGTTTGTGAGGGCACACGAGTTACAATACTGCCGATGGACCTCACCGATGTCTCGGGTCAGGGCGTGGCAGACTAGCGCACTAACGTGCGTGTTAGTCTGAGGGCTCAACTCAAAGTATTTAGTCGGGGCTCCAAGCCGCCCGGAGGCCATCCGACGGCCATGTGCTGGCATGTATTTTGCACCTTTTAACATTCGTATTCATCTGTCCACGCGCGGATGTCGATATATCCCCTCACTCCGACTCCTCCGCAAGAAATACTGCGCTGGGACCTGGGGTTCTGTTGGAAGGAGACAGGGAGAAGCTGGATTTGAAAATTTAGTTATGGGACCTGTGCGCCGTCGATTCGAATGTTTACAGCGACAAATGCACTCAACTGTTACGGAATCTCTCAGCTCGGTAACCCGTCCTCCTGCTCTCGTGTCGTCTTTAGCAGAGATAAGAGTACTAGTAGTGTGGCGGATGTGTACGTCTACGTCCGCTAGAGACCACGACATCTTTCCCCTGTCGCTTGCTGTGAACGGAGTTCTGTC,1189,50.21,Drosophila melanogaster
SEQ_645908,GTCGTGACCTGTGCTTTCCTTTCGCCCCTACTCCTCATTTGGGTCCCCCGCGACACCCCTCATATAAATATCTTGTCATGAGCCGAAGCGAAACAGAGTGGCACACGCCACGTCAGGTTACAGGTGGTTACCTCCATAAGCATCACCAGGCTGTTGGTTTAACTCTGCCCACCAATTAGACGGGTGTTGGTTGTAGCATTGAACCAATCCAACCAGTTGAGTCGAGTCCGCGTGGAACGCGACATGTGCGCTCATGTCTACCGAAATCCCCGCAAAACGGACCGTCACCTATGGATGCATTCTATGCTATCGCTATGAGCAAGTTAGGTAACTGACGCCGCAGGTGTGAAGGGGACAATCTTAGCACCGGAACTGAGCAACGAAGAGGGTCAAAATGTTCTGCAAAATTAATCAGTCAAGCTTCAAGCGGTAACTCTCTAACTCGTAAGGCGGAAGTCAAGGGTTCCTTCGCCGGGATCGAGTAAAATGGCCAATCAAAAGGTCTCTCGGAAGCAGGGTCGTTTGCAGGGAATGCCTTGAAAGGTACTGTGCAGCGTTGCCAATTTCTTAATTTGCTCTTACGTGTTTTACGTTTGAACTGCCAAGGGACGTATGAACATGCAGGAAGAGAAATATCATGTATAAGAGTTGACGCCGCATTCTGTGAGGCGCGAGGAATGAGATTACGAAAACTCCCTTGGAGAATAGCACGAGACTTATGGTAAGGTAATTCGCTAGATCGTATCATCTGAACGCGTCAAACTTTAGACCATACGAATGTCTCATAGCGATAAGTCTTACTGGTTCCTACCGCCTATACTGGGGCCAACGACCTAAACGGACAGTTGTACGTCTATCCGGGCCGTAGAGCGTTCTGCCCCTGAACTATGCCAGGAAGGACGCGATGGGAGCCAACTGAGTGGCTATCGAGCACAGGCCATATCGCTGAGGCTGCGCATAACCATGTGGTTAAGGAGATTTTTCGGGATATCCTTCTTATTAGAAGGTACTTGAAATTCGTCGAACGTAAAGCTCTAGACAGGTACTTCGTTGCGCTACCGAGTATTTACAAAACGAGACTGTGTCGTGTATCACTTCCTTCCACAATTTACAAGCCCCAGGACATTTTTACCACCATAAA,1141,48.47,Mus musculus
SEQ_614272,TTATGGTCAAGTGGGCTTAAGTCGCGCCTTCACACGCCCGTGCATGCTGTTGAATAGCGAACACTTTATCCGTTATGTAACAATTTGGACGAAGCGCGAGGCGCCATCGAGGTCACTCAAAACCGTAATATATTGGGTACTTGCACGATTAGAAAAATCCTGGAAGTGGAACGGATCGTAATTACCTAATTCTAGGATAACAACATGCCATTCACCGGAGAATCGATGGCATTCTTTACTGATTCGTAGCATTAGCAACGTGTTAGGGTTTACCCCTCCCTTTCAAAGCCGATCACTCCCACAATTTAGTACTGCTATAATCCGACTCCCCGAGCTTTGACAGGATGCACATGTACCTCCCTCCCAGTCGTTCTACATGTTTTTGTTCTTGGTAAGTTCGAATCGAACAGCTAATATATGAGCCAAACGCACATATGACCAGTTAAGCACTAGGCGCGTATAAATCAGAAGTGCGTCAAAAAGGATACCACACCCAATAGGTTGCGTTAGCCGATTGACCTCTGACGTTGAAGATTAAAGTTTTGAGATACAGCGTGGTCCATTGGACTGCTCTGAGAGTAGCTTAGAACGGTAAAAGGAGTCACGTGTTGAATATGAATAGTAACCCGAAGTCTCCCTACCATTGCGCTCGTCTCATTCTGCTGCGTGGTGGGCTGACCAGGAGTCTATTCTAGGTAGTGCGGCTAGGTTGAGTAACTTCAGGGTAGGGTGTAACAATGATCCGTGGCAGCATCACCACCGGTAACCGTGCTGGCCTCTTTCTCTTCGAAGGAAGGAAGCGACAGGGCACCTTGTGAGTACTGGGGCGTATCGCCCTGCGAGCCCTGATGAAGAGGACCTGCGACAGTGTACGATCCGTCCCTGAACCCAGTACCGTGTCCCCGGCTTATAAGAGAGGTATCCTCCAGAACCTTGGCGCAAACAAGGACTCGGTTGGCAAGAAATCCTTCCCCTCCGCGGGAGGACGAGGCCAAAAAGGAACCCCCCGGCACTTCTCGCATTCTCGAGCCTGACCAGTACCAACAATACGAGGAAGTCCTATTAGACGAACGTTGGACCGAGTCATCTTGATTTCGTGCTTCCGCCGAGCAAATGGGAGGGGGTTAACGGCACCTACACCGTTTACCGATGTCCACCTTGGAGTCCCGGAGTGACCTGTAGTCTCCCCTCCTCAACGGGTGTGCCCTTCTTTCTATAGAAGGAATATGACACGCGGATCCACGCCCACTGTCTTGCCCGCATCCACATTGACGACCGGTGGGGTCACTACCCTCTGATAACGGAAATACTACGACCTCTAAGACAGCGGTGACACCAGTATGACGGCACAACTTCGAGCAACAGCATCTGGTCAGGTTGCTTCACCTCTAACCGATCGATGGACTGTTTTTGCAAACATGGTCCTGAGGGGATTAGCTTCCGGAGGCGTTTTTCTTGGCCGACATTCGGAGAGATACCGGGTACATCAGGATCTTTGTTCCTTTCGGCGTAGCCGACTCCAGCCTGCCTCGTGCACCTTTAATTTTAGCGGACGTAAACAATCGTATTCTTAAAGGGGGAAATCGTGTGGCAACGGAAAGGTGCTTCCGGTATCCTTTACTTCAGTAATAATAAGAACACAGTGCATAGATGCACGGCAAGGGCTTACGTTTATTGGCCTCATGAAAACATTAACTGTTGAGCTCAGCCGCTCACGCCTCTTGGCTGGCACATCCCTGCGAGCTCCGCTGTTAGTATGACGTTCGACCGGCAGGCTCCGGCTTTTTCCTTAGGAATCACCGTAGA,1806,50.5,Arabidopsis thaliana
SEQ_481604,AATACCCGAATCACTAAGGTATCCACGGTGATAGGCCGACGCCGTAAGATTACCTGCCGCGTCAATCGAGATTTGCCGTGATACGGCGTCAACAACGATGTACATCTCTTAACTTCGATCGGAGGGTCTATCTAGTCTTAGAGTATCTAACCATTCCGGCGGGCCTGTACACGACAATGAAGTATACCTAGGTTCCTATATGGAATGTGGCCTGTCTCGCCACCTTACAGAGTGATATCGTAATGTCAATTGGGCGTTGGTCCCCAAACTAAACCTGGCTGGGAGGGCGCGACAAAACGTGAGCGTTAGCTGAGAGGATCACCATTTGGGCGCAGGGACCCTCCCGGCGGACGATGTCAGGATAGAATAGCCGCACTTGGATGTCGAATTTAGTGCGGCATTTAGTAGTCAACACAGACGCTGACGCGAGTGGGTCGAATATATGCAAGA,450,50.89,Arabidopsis thaliana
SEQ_312825,GCACAGAAGACTGAATAGAATTATAGATGGGGGCGGCCAAGACTGGGATTACTAACATGGAACATGAAGTGTTCAACTTCTTCGAAAGACAGGGTTTTGCTACGTGTGGAGGCCTGACTCGTTGTAGCGACATGGGTTAAGATCGTATCTATATGCATGGGAGCACTTTGACCTCAACCATAGGCTTGATGCGGACTGGAACCATGACAATTTAGCGAGTGTATTGAATAACGCTCGTGAATCCGACTACGTCTGCCGTGGCCACCCCTGACATCCCCATTGGTTGCTTACTACCCATTAAAGCAAATTACTCCGCAAAGTTTTTCGAGCGCACAAGTATCATATCTATAAATACTTGATCTAAAGTTACGAAGAGCGGTGAAAGTGCTCGTAGTACGTGTGGCGGAAATAGAAATCGGTAGATCACACGAGTATAGTTAAATGCCGCGGTCCATTCGCCCTACTGTCGGGTCAGCGAGACGAAAGCGGGTATATAGTAGGCCGTGCCGCGATTTGTGGTCACTAGAAAACTTTACGGACGTGATCCCGCTTCATTCGCGCCGACAACCATACAAGTGTCCAGCCGTGGATCATGTTCGAGGCCTAGTATACGAGTCGCCTCACTCTTTTGCCCGATCCAGTCCCAAGTGTTTCTGCGCCCGTAATGATCAGGTGGGTATCTAGAGCCTAGAGCAGATAAGAAGTAGGTTTAGATTAAAGACCACCACGTCGATTTGATGAGCACCGGGCCCTAACGTGCAAGCCCTAGAAACCTCACTCCGATGAGTCTCTCGACTCACCTGATCTGTGGCCATTTGACGAGCCGCGCGTTCGTGTCGCTGCACGTGCTTTA,853,49.24,Escherichia coli
SEQ_548567,GGGGTGTGTGAAGCCTACGTTACACGTGGCGATGAACGCACTCAACCACCCGCCACGCCAACAACACGGGGAGGGCTTTCCTCGTAGTCGGCAAAGGACGTTAGATATTATAAGAATCGGCTACCTTCCGTAGCCCTTCGGTATGAAACAGGACACCCATGCGGAGCATTATGTAAGGCCTTGCATGTGATACCGGCATCTAATTACTACTGGATTCTATAGCGCAATCACTTTTCTCCCCTTCCGGCACGGACAAAGACTTATAAAAGGCGCGATGCGGGGGTCGCCCATTGACCGAACCCTAATTTACCGGGTGGAACTTTGCAGGACTTGTCCTGCGTAATTGACGTGTCCCAGAATATTATCCGCCTATCGTATCAGTATTAGGTTTCTTCGAGATATCACGCCCTACCCTTCACCCGGAAATACTGCCGGATGTGTTCACAGGACGAGGTCGCTGCCTATACACGTCTATCATAGCAGGATCATCCCAACTCCTATCCGATCACACATGGCCCACCAATCCCCATCTGGCACTTCGAGGGGCTCAATACCGTGAGTGCTGGCGGACACGGGCAATCCGGTAACACGTCCATGCTACCAACATCGAGTAGTGTTACAGCAAGTAGGCCTTATCTTTATTGGCCGTCTACAACACCCTGCCAGGTTAG,671,51.86,Escherichia coli
SEQ_462050,TATCGGGCCCTTGAATTCTCACCTGGGTACGTGAACAGTGTAAACACCAATCAGTAGGTGAGGCGTCAGAACGGTTGTTGGTTTGAGGAATCTTGTCCCTTCATTTAACAATAGCCATCGTCTCGCTCTTATACTTGCTTTCAGAAGAAGTGAATTCAAATTGCAGTTATTGGAACGTTGCCGAAAACTGATTCTGAAGCCAAGGGCACGTAGAACAACTCAATAGGACTAAGATGGGATTCTACTACACAACCGTTCATCGCACGACTGGAGTCTCTCGGGCGCAGAATCGTGAGCAAATAAGTAACGTGTGTTTAGCGATAGGACCCCACCTTCACCCTGTCACTCTAGCGTGGTATGGTCAGTGCTTTAAAGCAGAGATGCACCCATGGTCCGAGGAGTAGAGGCCTAAACTTAACAAGTTGTTAGTCTACTTTTAGGCATGTGCTAAGAAAGCTAAATGTGTAGCTCGACCTGTCCTCAGGGTTCGCGAATGATCCTCTATTAAGAGGACGTAACAAACTAGAGTTTGAGTGCGCCTGCACACATACACAACTCCTTTTATGATTAGCCTGGGATTCGCCGACATTTTAGCCTCTCTTTAGGCGTGGGTATTTGAGAAATGCAGAAGCTGTAAACCTCGCGCAGACTTCGCGACCGTCGCATGCTGGGTCCCAAAATCGCAGCGTCGGCAGCTCTGGTGCCCCCGCCTGCAAGGTGACAAGATACAAACGATTCATTAGTCTTGTTAATGCGGGACAGCCTACTCTATAGAGTCGATGCTCTGCCGGATGCCAGGCAGACTGTCGTGTTAAATAACTGACCGGCGGCGCTGCCAATTACATCACCAATAATTGGTCTCATAGGCGTATACGCAGTCCTAGACGTATATAATTTCGCACATCCCCTTGGGCGAACGCGCGAGAGTGTCATCCTCAGATCCTATTGCCCTGATCTTTTGCCACTGGCACCCCTCAGCATATCCCTTCTCGCATCGCATGGGTGAATGCGCTAGCCTAGTCCATATCGTTGACCAATC,1039,48.7,Escherichia coli
SEQ_738445,AACTCGGGAGCCCCACCCGTCAATGGCCTTGGTCTAGGACCGACATATGCAGCCCGCTTGGCCGCCAACCGTCATATGCTGCGTCTGAAGGGTGTAGCAGTAGGGCCCTACCAGAACCTACTAGGCGCCATATGGGCAATGAGTCCCCAAAGCATTGCATAGGACTAATCGGCTCCTTTGGAGGGTACTACGCAGGATGGGAGTCGCTTTGTGATTAGCCATGAGGCAGCACATCCGAATCCTTCTCGAGCTTAATGCCCATCTTACGATTGGACGTCGGTGTTTGCAGGTATACTCTATTTCTAAATACACCCATTCCAGTCGACTGAGGGGAGGTGCCAGCTTTGCCCAGCTCAATTTTGTATCCGTACATTATTGCTAGCCTCCAATGCGGATGCACCAGCCCAGTGCCCGCTTACGATACTATCGCGAAAATCATGGGCCGCATGGTCCCCGACCCATTGACGTCGGGACCGAGTAATTTTCCTGGAGATTACACCATGCAGCCGCTTAGTTGAGGTGGCCGCGCCGCGCGGAGCTATTACTCCTGTAATTTTCGAAGCTCTGACCATATAGCATGGCCGTGATGGTGTCGGTATGTTCTTACTACAGGTTGTTTTGATCTATTGTATGCGTTTTCTCACGAAAATGTCTGTGACCCTAGGTCTCGTGATACGAGGGATATTACCCGAAGGGGGAGAAGAACCATCTGTAAATTTACAGGTGCTACACCAAGGCGGTGACGCGCTGCCTTACGTAACTCGTGGGTGTTCCCCATCAACGAGTTGTCTCGGAATACTTTAAAGGAGTTAGTAACATACGTTGGGCATTCGGAGCTTGCTTCCAACTGCGGGCTAAACAAACCGATGGTCAAAACCTTTAGCAAAGCGCTTGTTGGGCCTCCGACCATGGCCGACAGTAAGAGCTCACTCAGAATACATCAGTGGGAGACGAATTAGCAGAGACCCAGATTCTCGTTCTACGAATAGTCAAGGTAAAGGAAGACGGCTGTAGAACAAGGTCAACACTCTACCTTACGCTCCGTGTCGTTTGTCTTGCATCTCTCTACATAGTCGAGCGTGTACATCGTCAGTGGATTGTCACCTTGGTTAGGAGAGCCGTCCGTGTAGATGAGATTCTGCCACCGTTTAACCGGGAGGACTCCTATCTCTGAAGCAGCTTGCTATAATGAGTCTTCTTTTTAAGGCTCCCCGCATGTAAATTGTGATTCGCCCGGATTAATATGCGAGTCAATACCATAAAACTCAGCGCTTTGTGCATAGGCGTGACCGGATGATGGGGCGGTGAAGTATTTTGGTCTCTTTCCCATAGAGCTCATCGAGACTTCGGTGCAGTCACCACGATGATATACGCGAGAATGGCCCTGACCAGCGGATAAGATTAATCGACCTGGAAAATTATTTGGGGACATAAGCTCCATAAACTCTTGGTAAGCACATATGCCGAAATGACGTAAGATCGAGACTGATCATTGAAGGAAGAGGTACATGTCGCCTGGGCTTCTTCCGGTCAGAGGCACCCGCAGCCATAATATGTGTCTACGTGTAAGAAGCGAGCTATATAACCTGAGCGCCATAAGGTTAAAGTTTAATCAGGTGGGACAGTAGGCCGTTGAACCAAACCGTGATTGTGATATCAGTTCGGTCCAGGAATGCCACCCGCTGACGCGTGAAGGTTCATCTGATAATGCGCGGTCATGTGCGCGGCCCCAGTTAATTGAAGGGCGGGCCTAGAATCCACGCAATGACGTCCAAATGAGCTCTTAAAATCCATTAGGATTCCGCAAGGCTAAGTCCTAATGCCCAGCGGATTCGTA,1837,50.08,Mus musculus
SEQ_181602,GATCTAGCATATTATCAAGCCAGAGTCGGGCTTGGCCTTCGTGTATCGACCGAAAGCGCTTGATGCCGTCTTGAGAGGCATTTGAGATTCAGGATCAAGCCAAACGCCACTGCCATCGAGAATGGACATCTCGGAGCGCGCGGTGGACGGGGCGTCACCATAGGTATTCTTAGGGAACACCTCATCCTAGTACTATGCTCGGAATCCCCAGTTTCATGACACTATCCTGAGGCATATCCCGCGGAGGTAAACATTACTAGAGGTAGCAATTAATATGGCCCGTATATACGATGACCAATTGTCCATAATCTACACCTCACACAATAATTAGAGGGGAGCTAGAATGTAATCGGCAAGGGGGCGTACAGGCGTTACTTCACACCGAGATGGGACAACAGATGCGCATAAATTTCAAACGTTATCGGCCTCATTGTGAGAGGTGTGAGCGGGATGATATTCCTACAGAATTATGGCAACCATCCCTGTGGAACGGGAACCGCGTCACCCTTCATAGGCTTTATGGTACCAAGCAGGGTGTGAGAAAATCCCTAACCCCTTCTCGTCGCGATAGTATGGGATTCCGCATTAGGGGGTTGTAGACACTCAGTCCGTAGGGCTGGTAAGAAGTCCCTGTAGCGGGCCTAGACCGCCGCTTGCGATCCTCTGCGTTCAGCTGCGTGTAAACTCGACTCATTATCGGTGAACGATAAAATAGGGTCTATCGCCGGATAGGAAACACATCTAGCATCGTTGGCATGGGGGGAATTGCATGGGTCTTCGTCACCCTCACCCGCCCCTACAGGACTGCGTGACATCATATTAGCAACAAGCTCACGCCGAGCCCCGCTCTCTACCGCGGAGATATGTTTTCAAGTACTAACTAAGCCTAATTCGCATCTACACCTGAGAACAATGCATAATGGTTGTATAACCGCCGAATCGGGAATAGATCTAATTATGCCAT,964,50.0,Drosophila melanogaster
SEQ_399679,ATAACGACGGGGACGAGAAAAAGTCTGAAAGTTCGCTATGTGCGCTAAAGACAGTGGGGCCCGCAAGCTCCGAACACTACGATAACTAGGTAAGATAGATTTTATTCACAGGAAAGAGTG,120,45.83,Homo sapiens
SEQ_588409,GGATTGCGTGTCTAGGCGGGAATCCGCGCTATGAGCGCCCGTCTCAGATTCATATCCGTAAAATGGGCATGCACGTGGGGTCCTATTATAAACGAGGGGAAACGAATCCATTAGATGAAATACAAATGCGGCCTCGGAGAGTACAGCGGGCGGACATTTTTCTAGCTTCAACGAGCGATAAATAGGGCGCGCATTCTAGCTGATCCCCCCTGTGTACATTAACTGCGCTCAATGGAGACCTTCCTTGGTATAGTATTGGGACACCGCAGACGCGGGATGAAAGGGCTTCACGATATTTCGAGACTCTAGGGTACAAATCTGAGACTGTTTAAAACCAGTCCCTAGCTCCAGCGCCAGCGACTCCTTCGCCACAAAGGGAGAGGGGGCGGGCAAGACCGTGTGTCCAGCAACAAACATCTAGCAAAACCCCGCTCCGTTCTACCTGATGCGGAACAAGGTTACTGATTGGGATTCAGACGAGCAAGCTTGGCCCCTATTAAGGTGACTATTCAAAGACTTCCCTCTTATTTTATAACTGTCATGACTGTCAACCATATTCTCTGAGGCAGTTCACCTTCCGTCTTGAGAGCTCTCTTGGCCGACGCATCGTAGACTAGTTTGCCTGGCGGGTTCCAGTAAAATGCCATCGTCTCGATCTTTTTAATGGATAGCTCTGAGCCGGAACGGGGCAGCCACGTCAGTAGTGAACCTGGGATCGTAACATTTCTAGGTCTCTCGACCATAGAGCCTTTTTTCCGCAGTTTGATTATCCTAGGACCGGGGTGATTCTTAGCAGAGAGCAATGTCGGCTAGGCCGTGAATCCTTTAAAACCAAGGGTACACGGCGCGATTGTGGCAAGACATGTTTCACCATATACAATTGTCCTCTAGCACAACCTTTACGGTAGGCGACTTGTGATGTTCACGCAGGATCGCGCACGGGAGTGCTTAACAAATAGGTGCTCACACCCCAACACTGATTATGGCGTCGCGTAAGCTCACAGCTATGTGGTTCTTTATCGCCCCATTATATAGCACACCCTGCCTAAACGGCTGTCCGGCCTATACAGTATCGGCTCCCAATATTAGTCGAACAGTTACGTGTCTGCTGAACGGTGTTCAGGCCCTTAAGACCTGCGTTCTGAATTCAGCTGGTATTCACACGCGTTTCATGAACGCCCGATTGGCATCCATGCACTGTTCCTATCTGGGCGGGGTGATCAATTCGTTTGCAAACAGCTTATGAAAGTGATTCGTTCGATGCGCACGAGGGCAGTCATCCTCAACTCCCCGGAGTACAACCTGAAGCCGAACTTTTCGAACTTAGAGGAACTAAATATCTTTTGTGCTGCGTCCTGTACTTTTCTTATAAGCGGGGCTGTGTGTATCCTTTGTTCCCGATCTAAACGCGAATTGAGTGAAAATTTGGATTCATCTCGCCACCGAGTTCCCCTTCCATTTTACCCCTGCCTTGGCTATTAGGGTAACACCCCTGTCTG,1499,49.77,Escherichia coli
SEQ_561438,GCCCGCGGCCTTGTCGCTGTTTCTAAGCTGTGGACAGTAGGTCACATACAGTCTTCTGTTGCCTATAGTAGGTCGACATCTTCTGCTACAAACAGTCAATAAGGACAAGTATAAACTTATTAAATAGCGCACCCAACCGTCCAACAGAATGACTACTTGCGGTTGGATAGGTGACCCGCGAACTCGAGGGATAAGCGTTCCCTTATCAAAGTACTTGGTCCATTATGCAAGGTAGAGAATCACCTACTGCCTATACTGAGATTTTTGACAACACACCCGCGCGTTCATCACGAAAGGTGCGACAGGAGAATGCAACCTCGTACGGACCGGGTAGCACCTCAATAGACTGGTTAGGTATGAACGCAGATACCGAAGCCTTAAAGAAGTGTGCTGGGGCTAGTGACTAAGCTCAGCTTTCCGACGTACTTTTGAGGAAATGCTCGTCCAACACTTTGTACGTGCTCGTGGCGATAAGCGCGCAGAAGTGACTGATATCTAGTGACTGTGCGGTGCTGCGGGAGAAGGTAACATCCGAGGCCTATAGTTGCGACACACAAGCCCATAGTTCTTCGCCACGATGCATCGCTTGGCGATAAGTTATATAGTCGAGGACGAGGTTAGCGAGAGCCAGTCTCGTTGATTCGAAATTCGCCCCACATTCGGATGCCTATGCGCATCCTCAATCCAATCTTAATTCAAAGCCGTAGTTTGAAAGACGCGGACAATCTAGAGCT,734,48.91,Arabidopsis thaliana
SEQ_201429,TTCTAGCTGGCCAAGCATCCGTTAGTCTCGTTTCGCCGTACTGCCAGGCATGAATTCCTGCGGAGCCAACAGACGTCCACAGGGTATAGTGGTTCATATCCTGGTGTAAAATTGATTTAGACGGGAGCGTGTCTGTGGCACTCCTCATACAGATGGGGTCAGCCTAAGTCTGCTTAGTCAGAGACTCCCTTAGGAGTACAGCCCGCACCTATGTCCAGCTGTAC,224,52.23,Drosophila melanogaster
SEQ_292313,ATAGTTTTCCATACGGACTCTAGTGTAAGAAACGCAGCTGTTAGGCCTTTCGGCGTGGGGGAAGGTTCGACACCGCGTTCACAAAGGATAGCACATCCAAAGAGCTCAAGACCAGTAACATCTGGTGCCTAGGGGAAGTCTCCGAGAGAGAATATCAGGCTCGGCCCCTGCGGGGGTATCGATTGATGAGCCGGTGTTCCACGACGGATCTAGAGTTTATGCCTGACCGGTTTCGGTACAATCCAGTTTAGCCTCAACAAACACACCTCTCGTGAACACGAGAATGTACTTGCTTATTAGAGGTGGAATCTAGGGCATCCCGTAAACAGGTGGAGGGAAGAAATAATTGCTATATATCCGTACTTCTTGGATATATCCAGGGACCTTGATCTCAATAATCGCCGAAATTTTCCTAAACTGCGGGGCTGGAAAAGACGATAACACTTGTCCCATATCCTCACAAATTTATGACTGAAGTAACCGTATTTGATAGAACGGAAACAGACACGCCTCATGAAGGAGTATTGGAAAAAGCGATAGGCTTTGTGACTGGGAAATGAGACGTTAAGTATCTCGCCTGAGAGTGGGGAATCAGAATGAATTTAGGTGACGTTAACGTACCGCTGGACGTTCCGCTTACCCTGTTCACATTTTCCCTATTCCCCCAATGGAGCCGCTCTACATGCGGAGTTTAAAGCAGGTTCCCGTACAGAACTATTCTTGCGCTGATTGACATGACGAGCGGCTCCCTTTTAGTGCGGCTGGTCTTCCAAACAACGGGTCCTGTAACGTGGGGGACAATCAGCGACTCTGAGTCGGAGCGCTTTTTTTTCTCAAAGGCTACCAACCACTTATTCCTTTACTATGTAAGATAATCATCTCGGTATGTGTGGGACTCCGGTGGTCCCGTGAAGAACAAGAGGACTATACTTCAATGTTCACAGGAACGATTAC,954,47.48,Saccharomyces cerevisiae
SEQ_220214,GTGGGATCCATTACCGTTAGCGTCCTTGGCAAACGCACGCAGATGAGAGGTTCCTTACCGACCACTTATGGGCCCGTAATACCTACCACAAGCTTGAAGCGTCATCTGGGGAATCCGAAAGGTACGCGGCTATCTGCGAAGTCTTGACAGACTAAATAGGCGAATTAAGGTGCGAACGTCCAATTCCGTATCCCGGCTGCTAGTTTTCCGCTTGGTGAGCCCCAAAGTGGGTGCGGTGAGGCCCCAGCCTCAGCGGACCAGCATTCAATCTTCCTTGTTTTTCAGTTCTTGCTCACTCTGATATTGCTTCGGATGCCGCCGGAGTCTTAATAAGAAGCGGCTGTTGGTAAAACCTTTACAACGCGACTTTGGGCCAGTGAGGCTGTTGTGGGCGGGATGGGTTGATGGGGTTGGGAAGTCTATGACAGAAGTCCGTTTGACGGCGTGGGGAACCAGGGATTAAGTGCATAAAGGGCAGTTACTGAAGATATACCCACGTCACTATATTGCCGCTCCGGAGGGAGGGATGTTCTTGGGAGCTGCAACGAACATAGGCATGGACTGGCAGCAACAGTAAGGGCGTCAGGCGTAGCAACCCCCTAAGTTTGCGGGGACGTCTAAACCCGAACGCGTTCCACATTTTAGTCTCAACAATGCCATACAGTATAATTACAATCCACATGCGTATGTGGACTCGTATTCTTAGGAGCAGTCTACAAGGTTGATACGGCGGGTGCCGACCGTTAGGGACTAACTGCGACGTGGGATACCTAAACGCAGGCGTCGCTCAGCATTGGCAGCGCCAAGCCAGCTGCCGCTCGTAGGTGGTCCGCCACCGTGATTTCAGATACATGACGAAATGAACATGATGGAATTCCGAACTGCACGAAGACCTCCTGATAGACTTATATTCGGGAATAGGCGCAGGTAATGATAAG,938,52.13,Homo sapiens
SEQ_384103,TGGGGCCGGTATTCCAGCGGTCGAGTTTGCCGGTGACAACCTATTGCTTTCGAGTAGATCATCCGCCACTACTTTTTCACAGACGTAAATTGTGGCGAGATCGGTTTGAATCAGTTAGGGCCAGATTTGGTAGGATAGTTCGAATGGGCCCACGTCATTAGAACCCCATGATCCGGCACGACGCGTTCCTAGTCGCGAGTAAGCATCAGTGTCGGCAAGACCATTACATGTCAAACATTGCCATATGCACCGGTTCTGACAACTTCAGGTGAAATTCGGCGTACTCTCACAGTTATTTAAAACCAAAGGTCTATTGGGACTAATAGTGCTCGGCCGCATTGCCCTCTCACCGTGACGGAAAGTAACGCCTCGCTGGTGAGAAATCAGCAAGAAAGGATAACATACTATCTGCCCCGTGCATGCTCCGGTAGATCCTCCAACCAAGCGATCCCACCCTTACACAAACCACGGTATTATAGGGATTGGCTACGAAAGAGCCCTACTGGTACCTGGATAAAACACTACTACTCCTTTGCAGGGGCGCTAATTTAGAACATACGATTGCAGCGTCCCCCAAAAGTGGAGGTCATTGAAGTCACCTTGGGTACGTGGACAAGGTCTTCACCGACGGCATAAAACGAGCGCACTTGAACGCTTCTTTAAATAGAAGCGAAAACCGGATCGTCGCGGATAAATCTGGGGCCGAATCTTAAAGCGCGTCGTTGTATTAGGACCAGCTCGAGTCCTCCAGCCCCGAACGCCGGCAATGATTAATAACGAAATGGAAGTACAGAAGGCCGAAACGCGTAGTGTTCAATTCTCAGATAAAGCGACTGCGTTTTGGTCAGGCACCCAGAGACATTTCGTATTGTGCCCGTCATAGTTGCTAAGCTCTTCTTAGCCATGCGTCCTAGTCATAATCGACGGTCCCATCGGTGCAGTTGCTAAGTAGTAATTAATGGGGCGTAGGATGAGAAGTTAAAGGTACATTAGCGGTACTTGCTCAATCCCGAAAATGTGGCGAAGACAGTCATGGCCGCAGACGCGAAATTCTATGTTGAGTACCGGTCAATAGATGCCTAACAAGGGGCTTGTACGTGTAAAGATCTATTTTACCATAAGGAGAACAACTCCGCGCCTCCCCATTTCACAAAAGAGTGCATTCAGTTAGGACTTTGCATGAGAAGCACGAAAAAGCAACGGGTACAAGATCATGTCCTTAAGTCCAGGACCAAATTGTCGACGGGCAGTCCCGGCCCTTCCAAAGTGGTTAAGTGTGCGAACAATACACCAGATATACTAAGACGTCAAGGTGTTTAAGTCACGACGTTAATTGGTGCCAGCATGATCAATGCATACGCGGGGCGCCATGATGGATATCATGTGGTGAACGCCTTCGACATGAAACAGGGTTAGCTCTTATGAAGTCCAACGGTCCTCTAACGGAT,1448,48.55,Caenorhabditis elegans
SEQ_888492,CCTGGCAACGTTATATCTGTAGTTGAATGGCGGCGCCGTATACCGCTCATCCAAAAACCTCCGCGCGAGGGATAACATTACGTCGAGGAGTGATTAACCGTATCAACATCAGCTTCTAGTAAACACTGCTCCTCTGTCTTAATCAATTGTTGACAAGCGACCTTATACTCACGCGACTTAAATGTGACTAGGCTTGTATCTACTCCGATCGGAACTTCTAATCCAGGGCTCCGGAACCGGGAAGGGTGCCAAAGTCTCAAAAACATACAGACGTGGACTAGTAAGCCGACTCGGCGACTCCTGTAGGGAGGCGTGTGAGTCGTCCCTTCGATCGTCATTAACACAATTTTTGCTAGATTCTATCAACAGGGACTTGATAAATAACTAAACCGCAGTCACTTGCACCGCCCATGGGGATGGCATGTCAGGGGCTAACCAACAGGTTCCGAGTGAGTTAGTGGGGCCTGGTGGGAAATAGGAACTGCATGCTAGATGCACGTCGAGCTTGT,509,49.31,Mus musculus
SEQ_557996,GGTGACCTCTGCACCGCGCTACGCGTTTTATGGGGCGCGCGAATATTCTGAACTAATACACACTCGGGAGTTCCACCGCATATAGTTAGCTGTATCGGTGGAGTGACGCAATCGAGCGCCTTACGTAGTGTCTTATCGCCCTTTGCGGTTAAAAAAAATCTGCGATGAACATGATGTCGAGTGACGCACCCGTAATTCTCCTACCTACCTAGTTTCAGCTAAGAAGCAGGATCTTGTGAGAAGACCATGGCCCTAATATCCCTGGAGACTCCGGCCTCAAACGTAAATTACCCAGGGCTTATGTTAAACAGTTATTTGAAAAAGGGCTTGGCAACTGTTCCGTTGATCGTAGAGAAAACGGATGTCATACCGTCTCCATTATAAGAATGGTAGGGTTCCTCGAGGCGCCGTCACCCGTCGAGCGGTCCCAATTCCGTCGAAACATGTATGTAACCAGCACCCACCATAGGTATTGCAAGCAAAGGCCATCAGATGAAACGCCATCATAACCGGATCCAAACCGGATAACTTACTGTGACGGTGGAAGTATGAAGTCTCTTTAATAGTATCACATGAAAACCGCTTTCGTGAGGTCCTTAGAAATAAGCTGAAGTCTCTGATGCAACGACAACTTGTACGTTGGCAGATACCATACGCCACTTCTTAGTGTAGCACCTTACCTTACCGTACTGCGCACGCTCATAACTAGCCGCAATCCAGTATTGGCCCGTTAGTCGAGTCGCCCATCGGAGTTCATCATCTTCCGCAAAATCTTTGAAGTTGCCGGTTATACGGCAGGAGCGCATTAGAACACTAGCTAACTTCGCTCGTCATTGCTAGGTTCCGATGGCCAACCTCTCGATGCGATTCTCGAGCACTAAGAAGGAATAGCAGATCTGAGAACGTACACAAAAATGCAGCTGTGCAAACTTTATCATCTGGGTCGACGGCCTAATCAACGCGACAGGGTAGAGACCTTCTAGGATTGGCGTACCCTGTCTACGAAGAATTGTCCGCTTCTATAGAGGTCCTCTGCGGCCGTACTTCCCGCGCCCCATCCTTATTCCTCGCAGAT,1075,48.84,Arabidopsis thaliana
SEQ_715367,CAGTCCAGCGAAGACGGGATCAAAGCCGTTATCCCAATGTCGGCCTCAGCACATCCAGTCAAAACGAACCGCCCGCGAACCGCGACCGTCGGACGGCCTCAGGTTGTGAGACCGTCTCGGCATAATTTCTTTACCGTGCGCCCGCATCCTGGCTTAATCTTGTTCTATCATACTGGCGGCGGGGCCCAACCTTCATACCTACACCTAAACTCTGTCTGAGCGAAAGGTGACAAGAACCGGCCCCATGTCGTGCTCCTAAGGCTTAGGGCAACCCTAGCCCATCATAGACCAATCATCTTCAGACCAGACCACGTTCCTTCTTGTTAGCTGCTCTGCCGTGTTAGACAGTGAAGGTCGTTCAGCAATGAGATGAGTAGGAGATGTCCGCCGTCAGATCTGTTTGTGGAGGCAGCGCTGGAGACTTTTATAAGTTGGTTGTTTGCTGCGTATTTGGTGGAGTGAGGCGTGCTGGTTCGCTTCCAACATCTGATGCGGAAAGGTGATGTTCGTGCCATCTGGGGACGTCTCTACCCCGACCTAGCCCTGGTAGTCATGTGCATTTGGAATATCATCGGCGGCTGCCTGCTAACGACACGCGGGAGTCCTTATGCTTACCAAGGTGGAACTAGAATAGAAGGAATTGCGTTACTTACAATGGAGTTCGCATTGTGGTTACTACGCATGCCAAAAAAATGGACTATCCAGCATACAAAACACCCAACGCAGGCTTCGAATGCGCCAACAACCTAGGCGTCTAGTATCAATGAATTGACTCTACTTCGAACGAAATCGAGTCACCGAACACCCGGATTGGCACGATCGTCAGCTTCGAACTAACAGGTATGAACGCTATGAGTATGCACTTGTTGCGACTTCATGTGGCTGATGCCGGACGACAGCTTTTTATGACTTGGAGAATCCTGCTATAACATCGCGAAGGTTTCCTTTGTCTGCTATCCGTGGCGACGCCAACATCACGTTTATCCCTAGGTAGGAGTGCAGCCGGTCACCTCGACTTCACTGTCAACAGCTCGAGCGTATGAGACTACGAACGTGCGTTTACCCTAGGGGGTTCCAGAGCTATTCAAGTGCGGTCCACTCTTCCCCTACTAGACGCTATTAGTGCAACGCCACAAATCCAT,1142,51.58,Arabidopsis thaliana
SEQ_880429,ATACCGCGCGTCTAATATTGAGACATTCAGTACAAGTACGCTTGTACCCGGCCACCTGCTTCACGCATTTGAGAAAGGGGGACTTGGTGTAACGGTGTACCTGAGCTTCTGGGCGGCTAGTCTGGTATTCCTATCGTCCCGAGATTAGGGAGGAACAATTTAGAGGTTAGATATCCGTGCCCAGAAACTCCATGTTTTACGGAAGGCGGCGCCAATGCTCCCGACGAAAGGACGGGTGGACGTGAAGTGTTTCCCTTACGGCGCTACCTTACACGGACGCGTGTCGCTGGGAGATGCAGATATAAGCGCCGCCATACCTTAGTCACGCGGAGCTTCCCTCCCACTGGTCCGGCGCCGATTAGGTTTCTCGTTAAAGAATCGTGCTTTGAGACTGCACGCCTGGGTTTTCGGATATGCGCCGTGTTGTGCACTTACATCACCGAAGGAGCGGCCGAGGCGGCGACTCTTTCATCTTCTACCATATGCTGTACGATCTTTCGCCGAGACTTCAGCTGAACGTTTCTTACCGAGTCGGTAAGTCGGACTGAGATCTGGGAAGACCGTCAGAAGATCCCTTGGGGTCATACAATGCAGGTCACGAGTGTTCGTATCACCTAGAGAGCATCTATACCCACAGTCGTGACCCGTCTACTGAATTCCTGTTTCGAGATATTATGTGCCTGGCCTCAAGAGTTGACAAGCCAAGAGAACCTGCTTAAGTACCGCGGATCTAGCACTTCTGACATCCGCACAGGGAAGCCTGCCCGTGCCATGCACTGTCGGTAGTCCGGAGGCGTTTCTTAGTTTTCCCACACAATAACCTGAGTCACAGAATTGAAAGTATCGCTTTAATTGGAGGGTCTTTGCGAAAAGACACGAGTGTGCTAAGCCTAGGCGGCTTTAACAGGGCCACATTTACTATCATTCTCGGACTGAACTGTAGGGGTCTGATGAGGGGTGACGCCAAGTGTCGACCGAACGTGAAGCAAAATTCAGACCCAAAATTGATCGTCGGGACTATCCCTTGTCCCGCAGTATCAGCTCGTGCAGAGGCACATCGTCATTGACCATACCACCTAGGACAAATGGGTTCTGGAAATAGTTTAAGGGCTACTAATAGAAGGAACATAGGCGTTGTCACTCGGAGGTCTTGTAGATTGGACACTTTAGATACAGCGGACACGTGAAGACGTCGCCCCCTTTGAAGATAACTGTACGTCTTTGTTGCCGCCGCTGTTAGGTAAGTTGCATCTTCCACACGGTGCGGAGCAACTGATACGCGCTACCCGAGGTGAGCAAAGGATGAAGCCGGCTCTTAGTAGGGCTAGCACGGAGTGTGAGGAAATTGTCGGGGCGTTGGCAAACAGATGAAGTCCGAATGCCCACAAACGCCTAGCAGGTATAGATGTCTGCGAACTTACACGGGAACCGTGTGG,1436,51.81,Escherichia coli
SEQ_346654,CGGATCTGAGTAGATGACCATGACGGCTCCAGGATTAACTGCATGGCATCCGTGGCTCTTGACGCAGACTTTGTCAAAGTCAAGACGTGCCTACTACGTGATGACGGAGTTGCGAGTAGTTCATCCGGGGTATAGGAAATACAACGTGCCGACGCAGCTTCCCCCGGTACGTTGGAAGGATAAGAAACTGGGATCCATGTATCCTTGACTCAGCCAGCGGGCTGGCAGTTAGGTGAACCTAGTAAGTCACCTTAATGAGGGGTTATCGTGCTGGTTTACAGAAGAAACACCACATAGTGACCGACCTGCACTTTAGGCGATTTGGTAGGAACCCACGTCCAACCATCACGGTAAGCAACTTCGGCGAAGTCCAGTATGACTGTAACCCATGGCGTTGCGGATCCCCACCCACAAGGTCTCTGGGCGGCTTCATCCGGTGGGCGCCG,446,53.59,Escherichia coli
SEQ_688343,GCCTTTGGGTAAGGTACCACTAGCCGCCATCGCAACCACGCCCCGATCACGTCCTATAGGCAGAGCGGTTGGCCCCGTGTAGATCCCCACGTTCGACGAAGGTTACATCGTTTGGGAGGCCCGTTAAGCGGTGAAACGGATAATGACCAGCAAGGTGCGGAGACAAGCGACAAAAGTTCATTTGAGTAATTGGACAAAACTTTTTGCTTATGTATAGTCTATGCCTAGGCAAAAGAATCTAATTTGCTTTCGCAATCGACCTTGTGAGGCTACCATAGTTAATTCAAACGCAAGGTGCTAAATTTGGTGGCACTAATAATGTGTACCGGTTTCCGGATGTCCTTTGATTTGGAGATAAATACGATAATCTCGCATCTGCTCATTGGTTGCCAAACGGTCGGACGGCTATGTCTAGGAGCGCCAGAGGAAGGGGCGCAAGAGACGACGTATCAGACATGATCCCAATCAGCAGTCCCGATAGCCTAGGGCTATCCAATTAACGACTGGAGCGATTACACATGCGGGCTTTTAGAAAGACTGAAGCGGTGCGCGACCATATATCCTATGTATGCGAGAGTCGCCTAAGAACCCGCAACCGTCCACCAATGATATAGTTGAGGTCAGTCCTGTACAACTATCGCAAGATCGAGGTTACACCACACACAGAGGTACACATCTGAGGGAAAGGCGAGCCTTGCCGCCAAACAGAGTTTTCAGTTCTATAACGTGAGTTGGAAGCTGATCCAGCAGCGTATGGCGACTTGTTGCTAAATAATACCCCTTACCGATCAACCTAAGCATTGCACATTGCAAGTTGGTCGACGAACCGAATCAGCTGAGGAATGACGAAGATGTTTAATTTGCTTTAGTGAGTCGATTTCACTGTATTCCCATCCCCAGAAGCACCCCTTACGTGAATACCCGCTCGCTACGTGAGTTAGAAGATGGAATCGCCACACTGTAGTTAAACCTCCCTTTCAGCGATGCTTAGCATGATACGGAAACCGCTCCTGGTCGCATTCCAGGTAGATTCGCCAGGATGAGACGTCCAGTCGCCCGTTTGAGCCAACACAAAAGTGTTAACTGTCCCGCTGCTCAGTTAAAACTCGTAGCAGCCTGAACGAGGGCGACATCCATGCCGTCTCGTGGACCGAGATTGACTTGGCTCAGACCAATGGTAGAAGTACCTGACCCCTGTCATGAGATTGGACGCTCGTTTCCGCTCGCGACGTCCGCACACCGACCGTGTTAGCGCAAGCCGAGATTACGAAGAATAATGTAGAACGCCAAACCAATTCTCTAGGCTGGGTGTTACAACCTTCTGAAGCAAACTTTCTTCTTGACGAGCTAAACATACGTGGACAGCGTGCTTCGGAGGCTAAACGGTCGGTACAACTTGCCGATTCAATTCTCTGGCGGGACCGGTTAGTAGAACCTCGGCGACGTCTGGGTTCCACGACGGATTCAGTGCTGACCGGTGGCCAGTCGATTTTCCCCGGTCCTACGCCGGCCAGGGGATGCGAATAAGTATGTTACAGGCCAGATACCTATATTGGCTACAACGAGGCGAACCTGCTCAGGCGTTCAAATAAC,1593,50.28,Drosophila melanogaster
SEQ_406402,GTAACGGCCAAGACAGCGAGCCAGGCCATGCCGTAAGTGCCTCATAATATTTGGTCCCCCTATTCCCGGGAAGACACAGCCTCCTGTCAACTGAGTGACTCCAACCACCGTGGGAAACAACGTGTCCAGCCTCGCAACGTCGAAAGACATTGTCCTGCAGTCGACTAATTCCGGATAAGTGAGTACCTAAGAGAACGTTCCCTGGAGCCCAAACTACACAATCCATGCCCGCCGTCGATCGTCGACGTGAAGTAGCGCTGCTGACGCTGTGGTTGCCCACCGGTTTGCCTCGAGGAGAATTTTCTTGCGCGATGAGCGCCTTCCTAGGTCAGTGGATTCGTCACCTCGCGATCTCCCCAGACAACACTGCGGTATATGTTATGTTTCCGTGGACTCTGCCTATGTATCCATGCAAAGGCCCCTATCGGCACATGCTAATTGACGGCCTAGTCATTTGGAACAACGAGAGCCTCAGGACGGGTCTCGCCCTAGCTCTGGCACAGTGGAGGTGGTTGGGATGTTAGGCCCATGGCGCGCGTGATGCTTATACGGATGTCGACTGGCCGTCCAAGTTTCCTTGAGACTAAAGCTATGAGTGTGGATGTCAAGCATAGGGACAGCTGAGGCACGGTGACGGATAGAGTTTGAGGTCATATTTGCGTCTTGCTGATAAACATACTCTGCCCTAATGGGTAGACCATCATTGAGATTTTGTCCTTTAGTGGACCGCGAAGAGTTCGATCTCTGGGATTACTGGCGACGCTCCGGGGTAGGGCTGTATACATTGTTCCACGATGGAGGGACAGATTTGTAAGGTTTGAGCCGCCTATTATAAAAAGCCTGTCCCTAATAATAGCAAGATGTAC,866,52.31,Mus musculus
SEQ_140016,ACTGAATGAGCCGACTAGTTTGAACTGGTCAGTTCCTTGAGACGTCCGCTTGTCTCACGTGTGTTCACGTCCATCTCTTCACTGGTCGCGGCACACGCCAAAGGACCTGATCAGACGCTTCTCCAACGGACGTTTGTCACATGCTGCGCAAAGCACCAGGTCACGACAGTCACAACCAGTGTCTAACCCGCTTCGTGCATAATACTGCCAAGCACGTCTCGACTAGCGACTATACAGGAGGATGTATCTAAATAAGACAAGAAACACCAAGTATGATGCCAACTTGGTGTTGCACGTGGTGACTTGCTCAATCCTGTACTCAGTATGTATCTAATCCCTTCGTGGAGGAAAGACGGGTGCTGTTAGACACGTAAAGCAATCATACTTATTGACGGGACCGGTACCGAAATCAGAAAGTGCAATGATCCCGGGTTTGCGACCTTCTCCCGTCTAGCTGAGAGATTGTCGAGTTCTTACCAGTTCCTACCTCTAGGGCTAGGGTTATTGATCGCTGTTGCCAGACTTAGCCCTAGGAACGGAAACGGGACCTAACCTCTTCGCCGTTCAGTCTGAACACTTTGTATTACTGGGTCTTAAGATCTCCGCTAAAATAGATCTCACCATTTTCATTGTGCGTAAACCCCACTACAAACTCTTGACGGAATAGTTGCCGACCGCAGTACGGTAACAATTCCACTATGTGTCTCATATAGTAGTCTCTCCTCCTTGGTACGTCTTAGATGGAGGCTTACCCGATACTTATTCTGGGTTGTCCGCATGAAGCGCCGGTTCACCCTTTTATTCCTCATTATGATCACGGAATCGAAGGGGATCCAGTGGCTTTGAAGGGCGGAGATATGGTTCCTAGGTGGGAGTACAAGCGTCAGACGCACGACTTTACATGATCGGCGGGCCAGAGCGCAGAAATATTGCGTACGCCCTGGTTCACAAGCTCTCCGTTCTGTACCACCTCGTCGAATCGTCCAGAAGTGGGGGCACTAGCCTCTCGTCTATACATGAATGTTCCCAATTTTACCCCACGGTTCATGAAGATTCGGGAGTGCTACACTGCCTTTGGAACGATCTAGGATAACCCCCTGCGCATCGCCTCCTTAAGAAGTCGAGCATTTGCCTGACGCGAATAAGGCAAGTTTCTTGAGGGGGGGGCGTAACATTTGAAGGATTATATCGGGGTCACCGCCCACAGAACCTTCGCCACCTTTGGGAAGTGACCGTGACACGCAGTCCAGTGTCACCGAACCATGGGGTGATTCGCGGCCCTTAGATCGTCTGTAGACTATGCGTATTGGGTGGGTATTCTAGTAGAGGTCCGCCCTTCTCAGCTTTCCTATTCCGTGAAGCTACAGGGCCTCGACGGTGATCCGTCTTGATCTACACCGCGGCGGCAAATACGCCGACGAGCATCGGCTGCAGTCTGTCCGATAGGAATGCATGAGTGTCCAAATGGGTGGCCATCGGTTACTGCCCTGATATTTTCCATTAAGACCGATTGATTCTAACAAGCCGGTTTTTGCTTAAGATAGTAAAGACTGACTCGGATGTAATAAACCCGTAGGGGCTTGCCTGATGTATACACCTTTTCCGCGCCATCCAGAGCAACGGTGCCACGGCTTCTCCAGGACTCACAAAATTAGGTAGCTCAGGTCTACTTTGATTCTAGTAATCCGACATTACTTAGGTTTTTCTCTAGCCAC,1715,50.09,Caenorhabditis elegans
SEQ_470358,TTCAATTACCCTTTGGGCACGGATCGAACTCTCCCTGGAGGGCCCCCTCCTTGAAAGTCACTCGCCATCCTGGACGCTGCGTACCGACTCGTGCTGAATATTTACTCGAGTGCGAAAGCCCGGTCGGTGCCAATCCACAACCTCTGGTCAGGCTTTGGTTTCTATAAAACTCCGCTAGTTCCGACGCCGAATACCCAACCAGGCCCTCCTTGGTCCTGCAATTTGGCTACCTTTTCGTGATGCACGGATTAACTCTACCCCAAAAGCGCCACTAAGTTCGGACGCTGAAGCCGTTGCATTGGCACTTTTTAGGGACTAAAATACGTAATATGATTGTCGACGCCCCTGTCGATGCTTCCTAGTTTACTTATGGTTTGTACGCCAGTCAGTACGCCCGTGCAGCGGCGATGATAGCGTAGTGCATGCATAGTAAATGTCCGCGAAAAGGCACGCAACACTTGGATATGGGAGGCCCGGCCCTCCTTGTCTAGCTCGCTGGACTCATTTAACCTCGGAGGAACCCAAGAACCTCCTCCCAGTTATTGCAGCGATGCAGGACTTTTTTCCCACGACCGGCTTCTTTTCAAAACTAAGTTGTAAGCATCGGGGGACTGGGCGCAATAGTAAGTATAGTGGCAGTACGTAATGCTGCCATGGCCTTAACAGACGTTGTGGAACCACTTCGGCGTGTGTAAGTGTGGGTTTGCCTGAATTGTTCCTGAACTTACGAAAAGGACCGACAAGCTTGATCCAGGTACAAATTGCGCAGAGTGACCGCAACTGAAACCACGTATCAAAACCCGTGGAAATATTTGGCTAATAGTTGCGCTTCTTGTCAGATTCTACGCGTCATAGGTTATTGAATGTTCGCGGATTTTAGGGCTGCGACTGTGATCGAGCCTAATGTGTAAAGAGATATGTTTCGTTTCCCCCTGGGCGCTCGT,944,50.53,Saccharomyces cerevisiae
SEQ_795900,GTGCTGAGACTTCCTCCTATGATTGAAAGTGTTGATCTGTTAGATGTGGTAATCGACTTTTCTTGTCTTTGAAGGTCGCCAAGGTGCCGGGGACATGAATGAGTGCATAGGGGTTAGATTTCCGTGGACCGACTTAGGGTCACGTCTTGCGACGGATTACGTGAGTTGCGGATATACGTCTTTGTCTAAACGCTGGCTCTGTTACCAGGTCTTTTCTGGAAATCCCAGAGGCGTAACTCTTGGGTCTGGCAACGTGAACCCCTTTACATGGCGACGCGGCGAAGCCTTATGCAGACACCCACCCATTTACACTGGCGGGGGGATATGAGTAATAATAGCACTACATTGAATGTATCGAATAAAAAGAGAGTAAGCAAGCCGACCTGGGTTCCAGTAAACCTCCGTTCATAGCTGCGGCTGTAGAATGTCGCTGGAGCCGCCCGGCACATCGGTATACTGGATCATTGGGTAAACAAGAAACTGCTAGTTGCTGGGGGTGGGACGAATGAGCGTCGCTACGCACAGTAGAGACTCTGGACTTAGCAATATGGATCCAGTACTTGGGCCTTGGTACCATTCCAGTACTATTCTGCGCTTTCGCTTGCTATCATTTTCTCATTCCAGCTCATTCGGTGTGAGGGGCATGCTGGAGACGTGCCTTACGCGGCGAATAAGGCACGATCTAAACGTGACTCGGGCACCCAGTGGGTTTATCGGTAAATTCGCCACTCCCCCCGGGATAACCAGCCATGGTCCGGGGATTGATGCAATGACTAGTATGGGGAAACCAGGTAGTTGGTGTGTAACTACGCATCACCGGTAGAACGGGAACCAGATAATTCAATAGGTTGATGTCCTCGCTACTACAGACAATATGTCCAGCACTTTGGTATTCGGCAGAAATGCTAGTTCATATCTCTTTAATAGCCATTTTGCAGATCGCGATATTGGGATATAGGTTGCGAGTCCGATGGGAGCGGGTGGTACAGTCCGAACTAACTGATGAAGCTCCGAGTGAACGATCAGTATAGTATTCACGGATGCGGGGACTAAAGAGCATAGAACGTCCCTGACCGTGCACTCTACCCCTGTGCATTTTTCAACATTCCGGCCTATTGAGTCGAACCTACATGGAGAAGGTGGACGATACCTGCAACAATCAGCAAGATGGCTGACGATCATAAAGTGACGCCACCTTGACTAGACTGTCCAATGAAGTTGTTGGGTCGTTCCAGATTAGGCTATTTTGAACCCCGGCCTCAGTTGCCCTGCTGCCTGCTACTGCATTGACCTATTTTATTCACCTAGTACTACTCATATTGAAAAGAGAATCGTGGTGATAGGCAGCGCCCAAGATTTATATCACCGCATGGATCGACCAGTTGGCCATACCGGGGCCGGCAGTCGTTCGGACTCAGCATACGTCACTCGTCCGGAAAATTGGGTTGGCAATGTCGATCTTGACTAAAAGGCCAAATGGCAAGGGGTGTAAAGCTGCGGGTACGATATCAAGC,1514,49.6,Drosophila melanogaster
SEQ_672490,GGGATGCGAATCGTGACCCTGTGGCCTCACAGTGCCCCAGTGCCTCACTGAACGTACGGCCGGAAAAGGAAGAGCTGGATGGTCAGGAGGGTCTCGAAATAAAGTAACAGGAAATC,116,55.17,Caenorhabditis elegans
SEQ_732421,TGGTTTAAAGTTGTGCCGGTTGACGCGCGGGATACACGAAATGTCATACGCTGCGTAGGGGAAAGCGAAGTTATCCCCTGATGTATATCCACTCTCGGAGGAGTAAGGGTCCACGTCAGGCTTATTTTGACAGCATATACATACTTGGAGTACCTGTTGCAGGTAGGACGAACCGACGGAACGTGACTTATTCCGCGCTCGGTATGGCGCACGATATTGCTTTCACCTGCACCCTATAACGTTAGTGTATTTATAACAGATACCGCATGTCCAGCTAAATCAAGCATAGTTACCCACTTATTTCGATTCGTCGAACAAGCCCTAGCACTGTAATCCCGCGTCATTGTCTGGATCGTTGTCACCGAAGTCAACAGTAAGTACCAGATTAAAAACTAGAGGTAGTCCGTGGCGACCCAGGATTACATAGTGCCTCATGTCCCGACCAAGTTAGTATCAAAGGGGGACGACTGAACAGCTAAGTCGGTCTGTATGGCAGTAGTTATGATTATGAGAGAGTCAAACGCAAATGAGGGCGCCACATTAGTCCACGTTCCTAATACAAAGAGAGTGCGCGGTCAACTTTCCCGAGCCCCGTAATTCCAACTGAAGACGGGCCATATAATACTTGAGGAAGGAGGAACGTTACAGAGATTTACTCTCCGCAACGTACGGGCATAGCAGTTCAGGGACTTGTCATATGAACGTACCCTCGCTTTTTGACGCTTCACACGCCTTTTCCTATAAAAAATTACGACTCGACCCAGCTCAGACTGTGTATTACTACACAATGATAACACATTTGGGCTCTTTGTTTGCAGTCCTCACCGGCGGACGCTATGTAGGCAGTTTTCTCTCGAATCCCCGATGATTCGTGAGAAGACCAGCGGAGGTTTGTTTCGATAGTGGTAGTCACCTATGCTCAGCGCAATGTTTTTCCTGTCATTCATGAGGGTCGGCTTCAATGGATGAATGCCCATAAGGCTCAATCATCCTACTGTGGGGCGTCGAATCCGGATATATAGCCCTTTGCCGGCGAGCCACAGTGAGCATGCAGCCTCCCCCACGCACTACGCCGTACACTGCTAAGTGGTTTTCTAATATAAACACAGGTGACGAAAGCTACTACTCGCATCTGACACATCTGAGTCTACAGACGCATTATGAAGCATCTCTCTGATGACGGCGAATGCGCTCTTTAATTACTCGAGTTCGGGCTAGGCGTTCAAAACCGCAAAAGGCTTCAGTCCTACAGTCTCAGGAGTCTGACTGACATCGAGCTGTCAAACGCCTGCTATACGTTAATGTATTCGTCACAGGGGTTTGAAATGTTGACGTCTAGCCCTCGTTTAGGAGGAGGGGCCAAGTGGCATCAGGATAAACCGGTACCATGCCTCTATGTCTTAAAGGCGAGACGTGGCTTAGAGTATCGATACTCAAGGGGTCACGCACCTTTTAATCCCAAATCGTCATTTAGTTGTTTTGTGTGCTTTGTACTGGATGAACCAGAC,1508,48.08,Mus musculus
SEQ_901683,CCTGGTCTTTACGTTTTTCTTTTTGAACATGACATATAATAAGTTCGGACCCTGTGGTCAACTCACACAAAAATGGCCTTCCATTCTTACTTACATCACGTAGCCCTTACCGTCAATACGAGATCGGCGACGCTAAGAACTGCCCAGTGGTGCGCGGCCGGTAATGTGGTGAAAACGGCCGCGCTAGGCCCATTCATCGCGCTAGGTTCTGAGACTCGGACGGAATGGCATGCGTATAGGCACTGAATTTAAGGTTGTTAAGGACGTGTCATACATGGGACTCTGTAACGTAACCGAGCGTGTTTCCCATGCGCTACGGCAACTATGGGGAAAGAGTGACGTAGCGATGCTACGTAATTAGAAATGTCGGGTGACCACTGCATCTATCGTCATCCGCTACAGGCTGGAGCTCGTAACGGCTGGCCCTGATAGAGACAGCGAAGTGTTTTGAGGTATGTCAGAGACAGAATGTGTATGGGCCTACGACTTATAATGGTGGAAGCAGACAACCTACCACCAATACGTTTCCTATTTACCTATTAGACGAGACGCCGAGCGCTGATGCCCAGCTACTATTTGTCCGATCGGGGAGAGACAATTTGTTGTAGGCCAGAGCCCTACCTTACGATTTCCCAGACTGGGTGCTCCGAGACCAAGGCCCGCCAACCACGGACTCATCAATAGGAGTGGATTTGTTCGTTTACTAGGTTCTCCCCCGGCCGAGATGAGGTTACCTTTCCTATCGGGGGATGTCTCACTATTTGTTGGCATTGGCCTAGCCTTGCGAGGAGCAAAGGAAGACTTGACACGTTGGGAACCACTTCGTACACTCGTGCTGGTCTGGAAATGGGTTCGATGAAGAACGTGCTCAGATCTCGCGCAGCACAGCACCTTACGCCTTGCTCGACATTTTATCACACCAGCCCTTGGCCGAGCCGCCGAGCCGACGTCGATGGCCCACCTACCCAGACGAGATCTGAATAATAAGCTGCGATTCCTTTCATTTCTGAGATAGGAATAAAGAGCGCTCCAACATTGCCAATCCCGTATCTGGCCCGGCCGCCTTGTCCCGTCGAGTCTATACTTAAGTCGTTGTTCGTGTAAGGTTCCGGGCGTCGCACTCATAAACCAATGCTCGTCAGGGAACTCTAAGTCTATTGTAGACCACGCCGCACACTGAATTAAGTTACTACCTACTGGAGACACGGTTTAGTCTCCGGCGCCCTGAGAATTCACATCTCGCCATCGGGAACGAATCGGTCAGCTAATCTTATTCGTGGCCCGAAAATATAACCGTCTACGATCGCTGGCAGCTAGGCGTTCTAGGTATAATGGATCTGTTGAAAGCTAAGTTGTCCCGGGCCGTAACTAGGCTAGCTGTTAA,1384,51.01,Caenorhabditis elegans
SEQ_526754,CTACAATCTCATGATCCGCGCATGCACGCTTATATTTACGTCAGTGAGTTTTTTATTTAGATACCTGTTACACCATCGCAAGCCTCTATAGGTTTCAAAAGAGGAACTAGTGTAGAAAAGGCGTCTAAGATTGCACCACTATGCAGACTAATAAGCTCGCTGACCACCACCCGTCACTGGTTCGTCAAATTTCTCTTACTGGAGCGCAAGGGGTTGGTCTGATTGTTGTCCCTAGGTTACGCGAGGCGAAGTGCCTAAGCTGGACCTGCTGGAGCGTCCAGTACTATTTAGTTACTTAAATAGGGATAACTAATCGCCTTCGTCGATGTATTCACCCACACTCAAGCTTCTTAAATTATCGTATTTGGCGAAGGGTAAAAAACCCAGAACATCACGCCCCATTTAGCTCCTAACACCTTAACTTCCTACGGAGACCCCACTTCGGCGCTGGTGAGGCGGTATTTTCCCCACAATTCTATTGTACAGAGGAGAGAAACGTTGCGAAAACTGTATTACTACACATAACTTTTTTTGGGAAGAAAAAGCCGACAAATCAGGCCGCCGCGACTTTTTCGAATACAATGAGATGGTAATCGAACTTCACGCCTCTGCTTCAGGCAGCATTACTCCTCTTGGTAGTGGCGCTTTCTAGACGGCACCAATGGGTAATCGTCGACCCCTTAGATCGATATTAATATATTCGCAAGTATACCATACCTCGATCGAACGTTGATCACTCATGACCGTGAGTTATTGACCAAGTCTACGTCTGTGCGATGTAAGAATGACCCACGCATCTCAAAGTTAGTAGGTTGCTCGCACTGTGCGCGGGAGTTCACCCCGCGCGCACGGTGCGGAGCAGTCAGTGCAAGTA,874,46.8,Mus musculus
SEQ_756452,AAATACTGGCGACAGTGATCAACTTAAAGGCTGATGTGGTGGGCCTTCGACCAAAAATCATTGGCCTTGAAACCTTTGAACGTATGACTGTCGTAACCTCACAACGTCGTGGTTATGTTAATAGCTAAGTATCACGGCCTCAACCCCCAGGTGTCCATGTGTGTAGATAAATTGTCTCGATGGTACGATTTCGTGGCCCAGTCTCTTACATATGATAAAATAAATCAAAGCTGCTGCGTGCAGCGACAATTGCAATCGCCCCTACGCCAGCGATAGTGTTTTAGACGTTTTGAGCAAGAACATTGAAGGCTACCCAGTCAATCTGACTACGGGGAGGGTAAAGATACCATTCTGAATAGTGCCGGCCGCACTGAACTCCGCGCTTTCGGGCGTTGTTTATCTGGGCTATGTTACGGATACGATTTATTTGCACGGATAGTGCAGGCGTGACGCGTTCCTCATCGCAGGTTAAACACGCCGCGTTGAGAGTACGCGGAAGCGCACCCACGCGGCGAGGCTCGTCGTGTACTACCTGGTGTGTAAAAAGTAGCCACATGAGATACATACAGGAGAGACAGGCGAAACCAACATAACCGGCTTTAGCGCGCAGACCCATTGATTGCCATCATCTGTTCTAGTTGATTATAGCGTCTATTACGATGTAATGTCGCCCTAAAGCGGTCATGGACCACCAATGCTACCTCAGACTGGATTGGCGTGGTAGCTACCGGTCACCCACCGTATAAGCATGTTTGACGGGAGCTATCGCCAGGCGAAAGCATAAGGATATTACTTCAAGCTACAGAATGCCTAGCTGATATGCTGTAGAGATACATGTCCCGGCGAGTTACACTGCCGCCACAGCCTGCAGGCCGACAATACGTCCCGCTTGGCAATATACATCCGCTCAATGCTCTGGGGCTATTACAAAGCATTCTAATCCTTCATAGTCCGTACAATGCTATACACCCAACCATGGCGTACTTCTATAGGCACTTCGTTAACATTGGTCCCATCCTTTTACAAGAAGTGGACGACCATTTTGGCTCTGCCAACCTACTGGGAGCCGAGGGCTGGGTTCTTCGAGCGGTGTGATACTCGTTTCACTGCTATAGTCGTATTGAGCTTACGATCGTCGTAAAGGCTACTGGCAGTCCCGACGCGAACAACTTGACTTAGGGGGACAACAGACTTTTGGTATTTCTCACTGTGCGGCGGACCTGCTGCATAGTATAAGACTCGGGTGAGCTAGTTGCAGTGCCTGTAATGCCTTGTGTATCCCCGTGAAGCGTCCCAAACGACCACGAAACGCTGCGTGTATCAGGATGGTAGCATCAGGTGAGCGACACCTGGAAAGCGCGTCGTAGGTAACGATGCGTATGGTGACTGGCCTGCAGTGATCGTATGTGTCAAGCCTTTATAGTGGAGAGGGGTTGTTCACTTTCGTTGTCGGAGCAGCGTCATACTTGGCTCGCGCCGGT,1481,50.24,Mus musculus
SEQ_753777,GAGTGTCAGTCTCCCCCGACCTTAGTGAATTTGCTACTGGGCTTAACGGCCGCGTGGGCTAACAACCCTTCATCGCGAGAATATTTGTACGTCCTGCCGTTTGATGTTTTACCAAGCCATAATATATTCTTTGAATTTGCTTCGACTAGGGCGTGGTAACAACTCAGAGGCATCAATTTGCTAGAAAGATG,191,46.07,Escherichia coli
SEQ_626456,ACCTACCCTACCTGGAATGCATGTGATCCGTCGTAGCGAAGCAATTTAACTAGTCCACAGTGCGTCTACACTGCTAACTGATTAATCCCCTTCTCTGGCACCGCCGATCAATGTCTATGTCTTCTGTGGGTCGTTTTGCTATGGGGGCCGACTCCATCAGGGAATTATCGTAGCCGTTTGTGTGCCCAGTCTCACTGAGCGGAGGTCGCTCTCCTCACACCGTGGGGGCAACCGCTCTCCTTATATATAGAGCCTGCGACGACCTAATTCTGGCTGGAATCAGACCGGATATGGCTATTGCGGACAGAAGTCACCGCCATTGGAGAAACTATTTAATCGACCTCCAACGTTTGCTTACTCGAAGTGTACAGATGATTGAATTGACGGCCCGATAAAGAAGGTTCTCATCCTAGGTCTTCGATCAGCTAAGCAATCAATTTGTGTAGGGCAAACTTTCAGAGTCGTACCAAAACGCGTTGCCGCCGTCTAGCGCCTCTTCTTCCAGGCGGCGACCTATCTTCAACATTCATTTCATAGAAGCGAAGTACGATTCGAAAATCCAACCCAGCGAAGAGGCTGACTAATATTGCCAGTCAGGGTTATTCGAGATTGTTGAACATGGGAAAGTTTGAAACATTGCCTGTTATAGGTACCTGCCAGCAAGACTTTATTTAGCACCTGGCTTGTGTGGAACCCGTCTGTAAGCCTCGTCCTGTAATGGCGAGACCCGCCAACACATTTCAATGGACGAAAGCGAAAAGAATGCAGCCATACCTTTATTTACCTAGTGGTTTGGGCCTGGTCCAGATGAGCCACTCAGGCCTTTCTGAGTGACTTGTCGACATGCTGCACATCAATGCGAATGAATAGAGATCCGCACCCGGACGATTAGTATAGTCGCGGGAGCTCTTGAAATGTTCAGACACCGGGCCAATTGGCTAAAGGTTCTGGTCCGAAGGCAAACAG,966,49.17,Saccharomyces cerevisiae
SEQ_371047,CACAAGATTCCCTGACCTTCATAAGGGGCTTCGGCAGGCAGGTGCTTCGTTTGGCCCCGCCAGGCCAAGCTAGTTGTAGGGGGTAGTCACTCATTTATTGAAGTCTTGACGTGTGGGCAGCGTATGATTATTTTTCCTCAATAGATCGAACAAAACGACAAGCTGGTGCGACGGTGTACCGCTCCCGCGCGGGGTCCCCTTTTGGCTATTCACGTGTTCATACTATGTACCTCCATATGTTCTCAAGTTAGGGATCCGCGTTGAACGTTTCCTTACTTCTCTCAACCGGAGGTTTTATGCTGTGGGATGACGCGTGCTCGGAGCGGTCGCAGCCTTTGGCAGGTGGGATCGGAACACTCGAGATTTATATTTGTATCTACGCAGCCATTTGATGCAGAACAGATCAGTTTCTTGGAACCCGGAAGTCCGTACTTGACTGCTTAGCCCCCGCAGCGCTTTGACCATCGATTGGTGGCACAGAGATAGGCCCACCACAAACGCCTGGCAGGTAATTCATACAGGCGTGCAGCTGCTCACTAGATGCCTACGACTGCCATTTATAAGCCAATTACATTCCCAAACGGAGATGTTTGGACAATACTGCATTTAGAGCACCAGAGGAAAAAGTAGGTGGCCGGTAACGAATTCGCAGCCGACCCAAAAACCGCTCCAATACGTCGTTCAAACGGAGCGCCGCCATACTGAACACGATCCGATTCAATTGGGGACTAGCATCGGACATCTCTGCCAACTTTGAAAACGCCAGAGAGCGATCTAGTCATTTGGACTCCAGGCGAGGTATTGAACTACCTGCGAGTGGATATTGGGTTAATTCCTGTGACGGCCATGTTGTTTCCTGGAGATTTCTTCTTGTTAGGGCAGGATAGGTACAATAACACCTTGAACACAAGCAGGTAGAATTTGTGTTTCCGATCGAGGTAAAAGCAATGCATTGACACGGTTCCGGAAATCTGGTCTAGTATGGCCTAGTTTAGAATGTATGAACATCTCCTAATGTGGAGATTTTTCAAGACTACTATTCAATGGATCACTCGGCGCAAATACTATTGGACTTTACACTAGGGTTGGTAAGACCCTTAGTTCTGGCTCAGTGGATACTCTGTCAACGACGTCGTACTCCCAACTGTAGGTCATGATCCACCACCTTCGTAGCCGCGTCTCGAATAGAACGAGCATTAGTTCATGTTATGCTCTGATGGGCACGGCCTTCACTTGCCGCATTAAATGAAGATCCTCACAGGGCTTGGCACGTCTGCTACGATTTATAAGGAGATGTTTACTAAGCGCTGACAGGTAGTACTGCATGATAAATAACGTTGGCTCACGGTAAGCATTGTGAAATACACGCTCTTGTATCTCTGAATGCTACAGTGAGCCAAGACTCTCTGATAGCTAATAATCGCCTACGGGCTTGACTGACTGTTACTGAACTAAATGCAGGCCCGACCATAGGCGTGTCGAGAGCTTTGGGTCAATTTCCGTCTCTAGCTATCCTGTAGGTCTCGCCCCGTAATCGCTCTTAGTGCATATCATAAATGTTGCAGCGCACAGGAGGAAAGGCACCAGTGGTGATAGATGATCTATCACCCTGTCAGCGAGGTGGCTCAGGGAGTTGTTATTACGAGCTACGCGGGCGCCCTAGGTGCAGAATTCGACAGATATTGTTCTTGGAGCTTACCTTGGTCCAGAGGAGCGGTCTATTATTAGATGGTTCTCATTCCGCCGCAATTGGAACCATGCATCAACAGGGTTAACGGATTCGCTGTCGCATTATGGGCAGGCACACGAGATCCTCGGCAA,1821,48.93,Caenorhabditis elegans
SEQ_672115,CTATTCATTACGGCCACCTTCGGGTCCGAGCGCTAGTAGCTCCAATCCTGCGTCTGATTCACTACATTCGCGGTATGGTTTAGTACCGCGGGCACTCTTCGGGTTTGATCTCCGTCTCATTCCACGGCGGCTGGTCGAAGCGCCAGCTACCTTCGCTTCCGTAGTTAGTCGTTACCACATTCGACGAACGGACAGCGTTTTCGGAGCCTTCATAAAGTGACTGAATAGATAGTCCCAACTGTCAGGACACCCGTGAGTTGTTAAATTGTCGTCGAAATCCGTCGGAGACTCCGAGCCTGGAAGATTCGGGCGAAAACTATCCCCACCGGGTGGCCGAATGAATTACGCTCATGTACACGACAATAAAATTTGTCCGAGCTCGATCTTTACGACAACCATGGCGCCCGGTCTCCTGCTCCCTTGATCAGACAGTACATGGACGCATAATGTATCGAACGAAATCGCGCGACTAAACCGAAAATATAAGTGTCCCTTGTAGAGGCTATCGTCATCTACGGGTTCAAAGGGTAGTTCGCGGAGATCTCCCCGCGGCACGTTCAGTTCTCGTTCGTCGCAGCTTCCATCGGCCGATTGTTTCTACCAAAAGCATGGAACCCATGATGCCTGGGGGATTAACCCACGTGCTCCCAATGGCAGCGTTATTACGTATCTCCTAAAAGTTCTACGATGCAGTTCGGGCACAGCATAAGTCGAGATTAGACGGCAGGCATAGGCCTCCACCCAGTCAGCAGGATGGAAGCGTGTTGTCCTTGGATCGGCATAGCTACTCCAAGGCCTAAGCCGTCCACACGGATACATGTGCACTCACACCCTCTTCGACTAGGCAGATCTGTTTGGTACACAGCTTCACACAAATGCCCAATAATCAGGGGCCGTTCTATCACACGCCAGTCCGCATCTCCATCCGCCAAGGGCGAACCTGAGTTTTATTGGTTGGGATGGGTATCGCCTCACCATACCCAGGATGACTCATTGAGCCTAATCCGCGCGATTTGACCCCGCCCTGTGTAGACGTAGGCCCCACTTTAACTTGATTTTGACGAAAAGCTCTATATTTAAGGCCACGGCCGAAAATTCGAAATGACTTTGCGCTCATGACGAGATTAAATCCCCTGCCTGGACTGAACGAGTCGAGAAACCTCAGTCTCATTAGAATGCATACGCGTAGAGCGGGATTAAACATCATCACCCGACTCACTTCATAACTAGCAGGAAATCCTTTTGTTCAGTTCGGATCAAGAACTACCTTTCAAACGCTGTGTTATATAGAAAAACC,1297,50.66,Homo sapiens
SEQ_377988,GGGCGTCCCAACGTCGCGTAAGGATCTGTAATATCGCACGGGCAGTTGGTTGGCGCTTGGAGCCACGCCCCCAGTCGTGGGGATAGATCCGTACGATTAGCTACCAACGCTAATCAGCGTTTGCCGTCCCCGAAGTCTTGAGTTCCCGAGAGATTTCACAAGACTACTGCTGGACGTGCGATCACATTTTCACAGCCACAGTATATAGCCCATTCCATCTTACCTCTCACAATCAACAAGAACCTGCACTACGGAGGCATAAACAGTTGAGTCAGGCCGCTATCGCTCGACAAGTATGCCTTAGTTTAGAGCGAGCCAGTATTATACAACGAGCACCAGAACCCAGATCGATCGAGCACTTCATTTTAGGAGTCAGCTGAAATGTAGGCTAAGCAAGTGTGAGCAATCTCAAACCTTTAATAATATAGAAAGTGGATACTAGGCCGCATCCAACTTTGGAATCCTCCGGAACCACTGACGAACTTGGGCTCTGGATTAGAGGAGCCTCATTTAACTGTGTGTGGCCGTTACCCATCCTACACCAGGCATCAATTCCCGTAAGATTGGTACCGGTGCCAATGGCTCGTCTCAGGTGCCACATGACGAGCGTGAGGGAACCCGGCCGCGGTCCGGTCAAAGGATTGCATAGCCGTATCGACTCCTAATTAATCCTTAGCTCCTCGACAAGGGCATGCCCGCATCACCCTTACGATCACCTTATGCCTAGGGTGTTGATGCGCCACATTGCTTCGGAAACGAGTAGCCAGGAGCCTGAAGCATTCGATGCTAATGTCCCTACATTGTCTATGTTTTTTCCTAACCCTAAGTTGGGAGCGTCGTTATACA,846,50.59,Drosophila melanogaster
SEQ_589253,TCGCCTAGGTTCTTAAGAATGAAAGTCACCAACTCCCCAGGGTATCTTCTTTTGTTCTCAGCTCAAATTCGTGCTAGAAAGATAAGGTAACCTTTGTGCCAATTCTAGCGGAGTCGTCTACCCTACCGTAAAAAGGATATACGGGGATAACAGCCATCATTAACGACTTCGCAGAGGTATACAATCTAGTTTTTGCTGTCGGGATACTATTGGATACGTTTGTCAACAACGCCACCGCTGGTCCCTTTTGATAGGTTAATCTGTACAATGCGAGAATCGCGGGATGCTGCAGGAGATTAACCCAGCCCAAGGATTACGTGGCTTCCGAACCATAGTACTCCATAGTGGACTGCGATCCGCGCGCTCCCACGGAAGGGCCTAGGCGTAGAGCGATCTGTGCATCACCAAATGGCAAGTGATTCGACCCTGAACATGGACTTGCAATGCACCCGTTAGAAGGAGAATGGATCTCGTTCGGTCCCATCGTTTGAACGGTGCTCAATTAATCCTATATGTCCTACATAGCAGGTATTCCTTGTCAGTATAACGACTGAAGTCTTCGGAATTTTGCTTTGGGACATGCTATCTGACCACCTGACTTCGCCCCAGATGCCTTTCGGTCCTCCAATGCGCCAAATCTAATTCTATCGTTGTTGTGGCCCTGCGTTCTCTGCCT,676,48.08,Caenorhabditis elegans
SEQ_668550,CTACACTACATCGTATGCCAGGCACGCTGAAATGTAACAGGATGATTTGTACGGTGATCGGAGGACACCTCTACTTACAGTAGCGTAAGCGCCATTGTCAAGGATTCCCGAAGTGCTGCCTAATCCGTCTCCCGTTGTCCCGGGCCCGAGGAGTCTCTGTTTGGGCCACACTGGGATCGGCTCTGTGGCCTGCCGCCTGAGTATGAGGATTAGAGGAATCCCCGTCAACCATCTAGTCCCTACTAAGCAACCGCAATTGAAATACTCCATCTAGTCCGTACTGCACTTCCGCGTAGTGAAGTATCAGACAAGTCATTGGGCCGACATAAAGTAGGAAACAAACTTATGGGATGCAGGTGCAGCTATAGTTATCCCCGTACACGACATTGACCACGTTGCAGCAAGAAACAAGTCAAATTTAGACATCTAGTAGGCCAGGGCTAACCGGACCTCAAGACCAATATGTGCAGCAAGCATCAAAGGTTATTGACTTGCAGATGCGAAGTGCGTATTCTAAGGGTAAGCTTGTAGTTTAGGTATATCCTTTCATCCGCATCTCCTCGTCCTTTGGAATCGCGCCGACGCCCTCTACAGGTGTTAGTGAGGGAGTACCGCAAGCTCAAGTGCGTTGTGAATAGCATACACAGGCCCGAAGAGTGACGACGAGTCGTGTTCGTACAGCGTTTTTTATGTATGTCAAGAGCGACTTGTGAAGGCTGGATCCCATGACACGTGTGTCCGGTGCGGCGTAGAGCGTATCGTCGAAGTCCCTAATTTCATCAAGCAGCTCATTACACGCCTGTGGGCGAATTCGAAATGAAGACCGCTCCCCCACCTCACACCATCTTTGTCCCCGAAAAGTCCAAATCAAATTGCCCGGCGCCGCAGAAATCGGGCAATAGTCAACAACCAAGTCGCCGGGCATCGGGACTGACTTCGGAGATCCGACTCTCCACCGTCAGTCTGTCCAAGCGAATCTTTCACCCGTCTAAACATCGATATTAGCTAATGTATAGGCGGAAGGGGCGTAGCGAAGCCCTATCGGGATTTTACTAAGTTCTAAGCATTGTGACGAATATCTGCTAC,1086,50.46,Arabidopsis thaliana
SEQ_541553,GTTTCTCAGAATAAGCCCGTTACGCTCTATACGTACGAAACAAGGAATCCTCTATGCACAGAAGAAATCTGATAGACTCCAAAGAACTATTGTTCACTGAGGGAGAAGACATTAAGTACAATGGGTCTAACTACCCAGCCAACTCACGGCCCCGGCGCACCTCTCCGTTCAAACAACGGGAGGCAAATTAGCAAAATTGTTTGACTTGGCTGTGTGGCCCTATCCAGAATAATGATTTGGGGAAAAATAATGCTTCACCCCAGCCGTCCAGCATGTTTTCCCTTGTCCCTGCGGGTGATCTCGGACCTTCA,311,47.27,Arabidopsis thaliana
SEQ_858616,GAGACGGCAACGATGGAGTGGATCGCGGTGGATGCACAGTGCCCTTTTACGTATTACGCAGTCTGCTAGCGCGATACGGTAAGAACGCGAACCAGCAATAAGAGGTCTCTGACCGAGGTATTAAGTGGACGCGGCTTCCACAAGTGAAGCTGAAGGTTTAGAGGACCTTGCTCGTTCGCAGCCTCTAAGCATCTATTGGTGGATCCACGCTCGTCTGCTAATCTCATCCAAGGACAGCCAAGTTAACCTTAGCACATGTGGTATAACCATGCAATGAATTATTCTAGGCGTGTATACTAAATTGGTGCGATACACAACGGAGTTAGATGGTTGGAGATGACCCCTGGGTCCCGCTTTTACAGTCTTGCTGCAAAGCACTCTGGTTCTGTCAATCGGGGAGGCGAACTGTTACCGACCATGTTTGACCGAGCCCTCATAGCAGAAGTAGACATAACCCATGGGATCCTTTTGCGTGTATGCGGCAAGGGCGCCGATGTATGAGTTAATCATTCCTTAATGAGAATGGAGGCCGAATTCCGTTGATTATTATTCGTCTTGGGTCCAGAATAGTGCCAGCGGCTGGACGGTCAGGATTAATTAATAGCTCTTCGTACAATGGATACGTGAGAGTCTCACGGGAACTCAGTCCTCGGGTCAGTTGCACTCTCGTTCTGCATACGTGTAATAATCTACTACACGGTCCGGATTTCCCTCCAAGGGTAGCAGGCTTAACTATACTGGCGGACGGAACAATTGTCTACTGGCCGCCGCTCCCGGTGTTACCGGACAATTATCCAAGTTATACCTAACCGAGGTTGCCAGTGGACGCATCGCCAAACAATTGGGCAACGCTAAAGGAGGCTGCTGGTTGCAGAAACTAGCGGCAGAGTGAAAGCTGTCTATTGATAAGGAACCCGCTGGGGTCGAAGGCAATACGGACGTAGAGCTCTGGTCAAATGAAGTCAACTCCTGAACGGAATCTGTTCCGACGAAATTAATCCGACTTAACAATCAAACCGTCTTCAATAGTGGGGGGTAACCAGTCACAGTTGTGAGAAATCTCCCGCAATTTCTTGTGACCTTCTGTGGCAATGCCGTTGCGCTCGCCACAAGGTGTCTTCAAAACGGGATGAACAGCTATTTCACGGATAGGCATCAAGGACAGCTCGTCCTCTTAGCTTTTTATTCAGAACTGTCTTCTGGTACTCCTGGTAAAATAAGTGCCGTGTAATTGTACACTGTGCATAAACGGTTATGAGCCCAGCGAGAACTA,1273,49.02,Homo sapiens
SEQ_433885,CGTAACCGGTTCTTAGGCATACGTCGTCGAGTGCAAAGTGTAGATTCTAAATCCGTAAGCGTGGCAAATGCTACCCGAGACGATGTCGAGATTATGTAGTTACGATGTTGATTAGTCTTGTAGAAACCATTGGACCCCTTAAGCAGTCTCAAGTGGCGCTCCCGCGGGTGTACGACGTTGTCGAGGCAGTGCTCGGAGCGCCCAGGTATGGTCGGGAGGAGGTCGCCAGCTTTGGCTTCATGCCGGAGACATCGCAATTTCCCTACGTCAGTACAACTGCTGAGCGCGCGCGTGGTTGGCGATTCGGGTAAACATAGTATTAGTGAGGAAAACACTGCTCATGGTGCGGTTGGGCCCTAGCCATGGCGGCACGAGCCACGTTATCGGAAAGTTATCACCCACATACGAAGCGTTATTTCGGAGCTCTGGAATCCCCTTAAACTCCCTGTCTCAGAGAGCGACCACGATACTTTGCTGGATTGACATATTGGAAAAAGTGACCCTGAGCGGTCACAGATCGCAAGGCTGACTTACACTATTGCACCGATTACGCGACGATGCAATAGAATACTGAGGTAATATCTTTTACCGGCCAGCAGGGCTTAGTAAGAACAGCGATTTACAGCTAGCCGACCCTAGGAGGGAGAGGGACGCGCGTATCTGCTCGACATTTTAGGGCTCTGGACGACTAGTAGGGCTCCAATTCCGCAGGGTTTAGCAACTTATGTGACTCAGGACTCCGAATGCAACAATGCTTCGTAAAGTGCGTTGGGCTACATCCCTTGAAGCCACTGGCCGTTGACGTCCAGGTCGCAAAGTCGCTCACTGTCACGGCATGTACGGATTGGATGTGCTACTACTCCGGAGAGGTCCCCGCCATGCGGAGACCGTCCCTTCGGGAAGTAAAGGCGGCGGGTCCACGGCCGGGCTGAAATCGACCTGGTGGTCATGTGTCCCCGATGCGGGGTTCGGAAGCTAACAAAGTATCAGCCCTCCTTTGGCGTACACCTAGATACGGCAACGAAACGTCACTTCTGGCCGAGAAGCATGGTCGCTCGTCACGAGGAGGAGAATGCGTGTGAAAGTGCTGATGGTCCAACCACGCCTAGTGTGATTCCATAAGATCCACGTCACTTATAGGTGGGCGCAGACTCTACAACTTACCGGAAGCAAGCATCAGTCCTGGTTCCGGTGCTATAATTATACATCCTGAATCTTGAAGTGAGTCTCGAGGTTCCTCGCGTACAAGGACTCTGCACCACTGTTTCTACGTTAGTCTTTAGGGTAGACGCCGCAGAACTTGAAAGTAGGAGAGATCGTCTCAAAGGAGGTACGCTATCCAAATGTTCTCCCGTGCATGGGGCCCGTGGCAGGGAGGTCACCAGTCTAACCATAGATATACAGACACTGAAACGGCAAGGTCAGCGAAACGAAAAATAACGAGACGCTGGTACATATCTTTCACAGACCGCATGCATTTACCCCGGAGACTTACTCGACTGATGACTGTGTAATTATTGAAGATCGGCTGTGCTATCTATCTGGCAAGATTCACGCCACGTATAATAATGTGTACGGGATATCGAACGATAACTTTATTTGTTTGCATTAACGGTCGTCGTTAATACCCCGTTTGTCGCGTAAAGTCCATTGCATAGGGCGCCCCATATCGGTCTAGCTCGTCCTCTGTTACCCGTTTCCAGGCAGATTATCAATCGCTGAGTGCTGGCAGCAAATCGGCCTCACAAAGTGCGTGCAGCACTAATAGCTTTGAGATAGGAGTCA,1785,51.48,Escherichia coli
SEQ_597699,CCTGATTACGACACGGATTATAACGAAGTTATAGGCCGCTCGAAGCACCTGCCCCCGTTACGTTACGGCTCTGCTTAGTAACATCCGTAGCGTAAACATTCTGGCGACCTACGCACCGGTCAAATTGCGCCCAGTGCGTGCCGAAGTGTAATCGCTGGTTATATTAGAGTCGTAAGGTCCTATCACGGAGGGATGCGCATCGATCAGGCCGCCTAGATTACAAGCGATCGATCCTTACCCTCGCAGACCTCGTATTCAGCGGTACTAGAGGAGGGCAGCACCTAGGTGAGCAACGGTGATCTAAAAGTGAATATCATTTCTCTACGTCTAAACCTCACGGTCTCGTGCCACCAGCCCCACTTAGGGGAGTACGCGCTATTTGCTCTTGCTGAATTGCTACATTATGCCGCCGAAATAGCTGTCATTTTGGGTGTATATGGTTGTGACCCTCGCTTTAGGAGCCATCTGGCCTATGTCCCACGGGGAAGTTCTTTAATCCGTAAGACACCCTATTGACCACGTCCTGAGCTATAAACCATAAGGAAGGGTGGTAGGATATGCCCCCCTCTAAGTGATTGCCTTGTGCAGCAATCTTTATCTAGTCGAAAGGTTGGCTTTCGGTCACCTGTGAATTTGAAGACTATACGACGCGTTTGTTTTGCTGCGATATACCTTCTGTAAACGCAGTATAGCAAGATTACTTACTTTCATATTGCTTATGTTCGGATGTTTGAGTGTTCGAAGGGAACCTAGTTGACCAGCTAGACGGTACATCAGCGGTCGCCATTGGGTCCAGTATTCTTACGTCTCCAACCGAGATCTGGTTCTAGGGAACAGACTGCACAACTACTCAGGCCATTGCAGCCGTGCACTCGGCGTATCTTTAAATCACTATACACGGAGTCGCCCCCTTATCCCTAGCGTGGGAGAATCCAGACAGTTAGCGTTCAGACAGGAAGCATACGTTAGGCCAATCCTTTGATTCGTAAAAAGCATTTGGCAAGACATGTTGCATAAGGGTCAGCCATGCAGTCAATACACTATTCTCGAGAGGGGGTACCGTGACTGCCCGGCCCTGCGGATCGTTATGTGTGTCACTTAGCGGTTACTGCCAACCACGTTGAGTGCGCCGAGACAGATCGCAACTGCTTTCGCCATCGACGAAAGTGCGCACACCGTGCAGCGACGTTCTTCCAGGAGGCAAGCACTTGAACGGAGACCCATGAACTACGCAATGTAAGAACGAGGTAATGGTGGCCTGTGCTTGTCCTTATGCAGACGGATAACCGCCGTCTACTCCGTCATTTGTTTCCGATCTCCTTGTGTCGGCGGCAGACCGCCTTTGATTTACCCTGTGTATGGACTTCAGGACTGCCCCATGTCAACTCGTGGCACGTTTGTCGGGTTTGCGATTAGAGATATCAAGACACTACGCATCGAAGCTGGCTTTTAACGTAGCCCTAAGTGAAGGGACCCACCCGGTTGGCGGATTCATTGGCCCGGTCCAGATACTCGTGGCGTCCAAAAGAGATGGCTTATCCTAGATGCTGTGGGCTACGAGCCGTGGACAGAACGTTGAGAGGCGCAGTTAGATTTCTCACTATTGCTTACAGAATACATATGCGGGGTACGGCCGGGCAATCATCACGAAACTAAATTATGAGACGCGGAGTCCGTGTGCCAGAACCTCAGAGGGAATTTTTTGACTAGCAGTCTTAGAACCAAAATGTGCGGGCGGTCCTGAAACGGGGCTGCTCAGAGGGAATCACGACCGGCGCGACTGTCCCGGCTGAGCAGAATCCGATAGCTCTAATATAGTCTACCTGCATCAGTTCGTAACGAACACAGACGTATGGGCATGAC,1863,50.83,Arabidopsis thaliana
SEQ_462842,ATCCCCCTATGGAAGGTATAGATTGAGTAGGCTCATGGTACTTCGATGAGCGAGAGTATCATTGACATGGCTCATAGAGGCGTCAAGTTAGCCGGTGCGGAACAGAAATTGCCGCAACTAGCGGTAGCATCCAATGTGTTGAATCCGCCTTCGCGCGGTCCGGGGGCACTAATAATCGAAGGGTCCTCCTGCCTCACTAAATCCGAATATATCCGGATTCATCATCCTAAGGAACTTGTGATCCTCATAACCATTGTGCTCAACCATCCACTTGAAGTTCGTCTCTGTATATGTTGATGCGTCATTCGGCTTTTACTCGCGCGATAGTTGCCTCGTAGGGGCTATCACCTCCGAAGCCACGTCGGAAGGTACTGGGGATCCTGGCCGTCAGACGACTTAAGGCGCCTCAAAGGGGCATACGAACGTAAATAGCGGTTGACTGTGTTATGTAATCAAGCTAGACATCGTGTACTGGCCAGTCGCAACCATAAGTTCCGCCGCCCCCGGTGAAATTACCCTGACCAGCGTTTTATTGGCATGCAGTGTTGTGATCCGGCGTTTTTAATTGTTTCGCCAGAGGTGCGCGACTACTGTACGTTGCTTGCACCATGCTCTTCCATTGGTCCCACTGATAGATAAAGTAGGGCGTTCGACTCTGTTCTCCTTTTAAGTTCCAGTAATTAGCAGACCTAACGGGTCCTCAGTCTAAGCAATGGGTGGTTCTGGTGATAGCGCAGGTGCAAAGTTCTGCTAGCTTTTCTATGGTCCGGGCTCCCGCGGCGGTACCTTGACTCTATTGGGGGTAATCCAGGAGTCCAAAACCGTATCAGTAGAACGGATTTGCCGCAACTATGAAGAAGTTAACGTCATGCGACTCCCGCCAGGCGCGAGAGGCTGAATTGTGTGCTCGTCGACACAACACGTCGGAGTGCTTCACTACACATTGATAGGGATAAGATATAGCGGGTTGACAATCGGCTCTTGGGAACCTACCTTTTATTTCTAAGAGTGAGCATGAATCCGTTAGAAAAACTGGCCAGTAGCACGTAACCTGGAGGAACCTACCTCACAGTGCGAAGGAGTCCTGCCATTAAACGTGAGGGAATATTGTGCCGTGAAATCTCCGCGCCCACAAGCTAGGTCCGGCGGTCTCGGATTTCATGCCCCTAAACGGAAATTGAGTTGTTATCTCCTTTACCAATGGATTCTACTGTGCACAGGTAGATTCCACCGAAGGGATCATCTGCACCGCAAGGAAACT,1261,50.2,Drosophila melanogaster
SEQ_304283,GTTCACATTTGCGCACGCCGATTGCGAGGCTTCCATGACTAAGAGTCCAGGTCAGTGATATTACATGGAGTTGACGGATACGAATGTGTGAAATGACACTGTGCACCATTAGAAGCGGTGCTATCGCCTTCATCATTCTCAGTTAGGACACGCGGACTTCCCCACTGGTGCGGACACT,178,50.56,Caenorhabditis elegans
SEQ_264908,GTTAGGCCGGTCATCTACACAATACAGCCCCAAGAAGAAAAGATGCATTTCGCTCCCAGACTATATTGGACTAGGGGAAATTATTTTGCTATGGAAAAGGTACTAGCGATGCAGAGGCGCATATAAGGTTAGTGGCATTGGGGGTCTGTTGGCTACATGCTATTAGGCTGTGTCGAATCGAAGTATTGTGAGTGACTCCGGCAGGATGTGTCCCGAAGGGCGACGTATTTGCGTGAATCATCTCTGGCCGAAAGTCATCCGCACACAATCAGAGATAACCGTCCTCAAAAAAAAAATTTGTATCTGCTTCCCCAGATGAAACGAAATAACACGGGGATATAATCCGTACAGTCACTCGTTGCGCGTCGATTCTCTAGACTTTAAAGGTCCGCGGGTCACTCGCTCTGTTTAAACTATAAACATCCACGAGAAGAGTCCTTCACTACACCGTACGACAGGTGCGGGGTATGTTACTCGTTTCAAGATCGATTAGGATTAACAGTGACATTAACACATACGTGGTTGCGCGTCCTTTCTTGCAGATCGTTCATGCACAAGACTTCTATCACTCCTGCAATGGTTGTAGCAAGCGTTTAACGTTCGGCTGGCTGTCCCGAGGGGGCGTCTTTTCTCCTGACTAACAAGAAGTGTTTCACCGCTTATTATGGACTCGAGAACTACTGGCGGTGTTCAGGCAGGCGGCCGTGCGAGGATTCAGCTTGTTCCGTTGTGAGGAAGTCTAGGGGCATGTACGTACGAGAAAAGGGATCTAAAGACCTACAGCCGTTCCATATACGCAGTTGTAAGTCCCAATACCTCCCGAACTGAAAAGCTTAGCCCCGAATAGCCGACGCCTTCAGACCAGTGCTGTATGACAATAGTGGTAGTGATTATTCGTCCCATCAAGATACGGATGCAGGTTACTTATGGCCTAGATATCCATTCAGCTCAAACAGCCCTTAAGTCTCTCCGACCTTTGTGGCTTGCGTAGCTCGCCCAAGGCCGGTCACCCTCAAAAGCTCCCATCATAGGCCGCTCCGACGCATCCACCACGAACTCCCCGCCCAGGTGCCCTGTGATGTATATAGAAACGCCCTTCTACAGGGTCGAATATGTCACGGTACTTACGAAGACTAGTCAATCCGATGATTGGGTTCCCCTCAGTTGAAATGGATCATATGACTCGGGGGCTTGTAGAATCCTACTACGCACAGATGCCAAGGGCGTGTTGCATACGTTCCTACCTACTACCCACTATTATTAGATCAAATCCACAGACAAGATATGCGATGAGGGCGCTCACTAGTCGAATTATAAGTTGAAGGCCTCCGACCCTGCATTAGTAATTGAGTGCTATGCCTAGAAAAGCTGACAAATTTCGAAATTCGTAACGCCAGGTCATCATGGACGACATCTTTTTTAACGAATTCCTGGGCGGATTGCGAAATGTTTTCCTAGCGGGATACGAAAGCCAGTGCCTGATCTTCACTTCTGTTTCAGATTCCTTAGTGACCCTGAATCTAATACTTTGACAGCGACGTCAGTTGTCAGAAG,1554,47.94,Escherichia coli
SEQ_627179,CCGAGCGACCACGAGACTTAGACCGGGGGAGCGTTAGAGCGTAACATGTAACCACATCTCATTGTTGGAATGAAGGTATGGGTTGCCCGAGTTGTACGTAGGCCCCAGGAGAGATCTGGGCCTTCCACATCTGTTAGCAGACATACCTAATCCTCGATCCAAGCCCCGAAACCACATGGCTGTGTAGTAGGTGATACTTCAGTTGTAGTAAACGGACCATGACCAAATAGGCCACAGGCAGTGTGGCCTGTATACCGGTGCGGCTTTGTTTGCTAAACGGGGCGATTGTATAGCTGCGTTCGATACTACTGTTAAGCTCGAATCCTTTATGAGGCCTGGGGGGAACTCACGAGGACCTTGTTTCGCTCGTCTGACCATCTGAGGCGTTCACTTCGTCCCCCGCTCATCAGCCGGTATCGAGTGTTCGGGTCAAGCCCCGTCTATGTTGCAGATTGCGTCGGCCATGATACGTGGGACAGGAGCTGATGCCTCAACCCTGGGTTGGCATGTTTTGACTAAGGGTCAAGGGTGGACTTCGCACGGCCCACTAAGCGTCTGAACTGTCCAGATTTCCCCATCCTGTGTTAGTTGGTACTGGGATCACCGTTTCTCCATTCGGTGTGCTCAGAGAAAAGGAAATGACTAATCTTGTACCCCTCGCTAGATAGATATGCCGTGAGCCCCAGAACGCCTATCCAAACGGGACAGTGCGATGCCCTTATTAATGGCCGAACACGCAATAATATCATGATACGGGGACCATCGAGAATCCGACGATCATCAAGACAGGTCTGCAAAACCAGTAACACTGTTGCGAGCTCACTTGATAGCCTAGTACTCCGGTACAGGCTGGGTCACCTCCATCCTCCCCCGTCAGACCTACGCAAGCCTCGGGGATGTAGTATAGTCGAGCTAGGATGTCAGGTTCGTGGATGTGGCGGTGGTTATAATGCCACAGTCCTGCCTGCCGTGCTCACGAAACCTCGTACCGACACAGAAAGCGACGGCTCGTGTATATCTATAAGGTGCGGCTTACCTGTTGGGCGGCCCTAGCTACCTCAAATCCTCAGCGTTTGTGTGGTGAAAGAGTATCTCCAGTGTGCTATCGCTTGCCAATTTATTGGGGCCGTAAGAGAGCCGGAAGACACACAATCTTGATCTCGGGCGGTCCCCACTCCTGCAGTAATACGCCCCGTGCTTCCAATCCATGAGAAACTCCTGAACATATCAAGCATCCATAGGTGTGTCTACCCTTGAAACTCGTCACGGTGTAATTTCTCATTTGCTGCACAATGTACAGGCTGTGTATCATTAAACAGCAGCATTGAAATCCTAGCGATTCGCACTGGACTTCTATTTGGCAGAATATGTCGTGGTAAAATACCACAGTTCGCGTCATGGGCTATTGGCGTTAGAATACAAGGGACAGTCAGTTGGGACGCGTCTTACCAGCTGATGATCGAGCGAGATAGTCACCAAGAAACTACCTCCGAAGAACCAGCCCAGACTCTGACCAGGACCCTCTCTTAGCCTGGTCTTCGATTGCGGCCGACCTGAAAGTGATCAGCAACCCTTGCTTAGACTTTCTAGCATCCGTCAGACTTATACTTAACGCTTGGGAACACATGGCAATTTCATTAAGCGACTAACCGGATCCACCAGGGTGTGACGGATACGTACGTATATCATCCCGTCCCCCGGTCAGGTTCTATTGTTGTATTGGTGTCTAACCCGGAAAGAGCCTCGGCACGCAGTCTTCCGTATACAAACCTCAACCGTATAGCTTATAAAAAGTTGACATCATCGTTGCTTACCTCTATTTTTCGTTCCTCCGAGACGCATTGCCCGTCTCAACCCCAACCGGTTGTCTAGGCGACTGGAGTGGTGTTTTTTGATATCG,1900,51.11,Mus musculus
SEQ_185642,GCCCTTAGAGACCGACTACGGGGCATACTATTGCTAACGTGATACGAGCTCCAAATCCACATCGACGAGGGATTCCGCACGTAGAACTGACAAGAGCCAGCAACGACTCGTTTGTGGCAGACGAGCGTTGAAATATACATCAATTATAAATTTGTTTTCAAAAAGGAACTGTGGTCGTAAATTCCGTCTCCTCTGGACAATGAGCGTCCGCGCGGATCATTGGTGAGTTCTTAACCCTTTGACAACTGGTTCACGAATCGACTATGGACATTACGGCGCACAATAATAAGGCTCACTCGCCAACTAATGCCTGAGTCGAGGGTCTTGAACATATCTATGACGGGGTAACAGCGCAGTCCGTAGTCGGTTTTATGTTTCGTGAACTCCGGTATGACAACTATCGTGCATGTAGACGTAACTTCCCGATAGGACTGACACGATGAAGCGGATTTATTTTCAACCTCCAGGGATCTTACTAGTGCAAATGGATGATCTTAGCCCTCCAGATTCAGGTTTCCCGTTGCGGGCACCGATTCTCTTGCACGAGCGC,550,48.0,Homo sapiens
SEQ_882389,TTGCTCCTCCTTTATTTGACATTGGCCAGGGTCCTCCGATAAGAAAGTTGCGACAAACTTTTCTTTAGCCAAGCGCTCCCTACATTCGGTATACTCGTGAGTTAAGTACGCCGGTATAATTTTCACGTTAACCACCGTCACGCAACAGTGATACAATCATAAGGGGAACCATGTAGAATACGCGGCTCCATCGGAAGATCGGGCCTCGATTGGAAGTCTGGCGTCATATGAAAAACTCACGACTAACACGTGCACGGAGGGAATAAGGGATAGCCAGTTTGTCTCATTCACGTTGAATGTCAGCCTGAACACGCAAATTCAGATTATTGGAATTCCCCGGGTAGCACCTTTTGCTTTGTCCATCCATCACGAGTCTAATACCGCTGAACGTCTAATCAGGGTGACGGAGACAGACGTCATTATCCGATCCTGTGGCCTCCTGAACGGTAAGGAACGCCAAGCTCTGTTCCTGCGTTAGCCGGTAGACCTTGACGAAGTACCAGTCCTTGGCCGGGTCAGGCGTTAGACACATGAATCATATAGTGGTCTCAACCCGGGCATCAGTCTTGTGTGGTCACTGCACCTACCCTGGTGTGCGGCCGCAAGTTGCCAGTACCTACCATGCACCTACGCCCACACAAAACATCGATCTATGTCGTTCATAGTCTGGTCCCGAGCCCTAGGCGGAGTCAAACAATTCGCGGGTCTCCCGGTCCTTGTTAGGATGATGAGAAATCCACTCCCGTGCACTCTACGACTTTAAGGGAAGTATCAGCTAACGATAATCGGCTTGGCTCCTTCCCAGAATTTCCCTCGTCAGACTCCCTCCGAACTCGTGCGGTCAGCCAGGGCCTTATTGGCACCGCTGAGTGACCTCCTGTAGCTGATAAAAAAGAGCAAAGGGTCCCCACTTTATTATGATCCGATTTTACACGACTTTGCGCATGGACCGTCGACGACGTCATCGTCCTAACACGTATACAGTCAGATGCTAGGGTACAGTATAGTAGTACAGGCGATTACGAATATAATAGGTCAATCTTGGCCATTTGATAAATAGCGTTGCTTCCCTGGTAGTCACGTCGACAAGCCGACCGCCTGCCTGGTCTCGTGCGTGACGGATAACATATATGTTTGAGGTGCCCTATCTGGGGGGCTGGCAACCACTTTGTACTCTCTTCAATTCCAAGGCAGCTTTGTCCCTACATTCCTGGGGCTATGGTTTTAATCACCGGCTATGTTAACAAACCAACCGCCGTGCTGTAAAGGCTACATAGGTCAGCACAAAACTCACATTCTTCGGGGGTCATCCTAGCTGCTCACAAAACTTTTTAGTTCAACCTTATAGGCAGAACTGATGCCATTAAATGAGTTACCTTATGTGAACATCAAGGTCGATTTTAGGCTAACAGAATCGTACATGATAGATACGTAAACATCTAGCATGGGAATGTTTTAAAACGCTAAACAAGCTGCAAGTTCAATCAATGTAATATAACGTATGTCCAGAATTCGTAGAGCCCCGGCAGGTGTGCGGTTTGTGGATCTTTGAGTTTACTTGGTTAGCGGGGTCCCGCGGATTTTCTCTCCTTCGCGCCACAGAAACTGCTTCTACTCTCTTGGCCACTACTCTGCACGTACGAGTGGAGAACCTCGCGCAGACTATGGGGAGGCCACACCTCTTATTACGGAACAACCACCTGGATCGTTAAAGGTGGGGCGGAAGGGGCGGGCCATCTACATGTTTACGCTCCACTAACGCCAATGGAAACCCTCAATATCAATTCCGTTTAGTTTGCTCAGATGCATCAAGGGGACATTCAGTTTCTTATTACATCACCACAAAATAAGCTCAGTCATTCGCCGTAACCACAACCATCTGCGGTGGACTTGGTTGCGCATGCTTGAAATTTCGAGACCAAGTGTG,1927,48.73,Mus musculus
SEQ_492968,ATAACCGAAGTGGCTGGTCTTAGACCGTCCCGTCTGCTACGAGCCGGTTGACTAGAACTAGCCACAGATAATGGA,75,52.0,Escherichia coli
SEQ_988988,TTTAGAAAAACCCGCGCATTCAAATATCGAAGCGGTATCTTATACGTCAC,50,40.0,Drosophila melanogaster
SEQ_582033,GGAAGCTGAACGTCGATACCATTAGGAACAACTTCAGGTGCTGCATCCACAGTTGGTTGACTACCCCGAGCCACACTGGACCCCGCATTTTACCAACAAGCGATGGAGCCCATCGGTAGCGATATGAGGGTAGGGGAACTCTCAGCCGTTTGTGGGTTACGCCGAGCACTCTGTAGTCTATGATTTCATGCAGAAAAGCGGGCGGGACCCCGTCGTTCAAAAGTTGACATCTACGGCAGTAGGACGATCTGCATTTTTGTCGTCATTTTGGGTTAATGAAGTAAACTCTCCAAAGCAGGCTGGTAGAGGGCTCAGCCCTTTCTATATATCTTCGAAGCGCTAAAATCGATGACGCATCACTAAACCAGCTGGCCTCTCCTATATTGATGAAGGGACAGCCCCAAAAGAATACTCTAAGGCATACTATTAAAAAGATCCCAAAATCATGCTAACACCGCCTTGCTGGCGGCAGCCTTGAACACTTCTCGCTCTGTCAAGAGATCCTCCCATTTTCACCCTAGAACGTGGCCTAGGTGGCCCCCCCAAGAATAATTGTCTTTGTATCTCGTAGGTAACCGGTCCTATTCCAGGCCTTAAGCCAACTGGGTCCTGACATAAATGCTTGAGACGGGGGTGTGTAACGGGATTTA,650,49.38,Mus musculus
SEQ_148367,AATTACGATGCAGCAGTACATAGTCCTCAGCCCGCACATCGACGTTGTAGAATTTATATCACTAGAGGGTGGCCTGTCATGGAGAGCTGGGGTTCGAATGGTTGCCAAATAATGACAAGTAGCCTTGTCTGCCACGACTTGTACAAGTGTGTAGTACAGGGAGAACCTCTTAGTATATATACTGAACCATCGCGGATACCACCGGACTTCATAACTCGTTTAAGTGAGCTCCGATTACTCGACACAGCCTTCTGCA,256,46.88,Drosophila melanogaster
SEQ_891606,CTCGACGTCTAAGATGACGCTGACCTGCTTGACCTGAACACAGTCTGGACGCGTCCTTTTGTCGCATCTCCTCGTCGAGATTTAGTAATGCACGCTCTTACAAACCGGCGGAGTGATCAATCAGTATAATAGTTACGACTCTGTATAAACTGATTGTTGGTTAAAAACCTCCTTTCCGTAGGCCATCTACAGGCGTACGCAGCAGCCTTCGCCGAGTGTATCCCTGACAACGCTATCTGGAGTACGCGCGACTCTAAAAAACTGTAGGCTCGCTCGGCACTGTACCCGTTCAATATGGTTCTGTGCGCTGCTCGTATTGCCAGTGCGTTCTCTCTTATCGTAGAATTACTTAAAAACAAATGTAGAATTTACGAACAGTTCGCTCACCTCGCAGAACCTCTCAACGGCACACACACTTTGTGTCTCCCCTCTAGGATAACGCACAATGGTCCAGTGCCCCAGGCGTTGGGCGCCTAGGCGTTAGATTGCTCGACTTACCCCGGAGGAGCTTTCCAGGAGTTTCCTCTGTAAGAAAATCGCGAGCGCGCGGTCTCGCTGAATTCACCTAAAGCGGACATAGCTAAGCAGGGCAATCCCGTGTTGGAAGTGCGGCGGACAGTTAAGTCATGTACTTGACAGAAGACTGTGCGGGCGGTGATACAATAGCAGTTCAAATGTCTGGTCAGTGATGTAATCGGGTTATCCCATCAGTTGAATCATTTGCAGTTACTGCTCCCGAACTTCCTTTCGATCATGGTGGATGGGTAGGAGGACGGGCGGAGGTCGAATTCCTACGCCTCTTGTCTTATCGACTCCGCAATCCGCTCAATAGGCAAGATGCACCGCGTTACCAAGACACTGAATGAAAGGGCGCGCTCCGCAAAGCGTAGAGTGACCGCATTAGCAGATGCTATTTCACGAATTAATAGATTCTGATGTAAAGCGGTAGCAAGGCACAGATGCTAATCACATCTCTAGAAGCGCGGGATCTGCTTTACAAACGCTCAGTTTCGGCGATGTGCAGTAGTAGTAACTGAGAAGTTGAGGACGTCTCAATCAAGCGTTGGAGCAACGGAGGCCGGAGAGAGAGCTATATGGTAGAGAGCGCAGCTCATGAATTTATATACTGATCCATCGAACTCTCTCGGAGTTCAGCGCGATCTACGGCCAGCATAGGTACAGGGCCATAGCTGGCTACACTAAGCTTCGCGGAATGTAGCGATCAGAATGAGAATTCTTTTCAACTTCGCAGTTGAGCCGTTACGTATCCGTGGCATTTAAACTCCATCTATCGTCGAGCGATGGAC,1307,49.81,Arabidopsis thaliana
SEQ_196475,CATCAATCAGCGGGACTGCAATTAAGCATCGTCCCCGACCTTGGCTTTCATACGTCCAAACATCTGGCAATAGAGGTCCCGTGGGGGTCGGTCTAAGAACAGACGAAAGACATTTTACCCATATACGCTTGAAGGCTCGGCCATGAGACTACCTAGACAGCCGGCAATAGTTTGTCAAATGCTCAAAGGAGGCATGATCCTTCTCTTTATTATTTTGCAATAATATGGAGGGCGAGTCCTAGGGTGCACGGTACCCCTGCTCCACTCTGTTACAGGTTCTTCGTAAAAATACTACATCTTCAAGCGAGGGTGTGTCGGTCCGGGGGCCCGAAGAGAGACGCTGCTAGTTGAACTGACACGGGACGGCGGCTTTGCTAGGACGTATGCGGAAAATTTGGGGCGCTAATGAGTGCTGGGACATTTCTTCAGGAATTTATAAGATAAACATGGCTAACCCCGACCCGATGGCCTGCGGAGGGGTAATAGCAATACTACGTAACGAAGATCGGGATTAGTAGAAGAGTCAGATCGCGGTATATAGCGATCATTGCTGCGTGAGCCATAAGTCCGTCCTCCTTGATAATGTATAACCTAAGCAGATAGTGTCTATAAGAGAATATTAACTTCGTGCTATGTGAGCGGTACGCGTAAGTCCTCTTGCATCCAGCAGCGCCGCTCGATAAGCTCAACGATCGGAAGCTATGCAGAGATGTTGTCACGGACCACCACGAGGTTAGACAACACCTCCAGTGAGACATTGTTCATAATATTGATACCTAGTGAGTGCTCCCATTCCCTGGGGGCTGACTAGTTTTATCATTGGCTCGTTGCACCCTAAGGCTCTACTCCGGAGGTTGCACGGGTGGCGGATGAAAAGTGTGGACACGCACATAAGTTTCTACCGAATCGGCTAAGAAAGCTGACACAGGCCGAGTGATACGCCGGTGAATACCAGAGGGTAAATACGGCGATCGAGAAGAGGGAGCGTA,989,49.65,Drosophila melanogaster
SEQ_274349,TGCAAGCCCTATTGTGTCTGTAGCACCCTCCCCCCCATGGTATATAGTAGGGGGCCGGGGTACGTTTCCTTGCACTAGTCCGATCAAGTCACATAAGCGCAGAACTATTCAAGGGGCATCCCCTCCATTGCGTGAGTAATTTCTGACCTAGTGTTGACATAGGGACAACTTATCTCCTCGTGCGCTCGAAGTGTTAGGATGGCTGAAAAGTTTAACTTTCGACGTGGCCTCCGATCCAGTGACGTATCTTCGTGTGGTGAAACGTTAGACAAGTAAGCTTCAATCCGGAGATCCCCGTGTATAAACTAATGAGATCGGCCAGCCGCCAGGGGGCACTCGAATATTGGAGGCGCAACTCAGGGAGAAGGGTACCCTCCCCTTAGCCCTGACCGTGGCAGCTTCTTCAGTGAATCCAGACGGAATAATGTAGCCCATCACTTTAATTCGTATATACCGCGGGACCCAGTCAGGCGATGCCCTACTGTATGCAGGAGAGTAGTGCGTAGTCAGCCAGGGCGCATAGGGAGGTGTGTAAGCATGAATAAGGACCGTGAGAATTTCCTAAGCCGGAAGAGTATGGATTTGGTTAGAGACTGAGGAATCATGTTGACTGAACCGCGACTCTAAGCATGTGATAGCACGTAAATCACTACTGATGGGTTCACTGCGGGTAAGCGGACAGGAGGACGGCCTGAGCATAACGCTACGCTCTCCCAGTGTGGAGGCTGGGTGAAGTGGAATAAAGCACAAACGGGGTAATGACTGCACAAATCCGCTACGCTGGGTGGAGATCATAGTCACTCCCCGTATTATTAGAGTAAATCTCGTTCGGGGGAAAAGTTCTTGACACACAAGAGTGATCACGCTCTTCGATTGTCCAACAGGGTGCAAGGGCCAAGTAGGTTCCAGGTACTGGACTGCGGTTATCGAGTAAGGATCGCCCGTCCACAGATAGGTCCCCCTTGCGGGCGTGCTCACTGGAGGCGACGTCAGTCTAGGATTACATTCAACCAAACTCTTTGTAGAACCAGACCGAGTCTCGCAGGGGCGATGGTTAATTGACAACAATTAACTTTCTTTCCTGAGTCCCCGGCCGACACGGGTCGTCTGGCTCGCACGAGTGCGGACCGGTGCATTTATAACGGGTAATAAAAACAGAGTGATCGCTTGTAGTACCGCGCACGTGCTAATCGAGCAAGGCTAAGGAGCGCCGATTGCAGACCCACGCATTCAGGGTGCAACGGATACGTGCTAGGCACCCTAGGCGGAACTGCATGCGTTCCTTGTGGCAAGACCAGGTGATGGGAGGAGTCTGTCCCAAGGCACAACTAACCCGAATTCCTGTGCAGGGTGTTAACTCGATATCTGTCGTATTCGGAAGGTAAGCAATACGGTAAGTACAATCCCCGAGTTGAATAGGTTTTTTTTAACTTTTTGGGTTGACTGTACATTTACCCCGTAACAGATCGCAGATTTGACAACGGGTTCGATAGACTTCCTGAGCGTAAGATACGGTCGGTCGCAGAACCTCCTCGATGTGGGAGACTCCTACTATACACCATCAGCTGGTAGCGCTGGAGTAATATCAATACAACA,1596,51.19,Drosophila melanogaster
SEQ_311939,GCGATGGTTAAATCAAAGACCCGCGACAGAATTCTATTCGTGTGGGTCATTGAGCTGTGAAACGGTAATGCCAAATCTCAACCGGATGGTGCTGACCCCTCAAACAGGACTCTCTACTTCCTGGGTGCAGTCCTCATTGGTATAA,145,48.28,Saccharomyces cerevisiae
SEQ_408650,TCGATGACGTATGGCCGCGCCGTATGGTGGTACAGTGTGGGCTGTGGCACTGGATATTCAGCAGCCAGCTTGGATTCATTATGTCGCCTTGCACCTTCTTAATAAACGAGTCCCGCACACAGCAATAAGCGGATATCCACTGTGTTTGCACAGCGGCCCAGGAATCGCCATAGGGCGGGCAAATCCCGGGTAAGCTCGGGAGTTGCTCCAATAGGGCTTGATACCAGGGCGTCATAATATTGAAGCTTGGAGGGCTAGGTTGAGGTCTCCAATCTTGGGGCTTGCAGCATTATTGATGCCGTTCCTACATTAAATAGCTGCATTCGGTATAAAAAGTGGCCGCGGCCCATATACGTCCGGAAGTATTCGAATAAAGGATGCTAACAAACGGTAGTTTGCACATTAAGGTTGGCATTGCCCTACATGGCGAATTAGACTGATTTTACACGCGGATCCGTGATTACGATATCGTCCAGACGGAGTATAGGCTGGAGCAGGTCGTCTGGTCGAAAGTGGAATTGTTCTGAAGCTATAGCGTGTTCAACGAGAATGGGATTGATTAGCTGTACAGACCCGACATTGCTACCTGGGTTACCCTCTCTCAACTAGTCTGCGCCTCATTAGTGTCACTATCAGGTCCATGCAACATAAATGTTTCGCTGAGGACGGCCTCGTCGTGAGAGCGCAGACAAATTGGTTTTAACTGCATAATCGGAGTCGGGCGGAGGACTGCTAAAAGGGCGCGAGTCCTCGGGTGCAAGTGCCCAAACTTCCGCGAAGGTTCTTCGTCAGTCCAAGGGCCACAACTCCTGTTTTACGAGTCTAGTAAGTGGGCTCCTTGGACAAATACGCGACAGTCTCAAACATCTGAAAGCCGTCCAAATGAGCGTTTCCCTGGCTATGGCCTCATTTGTTAGAGTCGCGCCTCGTGATCAGCGAATAAGCACGAGTAGAATACTCACCGGTGGCCGACGGGCACGCACCAGCTTTGCCAAGCATCTAAACAGGCACCGGCGGACGCCCGTTGTCGCACTGCAGTATCAACTCAGCGCGAGCAGAGGAGCTAGCGACAATATCATATACCACCGAGCGGAACCGGCGCACCATCAGCATGGCAAAATTTATTAGATTAGTAGGTCAGTGT,1144,51.31,Caenorhabditis elegans
SEQ_797287,GTTTCTCGTGTAGCCGATGAGGAGGAACTATTTGGCCCCGTACGCGATGAAAGGTTCATCAGTTTAATACTGCGTTATGCATAATTCACAAGCTCAGCGTTCCCGTTATAGAGCCGGATAGCCGTACCGCTGTCTGAGATTGAGTATCCCCATGCATCATCCGTAAATTATTACAAAGTTCTCCGGACAAATTGGTTTAATAATATCGTACGATCCAGATAAATAGCCGCCACTAGTGCTAAAGCCAGGACTTTCGGATCCGATCACAAGTTGAAGGGGGAGAGAATAATCATAGCTCCTACTGTAGACTAGGTAGCAATGATATCACACGACTCCCTATCGCACCTAGAGATTCTGGAATTCTAATAGTCACCCCATAGTTCAGGGAGAGCGCCTCCGGCCGGTAATGAAAAGTAGCCGGGATGTCGGCTCGCTTTTTTGGTGAGGTCTGTTCCAGGATATTTGTTCGCTTTGGCCAACTAATTCAAGAGTAAATCGCAGCGAGCTGCATCAAAATTGTGCCCGGCTGGCAAGCGGAATACGTGGCTAGATAACTGTGCTGGTCACGTATTCAACTACTCAGATCGACTTCCTGTTAGTGGAACCCCCGCGTTTGCACTTCGCAGGCCGTGGCAAGCAGCTATAGGGGCCATCGATCTCAGCCATCCCAGTCAAAAGCCAATTCGTGACTCCCGGAATGTTTCTTAAAATATGTCCTCTTCCTGTTCGTCGTTTTTCAGAGCCATCCCTGACAGGGAATACAACAGGGGATCCACTGTACGTGCGTGGCACTAGTGTTAGATCCGATAATCGTATATTCCTAACAGCAGGCTCTCCAGAGTCGATTGTTGGAAGTCATTGCATTCACCTTCTCTATAGGACAGTCCGCCATTTTTCATCCAGCAGCGTATAACCATACTTCGGCATCACCTGGATGAGCCATGTCACCGTGTGTTGCTTTTGTTATCCTATAAAACGCGCAGTATACACGGGTGTTTTTAGGGGGGCTCTTCCTTTTTGGCGGATGAACAGGGCAGTCACAAATTTTGGTTTCGGCGACTGACCGGAAGGGGCTAGATGGGCCCGCCTCACGCACGCCATAGCCCTTCCTGATTCAAGCGCCCCACCTGTCTAAACTGGATCAAGCTATCTGATTTACACCACCAGGACCGC,1173,48.85,Escherichia coli
SEQ_179207,CTTATCCCGTCCCAGGTCACCTCTGTATCGGACATGGTTAATGGGGAGTTCCGCCAGGAGGTCTAGCCTAGTCGTATCAGAGGAAGTAAAGTGTTGTGGGATGGAAGACACTGTAGTGCGAGAGCCTTCGCAATTTCCGTACTGTCTCGGAGACAAGGCCTTTTATCTCGGCATCGTTCGTAGTACGTGTTCCTATCTAGAGCGCGCTTACAGGTCGAGGCTGGTGTTTGTTGACTTTAGAGTCTGGTAACAAAAGGGTGTGTCGGCGGGATGTATTATTTCTGGAAGCCGAGACGTAAGATCTCCACAGCATATTGTTACTACTGAACCACCCATGTTCGCTCTACCCCCGACGTACGGTATCTGCCAACGGCTGCGACGCCCATCTATGGTTTACTGATGCCAAGACCCCGAGCTCGAACTATCGAGAAGATTCGTTATTGTCCTTGCACCCTGAGCAATCGCATGAAAAAGGACGCATGGAGCGCGTGAGTACACATTCCTGTGCCTCGAACATGGTAACGTGTGCCCCGGGTACTCCGGTATGCGAGCTCCGCAATGGGCCTTCACTGAGGCCGTGGCCGTACGAAGTTTGGGACACGCCCCATTGTTAAACTTGTTTAATCCGCTCTTTTCTGGGTCGTTAGGATCGTAGCTATCAAGGGAACATATGATCCGTCAAGTCATCTTGATAATCTTAGCCGTACCGAGACGTCATGCACTGCTGGCGATGCCTCCCGGGCCCGTCATCGCCCCATCGCCATGCGCTTGGTAGACTTATGCATTGACACTGTCCAAATTATGACTACTGACTGCACCCTATCTGAGGCCCATTAGTCAACCGTGGGCCCGGTTCCTGTCTTAGTCAGCTGCTGTCTACTCTTTCAATGTACAGGTCCTTCTTCGCATGCCTCTTCATGTTACCCGTGTAACAAGCTTCAGACGTGCGTACCGTTGACAATAGCTGGGACGTGTCAACTCGGTCAAATCGGAAACTTACCTTGCACTCTTACGGTCCTTTGTACCGTCTCATACTACACGTCGTATAGGCATAGGTGATCAATTTGGGGGAATCAGGAATCGCCCCAGGCCAGCCCCCACTCACGAGGCAGTCTCCGCCTAGGTCGCTATTTGCCCTTCACAGTACCACGTACGTCTCTCATGCTCTGCGGATACCTTTAGTGTGAAGGGCAGCACCCCAAGTCGGGTCTATAACCGCGGGGTCAACGGTGTCTTCTGGAAAGGTTAGTCTTTTGCGTGGGCCGCGTTAGTAGAAGAGGGATGTAGAGCCTCATTCTATTGCCGTGATGGCCTTATCTCGTGATACGGTCGACGCGCCCGGGAAGTTAGTCAGATACTTGGGTGTCATAACT,1373,52.22,Arabidopsis thaliana
SEQ_900004,TCACGAGCGTAGGCGCCTCTACGCGCCCTACCACGTGCCATTGCTAGGTTGAGCGACACTTGATTATACAGACTCACGCCCTATGTCCGCCTTCACTAGTAGTTATGATGTTTACCCACCGCCGGTATCGAGCGACTTACTAAGTCTCTCGGGGCCATCACAAGATAGGGACGTACTCTACATAGCATGCTAAACGATTACGCCGAGTGGTCCTTCGGGTTTCATATGGAAGGGATCCCAAGTGCCCCGAATCACTACACTTTCACGCTTGGCCCATTAGGCGAGACGTAACGTCTAGAAACCTGAATTTCAGCGCCGGGAGCGGAACTTGTTTCGATTTGCTGCACGTAATGGGACTGTCCAAGCTGGTCTGGTCACCGACCCCTCGGCACCCTCGGCTCCAAAGTGACACTCACAAGTCGAACCCCGATATCCAGATGTCTAGTCCCGCGATGTCCATCTCATGGTATGACGTTTTCATAGGCAATCAGGTTTGAGGAAGTTATCTACGTTATACAACAGCGAAACACTCGTATTCGTATATCGAAGTGGGTGTTGATTAGCAAACCTGCGTATGAGCTATCCCAGACGCGGCATCTTGTTCTACCTGATCTTCGTGCATAATGTCGTCGGACAGTCTTAGAGAGTCATAGGGCGGTAAGCTTGAAATTGGGCATCCTAGAGTCGAGGCTGGCACTAAGACCTTCAGTCATTCGACACATAAGTGGTATGTCAGTTGCCCTTGGATATCTTAGTACATTCTATAAGCACCGACAACGCCTGGATAAGGTGCTGGTTAGGTAATAGTAAAATTAGGTTTAATTATGTCTTCCCAGAGCTTAAGACGGGGAGCACCAATAAACGCCCGGCGACGTCTATAGGCAACGGTGTGTCGTGTACAAAGTATGTGTCCCGAGCGGTTATCCTGAGCTGGAACTGACGCTACAAGTTATCAATCGACAAGACTCCTCCACCCGTGAATGCTAAGGGGGAGGCCTGGGCAGCGGTAACGACGCACAATATACCCCCGAGGAACTCGCGTATTCTGACCACAGCCAGAAAGGGCGCTGTTTTAGTCCCCGGGGCTCGTCCAATTGATCAACAAGAGTTATGTTCATGGTTGAAATTAACCAGTGTTATACATTAGCACCTCGTGTCCGCGCATCTAATCTCAGGGGTCTTCGCAGTAACGCCTTCTTCTGTTGTCAAAGTCCTGATTGAGGTATGTCGGCGCTCCGTCCTCGTGTAGGACTTCATCTGCTCATACTGCGAACGACCGCTCCAAACACGGGCCCCCCTCCGCTTCTCGCGCGTTCCTTATGCGCCCCGAGGTGGCATGGCGCTGCTGCAATAAGGACATTTTGTGTGGCATAGAGACCTTAAAGGATCAGCACTTTACCGTCAGCGCCGGTGTTCCATTCCTGGCGCACCATGACTTTCTAAAAAAAACTGCATTCGGAGTAAAGAGGCTTGAGAAGGGTACCCCAGCCTGGAAGGGTCGGCCGAGCCCCGTGATGTTGTTGACAGTCCGCTTGATTATATAGCCCTGTTTCATTCTCCATAAACCTTTAAGAATCGTCCATTACGCGGAGGTCGCATCCAGAGTCCATTAACGATCCCGTGAGAGCCAGCGACAATCATACCTAGAAGAGCAATCAGTTTTCGGCAGCTAATAGTACCCATCGTCGGTTAAGATGACGAGCGAATCGGGGCAGCACGCGCCCACACTGAATCACGCGGAAGCATCGCACAAATGGAGGAAAGCTGATTGAGTCAGGAGATATTTAAATCCGAGAGCACGCCATATCGCGTAACATGATAGACGGCCCACTCAGGTATAAGACTAGGCGACTGACTCTGTTCATGGGACAATAGCACAATTACTCCACGATTATCTTGACACCGCCTGATTACTAACGCAAGTAG,1926,50.62,Mus musculus
SEQ_990175,ACCGCGTAAATCATTCCAGTAGGAGTCAGCCCAAGTATGATAGGTCTCATAGGTAGGAAAAAACACGGACAGGATGCTACATAACATGGGCGGTTGCTCCATATACGGTGTTCTGTATAACAGACCGACCGATAATAGCCTTGTAGGAGTGAAAAGTTTCTAGATACACAGTTCACATAGCGCTAGCAATTCCTGGAGGGTATGAGATTTTGCCACGATCCAAGGCCCTTGAACACACCAAAATGCCCTGATTTACTTACCTGCTATGCACGTTTCCACTCGGAGTTATGACAAACGCGCAGGATATCGACGGTGGAGGGTGGAGCATTACTGGCGGATGGCAACAGACCATCGCCAAGCCCGCCCGCAATGTCCCCTTTTAAGATTGCTTCACGGCGGATTTCCCCAGTCGGGCACCTCCGGGGTCAGATTCTCATCGACTGTGGTGCATTTTCTACTGACTCACAAACTAGACTATAGATGGCATGTAAATCGTCAGAACGAATAGGTCTGTGTGATTACGGGTCCGTGGTCTGCGTGTTATGCTCGGCATTAAAATATGTGCACCTGGTCGTCAGAATTGAATCGTTATTGTTTCTCCAATTCAGATGTCACAATAGCTTCCTTCGCACGCCTTGGTAATTGGGTGCGCATATACATGGATTGAGCCAAGACTACTGTAATTGTCAGCAATGTCTCGTCTAGATTAGAGGCGCTGGTAATAAAGTCCGGCGTATCAGGATATCGGACGGGCCACACTCGGACACATAAACATACATCTGCCATCAAATTTACCGAGACCAATAGGTCCCAAATGAATATCCCGTCAGTCAGTGCTATAGTAAGTCCCGTCAGGATACGGAATATGAGGATACGA,877,47.43,Escherichia coli
SEQ_867813,GTGGACTCCCTATCTTAGCCGACGCTGAGTGTATCGCCTTATTGGTAGAATCCGAGCTCTAAATTAGACTTCCCTATTTAGCGAGGGGCTTTACTTTGATAGTATTTCAATACTGCCGAGGTGTAGGATCAAATTCCAGGGATCTTGGGGGCGCGTCGCTCATGCGTCAGTTGCACTTTGGTACATAAACATTGGACCGTTCTCGAGACCAGGCAAGCTGTGCGTAATACGGAGAGTTGTCCAACTATCGCCTCCCGAATATCCTACGGCACACTCGAATGTATAGTTTACTTCGATTAATACTATAGGACCGTGTACTCTATGTTTTCAGTACAGGATTCAACTTGACCTACCTACCTTCCTGTCTCGGACACGCAGTCAAAACACCGATTGTCTTTTAGACCATTGTGAGAGCGGACCTGTAGAGTTTATACCCATAATCCGGCTTAGCCAGGCTGCGCGGGGCACCACGCAGTGGTCCTTTCGACACAGGCCCTCGCAACGATGTTCTCCTAGAAACTAAACACCAGAGGACACACGGCGAGCTCCGCTGCGAGCGCTTTGGATTAAAATCCCACGAGAATGGTTCCAAGAGAGTGCTTTCGAGTACGCCTGTTTAGTCAAAATCCACAAGTGGGATAGTCACAGCCCGTCCCAACGCGAAGTTGAATGGTAAGATTTAAGCTGTGGATCTGTGAATAGCCAGCAGGTGAATGAGCCCCGAGTTGACGACACAACAATGCGCTTTCACAGCGGGAATTTGTGGACTCATCAGGACCACTAATCAGCTCTCCGAGTCTTAAATCAAGGATAGGTGTTAACCCCTATAGGAACGGGTTTTTGTTAGAAACGCATTAGAACATAAACCTCCGCAAACCTAAAACAACCGCAATACTTGGCCTAGATGCATTCATTATAAAACATGCAGACACAAAGCGCGTGTTTCTGGTTCGAAAGTGATCCAATTTCACAATGTAACTAATTTCCGGTATATGTGGTTCTAGTGACGGTGAGAAGTGGTCGTGGTAGCAGGACGCCAGGCCCATCAACACGCTTCACGCTTTCCTGACATTACCTGACACACTATCAAACGATATGGCCTTATCTCCAGACGCACACTCATTGTAGCGGCCATACGTCCATTGGGCTCGACCTCGTCAGCGATGTGGTTAGTAGGGTAGGGTCGGAAAATACAGAGTAAGTGCTCCTTAAAATTGTTCTTGAACTCACAGCCCTGACTGCCTGAGGGAGAACCCAGTCCCTGGGTCTCCGGGCCGTTAGCTCGCGTGTCGGTAGGCACGTGATAGTTACCGGTCTACCACCCGAGCCTACGTTTGACTTGGCAAACGGCTACTTCCCCTGCACATGCGATATATACTAGGGGACAGTGATAGAAATTACAGTTTTGTATGAAATCGATTTCACCTACGTTCAAACCTAAATAATAGAGTGCGGACGTTATCCCTCTAAATTAAAGTCGGGCACAGCAACCCCCGCCCGTATCAGCCGGTGGTCGCCGTCAAAGGCGAGCCCCCTTTCCAGTCAGCCACTTAAAGTGCCCACGCATATGGAAATGAGAGAACCGTGGCGAATCATTGAGGCCCCACACTGTCACGAACGCAAAGAACGGGACGATAGGAATTGATGGACTCAAAGAAGGTCGCCCTAAGGATTGCCCGTGTGAAAGTTTGATGAAGCAGGCGCAAATCAGGTTCACCTACGCTTTTTCCCGCGGGATGTGTTCGTCTACCGTACGCTCACAGCTGCCATCGTGAGTTCCCGGTAATCGATAATGCGCCTACTATGCCCCTGGGAATTCCTACCAGCGCCCATTTAGCGTGTTTTCTGACTCAAACTAGTTCTTGGCCATTCCTTAGAGCGATAGTTCGCATGTTGTTAAAAATAATCGTACTGATAAACAGCGCGTTCCGATAGTAGC,1939,48.99,Escherichia coli
SEQ_978472,CACGAAGAGTAGTTGTGCGATGTCCACCCGCATGCAGCCAGCTTGCCGGGACCTAGAATAAGCGAGTCCAGACCACGACCCTTCTATAAAGGTCTCAAGGGCGATTGTTAAGTGGTGAGTGCTGAGAGTGGATCGGGGCCTCCCGCCGTTTGAGCCGGCCCAAGGCCAAGACTGGGGAGTGTATATATTCTTGTAGGTGACGTCTCGTGTCCCAGTCCTCGCTGATGTCTAAGTCTGAGGACTTTGGAATTTTCCTTTACCACCGCAGGAAGCCATAGTGACCCGGGCAAATTTGCAAAATGGACACAACATCCGTTAGCAAATGAAAGAGAGCGCAACCCCACTTCGTCGGTCCCCGTTCCCGCCCAAGTAATTCGCGTCATGTGCTGGTTCAGACTCAGATACTTTGCCACCTGAACTATCGGAGGTATCAGTTCCGACGCATTACGATATACGTGTAACGTGGAATTGAGTCTGATGTTCCAGTGTCCTGTAAAACACCCGCGACTCTGTGTGTGCAGAAGGGGCTAGAGCCCTTTTTCGACATCCACATCTGGAAGATTCCGGCGTTATCGAGCCGGATACTAGAGCCGGCGTTCTAGGTTTCTTGACCACATTTCGAAGCGATAGAAGTAGAACCTAGATCGGCGTCCTGTCTAATCCACAGAGGTGGTGGTACACGTGGCCAGCTGAAGTCCTGCACCAAGGGTGGCATATCGAGAACGGAATTATATGTTGCGATCCGGCATAAGGGTACGGGATTGCCTTACACTATTCCATAAGCGCAACAGGGCGAAAGATATGATGCAATCCCTCCAATGGCTCGCCACGTCCCACTATTAACGATCCCTAGCATAAAGACTTGGCGACAGTGTAGTGCTTACGATCTGGCTATGGAAGAGACGCCAATTGCTCACTAAGCTAGGGCCAAAGTGAGTCGCACCCTATATTATCGACCATCATACACCCAAGCTCTATCGCCAGCCATGAGGTTTACTAATGCCTAGGTTCATCTGAAGATTAAGTGAGCCATCCAATTGTCTCGCGGAGCGGTTTTGTGTTGAGGGTCAGCCAAGCGTTGACTTTTTTAACCCATAAGCCGTGCAGAGTACAACCGACAGTATACAGGTACCCCGCTGGTAGCGGGTACTAGTTCACCACTCAAACAAGAGACGGATGACTCATACCGAATCCTTCCACCTCGGCTAGCACAGGCCGCAACCTTTAGCGACCAAGCTTTCAGACTTTAAAGTTACGTTGTGGGTAGGGTTTCTTAGAGGTGGTTATCACGGAACGGAAAAAAGTTTAATGCCATAGCCCGCTCTTGATATGCACGGCCTCTAATGCGGAAGAAAGTGATAGGAAGTAGGGAGTGAAGCAATTTTTCAAACTGGGCGCGATTCTTGCTCGGAAGGGCTTCGTACTTTTATGCGAGTATGGGCTTGGCCCAAGGCCTCTGTTTCTAGATAAGCACACGATTGTACACAAGATATGTTCAGTCCTCTCGAACCCCACATTCCACCTTCATCCAGAGGCTGAAGGACGCCAAACAGTAGGATGCGTTCACAAGTGTGAAGCAGGCGTTATAGCTAATTAGACCAAACTGAGAGTGCATTCTTCAGGTGCACAGGGAACGTTATATCAGTTAAGCTAATGAGGCAGCAGAGATATCGGAGCAATTGTAAAACCGGTGATGGATGTGCCTATAGCATCGCTGGCTCTATCCCATGGGCTATTATAAGCCATTGGGTCCAAATCGAGTGCTGGGCATCTGAAAATGGGGCGCGGGCTATGTAGAAGTACCTCAGTCATACATAGACTTTTATACAACGTCGCTATCACATATGT,1848,49.62,Arabidopsis thaliana
SEQ_766198,GCCGGGTGTTTAGGACTTCTTACTCAAGAACGATCTTAACGGAGGGACCCTGCCCCGAGATAATGTGTAACGCCTTTCCACTATTATTGCCCAAGTGCCAAGCCTCGCACGCCTGAGTATAATATCCGTCTTTGCTTACTACCGATTGGATCCCGTAGTGGTAACGAACTTATACTCTCGACGTCATTGGTAAGGCGTCAGATC,204,49.02,Saccharomyces cerevisiae
SEQ_982977,AACAGCAAAGCCGCTTGACTCTAGGGCGTAGCGAGCTAGCGTTTCGTGGAATTGAGCCAATGAAGCACCCGGCGCTTCCCGGACACCTGCCGTACCCGATTAAGGAGCTTGAGACTCCCGACATACAAGCTCTATACCATCCGTGCGGAACCGAACGGCCATGGCTCCGTTTCACCGTACTAGGTAAATGCAAGAGATGCGGTTGGATGCACAAGGAAGTTGGTTGACATCGACCGCCGGTCAAGTTTCGCCCTCAGTGCCGTGGTTGCTGGTTATTGAATAAAATCAGCTTAGCAACCTGGACTCCGGTACTTTGACCAGTGCGTTAGATTTTAAGTAGTTGGAGAATAGGAGGTCATCTAAATGCGTACTGTGCTAACTGCCAGGCAGTTGCAAAACAGTCCAATTTGCGGTTGTTCCAGTGTTCCGTAGCAACTAGGTTGAGGACGTCATCCACTCCTTGCACTGCCTGGGCATGAGTCGACACACGGGTACAGGCGGCGGTAGCAATCGGCGCCGGTGATTAAAAATACTCCCAACGTCCACTATCAGTACGCGGACTTACATATTCCCCCGGACATGAGTTAACGTTATCTAAACGTTATTTCACCGGTAGACTTCGACAGTGCGGATAGACGAGCAGCAGGGCCTGTAATCGCCAAGTGTAAGGATGAGTTTACCCTGTTTGAGCCGAGCGGAAAGGTCGCGAATCAATGCGAAGAGCTCCGAGACAATCTGATACTCATGCCTTAAGCTGCCCCTCGGACTCCGCGTTTCTAGCCCCGGCGCAGCGCGCGCGACACGTGGGGCCATAAGGACCTCGTGCCTATAGCCCGCTAATTCAATATCGTGCTATTAGGGGGCCCCTCAGCTTTACTGCAGTCTGGAGCCACTGGCGGATGGATCTTCGTCTTGATTTCTAAGAGGGGTTACTCTGGGATATGCAAACTGCGAGAATCCCTTAAGCCCTCGTCCGCACTGTTGCAGGCTCTCGGGACCTTCGCCAAGGGGGTACCAATCCCTCCAAAGTTCGGTATCCGTTTTGCCGGGAACTTCCCACCTGAG,1065,53.43,Saccharomyces cerevisiae
SEQ_360089,CTATTCTTCAAGTCTGACATGGTAACAGGAGCCGGCCTTCGAGCGTTGTTCAGATCATCCCTAGGTTACGGTACGACATTAATTCGCAGTCTGCGACGTGCCGCGGACGTGCCCGGTGTACTCAATCGAGGGCTGGTGATTGGCAAATGCACGAGGCTCCGCCAGACCGGTACCGGATCAAGTGCGATTAGAAAAGTAGCAGCAACCGAACGTATAATTTTCCAGCATATTGAACTCGCAATTTGAGGAACGTCGACATCGTACGCGCTGTGACTATCACCTGTGAACGCCCGCAAACATTTGAACCAATGGGCGGGCTAACCTCTGAGCGAGATTGTCCGTGACCTCCGTCTTTGCGCCGGCGACAGTAGGTGACCCCCTCCTGGCACACGCCCACAGGTATTCAAATCCCGCGGTAGCGTTCCCCCGTCCAATACTCGGGTACTTGTTTCAGTTACTCCCTGTTCTGATATTAATCTGTATTACGGTTTGGGAGCTTCGCGGCCCAAGTACTATATGCCCTTATTGCCGTGCGTAATGGAAACTACGTCCGG,554,53.07,Drosophila melanogaster
SEQ_902421,TACAGCGCCTGATTTTACCTGATGCCACGACTCTTGACGACGAATGCGATGGATTTGCCTGTTCGGTCCGATGTAGATCTCTAGTTTGCGATCGAGTGGTAGGCATAGCCGTGAGGGTGTGACAGTTTCTAGATCGGCCTCCTAACACGGTTCAACGTCCAGTCTGAGAAGACTGGGCCCAGATTGTCAAACTAAGTGCTAGCTCATAACGCTAGGAATGGAATAGTTTACGCAAGGAACATGACGGGACCGGAATTTTCGGCGAACGTATACTTTTTAGTTTGCTGCGCTCCTCTCGTGATGCCGCGCCGTCCATCTCCCCTGCACATAATCTCCGGCACAACGCGCACGTTGAACCAACCGGTAGGGAACCTGCGCGTCGCACAGACCGATATCCGACGAACCAGGGCCCGAGATTACCCATGGAACACGGGTGTATACGCGGTCCAACTTCAGGCTTTCCTGTGTCCCTGCTGAGGTACAGTTCGATTGTTACCCTACAGTCGCTGCCTAAGTATCCGGGTGCCCTCTAGCGAAGGCTGATGACGAGGAGACCACGAAGACGGCACGGGCGCTAAATGCTCGTGACCTTCTTTAGGCGACCTTGGAGAAAAGGTAGGTTCACCAGTTGGCCTTCAATAGCTATGCAATCGTCGGGTAAGGACGGCTACGTCCGTCTTCCAAACTTATTGCAAGACATGCGTCTTCCAGAGACTTCCGATCCGTAGTGGCCAGGAGCGTTACGTAAAGGCATGCTCCTGCTTTGGGCAAATAAACATTTTCACGCGATACTGCTCAGATGTAGGAGCGTACCTAACGAGGGTCACGCCCCTCACCAGGCTCGAGTTACCATTGAGCGGAACTCCGGTGGTAGATGTATACAGGAGCCAATCATTGGTTAAGCCTGGATATAAAGAAAGCTGATTGGAGGATAAATTTGGAACTTTTTCCCGCGAATCAGTCCCCGGGTCATCAGCCCAGGAGAACTTAATCTCCTGCAAACGTATAAAGAAAATCACCTACAGTCAAGAGATAGCACCCGAGCCAAATGTGCTGATCTACCTACAACGTGCCGGGCTCGGCCTTAAAAGTTGACCAAGCTCGACGAGTAGGGTGGCCGATATGTTGCTAGCACCGGTAGCCTCATCCGAATGTAATATAGTCCGCAGTTAACTCTTATCGGGGTACCAGAGATACGGACGAAGGTAGCACATAGCAGAAGCCCTTGTGCTCGTTGGATGGGATACCGTTCCCGCCACGATTAGTCGGGACAAATAATAATCACACATCGACCGGCTGGCGTCTCGCGTATACGACGATCAGAGACAAAGCAGGCACCCTGCCGACGCTATTTTCTTTTTTAGCGGGGTTATGTTCAATGGCGAAAGCTCTAATACTTTCAAATACCCCGATGAGGTACAATCACAGACTTCTATCTTTAGAATGTTTTCTTGCATCCACAGCAGTTACGACAAGTTTATGAGACTCACTTCATCCGACAGACTTAATAGTGATTTGTAGGAACATTGCTAATCGGGAACAAATTATGGCCTAGTGGACACGTAGGAGGGCCCTATGCGGTTCCCGTATTGGTCTGCGGGAACTGCGCGCAATAGGACTTTGAGCGTGGTCTTGCGGCACTCATCGGTATAGTAACGATTGCGCGTGGACGAGTATGACCGCCCACGGGGCACGCTTCCCGATATCGAACGATTCGGGCCCAAGATAATAGGTCAAGCTGGTCTGCTCGGCGACTTTTACTACACGGATTAGAATCAGCCAG,1783,51.04,Drosophila melanogaster
SEQ_922494,TAAGATACAGAGGATCATAACTAATAAAGGGTGATTCACTTCACCGCGATTCGCTATACGGCGCTAGTCATGGCAAGGCCAGAAGATCTCTCCCTGGAAGACGTACCCTTCCAGCAACTATACTAGGGGCGGCTCTGGGGATCCGGTCTTCCCTCATCAGAAGGACTCAATACCTCCTTATGTTTACATAGACGACAAAATTATCGGTCGTAACCGACGCTGCTGACTCTTTTACAGTCGGCGCCTTCTCAATAAATTACGACTCAGTAGGCGTTAACTTGCTTCAAAGAACTAATTACTATATGAAGAGCAGAGCTTTCCACCGCTATCGTGGTAGCTGCCCGCGCGACTAGTCTGTTTCAAGGGATACACCAGAAAGGGCAATTTGGCTACCCGATAGATGGGGCTGCTCAACTGGAATGCTTTACAGTAATCTTTCTAAACTATCTTTTTACAGGTCAGTTATGTATACACTACAACTAACAGTAGGATGGTGAGCCTACGAGGTAGGGTCTGAAGGAAACGAAGCCTTCGAAGCGAGAACTCGGGCACACTCCTCGTTGACGAAGCAGAATGGTCCCCGCCTCAATCATATGTTTGATAATGCGGAATCCAACCTCATGAGCGGGTAGATATCTGTAGGGTGAACAAACAGCGTGCTACAATCCTGGCATCAAAGCGCATAGTGGTGTAATACTGTAGCAGTCCGAATTACCCGTGGATTATTGCGTCATGCGGAGAGCCTTAGTGGAATCCTCTTGCCCGGTAGCGGGAAGAACACGCGAACTACCTTTGAGCACCTTGCGCTTGCCCGTATTACGGCGAGGGGTCAGTTGTCTCGTCTCTACGGGGAATGGACACTGGAAGCCCATATGAAAAATGATAACAAGGACTTTGAGCAATCTATAGCCGAGTCAGGCCGGGGTCAAAACTCAGCTCCTAGATGAACCCGTACTATGTACAGCCCCGGATCGGTTTGGTAAGACCGGCGCGTGCTACGCGCGACGTCGACTCAGTATAACCTCAGTTTATTTCCAATCCGCACGATAATTGAACGGCCCGCGTTGAATATATCGAGTGTGAGGGCCATTTGGTAACTAGTGCGAGTAAGTTCGAGGTTCGCCTGACTGCCGTACGCGCG,1141,49.34,Caenorhabditis elegans
SEQ_610269,TCAGTGACTGTGCAATGGCCAGGTATGGCTGCAGCTCGTTTTAGACCATCGTGATCGCGCCGACAGTATGTGCCGTTCCTCATCAACCGCCCCGTCATTCAATTATTTATATAGAGTTAGAGAATACCGCGGAGGTCAGTGTCCACAGATCTCGCTGTCTTCTGTATGTGCGAGTCGCACCATAGACTGCCTTATTATGCAGATGGGGATAAGTCTCGGAAAAAAGGCGTCACGTAAAATACTTGAGAGGCCTGAGCTAACCGAAATGAGCTATAGTAGAAGCGTGTTGAGCACCATGTACAATAAGTAATTGGCCCTTGTCCAGCTGTCTGTGTATGCACGCAGCAGGGACATGAGGAACGTGTAAAAAAAGTGTCATTTGGTGCGCACAACGTCCCTTACAATAGGAGACACGATTGCGAGAAGCCCTACGTAGCCCCGGTTGTGATCTAAGATCCGCGCCCTCTGGTTATCCTAAGTTTGAGGCGTGAGAGTGAGCTTCACTAGTACAGGCTCATTGTACAGTGAAGTTTGAGACGCTGCGGGATTGTTCGTCCTGATGCTGCCTTCGGAAG,575,49.39,Arabidopsis thaliana
SEQ_309655,CCACGACCGACGCACTAGGGTTTTAACCGGCGCTCCGTCTACGGGCCGCTGCCACGAATGCACCACCCTTGCAACATAGATAATAAAGACTCACATGATCATTTCCGATATAACATATTAAGCCGTGGCATTCTCACAGTGTGCCATGCATCGGCCGTCAGAAGACTACCAGGTCTCTTGCCCGCATAAGGATGGCGTTGGGTTTGTCAAGGGGACAGAAGAGTTACCACGATTTACTGGTTTGTTGTCGCCGGGACCGTAGCCAACCCACCACACTAACGGCTATGCTGAGCTGACTGTGTTTCCTCCCGCTTAGCATTCGGGCCTGGGTTGAATAGTAGATTAGCTGCGAGGACCGTGGTCATCAAGTACAAAAAG,378,52.12,Drosophila melanogaster
SEQ_461923,TCCCTCCCCTATTGGGAGGTAGCAAGGCGTGATGCGGTATCTGGGGCAACCGTAGCGGCATCAAGTAGCTTAACATTCAGTACTGGCGGACTCGAGGGTTAATCGATTATCGGAGGTGCGCGAAATACGGTGTGACTTCCCATAACACCTTACAGTGAGTGCTATAGGGTGATTCCGGACACAGCCTATTCACGCAACCCGGCGTAGACCAGCACGTGGTTACAACGGGACTGGGGCCTGCCGATCGGTAGCAATCAAATGATTGGTCATTAGTCCCATATTCCTGATCCAAAAGGCTGAGAAAGGCACGATACGGCGTTTTATTACCTAATTCCCTTAGGGGGTTGGAACTGCCAACTGGTATAATTGGCCGTTCTTTACAAGTTTGACGTAGTTCCCTCATCTGCAATACGGTGGGGCGTGCTGGGGGGGCAGCCCGCAGTCTAGTGCCGTCAAGTTGATAATAACAATTGACGAGAGTAACGGCAGCCTACGGGCTGCAAGCAATGCTGAGCCAGTTACCCAATAGAGGCGTGATTACTGACGTGGAACCGGTCACGACGTCGATCTGTTCGGCCTTGAAAACGGCCCAAATATAGGTTGCTGAGGCGCCATCGAGCCTTTGAGAGTGCGCCTTAGTGTTTGTACCGCCATGAGCCTTAACTCGGTAACACCGCGTCTGAAAATGCCTCGAAGAATCAGGAGGAACAAACTCGTGACAGACTGTGTTGGACATACGAGTGGCCTTTTTTTCCAGGAGAGTGTGCTAGGAATGATGTATTTTTAAGTTTAGCTCGGCGCTTAGATCCCCCGATCTCATCAGCTATTAAGAATCATTTAGATTAAGCTCGCAAACCACACGCGCGTGCTGCACGGAAGTATATAGGCTGGTCGTGCGTAAAGACCAATGGTCTAGTAAGAGATGCACCACAGCCAACCACGATAGGCTCCTAATCTGACATAGGCCAAATGATACTGTGTCTCCCAGACTACAGCTCCCGACCCTGCCATTGGTCGTAACAATTCTGGGTAGCACAGATGTGCGGTGCGAGCCCAGATCCTGGATTATATTTGCGGATTTTGTGACTCAAGTTGTCGGATGACGGTTGCGCTCCGCATATTTAAAAGGCTGTCTCGACGCTGTCACAGCTGGTCGATCTGGATAGGCCGATTGAAGCAGTTCAAAAGTCTAAGGATCCAGGTATGTGGCTCCATTAGGCTCAGAATGGAGTAGGGCAAAGTCTGTTTTGTTATAA,1256,50.32,Homo sapiens
SEQ_688420,GTTTCTGGAGCTCTGGGCCCGATTACCGGGTTTAGGTTCACTGTTTCGGAGTGCTGTATGCGGATAGTGGAAGCTGGAAAAATTGTACCTCTGAAAGAGACATCTTGGGGTATGATTGCGCCTGGAGATCAGTGTGGCAGGGCACTATTGAAATCGCTCTACCTCACTAGATTACGAGCGCCACATACGCTGTCTGGTGCGGATTACCTATGAGGCCGGGAGATGGTGAGTCTGACGACTAGGAACTTTGCCATCTGGTAGACATGCTTGTACCTGCTATCAAATGGCGCATGTGGGTGGACCGCGGGTGGGGGTGGAATTCGCTCTTTTGTCTTAGCGAAACCACTTCCCTGCGCGAGCATCTATGCGTAGTATAAGAACTGAATTTGGGTTGGCGGTATGTTCGACAGAGACCTGGTCATAGCCGGTCATGGTTCGACAATCGATTAAAGACACGTGGGCCCGCCTCATAAAAATTCGACGACTATCCGACCACGCTGGATTGCAAGCCAATGGCCCCTGCCGCGCTGGATGGGATACATGGTGGTTGGATTTCAGTAATCAGGGGCCCTCACAGGAGCGTAAACTTGAAGCACCGTGCACGCATAAAGATCGACGATACAGGGCGTCGAGCCAATAGGTCGAGTTTACGTGCTCGTGTTAACTGCCGGTACTGTATAGACCCTAACATTTTACGTACTCCCCCCGGACTGAGTGGTTCATCATTCGCGTCGTCGTCTAACCACAGTATCGTTAGCCGCTCCACCTCTTCTCTCATGCACGTACAACAGCATACACTTTGCCATTACGGTGCTGTTTAGACTCTGCGTGTCATTATCGGCTATCGTCCACCTGACGGGGCGGACACGAAGCCTACATCCAAGCGGTTGCAGGGTTAGTGTGTTTTATCTAATAGTAGTGATTTACCACGCAACCCTGGGTTTGGCCGAGGATCTAAGACTACTCCACTAGCTAGGAGCACTGCGCAACATAATATGTGATCATTTGAAAACATTAGGCTGGCAGGAGGTAGTAGTCTTATACTGGCGCACTTGCGACTTGTCGTGAGATTTTCCTGGTATCGGCCGCATTGACCTTGCTGTGTAAGGATAGTGATGTCTTCGGGGACTCGAGTAGATGCGCCACATGATATATCGATTAAGAAATCTCCGTCCCCCGCTAGTATATCGCATGTTCTTAAGTCTGCCTGGGCCCGGGGCAAGTCGGCTTAAAGCAGCAACG,1242,51.13,Mus musculus
SEQ_234666,TCACACGCATTGGGGTGTGTACACCAGGCTACCAACGCTGGTTATGATAAGCAAATGTAGTGCGTCTTAGGAGACGTCTCCAGAGTGACCAAAGGTATAAACCAACCCAACGGTTCAGGTGCTAAGCGTACTGAGTTCCTTCGCGTGCGTCATAAGCCATTGCCTGGCTACATCCCCACACGTGGGAGCCGGGTGAGTCATTTTACATCCCTATCGGGGCGGCGAAGCGCGGCGGTGCCTGTTAGAGCCGGAACAAGAGACCTATTGTGAAATCAACATTAGTGCGCAGCAACAGACAAGGTGGCACGGAACGTCAGGCGCTTGAATGCCCTCGGGGCACGTAGTTAAAGCACAATGTGTACGGGTGTGTGTTACGGCGGCTTGACAAGCGGATAGGAGTGTGTGCGTAGACAGTGCCACCCCGCATACTAGACGCACCTGCCTCTACGACGAAGATAAATCGTCTATAGGTCAGACCAGCCGACGGTACTACCAAATCGATTGTCACGACACTAACGTTGTACAAACGTTGCAGGGCCGGACACTGGTGGCCTTCTTACCGTGCTGCTAGTATGCCGTAGATCAAATGATATCAAATCCGAGAGTAGCACAGAGGCGTCAACACCAGCAAGGTTCACGTCTGAGTATAGGAGAAATAGGGTACTGCGGCTTTGGAATAGGGTCCTGATCGGCAACCGCCAGGACTGCCCTACGCGGCATTCGTACAGGTAAATTTTTTCGCACGGAGGAACAGAAGGGCCGCCGTATAAGGAGGTCCGAGCGATCACAGCACTCGTCCCGCTCGTGGTAGATGATCGCCGTCGTCGTGACAGAGATGTCCCGCAGTGACGCAAAACATACACGAGTAGGACTACGTAAGAATAGAAGGTATGGATGACAAAGCAAGTTAGTAAGCACTCGTCTTGTGAGAGGTTCCTCCCGCCGGTGGTTAATGTTGCCCACTATGGGACGATGGCATCAGGTTTATGATTTGCATACCGCCACTATCGGGAGACACGGAAAACGTGCACGCTCCATATCCGCGGCTGACGACCACTGATGTATATCAAGCCCTTAACTCGCTTAGCAAGGGACGTAGTTAACCAGCTTCGCCAACCGTGGAGCAGGCCTCCTAAGCAAGTTAGTCTACGCCCGTGTGTGATACCCTTAGCCGTGTCGTATAGTGTAGGTCGGTAGGATGCTATCTATATTGTCGTACAGGTCACAGAATTACCGATTTTGCTGGGTCGTGCAACGGACAGTAAAACTCACGCCGCCCCCAGATATCGTCTGAATCGCTCTTACCAGTAACTTAAGCCACATGGAGACATGTCGTCGTTCCTCCCGCTAAGCAAATTGCCTGGCGGATGTTTAGACACCAGACTACGGTTGAGGCTCCCTCAAGTCGATGAGAACGTCTCTAACTAATTGCCCTCGATCTAAAGGTCCACTACATGTCCCGCTTTTGGGAGTTAACTGACCTCCGGGTCTGCCAGTCACATTCTGATCCGCATGACCTTCAGTTCGGATCACTATCTCGCGGGTTTGTCAAGCACAATATAACGAATCACCTACGCCAGGGGCACATCTTATCACTTAATGCGTTTAACCTTCAGGTTATCACCGAAAGAAAGAACATTTGCGAGACCAACTCTGTGTTACTTGGCATCGGGACACTCACTAAGGACAGGATGGATGTCCTGGCAATTCTTCCTTGTGTGTTTATGGCTCTTGATATTTAATACCTTG,1749,51.29,Drosophila melanogaster
SEQ_591301,GTTTTTAGTATCGCTCCAATGCTCCGTGTCCGACAGCGCCTTCCTGTGGGTGGATTCTGTAATCTGAAAGCTAACGCCCTGCATGTAGAGAATGCGTCTAGGGATGCTCTTGGATTGCCACCCTCCCGTCATCAATTTCGGGCGCGTCGGAGAGTAGAATCCATACAACTGTAACTCTGACACTTTAATAGTTGCTAGAAGGTGCAAGAAGACTGTGCAATCTCCGCGGAATCAGCTAAGACTTTGGTGCTGAGTGCTAGTCCCTTTCGGTCCACTGGAAACGAAGGTTATCCTTAGAAACCTACACCTAAGTGAGTGTAATCCGTGTGCGGCTCGATCAGGGGGGTCTGCCCGTGAGTACAATAGAATACGAATTCTATACAAGGCGGGGGAGGTTACTGAACGAAACCACACAACGGGGTGCAGTGCCTTCAGGGGAAGCAACAAGTCTCCGTTCTTCATAAAATTATCTCCGACCCGACAACAGGGTTAACCCCTGGTGCTGAGAATTACGGACGACCATACAGTGTTCCTGACGGCTGCAACGTTATACGGGAGATTTATATTGGCTGGATCACCTATGCAGCCTGTGTCGGAAATCACAGCCTTGCCCAGACGTCCCTGCGTACGATGTTACTCATCGACACGGAGTAAGGGAATCCTCACCGTAGGTTTTCATCAAGCTAGTCAATAGTCACCATACTCCCATTAGTACCCTAGTTAGGAGCGCCCGCGATATATGACCGGGGATAGCCTTAGCTTGTTTTGACACTACCTAGAGTACAGGCATCCGACAACGAACTAAGAATAGCACGGTCAGCGATTGGTGGTGCTTGAGCCAGGCTGCAACATGTCTTGCAGGACGCAACCATAATTTCGGGACCAACCTTCCTAAGTCGCAAGAGGTCCATTGACGGCACATAGGTCCTCTCGCGCCTACTATTGCCTATACAGCAACAGCAGTCGTATCTTAAGTGGAGGCCTGCCAGGAGCAGCCCGACGATAGTCATACGTACTCTCCCCTACAATAGCAGTCAAAACTGTCAACATACGATTTTAGCACTACTCGCCAGCCTATAATCTCGGGAAAGGTCTTCATAAATTGTCGAGTTTTCCCGAGTGCTCTTAAAATATTAATAAGTCACTTCGCGTCTCAGAGTCAAGCAGCCTAGTTAGCGTGCAAACGGGGAAATTGGTCCCACCAGAAACACCATACTCATAAGAGAAATGTAACTTGAGCGCAGGACGATTATTGAGAGTCGGTCCACGGATTTGACGCCTAAGTTTGAGTCTTGGAAAGCAATCCCGCTTCCGCCCAACAGTAGTTAGGCGGTCCTTCTAGCTTCAACTCGAATTTTTATCCCGGGGGCTGAAATAATGTTTGATAACCGTGCCGCCCCGGGGACATACAAGGTTAACCAATCCGTTTGGTAGATTGTGCGGGGTGTTGTCTAATGTAGGACTGTTGAAACCGCCGGGGCAAATACAGGCACCCAGTGAGTTTTTACAAAATATGGAGCGCAAGAGAATGTATGTGACTCGTAGCTACTTGTCATACTTTTCGAGGAACCTGCTGGCCCCGACCTCCAAAAGAGACTGCTCGTAGTGACAGTTGAGTGAGGTCATGTTGCCCCACTTGGATATGAGGGAAGCTGGTCGCGTAATTGACCATGCTCTTAGACGATTCGTGGACACTCCGCGTACATATAAGGTAGTCGGTATCAAAATGCACCCTACACTGCACAAAAATGATAGCGGGACATATCTATATTATCTCATACAGAAGTGGAATGGGATCTTACTCACCAACTGAGCATTACATCAATAGGACAATCAGATACCCTTTAATGTGAACTGCGCGTGATAATTATCTTCTGTACATAATACACACGGCCCTGTCAGCGTTACACCTTTCACAATGATATGCTTCATGTGAGGTAACGATGCAGTTAACGGTGCGTGTAATGGACCTGAGCCGATCAAC,1984,48.29,Homo sapiens
SEQ_159931,TTCGAAGTAGAGCCGCCGGAGCTACCCGTCCACGGCTCTGCATGGGCTCACTATTCCGACCATTCCGCATGAGATCCCGCTGCTGAATCGAGAATGGAACCGGCATACGGCGGCAATAGCTTAAGACTCCACTACCAAATCGCGAAAAGTCCGTATAAAAGCGGAGACGTACTCGCTTGGGGAACGCCATTGAGTTTAAGTTCGACTAACTACTGGATCAACGGCAACATGTACATAACTTCGGGCGGCCATATCCTCTCCGTTAAGCTAAATATCTCCAACCCGTCGCTGGTTCCGAACGATGGTGTAAAGGGTTTCATGATACAATCGGACAGTGGATTCGGATCAAATAAGGTGATTGTGGTGTACTTATCATCCCAGCGTCGCATCTTTCGAACATGTGTTCGATAATCATTAAGGACCGGCTCCTTTTAGAAATTTGACATTAGTAACTAGTTATGAGATGAGAAGATGTTTACGAATATGGGCGATACTGGTGGGTGAGCGAACGTTTACCTCACGCCTGCAACTAACTGCGAGTACACATGATCGACTCCTAGGCGATCTTCCTTGTGGTGGCGCTATTAGGTACAACAGATGTTGAGCCAGATGCGGCGGGGATTCATCACTGGCTCCTTCGGTACCGGGACAGCACTATGTCGACTGACCGGAGTCTCGTTTAGGCCTAGCATATGCTTCTACTCCTTGAGGCTAACGGACGCACGTCTCTGCGTCGAGACTACCGCGGACGGATCGGGTATTTTTAGGGGACTACCCCTGCGTCTCACGGCGCGCGAAGAACACCCTCTGTCCGAAACCAATCAACGACTCACGCAACCGGGATCCAATCAGAGAACCCGCAGCTAACGTGTCTCCGTTAGTACCAGAAGTTACCGCTGCGATCGGTACCTGGTGACTGGCAGTGTTTGAACCGTGCGATATAATCACTTAAAAATGCGTTTGGACATTCCACTCAAATCCCGACTTTAGGACCCGAACGACCAGTCCATCAGTTGATGTCACCTCCTACTTATAGTCTGAGCCAACCAGTAACTAATGTCTGTGGTTTAGACTATAAAGATGTATGGACCTGTGTGCTATCGAAGCGCTAATTCAATGTTTTTTCCTCCACCACGTCCTCGTCTCTAAGTGTACACCAATATTAATACTCGTCGCCTCATCTGAAATTGTGCATAACGAGTACATCCGTAACCTCGTTTGTAGTACCGAGCTACCATTTTTTTCTCAGTCTGGAACTAAGCACATATCGG,1271,48.94,Mus musculus
SEQ_821938,ATATATGGGGTCACTAAACCGGTTTTGGGAGCATGCCGAAATGATCAGCTAGTCAGGATTATTTCACGAGGTCGAAATTTGATGCTCTGCGGGAGATTGAGATGCGGACCGACAGGCGGTCATTCTCACAGACGAAGTAGGCATCTATAATAAGTTACTTTCTCGATTGTGTTTCATGACTGTCAGCCTTCATGAATGTTACGTGTGCACATGTAACGTGTAGCCGCCATGGGAAGGGGACGATGTAGTCATGGTCTGCATATCGTACGCGAAACTACTTATCAACGAAAATGGTTTGTGGTTGAGTTAGGAGGGTAAAACCGCTGACTAACCACATGAATTTGGGAGCCTCGCACGGCGGGCCATGCTTTACCCCAAATAGATCCCTGTCTTTAAATGAGGCAAATCCAAATCGTATCATAACATCTAGCTCCAGAACTCATGTAATTGACGCGGAAGCCGATTGCTAGCGCGCCTGGGGCAGCCAGCCCGCAGCGAGAGCTCTCAAACCGTCCTGTGAATTTATTTATAGAGAAGCGTGACGGACTCATAACCAACTGCGATTTTCTACCGGACGAACCATCGTACATGTAAGGGCTCGGCGTCTACCATTCAAACCACTCCGCTATGCCGACGGTTAGCTGCATTAATACGCATAGTGCTCATGTTACAAGTGGGTTATGGTGACGATGGACCCATGTCTTCGCCCGCCTTTCTCACCAGTCTCAATCGCGAAACGCGGTTTGCGTGTTTTCCTATCGTTCATCAGAAGGAGCCAAGCAGTTAAGTAGATCTCCCCTGGACTCTTAACGTGGGCGAATTGTGACATTACCGGCCAGTAGGACTCGCCTGGTGGGAATATTCGACTTAGTGTGTCTACGAATGCCAGCGATAGTTCCGACGATTCGTCGTGACACGGAAGGGTCAGGCTGCCTTGAAGGACTAAACTTAGTCAGAATATCCAAGTATCTCCAGCAGCCAAGACCATCCACTAAATGAGACACGATGCTTCACCGCTAAGCATGATTCCG,1031,48.88,Homo sapiens
SEQ_923214,AAGTTACGTGTAAATGCTGGATGTGGCAGCCGTTAGTGCAATGTCACGTAATGTTCTTGATCGCCCTAGTAATAAAGAGTGTGAGCGCAGGCCTCTAGTAGCAACATTAATTTATCCTCGGTATCCGCTGATAGTTAACTGTTTCTAGGTTATCAGAGTGGATACACATTAGTACAACGATGGAATCGTCCGTCCCACACACAGCTAGTGATAGTCTGCATACTCGCTCGTCTGATTCACTCCTTTCACCCGGAGTGCTGCAAGGGGCTACTCCGCTGCAGCCTAAAACGCTTTTATGGCTTGCGGCGCTATTTCATAGGTAGTCTCAGCAAGGCCCAGATTTTCTGTGGTTTAATAACACGAATCAGGGCCGATGCACACCATTTAGTTAAGCAAACCGCGTTGCAACTGCGTGCTACACTATTCTGTGTCCATTGTTAGCTAGGGACTATGTCGCAATTGCGCGGAGTATTGTCGTTCTTCGTTGAATAGAACTATTTCAGCGTCTTCGGCGTAACCTATCGGTCGCTCCGACAGAGATCAGCCGACCATCCTTACGAAACAGGTCAGGAACGACTTTTATATTGAGAGGATAGTAGGGTATTAGGGATTCCCGCCAACTAAGTGTCGGTACCCTTAAGGGTAGTTCTCCCCAATACATAGACGGCACAGTGCAGCTGGACTGGATGCCTGCAAAAGAGACAACATGTTCGCTAGAAGCAGCTGCCGCACACCGTCCGCGCGTCTTGAGCTCCAAATCTACCTCGGCATATTTGTTACCGGCCTATCCTTAACTAGTTTACCTTCAATCATGTTAGTTGAACCGCATAACTTGGGAGCGAGGACTATTCCCCGTTGCGGTGGAAGGTCCAAATCTGTCGGAATCGCGTGCACCGATGAAGAATCTGCTGGTGCTTACAGGAGGAAACAGTTGCACCAAAAGTGCAACGTCATGCACGGTCCTGATCCAGTAATCCGCTAATCCAGTAGGGTGACAGCTTCAACTAAGATGCATATCATTGAGCGATCTGTCGCGTTACCCTCGTCATCCCACCGTACTCAGTGACCTCCACCTTTAGGTCTTCCCACAGAGAATTCTTGCACAGGACTAATTTGTCGGGCGCCCCTGAGCGACAGATGTACGGATGTCACTGACTCTTTCGCTCCCGTTCCAGCGCGTTGAAGCATGGCGTCCCTTTTCGCGGTTTCCTCGCCTCACGTTCTGAGCGGTGGTAGGCGTGTAAGGCACTCTGTTCCAAGTACTGTATTTTTGACCTAAAATGTGTAATCTCTCTCTGTTAGTGTAGTGAGCCCGCAATATGCAAGCAAGCTGAAAGCACCCTCGGGGTGAGGTTGGCGTTATGTGAGCCACCACATACTGCTAGCCATCCACACCCATCTTTCTTTCTATTTACCGGTATTCTGCATACCTTAAGAAGTACCGCTCATGCGGGCAAGTCGGGACACGTATGTACAAACGTCTGCTTGGTGTAAACCTAGGACACCCCGGTCATTGCGCATTGGACGTGTGAGCAAACCGGGACAGGTGATTAGCGTCTGGTCCCGATGCTATGATGCAGCCTGTAGAAGACGTCTGTGATCAGTGTGTGTTGTACGAACGCAAATAACAAATTCCGGGACTAGGCAGCTCAGAACCGGAGACGTCTGGCGTCGTTCCATGGCCAATCACCGAGAGAGCGGCGAGGCAGTTTAGTTCAGCCCTCTACGA,1729,50.03,Mus musculus
SEQ_254082,CCTGGCCACTCGCGTCATAGTGGGACGGGTAGAATTGGATTGAGACCACTCGTCACACGTTCTATGTATCGAATCCCCCTTATACCGCGTGTGATGGTCATTGGATCCGTATGGAATTCTTACCCAATCTGTGGAGGGACGGACCATGATCCTTAATGGTAAATTGTAGACAGAGTATAGTCAACGCTGGCTAGTGGATACACTGCTTAGGGCACCCCATCACGGATACTAGGTAGTGGCGCTAATATCGACTGTAGTGACGGAGGGTACAAGTTGACAACGAACGGCTCAATACAAGTTCTCGTCAGTCGCAAATTAGGCAATGACAACAGAAGCGTAGAGAGCTAACGCAGCGAATTGAGGGGTGGGCCTTCTGTAGGCGAAACCTCCAAGGCTGGATGGTAATGTCTGCTCGCCCAAATACAGAGTTGAGTTGGCTGAGAAGGCACCTGTAAATCCAACGATTCTACGCAGCATTTATACACCGACCAATCTGGCGCTGATGGTGAAAGACAATACAGCGCGTAGGACGCCCGGGTGGGCGGAGTCCTGAGGCTTGACAATCATCTTCAATACGCTTATTCCTCTGCCGCCGGACGAACTTCACAAACCATTCACTCCCTATAGGACTAAGCGGGGTGAATCTGCCCACAGGTGGAACCAAACCGCTTCATTGCCGAGATGCTACAGTGGCACCTTGAGTCTGCTCTATTCTTCTTAGCGCCAAACAATGTATCCGACACTATTCTTATGCAGAGGGCAGGAGTGCGTCCTTCGGGGCAGGTAGGGTTATTTACAGCTATAGGATTCGAAATCGTGGTTGTACCATAGCGGCGTTTATAGGGACTCTTCCGGATCAGTCGACGGGGCATGCGAAGTTGAGCTAGGCACTCCACCTGTGTTCCAACCGCTAGGAGAAATCATATACTAATATAGTTGTTCCCAAGAAGGAAAGGTCCCATGCCTGTTTTGTGTGCACGAAACTCAACCACCTGTGACTTCTCCACTCCGCTCAGGATGAGCGTTAAGGTCGCACCACTAGGTCTGCCATCAGCCTCCATTCTATCCAACGAGTTGTACGACGCAACATTCTCTAATATGCCTTTGAGAATGCCCAACCGTTGCGACTGTCTCCTCTGCACGCGTCGTGTAGTTATTGATTAAAAAGACTGGACGCAAAGCCCATCGTTTTATGGAAAAGTGTCCCTGCTAACTCAAGTCCGTATTCATCGCTCACTGTCAACTCGCATGACCCAGATCGACATTCAAGTCGGTCAGGCCAGTGGCGCCACGCTGCCTGTGGTCTGCAGAGGCCAATACCATCGTGACATGAAGTTTAGTCCCTCGGTCGCGTGACCCGGCGAACGAAATCTACCTAAAAGCCGAATCCGGCCACTTCAAGATTATAGTGAATGATTTACGAGCTCAATACTTCAGTGCACGGAACTTATTCATGCGGTAAGGTGGGTAAGGGGTTCGCTGCTATAAGGACTGTAAATCGCGAACCTTACTATTTGC,1518,50.07,Caenorhabditis elegans
SEQ_404433,AAATCGGCCTTGACCGCTTTGTCTCTTAAGTGTACACGATCTAATGAAGAACAAAAGCGGCGTTTGGTGCGGCTGTCGCTGTGCAGTAATATGCTGCTTAGGTCGTAGTTTATAGTTCGCATGTTGAAAAGGGGGGGGGCTACTACGTAAATCTCCCGATATTAGTTTGATCGAATGCCTCTTTCGATTATATTATAGATCCTGAATAGCGTATCTCCAACAAAGAAACAAAGGTCCCCCATGTTTGCTCAGAGGCCAGCTTTTGATAGCAGGTGGATGGGGCTTCTGCAGCCGCGGACGAT,302,46.69,Drosophila melanogaster
SEQ_387537,CTTATCAGATGTTAAAACAGGACTCTCTCACGTAATCGAAGTTTTCACCCGCTTGCTCCGAATGGTACAGGTTGACAATAGCAGCCACCAGATGCGACTAACAAACGAGGGCTTAAAGGTCGCGGCAAACTTGATCGACTGGATGTGTCGGGTGAGGCTCGCGCACCACGTGAAAATTAGGCAGTACAAGGACGGTCAGTCTCAGCGTGCTGTATACGGCGTCGCCGGATATAAAGAGACAACTCCATGCCCCCGCGGCCAAGCGCTGAGAGGATATAGCAGGGGTCGCCCCCGAGAAGCATCCCTATCTCTATTTTGGAACCTACTTCTAGTAATCATGAGCAGAAGTTATGAAAAGGAGCCGCAAGAAAAGGTTTCCCCGACGGGCACGGTTATTACCGGGACCTATTTTCTACGTCAGTTTAGTTAGGAACTAAATACTACAATCCATTTTTCGGTCAGCCTGAAGTCGTTTTATCAACACTTGAGAGCACTACTTCCTAGCAAGTTCCTCCGCTGATCAGAAATAGACGGTTCAGCCAGGGCGTTCGAGTGAGGACCATGCAAATGTATTGTAAGTCAAAGCGATGCCAAACCCGCGTTTTCATACTAGTTCTATGATTGCTCGTGAGGGGTAGCGTGTTCGGCTTCGAATACTCGTCTCCAGGCCCCTCACGAATGGCAGTATAGATCACACTGGTCAAACGATCGCGCAGGGGTATTGCTCATTACCATCATCGGTACTCCGATTCACACCCTTCCGATGCTTCGTTTGTAGGTGTTTCTACGATTTTGTCCTGGATCCCCCTTATTGTAGATGGCTCGGGTGTCTAGTTTACCGCTTTGACTATCGGCGCATTAGCAGGATGAGTGTCTAAGATCACAAAACCTCAATTTGCTATCGCGAGCGCGCAAACTAGCATCCTACCGGCGCTAGGAAGGTAACGGCGATCCGAGGTTCACTGTAACCCGACGTCCTCTGAACGGA,988,49.8,Mus musculus
SEQ_572557,CTTCACGAATATATTGTGTTCCCGAGGAGCGATCGGTGGTGGGCCTGTCATGGGTTTTGGAGCTTTATGATCTGGCTACCCATTTGAGGCTTGTGTTCCAGACAACTGGTGCCAAATAAAGTCGCGTGGCAGCAACATTACCATAAGCAGACAAAAAGCAAGCTTTTTCAGCTTAAGCTGACGGCGCCTGTGGCAAGTT,199,48.74,Mus musculus
SEQ_440215,AGTAGGTCAAGAGGACTTCGTTCTTACGGATTCGAAGGCGCTGCAACTGTGTTTAGACGTATGACTAATTGAGCTGTGGGAAAACTGCCCGGAGGCCGCTAAAATCGCCCCCCTTATATCAAGGACTAGAGCGCCACATGCTTGTGCCCCCAAAACTACACGAAATTTTCGCTAGGTGATCTTGGTGAGGTGTTGACACAACGGCGAGTATCTGGTCAGGCCTCAACTTAACACTATCTGTTACCCCCAAGCTGCATGGCGCGACCCTCTTGCCTGATACCGTATTAACGGCGGGTGGTCCACTATTAATAATACTCTTGCTATGCACGCGGTGACTATGCTAAGCCATAAGCGTATTTTAGGCGAGAAGCACATGTCACCATGATCGAACTTTGAAAGACAGGTAAAAAAGCGAGAATCCTCCTTGGTAAGTAAGTAGCGATCAATTTAAGTAAGGATTCTTTGTTTGTGGGGGGAGTACAACATTAGATATGTTGATCGCAATGAGGAGTGTTTTCTTTGTGAGGAGTTTAGTGGAGGTGGTTAGTCAGTCGCCCAGGCCAGGAGGACACCTTTGAAGTTCCAGAGCCCGTATGTGGGTATTTGCCGTACTGAGTATGTCGTCATGGAGGTATACCAGTGCCCAGTATTATGTAGCTACCGAAATACCAAAGGTAACATTATCAGCGTATGGGTCATGTCGACGTCGGCTCACTTTATAAGTAGATATTAGGGGCTAGCTTGTTAACCAAAGGTACGCGAAATGCTGAGTACCACCGTTCATCTGACTACTTCTCGACACTATTATTAGTCACGGGCAATGTTACGCGTAATTGTCTCGCGCAGTAGGATCGACAGAAGTGGACACATACGCGCAGGGTTCCTAATTAAGAGATGCCTTTCTAACTAAGCTAGTATTTCCATCGATGTTCCAGTCTAAGGCGGGGAATGGACCGGCGCTCTCGTGCCCCCCCCTAATGATGCCTGTAGACTATAGGATGCGAACAGATCAGGAAGAGCACTAAGTCCAGCCCCGGCATGTTGGTCATATAATAACGCAGTTCATTGGGCACCCCTCAACTGGGAACCATTATTAATCTAAGGACAACCTTTGGTAAAAGTATCCCGTATATAGCGCCTCCCTTGCACATAGCTATTTTACCCATCGCACGCTGAACAGTCCCCTGGCCGCGTGTGCTCGGAGAGCGCCAGCAGGGTTCTTCTTTGGTTCGGCGTTAATTTCAAGCCAATTGAGGGAGAAGAAACACGCATTCTACGAGCGCTTGAAGCTTTATGATGCTTAACTAGCCACATAAACTATGCTGATAAAGACATGAGCGTCTTTACGACCAGGGAGTAGACCCGGCCGTGAGGCACGTATTACGAATGCATCAAGGATAGCGGCCGCGTGCTTAGCAGTCCCTCTTCCGATTCATGAGATTACAAAAAGTTGAAGTAGCTTAATCAAACCTGTGGCACGCATTAGACTAACCGTTACACTGTTATATAAGTACCTGAACCGCTAATAACAACCTAGACTATGTAGGCGCAATAGTGCCCCACCCGCTAACCTTGTGGATCAACAGCACGTGTAAGGCGAGGAACTTTCCAAATTTAGTGAGGTC,1625,47.57,Drosophila melanogaster
SEQ_246061,GTCAATAGATGCGCGGCGGGCCCGATTCGTAATCCACACTTGCGACGGCTGTGCACTGTATCAAATGATATGCGGGTGGATTGATCAGATGGCCCGTTAACTAGCATCAAGGATAACTTCAAAGCCCTCGCCCCCAGCAGGGTGTCGAGCTACTAGATCCGCCTTCAAGTCGGAATGTCGGACCCATTATTCCACACGCTGGTTAGTTCGACACGACTACTTCGAATGAATGGATATCGGAATCATGCGACCACGACATTGGGCTCAAAACCAAGGTCGTCTCCTAAGCGAAGGTCACCAATTGTCTCTGTGACCCGCACCCAGCGCCCGCCGTTGGTCTATTTTAGTTTTAGAGCCTGCCAATATCAGGTTCTCGCCGACTGCGTCTTCGACCATACCGGATTGTCACCACGATTCTTAAGCATACCGATACTAGAATACGCTTAAGCAACAGAACATTAGTTGAGAATATTAAGGAAACGCTCCTAAGGTTGGGTGGTGCAACTCGCTACCCCGTCTTCACCTCTCCATTATCCGGAAGAAGAGCAGACAACAGGTTTCGACCTTATGTTAGTCACTGCTCTACGGTAGATAACTTAGGCATGTTGCGCGGTCTTGTTACCCTGAGCGCTCGCTAGGGCGCTGGTTACGCTGAACTGAGCGGCGGCGTACATTATATTCCCCGGTCCAAACCTAGTAGCCTAGCTCTATCTAGGTATTCGACCTATGCATCCTGCTTGGATATATTATAAACACGGAGAAACATCGTCTACCACACGTAAAGAGAACAAGATCCAGCCGCAAGACTCCCGAGGATAGTCTTGGAACTATAGGGTCCCGTGGCCGCTGGTGCCCAGCCGTTAATACTCGACACCCACGTGGAGAGCACGAAGTGTCTAAACCCTATGCGATTCAACCGTTGATCTCACAATATGTTGAATTTAATACCACAAGACCAGATTCGCTGAGAGACATGAGGATCACTCTTGTCGACAATGTTTATGACATTCGTCTCGACGTTGGAATGAGTTTGCAAGTAGAGCGGTCACTGAGCATCGAAGAGCTATGGGAAATGTCCTGTCAGTGGAAACGTCTTTGCGGGTTGGGCACACATATCGAGAGCTGAAGTCGGTCGGTAACGAAAGAGCACTTGAAGAGTACGAAAATTGGATCTGTCTCAAGGCCAGTGGATTGGTTTCTGACTTGGGACGCCGAGGTGAATCTAGGTCGGCCATTTATAATGGCCATCCCCCTCGAAGGCCAAGGACCATTCATAGTCGATCCGCTACCACGGCTCTCTTGTGCTCATTGGGCAGGGCTAAAAGGGGTATTAATTTTTACGCAGATTGCTTGTCAATTGAATTCATTTGTGATACGCGTGCCCCTTTGGGGGTCCACAAACATACCTGGCCTCTGGTCCTGTTGCGTAAGGCCAGTGTATTCATCCATGTATGCCTCCGTCCAAAATCCTGTTTGTAGGATCTTGTATGGCCTGCGGGTTGTCTGTATAGGCCGGCATAATGCCAGCTTTCCGGGGTTTCCTGTGGATTTGAGGCGAGCTTTTTGTACGATGCGGGCGACTATGTCGAGTGAAGCGACACTTGCGCCAAAGTGTATCGTCCTAACCCGGGGAATCATTGATATGCGACAGTGGATAGAGAGTGACACACAGCCAAGCTAAGTAAGACACGGACGGAGTGTGCTCC,1706,50.06,Homo sapiens
SEQ_977285,TATTCGTCGATACCAAAGTTCACACCGATCTGAAGTGGTCTTACCACTCGAGGTTCCCCGAGCGAGCGGCAACGTGTACATTTATTTACCGAATCCCCTTGATGACGCACCGGCTCTATATATTTAAAGCGGGGCTTGTACGTGTTAAGATGGTAACTCTCGTTTACCATATTGAACCGCGAACGTTCCGTCTAATGATCGAACTGGGGATACGCTAGTCGAGTGCGAGCCCCTGGATTGTTTCCAGAGCGTCCATGAGTCTACTGAATTTGCGACACCACCAGCCTACATCTAACACTGGATATTTCAAGTCTCCTCTTACAAAAAGCCTTGTGGAGAGGTGTCATAGCCGTAGATAGATGACCACTCGCTTTCAAAGTCACTTCGAACTAACGATATATTACGAGAGGAGCCGCTACTCCCATGCTTCGATTGCCCAGCGCAAGGAACTAGGTAAAAGCGTTAGGCCCCAAATAGCTATACTGATTCCTTATAACAAACATGTTTCCCGTCGCGTCGTAAGCGGTTTTCAACCTGCAAGATATCGCCGATGCTCAATAGCCGTTAGTGCACTGTTCACCGGCAAGCCGTCTCCGAGATCTGTTATTTCTTTCGATGTGTTAAGAAACCGCGAATGCCACATTATCACTCGATAAACTAAGATCACGAGACAGGTTCTCAGCTAATCTCTCTAGTCCCAGAGGTATCTCTTCCACCATCAAAGACTCTGACACCCAACTTTGCAAAATCATAGGTCCGGGGATGGAAGCTCGTAATAGGTGTGGTAGCCGTAGAAAGGCATGTTATTAGGTTACCGGAAATAGGACGAGAGATGCAGCTAGTGTTGGTATCACTGGAGTAGTACGGAGGCGCAAAGTTAGGGACCTGTTAAATGCAACGCTGGTCTGTCAACTACAGCTGAGACTCGTCGTGAATTTGCGTTCAAATCTACATAAATACATAACATAACTTGAAGTCTGTTTGGGTTAAACTCTTCGAGTCCCGAGCAGCCTCGTTAGGGCGGGTTGGTTCAGGGAGAGTGCCGGATTTAAGGGGAGGATTCATACCAAGGGACCGCCCACAGGGTAAGCCGGAGACCGGAGATCACCCACCCCTTCTCACGGCCCGTAGTACGTTTAACGCTTCTCCCCACATGGTTCGTGTTAGCCCCACCGCGAGACAATCTAGCTCGCGACTTAGAATCCCCACTTGGTAAGCGCATGCGGGCCAAGGGCCCAGTAGGTACCACTCGATTCGCTCAATGAAATCAGAGTATGGGAACTATACGATACCCGATCAGTTCGGTGAAGCTACGGTTTGCTATGGTTTCGTTGCGTAACGTACGAATGTGCTGCCCTCGTTTGCTCCTCGGTTAAGGAAGTTGTATTTAATACCGACCTAGTAACTTGGGGTGTCCAAGTACCAGAGACCAGTTCTCTCAGGTTTTAGTGCGGCTATGACAGTCTACAGCTTGACAATTTGCAACTAATTGCTCCAAACATCCTTCCTCACCTAATGCCGTGCACCAGGCCACCGACCACTCGTGCAGCTAGAGATATTCTGCCGGTCTCTTACCAGATTAACTCTGGTCCTCGG,1596,48.87,Escherichia coli
SEQ_104219,ACTCCGTCGAGCCATTATACTGATGAACTCTTACGGCTAATCTTCCGGAAGCAGCGGTACGGATTGATTTTCGGCGTGAAAAGACGAGGTTAGTATGTACTGCTCGTGCACGTACCGAAGTCCGCGGCGAGTCAATCTTGGTGCTCAAGCTCAACTGCCCGCAAGAATTGACAGAGTAGGCATCATCAGCCGTCATAAACCCTTACGTCCGTCTAAAATACCGTCGGTCTACTCCATCCTCAATAACGATCTGGTTGCGGTGAGCACTAAGGAGAACAGCTAAGACCTCTTAACGTGACTGTGATGAAACAACAAATTACTTACAAAGGCTAGGTGGTAACATGTGGGGTTTCGGGCAGGTGCCCACTTCTCACATCTTCTTACTACGATCGCGTGAGGGGACGTCGACTGATCATCTACTGTCGTGGGACCCTAAAGGGTCGGCATCGCCTCACTATGGCACGTAGCCATGACAGCATAAAGGTTGGTTTCCCAGACAAGTTAGTCGTGGACCTCTCCCGTCACCTAGTTGTCAGTGTTGTCCGGATTATTCAATGTCTGCGGATGGACGGCGGCGTGTTACATCCCAAGCTGCTACTCACATCGGAGTCTAAGTACCAGATGACGTCCACTTGATGATATACGGTGAAATACGCAGGGGAATACCATTCTAAATGCGTATTCGCCCCCAGCCGGGTTAACCGTTCGGTACATGCTTTTGTACTAGATTAGGTAACAGTGCTAGCGAACGTGAGCAATTGAGTAGGCATACAAGATTCGTGAGTTTCTAAAACGACGTGTCGTCTCTGCGTCTTCCGCCTCTGAAATGGAAGAGGTATCGGAACGGTCGCCCGACACCTCAATGCGAGGGGTGGGCGAGTCAAAGCAGCGTGTAGCTGCACTGTTGAGGTAGCGAACACTTCGCCGACTCCGACGGCTACCAATAAGGCCTGCGTGGAGGGGTCGACCACGCACTAAGAGGGCCACACGGGTGGATCCAGCGGAACCTAGTACGTTCTACTAAAAGAACGCATCCGCTCCGGGGTGACAATGGGATACATTGATATTCCACCCATCTCAGGTCGTTAATCGGGCACTCAGACTCACACCTTCAAGGGTTCTAATCAAATGGTAATTGAAGCAGTTTAATGGTAATATCTCTGGAACCGTCCCGCTTGGTATAGGTCCGTTTTGAAGCACTTTACTAATGGTCATCCTCTCCGAAGTCTGACGTGAAAGTTCTCTATTTACAAGAAGCGTGGCGAGCATCAGACACGCCTTCATGATGTAAAGATATTAACCATCGAGTGGA,1312,50.08,Mus musculus
SEQ_245028,GCGGCTATGCTCATATGGACAGTACGGCACGTGTACCTGCACGGCTAGGAATTGAGTGGGCCAAAAATCAACGGGCGCCGTTAGGAAGCGCGGGGAATGGAACCTCGTGCTTCGACTCCAATTCGTATTGGTACCGACGCTAATACCGGAGTTATGCAATATAAAAGATGAGAGATTCAAGACTTGCATTCGCCGGTGGGATGATGTTAGTAACCGTGAAGTTTTGAGAAGCCAGCCAGACAGATGGCGGCCTATTAGACACATGCAGTGCGCCACTACTTTACGAGAGGGTCCTGCAGGTCCCCACAGCTCACGCTAACAATAATACCTGCCATACGCACAAACGGCATAATTCTGTCTTTCTAGTAGGGCTGGTGGAGCATTAAACATCTGCAGGCAAAGAACACATAGCCGAGCAATCTAGTTTTCCTATCCGCACGCCCCTTGCACTCGTAAAGCCAGGCCCAAACTCCGCACGCGATTGCTGTAATGTTGGGATCAAGCGGTCATCTCTGTGAAATCGATACACAAGACTAGCGGCGTGGGGGATCCTGTGCAATACTGACGCGGTGTTTTGGCTACGTGTTAAGTATGGATCCGACGCCTTTTTCTAATCACTTGACACTCATGTTAAATACCAGGGAGTGTGAAACAAAGCGCTTCTGTAACGTTATAGTGTACATCCGGCCACCGATACTCGAAACCCTTCTCCAAGCGCAAAAACGTAACATTAGAGAGGGTTGGAGATCTCTACTCCGCAAACGATAGGTCACTTACTGCGCGTATTGACACAGGCTAGAGCTGACCGGACTTGATATTTGTCGTGAATCCCAAGAACAATATATATGAATGCTTCTAAAATAGTTTGCCGTACCGTCCCAATTTATATACGAAAACTCAGTCGCTCTACATTGTTGCCTAAAATTCCATTGCCAAGCAAACTCATTTCGCGACTTTCTTACGATTGTAGTCTGTGGTGTCACACTTGGCTCTTGTTGTACGCGGTATGGCGATGTGCATCGTAACTCGGAGAGTGATATCCTCGTGCTGTGACCTAAACTGAGCCGATCGTATAATATTTGGTTAAATTCACAGGCCATGTCCGATGCTTCTACTTAGTGACCGAACTCATTGCGTTTACTTGGTAGCCTTTTTCTTGGCTCCGCACAGTTCCACCCCATTGACCCTACAGGATTTGCTTCACGTAGAACTTCAGCACAGATTTTTACAATTATTATTTTAGGTGCGAGAATTCCTAAACGTTCCGATGATTGAACGAGAGTTTACACGTGTTACCTATCTCGATTCAACAGACCTGTTTCACGAGCGCCGTTTACAGTGGTCACGCTTGTCCTCCGTTTCTAACAATCGACGGTTCAAGTTTGAGGGAAACAGTTGGCCTCGTCACGAAGCGTATGGGTAAGTTGCCTTCCTTGTTACGTCGGCCTCACGGGTCCATAAGATCGGCTATTGATCATAGGTCTTACTCCTTAATTTCGCATCTTCCGCCCCCACCAGTAT,1521,47.34,Escherichia coli
SEQ_750844,CCCGCGATTAGACGCTCCTTGAATGATTGTGTCTGGGGGACGGGAGTAATCCTTTTTGAAGACTACCCATGGTCCAACACTGTTCTGGCCCCGCATAACCTTAACCCATATGCCGTCATCGAGACGCTGTGACATACACATTCTACTGCACTCCCCCTTTAGCTCCGCGTAGTTCAGGTGAACCGCGTAGGTACCTTTCACCCTGTAATTTTGCCGCACCAGAGCATTAACTAACTGTCAGACGCTAAATCTCTAATGACCGGAGTCGGCAGACCGGAAGACGTCTAGGTAATACGTCATCCGTCCTAATTAACCGTGCCGCCCGTAAATGATGTGACTCGAAGGGCCAATGGGTCGACGGCATCTCATAATTGGCGAAGGCCGGGGAACTAAAGGTGTAAGGCCGAGTAAGCCCGCGTACTTGTGTCAGTATTCTGCCATGTTTGGAAATATGACAGACTTTTTAGGGTTACCCCTTCAAACCAAGACATCCCAGCCGACTACAGTACTTGCGAACGCCATCTGGGTCGACTCCCAATACGTTCTTTAAAACAACCGAAAAATGTGATAGCCTTGTTCGGATCTGTCCCGTGCGTTTTGTGTATACATAAAAGTTGCTTCTGTGCCCCGTTGAGCAAGCATTTTGTTTACTCTAGTTTGTGCCACAAGAGCCGTCGAAGTACTCTGGGGTCAATGAGTGGTTCTGACAGAAACACTGACAGCCAAACTTGATGACGCCCCCACATGGTAGGAAAGTCTACTGTAGCCTATCCCGCTAATTGCTCAGGGATTGTTCCTGTCAATACACTATGTCACTAAGAACCGGCATTCAGCTACGCTGGCTTGCGCATTTTTATGCAGGTCATACGAAACAATAATGGGGGGACGTACTTGTAAGTGCCTTGATCGCCGAAGGCTGAAAAGCATTCGGGCTGCAGGCAATACGCTTTAAACATCACGTGTCTAGTACAAAGATTCAGATAGCTATCAGCCTCACTACGAATGGTATTCAAATTTTAGAACTGTCAGAACATTTTTCCGGTCGGCGTGATTGCATACGTTCACGACTCAATATAAGGGGTACAAATACGCACTCTTTAAGACAGATAGTTATCACGGAACTATCTTATATAGCACTTCAGTGCCTGTCAAACATGTTTTCGTCTTCTAGGAAAACGCTTCTCCAGGTCATCGGGCAGCGCAAAAACCAAATATGACTCATGAATTAGCGCCAGACGGGTTTACCAATAGTCGGATAAGAAAGGAGGCTCAGGCTAAATGCACACTTCAGTCTTGCGATAAACCTTTGGTGATTGTGCGTTCTAAGAGGTTGGGGTTTTCAAGGAATAATGGACTTCCGGGACCGACGACTGTAGGGGCAATTCTTGTCGGTGTCTAAGGCTGCTGCTAATCTTTTTGAAAAAGCGGGCCCAAGCATTTGCATGGAGACCCGAGACGGGTATCCGAAGGATGGTTAGGTTGTCTACTAGTGTGGTCGTTCACCGGGAAGCTGCGCCATATCGCTGCTACTTACGTTGAGAGCATGTTGTTCTGCGAGACAGGTCACCTTCAACCCGACGTCCTCTTGTGACTGACCCCCGTGCAGTTGAACGACATGGTAGTTAACCTCTGTATTGAATATTTTCGAAGCCGCTATGGGACTCCTGTATAGTATAATAGTCTACAGTTCTGTCTGTCTTAGGG,1704,47.65,Homo sapiens
SEQ_890503,CTACGGCGCCACCCACTGAGAGTAAGACTTGTGGAGGCTAAGGCAGCCATGTTCAGGTGCGCACCCAGTTCCACGGTTCCGATTTTGACGGCGCGCTTTCCTTTATGTCACCTTAATCACCTTTTAACCGGGGTGCCTCGGCGGGTCCGTAGGTCGGATCCGCGCGTATCCCTGATCCCGTCGTAAAGTTGTTATGGCAAGGTCTAACAGCAACACATTCCTGAACTCTTACTTTACCGATCGTCGACAACTATGGGCCTAAGGGGGCGAGGAGCTGGCGCGAAGACTCAGCCTTTTGTCTCATTAGCACATAGACTGAAGTTCCACAACTAGCCTGCCTCCGCTACCTACGGCTCACCTGCTGTGACCGGATGCGGCTCGCGAACCAGTAGCGAGTTGTCGCATTTCGTTTGCCAGAGCGAATTTCACACTGATTTTGTTCTGTTATAGGATGCAACTATTCGACTTTATTGAGTTTGCGTGGGGGGCTTCGGATTAAATGCGATCCCGCAATCAGAATATAAGACCACGATGTGCACGCTTATAGTATCCTTATAACTGTACATTACTCTATCATGAACGTCGCTTACGGGGGAGACAGCGGTATGCGTATTACTGACGACCATTGGGTTAAGGACTGTCTGGTCCGAAGATCCTCATAGATTAGGCGTACGACATCAATCCTTTATTCTTTCGCACTAGATGGGACGTTCCGCCTCCTTACTTGGTGTCAACTGCCTAGTGGGTTACGTTGCAGACGTCGATCCGCTTGGGAGGCCACGTGGGCCGTATCTGCCGCCATATGAGTGACGAGGAGTCTATACATTGAATACATTGCAATACGGTTTGATTTATGCTCCGCGTCCATAGACAATGCATGTTGACGACTGGTTTATTGTAACCCCATCAGGACAAAGTGCGTTTATAATCCAAGCTGACCAACGTGTGTTTGCACTAAGCCAAGATAATTCTGGGACGGAGAGCGCTGACCCTCTATGACTGCATGCGTCAGAGATGGTCGTTCGTCGCCAATCCCGTGGCTTCAGTTTCGATTAAAATTCGAGAGACCCACAGAATGCATGAACAAGGGGGCCTCGAAGCTATCTATAGGTGATCCCTAGACAGAGCATTGCGCAGTCCGTGCTGTAGCCCTTAAGTCCGTAGAACGAGACGAGTTTTCGGTTTCACGAGTAACTGTCCGGATCTTAACGGTGGGAGCTTGAGTCCGGCGTGTCAATCGGACCGCGCGGCAGGCGACACTATACGGCTCGAAACGCAGCGACGACTTGCATTTTTAGTCGTGAATGGGCAAATCTTTGGGAGAGCGCGCCACATGGGGATGCGCTGCGATTGATTGGATACCTGCACCGGTTAAAAAGTACAGAGGGTGGCAGGCTGTTGTTCTCGCAAGAGGTATAGCATCCCGTAAACACTGTTCGCGGTAGGTTCAGTAAAGTCGATCTAGGGTTTGCGGGCTCGTCTATACCGCCCCCCGCCTCCCCGCTCGCAGGATCCGATGAGCCGAGTCATGCATTCTAAACATACAAGCCATTGCGATTTGGTGTCCGGTGGTGCAGCACGAACTCCGTCCTATGGATGGATACTGTGTCAGAGTTTCTTTGTCCCGTAGCTCGCGTTTGAGACAAG,1647,51.61,Homo sapiens
SEQ_741515,GTTAATATTATGCCCGGTGTCGTAACCGTGAGTCCTTACCGCCACGAAGCTGAATCATCTGGTTACCTCCACGTCTAACACGG,83,50.6,Arabidopsis thaliana
SEQ_772689,AGGGTTCTTTATCGAGGAGCAAAAAGTCCTGAAGTTGCTTGCAGGGTTCTCAGACTTGCAGCGAGTCTTTATCGAGGACAAATCAACTTGGTAAGGCTCAAGCACTAGCACTGCTACTGGAATGCAACACTATGTGGCCACGCAACCCAGAGTAATTTAGTGTAGGTTGAGGGTACGCGAAAAAAAAACGGTCTGCTACCTGGTTAGGAGTCCCGTAACCTGGTTCTAATAGAACGGACTAGTAGGTGATTT,252,46.43,Saccharomyces cerevisiae
SEQ_373557,CTCGCATGAAGGCGTTTGCAGAGAATCATGCCAGCCTGGCGGCACGCCGGCCTAAAATCGACACGATGCAAGTAACCGAGGTGCTGCTGTACCCCCCCCCATTCAATGCCACGAGAGTTTGGCATATACCCACAAAGCGGCAAATCTACTGGTAAGCCTACATAGTAACTGGAGTGGCTAGATTTGCAACCTGGCCTTCTACACATATAAAAATCAATCATGGTACCATGTTT,233,49.79,Arabidopsis thaliana
SEQ_155165,CTCCTCATACTTTAAATTGTGGCTACTCCGTCCGCGGATCGTTCAATATAGACGATTACGGGACGAAGGTTCCCATCGGACTCGTGACGGCCCTTTTTGGACGATTTATACGTAGCACGTACGCGCCTACAGTCATCCAACACGACCGTGCAGGACGTATGGCACGCACTTAAGCCCCGTTGGAGGTTATCAGCAACTGAGACGATTTGCCTTAAATTCTTTCCCGTCAATTAACGAGACTAAATAGAGTCTACTGGACCTTCTGGGACTGTGCAACTTTGCCTAACAGCCAGATGTAGCGAGAGCTCATCTCCCCTCTCTCGTAATGCAGCCGCTGAGGACTGATCTGTTTTAGTCCACGGAGCGCAAACGTCAGTAGCGTTCCGTATGAGAAGAATGGATGCAATTGGCATAATCACGGCATGGAGGCGTTGACGAGTGACGCTGAGTTCCAGACGCGCGCTATGAACTTGTCTATCAAGCGCTGATGTCCAACTCACCCGCGCCGAGGCGCCAACTTCATGACCTTGATCCCACAAGTTAAGCGGACGACGCTAAAGAACATTACTTGAGGATGTTAGGGTTATCGATGGATGTTTAAGCTTCCGGCACGACCCTCGGTCCTAGTGA,630,50.95,Mus musculus
SEQ_100288,ATGTCAAGGTTCGAGAACGGCCATCCAGATGGTTTGACAACTTATCTCCAAAATCCGTCGCATGTTCACAGTGGAGGTGACTAGCGGGGAAAATAGCAGGTCCGTCCAGTTGCACTGCCGAAAGTCTTGAATGAAAGCGCAGGTCCTGACTGGAACCTCATGAGGTGTCGTGTGCTCGTCGTCTCTGCCTATATTTATGCTCCCCCGAACTGATGTTGTTAAATTCTTATATACTCCCGGCTGGACTAACTTGCTGAAAGTTGTTCGCGGATTGATTCTATACGAAGTTGGACCATTCCTGGTAAAGCATCGACACCCAGGCCGGTAGGATCCCCCGCATCAGCGTTCCGGTAGCAAAAGTCGCCTCTTGGCATAGTCTATTCAAACCTGGATACGCTTGAAAAAGCAGTAACTAACGGGAGGCGCCCCAGAACTGCAGGCATGTCGGAATAGCGACTCTTAGGGTCGTGGTTAGACAAACGTAATCTTATTTCTTAACCTCTACGAGCACGATCCTGTCCGGTTCGTGGGTAGGCTAGCGCTTCAATTGCTCGGGGGATCACACTCAGCGCGAAGGGGTTACTACCGTCCCTGTAGTGCGTTTCGTGTACGCAGCCGTGGACGTAGGGTCAGTGCGCACCCTAACCATACTTGTGGGACTCCTATGTACCCCCCCTAACACTAATGAAAACCCTCGTTGTGTTATCGCAAGCGGGTCGTTCTTCAGTGCGCGTCGACTCGATGTGAAGACGTAAATACTCACCGTTCCTACAGGTTCCGATTTCTTGTTCCATAATTATTAATCAGAGTTTAGTGACGGCACTAGTGCAACATGCACTAAAGTTGTCCTTATGTGGTAAGAGTCTTTAGGTGCCTGGCTCGGAGGACACCGATAGTGAGATTGACAAAGCATGTCATACATCTCCAGAGTTCGCAGAAGGAGGGTGCATACGGTGTCCACTAGTTGCATGAATCCTAATGTTCCCATGCCATGTCGCTTTTTGTACTCTACCATTCTGAGAATTGGGGGTGTCTAGGTCGGTCTCCTTGGATGTTTAGCGCAAAACCGCATGAGCCAGTAATTATTTCGAAGTCACCTCGCAGAAGTCCTTGTCAGCGACGGTACCTCGTCATTACGGCAATCGGGGTATTACCCTAGTCGTATTGAGAGACATCTCCATGAACATTGCCTCTAGATGCACCCATAGAGTACGTAGCACCTTACAGCTAAGTAGGATGAAGAGGCGAGAAATTGGCAAGCCAATCGGAGGCCTATTAACACGGAGTTCCTGCATTTAAGCATTCGATTTTTTCGACAGAACCACGAATACCTCGCAGCGGCGAGCGTTTATATACTTGAGTTTAACGCATAGAAATAATACAACGCAGGAGGTGTTGAAGCGGGGCCGATAGGTACAGTTGTAAGTTCAGAATCCACGTATGCTGATCAGCAAAGGTCAAATTATAGCGGCTGCTCACGCGATGGGCCGCAGCAGCGTACCGCAGCAATAGGCTAGACATTTTGGCATCATTTTAAAGAACGCTGCTAAGCTCATGTCCCACGTTCTCGGCGAAATGATTGTTGGTAGAGCATTGCTAGTAATCGGTACACCTAGCTG,1619,48.98,Homo sapiens
SEQ_533171,TAGGTCCAAGTGGATTCCGCGCCGGCACGGTTGGCTCAGTCGCCACATACAGGAGTCGGGAAAACACCTTAGCTTCATCAAAAGAGATGGTTACCGAAACAACAACACACTAAATATACGTTTTATCCGGGCCGGCGTAATGGTGTTCATGTTAGGGATTGAAGTTCCCCTGGGGTTGTCGATATTATCTTGTTTTAACAGACAAAGACGACTCGAATATCGTCCAAGTAATGAACCTAGGAGCAGTGAGGAGGCTACTTCGGCAATAACCTTTCGTAGTTCGATTAAATGGAAAAGAGCGAAACTTTGATTCTTCATACCACAATGTCCTCGTCGGTGATCCCGAGATGGTCTAGCCTGCATCTAGGCACTCGTAACGTGGCGATAGGGAGGAAGCCAAGGACTGCCGTCTGAGATAGCCGGTTTTTTTTATTAGTCACCGGCAATTCTTACAACCTGCTTAACTCGTGATCCTTTCGCGTGACATTTCAAGCGTACAGAGGCCTACTTAAGTCTTCCAATTGGTGTAGAACGGTGGTAACGATCCGTTGTCGTGTACATCCAGTACTGAATAACCACAAGCCAGTTAGCCTGACGTCGTGTACACTCAAAAATTTCACAGCACAGAGGGATATACCTTACTCTTTAGGACTGCCCTCCAACCCACGATACAAGGAAGCTACCCTTCACTCTACCTCCCAGCTTTCGAGATAGTTCCGCGCCTATGTATGCTCCGCAGGTTATTAAGTGCTTCTGTGAGTTGGGAGAACTCGGTGAGAACATTTAATAACTAGATTCATGGCCCGTAGCTGTGCGAAATTTAACTGGCAGACAGATATAGTACTCTGCTCGCGGTAAGAATATGATTGGACATGACAGGTTCAAGCGTACCTCCAGAGGTTTTACATCGGGATGAACGAGTCGGCAAAGCTGGCACTTGGGACTGCTGGGTAGTCTGGGCGCACTGTGACTCGCGCTCTCAGTGCCAGACGGAGCGGAAATTCGCATTCGATTGAGGCCCATCCCCACGTTACAGCTGTTATTCGAATAGTCATTAGAATATTTCGTACCGCCCTCTCTGTTGTGGCACCCTGAGGACATTATGAGCTTGAGATTGTCTTTTGTGTTCATATGAACTTCGATATACATCTTACATAACGCTGCTCATGGCCTCTACCCAACTACAGTTTAATTCGGTGTCTCCCTACAATACGAAGAGCTCCAGGGCGTCAGCTTCGCCTGATATACAGAGGTGGGATAGACTTTGCCACAGGGTTGTAGATCACAACTGGCGGAGCCTTCGCCTCGAGCGCTGATTCACTATACTAGG,1330,47.89,Caenorhabditis elegans
SEQ_298151,GAATGTATTACGGATGCTGCATGTCAGTGATTACGCCTACCGAACTATACAGCCAGGACGCTTGCGGCTATGACGTTGCCGTTCACCAACGTTACCCGAGGCTCACTTCGTCCTGTAATTCCGCGCCTAGGTCGCGGTTAGACGCGTGGAACATCGCTCCTATCTTCCAGGCGAGATGACGTACGGCTTTATACAATCCGACTAAGACCAGGAGTCAGTACACTGTCCTACCCTTCACCCGAGAGTGAAGAACAGGGTCTTCGATCATGAATCGAATGGCTTACCCCTGAGTACGATAACATGTCCACACTGTGGTTATTAACCACGGTGGCCATCTATACCACATCCTTCTCCTAGGATAAACAGCGACTTTACTTAAATGTCGTCACTAATTCGCCGCACACCATGGGTCAACACAGTTCCCTGGTTGACCATAGTTAGAATAATATTCCAGACTCGGGAAAGTACTGGATATGACGTAAGGCGACACCAGGTATGGTCGCTAGATGCGAGCAGTCCCAAGAGACAACTGGTTGGAATTCCTGCCCAGATACGAGGTATGTCACCTCTGGCACCGTGAGCTGATATCTAGAAGCTCAAACCGCAACAATCCGGTTTCTTGTATTGACTGATCTAGGCAACAGGGAGAGTAAGTGCTACACCCTAGACCATGCCAGAATGGAGAGCGAAGGCACTGACATATATTACCGGCAACGTACCTAAAAGGTAGTATTCCGGAAACCCGACTTTTCACCCGTCGGAAGGCCGCTGACTATAAGGGTATGAAATGC,791,49.56,Escherichia coli
SEQ_930698,AGTGTATTTCTTCCTTTAACTATAAACTAAATCAGCCTCCGGGTAGAAGTTCGTCAGAGACAAGTGGCATCGGGCACACGCTACGTACGGTGGAGCTTTATTCCGTGCGGTGATAGAGCAGAAGCCAGGATAGATCTTCTGTCCGTACAAACGAAGTAGTTAGGGGCGCCATAGCCCAGCGGGTTATACATATCGTTTTGATACAACCAAGATGTCCTGACGACTGGGGCTTGGACGAGAACTACCCATCCAAGGACTCGAGGGCGTAATTGCATCGAGCTATCGGCGGCACCTAAGGGCATGAAGCAATTCCATTTGGCATTTTCAGAGTCAACGAAGCGCATGCGCAAGTCTGATCCCTAGGCATGTTTTTTAGAACAAGAACAAGTGAGAAGACGAGACAAGATAAAAGATAAAGAGCAAGTAGCATGCCTCCATCGGCAAGTTCTGGACTGACAGGTATGTAGCAACGATGTCGGGTATGTGCAATTTGAGCGCATGAGCTTTGCTCGGAGCTGATCCAGTTGGAAATGTTGACGATGTGAAGTCTAATTGAGTGGGTGAGGTCGCTGAGTCTCGAAAGTGCATAGCAGGGAGCATATTATCGATTGCGTTAGGGAAGCGGTGAACGCGGTGGGAGAGGCCGTCAAGAGTTTGTTCGTTCGGTCTTGACTCGGCTAGCTGGATATGCCGGCAGGGTAGCGTCGCCGTTCGACCCCAATACTTGAGCAGAAGCCCTGCCGGAAATCTGGGCACTCAGATGGTATCGCGTCCCACGCAGCATTCACGGGCCGCATGCATAATCTGTAGCAGCCGCTCCAGACGGCTGACTCAGATCAGGGGGCGATTGCAGCGCTCATTCAACGTATGTACGGGAGGCCGGCGTTGGAGCCGCTGAAGTAAATCATCAAACTACCAGGCATCCCGTCTCAGGTCGCAAATGTTCAACGAATTCAGCGTCAGACGAAACTTCGCCAGGGCATTCTGGTCCTCGCAGGGAGAGAAGCTAGTTTTCAGAGGATAATCTTCACCTAGCTGAGCCCGTTCTCAGGCGGGTGCTCTTTCGTCCGCCGATTTTGGGCGTTGATGATACTCAAGCGACTCCGCGGGCAAAGATCTCTAGAAGGATTCTAGGGAGGCTCGAACGTTCTTCAGCGCGTAGTTGATCGCGACTGTTACGTGAGTCGCTCGGTCCGTCGAATTAGTCACGTATGGGTGGCCTGGGGAAGAAAGATTCACTCGCGACCTCGACTAATAGTCAATCTCCCCTACAGATCCACGATGTTGCCCGTATGGAAATTTATTTTTAAATGTATCACCGGGTCGAATCCTCACTACTGGTTCTAGCGGGAGGCTCCTCGAATACTCAAACAGGCGTTGTTTCATCTTAGCCGATATTAAATTCCATGATGTCCCTTCACCTACCTGGAAGCGCAAGATCTGACCAGCTTTGGTCGGCTTTTCCACTCCTAAGAAAGCATGTTTAAGACGAGATTCACGAGATATTTAGCAGGATAGCTGAGACAGTACCGCATTTGACGACTCTTTTCGCTCAGTCTCTTTCTCACGGATCTCAAGACCGGTGTCCGGCGAGATTATGACCATTTGTTCGAGTTCCAAGATCGCGTCCGAGCCCAAGCATGTCTATCACGCGTTGCTATCACCCTTCATCT,1673,50.81,Drosophila melanogaster
SEQ_457941,TCCGAGTAACCTCTCCAAGTCGTCCGAAAGTCGATAAGTTTCTGACGCGACAAGAGAGAAGGTCGTTCCTTTGAGCTCGATCGAGTCCATAGGCTGATTCTATTGAGCCATGATCGCTTTACCCGCATGCAAGCTAGCCCGAAAGCTCCATGCCGATATACGCGACGCAAGGATGTCCGCCAAAACGAAGCTTTTATGTCCGCATCAACTTATATCTACTCCATGGAGGATTCCCGCCATGAATAGTTTGGGACATCGCCGATTACCTAACTCGCAATCCAAAAGTGCGGATTGCACAATGATAGAACTTATGGTCCTCGGCGGCACCCTTGGACCCGGAACGACAGATGTAGCCGAAATGATATATGACGATAGAAAAGATGGCCGGTAGCCCGCGGTCTACAACTTGAGACGTCGTATTCAGCTTAGTCCGCCAGCGAATATATTTTAACCAGAAGAGTATTGTCACATACGTGTGTTTATCAGAACGTAGTTGCCGGGCGAATCTAAAGAGTCTCCGACTTCGTCTATGATGGTTTACACATAGTTGAGAACTCGCATGCGTAGCGCATTGTAACTCTTAGTGGATGAGATCGAGGGTGCCTACATTGGCCCGGCAACACTCGCTCGTTTCCAAGTTTGGATTTAGGGTTGACAGTATAACCCTATGGAAATGAGCCCCAAGGACATACCTCTGGGTGGCACACGATGCGCAAAGTAGCGCGACGAACTTGGTGTTCCTTCTTGTTTGTGTTTCACGTTGAGACGGCGTCGGTTCTCTTCCAAGGTACAAATACTGCACCAGCGAGAATTAATTAGATGTGCCCAGGCGGCTGTGATACGGCGTCCCTATGCACCTAGGAAAAGAGATTGGATTGCATATGCGCGCACAGGCTGAAGTGCTCTGTTTCGGGGACGCCGTTCCATAACAACTCGAATAGATAGCCGGATGTGGTGCATTTAGACGGAGTTCCATGCGATCCTTCAGCCGGGTTGGATAGTTTTAGGGTTCAATATAAGTAAAGTATCACCGGTGGTCAGTAGGCTGAGTCTGGTACCCCAGATTAGCCATCTTGCAGGGTACCTGAGCGTATAAATGCGGTGTTTCCTGTAATAGGGAAGCCCATGGTTTTGCGCGTTGGGTTATCTCATGTGGCAGAAGCCCCACTAGCCCGAGCTCGCTGGGTGCCGAACCCCAGCATGGTTTCACCCAAGTGACGGTCCAAGCAATCTTTGGTGCGGATGGACGACAGAGGCGTGTGCAAGGCGATCCGCGTCTGTCCCGCTTAAAGTGTAAACCGGATTCGGGCCCGGAGTTTCTCCTGCATAAATTGCACCGTCGGGCTATTATCCGTGAGCTCGACAAGCCGAACCTTTAGTAGAACGACAAGATGGTAGACCAAGCCGCGTGTCAACTATAGTAAAGCAAATCTGGATTGCGAGAACGCCCTTTAAGTTGATGCAAGTTTCGCGTAGCAAATAAAACGTGAGGATAACGACGCAAGGCTCTTTTAGCGCGGTATCATACAATAAGGATTATTTGCCTGCACATCGTTAAACACGGCGTTGTGTGAATCTATTTGCACATCCGAAAGCGTTACAAGCCAAACCTTATTGGAGGCCACCCTTCAAAGCCATGGAACGCCGTTCAACACCCGCTTTCATCATAGGTCATGCGCTCCCTAGACACCATATAGGGGCTCGAGTTAGCATTTTTCCCTCAGTTAAAAGAGTCGTTTAGGTCGGCTCATACTTATAGACATTATCTAGCGAGAAATGATTAATGAGGTAGTCGCCGACATAAACTACCAAGCCCTAATTAGCGACTTGATTTGCCTGCCGTCAATGCTTAGAAGAGATAGAGCCGTGTCCGGTCTATTCTAAGTGGACAAGTGCTTCCACGACTTACCTAGCGTAGATTACGACAGGTGGCTAA,1936,49.07,Mus musculus
SEQ_179780,ACTCATCGCGACACAAGGATGCAGGCCTGAATTCAGGGGTCCGACTGTTGAAAACCCGTCCTGATGCGCTATATGTTTACGTGATCCTTCCAATTCGCATGGTACGCGGTACTCTGTAATGTCAGCACATATAATGTGGGTTGATTTTTGATGTCGGGGCTCGCCACTCAGTAAGCTAGCGTGCGGATCTATCGCAGCGAGCCTATTAGTTAAATATCGACACTGCTTAGAATGGAGCAGAATGACAAGGCCGTGTGGACATCCCAGTCGGACCTATAGTAAATGTCGCCGATTCATACGATCAGGTCCACTCCTTAAATACACCTAGTTGAGGAAAGAATAGGTTGTCAAAATGAATACGCGGCGAGTGGGTAGCGCTGTATAAGGCGAAGCCGGACACAAAGGTCTCGGCTGTCCAGGCACGGCAATTGCCGGATTTCGGGGTACCTGTTGTTGAGCAGCTCCACAGCGTAATGAGCCTAACGGCGGATCCTTCAGCGCCTAGACGACAACATTGCCTGGCGTGACGGTTGAAACAATATTAGATAACCCGACCGAGGGACTCTCTACCTTACCTAATACTTGGCCGTTCCTTTCGTGGAAGAAGGTAGGAGGTGTCAAGTCAAGATTATGATTCTGGTCCATCCATGCTTGATGAGCAGGTCCGTCCGAGCTCTCATTCATTGGAGGCATTTGGGTCGTCCCGGGATGCCTAGGTGATACGGTTGTCAACGAGCGAGCTTGCACTGG,750,50.8,Caenorhabditis elegans
SEQ_891502,AAATGTCGGCGGCTCCCAATTGATATGCTGTATCAGTTCGCTTACATAAAGAGGTACCGCTACCGAGTGTAGAGCGGGGCCCTAGGCTCTCAGCGCTACTGTGACTAGGGTCGTATCAACGCGAACCCAGGAAAGCATACGCCTGGCGCCGCCCTGACATCCCTTATGTCCGCCCTCCCAATGGTCATGCTCGTTAGGGCAGACAAGTTCTCGAGTGCTAAGATAAGCTTGACAATATTCACCGAGTTGTCTCCCTAAATTATAGGTTGCACCAGTTCGGTATCTTCACTCATACCTAGCCCCGCCTTCGAGCGACTCCAGATGGGATGAGCCCAGCGTACCCGTTGCTTGCACCAGTAGTAGGTACCGGTTCGCTTTAAATGTTCGTCGCGCCTACTGTTGCGGTGAGTGACGCCGCAGGAGAAAGCACCCCTATTGTAAGGACGGCGAGGTGGTGTCTTTGTATTGTCGAAGTTACGATGTCCAGCTGGCGTGGAGGGGCTTACAGTTGTGTTCGGGATCCTGCCTGTCACGTCCCGGCTGTATGGGGGCACTAAGCGATGGAAGACTGTTGTGCTCCCAGGGATTACAGGATGTAATATGTCTTGTATTGGATAGGTAGATTCCAACCGGTATCACGATGGGTGGCACCGAATAACGTGTGCCTAGCGTATACAATACCGGATGTTATTGGAGGTTGGAATAGTGTGTGATAAATGAGCATCGACACTGCCTTGGAGCCGAGGTTCAGGCAATTTCTATGTAATAATGGTCTCCATACGAACTACTAGATCATCAAGACTAAAGTCTCAACGAGACCATACCACCTGTC,832,51.32,Drosophila melanogaster
SEQ_690524,ACTCTTTTATCTAGGCTTCTTCATCAACCTTAGGGGGGAAACTCGTTAAAGATTCAGGGAAAGCCCTTATCAACTGCGGCGTCATCATAAGACCAAACCCTGAGAGGACCTGAGAAGCCCGTGCGCCTCACACGAGGGTGCTCGTCTGAGTAGCCTTCTCCTGTCACTTTGGCTCACCCGTGTCAGATCTCCCGCCGCCGTACAGGCGTAAACTAAGCGCCGGCTTGACTAATCGCTTCGTGATTCCGGCCGTCATCTCTCGGCTCTAGTTATATCGACGTATTTGTGTGGTCACGTGGGTCAGTCATCATAATATAAGTACCAAGCTCGTGGACATCTATGGGGCGGGAATGGCAGGTGTACACGTAACCTCCTTGGGGGCGGCCCTCTGATTTCGTGCTTGGGGTTAGTACGCAGTAGGGAGTATCATTAACCATCGTCTGAGAGCGTTCCAGGGTTATGTCCGTTATGG,472,52.54,Escherichia coli
SEQ_799133,CGCGGCGCAGCCGTAAACCCCTCTTCGATATCTTGCTATATATGGTGCTACACAGTTGCTCGTTCTTAGGGTAGCGCGAGGATCCATCAGCCTAAAGTTTTAAACGGACGAAGTAGGATCGCGTTGTATTATCTTCTTTCCACCTTGCTGTCGAGATTTACCAATTGACAGGTACTTATATCCAGTAATGAAACGACTATAGGAGTCAGCGCGGTGAGATAATAGGCTGTCATAACACTCGATCTACTCTTTTCTCTAATACGGGATCGACGGGATTAGGGGGTGCTGGTATAGTTGGATAGGCGTTTATACGATACGAATGTAGCTGACTAGCATGCCCGATGCAGTTTACTGACGATCCCCTGGTTCGTGTACGTCCAACGGCTGAAGAACGGCCTCGATTGTGGTTTGGATACTCGGCTGAATAGGGCGTGATCTTCACAGCCATTGCCGCTTTCCAGTGGAGAGCGCACGCTCAGGAACTTATCAATCGCCTTTGGGCATCAGAATATTGCCCGTTGCTGATTTGGGAAACACCAGGCAGTTCTCGAAAGGATGCAGCCTTTATCGCCCCCCCGGCTCATTGACCAAGATTCCACCAAGGCTCACCGTTCACAGAAAATCGGTTATCAACGGACACTTTATAATATGACTTTACTTATCCTTGAATTAACTTGTCGGTCTTTTGAGTGAGTGACTTGCCGAAGCTTGTCTGAGACTTCTAGGGCTGCGGGGTTAGCCCTAAACCGCGCCCTAAATTCCGGAGATTTCCTACTTTTGTTCCTTATCGATGTCACCTCTCTATCCCGAGCTAGTATAGACGCCTAACGGGTAATCGACTTGCTCTGATTTTGCTAGTCTGGTAAATGCGCTAGACTACTTAAAGCTGACCTGAGTGGAGTCCTGCGCCGATCTGAGAACCCGACTTTGGGGGTAGAGTATAACACACAAAGGACGATTATCTTGTTTATTAGACCAGCGGAAGAAACTACGGCGGTCGGCAGTCAGAGCCTGAGGCTACTATTTAGATACCACGGTACAGATTGTGTTGAAATGGGCCAGCTTATCAGCTGTGAGTATGGATTCCAGCTTAACAAAGGCCCCCATGTAGCAAGAATAAGAAAACGCTAATCGTACACAATTGGTCTTATGTATGTTAGGCCTATTTTGAATTCTTAAGGCTTGCTATCCGGCGCAGATCGTCCGTAGGTGTAACCGATTGCCAAGCCACGCACTCCGCCGCGATTTAGGATGAAGAGCAGATAACGGCCATACGACGTAACATACGAATAAGGGTAAGGCGGTCCCTGAAGTCGCTCACGGTCTACACAATTGTCCGAGCTAGGGCCCAGGCGCTTTACGCGTTTGAGTCGAGACTTACATGACAACAAGGTGGATTACAATAGCCAGCATAATTCTCCCCAGGAAGGCCGCTTGTCGCAACGCCACCGCCTTCAGCCACGTGCAGCCGATAGATTGGCTGCACATCATTCTTACATCATCTAGGCAGTACCTGGTTAGACTTAGCAACCTTAATTCGCGGAAACATACCCAGTAGGTCCTGGACAAGACGGTCATTCAACTACGGGGCCCAAGAGGCAGAGATAAAACCGAATATCGATGTAACCAACAGCCGAGATACTTTTGCGACATGGGCAGTTACATAGGATTGTGCAGCGGCCAGGCCTTTAAGCCTTGGCTAACACGATACCACGTGGTGCCTATAGGACGGATCCTAAATTCATCGAGGATTAGAAGCTTAGCCCCGAGCGTATTTTTCCCGGATTGTAGGGGAGTGACGTTCATGCAAGCTGTGTTACAAATGGTGGAGGTATTAGGTCCAGAGGCACACTGAGATGAAGCACCGG,1868,48.77,Mus musculus
SEQ_342782,CGAGGTCTTCAGACGTTCGCGACAATTAACAGCCAAGAGACAGTACGGGCTTTCCAGATATGTCCAGGCAGAGTTAGCGGCACAGCCCCGGCAGGCGACAAATGGATAGGTGCAAAGTCGGGATGAGTACGATAG,135,54.07,Homo sapiens
SEQ_802460,CCGTGTTGGGACCCTCGAAGCAATCTAGGTGGTCCGAATACTATCCCAAATAGTACTTATGATTACAACTCCCTAGGTCGTAGTACCTCGAAATACTTCACTTACTCGGAGGAGTCTAACCACCATAACTAGCTTTAATCACTGGGTTTGCATTGGCGTTAGCTGCAATATGCCCCGGTGCTCTCAGGCGTGGAATTCCTTGTCCTTTGAATGATTCTCCGGTATGTGTTGTTAATTCAGCACAGCATGATTCGGCCGACGCAATCGCGCTACTCGGAGTGCGAGAGGGAGGAGTGATAACTGGGAAGGGAACGTTCCGTGCCTCGTCTAGCCTAACAAGGGCATCTCCGCCAATGACTAAGCTCGTCGGTTATGCCTATCTTCTGTTCATTCAAGCACCACTGCATTGCCCGCTCAGAGTGGGACTTTAACCTCAGACTTCAACGCAGGCACTAGCCGATGGTTGGGTTCTGACGCAGATAGGGCATATAGCTTCGACAGCGAACATGCACTCGCATGCTTACAATCCCAAAAGAGAATCAAATCATACCGGATGAGACCTAGCAACACGGCGCAACAGGAGGACGAGCCGTCTTATTCCGATCTATCTACAATACCGGAAAAGGATCCTTTCTTTGTCACGTGCTAGGCTCCGAATGGTGTACCGCCTGAACAAGCGGCCATTATATAGTTCTCGGATACGGTACCAAGGGGGATCTCGGGGGCCACTGCACCTTATTGTCACGGCACACCCGTAGGATGCAGTGGACTCAGGGACATAGGGAATCTCTCCTCGCCGTCATGATAGTCCGTACTGATAAAGTATGTGTCTAGGCCGTTTGTATCGGCGCCGCACCTGCCAAAAGTATCACCGCCGACCCTTGTCTTGCCTGAACAAAAGCCGTGGGGGGTGGACTAAGTTGCTATGGCTCGAATTCGAGTACATAAGGTACGTTTGAGAGTAGTTATATCGGTTGTCATGCTATTTTAACTTAATAGACTGTAAAGGTGTTGGTTCTGGCTATATGATAAGTTTTACGTGTTCAAGTATTTGGACGTTATGGTGATGGTGGGCCCGCGGCTCGTTATAATTAAGCCTTTCCGGTCAAGTCACCCCACTAAACGAAATCCGGCAGTTGCATTCAGATACCTTAGGCTTTTGCGTTCACGTCCACAATGGTTAGCATGTGTGGGGTTTTTAGAATGTCGATCTCGTGCTGGAGTATAGGGTCAGGTCCCCTGTTTGGGTCTTAGTATGATGCGGAGCTTGGGCTCCGTCGTTCGTTCGAGTACGGTATGGGATCTCCGGATCTCTGAACATTTGATTTCGTAACAAACGCCTGCCCAGTATCGGCACCACGCAGCGACGAACAATGTTAGATACGTCTCAGCTTAGACAATAGTAGATCCAACGTGAAACGTCACTGTGCCCGAACTGCTGAGGATGGTC,1450,49.59,Caenorhabditis elegans
SEQ_668753,TCCCCATGATGGTACCGGGTACTAGACCCTTTACAAGGACACCTTGCTTATTTGCTAAGGTCAACCGCTGCGCCATTACACACGCAGCATTAGGTCATAGACGTATGCGGAGTAAACCCGTGCTGCCCCTGTAACGCGGCTCGTATCTCCCAAATTCGGTGTTACACGTGTGATACACCACGGAATCAAAGAGGATCTATCAATACTAGGACTGATTGCTAAACTGCTGAGCCACTCTCCCTGTCGAACTGT,252,50.0,Saccharomyces cerevisiae
SEQ_883000,CTTATATGTGCCAGAACCACTTTCGTAGAGCAGGACTATATAGTTTCGAGGGAGCGGCCAATTGCTACGTCAGACTCCGGCTGCAGCGCTGCCCAGTGTTCTGTGTTTCATCCGCAGACTACGAGGAAATAGACAGCTGCGGCTCATGACTTCTGCATCTTTGTAGTCTTCTTGATGCTGATAATCAGAAATAATCTTCCCCGTTTGGCGCCGGGGGCTGTGGCAGGGGTCCGAGCTCGGCGACTAACGGTTTCTCAATCCGAGATGTAACCAGAAAGCTAATTGCAAGATTGCGATCGAATATAATTATAGTGGGGAGTATACGTTCATGGCAGGGTTTAGGTATTAGCAGTCGTAAGTCATTTCTCGAACCCATGGAGTGCTAACATCCGCCGTCCCTTTGTCCCGGTTTTGAACTGACTCCTCTAATCGAAAGGAATTTTTGGCAATCTGCGCAAGTTCTTCGGATTACCCTGGGTACTCATCCTCGGTGAGTGCGAGCCCAACCAAACCGCCCAGGCCTTGAGCTTTGCGCGTATGAACTATCTTTGGTGAACCACTACACCTGGTCCGATTGGCAAAGTACAAAAAGTAGACAGGTACGGGGCCCTGAGACTGAACATGTCTTATAGT,633,49.45,Arabidopsis thaliana
SEQ_697045,CCACGGCGTCCGCTTTGCTTCGCTATTCATGACTTTTCTGACCCAACTTGCGGCCCCAAGTCATGGTACTCGTGGGTAGTGTTTTAGGATACGTAAATTGGTCCCGTAGCAACGGGCAGTAGATGTGACCGCGGTCATCAAGTTAATGAAGGAGGGTGAATTGGCACGACCTCACGATAAGGGAAACGGAACGCTTCAACGAGGAAATCCAAGTACACAGCTGGTAGTGATATTCGTTGGTCATGGACGCGAAAGGGACAAAATCGCCCCTTCCGTCTAATAATACGAGGCCCTAGAGCCATCTTTGTAGGGAGGTCGTCATGTGTAGGTTACGGTACGTCGTGAGATTTTGACGTTCAGACCCGATTTGCAGTTTTCCACTCGTAATCGTCCCTGCAAAACCGGGCAGCGGTAAGGAGGTAGTAAATTACTTTGTTTGTCCTGTAGGACTGGGGCTGCTTAAAGATGGCCATGCAGCGCCCAGCTTTGGGAACTAACAACGCCTGTGTTTGTAAAGGTCCGGGGCCCACGTTGGCGCTCAGAACAGTCCGCGCACTTCAGATGCACCGGCGACAGAGACGTTCCATGACTATCGGCATGTTGAAAGGTATGGCTCACCAGCCGCTGCTTATGACTTGTTGTGCGTAAAGGAGCGGAAGGCAGTTTTCGCCCATGCCGCGGGGTCTTGGTCTACGTATTACTCAGAGTAGGACCTACCTCGATGTTTCAGGTGTCAGTGCGCCTAACCCTGGCTGCTAGAAACAGGAACAAGATCACACCAGAACGGGACTCGCGGCGTGGCTCGAGGGTTCCAGCATAACGCCAATTATCTAAATGTGCGTGCTAGATCAATTACAAGTACGATGAAAACGCATAAGCAACTTGGACGACTAACAGTCACTCGAAAGATCTGGTTCCGCCAGGTCATTGCGATGAGGAGACGTACCCCGGCTCTTCCCGAACAGGTTATCGAATGGAATGTTTCACCGTCCGTGGCCTACATTTGTCCGTTTGAACGTCTATGTCTCAATTGCACTTTCCAGGTCGAAAGGGTCCACTGGTTCCATCAATCAACACGCCTTAACCGAATCTTTCCATACCGCTTTCCTATACATCGCACCGAGAACTTTCACGTAACGAGCACGAGTGGGGAAAGTTGGATCATCACATGCTGGTAGCACCTAAAGTCTCCTAGCGGGACAGACTTGCATAGCTAAACACCCCCCATATGTCTAAGCATATGACAGGCAAAGCGTGGCCGAATAGTCGTGAGTCAAGGGGGGATTAATAGTGAATTACTGTCAACGGTGACGTATCGAGGAATGGGTGGCCTAGTTTTTAGCTTACTTCGAAAACCTACCGAATACGCGGCTCGTTTCAGTCTAAAATTATGGGTATTAGAGCCCTGCTTAATACTCGCCGAGTATTAAATCCTTATTACGCTGTCTTGTGGCAAGCTGCTTAACTGCCGTGTGGCATCACCAAGACAGCGTAACGGCCGCCGCTGTTTTTATGCGGAAGTATTGGCGGTGCAGCGTGCACGTAAATAAGCTCATGGCATGCGCGTGCGACCGCTGACAGGAGTATCGCACAAGATGCATTCACGAGAGGTATCTACTTTACATTAATATTGGCGGAGCGATCAGTGGGGAAACTCGACCCTCGTAATCGTATCGAAAGATTTCTAGCCAACTAGTGGAGGTACTATACCTTATATCTTGTTATTATTCAATTAAATCGGATTCTGTTGGTCTTTTGACCAACCGATCTGTAGGATTTTTGAGGAGCTAATCCTAACATCCGCGCATGATAATCAATTGGTAGCACACAAGGGTAAGCCATAGAGAGACAGAGCGTCCAGACAACGGCCCCGTGTGCCAGCTCGACTGAAGCTACCCCATCTGAGGTATCAGCTCATTTCTTAGCGAGCAGCTCTAATT,1940,49.54,Mus musculus
SEQ_918251,CGTAGACGAGCCGTGGTACAACCTCCAAACCTGCCTGGTGCTAGAGTTCGTACTGACGGAAAGTTCCCAGGACGCAAGAAGCGTCTAATGCATGTCAGGTTGATGTGTCTAGCCTGCATTAGGAAGACACTTTGCAACGGTAAAATGTTTGAGCGCACACTGGGGAACGCAGGGCACAACCCCATTGGCGGACTATTCATTCCGTGGTTACAGCAGTAGGTGTCGTTTCGGCTTGCTTTGCTGCTGTGAACTCGCGGAAGGCCAATGCGTCAGTATACTAGAATCCCGATTGCTTCAACTACCTCGATTTGCCCTCACAAAGCTAGGCAGCCCGGTCGCTGGATAGCACCCCATGACCCCTCCACTAGTACGGCCATTAATGGCCGAGTCCATGATAGATGACCACTCTACCGGCTACCTGGATTTTCCCAAGCACTTTCAGCGTAGCTTCATTGCTGCGAGTTTGGACGTGTATAAAAATCAGACTAACGGTCTCCTTGGTTAAAGGTTTGCCTTAACGCGTTGGGGCGCTCATCTGCCATGTGTTTTAGCAAGGTAAGAAGATACAATTTGAGAGGTAAAACCGATTTGTTCTGCGGGACGAGAAATTAACCGACAATGGACTAATGTCACCAAGGACATTCTTAGTAACCGGTTTACAATTTATTGTGTTGATAGCGTTCTAAGGGAAGCGATTCCATACATTAAATGGAGAACGTTGCAAGTCGCACTCAATGGCGATAACTAATTGGGACCTCTTTTACCCAGCGACAGGAAACCGCCATCCCAAGTCGCTTACTTTAAATCAGCACATAGGGTGGGTTGTTGGAAAGACTGCGCTTAGCTGAGCTAGGTGCCAGCATATAAAGTTCATCGGGAGAACATGGCAACTGTGGTGGTCAGCCTGTCTCAATTACTGTCTGAGACGGTCCAAACTGAACCAGACTCCAGCGACCGGAGGGGTACTACATTCTAGTCTATAGATTAGCAAATTTAGACGCCATCCATGTAAGTATCATCACACTGTCTCACCCAAGCTTCGGTCATAATCTACTTCCAGATCGACGGAAACTCCTGGAGGGCTACGTCCGTTTTTCCACTTGGGTCATATGAAGCGGTTCAACAAGGTGATGACGACGACGTCGACCACTACTATCGGTCGCCTCAAGGAATTACCCAATCGCCTACATTTGATATCCTTCCTGAAATGCGGCAGCGCCCCTACGATCAGACGGGGAGATTACCGGCCTCATGAACAGCGCATGTAGCGCCACTTCGAACCTCCAGGCGCATTCTATGTGGACAAGGCCTCGTGCGGTTCGGGATACCCTCGTTGTAGGTGACGTAGCCTCTCGCAACATGCCGTAACGCTTCAATAGGTAAGATGGCAAAGCGACGCGATCATTATATCGAATGAATATCTTTCGACTCGGGACGGGACCCACTTGATTAGGAGAATCTTGAACCAAAGATATTTTGCCCGTTGGCCTATGAACGATTAGTGTAAAAACTATGCGCTTAGACGACTAACCTGACGTCCGGTGGGGCAA,1550,49.23,Mus musculus
SEQ_758269,TTCCGCGCGAGTCGCATCGTACTGAAACACCAATACGATTAGACCGTGTCCAAATAACACCACCTAAGCAGACTCATCCTATGAACACTATAGTTTTCTTTTACGGTAGCGGCCAAGTGAGTGACGTATTAAGGCCGTAGCTGTCGGTCTGATACGGTGCGTTGCGTCACTGGCCAAGTGGGCACCCCATGTGTTATCATGCGAGGAGGTCTCCAGCGTGAGACCTCCTGTCGCCATTGTCCGTTTGTTAGTTTGCTGGCCTGACTCATGCCAACAAGCCGATGACGTCTGGCCACGATACCCTGATGATCCTGTTAACCGGATACCCTAAATGCTGTAGGCATACGTTCCAACGAGACAAGTTTCGTCAAGCTCCCCACTGCATGGCCGTCGTTTGCCCTCCCGACGGGAACAAGCTTCGACACACCGGAGGCCTACGCATCACGTATGTGTTACCTCGGTGAAGCATAGGTCATGCTTCCAGCTCATGGTACGCAGCTCAGGTGAGGTTAGCAGGAATACTTCTCTGGCGAAAGTTTTTATTATTTAAAAACAAGTCGTCATGTAGATTAGATACCTTCGCTGAATAGCCTCTAGTGGGCAAGCTCTGTTGAGACCATGACGTGGACGATCGGTACAAACCCTCTTTAAGGGCAGCCGGAACGAGCTTATTTATAGGGGGCACGGTCTGGTCGAATCGGCCTTGAAAACTGGCTCGCGTTCCGATGGATAAGACAGTTTCTATCCAAGGCATCGTCGGCCTACTGAGAAGAACGTAGTCTCTCCACGACAAGAAGACTAGGCATTTGGCAGTCATAACTAAAGTACGTTCTTGTGAACGGTGCGCGTTCGACACGTAACAATCGACCAAGTAGCTAACGCTGTGCACACTATTCTTCCCGTGGCCTTCTTATCAGTCCCTGGGGCGCCGGCTGTGCGTGTGAAAACTCTAGCTGGCTGTCCGCCGGGTGCACCCTGGATGACTTAGAAAATGGTTATCTGACCCACTCGCACATCTATTGCTACATCGTACCTCAACTGTGTCACGCTAACCACGCGTCTAGACCTTTGATAGATCTATCGATAAAAACAATCAATTGTCGGGTGTGTGAAGTCTCAGCCTAAGCAACGCGTTCTTATACGCAACCTTACACCACTTACATAACTCGAGGTGATTACGGGTTTTCCCTACCATGCGCTCGGCTGTGGCAATGGGGTGGTATGGATTAATTACCTCCGGATATATGGAAGTTATCGTAAGGGGGACTGAGGTACTGATGACACTCAGCTCTTCCGAGTTTTGGTAGCCCTAGCCCAATTATATGGGCTTTGGCTTATCGGTCCTCCTCACCACGTATTCGTATCGGGGCTTCCTGGCCGTATGTTACTCATTCTTGCAGCCACGTAGCCTACATAAGCAGAAGCCGGTGGGCGAAGGATAACCACATAGTGGCGTAGGACATGAAGATTTGAAAGAAGGCT,1482,50.34,Escherichia coli
SEQ_556808,AAATCGAGTGGATGTTACGTCCGTGAGGCCCTGCGGGTAGGCAATAGTTGTGTTAGCATCTAGCGGAAACATGCGACGCGCCCTAGACTCCACTTTGTACAGTCCGGAGGTCAGGGAATCGCACGTCGACTAGCCAATTGATCGGCAGCTAAGAACCAGTTGCTATTTGCGCGTTCAGCCGGCAGTCCGCGAAGAGTGGCCAAGAACATCTCTCGGGCAGTA,222,54.95,Caenorhabditis elegans
SEQ_542368,GGTGCCCATCAGCCTCGTGACAGGCGCACTCTTGGGCGGTTCACATAGCGTTCTCAGTGTAGGGGGCGGCGGGCAGATTCTTTCTTTATTCATGGTCAAAACGTGTCTGTGACGACCCAGGTCCGAAACACGCGCCTCTCCAATGGAGTGCCCTGAAGTCCACTACGGGTTAACGACATCTTTTGTGAGTTAATTCTTTACCTACAGAGCGCGGTGAGGGGGGACAAGGTACACACGCGTCTTTTGCGTGCGTATTACAACAACGGGACAGCAGATCCTATAGAATAAGATATCCCAACGTTTCGCCCCTCAAACGCGCAGATCATACGAGGTCATGTTGGCCCTCCCCGGGACTTATCCGGTCAGCGCCCCGACTACTGCTCGGGGGGCCGAAGATTACAATATGATGAAGAAGGCGGTGTTAACTATGACCACGAAAAAAGTCTTGATGAAGTCGAGGACTACCAACTCCAACGACAAGAATAATCAGTTTGATAGTCAACGGTGGCCCAATCTTACCAGCTAGGGCGGAACGGGCTTCACGTGTTTTGCTAATTCAGGGTGTTACTGGACGAGCGCCAGAGACCTCTTCGGGAGGATATGCCTCCTAACTGACAACTCAATAGAAGGGTCTTGATAAAGTGCGGTAGCTGCCAATTTTAGGGGCCCATGAATTTTACCAGGTAAGGGGATACCTCGGCGACATGATGACTCCGACTATGGGAGT,727,51.72,Arabidopsis thaliana
SEQ_313128,TATAACGAAGCAGTACAGTATAACGGGTGCTGGTACTATAGACGGCGTAGCTTTCACCCGTCGTGCTCCGAGTCCTCCTTCTCCCTTCTGGAGTCTACGAATGTAGGGGACATGCAGTATTTGGACTAAGTGTATAGACGC,141,49.65,Mus musculus
SEQ_956711,ACTTGTCGTGCCGACGTCCCGCCCAGTAGGTGTTGACCATAATAGTGGTAACACGTTCTGGCCGAAGTCCCGAGTTCTGGCGCTATGCGCATGACCTTTTATGTGGTGCCGCATTTATGACCGGACAAATCATTTACATTGTCACTGTAGTCGTGCTCAGTCATGAATAGTGACGCGAGGACCCGGCCCGTTGGACTTTATAGATTCAGCTTCAGTTGCTTCGAATGATGAAAACCACGTCCTACGGGCGGTCGGCGTTCACAATTCCGGGAAGCTAGGGCGACTTCACCGGGCTCATGGCCAAATCTCCTTGGGCATGTGCGTGAGTCGCGGTCGACTTACCATTTGAAGGGGTCGCGGGTAGACGCCATTTTTAGAATGACCCGTTGCGAGCTTATGTTACAGGTAAGGCCCTAGATGCGCAATCTCTGAAATGCTTTCATCCCATAGCTG,453,52.32,Homo sapiens
SEQ_253877,TATTCATGCATGATGGAGCAGACCCGCTAGGATCATTTTGCGTAGTTAAGACCGATATGCTGTGACCATCCCCTACTTACGTAATGGAGAGGTTCTCGTCTGCGGTGAGTGAGGCAGTGCCTATATCACCTGTTATACCTGTTGTTAGCTCCTTGCATACTACCAATTAATTGCTCACGTGCAAGATGATCACGGAAAACCAGACATATATGGGACGCGTCCTA,224,46.43,Saccharomyces cerevisiae
SEQ_128209,CCACGACAGAGGAGATACTACAACGGTGGCACGATTGCCCCAGATATCTTACGTGTGGATTAAAAATGCGTTGAGTCTGGACAGGTGAGTGTTAGTTCTAGGGATTGCAAGAATATTCCGCGAGGCGTGACCATATGATGTGACTAGGTGAGTCACCGGAATTAGTTAGGGAGGGACCCGCGGTGTTACTACATACCAACTTAAGGACCGGAACGGGGGAAGGTCAACGCCGCATAATCTGTGCAACTGCTAGCTAAACACTACAAACGCAGGGCAAAAAAAGAGAACCCCAAACTTATACAATAAGACTCTTCGTTCATGACAATAATGAGGACGAGCGGTTGACGAAGATACCCACATCTTTTGCGTTAGGTTGCAATAAAGCGTTGGGATGGCTAGTATTAGCCAGACATTCGCATATGCAAAAGATGGACCAAATAGACATAAACCTTATGGCGAACCTTTCTGGTGCTGGAGAGAGCTATGAGTTACATTCTCTGCTCAAAATCAAACTTATTTGTCCTTGGCCCCCTGGGCATTGGCCTAAGCTACGGAGCTGAGGCCAAGACTGGGAGGGATCTTTGGAGATGGCCCGTACCACAGGTCAGGTTGCTCAAAAGGCCGACTACTGCAATCTTATCGCTACGCCTAACCTATCCATGTGGCATAAATTCTACATCATACATCGCTGTGTCGGATCGAACTAGTCGAAGACAGGCCTTTACTCATTATCCGACTGAATCCTATTTCCCGAAAATGCCTGGAGTCGTTCTCCCTCCGAGCTGCCAGCTAGCCGCTTAACAGGATCCGTCGTCATGTAGTAGTTGGTGTCACATAATGAGGCTCGTGGATCGCGTACTAGGTCCAGTGTTTTGCAAAACTCAGTAATTCGGAGTGCCCTCCACTCCAATCTATTCCAAGGAGGAGGGAACGGGCGACCTTACGCGCCTATTCAGCTGTGTCGATAGACCACAGTAGCGTAGCGAGCAAATGTGAATTCGGGTAGAATGATAGCAGGGAACATATAAGATGGTACCCGACTGTAAAACTAATGTTTCTGTCCTGGCTGATTGTACCCATGCGTCCTCAACGTCCTGCCTCGATCTTGAATAGATCTAGCGGCGCGATAAAGGGGGAACCAACAGCTTCGATTTCCCAAATGGCAGTAGAAGAAAAAATTTTCGTTACGACAAGAAAAGTGACTCCTCCAATGAGCCTTTTTCGAAGAGGGAGGTACTAATGTTAGTCAGTCCGTCACATGGCGACGCAGGCCATCGGGACTTACTTGTCATTGAGTTAGCAGCTAGCCCCGAGAATTGGTTGGATGCGCACCGCCTGGGTCCACAACAGTGCATTATCGTGCGTCCACGTGGACCCCGGCTCTACTTCTATCGCATGCCTCGAGCCCATTCAGAGTACGGCCGGGGCACGCGTGCATGAGAATGACGCAGCCGTGATCGTAGAAAAGTCCAGTACTCCGTTATGATGTTTAAAGAGATAGGGCCGTAAGGATGTGGGACCCAATATAAGAGCGCCTTATGTACTCTGTAGAATAGCGAAAAAATTTATCTTGAGTCGCATCAAAAATAATGATTATACAGACTGGCGATCCCTAACATGTGCACACCATCCCTGATATAACGAACAGATTATTTGTAGAATCTTAGCCGTCGCGTGGCGAGCACCGTACCCCGTAGTACGACTCGTGACATCATCGTATGTACGCGCCAGACCACGGCTGAATGGCAATGCAGCAGCATCGCTTTAACTAAGTCAGTGAATCGGCTCGATAGGATGTGGCC,1802,48.67,Mus musculus
SEQ_151672,TACTGAGCCACGAGTCCCCTGGGACTTCGGAGGAGGCTTCGTGCAAAAACCTGGTTGGGTAAACCCCATGGCGCGGTAACTGGCTCCGCGCCAGTACAGTTCATTTTCGCCTTTAAATGACGTATGAATTTCGTATGCTCACCGCAACATAATCTGCTTCATGAATTCATTGATAACCGTAATATGCAGCGCGAAACGAGAAGGGTAGCAACCCGGTCCTGCAGGTTCTACATCTCATAAAAGGAGTATGTTCAGCACCCGGAGTGTGTCAGAATTTAAAGGTCAGTGTTTTTGCCATCATTAAGAGTTGAACCTTTGTACACAGGTATTTATCAAAGATCGGCACAATGGGCGCAAGATGGTGTAGTTCAACGAGAAGAGGTTTCCAGATCTTAAGAGCCGTTAACTTTCGGGCGATACCGTCTTCGCACACGAGGATTTCTCAGTCTTTGAATTGTCAATATTGGAGGTTAATCGGTCGTCTTACATAGATGTTTTCGGCGGTATTAGCGACACACAACCTTTTGGCTGATAGAGGGGTCTTTTACATCTCGGTATTAAGTCGACACAAAGACCGTGAAGCAAACGAGGGGATGGCTGAACCGCCTTCCAACTAAGTGCATCTGCGCAAGGCGGATAGTAACCTTATGTAGTCTACCTAAGCCTAGGTCCGGGGATGCAGGCCAATTGCGCAGAATGGCGGCTGCTCACACCCGAATCAGCTTCCGAGGGAAGCGCAGTAACCGTCGTCAAGTGGACGGTTTGCTTTAAGGCCCATGGCTTGTGAGTTATGGTCAATAGTCAGTAAACTATCCCAATTCTGACACCCTACCATCTTAACTGGCGTTCGGTCCGATGAAATATGTTGGGAGTCATTAAAGATATCGTTTTGAGGTCGATGCCGCCCTCTCGTTCTACAAGCTGGTACCCTGATACAAGTTATCAGGGAACTTTTGAAAGGGCTTTTAACCAGTTATGGCGTCTAACGACACTGCTCTCACCGCGGTAAATGCTTTTCGCCGCGCGCAATTTCCAGACGGCCTTACCTGTAGCGGAATCGACGGCCCCCGACATTACAATGTCGACGTCTGAAAGAAGTTCGGTCTTGGCAGGGGCTCCTTAGAAGAGAGAGGGCCTTCGATCAGGTCATGTTGCCCCGGCGTCCTTGCATTCAGAATAAAGAAGCGAATCGGACGGATCCGCGAAAACAGCCGGGGCGTTCGCGATTGTTCAGCTCAGTGCGATCCGTCATATTCTTTGAGCAATCCGTCCACGTACATCCGCCTGATCGGCTGTGCGAGGTAATCAGTATTCCAAGTAGATGTTTAACCAAGTAGCCACGAAAGAGCAGTTTCATGCTTGAGTATTGAATTATATGTACAGCAACTGTGTGATAAACCGTACCGCATTGGCTCCTCTCAGTAAATTATAAAGGCTCTATGATCAGAGGCAGTGCGTCGCCAACCTACCCGAACCATGCATATAACTGACCCCTGAGCTCCCTCTATTAATCGTCGTATTGTGAAATGTTCTGGGAAGAAAAGCCCGTCCTACGGTATCTTCAAGAAATGACCTGCTGACTTCGAGTTCGCCCTCACTAGGACGGCAGTACATCCTAACGTTGTTGCCAAATACAGTTGAGCCTCTTGAATACGTGGCTATACCGATATAATGACGACAGGAATAGATCTGTAACTGGATGCGCGAGAAGGGTAGACGAAACTCAGATGACCCTCCAAGGTGGAAATCTGGTACCCTCACTGACGGAACTGCACGTGATGCACTCA,1787,48.57,Saccharomyces cerevisiae
SEQ_413569,CCCTCTGCGCCATCGTGTCGTCATGCACGAAACGTCGTACTCTGGCTAGCTGAATGAGTATAGCTCCACGGCCACGGCGTCCACCGACGTCGCGGTGAGTACCTATACACCACACTACTGCAGTCCCCTCAAGACGATCCCAGGCACTATGTGTTGGCTACTTGGAAGTGGCGTTTAATACACGGCTTTATAGGTTTCGGGAGTGAGAAGCACGCCCCTTAAAGGTGGACTGAGAGGTATGCATACTGCGCAAAACATCATCTGGTCTGTCACTTTGTCCTTTAAATGGATTCTTTCAGTGCGCCTCGTAGCAGGGACGCCACGCACGCTAGAAGTCGGAGTACAGCCATATATTTGCTGCCAAACGTGTGAAGCGAATTTACCTAGTCCTTCGATGTCCCTCACGCGCACGACCGGTACCATAATGACTAGCGACTATCCCTGACATTGGTGACCGGGAACGGAGGATACAGTCCGGACCGGCAGCGTTGGCAGGGGGACTTGGCCCTTTCTCACCTCCGGGCAGTTGATTCGAGTGGACTACTGGGCTATAGGAGATGTCATCTAGTATCTGGCAAATTTCTCTCTTGCAGACTCCACGGTACGCGCTCAGTAGTGCTGAGTGTGAGTGTGCCGTGTGTAAATGCGTGCTCCAAGCGCCCTAGTTTTGCAGGTAGAATTACAAGGCGAGTGTGGAATATGCCTATCCCTGCACCCCGTGGAAGAGCGATAAGACAGAGGGGATTAAATTGACGCTCTTACTTTTCGCTACAAGGGATATGTCGCACCTCCTGCGTATTGGGCTGTCCGTGGCGCAGGGGGTGGGCGATTAGAGACTTCCCTTCCGGCGCGATCTTTTGCCTGATCAGAGTCTGCCCCTTAGGATTGATTGAGGCATGCTTACTGCACTTTCTGGACTTGACTGTTAAGACATATCCATAGATCGCTCCTCTCATTCGGAATGATTGTCGTATAGGCCTACGGAATCGCGCTAAGATTACTGGGGAGATGTAATCCTTGAGTGGGCGTGGGGCGAGCACTTTGAAATTAGCTGAATCCATCCCACTTGTAACCAATATCTCTCATTTCCTTCTTGTGTAGATAATCGCTGCTCAATAATACGGAGACGCAAAAGCCCGAATCGGGTTCCCGAAAGATATCCGATGTATTATGACCTTCACTGGCATAG,1189,51.47,Drosophila melanogaster
SEQ_357111,TGTGGCTGACAATGGAGTCATGACGATCGCCCGGGGGGTCCGCACTCATTTACGCATATCGAGCAAGATGGTGTCGCTCACAAAGCTGGCCATGGTCTCACTCACGGGGACTGTTTGCCACATGGGATAACTATCGCCCCTCACTTAAAACCTCGGACAACGCCGTACAGAGTTATGTGCGTAACGGGAATAGGGCCCCCAAAGCAATCTGCCCACACTGTCCGAGAGAATCCCCCGTCAATTGTACCTATAACTGCCTGCAACGAGGCGCGCCCCAATACGGATTCCACGAAGCATCCACACGATCAGCCAAGACCACCAGACGTTCTTCGTTTGACCACAGCGTTCACTGTATGAAGTGTGTGCAGTTAAAAGGCCCATACTAATGGGTTACACTCGCACTGACCGCTAGGGCACCGAACCCTTTGTTTGCCAAATCATAAGACATTCACTAACCTAGTACGGTGTGAAGTCTTGCGCAGAAACTTAATGGAGTACACATCTGAGCGTAGCATGTATGACATGACGAAAAGCGGGGTTTAGGGAAGGCGTCGCATCGTTAGTATCCGGGTCGGCTTGCCGCAACTCCGGGA,593,52.61,Homo sapiens
SEQ_981988,AATGTGGTGATTTCCGACATCTTCCAACACAACTCCGTGTCCTATATTGTTCCCCCTCCGCATTTAAGTACCGTACAGAGCGCGTTTCCATTCCTGCTTCCACGGCGTATCCAAGAGGGGCTGGACTACCTACTATGCTCATACTCGTGTGATTAAGGCCCTGTGCAGGCATCATCCAGGGGGGTGGGGCCTTTTTCGAGATACGATGGATCTCCTGTATCTTGGCGAAAGTGCAAAAGATACATTGAATTAGTAACCGTAGCTAGAACGGAAATTCCCATTAACGGCCCCCCGGGCCGTCACGCGCATGGCAGTCTGACGTGGCATCCCACTCCCACAACGGGCTATGCCGGCAAACCAGACTGTTTGAGTCTTCAAGACTAGGGCACAATGCTCTAGAGGTCGCACACACTTTCGTACCAATCGATGCTTCGACCGCCGATTTTCATAAATGTGAGGCCCTATCCTGCCTGCCTGTCCATTGACCAGTATAGTGGAGACCTCTAATCGGAGCACCCGAGCTGCATTTCCTGACCGCCTAACTTAACGTCATCTAGTAAAAGGCTACCGGATTGTGCTCAGATGACGGAGTGC,594,51.85,Saccharomyces cerevisiae
SEQ_309432,TAGTCGAATGTATGAAAGGGAAAGACATTATAGAATCTGTATTCCGTGATGAGCATCTCAGCGGGATCGGGCGAGTGTCATCCAAGTGAACAGTGCCCGCTGATACGGGAGGTTGTACCAAAATCTCCCACTGGTCTCTCGGCGGCGCGTCATTACAGCACTGCGTTCTAGGGGCAGGAATAAATCGTCACCCTAGTCACCCGCGTAAGTCAGATTTCCATAACCTATAGCTAGTTTCTGGTCGTGCATGACCCTGCTATAATGGGCTTGTGACTAGCAAGAACTCGGTAGCACTGCCAGCCTATGCGAATAAGTGAACTACCTGATTTCATAAGAGCGCTAAGTGGGCGGTCATCCAGAGTCCGGTATGCCCAGTTACTGTGTAGGGTTATTCGTAGATGCGGGGCTCGAACCGAGTGTCGTGCCGTATGAACCGGCTTGCGGCTGACTAGCCTAATATGTATGTGTCGCAAAACCACAGTTTTGCAGGACGGCTAGGTTAATTGGTCAAATTAATAACGTTCACAAGCAGAATAGGACATCTCAGGACAGCCCCAAGCCGCACCGGGTCGACTGGATTAATTTTGGACTCGCCAACAGGTCGATCAGTCATCATGCCTCCTACCCCTTTACTGGAACCCAAGCGATGTTAAATGTCTCTGGGCGGCAACATCACTTCACCCTGGTGTGAGAAACCTCATTCTCATCTTCCCGATACCTGCTCACAAAGTATAAACGCCATGGCTTAAATACTACCCAACCTTAACTGACCAAACAGGAGCCTCTCGCGCTAAAGAGGCCAAAACACAGCGACATTCACATCGGATCAGGTATTCACGTAGGACTGGAACCGCTCATAAGTTAGTTAGTCATCGCACTTTGCCCGTAGTTCCGCAAGACTTTGCACTCACTATCATTTTAGAAATTCAGGTTAGGTCCGCGTTGAGCTGGCTGGGAGTGGTCAAGTATGCACAATAGCCAAATCCACTGAAGACAATTGTAGTCTTTTTCATGCCCCCAACCGGGAAACCTGCCATCTTTTAGGCCAAGTCAGTGTTACTGTATGTGATCGGGTGGTCCGTCCGCCTTGGCTGTGACCGAGCACGGCAAATCCATGGGGATGCTGCCTGCCGCAATAAGTGCTAAAGTGTAAAGGCATATATCTGCATATTACTAAGTTTTTGCCCAGCAAAGTATATTGGAACTTCCAGTTCTGGGGCCGGGTGAGTGCCTTTCACAGTTAGTCAACAGCCCGGATCGGTATTGAAAGAACTCCGTCTCCCCTCGCGACTTAATCACTAAAAAATTGACTGGCTCCATGCAACTACTCAGAAGTTATGTAGCAGTCACCAAGATCTTAAAGGCTGGGCATCTGCCATCGCATCTTTCTCCGCTACGTTGGTGGGTGATATGGAACTACATTATAGAGCATCAACGAATTAGTGAGGTCCTCAAAGATAACAGCATCGGATTAAGCGGTCGCTTTTCTGGATACAAC,1498,48.6,Arabidopsis thaliana
SEQ_184636,ACAAGTAACTTAGTTTAGTTAGATCGAAATAAAGATTAACCGTCGTCACCAAGCGGGTAGGGTCCCCGGCAACAGGTTGCGCGCATTGGGATCTCATGACTACAAACGTCATTGGTTACTTCCTAGTTCTCCAACCCGGCACCAACTTACAACTCCAATTATTTGTAGGTTATTGGTTGGATCTACCCCTTTAACTGACAGTCTAGTCGATGATGGTGCACATACAGCGTTGTAGAGCCGTGCTGGCTCTGACGAGTTCTGGATCAAAAAAGTCCAAATGTTAACCATTGCTGATCCCCCCAAGTTAACAGATCCCATGGGTCAACACTCCGCCTCGCCGACACTTAAATGGATCGAGTGATTACTCTGTGCCTAACAGGGTCATAGGAGCTAGCGATTCGCCTCGTTTAGGGTACGCACAACCCTAAGGCCCGGATGGAACCAAGACTAGTGCCTACCAGATGTTGTTTCACTCCCGTTCCGTCTGGGACAGTGGGTGGACTTGCAGAATCTGGAGCGGACTAGTCCATAGCCCCGTGGTCTCAGATCACTGGAATGATAGGGCGTGTATTGTATAGGATGCAATTCGGGGTCTGTCAGCTAGGTAGGCCAGTAAGGTCCGAAGTTGTGTACGGCTCCCTGGTGTCTCCTACTTCATATCAAGGGTCGAGATTGCATTCTTGGGCGTCTCTACGCGTGTATCGTTTCGACTCTCTCTCACGAAAGGTCAAGGCAATTGTGTCTGTCGCTCCCAGCGTTACAATGGAAGCCATCCCGACATTTGCTCCGGTAACTATAAACGGCGAATAGGTCTTTGGATGAAGAATACGCACGAGCGTCGTGGTTAACCCGGCGCGACAAAAGCAGCACTTATTCCATTAAAGTGTAGAACATTGCTACATGCTCGATAGCGTCGACGAGCTGGGGCATTCTTCACCACAGGTCGGTCCAAGAGAATTTAGGGCACCAGTTTGATAAATAATGACTGAATTTAGTTTTGGAGCTGTTTAGCTGCGGCCAGTGTTTTTACGTACAATTAATACGACCAGTTGGTATGTAAGAATTCTCAAGTAGAGTCTTCCGTAAACCATTTGAGTTGCCCGGTGTAATACGACTTGAGCTTGTGAGATTATGCGATTCTTGGAAAGGGCCCATGTGTCTTATTTGGGATTGGTCGGAGTTACCGAAAGCTAGGTCTCATCCATCACCTTCAGTTGAGACGGTATGTGCGATTGGGCTCGTTAGGTTCCGAGGGAGCTTACCTGCTCTTAGAGCACACACTCGGTTCGGTGTCGCCCGGTAGCAATACAATTCCGTTTTAACGGCGCGTAAGGATCAAGCATACCGTAGGTCTTTTTCACGGTATACAGTCGTGTAGGTCGACCAGTCCACGGTTCCCTAGTCCCATTCACGAGTGAACGAGGATGCTATTTCTGCCTGGATTCGGATTTCCTCATCGCTTTACCTTCCTGCCCGAGG,1479,48.95,Mus musculus
SEQ_521008,CTGGCCCTATGTGCGGATAGAACAGACCAATGATCACGCAGTCCTCCTTGTGCCCTCCATTCTGCCACGGATATGTGCGCTCTCCGGATCGTTTCTGCAACAAATCGAATGGTATAGCTACACGACGTTAACTACTCGACCACTCGTCCGACCTTTTGGTTGGCAGAGGGAGGTTGTTTATCAGCTGGGCGTACAGCTGATCAAATGAGAACGGTGATCGGCTTTCATGACGCCCGTAAGAGGCTCTCTTAACAATCGGTAGACGTGAATCATGCACGGCGTGCGTGTCAGACATACTATCAAACACTCCGTGTTCGAAAACCAATTGTAGAAGCTGAATACCTGTTACGACTGGTGGCGGGTATGGTGTAGCGCCTCTGGTTCCGGTATTGAGAAAAGTCGGCTCGGACAAAAATGAGGTAAAGACATACGATCACGGCCCCAGAATACCTGCGCTTCCTTGGCCCACAATTGCCGGGTGAGCGACGTTCGTGCATTTGCGTCTTAACTGTAGGCCTCGAGAATACATCACTCCTGTGCTTTAGGGCAACACGTAGGCATAGTCTCCTTCCCCAGCACGAGTACAGTCGCATGCATGGGGGCCTGGCCCTTGTTTATTAACCGGACAAGAACGGTGGAAGTTCGGTGAATGCGGTATGATACCCGTATGGGCGGGTCCAGCTTGGCCACCTCTACAAGTACTGGGGGACGACTGCCAATTTTCGTTAGAAACGCACTTGTTAAATGTTCGCTATCCCACGTAGCAGGTGTTTTTTCCAGGCTCAAGTGCCCCGTCAATGTGATCGGTGATAATACATATCAATCGTTCCCGAACGGAACGCGTCAACAAAGTCTGCCTACTTATCGGGCAATGGACTGCCGGGATTCGAAGAAAGGGTTGTTGTGCACCGAGGGCGTGGCTATAAGAGCCGGTGTCGGGTAGCACCGATCCCACGTTATAAAGTCATTTAGGGTAATTGGGCGGGGTTTCAGATGTCTCCGATAGTAATACTGCTAACCGTCACGCTACAGGTGTTCGTGCCAATTAGTAGGATGGGACCGTTGTACGACGCAGCGCGCTATAGTCATCACGCAGACAGTGAGTCTGTGTAGTCGAAGGTCGGTAGTCCTCCGCCAGGGCAAAATAATACGGATGAGAGTGGCTTGGTTCGGGATACGTATTCCTTAACGTACAATATTAACTCCTGCTATAGGCATGCTTGGCCACTAGCCCATCATTTGGTCGATGTTCTCAGGGAGTAGGGAACTGTTGGAGGTGGTCTATGGATACTTTAGTTGCCTGAACGTTTGGTTCGCTTCCGACTCCCCTTACGGAGTGTAGGTTCTCCCAATAATCCATCCCCTCCTCGTGTTATTAAAGGGAGACTAAGGCTCAACGTGACACGAGATGGGCCCCCTGATCTGTTTGATGACTCTGATCGGCGGGTCCGGTCAGGTGCCCCGTTCGTCCAGAGGGACTAGCTATACCAAGCTGGAAGGATGGAGCAGACAAGCCTTGATTCTGGGCTGAGGTGTAGGATTGAGGATTCTAGACATACCCAGACCCATTAGGAGTACTCATCCACGGTATGTAGCCTTATGGCCCTATATGCGAAAGCGTAACTTGATTAGATACTCAAAGTGATACATGGTACTGTTCATCAAGCCTCACGCATTCCCAATTAAAGGCGACCACGGAGCGATGAGGGGAGTCTTACAGCACATGGTATTTTAATAGCCCACATTATATTCTGAAAAACCCATTAATCAAGAGGCCTATTTACGTCGCCCGGGTATGCAGTCAGCGAGTATAACGTGCCCCACCCCGGTATGACCAGCGGTCGAGGAATGAGTTATTAAAAGAAACGAACTAGGATCAAGCAAAAC,1887,50.45,Escherichia coli
SEQ_269983,GAGCGAGGCACCGGGGATCTGATGGTGCAACGATGCTCAACAAAGGGTACACCCTATGCACTGGTATACACTTGGAAACAAATTTCTTCCCCAAGGCTCTAAGGGCAATTCATTCGCCGTGAAGGTGCTGCCGGTAAGTCACTCAATATAACAAGTACCGCCGGTCGTACCGAACACTACGACGGATCATCCGGCAAACCGTAATCTAGTTGCGTGACTACACCTCATTATTGTGTCGGAGACATAAATATTGAGTTGTTGCATC,265,48.68,Homo sapiens
SEQ_564296,TATTCGGTTTCGGACTTTGTGCCGAGGGCTTCTCCGCATCAGGTTCACTACTGCGTATAAATAAGAGGCGATATAATTTCGTAGGTACTATCTGAAGCGATTTCCTCCGGATCTGAGATTACGCGTACTCTCTCGTCAGGCCTATTCCATTATTTGTGTTATTTTGTACTCTCAAGTATGACTGCGAGAGAAGCGTGTGGCAACCAAGTAACAGTCACTTGATTCTCTCTGCTCCGCATCATCCACTACCGATCCCATGCCGATCTTTCTATGCTAAACCGACCATGGCTACCCAGCATTGCCTGTTGATCGCCGCCTCCATTTTGCGCGGCCGCTTTGATAGTTTAAAGATAAGGGGATCAAAGTGCGGCATAGGGAGTGGTCTAGTGACTTTGTCTACGAGTTGGGACGATAAAGGGGTTAGTGGGGGGAGCCGAGTCTCACTGATTTCAATCATCGGCAGGTGAGTGGCGTCGAGGTCACAGCACGCTCGCTTCAAATGTGTTTGTTTTTAGTAGCGCACTGGCCGTATCGCGCCTGATTAATCCGCGTTACCGAAGAGACGCGAAATCATAGGGGAGTGAGGTGAGTATAGCCGTGCGGGGGTCTCTATGATTGTCTCGGACCAGAACATCAGGAAAACGACTGAATACTACCCCCGGTTACGGGGAGAATTCGTACGCAATAAACTCTACATAATTCAACCATTGGCTCAGCGCTCCCTACTGACTGTTGGCGTCGGTCTCCATGGATGGCTCTGAAGCACGGCCCAACAATACTTAGAATATATTTCAGGATTGTTATTCATCTAGTGTGCGCAACTTGTGATCAGATACTAGATTTCGGCGCCCGATTTTGCGTGAAATCGTTTATATAGACCAGTCTACGGAGACTTCGGCTCTGCGGGTTTTGTTAGAACAAAGTGACATGCTTGAGAAAAGGCCTGTGTCGTGACGGAGAGGATCAATATCACCAACGTCACCTCTTTGTATTAGACTACTTTTATACGAGGGACGCTGCACTTGCTGATAAAACGTTAGAACCTGCACACACGTCCTATTATCACAGGTTCCAACCTTCTTTGAGACGTCGCTCGATCGATCGCGGACTTTTCCTCGCCCTCTACCGAGGTCAGGGCGTTGGTGTTGACTCGACTCAGTCCTCCGCTATGCCCATTGCCATCGGATCAGCGCCCGTATGATCCCAGTTCCGCGCGGTGGAGAAGGCAACTACAGCCTAATTTCCGGATACATCAAGAGGACCGGTAGGAGCCTTTCATGCCTAGAAGTACCACGACGGAAACTGAGTCGACCGGCACATCAAAGAATACATTAGCTATAACAGTAGATTGAAGTCTTACGGCCGCATCCCGCTCGGGATGCCCCGAAGTATATTGGCGGTGCGCTACATGTCCGCTTGCAACTGGTAAATGTTCTTGGAACGTTGCCTCCGTACATTGGGCGTGAGACTTGGACACGGAGGCGGTGCTGTCAGCGCCTCGTTCTATGCGTATGTCACCTATGATTGGTATAAAGCTTGTCCAGCGTAATCAACCAGCGTCTTTTTGAGGCCGGTAGTCTGTGGAACATCCGGATCTCTCGAAAGGTGATCCTCACAGTGTCTATACGGTAACGACAATTGTACGTGGTCGATACCGTAGTGGGCGCTCATGTATTATTGCTAGGATCATATGTAACACTCGCGATAACAGTTTACGATTCCTGGAGAGAATACGAGGAGTTTTAAGGGGGTACGGGGCGTCCGGCTCTCAGCGAAAGTGAATTAAAATG,1790,49.5,Mus musculus
SEQ_891133,TTGGGTCGACTCAATAAGGCTTTAGAGCTCCTGCTTAACAATGTACGTCGTTAGCGAATAAATCGTGCACCTCCAATGAACGGATAAAGGCTGAATCGAACGAAGGAAGTAACAGATGATACCGAGTTGATCAGAGGGATACGCCTGAACTGATAACGGTCACGCAACGATGCCCTCGAAGCTCTTCGTCCAGACACGTACCCAACGATCACGACGTTTTACCTCGATCGGAAAACCCTGCATGACGCCCTTCTACACGTCAACGCTAATGTAACCCATAATCAACATTTTCACCCGTCATCTTTATAAGCCCTACGGTCGCACGTAGTACCCGAGATCCGAGCGTCCTGAGCAAAGTAATCGCCCAACCCGCTCCATGATACACCTGCCCCGCACGTCAGACAGTGAGGTGTGGTTAAAGCCAAGCAATCTGTCACCCTCAGGAACAGGTACGACGCGCCGAGCCTATGAAGCATTTGGCTACATAAACCCCGACGCCCTTAGCTAATGTGAGGCGACACTCCGTTAGCGAGGACTGTACCTCCTTTCGGTCGTAACGCATTT,564,50.89,Caenorhabditis elegans
SEQ_467571,CGTAACTATATCAGAGCCTAAACCTGGTACAGCTAGGCCACAGTATAGTTCTTACGTATTCCACTTAGCAGGGAACATGAGGTTGTTGCCATAAAAGCTCCCAAGTTTTCTCTCGAATCAGAAGTAGAGTAGTGTATATCCTACGCGAGGAGGCGCGGGGCCTCCAGACGTCACCCGAACGAATCAAGCCGATGGGTCATATCGTCTACCCCTCCTGATTACGGCTGTTAGCAAGTCTTGAAAAATGTGCGAGGCCAATCTGCCTTCGCTCACGCATGTTCAAACTCGACAGACCATTTCTTTCCCCTCCGGTAGCTGGTGAGAGCGCAAGCACCGCTGTGTCGACTGCCAACGCTACACTTTTCCATTAAGCTAGCACAAATCCCTTAATGTCCGGTGCACCCACACTCTGATTGTGCGAAAAAGAGGGCTTAAGTCAGGCCAGCTGTCAAGCCCCTTCGGCAGTGTTTCGCGCTGAACCAAAGTCGTGTCGTTTTTCCTCCCCACAGCTGAACGTGAAGCAGCGATACTTTCCTCCAGGAGTTCCCGCAGACTCGCGAAATAAGTGAACGAACAGTTTCAGGATTTGTATACCGCTGGACGACATTCCACTCGAACTCCATCCGATGCCCTCGTCGGTTGGTGGCCGTGTGGTAATGGGGTACCAAGGAAGGGGCGCCGTTTATTGTAG,691,51.66,Homo sapiens
SEQ_343900,GACTCCAGACCTAACGAGGGCGATTAACTACTTAACTGGTGCGTTCATATCAAGAGCCTAGCCGGTGCCGAACAACTGATTATAGATGTGGGTGTGGTCACCCGTTAATATTTGTATGGTGGGGTTGTGGCTGCACTTGATCTGAGGGTCCTACGACCGGGGGGCGAATGTCACGTCCTCTAGAAGCGCTCGCAGCAAGCGGAGACGCGATAAAATTCGATTGCTGTTACTCGTCCAGTCGGCGGGGTGGCGAATCGACAGGGGTGAGAAGTAGCGAGGTGTCGAGGATTGACTTGCTTAGAGGGCTTACTCAGAGCCTGGGATACTAGGCGTCACTCAGCTTTTGTGAAGATACAATGTGTCCAACGGCTGTACCCAAGAGAGAGTCGCAATGCGGAGTTCGTCTTTTAAGTTCACATTCTGCTTGGAGATCGACTTTGATATGTAATCTCTTGTACCAAGCATGTGTCGTGTTAGACAAGTTATGCTCTGTTTGCCACTGTAGCCATCAGTAGCCATAAGCGACTTTTGCGCAAGTACGTTTTGTTCCGTGACGTTTATTGAGACGAGAGACCGGGGGCAAGTAATTGAGCAGAATCCGACCTACGAGGGGGGCGACGAACGCACCTCCTCGCGTCAGTGTGTTGCAAGAATTTTACGCATATAGGAGCGCACGTCCCAGTTCCTATGGTTTCCGTGATACTATAGCTAATGTAATTATGGGGAGCCATATTTTTCCATGAGTGGTCTTAATCAGTACGTTTATCCTCCAGTCGCCCGACCTGGGGCAGAGGGGCGTGAGAAGGTAATCTATGTTTCGGTATGGTAGAGTCGCATGATGGACGTCAAGGAAGAATTCCCCCCCCAACTGAGAGTTCGGGTGTGCCGTAGCATTCCATCACGGGGGTCGACGCGCAGTCCGTGAATTCATTCAGACAGCCCTGCGCTCCCTCATTGCAAAAAGCTAATGTACATTCCCTTCCGGACGAGCGAGCGGACACCAGTTTCCTCTAGAGAGGTAATAGAATGTGAGGCCGTCCGACGCTTGCCCGTCGGCGCAGGGGCCAGAGTGGGTTGTGTGCCGTAGATAAATGAACACCTTGGTCTATGGCTCATGACTACCGTAAGAGAGTGGCACATGCCAATCGGGCAGGAGCCCTGCACACTAGTCCAACGGGAGGGTGTTTTTAGGGACGATAATACAGATATGTCCAACCCGCTTAATTATCAGAGCGGAGTAGCGTATCTTTGAGGTATAGTACAACATTGGCCGTCGGGGTTTTTAAACGGCCCTGCGGAAATATCATCAGTCGGGTAAACCTGAATTCTATATTCGTACGAACTATTGTCAAAGAAATATCGTAACCACCCCGATTACCCCGCGGTCAACCTTGGCCGCTGTGACGTCGAAGGTACGTACACATGAATGGCCATGTCACCTAACACATATGCTAGGAACGCCCTCTCAGTAAAAACTGCGTCGAATCGTCAGTGGGGCACACACTCCGGCCGAGTCCGATAGCTGCGGGCGTTTGTATCTACTGGGGCTCT,1551,51.26,Drosophila melanogaster
SEQ_232587,AAGCGTAATGCTCAACCGCCCTTGTATTGATAATAGAGGTCGGTGCCAAGTGTAACCTCGATGCACTCACTGCGGGAGGGGGCTAAGGGCTCACTTCTTATAGGAGTTATTGTTAATCATAATGCCAACCGTCACCGCTTACTGGATGCTTCGAGATTTCATCCACTTGGGACCCAGGTCCACCTATATTTCCACTGAAAGCGCCCCGAAAGCCCCGCTACGCAAAGTTGACTGCATCTCGGGTTGGCGATGCGGGTGGCACACGCTTCGAGAATTATGGCTATGGTTGCAATTGAGACTTTGACAGCAAAACATTGCTCTGTGTAGCCATTTCCACCCACCTAGTTGAGGTGTTTAGCCACAAGATTTACACAAAAGCCACGCTGTCTTATGGTTCACGGCCCGCCTCTTCTAGTGTAATGTGTCTCCCACGAGCGTTATTCCTTGAGAACGCGAGTGGAAGCGCAAATGTACGAACGAGCTCTAGGGGTTCATTTTCTTCGTGGCAGTATCAGTCTTTTCCTAAGAGCGAGGGACCGGGGCTGTGTACACGCGAATGTGTGGCAAAGGCGCCACGAGCGGAGGACTAGCGCAACGTTTTTAGCGCCCACAAATGGTTGAGCAGTTACGGCTTCGGCCCAGGATCGGTACGGTACACTGGGGTATAATTCCTGATTTTGGATTGCACGCCTGGACGCATTGGATACACACTCATGCTATTAATTCGGGCATCTGTGGAGGCACTGGGCCAAAGAGTTCCGTGCCAGTTCTCTACGGTTGAAGAGGATCAGGGATTTCAATCCTTCTGAGTCGAGGAGGCTGTCTCATAGGCCGGACTAAGCGCAGTCAGACGCGCCTTTGTTGGCCTGACATAAGAGTTGAAGCATGATGGTACGTGAACTCCAAGGTGTAAGGCGTTAGTAAACGTGTGGGAATAATGTGGCTGGCGTTGTCACACAGCGGTTCGTGGCTCGTGCTTTCCATTGCTAGTCAGTTGGGACCGAGTTGGTACCGGACACCACATGGCTTTCACTGTACCCGCAGGGTCGTCATGCGTCCCTCCGAAAC,1068,51.97,Drosophila melanogaster
SEQ_654589,CGGGACCCTGCGAACTGCACGGATTAGAGTAAGAGCCGAGAGCACGGATCAGTGCCCATTATACCAGTAGTGTACTCTTACTACGCCGAACTGCAGACCTCTGCATGATTTTCTATTAATAACAATTCCTTATAGCCTGACGACAATATGAGGAACATCCCTGGCTCTTATCGATACGATCAAACTTTTGGTTTTACCTTCTACTGACGAATTATTACGTTCCGTCTAGAAATCGGTGATAGTTAAATCGTGGCAAGGGAAAAAACCACTGTTCGTCTCTTTTCGACGGGTCTTGAGTCGTGATGGTAATAGTCACAGTCTAAATATGTTTGCTCATCAATACGCTGGCACATCTACAGAAATTGGGGGAACTTACTTGGGCTCCGGTTTAAACCCCCTAGGTTAGAATAGTGGCAGCCGGTTCCGAGTCAGAGATAACATGTACACAAACGTCCGTAATCGACTACCTACACGGCGAATATTTCATGTACAATTAAGGGCTTCAGGCATGCCAAAATGCCAGAAAGGGTACGTAGCTACTAGCATCATTACCGATAAATGTCTGGGAACGGTCAGGTTAAAAGCGGGCAACCTTGCGTGACGAGGTACGGAAGGATCTAATGATGACCGGTTTCCTGGGTTGGTTCGCGCTCGGCTGTTAGTCCTAACAAACGTAGGCAAGCCTGGGGAGTGGATTCCAGCTGAATGCTCAAGGGGTCGTGGGGTAACCGGCTCCAAGTAGGAGTTAGCGAGTGCGTATTTGTTATAACCTGAGCCTCGTTATGAAGCTTAGATGAGGCATTGAGTCTGCCTTGCTGATTCCTTGTGACGAATCTTACCCGTAGGTGGCAGCACTTGGGTCAATGCGCCGACAAAATCTGCCCCTTTCACGGAACTGCTCAGTGAGGTTCTATACAACTTTAATGGTAGCGGCTGCGACCTCATATTCGCGCCCAAACGTTGGGACGGTGTTATCTAATGGGTACGGGCCTTGGATTTCTAGTTTACCTACTCTCCTGCGTCAGCAGCAACCCTGGCCTCTAAGCCGAAACACCCCCATCGTGGGGGTCAATTAAGATACATAAGACTCTGGTACGTTGCAAAACCGCTCCAGTGGAAAATCTCGGGCTCACGGTTGAGAGGTCAAGGTTGGTAGTACTCGGCGGGGACAATGCTTGTGACATGCTACATCTCGTGTGACCAAAATAAGCCCTACCCACTCTGTTTTGATGGCCTGTTCTATAATGTG,1249,48.28,Mus musculus
SEQ_722275,CTTGCGTGTTTATGACCTTTTCCGTCCGCGACTCTGGACGCTCACTGAATAGTTCTCCATGTATCCCACGGCGTTATAAGTCCCAAAGAGCAGAGATCGAGTATGTGCTGCTGCAATGACGAATTACCGACTCTCGGGTCTGTTTTCTTCACCGGTGATGTGGGCATAAGTTTGAACGACAACTTCATGAATTCAGCACATGGGGGTCGCCATCGGGGCCCAAGAATAGTTATGACTCTGATCAAGTGGTATTTAATCATAGAGTGTCCACGCTGATCGAGTCAGAACGGCTCCAGGTTGTGGAGAACTTATGTCACGGCGTCGTGGTCAAAACTTTGTTACGAACAAGCATATCCGGATGATAACGATTGCTGACTGTCCTTGGAGATCCGCCATAGTGATCTCACAGACTTAGACACTGGATGTTACTCACGTGCCGCAGGCCTCAACACCGTCGCGGGTATTGAAGGACGACTAACCATACTGACGGCTTCCCTTGGGGAGGGATCGACCTCAATATCCCTTTCGGCGAATACCGAGACCGTCCAGTGAGCCCCGATATAACAGTGCTCAGTGGTCTGTCCTCAATCTCTGCGCCGAGGACGGCCTGACAGCATAAGCGTAATCGCCGTCGACTAGTCGTGCACTTATACGTCAATTTATCTCATAGGCGAAGTATGAGCTTTGAGAGCGAGGCAATCCTTACGCCTAAGCCCGGCCACCTTACTAAAGCTCTTCACTCGCTCAATTCTCTAGGGCATAATTTGCATGTTTCCAAGTACGATGAGTGTTTTTGTGGTCACTTAGCGTCCGAAACATCCCAAATGGGGCGTTCAAATTGTATGATCGCGAATTTTCACAGTTATGTGCCGCCTCGCGGTTACAAGTCACATCATGGGACTGGCAAATCCGCCAATCACGAGGCGACCAATGCCAACGTGTCTGAGCCAGCTTGATTGGCCTGGGCACGACGACGTTAGTGGTTCTCGCAGATCCTCGGCGATA,1005,50.55,Mus musculus
SEQ_274172,TACGGGATTTGAGTCACGCAGAGCTGGGACCCGGCTTCCGCGCTACGCCGACTAGGTTTGTTCTACGTCCGGGAGATAGCGCGGACATCAGGTATCCGCGGAACAAAGGTCAGCGTGGCAGTGTTCGGGACTGGCATTTTTTTTAAACGCGAAAAGCTCGAAGAAAAGAAAAGACAGTAACATCGCGGTCGAATTAGGCGGCATGTCGTGAAGGTAGTCGGTCGATCGCAGGGACGAAGACCAGGCGTCGCGCGCCGATAAAAGCGGTCATGCGTAATTACTCGCCGCTCTTACTGTGCATCTGCGGAGCTAAGACTATTCAGATCAAATAGTTGTAACGAACCAGAGTTCGAAGGCTTCGTACACTGTGCCCGAGGTCTGGCCACGTAGTCACTGAAGTGATTGGCAGAGCGAGTTGCAAACCCCCAAGAAACAACGCAATTATCTCAGAAGCGGACGTGCTGCGGTAACTACACTAGTTCACGGCACTTCGGGTGACAGTTTGTGTTTAACCTCATGTGAAAGGGTCGGGAAATCCTACGCGTCATCACAGGCTTTGTAAATATCGGGTTTGGTCCTGGACCTAGATTTGAACAGTCAGGGCGAGGTCCTTTATTTAGGGGGTCGTCCGACTAGTCTGTCTGGGCGGCTGAAGTTTATGTCACGTGAATTGGCATGCCCGGTGTGATGCGCGCAGGATTGGCCTTCCCCCTTCTGTCTTATTCTCACAACGGATAAGGCAATGCCTAGCGTTCATGGCGCTAATCTATCTTTCACTGTCCTGTCACTGAGGTAAAGACGGCGCGCGACCAGGGCGCGTAAATCCCGAGACGCAATCGGCGTAAGCTGCCACTTTTTACCATAGTGGGCTGAGTGATGGTTGCGTCCGCCCAAGGAATACAGGGCGTGGAACGGACCTTATAGGCAGGGTAAACCTACGGACGACGGGAAACATATGTATCATCCTATATGGCTAGGATCATAATTAGGGTGGCAACATAGCGATCTGCCAGAGTCCAAGCTCATCCTCCCTTGCCGTAATGGAGCGGTCATAT,1055,52.42,Arabidopsis thaliana
SEQ_518711,GGGTGCGGTTACCTGGGTGTTAATGTCGTCACGGCCGTTTGGGGCATGAGGGATGCGTAGACTGCGATGTTAGCAAAACATAGGTTTACTTAACCGTGAATGAATTCAGATTAAAGACCGGACTAGTCGCGCCGGATAATAAGATGTGCGATAGAACCTTGTGACTATATGCGAATACTAGTCATATCCCCACGATTGGTTTGCAATTTTGTGCCCCGATGGCATCGATGATTCCCTGGTCGCACAGACCGCCTTGGGTTGGCCTCTGCCTGAATCGCGGATGTAGGTATGTTCCGACTCGCCATAGATTCCCTCTTCTAAGAACACCATGGACTTCTCTGTGCTAACCGCCCACCTCGCAGTTGATATTCAACGTGCCGCGATTAAGTTCAGTTGTTCAATGGCCCGCCGGCCGGCTGTTGGGGGGTGGAGGGCACTGCGAGCTAATGACCCTTTGTGTACGTCTCCAGGAGTGCTCCCTCAGAACCCACGTCTATCGGACGGAGGCGCTGTTCGGCCTTGTGTTTGGTTATTTAGTGTTGAATCGGGAACCGCAAGAATAAGCTGTAGCTAGAGTATGGGTTTGAAACCAAGACGGGACGGCTGGACTGTACGAAAGACGACGTGGCCAATGCGTGAGTCGTCTTTGCTCACTGGGGCAGTTTTAGAACAGTAATCCTTATGCTCCGTGAGTGGGGAGATCAATGCTGCAACCCTAGTATTTGATAGTAATTTG,736,51.09,Caenorhabditis elegans
SEQ_307455,TCGGACGGTGTGGAGGCCCAATAAACCAGAACTCCAGTCGGCACAGACCTACTTCCAAGCATAGCCAAACAAATGCCATGCATTCCCAACCTTTCTAATGCGGGTTCGACTCAGTCAATAGATTGAAAGGCCGGTCTGTTTCGTGCGAAAGATGCCCTAGTGCGGAAATAACCCTCTGCATGGGCAGCGCTTTCAGGTTAACGTCCTAACAAAGCCTTGTCCAGTGGACTTACCGACTCAGCCTGAACATTGATATTCAAGCGAGTCGTTTACGGTCCTCTCCAATTTTAAGTTCGGACCCTAATACGGGGTATATAGGACCCAGCTAGATTGAACGTTGGGGATGGCAGCGCGTTATCCTCCAGCTTGATAGTAGAGAGTGAAGCGTAGGCTCCGGATTATTGCTGTTCAGATGCCATCACCGACTATCTTAGATCCAGGCACTATGTGCATCATGAGGTAGTCTATAGTCTGGAGACACTTGGCCTGGGATTGTGCTGAACTGGCTCAGCAGTAGGTCGGTCATCAAGGAGCTTAGCGATCACCCATGTTAGCGACCAACTCAACCGCGGCAGTCACTGGCAGCTTAGCAAGTAACGGCTCTTCACCGCCGTCGTTGCTGTACTAAAGTACTTTAGTCCTTTAGTTGCCTTGTGTGAATGCGTTGCCACTTTCGTCTTATTCGCCCGGGTAAAACAGCTCAGACAACAGACTAGCGGGAAATACGCGCCAGTCACTCCAAAAACAAACAACGTCCGTCTGATTCACGTACAGTTATAAGAGCATATAGGGAAGCATCAGCAATAGGTCATAACGCAGGCGGTCATCACATCCCCTCACAAGCATGTAATACGAAAGGCAAATCGAGTTTACACTGATTTGTACTACCTCATGCTATCTCCCCAACGCGGCACCCTAGCACGACTTTATATGGGTGCTCGAGAATCGAAAGAGGTGCTCCCAACAGTGTTTTCTACCTGAGTATCTTCATTGTTCTATGGAGGCTATAACTTGGCGCAGCTCACAAGTCTATGCTTGCTTTAAGATCCGCTTGTTAAACGCATGTCCAGGTATCGAAGGGCATGTGAAGCTGCTCGCTAAAACCAACAAGACATATTTAGTTTAGTGGACGGGGGGGCATTGCAAGCCACTGCAGTTGTACAATACACCAACGACCTTTGCGGACGCCTCTCTCTAAATCGGCCACAAAAAACCCGGTATATGAGATCTTGCTATGCAACCGCATATAAGTCCCTGCACATTGCGATCATTAAGACCGATGCATACTTGGGAACCCGGAAAGCGTTTTACCTTACGGTTAACAGTAGACACCTGTCGATTAGTAATCGCTTCATGGGGATTGGGCCCCTTGGGCTGAGTGTATCGATACCATGGTCCCCGGTAGCCTGTAACGGACATTGTGCTGGTGTATCGATAGTAATAACGACAGACCACGACACTCCTGGCTGCTTGGTAGCTGGTTAAAGCTCGAGAGGATGGCCGGGACATCTATAATGATGGGTGTAGGTATTTGGCAAAACCGAGGGTGCAATTCAATCAACGAAAAGGCAACACGTGCCTTCTGAGTTGCGTTTAGCCGCTGTAAAAGTAAAAGTACCAGTGCACACCGTACTCCAGGCAGTAACAATCTTTACCGACTAACGAGTGGTT,1671,48.65,Arabidopsis thaliana
SEQ_105281,AGGTGACTACCAGGTACCGGATCAATACTTTGTGGACGATATATTTAAACTGTTGTTAGAGCAGGTTTCGACGCATTTGGGGGGCACCGCCGGAGGAGGCATTTCGTTTACGGAGGTGGTACGATAAGGGTTTGCGTAGTTCAAGGCTGAACAAACGGCGCGGTTTTATGGTAACCGTAAGATCAGGGGGGAGTCCTCGGCCTGAGTTTTAATTACACAAAAAAGGGCTTGCGGATAGCGCATGCAAGCAAGTCCACAACTGTCCCGTACTCCTTTAGTTCCTATATATCTTCGCGCGATTGGAGAGTATGCGTGAGCTAGGTGTCTCAGAGATCTCTTGCTTGTCCAACCATGCGGACCGACGGTTTATAAAGAGAACCGAACATTGGGATGGACGCTGTCGAAATAAGCCGCTATCCAAACAGAGATGACATTGATCTCCTCGATTCAAGTCTCTTAAAAAAAGGGGAAGGTGCCAGGGTCATGCGGTCATGACCGGTCTACCACACAGTAATGGGCCGATTCGTTGACCTAGAAAATCTCTTTTGTGCAAGTCTGTGCGGAATGATTACACCAATCTTCGGTCGCACATTGCACGCAGGCCCGAAAAGTCCAAAGTCCCCACTCGAACGTGCGGTCGATTGCGAATCACCCGGCTGGAGGTCTCACACGACGTTAGTAACTCATGTTAGAGGCAATTAAACTATGGCCCGTGCTCGGATGTAGTAGAAGGCTAGCAAAGAAACTGGCTATGACGCTAAGTTTAGGAGAAAGCCTCTATATAAGTTATCTACTACGTCCTCCGTAAATCTGTAGTTTTAGGAAATAATACTGAATTCTTATCCCGAAGAGGGTGACCAATACGTCCGCACCAAGTGTTAAAACATCGACGGATCCAGGCGGGCGGGGATATGGAAAGCAGATGAGATATCTCTAGGACGATGGTTGGCAAGGTTTGGATGAAGAGAAACATTGAACATTGCAGTAACGACACAAGCGAGTGTACGTAAAGCAGAGCAATACTAGGCGAGATATGGGTGAGCAGCAAAGCTATTCCACGACAAACATTACTCCCCCGCTCTACCGCGGCAAAGTGGAACCATATAGAGGCCGTAGTGCATCGTGACACCCCACTCTCACCCTTTGCGTGGTATATAATAACGATTCAGACCAACTCCGGCTGTATGAACTTCCGGATGTCTAGGCGCTCTTCAGCCTCGGGACCCAGCTCGCTTTAGGAGAGTCGGCGGGCATAATTGAGCTCCCGGGTGCCTCTTAGGGGACGTGCAACGTCCTTTTAACGGTGAACGTTGCTTCTGCGAGGACAAGCCAAACAGTTGGCTCCGAGAACGGCATTGACCACATAACACTGTGGTCTGCTCTGGCTAGGAGGGGTTTGACACCGAGACATATCTAAGACACTCAAACTTAGCCGAGAGTTTAGATTGTCGATCAATCGCGGCCCGTCCTACCTTCCACCAGTGGTCAGAGCCAAGGCAGAGAGACGTAACGTATGTGGGCTCACAAAGTGTTGTTATCGCGGGAAGGAAGGACAATCGTAGGCCCTAGTACATGAGGAACTACTTAGAGCCGTCGGAAAGCTTAGCCATGCGCGGGGAATCTTGGCCAAGGCTCGGCCACAATCCACTTCGCGAGGGTAGCGCAGTGTTAACGTCAAGTGGGCGCCCAAGAAGACTCCATCGGGGCGTTCCGCGGACATCGTGACCGGCCACCTCAGCTGGAGCATAGTCCAAGCATAACTAAGCTATAGCAAACTCTCCGTTTACTTTACCCGCAACGTAAATATGTCGCCAGTTTAGTGCCGAGCCCCGAGCCTGACGACCTGGACGTTAGGCAGTATTTCGGCCATCTCCATGCTATTGCTCAATGACAAGG,1896,50.58,Mus musculus
SEQ_229154,TGACGGACTTCTGTATGCAATTAACGGCTGGAAATCGTAGCCAAAATGAAGAGCTTTGTCCTAGTGTACTATAACGTCTGCATTGGTCTGCGGACCTTGAAGGCCGGGGAACCCACGACCACTTTCCTATACACCAGTAGTAAGAATCCTCATCCGAGCGCATATTGATGCCCACGCCGAGGTCCTGTCTAGCCCGAAAACGAGGTGAGGCTGACCGCAGGGTGTGTCCGTAAAGGCCCCATGTGTTAGCAATTCAATAGACTTGAGTTCGCGCGACTCTCACTGCCTAGGCCGTATGGAGGGGATTGCCACAGAGGGTTGGTACCATCTCCTTTCGTTTGGGGCTAGCACTCTCATTCAAACCCGACACTCTGGGGCCACTGTCCCATTTGCGAGTGGACGCCGCCTGATGAGACCATGGACATTTCTTTCGGGATCGGAACTGTTACCTATGATGTGGCAAATAATTGGGACGACCGATTGCAATAATAACAAGGTCGGACAAATCCCCCTTATAATCATATAGGGAGACGAGAGCAACACCCACTGGTCAATATTATAGGTGAGGTAGCGACGCAGGCCGACTCCGATCTTCGAACTGGCACGACGTTAAACGTACTAGTCCAATAAGAGGTTGTTTCGTTTATCGCTATGACAATGCGCCGATCAGAGGCTCGCTCTCTCCTCGCATGTTTCGACGGGTGGGGTTTAATCAGGCTCTAGGTCCGGGGCTTTGTCGTGGCGGTAACGAGCGTATGTGCGCAGTAAATAGTTTAGTGGCTACAAAGGTATATGGAATTTTGTCTCCGAGAATGGTAAGAGTCGCTACTGTTCTAAACGTGGACGTGAGCGTGCTGAGTAATACGTCCTCCTTGCATGTTAAAAACGTTGAGACAAGGTCGTAGAATTGCCTTCCTAGGGCTGCAATGCCGTTCATCCACTAAGACGACCCACTCGCGACATAGCCGAATGTGCCCAAATTAGTTTCGGCACACCCTCAATAGGGACCTCCTGGATAAGAGAGATAGTAAACTAATGAAGCGCAGGCTTCTCCAACAGACTGATTCATAGCAGCGAAGAATGGTCAAGCGCTGTAGGTGCGCCCCAACCGCCGGGGTGCGCACAAGAATTACCACATCCTTCCCGAGTGAGCGGGGGATGCGGCGGGAGAACGTAGACACTCCAAGCCTCGTACCTCGAGGCGAGAGACATAAAACCATCCTCGAGGTGCTGAGCCGGGCAGCTGATGTGGGCGATGATCCCCCTGCCCGGTACGAACCATCATTGTTACCCTCATCAGCGACATCGGGCCAAAGAAGACTTGATCTAGACATGAGCCGATTATTAGTTGAGAACTACCTCGCCACATTATCCGGCCATTCGGTTTAAGTGGGTCAATCGTATGTTGGTTAATCAGATCAAGTGTGTGATACTCTATTAAGGATATGGCACGACCGGGTGAATGCAGCTGCCTCTGACTCTTGCATCTAGTACTGCCATAGACCCCCCGCACACAGGTATCTGGGTTATTGTGAGGAGGCATCACAGGCGAGCTTCGGCAATACCAAATGTCAGTGGTAACAGGAAACACAACTGACCCCGGTATACGTATCTCGTTGCAGTGAGCGATTAAATCCCTCAATCTGCTACGCTTGAGTAAAAGGTGCCCATTACCAACTCTGCTTCCAGCAATAGCTGCATTTAGAATGAGCCGACTTCATAAATACATTTTGGACCGTTGCTGAGTCGGACGATAGCGCAAGACGACATTCACGCATGT,1780,50.73,Arabidopsis thaliana
SEQ_725297,ATCATATTCACGTTGTACTTCTCCAGTGAGTCTCGCCGGCTTCATGATTGTACATGTGCCGTGCTAGTGCTGGCGGGCTGAATTTTGTCTTCGCTGCGTCCGCCATGCCAGGAATGGAGTACACATGCGTTGATATAATACTCTTACTATACCGATCACGGGAGAAGCTGCACAGGCATTGTAGTCGGTCCCGCCAGTTCGAACCTGAGTATAGCAGTCGCGCAAACACTCCAGCGGAACGATATAGTAAGGATCTGGCCAAGACTATAACATAGGTGGTACGCGCGGCCATGAGCAGCCCCACGTATCCTCGGGGCACGAGGCATTGGCATGGTTGATCGGGTTGGTCGGACCTATGACTTATGTTCACGACCTTCGCTGAGCCCTTGTGGCGGACCAAGGTTGATTAGTCACAGTGGTTTCTGTCGTGTTCTCCGTGGCCCGAACAGCTACCTCGCCGACTGAGAGACCATTAGCGAGCCCTCACTATGTAGCGAGCAGTAACTAGGATATCGAGACCAACCCTTAGCGTGATTTGGCACAGGGATTTGACACAGGACTCAATTGTTGGTAGCGAGAAGTTAGAAGGGGGTTGGTCAACATTAAAAAGACAATACCTGTTGCTCGGTGAATGGTCAACCATCTGCCACAGATCCACACAAGTACTTGTGCGTCCCTAAGATTACTACAAACTTTACTGAGTGCAGGTCGACGCGGGGAGAAGTCCGATTTCGTTGGCGCTTATTATAAACCGGGTATGTTAGGCTGATTGTTAACATTTGGCGCCTTGCTTGTCTTGGAGTTAGCAGTGATCGCGAAACTTCTTGTCTTGCTGAATACCAGTATTGGGTTTATTTTGTAGTAGTCTTCCCTAAACCTCTGATAAATGTACTACGCGCAGTCAAACCATAGGTTTTAAGCATTCAGGCTTCTTTTGGAGGCGCCTCGCGACTTGCCTAGCGTGTATCTTCTAAAGATGAAAGGGTCCCTGTGAGAGCTTTGGTTTATTGTCGCAGCACCCAACTGGTAACTCCTTGAAAACAGTATTGGTCAATGCGTATTACACAAACCTGGCGGCTATCAACCGCACCATTCAATACCATCGGGGCGGGCGCTCCAAGCCAGAAGCTCAAGGCCTCGTGCCCTTGGTTTAGTGATTTAAGGAGTGAACGCTTGCCAACGCGGTGCCAGGATAGCGAAGGGCCCACTTAATTACATACGGGCTCCAACTAACTATGCGGAGTTAGAATAGCTAAAACTTAATCGAGTATGAGGGCGCAGCCCAGCTGACAATTTCGTGACGGCGTCCGTAGACTCCGGGGCTACAGCGGACTGGAGCATGCGTATACGTACTGGCTTTTCCGTAAGTTTCTGCCCTAGCTTGTCGGTGCTCCTTTCTGTTGCCACACTAATGTGACTACACTCATGAGTCTACATGGGACTAGTGGCG,1450,50.14,Drosophila melanogaster
SEQ_504993,CGACTTCTACCTCTTCCTCATGTAGACACGACCGAGAGCGCGGGAGAAGTGCGTATTAAATATCAGAAATATAGCGAGTAGTAAATGACAGCCAAATAGACAGTGGCAAGGTCGCTTTCCCACACCAATTCCCGGGCCGCTTTTCGGCCTGCATCGTTTTGCAGTCGGCTGCCCCTTGCTCCTTGCTTCGGCTAGCAGGACAGATCGTAAAAGCTCAGGTCTAACGGTCTGGTATTTAGACGAAACACGCTACCCAGGACGACTGTAGCTCTCCTGAGGGGTGCGCGGGTTTCTCGATCATCCCGCTTTTGGCGTGGCGTATTCGCATGGTAGCGTAGCGTCCCGTACTGCGCAGACGGTACGTTCTGGCCGATTGAGCGCTAAATACATTTGAGACTCGTGGTCGTTTGATCGTTCACGTCTCGTTCAACCCTAGACGACAACAAAGAGCAATGCGACCTCACCCGTGATCTCTACAACCAGCTAATTCCCGAGAACCAATACTTCCTTTCAAGTCCCAGCAATCATCAGGACATCACATGAGCGGGTGAATGCCTTGCCACGAGCGCAAGGGCTTAGTGACTCTCAATTAAGTGGTGGGCTAAGGTTCACAGTCGAGCAGGTCTTCACGTTGTGCTGATGTTCTAGCCCTCTAGGTCATGCTGGGCTGGCTGTGGGCTCTTACTGTTGTTAGTTGTCCAGCCCGATCGTATTGTCAGGATAACATACAGTAGTAAGACCGCGTTTCCAATTAAAAGTGGCCGCAGGCACGGGACCATGTTATCAACAACTATGTAATCTGGTGTAGATTAGATAATGAGTCGGCCGATCACGTCTCACTGGACAAAAGCCTCGTAAATGTTGCCGCACGAGGTGGAATGTGCGCTCCGTTCTCTAGCGGCGGATGCACAGAATCGTTAATACTGCTGGGAAATTAGGGGTGAGGAAGCACCTATTAGGGGTATTTAAGCAGCGCGGAAGACGAATAGGTGTCTCACGGCTGTAGGTTTTGCCGACTGAGATCGGATTGTCTACTAATATGATCGGCTTTAGAAACATCCAAATCGAGTAAGCACATAAATTATGG,1087,50.41,Mus musculus
SEQ_439605,CGGAACTTAGTACACTAATTTTGAGAAGGAAATCAGTCGTTATTCACAACCGATAGGAGCCAGGTACAGGTGGTGTCGTTGATGTTTTGTGTTATAGAGCCATAACCCCGAATCGCAGGGTCAAAAATGGCTGGACGACTGTTACGCTAGCGACGAGAGACCTCGGGACGCCCTCGCCGATGACCCGTACCCCTGGTCTTAGAGGCTGGCTCTAAGGCACATCATATAAATTCGACACCCCCGATGTTCTGTTCTTGTTTTGGATAATAAACAGCTAGTTAATTCGAGATCGCGTTTATTCAATCGTATTCACGTGTCGAATAGGTTGGGAAAGCGTCAAGGGTTTAAACGCACAGCTTTTACGGAAGACCACTGTTTTCACTTGCTGGGTAGAGCTACAGCGTAGGAACGCAGCCACGCAGGATCGCTCGCCATAAGCCTGGCGGGGGATCCGAGGATCGTCCTGGCTCGCGGCGCGAGTTTATATAGAGTATCTTGACACGAGACAAAGGGTCCGGGCATTAATAAGCTGGGCGATTATACGCTGTGCGAAAGGAGGGCACACTGGCTGAAGGTGATCATACAATTCTACGGTTCGGAATCAGGTCTCGTATCCACACTATGCTAGGAGTTATGCTAGAATTCCCTCATGGCGGTTCCCTACGGATCAGCACCTTTCTGGGCGACTCCCTAAACTCATCCCAGATATAATCGACTCAATCACTAAGGCGGGCGGCGGTATCCCGGTACCGTATCACCATGATGGATGTCATTCGCGGTGGGTACCCCGTCGCGGGTTCGGAATCTTTCTTGCTTTTTATATACGACCCGACAGGCTTGAATTCCCGATTACTGGTCAAAGATATTAGCCTCCAATTAACAGGAGGTTTGGCAGGGCCCTTCTGCGGGCAGGCATTAATCTGGACCAATTATTAAATTCGTACCCTTCACGACTTCTTTAACTCGCAATCTCGATGTCGCTAGTGGGTTGCTGACGTGCTCCCGTTTCAGAGGCTGCTTATCTGATACACCTCTAGCACCAAGTGGGTCCGCAGGGTGGGTTGCTCTTAGTCATACCACATTTGAGATCTAGCTCTTGGTACCTATGTGCCTAGGCTGACACGACTCCTCTGCCCGATTATAGGCGTTGATGCTAAAGTACTCTTCCGTTGCCCGGATGCCTGGAATAAGCATGACAGTAGATTAAATGTCGGTA,1216,49.92,Escherichia coli
SEQ_560560,ACCGGCGGCCCTCTTAAGCGGTTCGATGAAGCTGCTAAGCACCGGATAAATGACGTACAGAATAAACCGATGCTTGTTGCACACGTTACGTTATAGGGTCTAGGGTGTTCCACCTTCAAGCTCGCGGTGACAGGTTCTCGAACCCCATCCCAATATTGATAGGTCTGCAAATGCGGGCCCAGGCCACCGGATACGGGAGGAGCAATCAGTCGATCACTTATTTAGCGGCGGTTCGGGACGAGTAAGGGAGAGCATCTGGAGTGTTAGAATTAGATTCAGATGCTGGAGGTTTGAGCGGTGTAGTCGGGGTGCGTATACCGTGATACGAATACTGTCCCCGAAGCTTCAGGCAAAAGACTCCCAGCCAACTTGGCAACCTTAAGCTTACAATAAACTCAATGAGAGGGAGCGGCGCCTAACAGGAGCAGACTTTTGATTCCTGCGTCTCTAACAGCTGCGTTGGTGATACTGCGGGGACGCGGCACTATTCAACTTAGAACTCATCTGTCTCGGAGTTCGGCACCAAGCCACTGTTTTCAAACGAGTCCGGACGGGATTCAGGAACCAGCTACGAACGTAGTATAATATCCGTTCGTTCATAGATACCTCGATTGGTACAGGTATGCA,627,51.04,Caenorhabditis elegans
SEQ_944750,GGGAGAGGTCCGCGAAAACGCCTTACGCATGACGATTCTTTCGGGCATTCATCCTCTCACCGCTCTCGCAGGGCCAAGACGGGTTGATTGTGCAAATACCCGTTTGTTCCAGTTAAGTTCTTAGAAAATCGGGGTGTTGGTCAATCGTATCGGATACGCTCCGTCGTTGTAAAAGAGGAAAGAGTTGAACGGATTGGTCTCAGAGCTGCAGAGACCGCTCAGGTCATTCTTTCCAACTGGGCTGCTTTATGGCAATAGGGGCCTTCTCGTCTAGAACAAGTATTCCTCCCGTGGAAAATTGAGTCATGCCCTATACGATCCGAGCGGTCCAATCTCCTTTTTATAAGACTTCAACCCCCTTCGGGTCGTACCCGAAATGCGCGTGTGCAACATTTGCGCACAACTACCGAGCGTGGAATTGTACTTATAAACATAGTGCCGGGAATTATTTACCGTGCTGTCCTTTAGTGTACTATGGGTTATGTCCAGCGCTCTAACTATATTTAAAGTTATGACATAAGGCATTACAAAGCGTACTGGGGTATATTCTATGGATGAGACGCAACCTTTAGGCCGAAGGAACCAGTAGAACCGGTCCCACTGAACCGTCGGGCTACGATCATGGGCGTATATACGCCGCCCGCAACTCGCCAGCCCCAGATTCTAGATAAGCTGGCCTTATCCCTCGTCAAGGACCCTAGAGGTAGCCCGATTGGAGAACGTAGTAAGTGGGATAGGGCCCAAGGGCCAGAATAAGAGCCGGTGACGGACCGAATCCGAAAGGTGCGCGCCAGTTACTCGAACGGCAACACCCCGATTCAGGGCTACTGAAAATGGAATTTTCGATCTTGCTGACTATCTTCTTCGCTAAACCGGAGCATCAGGCGGCAACAGGCGGGCGTTTCGTGAACGATTATTTTCATCGCTTATTAGCTATCGCCGGAGGACAGCCTACGTTCAGG,962,50.52,Drosophila melanogaster
SEQ_551652,CCTACTTTAGGTCCTATAAAGGAAAAATGGAAAGTATTTCCACAACCCCACTTTTATGCTTTTCACCTAGGCCATACACCTACCAGTGACTTCTTCGTAGTGACTAGGAGGTGTACGCCGCACGGCGGTAGATAAGCCGAGTAGTAAACACACTCGCTCATTGCCTTAGGACTTCCCGTTCTGAAAAAAGGTCACTTCCAACATGTGCGTTTGCAACCTGCGACATTTCCAGCGAGGAAATCGTCTCCTAACTCGAGGGGTCGGGCCCGACTATGGCAGCTTAAGTATGGCGTCAAGTGTCGCCGGGCGCCAACTGCCCCCCTTATTAGCCATGACGGGAGCGGATATGCTATCTGCGAACACGAGCAGACATGACCCGAACAACTATTCTAGATCGCCAAAAGTCTGCACGTGCACACACACGGACGTCCTATGATCTGGCAGCTGCACATTCTGAGCGGACGCCTCCGGCATGCCACTCTAAACGTTGACGCCCCACGAACCGTTATTAACGAGTTGAGATATCAAAGGATGTCAGATTGAGTACGTTGCTGTTATGGTTTGTCAGCCGCCACACACAGCCACGGTAACGATTTATGAAACCACTCTGACCTTATTTCACCCGCTAAACTAGAGGTTGCCGTATTGTACCGGACGATTTACGAGCCACCTTGTCTGGTAACAATCAGTCGATTAAGCTTTTCCGCAATAATCACCAGGCCCGGTATGTGTGTAACTGGCCTATCTACCTGCGAAGTCTATCGACCGAATCTTCCAGTCATTCCCTCAAAAGTGTTACGACAAACCGTGTTGTGGTGTTACTTTCGGGAGTTGGGTTGGGTGTATGTGTAGCCCTCGCTACAAGATGGGAGATAGGATGTGTACCTACGGACAGGATCTTCCGATTTAGCGCGCACGGGTAGTTTTGATCTGTGTCCCCGTCTCTAGCAATACCACCCAGTTAATCCGCTAAACTCATGCCTGCTGGACCGGAAATGGCTTTAACTCGAACGTCCCAAGGCGGCCATTAGGAGCTCAAGTCGCCAGCTCCTCCGGCGGACCGTGCTGGCCGAGCATTGCTAATTGACAAGATGCAGAATATTGGGGGCTGTCGGAGACCGGTCGCTGACTTCTA,1135,51.01,Saccharomyces cerevisiae
SEQ_644544,AGACAAATCTGCGTACCTCTTTCAGTTTCCCGAGCAAATTAACAGTGCGACACTAGAGTATGCTCGACTCCGGAATGTTGGCCTGTAGCGGGACAAGAGAGCGTTATACCTTGGCTGTGGAGCGGAGCCGACCACCCACTTGGCTAAGCCCAACCGCCAGAGTTGCAAACTGGCTTGGCGCACGATCGTCGTAGCGGGCATTGACGCAATAAACCGGTTGACACGTCGGCTGCGGGCAAGCAAAAACCTTCTTTTACTGTCGAAAGTTCGATGATTGACTTCGTATTAAAAGTGCGCATATTACGGAAGGACTGTCGTAACATGTCCGACCGCGTTGCGATATCTACAAGAGCAATGGGGGATGTTGACTCTATTGACCGGTCGGTCCGCAAACCCATTATCGTGTACACCCAGTTTATATACGGTGACGTTGCAGAGTACCAGACGTAATGATTTTTTCCTCTTCGGCTGCAGAACTTAGGCGACTAGCAGACCCCAGCTGATGTATAGGAGGACAGGATCGCAACCCCTTACCGGCATCTAGCGGAGGCTCGATTATCGATCCCGTTTTGAAGTGAAATAATCTTATTGTATCACGGTTATGGAAACTTACCCTTGCTATACTATAGTGCGCCAAATAAAGTTCCATTCCGGGCTGGACGAGTGGCGTGTACCAGCTTGTCCACGCGGATCGGGAACTAGCAGTTCCAGATCCTCAGGACCGTGTAGGTGGCCTAATATCAGAAGTAGTCACAACTGTCGATTGAAGGTGGCCAATCCTCAGAGACCACACACCGCCGTCGAGGGTTGTGGATTTGCTGTTACCTGACGTAGACCTTGGGAGTCCGTCCCCTCTCCACCTTCGTCGTTCCGACACCAGCGCAATCGGGTTAGTCAAGGTTACATCACTTCCTTCAGCTGAGCAGAACGACATGGCCACATAGGTCGCACTATAGCGATCAATGGACAATGTTACACATATTAACCAGCCAGGCGGAGGTCAGCGGGGGAGGCACGAAGACGTTGTTTTGTTGACCGAGAGGTACCGCGCACTTACCTAGAGAAGTCACTTACAAACTAAGCATGACTCCATCTCCCATATTCAAAGCACAATTTTGTGGGGGAAGGCCTCCTGTTAAGGGGACGGCTCTTTAGCCGGGGCGTATCCTGGGCAACGTAAATTTATAAACACACCGAATGAATGTCTCATCAACATGCTTTTCGATCCGGAAAGAAGACAAACCCCCAGAGCGCATAAGAAAGGACGCATAGCACCCTGGAATTATATGTCGGACCTACAAATGCAGGGAAAGCAGATATGTATGGTAACGAGGGGCTGTCAAACGACGTCGTCCTTCTCATATCATATATTATGTGGCGAGGATGCACTTCGGTAGCTGGACCGTTCCGTTATATGAGCGGGGCTGCACCAAGTCTCCTTTCGGGTGGTGATATTTCAGGTCCCGGTTGTTTTGTCTCCCTCTGCACCAT,1491,50.44,Caenorhabditis elegans
SEQ_387521,AATGTAGGGTGCAAGGCTCATGATGCTTGGCTGCAAATCGTCTTTGGGCATGCTAAAAAGTCGCAGTCGATCTATTTAGCCTAATAAGGCCCAGAGCAGTGCGCACTAAGAAATTTAACTACCCACTACAGTATGCTGGGGCGGTTTGGCTCTCCAACAATAAAGGTGAGAGAGCTCAAAAGTTGAAACATTACAACTAGCAAGCGCGGTGGGAATACGGCGCTCAGGGAAAGTCAATAGGCTGTCTACCAGTCTAGCGAGTAGGATTACCTGACTTCTGAGCCCCTTCTGCCATTGCTCTAATCCGTCTCTTCAGTTTGGAATTGTAATCCGCTGGCGGACTGCGAAAGGGTTCGATAGGTCACTATCACCACAGTCTCATAACGTACGCATAACAAGCGTTTAATCGTATGGTAGTTGGATCTGTTTATACGCGACGGAACCAGTTCTTATAGTCTAGCCATCTGGGATATATATTATGTGAAAGTGGGTGCGAAGATCAGTTTTGGAATCTCCGCGGACCTGGAGAGAGCCTTTTGGCATATTACCTGCGGTCTGCTTAGGGAAGTGATAGTAGCGCGTCCCGAGCGGACGTGCTCTACTTGGAAATAAGCGTCGTGGAGGGCTTAGAGATTTGGTCTTATGAGCACTACCAAATGTATTTGACGAGTAATGGCCTTGCGTCTTAACGACTGATAATATGTATTCGGTTAGAATATACGCTCTGGCCAAAAGATCGGGTAAAATAGTAACCAGTCCTACCACACGGTCGGGGAGACGGATCCGGGGAAATAAAGCAACCGTAACTTGACTATCCCGTGCCCACGGGGTTGC,834,47.72,Drosophila melanogaster
SEQ_343362,TGGAAAAGACTTAAAAGATATCCGGGGTCCGACACTGGAGTCTAATGAAGGTTGAGACGCTCACTGTATTTCCCATCACATTTGGCGCTATATTCTGGTCTCCGTGCAGCACTGGAGTACGTAGATGCGCACGCAGGGAGCATTTGGATGCTGACTAGAGTGGAACTCTTAGCAATTTGGCCCGTCAGAGGCACAGATGCTGAGAGCGGGGCTTAGGAGTGGCTACCCCGTTTGTACTCGTACATGACTGTAACGGTGTACTACATGCGGCGTTCGAATATATCCCACCCATTTCAGGTATGCATCGTAACCAGCCTGTCCTGCAAGGTTCCTAAATCAGCAGACACAACGGCTGCCTACGTGGGATCAGGCAACGTTTAGCACCCTGCCTACTTGTGTGGCCACGCCTATATTTCCTGCCAGCCGCTACGTTCTTTCTGATTGGGACAAACTGGCATCAAGCTTGTTCAATCCATGTAGCCAGTAGCCGATACCCCGGCTAATGCGCGCTGCCGTGTTTCGTAACGCGTCGGATGAGTACATACAACTCATATGCGGTGATACGCCGTACAAGGCGTGATATACAGGTCAGCCGGTCGGCCAGCTTAAACGATCCTCCGAAAGCTAGGTTGACGCCTCAATTGAGATCTCCATCGGTCACTAAAACTACTAGCTTACAATTAGCTGGCTTGCTATAATATGTCTACGGGTGTGTTGCCCTCCGTGGCACCTCGCGTGGAGACTAGATACCATCAAATACCTCTATCGTATCCTGAAATATGCCAATCTTTTAGGAGACTAGGGGCTTGCTTCTCGATAGCTGAGGAATGATGTGGAATACGGCCACATCTAAGCTGGAGGATTGACGGAATGGTGAATTTAAGCAATACTAGAGTTGACACATGGTAAGGCGGATGACGCGACAGTCTTGGTAAGGTCCTCAACTCAGAAACCTATCCGCTCAAATGGGATGGATTTAATGGATGGATTGTGAGTCCCTCGACGGATTGGAACAGACTGATGGAAAACCATGGTCGCAATTGTTGGGTCGACCAACTGTTTCCTAGGCAACCGAGTCCTTTTTGCAAGGTGTGTCAATGCACCGTGTATGTCGCAAATGCGTTACTGCTGTCTATGAAGAGAGCCTCAAATAGACACCGAAGTGCGACTTAGGCGCAGCTTTATTAAGCTATCCGCTGACCTAGATGTGGATTCTCTCTGTTCTCTCACTCGCGCAAAGCGGGTACAACGCCAGTTCGTAGTATTCTGAAGGCCGTAGAGCTCCCGCTGGCTAAGATGACTTGCCCGAGGATTGCCTCTAAAACGTTCACTCGTAACCGGGGACAGTTAAAAGAGAAGGGCTTTCCAGTAACCGTTACATGCCACATCGCTTGTGTATACAAAGGCCATCCAGTTTTAGCCAGTCTTCTGAAAAAGACTGGAATCGACTTAGTAATTGATAACGATAGACCCCTCCGATCTGACCTCGGACTATGTGGTTGTTGATGCACTGATGTCAGGGACGATGCTATCCCCCCGGGACCTTTCGCCACATACGCGCCCCTGGCCCGGAACTTGCACAACGAACTGTGACCGTGAAGCCCTAGTCTGTGGTACACCTTCCCCCCCGGCGGGTCGATACAGCCGTGAGTGCGGTTCTGGATAAAGTACGGCTACAAGTGCCCTCTCGATACCCAATAAAAGCTATTTCTTGACGACAGCTACCTCCATCTCGCGAATGGTTTTGTCGACAAGAGGTATAATAGCATACGTGTGGGAAATCAGCGGAACTTATGCCATCTGGGATTGTTCCGGCGAAATAGTGCTGGAAAAGGAGACGCTCACTTGGACCAGTTCTTCTGAAAATATGACTACGTGCGGCGGCCGACAGCCAATGTCATTGGCGGACGGCTGTTCGTTAAGAATGCAGCCATCAGGCTGCGCATCTCGAGGGTTTATTAGGTGGAATAGGACCTGACCACCCGACCGCG,1991,50.48,Drosophila melanogaster
SEQ_994425,TGAAGGACACTGAGGTGAGTTGGCTTGGCGCGCTAGAAGGCTTGAATATCCGATGTTCTCTTCTGACCCCAGCCTGTACGTACCTCTTCGATATCGCCCGCATCGCAGGGAGGGTCTCTAATAGAACCGTCAGAGGTCATTTCCACTCGTCTCTTCTGTTGCTTGAATCAATGAATATCTGGTTTACCGGTTTGTAGAATAATTTTCAGGTTGCAACCGTTAATTCCACTCAGTCACTGCTTACAGGTCCGAGGGCGTAACATAAGCGCAGCTTGTATCTAGTAGTCTGACACCGAGTACGAACATTCAGGTTCTTAGACCCGGACTGGTAAAATTTAGTCCGGCAAAGCCTATGCGTGCTCCGCCATCTACTTGGGAGACACCGTGGATCTCAACTTAACGAGTCGAAATGGACAACTGTGAATAGGGGCGGGCTGAGCGAGCGTAGCTCGCGCAAACCCAACTCCTTCTGGTTTGGATTCAGACACGGCCGGCTTTGAGCTGCATTCTCCCAGTATGCGGACAGGGAAGCCGTGCACGTTAGCAGGCACTCTGGATTCCAACCCATCTGATAGCTTTTCAAAACAGATCTCTTATCCCAGGACACATGGTAAGATGCAGAAGACGCTCCCATAAGTTTTCGATATGCATTACGGTCAGGACGAGACTACAGCTAGAAAATGTAGCGGGCTGATGCTAAATTGGATCCATGCAGCCTGATAACCTGAGGTAAGCATGGTCTGAATAGGGTCAGATAATGTTAGATTTATCGCCTTCAAGCCATAGAGCG,790,49.11,Mus musculus
SEQ_825899,GGAAGTGGGGATTATGCTCACGCAACGACACAGGTAGAAATACCAGCATTAAGAGTCTCTCAAGCCCAAAAGTGCCCGGGAGTAGACAGAATCTCCTGTCGATCAAACCCCTCTGCCCTTGGGACTGGGGTGGAACCCTGTCTGAAAGCTTGCAGCCAATCTTTGAACACTAAATCCAGTATCGGTCGTTTGATTAGCAGTCCTCCTATTAGTGTTCGATCTCCGTGCGGTCATGGCATCACAACAGGGATTCCACGCAGTGGTTGTATAAGTACCCCTCACCGCGTATTCTGATTTCTTTTCGGCCCGGGCGTTAGCTTACCTTGAGAGCATGTCGATGCCCTAATCGGGCGACAGCTCATTGTACTATCGGTTCCCCCAACCCGAACCGCGCTAGCGCTTATTCTGTGAGGTAAGTTTATACTGATTTTAGTAAATAGTTGCCCCCTTTAGAAAGATCAAATGATCATCAGCAATTATCCTCGCTTACCCTTTTCTGGGATTTGGATCCGCGATCGCACACTGATCCCTATTCAATGCCCAGGACGAAGATCGCCAGGATTTGACTATGTCGTTCGCGCCAATGCAGTATCGGAGCATATATACCTAGGTAAATTTACCACGTCGTTCCAACATCTGAACAGCCTATGCAAGCACCATCCTCAGGGAGCACTAGGAGAAGATTATCTCGAACCTAATGAGACATGACACGTCGGCAGGGTACCCAAAAACTCGGATCTGTGCCAGCGGGCCGTAAGCTTGTCCAACCGTGGAAATTTCTTACCGTGCGCCAGTGGGCACGACAGTGGAAGACCCAGATGACATTTATCGGACCTTAGCAGTGTGCACAAGCTTAGTTAGCTAGGCGGCCAGAGGGCGTGTCCTAATATAGAAGGGAAGGCGCAAGAGGAAACCTCGTCTTGCGATTGACGGGAGACCAAGGGTCAAACACTTGAAGCGTCCAATGTCAAAAAATTCTCCTAGCCATAATAAGGTCCTTGGCTACACTTTGGTAGAATCATTTATCTGTTTCTGATCTGCGGTTGCATAGGCAGTTACTACTCACTATGCGAGTTAGATGAACCTTACTACCGGCCTGCAGGGGTATTCCCTCAATACACAACTCATTCCCCTTCAGCTGGATGCAGGGCTCGGGTGATGCACGTATCGTAAGAAGTTCAACGTAATCCCAAGCTTAGCACCAAACTACGTATTGACTGGAGCTTAGCGTCCTGGTACTAAGTGTCACGCCAAGTACGCTTCGTGGGTGCGGTGATATGTAAGCCCAAGATGACCACGTCCTCGGGCCCGTGATTGCGCACAGTCTAGACGATGGCGCGAAGCGTTTTCGGCGGCTCAGCTGGGATGCGCACAGGGGGCGCGCGAAGGTGATTCATCCCTATCTTGTCATCCATTCCGTCGAGGAATCGAGTAGCTATAGTTTTCGGATTAAGGCGTGTAGATAGGGAAACCAGACTCACACCTTCGCAAGTTAGGAACTTGTTCGTCGGCGCCGGGAAATTGTCATATAGGGACACTTACCGTCCACGATTGCTTTGCCAATACACAGCCCTCCGAGCGTTAAAAATCAAGTTCGTATTTGATCACCAATCAACGCCTAAGTCTATCGCCTAGATTAAATCCGCTGTGGATGTGCAGTGCTCTCGGATACGATTTTTTCCTTCAGATCAGACGGAAGAGTAATACTACACCCGAGAGAGCCGGAGCAGAGTCATTCTATTCCACGCTGCAGTTTCAGGTCAGTAACAGCCCCCTTATGGACCTCTAAGGTGGCTCGCAAATTAATTGGAGACTGGCTCTCATCCAGAATCTTCTGCCTAC,1842,49.73,Mus musculus
SEQ_296686,ATTCAGGGTACTACCACGGATTATTACCGTGATGAATGAATGCGGGGTAAGCTCAGATCTGGCCAAGCGTCAGCATGAATCTTAGTCATTGTCTCATACTATGCTCGCAAATGAGTTGACGGGGAAGTCTTTGACGAAGATGTCTTTGCGAACCCCCTTATAAAAACCTAAACGCACTGTGTAGGCGCCTATCGACTGGGTGGTATCCAAATCTTTGTAAGACCCGACTACGCGCTTGTATTGGACACTGTACCAAACCACAAGGAGGATCGAGGATTCCAATAATTATCCCTCATCCTGACAAGAATCAATCGAACTTTACCGTTGTCCTGATAAAGACGACCGATCATCGGGTTTTGTGGCGCTTCGTAAAACGGTCGGGCAAATCGCATGCAACAGCCACAAAGGTGTACCATTGTTTGACGGGGCTCGTATGATTTGAGCCCCTTACAGAATTGAAATTAATTTCCATTTTCTTCTCCCGGGCTCCCGTCGCTGGTCCGGAGTTCGTGCTGATCGGAGATTGAAAGAACTGTACGATAATTTTGGGTGGGAAGGGCTCTTGCGAAATGGTTCGCCTGCAGTGACGTTTTATTTCCCCTTCGATCTTTATATTGAGAAAGGCAGAACGCTCATGTAGTGGTCTTAGACGAAGCCCTTCACCTCTTCTATGTCCTGCAAAAACCCGTGAACAGTTAGGGGGCAAGAATAAAAACACGGCTTTCGGCAACCTTACAGCTATCTGCGAGGATACATCGGTCATGCAGGGAATCCTTACCGCTTCGGCGCTGAGGCGACCCCAGGTCGTATATCTGGGCTAAGAGTTCTTCTTTGCCATCCTCCGAGTCGTATCGGCGGGCCTTTCTCGCGATAAGTATTCTCCAATTTTACTGCCGATGTTGCCCCGGGACTCGTACCTGTACGGCACCATAGACGCCAGATATGCGCGGTCTTGATTCGTGTAATCGATTCGGGCAGTTATGAGCCGCGTTGAACGCCTCGATAGACACTTAAAAGACAAAGTACGTCTGCTCGCAGTGTACGTTCAAGGAAAATGTTACCCATGGCTCACACCCACACTGGAACGGCCCGTACAGAGCCGTTTAAGCCGGGGATAAAGAGGTGCACCCGCTTCATTATTGGAGTGTGTCCCGGAACGGCAATACCCGCGACCCTCGCTGACGAGATTGGTGCAAGAGACGAAACTAACTGCGTTCACGTGATCAGTTTGCCCGGGCAACATGCGTCCGCTAGGGTCCAGTAATCATAATGGACAAGTATACGAGATAGCTCTTTATCTAGACTCAGCAGTACCCTCTCTTCGAGCGCTTAGGAGTGGTACCAGGAAGAATAGCGTTCGGCCAGTGGAGGTGCACGTTGCCATGAATGTCAATCGCTTGATGGTAGTTGCTGCGACTGCGGGGGTGTTTCATCGTCGCAGTAGTGGTGACGACATGGCTGGGGTGACTTTTGTCCGGTGTTAAGCCCGCTAGAGGTCAAAGTCCGCAGCTCATTTAGGAACTATCTAGGCTCAGCCCCGTCACAGTAGCCAAAGATACCATTTTTATAACCTGGCATTGGATCCCAAAGTTATATCTCTATGCCCTCCCTTTATGCAGCGCGCGACGCGTCAAAGAATCAGGACCCTAGTTGTCGACGGTTTCGGTCCTACACTGCCACGATCAACCGAAGACGAGCGATCAATCGACCTAAACCACTCGCCAGTCGGCTAAGGCGGACAGCTTTGACTGGGTGCAATTGACCCCCCCCATCCCTCCCGGCGGAACTAGGACTTCTTCTTTGTACCTTGCCAGCCCGAAGTCCGCCGCGCATGAGACTAGGACTATTCGTACCCAATTTCCACATATGGACCGTTGCCGATAAGCCTAGAGTTGTGTCACGCGGCG,1907,50.87,Homo sapiens
SEQ_299660,CTGCGAAAGGATTAACCAGGAGGCCCTCCATACTGACCTAGGGGTGCAAGGTTGTAAACCGAACCAATATCTGAGGTCAGTGGCGCCACCGTTAAATCGGAACAAGTTGAGTAATAATGTACTATATTAGAAACGCATCTTATCCGGCCATGTGATGGGATGGGCCCTAGAATCGAGCATCCATCGCTACGCATTGCCCCAGCACGTCAACAGAGGTAAGAGCTACCCAAAGGGCTCACCCCGGTGGAAGGCGTCGCCGTGTCCGATGAAATTCCATGCAACAATCGAGCCCCCGACGCTATTTCAGATGAAATGTAGCATATCTCTGCCGGTTAAAATCCCATTTGTT,349,50.14,Drosophila melanogaster
SEQ_978680,ATAGGTCAAGGTTGTTTTGATCCGGATGCAGTATGCGACTGCAGCAACGGCCGGCCCGAAATCCTAGCAGATTGAGCATCAATAGGCCGCTGCTTGTACGTTCTCCCTCGACGATTGAAAACCGATGACCCTTGGTCGTCTCAGTTGTAAAGGGTTCTATCGTGGTAACGTTGGATTATCCTCCTGGGTCTCTGGAGGGGCTAGTAACAAGCACTACATACGTAAACCCGTGTACGTATGGCCGTGACGCGATTTGATCGGCGAAGTTAACTAAATGCTGATGATCGGTTTTCATAATAGTTAGCTTGATACCGCCTTGCCGCTGCCTGAAATGCAGCCAGTAATACCTCACCTCGATTGCTTTCGTAGGCGGCTCTCTTCTTCCCCTCCTATCCTCTGTTACATTTCAAATACGAACTAATCGGTACTGATCCTTGCACAATAGCTTGCATGGGAGCCAGGACTTAAGATGTCAGTGCAACACTACCGCATAATAGGATAGTACTAGCTTCAAGTAGTAGTAGTGAATAACACATGGCTGGTCTGAATACACCTAGCTGAGGGGTCTAGCTCTAACGTAGGTTTACCGATACCCCATGTAGCGTACTACCCGTCCTGTTTGATGACTCCGGTTTATGACCCTCTTGCCCCCTGCCGACCCTCAGGTACATAGCTCCAGTCGCGAGAACTTCGGTACATTCGACTATCTTTCGTCTGCAAACGAAAATGTGAGCGCAATTAACCGGAACTGGTGGGGTCTGGTGTTGGTTGTTACTGTTGTCTAGGAGTCGCAATGGCTAATTACAATCCTTCAAGTCACCGAATGTCGTACCGTATGCTTTACGTCTAGAGACGGTGCTCCGTCCAAAAGTCAGGGTCATCACATGGGTGCTAGGCGATTACTGGTGGATGCTTTCGTAACAAGACTCCTACAAACCGAGGTGCGAAATACAAGCATTTATTAAACCCCCATAACTGGGTTCAGGGTGGTGTGTGTATTAGGGGTGCATCGGGTTAGCCATGATGAGCACGTACATCCGAGTGCCTCGTATGAAAGTTAACAAACTTGAACCGTGGTTGTTATAGAGAGTATATATTAGGTGTTGCACGGAGACAATTTTGCGGGGTAGTTAATGGCAACGACCCAAAGCTTTCATCGGCTGAGTGTGGCAACGAAGCATCTAAGATTCACCACGGAGTCCAACACGCGCGTTTCCATTGTCCTGGTGCAGTCGGGCGTCCACGCGCCGTCCTCGATATAGGTGGAGAAGGTGATAGACGTTTATCGACGTCCTCGAGCACACACGCGGACCCTGAAGGTACGCTAATTTTGCTGGTGCCATTCTTGACCACTTTCACACTCTAGAACAGCCCCTAAATGTTAGAGCATCCAGAGCTATTGTATCAGACTGTACTGCGCAACGATTGAACACACCCCCTGCTCGAGGACGCGAGCACACCGCCAAGTTTTAGTATGGGCGATGGGCAGCTAGGTGGAGCAGTAAAGACCACACTGGGGTCTTTGAAATACCTCCCTTCGCGCATCTGTTGCTGGTTTTTGCTCGACGTTATGCCTAGAACTACGGAGAAAAGACTACTAAGACTGATTTGTCTCCAGGGTGCTCATACCAGGAGTGTCCGCAT,1644,49.27,Drosophila melanogaster
SEQ_146601,CTTTCGGGTTTTTAATCGAACTAAGCACCGAGAGCAGGCGTCAGCAACAGGGAGGTAGGGAACTTATCTGCAGATAATCGCAACTTATATGGCTGTTATAACGTATATTGGCCTACGGGTAATAACTGGTCTCGAGATCCAGCCAATTGTCTAGACAAGGTTTCTCATGCGCATTCCTCAGTACCTAACGATCATGAGCTCTGCGGCGTACCAGGGAGAAACGGTTCATGATCCCGGCAACGGGCGTGGAGAGAGACCCTCACAAGTCCCTAGCAGCCGTCGGATCCCAAATATCGTAAGCTCTTTAGACGGGCCGGTAAGCCCAAAAGACCGTTTCACTAGCATGCGCAATAACCATGCATTCTCCCGAATGAAGGTGCGGTCAGTTACTCTACGCTCGGAATATGCCTGCATTGTATTAAGATACGCTGTACGGCTACCAGCATTCAGGGCTTAGACCATATCCCTTATCATAGGCACCGAGGCTGTATGTACGTCACTGAGATGGTATCGCACTGTACATACATAGTAACGTTCTATATCTCACAACCTGCACTAGATTTCACTG,568,48.59,Arabidopsis thaliana
SEQ_633964,TAGTCTTTGTGAAGCACCAAACCGAGTTAGTCTACGACGCACCGGTCAACGGTGTTAACACTCGAACATACCGGAATTAATCTCTTAGCAACATCCTTGTGCGGACCTAGAGAGGCAGCTTACGCCCTCGTCCTTAAGGTTGCTCCGATAAAATAGTCCGGGACCGGATATAGGGCTTGGGATCACCGTGGGGAAAAAGGAGTGATCACTCTGTACTACCCCAATGCGACCTTACCATTGTGGTTGCTCGTCGGGGCTTGGAACATATGCCCCTGGCTTGCACGTCGCGCCCCCAGATTGAATCTGCCTCCGCCACGGGCCTAGGGAACTTTTTTATGAGTTACGCGATCTATCAAGCGAGACGAGTAGGAATAACTCGTCTACCTAGGCTGCCCCGTTCTGTCCCTGTCACTTACAAAATGCAGAACAAGCTTGCTATGGTGGGCGTACGCATGGGCTTTGGAGGGGTCACGACTAGTGTGGTGATCTAAAGGCTAGTGGTGACACTTTTTAGCGTCAGTCCTAAGACCGGAGGGGTCCATAAAGGAAGCGAACGATATCTCATCACGGAGTACCGACATTAGGCTAAAGTCGCGCCACACTTCAGAGGTCCGACTGGCCTTATGCATTCGTCTTTCTATGTACCGGACATCATACACCATGGCGTCTCGGATCGTTGGCGACGCCCGGGACGGTATGCTTTACAAAGTTCCTCATTCATCTAACGATTTATCAGGCAGGCAGGCATTGTCGAGTTGTCTTTTGAACAGGGCTGACGCAATAAGCGCGAGAGAGCGTAAGCCTGCCTAGTTACTACTTGGGTGGGAGTTGTCCGATTCAAGTTCAACCCATAGGGCTCTTTCGCCAAAAAGACGGCAGGATAACCGGTACAAAGAGCCAGCTTCGACCTCTGACGACTGCTTGCGAATCCCAGTTTATTCCTGGATCATAGCTTAAGGTTATTAAATAAATCCGCGATCGTTGCGAAGACTTGATGTCAAGTCGCTTCTCTCCGAGAACATGCAGCGCCAGCACTCTGCAATGAAATTTCGACAGCTTTATGGTGCACGGCCCATATTGACAGTTAAGCCCAGTATCCGTATGTTTTCAGATCCGTGCGATACCAGGTTTTGCATTAGCGCACCGCTCCACCGATGCCCTATAACAAGACCGTGCGTCAGCGGTCGCGGCCGGGTTGAGCCCGTGACGGCATTGTAATTTCAAGGTCAATTTACTAGGCGTGACCTCAAGAGAATAAAGGATAGCGTTCGGGCTTATCGGCTGCTGGCGAAGGACCGCGGTGCGCTCTTAGGTGACGAGGTTCAAGGCAGACTAAAGATTTCACATGTGTAGTCCTGTGAGTACGGTCAGAAAACGCCATACGAGAGCGAACTGTTGTTGTAAGCAGGCGGTGCTCAGTATGTGACCCCTCAGCACTCTTCTGCGCTGTCCCATTCAATAGGACTTTATCTTGTACGACCTT,1483,51.11,Caenorhabditis elegans
SEQ_398891,TAGTACGACACCTAGCGCTAAGTGAGGGTGGCTGCCGTAGCCATGAGCTTTCTACCGATTTCATACGTGGCGAGTGACCCAGTTTGTGGTGCACCGGAATTCCTTATGCGGTAGGTCCAGTCGGGAGTATTGTCTTTTCACTTTATGGTGGTTACAATGTCCGAGTTGATCTTTTTACGAAACTCTACGCTTCCCTACACGGACCGTTCTTGGAGCTACTCACCAAATGGTCTCCGTTGCCGATCGGAGGGTCAGAAGTCCAAGCCTACCTAGAGTCCTTCTCCAACAGTGCACTGGGCCTTGGAGTATACACCCTTCCCCGCGGAGGAATTAGGATCCGATTCATCCGCTGACCCGCAGATGGGGACTAATTGGAGAGTTAAGACCCTGTTGTAGGTGTTTTGCGGGACTGAAGAACGTTACGCTGAAGGCCTGTTCGGCTCAGTCACCCGCAGAAGGATCATTAAGAGCTGGACTACAGCCTCCGAACGGCCGAGCGGGACTTACTCATTCAGGTGTTCGTAAGACCTACGCAAGTACACCCGAATTTAGGACGTTTCCAGTGCCGGAGTCAGTCCGAGCTTGTTATGTGGCCAATCTATTTTGCCTAAGGGAAACGGTATAGGTCGGCTAGAAAAGATATAAAGTTAGTGTCCCACCACGGTGTCGATCAACTTACTCCAAGGGATCACCACGCTGGCCGCCTCGGTAGGCATCGCGGTTAGCACAAACTATACCATCTAGATCCTCGAAGTGCATGTGAAGACGCTGTGATACCTCGAGGACCTTGTATGGCGCCGCTGAGTTCTGCCTCCATTCCGTTAGGCTTAACGAGGCTCAAAATCAATGTTTGACCTACCACTCCGAATTAGTGCCGGTGTGAACTCAGTGAAGCTACGTTGGTTAAAGCGAATGTTGTCGCGAGATGGACTATCATAAACTGCCATAGGCCCGGGCCTTCGGTGACACGTCTATGTCAACACCTTAAAGCACGTATTTCTTGGGTGATTACCAAAATGTCGACCCTAATGTCGTAAGGCTGACCGGCCCGGCCTCCTAACTATCGCGGGATCACATCTTGATTGGTAATAAGGGCCCGGCACTGGTCCGTTTATAAGGGCAGAGCGTATCTACAGAATTCATCGACTTCAGAGGGATAAGGCTAAGACGAACTAGGAAAGAAGATGAGCTACTTTTAACTCAGAGTAAGGAGTGACGAGGACTTTGAAGCACGTAATGTACTTTAGGTCATTAGGACCAGCTGGTCAACGCTGCGCGTTCAATAACGGAGGTGCTCAGATGATCTGGTGGGCAATAGCGGTGGTGCTCTTTCTACCTAGTATCGGGCTTGATGCTTTTGCTTAAACAACTTCGCAAGCATCGTGCCGGTAAGGTGATCGAGCCCATTTTACGTAATACATGAAGTTCGACCTATCTGCAATCTTGGGATGCGCTGTGGTGTAAACACCAGTCAGACCAGTTTCCTGGGCAGCGCCCGACTTAGAGTAAGCCTGATAGCTCAGCGCATGTGACCAGCAGAGAATTGAACCAGCGACTGCCTGTTCCACATGGGGCCCCCGGTTTAACCAGTAACTAGCGTCAATACTAGGGTAGGCCTTCATGGGAGCCTCCTGCACTCGTTCGTTGGAAGATCTGATGCTGCCTCGTGTTTTAAATTGTTGTCATAGAAGAGAACAGGTCTAACGGGGAGTCTACTCAGATCTGTTAATCTGGATCGGGACCTTTTTAGCTATGAAGGCCA,1762,50.34,Mus musculus
SEQ_859913,GGTGGGAATCGTGGGTACGAGCCAAATCGCAGCGCTCATTTATTGCTGCCAAAATGGGTTTCATGCTAGACGCGCTACTTAATTGGCTACTTTGACGCCGAACCATGGTAGTAAAAGTTCTCATACTTTTCGAGACGTGCCGACGTTTATCTTGACTGAAAAAGGGTAGAAAGACGCAAAACTTTGTTCTGTGTTTCAGGGGCCGGAGATCGTGTCAATAGGGCAAACTGAACAACGCCTCAACTAGCAAGGGATATTCGTCAATTTATTAGCCGCTAACGATGTCACACACCCAGCGAAACAGCCCCGCTAAAAAACCACTCAAGAGG,329,47.11,Saccharomyces cerevisiae
SEQ_442399,GGAATAATCGCCAAGCGATGCATGTTATATTTCCCCGCATTCGGGTCTATAGCGGGTTCTACCCATCTATTAGACGGGGATCCCAACCTGTTTGTGAAATCCACTTTTGTAACTTAGGTACGGTCGGGATCTGCAACCATTACAGATCTGCGGATGCAAAACATCGAAAGCTGGCACAAACCTATGTTATAATCCGACGCCTTGCCAGCTGCCTCGCAAGGTGTACCATCGGGTGAAGGTCGCAACTCCTTTCCACAGTCGAGCTCATCACTGCCCCCAATCGGAAGAGCATGAGACTCATGCCGTCGGCTTCAAATTATCCGCAACGGCCGAGTCGCCCAGCCTCCCCGGGTAGGTCGTTCTAAAATCACACTTACCTAATAGGCTGCGTGGGAATGGCGGATTCTATGACCCCTCCACGCATAAGGATGGCCACTGAGATGAGCTATCATCCGGCTGATTATGCACATTCGGGATTCTAAACTCCGTGCGTAGTAGTCTCCTAATGGTACGACGGGACTGGTTGGCCGGGTGAAGCTCATGCCTTATTGGGCACTAAGGACGCAGAATAGATCTAACATAATCTACCTGCGGGGTCTAGGAAAGTGGTCCACGGATGGGACTACCATCTATATAGCCTTCAGCTGGTGCTACTATACTATGAGTCGGATTAGACAAATAGTTGTCAAATACCCTGCTAATAGAGTGCGGTAAGAATACCTGCATTAGTTCACGATGCATCACGCGAATCGGGGAGAGCGTTATAGCCAATAGGTAAATTGGCGCTTCCCAGTTTTGATCG,802,49.88,Arabidopsis thaliana
SEQ_597242,TATACCCCATAGCACGGTACGCGGCCAATGTTACTCGGTAGAATGTAGCTTAGATAGTTCGCAAGTTTGGCGCGGGATATTGCGACCCGACGTAATTAAGATTAAAGCCTCAAAATCAGTGACATCGGACTGGCTCACGACTGAGGGTCCGTGGGTCGGACATTCCGCGCCTGTCCGTTCGTACGGCTACGCACGTCCTCCCTATGACTATAGGGCAGAAAATGGGAGCGCGTGATAGATGGCCCCGACGCTACCTATGTATCTAGGGGGCGGCCACTGGAGGTAGTAAAACACACGACTGTATCGTGTACGGCACCTAATTGTTGGGGGCGAGTTTCCTCCACCAGCTGCTTGTCGTGGCTGTTTGCCGACATGATTTTCCCGCCAGATGCTATGAGCCGGGCTCAACACTTGTATTTGCTGAAGCGTGATCTAGACACAAGCAAGGTCAGTATCCATGCTCTGACAACGAGATAGTTAAATGCTTTCCACCGACCGCGATCAATGTTGGGCGTGCGCATGCGGATGCCCGGTTCTCATTGCCGAATCCTTAAGCATATCTCGTTTCACATACGTGATGGAACAAAGCTCACTCGTCGGATTACAGTCTATATTCGCAGATATGTATTCTCTATCCTCTACTATAATTCACAGTGTGAAAATAACGGCTACACGGGGGCGTTCGCCGGCCGCGGTTCGCTGTCTGTTCAAGCGTTTTTGGTAACCATCGTGGCGACGAGAAGAGCGAGGTTGCTAGCATGTGGGCAGGAAGGGCTCACTCTACTGCAGTGGTAGGGCTATTTATCAAAAACACTGAAGTCTTCAAGTGGAAGTATCTATGCCGGCTGGCTCCTAATCTACTCTGTCGAATGAGGGAGCCGGACCCCTATAGGCATCCTGCGATTATCTCGCTAGTTGTTGTTGCTAACCTACAAACATAAAACGGGGAATCCGGACATTTATATTAGTGCTAGCCGAACTCGGAGTTACATTACCGTGCACGAAGATAAAGAGGGATAAATTAAACTGTCGATGTTGCATGACACGCCCCGACATTAAATACGGCCACATCCCGGCGGGACTGCAGGCGACCCTAGGCACGTCACATTTTACCCAATGGCCAATCAAGGGCTATAACTTTTTGTCTCAGGCTGATTGAGCGCCGGTTTAAGCTACGTCACGCACATTCCAGGCGTACATTTGTGCAGGG,1210,50.66,Mus musculus
SEQ_923991,GCTGAAAAACGGCGATTTCCCGCTGTGGTCTGTGTATTTCTACAATCATAGGCGATCGGCACAGCAATCGCCTGGCCAGATGTCAGCATGTGCGAAGGACCAGATGGCCGGTCAGCACTACCTATCGGACTATTTACGTAACGTTCAAAGAGTAGCGTTGATTCTCTGAAGGCGCACTGCCTTAATGCTGGTTCGCCTTCCAGTTCGCTAGATGATGCCGCAGTTGGGTCCTAGCGCCTTTGGGGAAGGTTTACTAAAGTGAAGTCCACACTAAGACCCCTCGTATAAGTTTGGTGTAACGCGTAAAAGTCCATTGTGAGTTATTATTTCCACAAGAGTGCGCTCCTATTTCATTGTACGCATTATATCCCATGTAAACTGAAGTGTTGCATAGGAATGGCCCCACCTTTCCCATACAAGCCACTAAGCAAGCTAAGAACCGCTATCATGCGCCTAATTGAAGTAGAACTGGGATCTCTCGAATTGCAGCGATCGACGTTCGATCCGCTGGCAAGGTAGCGCGCATTGTGACCTAAGGTGCAGCGACTGAGGGACTCACTCTTGATTTTAGCTAGGGTGCAAGATGACTGGGGTGAAGAATTTAGGTCTGAGGTTTACGTTACTCGGTGGAAATTATATGCGCAGAAAGTTCGCCTCCTTCAGAGCCAGTATTGAGGCTGATGCGGGTAAGTTCCCTGACCGATGTGCAAAACGATTTGGGCCTCACTCGTAGCTGTAACACAAGGCAACACGAGACGAGGGTAGGAGATAGCGACAATTCCTGGAGGTCGCCCACAGGTTTCCACCTCTGGGCCACCTTTATATCCCCGGGTAGCACTGGACGAGGATTTCGACCTCGGTGGACTACAGGCTCGGATACTTACAGCTGCTGGGGGGGAGGCCGGACATTCTATTAGTTCGCTGCTTTTAAACTTCCACTGTGCTTTCCGGGCTTTGATAATCGTCTCAGAGTTCATGACCCCCTCTTTAGGACCTTCTTACGCCTAGAAGGGGATGGCGAGCACTTGTTATGACACTTATGGTCTTACGCTGCATTGAGCGTCGG,1066,50.28,Escherichia coli
SEQ_801058,ACGTAATGAGCGTATTTTCTGGCGTCTCCTTGTAGTGGATCTGGCCACGACTCTATGTTACTCAACAAACGGTCAACGGCCTGACTCTCCCAAGTATGTAGATCACACCAAGTGGCTAAGACTGGACACGGCTCGCATACATCTGTTTTTTGTCCTGGTAAATCTCTGCGCGTTGTTAGCTGCTCGAGACCGAGAATCCATGGTGCGTCTTTGTGGAATTTGACGGCACAAACAGCCCTAGGTCTCACCCGTGAACAAATTCGATAACTCTACAAATTTCTGTTGGCGGACCTGGCAGGACGCAGCAAGAGAAGTTGCTCTCGGCGGAGTAGTGGACTCAGAGCTATAATAAAGAGCATGGGCAGTGTTAATCCAAACGTGTGTTGGCAAAACAAGGGAAAGGGAGAAGGTAACCGTAGTTCGACC,426,49.06,Homo sapiens
SEQ_399035,ATTATTACAACCTATCGTCAAAGGGGGGGCAGTAGAATTAAGAAGCACCCTGCCAAGGGGATAAAATGCATGGAGTCCGGGTTGAATTGTGGGGCCCGTCTCTAGTTATCTGTGTTTCGACTGGTATGTAGAACTCCGTAATACCTGCGAGAGTGGACGGACACGAGTGCTTCATATTGGTTGAGGAGATATCCCGCCCAATTGAAAATGGCGACGCCGGACGGAGAACTTTATCTATAGAGTGAACACGAATGCCCATAGTACGCTCTTATTGTGGACCGCACTAGGAACGCACATGCATTCTCGCTCCACAATTGACTAGTCACTCTAGCAATGAGTTAATTGACATTGGGTTACGGAAGCGCCCATCCTTGTTTTACAGCCTGCAGCCCGTAATTAGTCGGCGCGACATAGGGGTATAACAACACGCCCAATCAGGTTCCAGCCGTTCTTGGTTAGACCTATCCAGGATACTAACCGACCAAGAAATAGAGCAACAGAGGACGATACTTAGGCTGGTCTATAA,526,48.1,Arabidopsis thaliana
SEQ_637769,AGTATATGATGTACAGATAGTTCTTGAGCGTGTCTGTCGCACCGAGCCGCGAGCGATACAGACAAGGGGCTCCAATTGCTGTTGGTATACCCGCTGCATGATGACGGGATTGAGGTTTTTTCGTATCACCGGTACATTATGGGAGTGATCAGAAAGCTTTTAGCCATGGAAATAAGCAAGCGCTACGCTACTCGGCACCGCAGTCGCGTGCCTCTTTGAGTGTGATTGCCATCTCCCGTTATGATAGCTCGGCTGCGTTGCTTTCGTACACCTGCGGGTGCTCCACAGCTCGACGATAAAGGAAGATTCCTCACGTGCCTTATCCTACTCTCCGGTTTGTATAAGGCCAGGATACTCCGTAGTACCGCGTGCTTATGGCAGAGGACCCTATGGCGGGCGTGGACTGGATGCTTAAAGGAGAAGATGAATAAGGTCTGCTTTCGTGGCTCGAGGGTTATAGCCGCTTGACTGACCTCGAAATCGCACACGTCTCAACGACGTTGCAAGACACCATTCGAGCCCTAGCTTGGTCCCACAAAGAACTAGGTTTGTTCTTTTGGCCATCGTGAGGGAGAACCCGGTGTTCAAAGGCGAGTACGGATCCGGTCTCTGTACTGCTCTATACTGTAATGTGTATTTACTCGTATCCAAACGGCCAACGTTATTAAGCGCTTGCGAAGACGAGCTTCGGTTACGACGGGTCGTCCCACAGTGGCGATTCGTGACTAGGATTCGTTAGGGTGGAATCCGCCGATGGATATAGTGCGCATTGACGTCTACGCATCCCCAGGTATTTTCTCGGTTTAAAGGACGCACGTTTCCTTAAATAGCCTATCGCCGGGGGCACGTTTAAGTAGAGCACCCGTATGGCGACAAAGGCTCAAGCAACAGGACACTGCCCGTATACTACATGGGATGTAGTGTTAACGCCATCAACTCAACCTAACACGTCGGAACCTGGAACCAACCGAGGTTACACA,980,51.33,Mus musculus
SEQ_894716,ATAGTTTATCAGACCCCTCCTCCAATGCCGTATGGTCACGTTCTTATGCAGGCCGTCTCCTTGCTACGCCGGAGCTGTTGATTCAGAAGCCAGACTCATTATAACCGGTACGACGAGATTCCACTCGTTGGCACCCATAGAAGATGCACATAAGCACGCGGATAAACCTTGTCATTAACCGGACTATAATGTCCCTTGATTATTTCGCTTTCAAAGTCCACATCCTACCTATGCCCATCTGCCTATACTAGACACATGGTCTGAAAGCATGAAGGCCTAGCTAAGTAGTATGTGCCAATCCTCATAAAGTTTTACTCACCGCGAGCAACGCTGTCCTGCAGCGTCTCTTATAAGGCAAGGGTCGTCCGACGCTACGCTCGGTTAGGAGTACCTTAAAATGTTGGGAAGGTTGACTGCATTACTCTTGGACAGCGGTCTATGTCGGGGGACCATGATTTCGGGATTGCCAGTGTCTAGCAAAGACTCAACTCCACACCACTGTGACAAAAGCTTATGCCAGCTCGCCCTACTGCGTGAGTGTGCGCTCGGCCTAAATGAGGAGCTTCCACCGGTTCTTGGATTCAGTTAATTGCACAGACCTACCCGCACAGCTCATTAGTTGCGCTTTAGCTGATGAAGAAGGGCGTATGACCCCTCTGAATGGTACTATGGCAAGGGAGGCATGGGTTTCAGTGGGTCTGTGCTTAGCGCCGAACGTAGGTCTATATTCCCCTTGTGTGGCCTTCTGCACTGATCTCAATCGCAGCAGTACTGTCTGGATTTAAGCGTAGACATCGTACACTGGCCAAAGCGCATCAGTAGGAACTAGCGTAACAGCCAGGCCCTCCGAAATTTTCAAGCAAGCAAGTTCGGGCTACTCCGCTGTAAGCGTAGCTTTACATAGAATCACGTATGCTATTCATCCGGGGAGCCCCGACAGCTCGTGGGTTTTTCTATGTCGCTCTCTCTTCCGTGTGGGACGCTCTAGATATGTTCGGTTGGTAACTAGATCTGCTCCGTTGCTTTGCGAATGGGAATCGCCTGTAAAAACAGCCTCAACGGAGACACCTGACCGCACAACCATGAATTTTCACCGAATCAAGGTATATCGTCGGTTACGAATGTAAGCGAACCTCTAATTATATTGGAGTGGGGGAGACTCGTTAAAGATGAGGCCAAGCGGTGAAGACTCGTCTACGAAAGCTCAGGGTATCAAGAGCGGGCAGTCATCCCAGATGGCATAACCCGATTATGTCGCTCGCAGTTGAAAGTATAACGACGAGGTACCGTCACCTGGAATCGTATAAGAAACGCGACCGTCCTTCTCCACCGCCGGGCTTCCAATGAGAACTTGATATACATCACATTGGTTGAGCCCGACGGCTCAGGTTGTACAGTCGGTTCATCTTTCATCGACCCCCATATGTGGGGGCTCTAAGCTCGTCCCATCGTCTCCGCGCTAGGCCGAACAACCGTTCGCCAAAAAATGCCTTAGTAGGCCTCCCCTAAGCGTAACGCTACTTGGCTCAATTTCTATCAAGGCCAGTCGCTTTATAATGATACATCCTCCTATCTATGGGTATACATTTATAGGGCTGGTGCTGGTGAGAAGCCTTAGAAGGACAGCTCCGGTACTACGGTGCCCAAGCATGGACATTTTTCAGCCTTCCGCTGGCTATTAGCCTAAGACTCTGAAGATTAACTATCACCGGGTGGCGTAACCACTCGGAGGAGTTCTTACCTTTTCTGATGCAGGTATGTCGATGCAG,1769,49.97,Drosophila melanogaster
SEQ_801372,AATCATTTTACTCGTCGTGGACAGTGGATTTTGCGATTATTTTCTCGGTTATGCGGTTTTTAGCAACTCATGTAAGGAAACGATTACAGCGTAAGATAGATGTGCGCCTCACGAGGTCCAATCTCGG,127,43.31,Arabidopsis thaliana
SEQ_939242,GTGTCCATCCACGCAGTAAGAAGGGCTATTTGTGTATTTTCGACCCCCCATCTAACCGATCTCTGACGACGACCATCAAGACACTCTTAGCTACTTTAGAGACATTCCATAGCATTGATTTCTTACGGCAGTAGCCGAAAGGAACTTAAATGCTATCCGCGGGCCATCTAAAAACTGCATGGTTCATCCGGGAGGCACTATAGTAGACTCGGAATAATGTGGACACGGACCCTAGACGAGCGGGCACGGAGCCAGGGCCCTGTTAAACTCAGCTGGGCGTAGTTATCCTCGGAATCCTATCGAAGAATGATTGGGGTTGGCCCTGCTTGTTCGCTCGATCTCTAGTCGTTTTGCCAGACTTTGAGATTCGTCCTCGAACTCTGGTAACGATGATTGATTATCACGGCCTACCGGTCTCATTAATATACTGGCAATGGCCATTAACAAACGCCGAGCCGTCAAGAAAGTACGATGCGCAATTTGGATCGAGTCGGTCCACGAGCCCAAGGGAGCAGTAACTGGCGGTGCATTAACTGACGCGTTGATTAGCTCTGTTTACCTCCAGTTACCAAGCGACACCAACTGTTGAGTACATTCCTCGCGGAGAAACACAGGATCTAGGAAGGTTGACATTTTATCACTCTGGGCTGCTCGATGATCGTCTTCTGCGATCCAAGAATCGAACTCATTGAGTCGCACAAACGTTCACCTGTTCCCTATCGGGGGGCTCCATTCGAGGCAGCGACTCGTCCAGTCGGAATTTTAACAGTGCTCTATAAGTACGCGCTCACGGCGAAACGCTGGAAAAATTCACTTTGGATAAAACCAGGGCGTGTGCGACACCACACATATCTGATATCTATGTGAATTCGTTATCGCACGCAGATAGTGGGTTGATAGGTGGTAAAACTCGTATTCCGCTGAGCTAAGTGTACGTCGCTTTTGGCAGTGAAATGGGCTACATATCACTTGAACCGCGTCATAAACTGCTACGCTCACACTGCAATTAGCGTGTTAACAGACCTTTTCAGTGGCGGACAACTGTGAGGACTAGCAAGTCCATGGACAAAAAGATGATATCCATCGCGATGGGGATACGGGGCCGGATATTTGCCATCCACGATACTTCCCCCGAGGGGAACAGAATCCAGGAACTAGCATCCCCTGGGAGAAATCCCGATTGCACCACGCTTGCTAATACCCGTAGAGTTAGCGAGAATAGAGACCATGCGTCATCCGCTCGAGGATCAATCACTCTAAATTGACTTTAAGCCAGCTGTCGCATAGTGAATGTCCCCGATGTAAATATTCCCTCGTCCCGCCAATGCTTATAAAGTCACATCTGAAAGATTGCTTTCCTTCTTGCTCACCCGGTTTCGACAGTATCCATCGGCAAGAAACTG,1403,48.97,Drosophila melanogaster
SEQ_661812,GCGCTTGGGCCGCAGTACTCGAAAGTTGGCATGAGGACAGCCTCAAATCGGCACCACCCTATGTCCGATTCCCACCGTGTTTGTTTTATTGGCCCCTACAGACAGACATCGATAATGTGAGGGGCGATTTTAGTG,135,52.59,Caenorhabditis elegans
SEQ_641639,AAGAAGGGTCTTTAAATAAACAGCTCGGAACCTCACGTTTTGGCACAACATGGGGAGAAAGCAGTCCTATTCCTACACGGTGCACTAGATGTTAATGCTACTTGCCCGGTCTCGAAGCACCACTAGACTAGAACTTGCTCATACATAAGCGTCCTCTAGGCGGGAGCCTAAAGCATCGAGGGGGCCACATATCTTGATCCTGCCTCTACGGTATCTTCACAAGCTATGCACCACCAAAGGATGCTCCAGAGGCAAAGATTTTATATTTTACTCTGGGTCGCCCTATTTCGTGGCTCTACGTCTGTCCCATATGGACTAATACCTACCCTGCGCATTGATCGGTACTGCGTGCAGAGCTATTCTTGCAGATCGTCGAGTGACCAAAATGCACCGATGATTTGCATTCAATCAGGCAGCGCCTTCCACATGACTAATTCTGTCGTCAGCTCGAGGCCCTCCTTAGACAAGCGTCAACGTTCACGACAGGTGGGCATGAAGCTACTGTCGAAACGGACAGCTCTGTGCGCACTATCTCTTTCCTGAACTAACAGATTTGTTAGGCCCTGTAAAGTTTAAGGATGCCCCGCTGGTTCAGACGACTAGAAAGAGTTGTTAAGTCAACTCTTTACAGCATTCTACCTTCTAGCGCCATTGCTAGCTCTCTCCATCACCGTTAATCGGCTTCTAAGGCGCCCGGTTCGTACATTACCGCGAGTACCCGGCAAAATCCCTTTGTCCACATTTTCGTGACTGTGTCTAGGCTTGTCGAATTGACTTCCGTGTTGAACGCAGAGAAGGGGCGATAGATTCCGAGCCACAATAGTAGATTATCCTACAGTTTGTGCTACTGTGTGAGCCAGTCTGTCCAGATACTGCGGTGACAGGCGCTCATATTTCGCCTTATATCAATCGAATGATTTTTAACAATTGGCATGGGGTACTCATACGTATAGAAGTGCTCCTCATCCGACCAACTAGGCATTGCCTGCGTGTCAAGGATGCTCGCCACAGTCGGTAAGTGGACTACTGGTCTCGCAGAGGATGCTTGGGGTTTGAGCGACTGAGTCGCAACCCCTCCACACGAGTCGGCCGGAACAATTCGGCTTGATGACCCCCAATGTCTAGGGAGGCGGACGATCTGTACCCCTCAAACCCGTTCCCGGAGGTGTTTATGGGGCTTGTGGGTACGAGCAAGCCTTCACGGGCTACATCTCTAGTGCCTGAAGTGAAATCACATCGTCGGCTGCCCCTCTGAACAGGACGTAGTCTCGTGAGCTACATATCGCGGAGGCACCTACAAACGGTCCCCTCAAATGAC,1318,50.53,Caenorhabditis elegans
SEQ_895089,TCCAGCGACCGTCCCAGATCGTGATAGCTAGAGTCCGAAAGCTAACCGTTAGTAGTGCGGCATCTAATAGCGCACAGGATACACGGACAAGGTAGGGCTCGTAATACTCCCATATCTAACGCGCTAGCGTATCCATCACGCGGGATGAAAAGGAAACCAGTGGATCAAGCGCACTAGGGTGATTACTGGTCCCGCGATGTGGTGGCTCCGCCGTTGGCACTATAGACTTTTGTTACCTCTCGGCGAGGGAAGTCATGCTCGCAAAGTTTCTGATCACACGTTTTCCTAAACGCGCGACTCTATCGGTCGAGATACCAATTGATACTCACATATCAGTATACTTCTCAGCGAGCTTTAATTTGTAGGGTCAAACGTCCAGCAAACCAGCCGTCACACGTAGATATTGCGAAACCACAACCTATCAAAGCTGTACATAAGTCGGTGAGTATGCGTGGTTGCGGGCTATACCGGGTCTAATACTCCTAACAAGCATCCCGCGCACTTCGCCGCGACCCCTTCTGGCAATGAGAACTTAGATTGGGGGAAGCCAGGGTGGGTTTGATCGACTATCCGCCTTTTCAAGATATCCTACGTTCTCGAACCGACATGGCTGATGACTAGAAAGGACATTGACAACTTTTAGTGCAGATCATAATAGGCAGCTACTGTGAATCAGAGGCCGAGTACGCAGGCACACATGCGGGAAGCACGCATTCGAACCCAAGATTCTGTGTTAGGAGATTTGAGAACGCACTCCCACGGCTATCTGACTTAGCCTTGGCCAGGATCCAACAATGTCGTTTCTACGTCAAAGCTCGAACGCCTAATCTGACCCCAGTGGGTGCCGTAGTTGCATCCGTATAGTCAGGTTTGGTCTTCGGACGACTCAGCCTGTGGGGATTTGATAGGACATAAATCGAATATAGTGGAAAAGGGCATCTCTTATATGCCCTCGCTGCGCTCTAAGTACACGCCAAGTCACCACACCATACAGCGGTAACACGCCCATCCCCTCGCCGATTTGCATACACGTACTGCTGGCACGGTTCTCTCTTACTCCAGGAACCGGGTGACGGGCTTCTCGATTTGTAAAGGAGGTACTGGTGTAGTGCTTTATTCGTATTGGAGAAAGCGCCGTGTGTTGCACCTCCCGGGTATCAATTAAACTAAATGAAACAAGCCAGCAGTACAAGATTGTTTGGCCGATGTTTATTAGGGACGCGGACTTGCCCCGCTTATTTGGTATGCACATGATTAGCGTTGACCGATCTATGCAGTTTGAGATCGGTTTCCCGCTGTACCAACCCGCCCTGGCAGTCTCAGCAGCATGGACAGTGTAACACCATTCATAGAAATCATAGCGTTGAGAAATAGTCCTACACTTGTTTCCAGCAGTCAAATAGGTTCACACCGGTGCTTGTATTAGATCTCTCTGCACAAGCCGCGACACTCGTGCATCGGATGAGGGGCTAAAAATTTCCGGTCTGTTTAGCCGACCCCGTCGCTCCGCTACCGAGGCGCCATGGACTGGAAGTATGGAGTCTCCCATACATTGAAAAATCCGATATCATTATACGAGCCTCAGCATTCTGGGAGCGGAGGACAAGAGGCAAGGTCGGAATTCTTTGGTATCCCAACTCCTAATTGCCCGACTTCGGTGGCCTATCGTTGCTGTAGATACATAGTTTGCCTCATAGCGCCACACAATTATGCGGCCTCCAGTTCATATTGCAACATTCCGCCAGGGTG,1749,50.14,Arabidopsis thaliana
SEQ_808832,TCTGGGCGTCGAACTGACTGATACATTCTTTCAAACGATATGGTCCCGGCTCCGGGCGTCGACCTCTCGGAGACGTTAGGGAGCAACGAGAACATCATGTCACCACCACGACATATTATTAAGAATCGTAGTCGGCAGCTTCATGACCTCTAGCAATAGGCATTCTGAGAACTATGTCTACCCACAACTACTCAGCCCCGCAGTATATTGAACATTGGAAAGGCTGAAGTCCACTGACGACGAGTGAAGACATTGGGCTGCGCCACTCCTTCATAGCCAGAGGCTGACAGTGGGCAAGTCTCATCCGGAAAGGTCTGGAGACTCCCCCGCGGAATTACGATTCACCATCTCGCACAATGAAACTAGTATGGAGAAGATCAAGCCTGACTAGCGGTTTAGTCATCCCATATGCCGCCAATTTAAGTCCTTCGGAATCGAGACGGTAAGCGTGGATCATGAAATAGATCTGGCTAACAGCCGAGGCCTAAAAAAGTCCCGTACTTTCTATTTTACGCTGACTCCTGTCTAATTCACACCACGCACGTTTTATGCACGTCCACGGGCACACGCCTAAGCAGGGGAAGCCCTGCCCCGCGCAGAGCTTCGGGAATCTTGATGAAAGGTGTGTTACAGTCCGTATCCGGAAGTACTTAGCTAGACCGCCATCAGCGATCTTTGGGCTATTTAACCCCCCTCGAATGATTCGCATGCTGATACCTATAAGCCCCGATGCACATCTGTAGTGGCTCTAATTTGGCTACTCTGCTCCTGTGTTGTTGGCAGGGCACATGACTTGGAATGAAATGAGCACGCTCGCGGACCTAAACGGTTAGGGTAGGATGGCCGCATATCCGGGATTCCTTGAACTCATAGTGTACCAGCTATTCAGCAGCATCTACCTCTAGT,906,50.55,Caenorhabditis elegans
SEQ_280841,TCTGGGCGCAATATGGGTCGCGGGCTGACAAGTTGTGTGAGTGAAATAGGCGGCTCTAGGATCCAAAGGGGTATCGTCGTAATAAAGTAATCCATCCAGCGAGGCTGTGCGCCGAACGCGCCATCCTGGTGGGATGAGTGGGATATACGGTATTCAAACCTGCCACCGAACCGGTACAATTGGTTTATCAGCTCTGTCATAACTCCATGTTCGGAATGCTCCGACGGGGCATTGTGGCCTACCGTAGGACACAGAGGGCTTGTTGTAAAGGATGGTAGTCCGACATCGCTGGGTTGTGGGGGGGATGGGTAGACCTTCTCGCTGCAGACTCTATCTTGGATTACTTTGGCGCTATCTACGGTTTAGGTAAACATAGCTCGTGCCTGGATTATCGACCACACCAACATAAGTGCAATTATGCAGATTCCGGAAACCCAAGAAGGCAGCGCCTGCTGCCTCAGGCGCTATTCCGCCGCCCCGGCTGGTGATTGGGCAATCGGTCTTTTACTCACCTTCACCCAGTACGGCCTGTAAGCCCTAAACTATGCGTAACGTTTCCCGGGTTTGCCAGTCTTTAGCCAAGCGAAGGACTCCTATTTATGACAGGGAAGAAAATCGGATGATGGAATTCTCATAAACTAAGACGGCCTTCTCTTTGGCTTTCGATACCCCTTTAACCTTTAATAACATGACTAGTCGCGGCATCGGGTGCTTAGAATGTTGCAAGCCCCTACTTCACAAAAGGTTGCCCGCCAATTTGATTTGAGGAAGGTGGTATATGTTCTATAAGGGGGGGCCCGGAACACCGCGGGAGTCCTCTATATTCCGGTAGGTCAGTCCCCACGGTGCCTCATAAAGAAAAGTGGCAGGGTCAACCCAAAAGGTGCCCAGGAAGCTAAACGCATTCAGGCTTTCTATTATGCGTGAAACCCTGCAACGCACCTGCATGAGGTAAGTGTATGCAGCCCCATAGTCTCAGTCCAGCTTGCGCCATTAGAATATCTGATCGTCAGTGCCTCTAAAAGGCCGAACCAAACAAAACTTAAACGGGCTTCCCGCAAGCCATCGAACCTGTGGGAAACGTTAGAAAGATGGCCTAAACCAACCTCAGCCAACAGACCAGATGACCCATATTTCGGAGTGACCCGAAGAGATTGCAGTCACTATTGTAGTGAGTCGTTAACGCGGTTTGGCATTATTACACTCGCCGTACTCCAA,1218,50.74,Caenorhabditis elegans
SEQ_107415,TTGATGAAGGATAAGTTCTCGATCCCTCTATTAGAGCGCGCTAGGTCTTCGGGGTCCGACGTCGATATCTTGGAGTATTTTTCCCATTGGTTCAGCCCAATTGGTGTACACGGATGGGACGGTCTGATAGAATTGACCTCGGGCACCACTCCTCACCAAACCATAAGGGCCGCTGGCTTTAGCAGCAGATCTCCCGGGGATGGCTGTCTCAGGCTTTCTGTCTCAATATGCGGATCTGGATGCTGGCGCGACTGTATAAAGCCAATCTCACGCGCTACCGTTAGTGTTGTCTTCGTGCTAGCAGATCCCTAGATTTCCTCGAATGACTAGCTGCTCTGCCTAGGGATCTGGGAGAGGGAAGATGCCCTCGTAAGGAGGGCGTAAAAGCAGCAAAACGCTCGCCTCGTTCCATAAGATCGATCGAATCGGTAGGCTTGGAACGTCGGAGAGAAGTTCCGATCAAGATGCGGGACATGATTTTAACTTGCGCTGCTGATGAAATATGCGGCCCAAAAAGTCCGTGGGGGGGTCGTCTGAGTCTACTATTTAAAGGGTCACAATCAGATGAGAATCCTGGCCATTTACCGTCCGGCGGGAGGACCTGGATTACCCTTGCTCTCGTGACTAGCGGGTAATGGTGTCCAAATGCCTCGGGGTGGATATATGAATGCGTCGGGCGTTCTTAGTGAGAGCTACTGGTATCGTGACAAATTAATGTTACCTACTCTTAACTACCTCTCGCCCAATGGGGATGATGCAAAGACATGAAAGGTATAATAACGCAGACTCATACAGGCTCTTGTTAGGGTAGGGCCTTTCCGTGTCAAGTTGTGATTGGGCAAGTGCGCGAGCTCATAGGAGAGTCTTAGATATAGGCCGACGGTGTTCTAGCCGGGGGGATTGTCCGGTTAAGAGGAGGCAAGAGAATCGAGGACCTGTGCGGCTGAATTTTAACTTTGTGGGGTTGAGGAATAACCCTCCTTAGACTAATCGGTTATGACTAGAGAATGAATGAAAGATTTACTTCGGAAACTATAAGCACGGAGGAAGATGTGTCGGGCGGGTCCAGAGGGTACGTCGAACGTATGTCTACATTCGGCCTTTCCGGCTTACGAGTGGGTTCTCCGGGGAACCGCAGGGTAACGCTGGGTCGAAGGATGGGAGCAGTTGTTAACGGGCAGCCCGCGTGATTGCCGACGTCTTGGCTCAACAGCTTGAGGCATTGTATATGACCTGTAGTTCTTACAGGCGCCCGCTCAACGGGAAGGTAAGTGAACATATTCCGGCTGCGGGCGAAGGATCCCCGCCGGGCTATATGTTTAGGGATTCTTCCCTTTTGCGCAAGTTAAAGTGCTGATAGTAATGTAGCTCAAAAACTGCTATTCGCTCCCACACCAATAATTGGAGGATTAATGCGGGTTCCAAATGTGTGGGGAAACTCTGACCCATCCTCGAAGGGCACCAGAGAGCGGCTCGCATGGGTTACAC,1488,51.28,Drosophila melanogaster
SEQ_826638,TTGTCCACTCTTTTGTGCTTGATCCCAAGGTAGTCCTGAATGTACGGCAGACCATGCTCTCGGTATTTGTATCGAAATCCCGGAGGCGACTGACCCATGCGTGGGTCGTACCAGACGCAGTGAGAAAACGGATACTGACTTCAGCGGTTTCTCATAGTATGGCGATCGACCCAAGAAAGTAATCCATCCGCACCTAGCGTCGCGGGATTTAACAAGCTATAGAACAGCGCAATGACTCGGGAGAATAGTAGTAGTAATGTGGCACGGACAATTGATCGCTGTAACCGGATGCATATCCTCGAACAAATACAAGCACGCGGACTGTCGAGGACAGACGGAGGTGCCGCGATCATGAAAGTACGTCAAGGACGGTGATCAGAGAATCTCTTCGTGCGCTGAGGAGAGATATACGTGAGGTTACGTAGGGCAGTACCCCCGGTTGTAGGCGCAC,451,51.44,Saccharomyces cerevisiae
SEQ_337124,GGAATTAACGCTCTCATGTGACCGTGGTACCTTAGAGATTGGCAACATGCTTGAGCGCATTTTGTGGAGCCAGTCCGATTGGTAAAAACGACGGATTGTGCGAGTGCTCGTCGAACCACGGGATGCGGCCGCAGTATTACCATCCAAAGTCTAACTTTGGATACCGGTCTGTTAATACCCGGTACTGAAAATGAATATAGGTGCAGTGATCCTCGGTTCGCCGAGGTCCGGATAATTACGAGATGGTTAAAGCGGCTAGCAGTTGCTCTGGACGCCGACCGGTGTAAGCGTACGCCACAGTCCGTTTGAGTAGAGCTACGTGAATGTCTGAGCTATCTTAGCCTGCAGCCGCGACGAGCGTCGGGGTTCTTATTCGGATTAGTTGTCTGCAGAGCTCTTTTCTGATAGAGCAGGTAGTAACCGGTCGACTGGTGGTATTAATTACCGTTACTGGATCGCCGTTTTCATTGTCGATTGGAAGCTTATACTGTGAGCCCGGGCTTAAGCGACTGTTGTGGCGAATCTCGGACAGTAACGAAGAAGCAAGATAATGAGTAGGAGTCTAACGGTGGCTGCCCTCCTTTAAAATTGACTCCGAATAACAAGACCCACAACTGTCCGCGCTCCAGATCGCTGAATCTGCTTGACTGGCAATAAACACTTGGAAGCGATGCAAATCGACGAGTCCATGCTCACTGCGGTAAAGAGCCGTCTCCCGCCTGGCACATTTCAGACGCGAAACCAGTAATAATCGTTCTTTTGACCGTGCCCTTGCAGAGCCCTCTGTAAAAGCTCTAACTCTTGTAATGTAAAGGTACATACACGATATTGGGACCGCACTGCTATTGCTGGAGAATATCCACCCTATGCCCTAATATAGAGTTAAAGAAACTCCGATGCAGTCAAGACCATGCACTACCAACCATTATTTCGCACAGGGATCTAAATGCTGTACCCGTTTGTTCCTGTGTGGTTCCATCCACTCACAGGATTACACTCTCAAGCTAGCAAACACGCAGGACCGTTTGCTGAGTGGGGGTGGGCTAAGCCATGAAACACGTAGTAATATGCCTCCTGCCGTGCGCAGTTGTCATGAGCAATGGTAAAAATCCTTGTTCGCACGGCATGCAAGGCAATCGTCATAGTCCTGGCCCACTGCCCGTACCTGGTGTTCCTGTTCCAAGCGCGCAATCCACGTTCTCGATAATATTAAAGATTTATTTAAGTATGGCTTTACTTGCAACACTACCGACTCTCAATCTTATAAGTTTCACTGTAACTTATGTCCGCCCCCGGCAGCGTCCGCTTCTCGACGGAAGAGCGACCGGTAGGGTCAAATTCGGACGTAGCTGGCCGACCCGACGAGCCTATGCTTCTGAGGATACAAGAACTCAGCTCGACGCACTTTAGAGGCCTCGTTAACTCCACAGAGTAATTCGGCAAAATTCTGAGAGAGGATTGGGGGATAGATCAGCGGTATGAGCTACACCGAGAAGTTCCGCTGGCTTTGCTCAGTAGAAATAAACTGCCATGCTATCCATTCACACCCGCGCAACTTCAATGAAGGGGTAGTACGATCCCCGCGTAATCCGTGGGTTGGCAGGATAGTAGGCTCTGGCATTAGGCTGAGCAGACCTCTCATCCCGCCTCTGGGAGACGATGCACAAGCCTGGGGATTAAGGACTCTAATCGATTGAATTACACGGCAACACCAAACTACTTGGAAGAGCCCACCCCGAGGTACGTGAAGATGCTTTGGAGAACACTGATAACGCTCTATACACCACTTAATTACCTGATGAAAAACCCAAAGAACGCAAGGTGTCAGCAAAAGGCAAGAGTGGAAAGCTACTCGCGGCGGAATTTTACTCCACGTTCTTTCTAGTGAGAAATCAGGAGTTAGACGCCATGAGCACTACAACTCCCTACTTTGTTTTCAGCAG,1943,49.41,Saccharomyces cerevisiae
SEQ_707856,CTTTTTAGTCACTAGAGGGAACCTCGAATAGAGGTTGCTAAATAAGGTCCTTGTCCCCTGGCCGTGAGATAAAGCAGCCGTCATGACTCAAGCCTAGGATTATTCATGGTCGAGCCTCTTTGCTATGACTTGATATATCTGTTCGATTGCGGTAGACCACTATCCCCGGTTCCAATAACCTCCGTACTAGACGTTATGTCATCCTGAGTTGCTGAGGATTACCCATCTGTCGGCAACCTCGGTGCAGACATATGTTAGCATTGACACCGTAGCCCCCTCACCTTAGTCAAACCTGATGAAGACTTAAGTTTTAGATGCTATCTAACTAGAGAGCGGCATGTGTATACCTATATAGGCCCACCTTAAACCCCAATGTGTGCCTTGCTATAATTTGTGACAGGCCATGGTGGAAGAAAAAAGTTCACAGACCTGATTCAACTCTCGCTGGTCAAAGAAAATGGCACCCTTGTTTCGAATTATGCGGGTATGCTAAAGATTTCACTACACGACATAGTACGCGGGGCTGATGGCAACAAAAGCTAGCAGCGAGAGGTATAACGCATAAGAGCTCCTAAACAGGCCGATCTTAATCAGCCCAAGTAAAGATGGTGCCATCCGGGGCTGCTGTTTGGAGAAGCAACTTGCCGCCTCGTACAGGCTTCTGGTACTGAGGCCCTCGAGTCTTCTGACCCACTCAAGTACAAAGACAGGGCTGAGTCGTCGGCATGTTGAAATTTGATGGCGTCGGGTCAACTGGCCCATCTTTGTCGGCGCAAGGCTATACCTCATGATGAAAGCATACACGAAA,808,47.9,Homo sapiens
SEQ_612154,AAGCGGTTACGTACTCGGATCTGAGTGCAGAGGGAGTAAAAGATTAACCTGAATAATGACCTTGACTGCCCATGGGCGACTAAGGATCCATACTTAACATCTCTCTAGTTTATTATTCAACGACTAACCATAGGCAACC,139,43.17,Saccharomyces cerevisiae
SEQ_659158,ACTCCGCTCGATAGTATCTAAGCCATAGGCTTTTTTTCCCTTCGGCCCACTTCGGGAAGCTAAAGTCTGTGATCACAACGGCTAAGATCGTGCTTGCTGTCCGCGCCTGCACTCGAGCCTTGATTAAGGCAAATCAGGCTCATAAGAGTGATTAAACTCTACCCACTGCTTCTGCTCACGGCAAACGTACTTGGGCTATCTCACCACACGAATTGCCGCAGGTTCTTCTCTCCGATTTTTGAGTCAGAAAAGCAATGTGGAGTAGCGCTAGGGTTGGAATGAAGTAAGTAATACGAGCTTAAAAAGGGGTTCTCTCGTCGAGTAATCAATCTGGAGTACACTCACATCATACTCATGGGCATACCAGTGCACCTGTTCTCCCACGCTTGTTTCGCCAGCCGAGTGTCCCCCGGAAAGGACAGACAAACAATCGAACAATAAAACGGTCCGGAGAACGCTATGAAATGGGTAGAGTTGGGTCGATTCCGTGGTCGTCATGCCCGGACCGACGGTGGCATGTCTAGTGCACCCATTCGTTGTCTTGAGCAAGACCGGACTACTGATAACAGTGGACGCTGAGCCTGATCAAAGTTTCTATTAGCGGTCAGATCACTTATCATTGTGCCATGCCGCCCACTGCGGTCATAGTTGGATAGCGCGCAGCGATCTCCTTTCTGACTTAGGACGTTCTCGTCTTGCATCATCACGTCATCTATTGATGGAGTGCGTGAACGCCTACTAGAACGCACTGGCCACCGAGGACACACAAGTTGTAGCCTCGGTAAGC,787,50.44,Homo sapiens
SEQ_216057,CGCGGGATATGAGTTACGAGTCGAAGGCGGGTCTGCCCCTGCCCGCTAAAAGCAATCTGGCGGCTATGGGCCTAACGAAATAGGTTAAAACCTCTATGGCTTGCGCCTTAACTCGGCAGACATCTATAAACCTGTCAACCGGGATCTCAACACTTTAGTTTTAGTATAACTTCGAATTTAACACGGAAGAGCTTGCAATGGCAAGGATATGTAGTCGATTAAGTCCTGGGCTCCCCACTAGCGGTAGGCTATCAGAGTGTAATATCCGTATATAAGTGGCAGCCTAAGTACCTCTGCTCGAGCCTATATCGGGATGGCTATAACCCCGAATTATGAAACTCACGGCGCGCTTGGCAGTGCATATAAGGTTGACGCCTATTCCCAGGGGGACCAACTCATTCAGCCTCTTTTGTTCACCGATAACTTTCACCAACTTCGCCCAACGATAGTGGAAGGTTCACTACGAGCGAGCATACCCAGCACAAGTGGAATCATCAATGAACGTCAACGGTAATTCGGATAGACTGCTTAATCGAGGAACTAAATTATCAAAGAATAGCACCGCCACCATGTCCCTCTACTAAAGTTCCGTAGGCAGTCATCCTCACGAGCCAACTGTTATCTGGTAATAGCTCATGCTTGTGGAGAAGTTGTCATCTTTAAAGTGCTGCCATTTCTATGCTCGCCCATGTTGCGACAGAGCATTGTTTATTGGGTAGGCGGATCCATGCAGGTCTTGGTTAAACCTGCTGAATGCCGGCGGAATTGTCGTTATGTACCATGCAAACCAGACAGAGCGACTGTCAGCCGGCAACCTGTCGGCTTATAGAGACACCCTTAAAAACGTTCTTATGCGGTGGGTTTGGAGTGCTTCCGCGCGTAATTTCCCCTGTTGCTGATATTGATCAGTTACCGCGCGGGTACCCGCATTTCGTGGGCCAACCCCGTGTTTACGATTGGAAGATGAAAGACTCAATAGGTAACTGCATTCTAACAAGAGTGGCTAGATCAAACAGGTGCGTCTCGTGGAATAGCAGCTACGGTAAGCAGGCCGTCCACGTTCGGATGATAGATTGTTGGTTCGAACGGTTTCGTACGATGTTTAGATGTGATA,1114,48.29,Arabidopsis thaliana
SEQ_860287,CACCGAAGTCGCCTCTCACTGTGTCGACGAACACTTATTAAGTAAGACGACTCGATGGCCAGTCGGATGATATTCGTCCGCAGCGGTTCGGAGGTTACCTATAGATACTTTACACAGTTCCTGTTTTCCAGCGAACCCCTAAGATCGCCGAAGACTTATCAGGCGCGCAGCACCTTGAGTGATTCAGAATTTCGCCACCGCTTCTCAGTATGTAGAGATGGGTGACATACAGAATTTATGTGTACTTCCCGCCCGAACCTATAGCGCGACAGCCCTAGGTGGAGCCGTCGTAAGCTCATAGCGAAAGCCTCTAACAATTACTCGGCGCTAATTCGTCGATAGCAGTTCCTGGTAGTAATCGGCTGGACGACTCCTCAATCAGATGGGAGCTAATATGTAATCGACTGTTCTCCCCTCTTCAAGTCTACGACCTCTGAACACCTACGCCGAGGAAGACCCAGTACTAGCAGGCGCCGATTCCATGTCAACCGGGTCTGTAAGATACCTGGTTTTCTAGCCCATTGAACAATCTGACGGGCAAGAAGGCATCCGTAAGACCCTGTCGCAAGGTTGCGCTTCTAGGATCGACTTATCTTAACATTGCAAAGGAAGTAGCCAATCTTGCAATGCTAAGGCTTAACGCCTTCCTTTGCGCCACACCCACTGATTGTAGAGAAGATCCTT,684,49.85,Homo sapiens
SEQ_708948,AGAATGCCTCAAATTAGCCTGGCTAGGGACCCGTCGGGGGCCGCTTCATCTGACCGACGGGGGGCCTAGAAATTGTCCCGTATGAATCGTGAGCCTACTTACGATCTGCAATACTATTCAGTGCGGATTTCACTCCACTCGAACCACTGTACTACGCGGGATAGTCACGAAAACTGTCAGCCCTTCCTTATTTTCAGAGGGTCTGGGAGGTGTAAGAGTTCCTTCTAGGAGCGCTTGTGTGGGACCGCGCCGTCTATCCGCGGCACCCGACACCGCAACGTCCTCGCTTTCCGGGACGAACCATGTCCCTCATTAGCACTTTTTCGTCTCAGGCTGGCAGACGTCAGGGTGCAGATTAGACTGTATGGACCAAATTGGGGTGACTTGTCTTCGAAATATACAGAATACGCGTCGCAGTAGTAGGAAAAGCATCACTACACTGTCATTTGTTTTAGTACAGGCCTTCTAACAGGTCTAGTTTACCGTAACTATCCCTACATTAGACTGCTGATCTACGAAGACTGAGTTATGGGTCTGCATTCAATCCAAGCCTGGCCTGAGCCCTCTGAAGACCATACGCGGTGGCGTCGGGGTGTGCCAGGGAGTTGCATACCGGTTAAATACGAATAGGTGTGGTCGGCCGTAAGGATCGGACAAAAGAAGATTGGACCGACCTGAGCCATAAATACCGAATGATAAGAACTGTACGTCAACGAGCGAATGACTCTGGGGAGACCCCAACTGCCTCGAAAGTGCTGGTTTGGCATAAATTAAAACTGCCTAGGAGGGATGAGTAGGGTTCCGAGGCGCGCGACCTTATTCTCGACCATCCGATTGCTCCGGTCTCCAAGTAGTACTCGGGGTATGTGGGCCGTTGTTCTCTAGGGCCACCGGGCAATGCGTCACTATGTTTGACTGAGTCAAGCTGCCTCGAGCCTCTTGCCGCGCGATGTATCTTCCTAGCACATTGCATGAACCCATCACTATGCCAGTTCCACGTCAAGCTGCTCCACATTAACCGCTTAAGATATCTTAGTACGCACAACCCTATTATTAGTCATGCTAGGTCTCGTTCTTTGTGTTTGGGCCCTTTTTTAGCTATGCATGAGCGCACTAGTCGCCATTGGTGGCTGACACCATGACTTTAAATTAGGCGGAAGGCTAAGGATAGCTAACCATCTTTATTGAAACTCTACCTGTCTAGTTTTCAGTCTGGATCATCCTTCGTATACGACGCGTCAGGTACGGGGACAATAAACCAATCTTCCGACCGGGTACAGCCCGTTGGTTAATACGAGTCTAATGATAGTGAGACATTAATTCAGGGAGACTAGTTCTGAGCATTTCTGGCCGCGCACATACTCGGAGACTCACTACAGAGATGTTGGGTCTTGGCACCGGAAACGTTGAGTACCCGGGCCGCTCACGGTACGGAGTGTAGCACGCATCTTCAACGTCTTTTACGCCATCATGCCCCGGGCCACTTAGAGCTAGGAACTAATAGGTTCTAGGTAGCGTTCAAGTGGTTCTTGGACGATGGTGGGAGTGAATGCGGATCAGACGCGGGATGAGGTGCCCCAAGATGCATAAGAGTGGGCGCGATGGTGAATTGGTTACTAAGCAAGAGAAGCTACCTTGCACGTTAACTCTTGCTGCACCATCAAAGTAACTTAACGGTTCCCATTGGTAGCAGG,1694,50.71,Arabidopsis thaliana
SEQ_936745,GGCTGGGTACTAGACACGGTGTAGACCGCATTGCCGGGTATTTTTCCGTTGGATGCATATTCCTGTCGAGGACACGAGTTTTCGAAAAAGGCACTAGAATTCGGTAAGGACGAGTGACATGCTCGGACTCTTGATCTAGCGCGGGAACATCGATTCAGGTCATAATCGACCACCCATGCCGATCAAACACCAAAGTACGAATTAGAGCTCCATTAACGTGGAATGAGAAGGCGTAAAACGCATCCAGTGCAGGCTTTGCCATTAGTGTAGACCGATCCTTTCGTAGACGTACGTGAGATTAGGCCGCTCTGAGCACTAGAATACTGTATACGGTAGGCAGTTCCTTCGAGATCCAAAGAGATGCCCGTCATTACGAGTCGTGATCTGATGGTCTCAGGTGTCTGCATGTCATCGCTCATCGTTAGCTTCATAGAGTTCCCTAATCAGGGATCCCTCTACGTCCGAGCCACTAGCCGTGAACCGTCTTCGTTTTATTAAGTTGCGTGGAGTGTCACCTTGGTCCGGGCCTTGGATGTATATATGCTAATTGTAATACTCTAATCGGATTGGCAGGAAGGTCGTCAGCACATCGTCAAACTGTATACAAAAGACTGTTCGGGGAACATTTCGCTGTGCACCTTTCCCCCGAGGAGTACGGGGCATATGATGCTTCCCAATGCGTACTCGATCGCAAGCGCGGCTAGGGACACAGGCCCAAGGATCAGTGCATTAATGACACACTAATCCTCAGCATCAACGCATGTCGTTCTGACACATTAAAATATAGAGCACTTCGTTTGCGTGAAAATTTGGAATACCGTAAGTTCCCCTGAGCGATCTATCTTACAGCAAACAGGGCGTTTTCCGCTATGCGCGTTGCCGCCCGGAGCCTCATCCACACTGCCACGTTAGCAGTACTGTGCTGTGTGACTTCTAGAGAAAAAAAATGTTATGAGCCCGTAGCACCATGACGTGAGCCACCGGTTCACAGAAATTCAGGAGGCGACGAGACGACCTTAACTAGCTCCGTCACGTTCACGTTCAGAGGTCTCGGCCCGGTACACTTCCCGCGGGGTGTGATTTAATTGTGCATCGTTAACGTGGATTCCGCTAGTAGGGCGTAGAAACGTGCTAGAGGTCAACCATTGTGTTGCGAACATAGGGCTATCCTTATGATCGCCAAAAGAGATCTAATTCAAAGTCACCGTATTATGAGTGGCCGCAAATTTTTAATTTTCCCGTGTGTTTCCCACCCGTTATCTGCCGCACCCAGAGTGTTTCATTGCTGGGCATTTTTAAGATCTATGGATATACCTAGACTTAAACCATGGGCTCTCGCGTTAAAAGCAGGGGCATACCTCACGCCGATAGGGAGTTCGGATACACACACAGATCGAGAGTCATTTCCAGAAGCAGAACGCAGAGAGCACGAGTTCTTTTGAGGTGAGGCGGGAATACGGATTGACCCATGTGTTAGGCCACACGAAATGGCGATACATAATGCCGTTAGTCCACCCACCAGAATACGCTTACGGAAGGTTAAGGGTCTGGCCTACGCCCGGCTAAGAAGTAGCACAACCTGCTGTTATGTGGGCTCTATCTGAGGTGTGCAAACTTACATCGACAGCCGCCGTCGCAAGGCGTGAGCGGCTGAGACTATGTGCGTAGCAGAAGTTGCTTGTTCGGACACCGAACCCGTAGTGCTCACACGTACGCATATACCCTGCTTGGTCGCTATCAAAAGCTTTCTCTCTCTAGTATCAAAA,1766,49.55,Escherichia coli
SEQ_122798,TCTTCCAAGCTATGACCAACAGGAAAAAGATCCAGCTGGCGCGCGGCGCGCAATAGCGGCAGAAGATAACGGAGTACTTGCAAACGCAACCTGACCTTTGCTTTCGGGCGGTTAAAGTTTCGAACTCCTACAGGACTTTGTTCGACTTTACGGGCAATCTACGCTTCTGCCACACACCTGCTTTTGGACATAGTAGATTACGCAAACCGAGGACGCCCCAAGCACTAA,228,50.88,Escherichia coli
SEQ_268420,GTAGTGGAAACTGTGTAACTGTGGTCTATATAACACGACCTCTGGTCGAGTTAACGTCCGCCGGAGTGGCGCAGCGTAAGTGTGCTCCGAGTGCGCCTTCGTCCCCCGATTAGGACCTACAGCACAGGGCGTTTATAGGCTTGGTACTGCAGGATGGTCCCACTTATATCGAGCTAAGTCTTCGCCTTTACGGGGCATGTGCAGACACATCGCGTTAACCCATAGCCCCGTATTTTATAATCCCGCCTTAGAAAGAGCATCTAGAATAGATGCTCGACTCAAAAAGGACCGCGTACATGCCGCCGCCGCCGGCATCACTTTTCTATGGCATCACTGGCATGTCGTCAAGAGGCTTAGCTCTTCACGTCCCTAAGACACTCTGGGAGTGATTTAATTGAGTACCAGACTCATCGGTCCATACCGTGTCTTCGTCTTGATGGTGGAGGCGATGATGCAGAGTTGATTTTGCCCAAACTCGGTTGGGAATTCTGCGCCCCCATTGACGCGATTACGTCATTGACCGTATCCTCTGGTATGTACGCGGCGACGTCGTCCCGATTCGTTCCCAGGGCAGAGTAAGCACTTGGTCTCAGTTCACGGGGTTGATACTGATACGCACATTGCCAGCTGAGGGCGCGATTGCTCTGCTACTTTCAGATAATAGGACCTGCCCGGTGAGTGGGGTTCCGGAACAATACGATAATTCGACTGATGGTCCAAGCGGTCTGGAAAATGGTATGTTGATGAGAAATTTGCACCGGCGGCACCTCCCTCCTCGAGCTCATTCTACCCAAGGGATAGCTAACCTCGCCGTGGGTGAAATCGGCCCTATGGGAATCAATACAAGTGACTGTTAGGGCCTTCTGCACGCGCACCTCCCCATATATTCGCTTTAATCCAGCTTTTACCCTCTTCTTAGTAAATAATATGTGGTACTGCACACATATAACCTCAGGAAGCGGCCGGGCTACGAACGATATCGAGCTGGAACTGTGCCGTCATTATCGTTTTGCGTGGATGCGTACAAAGAGGCCTGGGTTCGGTCTACGAATACTCGTTTCGAACAAGTTCAGCCCCCCGTCCCAATGACCTCCCCTGGGTGGTAAGAATTTAATGTCTCCTCTCAGGGTCGCTATCTGGTTAACCATTGGCAAGAGTGTTCTCTGCGTCACCCGTGCATACTCTTTACCCGTGGGCAAGTTCTGCCCCGCCAGTGGAAGAATCAACTGCTCCTCTTGTCCTGGATGGGGATTTACCGGTCGAACTATCTAAACACGTTAGGTTGCGTACCGCCCAAAGCAATCCTCAACTTAGACTCCTGCCCAGGGCATCAAAGAGTCTTCTCGGAGGGGTCCCGCTCCATCTATGGAGCACGAACCCTCTTAATCGGACAGGATGCAAGGACGGTCGGGTTTCGCGCACCGACTCTTCCAAATAAGCAGATTGCGTGCCTGTGGTGTGCTATAGGAGTTGGGGGGCCGATAGGAAAGACTTAGTGAGACGGTGGTAACTAGGATAACTGACACAGAATGTGGTGATTCTTGAAGACAAGACCTTGCCAACCTGAGGATTGCCACCCATAACCTGTAGCAGTAAGTTCATGCTGAATTATTTCTACCGGTCTCCCGAAACACTTGGTGGTGGGACGGCGATTCTACCTGCATTCGGAGCCTGTTAAATTTAGTCACTAATAAGAAGCGTGTGAGATATAGAGATTTGGTAGCGTCGGCGTGTAACTTTGTAAGAGATTGGAAAGATATTCCGTACATGATAATTAGCCAGTCCCGTACGACAGATGTGCATGCCGTAGTGCCCGGGATACCAATATGGTTAGATGGCTCAACTGATTTATTGCTCAGTATTTCATACCATGCCTTGCCCTCATATGAGTTTTTGAATGTAAGTGCTGACAGAGTAAAGTTAGTTATTTATCTCGGCATATAGAATCAGATAGAAGCCATTCAGGACAGAAATACTTAACCG,1983,49.97,Drosophila melanogaster
SEQ_210896,CGAGCACTAAGGAACTGAGTATGCGCTTAAACGGGATGTGGCTCCAGCCACTCACCAGATGTCCGATACAAATCAAGGGTGGCTCCATTGGATGCCCAGCGGGGATGCCCGTTGATAATCAGGCTATAACGCGAGATTTAATGCTCGATCCTGCCCAGGGACCGTTCTATTGACAGGATGAATGAGTTAATTAGTCACCCAATAGTCTTATTCTAATGACTGTGTGCTTAGTCGACCGAACAAATTCAACGGGGTATAAGGGATAGATCCTTTTAGCTGCGCTCCGAACTCATAACAAAAATTTACCTTATTGGAAACGCGCACCCGTTTTTCCCACGACTACGCGCGAAAGAAACATATACTGCTTGCTCAATTCTGGTATAGGAGTTATATACGTCGACTAAGCCACTCCGTCCAAAGCAAGCGCATCGTGTGGAAGCTACTGTGAGGCCGCCCCGAGTC,462,48.27,Drosophila melanogaster
SEQ_359308,GCTATAAACCACTTCTAGCTTCCCCCACTGATCGATGAGAACCCCACTGCTCCTCGGGACTCCTAGCGTCCCCCTAGGTCCGAGGTAAGTGCTAACCTGGCCTTTTACCTATAATTAACCGTGCGTACAGCTGACACAAGGATGTCAATTCCTCATCG,158,51.9,Escherichia coli
SEQ_453756,TATTGCCGACAAACTATTCGGATTACCATCTGAACGATGAAACATTGGGCAGCGGCACGTCAAGGCACAGGGGACTGCTGCTTCCACATTCACTGCATTTTCGTTAACGTGGCTCCTGGCATCCGTATATAACTTGGTGCCCTCATACATAGGATAGCCGTGGCGGGCTACACGCATATGCAGTCCCGCTAGGATTTATGGAGCTTAAGTCCATATTGGTGCCAAACGTTCCTATGCGCTATAATCACCGATGAGATTGGCCATATATGTTGTCCATAATCATAATTTTATAACAGCTAGTACAGAGGGGTGGGGGTAGACCCGATCAAGTCCGGGGGGTTGAGGTACTCTTAGTACTACTATACCATCCTTCACACCGCGTCTTTATCTCACTGGCATGACATGTATCGCTGCTAAGGATATTCTGAGTTGTTGTCAGGCTCGTGACGGCCCCATACTGTTATACTGCTTCTAGAGCGCAGCTTTGAATCGTCTAACTAATTACGAGGGGTGGCTCGACACGATACCAGAGAAGATAGGCACCGAGCGCGCAGACTTTAAAAGATGCCGTTAGCTGTTGCGGTTATACTCTCCTTGTCACCAGACTATCGCCGGTTTCGTGTTCGCTTGAGCAGCTAACTAGTCCTTAACTCATTCAGCCGTAGTATGTGACCTATCATGTTTCGCTTCGGACTTTATCCGCAGGTCCGTTCTGAACAGGGTAGCAATACTGGCCGCTCCGTACATCGGGTGAGCGAAACCATTGTCACCGTGATAGGTATCACGTGAATAGTTTAGCCCCATATATAGCAGTCACTTTAAAGTTTTGGGACCGTCCGGATCAAGCCCGAGCTCATAGCTTGAGACTGCCGTGGCAGCCCGTATTTTTTCGGATTGATGAGACTAAGATACACACGGGTGTTAACATATTGTTGATAGTTCGATCGTGAGGAGCCTTAACAATACGACGCGGCAGGCAGCGCAGAGTTCTCACTCTTGGATCAGCCCCAGTTCCCCTTGTTCCTGTGGAGTATTACATGCGGCACGCGTCACTCGATAGCGTCTCTTGTCCGCAGGCATGTCCACGGCTCTTAGTCCCACTAACTCTGGTGAGGATTCAAATCGCTAATAGCAAGGCGAGGACTTTCCGTTAGTCTGCTGCGTTAATCTGCCTTCTTCCCGGCGGAGAGCTGGGCCGTCCCAAATCAATACTAGCCGGTGTCTCGTAGTCTGTAAGATACTCAAGCCTCAAGTCCTTCGGCGCACGGAATACGTCCTCTGATCGAGAAGTACACACCGCGAACTCGTCAGAACACGTTGCTTCGGTATTCCTACAGGGGAGTGAGGAACAGTAATCTTGACATAGAGCTGCTCGAAGTATTAAAGTAACACTGACCCCCATATAATCCCATTTCGTCGGGATGAATCTTACTGAGCATGAGAACTCTCAATAGGGCAAGTGTGGGCGCCCTACCGACGAGGACCGGGTCGCACCGCTACCCCAGTCCTAATGCCTTAGGAGCGAGGGCATTACACCGGTTTGGAAAGACAGGATACGGCTCCGCCTTACAGTCCGTCGATAATAGTAGGAAGAAAAATTCGTATGGTAACGACACCTTACCCCATTAAAAAGATCGCTACACGTGTTACTCTGCTGGCGTTTATGCTGTATACGCGGGTCGGCGCTATGTCCCACGTGATCAGG,1705,49.97,Drosophila melanogaster
SEQ_571274,ATTCAGACAGCCAGTTATGTACGGTCCGGAAAGCCCAGTGTGCCACGGAACACTCGTCAGATCAAGGGCATGTGTCCCCGCAGATAGTGGTCGAAAAGCAGGGCCGTGGGGGGCCTCATCAGGACACTGCCAACATTCAGGCACGCTATGCGTACCTAACGCACGCCAAATATTCAGAACTAAAATATTTGGTGACAGTAATGGAACACCCGACTGCCCTGAGGACCGCCGCACTGGAGCGACTGGGAAGATTACTCCAATAGGCGTTTTTTGTTATGGGATGGTTAGTCACCTCTGTGTGGTGTCACCTTATTCGTTTATATTAAGCCGGTTTCGTGGCATATGGGCCTGTGGTTGGGGGTCGCAACACCGGGGGACTCCTATCTAAATCGAATGACGCCTAAGGTGGTCTACCCACAACGTATCAAAGGTCCTGGACTGTTACGTGTGCTGACTTCGGTGCTGGTCCAATTTCTGTCCGGCACCCTATCCAGAAAACGGCCCTAGACGGATGATAGGTTACACTGCCAAACCCGAACCACCCAAAGTACCGCGTGACAAGAGTGGTTAGACGTCGTAACAATGACCGTCCCAGCGTGAAGCTCGCCGTAGGATTCCGCACGTATCTTTTATTCTGTAGTGTAGCATGAGTGAGAAACCCCTCAGTACCTAGGGGCTTAAGACCCAGACCCTTCAAGTACCGAAGCACGGTTATGACGTCGAGGTAAGTATACCCGGTGCGCCTCAGCCGGTCCCGAGCTGCTTTGTCATGCGTCGAACACCTTTGGTCGAACCGCAGGGAACAACTTGTTTGTAAGACGAAATCCTCGACAACAGGTTCCTGCGAACTGCTCATGGAGGTGATGCACGGGAGTATTCTCCACGGTTGTAAAAGTACAGCAGATAGAATAACGAGCTTTCGTATCACGGAGGGAACCGGTCGTATGTTGCCCATGAAAGGGCACACTAAACGACCCGTTTGGAACCCAGCAGGTCTGGGTCGTAGATCGTATGGAGTGTAAGCCCAGAAGTGTCCTCAGCATAGATGCCGCTACATGTGCGCAGTCCACTTCAGATAGAAGCCCGAAGCCCAGATGTAAAAACCTAGAAAGGAGGTTCTTGAGGCGTTTAATATATTAGAGGATACCCGTTACAGGAAGCCAATTAGATTGACCCCGATGCTAACACTTGTTGTCTTTCGGTCACATCCGCATTAGCCCTACGGAGAACTATGTAGCCGCTCGCAGGTCTTGC,1254,51.67,Caenorhabditis elegans
SEQ_845698,CCATCGCAGCTCGCCGATCGTTTGGGAACAACCACACATAGACTTTAAGGCAGTGGTAGTGGGGACTCAAGTCTTGCGGTCATACTCCATAGAGGCAGACCACTGGTCTTGCGCCAGTGTTTTTCGTCAATCACGTTTATCGCGCCCCCATAGCCGCTCTTTAATGAGGAGCTCTAATTCGTTAGACTATTGTGCACCACCTCCCGGTGCACCCTCAGTGACGTATTGTTGTTTTGCTACTCGTGCGAGAGGGGAGAGAGCGTGTTTGGGGCCTCAATTATCATTATAAACCATCTGACCATGAACCTATGACACACTTCGGCGGATACAGTGCCGTGATGCCAAGCCCTGCCGCCGTACTAGCCCCGCTGTCGCCGTAGACTAAAGTCGTGGCCCAAAAGAGCATATCGGTCTACATGTGCGCGCGCCGTCGCCATCCTGGGAATTAGTCACAAAGCAGTATAACAACCGAGTTCGCCATTGATTCCCTGGGCTGTCAGGCGATTTCGACCGGACGGCCGACGGTTGAGGTAAGCGTCCGACTTACACTATGCCTTAGCGCACCACTGTCATGACAGTGAGTTTATACGCCTAGGTCATACTACACTTTTTAATCACATCCAAATGTCCGTAACTGCTGCTGCGGGAATGATCTTAGGCGGCAGTACTATATCCTCTAGAAGACGCTCTGGGGGATCTAAAGAAGGTTGCAATCAATACGTAGGGTTTTAGCCGGAGTTAACGGACGGGTTGCTAGCAGCTGTACATCCCGTGTACTAATTGAACGCATGTATTCCAGCACATGATGATTCTCAAACTTTGTCATATATACCCCACTAATAAATAAGTACGAGACCTTCGTGAGCTAGAGGTTTACTCGCGAGCAGTGAATGGCAGCGTCCAGATAGACCATCTTAGAGCTATCCCGTCACAGACCTAGGAAAACTAAACCAACACTACGGCCATAGAGTA,972,50.1,Caenorhabditis elegans
SEQ_811677,TTGTCGTGGTCAGGCAATAAGTAAAGCCCAGTGTGTCGGGTTACACATGCGCGGATCATCGCCAGACCTCGATATCACGCTGGATCTATAGCTGAAAAGGATGACAGTCTTGCTAATGCGCATTGTCAACTGACTCACGTTAGACCCTTGAAAATGCAATATATGCAGTTTTTGATG,177,45.76,Drosophila melanogaster
SEQ_667461,CCCACAACGTTGGCCTTGTTCCCTTTTGTAGGCTGGTCGGTCATGACACCGAAAGTGTTAGTCGTCGTGGACCCATCTATCCAGTCACCGGTGGCAGCATACACCATGTGCTGCGCTTTCTTATAGGGATCGAACGTAAGACGTGAGAAGAAGCGAAGCGGGGTAACCCTTTGCATGGAAAGTTAAAGAAGTTGAACATATCGAGCGCGTCAAATCGACGTGCCCCCCTAACCGGAGGAGTACCTAAAGGCTAATGCTATAAGGTTCCCTTCCCAGAGTCTGCGTTCGTTATTAGACGCTCAGCAGTCGAGGCCGTGATGAATTCGAAACGCGTAGTAAGAGTAATCTTGCAATACCTTATCGAAGAAAACCGATATTCTCAAGCAGCTACCTTGGTAGCGCTCTCTAGACCTCCGCGTATGGAAACTCCCGAGAGTGCAACTGCATCAGCGAGTCTAGCAAATGCTCGTGTGTCTGGGGGATTTGCGCCCGTACGCAGTATCCTTTGTCCTGTATGACTAAATCCTTCACTATTGTCTTTATGCGTCCAATACCTTTCCGAGGTGAAACTAGTGGATGCGGACGTCGGGGCGATAAACCGGCCCCCCGTTCTCATATGGCTGCTACTGATTTGGGACGACAAGGCTTATATTATTATATGGCATGGACAGCCTTATACCGATCACAGGCTCTGAACGGCATGTTGGAATAGTAGACCAGAACAATCTGGACCCGCGTACGCCTGTCTGGTCCTCCATTCGCTCACGATCATCTCTGGACTGCTTCGAATTAACTCTACACCGGGGTGGATGCCCCTTAACCCGCGTTCTAGAGCATGTGGGAAAATAATTCCGCCGCACTCCGATTATATACCAGGACGCACGTATAGAATCCCGGACAATTTAGACACGCTGTGG,917,50.38,Caenorhabditis elegans
SEQ_261544,ATAAGACCACGTTTCTACATAGAGCGGTGGCAGCAGACTGGGTACCTGAGTCGCCGGATCTGTTCTGCACAACTGGTGACGAGGCAGCTTACTAAGCTAACTCTCGCCTTGCTTTCCAGGGGTGACTCACGGAACGTCGACGGGATCTGCGAAATTTCCTGAAAATTCACAAGTGTAATATCGGTCAGGACTTGGAGAAACATGGTGGTCAATAAAACGGGTGGCCGATCTATATTACATGTCGAGGTGTTTGCTGTCGAGTCCAGAAGATGCTTTGGTTGGACGGAGCTTTTAAATGACGTGGTAGCCACAGCAAATGATACAGCGTTTCGACATTAACAACTCCGTAACCCGCCCTTAAGGTACTGTGAGGACAGCAGTAGTCATCGGGCGAATAGTAGTCTGCTCTTAAAACGCGGAACGCGACCTCAAGTCATTTCTCGTAGGAATTTATAATGTGGAAGGCGCACACACTAGACCCCTGATAGC,489,48.88,Escherichia coli
SEQ_291501,CTGATATTGGCTCGCCACACGGGGTTATGATTGGCGAGACCCACGACTTTCAATGCGGGTAGACCCATTGCTACATATGCCTAATCGCTTCCTACGGCCTCCAGGATATCAAGCATGGCCTCACCCATAGCTTGAGCTCTAGAGGTCTTAAGTCCTTAACTGGTGGTACCATAGCTCCCTCGGAGAGATGGAATCCGGACAACAGTTGTTCCTTCCTGTAGCCCGTCGATTGACTGTTCTCCACACATAGTGATAAACCCTTTGGTGAATACCGAGCATTGGAGCGGTAATCACAGAGTGGGAACACGACCTGTGGAAGAAGGTCTTATAACAAAGAAAGCTCCGAATCGTATCAGCTGTCGGCCGAAATAGGCGTAATTCATCTCTGAAATAATCAATTACGGTGGAGGCACCTGACTTAAGAGGGATCCGTAGAAAGTAAACGGCGTATAGTAATAACTGACAACAATCTGACAAGGTACGGACTTGTGGAGTTGGTCCCACAAAAAACACACTTACTCGCCCAATGCTTCCTCAGCCCAAGGGGACTACGGAAATAGAGATGTGGGGTCCGGCCGCAGTATTATCTATGTTCCTCTTGAAGTACGTTGTTACTACGAACTCTCGCATGCAGTGTGCGCAATTTTCATTGTTAACGTCTTTTCACTCTTATTTACCAAAAAAAACCAGCCGGCTGGTACGCACCTGCGGAGCAATATTGAACTGCGTTCGTATCACAGGCGATACTTTTACCATTAGAACAGCTGCTAGCTCTGCTATCTTTGTTAAAGGCACGATGAGTTCGTTCGCAGGTCACCTATTCCCTTTAGTGTCAATGGTACATGAGTAGGCGTGTTATCTGACCCTACTAGCAGAGTCTAGTGCTGACTCTCGCTTTGGAGGGCGTATCCCGTTTACTCACCTCGTGGTAGTGACCAGCAGAAGAACCGTCACAAGGGCCACCGTATGAATATCAGGT,979,47.91,Drosophila melanogaster
SEQ_235140,CAGACGCACTAATGCCTTGTTAACTGTGCCATAAAGGCCGGATATGAATACGAGAATGGTAGTCATGAAGAGGAGAAGTCATCAAAATCAAATGGAGATAAGGGAACATTTGCATTGC,118,41.53,Drosophila melanogaster
SEQ_635529,CTTGGGCGTATGCAATAAACGGGACCAGGTGAAGTCGTGAAAGTAGCCAACACGCAGCGGGGAAAAATTACATGATTAG,79,48.1,Caenorhabditis elegans
SEQ_471996,ATCGGTTAACCGATAAAATCCCTGGTCATAGTAGTTAAGGCGGACCTGGTGAATCGTTAAAGTTATTGTTCAGGTTGTCCGTTGGGTGCCCTACAAGCGATAGCCATGACGCAGCTTCAAACCACACACTTACGAACCGGATCTACCACCCAGTTATGGAATTCAAGGACATGCGTATTTGTTTAGGGCACTGTGTGTAGTCGTCTGTCGGTCGGTGCCATAAGTTGATACATGTGTGTCATATTGAACTGGCTCCTAACGCCGCCTAGAATTTAGATAAGCAATCACGGTTCAGTCTTTCGAAGCGGCTAATAAGGGTTAAGTTAAGCCGGGTCTCTTGTTGGCCCAGGCCGAATGGACAAGCTGGGAGGACTCGCCGCGGATCAACCGATAGCATCCCATCCCCGCTCCGAGCCTTTTTAAAACTTTGCCGCTAAACATGGAACTCTTGTACGCAGCCAGGTGCTGCTCGTAGACATAGATGGCTAATACGTGCCTCCATGAACCCAGCAATTGAATGCGAAATGCTCTCAATAAAATTTGGCGCTGACTCGCGGTGTTCGAAAGCTATCAATCCCTTGGAACGTGCTTTAGTTAAGGGCGGATCTTAAACAGTGAAAACCTATGGGGAGAGCGATATGTTAAGGTCACGGGCAGAAGCATAGCCAAAAAATTGCCCTGTTTGAATCGAATCTCTCTTTGTATCCTTGTGCGGATGTCTTGTGGCAATGCCATTGCGTATCTCTTCCAGTTCGAGAAGCGTCGGCCTTCAAGAATCGGAGACAGTTACTTTTTGGACGGGGCTTACTTTCGCCCCTGTTCAACTGCTAACTGGGAAGCGGCATTCTCCTCACATGTTACACTGTGACTCGAATCAAGACCGCTACGCGAACTTAGAGCTTCTGCTGCCTATAGTATCATCGGGCGCTAAATCGGCCTTGAACTCACGTTGGGGGTCTGATCTGTTGAGCGGAGAAGCAGACTATTGTCAGGCTGC,997,48.85,Drosophila melanogaster
SEQ_212312,GGCCCAATAGACTGCGGTCTTACGGCATTTCCGCCCGCGACTAGAGTACAGACACGGCGGAAGAGACCCCAGGCCCGTTGAATATGGTCCCCAGCTTCTTGAACGAACCCCATGGACTTTAATGTATTATATAGATCCGACCCGGGTGCGCGCCCAAGTCGGGCTCGTTCACTGGAACCTGTTGGTGTTGCGCTTAGTTCAGAAGCTATCAACGGATAACGGTTAATGTGTTCCGACTTGTAGATTTTTTTTTACAAATGGCTGTGGGAGAGGTTGAGAAGACTAGCAGCACCGCCCTAAGACATCTCGCGGTGTCTAAATCGGATCCAGACCAAACCCCCAATTTGGCTTCCTGCTGTTCTCCGGCCACTCCGAGTCCGGAAGCCAGTCGGCGTCCCCATCGACCTCACACGCACCACCTTAGACGGGCCTTCTGCCATGTGACACCACAGCCTCACGCGGAGCAGAGAGTCACGCAGGTTGGACGTAAAGTGGGTTACGCTCAATCCTAGATGCGATCGCTGGGCGACGGGCATCTGCAAGACCGCCATGTGCAGTCCTGTTTTCCCGAGCGTTAATCCCAAATATCGTGTAATGGGTGACGCTCACCTAGATTTGTGCAAGGCTTCCTCCGATCCCGGACCGCTTAATTGTAACGACACATTCAGGCCCCAGTTTTCCTGGACATTATGCGTTTGTCGATTTGTGGGAAGGGTGATCATTCTGCCGCTAGGCTACCCCTTGAGGCTACCACAGTCAGGCCCGTCCCTTTCTCACGCGCGAGCCCAAGTGATGCGCGCCTGGGTTCAACGAGCGTCAGGCTCTCCTCTACTTGTCCACGGGCGACTTATTGTAGGGCGAATGAAAGTCATTGTCAGCGGCTTCAACCCAAGTATCAGTATTCCCAGGGAGAGCAGTAAGGCTATTTTCTGGCAGCGGACCAAGCGGCAGCTACGAGTCGGAATGTGTTCCTCCTGCGTTAGCCATGCCAGGAGAAGGGTGCGGAGGCTCCCAAATTCTTTCGAAGATTACGCTAGAAGAAAGATCCCATCAAACGGCGTTAGGAACTTGCTATCGTTTGCGCGACGAATTCGGCACTGGATTGAGACGTGTTCGCGCATATGAGGACCGGTACAAAGGAGCGGACTACGTTTCCTTTGCCAAAATACCGGAGGGGATCACAACAATGCTAGGAGTCTGTGCCGGGACGTGTTCCTTAGAAACAGCAGCCTATAGGCGGGATCTCCGAGTGAGCGTTATACGGTAGGTATGGCAGATGCGCAGACGAGTCCGCATTTATCTAGGCCACATGATACATACGCTTTCCAGAGCCAAACAAGTCTATTCCACTCGTCCGCAGACTACATGGCATGCCGGAACGGTTATGAATAAAAAGAGACTTTGGATAAGGTAACGGCGAACGGCGGGGAAGGAGTAATCACGGCATTCTCCGGTTGGTCATCAGATAGGACCGCCCTACCGTATCCCGTACGCTGGACCTAGCTACATCTCATATGACCTTT,1523,53.51,Arabidopsis thaliana
SEQ_215362,ACTAAATTGCAACAGACTAACAGCGTAAAGTGCAAAGTATTGGACACTTGGACAATACATACGTCCCTTTTCAGGGCTCTTGCTATGTCCCTTCGCCCACTTCATCAGCCGAGCTTGGTTTTCTTCAACGCTATCACCTTAGAACGAGCTTTACGTAATGTGATCTTTTTTAATTCGCGCGGACACAGTCTCTCGATGCAACAGGTGAACACTGGTACTTGTCGATATCGTTAGGGGCAGGGGAACAGGTAGGGTTGTATATTCATTGGGCCGTGTCGAGCGTGAGTTAGGGTATACCGGCCGACGGTTGCAGACCAAAGCGTCCAAAGAGGAACCGGCGGCAACTCTGAAACATGACCGCAGGTCGGGAGCTTCATGGCGTGTGATTCGGACCGAGTGAAATTTTAAATTTTCCTTGGTAGAAACGAAGATTAAGGAATGCCCAAGTCCCCACTTAGCACCTATGCCAGTTCTGGATACACATTAGATCGGCATCTAATATCATTGCCTACTTGCTCCTAGCCGACGCGTAGAGATAGACCCGCCACTAGAATTTTGTGAGTGTGCTTTTGCGCCTCAACAGTAAATCTGCATCATAAAGGGTAGTCGGGAGTGGGATATACGCCCACGCGTCACCGGCTCATCGGCCCAGCGTATAAAGGCGAGGGATCATCGATACGGGCATATCGGGCGGTCTCTTGAATCGTGCTCGGGGCGAGGGCGTGTTGTGTAGCGGAGATAATCACGACGAGTACTGAAGTGTGACCCTCCTAGGAGAAAACTGAATGAACGATATTTTTTTGCGGTCCCAATTGCGACCACTCTTACGCTAAATCTGATAGAACCGGCCCTATTCGCTATATGGGACGTGCGCAGCTAAAATGTGTCGCAGTCGGACCCCGCGGAAGTTTGCGGCGAGAAGGGTCATGACTTATCATTGGCGAGAACTTTCCAAATTACGCCGCAGGGATTCACGACAGTAAAAATTGGGATAGCGTTGGTCTCAGTTGCTCCCTAATGGAGGAAGATAAAGCGACTCGTGTTTCTGGCCCTCAGGCTTCTGACACATTCGGTTGGTCAGAATAACGATTCGTTCATCATGAGGCTGCCGTCTCCAGACCGCGAGTCCTCTACCCCGTGTTTCGAACATTAATCCAATAATCTTAGCATTCTGTTAATTGCCTGACCATTCATGTATCTTAGTGGACAAGTCTAATTCGGATCTTTTATGGCCGAATGTGCTCGAAGCGCGGCCCGACTTGGAAACACGCCATCTGTGGAGTAGTAACCTAACTCAAGAATGACGGGTTCCTGGGCGCCAATGGATCTCTTTTTGATAGAGGGGAATCTATCCCTGGCATGTTCAATCCGGAATAACCCGACCCAAAACTCATCCGACCCCGTAGACAGCGTCACGGACATCCCCACTAAACTTCTTCATATCCAATAAGCTTTTGCGACTAATCGACGTGATGGAGAACAAACTGCTAAATGTTTTCGGTATGTGGGAAACGCGAACGCATTCTTTGTGAAGCTACAGAACTAACAAACAGGCAGATGCGCAGGTCTAAGCTAATCATATAGTACTGTACCCGTAGAGCCACATAGGTGACAGCTTATAGGGTGGTATTCAGGAATTCTCGACCACGTCAGTCTGTTAACTGCGGTTGGAGTTATGTAAATAATCGCCTTTCTGACTCCTAGGTCAGCCGCCCGTTGTATATCTCCCACTCGGTTCATTTGGGACGTGGCGGAGGCTCCGAACGGAGTGCCATATTGTCTCGCTCTGAGATCATGTTCTCTCTAATTACCGTCACCATAGCATGGGATCTTACACCGTTAAATGCGAAATCATACCGGAGCCAGGGGCACT,1873,48.91,Mus musculus
SEQ_125360,TAGCGCATAAAAGAGTAGATGTGCACCACGTCTGCCACAGCCTACACAAGGGGCAGATCGCTTGTTGATAATGGAATGCCTATCTTTAAAGAGATCGCGTGACAGAATCCGGGGGGAGAAAGGACCTTGAGAAGCGATAGCTGCACATGGTATCGAAAAATCTAGGGGTGACACAGCTGATTCCGAATATGGACAGTCCAACTATCGACGGGAAGTGACCGTGTGCCGGTCGAATGCCATCCCAGTCAGGTGGCTTCGAAGCCAGGGGCTTGCGTGTTAGGTCGCGGTGATGTCGCGTTTAGTTGCTACATGAACCGCTAGGGTACTTGCTCTCCAAGAATATAGCGCGGTGCCACTAGTGGTAGCGGTCAAGGTTGCGCGAACGCAATAGCGGGATGTATTCTCGGTTCCGCTCGCCACCACGCGTGAGGATAACTCCAGACCGGTGAAGCGGTCAGGAACGATAGATGAGCCGCTACGTTATGTAAATCGTCAAGGTACCATTGCCATACGATCAGCTTTCGGTGAAATCGACGGAGAATTCCATCCTCGATTACGTTGACATTAGTGATCGAATCCCGACTATACGACGCATGGCTTTCCCATAAGGAGGCAAATGTCGGTGGCATAGCACCGGTTGATGTAATCTGAGAGGAATTGTGAATCCGCCAGGATGGTTCTGGAGAATGTGGTAGCATCTTTGAGTATTCCAATCACTGCCATGGGTCATTAAGTGAGGACTTGCGTCTCTGACTTAGCAAAGCACACCTTCATTTTGCATTCTTCTGGCCGGCCACCCTGCATACGCCTCTGTAGACCTGAGGCTCTTCTGCGACATGAGTATAAGGGTCAGCTACGCTTCGGCATGCATTTCCCCCGCAGCGTTGAGCGAAGCCACTTTGGCAGGAATGCGGGCTATTGACGCAACTGTTGGAATTTGAAGGCTTCGGATAACTCTAGTTGAGATCACTGCCGTCGCGTTGTCTCTGTGGAGAATACCAATCAATAGTAGCGGTGTATGAGAGGCCCCAACTTTGACCCGGCGCGACACGGTGTATTCTACATCAAGGTGGTATCATGGATATGTCGGATCGCACAAACGATGCACCCGCGGCGGAGTTCTCGAACTAGCTAAGACGGAACGCTAGCACACTGGAACAGTGGGGTAAAAACCACGTCTTGTGAACCCTGATAGAGACAACCTCGTGCGTTAATAATGACCGTCCGACGGAATTTATGTGCCGCTTCTCAAATAGGCGGTTGAATGTCATGAGGATTTTACTGTTGCTCTAGTTTCGAGCGATCTCACCACCAGGCGCACAGGCACCTATAGGGATCGCCGCGCAGGGGTACACAGACTAGGTCTAGAGCGTCAGCAAAGGTCCTTGCTGAGGCTCATGTGAGAAACAGACTACACTGGAATTTGGTGGTTACCAGAATGGGCTGGGTTTCTTACGGAGAACCTAAAATTCTGGAAAAAAACGTTCATTAGCCGGGCGGGGACTTGAGCTCGACTCAATTATTTAATGAGCGTATCTTGTACTTACTTAAGCTAGCGCAGGTTAAGTAAACCCCGCAGCACAAGCAGGGCTTGTCTAATCTAAGGCTGAACATACCCTCGTACTGTATGTAGGAACGCTTTTATACCCGGCTGCAACCGCTTGGGAACATACGCAGATTTCCCATTAAGGATTAAGGACAGGATACGCTGTTATAATCAAAGCCTTGTATTGTTAAATGAAGGTTTCCGGGCGGAGAAAATATCACTCCCTCTCCTGGTCAACGCTTGGAATCCCAAATTAGGATACATTTTCCCTCCGGGTGCGCTTTAGACTCAGTTCGCGGCGTCGACCTGTGGTCAACGCCTTGAGCTATACCTCGGCGTAATGCGTGGCTACCACATTGGTGACCTGCGC,1916,50.47,Caenorhabditis elegans
SEQ_299150,CTACTTGCTCAAAGTTTACCCTGCCAGCTATACAGCAAAGGAGGGTGCTGTAGCAATATTTGATATAATTAATCACAAGGTCGCCGCGTGTCCCGTTACCACAGTGCCGAGAAACTCGCCCGGTACAATGAAGGAACACCAATGTAATCTCTGGCGGACATCTTATACACACTGCTTGGACGTGCAATTAACCATAGTGGGGTGTGGTCCCGAGGGTGGAGTTCACCCCGAAACGTAAAGGCGACCATACTTGCCAAAATAGTCACCTGTAGTTGCGATCACGCAGCCGAACGTTGTTGGTATAGTCTAATCGCGACCTACAGGGCACTTTCCAATATAATAGTCCATGTTTTACCCGCCGGATACGAGGCGATCAAAGCTTTGGTGAACAAGAATTGTGCGGATCCCCACGGCCATGCCCACTGCGCAGGCACAGTTCTACCTAACTGTTCCTCGAGCTGGAGAAAAGTGAGTAGACATACGTTGGCTCAGTGATCGAAAGCTATTAGGCCATCGTTCTCTTTTCCATAGGGCAGGTCACCACCGGATCAGTTAACCCAGCAGGAGGCCAAATAACGCAGGTGAAGGGATAGTTTTAGTCCTTCCTCCCGTAAGCTCTTTGCATTGACCGAAGTCTCGAGGTACCAGGCCTGAATATGCTATGTATGTTGCCTCTCAACTGCTTTGCAAACACTCTCCCTAGCGTAGACTCAGTACACTCTTACTGAGTCGGCGGGTTACTCCCCTATTGCGATCGGCCTCCCTAGCTGTCGTGAGGTAGAGCGGGGAAAGTGAAACCTGCCATTCAAGTCGGTCCACGCCTTGCACTATGTATCCGCAGAGGAAGGGTTCGCCAGCGAATATGCGAGGCCATACTGACAATGTATGCGAACCTTTATGGATACCGGTGAGGCTGGGATCGGCTAGACGCAGAAGTTGACTCGGTCTTCGCTTTCACAGTAGGCTCCAGAAACTACAACCACGGTACCTGTTCTTTATCTAAGTCGTAAATGTACCCGCATGGGGTGATCGGGCGTAGCCAACTGCTAGGGTCGGCATCGCCCGTGTGCGTCGCAAGATCCACGTAAGGGGTGACTAGCTAGCGTTTTTGCAGTATATGGCCATGCAACCGCCTGGTACCTCTAGCGTGCCCCATCAGTTACCATCTTTAAGAGTTAACGAGGCCTTTTCTCAGCAGCTAGAACATCACACACGGGGTTAGCATTTTCTGAAAATTGAGAGCCTAAGTCATCCCCTATCCTCTCACGATACGTTGCAGCCCGCGGCGACGAGTTATCGGCGGTCTACCACGAAGGCCTGATCAAAACTCGGGGGGAATTCCAACAAGGGACGAGGATCCCTACAGGCGTCCTAATAACGCGATTTCATTAGCGTGTGGGAGCGCTTCGGGAGTCGGCAAACATGATAGC,1430,51.47,Homo sapiens
SEQ_250941,CGGTTGAATAAACTTTTTTCCACGGTATTCGTACCGGTGTTGTCAGGCTGGTGCCTGGAAGTACACAATTTAGAAGTGGGGCTTGATTACGGGACCAGATGCGGACTTCGTATAACCCCACGCTAATCTGTGCTGGCCCGCTCTACCAAGACAACAAGTTCTTTATGCTGCTAGCCAGCAAACGCAGCCTCGAGGGGGCAGGGATCGTTAGACGCCAGGGACACATCTCGACTAGTGCCAATCCTAAAGTTTACCAATCGCTCGTGGACGCGCGCGCCACAGAGAGAAGCAAACTTCTGTGGGTTTAACACCCTGAGAAACGGCCAACGATCGAGGGACCTGAAAATCTATTTATTTGAGTCTTTTGGACGAAGGCTATCTCGTCGCGTCGCTGACGAGAAGGCCAAGAATTTACTGCGGCTACTGAGCAGGAATCCGGGGCTCCGACCACTGGAAGTCTTTCAGCCTAATCCATGACTAATACTGCAGGGTCGCAAAAAGGGCCGTAGTATCTGGCGCCGCCGCACATGGCGTGATTTGCGCTTCAGCAGACTGGTACGTGTAGTACCAGGCGAAGGGGATCATAGGCATTTCATTGAACAGGATTAGCGGTTCCTCCTCACACTTTAAAATGATGATGTGCTCGGGACTTGGATTTCGTTCTTACAGTAAGTGGAAAGCAGACAGGCGAGCTCGGTCAGGCCTATAGCCCAGGAAACGGATTGGACGGGGGGGCGTCTTGTAGTATCCTAATGACCACCACTCGATGCGTGTGCTGGGGTCGCCTAGTCTTTGTCATGACCGATTGTGACACTCATTGGCCGGGGTTGTCAACGCGAGGAGATCGGGCCCGACGTGTGATGACGTGCTGATCAAAAAGCGTAAAGCTCGATCCACGAAGAATTTTGTACCAGGGAATACCTTATGGCCTACTGCCTGTTAGCTCAAGAAGTGTCCACGTGGTTCGGGACCGCTACACAAAGTGGACGAGTGGTCACGGACTGACCGTTACCATAGGAGCCCATCACGCTTTTCGCGCATGGCCTTCGTGAGTAACTCACGAAAAACTATTATTGAGTGATCAGACGTCGATTTCTCCGAGCGTCCAAGAACTTTAATATGTACGCCAATTCCATTGGACTATAGGGCTCCCTTGTCCAAACTGCCGTCTCTCGAGCATATCGCCAGCCAAACATGGTTGTGACAGCGGCTGCGAGTTACTCGATCATCTTGAGCAGGCTGGCAACCTGGACGATCACGAGAGACATCGCCGACAAAGCGAGATCGGACGTTGTGCATTAGAAGGCGGAGGAACAAGGGAACGTTGTTGAACTGGTACATTGAGCCCAGAGGTGTCATTACACCGATCCCTGGAAAGTGGGGGTATATGGTTACTGTAACATGTGCCGAGCCTTTGTGCGAATCCGCGCAAGGGGGATCAAGGTATTGCGTAATCCGGGAGGGTTTGCTTCATGGCCCACGGCCACTCACAGTATGTCGCTGCGGTATAGCCCGATAAATTGCAGTCGATGGCGGTGCGATACCTCAGCGTTTCCCGTCCTGGGGGCTCGTCCACTAATGCGTCCTCAATGGGATTTGGGTCTCATTTAATTAGCAACTAACATCGTACCCGTGGCCCCGTGCTGAACGTGCAGGTCCATTCATATTTTCACGATCTACAGAGACAATTCTTCGCCATCGAAGTCGAGGTCACGCTACGGCATGATAAGCGGTGGCACTACTAGTATGAGGGAAAAGCCACGCCCGTCAGTAGCGTATCATTCGAGCAGTGTGGGGGGTGCGTGTTCACCGCTGTCCGATTAGCATATCGGCGCTTGGGATTCCGTAGGCCGAATTCACTCTAGTTCTGATCGTCTGGTAGTCATCGTGTGGGTGCGCTTGTCGCGTCTCGTGTTTAGTAGGTGGCTAGCATTTGTTTCATCGCGCCGGCTCACCCTA,1959,52.58,Homo sapiens
SEQ_592677,ACAAATCTATACAGTGTCGTATCCTCCCGCAGGGACGCGGCAACCCTCGGCAGCGATGCGACCAGGCCCTCATTTATCTTTTTATCTCGTCTGGGCGGCCTGGGGCGACGGATTCTTTGCTGATGCCTGCGCTCGTAAACGGGTGTCCGAGACGGGCAGATAAGGAGACTGCTAATAATGTCAGTGGGAAGTAAGTGCTGAAGTCCCAAAGGCAAATATGTACAAGTGGCAATCTACCTCGGATAGCCCGGTCTCTGCGCGCACTATCGATGTATCAGGCCGGATTGGTTGGTGTATGCCGTCCTAATGCTTTTGGAGTATAGCGTATTAAGGCTTTAATGTCCCTTGGTTTATGAAGGGCTGCGTCCTCTCTGGTGTTAGCTTCACAAATATCGAACCTACGTGCCCGGATTTTCATCTAAGGGCCCCAAGTCCCCAGAAACTGGTGGTAATTGATTCCTTACTTAATAGTCCATGATCCGCTTTCGGCTTATGAAGTTAATTGCGTTAAGTATGATAGACAAATACAACCTTAACAAGAGGAGTCGTTGGGTTCGTATGCACCTTCGAAGCTTGTGGTATAACGGTGTGCCGTGTCATCTGTGCACGTGTGGTTCAAGAATTCGGTTACCAGCGTCGCCGGTATTGGAAGTCATCGATTACTTTCAACTGGATTACTATTGTAAACACGGTGGTCGAACTTCCTGACATCGCGCCCCTCGGTCCATAGAATCCCCTCGGGCCGCCGATGGCTGGCATTACGACTACTAGTGACGGACAAACTACAAGCGCTCTATAACTATCCCTATGGGCGCTTTGTTGGAGAGGGCTCTAGGGGATGACGAAGAAATGACCATCTCAAGGGCCTAACACAGCTTGTAAGTGATTGGAATCAAAAGACGCGG,905,49.72,Saccharomyces cerevisiae
SEQ_671174,GTACTCAGTAAGGGGTTATTCTATGCACATCCCGAAGGAAACGATCATGTGAAACATTAGCCTGCCTAAGATGCTCACGTAATCGTAGTGCCGACGGAAAGCTAGTCGCATGAGCCACCATTCCTCGCTGACCTGTCCGATATATCTGATTCTGCGCGCCCTTGGTCCAAACCTACCCGGACGAAGGTCCAGTTCCTGATACAACCCACATAACGTGACGAATCGAGCTGACGTCTCGCCCTGGAGACTTGTGGTGCTAAGGATGCTATGCACGTCACTGTATAGACGCCTCGATTCTGTATGCATCCAACGGTCATTTAGCAGGCCGCAGTGGGATGGATATACCAGTTGTCGAACCCGGTTTTAGCGC,370,51.62,Escherichia coli
SEQ_337783,CGTAATTGCCAGGAAGCGCAGAGCTTGGTCCGGTTCCCAAATAGCTACGCATAGAGTACTCATCCATCTAGTTTCTTTTAACATAGCGCTCGAGGACACCCGGAGTAACCTGATCTCCAGGGGCCGACTTCAAATAGCGGGGGGCAATTTAGAGTTTCTACAATAGAATAAAATCTGAATCGACAAAGGGGAGCGCAGTAGCACCCCAATGTAGGTAGGGTATGGAATGGTACCGATCCGAAAAAGTTATGCATTAGCGCTTGTGGGTATGACGTCGTGCCGGTAACTCATCATTACCAGTACAGGTATCATTGCGCAGCAGCCCGATGTGTTGCCGTGCCGACACACTGGCGGCCCAAGCTTGCAGTGAAATCTGAGCATCTAACACGTGATATCCTACCGGCAGCTAAGATAACACAGAGTGGCATTTCAGCTGTATTTATGCTGCCCGATTCGATAACCTGCAGCAACCCCTACTCGAACACGATCTTTGACGCGGTAGGACTGACTAGTGTCGTGTCTACGTGGCGCTCTACTCGTGCTTTAGAGCTCGCCCGCCAAGCGTCTTTGCTGGGCGAGGACGAATATCGCTTCTCTCCCGCTGCGTGCAAGAGCCGCAATGCTGTTATACGCCCCGTCAGAAGTAACTCAGATAACCCATGACTGTGACTGATCCTTCAGATTTAATGCTAAAACTGCAAATAGGTGGGTATTCGTAAAAGCACGTAGTCATTTTCGGACGTAAGTCAGACAATTACCCTTGTAATCATCTTAGACACTTGGGGGATACTAGAAGACTCTCAATGGCGGCCTCTTCGCCTACGCCAGGGCTCGATATATAGATTACTTTCGAAGAACATACACTAAATACCGCCGTCAAGTCAGATGGTCCGCTGTGTGTCG,903,49.5,Saccharomyces cerevisiae
SEQ_599707,ATCGGTAAGCACCTTTGTTTAGGTTTGCGGTTATCCCTTACAGTCTACCATAGTCCTAGCGGAACGTTCATTAGCAGCTTGAAACCGCAACTAGACAGGATGTCCCTTGCTACTACAAAATTACGGTTCATCTTTGCCCTTGTTGACATAAAGTGCGCTAATCTCAATGATTGATTTGGCCACCAAGGTACCTGTGGCTATTTCCGACGACGATTCAGGTCGCCTAATCTGAAGTAAAGAAGCGAGTATCCACCATGGGCGCCATAGAGACTTGTATTCCTATTTCATTACTAATGTTTGGGTGGAGATTTTACTAATCAAGGTGTTAAGGTCGTGCTCCGCTCAAAAAAATAACAATTAGAGATGCTAACCTTTGATGGCTTTAGCCGTCGTGTGCCTAAATCCCACTAAGCCAAGAGCGGAGTCATGTGCAGCAATGCCCATAGGCCAGCTGTTTGTTAATACCTGTCGCCACTGCACGTCATGTATGGTCATACCACACAGGCGATCGCTCGTCCATAACAATCACCGTATATCTAAGACAGAGGTTGCGTCAGTGAGGGCCCATGCAAAGCATGTAATGAAACGATTACGGGACACCCTCTACGGAACAGGCAGTGCGTTTTCTGGGGCAAGTGGTGAACCAGGACTACAGGTCCCCACCACCCAGGAACGGTAGAGCTCCGAGCTCTGAGATCGACGAGGATACTTAATGCGAATCTCATAGAGTGCAGCGGACTTGATGGAACTACCTAAGTTAACCCGAAGTATTTCCTCACCTGGGTTGTCAATCGTCCGCCTACATACTTTGCTGCCGACATGGCCCAAGACCCGCAAACACGCCTGTACTAACCGTTAAATATTACCACTCCGCGTACCCTCAATGAAGAGGGTCCAAGGCATCGGCATAAGGATTAAGAATTACTCTATTACGCGAAAGTTGTCGCCACTTGTGTGAACGAAGGAATCGCGAGTGTCCATAACCACAGATCGGTATTCCATTATTGGTCCGTGTAGGCTCGACCAAACAAGTCCTGGACAGCCTATGTTTCTCCTGTCAGACTGGCCAGGCAGCTTAAGGAACTGACCAGCTAGAAAGAATGGTCGAGCAATAAGTCGCCACCACAAGCCGATATCGTCTAAATTCAATTAAAGGTGGAGAGTGGAGAACGTTGCTCGACGGTGTAAGTTTTCAAAATCATAGAATGGATACTTCAAGAGTACACAGCCTTTTGACTTCGAGACAAAACGTATGGAGAGTTTTGGTCCTCCAACAGCTGGTATTCACATTTGACTTAGTACTTGACAGCTGCGCTCAGAGTTAATAAAGCACATGCTCACAGAGCCCCCCTGTAGGTGCTCTAAACACCAGTAAACTCTCTTGGTACGTATAATAGATAAATCAGCCCTCAGCTTTATAGGCTATTTAAGGATACTTC,1439,46.63,Mus musculus
SEQ_983734,AAGGTGCTAATCTGATTTGTAAGTGCGACGAGTATGGTAGGCCCTTTCGAGTGTTGCATAATTATTTGCCAGAGGGCGTCCTGATTTGGAGAGCAAACGTGCTTTCAATGTTGCCGCGCCTCAGCGTAGCTTCGAATACTGACGATTCAGTGTCGATCGATCTACTATGGAAGTCTTACGTCTCCGGGGTATCACAAAATCCGAGACCGGCAGTCAAATCGAAGCAGGGTCGATGATGATAAAGATTTCTGCCGAGCCTGTTTACGACGGAGTAGCTCGCTCCACTTCATTAGCCCATCTTTTTCCACCATACATAAATACATCGTCGGGCCCCGCTTGTATCCGGCTACAGGTAC,356,48.88,Homo sapiens
SEQ_440011,TTGTTCACGTACTTTGCTACGGCCATCGAAATCCGTGAGGAAACTGCGGTGAGACAGAGGTCCGAGGCAAGTTAGAAACACCTATGTTAGCTCGCGTCTGGTGAGTCGCAACAGGAAGTGACAGACAGCGTTCACCTATAAAGGCGTCCAGGCGAACTGGATGGTATATTAGAATCTCTCCTTTATCATGCACGGAGGAATACGCCAATTCCAAATTATTAGTAGCAAGAACAATACGGCGCGTCTCTGTCCTATGATTGCCTCCTGGGTGTCAGACAAGTAAGCGCGAAAGCCATCTAGCCTCCAGTTAAGATCCGCGCGATACCTTCAGTATAAAATCAATGCTCGTGCGCGGCTAGAGCTGGAGGTTAGAAGCCTGCGTGACTGATAGATTAGGATCTACGTCTGTACATGGACGTGTTTTTCCACGACCCATCATCAGTCTATCAGATCGCTGATGCAACGAGTGTAACGTTACTGTTCCGATCTCGGCCAGCCATATACTTACTTTGAAAGTTTCCGCTCAAATACCTAGACGACGTATTAGTCGAACCCGAATGCCGTCAAGTTACGGGTAGAATCGTGTGTGGCACACGCGGCATCAAGGACGCAGTAGGGCGGTGAAAGGACGCCCCACCTTCAGGCATACTATTACATGTTCTGTCATGTTAGTTACGGGGCCCACTGGGTTGGCTCCAGCTCCATGGGAGTAAAATAGCATAAGGCGGTTGTGGGCACGGTCTTAGCACAAGACGACTCAATAGTTTTTGTGAAGGCCGGACACGAAGGCCATACTCTCTAAGGGGTCAACTGGGTTACAATCGGCGCTCCCTGAAATCGCGCAGTCAAATGCCTGGACCTTGCCGCCTCCTATTGCGATCGTATTTTTTTCAATTAGAAAAGTTCTGATTCCATACGCCTCCCCATCACCTTGCGGAAGAAATGAAACTGGCCTGTCACGCGGCACGCGCTAAGTTTCCAACCCCGGTAAGAATGTTCATAGATCCATGAGAAGGTGGAAGCTAGACATGTTACTTTTACCTATTAGTGGTACACAGGGCACCTCAGAACGACCTGGGCGGAATAAGCCAGTCGACGTACTATTGGCCGCGCCGTCTACGGTGACGCAAGTCGACGGGACCAGCGGGAAAATGCGGGCTCGTACGCGGCACGGGATACTCTCCACTCCAACTGCGTGGTCTCGTCCACCTCCCTCTATTCCACTGCATGGAAATCACAGGATGCAACCCGGGCAGTCTCCACTGATTTAGTCAGCAGGTAAGTTTGGGTTAGCATAGATTGCCCCCTACTTTGCTCCATGGCATGAAACTAGACAATTATGCTTGGATGTAAGCCTGCCCATCGGTCTTGTCGCGCGTGCCGTTCAAGGGGAACTACGTATGCAGGCCGTTTTCAAA,1418,50.85,Caenorhabditis elegans
SEQ_770430,GGCTCCCGCAGGATGCCAGAGTGTGTTAGCTTGAGCGAGTGTGCGGGAGTGCCGCACGCCTCCCCTGCTCTGTGCCGAAAGCGAGTTCTTATCGGAATGTAACCGTTAAGAATATTGGAGCAACTGCTGAGGTACATAATTTGCCTTTCAACGTTGCAACCCCTTATTCGGGTAGACTCTCCCTTCGCCTCAGGAATTTTGCTTTGTTGAACAGTTTGTCACGCGTCTATGGCAAAATGCATAGATAACAAGGGGGCCGCCGGTAGAATGGGGGATCAGCCGCATTTGTGGGTTACAACACTTGAACGGTCTGGCAATCCGGAGCGGCGGCGTTCGAAGGCTCGTTGACTTCCGTGACCACTCGTGTAAAGCTGTAATATGAACCAGCATTGCAATTAATAAACGTACATATCATATATCAGCACATGGAAGCAAAGCCATCGGGAGTGTGATAAGACAGTATCGTCCCGGTCGTCCACTCACTCCCGACGGATGGACGCAGGAAACTGCTATGCCTAAGTCAGACTCTGCTCCCTCAAAAGTGAGCGGCTAGTTACTCTGCTATAGTTCTTCTATTAGTATTGGGTAGCCTAGGCGGATTTTGGTGAGACCCCAATTCGTGCCCCCACGCCGGCCTAAGATGGCGCGGTATAGCCATGCCTAACGATTGATCACGCAACTAATAGCCAAACCAATCTTGTTAACGGGACGTAATGTTCTCGCGACAATCAAGTGTGCGTTTTGCGTGACGGTGAGGGCTACCGCCCCATTATTGGAGCCACCGCGGTTTTTCTACCTTGCACGATATCCAATCACCAATTCTGTGCATTCGACCGTGTTCCCCAACGCCACTGCACACGTCGGAGGCCGGTCCTGTAACACATTTCGCACGGCTAGAAGCACCCCGACTGCCCCCAATGTTGGCCATCATTCAGCTGTGTGACGCAAGCTCACAGATTGAGCGCAAGAAACTACTAAGCCACAGGGGATCCACGGATCATGGCCTAGGAGAGAACTACCGAGCATCGGGGTAATGGAATTTCATCGGAAATCCTAGTGCCTTTGCGGCCGGGCCACTCGGGGGTGCATTGAGAGGAGAATTGCCGGCGATAGTGACCCCGTGAGGAGTTGTGCTTACGCTA,1142,52.45,Drosophila melanogaster
SEQ_809699,CCCGGACATTCATATCGGACAGTTTACATAATGTAAAGGAACAGCGGCCGGCACCGGGAATCCTGTGCGTTTCCTACACATCTACATATGTGTAAATTTTGGCACGTAATAGCAGATAGATGAAACACGAATATCACGCTAGGGACAATCGATGCGGATGCTCCATTGTTTGCTAGTCCTAATAGAGGGGTCAGAGTGCCTGAATGTCCAAGTGCACCGACGAGTAGAAAAGCAAAACTGAGTGGTCCGATATTTTCAATGTTGGGTATACCTTTCCGCACACGCGGGCGTGCGTATTCGCCAAAGCAATTTTGAATAACGTATCCGAATCGGCACAAGGATTACACAAGCCAACACGATGCTAAGGGTCCATCTTCTTTTCACGCTCTATAGGTAAGCGAAGGGTAAGACTGCGAGAGGCGTTTGCATCTAAGGGCGCAGTGCCAGAAATACCGCTCTACATGCTCCCCCAAGCAATTGCTGGCTCGATCTCTCCTTCGCGCGTACTGCGAAGGTCGGGTGGACACGAGTTCCTATGGTTTTTGCGAGAATATGACTATCGAGTAATGCACTCAAACTCATAAGACAACTATGGAATGAACCTGGATCAATGAACTGCTATACACTGCCATATTGTTTTATGGGCGAGGCCGCCCGTTTTAAAACGCTGCAAAATCCGCAAGCAAACGTTACGATATAAGGCCCAAGACGTCCTTCATCAAAACAAGAGCAGACGTTGGCTCTACTGCGGGTGCAGTAATGTCGCTACGTCCCCGCCTTGCCTCCACATGAGCCTACGAGTACATTACGCATAGGGGCTCTTCAACTACGTTCGACCGCTGATCGCACATTCTCCAATCGTTGCAGTGAATTTATTCGTACGTGCAATCAACGATCAGGAAGGTTGAGTCGGGCAGTAGCCACAAGTCCTAATAACCGTATCCTCCTTCCCCGTCCCGCTTACACATATTTCAGTCTGCAAACGACTGTGACTGAACGCGTTACACAGCGTCGTGGCCGGGGAATAATGACTTATTAGACAGCTACTTGGTTCCCGTTCGGCCAAGCAGTCCCACGGGTTGGGGGAGCGGCTATATGTTCGCTTATCGGCGGCATAGAGCGATACCTCTTGGCTTGGGCCCGTTGAACGATACTGAATATCAGACTGGGAACCCATACAGCCCCGATTCTCGAATCTAGGGCTATGCTCTGGCACACATTTACGTATACAATATAGTTCGGCCCGATCTGTGGGTCGGACCAGTGTCCTTGCAGCCCCAAGATATGACTCGAGTCCGTATTAATAAGGGTTTATCGAATGCTCAGATAGCCCGCATTTTTTAGGCACGTGAAGGAATCCCGAAGCGTGATTTGAATCCTATTTAACGGAACGTA,1395,49.03,Drosophila melanogaster
SEQ_568721,CCCCCAATCGGACCATCGACATAAACTCTAGGTTATAACGATAGTTCTCTAAGAGTGCAAAGCGAACGCGCACGTGCCGCATATTTGGCGACGCGCGCGACAGAACCTGTATGTAGTAAAATGCCGTTAGCAGGTGGCTCGTGTTGATATGTAAGGCGGTCATTGTCCGGCACGCATGATCGATTAACCATGTTACCCATTAGGGCGTCGTCGGAAACACATTAGGGGATCAGTGCTTTTACAAGTGTATTTAAGTCTATGGACGGGCTTTGTGCGACTGGCAATCATGAAATAATGACGGTTCGCATCCCAACTTCCAATCCGGCGATCGCAAGAATCTTCCCAGTAACACACGCTGCCATATACTTGCATCCCTGGAGAGATGGCAATCGTCGGCATCTGGCACTCCCTGTAGCTATCGCTCTTAACCGACGAATAGTCCGGGGTTTCTGAGTCAGGCCCTGCGGCTGAGGACTTGTTGGGTATTGACACTTGACATGTGTGCGTTTTGCATACTCCCCAGTGCGACATGATGTCCTTAAATTTTCGACAGAAGTAAAGGCCCCGTCCGGAGTGGGTTTACATCTCGTTCTTGGGCAAAAGTTCCGAGGGATAATAAAAGGGTGGTTTTGTAACAAGAGCAATTTCGGGTGGTGTGGTGATTGAGTTGTATCACTATTGAAGTCAGGCACCCATTCAAATGCACGATCAACCCGTTGTGCGTTC,726,49.17,Mus musculus
SEQ_963018,TTTCGGTCACTAAATCGGGGATTCTCGACGATTTGATAGTCAGGATATGCCCCGTGGACACCGTATCGACTTTTACCCACTGGCTTACGGAAAGTGAGTCGTAGTCCTTTTTGCCCAGCTGCAAGAGGTTCAGTGATATGCCCTCACGTAGCAGCCCAATAAAATGCAACACCCATAGTGTTCAAATCTATTACTAGACGGTAAGAGACATTGGGAGAGCAATCGACATATAT,233,45.92,Escherichia coli
SEQ_187809,GGTTGCGTTTCTCGGCCAGCAAATGTCTGTCGGAAGGGGGTCCAGGCTAATGAGGTTTTCAACCGTTTAAGAGTGACACCCCACCATGGGGGTATCCAAGCGCTGACCGTACCTTGGAATCAGAAGATGCCTTGCAGTGAGGGTATATCCCGGTGGGGAAAAGCTCTTACATGGCTCACCGAGTGTGGGAAGTCCTCTTCGTGGTTGTGCAACGCCACGCAAAACGCACACTCAATCGACGTATACCCCAGGTTACAGGTTCTTATACCCGCTGCCATCTTCAGAAAAAAAGTTAGCAAGGACATACGTTTTTAGCTGCGCTTATATAGGCTGTGAGCGTGAGACCAGGAGTATATACAATCCGTGATTACGAATTGCTTGCAAGTCGGGGATAGTTGCCCTGACAACGAAATCTGGATAAATCAAAAGGGCCAAGCGCAGTGCACCGCGGCTCTCATGAACCAATGACCAGTAGGTACCCCTGGAGATAGCGTGAGTGCGCGGAGAGCGTAGGCTGCAGCCAGCAAACGCTTCACTACGCAATAGTTGCACCAGCTGCATTGTGTGGCAGGTC,574,51.92,Saccharomyces cerevisiae
SEQ_926892,ACGGTTGCGGTTTTGTGTAAGGGGTGAGGGGCAGAAGAGACTGAAATCCTTGTCGACTCGCGTAGGGGCTCTGTGTTTGCAACCACGTCCTTCATGGCGGCTACAATGGGGGGTCTGAAACGATGGAGATGCTTTGCGGGGGGATATTCAACAATTAGGTACATTCCCTTCCTAGATCTTTTTAACGGAGTGCAAACGTGCCAGTCAGGCTAAACGCGTGGAGAAAGCGTAATGCGATCACAAAGATTTTAGACCAAATGCTAGTTCCTCACCCGATAAGGTGAGATGTGTCACGACTCCGACAACCGAGGTGCAGGTGATCATGCCCCCTCTTGGTTTTGATAAAACGTACACTCGCTTCCTGAGATTCCACAGCGTGCGTCTCGTACTGCTTTTGTGCCAACTACGATAAGCAGAACGGTACATAGGACCCTTGTTTTAGGCACCATCCGAAACGGTTGATCCGCAGCATTGTAAATTCCCGATCGGAGCGCCGCGCAACGATGCCAGAACAGGTACGTAAGACATGATTAAGGA,537,50.28,Escherichia coli
SEQ_779995,CTATTCTTGCAGCATTTAGAGGTCTACACTCCCACCCCGCCGCTCAACGCCGGGCAAGCACGGGCGGCATTTTCCTGGTAATACCGCAAACCGATCTTAGCCGCTGAAACGAGCTGCCTGTCCTTTGGTTATTCCTATACGCTAGCGAACAACTCCGTAAATGGGAAGCTGAGCAGTGGGACGAAACCGGGTAGTTTAATCAGTCTATTCCCTAGCAACCCTGACGAAACATGGCGACGTCATCTAGCGGTCCAGAATGTTATATCCAATAGAAGAGCTCTGAGCATCCCTGTCACGCAAAGCGGTTTGGGCGTCACGTGCGTAGTCGTGTCCAACACCGTGCGCTGTCACCTCACCGGGGTTTCCCCTTGGGATGGCATAGTTGGTTTCTAATAAAGCCGAGCCGGTAGGTGGCTTGGCCACACTCTCCAGGTGTCTTCAAAGCTTAGGGCATTGCTTCGCTCGTAAATTACGACTTCAAGCCAGCGCGCCTCGTTCGCAATCAAATGGGAACGTTAGGGAAATAGGACCCCTGAAGAAGTACTTCTAAGCCTCCAATGTCCCAGGGGGTGTGTGGCGTCCGTGATTGACTATTCTGAACATGCCGTTTTTTTTCGCCCATCCACGGGGGATTAAATCGGTACCGGTGGATAAGCGTCGCGCGGGGGCGGCGGCCGGGCGGGCTTCACCGCCCCTTAACGGCTCTCAGAGCTACAAAAATTTACCAACGAGCCTAGACCTACACATTTGTGGATTCGTAAGAAAACCGCGAACACTTCCGCTTGCCATAACGCCCGTGCTAAGCGAAGGCCCTCCTGTCGCTCGACGTGAGGCCTGTAATAAGTGTGATGGAAGAAGTAACAATTAGTTAGACAAAAACTAATGAACGCAATCCCAGCTATAGCCGAACGGTTTGGGACGCATCCGGATGCCCAGCTCTGGAGACGAACGTTTATTCTTACGGTTTTAGAGCGTCGCTATGCTATCTCTCCCCGATCT,999,52.85,Arabidopsis thaliana
SEQ_366465,TGATCCGCGTTCCTGACAGCTTGGCCGTAGCCAGAACCTGCCGAATTTTCCGCGAGCGCACGTCGCGAGACTGTGAACAATCATTTGAACGCTTCTCAAGCGTTCCGCTTGCGCATATTAGCTGCGCGACATGGGGAAGGAGAGTGTAAAGCAATCAGGGCGGAAGGTGTCGGACAATTAACCGGATTGTGCGAAATCGTCCCCTGGGGGGGGTCGATTCAACTATATGCCCATAATTAACGGATCGAACGGGGAGATCTAAGGTGCCTTCCAAAGAGGCCGCATAACATGGCAAGTTGCTCACAAAAGGCCATATAGTACCACAAATCGCATGTACGCACCGGCGCATCGGCGCCTACGTTGCGATTCTGGAAACGCACGGGTATCGTACGACCCAATGGAATACGAGGCCGTTAGCACCGTGAACCAAAACCAGAGAGTTGATACGGCTGCTGCAGTTACTTACATTCTGGAGAGCCAATGAGTAGTAGTTCGGGCATACCAATCGTCCCACAACCTCATTTATTCATGCTCCAACTTCGACTTGTGATTTCCTGGTCCGTGGTAGAATGGTTATCAGGACTTTACGATTCCGAGCAGCTAGCTCCACTGTCTAGAGCAGAATGACCCTTCGAAGGATGTGATGGTTCGCGGGCAACAATAAACGGTAGTCCTGCGAGTTGTCTGACATGCGGGCCACGCGTATATCAGAATACCAAAACCGGAACCTCTAAAACCCGTAGCACCGGGGTTCATCCATCTGACAAGGTCTGCCACTATAATCAGATCCACGTGGTTCGCAGTCTGATTACATTCTATGAGGGCAGTAATTTAGTTTCAAGTGTCCTGTCATGGGAACGTGACTGAGGCCTTTGCGCTTACCTGTCCCGATGCCTGGGTAAAATCAGAATGTCCTGGCTACGAAGCTGTCGAGCGCCCGAAATAACTGGTCTGTGCGGAAATTTTACTGCCTGACAGCTATCGAACCAGGGGTAGCTGTAGGGTAACGGCGGGTCTCTCTCCAGACGGGCGGCTAGAAATGTTGTTAACTA,1052,51.33,Caenorhabditis elegans
SEQ_857002,ACTTTTAATTTTTTTTATGGGGCCGAGACGGGGGAGAAGGCAGCGCTTGAGCCCCGTACTACGCGGACATGATGGTCCCATGGTAGACGGCTGTGCTGGGTGTAGACTCCCCCGCGAAAACCGAGGTAGGCTTGCCGTTGATTCGCGCCGCACTGGCGAGCGGTAGAATCATCTGCGCTCTTGTAACGGTTACCGGTGCGTCGAGTAACAGAGCATTATTGCGCGAGTCGTTTGAGCCTATTGTAAGGTATCGGCGGCAGATGTACTTAATTGCTTGGCCCTTCGCGCCATCATTGGGATGTTGCCCCGCAGACACAGCGCTTATTAACGTTAAATACATTGCGTCCGAATAACGGGGCGGCTTTCATGCTACAGGGTTCGCCCCAAATGCATCTATTCCTGATCGGGCAGACCGCGACGCCTCCGCGCTTAGGTCTTAGAAAAATGAAAATAGAATATCGGTAGGTTTAAATTCCACAATCAGTCAAGCCTAGTGGGTAATTGATTCTGACACTCTACCAACGTCCGGCCAAGATGGGAATAGCGCCCTCGCGTGGCGCTAAATCTCTTAGGGAAACGATGGGCTGAATCGGTTATGCAACTGGGTGAGTTGACCCGTCTTGCAAGCCGTAGGTTATAGGCTTAAATGATGTGTG,656,51.98,Arabidopsis thaliana
SEQ_354390,ACGTTTTGGAGGCCCGACCACAGCCGGATACCTGCTCTGGTGTTCTACGCGATCATTCCCCTCGCAGTCCGCTACGAATATATCGTCCTCTCCAAGCACACATGCTGTTCGAGCGCAGCACTACCCTTGAGCTGAGCTCCTTACTGAAACCATCAATTATACGTACTTGTAGAGGGACCGCAAGTGCCTGTACATTGTAATGCTCCGGTATGCAGGAGGGCGCCCTTTTGCCATCAGCTTAGGAGGGTAGCACGATGAGATCGACCCGGACGTCGGATATCATGAGCTCGGGTTTGAATGACCCGCGGTGCACTGGTGAATCAAGGAGCGTAGACGTATAGGTTGCCAAAAGCGCGTGCCAATATCCAAAGGGCGTCAGACTGAAGGTCGTCCATCTGCGTCCGCTCGTGGAGTTCCCCCGCTCGAGAAGGGGTGGCGACATGCTAGAGTACTTCCTTGAACGTTTGGGCTGTTGGTTGCGACTGTTCACGTCACCGATATGGGAGGCGTCGGCATATGGGTTTGAGTTACAGATTGGTTCAGCAGGGATAGTGAGCTCGTCCGGACATCGGGGCGCCAGGAAAAACGTCCAATATGCGTCGCTTAAAATGTTCCCGATGTCAGGTCCACGCCCTTAATGAAGGTTATTTTTACTGACCAGCCCTATCAATCGTGAATCGGGACTTCCTCGTAGCTATGAAGTATCGTCAAAACGTGCCGTTTTGGTGATCTCTGCCCACGCGTTGACACTATATTTGCGCTACGAGTAAAAATCCACTCCTTCTGGACTCTTAACACGTCCGATCGTCGAGCCTATCAATATCGAGAATTATGTCCATTGAATCAGCGTCGGAAAGCCTAAGCCAGGTCTCGCTGGTAACTCGGTGCTAGCAGCAACTTCCATACGCCTGTGAATCACATCCCCGTAATTCTTGCCTGATGCTCATTGTTTAGGTCGCGTAGTGCACTAGGGAGCAAAACTTTTTCCGCTCAATGTTGCTGCGTAGATATTTCCGATGGACCAGGAGTTACGGGGTGACGTGAGAACTACGTCCACAGCGTTCGTTCCAAATGTTTATTGGCCGATACTGGTCAAGCCCCCGGGACATAAGCAACGCTTTCATTT,1126,51.69,Caenorhabditis elegans
SEQ_806360,TGATGATTGACTTGGGTACTGACTCTATTTACGTATCATGAAACCTTGCTCGGCAAGGACAGTAGAAACCGTAAACAACTATCAAAGAGAGTAAAGAACATGTGATAAACGTCAACTTTTAGTGGAACCGACTAAAGGGGCCGGACGGCCGACGCAAAACTACAGGGTCGCGGGCTTTAATAGTGTTCCATCAAAAGGAATTTTACGGAGAGAAAGGAAGAATTTCACCCCTCCATATTGTTCACGTTATCTCAAATTCTATATATTGACGGCGTTATTGTGGGCTCCGCGCGTTATCGTCCCTTAATCTTCAGATTTTAAGGGAACGAGTTAATGAGATACCAAGTGCCAGGCGTCCATCGTCGCAAGTCTTGGAGCGAAGTCATTTCACGGCCGCTACGCATAGAACCCCACGTGGCTTCGGAGTCAGGGAGACTAGGAAAGAGGAGAGGCCTCCGATCTCGTATGTGCTATCAGTTGAAAGTCCGTTAGGAGTAACATTACAAGCAATAGTACGCGACCAGGGTAACGCAGGAAACGTCTAGCGGGACATGCACTGTGCGATTAACAACGCAAAAAAACCTACGTGATTCTTAGGGAGGTCCTGGTCTTACGTTGTAGCCTCGCCGCGCACTACTTCAAAGGTGCGTATAAGCGCAGCGATAGTTGTTTCCTCCTTATACGGTCTAATGGCGATACACTTGGGACAAGGCCTGGCCCCGTTTATATGAAAAGACACGAGTACCTGCACTGCTCTCACCACTCAATGATCCTCATGGGCATCGCAGTATCTCATCGTTAGACATGCGCTATCTAGTCGGGCAGTTTCGACCGGCGGGCTCTGATAGGCTGGCCCAACACGCTAATTTTCCGCTGCGGGTTCAGGTGCGAGGTGTTCTTCCGATGCGGGGTAATAGTTGCGTCCGCCGAAGTGCTGCGACAAAGGTATGGCCTTAGGGTTGCGGATATCATGGCAACCGAACATGTCACGACTATTAAGTTAAGGCAAAGTACGCGCGGATTCCAATTACGGCAATCCTCGCCTTGTGTCAAAGAATGCCGACT,1065,49.11,Caenorhabditis elegans
SEQ_695561,AAGTCAGTGAGAGTGATCTATTCTTAGAGGGAGTGGAATTCGCACCTCGTTATCAGGAAAAAGTGCGGCCGTCTCTTCGCTTCCGTACCAGTCAACGCGCGCGGTTTAAATGCCCTTGATAGTTCCTGAGGACTAACCGGCCAATACAGTGCGATCCAAAGTCTCGGCCGCACAAATTGCGGTATGAGACCAGTCTCCGCACACTCGGTCTTGATTCTGAAAACCGGGGGACCTTGTCCCTGACTCCTTCTAGGTGACAGGCTTTGAT,268,51.87,Saccharomyces cerevisiae
SEQ_885019,CGAGAGTTCGCTAGCCCCCTTACTGAGGTCTGAAGTTATGAGGAACATCGGTTTCCAAGGTTTCGCTCATCTAATCAAACGTATCATACGCCTTGTCCATGGCTTCCGCTATGATTGAGCCCATCCGGATTTTAGGAAACAGCGATAAGGTACCGAACATGCAAAAGCATCCCATGAGATCTCTATAGGCGCGAAGGCTTTGGTTCGTTTCACTGGACGTGTAGACGTTCCACCTAATTGAGAATGCATCCAAATCAGACGGGTAAGGCCATTTCACCGCATCGTTTCGACTGATGGAACTTTTTCCGACTGAGGTAGGGAGATTCCCGATACGACAATGTGAGCCCCGCGAATCGGGCTGCCAAGGCCAATTATCGGTGCGTAAGCTTGATAACTCTGCGGCCATGGCCCCTAGCTGGGGGAGAACAACAGGACCGCGATAAATCTGTGTATGGCTAACTCTCTATTAAAGAATTAATTTTCAGGTG,488,48.77,Escherichia coli
SEQ_596842,TACAAGCTTACACTCTTCATATAATTGCTCGTGTCAACTCTCCCCAATAGTCAAATGTGAATAGGCCATCAATGGACGTGGGAACTGACCAGGCGCCATGGGCCACATCACAAGGAAATCCCAAGTTCAACTAATATGGTCGTCTTCAGTTTCGGTAGCCCGTCCTTAATCTCTCACTGCCCTGTCGACGCTTACCCCGTCGCTCGATTAGGCTGTCACTTGAACGGGGAATACACATCAAGGTGCAATTGCCAGCTAGACATACCCCGGGGCAAGTCGAAGCCTCTACCCTAGTCAAAAACATATATGCAAACCGTCGAACTGTCTCCACTCCTTTATATACCTTGAGGCGTGGGTGGGAGCTTGTCTCGTCACATGTTGTATGCGCAACGCCAATATGTGTCGATATCATCGGGTTCACAGAGATTTTACTTTGGCTCAGTTTGTAAAAGCCTTACTGCCTGTACATGGCACCAGTGCGTGTTATCTTGATAAGTTCTAATCACTGTCTGTCCAACTCTCAGGACGCGCCGAGATGTTGAATGCTTCTTGGGTCCAGGTTACGCCAAGCCGGAACACCCGAAGCCCCTATGCACTGATTCTAGAGTGATTCTTTACCGAGGGAGGGGTTTTAGCATGCCATCACGACGATCTATTGGGAAAAACCTGTTGTCAGAAGTGTCTGCGTACGTGATGTGATAGTGATTATACGGTAGTACCACGGAACGCATGGCGTGGTCTAGGCCACATCTTCTTCGAGCCTAGCCCCCACGATATCTCATTAACGGATGTGTTTTAGTGCGTCATTCTGTCTGCCTGAATCAGGCGCATGTTTTAATTAGTAATACTGTCCCAGATCGCAAGCATGGCGACTCTCCGTGCCAGTAGTTCTTTGCTCTGCGTCCCTGTGGGGTCAGACCCCTCCGAAATAGCCTGGGGCTCAGTAAGACGGTATATAAACCTAATTTTAGCATGGATAGCGACAACACGAACTAAAGGGTCTGTATTTGGGATGAGACCCACGATTACTGCTCTTGTTGAAGGAAGTAGAGCAGCAGCACTCATACCCGGACCCAGAGTTTGCCTTGTTCGGGCACTCAAAAACGCGTCCTGGTGAGAGACTTTGTCAGGAGCATATTGAGCAACCTTAATTAGACATTACGCTTGCGCTATTGGGACACATACTAAGGCAGTCTTATGGGCCGTTCTATATCTATCCTTGACCACACTGTGAAGCTCTAGAGTAATATGGGCTTTTGCACAAGCGAGGACTCTTAGCGCGCAAGGAGCATGGACAAATATCACGCAGTAACCAACAACCCTCCCTTACCCCTGGAGCTCGGTAAAACTGCGGACAAATGTGGGCCGCAATTTT,1375,48.73,Drosophila melanogaster
SEQ_603442,CGTCGTCAGAAGAAAATCCGCGCTGACTGTGTATAGCCTCTAGCCGTCTGAGGACATTGATCCATCACGTGAGTTGGAAATCCTGTTCCGATTCTCCTAGTTAGGGTCTTTCCTCACACTTCGCGTTGTGATCCGTGGCTAGAATGTTGTTAAGCTCCAGCTTCACGACGCTCCACTCTAGCTCATCCTCTCCAGGCCTAAGGTTTCCCGGAAGGGCTAGTCCGGGATAGAATAATATGCTAGTTAGAAGTTGTTTAACTCGGATGGGGGACACTCGCGCAGCTGGTCACTCGCTGACAAGCTAGGACTCGGGACCAATCCGATGGTGTGCGCCTGAGAGCGGACGATCCGTGTGGTACAGCTGGCGTAAGGAGCGGTACATCTTCTCCAGCCCAAGAACACCCCCGTGGCCTTCACAGTCACGTTACAACGTCATGAGGCAATTACCAGCCACCAGCGCTTAATGGGGCCCCCTAACGAGGGATTCATACTGCCAAGCACTATATCTCAGTACCATGAATCAATCCGGGCCCCGGGGAAGATTCAACCCCTGTGAACATAGCTCTCCAGCTAAAGATGCTCCGTAGAACGACGTTGGATCCATATAGGGGCCAATAGACGGCGAACTGTTCATGTCCATAAGTATTACGTTTAAGTCATGCTGAACGTGTTTAAATGCCGTTTGTGATTAATGAGTTAGGGGCCCATCAATACCTGCGTTAGTCCCTGCCTCGGGCCGTTAGTTATGCACACGCGACAAAACTCAGGGAAGCAGCAGGATGGAGTATACCGTGTATATGGCGTGATCAACATTAGGATCCAGCGGAGCGCACTGCTGCCCATCTCAGGACACCGTTGACTTAG,864,51.97,Escherichia coli
SEQ_698631,AACTATTGTAAACTCAAAAAACGAAAAGCTGATATCGGTGGGACTGATGCCGTGTTGTCAGTACATCCGGAGATAGTATTAAATTGCCCGCAATTCGAGGTCTTGACCCGCATAATCATAGCATTAGATGAGTGCACGCCCCAGCGGTGTTATGCGAACTTTTAAAGCCGTCTGCCACGGTGTTGGGCTTGGTAGTTTTGTCAGCCGGGATCCGCGCGTGCGTGGGTTGCCGCGAGGCGATGGCCGTCGACGTTCCGAGATGTTCCAACAATTAATCCCTAACTAAGTAAGCTGTTACAGGTCTTTGAGTACGAACCACCTGCTAAGTCGTACTTAATAAAATGTACCAGGCATAGCCCCTCAGGACACGGGCGCATCCAGTTGGCGAATGACGTCGACCTCGGTCTTGCGTCGTTCTAATGTGGACTCATATCGGCGCGGAGGAATGCTCCTTTATAGATCCGGCAAAGAGTGCTGGCGCCCTACATCGCAGCTTGCAAGCAGGGTATACTTCCGGCATCGGAATCGCGCGATTTTGGGCTCAGAAAGCACGAGATAACGGAGGTACACCACAACCATTTTAAATGGAACGATGAGAAAAGGAAATCGAGCCTAGGAAAGCAATAAGCAGCCCGACACCTTTTACACCCAGGCCTTAGACTGCTTATAAGCAAAGTGGTGTTTCGCTCCTGAGATGTGGGATAAGGCACAAAATCGATAGGCCTAGGGAAATCTACCTCCCTTCGTTAGTTGGATTTGCCTAGGTAGCTCGATGCTGGCACATATAGCTCTAATATATCAGTGTGCTCGCCGATTGCGTTGATTTTGGGTCTGTCCAAATTCACGTCATCCTTACGAACACGACCCGGGTACATCTCGCGACCGCGTTATTTACAAGACTGCGAATTTGAGCGTCTACCGGTAGGCGAACTCTTGCCTAACTGATCTATTTTCGGATACTTCGGTTAGTAGCCCGGTTCGAGTGCCGTTCCTCAATGCGCGAACCAATCTATACTACGTATCTGGATATATACATTCGGTATCGGTTCTGGTCTACGCCGAGACGGATCTCAGTGTGCAGAGATCTCAAAGGTAGTTACAAACCGCATACCGACGTACTCCTTGTTCTCTCGGAGTTCGTCCACCCTTGGTATTACTAGGATGATGTTCGTCATCAGTCAAAAACACACCGTATCAATAGGGTGTGCCGAAATTGACACCGTTAAAGGTACTACAGTGGACGATTCCTGGCTGGACAACCGATGGGGCGTCTCAGTAAGCGGCGGAGAGAGCGAAAACGAACCAAACGATTCCCTAGGACTTTGTAGCCCCTCTTATTGACTTTTTTGCATAAAATTCTAAGCGAGTTGTAAGAACTGCCAAGTCTACGGGGTCAAGACGAGATCGCTAGGCCTACGGGTCCCTGTTCAAGCAGCGCACCAATAAAGCTCGTGGAAGCAGGTGTGCTTATTCTACAGGCGGTCCTACAGTCGTAACCTCGCTAACAGGGTGTGAACGGGGCTGAGTGGGGTCGGGCGTTGAAGGCCTGACGTGTATCTACGACATCGACATATAGTGCGTATCATCCTTCCAAACCATTTGGTGTCATAAACCTAAATTTTTAGCGCTCAAACTAGGTACGAAAATCTTCAATAGATCGTACCGTACTTGATAAATAGTATGCGCCTAGGGGGTAACATTCAAGGTGAACTAAATGGATGATCCTACTATTTTCCATGGGAGCGAGTGATACTCCTCGGAGTGCCTCAGCTACCGTAGGA,1781,48.91,Homo sapiens
SEQ_789250,CAGCATCATAATGGTCGTTGGTCAGAGGGCGTATTAATGAGCGCTAAAACAGGGCTTCCTGCCCTCTACTGGCGTAGGTCTGGGTATTGTGTAGCGCGACCCAAGATGATAACGAGAGATCAACTCCCTATCGCTGAATGAAATGGGCAGGGAAACCCGAGCTCCCGCATGTAA,174,51.72,Arabidopsis thaliana
SEQ_830842,AACATAAGCCTTCCTATCTTTAATATGCTAGACAAACAATTCGTCACTCTATAACGGCACTACAGTAAAAAGGATTGCCTGGCTAAAGTCAATCACCTCACTCTAAAACCGCCCTCCTTAGTAGGCGGCGGCTACGTAACCGCGCGCCTTATGGGGCTTCAGGGGCTTCTCGGGCCTGAACTATGCGACCCCACTTCTCTTCGGGTTTAGAGCACGGACGTCTAACGGAGTGGCATGAAATGATCAACTTCACCACAGAATGTGAGCGGATTTTTCGTCCTCAACCGAGGAGTGCCTTCCATGACGCCTGCTTTTATGGATGTATAGAGGCCATTTTAAATGGGTTGGCAAGATGTGTTTGAGTCAATCCATTACCGGGACCGCAATCATAGCCGTGGAGTTCCGCAAGATCCTAAAGTACCCGTCGTAAATGAGGGGCGGGGAATTTTTAATATGCAGAGAAGTATGGATAGGTAGATAGTTTTCAAATTCATCCTTCCCACACATGAGCCACCGCAAACACCAAGTAGTAGCACGGGGCAGATAAATCGTGTGAGATATGTGTTAACCCCAATGTGCTGATGCCCCTGGGCTCAAAGCGGGTAATTAGAACGGCGATATTTACCGTTCTTGGACTCCAGCTACCTATGGGTCGATTCTGTGAGTGCCGAAAGGCTTTGTGATTACTGTAACCCCGGGGAGGTCAGTTTGAGATTGGCGGTTGAGAAACCCGAGCCTTAATTGGGGGACCCTGTAGAGCGGATACCCGTGGTTACACGTTTAGTACCGACGGATCAGATAGGTCTACCTCTAGCCCAAATATAAAATGTTACATAAGACCTAAATGAGAAACGCCGCATCTTAGGTCGAGCATGAAACACAATGACAAACCGATAGAATGAGTGTGCCACTAGCCCAACTTAGCAGGCGTCCCTTCGTCACCGCTTGTCCGGTTTCACTCGGGAGTTGCATCATTTTGGTCCTCCACATCCGCCCTGTGCCTCAGTTCCGATCATCGGCTACAGCATAACAACCAACATACTATTGAGCTGCCGGCAGCTGGCGGCCAATTCTGTACATGCCTACTCTGGTGCGTTCAAACCGGGTCATAGCTCCGGGGATCAGAATGAGGTCGTCGGGGAAGTACGCCGCTTTAGACCCCTTTATCTCCTTCTTCTGTGTCTAGTAAGCGTAGTCAACCGTTCCTTCTTACAGTTTCAAGAATAAAAGCTCACATTCCCATTCGGCC,1249,49.16,Arabidopsis thaliana
SEQ_704301,CTGGACATAAGAATCCTCACGCTTAGGGGGAGATATAATACAGGTCTGCGTACGGACCCGCCACATAAGCAATTTCCCCTAGCCCTATTGCAATTGAGCATCCAAGCGTGAGTGCTGCTACTATAGTCCGCCGACGAGGTATCTAAACCGCGCCGGTAAGCCGGACTGCCTCGTATTCTCTCCAACCAATTTTTACCCCTCACTCGCGTTGTCCCCATTCCCCATGTCGAATGTGGCGTGTTTCCATAGTTTAGTGCTGCAGCAACTTTGAAGAAGGAGCCGGTGATTACTCTGAC,296,51.35,Mus musculus
SEQ_399204,GCCGATAATCCTTGGACGATAGGGTGGAGTGTTTCTGTTGGACACCGCCTCCCGTCCTTAAAAGGGGTCTACCCAAGTAGGGCGGACGGAGACTTTTACTGAGTTAGTAAAATTCGGAAAGCGATACTCTGTTGTGCGTAATCACTCGAACTCCTCTCAGTGGTGCAATAGTACAAGTTCGACGCAGAGTACCAGCAAAACGGTGTATTAACTCTACTCCGAAGTACCAAATAGGTCTTCACCATTTTCTATTACAAGACCTAGAGAAATCATTGACGGCCGGAGGCCGATGCACTAGATCCCATTTCGCCACGAGTGAGTACCCGACGCGCATAGCCTCCCATTCCGTCAAACGACCGTGCCTGAGCGACTGTCGACGCGAACCCGCGGATGTATTCGTGTGGGACCTCGGACCTAAGTCCCTAGAAGGATTCTGGTCAATTGGTGGCCCACTCGTACGCCGTAACACATGTAACGCGCTCCGTAGCGCTCGGATGGGCCGTTGGACCAAAGATAAACCTTGCTAGCTGAACCAGTGTCCCCGCTAAGTCTATTGAATCCTGTTAGGCAGGACTACGCGCATGCTACTCTAGGACGGATAAGACATTTTACGCGGCGGGCATTCGCGGCTTCAGTACTGCGTTGTCGAGTGGGCCGTATTCGGCGGCGCCTCACTGTGAACGACCCAGTTACCCAAGATTGCTTATAGGCTGCCTACCTCTGGTCTGACTTAGCAAGTTCTGCAAGATCTCGGAGGAAGGTACGGGTTGACCATGTTTCCGGATCGTAGCATAGTGTTAGACAAGAGAGACGGTTCAACCGGCTCGGCGCACACCCGCGCTGTCTGAACATGAAGCGCAAAGCATATACGCTGTCATTCGGTCATGAATGGATTTTTGTCCCGTGTCTGGACCCTTTGCATCTGGTGCCGATGCGCGAGGGTGAGAATAACGACCTGAATCGGAGTGTCTCCGATAGCACTTTACTCTACAAAGGGCGATTGAGAGCAAATTCACAATGACGCTCCGCCTCCCTGGTAGTTTAAGATGCTCAGACCCTTAGGCACGCACTTGAGCCGGCGCTCAAGGGCAGTGCTACCGACCTCTCATGTAACCTGCATCACTGGGCTTGGGCCTCAGTCTGCTAAAGGAAATCGTAGTCGCACTTACTCCGAGACCAAGAGGTGTATGAGGTATCTGGCATTATTGCTGCGTTTGTCTTTGTACACTAGTTGGTCTGAGAGAGGAAGGGAAGCAGTGTAACGGCTTTTCAATCTGACGCTCCAGCGCTCGTTCGGCAACCAAAACAGTTTTACCACATTGAACTGGGACTTCAGACTCTGCCTAGCGACTTACATCTGACTATTGTCACTAGGCGTGAATGCTGAAGCCACTGGCAGGCAAATTAGAAAGCCTTCCCGTTTCGCCATCTGATACGCTCAGTCGGAAGAAAGGAGCCAGATCAGAACCGCTTCCCGGATCAGCGGAACACGCCTCATAACACTGGATTTCGCCATAGAACAGAAAAAGTCAAATAACGGCTCACCCCCGAGAACTGGTGCAGCGGGCTCGGAGGGCATTTAAATGGGGTGCGTAACATCGCTTTACGCTGCTCATACATCAATAAATTGGGGACTAACACAACCGTACTAGTGAGCGCCATCGCTTTTCCCCATCAAGAAGGTTTGTCCTGCTAGGGATGGCGGCCTCTATACGAGCATAAATTGAGACTGCAATCTCGGTTTGTGAGGTGGACAACTGAATTCTCGTCGCCGTAAGCAT,1781,51.71,Saccharomyces cerevisiae
SEQ_840692,ACAAATGGCTTTTGCGGTTCCTCCTAAGGGATCGGCAACAAAAGAAAAATTAAGGGCCGCCTCAGTACATCAATTCACTGAACGAGAAAGTTCCGGGGCGGTCCGTGTAAAAGTCGTAGCGAATTGCACCTAAATACTAGTCACGTGACGACAATTCGGTGGCTTGCATAGTCGCTTATCCTGCCAAAGCATCTTACAGGATTCGTTTCAGGAGGAAACTAATAGAAATCCTTTTTCCACGACTTACTCCACTTGTGTGCCGCCGCCACGGGAAGGAACGTCTTTTCTAGAAAAGCCCAACAGAAAGCCTGACTGGTCCTAGGGAATAGTAGCTCTGTCTGAAGAGATCAACTAACTGCATCTGTCAGGCCTCTTTACTATGGCTGGGAGGGTAAACACGGTTAAGCTGATAGCGATATCGTAGAATGCCGTGGGATCTGGGCCTACGTAACACATAACCGTAAAACCTTACCGGTTTAACTCGAAGCCAGCCGGTGTATGCGCATCCTCTGGTCTGCCACTACTCTTTGTTACATCTAGTTATGATACTTTCGCCCTTTTTTAGTATGGTCGTACTGCTCAGAACTGATATGTGCCTGGGCAAGGCTACAAGTAACGGCTCAATGTTTGCCAGGAATGGGATCACAGGGGTTATCAGGAACGTTCGTTCACTGATGCGCGCTCGCCAGCTAGTAAGTAGAGTCCGAACTATTCCCCGTGTTTAACCATCTGTTTAAAATAACT,744,47.18,Saccharomyces cerevisiae
SEQ_135357,CCTAGTCGATAGTGTTGATATGGTCTAGTGCAGTTGGTGTTGTTACCGAGGACAGCTCAGAGTCGATGATCTTAGGGCACAGAGTGTTACCTGTCTGTGACATGAAGCCACGAAACACGGCAATTTATCAAGCCCTGACGGGAGGATAACGGGCCAACTGCTAAGGCGTGGTTCGGAGTATCCGGGCCTGTAAGCCGGCTCGTCAGAATGGTACGCCTGAGTTTGCCTAGCTATGCGCTACTCCGGACGAGAATGTGGTGTCGCTCGCCCGGGAGGTTTATTTCGACGTGCTGACTCTGCATTGGGTACTCGCGTCCTAGAGACACGAGATCGGCGAATCTTACGACTCTGTGACCCGGCAGGATGGGGTGATTCCTGTTGTTGTAAACTTTGGATAAACCCTCTATACGCCCCTGTGTTAATATCTCATAGGACACAAGGTCCCAGGGGAATGAGTTCTGAGATGAAGCTGGTAACAAGCAAATGACGGGTAGGTTATCGAGGAAGTATAGTGCTAAAAAAGACCGTGACAACTACCGTGCTTTGGTACCACCAGAGAGCTTATCTGCGATATAGTCCAGACCGAGACACCTTCACGGCCTGCCGGGAATGACCATTTGCGTATTCATGCCGCCTCGGCCTCTGCAACTGCATTGAACTCGAAATATGTGATAGCTTGACCGCGATAAACTCAAATTTTTCTTTCCCAATGGGCCGCTTAGGGGGAATTATTCCGTTTACCGACTGAGCGCCTATGCATGTTGTCCGAGTAACCACAGCTGTGCAGGCGGTGTGGAACCCGGTGACGTGGTGTTAAGGACTATAGCCGTTGATAACTATCCCCCAACAGAGCGCAGATGCAGCCGGGCATAGAAACCGCTCGGCAGGGGGATCCGACGGCTCACACACAAGGTACATACCCATACTGTCAGCAGTGTGTGGGGAACAGGGGACGATGTATATGATCTGTCGATACTCTTTGAAACTTATGATTCAGAGTCTCTATGCATGGCCCCTTATGACTTCTTGTGTCTTCGAGGAATTGGTCTCTCTCGTAGAAGAGATTGACGTAACCAGTTGTCGTCTCTCTAGGTGAAGTGATGCTACACGTACCCGAGGAGCACCCTCGGTACACACTTTTGCGTCCTGGACTGACCCTTTAGATATGCGGCACTCATAGCGATAATGACGGCCCCTCCCCCATTACCCTCCGCCCTCGATGCGCATATTGTATAGGTTAAGGTCCACAATAGCTTACATCCTCTGATTGTTGTAAACTTGCAATACGTTATAACGGGAATCCGTTGGAGTAATCCGGCTCCAAGACTGGTTAAAGACACTTTAGCGATCGCGAGGACAAAGACTTCGGCGTAGCTGGTGCTGGGTTCGTAGCCGTATAGTCGGAAGCGACTAGAGAAACCGTCTTCGTGGGGTCATGCTGCACCCTTTCAGATGGCAGTGCCATCCACGCGTCCTTAGGGAATGCTTCAGTCCACCTGTGCTTATCATAATTCCGTCTCGTCTAGACCGTGTAAGGCTGGTCTGGCCTCAGTGGTAGGGGTAGAAAGATAAATGAATGTACTAGCGGTTTCACTCACACCTTGCGATAACCCGGGGCATCTTGTACCAGTCCGCCAACGGTTCAGGCATCATTGCTAGTATAGGGCAGCCTTCAATGCGAACCCGTAGGACACCGCAATAGGTCGACTCCGGGCTGGTGCACGCGTCCGCTCTGCTTCGGCGCATTCACATGGCTTAGTGGGCCATTCAGCGTCGTCAACAAGGCTGTCAGCCGAATGACTCGAGCTCCCTCCACATGAGCACCGCTAGAAGGAAGGTTTGGCGTACACTTAGAC,1856,51.83,Escherichia coli
SEQ_863959,CAACAGTCTAGACGTGTGCCACGAATGCTCTTGTTCTAACTTACACTCTCAGCATAGGTGTTGTACTCCACTTTCGCACTCCCCCAAAGGTGAGAGAAAGATACAGGACGATCTAGTGTCTGTCGCCTTTACCAAAAATTTTCTGGGGTCGTTACCGTGGTGCGCCACTAAAGGTCATGTGCCAACAACAGTCTCCATGAGGGCGCCGTGGTCGGATGAGTATCGATCACTGCCGGTCGTCCGTCAGGGACGCAACTCGCCAGGGGAGTGATGGGAATTGCGATGGACGTGATGGGGCGGAGCCCGGACAAGCGTCGCCATGTCGGGACATTTTGCGCCTCACAGCCATAATGATGCAATTACTTCGCGTGTTACCCCGTGTCGCACTAGTCCTTCTCTCCGCGAGGGCCTAACGGTTGACATCCGACAGCACGGTGGAATGACCCCTGTTGCACTGGCCCGGGTTTGCGTAGCAGTCGGTTCACGCGGAAACGGCCTCAACCTGCCGTAGAAGCCGTGTGAGTCGAATCGTCAGGCAAAAGAGGCCGGGGCGTTCCAGGGCTTAAGCCGTACCCGCGACCATGGGCACAAGCAGCCAAGGGCCCTTACATTAAAGTAGTGCTATACGGCTCCTTAGCGTGGGAGTTGGCTTACTAGGAACCGTACGGTACATTATGACATGGAAAACATAGATACGTATTGAGATAGCAACTCCTAACTGGTAGCTCTGGAATGTGCCGTGACGCAACGGAGATATTGGGTACAATTTTACAACGATTGTATCTGCTGGAATGACCCCCGAAGTTGCGCTAACACGTGAGGCTATCGCCCATGACCCATAGGTCGCGACCACCAGAACCAGATAGTCTCCTGACGTCGGTCTAGTCGCATGCGCTCCCACATGGTATAGCAAGCTGTCACTATTCTGCCGGTTTCTGGAGGGCTCATCGATAAGCCGGCTCCTAGTCCATGGGGTAACTCACACGTTTACTTCCCTGGGCCTGCAACTCTGCATCGGAGGATAGTATATAAAAACCGTAGATTGCAAGAACATTTCTGGTGTTTCTGCTTAGCTGGGCAAACGGCTCAAATGTTAGTCAAGAGACCGCGAAAGCTATCTGTGGTATATCCGTTCGCCGTCCGTCAGACTAAGGTCGTCGGTGGTGGCGAAGTTTCTCGTTAACTTTGCTCCGAGACTATGACGCGAGGTCAACGCTGG,1219,53.4,Arabidopsis thaliana
SEQ_205026,CGCGAGCATGTGATGGTGGTGTGCGCGAACGTTAGATCATAAGTCGCCGCCATCATTCTGTCGCAAGGCGTATATGTCTTATATCGAAAGTGCGACACCGGTTCTGCAAACCTCGGCTTTCGGTACACACGCAGACTACCCTATCGAGTAAGGGTTATTTGTGGGGAGCGCAGCACTAACACAGGTAGGGCGGGAATCCCTAGAATTGGATCCTTAGTACTAGGCTATTTGTCGCATGGTTAATACGGAATGGGCTTAGCAAACCCCTAATCCCGGGCGTACTTATCGTGTGCTGAGTCAGATTTGGTGGAATGATGTATACATCAGTCCCACAAAGGAGAATGGCCGCTCGTGCGTCACTTAGATGACATAACCAGGTGCCCATGTGGGATTTTCTGTACCCAAAGGGCTGTCACGCCTAATACCGGTAGGCACGAACTACGACGGGAGGAAGGATCCCGGAGGCGTGAGGGGGATAGTACAACGCGTAGTAGGTACGTTCAATCAGCGTCAATTAGGTCAAAGTATTGCACTACTGCAGCCCAGGATAAGGGAAACGTGGGGGATACCATAGATTGGAACTACCCTTACTAAGGG,597,50.92,Homo sapiens
SEQ_461361,GTCGCAAGCTACAGGATGTAGGCAGTGCAACCCTCGCCCGCTCATCATCCCCGAGTCCTCGTCCGAATGACCAAGGAAAAGTCCACTTGTCTGCTCGTCATCCCGTGAGGATAGCCATACCTTGCAATGTCCACTTGAGGAGGTCTGCACCCTTATCGACAAGCTTGAATGTGGGGTCTCAGTGAGGCGCATGGATTTTGAGGCGTTTGAGTAGTCGCGACTTAAGGGAACCATCATATTGCGGATTTTTGCTGGGGTCCGGAACAAAATTATAAACGCAAGACATGGCAGGTGGCGCATATGACCACGCCAACAAAACGTTTTCGGATTATGCGATGATATGGAAACATTCTAGACAGTGGTTCTAACACTCTATAACTAACCACTGACCTATCGGCGTTTGTTCATTATGCATCGACCTTTCGAACAGCCCGTACCCCCGTCCTATCCTATCAAAACCAACTCTGACGACTGTATGACAACGGCTAAACTAAATCGCTCATCTCCAGATGACTTACTCCAGACGCATGAGGACCTACCTTTCGTCCGATGCAGATTCCGATAAATACGCTACTAAGCATCGCCAGGACGCATGTTGTCCGAGGGTACAAGAAGGCGAGCTTGGCCAGCGGTACAGCTAGCCGTAATGTCCGACAGCCTTGGGTCTTTGTGAGCAATCCCAATGTCCCCGGCCAAAACGTTGAGTGCGCATAGCCTATAAGATGTTGGATAGTCTGCATTTTAATTAACGATACCCCCCAGGGGGCCAGCTTGCCCACCGATTAAATAGCAACTCAGGCGTATGCTCAAGTGCCAGGCGCTGCCGGACCCTGAGGCCATTAACCTAAGTTATTTGGACTTTGCCCTTTTCCTAAAATGTCTCTCTTAGGAGCCTTAACACCACCAGAGTCATCGCTATCAAAATAGGACTCGCACGAAGCGTTCCGCCCCACGGCGTATAGATCATCATCAAGTGGCACGTTCGAGATAATGCTTCTAACGCCTATAAATGTACCACGTCGTTTCATCAAGGGTCCCATCACCTAGTAGTCTTGCCGGGAATCATGTGTCAGGAACTCATCCCATCACATAAGCACAGTCTTTCCTGCAGGGGTAGGCATCAATGAGCGACATCATCCCTATAGCAGTACTAATTTCTCTAGGATGGCTGTCCCGGTGATAGACTGCTCATTCCTGTTTCTGTCACAGCCGCGGGTAGCCGCGCTCGTATGTCGCTGCATTCCACCATTCAAGAGACAGGAAAAAGATGATTACATCTGTATCGCAGAGTTGTATAGTCGATGTCCCACCGAATTAGGGCGGCAACGTAACAAGTCCTGCTCCGTTCCGCACTCTTAGAGGTACCAAACCACAGTACATCTCTTATCCACACGGGCAAGGTTGGGTCTAGCAAATCCTTCCTATACTTCGCCGCAGCGCGAGTCTAGAGGAAGGTTCGATCCCGTAGAACTCAATCGCGGCCGCTACATCCTCATAAGAATTTCGATAAGCTGATTATATCGTCACCTCCTGCGTCGCATCTCCGGACTTGCAAAGTGTTGACGCCGTCTCATAGCCCTCACCGGTAACATCTTTCGGTTAGGTTTGATTGGTAGCCGGGTCATCATCATAGACAGAGCCACAATCGCTGGCGCCGGACTTAGCGGTGTGTCAATTGAAAGTGGGTGCCTTGCCTGCACACAGACGGATTGATCCATTCTGTGGGAGACCTCGTGCTTAAGCAGAACCTTAAGGAGAGACGAGTGCCTTCCCTCAGGGAAAGCATTGGCCGAGCACTAAGGAGAGGGGATCAGGTTCTGAGTAGCGTGTAAAGGGCGGTCAATCGCATCAAGCACCTATTTTAGTAATTAATAAA,1876,50.11,Mus musculus
SEQ_294035,TGAGTACACGGCATCCATCCAGCCTAGCAAGGGGCATCTAGGCCGGGTCGATAGCTAATTCAGACAGCGCCCCAATTCTGTGACCAGTTAAGCAAACCGTCGAAGCAACCCTGGAGAGCTGGATATGTAGCGGACTCATACTAAGTACGGGAGGGGTGCCTTCACCTCTCTGCGCGCTGGGAATACTGCGATTAGATTCAGGTCCCGGCGCCAGCTTCGGTTTTGAACTCATTTGCAGCTCCCGAACACGATGGCTCTAACGCTATATAGGTCCCGGAACCTAAGTTGGTAGCGCTCAAGAGTGGTTTGGATGCTACGGGTTGACTACCTTACCATCTGTGTCAATCTGCCCTAGTCCCTCAGTAACGCTGGTTTCGGCAAATGCTTGGCGATGACATGTAGATGTCGGAGTAATACTTATAGATGGTACTTTGGGCGTTCCCAAGTGATCAGGGGGTTAGAATTGCGACAGCTCCGGCGCATTATGATTACCCTGAAATAGGAAACTCCGCGTCTTTGTTATCAGTCTCTATTCGACTGCCCTGCCGTTTCTGCCATACGAACCTAATTTCCCCCCGCTCGATTTCCATCCTCAAG,597,51.59,Caenorhabditis elegans
SEQ_193930,GCTCCCTAGAGCGTGGGCGGCCCACCTGTGGACTGTTTTGTTGTTACGCAACCGAGGCAGCTCAATACGTTCCGCGCTGAAAGCGCCGGGCTCAAGCGGTATTTGAGTCGTGTAGCTGGCACGTTCAATTGGACTATGTACTGCGCAAAGCAAGGGCACCCCATACTCTGGGAAGGTCCATCATTCTCTTCATCGCTTCAATTGGATCGGTCGTTTCTGGGGTTATTATTAGATCGATGCCGCACTTCCATATGTAATATGTCTCACATTTTAGAGTCGCACTTGCGCGAGTGAGGAACCGTAACACAGGATTCAAAGCGAAAACGGACTGTCTGCAACCTAACTAGGCCGGCCTGGTTCAGAATTTAAAAGGGGCGTCGTTGTAATGAATCACAAACCTCACGCCATCGCGGCCTTAACGCTGTGCGCGGCTCATCCCAGAACGTTAATGATAACCAGCGCCTAGGACAAACATGAGCACCGGAGTTCCGATCTGCCACGACGATTATATCGTAAAAGCTGGCATCTACGTACTTGATTATCGTTGTACCAAATGGACCAGAATGTTTGCTTTTTGGCATGTAGGAACAATTTCTTCTCAGCTTGTTTCGCTTATTTATCGATTTGCGCTCCAACGAATGACCTACCTAGCATAGTATGGATTGGATATATCCGTATACGAACGTCAGACTAGCGAGTTGTCACACGCTTATCTCGCGACTCGGCGTAGCCTGCAAACTGACCAACAAAAATGTTGTTGCGAGTATTGTATTGACATCACGGTATTGGATTTCAGCATGCAAACGATTACTCGTCCACGAATTTCTTAATAGGGTAAACCAGTCGGACAGTCTGCAGCACGTGGGAACCGAGGGTACAATTACTGCTCGGCCTTGTGTACTGCTATCCTTAAGTTGGCGGGTGTGCTTGGCTGGTGTGGGGTTGCGCAAATTACCCACCCCCACCAATTGCATACATAGTTGGAGCCGGACGTTGTTTGAAAGACGCTGGTATATGGGCTGTTAATACAAGGCTGCCCGGAATCTGTGCAAAGACTCAAGCGGATGGGGGACTGGAGGACTTCCGTAATCAACGTTACCACCCCAGGACATCCAGCCGGGATATAAGGAATTGGTCAATGAACGCGCGTGGTATTGATAACCACTGGATTGTCATGTTTTTTGCGTTATCAATTAATGGAGCCCCTCATTCTCCGCATCTTGCTAAACCTATCAGATCCCGGTTGTCTGGGGGGAAATCTACAGAAATTGGAATTGCGCAGAGGTACCATTGCAAAGTCCATTGGTATCATGCTAGTGCTATGGGCTCACCTCTTGTGCCTCCTGACGAGCCGTGTTCTGAGCTCCTGCTGAAAACCTTAAAATGGCCTTGCTCGCACATTTCACGTTTATCGCTACAACATCATTTGTCTTTGCGGAGGGAAGAGCATCAGATTTCCATAGGACTGGCAAATATGTACTGGGGCGTGCTGGACACAGGTCTGGAGAGCTTGGTTCACGCCGCACGATCACGAGGGGCGCAGATGCTTCGCGGTTCGTTGTATCTTACCCTTCTCTTTGGAAGACATATTGTGAACTTGACTTAAACAAACCCTCCCCTTGAAGTGATGAACGCCT,1637,48.93,Saccharomyces cerevisiae
SEQ_981532,CGATATATTAGACGGGCTCTTTTTTGTCGGGCTTCTCCACAGCGCAGCCTTCGGGAATTCCAGCCTCCCATTATACACTGATGCTCTGGCTTTGGCCGCTGGCCTTGGTCTGCGACGAGCGGCATGCGCATGTCGGGCAGTGCCGGTCCACTAGATCTAATAGGGATTCGTTTATATTGCGTCAAACCTTGGCGATGCGCGCTTTAGTTGTATACTAGAAGCAAATTATAGTCGCCGCCGCAAAAAGCACGACGAAGTTATGCGTATGACTTAAAGCCCAACTGGTGACTGGAACATGCTAAAGGCGCCCCCCGCTATTTAGTCTTTCCTACAAGTGAATTTCCTTCACGTTCCACCTAACACCCTACAGGGCGTTAAA,379,50.66,Mus musculus
SEQ_582248,GGTTTGCCTCTGGTCACACGAGCGGGTCGAAAGCGACGTGCGCTGCTTTGATAAAGCGCCTAAGGGGCCACTTATGGGCTTCGCTTTGTCAGGTTGGGCGTGTTGTTCAACCATCGTCCCTGACGGGTCGATCATTCGAACACGAAGATTAACAGTCTATTCGATTCGCTATATCGAATCTTCGAAGAGTATCAGATGTATCGCCTTCCAGGGCCACCTCAGTTGCCCCGAGCTTCATGATGAACATTCTTCGCTTGGGTAGACGCGTCACTCAGGTCCTTACCCCAGATAATACAACGGGAATGCGGCATACTCGTGTATCATCCGGGTGCAATAATGGAGTCCCATGCTATTAACTAGTACAATTGTTTCTTATTCGTAATAAACCGTGAGATAAGTTGACTGTGATACCTAACTGATACATAGAATTCAGCCACGTAATTCAGTGTGCCACTTTGTATTGTCGGGTACTGCCTATCGTACCGAATTAAGGCTTCGAACTTCTGTCGCGATCTGTCATGAGACGATGACCGAACTCTGTATCCTGTTGAGAGTGCGCTTTGCATTGCCATAAACAACCACTGCAAGCAAAGGCCTTGACAATCTATGGAATTGGCTTCCCAGAGGGACGGCGGAACACCCCTTGACCGGGTTGAGCTTGGCAAAGTACCCAAATCGCCGCTCGGGTCCATTACGCGAAATCAGCCGACTGCTTTTACACCCGGTGATTAACTACACGGTGACCTGTTAAGTTTAATTTTTCTTCACAGGATAAGAATGTTGAGCTAGCGGCAACGAATATGAGTTTTTTAGGAGGGAACCCACAACTTGCTCCTCCGCAGGACGAAAGAAAGAGATCCAAAGCGACAGAAGATGGAATATCGTCCTTTGACTATATCACTCTGGGGTCGCTTTATCTTACCATACGGGACCGGGCCGATCAAATGCCCGACGTATCTTAAGGCTATAAGACGACTTGAGTATAATCATCTCAATCACGATGGATTTGTAGCCGAGATAGGTCTAGTCTAAGGAGTTGACTCTCGCGGCTCGCTTGCTTGGCATCGTTGGAGGCTCAGGTCTTTGGATTCTATTCCCCTTAGTGGACTCGACACAGCGGGTGGCCGATGCGGTAACCTCGCATTAATCAAGATCTCTGTCAACACATCGAGTCGGAACCAGCAAAAAGCAAGGGAGTGCTCTTTCAGCCGGCAATCGTGAGACGATAATCGCCAGATAATCGAATTCTAAGTTCAGGTCCTGTTACTGTCCCAGCCAGCGACGGTCCGCGTGGTCAACTCAGCGGTCCCATTCTACACAGCGCTAACGGCTCACTAGTAATCACTATGACGGCCAGTGCCTTCATAGATTTGACCTAGGTCACCACTTCGGATAAAATAAGCCCAGAAAGCTTCGGCGCTATGCGCCATTAGTCCCGCTGGGAATATAGGCGAGCAGTGGCAATCCGCGCCCCTTATCAACGAGTATGAGTTGAGCTCCTAGGACACTCTTTGATCTTAAAGCTAAACAGGCATTTCCTGGAACTCAAAATACATTCTTGGCTGTAAGCTGATTCTCGTCACAGATAGCGGGTTTCAATAATGGGAGGAGTGCAAGTGTAGGCGGTGAGATCGATTACCACCCTCGAACGGCTGTCTCCCATTTGCGCAGGCTATTTATCTAGCTGTGTGCACTAACTTGATGCTCAGCAAAGAAAGCCGATGTCGAGCGCTAGAGATTTTGGATCAAGGAATGCATGGGAGGGAGCACCCCGAAGTTGTGAGCGCTAGCACTTTTTCCTGTTTAGAGTAGCCAAAACTAGTCCCCGCTGTTCAGGCCAGGACGCTTGTTAAGG,1855,49.06,Mus musculus
SEQ_726424,GTGTCAGCATGGTTTCTGTCCAATGTATGGTAACCCGTGTTCATGGCAATACAGTACCCGAACATGGGTGGATGGTAAAAATGTAACTGTCTTGAATGAACCAACGCGACAGTGACTATTAGCACAACATGCGATTGTAGTGCTTAAGTTCTTCAGTCAGTTCAGTAGATACGCGTTAAGTGCCCCCGGTTCCGGGGGCAAATTTGCCGCTAGCCCCCTTGCAGAAGTTAGTTCTAACTCAATATCTTACATCTCACCATTATATGAGCCCCCACACCGTGAACAGTTTCACGGACCGGGAGCTATGTATCAGTACGTACTCCTTAAATCTGGTGAATTAAGGAGTTCCGGTCTGCATTAGGTACCATGTAACAATCTAAGGAGGTTCGGCGATGCGCGTTAGCAGTAGTGCGCTCCGTGCATTTTCATCTCCTTCTCTGGCCGGTCTCGCCACAAGTTCACCGGAGCTAAGCGACTGGTAGATACAAATGATAACACACTCCAAGTACCGCTTTTGTTTGCGTGGTGATGTTGCACCCGCCTGTTCATCAATCTTCATTAGCGTCGTCGTTCGGTACGTCAGGACGGGCCTAGGAGCCGAGGAGCTGATGTTAAGGTGTTGACTGGAAAGCGCACGCGCGTGAGTAAGTGGAGGCATAGACTGAGTGGCCGGGTTCACCCAATCGTCCCGAGCTTCCCGGGTCCGGATGATCTATCACAACCTGTGCATCCTATCCCAGAGAGCGTCCGGTTTACCCTATCTAAAGGCCGTGGGTCGCGAATGAAGAATGGACCTTGAAGGCTGCCTATACGTTCTGCTCGTCGTGTTGTTGAACATGGTGAGGCGTTTACGGAGCTGCCTAGCCGTGCGCATCTGGAATAATCTTTCAAATTCGAAGTGTCACTTCAGGGCTAGGAAACGGACTCTGAGGGTCTGATGTATGGCGCGCCCGCAAATTCAACATATTCGTGTCCGTTGGAACACATGCTGGGTTGACGAAGCGTTATCTGGAAAATGTGCTGCCAAGGAAACCTCCGAACCAATCCTCGATTCTGACATCATTCCAATCGTAGTGTCGGAAGTATTGTACGTAAGTCCCATAGTATGATCGATAATTGTTGGCAACGAAACAATTCAGCTCGCTTTTCGCACTAAGAGGCGGTCCAACCCAATGAATGAGCATTCCTTAAACATTATTTATATGGACATGTCATGCGCAATGTGGCGCACCGCCAGCAAGCTGCACTTCCGTGTCGACATACGCGGCGAGGCGCCTTTTAATAGCCGCTACACAGCCTTGTCGAGTTCATATCCTAATCGTACTTACTTGTAAGCTTTTCCTGTTGTCCTGTTAAAGAAAGTGTACGTGGACACAGAAACACAGCACTATATACTCCGCCAAACCACCGTCGGAAGTCTGTAGCTTTCTACCAGGATACAGAGTGGCCCGTGAGGGGGTGGAAGACCGACACATGTATGCCGCCACGGCCGAGTGAGTACCTCTTCTCGCGTGCTTTGGAATAGCACTGTGGTCTTATCATGATGCACACAGTCACGTCGCCGTACCATGTGTGCTACACCCCTAACACGCGGAGCATGTTTCCCAGTCTCAAGATGTGTTGCTATGTTTTAGTCTAATGCTGGACGATGCCGCAGACGGTTTACGATAAACAGGCATATTTGTGATCGGTATGTAGATATTTTAGCGGTCCTGTAACCCAGCTGACAGATCCTAGCTGCTGTAGGAAGTTCCACAAGCCTAGATTATGGTTTGGT,1777,49.47,Arabidopsis thaliana
SEQ_718354,CATCTATTTTCTGCCCAGGTGTGCCATCCGCCCAGATGGGATAGACTGATAGGCGCGAAATAAGATCCATTACGGAGTTGCTCGTGCTTAAGCGGCTTGGCGAGCAAGGATCACCCGCTGTGATGTTTTTCCGCTTTGCTTATCGCAGTACCGGAGGTTAACCGGGCACTGCACACTTGCGAAGAAGCTGCAGGAAGGCCCATCAATCACAAGCTTTCGCTGCGAACTTGCCAGCGGAATCAACAGTATCGGTGCGTGTCCGTTTGAGTAGCAACCCCTCGTGTCAGCTAGTGCATGACACGACCATCTCTCTGTTCAAATCTATTCGCCCTTAAAAGATTAGGCTCCCGTTTGAGGCGGAACCTGTGGGCAGGCTTGAACCACGTCGCATTCACCCTCATACACGGTCCCTTTTGTTGCCCCCAAGGGAGGCGCTCTTGCAGGCCATTCCTTGGCTGTTGTGTGGGTTAGCCTCTGATTGCGACAATGATTCGCGATACATGGCGGGACAGTCGTAGAATGACGTCCCGGGTCACAGCGGCAACAGGCGGGTACAACGCTCAAATAGTATCCCCGAACATAGTCTCCCTGGGCGACCCTGCTCTCACACCGAGCATTACATTGCCTACACTAGCTAACGTAGAGTCACGTCAAAACGGCGGTGGCCAATAGGTAGGCAGTAGCGTCAATACCAGTGATCGAGCTTCCAATTCCAGCCCGATGTGGGGCCGACGATGCTTGCATGGGCATGGGGCAATGGGTGAACGCTTACCAGACGGTGCAACCCGGGCTGTTATCTACGGTTTTATCTTACAACATTTTACCTCCCACATACCAGGCGCCTGTTGCCATGCCGACGGAATCTGCCCAAGGATAGGTTCAATTGTGAGACAAATGATCTCACTGTTCGAGGCCGAACGGACTCTAGAAACAAGACAGCGCTCACGCCTTAGCACATGCAGACGCTGACGCGATCCCCGCTATTGGCATCTAAAGAGTACGCCTACCTGTGGAGCCGATATATGCACTTTCGGAGGTGAAGACCAGAAACGAGACGTACCATAATAGGATTTAGTCAAACACAATTTGATGCCACTCTGGCACAACTGCGACCGGTCCATTGCAGCCCACGGAACACCCCGGCTCTTTTCTCCGCATTGCGACGTCGGATATTGGCTCCAGGCGAAGTGTCGCTGTATTCTAATCTGACCTAACACGAACGACGCTTGGTTATGGCGAGCCGAGTAACCGAAATAGACATATTTTGGAGAACATGTGAGCGACGGCGAATACTCATCGTCGCCACGCCAGGCATCATTCGTACGTCGGTGAATGTCCTTAGCAGTTGCAGCTATTCGGCACCATTGGTGACATTACAATCGCATAGGACAGACCGTGATGTCGCTCGGGAGTGCGGAATTACGTGTAAAGGAAGTTCTGTCTGTCCAGCACCAAGCGAAAAGATGCCTTGCACCCGGCAGCGATTGTGCCAATTTTGGGGTGTCACATCCGAGGTGGTGGATATAAGGGCTTTCCTATAGACATAACCAGCTGACACTCGTCGACCAGACCTAGCTTTTATTGGCCGGGCCAAGCACTTGACCCCCTTCTATCCGTAAGTGATTAAAACAGTCGTACTCCTATGCCTGAGGTGCACGCCTGTCCCAGGCAACACATTCTATTCGAAGTAGTGCGCGATAAGGTACCTCGTAAAGATGGGCGGCACATGCCGCTGAACCAACGTTATTTGCGGACGGTAGAACTCTGGGACAACCCCGAAGTAGAGTACGTTCAAGTGGGCTCAGAGCCCCCCGTTGGAGTGTAG,1825,52.93,Mus musculus
SEQ_377566,TTGTTCGCGAGTAGCGGAGAGAGCATGGCTAATCTAATTGAAAGTCTTAACTGTTCTATAATTTGTGCGTGTAGACCTCTTAACAAAAGAATGGGAAGTCGTATGTACGGGGCGATATCGAAACCCCCCGTACTAATTAGCCTGAACCCGAAGCTCCTACATGAATGTGACAACACGTGATGCCCGGTAGATACCAAATCTACGGTA,207,44.93,Homo sapiens
SEQ_696131,GACAGCAGCCCTATGGTCGCTCCTGTGTCTTAGTATTCCTTGGCTAGGGCTGCAGCAAAACGGGCGCAGGATTCGTGCCTGACTTAGATACATCTATTCCCCGCGTCTAAGTCAAACACAAAGCATATTGGATCCGGTGACGTAAGAAGAGTTTTCGATAACGGTTCTGTATCGGAGAGAAAACCTAGCGTGTGACCCTAGACAACCGAAGTAGGCTACCTAAGTCGTGTTTTGACCCTGGAAGGTAGTGATCTAGGGGAAGAACGGGCCAAATCAGTTATACTACCGGTCAACAGATTCAACGGATCACAACGACACCGTATCCGGTCGTCCGAACGCAAATGATCAACGCCGTTATCCTTTTCCCTCACGAAGCCGCGCCCTAGAAGCCCTGATCTGATGTGCGCTTTACGATATGTTCCGTAGCACCTAAACTAAATCGTTTATACACAAGTCTGCATCTCGAGCAAATCTGGGAGATTGGTTATCTTCCTCAGCAACCGCAACCTCTTCTGGAGTGGGTCCCGGAGGCCTAGTAATGAGAATCTGTGCACCCGCACCTGAATAGGCACCGAAGGGTCCATCGTGGAGTAACGGGCAAGGTTTGGGAGCTCAAGGACGAAGACCACTGATCCACCGTCGCGACGCACCTCCCCCACCGCCCTGAGCACGGGGTAGCATCGCCCTCCCTCAAAAACAGGGTCCATTGGTTAGTTACACTAACCGAGTGGGCGCCAAACCGCGACTAAACACATGTGCCGATACAGTAACTTCAAGCAGTAGCCATGTAGAGGGATGGTGCGACTGAGTGCGGGCCGCACTGCTCACCTACTGAATTCGTCAGCACGGCACGGTCATTAGGAGCAACAATTTTTCACATAAGGATACGGCCGTACGCGTCCTCGCCCTAACTCACTCTACAATCTTCGCAAGCTTCTTGGGAGGATTCCTGGGAATCAGGACCCGCCCTGGAGGGGTCGTTGGAGGGAACGTACCT,997,52.86,Homo sapiens
SEQ_316697,CCGCAAGTTACCAGTGTGAGTTGATGACTCGACGTGACGGTGGTCAGACCGAGGTAAGAGAAAAAAGCATGCTTTATAGTTGTCGAGGCTCGTATTACTGCGGCTCCCGGCCCACAGGTATCTGAATGCAGCAGCTATAATGTACGTTTGTGATAACCGTAGCTGGGCACCTATTTAGGCTACCCTCACTTGATGGCTGTTCGGCGAAATGATCGCCATACGGAACTGCGAAGATGGTTATTCGCGGGGTTCCTTTCCCCCAGCTCTCGTTATGAATAAAGTGATAGTACCTTATAGGGCCACTCGGCATCACCAATCCGCCGTGTTACTAGTGAGCACTCAACAATGAATTCCGCCATACTGGCGTGTATCAAAATTTTCCATAGCGTGCCAAGGTCTCAGGATCTCCACTGGTGCAATCTTGGGATAATACCAACGCGCCTATGTGAATGCACTGGACTGTAAATTTTATCGGACGAGCCCCTTAATTTGCCGCATTACAGGGTATACTCTTATGCGAAGATATAAGTAGCGATCTCATCATTTGCTGAGTCGCCTGAACATACCTCCCCCGTCACGTGGCCGTCCCAGAATTTTCGCACTACTTACGGATCGCATGGGCGTGTACGTTTCCTCTGCAAAGGCGCCCTACATAAGGCGCTAACCGACGATTCGTGACGTTTCTCGGCGACGTGGCCGGCACCCGTGGACCATTGAGCGCGCATTCTCGGCGCCTCATATTTTGAATCCCGGGGGTGAACGGGTCAGTATCCACCTACAGTCCACGTCCCGCCTGGTAGGTCCGCGCCACCCTGCGTCGCTGTTATTCGATCAGCGGACTATCAATCTATAAGATTTGTGTATCGTTTCTGAACAGGTACTCTTGTATTGCACCGCCTTATTTAATCGTCGAACAGGGCGACGGAATTCGTCAGAAGTTGGTATAACGGAGCAGAAAAATTAGGGACTTGCGGTGCACTGAGTAAAGCCAGTCGGTGCAACATGCCGCGGGTGTGTGCTGTGGGCAAGCTGAGCCTGTTCCTCCTCGGTAGGTGCTCATTCCCCCAAAACATTCCATACTTTGCGCCACCTGAACTGGCAATGTGAGCCGTCCCGTGGGCGCTAGCTTCGATTAGTCGCCAATTCGTGGGGCCGCTGCCAGTGATACCGACCCACGACATTGTATCTGGGTTTCCACTGGGTTTCATGTTTTATTAAAAAGACGGTAGCTACTACTCGCGGAAGTCGTGTGCGCATGGATCTCACCCCCTGGATCGCGGGATGGCACTCTGAAGCGTCCGCTTACACGCGTTCTCAGAGCTAGTACAATCACATCGTTAACTCAGCGGAATGGGTCTCAATCGCAGGATTTGGAATAGTTAAAGTACGCCGTGTGCAACCAGTTTGACAAAACACTATGAGTTGTAGCTGTGAATAACTGTCATTCCACGATTCATCAATGTGCAGCTCGTC,1473,51.19,Caenorhabditis elegans
SEQ_628157,GTGAAGCGCCAGGGAAGGGACGAGTTGTTCCGCTAGGAGACTTTCGTGAAATAGTCAGCAAGGTGAGTGCACATGGACGCGAATTTCACTGGCGAGTCCCGATCAAGGCTAGTAAATACGGCGCTATTATCGTTCTCTCAGCACCACTAGGCTTCTCCAAAGTGTCTCATGCGGTATAGCTAGTTGTGGACAACAGTGCATGCATATCCCACATTCGCGGGATATGCTGACGGCTAGGATTAGTCTCCAATGATGCATGTAAGCCAGCCTCAAACGGTTATACACTCGACGTCTGCTCTGAAACATCCCACGTTACCTTTTTTTCGGATCTGGGTTCATGTGATAGGATCCATCCTTTGGTCTGGCTCGACATTTCGCTTTTACGTCTTAACACCCTGACCTTATGCGGAAGCGCAATACGCGAAAAAGGGGGTTAGTCTTTGTGTACTGCTGTTAACCGATACCTCGGGTCGTACCATCCTAGGAAACGCAAGGGAGTTCATCTGGGACGAGGATCCTTTCGAGGACAACCAGCCGAAATCCGACAGGCCCTCCACTCGGTTCCCAGTTCTATGCCCTACGTTTTCTGCCAGTACCGATCTGAGTAGTAGGGGCACTAGTGGAAAACCCAACCGGACGTCTCTTCACTTATCGGACTGTCCATACGAAATAAGAATTCAAACATCGTCTATGCAGATCATAGGTTGGGTACGCATTCCCCGGCTGCGGCGTTGCTCGTCTGGTTGATTAACTGGCGAGGAGACGCAATAAACATGCGTCATCGTCCGTTTACAAATTACATCTTTGTGCTGATTCTGGATATCTGTCGTCTAGGAGAGAAGGTTCACTTGTAAGCATCCCAAAATAATAACTCCCATAGACCTATCCAGAGGGCAAAGACTAAGACATGTCTAGACGACTGGGCTCACGTAAAAGGCCTATCTCCGGGCCGTATGCCTTAACGAGGGCGCTTCGTATCCCGACTCCGGAGTTGAGGAGCGTCTAACCTATAATGCGACCGTCGAACGGGTTAGTACGGTCACGGGCAGCCGAGCTCACGTGATCGACAATTGTATTACAACTAACTATGTCCGGTTTGCCACTTTTAAAAATCACGACAGGTGCCGTGGGTGGATTGTAACTACGAGACTGACCAGTGCCCTGCAACGTTATGCAAGGCGAATCTATCACAGTTGAGTTGTGGAGGTCCGCGTTTAGGCTCATATAAACCCGAAATTAAATCCGTTCAGTTCCTTAACCGATCCCCATGATCTTAAGCTGGAATCCTAGGGCGTACCAATACATAATCCACTCCCTCTACCTCAGGCTCACTTATTGGGCCCGGGCACGCGTGGGGTTGTCACTGTAGTGAAACGTCAACGATCCTAGCTAGGATGCCGAACGCATGTACTATCACCCCCCACGACGAGATACTAAACTGTGATAACCTGTGCAGACTTGTACCCACATAGAAGTATCTACGCTCGGATGACCAAGGCCACTATATAACCCCGGCATTTAAACAGTCATTTTCAAATACAATAACGTATGCTGTATCTGACATGACCCAATGGATACGCTGAATATATCTGATGCGGGTTTGACTCGTAAAAC,1614,48.95,Mus musculus
SEQ_408447,GGAGCGTGATTGAAAATCACTCATCCGTTTACACGGCTACACGTGCTCATACTCTTTTACTGGAAGGCTGTTCAACTGTTGTTAGTTGGGATTTTCCTAATTTCTTCTGGAGCAGTATCTTACTGTCAACTTTACGCAAGAGCGTGAATAAATAACTTATGTCCCATTAGCGCACTCGGGATCCATTACGCGTAGGGTTCCGCGGTTGTTGGTGACACTATGGGTGTCCTCTGGAGAGTCTCAACTATATAGACCTGTTTGAAGTGAGAGTCTGGCACTCGAGTATGCCTATGTTTCTAGAAAAATTTCAATGATGCATGAAGTGGCGCCCCCGGACGCAAACGCTCCATGGTAAGACTAGTATCCTAAGAGTCAGCTTGCTAAGTCTGGCGTTGAGCAAGAAGATACCAGCGAATGTTGTATTTGAAACGTATTCGAAAGCGTCGCAAGTCATCACTAAGACTACCCGGACGTTAGACAGGTTAACATAGCTAGTCTCGTCTGTTGACGCCCAGTACTATTGCGGCGGTGATAAAGCGCAATGTAGTAAAGGTAACATTGTTCCAATAAACGGGACTACCGGTCGACTACAAGCGGTTCTCGCCATCGTTCATCGCTCTCTACATTCTCCAAGGATCAGTCGACTGTTAGTCAAAGAAGCCGTTTACTCGTCCCCAAACGGATGCCTTGCTGCAAAGGAGATGCAAGCGCTAAGAAAGACACGGCCAATGTGGCACGAAGGACTCACACAGTTTGCTATTAACAATGTTGCGTCAGCTTAACTTCTACGATGTGCCTGGTGGGGCTTGACTAGAACGAAAACGTAAGTATGATGAAGTGCGTAAAACGCTAAATGACAATTGAATCAGATGTTCGTACCCAACTTTCATCCCAACGCGCGCTAATGGGAGGACGTGCCACCGTATCAGATGGACTCGTCTGACCAACGGCAAATGGGTACCTATCGATCCCCCCCCGTTCCAGTATGGACGGGAGCACTCGCATCGGCCAACAGAATTTTACTCACAGTGGTCAAGGTTTCACTAGTGCGCTGGTGTATCTAGGTCATGCGAATCCACCAGCAGTTGCACCGGGGTAGAATGTTCGTTGTCAAACTCTGGTTATCGGCAACTTAAGGAAGCGC,1144,47.73,Mus musculus
SEQ_877170,TGGGCCCACCACCCGCTCACCGGCCAAGTACGAAGGCATTGACCTGGCTTAACAGGTCGAAATGGGGGAAGCACTTGCCCGAGAGTGACCAAAGCCGTCATGATCGAGCGGTTAGGTCACAGCCCCCAGTCGAAGCTAAGAGCAATCAGAAGTGCCCCCATGCAACGTCCGTGACTAAGGTCATTCCCAGTCCCGGTAACCCACCCCCAGCCAGCGAACTGGCCGAACGTCATACAACGTATTCTACTCTAGGATAGGATCGGCCCTGCCTTACAGATTTTCTCGAAGAGTTCAATCGGCCAAAATTTCGATGCAGTACCAATGCGCACCACACTGGTCCGTTAAAAAGTAGCGTACGGTAAATTAACTTTAGTGGTATCGCCCTTCTCTCACCTTCGCGGTGCACAGTTGTGGGATTGGGCGTTCCCTCGCGCGGTGTACGTGCAGCGCTCACCCTAGAGATCTGGCACTCGTCCGTCAGGGTGGGGGACTGCCATTACGAACACTTGCTACTCGACGGCCCTCCACACCACTCAATTTAGTGAAATCTTACGCGTCGGCAACACACAAAAGTGTAAGAAGTCACCCTAAGTCAAGTGTCGCTCGTTAACTCGGCGACCATGGGTCGCTGATCACCACACGTCTTTGGGCGAACAGTTACGAGCCTGACATGGGCAGCTCGTGCTGGCGAGCTGCGACGCACAGATTAAGTAATACTTATCCGGAAGTGAGGGCAACCTCATTGGTTCTTACGACAGTCCTAACGGCCTTTTTGGAAGGACCGTAGCCCACGAGGATGGAGATTACTTCACCTTTCCCATTAAACTATTACCCCACCTAAGTTGCAACCCTGCTGGGTCGTCGGGCCTTCGAAGTGCACCGTATGCCGCATTATAGACACATCTTGCAAGACTGCAGTTGAGAAGGGCTGTTAATAGCACGACCACATGGGACTGGAATGCGCGGGTTTCCCCAGCCTTTTGCCATGATTCATAGTTCGTAACGGCCTAAGGTCACCGATGTCCGGAGTAGAAGACTTACACCCATTCGCCGATACCCATCGGTCGGCTGAGGTGAGTCTTACTTTATGTATCAGAGGCCAGACCCGCATTTTTGTCTTGGATGGCGATCTAATGGCGGCATCGAGGAACAACGCCGCTTATGTTCACCGCTTTTTTAAAATCCACTCACGGCGCAACTTTCATCTGTGCTAGTCATGATGCCCTGCATCCTCTGTTAATGTAGGGAGGACGTCAACCGTGTCGTGTCCCTAGATACATGCCCGAGTTATAGACCGTCTTCCGATCCGAAGTCCTACCGGCGGAGTCCGGCACTTACGCTGTTATCGGTGTTCAAGTCCCGTAAAACGCAGGAAACCGGGACGGAGTAATGCTGTTTACATAAGACGCTTCCGTCTGCATGGCTGACGCAACTGGTAGGAGGTCAGACGAAAAGTATCGATAGCCTGTAGTATCCTAACGATCTGTGCCTCCTAAGCGAGGCCTTATCGTGTCCCCCTCCAACTATTGTATATTGGAAGCCGCGGGAACCTTAGGAGGCCCATAAGGCCTAATATATCATCGGTTCGGCGCAAGGGGTGCACGTTGTGGACGAGAAGGGCGTGTGTGGGTAATGGCCTTACAGTCGCTCGTGCCTCGTTATTAAGATCCCGGCAAGTAGCCATTATGGCGCTACCGATGATATTTAGCTCCCCATCAGCGGCCTCCCGTGTCCACACCGTTCCATCTGTCAGTGCGCACGAAGGTCAGCAGAGCCTCGCAATAGAAAATCTATGGGCAATAGGCCCCTATGCCAAATTCAAGTGGACACGTTCTGTTAGATTACACAGCCAATTTGGTACCAAAAGTACTGACTTAGGATAAGAACCCTCGCCCAGTATACAGCCTTTTCTCACTCAGAATCATGA,1927,52.46,Arabidopsis thaliana
SEQ_996414,TGCGTACAAAGTAATCTAAGGGTTATCATTACGGGTAGCATCGAAACTGCAATTAAAGGCTTTCACCTTGGAAGGTACATGCCTAAGGAATGTACCTTGGCTTGCCATGTATGCAAATCACTATTATTACCTATAGTGATCAGGATGCCTAAATTCTTATAAGACCAATTGATTGTATAGACGTAACGTGTGCATCGGTCCTCACGTGTTCGCCCATACACGCTAAGTTTTTAGTCCCCTCTGGGCGCATTAGGTGACACGTATACCGCGGATGCCGGCTCTCCCACTTCAGACCCACGAGGATACCATCATACGGAACCACCGTCGGCGAGCGCTCGACGGAAGCGCCTTCGCAAACTTATCCCTGGTGCCGTTGATGGTTAGTGCGCACGATGATGGTTGCGAGTGATCGGATTAGCGTACATCGTACAGCGTCGACGTTCTCG,446,49.1,Drosophila melanogaster
SEQ_655767,AGGCCCACGGCGGTCGGCTGAGACATATAGTGCAGGTCTAGGCAAAACAAATTCCTGGAGGGTGATTCTTGTCTAGAGCGTGTTTAGGCTTTTCTGGAGGTTATAATATTACTAATGCGCCGTCGCGGTCTGTAGGATACCAGCGGGCTATGATCTAGCCGGACCAGGCTATTCGAAAGGCTCCTGGCACATTTATTGCCTAGCCAATATTCTCTACATTCTATAATCACTTCGAACTGCGTGTTGGCGAAGCCCGGCCATAGCACAACAGCAGCGTACCATGAAACACCGGTGGTCGCAACTCGGTTAACATCCTAGCTGTTCGTTGAGCTACTGGAGGTGGAAAGTCCCTGCCGCGGAGCTTCTACATACTAAGGAACACGCCCGTGGAACGCTACGAACCCGCTACCACAACGAACAGTGTGGTTGCAAAAGCACCGATATAGTCATTCTATGCAAGACATCAATAGCCTAAGTGAGTCTCCCGCAGTGTCCGATCTATCAATGTAGACCGGCAGCATCCCCCGCACAATTCAGGGTCCATAGAGAAGTGGCCGACGGTTTTGGTATGATTGTGGGCGAGCGGAAAGCAGTGAGAGACACCTGGTACCCTCACTTATATTGAGACTAATTCTTCCCGTGGTATTTACTCGAAGGCATCGAGGGAGCTTTCTAGTCATGAGTTCCATACTTTAGATTTAATGAAGCCATCAAAGAGAGCCGCTTTTCCGTGATCCTTTTCACAATTGAATTTCTTCTGGCGCGACAGCGCGACCAGTGAGCCACCTTAATACTGATGTGATGTCATAAATCGCCAACACGAGATTTTGAGAAATTGGAGGCCTGTCTCATCAATGGCCGGCGGTGAGCTCATCGCGGCGGTTTACCCAGGTGCACAAACCCCGACTACGTTAAAGGTGCGGTGAGCACGGATCAGTTTACAGCCGCCGATACCCCTCATTGAATAGATCGCTATCATAATATAGATGAAAACCTCGGTTTTAGATTAGACATCCTGGGTATCCAAGCTCCTGGGTCGCCCAGAGCACTCCCTGCTGCTTAATTTAACGCATAAAACCCGCGGAGGGTAGGATAATCATGTTGGATAGGTCCATCAAGGCCCACATACATCAGGTAGAGATCAATTGGTTTTCGGTCTGTCGAAAGAGGCTGGCGATGGTGAACGCCAGTCT,1193,49.71,Drosophila melanogaster
SEQ_769129,CCTCTACTTTGACGGATGTTTGCTTTCCTTATCGACCTCACTTTAACTCATGAAATAAGCGCATGTGAGCTAGATTCTGTGCGTTTCTTCGATGAAAATAGACCGGTGACCCACAGATCCGTTCTCCTATAATAGGTACTCTCCTTGTACCGGGGACTACCGGTCGTCGGTCTCTCGTACGGAAGATACCGGAAAGTCCGAATTCGGAGATCCGCCGGTATGTCCGGCCAGACCGGCGCGCCATCCAAACGGAGAACACACTGAGAATGCTCACATTCTTTGTGCGGATTACGCCGGTACGAGGACCCACAGATTGAGCTGGTATGTATCGAACGGCGTGATGCTGAAAACATGCTCACCACTGCGACAAGCGCTCGGGCGAAAGTTACTATCACCGCTTACAGGAACGATCTACCTGATGCCGACACTTGATCGAGTGGAGGTCGGAGCCAACCAACGATAAATGCACGGATAACGTGAACGATTCGCCTTGATTGATCCGTTAGTAAGAGATGCCTAAGGGTCACTCACACCCCCCGGAGCCCACAATCATCGGCCACGCTCGTGCTATGGGGCGGCCAACCGACGATCTTCCCTTATTAACAGATTGTGTGCACTTATAACGTGACCAGTTACAAGGCAACGTTGAGGGCAATCCCTCTGCAGCGATATATTTTACGATGGACTCCCGACCCGGAGAAACGTGAGGCGAGGTGTTCTCTGGCTTCCAACTATTCCGTGGTTCCAGGAGGGTTAGCGTTGGGCGGGTTACCACTGGATGATCGGTTTGGTGGTCACTGGTTTAGAAACTGTGGTTTGGGTAGTCAGAGGCGAGATCAATCTGCGGTTAGGGCCGTCCGGGCGATCCCTTCTCAAAGGCTTAGTGTGCGGGGTCTCTGAGCCATGACTAGGTATCGACAAAACAAATAAGGCTCGGCGAGCGTGGTGCGGTTTTGGGGACAAGTAGGCGGAAATTTGACCTAATTTGGGTGGCTCCCCTTGGCACATCCTCCAGTAAAAATTGCCGACATCTTTTTGTACTCGTGGAAGTGTTGTCATATAGGGCTGTGCCGACATATTGGCTGGCTCTTTTAGAGGCAAACCACCCGCCTCACGTCAATCTCTACATTTCAATCCTCCACCGCTGACATATGAGTACACGCGGAATTTGGGTCAGCTTGTCCCTCCCGTAGTGCACTCTGTAAGATCGGGTCATTACGACCGCAGGCTGAATCTTATTTTACTCACAGCCATCCCGGGTGATAATCACCGGGAGCAGAACTCTTTTTGGCAATGGGGGGATGAACGCCACTTTCCATCCATTGTATCCCCCGTCCGGGCCGCCACATCGGTGCAGCTCTTGGGTTGATTTACCCTCACATGTTACATGGGCCGCCGGGAAATTTCCTTGTAAGCTTTCCAACCGTCGCCACGTTATTTGCTCCTCTCCACTTCTGAGGAATGCGAGGTAACGATCCAACTGTACCGTATTCTTGAACACACGACTGATAAAGTGACTCCTGGGGAGAGGGGGGTGTTGTTCCCGGCCTGCTACCTACCACTGTACGCAACACAATGGGATAGCTATGGAACCGTCTTTAAAGGATCCTTACGCGTTCATACCCCCAAAAACGTATAGAAGAACAGGACTTATCCACTCGCGAGTCATGCCGGCAGTCCACTCATCGTCGCGAGAAATCGTATAGAAATTGGCCACTATTTGTTTTCGTTAAGCTTCACCTACGCCCGGATTCTATAAGACTACATCGCGCATCGTGCGCT,1782,51.63,Arabidopsis thaliana
SEQ_230401,CTGTGACGGCGGTTTACATGACGCCTTGCCTTGGAAGCAAAGTCGAGACGTGCATTTCCGTTAGTACAAAACGCTACCAGCAGTAATGCATGCGCGGGAGACAGTGATCTGAGGTCCCGGCAAACCTAAGCCTAAGTATAGCAGGGAGCTCTTAAAGACGTATGCCCCGCGTTCCGGACGGAGTCGCTCCGTGCCCCTAGCCCGCGGTCGTGCCATGGGTATAAACAGATGTCCTCGGGATAACCTATGAACTAATTCAGGACGTTTTCATAAGGGTGACACTACTATTCCTTAGACGACGTGAGGTCTTTGAGTCTTAGACTCGTACACGCTCCCTGACCGCGACCTACATCAACCAGATGGAATCCAGCGGAGCATTACTACGGGGCCGTAAGTGATGCAGATTGTTTTTGCTGCGAAACCGTTGAGGCATTAACAGGCGGAGGAGCCTCACCCTTTATCCGGAAAAGGAGTCCGGGTTCTATGTGGCCGGCAGTCGACTCACGCCTTTGTACTCCACTTACAAGATCAACCGACCTCTGGTATAATCGCCGCCATTGTATTCTTCTCCATCTACCCACCGAGGGGCTAGGTAGCTACCAGATTTAGCGGATATATCCCGTACATCTAGGATTTAGCTGCGTGCAGGAGAGGTGGGCCTAGCAGTGGATGGTCTGGGTTGAGGCGGCTGAAGGGTCTTACGCCCGGCGGTGGTAGAAGGCCCGCTACGTCACTTGCTAGACGGGTGTGGTGCTTAACAAGACGTCACGTTTTTTTTTTCCTCGGTAGATCACTCGGAGTAGGAGACCCTGGACTGACTGGCATGCCTATCCATCACGCTATCGGGTTGTCTTGCCATAGGGCGGTTACGAAAGAACACAGGAGGCATTGAATTACCCTTTAATTGGGGGGGAAATCCTAAGTGGAGATAGGTGCCAATCGTTTCTCACGCAGGCGCGCCACTCCAGCCTCGCGGAAGGGGTCATTGGCAAGATCTTGAGGCCAGGCGAAAGCACCTTGCCGGAGCCTAGCTGCTTTGAATATCGTGCGTACAGTCACCGTACCGTGGAGCTATTACGTTACGTTCCATTTCGAGCTCTCACACAAATCGTCTACCCAGCGTAGCCCATGCAAATGAGTACGGTATGCCACAGGACGTTGTACTCCTGAGTCTACCTGGGCGCCTCAGCCCACTATCATCCACAGAGAGGAAGTCGCCGATTTCCATTAACCAAGGACCCCTCGGAGCGCTGTTCGGCGGCTAGAAAAACAGCTGTAGTCCGTGAATAATGTAAAACTTGAGAATGTTAACGACAGAAGTTACAGGGGCCTAAGGATGAGCGACATTTAACTAGCTGTTCTAAACACGAAGTGTAGGGCAAGGCGGAACCAACAGAATCAGACCCAAACTTCGGGGACCCACCATCATTGAGAAAGTAGATCGGTATAGTTCGACGATTCCGTGTTGCAACCGATCGTGGTCGGGCAACTGCGTTTGTACCCTACCCAGCGACCACGCATCAGGTGTAGGATACCGTATTACGTTAAACCGCTGGAGGTCGCTGTTCCGCATTAGGTCTGCACGGCTTTCACAGTCCAGATCCCGAAAAGGGGGGCTAGATACAAAAAAGGCGTGTCTCATCATATAGGGAATAGCAGCTGCTTAGGCACGTAGCTGACTCTTAT,1686,52.43,Caenorhabditis elegans
SEQ_871776,ACGTTATCAGGGTTGAGGACTGAGTTGTCATGTAAGGTCTGGGGACCTTCATCTAGTGAACTGAGCTGTGTTGGAGATTGCTTTAGTTGCGCTTTACCCCCATATCTTAACCGTCGTTTGTTTTAAATAGAGGCGGAAGCAAAATTACTGTCGTTCTATTAGGGTAGTGAACGCCTATGTATTCTTATGCGGCGGCTACCATCGACTCACGTAAGCCAGTTACGAACAGGTAAGGAGTGCTAGAGATGATTGGACGTGGTCGAAACGTTCCGTTCACTATACATGCTCTGACGCCAGCCATAGTGTAAACACTGGACCCATGAGGGCTCTCTTAACATACACACCACACGCCGTTGTGGTTTGCCGGGACAGTGGCACCCTTATGGTTATTAAACGATATCTATCTGAGTAACCAAACGAGCTCGTGATTTCTCTCCTTATCGCCGGAGAAATTTATCAGATAGGAAAATGCTCCTGGACATTGAAAATGGCAACACGGAGCGTGGAGTGCCACTGAACTAAACGGCCGTTAGGGATCACTTAAAAGGTGCAGCTTGTCGCTCAAGAGCGTAGAGCCTAGCTTGCGCAGGATATGGGCACCGGAAAGGTTCAATCTCCCCCCCTACATTGAAGCGAGGGGTCGTGGGCAGCTATCATCTGTCTGTACATTAGTATTTACTCGGGCTCGTGGGTGGAGTGACCGGTTAGGCCCTCAAAAGACGTGGAGGCGGGCTTTCCTCCCAGCCGTGACTTCGAGCCGTTATAGGCCCGACGTTGAATAAGTCTGACCCCTACCTCTGAATCTCAAACAGAAAGCTTCCCCTCGATGTCACGCGACCGGAACCTACCCCGATCACAGTCGTACTCATCTACGTTAAGTACTATCCTGCTTCAGCACCGGCGGTCCCCCCGTCCCAGTAGCATGACTACAACCAAAGCCACCTTTACGTTTTCGGTTGCCGTGTATTGGCTTGATAAGAAAGCAACAGCGATAGGCCTAAAGCATAGCACTTTCTGTATGCTCGCACGCAGCAGTGTGTTGTGGGACTACGCAAATCCGGAAGGCCCTCGTTGGTTATACGTTGGTTCGTCGCTTGAGGAACGGATACACGATTGGCGCGGCGCGAAGTCCCTAACAGGAGTTCCCATGCAGCCCCGCAGCCCTTAAAAGTGCAGGTCATCGCCCGGTCTCTGAGGGTATTCCCTCCCATAAAAAGCCGACAAGTTTCGATAGTGTCTAGTATGAGATACCACGCAGATAGTGATCGGGTGTGCCAAAAGCAAGCGAGGGCTCGCCGTCGTCGTCGTAATTCGGCCACAGTGGGCCCTGGCGAAATTCCCGCCATTGACAAATGGCTGATTTCACAGTAGAGCACAAGTGCACTGCC,1388,51.37,Caenorhabditis elegans
SEQ_776600,CGTTTCCGGACGAAAGAGCGGACTACCATAGACTCCCATGCCACGTTTCCAGACGTTTCTTGTCGGATGTCGCAATCAGACCTGATCGCCAGTCCAATGGCTGGCCCGTCCGCGTAGCCCGTACTCCGATTTCCGCACAAGCTCTGGATCAATTTTAGATCCGACTAGTGCCTGCTCGAAAGACGGAATCACCGTAATAAAGCTCAGTCTCCACGAGTTGTGATTGAGTCGTAGACCGATCTATTTTCGACCCTCGAGCGGGCTGGATATCAAGGGAACAGAGCGCGTGGGCTGGAGATCCCGAGGGGGCCCCTACAAATTTTTTTTGTTCACCTCGGTAGGATCTTGGAATTGACACATCGCTTTGAATTCACGTAGGTCTCCTGGCCGTCGCCAACTTATACGGATTGTTACAGGGATGTTTTCCCCCACCTACACACGCTAATCGAAATCCATACGAGGAAAGTTCAGATAGTGTCTCGGCCGGAGTAGACCTGTATGGGTGACACTCGGCATTTAGGAAGGCCGAGAAGATCGCCAAGCTCATAGTTATCTGGGTAATCGCTGTGCCGAAATGCTTACGAGCCTGGTAGGGGTGCGCTGGCTATTCGCGGCTGAAAAATACTATTTCTTAAGCAAGGTTGTAGGACTGGGCCTGTAGCCCAGGAGCAAAGCTCACCACCTTTCCCATACGTTTTCCCTCTAATGAATACTATCTGAAAACGGGACCGCATAAGAATGACATAGCAGTGAGCATAATCTCCTACTAGACTGAGGCATTGCAATCGACAATCAACCACTATGGCCTATCGC,813,50.68,Drosophila melanogaster
SEQ_350483,CAAACTGATACGCTCCAGGTAGGCCCCGGAGCAAGTCCAGGTGAAACGGCACTTCCTGCTGCACCCTCGACTAAGATGGTAAGCCAAAAACCTGCTTCCATGCGCTGCCTCTCGGATTCCATTGTTGATGCCATGAGCTCTAGA,144,54.17,Mus musculus
SEQ_332091,GTTGTCGGAGATTCCGTTACGGGTGGCCCGTTGCCGCTGAGGTTAACGCAGCTCCCGATTACAAACGGAAGAGCTAACACCCCGGATCCGGATTGTGACGTCTTACTCTTGAGTTCCCTTACATGTGTACTGATCGGTATGATCAATAACCCAAAGCAACCTCATAGTTGGCCTCAAGGTTATTAGCTAGGAGTACTCTTTATGCTCTAACTACCCGTAAGACTTGCTCACAAGGCGCGCGTTTAGCACTCTAAGGTATAGCGTCTTGGGAGAAAGTTGGGTTTTGATCTAAGGTAGCTTTGAAAGTGTAGCAAGAGCCCTCCAGGAGAAAGTAATCAAAGCGTGTCTTGCATGAACGGAAGTGTTGGGAGTGCGTATGGCTCGGGGCGTGCACTAGTGATGTACATAGGGTTACATTTTAAAGACCGAACGACACGGCGGTAGCTGTATTAGAGCCTCCCAATGCTGGCTGTTGAATGATCTTACGTTGCGGCCCGCTGAGTGAGACACCATTCCCTGACGGCGGTTCGGTTTACTCGATTTCGCTACCCGCTACTAACGTATCAATATTAGGGGAACTCTAAAGTCTCAGCCATTACGAACTAGAACGTTATGGGTATACAAAGCGCGTGAAGTTAGACGCGGTCGCTTCTCCCTTAGATCATGTTTCTAAGGCATTGAAACGACGCCACCTTTTTTTAGCGGCTACGTCACCTGATGCCAGGCCCTTCATCATCCGGAAGTATCCTCCCTTGCCGAATATCGGTGCGGCCTCATTAACTATATAGTGTACCATAACTCCGGACTTGTAGCCGTTCCTGCGCACAACCCCGTGCCGATGGTTGTTGAGTCCTCCACCACTTTTGCACAGGGAGTTCCGCGTTGCTGCTAGACGAGCTAGGGTCCGTGGAGGTAGTCCCAGCCTGGGTGCATAAGCTCTGACAAACCCATCGGGACAACTCAGAGAACGCACTCACAGAATCACCCGGCCACTAGTACGGGGGACAGTGCCAGTCAGGTGGATCAAGAAGCCCCGTCCGAGGCGCGTTCACGAACAACTTGTAACACGGCACCCGCTACCCCCCCGGCTTGGAAGGCCCCAACTAGACTTGCGTCGCGGTCCCACGTTGCCGAACGGGGGTCAACTTATCCTCGAGTGGTCCCGTAACTGTCGTTAACTGGGCGACCCCGCTCCGGAGATCGCCCGAGTCGGACGATTTAAGTGGTTTCCACTATGGATCAACGAGAGTGTAACGACCCATTTTCACAGGCTCAGCCAGGCCCGGCAGGTCGTCCTGATTTAGAGTGCATTACCTCATAACCAGTTGGTCGACTCTAAATCGTGACGCCGAGCGT,1356,52.73,Caenorhabditis elegans
SEQ_980126,ATATGCGGCAACCGCAATCGGCAGAGCCAAGGCTTACCAAGCTGGTTGTGAGCCAATATTGGTCGTTTGCATAGGTCGGTCTTAGTAGGATCGTCCCGACTCGCTTGCAAACAACACCTGCAGCCCCCTATGTTCGCCGAAGAAAGGGCATCTTGCAAGCTGACGTGAAATTACCCTTCCAAGAAGAGGCACAGGATGATACATTATCTTCCGAGACAGACCCGAAGATACTTGCCACACGAGCGCTATTCTGGTCACTAGCTTTCAAGTACTGACGTTGGCACACTCAAAAACGTGTCAGTAAGTTAGCCTCGTTTATGCGATCAACAGTCCGACGTTGCTAATGAACGACTTAAAAGAGGGGTACAAATCCTGGAAGGGCTTCGCTGTGAGCACAGCGCGAATATCAGACGCCTGAAGTGGTTTAGTTAATGGGGCAAGTAACAAGACCTTCTATAGAATGGTTTGGACGTTCCACGAGTCACGGTGTATGGACCCTTTCTAGCACGTGTGCAATGGCGACTCACGGGTAGAACCTCCTTTCAGTACATTTCGTGTACAAGAAGAGTCAAACAAACACTGGCGTCCACAGATGGTCCTATCAGTAGATTGGCTGAAAGTTTTGCTATCCACAAGGCAGAAATCGTCTGTTGCTTCTTCCTTCGGGATTGTACTCGTACACTGCGAAGTAAGACATCGTCTGATGAACCAGGCCAGTCCTAAGTAATCAATTGCGTAGCTCATATCGACGAACGGCTGTACATGATATTCGTACAGAGGGTGTGTGATAGCTTGCCTCTGATCGTAGTGCTTTCCTATTTCAAACGCTTGCCTTCCCGTTACCCTTCGGACATGTGCTTCATGACGCAACAACACCGCAGATCGCTGCCGTGAAAACCTATCTGCCAGGACAGTAGTTGTAAGGGCATAGAGCGAAGTCGATAATTCCGAGTTCAGTCACAATACAATGGCTCCAGGTTCCGTGGAGATCAGATGTGTCATAATGATTAAAATCACACCAAGCTAAATTAGTTAGCTCTCATATGTTAAGACTGTCATTCTAGGTCTGTGTGTCCAAACCTTTAACCCGCCTTATTCAATCTAGCTTCGTGTTGTATCCGGCAGCGCGGAGTATCAACTTCAATAGTACGAGGTGTATAAAGCTAGAGGCGTCAACTTAGCCATAAGCAGTGGCGTAGTTGTTAGACCTTGATTTCCCAAGTTCTCAGGGTTATATCTCGCTTTAATTGCAGCAACTACTGATAGCGAGTGACAGGCCGTAGCCAGCCCTGCCTGGTTGATTTTGCAGTGGATCTTGTAGTACCCGCGGTATGAGGAAATGTCACGCACTTTAGGAAATTATCGCCGGCCGTAGCACGCCGATTCGGGAGACAAGCCTCTAATTCATGGTCCCCGGGGGAACCGCCATTAGTATGGAGATACGCGACGCCGAATTCCGCAAATACCCTACAAGCGGGTGACTCGCTTACGTTCTAAATAATAGGTAAAAATTTCAAAAGTACGCGCCTCAACGTCTACGTTTGAGCCGCCGTATGGCGGGCACATGAGTCTCAGACGAGCTTGTAAGTCGGTTAGATCGAAACCTGAGAGACAGTCGTGACGTCTCCCTGCCTGTAACTTCCGGGCTAGAAGATTGTAATGTGGGCGTCATCAACTGAGTATGTAAATTCGTGTAACTGTTGAAATATTTGCGAGTAACCCTAGGCAAAGCTCAGGTGATTTGGTTGGACACTGTGATATCTGACCCCGCGGGACCACCCTAACGTAATACTCTAGGGAGGATGGCAAGGCGCGTCACATTATCATTCCGGAGTG,1836,48.15,Mus musculus
SEQ_424695,GTTTACTGCATGCTCTCGCCGTGGATTTCTAGTCCTTGGGAGACCATTAATCCGGCGATGATGGGCTAAGCCCTGAAGTCAAAATAAATATGGAATGTTGAGCAAATCTCCAGACTGGTTAAGGTACGTTCTTAGTAGTCCTAATCCAGGCTGGTGTCCAACGCAATGGACTAGGGCACATCTCGTCGGATTCTAGGAAGATGAACGCCTCTCGCTTATTGCCTGATCGCCCTTTTTTCAACTTTGTAAGCGAGTGCGTAATTGGAACGCGGGCTGGGAACTTTGAGCACGTACAAGGGCGTATCGAAACCAGATAAATGGTTAGCCTGACGGCTTGGAATGATAGACTCCGTGTAGTTTACTTTGAGAGTTGTATTCAATGGCATCCCTCTTTTGCGCGAGTGATTAATGGGCGTAGGGAAAGGTTAACCCTCAAGTCCATACTGTAGTAAAGCATTTCAGCAAAATCTAAACTCGCTACACAGGGCTAATCTAGCATCTTCCTGCGTCTCGACGATTCGGACAAGTGCCACCCCATGCTCTGCCAAAATATATATCCATGTGCCTCTCCGTAATATTGAAACTTAAGAGGGTCCCGGATCTCTCAAGAACAAGAGTACCGTATCGTCAGTGGCGTTTTCTCCGTGAGTCGACGCCGTGGTCATAGGTATTTGCTCGGGGTACTCGTATCATACTAGCTGCGATTCCATGGCCAATAACATGTGTCTTTCCGTTATCGCCTGTCCTGTATGGCGAAGTCAACGCGCCCGGTCAGCGCAAGACTGCCTGGTACCGATAATCGACTGTGGCTACGGAAACTACGATAGAATAAGCGATCGCGATTAAAGTGACTGGAGAGCCGTTACTGGCTATGTTAATAATATTCCTTCTTTATGAATAGGCACAACTCGTAGACAGCAGTTCGGACAAAAAGGGGACTGTACTCCTATCAGCCAGGGAGCGTGCACCCGAGATATTTGTCTAATTCAACTCAAGATCCCGATGAGCAACCCACTATTATTATTGTGAAACTTTTTAATCTCGAAGACACAGCCGTGTACTGACGGTGCATTGTTTGTAGACCAGTTACTGCCGGGATGCAATGCCGACGC,1112,47.39,Escherichia coli
SEQ_187772,TGCCCTGTCCCTTTCTAATCATGCTTTGAGGTGTCGTGTTTCCGCACCCCCGGCTAATCCCCTACCCTGACATTCGTGCCCCAAAAACTAAGCCGCGTGGGTCGCTACGTCCGCAAAGATCAGTGGGAACCTACCATGATTTCAGGATGAAGGGAAGCTTACCATATCATCCTGCTACTACTCCCAACGGTCTCCTTCAAAGACCAAGCGAATAATGAGTAAACAACTTGGACGGACTTACTTTTGACATAAGTCTGATGGAGGAACGGAAGGGACTAGCTGGTTAAGCGGATTCCATTAATCCGAGCGATCTAAAGTGCTGCTCCGGTCTATTAGCAAACATCTCACTGCGCCTAGTTTGGTTTCCTGTCGCTAAACACTGATAGACTTACGCTCGTAATAAAGGTGAAGCACAACGACAAACGTGGGCATAAGCGGTTTTAATTCTTACTCCTGAACAAGGGGCCTCTCGTGGGCCGGAAAGACTCCCGTTACGGAAGACCGAGCTTCTCATTATTCAACCCCTCGAAGCAAGATTCCGTCCTCTGGGGTTAGTAACACCTGTTGTGTCGGAGTCGGTCCTTTCCAAACGTCGCGACTGTGCCATCGGGTTCTGACGGGATCACAGCGCGGGCACACCAACCATCGCACAAATAACAACAGTCTTCTATGCGTAGAGCTACTGAAAGCGTAATACACCGAGGTCCGCCATATCTTTGACCATTGCCATGAACATCCACTTTCAAAGTGGCAGCCCTGGCAATTTACTGTAGGGTACGGCATACACAGACGGGTCACTATTTGAAACTGGTGCCGCACGAACTCAACTATTTGTTTCGTTCGTATCTGTTCACAAATTCTTTCCTTCACTAGTTTATTCGTACGATTATGGCAGAGGTGCAAAGATCGT,910,48.79,Drosophila melanogaster
SEQ_423046,AATTGTGACCCACTCCGTTGAAATTCGCATCTTGCACCCCGGCCCCCCATTAAAGCAGCGTGAATCGCTTTTAGATCGAATCTAGTCGCTCATATATTGAGAGCTGGTCGGTTGCACGAGAGGATACACTAACCCTAGGAGTGGTTCCCAATCTTCGTGGCTCCT,165,50.3,Escherichia coli
SEQ_347766,GCTCATAGGTCCACGGTGAGCACCGGGTGATTTCGCCCAACGTCGGTCCGATTAACCGCCAGGATTAAGCGCATTCCACACGAACTCGTGGCGTATCCTAAGAAGGCTGGGACAACGGCGTTCTATGCGATTCGTCTGCCTACCTCGAGCCTTGTCTTGTCGGAGACCAAAGACCGCGAGAACGCTTGGCCCCAACCTTCGAGAC,205,57.56,Saccharomyces cerevisiae
SEQ_536200,CGCTCCAACGCTGTTTGATAGTGATTGAAGAGCAACAACTTGTGCGGTCCGCCCTGTTATGTCAGCGACTTGTCCATCGTTAACACGGGTTCCGCTACGATCATATAGCATTGCCCAAGGCCGTTTAAGATCATCGGAGGTGTATGCCCTTACGAAAGGTCGATCCGTATGCTAAACCTGTCATTTGATAACGGGAGACCCAGTGTACGGGCGCTCTCTGAATGATACTGCTTCGCTCTCCTAACTTGGCACACACATCGGAGTTCACTCCCCATACTGGTCCCGCGTGAGTACGGTACTATCT,304,50.99,Arabidopsis thaliana
SEQ_277686,CTGAGGCCATGAGAACCGCGCTCAAGATTTGTGTTGCCATTCCTGGATCGGGCACATGCCTTGAAGTCGTGGTGATATCCATCTACAGTATAGCGCGCCTAGGATCGTGGTACTATTTGCGTATTGAACACTGGGGAAAATTCGACCGACACGGCATCGGGAAACACGGGCCTACATCCGATAATTACCCAACGACCCGGTTATCGCTCTGCAACAAACTTCCGACCTTCTAGTCTGCATCGTGTAGTCGTCTCATGAAGTTTTGATTCGACACTAGAGAGTATGGAGGGTGTCGCCCCTTAACCATTCACCCAGGGCACGGGCCGCCCCATAGAACTGTTGGGGGTCGGGTTATTCAAAGGTCTCAGTCGGTACCAAGTGCCGCCACTTTCTGTTGAATGTAGGATGTCTGCTAGGTTCTTGGCTAGTTTACAGGGACGGTGCAAATAATAAGTCCACGTCATTGAGCCCATTTTTTAAATGTTATATGCGGCTAAATTTATGATATCACATCGTCACTAACTAGCTTTAAACTTGGAGAGACCCGAAGCATCACGAACCACTCCAATACAGGGATTCCCCCGACAGATATGGGTCCGCGGTTTAGTAAATAGATTAGGCTGAGCTTTGGATTGTACACGACTACGTCAGACACCCGCGAACGCGCCTGCCCCAAAGAATACTAAGAGCATTCTTTGCTTCGCGTTCAGCCGTTTTGATGGCGGTCAGACTCTAAACGGCAACCCAGACAGACAATTTCTCGTAAGTTGCTTCGAAGAGTAGGCCCCCTTGGGACGTTTTTCCAGTCGACGGGAAGGTCAGACGAACACTGAAGGCACCCGAAATAAGGTTTTAGTTCCCAAGGATCGGCCCTTAAAGCTAATCGGCGAAGTTGTTCAGGAGAAGAGCTCTTGTATCCCGTGGCTTCTATCCGGTCACCAGTGCGCTTTACCGAATCCTGTTGGCCTCGGGAAAGTGTCATTATCCAACCCTGTTTGGGCCGATGTTCCGAGAAAAGGTAGATTAACAGATTGAGTGAGTAATGGGCCGATCAGGTTAACAGTATCAATTGCAGCGCACCGATTTTAGTACACTATGCGTTGTACAGTAGAGGGCGCGAAACTCTTAGCTACCAGTAAGAGTCTATGTGAGGAGGAGCACGGATCAGATGCTCAGTTTTCAGAGAGACCGACTCGTCGGTTCTTGATAAGGGCCGGTTGTTATTGGTCACTGAGCTTTCCACTCTCTCACTGGCCCTAGCGGTAAAATTTAAGCCCCTGAGGTCTTCGTTGTCGCGTTCATTTATGTAGACCTATTCATCCTGGCACCGAATGTATATTAGTTGCCGTCGGCCTAACTTTATAACTGCCAATGACCGTAATGCCCTTGTTTCCTACGCACTAAGGTCTGTAGAAATGCTGATAGGAAGTTTCTTCGCCGCAACTGAGCACCCCTCTTACGGTTCATCTCCATTTACCTGTTTATGCAAGGGGTTCCGAAACGAAATCCCCGTGACATTCCTGACTGAATGGAAAACGTCCTGACAGTGAAGATGTTCGTGTTGTAACTAGGAGGATGGATCTTATTAAAGTGGTGGCATCGTGACGCTAATCAAGTAGTCTGCATTGTCAGAAATACATCAACGACAGAGTCGTATACAAACGTGAGCCCTTCAAGGCGAACTACGCCTTTGGTCACAGAACTATGAGACTCGAAGGATGGGAAGCGGCGACATCTGTCCCGCCAAGGGACGATGGGTCCTACGTCTGTACCCGGGCTTTGGCCTTGTACACCTTGCGGGCGATGAGAAGCTTTTTTATGATCTGTCAACTGCGCAATCGCTTCC,1846,48.97,Saccharomyces cerevisiae
SEQ_620788,AGGAATCCGCAGCTTGCTAATGTTGGAATCACCAGCCCTTGACAGGGGGATTAGTCAGCGAATCGATTTGGCCACTTGAGTATGTGTTCGCTGAGTGGACTGGCAGAGCGGATGAAATGCAGTCGCATCACAGAAGGTCACTTCAAGCATAAATGCGTGGTTATGAGAAAGTAGCATCGCCCGCATTGTATTCGGCAATGCAGACTGTTGGGGCCACTTAGCGACTAACTGTTGAGAATCCTTCCCGCA,249,50.2,Caenorhabditis elegans
SEQ_700488,GAACCTGGATTGCGAGGCCCACCATCATGAGCTATCATGACCCGGGTGCGTTTGAATGTCTATTCGCGCATGCGCGCAGCAAAAGAAGCCGCGAGATTCGCAACATGTTTAGGTTCACATCCTGTCTAGGTGTCTTCACGCCGCGATGGCCTATCACAGTCGACCTTTGATCGCCTAAGGAGAGCCTACGACCCGCCCCGAATCAAATATGTCAGCAAGGGGCCCGCAGGGTTTCCTATGTTAGAAAGGATTCCGTGTGCCCAAATGGTATGGCAATCTTTCTTCAAATCCTTTGGTGCACCCTTCACGATCGTCTTCGAGAACCGTAGAATTCGAACCAGACAAAAAGGAAAACAGCCGGTGATGCAGCGCGCCTTGATGATAATTTATCCGTTGGTTGGGTCATTGGGTACCGACAGGTGTCTAGAGATATCGCTGCGCAGTGCACGTAAGCGTGTAGGGCTGACGAGCTCATCCGGTCTCAGTTCTGCCGCTTATGACGACCGGGTTTGTATGCATGATATCTCGAACAACTTGGTCAAAATGAAATTTACATGCCGTAGATCAGGCCAACCTGCGGAACAGCGCGTTCAATTTCCGAGACGGCATTGTGACTTTTCCAGATGTTTTCGAATGCGGAGACAGAATCAGCGTCTGTAATACGCTCGCTGACGACCTGCCATGCCTTGCAGTGAGCCTAATGCCTGGCCTGTACCGATTGCAGTGCGGTGCTGGAAACAGACTACCCCTAACGCGATTATGCTTAGCATGGGCTCGGTGAGAAGATATCGACTGAACTTCCGCTGTACCGCATGTTTACCTTATACGGCGCACTTACACGCAAACGGGGTACGTAGCCTACGCTCTATAGCCAGTGCATGTGAGGCTAACTCCATAATAGCCTAGCTGAGCGGCCCCCGCCAACCTGAATTACGGGAAGGGTGACGGTCGCTGATTGATTCCGCTAGCTAAGACGTCGCTCGAGTTTAAGTTCACTTCACCGCAACAGATCACGTAAGAGGGTTGGATGTTTCCTCACTTTCAGCAAAGGGGCCACAACACTCATGCGCCTGATACAACGAGTCAGAGTCGGCCATAACTAAAACATTACCCATAATATGCACGTCCTAAAGTCAACGTCAATATCCCCCACGTGACGTGATAACCGGGTCGACTCCTAAAAGTCTAAGTCGGTCAGTCCGAAATCTCGCGGCACTCTCAGCGAGAAACTGACGAGCTTAAGATGGAGCAGTCTAGCACTGTAACAAACCCTCATTTTACCTGACCCGCGAATAAAAGTTTCGGCGCAGACGATAAGTTGATCCGTCGTCTTCTCAAGGAGGGCCTCCTTTAGGCGTATCCGGACTATTATTACTGAGAATTCTACTACTTAGGGTCGGTCAACTGACTGGCTGCGAGCACGGAGCCTCGGTCAATGCGGTGGGT,1446,51.24,Drosophila melanogaster
SEQ_389439,ACTAATGGATGGACGGTTCATCGAGAAATAAGGCTAGTGGGATCTTTACAGCGGAACCTGAAAACAAAGGGGGCAGTGCTCTGGTAACAAACGTGGGGACCGATTCCTACTACCGTTCTATCGTTTATACGAGAGGGGGGGGGAGATCGTAACGGATATAGATTCACGGGGTCTTAAGACCCAGCGATTTCCAGGGAAAAGCGAAAGTTGTCCTACGCCGTTGATCATTTACATGGGCGCGGTGGGCTAGATAAACACCACATATGTAGACGCGCAGAGTCCGTATCTGACAGGTGACCCTAGTGTTGTTCCGACAAGTTCCAACAAACTCCCTCGACCTACAGGCCGACCTGCTTTTGGTGCTGTTCCCTGCTGAGAGCTGGCAGCCGAATTACTTCCATTACAACCGTTCCAGTGGTGTTTGATAATAAAATTAGACGCTTAGCTCACCGTGGAGGTCGAACACAGACCCGGAACAAGCCATCGCTCGCAGTACTAAATAAAAGCCAGTGTCTGGCGAGCATCATGTAGAATTAAATTAAAACGCGTCCTAAAGAAACCTGTCGCCGGTTCGTGGACATTATTGAGGGTCA,593,49.24,Saccharomyces cerevisiae
SEQ_118684,GCTAAGAGGGAGTCAGAAACCGCCACTCCGGCACTGCTGTCCCCGGAAGTACAACACAGCGCACAACGACATTTGTGTCGTCTGATCAATTGAGCTTACATGTGTATAGAAGTCGGCAATTGGGGTCCCATACACGTGTATGAATTCATTTTGTGCGGATCTCTGAAGAACAACGTGATCACTCCTGATCTATTGTTCGGTCTACGGTATGGTTTCTAGCGTGCTCATGCGAGCAGTTCGAACATTAGTCGTGGACGCATAGCTCTTTAGAGGCGAATACTAAGGCAGACCTTAGCAAAGAAAGCGTAAAAATGGAAGCGGACACGATTACGGAGCTCTTGTGTTCGAACCCTCAAATGGCTGCTCTAACCAGTCGAGTGATAAGTGAGCTAAGGGTATTAAATGCACCACGTACGATAGCAACGTTCCCGTCGGAGTGCGCCATTAGTCAGTTGCGTAGAATCTCCCATTGGCCACCACAACTGCCATTCCAATGTAGACGCTCTCTTTTCCACACAACCGTATCCCTAGGGGCAACACTGCGCGAAAGAACATGGGGAGGTTCTAAAGTGAGTTCTTTCGGAAAGTTTGAGCATAGGGACCGCGGTTGCCGTAGACCTAAAAGCTTTACCAAATCCTCATAACTAATATCGTCTCACTCCCCAATTACGCCCGGCGTAGAGACTAGTCGGAGGGAGATGCGTTTCCTCGACTAAGCTGTTTGATAGCTTGTCTGCCCTGTAAAAGGCGACGTTCTACGTCACTTTGGCACAAATACGGATACTAACTCAAGCTTTGTCCTTGTCATGCCTTTTGATAAGGACGCGGTCCGGCGAGTAGATCCGACAGCGGAGGACGTGTTTTGAGCCCCACGGTGGTGCTGCCCGACTACTCAAGTCTAAAGGTCTTAGGTTTATTGTCCGGGGGGTTCAAAGCGGGCCGATCCAACTTGAAGGCGAAACCCGTTCCTGAGCTCTCCGGTGTTGACACTAGACTCCAGTTTAGTAGGAACTATCGGTTGACAGGCCTTTGCCCCGGAGGGATGCTATATTGAGCTATTTCTCCACAAGGAAGTCGATCGTGCCATCCTAGTAGGTGTTAAAGCCGTGACTGCAAACGGCGAGCACCGTCTCTGCTCTCATGACGGTGGTAATACGCTGTCTAACGTAATGCTGATTCTGTTAAGCGACTATGCATCCACGGAGGTACGACGACCTCTGATCGTGGCAGTTTCTCCCAGATCAATGGCCAGAATGGTTGGAGTTTTGCTTGATATCGATATCATGTCAACCCAGTTCCTCAAGCTTTAAATGCGAGTGTCCCTTAGAGTCGGGCTGATTACTCTATGCTACCGGCCTCCCACTAGTAATACAGCAAATAATCAGCATTATACTCGAAAAGGCGTACCGGTCTTCGACAAGTCTTGTCTTCGTAGCAAGTGGGCCCCATGGCGTAGTCGCCGCGGTCCGACGCTTGACCCGGCTCTTAGAACGTCAAAAATCTATACCGCCGGAGTGAGAACAAAGCTTCCTTCGGCAGTATGTAGACACCGTGCTCAAATAGCAATCTTAAACATAATTTTGTTAGCCATTTGCACATTGGCTCAGTCACGGATCGGCGACCCTATTCACCTTACAGGTACCCCGTGTAAATTGGTTTCGTGGAAAGGAATACTCCGCCACGCAGTGTAGTGGCTGTGAGGACAGCTCACAACCCGCAGGTCAGCGCTGGCCTAACGCCTGACACGGATCCCCCACCGCGGGAGCTGAATTGACCCAGTAGCAGACTGCACAGTGCAAATTCCCGAAATGGGGTATCCTCCCGCTTGGTATATCGTTATATTTAGTGCCGCGCCATACAAGAACAGTATCCATCAATA,1879,50.08,Caenorhabditis elegans
SEQ_376640,CAGCTACCTTATTCCCAGGGTACGCCTTCTTCAACTACGCATTTGCGCTGGAACGTGTCCGTCAGCCCGATTTGGCTACGAAGCACAAATTAACCTACAAGACGATATAGCGTTTGAGCGGAACCGCATTGCTGGAACAATGGCACCGGATCCTTTAAGGCACGTGCGAGTTTAAGCACATATGGAATGTCTCTGCAGACGGGGCTGAGGCATAGACCATCTGAGACCTCGTCGGGATTCATAGAGCCGCCTAGGGACTACTTAAGTGAAGCTGCGCTAAAATCTCTCTGGTATGGTAGATGAAGGCCCTGACGACACATTGTCGCGCGCCAGGATAAAGGGCATTGGCTGGCGGCGGCTGTTATCATAGAGAGTGCTGAGCGCCCACCGGGCCAGGACCACATGGACCATCGGACATCACCTTCAGCTACGGTATTACCCGTCACGCTCGTGATTGAATATGCGTTGAAGGGAATACAGACCAGCCATCGTTGATCGAATAGGTAATTAGGAGTGCGATAATGCGGTGTAGCCAGTAACCGTAATGACTTGAACTTGGCATAGTCGTGTCATGCCGTTAGAGGACCACGTGTTCGGCACTGAAAATCAGGAAAGTCTTTTAAAGGGGGAGCGTGTTCCCATATAGGAGACGTCGGGCAAGAGACAAGAACCTGACTACTCTAATATGAACGTAAAACATGTTTGGGGACGGTCGATATACCTTGACCGAATAGAGCCGGAATTATTTATACTCATGTCAACATATCACGCGTGCATGGGGGATAACTCGTTGAGTCACTTGAGACTGTTCAATCAGTTTTAAGCAGTAACTAATACCTGGCCATACTGGGGACAGGTGGACTGCTCCCGGCCTTGACCGCGGTAGAGGATCAAGGGTGATTGAACTCCTCCAGATGGGGAGTGGCTAGCCCTATATATTCCAAAACCACCGCCCGGCACCTACGACGACAGAATGTACAAATTGCGGTCTGATGGGGTGACGATAGTCAAAACATGTTCAGATTCCGTCTCCGACAACCCTCGTCGATCCTTACGTCTCGCCCGTAGACGTATTTGAATACTGGAACATAGGCTAGAGCCAAGTTCCGAAAAAGTTAGCAACACTCCAGGCCACCGCCTCGGTCAATTCCACACGGCCTTTAGAGAGTTTAGTACAGCAGGCATGTTACGTGCCTAAAGGATTACATGAGATAGCACTGCAGTATTAGGCGCCAATAGTAAGGTGTACAGATGTAATATTGTTATCAGCATCCTACCCATTCACACTGCATTCCTCGATCGTGTACTCTCATTATTACGGTAAGGAGCAGGTTACGCAACCGGGATTCTGTAGGTATCCACGTGGCTAACCAGGGACGCATCCTGTTTCGACACAATCTAGGGTCGTATATGAGACCGGGATGAAACCCGTCAGCGTACCACTCCCATATGCTTTATCACATACCGTTACGAGACTCGGGAGTGTGTTGTTAGCTCAAATTTATCCAGGAATTCAAGGAACGCGTGTGCCGTCTGCCACCACC,1544,49.74,Homo sapiens
SEQ_568112,GCACATTATATCCGTCCTCACATGCCCTTCATCGCCGAGTTAGGGGAATAGTAGCGAGAGAATTTGTGCGTAAGGAACCAATATATGGTCCCTATGTGCTGGATTGCTCCTTAATGTTAACGAGCCGTTTCTCAGTATACAAGGGGAGTGGGAACGTAATACGTGATTGCATTGTCCTGGGGTATGCGGATTCGGTTGGATGCGCGTTTGACCTGGGTTGAGATAGTCTCTGCCCGACTCTCTTCAGATCACAAAAGGACTTGTTTTTGTGTTGACGAAGGCGAGAGTGGGACAAAGCATTCTAGCGCACTTCTGATCTGCACTGCATTAAGAACCGGGCGTGGCATCGGGGTACCCTAGGACCTGGGCTTGCACCATGCGGCTCTGGCCGTGTGATTAGTCCTTTAGATCCCCCGCCATGTTGGCGGCGGCATAGGCAAACCCAATAGACCTGCGTACGCCCCATAAGAAAGCCGCTTAGGGTGGGAAAAAGTTCCTACGAAACTGAACGCCTGGCTCAGGGCACAGTCAGGAGACCGACAAATGGAACTTTCTTCATCGCATAGGAGATCGCTATCTTATATGGCTTTTCGGCATTGCAACTCTGCAACCGACCGCACTGTATACAGAGTCTGTTATCGTTGAAGAGGGACTACGAAATTTCGAATCTATCGTGGACGAACCGAACGTTCCTCTACAAATGTACAATTCAACTCCTCACCGGGGCCGTAGAACCAGGGGGCAATCCCTAGCATGTATTACGATTTGATAAGCTTTCAAGAGATGGGTGACAAGCCCAAAAACGGCGTATGTTTTACTATGACTAAAGCGATTCGGGAAGAGGAGGCTCCAACATTTTCTACGTCTGCCGTCCCGTAAACATAGCTTATACGCTCGTGTCATCCGAACAAGATGACTATCGAGGTCAGCTTGCACAGCATATGCGCCCCGTTCTATACCGCGAAGAGGGGCGAGGTTCTGTGACATCAGCCCAGACCCGGACTAGGTGCCTCCTATCAATCGACACGAAACGGCAACGCTCCGTCCGTCGCTGAGTTGTAGCACGAGGCTCGCCCTACGGCCATGATGAGAGTTTTTACCCCGATTACTACCCTCTTTTTCTAGACTCTGCACAAATTCTGTGTGCCGGCAGCGACTGCCT,1162,50.95,Homo sapiens
SEQ_939627,TAAGGACTGATGAGGCAGGGAATGTATGCAAACACGATTGCTTTGAGGAGCTTAGCGCTTTCCGGCAGCGCGGGAGTAGGCCCACCAGTTGCCGCAAAGCACACGGTTTTCCCGGTATTCAGACTAGTGTATTGGCCATGGGAGCATAAATGAGAGTTTAATCCAACAGTCCGTTTCCAGGCTATAGTCCGTCAGCGCAAATTGGACGAGAACATATTTTACTTCTTGTAACCTCACTTGTTTTAAAGTCCTCGGAAGGCTGGGACGTCACATGAACCTGATACGCCAGCGTCATCACGCGGCTCACGGGTCTACTCAAGGACTAGTGTGATACAGTAACTATAGAGAAATGCTAGTTCTAGCGGCCCAGAGAATGACGGTCCGGACCTGTGATTGCATGATGCAAAATCTCTGCCGGCCCCCGGTGGGGTTAACCGGGAATGTCGGTGCGGAGGGTCGTATTCTGTGGAAATCAGACTAGCGGACAATATTTTCTAAGAGTCAGGGCGGTGTAAGTAATCGTTGGGCTAGGATAGATACGGTTACACGAACCTACTTGCAAGTCAGTGCCAGCTAGTACTTTGTGACATATGGCTTTCTCAATGGTGTCTTTCGTAGTGCGCACAGGTTCTTCCCAGCGCGTAGCCAGGCGGATCAAGATGGTCAAGGGGCCTAATCTACTCGTGCACCAGCACCTAGGCGTGACTCTTTACACTTCACATATTGGCAGCCTCCGCCACCCGCCCTTCGTGATAGCACATGTTCGCCTAACTAAGTGTTAAGCCCGTAAATTTCCCTGTTTAGATGATCTCCTGGTTTAAAGCCCCGAACTGGACACCTTCCAAAGCGGACCAAATCCCAAGCGTCCGATGTTTAGTCGCCGGTGCATTGGGCTTTACGGATCCATCCGTTGAGTACTCAGCACGTTCCGTAAGATCCTTAGCAGGCTATGGGCTTCGCCTTGCTGCCGGGCAGGAAGGATTCACGATGGAAAAAATACGTAACCCTAGTTTTTTCTGTCCCTACGGCAATACTGCGGCGAACCTAGCACTGTCCCTGATATGCACCAAACGTCCTAAGTAATATTTGCGTGTCCTCTGATACCAAGCGTTTGAGCGATTGCTCATGGCGCGCTTCAGCAGACACATTCCAATTTGAGCTTGCGGAAATCATCCCGCTCACGCAATAGCTCGCCAGGGCAGTCGTGAGCATTGGAGAAGACCAGAGTCCATTAGTGTTGGCTTGCCTCAAAAGCTTTAGTCGTGTCAAACGCACACGACAAGCTCTAAATGATATCATTGACCATCAGCTAGGTAACGTAACTGCGATATGGCATTGACCCATGTAGCCAGGCTAACATGACTACCCGACTATCCCAGGTATCCATTTTTTAGAGAACAAGCTCATGTAGATGCATTTGGCAAGATATATCTTTCATGAAGACTCTCCAACGACGCTACTATACGTCGAGAATGCTATAGACAGCATATGTTGAGCTGTGATCATCTTCGCAAGGCACCCTAGGGTAGACGATCACTATAGAACGCTTATGTGATAAGAAGGGTTCGAATTGAAGACGAGACACGCCGACTTTGAATATTATAGCCGTACTTCACGTTCGGGCTCGTTAGAATTGGATTTGCCTGCACTTTGTGAGTGGTATGGCCGTCTGAAAAGACCCAACGCGCCACTCCCAGGAAGGCGTACTGAACTAGTACATGTTGATACAAGAATAGCATATTGCTATGTCCTTTGTGAACGACACCATCGATCAGCACCAATGCAGATCTAGACGTAGTAAAACCTCATTATTAATAGTGCAACCCTTTGCCCTTTCACTCACGCGCCCATTAAACAGCTTGAAAACTCGATAGATTAAGCGATACCATGTTCCCTAAATTTTACCGGAAGAAAACATACCTTAA,1925,48.26,Arabidopsis thaliana
SEQ_914180,GAGTCGAATCTCACCCGGCCTCAAGGTTCAGATCGCCTACTCAGGGAATTCGCGATCTATTACGGTTCCTCATGTGCGTAGAACACAAGATCGTTAATGTTGGTCGGCGGTGAGAGGCGCTAGATCATTGGTGAAGCTTCTGGTATGCGTCATCGTGGATGTAGTAGCGAAAATATGGGTTAAAGCCGAGGTGCCTGACACGCAAAACGGCCTCACACAACATGCTAGGCTCCTACAAACGCCGAGGTTTATGCACATCGGAGAATGTAGGGCGGACGAGTAACACGTAGCACCTTGGTCCTATGCCTTAAGTGGCAACTTCCTTCATATAATTACTAACCTAAATAGGATGAATCATAACGGCGCAACTACTAGTTGAGTCAGTAAGGGTTAATTGAGGATAGCGTTTCGGATGGTATCTCAAGCACTGCATTAGATTCATGTTCGTCAGAAGTAGCTATTAGTGAGTGCGTACTTTCACTTTAATAGTTACTCTCTATGAAACCGATAGACGCTGTCTATATCCTACCGCCCATGCGAAATGTGTATTGCGAGCTGCAATACCGTCTCTTGGTCGCCCTTGTAGAGTGGATCAGACCAATCCGTGACTATCGGGTAAGATGCGGACTCGTTAACAAGATCGCATCATTACGTGAGGAAAATTGTAGGTCA,672,46.73,Escherichia coli
SEQ_215603,GGGCTTATCTGATCAGAAGCTACGTAGCAGATTGTGATGCGAGTTTCGTTATGCTCAGGAGTAGGCGATCCCTTTGCCCAGATGAGGGTTTAGCAAGCTTAGATTTCTACTTATAGCAATATTGTGCCGCCTGAATCCTCTCTCAGAATCGGTATCACTGAGAGTTGAGATGAGTCCTGATCGTGTTCCGGCTAAGTGTAGGGGATGTAACTTCCCCTTCTAGCCAATTACCATATGGTTCAGAGCATGGCATCCAAAGGCTTTATGATAGCCCAGCGTCTTTAGTTATGCGGGCTTCGATTTCTAACCAATCGAATAAACAGTCGGGCGGCGGTTTTACGATAACCAAAGAGTCACTAAAGTGCTTAGCGTTCGGGCTTAGTGATAGATTGTCGCAGTCAACTAGATCCCCCCCGCTCCAGGTATCGGGATGCAGTTAGGTTAACACTATAGGGTCGGACGTAAGTATACGAAGCAGAGACTAAAAACTGGGCTGTCTCTGCCCGCGGGTTCCTGGTGGTGGGCTCGTAAAGGGCATGGACCCCTCGTAGCTCCGCGCGCTGATGGCTGTATGAGCACCGACATACGCATGGAAAGCGAAAACATGCGATGGTTCGGATGCATGGTGCCGACACGGGGGGTTCCCGGGAAATGATATTACCGCTCGCCGCGTCACATAACGTTAGTATGGCGCCTGAGTCGAATCGCAGATTCCCTCCCGTAGGACCTCCAGAAATACGTTGGGCGGGGGGTGGCCGACTGCGTGCCACCTACCTGCAGTTATTTAAGCTCTGTGGGCTCAAAAAATTGTAATGGCCCGGGTTGTCAATCAATCCCATTTGGTTATATACCTTGACTGCGAGGCTGACGTCATCTGGTAAGCGGAAATAAAGTTGCGGGCTTGCTCCGCACGGGGTTACAGCGGACAGTGCAGAATTAGCTCACCATCCCCTTTCTCTTTTAGCCTTACTTAGGCTACGCATAGGCTGCCCAAGGACCCCCACGTACCGAGGGCGTCGAAGCGGCTTGCGTAGCTTGACGACGAACTATAGCACGCGCGTAGTCCTTACGTGCCGGGCTACCGACGCAATATCCTGATGGATGCAAAACGTGAACTGAATAAATGAGGATTCCAGATGGATGTCGTCGCTGACGAGGCGGGGGGGCGACTACACGACGGTACTAACCCGCAGCTCTCACGATGGACGTACGAGCTAGAAAAGCTCACGATTCCGGGGGGTTGTTAAGGTCCGGGAAAACGGTCGTTATCTCCCCTGACAGGCGGCAGCCCTGACGAATACTAAATAATTAGAACGGCGGATCTGGAACGCAAGGGGTGCTAACTCACCAATCATATCTCCTGCTGGAACCTGCCGTGGTCCGACTACCGCACCGTCGCTCAATCGGCCGCTTCCCTGATGTCGGTTTACAAGTTATAAACTGGTCTTCCCTATCCGTGAATTGTGTTCGTTTAAGAGGAAGCGGCGACGAGATTAGAGGCAGCTCAAGTTGCCTCCAAACGTTA,1525,52.39,Homo sapiens
SEQ_966246,GGGGTTCGGTACAGCCTGGAAAACCCCACTCTTACTACAACAAGAACTTATGCAGACAATCATCGGCCAGGTGTCTTCCATCTCCAGAATGTTCGAAGCTTGAACCTGTTGGATAAAGAAGGATAAGCCCGCCATGGATCGTTGCTAGGAACACTTCAAAACCGCCTGGAGTTGAAGGGCCTACTCGGGTACTTATAATTTCTCAAACAGCAACTCCGTTTGGGCAGCGCTGATTTTGTGAGGAGATGTGTTCGGTCGTGGGCGAAAACATGCCAACATAAGATGTTCCATCTGGATTTGCACTGAGTTAGTTCCCTCACTTCCCAAACTCCAGCTCGAGGAACTAATGAAAGCGGCAGCAGTTAAGCTACTACGAGACCGACGAGATATTTAGACAAGTACTCATGTTCTTTACTTGGTCGACGCGCCCCGGATGTCGGCGTGGTGTTCGACCTGTGATTGTTAATCACGACGTTCAGGTTCCACTATTAGCTCTGGTATATGCGTAAGTCGTGGGCTCTGCGGAGCGTAATATCCTAGAAGAGTCTAGCTTGAAAGCCTACCTCCATGGCACACAGAGTATATCTGAGCGTCCTAGGAAACTCTGAATCTATGAGAAGTGATCCTCCTACACTTTCAGCGTTTCGTACTCCTCCACAATAAAGGCTAGTGGTTACAGGAAATTACGGTGACCCGGTGTTAGGTAGTTTAGTTGTGCAAAACTCCAAAAGATAACATATACCGGAGCCCCGATGTGTTACGTAGATTCGCCGT,774,47.67,Homo sapiens
SEQ_500446,TAGTCGCGATGAGCTCACTTGACGTATTAATTTTCGGGGCCACAAGCCTCGAAGCCGCGACGGGAAAGACCGTGTCACTATATAATCTTGATGTGATACGAAAGATAATACCCCAGCTATTATGAGGCACCATGGGTTTCCATGAGGGCACTTAGCATAGTGGCTGGCTGCTCGCCATAGATGAGGTATTTATGGCCCCTTGTACTAGTACTGTCGAATAGAAATCGGATCGGGTTGCGTGAATATCAGACAAACACTCAGGCTTTAGCTCGTTAGAAAATAGTTAGTGCTTGAGATGCCGTGATTATGGTAAATCAACGAGCTAGTATACGCACTCTCCGGTAGCTTAGGCCATATTAGATTCGACAGACTACTAATGTGACATAATAAAATCCGGCTTGAAAGATGCTT,411,44.77,Caenorhabditis elegans
SEQ_632651,CTGCTAGATTGCCGCGGATCTCGTGTCTGTCAATAGTCCTACCTTCTGACGGAAGTCATTTAAGTATTCCAACTTAGCAGGTGTCACTGTTCACGCTTCGAGAATGGTCCGGATACACGCTTAGTGAGCGGACACTTGCTAGTCTGTTACGAAATCCTGGGGCTTGAAGCCGCCATGCTCAAGCGTCCACCAAATGCCGAGAGCAGACCTCAAGCGCTTTCAAACCGACTCGCGGCGTCCCCCATTAAAATCCAGTATTGTAACCAGTACAGACGAGTATTCAACGTTGTAAATGCAATAGCCCTATCTTGCGATTGCCCGCTTAACAGAGTGCGCCGTCGAATTTACATCACATGGCGCCAGTTCGACGACGGGGCAACGCGCCGACGACACCTACTCCTTTAATGCGAGCGACGCGCCTCCGTATTAAGATAGGAAACCGTTACTATACCACCCCAGAACCCGTGTGATCAGGCCGAAATGCCTTGATGGATTAACCAAGCCCTTGGCGACGATGGAGTATGTCATAGAGGTGATTGTGCGAAGGAAAGCGAATAAGAATTAGTGATCTAATACTTGGATTATCACACTTCTAATGACAACGACTAGAAGGCCCTTAAGGAAATTGTA,630,49.21,Saccharomyces cerevisiae
SEQ_150043,AGCTACATGGAAAAACTTTCCGCGTGCAGTCACGGAGGTCAGCCTAGCAACGCACAGTCTATTATTCGTCGGGCCAGACGACTAAACGCGCCTAGACACTGGTCCCGCTATGGTGTAATCATATTACCTCCCGCTCCAGCCGCTAATGCGAATGTTAAAGTAGCCGATGCGCAAGTCGCCTAAGAACGATTCCAGTCATATATCACACCTATGAAAGGATATCTACATTAGCGTGCAGCGTGAAATGCCCCATCCTAATTTTAGGTCAGGGGTACCCGAACTCCCCGAGCTTCGACTCGCCTAGCTCGCGGATGATACCGACAGCAGGAGTAATGTGGGTCACCCGCTCGGCCCCGATGGGGTGCCTGAGAGTGAGAACAAGCCATCCGCCCAACGACGCGACACAGGCTAACCAATGGAAAATCGAGGTGGGTGTGCCGAGGGACGCGACGAATGGTCTTGCTCGACTAAGGGCATTTTAGGAAGATCTTTATGCCGATGTCTATCGTCGGACACTCTTTACCATACTTGGTAGGT,537,52.89,Mus musculus
SEQ_984241,GTTTTGACGTCTGCCCGACCTCAGACGCCGTTAGAGAGTTAATCACGCTCTGCCCCAATCTCTTGCTGTACCGCTGAGGTAGAGTTCAGTAAATTTGCCCCGCCCGGGGTATGCCTAATGATAAACGTCCGTACTAGATTCCCCTCACGAAAGGCGACTAATGACCTGCGTCCGGGTTGCCTTAAAGACCCCACTTACGTTATGTCTGTTTAAGCCTGAGGTTTTGCAGAGATGAACGAAGCAACGCAGGTCACAGATAAATTACCCATTGCAGAGTAAACCCGGTATACCTTAGCTGGCGTCGACTTAACGGCAGTATATTTGCTTCTCGCAGCCGCGTCCCGTTTAGGTATTAATGAAGAATCGAGGAGCATTAATCAAAGTTTACCGCTACTTAAAATCGTGGTAATGTGCGATTGGGCCACTCTCCTGTCACCTAACGCAGGTCGGCAGCCTAGATCACCTATCGCTCACCTTAGCCACTAAGCGTACACTATTGAGTATTGTTGCTAGTTGCTGAAGAATGTGAGCCCTACTGATACCATTACGAACGCGCCTAACAATACTAACAGGCCAGGCCAACTGCCCGAATTTAATGCTCGACATCGCGGCCGGAATAGGCTCTGGACAATCCTATCTCTCTAGTTTTTGAGATCAGCATATCGCCATGTGGGTTCCCTAAAAATACCATACAGTGGCGGTAATGGGGCGACACTCCTCTGATTGTTGGGTCTCGCCCCTCCGGGCACGCCTGAG,756,49.87,Arabidopsis thaliana
SEQ_845467,TTCGTTGACGTCAGGGGGGGAGCGGACTAAGAACATACTACACGGGTGTTCGTGAGCACGCGCCATGTATGGGGCGCTACTCTCAGTCCGACACACGAGCACTGTTGACTGCTACTTCTAGAATAAAATACACTTTCCTGTGACTAGCCTCCATTAGTGGAGATTCTTGTTGAACCTTGACTCTCGAGACGCCTAACCGCCGCTGCCATGACTCCATTAAGGCTTGCGGCAGAGTTATAGGCACGAGGGCAATGTTATACAAGGTTTATGCAGTCGTTAAATAGGCAGTATGCACGCGAGATTAAGGCAAGGTCAACGACAGTAGCCGGTAGCACAATGGGAAATGTCACTATATAGCTATCGGTCCACTCAGTTTCATCGTCCTCCCCGTACTACTGTGGGTGCGGTGGGGCGGTGCGAACCTCAAATGCCATACCCTTAACTGGATGTCCGTTAGGTCGCGCAAACTTTTTGTTGAACATACGAACTTGTGTCACAAGATACGCCACGAAAAGACGTAGACACAGCTTCCAACAGAGATCAACTTAAACGGCACGGGGCCCGAAAGCGCAATAACTTTCATTCCCACATAGGACAACATTCCGCACACAAAGGTATCTAGCACTGTGAGGTCTTCAACGGCATCCCCCTAGAGAAGTTCCGAGGCGCTTTCTGTGTACTGGAGGTGTTTCTTCGGGAATCACACGACAGCCTGCTTGGAACTCAATAGCACACATCGGACAGCGAGGCAGACAGCGCGAAGCGGTTCCTTTTCGACACCGTTGCAAAGATAGTCTCGAAGAACTACACCGAGGGGCGGTCTCTATGTGTGTCCAGGAATGAACTCCCATGGGTAAGTGTGAACCCGGAAGAGAACTTTAGTTGATGATATGTCAGGGGTGTACCAGAGAGCCAAGCCGAGCGCTTCGTACTTGAGTGAAATCGGAGAGGGCGGGACTTATCTGGAAACGTGGACCCAATTATATTATCTTTTGTTCTTGCATACAATAATTTGTCCCGCAATCCGAGTTGCAGAGTTCTTCTCTGCAGCGCTTCGTGATTACGTGGAGCCTTGCCACAGGAACTCTCCATATTCCCGATATAGGAGTGGAAAAACGGACGGTTTTAATATCAAAGGCCCACGGCACGCTTCCTTGGCAAAAGTACGACTCAGGATTGAACTGGTACACGCGGAAGTGGCCTGTAGGTACAAGGGGAAGGACGGGACGGAGTCGCTGCGCTTAACTGGGCTGCGTATTGTCAATTGTATGAAGGAGACACATTTGACACGCTCGGGGAAGTCGATGGGGAAATGTGTGCAACGTCATGCCAGTACGATTCATCCAGGTGTAAGTAAATATCCTAACCCAGAGTGCAAACGTGTTATTCAACCGATCATACCTCAGCTGTGTTCAGCCACAAATTT,1426,49.86,Arabidopsis thaliana
SEQ_194850,CTGTACTATCTAATAATTCAAAGGATGATATGTTAGGATTTGGTATTTCTGGTAGAGACAGTAAGCCATGGTTTCTGCGACCGAGCATAAGCCCCAGCAATTCAACAGTGTGTGTTCGGCAACCGCGTACATCCCCTAGCTAAATAGGTGCCTTCCCTACACGGCTGAGGTTGGATAGTATAGAGAGCATGAAGAATTTGTTACGATGTGGTCAGCACCTGTGCACATTGGAAAGTGCGGGTGGTGTTCTCTTTCAAATTTAACTGCCGCGATATGAGTATTGCTCGGGATTTTCAGTTTCGATGCATTCCAGGCAGCTATTTCGGTTCGTAGGAATGGGGAGCACCCACCGCGCCGTTCAGGACTCGCGGTCGCGGGCTCGAATCGATATCGGGGCTTCTCGAACCTAATCCTGCACCTAGGAAATGACAGCTAGAGCCCGACTAGCAGGTTTATTTCGCGTGCTCACCTTTTAGCGGACTTTACGCGCACACTACTCACGGTCTTTTCTAGGTAACGGTAGTTAGCATAGCCGAATATATGGAAATGTCCGTCTAGACTCAGCGGTCATGTTTGGCATGCTGAACTCGTGGTTGATTATTAATGATTACGGCCATCGAGCGAGCCGCAAATGGAATCAAAAAAGAGGCGCATACTCCCTGTGTCGCGTGATGATTCGAACCTCTCAGTTTTTACAAAGGCGGGGTGAAGTATAGAGTACAAAATTCCTACTCCCGGGGAGGCATTTACTATTAGGTAACGCCTTTTGCAACGTCGAAGCGGCAGTACCAATTATAAGTTTTTTCACCTACTTCGTCCCGAGGACGGCCTGAGTTCAACCGTAGATCGATGTTAACAACCTCACTGAGCTTCCCCTGGGAAATAGGCCTAACCTCAAGACCAACCTACGGTGTCACAACGACCCGCCATGCTTACAAGACCATCGTTCCATCATTTTTGCCTACGTAGTTCCGACCAAGTGGTATCCTATTTTAGCTTGCTGATACCGTGAAAAGGTCATGGGGCTCCTGACTTACTTGCCTAGACATTTAATGAGCTAGGTGAAGCTCTGGATCCCTACAGAGGATGATAAGACCAAAAATGAGCGAAGCTTACCAAGAGCGTTCGTTGCTAGCTCATGTAAAGTCCTGAGACTGCGGTATGTGACCGTTTCTATGAGCTGGGCAATTTTGAATTAATCGTGTCGGTTGCGGACAAATCGGAGAAGGCGGATTCGGTTGTCTCCCGACCGCATGTATGACGTAACGTTCTCAAATACCTTTAACTTCATGGATGAGGAGTCCTCGAAAGGCAGTCATATCAATCCTCAGTAACAGATGGTTATGCTACAATTTACTGGGCCACCTTCGACATGGGGAACTAACCACCCCGAGAAGTCTTACAGCACTACTTGTAGTACAGACAATCGTAATGGTGGGAGCCTATAGTAGACGGTCTAGGACGAGCATAGGAGCTATGCCCTTGGATGCTTCTATTCCCCTACTAATCTGAAGGATGGAACTATGGTACTATAGTCTTACAGGTTTAGGTAGATGTAGGTGCCTAGTGAGGATAGATGCTGTCCAAGGGCTGGTGTTAAGTT,1603,47.47,Arabidopsis thaliana
SEQ_820587,TCCCTACGAAACTACCCGTCGCTCCAGACACTGTTGCTTCAGAACCCAGACAGCTGCCGATGCCCCCCTCCATCAGTACCCTAGCCTGACCATTGTTGACCTCACATCGTCAAAGTTGACGACATTATTGTTGATTATCACAGAATGACCCCTTAGCCTTATTGTGTTGGCATTATATAATTTCTACCGTTGTACCAGTCGAGCATTACACTTTCTGACACGTTGGCCGATGAACATCCGGGTCTGTCGCTTTCCACTAGTAGCAAGAACTTCTGACAGCGTCAATAGCTGCTGGTATGGTAAACTATATGCACCACAGCGAAGAACTCCAGGTTATTGATCACGCGCCTAACGTGGTGATGGTCGTGCTGATATAAAACTTTGGTGGACGGTATCAGAGCAGGGGGCGAATGAGCTAGGACCCACCGACTGTCCCACGTATCGTCCAATCTCCTATAAAGGTAACGGGCTTATCTGACCGGTCAATACAGTCATTACCATGACGGCCGAGCGTAACCGCATGATTGTTCAATCGGCCACCGGCGACGTCGCGATCACATCTACCTGGGAGATATGAATACAACATACTTGGACCCAAGCCTACGGACATTTCTTAAGCAACCCTGCTGCCCCAATGAATCGGACATGTCGCGTAGATGGCCCTAAACGGGTACCATTAGACGCAACGTCCCTTACTAGGGTCTGTCCGCTGTATTTGGCAAAGAACTCCCGGCACGTCGAATTGACACCTTTGGTTTCTATGATTCAGCCACTTAGGAAAGCAGGAGGGGTAAATACAATGCGTTTATGCGATACGCCGATGATAAGGTTGTAAACCTAATGTAATCCAAGATGTAAGCGACACTCGTTACCGATACGCGTAAAATCGGAGGGCGGCTGCAAACCTCCAGTGGAGGAGTCTGTGATACCACTCCGATGCCATTTCTGTAGACTACGCAACCAGACCCATCGTACGCCCACGCCATCTCACTTCACGGGTTCGGTGGGGATGTATAGTAGCGTATACGACCAGATGTTCCAGGTTACCTCGTAGGGCAGAGCTGGTGAGCCTATCTGTTCCTAACTATGGCTGTTGATCGGAGTGGCCCGCTTTCTCTAGGTTATAAGCTAGCTCGGTATCCGCAGTTGCAGTGCAAGCCATTACGTTAACGCCATGTACATTCCGCCCACTCCTATTTGCGGGATCGGTGGTTGTTGAAATATCCCATTACCGAAAGATAGTTTTTTCTGAAAACGTTATGTAGACTCGACCTAGGCTGGAAGACTGAATCCGATGCTTGCGAGTTGTTTGCCGTTGTTTTCGGTCGGTGGCCCCTTGGCATCTGATTTTGGTGGCCACTCCTAAATCCCCATCTAGGTCTGCTCAAGAATGCATCTAGGCAAAGCCCATTGGCTCGTGCCTCGCGCCTTCTCGGATCATGCCCAAACACGCGTCTCATAAAACAGGTCGTTCAGTCGGAAGCGCCCATATGATATTGAAATCAGGAAGCTTTAGTACCTTTGACGCGTCGCGGCTCCAGCGTAGCGAGGTGCAACCGGTCCGGAGGATGACTCCCGCTGGCGACATAGCATCGAAATAAGGAGAACCCGGATGTAGGGGGAACCCCACTGGGAAATGTAAAGGGC,1647,50.58,Saccharomyces cerevisiae
SEQ_397605,ATAACAGGATATCTTAGAAATGGAATCAGGCCTCCTGAGTACGTGCCAAGTTGGATGTGTAACTAAGCGCAGGGAGTAAACGGTTATGGGCTCTGCATTCCCACGCTCAGATTAGATTTCCAGCGAACCGCGCACGATACTCCTAACCAACCTCACCGAGATCTAGGTTGAGCGTGTGGTATACCTGGTCAAATTACAATAGGCGGGCGTCAACCATTATGGTACATATCATGTGCATACGCATTTGGTCATGTAGTACTAACTTCGATGCAGGTGTAAAGTTTCACCCTTGTGGAGCTATTGCAATACCAAAGTAATATTATATAGGAAATGTCTATAAAAGACGATGCAATAGCAATTGTCCTGAGATACAGTAAGGAACGCGGACCAATGATAAGTACAGCGTAGTGCGCTGACGCGTCAAAGGAAGCCCGGGGAGGAGACAGTGTCGCAGCTCACTCTAGTCTGAACTTTGTTCTGATTGTTCCACGCGTTTCCTACTGACTTCCTCTTGGGATACACGGCCCAGGGATGGGGTGTCCGAGACTTAGTTCGAAGAATTACGCAGTTCAATCATCGACCCCGCTGATGTTAACTGAAAGACAGCACCCCGACAGTAATGGGGCGAACCTGCTATGGTGACTCGAAAGAACTGACCAGTCGTCGTCATTCGCACAGGAGTATGTTACTGGCGCACCCTTTTTCACGTAAAGCCTCTATCTAATTAGCGCGAGCTCATAAAAGTCACGTCGTTAGGGGGGTTTGTTTATGTCAAGTAAGGGAACTGTGCCACGACCGACATTCCAAGTGTTGCCTGGGGCTTTTGAGTCAATTCAAATGAAGCTGTAACGGCCTTGACTTGGGTAATATGGGATTCGAAGAGTCGAAACTGCTTTGTTAGTGAGGCAAAGCGTCATACCATGCGGCCAAAGATTGTTAAAAACGTGGATGGTGAGGTTCCGGAGGGAAACTATTGGGTACCATCAAAACTCCTCGGAATCACATCACGTGGTTATTACAATCGCGCTTATTTCGTGTGCACCTTGACGAGTCGAATAAGTGCGGCAACCAGGGCGAGGACGATTAGACACTATGCCGATTTTGACCGAGTTCTAGGGTTAGGCGTGGACGTTGGGAGTGTTATGTGAGGTACCCAGACTCCTTGCAGATCTACACGCGCCTACTGCTTTGCCGGGTGACACCGCCGCCGTGGTACGGAGTACCGAAGGATGTGAACCTTGCCCGCGGAAACAACGAAAAAT,1262,48.49,Escherichia coli
SEQ_303413,GAGAATTTGTCTCAATCTGGGTGACAGTAGCTATACTGATCCGTGTAATTTTCATAGCTTGTCAAATGGATGAGAAGTAAGATTCACGTTAAGCCGACATCGGGGCCTTTGAACATACCACTGCAAGTCGCTGACTGTTAGCCCAGTAATGCCTTCGGTTATTGCCCTGAAGGCAATGCACTTTGGGAGCGTATGCATGACGGCTTACCAGAGCGTCATAGTACGTGTGTAAGTCATGCCTCCCCTACGCTGTTTCCAGGTGAATCACTAAGACACTGTCTCATTACGGACGCTTTGCTTGCGTCCGAGCACGTTGGAACTATTGATGAGGGTGTCAACCACGTCCAACGTAATACTTTTGTAGGTAAGGGCATACAGGGGGACGCAAGGTCTCTCTACACTTTTGTATAGGGAAATAGATGTAGAGGAAGTTTTAATGACTCGCTTCCGATTTATCCGATTTCAGAACCGTACATTATTTCAACGGCACCCCTTAGCTCACAATCCTATGTTGTCTCCGCGAATCGGGGCGAGTATATTTCAAGATCTTAGATCCTTACGCCCAGCCCCAATGCGCGTGCTGGCCAGGGTCATTGCCCGCAACACAACTCTGCGCTTTAAAATCCGAGGCATCCGCACCGTCCTTCCGCTCATAATATTCGCGTTCGGTTAAATTCATTAGGCGTCTCCCCCGCGCTTTTATAATCGAACGCGTTCGGAGACTTATACTACGCAGCTAGCCGGAGGTTGGGCAACATAGTAAATAAAACGAACGCGTTTGCATCTCCGCAACCCCTGCTTTCTGGTCATTTGGGATTACTCTTGCACTAAATTCTAATTACAAAATAGCGTATCGATGCACTTAGCTAGTCGACCTCAGCTCTAATCTTTGTAACGGGACCCGACTGAGTCAGGCTGTGGGAGATCAAGTATGCTTCACTGTAAGCAGAGTTTTGTTGGCTCCTTTCTTATATGTAGCGCATAGTTTGTCACTCTTCTCTAAGCTCCAAGAATTATAGGGGCTAGGCAAGAGTCACGCCCTACTCCTGAGGCTGTGATAAAGCTCACGCCTAGGGGGCGCGACAAATCAGTCAGATAGGGAGGAAAAAAGATTTTCCGTCACGGTGGGCAGTAACAAGGCCATGAGGAAGCCAACCTGGTAATGTCAACCGTTGTTCCCCATCCTAGATCTTCTGCAGGGTCTGGTTTCACTGCTTGGTGATCCGCGTTACGAGCCTTTCAAACGTAGAGACTTGAATGCGATGCCGAGGCCCGCGCGCTTCAGCACCTTTCGTTCCGTTTGCCTATGGCTTCCGGCTCAGCATAGCGAGAAATGCGTTCCATAATCTTGGCCTAATTGCCGCGTTGATGTCCATTGCACACGGGCTTCTTTCTCGATTCCAAGCCTTCACCTCTACTACTCTCCTCAAAGTGTTCGCTAGTTTGTATCATAGCCGCTACCTCTATCAACACGGTAAGCACGGATATTGAATCAGGTGTCAACATATTCTCATGCGTCCTAGACTCCCTCTTGCAAATTCGTCTCGGAGTTGATTCCCCACTCAATCACGAATAGTTCCAGGCAATAAACGCATAGGACGCTACCAAGTCAAGAAGAAATATTCAGTAAACTCGTGATCATTATCCCGCCGTTGTAGTCCTCAGCTCACTTTAGACGGTATGCAGAGTTCGAGCTTCTGACGTTGGCGTACTGAATCGATGCGTTTGCGTTTCCGTATCCGCGTAACCTATGTGTGTCAATGCAAGTGAAGTCCCGGGGCAATCTATTCTATCCACCCCATTTAAAACCGGTGCAGTCAGGCCTGGAAGCGCGGCCTTCATCCTCATTTCTTTCTTATTCCACTTAAGAACCACGCGGGATGCAGGTCCGTTGGGAATTTCATTCGC,1908,48.38,Mus musculus
SEQ_780509,AAGGCGGATAACCCAATCGTGATCTGTCAGTTTCTCTAGCGAGGTCCAGTCAAGATCGTCGTCCTTCTGGTGTAATATAGTCCGTAGCAGTCGATCACCGGCTAGCTCCCGAAAGTTAGACCTAATTTATCAAAATGTAGTACATGGTAAAATCATGCTACAGGTCATGTGGTAGGCAAGTCATGCCACTGGAATGACGGAGAAGCTGACTTATCGTCTAGACAGGAGTTAAAATATAGCCAGACTATCACGTTTGAAGCCTACACTCACTTATGCCGCAGGTCAACGGGAATTTGAAATTGTAGGCCAAATATAACATGCGCTTCTTATTGGTACCAATGGTACACTCCGTATATACTACGCTGTGGGTCCTGGCTAAGGTTCCTTCCACAGCGGGGTTGCTAAGTCTTATGGAAGTCCCTAGCTTTTTAAACCGACGAACGGTTCGCGACTTGGGAGCTAGGCAGTCGCATAGGAAATCAAACGTGGCAGGACTCAATCGCCCATATAATGTGATGAAACCCCCTAATCATGTAGCCACCCTGTTTCATGCAACCGCATGAGTATGACTATCTTGACTGGAGTGGGGAAGCGTGCCCTTAAAGTTATTAGGCGAGGGTGACATATTCACTATCTAGATACGACGGGTGTGGTTAGCAAATGACAAGCGTGACTCGGCGACGCCGCCAACTACTTGCTGCATTCTAAATCCGGCGTTCTGTTCATTGCAGGCTACACCCATATGAGCCAATAGCCATAGGTTGATTTTCTGACATTCGTCAGTAAATTTGAAGAAAAGCTATGCGGACCCCACGGTCTTCGCGGTTCTGCCAACATGGGCATGGCACCCACGGCCTATGCCGTTTTCCGTAGCTTGCGTTCACCACCTCGCGTGTGACTCCCAGGCCTGCAGACCTTGCACTACCAACCCATGGGTAGCCGCTCTTAACATAGGTGGGCCCAGACGATCCTAGGGGTTATACGTGAGGCGTGTTGCTGATTGGGTACATAGTGTTACAACACGTGACTGCGTAACCCAGCAGTAAACCTTCGACTAGTACCAGCTGTCTGACCATGTCGGCAGCCGTCTCGGACATGAAATGTAGGTTGGTGGAAACGTTGTAACGCAACCTTTTTTACGTTAGTCCTTTCCCCGAATGGATACGGTGTCCGTACTATAACCTCCAACGTGAGACAGTGTATCCGTGATTATCATGATGTGACGGGTCTACTGTGTAAGACAGGCTTACAGTAGACGTGGACTAACCTGTCCCCACAGGGTACACGGGATCCG,1294,49.15,Caenorhabditis elegans
SEQ_450724,AACTCCAAGTACTGAGGTTCTTAATCAGGAACCTTGGAGAATCTTATGTGCGGACTGAAAGGAGACCGCAAATGCCGCCTACTAACCAACAGAGGACCGAGTTCCTCGCTTGCGCCAAATACGACCGAGATTTTTGTAATCAATGATGACAGGGACCGGGATTACTGCAGAATAGTCGGCAGTAGGAGTGGGAGGCATTATCGCTGAGCCCGCTTAAGGCATATCCACACGGTCTGAAAAGTATGGTCCCGGTACTATCCGTACTAGGGTCGAGTACCTATAATATAATACATATTTCCCGCAGAATCCCCATAAGTGCGTGGTAATACGCCCTGGGGGTCTAACGGCTATAGGCCCAGTTCTCTATTGGCCACCCGTCGTTCCGTGGCAGGTCGTACTGGGAACGCCTATTTCTGAGACGACCACTGACAAAACAGATATACAATACTGAGCAGCACGGCAGGTCATGGCAACCGCGTCCATCAGTGGGCGATTAGGTATAACACGATACACCCAAGTGCATGTCTGCCTACCATCGAGGCCTGCGTGAAACATAAACGTTCTTATACAACTATCCTATTGACGCAAC,589,49.58,Homo sapiens
SEQ_396693,CAAGCCGGGTGATCAGGTACAGCGTTTACTACGCCTACAATAAACTGAATCAAAGCCGGATGCCTCCTTAGATTTCAGCTGGATCTTCGCTGGCATCGCTGCTAACTAAGTAAAACCGTCAAGGGACCTGACCCCTCGGATCTCAACTACGGCCATCTAATTCCAGGCCAGACAAGCAGAGCGAGTGTAATATAATGAGACGGCCCTTCGACGGCAACAAAGCGACAATAGAACTCAGCCCTTCTGGTGAGTATCTACTAGGGCTGGTGCTGATAATCCCATCTAAGACCGGGCACAGTGCCTCTAATCGGCGCACGGTCGCGGATTAGCAATTGATCCCTACTTCGTGCGTCCACTCGGCCTCCCAGGAAATGTGGGATTAGGCATCTTTTAGGACTCATAATTAATAACAACGGACAGATGGTTTTGGTGGCAGTGAGGGCGTAGCACTCAATGAAGGGCAATTACCGTCCAGCTCTTACATGGCCACTCCCAACCGCCAGCAGGGGCCGGGCACATTAACGATTGTTTTCCCATTTTACGAGCTAAAAACTAAGTCTGCGATCGATCTACATTTATTGTTTCTACTGTAGATAATAAACCTAAGCGGGGACCCGCTCCTTATGGACTCGATGTGACAGAAACGTTCGTTCGGGCGCTGGCTACCAGCGTGTAGAGTTCGGGTGATCAAACTACTC,698,50.14,Homo sapiens
SEQ_880783,CATAAACATTGCCTGGTCTGTGAGCCAGAGACCGAGGCATCTCAATTTGTGGGCTAAACCACCTCATCCATTTTCCACGATAACGGCTTGGATCTTGTGCGCTCGAACTCTCACCGATTCGCTTGTTCCGTGGATCGACATTTAATTCCCGTCACCTACCCCCGTGCATTTAGCCAGGTACAAAACTTCCTTGTGCTCGGCGCGAGTAAGTAATCAGTTAGCGCACTTAGGGACGGCCTAAGATCCACTCAAAAGATGGTACCCCCCGTTTTTCCGCAGCTTGACTTGCTACGCATCTCCTAGTTCCCTGTCCGGCGGCTAATTTCAGCTGGTCTCCTCGGTTACATGTCGTATTTGTTCGGATAGGGGACATTGTTACGGGAGCACGGCGACCGAATGTTTTCGACTGCTCGAGGGCGCTCCATCCTTTACATCCCGTTCGTTCGGATAGCGGGAGAGGACTTCAGGCGTGCTGGAAGTGTACAGAGGGGGGGATCTTGAGAGTGTTAGCTTATGGCTCCCCGGAAATAATCACGGAGAGATTTATTGGTATGACTGGATTTACTGGGCTCTCCGACTTGTACCGTACCTATAGATGCAAGGCGTCTCATTTAGTGCCACGGTGTTATGAACAAGGGAGCGAGTGCAAATAGAGTGGACCAACGCGTTTGCGGCTCTTACCCGGCATCAGGCGTTTCCACGTCCAGCTACTTATAACGTTAGTACTCATATCGGCACTATAAGTATGCTGTTAATTAAGATCTTAGGTCTTAGGGAATGCCCGAAATGTGTTCGCGACTAAGAACGATAAATCTATCTCCCGTTGCCCTTTCTGGGTTGTTGTCGCAGTCTCTGGATGAGACTGGTTACAGATCCTACGTGGTATCCCCATTACGTGCCTGCACAACACACTCGAAGGCAGGACGCTGGACACAACGCGCTGCAAACCAGCAGTGTTAGCGGGCCACCCATGTATGGTGGCCCCGCTAAGTGATCACGGCTTCAACCTCTACACGGCAACAATGTGCCCAAATCACGCCCCTGAATCCAACGGCCAACCTCATACTGCTCACCCCCGGCAGATTCTTTCTAGAACGTCTGGTTAATTATTCATACAAATTGCGATGCCATGGGCTGGAGCCGGGCTTGGAGTCAATCGCGGGGGTGTATATTCCATGAGAATGAAGAATAAGCAATAACTACTAGGGAGTAATGTCGCACGTGTTCGCGCAAACTCTGCAGAGTAAACCCCGAAGTATGTTCACCGGAGTGGTACTAACTCCGCCCGGAGGGTATTATGCGTTGTCGAGCTGCGTCAGCCACATGATCCCCCGACGGTGGAGAAGGTGGATCGTTGTGCTATATGCTCTCGCTTACGCAGCTGAGAATTGGATATTCTTCATTCCTGGATATTACACCACGTCTGTGCGTTTAGTAGCATGGATAGTTCGATCCTCTCTGGCGCATAGATGGTTGAATCACTCGAGCTGGGTATAGATACAAAGGTTATTAGTGAGCCACATAAAGGGAAAGACTGTTGCATGTTTTAGAGAGTCAGTGATTCTATACTGTGGGCGCATGAACCATTCAGTCTCCAACCCATAACCACCGGATCTGGGGGACTTTGCCC,1630,50.49,Homo sapiens
SEQ_679244,CTGGTCTACTCGTAGTGCGGCGCGATCCCGAGAGGAGAGGTACTACTAACCCTCGCTAGCTGTAGTGAGTGTGCTTACGCTCTTATTATATTGACTCTTTAGTGTCCTATGTCAGCCAGCCATGCCTAGGCGTCGCTGAAGAGGCTCTCAGACTAAGATGTACCAATGTTCTTGTACATGTAATCACCTTTTTGTCCGGCGTCAGAGCAGGCTTAGCCTGTTAACGTAACGGTTGGGGGCAGTAAAACTAGGTTAATCAAGCCAATTGACATTGTTCACTCCATATGTACAAAAAGGGCTATAGATTGAGTAGTTCTGGAAACTAGCGTGTTCCTACTTCTACCCCAGATCAGTCAAGTAAAATAAAAGGGTTCGCTCACCCAAGACAGCGGCCTAATACTGTACGCTGGGCGCTTACAGGGTTGAAATATATAGAAGTACCCCGACACTATCTAGCAATCCATTACGCCTGAGAGATCAATAGGGCAAAGGCGCTTTCTCTCAGCCGTCTGATCCACCGCCACGTCCCGGGGCTTCGAGGCCGTCTGTCGGCCTGTAATCAGACCAACATGGTGGATGTCAGCTACGTAAAGCCGACACATGA,604,49.01,Escherichia coli
SEQ_404088,ACAAGATCTGGTTGTAGATTCACGAGGTACGTAGTGATTTTTTCTCGTGGGTTAAAGATGCTACGGGTCAATTCTCGCTAGACCCGATCGAAAGGATATCGTATGTCAGTTATACGTAGCTTCTATACAATGATGCATACGCGCAGGTTTCTCCAGAGCCGGTGAGTCAGCAAACACACGTGAAGGATATTCTATTCTGCTCCGCGCATTGTGGATCAACTTGGTACGGAGACGTATGGCCCTCCTGCTCAGACTTGAATTGTCTTAACATATGACAAAAATTTCTCGGCATCAGAGGAGACTGATAGATACACTAGCCCAGTCCACTATCCTCACTATTACGTGTGCATAAAACAGATTCCCGGCCTACAGCGACTTGGATCGTTACGGCGATCATGGACTTTCATGGCACTTCTCACGACAGAGGACAATCACCACGTGATGTTGTGTTGGCGACTATTTGTTCCGACTGCTGCGCGAACTCTAACTAAAATTTAGCGCGTGTACGGCCGGTAGATATACGTGGACTAGGGTGGTTTAAAACTGAGGGGTATCAGCGACACGTGTGGGTTGAATAAGGTCAGGTGTTTCTGCCTCCACGACCGAACGCTGGGCTCCACACTTTGTGGTCCATGCGTAAGTTCGGATAAAGTTCAAGACTCTCGAATCGCCGGCCGACTTTCTGTGTAATCGTACAGCTGACTTTCCAACACAGGCGGGGTCCAAAGGCCACTTCAGTTAACTAGCGGACGAGGTGGGCTACTTAGTGACAAGGTGAACGGAGAGGCTCCGAATTTTGTTTGCCAGATATATATTCCACCACGAAAATACAAACACCTATATCCTGAGCTTTTTCCCTCCGGCATGTGCGACACTTTCGCTTTCTCGTGTCCTGACTGGACTAACTTACTATGGAATTGGTGATTAAGGGTTTGGAAGTAAGGAGTATACTGTCCGTGAGTACAAGCCATATATAACGTATTTTCATAGGCTGCGCAGGTTTCACTGACGCGATAACGCCAATTCGAGTTCGTTACGTAGCTTACGAACTGCGTATAACCGGCAGCAGCACGATCTTCGGTCGTGTTCTGCTCTTCAGAGAAGTTTCCCAAACGCACAACT,1122,47.59,Mus musculus
SEQ_127291,TAAGGATCTGCCACTCAGGCTCACATATCCTTCCGCTTGTATGAGTATGATCCACCTTGACGATAACTGCCTTAGCCTAGTTGTTGTAGGTATCCAACCCGTTACGTCGCGTTGCTTTGTGGGTTCAATAGCGGACTACTGAAATCAGGATCTCTCTGGACAACTATTTATTCACCGTATCATTACGATTGGCACTAAGCCCGGTCCGAACCACCAACAGTGGAGAGTAGAACAAGGATCTATGATGGTGTGTTCCTCGCCTGTCATTAGTTTGTCCCTTCTCACTAACTTATCGTAAGAATTTGGCAATGTTTTCTCGAG,321,45.48,Mus musculus
SEQ_878547,TGAGTGTTGGAGTTGTAGATGAGTCTCTATCGGCTAAGTAAGTAAGTGGCATTAACTCCTTTTCCTTGTGTTTACGCTACAATTTGTCTCTTGGATAAGATTCGATATAATCCGACCTATATATATGTGACGCACTGTCTAGATACATTCTTCTGTGGTTCTCATGCCCTCGGAAATCTGCGAGATTGTGTCCTTGCCGCAGTCGAAGTACAGCGCACAGTGCGCGGTTGTCGATGAGACTGTCAGCAAATAGAACTAGTCCGGCGTCTACTACACTGTCCTTAGGGACAAGATGTATAACCGCTGCTCTGGGAAAATGGGAACTTGCTCCCGAGCCAACGCCGACGCCTCACTTACTGGGCAGACTAGGTCAGTGTCGCTAAGCCGCCCACCGGGGGATCCTGTCCGAGGCGGGAGGGAGAAGAAATACAGAAGGCCAATACCCTGCTTAACCAAAGATCCATTTCTAAGGTATTCGACACTGGTATATCTCATACTACTAGATGGATGACTACTTGAGGGGACGAAGCTTGTGCAAAGCTCGCTGGGAGCTACGAAAATAGAATAATAGGGTGTATGCGTCCAACCGGCTCAAGCCCTGTATCCTTAAAGGGCGATTTGCTATTGAATCCCCTATTATCGCGAAGTTAGGGGCTAGTGTACCCCCCGAGGATCACAGGCTGGTATTTCACAAGTCGTATGTCAACCCGAGCGATAATATATGAAACGTGTTTTCACAACAGAGCCCGAGCATGGGGCAGAGAACACGCCTCTCGGAATGGACCGTTGATAACCCCTAAACCGCGGCCCATCCAGGAACTATGCAATGTGCGCGATTGATGGCTAATCAAGACTGGGGGCTCCTAAAGCGGATCAGGGGTCGGCTTAATGTTAGGATGTGCCTCCTGAGAACTAGTGCTCATTGAGTAAACACCGTCTCATCAGCGGGACAAGCGCCCACTCCACTGCGAAGAGTCCATTGAGTCCACATGAGTTAATTTCTCCCAATTTCACCGTCATGTGGCGGTCTTGATTCTGTGTCGCACTAGTGCCACTCAGGCCGGATTAGGAGTCGAATGCC,1081,49.86,Mus musculus
SEQ_276429,CGTGTAACTTCCACGATAGTATGTAATAGATTGTCGATGCGCAGTCATCTTCAACTCTATACCATGAGGTAAGTGGAGGAATTTGGGGCTAGTAATACCCCAACTTCTACATCTCAGGGACCGCTAGGAAACACTTAAGTGGAGTCCCTGTTTTATAGTGCGAGCGCGGCAACTATGTCAAGGCAGTCATCGGGCTGTCAAAGTCTGTTTTCAAAGTACCTTAGAACCTATGCAAATACCCTACATGTATCCAGGCTGTCAAGCTGTCACTGGTCAGGCCCCCCAGTGCCTAACTCTTCGTGTGACCTCCTACTTGACGAATCATCCCTCACGCTACCACGGAAACGCCCGCTTGTAATTGTCCCCGC,368,48.91,Mus musculus
SEQ_988826,CGCGAAAAGACGGGCTCACTACGAGTTGGTCGAAGCTTAACAGATCTAGTCTCAGAATCCGGCAAAGCGGTAACCTTATTGTCGATGTTCTCAATGGTCTCCAACAGCATGTCAATGCCAACCCACGAAGCTTTGCAGGCGTGTAGAATCCTCGATAGAAATCTGGAAGTTGTTAGCACGCCACGCTCCACGAAAGTGGAACGCTTTAGCGGTTAGGTTGCCTAGGGGTCTTTCTGTTCAGTGAACTCCCAAACGCGAAGAGGTACGTCTTTGAAAGGAGCGGGTGAATTTCCCTTATCCGGTGCATACTCTTAGTTCGACCCCCCGACCACAGCCCCAGCCATTAGACTCGCGATCGGAACTTCGTGCGCAAGTCAATTTTGGTTCGCAAGCTACTTAACTCTCCCATCCGCCGTGATTCCTGCAGAGTACAACTTAGTATACGTTCCGATATCAACAAAAGATCGGCGATTTTCTATCATGAGTATTCCGTTTGAGATAATAATACCTTGCCTTAGCATTGGCAGTCGTACTTGCCGCGCGTGTTATAGGCTATAGTCGAATTGAGTTAGATCAGCTTTTGAGCTGTACCCCATGACGTCA,603,48.42,Caenorhabditis elegans
SEQ_127828,CGCACTCTATCCATGAAGCATAGCGTAAGGCGGCGCAGGCTGAAGATGCGAAGCTGTAGGATAAACGCGACCCTCCTGGCTTAGGATGAGAGCCGTACGTGCCCATTGCCTGGTAGGCATTGAACTACTTAAACTAACCACTCGGCGGCAGGGCAGTACGGACGTCGCACTGGCCTCGACGACCTAATTCTGAGG,195,56.41,Arabidopsis thaliana
SEQ_347464,TAATACGTATTTGTCATCTCGTATTACTCCTCTTGCAACGTCCTGCGGTGGTTAAGCAATATGCGATATTCCAAGAAAAACGGCTTAGTAATGATGATCTGAAGTCTTGGTTAAAAAGGCCGCCTTAAGAGCCGAGTGTACCGGTCGCACTCACACCCCCTAGGCCCGTCTAATGTAGATTTCAGCCCCTTCCTGCCCAACTCTGTGCCGATCTTAGTGATTGACTATGTCGGCATGAGTCATCGAGGCGGCTCCTGGATACAGTACAGCTATCGGCCTCATCTCCTTGTGCAAAGACCCCCTGGTACCGTATTGCCTCGCCCAACACTGGCCGGTGGCTAATCCTTCTGACCCATTCAGGCGGTGCACAACCCTAACTGGTACGTCTCAGTGCGTAGCGCACTGCACTAACGTAGAACACGGCGGTTCAAATTGACCAGGATAGGGTCTGTCACAGGTGTGTTACATAGGACGAGAGTCGCTGAAATCGTAATTAGCCGTTACTGTTCATTGCCCCCCATGGACGGCCGTCTCGCCAAGTTTCGTGGACGGCATTCCCTGTCAGCTTAAAACTAGGTTCGGACCGCAGTGGTCATTGTATGCAATCGCATCTGCGTGGCCGGGCAATACTTATACGCATTCTCTACTTTGGGATGAGTGAAAGGACTGGAGATAATATATCAGCTACCAGTGGGCCGAGCAACGTTTGAGTCGGCCTCGGCGGCAGACCCGGGCTCCTCATTATAGGGAGCTATGGTCCGCAGAGGAAGCCACCTAGTATCGGGGAACATACCACCTAGAAACTTATGCCTCTGTCTGATAGATATTATATGCCGCTGTATCACGTGCCCAGAATGCTTCTCCGAGGGTGCAGGTTCTTGAATCTGTAAATTATAGTCCAATCTGATTCTCAGTTGACCCACGCTGGAATGCTGGTTGTGACTGCCATGCTCGATCGCTAGGACTACTCCGGGTGATTGCGGTGCACCGCGACTTCACACGCGTCGACAAGCTGGGATCGAAATAAGAGTGCCACCTATTGACATCCGGCATCTGCTTTGTTGACGGATAGGGCTTGAAATTTATGAATGCATCGAACCGCGATTAGGATCAAACGATCGCGCAAGCTTAAAAGACCTTATCTGCTCCGCAGTAACAGGCGCCGCTTACCTCGATTCAGACCATAGCTAGTTCCTCAGTATGCGAGGGCTAGAGACGAACGGTCTCGCTCACAGTCCAAAGTGCGATACGTAACCTGAGGAGAATGTAGCCGTAAGCTAACACCGCAAGGCCGTTTCCCCTTGGGAGCTTTATAATTGTATCAATAGGTCCGTACTAATGCTAGACAATTACCTGCGGAAAAAAAATAGCGGACTTTCC,1380,50.65,Caenorhabditis elegans
SEQ_110925,CGACCTGTGGATCCAGTTCCCAGAGCGTCAACATGGTATGTTTGGGACGGGTGTATAGTTGAGCTCACGTATCCACTGTTGTTCTAGTGACAGAAACTAGCGACAACTATGCGCACAAGATCACACTTGGGTTGGCTGGCACTTAGAATCTTATGCCCGATAGAATAGCCTCTCAGGAACGAATCTAAGACCTGGCCAATGGGGGTCGCACATGATTAGTGTGGAGGCGGGACAAGGTGGTTCCACGGTGATTGAATTCACTCATTTCCCGTGGCAAGACGCGGGTTGTGCTCATCCCTAGCTCGGTCTCGTATCTGCCATGTTCATGCGGCGTTTGTAATTACTAGAAAGTCTCCTCCATAGCCCGCAGGGGCTAGCCTTGGTGCAGCGTCTTTAATTTCATGCAATGTCCTTCAAGGATTAGAAACTTTACGCTTGAGCAGTCAGGTGGTAACCGTAGCTAACCCGAAGTTTGTTCACCCTCATGCCGCGTACAAACAGTCCACCCGCAACGACAACACGGGAGCCTAAAGCCCCACAAGTTGTATTAGTCGTCGTATGTATCTTAAAATAGAAGAAACCTGTAACAATAACAGTCGCCTACGTAGCCATGTTATGCTCTGCCGAGAATTAGTGTAGGTGGGGTAACCGAGGCTACACGGTTACACCATATCATCTTGTATGGGAATTCTGACTCATTCGCCAGCATAGGTTGGCAACATGTCAGTCCTCCGTCCAAGTCAAGTGACAACTTAGCCACTGTACCTATAGAGTCCAGAATCATACACTATCAAAGAAGCGCTCTAGGGCGGACCTCAGGCTGCTCGGTAGGGGCTGACCCCCGTAGCCTGCTTGAAGGCAGGTGTCGTCCGGTCACATGCAGAGATTCAGAAACGTCCGTTGAATGCGGTCTCTCTTGGGGGTCGCGGTATTTAGCGACAGTGTATGCACGTATTAAGCCACGTTGCGAAATGCACCTACGAAGGCGTTTGTAGGATAGCCACAGAGGCCCGGGTCCTCTTAGACCAGGAAAAAACGTATAAATTGGGGCGCATTTTCGCAGCACAGTGGAAGCATCCCTAAATTGATTAACCAAGCAGTATGAATGGGGGGTCCAAGCGGAATCACAAGTTAATGATCACCTCCTTGGCTGAAGTGTCGCCATTTAGGACTAGAGAACCGGTCCAATTACCTCTAAAGAGATTAGTGCCCCCCCATGCCGCCTACTTGTCTACTTGTATAACCAATAAGGATTTCCCGTAGCAACTTTTACGGAAAAGCTCCCTCATTTTTCCTCTAACACCGCCGGTTATGTGTTTATGAGACGAGATAGATGCCGTGTCCCGAAAGCGTGCCCGGATTAGTGGCTTTGCGGTGTCGACAGCTCCTGGTGAGGATTTCAGGAATGAGTGTTTTGCCGACGACGCCGGCCTTCGCCCAATTCGGCTGCGCTGTGTAATGGCACAACTGGTCCAACCGTGCCAGGTGAGTCGTATCTGTGGACGAGGTATCCAGCACATACACACGCAACGACCGGCTTATGTGTCGTGTGTTGAGGTAGATCAGAATCCGCACCTGAGGTTGTGGACTGGCTGTAGACTGATGACTAGTGGCTAGACTATAGTGCAGTCCCGTCCATAATGTGCGTTCCTCAGTGTCCCATGTTCCTCAGTCTCGAGAAAGTTTTAACTG,1692,50.35,Caenorhabditis elegans
SEQ_450760,GATAACGTGGGCACCATAGCCTTGACGCATGCCCTCGAAACTTTGAGAGAACTCCTTATGTGGCAGAAATCAATC,75,48.0,Escherichia coli
SEQ_481778,TCGGAGAGATATTGTTTCCCCCTAATCGTTGCACGATAATCGAAGCGTCTACGATGTATTCTTGCCCTTAGCTTGTGCTCGTGCATACCTAATCTGGCGTCGCCTAAGTGGTGACGGTGTTATTCTGGCGGTTTTCGAAGCGGTGTACCAGCAACGTTTGATGATTGTTACAATGAATATTTGTCTTTTTTCGGCTCGTAAAAAATCAATGAAGGAATCCTCGAGACAATGCGCATTACGGCGAAGCTTGGTCTCGAGAATACTTCTGTAACGGCCTCCCGCACCGCGGGTTTCCAAGATCTCCGGAGTCCCCCTCCTATTGTCAGCTAAGGACCAACGCCGAGCCTCCATCTGTGTTGTAGAAAAGTCTAGCGTACAGAAACGCTCCCGGTCTTGCGTTCTCGAAACGTTTATGATCCAGTGACTAAGTGGGTAACTTGATTGCCCTGATCAAAAGCAATGGTAACACACAGTGGGCCTGTCATTAAAGGCCTTGAATTTCTACAGGCCCATATGCCGGTAGGCAAATCTTCGGGACGAATTATGCTATTAACTAGCATTATCCCCACCGTAAAATCCAACAGCTACTATTACGAATGGTCGGGGGTCATATTACCCGAGAAAATGTATCCGTGGGGCTTCGACATATAAACGCCACACTGGATCAGCTCTAGCGTTCTGCGTGACTTGTAAAAGTGGCTTGGCTTACTCAGCGACCCGCATGTAGCCGACTAATCCTGATGCCTACCGTGTGAAGAAGGCGAGAACACGGCAGGTACCCATTCGCTTCGTGGGCTAACCCAGAGGTCGGGCACACGTTGGCCGAATCCTGTGGTGTGCCGAGACCCAAGGCGGTGTCCATTTATGCGTCCCAGTTAGTAGAGATGATTTACCAGTGTGACAGCGTGGGCAAGGATTACCTGATAGTGTTAGTCTAGCACGCGTCAAATTATTCCCTCATGAAAGGGCATTGTACCAATGGTTCTGCGCTTGGTGTCATAAGCCGACCATCCCAGCCATGTGATACAGATTTCAGGAAAGGAGTGCGCGTCGCCTCGGGATTAAGCCACAATCCGTCGAATCCCTTTCCATGGAAAAGTGGTTTCCTATAACGCTCGTGCAACCATCCCCGCTCACCAGTGGACGGATTCGAGAAACATGTGAATTTGAATCGCAGAAGCACGCAATAGAAATGAGGATGTCCCCTGTGCAGCGGCCGAGGCGTGCCATGCTGCGGCTGCCTGGTTTTTTTGTGCGGGGAATCTTATCGCTTCACTGTTTTAAAACGCCACAAAGATCCGCAGCAACGGAGCTTCCTGACAAACGTGATGTGCGCCATGTCCCATCTAACCGTGGCGACAGCACACGTCCTCGCGACATTAGACATTTATGGACACTTGGGGACAAAACATAGATTTAAACGTCATCGGGGGTATGAAAGAAGGCGCTTCGGGCGGAGGGCACGAGAGCTGACCTAGTCAAACACGTGGTTCAAGTCCTTCCTTTTAGCGCCCGCGTAAAGGCGCAATGACTTTTAACGTACCGTATAACGTACTGATACC,1562,50.13,Caenorhabditis elegans
SEQ_315979,TCAATCGACCTATACCGTCGCTATTCAAAATTTAAATTACAATTCAACGCTCTAGGCTTCCTTTATATACTTGTCTGTGGGTGTTCAAGTGTGACTACACAATAGCTGCTCATACTCTGTCGTGGGTGGCTAAAGATAGAGCGATCTACTGCCTGGATCATTAATATGGCGTTCATATAGCTTTCTAAAATTTGCCCATATATCAGTGTTTAGACACGCCACTAAACTATCCCTCAAACCGCCGTTATTTTTGTTTTTAGATTTCAG,267,38.95,Arabidopsis thaliana
SEQ_928018,AAGGACTCAGCAATAAAATCGATTTGGAAGTGGGGGGCGCAGTTATCGCGCCTCCCTAATTACGGTCGGACATAGGAGGAGGGACAGCCGCTCAGCCGGGCGAGTGCGATTAAGAAATCCATCCATTACCAGCAACGCCGCGAGCGCAGACGAATGAGCCATGTGGCTTCAGGCCTGAAGCCTCATGGGCCCATCCACAGTCGAGAGGCCCCCGGTGACCCAACTGGTGGGCCATCTATCGCTACAGTAATGCTCCATACACTAAGGCTATTAGAAGTAGTGCCCTTAGCATGCCCACGCTACACAGCGCAAAAGAGATGTCTCGCAAGTTAATAGGTGAAGCAAACCGGTTTGCACAGGAAATCTTGAAAGGCTTTGAGACGGGCGGTCCTAAACGCATTAAGCCACGGTGCGCAATGGAGAGGACCGATAGTGTCCATCCCAAATGACTGATAGTGGGGTAGGTACAAATTGTGGTCTACTTTGAAGGTGTGCCATACAACCTCGCCTGCAAAATATCGGGAACATTTTGCAGCTGGTATGCAGGGTTTCCAAATTGACTCCGCCGCTACATTGAGCGAACTACCACTCCCCTACTCTGATGATGCGGTGCGGTCTTGCCCCTGAGAGGGCTGTAACAATCGACCCAACTTCCGCTAACGATATTCTGAGTCAGACGAAGTCGATCCCACGCGAGTCTCGACCACAAGTATTTTTAAGAGCTTAGGAGGTTGTGTGGATTCTTTCACGCCGCCGACGGGTGATAAACCAAATGGTCGTATCATCTATAGCGCAAGCCAGTAATCTTCCAGGGCAGACTTAACAAATTTAAAGTACTCCCCACTACGGTTAATTTCTCTCTGTCGTGTGCCGACGATCGTTCCGACGGACAGTATGCACCGCGTCGATAAAACGAGTACAAACAACATGACACTGTTTCCACGACATCTGACTGTAGGGAAACAGTGATATGACACACATCTCAACCCATGTGAAGAGTAGACAACTGTGGCGGAATAACGATTTGCTAGACTAACCCAGTTGATAAGCACGCAATTAATAGAGTAAATAATACTACCAGTGCAGCTCGCTTGGTACACGACGTCGCACCCCGATTCAACCCCTACGCCCATTTATAGCTTCCCACAACCGTGCCAACATAGCCCTACCTAAATAAGAGAGATATACAACTCTGCAAATAACATGGTACCTCTTCCATATTCTGCATGTGGATTAAATCTCGAACCTCGCAAGGCTCAAAAGTTAGATTTACCACGTGGTACACCGGACAAGCGCTGTCTCGTACGCTATAAATCCGGCGACGTCCAGACGTTTCCTGTGTCCTGCACCCTCTCGTTCTCAAGGAACGCATATTGGCCCCACCCGGCCTTACAGCGGCGGCCTAGACAACCCACTTAACCGACCACGTACTCACCCCGCTCCCCGGATTGCGCGTCGCGAGCACATCCAAGTGAATTCAGCGTTGAGAAACGAATATTATCCTGGCCGCCGTGAATCGAACGTAAACGTCAAGTCGAACTGCTTGTACGGAGGTCAATGGAATTCCGAGATCCATTCGGGGACCGCGATGAGTAGCATTATCTATTACACGCCTATATGTGCATATGGCTAATGCCGGCAGAGTTCTCATTACGTGGCAGCGTTATATCCACTCATTAACGAAGTGGAAAGAACTAATCATGTTGCCTAGGAATGACATAGGGAACTTAGACTTGGGCGCTTTTCAATGGGGTCACGTATAGGCATAGAGTTTGAGATCGAAAGTGCAACCTGGCGACGGGGCTTGATACCTGAACGCGCGTACTTCGCTAGTCGCGCCAGGGGCACGATAAATGAAATGCGAGCAGTTGGCAGTTGCCTCAAGTCATCGCAGTTCTCCTTAAAGGTACCATGCTTTAGTGTCCGTAAGTTGTTGGCTTGTCAACCCAGTAGAACAT,1958,50.05,Escherichia coli
SEQ_541024,TCCGAGCCAGTCCTTACAATTCTTTTGTTCATGTTTCGTTATCGCCAGTCCGGTTTCCGACGCAGAGAGATTGCGTAGACCCTGCAACATTTA,93,47.31,Escherichia coli
SEQ_827964,GGGTAATCGGGTCCTGGGGCTGTACTTCAGTAATTATACGTTCCAAGACCAACGAGGCCATGCGGCCTAAGGGAACCCATTGATTGCAATGAGTTGAAGATCAACTTCAGTGTTTACCAAGTCTAGAATAGATTCAGTGAGTGTATCTAGCTCTGCGTGTACTTAGATACAGCGCCTGGTGGAAAGGAGGGTATATGCGACCTCTGAGACACCAGCTGCCGAAGATGCCAATGATGGACCCGACGGGTCGATTAATTTAGCTTCTTGAAGTGACAGTTACAACCGCTTTCATCACGAAGCGCGAACTTGACGGTACGAATAGTCGCGATGAGCCACTCAGGTTGCACGCTGCCCCGTTGGTATCTCTTTTGCCTAGGCCTAGTTCATCGGCGGGACCCGGAGAGTCGTTCCGATATGCCGCTTTCACGTGTATGACGAGGACCGCACGATACCACGTACCTCAGATCCTAAATCCCAGGGTGACGGAGGTCATGTTCATTTCCCACGTTCTATGTGTTGACGGGGCTCTCGGATACGCGAATCCGAGACATCATTGGAGGTAGTTAGGGGCGAGATGATCTCTGGAGCCAGTGGCAAACTGTAAAGCGCGTCATGATCCTCATATATATTCTGAGCGTACCCTAGTACACGGTTATGTCACGCACATTGTACGTGGCTAATCAGTCGACAGGGAGACGTACCATCAGGTGGGTTTCAGTCTGAAAAAAGACTGATATAACCAAAGAGCTACTCCAACCCATGTAACCGATCACAACTGAGACTTAGCTGGGCTTATATGGGGTTACGCCCCTCTACGGTCTCACTGGGAGTAGTCTTCTAGTGGCGACCGACTCTCAATTTATGTTTCCCGAGTTGAGCGTATAATACGCTTCAAGTGACGTCTCTTCTACGGTGCAATTCTAGGAATACATTTAGATTGTGTCCGCAAACTACCGGTAGGGTCGCGAACAAAGTTTCTGGCGAGGTAGTGTGAGATCTTACATTTGGCGCTCTGGGATCGAAGACTCTCTATGGGCTGCCGACGATTCCGATTT,1055,49.76,Escherichia coli
SEQ_513967,GTTATACGTTGGCAAAGGACTGCCGATTGGTGACACCTCTATGGGTGGAAATAGTATGCCCCTGTGTGACGGGCGCGCTCCCGTGCCTATACAGCAGATAGCACACGACCAAAAACAAGCGCGGTGCGATACACCACTTTGAACGAAAGTCACGTCCTGGTTTATAGAAAAACCTAACACACGTTCTTTAGGACGGGGGGCCCCGATATCGGCCTCCGGATTCGGACGCCGCCAGTGGGTGGGTGAAGAACGTAGCGGATGGAGTCCAAGCCTTATGACCGCGCATCGATGTGCCTTAGGGCCAGCTTGTGAAATAACCGGATGGTGCGAACGTTAAATATACACGTGTCAATCCCGTAGTTCTCTTAGGGCAAACTGTGTCTACGTCTGTCGCGTGGGTTGCATTGGAGTGATCTTGTAGAGCGCGGCCCGGCCTTTCTCTCAAGTCTTCTTAATGGTTAGGGACTTCAGAAAACAACCTCAGTAGCACATTGATTTTAATATATGCCCTTTTCGGGTCCAGTACTTTGCAGTGCGCTACCATCAGCGTCAATACGATGCCGAATACAATGGCCTGGGGTCGATTGCGACAACCGCTCCGTGCCATGTCGATAATCTCCAAAGAGTTTACTACCGAACACTACCGCGAGCCTGTTAGGTTGCACTCGAATTAGTCAATACGAATGTGAGTTGTCCCTTAAGCCTTATGGTATGGCCAATGAGTGATACGAACCCAACGACCACCACACGTCCAATCGAAGTTAATTGAATAGTACGTATTGTGTTGCGTACGCAGTAGCCATCGGCACAAGCCTAGGCAGCTGACTATTAGCCACCCGGTTCCAAGCTCCTACGTTTCCGACACGTGAGAGCCACCCATACGGCCTACTAGTACTTGGGAAATTGAGAATCCTGACGCTAACTGGTGCTATTCGTATTGCCTGTGTATGGATGGCACGCATTTCACTTTCCTAATGGCTCTCGATGCATCCAAGTCGTACTGAGGTTGGTACGTGTTTACGCCACATTTATAGGGGTAAAAGGCCTGATGTTTACTCTAAGGGCGAATTTCTTGATCCTCTTAATCTAGTTCTAGGATGCGATGTAGAACGCGAGCTTGGCGTTATCCGTCGAACGGGCGAGCTTACATTCCGCAACACCACTACCCTATCAACGAGTTCCGCGGGTGAAGCCTTCTCCCACACCAACTGTTCGCGGTGTCTGGTTCTACATAAGAGACGAATGTGCTGGCTCGACATGGTTTGTTGGTCCCTTGGTTGTGAGCTCATCGGCATCGGATCCGGCTCCCAGGCCAGCATTGGAAAGGAGCTGATGCATAAATACTCAGGACCAGTCGGAAAACACTAGCATAATACCTGCCTTGGGTAGCAATGGCTGGACCGACTTGCACCAGCATCAACGTGCTATAGCTCGGTTATGCCGGGGCGATGAGCATTGAAACACGCCACCCAGTTTGAGAGATTCTTGTCATCGAACCGGATGATCTTTCTTTTATGCGATAGGCAAAGGTTTGGACAGCAGCCGATATTATCTGCGTTTACCGTTGTAGGACCCAGACGGGAGGCATACCCCGGCTCCTTGTTATGTGACCGTCTCATTTCCTCTTGCGGCTTGAGGCCGGGCCAGACCTCGACCGCTGCGACACATTAGACCTGGGCAATCTTCGGTAGAGAAGTAGGTCAAGCGAATTCGCATTCCTAGTGGGGAGGTCAGGCTAA,1739,51.06,Drosophila melanogaster
SEQ_635089,TCACCAAAGTCGTTTCCTTGTCTTCAGCTTTAACTAGTAAGAATCCCGCCTTTACGTTAAATATTCGATGTCAAAGAAAGTAGACTCATCGTGTACCACCTTCCGTAATTCAAAGTACAAGTCACTGCTCTGCACTTAACGTACAGAACCGTCTAGCAGAAGCACACGTATGGACAAGAACCTTACCCTGAAGACGGCATGGTTCCCGTTATCCGTGTCCATAACGTTGATGTAACAGATTCCAACGGGGCAGCGAACTGTCGCCTTCGGTGAGGCTTGAGGGGGCCTTTGGCCGAGTTAGAATGATAGGAGTTTAGGGGGCATCGTGTTGATTGGGTCGTTGCAGAACCTCCTCCCTAGGGCGAGGTTGTGTTGTCCTTGGACCTTGACCCATAGACCCACTACCGTTCGTTTTATTACTGGCTGGGTTTTACCAGCGTACAGGAGTATCCACGAGGGGTATCTCCAATGTAGTATCGCGCAACAGCGTAGGCCTACGCATTGTCGTTACCCCTGCTGTCCCTCCCTGACCCACCTTTATGTGTCATAATAGTAAGCCCTTGCAGTAGTACGGAACGTTCGGTTATTATTTTGTTCCGCATGCGGAGCAGTACGCTGGACTAGACATGTGGTCTGGCGCGTAAGAATATTGGGTAATTTGGCATATACCGCACGAGCAAGAGCATTCCAGTCATTCTTCGTACGTAAGTGAAAGCCGGTCTACAGCCGCTGCTAAGCGCGGACATACGCTTGGATCCCTATGTTCACTAACGAACTACAAGACTATTTGCTGGAATGATAATGCCCGGTAGCAGGGCATAGCTCATAGTACCTGTCCGTCGGGTGATATCAACTACTGGACTTGGCGAGGCGTTTTGACTGCCCAAAACCCTGTAATCTATTTGTACTTGAAGACCCCATTTCCCGAACAATTTTATGTGCTAGTGTAAGAAATTTGCTCTCCGTAAATGATACGTGGATCGCGCGGATGGATTTGGCCAATTGAGCTGAGCACGAGACACTAAGCGTCAGGATGTAATCGCTAGTGGCCCACCTGGCGGTAAGTATTACGCCTTCTTGTCAGACCATACACCTCTGTTCAGACGCAGGGGTAAAAGTCATCTCTTATCTAGCTAACAGTGCTTGCTGGGTACCTCCGTTTTATATTTGTGCTTGGGGACCCGAGCAGCAAGTTGTGTCTGGTCAATTAATCCGGTCGATTCCGTTTAACCGATGTTTACCACGGACTAGAGTATCGCCAGCCAAGGATCGTCGTCAGTTCCAAAAGGACCCAGCGATAAGCCAAGCCGTACTCCCCTCTCTGTTAGTCGGAGCGGCACGCCATCTGTCGATTTACCAATCCTCAAATATTTTACTGTCTTGGTCTGGCGCGGCGGCTGACAAGTCTAATGGATACTTCATTTGTATTTTGCGAACTTCGGGATGGTGCGCGCTCCTAAAACGACTAGGTGGTATCACAGACCTCACATGGATCTGAAAGGGTTTTTGTGAGCACGGTAGTAGATTTAAGTCGCTTCGTAGCAATCCGTAACTGAAGACTCCGCTCGGAGACTGTGGTTCCATGCCAGTTCACATAGTATGGATGGCTCGCCCAAAGCCAACATTAACAATTATACACTCGCTGCCACACTCGAAATAGGATGCTGGCTTCGATCACTCAGTGCACTATTGCGGAAATTCTGACACCAGGGAGTCGGAGAACTCACCCTTGGATTCGCTCTTGACCCGTCTCTCCTAAGCGCCGTGGGTGCACATGGTTTAAACTGTCTGTCGTACGCGATACGAATTCGTAACATGCACGGTTCAACGCGTATTTTTCTTCCTACCTTCGGAACTTGCTCAGGCTGACTTGGATGGGTAGAGCTCAAATCAACTCAAATAATTAGCAGAACAGATAGCGTAACTGTTGAAAATCGGCGCGGAGTCTCCCTAC,1954,48.82,Homo sapiens
SEQ_707460,CATGGCATTAACACGCTGGATGCACAGGGGGTCGGGCTCCTTAATCGCTAGTGAGGTAGCAGCGCAGGCCAAGCAACTATAACCACAGTGCGATAACACTCCAGCATGCCATGCAGAAGAACCACCTCGAGGCCCCGCGAGGGTAGAACGAATGCTCGGAATGAAAATGAGTAGTTCAGCTGCAGCCAATCGGAGGGCGACACCAAATTGAAAGTTAATCTCGCTGGGGACACATCACCGCCTGTACTTGGACGTTTTGGGGGATCGTTCAGCACTCTACTGACGCGGGTGCGGAGCGGGTAACAAATGCCCATATCTATCGGGACCCCCGCACGCAATTGTAGCGCAGCATCCGCAATTATAGACAGGTCGAATGACGTCCCAT,385,54.55,Drosophila melanogaster
SEQ_994440,TGACGTAAGGCCCGCTAAAATGTTCGGAGCATGTGCGCGGCCGTCTCAAGTGTGTTCTCTAAGGCCGTCAATGTATCCAACCATGAATGCGTGCCGCACTGCCAGTCTGGTCTTAATCTTAGCTCTATTTCGAACCCTACGGACCTTATCGCGTCGCTTAACCCTTGTTCGTTGGGCTAGTCTATAACTAGCCAGCTACCGCTAGTCCCCGGCGTCTATCACGGCTGGTCCGGTACATTTAACCCTACAGAAGAGCGAGGATGAGCCGCCGTAGTACACTTATGAAACGTTGGAAATCTCTAACAACTCCCTTTGATGGACAGGGGTTGGACACTCTTCGATTTAGCAGAGCCATCGTTGCTGTGAGAAGAAGATGATTCCGTAGGGGAATCGCTGAAACCACGAGAGACTTTCACTACCCAACATTTAAATCACAGTCTGCCCGTGGGTGGATCGTCCGGGACCCTTGTCAAGCGTGTATTATAGAAGAGGTTATGCAGATACTTCGGCCCGCCTCTTTTTGGGAGTGGTGGCAATACTGATAGTCGAATGAACAACCCCCTGACCGCTTTATGGGGACGGCGGGATGCTTCCGCCGCATTAGCAACGGGGTCGGCACGCAGCACTCAGACCAGTCCGTACCCTATTGTGGATGAGATGGGGTGTAACCTCATGAGACCGTTACGGCGGTTAGTCTTGGAAAGTCTCCTCTCACCCACGGGGACTCACCAACAACCTTGTCAGGACTAGTACACGTGGTGCTCCAGGATACGATTACCTTATAAAACAATCTACTAGTAGTTTCTTGCCTCGTGTTCCAGGCACACTTTCTACTAGGCCGCATTATGGCCTGAACCAACATATAGTCGCCAGAGGAAGGCCACGGCTCTCGCCGATTTTAGCGCAGCTTACATATGCGGACCCTAAATGCCCCGGTATCGGAGGCGGGTAGCGAGGCACTATAAATTGCGCTTCCCCATTCGAAGGGCGCTCAATCCTCGCACGATCTTTGCACCGCCAGTAAGCTGAGCGATTCCTAGATGCTACATGATAGGTGCCTGTTTTCAGTCAGTCACGGGAAACGATCAAGTTACTCCGAGTGGGTAAAAACAGTCCGGAAATGAGGTAGAAGCGGGCGACTAAATAAAGCCGAAATGCCACCTTGCATGGACGATCGTCTGAAGTGGTGGACGGATCTACCATCAGGTTTAGTGGCCACCATGTGATGCCAGCTGACGTATCATTGGCCGAAGTACGTTCATTATGGAAAAGCTCTCAGGAAAAGAGTACACTGCCTGGACGAAATCGGGTTTAAATGATATACTGTGAGACGCGCCATAGCATGAAAATATAAGCATGATAGATCTGGAAGGAGTAGGAGCGGTCTCCTAACCATGAGTGGTACGGAGCAGGCTAGGTCCGCCCCCGCCTGTTAGATACAGTAAGGTACACCCCGCTACCATTGTCGCAAGATCAACAGGACATCGGGACCCGCCACCCAAGCGT,1506,51.59,Caenorhabditis elegans
SEQ_236829,TGCTTTGGCGTACCTTTGCACAAGGAGAAAAAAACAGTGTAATATCCATACGTGGTTCAATTCGCCATCAGAAACACATTAATCAAGGTCCTACGTCGCGCGAATGCAGATACGCCGTAAAACCTCGTGCGCAAGCGGGCGCCTTACTTAGACGGTCGGGCGTATTCCGTATCACTACTTAACACAGAAAAACGGTCATAGGTAGGCGCTGCCCTCAAATTGAAGTGCCCCGGTTGCCGTTGTTGCCTCAAGTTTCAGGATCTAGATTCGAGCCGCGACGCCCATTGTAAGCCGAAGCGGAGCAACCAACTGCTTGTACACAAACTGCGTGGGGTAGCGCAAGGTACCGGGAAGGTGTGGGGTTGCCTTAGATTTTTTCGGAACTATTTGGGTGACGCTCTGGAAGGGGGCTGGAGGGGAACAATAGTGGGTTTATAGATGTCTGCCCCAAGATTCACGCAAAGCAAAACATTTACACCAGTAACTCCAACGGTCTGCCCTGCACGCGTCTCGATATCTTTACACATATTGTCTTTACTTGAGATTGCGCTTGCCCAATACGAAAACACTAATTTAGTAATAGTTACCGTTCACAGCCCCGCGCGCGTTAAGTAGGATAAGAAGTGGTGTACAGATCTACACCCACCCGGACTGTGTAGGAATGGAGATAAATGATGGGAATGAGGGAAGACTTAGCAGCGACCGTTATATTACTTCTAGGTCTAGCTAAAAATTCTCGGCCAATACGCTCGATGCACAAGTCCTCAAAGAAAAGCTTCATATTTTTCTACCACC,795,48.05,Arabidopsis thaliana
SEQ_905391,AAACAGAATCGTAAGCTCGCGTGTGACCTGTGTCGTATACTACGGGCTCCGGGCCGCAGGGTATACACGTCAGGAGTAATCACTGTGTAGATATATTCCGACCCTTATTGGTGCATGCCGCTATCACTAGGTAGAACCCGAAAACCCCTCACCCCACCGATTACTCCAGCTCTGTGGTTCACTCCCGCGATCCCCGTAACAGGTACCAATATGAGGATGTTCCAGAGCGCCGGAGTTTTGACGCGGACGTCCGCCGTCTTTATTCGCATACCTGGCTACACCCTCGTTAAGAGCCTTTAGATCTCCAAGGGCTGAACTAACTGAGCTTATACGCAGTTTTTGTTGCGTCTTTATCAAGACAAACTTTCTGGTAGACGAACATTTACATTCCCGCCAGTCCCGGTTATGGATTGTAGTACTCTCGCACGGAGTACTAATCAGCGTCTTTCTTAGGGCCGTAAGTACGCACTATCCAGGAGCGGGGCTAGATCGGCAGGCGCCTCTAG,506,51.58,Arabidopsis thaliana
SEQ_112999,GTGCTAAGCATCGTGAAATGACAGTTCTGCTTCGCCCCAGGAATCTATCATGACGTAGCCGCCGATGCCTAATTTTCAAACCTCGGTATACGCTTAGGGTGAGCGATATAGCCAAAAAATGTTGTGTTCTGATTCCATGCGGAACGCGCTTGCATAGCTCATGTAGGAGAGACTGCCCGAGGAAAACGAACGAGGCGATTTCTTATCCTTTTCCAGGACTTGCGATGTCCAATGTTGCCCGAAGGGGTTTTGCCTTGTGCCATCTCGTTCCCGGCGTGGTCAACTTGTAATACTGTACCCCGTAAGCGATACTGGGTAGAGCCCACAGTCCGCCACTGCATACCTTATGGCGATGCGCCGTTAAATGCGTTTGTTGGCCTGCGAGCCCCAATTGCGGCGCGTGGTGGGAGTACTCGACCTTGACGTTTTCGGGGAAGCTTTTAGAGTATTGAAGTGGCAGGAAGAATGCTCATCCAAACCTACCGGAAAGAGCTGCATGACGCTTGTCTTTGGTACTAGTAATAATAGGTGCGTCATTGTTGAAGGCCCTAACGCGGTGAAGATATTGAGACGTGGCGAGACCGCGCCTTAGTCTGGGTATGCACGGTTAATCGATCCGTATAAAATTTAGTTGAAAGTCACACATCTCCACAGTCCGTTTGCTTCTTGCAAATTTGGGCTTGATTACCACCTGACGTCGCTTGGGTCATTATCATGTGGAAGATGGCGTCAGTACATGGGCGATGGACAGCGAATTGATCGATTCATTTACTGAACGATGATCATCGAAAGACACCTAAGATGAAATAATCAAACTGAGGCCCGTTATTAGACGGGAGATGTATCTCTTTACGACCCATCGCAACCCCTCGCGAGTATTTTCGAAATCATGGACGGGTTTAGGGGTGTCTAACCAGTCCGCGCAGTGCGTATGGCCAGGTCAAAGAATTATGTAAACCTACGGAAGCTGTATCTTTGGCGAGAGTCGGGTCCCCCCGTGGGCGTTTCCCTATGCGATTTCTTTGAAATTCGGGATCTCAGCTTGTATAGTATCAGTAGCGGTCATCACGATTACTCCCTACATTCCTACCTCGCAACAGCACGGAAGGGTCAACTAGACAGATTGGGTGCCAGCGCCCTGAACTTGTTGACGCGCACACGGGCGTGTGCGGCCGCGTAATTTATCTGCCCATAGTCAAAACATTCTACCACCGACGCTAACTTTGCACGAATCCTCGACGTATGGATGCCCTGTCTCGACTACTCGCTCTGTCCGATAGCCCTCAAGTTCTATATCATTCCCATTGCCTCCCGACTGTGTCACGTACGGATCCTTCGGTATTCGTTACAATGTAACTCTCGTGCCACTTTAGGCGTTAGCTCCCCCAGAGAGTGAATTAAAACTGCGAGATAGTTAGGCAGCCTCCTTGCCTATCATGCCGGCTAGTGCTCGAATACCCGTTTACCACTGTCATCATCACAGCGTGCTCTCCAAGCATGATTGCTATAAGTCCCATCAGATAATGCCCTATCCTACGAGTGCCTTTGCCGGAGAAATTAATCACGACTTGGAATCGATTCCATAGAACGCTGCGTCCCTTTGAAACTAACTCGTGTAATGACGAGTAAAAGGGACTAAGTAGGTACGATTGTAGACCGGTAGTGACAAATAGTCTGAGTTCGCAAGGTGGAGTTGGCCTCACGCTATGCATATTAGCCCGAAGCTATGAGGACATCATTGCCCGCGACCTAGTACCGTAGCAAGGCTATCAGAGCAGGGCCAACACGGGCTCCGAACTGGCAGGCCACGATACCTCATCGGTGAGGCCGCCGTAGTCCATGATAGTTCAAA,1852,49.95,Mus musculus
SEQ_883578,TATTTCTACGACATCGCCTTCCGCATGTTAACTGATAAGAGTGCTTGCTCACGAGGTTAGCGTTCGTTGTAAGTACACTCCCGGGCTACTTGACGACTTTTCTGCGCGACCCTACCCGCAGTTCGCCGCAACGAAGGAAGGAGATACTGCGGCTCATAGTTTGGTTGTAGCGTTGAACTAATGTCTGCGTGATATTGGGTGGTGACCGGGCTATCGCGTCTAAGAACCGCCCAATCCCTGTTAACCGCGTAGACAAATCCACGAATTCGGCATTCGGGTGACCGGCATCAAGTAAGTCGTTCAATGGGCGATCCGATCTGTCCGGGAAAGGAAGGCACACACAACACATGGAATACCGGTTTAAGAGACCAGGAATGTCGTCGATTACGGGTTCTATTAGCTGGAGCCAGTCAGTTGTAGCACAATCAGGGCTAGAAACCGCCTCGCGGTATAATCCCACCGACGTTACATACCTACTGCATCTG,485,51.34,Homo sapiens
SEQ_782817,GTATTACCTTCGACCGTCGAACTCACAGCCCGATTATGCTCGGGACCCTTCAGGGAGCCGTATTGCAAGAACCCGTGCCGCAGTGAAAGCTGTCAGCGGGACAGAAGGGGAGTAATACCGAGTGTATTCCGTTAAGTTAGGAAGTTCGGGACTGGCAAACATGTTGGCCAAAATACTGCGAGCTCCCTACCATGTTTTTTTCCGCCGTCACTAGCGTGCAGATTTAATTTAACGTTTGAAGAAATCTCGAATCAGCCGATGCAGGCACAGCCGCAGGTTCTCGCTGGGGTATGCTATCGCCACTAAGGGAGCAATCTCTGATTAGACCAGCTATCTTCTATAAGCATATAATCTTCACCGTGGGCCCCCCGACGTCGTGCTGGAGGCCCACATCCGCAAACGGCCAACGACATTGCTGTGTGCTGGGGTTAACTATGCTTGTTGCGACCGGTTCTACACGTTACAGGCCATGATACCTCGCTTGCGGACCTAAGCTACTCCCTTCCGCATGAACGGACAAAAAAACCACAAACCTTCGTAGCCCGGACTCCGGCAAGAAACTATACCCTGTTACTTAAGCTGCTGTGCACCCGCACACTTAGTTAAGGCAAGTTGGGATGACTTCGTGCACGTTTCGGCCTCAGACCAATTAACGAAACGATATCGACCCAAAACTTAAGAGACAGTTGATCATTACCATGTGCAATTTGTAACGTCACTAACTACATGCAACATCGGTCCGTGGAGCCCGACTAGTCTAAATCGAAGTTAGTTGTGCCGTAACACGGGAGCGGTCTGGCCGCACAGACGCCACCTGGCCCTATATGCTTACACATCCTGCTCGCGCGGGCTCGGTGCAGCGCTAGCTCTATTCCATCGGGAGGTTAACTGGCTGACAAAGATGATCACAAGCATATTACGATCATGGTCCTGGCCATTACTGTCATAGATAGTAAGTACGTGCCTTGACTATCGGGTCACAACAGACGAGACCTCTTGGACATCCAATGCAAATGTTCGAGTAAGCTCGCGTTGGTACAAAGTCACTATTGTACGTCCCTTGTTGAGGCACAGGGACTCCGTA,1084,50.83,Caenorhabditis elegans
SEQ_279972,CAGTCCTATGTGCCCATATACCGAGGAGACGAACGAGCCGTTCGTGTCGTCTTCGAGATTGTTGCTTACAAATACGGCTTGTGGGCCCATTCAAACGCGATCGTTAGAAGTCGCGTTAATAATGGCAACCTCGACTAGGGTCTGGATCGATCGCCCACATTAACTAATACACCGGATGGAGAAAAGCTGATCCGGGCTCGCCGATACTGGATATCATTTAAATAGTATGGGCCGTTGGACATGCATCGATTCCTGCCAGAACGCCAGGAGGACCTAGTAGTAAACCTTGCCGG,293,50.51,Caenorhabditis elegans
SEQ_192223,TCGAAGGTCCGAATGCGCTACAGGTGTTAAGAGTTTCCCGGCTAAGAGTGTACCCTAGGTTACGATTTATAGAGTTAATGTTCGGATGAGCCATCTACAAAACTTGTTGTGGCACTCACACATGCTTCATGGGTGCCAGTGGTGAAGTCGCACTTCACTAGTCTTAAGGCCGTGCCCTGTTCTCTGAACGCCTGTGTATGCCAATGTTAAAGATAATGTCGCAGAGGCTTACCCACATGCCCTCATGAAAGGATGACTGTAGAGTGTGTACCGGTTTCCGCGGGTACTCCAGAAAGTTTCCAAGTCGGACCGTTCCACGAAGGATGGTCTAGCTTAAACCCCCTACCCGAAGCTCTGCGTTTGGAGTTCCGGTATCCAGGGAAATCGTGCTAACGGAGCAACAAGGCAATAGTCTTTCTCGGCCAC,426,50.0,Arabidopsis thaliana
SEQ_277881,TTTCCCTTTTTTAGAGATGAGACTTTCCCTCGATCAGACTAATTGCTACACCCTCAGGACTGCATTGCCTCTTAAATTCGATTCTAATCTATCCGGCGGACTTGCTCCGCTGATCCACCATCCCCTATAACAGTCACTGCCGACATTTGTAGGTCTTGCCCAACGAATAGCGGTTGCTACTACTCTTCAGCGACGCCAGTCGTACGATTAGTGGTCACGCTGTGGGATAGCACGTGGCGCCCGCTCGCTTACATTGGTAATGTAGAGCGTCCCAACAACTCAGTCGAATAATAAAGTTTCGGCACGTCGAACCTTCGTGCTTAGCTGGGGACACGTGAAGCTAGGCAAACACTGAACGGGCGTAGTAGCTCATGTACGATTATAGCAGACTT,392,49.49,Arabidopsis thaliana
SEQ_229954,GAGTATCTACCAACGTACTACTACTCGAGGAAGGCTAAGGTTGCTTCATTGTGAAAGCTTGCCGTGAAAAGTCACAGTCCACTTTCGTCGGAATGGGAGCTCTGCGGCGCAGACCGGAAAACCTTTAGAGTGGTAGGAACTTCAGGGAGACCCCACCGCACGATCAGACAAGTTCGTGGTAAAGGCCCAAGACTGGGATCCGAGGTCTTGGTGCAATATAGCCGGGTTCGCTGCTGGTTCGGAGAAGTCCGCGCTCGCTAGTTTGTCAAAGAATCGCTCACAGTGACTGAAAGGGTAAAACCCCCATTTATTAGTTCTAAAAGAAGACTTACGTAAGCTTGTTTTCCACTTCATAGCCTAGATAGTCTACCCGCGGACGTTTGCGACGATCCGAGACGAGACCAGGAATGACTAGTCATTACCCCACTGTTGGGAACTAGTATTACTTGCGCAGATTACTTGGGGCACACGCGAGCCCGCGTGTTGACACTCCATCTCAGCAAGGGTGTCTGTATCCTTTTCAC,524,50.57,Arabidopsis thaliana
SEQ_988764,ATATAAACATAAACCCCGCACGGACACTAAACAGCACTACCCCATGGCTTCTTGTTCGGTAGACCAAGACACCTTAAGGGTTTGCATAGACGGCCAATACAAGAAATCCATACAATTTTAGCATCGAAAATTAGATATCCCTGAGACTCTTCTTAGACATGACGTGATCCCAACGGGCGTAGCACAGGGTCAGCAGTACGTGCACATATTGGGAGTTCGTCGCAAGTACATCGGGCGGCGCCTGACCGCCCATGATATGGAGAACTTGTAACCTGGTTACTATGCTTTCCCTTTGAGGGCCTGGTATAGTGGAAGGGCTATTGTGGGAATACCTATTTAACCATGCAATCTGACAAGGGGATTGTCCTCTGTGTTCTTCTGGGACTTCCTCGGCCTATCAGGGTAGACATTTCGCCTACGCCTGCACGCAATGACCGATCGAAAGGAACCGGCGCGCTTTATACATGAGGATACCGGACAATAATGGGCAATTAGAGCTTCGATACCCGGTCGGACCTATAGAAACTGG,529,48.77,Homo sapiens
SEQ_912977,TGAGGGAAGATTCCCCACCTGGTCGGGGAATAAACTGGTGGTGATAGAAGTGCCTAATTCAACCTAGCTCCGCCCACTGAAGGTAATACGTGAATGCTTCGTCAAGGACATCAACACGCGCCTACGTGTAATCTGCTGGACACCATTCTAAAGCTCCTACAATGTCGTTTTCGTACGCTATGTCAATACTAAGGCCACCTCGGAGCGTTGTTCACGACCGCCAATATGCCGAATAACCCGAGACTGGATTCCAGTGGGGGAGTCGATTGTAACCTATAATGAGAACTGCGTGCCTATAAATCATCTTCAGCGATAGTACAAGGAGGACCGGTTTACGGTGGAATGCAAGATCTGCTAGCCCATTACCTCCTATATTTGTGGTTCAGAACCCACGATGGCGACTACCCTGACACGTGCGCTTGTTCCTTAACACGTCCAGAACCATCTTGGACTTCACCGTAACGCTGATCCTCACGGCTACAAATATGGGGGACCAGCTCCTTCTCT,507,49.7,Homo sapiens
SEQ_498004,CCTCCTGCATTAATTAATAAGGACCTTATCATTACAATCGTACGGGCCCTAGTGTTTAGTGACGGCACGGCTTGCACCTTTGCAAGCATATTCGGATCGATGAAAGCGCAGGCGCGCGAGGCAATCTACGCCTGTTACTTAAAATAGCACCCGCGGTGAGGTAGACCAGCCGTGGGTCAGTGATCAAAAACTACGTAGTGTAGGACAATTAGGACCCGACCGGACGTAGAGACGAGGAGGCAGAGCACCGAGCCACACCAAGAACATCTCTAACACCACAGATTGCGCTGCAGGACCAGAGTTCCCGTCCAGAGCGAGGAATTAGAGAACGGAAAGCAGATACCTCCTGCAGCAGTCCAGAACAGCCACAGCAAGTGCGGGCTTCTTAGCAAAACCAAGCATTGCAGTAGCGCGATCCACCGGTCGAGTCTCCATGGGGACTCCAGGGGGGTGCTTTGATTTTGGACTCGGCACTTTTAGGATCCTCGGCTAAGCGATCTTAAGCGACTACTTTTTCGAATTGTAACTCTATGGATTGCCCTGGCGTCAGCATGTAGACTCCAGTCTGCCTTTGCCGATGCTGAAATCACCATCAAAGTTGGGCCCCTACCTTCCTCGAGCAAGCTCGAAGTTTGTGCTGGCCAACTGCGACCGCAACCGACGCGTGCCAAGTTAAAGTAATGGGCACCCGCCCGTAGAGATTCCCCTGTCTTCTACGGGGCGAGAGTTCGGCGGTTGACGTACATGTCGCGCCTCCGTTCACCATCCATTAGGAGAAGTAGCCACGTATTAATCCAATTGATTCTTCCTTGACTGTCATGGTCTCATAGCGAATGGGGTAGAAGAGGGTAACACGCAAGCTGGACCAATTGAAATCAATTTCAATCAGGTTACCTGACTCCTATTTTACCCGCCATGCAACCCTGGGATAAAGTGACTTTCTAGTCCCAACTTCTATGAGTTGTGGCTCCGCGAAACACAACCGCCGCACCAGTACATCAGGGATTATCCTACGGGATCTGGCGTCTATCTGCAGGGCTCGCAGACTCGTCCCTGTGCGTTTCCATGAGGGTCTAACTGTATTGACCGCGGAACGCGGAAAGAGGTCGTGTCGCAGACCGGCGGGTTGGGATCCGTCTTAAATGTAGACCCCGTGCGTGTTAAATCGGAACTCCCCGATAAGTACTTAAAAATACGCGGAGATCGACCGTGGATATAGATGTTAAGAGTCTGACCTCAGAAAACTAATACAAACGGGATTGTCGCGGTAGTGGTCAGCCCTAGTTTGCG,1290,51.94,Drosophila melanogaster
SEQ_901951,TTATACAAACGAACCCCAGGCAAGATACCGGAGCAGGCACTCATTAGAGTTACGGCGTCATCTGGATGTTACCTTGCATGTTTATTTTCCACAGCCTCCTTTATTGTAGAGGGCACCGGACTCGACTTAATCCATATCCTAGCGCGATGGCCGCGATGATTAGTCTGCTCCACTTCTCGGTTCGGATAAGAAATTCGTACACAAGGTTGCCAACTCAGCGGGGGAACCAGCAAGAGTTATAATCTTGCGGGGGCCGGCTTTTACCGTAAATCGCAAATAGCTGCCGGACCTAGCCCTTGAGGCCCACTTTTAATCATCCTCCCATAGCTACACGG,335,50.15,Saccharomyces cerevisiae
SEQ_239998,CGTATAGAGCACGGGCCGTAATCAACACAGAGACCATGCCAAACATCGGTCGAGCTGACGAGAGGCCAAAATGGACTACCAACTGCTGGAGTTCTTTTTTGTCACTAGTATGTACGTCATAATTATCAAAAGAGCGTACAGCGCTTAGAGGTCTATTGTAGTTTCTCACTCAGCTCCTGACCCAAGAATGTTAGTCTCGCGCACCCAACGTAGGGTATGAACGTGCATCGCGTAGTGGGATACTTACTTATAGACGATAAATGACATTAATACAATCTTCCCTCTCAAGCTTTGGGTTGATGCAATCACTGCCCACAGAGGATATCTTGCCCCTCTTATAAGTTTTGGAGGATTTTTAGCCCATCTCTGGCTCGGTATCTACGTGATTGTCTTTAAGTAACACCATCCGGTTTGCCGTTCCAGAGCTGCGATCACAAAGTGGGGAGTGATTTGCTGGTCTAAGTG,465,46.02,Homo sapiens
SEQ_330409,AACGTGCCTACCGAGGACCAAGGAGCGCGCTACGACTATTAGCCCGTCCAACATCTCTATACTTGTCTTTACCCGCCTCCACGCTATTCGGTCTCGTCATTGGGTTCAACTAGCCTATTGAGGATCCCACCGAGACAAGCCAAATCGAGGATCTATTGTTGATAAAGACCCGACTTAAAGGATAGGTTCTAGCGTCTCCGTTCATTGAGTTCTCGTAAAAGGTACACTATCGTTGTAGTCCGTATTCCGCTCTCATTGCCTATAGGCTTGTAGAGGTTTACGACGGACTGCGGCTTTCTCGGGCTGTATTAGCTACTCCGACGTAGTGATACACGGCTAATCAGCTAGTCTCTAAAGGAAGTAAATACCTCTATACAAATTTGTATTTCATCTCTACACTACAGGTGCTAGCCCGGGTTGCACTATCTGATGGATTCGAAGCATCTCAACACTCTCTCGCTTATAACACATATCAACAATTGGTAAGCATATCGCGAGCATCCATCTCCACCACCATTCTTATCTTCCTCAGCACAGTGTGTACATTTGCTTGCATGACAGGCGGCTGTCTATGGCAAGGATTCAAATGTATTGTAGCTGAGCTATATTCGCGCGATCTGGAGGGCGATTATCCGGTGAACATCAGTCGTCGTGCCA,657,47.03,Mus musculus
SEQ_853418,TCGCGCGCGGGTTGCGGAGTCCCAAGAATCACAACCCTGCGACAATAAGTACTCCCCGAGGATTGCTGGTGCTCCATCAAAGATTAGCGAACAATAATGGTTATTCACCTATGCCTCTTAGTGACTAGAGTACACCAACATTGTGTTGCCCGTGCCACGCACAACTTGTAGTCAAAGGACCATGCGTGCATAAACTTCCGTAAATGCACGATCAACTAAAGATGAGGACTTAGCTACGCACGTATCTCGTGTAGTCACCTTTTCGCTGGACAATCAGTTGGTGTTATTCACAATTGTTTAATAGCAGCTCGCGGTCACCGAGGACACCCGCGAGTAACCGGTAGTTCACCGCCGTGGGTACCAGTAATGAATGAAATCCGATGACCAAGTCATGAACCACTAATGGAAGATCCGGGGTCCGGGGCAACTACTAATCTTGTCCGGTCTGATAACATACAGAAGGACTTACAAGCTCT,476,48.53,Homo sapiens
SEQ_163405,TAGATCGTGCCGCAAGGTTCTCTTCGCAAGACATATCACAGATCATACTACCCAGGGATGTTTGCCTGCGTGAAATAGCCATTGCGTGAGGAGTCGGGGGCCATTATTTATGATTGCCGCAGCTAAGAATCAACCAGTGTGGACGATGAAACCGTCGCTGCGGTTACAGCGTCCCTATCGCATAGCGCGAGGTTCTCTGAGTACACGGCCAATCTGTTGCACTAACCGGCATCAGTGAGTCAATCCGACCGGCAATTTATGATTAAGGTTCCCCCCTATGCCGAGAACGCAGGCATTATCACTGTAGCATGTCTGAAATGGCACACGGCACGTGATGTACGATCCTAAGACTAAAACACGGGCCGGGTGACGATCGATACTCCTCTCATGCCTGAACTTTAACGGGTAACCCCATGCGAAGTTGCTTACAAGGACGCGCCGTTATTAACCAAGATAATCTCGGTCGACTAAGTCTGCTCATACGTGTGCGCGGATTTCCAGCATCGTAGTTAAAATAGGATGTGTAGTGTATTATTGTATGATCGATAGACCATAGCAGCCAAAGCCTGTGTATGACTTTGTTACAGGTGAGGACTTCCGCCTATGGTGACTAGCCTCTCCCGTCCGATATTCAAGAGCAAGGTGCTACGACCCATTTATTACTAATCGCGACTTTAATGATACATAGCCCATAGAGGCTATCAGGTAGGGGCAAGTCATGAGACCCCTAATATATCT,738,48.51,Saccharomyces cerevisiae
SEQ_357264,GTGTTACTTATCGTATCAATTTAGTAAAAACCTAGATATCTAATCTGAGTTGCCGTCCGAACGGTTACATGGCTACCGGATTAGTGTTGGCATTAAAATGTTTCGTCTACATTCCTATGATTACTTAGTATCCCTTAAGATGTTTGATGGTGAGGCATGACGGTTTCCGAAATCCGGCAGCGCGATTCAAGGCTTCAGACATTACAGACCTTTGCACATTTCATTGCCGAAACAACGTCCAGTGTACAGTGCAAACTACCCGCACGGAAAAGAGATGCACACCCAACTATCAAGTCGCCTTGCGAGTTGCCGTGAATGCGACTATCGTACCACCCTGGGTGCTTTTCCGAAGGCCTTAGAGGGCGCCAGCTGACGAGAGTTGGAGGCCGGCTTACTGCTGTAATACCAGCCTCTAGCTACCCAAAAGAGTTCATCTAGCACGGCGGTTACATTGTTGCTTGGGAGGGCGCTTCACACACGATACCCTAAGGTATAAGCTCTCGCCGGTCTTGTTGACGGTTGGCTCACACTACTGCCGCGCCCTAGCGCTTTACTCAACCAGGAGCCCCGGGCTTGGACGTGCGGTACGATTATGCCTTAGTTTGCGATCTGTCCGGACCTGACTTGGTACCACAAACCGTTTGGTAATACGTTGACTATATCTACAGTTCGCGGTCACTGAAGACATGGGTAGTAGTTCTGTCCCATTTTGACCCCTGGGAGGCTCCCCAGTTAACCCTCGGCCGTCGGTCTTCAATGTCCTGATTTGGAACATGAGTGTCATGCTAAATCGCCCCCATCGAGACCCGCTCCGGCTATGAGGAGACCTGAGGTTAACGCTGATCTTAGCAGCAAAGGACAGTAAGGCGCTCCAGCCTTCCAATGACGGCATGATGCGGCAGTCACACTCATACAGGGCTGTGCCTATACGAAAACTACACATATATCGGCTCCCAGCAAAGAGGCAACACAAATCGTTTGTAACTGCCTCGTCTCTACCTCGCCTGACCCGCTGCTCCTCCCCCGCTGCGTGCACAGGATGTTATGCGAAAATCATTGAGTATAAGGCGCAGAAAGGAGACATGAGCGGGTGCTCCCTCTAATGTAAACACGCTCGTAGTGGGTCGGTGTCTCTGTCTCAAAACTATGGTGTGCGTTTCTTCGAGTAAGCCCCTAGGAATTCCTGGATTCCGCCCGTCCTGACTTGATCCTATGTAAGTAAGAGAGAAACTGTCGTATAAATGTGGATGGCTGAGAACTATCCTTAAGTCAGGCACTGTTGGTCCTGGTTGTTGAATCCCACATGATAAGCGGATATGGCTGGAATATAGCTAGCGTTACGAGATCTAACGTGGGGCTATATTAGAATTATCTCTCTTGCCTGTGAGCCAAAAGTACTTGCATACGTCTCTCGCGAAATTGGACGTTAAACAAACGAATCGTGAACGAGTTAATTGTGAGGATCGTTTGTTATATAGCCACCACTTTGCTTGCTAACATACTGATCACTGGCCCGAGGTGGTCGAACAGGGGGTACGAGAATAACCGGCCGTCTCCTACATTCGCTTTCCCACATA,1577,49.59,Homo sapiens
SEQ_347692,TATTTTATCGCGAGGACGGCGAGGACGAGCGGAAACACGGCCGTCGGGTGGTTCAAGCGGTAATTAGCCTAAGCGTCCCGCTCCACATAATCGCAAAGAAAGACCCTTTAACCGGGCTAATTACAGCATCGTTCGACCGAGCTAGGAGGTGCCAATAAGGTAGTCTGGGCGACACCCCTCGAAAGGAGACAGCTCGAGCATGAGCACAATCGGTTTTATGCGTCAGCAAAATCTTACTGCGTTCGCGGAGGGCGGTACCGCTAGGGAATGGTCTTGAACCTTGTCTTTGCCTTACCCACACGGTCATATCGAGATACGAAACGGAGGGTACACAGAGAGAGCTAAATCCCACAAACGAGCTCTGCTCTTAGGTCTACTTCTAGGGTTTTATAACACGCTTGCCAATCCCTAAATTGGAGAACTGGTTTAGGTCTAGGAATTCCGCAGTCGAAACACTTCAAGATAAGTAAGCCAATCCTGTCCGCGAGTGCTTACAAGCAATCACTAGGGTCCCATATCTGATCAGCCGACTCGAATCTAGAGAGCAAATAACTTCACGCATGCCCCATTCCAATTTACTTCGCTGACGCATCAACGAGCCGAGGCTTGCTCTATTCGCTGAAAATGTCTCGTTGAATCTCACTCCATCCTGCCTAAAATGCTTAGCCCTATCCT,675,49.78,Arabidopsis thaliana
SEQ_571598,GTACTTCGTGGTACATCTAGCGCTCGCTTACTAATGCTCATCTAACGTACATACGATCCTCGTGAAAAGACTCGTATCGCCGGAGGGAATTGTGCATTCGATATGACTTTTGCGCCTACACAGCTCGTTATCGCTGTAAAGACTGTCTATACCTGGCACTTTGAATAGTACTCAGCTTAATTCTGAACTACAGCCAGTATAAGTACTGTCCACTCAGGCCCCGCACGCCCAAAACTCTGGCTGGTTGTTACCGGTGGCGCCTGATAACGGCCCACAAGCTCTTGGGCCACAACAACAATGCTCCCCTTCGTTGCTATTCTGGCCACCCCACCTACCCTTTGAGTAGTCTTTAGTTCCACGTTTAATCAAGCGACGTGCTTCTTAGGCGCCCCCGACCTGGATTTTGCGTCCCTCAGAATCCCTGGGAGCGATTAGAACCTTTTATTTCCGCCCATCACCACAGGCTGCTAACAAATAAGATGGCACACTCCCAGTTTTGGCCTTCATATCCGTTATGTATAGCTGAATGGTGAAACTTATGGTACCCATGCACCGATTGAAGATAATACATAAACGGCGCATCATTTTCGCTTGGCCAAATACGGAGGATCTGCTAGGTATGAGATCGCCTCGCTCACGCGTGCCCCCGAAGACTTCGCTAGT,663,49.47,Mus musculus
SEQ_608434,CCCTTAGTAATGATTTTATCAATTGTAAATCGCATTCCGGAACGAACAGCGGGAATGCCGGACGACCTGGATTAATACATCAACTCAAGAGTTGGAGCGGGCTATTTCACCACGCTCAAGAAACAGGCAGCTCTACATCACTAGGCTCGGAGCTACTAGCCTGAGCATATTTCGTGCCG,179,48.04,Mus musculus
SEQ_263656,TTATAGATCTCTTTTGCACATTCTAAACCAATACAGGCCGCAGCGAACAGACCGACGGATGCGTAATGGCGTGATTGCTTTGATCCGGTTGTGGTCTAGCGAGCAGCCAATGAACCGTGCGTTCCCGGCAGGAAAGGGACCCGTCGGCACTTAGATTTCGTTAAACAAACCTTATTTAGACGGCACTATGGTCAGATGCGGCCAAGTCTGTAAGCAATCCGCTAAGCCTTCGGGGTCCGCGAGAATTTGCCAGTCGTTGGATTCTAGGTCACATATTTTCCCAGCTACTCCTCAGAGCGTCGTTTAAATGGTCACCTTGCTTCTGACATGGATGTTGGGCTTTAGGCGGCTCAACACCCCTATTCCGCCGCCGCCTTTCCCAGACCTTGTCCGTAGCGATGCAAATACAGATAGACCGACAGGGTCGCATACGGCCTGCGAAGAGGTCATACGCTCAATGCAAGGCGCACCAAACGCAAGTCACTGAGACTAACACACTGCTTTGTCTGCCTATTAGGGCTGAAGGAATGATTGTTCTGAGAATAGTAACTATAACGAATGATATGGTCGCGAACTATAGTGTGCTCAGACTATCACTGGGATAATGGAGGCCAGTCTCGGTAGGTCGCCAATGGACCGTCCAACCGGAGGTCAGATCGCGGAAATTGGCAGCTTACTCTCTTAAACTCGAAAATAACGTGTGCTTCTCCGCCACCGCTTCCTTTCTTTTCAAAGAAGTCAGACGTGAACTCGTTGAGGATTTGCACCCCTGACGGAACGCGCCAGGCCCTAAGTTGGTTCATCGCTCGGCGTAGAGCTTACTAATGCGACGTCCTCAGTGCATCATTGTTCCGCCCTTGTGGTGCGACGTTACCATTCCGATTCGTTTAAGACTTACCAACGTCACGACTATTGCGGGGATGTTTCGAGATATCTGTCCCCCAGGAAGAGGTATGCAGACGAGCCATTCCGGAAACCGAGCGTAGAAGCGTCTTACCCAAGGCTTAGGATTGTGGCCGGATACATGGCCTGTGAGTTTCAACTAAGGTACCGCCCCTGCTATCCAGTATGTTTCGACAATCTGAAATGTTGGTATCCGACGAAGATGTTCACTATCACAGCACAAATTTTTGTCCATTAACTGCCGTCCGTCTTTGCCTGACAGACAAAGTTGACAAATGAAATGCAAATAGTGACCCGATGTGAGCAGTCACACAACGTAAAGGACTGTATCTACGCCAAAGGTTCTTCGTGCTGATTACCTACAACCAAATAGTATCTGTCTCATATACGACCATATGATTGAACCCGGCACACTCACAGTGCCTACCTACAGGCCCGGTCTCTAATCCCGTCGGGTAAGTAAACATTGTAAGCCATTATATTTCACTGCCGGACCCTAGACGCACTCCCCTGAGTCGACCCACATCTTAGCTTGCGTAGGCGATAGAAATCCGAGCCTTCGGCGGATTCTCGGGTCTCGTCGGACTTTAATAAATTCATCGTGGACGGGTGTTCGTCTCGCGTGTGGACGCAGCACCTCCAGCATCGTAATTCGGTCTATTTCATATTATACCAGTTCCAGTTATTGCCAACGTAAACGTTTTTGGGGTGGGTGATAGACAAGTGCCACCTCCTACTCCAAATCTGTGCAACTGCATCTCTGCGATGACGTAAGAA,1680,49.64,Homo sapiens
SEQ_112188,CGGCTACGCAAGGGCTTTGGTAAAGAACTAAAGGGTATCAGTCGGTCAATGATGCGGCGGAGTGAGAGCATTCAGAAATGTGTCAACTAATGGTGAGAACAAGGCACAGCATAACTGCCACAGATTTGCAGTTCGTCTGCCCTATTAAAGTTTGGACAACAGGGGACTCCGAGCTTTACATCGATCGACGCCCTAATACCACGACTACCACCCGATCGGAGCGTCGGCATTATAATGGTGACTAACAAGAACAACTATTGCCTATTAGGGGGTTTACACGCTGATAAGTTTTACAATGGGTGCGGCCGAAGAATATCTCATCCCGTGGCGCAAACTTAACCCAAATAATCTAGCAAATCTACATCAGATGATGCTATGGGGCAAGACAGTACTAAGTTACTTACGTTCGGAGTTACAAGCGCTACGGTCTTCGTCGGGCACGTTCTCCTAACCTACTCAAGCGCCAACGTTGTGGGGTCGATCCCTATCAAGCACAGTGCAAGTACCGGTTTCCAGTGTTTACGATATTTATTGTCGGCTGTCTGATGTGTTGCATGAATATCTGAAATTTTATGGAGTTACCGGCTAAATACGGGAAACCACATGCTAACGCTCTAAATTTTGAGAGATACGGTGATACACTTTTATACACTAAAGTACGGGGGCAGAGGGTCGATCTCGATAACAAGCGGAACGGACACAATGCCCTTGTCGGCACCAACCGTACCAATCTTCAGTGGCCTATTCCAGTTGTTAACTCCGCTCGGATTTTCGTGCGATCGATGTGTTATACTAATACGAGACACGGCAACTCTATAAAACAAGATTAGGCGGAAGCATATGGGAAGATGCTCATTGAGCTGCAGGTTCATATCGGGGCGTCGCACCGCTCACTAGTATCGA,903,46.95,Arabidopsis thaliana
SEQ_445105,CAGAAGACACGTGCAGTCCAACTAGACTAGATCAGGGGTCTCTTTATGACCAGACTATTCATATACTCGGGTGTCGCCACCGGATGCCTCGGAAGCACCGG,101,53.47,Arabidopsis thaliana
SEQ_410742,TGCGCTCTTCTTTCTCAACAACTACACCGAGTGTCGTGAAGACAAGACTCCTTATATCCGATATAGTTCTTCGTACTAGGGCGACAGATGTAAGTCGGGCATTCACCACCGGTGCCCCAGATATGGAATCGGTTCGCTCCCTGCTCAGTTTTAGCCATTCGGCGCCGCGCAGTCACCGCTAAAAATCGTTCCTCGTGTTGGGTTCCCCATGTGCCAAAGGTTCATCTGCGCTTAGGGGGCCCTTTGTAAGTATAAAACCACCTGAGTGAAGATCAGACCTTGGGTTTCCTCAATGGGAGTGATACGGCTCGGCCTAGTACACAGCTTCATTCTGAGGCAGCGCGCTAACCATCTCTATGACGTCATGCTCAACCGCGTAGTCCATAACGTTGCACCGTCATACTGCGTTCATACCTTTTCCTATACCACGCCGGAGAGCCCTCCCCATCTCGGGAGTGGAACACGCGCCTTCGGGCAGCTTCTCTTGCCCTTTACAGATCTTGAGTACCCGTCCAGTGTTAATCTCCTGGTACCGTTGCGCTCTGTGTTTACCCCCAATACAGACCAAATTACGGAGTGCAGCAGTCCACACGAAGCCGTTAATGGCTGAGCTCTTATGAAAGTCGCAGTGGACTTAGGCCGTTCGTCATCTCGGGCCATGGCCTCTGTATACAGGACTAGTAAAGCCATGTGGCATCTATAATTTTGAAAGATTTTACTGCGGGAGGGTAGTACGGAAATACTGGCGTGACCGCGTGAGTACTACTTGCTCGTCGTTCAGCAAGACGTACCAAAGTCAGAATTCATATGGATGAGTCAACTTGGGAACTCTTACCTGTTAACTAGAGACCGTAACCCTCCAAAACCCCGCACTGCTAACTGTTGTTGGCAAGGCCGCCGTTATTACTCACTCAGGGCTAGCGTCACAGTTACAATTACTCATAGAATCCTTATTAGGACATTAGTCCTGAGCCCACTAGCATCAAACCCCGGGAGTCTCCGTTAAGACATGACACGCTTTTCTATCTGAGTACACCCTTTTTATGCTCGGCGATTGAACCGACAGTGTGGGGGTGGGTCGTGGCAGCCTCGGTTGTCGTTGGTAGCGCCCAAATTTGTTTTCTTTGGGCCTACTATGACATACACAGACGGGTGATTTTATTCAAATAACGTGAAACTATTTTTTGCTTTTATTGGGATTCGGTTCTTTTCAGTGGAATTTTCCCGATGGGCTAGGGTCCTCCTATCTGTCAGTACTCTCGATTGGTGCACATTTCCGCCCGAAGCCGGGCACGCGCGTCCTAAGTTCTGTGTGCGCGCGTCTAGTCGCTGAAACCTTGCATATTGGACAGTACTACTTCA,1362,50.07,Homo sapiens
SEQ_882760,ATGGACGCGTCACAACCGTTCCCGCCAGTTAGAATACTGTTGCTTCTGTTCTTTAAACACGCATGCCAAATTGGAGACGACGGCTTACGCGGTCGCAAAGGGACTAGTTTCCATCATTGTCGGTCAATGCAACGAGCGCCCCTGTAGTAATCAAGTCTCGCAATACTAGCCTCATCAACCTGTTTGCGGAGCCAATACCTGACAAGTACCGCTGACTTGGGACGCTCCCTCCTGACTGAGAGTCACATCGTTAGCCGGGGACCCGGCCATCCTTCTTGTATGATAGCACCAGCTTGATTTGAGGCGTTAACCGTGGATTTAAGCGTAAAACTGGCGCCATGCAAGGCCGCCCGTCTCGGCGAACCCGTCCCCAAGAGAAGAACACTGTAGATTGGATCATAACACTTGTAAACCGTAGGGTGATGCAAACTGTGGTATGTTTACGCCCTGTACTACAAGTGCACACTGACCACAAAAATGATAAATAATTCTAGTTTCGGCCCCGTTTTTCTACAAGCCTGCGATTTCTACGGTGAGAGGGCCTTTGCCTCTACCTCTAACTGGCGCGCTGTATGCCTGCCTGGATGCGCAAAGTAGGGGAAAAACACACAGTGTAGTTTAATGATCCCATAAAAAACGCGGCCCCCACTCCTATCTCCTCTGAACCTAACCGCGGCTGTGTGACGTTTATGATCGTATGGAACGCGACTGGCGAATGCGCGCCCAGATTTAGTATTGTGCGACGGAACGTACAGGCAGGGGTCGCATTAGCCATGACTTTCAACCCTACCAGTAACTGACCTATTCCGATAGGGAGGTCCGTTAAGCGCGCCATTCTCGACGGCATCCGCTATTGACATAAAGGCTCCCTAATTGATGGTACTAAACCTGGGGACGATAGGTAATCTTGGTTATCACGTCCGAGTGAGCGGTGCAGCATGCCTGCCATGACCCGATGATCCAGGAGGTGAAGTGGTGACGTGCTACAACCTCATGCTCT,1000,51.3,Drosophila melanogaster
SEQ_260372,GCGCGAGCCCTGTTTCGGCTGAGTGGCCGATCCGCCTAGGGAAACAAACTGAAGCTTGCAGGATCTAGTCTCACCTTCAGTTTTTCTAACCATAAAGGTGCACTTTTGGTAAGAGTGACACCCAGGTGACACTCGTTGAATTGGCCCGTACGAGTGCCTAGTTCAGAAGTCGCGTACCCTATTCCTACATTGTGCCCTGAACTTAAAGCGTCGCAAACCGAGTGGTTTGTTAAAGACAAGAAGAAACAGTTTCTAGACACCTCGTTCTTCTCATATTCGAAAACGCTAGGGCTCCGGCGTAGTTGCAAATTGTCGGGTTCTTAATATAGGGCCTCCGGTGTGGGCCGACTGCGCCTTGGAAAGATTAAACGAAAGGAGAGTCCAACGGCATTAATTAAATGTGTCATGGGCACCTCACTAATCGAGTTGAAAAAGTATGGGCTTAGAGTACTATGCCCCCTGCCAAGAAACAGGGGTAAATAAACAGTAACCTTCGCGACATATAATTCGCGCCTCCTAATAACAAGACGACCCAGCGAGCTAGGACTCTGTTTTTTACATGAAGCCTAACATCATTGATCTCTTACTGCAGGTAGGTTGTTTACTGATTTACGACAGGCTGCTGGTTGGAGGCAACTGTGCGCACTTTATAAGGATGATTTTATTAATTCTATTCGAGTTTCAGGTGTCATATTGAGCAGTTTAAGGCCACATTATGGGTCACCGCCCAGCATACGACGCTGGGGCGCGATCAGAACGGCAGAAAGGATACAGGTGTTCAATCTATCTGGAGAACCGCACTTGCTGCGTCGGCTCCCCGAGCCCCACATTTTTCCCATACAGTGGGCAACAAAGGCCTTATAAAGTTCGGGTAGGCTACGTGGCGGGCCGTCTATGGACCTCGGTCTGTCCTGTCTCAGTTAATGTATCCGTACAAGGCATGCACACAGCAAATGCGAATGCGGTAGGATGACTGGAAGTGAGGTTCGTGGGGCGACACCGCTATTTTGCCCCAA,1016,48.82,Escherichia coli
SEQ_323768,CCTGTGTTGGGAAGAGGCGCTCCTCAACAGTTAGATTTTTTTGCGTACCCTAACTAGGATAGAAAAGGTACGCCGGGTTGGCCCCATTTGCGGGCCGAGGAAACCCTTGGCTGTGAGATTGCCCCGCTTGATGCTTTTAATGCATCTGTTAGTTAGCGCAGTGGGCACATGCAGCACGCGAGAGGCCCGGAATACTCCGATGAACTTGACGAGGAGGTGAACACTTAGGATCATAAAGTCAAAAGACCAACTATAGGTCATGTAGTTACAGGATTCAACTAGTGGATAGACTTGACCAGGTACCCGAGCAAGGGGCACCGATCCCTATAAAGGCCATCCCACCGAGGGATCCTGGTTGGATCGTGCACCGATTACCTTTGCTTGTGAGGGGCTTTATAGCGATCAGCCGCCCCAAATTTGACGGAAGTGTGGTCTACGGGGGCATTCCATATAGAAAGGCCAGTCCCAGGAACTAGCTTGCGAGAGACGAGCGGGACGAACCGTACTGTCTTGAGTTTCGCCAAGGTTCTAGGGATGAGAGCCCTAGAGGCATCCGAACCTTCCCATGCGGGGAACTGGTGTGTTG,586,52.73,Mus musculus
SEQ_726076,GCTACGGTCCCAGAGGCTCAGGGTGAGTACGATGCACCGGAGGAGGACTTTAGCTACAGCGAGAAGGAAGTAAGCCGAAAAATGTCCGTAGCTGACTAATCGCAAGCGCCTTGGCTGCCAAGGACTCTGAGTGGGGTGGTTCAGTGGTGACCCCGAATGCATAAACTAACGAGGTACTGCCCCAGGGCAACTTCCGGTCTGGCCCGCATTGCAGGCGATAGTACAAATTGGAGTCGTGTAGTACATCAGTAATCGCAGGTATTCGGTACCCTACCACGATTCTCCACCCTGATAGATACGCAGCTTAACATGCGTCGCTTTCCGGTAAGATCACCAGGTGAGTGACACTTGCCTCTGTTTATCCGGTAGTCAATTACGTACCCACCTTTATCGACCCCTGCTACTAACTAAGAATCGAACACCTGACTCCGTCCCTAATACTGTTTGCAGAATCCACACACTCTTATTACTCACATCAACGAAATGCGGTGGTCGTCCTCCACGCAGGGAAAGATTAGCAAGATGCTATTGGGGCCACACTGCTACGTGAGATGTACCCATGTTGGACGATTGCCACACCATGGTCCCTAGATCGTATTAGCTAACGTCCTAACTTTATAAGGCGGGTTCCAATAGCAACGCGCCGCTGTGAAACATAACATAGGTGCAGAACTGAGATCCTGCCCGTTATCGCCCTAAGTAAACCCCGTACCTTTTATTGTATCTACCAATACCTAAGTGCCGCCGGTGAGACATATCTAGCAGTATCCAGTACCAAGGACCCCTGTTAGACGAGAGGTGAAAGGGTTTGCGAACACGTCAACTACTGAAACCAATTCTAGAACCGTAGAGAGGATGATGAAAAAGGAATAAGCCCACTAGAACATGGCCTCGAGGAGGGCAGACTACTCAAGGTCCTTACGCTATAAAGTGGCACACCTTCAATACGATTGGTTATTATTTTGAGAGATGATTAGGGTAAACACGATACTTCGTAAGTGATCGCGAATACCTTCCATTCCCCCCCGAGAACTTCGGCACAGCAGAAGATTATTTTGGTCTGGAGAATCTGGATTTGTTTAAAAGTCCAGCAGTAATTGGCTGCGGCTACGATCCAGACTCCTTTTTTGATCCTCGATTGTATGTACTCGGGGATTTGGGCGTTAGGCTGGGCTGATGACGCGCATAGGACGGTTCAACACTATACTTATTGTAAGATGACTGAGCTACTCTTGCTACTCACCACAAACTAGATGGGTAACCGACAGAAAACGGTTTCGGATAGTAGAATATCAGCGAGTAGCGCCAAGGTTAAAATATTGCTGTGCCCTAGACACTGTATTATATCATGATGAGAGCCGTCTTCCACGTCATTTACACCATCGTTAGTGCTAGTCCAAAAGACATGGTGGGATGAGATTCTCGGGAA,1429,48.01,Escherichia coli
SEQ_170082,AGCGCATCGAATGCTACCTAAGATCGAGCGTTCTGGGAGCGCACTACGCCTTGGTCTTTGGAAGGCGTAAGATTCTCCAAACACCCGAAGTCGTTAATATGTAATTATCATTAAGACCCGGTGGCATACTAAAGTGAAACGTAGAGTCAACGCTGCCAGCAGGCTCCCTCCGTAACATAGCGACCGAGTGACCTCACGAGGGTCTGAGGTAAGGCTCTACAAGCATCCGTGTAGCAGGGAATTCTCGCTTGGGGGCCGAAATACGAGGCTAGCTCCGGAAGTGTACTGGGCGACATTCCACCCATGCCGTCACTAAAAGTAATTTGTTTAGGATAAGTGGCTCTGCGTATTTGAGTCGACTGCGCTGTCCCGGGCCATCATAGGTTACGTGACACCCTTGTGGACCTTCCGAGGGGTCGATCCCCTTTTCAATTCTACACGAACTTTAGGCGCCATTAGAGCTAGAATGAGCTTAAAATTACTTTGCAAGCTGACTTTTTGAAGGGCAGAGGTACTAAGGACTCACACTAATAACTTTTCCGTACCAAGCTGTCTCCATGCACCAGGACTATCCCCTCCTACTTGCTGGTAGGACGATTAACCGGATGAAGGATATGACCAGAAACTAAGTCCGCTATCAACGGCGTGCCCGTCTCAAGTTTATCGGGACGACCGGATGGACTGCCGTCAGGGGAATAGGTTCATAGCAGTGGTGGTCCTCTATTTCGGGTAAAAGTTACCCTACTGAGAACTGAGGTCTGACGTGTGGCAAAGTATGCGTATTCCTGCTTCACCGCTTACGA,803,50.19,Homo sapiens
SEQ_636333,TACGGCGAAGAGCGGGAACAGAAGCCCTCGTACGGCGTAAAGTGTTGGCCAAAGGTCTATAACTCACTACATTCCCTCGTTCATGGAACGCCTGTTTAAGCTTCTCCCAATAAACACAACCACTCGTTGCGATGCGCTATAGCAATCATTGACAGAAAGTCCGTCCTATTAGCTGCCCATGGCAGGGACACTAGCGTAGGAGTCGGGTTCGATATGGCCTGTACGCTATCCGACTGTCGCGTGGCCTATGCCGCGAGTGTTCACTATTTCATTTCCAGAACGCCTCAAGGAACTGCCGATGCCCGTGTTAAATTGATCTTCGCTGTTTTGTAAGTACTAAGTGAATTTGCGAGAGTCGATCACCACATCGATGATCCTTATCAGATGGAGGGCGAATGTGGTCCGTCAATAACGCGAAAATGGCGAATCTCCATCGTACGTCCTGCCGTTCAAGTATTAGAAGCTATCCGGCTTCCATGTCCGAGGGCCTTCGGAGCATGATTTGAATTCGAATGTCTTTTAGGCCGATTGGGGGCGTATC,541,49.91,Mus musculus
SEQ_317448,GACTTTTACGTGCATCGTATAACTCGCTGGTCAACTGGACGCACGGAGGTTCAGGTTAGCTGCATCCGTGAGCGCATGGTATCTCTAAGTCTGCCTGACTAGCGGAGCACGCGTACTGTTGCAAGCCCCCCTCTCGGAACTTCGTCTCTAGCATGAATTGTTGTTCCAGGACCGCTCCCAAAGAGAGAACCCGGAACCTCTGTAAAACATGTCCCGTATATACCTATAACTTTAAACCGCCAGAGGCATTTTCTACGTGGACTGGTTATCTCCATAATCTTGGTCAGATGTCCAACGAGGAGTATACACTGCGCGCTGCGGACATCCCTGTCCTTAGATCAGGTACCAGTCCAAGCTGGTGTATCTTCCCGCGCCGACTTTAAAGATTGGATTAA,395,50.38,Escherichia coli
SEQ_998629,CTTCCCCAGAATACAACCGTTTGTAACGAATAGACTGTAGGTTAGTGTCTAAAGCGTTGGAGAGTAGATTCCTTCAGTTACCGTGAGGTCAATGTACGTGCCGGCAACATGCGTCTGAATTAACAACAGGCTTAACAGGACATTTTCAAGTTATACAGTCACCAGTTTAGCTTGTCTGCACGACACGCCTGCGATGCGAGAGCGGATAATAAGTCGCAACTTTGTTGTTATAGCAAGCACGTAAGCATAGCATAGTGTAGATCGTTAATCCACGTGGACAGACGTCCTTAGGTTCGCTAGCACCCATACGCCTACCGATCAGAACGTTTTTTATCTCACGCGACAACCCTTTTAAACGGATGACATGGACCATCGAGAAGGCCCACCAGGATTTTTGATCTATGCCGGTGACCGATATATCCCATGGTAAAAACTCAACCATTATATGCTCTTAGGGGTGGCTTCGCGCTCTAACTCATAAAAATAGTCTCCTGTCATCTCACAGCGACCATCTGACGACGGGGGATTTTATACATGTCAATACTAACCGGAAAGAAAATACTTGACGATACAGCCCGACATTCGCGCGGACGCAGCCCGTCCGGCGTCGCTACAATCACTCATTTTATACTGCCTATATAAGTTTCAGTGGAAACCTCGAGCCGATTATAACACACGTGTCAGGGGTCTTCTTCCAGTCAAGGGCGTTCAATGCAGTAAGTGGGGCTGCATCTAGAGATCTCTTTGCGGTCCTCGATGTTCGACCCTTCTGCATGGGTCTCGGAGGACAATTGCAGGTCGGGCTCCGGGCTGAACTACGCCCCTCGTGAATGGGGCCATCCCCACTTCCAGCCGACCGACATAAGCGTCCACTTTCAACACATGGTTCGTGCTTAGTAAGATTAAACGTCTGTGGTATTTAACCAGCCAAAAGCAGTGGGTGTATGAGGAGAACTGCGGGACATCATCACGTAAGGCGTAACTCGCAAAGCTAAGCAGCAAAGAGAGCCGGTGTGAGATCACAGATATGAGAAAAACAGAGTATCCGATATCCTAAGATCATTGATTTCCACGTTCAGAGGACAACACCTAATACGTCGAGTAAAACCATAAGACCGGTGGGCCCACTCTCCGACTCATAGTTACTCCCCTTCCATTAGGTTTCCTACGGTGTAAAATACTTGACTACTGATACGAACAAAGAATCGACAGCATCCCAATCAGACTCCCCTCGGTTGAGATTTACGTTAGCTTTGCCGCCAGAACACCACGTTCGGGAACGAAACGATCGTGAACTCAGAAAAACACAGCAGTAAGTATCACAACGCTGAGATCCTGATTGTTGGCGGCCTCATCCAAGGGGTGACTAGTGCTACCACTGTGACCGTGACTGGGGAACGGGGTGGTTTGCGGACCGTACCCCACCGTCTATCTTTGGAATCCCACGGGCGTAGTAATTCTCTGAACAGTATCCGGGGAACCCTGTGATGTCCAACACGGTTACACACAGTGGTAGCGTACGGAATATTCTAGCTCACAACCCAAATTCCCCAGCATACAGGGATGAGGCATTGCAGGGCGCTATTAAGTTGCGTGCAGTAAGCGCTGGGCAGACAAGCGCTGGGCTTAACGGTTACACGCTTAGGTCCTACGTGACACTAAGCGAGGACGTGCGACGTTGGTTTATAAGGCGGTCTAAAAGTCGACACGCGTGCAAAGTCACACATACTCAGCGCTAAACGAGTGAAGACTTATTCTTTCTGCGTCAGCCTATATCCGTATTCGAAAGT,1790,48.88,Escherichia coli
SEQ_514494,CCCGTACATGAAACAGTCGGAACTGTTTAACACTTAAGTATCAACAGCGACCAGTCTTCTCTGTTACCGGCAAACACCGAGCGATCGAAGGAACATTCGTGCGTCACGGATTTGCCCGTTGACTGGCTTAGCCCGAGACTCCTTAATGTCTCTCTACCAAAACGGCCGCGCTGTCGTGGAAGGGAATAACGTCGGAAACCCTAAGGGAGGTCTTGCGCCTCTGTCAGGGGTTGGGCACGACCCCGAACCACGTCCCATTGACGAGTCTACACGGTTAATGAA,282,53.19,Arabidopsis thaliana
SEQ_665488,AGGCCAGCCTTAATCTCGCATATAATACATTAACGGAACAGCTAAGGACACCCGCTATTCCCATTGAGCCCGCTCGGGGAATCAATAGCAGAACCCGGTTATAGGGACCGCAGAGGAGATAGCTGCCCGGACTGCTAAGCACTCGCGGCGACGTTTGAAGGACGCCTTGTTGGCGCCCATAACGTGTGGCATGGGCCGGATTTTGCGCCCTCGGTTAATGTGGTATACAAGCTTTCACGAAGCGTTAGACTAGCATACCCTTGCCGTTGAACATCATTCTAGCGTAAGTTGCGAGGCTTCGCTGTTACTCAGTGAGACTCTAGCCAGCTTTAGAGAATCCTGTAATGCCCGAGCGAAATGCAGTTTCCACCCCCATTGGAAAGCTCGTAATCTGACTGGTTAATCGTGAGATGCAACATAAACTCTGCGATGTCTGTACCACCTGGGTACCGACGATAGTAGCCTTGTTGCCATCCCAGTAGGCAGAGTAGTAATGATTCGCTCGCTTGTCGCAGCATACGGATACCTCAAGAGCATAATCCAAATGTCCGCCTTTAATTGGTCTTACGCCGACACTTTAACTGAAGCGGCAAGCCGGGCTTTTGCACTTCAAACACAATCTTCCAATGCAGAACAGATGTCCCTGCCCGCGACTAGGACGCACTGTCACACGGAAGTTCCACCAGCGTTAGGCCTGACGCTATTAGCACTCCGAAGCCGGACTGGGCTCTAATGGTTGAAGAATGCAGCCGCGACATAGTCGAGCTGGACGGGACGACTGAAACCTTGTGTTTTAAGTTGAAGTCTACCCATGTGTCATCCGAAGGGAGTGCGGGGCTATCTTAAGGCGAGCGTGGTACAGCAGTAACGGGACTTCAGGGGTTCCCATCTCGAATCCGGGCGGTCGGCCAGCGTGGCCTATCAGGCGCGCTCCTATAGCCATTGCCATTTCGAAAACAGACAACACAGGCGTCTCACGTTGTCACCAGGCTGAAAGTGGATCTTAGAGGTCGAGCCGACCCCTACTTTACGCTTCCCTTAAATTCCTAGCTTCGTAGCGGCATGCTGCATATCAGGCGTCAGCCCTGTACGGTCACTCCCGGCTTACGGATTGATCCGGCCAAGCGCTGGCGTCGCAGAAGGCCAGAACGCATAATTGTCGTTTCTTCCCTGGTGTTGTCAAGGTATTCGGGCACATACCGGACTACCTTAAAACAGTGCCCGTCGATCAGATCGTCTTACTCGGCGGATGGTTGGGTAAGGTGGGT,1268,53.0,Mus musculus
SEQ_150418,TTGTAGGCCACTGCCATCTTTTTCGAGTACGTCAGTCAATTCTAACGCGCGACGCTTGCACTGTAGTTTCCAGTGCCGGTCTAGAGAGTGTACTTACCCCTGCGACACACTACGATCGGTTATGCGGAGACCGTCTGAGGGCCGGATCCCCGTTAGGCTTGGATCGCTTAACGGCGGCGGCGGCAAAGATGGCCAGGAGGAGCACTGTATACAGATGTTAGTCCTGCCTTTCCTGATATTAGATTTAGTTCTGAGCCGCGCTGCTACATTTGCGTTCGTTTGGGTGAGGTGCAACCATGCGAGCTCCCTGAATTTAGGCCAAAATAACTCGTAAGTACGAATAGATCCTTTATAAATTTTCACTATCACTGCCATCGATATGGGTATGCAGCCCCCTGGACGCCATAGTATCAAACCAGCATTGTCTACGAATCGACGCTTACGAAGGTTACGAGGTGAAGATCTGGGACAGTCTATAGGATATAAATCCACATGAGAGAACAGCCATGTAGGTTCGTACCCAAGAGTGGTCCTTACCGTTGCCTCCGTATGTCATATTGCATACGGCCGGGTTGGATGCTCGCGACGTACTTACTAGGGGACCTAGTTATATGGCATCTTTAGTGACATAACCCTTTGTATAAGTAGTCCCGTTAATAATCTAAATGGTGCTCCCGATTCTTCGATTATCGGGGGTCAGCAAACAAACTTAATAATCAGGCCCCTTATTCTAAACATCGCCATCCCGGGGTCTTGAACACGTCGGATGGGCTGCCAAGATTTACGTGAATTGCGGACTATAATCTTGTCTTTGGTCCGCCGTCGCATCCGTATTGGGGCTGACCCTCAAGGACCCTTGACGGGACCCAGACATCCCAGAGCCTTCATGCTACTCGCGTCCAAGAGTTGACACGGGCGTCACTTCACGATCCTACTTGGCGAAGTGTCTAGCCCCGCAGTACACAATGTGCGACCGTTTACCCAAATATCCATGTGAATGTCGGAAAACTAACTAGTCATGTGTGCATGAGGAACGAGCCTTACACGCACAATTAGCGACAGCCCGCGCCCAGTCTCAAAGAGACTACGCTTAACATAGGCCCTCACTGTTTGATCACGGCCAATATAAACTAACGTGAGCGTCAAGAGCACTCGCAGAACTC,1163,49.79,Arabidopsis thaliana
SEQ_787021,TTCTACTAGGGACACGAATCGGATAAAGTGCATTATGGATGACCGCGGAATCGCCATTGTTATAGCTGTCATGAGGCATTCGGACATGAGAACGGGAATTAGGGTAATTAGCGGCTATACTCCGCTCCCGCATTTTTCTCGAAGACCACGGTAGGCATCTAACGTATCGGGGAAGTAGTATAATCTTTCGATAGGCTACGGCTATATCTGCTTCCCGTGGGTAACGGTGTTTTACGAAGCAAGGTATCCCTCCACCCGTTACATCGAGAGACGATTTTTTACTTCTCAACTAAATCATTACTTTAGAATACCAACGCTCGTACTACACTATCTTGGTGACTATCAGTTAAGGTACAGGTGCCGCGGAATCGCCTGGACCGTATATTACATGCGTCCATCACATTCAGGAGCGTGCACTCCGGACCGATTATTTTTACCTCAAGAGTACAAGGTTAGAAAGCGAATGTCTGCAAGTGAGCCCTTAGAGGAAAATGAACGGCGTGAATTCTTCCCTCTTCTACTCAAGTGCGGCCTTCGCGGAGAAATGAAGAATTTCTTGAGGCAAGAGCGGGTCGTAGTCCCATTAATCTGATCGGCCAATAAAGGTCCGCGGAGTGGTATCCAATGCGTGGCCAGGTGGCCTTATGCAATGCGTCTAGGTAGCTAACGCACGGTTGTTCTGGACAGTGTGAACGTCCAAATTTACACACTGTGTCATCATATACACTTCGCCTTCCGTGCGGATACCCCTAGCGTTGTTTTGATAATTATCCCTTGTGGTACCAACGGTGTTAGTGATGCTGTTTCCAATAGGTACGACAGAACTGCATCTGCCTGTACATGTTGGCAGAAAGAGTATCACTTCTCCTCGTCTATGGCAACCGGATGGTATACTCCTTAGTAACCTATATATACTATCGTACTTCCTATCCTAGACGTGGGTATTGGCAGGCACCCATGGGCTTCCATCCCTTGGCCCCCGCGGCTGTAGGAGTTTTGGTCGCGTCTTAAGCCGCTAGCCCTGAGAGCCGAATTCGCTACGTTGTGCAATTTACAGGCATGAGGTAATAGGTAAAATGTAGCAACAGGAGGTGCTCCGAAATGAACCGCCCCAACAGTCATGTAAAGGGATTGATAGTCTGCCCGCGCGGTCTGTCTCGGTTCGTGGGCTTGTCTTCGACGGGCGAGATTACGGACGCGCGTTTGTGCGTCATACTCAATCATCTAGGCTCAAATGGCCAAAATAACATCCCCGTAGGATTCGACAACCGTAAAAATTCAACTCAGCGGCAAGTCAAGGGTTACCTGCTGCCGTACTTGAAGACGACTGAATTGGGCCTTGCCATACCCTCGGCGCATCTACCCAACTTATCATGTCACTTCCGCTGCTGTGTCGACCACGGGGCATCGGCTAACTGGCGCGGAAATTCTACCCCCTGATTAGGGTCGGCGTACAAGGCCTCATAGATGACGATCTACGGTTTCTAGATCTCAGTCATTCCATGATGGGGGTTTGGGCACGGTACTTGTGCTCTTTCTGAATTACATCAAGTATGCCGGACTAAACGGGCAGCTGAAAGTAACTAAGAGTGGCTCTGCCAAGTGCGACATCCCTATGGCAGCCGACCGGGGGACATCGACTGGTACGGACCTCACACGAGTTCAAACTCGACGCTAGTCCCAATTATCTCGCGACAAGGTCCGATCGTTGAGCCATGC,1719,49.74,Saccharomyces cerevisiae
SEQ_295980,ATGCTGACATATTCGCCTTTCAGTTGGTCCCATCGGCTGTTTCCCTTTCTGTGCTTCAAAGTCGCCCTCTTATGATCCACGCGAGGCTCCGGCTGAACTAGACTTCGTTTTCAGTAACTGTTTTACGTGACTACCCCGATTTCAAGCGTCGGGTAACTACCTCAATGCCTGATTCGGCTCCTAGGAAAATCGGGCATGCGCAAGTCTAGCGTTCCTGGAGAGCTTTCTAAAGCCGTTATTGGGATGTCAACCGCTCCAATGCGAGTCGGCCGCAGTTTGTCCACGGTAGTTCGGCAGAACTTCGAAGAGTGGTTCTTTAACTCTCCGCGATTTGTGGCGCTTTCGTGGTAGGTCAGTGACGAGAAGCTTCCTAAAGGTCCTTCCGAGGAGCTCAATATCATACGGTTCCTTTACTATTCGACCGGTGGGTAATTAAACGATGTTGCCCTGCAGTTACAGCTCTCCAAACTGTCACCACTTGTCCCGATACTTCGGAACCGGCAGGCCCTACCCTCAATCCTGCAGATGGTCCACCGACATGCGCATTCCGCTCTTAAGGTACTACTATCTCTCTCTGAGGAGCATCGTACTCCCCAATACGAGGTACTAATCCAGGAGTGGTGTACCTTGCTAGTGATGCGCGACGCCGCGTGCGATTACATCCCGGCTAGCTAACCCCGCAGGCTTAATATTTCGTTACCCTTATCAGTGAGCACTAGGCATGGATTTACTGTTGCATGCCTAAGGGGCAATTGTAACGTTGGGGCTAGCGAGCGCCAATGTGACCACCATGCTCGTGAAGGAGGCTAAATGCTGTTCCAATCACGCCGCTTCAGGTTGCGATTCCGCGAGACGTCTAAATTTTAACCTGGACGTATAGTATTGGATTTGTATAGCCCCATATATGGGGACTCAGCTCTGAGGTTCTGTCTGTCGAAGCTGCGATAAGGCAGATGTTAGCTGCGACTTCTGAGATTATGTCTAACCCTGCGCACTGATTATGCCCTCCGATGTATGACTCTTAATAGTCGGAGTGTCTAACAGAAACTCGAGGGGGGCCCATCGAGAGAGAGATTCCCGGTGGTATAGTCCAATCGAGTTACCATAGATGTAGCCCTACTCAGAAGACTTCCGGGTGTCCTTTTGCGACAGACTTATCTCGGTGTCGATCCGTTCACATGAGAGGCGGGGCTGAGGGGCCAATTGCAAACATTAAGCTCCTCGCACGACGCCCCCCGATTATGATCGTCCTGCAGTTAGCATTTTTGACGGCGACCTCGCAACTGATCAAGGAGCCTAGGGAGGGTACAAATCCCGCCTATCAGGTCCTAACATCCCGCCCAGCAGCTAGCCACCCCCTTTCAGCTGCAGATAGTCAGTTCCGGCCATACACTTGGGCGGTGGACGAGTTACTATTCAACTTCACAGAGCACGAGAGAGTGTTGATGTTCATGTCACGGAAC,1463,51.54,Arabidopsis thaliana
SEQ_189604,CTCGCTGCGAGCTTTTGTGACTCTAAGGTTCTTCGCCGAGAATGTCCTGCTTAAAATTGACTCCTTCAAGTTTGAGGGGCCGTACGCAGTAACCCAAAGACGCTTCTGCTCAACCGGGCTAAGGGGATAAATTATACTGTTATAAACCTAGAGTAACTGCAAGACCGCTTGGAAGGCACGCTTGAACTGGTGAGGATCCAGCGTACGCGATCGCTTTGCTCGCTACAGGTGCTGGTCATTCGCGCAAGCACATGTGAATGCTGTGAGGTGGCGTCCTTGATCTGTTATTGTGACTTACGGTTGATTTCCATCTAATACGTCAAATTCCTAATTTTGAAACATTCGACCGTTAGGGGAACACCTCCGAGTTGGTTGCGACGGGCGGATGAGTGTTCACCTTATCGGGACGGAGCAACGGCCAGTAGATGGTGTGGGGGAGCCCAGAGGCCGATCACAAGACATGATTGGGCTACTCACAATTAAGGGACCCGAAGCCATGCGCTGTTTGCCGAGATCGATGCGTGAAGTCCGCAGACGATTCCGAGCGCGGCCCTAATAGACGAGTATACGTCGCGGGCATGTTTGGTAAAAATTAGTCGGACAACAGCGGGGGGATCACTAACAAAACTTGTGGAGGCACCTTTCAGTGTGCGCTCTTCGATCTCAGGTAAGTTCCTTCCGGTGACAACTATCGTAACATCCGTCCTGGCACAATGTGTACCGCATACCTCCAGACGGGGTGTTTGTATACGCCAACTTTGGGAGCCACAACCAGGCCCCAATGCGGTAGTTGAGGTACAGTTATACTTCCAACCAATCGAGGAGATAATACGCAAGACTTCGTTGAGCCCGCGTTTTGACTGATTCTGATACACGATACAATCCCCACTGACCAACCCTCACTTTCTTGTTCAAAATGACTCTCAGGGTGTAGTTAGCGGTCCTCATCCGATAGTATTCAGACGTCGCCAGGCGTATTTACCAGAGTAAGGTATCGCGGCGACCATCACGGTCTACTTGACGCAATATTTCTATCGGTCTTTTACTAAGTTCCATAATTAACCGATAAACGCTGGGACCCTCTCGCACTGAGTGTAGGCCGTTCACCACGACGGCCTTGAAGCTCCATTCAGAGAGGGGGTGGACAACTGAGGCATTGCGCGAGAGCGCCGTTCGTGTCGAGTCCAGGGGTGGTTAAAAAAAGCAAAGCAGGAGTCTTGAAGAATTACATTACTGTTTATCTCCCGGGCTAGCTGAGTACCCAACGGGATTGGGGACAACAATTAAAAGGTACGAGGCTGGGCGCCCTCGATGTGAGTTCTCACACAGACAGAGGAAGATTTTCTTGGGAAACAAGTAGGCGATCTTGGGGATGCAGTGCGTCTAGAAGAGAGCAACACATAGCTTGGGTTGGAATTAATCGGATTAGACATCACGGTGTATGGCCCGGCTCTACAAGTAAGTGAAGGACCGCACACGGTTGTAAGTCGCGGTTTCGCATTTACATCACTCGCGTTCTTGCGCAACAACGTGGTATCTAGAGAAGCTTCAGTCCGTCTGGAGGAGAGACGGGCTATCGGACTTATAACGGTTCTTCTGACCTAATAAGGCGCCGCGCGTTTCTCACGGAAAGCACTATAGCCCCCTGTCGAGA,1654,50.73,Caenorhabditis elegans
SEQ_625823,GCCATATGTCCACCGTCTTCATTAGCCCAAGATTAGGGCGACTCGTAGCCCGCACTTTCGAAGTATGGGGGTATGAAAGCAAGGCAGCGAAGGATTATTTTCCCGCGGGAGACGCATCCTGCAAAAATATCCTGGAATGGTGTACGAGATTCGGGACGTGAACACAAAGGAACTATAGCGAAGAACTAATTGGAAGATTTCCTTACCGTCGCTGGAACGTGCAACCAATATTACCGTCTGTGATTAAACATGATCGTTACCCACTGGGTATT,272,47.43,Mus musculus
SEQ_460660,TGTAACCTTTAGTAACGGTATCAGCCCGTGTATACTCCCGCGCACGAATAGGTATCGTCGATATTCTTTCTTAGGTCCATGGACACCCAGAAGTTTAATCTTGACGGGCACGACAGAGGCGTCAGTGAGGTGATAGATCGTGCCAGGAAGCTGACCCGCCGGTCCCAGTTTGTACATTATGTCGATGCTGAGGCTATGGGGACAGTGGGATCGCCATATAAGAAGTACAAGGCCAATTAAAGCTTAATGACTTCGTCAGCAGAAAAAGAATGGGAGTTCTCAAATTAGCCTTGCCGTCCCGCAATTGCATGGCAAACCAGCTAAGTATGCCACACGGGCAGATGCTAGTTCAACGGCCCGTCCTAAGCGGGAATAACTAACGTTGCGTATAAGTCAGGCGGATATCCGAAACCAGGGGAACCTCCGCTATCCTAGGGAATACAACTCAATTTAGGTAGAGCTTACTTATAATGCGGTAGAGTAACATGATGGTGTGTCCGCATAAAAACTGTTGGGTTGCAAGCGTGGCCGGACTGCCGTCATGTCGAGCATATCCTCTTTATTTGTTCCCTGTTAGATGTGTAGGGGCAATCATCAATCGAGCGAACTGAGTAAACTAACGATTACCCCGTTCATAATGCCTGTAGGGATTCCACCCATGGTCGGCGCCGAACCAGAAGTGTTCGATAACGGTTCGAAAAACGCTTTCAGTCAGGCACGTAACCCGCTCTTAAACGGAATGGCTGACTAGTCAATCCTAATCGACCAAAGAGCCATAAGAAATATCAACCTCTGTCAAGCGCACCGGGGCCACAAACTATAGGTCAAGTGACGCTTATCTACAAAGGTCGTTTTGGTCAGCACTTACCCGCCTGGCTACGCGTGCACAGGCGTTGCGGTTAGTTGCACTAGCTGTTGAATTCCGCGCAATCCCCTTCGAACCACCCTTGACTGGGTGACTCTTTCGTCATCACCATTGTTGAAGGGTCGCATAATAGCATAATCCAGGGTCTAGGACTTAAATAAACACCCTTGAATTCCTTTAAGCACATGAGAACCACCTAGCAAACGCTCCGTTGTTTCACCGAGACTACCAACGGATGTATTTGAAGCCCCCTTCCAATCTGAATG,1131,48.54,Homo sapiens
SEQ_479921,AACTGCTCATTCGGAGGCGCTAGGGCTCCCGAATGGTGTTCCTCCGGTGCTACAAGCCCGCTTCCTACGGAAGTATGATAGTTCCTGAAGCCCTTAATCCCATGTTCTCGAGATCCAATATCACATTCTTTAAGGCGATACTTCACTACAAACCGGTAGAAACCTAGACTTGGATTAGATCTTGTTCTGATGAGCAATGCGGTAGGTAGTAGCGCCGTGTCCTCTGTCTTTAACGCTTCGGAGAGGGCCCGACAAATGGACTAGTAACCAAAATCACCCCCTTGGCCACAATTCTTCAATGCACTGGAGCGAGATACTGGTTCTTCTGAAGGTAACGGCACGTAGAACGAGCGCGCACCTCCTTGTAGAGTTCCAGCGGGCCTTTCGTCAAGTGGTCGAGGCTTGGACCGCACGGTTTAGGATAAACCTGCTTGGCGGTTACAGACTCCTGACGAGATACCGGCAACGCGTCGGGCAGTTGTAATGAAACGTAAAACGACCGTTACACTGGTGGTTTCAACCACGATCCTGCCCTGGGGTTGGTACGCCGGGTGACTTGTTATATTGGAGGCCCTTTCGGGGGCGCCTCCCGCCAATATGTACCGGTAGTGTACCCACCGCAAGGCACTGCGAGGTGAGCCCTACTTGTGTTATTCGGCCGAAGGAGTCTGATAATCGGTGCCCCAACGTAGCCGACTGTGAGTCGCTTTAATGTACCACGGGCTGTCTCCTATATGTATCGTTCACAAGCCCACCCTGCGATTAAGGTAGATGTTAACTCAGTATACAGCGGTTGAGACCACGCTATAACGTCGCTTCCCCGCCTACCGCGAATTGCTATGTCGAAGCAACGAAGGGTAGGCCACCGTTTACCTACAACCAATGACCACGTGAGATCCTTAGTCAATCATTCTTGGGAAATTACACAACGCCCAACTATGAACTGATAGGAATAGCTATGGAAACAGACATTCGAACTGTCTTGAAACCTGCTCCCTTTTAAAAGAGGTCCACTTTCGAGATTCCCGGCTGGGCTAAGCTTTGGGCTCGCTTGTGCCCTAGCAAACGCCGTCCCCTATCTTGATCCTTGTTCGTCATCATCGTCTGCGTAACATCAACGGATTTTTGATGCGTGTTGCGGCGCAGTACCACACAGAATGCCAGCTCGATTGGGTGTTAGCTTTACCTAGGGACGCCCCCATGAATATAGAGCCGTTGTCCTGGTAC,1227,51.51,Escherichia coli
SEQ_359040,GGCATACCCCAATCCGGGTCGCTCGTCTTGTACCATTATGCAGTTTCGTCCCGCAGGCTCAGCGTTGGAGTACATAGGGACTTAGTGAGGGTCCGAATAGAACGAGGACTTAAACACAGAACGGAGGATGGTATCCGACGGCGTATAGATTCCAAGCATAAGTGACCGATACCTGCTAAAACTGATAGGGGCCTACAGCACTCGACCCTCCCGCCCCCGGATAATTCGTATTCTAATATTACAACACGGCATGTAGCGAAGACCGAGACGATACTTCAGTTCTTATTGCGCTAGGGATTACACGCAATTAGCAGAAGGGGCAAAGCGGGTTAGAGACAGTATTGGCAGGCACAAAAGTTCAGGAACACGGACGTCGTGGACCTCTTGCTCTATCCAATTTGGGCGAGATGCTGGCGGAATCCTGCAATGGATTGCCAAAGTCGCGCACATCCGAAATCAACTGATACGTGAGAGTGAGTCGAGCA,485,50.93,Mus musculus
SEQ_175740,TTAATCCTAGGTCCGAGTCGGTAGATGGTTGTATGAATGCAACGGCCGGGTGGATTTAAGGGAGTCGTGTCAATACTCCCAGGCTTCCCAAGGCGCCGCCGTACCGTATATGGGACGGTGTTGCTGTATTGACAACCTTCCCTACGAGACATAGTGCAACCCATAATTCGATAAAGTCGACGTAAACATGTTCTCCCCGGCGAGTATAAGCCCGGACTGCCATTCGTTTAATGTCATAATATAACTGCTGGGCCGTAGCATTTACCACTACACGCGCCAGACGCAGTCCCGTTTTTACAAAGGTATTTAAGCGACCTCTCCCAACTCCTATTGCTACCAGTATCCCTCTTCATTGAGTGCCACACTTGACGTCTTCTTGGAGACGCTCCACTAACCGCTCAAACATGGTTTGTGCCTCGGCAGCCCTAAGTGCAAGTATCTACTAGCTAGCTATTGCTACCTCCGCTTGAAAATGCATCCACCCGGCTCGTGCATGTCTAAGTTCGCATAGGTCGTGGGGGTGCGTGTCACACTACAGCCCCACCGCAATCCCGGTTGCAAAACTGAAACCTTCCGCTGTCGTTGGGTCCCGGTAAGCCCCAATAAATACTGTTTTCATTTGAAATGCGGATTATCGTCGGCACTAGCTTACACCCAATCAGAACATGATCTTACAGGCGAAGAAGCCCTTCTGCAGACGATCATGTAGGCTGGGAGCATAGCATTCCTCGGGGTCGCCCCACACACATAGCACGATGTGATGGCGTTGCGCGCGTGGCTTCATCACATAAACGATATCGAGGTGTTTACCGCCGAACGCCCTTTTTCCCCTCACTTGAGCGGCGCATGGCCTCCCTTATCATGCCCACGTCGACGGACTGCCAAACTTTTGCCACAGGCTGTGGGGACTTATAAAATATTGGCAGCCTTTAGAGGCGTAACATAAGTCCATTTCGCAACGAAGCTGAGGCAACTTTGCATCCCGGCAAGCGCTCACAAGAGCCACTGCCGTGTAAACTCCGGCTGCTGCGGCAATGTATTCTTACCGATGCGAGCTCTGAATTCGCACAGGAAAAGGTGCGCATATCCACAGCGCCGAAATCTAGTATTCACTGTGAATGGTGTGCAGATACAGCCAGCCTAGCCCCCTCATACATGCAGCGTATAACGACGGGGTGGTTATGAATGGGAGACAGGGAGGCTCCCACAGAGAGGCCAGACCTCTGAAAGGATCTGGCGGCTCTCTTCTATGTATAAGTTGCAGTTATAACATTTATGAGCTCCTAAACGAGGAAGTCCGGAGACAATGGTCGTCCTTATTATCTCCCATGTCAAACTGCGGTGTCCATTTCGACACGGCCGGCCCTAGTGTACTTGCACGTAGTGGCGTCGAGGCAGACCGAAGTCTCGGCGAAAGCAAATCTTCCTAGGGGTCAAACATCTGCGTCTGATTCATGTCAGGCGCAGATCCGCTGATGGACGATGCTAGCAGTTTGACCACGAAGAAACACCGCCCTGAGCGAGCTTCCCCTGTGCAGATGCGCGAGGTTAACGTAGGCCCGGCTTTGAAACCAGTAATCATAGGCGCTCCTCGATAAGTGTGCGGGAGCAAACTGGACTACGCGCCACATCCACTCGAGTTCTGGCGGGGAAATGTTGGGCACCCCGTTAGAGTCTCTTATATTCACGCACTATAATATTGCATTATCAAGTGTCGTTCAAGTCATTACTTGCTCTCACGTCATTTGCTGGCCAAGAAGTCTTCGCTGAGTGACTTCTTCTTTCTTATCGCCCTGGATGGGCATGTAGGGCCGGTGTGCCACTACGCAAGCCGCGGGGATACGAG,1846,52.0,Drosophila melanogaster
SEQ_249193,TTCAAAGGCCTGAATGCCCACCAGTCTCATCTTTTTTGGGGCTGGTTTCATTAGAGCTGTCTGGAACATATAAGCTCACGGGTTTAGGATATCCGTTAAAATGACTACGCCGCCTCAAACTGACCGGAGGAACCCTTTATCTCAGCGCGTGGTAGTTTTGGGTATCGGGGATCCACCTGCCTGAGGATTGCCGGGCCACGAGTATGCCAGCCAACACGGCCTCTCGGAATTCACGCGGCCTTTGTTCTTTGCAGTCTGCAGGATTATGAAGACCTGTATAGCGCCGTAAGCGTGTTTGCATCGAGTTGTTTGGTGCCCGGAGCACCTCCGTTCGATCAACAGCTAATGTCCCATGTTGATAGCGAATGCCGCAGGACGAGGGGCGTGCAGATATGGTAACAGTGTCCTGGCATGCAGAGGTATCGAAGTCCGACTGAAGGTTGTACAATCGGTTATTCTGCGACTCAACTAACCTAGCGACCCTGACTGCGGTCGGATGTAGCGTTCTAATAGCCGCGTGCTAATTTCCCCCGCCTCTAGTATAACGTTTTGATAATAAGATGCCGAAACAAAAGGGACTGTACGCAGGGTAGACGCCGGAGCCTTAAAGTCACCTCTCACTGCATGACCGCTAAAGCTGAGATCGTACGTTAGCATGTGGCGAAGTCTAGATGAGTGCATATATTAGTTAGCCGGTATCTACATGGGCTACGTAGAACAACCGCTTTGTTGTGACCTACAAGAGCTTTAGCTGGGACTCGTAGGGTAGGCGATACAGCCTAAATATATCCCGCACGGCCGTCTTTGGGTATGAGGCTTAAACACAGTTGTCCCCCAGGTTATAACCCACAGGTTCCGCGCAAGGGGTGCCCACGAAGTCTAATTGCAATTTACTGCGAGGGCAGTTGATCCCCCCGGCCGGTATCATGAATCCTAGGCTTTAACAATCCGAGCGCTTAGGCGGCACTGCACCTGAACTGCATTTGATTATTTGCGCATCGTCTCCATAGCGTTGGCTGCAAACATAAGCGCAGATGTTTTCGACTCTCAGGTGGCTCCTCAGAGTCAGACACGTTGTACGGCTTTCCCCTATCAGCGAAACTTAAGGTACGGTAGGTCCTATATCCAGTCATAGCGTCTTCTACGCGTAGATACGAACTTCCGGGTGCAGCCATCAATGTAACCCTTAGATATGTCGGTGGGTTCGTCTTCGGGAGG,1218,51.15,Caenorhabditis elegans
SEQ_744411,CATGTGGAGGAACCCCGTTCTCATATCTAACTATGGTGTCTTTCGTTCGACCACTTGACCTCGTGGATACAACTAAAGTAGTAACAAACTAACGAGCTGTATACACTTTCGTCATCCGAGACATCATACGGCCTTTTGCAGACATGGTTAACGCTCCAACATGGTGCTCGGGTTACTGTGATCCTTATCCTACAGCTCGGACTAGCTACCACGCACTATAGGGTAGGTGCGCGTGGAACCGAGGAAGGGCTAGAATTATGTCACGACCTCCGTTTCTTAGTACCCCCGCCAGACTAGGTCGGTTTGGGCGGTACATTATGTAGGCGCGGTGGGTTTCGGAAGCTGCCGGATTTTAAAAATCGCCCTGTATAGCTTTCAATGACGGGCGTGGGTTTATTCCTTTGGGCCGCTTACATATTCACGACCTCGTTCCTGTTTGTTCAAATACCCCTGACAAACGCGCCCACTTTTCAAGCGGATGTGACTCAGTGAACGCTGTGTGGCGACCAGTAAGATTTACACGGGTCGATGGGAACTCAGAGATCTACTTTCGGCTAGCAAAAGAGAACGTGTTTTGTTTACATACGAGATGGCTACTCCCACTGGCGGGGTAGGCGGACGCGTTTACATAAGCGCGTAACACTCACAGCTATCGTTCCTGACTCACTGTCTAAGAATCGCGAGGTTAAGCTACAAGTAACAAGGTAAAATGGTATGCGCCGCGGATGCCGACGATGATGGGAAATCTTAGTACAAGTCGACATACTCCACTTTGGTAAGGTGTAACTGACCCCGGGCGACCTGTCTCTGTCATGCTGCGTCGCGCTGCTACGAATTCTATTAGCAGAAAAGGTACTGGAAAAGGCTAAGGGTAGATCGCAGATCCCCCTACGCCTGAGGGATTAAGGACGTACTAAAGACAGTAGTCCGAACTGGATGGAGCACCTACTGTACTGACGCGGTATTGCGCAGTCAAGATGGCCGTTTGTCATCGTTGCCCACGAGTCGAGTAAATGCCAAA,1021,49.95,Escherichia coli
SEQ_152537,CCTCTTGCCTTTACTGTCTCTTGCTTGCCTCCAAGAGTTCCAGGATCTATATCGTACTCCTCACCATCGTTCATCCACGTTTCGTTAGGTTTGTTAAGCAAGCGCGACACTGCATATTCGATATTAATCTAGGTGAGGCTTTAAAATTTTCTTTACGCTGCAAAGACTATCCGAAGTAGATGCGCTTCGAGTAGATATACCTATTGACCCCGGTCGTGACGCCGACATTGCGCTACTCGCCGTGGGGCCTGGGACAGTGTTCCAACGGAAAGGTCTACCGGATGACCTGTTAAAGGAAGTAACTTGTGCTCTGGCGGTCATATACGTTAACGGCAAGTGCAGGGGTTACTCATTGAGACCAGTTCATTTTGATTTTTTTTGCTTCGTGATCTGGAACCAAGGGTTTATCTCAACGAATCAGCGAGAGACTAGTCACGTTCGAACTATGGTGAGATTGCAGGTACAACCTGACGAGCCCATCTTCTACCTGAGCGTGCACCGCGATTATAACCAGTAGATGGCGCCGAACCACCTTAATATCTGGTGCCCAGTTATATTGATACCCACGGAGATATCACGGCGTGTCCATCGAACGAAAGTGCCCCGTTTAAATTAAATTTGACTGAATCAGCACTTGCGACCGGGTCCACGAGTGGTGCCAAACGGCTGGCA,672,48.21,Arabidopsis thaliana
SEQ_294045,CATGTATATAAATGCTCCAATTTTTACGCGAATATCCCGTTCGCTGGAAAAATTCATGAGCCACTTGGAGGCCGAACTACCGTGCCCGGGCTTGGACTTGCGTAGCCTTAGAAGGTTGCTAAGCAAAGTTATGTACAAAGATCGGATAAGAGTACCTTTACAGCACCCCGCTCTGAATTTGGGGCTGGGTATCGGTGGTCGACGTCGCGCTTATTGACTCATGGGTGCTGACTTAAGCAACTTAGGGGACGGTGAGTTGGTGCAGGGGGGGGACTTGTGAGGCCATAGATTCTCTATTTGTATTTCACATCGGAGACGAAGATGCGAGGCTACGCGGCTGTTCATGGGAAGGATTCCCGTTTGCCGGCTATCATTTTATCCTCCCGAGTCATCGGGTTGCAATTGGAGAGGTAGCTCGCTCACACGTTATACGCCTGTAAACGTTAATCCGGACGCCTATACGTAAGACTAAGGCCGCCATGGGAGCGCAGCATTCTGCGTGACCTCAGATTGCGCATGCTGTGGGTACCTCAGTAAGATGGGATACTAGAGTGTGTGTATATCGGAAAGGACCTATAAGGCGATTGAAAACATAGGACCTACATCGAACGGCCTCGTCATCGGGGGACTCGTCGGGCAAAGCTCAGCGGCACGGGGTAAATAGGGAATACAAGGGTGGCGGATGATGCAATCACCGTACCGTTGATTATGTACTGTTAGGCATTTTAGCGACATCAACCGGCATTGCGTGCATGGTACACCAATTAATTACCTCCCTGTTATGTCTAGCGCAACCAGCGAAGCCCTGAAGATTCCACCTCGAGGGTAGAGCGGTTCTCGGTATCAAGCGGTCAAATCATCACTTACCTCTCGAAGCCCCCTGGGCGTGAGACAGCCTTATCCTGTAACGCTTGGTGCCAGCATGCTCAGAACGCGACGACACCTTTTGGCAGACACAGTACAGTGTCTGAGGCTGGGCATTGCCAACCGAGAGCCGGCTGGGTTGATGTAAGCCCAAAGTACCTCGATTCCACGCATTCCAGAAATTTCGCCGTGGGTTCTCGGGAATAGCTCAGAGTTCTTCTTTCCCCGACTTCGTACGTGAGTAAGTCGTAGGGTGCGGTAGTCTGCACATTACCAACCATTGTTGAATCGGGTGTGCGCCTCTTGTGACCCGCTAGCTTTAAATCTTCACCTCTTACAAATAGAGTGGGCTTTCCATGGCTTAAAAAGCAAGTCTAGAACATCGAAAGCTGAAGATAACAAATCTACGGTGCTTGGTCCACTTAGAGAATTCTAGCCAGGCGGCGTGCAACATCCTATCACTCCCGTCACGATTACATCTTCACCTATGCCCTGTCTGTGAGCGCGCTGACTGCATACTCCTCTAACCATCATTCATCTAGTTGCGCGACCCCGGACCTTAT,1427,50.95,Arabidopsis thaliana
SEQ_320817,GCTGCCTCCACGAAAACATCGCCATAGTTGCCTCTCTCAGCCGGGCCCTTCACAGACTCTGCAAGCGTCCAAATATGCACAAGTGAACCCTGCCCGGCGGGTAAGTTAATTGTGTACAGACCAATCATGGGTGGACGTAAGTATCCCTTTAGAGGGTTCGTAAGCGTTGTGGTATTTGTTAACGTCCGCTCAACTCTTGAATGACATATAGTAACGACCATGTTAAGGCTCACGGTGCGCCCCAAACTCTACAGCTGATATGACTCCCAGTTACCGCTTTTTAAACCTCCGTAGTTGCGGATGAGAGGTACCTAGAATTGGGTAAACCATCTCACGGGGCATCGTAGGTACCTCGCGTAGGGTAAGGAAAGAATGGGTCACTGTTCGGTCATGCGGCGAGATGCATACATGCGTTGTTTATGGGCAGAGGCAGCGGGTACGTGTTGGGTGCAGGTTACGTCTAATACGATACTTCCGAGGGTGATAGGGCGTGAACGTCGATTCGACCGGGATGGACCATCTCGCGCGGTTTTCCTTCTATTGTTACAAGTAAGAGACCGATGGGTTCTGCGAACAGATCACTAGGCGACGAATCGTGCTGAAGTGGATCGGCGCCGGGTGAGTACGATACCGTCGATTTGTGCTGCTGCGGCTGGGTCCCTAAGAGCTGGCTCAGTTAGCGGCTAGGAACGCCGTTCCACCAGGGCCCCGGTTACAGAGACAGGGTTAACCAGGGCCTAAGCGCGTACGGGATTTGCGTGCCCACGATCACACGTAGAACAAATGGATTGTAGTCAGGCAAAGTAGCTTAATTAGGCATAGATGTCTCAGGAGTGTGGTCACTAGTCGAGTCGATATCTACATGTTTTTTCCCAACTGCAATCGCTATCATAGTGTTATCGACCCGGGCCATTGCATTGTGAGGAGTGACTGACGGGAAGTGAACGGGTGCTCATGGTCGGTTATGGCGACAAGTAAGCTCGCGCAGCAACCAGGTAAACCTTTAAATCCGGAACAGTTCCGCAACGAATTGTATACGGCTGCGCATAGCGCAAGGGTCCTTCACTCGCGGGAGTTTAAGCAACTGTATTGCGGTCGCTTTTCTCAGCTGTACGAGTTCAGCGTATTCAGGTAAACTCTACGTGAATGCCTAAGAATTGTGGGCTCTCTAACTGACATGTGGATGCAACCCATGAGGTATGGTCTAGATGCGGAGAACCGAAATGGTCGATT,1233,51.42,Caenorhabditis elegans
SEQ_994330,TCAAAAGATCCACATCGCTTACCAGGATCCTTCCAGTGTATCTCTTATATACAGCTGGGCTGTCCTCGGAATCAATAACAGAAATGGCTTTGCAAGCCCACAGCTAAGCCCTGGGCGGTCCGGGCGCAGTCCGTATAATGGTCTTGCAATCGTTAATTCTTTAGCCTATTTAAAGGTACGAACGTGGAAATTGGAGCGAGCCGGATCCATCCAAGACTGTGGCCAGGCTCCTGCCGATCGTAAACACTGTCGGTGGTGACTTTGAGCCTCGATAGGGGGAATAGAAATAGTCGGATGGCACGTAATTTTACAACATTTGCACGTGGCAACTGCAGGGCGCGACTGCCCTGTCCAAGAAGAGGGTAGTTGCCGATCATAATAGACAGCGACACTTGAATTCTAAGACCCTAGCCCGCACCGGAAGCTGGCGTCCGGGATAATGATCTTCCCTTTAGACGCTGACCGTCCCGATGACCTGCGGCGGTTCGTTCTCGTCGCACGTTAACAGTTTGGAAAGAAGGCCTTTAAGA,530,51.13,Caenorhabditis elegans
SEQ_432088,TCTGCTGATAGTAGTGTAAATCATAGCCGTAGTTCTGATGAAAACGCGATTCCTCCGAAAGTCGGGAGCAACGATAATAAGACGCGATGTCGTAGAGCTCAACCGATCCCTCGTCCGAGCATGATCGAGTGTTGCCAACAATCTCGACTGTCCCGACCAACTTCAAGAACGTTCACAAGCCATCACCAGCAATGCCCCACATTGGATTATTTTACCTATTACAAGAATAGCGCACGAGTGTTCTGCACCTAGCGGCGGGTGCGCGGCTATGTGGCCTTGTGAGCTTGAGACTAATGAGAGACAATGACAGGAAGGTATGGAATTGTTCTACGCCCTTGTAAGCATGGTACCAGGCGCATTAGGAAGTCATGAGAGTCTATCGACACCGAAGGACATATAGAATGTATTGGCCGCGTCCTTACCCTAGCCGCCATTATCACACTTACTTACACGAGGCCCGGCCGATTTACGTAGGATAATTCCGGCGCCAGATCAATGAGGAAGTCTCACGCAAGGGCTTGGGCCGAACAGGTATTGTCCTGCAACAAACCTGTAGCTTGGGGAGGAGTTCCTTGAGACGTGGATAATCCTTAACTTCTGATTATCAGTCCCAATCGTGGTCCCGCATCCCTATTCAAGCCGAATGAACTAGGACCGAAGTGAGTCTCCCCAATGACTTAGATTGATAAGCGTCATGGGGTTCTAAAGACATCACCTACTAGTTCATCATGTCCCAAGATAAACACCGAGATACGGCCTGGGTAGGGATAAATGGTCCGCGCCGCGCACGGAAAAATTGAAATGCTCAACGTGATAAAAAGTCAGTTCGTGACGAACAGTAAGCGGCTCGTGGCCTAAGTGAGTGAATCTCCATGCGCCCGAACGAACGGAAGTCGATTATGGATGGCCGCTTAGTGCCGCCTTTACGCTGGTAGATACTCAAGTGCGACTGGTGGACGCCTGATGACACCGTGGTAAATGATGTCCCGCACGCAGTCAATTCAGGATTGCTTCAGGGTATTACCGTCTCTTCTGTAGCATAAAGCCTTCGTACCCCTAGGCCTTCGGCACCCCTCCGATTACCTAATTCGGCTTATGCCACGACCGATGCGCTTCTGATTTTCTAGCACCATTTTGGACACTTGTATATCAAAGGAGTGTAAAAGTGGTCCCGAACTCATACTCATACAACCAAACCATTAGATTGTGGTATTTATGCCTCGGCGAACGCTGTAGGGCCTACGTCAAAGAGCCCCAGCTGGTCTTTACGAGTGCAGCTTCTTCCACCCAAGAATGGGCAACGGAATCTGCATGCTGGTGGCGCATTCGGCTCCCAAGGCAAGGCGCGATCTAGTTTGTGCTTCCCCATTCGGTCCCCGGTCGTGACTCGGCCTGATCGCCTGTAAATCCGGCCCATTACAAAGAGGACTAATAACAACGGAGCTTCCTGCGGTCTCGCTAATGAAGACAAGTCACTTTCATTGGCAAGCCTAGGCCGGCATCATTAGAAGTCGCCGCAGAACGTATGACTATCGTTGGCCGGGAACTACGTTCCATGGACGGCGGTCGATT,1572,50.64,Caenorhabditis elegans
SEQ_183830,TAAGACACGAGGCACTATAACCGGCCTGCAAGCACAATATTCAGGAGGGACTAATGATAACGGTGGCCGGGGGTGTACACCTGTTCGCCCGGGGCTCCGCAGCTCGTGGGATTGCTGTACGAGAGTATCTGAGGATTACTTGAAGATAGCGGATAATTGTACGTTCGGCCCTCTGCGAATTCAATGCCTGCATACACACCGCTAGTTGTTGTACGGACTCGTGTTAGAAATAATACCTGTGCACCTAATACCGCCTAAATGTGCTAGCTTGCCGGCAAGTCCGATACATCGGCGGTTGCTCGTTCGCTGGAGGGTGCGGAGTTATCGGGATTAAGGCGCCGGAACCGTTCTCGTCGGTCCAGTTCATAAAGCTGTGCGCAGCCGTCTTGGTCTGGATCCGCACATTCATCCATCGCCTCACAGAGAAGTACCTTAACTAGGCAAGTTTTATAGCCCCATAAATAGGGTGGATACGTCCGATTCATGACGCAGAGAGCGCGGAGTGCGCTAAATCTCCTCTACCTGCTCAGGCATAACTTACAGAATCTGAGCACCTATAGCTACACGTTCCCTCTATATATTCGTTGAAAGGCCTCAATAGCTGCGCACGCCGGACTGGTCGTTACCTGTCGCATTTTAGTGCTATCAGACAAGTCCATTGTGCTTATCGCGGAGGATATGGGAGTCTCATCCATCGGTCTGAGCATCTCTGATGAAGTACAATGCGTGCCCGTGAACAATGACTACTGGTAGAAATGCTAAACCAGTGGGAACGCCCCGCCAGCTTCAAGTGATCATGCCGTGATGTGGAGTGTGGACAAAACTGTAGAGATCAAGTGGAGATGGACTCTGAGGTATTGTTAGATACTTGGGGGAAACCATGAGTATTTAATGGTTCAACGCTAAAAGGACACTATCGGGCTAGAGTCTTAATTAGTCAGGAAAGGGGGTGTGTCTAATGCGAATGCACTTAACATAAATTGTTATAGATTGATTGACATGGATCCCCTAGCAAACCCAGCGGAAAATATAGGCTTTGTAGAACAACTTGCGAACGTCAAAAGTTACGAAACGACAAATTAGTCGCCCTGAAGCTAGAGTTTAGTGGCTCACCGATAAATTATAGCTACCCCTCATCAATCGGAACTACGCAGGCATTTCCTCCTGAACATAAGACTAAGCCCCAGCGGGCTCTTGAGAAGAGATGAGCCTATTTGGTCTTAACAGTCCGTCCCAGATGACGATAACGGTGTCGTCTGCACCCCAGCCTTGTAAGCTAGAAGTAGCCTGAATATTGAGAGGGTACACGCCAGGCTAACCCCTAGCTCCGTAAAGATCTGCCTCTGAGAAGTACCAAGGGTTCCCAGCATGAGTCGAACTAGCACTCCTTTCGATGGTAACGATCGTCCCCGACGGTACATGCTAACTAGGGATTTCTAATGCCGGATGCGATCTGATCGGGGCCCTT,1468,49.32,Homo sapiens
SEQ_872506,GGACTAATGATCCGAGCTTGGATTTACCACGGGTAATGACCATAACCTACGTTGTCGCATTGTGGCGACTAACCTTTTTTATGTCTACACTGCTCTTGTTAGCCATCGAAATGACTGACCATAATACGTGGGAAAGGCGAATTCAGGTTACTTGACTGGCCCACAACCTCCCGGGTCTTTTTTGCGAAGGATATGCGTTGTAGTATAATCTCTGAATGTTCCTCCCGTCCTTCCCCTACAAGAACACAGCTCCCAGAGGCGACAACATACCCTCTCGTTTGCCGGTTAGATCCGAACGTACTAGGCACCTACGGTCCCGTCGTTGCGTTGAATTGACCTTAGTGACGACAAGTCTTCTTTGAGGCGCACACGGGAACAGGGTTCCAGTCTTAACTCACAGTGGGGATGTAAATCTCTGCGTTGGTAACTGTCCTTCTCGATGATCATCCCAGGTAGACAGGGGAGTTCCTGCACGGTAACTGAAATGGTGCCCTTGGTGGGATTCCCGGTAGCATAAATCCGCTAGGCGACACTGTACCAATCTAAGGTGGCGGTCGACGTAGTTTGCGAACCAAATTTCTCATGTTCATGGTCGTCCTAGCAGAGGGTCTGAACACACACACAATTCTGTGCGAAGGTCACCAGACTGGACCACATAGTTCGGATGCTACCACGAGCTCTGACGATTTGACCGAGGACAAACAAGCGTGGGAGAAGTATTTATTCGACGGGCTACCTCTAGACAAGGGGGACTCTTAGGTGCTCCTGTGCCTCGCAGCCCTGTAAGAGTCTGCCAGCAGGATTTTCAGTGTTATCTAGTGTAAGAATAATCTTGCAGAGCATCCAGATTAGAGTTTACGCCTTAATAAGCGACTTTCTTTATCAGTGATTTACGAGCTGGTGAAATATAAGTTGCGGGGATATCAACTAAACCACCCATATGAGCGGTTACGATGAGATCGTTCCGTTTACTGCGGAAAGCAGGGCAAGTCGGAGAGCTCGCTTGGGTTGAGAATGGTCTAATCCTTGGCTAAGACAAAGCCTGAAGAACATATACCCGGGGTCAGTGTACAACCCGAGTAGACACGC,1089,49.04,Saccharomyces cerevisiae
SEQ_503038,AGTCCTTTTATGCACCCTATCCACATTACGCAGGAACATAGCCGATCAGACATCTCACTCTGCTGGGGGGTACTGCATGAACCAGGTATGCCCCGTATTCATTCCAGTAATGCCAATAGCGAATCCGCTTCGGTATCAAACAAACCTCGTACATGAATGCCGACGACATGCGCTTCCGGATGCTGGGACAGGTCACCATCCCTAAGCAGCGGGACAAAGTATTACCCGCTAGCGATACGTTACCATCGCTTTTGAACCCTTATCGGGGGAGGAAACCTAATCTGAAGTGCTGTGTAGGTGCCAGAACGTGCACCCTAACGCTACCGCATCCCTCTCATCGGTACACTGCTTATCGCACTACGTAGTTAAGGCGATGCATGAACATGGACTAAACTTTCGCCATGCATTGACGAGGGACCGTGTGGTCCGGATAGGTTTGCTTGTTCCAATACTCGGGGAGAACCTATAGGAGTACCATAGAAGTCCATAGGGGACTTGCGGACGAGCATGCCAAATTCACAGATAAAGAGCTCTGCCAATCACACGATCTATCAAAGTCAAAAGAGCAAGGGTACATAGAGCAATGATGGACGGCGGTGTAAGGCTCTAACTTAAAATCGTACGAAAGGGGCCACGTCGCTAACCCTTTCGGAATCCGGGAGTTTGGGCTGCGGAAGCCGAGTCGCACACACGCGCCTCGGACCGTAGCTCTTTCGACCCCGCCGTACATGCTATAAACTCTCGTGACAAACCCTGTTCGATCACGCACCCTCGGTGAAACCTCTCGTTGCCAGCAGTCCTCACTTGGGTGGTGTGTGAAACTGGAGTCTAGGGGTAGGTTTACCCTGCCTTATCCCAATACGCTCGCGCTCATAAGACGGCCATCGGAAGAATTCCCTCCCCCCGAAGAAGACACTCTAGCTTAACAACGATGGCAACCGCAGCATGGTTCTGGAGCTGTTGGGCAGCGTGCGTTGAGTTGGGAACGCAGGCTAAAACGGTCTGGTGCGGGCAAAGGGTCATACGGGATGCACATACTCTCCGTGAGGGGGGACCTTAATCCCTACAAGAATGCATGCCCTGGAGTAAGCAGCTCTTTACGCGAACATTGCACTCCTAACTTGGTCGCGTTTATACCATTTGCGAATACGACCGTGAAGCACGCAGGTACTGAGACCTAATGGTATTAATCAGTCCGAGTATTGCCTCGGTCGGCGCAATAGTTATCCTCGATTTCTCGCATGACCGGTTGTTTAGTGTACCAAAATGCCCTTTGCCCATCGGTTGGTAAGAATCCGAAAACCTCTCACATCACACAGGATTTGAGGTCTCGATGCAGCTTTAATACGAAACTCGACGCCGTCCACTCGGTGCAACAATACGTAGTCATCTGTATGGCACCAAAAAGATGTAGCGTGATCGGAGTGATGCTGGCTCGGCATTCCCGAATTATTCGGCCTTATTATACGCCACACTGGCAGGTAGGCCCTTAGTACACGCTATCGCTGGGTCGACTTGTCGTTACAGCCCTTGGTTTCCCGGACCATTCGTTGGACGTGCGCCTCCATCATTTAGCACCCACAGAATTCAGCAGCAACCGTGCCTCCCCTAGAGAGATTGTTGAAACTGCGGTTCGAGAATCTGTGTCGTTTCAACCTCATGCCAACGTCATGAATTCAGTCCTGTGGGCGCGAATGCCTCAATGACGGAATGAGCTGGTTGCCTTCAGAGCGTAACAGTAGGAGAGCCAAAAATACACCCTGTTTACAAGGTCGAGATATCCTACTACAGCAGACAGATTATTTGCTGCATTCGGA,1817,51.35,Homo sapiens
SEQ_767029,GTTCTCACCTCCAATCTACTACAAAGGAATAGTATAGTAATCTTAGCTCCCGTCTTTGAGCTTCTCTAGGATCTCAGCGATTCAGTAATCACGTGTCTATCCAGCCGGCCACTTGATAGTTCTTGATATCAAGGATCTTAGCAAGAAGCGCCAGCCGCGGTTCCGGTGTCAATCGATACAACTGAAGTAAGGCAATCGGCCGTAACTCACCCAACTTAGAGAAAGGGATATAATAGCGGTACGCCGCAATGCACAGAGGGGAGGCGATCGGTGCGACCGGAGACGAGATAACACAGGAGCGTCATACATAGCAGCAACGCCAGTTAGAACCCTGCACAAAAACTCCTGCTAGGCTATGTCGAACAGAGAGAATGGCCAGTTTCGCTGAAGGATGTCTACTTATTATTCTCTTGGTGAATAATCTCGGCGTAAGGTGTGCGTGGCACGTACAATTCGAAGTCCCTTCTGTATAATTTTATAGTATGCAAACGGCGCCTAAATCCTATGCATCATATTTTTGGATCGATGCCGGCGTTG,537,47.3,Arabidopsis thaliana
SEQ_988022,CGTGTATCTGGAGAGCAAAGCTCTCGGTCGTCGAGAAAACTGTAGGTGTCATTCGTATGCTCGACGAGATGGTAGAAAGGGGCCTACCACAGCCAGGTTGGTCAGTTCATGCGCGAGACTGGGTTTCCCAGATACGACATGGTCTCAGTTTCTGTGAGTCAATAAGCACCGACGGCGCTTTATTCGAATGGTTTTGAAGCGAGCTGCTGGTTATTTCTCAGGCTGCTTCTATAGCCAAAGTACCTCCGGCAGCTCAGCCCTATTGTGTCGAGTAGGGAGACCACCGCGTATAGTTGAGACGACCGAAAGACATACGCGCCGGACGATGGTCCTAGGTACGGTGCCCCCGAGCCTCCTAATTTCACGGACGCTATATCAATCTTGCGAATAGTCCCACCCTAATAAGGCAACAAAGGCAGAGGCCTTGGCTATGCCCGATTCAACTCCGAGATGTAGCCCGTCTAGACGCCCGCACCGAAGCCAAAACTTTGTCTGGGGTAGTACCCGAACTTTTGCTACTGGCGTACTTTCCCGCGTCCGCAACCGAGCCGTTGCAGACCGGGGGCTTTGGAAAGTCCAGACATCTCTTATATTGGGAGTGTCACTATAACAGGCGTGTTGTCACGGGGGGTAATCATTTCTCACGAACAAATAAGGAACAGGGCCGCCTGATTCCTCATTTAC,684,52.63,Saccharomyces cerevisiae
SEQ_163209,CGATACTCAACTAGAGCATAGTGCAAGAGGGAACCGCATCATCAGGGGACGTCTTTATGGGGAATTCATGGCATACTATCTTACGCCCAGTCTGTCGTGTTACATAGTGTTATTCCGCTGGAAGGCACTACGCTCCCCGACATCTCTCTCTATGCGGTTACTCCATGTATTTAGTCACCACCTCAACTGCTCTTCTAGTGCAGCGGGGACTCAATGTCGCGCATGACTAGCTACACCACGCTCAGTACGAGCTTGAGCGCAGCAGCAGGAAGCGAATTACACGGTGGGATCTTCCGTGTCTCTGAACTGGCATGTAGAACGCTGGCAGCCTAGCTTATGAGCTCCTGCACTGTCTCACGGGTGTTGCAACAACCGATACGATTTTTAACCATTACTGACGGGATGACTCGAGGTGGCCGCGCAGATTACCGTGGTCTTCTCTGGAATAGTAAATTTAACACGGGTCACTGGATCCGTTCCCGGCCAATCAGTCGGCCGGCTAGCATGCCCTTAGAGACAATAAAACGGTTCTTACAGCCTATGGTACACTAAACAGGATTTTTTGGGCCATACGACCGAGAGCGAACTCGCGTCCGATTCAAAGTTATAGCTAGGTGCTTGTTTAGTTCCAGACATCCAATATGCATTCTCCTGCCGAGGGGAGAGGAGGGGCTTCATGCACGCATCCCGACGGCTAACTTAATCTATTGTACACCTTTCCCGCCCAGGTCATGCAGTTACGTAAGAAGGCGCAGAACCAACGGAAATATTTGACGTTGCGCCCTCTCTCTTGCCGTCTCCAGGTTAGTCAGGATTGACACAGCTTATATAAGGGCAATAACCCTTAACGGCTGCGGTCTGAACGTCAGTACGTGCGGGGCCCTCGCCGAGGTAAGCGTTTGAAGTGGGGCTCGGTAGATAAAGCCCCAATGCCGACGGCCGAAGGTTTAGTGGCCGCTGGAAGATGACACCGTTCTTGGCCCACACTTTGACGTGAGGCCATAAATAGGTGGCGCCGAAAGCGCGTCACAACTCTTTTATGGAGCTAACGAACATAGCTCCAACCTTCTCTTAACGACCCAGTGTGAGTTATTGTCCCCCATCCAACCCGTACAGGATTATTCACAGGGTGAAATGCTAAGTCGTGTGGTAGGCAGAGGCAAGTCGACAAGTGACGTTAGCCCAACGTGTTCTTAATATGATTCAATCCAGCGCTGTGTATTGGCCCTTCCGTAATTGGCGCGAGGTGTTGGTTTAACTCGGATAAGGGGGAAATCATAGTTCCTCCAGTCAAATAGAAATGTCGCCCTATATATTGCGTCCATGTTGGGCTACTGTAGAGGAGTGGCACAGTTCGCATCAACCCCTATCATCACTCGGTCATTCTCAGTTACAGAGTTCGGTCGGGTACGCGACCTCAACGACACTTCTGGTCGTTATTACCTGCACGCCACCCAGGACCGACACATTTTATTGAATGATTGATTATACTGTTGGAACTACCACAGCGATGGGGACAACGCGTGGTGACACTTGATGTAAATGAATTTGTCTATTGACGGATCTTCCAGTGTGCTGGCCTCCATGGCTCATGAAGTCCGCTGCACGCATGTTAGAAGAGAGTAACCTCGTACGACCTAC,1641,50.64,Arabidopsis thaliana
SEQ_561342,CCATTACGTGTCGTGCAATGCTCGTGAGCTATCGAACTTGGGATCTAATAACTAAACGAAGTGCGCAATTGCAACTCGTGGCCGAGCTACATGAACGGGAGCACTGTGTGATCTAAGAAGGCGTCACTAGACAAGATGCCAAACATGATCGGGCAAAAGAAACAGGGTCTCAGCTGTGCACGGACAGTTAAACGTAAAGAACCAGAATGGCGGCGAGGGTGGATCTTACGTATAGCTAACATTCGGCAGTGAGAGATCTGTCCTTGGTTATTGAAGTAGTGTCTGCCTCAGCGGGTATGCGAGTTTCTCCGCAGAATATATGAATGTCCCGGCTGTACAAAGGAAGCTGCCTTTGTCCGGGCGGTATTTGTGCAACCCGGTTGTCGTGGATGAACACTTTATGAATGCTCAGCTCTTAAAGTTACACCCCGGGTATGTGGATTGTTGCCACGTAATGCTGCAAGGGCAGAATCCGTCTATATCGAAACTAACACCGCTTACGCCATAATCAAGGCTGAAGCTATCGGCTCGCAAATGTACCAGTGGCCATTGCAACCACGGACAGGCCGAAGGTCCAACGATTGCCCGACCGAACACTCAACCCCGGTGGCCGTACCGCCATAGCACTCTGAGTGGTTAGCGTGTCTTTTTTCACAGAATCGAATCAAATACTGCTCGACTTGCCAGAAACTAGTGTTTGTA,702,49.57,Homo sapiens
SEQ_877256,GCTAACAGGCCCCGGTCGCTTCTGATCCGATGGCAGGCACTTCCACACGGCCAGAACTCACATTCGTGGGGGTTATGTTGCCGGCCATTTCCCAAGCGAATGAGCAGCATAACGTCGGGCGAGTCGGCATGTGGCCTAATTCTAGGCCTGAGGCAGATCGTTATTAACTCCTGCACATATCTGCTATCAGGGAAATATGCTCCAAGAAGTCGTAAACACCGAATAGTCGTGCGCTCCCTTGCCGTGAGAAATTGATCGGTGAGGGTGCAGTTATGTCAGGACGACTACGACGGGCCCCATGCGTGGTCACGATACGTCCCCGGAGTTAGCTATTACGTCATAAGTTTGCTGGGCGTTTGATTACTCGTATAAGTGCAGGCCCGCACAACAAAATTATCGGGGACATTTAATGCGCGAATACAGATAGGCAGCACGCTCCCGTCCCATTGGCAGAGCGGAGTTTGTGACGTGGCTTATCTGCAAAAAGTCCGACACCATGGGACTATGCACCGAGATCCTAGTAGCCTTGTGTGA,534,52.81,Caenorhabditis elegans
SEQ_371176,CTATGTAAGGCACATGTCTTGCCCTTCCTTCGAGAATTAACCATGATTATAATGTAGCGGTAAGAGAGATATACCAGTCTCAGGCGGATGGGAATAATCCGCCGATGCAGTTTCTCATCGTCCTTTAGGACTATCCCGTTCAACGAACCCCTGTAATGTTCGCCTCAACAGGTCAATCCTCCCGCATGGAGGATTGGACAAGACTAGCGTCTCAGGCTCTTGACAGAACGAGTTCACTTAGGACTCGATTGATACGGACTGAGTGCATAATACACAGATAGTCGGGCGCCAGGGCGACGGAGTTCATGCAACGGATCCAACCGTCTAGGAATCGGTCATTCCATCGCATACCTTGCACACCCGGTGAGAAGATCATTAAATCAGTCGGCATTAATAACGTGTGGCAGCGCAAAAGCCATATCGAACGGTTAGTGAGTCAGTGGACAAACCTAGATATTTGAACTCTGCCAACGTCAATAAAGCACGTCCTATATAGGGTATCCGATCAGGGTCGTGTACCGATCTGCAAATGCGAGGGACTATCGACTGTAGCCACACGAATGATTCACACCCAAAACTCGCAGGAGCCTCTTGTGGGTGGAGTATGGTTTGTAGAAAGAATGTACCTGCGGAGTTATTCAGGACAGGTTGGGTACGGGCCTGGCAGGAACATTTGGCACATTCGTTCGCCCGGAGGAAATGGAGTCCTGTACGGCGTTGAGACGGCTTAGTGGGTCCCCTCTCAACTCGTAAATTCCACTACGATTCCCGATGAAGCCTTCGGTGCTGTGATGGGAGTTGTGCCAGATAGTGGAATTCGTTCTCAAGAGTATCGATAGCCGAGACATCCCATTATTGGGTCCAGCATGGCTTAACTATGCACAAGTTGCTGTTCTGGTCGAAGTGCCGGGTAGACGGAATCTCATGCCGCGATCTGGCTTGTTTACTTGAGCATAGCCCTCAATCTAGCCACACGGAGGCGTTAGGCGTTTGTAACGATACAACCGCATGCTTCGCAATAATAAGTGCTCTAAATCCTCGTTGTTGTTGACTGAATTAACTCACCTCCCCTTAACAGGCCGGTAACATTCGGAAGGCTGAATCACGTGGCCCGTCCGAGGTGGACGGCCTACTTCTGCACCAAGACGATGCTAACGCAAGGAGGCCAAGCGATTGTGATTTATTTCCTGTTTTGCCGCCATTCAACAGCATGAGTCCTAGACGTGTATTAAACCTTCCGGTCAGTAGCGATTATCCGTTACATTGTTCCGCACCAATTCCAGACCCCGATTCCCCTACGGATGTGAGGACAGGTGCCCATCACTCCGTGAATCCCCAGACCTTAGGCGGCCACTGCCAAATGTCGTGTCATGTCCGACCATGAATGTTAAGAAGAAAAACCCGTTTTATTGTCGTATGTATGCCTGTCCGACGGGGCCGCCGTCTAGGGTAACAGAAAGATTTTCGTTGGCGAGTCCTAGTGAGGGTTGGGGGAACTATCTAGATTCGTTTGGGGCTCCAAAGCCAGTCAGACGCATCTGCCATGCGTGTACGTGGCAAACTTACATACACGTTACGCCGTTGTACGAATATCAAGTCTAGGCGGACCGTCCCCCTCCATGCTGCAGAAAAATGATCAAGGTAGGGCCGCCTTTTTTCAGGTAAACACATTGTTCATGGCGGAGAAATCCCCGCGCTGTAAAACCGAAGTTCTGGGCAAGATTTGAAAAGTATATACTTTTGTCAAAGGTAAACAATTAAAGATTGACTCTGAAACCAAGCAACCGGGATCTAAGGTTCTTTATTTCTGGAGAATGTTTGATTGGTAGTAGCCATTTACTGATGGGAAATTAAGAGTACAATGGAGAAGACGCGAACGGTCTCGAAATGGATCTTACCCCGAGAATGGGACACAGTGACAT,1922,48.96,Drosophila melanogaster
SEQ_562807,TGGGGTTGTGTACACTTAAGACTCAGATTGTAGGTAGTCGGCATGAAAATGTTTTACCCCGGAACCGAGATTAACGGCTCAAGTCCGGTGGGGTAGGGTGGGATATACGCTTTCCATTTAAACTTCAGCTCCAGAGTACGCCTTTGTAGTCACCTTTAAATCAACTCTGGGTCTCTCGTTGTTTTGCATACGCTCGACATGTCTAGGTACATCCAAAACGGACACCGAAAGACGAGTTCGTCCACAGTACGCGCGCAACATGATTAATTAGGCACCCTCCAAGGTGAGCTCACACTAAGGGGAAAGCATCATAGGATTTACATAGCTGACCTTAGCGGCCGAACTGAGAAGGGAACGAGCGCAGATGATTTTCGGAGGGGACTGGCGTGCGGGTTGGGATTTTCTGCGATCCTACAGATAGTCGTAATTGGAATGCCGCGCATAGTAATGTGTCCGATAAGATCCGGTGTCAGGGATCCAATTGCGCCGACACTGCAGATCCCAGTGCGGCATTTACAACCAAGAGGACTCATCGCCACCATATCCGTAATTCAGCCTCTCATACCGACTCTGCGCGTCTATGGGCAATCGGGTTCTATCCTCACTACAGTGACGGCTCAATATGTGCGGGAATCTGAGTAAGTAGGTCTACGTAGACTCATAGCCCGTTATGTCCCATGTGTGGTGGCACGCTCTGCATGGAAGAACGGTGTCTTGAGTTAAAAGAAAAAGGCGTACGTCCCGGTGCCGTACGACGCACGAAATCATACAAGTCACACCGCTATGGCGGGGCCGTACACGAGTTCGACATATTATTGAAGATCTTACAACCTCGTCA,838,50.0,Saccharomyces cerevisiae
SEQ_592300,CCTTCCAATCGACCCTATTTGTCTGAGGTCACTCATCAATTACGCGAAAGTGAAAGAAACTGAGCTCAAAATAGTCAGAGATGCGATAGACTAGAAATTTTTAAGCCAGCCCCCCATTTCTGGAATAAACAGAGACAATAATCCCGACTCGTTAGTCACAGATCGTTGCAGGCTATTTGAAGAAACAGAGTCGGGTTGGTGGCTCTTAGGGGAGCAGA,218,44.5,Saccharomyces cerevisiae
SEQ_201726,ATTTCTCAAATGCCGTCAGTTTCTCCTAGCGATAATTGAGGAGCATCAGGCTGTATTACACAGATTTTTACATTGAACCCACGAGGCAGGATTGGAGCGCAGAACGTTAATTTTACCGTTGACAATAGGGCCAACATGTAGTAATCAGCAGTCTATGGTAATAAGCACCCTCTAGCCTTACTACGGAGCCTCTTCTCTCCATGAAAGTGTCAGAGCCCTACGGGCCCGCTACGGCCGGCTGGCCACTCTATAATCGCTCCCCATTTAAGCACGTTGGATCAACGTCCTTAACGGCACCTCCAACTAAGCTTGAGCGTCGCCTCTGTCACGACATCGTGCAACCACTATGAGATTTGCCAAGTCGAGAAAACCAGGAAGTAGCAATGTTGGTTGACTCAGGATGAAAGCTATAATAAGCATTCATACAGCTATTGTGAGTGATTGAATTGCGTAGACCTGGCCCTTTTTGCCCAAATCAACGTCATATAGATCTCTAACGCTGGAGTGCCGCACGGATGCGCTCAAGTAGGTAGAGTGTACCTCGGCATTCTCCCCTGGCAGCGGGCCTCTGATCTGG,577,48.87,Drosophila melanogaster
SEQ_573323,CGGCGATTCCTTCGTTGAGCCAAGTTGTACTATAGTATCTGTAAGTGGCTAGTGGATCTCGACACCCCAGCTGGTTCCCGAACTCCCGTAATGGGGATCCGATCGTCCTGTTGCAGGGTCTGAAACTTTACCTCGTGGGTGATAGAGAGTTTGAAAGGCCCATCAAACACACCCTTCTAAGGCAGCGTACGAGCTATAGTACAATCGCGAGGCAGAACACAGTCGCGCTACGTGTACAGGCTATCGCTGCGGTCTCATGCTCAACGCTACTGTCCGTCGGA,281,53.02,Caenorhabditis elegans
SEQ_437002,TATTGGCAGTACTATGGACTAGTACTGTATTAGCGGTGGTACATGCATCTTGCGTTGCAATTGGTTACGCCCGCCCCGTGCCTCTACGGATCCGTGGGAAAACACTACCCGCTGTAAAGTGATGTGTGGCGTACCAAGAATGATCAGAACCTCTCGACTTGAGTCGCGCGATTCTCTGCGAAACCAATGATAGGGATGCGTTTAATGTCTCACTGCGGTATTTAAACCCAAAATGTATTGTGCGCCGCAGTGGCGCACCTATCTTGAGCGCCAACGGCTAATCTCGTTGTATCTCCAGCTGCACATATGATGAACATCCTCTTTATGGACCGATATCACTAAAATTCTCTGCAGGCTCAGACACTATTCCCAGATTCCAATAACATATGCTATATGCAGGTCCAACGCTAGCCTGTCCGCACAGACCTGGGAACCGAGTAACGATAAATCTACGGTTCGAACCATCAAGGATATGAGTTGACTGCGGCGCGAGACCTGTGCAAGTTATGACAAGAGCATAGCGAGAGCCCTCGGGCATAGCCTGACAATCGGTCAGAAACTGACAGTGACCGTGACGATCTAGTTCTGTATCAGGCCAGTTGCCTCCTGTCGGCCGACGTTATAAAGCAGACGAATTCCCGGTGTTTTGACACC,654,49.54,Homo sapiens
SEQ_277254,TTAGCGATTGAGCTCGCGCGCCCCAGAACACATACGACGTGGACCATCTAGAAAGATGCCGTGCCAGCATTTGGACGAGACTACTGACACCTCATTGGGTGGTTAAGTCGTACGGACCACCCACTTCTATACTCACGACCTTACAGAAGGAACTAGTTAGAAGCCTCAATCAGCATCAATGACTACTCCGTAGTCGAGGGCGGGGGGTGACTCATGCCTCGAGGCCATTCACACGTTCGCGACTCTCCGATAATACTCCTGTGAAAACCCTCCTGGTTCCCAGATCAACTAACATGCCGAAGCTCACTTATTAGAAAGCCAGTGGCTGACGTCAATGCGCTGGGGTCAGGACAAAGCTATTCGGGTGGTTGCTGTCCTAATACTAATGCGAGGTACGGAGTGGACAATTGAGCCCTATCAAATTCCGCGATTGGCTAAAGTGTGACACCCCTTGGGGACTTTTTGAGCGGGTGAATAGAGGAATAGCCCGCGAGGATCAAACATCTTATGGGACATTTCCAAAAGGCGGCAAATCCGGGATGCACCCGTGAGCTTTCCGCGCTTACTTAACATCTGTTGAATTGGCGGTCTAGTCGGAGTATATTGTATGCGCCGCTACACAAAAATTGCGCTGAGGTGGACGTACTGACCAAATGCGGGACCACATGTCTGCATTCACGCGGCTATTGCTTACTTGTCAGGAACATGGGTCACATTCCCACGTATACTTGCGCCGACTCTTAAGGCTATCGCTACTTTAATCGGGTCCAGATTGTATGTCGAGACCCGAGCTTGACTACAACTTGAAGTTTCACTTCTGGCTACCCTGGACCCACTCTCGCCTGGGAACATGTTCGAAGCGGACGAATGAAAAATAAGCGGCGCTTCCCAATAAGTCAGCGATGAAGGTACTCTATGGTCAGTTTTCTCGGTATAATCACTTAATGAGCGCGCACGGTCTGTTGGCAATCTGACATGACATTTAACATCACTAGGAGTTAACCTGTGACTATCATGCTCGAGAAACCCTCGGACTGAGGCAGGTATTGATGCACGTATGTTCTGCTCACCCAGAACGAACCAATGACGAGCGGAGGAAATTAGTATCACGAGTAGGCTAGAGAGTGGATGGTGGTCATCAGCGTGAGATATCTAACCAGGTCACTGTCTCAGCAACATACCCGTAAAGCCCCTGACTTGGGGTCGCATGCTTTGACGCGGGCTATTAATGTCGAGATCTTTCCTGTCAATCACAGGAGCCTTAACAGATCGCTCAATCTCAGCACGGTCGCCTTCCCGCGGCGCCTTTTCTGTCGTCTAC,1321,50.42,Arabidopsis thaliana
SEQ_819308,TAGAACGATCATTCGAATAGTTATTCTTGACTTCTGATACTGGACCCAGAATTGCATTGTATGTTGACGGTGAAACAGCACGCCACGCTAATCTCCTATGTCGGGACTATAGGACTATGCGCGCTTTGTGCCCGATAGAGCGCG,144,47.22,Arabidopsis thaliana
SEQ_832974,ACCTCACAATGCCAATGTGTAGCGAGGTCATGCCCCAGGTAGCTCAAGCGCAAGGCCCAATCGTTGTAT,69,53.62,Escherichia coli
SEQ_664293,CGCACCGACTTTTCTGGGGCCTGATTCGCGAGACGCGCGAAACCCCGCTGCCTGGGTGTGCAAGCATCGCACCAACAAGGGGGCCCGGGTATATTGTGCCGTTAGGATTCGGGATTGCCAGCGGACTCAGTTACTTCTGCACCGACGTGAAGAGTTCTTGACGCCATGCGCACCTGGATTCGAAGCGGCGGGTTGGCTGTAACGACAACAGGTTGGATGTGGTGCACTAGGCGACAGTCACCCCTGATCTTGATCCCTACGCTCCACATGGGGTTGAGTACATCTAGTTCAGAATTTAGACGGTGGGGTACTACGGCAGAAGGGTATGACAAACGTCACGAACCGGTTCAAAGGGGTACTTAGAGAGAGCACGAAGAAAAGAGAGCAATAGTAACTAGACGTGACATTCCACCGTTGCGATCCACAGTTGATTCGCATCGGCGCATAAGCCTTGCCCGCGTTAGACAATTGACAGCTGTTTCGATAATAACGCAATAATGTAATTTGGGCATACCTGATAATTATTCA,528,52.08,Caenorhabditis elegans
SEQ_656710,TTGGCCTGGGTGTGGCCCACACGGGAAGACGCTGCATAGTGTGCTTGGTTAGCGAGGCAGAGAGGGAGATGAATGGTGAGTGTACCCTGTATTGTAGTTTGGCAAGTCTCGTCTAGAACTTCTGTGGCACGCAACCTTTAAGGCGCAAAGGTATGCATCCAGGGTGTCGGCGACCAAATGCACTCGGCAGAAATGATGATAAAAGTTCGTCAAGTTCACTAGACAATCCTATTGTTACTTGCCCGGCAATTTAGCGCGGTGCTTCCAAGCTAGCTCTGAATTCTGTAAAACGTCGCCCCTTAACGTCCAGCTAAGCACACAAACGCTTTCGGCTGCGTTTCTTCCCAGTTCCACTTCTCTGCTTAGTCCAAGCATATCGATGCGGACTCGAAAATTATGTGCATGCACATCTATCTGAAAACGTAATATCCTGCACATATTTATGTTTTTTTTGCTCAACGGAAGGCTATTTTAGGGCACTGACACCCACGGTTGATGGTTTTAGTCAGACGCGATAGCCTGGTGTTCAGGACAGGGGTCCTTTTAAGCTCTCCGAAATCTGCATCGACCATAGGCGAGAGAGTTGTGCTTTACGACCGCTTGTTTGAGCAACAAGTTTCCGTCTATAACCGCGATGTGACAAGCGACGTATAATGGTGCTGCCGTTTACAGGTTAGTACTACGTTTTTTACGAGGGCTAAGTCCCGGTCGGTGTGCTCATGCATAGGCCAATCAAGTGTTTAACTTCAATTAAAGATTTCAGCAAGAAACCACATTAGATTGGTGAAGAGTCTTCCGTTGAACATTTTTGTAAAACGTGTCCGGAGACTTAATAATCCCGCAGTTGTGTTCTCACGGTTGGACGTTACCATCAAGCCGCACGCTCTTTGCTAGTTATGAACGCACCATAATACCATCCAGGACGGTTAACCCGTTGTGGTGAGGCCTTTGAAATACGTACGAGCTTTAGTCATGGGTCGCCCGTCCCCGCTTCAAGCAACCATGGCGATAATCAGGAGAGAAGGCGGTAGAACCGTGTGAAGTCGTAGGTTTCTCAATACTATGCCTTTGGTCAACACCTCCCCCCGGACGGAGCCGCAAGAAGTGGGTAAAAAGCCAAACAATTGGGTGAAATCGGGGCCCTCTAAATCCATCTTTTGTCCGTCCATGACATTGTTCTTCGCGCGTGGCTCAAACTGGCACACGCGCGGCACCTTGACGTGGTTCTCACTTAAGGTACCCGTTTGCTTAGGTCCGGCCCCTACGAGCGAATGTCAACTCGGGACGCG,1289,49.11,Mus musculus
SEQ_535004,CGATCTCCTTTTATCCTCTCAAGGCTGCTTGTCTCTTGCGGGAAACCAGTGACGAAACATTCTCACACACTTAAAGAGTTGCGTCGATATGGCGTCTCGTCTCGAGGCCGGATGTTTATTCTAGAGGTAATTTAACCATTAAATTGGTTCCTTCTCTCATAAGATAATGACTAAGAACTCGAATTCAACGAATCCACGTACGCGAGCTTTTGATCTTTGATCCCCTATACGGCGGGTGGAAAATGAGCATTCGAAATGTGGCTGTCAAGGATATCTATAGCTTACGGACGTCACTTGAGATTTGACCTGTGGGCGGTCACTAAGATGTATTAAAGCAACCAGTATTTACACACCACAGTCCGTGGGGGTAGATATGGACAGAGTGAATATCGATAATCAGCTTTTAGTTTGGCTGAATTGTAAACACTGACCCAGTTGACAATGTCAGAGAACGTGCCAGAAAGGTGCCGCGATGGTTCCGGATAGGCGTCATAAGCATCTTTGAAGGTGAATTGGAGAGGCTTGCGAACGTAAGGCTAGGTCGCGCGTAATGTAGCAGCAAATGATTGATATTAACATTTCAATAAGAGGTCAGCGAGTTAGGCATCACAGCAGTCCGAAGCGAAGAGATAAATAAACGACTTAGCTCTACATATGAGTTCGTTACTGCTTTTCGCAACACCATAGACCACACCGCCGAGGCACCCAGGACCGTTACGGAGCCATGGTAGATACTGAGATAACTGTTTTATTACTAAGGTGGGTCAATGGTGTCACGGGTATGAAGGATCTGAGATCTCATAAGAGCGTCAGGATAATGATGGTGAGCTATCTCCGCTCACTAGTGGGAGACTTGGATCACGGGGCCACTCGTCCGAGCCGGTAAAGCATTCCGGTCCGATGAAGTGAGCGCTGCTCTTGAATTAACATGGCAGGGTGAAACAATTCGAGTGGTCTGCCTAGTATAATGATATTGAAAAACTTCTCCTAGCTTCACTGGAATCACAACAGGTATATCATGGCAGGAGTGGAACCTACTTTGCTGAAGAGTCTTAGCTGGGTAGATTATTACCGGCAGGTTTGCAAGTATAGGAATAGTAGAACCTGTTCCTGCATCGAACCCCCGGCGATACCTTTTGCCGTTCGGGACCCGCAGAACACCGTGTGCGATGAGCCTTCAGATCGCCCCCCACCGTCGAGGGTCTACGGGGGGTCAAAGAGCTGTAAGTATCGTAGAAGTCGCTCGACCGAGTTTATTGCCGCTTGTCGTAGTCGTCGCAGTAGGAGACTGCAGCGTGTCGACATCCCCTGGACGATATTTACCTACCGGTTCTTATATACGACTGGCAAATTCAATGGCTTTATCGACTATCCAGGCAAAGCCCACCGTAGCACGCCGAGCTTTTCTTCCTCATAGAAGATTGCAGATCCCATCGGGGAGACAGACCCCTACGAGTCGCCTATCAATTTCCAGTGTGCTCTCGGCGTACTCTGTACAGTCTCTCTAGCAGTTTTTCATATGTTCAGAAGAGCCAAGTTCGTGCAAAATT,1550,47.61,Drosophila melanogaster
SEQ_212729,GGGTCACTGGCCCAGACAGGCAACGTGGCGCCAACCGTCGCCGAGAGCTCTGCGAACTTGGCCGTTCATTTCACTCGCCCCAGTTACTACTGCTGCCTCAGGTACGCGACTAATGCATAATCAGAAACATTCGTTGTTCGAGGCGACGAATCATACCATGCCGTCTACCTGAAGCCATTATGGTCTCCTTGGCAATGCTGCACCTAGTTAGTATCGAACATCAGCTAAAAGAAGAAAGACGTAATCTCAATATTCATTTCGACATTCAAACTAAGCCGGGGCGGTTTCAGGCCGGGGAAAACGTGCAAAAAAGACTAATACTGCGTCTATGCCCAGGAGGTATAACATGCCCCTTAAACAACTCCAGGTCAGTTTGCTGTCTGGAAATCCAGTTCCGTCTGGCGAATAACCATCACCGGGTTGGGGCTATCCTAGCGACGTTTAGATTTGGCTTGTCACTCATACATTGATACAAGCTCTGGCTCGGGATTGCGCAACTTTGATCCCAACATCACAGCTGCCAGCGACGCGCCGTTGTTTGGCACCTCGGGACTACTAAATGCCGGTTTAGATAGGACGACTATCACTAAGGGTTGTTTTCTAGTGAGGGGTATACCGGGTGGAAAGTGGATAGAAGAAACGTACGTGTAGTGGTCCGCACCAGGACCCCCCGCCGATTCAAGTCCTACGCTACCCCGCATCAGAGCGGACCGAGTTCGGGACCGTTGACAGCCTCAACAGGATACGCTTGCATCGACGTTAATACTAGTCTCAAGTGTCCCAATGCTAGTTAATTCAGGGTTGTCATCGGACTCATGAAAAGACGCCATGTTCTTTCTTAAGCCGGGTTGGAATGTCTGTTTTATGCTGGAGCTCTATCCAAGTCTCCAGTCCGCAGCACCACGCTTCCCGACGGGTGCTAGGTTTTTAAACCCGCCCTATGGGCTGCTCATCCGGACTGAAACCGTGGGTGTGAACGAACATATACTATTCTAGTCATAACGCTATCTGGTAGCTTCGACATCAAGTTAAACCGTGCACTAAGGTGTTTTTGCGTATGCGCACAACTGTGGCCCGCAACCGTTCCTTACAAGACCGTGCCACTGGCACGAAACGCGACTTGGAAGAGAGTATGGGCGAGGTCGCCAAAGAGGCTAGGGACGTACGAAAGGCCTAGTATGCAGAGATTTCAGCAATAACCTGGCCTCATAGTAACAAGATAACGCAGCCCGCTGAGACGTTAGGCTGCTTCGGGGCCGCTCCACCGATTGTATTCGAGCACTAGAGAGATTCTGCCTGTGGACGTGGGGAGTGAGACCTTGAGCATGGGGATTTAGGGCCACAAAATACATCGTTAGTAACACAGTACAGGTTGGACATGGCATTGCGCGCTATCGTTTGTCTTCCATGGGGTATCCGCTCTTTGGAGTCGGCTCCGGCCGCGAACGCATTCCTAAGGACCGTGCAGCTCAACCGCATGCATTCCGCAGCTTCTCCACGATTTACTCTGTCGCGAAAGACCTCGGTATAAAGCGTTGTAGAACTTACGACACACGTGGGTACAACACTTTCTAGCCGTGGACTCTAAGTCTGCTAAGGAGCAAATGTTTGGAAATCAAGGGTTCTATAGGCGTCGTCAGAACACATAAATGTTAACCAGCTCCAAACTTTTGA,1674,50.9,Escherichia coli
SEQ_340581,TGCGAGACAGTCGCCTAGCGGCATCGTTAAACCGCAGGCGCGTTTTGGTTTTTGCTGACTTCTGTCTCAGGGATCCCTCAACTCGTTTCTATTAACTAGTAATGCGCCTGCGTGGGCGTAGTAGTTTAGATACGAGTGCTTGCTACCACCGAGCGTCAAAAACGTGATCGCCCGGAGCCACTGGGGACGTGTCGATGTCTGCGCGTACTCGACTTCACGATATGTAGGGAGTCGTCCGTGATGTAGCGGCAGGC,254,54.72,Escherichia coli
SEQ_941415,CGTTCTGAGCGTACTCTCCCCGCCAACTCGCTTTTCATCGTGGCTAAGCCCGCCACAGCTCCATGAGTCCATCGGACGCGATTCGTAGATCGAGTCCCCAAGATACTACTAGGACTCCATTGTCCATCTTACCCCGAAATCGAGAAGTGCCCTAGAGCTGCCGTGATCCACCAATCAGTGTCCTTTCCAAATCTATTAATACGCACGCCTTGGGCGAGGGTAGCTGACCAGTCCCCCGCCACAAAGCGGCTTAGACACGCTTGATTCCCTGAAGTACTCAGTTGACAATAAACTTGCCTGTATTCCGGGAGGACCCGAAGTGGATAGGGCCGCAGTGCAAAGGGAGAACTCTCCGATTGGTAGCGTCGTACCCCTCTGTATACCGGCTGGACTCCTGCTTGGAGGCAGTGCCCCCGACTTGGATTCGGCTCGGGGGGAACGCTCGTTCAGTCGTACTTAACACATTTGACCGTTATAAGGTCGCGGACTATTTCGCGAGGCCGAGGATATCACGCTCTTACAAGCATGTGTCAAAGTAGCTGTTATAACGTTGAAGCAACAGTCAACCGGCACACTATCTCCACGTGAGCTATGGACTGCCCATGCTTCTCCTGTTCGCGGAGGTGTTAAAAACCTGTAAGTCCCGTGATACGAGCTCCACAGTTACCCTTTGCTCACACTTAGGAACAACAAGCAATGGCAACTCTATTTAACGATACTTGTCATAGCTAATCGAGATAGGTTTAGCAGTTCGACAGTTGAGCTCGGCTTCATCGAGTCCCGGACAACAGGTATGAATCCATCCTAGGGAGTGTGTCAAACGCCGCTATTAACAGTGTGACGAAGAGACAATTCTAGGCTCTTATGTCGCGACAGCTACCTCAGTTCATCGGTACAACGAGAATGGAGTTGATCGTGTCCACATTAAAATACCACTCGCTATATCACCGGGACTTATAGAGTTGCTAAAACCCGAACGAGCTACGACGAAGACTTTGTTCAAGACAGAGAAAACAGTATAAGCTGTGAGGGTGAAGTCGAGGTGCGGTACGGCCTCGCCGTCCGCCTGCTCCTCATTGCAAAGCCGATCTAGATAGAAGTACGGGTCAGGACGATCATTACTATACCTAACTTTATCCCCGGCTATGTCTCTGAAAGAATCGGGACTAGTCCAGGCGAAGATCGGGGGCTTATGAATTCGCTCATTCGGTAACTTCGTGGAAACATGACAGGATCTATTCTAG,1244,50.56,Caenorhabditis elegans
SEQ_303752,GTCTACACTCCACGTTTGTGTATCCGCAATCCGAAGGCCGGTGACGCCCAAATAGTGCTGGGGAGATGTGGGGATGAGCTATCGAGCGATCGGAATTTGAAGCTTCCACCCCTTGCATTAAAGGAGTTGGCACAGGTGTCTAATTTTGGGAAGTAGCGGTGTGCTACGGGGGCAGATCTTCCAGATCGAGTGATCACTGTTGCGAGCTTTGTCGCCCCGGAGTATTAGACAGTCCCGGCCAAAGTCTATCTTATTGTATAAGGAGTTTAGTCTCCTGTCCCCCTTAGTATATCGTAGGCCATTTTTTCTGAGTATCAACAAACCGCTTTGAGACCCACGAAGACGTCATTCTGGTCGTTTATGGAGCCGGACACTCTTCCTTATGCCCCCAAAGAACCGGGCACATGGGGAGAAGTGGGGGTGACGCGAGCCCGCTTACAGTCTCTCAGTCAGCTCGCTTGGAGGTAAGTATAAAATGTTTCCATTTACGCCTACAATGACCTCCGTCGTTAGATTTCGTGATGTTTTCAACAGATGCGCGGTTCCGGTAAATTCAATGATTGTTGATGTCTATCTACAAAGCAAAGCCCGGTAGTCGTGTGGACTGAACAATAGAGTCCCAGGCCCGCGGAAGAATTTAGTAAGCCCCCGTAACCTTTACAAAACAGCTCTATGATTTATATACAATTCGCTAATTGACGCTGATAGGCTGCCTAAAGTAGGTGAATCTCGAGTCCCTAACCCGTTAAGTCGCCCTCTTCACGGTAGACATAAGTGAGACTGCCTGAATACCGCTACTAAGAGCTCCGAACTAGCTTCACGTGAATTGAAGTGCTCTAACATAAGTGATGCCGGTGCCTTTTCGAACGTATAGATTA,878,48.29,Drosophila melanogaster
SEQ_409338,AGGACTTAGTGCCGGGCTTAGGTCCAATACTGCCGAGCTTCTGCGTAGCCGGTGCTCCCCAGCCGAATACTTCGAAACGTAGTAATCCATCATGGTCTACAGCCGGAATCAATCATCAGCACAAAAGCTGAATGTTGTAGTTACCCCGAGAGATGTTAGATCTTCTGAATGTCTAGCGCCGGGGCATTCTCCAAAATTAACCTTCATTAACCCAGTGCGTGATAAAACAAGTTTATTTTGTGCCATCATCGTGAACGCCTCGCGTCTTTACTTCCCCAAATCCGCGCCCACAAAGCCCTTTACGCAATCCGGTCACAATAAGATCGCCTGTCGACTGTAACGTGGTGTAGCAAATGCTTAGTACATGTAGTCGTAAAATCGATATCTCTCTAGTGGACTCATGCCGGTTTCCCCTGCGCCTGCACCCCGCGCTCACAGTTCTGCCTCATAATTTAGTGAGCCCATCAAGCTTTGATCCTTACACGCCGTCGCGAGTACTCATGTGTGTCTAGGAAGATCTACTGGCAAGTCTATGCGTAGAGTCGCCCAACTCAGAGCATGGCTTCGTGCCGGCGGAACCCCGGTCCACCGACCTTAGTTTCTGCGGCAAAGGGCGGTATGAACTCACGTCCGAGGAGGTTGCGTAGAAGCAAATTAGTAAGACACGATAGTGGACCTCAACTGGCTTGGCCCGGATAGACAAAGCAAGACGACTAGCCTTACTTCCATATGGGGCACTCTCCCTGGTCGTCGAGGATTCGCGAGTTAGGCAATGGTACCGCGAAGTATCCATACCCGGCGCCCAGTAGATACGTTTGTTGCTCACCGCATCTCGATTGCGAGTGATCTTAGTCCGACTTCATTGGAGGCATCTTATCTGTATCGCCATTCTATCCTTAAATTCGTAAAGAGCATAATGAGGCATCGATCTAACTCAATGGCAATACGTAAATTACGAGGCTTTGTAAGTTTAGCTGTACGTCTAGGTGCCTCGGAACGATGAAGTATTGACTATAACTCATTTGGTTCCCTTGTTTTAGCTTTACCCGTCGAATAGATTCAATTTCGGTAGGTAAGAGGTGACAGAGGCATACCCGCACATTTCCCCTCTCGATAGTGGGTCAACCGGCCTACGGCCACTCGTTCGAGAAGGCACCTAACGCAATATGCTGATCTCCGATCGTTGTGGGGCAAGCAACGGTTCAAGGGAGTAGGTAGAGAACTTTCGGGGTCCGGCCAAGCACAAACAGTCAGGCGGACGTGGCTTTCCGGGGGAGCGTTTGCCAGGTAAGAACGGCATATTGAGCCCTCTCCGTCTTTGTTCCT,1326,50.38,Mus musculus
SEQ_493132,TATTGAGCTTCAGATAGCCTAAAACTTTTCATGGCACATACAGCCACACACCCACACGGTGCTGTTAGCCCGCATGCTCAGCGTTGATTCAATGGCGACTCAATGTAATGGCACTGCCATGCCTTGTGCTTCCTGTAGATCACAGAAGACTTATCTCCGGACTCTTGACGGATTTTAGATAACAAGAGACGCTGGGGGGTTTCCCTCCCCATTGCGAGTTGTGGGGCACACCCAACGCTCCAGAGGGTGTAGAGTATCGTAGTGGATGGTGTCGGAGACTGCTCGGCCAGCCGCCAGTCGATAGGGCCTGTCTTAGACTCTACTGGCGGAAGCGATTATCACAAAGTCTAGCCCCTGATCGGCACGCAGATTCTGACCACTTTGCCCGCTCTTACTGACTGGTAAACTGCGATCCTGGTTGATGTGCTGTATTTAGTTTAGGCGTAAGTCGAGATCAGGGCCACACCCTTTGCGGTGAGTATCTCTACCGTCTCGTGCGGCACTTACGTCGAGATCTCTCAGCAGCCCACGTGGTTGCACGTGACCTGCCGAATCTGCACGCGATGGACCGTGTGCTTCGCGTGCAAGGAGTGACTCGGCTTGGCGCTCCCTGGGGGACTAGTAAGTAGTACTCGCGAACGGGAGTGAACTTCGGATTTAAGCAAAATGCCACCGTGTGTCGTTCGAACTTACCCGTAATAGGATCTGGCGTTTGAGGAGTGCTACCCGAGGTCAATCTGTGACGGTTTCATCATGATAATACCCAATCATGGATAGAACGGGATAGGCTGTGCTAGCAATGCTTTGTTCCTCAGGGGCGACTCGCACCCGTCACACATCGCCTTGAAGCTTATTGGTCACGCTCGATAGCTCCTGTGTCTTCACAACAGTTAACCTCAATCCAATTGCGATTTTCTTCAATAACTCTATGTGGAGCAGTGTCAAAACTTTGATTGTGGAGGCTACTTCCTAAAGCCTTCCTGCTAACCTGTAGCGTTTGTAGTAAAAAAAGCAGGACGCGCGCAGAAGGGTACCGTGTCTGCAGCTCCATTAATCATCAGAGCATGGCTCCGCGGTGGATATAGACAATGGGAACATATGGGTATCGCAACTTAACAACTGTCTCTCTTTTCCGTGCTATAAAATACTTGACGAGACCCTGGCAAGACGTCCCAGTGATTACTTCAGGCTCACGAAGCGGCGGGGTTTTTTAAGCGGCGGGTGGTGCTATGAATAAATAGTCAAGGCTGTACCCATCAGAGAAACGCTCGTTGTCCAGTGACACATGGAAGACGATACCCCATCTACTAGCCTCAATACTGACACCGTTCAGCGACTCTAGTATCATGGTGCTCCTCACAATGAACACAGAGTTCCTGATAGGATAACTCATCATCTGGCCACCTATCCGACTGTCTAGGCGTACAGCATTCAGCCAAGGGGGCGCATT,1450,50.97,Homo sapiens
SEQ_324730,GTATCAACACTTGATGAACGGATCCTCGAGCCGGTTCTCGCCTCAATAATTGGAAGGCGTATGCAGCCGTGAGATCCGTCGACCGATTGCTCTGTACTGAGGCGAACCCCTGAAACAGTCGGATGAGCCTCTCACGTTCGGGCGACCTATGAGGGTCCGAACCAGAATCATTTGACCGAAGCCACGTGCGCGCTCCGTTGGTAAGTACAGCCTACGAAACGCAGCGATCCAGCCGCTAATCCTTTTTGTAAGCAGCGTGCCCTCGTATACCTACCAACTGGGAGTCGCATCAAAACGTATTCGTTATAACACCCTGTCTTGTAATCGCGGAGTGCGATGTCTTATGGCGGGCGCTTCGCCAAACGGTTGAACTGGCACGGTGAGCGGCTCCTTTACCCAAGCCCCCGCTAATGTACTACCACTGATAGACCCAGGCGTTGCATCACTCTCCAAGCCGTGTAATATAGTCCGTGCGCGCCCTCTCTTACTCGCGAGTCTTACCTTCACCCCTTGGTTGAATGCGTGATGCTAAAATCATCACCTGCCATATACTACACCCAGACGCGCGAGCACTGGATTGCTTGTTGATCATTAAAAGTGGTTGGCAGTGGGACTATCGGATAGACTAGATTATACCTGTAGACGTTGTCCCCTGAAACGCGTGCCTCACTAACGGCACATTCATAGCTTATTCATTACTTAGAAGAGCGGTTTTCCATCCGGGACAGTTAAGCCATTAGGCCTACCTGCGCGCCCAAGGTGTACATAGCATAGTTTTCCCTATGTAAGTCGCCTTGGTTGCGAACGTTAATAAAGTGGATTGCACGGAGACGCCTAGGTGGAATTGGGCCGTCTTCGTTCTACTCATATAGTCGAAGCCACTCTGCATCATGGCAATAAACCCCGATTATGCGTCAATAACGGGCACAGCGTCGGCCCCTTTTGGCGTAGGGCTGCACCTTGCGCTACATAGTGGAAAGTACCAAACAGATAGTTTCTAACGTTTTGGGCCAGATGGAGCGACGGGATAAGAGCTAACTTAATTTCCTCGCACAAAAGTCCAATTATTCTTTTCGTCATTCGACATTGGACTACTAACCGCCGGCTTATGCCCGTCCGCGATGCCGCATTAAATTAGTGATGTCACGGACCACCGTGACAAGCATTCGCACTAGAATTTTACTTCTCCGGGATACTGCTATAACCCGGTATGGGCCTACGATAAGTGTAGATGTGGAATAGGCGTTTACGTGCACGTTTCCCATAATATATGTATTTCATTTACCGAGACCGGAAGCCCAGTCATCATGCGATCACGGTTTGACAAGCGCGTGGGGATCTTGCCCCGGAAGACGTGCATTTTGTCGAAATACCTTCCGCGCCGGAACGTGCTACAGTACAGTTCACAAGATGTGACTGCCCGGTGGTCAGATAATAGGTTGTGACTCCCTACGAGATGGGTCGTCTCGCGGCGATGACCATATGCGGGAACCTTTGGGTTGGGACCGAAGTCATCCAACTAAAATCCATAACCCGTCTAATACTATCGAGGGATTGCATTGCGATCTTGGATCTACTTAAACGCTGACGGTACACAGCTGAGAATAACATCCGCGCTTAGTTTGTCGATGTCCGGAATTACTGAAAGGGACGTACGCAAACCATATGGTAAACTATTTGTCGAAATCCGAATAATTGATAT,1702,49.88,Escherichia coli
SEQ_588156,CGGTTTAAAGTGATACTCCCCGACGATAATATTTTTGCGGCTTCGAAGATCGACACGTGAGAAGAGACGTTTGCCTGCCTGGGTATGACCATGTATTCTTAGATCTAGGATTTCACGACTGTAATTGATGCAGGACCGCTTACCCGTAGTCGCGCGGTGTCTCTGACGATGCAAACACAGGGGGCCACTCAAAGCCTTCCCCGGTTCCCTCGATCTTTCGGTACAAGCTAGTCCTTAGCCGGTCTTCGCATAGGGGTATACTGGCAACTACGGCACAGTTTTTCATGTAGGAGTTGTGGCCTGAGTCTTACATCCGTCATCCGTCTTGTAGTAAACACCGAACATTAGCTCTTGAGCCATTGGAATGGTATTATGCTTTTAAATCTGATACAAATGGGATATTGAATTTTGTTTACCGCCGCGCACGACGTAGCGAGCCGGTCCAGGATTTATTAGGCGGGGGTGCGCGGTGTTGCCTTATAACCTTCCGGCGGTAGCGTGGAGATGTCGGTCTAACGGCGAACACTTATGTATGCGGGACGCCGAGACATCTTAAATGGATGCTAACCCTGAATTTCCCTCACGTTTTATGGGCTGAGAAATTGTGGCGGCGCCGTCTTCTCACACCACCTTAGGGCGCAGGTACGTACCAGGTATGAACGAATAGAGGCAAACACCATA,681,49.93,Mus musculus
SEQ_368632,TGCTCCCATACGAGAGACATCCTAACCATTCATTTAGAGCCCACCTGCGTCGATTCCATGCTACAATCTTACAGCCCTCGGGCGCAGTGCTGTATGGCGCGGCTCCTTTAGTTGTTGTTTTCCTCGTTGTATTAAAAGAAAGTGCCATGCATTATGCATGATCAATCTTATACTACGCACCGTCAACTATACGTGATAGCCATGACTCCCGCATACTCTTATGACACTTAAGCAGAATAGCCCACCGCTCAGTACCCGGGCCTCTATTATACGCCCCACGCTAAAACCGAATCGGGCGAATTGACTGCACCCTGTACGTGTAACTAAGCTTCGCGCCACTCCAAGCCTTTATCGACGATGGATGTGTCGGGGCCGAACGACACAGATGCGGATGACTTATAGAAATGCCATGTAAGAGCCTTCGCCCTAAGGACGTAGACTGTGCTCTTATAGGGACGCCAGTATTTTGACTGTGAGGTAGAGAGTGGTCTCTATCCGAATCACTATCCGAATATACGGAGTTTCTCCTTTCTTATAATGCCGCCCAGGTGGGTTTTGCCTGGTTACGATACCGGGGCAGCCATGCCAACACAGTATCGGATGCTACGGCTTTGACACCTTCCGGTCGCTCCTGCATTATTATGCCCGCCTTTGGTCTCCTGGGATCAGCTCATAAGACAAGGAGCATCGCTAATTGGGGGCCTTAAGCCCGAGTCGAGCAGCGACAGGGGAGAACTGTGTCAGACGCGCGGGATTTTCGGTCACTACCGTTCAGAACAAGATCTATAGTGGCGAGTGTCCTCAGCCATTCAAGGTATGGCCCGCACCCAGTATTCCGCGATGAGTGCGGGGGACATGGGTCCCTGAGAGCTGGCCCGATAACCTGAACTAGCAAGCGCACATTCCTTTATATCAAGTGAGTCAAAACGTTCCTTGAATACGTCTGTAGGCCCGACACCCGAGTGCCGAGATAGTTTTGCTGCCTTTCCACAAGAGTCATTGGCCTCAGTCCAAGCTGAACTGTTCTGACCGGGGCTACGTAACGCGTTACTACGTTTCGCCGTCTGCTCGGCAGGCATGTAGATGCCTACGCAAGCGGCGCTATCTTTACACAGTGGCTAAAAGAAGGAAACAATTCTTGTTTCATGGGTACCCCCCATGGAATATTTGAAGGAGTAGAACTTATAATTTGGAGGACGTCTCCTGAAATCATATATGGGGATAAGACACTGCGGTTATCGAGACGACTTCATGACCTAATTCAAAGCTCATTACGGGGCGGCGCCTCGATCTTTAAGTTACGTGCAAACTGCCTTGTCGCAAGGGTAAGGGCCGCGCACCACGGAAGGTCGTCAATGCGTGCAAGGCATCCCGAATCGAGAATCTGCGCTAGACCATGAATAAACGTCAGGATCAGAACCGAATCCGCCTTTTTCAGAGTTACCCGCACTGGAGAGCCGCACGCATTAGGGATGACGTTAGGGTTAGTAGTAATGACGTAGTCGACTGCTACAGACGACCAGTCACGTGCTAACTAACAAAATCAAGATAATAGACACGATTCGGAACCAAAATGTG,1578,50.51,Escherichia coli
SEQ_621121,ATGCACACCTGATTAGTACGAGGTTGCATTAGGATTGCGTCATGTCCCGTTAAGCCGCACTGCAGGATCGTGAACTTGTACGACTTGGGGCTAGACAGATAATTTTTTTCTAACAAATGATAGATTGGACAGCCAGCGGCATCCTCCCCCGTAAGCGACATCACCTGCGGATAGAAATAGTCGACCTCGTGATTAGGCATCCAAGAAGTTAGGACTCAAGACGCTAGACTGACGTCCAAGTGGGCACGTCTTTTGATACTTTCCCGTGAGGCCCTAGACCGTCAGTGAAGTTACGCTCCATTGCGTACACATGGACAAACGTCCATTTTCGGCTATTCACACACGATCTCGCGTGGGTTGATGCAACGCTCTGGCTACTCTGCCATCCGGCGAACCTGTCAGGGCGAGCTTCTCCCTATGATACTTTGTAGTCCCAAGGATCACACTCAGTCTTTCAGCCCATGCTGGGTTTAAGGATAGATTGCGTGCAATCAGCCGAACATATTATGAAGGTAGGGTTCCAGTCAAGCCAGGTAAGAGGACGATACTATCCCCCAAAGGTACTCTCGGTTCCCAGTTTGGTCGCGACCAAGGCAGGGGTGGACCCATTGGAATGATTGGATCGCGCCGCTTCGACCTATCCTGTATAGGTACTGATCAGATCCGCCGCGGCGTACGGAAGGGGTCTACCCGAGGCCTCGTGATTTCAGCCGCTAACAGTTTGCCAGCCATTGCCTGCATCCTCCTTTGTTTTATTACGACGCCACATAGGAAGAATCCCGACTACCGCTGACACTCAACATTCCCTGACCTACGTCCGCCGGATGCTGCTTTATCCGGATTAGAACCTACTAGGATCTCGACCGTTGTGCGGAAAAAGGCCTATTGAGAAATTCCTCTGATCCGGCGCTTAACGCCGCCGGGAGGTAGTCACACATACAGCGATAAGAACGCTAGCATCCAGACGATTAACCTATTTTCTCCTGTAGAAGTTGGCTTATGGTACGGGGTCACCCGTAACATTAGGGCGTGTGAAGCGTGCGTAGAATCTTAGGGCACCGGGGGAATCGCATGGGTCTCGGCTCCCCTCTTATCCGGGAACTCCCTCCGTCACGTTGACGATTCCATTGTGTGTCTAAGAAGGTTGGGGGCTGCGTTCAGTGATTATTCGTGACGACCTCAACTAGACTCCGCCCCCCGTACATGGAAAGGGTAACGTCCAATGAGCCCTGACTACTGCGAAGCGATCTCCTCCCGGATAAGTCCTACTATCACAGACACATAGCAGGGTTCATCTTCACGCGGGCTTCAGAACGTTGCGTACTCTCACCGTCAAAGGCATACAACGCCCTCAACAGAAAACGGGGCTAAATCTATAAATATAACTCGGGACATGGAGACAGCGCTTCTGCTTACAAATATACATACGTACTAAAATTCGTGGTTGAACCGAGCAAGTCGGCACACCTTAACCAATATTACAGGCCATTCCGGCCTTAATTAGCGAGTCAGCGGTCATTAGGGTGGTCACGAACGCCAGAGTCAAGGTTTCTCTAGTTGATGATGAGGCAGTTGTTCGATACAAAAAAATATTAAAGGTTGAACAGATTTAGTATCGTCCGGACTCTATAACGTGATGTCTCTTTTAACTCGTGATAGTTTGTACACATAGCACCGCAGTCGTGCTCTTTATTCAGTCTTGGACATTCCAAGCAAGCTGCCGG,1724,50.29,Saccharomyces cerevisiae
SEQ_967736,CTTGCAGTATTCTTCCTCGCGGCGTCGCCCGTGTGATTTCATGACCTAGACGACTTGGGGGGCGAATTGGTTGCCATGGGCCGGGTGTCTCAAGAGACACAGTACAGAGACCCCCCCCAGAGGAGATCCTACCCACAGTTATGCATTGCTCTCCTGATGGCCTGGTGGTTAGCTTGCGGTTTGATACTCTCGGTGAGCTTTCGTGTCAATCGTTCTTCGTTTGGTTTTGGTAATAGCGCTGGGCGCGCGCAGACGAGTGGGTCGCACAATGTGCAATTATTAGGGCACCTACTACCCGCCGAGTTTCCCATAACGGCCTTGACTACGGCCAAAAGAACGAAATTACTAATATGTATTAGACACGACATCCTACATAGGGATCTTGTCCTACGGCTGCGTGTGATCGCAGCCATAAGCACCGACCCCTGGTAACGAGCATCGCCTCAGCCCTCGTATGACGGGGGAGTCTTGCATAATAGCCATCGTGGACGCCTGGGCGATGACCGAGATTTTGCGTCCTTCAGATCTCCCAGTACCTTACCACGCTCAGCATGCTGCTGTTCCTGACGGGCGCCAATCAATTGTCTGGACGATACGTAATAATATGGTAGAATATTGGAAAGGAGAATACTTTGGACAGACAGATAGTACCAGCGCTCACACCCTCCAGCATAGATTGAGTAATAACGTTTCTCAGGCAGGACTGCAAATCCCCACCACGTCTGAGTTCAGTGCGCGTCGTTACAACACGCTTATTCCTTGATAGAAAGACACCAACACCCCACCATTGGAGGAGATGGTCCAGGGATAAATTACGAGTACAATCTCACTTTGGGCAGCATTGGTCTTGGCAGTATTTTTTTTTTTTTTGTAAGCCTTCTCGTTTCACTGATGTTAGTAATTCGCGTAATTGACTGCTGTAACTCTAGTGCATGAGCCGGAACGCGAATTATGTTGGACAATGCCGGTCACGATCCCTTGTGATCCCGAATAGACTCGTCTTACCTACTCGCACAGGTCGATGAGAAAATGGGTATCCAATTGGGCGCGCCTGAGACTTTGTGTCGGGCGATGGTGATATACATTCTTACAAGTCGACGTAGGCGTACTCAAAGAAATCGAAGGTCACAGGGGTCAAAGTATCCCGTAGTTGGGACTCGCGTTGGAGATAGGACGGCCTGCGGAGGTAATCCTCGCGTTACTTAGTCTAGGTACAACTACGTTGCTGGGGCGATTGACCGGGCTTATTTTAATATTTATGATGCGCTTATGGGACAGTCGCACGTTAAGTGCTCCCCCACAAATCTTGTGTCTGTGAGTGTAAATAGAGTGCCTCTGTACATTGTTGAGCCGTCCTGGGACTTCTACGAGAGAGTGTGCTCCGGCTTAGAAAGTAGCATCGCTGTGGTCCCCTTCATATCCGCCCATGGAGACGGGATGTCGGGCGTTACCCAGACCTAGAGATACAGTAAGACCATTGCGGAAACTTGCTGAAGTCCCTGTATACGCGAAGTAGTGTGATCCTCTAGTTATACTAGCGTACTCAATCAACTGTGTCAATTAGCAGCGTGACCCCCACCGCCGCGTGTCTGGGCTCATGCTGGCGTAATTTATGAGGAGGTCCATCCGCAACTCTACAACCGGACTGCGGAAAAATAAACTACGCACTGATACCAGGCCAGGCATCTTCGGCTGAGGGAATTGCTCCCGTAGCGTTTGTACTTCTAGACATGACTCATTTATGAGGTAATACAAAGTATATGCGGGACACGAGGATGAACTGATCCGTAGCCTCCTGGCTTCGACTTAGTGTGAATGAAATCAACGTGGAGAGTCGGTAACTGCCCGGGCAGACTCTGTAGAGGTGAAGTTGAGGCTCCCATTAGAATACCAGCGGGTACAGACCACTTAAGAGTCCCGGGAAATCGTGGGTGACTTAAAATCCACGTCGGTGTCGTACCCTCACAACCCTGCATTCTATA,1982,50.25,Arabidopsis thaliana
SEQ_727431,ATAGAAGAGACTGGATTGCAGAGCTCTCATTTTCCGGGGAAACAGAACAAACATATCCCAGTGCATTCGTCATAATACAACAGATCTCAACGGCGGGCCTCATGCACCTACCTCTGAGTGTTCCGGTGCTTTGATAGTGACATAGAGTCGAGCAACGGGCGGAACGCAGTGGTTTTAACATTTACGGCCTGTCTTTAGCCACTTAAATTGCGGGGGCCTCCCAATGGAGGTCCGATCGAAGAGTAGTAGGTTTACCGACGCCGTCAGAAACATCCCTTTCCTCTCTGACTTCCCAATACGCGGTGACCTATGTTGCGACCAAGGAGCGGGTCAATGACGCGGAGAATCCGTCACCAACCTCAGCATGCATTTTATATCCTACCCATAGTTATGTTAACGACGCGCGCTTTCTCCAAACCTACTACTTTCCCTCCTTCGTGGTAAGTAGTAAGGCATATGTAACAACTGAAGGCGCGTAGAACTACAATTAGAGGCCCGTATACGGGATTACCTTCGTAATTACTTGTTTAAAAGCCGTGGCGGCAACGATAGTATATATTATCTCGCTAATACACTTGTGGTTGGACTGACGTAGGTCTCGTATTTTTCGGTTCTAGCTCCTGGGAACGAACGCTAGTCCAGATGCCTCCTCGAGAGACGATTTTGTCTGGGAGATATAGAAGTGTTCAATCGGGCTATAAGAGGTCTTTACTAGCCCTTTAGTTGACAATGGTCGCTACGGAGTGTCCAGCATCCCGAACAACGATACCTTTCGAACTCGCAATAGCGACCCTGCTCGCAAGATCAGTAATATCCTCCGTACCCCCTTCCTGGCGGAACTACAGTAGCTCGTGTAGCGCCAACGCCTTGGGTGACTGGCAGAGCGCGTGGTTATGATCGGGGTGGAGCAACCCAGCGATTCCACTCACAAACGCGAGAACTTGTAGTCTCTGCCGGCGGAACTTGAGCAGATGTGCACTCGCGAACTGATAAGACTCAGTAGACTCAAGCAGAATATGGTGGGAAGTCTATACTTGTAAATGATAAGGAGATCATTCGAAGTGATTAGATTATGAGTCCTTCGCACCGTAAGGTGTTATTGCATTTGAAGTTAAGGACACTCGGGTGGATGGTCATACCCGCGAGAGGACCATTCGGTGGTGTTCAAATCGGGTTTTCTAAGTCGAATCCTATGCGCTGATTTATTGAGACCGTAATGCTCCTCCTTGTCTCATGCCGTCCCGTGTAATTAGAGGGTTATTGTGCTTGTCCCTGTTCTTGTTTTTAGGCTAACATGGGAAGATTGTTCCGAGCTTAGGCCCTTGTGTGAGTGATGAGATCTACTGCTAAGGCTCCGGCTATATGACTCACAAAGCAAACGTGAAACTTGTCCAACACGTACATCGTGTGCAGTGCTGCGTTGTCACCCCTATATGCGTCGAACAACCTGTACGCCCCGGGAAATTATTCTATGACCGCGAAGTATCATA,1490,48.46,Caenorhabditis elegans
SEQ_700287,TTCTGTTACATAGAATTGTAGGCCATAATCCACACTTTGATTTCGTCTTCCCTTGTACTGTGAGTACCGGCAAGTCCCGCGCAGAATACCAGTGGTGGGGTTTAAAAGCCAGGATCATGATCCTTGAGTACGACAAGGGCTTCGTGCACAAGTCCACGATGGGCTGTTCAGCATCCACACGCGTCGTTTTCGAGACCACTTGGTTGG,207,49.76,Homo sapiens
SEQ_907236,GTATAGATGAAGATATGTTAATAGACCTAATGATCCGCGGACATTACGGTTTTGTCTGAGCCTTCCACCTCCTGTGTTACATGAGAATTCTGGTCTTTGTAAGTCTGGTGGGTCGACGCGAAGGGTCCTGTCGCGGATTTTCCTTAACCAGACCTAATAACTGCCACCCTAGTCACGCGCTAGGTTTAGCAGACCATAGTTCGGTGTTCGTTTCGCGCTCAGACCCCAGTATTCTTAGGACCGTTCCCCTAATCATAAAGGCCTTGGGCAGCCGCGTCTAGGGTTGCATTAATTCGAAGCTGACATGTAAAAATTGGCGAAGTAACCACCCTTGCCATGCCCGCATGATTTCGCCACAGTGACGTTATTGCTGTTGCAGAGCTGATTTTAATCCCTGTTGTCACTCGCGCGCGGCGTAGCTGTGTATCTGTATTCGCCGCGTTGCCCCCGGTTCATTACTACAAAAGCGCGTTGGCCAAACTGATCGTAGTCGTAGATAACGGGAGGTGGCTTGAAATGATGCGCGGTCAATGGAATGGGCTAGCGGTGATCAGCTGCTGTTCGTTGCGGCAGTATCATCCGATATACTGACGATGGCGTTACTTACGCGTGCTGACTGGACCAGTGTATATAAGCCATGACGACTTTGTGCCCATGAACCACCCCGACTTCTACCAAATACATGTAAATGTGCACCACCTTCTTGGAAACAATTAGCCAGGCGGTACTTTCGGCCGAGTCGGCCTTTGCTTCGAGTTAGCGTTACCTCTGCGTTTCTTGAGTGGGTTCGTAGACAAAGATATCATGTGGCGATATCACGGTGCAGGTCAAACCGATAATTCGCCAGAAAAGTTGACCGCTAGTTGGACAACAGTGCGGGGAAAGCATACACACGTAATGTTCGACCAGATAAAAACTAGAACGGAAGCCGCGGCAAGTCACGTGCTCGCATATTAAGGCATGATCCCGTGGGCACCCGAACACGCCCGACGCACGGTCCATGGTAGCTATAGAGAACTTATTCTGAGATTCGCATCGAGCTGTTTTTTGCCAACGGAATAACCGCTGTCTAGCTGGAGATTCGCCGAGTCTTAACTCTCAGGAACTGCGTAGTACTAAGGGGCCAGCTGACTCGATCACCCCTGTGGTAACAGCCATGTATTGTGGGTCTTCATTGAATTGGGCGAGGGTCTCTAAATTGACCAACGTCGACCTAACTCTTGGGAATAAACCTAGATTGCAGGCAGAGGTGCGTCCGCAGTTAGAACGTGGCCCGCTTGAGTAGGAGGGTGCTGGAGTTAGTATCCGATTCGCAGGCAACTGATAGGACCGAAATTATCAACAATCGTTGAAGACCCATGTCTGAACTAGAAACTGGCCGCGTGGACACAGAGAGATATTGTAAATGACGGAATGAACTCACGGGAGAGTGCTTATTACCAAGCAGAACGATTTCGTCGAGCTACCCGTTGACTCAGCGAGAAGCGCACCTAGGATATATGGACTAGGACACATTGAGTCGGAGACCTCGATTCTTAGGAAGTAACCCGCATGCTTTCGATATAAGTACTAGATCGAAGAGGACTCCCTGACCCTTCATGCTGTCGATTGAGGACAACAGGTAGGGCCAAGCCCCTTGTCCTTAGGACGTTTGTTCCCGACCCACTTAGACGATCGTAGGCTAACCGGAGGTTTAATCCATTCGAAACCCTTGGCCTCTATAAGTCAAGCGGCATACGCTGAAGTGAGTCTTATGGAAGAGTCCTACGGATTTAAAATCATCTGTTAGTTCAAAGAATCTTTTTGGGTGCTGAGC,1816,49.56,Caenorhabditis elegans
SEQ_833276,CAAACCCGCATAGAGAGCTAGTTTTACGCGTGGTCGCCGAGCGCGAGACTGAGGCAGGTTCGGCGCCCGCGTTAAGCTGAGCTTTAATAAAGCCCAACTGTCGGCTGTATGGTCCCGCCGGGCGTCCAGGCACACGTCCAGCTTCGTGATCTCACACTGGCCGTATAAACATGAGGCGTGGTACTAGACACGCCCATCCTCCCTTCCACTCCTTATTCCCCTTTCATCTCATCCTGTCGGCTATTAGACCGATCGATATATTAAGTACTTACGTTTGGACTCGGATACTTTTGGGCGTATAAATAACTCAGGGGCTACAGACATCCTAAATGAATGCAGGGGACTAGGCGCTACACTACAGCATGAGCTAAATGCCGCTTAATATTTCATCGCGACATCCCCACGTCCGTGGTAACCGGCTGTGCTGGTAATGCGATTAGCATGGTCGCAAGACATGGTAAAAAGAGAAGACGAGGCGACTCCATAGCCTGTCTTAGACAACGTCATGGGGGGGGTATGTCACCATACCAGGCATGGGTTCAGCCAAATATGCTCCCTAAGGTCCATCGTGAGCAGACTGCGGGGGCTCGTTCGAATTCATCTGTGCCGGATTTTACGTATAAGTTTGAGGGAAGTTGGGTTAGCGGAGTCGTGGGGACCCAACTTTTTTTTTATAGGGGGGTCGTCCCTCTGAGAATGCTAGCAAGCCCATGACAAATTGCCCAACCGCCGTAGACCCCAATATTTAACTATAGGTTAAGTAGGTTCCCCCCTGTCATGACTTAAGGCTTAATTTTCCCAGGACCCAATTCTAGCATTTGTCATGGTTTTGGTGATCTTTCGGTTAGGAATGTCTCACGGGTGCGGAGGATTGTAACCAGACTAAAAAATTA,893,50.17,Caenorhabditis elegans
SEQ_511338,GAGCGGTTTGTCGCGGAGCACCATACCGTCGAAATAAACGATTATGCTTATCTGCTATTTGGTGAACTAACAGAGCTCCCGTCCTTCCGGCCGTATGTCGGAACAACTGGGTGTTCGGAGATACAGGGGGTTCTACATAGAGGTGTCGCGTGAAATCGATTAGTCTTCCCACAGAGAATTCTTGTCCGCGGTGGAGCCGTTGTTGGTGTGTACTCCGAACCCTGCGATTAACTATTCGTGGGCCGACACCCTCTGCACTCCTCCCGGGCGCACTGGCAACGAGCATCCTAAAGTGATTTGAGCACGCAAAGTCCTAGCCAAACGTTGACATATATAGACCTGCTCTCCGGGAGTGCTGGCAAGATCCGCATGTAGACTGGCCAGCCCAGGCATTACGGCAATAAGGAGTGGTTAGACTGTAAGGCCGCAATCTGATTTCATCGGCGAGCTTTTGCGTGAAATAATTCCCTCCCCTTAGCAAGCCGGAGGCCACTTCCATATCAAAATAGCATTATGCGGGAGTGTTGAGAACAACACGCAGGCCAATCGGAGACGTGACCCCCTAAACTAGTATCACTAATGTCTCTGTAAATACAGTCGTGGAACGGGACCGCTTACAGCAAAGTTGTGAATAGCTCGCGGGCCCAGTGGTATGATTTTCCGCAAACCAATAGGGTTTGAGCCCCACGTTCCCTCATGTGCTCCTCCGCACCTACATGGGATCTGGTCTACTTGTCCAATATTCACAACTTGTCGTGATTTGGGCCGATTCTTTGACGGCACTTAATGTGCCAATGCTTCTTTCGCGCGGTTTGTTCAAGCGAAGGAGAATGCATTCGTGAAGCCTGAACTGAGCAAGACCCGCACAGACGTGGGTCCAGTGGAAGACATGGACGGACTAATGTATCTGCTAGACGCATGTAGGACGACACCTTCGCTGGTAAGACATGGCATAGCTTTACGCTGACTCTGGCCGTTGCTAGAGCGGTCATACCCTACTGGGTCAAGTCGGACGGGTAGTCCCTTCAGCCCATAGACAAAGGCTGCGGACTTATTGGAATCTCCAATACTCTTTGCAGGAATGAGTCTGAAAGCTATTGCCATCCGTACAAGTAGATTGTCGTGGACGTTCCGCCCCCCCAAACCCCTAACCAGAAGGAAAATCCTTTTCTTACGTACTTGTAAATAGGCCGACGAATGCCCAGAATCGAGCGGGTGCGAAGGGAATTGGAAATACAACCCCGGAGACATCATCCCAATCTATGGGGAAGTAGTGGAAACATGTGTCCATCTTCCCCGGCCAATTAGGATGCCTAATTCTGCTTTCCGGGAACAAAATATACCTACCCCTGATAGTTATATTCGTCAGCTTTCGAGTAAAACGGTTAGAAAGTGTTCTACAGGCGCTCATACGGGGGGGTCTACCGCGATGAGAGCGTCAAGATCGTCCCCTAGTCACGAAGGGTCGCCGACCTCATCTGGGATGAAAAGAATTAAAGGCCGACACTGATGTATGGGTATATATTCTTCTCTGTCATACCCTTCTGACAGGGCGGA,1557,50.67,Caenorhabditis elegans
SEQ_702452,TCCTCTTAGCACCTACAGTTGGACTTTGACGCTCAATTCAACTCACATTAAAGCGTAGATTAGGGAGATCAAGCATACGCGCGCACCACACGATTTTTAGGTGCTGCCAACCGCATATTAAGGGTAAATGGTGACGGTACAAACGGGTGGAGTAAAAAGGTCTGTGTCACTTCCGAACAATCCTCAGACAACCATCTAGGGTACTGTCCCGACTTAGCTAATGATTTGGCTTCGTTCGTTCCACGACGATCATGGATTCGTTGAATTTTTACTATCTATGAAAATTTCTGACCTCCCATCTTATCTTATATGCGCTCTAACCACGGGCGGGCAGGAGCGGTCCAGTCGTTTAGTTTCACTATTGGTGATCGCTAGGTAAATAAGTCTTGACCTGGCTAGCTCGCTTGAATTCATTT,416,45.19,Homo sapiens
SEQ_253179,CGGCGCCCGGAAATGGAGCGTTCGGCGGTTCCGAGTCTAGATTCGACGCGCTCAAACCCTGCAAATAGGTATGGCGCCCTAATGCTCATACAGACACGCAAATATGAGGTTAAATTTTTGGTCTGAGAAGAGCGTTGATCATGAGGCCCATGATTCAAAGGCCGTTT,167,50.9,Escherichia coli
SEQ_710158,AATCTGGCTCTAATTATTCTCGGATAGGTCGCCCCGGGGTGTAAGGTATTTGACTGGTACCTAAATGATAATCTCTTAGGACGACTCGTTACCGGAATACCATTCTATCTGGATGACCGATTGGCGTCAAGTTGCGTGGTGGGTCTCGTGGATCTCTCCTCTAATCTGAAATACACCGTCTGCCGGATTGTCGTTCAAGTCTGAGAGTCATCTTCATGAGCGCAAAAATATAGGGCGAATTGTGAATCGGAGAACGAGTGCACGATCAGGTAAGCTCCTCGGGGCTTTTGAACCAAACAGTGCATAATAGGAAGAGGAGCGCTCAAACTGACAGCACTGAGGTTGCTTCTAGGTGTGCGTTTCCGTGTACTACAGTCTAATCAGTAATCATGGATCCAATCCAGGTTAGATGCTCTCACGGGACAAGTCGGGCCGACACGATCGTGGATGTAAGTCATGGGAGAGGCTATGGCAATGCCAGCCGTTGTGTATCAACGCACCCTGATTCCCAGCCGTTTATGGAACACCTCTCGTCCTGCCTACGTTGGAGAAGTTAATTCTTAGTGAGCCCACATTAAAATCCTTGCTAAACTCACAGGGGATGACGAGTTGGGCGCCCTTACATGCGGGTGGTGAGCCAGGCCATGACCCAGCACTCTGATCCACATTCATGATATTATTAACTGGCGTTCCCTCTATTTGATCTCAGCAATGATAGTAACAGTTCGCTTGATAATGGTACGGCCACCGAGGGAACCAACATGGCACGGAAAACATTCTGTCGATCCAGTTAATAGCCTAACCACGTTCCGGAAGGCACGAGGTTGGACGCAATTCTTGCCTGAACACCGGGTTATACCGTTATAGCCCTCATATACCCATTAACCCTATGATAGCGGTCACGCCTTATCTTTCGCCACCGGAGCGCAAGTCCGTTGCGGAAACTTCAATTAGGCGCCGTCTGTCGTATCTGGATCTGTGCTTTCCGTACAAAGGACCAGGATAACCGTGCCAGAAGCCAACCATAAAAGAGTATACTCTGTTTTCATTCGCCGCGACGGCAGGATAACGATGGATTTCCGTGAACATTTTTATTCAGAGATCGTAGTGCGGGAACACAGGTGCATGGAGGTGAAGTCTCTTTCTAGCGTATGCCTATTCTTCCATTAATTGCGCCTGGGATACGTCTACGTGACCGACCCTGCTCCCTTCACACAGCTCAGACGTTTCATTAGAGCGAGAGACAAGCCTCAAGTAATCCATGCTACAGCAATATATCGTACCTTAGACATGGTTTTACATAATGCCCCATACCTCGATATCTAGCAATTTGCCCGCAAATTACACGTAAAATGGGGAGAGAGCAGCCCCGGTATTACCCCATATGCCCGATCATGTATACTCTCGTGATAGCCAGTTAGAATAATTATTTATCTCGGCACTATCCTTGGGGGGTCATA,1460,48.29,Escherichia coli
SEQ_520305,ATTTCGCGGCGTGTAGGCACTCTGTGCCGTTGCCGGGCAACAACGGGTATTCTTAGTCCATGGAGTTTGACCGGACGCCGAGCACTTTTTTATTGAGCCATCTCCCACTTTCAGCGACGAGGCGTTTAATATGACACGTGTCACGAGAAGAGTAGTGACCCAAAGATCCGTCATTCCGATATTCACGGGGTGCCTGCCCTTGACAATTATTACCGCCGTTTGAATCCGGGCCAACCGAGGACCAGTGTTGAACTGACCCTCACAGTCGGTGACGCCAGCGTCGCTCGAGGTTTATTAGAAAACTGTCTACACCGGTCTACAGATGTCATTAGGAGGAAGTTAGGCTAAAGGCTTCGCAGAACAAATTACCCGGCTAATCGCAAGGCGGAGAAGAGACAGTAGCGGTCATACGCAATGTAACTCGCTACGACTAACCACACGCGTGTAATGTGGTACGCCCGACGTTGTTCCCACCTTTTGTTCTCAAGGGTGGATCTTCAGCTCTGAA,508,51.57,Caenorhabditis elegans
SEQ_816791,CCTATCAAAGTGCATATCCCCAAAGATTTCTGGCAAAGTATCCCGAAGACTTCTGGGCGCCTGACGCTGGAGCACATTAATGGGCTAACTCAATTGAACCAACTCCGGCGTTCCAACGGCACAGCTTCGTAGAATTATGCTCACCGCGCACAACGATCTCGGGCGAGTCGCATCTCTCAGATAGATCACGCCGCGCAGAAGCTTCTTAAATTCTTTTCCTTGACCAGAACTCACGGATGCACCGTTCATATCGACGCTCCGCCTTCACACTAGGTGTTGCCACTCTACCGAAAATCTCGACGTTAACTGGGCTACGTGTCGGATCAAAAAGGAGGCAGTAGCTTGTCTAACGGGGGGACAAACTAGGAGACCGACTAGGCGCCCACTGAGTTATTGCGCGTTATTACTCGTAGCGCTTGTTCGAACCACTCGCTGTCCAATCAATTTCTGTAGCACCAGAATTCGATCCGTCACAGCTTTTCCCGGTGTTGTCACACCCGTATAAGAGAGACAGATCTCTTCTCTCTGTATCTGCAACTGTAGTGGAAAATGACTTTCCCTGCAGTGGGACCTGCTGTCTCATCCGGCGGCCCTAGCGAGTGACGTTATCCCGAGTATCCCCCTCCCCCATCGCATAATCAAATGACGCATTTAGTATGAATCATGCGAGTGACACTGTTAAGACGTGCGTGATACCAGTTGGAACTAATCTGTAGCGTTTGTTGTAAGTAAGCTAGGCTCAGAAAGGGGATATATTACTTTGCATCACGCCCAGAATCACCTGTCGCGTGTTTCTAACCACGGGCGAGACTTTAATACTAAATGCTACTAGAACCTGGGCCTAATTCTTCGAGCGTCAATGAGGGGCATGGAGTAAGTAGTCAGATTCCGGGCGGAGGGTCGATGCCGGTAAGATTTAGTGATTAGTTTAGCTGATAAACACTAGGCTGTTAATGTCGAGTGGCCCGGCACTTGGGGGACTGTTCAGTCATTGCTTCTATTGTGAAATATTGCGCTTTCAGGATCAACCCGCGCACCGGAGGACTCGGGATGCGCTTACACCGTTCGACCGCCGGTCTGATGCAGGTGCCTTCCTAGCCTC,1102,50.45,Mus musculus
SEQ_403040,GGTAAAATTCGCGTACCATTACTCATGCGGGTGTTCTTTAACGACGCCCCTGACACACCTTTCCAGCGCCGGCACCCCAAAGAACACACTCAGACAGTCAGTCGGGCAGGTTCCCAGTTGGCACGAAAATGACGGTGGTGGCTTTGTTAAGTCTGGCTGACGTGTCGCGGTAAATTTCGACTTTTAAGTGGGTGTGTTAACACACTTAAATTGATATCAAGCGTCTAGGTACGCCGACTGATTGCATCT,249,49.8,Drosophila melanogaster
SEQ_137379,CAGTGACGGGTACGCGCGTCGTCGACGGTATATGTCGATCCTAAACCGCACCTTTACGCTAGGCCATGTAATTGCCCTCTCATCAAACTTGCGCCGACTGCGGAGCAAATACCTGACATGCCAAGCGTGTCAGCTGTAAAGGCTGGGTGTCAGGGGCCTGTCTCAACCCGCTCAATTATCGTCCTCCTGGTCCATGCACAGAAGTGCGATCGAAAAAACGGGTCTCTCAGGGTAGCTTTGGGCCGCACGTCGCGTCGTCTCAACGCAAAACGATATTTTGTTCTTCTATGCCCAATGAGGGTCCCTCCATCAGTTTTCTGACTAACATGCATTTGGTATCTACTAATTCCGGGAGCCCAATCCAGACTGTCACTTGTTGTCAACGTCAAACATGGGCACTGAGAGCTTAAGCTAGTATTACCCACATGGATTTTTGCCTAACTTTCGCGCAGGCGTCCTGAAGTACACGGCACCTAGAATGTCCCATCTGTCACACCCGTGCAACAATTTGGCGTTTGGAAGCTGGCGACAATAGCCACGTTCGTGAAGATTCTCACCAAGCCACTAGTATGCCGAGTCAGAGCCTTAGAGATTAGCGCACTTAGTCGGCTTACCACGAGGAACTTTTTCCAACAGACACGTGTAACGGTTAATCCCGTTGGGTGTGTCAAGCAAACGTGGCTTGT,686,51.02,Escherichia coli
SEQ_723777,GGGGCTCGCGTATAGGTTGATCGCCGAGTGGGATTCCTACGACCGCTGTTGGGGCTAATGCTATTTTTTACCCGGGCCACTGCGACAATCCATCCTACGTGGGGGCCTGTCTGTTTC,117,57.26,Arabidopsis thaliana
SEQ_506008,AAAGATCGCATATAAAAGCGCCACTGATACGGGACGCCATGCCAAGTACTAACACGTGCGTTTCTGCCATAATGCGTAATAACACGCAAGAATTTTATGGCTAAACAATTTAGCCTAATGCGGCCG,126,44.44,Saccharomyces cerevisiae
SEQ_406101,GAGTCAAACCCGAGTGCATAGTAATTCGCGTCCCACGTCCATTCTTATCCTCCGTCGTCGCCTCCCTCCAGTCGCATACTACTATCGGTCAGTGGCTAGTCGCACAATGAGACGTAGGTTAACGTAGATGGCCAATGGGAGCTTAATAATTCTAAAGTGGAGAGCTAAAAATCTCTGGTTCCGAAGCTCAATACTAGTTGCTCAACCAGCCCTTTTAAAGATACCAGCTGGGTGGTCGCGTCACAACACTGGCGCGTATTATCCGATACTCACGGGGGTCCCACGGTCAGCATCGATCACCCAGACTTTGCTCCTCCTAGTCCACTAGCTGCTTATTTATTTTCATATACTGGCACAGCTTCCCCAGGGTGGTCCAAAGCTCATCTATTCATGCCTTATCCAACAACAATACAGACGGCTACGAAGACGTTGACACACTCTCCGATAACCCAACATAGGTGAACATGGTGTCGCCGTTATTACTCAGTACGCTCGTGATTTGGACCTCCATTATCCAGGGCAACGGTCTCCTCTTAGATACATGCGTATATCCGTGGTCGAATTCGTGTGTCAGGGCTACGTATATCGCACTGTATCGATAACGCGCTTGGAT,613,49.1,Saccharomyces cerevisiae
SEQ_727121,CAACATCCATACAACGAATAGCGCAATTACTCATTCAGACCTGTACAGGATGACTTATTTATCACCTCTACTAGTACCTCGGTCGATATAGCCACGATAGGCAAGCCTCATCGCGTCACTTTTTAGGGCTGCTGGATGTGAAACGGCATATTTCGCTCGTGAAAGTTGGATACTACGCCCCCGCTTAGCGTACAGGATCCTCGTGTAGTGTCGAAGGCCACCCCTTCCCGCAATGCGTACGGGCGGCGCAGACTCCCCCTCATTGCCCCGGAAGCTGCAGGTAACAACTAGCCAGGTCTCTGTTCCAGAACTGATGAATCTCAAACTATCAACGGCGATCACATGATCAGAAGGACCGCGCGAGAGAATAGCTGTAGAAAGAAATCGTAAACACCCGGGCCCACGAAAACACGTACCCAGTGGAACATTGCAAAGGTTTAATACGGACTGGATCCGACAGTATATCGTGATTTAAGCATATTTCATGTTCGTGACTTGACCGCGTATCTGAATAACGTCGCCTCTTCGCAGTACTCGTGGAGCTCGGGGCGATGCCTCCATCCCAGAGCCTTCATATCTGAGTGCCACGCCATATCTCGTGTGAGGGTCACGTGCCAAATCCTATTACGTTGCAATTGGCTAGTCGTGATATTAAGGGCGGCATCGTTCGGATAGTGCCGCAGTCGGACGAATGCCAACATTAGCTATCAACTTTGTGCTGCACACTTAGACAGCATATGTATACCTATTCGTATGGTGGAAAAACCACCGAAGTGATATACCCCTCACCGACGTTTCGTAGCTGGTCTAGATAGTTAGTGCATAGTTAAACTCCATTGGTCCCGATGCAAGTGTCGATGGTTCGTGGGTGGTAGTCGCTCCTAGGATCGATCTAGTTGGATCTGACTGATGTACCGATATCACGCGCACGGATCAAGCAAACAGCCGTAAGCTGCATAACCTTCGGAGACCTGCTGGTCATTCCACAGCCCCCTGCTGAGCTGCGCCTGATTTCGCATGCGCGAAGTGCGTTCGCGTCCGCGCAGCGAGGCACGCTCTATACAAAATCCCGAGTACGGACGGCTCATCCCGTTGGTAGCGACCGGTATAGGGCTATACGTTTGATAACCAGGGGAGACCACGATCCTCTCTGGTAAGCTAGGCTTCTGCACTGAGGGTAAGGTAGCAGCGCTATAATTTGGTCCAAGCAACCGCAAGAACCCTCCATTACATCCTTTCCCTGCACATCGGCACACCTTAAGCCGCTTCAAATTCAACGCACTAGCGACCCCTCCTCTTCTGTACTTTTGTGGCCTGTGGGGTATTTCTGCCGGTATGTCTTGCTCCGCAGCATTAGGCACGTGGGGACTTATCTATTCAGACGGATCCATAACTCGATTGTTCTAAGCGCCCGCCAGCGTGACACCGGCGATAACTACAGCCCAAAATTTAGACCCAAAACGCATATTGGCGCCTGCGGCATGTTAAGATAGTATTACTTCCGGGCCACCTTGACTAGCTTTCATGTCACGAGGTTATAAATGATAGGTACTATGGGTGATCTCGTAGCTTCTCGAGGGCCCTCCAAATCCGCCTTTAGTTGAAGATTGCGTATTGCGAATTTCCCGGGAGTGGGCTACTTTCGTAGGACGACGAGATTAAACCCCTTATTTTA,1675,50.75,Drosophila melanogaster
SEQ_330380,GCATATTTGCAACATATGAAGCGCCAGACAACTAAGGTGAGCCTTTGTGGGACGCACACTTGGAACTATGGCTCGCACATTTGATATGGTACTGAACATTCAAATCTGAGTACGCATAAGGTTAAACCTTGTGTGATTCCGGGAGAGTTGTTCAGCTTCACACTTCGCAGTACGCGAGTCTAGCAGTTACTATCGGGACATCCTTAATACATGTGGGGGGCGCAATATAAGATGAGAGACCGAGGGGGACCAGCATTGACTATCTGGGAACCGTGGATCCGTGTCCTCGCGTCGTTCGATCGAAATGGACGCAAATACAGCGACCGTATATAGTCTCGCGCGGGCACTTACTTATGGCGTTGCAGTAAGTTTCAGCCTGTCCGAGACTGTCAACACACACATCAGTGGGCGGGATTGTGGTAGTATCGGCCCTAGGACTGTTCTCCGCACATCGGAACTTTTAGACAGAGGTAGCCTTTTTTACATCGTGTGGTAAATTGAGGTCGCGGATAGACGGTATCTATCCCCTCTTACGACAAAAATATTACCACAAAGCGTGCCAAAACGGTTCCATCCTAGCGTAGATCTCTAAATCTCGGATCGGAATTGATAATTCACATGCTCCCGATCATTTTAGAACCCTACCCATCTTCAGAAGTGAATATAATATTACAACTTAAAATAGGTGACTGCCCCCACGTGGTTTTGTAAACTGGAATGTCTGTTCTAAAATTCTATGTGTCGTTACCAGCAATCTAGCGGAGACGTGGCAAGGCGGATAGCCTGTATCCCTCTAAGATAGCTACAACCAGGCTTAGTCAGGCTGGCAAAAGCGTGCACTTCAGCGTATAGACAAAGATACACACACCAATGGAGCCCTGACAGGGCGAAACGTGGTCTCGACGGCCCGGACTTTAGGAGACCGCGGCCCCAGTATTGACGTATGCAGCA,951,48.16,Mus musculus
SEQ_519825,CTGTATTTCGTCTTACTAAAGGGTAGAAGGTCTAACGACAGGGTGCAAATTGCTACTCGTTCAAGATAAGCAAAGAAGTTGGACCGCATACAGATACATTTTTCTAAGTTCGTATCAGTGGGCCAGTATGACCGGTAGAGACTCCGTAACGTCGGGAAGCACGGCGGGACGCGCCCTGTCGACGTTGTGAACAACAAATGATTTGTCTGTAATCGTACTCCCACCATGACGGGGTGCCGGTGGATTCGTGATGGTGACCTATGTTCCTAGACATTTCATCTCAACTTCGTTGGTTGAGCCCGGTTCAAAAACGTTGCTGTCTGTCGACGTGATTAGGGGCACAACATGTGCAATTAGGCGCGTAAAATAACTTGCCTAGGAGTCGACCTTGCTATGGATTGCTTAACATATAGTCCACGCGTCTTGTTTACATCGAGGGTCACCGCGGCCTTGCGTGAGGGATCTCCGGATTTTTGTATCTTCACTTAAGCTGGGAAATTGGACAAAGGTATGACGTAAAGGGCGGGTTAGGCTGTTTATATCGTGGTTTCACCCGGAATTGATCCAACAGCCAAAATTGTATATAATCACAATAACCCATTCCAATCTTAGGAGTTGTGACAGTAGTCGCTCGGCTTTGTTCGAATTATCGGGAGGAGTCGAATACCATAAGGAATACAAGACTCGGGCAAGTAGGAGAGAGAACAGATCGCGTCACCTAACTATTGGCATTACAATGTGTTATATAAGATCGTCCCTCACGATAAGTTCGTATTTACAGTACAGGGAAAAAATAAGCTCGAGTGTAGCCTACATAGGTGTAGATCGCGCTCCTGCGGAACGCAATCCTGTGCCGTGGGCTATAGGCACGTTGCACGTTCCCGAA,886,46.95,Saccharomyces cerevisiae
SEQ_396816,TCAACACGCTACGCCATAAATAGATTGTGCCGGCACCCCATCGTGGCTCAGTTGCTGGACCAAGCATAGGTAAGTAATAGGGCCCACCTTATGGGATGTTGTTCAATCCGTTTCTCAGCGCGACGCGCGCCAACTCAGTTCTCGTGCTTTCCCCACCATAATACGATGAGGCGGTGGGTGGTTTTGGTAGGCGCTAAGCTCAGAATCAGCGCTGCCCCATCAGGGTTACGAATTTATGGGTAGGATAAAGTCCGAGCCAAGTGGCTCTTACGAGTAATATAAAGTTGTGGACCCGGCATATGCCCAAAGGTTCGCATTAGTGGACCTGTCTCGCGGTTCAGTAGAGCGCACTCCTTTCTGAGCTGTAGAAGGTTGGCCAGTAGACAGTAGTCCAGCAATATCCGACATTCTGCGAAGTAACCCCCGCCGTCCATGTGTAGCTTCTTACCCATGTCGTCGTTTGGCTGAAGAAGGGTATCTGCTGATACAGCAGACGCCACCTCTTATCCGCTCAACACATTCCTATCGCTTCCTTATGTATTCTCCTACAAGATCGCCCGGATGACGTGGTCCCCTAACTCTCGTCGGAGGAGAACACTGCCGCATCAATTGAGAGAATCAAAACAAAGGCGACGGTCGCGGTACTCGGCAGGTAGATTGAGCATACAGCGTGAGGCACCCACACAGTCCTTCAAGCGCTCGAGGTAACGGATATCTCTGACTGAAAACGCCTCTCTGAAACCCTGTGCTACGCTCTCGAGACCCTTATCGGTGGTCCCGCGGAGAATTGTCTAGGCCTCACCTTGTGTCCGGGCGCACATCCTTCGTAGGCGAGACCCATCCTAGTCCTACGCTCCTCCATCCAAGCGCTGAATTCCACCTAACGCACAAGTAGTAGTCTATTGTAATCTCATGATAGTAATCTTAATTGGCGGGTGTCAAAGCCATTTCCAAGTCCAGAATCATTATCTAGTTGGAGCTCCATGTTAGCCTGCGCGGTAAGGGCGGCGAGTCGTATATTGATCGATCACCATAGGTGTCAAGAGCGCAACAAATTCGTAATCCGATATAAGGACTGGTGTGACGCTGAACCTCCTCAATAGGAAAGACTTGCAACTGCATAGTCTCCCACACCGTTTTTCATGCGTGTATCAGAGGAATACTACCTAAGCCACAATCCAATTCCTCGTTTATGCTCGAGTCCTCACTCCCCGTGGCTGGAGCAATTGTGCCATGTTTACCGGTAAGACTAGAAAATGGCAACGCGACGTACACCATGCATCGTATTACGCCTACTGGTCTGCAGACCTTCCAAGAGTGGCCTGTATTATCTATGGGAGCGTTTCAAGCTGATGTGAGATTGCTACATCGTACTAGTGTAGACTCTTTATTGAATCAATCTGACTCTAAGCGCAAG,1417,50.39,Escherichia coli
SEQ_737210,TACTCAATGGAGGTGTGAGGCTGAAGCCATCGCGTGGTGGTTTCACTAGTAAGGCGTTCATTTGTGTTCCCACCTGATGCAGGCGCTGCCATAGTCGGAGAGGCGGCCGACAAAGAAACGTGGTCCAACGGTTGGAACGTGATGACTCCTTCTTTTGACTAGTAACATGCCGCCCATGTAGGAATGCCCTCGTGCCTGCGCAATCCATGACGGTTCTCATAGTGGAAGTCAACTCCCTAAAAGATGTGAAAATCTTGAGCCACCCTTAGGAGATCAATCAGCTTGCGTCCAGACGACCAGGAGCTATTATGGTCCAAAAGTTGTGGGTTGGCTCATCGGGTTCAGTAGATGGAGGTCTACAAGGTCGGCACTCCGCTTTTAACCCAGGACCAGTGTCAAGATCTGTGGACACCTTGTCAGCAATTGTTTAACGGTGGCGGGCATCCCATAGGCGGTTTTCTGATGTGCTAGGAGGCAGCGAAGCTTGTGATAAAAGAACCCTTCCTTGTTAGTTTCTACTCGAAAGAGTGTGTTTGGGAAACCTGGCGCCGCACTAAGTCTTGTAGGACCTCGAGGTCGTATACATTTACCTAAACAGGCCTGCCACGTTATTAGCCAGGGTGACGCGACCGATAATGACAATAATAACGCGATATCGGAACACTACCGTAAGAGCCGCAATATGATTAGGTTCCCGTGGTCGATTCGAAGCGTTGCCCTTGTGACTGTTCACAGACACAGCGAGCCAACTAGATCTCGCCGTTGTGGGCTAAATACGCG,780,50.77,Arabidopsis thaliana
SEQ_131852,AACATGAATACTGCGGGCGAGACATAAAGGGTAAACTGTCAGAAACGTGTACCCTTTACACTGTCAAATCGCGCGCCCCCTCCATACGTGTTGACGCAGACATCCTTGTTCCAGCGGCTAAAGGCTAAAAGATTGAT,137,48.18,Mus musculus
SEQ_829693,AGTGAGTAATTCATTTGAGCCTCATTCTATAGCCTTCCGTCGACGTGTGCACACTAATGGCCGACGTCCTATCACGGAGGAACAAGCTGATAAGATGGAGCGTTTTAGCCACAACATATTTGCCACGTGACCAGTCTCCCTTCAGGACCGGCAAGAAGCGTCTCGGTCTGGACCAAGAACCAACTTTTATATACAGGCGTAATTGGGCGTAAACGAACCCCAGTAGATGATTAAACGTGCGTACCATAATGTCAAAAGATAACTCGCGTCTAAACATTCGTCGCATACTACTTTAGCGGGTATGGCGGAGCGCACATTTAGATAGGAATTTCTCCACGCACAGGTAAGTATAAACTTGGTCGTACCGTAGGGTTCACAGTCTCGGCTTCGAATCTCTGGAACGCGGTGACAGGACGGCACTGCTCTAATACTTGAAAAGAAGCAGTGTCTCACAGCCATGTCAACCACTCTTTGGGCAGTGGGAGCTACGCTTGCTGCATCTCATTGTTATCAAATAGGCTCACATACAGAATCTAGTGCTCTAATATGCTCGAAGTAGCGCAAGGATACGACCCAGTCCCTCCAGATTTTGATCATTTGATTCACCATCCCTTCTCCCATAGGCAAGTCGATAGGTCTCAAATCGGAGAGATTAGTCAGCTCTGCATCTGATCTAGGAATGTCTCGTAACCAGAACGAGATGAACCCACCTCGCTGACACAGGGCATCGCAACTACCACAGTTCCCTTCCTGCGAGGTTGTTGTGGGCGTTCGTGCTTGGCACTCCCCAGCGGAATAGGAGTATAACGTCTAACCCGCATTAGCTGAGTACCATGCTTCAATTTAGTGGCATCCGGAACATACAGTGCGTTAGATCCCGGGAAACCGCTCTCGTAACATTCAATACGGGGGAACCTTTTTGAAAGTTCAAGCCTTAGTGGGGGCCCATGCGCGCGGTCTATGTTACCGAAAACACGTTTTGTACCCCCGTAGGGCTTAGTACTAGATGTCTTTCTACATTCTCGACTAACTTGAGAGGAGCATGTCGTGGTGAGTACCT,1060,48.58,Homo sapiens
SEQ_382980,TTATCCTGGCCACCGCAACCTCACCACATCAAGTTTACCTACCCCGAGGGTGTTTTATGCCGGCGGTCCGATAGAGGGGAGGCGGGATTCGCAGAGCTGCTGTCCTTGTGAAACGTTGCTCGGATCGCCCTAGCCCTTATAAATTCCTATGTGCATGAC,159,54.72,Arabidopsis thaliana
SEQ_547550,CTCAAACTCGTGGGTTACAGGTTCTCATGTAGTGTACAACGAGTGTATTGGGTAAAGTCAAAAGCCTAGGCGCATGGTGCCTTTGGTGCACAGCAGTTGCGAGTCACAGCCCTACTAGTGCATAGACATCGGTTCTGCCTCTAACCGCCAATATTGTTGCATGGTAGGGATATAGAAAAAATATCGATGACGACGGGATTCAGAACGAGAATTCGTCCGCAATCAATGGGGCCACCCATTTAGTTTGGACTGTGAGGGTTAACGGATGAGATAATTCCTTCGATGGCAAAATTTACAGGCATGGAGTGAACGCCGAGTCTCGCAGAAAAAAGTCACGTCTCTGCTAGGGTAATTCCATGTAACAACTTCGATATACGCCTTGGTTTGTCTGATATTTATGTCTCCTCGCGCCAGATGTTACAGAGGCCGACGAACAACGCCCCGCTCCCAATTTTCTACCTTCCGGAAAGATGTCTTCTAACAGCAAATTACTATCTCAAATGTCTGATTGCGAGAATTGATGAATTACATACCGGCGGCCTGTCGTCACTCCTGCCGTGGAGACCCCCGAATCCTCCGCTTTCACATCTTTAGTAGTAGCCTTTGGCTTAACGTATATGACCCAACAGGCCCACCCATTCAACTGAAATAGAAGCTTTTGCTACCTGGTTGTGTCAGTTCCGAGTAGTACGGAGTGATGTTTATCTTTAATTCACACGGGCTTAAGACTACGACTGCTTTCAGATCCACGCAGCAGGCGACGATCTCTTCGGTCAACCCAGTGGCACCAAGGAGGCACACGATTTAGACCCATACCCAAGCACCCTCTTAGGCAGCTTCGGTACGTCATAAATAGCAATTTCATCTGTGTATGCTTTGCTTATGACCGCGGAAGTCGGAGGGCCAGAATCCCAGTATACGCACGCAAGGACGGCCGAACTCAAATGGACAGGAAGGACGACTAGTGAACTGCAAAGACCTTGTGGTCTGCACTGAGCCTACGGTAAAAGGGATTCCAAATCGAGTTGATGCCGAGTCCCATATCCAGACATTTGAAAATAGCCCTACATATGTCTCAAGGCCGGGTCACCGTTAAAAATATACGAACGTGAGCCTAGAGTCCCAACCTAATTCAACTATTTTATAAAGGGCTAGCAGGGATTCCCAATCAAAATCCTGTTGTCTATGCGGGTTATCAAATCGAGAGAATAGCATCCGGGGTCTCCACCGCCAAATAAAGATGCGGGGTGCTCGCCTGCCATCAAGTATGAGGCAGCAGAGCATGATTCCTTGTTGGCGCTAGTAATCTAACTAATTATTCTCAAATGTCCTCCGCACACGCTTGGCCGCCGGGCTACATGGCTTGTGCCTTTCGTATCGATACTAATCCTCGCATAGTTCCGGGCCAACGGGGCTGAGTTCCGTTTATCTAAACGTCGAACAACTTTACACCACGCCACAGGGCTCAGGACATATGCACACGAATAAAGAGAGAACATATGAACGCCCTATTCTAGGTTGGGGCGCGCTTGTAGTCGAACGATAAAGATCTATGAACAACAATGACTTACAGCCTTGTGGGAGATATCTAATGATAAGCAGGGGCGGCCCCATAGACCCTCGCCGCGTCACAGGCTAACCGCGATATCCCGATTTTTGGAACACAACCCTCC,1673,48.36,Drosophila melanogaster
SEQ_650680,CTATTCATGACCGTCGCAGACGGCGCATAATCGTGCATCACAGAATGCTTCACGAAAGACGCTCCACATCGTGATAGCGA,80,51.25,Arabidopsis thaliana
SEQ_393091,AGACGCATCCTGTATTACCCATAGATCCGGTAACCATGAGGGTTCCCCGTGCTCCGGCTCCTTATTGCTTATACAAAAGCGATAGACATGTGACAAAATTACCGGTGCCTCGCGCATGCATGGGACTTGGTAGCGATGACGAATGTCCTGTTGGATAGCTATAGCTAACCAGTCAGTATTGCCGTAATACGGATTTGCCATGGATCGCAATGCATAATCCGAGTTGCTCGACGCTTGAGTCATAATTAGTACTGCGCACCGGTCACGTAGCATCTATAATGAGTACTACCTGTACTGCAAGGGGGACTCGAATTGTTCCCACATGGCACGTATCCCTGAGGTTCGATTTTTTATCTTTCACTATTCGCATCGTTTTGATTGTATCTTCGTTAACCGGCAGCGGGTTTCGTCTCTGAGTACCGATCTTGTCCTGTCGCTTACCTACGGCATCCGCCACTTGTTGTCCTTGAACCATATTGTATCATGAGTGAAAACTCAGTGAGGAGGAGGAATCGTTTACCTCAGGTGAGGATGCCTTTAGCATGCTCTTATTAGCTTAAACACCTAGCTTGACGCCTAAATTTTTATCGCCATGAATGTAGCACCGTCTCACTTGACTTCCGCATAACTATTTAATTAGTTAGAAATCCGGGTCCAACGTCAAGCATCCTAGGTAGGTTATATATTGCAACGTACCAGGGTCTTCCTATTAGGCAATCTACCAGATAGCGTGTGCCATGGCCAAGCCTGTCGAGCAACGGCGGCCCACGTAAGCCGAAACCAACGCTTACGGAAGATGGACAACCGCAGTCTCCCGTCACTAGGTTATATGATTGTCAGTATGTCTCCAGGGTCCATTATTTACAGCCGTCACTTGTCCCCTTACGTTAGTCAAGCAGTATCCGTTAGGCTCATTAACCGTTGTCTGTCTACATTGAGTATCCTGGTAGACCGGCCGGCTTGTTTTTTGAACGACTGCTCAGATCGTGAACCGTGTGGCTTTCAACGGCCAAGATTTCATTGGGCCGCGGGGCCTTGGTAGTACCGGGTAGCGTGTTCCGATTCCATCCCTTAGCCTACCCGCTCAGGTCACCATTGATCGCCACTTCCTCCGTGACCTCTGGGGAATACCGCTTTGAACGAAACACCCGTTTAGGTCTTCATTTGAACTCTACGACACGAGCGGAAGTTTCTATCCGATGCCAACCTCGTAGAACGCGGACGTCCCGTCAGGAGGGGACCGAGAAGGCACGGAAAGCCTACTGCAACTG,1271,49.25,Homo sapiens
SEQ_593920,CACCCAATATATCGACCCATGTGCTATCATAGTAGTGGTGGGTGACATTGGTAACAGAATGATAGCATAATCTACAGGGTGATGCAGCATCGGTCAATCGGATTCTCCTTTCCTGTCGTGATGCGCACACGGGAGGATCTTTTCCCTCCT,150,48.0,Mus musculus
SEQ_823202,GTTGGACAAGCGCTTTCTTGAATTTCGGGGATATCACCAGCGTAGTCCAACTCCGTCTGGCTGACGATGGCTGCCGAACCCAGGATTGATTCTTGGTTACTCCTTCAAGAACTCGAAGCCCTGCACGCTACCGAGTGGCTCATGCGCGTCGTTAACCCTACTATGGGGACCCTACGCGTGAGCGAAATAACGGCTATCATAGCTTGGAGGTAGGGTATATCCGGTCTATACGACACCGTCCTGCCTCAGTTGGACGTAATCTCTGCGTACTATTCACTGGGTAGTGCAAACTTCATGCTTCATCAACTTCACCTCAAGAGATAATGACCCTAAACCTCACCGTTTCTGTAACTATTAAGCCAGTACTCGTGTACGAGGGTCACAGCTCCGTTGTCACCAGAGATAGAGCAGCGCTCGTAGAGACAACGGTCAAGATTTTCTCGTAAGGTAGTCAAGGGTCGCCGCGTAAGACGTCTAAAAATTGTATCCGACCCACAATAGTAAATGTTAATAACGTCACTCTCCTTTGCAGGCACTTCATACAAAACGGCGTTCGTGTCCTGAGCAGCACTTACAAGACGCGTTCGCTATCGACGTTTGGTAGTGGGCGTTCCTCCTCTATACGACGCCCTTTCAAAACGTAACTTCACCCCTTAAGGACTTCGTGATGAACATGTCAAAGTATCCGCGCGTGGTGAATACCCATGTCAGGCTTGGCGGAAGAAATACAGACAACAAGCTTATAAACGTGAGTAAGCCACGATTGCGTTTCCCATAAACAATCCTTCAGTTTAATTAGGCCACGTGCGCCCGGTCAGATCTGTTCTGACTACGGTTTCCCAAATTCCTCATGAAGCGACGCTCACGATCTTGCTACCGCCACCAAACGTCGCATAGATCGCACCAGTACTACCGTGCCTGCTGTGATAGGACGGAAGAGAGAACAATACGTCATGCCTCGACCGACATCCTTAACGTTATCATTTACTTACTTCCCATGCCGGGTAATGGGTACAGCTAT,1021,49.17,Drosophila melanogaster
SEQ_500817,GGTTATTCATCCCTGCCATACCTGCAACTATTATGCAGATGGTATCGCAATGACGGTGGTCACCTAAGCCACGCGATAGTGGCTCCGTAGCAACGGGCCCCCATAGTGTTCCTTCCTTACTCATGGAATTGTAGCCTTTAGAAACCTAGTGGCGACTCTTTAGGACACAGGGAGCAACCCTATGATATTAAAATTGACGCTCGCACTATTCCTATAAGCGTACGACTTCGATAACATCTAATAGGTGCACTCGAACAGAGGGCTCAAATGGCACTTACATTGTCCGGCCTACGATGTGGCCGACCAGGCGGTCAACGTAGACCCACAGAGACCCAAGACACCGAGTACGGGCCCGGTAATCCATGCGAGGAAGGAAGCTGCAAATACGTGCTCAGCTGATCTGCTCTCGAACAATAAGCAGGGCAGGGGCCGTGCCTACGCAACACCTCCTCGAAGGACCGCCAGTCCGTCAAGTGTGCCCACCGCGGGAACCACTTCCTCGTCC,505,53.47,Homo sapiens
SEQ_165154,TCACGGTTCGGGGCGGGATACTGGTCCTTCCAATGGAATCCAACGGCGTGCAGAGGATGAAAACCACAAGCCATATGCAAACCTAGTTTACGGAAGGGGATACTCCAGAAACATCTTTTATTGCGCAAGTTGAACATTTGAGTGACAATGCTCTCACTCAAGAACAATCGCTTCATACTTGGAGGATTGTTCAGAGGTTCCACGATAAACGGATGGCACATACAGCGTGGGTTCCGGTTACTACGAGTCTTGTAAAGGAAGCTATTTCCGGCACGGTTAGGGGAGAGATAGTGCGTATATGTTTAGCTACCCCTTGGATTGGGAGCCACGCCTGCATATCTTGTTCGTCGCCGAATCGTGATCGATACATTGCCGAGCCGGTGAATATTAATGCTTCCCAGAGGAGGACAAAGGCCATCCCGGGTATGCATGGCTTCACTAACAATATGCATTTGCATAAATTTGGTATCTCCCTCGCCCTAGAGTCACTCAAGTGAAAAATAGTTTCACCATATATGTGCTGCTGGACACGACCCGTTGTCTACCGCTAGACCCGCTCATTACGGTCCCCGTTTCGGACGCACTCTCGTAGCCCCGCAAATTCTGCGGTGTGCATGTGGATAAATCTTCAGAGCGACAATTTTGAATGGCTGTTTCTCGGTGTCCACAGCATTGTGAGGTTGCTGCAAGGGCCGGACTCTTGGTGTAGGACATGCAGGTATTAGAAGAATGATAGTTTAATCTACGTATTCGAGTCTGGGAATTATGGCGTCCTAAGAAGTGTGGCGGGTTGTGAGTCTGTGGCCCTGACCAGACACGTAATCTCTGCGCGAAGCCTCACAACGGAAACCTGAAACGCTATAGTCCTAGCCAAGAAGATCAGAGATCAATTAAACAGCAAAACTGAACCAAACACGACACGTGCAGATCCCGACCATCGAGACTCTAATGAAGACGGTCGCAATCGGCGTCCTCGGCGTAAAACATTGATTAGATGAGGTCTCGAGCCGTTATTTGCAGTGTCGAAGAGTACCTAGCCATGGCTGGGGCCCGAGGGGTCTTCAAGGCCCCTTCACTCGAAGGTTAAGTAAGCAGCTGCAACGTGCGTGAGATCGCTCGTTTTTAACCCGCAAAGCTCTTTAAATTGTGCATTCAGACCTCACGAGT,1167,49.19,Saccharomyces cerevisiae
SEQ_703220,ACCTAATTCGGCTCGCTTCCATTGAACAACCAGGTTCGGCGAAGCGTTTTGCAACCTTGTCCGCGTGCTTGCTAAAGTGACGGATACATTATCGGGCTACACGTCTATGTGCAAACCACATGCTTGTACCTTATGGGTAGAAGATTGTACTGTGTGCGGATATCAGACTTTCGGAGGCGTCCTCGGTAAATTTAAACACGTCTCAGCCAGTGCGGTAGAGGGATGGGGGAGCGCTATCGTCATATTGACCTAGCTGGCTAGTCTTCGGGAGTTCCAAACGACAGGCGACCTCCTACGGAGAACGGTTCGCTCTGGAACGAGAAGGTCAGGTTCCCACTATCCATAGAAGGGTGAGGCATGTAAGCCTTTTCATTGTCGCCATCTCCCTAAGTGCTAAGGCATTTGACGCAAGGTTATGACGCAAAAACTGGCCTATGCGGCCCCATCAGGTGCTAGACTTCTCGACCTGCTGCACCGGAGAGTCCATTGTTCTAGGGCACAGCGAAGTACGCTGACAGGGTGGGACCACGCACTATAGCTCAGTCGGCGCGCGAGTTTTGCAATCACCGGACTCATGGGGGGCAACATCCCCAAATCTAGCGACTATAAATGCTTAGATCTGTCCATTTCAGCAATGGGCGGGATACATTTGGTGGGTACGTTCGAGAGGTAGAGTCCAAAAGGCGCAACTGGTGGTCTGGTTACAATACCCGCACTTGTAACCGTACACTCAAGTACCACTTGACACTTGTCAGGAGT,759,51.78,Caenorhabditis elegans
SEQ_705744,ACACGATAGTCGTGACGCATCATCGACTTAGCCCTTACAGATTTCGAGTCGGGACCGTAGTTGCGCTTAGCGATGGCAATGTAGCCGCCCAGACGACGTGGAACGATCAACCGAAAGATTGGAACCTGAAACACCCGATTATGCGACCGGGACGTTACCATTGTGCAGTACCGTCCACGAGTTTGTGAGCAATTTAGCGCTAACTTCTTTTATAGCTGCTCTCACGCTGCATGCACCCAAGGAGAGTTACGTAGCAAGCGTGCAATGTATCCGGGACGCCCTGAGCCGACGATCCGATTGCATAAGCGAGTCTAGCACCTCCTAATGCTGCACTGCCGCGGTACCACCGAATACTGCAGGCGGAGACTTAGGCATTGCGGTGTCCGCGGACGTAGAAGCTGTAGGCACAGAGCCCAGTTTGCTCTCAGTTAGCATGGTCCGCGCAGTCGACTAGTCACTGTTAGTGGATTATGGTCTCCGCCATCGAGAGTATACCCCAGCTAAGCTCATGTCCTGTAAATTTGTACTTGCAATAATCTTGGCGATATCTGATGAATTGGCCAGGATCGAAGTTGGCTGAATTGGCTTTTCTCATCTCCCTGACATTACTTGCCTGAAAACAAATCAAACTACGTCCCCGTTCTAGTAAAAAGAGTACACGGTCGGAACATGATTCAGCAACCTGTACTAAAAGAAGGGCGCACAGACGAGTCTAACGGTGACACTAATTCGCCTACCTTCGTACGGAGAGGGCTTCGAGAACTGTTGATAGGCGATGAGGACGAGACCCACGAACGCGTCGTGAATTACTTGGCAGAAATTCTCTGACGAGTGGTCCGTGAACCGCCCAACGGGAAGCAAGACGCCGATCCATGTCATCTGGCCCAGCACCACGCATCCCCAGTAAACCTTTGACCAAAACCAAACGGCACCTCGATTCCCCGACAGGGTCGTCGTGGCTACCCAAAACCTCACGCGGTTACTTAATGGCCCTAGGGCGCACCTGGGGACTCCAACGTTCTAATGATTTCGTAACAACATTGTAAGCCCATCAGCAGAGGGCTCATCCGTCTCTCGGACTGCCAGCCTGCAGGACTATCCAGCATGGCTACACGCTCGCAAAAGTCGGCCGACGCACTGGGTGGGAAAGACCAGACGCCCTCTCAGACCGCTGTATAGCTTTTACTTAGAGTCTTTCTAACCCGCCATGTTGCAAAGAATATGCTATGCACGTGCTGCCACTTCGGCAATAACCGCTTCGAATTCGACCGGCCACGAGATTTCATAACTTGCATAGGCTTCTAGTTCCGGATGGCACAACCTACCACAGCCCTCTTTACAGATTGTAGTGTGCACCTACCGATTCCGTAGAGACGGCGGCCGAACATAAGCGAACTTGACGACGGGCGATTCTAGCCTGGTGCAAAGTAGATCGCCTATTTTGCCGCACGCGATACGGGCTGCCCCATCCATTACGTGGCAGGAGGGGATTTATGGCTACGTTGCGCGCTAACTTTGGTGCCAGT,1526,52.62,Escherichia coli
SEQ_478110,ACGGCGGGAGGAGTGTACTGCGTACTGGCCTTGTAGTCCTGTACCTAGACTCGAGAAAGGTCTGCTATGGTGTATCCGCACACTGCGACCGAGCAATATCTACGCATGTTCGATATGGTTATTGGGATTGGCTAATAGCCTGCGCGCGGAGATGAATACCACAGACCTGGAAATAAGAACCAGCTCTTATTCGCCGAGCATTCGCCGCATATATATAGGCGCCCCATAAGTCTACTGTAACCCCTTGATCACCGACGGAAGTTCCCATGTATGCTCTGTGTTTCTAAGCGGGCGTCGTACATCTTTAGGATTGGTCGTGGACAGGGGGTTCTGCATCCACCAATCGGAAAACCATCGGATGGTGATAAGGGGAACATAAACTATTGACCTATGGTCACGTGGCATCGCGTGACGTATACGTACCTGCGGTTGGCGGTCCCTCCCCAGTATACGGGGCCGACAACGAGGTCGACTACTAGAGGCACCTGCCGGACGTGTAGGAAACGTACTAAGCTCCTTATCATCGGACTGATTGCAATCATGATCTTGATGTGAAGCAAACCATCCTTCACGCCCGGCTCTGCTGTGAAGCACTTAATGCAGCCACTGTCTCTGGATCCGCTAGTCACGAGATGCATCCAAGTAAATAACTCCCACTACCCTATAGATGCTAGACCGCCGCTGATTCCGTGGTGAGTGGTAGACGGTACTAAGGTTAACGCAATGTGAAGTGCTGTTATTTGCCAGGGAATGCTTTGGTCCGATAATATCGAAAATATCCAGTATTGTCGGTACGCGTTATGCATAATTTGTTTTCCTGAATGGTCCGACTAACGTGTATTAACTGCGCTATCTTGGGAGGCAAATCTAAGATGTGCTTTCGAAAGACATTGCTTCTGCGCTCAGGCTGCATAAATCCAAGTTTCCGGGTAGCGTAGAAAGAAACTATTAGGAGCTGACGTGAATAGACAACGGCCTGTCTTTATAATTTACTCACCCTCCAGCGCACTTGTACCTTAGGTTCGACTTCGGTGATACTTTCATTCGAACTCGAAACAGGGATTCCTAAAGCTCATCCCTGCCGATCGCCCTGAGAAGTTTTTCGTTCACTCTCTGATCGTGCATAAGTTAATTTATTGGTGGCTATGGCACCCTCAAAAACGGGAAGTAAAGACATCGCAATTAAAGTGGACACTCTACTAATATGTAATATACTAGTGTTAGGCCGGTGGACTGTTCGCAAGGCTACTGCCTATATCTTTACTCGCCACTTGAAAGTAGCGTCAAGGAACATCATATCCTGCTACTTTACCCTCGTAGTTTTTTTTATGCACTGCTGACTGTTAGTTACTTCTAGGGAAATCTTGGCGACCAAATTGACCCCCACTTAAAACAAACATGTCTTGTCGAACAGTCAACACCTTCGACGCGCGTCAAGAACTGTAGTAAATTAGATCCTCGTCAGCCCTATAAACGCTGGACATCGCCGCAAATGCGTGGGGTAGGACCACAAGTGATGAGGCGCGCGATGTGGCGGGAGGACAAATCGGTGGAGTCGGAGGCATCCGTCCAGACCGCGCTCTTTTCTCAGGGGGCCGACATACTTACCCTCTCGGCTAGTCCCGAGGGAGCTTGCATACGCACGCTGTGTAC,1653,48.88,Saccharomyces cerevisiae
SEQ_473915,GACCAGTCTAATCGTGTTAACATTTCCTTTACCGATGACGCTCACAGGCGTCATTCCGCTCAGTCCGTCGCAGAAAGGCTCCTTCATCTAGTTCTTCATTGGATCCCTGACTGTCTATGCGGATCCCGACTGTTACGGCCATTGGGTCGGCCGTCGCTAAATAGCAACAAACAGAAACGAGATATCCGGATGATCCCGTCCAGCTTGGTGTAAGTGGCATGTCACGGTTTACCGCCTGAGAAGCATACGCCGTCTCTCAGGACCGAGATCTAAATGTTACGCCTAGATCTTCCGCAAGCAGTCCTGTGATCGTTCTCTAACAGATCCGCGGAAGTACGAGGGACGGCGCTCTTTGCACCGAGCAGCCCTGGACAGAAATACGCAGATAACCTTTGTGACATCGATGTACACGCTCGGAGCACTGCCCCAAAAATGCTCCCACTATCTTTTAAGGTCGCATGACAACAGACAGAGGTTCAGAACACTCAGGTGCGAGCCCCACACCTATACATCACTGTGGGGAGGCTGAATTATAAGGATACTTGGGGAGCCGGGACGGCCCGCCCTGGGTCGAGCGCCGGCAAGATTGGCGATTTACTCTTCCGCGAGGGCGATGTAGTAGGTCTCTAAAAATATGTAAGCGACCATAATTTGCCCATTAGCTCTCTTTTCCGGGGTAAATCGAGAACATCTAACATTGGGGGACGACGTCTTCCGAGCCTTTAGTAATACGGCCCGGAAGTTTGCTGCCTAATAATTATACGTGCAGGCGCCATAGCGCCTCGTGCCTTGTTTACACCATGATTCTGCAGTCAAGCCCTCGTCGTCCAGCTCAGCTTCGCTGACTCACCCCTATGCACCTAGACGAAACTGAAATGGAGTCGTTGGCCTCCGGACACGGTTCGGTGAGGTGGTAATCTCTCTCCCACTGAAATCTAAACTGACACGTCTAGCCACCCCATGTTGGCCGACTAGGGTGCTTGAACGTAACCAGAAGAATTTACACAACCGAAGAACCCACCGTGTCCTCACGCAAGACGGGAAGCTATATTGATACACATGTCTGACCTTCACTTGAAATCCTCACTTAGTGAACAATCGCAAGCACTTCGGTGGATTCAACGCGACACTACTAGCGTGCTAGACTTGCGCCACCGGCAACCGTG,1166,51.97,Saccharomyces cerevisiae
SEQ_548995,CCAGAATCAAGATGCCGTCATCAGATACACTGAAGTACGTGAGAGGTAGCAGACACAACCCTGCGGTTCACTACGTGAGGTGATTGCTTCTGGTTTCGCCGGGGCTTCAGCTGTGACACCGTGTCTCGAAGCGTGGCGTGCTAGTGCATCACTCACCCTGGAGATGTAATGCGTCTCAACAATGGAGCAATGCTATGTTATTCAGCACGATCCTAACAACGATCCTCGCCGGTAGTTAGCTGCACGGCGGTTTCCAGATGGCTTCGTGCATCCCGTAGTTTGACTTGGCTAATTCCGGCGGTCTGTCGTCGGACGCCTGACAGGTGTAGCGCAGCGGGCCTTGCTCTCCCTGGCCGCGAACACCTTACAGATTAATCCCAACGAACGGTGCAGGAACGTGGATAACCGAGGGCCTAGACATCAGGACGCTGACTGAGCTCCGTCTGATGCAATTTCTTGTCCTGCTTTGCCGGGCGCAGTGTTAGAGGTTGGCCCAGTTACTACTTGCATTGATGCACACCTGTTACGCCTCATCCTAGGCCGAGGCTGCATCACGGGGTCAAGTACGAATAGCCTCGGTACAGTTCGTTCACCATTCGCACGTTACTTGAGTGGACCTGATTCTCGCTTGCCGCCCAGGATCTTAGACAATAACCGTTTCGGACATGGTCTACCCGGTTAGAAGGTCTAGTAGTCCGAGACGGTAACTTCAACCTTCGTAAGAATCACCCTCGATTATGGCCAAAATGTTACCTACCTTAGAGAATGAATCGTGATCGGAGCGCATTCTAGTGAGTATAACTAGGGAATGTACTATATATCCTTACATTCGATGTGGTACAGACGGGTATTGCGTCGTAAGATACCCCTACGAGTGAAACAAATACGACGGTGATGTGATCTCATTTATGACCCATGATTCGTATGAATTGTCATTTCACGATCAGGGCGCGTTCGTACATTTGATCACCACGGTGACCCCTGTGTAAGTGCTTTACTATTACTCCACAGTGTCACATACCCGTCCGCAGGTAATGCTAAATGCGCACGGTGTGCAGGTAGATCCCGCGGTAGTAGCAAGAGCAACGTGGATGTGCCTCCCAAATGTCCTATTGGCGGTAAAGGCGTACGGAAGATTTCAAAGGGGACCTTAGGGTTATTGAACTAACAAACCCGGCCTGGAGTGCTCGTGGGCAACTACGACAGGTGAATGAGACACGTTCAACCCCCGCGATAACCTTCTACGAGTTGACTAAGAACAAACATACGGGAGTTCCACAAGCCCAGCTGAAGTGGGGGGGCTGAAGGCATACTGACGGCAAGCGGGTTATATGCTCGCGTGGAATTGGCACGCGATCTCACTGGTGGGTGTTGGTTTCAAATGTGTAAGTTCACCCTCCGAATCGGTGACTTGTTACGAGTGCTAGGACCAGA,1434,51.39,Drosophila melanogaster
SEQ_352176,TGTAACACCGCCGAGGCATCTGTAGCCCCACGTTTAATAACAAAATCATTGAGGCGCCGTACGACTGCGCTTGCTCGTGTACACGCAATTTAGAATTCGGCCGTTGCACCTCTCAGCCGATCTAATGGGAGAGAAGCTTCCCTAATGAGGCCCACATTATAACGTTTGGGTGATGTCAATCGCATCAACAACTAATGGTGGGGCTGGTCGGTCGATATCAAGCTGGAGCCTGTCTCCCGTGTCCTGTACTGTACCCGAGTATCACATAGGAAGAGACGGGCCTGTGTAATATGACTGTAGAGAGGCACCCGGGGCATAGCTTATCACGTCATCCAGCGACGCTATCGCTATCATTAATGAACGTTTTGACCCGGACGGCACTGCTTGTATTTTGGAGCTCGGCCAGGTCGTAAGAGGTGATTCCGTATCTATCCGGCCGTATCCCGGAACCCTTCATATTAAATGAGTTTCCAGATTGTCGGGATGAGTTGACTTAGAAAATGTAAAGAGCTTTTACATCAATCGGGGCACACTTTGTACTGCACTTATAGCGCATATAAATGATGGAGACACATTGAGAATGCTCGCTGAAACTGAGTCATGGAAAACAGGTTGGTCCTGAATATCCCATGTGCCCGCGTACTTCCCGGGTATAATAACTGGAGTGTCTTGGAACAAAAATAAAATCATTTCAGACATCCCGGTCAGTGTTCCCGCCCCGACATTGATAGTGTCGGGCCTACACGTACTTACCTTATCGATCTATGAGGGACACTATATCTCTCTAACGGCAGTCTGACACAACGTATGTCAATTCTTTTCCGTCGGCGAACCGAATCGTATTACGCGGGCCGTTAATTATTTAAAAGGAATGAACCCGCTAAACCCAATGCAATGACTCAGAAACCTTTGTCCCCGAAATATCTCTGGTTGCAAGACGTTGGTACGCGACTGGGCACCAGTTACATCTGTCTCTCGGTCGAAGGGAAACCAAGTAAGCCCCATAAGTACGGCTCCGCGGTTAATCCAACAAAGATGATGCCGACGCCCATAGTTAGGACGATTCTTGCGCTCTGACGTAGAACTATCTAGAAGCGGACGTTACCGGTCTTTGTTGTTTTTTCCTGAACCTGCACATGAGTACGACTTGGGCACTTAATTTGTAATGAGATGGTACATCACCTGCGTTGCAGTTCATTGATAACACGAGGTTATCGGCTATCTCTCCAGCGATGTTACTCCAGCGGGTAAATAACGAACGTAGCCCTAGCGAATCTACACCTCCGGCACTTACGAGCCTCTCGCGGAGACCGGCGAGCAAGCGCGGTTGCTCATCGTTGACCATGCGAAAATACTCGATTTCCACGAGACGCTAGTAAGTCTATCATTGTTTGCCGGATGACGCTATATTCCGTCTTCCCCAAGACGGGGCAATGAGAGAGCGAGTGCCGAACTCGGGTATGCTGTTACGACCTTTTA,1479,48.68,Arabidopsis thaliana
SEQ_435028,GTCCGCTTAAGGGAGGACGCCGTTACTCCACAATAAGCTAACTTATTCACGGTAAGTCTCATTCCTTTCGGATGCGCTGAGTCAGTCGTAAAAAC,95,47.37,Homo sapiens
SEQ_926566,GCCACTATAAGGGGGACTCGACTGGGAGCACGTACCTGTTCAACTTGAATAGCCACAGTATCAATATCATGCCATCTAGTGCATAGACTTCACCGAGTTGACGACCTGCCCTGGTGCGAGTGTGTCTCTGAACGTTGGCCATGATCCAAGTCGTTGAACCGCGAAAGCTACTATGTGTTCCCTTAAGTATACCTCGTAACTAATAGCGAATATAAGTTACTAACTCATACCCTTCGTCAGTTACGACGTATTAAAACAGAGATCAATGTAAGAGGATCCTATTTGTACGGGGACTTCGGCACCCAAGAGTGACAAGGATCGTATTTATTTAAGGGCCAAATCGCTATGCGCAAAGTTTATACTACCGCGTTCACACATGCCCGGACAAAGAACCATAGTCTAAGGACTAGTACAATTCGCAAGCGGAACACCCCTAAGGTGGTCTTGCGCAGCAAACAAGAGTGGCTGGCGTATCGAGGCGCTATGGTTGGTTTGCAGCGTTTTCCGATAACACAGGAGGTCTACACATGAGGTATATGAGTTGCCGGCACCTAAGTACCACTTACGGTTCAGAAAGATTAGTCAGAGAGTTCTACCCAAAAATGTGATTGCCATAAAAGGGGAAGGGGTGATCGTGTACACCACCCTCCTTTGAACCAGTTAACGAAGGCACGAGGGCCTCAAGGACATGGTTTACTAATCGCGCATTCTGGGTAACTGCTGACGCCTAGGGGCTGTTGGTACCATCGGGGCAGGTATGTGCATTGCATATAGTTTGTACGTCTAGGGTACCGCTTTCATGTTGGTAATAAAGGGAACACCGTTGACCGCGCTTGTGTCAGCCGCTTCCCGGCATGCACTGCGAGAGAAAAGGTCAAAGCGCATGGGTTTTCGGAAGCGGCTGTGACGTTCTGTAGAAAGCAAGTACACAGGGGCGGTGGGGCGCTGCCGACTCGATGGACATCGAGCACTCTGCTCACAGTCATTAGTCGCAGTTCGGCCCTGTTTTACCTCGCTGCTGCTCAGGGTACGATACATTGGAGCGATACCG,1051,49.76,Caenorhabditis elegans
SEQ_284302,GTACTGGGCATAACCTACAGTGGTTCGCATCTAGGTGTTTGATCTAGAGTTGAGGTGACTGCGATAGTTGATAGCAGGGCCATGTTAGGATGTGCATGGCTGGAATGGCCGCGCTTAAACTCGGAAACTGACAAGGACGATGCAGTTCATCAGTTAGGTCTCACTCCTGTGCACAACCGACGGTCACTAGGCCGAATCCGTCTTATGGTAAACGGCGTCCTGCCTTACCATGGGGCTGAAATCCGGGAGGGAAAGGATCCGCGTGATACTTCTGCGTCGCACAGCAGTGCCTACATAGCAACATCAGACCGCCCAGTAAACTAAAGAAAGCCAATCCTTAATGTCAATCCAGACGAGATTCCTGCTTCTATACTTTTTTGGTCCGTCGGGACGAACTCGAACAAAAACGTTTTGAGGCAGAAAACCCGACTCCGAAACCATCTGTTACTCCCCTTCATAAACACTACGTTTGAGGAGAGCGTGTGTTAGGGGCGCGCTCGGAGAAACCCCCACGTTAAGGTGGGTTAGTAGGCAACGAGTGTCTCGACCGCGGTTGGCGGCCAGAGCAATCTCCATTAAAAATTATAATGACTAGTCGTCACCTTGTTGCGCAGGGTGAAGTATAGACACATATGGGCAAAATGCTTGCGGGACCAAAGAACCATCGCTCCAGTTAGTTAAGGCTTAGCAGTCGATTGCTCATTTTAAATCAGAAGAACCTTGAATGAAGCGTGGAACATCCAACGCGCCTAATGGTGGCGCGCATTTTTTAATCGGAATATCGCGAATAAATGTCTACAATAAATACTCTAAAAGGTTGAGACTTGGTGAAGGACGTGTGTCTATTACCTTGCTTGCGTAACCAAGCGTTAGTAGCCCCCTAACGCCTATTGGGCAACGGTAGTGCGTATTCAGAACTGACGTTAAATCGCTGTCACCTTATAAGCGAAGCGCCCTTATATGTTTAACCAACCCCTGCGATGAACGCGCTCCCGTTTTTATAGATTCGGTTGCGGTCTTAGATCCTCAGCAAAAGCTGGCCGGTATATGTCTGGAGGAATACTAAGTTCACCTTTAAAAGCTTACCAGACAGAGAGGGATCCCTTGAGGGACATTCCGCATGGCTGAAGCGGACACGTTGAATCCCTGATTTAAGTGGTGATAGCGATAAGCATTGGCGACGAAATCGATCAGATTCGTCCTCAACACGTCCGGTCCCGGCAAAGACCAATTAGCCCATCAATAACTCTTGCGGTAGTTCGAGTCGTTTCCGTACGACGTACGGCCAAATTGCAAATTCGATCTACGTCATAAACTCGTTAGGTGGGCTATCTCTAAGTTCAGGGGGGATTGGCCCCGGATTACATTAGCGAGGACGCCTAGTACAACCCGGACGAGTTCTGGGAAATGTGGTTATCGTATGTCTACCGACTACGGGAGTGGGGCTCAATAGGTGAGATGCGAACGCGCGCTGCGTATCGGCCCCTGCGAGAGGAATCGCCACGCCAGGACGGTGATAGCTCGCCACTGTGCTCAATACCTTCACGATTCCCTATCTTGCTTTCGGTCTTGGTATCGTGAGGTTTCGCAATGTGAATACTATATTCTCCATCTAACTTCGGCGCCGTCCCCTGTTGCTGCTGGGCACCCCCCGACTACACGAGTAGCTTCTATTCGGACTCATCTGATACTGGGCTAGACTTGTATAATCCAGCCATATACCTTCAAATGTTACCGCAGGGTCAAGCCACATTACGGCCAGCGCCCCGTTGTAATACAATAGAGCCTCACCAGGTGCACGATGGCATACATGGGCTACTGTCCTGGGGGTAGAGTAATAAATCCGCACGCCGCTTTTGAATATCTCGCGTTAATCCCACGGAGTTTGTCCGAG,1894,49.79,Arabidopsis thaliana
SEQ_806627,TGGACAATCCGGCTTATAGCCGTCCGACCGTAGCTCTGTGATTCAGGGGTCGGACCTCGACACATTGTTAGCACTAACTAAGCAATTAAAAGGTGACCAGCATCGCGGATCGCTGGGGATCAGGGGAACACACGTCACAGGTTATGCTAGACCGCTCCAGCTCCTGCCGGCCGATCATGGTTCGACCGTGTCCACGAGGTGCTGCACCTCAAACCCCCTGTAATTTGAACTGGACCGAACGTTTGGACAGCGCTGCACGTTGAATCTTGGAAAAGGGATCTAGCGTGTTCGCCCTACACGCACCCTTATGGAGAAGGACGGCTGACCCGTGAACTATCTTTCTACATACCTAAGAGGTTCCTAAATACGTAGGGATCCGGGACATCCACGACTGTTCTAGTTTACGTGGCTGTATATAGCGCTGGTGCATTATAGAACCGCTAGACCACCCTATATGCCCGGTCCATCAATCTAAACAAAGAGAGGATATTCTTGTCCAATAGGGCTTCGCTGTATCTTAAAAGGAGTTTCCATTCAAAACGACACGGTTAATACTACCGGAGTCTTTTTTTTGGCTATTAACATTTGCATAGTGTGGAGGACGTGACCTGAAGCTCGGACATATAATCCATTACGACTCAGTGTAAGATCCTTGGAAGGACGTCAAC,668,49.25,Arabidopsis thaliana
SEQ_741893,TTGACGGAACGGCCGGTGGAATAAGCGCGTTGTGCAGTAGTTCCATGGTGGCAATCGAGCGAGCGACTTAGGTGGTAGAGCTTCCCGCCCAGGCAAGAGCGAGTCGGCAGGACATCAACATTATGTACGTTTGAAGGGCGTTAACCAGTCCAACCAGGTTCCATCTTCGAGAGGTTATGACTGGCACTAATAATAGAAAGTCCCATTAGCCCCAGGGCGATGCAGCCGCCGGGACGTGCGGGGTTAAACCGCTAGGAGAAATACCACAACGAATTCCCTGCGCTCACCGATAAGCTCCCCACGTACCTAGTCACCAGTGAGCGCCCGTCCTTTCCGACTGATAGCTCTGGGAAGATCGAAAGGTTCCCTGTGCTATAACTGGGTCATACCATAAGTGAAGGCTGCTATCACACATCGCTGCTAGGAAGTG,430,53.95,Escherichia coli
SEQ_486038,TGATGGGGAGTGTCACGCCGTCAGGCTATGAAGACCCCTTAGCCTACTTAGGCTGCCAGGGACTCCCACCGCACTTAAATCATGGCATTGGTTGCAGAAACCAATGCTTCGGTATTGCCTGTCGTAACTGGCACATTAAGGTGCCCTCCGCGCAGACACCCACATTCGAGAGGCTGATAGGGCTGCCTCGTACCTCCGCCTCATCAAGGTACGAACCTAAATAAATCTTACCGGTGAGGCAAGCGCTTTGCTTGAGCGAAGGCGACATCCGCAACGGCGTGTATACCGAAGGTCAATAGTAAAAGCTTGACACGATCAATGATTAAGCGGCCCCTTGAGTCGTCGGCCCCACTCTGCCTACTCCTGCACAAGACATACCAACACGGCGGGATGATTACGTGCACCCTGGATTATGTCATATTCCTCCCGTCCTGGGTAATGAGCCTCAAGCTTTCCTCAGCCTAGGGCAGAAACGGTAAGTTCGCAAGGTAAGTTCGGGCAAGGACACAGGTACCAGCCGCGGAACGTGCAACGCTACTGCATTTGTTATTTTCGCTACGCATCTGAACTTACGCCGATACTGCAACCGAGTTAGGCAGCTTAAAGTTTGCCAGGGCGCCTCTCATTACCGTAAGAGCCCCAACATCACCTGTGCTTAGCTGACGTACATCGCAGCCCCCGTCACCTCCCGGGGGACCCAGATCGGCCGGCAAAGGAAATGGCGCTAGTACGATCCATTCGAGTTCGCTGCTTAAGACAGTCATCCGCGGATCTTTACAGGACACAAGTACTTGCTCTCAGTAGACGCGCATGCTACAGCGATTTCATGGCGAATAGTGCATGCCTCGTGTGTCAAGAATATCTTATAGGAACCGCGATGATCCGCGAGATCATGTAGAGGCACCGGCCCTAATCGCCTTTTGCGTAACCAGTCGATAGTTGGATTCCAAACGTGTAGGCAGCGATCCCTAGCCGTCCCTGAGAAGGACGGCTAAATCATGGCGCAACGTAATCCCGCGTGCGCAACGCAGAATAGGGAGCCTGGTGTCAAGGGGCATTTCCGGAAATCGGAGTTCACTGCCCACCAGCATTCGACTAGTAGTGGCGAGATTACTGGTTTCTTCTGGCCGACCCCTGTATACTATTCCCGAACATGGCATGATTCTATCCGAGACTTGTGTTCAAGCGGCAAGTGGGGGCTGGAATGTGGCAAATGCAGCATGATAGCTTCGGTGCGTTTTATTATAGCCACTAGGCAAGAGTCAGTACTGCAGCGAGTTCATCAACGGGCAACCCTTACCGTAGCTAACGCCCCGCTTCCTTTTTCATACTGTCTCGGACCACCACAACCTCACCTGTATCCCCCGTGGGTGTCAATCCGGAGATTCTGGCTAGCTGGTAGTAGGTTATCGAGTTCAAGTTCGTAGCCTAGAAATGGGGATATCCCCACGGTTCGGTT,1459,53.12,Homo sapiens
SEQ_737342,TCTAACGCTTTCGGGAATAGGGGGTATTGGTATTTGTTTAACTAAAATGGACCGCCCTCTGTACGTCTGACCGCTTTACGGTTGTGCGTAGCGACCGTAAGACCTTCAATCTTCGGGCACCTCCGCATGGTAGTGTACCCTGGACGATTCGGACAATGATATCCAGCGGTAATTAGAATGTACCTTGCACCTCCCGACATAGCTGGACACCGGTAGAAGAGGTTGCATATAGCGTGCGGCCTGAGGCCGCGGAAATGCAGAAAACTAGAGCCATTGACCGCTGTTGACATCTCAACAATTATTGTAATTGGAATTTAGTACGGCTCCCGACATATAGCAGGGCGTTGATATTGACGACATCAGCCTGGAGGCTACGCGAGGAGCGACCTCCAAGCCCAACCGAACCAGCACCCTCCCGCCAGGATGCATTATCCATCGTATGATTCGACTAATATGTGAAGTATTTGAAGAAGCGCAATTTACCCTGATCGCGAAAGATATCGATGCGCTAAGTTTGTGCATATGGTGAGCAAGTTACCCGCGTGTAAATATGCCCTACTAAGACTAATTCTTACTATCTTCCTGTGACTGACCATATTTGGCGTTGCAAAAACGGCATCGGTCGAGGCGCTTTCCGCCATTACATATGGCAGACGTTGATTTACCGCGCCTGAGGGCCGCACGGACGTACTGGTCACTATGGCTGGAACCAACCATTAGCTGGAGCTGCCTAGGCCGGAGAATGCCTTTGCCATTCATGATTCGGTGCAATACTGAAGCGACATGCCGTAAGGGATACTCTTCCCCGGCTAAGAAGCTAGCGTTCGGAAGATTAGAGATGTGTGCAGGACGTACGAGTTTAATCGCCTATGTCCGGTGTTAGACTGAGGGCTATATGATTATGCATGCGCGGGAACCTGCTCGTTGATAGAGGCCATACTCTCACTCATTCTACACTGTACATACGAATCTTGAACGCTACCATGTCTAGTATGAGCATGGCTCGGCCACATCCCGAATGGACACTCTCCGCTGGTGCAGAGGTCTTGATATGGCTCTGTACCCAATCGCAACAACCGACTGATGGCAGGGACCTCTCAAAGGCATTCTCTTACTACGGGTTCGCAGCAGGGGGAGACCGTGCCACTTCCTGTTTAGACAAAGGAGGTGTCACCACTTGTTGAGACGGTACAGGAATTCGGTTGTCCTGACATAGGGCGGTGCGGGGCGGGTAAAGCTGCCCAGGACCACAAGAAATGTCAGGGAGACGGAGGTTGCTCAGTGCACCCAAAATCACGGTGCCTGAACTATTAGAACTACACCATATACTGGCGTAATGATCCAACACCTAATTAGGAACTACTAGCCGAGATCAGGCGTTGTATCGGCTGGGGCCTCCCCATAAAGACATCATGTAATAAATATAGTGAAACTTGACCCCGAACTCACACTTAACTTGTGCAATCGTAGGAGTAGCTTCAATGCAAGACCAGTATTAAAACCGAGCCCTAGCCTTCAGTCCGCTTCGGTGCAACTAGCTGGTAATCCCTGGAATCGCTGTTCTACCGAGCCCGGATCTTGGAATCATACAG,1592,50.19,Drosophila melanogaster
SEQ_776885,CCCTGGCCAACTCGTACGAAGCACACCGTTGCGTTCCTCACCTCCGTGAGCGCGTGAAAGTGGAAGGATGGCTCCTATAGCCTTGTTGTATTGCTAACGATCGAAGGTAGTGTTATAGATCAGTCGGCAACTACAGTGAAGAGGTCATACGTCCAGCGAGCCTTTGCCCTCCATCGGTGTTATCGGGTAGCTCCGAATCCTGCTCACGAATAAATATATAATAGCCAAAGAGCACTCCGGTTGAGTGAGGAAGTTGGCCCTGTTCCAAGTCTTACTCAGTATTCTCGTATGACGATCTAAAGCCTATCCTGTCCGGATAAGACACAGAGTTAAGATCCCCCGCCCTTTCTATTCCAACGCTACCCCTAGGAGGAACAACTACAAGGCACCTATGCTGGTGGGCCGATTCCAGCTAGCTTACTGGTGGGTCCAATCTCATAAGTACTCTTTCCATCGCGGACCCTAATCACGGGCACTCGGGCGCACAGTGCGAAGGCTCCGAAGCGCCAGGATAAACAGCATGGCACTCGAGATCCATGATCAGTCAGGCGTAACCTATATTCACAGTCCTGCAGCCCAGTGTTCTGGAGGTCTGTTTCCATCTCTAAAACAATGGCGTACCATGGACAAGTCAACTATTAAGCCATCATGACTGACAGGTGAGCATATACTTAATGGAACTCCCACAGGTTGAGTTACCAAATTTAACTCAGCAGTCCCAGGTGGTGATTTGGGGGTTCTCTAAATGTGCCGAAGATCACATACATGGTAGACACAACAGTTATGAATCCGGGAGATTGCATAAGTTGTTTTTAGACTATAACATTTGCGAGTTCTCAGTGTCAGGTTGCTTAACGCCCACCTGGCGTCTTAGAGATAATCGTTACCACTTGTACGGGTGTATCCGTATGAGAATTTCACACGGATAAAGTCAAGGACACCATGGCTACGACAGTGTTCACAAGTCTGTTAGAATTCTACCTGAGACCACGTAAGGGTAGTCGGGGGACTTCTCAGAGCAGAGACACGGCCCTACGCCATATCGGACTCTTATATGTATGGAGCTTGCGTTGTAGCCACGACGCATAAGATCTATATATGGGTCGACCACGGGCTACAGACAATCACAGCCGAAATCAACGAGACTGCCGCCTGCCTAGCAGGTTTGTCTTACGGGAATCGTGGGAGACCAAATGTGTCCGTTGCGCTGTCGATGGGAACTAGCGCGAACTGACTGCTTTGTCTACCACGGGTATGCTTTGACGTTTTACGGTTGGACATTGTACGGACGAGTGAAGTGTGGTTACCTGCGTGAATTTGTGACTTCAGACACATGTGTGTGATCCGAACCGGCCCCACCTACCGCCCAGCCCGCGATAGAACCAAGGGGCGTTACTCGTACAAGATGGAAACTAAAATCAAGCATCTGCGACCCCACAAGTAATTACGCACAGGCGCGATTGACTCGTTTCCCATTACAGCGATCCGCGGTGTTCGTGGAGGCCATGCGTCCTTACGGGGCGACGCGGTGGTGGTTACATTAAGCGTTTTCACCCCAGATAGTCAACATACTAAACCAGAAGAGCGGTGTGTAGTGTAGCTTAATGCATAGAATACCTATAGGCCTGCTGAGCAATGCGTCTCGTGGATGAGCCACTCCGTAGTACCTTAACTGTGTATGGGCAGCGTACATTACTACGCGAACTTTCAGTGAAGTGATTGATTTCACGAACCCTTAGGTAGCTGCAAACCGGGCCGCGCTTACAGCCGGGGCTTCCCGGTTTAACATATCCCAATGGTGCTGGATCCTCGCGCATTAGCTAGCGAATAAACACATAAGCCAAGGACCTGCCTCGTACTCTGGGTCGAAATTAAGAACTCCATCCTCCTAAACGACGTATGCTCTGAAATGAGTCCGAGCCTTA,1925,49.97,Saccharomyces cerevisiae
SEQ_817141,GGCGAGAAGTAGTAGTGTCAGTACAGGCGTTGGGATAGTGAAATTGAGAAAGGTGTCTACAGTATTGGTGTCGATCTCTAAGATCCGTTCCACCAGGGCATCGGGATGTGGGTTCTGACCTTATAACGTAACATATTATCGACGGAAATCCTGCTTAGGGTAGTCTCGGATGTCAATTACGAAAGGACCGTGCTTTCTGGTACTTGGGGCATTAATGTTCCCATATGGCAATCCAGACCTTTAAGTCACATACGCCAAGTGCCATGACCAACGGCATGTAGGATCCTAGATGTTGTTCACTCTGTAATCAGACTCATTTGGAAATTGTGCCGACTCAATGACGGGAGCGCCAATGTAGCAGATTTCACCAGGCTAATTACGCCCTTTCGTCCCGGAGGGAATAAGAAATCCCCGAAGTAGGTCGTTCCTACCACTAGAATGCTACCATTCATGGACGTGAGTTTATCTATAACGTGGACGGTTGGATTTGCTACACATACGATTTGGGAGTGGCTTCCCGGCTGTTTAGCGCCAGCAAGGACTATCGTTAAATAGAGTTACGACTCCTCCTCTATTTCCCGATAGACCGATGGAAATTGCTCAGTCCACCGTCAGGAAATGAGAGAGATGACACAGGACGATTCGGGTTTGAACCAAATGGATATCATAACGGGTTCCCGGTCAAACGACCTCTCACAAATCTAGAAGCAACGGGCCTGGATGCGTACAACTAGCACGTACATAAGCACAAGATATGACCCCCATGAGGGGCGCTGTTTCAGTATAAAAGATATCGAACTCTTTGCTCACGGCCCAATAAACGTGAAACGCTAGACTCGTTTCAACTCCCAGAGGACCCAACTTCACGCTCTACAAAGCTTTAGTAAGATTTCACGAACGCCGCGGTCAGCAAGCACGCTTCAGAGCACACTCAGTGGGAAACTAAAGAGGCGACCATACGTTGCACAGTTCCACTAGAGCTCTTCTAACTCAGACAATCAGCGATAGCGTTCAACCAAGACAGTGTCGTCCTGCTGCGCCTCAGCCAATTAAGTGGCGGATCGTTTTTCGGCAATATCGGAATGGCCGTCTCTACTACTCCCGCCCGAGACAACGTCTCTGGTTGGTAGAAACGCCTAAACAACCTTGATAGATCCAAACGTTATTGCCAGTCGTACCCGCGGTGCATTAAGATATACGCTTTGGATATTCGCCCCTACTATTTGAGGGACCCAAAAATCGGACTGCCGGTCCTTGCCTCATAAGTGTATATGGGGCA,1279,48.24,Escherichia coli
SEQ_486142,CATCTCTAATAATAGGGCCACTCTGAGTGAAAGCGTACCCTAAAGCCACTCTAGCAATCCTGACAGTTTGGACATTCCACTCCCTTGCTTTCAGAGGGGAAGAGCTGTAGCCCACGAACTCGGCATAGAGGCTCATGTGACGGCTGCAGACCCGCAGTCGGCCATTGGAGTTATGCCTTTTGATCTATCGGAGGACGTAAAGCCCAAACCTCGGAACCCCGGCTTTCTGTCTAATGGCCGCTGGGATACGACGACTTAGGTGGCTCGGAATTTGTAGGGTTTCAATACATTATATATCCAGATTTATCACATAACGACGCGCCTTTCGCTTCTGTACCTTTCATATGTTAAGCTAGATTCGCTGGTCGAATATAGTCCTAGGGTACAAGTATAGGAGTGTCGCCCATGCACCTCCTGACCGCAGTTAAATGAGGAGATGGGTTAGTGCACCCGGTGCAGTATTTTGGCTCATCACTTTGGTTAACTACAAAGCTTCGTTCGGTTTCACCGTCCCCGGCTCATATTCTGAAACGAGGTGAGTTGCATTTTACACTCAGATCGTGAAT,566,48.59,Caenorhabditis elegans
SEQ_277639,CCTGCGACTTTTTCAAACTCGTCATAGTTTGCCCGCGTGATATTTATTGATCACTGAATTTTTGTTATGGTATGTAACATTGATTTTATCGGATGCAATAACTTGAAACAGTTCTGGGTGTTTCTCGAACTTCCATCTAAGTCAGAGAAAGGGCACCAGTCATGTGAAAGCTATCGCGGGGCAAACGACGCCCTTCTTGAACGCTCTTAGGCCATATCCTAACTGCGGTATGACCAGTCTTCAAGTTGTTGCGGGTGTACGACTTATCGGGGATGTACTGCGCTAAGATCGACTTCCGCGATTCCGAGTGGGCTTCATGTTGCATGTTCGCGCCTGAGCTTGGAGCTCCCCTTCTAACCACTTCTCCTTAACGCCCCACCACGGGGGAGTAGAGCCACAGTCCGGTGCATAAGTTCCTTTCTGGCGCGGGTAGTCTGCCGACTCGACGGTGAACGTGGAATCATAAACGTCCAAGATCAAGCAAGTCTGGGGGTGGGTTGCTCCGTACGTGTCTCCCTGACTAGACGTTTGCGTCCTGGCATACCGGCTCCGCGATTAGAAGCGGTGAGAAGGTATTCTAGTAGGGTTAGTATCGATCACTGTGACTTTTATGAACTCGGTCAGTTCTAGACTGGATCAAACCGAAACCTATTGTTATCGAAGTCTCATAGTTAATCAGTGCCAAAAGGTCTCAAGAGTGTGTATGAGAGATTATCATCAGTACCTG,727,48.42,Escherichia coli
SEQ_704803,GAGTAGCTTTCGGGCGCTTACAAGACGGCTCAAATACCCAACGCACTAAGTGGGACCCATGCTAGAAACCGAGATATCAGATGGATTATGAGCAAGCATGTAAAGGAAAATAGGAGACTCACATTCGTTTGCAGGTGTGCAGTCCAACAGCCCGAGCGGTCTAGCAAAATATGAGTGAACTCGGGCACTGTCGTGTCAGGGTGCTCGCTTAACCCCGATGGGGACAGGTTCATCCCGGAAAGCTTAGACTCAGAACCTTTTCCAGCCTAACGCCGTAAGCGAAACGGACCAGATACATACCGGTGTGTAGCGTCGGAACAGCATTGACCTCGCGGAACAAGACAGAGCGATCCTGTGGCGATGTCCTTGTGGCGACAAAGCTACCGGCCGCAAGCACAAAGCACTGACCAGCTATTCCGGGACGGCCTTTAACGATTGACCAGTGCTTCTGTATCACCAGCTTCATTTAGTCCAGCAGTGTTTAACTCTGGGGAGAGAAACATACTTCAGGCAGATTGATGGAGACATCCTCGGTCCGTATACGCAGCTAGGCTGCGACTCCTTTTAGATAGACTGACGCTTAATCAATCTCGCCTTGGTGAGTACTAATGGCGACCAACATCGGTTCATCGGCCCCACCAGTCATAGGATATTAATGGAGTGGTTCGACACAACAAAGAACTGGGTTGGATAAACACTTCTTTCTCGGTAACCCGGTGGACTCATTTCGTGTTTACCATCTGGATATGGCGATTCACGATTTACCATTGAGGTCGGGTGTCAAGTCGGACGGCAGGACTGAGAAAATTCTAGCTTTTTCCCCTGAGGAACGTAATCCAGATGAATGAAGCTGTATAAGGCGGTTGGCCCCTGAGACTTCTAGCGCTGAGCTTTCTGCGACGACCTGCTGCACGGGGCACTTGCACCCAGAACGGTCAGCACAAATGGCTGAGATCCCGGTAACCGCATTGGCCAGCCCTGGCGACCGATCCGTCACCATATCCCTCTCTTGGTGAGCTCGTGTCTTAGGTATATAACCAATGGAGGGTTGATCTACGTTTGGCGATGTGCTTGCCAGCACTAGAGTCTTACGTTCGTGTCATGTTTCTACACAAAATCCCTTTTCTGGCAGCGATATTGTTTTGTCGGTCGGAGGGCCAGCCAAGGCATCAGCACGAGTTCGGGGATTTAGATACTGGTC,1201,51.12,Escherichia coli
SEQ_170466,CCTGTTGGTTTAGTGCCGCAACCAAGTAGATTCTAACGATATAGTTCTCAAGATATCAGCGCCGGTATAAGAAATTCGAAACAAGAAGTAATAACAGTACTGGCCTCTTATGGACGGATTTGATACAATCTGGAGGCCTGCTAAGAGTCCCTATTGATTAGCCTTTTCTCATCTACAGCAGTTGAAAGTTTAGGGGAAGCTATATTTATATATCCGTAGATCCTCGATGCCTTTCATACCATGATCTTGAAAAGGGATTGTTTGGAGAGCCACAAGACGCTAGGTATTTTAACGGTGCTTGCTACGAATCTCAGCGTTCCCTGTTTAAGCGGGTGTGCGTGGGCCAGTGACGAACAGGTAGTTGTCTGTACCATTTAGCACCTGGGTATCTCGTCTACTACGGAAGATTCCGATCTTCGCCAGGGCCGACCAATCTATCCCCCTATAAAGATATTTAGCGTACAAGTTACATTACCACTAGTTGGACATACAGTCAGGACAGGATTTATTGAGCACGACCGGTATGCACACTCCCATCACGGCGAAACGAACCTGGAACGGTAGTCGGCATTACGCGGCCTTGGCTACCAGCGATCGCGTGGTTGTCATCCGTCATCAGCCTTTTCGTAACACCGCGCGGCGAAGGGCCTATTCGCGGTGACGTGGGAACTTTGGCTTTTGTACTTAGCAGCCACTTCTCGAGTGCCGTAGAATCAGTCTAGGAGGGGTGATGGCTTAACCGTCCCCGAATAGTGCTGGGTCCTTAATAATGGCTTCTTATGGACCGGAGCATGCGAGCGAAGGTTGACGCCGGCGGCTGCGTACAATAGCTGGGAGCATGGTTCTCTAACATATAATCAGATCAACTACATTTGCTATAGGCAATGGAAAGTGTATCTTTGAGCAATCACTCATATAAACGTGACCACAAACGGACAAGAGCTGTCAGGTGAGATTACATTGATAGTCTCCATAGTAGTGGATGCGAGAGTGCTTACGTTGTACTATGCCAGTCTATCCCTAAAAGCATTATGTTGAAAGCACGATTGTATTGATACGCACATCCCTAACGAGGATGAATGGGTCGGCAAGATAAATTCCAATTTAACTACGACTGGGAATGTACGATGAGTACTGAACCCGAGAAGATTCAAGGTTAGCACAGTACAAGTATCGGACGTGTACGAATGAGAAGGCCTAAGCATCTGTGTGATCTCTCAGTCTGTCGGCAGGGGGCCAAAAGCCGGGGACACTACCCGCCCGCAGGACGGTATCCCAGGTCGTTACTTGAACGGTCGAACGTTCTCAGCAGAGATCAATAACAACTGTTCTCACAGTATCCGGTGGACTTTGCTAGGTTCGTCGGAAGGAGGAGCTGTTATGTGTGCGTTAGTGGGGCGTCTCCAGGTAGATTTACCGATCATTGAGGTTAATAGAATACCCCTCACATCACCCTAGCCAAGGACTTTCAAGTTCACTATGGCGGGGTGTAGTCAGGTCGGGATATTAAGGGGCGCCAACTTGGAGAAAAACACAGGGACTACGGACGGTACCGCAGAAGGCCGATTTGGGCGGGCGAGGTTCCAATCCGAGATCTTAATACCCATACCTTGATGACGGAAGCGGCGGCGAAGCTATTACCAACGCAATACAACAGGACCTACCATAGCTAACACGGTTACCCACTATGAGTCGCGGACTCTTAAGGCGAACGTCTCGCTAATACTAGATCCCTATTCCAGCCGTCACCTTACTAACCGTCAGA,1765,48.5,Saccharomyces cerevisiae
SEQ_126147,GGGTCAAGTTTCAATCAGAAAAGGCATCAGGGTGAACGCGGGTTACGTGGTAGCTGCAAGTTTAGTGTTCGAAACCCTATTGGCCGGACTCGCCTTTCGTCCATTCGAAGGCATCGGGACCACCGGAACGCTTTCCGCGGTGTGGGCGCATGGAGGGCCATAGATACCTATTGTGTCACGCGTACTGCTACCCAACGGCTACGGCCAAAAATTAGCTCGGTAATTTCCAGACGGAGCACCAACGGCCTCACGACTGAAAGCCAATGCCTGACATATCCTAGCTGTGCCGCTGGGGCTTTTAGTCTGACTGATCTTCCACCCCACAGTGAAGGCTCCCGATTAAAGAAAAGACCCTGGGGGCAGGAGAGACCACCCCCACGGGGGAGACCGTAGTGAGAATACGGCCAGTGTATATTTACGGAAGACTGGCTACCGTCCAATTGTAAATAGGGGCGTCACTCTATCCCTAATTAGGAGACGCGTGCTGTTTCCAAGGGATAGCCACATCAGCTGTTCAAAGTCGCCTAGTTGGATAGATTAGCGTTTCCTGGAGGACAAGGGACTGGCAGTTGAACTCAAAGCTCACCCGGTAGGAGTGGAATGTTAGGGTTAATTTGGATGTTGCTCGGAACTACGGTTGTCGAGCGGCTGAATAAGGCGATCCAGTGAGGATAAGCTTGCTAGCCTGTATGTATTCCTTAGATACACACGGTTACACATCGATTAATGATTGTTGATAGCTGAGGGCTGGTCCAGGACTATATTGTACCAAATCTTTGGACACTGGAAATATACAGTACCTTCAGACCGATTTAAGCACTACAGAGTGACAATGGTAAGACTATGTTAGAGAGTCTGCCAATCTGGCGTGACCCTTATAAGGTTCACATTTTAGGAGAGCTTGTTTTGGGCAACCCTTATCGACAAAAGATTACTGCAAGAGTCCCACGTAACTCGTACGTTGACCGGGTTTAACAAAAGCTAGCTTGTAGTTCAACGACTCCGAAGGCTGCGTTGAAGATTTCGTCCGGAACGCGGGACAAATAGGTCGTTACTGCGAACGGGCTGGCGTGGTAGGGTTCGCCGTAGTAGCGGGTTGGTACCTCAAGCATTTCATACTGGATGACAAACTATATCGCGAATTCACAGGCGTGCCTGTAATATCGAACCACTACAGTTGAATCTTTCTGACGTATCTCCGAAATATTTCCTGAGATCGGGCGAAAGGGAGTTTAGTTGCCTTCGCTCGTTATCTGATGGGAGAGCTCATGCAACGGTTACGAACCGCGTATCTTGCACGGAGGTGACGATTCCGAGCAGCAAACGTTGCGATACAAGCTATTTGCTTGCCCCAACCAAATACGGCCTCAACGTGCCCAATTGCGATAGGTGACCGCAGCGCGGTGGGCCACAACATTCAAAGAACTGATACAGCAAAAGCAGAATTTGGGAAGTCACCCATGGTTGCTCATCAGTTACTTCTTTGCAGTCCGGTTACATGGTTCGACTAACTCTGATTCATTGACAGTCGGGACCGTCTTGCCAAGGACCGCAGGAGGTGAGCTCGATTGATTACCTCGATGCTGGTGTTTATCCCTCAATTGGCAAAGCGTACGGTCGGGCCTGATTCCTCAAAAATCGTTTCTGCGATCAGTAGTCCCGGAGAAGGCCGGTAGCCCTGCAGTCACCGCGATAGAACGTCTCCTTGGGAACGATTCGTTGCCTAAGGGAGTTCCTTTCAGAAAACTCGA,1751,50.14,Caenorhabditis elegans
SEQ_625678,CGCCTGGGGATGTACTCGCTGTTTATGACGAATACAAAGGTCCGTTCTGCCCGAGTGACGCCCTCGCTTGCTGTTTGCAAACGGGGTTCGCAAGAAACGAGGCCCCGGGTATATAAGTGAATACATCGGGCTTGGTAGAGGGGGTGACACGTAGAATCCCCCTCTTATTCCCTGCGCCTTCCGGTGCTTTTGCGTATTTCGGTCTAAGTGTTACAATAGCCACTGGGTAGTTTGCCGGGTAGCCTTTGCATCGGACCACTCATTACAACCGCCCATTTATTAAAAGCGAGGTGACACCGAGTCCCGAGTCTAGTTTAACTTGCCAATGTCAGAGTCACATACTTCCAACTAGCGTTGGGTTCAGAATCGTCAAAATCCTCTAATATGAAGCGACTTTAGGCTGTGACCTTGTGCATTTGATAAATCCCGACGATTCTATCGAGACCCAAAGGCCCGACACCCTGAGCCCACGGGAGAGGTCTACAGCGAGGACTCGTGAGAAAAATCGGCAGCATAGATGTCTCTCTCGTACCTGATAACGACATTTTGTCCAGCGCAGGTTGCTGTCTTTTGCAGTGACGCCGTATGGGATTAGCAAATTCCCGACCTACTCCCGAAAAAGTAGGCCCAAAGGATAATAGATCACGGGCTCGTTTCGACAATGGCGGCTCTGATTCGCACGCATCGGGATTGTTACCATAGAATTCGACGTACACAGCATTCGAGCGGGTCAGTGAAGATTCTGTGTCATCTTTTGAGCATATCAACATAACCAAGAACCCAACCCCACCCATCGTTACAGTGGAATCTGAAGTTGTTTTGCCATTGGTTATCGTTTTCCTCCCTCCTCCTTGGCGTTACCGGGACAGCCACAGATGAATAACCGCTCTCTTGCTTGCCCTTTGGCAGTGTACTCAAAATACCTGCCCGTGTCATAGTCGCTGCACGGACGCTAAGCTCGTAGCTATGGTCACAACCGACGGAGCTTGTAATGGGAATCTGCACCCCATAGGCCTTCGGAATCTGGGGGGATCGGTCGGTAAGTGCAACAGGAGGAGCTCTAGTGTTCGCATAGGTATATTGTTAATAGTTGCCCCCGACGTGTGTCGGAAGTGTCCCAAATGACTGTGATTCATGGCACACGTTGTTCTAGTGAGCGCTAACCCCCTACGGTATTATCGCTACGCCCCCTTCAATATCTAGTACACTTCCCGGCAGTCACAAATTAGCCCACAAACTAGTGTCATGTTTTCCCCGGATCCGGTCCTTTTTCGTACGGTAGCCGCTGACAAGCAATTAAGTGGTGTAATGAAAACCCGGGTGAGTGACGCTAGTCACTACCCGTTGCCGTGCTTTGAAACAGTCCTTTTAATAGCATTTGGAGATTGAGCCATCATACGACAATGGTATCACTTTTGATCTCGCGCTCTCTATCCTAGCTCGCATCAGATGGAGCAGAATGC,1463,50.03,Mus musculus
SEQ_387450,CTAAAGTCGGGAGTCTCAGGATCAGTTGACCCACGCTGGGCTCCTGGACACGCACCAAATTCACGTAGTGAAGACACTCGTCAGTAGAAGCCCGTCTATACGCCTACATGCCAACGTCTGTTGGGTTCCCCGGACTCGAGCGTAGAGCTATAATAAAAGGTATATTAGTTTTGAAGAAGCCCTTCCGCTAGTCTTAGAAGGATCCTGAACGTACCGTCACGTAGACCAGCCCCACACAGGAAAGTATCCTGCAATGACATACGTAAGTATGGCTTATCTGATGGCTCTGCTAGGTGGCCGCGGCGCGCTCGGCACAGCTTCCGCTGAGGACTTTTTCGCTACAGGTCATGCAGTAGTAGCTTCTTGGGACGGGACGAAGAAGAAGAGTAAACAAGGCAGTGGTGGGCGCTATCAAACATAACCAACATTATCGTCAGGCAAGTTGGACGTCACCATTGAGGTTCCTAATATTACTCTGCTACGAAGTCTAGCGTTGGGCGAATATGATTGAAGCCTAGATGGCATTTCGGTCCAATGTGTAGAAGGTAGGACAGTCCTTGGGTAACGGAGGATGCACGCTCTTGCTGCAGATTCAACGTATGTTATTACACTTGAATTTATATACCCCCCGGCCAATGTTATCGTGATACTTCAAACCCCTAACGTCAGAACCCGCTCCGACGTTAAT,688,49.42,Escherichia coli
SEQ_905623,AGACGAAATATAGCCGAGGTTGAATCGAAGTAATGGCACGTCTCAGTCCAAACAATTTGCGGGAACGTGCAACTAACGCCAATGCCGGTGCACTGTGGGGGACGGACGTTCTGACATTAATCTTCTGTCGGTCAGCTTATGTCCTGGAGGGACGTCTCCACCCCGTAGGATTACACATGAGGGTTCTTCCCCGCTGTCCTGATTTAACTGCGTTGTCGACCTAACCTACTCATTTGTCGGAGTCCACCTGGTCACTAGCCAACGGTCATGACCTTTCGCAATTCGAAGTGTTACATTGCGATGAGTTAGGTCTTTAAGCTAGCGACAGTGAATATGTCTTTACCCGAAAAGTGCAGCCAAAGGCTATGAAGCGTACGATTATGGTCGCCCTGCATCCCGTTTAATCGAACGATTTATTAACTGTATATATTTAGGGAGTGGGAATGGAGCTGGTTATGCGAAGCCCAATATTCTTGCCTAATGCTAGAGTCACTCATGGGGAATCTCTATACACCCGAACGACGTTTAAATGGGTCCGATACGGCGGTAAGGATAAGAGCGATAGTCCTAGCATAGGAGCACCGATTTGTTCAGCATGAGGAATCATGTCTAGGCTCATCCGCTATTCGCCCCAGCCAAAAGCTCAC,647,48.38,Escherichia coli
SEQ_371070,GTATTCTGAACGGTTATAACCTCAAACCGCAATCACTTCCCTCTATATTTCTCTTGCGGAAGATGCATGTGAACTCGTGGCGTTATTTTCGGCTGATTCAACAATCCGCATTCTCACAACCGACTTCAGTAGGAATACTCCAGCATCACCCTATAGACATTTCGAAGAGAATCACCACTTGAAGCTATGTTCGACTCCCTCCCCATGCTGGCTATGTGGCTGGGTCACATACACACTGCATGTCGTTAGTCATCGCAAATCCAAAAGGGTGTCGACGTAGCTGAAGTTCGTTAAGGAAGTATACACCCACCTAAGTCACCAACACGTTCGGCTGCTCACACAGTACGATACATGCTCTTAAGGTATGCTCTTAAGAATGGGGTTGAACCGGGTTCCAGTACGACTCCTTACGATCGATACGTCTACTCTTTACCCCTAGGGAACATGGGTCGCTGCTCCAGTTAGTCCCAACGCCACAACGTCTCGTGTCCTAGATGCGGACGATAGACAATGATTCGACTGTTACATCACAAAAACGGCTAGACTTCGTGTCGGCGAGGACACCCCTATATGTTTCGAGACATTACCGAGAGCGATCCCACTAGTTAAGATTAACCAACCATAACAATAACCCATTACCCTGGATTGTTAAAATCACACGGCGGGTGTTCCGCATAGAGACGTAACCCTTCAGACCCTAAGGCACTATAGTGATCGCGGGGGCCGCTATCATCACATGGAAGAGACGCATTCACCGTCTAAATGGCTGCGCCTCAGGTCTTAGCCACATTGGTTTGCGATTCCGCGACTGCGAGCCTGTGGTCATTTTGTCAGCTTCGACTCTCTTGTGTCGACTGTCCTAACCAGATTCAGGATGAGCAGAATCTCATATCGTCAAATTGATATATTTTTTTTGGCGACCAGGTTGAGCCGACCCCTCTGCAGTCTAGTGTCCCTAGGCTACCCGGACACTGAGTCATTGCACCGCGCCCTGTTATGCTCTAGTTGTGACTGCAGGACGAGAATTAAGTAATTTGAGAGCGGCTACCCTTAGCGTCACTCGAACGCTCTTTCAGCCGCCATACGCTTGGCGTCACGTATTAGGATACGGGACATTCAGCATGTTCCATGCCAGCACTGCGTATCGGCAACTGGAAACGACGTACCACACGGCGATCTCGGATAATCACCAATACTAACTATTGAGACAGCCACTATCCGGAATAAGACTTTAAAGAGATGATGACCTCCTGGTCCATTGGTGGCAGTCAGGTACGGCAACTAGCTGCGTG,1292,49.07,Mus musculus
SEQ_478544,GTTCAAGAGGGCTAAGAATATTTGGCATTCATTTTATGCGGACCTCGTGACAGTCTCGACGCAGATAGAAAAGGGACTCGGCCCTTAACGTGCACCGCGGAAAACAACGCCGACCCGGGGCAGATCACCAGGCTTAAGGGACACATTTCCCTTCTTTTTGGTATGCAGGAGGCTCACCATTCTGATACCATGAACTCAGACGGAAGAAAGCAGAGAGTTTACGCTTTTCCCTCGGATGGCACGGCTAAAGAGAACGCATGCAGAGTTCCGCGATATGTTTGACTTAAAACGGCAAGAACACCACACGTGGAAGTCCTGAGATTCTAAACTGCGCTCTAATATTAACGTGGGCGGGCTCGGTGGCTTTTGAGCACTGGAACAGTGACCCCTTGTCATATGACCGCGGCCAAGTTAGTCTTAGCTCACTGTGTTCAGCACA,439,50.34,Escherichia coli
SEQ_106653,GTGAGTACCGGCTGTTATGGTGGTAAGATATTACAAGTGTAGGAGATCGCCAAAGATTCAACGAAGCCAACATAATGTCCTACATCTTGACAGGCAGGGAAAGGTTCTGCATGGGTGGAGTACAAGGATACGAACCCGGTGCCATGACGGGACGAAGGTCTGCCTTCACCTGTGGGAAATGACGACTATTTTACGGTTAGACAGCTACTACCTAGTGCTATCCGCATAATATCTGTGACGTGAAAGCCCCTATTCTAACTCCTTACCCAGAGTTTAGGCGTCAGCGTTAACTAACTGGTCGTATCCCTTCGCCACCACTAACCGATTTGCTGCGGCAATAGTGGTGGGTATACTAGCGCAGGCCTCTAACAGCATGGGCGTCTCAGCTGTATCTCAAGTACTAACGCTTAAGCTACTACAACCGGTCAGTCAATAATGCACCAAAACCCCTTAAATAGGAGCTCCAAGGGCGATTGTATCAGGGGAAACTATGGGATAAATCCCTGGGAGTAAATGTAGTTTCCCCTATTATTACAGAAACGGCGTTTAGGAAACCGTCTCAGGCTAGGGACTACTAGCCATTCACCCAAGGCTAGATACTTAATGGATCATCGCAACTTGTTGTCGGTACCGTCTGTGCGTATACTTAAAAACTTGTCAATCTGTGTGATTCTACTTAAGCGAGCTCACGCTCTCAGTGTCGGCTGGACGTAACACTACAACGGCGTTGTCAGTAACGGCCGCTCACAACGCTGACCTGTCGCTGGCTGCGTATGTATGGAAACTCAACCTGTCTTGAACGAACCTAGTTTTGGGTTCTAGACGCTGCCCCTGAGGGAGTGCACTGGGTATAGTTCGTTGCTGTACCCGCCTAGTCAGACAGTTGCCACAGTTGACTAATGCCTTTCGTCTAAACGGCAGATGTTCATCTAACGTAGCCAGTGCGAGACATCAAGCTAGATTGTTGATTTGTTCATTCATTTTAGCGTCATCGCGACTATTCAGCGTTATGGGAATAAACAATTCACTTCTTTATACTGTAGGCAATCGTGTCATGTCAGATGACGAGCTTCATTCTGCCCTGAGCCAGGATTTAGTGCTCAGTTGTGCATTTGCCCGAGAGATCTGCGAGGCTTCTCTAAGTTTCATAAGGCTGTCGGACGATCGGTGGTTCTACAGGGCACCTAAGCTCATGCCGACCAGGGCCTTTCAGCAGCGAGTAACGCAGGTAAGAAGGTCTATCCTTAAGTTTTGGGGAATAGGGTGAGGATGGTGTGTAGTCGCCCTTGCTTAACATATCAGTTCCGTTTGGAATCTCAAGGGGGACCTTAAGATAAGAAGAGTATCTTAGCCCTTGAATCTAACTTGGTAGGTCCAGAACGTGCCCCCTGCCTAGCGCTAGGTGGGTCGCTCTTCAAACCTATCTATTCAGCATAACGCCGCATCGAGCTTCAAACCCAGAATCGCGATCCGCTTGTCTTGGGACACTATCCTGGACACTGGGAGCAAATTCTCGGGGTTGTTGATCATTAGTATGCCTCAGAGCGTTTAGCGTGTACGTAAGTAACTCCCGACAAGAAGGCGCTATAAACCCTACACTAAGGCTGCGGGATGGGCAAACTGAAAAGCGGCGGTCCTCGGCAATCTGCACTATAGCCTCGTTAGAGATATTCATACTCAGGCGTCCACTGGCAAGAGACTCGTTTCGAGTACTACCGCATATCCCACGCTACAATCCGTCGTTATTATCCCGTATTACAAGCTGGGCTTTTGTATAAGAACGTAGCCGCCGCTGCAGTTGGACCAGTTCTTTCCCAAGCCTTGCCTTGTTCCCTATGATAGTAGCACATATATGGCCGGCCGAC,1865,48.74,Drosophila melanogaster
SEQ_382319,TGGACATGTCGTAGTACTCTTAATTAGTACGGAACGGAGACGTATCACGTATCCGATTCGTTTGAGGTGTGCATTCAACCCGGTAAACCTGTTCTTGCCAAACACGTTCCTCATCTAGTTCGTAGGACCTCCGCATGTAGTGATTGCAGGTTCGGCCGCCATCTCATAATGCTCTCCTTATTGCGGTGATTCGAACCCCTACCGGCGTGCATATCACTATCAAATGCCTACCTTTGACCCAT,242,48.35,Mus musculus
SEQ_369685,CGCACCCATAGCGCGCCACTAGTTGAGGTCGTTGTCTAGCCAAGGTAATAGGGTCGTCCCTGCAGCCTTCTGGCGGATGCCGGATGGAGAAGGTGCGTATAGCAAGTACCAGGGTTGGACCCCAGAAACTACTGGCAAGAAGAACCTCCTGGCCGGCAGGGCGTGTGACACCCGATGCAGAGGCAGACACACTCGAACTACCAGCGGTGTACAGTAAGATTGCCGTTATTTGGGTACACTCATAGCTTGACTATCACGATGAAC,264,55.3,Escherichia coli
SEQ_712011,GTGGACACAATGGAAGCGGAACTCACTGGATGTGAAGGGACGAGACCACACCTTGCCGGAACGAGTAGAACATATTCGGCTGCAAGAATGCTCCGGAATTTTGCGCACGATAGAAGTCTTGCGTGTGGCGAACCCTTCCTGGTGATATCAGTCTCTCCATTGCACCCTAACGAACGACATCCCAATACGGGCGCGACTTTGCAATAAGGACGCCGGTCGAGATGTCTTTCTATTTACGTGGAGGCCGAACATGGAGTTAAAGAATGAATCCATTAAGCTTCGCCGAGTGGTGGATTAGGTGCAATAAGCTGAGGAGGGGACCTCAGTTTCAGACAGTATCCCGTGGAATAACCGGCGGGCCTGATTTATCTTGTGCTCGTAGCATTAGGCCCCGCACTGATCTAAAGTGTTTTCGTTACCGTTATCGCACTCTTGCGATATGTTCATGTGCAAGCTGTCGTTCCCGCGGAAGCGTGTCAACCCAAGGAGTACGTGATTCGAGGTGGTTTTGACGATGAGGGTGTTTGCGCAGTTCCCAGTGCCGAATACAGGAACCCCAGGACGGTCCTGATGAAGTAACGATTGACGAATTAGACCCCGGACGTATGAAGTGTTAAAGATGTATGCTCGAGGTGTTACTAAGCGGTAGTTACCCACTCTGACCACCCCTTCTCGATTGACTAGCGCCCCAAACCCTATGCCCCCCTATGCCCCTGTCGCAAATTATTACAGGACGACTCAATCACTATGCCGATTCCCCCGGTCCATGGGCTCCCAGGCATACAAGCAAGCAAATAGGGCCCGTGTCTAGACTATTAACAATACGCAACGTCATGCAGGGATTGTAACTTATGTTGCATTGTATGCCTAACAGACGGCTAGAGGCGGAGCTACTCCTGTACAGTCATCTGAAAAAAGATGGAGTACTAGCGTCCGATTCGCAGCTCGACGACAAAGTACTCTAGTGCCTGAATACTTGCTATCAGCCTGACCTACTCTGGTTCCTGCATACCTGGCGGTGGCGCTATGTTTAGAGTTAGCTCCATCTGAGATATGACAGCACGTCCCATCGGTGAACCCCATTACTGATCTCCCTCGGCCTTTGAGCGAACCACTCGTGGTTTCGATAAGATCACGCGGGGTTCTGTACTCAGTTATTCGTGTTCTGGATCATTGGCCATGTGCTATCCAGCAACATCTGAGCAATGCGCGTTAAACATCCGTGAGCGCAGATGTGGTCTGTCCATACTAGTGTTCAGGTGGTAACTGCGAGACGTCACGCAACGGACAGAACCTGCCCCCATGAGTATCGCACTATAGGTCAATTACGCGTGAGTTTGTGTTCAGTTCTAGTTTGAATCGTCACCAACATCCGTCTTGTCATAGTAGGAACACCTGCCGATGAGAGGATTCTCCTGCCGTCCATGCATTCACATGACCGGCTTCCTCGACATTCCGTCTATGTGAGCAGGAAACTCTAACTTCTCTAGCGAGGTACGCCAGCTCTCCGCCTATATCGGTGGTGCGAAGTGTCAATCGGTAGACGTGCGACACTAAGATTACCGCCCAGAGTGTATGATGAATGCCTTATTAGTAGGCGCCATGTGGAAATTGCATCTCAACAAGTAGAAACGAAAGCAAGTCAATGACATACTCCGCCATTGCATATACGCCTTCCGGGGTCAGTCTTTGATGAAGGTCGCTCGAATTACCCTCTTATATGGTACGTTCTCTGTTTGCAGGGAAGCGACGAGCGGCATGCATGTTCGGGGGTAAAGGGAAACTAGGGACCTACTTGTAGTTTAGATATGCGGCGGTCTGATTAGATTGCCTAACGCGATTTAGGACTCCTGGGTGACGTACCGCACAGTGACTAATTAACTCTAAAATGCTCGCGTGAGGACGTTATCTGGCACACTACGCTTATACACCTTGTTGTCGATTCATCATGTCCAAACTCGAGGGGGAAGGCGTCGGTAGAGGGTT,1986,50.25,Drosophila melanogaster
SEQ_391481,GGCCAGTTAACATAATATACATATAGTGCCTTGTCATCTTCGGGTGTAGACGGGACGCGGTTATACGTTCTTGTCAGATCCTTACTACAATAACATCACCGGACTTTAAGACAAAAACGACTTGGCGGACTGGACGACTGCATGGTCCAATGGGCCGGCGTTGGGACGCAAGGGAGGTGCTTGCAGGACTTACATTTCATGGGGGGTCAACTAAACCAGTTCCCGTTGCGGGAGTATGTTCTTTGCTCGCCGTGTAATTTACAGGCGGCATTGCCCAGAACAATCTGTCTGTATGTCACACGCGTCCGTTTACTGGATCGACATTCTAACACAGGTCACGCCATACGTGTTTAATTTGGTACCCAATATGGAACGGCTTTGTTTTAACAAGTACCTCAGTTCTAAATGCTCGTCGTACACGTGAGTATTCGCCAGCGGGCATTTTACACGTAATAGTCCAACGGGTGGTACGGCGGCGACCGATACAACGCCAGGTCCACCCCCGTGACTCCGATTGCTAAGAATCGGAGCTTACAGTATATGCTGGTCTTTATGTCATACCCAC,565,49.2,Caenorhabditis elegans
SEQ_338106,GTGTTCTCTAGCGATCGCAGAATCGGATGGCACCTCTTGGGCGGACACTAGTACAGTGCTATTTGGGGGCGGAGAGGGCGATATCTGTTCGTCGACCTACTACTTAGACCGCCGTAGACAATGTGCGATATCGCAGGCCGGCTATACTTTAGGCCATATATCTTACTGTAACAGCGTAGATAATGCAACAGAGAGCTACATTCCAGAGCACCCGGGAGTGCCCTGTGATGCAAACCCACTCTTGGGCTGCAATCCACCTCTGCACTAGGAGGTAAATCAATACAATGATGCACGTAGGCTGAAGGGGGCAACTGTTTTAAGCTCGCACGGTTTCAAACCGGAAAGACCGCAGAATGCGCGCCTGGGAATAAAACCAAACTACGGACGACCGGTTAGTTTTTATCTAAGTCTGGCCCCCACGACCTATCATCCAGCAACATTTAGCGGGGTACCCGATTCCTCTAGTTAGGTCGTGTTTGCGCGACGTGAGCCAGAGTAGTCACATTATGCCTTGTAAGTATGGCGAGTAAACGAAGTAGACCGAATCGTACTTTCGAAGGTGGAGACGATACTGGCGGGGAGTGGATCTCCCCCTGCTAAACCCAAAAGTCTCGTGGAGACGTTCAAAGACACCTGTCCTCCAATGCCAACCCCTGCCATATAATCGTAGGTACCCTATAATGGGAGTTTGTCGGAAGACTCTCGCCTGCGTATTCTGTCGCTTGCTTCCGAGGTCACCACTTGAGGGGGTAGTTACCCTGGAAATTCTAGTTATAGTGCCTATTGATACCCATCGGCCATAACGCTGTATCGGGGGTTACCATGTAATACGTGTTCTGGTCGACGCTCACAAGCCTAACCTGACAGTCATTCCTCAAGTCCCAGGCAGCAACAGACAAAAACAAGATGTAGAGATTACCAGGGCGGAAGGGTTGTAAGTTCACAGGGGATGGGCTGTTAGCTCCTAACACGACTAAGATCGAGATCCTTCAAG,994,50.6,Saccharomyces cerevisiae
SEQ_350458,AAGGGGCCCTGGAGACGTATGGATGTAGCCATCAAATAGCTCTACCCCAATCCAGTGTTACAGAAACAAACTGGCTGGCCTCACTGAACGATGCTCGCCAAGAAGAGTTTTGGAAAGCGCGGTGTGTATAGAACCTCAAGGTCTTCTATGGCGTTCCAGGGAGAGAACGTGAACTGGGTCTCACCCCCTGTCCGCAGCTTACAGAAGTGCAGACAATCTTATGCCTCTTGCTATAAAATGTACAACCTGTCGCCCCGTGCCGCGGCATCCTTAAATGTGGTCCTTTGACACATCTAGGCTGGCCTTTTCGTATGATACAGAGTAGTTCCCTGATTCAGAGTTAGCTAGGGAATTAGGCATGCCGGATGCTCTCAGATGATTTATTTAACTGCTGCTCGACCCATGTACGCCGATATATGCTGATATCCAACTCACGTTCTCAAACATCTCTATGGCCCTCATCTGTTCTAACACATGTTGATGAGGGGTAAGTCTAGGCCTGGAGACGGGACGAGCACAAGTCGTAAAGGGCGTGTTCGCCAAATCTGGTAGTTTTTAGGAACAGTTACAACGGTGACGCTCACTTGTTTATGAGAACAGCATGAATGGCCGCACCGTCCCGACTCTTTCAGCTAGACGTGGCACTCGGTCGCTCAATTCACGGTTGGATGGCCGATATGCACACGAAAGAGGCGCTTACTACAAACGCACGGACGGCAGCTATTGGAGGTCGGACTTTAATCAAGCGCCGCTTATCGCCATGCGCTTATTGTTTCATCTTGTCCGACTGGAGGAATACCCGATATGTTGAACTTAACAGCCTTCTAACCACCACTCCTGCTGGTTGACAAGCCGCCTTCCATGCAGACTGTCAAACCCGGAGCGTGCTGATTTTATGCGTATGGGGTGTACGCGTGTCGTACCAGACCCTATGCAATAGGTAACCGCGCACACAAAAGGCAAACGAGGGGCAGGAGAGTGCAACGTGGCCTTAGCCTTTCTAGATAAGGCAGCATATGACTCAGTAGGATAATAGGGGCAATGGTTACCAGGTTTGTTCATACGAGCGGTCCATCCTGTCCTGCCAGGAAACACGACTCTGCCGCCCACATGCTCTAATAATATCTCGGTACGGCGTGTTACGCTGATTGCAAACCTAGGGTTGCTGGTCCGTGGAATGGCTAAACTTTGCTTCTTCGGGGGGTCGGGTCTCCAAGTCTATTCTATATTTAGATGTACCCCCTGACTCTTTGACAATTCGATGGCCTGTTAAATCCCTACCTATTTCACCCTGGGCACAATAATAACCACACAAAGTAGAAACGAAGAGCCTTCTCCGATCAGATTGAACCATACGCCTAGAGTGCCTCGCAGACGTCATCTGGACAAGCCCACTTCCATGCGGGCTTGGTGTTGAGCTAGGACGCTTTACACTAAGTAATCCCTCCAGCAAAAGGCGCCCCTTGAAATTTGATATCGAACCTTGAGACGCATCGGCGTATGACTCTTCCGATCTCCTTTCACGTAGAATTTTGCGCGTGTCCTAGGCACATACAAAGATTTTTATGCACGGAGCATTTCGGGCATTCCTAGTG,1595,49.84,Mus musculus
SEQ_166654,ACCCGTCCGCTTGTCAACCGTATTATCCGTAGAACATCAACGGACTATACATTCTAGCTCTCACTATTCTCCGGGTTTGTATGAGTCTACCGACGGATCAGAGTTTGCGGCACGGAGGTAACTTGTTCCATTATCTAGAGTCCGTAACGTCATCGTCCACCAATATCTCCAAAGTCATGCCGCATCGCTGCCTTGGATTGACTAAGCTCAGTGAAAAAACACCCAAAAGCCTAACAGTCGTATTGCGGTCTACTCAAACTCGAGTATCTTAAAGCTCATTTCAACCTTGTTAGATCAGTCCTGCGATTAACGAACATCACGCGCTGTACCAGCCTGAATGGGGTTCACCTGCCGCTGCCAGTTGACAATGGCTAGTAGGTGAAAAGGTCTAGGGGTTCACTGACGAGCAGTTCCTCCCTGATATTGGGTTGCTGGAAATGTCCGAAGAGCACCAGCTGGGTGACCGGAGCCACACCCGATCGGGCTCGTTATAGCGGTTTCCCAACCAGACCCCTAATGGCGTGCTGTGATATAGGTCGGCTGCCCTGTGCTTTCACATCTGGTGGCACTGGGTAAGCTCAGTAAAAAGCCGTGTGGTGAGTCATCTCGGCCGAAACACAATCCCTTAAGTTGAGTTATATCACAATCCCTAGAAAGTACGTTATCAAACGATGCAGCAGGCCCCCTAACAAAATACCAGACCCTGAAGCTGGCACAACCCCAGCAATAAGTACGACAACAGTTACCAGTACGCCCGCTCGATGAATCATGCTGTTGGAGCCCTCCTCTACTCGTGGGACTTGATTCCTCAATACAGCATGCCAGTATGGCTTCATCATTCCAACTACGGGTGGTGTACATAACATCTAGCGTCTACGCGTACTTCATGGGGGTCGCCGATAAAGGTGGGGCTAATCAAATAAAGCGTGAAACAAGAGTTAGTGCTTCAAATTAGCAGGGAATTCAAGGATTGCTTGGCTAAGTGGGCAAATAAATCTGGCGCGCGTGAACGCTAAGGACATAGGTTTGCCGTAGGCCCGCCGGCCTCCTCGCGACAGACAGTCCAGATAAAACATAACGCTGGTAAGAGACACTTTCAGTTCAAGGTCGGCTACGCCTTTGGCCTTCGTTAGCCTCCGCG,1141,50.13,Caenorhabditis elegans
SEQ_326313,GACTACGACTAGAATCTACACCCAGAATTGGTATATCAGCGTGAGCTCTAGTGCTGCGAAACCGACCGGTCTGAAGCTGCTGACGCGCTATTATCCCTCAGCGGCTGAATGGGGGGGTCCGCTGATTATGTTCAATTTTCCCAAGTTTCTCGTCAGGGTGGTGGCTGGTACAAGTACCGTGCGGCTTGTACGCGGATAAGTCGCGTCCGTGGACCTCCGAATAGTGCCGAATTCCGCGAGAGGTTACTGAGTTCCTCAAGTTTACTCCTTCCATTGCTGCATTTGTCTGCTGCTCCTCAAGCTTAAAAGCCCGCAGGGACTCCTCATCTAAATTTGCCAGGCTATGAAGAATATTAGCTCCGACGTAGGTTTGAAAGGTATCTGTACATCACTCGCTGGATGCTGGGAGCAGGCAGATGCCCCGTGAAGGACTTTGCTGCTAAGCCCGTAATTTAGCTATCTATTGAGTGCCAGAGTTCGCAACGTCCATCAATTACGTTACCAGTTGCCCTTTTCACAGTCGACCTCGGTCTCCGAGAACGCATACAACGATACTCAAACCATTCGAACGTCCTCCATGGCGTTCATCCCTCGAGAATCTTGCTATCTTTTCCTTCCAGGAGCCCTGACGTGGTAGTCCGCCGAGTTTTCTCGCATTCCTAATACTGTATGCTGAAGAGTCTCGACACCCTCAACAGGGTATACCAGCTTGTCTTTGGACCCCTTCAAACTCCCAATAACAAGAATAGAGGGTGCATAGCCATTGGTGTCCCGCGAGCGATGGCTTTGTTTCTGGTGATCTGCAGAACCGCTCCGGCGACAGTGTTAATGTTTGCTCCAAAGTCATGCGTGACTCTCACGTGGCTTGCGGTGCGCAATCGTTCGGTACAGCCCATTGAGGTCAAAATTAGCGCATACGCGCGTAGTTCAGTCCTCGGCATAGAGACGATTGCGTGAGACTGGACCTCCCGTAAAGTAACTTGATACTAGGGCCCACATATGAAAATTGTCACCTAAGGTCCTTGAATACTAGTACGGGTTGGCGTCCGTGCTTTGGGCTGCACGTTTGGCAAGCATTACGCAGCGCCCCGAATGAAACTGTCGCCTCACTGGCATGTATTACGCCGCGGCTTATCGGTCGGCCCAACCCAACGTCCGTCTTTTCGCAAGTTAGGTCGATAATTGTACAGAGGAATTATAAGCGGTCTACAATCTGCTTCACTTTGGAATTGAGTGAACTCTAGCGAGTCCAAGCCGCGCCTGATCTTAGACTAAAAGTTTCTTTGCTACGAGAAAAAAGACTCCCCTCTGCTCGTGGTACGAGTAGGACATATCCGCACATCCGAAGCCCGTATAGACGGACCTTGATACCAACAAAACTCCTTGGCCGATCATCGTGAGTCTAGGCATCGAACGTCATGATCCGAATGAACCGGCAGGGACGGCAGAATTACAGAGACTCCGAAATATTTTGCCAGAAGAGGCAACCGTGGATCTAGCGTCTACGCACAAAAGCACGGCACCTGTACGCTGAATTCTACCTACGTACCATAGGCGGTTAGACCATCTTATTGTTC,1577,50.6,Escherichia coli
SEQ_679010,AGGCCAGGACTCGAACCTGACACTCGTAATCCCACAGCGCTACTGTGGCGGGCCCACGCCTCACTAAGTGACGGGTACGAACACGCAACGTTAGGACTCACCTCCCCATCCACCTCTCGCTGCCAGTCGATATTGACTATGAGCGTAATCGTTGTCACTCAACCATGGATTTTGCGAGGGACCTGACGGGGGGAGTTTACGACCAAGCGTCTTCTGTATCACAGACAGTGCACGGGACGTAATGTACGGGAGGGTAAGAACCCTCCGAAGGACCATACTGCGTAGGTCTGTATTAGAAGCAGAAAGAACCGCAAGGACTTGAGGATATGATTGGGTGAATTCCCAGAGCCATAATTTATGCAGTGCGAGTTGTAACTGTGAGCTCCTGGAGGACAGATTCACGCGGACGGCGATAAACGACGTAGCCAGTCGGTAAAAACTTTGTTATATATGATACGGAGTTCCTATGAGAAAGTTATTACATAAGGTGCCTCGGCGCAGAGTGACATCGCGAATGGTTTGCTACCGCCCCCCCCCATTCGACGAGTTTCAACTGGAGAGATTGGCACATGCGGTCCGCCGATTAAACAGATGCGGTTGTTCCGTTTCATAACTTAGTTAAAAATTCAAAGTTTCGAGAACCAGCGCACGAGGTTCACTCTGATATAGAACCTGGCCGACGGTCGGTTACCGGCAATAATGGCGGCCAGTCGTACACGACCGTCACTTTCATACGAAATGAAGTTCGCCGGAGCCTAGATACAGTCCCGGCAGCAACAGCGCATTGGGGACAGCTAAGGGCTTAGTTCAGTGGGGAACTAGGAAGAAACGGTGTAGTGATGTAAATATGATCGGCTTCTTGTTCAAGTTGGTCATCGCATACATATTCGTATCAAAGACTAGGAAGTAGTTGCACGCATATTTACGAGCCGGGATGGTAAGCCTCACTGCCACCCAAACCACAGGAGGTATCTTATCAGTTTCGCAATTAGCTGTAAAGGGTTCTAACACAGATACACGCAGCCTCCTAGCGCTTTACTAACCTGATTCGAAGATTAGAACTCATTGGTGGCCGCATGATTTGATTTGCACAGGTACCAATCGTCAGAATTATATGCCAGTCCTCGACTAATAAGGACTGCTGAATCACTTATTGCAATGTTTTGTGACCCTCAGTCCTGCTCGTTCAGTCTGAGGTATAAAGGATTCCTCACCACTAGTTCAGA,1226,49.02,Escherichia coli
SEQ_889931,GCTCGGACTAATTACTGCAAAGGCGGCTACAAATGTATCAATGCTCGAGATCTCCCGCCGCG,62,53.23,Saccharomyces cerevisiae
SEQ_737274,CAGGAGCTCCTGACTTTGGTGGACAGCCCGACTCTAAGCTCCCGGTAGGCATGTGAAACGTTGACGACCGTACTGGGAACTGCTGCATAGGCGTGGTTACGCGGCTTCATCCCGATATTGCTGATGATGGGGGGCAACTACGAACAGGCGATGTCCGTTAGGTTGTGATAAACCTAGAATGATTGAGATTCCTACTTTTACGTCAACCTTGGATAAGCGAGTAGAATATTTTGCTACGCAGGTGACGTCCGCGGTCTTCCGGACCAAGCGTCCGGAGCCGTTCAAGAATAGTACCTTATGGAGCCAGTGTGTTAGATAGCAAATTTCAGACCGCTTGTCAGTGTATAGCGATTACTAACTGTATAGTAGCTGTGAATAGCGATAC,385,49.35,Caenorhabditis elegans
SEQ_909505,ACAACAATCTGTGCAAAAATAGTATGCATGTTACGTGATTCTGACAGGTAGCGTAGCGGGGATGGTAACGCTGCGGAGCCCAGGGCGCAAAGAACGTTCTTTTCGGAGCGGGTTTACTAGTTCTCACGTTTCGGAGTTCACTATTACCTTGGTATACAGGCTCAAGGACCTATGTAGCGCGTGGCACGCAAGCCCAAACCCTCGGCAGTACTTACGACGGATAGGATTAATTGAAACTATCCCACGCGCGCACTCGGCAAATCGCCCAGCATAAGGGAGCGGGGCTCTGGGGTAACCTGTGAGACTGTCCCTATTCCCATGGGCCCAAAGCTGGTCAGATAAAAGCTGGAGCGATACCGGTGGCTGAGCGAATCTGTTTGAGCTCCGATGAATAGATGTACTCACTGCAAATGCTAAATCCCGCCAGGTAACGATCAGCACGTTCAAGGGGACTGGCACTTCTGCTAAGACCCGGGGTAAGATTGAAACGTTGCTAAACTTCTACCAACCATTTGAGAATAGTGTATGATGTTCCGATCCGAGTGGCACAAGTTTTATACATCCATGATATTACAATGGAGTGCATCCATTACAGGCCAATTCCTTGCATCCCCTCTTGACTTCACGATCGTTGTTAGCACCGTACGCTCCTCCCCAAATCGACGATAGACCATAAACCTGGCACGCCTCGCTGGGTGTTGCGATCCGAAAAAGGTTGTAAACAGAACACAGTTATTATTTGATTATGCGGGAAGTAACGGCGTCCTGCCCGAAGAAACTTATCAGGTGTTGGGGGTGTACAGAGGGGAAATAATAGCTGAGAGGTCGGTATTAGCAGAAAGGTAAGCGAGTTGGTATTCTTGAAAGCTTGTTATGGGAAAATCACTACGTTGACGCGGCATTAAACGTCGGTTAATTGAGAGCAGACAGCATTCCAGAGGACTTAAACGACTCAATGCCATACTGTTGCAAGGTTACGATTAGGTTAATCAAGTTCTGGTCTGAAACCTTGCCGGTTTTAATAACGCCAAATTGAGGACACTTAACAGAACCGATTGCGAGCGGAGTTATGCGCAAAATTTCCGTAACACTTATAATCCATTCGTTTGTTGCAGGGTATCACAGTCCGTCACTGGCGCGGGCAGACCCGACAAGCGGGCAACAAATTAGCCCGATATTCCCGCGGCACTGCTAGGGCGGAATCGGCGTCTATTCCCAGAGATACAACTCGGTCGGCGAAGTACAGAGTGTAGCGGCCCAAATGTTGCCCCTAAAGAGTATTCGCACACTTCAATATCGAATGTTCGCGTATCGTCCACAG,1321,48.83,Escherichia coli
SEQ_340376,CTCCCTATATCATACATAAATGGGCCCCGCCGGTTTGGCCGCAACTTCACAGTTGCGTACCGGCATTACATTTATCAGGTGCACAGCGCTCGGAGAGGATTAATCGCCACAAGAATATGTAAGCTATGCATAGTCAAAAGAGGGATTGACAGCTGCGGCTGGTTACTTATCTCGGCACTATCATCCAGGTTCCTCACCGGAGAGGCGTCTACGATTTCCAAGGGTCCTTGACTACTCTGACACAACCTGAACTCCGTGGTCTTGTGCGGGAGACTTGATAGCCCTCATACGCCTATTATCATCATTTCACTACATGGCGTCCGTCTAGGCGGGCGAAGGATCCCTGAACAGTAGTTCTTTTCAACAGCCGAGGCCCAGCGCAGTCCGTATATTTGCGAAGACTAACGGAATTTTGGCGCTGCCCGCACCGATCCTAACATGAGTCAAGCAATATACTGTGGGACTGACCACCACACGATCGTAGAATACTCGAGGGAGGCGATCACCACTGCCTCTGAAGCCGGCCACAGTTGTTGTCCCCTTTCCCACGCTCATCACTGAACCAGCTCGAGGCATTAATCGCTTCTCATGTGGGATACCCGTTGCGTGCCGGAAGGGCGCCTCCGTTTCTAATACAT,638,52.19,Caenorhabditis elegans
SEQ_414314,AGCCCTGGATCCTAGGACTATTACGGTGGTGCTGTGGCAAGCGAAAGCCGGAGCGTCGGTTCGTTTCCGCGGGTCCAGACGTTCCCCAATAGCGCCATCAGAGAACGCATGTATACCATTGGGTCCATCAACTCGCGGGCCAGGAGTGCATCGCTTTGAATAGTATGATAGAATCGGTGACATCCCGCAGGGCCGATTCGATCGGTACCGCTTTTTAAAGCGTTCTTGAGCGTGCATACTGAGGGCACATCAACGAGGCCCCTGTACACGGCATAACTCGGTCCGCCTGTCATGTCTTGTCCAAAATATCACCCAATTGCCGATTAGCATTAACCTATAGTAGTTGGCGTGCCCCCAGTTGGTAGGCATGTCCACGGATCCAACCCGTGAGCTGCAGATATATATGTTGCGTCTCGTCAGTACATGAGAGTGCTTATCCATCAAACAATTGCGGCCCCCGAAATCCCTCCTGGGTCAAGGCACTATCGACAGCTGATACTACCACTATCCTATCCTCGCCCGGGTAAGCGTCCTGCTAGTTGAAAGGGAGCCGATAATCTGGCTTAGGAGCTGCCGGTTCTTAAGTTTTTAAGAGACCTATTGCTGTGGGTCGGCTTGCCAGGGAAGCGGCAGCCAATTGTCAGACCGATATAACTACATCGTTATATAGATATGATATGGACTCAACGAATCCATACATCGGCCCCATCGCTGGTCTGAATTTTAGATTCATATAATTTCCGGCATGATGATAGCTCACACCGGCTTTCAATCCCCAGAAAAGTGAGTGTCTCAGTTGTGCCGTGTTATTAGAGGTCGTTAGTACCACACCGCCAGCTTGAAACAAACGGCCCATAATTAGCTGACGCGGCTAGTGAATGTTATCGATACTAAAATCACCGGACTTTGAGATGTCTCCTATTCCAGAGAGCCGGCGCGGGAGAGATTTGCGATCGGATATTCTATGTTAGGCCTCGTGTCGTTGATAGTGCCGATGTGTGAACATCCCAGAATGTGGTCTTCGCGATTAAAGAGAACTGCCCCGCGCACCTCACTACTCGATGGTTATTAAATTGCCCGAATGTACTTATGTAACTACAGGTCACTCAATAACAGAGGAAACAGCGATTTAGGTGTCAGAATCCTCTCTATAAAAAAAGTGTCGACCATCCCATCTAGTGGAAAAAATAGCCATCGGGCCCCTTACCGTACTCTCGTCTTGCCTGTGTGGATCG,1235,49.55,Drosophila melanogaster
SEQ_521969,CAGATTATTACCGTCGTCGAATGATAAATAAGTAATTACGAGGCTTAATGAGCCCAGATTTGACCGGGTGGCCGTGCGACTGGTATCAATCAGATACGAGAGCAACGCAAGCGTCTACGCCAGGGCTAGCTGGCTCGCACCCCCTGTGTAACCCCACAATGATACCTTGTCCTGTGCACATATTTTAGGCGTCAGGATGAGTTATCGTATGGACCGGTCGCTTTGTTTGTGGTTCAATCGGATCGCTGGGGTGTGTGCAGGGGATTATTACTGGTAACGTCCATAGTGCTTTAACGGGTAACCCAACTGCGAACAAAAAGCAACATGTACATAGCGTCAATGTCGAACACTCCACGGTGGTATACTAGCGACCAGAGCATGACAGGAATCGGGTCGGCTCACGCACACTCCAACGTCCGACGTCACAATGCCTTAAGTCTTATCTAACGGCCATGTATACCTGCTCACAATTCCTGAGACTTAAGAGGAATTTCTGCGTATAACCCGCGTAAATTACCTTCCTCAAGGATGGAGACCCCATCTGAGCATTCGTCGGTCTGGGTACCCATTGAGGCACCGC,580,50.0,Arabidopsis thaliana
SEQ_952298,TCATGAAATTCTTCCAAAGTGGCTCTGCATCACGGCATGGCTAACAATCACAGGTGGGGCTAGGCAAGGCTTAGGACCGATGCACCTGCTGATCTTTGCCGTGGAACTTGACGAGCTACGTCGGGTACAGTGTGTGCGCCGTAACGGCAACACCAAACAGATTGGCTCGAACTTGTTTGTAAGCGTCTCGTGTATACAACGGTCAATCCACTAATTTGCAGGCTACCATTGCCTGTGTCGTGATGATGGTCACTGTGGTGACTACTTTTACAGGAGCTCCGGGGGTGGGACTTCCTTTGTACTGCGTCACTGCTAACGGAATACCGACTTTATTTCTAGAGTGTTACCAATTCCTTAAAGCGATTCGCAAGACCGAGGCACGAGAGGAGTGCGCCAACCAGATCCTGACCAGTATTACCCTTCTAATTCGAGAGCTCAAGGCTTCAGCTCATTTTAGGCCGCCCTAGTTGCCACAGCCTGCTGGAGCAGGTGGACAACCGCTGGCTCCTGGCACGGGCGAACGGGCAGGCATGCTACCATCTAGTCACATAATGACTCCGGGTGACCGTTCTAGTTGGTGGTATTTAGATGTGAACACGACACTTGGCCTCCCGTGCAACGTTTAAAACCCTATTATCATTTACGGCGGCATTTACGACGCACAATAGGCGAGTTAGCAACGCGCCAGAATCATGGGATTGCTTAGTGTACGA,713,51.33,Drosophila melanogaster
SEQ_177068,ATGGTAGTAGTTTTTCGTCAGGCTAGCAGGGTGACCTCCACAGTTGAATATTGGAGACCCTTTAAGACACATCGAACCCCAAAGGGTCGCGTACGCGGGTTCCTCCGGATACCTATGCAAGTCATTGAATCGCTAAGAACCCGCCGCCGATTAGCTTATACGACTTAGTTAAATAACTAGTCTCAAGATTTGATAATTGGTTGCGTGGTAACTAGTCAAGCAGTGTGTGGCGGCTGCACTGAACGTAAGCGCAAAGTTTTAGTAGCTTATATTGCGGTGAAGAGGGAACTGCTCCTTCTACCCATCTAGCAAGTAGCTTAACTGTGGTCTGGACTGTTCGTTCACGACCTCGGTCGCCAACGTCAGTCCCTTCACGTTCATCAAACCTCGTAACAACAAAGGCTTCTAAGGAATCATCCCTACTCTATATCAGTATAAACACTAAGACCTACGTCACGCTGCATCTCGGAATCTTGCCTTACCTCGAGTTTATACCCCATAGTCTAATGTGTGTGTTGTATGCTGAGATACCAGAAAAGAAGTTAAACTAGGCCTTTTTGACTTTTGACGAGTGATAGTATAAATGGTCGTGCGTAACAGGGCCAGGAACACCACTCCACACCAATGGGCTGTAGCGTTAGTAAAAACCGACTGTGTGTATTGGGGTTCAACGCGATCTGAAGGAGAGAAGAGGTGATAGTAGTGGAGCGCAGGGGCATGTACACAGAGGATTGCTTTAGGCTTTCGCGTGGGTGAAATCTGGTCCACACGGATCATACCATCGCTTCGGTGGTTATAGGGCTACTGATGCAGCGAGTAGTCGTCGCTAGAACCCGTAATGTTAGTTAAGTTCCCAGCTGTCGCATTATTGGGATCCGGTATTCGAACGGAATTCAATCGGATTGGTTGCCAATAGCTAGAGCCAACCTACTACTCAGCTTCATGGTTGGGAACTGTTAAAGGGCGGGTTTAGGTTCGAAACTTGGAGGGGCTACCATTATTGCGCATGAGCAAACCGCGGGGACCCCATTAAACTAACAATTCAAGCGCGCAACACACTCTGAATACTCCCTTCAGAAGAGTCATGTTAGCGTCCCCAACCAAGCGCTATGGAGCGTTTCGCGAGTGTCGTTGCTAGAGTAACTCTTGCTGACTTATCGCACCATCAACAGCCGCCATTCCAGGCCGCTAGTCTGGGCAATTATTGCGATGGTGAGCAGATAAATCTTCCCAAAGCGGGTAGATTCAGTTTCGGCTGAGCCGATACCTAGTAAGGTCCTCTCT,1284,48.05,Saccharomyces cerevisiae
SEQ_313672,ACAGTGGCAGCAATGGAATACAGGTCTAGTGTTGTAATAAAAAAACGGTTTAGCCACGTGACTCCGGCTTTACCCTCGCGTCACCAAATCCGGTGGCTGTTTGCATAACCGAGCCGCATTATGTTATCCACGTGTCCCGCGAGAGAATCCGAATTGAGCGATCAAGCAGCAAAGATTAAAGCAAACAGAGGCGCCTTGGATCCATGGGCTTATCCGCGGTCAGTTGGACGCTATACTGCGGGCTTTGGGATCCAAATCTCAATGACATAACCCACGCCGCGCAGTTAGCTAATACATCATGGCTCATAACCAGTGTCACTATGGGTGTGCGCTGTTAGATTGTGTGGGACTTATATACTGGTGGGGCGTAGTTATTGAGATCCCACGCGTGTCGTACACAACTAAGAAGACGTCGGATCGACCAACGACATGGAGATACCTTATCAGCTAGCGAAAGGGTGGGGGAAAGCACAGGGCACTGTTCCGTATACCATAATCTGTTGAGAATACGATAATGTGATATCAGCCCAGCCGACGATTCATTTTGTGTCTTTCTAAGATCGTTTCCGAAAGAGGAGACCAGCACCAGGGGTTAGCCACGAAGATCGAACAGAAACAACGTACTTTCTGTGTGGTATCACTAGCACTTCATGGCGTAACAGTGGGCAGAGTTACCCTTCACATGCGATCCTGGAGGAACAACCAGCATCAGCAACCAGCCCCTCACCAAACGCTGACACATAGAGTAACACTATTTGCGGGATATGTCGCCAACCGTCTGCGCCTCCGAGATTTTTTCAAGTAACGACCCTTCGTGGGCTGCGAACGAGTGATACCGTGAAA,843,49.47,Drosophila melanogaster
SEQ_569537,GGGCGGATTCTGACCTTAATGTGGTCTTCGAAGCGAGATAGACAAAATTACTTAACGGAGTTTGAAGCATTCAGAACGCGCAAGTAGCGCCAAAAGGTTTCATCCATCATATTGGGAGCGCTGCCCCAGTCTAATTAGTGGAGTAAGCTGTGGAGCGCTATGTCCATTGCGAAGCTAGAATTATTATAGCTAACCTATCTTTCCGTGGCATATCACAGTTTTAGATAACTCGACTCGCGTCCAGTTGCCAGCGGTCAGCAGAGAGTGAAGAGCCCGTCTGGCAGCGCCGACACGGGTACAGCCCCGTAGAGCCATAACAACTCCGTTGTCCAGAGCATATCGGAGAACGTGGTGCCTCAAGGACGACCACGGCACTCTCCTAGTATGCCATTGGCGTAAGGAGGAGATTAGTAGCTGCGGTGATACGTGGAACCGGGCGAAATATTTCTGCGTGGATACGAGTTGGCGACTCGCGGCCTTCGCAAAGCACACTGGGTAGTTTAGAGTACGGACGTTCGCTTTGTTTGCAGTTGCAAATCCTTACATGATATTGTTATGCTTCACCAGGATGGCTAAGGGTGAGAATGCCAACCATTCAATTCGTATACGTCCATGGCGACCGTTGCCGTGTTGCTACAACGTCGCAGCGGTAAACAATGTGGGGTCCTGTACTTTGAGATGTATAGCCCACGCTAAAGGAACGTGTAATGATTGATGCCAATTCGTTTGATCTGAGCCGTGTCCAACCCAGTATCATCCAACAGCAATAGATTCTCTGCGGAACGTCTGTCTCAGTCGTTCGGGGGTTGAAATGGTAAAAGAAGCATAACTTCACTGAGGTTCCTCACAAATAGCGCTACCAGTCTTGACCAGATTGTTATAAGAGGCCAGGCGGTGAGCTGAGTATGCAGTAGAACGGCAGAATCACCGGTCCTTGCTAACAGATCCGCTATTTCTTTTCGGAGTTGTTACCCACCATAGTATGACTTTCCATACGGTACGCAATGGCACAGGTGACACAGATTCCTGGCAAGTAATGCGAGGTGTCTGGCAAACTGGGGCCTCTCGTGGCTAAGCGTAGTGCTGAGTGAAAGGAGATATTCCCATCTAGCTCCTGCCGGTCATGGAGCGGCCTTATCGCCCAAGCGCTATGTCGACCTCCGCACTAGACCTGAGTGCATTGTACGTCCTGAC,1194,50.25,Homo sapiens
SEQ_954090,GGCCTAGCTTGCTCGGACCAAGAATGGTGTGTAGACTTACGAAGCAGGTAGGAGCGACAGAAGCAGCATAAACCCGGCCTTTCTCCTTCCCTGTTGGGAATCTTACCGAGATAACGGGAATGCGGAACGGTGATCGCGCAAGGTGCACCGCACCCTTTACAACGCGTAGAACATTTTTTCTCAATTGTACAAGGGTTTCAGCCGCTGACGGTCTGACTCCTTCAACGGGGGTAGTCACTAGTGCCTTGGTAACGCCGGTCACAGCCCGGGGCGGTAACTTATCGTTACCAGCCCCTGAAACTGACCAATCCGCCGTGAAGGGTTACATGCTCACTCAAGGTCCTAGAAGGCCCTACGAAGCGCCAGTAGGGGAAATTCCTACCTCGAAGGCTATAAGCGTATAGCGAGTGTCACGCAAGAGGTTAGCTCCAAGTCGAAGTATGACAGACGATGCTCTTAAAATTTAGTGCTCCACACCACATAAAAGGATGATTACCAAATGCTCGTACCACACACGGAGCAGGGAGCCGGTTCTCAAGAGGTGGTCGGGTGGTTCAACCATCTGTGACGTTTTCCTACAGAACTTGAGTCGCTCGATGAATAAACACCAATCCAATCTTTGTTTAACGCCGAGGTCGTCCCGTACGACGGGCCCGTCCTCCAAG,665,52.33,Homo sapiens
SEQ_524608,ACCCTTTGGTGCGGTAAGATAGGCGTCAGTATTATCTATCCTTTGACGAACGCTCGGACTACGAAATTAATCCCGTGGCGTCGTCGATATACGGGGGAACAACGAGCCTGTGATAAATGTCGCACGCTATGTACTCAGGCGGAACAGCTAGTCAAGCAAACGGTATCCGGATGCGGCTCCTTTCTTTCAATCCAATGCCAAAGTCTAGGGTTAAGAGAGCGAATTCTTCGCCCAGTAATTATCCTTTATGGTAAGGCATAACTCCCTTGTATACCGAGATGCTCCATCCAATATCTACGTTCAATTTAAACCGCTCGAGTTACAGGCGACAAGCAGTGGGAGATTCAAAAGAGTTGCTCCTTGAGCCTGATCTCGGTTCTAGTACTCTGCTATATCGAGCTCCGGAGCGCGACCTGGCACAGTATGAATGTCCAACTAGCACATCCCGAATAGAAATATCCATTACCATGCCGGTAATAAATTGCACATGCGGAGAGCCACGTCTAAGGAATCGTTAGGGTTACACCTTAAACCCGTAAGTGCACTAGGATTAGATTAGAATCTCCCCGACCAGACCTTCCTAGGAACCTGTCACGGCCTATCCTGGTTACCTAGAGGTGTTGGCTGATAATTCTGCCACTTAACGCTAAACACGGGCGTCGTTTCTTTGAAAATGCCGCGTCGAACACTGTCACTCACCTCCTAAATGATGTGGCGATAGGCTGTCACATAAATCAAAGACCTTTATGTTATTTCAGACCTCACCCCCCATAAAGGCCAGTTTAGACGTATGCTGCAAACGCTCCTGTAAAGAGTACACCGTCACCGAGTATCCCAGTGTGGAGGGACCGATATAATCAGGGGTTCTGCAGGCAGTAGCTTATCTAGCAACAGCTTTTGAATAGGTATTGAAGATCCCTCTGATTGAGCCAGGACGGGTCGAGAGGATATAGTTTATAGATGCCACGTCCGTCTAGCCCCCAAGCGCACAACTTGATAAATACCTTATTTAGCTGCGTCAGGGCACGGTTGATGCGGATGCTCGCCGCTTTATGCCGGAACCTTGACAGCGTGAGCTCATATACGACATCCTTCTACGTCTCGAGTCGTTTGTCTTTAGGTTCTAACCCCCGTACGCCCCGTT,1144,48.34,Escherichia coli
SEQ_250253,AAAGGGACACTTACCGATTGGTTCGCTTTACTCGCAGTCCAATGCAATTCTTCCGTTCGAGGTCTCCTTTCCCAATAGTCTCGAGTCCACTAATCCCTGGTAGTACATTTGCGAGCTAATTTGTTCCTTGCTATTTTTGAATGCCACCGAACCGCAAGGCTATGACCGTTATCGCCAGTCTCACAAAAGACAACGAGAAACTTGCCTCGAATGGCGTAGTCAATCCGTAGACTCAGTCCACGATGTTCTTTCACGATCACTAAGAATCCAACAAGCTGTCCAGAATCTCCATCGGTGTACATACTTCGAGCTAAAAGCCCTCTATGCCCGATACCAATAGTCGTGATTTGTATCAAACCAGTACTTTCGCTCTACCCGGTAACGGAGCGTGCGGATCAAAGAGTGTGCATATCGCAACGACAGCCAAACTTTACGTCCACTCAACGTTCAGTGCATGAGAGTTGAACACAGCGCTCCAGACTCAGCTGGGTATAGGGCCTCTCATTTGCGAATTGTAAGCCGTATCGGACCTTTTCTTGAATGTGCACTGTAGCACAGTCTTACTGATATAGACCCCAGAGCGGGCAAGTGGGGAGGTAGGTGTGGCTATGTAGTCGCTGGTTCATATATATTGATCCACTCAGTGTTGTTCTTCCGAGTTAAAGGAACTTAGGGCGGGTTCTTCAAGAAGGGCGTTCCGCTTTCTTGTCATATGCTCCAAATACAATTGAATCTTTGGGGCAGTGGATTGTATTGGTATATTATAGGCTCAGCTCAGCCAGCTACCTAAGTGAGTAACCATTATTTCTCCCGAAGGGCTTGTGACTGTGTCTGTATTCGCGTGGTGGTTTGTCATTTCCCTCGAGTATGTAAGTCATGCGGGGATCGAAGAAGAACGATGACTATAGCAAGTACGGGACTTTGAGACGCGCTGGATCGCAGAGTACTTCAAATTAACCCCCTTATTTGCTAAGACATTGCCACGCGGGGCGCCTAGACAGCAGATCCCTTCACGAAGATGCGACCCCTGTGACAAATTTGGATATCGTCGCGAGTAACATGAGTACGACTCGAGGTTATACATCTCAGGCATTTAGTTGTCCTAGGATACAGGGATTCTTAAACCGAGTATATTTGCGACGTACTGTTGTCATATCGAGTACGTGCTGCGCTGCGTCAGCGTTATAGCCGAACTCCAGGACCATTACTAGTGTATCCGCTAGCGAACCGACTGTCTGTTTCGACCGCACCGACGTCGTCCGCCTAGGAGAACCTTGCGTGGGTGCAAGGCTGTAGGCCCTTCCCTAAAGGTTGGAAGTGAATGACCGGTTGGGCCTAGACCTAAATAGAGAACCAAGCTGGGGAGAGCGAACCTAAATAGTCTACCTTAATCCGGGGCTAGCATTCGTGCGTGACGGTACATGAGTCGTATGCGGCTTTAAGAGCGAGGCGCCTCGTATG,1461,48.73,Caenorhabditis elegans
SEQ_786640,GGCAACAGGTTTTATCCTTATAGGTGCCCCTAGTGCTCGCACGACTCAAGCCAGGACAGCTCGGGAGCATCGACTGGAACTCAAGCGGCATCTTCAGTAGCAAGAGAAGAGCGCACACTGGAGACCCCCTCGCGTCAGGAGACGACCACTA,151,56.95,Saccharomyces cerevisiae
SEQ_803254,AGTTGTAATGCGAATTATAGGGGCATCGCGCAGCAATTTCGTCTGGCCTGAAGGACGTCCAAAAGCGAGTACGTTACTCCCGTACCGTCAAAATAGTACCCATTTATTGACGAGTCAATGGGGTTGGGTTTCGGTGCCAGAATAGGAGCGTTCTAAGTTGAAGACCAGAAACCGAGTATAGTTCAGTGTTTGGAGCAGGAATATGTGGCTTGATGTACGAGCTATACTGGTCTCGACCTGCCCCCCTCTGGCACACAGTGCAATATGGCGATTAGGCTCTACCGTTTCACGCGTGCCCGAAATAGGGCGCACCAGATCTGTTTTGGCCGGACATTGCACAGCGCGCCAGTGTCAAGCCGAACCTCCAGCAACTTTACAGTTGGGATAGTACGTGTGACCGGGGCACTTTTTTCAGCATTAGTCCTTGTAACAGGGCCCATTGGAGATGAAGATCCTGGCCGCGTCGGATGATCGATTTTTCCGTAAATAGAAGGTTCGACGCCGGGGTGCCGACTGGCAGCAACTTCTTCCGGCGAAATTAAGGCTGGAAACTCGCAGACTCAGGGTGTCGTGATATCATTTCGAAGATAGAACCCGCTAGCGCGGAAGTACCTAGGCAACGCTTGACCCACATATAAGGCCGCGTCACTCCACAAAGCTGGTGCGATGTAGACGACGGCACCGGAATGGTACCCCGAGCCGAGTACCAGCGAGCTGTAACGGTCCAATTTGCCGGGAGATTTTGGCGCCCAACACGCTTGGGCGCTCTGC,771,53.18,Caenorhabditis elegans
SEQ_496768,ACACCGCAAAAAATGGAGGGAATGCTCCCGTACCTATAGGGAAAAGCCGATTAAATAGACCTTGTGAGGGTGTGCCGCGGAAGATCGGTAGGGATTGATTTACTAAGCTAATGGGCCTTACCCCAGCGGAACCAATTTCGGCTTCGCGATCCGGTGTCGTGAGAAGTATTAGTCACCCAGCGTTGGCTACCTTTACGGCCGAGAGTAGAGACCGCAGAATAGTAGCTGCGCGATAGGCCGGATACTCTGTAAATATCTTTCTGGCTTGGGCAACAGTTCTACCCGGGGGCGCTTTTCCTAGTCGAGTATACTCAGACCCGAGGGTTCGGGAAGATACGCAAGTTTATTCTCTCAAAAGCTGCTAGGTTCGATCGTCAACATGGATGCAATTTGCGGGTACATCTAAGCGTCGATTGACCCTGGTCGATGGTGCATACTCTCCCTTTAAACAAGACCTACCCGATAAGTACAAGTCCAGATAATTCTACACTTTCTGCCAATAGCTAGAGGACGTCTCGGCTCTCTGAAGTGGATCCGGGAGTCTGGCGAGGTATAAGGACCGGTTTGGGGGACGGAGTGTCGATGACGGAGGCTGCGCATGTTCTCTTAAGAGGGAGGCATCACGGTGGAACCAATTGGCTATGATGCCACCCCTTGACGGGAGAACCTAGTCGCCCAGGCAACTATTCTAGAATGTAAGTAGAAGCGCTACTAAAGCCATCCGTGGACAGCTGTAATCATACCCATCATGACCACAGCGATGAAGGGTCTAGGGATCGGGTAGAACAGAGACCGACCGTACTCACATCTTTATACACGCACCGGGGAGCGCACGGCATTCTTAACAGCAGGCAGATAACGGATACGGTCTAGGGTGTGACGGACCTACCACCAAGTCAAGCTTCGCAGACCCCTGTAAACTAATGCAATCAGGTTAATGAACGGAAGCATATTGACCACAACAGCGTCTCTACAGTCGGTTGAGACGCTGCATTGTAAAGAAGTCTTAGCTACACTACATCAGCACAGAGTTGTTTAAGGGGGCTTCGAGGAGGCCCTAGACTGCCTGGTTCTTCCTCTGCAGACGCTGAAGGACTGTCGGTGAGGGACATTCGCATATATCAGTTTTTAGCCCGTAATGGATGACCGAAGATGGTACGCTAACAAGAGCATTGGTTATCACAAATGAAGACCCAACTGACATCATGCAAATCCTTACGCTATGAAAAATCCAGCTGCCGATCTCACACCTGAAATTCGCGACAGAGTTAATTACCGCGTGCAATCGATGGGCCCGCGGGAATGCGGGTACTGGACTTCAATCGCAATTAGACAAGATTAGGCTATTAATTAGTATCCACCAGTGAGGCTAGCCGAAAGCCGTTTGTGGTTGTGGGTGTGGGTCCTGACCTGCATCATTCATAAGCCGTGAACCTAACCCATCGCGACTTTTGAGCGTAGCTATCCCTTTGCAACTCCTGCATAGAATAAATAGCACGCACCATTAACCTCCCGTAGACAATCTCGGACAGGTATGGGCTTCGCAACGCGGATGTGTTCTTCCACTCGCTTTTCCCCGCTGACTCACCCCACAGTCGCACCGTGTATGCGTCTGCTCCAGGTCCTCTCTTTGAGATAATATCTGGTCAGGTGTGTTCGGCAAGCGCATAGAGCGTCTTTCTGACGCCACTCCCTGAGTGTGCGCGATGTATGCACCGGTAGCGCCAGCTATTTACATGATTGGTACGACGCCATGCTCAGCAGTCAAGAGGAAAGGCGGGGATGGGCCAATTTACGTGGCCTAGCAACGTTAATTCTTGTTCACACAAGCCACTACATTTCCATGTAGGAAGGTCGTATAACTTTTTCGTCACTCCTTACGTTGCGGGGGCACCACTCCTCTTAACACAGTAGAAACGTTTTGATTATACAAGAGGTCCCACAGATCTAATCGGCGTAGATGAATATTCGGAATAGTGTAAAGCCTCGAGT,1992,50.15,Homo sapiens
SEQ_580486,ATTGTCTGAATATTGGATGCCCGCTCTGGAGGGTGCGACAGGCCGACGCTTTACCATTCTCATCCCCAAGAGCGGGACAGGCACGCCGAAGAATCGCGGTGTGCAAAGGGCCAGAACTAGGGCCCTACTTATGTTACGTGTGACGCGCTATGAGTGGTTTGTGCCCAACGCGCTAGCTGTGACATATCTGACACATAGTCCAGAGGCTGGGCGGGTAGGAGAAATTTCGCCGTTCATCTATCCGAGATACACA,253,54.55,Arabidopsis thaliana
SEQ_508117,ATACGCCATAGATCCCATCCCAGGCTCTACATGGATCACGTGACACGAGGATAGAAGGCCAGGGCCGTAGGGGACGGGCTACGGGCAAAGGAAGCGCGGGCTTTTTGGCGCTCGACGTGCGATTCGATGCCCAAAGGAAACCGCCCACGCTCCCGGAACATTCCGTGCCTGCCGCGTTAGCTCCCACCGAATTGTGGCTCAAGACTGAACTGCTACTTAGCGGTCGATGTTGGCTGTCCTACCTTTTAATTTCCATGAGTTTCATGCGGAGTTCAGTCGTGCGGGTTTAGCTCCGGCTACAAACCCAATCAACTGCCAGCGTCCCATGGTCGATGGTTGAGACTGCTAGGTATCTATGTCTGCGTGACATACAGGTGTAGGTCCACTATTGCTACGGGTCTGGTCGTAATTGGTTAAGTCGGTTTGCACCCTACCCCTAGAAGGCAGGTGTCGGCCGAAATCTCTGTCAAACAGAACGTGTGAATACTTCCCGCCGTCGTAGGCTAAGTCTGCGCTACGAGAGGTGCGCGGTTACATAAAAAGGGTTGCTTGCCTAGGCTTTGCCGGTAACCCAAAGCAAGGGACAGGACAAGTACGAAAGGATGCCCAATAAACCGTAGTACAATTCTAAACCGCTTCAACGGGGTAATCGGGGGCCTCATGTGCAGCCCAAAGCTGTAGGTCCCGGTAACGATGTCAGTGCTGTCGGTTTAGGGGTACGGTGGAGTCTCAGACGTTTGACCCTCTGATCATGGGAATCTATTTCTTGGCAATCTGACTTCCCCCGCGGTACCTGCCATCAAAACGTCCTATTGAGTCATGGCCTTTAAGTGGACGTTGACGGAGGTGGCAGGGTACGGAGCGGGGGTGTAGTGGGCTAGGCTTGCGATACGCCCCCGCTCCCGCCTATCCAGGCTACGTATGTGCTTTCTGAGTCTCGATTATCAGACAATTCTGATTAAAGTCACGATCTCAGCGTTAATCAGGCTGGTTTTCATTCAAGATCAACCGCGAGGGACCGTTAGTTTCGCTTTTGCCCCATCCGACCGGGTTTCGTCACCGCGTGCTCCGGCTGCCTCCGGCGCTCCTCCTGCGTGGGTGATTAGGTTCGACTGGTCTTGCATTCTTTTTCGGATGGCCGATCGGTTCGCGTATCCTCCGTGAGGCGAGCTCGAACCAGTGGCCGGGGTTCCTGTTCAAAATTAAAGCAGATTGACTTTGTGGATATAAGGGGAGCTGATTACGTAACCACTGCCGACTCTCTTCCGGGTTCCAAGCAGTATCAGTATTCGGCCTGCTGAGGTAAGATTCTACGATAACCTCGTCGGTAATGCGATTATGAATCGACCTAACATTTATGCAGAGCGTCCTTTGTTCATGATATACGTCATGGTCGCCTGAGGCCTGAGATCTTGCGGAGAGATGAATGATACTAAGAAACCTGGATTGCAGAGCGCCCACGACTGCGCGCGCTAATGGAAATCCAGGGCAGAGTATAGCGTTCGGAAATAACAATCTGTTACGGGTATTCTACGCGCATCCCGCGAATCAAATATGTCTTCTAGAGTGGATACCAAAAACGACATAATTGTCGCGTATGGAG,1603,52.65,Saccharomyces cerevisiae
SEQ_864735,GTGATCGACAAGGGACCTCGGGCTGTGAGGCCTGGGGAACGCGTGGAGTATACGTAATCCATGGCCAGAAAGTATCGCCACTTTGAAATTTCTCCGACGGGCGCGTCAGGGACTCTTCTATCTCCCCCCTTTCCAAATGAATAGCCGCTCTTTTACGCGAAGTATAATCCAGATTGCGCTCGCTTGTTTCCATTGGTATTGCTGGTAGTCAAGACACTTAGGGCTGATACGGTGCGTTACGCCAACCGTCGTCGTCCGTTTGTAAACCGTCTTATGTCTATGCGTCGCAGGACGGTCCCCTAGCT,305,52.79,Drosophila melanogaster
SEQ_137331,TACAAGCGGCGTCACACTGGTACGGAGCAATCTTGCACTAGTTACTGCAATTAGGAGAGTGATTGTCACTGGGGTGCCTAGGATACGCGAGAGATTGGGCGCGGCAGGCGCTACTTTACCTTAATAAGAGAGTGGACTGCGTGAATGGTGTCGCATAAAGCGGAGCCACGACCTGATCACGCCAACAAACTGTCTCCTAAGACCCCTAGCCGATGGTAATGACGTCCCTAAACCGCTGACGGCCGGCTAAGGATTCATTCGATAGTCATCAATCCTAACCGGGCGTCCGGGCCACAAATCCGGAATCACAGGCTACGTGATCTAGGCCATGCCCAGATAGACGAGTTTTAACCTTTACTCAGTAAGGCTAGACCGAGTTTTTCCACTGATATCAGACAACAGTTCCGGATACCCAAACTGTCAGGTTCCTCACCTGCCCCCGGGGAGGCGGTCCTAGTTTGAGACATAATTCTTAGGATGCTATGATCCGTTATGAGAATTAAACTACTCCATCCTACATGAGCCTTATACGTGTGGGCCACAACGCCAGGGGACGTAGA,560,51.25,Drosophila melanogaster
SEQ_835983,TACTCCTTTGAATCGACGTTGAGCAGGTTTGTCCCAATTTGAGAGTTACCCGTCGCCTAGGTCCCGCGTGCTTAGACCGCCACAAGTTCCGGGTCTTTAACTACAGTATACTGGCCTTCGCAGATAGCTAATGCGTATGAGCGTGCTTTAGCGGGAAATAAGCTTGCAGGTGGTCTGACCGCTGCGGGTCGGGCGCGGGCCTCAAGCACGGAGTTTATCGACCACATTTCACTTATATGCCAAGATCTCGAACTCCATGCTGTCGTCGTTCTTGCAACCAGACTTTTAACGTTGCTAAGGAACGTCTAAGTGGAGTCCCCTGTTCAGAAGGCGCTCTTCTTATAGAGCAGGGA,353,51.56,Mus musculus
SEQ_705760,GCAGGCCATTAACTCTGCCAGACAGTTTGACGTAAATTTCAGCAGGCTGCACCTCCGCTAACCAGTTGCGACTGTAACACTCATATATATCGGCTTTGACTCTACCCACCTCAATGGAGGGGCCGGCGTAACCTGTGTACTCAAGCCGCAGACTGGGTATCTCTACAATAGTCTCCACCCTTTACCCGGCTAGTATCCGACGGTCATAAATCCGTCGCATTGACCACACGCTGATTTTGCTAGCTAACAAGTCAGAAAATCATCACATCTACGCCTAATAACGGAACCGCGAATTTAGGCATTTTCGCCCCTACCAGACTTCAAAGACCCTGGTCCGTGTCCGGTGGAGAACGCCCCCCTCAATAGATTCTAGTTCTAATGCTCGAATGTTTGAGCTAGAACTATAATATCAGGTGCGCAAGCGCAGACCGGTCTGTTAGATGGGGGCCGAGAACTTTCAAGAGATTGCACGGAAGCCCAGACACTACAAGGCACGCAAATCGCAGGCGGAGCAGTTTTCAGATCACTCTGAAGGACAAGTGCCGAGTGAGTCGCGTATGGTTTCCTGGGGGTGTCATCTGCGATTAACTTTCGATCCTTAAAAGCCCGGGTTTTGCCCGCACAAAAACGGCGGTCATACGAGATTTATGACTCGAGGGCATCTTTGTTATTCGATACCGTCTATCAGGCCAAGACGAACCATCCCGCGTACAAAAAGTCCCTGTCAGTCGTAAGCAAGGCATAATAGTGTCTCAAATACGATCGTCACAATTTAACCAACCCGACCCTTAAAGAGGTAGTGCTGCCCAACTTGTACTGGCGCGGAGTCTGGTCCACTTCATTTCAGAGGGTGCTTGATTCCACGCAAGAAAGTTCGGTTAATACTTCAAGCAAACGATGTCCAGTGAGGATGGGCGACCTCATCTTCTTATAAATCATCTCGACGAGGCCAACGCACTGAGATTAAGGGTCTGTTTGTCTTTAACGGGGCTTCATGTACCTAGTCCTCAGAGATTGTTATTGCCACCCCAAGAGCTCGACTCGCTGTCATCTTCTGGGCCAACTGACAACTCGGAGTCCGTTGAGCGACCGAGATTGTTGCCGGGCATCTTGAAGGTCCTAAACAGGCATAACATGCCCCTACTGCTACCGGGAGAGAACTTTCGGGACTCCTGATCAGAGGTAGAGTCAGTGAAAGCAAAAAGCATTGGCACTCTAGCCCAGCGGGTAGAGCAATATTGCGGGTCAGAAACTATGATTTGATTGCCATCTCCGTTCCTTGGGTGAGCGCGTGTTTGTTCCGTTTTTCAGCCCCTGTAAGAGTCGGATGCATAGACCTTCTGAAACAAACGATAGCGTCAGGATATTGAACCTATATGCATAGTAGGGGCGTTTTCAAATCAAGCCCGTAACTACCTATCTGACGGTTCAACCAGGCCGTTCAACCAGCATGGCAGTTTTTAATGCTACAAGTCACGATTGACAGCTAGTTCTTCTAGTCTTGCCCAGTTGCGGTCAGGGTAGAACGTTTACCGAGCGGCGTGGCTGGCGCCAAGTATGTTGCTAGCACCGGAATCGCGCGTGTGTTCTAGCTGCGGCGGGAATTTACCCAGGGTCCCCACCTTGATGCCTCCTGCTTTATCTGATGGGGGAAAGAACCAATCATTATTTCGATGTTAGCATTGACCACTACATTAACAGATGTATTCAACTGCTACCTCCCGTGATAGACCTTTACGGCTCGATAGAACTTCGTTTCCCGTTGGTATGATGCACACGGGCGGGTGTTCATATTCTAACACCGGTCGACTGGTCGCACTAAAACCTATAACGTTACT,1838,49.51,Saccharomyces cerevisiae
SEQ_561430,GAGTGGTCCCCGGTTGTGCGAAACTTGCTGACAGTATGCAGACCATAATTTCGCCTCCGGCTAACAAACATGAGTAAGTTGCTAGCCGGGTACGGGGTTGTTACTGTGCTCGCCCCGAATCTAGTAGGTGTAGATGCGTGCGGGCGTGTCCGGCCTACCCTTCTTCTCCCCTATAGTTTTGGGTTTGTAAATCCGGAAGATGTCTCTTAGTGGAGTGCGGAGTAACGCGATAGCGTGCTAAGAAGCCCTTGCGCGACGACGAGATCGTGGTTGCTCGGTAAAACGTCTGAGATGTACTAAATAGTACACGCAATCGATGTAGTGAGCGAACCCGCGCACAGCCCTGTTAAGTGTTTTAGACTGCTACGTATATTTCTACCCAGTTTGGAATGATGTAAACGACTATGTCCGCACGAGCCGCTAGTACGTGAATATGCCGATACCGACTTTTATGGCCATCGTAATAGACCGGTTTAAACCGTGACACACCAACGTCCTGGGTCAGACGGACATTTGGAATTTTGCGAATGACTTCACTTCTCATAGTGACCCGGGTCGGACAGGCCATCAACCACAGCCCTCCAGCGATTTGGATTAACGCTACCGTGGGGGCCAATGCCTAGCAATGGTCTAGGCGCGAGGCGTTGGTAAGGAGACAACGGCGTTTTCGACGGCTCCCACGCTGAGACTGAAGACTGACCATGGATGAGATGAC,715,51.89,Homo sapiens
SEQ_437889,GGTCTAAACTTATACCACTCCGAACATCCGAATTGCCAAGTCTCGGAACGGCCGTATCTCAACATAGAGACTTGGATTAGGGGGGTATGAAAAAACGATAACGGTCGCATGGCAACTAACCCCCCCGTATCTCGTTGTCATGCTCAAAGCGACTACCTTGGTCCCGTCGTCATAGATTGCCGGGCCACCCGTAACAGGGCATCCAGGTGTAGCGGCGCTATCAGTATGAGATGATCTCCACATTGGTAGATCCCAGTTGGTCGTCACTGAGTACATTAAGTGGTCTTAATGATTT,295,49.49,Saccharomyces cerevisiae
SEQ_694965,CGAAAGGGGCTAAAAATAGCGGAGAGCGTGTTATTCCCGGAAACCAAACAGAAGGTGTGAAATACCTGAGTGTCTGCTCCTGTTGGGTTGAGAATGAAAGAGGGTCCTCTCTGGGGCGAGAGTTTGAATAAGCCTAACAAGCGAGAGAAAGAGAAGTTCATGTTTTCTCTTACGACTCCTCATACGGCAGTC,192,47.4,Mus musculus
SEQ_566084,TCCTCCGGAGTGGCGCGAAAGGCTCCATCTGGAGCTCTAGCCTATAAGTCCTTGTAAATTGATAGGTGAGACATTTTATGCGCGTGACCAGTCCATAATCCGAATTTGCGGATTGTCAAAGCTCACCATTAAGTAGCAGGGATAAGTTGGCTAATCCTGCTACGTCGGTCCGTGGCGGGTTGAAGTGGCGCACCCGTAACCTGGGGGTTTGTGAGCTACCCTAATCACCTTCGACAGGTCTTGGAGCGAGGCTACTTTCGTGCCGCACGCCAAGCCCGTAGTCGTCGATACTTCTCAGAGTAGATACACTCCTGTTTGACACAGGAGCTCAGATTAATCCATTTTGTGCATGAAGGTGTAGCCGTTACCTTCAAGCGCCCGTGATTTAGTGTTCAGTGCCAAGGAGCAAGGGTTCAACTCCTGGCTGTAGCTGAGATCAGTATCCGCCACTTGTTATGTCGCCTCGACGGCTTTGGCTCAACACCTGAGGCCCCATTCAGACTAGTGCATTTGGCAAGAGTCAGCAGCGGAGTGAGTGGACTTTAACGCCGGAACTGCCCTAGGAGGTGATCACCTTCAACCGTTCGTGGCAATTGTCTGGGAACCGATCTATTCTGGGGTGATAACGGGAACAGCATATCCATGGTGTAAAGCCGGATAGAGCCGTTTGGTGCCTGGACAGGAGCACTTAGCCAGGGAGTACCTGCGGGGGGTGTCTTTCGGGATTAAGGGGACTTTCATACCGCCTATGAAATGGTTTATAGTCCTGTGCTGAAATTGTCTCTAGGATATAGACTGGGATAACACGCGCCGTCTATTACTTAACGCTATGAGTTGCAGCGTGACGTGCAACAGCGCATGTGGCTTAATTCGGCCCCACGAACACCGCAGGACTGTTGACACCTATTTCCCGGCCCCCCTCAGGATGCTTTGACGCGCCCCTTATACAAGAACGGACATACGAGAAGAAAGTGGGGTGAGTTGTTTTGGACTGTCAGACGCGTACTAATATGGGGTAATCAACAAATTTCCGAGGTTGCACCGCGTTCGATAAAATTACGATTCGCGTGGTTGCCTTCCACCTTAGTTGAGGCAGGATGATGAGCATGCTTGCCGTTTGTGTGAATCAGTCGAGCAGTAACTAGCCGAAACACGAACGGACGAAGTTCACTTGCATGATAAGCATAGCACCTCGCTAAGTGAATCGGGAGCCTGCTGGGCCGGCCTGTTTGACGCTCACATCATTAGCAGCCCAATAGCTCACTAAAGTGACACCGTGCTATTAGTTCGTGCGTTACCTCCTGCACGGGGATCGGGATGCTTAGCACTCTGGGCTTCGGCCACAGAAACCAAACATCCGCCGATTGGAGTAGCTGTCTATTGTAGCCCAATTGCGATCGTAAGCTAGCAGCGGCGACCATACACTCATACTAAAGTAATATAGGTCAAGTCCTGCGCTTCGGGGGCTAAGCGCGACTCCACACTACAATGTCTTCACGGCTGCAGCTGGGTTTCTCCCGGGGCGGGATGCTAGGACAAGCTCAGAAGTGGTTGCGGTCCTATTCTAGCGCTGAATTGAACCAGGCCAAGACAGGAGTCCTTTCAGTAGCTGTTTTAAGTTATTGCGCAAGTATCGGCATCGTAGCCGGAGCCGCGGAGGCAGGTGGTCACCTGCAGTTCCTTTCGGTTATGCATATCTTACTTGACTGCGATCGCAGGTTATGGGACCTCCAACTAGATATCGTCAACAGACGCTATGTTGCGTGAGTGCATGGCCATGAGGAAAACGCATCACCCGACTGCAGGAAAGTACGACCCGTCCGACCGTCGATCAATGACGTTAAGTGATCCGTTTTTCCCCGTAAGTCAGCGTTAATA,1878,51.81,Arabidopsis thaliana
SEQ_484245,GCACACCAATTTTACCACCATGGTAGAACAAGGACCTTGTAGGCAAGTTGCTGGTAGTGATTGGTGGTGGATCGGACGGGCCGTTCCTTTTCACTGGCCACAGCCCAGGAGGCTAGCTTAATCACGAGAAGGTCTTAGGCGGTAGGTAAGTAGCATAAAAGGTCGTTAATAGACGATAATTTGCTGCCGCTACACGGATAAGATCAGATTCTGACGTGAGCACGCGTCGTAGTGACACGATGTTAGTTTTTGTCTGCGTACGCCTACTGCCCCCGCGAGCGTCGTCATTAGCGCAATGAAAAAATCCGGGCCCCCTCAAGACAGAGCGATTCGCCAGTCTTGCAAACTCCCAGGCGGAAGTGATCGTCGTCCTCTCGAGCCGATGAAAGTACAGGGAGGAAAACTGCCGGGTCGTCGGAGATACGCCACCCCCTAGCGTC,440,53.41,Saccharomyces cerevisiae
SEQ_857005,CTCTTACCAGCATAACCCAAATTAACTCGGCTTTCAGCTTTCTAGATCAGATGCGGGAGCCCTGCGCATACAAAGTCCCGGGAGTCTCGTGACCTACAGTCGACCTGTTCATGTGCGTAGAAGCTGTTCTAATTAATTTGGCAATAGCCCCTGACATCAGAGAACAGGACAGCACGCAGACGGCAACCGCTGCCGTCATATTCATAGTGTGATAAAATTAAGGGAGGCCGGTAAGCTGGCCTAGTCCGAAATCGTCCGTAGTGTACGTGACCTCATTACGCCCGCCCCTCTTCGTTCACTGTATTTATGACGGCCTCACTCCGCTTGTTTCTACTCATTCGGTCAGGTTACCGGTCTTAACTCGGTGTCAAAAAATTTTGCACGCCAACTTGCTCGTAGCCCAGCGGAGATTAGCCGTCTGAACTTAGAACAGGAGGATCTGACACGTGACGGCTAGCCGGTCTACCAGGTACAGCGTCGAACATTTCTCAAGATATAGAAAGTCGAGTACTTACGACTGGTAGTACCGGGAATTGCGCTCCGCATCGATGGGATACCTCAGCCTTATATGTTCCCCACGGTGCTTTTCTTGGCGGTACAAGAACGTTATGCACTGAAATTACGGCATAAGTAGTGGCCTGTACATAATTGAGGTAGAAGGTGGATTCTGGTAAACTGCATATTCTCCGACAGAATGATGATTCTGACTTGAACGCCGATCTCAGTTGTTATAACCTTGACACGGTGCATTACCCATACATATTGCAAAAATTCACGGTTGTTGTAGAGGTGCTAGTTCCCTACCCAATCTTCATACTAGAGTGTGTATTTCGTCTGTAACACTCTATCCCTATCATTGGTGGCTAATACGAATGGGATGTTGCCATCAGTAGCGAGTTATCTGCCCGCAAGTTTTCGGCACGAGCAACTGTATGGCCTAGTATCCTAGCCGAGACGGTCGCCCTACCCACCCCTTACGAGGCATAAATGGAAGAAAGATACAACCTGTAACTTGTTGAACTTATGAGTTTCGTAAGGAAGTATTAAGTAATGTATGCTCGGAAACGCCTAACTGAGACGGTCCAATTTGATGCGACATAATGAATAATTTTTTTTTGGCCCTCTCCCTAATCGAATATGGTTCATATCCTCACACCACTGGGCTCGAAGCCGTAGCATTAATGTCAAAACAAGAATTAGACCCGCCGCCTGGCTCGACCGTCTCCCAAGCTAATGATGATATGGGGAACAACGTGTTGTCGGGAAGATGCCTGTTCCCACTATTCGCGACAATAACAGCTGCTACCTAGACACGCTCACTACTAGTAACATAGCATTCAAACATAGCTAATTAGGGATGGCCGCTGAAATTGCACCCAAGATCTACGCTGGCATCAGCAGTATTTTGTGTTACACCTTCTT,1422,46.98,Homo sapiens
SEQ_852970,TACGGAACACCCGCCTCCTTCCGCAACACTTGCCAATTGGATGGTGGCTCATTCTCAACTAGCCGGAAAAAAGTATCGCGCGTGGCTCACTGGTGCTTAGAATAAGTTTGACTTGCGCGGAATGAGTAAATCCATAAAGTCTGGTTTTACCGAGCCGGTCAACAGGACAGTAGCCTAGAACAAAAAGGAGAGGCGGAGACCGACGTTGGGTACCATTGGGCACAGATGTAACCCTTAAGCGGTCCTATTCCTCGCCGCAGAATGCTAGTCCACAGAGACGTTTTCACCGCGGGATCGCACCTGTCCGACTCCACAGTATCGCTAGGACGTCTGGGGAAGACAGTCCCGAGCGGACTCGGTTCAGAGACTACCAGTGTCCTAAAAGAGAACTAGGCTGCGACAGTCATTCAAATCAGCAACGTGAGGAGAAGAGGCGATACCGTC,444,52.7,Escherichia coli
SEQ_481701,CGCGCTTCCTCACTGCATTGTTCCTACCCCGAGGGGCCGGTTTAATTAGGGCAGAGCGCTTGGGAAAAGCTCGATGGGCGACTAACTCATAAAACGTAGCTAACACTACTGATAATATCTACAAAGAATCCCACGCGTCCCTATTGTCGACAGTGAAGGCTTCTCGATGTGAAGTCCGGGTATTCGCGAGCGTAAATCACAGCTCTAGCTAATAGAGTTTGCCTCCTCGATTGGATGTATTCCTGTGCTCGGGGAATTTCATTATTTGACTTTGGACTCTAGTGTCTGTACAGATGATATTAGAAGTGCTTTTCTGCTCCTCTAATAATGGCCTCACTCGGAAATAGCATCGAATGTGCTCGAGTACTTCGATGTTTTTAACGTCACTCCGGCTACTGGATCGCACACCCGCCTACTGCTGAGAAGGTACACTTGCGCCCCGAACTTACCTGACTTGCGTCACTATGACCGGTGATCAAGTATTTACGGAATAGCTTCATCCGAGCAGATCACCACTCGGAGCTCGTTACCGCAGTTGACAGTGCTGAGCCAATAATTAACATTTGCCATGACTCGGCAGCCTCTACCTTATGTAACGATTACGCTTGTCAGCTGTACGCCCCCCGGGTAGATCCACCACCATCCGGGGGCGCCCTGGGAGACCTTTCCTCTAGCTGGTTCGCTTCAAAGGAGTGCGAGAGCGTCGTTAACGTTAGCCAGGAAGGTGCGGGTGTCGGTGTTCATTTGCGTGACTGATAACGATTGGCCTACAGTAGGGGTAGTACGGAGCACTAGGGCGAATCGCGTCCAAACGGGGTAGCCCCTTGTATCGGTTTGGCTAGATGGGCGCCGGGTATTCAAACCAACCGCTTTGCCCCTAGTGGCTTGGCTTTCCGTCCGCTCTTCACACGGCCTGAGACGAGCATGTAAGGGCTGCGGTAAACTCTGGTTACGCCAATAGTGAGAGAACCCTCGACAGGGTCGGCTTTTACTACAAGGCATGATTTCGGGCCGAAAAACCATTAAGCGGCGCGCTACGGCGTTATAATTTGCTCGCGCATTCGGCTCAGATACCGCGCATAGGAGTTTGGGCCGGACACTCAGGTGCATTCTGATG,1117,52.01,Escherichia coli
SEQ_113845,CATAATGTTCGACGGCCGAATTCCCGTTTCGTACCGGATACAACTTTACCCCGAGCTCCTCTACAGTCAGTTCAGGTGTGCACTTATTTGTCTGATTCGGCATTCAAGGAAGATAGCTTCCTAGGTAACCTTGCCTTGCGGGTTGTGCCAGTCCCTTAAAGATATCCAGCTACGCTCCGCAGCTAGGGAAGTTCCTGGACGCCGCCGCCCGCGAGTTCGATAACACAACACCGGATTCGCTTAGAGAGTACGGCATGGTGGACCCCCTCATTCGGACGATTTGTTTTACTCGTGTATCTGGTCCAGACACACAGAACGGCCGGATTACTCGTTAGCGGGCGCGCGACAGATTAACTTTCTGGCGGTAACCAACCACTTACCGAGCGCATGTTCGTAACTCGCGAAGCGTCCGATGGGATACTTGGGTGACAACCTAGATCGTATGGTCAAATAGTCGGGTTCGCGTCGTTAGTGGTGGATGCGGACTAAAGGGTAAAAAGGGGTATGCATGGGCACAGATGACATAGGCGGTCTTGTACGTCACTCGTAAAACCTGTACCGAACGCCTGTGGAACTTGCTATGATAGCTTGAGTGAGATGTCTTCCGAGTACCCCCAAATTACCGCCCCAGGACAATCACCAGGGGCGCGTCTCAGGTGCCCAGTGAGAGTTCCACAATCCAAGGCAGGTCTGATCGTTGATGGCGAGCGACCTTGCCATGAGTCTTATGGAGTTGCATTTTATCATTTCTGGTCACCTCTGTAAAAGCATTGCCCTGCCTTTCTAGATCTAGCTCCGGGAAAAGTCGCGTACGCAAATCTGGCATGGTCAGCTGGTAAAAGCTTCCTACTCGGGGTAATGTACATTGCGTATCCTTTGGATAGGATGCGAGTTTAATCGCGACTTGGCACAACCACGAGTCTTTGAAGATGTCCGATTAACGTTAGCGGGCAAATATGCGATTCAAGGCGGCGTTGTGGCTCATCGACTACGAAGCCTCTATTCGTACGTCAACAACACTACGACCCCCTGTGAGTGGAAGCCACTTGTGGTAGAAGTATGTCACAGCCAATTCT,1076,51.3,Arabidopsis thaliana
SEQ_817984,ATGGGCTGGGAGTAGAGGATACCTCACGACGGATACCGCCGGCGTGGACCTGCTACTTCACATTTCCATACGTTGTCGGTACACTTGCAAAGTTCGGAAGCGAGTGGGGATGGCAAACATCCAAGGTGGCGCTCTAGGGACACACTAGCTCTGTTTAACTCTGTGTTGACTCGCTAAGTGTCCATCCCGTTGATTAGTGGCCCGTCACCACATTTCTTAAGGTTGCTTCGACTACTGGACGGGATACCATGTGAGAAAAGATATAAGGGAAGTATGCCCCGACTACCATCACACAATTGCCTATACACCGAGCTCGTGACTCGTAGGTCAGCGCCAAAGACTCAGGATTTCAATCTTCCTCGGGAGGTTCCCGAGGAATCGGGAGTATCATCCGCGTCGGCCCGCGAGACCTGATGATCCGGATAATCCCCTCTGGGTCCCTTAATTCAGAAGAAGGTTCGCATGGATTTTTTCGTGCGGCCTCTGATGCGCGGACAACATAAGGGCGCGGGCCAGTCACCAGATCTGGAACACTACCCATTATTTTATCCGCAGATCCCCCAATGCTCCTTTGAAGAGGCCCGTGCCCAACCATCACAGCGAAACATGGTTATGGTGCTCGTTCGGAGCCTTGTCTGCCTTAACTTCTCGCATACAGC,659,52.81,Homo sapiens
SEQ_631792,CCTATGTTGAGAAACTTGAACAATCATCTTTCGAGTGGGTAGGACTAGGGTAGGCATACCTTTCTGGAAATACCCTGAGTACGATAGGGCTCGGCGTTAGTATCATTCGCAGTTGTGCATCGAACGAGACTTCAAGAACCCAGCTCAAACCTCCCGCTGCCGTGCCTCTATGAAAGTGGGGATCTAGTGCCCAGAAATTGTCCAGCCGTTGCCACTGAAAATGAACATTCTACCAAGCCAGCATTCGGATCGGACCCTCTTAACCGCCTTGAATCTAAATTCGCGGAGATAACCTCCTGCTGCTTGACCCGTTGCTCCTGTGCGGCAATCGGTTGGTCATCGTTCATCTGTCTTCTAGTTTCTCCGTCATTCACAATATGAACGCCACTAACCCGTTTGCTTCCCCGGGGACAACCAGGGAGGAATAATAGCTTTGGGCTGGTTATGCAGCTGTTCGGAAGCATTGTTCGCTAATTGTGCTTCAGGGGAGCGTCATTGCTATTTGCGAGCGCGGCAATGTCAGCGGCAACTCAACATCAAATATAGTATGAAGTGATACCGAGATATTAGACCCACAGCAGTAAGTACAGACGGCCGGACGTGCACGTTCTTCTAAGACCTGGGATCGAAGTTTGGAGTCCTTCGCTCCGGCGCTATGTGTTCCTGGTCGGAGTCCGCCAAGGTACGGGAGCGTGGGTGGGTACGAGGTTTCGTCAGCGTAGGCGACCATAACAGAACTGTGAGGCGGGCTAGTGCGGTTGGGTCGTTACTTTCCGGAGCCAGTCAAACGCCGCTAGACACTACCGTAGTGCGTGGTGTAAATCCGTAGACAGTTCAAGAGTAGCCACTGCAGCCCACCCAGGGGTGGCAACGAGCACGGTCGTATACAGACGCAGAATGGGAGTTCCCTCACGTCGTCGCGCACCCCGTTCCATCCTCCCTGCATTTTGGGGCGGAGATTCCGGTTGGTCTTGCTGCATATTTCGTTATATACGCGAGCCTACATATAAAACTTTGCCATTGGGAGTAGTATGCGGAACCGAAAACTAAAACGCTGGATTCTGGGCGATCCTCCGACGTACAACCATTAAGGACACGAATTAGCGCCAGCCTTGTTTCCGGGGATAGTTACTTAATACAGGTACGATTACATAGCACAGGTTAGTGTTCATGCCCGTTAAGAAGGGTTACGCTGCGCCCATGACGACAAGAACCACATAGGCCGACGGTGCAGGTGTTGTAAAACGCATGGACATGGAATAAGGTCGTCCACGAAGGTACCGGCCTCTATACGGTACCCTAAAAGTGATCTCAGTGCGGCACGACGGTTTTGGGTATCGCCTGGGTAAGTTGAATTGAACACCTGGCCTTCCAATGTCACGGAGACTTCAACGGGTCTGAGGCTTCATCATGAGCGATAACATCACTCATTGTCTAGCCGCGGACGTACTTCATGCCTTGTCTCAGAGGACATAGTC,1478,51.69,Mus musculus
SEQ_650376,CCGTCGATCTTCCGTTCACTTAGCGTAGAACAGTTATTGGCTTACGCTCTGTCATGGGTAAGGTGGACTATCAAGGCTTCTCTTGTTCGGGGCTAAGGCTTTGAACGCCGGTACCACGCGAGGTTCGAATTCACGTGCTAACT,143,51.05,Caenorhabditis elegans
SEQ_482642,TCTGTCGGAGGGCTCGTCTAACGACCCTAGGAGTGGTAAAATAGCAACGAATCCTAGAACTGTCAAGCCTCTGCAGCTGCGAAGCTTAGTTATGCTATTGAGCCGTGGTTTAATAAATGGGAGCGGAAGTGGAGACTCCCCGGTTCCTTGCCACTCTTTGATCGCCCATTTCGTCCTATGCCAAGTACGACACGCCTGGTTCTAACCCCAAGTACAGACTTGCGCATCCGTCGTGAGGGTCTACTCTTGTTCATCGACTGTTAAGGACTTGCCGACGTTAGGTTAACTTACGTCCGAATGGAACGGGGATTAATTCCTTACAAGGCACGAATCTGTCACGTTTGCCTGGGTACCATACTTTCCCCATTAGCATTTACAACACTACCATTCGATTTT,396,48.74,Drosophila melanogaster
SEQ_503518,TTCGCCAAGCTTATTAGAGATTGGTCAGGAGCAACTGACGTGTAGTGTTCGATCGCAGCTTCTGGTTCTTTCCCCCTTGGCGGTTCTCCGTAGGGGAACAGGGTATAGAGGGATGACGCGGGTACCTTACATGGTAAATGACAAGAGGGTTCAACGGAATTGCTCCGCGCATAAAGTCTTGCCGCGCTCAGGTGTGGACCTGTTTCCACTCGCCTCTAGTAAACCGGTTTCACCTAATCAGGTTGGAGCGTATCAACTACCGTCAAATAACGTCGTTGAGTCCCTGTGAGACTGTGATGGCTCTCGCGACGCGAGTACCGCTAAAATATAGGCTTCAGATCGGCTCGCAACACCTACTTGCCACCGTGTACTTATTCTTGGGACATCACTCGACACGGGACCTGGGGGCCTATATCGGTAGATAGCGGGGCCCTTATTTACAGCTACGCCGCAATTATGGCTGAATGAAGCCCTGGTCGTGTAAACCTAAGCGGGCCTCTCCTAGGACTTTTCTGACAAAGTGGGAACTGAGTCAACGGCCAGTAAGCTACAACTGATAAGAAAAAATTGTGTAAGGAGGTGCAGGGTACGCTCGTTGCAGAATCGTGCAGACCCGTACCGTTCAAGTTCAGAATCACATACTCTACTTAACTGGGCATCTGTGTGCGACTCTGGGCTAGAAGCGACGTTGGAGAGCTCACCATGGGAGACCCTCCTCCTCACTGCTAGGGGGGGGTACCGTAGCACTCTTGCCAAGCCTAATACATAAGTGAGTTAGGGTAAGGGTCGCAAGACTCTACACTGTATCCACGTACCCCCGTCACTATCCGAGGGCGAGGTACGATTGCGAATTGCAATAGGCTGCTAACCTAAAGGGGTAACTCATTTCCGAAAGGGGTTTCTTTTGGCCGCTTGAGCGCTTCGCGAAGACGAGCGGCGATGGGTCAATCATGATCCTGACGGGACGTACAATCAACCTTCACTGCGATGTAAAGTGCCCTTTAGGTCCTCCCGCCTAACCCGGTATAGGGCGACCTGAGCCAAATGCTGTATAAAGCCCTTATGAAATACTGTGGTGCGATCTCCCCATAGAACAGACTGGCACCGCTAGTTTATTCGAAGTCAACCAATAAATGCGGATCTTGAGCTATATTCCGC,1158,51.47,Saccharomyces cerevisiae
SEQ_214256,GGGAAGTCGGGCTCAATTCCTTTCTCACCGGTATACTGTATCAGCAGCGCCTGGGCGGAATATATAGGGCACGTTCGCCAAGCGCCCGGCTGGTCTACGGTTGGGGGAGCGGACTGTACATGGCTACTACGCTATGGGGAACTCGTTCGCCCTAAGGGCCTCATTCCCCCCTTCGAACTGTAGTAGCATGCTGTATGCGCGACCGAAGAGGTCGGCTTACTGGATGAAGGGCAGTCACCATGCGTCCCGACATAGCCAAGAAGTTACACGCATTCTGCAGGGTATCGTGCCAGCCCGCGCCAAACGGACACGCCCGTTTCGATACTTTGCTGTCCGCGGAACCTAAATAACGTCCAATTCTGTTGCTGGCTTCAGGCTCTGTTACAAGTTACTTGACCTCCGTTCTCATCGGCTTCCGCTTTTACCTGCCAACTACAGTCTCCCTCCGTGATTGGCCATGGATCCGCATTACGACTATATACCGGGAGGACGAATACCTTTCGTGATGACTAATGGCACATGTCGTGACTACTAAGTTTCAATCACGATGCACCTCTGAACACAGAAGACGATTATGGGTAGTCGAGGGATCTTGCGTAAGGTGGTGGTATGATTGAGAACTTCCGTCACTAGGGTGCCTAGTTGTATAATTTGAGTAACACCCGCAACGAGCTGATGTGGACGCTGTTATCGGCTTCTTGGAGCCGAAGAACTCTGCTAGATCTGGGGTTACCGGCGAGCGCACTTAGTCGTGTCCTATTATCCAGCATTTTTTCGGTCGACATCAGTTATGGAGTAGTTATGTTATAAGATCGAGTCAGTTAGGATCAAGTGCTTCAAAGAGACGTTATATGACATGGCCGGGCGGTTATAAACTATGTCTCCTCCTCACTAGAGCTTCTGACCATGTTAGCTCGGTCATGAGTCTTTAAAAGCCTCATGTTGGTAGACCGTGAAGACTTTCGTTACCCTAAGGTCCGACGATTCTAGCTAGAAAGCAGCGACAGGTTGGGAACCATCAGTGGGCTAGAGAAATGTTGCCGGCGGCTCGTCCCATGAGGCAGATCCGTCAACTGAATTATCTGTGTTTTTGTTATAATCGGATACCCGACTAATTGGTACAGCATCTGCGGTCGCGTCCTCCCGCAGAGTCCTCACTTCCTAAGGGTGTGGACGTTTCATCTAACTCACAACTGTGCGGGTCTGGATCTTAGGAGGGCCGAGTCTGCTCCCCGGTGATGATGCTAAATTGCCAGCCCGACGGGCGTCTGCTCGACGATTAAACCTCAGGTTACCTTAGTCCACTTTGGTCATGACAGACGCCGTAAGCCGTCAACCATGCCCGGACCGGGCGCGCCGGCTAAGCCCGGGAACAAATAATTGTTTTACCAATTTATACAGCAGACCTGACAGGGTTTTCCGATAGACAGCGCCGCACCAGATCTACTCGAAGAAGATCTGGTTGAACCCTGGCCTGACCGAGCGTTCACGATTGGGATGCGGTTTCTCGCCTAGGCAGGGCTGTGCAATACGCCTTGCCCCGGTACGGGTGTTCACTAAGCATGACGAGTAACGATTTACGTGGTATGGAGGCGATCTCCTTTTCGCCGCCGCTTATAGACACCTAGATCTCACATTCAGGGGCTCTCATGCGATCTCAATTCTGGAGCGAACGGATGATCACCAGCACGAACAGACTGATTTACACCCGCGTGCCAAACGGAGTAAGAAGGGTGGCGATGTAAGGGGGGGGCTCTTCCTAGGCCTTTCGGACTAACAATACTGGAATGCCTTGAGAAGAAACGCGCAATGAATAATAGGGTGTCTTAGTGTAAAGATTCACTACAGTACGCGGTCCCAACAGGACGGTGCGATGCCGAAGGTACACTGCAGGGCCGGTAGCACTCCGGGACGTATGGGTAAGGTGAAA,1930,52.12,Escherichia coli
SEQ_104004,GAAACGTGTACCATCCTCCAGAGTCCGGTGGGCCCATGGGTACATTGTGCAGCCCAATTCGGTGGATTCAGACTAGTACTCGAGTTGCTTCTCATTCGTATACTGACTACCACAGATTACACCGAGGTAACAAGGCAATCAGTATGCGAGTCCGCGACTAGCAGATTAACCCCAAGTGTGCCTGGTCCAAATTCCTTGCCCCAGCACTGGCTTGACGCTATGGTGTTAGCACATTTGCTGTATTACTCGACGAACCGCGTGAATTTCTGTCCGCAACCCAAAAAGGTCATCAGAGGTACCAGTGTAAATCCTGATGCGGGCACGGCCGTACAGCTGGCGTCAAAAGCTCAACCCCAGGCGTAGTCGCTAATATCGTATCCTACCGTCGTCCATACCAGGGAAGTCATCTTTATCCCTGAGCCGCGGTATATTTAGTCTAGAGCGAATGCTAACCAGTCCGTGCGTGTCTATGGTTCACACCGACAAGGCTGTACCAAGTCAGAGACGCGGGACTAATCTTACGGTACTGGTTCAAGAATTAGGTCTGGGCGGCCGCGAGTAAGTTTTGGACGCTGCCGCTCCGATAAAGACATGTTGGGAAGGCCTCGAAGTTCTCAATGCCGTGATGTGTCTCTTCAAAGCTAGAATCAGTTACCTGTCAACGGTCGAGTTATGTCTGTGCTCTAGGATAGAGACCCCACTGAAAGTTATTATTGTCTGCGACACCTTTGCCAACGGTCTCTTTGTGGTTTGGAATCTAATGTTCCAAGTCTTGCCTCGAGGGGGGCGGTCACCAAGACCGTTGCCCTTTATATCCTACGCGTTAATCTATTGAGCATGACCTGGATCATCATCCGCTGTACTTAATGTGGCATGAAGCTCCATCCCTAGTCATGTCTTTCGCAAGAGATCATGGCATCTTCGACCACTGTTACGTGCGTAATGGGTGGATCTGGTCCGTGATCCCGTTACATCAGAACTGTTGTAGCTACCACCGTGCCGACGGATGATGAATCCGCTGGGGCGATCGGTGGATGTTAAGGGACTTTAGATTCGCCCTTCATGCCTCGTGTAGCTAGCTGTGAGCTGATTGAGTGTCCGCAGTTTATTGTACTGAGACATAATCGCTGGCTATGAACGAAGTGATTTTATTTGCCATCACCAGTACGACACTTCGCAGGCTTTGGTCGAATACTGCTCCCCAAGTCGGAGCAAGCAGACGTGTTGGCATGGAAAATGGACCTCAC,1247,50.36,Arabidopsis thaliana
SEQ_427491,ACTTCCGAAAGATAGTTTAGAATGTGCCACAATAAAACTCACAGAGCATAAGTGCTTTATGTGGATATGTTCCTTAAGTGATTCCCTTTCAATTATGTCAATGCCATCTGACAAAGCTCCCGAGAGCACGCACATGGTTCCGACGCCTTCCTAGAATGGCGCTCTGACGCACGGCTACTGAAAGTGAGTTAAGGGCGGTACTGATTCTCTACTTATTGTGTATCCAGTCTCAGTGACACTTATAGCCCTGAAACCATGATTCCATCTCCGCTCCGCGGTTAGCGAGAATGGTCTCTAGTGACCGGGACCCCTGTTCGGACTTACATCGGCTGGAGGCATTTCGGAAAGTTGTTATCCTGTCATTGGAACCCCCTCGGTAAGGAGTAAGCGACAAAATCTTGAAGGCAGTACTACAGGAAGACGAGGTCGGGAGGTCAGGCGGGGGCGCGAAAGGCTGTCCCGAGACCGACATCCTGAGTGAGCACTATACTCAGGG,496,50.0,Caenorhabditis elegans
SEQ_423918,CGTGGCCCGTAGACGGTCCCTCCCGAACAACATAGCATGGCATTCGTGCCCAGGGAGAAAATATCTGTCTAGAAAGGGTTATGGCGAATTATGGGCGTGGAACCAAAGGTTCCCATTTTAATATAGTAAGTCAGCACGCCTTCGCTTCACCCAAGCAGCGCATATATACCCTAGAGAGATCTGATCGTCCAGAATAGCCTAGGACACACTGACTAGCCTTCGTTCCACTTACCGTAGAGGTCATCGGCGCGTGAATAATGTGAACCTTCCACAGGCATCCGGTGGTATTTCAGGGGACGGCAAGTGCTCGTACATATAGTTAGACGCCTGTCATATTACATTGAAACACGCCACGCTCGGACATCTTGGCAGAGTGGGTGTAAGAAACATTTCATGTTCCATCCAATCCAACCATGTACAATCACTTACCAGCATTCCCGAGGTTGGAATTGAGGCTGGCCTATTTTGGCTGACGGCAAGTAACGGGGCCGGAAAATAATAACCAATGTCAACGAACATCCAGACTTCAACGATAACCAACCTCTATTGGATCAAGAAAATCCGTTAGTGTTACTGGGGACTTTCACACTGACCTGATTGGTCTAGCATTGCGTCATCTGCGCCGAAGTGATGGACTGTCGTGCCACGTTCTATTCTGTGCCGGTTGACATCTCGAATGGCCGGTTCGTATCGCCAGGCCGTGGCATATGTCGGGCTTGGTACTAGCAATGTGGCCAAGTTGTACCGGAATTCTATATCTTGCGAGGCACGCGCGAGCTGAGAAACGTGACTAGTCCCGCTTTCCCCTTTAGATCTCTAAACGGTATTCTGCCCACTTCAACATCTCCGCCCCTATAATGTATACCCCTACTTACCAGATCGGGCCCATGTGCACAAGGGCAGTTTCATGTATCGGCCACACCTCACATAGGCGATTCGTGTCGAATGTGTATGGCAGGTTTTGGACTCGTCACTCCGAAATAATCAGGAGGGATCAAGATTAACTAGCTACGGACTTATGGTACAAAATACCGTCTTCCTTCTGAGAGTGACTGGAAATTCATATTTCCGTTTGGCTCTCCGACCATTACCTCCCCCGGTAGCTCCGGTGCGGCTGGCCACATCATGGACGTATCGGCCGACACCTCCGCGCACGGAGGTTTCATTCACACTACCGAGCACCGTTGAAGCATGTGCAGGTTTAACTCTGCGAGGGGTAGGTATAAGCTTCCGCATCATGCTGCGTAGGCAGGGTGTCTACGAGGGGCAAGGGTGTACAGTCAAATACGAAACGTCTAATATCTTTCCCCCCTCGACGGGGGACTGGCCAATTGTTTTCATCACCCTGGTTTTCACCCTGGGTCAGAACTTA,1372,50.36,Mus musculus
SEQ_211324,GGTGCTCTATAAGTAGGTCGACGTCATCAATACCGCTGTCAACTATGGCCGTGAAATCCCAGTGCGGATCTTTGCAGTATGCCACAAGACCTGACTAAAGCCGGCGGTTATATTAGATGCACTACGCGAACTTGCATACTAGGCTTGGGCGCTAGATATTCCGTTGGTGGCTCACTCAAGCCATAAATAACAATCGTGGCCTCATACATATCTCCGATACCCCTGGACGGTGAAACTGCACATCGTAGACGTAGGTGACTGTTTTAGGTCGAGATGACCCGCTTCTACTGACCACTATCCGAGTAATCCGGTGTTTTGCCACGCTCTCGCAGGTAATCCGGGATACAAAAGGACTGTGCTGCCGAGCGGTAACTTGGTCCTGCAGCAGTATTGTGCCCATGTGCCTAGGGGTCAACAGCTGAGGGGGTCATTGCTCCTCGACATACAGCAGGATGCATTACGTACTTGATAGAGGAGTAGGATTTATATGTAATGATCCTTGCGCAACCGGTGAGGCGGTGATAGTGCACCCAGGTAGGAAGCAGGGTAAGGGGAGGGTAACAAATTCGCTTAACTTGTACGTAGTGTTATTCGGAGTGGCGACCTTTTTCTACATTGGCGTCATTAGCGGCTGCGCGGATTTCGCGCACCGTTTCTCTCATTTCCTGATGTATCATATCCCAACTCTCGCATTCTTTAGGTCAACCTGGTAAGCGCGGACTCGATCTTATAAACGGCGCAAGAAGAGAGCGCTAAAGTCAAAGGACCAGGAAACGAAAAAAAGCTTGTCGTATCTGGTTGAACGCGGATGCTCGAGATGGGGATCACGTTGGTAAGATTCACGAGTCCTATTTACATGGCATGCACATCAGATCGAGCGGGTCGCCCAGTTCCCCAGATGGGTGATTCATCCTCTTCTATTACCTCTGCCCACGGCGTCTATATGACTATGCGGCGATCGACTAGCGTGCAGTACATGACACTACAGTCGTGTCGATATACCGACTAGGCCAGGGTAGTTAAGACGCTAATGCTGTGATATTCCCGACCTGGCGAATTATGGTGCTGCAGGTTAGTGCTCAGCCGGGGGACGATGCTAAGCTGACTCCCCAGCGTCCAAAAAAGTGCAGAGCTAGGCCTTTGTGAGAGGATCACGAGGGCTGTTAGCTTGTGGTGAAGCACGAGTGATTGTAAGTGTCCAATAAACGTTTAGATTGCCCCAAGGGGGAACAATCGTAGTGGGGTTCAATTGGGTTGGTCTGGAATTCATACGATCTGCTCGTAATTCGTCACGTTATCGCAGGGGATCTTTGAATGGAGTCATTTAAATCCGCGTTGCGTCGACCAATCACATCTAGATCGACTTCATGTATAACATTTCCCCCCCGAGGTATGACCGCTGCGGTCTCCCACGTACGTGATTGCCCCTTGTAGCAGGCGAAACGCTAATTGCGAGCGTACAGGATCTTTCAACACGGTGTCCATACAAGCACTTGGGTTGTAATTCGTCAAACCCTAATCGACTAAAATGATAACAGTATAAGACCCCAGATTTAAGTCGATAGAGAAGTGCCCCTATCTAAGCAACCGGTCGATCAGGCTGATCCAATCCACTGGAACTATGCCAAGCATGTGTTCCGTGGCGAAAACCCCGCCCAGACGCCAAACACGAGGACTAGACCATGTGCTGAGTGAAGTACCACATGCTTATAACAGTCCGAATTGGCGCCGCAGTCCATAGCTCTCACTGTTCGTAGGCCTGTCCCATCATTTACCTTCAACAAAGGTTAAGTATGTATTGTCCATAAATCCAAGATATATCGCATCGGCTGGAGAGCTACTAATGGCAAAGGTTTCTATTCCCGTACATCACAATCAAGCGACACTAGCTTGAATGTCTATGTGTTCAATCGAGGGAGGGTGCGGCGGGCGGATTACTACACTGGATTTTAACTGGTTTAAGACGCCTCTGGGCTTGGTATTCAAATGCGGGGT,1995,49.47,Escherichia coli
SEQ_360272,GCACGTACCAGTATAAGAGCGTCGCCACAGTCAGCAACTGCGTCCCCGCTTGATAGGAATCCTATTGACACCGCCACCGGTATGCTGCATTAGATCGAGTCCTGCTTCATTTTTCGTGGAGTCAGCGGTGATAAGTTTCCTCCGCCGATCAACGGCAGTATCTTAGCGCCCATGTGGTCATGCAGTCACTGCCCTTAGCTACCAAATTTATCAATTTCGTCCTCACAGGACGTCAACATATCCCTGGTCGAAGTTGTATTCAGTGCCTTTATGGGCTGTCTGGTCTCAGGGGGGGTGACCGCAACAACCCGCGAGTCCACGTGATCGGAAATCATGCTAAATTAACCTCGCAGCGAGGGAAGGAGCAACGAAATTGGCAACCAGACATGTCAAGAGAGAATAGAAAGGGGAAGCTACTCACAGAAACTTCACCCTCTTTCCGCGAGTGTATTTGCTTAACAGTGAATGTGATCACGCTTTGATTGGGTTACAGAATCTTGTCTTCGGCGTGCCAGTAATCTCATGACGAGCGCTAATCTTGCTGCGTGATGTGAGTAATGCTCACGGCACTCCACACCTAACAGAGTAGAGAGGCGGCTGGTGCTGCTTGCACAGCCACTTCTTGAAAAGCGTGTGGGGCAGTGCCGGAACCGATGATACTCACGGCCCACCTCCACAGAGTGCTTTATTGCACGCTGGCGCCTAAAATCCGCAGTCTTGATAACCCCTACGCCATGATCGCGGCCACATACGCTGACTCAACTCGCTTTAGGCACTACGAGAGACGCCCAAAGAACCTCCTCAGCAATAAATTGTGCGCCGGTTGTTGACATTCCCAGGGTTATGATAGATACACCTAGAAGACTCGCCACCGAAGAAGGGTTGGACATCATTGCGAGATGTAACGCCCGGGTCAGGGAAGGGCGTAAAGTCAGCTAAGCAGGGGCGTGCCCTGGCCTGTATTACTAGTCGTGCGCATACATCGTTCGGCTGACTTGGGAACTACCGAGTCGGACCCTCGTTTACTCCTCGTCCAAAGTCCACTCTCTAAAACTACATTCTCGTAGGCGACTGCCTCCATTTGGACATTCATAACTAGCATACCAACTTTAGTCTGAATGTCACGCTAACACGGGCTATAAAATGGCGACATTGGGTACTGGGAAGAGGATTCCGAACGTTGCCATAACGCTGCCCCCCCACCTTATCAATCAAAAGACATCTCACCCCTTAGAGGGACTGAATAGCCCATGAGTGTCACATAGCTCGAGAGGAGTCCTCCCCGCGAAGTACTGTCACGGGAAAATAACAGTTTCTTACGTTAGCGCC,1329,51.39,Escherichia coli
SEQ_511259,AAATTTTCGACGGAAACAGAACTCGTCGATATCGCTTAGCCGCCCTTTGTCCCGTATGGTAGGAGCAGTTTGCGTATAAGGTGTAAACACGCTTAAGGACGCAAAGGCAGTTATGCGTGCAAGAACAAGACCAGTGAGGGGCCTTTAAATGGGGACTACTCAAGAGTTTTCTCATAGGGCCGTTCGCGACTCATTCTTACTGTTTCGTACCGAAACAGACCGTCTCGCGTAGAAAATCATCACCGGTTATTTTAGGATTGACGCCGTTACACAGCGAGGGTTCATGACACCTGCCATTGTTCTTATGAGCCGAAGGTCGTACCGGGCACTCAAATCCGTTCTAGGGACCTACTATCTCTCGTGCGATATTACTAGCACGGTACCCCACAGATAATACGAGCTAGTCCCCTGTTGTGAGGGGACTACCTCCCCGACTTCGATTCCGGTAAGGTGGACGAATTCGCTGGCAAGGTAGCCTAAGTGGCTCGGTTAGCTCAGTGGGCTGAGCCTTTAGAGTTCACTGAGGCAGGGTCACCACCGCGTGGAGAGTACTCCACAGTTGCCTCCAGTTCATCCAAGCTTTTTCCCAATGCACAGGTCTACCTTTTTGTTA,613,50.41,Mus musculus
SEQ_501052,CTCTTACAGCGGAAAGTAAGGATTGCTCCCTCTATGCGATATCTAGCTACTCGCGGCGTTTCCTAGTATAACTGGATCCTTAATGGATTGAGGCCATCGCTATGCCCAAAACCGCCAGTCGTCTAGTTGTTGTGATTCCCCGCGTCCAACGAACCCATCTATTCCATCCTTCGGACTTATTACTGACGGACAGCCATTATAATTTTTGTCGGCGTCTTGCCTACTCAGACTCTCCTTGGCATGGGCCTTCACGGCGGCATCACTTATGCATACAGATAAAGTCCGAATGTATCCTAAACGTCCAGTGAAATATATAACCGCTGTGGGGCCTGCAAGGGGCTGCACTAGGTTGGTGTCCGCAGGCGTGATAGCGTGATATTTATCACAAAACAATACGTTGCTAGTACCGAGATAAACAATCACACTTTGCAAACTAAGTCCGCCCGAACCTTGCCCGTTGGGAACTCAATTTATAAGCGCCTGCTTATTTCAGCTCTACCAAAGCCTTTACCGCGGTCGAGTCGTCGACCGCCATTACTTCCGGCACACTCCGCGTACCGTCCTGCAGGCGGAGTACTCATGCTCGAGTAACTTAGGCCGTCACGACGCCGGCGACGTCTCCATCCGACACATTAGCCGTATGCGCATACAATACCGCGGTCCGACAAAGCGAAACCTCCCAGGTATCGGAGCATGTTCTTCATCATGACCGCGCCAAGAATCCTGGTACCCGGAAGAATCAATATATGATTTCGTCATAGTTGACGCGGGATAGTGTACCGCGTTCGCGACATGAATTACGGCCGGTAGGTCAATACATTTATGGCTTGGCACCCAAGTGCCGTTCCACTCTTCAACATTACCGTACGAGGGGTTGCCTTCCGCCTATAGGCGCCTGTGACAATCTGTCTTGATCCATGTTACTCTAATACTGTCGCTATGGATTCTCTCGCTAACTTATTCCCCTGATCCCCATAGCCTAAAGGGACCTCGGCGATGAAATCCCAACGACCTCTCTCGGCGTGGGGAATATCCCACTGGGGGCGTAAGATGTCCGCCGAAAGATCACCCTTTCGTGGTAAGAGAGTGTCTAGGCTGTCAACGTCGAAATACTTGTATCAACCTCCTAACTGCCGCCAGTGAAGTCGACCCCAGCAGGGGGCCGGGACGGATCTTCAAAAGCTGAATCAAATATCCTCGGGGCGTACGCTACTGCTTCAGATGTAGGCTGGACCGAAGCTAACGGATCGTAATACTGAGATTAAGAAAGCTCTAGGGCAGACGGAAATGGTTGTCGTTCCACACCCTCCTTCAAATGTGTTCTTAGCAGCACAGGGTAGCCCCAGGTAATCGTAAGTGGACTCCTGCCCGACTTTCGTATACTTAGATGCTATGCATTTGGCCTGAGCATAACGCACAAGCCGTGGCAGTACACCAGAGCTTGGCTCAGCACAACGGCAAGCTGGGGGATCCATCATTTGCCTCAAAGACTCTATCCCCCATTTCACTGCCAGCATCCATTTTGTTATCCGGGGCGTAGGCATGGACTGTAGATCATTAGCGTGAAGAGTACATCAGCACAAATTACACTACTGTACACGCCCTT,1606,50.93,Saccharomyces cerevisiae
SEQ_244784,CGGCGGATTTATAGCCACCACACGGTTGAGGCCGGGACACGTATGTTGTGGGACTCGAATTCTTTTTTTCGTTGCAGCCAAGAGTCGGGTCGAACGTACCTATTGTGTTACATGCAATTTGAGGGCCGGAAAATGCTTATGCGTCCCATGGGGTAACGCTATCCCTCGTCTGAAATCAGCCAGTGAGGAAAAGGGGATGGCCATAGTTTAACAACTCCGGGTTACCAGCTACCTATCTGCCAATAGTCCCCACACTTTAGTTATGATTTGGCAGGACCTGAACGGAGCTAGCACCTCGCGTCTACTGCGTCTGGACCTGTCTGGTTATCATCAAGATCGTGTTCAGCTCATATTGAACAACTATATTTAAAACGGAGCTATAGCGGAGAAAAATGTTCCTCCCTATTTTTTGCCCCGCTTGTTATTGACCGAAATCACGTAACCGACACGTCTCTGCTACTCTCTTTTCGAGCCACCACGATCCGTAGCGACTCTGTGGGAATACCCGCACGTTTGCATTTCCCATTTAGTATAATCTACCTAGGGCGTCCCGTTCACTGTTCACCAGGTAATAAACAGGACTCTTCGGTATGCTGACCATTTACGAAAACCACGTTGAGGTTCGCAGGATCGCCAGACCCCGGGCGAAGAGTTGTCACTTCTGGTATCGCATGTCAAGGAGGCTCACTTTGGGTCTTCATCTCCCTGTGCAGATCTTACCGCGTGATAAGAACAGGAATTACTGGGAATAGTGCTGACCTAGCCAACATGTAAAGTGCATCTTACCAATGTTGCACATTCCCGTAAGTCCGGACACTGCTCATGTTATAGTGCTGTGACGGTAGGTAGTACCTTGCTGATTATATCTCCCGATGATTCTACTAATAAACGCTTAACTCGGTAAATGCCACATCTACTTGGCAAGGTGATCTCCTCGAAATTTGAATGATATATCTCCACGCGAGAGAGTTTCTTGTAAAGTCGCCTCCCGAAACCGCCTCTATGGCGCAAAGTCGGTGTGTTCACTAGCACGC,1034,48.16,Homo sapiens
SEQ_962591,GACATTTTGCACAAACACACCCACAGTTGGCTTGGGGGACGTAAGTTAACTCGGCACCCTAGGGTCCGGATATTCAGACTGACAGCATGAATGTGCACCTCGGTTAATGATAGCTTATATGGAGGGACCCGCGGACCCAAGTGTTAACGTACGCTCCTTTTTTATTAATATCCCCTGAGATGCTCTTAACGCGCGCCCTATGGGAGATCCGGCCGCTGGACGGAATTTCTTTCGCTGGTTTCATTCTCGTTCGAGCGCTATTGGTCAACGACGCTGAATACTCAATTCGAGCGTGTTGAGGTGTGTTTTGGCAACGTCCCTTCTTCCTCGCGTCGACAAGATTCGTATGGATTTTGGCCAACCAGAGTCGAACTAAACTTTCGTGAATGCCAGAGCTTTACGCGAGATGCTTCTTCCGTAACAACGTAGGTCGAGTGCCGCCATCGACTTGCCACCATCCGAGAGTGGTGATATGATGGTCAATAGCGTGTGGTGTAAAAACAGGGAACTCCGGGGCTCCTCCCATCCTTAAGTGCACAGCCGTATCTCGTGAAGCTAGTGTTAGATTGATTGAAAGTGCTTTGACTTCAGCGCGCCTTCGGGTGTAGTGCACAACTTTACTTAACAGACACGACGTTCGCTAACTTATCTGCGCAAATACTGCCCAGCATCTTCCGATATCAGGCACCTGGCCATGTTGACAGAAGGTGCCAGCTTGACAGGCGTGGCTCCCCCCCAGTTAAGTCTAGAACATTCCCTCCCACATATAGGTTAATGTAACGACAACCCGGGTCACAAGAGGTGTGCCTCGGGGGACCTCCTTGAGGACGGACAGAGTATGACTTCGGGCATAATGACTTGGAGCTTTGTGTGGCTGCACGTATCTTGAACGCGGAAGCGAATTGTTTAAACATCGGTGATGTAGTGACGCTGTGAAAAATTGCCAAGATCTTTGTTAACAGAGACGGTCCAACACCTACATCGATTTCCCCAACAAGATATTGAATAATTCTCTTGTGGCGGGACATGGTAGGCTCGAATATCGCAGCCCATTCTATGCCAGACTTGCTCTGCCATAAATCTGGTAGTCGGATCTTGATACTTCATCAAAACGCAATCAGGTGCACACGAAAACTTACGCACGAGACGTTGCCTAAAACGCGATTACTCGTGGCCTACGCT,1182,49.58,Saccharomyces cerevisiae
SEQ_395275,TTGGTTGACCCCCTGCCTCTGACGCCCTGGTGAGATGAGGATAGGTTGATTTAGCTTCTTGAACCACGTTAAAGCGAGGGCACGCAAGATCGAATTCGGGGCATTTACTAGCACCTGGAGTTTCATTACATGCCCGGTGGAAGCGGGCTGTACTCTCGGGGTCTTATTATTAGAAATAGTAACCTGAATATCACCTTCACGGACAAGCGAACACGCTGCTTCCTAGTGATGGATCCCAGTCGCCCGTACCCTTCCCTAGGGATTGATGTCTGGCTTATAGCAGCCTTAACGAAGGGCCTGAGAGAAAACACACGAAAATCTGCCTACTGAACAATCCTTAGATGATTGGCCATCAATAAGTTCATACCGCGATGCAGTATATGGGCACGTTGCGATGGGAGATTATTGGATAAAGAACTCACTAGGTCTGGGGCTCCGGCGCAGTAATACCCCCTCTAGGAGCGAACACGTCATTTTATTCGGTGGGCGGATTCTGCCTCGTGGAAGCACGCCCTATGACATAATTTTT,529,49.53,Arabidopsis thaliana
SEQ_554170,ACTTCGCAGACCCGCTATAGTTGTCTTAGAGTTTGTGACTCTTATGTTTCCCCGTCGGAGGGTTATTTCATAGATCCGCCACGTATCGTTGTTAGGTTTGCCAGGGTGCCAAGATGCAAAGTGAGGTCCAAGAAGGGCTTAGTTAAGCCGTAAGTTCTCTGGCTTTGCGATTGGGTGGGAGCCCGGCTCGGTGTCAGACGCGTGGATTAGAGTAAAGATGATCTCGTTAGGACGATAGTCATTAGCTGCGGCAAGCTGCAACGACGGTGTGCTTGTTGCGATGTATCCCGTCATGTGTATTGGCGGCGCGCAAAGATAATAAGACATTCATAGTAAGTCCCGCCAATGGAAGGGCGAACATAATTTTCGTGGTATTTAAAACTGTCTTTTTGTCGACTGTCCCCTGGAGCATATGACTCGAGGGGGCAGGTCCACCGAGGCCTTTCCGCACTAAGGCCGTGTCGAGCTTACCGTCGCTAACTATAGTCCGGCGGACAGCCGGTAGGGAGTCAGAGAGTGCATGCTTGACAGAAGACCTCGTCTCTAGCTCGGGCGGACTCTCATTGACGTCCGTAAAGATGTCCATCAGTAGAGATGCCGAGACAACACGTCTCCTTCCCTTACGCAGTTGAAGAGCAAATACGTGTCGATTATACTAATGTTTATTTTTGGCGGTACGTTTCAGCGTGTGGTGTGCGAAAATGGATTTTTAAAATAAGATAATGCAAACCAAGGAGGGGTCTTTACTCGCCCCTACAGGGTACAATCCCCTAGAAGCTAAACAAAAGTAAGAAGACATGCTTTCAGGACCAGCACTGACGCAATCACCGTCGTACGTTCGTATTAAAGAGTTGGTGTGCACCAACTGTACGCTGCAACCCAGCCGTACCAACAATGGGCTTGCCTTTACCATGCAAACTAGCCGTTCGTAACCAGCCACATGCGTTCACCCGTCGTCCATGGGATCGTGGAGCTAGAGCACAAGGGATCTCCTGTAATTTGAAAATGGTCCTTACAGGGAGTCAGAGATAATAGGAGTTTAACGGGCAACCCACCACCAGCACGAGCGGGGGGATCGATGATTGAGTCGAGATTGTCTGTCGTCCACTACTGCACTGCCCAAGAGCCGAACTCACATTACGTGGACTGATAGCTTGAAGGGGGCCGTTCAAAAGGGTTCAAGTCGTCGTCTGCGTTTCGTTTCCCGGTGCCTGAATTCCACGATAGTGTAGTCTAAGTCAACACTGCACATTCATAAAAAAATCCTGAGTGGGTTCTGGCTAGTCGTCTTCTTCGTCGCTGCGACAGATTCTCGTGTAGGCCGCTCTGCAAGGCGTCCAACTGGGAATTGCTGTTTTGAGTTTACGCTAGTCCTGCGCTCCTCGGTGCTCCAAACGTCCATTATATGCAATTAACCTTTGTAATAATGCGTGTCTTCTGGCGTGGGGGGCGCGCTCTCATAATCAACTTTGGAGACGGGTGTTACG,1487,50.1,Mus musculus
SEQ_303390,TCCCACAAAAGTCGGCCCCAGTGGTTGAGTATTTTTCGAGTCCCTGCCTTATTGCATCGATGTGGTATTCCCCCCGAGGCACTTGTTTAAGCCAACAGGGCACCGGGGTAACGGGCGCCTCACGTCCCTGCGGCCTGGGTGGGTTTTCGGCTATGCGAGAAGATACTTAGTACAGCGGACAATATGTGAGAGGGAAGCTTTGTTGCTACGCAATTTATTTCGGCGGCAAATCCCTAAAGGCCCGCAAGCAACGCCTCCGGAATCCCGGTCCATGTGGATTGTAGCTAATATTGTCTCTCACGCTCCCTATGCGTAGGACGATTCTGGTTTCGTCACGGAGTGCCCGTAATGGTGTGAAACACGTCTGATAGAATAAGATCTCGTTTCCCGTAAACGGAACAATTTACATATGTGTTATAATAGACCCCGTACCTAACAATCTACATGGACGCGATGATGTTAAACCTATTTTACGTACATTAAGTTCCAGTGGATCATCCTTCGTCAATGGTAGTTATGATTACAGCTTTGCTTATAGGGCCTCAGTCGTGTCTACTAGTCCATTAATAGCTCTACATTCAGAGGTCGGGTCGACACCGTTGGTGATGGTTCACCCTGGCACCGCGTAGCATAAACGCACGGTCTCGTGCCTTACACTTAGAGCCACCAGTTACGCACGAACGCGGCACTGAATTGTCGCCATTAACGAGGGGTGCCAGGTAGTTAGGGCAGCGATGCATAGAGTCAGGGCGAGATCCAGCACCGTTCGAGAGCCAAGTGCATTCTAACCAAGGCAGGGCCGGACATGTGCGAGGCGCTTTCCCTGAGAAGCATTTAAGATATTAGACGCTCCTAAATAAGGTGAATTGACGCAAGCTGCAGATACGGGGACAAAGAAATCTTAGATACCGTTTATTCATGAATTACTCGGTAACCTGTGCGAAGTCGAGGTAGCACCTAGCGCTAGGTTGCTCGCAATACCATCAAACAGGTACCGTTCAGCCGGACGCGATCGAAGTGCTGACGTTTATTCAGATCAAGGGGTATACAGGTTTATCGGCTCCAAACATACTCCATGATGCGTCGTCGACTTAGGCAAATAAGCGACAATCCATGCACTGTGACCGTAGAAGACACCCGTCTTTGTTATTACGAGGAGGATGCCGGCAGGGTCACAGTCTGCTAGCACCAGCGAAGTATCCCTGCGCACAAAAGTTACTACTTACGCCTA,1231,49.88,Homo sapiens
SEQ_508904,CGCATGGGCTGACTCTACCATGCATGGTCCGAGGCGTCAGTTTGGACCTTGATCTCCTGCCGCCCGAACATTTGTACCGGTCTGTGGGGTCCCCGGTGGTTGCTACCTCCGCGCGTCATCCTTGTGAACGCCGAACTTGCCCAGCAATATGTGTAGTAAGTTTGTGAAATCCCGGGGTAGTTCCCCCGTTCCCACGGCAAAGGAATAGGGAATGCTTGGAGATAAGCGTCCCGAAAGTACCGGTCCTCGAAATACGCGACTAATGACTGCACGTACGCGTGTGGATATTCTGAGTTAATATTAGCTGTGGCCAGAATTTCCTTAGAGTCGGCACCGCTGAGCCGTTTGCGCGTCGCTTCCTTCCTGAAAGTGTTCACAGACACCACGACTTTACGGAAAATCAAAAGTCGCGGACGCAGAGCAAGGACGAAAATTGGGTAAGCTAGCGCATAGGACTAGCCTCGAGATAACTATGACTTGATTTATGCAGCATATCTGACTTATATTGTATGGCTCGTTATCCAGTGATCTAATCTGAGAAGGGTTAATCGCCCGAGGCCGGAATAGTATTATAACCTTAGCACTTGCTATCCCCTTACTGTCCACCTACTTCATAAGGCGAGACCGGGAACGATTCTATCCTAAGGCCTAAGAACCGTGACGTGCTGGGAAAATAGCACTGAGATCGACAGTAACGGCGGTGCCGCCTTTTCGCTATTATTTT,724,50.41,Escherichia coli
SEQ_809543,TCAATCCGCGTGTTTGCTTTCGGCTTCCTGCTTTCGGTCTAACAAATGAGTAGCAAAGGGTCACAGTGCGGGGATATTCCCGTCAGAGCGCTCACCTCTTGACGGAAAAGGAGAACGATGGGCTCGAACGTTACAGGTTGACCAACGAAGACAGCGCGGCTACCTCCTTTCAACAGCAACCATGAATCCTAGAGTATATAGGCTATCTATGACATGAGCACGGCACATTATAGTGCAGTTCGAGCTTAAAGCACTCTAGGCACAGAAACGCACCCTATGCAAATTTCTACGATGACAGAATGTACATGAACTACTCATTAGGAACGACCGCTGTGAGTAGCTCCTGATCGTGTCATTTACGGATTTAGGAAGTGTTTTCACTTGAGGTCATATGCGGCCTCCGGACAAACTGCAAATAAAAGTCGAGTTCTGGAGATAACTGGTCCTGTTCGAAGAGGCTACAAAGGACGCTGCAACACGGGATCGGGACCGATTGCTTCCCTAGCACATGCTGCTCGGGTGTGGCTTTTGGGGCTTCATACTATTACGGGCGTTAGGGATCTTGACAGTCCTTTGGACACGAATTTAATCGTCGGTGTTAAAGCAACGCCATTTCCTTACCAGAGTAGCATACTTTCACAAGTAGCCCTACTACGGTCGACTTGGGTCCACTTATCGACGCGACTTTCACAGGGGCCGTGCTTCGACGCGCAGTTAGGCACAGTAGAATACCAAATCCCTGAAACGCCAGACGGTCTTATTCATTTTAGTTAAATAGATGAAGCTTCAATCACCGGCCATTACCTGTCCAGAGTTTAGCGGTTTCTCAGCGTGCCTAAAACGGTCCGTGACGTCAGATATCAGGCACTCTGCTACGGATTCTTCCCCTCTCATTGACGCTAGAATGTGGTAACGTCCCGATAACCAGCGAAGTTATAGATTGTATGGTACGGCCCGGGCCATGGAGCTACGGAATGTACCCGGAGTAGATGATAGAGCACGGTACGAAATTTGTAAGGTCTTTCCCTTAACGGGGACGTGTTTGATTATTATTGATACGCGAAATTCGCCTCAAGCCCCGGCTATGGAGACTCTACCCGCTGTCTATCATCGCATTCGACATCACGAAAAATTGGATTCCGGCGATCTGAACGGATCAGTGCTATCCGAGGTAGACGATGTTACTGGCGGAGCACAAGAATGTTGGCGGGGCGCACATGTCCGAGGACGGTGGGGCCGACAAGAAGTCCGGTGGACCCACTTTTTCCAGATTTGCGGCAGCTTTTTTACGTGAAACACCGGCTGACATTCGTAACACCTTGTTGTACTGCTGTTCTAGCCGCGATTGTGAAGAAAAGACCGCCCGTATTAGCATCCGGCAGTCGTGCTAGGTCGAGAACAGTCCAGCACTAATGTCTTGCCGGCGAACGATGTTGAGTGAATACACGGGGCCTCAAGGCTATTCCGGTCCAATACAAACTAAAGTCGTGTAGTGACATTGATGAGATACTTACACTGTTTCTCAAGCCGTAGGCAACGAAACTTCTGCTGTGTACTCTGAGCCGTATTATCACCGGAGACGAT,1584,49.43,Arabidopsis thaliana
SEQ_515845,CGCTAAGGTGTGCGAGTATGGATTCATCAAATAAATGGTTCTCATACACTTTTCTCCCATCCATCACGAACAATTCAACTTCTCGTCTAGACAGCACGATGTAGGCTGCGGGAAATTTAGGAGAGAATGATGAGTGAGCGTGTGCCATTCTACAGACCTTAGACTTCTGGGCTCATTTTCGTCACGACAAGTGCCCGCGTTCTATGTGCGAATAAAAGCGCACCAAGTATGCTGTTCGCTAGCCCTATCGGCATATTTGCGCCTGGGACAAAGGCTTGATGCGCTCAAGCTAATCACCACGGGCGCCAATACTGGCGATGCGAAGTCCCGTTATTCAAGAGGATGTGCCGATTTCCATGCCTGTCTTCTGCCGCGGGTGAGAGGATTTCAAGCCCGTTGGAGACATGACAGAACCTCATGGTTGCGATAGGCCGGGAGGCCCAGTAACGTATTGGTCGCGAAGCCTGAAGATATGGCCTCAATTTAGAGACAACACTGGACAGCTGGGGGATGGCCGAGCCCAATCCGGCGAATGGAGTTACGGATGACTAGGTTTTAAGTGACTGCTGCCACGTCAAAGGGAGATCGGCCAAGCTAAGGGCAGACT,607,51.4,Escherichia coli
SEQ_599099,TTTCGCATGGCTACCCCCATCACCCGACCGGTCGAAGATTACGATTTTTCGCTATCAGTCCGCTTTCCTAATGTTAGAAACCAGGGTACCCTTCGCCAAGCGTAGTCATTCGGTTTTGTACTGCGAAGACCCCGGGCGCAGAGCAATAGTTACTTCTGCCAACAGTTCCAACGACAAAGGATAGGCTTATGCTCTGCGATTGAGAGACAATCAGATTATCGCTGGCTATGTATTTCTCCAGAGAGTGGTGGGATCATGCAACCACCGTTGGCTGCTACTGTTTGTGAGGTGCCTGCAACCCCTGAACGAGCATGACTATCACGCCGGGGTTAGGGAATGCCTTAAGCTCAAGACAAGAGGCCGCAACCAGCTCGGCGTATAATTCGTCCGGAGCAGCGGTACCTGATACTCGCGAGCAAACATAAGCCGTTGTCCAGTCATGGCGCGGCCGCTATGACAGCTTCATCGCTCTGCTCCAATGAGAGCTAAAGTCGCGAATCTCTTTACGGCGAGCTTATGGGTCAGCGCCGACTAGAGCTGACGTCGTTCCCTCTTGCGGGAGTGACGTCCTGGCAAACTGATGACGTCATGACTCGCGTGATTGATAGCTTCTATCCTGATTGTTAGCCGGATCCCACAGACTCTCCTTCCCATTTTGGTCTAGGCAAACCGGACCGCTGGCCTTTAAACGCCGCATTAGGACCAAAGAGTATTCGCAAATAGATGGGTGCCGATGGACGCACTTAGGATGCCCAAGGGTGACGGATCCTAGAGAGGTTCAGCCACTTTTCCATTCGGACTTATCGTATGCGCCCTCTTTGGTTTTAGGACCTGGTTTGGTCCCTAATCCCGTCGTTGCACGCTCTGGGAGTCGGATGGGGGAAGAGCTGAGATATACGCTCGCGTTATGCTTACTTACCAAGACCGGGGAGATTCCTTGAGCTTGGAACTCGCAGCCTGCTGAATCGCGGTCTTTCCTCCGGACTCTAGTCACAGTCTCTGTGAGTTCATCGTGGATTACGCGGGTCACGTATTGACCCTTGTCAGACAAACGGACGAGTTGAAAGGGATAGAGCGGCCGGGGTATTAATCCGTACCCCGGCGCACAACACTGCTAGTCGCTAATTATCGATCTTCTTTGCAAAATATGGCCGGGGTAAGCGCGCGACTACGGGATCGGTGTTGATAGGGTTACCTGATGCCATTGGCAAGTGTGCTATCTAAGCAGAGACGCTTCCGTCTCGCGCGCTGAATACGGCCTACTACTTCGGTTTCCATCATTGCCGTGGAGAGCTCTCCGGTATTGCAGGGGTGCCGCGTCTGGTGGCTAGCACCGACCAACTGATACGCGCATCACATAAACCGTATCAAGCTGTAAGGCATAAGTCAGACATAGAGGTTAGGGGGTGTTAATGCCCAAATTGGGATTGAGAGATGGTTAATTCCTACTTTCCGAAGTTTCCACTATCTGGCGGGGGGGGGGTCAACTTGAGGCTTGTTACTAATGCCTGGTGTCGTGTATTTCCTTGTAACGAGACAAAAATATAGACTACAACACGACGTCCACATAGCTAATATATTCTGCGAGCCTCTGAGAGTAATCCGTCGATACCATGGAAACAGACGATCCCCTCCTTTGTTGACATTCACGGC,1653,51.97,Saccharomyces cerevisiae
SEQ_560064,GGGACTAGAAACGTTCGGACCCCGTAAGCATAGTCTCAAAACCCCCTAACCCTTGCGGGTTCGCGCTCAGCGTAGCTATCCCCTACAGAACGGCCTAGAAGCCTTACCCCGACGGTACTATAGTGTCTCTAACGAGTCCCAGCTTTAGTACATCGGAACACGCCCGTTCTCTTGGCAATGGCTCACCGGAGTCTACTACAGATCGAACAATCTGACAACCAACATATGCCCATTTCCTCGAACTGTCCTTATATGTAAGGCTAACAAATTTTAATCGCCCGGTTCCCAAGCGATCGGTCCTAAGAGGGGTGCGTGGACTCGCAGCCCCGCGCGGGCCGTCGATTATCGCGGCGCGTTAAGATTTATCTCGGGGCAAAGAATCTCGGGCCGATGCTGCTACGTGATCCGTAGTCGGGCTATACTATTCTTATCGGATCAGCATCCGTCGGCTCCGGAACGCAGAGTCGGATGCCCTTAGTAGATCCAACATACCCACACTAGATCCATGAACAGGGGCGTCACTTTGCCCCCGAGCGAGTACATTGTCGTATCGCATGCCAGTTCACATTAGATGGACGTCCTAGGAGGCCTTTCGTCCCACCAAGCGGGGGACCACTGAATCGGCAGCAGCATCAAGAATATTTAGTGACCTCTCCTGGTTTGTCCCCGGTAAAACGCACTATAATTAACCAGGACCAATGTAGTCATCTGCACTCTTATCTCGGGACATAGGGCTGCGTCGTCACGCTCAGTCGAAGCTCAATTCTTGTCACCCTAAGCGACGGGACAGGGTGTTCCCTACCTCACAAAGACGTTGGAGATGCGCGACTGGAATCTGAGCACGTCACAAAAACTGCTTTAAGACTCAGGTCCGTGAAAGTAGTCCACGAGGCTATACACGTTCATCATAACCGTTCAGAAAAGCTAAGGAAGGATCCATCCATTTTTAGACATTTTTTGGCG,963,51.92,Saccharomyces cerevisiae
SEQ_955234,CCAATCGGTTGATGGGTAATTTGGTGGGTGACAACTCTGAACTCAATAGACTTTTTCGGTCTAGGCGGATTCTATTTAAAGATACCTTAGAGTCACAAGCTTATGTTATCAGTTGTTTAAGTTAAAGGAGAGTTTTGCAGGTAGACCGCTAGCATAACTGAGTTTAGATGTTGTCAGACAATGAAAGTAGCAGATATGCTGCTTGTGCGTGGTCAAGCAGCGTGATGTGATATTACACCTACGACCTGCCTAACATTCCACTGTCATGGCGCCTTTCCTGCTTGCGGCGTTTAGAATTGCAATGCTGCTCGACCGGCCCCCAGGACATTTACGAGGGCTTCAAGTTCCCCCACCGCGCAGGGCAAAAAGTCTGGATAGGGAAAACAAATAGCATTAGTATAGGAATCTTTGGCCGGGGTCTTCGCGTGTGCTCAGCGGTCACGACCGTGACGATGGTCGATTCCGATACCCTACGATCATCTGACGCATGACTTGCCGGTAAAATGACACTATCCGGGACAGCCGATGGCATGAAGCGTGAAAAGTACTCAATCGAAGACGATTAATTAGGTAGCAGTGGACTTCTGAGTACACACGTTGAGCACTTAATGATGGCGCTAGAAGCTCTGGCTGGTCATAGGAGTCCCACACGCCTTCACACACAGTCCAGCCTCACGTAGTTTTCAAACCGCATGGTTCAAATCGGCAAAATACATCGCTATACGTGGCGGGGTTGTGATCTCGACCGTCCTGTGGAGCACACTGGAAACCAATACCCTCTCGCTCCTGCCACATAGTATATTCATGACAGGCTAGTCAGCCCATATAATTATTGAGGGTGTGTGGTTCACTAATATCAGGGTCCTAGGTTTGTGCACGTAGTTGTGGTATGTGCGACTATG,902,48.12,Mus musculus
SEQ_935900,ATCCCGTTCATGAGCGTCTCACATGCAGAAACCCAGTATCGCTCGTCTTTGCCGCTTCCAAGACTTCTGTTCCGCCAGTGGGGCGTTCCATTAAACAGTCGTCGGAGGTTGCTGTGGCCCGTTCTAGTTTATATGCGGCTAACCTGTGATCCATATGTACAGTGACTTCCCAACGATACTGTGAGTCCATATTCGTCAATCATGGAAGTCTGTCCCAACCTTCCAGGACAAGGGGTGCAGTGATGGATTAGACAAAGAGTGTAACGTATTAGATGAGGTTCTCCAACACTGAGTGAAACGTTACACGCACACGGAGTGTTGCGCGTCGCTTAATAACTACTAGTCCCTCGTTTTGTTGCATTACGCAGGTCTGAGGCGCTGGTGTAGAGCCTGTTGTGTTACAGGACCTCTTAGAGGGCAGGAAAGTGAGCACGGGTACTGTTTCATCATTTTGTTCAAACACGTGGGGGTTGATACTCATAGCTCCAAGAGATTCGAGACTAGCCTGGTCGGGTGTAAGAGTCGAGATCCCTGCCAGTTTTACAGAGATGGCCCGCGTATACGGATACAAGCCTGGGATTTGTCATTACAGATAGCACCGTGCCCTGAATAGTCGTCTTCGCCCCCAGAGATCAGGTTATATAACGAAAACCTCCATCTACGCAGAAATAATATGTGCTCGCTGCGCTATCCATAGCTCTTTCACCAACTCGAACTATGGTGATGCGGTCGTCTCAGAGTTTACGGCAATGCACAAGGGTCACTGCATGTAGAGCAATCCCGCCACACCTTCCCGGGCTTTGGCTGGAGTTTGGGAATTTGCATCCTCCGCACCGTTAAAACCTACAACCAAGTAGCTGCTGCCCGCTTCGACGTGTTTTGGGCTATGTTGTGGAACAGTGGATCTCCGATCTTATCTCGTTTAGGGTTACCATGTAATGGGAAAACTGCATAGGAACAAGGATTATTTTTCAGTCGTTCACCACAGCTTATGCAACATGAGTTTCGAGACAAGGACCATAAGCAGCTCGCGTTTTCTGTTTGCGATACTTGCTTTATGGTATCAGGCATCTGAGGCTGGCCATTGACATGTCGATCGGCTATAATCGCTCGCCCGAAAGTAGACCTTCGTGTGCCGCTTACGGTTCAGACAGGTTAACAGCCGTAGATAGGGTCCAGAAATCTCTTTTTGCGCGAGATGCGGTGCAGTATCTTGGCGCTATTCGACAGAGATTAACGGGTAGGGGCAGTCCTGCCGCGAAGCAAAACCGATGTAGCAAACGGCTGCGATTCATGCTAGAGCAAAGTTATTAGCCAATGGATTTCGGGGACACGTGCAGACTGAGGACACTTTGCCGGGGTGTTGAGACATATGCGACTCTGCACCAAGAGGCATCATGCCGTAGCGCCCATATTCTCGGTACTATCGACTCCGTCGGTATTAACTGCTGCAATCCGCTACCGCGTAGGAGATCCTTGTCAGAGTTAGGGAGTGATGTGATCACTTCGGCTCATTTAGTGATAGGGTAACGGCTGGACCTATTCCGTTATGCCATCTTAGCTGCGTTCTGCTTAGTACTCGTGGAGGGTACAACCCAAGTTGCTGACTAGGATTGATCCACCCTTAGGCTAGCATCACGTTGCATAGGACGAAATTTAGATGGGGCGGTCTTGTGAAACCTCGGAGCGGTACCTCGCTAGCGACGGGGGCCGGCTTCCGCCTCTTCCAAAATGTAACGATCGCGGCTAACATCGGAATCAAGTACCAGCAGCTGCACAGGATAGGTACAGGCATATTGCGTAGATCACCATATGAATTCTGACGGAACAGAAGGCATTGTAGTAGCCGAGGGACAACATATACTTCAGGAGAGACATCTCATGAGCGCCCTAGCTTAAGCGCCGAAGGTGCCGCATGGAAGCACACCCGCCTTTCTCGCTGATCATAAACCCCATTACATCGGAATCTTACTGTTG,1977,50.13,Escherichia coli
SEQ_568504,GGAATAGGTGATTGATGCTCTGACCTTTACAGGGTCAGTGGTCTTTCGCGGTGGGTTAAATTTGTAATAGATACGGAGAGTGAACTTTCCGTCAATCTTAAGTATGTCAGTCCAGAAACGAAGTCTCCTTAATTGACTGTCATGAGCTCCAGCATCCACGTCGGCAAATTCCCTTGCAGCCGCAGCCAGCATGCGCAATGCAATGACGTCGACCGACGCCACTCGCGGTGATAGGACGGGAATTTTTCGGCGCGTATAGACACGCGGTTTGTCTACTCAGCCCACTTGCGCGTGTGCAATCCTGGATGTAGAGCTGAAGCACTGTTGAAATGCGATTCTGAACTTAGCCAATCGCAAGAAAAAAGTCATAGGCTCTACGAAACCGCCATGTCAGGACCGTGTCGGAGGCGGTACTCACTCATCCGTACAGCCCTCTAGTTTATGACAAGAGAGATATAGCCATACAGCCTTGTGCAATGCTTGGTTTCGGGACCGCATCTATTACTTATACAATGCACGTAAGGCTGAGTCTCTTTGAAGCTCCGGGTGGAAGAATCTGATGTGTCCGGAGGTGGTTCGTCAAATGTCTTCCCAGTAGGGGCACGAATAGAGGCTCGCTACCAGAGGAGTCAGGTCGCCACGATAAGTCTCAGCTACTGGCCCTCAAGGAGGCCCTCTTCTAGCGACCACCATAGGAGTATGCTGTCCATCGCTAACTCAGGAAGATGGTCGAATTATCTCTGGAGTCGGGGGATTCGGACTTCCGGGTTGTATCGTGCGAGGGCCATCAACCAGTCGATTTGAGGGACAGTAGCTACCCCAGAGTCTGAAACAGCAACTTCGCGGTGCTCGTTTCATTTGAGAAATGTTCATGGTATATAGCAATAGTTAGGGGGACTAGTCCAGACCAGCATTGACTACCAAATTGATAAACGTGCGGCGGGCGTCCAGCAGATCTAGGGTGACGGTGCAGTAGCGAGGGCGGTTTCTGTCCTCGCACTTTCGACTCTCCTTGAGGCAGGCTCCGCTAGAGGTCTTATGACATGCCATGGTATATCACTAGGTCAGCGATGGGTGCTTGTCAGCACGTATTGGTTGATGTACCAACATAGAGACCGTTGCTCGCTATATGTTTTTCTAAGGCCTCTCGCGTTCGTGACAAAAGATTACTGACATTACATCTTCGGGCTCCATATAAGGGCAGCCCAGTCAAATACACTGTGAGTAGGTTGTGAAATGCCTATCTACAATGTCGCCAGCTATGGGCTCAAATCATCTTTTTATGGGTAGTATGGAGAGCGTCAACTGCCACGGGCAAGACGGTGTGTTGTTGCTTTAAAGAGTCCGTTGTTCTAGATTTCACAACAGAGCTAACAGTCTTCAAAAACGAGATCGGTCACTCAATGTTAAGCGCACCCCTAGTATGGTTTACTAAAAGAGTGGCTGGATCCGTAACTGAGATACTTGCGCGGAGTACGAAAACAGTGAGGACTGAGATGCTTTTGGTCTGTGGCAGGA,1518,49.6,Drosophila melanogaster
SEQ_919629,CTAGTCGGCGACACGACAAGTTCCTCTCGATTCTCTCTTACACCCTCCACATCGCGTGGTAAATAGAAACTGAACATGCCCAAAACCAAGGAATCTCGTTTCCTTTTTGTGCTGGAATTAGCAATACCTCACATACGTCCTGCCGGAACTGCATTGGAAACCCTTATGTATAATCCACGGTATAAGGCTCGTAGTTAGCGCCTTCGTTACCCTACAACAATCATGTCAACAGTGAATCCAAATCAAGTGATACTAGAGCGAGAAATAATTGTACCACGTCATGGCTTCTCCGGGGGTTTAGGAATCGACATACCCTCCGGTCCTTCAAGCCTACCGAGTTGGTATCAGCTACACCGTAATAACACCTAGCAATTAGCGCTGTGCGTTATAACGGAGTAGCACGATGTTACCTCTATAGTATCTCTATGGTGCCCTGAAACGGCCGCTACACCACAGGCAGTGTCACAAGCCGATTCTTCAGAGAAAGGGGTTCACATTAGCCACTTACCTGACGGTATAGTGCTACACGGTTAACATGCCAGCCCTCGGTTTGGCACTAATAAGCAGATCTATGCTTGACGCGGGTCGAGACGACCCAGGTTGGGGGCTCGAGGAACCAAACAGACCACCGCCTGGGGAATGCCGTCTAAAGTCGCTGTAGGAACCTGTTTTACAATAATCGACGTCTTCTATTCTATCTCTGGAGATATATCAAGATACATGCTGTTAGTAAGTAGCAGTACCGTAGCGTGTTTCGAGTCGAAAGCGCGACATTTAGCGAGCAAAGCCGCTATGCCCGCTGGATTGGTGACCTGGCTAAACGGGGGTTATCCCTTTTGCATCTGAGAATTTAAGATACCTGATTACGGAGCGAAGGGCGCGTACAAATCAGAGTTCCGGCTTAATCCCTGACCATTTCGCTATAGAAACGTCACGGGCCCCTACAGCCCCCCGTCATCAGAATAAGTCCAATTGGGCTCTCCTGAGGCTTCTATCATGTGCTTGTGAACCCGCGCGCCATGAGGACACCTTGCTGGTCCTTTAGTATCCCCGCAGTATACCTGGCATAAGTTCGTCCCCCTGTCACGCGGCGGCGTTCTCCACTTCAGCGCCTCGTTCGTACTTGTAGGGGGCCCCGGACATAAAATCTGACGCTCCTCCTCAAACCAAAATTGGCCTTCCCTGAAGGGCATGGACCTGCAACGGTTGCGTAAGTCGCTCACGTCATGAAAGTCAGTAAGCTTTCGTCTGTAGGGTGCACGACCGATATACAGTATACAGCGATTAGGCATTCATAGAACGCGGAAAGTCATCAAGTCTGTCGTAAAGGGATTCAGGTACCTCTGCTCTATACGCCCGGGTTGACCGTTGATCAAGCGCTGGCGGGCGGGAGTGGCTCTAGCGTTCATAATTACTTTAAACCCACAGTTCGATACGGCGTGAGGTTTCTTTTCAATCTTGGTTGAACATTAACAGCCTTGCCACTTGGACGTGTACGTTATTTACTTGTGGACGTGGACGCGCTTGCACGGCTCACTGCACACGTACAAACTGAGTGATCATGGCCGGGGTCTAGAGATGTCTCACCAAAAAGCTTTTCATCGGACTCTCTCGGTGTCCATGATTAGCTCCACAATATATGAATCGATACGAGAGAAATCCCATTTACAGGCGCTTAGAGTATTCTTAGTTCTCGATGTTGCACGGTCACACGTGACATCGTCCAAACCGGAGATACGAGAATCGGCTCCGAACCGCAATATTCCCGGCACACGTATCGCGCGAGACATGACTTTCGCAATTCCGTCGTCAGATCCAACGAAAAGCGCTATTGGATCATCAAAAGTCGTCTTCGGCTTCACAACAGGGTGACTTTTCTAGAGCGCCCTGCCTAGTGTCAGGGCTGGAACTGTTACCTGCTTAATG,1926,49.84,Escherichia coli
SEQ_796526,CGAACTCTCAATCGCACCTCGTAAGCTCCCCTCAGGTACAGGACCATATTCGCTCTCATTCATACAAGGATCGAAAAATTCGGCACCCCTGTGCGTTTTTCCTATAACATATGAACACCGCCCAGATGGGCTGAACGAGAGGCTTCTGGGTCGGCTGATCAATGAAACCGGGTCCTGTCATCGCTAGTCCTCGAACTCATGGGGGACCAAAGTATTTAGATTTGATCGGCCACGATTCTAAAGCATACGCTCGAGCGTGTGGGCTTGCCATAGGGGCAGAACTTCCTCAAACATTCGGACGAGCACCGAAAGGGAAGGTACTCTCCTGACCCCTTGCTCTCTTACCCGAGAGGGGTGAAACAAACCAAATTGCGGCGACACCTAAATGCGACCAGTCCCGTTCTGAACAAGCTTTGACTCTCTACGATCAAAGTATATTTTCCTGTCGACCTCCCCACATGGCCGATTGAGTACGTCTCAGTCGTAGGAAGTGTTTGTATTTCTCTTGTCTTCAAGACAACTGCCTCCGTACTCCGGTGCATGAGAACCTACATGGGGACGTAATACCCTGCGTGTCTACTGATAAAAGTAGTCTACCTGGTCAAGTGCTGCGGTAAGAACATCGCTTGACATGTTTAGTCGCTTCGAGTTGACATCTGCTTGGGCAGGAAGAGATTGGCGTTCTTAGTCTTAGAGCCAGTTAATTCTGTTGTGATTGTTTTTATCAAAAAATGTCTAAAGAAAGCAGGGATCCGGCCCGGTCATGCAGCCTTGCAATCATGTCTTTTGGGCGGCATGAATACGCCTTCTTTTCGTACAGTATTAATGTGAGGCAATAATTCGGTTCCTTGAGATCTAGGGAGATCCCCCTCCCCACCTTATTCATTCCAATAACTACATTGCTCTGCTCAATTGCTCTACAGAACGATTCTAAGCAACGTTATGATCACGCCAATCTCTCTAGAATCAGAATGAACGCCGAGGAGAATTAAATATACACGGACCCTGCATCAGGGTTGGACTTCCAGTCTCCTCCTCTGGCGGGAACATTATATAGAAGTCGAGTACACCAGGGATTCTCCGGCGCAACGTAGTACCGCCGATGCCGACCAATAGGCGTAGCGTTTGTATCCACAACCCTCTAGGGAGGGCACGAATCACCTGGTAATTCTCGACGGAGCTAATATTGTTCATCGTAAGGGGTTCTATACGGACGGCTCTGCAGAGGCACGGGTCCTCACATTGCCGGCACGGCGTGTGGGATTAGTAGTATGCCCTATGATTGCTATATTGATTGGGTAAATGAAGCGAATGAGCCACGGAGAGGAGAGGGCTTACTACATCCGAGCGGCTGATCCAGATGGATTATGTAGCCGAATAATATGCAGCTGTACCATACGAACTCCCCAGAATGTCATGCCTACCCAGCACGCTTAAGCAAAATGTCCATACCTGAACCTCCATTCACGGAACTGCTAGCGCGTGGTGCTGAGCTCCTGGTGTGAGGGCATATTCCAACGCAGAGGGTAGGGGCTGGGTTATGCGCTACGCCTGCGCCACACAATCTCGCACAGCTTCTTGTTCTCACTATTTGCTCGAGGTCGGCACCGACTGATGAGACTGGCAAGATGGTACCGCCCCACCGCACCGGCTGAAGGTGAGGAAACACACCTTGGGAGCTCTGCTGGGTTATACTAGAATTTAACGCTTATTAGCCTCATACCTGTTGAACGGAATCGGTTGACCTCTGCGTTTCCCGATCCAGGCAAGAATTGGTTGGCGCGCTCCGCGGCTAGCTAAACGCGTGATTCCAACAGTCGGTGTTCAAGAGTCTCAAGCCAGTCGCATCAAGGGAATTACACCACCGAATACTTTGCACGCCCATGGCATTCAAGATTTACGTCGAGTCAAGCGAGTCGAAACAAGGACATTCAGGTACGAAGCGGGATA,1950,50.1,Drosophila melanogaster
SEQ_964038,TTGCGTCCCAAGCATGAATATTCGTCGTACCTTGTAAGACCCGACCTTCGCGGCGTGCGCTTCTCGTGAGAGCGTACCCATCCATAAACATCGGTAACTGGTGCGATGCGAATCGTAAGGTTATGGTCTTAGCACCTGACATCCAAAGTTAATGCTCGCCTCAGGTTATTACCCGCAGCACTAAAAGCGGAACCTGCTGTCAGTGCCGTGCGGGTCCATACTGCAACACAAGTCCTATCTTATTGCTCCAGGTACCAGTCGCATGCCGCCGCGCAGTGGCTTCTAATTAAACTAAATAACCGCCCACTAAACTTTATGTTGAGCTCAAGCCAGTCCGATCAGATCTATCTGGTTTCTTATGACTTGAGTAACCAAGTGGAACGTCAACATTTCGTTATATTAATTAAACCTAATCTGCTTTCGAGGACATGAAGGGGAGAATGTAGCATCCGGCGGTTGGAACGAGCTAGGCTCAAATATTCCCGGCGATAGTACTCACACCAAGGAACTCTATGCTCATTGTATACTAGAGGCCATTACATCCTCAGGAAAATGAACATCAGGTCGTTCTAAAAGCCATGATTGTACATCAAATCATCGATACCAAGATCCCGATCGTCTGTTAAACGATTGCGTAGCGTTGAGTCGTTTATCCCCATTCAGTTAAGCTTGCTATGCATCGCAATACAAGCCTCCGAAACTTAGAGTTGGCCGAAACACCGCCCAGAAAACGGGCAGTCCGAGTTTAACTCAGCAGCGATGCATTAGGATGTAATGGGGGTTATGCAATAAAGGAGCACTTTTCCCTTCTTTTCATGATCGGTGGACGTTTCTCCATAGGGTGAGGGTTCGTCACTTCGTACCCTGCTCTTTGTCAAAATCCTTTTTGACTATTCGATTGCGGGGTCTGAGAATGTGCTTGGAGAGCCTCATGTACATTGAATTCC,947,46.78,Drosophila melanogaster
SEQ_303935,TCGATTACAAAACTATTGGAGGTCGATGGAATAATCGAGGGATGACTCGACAAGCACGTACGAGATGATAATAGCTGAGCATCGAATATCATCAAGGTAATGCTTGAATCGGAAGCTACGTGCTCGTTCATCTGAGATCGAGATGTAGGCACCATGCGGTCCGGGCTCCTTACCTGCGTTCTCGGGTGACGGTCACTAGTGACGGTCGATCCACGCATCCCCCCGTACTATGTATGGGAGAGACTATAGTCGGCTTGGCTCATCGGCTCGTTATTTGTTTGTCAGATCTATTCGGTTACCCAAAAAACCGAGTCTTCACCGAACCCACTTCCGATATGTGATTATGTAAGGTAACTACGGTTTTATAGACTTTCGGTCTAAATACGTATAAGCTATAAGCGTGTGGGGGTCCAGAGCTCACGGGGCTGCGCGGGTCGAAGAACTGTTGCAACTCCCCTCCGACGTAATCCCCGATATGCTTCTAACACGACAGGGTAGTAAGGTGAGAGATCCCTTTGGGTTTCGATACTATACCAGTACGCCTGGTTCGTGGGCAAAAATGGACCACTAGTTCCCCGTACGCGGTGGAGATAAAGCTGTGCCTGGGAGGTTCCCACGAGTCGAGTCACGTTAGAATATTCGCTGAAAATTGTTTGTTGCAAAACCTGCTCTCCTGGACGCGGATTTAGCAAGGTAGTCGTTTCTCGGATCAGTTTCCAGTTAAGTGTTTGGACAAGCAGCTAGAGAATTAGCCCATTATTGCACGCCCGTATAACATTAGATAGTGTCTGATCACACTGCGTGTTTCAAGGAAACCAGATGGTACACAACGCGGACCAGAGCTGGATCCACCAGGTCTGGTCCTATAATCAGGGAGACCGACACATGACTCGTGAGATTTGAAATAGGTCTCAGACTGGGGCTACCCGATGATTACCTCCGAGCTCTCCAAGCGCGCCGGCTCCAAAACGGCAAAAATCGAGATCCTACAGAACTAACGGAAGGCGTTACGGTATTGTTTCATTTTTATGTATAGTGTGAATATTCGACTGAAAACCTTATGGCGACTTCATTCTCTCGACTGGGTCTAACCGTAGTGAACTAACCATATTGGGGTCTGTTTCCTTCTGTTTTAACGCACGTTTAACAGTAACCGTTGCGAGCATACAAGATGTAAAAAATCCCAAAGAGATCTTAGCCCCCTATGTGTCACTCTTGCTGCCTCGAATTTACATAGTAGGGTGTGCAGATGACAAGTTCAGTCGGGGGCAGCCTCATTGACTCTCCTGCCTTTAAACTGGCGCGCGTGTTTCGTGGCACCGGATCCACTCCGTCTTCTTATGATGACTGTCTCACTAAATGCGCTGGGTCGAGCTGGTGTTGCAGCATTGG,1392,48.49,Mus musculus
SEQ_477198,CGTCACAAAGCCACAATCGTTCCCGGAGGCGGCGCAAGTGACAGGCGTTATTAGTTAGTACCAAGTATTAACTTTGTTCGAAAAAGAGTCGCTCGCGTAACAGTAATTGTACACTGTTAGGTCATCAGGGTACGGGCTCTAATCTTAGGTGGCCGGGTTCAGTATCCGCTGTGCAAGACTACTAGGGTACTTGGGCCAGTCCAGGCACAAGGAATAGGTGCTCTCTATATATCGTGCGGTCAGCGAGTGCCGGGGTAGATTCGAGGAACTTCTGTAAAAACCCGACGTAAGTGGGACAAAGACACACGTGCACACTTTTAGTGACCCCGCCTAATTCTCTATGAAGACACGGTGGCTACAACTCTGCCTCTGCATAGAACCTGTTCACCCAGTTTCTCGATATCCCCTGGTTACACCGGTAAATTGCGGACCCAAACAAGGAAAACTCTGGTTTTTGAGACGTCCCCATTCTTCCGCCGGTGCTAGCGCATGTTTGGTAAACCGGATTTGTCGGTCAGCGGCCTTCCTATCTCGAGGATTAAGTATGCCGGTATATGGGAGACAAGAGTGCGACGGCTGCCCTAGAAGAGCCCTCCTGCAGTCCTTTTGTAGACTAAATGGAAGGGCTGGAAATACGGATCATACAGGTCAGAATTCATGATGTATACTGCGTCTTTTAGTTCCTACTACCTACTGTTCACATCCCTCCACCGCAATAGAGTAATAACCCCGGAGATTTTAGTGCAGCAAGAATTAAACCCGTTCGTCTAAAGCGTTTTGACGTACTGTCGTGTAGCCCAAAATTCACCACCATCGCCGGTTCGTAACTATGTAAGCTTACACTGGGCATCGTCATTGCGATGTGCAATCAGGGCCTAAAGAGACCCGCTTGGGGTACGCAGTAGGAATCTACGAGCCTGAGTGGTGCGACGTTCCACAGTCTTGAATCTTAAAGATGTATACATATAAACTTGTTCACCTGCACGACTACAATAGGTAGCCGTTATCGAGCCAATTAAGAGGGATTTACTATGCAGAGGACCTGGGTCCCTACTACATAGAGCTAACGCTAGGGTCTCTACATGCGACGGATCAGGACACCAAATAATGAAGCACCGCTCATCCCGTCCAGGCTATAGTACCATAGTGGAGTTGTGGAGGTGGTCCTTCGCACGAAACAAGACCAAGCCCGAACTTCGTCACAGGACCCCGGTACAGGCACTCCGGGGTAATACGTACAAACGGATATTATTCGGCCTCGGGATGATGGAAGTATTGAGTAGGTTGAGACTGCGCC,1297,49.42,Mus musculus
SEQ_600537,TGTTAGAACGCGTTAGAGAGACCAGTGCCCATCAGCACAGACCCAAAAAATTGCCGTTTTGACAAGATGCCGTGCAATAACTAGCACGGCCTGGAGACGAGCCAGAAAACGAGTCCTCGATAGGATAGCGTTACCTTAGGTGGCGAGACTTCACTAGACCCTGTGAAAGTTGAGACACCTTTCGACCGCGACGTTGACCTTGCATGGTTCGCCCCGCCTACATAGGTCCAGAGCTGATTTCTACCAACCGAGATCATCCACAGTTTATGGTGTTGGAGGGAGCCGTCTCGGCTCTCCCTATCTTTTTACCTTGTCTGAGTGTTGTACCATCACGCATGGACTCCCCGATCAGCCGGTGAACTAGCCCATCTGACGACCTCACCGCGAAGTCAGACGTCCAACCTGTCTCGTTAGCAACACAGGTTGGGGGTGGGGGGATCTGTTCATCTCCAGCCTATCTGTATTACGCCTCAGGCACAGCCGATAATCAGAAGCAACGAAATGCTACTTAGATATCGCAAGCACCGTCTATAAATTGGGCCATGGCCGCAGTCTCCCAAACCTCTCATTAGCGCCGACTTCCACGCACGGCTTTCAGGTGCGTGGTGGTCGTCCCAACTCTTCGATTCGGATAGCCAGACTCCCGGGATAGATCCGCGTTAACCTTTTCCTCCTTCGCGTCTGAGGTACATAATCATTCATCCAGCGTGTGAGGGCAAAAGGCTTTACTAGTACAAGCTTAAGTTGCGACCTGGTAATACTGCTCAGGCTTCCTCTCCGGGCAGACCCGCGTCACAGTATCCGACGCCGGTCTAGTACCTGGGTAGGAGCATCTTCAAATTTTTAGCCAAAGTCTAGGGACTACCACTGATTTATGAGAATGCCAACATTACTGTCTAACTGTCGAATTGAACAGAAATAGAGCTGCCCTCATCAGTGATCTCTTCAGTGTTGGATACGAAAGCAAGCGAGTAATGGGTCGATTATTTGTAAGTGATGCCGGATTGTCTCATGTACACACTACCTTATTAAACCTTGCCGGTAGTGGTTTGGAGCAGATGCTGACTCGT,1070,50.65,Saccharomyces cerevisiae
SEQ_866849,GTACGGATACATGCTAATTGCCTATAATTTAATGTTTATCCGAAACGGTGCCCCCAACATACGATTAATGTACATCGCTTCTCCCGGAGAGACTGTAAACCGCCAGCAATTAACATAAGCTTTAGGTTTAGGTTGCCAAGCAATCGCGGACGACACCATTTGTTGGGTTAACAGATTTCTCGTTTCCTTACTAGTCGTTACTAACGGTCTCCACATGCAATTGAGCTTAAAGGCTTGAAAGCTCCACACGGTTGGTGGGTCTCCAACTTTCCGTATTACCGGAGCAGTTTCTTCTTCTGCATATTACCAAAATAAGTCCTTGCGCCCCAACCAGTCGCAATTCTGTAATGTGAGGTAACTAGTAGTGGCTACCATGGCCTTCCTGGTGGCTCAAGAGTAAGAATAGCGGCTTAAGCGGGTATCAGTTTTAAGCCACCCTACTCTGATACAAGGGGTCAGCACCTTCTTAAATCCAAAGGGTTAGTTGGCTAAATCATGACGGTGTTTGATCTGCAGAGATTCTGAGTGTTCATGAAGTTACTATTAAGTAATTTGCCGTAAAGCTCCGCTCCTTAATTTATCAACAGTAGTTCAGTCTGAGCCTCATCACCTCCTCGAATTTCCCTACCTACACGTATGGTTTTGTGAATCTCACGACAGCCCCTAAATTTTCCTGAAGCTGCCCACTGCCAATGACCAATGCGGTGGGGACCGAACCTATCTGACGGAGGACTTCGAGGATGGATTTAAACAGGGGGATGTTATAGTGCCTTTGGCCGCAGGAGCCGCCACTTATCGTTCGGCAGTTAACGTCTTAGAAGCTAATGCATTTTAGTGGCAGATTGAGACTGGCATAGGAGGCTCCATCATCGATAGATTTGAATATGATCTGTCAGCAATAACAAGTTTTAACGGTGGCGGATACATGTTTCCATCTTGTAAGGCTAGGATGCCCTCGTAAAGGGACTGAAGGAGGCGTCGCTCGCTCCCCAGGATTAGGCCCATTACCGTAGCGTACCACGGGGGCCTGACGTTAACCCAACGCTCAATAACGCATGATCTGGGGGAT,1069,46.77,Saccharomyces cerevisiae
SEQ_208313,AGGTTGTTAACACGCGGACGCTCCGAAGTTTCATGCTTTCTGAGTCCCGGAGTCCGATGGCGAAATTGGTCATCTTGAGCACATACTTTGTTCGAGCGGGCAGCGTACTAGTATAGGCTAACATAGCTGCCCCTGGGTGGCCCAGAGCGGTACGACGCCTTAAACACTGCTGGAACGCCGTGCGGGATCGTTTTTCCTCGCTAACGCTAATCGCCGCACTATCGTATCGCTTGGGCAATTTGCACCTAACAATGGTCCGTGCGTGAAAATTATATTCTGATGATTACGGTTAGATGGCCGTTGGCCGCTCTTAGGTTTCCTCATCCCCCATGTTTGGCTACAATGCGCACGTTGTTCGCTAAGGGAAAGCCTTAGGATCGAGCTTTGACTGGTTACCCTACTTAGCGGGTAACTCCTTCGCATTAACGCGTAAAAGCATGACAGCGTCGCACATGTTACTATCGCCAATTGTGGGGGGTTTCTTCTCGCGGAAGGAGCCTAGCCCTAGGGCATATCCCAAATGTCTCGATGCTTGAAACGGTCCAGTCTGTTAAGTTAGAGTTGCAATAACGCAGTAAAGCCCTCTTTCGCAGGATTGAGGGCTTTCGGTGAGGGTAGGGTTCTTTCCTATATACATCTGTTCCATTCGTTCTGCGTAAGA,661,50.53,Mus musculus
SEQ_676047,TACATTCTATAAACGAGTGGGGCAATTCTTTTATACAACTGATTCTTGCGCACGATCCTGGCCCCCGCCCCGGGCACCGGCTCGCCCTGTGATGTTCTCCGTTCGCCGATCAGTCATCGCTCTTTGCGCCTTCAAAAACCCCGGGTCCCAAAGGCAACAGTTCCTATACTCTTTATAGTGCTTGGCGTCTGGGAAGTCTACAACCTACCAGGTGGGGCAACGCCTTATAATTTAATAGCACTATCATAATCGGACCCGGCGCGCCCCAAACCAGGAAAACGGTAACCTGTTCTTTCGTCTTCTGGGACCTATCCCTGACGTCGGGCCCTTCAAGTAAGCGTCTCGCCAGACTTAAGTGGCGAAGTTTCTCATAAAGTCCGGCAGGCCATCTACAAAGGAGTCGGCTGATTTATAGGCGTAAAGCCGGCAGAGCGTCCGCCTAAGGCACGGTTCTAATATAATCGCGGAGTGGATGATTACCGTGTAGTCTACCGTACTGAGGTC,504,52.38,Arabidopsis thaliana
SEQ_848739,GGAACGTCCCAGAATAGATACTTCGATTAATAGTCGGTCCCCTTCCTGCATGTTTTAACT,60,43.33,Escherichia coli
SEQ_185798,CGGCTCCGATTCCAATTGAAAAACGGCTGGAGCTCTCTGTCCGGTTCCGTGAATCTGGCCGCGGCTGCAAATAACTGGCGATAATAAGTCTCTCACTTCTCAAACCAATTACCAACAAATGGTTGGCAGTTCTACGGGGTGGGCACCCCGGTGTCCATTCTGGCCAACGGCGCCGCATCGAGTATGTAAACTGGTTACGACTGATGGGCTACATATGGTAGGTGGATCCTGTCAGATTGGCAGGGACGTGCCTCGTCGTGGCGGTCATGGGGCCGCCCGGCCAAGCCTGCGGGATTAGGTTTGTATGGGACCGTCAGCTGTTTTGGATTAATTGAATACGCGTCAACCACACGCGAGCCCTGACCAGCTGTCACGTCATAGCTTCTGACCAGACGGGAAGGCCTATGACAGAGCGTTCGATCTGGTTAAGAACAAGAGTCGAGCAATTATATATCAGCACGACTTTACTCAATTTTATCCATGACAATGGGTCGTCGTTTTCTGCCGTAGAGAAGGCAGAATCAGACGGAGCACACAAACGTTGGGGCAACCATGTTGCTCAAATAATTTGTAATTGATTGCCTTCACTAACCGCTATTCGATCTGCCCTTACCCTGACGATTCGATCTAAATCGAAGTTGGACGGTTTTACGACTAATGAATGGCCACTTACGTCCAACACCCTTCCGATTACAGGTCGACGGGACCGGCTGTGCCATCTCAACATTGATACATCTGCCGTGCAACTCTTAGTCCTAAAACCATGGCTCGTACAGAACCCGGTGGCTTTTCAAGTAGGGAATAAAAACGAGGAAGTGTTTTAGTGGCCGCCTCGGATTGAAT,843,50.42,Drosophila melanogaster
SEQ_532226,GAAGGGATATTAGTACTAAAAAAACACATTGATCTAGCCTCTCCCCCCATAGGAGATTGGATAGCGGGTTGCAGGGCGCCTAACCACTGTGTCGGTCGGGGAACTGGCCTGGAGACATGATGGGCAGGCAATAGGCCCGTCGGGGTAAGCCCGCCCATCCATAAGTATCCTTCAAGCTGTTGACTAGAGTTTGAGAAAACCCGGTGCGTCCTCGAGGTAACTCAAGCTCTAGCCTTCCGTCGGCAAGGCGCCGCATTCAACCTCGGGGGTGGATCCTGCAGTCTTGTTCTTTACAAAGCTTCGCTTGACGTGCCGCAGAGCCGTGTCACGATCGCGACTCGTTCGCCCATGGTACCGCGCCTGAACGTAGGCTTAAGTACATCCTGCGATTGAGACAGAGCCCTTGCCACCTCCGTATTATGTCTCCAGACAAGGAACCATTCCCCGTATGAAAGCCGTCTACCCCGTTAAAGCCTTTAGCTTACGCTCTACCTGTCTCTTGTGACTTGGCAGTGGCTATACCTGATTCCTTTTGTGGTAAAGACAAATATAGATAACCGAAGCAACGTCACGGGATCCCTGTTGTGTGCACACTGGCTTCAGGCAAACCCCGCCGATATTCCATTTATACCTGCCGAAAGTTTGAAAGGGATGGAGCCTCCAGGGAGCACCCCGATAAACAACATGCGCAATGGCCGAGGAAGAGGAACTTCGATTAACATTTTGGACATAGATTCAACTGCAGTAGTCGCCTTGCCTTCGGCCACTGAAGTACATTTCTGCATACCGCAGCCCCCCGACATGGTTCGGGCGTTCGGTGAGTTACTCGTACCGAAGCA,839,52.8,Drosophila melanogaster
SEQ_633371,AAAGGGGTACACCTATTATTGCCGACCCTGTCAACTCCCAGTGTTATGGATACGCCGTGAGCAGAATTCACTCCAAGGCCAGCCATAGTAACCGAATTTGCAGATAGGACGACGTAAATTAGTTGCGAACGACGCCTAACGCGCAGGGCGGAGCCCGCCATAACGCCCCAGCGATGAGGAAGGATCGTTATCTTACGGACGAGTTTCACCCCTACTGCCCAAATTCGTTGATTCTAGGTGGTCAATCGTTCCCAAAAAAATAGCCACTTCTCGCGCGAGCGCTTTAATGCCAGAGCGGTAGACCTGCAAGTTTGGAGGGGGAAACACCCCTATCGCGCGTAGCCTGTCTGCGGTCTTGCTGTGGTCAATATCGATTCCTCCCTCGAATACATGGTCCGGATGCATCTGCATTTGAATCATCGGGTATCAAGAGTCAGCGTTCGTACTGGCCAGTGCATCGAGTGGCATTAAATCTATGTAACTGCTTGGAACTTTAAGCCGCACAACAGAATCCCTCCCCAGTTAAATCTGTTTGGCATCTCGTCATATTATTCGATCTGATCCCCGTTACAAAGTAAATCTGCGTTGGTTATGACTTATTGTTAGGCTTATTCAACCGGAAGCCGAACAACTGATCGCGCTCGACTTTCTGCCGAAGATTATTAAAGCCAGATAGTTTCGTACCCCAGTGAAATTTAGGATCCATCTCTATTGGCTACGCTTCTACTATTCTCTCTGCTCTTCTTACTGTGACTTATCCGTGTGTCTGTCTGTGAGACGTAAAAAGAGGGCAGTGGTCTAGCGAGCACCTGCCTTTGTTTGGCTGTCTATGCGAACGGGGCGAGAGCGAGGTCAGTATGATCGTCTGTTGGGGCCGCAACAGCCCATATGGAGAAGTGTTCATGCCAATGTTAGGTTGGTAAAGCGGTAAAGCGGAGAAATCCAGGAACTACAACGCGGTAAAGACAGAGGTCCGTCCCGCACTTCCAGATAATGGCGGATGGCAAAATTAAACGGGTACCCATAATTGAGGCCGATTCCCTAACTTCTTAATAAGCTATAGAGCAGGACGGGGGACCTCGTGCCCAGTTAGTATGTGCGGTCAGCGTCGTTTCCCATAGTTCTGCTGAGCGACCATTGTGGGATGGATTGCCTTTACTTGTTTCTAGCAATACAATGCCCTGGCAGTCCGACCACATGACACGATCACTGCGTGTAATATAGGGACACACGACACCCGAACGGATGAAATGGATAATTTGCCGATCGGTGCAAAACTCGCTAGGTCCATGGAGTACCTCTGAGCTTCGGAGTTCGTAGGCTTCGGTTGCGTCGGAACGCAGAAAGCATTGGTATGCAATTACCGGAAACCACAAGACCCGACCAGAGCATAAGTAAACCGCGCTGTGCTGAATTCGAATGTAGGTCATGACTAATGACCTTACAGGTCTGCACATTGAGGGCGTGATGAGTACTGCAGGGGTCGTGATCTGGAACAGTTTTTTGATCGTCGGACCGGTGACTTCTCTTTGATGGCGATAGCCATCTACTCACTCCCAGCTTTCAGTACCCACGTCTACGCTGCAGCTGCCGCTAGTGTCGTTGCAATACCCAGTATC,1619,49.78,Drosophila melanogaster
SEQ_233564,CTAATTTTGAGCTCCTACCGAGAGTCGACTTGCCTTTCCGTCTATCATGGGTCTGCCGTGGAAGCCGCAGATCCCCCACGTCTTTGCGGCACCTTGGGCCAATAGATTTTTAAGAGGCTCTCCCGTCCTAAACGCCCATTGATCACTACGTCCGTACCCACTATTGGTGAAAAAGTGACGTTGGGACAGCGATTTGCGTACATGAGTGACGCCCTGGTCCATCACATATTCGATGACGAATGAATCTGCTGCGGTTCATTCTCTGCCTTGCTGTGGACTTCCACATACTGTGCAAACAAAGAATGATTTGCTTCTAACGCTACTAATTCCATACCAAGGTGTATGTCGTGACCCCTCGCGGACAGTCGGGTCCACCATTGTTCGTGGCCCCCGAAGCTCCAAAAACGCGTGGCATCACACAAATAAGTATCACCGCATGCATCCCGTTAGGTTGTACTGGATGTAAGTACTCCCGGGCACCACTTCACAATGTTATCTGTAATAGATTTTTGGAACGGAAGTGAGATTCTGACCCCAGGTAATAATACGATGCAACGCAGCTTAAGTTGACTCTGGGGCAAGGCCATTTGACGGCTCGAATCTGGACCAACACATTTGGTCATATATGGGCGGGCTCCCTCATAACCCCAGGATTACTGCCTACTTATATTAAGTTGTTAGTATCTGGGCCAGCAAAAAATGTAGGGCTTCGTAATCTACTCACCTAGTGAGCCTTGGACTTATGGGACCTACACTCCCAGTGCACCCGGTTGGGGGGTTGCGCGATAATGCTCAACGAGTGGCTCATCCAAACATACTGTCAAGCGTTTTACAATTTAGATTCGCGGTTTGGACTCAGGCTCCTGTACATATTGAAAGGTGTGAAAACCTGTACTAGTCGTAAAAGACTCGGTGCACGTGAGTCCTGCCGGCTTTGACCTTCAAGTGGGTGAGCTAATCCGAAAACCAATGTACGATCTGTCAACGAGCGTTGTAGTGCAACGCGGAACCGGGACACTCCATTCAGTTCAGGAGCACCCTCTGTGTGAAGGACGCACAGTAATCTTTGGAAAGGTCGTTAACTATAATCTTTGTGAAGGGGCAGACTATTTAAGGTAGGCCGCGCTCTCTCATGCCAGGGAAAAGCACTGCACCAAAAGAAAAATCCCTCAACCTGGACCAGTCAAAGGCAAGGCCCAAGGGTGGCTGACTTTAGGTGGTTCGTCGAATTGCTATAAAGCGTGTCTCCCTATCCAACCCGGATGTGCAACCACACTAGATCTATACTATCGGGGCCGTATTATGACCGTATTTCTCCTCGCATTAGCAAGCTAACATTCGCTAATGAGGTATACCGAGGTAACAACTCCGATTCTCGGGCCAGCCACCGAAGCCTACTTAGATGTCCCTTCAGGCCCTTCCGTAGGTAATACCAGTACGCCAATGGAGTCAGGTTTTAGCTTGTAGATATGTAGTCGCCCTAAAAGGTGTACTTACACGCCCTTCTGGCAATAACTAAACCAACATTTGGGCGATCAAATCGGCGGACTCGAGGCCATTGCTACATGGGGGACCACCAATAATTATTCGATTGGGTCCATCTCTAAAGTGCATGTGGGTTACCATC,1627,48.99,Drosophila melanogaster
SEQ_975225,ACTCTGCTTTCCTTCCTGCGCGGGTAGTGCATCGGCTCAACTTGGATTCCTACTAATCGGGATACTTAATCCGGCCTCCAACCCGGGTGGAGTGCGTGCAACAGCTAAGGGGATACATTTACGTCCTTCTATGATTGGAATTCATATAGATTACCTATTAAATATTGAGAAAAAAGTTAATGTGCTCTCCAACAATCGAGATTGTTAGGGGCGTAAATAAACTAGGTTCCCGCATGTAGATGATACCCGCTGCCGTGAATTTATCTTCTCTCGAAAGGCGGCGAAATGCTAGCGATGCGAGGAGTAGTAGGGCTGTGCCGAGAATCTCTACACAAAGATCCAAACGTGCGATAGGCGTATTCGAAATCCAAAGACAGTTCCTTTCTAACTCTCGGATATAATCTACGTATAAGCTCGCCCGAGAGGGAAGGGACTCGGATTAAGGCGTCCATGATCAACCGTAATGTGTTATGTGATTGCCCACCCGTATGGAGGAATGACACCGCAGAATCTCTTATCCCGCGCTACCGAAGGGCTGAAAAATGCATACAGCCCAAGGAACCCCTTTAACATGGAAATGCGTTCACTACACACAAAGGGGCGAAGAGTTGATCCGTCTCACGGTATAGAGCACGGGCACTTAATACCTCTAAAATACCCTAAAGCTTGCGGTGTGTGTGGGAACAAGCCCATTCGGGGGTACCCAGCTATCGGTAAGACACACGTAGTACATTAAACGGTTGGTGGTTACACGTGTAAAGGCTAGAGGATACATGATAAACTGACTAAATATACACCCGTAAGGACCTCCGCCGACTCTTTAATTGCCAGTACCTACCGTGTTGGTGCACAGTTGCCACGCCAATGCCCGGTCAGAACGCTGGTGAGAATT,892,47.76,Escherichia coli
SEQ_734812,GGCGGGAACAGAAGTTTGAACGGATGATGCGACTGCGCCTCGCCCGCCTTGTTACCCAAATAGGGGCCAGACTGTCCTGTCCATGGTTGTCAGGTTGGAAAACGGTTATAGATCTTTGAGACTATGCAGTGGGATTTGCATGAGTAGGGCGAGAAGCGCTCACGCTCGGCTTAGTACACAACTGCCGCAGCTAGTTGCCGAGCCGGTCTGGGGCGGTTCTCCTCCCGGTGATCCGCCTCCCGATCCGATTTAGCCCCAAGTATTGCGGCACTTCACCTAACCTCTGGGGCATGGATGGCGCAATACTTATAGGGTGTGAGGCATTATATAATCTTCTAAGTACTTACAGGCCCCCCATAGTCGTGAAGTCGCCTCACGTAGGCTTTATACGGGATCTCGCGACTCTGTGCTTGCTCATGGAGGATAATCTGCTTGGCGACGTTAGTCCGGGATATTCCAATTCACTACCAGATTTACAAGGCGAGCAGGGGATTTAGCCGACTATGCAACGCGAGACACCATTACGGCCTTCAGCCTATCATTGAAACGCGCAACTGCTCGGCGGCAGGGTCCTTTTCGATCTGAGAGGCAACACTCTTACCTGGGTATTCTACCTAGTCCGGCAACCCAGTGCGTGTAGTAAAGGTAGTCGGTCGGCCAACCGGTCTTTTTCTTAAGTTTGGGGAGCCTAGCAACTAAGAGAGATGGATAACGAGCATTCACCGTAAGCTGAGCTTTTCTGGATCGTTTTGACTTGTGTGGTGCCTTAGTAATTAAGACCAACACATGCTGTCCAACTATGGAAGCGCTTCGCCACTAATACGGGTAGGAAACAGAAGCAACACTCCTTTTGTTAATGACGTTACTTGAATATGTTTGTAAGTGCATATCCCGTTTCAAAGACATCAACCGAATCCCTTCTCATAGACGTAATAATCGTCCACTTACATTGTCATGGTAAACATTTACCCAAGCCACCCTGATGCTCAGGAACCATTATATAGATGATCCGCTTCAGACGTAACTGATGTGGACGACAAACTCTAGCGTCGGTCATCGACCCTTCACTCAAGCTGGAGGTTTTACCCAAGATAAGCGTCTGTGTATGGACTACGGACCTAGACCGTCCGATAATACTGACTGAGTCTCCCGTACCAGCTTGGCACCACGTAATTTGTTCGTTATAGGAGCTTGAAGAGGTATGTGTGCTGGCAGGCGTTTGACCTCTTCCAGTCAAAACCACAGACGACGTTTCGGAGGGTCGGATGATCCAAACTCCCCGGTACCCGCAAAACCCATTTGTGAGGAGGATTCGTAGCACTAGTGGCATGATTAGCCAATACCTAGCGGACCGTACGGAGCAGGCTCCTCACGTGGATAAGTTACCTTTTAATCGAACTCCGGGTCTAGCTTTCCTATACATGCGGAGTTGGACCGGCGTGGGGGTTGCAAGCTACGCAAAGTAACGGGGTTACAAGACGCTATACCCTCTTCCTGTCAAGTCTCGCACAGAAATGATTATCTAAAATACTGGCTATTCGAGTTCTCCGCAAGTTGTATTGCAGGATCACATCCTGTGCGCAGAACGTTGATTAAGAATCCGGAACCATTGTCAAATCCTGGAAATTGTGATACATCTGCTTACGTCATAGTAGTGGCCTCCTTATAGAATTGGGGCCTGGGGTGTCATTGGGTTGTGA,1700,49.59,Escherichia coli
SEQ_675465,GAGATTCCCAGATCAAATGAATAACGATATGTTCATCGGGAGCGGGAAGGACGCAGCGTGCTCGTAGTGTTTCCACAGCAGGTGGGACCTACCTAGCGTTTCTGTGGCGAATGCCTTGAAGATCGTCGGCCACCGTAGGTCTGGCCTCCTAGTTCAGCTGTAAAACCCAGAATAGTGACAGGCGATTATACCACCACATTCTGTTGAAGCCAACCTAGACTGATCCGATGCGAACTTCCTATGTGCATCATTCTCCCTATAGCTTACGAGAGTGACTTTGCGAGAACATAGGGGCACCATTATATACAAGGCCCTGATAGCTAGGGCCAACTCGACTAGCATCATAGCGCAGCCAGGAATGCATGGTCATCAAGCATCTCGACATACGGTTAGTTCCTAGTGTGGTTCTATCGATAATTCTTCGTGTTTGCGCGCGTGTCCTGGTCTCGATTACGGGGACCTGACTCTTAGATTGTGATTTAAATGATAAGAGACGCGGGGTGGAGGCCATCCAGGTACCATGTAAGCTCTACGTTAAATGCAATGCATGAATCGTGGACGTGACATCACCATAATTCCTTTCACTTGTGCTTTTCACGAAGGGATTCTAGAACGGTGAGCCTTTAATTCATCTGCAGTTGAAATATCTCAAAGTGCCACTTCAAACGACGACGATGTGAGGAAGGTCTCCGGTACTATAACTTAGAACTTCTGTGGCCTAGCTCAAGCTTGTTTATAACTGCTGCCAACGATCCAGACTGATTGCCTCTCTGCGTTGAGGGTTACATCGTACGCCTTTCGGTGGTCGATACCGACTATATACCGAAGCTCTGGATATGATGTGGACAGAGACCACGGATGTAACCAG,868,48.16,Caenorhabditis elegans
SEQ_379431,CATAGAGGCCAGGATGTAGTCCTCGTTGCCTTCCGATAGCTTATGCGACCATCTCAGGTACCCTTTGAGGAATCGGGGGCATAGTCCTGGGCGCCTCGATCAGCACGTTCGTTAACTACGGGCGAGCTGAACAATATGTGCTTTGAATTTTCTTCCTCTTCAGACCGATGAAATCCCGTTACCGTACAGGACCACTACTATTAACCTGTAATTCCCGAAGCTAATTATATTCACGCAGCGCCTCTCTATTTTATCTGGTTGGGCTAAATCCCAGCTCCTTATTAATTGTATGGCAGCCTACGGGAGCTCGTTAGCGTATAGGAGCTCTCGAGCACACGGTATCACGGGGGGGCCTAGTGATGGGTGAGTATCCCGCACCATCAAGCGCCAATTAGGCGGCAGAAACTAGAGGCATTGATGTGTTCTAGGGATTGAAGGGCCTCCAGCCGAGGTTCCACTGCCCGGACGAAAGTACCGATGACATGCTAAGGACGTCAGCACTTGTTGGGTGTCGGACGCAGGCGCTGGGATTAATCGTCGGATCCGTCTTATAGAGATTGCGTGACCGGTATTTCATTGTATCCCTCTAAGTACCACCATTTCTAGCTTTTTGCAATAGCCACTCTTTTCAATAATCCCGCTAGGAATGGAACACTCTTTATTGACCGTACCAGCCGGGCACCTACCCAGATGCTGGGTGTGCGCGATGGTGCCCTTTGATCTTTAAGTATGAAATAAGCTGCCGACTTTTTGTAGTCTCACTGGCTCGGACACGACACCAGGAATTCTTACTTCCGAGGAAGCTGTCTTGGACCCGATATCTGAGAAGGTCCCACACAGTGTATGGTCATCTCGCCGATTGGTTCACCCGGCCGATGGGATGTTCTTCACATACTAACTCCTGCGACACAGTCCTCTTTCATTCGATTATGAGGAGCTTGCTGCTCTAGTTTGCGAAGCGCTGTATTCATCGTCACCAACGACAAGATGTATGTAACCCCTGATACCGAATTCG,1015,50.15,Drosophila melanogaster
SEQ_322879,GGCAAGCACTTTCGTCTTGTCGCGAGAGGCGTGGTTCACAGTCGCAGCATCACCAATCCCCCGCGTCCTCGAAATTGTTAGTCGCGCTTAAAGCCATTTTACGGACTGCAGTTGGCCAAGGAGCGCATAAGAGCTCATCATCTCGTTTATTTGAACCGTCCCATAAAAAATTTCGATGCGTAGGACTACAAGGGGTGCCTCAATAAATGCCCCCACTCACGTCTATCGACCTGCAACGCAGGATAATGTGCCTAACATCCAGAACTCCTACTATCTGGCCTCGTACTCCACGGCGGGGGACCAGGGGTACCCCCAGTGTGGTGTAAGGACCTGTTGGCCAACATATTGCCCGCACTGTCTCGGCAACCAGATCTACAAACCATTCGCCAAGAACGGTAACTTATGGGAGAGTACACCACCTTAGTGTGTGGCAGGTGGCCCAGGAATAAACTAGTGTCGGCGGAGTATGGTTGCACACACGACCCACATGTGGAGGGTCCAGGAGCCCCCCAGTTCCAGTAGTTGCGGTTCAACAAACTAGGTTGATCATTATAAAGAAGGCCGGCCCGATGGTCGTGGGCCGGTAGTATATTTTTCTGGCAAAAGGCAAACGCCGGCCTGATTTATGCATAGATTCTACTGTACCCAACAAACTGGAGGCGGGGTCAAGGTCAGGTCTACGTATGATGACTCACAATTTATCATCGTGGCCGGTGTGGCCATTTTATGGCTACCTAAACCTTTATCATTGTTCTGAACACCGATGACTCGTCTAAGAACCTATGCTTCGATGGAGGCTTGCGGCAAAGGCGAGTTAGAAGTTTACTCTCGTATGAGGTCTGCCTCTACAAAATAGGCAAGAAGCTTACATTCGCGGATCCACTGTGCTGACGCTCATTAAGTGCACAGAGCATTTAAATACAAGATCAGGGAAAGGGCGTCAGGTTTGTAGGTGAGCTATAAACCCCGGTGTCGTTCCTTGGAGCACCCTCGAAAATCTTTCGGTTCGCTGGAGCATGCGGTGCAAGGTCTAAGCCGGGTTA,1043,50.91,Mus musculus
SEQ_167321,GAGTCGATCCGTGGTTTTACTGACACAGGGGCCTCTCTAATCTGAGGGGCACATTTCCTAGACGTCTGCTAGGCGTGAGCTTCCGCAACGCGTATGACCGATGTGACGCCGCAGAGTTGCAAGCACAGCGGCAAAACGACAGCTTGCTGGACGGAATGCTGGCAGAATTGTCTCTTTGCAGGGCCTCCACTTCTAATGGATACATATTCCAATAGGTTTTTTGAGCCGCCCCACTGATGTCAACTTCCCAGTAAGCAGCTAGGGCGGTCCAGGATGAATGGTCCATGGGGCTATAGCCGATGCGCTTTGCTGCTTTATCAGCTTGGTCCCTTTCAAGGGTGTGCCAGGGCCGTCGCGGGCTACAGGGCACTGCTATCTGATAGAGATCCCGATTTAGTGCCAGACGTTCCTGTTATTCTACTGATACCCACGCGTTCCTTGGCCGGTGGCAGTGTTCTGTAGATGGGCAATTGCGAGGTTGAGATCGAGTAAGATAGACACCGTTACATCCGCACTGGACATAAGCGAAATCCTCTATTAATGATATGTACGACGGAATGCCTAAGATCCTACCACACGCCTGTGGAGGCGACCCTTGGAAGCCCAGAAAAGAAATATCTTATCTTGTGCATTCGTCTTATCTCGCGTCGCAGAGCCCTGCAATGAAACCCCAGCTTCCAATTTGAGCGAAACATAGAAGAGCGGCAATCCCAACAGGTTCTGCATCTGCAACGTTATTAGATGATTGACCTTTCTGCCGTTTCCTGAGTAAGTGTGAACTCCGAGTCTCGTGTTTCT,798,51.13,Escherichia coli
SEQ_323005,GTTTCTTCTCAATGAAATCTATGGCTTGTTCAATACACAACAATGCTCTAAAGCAACAGTACATTGCTACTTGTAACCCAGCTAGAGTGAAGCAGCTTCGATGCCGTATGGTAATTTTGCCAATGCCCATCTATCGTCCAATCGTTGGGACAGGTAATATCGAGTATGGAGGGATCTAGAGAAACGGTCGGATTGAGTAGTCCCGAACGCCGTGCCCGTAATACGCGATCCTTATCCCATATCCCTTCTAGCTAAAAAGCGAAATGTGTTTCGCCTTTAGTGCATTTGGTATCCCCACGGTAGTCGGCCCTTTTTGCAATGAAGAACAATGAACCCAACTTTAAATGCCGGGGGCTCGAGCTATAATAAAAAAACCACCCCGCCACCGCTTAGATCTTATCACGCAGAACTACACGTGAACAGACGAGCCGTTTGGGATCTATAGACTTCTCTGCGGATCTACCTTATCGAGTTCTACTGACTCATTAGCGGAGTTGGGTCGATATTATCGCCAGTGTTCAATAACAGGGGAGATCGGACGTCTCCCTTCAGGTGGACAACTGACTGCTTGTCGCTAGGGCTATAGTTAGGGCAGCTAGCTGCTTTACATGTCCTGATTCGAAACCCTCAGTAAACTTAAGCGCGATGACGGCCGACCTCTGTAGGTGCCTTAGTGATCGGCTCAGTGTACAGTATAAACATACCCGTTCAAAGATGGTATAGGCCGTGTCAACTGCGTTCATTTCAAATACTTAATGTAGGGATCACGCCGTCTCAGAATCCTCGGCAAAGTCAGGACAATGCTCTTTCTAGTCAGAACCAGTTTAAGTGCTTTATCGTGGCCCGTAAGACTGAATGTCAAAATAGGTACGTAAATTGCGGATTCATCCGTGGTCGGCGCGACGCATAACGCGTCTCTAGACTTGCTGAGGTGAATAAGGGCCAGCAACCGATTCCTTCTAGATCGACCAGCTCGGTAACACCTCAAAGCTTGTATAGAC,1001,47.15,Arabidopsis thaliana
SEQ_659853,ACCATTACTGGTCCCCGCTGCAAGGCGCGGGGAAGATGTGCGAAAGTTCAAAGTTATAACTCTACGTTATTCACCCTCGAAATTCATGATCGGATCGCATACGCGCGATGTTAATTAGGGGTAGAGTAATCTATGGTGATGTCTTGCTTGTAAGTCTGAGCTATATCCCTCTCGCTACGAACCAAGTCTAGGAGATTCGATGGTGAAAGGTCGATCTCACGTGTCTTAGTGCATAACCCAAAAGGTGTACAAAGGCGATAGGTCAGATGGAGGCTGCCAGCTATCAACAATGCGGTGTAGACACGTCGTCTGCGATGTCGTAGTGCCTCTCCCGTCCGGCGTAAAGACCTCCCGGAAAGTACGGGGACAGCCGTTGGAAACGACCGCAACGAGTAAATCACCTCTGTTACAAGTGACGCACACCTCATACGCCCCAGTGGCATGGCAATGACGGTCTGAATCGTTTCAAAAAAATTCACTAGATTGGAACTGTGGGCTGCGTCAAGAGTAAACGAAATCACAGAATTTGAACTTATCAGTAATTCTTGGGACGTGTGCCACATTCGGCCTGGATAGGGCGCAACCAGCCTTGCCCGAGGATGAATTTCGGCTTGGGTGAAGGTCACAGATGGTTCTCACCCGCTAGCTGACCATACTGTTGCAGTCCAACACCTACACTGTGCCGAATTCTACACACTATTTTCCAACATAAACAGAACTTGTTAAATCGATACTCAAGTGGCCGATGTCCCACCTTGGGCGAGTCAGTCCTAGTGGACACGCTAGTTCAGGTGGTTAAGGGTTGACTCATTATATTCCTGATTGGGTTCTAATCGTTATTTGGTTAGGCTTTTCAACATTAATCAACTGATAAAACCGTCGAAAGTACCATTAGGTTTATGCCGGCCAAGGTGGGGTAAGAAGCGCCGTGACTTTAAGCCATTGCGCTCCGTTGTAATCACTCCCAGTGACCTATAATCACTGGCATAAAATTAAACATACTATGGCTAGGATCACACGACCCGCAGCTTGACCCTCGCGAGGTCAATCCTCACAGGCAACTGGTCTTGCCGATCAATGGCTAAAACCCCTTAGTTAACAGCGTTGGAATTCCTTAAGACCCTAAAAGACGAGGATCACACGAGACAGCCGGGGTTGCGTAGGGACGTGGGGTGTCCTAGGGCCATCAGTTAATTACGAAATTAATACCTGGGAAAAACTTGATCCCGTCCACATGAGTCTAGCAATCAACTATGATTCCCCCCCGTACCGGTAGCGGTTAGTCAATCTAGTGGCGCATGTTGGGAATAGATGCAATTGTACGCCGTAAACAAATAACAATACATACCATCATCGTAAGTCAGTCAAGACCTCGTCTGAGGCGGACCTACAAGCAACGTCGCAGAAAGTCTCTGCGCTCGACCTACTTCACGAAATTGAGTGTGTGCACGCCACTAATTATGAAGAATGCGGGCCCCTTTATATTAGAAGCAAATAAAGTCGGTGCTTGCACCTCCAATATCTTTGGGACTACATCAACACATGTCGTTCTCCCCACTTACCCAGTAGATCAAGTAACGAGTATATCCTCAGCGTCTGCTTTATCCAGTCCGCTATAGTTAACGTGGCATGGCTAGCAAGCTAGTCTATTCCAGCCTCGCATGCTCCGGGTCGTCGGCTGACGCCCTATTACGACGCAACCGCTAGACTGCACTTCCCTGATGCGCGTACGACTCTAAACACCGACAGAAACGGCGGACGGTGTCCTCGAAAGTAGCCCGAGGTAAGAAGTAGAACGAGGTTATAGTAGTAAATCGACTTAAGGAGGTAGGGACAGCATTCTGTTAGCGAAAGGCTTTAGC,1862,48.44,Homo sapiens
SEQ_291343,TAGAACGACCGTATCGAAGGGTAATCTTTACTGTTTGTAACGTCGGTCACTATTACTAGACGCAACCTGCGGGCTGTCGGTAAGGAAAAAGCGATAGTATACATGTTGCTGAAACATCTAGTCCTGCAAGGCAATTTTCATGCGGTTGTATTTAGGCACTAATACTGAAGTACCTCCCGTCAGAGTAAGGGGGCATGGCTTTTGTACATAGCTCCGGGTGCGGGACATCAATTCTGTCGGTACTCTGGCCCCACACTGTGTCGTTCGGCCTGCTAAAGGAGAATGAGATAGCTGGAGGGCCTACGCAGATTCTTCTGGGTATCGAGGGAGGGGGGGGAGGTTAGGACGCCTGGAAGCCAAACGTCCCTCGCCAAGTAAGTATAGCTGAATTCAAGTCAGCAGTGGGCAAATTCTATGAAGAAAGTAATGGTTATGCAATCGGGTAGGACCTCTAGCTCTTCAATGTCGGATTGTCTGTGTTCGGATCCTTAGAGCGGTTGCCGATCCCCGCCTGGTCTATCGTCTCGGGCAGTGATGCAGCCGAATTCGTCTATGCAATTATTGAGGGTGTAACTGCTAGTGATCTATTGTACTGAGCAGTAAGAAACCGTCTTCTACCCCCAAATATCCAGGGTTTCGCGCGATCCCGTCGTTACGACGAAGAGGGATTTTTCTTATAGTGGACTACGTAACAGAGTTGGAAATGTGTCTGGGTTTGTGGCTAAACAGCGTAGGGGAGCCCATGGCGCGGTCAGCACTTCGACATAGCGGATTGATACCAGAAATAGCTTTTATGTAGGTACCGTGGGTATCCCGACTTGGCCGCCCGTGGCTATTCCCGGAAATTTTGTGGGAGCTATCGCACGGAGATAGTGTGCTCATCGCCCTTGCGAATGTACGCTATGTTTCGTGCGG,915,50.16,Arabidopsis thaliana
SEQ_719538,CCGGCATTATCAAGTTTTAATCTTCCACTTAAAACTTCCGAAAGACATGACGGCCGCTCGCCCTAGTCTGCAATGTTAAACGACTTACTAGGGATATGTTGTCCCTTGCTCGTCAACAACTGACGGTCTCTCATTTAGATTTGAGCTGTGCCTGATCGTCTTCTTAACATGCTGTGGACCTAGTCCCCAAACAAATTCCTCCCGTGTACAAAAAGTTGTACGCGCCCTGAGGAACTTACTAGAAGTTTCTTGCTATGAGGAATCTTATCTGTTACGCCGTGTATGCCCCGTAATTTGCGGCCATATTACAGATATGCATTTTCATGTCCAGCCGCGTATGGTGTACGTGACGCTAAAACCTCGCATCAAAAGCAAGGTCTTGCTGGCACAGAGGTATAGTGGCCAATCAGGATACTTAAACGGTTCACTTTGACCGATCTCGAATGACCAGTTGCAGACGCGTAACGGGGACTTTTACTCACGTTTTTAGGATGACCTGATTGCCACTCTGTCGAGGAACTCTGCATAATTCGATTAGGATATGAGTACGTAGGTTCC,558,45.88,Escherichia coli
SEQ_940945,TCCCAACTGCCCCCAGTCGCACATGCCGTGCAGGCCTCCTCACGTTTACGAGGGTCCTAACGCCGGTGCCCTACATTGGCTCATTACTAGGCTCGTACGTACCTTTCCTTTTACTGCCTAGGTCTTCCTCCATTCAATTAGTACATTTCCTACATGGCCGTCTAAGTGCGCGCGGTCCTGTACTTAAGCATTTTTCCTTCTCTCGTGCCATCAAAGATTAATGGGAGACTAACCCGGCGCTAGTACTAGAACACTCTGAATCAGCGTAATATTTTTATAGTATATATTCGCCAGGGCCCACGTAAGCCTCCTAAGGTCCGGCGGTTAATTTTGTCTGGTCTCCTCAGCATGTTTTTTCTAGCACCTCTTGTAATCTCATAGATGAGCATCGGGTCTGGACGGAGAAGGCTTTCTCGACTCAATCTATCAACGTGTAACTCGTGAGGCCTCGCACAGATATTTTCACAATTATGTCGCTCTGTTAGTGGCTCACGGCGGCCACCAGCGGGCATGAGTAACCTTACCCATTTGGGGAGAAGTAAGGTATGGGCAGTTGCCGATCTTTTATTCTATGAGGCGCCCAGACAAAAAGGTTAGGTACATAACGACTCAGACAGGACTGCGTACAGTAAAGGGAGATAGGATCCAGGTTAGAGGCTTCGTACGAGGCTGCACTCGCATAAAGCCGATGTACTTCCGAAGCAATGGTCCCCGCTCATGATCTGGGGAGCCGGATACGAGGCTTGAGCTCTCCGGTGGGAGGCGCGATGAGTTTACCAACTGTACTACTTTTATACCAGAGCTGTTTGGGACACCGAATTTAACCTGAGGTCACCCCACACATGCCTCCTCTCAAGTCGACGTTGTCATTCCGAGTCAGTTCAAGATCTGAACTAAACAGCGTTTTTCTTCCAATAGCTCTTAGGAAGGGGATTGGAGTTTTGAGTGATAAACGACCAGGTACGGGGGAGAGATATCTTCACCAGCCTTGGCCTCCAAGCGTCGGGAGTCAGCGACCCGCAATTGATCTAGTACGGAAATGTTGCTGGCCTTGCATAAATTCTACAATACGTTATCTGACAGGCCATAGAGATGGAGCGTATAGGTTTTCCGTCGGAAATCCCCAGGAGTGTCACGCAGTAAGTAGAATCTCTCCCGGCTGTATTTCAAAATATATAGGTATAAGAATTCGAGGCGTGTCTTATCTACTCCGGGTATTCAGCGTTGTTGATGAACACAGGTGGTTTATTCCACCGCAAAGGGGTTGATCAAAGCGTCTGCAGAAGGTCCTAAACTGCTGCTGGATTAACTTCGGATCCTATAACAATCCGCACAATTAGCCAGCTTCTTTGCTGAACGTGGCACTCTGAAGGCGAGTGTTCAAACTGCGAACGGATGTTTGCGAGATTACTCGGCCCGCCGGGCACCCTATCGAAGTAGAGGGAATCCGGGACCAACTGGCCCGTCGGACCGGCTTAGTGCTTAGATAACGAGGAAAAGCCCTCCATTAAAGCTCTGCGCTGAATTGCGCTGCAGGACCTTGTATGGCCCACCGCTATTCATACCCACTGAATGGCCAACAGGCACGGGCATGGCAGTGTTAAAATCGGGCCGGACCGGCCGTCTAGCACGCGTTGATAAATCATCCCCCTAGGCAAAGTAGTTAAAAGTATCG,1675,49.97,Arabidopsis thaliana
SEQ_800191,TGCGTGCCGAGTGGAGAGGAATGAGAATTTAGCTGCACCGAATCGAGCCACCAATTATGAGCATGTACCCGCAGAGGCTCTGAATGACAGAGGACACTCGTAGGGGAATTCCCCACGCATTACGGTGCTCTGTAGTACTTCACGGCCAGAATCTTTGTGTTTGCCAAATTTTTGTTGGAGATAATCTGGGATCTGCTGTGAACAAAAATTTCGTGGAATACTACTTAGGGCAGCTCCACCTTGTATGACTTTTGTTTGTGGCTACGCGGCACAGTGGTGTAACTCTGGTACTTCGAAACACTGTAGAGACTACCAGCCAACGGGACTCAGGGGGGGGCCCACAGCAAGGGTCCACGCAGATTGTACACCCCGTGCTTGTCGATCCCTGAAGGCCCGACTCACCCGGGCAGTATCGTAGATGGTCGCGATGGACGCGCACCACTTCAGATGACCACCAGGCGCTTGCCATTTATGATACCTGCTCTCCCAGGGGAAGGCCGTAGATATACTGCAATAGAGGGAAACACCGAAGCTCTTTAATGGCCTCTCTATGACGTCCGGGCTTCCCACTCACCTACTCGAATATACCGATATCGGGTCCCAGCGCGTCGGCATTAGGTCGTGACAAGCGCGGTGCTGGGGCCGGGCTGCAGCTCGGCCCAGCCATCTAGGTCGCACAAACAGGAGCAGAAATCCTGTACAGTGCGGTGCCTGAGATTACCGAAGAAGTCAGCAGCGTCGACTTACTACGGTAGTGTTGGCCTAAGTTTAGATTCCTATGACGAGGTCGCTTCGACGCTGAGTCGGAATCTGTGGAAAGCGGATTTTCCTTGTAGTGACATGGGCAACATCTACCACTACTACTGAAATGCTGACTCCGCCCGTGAGGTTAAAGGCATAGTCGCGATCAGTTTGGACGGTAGATATTTGGTCTCAGTCCCTATCCAACCTCGGATAACTGATTAGCATATACCACCACTACCCAGAGGTGAGCCTGAAAGGCTGTCCATCTTATTAGATACAGACCTCCATAATAGACTAAGCACTAAGTTCTGGTCCTTGGAAGATGTAAGAGTGGCGCATGCACGACCTAACCTGGGGCTCGGTAGTTCTCTGCCAGGGGTAGACGCGCCGTAAATGTATCTCTACACTAATGACTTAAGTGAGAGTGGGGCTTGTGAATCACAGACTGGAAGTTGCATCTTTAGCTGTGGCAAACACCATGACAGCGTCATGCTGGCCAGAGCCGTTGATTGTAGGCCAAGAACTTAGGAGCCAGACATCGAGCTATTTCGTTTTTCCCCGGCGAAATTTCAACTAATAGGCTTAAGAATCCCCAAATGAAGGACTAAGCCGCTTAGTCTTATCTACGTCGAGGCATCATCATTCAAATCAACCCAGGTAGACAAAGCCTGTGTCCCAAACGAGAATTCCGGCATCGGAGTGCACTGTTAACCTAAGTCCAGAAAACCCGCGGAATA,1481,51.05,Escherichia coli
SEQ_476237,GATAGCGGAATTCATTCTACTAGAAGTCTCCCACTTTCTACGGTGAACGAGCCCCAGATCTTGATCGACTACAGACCCCGGCCGCCTAAGCCGAAATTCATTAATTCCGACTAAAACTGGATGGGACGTAAGTTCGCACGACCCAAGGGACCTGCCGCCAATAGCTGTAGCAAGGCCAAAGCCTTACAGGGGCCAGACCTACGGTATAAAGAGGTTAAGTAGTCAAGTTGAGAGCATATCTACGTAAAACTAGTCTTCGAAAAATGTTTAACTGTGGGTCACCTCGGGCGGCCGTCAACAGGCGAAGCTTTCAGGCACCATCGAGACTGAGCTTTCTTATTTAGCTAAACGCTATCGTCCTGCTGAATATAAAGCGATTTAGTGAACGGAGGATTTTACGGCGCACGCAGTCCATAATTGTAATATACTGATGGAGTCTCCATCCATAGGGACGCAACATCTCGTCTCTAATATTCTGGTCCTCATGGATTCAAACCTATCAGGCGGCAGGGGCCGTGCTGCTAAAGCACATGGTATGGAGGTAGTATAAAGTGATGTTGGTATCCATTACGATCAATCTAGTAGATATATCGGCATAACATACAACCCAGGGTTTGTCCACAATTCCTCCGCTATTATCGAATGGCAACGTTAGTGGTCCTAAGGATCATATCGGTTCTTTTAAATATTGACCAAGCCGTCTCATTTTAAATAGCCACGACTAAGTATCTTGAAATGACGGCCACTGTAATGGACCTTCGGAAACGGTATACTCCCCACCCGCCGACCACGAAAGTGTTTAGAACGGAGTTAAACCAGCATACGGTAGCGTTCGCAACAGCAAGCAACCTTCTGTGCAGTGGTTGACCGTCTGTACGGGCAAAACGGTCACTCAAGTATAAACCGTGTACGCACCCGGGCCCAGTGGCTTCCACAACGAAGTGTTAGTGCAATTCTCTACGCTGGGGTAACGCACGTATATTCTGTACCCAC,993,47.53,Homo sapiens
SEQ_538507,ATAGCACATGGAGATTGTTGGCCCAATCCGGGGAGGATGCGCGAGCATAGTTGAGTCTGCGTAGGATATAGACGTAGACTAGGCCACATTGGTTGCCCTGCAGACACCTCTCCGCAGCATCCTGACTGTTGGAAATTAGCAGAGTGATATGGTAGGGCACGACCAGACGTCCAATCTGGGACTGAGCCTCCACTAAAAGTTATAAGTGACTTGAACGGCAAGTCGTGATGTCGTGCTGGCTCGGCGTACATTACATTCAACTATACTGCTAGCCTCACACGTCGTCGGGCCGATAGAAGATTATGAGAGGAAATTTACGCTCAGAGAACATACGTGTACGCGCAGAGCGCATGTGGGAGGCCCACCTCGGAAGTATACATCACATCAAAGGACCTCGAGCCCTGCCCTGTTGTCCAATAGCCCACCACTTCCAGCCAGGATGTGAATCCACAACTCCAGGCAACGCGCGTCGCATGGTTGCGTTCGGTGACAGCATCCTATAGTCAGTGGAGGACTCGGAATTGCGCCGGAACTGTTGAGAAGCCTTACCATTAGTCGAAGCCGGTCCTAGCACTGCAAGGATGGATTTTAATGCCTGCTGAACAGACAGACGCAGTCGAATTCGGCTCGTTGGCGGCTGACAAGAAGTTGAGGCGAGCGTCCGATCTATTTCTCCATCTGCGAGCGTGCGGCTTGGTCATTTCCAAACCTAAATCGGGTGCTCAAAAACACTTTAGCAGGTTATTAGACGCCAAGGTGGAGCTGTTGAAACTGCGGAACCTCCGCCATTGAAGACCCTCATGACGCGCACTTGATTGACCGGAAGTGGCGGCTCCGCCACAGTATAAAAAATGCCGGCCAGACCAAATAACAATGCAACATAGCAGGATGGAGTATGCGCACTAGTTAAAGAAGATTATAGATTTTTCGTTCTTACTAGCCAGGGAAAACACTAACATTCATGTCCGCATCAAACTTAGCGGTGCTCATGATCCAGTCTCTGCATGCCGAGTGAGTGTGGGGAGCTACGAGCCTAGTCCCGCGTCGGTGCCACAATCGGTTCTTCTAGAATCAAACGGGTACGGGAGAGGATGTGGAGTCGTTCATTTGTTTCAGTTTGGTGAACTATGAAATTACCTTGAGACACGGATACATGAGTGGTTGCCAGGCGGAGGACCCAGTTCCTGGGTACTTTACATGAAAATACTCAGAGCGCTAAGGGAGAACGTCCCAGAATCCGCTAGCAAGTACGCAATAGCTTGAATGACACTACCCTAGATTCACGAAGATAGCTACATACAGGTGCTTTATAGACTATGCGCCGATCAGCTTGGTATCGCCTCGGTCTAAGTGATCAGCTAAACATACTCTATACAGGGGCGCTCGGCATGCTATTCCATCCGTCAAGCTAGACGGGAGGGTACGCCGTGAATCCGCTGACTGTTCCCTAATGTATAACTCCCTGGCTTACAACCCTGGGCCCGTCAAAATCTGATATCCGAGCTCCCTCCAGTCAGTGGCGGAACGACATGCTTACCGGTCCAACGCAATTGGCCGGATGAAGATCATTGGTACAGAAACGGGTCAATTACACGACCTAAACTGGAACTGATCGCCTATTAACCGTCTATAGATAGTGCCTCACCATATCAAGAGCGAGTTCCACTTACGCGGGCCGACCCTGCCATTGCACTTGAGCCGATGTTACCCGTTGGGTCAAATGAAATAGATGAGATGAAACAGAGG,1746,50.74,Mus musculus
SEQ_101011,AAAGAGACTGGCAGACTCACCACCTCACAATCTATTAGTATTCGTCTGTATAAAAGATTAAGGTTCTAGCCCACCTTATCGTCTTTGGGTGCACAATTAGGTACACGGGACATGGCTGGCTCCTTGGGTTGAGCGCACGTCTTGCTTTATATGGATGAAAAACCCGGGGAAGCACCGTATCATGTTGTACTGCAGCAAGGAGATTGTCCCCCATTCGGTCGGAGCGCCACTTAGTTACAGCTCAGAGTGCTTCTGCAATGGTGATTTTTGAGGGATGTAATTAGTTTCCCTCTACAAAAATGGCGCTAACCTACTCGTTTTCCCCGGAAGCAGCCACTTTCTCATCTCGGCGACGTAATCATAGGAGACGCGGTGGGAAGCAGTACACTCCAAACACTCAGCGCGAATCCATTTCGGACGGTGTGGCAGACTCATTAAACGTTTATGCCTCTGAGCGTTTCGGCGGGATCGTCAAAACTCGAATACAGATACTCTCGCTACCAAGGGCAGTTGGAACGTAAGATCGGCCTGT,532,49.06,Drosophila melanogaster
SEQ_226867,GCTAATATCTTCTTTACTAGGGTTCGCCCACACCAGGAGGTTCCTCAACGCAGTCTCGCAGGCAGCCGTGCGCTCGAATAGCGGGGCGCTTTAGTATGCACAGACCATTTGCGCTAACCTGCGGCTGCGATCTATTCCCCGCGAGGAAATCGTAGGCCGTTATAATGACTTGCGCTTCTGTCACTCGCACCCTGTGTCCTCTAACGATTTGCGAAACATACTCTGGGCCTTTCTGGTCTAGGCCTACTCTGTTACGATCTCGTGAGTCCGTGGGCGCGGATTCAACCTGGATGTCCCGAACTATAACGGTTTACATCCTTCCAAATCTGAACAAGGGGTAAGTGGCCTCCAGACAATGCCTTACGTGTAGTGATGGTCGTAAAGACATCGTATCACACACGGTGGGCAATAGCTCTGTAAGGTGTGCTGGTCGCTAGAGTTCGTGTCTACCCAGACCAGGCGGCGATGGCAGGGCGCCAGGTTAAGGGCCTCATCCTCCCATACTATACTTTAGGCTGCATCACCAAGCTGTTACCTAGGTGTACGGTTCTATCTGCCGAG,561,53.3,Escherichia coli
SEQ_642078,AGGTAATCAGAGGGCTAACGGGGTTTGGAGATGAACGGGATTCGGCCTTCTCACGTAACTGGTTGTGACTCTTCTTAAATATTGTAAGACCTATTCCCCCTCGGAACTTATCGCGGAAATACGCTGATCCACCAACGTAAGTACTTGTACGGGGTTACCTTCTAACCATCGCGTGGCGCATACCACGGGGACGTGATGACATGTAGGGAGCAATACTGCAATTTGTCCGGGAAACCTGGCACGACGCTTAAAAGTGTCAGATGGGCTAGTATCGGACGCATCTGCGATGATCCTTCAATATCGTTCTAGGGGCGCGTTCTATAGCGCGTCATATGCAGAGCAAACCACTGCAAGTGGTGTTGGTGCCGTTCGAAGGGGGGTCCCAATAGCCGTGGGTGGATCAGCCCCAAGAACCAACCGGGGTGCTGTGCCACCCGCTCTCTAGCCTATTCACCGCCCCGGGGTGCGTCTGATGTACCGTGTATCTAGAAGTCCGGAATCAGGCGGCGAGTATATTCCATAGCCGCCCCGCTCCAATCCCCTTCAGCTAGAAGATAAGGAATGCGATGCTATGCGAGCACGCATCATTTTGCTCTGAGCGGTTGCTACACACCCCGGTACGATTCGATATAAGAGATGTCTTTAACCCTCAACCGGAACTGTACCTGTATCTTGGGTAAGCCATTTTTGAGTGGCTAGCGAGTAAAATCGGTACGACATGTAGAGGACGCTCTTTCTTTGATGATTCCGTGGGCTTCCGCGTGCTATCATGAAATCTCGAATGGACTTCTTAATTCGTTACGCGTTTTGCCGCGTATTCTTTGCTGGAGAATAGTCGCCCGTTGGAGTAATATCCTGGTAAGGACACCATTCCGAGCTCGCGCGGACTAACCCATGTTCTCTGACTCGACAGGTGAGTTTCCCATATGCCGCCGGTTTAATTGCCCTAGGGTTAGGCACCCTAATTTATACGCAGGCTCAATTCATTGCGCGAAATGCAGAGTTCATTCTAGCAGTGTCTAGTTATTATGCCCCGGCTCTGGGTACCCGTAACTATGGAGTCTGAGCTATTTCGGCCATCGGTTTAAAAGGTTACTGCCACTATGTGCCGAACCTTC,1118,50.98,Saccharomyces cerevisiae
SEQ_450261,GAAATCAACTTGCATACCCTACCAGGGTCTAGAACGTTCGAACCACCGAGGCTGCTGCGAACGTCGTCGGCCTGTTTATCCGGCCAGCATTACTTGCTCCGGGCATCGCGCTGCTTCCTCTACACGTGGGCGAATGAACACTTGCTTCCCTAAGGGTCATCAAGTATAGAGTACGACGGCACCCAATCATACCTTTAGGTTTTCGCGAGAATCCTGACTCATTACCACTCCGGACACCCTCCGGGCAGGCATGCTGAGGTGGGCAACGGTCGGGACCTAGATTAGTGGCGACCTCTATTATGGACTCTTAGCTAGTCAGAAATTAGCCAGGTGACCCGAAAGTATACTTCATTCAGCAAACGATCGCTGCGTCCTCTGACCAGACAGGTCAGGGATCTTCCACATTTAAGGTGTTATGTGGTTCCGGGGCGACCGGGTCCCTCACACTGGACCTCCAGCCAAGGCATCCCTCGATACGGCTGATTAACACTACCGGGTCAATCAGAGGTAGTTCCGAGAAAAAGAGATTATGTGCAGCACTTGAATGCCAGACCTCCACAACACAATGGCTCGACATTGACCGAAGCAAGACGCCTACAATTTCTAATAGGTGTCGTCCTATTCTTAAATTAATTAAGCCAAGGCGCACTCTTCTCGGTCGCTGTATTCTTACGTAATGGAAAGATCACACTCCCTGATGCGTTGACCGCCTCCGTACTTATAGCAAACAGTAAAATCGCTAGGTACCTGCAACTGCTCCGCATTCGTAAAGCCAACCAGTGGCACTGCGCTTAGTTAGTTGAACTAGTAAGGAAGTTGGCTCCCGTTTTAAGGTGGGTCCTCCATGGAAAGAACATATCGTAGAAGTGGTCGTGCCGTAGGATCCGAGTTTGGGAGATCGCAATGAAGAACACGGGCGCGTCCCGAAAAGAGGCCTTTACCGTTGCAATGTTGGAAGAAAGATGCTCCGGCCCCCAGACAGTTTGTGGTAGACGGCCGAGGATTGGCTGATTATAAAGAGCAGTCGTACTGACAGCGTCATGTGCCCACGCTGCTCGGCACTCTATAAATCTGGGAGACGTCTAGGTTGCCGAATGCGGACCTCATATCTACCTAGTAAAGATGAGATTGCCATCTGAGTCGCTGATACGCGCGGGATTAGCGCGTGAGGGTCGAAACACTTCTGACCGAGGGGTGCGGGTTGAGGCGAACACGAGGCAAGACTGCAAGATAGTGACATAATGAGCCTTACTGGCACACCCCTGGGCATAAAAGACGTTGAACGACAGGTCGAGTTGGAATGTATATGTAAGGGCTATCACATGCACGCTTGTCAGCTTGCTCCTGATCTCACTTTCTTTACCCTCAATCCAAATTGTTTTCGCCGAGTTACCTGGAATTGTCTATACCACAGTCGTTCGAGGAGTGAGCATTTTGCATTGCGTTATCGTTATGAGAGCAGAGACGTGACTCTCCTTCCTCACATGAGGA,1491,50.77,Caenorhabditis elegans
SEQ_660786,GCCAACCGAGTGCATCAGTTTAGAGCGAAACATAGACTGATAGGAGGGTTACAGTGTCTGGTTGCCTATTCGGTGGCTAACCGTCGGTATAGGTCTAACGTCTTTGGCACGAGGTCACCCGCCGAGCATATGCACTTCGGTTATGTCATTGATATTAGTCGGGTCGCCTCCTGTGCCGTGTGTTGATTCGGATTCGCCTTATGAGAGTCACGTTGTCATCACACAGTGTTTTTCCCTTAGGGCCGAATCGACTGGGACAGTTTGACGGGCGTCGACCGGTTTAGTGGTTATAAGGTTGACTTCAATTTATTCCTCGGCGCACCCGCAAGATCCCCACAGCAAGGTCTCCTCTCGTCCTGAAGTGTCTGCGTATTATAAAATAGACTCCGCATAATTTTGCTCGTTGGAGGTCTAGAGACAATATCCGGTCAGGACCTTGCTGTGACTTGATTGGTATACACACTAATTACTGTACATTGCCGAGCTAAAGAAGTGAGTCCAAGAGTTCATGCTATGAAACCTGTCACTATCTAGTCCTGGTGTCGTACTTCTACTAGCTGCTTAGAAGGTGTCACCGGGATCGTTACTAAACAAAAGGTGCGATCGTAAGCTGAAGAAATTCCTATCGCGGTCTGAGAACGTGCGGTTTTTAGCTGAACCAGAGAACTGCCACCGTGTGCGGACGTCCTGTTTGTGGATGGTGGTAACACCTATGTTGCACTTGATTAAAATGCGGCCACCCAGTGTTTCTTCGGTATCACGTGTTAGTCATCCACTCGGTCAGCTCACGCGTTGGGAAGCGGTCAGAACTGGTAGGGTGAGGATCGCCCTCCACGGGTCTTTTAAAGCTCCATAAGTTAGGTCATGGACAGGTCGAGTCATCCGTTGTCGCGAAGTGGCATCACGAGAGTTTGTGTGAACTTCTGTGCATCTCTGTGATCACTCAGCACGAACCTACAATAACGCCAGGATAGGAGTACCCTGGTTTATTGTGTCCTTTGTAGACCAGCATCCTCGAATCAGTCCTGAACCTACGCCCAGAGGACTTCCTACGCCTCACGATGGCCAGTTGCTCTGAGGATCCAGCTATCATACCGACTTCTTCGTATTGGGGTGTATACGATTCAGGTCAAAAGAATAATGTACTTGCTCAATAACCTCCGGAACAGACTGGCATGCGTGCAAACTAGACTATACGCTCTCGGGAGGTGGTACGCGAACTGTTATGTAGGAGAGTAGTAACTATCCAGGGCCTAGGGTTATACGAACTTAAATTGGGCTTAGCCTTAGACCTGGAACTTTGACGTGATAGGGCGTTCAGAGGTCGCAACGACTTTTATGTTCGTACCTTGTTACTGCTCTGGGTTTGGATTCGGTCTTTAAAAAGCGATGCTGCTAACATCCCTGGACAGAAGTGAAAGATTATTAAGCAATGGCGTTGTGATGCATTTCATTTAAGTGTTGTTTAGCTCCTCCGC,1478,48.38,Mus musculus
SEQ_635853,AGACACCTACTGGACATGAGAAGTAATAATCTGTCCAATGAATCTGAAGTCGCCGGTTTCCGAAGGCGTTTTTGAACCAGGCCGCTAGTTCAATCTAAGGTGCCGGATTGAAAGGGAACCTCGGATGAGATCCGGCTTTCTGCACTATAGACGGGAATAGAAAAGCGCGGCTGCGCCTTTCACCTCGAATCTGCCCGGCGACCCGACATCTCCGTTGAGGGTTCTGAACACTTTCTTACTCCTAGCCTGGAGAAATGTTATGCGCCACTTACGTCACGTCTACCATCTCGTATTTGATTCGTCAGCCTTAGTCGGGATAAAGGCTGCTAGTCCCCAGAGTCAGATCGCGAACCACCTTGGATCGCATTGCAATCTCTACACGGATGATGCTAACTTACTAATCATGTCTCAAGTCTTAACATTACCCTTGTAGTCTGGCTTGGATCCTAGCGAAGATCCAAAATTTGAAGAGCCACGATTGCATCGGACAAGACATCGAGCTTTGCGATTAAGATTCTTTCCTCTAAAAGGACACCAAGGATATTGGACACGGCCCCAACCATACTCCAGAACGACCGTAAGATTCTTTAGGTTAGTGCAACAGGACGCTGAGGGTACACCAACGTCCGGTGCACACC,638,48.9,Caenorhabditis elegans
SEQ_386973,TAGATTCGGTACGTACTCTTCACAAAGTAGGACCTGAGGGTTACTTTCCGACCCCAAATATCACCGCAGATCTCGGGTGCCCGAATCCCTCTGACATGAACCCCTTGATGGTCCGGTTCGAATGGTAAGGTGGCCCGAGGCGATGGGCACCTGGTATTCACTTGCTCTCTTATTTCCGTTACCGCGCCTTCGACAGATGTGGCTCCGGAAGTACGGAGGCGTACACTCAGTAGGCATGGCTGGCAATCACTATCGATGCACCGACAAGAGGGTTGGTATGGTCTCATAGAAGATTAGCCCGACCCCTTTCCAAATGGCAGGATTCAACGGATGGGGGAGATAGCAACCCTGCATACACTGGTCGATGTGGTATGCGGTTTTGTATTACCGCGTTGAATTGAGCCCGAACCAGAACCTAATTGTCAGGCGAGTGCGAACGGTTATCAGCTGAGTAGTGATGTTTACAGCAGAGTTTGCAATGCTAATCCTAGATGGTAATTATGAGCACCATTGTTGTTTCTAGTGGGTCAAGTCGTAATAACGCAGGTCGTGCTGCCACCCGTCTGCCGCATCACACGCTAGTAACATTGCGCTTAGTGGTATTCTTGCCGCTGAACGGTACCCCTGCTATTCCGGTATTTCAGGATGTAGTTTCTGCCGTAGACTATGGAATGCTAGCAACCTCCGCTGCTTACGACACTGTGGTTACTGTAAAAGGAGCTATCGTATGTGAAGTTCTGTACTTGAGTTATCCGG,756,50.26,Saccharomyces cerevisiae
SEQ_329460,GCATCTCAAGTAAAGGCGGACACTTGAATGGAGAAGCGCACTTTTAGGTGAATAGTTGTCGTCTCGTTTTGTGTACCTCCCGGACTTTACAGGACATTCAAGATCCCACATTAGAGGCGAAGACACGTTTTGGTAATCCGCCTCAGAACGTCGTTAGCCCTCTCCTGGTGTTTGTAATTGAGTT,184,46.74,Escherichia coli
SEQ_109610,TACCCGTGGAACAGCTGCCTTTATGCTCGGAGCGGACGCGGACGTATGCAGTTACTCCAGCGATTCGTGTCATTCCGCACCCACATGAGAAATCCTTCATAGTTAAGTATCTTTATTCGTCTCCTATTCTGCTAGAAGTTGCTTGGAATCATGCAAAGCAATGGTGCTGTGCAATCTGCATACTCCGCAACTGTCTAAGACCTCTGCCGACCTTATGTTACAGCACGGAGGCTAAGAAACGTATTAGTCTTGATAACACGTGTATCCCCAATAACAAATAAAGGGGGCAGACATGTTATGGGATTTATCTTGGCCTCCGTTTAGTCAGACGGCCGCAAGCGTAGCTTAGGCCATTGTAAAGACTGTCCTGACGCATATCGACGGGGCGAAATGCACAGGTTGGTACTGGCATTTCTAAGGACGCCGTGAGGAGTCACGGTGCTGAGCCGGCACTCCAGTGTTTTGCGAGTGAGGTAGAACTACGAGGGCGACTAACGGCTCCCAAAGTCTGAGCTAGGGGCGGGCTTGCCCCACTAGACTAATTAGTATTGGGTGTAACTTGTTATATTCCCGAAGTCAGCACGGCAGGAAACTTGTCTTTAAGACTAAAATGCTAAATGTTGACTAACGCATGATTCCTAGGCACACAAAAGCAAAAGGGGTTCTACCGGGCTGCTTTAATTCCAAGCGCCAACTGGCGAAATTGAACTGAACTTCCCCGGGCATGCGCCCAATATGGCTTGCTCAGATTGGGACTAGACACCCTCATACCAAGTGGAGAGCAGGTCTAGGGGATTTCGATATTCAATAGCTGACTGACTCATATGTACTGTGAATCCAAAGGGTAGAAGATTCGAGAATGAATATGACAAGTTAGAGAGCGCCCTTAACCCTCATCTGACTCCTATGACGACCCAAAACTCGCGCATAGATGCGATTAGTTAGACACCAAAATTTGGCGCATCCAGAGTTGGAACACAAGTTCCCGGCATTTTGATTCATCTACAAACAATGCTTCCGCCGTTTCTCACGTTCCGAACTGTTGTCCAACTACAAAAGAACATTCCCACCACCGTGTTAGGCTGTATTGGGTGCACTGGGCTTGTCGCAGGTTTAAAGTTGGGGATGTGGAGCAAATAGAGCCGTGCTCGCTCCGTGGTTGCCCATTATTATCCTTTTACACTCATGGCTTCCGCATTGATGTGCAAAACCACGGACATTGGATGTAATATAATCTGCGATAGGGGGACGCGACATCATCCTCTAACATTTATGCGCATTCATCTGCCCTGAGATACCGACTTGTGAAGAATACAAGATATATGGACTCGCAAGGTTTGACTCAGGAAAAAAAACCTGTCCGGCGGGACCCGATCGCCGATGTAATTCTGATTTGATCCGTCAGCGAAGTAAATTCTACAATTACCAGCAAGTATGAAGTCCCTTAGGATGTATTGCCTTGTTGCTGGATGCACATAAGGAGATTACGTTTGCCGTACGTCAGTCTACCGCTATAGACAGCCCAAGCTGCCATTGGTACTAGAACCACTATATTCGGACTAATCGTTGTTGCAGGCGGGCCACTAAGCCCATGCACTTCTGAGCCGTAATATACCGGAAGTTCACTCGATGGGTTCCCCCCTTGTAAAACTAACCCTTAACAGTGTGCCCCCGTTGTCAGACATTATGAGTCCCATCATGGCATTTATACAAACCCGATACCATGTCATCCTTTATGTCGGGCCATTCCTAACTTGGCGTGAAAGCAGATGGAGCGAACGTAATTATCTTGAAATTACCTCATGGTGTACACCGTGCGATCAACTACTCTCCCTGGTCTCGATTCCGGTTCGCGGTGTAATCTGGTCTCATAATAGTCCACAGGTCGTGGAGGCCTAGGCCTCTGGTAATCTACCAATGACAG,1924,47.82,Homo sapiens
SEQ_772056,GCTTTAGGTCTACCTGGTTTTCAGACGCGAAAATATACCTCTCAGGTAATTACCAAAAACGGAGATCTAGATCCTCATAACAGCGAAACTGTAGATGTTCGGCAACTCGAGACCCAGTCGCGGCAGGCAGGGTCACTAGTTGGGTACACCGAGTACCACCCTCCTGAACGCGCACACTATTTTTTAGACGGTATCAGGTATCCAACTTTCGGACCAATCCTAGAGTATTGCTGAGCCATCGACTTAGGAACTTCGCACCATTCGCGAGCCAATAACCTACGTCGCCGCGATCATGCATCTGATAGTTACATTCCGGGGGGCAATACTAATGCCTTAAACGCTTCGTGGCGTATTTCAGTGTCAACTTTGTTCTACCAGAGGAAAGGCCCCAATGTGAGATGCATTTAAGCTTAGTACATCACTTTGCGTAGTCACCAGCTACTCCCTCTCAGATCGATCATCGTGACAAAGTATTCCCCGTGATAGGGCGTGCATAGACTTTAATATGACGAATAAATATCAATAGCTTTTCTGCCTCGGGCAGCGGGGATTGGAGTGTTGTCTGTCCGCGTCTACTCAGACTCCCCTAGCATGGTTAACACGTAAGACGCCCGGTCTCCTAGAATGTAATCAGCGTGTAATTAAAAAAGGCTCTGGACAAGCTCGTTGCGGCCGAGGATCCTGGACTCGGGAATCAAGACCCGTGGTTGTAGTTCCAGATTAGACGGGATATACTCGTGTTCGGTGCTTCAGAACAGTGACCATGACGGTATAATACGTGATAGTGTGCTACCGCTCTAAGGCCCTTGCGGGTCATCTAGTCCCCCCCAGACGCGCGGAGAGCCGTGT,849,49.59,Arabidopsis thaliana
SEQ_347759,AAACATTTCTTGCCTTAAAGGGCGCTTCGTTCCCAACGCCTTCCAAGCTTCCGCGGATTCAGTCCTGAGTTAGTCGTGCCGAAAGAGAATAGGGCTATGTGCTCGCGCATGCCCCTCGACCCTAATTCCAGACACGTACGCCAAATTTTCCCAACTGCTTGTAATCATCGCAAAAAAGCTGAGGAGCACAGGCTTGATATCTATGTCAAGTTAGGAGTCGCTGTACTCAGACAAACCCACGGATCGGCTGCTGATACTGCTCGCGCTTGCTTGGGATGCGGGGGATTATCCTTAGGGCGAGAACGTCGCACGGCACGCGCTCACTGTAGGAACAGGTATCTGACTGACCATTATCGCGTGTCACGGGAGTTACTGCCCATCTGTCAGCTATTGGACTACGAACTGCTCGGCGCGGAAAACCGGGTCTGACAGGGTGAGAGACCCTCACTCGGTCGAATAGGCCATTGCTATCCGCGCGTATATCTCGACGATAAACACAAATCTGCGTCTTCTATCAAAGGAGTAAGTAACGTGGGCTGTGGCAATACAGTAGCATCTAGCACTGTCCTTCAAAATCGCAACGATCTGTGCGGTGATCCCACCGCTCTGCTAAAGACGCGAAGTGCGTGGTCATGCTTCATCGTTCTGGCGTGTTTGACCGTGCGCTGCAGCTAGGCGATTACTGCAGAACCTGTGCCGCCAGCTCACAA,710,52.96,Homo sapiens
SEQ_464387,GTGCCTCGGCGTGGGCGCTGCGGACTTTGAATTCACGTTGGATTTATGGTTTACCTAACTTAGTCTGGGGACAGTAAACTACACATTGTCCTATTCTGGATCTGCGAGAGGGAGTGGGTGGTTAATCACCCAGGGTCTCAGACCCTAAGATACTCTTGAGTTTTTGACAACCCGCATTTACCCACTGAGTGCCTGCGCACC,201,50.75,Caenorhabditis elegans
SEQ_504377,GTTCACAGGGGTTGGCAAACACCCGCTCCCCCCCATCGGGCGTCTAGCTCCTTTGACGTCCACCCTTGACAGGATTACACCCGATACTTGGGGAGCCTTCATCCCGTTGCGGCGTAGTGAGCCATAATGTAGATTGGCGGACACGGCTGACCCGACAGCGCTGATGGAGTAGGTGTAACGATTATCCGTAACAGATCTTGGGACGATACGGTATTAGATTCGGCACTGCTCCCACTATACTTCTTAGGGACTTTGACACGGTATTGCGCCAGTCTTGACTACCGCTACGAATCAGAATCACACGTGGGTCTGTCTCGTCATATTCATTCCGTTTCCATGTCCTGCTCACTAATGGGTAGGTGCCGCCGACTGTATATGATCTGAAGGTTAGGTTATCATCACACGCTCGCATGGGT,416,52.64,Caenorhabditis elegans
SEQ_608236,CCGTAGTCCTCGAGCTAAATTACCTCGGTAACTCTCGACCGCCATACCGGAACGGAAACTAAGTAGTACGCTACCCCTCAGCCTCGGTAGTGCGATCTCCGATTCAATTGGTCACCAGGTCATCACCGCTGTACCATCGGTTGACATACACTAAGGTCTCCATACTCCGGTTCGATCTAGACTCCAAAGCTGGCCAGTGAAACACTTATGCACGAGTACTAAGTATAACTAGTAACTCTATTGGAAAACCTTACAAAAAGTCGGCGGACACATCTTTTTCGAGATCATGGCAGGACTAAACACCCGACTGGTGGTCATGTTGTCGTGTTCTTGTCAGAAATGAGTTGGACCGCGGACTATCGAAGTAGCTAGCCGTTTAAACGCAGTGATCGGAGTTAGAAGTAACACCTGTGGTGGCTCCGAGATTGTTCTAAGGTGCATTGCAGTATTCTCTGCCTCACTACGGAACACTCGCACTTGCTATAAATAGAGCCTGAGCTGGGAGCCGTTCCTAGCTTACGGTGGTCAACACGTACGAGACCTTTAACGCTCCGGCGGCAATCAGTTCTATACGTGCAAATACTAAACCTCAAGGCCTGCTACTCATATCCCTATAT,617,48.46,Arabidopsis thaliana
SEQ_412754,GGTACACTGCGTTGGGTAAGGTGGTGGTTTTAGACGTTTGGCACCTTCAGGCACAAACTTTGAGCAGTGGGAAGCAAACGGTGGCGTACTTTTGGGAATGATGATCGGGAACTAATGAAGTTGATATTCTCGTGGGCTACCCAAGCCAAAATCATCATTTTTGGTTCGCCGGGGCGACTCTGGTAATAGCTGATATGCTAACGAAATCGCCCCCGGGGCTCCGACCCCGAAGCTAGACGCCACAGGACCTAATGCGCCTCAGAGCCCAGGTGCTCCGTCTAATTGTGAAGTTTTACCACTTCGTAAGACCGTGGTCGACCTCCCAAAAGTGAACCATAGCGCATTGCTTAGCTCGTTCCATACACCTGTTTCAATTGATGTATCGCGTCAATTGTCCAGGGCGCAGTCGATGACCTCCAACTCAGCTAAGTTGACCAATGCCTGACACCGTAGTGATCAAAACCATAATGACGATTGGCAAAATATAATGCTGCAGGGGCGCCGGGTACATCTCCCACACGAGACGACTCCACCGTCCGTACCGGTTAGAGGCGCGCGCACGCAGTGTTGGAACAGTTGTATAGGTATTCATCCCTCAGGGCAAAAAGACCCGTATTCGGATTCTCTAGTTCAGGACGAGTATGGAGCCGTTAAAAAATGTGTTGCGTTTCATCCGTCAGCTTACACACTTTACATGCGAGCTGTAAATCCGGCGGCCTGCTCCTCCACCTTTGATGTGTCTATTCCGCTAGCGGCATCAAGTAAAGCATTTTGCCTAACGCGGCTTCCATTTTAGCTGCACGCCGTGT,809,50.93,Homo sapiens
SEQ_282853,AGTTCCAGCATATCAATGGCTCACCTACATATGTTCCTACACCACCATCCTCGAGAGTAAGTGTAGGTAATGTCAAGTCCCCGTCAACCCCTTGGATGAACTCTCTCGGCGGTTGTACAAGTTACCGCCAGGCAGATGGTAAAACATTTACGCACTAACATGCGTCACGCATCTTGGGGCGTTGGTGACTCCCGACTAAACCAGCTAAAGAATTTTCATACTTGAAAGGGTACTCCGTGTTGCCGTTGAGATGATAAGCAAAGGGTTCCAGAGGGAGTAGATAGGGTTCGGTGCAGTCTGCCGGAGCGAGTATGAGCCCTTTAATAATGTGGTTTGTTTTGTCCTAACCTATCATGACCCCTTCCCTTCATTGAAATGGATACACTGGTTCTACTAGATCATTGACACCTGTCGGAGTGAAATGCCTCTTGGAGAGCTGACGTTATCGCTTACAGGCGATTTATCGAGCCTGGTAACCCTGTACCCACGCACCTTTTTAGGAAATGGGTTAAAGAGCGGGCTTTCAAGTAGTAACGAGCTATCTTAGGGTTGGGCTCGAGAGTGCAAGCATCGGGGTTCGTACGATCTACTAAACCTGCGACAGATAGGTATGGTCCGTCGCTGGTGGACCTAGAGTCTCGCGGAGCTTGCTCTAATCAAAAACCTCGATTCATCATGTGCGCTTATTTGGGGCCGGGTGGGGAGGTTTTATTGCAATAGAGAACGGAGCTAAACCTCCAAGCCCGGGATCTAATAATGGATATGATCACGAGTTATCAATGTACCAATAACAGTTTGTAAAAAGTACCCTGAGTAACCCCCTCTGGCCTTCCTACTCTGGCACAAGGGGGTGGGTGGGGAACTATGCGAGATGATTCGGTCCTCTACTTACCGACAATTGCGCCCGAATTCCCCATCTTTACCCGGTTAACACGCAATGCTGTGGATTACGTAGTGTATAAACTAGTGAAGTCTTCGGTCGCCGACTGGCAAGGCCCGTAATACGACGTATCTCGACCTCTTCAGCCCCTGCGGTCGATTAGCCTCTCGGCGGGTCGAGCCGCTTGGGAACACGTAGTACTCTCATTGTCACATGGACAACAGGCTGAAACATTCAAGAATAGCCCCTTGCAAACTGCATAAGTGACTTTAGGAACGGTTGACTGCGTCCTCGCGTTGAATCTCGAAACGAACCACGCATGAAGCTAGTAACGGTTGTACACCCTCCTACTCACAGTATGACCAATGCTGTCGTCAAGATCATATTTGTGACTCTACGTTACATGCTCATGATCGATCTGTGGTCCCGAGTGGGTCGATAAGGGCATAAGCGGCATTAGCGATGTTTCAAATCAGGCACTTAGCCGAGAGAATCAGTGCACGGCCAGCCTTCAACTTGACTATGACAACGTGTACTGATGTTAGGGATTCTGTGAATTCGCTGGATACATACACTCTTTGCTTCGTCTCGGCCGCAAACCTCAAGTAAAGAGGCTAACCGGCTGGTCTCAAGATCATTGGATCGTTCGTTATACGACGGCGGATTGCTTAGTCCGGACTTATCGCCGGTGTGAGTTCAGCAGCAAGCCACAAGGCTGTGGCCATAATACAAAACACCGGTATTAGTAGCATCTTCAGGGTATGCGAGCACAATATTCAATCCTATCCGGTAGGCTCAACTTGGTTAGACGCACGTGAGGCGACGTCGAGTTTGTCTTAATTTGCTTCATAAAGTCTTATGGGGATTCCATGTTTCTCCTGGAGTTCGGCTACTAGTGACAACGGTGAAATGGTACGCTACAGAGCCGTAAGGTGGTGAATATCCCCCCAGCTTCGAATCAGGGGAAAAACCAGCTCAAGTCTCTTAGGTGATACTGGCTATCGTTGCATCCACCTGTCAGTCGGTACAAATTCCTGGCGGTCCCACCCATGACGGTTGCACGTATTGATTGAAACCGCACTACAACATCGGT,1973,49.01,Arabidopsis thaliana
SEQ_275999,TAGCTCAGTGAAGCGTCACTTGATATCTACCTGTCTGGTATTCGAAGGGATTAGGTGACAGCGCAGGTCGGAACGCCGTTGATTTAAACAGGAATCACGACAAGTCCAATTCGAGGCACGTAGAACTAAACAGAATTGAGAACCTCCGCTACACCAAATTAAGATTCTGTTCTAGACTGATGTGTTACAGATTCAAGGGATCGTAATATGCCGTGTCCCGCGCAGCAATGCGTTCCAGGAGCAGGATTCTAACAGTGGGAACTGCCGGGATCTGGGTTCACTACTTATTACCCCCGACTTGAGGGGGATGAACACAAGTACCCCAACACCGGGGAGGCCACTGCACTGCAATACACTTCCGCTTTCCCGCTAGCCACACTTATCTTACGTCTTTATACCCTCACGTGGAGCGAGCTTGGAGATACTATACCTTCCGAGAGCTCACTCACGGTGCCATGTTGAAGCGTGCTCAATGCTCCTGCGACTGGGTGACTCTCTACGCGTAGAGATAGGTCGACAGAATTTGGGCTACTTGTATGCACATAATCTAGGCATGAATCTGGTGGTCATACATACTTGGGTCAAAGGCCTGGTGCCATGTTACGTTAGAGCTACTGGACATGGCCCATCCAGAAGTGCGCGGTAAGTCCCGTCCTTGATGATCCTCATGTTGCGTCGTCCCAAAGTTGCTGCCCGGAGCATAACGTCCGAATCTGTGTGGGGTGTCGATATATGCGCGCCTGGAGCCCCACGCTAAAGCTTGAATGGAAGATAGAGCAGGTCTTCTAGCAATGGCTCGTTATTACATGCTATGAATGCCTAAGCTCTAGTAAATAGTTGGTGCTGTACCTGCGTCACTGACGCCCAGTGACCCTGGTAGGACAGAATTTTGTGCCCCCATCCTCGTTCCGTACGAATAAGCCCTGGTCTACGCCTTAGATGAGCTCAAACCCAGATATTCCTAAACTAGCTCCGGGTCGTGGATGCATCTTGTCCGGCTGAACTCCTGAAATCTCGGCAACCTCAGCCTGACCGATTACGATCCAGAGGGCTTAGGGGTGTCAGCCGCGTACGGAGTACACGGCTCGGACGTACAAATGTGCGCGCTTATACAACCAGCTGCCCGGTGTATCGTTTTTCCGCAAAAATTGGATTCCCTGCCTACGCCTCAATCCTG,1177,51.32,Escherichia coli
SEQ_296058,AAGGTCTCTGCAGGGTAGGATCATGTTCTATCATATGTCGGTTGGCAGGCTTTACGCTCGCAAGCGTCTGCCTTATTGAGAACTCGGTCGCCCAACGCTTC,101,52.48,Arabidopsis thaliana
SEQ_227506,GAGTTGTGGTACAGTCTCAAACTGCTTCCGAGATCACGGACTGGCCGGTCGGGCTCTAGTTCGCAATACTCGATTATTAATATATCAACTGCTAGTAGTAGGCTTACTCCCACATTCTCAACCAATGTGGCATTGCTATCTTGACCGAATTAGGTGCATTTTGAGCCTCGCCCAGTCTCTCAAAATAGGATGGTAGACGCGCATATACCTGCGGTCTTGTTCATGTGGTGTAAACGCGTTCTGCGGAAGATACAATTTCCGCGATAACAAGCCGCCGTAATAAGATTTGGAAGTTCCCACTAGGAGGCTCTGTAGCTCCTCGGAATCGCGACTGCAATCCTTTAACAGCGTGCGCGGAACGGGAATTGACCTAACGAGTGCGGAGATTGGAGGGTCCCCACGACTCCATCACTCACTCGCGGTCCCATCGGGTCAATCTCGATCGTCGGGTGCGATTACGCCGATAGCCATCCAAGGCGTCAAGCCTAAATAGCATCTAATGGCATTAGAGACCGTAGTGTTGGGAGACTTCGACTCTCGTTGCTTGTGCGCTCAGGAGAAACGCCAGTCCATGGTGGACAAACGGAGTACCATTGGTGGCATACCTGCTTCTCATGATGCCACCGTGTGTCTCGGGATCAGTGAAGTGCGGTCTGTGCGTGGCAGATTGACTCGACAGGAGACGGCGCTAGCCATAGGTATAGGTTCGACCTTGACACCACGTATATCATTATATCGCTCTGGCTAGTGAAGATTGCCCACTACTTGGCTCATGCTCAGTTGAATAGTCTCCGGGATGTCCATTCGGACATCTTTTCTCTACCCTCAGGCAAGCCTATCGACACCCTACCGACTCCCTCTTCGGGACAAGACGACTCCGATAAATGCGTGTTAATAGTACCGTCTATGACTGTACATGCCGCAGCATCTGTTACGATGTACAGTTACCCCGTATTTGCGATCGTTTCCTGCCCCAGAGTAACAGTTTTATTCCCTTGCTAATAGAGGGGTTATCGACACAGTGACATCGAACACGTTATCTTTACCGTAAGTGTTCCCACGAACTGCTCTTGTGACCACCCATTGTTTCGGGGACAGCCATATGGTTGGTAAAAGGGACGGTCTCTTAAATCCATTCAGGACTGGGAGTATCCGTAGACTTGCACTCTACCGCTGGGTGAAATTCAGTGACGGTTAGGCGTCCCCTATCAATATCTAGCCCAACCAGACGTGAAGAAAGGGCAGAGAAAAAACCTCGGCGTAAAAGTCAGAATGTTAGTCCCCGTCCCGTCGCTTATCGGTTTAGTGGCTCAACCAAAAAATGTTGGCTCCGACTAGGTGGTCCCACCCGCCCTTGCATTCGATTTAAACGTTAAAACAATTTAATTCTTAGTTTCGTTCAGCTGCTTCGGTCTTCCCGAGTGGTATGTAAGGACGTGAGATGCTTTCTCCCTGTATGCCACCGTCTCACATCAATCTTCACTACCTGAAACACGTCCCATCAACTGAGAGATGCCCCATTAAGGCAACGCTTTGACTGGATATAGAAGGCCCTTGGATCACCTATTCTGG,1572,49.75,Mus musculus
SEQ_523786,ATAGGGTGCGGGGTCTTTAGCAGATGGTTATACAGCCTCTCACGCACTGACCCGGGCGGATACGATTACGAAGTAGACTCTTCATCTAGTATCACCTGCGTGAGATGTTACATCTAAAGACATGCTCTCAGTCTTAACACCGAGAAACGAGGTTAAGGCCCTTATAATAACGCGCAGTATACGGAACTTTACCTACGCCTGAGAGGCGTCGACGGCAATGTGGGTAACGCAGAAGCTGGGTCAGACTACACACCTACCTACCAAAATATCCCATTACGGGGATAAAGACTGGTTGGCGGTGGCGGTCATGCCCCCTTCGGTCGATACTGTAATTATTCACTACGGGGGACCTTTCTGAACACTGTATAACGATTACGGCGGAGAGCGCCCTGTAATGGGACCCCAGCGGCGAATGTTCGAAGGTACGTTTGCGGGGTATTTTTGACGAGCGATGGCTGTCTAGTATGTAATGAAACACTAACAAAGCGATTCCCAGGTACATATCTGCCTAATCGATGTTAAGGGCAAATCTGCCGTAGCGACTCGGGCGAAATGTTACCAAAATGTAGAACCTTTAGATTGTGGGGATACTTAGTCCACGACGTCATTGGTCGCCCAAAGCCTTTAGACTTAGCGTCTGGACGTTGAGGGTATTCAACTACGGTGATGCGAACATGACGTACGGAAATGATTGGGTGGGGTTTGACCAAACCTTTAGATGTAATTATGCGAGGCCCCTGTGAACCCGAACAAAACCGCAGAGGCAACCATAACAAAAACACATGATGAATGGTCTCGGCCTCTAAAGCTG,811,48.83,Drosophila melanogaster
SEQ_722038,GCCATTCCTTAAGTAGTAGGACATCCATTCAAAGGCGAACTTTCAGCCCGCGACATAAAAGCGATTCCGACACGATTATGGATTATGCCTCACATTATAGGATAATTCACCGATTTGCGACGGCGCCCTAATGGCTTTAGACGTGAACCCGAACTATTTCTGCACTTACGACAGTACTCACGCGGCTGACATTGCAATGCCCCCCGTTTTAGAGTTCTCTGCACCCCTGCCTCTATTTATACAAGAGACGGCGACTATCGCAGTCTCCTGACGTCGAGTGCGTGAATTGGACTACCGCGGTCAACTGATATATTGCA,317,48.58,Homo sapiens
SEQ_870373,ATTAAAAGTTATTGTCCTATGACGTCAGAAAGATCATCCCCTTCTGCATAATTGCACTGCCATAGTCTACCGGATGTCCACCCTGTGGCATCGGTCATACGGTACACAGTCCCCATTCAGAAGCGCTGGGTAGGACAATGTTAATTTTTTAGCCACGCCATAAATGGCCTTTCATAGTGAACAAGTAACATTGAACACTGTCCTATCGGCTGTCGACACGACATGGCCTAATAACCAAGTCTCTACGTACAGGATGGATTCGGGCCTTATGTGATTAGGGTTCGACTACGCCGGGCGCCCCCTCTCCGGGCACCAGCGTTACACAGCACGGTCAATTTATGAGTAGCCTAGCCCTTTTCGACACAAACCGGGATGAGCGTATGACACTTGGTCTTCAATTAGGGTAGCTGTCTTCCCTGCTCATCCCGTTGCCCTCCATGTTCGGTGTGCCCGCTTGTTGTGCGGACTTGCCCATTAGGTACCGCCTGGAGGTGGCCGACTCTGAACAATCAGCAGATATGACGCGCCAATCCCTTGACGCTTCGACGAATGTGGACCCACAATATTACAGCAGCACAATCATGAATTCTACTTCTGAAGTCAGTAGGTGATGAGGCGCACGGCCGTAGCAGGGACCGGGATCGTCCGCTAATTGTTAGAGCCCACTGTATAGATATCATCATCGATCACCTTGAACGGAACCGCGGTCTACACGCTGGCGTGCCGGAGTACGATAGGCAAGCCCGAACGACGATATGTCTGTACGTGTATAACGTAATTTACAAATGAGGCCTGACAAGGAAACCGTTTTAAACTGACTTTGGTAGGTGTCGGCGGAGGAGCGCACGATAACACGCGCGCTGCTGGTACTCCCTCGATGGCATGACCCGATGCCTACTATCTTGCACGGGTAAGCAGTACTAAGTTGCCCAAGTATAGTCGAGAAGCTAACACAGTGACGCGCTCGTCAATCCATGGCATGGAGATTCGCTGGTCCCCGACGTATCTTCTGACTGG,1017,51.43,Arabidopsis thaliana
SEQ_695637,AAGGTCGTTAGTGCATAAATAAGAAATCGGGACGCCTGCGCGCCAGCCGTACCGGTTCTAAGTTTCAAACCACATGATACTAAGAACCTTCGGTACGGAGCCTGTCGGACACATCTCTGACGTTGCCGGCATACTCCGGGGCCGTACTGGGGAGCCCCTAGCTGGTTGTGGAAGGCCATGCGTAGAGGTTGGCTCCACCATGCCGCTTTACATGGAGGACCCACTTACCGCCTTCTCGAAAGCGAATTTTCACAAGTGGCTGGAGAGCTACGGGGTAGGTGCAACGC,287,55.75,Caenorhabditis elegans
SEQ_343767,TTAATGTGAATCCAGAATTCAGGTGCGCGGAATTCTAGTACGGTTCAGACTGCAAAAGACGATACAATTGAGTGGCGGTTGGCAAAACGGTTCTCAATCTCGGGGACAATCAATGCGGCGGGGAACGAGACCCGCGATAGTATTGGGATAACGATATAGGGGAAGGCGTGACATCTCTGCAATCCCCCAAAACTAAGAGATGCTGAACCAGTTCAGTCCAGTGTTTGGTATTATCAGATAAGGTGCAACACATGGGGCGTCGGCAATTGGCTCACGTGAGTCTGGTAGTGCAGCACAGTGCTATGATTGGTATCCGTGGGTCAATGCACCCATACAAATCTTGGTGATTTTAAAGTAGGACTTACTGGTCTGGCTGTTGTAATAATACATTGTACTAGCCGACCCATGTTAGTAACACGACGAACATCCCCTCACGTCAACACCGGTTCGCGATCTGCACTCCTAACGAAGCGAGCGGCTAGGTGTAGATGCATATAGCTCTTAGGAGCTTAATGCCTCGACCTAACGACCGCTCAAAGGAATAGTAGATGAGATAATGATGTGGATGGCTCTGGACAAGCGAAATACCGGACTTTCAGACGAAGCATAATAATGCCAGCAAGTCCAGTCAAGGGTTTCCGGGCGAGCAGTTACTCCCTAGGCCCTAGAAACATAAGTGCTACTACGGTATTTAAAAGAAACTGACCCCCCACCACAAAATAGGACATCAAATCCAACTGCGTACAAGGACTGCGTGGTCAAACCGTACCATACGCCATCTTTCCGTGACAACACCTCCAGCGAGTAACGCCGGTGCGATGCCTCTTCGTGGGAACTGTTTCTGTGGTTCGGGGCATGGGAAGTTCGAACCACAATACATCTCTACCACGCCACTGGCGGACGATGCTTTTGATTTGCCTAACACAGACTACTTGCCCCCGAGAGCAATGGCCCCTTATTCAACGTGGAATAAACTGGTGATGCAGTATCCACAGGCGTCGACGCCCTCTTCATCGTAGAATACTTAAGTGTGGGCATAAAGATCAGGCTGACCATACAGACGTGCCCTTGATCGCATAACTTTGTACCTGAGGGGCACCTCGGTATTCGCACACCAAATAATAGAACACCGATTGCCCACAACCGATAGCTAGGCACGATCAATAGGCTGGCCTGTCAGACTTTCCATCCAACGCCCGTGAAACCTTACCGTGGCTGGTGATAGGAGGCCATATGTTATTGCAGCACTATCCTGCCCCGAATTACGTCGGATCATAGATCCATTTATTAGCGCGACGGAAGAGCCGGACCTGATAATCTTGCTAACATGCAATTACGACCATGTGCATGTGTGGACGTATGGTGCGGTCCACGTTGTACGATTGACACGTTCCTATCGAACGTTCGTATCCAAAATGCTGAGGAGCTAGAGCTTCCTACCCCTGAGGTCAGTCCATATAAAGGCATCACAGTCTCAGCGAATGTAACTGTATCGGACCTTGCTCAACAGTGAATAGAAATAACC,1525,48.98,Caenorhabditis elegans
SEQ_141947,GCCCCACGTTGGCTTTCCGTTGAACTTTGTTGAGTCGCTATAGGACGCATTTGGAACAGGCGAGCACCTGGCCCTATTTGCAAACACCCTCCCTATATGCGATCAAGAGCGGTCGAAATGCATGTAGAGGTGGGTTTATCTCGAAACGGAGCACGCAGACTTAACTCTGATCCTTAACGAGCGCAAACTGCGACCGGTTGCGTTCCAGTATGTGGTTGTGATCAGGGAGGTTGGGCTGATCGCCTCTAGGTGACTATGACGATAACATTGCGTTCTCAGTACTGGGAGATACCTCGTATGCCAGGAGCGTGCCACCATTTGAGTCCCCAGTAAACCTCGTGGCGCTTCGGGATGGCCTGATTTATGAGGTTGCCAGAAATTGCCACCACCCGCTGTGCTTGCTGCCTCGGTAACATGACGCGGTCGTCAAATACGACTAAACAGCTCGATAAGAGCTTCGTAGAATTCCGAGCAACGAGGCTAATTCGCTTCCAAATGCCCTCTCAGCTGCCCGCTGGGCTCAGATTTCGTGGGCCACGTCAGAGACACGGTTGTTTTACCAATTAGTTGAATCTCAGTGGGTGGTACTCGGGTACACCACCGGAGTCTGGTTTGGTTTCTACCAGTCTTTAAATCAGAGTGGGTCATACTTTCACTGATGCCTGGGATCATGTGCAGAAGGATATGCGCACGCTCGTACGTAAAAAGCATGAAAGGGTAGTTTTAGAAATTTCGGCGCTGTCTACTTCGTAGATAACACCGCAAATCCTCGGGCGTCCAGATAATGCATTTGGCCATTAACGTGGATGGGGGCGCAGCCACTAGGTCTCATGGACCGGAAATTTGTAAATGGCGGGCTCGCCGGGCAGCTCTCATCTAGAATTGTATTCACGATCATAAACCGGTTGCTACTTTGACGCGGCCACATTGGTACAGACCCGGTGTGCATGATTCATACCCAGTTACTGAGTCGAAGATCCATAGACGCTCAACTGGTTGGTAAGAGACGGGCGAGGAGTAGGCCCGATACTGTAAGGTCGCCACCAAGGTTCCATATTGATTTAGCACAGGTACCTGAGCATGGTGTTGGAATTTATTGAAGCTCATCGCGCTTCCGGCATCCCCGTCGGAACCAAGGTACAATTTAGACACGGACAGGGACGTTGGGATGTAACCTAGAACGCGTCTCCCTCGATTTGACAATAGAAACAGATCCCGGCCCCTTTCTACACAAAGGTAACAGTCCCCCAATTCTGATCACACATGGAATAACTCGGGTAATCTCCGGGGATTAAAATAAACTCCACAACTATGAATGTCCAATACGTTCTTACTTCATAACATAGTAATTAAGTTCCATACACCCGTTTATCGCGAATTGCCGTTCGGTGACATGCATGATCGCGTTTGGACGAAAAAATTAGACGGCCGTACCCCGCGAATGACTGTAGCCGACAGGATTATCGAGGCCAAAAGCCTGCTGCTCTTCACTGATCTCGGTTGTCATAGGCCCACCTCAGGTCAAGTGGCCATCGACAGAAGTAGTAGTTCCAGCCGTCACAAAATTTGCGTAATACGGTGCTAGTTTTTTGAGCTAAGAGCCCTTGTTAATACCTGCGTGGTGCGTAATAGAGTACGTCGATAGTCTTATGGTAATGTCACTTTGAGTATATACAAATTGATTGTAATGGCTTTCTGTACAGCACCTTGGTCGGCCGTTCTGTCCCATGGGGTTCCAGGTAACACTAGGTACGAGCGTAGGAGTCCCGACGTTTGCCGTGGCTATATAATCGGGATGCGCACCTGAAAACCGAAAGTGGACACCAGTAGTCGAATGGTTGGAGTATGGGACTACTCTATACGACATCCCTACTGTTCTACG,1882,49.57,Homo sapiens
SEQ_126022,GTGAGTAACGTGCCAGTTCATTTCTTTGCTCTTCGTGAGGATGGAAGCGAGGATTAACCAAAGACCATCGCCGAGATTTAAGGAACTCTCTAGTCAACCGGATACCTATGCAAACTTAGTGCTCAGAAATAGGTGTTCTCGTGCATTGGCGTTCGCAGGCTCAGGTGATTCCTGCGCATCTAATCGCGTGCAATTTTAATCTCAAGGCGATCTTCGTGCCGCTAGAGGGGCAACGTGGGTTAGACACAGTAAGTTTGAGGTCTTCATGCGCTAGTACCGAGCGTGTATATTGATTCGACGGGC,303,48.84,Caenorhabditis elegans
SEQ_693370,CCGACGCAACCTGAAGGGGGGCTGTATATAGCCGGCTTCTGCTTTTACATGTTGGTCCCTGGAAGTCACTACCAAACCCTACTCAGCATTCGCGTTACGAAGTCCAACAGCTGAGTGATTATTCGGACTAGCAATAAATGATGCACGTCCCAATATCACGACAACTCTATTCCGCCATTAATCTTCTAAGGGACTGTCGCTGCCCCACGGGCTCAACATCACGGTTGAAGCAGTCCATACCCATAGATACGAAGATCTCTTATATATTGGCGCTCTCGAGCGTGCGAGGTTGCGTGTCACCTCTCGTACCCCTCATTTATTCAACTAGACCGATGAACGGAGGTGAATAGGGATGATCAAGGCCGATATTGTACACAACGGGCCGAAGTAACACGCGGACGACCTATATGACATATCCTAGCAGCGGATGGTCGTAAGCCAGTAGTTAGCGTGGACGGACGTAACAGCGCATGAGTACGCGCCCGTAACTAAAGCCGATGGAGATTCATGTTTACATGTTTCGATGGCGCTGTTAGGTGGAGAATAGCGCGCTATTCTACGCTCTAGACATGCTATGGCATTATATTAGGAGCAAAGCCGACCCTCGCGTCTTAGGCTTTATGTGAGCCCATCACCAATGAATGGACACCGCTGGAACTACAAGCTACCTTTACTATACTCGAGCTTCCACGCCTTCGATGAGCGGGGATCCGGCGACCCAGTACCGTCCAGACTCTTAACACCTACGCATTAGTCGTCGGTACTGGAGTATTCCTATCATATACCTTTGGCGGGGCGTTCAGCTGTCTTATTGGCGCGATGTACGAGCGTTGTCAATCTCATCTCCCAATTCGACATTTATAGGGCAGACGTTCCCCATGGAATATCCGATTCATTCCGACCTAATATCTTCCTGAACAGCTAAGTATCCTGTTTGAGTGTGTGCCCTGGGCATCACCGTTACTTATACGGGCTTGCCGTCAAGCGCCGTCGTACAATCATTCCAATTCGTCGGCCCCGGCGTCGACTCCGTTGATGCGGAGCACTCGGGTACCCGTCGTGTAACGATGATATTGTTAAGCACCAAGTTACAAGATAAGACCTACTGTGCATAGCCCCGCAGTGTAACTAAATGCGGCTCTTGCGGGACTCTTCCCGGGACGGATATAGAGCCCGGTAGGGTAGATTCTCAGCCAGTCTGGCGGTGCCACGCATTAGCCGCCGCTACGACCACGCGTGGGTAGCACAAGTAGTAGAAGAT,1261,51.23,Drosophila melanogaster
SEQ_348462,GCCCTGTCGCAATGGACACATATTTGATAATGCTATTCGGGGTTGAGTGAGCTAGTAGCCAGGAATGGCCGGGTTTTATCTTCTTTGATTTCAATGCTGTTTCGACATTTGGGTATGCCATTATCAAGGATAGGCCTAGTGGCAATATGCGTGCGGCTCAGAAGCACTTACACTTTTCAAAACCCGAAACCCGACCGCAGGCCATACGGTGCGGTGGGCTCACGTTGTCGCACTTCGATAGCACCGGAATGCCCCCGGGAGTAGAGATAAGCTTCATACTTGAGTCTCACGTATGTCTTCAACGGAGAATTTTCACATCCCCCAATCCATAGGCACCGATTCGAGTATCGATAACACGCGTCTATGCAAGGACGAACGAGAGATACGCGAATGATGGGCGGTAGGTATACATAAAGAGCGGCACGATAAGAAACAGTGTCGTACGAAAACCTAGTCAATTACCTAACTGAAATTAACGGAATCGAGCCGGTGATAGGCAATAGCCGACGAATAGACTTTCCCGGGATTCTAAAGGTCGTCTACCACATACGATCTCGGACTCTGCAGTGCTTGTGCA,577,48.53,Mus musculus
SEQ_508777,AGCTCAGGTGTACAGTGTCGCAGGGGGGTGCCCGAAGAGTACAGCGAAATCAAAGGGGGGATAGTTCGGACTACGCGCGAATACGCTAGATCTTCCTTACCTATAGATTGGCTAGACGTGATTATATTACCTGGCGGGCGTCCTTTTTAGTCTTAAGTTTTCAAAGTCAGATTCAACCACGTAGCGACCCCGCCATC,197,50.25,Caenorhabditis elegans
SEQ_264724,CGAGCTTCCAGCGGGCACACAAAGCTGCGATTTAGCAGCGATAGTGATTTCCATAAGCTCATAGGCACGCTACTCTTCCTTACGACTGGCCTGGTACCACTGAAGCTCCGAAAAATTAATTAATCTCAATGTATTCTGGAGCATTGTTCACGGTCAATGACGATGATTTACGCAAGAAACGACTTTTTCTGCAGCCCAAAAATGTGAACTTCGGATATACCGCCACACTCCCCAGTCGAGGTGGCATTATAATTCCCCGGTCGCTCCAATCAGTACCCAGGTATGTTGCAAGGGACGGTAGAGTTGCTCATTAGAGGCCGGTACTTGGGGGAATCAGGGCCGGGAGCGATCAGGATCACGCTTATCTGAAATAGTCATCACTAGATCCACACCCGGAGGCAA,402,49.25,Drosophila melanogaster
SEQ_784240,CGAATCGTCGGTCGCGACTTCCGGGATAGAAGGAACATCCTTAGGTGTGAGGGGGCGCCTTCTACTCCCTACGGAATGCTCATACAGGAAGACCGAGTTCACGATTCGTTTGAGCGGCACGCCGAGGTCGTCAGTAGTCTGTGAATAATAACACCCAAGCGACGGTTTAGTTCGTATTAATCTGACGCTTGACAAGTGCCGGAAGCTACCCTGGTTTAGAATCACTATATACATCGTACATCACGATTCTTCCAGCTCGAAAGGCTCTTTACCGGCCTAATGGACGGGTCTAGTACGAGATTTCGCGCCGATCGCGGAGAGTAATCAAATCAGAGGGCTATTAACGCAAGAGCGA,355,50.7,Homo sapiens
SEQ_224980,GTCACCTTGGCGCTTAAACCACTTCGGTGTACTGTGCGGCTTTGAAATGAGTAAGATAATAACTCTCACAGCCCACATGTCAGCAAGGGCTCTAATGTTTACGTACGAGGCTAGTCAATCTGGATCGATAAAGTTGAGCAACTTGGGCAATCCTGTGGAAACGCCTGGCGGAAAAGGTTCATGGAAATAATTCGGAGATGGTCATCTCCGGCAATCTTCCTTCGTATGGTCCACGACGTGATACTTAAGTATCGTGCACTTAGACTCGTTTCGAAATTCGGACATATCGGAATACCGAATAGGAGTCGCCTAAGTGAACGACAACCAGTCTTTGCATACGTCCTATTTGCGTAATCTTGAGTACTGAGGTGGGAAGTTTTTCCGTAGCCGCTCAAGACTGGCAGTGACGACCAGTTCTAGGATGCACGCGTGGGCTTACAACCCTGTTGAATGTAATCCAGCCGACAGATATCTTTATCCACTAAGGACGGTCTACTCTACTTGTGGCCGGAGGAACCTCTCTACGCATTTATTCCTTGACCGGAAGCCGACAAAAAAGTGTGGAGTAGCGTCTGGTCGCCAAATCTTACCTACTATTGGGTGTTACATGCTCGGCCTAGAGGTACGAGCTAGTGGCAGCCTCGCTATTTACTTAAAGGACCCTTGATCGCCTGGGAAAGATCCTATCACAACTACAGCCGTCTGTCTGACGGTTACGCGCACAGTAGCGCACCAGTAAGGTTGCAGGCTGGTGCGTACGTAATTTTTATGGGGGCTTTCTGACTTCGATATGGGCCTAAGCGTACGATTCATCATTCCCTCACGCTAACGGACTGCGGGACGAGCCCGCTACCATCAAGATAAGAGCAACATCTTCATATTGATTGCTGATATTGTATTAAACTAAGAACACTCGTACTCACTAATGAGGCGCCACCATAAGACAAACGGTCACTTGGTCTCTTACAACCCTTCTTTCGTGCGGCCTGCACTGTCTGACGGGGTGTAGTTCCCAGGGGTCGAGGACCAGTTGACATAGCTTCCCACACGCGTACCTTGTTCTCATTGCATCGCCTGCCGAAACCGCAGTAAGGATATATGTGTCGGTCTCATCTCGGTGCGCGCAAATCCGTCGCATGGCACGAGCACGGAAAGTTGGGCCCAACCGGTCATTAGCGGATACGTAACATTGGTTCCAAGTATATTGCTCAATTCTCAGTCAGAATGATCTACATTCCGACCAGCAATTACCGTAGCGGCCTAGTGGGCTCGGTTGATCAGTAGTTGAAAGCGGTGGAGGGAGCATTGTTACTGATGAGATGTATACACGCGTTAGGCAGCTCGCACGCTTAAGTACGGATGACTACCCTTCCTCGCCCACGGTAATCACATCTCAATCCCGAGCATGTTCTCTATACACACGATCAAAAATAACGGGCTTAACATCACAATTTCGTGTCCTTCTAAGAGCCATCAAGCTTAGAACGGCACAACTACAGAATCTATACTAGCGTGGGCCGACATCCTTATACCAGCGTCTATGTTCTGCCAGGTTGCCAGCAGAGCGCTACGTATGGACGTAAGGAGTTCTTGGACTGGTACTTAACTTCCGCGAGACTCGCAGATAACATGTCCGAATGCAACGGAAGTCGCTCTATCATTAACCCAGCACATCTTCAGGAACATCTGTACCGGTACACTGAGGCAGTACAACGACAGTACCCAGTCAGGT,1732,49.13,Caenorhabditis elegans
SEQ_768666,GATATCATAGGAGACGCATGGCTTCACACGCAAACCAATCAGCATGGCACCCCGGTTCCAATGATGCGCGTACACTTAGAGAGTGAAACGAAAACATACCCATTTCAATGTAATGCCGTGACATCATGCCTACGCAACTGGTTCTGTATACTACAAAGGTAGGACCATATGTACCTGAAGCTCCCTTCTATTTCCTAGGTTATCCCCATAGGGGTTACAGCTGACAAATCTTATGGCCTAGCTTTTGTACCTTTATTTCGCCGGAGCTCACGGCAATCTGTACGCTGGCACCTGCTCGGTGACGACGAGTGTAATAGCGTAGTTGTTGCTCCCCCGCCACCTGCTCGTCGTTTACCCATTGAAATTTACCGGCTGGGATTCTCCTCTCCACGTGACTCGCGATATCCCGTCACCAGTTCTAAGACCTCATCGTACCTTTATCGCCATAGCTACGAATAGCGCCCAAAAGTGTCGTCAGGGAAACGTTTTGAATTGCAGCTGTCAGGCGAAACGCGCCCCGAGAATTGTTATACGCAGTGCGATTCGTCCCAGGTTTTACAGCAAGCTTCCCCCGTGAACATGAAAGTACGCCACGGAATTGATCGGCATGCCGGTTGGACTAATAACGACTCTGAACGGTTTGAGAAGCTCGTGGTACGTCTCTCCGACCAGATGGGCTTCCGCTATGTTCGAAACTTCCTTTCAAGCTGTGCTTGCTGCGGTTTAATCTTATACTTCGGTTACGGGACGATCGGACAGATAGGACGTCGGTTCCAAGCCTAGGTGCTAGGATGCTACCTCACTGGTGTTGCTTGGAGAACATGTAACGAAGGTCTGACCCACATGGCATACCAGTGCGTATGCGATAAATAGACACTAGTTCGCCCATTTAGATAATCTCCCGCATCCGTTGCTGTAGACACGATAGTTACGAGATAACTCTTTAAGGCACCGGAGATTGCGAAGTTCACTGTTACAAGGCGTAAATTAACGGTTTGGGTTAGGTCTACGCACTCTCGGCGAGAAGCTCGGAATATGATCAAGGGCATCAGGACGTTGGATCCTTATCCCGTTCGAGTCGGGAGAGTGGTTCGTGCTTTCATTGAATAACATGTGGGTCTTCGCCCATCAAGCAACGCATTGTGCTTCATTGCTTTTTGGACATACGAATGCCTGATGCTCCGTCCCCTTGCTGTGTGGGTCGGTCGAAGAAGAGATTACTCTCGTTCGCAGTAGAGTAGTGTCCTTACTCCAATGTCGTGTTATAGGAAAACAACTCCACAACTACCGCAACCGAAAGCCCCATGGAAGCCACTAGTGCTGGCTTGAATAGCCCAGTTTCGATCGTAGGTAAATGAGAGATGCGGACGTCTCGCTTTGACGTCGTTACTCTTTAAGTTTGCATGCTCGTTCCACGGCCCCATCATCGATCAATTCACCTCGTGCCTGTCTCCTCACAGCTATTGAATACTCAAGTGGTGTTCCCTTCGAGTGTATCCCGCACCGACCTAAAACTAAACCGGACATCCTTATTGGCTCAGTTAAGGCGGGTGACAGCTGCTGTTAGCCTACTCCTTCCATACTCGACGGTCCCAGGCGGTCCCTATGCCCAACCGACAGCCGAATAGATTCTCCCCCTTATAGA,1645,49.85,Homo sapiens
SEQ_432627,TTAACTCGAAGATCGAGTTATGCCGAGAGGCTCCCTACGGTGCCCTTTGTCACTAAAAGCTTCAGGGTGAACAATAGAGCGCAACCTACACCCACAATCGAGTCTGAGACTAACCAGG,118,50.0,Arabidopsis thaliana
SEQ_325057,GAACTAGGAACAATGCGTGCATAAGCCCACAGTGAGTATCGAAACACTTTATTGTGAGGGCTCTGGACAATAATCGTCCCCGGTTATGTGCTAGCGAACCTCGAGTGACTTCAAAAAAGAAGAAACTATTGTGTGTCTCAAAACTCGGTGGAACTTCCTAATTGTCTTAGGGATCGACAAGGGTAGAGTACGAACAAGTCTCTGTGAGTCGAATTTAGTGTTGAGGGGCCGTACTAAGCTGCCCGAACTTCCTAGGCAGGGCTGGTGTCTAGCTTGTCTTCTATAGATTCGGGGTGGAGCCCCGGGTAGCTGGCTGGGGCTATGCTCATATACTGATACGCCAGGTATATACCCATGCTGAGCGCGGCCAGGAGGGAGGCCTACTTTAGTAACGACTTACGTAGGAGAATAGAAAAACTCTGAACGCCCCCACAGGGCTACACCCAATAACCGCTGGGGTATTATGTTAGAGTTAGCCTAAGCATGATAATACAGGTCCATCGACCGGTAAGTCAGTAGATTGCACTAACCCGAGAAGGTCCTCGTTTCAACATTATGACCCCGCAACTTAAAGTATCGCCATCCAGGAGGTATAAGTGAGATACACTAAGTTCAGCAGTTCGCAGCGGAGCGAACCTGGTCCCAAATACTCCTGGCAAGTGCTGCTGTCGCCGGGCGCATCCTGGTGGAGACTTAGATGTTCACTAGGTCGGATTATGGAGGGCACATTAGAAAATACTATGGTAGCAACAACAACGGGGGCCCGAATTGCCGCCGAGGTAAATCTGCACGAGCTCCCGCTGTTGTGCCATGCGTGGGCATTATACTAATTGTGAATCCCCAACCGTCGCACAATCTTCCGTGTTGGACGGGCAAGTGTCTTATATTACAGCAGCCTCGGGCAATCGTGGGGGGCACCCTTGGTAAGTCGTCACGAATCTAATGTAGCCTAGTCGTGTGTCAAGCCAACATAAACTTGGCGGGGCACCAAAAACTTACCCCTAAAGACCCGTATTCTTTTTGGTGATTTCTGAGAGCTCACCTGTGGGATTAAAGGATGACCCCAGTCGGATAAGCTTCCTAGGTTAAGACGTTCAACAGAGCTGCGCGGGAGTGGCATAGGACAGTCGGCGCCGCTGCTGGCCATTCTTCAAATACAAGTCTTAAAGTGGAAATGTCTTATGCACTCAAAGTGTTTCGAACGCCCGCTCCTCTCGATAGGCCACAGTCAGCCGGGGTTTAGGCCATCCCCATCTCTCATGTGTCAGACAATTTGTTACCCTTCAATGATCTGTAAAACAAAATATACGTCTTAGATAACGCCAGGACGGCTCGGGACCGACGCCCCAATTTGTCGGCTACAGTATCACTAGTGCATGAGCAGGTCGGCATCCTCGTCTCCGTGCTAATCTACACCATGAGCCCAGACCGAATTCACAGTCTGAAATTGGCAAGCAGTATCATTGCGCTTTCCTTAGCGTCGAAACTAATGCATGATAGTCGGGTAACGTGTAGCCGCCATGTGTCGACCTGAGACCATGTGTAATCATTAGTCTAGCTGGACGATGAAAGAGAACCGCGAGCCAAGCGGCTGAGTCTTTGAAC,1605,50.03,Escherichia coli
SEQ_502714,CATTGAGTCAAGCATGGTCGCGATGGGGTGGAACTATCGTGATTCCTCATAAGACCCGTCATTGTCAGTGTGTTGTGTAGAATAGTCTAGCTAATGCCACTTTGTCTCCCAACAGCTGCATTCTCAGTGTTTTTAAAGGTTTGTCTGGGCGCTGTAATATGCTGCACGCGGTGGCAAGCTGCGACAAAGACTGGATCAGTTAGAGCCCCAAGTTTAGTAAACTCCAGTTCTACAATTTGCCATGGTAACAGTGGCGTGCTCGTTGGCGAACAGGATTCGCGGCTCTAGTGATGTCCCCTCACCATATATCTTGATGGTAGCACCCATTAGACCTAGGCTCCTCATACGCTCGGGAGTGATGAACCCTCGGTTATTCATGTCAGGATGTGTTAATCTGTCAGCTACGACTGTTGTAGTACATAATTAATTGATAAAGGCGGTCGCTCGCAGTTCTGGACGAAAAGACCGAGTTAAACTTTTTTGTAGTACTTAGCCAGGTGGCACCGCGAAAACCCGTACACGAGTTGCCTGACCCGTATTTCGGCAGGCGTGTAACATCCAATTATAAGCGACCTTTAGCGGCGTTCAACAATTTCACATCCATAAGAGAGCGTGTAGTTTGAAGAACAAGTTGAACTGGTTGCTCACAGATCGTCCCGGCAGCTAGCGTTGTAACCCTATCAGTAGTTTTTCGCACTGCCCTTAGTGGGGCGTCGCGGGACAGTCTGCCGACGTCGGAGTGCAAGCGCCTACCCCCCGTGATGCTCCATTTGCTCAACGTAATTGCCGTCAAGATCAATTCGCAAGAGTAGGCCTGGATCCACAATAGCTGACCAGACAGGGGTAAGACGAAATACGCTTGGTAGCTCACAACCTATAGAGATAGATTTGGACAGTATTGAGCAAATGTCACGTCGAACAAAAGTGGCGTTTCCCGGGGGAACTTAGGCTTGGATGTGATACGCGCACGCCCGAAGCAACGACCCGGAACCCTAATTTCGTATGCAAGGCTGTGAGCATTACACAGCGATGGTCTACATATAGATATCTCCCGCTATCATCTGACGTTGTTTTTGTCGCGGAAGCATGGAAGACCGTATCACCCGCCCTTCAACCTCTTGGTGCTCTGTATACGTACACCCGCGGTGAGGTGGCACGGGGACTTGACGTCGAGGACATCGAAGGGTACGGACAAGAGTCAGATTCTACAGGCGGTAGGCCCTGTTTCAGCTAATAGGTCCCGTGATGGATACCAATCAGGGGACGGTCTGACGTCACACCTCTCAGGGCCGGTAGACCGGGCCCACACAAATGTCGCTGCCTTAGTTTTAGCACCTGCCTGCGCATGTGAACTCGCATGAATCCTAATAACACTGATGCGCGCATAACTTTTTATTATTTCCGATGACGTATGTAACCCCAGACGCTTTTAGCGAGCCTGGTATTAAAAAACGTCCCCGGTTGTGGCTTTCGCTGGGTAGAATGGAAAAGCCCCATTGGGACTGAGGTTTAGGTTTGCTCTACAACGTATCCACACCCTAACATAAAAACCGAGCCCCACCGTCTATCGGAAACACGCTATTCACCTTGTCAGACGAGGGTAAACAGAAGCCTAATTTCTAACCCCCCCTGGTGCGTAGTCGCTCTAGTGAATGTTGAAGCTTGAACGCGGTGAATTTCGAATACCGCGAGCAGGCCTGCTCGTAACTAGTCAAGACTG,1720,50.06,Homo sapiens
SEQ_167395,AGTACCGGCGCCATTTCGCGCTGATATCGTGGAAGTCAACGCGCTTCCCTCTGTGGGGCGTGCCTATGAAAAGAGTTGGTTGCACTGCATCCACGTTTCGTATATTCAGTAAACCCTTAACCTCAGCCCGCGTCGATGTAAACGGAATACTGCCGATCGGGCGTCCAACGGTGTCTCCTTACACCGTTGGTTTACCAACGATTCAGCTCGGAGAGGTTTTTCCAAACGTCGCGCGTCACGAAGAAACCATAATTCTCCCTACCACCGACTGGACGTTGTCTACTTGGTACGAGTGAACCTTGGTGGGCTAACTCACGCCACTTTACCCAGTAATAATCTCACGACATCTCGCGATTCGGGTGGTGAAGCCCTTGGGTAATTTTATGGAATTGTCTCGGCTTTAAACGGATACCGCTTCCACCCAAGATGGCGCAACACATCCCAACAGCAGCTAAGCACAAGGCTAACATTATCCCGCTTTAATTTGAGATGCGAACCGAAGTACGCCGCAGTCATAACCGCCCGACTGCGCAACTATCAAATCCACTCCCGTTAGGGGATACCGCATGAAGGGAGGCACGGAACGCACCAAAGGTTATTCCGGCAGGTGTTAAAACAGGATTCACCCGCCATACAGTTAAGGCGGTTCTGCGTGCGACAGGCCCCCACCTCTTCATTGGTCTTTGCAGTAGAGCTACCGTCACTTAGCCTGAGGAACGCTCTCGTTACCTCTGACCGGAGGTGCCCTTGCGCGAGCTCTGCGGACTAGCCGAGATGCTACCATGTCGTTTTATAGCGCCACGATCGCTGTGGCGGATCTTGAAGCACGTGAAAATGAATCTATCCAGCCATCCGCCTTAGTATTACTAAGGATGGATCGAGGTAGGATAAGGTTCCCTAAGCCGTAAAAGCACAAATCACGTGCTAAGCTTTATGCCTGTGAGCGGGCGCGATGTAAGCTCCACCTTCGTAGCTGTTACCAGACGACGCTTATGGATCGTCAACCAGGCTACCGGAGTGGGCTAATTAACGCTTTCTTCCACCTGTTGCAGCAGTCTTATCGCAGTCGCAGACTAAGATCTCCTCGACAATTGTCGACCCGCAATCGTCGAGGTCAATGGGTGCAATCTAACCTTAGACTGAACCATCCTCAGACAGGGCTACACCGCGGATTGTTCCTTCAGATATGTCACTAAACTATGCCGTGACTATGGACTTTTTATGCCAACTTGCCCCTAGCCTAATAGGATTCGGTCACGCATATATTCCCCCCTGTGTATAGCGTAGACTACGATGTTAGTTTCATACTAAGTAAGATTCTAATTAATATCTGAGCCGCCTCGCCGTTGAGCTAATATGAGCC,1363,50.84,Escherichia coli
SEQ_505751,GGGACCTGAAGCCAAAATCCGTAAGTGCGTAGGGGTTGATAAGGCGGCTCCTCAGAGAGAATAAACACTCATAATGAGAAGTATATTAAATCAAATCGCACACACCAAGTATTAGCTTTGACCTCCCTAAAGGACTGGAACCGCCTCCTTACATACTAAAACTGGCAGACCGATATGGATTTTACACCCCTGCACATAAGCGCACACCCTCGATGGGACTGTAATCCCGCGTCTTTAATCCCATGGCTCGATTTAGGTAGCAGGAACACTTCGACAAGCACCACGTTATACAGACGATTCAACGAAGCTTCACCTGAGAATAAGGTTGGGTCAAAATAGCTGAGGAATGATACCTTCGTTTGAGTGCTCGTGACGCTCGCCACGATTGCAACCTACAAAACACACTGCGCTCGCAGTGCCGTTCATTTATGAGAGCGAGATCTGGTTGTTCGCTGAGGTTGTAGAGTGAGGCCTCATACGATACCGTGTGGTGTTACTCCGAAAAAATAGTAGTGGGTACGATGTCTCTGCGTACAAGCTCGAGCTGTTTCCTGGATTAGTTAAGAGGTTAAGAGGCACTGTGGTGCTCGTTTTGGAGCTGCCGGCTTGGACTCTACCTCCTCCCTAGGGTTGTCGGTCCTCCTATAATGACTACTCTACCGAGTTTTATCTACAATCAAGGGCCCAAAGACTCGTATCGTTTAAGTAGACCAGCCCCGCAGTCGTTTCACGAAAGAACAGCCCTACACCTTAGTGGTCGTCCTTATTTTCACTATCACGTGGTGGCCTTCTGAAGATATCCGAGTAGCGTCAGACGCCCGGCTTCCAAATCTTATTGCAACTAGGTATGAGTGCTGACAAACCGATGATGAAATGTATATTCAACAACCAATGTATGTCGTGCCATGAGAGTATATAGCCAAGCAGCTATACATTTTCGAACATTG,947,47.1,Drosophila melanogaster
SEQ_435000,TCGTGACTGAGATCGCTGAGGCGATGCAAATGCGCGGTTGGGCATGTGAGCGTCATCATGCCAGCGCGACAAGTAGATGTCGCGGCATACCAATGACTGTTCGATACGCGTGACTCGGAGAGTTTCGTGAACGGTAAAGACAGGTGAGCAAAGCAAGCGAGTGACTCACTTAGTGTGGAGATGCTGATGGCATACCTACTCTTTCTAATGTCGCTAGGAAATTTCTGCGTCATCATTCGATTAGCGGCTATAAAGATTTACTCATATTCTACTAGTGACTACATTCGTTAGTATGCCTGCAGTTTCTAGCTCGAGAAGGGTACCATTCAATTAACCATAAGGTTATAATGTTAACGGGATGAAGATCGCGTCCCAGATCACACAGTAATCCGTGAACCTTTATGTCCAGGTACCACGCACCGCGGTCCGCGAATGATCTACATCCACCTTAACTGTCCAAGTGAGGCATTCCCAGTTTCCGTACCCTAGATCCTATCTTTGAACAAGGGCTTTTAATAGCCCCCTTCGGGAGCAGAATTATTGCAAACAAACGCAATGTTTCCAGACACTACCGGCTTTGGAGCGTACGTGGATTTGTCGGGATGAACCTTCGTGCGCGAGTGGTAAAGACTTCAGGAAATTACGAGGTGTCGACGATGACTAGTTGTCGAACAATGCCCTTGGTCCGGCTGCGGTGGGGCTAGAGTCGGGTGGAGGTGGGCGCCAAGAACCTTGAGGTAGATGTCGTCTATGATCGGATCTAAGCGATTCTAACTTAACGGAGCAGGCCGCTGTTAAGAAGTTAGCATATGCGCCATCCTTTCAGTGGCCAGCAAGAACAATGAGCTAGAAACCTATGAGCCGGCTTTCGCTCCCAATAACTCTAGACGAATACGTTCACTAGTTCTTCTCTGAGGATTACGAATTAGCGTAAATGGTCGGCAGTATGCCAATCACGACAGCGTCGGCTTATTGTTTCCCTAAGAGGCGTACATAACATAACTGAAACGCGCCTAACCCCCGCCACAGGTGCACCCGACAGAGCATTGCTTGAGGAGCCTTTCGCTGCTCTTAAAGTCATTAGGGGGGGTTAAGGGCGTAAACACGGTCGTAAACTCTGCTTAATTATATAGAAGAATGACCTGATCTGCACCTATGTGTTGATATTGAGCCAAAAGAGTCTCGACCGTTTGGTATCTAGGACCGCGTTTTGCCGCCCGGCATGTCTGTTCTCTGCTATAGAATTTTGCGTTTTTCGTGCCGGCCGTATTGACTTAGTTATCAGGGCGACACTGAATCACTCTTGATAGACTTCGTGCCGTTTGTCGCACAAGTCCGGTGTGCGGCCAATGTCTTTCTCACCCGGACACTGAGGACAACCACCTGGAGAATTAAGGACTCCGCTTTTTCTCTTGGCGGTTAATCCTAGTCTACTGTGGCACGGCTGCAG,1450,49.03,Caenorhabditis elegans
SEQ_404108,GTCCCAGCCCCTGAGGATGACGACTACGGACTTTGATCTAGTGATTCTCTCCTGGAATAGGTACGCCTTGTAGAGGGAACTAAGTGAATGCACACATTTGCTACGACCTGTCGTTGGGTCGGTTTTCGGAATATCCCCCCTCACATTCCCAAGGCCAGGTATCACACCCCCACCAAGATGTTTCCTATCCATCGATTCCGTGACGATTAATCAGTGGTATTACACGCAATTTGGTAGGCGAAGGTTGACTTTGTTGTTTGTGGGCAGGTGATTGGGAGACCTGCTGTCGGTAGTGAGGCCGCTCACTCAACGGGGCGACAGCGTAAGTGAGCTAAGGTGCACGGGCAGAATTTCCCCGCTTAACTACGTCAGATTCGGCTCTTACCAAGGCTGCCTGGAAACGAAAAAACCAAAAAGATAAATTTCGGAACCCAGCAATGGTGGTCTGAGCTACGTTCGAAAGATCTGAAATAGGCATGGGCCTCACAGTAGAACATCATCCCCCGGAACAAATATACATAGGACACCCTCATTCAAATTAGGTCGTGCTAGTCCAAACCGATTGGGATGGTCAAAAACTCACGGCAAATGCTCCGTTCTTAAGGTGTTCCTCTTGTTTGTCCTTATGCTCCTCCTAATTTGTTGTACAGTGCTCGATTACTGCGTATACTGAATATCTGCTTACGCCCCTCGGACTACTAGAAAAAGTCCTAGATCTGGGGCGGCAACATTGCCCAGACAGCCCCTCGCTTAGAACCCCATCGCCGGATAGTATCCATCGTAGTTGCATGATTAAACAATTGTAGCATTAGGTAGGGATTGAGTGGAACACTCACGACTTGGCGCCCGGAGTAATATGGTGGCTGGCAGCACATACCAGCCCCTGCAACTTATTACGGCTCCACACGTTAGAACGTCTCCATCAACTAGCGTTAATCGGGCGCAGGTTCCTGCTGTACAATGTACGCAACTCATCAATACGGTAAGGAAGGGGGATAATTTAAAACATACAAGTGTGACTTCCAGGTTACCCCAATCCAGCTAGCACTCAGTCGATTGGGTTTTAGCCTCTTACACTTCCGTGGGAAGCACCTACCTCGGTTCACTATCAAGAGATGCTCAACATTTCTAAACCCTAAAAACTAATGAAGGCTCTTGTTTTGTCTGTATACACAGAAAGAAAAATAAGATATCAGTGTGCTTCCCAGTGCCCTTTTCGCCAACCCAAGACAGCAACAACCCATAGCCGGCTTTGACTTTTAGGGCTAACGATCGATGGCCTTGTGATCGGCATAACCCACACCCCTTTTGACCCGCAGTTTATCTGTGCCTGCACGACCCAACGTAACTCTGGAAATCGTCG,1363,48.42,Saccharomyces cerevisiae
SEQ_866543,GATGGCCAGCTCCGGTTATTAGTTCCAACCACAGGACGAGCAGACACACTATCCACCCATAGTGTGACCATCAAATGGGTCCTGGGATATATAACGGTCAGATCATGAGGACAAATCAGGTATGCTGGAAAGAGAATCGAGATCAGGATATATACCAGTAGCCACAAACATGGGCCCTGCGGCTCGTCCCCCCATCCCGTTTAGTGGCAAAGTCGAACATTGCTGCTCGACCCTACTGGCTCGCCACGCTGCTGGATCCGACACACGTGCGTTCGAAGGACAGTCGAAAAATAGGGCCATGCTCACGAGCGGCGAGCTGGTCATAGGTCTTTATACGCCCCGGGCGTGTATTCGTAGTAACGCATATATTGACAGAACCGACTTACACGGCGATCGTCATCCTGACCGCGCTTAGTAACTCACTTCACCTAAGCCTCCTACCCCGACCATTGTCGATAAAGGGCCAAGGCTCATAAATACGGGATCGATGGGGGCCAAGATGTGGGCATGTAACTGCGGGCTACAGCCACGTAGGCCACTGTAGCGAGTTATTATAAGGCCGTCTCGTACCTGGCTTCACACGCTGGCACCCCGGACCAGATAACTTTTTGATATATTCGGTGTATTCAGCACCACTACCTTTGTT,646,52.32,Arabidopsis thaliana
SEQ_265490,AGTTCAATATTGTAACGACACTGGCTGCATACGATGACCGCTTACATCCTTACCCTGTCTAAGCAACTCAGTCCTTCTAATGCTTTATGCCGCAGGTACGCGTCCTTCACCACAGAATGGGTCACAGGCTGATGACGGTTTGTCATAGTAACACAGAACGGTGCGAACCTACAGAGTGCCTGGTCCGCCCGCTTTGGCTTGGGTTGCGATCCTTTATTATGCCTGCTAGTATACTTTTGTACGAGACGGTTACTAGATAGCC,262,48.85,Homo sapiens
SEQ_540910,GGGTTAAAATTCAGCTGTTTTATTTTATTGGGTAAGGGCCGCTTTTTCAAGAGCCTGGTACCTGTCACAAGCTAACGACTGCACCCATAGGTGTACTGAAAGAAGTGACCTATCCTAAATAGGTCCTGGTCACG,134,44.78,Drosophila melanogaster
SEQ_591547,CGGTTCAGCCTTCTACCGCGTCGTGGCGGTATACACACGTTTGTCGGCTGCGAGACAATTTCAGAGTAAGCCTTGCTTACGAGAGTTGGGATTCTCTGGCTCGGGGTGAACGCTGTAGAGATGGCCTCTTATAGATCTGTTCGTCCGCTTCGTCCTACCAACGCTGTTGCTGAAGATAGAAGATGGGGATTCGGAGGTGACGTTACAACGCAGACCTGAGTCCTCTAGGCCCGAAGGGAACTGTTCTCTTAGGTATCTCTGATTGGATGCATCCATGACTGACCGCTCTTAGGATGACTGTAACAAACAGATTCGTGACAGGGAGTAGTACTTGATTCAGTTCCGGCCTCGGCTCTAGCGAATGCAATTGGCACATGTGGCGAGACCCTTAATGC,395,51.65,Saccharomyces cerevisiae
SEQ_331566,ACGCGGAGCAAGATCCAGTCATAAGGCGATACACCCAGGCAGGCTCTTTTCGGCCGTTCTTTGAAATACATTGGAGAAAACGAGGCATTTTCATGTCATAGCCATTCACAACAGAGCGCCAGGGAGTATTGTCTACAAAACATGTCCATCTATGATCTTAGCCCGTGATGAATTTTATGATGGTTCCCACGTGTCTTTTGTTTCACTTACGCGCAATCCAAGTATAACACATACA,235,44.26,Arabidopsis thaliana
SEQ_683543,ACATCACGTACGGAGTATATTAGGGGTAAGTGTTAAATTGCGGGTAGGGCTGATGACAGAGGGGCGTTGCATGTGTCGCTTCTAGCGCAGTGCGTACATCTTCCCCATATTTTTATTGTTCGTCGCCAATCTAACGCAAACGGGCTCGACCGTGGCTCTCTTAAGGTATTCGGGCAAGCCCCTTAATCGGTGGTCAGTGTGAGAGCCTACTGCCCGTCGCTCTCTCGTAAAGCTATCATGCATAACGACATGTCACTGCTCACCCGAGTATCCCAAATACTGATGCAGGGTTCCTAGGTGCGCGGCAACTAAAGAGCTTGGCCCAGTCCGTCATAAACTCTGTCCGGTCGCAACAAATTCGTGGTGATGCCCTCAGTGCGCAACAATAACCCAGCTGCGGCTGGACAATCCACACGGTGTGCATCGACCCATGCATTTAAAAGAATACTAGTCTCATAGACTGGGACTCCCAACAGCGTACTATGGGGAGCCGTACGATCCCCTTATTCGGCAGACGTTCCCGTTCGAGTTGACCCTGGGTTCGGGCCATCCTCGCGGCTATCATAACGCGGGGGGATGGTCAGGTGTCGACCTTCTACGGTTACCGACAGGTAGCTCGGGTCTTAGTCTCCTGGAGGTACTGTGCGGAGCACCGCGGCACAACGTTCCGTGAGTTCGCCAGTACCCCCAACGGGCGCTCCGGGCGAGTGCGCCTGTCGATCCACAACACGTGTCCTATTCAG,743,55.05,Saccharomyces cerevisiae
SEQ_481075,CCAAGGCGCCGTCCTATCTATGCTGGGTTCGGTATTCGATCATGACACGCAATGCGCGGCCCCAAGTTTTGCTACCCTATCATTTGATGTAGAAAATCTTTAGGAGTTGAGGCCACCTGCGAACTACGCGCCTTTCTGCATTGGTGCTAATGCCCGGCGACTTGGGAGTCTTCAAGACTCGATGAGATCACTCAAGACCCCTAGTAGCTATCCAATAGAGGTATGCAGCCAGAAACCTAATGGATCTATGAAGCAAATTTTAAGCTAGATCGAGCGTTATGTAATTTACGTGCCGAAGGAACCGGTCTACACACTTTTTTGGGGGAAGCCAATTAGAACTCGCGGACTGTTCTCGACCTGATGTGATACCGCATATTCTGGCCGATATTGGCTTTTGGTGCACATGACTTAGCGTTCTGGGTTTTCATGATTAGCATCGCACCCAGATTTGGCGGTGAGGGGTGGTTGCGAACGGTTGCAATCCTGTAAATCCGCATATTAAGTCCACCGGCATATCTACATTCAGCGGGTCGTGTCTGTCGCCCGCCCGCCTCTGAGTTCAGACCCCCCTGTTCAACATAGTCATGTCCCAATGATACTTGTATCTCTATTGTTCCCCCATTCGTTTCTACGCATTCCGAATAGCCAAACAGTATTTGTCTAGCCCTCCTTACATAGAATTCAGGCTGGGACGGGCACCCCCATGAGGAATCTCCTTTTATCCGGGGGTCTCGAGCCGCCTCCCGAACCGGCGTCAGATTGTACCTATTCCTATTGTAGCCTCAGTATGGAAGTAGTACTCACTCGGCCGCTTGCCGAGTGTGCATTTCGCTCGAGTTGGCGTGCTTCACTACAATCATGCCTCTATTGCCTGTAGTTCAG,882,50.0,Escherichia coli
SEQ_906450,AGACTCCGGGAAACCACGATCTAGCGCGCTAAATACGTTGACACGTACAAACAGGTAAAGAGAGAAAGAGGGGGGTCGGGGCTGGAGCTCCCACATAAAAAGCGGAGCCTCAACTAAAAGGCTAACGCCGAATAAATCAGAGTCATTTAGTCCTGAGTCTGTGCCATACCAACGTTCTGCCTAATTCATCCCAGGAGCGACTCGAATATTCTTAACAATAGATGGTATATACCCGATGGAGGAGATGTTGACATCCTTCTCCGACCGGACCTATTGTTCTATTTCCTGCTTTCGTTTGGGCGTCCGTGTCGAAGTTTGCTGAAACGTGGCTACCGGTTTCACCTACCGCCTCGAGAGGTCCGTACAGCAGGGCATAGAGTTACTCATGCCAAACGATGGACCGATGCTTCCAATAGTCCCAGGGGATCACGTCACCTTGAGGCCATCAACGGCGGGCTGCGTGTAACCTCAGCTCACTGGCAAGTCTAGCGCACACATTCGGACTGGCGGATTTCCAGCGAAGAATCTGCGCGGTGCCACCGCTTCGTGGTACTGGCGGGAACTTTTTGGAATCCAGAGTCTGTGCTCCTGGGTGCTACAAGCACGCGAACGACGTCCCGTCAAGCGGTGAGAACAATCCACGTGTTATGTGACGGGACCACCATTAGATGCGTCCTTAGGCTATTCTAATCCATTTCGACCTTCTAAACACATTAAATAAGACGGTCCTTTGCGGGCAAACACGTATACGAACCTGCCTGGCGACGTTCAATCGAGCTGTTAACTGATTCAAATGGAATGTTAGCCAATCGGATTACTCCTGGGTTCTGTGCATCAAGTTCGGATGGTCCCCAGCCTTATGTTAGCTTCAATGGGGATATCTGACCCCCGTTTAGGACCCACCATGGGGGAGTGGAGATCTAAGCACAAAGAAAGCGAGGAGGGCTTTAGCTAACAAACTACTGACACTAGCAGCCAGGAGAGCCTCCTAGCCCCAATTGAGTAGCAGTGCCGAGGCCATTGGTTTGTATATCTTACACTCGCTTCCGCTGCAGCAGCCTAAGGGTTAGTAGGGCTCAAAGGGAGTCCTGCCCGGCCGAGCGCGCGTGCCTGCACGGAGCGATTTTCCGCCCTGCCCCCATGAGTGGAAACTTCTATACGCTCAGGATATTGAAATACGGTCCACTAATATTCCTCAGTTTGGTTAGTACGGCAAGCGGGAGTTCTAGAGTTGCAGCCTGGCGAGCAATCTTTTAATGAATGAAATCGCTAGCTTCATCCTGGTGTAGCCCATGGTTAAATTAGTATGCCTTGAGGAAGACTTGGATAACAATGCAATGTACCCGCCGGCCTCCAAGTTGGCGATCACGGCCC,1374,51.53,Homo sapiens
SEQ_613361,GTGTCAGCCATATTTGCCGTCATGTACCATAGAAGCTCCCTAAAAGAGTTAGCCAAAGGTTAAGTGACGGGAACGCGCCCAACTTCGGGATTCGCAATAAACGACCCAAGGCCCCGCACATGATAAGTGTATCTAAGGAATCCGTACACTGTGATCCTCAGGAGGTAAAGCAGACTAGCATGGAGGGGTGTGTGTGAACCCTGTAGGTCGAGAGAATGCATAAATTAAGTAAATAGACGTGCATGCCTAGTGTTAGCCATAGCCTAAAAGCCCCTCGTCTTAGTGGCTGTCCGCAATAGGACCCTTCTGCTCCACACCCAGCTCAATGCCGATTACACGGGGATACATTCTGTGAACGTTGGCAAGCAATGACCACGGAATAGTGGGAGTTTGTTATTGGGCCACTTGCAAACGATGGTACGAGATCAATGCCCGCTTAAGTTCTAGACGTTGGCTGTCTAAGGGACTTTTCTAAATAACGTCCTCATGCTTTCTGGTACCCCTCCATCGCCTCCATCCGCATAGAACAAAGCGTATTGCGCCTCAATACTTAATGACGGGTCATACCGGCTAGTGAATTCGGAAACATACCCCCAATTCCATTAGTAGTACACGCCATTTGAGTACAGGCTGGTAGGGCAGACTATTAATTTGCCAGGTCCCGACAGCCTTTATTGAGTATAACGTGTTTTCGCCCGACCTCCCATATGCATCTGTAATTTGGCGGCTGGCGCTGGAGGCGTGGTGTGTCCGGAAGAGGCGACGCACGCGTGTACAGGAGGCGGTTGATTCGCCCATCCGGAGTACAGGACACCACAAAATCGCGAAAAGGTGACTCGGCAGATAGCCACCTCAACCCATGGATAATTCTCAATTTACTGGAACGTCATTGGTTGATGGTATAACGTAGAGTCGGGGGGTCTCAACTCTAAGCAGGGCCATGGTCGGTCACCGGCCTTAGATTGTCGTAACCAGTGGTGGAGGGAGCTTGTAAGTTAGAGGTTACAGCCCAGGCCGGCACCACCAGGCGTTCCTCCTGGTTCTCTAATGAGTTCGTATCCTGTGCGCATGATTGGCTTCCTAGTATCTACCCTGCTTGCTAAACAAGGTGGCTATATCGTACTACACAAGCACATAATTTTTGGTCTTAACACCGGAGGGGGGCAGAGTGCCTACATGCCGGAACCCTGGTCAGTAAGATATGATTATCTTACTAGTAAATCAATGTATGATCGGCATGGATGGTTCGAGCTGTGTTGGGAACACGCCGATCTTATCTTATGCCCCGTTCGCACTTCCCTTTAGTTGTAGCCGTGCCCACCGCTAGGGCCGGGGATGGCGTTTCCAGCACCAGATAGAATTTAGAGCTGAACCTCTAATCACTGTCGTATTTATCCACAAAGCCGAACGTGCAAAGTAGTCATTTCAAATGCTTGGCACCATCACCGTCCTTCACTAGGTCGTCGGGAGCTGCATCACCTGTTGCCGCCGACTCCAGGGGTCCTTGTTCTGATCGGTAGTACC,1524,50.39,Caenorhabditis elegans
SEQ_202274,CGGAGGACCGCCCTATGGACCATACACTCCTCGCAGAGATGTCCAACACAGCATTGAGTACATTGCGCGGAGCGAAACCTGACAAAATCAGCCCGAATGGTTGGACGGAGGCGAGTGAGCAATCATTAGCGAATTAGTAACAAAGTTTCGCTTAAACATTGTTGTTTCCTCAACCCTGAACTTGACCTCTTAAATGAAGTCCCCATGCTACTCCTAAATGACACTATGTGATGACGCCATCCACGGAGCTCCCACCCACCTCAATTACGACATTGTATAGGAACAGCGTACAATGTTAGACCTTTGAGACCGGGGGTGTAACTAGGCGTGGGGTTGGCCGTAGGGGATTGGCCATCAGTCTCAGTAGGGCCGGATGCCGATTGCAAGCCTCGCAGCGACTTTGGTCGTTTCCGCCGCGCGACTGGTCCTCGGAAACCCTCCAAGCGGCATACCTTGTTGTAACACCCTTACGAAAGTTAGAATTTCTTAACACAGTCGAATAAAATATGAGTATCTTTTGTGCGGTACTGTTCTGGTCAGATTATCCGTACCCTCTGGCGGTCTCGTTTTATACGACATGCAACAGTCCTGAATGGGGGTTGCTAGAAAGGGAGCGAAGTAAGTCGCGGCATTGTGATCGGGATTTGCAAGACACCGTATGATCGAATAGTTTGGGACGACTAAAATGACTCGTGGAGGCGATCGACATCGCTTGTATAATAG,723,49.52,Arabidopsis thaliana
SEQ_320048,AGACACTCCAAAACCGGATGTGTAGCTGGCTATCGACACGTTTTGACAAGTTTGTTCTCGGGCAACGAACCCATACTACTGACTTTATCTACGCCAACTATTGCCCGTATGACGTATAACTCAGCACGGTATCGTGACTAGTATTGGACGTGTTGGACCATTCTATCGCTATCTTGTAACTATACTAACCCCAGCCAAGTTAGGAAGTAGCTTATCAATGAAAACGTGTCGGTTCGGGCATGGGCCCAGCGTCAGAGTGCATGACACTGAGCTTCCGGATCCATTTGCAGGTAACTGGGACTAACGAAACCGTACACCCACGTAATTAGCCACGCGCGCTATAAGTCTACCCCATCCTATAGTCATGTTAATTTACCCCCGTGCTTACCGCGAGCGTGCACCTTTGTTGACGTGAGATGGTGATCCGTTTCCAATATTCATTTATCAAGTATTCTGACAGTCGGACTCGGGATAAGATTCTGGATGCTG,489,47.44,Escherichia coli
SEQ_200008,AAAGGAAGAGACCACGTCGCACTCCTCATGTATTAATGGTAGCAAGACAACCGGTATTGTGATATGCCATCAGCGTTGAACCAACTATTTTCCCCATTTCTCGTCTGCAACATATTCATACTGCTACATACCAAATTCCGTTAAATTTGACCGCTCGTTTGTATAGGAAAGGGGAGTAGATCTAATAGGACGGTGCTCTACGCTAGAGAAACTGCCGTGATTGAAAACGCGGGCACCAGCGACACCGAGCGCGGTACCGTAGTACATCGTTATTTGAAGGCTACCAATTTACGTGTCGGGTTGGTATGTATCCGCAGCGAGCTGGACTAAATATGTAGACACGCTTGTGTCTAGCATCGGCTTACACACATCAGGAAGGGGTCACACCGAATGCACGAGAGACATCGTACTCATGGAGATACATCCCGTGTTCCGCTACTTGGTTCAGTATAATCTTGCCCCTCAGCTATTAACATGATGGACTGAAAGCCTAGCGTCGCTTGTGGATTAGCTCCCGGCGTGGTTGGCGGCTCACGCGCATAGATGAGCCAAAAACGGAACTATACTGTGGGATTGTCAGGTTTCGAGACGAGGCGAGTAATCTCGGGACCGGGATCTTGGGCACGGATCCTGGACTCAGGCCGTCTCTAACGACACGAACCAACATCTTGACCCCCCT,679,49.78,Homo sapiens
SEQ_533305,TGTACTATCGTAGCGCCCTTTGTGTCTTAGCTGGTCATTCGGTGAGTGCAACCGAAGCTCCACTGTGCTTTTCCCTACTAGACCCCGGACCGAAGAACTGGATGGGGGGTCTTGAATGTAATAATGCGCAAGTTCTGATTCAGCATATGCAAGCCGGTTGCTTCGGACCAAAATAATGTATGAGTAACGGTTACTGTGGAAGTCCTAGTTGTATCTAAGTGTGCCAACATCCGTTCTGTGTTTCAATTATTAAGTTCCCGGATGCGCCGCCACCTGGCACAGCCTGCCCGGCACATGTCACGGGTTTCGTACATTTTGAAGACTCTGTCTTGCGGACCCGTAGTAAATCGGTGTGAGCGCCAGTCTATCCCATTCCAACGGAGTGTCATTGCTTATCAGAGGTCCCGTTCGCAGCACTACTGATTCTATGAGAGACATAGTGAAGGCCTTTTGACCAGACTTACTAGTTATAGTGGGCTGGTGAGTACGTCTTAATGCCTGAGTAATCAAAGGATGACACGTTAGTTTATCCGTTAAATAAAGCAGTCCGCGTTCCTTTTAAATGGCTTATTGCTCGTTGTTCGAGAACCTAGACCGCCACGGCTCGCAACGTGCTATTCTTTGCTAGCAGGCCAAGACAGTTGCAGCTCACCGGTTATACTAAATATTTCCAGTGGGGGTGTACTTTCGGTGCGTGATTACTATGGCCGCTTTCAACGGTAGCTAAAGAAACATACGCCAGCGGGTGGCGCCAGGACAGAATGGCTCGGACGTTATGTCCAATAACCAACCTTTACAGTGGAAAGGTAGCATCAGTCCATCTAACTCCCCACTAACCCTGGTCAGACTCAACAATAAGTGCCAAGGTCATGCCCAATGAGATACGGTAATATCCTTGGCTGAACCATAGTAATCGGTAACGTGCTAGAAGTCAGAACTTACTTGAAAATATATGTGTGCGGCGGTTCTCCCAATGTGAGTTTACAGGACTAAGGTGCAGTGATCTCGCGGTGGATCGCATCTGACTCGTCGGCGATCTTGTGAAACCCTACTTCTTATAGACATTAAGTAATACTGGCAGCAATTAACCCCCTGCAATTACAAACCCTCGACCCAGGTGAGCCATAGTAATGCCTTCCTTATCCAGTTAAACGCAGCGGGTCCATGGTAAAAGACGCAGCCCTACGTCTTGATCACACGGGCCCAATGGATGCGCAGTTACAACAAGCATCATTAAGTGTTCCGACATCTACATGTCGGGTGCTACAGCAACAGTCGCTCGACGCTGAGTACACTCGAAGACGAGACCTCACTTCCGGCAAGACATTATTCGTATGTGGATAATTGCCGACTAGGATACCAGCTTGAGACACATACCAGCATATTGCCCGCGCACGGAGACCTTAATAAGAAGCGTTCATAGAAACACTCAAGACCCACACCAGTACCGTAGGCGTACTAGTTCAAACATAGACTGAAGCGGGGATTAGGAAGACACCGGTACCAAATTCCCGGATATTGGGTTTAAGGGCTATAAACAAACGATCGCGAGTCGGATCGTGGGCCTTTTATGTAGGAACTTCCGACCGTGAAGTTTTTATAGTAGGGGTATAACCTCGTTTGGAGTTACGAGCCGTGCCTGCATAACCTTTCTTCATTCACGGAAATTGAATGAAGCGAGCAAATTTGTGCTATTAGTTCTATACACTGTGGCAG,1716,47.79,Mus musculus
SEQ_667316,TGCTTATCATCCCGTGGACAGAGTGTGTCCCGAACGAGTGAAGTCAGAGTTGTAACCGGAGAGTCATAGATCACTTGTCCTCAGCGACTTTGTAGACCATAGCGCGCTGCCTTGGAATGCTGGTATCTGCTTAGCGCACCGTTTAAACTCATCTAACCAGCCTGAGTGCACGTTCGCGCTTTCACCGAGGTCGACAGAAATAAAGATCTATATTAGTTTTGGAGGCACCCGCGTATATCAAAAGAGAAATCAGGTCTTGCTGCCAGTTAACATACCCGTACATCCTCAATGAGGATTTGTGGCAAGTCCATGAACCTCATGCTATTTGGCACACCTTAATCGATCACAGGTTTCTTATTTTACTCACCGGCTAATAGTTGCGGGCATTTTTCAGTGTTGTGCCACTCTCCCAACTCGATACCGTCGATATATAAGTAAGGATTTATAGATGTTTTGCTTACGACGCGGTGCTTACTTGTATACAGTCGCGCCACTAGTCTTTCACCAGACCTTGAGCCTGGTTTGTAGCTAGTGTAAATGGTCCCTATGGTCGGCATCCGGCACCCTACACCAGGCCGATCATTTCATAAATTCGTACTATAGTGTGCAGGGCTGCGTTCGTGCATGGATATACGAATGGTGACGGCATGGGGATCTCCTTCTTCAGGCAGTGAGTGACCACGTTGAGATATTGCCCTTGTGGGGTGACGTCAGAAGGACAGTCTCTGCATAATGGCTTACCGTGTGTGATAATAATACTGCGTTGGACTTACATCCTAAGCCATAAGACGTCGTGACTTCAGGTTCCGTAGAGTGTTCTTCTTTAACCAATTAACGTGAGGCCCCAAACGTTGTGTTTATGTGAATGCACGCGGATTCTGATACGAATCGGACTAGTTCCCACAACGTGGCTAGAATAGTGATCGTAGGCTGGGCTAGAGTGAGTCTGATCGTGGTCGGCCGTAATGCCAGCATGACCAATCGCAAACATGCACACAACGGGAGTCAAGT,1011,47.77,Caenorhabditis elegans
SEQ_120302,TGTGGCCCTCCCCCCGCGGGTAAGCAACCTCACTAAAATGGTATGGCAGGCGTTCAATTCTGTAGTGGCCTCTCTAGATTATACAATGACAACTTTCTGTATAGGGAGACGGAAGCGCACTGCCTGCTCAAAAAAAGGCTTATTACTCCTCAACGTTTTTATGTCACCGTCAATGCGTTCAGGTCAATTTGAGCAACAATAAGTTAAACGATACATGCTACCAGCGCCCAGTCGTATGTTGTAGAATAAAGTGAGCGCTACACACGCAGCAGACTAGTTTCTAGACTCGTTGGCTGGGTCTAATGTTCCCTATACGCCTTACCGATCATATATACACGAGAAATTGTACCGCCACTGAGCAACGTCGCGCTATAGCTGTTATTTATCGAGTGGCTTAAGAAAGAGCCACTATGGAATTTTTCACATAGTAGAAGGGTGGACCACCATATACACTACTCACACTCACAGGATAAACTCTGTTTTGTACTCGTAGATTACGTACATGTTTCTCAGGTGAGAAAATTTCGTCCGAAAGACTCCCTGACCCAGACTACCATCCGCCAATGGCTTGGTTCAGAGGGTCCCTGTTGGTCACCCTCCCTGCACCATAACGCTTATTACGACCCAGCTGCTCCTAGTTAGCCCCTCCTGGTTGTGCTAAACAACTGAGAAGCGAGCCGCTTTTGCCGCTAGCAACTGGTATTTATGGAGAGTACTTAAAACCGCTACGTCCACGTCCCCATTCAACGTCCTGAGGGTAATAATCATTCCGCCTAGTATCCCGGGATAGATCCATCTAGTGTCAGGGATAAGGGCTTCGAGTGTCCAATGCGCCACAAAGACGTCTAGGCCACAATATTGCGCCCTAAGTAGATGTTAAACTCTCGATAGGACTCTCTTGTCCTTTAAACAATTCGAATTTACGGATACAGCTGGTCTGCAAAATATCCATCGCTAGAGTGAAAGCCTTGGCTGGTGCTAACATAGCAAGTGCTCGGACTCGCCCCTCTGATACATTCTGCAGAGGAACCTGCAATATATGTTGACCCAATGAATGCGAATTCGGTTTGGCGAGTTTTCATTGGGGAACCCCGCGGACAAGTATCTTACATGTTAGGCACATCATTCCCCGATTTTTCCGTGCCACCGACGATACGGGTGGACTTGAGGCAGGCTGGTTCTATATGGTTAGTGCCAGATCTCCTGTGACTTCTAAGTATTAGCTAATTGGTGGACGAAAGGAATCTTTGACGGGGGAAGAAGGCTAACTCGGGATCTATGGAGCGGTAACGTCTGCTTCGGTAACCGCTATAATCACAGTCATTACGAATCCAATTATACATAGCCAAAGATCCCAGGGCTCTACTGGTACGCCCATGGGTCCGACTATTGTCTGATGCATAAAGTTAAGTATCAGCCTCCGCGGTCCCTACCTGAGCATTGATAGTCAGGAACGACCCGGAGTTATCGTG,1472,47.55,Homo sapiens
SEQ_964763,TATGTCCTTCCTAATCTAGCGACGCTCGTGAAATCCGAAACGCGTTGGTGAATTGCGTTGGTAAGATGAGGGCACCAGGGACTATCTGTTTTATTCCTACAGTGCCCTAGATGGAACTTCTTACCTCACTTGTTTAGACTGATCTCGTGGACTCTGGCGTTCTTTCCAGCGTCAATTGTCTTCACATTCTAATATAGACGGATATTGCCATACCGTATACCCTACGGGCTAAGGAAGTGTACATACTTACTACCTTTCTGTCAAAGTCTTTGAAGATACCGAACCTCCACTCAGCTATGGTCTGTAAGCACCAGTGCACCCTTCCTCAAACGGTGGTAGCTCACATTGTAGGTACTGGTACTCTTTATTTCAGCCGATAACAGTGGAGCTATTCAGTCACGACTCCTCCTGCTTACCATCATTGCTAGAGTTGTGGATCACCATCTAAAGTTTCCCGTGACCCTTGCACCTCTACACCCCGCTATCACTAAGCGGCATATGGCCTCCCTCAAACGCAGGTGCTTACACTCCGGTCATGTTCTACAGTGTACTGGAAGAATATAAGGCTCCTCTCCGCACAAATCGTGAAGACGCGTCACGAAGTCCGAAACCGCAGCTAAGGTAGATATGACAGAAGAGCAGATCATATAACATTGTGTCCATACTCGCCCCGAAGAGCGATAGAGGGTGGAAATTCGTAACCTTGTGTTCTACAAGATGTGGTCTGTAAAGGCGCGGCTAGCACTGTGAGCAGGCCATGAATGCAAATGCCTTTTCTTCTGCACTATTAGGCCTGAACATTCACATTTACTCACGGATCTAACGACGCCTGCCTCTTGCGACAGAAATAGGCGGCGAAGTATTCAACCGACAGTGAAAAGTGTGTTGAAAAAAGGACGGGAATGAAGCCGTGGACTATCGGCTGTTCCACCGGAGCTAAGAGACGTCTAAACTAGTCCCCTCGAACCACTCCTGCCTGGGTATGGTGCTCCTCAGGGGGAGCACGTACCAGTGTGTCCTCAAGAGGTATTCTTATGGTGCCTTACAGAGTACTGTAAGCAATTAATGCGGTTGACTGGCCGGTTGTGGACGTAGGCCGTCTGGTCGTGAGTGGGTGTATTCCATCGACTGATTGATACCATGCTTGACCGCGGAATACGCGGGATAATTCTGTTCAACACAGCTTTCCCTGCGGAGAAGGCGAAGAAGCCATCTTCAACGCTCTCCTCCTGGCGCCGTTATTAAATTTTTCCCGTAAAGACGTTAATCAGGCTGCGCGACGACACGGCATGTGTACGAAAAATGTTGGATTAAGTCAGCCTTGGAGCCTACAATACTTGAGCCGGGACATATTTGGTGTTAACGTAACCTCGCCATCCACACATCACGACATATTAACATTGATTAGATGGGTTACGGCGCCTGAGACAAGGGAGCCATTTCAACCTTTGGCAACCATGTACTCACCCAACATGTTATGAACTTCGCGTGGCACCTTCCTCAAATACACCTCAAGTGAATATTGAGGGAGCGAACAGAGGCCAAGTCAAGTACTCAGATGGACACCAATCTTCTTCGACTTCCCCATACTCGGCAGCTACCTGATATTGCTGGCTAAGTATTCACATCGTGAACGGCACTGGTAGCGAATGAGCAGGGGCTCATGATCCACTAATCGACCGTTACAGGCATGGTTTAGGTTTCGACGCATGTTAGATTCAGGTAATGCGGTTAAAAATGGAACATGTTTAGTCATATTGAGGGTCAGAACCTTAGAGACGATGATGCTGTTCGCACATTATTCTTTGCTCTAAGCTCCACCGGAGGAAAACCAGGCTGTCGATCATTTGCATGTCCGCTGTTAACCGGATGTAGTCCCGGACTTAACACTATACCGTCTGGTTACGCGAAACAAGAGGTATTCCACTTCGTAACTCTGATAT,1943,48.02,Drosophila melanogaster
SEQ_449534,CTGTAACTGATGATGGGTGTACGCAGACAGGTATATTGCTCCCTCACATCGAGCGACTCAAGCATGTCTATCTACGTCTGAGGCCTCGGGTTATGGGCTATTGCGAGCTTGAAATGTGTTATGCACAACTGCAGAACTGTCAGTATAAAGAGAAGAGTTTGGAACAATCCAAGCCTCCTCAACTGGAGGGTAACGACGGGCAGCGCATCCCCCTGGTAACCCTTTGGGTTGCATCACGCTGCTTCCACCTGGTTCTGTATTTGATAAGAGCGGCTTAACCCATCTAACGGACCTAATATCTGAAGACATCATTGCTTGTTGACCGTGCGCGGGCATACAGAACTACGTGTCAGCGTCTTAATATATAGCAACGTCCGGGCAGCTTCCTGGCCCCCTACTATCGTCACTTCCTTGACACTGACGTTACTTCCTATCCTCGGAAAGGCTCATCAATTGAATGTGCGTTATGTTCACGCGTAGGTTCGCCCGGACCTAGGCTGTCGAGTCCTAACTCTAGCGCCCTAGGAGACGCATATTGTTAAATACACGTACTTTTCGCCGAGCCGGCGCACGACCATGAAGGTGACTGGACCATAGCCGTTTATGGGTCTAGAACGGTCTTCCCGCCGTCTGATATATGTCGCTAAGTTAGTTATGAACATGCCGTTTCGCCTGTATGTCGTGACTCCTAGTACGGAGTGCTGAGAAGGCGTCGGTAACCCCCCGGTGCCCAGCTACAGCAACAGACTACAAGCCCGGTCTCGACGCGATTGCGGATGTTTTATGTGGCTACATTATAGTCGTCCTCGTGATCCGGGGGACCTGGCAGATAGACTGGGGAGTGGCTATCATACTCCGGTAACTTCACCTCGAGAGTTGGAGATGCATCAGAGGTTTCCTAACAATGGCCTGGTAGCAGGAGTGACTCCGACTTCGAAGTTCCATATTCGCGAGTGCACAGGAGACCATGCAAACCCTGGATCACCCCTTAAGGTAGTCGTTAATCAGGTAACGTGAATCCGGCCGCTTCAGGGCCAACGTACCTAAGGAATCCGCTCATCACTGGCCTGTGAGCTATCGGGCTACAGTCGCAGATTTGGCTTACGTCGTGCACTGCCTAGGACCGGGAAATCACGTTCCTTC,1143,51.97,Saccharomyces cerevisiae
SEQ_273887,CACGAATAAAACGTAACGGTGAGCTTTCGTTTACGACGGACCCGCGCCGCCTGTGGTCAAGCGCGCTTAGGCCTGTTATTGTTCTCGGGCTTTCATCCAAGGCCCAGGGTTGGTACTGTAAGGGTCATCGCAGCATGACGCTTTTATAAAGGCGTTGACCGCATAGTCCATGGTCATGAGAACATGCGCTAAATGAACTACAATGCTTCTTGCCGTAGGTCGGAAACAGTTCTGATTCCGGCCATGGTCTTGTCCAGCAGTAGGGCCTGTCAAACCTAGGCTGCTCCACTGGTATCGCCATACAGATACAGAGGAAACATGACTCGTGCTTAGATCTTGGTCCGTAATCCAAGATATCCTATATGGGACGCGGTCAAGACCGGCTGAACCCCTCTGGTCGATTTCTCGGGCGAACAATTTCCGACTTTGTTCGTGAGTTGGCTTCACACTTTCCCCCTCCGCCAGCGAAACCTCTGATGTAAAGTAAAGCCTCGCCGCAGGAGACGTCGGGATCGAATGTGCTCTCCCAGTTTTTACCTTGAGACCATAGTTGCCGGACCATCAGTTTGTGACGCGAGGATTGGATTGCAACGATCACACCAAATTGAGGGGATACTAGCGTCGTACCACGCGTTGGGTGATG,643,51.94,Drosophila melanogaster
SEQ_654555,TGTCAATAGCCAGAGGCAATTCGTCAGCGAGTGTACCCGTGATACGACCCCGAACCTTATTATATAGATGGGACAATATATACTGAGTGGCCCTTCCTAGTACAAAACCATCATGTCCTCAGCTCAGGAATGGGTATCCTTACTGATCTGCGGCAGTAGCACAACAGTATGGTGGCCGGCTCGCGCGCAAGATATATCGTTATAAACGACAGACCCTAAGGGAAGCGGATAATAAGTGGCGTTCTGAGCATTTCACGCCTACACTCGTCGGAGTGTCAAGACGCTATTTTAACGGATTATACGTAATCGCAAATTAATGGTCTCCGTTGGACAAGGCGCCGAGCCCCCAAAATTAGTTGACTCGGTGATTCTAACCGACCTCCTCGCATTCTTCGCATATCATGCATCCCTAGGGGATCGTCGGAAAAAAAGTCCGGCAGGACGTCGTTCGACATGCGCAGAAAGTTCAGCATCCTTGGTATTTTCCTCCCTGGCGCATGGGTGATAGGACACGAGGCAGTTCAGTGTGGCTAGTGGCGATCAGAGCCTTGGGCGTAGAACCTGGTTCGCCCAGCGTGAGCCACTATTCCCATTCTCAATGATGCGGACCGAGAAAAGGTATTGTCCGTACTGTAGATTGAATTACGGTACTCACAACGTGCCCATTTAGCACCCACTAGGCCCCTTTTGCTCCGCTCTTTCGGTTATGTTTAGCGCGCCCTCGCTAGCTTTAGGTGCTCCAGCGTTGGAGTGTTCAAGTGCATGATTAGGTTAGCAAGCGGTCCTAATTCCTTTAAGCTGGCAAGGGTCGCTGGCTGGCGCGTCCCATACCGACGTCGTAGTAGGTTAGGCAACTTATTCAGGCCTACCCTGAGATATTTGTATGAATAAACACATTTCAGACGTTGATCTTGGATCGAAAAACATCACGCGGTCGACTATGTAGAGGAGGTCCGTCGTCACGTCCTAGTGCGCAGACCGCCGTCTTAATTGCTGATGGTCAGCATAATATAACGCCGGTAAGATTCTAGTAAGCTCATCATGAAATAAATGCTATGCTCAAGCTCATTAAGAACTGCGTTCTCTGGGGCAAATTCATTACACACGGATCGTGAATCCGTACTCCGGCAAAGTGCAATGCTTTCGACGGTTCGGCTAGGAGGACACGTCCAGGCTCGGCTCACTACTCACTCGAGGAGAGTCCATGAAACGTAGCTATTCCGTCAAATGGCATATCATCCAACGGCCTGGGATGGCGGCCGAAGCTATAAACTGTATCCGAACACAGTTTGACACTCAACCAAGGGTCAGATCCATACGGCCGTCAGCGGGGTATGTGGTCGTTTCTGAGAAAGTTGCATTTATAACTTAAATCGAGTTGCTAATCCACGGATACCCTACTCTTACCTATCATTAAGGTATGCCACGCACTCACGACCGTTGAGGACAGCTCTCGGAACGCGTAACCGCTTTGAACAAGAAAAGAAGCCGGCTATTCCAGGAAGTACCGTTATTAATCCTCATCGGTACCGCTAATTTTGCCATGGCAAGGGGTTGGTCGTTAAATGAGCCAAGCTACACAGGCAGATACCTGTTACTGGTTCTCGGGGTCCACCAAATTACTAGCTAGGCTTGCCTCGCGGTACCGTTCCTACCTACGCGATTCAGGATACCAGACACGCTGCGCACGATAACAGACACATATTCGCTTACACTTCTCTATCTGGCTATTATGGTACTAAGAGGAGTCTAGCTCGAGGTTCTTAATTGTGAATGTAGCAAACATACCAGTTTGAGAATCCCGTCTGTGCGACATTGCATAAGGTACGATCAATGTTCGTTGAGCTCCGTACATGCTATCGCGGGTCCTTGCATACCCTGCTGGGACCTTCCCACTGAGGATTTAGATTTGGTTACGGTAGAGATTCACGATGCATTCAGCGACCAGTAAATTTGTAAGCATAATTATAGTTCCCCTCTAAGGCTAAAGTTGTT,1995,48.82,Saccharomyces cerevisiae
SEQ_668813,TAGAGTTCGGTATGCCGGAAGAACTCATTGATTGGAATCGACGAGGGTTTGCGTATGGTCCGCCTCAGTATGACGTAGCGTGGCGCCTGTGCATCAACTCCCGCTCCAAAGTGTCAGTCTAGATTGGTCCGCGTTGAGTTAACTCTATGTAATATACGACATCCGCTAAGCTCACGTTCAGGAATCAACATACAATTGGTATAAACGAAAGACACTTTGGCCACGTTAGCATTTCAGTATCACAATCCTGCCGCTGCAAAATTAGAAGAACTAAAGATTTACTTGCAAGCCAAGAGAAGGCGCTCTGCACCTCTGACGTTGACAGGGAGCTCCCCCACGGAGACGAGCATCGATGAACTTCGGCGTGGTGCGAGAGGTGCCACATACATGTCGGTTCTTAACACTGGAGAAGGTGAAGCACCGGTAAATTATCTGTTAAGCCTGGCATGGACCTTATAACTCCCGTTCGCTTCAATTCGTATCAAGTCATGCCGGGCAATGCAGATCGTACAGCCGTCCCTCAAGTGTTATGTTCACGTATTATTTACTAGTATCTGTGTCAAATGTATCGGGAGTCCGATATCTGTCAAAGACCGATTATGTCGCTCGAGCGGACCACGTCTTCTCTGGTCAGTCTGGCCGGCTATCAGGTTTAAGCACCTTTCCGCCTTTTGCTTGGATTGGAATCACACGCGGTGTGGGCCCGGTGCTTAGTCTATACTCAACCACAATAACAGTCACGCTTGCTTAGTTGGGAGAGATCCGTGCGGGACACCCCTAAGATCCGGATACGCTCGAGGATTTCACGTGATATGGCCTTTGCTAGGTGGTAACACGTGATTGTCATTTTGTTTGACCATGCACCTTGCGCAGATGACTATCCGGAGGTGGTTGAGGCCACCATTATACTTGTTAGGGTCCTAGAGACCGTAGAGCGTCTTCAATTCCGACTCTGATGCGCACAGCGGGAGTCTTCCGTGGCGCACAACCACCAGGACGTCCTATCCAGTGCGCCAAATAAGGCCGCGAGCGCGTCGCAATCTGGAGAACAGGCGAACCGACAGACCGAACAGACGGTACCGGCTCCTACACCTCCAAAAGATGCCCCGAGTCCTCTACCTCCTTAGAATGAGATGCGGTTGATCCCGATCTTATAACAGACCATGTGTGCCATACGGAATGACGCTAGCCAACACCCGAGGGAGCTTATTGTTTAGCGGCACAAGATGAATAGCGTTAGGGCGCCCTCGAGTCGCATACCGAGTACATATGGGGGCAAATCCTGGTTACTCGGTGTCGCGCTTATACATCTCGCGTTTGTCAGTAAGTGTTTGAGCCGTAC,1342,50.89,Caenorhabditis elegans
SEQ_554313,AAGTTTAGTAACGCTGGAAACGGCTTCCGGGAGCAAGACGGGTGATGCTGTAAGGGAGAGTTGCTTCTTTGAGTCAGGGTGAAACTTATCATAAGTCGTAGTAGAGCGGTCTACCGGCTTTGGCTGTACTGTCAAGATAGATAACCGTGCTCAACCCCCGTGCAGCTCCAAGCAACACACATACCTGTGCCCGGAAAGACAAGGCTATATGCCGAGTATCAGCAAATCACTATACAGATAAGCCCCTCGGCTAAAGCGGGCAACTTCCCGACCTAACTTGCTTCGCGTGCGTGCCTTATTTCCCATAGAAGTCCACCCCCCAAGGAAGACTAGAAAGTGCCAAGGTAATACTACCTCCTACTCAAGGAGGGAGAGCGCTTACGTTGCAACGCTGAGCGAGATAAGCTTGCAACTGAGTAGATAACCACACCGGTCTTCCCCTCGTACGGAATCGCTCACAGATTTATCATCCCAAGTAGTAGAATCTTGCGGGAGACCTATTGGAATCACTGCATACGCCGATCTAATCTTTTTAGAGTGATTGATACTCTTTTAACTCCACCGTCCTAGACGAGTCAAGTGCAGCAAGCAGTGTCATGTACATGAGAGAGCTTTGATCACACCCCCCCCTTGGATTCTTTGCCGGTAGAAGCACTCGTTGCGGGCAGGTCCATCCACCGGAAGGTACAGGGATGGAGCATTCCGACGTCACCACATATCGAGGTAAAGACCTCCCGTAGAAGTGGCGACATGCGCCGAGCCCTTAAGTGTTCTGTATTGTGGTCTCTAGTCATGATTCTACGTAGGGCTAGATGATAGAGAGATATGAATTCACTCTTCCACTTATCGGAGCGTTCACCCTTGTTAGCGGGTCGTATTGCGACCTGGGCCCGGTTTCGACCTTTTTCATCTCACTAGGCGTTCTGTTTCTTTAAAACTGGCATATGACTAAGCACTGTACTCAGAGATCGTCTCCATTGTTAGCGAGTACACAGTAGGGGGGGTTTAACCCCGCGCGCTCGGGCCGGCACGGGATCCGGACGAGCCGTTCGTGCAAATCATGACTTCTTTTATTCTTTGAGAGCTAGATATGATCATCTTTTTGTAATCGCCAAAAAGAAACGATTATTACTGATAGCCTTTTGTGGTAAGAAAGGTTGAGGCGGGCGACGGGATACCGGCTGTCGAATCGCCACATCACCGTGTTCTATGGCCCGCATGAGCGTGTCCAAGTGCGCGGTTTTACTAGTTGGAAGCCGTGGATCTCCTTACGTTTTCTCTGGACGCACGATGGGGTACATATAGCAATAATGCCTCGCCACATAGTCATTGTATTTATAACGGTGCAAGTAATCGGCCTCGGGATATAACTCAAACGGTATTAAGCATAATGCACCCCAGGCTGACTATAGTAATGCTCCACCGTAATATATGCAAAGAGTACTAGCGAACCGTATGTAATGAACATGGAGAGCAAGGTCCGCATCTCGCTGAGACTGAGTTCTGGACCAGACTGCGCCGAAGTCAGAGGTTGCTTATTGATCCCGAGTAG,1552,49.36,Drosophila melanogaster
SEQ_585917,GGCCAGACAGAATAATACGGTTATTAGTGTCCCGGATAAGCCCACAGGGCGGCAGTTGGTTGTATATGCCTTGGGGTCGAATTAGAGCAGGCTAAACTACCTTTTTCTGCGACAGCGTAGCATATTCCCCTGTCGAAGATGCAGGTGAGCCGGATACACGCCTTCTCCCAGGGGCTTGTGGTTCTCCGACTCCTAATAGGGCGGGGTACGCCTCACTGGTGGGTAGGGGTGAGCTTTCACCGGCGGCGAATTATTAGGTAGCCTCTTTCTGCCAGACTAAGTTAGCTGCGCAGGGTCACTCGCCTATATCCACCTCAGCACCGTTTCTCCCTCGAGCTAATTGCCCT,347,54.47,Caenorhabditis elegans
SEQ_259111,ATAGCCACAAGCGTAAGCCCGGTTTATATCATTCGTCGGATTCTACTTCAACATCCTACTGATTCTCATTTGCCGTTCCAATGCTTGTGAATACCGCACTCCGTAGACTACAAGGCAAACCGTTCATATATCAACTTTTTTATTCGTTGCGCCGGGATCGCCATCAGAGCAGAAGCCAGTTGCATAATACTCGGCCCCCTTATACTGAAGGGGTCCTGCTACTGTACATCCGACGGTGTCCAACTGTCGGCTATCGCGCAACTACTACCATTTGCATACCTGAACAGTCGTGTGACTTGATGCGTCACCCATATCCATTATCCTTAATCCCCTACGAGCGCGATACTTCGTTTGAATACGGCGCGCACGAAGAGGGGGTTGATCAGGCAACGAAGAATGAGGCCAACATGCAGATACCATACGAAGTCGGCGGCTGGTCTCCGAGACATCTGTCGAGTTACTAAGTGTCATTTGCTGACGTACCATTGACCACCGGCGGTCTAAGGCGCTACATGTAGACATATTTTGTTTCTTGAAACTCCAATTCCGCGTCAACCGCCCGGCGTCCTTCGACGAGGTGTGGCTCTACCCTATCCAGTGCCTCCTCTGTTCCCCGCCGGCAGTCGCGTAGACGTATTGTAGCAAGTCACCTGCGAACATGTCCGCTAAGAAGAGACTAAGTTCCTGTTAGGAGTTACGGTAAACTGACTGATTTGGATCTGCATCGGCAAACGGTAGGGCGCCTGGCAAAGGTCGAGCGCAGATTACATCGGGTACCCGGACGCCATCGCCTGCAAATGGGGGCTCGGAATTCTAGTCAGCTCACTAGGGTCGGCTATTCATTCCATTCAGCATGGCGCGGGCAAATACCCTCCGTCCGGGTGCGCTCGCCGATGATTTGTCTCCATTTCGAGAAACAGGTTCCTGCATCGTCGGAGTGTATAAGGTTGCTTCTCGGTAATTTAAGAACCCAGCTGATACAGTTAGGCACCGACGGCGAATTGTGTAACGAAAAGCGATTATGCACAATCTTGTGTATCACAGCCTTCCGGCGTTTGGCGTCCGCACACTGTACACCTCCCCACATCTGTCATCTGCCAGCTAAGTGCGTTCTGAATGTAGTGCGTTGAGCCCGCGCCCGCTCCTGCCGGATACATGACACCGGGCTTATAGGTAGAACGTGGGCTAACGTGGAAGGATTATCAACTGAGGGTGCCTTCTTAAGATAATAGCGAGTTGCTAAAGGCCGTGTTTGGCCACCAAATAAAGTAGCGTGGACAAACTTGTAG,1289,51.44,Mus musculus
SEQ_457106,GGCCTTTTTAAATGGTGCGATGTGCTATGGCGAGAAAGAATAGGATTGTATTCGATCAAAAGTGTGGATGGAAGCCGAGCAACGTAAGGGGGTCAGCGGGGCGGTCCGACGCATCTCCCCGGAGAGCTCTTGGTCATACGGCCCAAGTCTTGAACCCACGACGACGCATCGGGCGGCGCGGCGCCG,186,58.6,Homo sapiens
SEQ_283490,CACTCAAAGACGTTACCGTGAGACAACATTTTTAGTTCTGGCACGATCCCCCCGGTCATTCTGACTAAGTATTATCTTGAAGGTTTCAGTTAAGGGCGGGCGCTGCTCCATGATGGACGTGAGGAACCCTATTAACCGTCCTTGGTCCGGCATAAATATAAGGTCACGTGCTTCGGGGGTACAAAGTAACAATGCAATGAGTTATTTCAGGAACTCAATACTGCACATATTTGCCGGCCTCGTGGGAGAATTAGTTGTACTTGGTTTCGCGGGATAATCGACCCCGCTTGGAACTACCAGCTTGGCTGCACTATTGCAACCAGCTTGTTTGCTCGTAAGAAGTGCGTGTCGAGGCAGATTAGTTTATTGAGCCGCATGCTCGCTCCCGAGTGTGGGAAAAGGGTAGTTTGGACTCATCAAGCGTTGCACGTTATAAGTCGTGATGCCCGCCATTCCTTCTTGTCAGTATCTTAACTCCTCACCGGATAAAAATGTACAGTTGCGCCTTTTCACTCTGACGGCGGCGATACATACCTGTTTCTCTGTCGTACTCATACACACATAGAAGGTCACCTTAGACCGCTACTGTTGCAACTTTCGAATAGTGCACCAGTCGCCGTGTTCGTGAGTGGGCCAGCGTTCTCCTGGCGTATGGGGTTCACCCAGTGAAGTGTCTTATCGTTAGCTTCCGGCTCAAGCGTACACAATCACATCGTATTCAGCACCACTACCACAAACTGATACTTAGTATGCAACGCGATGCGTTTAGCCTACGTCTTTATGACTCCTCTTCTCAAAGTAAGTTGGGATGAAACGCACATCGCACTCGCCGGGGGGCCTCTATGTGTCTTATACCTTCTCTGCATCCAATGCCTAGTAGCGAATCACACCGAGTACTTACAATGACGCCGCGACCGACCGCCGCGTTCAGGATGTGTAGACCGCCAACTGAGACAGGTGATTCTGGTCACGCCATGGGCTTGCCAGTCAATCGCCAATTCTGTTGAGAGGCCTAACCAAGGAGTCGTTTGATACTACAAGAGATTATCCGGGATGCCTAAGAGGCGGGCTCTGACTCGCAAAACCTTCTCTAACCACCATTGGCTTGTACCATATGTAGATCTAGCGCCCGCCCGTGCCTTCTTGCAAAGGTGGTAATAACCGAGCGCGTCATCACACAGAAGCGCTCCACATCAAGCCTAGTGATCAATTGATGGGTCGCGGGGCCTTCCCATTGATCTTGTCCTAATCAATCCTAACAATAGGCCGCGCATCCGCCATAAATCTCTAAATGTCTTTGCCATGCCGATCAACCCTGACAGGACTCCTCCCCCCTAAGGATTCGTGTTGCGTGGAATGAGGAGTAGGGTGAATCTGCACAGCACACAACATAAGACAACGAAGAGGAGGCGCCCCGCGATTCCGGAGAATCGGACAATAGTTGCATGTCACGGGCGAGTAGCCTACGCAGCGTTCGCCAGTCTTGTACCCGCTGACGGCCCATTTCGATCGCTAATGGGTCCTCAAATCATGTATTTTGGTTGCCCGCTTGTACAGCTACCTGCGAATCCCCCGGGGCAAACGGGCAACGTGGTGGTCAGGTACGCCAAACCTGCCTTGTTGACAGTAATGCGGCCGGTAATATGGAGGCTCCTGGAAATTTATATCGCACTCGTCCCATGGGGGAATTTATCGTAAGAGACTTAAGCAAAGATAACTGGATTGGGTGGCCGACACGGTCATCCTCATCACTTCGGGGAGCCCATTTCTTTGCGAGCGTTAAACCCGCTGGCGGTATACGCTCAACGATCGTCCCTCAAACTCGATTTGCCGAGCTCATCTCCTAGGTCCAATTCGCCAAACCTCATCACCACCTATGTGCTCTATCCATGTACAGCTGCCGGCGTTTAACAGGGGAAGAGTTAGTTCCACGTTCCAGCCATTCGCGCAGAGTATCATGCGATGGTTGAA,1971,51.04,Homo sapiens
SEQ_638050,CTGACCACCGCATGAGTGGATTTGGCAATGCCCATACTGCATATGGCAACGGAAGTCGTCACACAACAACGCTGCTATCAGCTACCTTTTTGTACGAGACATTAGAGTATCGGTACTGGTTGTGTGAGCGGTCATCAGGCTTTTCCCTCCGTTGCACTCATCATGACCTTTTGGTCCCAGCAAGCGCTGGGGTCACCAATGGGACCGGAATCGGCGGCCCTTATGTAGGGGCAGCCTCTTAGGTGCGAAGTCCCGTTGAACTTGTTAGCCTTACTATCAAATTGAGGGGACTTGTCAAAGAAGGATACCGCTGACAGCTCAACTTGTCAACGGCCTCCAAAGAACACTGGTGTGTGACTATACAAAGACTAATGAACCGTACAAGGTCCGACGGTGTTAGGAAGATGGGACGGCACAACTATCTGATTGGTACATGGGGGCTTAAGGTATGTAAAGCGGGCGACGCGCCGTGTCGGGAATATGCAGACCCCAGTGGACAGATAAGCGTAAAGGGGTTTCGGTCTATGCTTCACCAGTGTTAGCCATACGTTCGCAAACAGGAAAGTGAACAGTGGAATGGGACTTACATATAACTCCGGGCTAAGCGATCTTCCCCTTGGTTTAATATGCGAGTATCCCTGCGGCCCCCAATCTCACCAGTCCTTCGAAGGTGCCGTCAGGTTGAGTGAACACGGGCGTAAAAGAGTCTTGCGCATTTACTGCCATAAAACCGCCGGCATACCGGCGCGGACGATACCCTGTTCTGGCTTCATGTGACGACGAGAGAACTCAATCTCCTAAAAGCTGGGACCTCTAGGGATTCGTTCGCTCGAGGCCTAAATCAGAGCGCCTAGTCGTGAGTCCACGTCTTGTGATGTCTGTTCCTCACTCGAAAAAGCTATTCATGCCCCGGTATCCGGTTCGATGAGTAGTGTTGTCCACTGTTTGGCCCGCTTTCTGAGCGGTTCCAAGGTACGTATTTGGAATGCTGATTATTGGTTTACGGTCAGGTGGACGCGACGTGTGTACTAACTAGTGGAGTTGCTGACTTGAGTGAGGGCCGTGAATGCATTCAGAAACAGTTGTGGATGACTCAATAGGTCGTATCGGTCCGTGCCTCATATAAGAGTTAGTGTCGGCAGAACCTACGATACGCGGCTTTTCCACGCGTTATAACAGTACCCAGCAGTTCGACATTGTCAGCTCGCGCCAACCAAGTGATCACAATTCTAGGATATGACGGACGCTTTTGCTTTTGCACGACGTCGAAACGTCGCTGGCTTAAGGAGTGCGTGGATAGGTCTTGGAACCAACGCCTTCAGAAAGTATTATTGTTGCGGGTTATGCAGGTGCGCATTCTGCGTTAATAGCTTTATGTACTGGATTAGCAAATGATCCTTTCCGGGAAAAATACCGTTTCTGGTCGGGATCGATGCGTTCCTTGTTTAGATCATTCG,1457,50.31,Saccharomyces cerevisiae
SEQ_746271,TGACTGAACGAGCTTCGCCCTGATAAGGGGCAATCTCTACTCCTGTTTTTAACTGCCGCTGTGATACCCAATTTCCCGACTATACAACTAGCGAAATGTGCCACCCGGGGGGGCTGCCAGAACATTCCGGTGCACTTCGTGTTGACTGGTAACGGGTAGTGGGTTTTCCGGCAGCCAATAGAGACATAGCTCACCTATTGATTGCGCATTGTATGCTGTATTTGGCACAAGGTACATTGCTCTAATCTGGCCCCAACGGGTAGATGCCACGTTAAGGACGGAAATTCTAAGAACTACACCCAGACAACAGCTTCAATGCCAAGAGCCCAAAGATCCTTTATGGTAGCATCCGCCCAGTCCCTAACCTACTTCCTGATACAAGGGTGTCAACGTTGTCTCACTGAGCGGGTTCAGCCGAGTATTTGGGCGCAGACAAGTAAGCACACCAATCCTTTCACTCATCTTTCATCGAATGCCTGAAAAGCGCTATAGGGCTGGGCATCTTTCCCTTTGACCTATTCGCCTCTCACCGGACGCCAGGTGAGACTATTTTCCTTGGCAAACAGATTGCGACCTGCTCACTTGGTAGCATGTGATATATGCGGTTGCCTGGTCTACGCCATCCTAGTCTAGATCAGCATAACCTTTTAGAAACAATTTTAGCATAATAAGTCTAGTCTGGGGCGTACGTTACTTGAACCACGTCAAATAGTATGAGGCGGACCCCCGAACTGCGGTTTCGTCTAGTCTTAGGATTGTCTCCTTATTCGATAGACTGTTGGTTCGATTACCTGAGAGATCAGGCGGGATAAGGAGTAAACCGACTCTGCGCAAGAATGAGAGGAGGCAGCAATGTCACAGTTAGCTGGGTACTGCCATCCTCGGTGTCTAGCTGGGTACCTCCGCCAAGTTTCCATTGATCAAATGGCCAACGTAAAGGACGCCTGCGTCGGCACTTCTAGTGAGTGTTTCGATGATCG,980,49.49,Escherichia coli
SEQ_415380,CCTACTTGGGGCAGGAGGTAGTTGGTGATGATTGGTAATTAGAACTTTTCGCGATCTACTTTATCTCGTCCCGATATATTCACGACGGTAAGGTCGAGGATGTACTTACCTTTTTAACGTCGATGAGCTCTCTTACGTTGAAGTGCATTTTGATGAGATATAGTGCTGTAAGCGGTCGTAGTTGACCTCCGTATCGAGCTTTCATGCCGTTACTCAATAAGATTGTTCACATGAATGTGGGGTTAGTATTAGTCCCGCGGGATTGCGGAGATCGGTAGCGATTAGAAATCCCCCTAAATCCTTTACGACGTGCTCGGCTCCGAATACTAAGACAGGGCTGAGAACGTACTGCAACGAGATCATTAAGTACAAGAAAGGCGTTGTCGACAGCCGGTAAGACGATGATGTCAGATCCTCTTGCCGGGGACGGATGGAAAGACCTATCCCCGTATTG,454,46.92,Saccharomyces cerevisiae
SEQ_382794,AGCCCGGATTTCAGTGTGATCTAAAACCATTGTTACAACGTCCGATAACAATTCCGACTATCATCAGCTGGAATATACAAACCGTGACGCAATTGCTATCTGCGCGAGGGGTGTCCTGAATCTGACGTAGTGCTAGATGACGTTCCAGTAGTGGCTAAGGGCTTAGGGTCTCAAGGTAATAGCGCCTTGCTGAGACTTTGCCCCCGAAGGTTGCCAGCGCATCTGAGGGGGCATAGGTTTATAGGATCATTGCGTTCGACTCCGAGCAGTAGGAGCATACCTTAGAATTACGTGTAAACCACATTCTAAATACAGTTTGACCGCCGCGCTATTTAGAAACTGTCCAGCCCATGTACATTATCCGATGCTAAGCTGGGACGAGCTCGTCGAAGCTATCGTCAAGCTCATAGGCCTACCAAGAGATTCGGTAGGGGCTTTGAGTACAACGTTAAGTAATACCGTACTGTCAAGTGTCATCATACTAGTGGAGTTCCGTATGACATTTTCTGAGTCTTCGAATGGCAAACTGGTGACAGCTTTACTGTTTGCGTCTCTTAGAGACGGGCTCATAGGAACTAGGTATTATCGCAGAGGTGGAGGGAAATCGTAGGACAGGAATCACTCCCACTTTATTCCGCGTTTCGGATGCATAAAACAAGCCCGTTCATAAACAAACTATAGTCGTGGGTAATCCTCCCCATGGTACGATGTTGTATTGTGGGGGTCATGAGTTTGGAACTAAGACGGTGGAGTCAGCCCAAGCTCCTTTACATAGAGGTGCGATCGCTCGGGATGCCCAACTATCACGAGAACTAAAGCACTCCCCGTCTGAAGTCCTCTAGGGCAAACGCGTGACCATCCCCTGAGATGGAACCCTACCATCACGGTTTCGTTATCTCTCAGAAAGCGTGCCAGGGTGAGGTCATAGGAAGCTTGTTACACGGGATTCTCCTGAATGGCTTGATCCATGTGTTTGTCGTAGTTCAAACTGATAGTGGCTTCTGTGACATGTCGTCGCCGTGGACCATTCGAACCCCCCAGTTTGGGCGTACACATCACCATATCGTGGGTAGTGAACTCTGACGGAAAAAGTTTTTATGAGCGAAACGATGGCGCGCAGCGTCATTGGGCGCGTAATAGACTGGTTACCATAATTGGGAACTGCAAACCAGGCGACCCGGTTCTTCTTAAGCACACGTGTTACAAGCCGTGATAACTCGTGACTTGAAAATCAACATAGGTGCAGATATATCGGGCGATATCACAGAGAGACGGGCATCAGGATTTTACTATAATCACGCATAGATCGCGTGTCCGTGAGGCAGCCGGGTCGATAGAGCTTCTTGCACTTCCATTACTTTTGGTCTAGTGGCCTATCCCCTCGGATATGTTGCTTAGGCGTACGTAGACTCGACAAGACGACTCGCGCTACCGGC,1436,49.03,Saccharomyces cerevisiae
SEQ_711503,GTACGGTAAGAAAGGCGTTAAACGACCGCTGCACGCACTTCTGAGTAACGGCACCTATCGAATACACTCGGGATGTATATTATCGTATCTAACGAATGTATGTACCGTTCCTGCTAAACGCACCCCAGAACCATTCCCAAGGAGCTCACACGCGTAGAAAGGCTCTGACGGCACGATGTATCGTCCGAAGAAAGACGGCTCGATCCTATTGTGAAGAATCGCAGTTTAACTGCCGGGACCTGGCCTAAAAACACTGGGAAATCTTTCGAAAGACTTGAAAGGGTGAAAGAATTGACCACGAGTTCATGCTGCCTCTGACGCGTTTGTCCGGAAAAAAGATACGCCATGGTATAAGTTGTAACTGCGTGGCGCGATAACTGGGCCGATGGTCCTAGCCTTGATGACAGACACGGAGTATGGTTGGGCCACATGCAGAACTTCAAAGTCGCACAACAGTCTGCGTTGCTTTCTAGCGTTGTACCGTCTGGTAAGTCAAAGACTCAGCGAGGATCAGACGACCAGTAATGAGGTTTTCAAGGTAAATATGGACTAGTACGCCCCCAGACTTTTACGCGGGCTCTGTCTCGCATAAGCCACGTCATAGGCGACAGCTTGTCTACGCTCGCCCTGCTGACCAACGAGCAAGCCACGAACTAAACCTGCCTTACGTTGTGGCGCTGCTTCCAACCCGACCCCGGCACACGTCCATAAACGATTGAGAACCACCCCTGTATGGTTCACGAAGGGCGAGTATAGACATCAGTCGATAACGACGGGATCTGTGAATATGACGAGGATTCGAACCTACGCCTGCTTTCGGACATCAATGCGTGCCACTCCAATGTCAGTGAGAGCATCAGTCTTTCGACTGGGCATACGGGAGCACTGCCTTACCACTCTGAGTTAAATGTAGCATATATGCACGCAAGGGTGGCCATATCTAATGACTCTACCTAACTTGCGACGATGATGCTCTGGTTGAAAATTATGCAATTTTAGATTATATTTATGACGGTATGTCTTCCCTGGCGTCTGTCGCAATAGCGAAGTCCGTTACCGGATCGGATGGAGACGTGGATGGACCGGTCACAGGTCCGTTCATCTTTGTGGCGTCCACCATG,1121,50.13,Caenorhabditis elegans
SEQ_891175,CTTCGACGCGTAAACCTACGAACGAAAACGAGTACCGCCACTCCGATCTTGGAAATTGATCATAACTTAGCTTCCTTAACTCCATCTAACTCCCGGCTGCACGTGTTGCAGCGAGGGGTCGCCGACAGGATACCTATAGTGTTTTAAGCGATTATTATGCGTTAGTTTTGACAATAGCCTCTGGACTTCAGGAGCAACCTTTGGGATTGGCGGTTAAGGTGTCCGTGCACGGTCCACAAAGGACTGCTGAGTTGCACACTAACTATCTAGCCCATCGGTAAGGACTTTTCATTATGCGCATGAAAGTTTCGTCCATCGCGCGGTGGAGAAGCCATGTGGGACACACACATGTCTTGTAGAGCGGCCTGACTCCAAAACTTCACCAAAGCCTGTTAACAGTTTGAGCTAATTGGTTAATCACCTATAAACAGACGGTATTGAATACAGGTCAATGAGGCGTCACTCTGTAAGGTGATTCTCCGGACTCTCATGGGTATTCGATAAAAAAGGGTCCGTCTTTACGTGATCGCATCCGTATATATTTAGACTACTTTATTTTAGTTGGGTTCGGCGCGCAACTTAATGTGTTCATTGGTAAGTGGTTCTGGTATATGCAACATATTTCTAGCTTAGCAACGACCAACCATTCTAAGCTCTTCATCT,663,45.55,Saccharomyces cerevisiae
SEQ_549233,TACAAACCCCAGGGGCCCCCCGGACCGCGTATATTCAGTCGTCATACCGCCAGCATGTTCCGAGTAATGACACCCATGCAGAGACGGAATATATCTCGATTCCATGTATATTTACATCTTTTCAATATAGGGCTTGAAGGTTCACAGATTCGTTCTATATCGGTCCGCCGGCCAACTGAAACCTGCTAGCGTGTCGCTAAACGAGTGGTCGCATGCCTCCGCGAAGGCAAACACCTAGTGATGTACTCATTTATCTGGAACGTTGGCCACGTGAGGGTTTATTCGCCCTTGAGGAGTTATCGGCTGTTGAGTTGAAAAATCAACCCAGTGTCCAGATAATGTCCACAATTCGTTATTTTAGGCCTCTCCACAACCCTATCTGCAGAGACATGCTCCCAGAACAGGAAACACCCGTCAATACTGACTCCAACAAGGACATCTGAACTAGTAGCAAAGACCATGGTTTTGACGTAGACCCATTATCCTTATACTCTTTACTAAATAATAAATGGATTTTAAGGAATGGAGATGTGTGTACGTCTTGAACACCCCGTGTGGGTCTCTCGTCCGAGAGTTCGACACTTACAATAGATGATCCCCTGCACACCTGTAAGTTGTTCACGACGTGCTATGGCGCCCCGTTTGTCTTTGGAAAGCTGATGTTCTTCTGATGATAAGCGAGCACTTCTTCATATCGGCACCGCATGCATGCTTTCACCAGTAACTCATATGTATGAGGGGAATTTGAAACTTACCATGCTTTAAGCCCGCTAAGGTAGGAGCACTCTATAGCTGCAACGGGTTCCAAAAAATGAGAGCATACACAGATGACGTCATTTCATGCCTCTGCCTTAGACGCATTGCTCGCTGAGGGATAAGACCAGTGCGCACATCTTATAGAAGCCGAACAGATGTCCTGGCAAGTCTCAGGGTCGCGAAGGAAACCGCTACACCCGTCTGTCCGCCCAATTGATAGTCCGAACATAGACCATCGGTAAAGTCCCAAGGACGGCCGCATGATTGGCTCCCTTTTCTACGTTAAATAAAAGATGCTGTACAATAACCGCCTCATTCCGTTGCCGCTTACTGCTGTGTCGGGTGCCTATGTACCTTTTTTTGCGTCCTTCTTCAACTACTGTACTAAGACTTATCAATTGATCTTCGATCGATGAGTAGAATGGTCAGTCAAGGAGTGGTAAAATGCCTCGCACTAACGAAGCGTATATCTACTTCGTAGCCGTCACATCCAGTGCGGTTCCTTTAGTTGGAGCGAATTCTTGACGGACCCGCACGCTGTTAGTATCGCATGAATCCATGACGTCTTC,1325,47.32,Homo sapiens
SEQ_975773,GAATGTCCTAGCAAATATGTGTGTATGGCGGAGGGACGAGCGTACCTTAGGGTGTACTGATATAACTTGTGTACTCAGCGTTTAGGGCTCCATTACTTCCCTCCTAGCTCGATCGTGCTCGATCTGGCCCACACAGCCTGCCGTTCCAGTTGGCGTGCTATCGGCTATTCTCCGACAACTAATTCCATGAGGAGCAGATACCTCATGTACCCAAGTTGCAAAGGAGCCCACGAGTGAGATGAATCCAACATTGTGGCTGTACGACATTTTCCACTTCTTGGATTGTAACCCGTGGCTAGACAAGACAGGAGCTACTAACCGCAATACAGAATTGTACCCTGCGAAAACCAAACTTCATCTCGCTATCAACGTCCCCCAAGATCGCAACATAATGGAGCATACCCACTTTCCATTTACCAGTAAGTTACATTGTGCCTCTGGCAAAAGCCGGCTAAGGTTCATGCTTCCTTCCGAACTTGGCCGTAATATGATAATGGCGGAGTAGGACTACAACAAGACTTTCCGCAGAATGCTTAAGTCAGTTTGCATCAGTGAGGGTGAATCT,565,47.96,Homo sapiens
SEQ_907830,CCTTTTTATGGGAGGGCATACGCGAAGGCCATATGGTATCGCAGTTAGTCAGTTCAGCTAGCCAGAGACCAACAGTTATCAAGATTGATTTTCCGTTAAGTGTTACGCTTACCGACCCGACCTCCCCACAGCGTCGGTGGTTGCGTTGAGTGTTAAAAGTGGCGAAGAATAGGGGTCCAGTAAGGTAGAGTCTTTTTAGGTGTATAGGTCTGCTGCCGAAATGTCCTAGATACTAACTAGATTCATCGTCATCCCCTGTTTTGCGTCGTAACAGTTTACCTTAGAT,286,46.5,Saccharomyces cerevisiae
SEQ_558946,TCTGGACTTGGCGTTCGGAAACGATAGCTACGCGGCTTACCATATCTTTTCATTCAGTTCAGACCCCCCTACGGCCCCCAGGGCAGACTTGCGTACGAGCGTATGCAAGCCTGGCGTCGCGCTGAACTAGCCGTGGAAAATCCATTTATCGGATTGTCGATATTACGGTGAGGATCCGGGCCCCCGACCCCTGTGACAGCCCGTGCATGCTCCTGATACTCCTACAGAATAAGACTAGATTTGCAGACTGAACACCTGGTGTAATGCCGCGTGTACTCTCAAATCAAGAGCGCTCACAGCGATGCTGCATACTACTAGAAAAGTGTGAGAGATAAAGGCA,340,52.35,Homo sapiens
SEQ_916646,ATGTTATCATTTCAGTATCCGCAGGAAAAAACTGGGGGGATATCTAATGTTCACGGGGTATAACGTACATTACGATATGTAAAAGTAATTACACTTGATTAATATCTTTACTAAGACAGCCGCCGCGGCGCGGTCCGGTCTTGAGTTGGAACCCGCTGCATTCCCGTGCTACGGCATTTTTCCTTCTGGTTAAGTGTACCCAAGATCATCAGTAACGGCCATCCCTCGTCAGCTCTGACATTGCTGAAAATCCTATCCCCGAGAGTGTCTGAAATAGGCAACGATTGTGAGATGCTTAATTCATCGGCAATTTCTTATTTCAATCTTCTTCACGTGGAATTAATCGCACTTAGAAGGCATAACGGCAAGGCGAGGTAGAAGTGTTTGTCAGAGAGTAGAAGTACGGGCCTGAACGATGCTTCGGGGACACTGATATAAAAATCAGTACTAACTATCAATCCAAGCTTGGCATCTTTGTGAAATAATCCAACAGCCGGTAGTGAATCTAACATAATTGTAATTACATAGTTCAGGGAACTACAATTGCGACGTCCCGTGTCAAGATCC,567,43.39,Drosophila melanogaster
SEQ_249462,TTCTTCAGGGCAGCTCCCGCGTCTGTGAATCCAGGAGACGGTGTACATAAGTGTGCTAGCAGTATATGGTCGCTAACCATATGGTGAGGTAGGTCCTGAGCCTCGTCAAGACGTGCTCACATTGACTTGGGGTTCGTTTTCGGCACGTATCGTAAGTTCTGGAGTTTCTGCGCCAAACCGAAAATTTATATCTGCCGACCTTGTCCGGCACGCCGGGACGTCCTGGTGGTACGGATGCCCCCACCACAGCGGCCACTCAGTGCGAGTCGGGCGATGACTGGTTAGATACGGACCGTACCGCGTTCACGGGATACCGCTCTCTTTTTTAAGGGCACAATCAGTTACCGTCACAGCTGTAATTTGACAGGAATGGTCCCTTTAAACGTCAGATTGTCTCGCTCAGCTCGCCGGCCTACGCAATTCAAGCTGAACCTGCTCATGGGGGGGTCTACACGAGCTTTGATCGTCTGACGTGGTTCTGATTTGGCCTTCCCTTTGGCCTACACATCGTGAGGTCCAACCCGGCCACTTGCAGTTGACTCGCATTTGCGTGTATGCGAACAAGATTCTCTTCTCCCAATGCATCAGGCCCACGACCCGTTCCCAGCCAGTGCAAACACGACCCGCAACGCTGTGCGCGTTATTGTCACTAACTATTCCTAGCATCATCAGCCCTGTGCACAGCTTACTAGCTCAGAAAGATCCGAAAAGATCTCTCGCTAGTCCTCCGTGCCCCTTGAATAAAGACAGGGGAGCTTACGCACCCGTACACGCCTTGGCGGTACGTAGTTTCGCTCCTGGTTGTTGGTCTAGGTCTTAAAAGTTCGGTATGTGTCTAGCGCTTTCAATGTAATCCGGCATCGTATAGCAGATCCCGCCTGCACGCGGATCGCGGGGGTATTGATTAAGCAGTTACATATGATGTGTGTAGCATACCGGCGAACTCAATTAATATGTAAGCCTGGGAAGACCTCTAAGACGATACACTGTATGGTCTGCCTGGCGCTCATATCGCTTCACCGGACGTGCTACTGGATTTTCTCCGCTCGCACACCATTAGGATACAATTCATCTTAGATCGGACCGGAGTGTTTCACTATTATAGGTAGAACGGCTAGGTAGCGCACTATCAAATCAACCCCACGTTTGCATGTTTTGCATCAGTTTGTCTTCTCTTGCCACCAACTCACAAGAGGGATACGCGACAGAACGGAGCTAGCTTGCGACTAAGCTGTTTGTTAGTGACGCATGCCGTGTAACAAGGGAACCAAGGACGATTCGCGTGTTGCAATCGGTATAAGCTACAGTTCGTGGACCAGATAGCGCAGTGATAACTTCCGTCCGCAAGTTCTGTACAGCTCGACTGGCGAGGTCAAGCCCGATTTCCCAACCTTCAAATGAAAATTAGTTGCTTGGTTACTATCGGGGTGGTGCAACAGAGAAAACCAGTCGTACAAAGTAATAGACGACGAGCCTCCATCGAGATCACTAGGGCGCTTCCTGTAAAACACGAAGTGAGAACTATCCTGCACCCATATATTCTATAGAGAGCATTAGCAAGTTTAAGAATAGTGGAGCAGGACACCTACGGATGCGGAGACCGTTTAAGTAGTCTTGAGTAGGTCACCCCCATGCTGGACTAGACACCTAT,1651,50.82,Caenorhabditis elegans
SEQ_449089,GCCGCTAGGCCTGCACAATACAGACGCAGGCCGGAAAGCGGGACGGGTCGGGATAGTTGTTACCCCCCGTAGAGATCAACGCGGATTCCGTTTTGCTTCGACTGCTGCAGCTCGAGGCCGTGGAACACTGGACGCATACTTCTCTCGCTGCTCGTCAAGGTCCATTGTCATTCGAGGGTGTGTCCGCTACTAATTTGTTTCGTGGCCGTGTTGGGTTGGAACCTTCAGCGATTCCTGGGCTTTCTCTTTCCGGAGTTGGGTAAAGGCTCTTAAGCATAAAATCCCATTCATCATAAGCCCCTAACACAGTTAGACCCCAAGGCCCTTGGTGACATCAGGTCATAAAGGGTCTAGTAACTATGTCTAACTGAGCTGGACGCGGGACTGGCTAGGACGGAGGGGATGGCTTCAACATAGTATACGGGACGACAATGCACACCTTTTGAAGTCCACATTGAGTCCACTATCCTCAGGCGTCGGTCTGTTCCCGGAGAGTGCGCGGAGCTAGCCTTACTCGTACTTATTGATATTTCAATACATCGGGCGCGGGTACTCGGGGCAGTGGAAGTAGTTATACTGTTCGCATTGTTCGTTGACTTGCGTTGTGAGTTTGACATGATGAGCTTCTTGGAGTACACTTTGTCAGACGTAAACCGTATATTGTAACAAACCACGATCACAAACGAACTCACCCTACCGACTGAGGGCATAGCGCCACCGTGGGCTTGACCTAAGCAATGCTCAAGTGTTTTCTAACGAATGGTTTAGCCCTCTCGTAGCAAGTCCGCCAGGAGCGGAATAAAGAACGTGAACAACCTCGAATTGGTCGAATTACGCTCACGTCAGTGCTAGGTCCGAGATGGTAATTATACCTGAATCATAGAAAAGGGTACTCGTTTCACGTGGTTCTGACAGGCTACGTGCCTGAAGAGGGGGGCTCGTGCCCACTGAGGAGTATAACGACTGCAGCCACATCCAAAATATGCAGCAACCCGAGTGACTATAACAATTTGCGCCGTCCCTCAATCCGCACCCGGACTCAACCCTAGGATTTGCCACAGAACACTTGTTCGGGCGAGGAAAGTTGAAAGTCTCTCGCGGGAGTTTCTGAGGTTTTAGCTAGCCATGGAAAAGCTCCGAGAACGGCAGTGCGGTGCTTAGCTGTGGAACCCTGATTACGAGCCCTCCTCCCCCACACTCCATTTTTTTCACTACCTCTAATATACGTCTCCTGAGTTGGTCTCTCTCCCTCAATCTAGTTGCCGGGCCATGACTGGTGTGTACTGCAATAAGGATCTCCTGGCCCAAAGCGAATTTACGCCTCACTCGCGCATTTCCTCTACTCGTAATACACAACCGAATGTGTCGGCGGGAATGCGGGTAGAGTGCAAGAGTTATTAGAGGGTCTGCAAAAACTTTGCACAGTTAAGTCGTTGTTTCTGTTTATGATTCTTCCCTCGACTTGTACGTCAAGCAGACATTTTGCGATACTACACGGCGGGACTTGCACCTCGTAAACATCTGGCGGGCGGTCCTTAGTGTACATCGTGCTCAACATGTTGGGCCATTCCCGTAGTCTATCGAACCTAGCGCCTTAGGGACCCCCGAGATTCGAACTCGGCAGGTGCGTAAACGG,1636,51.22,Caenorhabditis elegans
SEQ_132655,TCCCGTGTAGGCATGGGGTTTAACTAACCATCAATGCTAATGGATTCCAGTAGCCTAACCGTGAAGGCTTGCTAGCTGGCCTTATCCCACAGATATGTAAAGATGGCCGATTTCACCACCCACGCCGTGCAGTCTTCAGACATCATTCCGATCCTGAAAATTCCAGCGGGGTGCCTAGAACTCTCAAGAGGTTACCACTGCTGCGCGAGTCGAGTACCCCATACAGCTTGTGATCGCGGTCTGGGGTCCTCTTCAGTTTGGGACCCCTCCTTGATTTTTAAACCGACGCAGCGTCGTCTGCACCTGCCGCTTTATGCCCGTTCCCGTGTCGTTTAATACTCGGGCGTATGATTCACCTGATGAGAAGCGTAGCGGAGCAGGCTGACTCCTAATGTCCTTTCATCACCTGGTGTCCTCAGTTTCTGAAAGGGCAACTTTCAAAAGACTTACCTGCTGTCCTAGCTCTAAGGCTATTCAGTTACGTACCTTGTGTCAAGTTTATAGGAAAGGCGTCTGTGATACCTATTCTGTCACAGCAACTTCAACTCAGATTGCTTCGTCTACGTAGCTGTCCTAGTCATGAGTTATCGGATCCGGAATGATAGACTAACTCCCTGCTTAACCCCCGTCACAACGCCTAAAGACGATTGTCGGGCTGCAAAGGAATCCCAAGGCAACATGCGCCTAGCTCGGCTCTTACAACAAAAATATTCATAAAGCCACTCTGCCGTCCGGCAATACTGTTTTTTTCACTGCAAAGAAGCAAGAGCAAATACTAACCATTATGGTGTTGCCCCCAATTCTGGCCAATCGCACAGCACATCCCAACAGTTAGTTAAGGTTTCCTCACATAAAAGCGTATTTAATTAGTGAGCGTGCGATAGTGGCGCACCTAGGTCTTGCCGTGAGACTCCGATGGCAGGCCGGCGCGTATCATTCATCAGAGTTACGTGGGATGCGTAGAACAGTGACGTTCGTCGGATGTCCATCAATGCCCTGCCTGGCGTTATTGGATTGCTTTTAGGGATTTAGGAGCAAGTGGGATTAGCACTTACGCAACCTTTTGTCCAATGGCTAATGCCCCTAGTAGCCGGTCTTTTTTGGTTTAAATCGGTAAAAACGTGGCGGTAACTCGGTGGGGCCTTTGCTAAGTACACCCCCGCTGACCTACTATGGCAATGGGGAGGATACGGTGCCACCAATGACTTGCGGAAGTTGGGTCAATTGGACGGCGATCGAGTTGGGAACAGCTTGCATAGGGTATTGGACACGTGGGTGGATGCCATCTAGCCCATCCTGGACCGGTCGGTGCCTATGAAGCTAATATTTTCTCATGACTATGCTTAGGCCAATTTCATAAAAGGTGACCAAATTTCAAGAAGAGGATCGATACCGGGTCTGTAACACACTGAGTATCTAATAGCTGCTAATTGGGAAGCACCAAATGCCGAGGCAAGCTAATGCTTCCATCGTCAATACAGGAACCCTAGTAAATAGTAACTCTGTAAGCAGAGCAGACTTGTTCGGCGCAGATCATAAATGCACGTTATTTTCACGGCCACAATATCTTCCTCGACCGCTTTCTTAAGTCTCGAGAGGGAAATTCATTTGCACCTGTTACGCTCCCACCTTCCGCCTTGCCGTGGAGAACTTTTGCGAATAGACATACTATAGCGGTACGCCTCACCTCGTTCATAACTATAGTCGGAGGGATGCGACGATCTCGCCTACTCCCACAGTCATCAGTATGGCGGTCCAGCAAGCATAATGTCAGTCGGGGTTCCTACGACGCTCCAAATACTGTAGCCTCTCTCGCTCCCGGATAGCCGATACGGGCACTAACTGGTGGGAGATTTAAACGCATTCGGTCTGTTACTGGTCCTATGAACACCACTTAGATTTCTCAAGGTGCTGACTGCGGGGCACCCCGGTCAACCTCTAACGCACACGAAGTCAGGAGCTTCTGTAATCGATGTG,1977,49.47,Arabidopsis thaliana
SEQ_147834,AAATCAGACGCAGTCACACTAGGGCTCGTTGGGTTTTGCTACAAAGGCTAACGCAGCAATTCCCGGTGTAATGGGGAAAATTTCTGGCCTCGTAATTGAATTCAGCACCCGAATGAAGACACTAGCCCGACCAAACTCCTCATACTCGACCGCTGCTGGTACCCGAACACCCACCTTAGACAGATGTCTCCGTGCGCGTCAAGCCCGCGAGGCGCGTGTCATGTTGGAGGCTGTACCTGATGTGTCAGATCCCCAGCAGAGTGTCAGACGTGTGGGCTTAGAGTTACAAGATAGATTGCATGCACCCTATGATGGTTTCGTAACCCTTCAAGAAAGACTAAGTCTGTATCGGTCTAGGCCATACAAGTGCGCCTCAAGCCCGGGGAAGAACGAACTGTTAGCAAATTGCGTTCATCTACTCAAATGCTCTTGTGTGTAACGCGTCGCTATCAAGCAGATTTCGGTCAGCCCATCATACCCAATGGGCCCAATCCATCCAATACCAGTAGCAATGAGTCGGGGGCTGGTGCGCCAAAGGTCGGGAGAGGTGTGCGGGGCCGACGGCGAGTTATTCTTATTATCCAGGTCACCCCCCGGCGTCGGGGTGCCCCTACGATGCGCAACGACCAAGGCAGACTGGAGGTCGATATACTCCAGCCACTGTGCCCGTTTACATTGCGCAGAAGTGTTTTAGAGCCACCTTACCTACACTGTGTGCACCGTGCCCCAAGACTCGATTTGCTCCCAAGAGACACCTTTAACCACTTAATTTAAGGGTGAAGTCAATTGGAAGGGAGAAGCGGCGAGGGGCAAAAGTTAAGTGCGATCATTTCTGCTCTCTCCGCTATGGCGATTAAGCAAAGGCGGTATTGCGACACCAACAACGTCATACCCCCGTTGCAGGGCGTCCCCAATCCTGAGATAGAAAGTGCAAGTTCTCCATCGGTCACTAATACATCAAGAACCTAACAACCGCCAGCGCCACGGAAACCGCGGTCAGTAATGAGGGATCATTGAAGCTGCCGTGCGCCCATCCGAACATGCGGAAGTCAGATGCCCTAAAGTACATGTGATTCGTCGGCACTCATCCCCTCATTGAGCATTCTATCTAGATGCTACCGAAACGTACCTGACGAGACGGGTTTCTAACTCATTAGTAGTTGTTCCGTGCACGCATACACCTTTGTGGAACTTCTGATAGTGTTACCGACTTACTTCTGGTGCGTCCTTTACATGAATAATGGTACCATCACAAAGGTTTGGAATAGTGGATTGCAGACATACAATTCGTCACGTACCTGTAAACCGGATACATTTGAGAGATGCCACCCCATGGACCTTACCGTATCCCATCTAAAGGAGGAAGCGTAGTGCCAAAGGGAGTAAAGGATTCTAGGATATCCCCCGGGCTTACCAGAAGGAGCAATGACATGGAATGATTAAGTGAAACCGAAATCCTTCTGCTCGTTATCCAAAAAATATGCCGCTGCTGCCGGAATCGGGGACGAATTCCTGGCGCCCCGAGGGCTCGCGCCACTGGACCATTCTGGCTGATATATAAAGAGCTCGAAGGCCGTGACAAGCCAGCATCTGTGCGAGGACGGTGCGGACACGATGAGTAACTACCTTACTAACAGCCGATCTGAACAGTAGGGGTGTAGCGTGCTAGGGTACTCTGGGGTTTAGTTCGCTAGCTTCTATCTATAGTCCGTCGCCGGTCAATGTCTGGGGCCATTCTGTCGGCCCCCACCCGCAACGGCCAAAGTTCGGTAATCTCAGGCTTTGAACCAATGTCGGGTCATAAGGAGTAAATT,1814,51.49,Homo sapiens
SEQ_879215,CGTTTTAGCGCTTCTCCTCTACCGTTAATCTCTGTCTTCTGGCATAACTAACAATATAGTCAGATCGTACGACCAATCGGTACGGGCGTCACAGAGAGGTATGCCCAATGTGTGCGGGGCATGCTATAGTA,131,48.09,Caenorhabditis elegans
SEQ_224616,CGATTCTGTAGTCAATAGGTTGATGGTGCAGCAGGAAGCATCAAGAAAGCTGGATAAGTTCCGAAGTACTACCCCCTCGGGTAGCCCTCTACGCGCGTATCCTTGCGGGTGGAGGACGGATGCAGGTCGACTCTTGTATGTTATACATGGTAAGGCTCAAGTAGTTTCTCAAGCAACAAGGCCTCAAAGTCAGCGTACTTCCGGACCCCACCAAGGCCTCTTGCATTAACAAAGAGTCTCAAGGTAAATCCGCCTTTCTAACTAAGAAGCAGGTCAAGATAAAGCGAGAGTGATCTAGGTCGTCAAGGTGGAGCTAACTAATGCTGGGGCTTTAATACGTGCATCCATGAAGTAATTTCATGCACCCGTTTTTCCGTTCTCAGCAAGGAGTCCCTATACCCCTACATGGGACACTAGCTGGCACCTAATGGAGAGGACAGCGTACTTCTTATGTCGAGCGCCCGATACCACCTGGGAAATTATAGTGCACGTGTAGATCTACCATTTATTAAGTTCTGCCGACTACTACTTTTTTTATTTCGGGCGGGCTATGGTCATATAGACGTCATTCGGAGATCACTACGGCGATGCGTTCTTAATTTGGGATTACGCTCGGTTCCCCCCCGAACGCCCTTAGATCTATGCGCCGGCATGCGTAGAAATCATAATCGTGTTCCCAACCGAATTCTGCCTACAATTTAATGTATGGCCTCACCGACTGATGGTCCTCAGAGCGTTCCGCATAGTTCTCAGGTACCCCTTTATTGGGGATCCTCCTGGGTTAAGCTAACAACCAGTGTGAACCGGAACCGCTCGGGGGATGTTCCATGTAGAACGCCTTTTTGAATTTAGAGGGCCGTGCTCACGTCAGCAAGTGTAGTAGTTCCGAAAACTTGAGGGCAGACCAACATTCCACGCTAGGCCTTGGACGCGAACTTTATATTTTCGGGCTCTCTCCACCATTGATCCGAGCATCACCTTCCACGAAGCCGAGGGTTTCCATCTTGCATGAAACGATATCTGTGAGCCATTTGGGTAGAGGCCGGCCGCACTCCGAACCGGTCTAAGGCCGTGGCTAAGAACCCCACGACACCACATGTAACATTGGCGATTCTAGGCAGAAGCTCCGGCCGTCTTAGTTAAGCCGCCTGCGTATTCTTGGCTTGCCAACAAGATGGATAATGAGATTGTGGGAGCGGACTTTATCAGTACAAGGGCATTCGTATAGCTTTCGAGGTTTATATGCCGACTCTCGTGGCCTATATCGACTACCCGCTAATAGGACCTCGCCAAATGAATACACCTTGACTGTAAAAATATCCCCTTTTAGATGGTGTGCGGGACTTGGTGACAAATCATGGTGCTACACGTTTTGCTCTACCATGCTGTATTTGTCCACGACCTTACGTTTTTCGGTCGCCCTACTTCGACTGCAAGTCCGAAGCCTACAGCCTTGGAGGGGGAGAGAGGCCCCTGACGGCCAGTTCCACTTCAGAATAAACACTATGCTATAATAGTCGGCTTGCCTCTTCTCGACCCATGGGTCGAACCACCGTGGCGCACTCTGTAGCCCTCGATAAAAAGACACTACAGTACCGAAAGGGGCCATATAGCTCTGTATCATTGGGGAAGTAACGCTATCGAACTATCACGTACTGGCTTGCCCTACTGGTTCCTGCGCGGCTTAAACGATGCTGGCACACTTC,1706,50.0,Arabidopsis thaliana
SEQ_538478,TCGTAAGGACGCAGGTAATCAAACCACCCGCTCTTTATCGATGCTGCCGCAAACCGTGATGCGGGAGCCTCAGTGCGAAGTAAGGCAATTGTACACGTCAGTGCCAAATGAGAAGTCTCAAATATCAACACAGGTGCTCCCTGTAAGATATCGTGCGTATATAGACGGTTCCAGATACCGTTACTGAAATAGTTTAGACGGAGGGAAAGCGGATCCATGAATGGCGTAACCAGTTTACTACGGAGTATGGAGGGAGTATACTTCTTGTCGAGGTGTAGTAGGCTACACTGATGTTGCGGCTGGACCGCGATCAACGACGCTATGCAGGTGTGCATACGATGCCGTGTCAAACCCACGAACCCGGTTTTATCGGTGGCGTTGGTTGTGAGCGAAGCGGCCCTGAGCATTTTTACCTCATTCGTAGTTAATGGGCTCTCACGACATGACCCTTCATTAGTCATACATTACGCTCTAGTGATCTCGTATAAACCATTGAGTGAGCCCATAATTACACTCAAGACGGTTGTATAGACCAAACCCGGAGCGAAGGAAGCGGAGGGACGCTAATATACTGACATACCCTCGACCAGGCTGGAAGTTAGTCTTACGGCCGAAAGAGCCCAAAAAGTCTTTCGTTCACCTGTATACGCAACGGTAAACTTACAATATCCCGTTGGATGTTGTCTTCGTTTTTGGATCCGGTCGGGAGCCAAATGACCGCTTTCTGAGACCACTCATAGTGAACTTCTCCAAAGATCGAATAATACTGAACTACATGCCGTTCCATGACGGCGCAGGGGGGATCTTCTGCATCGCTTACGTAACGAGTTGACATGTTGCACTTTGGTGAATAATGCTATCACAAGGTCTTGGTTAGATTCCACTCCTTTAATATGAGATAACGAGTTGAGTAATTGATTATCATTTGAGCTCGCCCCGGGCGGTAAACCCTGCCAACGTCTGCGATTATCTCCATTGCCGTGGCTATCCCATAAAATGCCTAGAGAGAGCCGGAAGTCAATCTACAGGACCCAACGGTGTTCACCACCGCGTGCCACAGTGGTGGGCGTCACAGTATGACAGAATGCCAGTCGCAGCCGGAACCCA,1107,48.96,Arabidopsis thaliana
SEQ_291767,GTAACGGTGACCCCTTGTTATATGTCAACTATGCCTCGCCGGACAGTTGGCGTGTAAAGTAATGGATTAACTACAGCGCAGCCACTGATATACATCGCTTCTCGCACGTTCAATCTCAGGCATTTTAATTCATAGAGTTTGCCCCAAGAAATGGGATAAGCATTTACCACGGTTACTCTGAGTGGATCACCGCTCGAACTTCATGTAAATTCATAATTCCCTGGTACGGTCCCCTATTGGCATGGAGACATGGTGAGCGACATTTTCGAGTGGAATTGCGATCTATGTCTTGATCACACTACTGGCAGATGGCTGGTTGAGTCCGCGACAACGCCATCCCGCATAGACAGACACGACGGCCATCCCCCCCTCGGGGTGGTCAGCCGCTTTCGTGCTGACCCGAGAGTGCGAATGAAAGTAGCCCGGCGACTCCGCCTCACCCTCGTCACTGCTATCCAAGAATATATTCATTATAAAATTACATAACATAAAACGCACGAGCAGTATGTCCTAGACAGTGTAAGGATAATGATCTCCACCTACCAGTGAGACCCCTCAGGGCAGGACACCTGACCTCATCTAAGGTCCTCTGTGCGATACGCTGAGGATGTCTAGCTTTATCTCGGGATGGAGAGATGTCTATGGGGTAGACATTTCCTCGAATGATAGAACGTACCCTTTCATAACAACCCCCAACTGTTATCATGCACATGGGAAAGCAGCCTAGCGTTTACGCAGCTCCGGCTGATTACGGTTAGGCGGTCAGCGAAGTAGCGTTACGCTTCGAGCAACTTGACAAAGTCAGAGGTCCCAAGTTCGCTCATGTAGCAACGTCGAGAGTTTTCACATTTTATATACACGGGATTATACGAGTACAGAAGGGAGTATACGATCCTCTGCGTTAGTCTGAAAGGTACGCGGTCCGAGATTGGATGCCATACACACGGAAATGCCTTACTCGTGCCGGCAAACTACTTTCCTCTACGGTGATTACCTCGGCCCATACAATAGCGAATTGCACTGTGTGAGCTTCGACCGGCAAAGATCGCCAGAATTGAGGCATAAGATTCTGGCGCAATGAAGACCAGCGTAGTTCCAAGGTCCGCAGGAGCCTGCCAGCAGCGACCTTGCAATTAGGTGTATGAAAGGGCCGGTCAGATGCATGATTGACTCTCTCTCGAAAGGCGGGGGCTGAGCATTTATCTGTGGCCCGTCCACCAGCTGAGGGAGCGTATGCACTAGCTCTCCTTACGAATAACCACAGCCCTCTCGGCAAACATGATGACCAACCAGGGCTGAATGCACGCTGCACTGACCGTAGTATGCAAGGATGACGAGGCCGCCGCCACAGGTTTGCTACTTCCGGCAAGATACACTAACTGCTGACTTTCCCGCTTCTGACCCGAGGGCAAACCTAGCTTAACCAGGTAAGGAGCACTGCTACCCTGGACGCCACGGAACCGACCCGGCTCCTAACTTTATAGCTTTGTACATTATTGTTAAGCATCTGCCCCCGCATGTTAGCGAACGGTTATAGGACTCTTAATCCTCCCGGCCCTCTATGTATGGTCACTTGCTTTTTATTGGACCCACTGGCTCCAATAAGAGGTTTCGGACCGATGCGCAGGTGGTTCGTGAGTGTCCCAGCCCCAAGAGTCTATGGGAGAGCGTGATGCTGGGCCTCGTTGCTCTTTCGACCCAAATATAAGACAGGCTGAGATAAACGCACCGATATTCGTAGCAAACCCATCGGTCGCCACTCTCTTGTGTACTAAGAATGTACACACAGTCATAGGCTCGTGGAGTCCTTTTTGACCACTGATAGCACGGGACTGACAAAAAGAGCTGAAATTTAGCCAAAGTCATTATGCAGAACGATTCCGTGGAACTACTGCTTTCCACTGCGACTGTACAGAGTTGATTATTGTAGCGAGCACACTGCGGCGCAGGCGCAGCGAGATTTAGCTCCGCAACGCGGTAGTGGAGAC,1988,50.75,Escherichia coli
SEQ_434111,AAGCCCGCTACTGCGGAGCCGGCGAGTCCGGACTTGCCCAGAGGGTGCATTCGGGTAATGAAGTATACGTTGGTAGTCCAGTAGGTACAGAATTGTGATATCAGCGTGGGCATCCCTTCCATAGTATTCCTCAACAGACCTTGGACCAAATTGCGGACCTAGCGTGACACATATAGGCAGGGACGGTTACAACTCGCTGTACTAGTTCTTTCCGCGCGATCAAGACCATAATATTGAATTGTTTACGGCTACGGAAAGTACTCACTACAGGGCATAGATGGCTCCTTACATAAGGGTAAGTACGAGGAAGTCCTTAGAGTACGCGCAGACAGGGCGGAGAGGTTCCACGTAGGTAAATGAACGTTGTGTAGTTTTTGGTTCGTGATGTTGCATATAGTACGATGCAGGTGGGTTACCCATAATGCTTGAAGTCTTCACCTCCTCGTGATAAAACCGTCCTAGCCGTTTTGGAGCTACGCACGTATCAAAAATGACAATACAAGTCCAGCGACCTAGACTGGTGCCATGTTATCAATGACGGACGGAAGCTTCTAGACTACCAGAGTTCGCATTGTTAGCTCATGTACTTAAGGGGAAACCTCCGCCATTATTCAGCGGGAAGCCAATGCTAGGTGCGATCAAGTAGTGATAATATAGTGTCGTGATGAAATTTGTGACGCTAGCAGTATCTCCATCGGCCCCCCTAAAATGCAATATGGGTCTATCCATAGAGCGAGTATTATCCGCATGTCCAGTTACACATGTTTCAAAATATATAATCCGCAAAATGGAACTAACTTGTCCGCTGGATCGCGGTATGGCCACGTTGGCTGGATTGGACTTCCAAAGTAACTCCAAGTACAATCGTAGGATTTCACCGTTCTGTGGTGGTGTTTGTCACAATCGCATAATATTAGTTGATTCTACAGTCCGGCTCGGGGTATGGTGCCGTATGCCGCAGGGAGCAGGAGGGCCTGTATTAGAGTGCAGCTCAAACACTGGGAACAGCAGTTTCCGGCGGAAGGCCGGCTAATGTGCACTGCTACCAGAGTAAGATGACATCCCGTAGGCTACAATGCGTTGCTCATGGCGGGCCTGAAACGCCTACAATAACGTGGCATGGGGGTAACCAAACGAGAACATCACGCGGTATCAAATCGCATTCTGGGCTCTCAGTGAGGGTACATTCGGAGTGAATCAAAAGCAATTCTCTTGTTCCGTGTGCCGGCCACACAATTATGTATGCAAGCCCCGATCATGCCAGCAAAGTCTAGCAGACTCGTGCGCAGTGGCCCTTTTTCCCAGCGTGGGGGTTGGGTCCAGCACAGATTCTTGACTTGGCAAGAGCTGTCGTATACCCGCAAGTGAGTGACCGTTTAACCAACGCCTGCGCATGCGGACACCTCACGGCCACAGGGCATGATTTAAATGGGAACCACGGTTACGCCTATGTTAGCTGCTAGCTGTCACCCTGGGCTTTACATGGTAGAACAGCCCGCGCAGTGTAGGTTCCAGTATCTACGGCCGTCACACTATATTGTTTAGGCATCCAATTGTTCTATTCGCGAGCTATTTGCTATCTCAT,1585,49.46,Drosophila melanogaster
SEQ_135739,TTACTCCAGAATGGTGTAATGGATATTTAGCTGCAGATATAGCTCGTTTCAAAGGTTGGCGAATTTCATGGAGGTATCAGGCTGTCCCCTATGACCCTTCTCAGTCGGTCAAGGTTATTGTCTATGCTACTCCTGAGATGCCAATAGGAAAAGTGCTTTACGACCCAAGTATCTAAACGGCCTAATGGGGGCTCGATGAGTGCTACTGTAGGATCTTTTGGCGAGTCGAACACGAAGGG,239,46.44,Drosophila melanogaster
SEQ_344694,GCAGGTGCACCAAAACATTAAATTTTCTTGATTAACGTGGAATTCACGTTACAGAGGACTATGCGGCGGCGATTCATTGGACGTTCGGAAATAGCGAATTAACAACTAGCAATGCAAGTGGGCCCAGGATATACATGTCCCGAAGTAAGGAGGCCTCGAGTCGCTATCTGATTCCACAACGACACGACAACATCGCCTTCCCGCTCTTTGCCATACGTATACCGGCTCGCAATCTGGAGCACACCACAGCGCGGGCAACGCCCGTGTCCGTTCCAGTCGGGATCTATCCGACCTCACACTGAAGTACGACAACTCTTCGCCGCATACCACGTGTTTCGCCGTTCTAAAGAATCTAAGCAGACGAGGCGCGCGGCCGTTGCTGACTCAACAATCATCGTGAGGGGGAGGTCTGGTGTTACTTAGGAATTGTATGGTAACGAAGTCTTGTGCACGATCTGGCGATATCAGAGAGAACATACACAATGTGCCACGTCTACACCGTACTCTCAGGGCGGCTGCAGCGTATTGAACCTACAGTGGAGAGCCTTGCCAAAGGGTCCTAGGTATTCTTGGTTTTCTAGAATAGAGTTGATATATGCGTGTGCCCCTATCGATACCAACTCAAGCGCTCAAACCGACCTTGGCGTGCTTAAGAGTTGGTGGTGGTTATCTTAACAGACCTCTGCTCCGGACGCAAATTCTTCCCTTGAAATAACATTTGGGTGTAGTTCTTTTGTCGTGCGAGCGTAGTCGAGTTTGATCAATCCCGTCCGCTGAAACTCACCCTAGTACGAGCCGTTCTCAGTCCCACGACGGCCTTAACCTAGTTATCTGGGCTGTAATTTACGTTTATTAATCCTTCTATTCCTGTCTAAGTTTCCTTCACTGATTACCTAACGGGGTTGGGTCATACTAGTTTACATAACGACACGAGATCATTTAGTGCATGACGCGGGTGGAAGAGTAGTCGAAAGCTTTTCCGAGCACACGAGGTAGTAGAAGGGTATCAAAGAGCCATCATGCACACCCCACTATGACAGATGCTTTGAGCGCTTCACCGGAACGGCCGTACTGAGACGGAAGACGTATCGAGTATTTACTGGGAGTGCCAGGGCATTGTCGATTCCGTTACTCGTTCATGGTTAAGCAGCGGATGCGTTAACCTGTTAGAAGCGTTTTGACGCTGCCTAACAATCGGCTTTAAGGATACGACGAACTAAGTCGAATCCCTACTGTGCACTCCCCAACCGGTTGGCACTATAACTTTCACGACGTGATAACCCCGTAGGGCGTAGCGCTATATCGCAAAAGCAAATCTAAGCCATACCGATTCGTAACGGGGTGTGTTGTGCTCCCCCATTGAATTTACGACTACGCGCGGTCCCTTCATCATATCGATACATGCCCTGCGACCTGTGGCATACTACCTGTTTGCGATTTTCAACCTGTTTCTAGTAGTCATTCAGTCCTGGGGTATTATATATAAGATAATATTAATCCAGCCGCGGACAAAAGTGCCTCAGATTTTCGGGATAGTCCGTATGTGCGCCGAGTGGGAGAAAATCATGCGATTCGCTCCAGTTGAGTAGATGTAGCCACCATGTAAGAGCCTTACGCCTACACCAGCTACGAAGATTATGCATGGCGACATATAGGCTGTCCTAACGCATCGGTAGCGTAAAACGCCGACATCCGAACCTGTTTCCCAGGCTGAGAACTGCGGATATTCACCATCAATGAATTTGAGAAAGAGGAATCGGCTGGTCGCCTGAAGTAGCGCTAATG,1785,49.08,Saccharomyces cerevisiae
SEQ_972127,ACCTACCGGAGGGGTCATTGTGCCCTCTACGGGGTTACCGCTAAGGGGGCCTCGTTGCCCGAACCGCTGCGAGTCCGGCCTTAGGCAGAGGCCGATCCGCAGCGGTGCCGCTTGAACAATGTTGACTTCTCTACCTGTCGGAATAAGTAAGGCTGCCTCCAGTACCGTGACGCTACCATAGAGTTCGCTTTTAGCTATGGCCACCGCCACGTTGCGTGACGTTTATGGCTCCCCACTTTTGAGACACTCCCGCTGGAGATTAGACCCATAACAGCACCGTGTCAGCGAACCCAATCAAGGCGAG,304,57.89,Mus musculus
SEQ_286349,CAGGTGAACAAGTAGGTAAGGAACCAAGGCTTGGCCGGTTTATGCACGTAAAACCTGTGTGGAATCTCACAGAGCGGAATTAGACCACCCGTCCTGGGTACACCGAGGCTCCGTGCGTTAGGGTTTCTGGCTAGCATTGTTTCCGTTTTGACTCACGCAAGTCAGGAGTAAAGCGAACGGGAGCAATTGCGTTAACCGAGCCCAACCGAATCTCAGTGACGTATCGGTGTACGTACTTGTTATGGGGCGGACAATCGGACGCTCTGCAGCATGTCCAAACGCCCGCCAAATATCGCAGGGGGTTGGCCGATCCTGACCCGCGAGGTATTCACACTCGCGATCCAGACGAGCAGAGCGCCGGTGTTCGCCCCGGAGCCCATCATCACAATGCTGGCGATTTGTGACTCGCGGCTTACGAAAGACTATGCCTCTCCGGATTCTGCGGAGTCGCCAGAGTGTCGCCGCCCGCCCAGCTCTAACCGAAGGACTATAGAGCTGAGTCGGCGCGCTATTGCGGCAAGCCACTAGCGCTGGGAATCCTCGCTTACGTATCTAGAAGTGGTACTAATACAATTCAATTCAACTCCTATGCAATTGCACGGGTGCTATTAGCAGCGCGGACGATAAATCCGTTACCTTAATCAGCATTGTGACTGGACTGGAGGATGCCGTCGCGCAAATATAGTCCGATAACGTTTGGCGCGCACATGACGCCGGACGTAGGCTTCGGCACAACTACGCATATCGTCAGAATGAAGGAAATATCATGGTCAGGACGGTACACGCTCCACACAATCAGGAGTATGTGGAATGCTCTACCTGGGTTGTAGCCAAATCCGCAGTCGGAAAGGACTTGCCGTTAGGTAGCCGTACGGAGGAATTGCCCCAGTCCCAACACGCATGTCCGCATTGCTGCTCCGGTCCTGTGTTTAGCTAGATTGCCCAGCCAGTCTGCGACGTTCCGTTACTGTCTGACGGATATTAATTTTCGCGATCATTCGGACTGAAGTTGAGTGCAGCAATTGGGGTCGATCGTAGCCGAGTAAGTTATGAACCGGTTCGTGCACGATTGTATAGCCCGGCCCGGGCGATCCGCCCTGTATCCCGGGATTCTTGTCCCTGTTAGGAACCATGGGGTAGGGCTGTATAGCAGCGGCCTGCATGCGCAGTGCGAGCTGTCTAATGAACGCACGAGCAACCGCTCTCCACCTGGAAAACTCCCGTAACTGCTAGCCTTATGATTAAAAGCTCCCATTTCAACGAGTGCGGCCTTGAGGCCTAGAGGTAACTTTCGGTGGCTAGCTACGGTAACCAACTAATTCGTTGATTAAACCGGCACGGTAAACCCGGGTCAGTAACTATTCAAATACCCCCCCATAGGGTGGAGCCCGGTGATGCATCCGGAACGCCTCCTAAAGGGCTCGCTGTCGTCTGAATAGTGCCATCTTATAGAAAACTATCCCTACGCGAGAATCACGCCGCATTGTCGGC,1491,53.92,Saccharomyces cerevisiae
SEQ_689350,TGTGCCCTCCATAACCTTGGCCTCCTTAAATATTCGCATTTTGTGCAGTCGCTAAATTTGAATTAAGTGTGGGAATGGTGCCTGGGCTGTCCGTTGGGCACCGACGGGATTTCACGCCACTGGCACGTCAGGCTCGACCGTTCTATCAGTGCGCTTCATTAGTAGCAGCGAGCATAATGAGCCACACCTTGGTCTACTTACTAAGCTTGATTTATGAGTCACTGTCGAGTGGAAGTCTCGCTCCGCTTAGGGGGCATACTAGATGAGCTACATGCCGTATATATGCCTTCTGGGTTTATTGCA,303,49.5,Mus musculus
SEQ_423907,CGTCTTCGTCCAATTAACAAGGGAGCGCAGTTGGTTGGGTTGAGTATTATAACATTTACTAGGGCGCAGGAATATTGATGTGACATTATACTCCCTAAGGAGCCTACTTTTAATACCATTTCCCCATGTCCAGAGCTAGGCAGGCGAGGAGTCCCGAAGGAGGGTAGCCCGCGCGTTCTCTAACACTGGCAGTCGAATTACGCCCCTAGACATCCTTACAATAAAATATATACCAGAGAGAAATTCTACGCACCACAGGTGGACCCCAGGAGAGATGCTTGCCTCGAATTATGCCTACTCAATTTCGGCATTCAATCCGTATGTGCGCGTCTTGAATCGCTTTTACATCAACTCACCGCGGCTCCGCGAGCACGGGGTCCCCGCAACCTGTCAGCGACTAACAAATGACGGTAAAGCAGGCCAACGCAAATTGAGCAGTAATGGCTATGACGACTGCTCATAGCCGAACGCTAAGTTGACTCTGCCCACTTAATCGCAGCCTATGAGTTTCCTTGTAATGTTCAGGGAGGTAGAGTTTCGGCTAACGGCTTATGACCTAATTAGTCAGGGTCGGGTTAGATTTTAGCTCATGTCGAGGCTTCCCAGTAGGATCGAACGTGGGTCCTTCCTATGTGGGAACATGTCTTTTACTCCCTAGAGTGGGTAATGCTACCTCCAGATTGTTAGTAGGCAATACTGCAGACTTCGGGTTGTTACCACCTTATTCAAATGACTTTAGCATGCTATGAGTGGACCGCCTCGAACGTGAGGATTATGTATAGTTCACAGACTGACGCTACACGGGACACCGGGAGGAACAAGGGTCCCCCTAGATGGTCCATCAAAGATAGGGAGACGTGTATTCCCGACCTATTTATTCATTTGACGCCGTGCGAATAATCGACGCCACCCATGAATCCCACCGCTATTACATTGGTGGAGCCACCTCTCCTAAGTCATACGACGTTATACTCGTCCCTCTCGATACATGATGGCTGATTTGGCGTAAGGTCTGAACGGACACGACATCTGGTCTAAGTTCCCTCCTACCGAGGAAGTCAACATTACCCAAATGCATCTCTCCATCAAAAA,1092,48.72,Escherichia coli
SEQ_569670,GTATGCATCCCAGAAGCACGCGTCCGTAGCTACCCACTATGGGCCTTACGACTGCTCTTAATTTAGGTTTGGCCTGCTTAGCCGAAAGCCTCCTGAAGCCACCGTGCGAATTCCACCGGATAGCCAGAGCAAATCCTAGATGAATCCGAAATATTATTTTACCCGTAGAGACTGCCAGTGTGGCAAGGCATGCTAGGCCTGTCGGCGATCGGGCATGCGTAACATGTAGAGCATACTCGACATGATAGTTGCGCTAGGAGCGGTCTTCCGCGTCCTGCTATCAGTTCGGGGGGACAAGGGGCTAGGTGTGGGAGGGTCCAGTCTTAGGCCTTGTGAGTGTCGCACCTTAGTGCCCCGTGCCCGCCAACTGCCGTCGTCTGAAAAACTCTACACGCGCCTACACATAGGTCAAGTACGTGTGATCGACTACACCATTTCGCCGGAAATACTTAATACCCGTCTCTGTAAGCCCGCATAGCTCTTATTAGACTACAGATCGGACACGCAGGCGACCGCGGGGTACAGACCCGGCCTATTCGACCGAACTAAACAGTCCGGTCGTTAACAAGTTTTAAAGATGTGCATTGTTGTTCTGATTTAAGTGGAGACATTTTATGCTACGAAGAAACCCAGTGTAACACACCAGTAAACCAAAATGTTGCGCTCCATTTGCCGGATGGACAGCCGTAAAAACAGAATAACCAGCCAGAATCGCGAGCCTAATCTGGCCACGTAAGCAGGAGATAAAGGCAAGATCCTGCCAATGTACCAATTGACAGTAAAGTTTAAAGCCGTAGCCCCCTGGAACAAATACAATGACAGAGGTGGATCCCCACCGATTGCACCATTGTAACCAAGTAGCCGACCCATGAAGGGAGCGGGAGTGCAAAACGCATATAGTCAGGTGCGAGTTCTGTGATCACTTCGCCGGCCTCACGGTTAAAATATAACGTGGGCAGGACCATTACAGACGTCGATCTTACTGTTCCATGGTAGTTTAGTCTACGGAAAACAGCAACTCTATTTAACGATCCAAGCGCGCGGCGCAAGAAGATGTTGGGTCTGCTTTGAACGCAGAGAC,1081,50.69,Mus musculus
SEQ_800508,CTGCGGTTCTCGAACAGATTCAGAGAGTATTTGGGGAGTGAACCCGTTGGACCGAGCTACCTTCACGTCGCCCTTTAAGTCCTAAGCAGGACATCAACTTCGGCCTCCAGCAATGGGTTAAACCGCATGTCCTAGGACGCACCTTAGTATAAAGATATGCCCCCCACCTAGGGCACCACGCTTGCGGTTGCATCCTGTTGTGACCCCGGTCGTGCCTATCATGACAGATGGGAACTCCTCGTGCGAGAGGTGGGCTGAGAACCCTGGGGCGCAGCCTGGTGCTGACTAAGTACCTTGTGTTTTTGAACGGAACCAATTTTGGATAGGCTTGGGTTAGCCTTTAGGGCTCACCTCCGTCGACTCCGGGATTCAGTAAAGTCCGAATTCCGAGCAACGATGATTGACGAAACAATTCGCTTAGCAACTCAGCCCATGCCGTTACTGCCTCCCCGTTTACCGACTCGGTACGGCAGCTTCCCAGCGGCTCACAGGCACAGGCGTCGTTCGCCGAACGGTCGAGGGCGAGATTAATAGAGGACCTAGGCGGGCACGCATCGCAAAGGCACTATCGGCGCTCATTATGCGATCCCTGTCAATCGTTTATAGGCTCCTTGGGGTTGACGATCTTCATGTTCCACCGGTGACTCAGGCTTCGTTTAGCAGAAAGATGTCCAAAGCTTTTCTCCGCTTAGGGAGACCCATCTGGTGATAAAGTCCGTTGTCCAAGGTTCTACCCCCCGGGTTTGTGACTTTGTTTTTAGTTTCCAGCTGGGGGTACAGGGCATCCGGCGAATCGATTTCGTCCGCCACTATTTTCCCACAGGCACACTCCGCTAATTTGTACATGCTATTCTTTGAGGCCTGCCTTGGTTTTCAACAGATTTTGATCCGCGGAACAACTAACCACAGAACGTAGGCTTTGCGCAGCCGAGTCGCTCTCCGTGGGCACGCCATGAGGTATCTAATTACATACCGGGTCCGATTGCACTCCCGCCGTCACGATGTTCACTGTGCAGGCACGATTAAGTTCCCTCCTAGACTTGGGGAGCGTAGCTCACACGACTAGCGTATAAGGATTATTGAAATGAATATCGAGATATAATGAGGACTTTTAATCAGTCTGCTAAGGAATTGTCTGGACATTGGGACCACAACACATATAAAGCCGAGTCGAGACTGGCGTAGCGGAGTGACTGTGACAAAAGTAGACGCAAGACGTCCGGTGTAGTTCTGACTCCCGGAACAGGGGTTTCACGTCGCCACGCTTGGCGAATCTTCTGTAGGAGCGGA,1290,52.64,Drosophila melanogaster
SEQ_555322,CCGGCAAGGGACCTAGTCATCCTGATCGAAAGCTACGACTGCGAACGAGGCCCCACAGGAACTTATACATAGCTAGCGGATCCTTTTAGAAAGTTGGTCCGTCGCCCAACTACCGGTAGC,120,54.17,Escherichia coli
SEQ_490995,AGTTTGTGAGGTCTTAAAAGACAGTCATTCATTAAAATCGTCACGTCGAGCATCTGTAACTTTGTTGAATATGGACGTGACTGACCGCATTTCCTACCGAGATAGAAGACGAATACCCGAAGTTGCTACCGGTCAGTCGGTACACGTAGAGAGACTTGGCTTATAGAAGAGTTATATACTGCAAGCTGGTTCTATTACCGAAAGGAAACAGCGTTGCCTCCGCGACTGCTCTACTGTCTAAGCCCGTCTAGGTGCCGTCGCCTCTTACAGCCTGACGTCTGCGATCAACGAGGCAGAACTCCCCCTAGTGCTGTTATACGCCCAAATCGCAATGTTAAAGTCGTACGAACTAGTCTCCTCAAAATTGACATAGGCAGCGGTCCCGCTTTGTCTCGCTAACCTGGTCCCTTTAATTGCGGTAGCATTTATCTCCCATGCAATTGACCTGCACCGTCGCTGCCCGGGACACCCCTCCCCCGAGTGATGGTATTGAGCGTATGCCCTGGGCACACACGCCTAACGCCAGCATACACCACCAGAGGAAAGCTCCAGAAGCGGCACCCCCTTCTCGGCGTTAACACTCATTACCCACGAGCCTGTCCTTCGGGAAGAATACGGATTGTGATGGTAATAATTGTAAGGGACTTTGCACGGAATTACGTGCTGTTAGTCCCAATGGCGTTTACCGTACGACACCGGCACAGTGGAGAGCCAATCATAGATCTCCATGGGTATCATACCCAATGAAGTGGAGGACATGAGAGATCGTCATACACGAACTCTACTATCGTTTATATGGATGAGAGATGATTTGGGTAGGCTTCACTGAAGGGCCTTGAGCACGTGCTATTACAGTATGGCGCCATTATACCTATGTTGACTCGTGTGAGTCCCAACGGAAGTCTTAAAACTTAAGACACCGGTCAAATAAATTTATATTCCAGTGGCCAAGTTCTAGCGTGATCCTAGCAGCAGTATGGGTGCTCCGCGAACTAGGCCCTATCACCTAAGCTTCAAGAACTGCCGTTCGTGACCTGGATGCTTGTAAGGGCTTTACGCCACGGCCCGTATTGTGCACCAATTCTACTGAGTGCTATAGGAACTTCCAAACTGAATCAGAGCGATCATCAAGCTGAGAGTTTTCTCTAAAATAGATTTCCAACCCCGCACCGGCCAACGCTCCTTACTTGCTCTTTGTTAGGACGGTATGGCAGGCAGTGAGGTAAAGTCGGGTTACGACTTCTGCAGCCTCTCTAAGGGCCTCTCGACCCCCGATTGGCTCCCATAACCCATTCGACGCTCTCTATCGCCTGTCCGACCGTCATAAAAACACGAGGGATGGGGTAGAGCTAGACTGACCCGATATTAGGCGCAGGTTATAAGTCGGCCCGCGCTGGATTGCTTCGTATGTGTGTAACATCGGTTTACTGAGCCGAATAACCAGAAGTGGGAAATGCCTTTCCGTATGTTGACGGCCAGACCTCCAAGGGGAAATGCCAGGGAAAAAGCGACTCAGCGATATCCGAAAAAGACATGCACTAGCCAGGATACGCGATTATTATATATTGGCGAGGCAAATAAATCAGTGAGGGCGAGCGTGTCCCGAGCAGGAGCTATGAGATAAGTCGGGTGTTGTACGCACTGTTATTCTGTATGGGC,1659,49.85,Caenorhabditis elegans
SEQ_558199,GTGGCTCTCGACGACGCTGAGCACTAATGGACTTCCGAGACATATGACCAACAGTATGGCACGTCGAGTTATAGTAGCATGCGCGAACGAGCGCCTTCGGCGGCCCAACGGACTCATTCTACTGAAGCAGCGGTAATGG,139,55.4,Arabidopsis thaliana
SEQ_885337,GCCTAGACTGAAGCCTGCACTGTGGTTGGTTCCAGGCCTCCGCCGACATCGCTAGTTCTCAGAAGTTGTCCGATGCCTTGCAGAAGGCACCGCTCGCCTGACAGTGCAACTTTAAGGTATGACGCACGATGTTGAACTGCCACGCTTCCACTAATGCTGCGAGACGGATTGACGGTGACGAATGCGCTGGTTTGTCAAACTTCTCCGGGAGCTCTCGGGCGGGATTCAAAAACGCACAAGCGGTGGCCGAAGGGTATCATACCGACACCTATCGCATCCAGCGATTAATCAGAGCTAGATATCTATGTGAAGTGGTGCCATACTTGGAGAGTTACGCCCATATCCAGGCATAACCAGCATACTTAGGACTCCGAGAATGATATAAACCCGGTGGGGCCGGAAGCGGCCTGACCAAATAGGCATGACAGTGGCGTGTGGTGGGGTAACATTATCCCATGTCAATTTGTGCGCTACGCCTCATTGAGATGAACATCGCGGAAAGTACTGCAACCCTTATGCAGAGGTGAGCGCACCCACGACATCAAGTACTCAGAAGAGTCACATATCGTCGCCTAATTTGTCAATACCTGTCTTACAGCGACCAAGGCGCCCGCTAAGGGTTAGCCACTTGACGAGACCTGGGACTGCCAGGTCTCGTGATATGCATGTAGTGTGCGGTGTGCCCCTCCATACTGCGGTAGTTGATCTAGTAGCCTACCATACGTAG,727,52.82,Mus musculus
SEQ_482562,AAAATGCAATTCGGATGATCTGCGTCCGCCCCACTAAGCTTCTAGGTGCGGGAAATCTCGTCGGCCGCACTGGGGGTCGTCTTTCAGCCTAAAGACCATGGCCCGAATCACCTATAATGCCGGCTGCATGCGCACGCGAAGTTTGAATAGGTTCTTTGAGTACACACGGATACTTCCAGTTTGAACGAACAATTAGTATACACGCATAATCTAGAATTTGACTATGCTACTTCTTCCCACACGAGCCTACGAGCTTTTGTCAGTGCAGGTCTCGCAAGATATTACAGAACAGCGTACACTGACTGCTATAGGGCCCAATTCCACATACTGATTCCATCAGTAGTCAGTGGCAAAAACTCGCTAACACTTTCGATATAAGCGCACATCAGAGGCTAACTCGGGAATGGTGTTACAATGTGTTCGATGTTAGCACCCTTGTCTCATCCGAGACGCATGGGGTGTGCGTCTGAAGTGGGTGCGATCCGGTTTGGAGGTTTACAACTCATCTGAGACCCCGCCCTGGTTGAACAGACGCGAATTGGGCCGCCCGATTAGCTTCCAATGTTAATCAATCTCCACGGACGTGACAAACCCGCGCGAAGATCGTAATGGACCTTTTTCAACATGCATAATTACGAGGCCCGCAGACTGGGTTGGATACTCGAGTCAGCTGCGGGGGAGCCCATCGGTATCTTCTTATACCCCCGTAATGCCAGAGTAGAGCGAAGCACACCCAGTTAATGCAAAGCTGGGTCTTTTGCCATCATAACTAATCAACTTAATACCACCAAATTTCTATATGACTATCTCACGGAATGGCCGAACAC,827,48.97,Mus musculus
SEQ_968459,TTTAATTCGCTGGCAGAACCAGCACCCAGCCTGCAACTGCCATCGCAGGCCGAACACTATCCGCTTAAGAATTGGGGAAGCCGCTCGTGTAAGCATACAGTTCCTTTCGCGCTCACCTCCATTGTGCGTTTTCTATCCCTATTTTACGTAACTAGACATATGAAATATATCAGTGACCTGACAGGCTATCGCACGACGGCTTTTAATCCACGGCGCCCGAAATTTCTCCTTCCCCGCTTCCGCTTCCTTTAGCCAGATTTATAGACGGGTCTTAAATCAATGAAAGGGCAGGTGATTGGACTCTAAGTAATAGGACGTGTTCTTAAAGACGAGGATTCAATCGTATAAGCAGACAGTGGAGATATGACCACTAGGTCCTTCAAGAACGGCTACACTAACTTACCTTTCTCCGCGGATAACGATTAGCCGGAGCGCGGCCAGCCTCCCCTGTACTCTCCTATCCCATAGCCAAATAGATCCACGTCCGAGAATTAATAGATGGATCGCTACAGGGCTGCCCGATGCGATCTACTGGTTCTTATTAAATTACAATGCTTAACGAGCGGGACCGTACCTAAAGTATCCCAAGCTGGTAGGGTTGGTTGTCGCCGTCCGCTGGCTGATCTACGGTGTAATGGTATAGTGGGGCCTATATGGGTGGTGCGGACGTGGGCTAAAATCATGTAAGGCGGTCCTATTTAGGCACAACAGAACTGAGCCCTTCAGTAATTCTAGCTTAATTAGATAGACTGAATCAACACCTCGGTAGACAACCGCGGCGGCCCGTTTACGCGTTTCACTGTTCCTGCCGTAAACAAGTACAACTAGAAATAACTAACAGCATACGTACGTCCCTTCTGCTTGCTCGCGGCCTTTTAGGTTGTAGGGGCGGACTCGCAGCCAGATGTATTCGGAACAAGATCCTGTGAACATTGTCCCAGGCGCCCGAGCGGAGGGAATTGAAAAATAGGGGAGGTCAAATTACGATAGCCTGCTTGATAACATTTCGTACAGCCTCCAGGCAAGAGTTACGAGCTAAGGCCATTATCGACGGTAAAACAAACATGTTAGCATACGACAACCTTCAATAGGTGACTCATACGGGAGCACTCAGCCCGGTTTCATGGCAAGTGATCGAATAAGTTACTTCTAATTGATGATGCGTTCACAGCGGACGTTCCCCTGCGCGCTAGATCCCAAGCCAATACGTTAATGATGACAGTCAGGTGGTCCATGACTCTTAATTTTGGTAGTGAACGGGTTAGCGCATGCGCGTATTGAAGTCAGGGAGGTCTGAAACAGTCTTCAAGGGCCCATTTTATTAACGAGATTCAGAGGATCACATAAAAGAAGCTACGTCCAGTCTGAGACACACGAGAGACTATCTAGTCAAATAAAGCAATGGACGCCCCCGCAACGGGCTCGTCACGCTTGGGCAAAACAAGCTTTATTAACTTCTGCCTTTACCATGCTCTTCCCAGTTCTTGCTACGTTTAGTGGACGGTGCTCGGCATATTACCAGTAGCAACGACCTCAAAGATGTTGGAAACCCCGGTATCTGACCCCCTACGTGTTGACGATGGAGCGTCATTAGCCCTTTCATGTGCTAGTCCT,1614,48.57,Escherichia coli
SEQ_297480,TAGCGAAACTAGGTCACTCGTAGCGCCCATACTGATGTCCAGGTCCTTTTGAGCCCTCTCTCCACAGCGTAATACATGACAAGTATAAGCTTCAGGTGGACGGGGAGACGGATTGGCAGTTTCCCAGAACGTTGATACGGTTGCCCTACTGTTTCTCATTATAGCCGCTGACCTGATGAAAATGGGGGTCCACTCAAGCGACCTTACCGTGCGCGCCCAGCGGCTACTAAGTGAGTTTCATTGAAACTGGTATAGGCTTTTTAAGTGAGGAGATTGGTCATTTTTACTTCCTGCTACGGGTGCCAGCTCAACGAAGGAGAGTCCCGAGCATCAATGCATTAAATGGGTCTCAAATGGTCCAACCGTTCGCACTGGAAATATAAGCATCCTAGACGCTTCCGGGGTTCACGTTGAGGTAAAATACCAGGATAAAGCCAATTTCAACGTTGAGCGGTATCCCTCGAATGGGCCTGATGCTCTCACCCCACTCGGACAGCAGCCACTTTGGCGCGATTGGACAACTAGGCAGCCACCCTACTCAAGAAATACCAATCAGCACTAGGTGAGATTGGGGGCGAACATAGCCTTTGTATATCCCATCTTTACGCTGTGTGGGCGGCACTCCGAGTCGGTGATTTTATTAGTCCACGGGCGACATTTACCGAACTAGCTGAGGCATCTGGAGTCAAGAGCAGACAGAACCCGTAGGTCTTGGTAGCCTCCGGACATTGCAAGTCCCATCACTATGGAGCAAATCTTTCCAACAAGCAGATCGGATACACTGTTCCGGTGACTACACCTCGTTCCTGGTATCCAGAGACGGAAGGATAACTAAGAGTGCTCGATTGCTGGTGGATCAAGGGTCTACGGACTAGCCCCTTCCAAGCGGATGCGTGTAGGTCGGAATGTGTGTAGGGAATCACGGTCGCTAATAATGTTCAACAGGTAGGCCGTTGCAGTCCTCAAGGCCACCTACACATGAATTGCGTCCGTGGCGAGACGGCAGACAGCTTTGCGGCAACTATTTTCCCATCGGACGCAGCTCCGACCATCCTGCTAGATTTGGCAGCTAATCGGTACGGACGCCCTCGTTATTCCATCAAGGAAATAGATAAGTCTACCGGGTTAAAAACGCTGCCATATAAAAGCTACACTCTAAGTGATATGCCAACGCCGGCCGACACGGATAGTGACGCTCGAATGGGCCGGCTTGATGCGTTGGTGGTAATCGAAATGCCGCCGTGCTCGGCAGTCACGGATCTTCCCTCATACACTAAAGCAGTTGTCCTGGCGGATTTGCATGTGAGTGGCGCACCTATAGTGGACATTGTACAGCTCTATTCATTGGGCGCTAGATCGCAAGCCCGTTTATTGAGGCATGTGTAAAGTTATCAGGAATGGCTGCAATTATCATTTAGAGCTCGGATCGAGCATGCGACCCAGCGTACAGTCCAAATTGTTGTAGGTATAATTTTCTCACACGATCTGCCTCCTGATTTCTAGCGGGGACGGGTCTTTCATATAACTAACCCCGTTGACCAAATGGTTCCGGACATCATACGCGAAGCTAGAAACGGCCATCTATGCGCATATTAAGCATGTAGTTCCGCTGACTGCGAGGTCCAAACGTTCGTAAAGTTCAAACCATACACAGCCGCACATATGGCTTGCGGTTACTAGGATGAGCAGAAAGACGC,1697,50.44,Arabidopsis thaliana
SEQ_130581,CAGGCAACCAGTTGTCTACGGGGGAACTACACGATGATATAGAGGCGATTCCTTAAAGGGAGGCGCGTCCCGTACTGTCCGCGGCCCCGCGTTCATTACCAGAAGTGACCGGGCTGGCCGATACTAAGTCCGAGTGCTGCGTCAGATAGGTGTAATCCTAGAGTAAAGGTTCCTCTAGGTGTTCTATTGTTCCTGAATAC,200,53.0,Escherichia coli
SEQ_268651,CAAACCCAGCAAGGGGATAACCACAGCTGACGGCATTTAGTCGCCCTCGATAAACCAATAGTTGATTTGCTCGAAACATCGCTTATCTTCACTTACGCAATAGCGAAAAATCACGGGACAAGATGGCCGTGGAACAAGCAGGAGAAATGACACGAGAGCTACGCTGGTCACTATAGGGTGGTACTACCCGCAGACGTCCCACTTCTGCACCTTTCCATATAAACTTCACTTTACCTGGTTGGGGCGCCGTAAGTAGTGGTGAGGTGCGCCATAGTTAACATTGCCCTGTGCTACTGTCAACTAGTTCGTGTAGTATGGGCTATCGAGGTAGCGCCCTCATGGGCACTACTAGAGAATACGATTGGTGGTAAGGACGAACGCACAGCGTTACGTAAGGGCAGCTCGGGTTCTCTCGGTAAGCAGTCAGACATGCGAAGTCCTATTGAGGCAGATATATGTATGTTGGGGACCCAAGTCCCTTGAACACTACTATAATACGGAACATGTCAGTCGGCCGGCATGTGTTAGGTACTGTTGGCAGGAGTCCGACTCGAGCCTACTAACGAGCTTTAAGAACGACCTAGCTAAGTGAGATGATGAATTATAATCCGTGTGTGGGAGCATGCATACGCCCCACACAGGACAAGAACTCATAATTTGCGCGGAACGGCCGCACCGTTCATGTTGCCTACCTTACTACCACCTCACATCAGTGACGATTGGCTGACCAACTTACGTCGACGTCTCTCAGGGGTCAATCCAGTCTTCGCAGGTGGGCCGTAGACACCTTGTATCATTCAACCGTTACGGTTCTTATCTGGGCCCCGACCAGTCTAGGCCAATGGAGTTATGCTATGAGTTGAGCCAAAAGATGATCACAAATCAAGAGAACAGATCGCAGACTGTTTCGTTTTTTGAGTCCTCGTGCGCAAACGGTCTGGTTTAAGTGCGGACGTCTGTCGCAACTAGGCCCTCGGTAGACATTACTAGTACTAGAAGTAGTATCTTTAGGTGTGCGAAGATCGTCTGGTCATGAGTTAAAGTTCTGAGGAGCGGACCAGTCATGTGGTCCACCCGGAGCCGATATACATACGAGGGCACCGGCACCGTACGTGACGCCTACACTAGGTCGAGAGGCGCCGCGGGCATCTCGTTTTCGAACTACCTGGTATCCAGGAGGTGCGCTGGAGTGAGAAGCCGACTAAGTGTTACGCTCGACAAAGCAGGCTTCATGGTTCCAACTCTAGCCGGAGCTTAATAACGAGTCACGGACAAGGTTTGCACATGATGGCGCTGCAAGGCGTCTAACCGCATGGCGCCACCTTGCATCCCAGCAGAGTCTAATGTTTCTAACATAGGTTCAGTCGTGATACATTTAATG,1381,50.69,Escherichia coli
SEQ_888081,TATCTAACACGGCGACTTATGTGTAAAATCGTACCTTTAGCCAGGCAGGCGCTACGAGGAATAAGTAGCTAGGATCTTGTATCCCACTTGCAGCAGCCGGTGGTCAGACGGCTTGAGATTTCATAGCGGCGGGTGAGAGGCGCTAGTTCCTGTGGCTCTCCCGGGCTATGCCTGGCCGCAATAATCGCTCTTCATATCCTCGGTAACATGATTGGATGGAGACGCCTTAACATGTGATCACACTTTCCCATGGGTGTAGCGTCTTTCCGGTCTTGATATGGAGGCGAAGCATATAGACGATCTGTGTAATTGTTCCTTTAGACGTAAAGCATCTGAAGTTCGTTAGGTGTTGGCAAAGGCGTCGACCAGCGCAAATTTCAGATTTAGAGGGGCTTTTTCGTGGGCAGACCCTACTGGCGAGCATGCAGAACAATGACATTTAATTCAACTATGCCTCGCCCTCGATTTCCGTGCACTGAGGAGAGGTTAATCTGGACAAATTGTTCCACTCGGGGGCATACGTTGAGGACGGAGTACCTCTTCTACCGTCGCCGCCTTCCTACTACCTGGTCCGTGACTGAACCACGTTATGTTGTGGATGGAAAAGGTTGATAACGTAGCGAGTGCTGTCGAGAGGCCTCCGCTTTTGATCAGCGCCGCCCATCCGGAGTTAAGGGAATGGCGGGCACTTGTTCGAGATTCTCACAGCGACCACGCGTAACTTAAAGTGACGCAACGATACAAGAATGACGGCAAAAACTTGTCACATATAGTCCCGACGCGAAGAGTGGTCGATCAATTCTTGAGAAGTAGGTTCACTCTAAACATCCATTCCTCCTCTCATCTCCAACAGCCCGCACACCACAGAGGTAAATTCAAGGCTCCAGGTGAGGTGCGCACGTCGGTTTTGAGCCCGGCAGATGGCGCGTTGATACATCTCTAATGAATCGATCGCGAGTACCGTTCTGCGGGAAAGATCTTTGTGTGTTGTCTGTCATTATTAGATAGATACATCGATGGCCGGGTTAACAGTACACTATAGGCACGCGTGAAAGTTTCTAACCCGATGGTCTCCGATTCGTGTGATGGATCGTGCGCGGGAGTTCATCCGAGGAACCCAGAATGTGATATTGTGGCAAGCGAATATGATAGTCATGTTGGGGTGGTTGAAAGCCGAACCACACGGTGGTTTATGTCATCCTAATCGAGTCGACGGGATGTTATTGTAGAAAAGACGTGCCCTCATGTTCCCTCCCTCCCCTTCAACGCCACCTAGTCGATAGGGGCGATTTTTCAGGGCGTGATTTACGTGACCTCACTATAAGCGGCCGGGTCTGCCAAGAAAGCGCAAAAAAGGTTGCTGGGAAGCATCCCTTGCAGGCGGATTTGGTCGACAGGGTCGCTGCAGTTTTAGCCTATGTTA,1423,50.53,Escherichia coli
SEQ_213900,TCGCACGGAGGTAACCAAGACGACGAGCCATTGCCTCGAAAAGTCTTGCGGATATGGGGCGTGGGGTAGAGGACCCATTCGCGCATTCTTGGGAGATCTATCTTCACTCAACGGGCCACACGCGCATGCGGTGGCACATCTTATCGGCGATGTGCCGAACTTTTGCGCCTCCCATTACGTTCGGCAGTCAGGCGCATTTGATAAGCCGCAATTAGGTTAACAGGGCGTGGGCAGTCTCAGCACGGCTGCACTTTGCGGCGGTCTACTACTAAGTGTTTTGATTGTATCCTGACGAGTAATGCTTTGAGGCCAGAACTAATGTTTAGTGTTTGGTTCTCCAATCTGGCGAGCAGTCAGGCTATTTGGCAGTGTCGTGAACTTCACTG,386,52.85,Saccharomyces cerevisiae
SEQ_800856,ACGCTGTCAACCACCAAGGCCCTCCATCGCCCGTTTATTCTGTAATTTGTCGTTGATGACCAATCGCGCGGCGTTACAGGTACCCTATAATCTACCTAGTCGAGCAGGCAGATTGGGTAGGCTCCCCCGAGGCACTTGCCACTGCCTCGTGTAGCTCAGAGCAATCACGAATATCTGGTTCCGCGCGGCGACGGACGGTGTGCTATAAACATCACCCAAATGCACTCCGTGCCTTGG,237,55.27,Arabidopsis thaliana
SEQ_754353,GCTCGTTGTGTTGGCTCCTGCAGAAACATGCCAACAGACCGGATTGAAGCAGTTCGCAAGGCTTACGGATCAACATAGGGGCAACAAGCGGATTGGAGCGCACACGAGGACCGGAGGTCTCAGTAGTCCTGTCTATACTGTTGATTAGACATATGCGAAACATCCAAAACAGCACCAACACTGTGCTCCCCTGATCGCCCACAATCAAGTTGGGTTGCGAAATTTAAAACTCTGAGGTTGCCGGGATGTCGGGATGGAAGTCCGCGCTCAGTTTACTCGGCGTTCCCGAATGTGAAAGACGATTCGGACGTGAACAGCTACCGTTCAATAGTTAAAGTTTCTTCCGTGTGCGGTTAGATAGGGCGCTACCTCAATAATCGGTTCCCCTCTCATAGCGTCGTACCACGTGCACTTCGGGTCTTCGCTCGTTAGACGGTCCTTTTGTGCTACCATGTTCAAGCTGCGAAATTCACCCATGTGTTGGTAGAAATGAGTGGCAACACCTTCCGCGGCCCGCAACAGCATTAAGCAAGTAAACGTTGCTCGCTATCTATCGAGGGGTCATCGTCGTCTAGAGCAATCTTTACGAACACGCTCGTCCAATGTAAGATGCCAAGCATGGGACGATGCACGCAGGTAGTCCGAGACCGGGCAATCCTTGGGATTTGGGATCATGTTTTGGTATCCCAGATGCCGCCCCAAGGTTCGACTTCCTTGGACATGCTGATACACGTAACTTAACGAGCCGTTTGTTGCCTATGCGGACGAAACTTTTCAACTGGATGCTCGCATAAGGGGCCTCCTGTGCTGGTGAGTCGTCATTGGAGCTGCCCGACAGCCAGCCCTGCCAGTGCCTTCGAGTGAAGAGCCTAGGATGCTACTAATGTACGCAACCCAGCTCACTACCAAGAACGCCAGTAGTTCCGCCGGCTCTTGCTGACGACTAGCGAATGTTAGATGACTAAAACCCATTAGGAACGAGGTCCCGTAACTTATATTGTCAGGAATAGATAGACGAGTATTATTGCGTACTCACGGTTCCAGAGACGTTCGGTTAGCGAGTTACGGAAATTAAAGCATACTTCTAGAGAACGGAGTTCCTCCCCGTATGAAAAGAGCATCGTAAGACCATTGTTCGTCCGTAGGCTGTCCCGGTA,1157,50.91,Arabidopsis thaliana
SEQ_758528,GAAAAGGCGACAACATAGACACGATACCGTGTTGAGAAACTGAGCGTACGTGCCCCCTGTATCCGGCCACACGATTTACCTTTGGTAGACCGTGGTTGACAAGTATCTGCAGATGGCAATTGGCCGTGAGTCGACTAGTACTGGAAAACTTTGATTTAGGATCATGGCGCAAGCGACTGACATGTAAAACAGGGTCCCGTTATAAGGTGATATCACGGCTCTTTTAGATTTGGAACTTGAGCCTCCTTTGACTTTCGATATTATCCAGGACTACAGCCCATCGAAAAGACACAATCTCGTGACAGACCTGGGCAACTGCTCTTGACCGACATGGTGTGGTTGAGCCATAGTCCAACCGTCGACATCAACCTATCGAACGCAGGGCTCAAAATACGACGGTATGGCCGCCGATCCATTCTCCCCGTGAACTCACTATCCCACGTGTACACGCGTACAACTCATCATTTGCCACCCTGTATCCCCAGTCTGCAGACCTCTGCGGGATGTGCGGTGCTATCGTATTGGGCTAATGGTCTGCGTTCCGTGAGATGACAACGAGACTCGAAATGTATCTAAGACATCGTGGCTGTTTCGATCCTCGGTATGCTTAGAGCTATCGCTGATCTCTTACTGAGCTTTAATTCCCGGGAAAAGGAAAGGCCACGCGAGACATGAGGATGGAGCCGCCCGTCCAGGGTCAGTCATTTTAGACAGGTGGGAAGAGGCGCGCGAAGAGTACAGAGCCTTCGATTTCCAGGAAGATCCCACCGACACTGCGCAGCCTCATACGGTGAAGTGGTAGACTGCGGGATTGGAAACTGCTTGGTGAATAGGATGAGAATGCGCGACAGATCGATTCAACCGCCTTCACTAAGCAATAAATATATCTCGGTTGTAGAGAGAGTGTTTTCGCCCCGAGTATGCTAGCGGTAGCTCTCGCGGGACGATAGGGTCAGTGCCCGCGCGCCGGTTCATTAGACGGATCTACTATTCTCCACACCGTACACGTAACCCTGTCGGCTGAGCTGGCGAATGCCCCACAATCGTGAAGATCACGATCAATGATGAACAGCGTCGACGACGGAACGGTTACTCCCAAATAGGAGGTACAGAGTCTTACCGACTTACGCCAGCATGTCAGGAAACCCCGCACCTAAGAATCGAAGCAGCGGGGCCTGCTACTGAGCTAGCTGTCAACTTCGCCCCGGCATTTAACGATCCAATTGGACAGCGGCTTTCAATTTACCGAGGGTCCATTAGCACGCAAGTAACTATTACTGGCATGATCTGCCCAGTTTACTATACAGTCGGGGGTACAATTGAGGATCCTTGGTCGGTAACTGGTAGATCCAAATGTACGAGTTCATAACTTTTCACCAGCTGTTCCTCCACCCTCGTGAGTCGCACTCCGATAACCAGAATGGAGCGGCTCCTACGTCTATGATTGTCAAAGTCTGGCGGAACCTAGGTTACCGAGAAACGGTCACAACTCCACGCAACAAATTTGTCCAAATGGTCTGAGTCCGAA,1528,51.05,Homo sapiens
SEQ_837438,ACTACAAACCTGCTTACGCCTTATTATATCTGCATGTTAGGGGGTGAACTGTAGCTGGAAAGTCACGCACAAGACTACATTGCACTAGACAACAGGCCATCGCCGGCGAGCCCGAGATCTTAAGTATAAGAACTTC,136,47.06,Escherichia coli
SEQ_149712,TTTGTTTTTGATCAGAGATGAGAACCGTCAGGTGCTGCGCGAGCAATTTCAAGATATCAGCTTACGCCCAAGAAGCTGGCTACGAAACGCGGTAATTACAGAGGCGATGCCCCGAACGGTAGTCACCATCTGTGTACCTTGTTAACACACACTAAAAACGCGGCCGCTGCCTTGACATGCCCTGCCGGGTTTGCAACGCACATAGCGTAGCGTCGGTATGGGCGATCTTCATTTTTTGAGTCTGGGACGCTACACTACCGTGTGGCGGCTTGACCTCAATGTGACGGTCACATCGACTGTGGGGATCAGCCATTGTCCGAGCTGGCCGGATTCTCGGTGCTTACTGTGACGTCACAGGCCCGACAGTAGTCGCTCGAGCAAACGATGGTCGAGTACCCTCCTTCGAGATTGATTGAATAAAATGTGTCCAATCCCCTTTCCTTCAATGTGCTATACTTATTCGAGCAGCATTTAGCGTGTCGGGGGAGACGGTCTCTATGTCTACAATTCGACAGGGGTAACTACAATCGTGCCAAACCCAGTTTAAGAGTAATGACACCCGTGCAACTTTCCCACTCGATTAATCCCTGGAGGTAGAAAGTTGACTTTTTACTCGCGTCCGCGTGTGACCGGAAAGGCAACGAACTGCTGTCCCCAGTACGGCAAGCATCAACAAATCAGTTCTTAACGGGTCTTCGATCACCACTGTCGAATCATAGTTCTCCATGCTAGGATGTCCTGAGGTGAATGCCCGGTACCCGTCTTATTGACGAACATTGAATCGAATATGATCCAACAATAACAACAAAGACAGTTGATACAACATTGGTTAAATGCGCCATAAAGCCGACGTTGCACCCACGTCATAGGATGAGCGTAGGACCGTACCAAGTGTGGTTTTGACAATAGATCAAATACATACACTAAATAAGTTACCATACCGCCGGTTTGAGGTATTTCTACGACTAGCACGGTATATAGATTGCTTGAGTGTAGAGTATGAACGCAGTGGCTTTGATGAATGAATTGATTGCCGGGGTAGGGCACCAGGCCACTAACAATCTGAACATGCTTCCTTACTATCTGCACCCTGGACATGTAAGTGGGGAGGGTCGAACTTATCCCAATGGGACTAGTATTGGTAGTTCCTGTGGCTAAAGTACTTCAAACACGTAGGATACCGCAAGACATGAAAGCAAGGGCTTGCAGAAAGTGTGGGCAGCATCTACACATGTGAACGGCAATAGACGCCGTAATCTACCGCCGTAAGTGGTACCGCCAATTTGGTGTAAATCCGA,1298,48.46,Drosophila melanogaster
SEQ_160062,TCGAAGTTGAGCTATCGGGGCATACATGAAGACGCGTTCTGCTTCTCGGAAAGGCCAGGCAGAGTTACACGGCTGCCTGTGCATTGGTGTTACATGAACGCACGGCTAACCCCTTTCCCGTCTGCGACCGGACACGCAAAGCTAATTTTCTTCGGCCTTGTGGGGGTGCCCTTTTGTCTCAGTGATCGATGGAGTTTACGTCCAACCATCGATATCTGACGGAGCTGGCAAGTTGCTGCTCGGGAGCGCACCGGAAATTCCCGACGTCTCAAGACAGCATCAATACGTGCTTACAGGACAGAATCTGTTCGTACGTGGGGGTTGCGAAAGGTTGGTTGCGGGTTATTCAGCCCTTAACGTAGGGTAAACCCTCTACTTTCCTATCAGTCTCAGGCGTCAACTGTGAACATATAGAACCTACCGGGCTTTTTTATCAGTGTCGAC,444,52.03,Drosophila melanogaster
SEQ_411616,CACGATTCCTGCCAAATCTATTTTACCAACCTGAAGCTTGGGTTAGTTAACATGCTACGACGTATATACCTACATAGAGAATTGTGGAGATAACGCCATCGGTGAACGCTATGACGCTCGAGGCATACAGAACTCAATCCTAACAGATAATTGCCGTACGATGGTCGTC,169,44.38,Drosophila melanogaster
SEQ_402594,CCGAGCGATGGTGTTATCTCTGCATGCAGTATTCAATTGATCCCAGCCTCGGAGACGTTGATGGCACGCACCGCGACCTGTCGCTAGATCGCAAGAGGCCTTCTCAATATAAGAATTCGATAATCGAAGTACTACGGCAGGCGGGCTCCATGTGAATGTCATGGGGACTTGCCACAGTCGGGGCCGTGCACTCTAACGTTTCTCTGCTGTCGGGAAGCGGAAAATAGATGTTTGTCGCGACTACCATCGTTGAGGCTGTCAGGCTTTGGCCCCACGGTTAATAGCGGGTCGTGCGGTGGCGTTTACTAGCCGGACCATCGTGCTGCAGAATTTACCTATTACGTCAGGAGCGTTGTATCCCATGTTTCCTGGTAAGTTCTTATGATAGGTCTTTAGGCCAGATCAGCCCTACCCCAGTACACGGCTGCGTCTGCAAGCGCCTGACAGAGTCTTAGGGTTCTGACCGAGGAAGTTTTGTACGTAGCCGTAGAAGCGCTACAAAGCATACTATCTTACTACGCCGGGAGGTCGCACTAGAGTCGATCAATGATATTTTGTCTACATGACGACAAGGTAAATATGTGATGGGCCAAGTGAAATGGTCTGGAGGGCCTGACACGAGACCCTTACTGGCATACCTCCACGTCTATCACGTTCTACAGGGATCATCACTGCCTACATTCGACTCGATATTTTTGGAAAGCGGGGTTCGCGCGTAACTCGCCAAGCGCCGAGAACGGATCGTGACCCTTTCCTATTCGGGCGATGTAATGTGTGGCTACCCCCATGGAAGCGCGCATACGCCATGGCTTAGTTGTTAAATGGATCTAATTACGTGTAAGTGTAAACACAAGTCATTAACGTTCGCAAGGACCCCTCAACCGCCTTGGTATTCGGAGATCCCATCTGGGCCGGTACCCCGGTTGAGACGGGTTAAACGCATGACATCCATCGCTCAAAATTCTTCGCTGAGTTCGGGTGTTTCGAAGCAATCCAGAACAACGATTGTTGGTAAATGTCGTATCGGGTGGTCAAAGGAGGACCGAGCAGATACCTCGTGCTACCCCCGACTATTTCACTTTTAAGAGTAGTTGTTTAAGGATAAAAGGCACAGGCAAACACATTAATCCTATCGCTACTTCTTTTGCAGGAAAGTAAAGACGTGAGATGTCACCTTTCACAACTGCTAGTCTCTCGGATGTAGGTTGGACACGTTTTGCCCTGCTCTTAACTCCATATGGGAAAGCGGGGGCGATGCCACTAGTCTCCAGCAATGGGTGTCTCACGCGATGAGAAGCACCTATAACTCTGACCTAGGCACGAAC,1325,50.49,Mus musculus
SEQ_852572,CCGTGAACTACGAGGTAATACCAAATAGGATCGCACGCTCATGTTGGGAGTGGCGTCCCCGCGGTAACGAAACCAAATTGTACGACGGGCAGTAAAATGGAGCGACAATTTACTCTGGAACCCAAAAAAGGCAGTACTTGAGAACCAAATGTTTAAGGTACCCTCCGATGACGGAGGGTGGCGACCTTAGTGATCGACCAAGAGGTTTTACGCCGAATTTCCATGGGTTTGGAGGGTCCTCAGCACATATGCTAGAAGCTGTACTCCCTCTTCTCAGAACAGCAAATCAGAACAACGGGAGCCTATCACAACCAAACTAAACAGGGCTACACGTGCCGTGGGCAGACAGTTTCGGCTCTCCTGACGACCAAGATTGCAAGATGCGACCATCACTGTAACTCTTTAGCGTTTGAACAGAAGTGCGCGTGCAGCATGATTCAACAAAGACCATGGGTCGACCGTATTTGATTCCAAACTGTTCACGGGTACGTAGGGAGACGGCTGACCTCAAAGATGCTGCATCCATTCTCGTCAAGTGATTACGGTATAATAATCCTATAATCACACTTATAAGACTTAGACGCTTGTGTGACATAACACCTTGGTCCTTTAGTCATCACAGATTAATCCGGGCGAGGCCAGCGTGGCGTTCGAAGAACTGAATTAGTGCAGCACTTTTCTAGTTGTCAATGGATGAGGGCTACCACAACGTGCAGTACAGGTTGAGTCAATTTGGTTGATAGTAGCCACCAGGTTTCCTCCCCCCTTAATAAAGGTAAGGCACTACAGCGCGAGGTCGCTCCTTGTCTCTAGGGGGGCCATTGTAACACACCGCAGTCGGCGGGGCTGAGAACGGAGGGCGTGGTGAGGCAGCAGTGCCAGTCAGGGTCGTAACGGGTCTTGACGAACACACGGCCCGTCACAGTTGACATCAGTTGTCTGCTCTCGGCACGTCGACACTCCCGCCACAATAACTGGCAATCCTCAAGACACACTACATGGACGGGTAGACCCCAGTTGAACGAGATTGCCCACCACTAATAAAGATTTGCGCGGCGAATAGGACTTATAGAGTCAGTGTCTTAAACTAAGACAGTGTTCGCGGGGCCAGGTCCCAAGATGCGAAGGTAGGCATAAGAAGGGGCTGGAGCTTCAATCAATTCTCTGTGACCCCTAATAGATTTGGGGGTGGGTCGCGGTCGGGATACTCCAAGGGGCCGTTTTTGACCCTAATAAGGCGTGCACCACCAGTA,1253,50.84,Escherichia coli
SEQ_398438,CATGCGCTGCCCGGGTCTTCGTGGCAACTGGGTTCCGATATGATGATGTTTGTTACTCCTAGCCCCAACAGCTACGCTGAGAGTGCGCAGCCGTTACCCCACCGAGCGGTCGTTCGAGGCAGATACGGTACGATACTACCTAAATCGCTTCCTAGGTCGTGACTATCAATCGAACTAGAACACTCTTAGAATTGCGTTGTGGGAGAAACAAACCAGCATCACCGTTAAATGGTAACTACTGAATGATTCACATGGCATTAAACTATAATGTCCAAGAGCATGGATAGTTGATTCCCTAGCAGACCCCGGCATGTAGTTATTCCCGGGAGTAGTGCACCTACATGGGTGAAATCATAACTAGTGAACTTACTTATTCGCCCCGTAACGCAACGATAACGGTGTCCCTTTGATTCTATCCGCAGATACGTCGTTGGGGTTGCCTGATTATCTCGAAGAGAAAGAGCAAGATTGTGCCCGATTTCGGTGACTACCGAACCGTAGCATGTTCGAAAGCAGATCGATCTAGTGAAATTGGCACACAGTACTGGCGAGGGGCACGGTCAGTGCTTAAGACGACTCCGGCCTCGCAGGCGGATCCCTCGTCATCTTTTACCCCTTTTAGCGGTCGTTCACTTTAATTGTAAGGGGGGATGCGGATGACCATGGGGGATTGTGAGGTGGCCATCGTATCGACATGACATAAAACTAAGCCGGTTGTACATGTCATATGGAGAACACTTATCAGTGTGCAAGGGAGATGCTTCCTAGAGTTACCACGGAACACCACTTACCTATGGAAGCCACAGCGCTTGCAAACGGTTTGCACTGAGGAATTCCCGCTAAAGCTGTGCTGAATAGATCCTTGTCAGAAATTCGACAATCACAGCTGGTCTACCGTCGTAGGAATCTTGCTCGTGCGGTCCGTCGCCCAACGGTTTACTTAGCTTAGGGCCATTGGATCTTGCTGTAATTAGTACCAAGCTGGGGTCCCGCACATAGAAGCTAGCACGGCAGCCTTTCAGCTAAGTCGTATGAGGTGGGGGCGAAGATTCGATGCGCACCCTTGTCAGAAAGGGGAGATTCCGCTTTTTATAAGCGCTTTGTTTAGTTTCAAAGCTACCTAAATTTTGCAGTTCGTGAGACCATTGTTGTTCCAGTGTAGTGTATGATCTCTCGATGGGGGGTAACAGTTGTGCTTGGATCCTCATGGATTCTCACTCCGAATGGGCAAACTTTCCGGTATTCCTCTATCTTCATTACCCTCTCCCAACTCAGACCAATTTCGTCATACCGGATCACTGCCTGGTAATTAGCTAGCCTCTCGGTTGTGAACGATGATCGGGATACCAGCTGATCTTGCTCGTACAAAGCTTGTAACTAGCTTTTTTGAAGCCTTGGTATGCACCTTGCGGGGATCATGGACAAGCTTTCCACAACAACTATACCGCTCGCCAAAAATAATCGGCTAATTGTCTCCACTTCACGACTGGATTGTACAGCTTAGTATAACCATCTCCCGGTCGGGCGCCTTAGACTTACAATAA,1544,48.58,Drosophila melanogaster
SEQ_833166,GCCTTGGCGGACCATCACCATGGCACTTAGGGCGCGTTACGCTTGGCAGAATACCCCCCAGTGGCCTCAGGACAAACTCTATATAAATTTGCGTTTCGTAAAACCTGGTACTAGGTTTACGGAGCATCTCGTATACTCCGTTGATGACATCTGCTTTAAAGGGGAGGAATATGCGGGCAAATTTATGTATATGGTTCGCTGCTGAACCGGACAAAGGGTTTGGTGGGGACGTTGACGAGCTGAAGGCTTACTGGAGGCAACGAAAGAGCGCCACAGTTCATTACCATGCGAATTCAGGTATGGTCCTTGTGTGAAATGTCAGCCAGAGACTCTTGCCACCAGCAAGGTCGTAAGGATTGTACGATTCTTTTCTTCACGCGCTGCGTTCTTAATTTACCGATAACCGTCGTACTGTCCCCCATCTTATAGGTCCGGAGCGTGAACAGGAACGCCATGCTGTGGATTGTTGGCATCAGGTTTGGGGATCTGGCACGTGACGTGTAATCTCGCTTGTGATCACCCCGTCACATGACTAATTATCTCAACTACGTCGGAGAGCAACTGTTTTATCGGGAGCTTTGTCTTTCCCAGCTTCTATTTCCAGGTTTAACTGTTAACCTCGTGCAGTTAACCCAGAACACGGTGCGAACGCGGCGATCACCCGTGGCCGTATTGGTCACTGGGTTGGTACATCCCTCAGTGAGACGGACTGGAGCGAGCAACCCTTAGCCATCCCGAACGCCCTCCGGCAAACCGTCCTCCATCAATATCAAGATTCATGATATCTTAAAAGTACACGCATTGGGCTTAAGGTGGTCCGGGAAAAGTTACTATAACGTTTGGTAAATAGGGTTGCATTATATCCCCGGATGTCTGGCTCTAGTTCTAAAGCAATTGTGTAAACTATGCATCAGAAGTGTCACCTTGTAAT,931,48.87,Arabidopsis thaliana
SEQ_836581,GGTTCGCTCTGGCGGGCTAAACCGAGCAGCGACAGACTAGACTAAAATCCAAGCGCTTGCCACCTAATTGTATGTCTTAATGGGGTTCGAAGGGCCTAGACCATATCCTCGACGACAAAGAGACAGGGCCAACTCTGTCAGTGTAAAGGGCCCCCGTTGACCTCACTTTGGGTGGTTTGAACCCTTGAGCTTAATACTCATGGCGGCGTCGATAGTACGTGGCTACACGCTAGCCGTACGGAGTTCTCTGCCGCTACCTGGCGAACCGTAACAAACCGGTCTGAATGGTTACGAACTCTCGAATCTGCTGGGCGCGTGGACTCCCGGCACAGGCCCGGTGCTGCAAGAATATATAAAATCCACCGTTTACAAAGCAGGGCTGCACAGTAGCCAGCTGAACGACCTTCGGCGTCTTCGCGGCATAAGTCTCTCTTGGGTCCTTCCTATTTCCCCCACGGGTTAAGCCACGAATGTTCCTGTTCCTGTGTGAGAGTACCAACTGCCGTCCACGCTGAGTCTTGGACACGTCATGCCGCGGTCCCAAGTCCTCAAGTTTAGGTTGAATCCCCGGAGTGACGGTTGTTGGCGCTTTAACTTCACG,601,54.41,Escherichia coli
SEQ_406712,ACGGATGCACCGGAAGGTTGTCGGCGACCCCTGTATTTACTGCTGTGACTCCCCGAATTAAGACAACCCTGCTGGCGCACAACTACAACTCTCGCCCTATCATAGTTGGCCGAAAAAGGTGGGTCATTAGGACTCTTCATTGACAGAGGTTTACACTCTGCACAACTACAAGGGTGACTTGATGTTGGCTCTTTCATACGCCCTACGCGCACACCATTTACAATTTTAGGCCTGTTAGGGAGGCGGTCGAGTTGCGCTGGTATCACACCACTGTCCATTAAGCCGCTGGAGCGAAACACGCAAGTCGCCAGTCTACAATACGCCACGCTTTGCGTATTCTTTATACGTGCCTTACGAACATGCTTTACGTTTCGCACGAGAACAACTTTCGGAATAAGGAAATGACTACCGCTGCCCTGCTCGATACGCGCACCCAGTGAATTCAACTAACTCTTGCCGGACGGGAGCTTAAGAACCTACGAGGTTTATGAGTCGAGATGGGCTGTGATATCAGGTAGTACGGCCTATTATATATATCTTATCAACATTCTATGGCGGTAACTCAAAGCGTGAAGTTCGCTCA,583,49.06,Escherichia coli
SEQ_600064,TCAACGTAAGTGTTATGATAGCGATGCATTGCGGCCATCACTATAGGCTAGTTAAAACCTCCAAAGGTAGGTAAACCGATACCCCAGTTTCGACTTGACGTATCAATAAATATCGTTGTCCTTCCGGTTGTCACACGAACAGCCTCTATCTGTATGAGACTCACTGGTTCTTTTTTTGTCTCTCATGTAAACACTGGGGCTAGCAAAGACACCGCGGACAACTTACAAGCGCGCGCCACTGTTCTCGCCGAGGGAGCGGGGTCGTATCCTGCCAGGATAATGTTTACGACATCATCTTCCTATCCGAGTAGCAGGAAAATTTAAGCCCGCCCTTAGTTTCGGGGAGTTATTGCGTCTATTATATCTCTCAATGCATCGTTGGCATATTTACCCGTACAGTTCCTTCACTGGGGCATGATAATTGCAGACGGTCATTAAGCTTCAAACGTGCATATTCTCATCCACGCCTTATATACGGGGGCGGGGACATGCCAGTGCGGCGCAGAGCGTGGCGGAACGGCATTTAAGCTGGTGGTCGGTTGCCGTATTAATCGAGGAGGTTGCGGAGTCGGCAGCGATCCTCTCATAGTCGGGCCGTGCTACTAGGCCTCGCCTTATAGTGGAAACGCCGGTCAGTCTAATCCGCAGAGAAAACGGGGGTGTAACGGGCGTCCACCAATTTACTCCAGCTGAATAAATTTCGGACGCCTCACCACCTTGTCTATCACGCTCTTGTCTGCCTCCACCAGGTATCAAACTGCACCGAGCGATCGAGAGTCGGCGCACCGAGACTACTTAAGCCACCTAGTAACCTAGTCGATCTACGGATAAGAGATACCTATGTCGCTTGTACCACGGGCCAATGAGCTGATAGACGAAACTCTCACTATCTCCCCTTACGACGTCGAGTTTAGATTCCCAACAACATGATTCGCCGATCGTATATCATTCCCGGCTAGTGCCTGGTATTATTTTTCTAAATGGGCAAGGCCTATATTTCAGTTCATTTCCACAAACTGAGCCTTAAGGAGGGCATATGTGGCACGATAATGAGCGCCTAAAGCATTAAAGGGCACCTGATGTCAGGATGTAAGCTTCTTTAGGTACCTAGGCTGCCATAGAGTTGCTATCGAATGCGCGTCTTATTTACGGAGTAACTCAAGCTAAACAGCTTAGCGACGGCCGTGTGCACGGGATATCAACGGCTGGAGC,1212,49.5,Homo sapiens
SEQ_803834,GTCGTTTCATGTATATGCCAGCCATCAACAATCCACCGGGGGAAGCATTCTAGCCCGGGGATTCACAAATTATATAAGACACTGACCGGGAGCCATTTGTCATTTGCCTCATTCATGGCAGTTCTCACCTATGACTCCATGAACCATAGCTTGCTGTGAGCATGACAACTAGTCGTAACCTTGAATAATTACGTTGTTGACCGTGTTACCTGTCCGAGGCACAATCCAAGTGTGCCCAGGTTATCTTCCGATAGAG,256,46.88,Arabidopsis thaliana
SEQ_480011,GAAGATAGACGCTGTATAGGTAGTATTTGCTCGAAAGATACGAATCGTAACCACCTGGGATTACAGCTTTTCACCTTATCGATTGTTATTAAGTACGCATCTTTCATTCAGCAGCTCAAAGAACTCTAAGGCGATCTTTATTGTGGAGGGTCGCGTGTACTCCACACGGATCTAAGTCAATCTAGGAGTCATAAGAGCCCCAAGCCAACAAAAATCTATACGGAAAAACGTTACAGTCATGGCTAAGTCCAAGATTACCTGGCCACTCAATTTTTCTCAAGCCGAAGCAAAGTCTATTGTGGTGATTACCTCCGGACAAATGATTGTTGGCAGATGGCGGTTCCGTTCGTAGATAGACGAGGAGATATATTTCAGTAATATTGGGACTACAGCAGAGTTTAAAGCGTTATAGAGCGCTAGCGCTTCACATACATCATATACCTGCTATCAACGGCTCGCCCATTAGGCCGGGGCCATGCCCATAAGGCCACGGAACTTGCCCGGATATGGCGTCTGCCTGTAGCCGGGCGAGTATGCAGGGCACTCAGTTCTTCGGTCCATCGATAGTATTTCGCCAGCTATTCACCCTAGCGAACACCCTATGAGCTTTTCCGTAATTTACGAGTTACTGCCGAGCCCAACTTCCAGCGCGCCATTACAACACAACCAGCCATCGGGTCAAATCGGAATGTATAGTATCCTTTCAGGACGTTCTGGTACGTCAGCGAGATACCTCGGAAAAATCTCACTTATGACTCTCGGGAGGCCCCTAACTTGCATTCGAATTGCGTTAAAAGCAAGTTGAAGTTATAACACAGCCCGCTTCGGGCTCCTAATATACCGGCTCCTAGGCGTCTCAGCGCATGTCGATTATACCATGTCAGATCCCGGATTAAGACATTGCACCCCCTGATAGTTTGAAGGAACGGGAAAAGTGGGGATTTCCGGAAGATGCTAGTAATGGAAACCATTTTGGCTCGGGCAGGCGTTCGCAGTATTCTACCGGTGCGGCGGTGACAGCAACATAGATAGGGCTAGGCCAAATGCAGGCTAAGATGAGGCTAACTAGTCTGACCAGAACCAAAAGTATTAGAGGATCAATAACGAGACTATACCCCTTAAAAGTCATCATTGCTTGCCCCATGTTCCAGGTGAGATAAGTCGTACCCAGGTTCTGTCCTAGCGTTGAAGCACCTCTTGGACCAGCGACGATGAGGGACACTCCAGACAATATGATGCTAAACCCTGTGCCAGCGTTTACTCACTCCTAAGTTTCAGTACAACGTTTGCCGGGATAGAAGGGACCTCTATCATCATAACCAGAAAATGACGCAACTCTTATTCAAACAATGCTTCTAGTAAGTCAAGGTGAGTTACACCAAGACCGTTGGTAGGTACGATCCTATGTTCGTCTACGCACCCATCCGACTCGTAACTCGTCCGAGTTGGAATATACTTATGACGGCTTCCCTGTTATGACCCCCGCGATCAACGAAAACACTCACGGGGTTTTTCAATCAGCTACGCTCTGGGTGCACTTCCGATACCCAATAAGCAACCGGTGGCAGCGGCAACCTTAGCGCCGACAAGTCATGCTGTCTAACATCCTCACCCCCGGCTTTGTTCCCATGATT,1634,48.04,Saccharomyces cerevisiae
SEQ_749507,GCAGGATGACGGCCAGCCGCCGCCCAGCCTGCGGACTGAGAACAGTTTCAAGTACAGGGTCTCGGATTCTCCCCTTCAACTTCGATACACTGGACGACCTGCGTCGCGATAACAGAACGTGGGGGCAACCCACAATTATGGAACGCGCGCTATTTTAACAGGATGCGTGCTCGCCGATGACGTGGTCTATCAGAACTGAATTGCAGCCTCTAGTGAGCGAATTAATTCACTAATTATCGGTTTAGAATATAATTGGCCTCAAGACAACTTCGGTTCTTGATTCGCCTACTTTACGACTCTCTTGCGCGGTGCCACTGGGTTACGCCGCCGCTAACAAAAGCATAGGGTCGTCTCATCACACCTCTGTGGCCACCACCCCCTAGCTACCTCCTCCCTCAAATTCCGCAGCGTAGGAAATAGGCCTATAGGCATTACAAGGAGCTATCGCCTCTCCTTGATGGGTTCTAGGAATATCTGTTATCTGGC,486,51.85,Mus musculus
SEQ_897113,ACACCTTGGCGCACGGGAGGAGGGCAGATCATCGGCGACCCTTCGTATGACCCCCCGCGCAAAGACATGCGACTCTGTCGTCACTGCATATCATGCACCCCTGCCGTTAGCATTGAGCGTCTGTCATGTCATCCGTTGAGGCGTAATAAGTATGGAGATACATCCAACGGACCCAAGTCACTGAGCTCGTCAGGCTACGAGCGGTCTAAGCGCTTAACGACTGTACCCACATCTTGCGAGCTTGGACCGTGCCCGATAGATCTAGGTACCCTTTTACGAACGATTTACCTAAGGGGAAC,299,54.52,Mus musculus
SEQ_382389,ATATCTCGACTTTGGTATCAAGGCCGCTGGTGCGATAATCGTCATTCGCTTACGCGAGTTGCCGACTTAAGCTTGCACCAAGCTAGACACGCAACGCTGCGTCGCTCACCCCACTCTATGGTCCTGCGGCTGACGAGATGCGGTGGAGTAATTTACAGAGTAAAATGGTTGAGTGTTCCTACGCACGTTACGTCTTGTAAAAACGCCTTTAGGGTCTCCTCCGTGCCCGTCTCTAGGAGTCCTACCTAACCGGCACCGGCATGGGTTCCCTCGGAATCGTTTGAGAGAGATGCGTCCATGTGCTGTTAAGACACGCTTAACGCGCCTTTGCCTCGTCGCTGAAGGAAATTTACTAGAGTCCGAAGCAGAAAGGAACGTATTTACGTGTTTTCTACCAGGCGTTTTAACTTCTATAGATCACTAGTCTATTATACCATCCAAGGTTCTATAAATGCAACACTATTGATGTTATCGAGTTGGCTTAAACTGAACGGTCGTAACGTAAAGGTTCGATCCGGAGTGGTGACTATATACTTAAGCAACAGAAACTAAACGGGCAGCTCCGCTGGTTGCCGCTAGGGGAGGCCCACAACGTTCGCATTACAGGTTACTATTGGCCCAAATTTAACCCGCGACGGAACAGCTATCCACAATACGTTCGTCTCGAAGCAACTAGGAGGCCTATCGCAGAATCTCGTTTTCTTTAGTGTAACGGACGAATAGTTGGCCGAGAGTCTGGCTAACTTCAATACTGCCTATGCACATAGACCCTCTTCAAATCGTCTATTATGTCCTTAGCTCCAAATCTTACGAGCTCAGGGCATTCTTCGCCATAGGCCTGGGAACACCTCGCATCAATATGCTGGCTCGGGGGCTGAAAAAGTGGTTCGAAGCCTAGTTTCGTCGGTTGGGACTCGGCGCGCCGATTTTGCCGTTCGCCTCGATGGCGAGTGCCCAGTTCTATGGACCCGGGGTCTATTGTCGGATACTAGCAATGGAAGTTTGACTCGTATCATCGGGAAGCCCGGCGTCGGCGGGATCTTACTACCACATTTCCACTCTTACTTCGCGGACGAGCACAAGGGCGAAACCAAAACGAACTGCCCCATTGAACGTCCGAGCGTGGCCTAATCTGCTTAACGGAGTAGATGTTGTAAACTAGACCAAGAGTATCCGCCGTGTGGAAGATGCCAGCACGGCGTTTTGGGCATATATCTGCTCTCGATAACTCGAACCTCAAAATGTCTTCTAGTGTCGGGGGGATCATGTGTGCACTTTTACGACCCCCCGCACCAGATTTAAACGGAACGGGTACTTGGAGCGCATAACTGGCGAAGGACCACACATAGCCATATGAAGCCCTGTAGTGCCCACTTGAGCATTTCTCTACTGGCGGAGTTGTTGATCCCTTGAGGGGAAATGGTGTGATCCCACTGGATGTTATATGTGCGGATTACTTTGTGCCTTCCCAGAGCACAAACTGTCTAAGAGATTTAAGTGACTGTATACGTAACCAGTCCGAGAGGTCCAGAACAAGCATTGCTCAAGTCACTCGCGAACGTATATTCGGAGATCCCTATTCAGATAAACCCGGTGTAGTGTCTCAAGTGCCAATCTGTGACCAAGAGTCACTAGGCGTGGAGCTCAGACCATTGCTCGTGAACAGGTTTGGTCGTAAGGACAACTAGCGGAACGCCTGGCGCCCGGAGTTTGGCACCCCATGGAGCTGTGGACAACTAGGAATTATCT,1749,50.2,Drosophila melanogaster
SEQ_794048,GAATTTCGATTACTTGGTTAGCTATTTATACCCCATCCTTAGAGTCCCTACTCTATTGATGTAAAGTACCCTACGGGAATTAACACGGGTCATTCATGCACTGGGCGACCGCTGAGGTTTTCACTGCATTTGGGTACACTTCAAAAGATCTGCGTTCTACAATTGGCGGTCAAGGTGATTGCACTTTCGTAAGTAGACTCGACACGCATCCGTAGTTAGAGATTAGAACATTGACTCGAAATTAGAGCTGGTCGTCTGGTGACGAAGGATCGCAGAATTGGCCGCATTAAGACTGATGGGTCAAAAAGGGTGGTAGGGCCATATAATTTGTCTTCGACGTAATTCCGTCTTGCATATAATTGAGATTCACGGGTCGGGAAGTTTACTAGCAAAGAAGCACGGGAAGAAAGGAAAACTGAGGTCTGTGCCTTTATCTTGGTGGCACGCTATTTGGCTGTAGATGGCTTTGCCTATTACTCTAGTAGAAACGACGCGTCTCCACCAGCACTGCTTCCTCTTGGAACTTCACAGCTAATCTCATAACGCGCCGTTAGGATGATTTTCTAGACCCTGTGCGAAAACCTCTGCAATACACCGTGGGAGACCACTCGAACTCCTACGGGTTCCATACCCGTCACGTAGCTAGGGACTAAGCGTTCCGTTATATA,668,46.41,Arabidopsis thaliana
SEQ_414028,CTATCGCCCCAACACTTACTTTCAGTTAACACCCCCTGGGCAGAACGTTAGGAGCGCTCTGGTTGGTACAGAGTTTCTCACTGAAAACCTAGGTCGGGCCGATAAATGCTGACCCCACCCATTTGTTTGCACTTCGCGAGCGACCGAAAGGATTGCCGTACTTAAATGTAG,171,50.88,Arabidopsis thaliana
SEQ_980666,GATGGAGCTGGCGCTTGCTACCTATGTCTAATGGAAATCACTTAATATCTCGTCGTACCGACGAAAAGGGACTATAGTGTAATGTATGCACGAGCCGGACCCCGCTTAGATGCACGTTGTCGTTCGGGCTAACACCCTGGATCAACTAAACCACGCGCCGGGGATTGTCTGTATTCCGAAATTCTAGG,188,50.0,Drosophila melanogaster
SEQ_692870,ACCCACGTAACAATCCACGTGCTTCGTCGAGTCTTCCGCGCTACGACGCATGGTTGGCCTCCTCGCGGGTTCTGGAGCGGACAAGCTGCTGTCCTCGTGCCTACTGTTACTGGCTTGGCACGGTAGGCTACGTGGGTTTAGAATCCGACCTTGCGGACAGTTTAATATAAATGCATTTATAGGTAGGCTTGTGTTGACCGATTCAACGCCTCATGGTTTCCCGAATACCTGGTGAGGACACGATACTTCTATCAGAAAGACGCTCCCAGAAACCTCTGCGTTCGCAGTGGCTGCCCGCGAGCGAAAATAGCCACCGCTTGTTTGTCTGTTTTAGGACTTGACTAGCGGCACATAGCCAGTTCGTGGATCGTACTCCCCATTGTGTATGAACCAACTTCTTCGACACACACCTTGTTCCAATCAGCTGGTAGTCGACGCTTCGCCGGTCAGAAATTTTAGCTAATGTAACCCTGTCTCGACAGTTTAGCACAGCGTAACCAGAGCTGATACCCATATTAGGGGCGGACTGAAAAATTGTTGGCTCATCAGAATCCGGCCGTTAATGAGATCCAGACGTGTATACCTAGCTGTGGATCGCACGTAAGAACAGCTCTTTCCTCATAGTACTTCCTTTCGCCAAAGTGGTTTTCTACATACGAATACAGGGCACCTTGACTGCGGCGCCTGAGGTCTTTGAATAACCTTGGCAAACGAGATAGTACGACTAATTCCGTGTAGATTTCTTTGCGTGAAAAGAGCCTTAACTTGTTACCCCAAGGCGTAATCGCGCTATCGCCCTAGGCGGATGTTCTACAGTCGGGCGGAAACCCGCATTCATGCGTCAGAATGTAAGTAGGCAACGGACTATAGTCCTGACGGCCCACTCCATGGTATCGGTGGGGCAGTGCACTTAGGCCCTAATGTGAGCATCACTTGCAAGCCAATTCCACCCCGCAGCGGTTTAGAGTACGAAAAATTTGGTAACAGAAGTGCCAACTAATGCAGGGCCACGGTTGGCCGTGCTGATATTGTCAACTGACAGTTTCGTCACCGGCAGCCCACGGGGATGTGATCGCACTAGGTCTACCCCCCAAAGTTAGCTGCC,1105,51.13,Escherichia coli
SEQ_737869,CAAACCCCTTTTGTTAAGCTAGGTAACTAGAACATGCCACAATGGCATCTTGTAATCGCCCGACTGGAATTGAGAAACGGCGTATTTTTGTGGGTGGCTACATACCATGCGCTCTGTAGTCGTGGCAAATAGCGGCCATAGTTAAGCATTTTTACCACCGGGAGCGATACCAGTAAGCGTGGAGGCTAGAGTGTCCTGCGGTGGATTTGTGCGACGTACGGCAACTCTCGAACTGCAAACCTTAAAGGTAGGCCTGGCTAGCCTGCGACTCTAAGATTCACCTTACAGATGGCTTCCATGCGGGTGCATGTCTTCGTGTAGAGCCGTCGTTGGAATACGACGAGGAGTGTCAGCGAGCCAGTACATCTGGGTACTAGAAGTCTCGGCAGACCATGCCGCTTGCCGGGTGACCCCACGCGCTTATACACACTATAAGCTTTCTGCAAGGTATCGCCGCATTAAGTTGCGCGATGTCGCCGGTCCCGCTTATGCGGTTTTGACTGCTTAAGAGCTCTGGCTATCAAGCCGCACTCCCGTACTCCCTAACGTTATTGCTCTGTTTTGCAGCCCATGTAGGATCTAAATCTGAGAGGCCTACTTTGCCATTTTCGCCGACTTATTGAGCTTGTTTGTTGTTTAATGCCTCGCAAATCTAATGTGGTCAGTGTCACGGTGAACGTCCTATCGCGACAGCGGTTAGTCTCTGCCATGTTAGCCCCTCGCGCGGCGCAAATTAATGCCCAATGGCGTGCACTGTATTTATGGGGTCACCGGTTTGTCGACCCCTTCTACAATTGGGTTGTCCATTGTAATTCTTTCTGTCTCGGATGCATTCGTGAAGCCCGTCATCTCGACTGGAGCCTTGTGGGCAGCATGGATGTCCTGGCTATAACAGACCTGAGCTTTGTTTCCTAGGTCCGCAGGTGCCTCGCCATATCGCGAGTAACCCTTATTCTGCCTTACGTATCCAAGCGTTGTTTTAGTTTACCAAATGTTGAGTCATACATTCTGGTCCGTATGAGATAGCGGACCCGCTAAAGGAAGTGGGAGCAGTGGACACAATACACTTTCATCGGAACCGTAGCTAAACAAATAACTCAGACACCCCCTAACTCCCTTTTTCTCCAGGTAATCCCTGAATGGTTTAATAGTGTGCTTGGGATCCCATGATCTACACGCGGCCATTCTCGTATTATGAACACTCGGTGAATATTGGGAGACAGCCATCATGTATAGTGCTATTTTCACGCCGTTAAGCCCTGGGCATCGTACGCGTTATTCCCGATTGGTCGCCATTGGGACACCGTGAGCCCTCATTTGGACGGCAAGGTACCACACGCTGTTGTGGCAGTGCATTCCTAATCTTATATAACGAGTACGGCTAATGGCAGGCGCCTCTGAGTACTCGGCGGACGAGTGTCTCGCCACAAACATATATCCAGGCTCGTTGCACTTAGCATCGTGCTCATATGCTGGAATACAGGGTAAATAAGTCCGTCTGGGGGGATGCTTCTTATCACAGCCTAGAAGACGTCTCACGATGCGAAAAGAACTTATGAATCGCTATGCAGCTGGCTAGCTCACTACTATAGCACGGGGTACCGGTAGTATGAGATCTATGAAGAGTCATGGCCACCCTATGAGGTTGCTCCACTCGAATCTAGGGTAGATAGGACGTCAGGCTGATTGATAGATTTCCAATCAACAGTCTTAGAACTTTCAAGTCGAGGATACATGTATAAACCTATATAATCAGACGAGTCACTTCTGACCGTAGCCTAAACATCAGCTCGACCGAAGTCAGATTATCAAGACTCTAAGTTATAAAGAGCTAGTGCCAAGCCAACGACCTGCATTGCCCTTTCCCCACCCCAGTCCCAGTGAAGGGATTCAACCTCTCTGTTAGGGTCATGCTACGCAGTTAGTCAACCGCCAATTAACGGGACATATGCCAAACCCGCAGAAGA,1967,49.52,Homo sapiens
SEQ_595622,TATCGCGTCGTCGGGATGATTGGGCACGGGATTTGGGGAGCATGGTGGATTACCCTTGAAGATCAAGAAGCTCTCGACGACAAGCCCCGCCACGAGGGGCTGGTCTCTCTGGATTTGGTTAGGGGAACTAACTGTCACCAACTACGGTGATTACGGGCTTAATAGTAACGATGGATAGCATCCACATCTAGGGGTAGGCTTATTAGTTATGTTGAGGAGTTCGTTAATACTGCGCTGAGACCTGAGGCGATAGCGTCCTGAACAATGAGTGTAGCCTACGCCCGTGGAAAGCTGGCGAACACAATTCGTAACCTACTTACAAAAGGGAGTTCAAACTGTATATGTAAGCATAATTACTGCCCCGCCCGGAGGGTTAAGAAGCAAACCAAGCGTAGAAGTTCTATTACGACGTCATCGACGTCTCTTAATCGGAGACAGGTGAGGTGTTTTCGTCTTGGCCACCAGAACCTTGGTTTATCGAATAAGTTTACCAGCGTTTAAACGGCTTTCCGAGATCCTGCGCAACGTGAGACCCAAGGAGTGCAAATCACTGCGCCCCTGGAAGTGATTTCTACGAACGTCAACTCTCACGACTAATGATATTTCAACCTCCTAGCTACGGTAACCTCCGAGGGTGCTAAAGGCAAAGAGGCTTCCGCTCAAGCTGCTGATTGCGAACTTCCTTGTTGCTTCAGACGCTTGCTTGTACAGGCACATGGAAAAGCATAGGGATATCGGCTGGGCAGCATACAGGACTTATGATAGAACGGCGCGATGCCTAGGTAGCGCGACCAGCACGCCAGGAAATATACGGTGTGGGAATGCGCTCGCTCCATGCATCAGGGTCTGCAACACCTACTTAGCGATATGACTCATCTAACGGAGGAGGGTATTAGTGACTTAACCAACACCATGAATTCTTGATCGCCAAACGAAAGTTAATACCGCGTATTGTATTTAAGCACCCGTTCCACGGAAGGCGCTATCCAGTTCATGTTCAGGAGGTGAGAGAAAACTGGGCACGTAACTAGATGCTCAAGCATTCAAGGAGAGCGGAGTCGCCAAAGAATCGTACGTGCAAACGCCAAAGT,1091,49.5,Caenorhabditis elegans
SEQ_736775,ACTAGGTCGAGACTGGACAGGGACTTGTCTACTGTTACCCCAGAATCTACCTCGAGCGACAGCTTAGCGCCCCGCCCTAGATCTGCAAGAGTCGCCCTTTTTGGAGTATAGCTTACGTTTTGTAACGTTGACGCCAAAACTGATCATACGCTTTCCGGAAGTAGACAATACATTACTTTAGACCCGTCTAGTTCGCTTGCGGAAGGAATCAACATAACTGGACTAGTAGTGCTGAGGGTGTCTGCTACATGATGGGCGAAGAAACGGGGACACGAGTCGTTTAAAAGAGTTATGCATCATATAGGGAAGTAGGTCACTGACTAGCTGGATTACACAGAATAGCAATTAGCAACAATTCAGTATGCTTCAATGCTTGTAATATTGTTCACTCGTGACTATAATAAAGTCGCGGAGGTAGCCGGACTGATGAAAATTTCCCTAGACGCTGCTCTACACGGACGCCCCGGATACCTTAGGGGGGTTACATGGACTATAGTACTCGGTCGAGCTTACCACAGAGAGCATCTGAGTGCGAATTACCCTGATGACCCTTTCCTACCAACAGTATGATTACCGATAGTGTGGGTCATTCCGGTAGACCAGGACGTTGAGGCCGTCGGAAGGGAACATAACATATAAGATTGGATTACGTACGACTGTCTAGCGGGAGTCCCTCTCCACGAGATTTATAACCTACTGTGGTAAGCCACACCCGTGTGAAAGATGAAACACTTGGGTAACACGGCATATGGGAGTTAAGTAGGGTAGTGCTTTACATCGGGACGCCAAGATCGCTCACTGAGCCATGGCAGCGACAAAGTTTGTCGGAACAAGTAGCCAGAATCGCCGACGCCCGGTTCCTTGATGATAAATGGTACAATGAAATTCCTACTTTACCATAATGAGATTAGTCAGCAACTCAATAGTGGCGCACCCGGCTAATGTTCGGTCGGAAAGAAGCACCCGATCGCCGATTACCACGTCCGGCTAGTGCTACACCGCTTTATTGACAGCCAGCAGTGGTGCCCGTAAACGTATGTCACCTAACGCCTCGAACGTTCCATACAAGAGGTAGTCTGCGATCCTAACACTGTCAACATAAGAAAATCTAGGCAGCTGAAATGGACCCATTTTTCTTCTGGCGCCGAGTCGAAGCGGGAGTATTAAGCGTTTAAGCACGTACGGTCCGACAGGTGCCCCTCTCTGTATACCCCGTTCCCGTCACAGGGCTTGAACGGTGGGCGCTGTTAAAACACAAAGACAAGCGCTAGACACAATCAACGGCAGTAGTTGTCCATCCCATGCACCAGTGAGCTTACACGTATTATGACCGAAATCGAGAGTGTCACGTTACGCTTCATAAGGCACAGAAGCATCAGCCCGTGGAATTGGACGTCTTAACGTCATCGGAAGTGCTCAAGCAGGTACTCAACCGGAGTTATTAGCCCGAGTCGATTGCCTCACTGTGCTATGCTAGCTAACCGATCTCTAAGGTTGTTTCATTGACCCCCTCCAAGGAGCGTAAAATAGACAGACTCTCACGCATATAATGCGCATTAACGGTTTGGACCGCAATTCCAACTCAATCGTGGGTAAGCAGATCGTTGGCTCCGGAGTGAGCCTTTGGAGGACAGGGGAGGAATCTTGGACTAAACGGCGACTGCGCGGTAACACGATAATTCAGTTGTAGCGGTGATCTCGCTACCAAATTTGGTTTTTCCG,1722,48.95,Escherichia coli
SEQ_145874,GGCATGACCTAAAACCAATCCGTTTAGTCAATTAAGCTTATACACTAGACAATTTATGGACGAAAGGAGAAGTCCGGACCCGCGCTCCCTGATGTTGGCAACATTGCGTGCCGACTCCAACCGCGCCGGACTCCCGTAAGTCCTGTACATAGCAGACAACCAGCCTCACACCGATATTACAAACTTAACGTCTGGGTATCCGCGTTATGACGGGGGTTTTTGCAAAAACTACGCAGATGACCTCCAAGGTTTGCTCGGTATGGCAAAGCCCCGCAAATCGTGGTTAAGCCGGTCGCTTGACTGGCGCCGTCGGCACTCAGCTAACTCTTTTGTGCTACTTAGTTGTCACTTTAGGACGAGGCGGTGCAAAAAATCGTATCTCCTACCATGCTATGGCGATCCTACGGGCTGGTATGG,417,51.08,Homo sapiens
SEQ_953840,TAGCATGCGGATAATCGTAACTTATCTAACTCGCCGTTGTGCGGACCGATGTGCATCAACGAGCTCAATATTTTTCCGCTCGCGGGCCCCGTTGGTACCGGGTGAGTGACACTTGATGAGTTGGCCTTAGAGCCAGCCTAAGGGATAGTAGCCGCTATCTCGTATGATTAACTGCTCGGAGTGAGCCAGCCTGACGCTGAATTTATACATTCATGAACGTCGCCTGTGTTCTCGGATTTAGTCTAATTAGGTGGGTTTTTAAATGTTAGGGTACTGTCTACTAACATTTGGAGATCAGGATCTAAATGCATGTAAATATACCTAGATCAGTACATGCTCATGGTAGCTTTGTGCAATTGCAGGTATGTAATTGGGCTAATATTCGTTTCAAAGGCCATAGTACATCGGAACGCACCAGATTTTGTACGCTTTTACTTACCCAAACAAAATAGAATATTAAGTTCTCCACAGTCTCCGGCTGTTGAGAACAAGATCTCTCCACCGCTCGAACGGTCGCGTTATAGTTCATACCAACCGAAGGATGGAGTGCTGGCCCCGGGA,561,45.81,Caenorhabditis elegans
SEQ_779184,ATGTCTTCTACCGAAATTGGGGAAGAGCAGATAGCGGCCAGTTAAGCCGTTCCGGGCGGCTCGATGAGCCACGGACTATGATTACACTACGATGGGTATATAGTACCTCCGTACCTACATGACGCTACAGACGTGCCCAGCAGGGCAGTCGCCCCAGACTATGGTGTTTTCATTTGGACATTATTGCATAATTTGCGTTCACAGAGAGTCGCGCGCACGTCTCAAGCGCTATTACACAGTCCTGGCGCTTGAACCTAAAGACCTCAACCTACTGACTGACGAGAGCACTCTATTCAAAACTCATTATAGTCAAAAGAATCAAAGCAGGCCCGGAGCAATTGTGCGCCTGCATTTGGAGCTATTACAGCTTCCTGGCAAGTAAGGATCTTATGACTAAACAAAAATCTTTCTGGAAGAACTAATCACAGCTAGATTTCGGCCGCAGTTACTTAGGAGTTGTGGTACCAAGTTAGAAGTCAAAGAGGTGGGGTGGAAGCTTGTATAGATTCAATGAGCGCCTGAGATGCACTCTGAGGGGGCGATGTCCCCGGTTGATCAAATGGCTTTAAATGGTAGCTGCTGCATACCGTAGAAGATTGGTCTATGGGCAGGCAAGTAATATAGTAGTACGCTGTCACTGACGCTAGGCAGGGAGTTTAGAGCTCTTGGTCTGCGCAACGAGGAGGGACATTGGAACGAGACCCTCCTTGGGTCAGAAAGCTCACATTTACGTCGTGGC,739,48.85,Mus musculus
SEQ_590739,CCGGATAATCTGATGTTCTGGAAGCAGTCTATTTGATCCTGACCGGCCGCAATGTGTTTTAGTCCGACGAAGATACACCGCCGTCCCATAGTCTACATGGTCACAACGGCCCCCTCCTGGGGCCTGCCCCCACAAAGTGAGTGGCCACTGAATGGTGCATGAATGTTAGGACAATTCGACCTTGGGACAATATCCCTCCCTAAAACAAGCAGGACTACCTGCTATTTGGAGCTTTGCAATAGTGATACATCGGGGAGAGACTATCAGGTACGTGATGACAAGGGATCGGGGCTCCGACCTCATCGAGACGGTAAACAACGGGAGGTGACGTCTTGAGATTTAAGATGACATTAGCTGTGCTAGTACAGCCTGTGTGCAAAGACCCGCTTGAACCCCTCCGAAAAATAAGGGATCATCTCAGGGTGTTCAATGCTTTGCGGGGTCAAAACCGTACAATCCTTCGGCGTATCCGTAACGTGACCGGGGGTGGTCAATATCAAAGGGACCAATCCGGCAGCTCGGGCAGCAATAGTGAGGGATAGATCAAAACTTGTATAAGCAAAAGCTTAGGAATCAGGACTGAACGTCAGTGAAAAGCGGCTGCATTATTCGAGCTTTAAAGCACAAGAAGATATTAGCACGCGTACGTGCCTCAGTAATAGGTTTCCGCCTGCCAACCAAAAACGCGACTCAAGGTTCTTCCCCAGATGCATTTGAAGGTGTTAAGTGGAACCCACGATCCCTCTCGAGTGGACGGGGAATGACTGGGTGTACTGTCTTGTTGGATATACGACTATATGGCCATCCTTAGTTATTATTATTAGCACATTGATAGTGGGACAACGAGCCGCCCTGTCTCTCCATCATGCACACAGGGCAATGTGGCAGCGGTAGATAACTGGGGTAATTGGGTCCGCACCCCGGTACACGTACTCGCGAAATTTTTTAAACTGCACAACCCGGTATGCTGATTTAAAAGGGCCGGGGATGTATTTTTAATTCGCAAACAAGCTACAGTTCATCTTCCAATCGTGGTAACCCGCTCTGCAACAGTAGACAGCCCTGAGGTAGCCTGGCGTTCTAACATCTTTGTGCTCGTAATTGGGCTATCCGGTAGTACTCCAGCCGCTCAGCCACGGGTGTCTCTATCTTCATATGCGAGTAGGCAGCCCTGGCCGATATCCTTTTGGACTATTTTGGTTGGTGTATGCTGTTATATATGTACGCTTGCTAATAGCATCTCGTAAGTACACCACGCCCGGATGTTTGGTTATTATACGCGTGAGCCGTACATAAAGTTGGGTGTCCGATCGAACATAGTGATGCCGTCAGGATTATCTGAGTCACAAAAGGAGTTAAGCTAACCAAGATGCCCTTAGCGGACCCTCATTGAGTACTCCGCATTCATGGAACCAGAGCGAACCTTGGCCAGGCCGGAAAGAAATGAATCTTGGAGAGTCAAGACTAATCCCGTCTTATTATCATGAATGGCCCCTACTGTGCCCGTTAAGGATCGCAATATTGAAGAACGCATGATTATGGATGGGATGATACTCACATCGCACCCCGCCCGCTAAGCTCATGAGGCCATACGTCGACACGTAGTCAAACGCTAGCGAAGACGCCCTTCACTGGTTAGACCATAGCAGCTACAGGATTGCCAGATTGCATTCCTGTTCCCGCAGAAGGCGTGTGGTGATACCTTCAGTCCTATCCTGGGGGGTTCGGAGCTAACCCTTACAAAATGCGCGGCGTTATGCACTTGCGGTCATTTGCAATCTTGATTACCTCACTTTCTCCGCGATCGTTGTAGCCGCACAAACAGAAAGCCCATTAATATGGGCATACTTTTAGCAAGGTGGCTACCGGGTTTTGACCGCCAAGATAAACAGTTGGGATATACAAAAAGCTATAACGGGGTGGGCCTGCTCTTTGTTACAGTTACCGCTAAATAGCCACGAGAAGATGATGATTCTATCTCTGTGAGCTTCGCAAA,1996,49.0,Escherichia coli
SEQ_524279,CGGGAGGCTTGGGCGTTTCCTATCCTTTCCGATCATGCTCTATTGAGAAATTTAGCTGCACGTCTGTCCTGTCATTGTTACCTTATGTGGTTCATTGAAGACATGTACCCCCGAGCAGAGCTTTGCATCGCAGATAGACTCGTGAACTGCCACCGCTTCCTAAAACGCTAGAGTTAATCGCCTGCGTTGTACTCTTCACGTTGAGAGCGGAGGCGTCTATATACATCATCATTCGGAGCGTCTTCTCGAGGAGCGCCAGTCGGCGCCGTCAACAAGTTTCAATGATTTGCCATAAAATAAGTCTTAAGACTACCCGGTGAAGTCCCGGCCCTGACCCCCAATCATAATGAGCCTACTACCAAGTGCTTAAGTTGCCCAGTACTTTCAAACACTCTTAAATTCTAACTTTCATAATTAGCTAGACCATACATTTCCTGCAATGATCAGCAGCAATTACTCGGTATGGTCGGCCATGAGGTCGTCGAACCAGGACATACAGGAGGGGTTGAGCGACATTACATCGCTGATAAGTCGTGGCGGTTGGTCGACTCCATAAAACCATTGAGAGCCTCTAGAAATTTCATGTTTGCACTCGCCACAGAGACAAGGTGCAGTTCCATCTACGATGGCTCTGTATTAAATCCAGGAAATAAGTGGGTAGGCGGGATACGGGGAAGAGGTTACGCTCAATCGGCTTGTCCGTGTTGGCTAGCCATTAGCTTTGGGACTGAGTTTCGCTATCGGAACAGTGCAGTGAGACCAACGCATATGAGGCCTACGACTCAACGATTAATAGTGGTTTTACGCCTGCGGTACGGGGACAGCGTCCGGCTTCATTACCTGAGGTAATGGCGGTACACTTGTGTCACTGGGCAACAGCACGGGAATGTAGATACCCACACCCAATCATGACGCTCCATAGATCGGGTGTAGAGGAAAGACTCAAATGGCTGTGGTTCTGACGCTAAGTTGCGGGGACCCGACAACCCGGTTCGAGTGGAAGCCTGCGCATCCGCTTAGTTAGCATGTGCCTAGGATTCATCTCTGGATTACAGTTCGACTGGGGGCGCTGCTTTGAAGAGGTCCCACCCAATCAAAAAGCGGGGGTGGTCTACCCTGCGACTTCCGTCTAATGCCCCCTGATTCTCACATCACGTACGTTAATCCGTTCCTACCAAACTGGATATATTAAAAATCATTAAAACGGCCCACAAGGTATGCCCAACTGCAAGATTGCCCCCCGGCCTTTGTGTAGTCTGTGTTGAGATCGCACAGTCGCCGATCCCTTGCTTCACTCTATCGTGCAGCCATTCAGCCTAATCGCGTCGAGCATAGCGTTGCAGCCATTATGCGAGTGGGTTGATGCCCTCGTGCGACCGCGCAGTAGCCCTCTCACGTTCCCAAGTAACTTGGGCACGGCCTGTCAGTGTTACCAACATACGGAAGTCTTTTACTCTATACGGAGTATAAGAGGAAATCATATGATGAAGGGCAGCGAGGTCGGGTTGGCTCAAACGCGTTCAATAATAGAGAGGGGTTGGTCGC,1545,50.36,Saccharomyces cerevisiae
SEQ_807023,TACCGTCGAACTGATTGTTATCTGCCTCGCGTACGTTTCTTTGTTTATGAGGAGGTGGCATCATAGGACCAACCCAATGTCCGATCCCGCATGGTCATCTCGGAGCTTTCGCTTTTAGCAATCGGTTTCAGAGATTCGACGTACTTCGACATCAAGTTAGTTGCCCCGCACGCTGTTGGCTGGCAGCGGAAGTTACCCCCTTTCCCCGAAACATCCGCTAGCGACCCCGCCCAGGGATTGTCCTGGAATCTTAATAGGAGCCGGTGTCGGTTGTGGAAAGAGATACTACCATTTGACCCCCTCCGCCCAAAGATCACGCGTAACCGCTTTTGATGGTCTTGGCGATAGCTGCCGCCGCGCATATTAGTTTACAGAAAGAAAGGGGAGAACTCAATTGACCCGGAAGGTACCACTGCGTGCCGGGCTGGTGTCGGGTAGCAAGGAAACATTCTGGTCCTGTGTACGTCCGTGATCTATTAAATTTATTGCAATAAACAAGTGCTTACACAAAGATTACGAGCTAGCACGGTGTACGTAATAAATGAACTGTCGTAAATGCATCATCGCCACGCAGCGCTATATAGCTCATTCGCCGGATACCATCATACATATCTTCATAGAGCTATTACGAAGCACTCGTCGGAATGACCCATTGTCCTCACATTACACCGCTTTCTCAAGGCCTTACGCTGGGCAACCGACTGTGGGGCTCGATCACGAAACTTCCTACAACCCCCTATGTCATGAACGAGTATTACTTCCGTCCACCCCGCGCAGCTATGATCGCGGATGGACGGGGGCTTCAATAAATGCGCTCTCTAACCGTACGTCCGGCCTTTACAAATTATACACCCACGAGGAGAGGTGACTCGGGGACGTAGATCTGTAGCCCAGATAACCATTCGGTAACCGTAGATTATCTTATATTTTATGATGGATCGGATTGGCTGTAGCTGCCGCACCACATGATCATGAGTCGCCATCAGTGATGGGTGAGCTTGCGGGAGTCGTCCAAAAACGGGGTACCCAGCGCTCCTTGGTCTAGGAAACAAGCCGCTCTGGATCGCTCGGACACGCCATTACGGATATACACGGATTAGTGGGATGGCATCATAACAAGAACACGGACCGCCAGTTAAAAGAGCGCCTTTACCTACCTTTCGTC,1165,50.73,Caenorhabditis elegans
SEQ_695125,GGAGGACCCCTCAACCTATCTCACGAATTTCCTCGTCGTAGAGAAATGATGCGGGAGGCATTTAGACTGCTCGCCTGAGAGGATACCCTGTCGGAGCAATCAACAAGAATGAGCCCCTCTGAAGGGGGATCGGGGTGTTAGACAAACACAGGTAAAACCCAAGTAGCACAAGAGCGCGAGCAGGAAATATGGGAGTAAAAGGGACAATTCCGCGCACAGCCCGACATGGCTCTCTCGTACGTCAATGGGCGTCAAGGAGTCCTCTAAATATCTTTTGCAGCTATAAACATCTTAGCAGACCGACTTACGATTAGTGCGTCACTCTCTAGTCGTAAAATTGCTTTGCAAGCGCAAAGGCGCACAATGCCACAGGTCTCTTAGGGTTGCAATAACTGCGTTTGTGCGTTGCATACGGTCATGGGACGAACAGGGGGCGCTGACTGAATCCATGGCGCATCTAAAACGCTAGCCGGCTGGGATTTGTACCCATGTATTAGGAGCTCGGATACACGATTAGAACACACCCAATTCACCACCCAGGTTAATCGGGACTTCAGCGGCCGTTAACAGACTCCTCTCCTCAGGGACGTCTCTGCCGGATGTCCCTCCTCGATCACTTTACGATTCACCGCACCGGCATCCAGGATATCTGGTCGCCTCTCCATAGTGTTACACGGATGATCGGAGATCTCAGGTACGTCGTAAAATGTTCCTCGAATCCTACAGTTTTCCCAAGCCGCGTCACGCCAGTGGGGACGAGAGCACGGCCGACAGCTAACTTGCCAATTTCGCTTTCACGGGTTCGGCCACCTCAGCGTTTATCACGGTGCAGGTCCACACGCTGTACGTTCTGCGTTTTAGTGCATTTCAAGGCCTCTTATCCGACCCTAGAGCGGTCCTCGTGTTAGAGCTGGCATTTAGGTTATGCGAAGTGATGTTACTGTTGACTCCTGCATCTTGAGTGGTTAGCCAGGGACTAGCCCTAAGCGAACGCAACCCTTTCCGTGTTTATGACGATCGAGGGCATCTTAAGCTGCTTTGTTCCGTTGCACTGTTTTGCAGCATGCTATTGTGGCTAGAGCAGGACAGCACCCGATAGACAGAGCCAACGCTGGAATAAATATTCCGTGAAGATCGGAAGCGGTTCCATTAAGCCCTCTGCCGCT,1166,51.89,Homo sapiens
SEQ_345211,ACTTTACGCTACAACAACTCAGGACTATGCCCGAGGCGGAGGCGTCACGTTGGCTATTACTGAGGTCAAGTGCGTATTGGACGAGCGAGCGCCCCTGGAGACGTCCTCTTACGGCGCCACAAGAACCAACCTAAGGTCCAACCAACCATGCAGAGCAAGATGCTTCCTGACCCTGTCGCAAGGACGTTGCAGTATGTATGAGATAGAAGCGTCGTTACATCCCTTTCCAATAAAAAAGTTACGTTACTCCATTAGTGGGAGCAACTGTAACCTCGGAGTATCTTGAACCACGAGATCATGATTGAATCGGATGATGGGTATTCCCTCTACCCGCTTTCCCTTTTAACCCTTGACATGTCCGTAATTCTCGCCGCTCTGCATGCTAAGTTCTGCAACAGTCCTACGCGCGTAGCAGTCTGGGCACTTTTTCTATACGATCGCCTAGGCTGTACTGCGCATCTATGCCTCTGGTAGAACCCTGTCCGCAGCACGAGCTACGGAATGTCAGAGGAGGCCTCCTGCCGGTAATCTATGGCATAG,540,51.48,Arabidopsis thaliana
SEQ_128404,GCTTCGGGCTGATATTTCGGAGACAGCAGCAAGTATCACAGCCAGCTTCATCGACATGGAAGTCTAGACCTGCGGCGCAGTTGTAAAGAGGCGTAATATACATAGAACTCAACGTACGTGTAATATTTAGGGCATCGGTCTTCGACTACGGAATCATAGTTCCCCGGGGCTTCGTCATTCTTCACAGACCGTATCAGGATATGCCTTTCTACCGCCTATCTAGAGAGGGGTCGGGTAGTGGTACCCTAAATTCGACCAGCCCGGTATGTGGCGAGGTTAACGAGTTATATTACTTCGCCGGGACCACTTAAGACCGGCAGTTCAGGACACTTTCTACTGGCGGGTCGGCCGTCACACACTTCGTCGCAGTAGAGCGACGAAGTTGTGGACTCACCCATAAGGAAAAGAGACAGCAGGTGCAGTACTCGATTCACATCCCCCAAGTGCCCGTACCGGTGTAATCTATGGAGCCGAAAACCAGTGTGCGCATGTTGAAGTCAACGGTTGACATAGGAATAAGCACTAACACCTGGTCTCACAACTGCAATCGAATCTTCCTGGTCTCGGGATGCAAAGCTCTTGGCTGACCCCCAACTCAACACTAGTCAATTTGGAAGGCCGCTCTATGAAAACGCTTATACAGGTCAGGGAAAACCGCTGTCAGGGTGTGAGAAGAGGCAGATCCACCTGCTTTTATCCATCCAATATTCCGGCTACCCGAGCGCGAATAGAATACGAGAGCTGTGCGTGGAACCGGAAGCGAAGTTAGACGCCCCAATCGGGATTCTCGGCAGATGTCGTCTGCGTATTTAGGGCATTTACGCTCTATTTTCGTAGGGAAGATGGGGCCCCCGATGTACGGGACGGTGTTGTCACTGAGTAAGGTGATATAGGTCTCAAATCACCGTCTAAAGGTCGATAAAAAGCTATACGAGATCTAATGGTCTTGCTCTGCATAGTAGGGGGAGCGTGTCAGGGCTTCGAGGCCTTAATCCCTAATGCTTCCTGATGACCGTTAAACGTCCACGCTTGCTACCTACTTCAGATAATACAAGGGACTTTGTCCCGATTATCTCTGTTCAATATGACATCGGGCGGAGGATAGACTAACAAGGTTTTGATCATAGGGAGACTCTGGTTCTCTCCGGTGCCCAAGGCTCCCGTTGGGAAGAACACTCAGAGGCAAATTGGGCAGCACGAGCAGGGCTGGAAGCGGGTGAGCGTATCTGACATTGTTCGTTAGACAATATTTACATCTAGTAATTGATTTGAAAGGGACAACTTAGCCGGGGTCGTGCGAAATCATCATAGGTAGACGCCTTACAGAACGGACGTGCCGAAGTTTTCGCCTACCCATCTAGCAGTCAACTCCTCCAGGGCTTCCACAATCTATTTATGCGTCGAGTTGCAGGGCCCAACCAGCACCATTTGTCTTAGCTTTATTGACACCAAGGGTAAACTTGACGGGGCGAAAAAGGCACTAATACGGAAGACGGTAAATGCTGAAAATGTAAGGCTGGTAAAGTGCGCTATTTTTGCAAATAGCAACTTATGTGCAAAACCGAGATAATGCCTAATACGTTACACGGCCAAAGAGACGCGAAGTAAAACCAGATTTGTCGACGAGAGGGAAGCACATCGCTGGGCGAGCTAACTACTATCATGGATTACGCGCCAACTGAC,1683,49.49,Mus musculus
SEQ_149019,ACACCGCTTCACCGAGTCGTCCTCCACTCAGACTCCTTGGCTCGCAGAGGGTGTGTACATGCTGCGTGTAAAAAGTGGCATTTGACGACAAGTACCCCGTGCAATAGGATTCGAATTGTTCTTCGAGGATTGTTCTTCGGGGCCCCCCTCTCAGCGGGACCTACCAGCAGAGAGAACTTTCAACCACAAGTTAGCGCGGCGAAGCGTGTGACTTAATTGCTTTGGGCC,228,53.95,Homo sapiens
SEQ_522835,TAAGGCGGACCAGGACCGCTTAGCACGACATGGGTGTGTCAATTGGACTCGGATATTGCACCTCGTGAGACTGAGTCTAATGAGTTTTTAATGTCGTCGCTGTATGACCGGAAGTTGGGACCGCTTCTCGGTAACCACCCAAAAGATCAGTTTTCCAGATGTCTCGTGCTAGTAAGTGCCCGGCGGCGACCGTATACATTGTTTTGCATGGACCTGGCATCACGCACTGACGCGTGTCATAGCGTCATACTGGCTTGAAAGAGTCCCCAACCACAAGACCCTTGGAAACGTGTCACTACGAAGAAAGCAGACGTAGCATTCCCGCGACCGTCTCGCTTCGTCTGCATGCACACCGTTATTCGCTTCCCGGAAGTTGCCAATGAAAAAGTTAGATATCATGAAGTTGCACTCAATATCCCAAATCTAG,427,50.12,Saccharomyces cerevisiae
SEQ_572325,GCTCTTTACCCCTGTATTCTCAAGAATGCAATGTACCGATTCGCTCACCCCAACCACAGGGTGAAATTGCTGCGATCGTCTTCTCATGAGCACCTATGTCGGGTATCCAATAGTGAGTTAACCCCCCGGACTGATTCCGGTCTTCCCGATCGTTTATTACGTGAACTTTTCCCCAGGATGCCATACACGCCGCATGCTGCTTTAAGGTTCTGTGTGATTATCAGGAATTGATTCGGCGTTGGCTTCTGTTGAACTATAGTTCATTACTGAGGGTCATCAACTTTCATTAAAGACGGGGTACGGCTTGATAGGATGCGCTTGGCACAAGACTCTGTCACGTCACTTGTATAAGTTAACGCCACCTCAGGCTACTTTCCCCGGCGACCGACAAAAAGCTACAGTAAAGATACCAGTTTTCTCCGCAAGCAGTCTGACCTAAAATAGGGCCAGCAGCATGTTCTAACGGTGAGTTATGTCTTATTTAAATTTTTGCCCACACCCTGCTTCTCAGCAAAGGGGTCAGCCCACCAGCATTTGTCATTTGATGTAGTGTTCCTTCCCAAAAAGCACCTACGAGTATCCCCGGTACTCAGAGAAGCCCTAAGTGTGATTTATGATGTATTATCAAACGTAGTCTAGTGGCACCTTAGAATAAGCCACAGTGTTGGGTAATCCTCCTCTCTGGGGCCAGTTCCCTCACGAGATCTACGTGAATCCCCCATTACTTAGGCTCCGGTAACCGTGTCCCTTTATGCTACCCGGGTGAGAAATTGCGCTGTGGTAAAAGCGAGATTCGCGCAGCCGTGGGGGTCATTGTGCTAGAGATCTTTACTACCAGATAAGTAGAACGTTGTATCCCGCCCGATGGCGACTACGGTTTGGCGTAAAACCGCAGCCCACATTGGTGCGAAGCGCCACAAGTGATCTAAATGCTAGGTTGTAATGCCCAACAATCTAACTCGGGTATGGCTGCGGCCGTAAGAGTAACGAGACCACAATCAGGGCATCCAATGTATTTAAATAACTTGTGTGATTGCGCGTATGGAATTGCTGATGCGTGGGTCAAGGGTCGGGTAAGAAGTGATCAAGTAATATAACCGACCACTGCGCAGGAGCCTCATGTGAGCGCTCATAATTTGCTCAGAAATGTAGAGGAATGCCAAGCGCGCGTCAACGCTGTCGGGTAAGGCGCCGGTTTAAAAAGAAGGTCAAACTGCAGGGTAATACTTGTTAACTGCTCAGAGTGCGCCGTAGCGGTTCAACATCCGACTGGCCACCAGTTCTTCAGTAGTTATGGCATAGGACTTATACGTAATGGGTCGGAGGTGTGGCAACGCGGATTTAAGAAACAAGCGCTGATCAGCTCTAAATCGGATGTATGAACGCGCCTGTGGGCCATTCTTCAACGGGGCCGCGAACAGGCGGGTACTGTGCATACCTCGCCCTCTCCAATTGGTTCCCGAAGGCATAATGGGAGCTAACAAGTAGGAACGCGCTCGCGTAGGGTTAGAGCCCCCTCCAAGGTGCTCGTCGAGAGGTCCTCCACATGCCAATTAAAAAATTGTGACACTTCCGGTCCGCAGGGGTGCTAGGCCCTGGTCTTTGATGACCCGCAGCTAGATAGACACCTGAAGCCCAAGGCATGTGCATTGTCCCTGG,1659,50.03,Escherichia coli
SEQ_517059,TGCTCGAGGGAACCACACTGACATGGGATTGTATGTACCAGACCTATGAAGTCTTAACTAGTCTCGTTGAATCTACCGGCTACTCGGCTCTGAGCATCCAACGCCTTTGTGTGTGCACGGGCCAGCCAAAAACAGTCTATTCGCTAGAGTCCCGGCAAACTAAACAGTTTGGCGTCATCTGGTCATCGTCATTCCAGTCAAAATGGGGGAGTGCCTTGCTGAGTTGTACCAATGCATGATACAGGGGCGGTAAAATAAGGAGGAGCAGCTGGCCTTACGGTCCACCCCGCTGTCGCGGGCAGTGCGCCACACACGTGATATTCCTGCGATGGTGGTGTCCCCGCCACCTGTGCACTCGAGAGGCCTCTAGGTGGTGGTTTCTTACGCGACCTCCTGCGATAGGATTTACTGCAGGATATCTACATATGAGAGTGGTATAGGGATCGAGGCGAAAGAGCCTAATGTGACTAGGGACTAAGGCGGGTGACCCCGTAGCTGCCTTTAGCTGCTTTTTATTCGCTAGTACCTCTAATGTCGTTCACGACGGACAGGCTGGTCCGGTAGGCAATAATAGCGGGACACACGGAACGATGAAAGCGTAGTTCGGATTGGCGATGCACTAGTTTTTGTCGCACGCTACAATGATAGACCCGCCTGGGTTCCATCCCTTACTAACTGCTGGAGCAACCTAGGTAGAGCGCGACTACGAGTTGCGTAAGGTTTAGCTGACACCAAGCAATTAAACCTTTTTGCGTTTTTTCGGGTCGGGAGAGCAGAGGCAAGTGGCAGTCGCGCTCTTTCGCATACCATGCTCCTGCTCCCCAAGATCTCCGCAGACAGTTCCCAT,847,52.77,Escherichia coli
SEQ_869232,GGTTCAACATGGCATCGGGATGGGCTTATAAGACAACCGCATGGGTCATGATTGTCACATATTCGGGCATCGCTGGCCATTCGCTCTAAGCGAAATCGTCAAGGGATAAGCGCATTCCCTAGCCGTGTATCCTAGAACGGCGAAAGCTAGATTTCAGGCGCTAGCGTACTCTAGGTATGCACGCCCCACGGAGGACGGGGCCGAGGCTTGGCCACGGTGAGCTATGTAGCGAGTCGTACTGTATATGCCGGGGGCACTAAAAGTTTATGTTCAGCAGCAACGCTATCAATTGCCACCGGGGCATCACTTCCTGTGGGTCCTATTTAGCGAGAACGAGGATACGCTGATACCGCTATCCGCTTCTCGGGACTAATGGAATACCGGCTATCTCTCGTCGTCTACTGTGTCATCGCTTAACTTTCAATGGCGCTATGAAGCGGAGTGCAGGGGTCCGAACCGGGACCCAACCGTTCTCTAAGCTCCACGGCCTTGTCCGCAAGCCACGGTGGTGTTTCCAGCCGAACCGGATATGCTCTGATCCGAACTAACGCATCTAATTTGCAGCGTTCGGAGCTGCCCGTACATATTATTCCAATCCCGCGGAGGACCAGTCATGTCCGGGCCACTTCCTACTTTCTGACTAACTTTCGGCCACGTATTTCATATTGTACGACCACAATTTGCCACAAAACTTTACTATACCCAGACGGGCGGGAACCGACCGACTGTAATTAGTGGTAAGTTATTTACGAATCATCGGCTACGTCACCCCGTTGTCGCGCTAAGTATGTTGCGAAGTCGATCACTATGGGGGGTACTACCTCTTTTTCTAATCAATCGAGATTTCAATTGACAGAGGAGCTGGTTGTCAATGAGGACTGAGTAAGGTCACCCTTAAGGGCGCTAAAAGACCCGGCGCTCTGGACGACAACAGCGCGTCGCCATGAAGGAGACATATCACGATGATGTCTTCTCCCGTCCGGAATGGACTATAACACGGAACCGTGGCGATTAAGCGATTCGGTGCGAGGGGAAATTCGGTAACAGCCGGCCCAGCGGGAAGGTTTGCACATTACGTGTTAAAATCTTGCG,1092,52.11,Drosophila melanogaster
SEQ_661824,CGCTAACGAGTTGCGCGTAGGCGCATTTCGATGCCCTACCCTAAGCCACACGGTCATGTGCTCTCGCCCAATCTACAGTCTTCATGGTTGCAACGATAACACATCGTGGCTCCGAGCGTTTCTAGTCCATTCACGATCCCAGTGTACTGCGCAGGCTTTGCTCCCCCGATTATCATCTTCTAGGCATGTGGGCCGCTTTTAGCCAGCTGGGGAATGAATAGTGTTGCACGCGCGTTGAGCTGCAGCTCAACTTATACCACCCTATTCCCGCCCTCGAACGTACTCGACTGACGCATACAACGGGAACAATTTTACGGTAGAGAATAGTGTCTTTCTCTAAGAAACCAAGATCTTTTCGTCGATAATTGTGATCC,374,50.8,Escherichia coli
SEQ_147394,CCTTCATGATTTATTCGAATACAGCGGTGCTGATAGTCGCAGGGTTCACCTTCTCTACGGTCCGACTCTAAATCTTGCGCGGGGCTTGCGAGAACGCTTGGGGCCCCTGAGACTTAATTAAAATCAGTCGCACAGAAACGTGGTAGTCTGCGTTGGGGTGTTCCGACACCGCGGTGTCACATTGATCCAACACCTCCCAGTACGCATCCTAATTTTCCGACAATTTTCAGTATGTACATTAGCGAGGTCTGAAGGA,256,50.0,Caenorhabditis elegans
SEQ_139523,GGGATTGGACTCATCAACTCCAAGTTTTTCTTGACACACTGGAACATGGAACCAATGCAGCTATGGTCAAGCCAGTGACCGGCTTCATGAGCATTGTAAGTCGCCATCTGATAACTCGTAGGATCGTTTGCCGATGGAGAATGTGGTATGTCCCGACCCGGCACTGATCACCGCCCCAGGCGGATCCGTACTTGTGCACTCAATCTCTAAGGCGTCTTAGAAAGAATATAACGTCAAGATGGTACTATTTCATCCTAATGCTTCCTGGGATAGACCTGGCTCTTTGTGAGATGCGACGCCCATATGCTGGTGTCACCTTCGTTACCAGTTCAATGTCCTACATCTATCTGGTAACGGATTGCAGACAGGGCACAACCCCTAATAGCACATGCGCGCATTCGAATCTCTCCTGCGTATTACTCGACTCCGTAACTCCAAGGGATAGGAGCCAGAACTCTAAAGGATCATGTTTAATCTCTGGGCCTGCCCAGCACAGAAGGGTCTACGGATGGTTGATGGTTAGGACGGTAATCTTCGAGTCGAATGCATTGACCTCCGTATGCACATAGGTGCTTGACCCGTATCATTCGTGTCATGCAGAGCCCGATTAGTTTCATCCTTTCCGCTGACACCTCACCTGTACGTTGCAGTCACACCTGACGTTTCTCCCTGATTTTCCCACAATTCACTTGAAACC,697,49.21,Escherichia coli
SEQ_599457,TGACCGCACCGTAGGAATAAAATAAGATGACACAGTTAAGTTCCATCTTTGAGACCCACACGCCGTCAAAAAGGAACGTTTCGTAACCCGAGCTGATAGCCAGATCCAAAGGACATCTGCTTGAAAGATTGAGATTTACAGACTGGACGCCTGGTCTCTCTTGCCTCTAGCATAGTTCAGTCCCTAACCGGGCATTCACAGGAGCTTAGTCATTCTTAGTGGCATCAGGCCTACTACAATGAAACTGCAATCAGGGGTAGTTAAAGAGAAGACCTGCCATGCCTGTACAATTATCAGAGTGGCTGTACCCATGGGCAAATTCTGTGTCTGGGTTGACCGAGCCGACCAACAACAAGCTTGCGTCTAGCCCATCAATGCCGCCACAATCTAATACCATGTATTGGAAGTCTTACTACTCTGCTTATGCTATAATCGGGGCAGTCATATAATGAGGGGCGTTCAATTAATCTCTACGGATTAGCAGCTGAGCGTCCGTGCAGGTCAAACATTAGCTACGAGATCGACTGAGTATAAATAAACTAAGTGCTTTCATGCTACGGAAAGACGCGTCCGAAATGAGCCTACACCGCCGCCCGTACCAGAGTGCTATCCAGAAGCCGGGTAAAGAGAATAGACTTCATTACTGTCCGAGGAGCAGAACCACACTAGCTTGCACCTTATATGAGCATGTATGGGGCCACCTACTGCACGACTGGATCGATAAAAGTAGACTGTAAGTCAGCCATATGCCATGAGTTCATGGATGTATGATATACCAAGGACCTCTGTCGAAGTAACCTCCCCCTCTAGAAGTCGACACAATAACATTGTGGATCT,837,46.95,Arabidopsis thaliana
SEQ_241873,CGCGGGAAATAGAGAGACAACAGTGGGGCTCATGCCCTGGTGCCAAATTGTCCGTCTTCCTTCGGCTCTTACCGTAAAGGCGAGTGTTGTTTCGTAGCTACTGTCGAGCTGGGTTCATAACATATTAGGGAAGGCCATTCATCACAACACAGTGCGGAGGAGCCCGCCCCCTCCTGGCCAGCTCAAGGCGGATAGGGGTAACCACACTGAAGAACGTTGACCGACCTACTTACGAGACATTCTATCTATTCACATGAGGGGTAGATGGGCTCTGCAGTATAATTTCCAAGCCAAGAAATCTTTTTATACGCGTGATCGTACGCTCGGTGTCACCTAAGGTGCCAGAGGCTGTCAAGACCACATTGTTATAGCCTCTTGGCGAATCCGCATGTATTAGTTCGCATTACTGCAGATCAAGTGCATTGGGGGGATGCCTTGCCTAGTGAGGTCCATGCTGCGTTTGATCCACACGACACGTAGCATCGTGGTTCGTTGAAAGGCTCGTAAGGGATTTCTAGGCTTTTCCCGACCAAATCTAACATGTAAGGCTCCATCACAAGGGTCTGCTATGGAGCGCCCTTATGAATAGAATCTCGCCCAAGAAATACGGCTTCCAAAGGGTTGCCCATATACTAATCCTAGGTGTAGTGGGTAAGGCATAGCAATTCCTAAAAAACCGAGAGGTGAGTGCCCTTGGTTTAGGGAAGACGGCTATCATGGCTGATTGCAATGTATACGCTTCACACATTTTCCATAAGAGCTGGCTACATGTTCAAGTATGATTAAGTGGGTTTTAGCTGGCGCCGGCCTCTATTCATTCCGGGACTTACTTCGGCGACTATTCATTGAGCTGCAGACGTGCGTATGTGTTTCAACTGGATGACTTAGCGGGGTTTGAAACCACTCAAGGGTCGGTCTTGCATACTGGAGGAAACCGAGGCGTCGAGGTGACCATTACGCTGATACACGAAGCGGTATGGTAGTAGGCAGTACCCTCATCCGAGTAAAAGGACTTGGTCAGCCGACGGCCACTGATGAGCATGCGTTAATGAAAGTAAGGGACTGCTAATTAGCACTATCAACTGCCATGACGGCCGCGATTCCTGGCAACCGTTGCAGCTTCGGGTGCAGCTCAGCGGGCTTCGCGCTGCGCGTGTAAGAGACAGGGCCCCGCGTTAGATGCATGGGCGTACCGTCACCGCAATCGGCAGCTTTTACTTTCAGCCAGGTACGGCTTTGGGCTTTTGAAATGTGCTCCCCTTTCCGCTGCCGATCTGACGGGATTAGCGTTTCGGACCCCAGTGTATCTCCTTTGAGAGAAAGAACGTGACGTGGAGCCCTTTGATTGTGTTAGGCTTGTAATAACCACCAGAAGTTATGCCCGAGTGTACGCATACGAGTCTAGGATTCCGATGGTTCTTAAAAGTTACGCCTGTTGTGTGCTTATCGCTGACGGGGTACCTGTGTGCCCACCGCTTACCAACTAGAGCAGTCTAGATTTCCCCCCGAACGATCACAACGAATGTATTGCCTAAGAAAGAGGA,1544,50.78,Escherichia coli
SEQ_272695,TTTGAATGTCACTGTCATCAAGGATTCTATTGTCAAAGACGGGTTACAGGATATTTTACGGAGCCGGAAATCGTCCTAGTAGCAGTAGAAGGTTATGAGTGGAAAATCTATAGTGGGAATAGGAACGTGCCAGGAACAGCCACGGAGTCGGAGATCATTCCCCACGAACCAATTAATAGTACCAGCAAGTAGTACCACGTTCAATTTGAACGGTAGACAATGAAACGCACCCAATAAGGCCCTACTTTTACGAATAATACTCCCAGGGTTTAATAGACTGTAGATGGAATGAATTCGACGGGGACCCCGATCCAAACTAAGAGTCTTTATTCACGCTTTTATCAACATGGGTCCACGACATCCTGGGGCCATAAGAGGACGCCACTTCCGATTATGATGTGACGAAAGTCAAGAAAGGTAAAAAAAACCTCACTGTTGCAGAGCGCCAGAGGGCGCACCCCATTATAGTATTACCCGATAGTATAACGCTATGAAAGAACTCTGGGCGCGATAGCCCGGGCCAAACCGCGCGTGCGACGAGGGCTTATCTGACTTACGTTAGGTGCCCGAAGTAGACCGGTCGTCGCGACCTTACGAACTGTTGGCATTCTACATATTGATGGATACCCACTGTCACCAAATTTATTGCAAGCAACTTATTCTCGGCGCCGGTAGTACAGTGACTCCTGAGACATAACTCGCGGTTAGCATGACTCCGAATGGGTGGAAGTAATGCCAGCGAGCACGCACATTGCCCATTGAGGGTATAGGCATTTATAGGGGCATCGTCATACAAATATTTCCAAAGGTTTCATCGCATCGACCCGGTGGCAAGACAGCTGCTACCCTTCGTGTTATAAGTACCAAAAGTTCCGGGGAGCAAAAATTCTGAGTCTGTGAATTGCCCCGGCGGTCCGGCGAACCTCTCTGTCCCAAGCAGAAGTTCTATTTGCAGATTGATTAGCTTATACCGTATTCCGATCCTCACCGTCTACCTAGTGCTAGGTAGACCAACTAACGTATCGTGCGTGAGGCTTAGTGAGAGACGATGTTTTCTTTCCGGCGAATCTAGTACGCTTCCGATGGCGATCCCACCTTAAAGGTCAGGGAAAGATGAGTATTCAACATCTAAAAGTCACAGCCCGGTTGCTACATGTCAGATGACGTTTAGAGACCATAAGAGGAGCCCGGGACTCTAACGATGACTGGGTAACCGCAGGGTGTGCATGCAATCGTCAATACCGGCCGGTAGGCAAGCTCCTCCCTGCTG,1270,48.43,Drosophila melanogaster
SEQ_516417,ATTAGTTCAATCAGGCGTAGGTCCTGCGCCCAAAAGGTAATTAACTCGAGACGTAGCTAAGAGACCGAGGCTTCTATCGCATGATTCCAGATTGAGTGTCCGCCTACGGGTTTTAGCCTACCCAGTCCAACGTTATCTAGGTTAGAGCAATGAACATCGGGGAATTGAACGGCATCGGAGCACTCAACCACGTTCGGAAATTACCCGACAGCGAGACCGGCACCTTTAGGGAGTATACGTCTTCGAACATAGAAAACTCTATGGGATACTATTATAATTTCGACCACTTTTTCGGCTCAGGTTATTGCACCATATTAACTAGCGCGAGTTGTCCCGACTCCTCCTAAACCGGACAGGACTTGCGGAGGACTTCTACGGTAGGAGGATTATCTAACAACAAGAGATTATTTTCAGTACCGTCAAACCGTGTGGAGGGGATGTCTTTCTTGGTCTTTATGCGACCTAACCCTTCTATGGCGATTCTGGTGTAGATCTACTTTCTCCTGCCCATTTGACGTAAGCTAGTCCTGTCAGACTATTTAAGCGAGTGTTAACCTGGGCCAGTATAACTTGGAACAAGATGGCGTAAGGGACGTAGCCCCTCAGGAGGTGGTCCTATCGGGAACCCGCTGTGTACCGTTATGCTCCGTCTAGATAGTCCAGTGTTGATGAAGGATATGTATCACGCGCTTTGCGTGTCGATATCGAGGCTAACAAGACCTCATGTTCTATATACGTTGGAAAGGGACCGCCTTGATATGTGGGGACGGACGTATAAGACTATACATGTTGGAATAGATCAGGACGCAGGACGGCCCCCTTCTTATAAGCGCAGTATGGCAAGTGGTCAGCAAGCTATATTCCTGCAGTCCAGTACTGCGGCAGGGGTCCCAAACCGCTGCTGTACAATTGGCAAACATTGGAGGTGCAAGGAACTTCTGCCAAGTTCTTAGGAACAAGGGCGATTCTATTGCAACGCCCGACCTATAGATCCCCTGTTCGTCGCGAGCTTGTTCAGGTTTACCGGGAGTAGAGGTCGTCCTACTCTGCGGACGGTCGTCAGAGCTGCGAGCACCATTGTCCCTGGGACCGAAAGAGTATGCGGGTAAGTACATGGGACTGGCAGGAGCCATAGTGTCCCTGTCATCTGTTGAGTTCCGGTATGCACACCGTTGGTCAAGTTTTACTGGTCCCTTGCAGCCTGGTCCAACCGTACTGGGCCCTCCCATCAATCAAGGTGCACTCCGAACAGGCCCGATCAAATTGTGTCCCCTGACGGCACAGTTACCTCAGCCTCATCGAAATAGCCGGTCGACGCTGGCTACTCCCACGGGACCCCTACATCAAACGCCAGAAAGTTCATGAGCTTATTAGAGAAGTCGGCGACTCCGGACTCTGTTGTCACGAGAGGCTACTGACGAAAATGCAGACGGACAGTAACCTAAAAGATATATCACGAAGTTCTTTAGCAGAAACATTTTGATATTTATGTATACGCTAAGCCTGGCCTGAAGTCCATACTGGCACCCACGTGACATGTTCGAATAATGCCCGTCCTCACTAGACCGCTAGGAACGCATTAACAGTCAACACGAAACAATCGCCCGTATCGGCCACTCGCGATCCCTAGCGGCCTTTGGCGCAGTCGTATATTGAGAACAGCGGTCCGGCATAATGGGGTTATTGAGCTTACTAGGACTCAGGGGGGCAGGTTGTAAGACGCGCGAGCGGCCTCGCGCGGTATACATACCATCACGTCCGCTTCAGTACGAAGCCGGGATTTTCATGCGGAGAGAAGGCCTCGCTGAACAAGATGCAGGCTAAAGAAAATACGGATAGGCAAA,1844,50.6,Homo sapiens
SEQ_923333,TTGTTGTCGTTCTACCCGCTCCGTTGATATGGCATATGCCCCGTCCACGGAGGTATATCATTGGACTAACGGAATTGATGACCGTCTCATGGTCAGCAACTGCGCTA,107,50.47,Mus musculus
SEQ_472546,TGAACCAGCGTAGAGTCCAGCTACCACCAGCAGCTATCCTGTCCATGCGTGCAACCTCGTCTCATGTGCTTAAATTTCATCAAATTTCAAAACATGGGTTGACCGCAGTGTCAGAAACGCTGGTGATGTTCTACGGCGGGGCGATATGCTACCTTCATCTATCAGGACCCGATGCCCCCAAAGTCTTTTTGGCTTTAGCAAGTACATAGGGACCGACTGGACAACAAACGGATTTAAGCAACTGTCTGACGGGTCTTCATCGAGTTTAGTGTTTCCTGGGGTAACTGCGACTAATTCCCAATCCATGCTCGCGCCAGATAAAGCAAGGGGCAACACGTAGAGACTTGCTTGCTTCATTGCGCCTTAGACGAAGCCGTAGCCTCGCTGGAGAAAAAGGATTAATATTAAGTTA,412,48.3,Saccharomyces cerevisiae
SEQ_798923,AGTATTCATCTCAGGGCATGGCAATTTGTCGTCGCGAGCAGCGAAATGCAAGTCGGCGGGGGGGTTCCGTTCGCGGTATAGGGGTTGTTTGCCGAACAAGCAGGTGACATTCCCGCATGCAGTCTGTCTGAACCATCTAACAGCTGGCTTCTTGTGACCCGGTAATACCCGAGCGGTCC,179,55.87,Mus musculus
SEQ_941091,GTTGCCCGTGCCGTCCCCCATGTCGAAACAGTTCTCTCGAACTTGCGCATCCGCCGTCGGAAATACGGGACAACCTCAATTCGTAATTATCCTATATTGTAGTGAGTTACACGGCCATTAAAGTGCTCTCTAGTACCAAGACCGTGATGTAAAGCGGGGAAGCACGTTTTGCCGACGTCTATCTCCAGGGTCCTGGAGCGCAATCGCGGGAGATAACGTCCGAACTAGAAAGTGGTGTCGTATCGCTAGTAGTGATTACGTTGTGACCGGAATGACCTCATGTGTATGTTCGCCTAGCGGAAAGTGGTACCACAGGCCTGTAAAACTGTTGACACCAATATGCACTCATCCTGGACCTACTGGTTAGCGAGAGAGCATGCTGCAAATTCACGGAGGGCGTTCCATTATTCCGCCACGAAAGCTGGAGTTCGTTCGCCAGGCAGAAATATCGGTACGTGAGATAGGACTCTCGAGATGTTCGCATAGGGCACTAATTCCAC,500,50.8,Caenorhabditis elegans
SEQ_302000,CGACCAAACTGTCCGGCCGGTTCGGCGCATCTAATGTCCAATGCCGTAGCATAGCTCGGTGTTAGTTGTGGGTCAGTGGCGAAGTCCGCGCCTCTATTGCGGACGACTACCCTTCAAAACATCCCCGCGTTTTTTCGAACGAGCCTGCTGACGGCTATTTCCTAGTTTACATAGGCTCTGATCCACGCCTAGGGTATTCGGAAGGAAAACTATATGATCACCTCAATGCTACCTGCGGTGAGTAGCCCGTTTATTCGACAATTTATACCTGGGCCAATTCCTACACTGCTACGGGAAAACTGTCCACTATCAAGATACGCTCGTGATCTTGGTGACCACTGGACACTCACCTGCGACACGACTAGTTAATCAGGTTGTGCTTTCTCCTGGCGCTAGGACCCGAGGTATACTGACTACCCAAGGTCGATGCTCGGTGGCACCCTCAATTCGATATAGTCGGAATAAAATCCCACGGCTAAGCACCATGAAAGGTAATGCGACTACCATCGATGAATTATCCGGCCAGCTGAGATTCGGCTTTAGGCTATCTGGATGTCTTAGTTGATAACATTGCGTTGCATCGAGTTCTGGGGTTGAGCAAGCCACGGGGGGTTGAAGCCGATGTCTCGCTGAACAGATTGATAACGCAAGTATCGGTCCGTGTAATTGAATCCGAGAACTGATTATTTAGGAGTGCCTAGCTCAAACCGTTATCAGTAGATTTGTTAGGTACGCGATGGAGCATTAATGACTGCTTCTTATGAGGATAGGCATAACAGTATTGTTTACCGACCGAGCATACATCCGGCATAGGCAGAG,819,49.21,Arabidopsis thaliana
SEQ_809249,CGTTTGCACTGTGGGAGTTGTCACTGCAAAGACTAACTGCCTAAAATTAAGACCAATGAGGCCGTCCATCCCTACCAGAACAAATAGCTGGGGGGTTGTGTTTAAATGGTATGAGGTCTCTGGTTATGATAGTCCAACCTAAGTGCATGTACGTGTATGTTAGGCAAGGACTGGGCGAAAGGCCACTATGTGGAGAGCGATAGATTTGCCGAGGGCACCGCCGGGTGGGGCCCACAGGTCAGAGGCGCTCTCCTAACACGATTGCCATCTCAATCCGTTAGTATAATCTACTAGCAGACTAGTTACGCGGGCCGTGGATGTTACCAGGACATGGGATTGGTCGCAGTCATTTCAAACATCAAGTTCACCTAGGACGGTTTAACGTCAATGCAGCCCCACTCTTTCTTAGTACTCGATACTCTAACACCGAGAGGAACCTCCAACACACCACCTAACGCCCTTTTACTGACGACAAGCCGGCGAGAATACGATTAGAACAGAGTAGAGAACCTCACTTTTGAGACTAATCCGAATAGATACAAGAAGGCCTCAGTATCCCCATAAGCGTCTACCACTCCTGCTACAATTCGCTCGTTAACTCGTTGACCCTGTGCCTTTCCGAGCGACCCTAATAATTCTGGAAACCTCCTCTAATCGCATTCCCGCCCACTCTTAAGTCTCTAGCAGCGGTCGGTAGTGACGTGAGGATACGTCTCCCAATCGTGGGACGTGCCGGTGTCACATGATCCTGAATGTTAATTCAAGAAACCAACCGTTTGCAAAGACCATTACGATCTTCTTACCGTCCAGCTACCCTACACTGGACTTGGAACTAACGATAATGGTATCTACAGAAGGTAGGGACAGGCCGATGCATTAAAGTGATTGTAAGATTGACGCCTCGGTAAGGATACACAGTGAGCCGACAGTAGTCGTGGTGGGAAAAGCGATTGTATGCTAATAGCCGGAGTCAAGCAACGGCACTTTAGATTTTCGGCAGCAACGTCAGCCTGTTCATATTGTCTTTCGGACGCTCACCCGAGTAACCTATACCATCCCGTGACATTAGCTCGGTCAGAAGGCTTTCCGTCATCATTCAAATGTGCTGAGGTATTCCAGGAAGAACCCTTAGTTCAAAAGTCTTTTACAACAATCAAACTTCGTCTTTATCAAACTGACAGAAATAGTAATTACCGACCGCGTTTAATTCCACTTCTTCGGGGTACGGTATTCTGTTAGAAGACTGGAAACCATCCGTCTTGGGGGCAAGTGGCCATAACTGCGATTAGATGGCGCCACCGGCACGATTATAATGGATTTACCAGTCTAGCAAGCTATTTTTACGCGCCAGGTGCGGACCAGGGGATCGCATAATCGGAAGCAGAGCGCCCGATACCTTGTGCTTAATG,1409,48.33,Caenorhabditis elegans
SEQ_824869,GCTCTCGATGTTGTACGTACTAAGCAATTACGCAGTAGGTGTTTCGATATTTAATCACCCTAGTACAGTGGTCTTCGGAAAACAATTTGTCGATCCGCGGTTTTAATGCTTGCAGTGTGCGGATATACTAATACCACATCGCACCTAGTGACTAAGGTCCGCGGCGTACAGTGCGTGCGGTGTGATCTCGGTCCGAGATCGTGACCGACAAAACCTAAGGCGCGCGGCGGCTCCTGGGCTTTTTAAAGATGATGGATTGAGTAACTACTGCCGCGCGCATTTTAGCTTACTAGTGGGCAGAAGGGTAGCGGTTAAACAGAACCCATCTTAACCACCCATTGTACAAAACCCGCCCATGTTGAAGCAAGAGCATGGTACATCAGCCGAGAGGGAGGTGGGGGCAGAAGGGTAGCTCCAGCCCACCCAGCAATATAGCCGCACCTGTCCGACCCGACCATTCACTGAGTTCATGCTCTAGTTTAAGTACATGGC,492,51.02,Saccharomyces cerevisiae
SEQ_344681,GACACGATGGAGCTTGTGCACCCCTACATGGTTTCGCGAGAGTCGCAATCTTTCTGCGTTGGAATCAGGCGAGA,74,54.05,Homo sapiens
SEQ_497786,GCGGCATTATACATCGAAAATCCGGAGTTCATAACCCTAACTCATCTGTGGGCTTAAGACCCGTGGGCGCGTATAACGTGCTGCCAGCCCGTCTGCACTATTATGGAGTAAACCTAGTGCGAAACTTCCTGGGGGCGAGATAGTCCCCCAGGGAGATCCCTATAGCTGGGCTGCATCCGCTCATGTTAGCCGTCAGAGTTAAGTTGGGGTGATTTTGGGCGCTTATTTGGCAGTGTTCCCACATTGGAACACTAGACCCATGGATTAGCGTAAGCTACGTATGATGTTACCCTTATGCCCTAGAAGGCTAATGGGTGTATTCCACCTCCGCAGCCGGGGTGTAAATCGCTGACATGAGGCAGTTTGCCGGTTACGTGTTCGTTGGGAGGTGATGTCTTCTCGGCATGCGACAATACTTCACCTGCATATCTACCCTAGTCATGGTAAGTATGAATGATGAATCACGCATACTCCTTACTTAGTAATGTATCCGGAGGATTGGCTTTAACCATGATTGGCGTTCGCGAGCCCGAAAGAGTGAAGATCTCTCTAAGTCGTATTCTTATCGCTTTGTTTCTCATTGATTAGGCGGGAATGGAAGCATCGCAGCGAGTGCAATCCATTTTTCATAATCATTCCGCCATATTTACCGTCAAGCTATCCGGGTCTTAGAACGATGAACAAGTTGGACGATCTTCATATTGTTGTGAATATGATGTAGAGGGGTTGGGAAAGGGACAGTACTATCCTTGGGTGTGGTATTTTTGAGATTTAGTTAATCCTTCGGCCGAAGCCCATGTTATTGCATCGGCTACGCAACCTGATGTTATTGTCAAGCTGAATTTAAGTTAGTCACTGCCACAACATCACGCGCCATTGTCCATCTG,887,47.35,Mus musculus
SEQ_588750,CCAGAATCAGCCCCCTGTGGCGGCCATGAGGACTTCTACGAGATCCCTCAGGGTGTCCCTGGTGCTCTGGGCCCTCTCCATAGGCACTCTGGCCAGTCGTGAGCCACGGCGTGCCTGGATACCAATGAGGGCTCAGCCTACGTGAACAGGAGCCCAGATTTTCTCCGACGAAAACACCGGACAATAAAGGTTGTACTGCGGGGCATATCCGTCTTAATCGGGTCGGTAGTAGACCGACAAAGCGCCGGAACGCCTGATTACCCTACAGCACTCACTTAAATTCTCAGATACCCCATAAGGACCCAGAACTACTCACCAAAAAATACCACGACATCCGCCCTTTGGGGTTCAATGTTTCGGGTGCTTACGATTACTTAAACTATCCTATAATGAGCTCGCTTCCCATGCAGCCGTGGGCTTAGATTCTTGCCACGCACCAAAGGGGTATTGAGTACGTCCCACCGATTAATGGGTCACTAATTACACCCCCGTAGGAGCATCTTGGCTGCCTCAATGCTCCGTGTGGCAAGGGTCAACTTTAAATTTCGTGGCCACATCACGAGCCAGTCCACCAATGAAGTCTGAACATTCACGTAAGTCTCATGTCGGGCTGGAAATTAGGCTGCGGGCACCGGGCTGAGGACCCCCAGGTTAAGTAAGACGCCTATTAAAATGCGTGACTCGTGAGGCGCAGGCTCGGCGGTTGTATAACGCTACCGCTCATCTTTCTTCAGAATCATAAATACGTGAGTAGCTTCACCCCTTTAAAAGGGTGTCTGGTGGATAACTTGCCTACGAGAGGAATGCTTACAACCTCGAGAGGGGTGTGCTACAAAATGGTCTGCGAAACTTGACTAGTTTATAGGTGAAAGGTCACGGAACCGGACACTTTTTAAAACAATCGATGTTTGTAAAAGAGGTAAGTTGCACCCCAATTATGCGTGGACGCCTGCCAAGTCCTCGCCCCTATCCCACGCACCTTAATATAATAGAAGTGCCCTCGGGGACTACACGGGCCCATGAGTTTGGTCACCAGTGATACAGAGCCGCGTACTTACCACCCTCCTGATATTACATACATTAGCCCTATCCAGGGCAGTAGGACGATCCTTTGGACCGGGCTACCTATCCTTGGCGTTATAACAAGAAATATTTTCGCCGTTCACAGGCAAACCTGACTCCAAAGTAGCCAAACCAACAATACCGGGGAAATCCTTGGGAGTGGCGGCAAGGACGGTAGCATGTTATAACCTATTGCCCGATACTCTGTCGCGATAAGATCGGGTTCCAGCCAGATATGCTAATTGTCCGATTGGTCTCAAGACTATACACAGTATTATAGCGGACTTAGTGCAAAGCTTTTTGGGACTCATGTTATA,1379,50.33,Escherichia coli
SEQ_670820,TCCGGATCGCGGATCGGTGTGCAATTCCCCGAAAGATTCAGCTGCTACAATTTATAGACCTGTGATGGCTAGAATTTGCCCATAATGATCACCAATCCGTGCATCGGCCCTCACTCCTGCATCCAAATCTGATTGATCTCCGGCATCTTCATATGAATAGGCGACACCGCCACGTAAACACAGTGTTAGTAGTCAAATTACGTAATAACCTCTCCGAATTGGACTTCCCTCTTTTGTTTCCCCCGCTCCCACGTAAGAATAAGGACTGATGCAGTGAACTCGTACTAACCATCCATGATCTGTTCGTCCTGTGGGTTCCACATGCGCCTCTGCCTAATCCGGCTGATATATGTAACCAGGTGCATCTGAACGCCCATGGTCCTATCTAGGGCCGGTTACTACTACGGATTAACAAGTCTAGAGGATGCTCATATGGGTGTCTCCTTTGAATTGATGTATACAGGGACCTACACAGTTGCAGGTGTGACGTACTCAGGTCGATGCATTGTTGACATGACATCCGGAACACCAAGACCTACTGCCGCTTCTGGGTGCGTAATAGGATGCACCCGTAAGCCCCCGAAGTGGCCCATGGTACGATTGTGTATAAAGGTCGCTGCAGGTAAGCGAGCGTGTAACGGGTAAGGTACCCCATACCACGTACGGGGAGTCCAGGACAGTCA,683,49.93,Arabidopsis thaliana
SEQ_769180,TGACAACGATGTTTTCTACTAGATAGGATAATACGGTGCTAGTATAAGATACAATAATCTCACCGGGTAAGTTAGTTACGTGCCCTTTAGGGACGGAGTTGGACCCTCCGCGGCTTGAGCTGCATACAAGAGCCCGTGCTGTCGTGCAGATCCTGCAGCTCTGAGACGCGGTGAAGTTATGCGTTGATGATTGGGTCCTAATGATAAAGGACCTTATCTTACATCCCGATGACAAATACGCAAGTGGCCCTACTAGGCACCTTGTCGGACAAATGTCATTACGAGCCCGTATTACTCTGTCCTATGGTTCAATCAAGGTTGACAGGTGTCCCCATTACGTATATTGGATTGTGCCTGCAGGCGCCGACTGCCTATACACCAATTCAAACACGCCTAACTATTGTCCCGTGTATGTTATCGAGTAGCTACCAAGGAAAGGGCTCCCTCTACTCATGACTTGTAATTTTCATGTGAATTTAGCTTAGCCATTTCATGGTTTGAACGCGCTTTGATATCGTGCCATGCTGGGTAGGGTCAGATAGGAGCTCGTCCACACCGGTCGTGGTGAGCCGTAGCTTTGTGGAGCCATTCAGTCAAGTTCGCTTAGCCGGTTTCCTGGGAATTAGGAAGGACCGCTTACCTCTCCTTTTACAATCCACTCTCGGGGATTAGAGCGCTACGTGCTACAGGACAGGATTGTTTGCAGTGCAGATGCGTCAGACCAACTCGAGCATGGTACAGGGTGACGCGTGCCTTAACTAAGCGGATGATTTACCTGCGCACGCGGCTTGAAGTGATCCTCGATTTATATAGGCCTGGCATACTTCTTTTCGTAACTCTTCCTGCCGGGTTCATCAGACGTGAACGTTACTCACATTCCACCTCGAGCTGTTATGTCCCAATGCGGCTGTAATGAAAACAAGGCCCGATGGGCCTCAATCCGCGACATACAATCCTCAGCTGCGCTACATACACCAATCTGTATATATAACCTCCCCGCCCGGATACCGTAGATGAGATCGCGTCTTGGTGCAGACCCCCTAACCATTGAGACGCATGTTATAAGCCTATGCTCTCCGAGGGGCATAGTCGCAGGTGCATCACACGCATTCATGGTCTCACAGGTATCACCGCGCCGACGCTTGAAACTCCACGAGTAAAAGCATGTCTGCGATCCAGCTTTATCACCCTACAGTTGTAAGAGTCTTGAAAATAACCTTCATAAGCTCATAACTTTGACGAGCACTCGAGCCCGAAGCTTTGCTGGCGCTGAGTAAAAACAAAATGATACGTTATACCTCCCAATCGAACTTGTTCCGCGTCCTCAGCAATAAAGCACAGCGGTTCCGGTTCAAGGGTTGAGAACTTCACCATCGT,1377,49.16,Caenorhabditis elegans
SEQ_681026,CTCTGTCCTGGTAGTGAGCTACGTACTATCAAAGAGGCGAAACGAACACTTAAAGAGACGGAGTCAATGAGTAAACAGGCCCCGACGAAGTACGAAACGACGTAAACCTGGACATGTGATTTTCCTGTGGTATGGTAGGGAAACAGCCAAGTACTAGGTTGGATCGTACGGACCCCTACCATATAGACACATGATCTAAAATCGCAATATTTCACTGGGTGCCTTGTAAGACACGGTATTCGATCGACCTCTGGGGGTTCTCCTTTCTGGCCCATGATACTCTTTTCAACGCGATGACTGTATGCGGCCGGCTGCTAATCGAGTGTTATAGTGAACCAAGCGCCCGCATGGCTCGCTCTTTCGTGGCACTCTTAGATAGTTAACATTAATGAACAAATTGCTCCACGCTACAACGGTTCAACTCCTCTTACCGACGGGTGTGCACACAATGAACGGCCCATATGGGCTGTGC,472,48.73,Saccharomyces cerevisiae
SEQ_740741,TTCGGTACGGGGCAATCGTAATCAGCGAGGCTTAATGGTCAGTTCTGTTTTCTTCTTCTCATTGCTATTGCACTTCACGTGCTCGTCGATGTATACCCAGGGCTAGCGCGCCCCCCGGCTCTAGTTCACCCCTCTTCGTTGCAGCTCAACTGTGTCCTTCAAGATGATACCACCGGCACTAAGTCAGGAGCAGCCGAAAACAACCATTTACCACGGCTCTAGAGCACATCGACTTATTATCGCGCTGATTTGGCAGGCTGGACCGACCTCCGCCGGGAGTGCATCATGGACTTAGTCACAGACCGGTCTGTGCACGTACCCTAGCTCTTGAAGTGTCTGTGCTATGGTGCCTATGAGTGATTGGGCGCTACTTGAAGCAATGGGACAAGGTGAATACGAGCATGTGTCGCGACCCCGAGCACATTGGGGAGGCCCCCGATCATTGCATTAGCCGGTGCACCGGCTTCAGTTTAGTTGCATGTACGAGACAAGCCACGCACAATCACTCTTCGCACGTGGAAGGATTCGTCCTTCGAAGGGTATATGGTTGCCGCATTATGAAGGATCAATACGTGTATAGGGAATAGCTTACTGCCGGTATTATTCCCAAGACTATAGTGAGCAATGGCTGGCGCATGCGCATAGCGCATTTGATACCAGGACATCGTAAAACTTAGTATGGACGGGGAGTGCCCGAACACCCTTAGTGTACTATCAAGGCTATCAGCAAGAGTACAATCACAGGGATTGTTCAGCGTTTGTCCAGGTCCAGTAATGGGTCCTCGTGCATGTGGCAACAGACGGCCGATATGACTTAGCTGCTTTACTACCCCGACGCATCGAGGGTGAAATGACAAAGGGCCCCTTGTACGGGGTTCCAGGGGCTGGTGGCCATGCGAGGCTGTGACTTCACTTCAATGTTATGCATTCGCATACGAAAGGCGACAACCTAGTGAGAACTCGGTCTTGGCCGCTTCTACAACTAATCCCAGCCGTTGCTGCCCCTCTTAACACTTCTTTAGACATAGCACATTCTATTGAGGGCACAGCGATTCACTTTCGCGTTGTCACTTGTTAATGTTCGTTCGCATGTTATACATTGTCTCGGAGTCTCCGCGGACAAACGCCTTGACATTCAGGAGATTCCAGCTAGAGGGATGTATGGTATACACACGCTGAGTGAACGCTATGGGGCTGTAGATAGCTAAAATGAACGTAAAGCATCGTTTATCGGACTGAACAGAAAGTACTAGAACCTAAGTGCTCTAGTTGGAAGCATCATTTGCGACATGTATGGTTTTATGTTGTCCCCCTCGCCCTCCGTGCGGAGCGCTTTAATACGCCCCTCTCCGACGGTATACTACCGCGTACCTACTCTGCTCGACAAGCGTGGGTTATTGGAAGTCATAGCTAACACGGCCCGGATTGCTAATGTCCTTTACTGGTCTTACTTACGGGATAGGATAGGTAGGTAGCTATTTAACTCGACAATGAGCTCCAACGAGGACCGCCGCGCCTATATATTTTACCATTAAGACACATCGGCACCTTAGCTGGTTAATCACGAATGGCCTTGTATGTAAAGAACAATCATAGCTAACGTCTATTACAGTACATATGTTTTGGTTACAGAGCACTCAGCGAACTCGAAGGATTAAAAG,1661,49.67,Mus musculus
SEQ_800499,TACGACTGATTACCGCTCACGGCCGTCGCGCGGTATAGAGGAAGATACACGACGCTCGCCGGAAATATCCTCTCGTCGTAACTCCCGGTGAATTTAGAAAGTACCGCATCCAGGTTCAGCAGCGCACACTTGTTGAAGGGTGGTCTCTACAACAAACGTCCCAGTCCTTCTGCCAGATGCGTGTAGATAGGATAACTGGTAAAACTCTTACTTCTTGCATTTCACAGCGGTTAATGACAAAACATGGGCCGCGGTCCCTCTAGCATGTAAGTGGAGGGCTCGATAGCTTTGATAGTACGAAGTGGTGGCTCCCCCAGGACGATATACTTATAGAACGGAGTGCTTTCCGGAGCTAGTCTCGCGATTCTGAGGACGGAAGATACTATCCTCGCCACTGGGCGTACGTCTTTATTGTTTCCAATATTGAGGCCGGCCTTTTAAACTTTGGTCCCACCCCTCATTTTATGTTATTCATAGTTCGAGGACCTAATGAGGCTCTTCCCTAATCAACTGCCAACGAGCATATACGTAGGGAGCATCTATAGGACTCGCGAAAGACTCACCGACGCGTAAGGACCGTCATACAAGTTAAGTAGCGTTTCGGATTAGCACATGCATTACCGTCCATACAGTCGGTCTTGACAGCTCTCTTCCCCTCAGCAGGGAAGCTTCATGAGGGCCTCAGACCTCCATGGTGAAAGCTGAAGATGGAACGCATTTCCCTAGAAGGCTACGTAAGCAGTTGTTCCGAAAGGCAGTCGACAGTACAAACCACTCCGTAGATACGCATACCGGCAAAACACCGTTTATAACACCATGAACCCGACGAACCCTGCGAGGGCGCCCAGGAAAAATTTTTTATTAGAGTCGCCCCGGTACGCTGAGCCATGCTTCCAGTAGGTATCCGCGTTGCGACTTAAGCTTAATAAGGCCGCTCCCCGGTGCTTCGAGGTAGTCTAGGTCGCCACCCTAGACTCAGTAATACATACACCCTAAAGGTAGCACAAATCCCATCTCCCAAATTTACACATAGGTTAATCTGGCGAAGATCAACAAGCATAATCCCTAAAACCGACTCGCTGAAGTCGACCAGATTCTGTAAGCCAACCACAACGAAAATTACCCATATCCCGACGCAGTATACGTGTAGGGTTAGGTCGTGAAGATGGTCCGACCCC,1178,49.75,Arabidopsis thaliana
SEQ_564259,TGACGGACTGCAGGATAAGCCGCACCTGCGCGTGCAGACCTTATAGACATAGTCATCTAGCCACCCTTACTCGGAGTAAAACACTGATCGAACGCGAATGGCCCTTGGGCTTTCACATACTGCGGCGCATCGGCGTCCTTCGACAGAAGGCTATTTGGACGTGGTTCAATAATTCTTTGGTACCTACTAGTTCTTCAATCTGGCGACGAGGTTTCGGATGACTGAGGGGGCTCGTCCACCACCGTTGTCGTTGTACAAACGATATCTCTCTCGAAGCTGTGGGCATTGATGGTGTTGCCGTGTGCCTATCTTCAAGACCCTATCTTAGGATTTTGGACAACGGAATCGCAACGGCCATCATGATGCACATTTAATCACATGACTAGAATTGACTGAGTAGATAATACCTGAAACTCATTTAGTCTACGCCTTCCAGGAGTGGTCTCATTTATACCTCCTGGATTAAGGCGCGTTTCCAATATGAACCTGACCTCTCGACGTAAGTACTAAGACTGCGTGTACGACATGAGAGACTCACACGGTCACATGGGAGCTGCATCATTACACGAATCCATCGGATA,581,48.54,Escherichia coli
SEQ_183568,TAGACTGGCTTCAAAGCAGTGATCCAATCTTCGCTACCTTTGATGGAGAACTGGCGTTTGAACGGTCACGCGTACGGAGGGCGCGTGAACAGAACGGATCCTACGCCGGAACGGGACTATTAGCATTCTCCTTATTCGCAGGCCTTGGGACCCCCAAAGACTGCCGTCACGTTTAAATAGGCGGTTTTAGACAATCAAGTAGTGCTGTATCAATTTGAGTGCGCGGTTAGGGTTTCTCCTGTTGGTGCCTTATATTGA,258,50.0,Homo sapiens
SEQ_565718,TGATTACCTCCTTAGCAAGTAGTTTAGCGCCTGAAAGCATATTCCACACAGACGCGTAATTGAGCCATCTAGCGGGGCGCATTCAAGAGCGAGTGATTAACTTGCGGATGTTGGAACACTAGCAAGCTACCGATAAAGTGAGCTCGCTGACTTCCGGGAATATAAGACACGGTCTAGAGACAATTCCAATCCCGGTCCGAGATTCTAAGACGTCTTACTGATAACACATGGAGTTTGCTCCGCCTATAATTACGAGTAACACTTCAGCGGCCTGTGTACTTGCAACATCAGTCCTGCTAAGGAATCAGCTCCATCACTTAGTACTGCCTGACGCCGGCCAGAGGGATCATTTCATGTAAACCAGCGGCAGACTCCGAATCTTAGCGCTCGACCGGTGTAACACCAAATCTCTTGGGTGCGGATATGTGCAGAGTTTGCATTAAGGCGGTGGCGCGCACCGAACGTCAAGTTCATTAGCCTCCCCTAATTAAATCTCGAGATTTACCCCCCTGTGGAAGTTGAAAGAGCACGCGGCCTAGCCGGAGGTCAGAACCCATATGTAACCAGTCTACCCCACTCTCCGTATCGCTCTTAGGATACATCGTATAACCGGAGGCATAAAGTTTAAGATATTATTTAGGCTCCCCAGCTGCTTCGTGCTAGCCCAATCACAACTGCAAAAGATCGCCGGTTTTAGCCTCTTCCTTTCCTCCCAGAGATCGGCTCATGGATTTTAGTGGGTCACTGCCAGCCATATTGGGAGCTTTATCGCGACGGAAAGCAAGTGAAGAGGTTCGCTGGCCTAAAGAGGCAGGGCATCCGTCTATGTCTTCTCAGCTGATCGGTACTACGTGTTAGGGAGTCTTAAGACAAGCTTTGGACCTCCTTGAGCATTCCTACGTGGTAGCTTTTACATCCGCCCTTTTAAAGAGTGCGAGGTGCAACAAATGGTACGGAGCCAAATGCAGATAATGGGAGTGTGGCACGGAAGAAGCAATCCCAAGGCACTCGCGGGGGCCATGCGGGCTTTCGCCCAGGTGGGCCAGACGTGGGGGTTGTCGAAGAGAATACAAGCTATGAGTTGGATCTGCGGATACTCACCTGAAGGCCCCTCTTACCAATGCGTAGTACTCACATCGCCCGCCGAAGCACAAGTTAGTGTGTTGCAAGACTAACTCTGCTCATTGTTACACTTATAAACACTAGCACCCTGGCATTGCCGGTTACGCCTGGGAAGTGATCTCAAATACGAGTTGATGCGAGGAGCAGTTCCGGATGTCTTGGGACGTCGAAAAGGTAACGATCGGTACTCCCCTTCCGCAGAAA,1326,50.53,Drosophila melanogaster
SEQ_264558,TTCACTCTATGGTTAGTCGGCGGAGGAAGGTTCTCACAATTTACAGCCCCAGGACTACAAACGGGAGTACGTCTAGCTGGGTCACCATGGTCTATGCACGGGCCGACCGAAAACGGATTGTCCCGGTCCGCAAGGTATATAGGGATTCAATTATTATCCAGGGCTCTTCGGCAGGGGTGGACAAGCTTGAATCTAGGTCTTAGGGCCAACACGCCTGTGGTTGATTAAGGGCCCTGTCTAGCGCGTACAGTTGAGCGCGATGTACCGCGCAACACGGTCCCGTGATTAGTGAATGACAGGTGACACCAACGTGGGTTCGCCGCCAGCGCTGGCGAACGTGTTGCATGAACGACACTTCTCTAATGTAGACACGGGACGCAGCTCTACTGTAGGTTTGCGTAACAGCCCGGGTAGGGTTTTGGTCTGACAGGGATAGCACGCCCCTGTCTGCGGAACTCTATCTCAATAAATACTGTTTTACCTACTATTTGCAGTTGATTCCCGTTGTATCACGCTACTGTCAGCGAGAACTTGACACGTCTAATTCATAACGAGTGGGGAATGAGCGGAAAACTGAGTCTGTCGCGTAGTTGTTTTTTTTCTACTTGAGCGCCCAAGTAACCGATGCAATACCCCTAGGCACGTCGTGGACTAGAACCCGGCCGTATTGCCCCATAGATTACAGACCGGGGTGACAGGTACTAAGAGCGGCGCGCAAGCCCTGATATATACGAACAAGACGACGAACTAGCCATTAGATTATGTGTAACGCACCGGCCACAACTATGAATGCGGAAACTGTGCACCACTGCTCGCATTGCATTTCGATCCCCATGACACGGTCCCCGTCCTTCCAACGTGTGCAGTCCGGCAACTTGGATTGCTCGATCTTTGTCCGGATGGTGCCAGATGGGTGATCCTCACCCCCCGGAAATCCACTATTGGTTCGTGGCGCTTCCATACCCTCCGGAGCAGGATAGTTATCCTTCTCCTTGTGTGAAGCCCCAAGCAGTCTTCCGCGCGTTCATCTCGACCGTTAGACTAAGAGGGGATATGGTAGTCGGTTGCTAACTGAAAATTCGGTTGGGGGGCTTTGAGGGGGAAACGTTCCTTGCAGATGCCGAAGTCTTGATCTGCTGCGCAGTCCGGAACGATAATCAGACGATGGCCTACCCCATCGCGACATGCTACGAAAAATGATTAGTGACTCTTTCTGAGCAAACTGGCGCGTGAATAGTTTCCGTAACACACGCAGCGAGCACATCCCATGAGTCGCCAAGAGCCAATAAATGGGTCGCTCCGCTACTGGTGAGTACCCCCCCTGCATCCGGGCCCCATGCCAAAATTAGTTGGGCCTAAGGGAAGGGGAACGATATGGGTACAGTTGTGATCCCACAGCGAGTACATCAAATATTCTTCAGTATTTGGGACCAGCGTCCAGCCTACAGA,1449,52.52,Saccharomyces cerevisiae
SEQ_208586,ACTTCTACTGGCAAGCGCGCGAATTTTGTTTAGTAATCCCAGTTGATTCCGATTGTGTTTTAGAGCAACTTCACCCATCGGTGATCACTATGAACCTTGATAACCCCCTTGTCGTTAGAGACCGTTCTTCACCCTCCCAACCCGCTTAACGGGCGTGCGTCCTGAGGACGCCTGCTGAGTCGCAGCGCGAATGTAGTCATATACTCAGGACGTTTGGGCAAATAGGGACATAGGGATACCGACGCGAGTCCGGGGCTGTCCCAAAGGTAACCACGGCCTCCAGTCCATGAAGGTGTTGATACACTTTAAATTGGGGTAACCATGACGCATCGCCTGCCTGAGAGGGTGCGGACCGTCACCCCTTAGCGCTTCCAACTACGTGTGGCCGAAGGCAGAAGACCACCGAGCCGAGCGTGGTTGCGGGAGTACTCCTACCCCCCTGCAAACCTAACGGAGGCTCCTGGAGGGGGTGGTTCAAACCCACACACTAGGACAGAGCGATCCCTACCGCCCGAAGTTCTGGGCTCCCCTTAATACGTTTATAGCGCCGGAAATGTTCGCGGTTGCGGATTACAGATGGGCCTATTGGGCTTGACCACGTGTCCTAGCTCAATTAAACAATCGAGCGATCTAACCCCTGTTTATTAACTTGTTCAACGGAGGTAGAAGGGCGGGTGAGGCAGCTGCTTTGAAGGTCACGAACTAGTCAATGTACGGGGCACCACGCTAATATAATGCGCAAGCTGAAAAAAGGTTACACACCGCTGGCTTGTAGACACCCGTTCGTAAGAATGAGCTCTCCGTTAACTACGTAACAGACGTACAGAGAGACAGACACTTTAATGATTATAATTCCCTGGTCAAGTGTATACACTTTCTGCTCCCCAGAAAATCCATTCTCAATAAGGTAGTAGCGCCAGAAGGAACGGGCTCAAATGGTAATTGTATGGGAAGTACACTCCCATGTAAGACAAACGTATTCAAGCTGGGACAGTCTGACTCGCGTCCGCACGTCCGGGTCAATATTTGCGAGCGCCGGCTCCGTTGTGTTTTAATAAAGATCGCCATGGAGCCAGCACTTATCGCTACGCGTGGGTCTGTAACGGGACACCGCGGCTTCGCCACACTTGGAGCCTCCCGTTTGTTGAATTATTTCGGCGAGGCGTTAGTGTGATATGGCACGACCACCAACCAGCCGTCGTAGTGAGAGTACGTGAACGTAAGTTCTCGTCTGGTATTGTTTTTAATTCGGTATCGGGTCAAGAGAACACATTCCTAACGTTCGATTCAACCACCACCTTAGATTCGGAATTACGACAACCAGTGTCCTGCCCCCTAAACCGGCCAGTATCCACCTCTCGTTTGGGCCCGTGAAGCATACCAGTGTGATGTTGCTCAGGACACTACGAGATTTGCTGTTCACCGTGCCTAACTCACAAGATTCATCTTTTAGTGATTTGGAA,1463,51.2,Drosophila melanogaster
SEQ_860241,CGCATAGGTTGGATGTCCACTAGTGGTAGTTTGCAGTGGTTATATTCCTTTACGTTCATTCATCCGTCCGGGTGGAGCACCGTGTCAGCG,90,51.11,Drosophila melanogaster
SEQ_816335,TTCCCTTACCCTCAAGCCCTCGTTTGCCAGATTATGGCCATAGTAGACGCTAAGAGGGCGGGTTTACCCACCCTAAGGAAAGCTATTCTTGCGGCTCTAGGAACGGTATTTCTAGTCAGTAAGCAAGATGGCGTGTCTTAAGACATTCCGTTGCCGGAAGTCTCATGTGTCGAGCTAATAAGGAATATCACTAGCCTTTCGGTGCGGGACGAGGGATCAAGGGTGAATCGACCGGATAATAGCGATCATGCACCGCACTAAACTCCCGTTGCTGTCTCCCTCGCGCCATCTTGTATGGGGCTTCACTGGTTCGCGAGATGGTCCTATGGAGACCGTAACGACTTCGAGTGGCTCCATTGGCTTTCCCGAAAAAGTTACGGCCTGAGCCAAAGCAATATTACGCAGACGGCTGGTGGTGGTTACTTTCCGGTGTCTTCCTAATAGGATTCGCATTGAGCTAGGCCTTCTCCCTAGTTATCAGATTTAGGGCAGACTCGATATGCCAATGACAATCTTGGAGCCCGGAATACGGGGGGAGGATCGAACTCTTTAGATTATTCTCGTGCGCTTGATCTAGAGGGATTATAGACATATCTTCCAGGTTCTATTTGTCCGCGCATCCAAGGAAAGGTCTTATGGAGGCGGCAAAACTGGGAGGCGCCTGCGAAATTAGTGCCGCACACCACCACCTAGATAAGTAGCCTATGTGCCCTATTAGGCCGCGCGCGCTATTATGTTCCGCACTGAGACAGTTTCACGTCGAGGACTTCGCGTTACTTTGGTGTGTACAATGACGGGCACGACCTAGATCATAGCATACTCTCCTTAGCAAATGACAGTACCGGCAATCACAAGGAGGTTCCAGCGTTGGATCTGTCTTGCGGGTACAACGGTCTCCTGCTTTTCTAATAGTGGTATGTCTGAAGTGTATCGTGTAGGTGAGTTGCTAGTTTACGGGTTCTCGTTTCTCGCTCACTCGCCAATTGAGAACTCAGGTCAAATGAGAATATTCAGGAGCAGTTTCTCTTATTATTGCAGGAACCTAGCTCAACGCGGAATAGCTTGGACCATTATGGTCTAGTTCTGTAACAGTGGCGAGGCTTGCCATAGGGAAACATAGGGATCAAACTGGCCCCGAGTCGACACTCATCGGTCCTTAACACTCGTCAGTCGACCACAAGCGGG,1185,50.04,Arabidopsis thaliana
SEQ_434226,CTCTCGCTAGGACCAACATGCCTATTCAACCCCGAGTCCGGAAGCATCGGTACCCCAGATTGATCCTCCCGTCTCGGGCTAAGTGGAAGGGTTCATGTGGCTGTCTCGATCTCAAAGAACTTTCTACGATAGTCGGATGGTCAGGAACGCATTGCAAAGCCTATGGTGGCGTGTGTGGGTTCGGACCGCAAAGGTCGTGGTCGCAGCTAAGATTAACGCGCACCGCGTACTCGCTCTTACGTTTGTGGCAAGTTTACTTTAAATAGGTCACGGGTTGTCCACAGAATAGGACACGCGGGAACTTATCTCAACACCAAGATACTATTTGTGGGTGCTAATTCGCCTAGGGACGAATCTTGGAGGCCCGAGTGCTTTTATAGGGGGCCATCCCTGAGGGAGCCGTGTAGGGCCACACGAGGCGTCACCACCTGGCGCGGGGCGCTTCTCCATTATGTCTGGCTCTGGCTGGTGTCTCTAAATTTCCTCCTGGGCTAGCGATAGTCACGACCGTGCTCTTGATCTCCCGAATGCCGTTAGGCCAATTAGAACTGACGCAATGCGGATTTGGTGTCGCGCACATGTCAACTCCTGTGCCCGCAATGAAGCGTGAAGGGAACTTCCTTCCTGAGCGGAAACTAAGTCCCGGGATTTGTCCGGCACTGGAATCCAGCAGTAGGCGTGGATATTGCTGCTAAATACGTGGCTTAATAGGAAAGAGGAACCTTTCGGACATTCTCCACAAACGGTATGAACAACCCCTATGCTAGGGCCTCTCGCGGAGTCACCATTCCATTGGTCGGTGCATTGGAACGCAGCATCTGCTGCCAAGTTGTCTTCGACTGCTGCTAAGGCGTTTACCTCACGGCTTGAGTCCGCAGATCTAACTGCGTGGGCGGTTTCAGACCCAGATCTTTGGCTGGTGGCCACAGAAGGGGTTGCTTATTTTCTTGTGTGTTGCTTCGACACGCCGGTCTAAAACGCCCAGTCTCCCAAGGCCCCCACTTCAGTTTATAGGTTGATTTATCCTTATTGATGAGTCGGCATCTTCAAAATCACGCCTCACCTTGTGGATTGGGAAGGATCCTCTCCCCGCTGTAAGTGCGACTACTTGAGTCTTGTCTAATTCTTGCTCCGGAGAATTTTAGCGTCATGAGGTAATAACGTGTTATGGGTTCGGAGGATATACATTAGTAAACACGACCCCACCAGAATCATTTCGTCGGTCTTAGTTTACGTTAGAGGCTCTTGTAGGCAAGTTGGAACATTAAAGCGGATTCTGTTCGTTAAATCTCCGGCTGCTTGGTAGTTGCTCTAGGTTGTCTGTGAGTGTAACATAGTTTAGCTTACCTTGTCAGCGCCTATGGTCTCCAGCGAGTTATTAAAATCAGTAAACCAAATGGCCGGCCTTATCGTTAGAGGGCTCCTTGTGACACGTTTAGTACATACGTGCATCACCGCTACGATGCCGGCGACGCCTAGGAATCCTATCAACGAGCTGCGCGCACGTCATGCGGGAGCCCAATCACTCGTGGCTTTGGCGCACCGACCATTCCATGCATCTACCACTAAGTCGACGATAGCCGAGCGGCTTTCGTATGCATATCGTAAACTCGACCAGGTATTAACTGTACCTGTTTGCGCGGGGGCACCATCCGCACTGCTGTGTACACCTGAATCTTTTTAAAATTTCCG,1692,51.42,Escherichia coli
SEQ_300496,CCCGGAACAGCTCCCTATGGATCGCATTCTCTGGTGGGCTCATCCCAGAGTCATAGCGCACTCACTGATACACCCCCGGATAGTGGATACTCTTCTATACCCTTGGGTTCCAAATGTGAATACGTGCAAAGTATCTCATATTAACCTGGCCTATTTGACATGCCCTTACGCCTACAAAATGCTAACACTTCATGGACTTGTGAGCGACATGCTGTAGGATGGACCCATCCGCTATCTGCTCATTAACGAATGAGCTGATGGGACACAGGCGATCATCAAGAAGATCGATGGTGTCTCTCCTTCCAGCCGTTTGCCTAGTCGAAGATAGGAACGGAAAGGAGTTAGTTCCAACAGACCGACTTGCCTCAGGGCATGTTGACCTTAAGTCATAAGGAGCTCTACCGCGGGCGGTAACACACAGCTCGCCTCACCCCGAAGGGAAGCCAGTACAAGCAGTTTGAATATAGGCGTCCGCCTTGTATTAGGGCCGGAAGGCAGTACAGTCATCGTGTTGTAGCCGCTCATCAGACTCGGACAACCTTGCATGGACATGGCCAAGTCACAGGATATTGGTAATCGGAACATACGTATCCCCGGTAAGGCAGTCCCTCCCTTCCTCGAGATGGCGAATGAGTTCATGTGCGCCCCCAGTGTTACGCGCTTT,664,51.51,Saccharomyces cerevisiae
SEQ_896738,GGACTACTCCATCCGCCTCGACAATTCTACAGCATGGCCAATGGTGTACCCACACTGAACTCGAGACAGCCAGTTTTACGACAACGTGTGTTGGCTGCATTCCCGACGCAATTTGTTGAACGCTAATGAGATGACTAGCCTGGTACTACGTACAATAGATTAACGGATGTCGTATTGCTTGTTACTGGACCAAGCTCGCGGATAAGGCATTACGGCTATAGAGGCGACAGAACAAATATAAGAACAACAGACCTGGCCCAATAGCCTATACAACTAAGGACCCCTTCTCCCCCCTGTGGTTCGTGTGTTTCTCTGCCGCCGTTCTAGCAGGGGTAGTTAGAAACCTCGCTGCTAGCCTACGACGTGAGTGCCTGGGGCGTCCTTGTCTCTCCTGGGCCGGTAAATGGACGGTGCCGGGCAACCGGCTTCCAACAGTTACATCGAGGTTATTTATTGATCATCATTGACATCAGCAATTACTTAGCCGCCCAATGCTGCTCTGAATGTCTCAATGGACTTATGAGCCAGGCTTCGAAGTCAGGGTATGGATAATCGGTGACGCGAGGGAACATCATAAGGGGCAACCGGCCCTAATTCGGCTGGCGGTTCGTACCGACCCGCATGGTGTACGATGGCATTGTCTTTCGCAGACTAAGTTCCTTTACAAGAGTAGGACAGAGAAAGCTGGTATGGACATTTTCTCCTACTATTCTGGCTGTGACTGACTACTATGAAGTATCAAGGAGAATGCTGTCAACTGAGATAAGATTGGATCGCTGATAATCGATGCGACCGGGTGCTAGAAAAGTAGCGTTCAAAACACGAGTGGAAGTTGATGGTCCAGACCCGTGCACGACAACACAAAGCGTCATTACAGAGTCATCAAGAGCTATCAGTTCTCAGAATATCCTGAATATTATCGTGCTCTTAGACAAGGACCCAAGACGCGTGTGTTTAAAACAGATACCAACGAGACCAGTAAGAGGTTATTCGTGATGTTTCATGAGGTGGAGATCCATGGGCCTATATGTTTTTCGATGTTGCCGACAAGGCCCGGGACACGGCATTAGCAACGTAAGTGCCCGAAGAATAAGCAGGGGTCAAAATTAGAGTTTTCTGGTCACTGCAATTCCATGCACAAAACTATGCCGTATCATTAGGACATAACGATATGACTCGTCGAGGTAAGTACCTAACATCGGAGCGTACCGCTTGCTCCGCTCTTACACACCGTGAACCGGTAAGGTCTACACTCGTCTTAGCTCATTTGATTCAATCGCTAAATCCTCAGCGCCCCGAGGCCACGACTACGCTACGTCGAAGAGCTGGTGCTAAAAGCCGCCACCCTAACCACCATTCAAGCTCGACCACAGAAGCCGTGCTCCGTGGCTCGTCAAGGAGACGCCCCGACGGTTTTAGCCCAGACAGCCAGCCAAACCTAGGAACTTTATCTATGCGAGCTCGACGCCGACGGGCATAGTGTGCCCTTCGGTCGCCTGGCAGCCGTCCAGCTCAAGGGGCTCACCACCAGCCCAGCACACCGCTACGTCCTTCCCGTAAGCACTAGGCTTTAGATATCACGATAATGTGCCTAGGCGCTTTAATTGATTAGTTGGGGCAGGAAGACCATTCCGACTTATCTCGAGCCCGAGGTCGAGTTGAGCATCGGCTACATATTACCGAAACGAACGCCTATTTACGCTACGTCCAAGTTGACATGTTGGGCCACGAAATGTGCTTACGCAAGCCGACGGCAACAGGCTATAGAATTCCAGATTTAGGTGGCATGGCGATACTAATTAGATTCCACAGCCCCGTAGTCCTCATCCATA,1832,50.33,Escherichia coli
SEQ_932768,AGGCTTCAGAAAGTAGCCAGTGACAACTTTGCCAATGCTTAGACTAGTGCTTGCAATTAGACGGCCATATCACCTTTTGACAGACAAGTCCCGCACTCAATCATAGCGAAGGAAAGCTAGAGGATTCGGACGATACGTATTGTCATTTTAGATCTGTCCTAGTAGCGCTCCATAGCATGGCTACAACTAATAATCCGCCAAGACGTACTTCCATGAATCGCCCGGACAGAGCAACCAGTATTTGACGCGCTTGTACCGGTGCGTGAACTGTAAGTTACTTCGGCGTCTACTTAGTCAATCGTGAAAAGAGAGTTTCGAAGGTACTGCCTATCTTATGCGCACTTGTTGTTCAGTTGCGTACCCTTCATACTTCGGGTCAGCGTCTGACCAAAAACTATCAAGTATTGCCAGTGCGTGTTGTACGAAAACAGTCGGTCGATCCCCATAAAAATGGATATTGGGAGTAAGTTGTAGACACAGTCTCAGAGAGGTACTGGTAGGGACATCTACACTAAAAGAGGGGGGCTATTACCGCCGCGACCCCATATTGGCCTCGCCAATTTAACGAGGCTGGATGTCTTTTATAAGAGCGTTTATGTGCCGTATAGTTAGAGGAGTACGACCGTAAAATACGTCGAGCAGCTAGTTGAGCAATCAACTTCTATGACCGAGGCCCTACATTAACCAGGCAAGCGTTCCAATAGTGCCTTAAGCTAGGGTAGCCCCCATAACTAAATAGTTTGTCTTCGGGGGCCGAAACAGACGGTCGAATCTCACGCAATGGCCATTATGAACCGACTGCGTCGCGTAAGCAGATTAGACGACACCATGGGGTTTACGTATCGGTAGATCGCAGAGACATTTGCTATTGATAAGTACCGCGCATGACCTCGGCCATCGGTTTCCTATCACCAGCGGACTGTCACGGATACCAGTTTGAGAAGACAAGTTGCCGCTTCATCAATGGAGTGAGTATCAATGTCCTATGTTCTTCAATCTCTCCGATCCGCATCACCGGCCGCCTTCTTTTCTATAGAACAGCCAGGAGCAGCTCGTCGGCTCCACAC,1067,48.08,Drosophila melanogaster
SEQ_130727,GCGAGATGCTTTTAACTACACCCGTAGACCCTAGTAAATTTGATGACGATGGCATCAGCCTTTGTTGTAGAGGTCGATACCCGAAGAAATTCTGACTAGTGCAGCCGACCCAGATCCTTCAGGCCAACTATGGCCAATCTGTACGCTTCTGCCCTAGAAGGCAGCAGGAGATACGCTACGCAGTCAAAACGCCACATCGTATTAGTTTAACATGGGAACTTGAGGATCCACCCAACAGGACCGCCTACGTGGCCTACTTGGAGGAGTAGAGACCCCGTTAGGAACGTGGCGTGAGGAAGTTAATCGACAATGCAATGCTAGATCAGGCCGATTTTTTTCATCGACACGACAGCTAGATGGGGCAGCTTCGTCGCGCGATGAGACATGACCAACGCACATCCAATCCCGATCTTTCAGTACCGCAGACGACCCCATTGTTTGCATGGCGAGGCTAAGATTGTCTCTGTAGCAAGTCTTAAGTAGCGAGTTTCCCGACATATTGCGAGGCCGAGTATCACAACGAGCTCAGCATCAGCTGTTTTAACGTGCTTTACTTAAGGATACAGTATAGCGTGACAATGCACCTCCACCACATTATCAACTTCAGGCATACCTAGACCACTTTATCCTGCCATAGTCTGACTCCACGGATAAGACAACCCACGCTCGTAACTTCAATTACCCTCGCCACAAGTCCACTGCTGACCAAACTAGGTATACTCGTGGGGTGGCGCACCTTTCAAGTATAACGTCCGAGTAGTCATGGAACTCGGGTTTGCGGGAACGACTCTGAGGCGAGAGGTGGATGCATCGGCATGCTTCGCGGTCGCTGTAGCATGATTTCACAAGACAAGCACCATGAGGGATGTGTCGATATCAGGATCCAAGACTAGTCGTGTACTTAAGGTCTGTGACGAGCTACTCAAACGAATGAGTTCTTGATAGAAGCCCATCGAAGGCTGACCGTACCATTGCTTAACCTCCAAGATTCAAGCGAAGTTAGTTGTGCCGTGCACTTGCTGGGTGCTTGTTTCCAATGCTCCGTTTTAATCTTTTTTGCGACACGTGGTAGATGGCTTGACTTCAATAAAAGCAAACGTCGTGGCCAGACACGCTTCGTTCTGGCCACGTAGTCAAACGACTATTTACAAGGCGTGTCCAGGAAAGATCCCCTTGTAAGTACGTGCGCTGCGTTACTTTTGACTTCTGAAGGTAACACTTCGCTCTTTGAATCATACGACAGCCCTGCACGCCCAAACCTTCTGGAGGCTTCGCTGTAGAACCGTGCTTCGGCACGGTAATTGATAGCGCGTATTAACCTTAGGAGTCCCCGGAAACGTGGAATGGACAACAACCTCTTGTTACTCACAGGGGACAAAAGGTATTGTTGGTAACAAAAAAAGTATGAACTAGAGGGCTGGACGGCGTAAAAGGCCGCAATCCGGTGTAGGTGGTATGATCCCGTCATATGTCTCTAGCATAAGCTGTCACTACGCGTGGTCTTTAGGCGAACCTAGCGGATGCTATTTCGAGGATTCTCCAAGAAAGTAGTGATCGCGAAGGGTAGTCTTTGTCCACTGAATGATTTGAGGCGCGATTCTCGGAACCTACGGAAAAGACAGAATCCGGCATCCTGCCCGCCAGTGTGACTGCCGCGTCGAGGAGCAGACTCAGGTCTCAAAGTCGGTATCATGAAATCGCTCGCAGGTGGCGTCAATCCGGGCGACGGCAAGGAAGCCCTGGGTTAGACCAACTTAGGTTAGAGACCGCTGGCGGTCACCACACCCCCGAACGGACTCTAGCGTGCATACTAAACGGTCCCATAGACATCTGATTCATCCCTATAGAGAATCCACCTAGGTCCTCGCTGTTTTGCTGTAAGGCACATAGATTGTCTTCGGCTTTCAAGTACATGAATCCGGGATGGCTTCCAT,1934,50.1,Homo sapiens
SEQ_408201,AACACTAGTTAACAACCAGTGTATATATGGCACCACGGAGACCGCAGACCTGTGTCGTCGTGTCTAATCCTTAGGCTAGAGATTGCGGAGCTGTGCAATTAAAGGGGGGGGGGCTGTCTCCGAAGAGACACAATCTTCTTGAAATAGGAGCACACCTGGTGAACCAACTTTCTACCGGAATCTTGTGTGTTAACGGATCGCTATTAAGCATAATGTTTGGCTATGGAGAGGTTACGTCCCCCCTGCACACTCGCCAACAAGCAGCTCCCAAGGGGATACTAGGTTACTACCTATGCATCCAGTTGTCAACTTGCCCAGTTCGATCTTACTGGATAGTTGATCGTTAAATCGCAGATTGGAGAAACCCTTGGCACAGTATAGTGAAGGGCCGAATGATGCTCTATTTCAGCTATCTCCTCATGTATTGGGACTCAGTCCTAACCCTCTCATGTAACTAGCAGCGTAAACCGGTCTCGGCTCCTATCCGCAGACCTCTATGTTGCAGAACTTCAGCATGATAATACGTGCCTAGTTGCAAGGGAGCCATTTGCCCCTAGTGGTTTTGCTAACCACGAAGGAGTGAGCTCAGTAGTGAATAAGCACCAGTCGCCATACCGTTTATCCAGCAGTCACTACAATACGTGAGCAGAGATGGTATGCGAAAATCTAATTGGTAGGAGCTCTCAGGATCGTTGCTAAGTGCTACCGAACAGGCTTTACACAGTGCCTCTGGTCCCTTCGAGACCGCAAGGCCGCTGCACTTCAACTATCAAGGCCGTTTTCAGGAATGTGAAAAAATTAGCTGATACCTAAGGATCATCGAAATCGCGCAGCCTTCATGATTCGGGATGGGTAATCCAGTGCGCAGGTCAAGCAGACGCCTCTCCTCAGATAACCCTCTTGGCGTTTAATAGTACCTATTGGGGATCAGCATGGTCCCCGGATTTGTGTTTGTATGGAAGTCGACGCTTGATAATGCTACAGTGTATCGGGATACATAACTGCTGCAATTAACTCGCCGTAAGATACATATGCTGTTTAAGTGATTAAGTAACAATAATTTGTAGGCTTATAAGTCGTGTTTAACCACCCGTTTTTAACCCACACATAATCTCTTAAGTTGACTCCTCGGGGGCGAAGAAACGAATACCTCGCTAACCAAAGCGCCGCGGCATTCGATGATTCGTCTTAATTTCGCTTCGATCGGTTAGTAGCAAATTTGGCCGGGCGGCGGATGTGCGTGAATGGTCTAGCCCTAGTTGTAGTTTTCTAAAACATCCTACGAAACTAAGATGCCTCCATTTCTGGGACAGGCGACATTTTCCGTTCGCCTTAAGATGTTAGTGTAATTACTTACTTCACCACTCAGGACCCTCGGGATCAGAAATGCTTCTAATCCCACTAACCGTAGAGTCCGAACGATGA,1425,47.16,Mus musculus
SEQ_126618,AGCGTACGAAAATATCTTACCACTTGAGGCCAACCTCGTGGGCCCTCGATCCGCCATGGCATCATAGTCCTTTGTTGTAGATGTACACCGCTAGACTAGGTTTTTCAGTTTTAGTTGTCCTTGATCACATACTGATTGAAGTTATGATGACTCCGACCACGTATATTTCCGCCCCCGACGTCTAGGCGTAAAAGCACGCGATGGACCCTAGTCCACTAATGCCAGCCTACATGTAGGTCCTTTATACCCATTAAGGGTTAACATCCGGCTTCACTAAGCCCCGGTATTGTTTTTTGTGGTTTGCGGACCCTTATTAGCGATGGGGCCCGTCCCTGTTGGCTCTTGGGGACTTGTCGCTAAGGTAATATTGATTGCTAGCGATGTTCTTTTGGCATCTGGTATAATGTTACCCGTTCATGTCCGTAACGGGAATTTAATGGTCCTGGACGACCACCCGCTCCGTTAGCTACCTCCAGGTACGAGAAGAAGATCTGAGTCCCGCCAGAGC,508,49.21,Saccharomyces cerevisiae
SEQ_504488,AGTATCGAAATGTATCGACCCATAGCTCTTAACATATTTATCGTGTTTCAGATTGGTCAGACAGACTACAGACCGATGACGTCTCACGCTTTTGGAGAATCTGTCCGCGCTGAATCCACATAGTTCTAGTTCGCGTATTGCTAGCGAACCCTCCCCGATGGACTGAATCGCGGAGAATGACGCAGGACGGGCGGCTCAGGACACTGTCTACTCCTGAGCTTTAGTGGACCTGTCGGGGAACCGTGTTGAAGGAAGGGAGAGTACGTCATCGTGCCACCGTCTGTCTCCGGGCGCTTGATATGTAGAATCGCCTACGTGAATTGAATTAAACACCACGTCGCAGTATAACCGAGTGGTGGACTAGCATGGTTGTAGTGATACGGCGGCCTCATCGACCGTAGACTTGATCATGAGCTCGCTTTTCCATAAGGAGTTATGGCATAGCCACAAGTCCTCTTTCCGCAAAACAACTCTACTAGTCAACCCATTCCTGAATATCTTGCGCAAAGCGTAACTACTTTTCGGACTAACCGTGTACTATCAAGCTACGGTGTTTTGCGGATGCTAGGTGGCGCATTTGATTAGGGCCGGTGAACCCCTGCTTCACCGTGGTTACGAGCGCTGACTTATCTCCTAGTTCATGCGACTGCCTACGGAATAGGCATCAGCCTTTAAACTAATGAACCGTTCTAAAGCGTCGCAAAAGTGGCCCGCGAAGTTGTTCCATGCTGAGAGTGGGGAGTTCTGCCATTTGAGAATGTCCTGAAATGTGACCTCCGCTCCGCCAAACGGAACTTTGAATAGCCCGGAGCTAACGTCTTCTTAAATGTGAAAATCCCCGGAAGCGGAGCCCACTCCTACTTACGCCCTGCGCTGCAAGCGTGGAAGCGAGCTTCGGATGGGAGCACCAGGAGAGCACTAAAACGCTAGTCTTCGTGTTACCATCACGCGACACTAAACGAATGTAAGCACTAATAACCGTTCCAAGCCGAGTGCTATCTCGGCTAATGGTCGCTGATTGAATAGTCGCGGCAAAAGTATCCGCCGTTCATAGACAAGATGCCTGACCGGCCCAGCCATACCCCAGGCTACTGTTCCATCAGACCGCTTCTATTGCGTGGGAATCATCATAGGTAGTAGATAATTAGCGTCCTCATGTCGCCCTGATAAAAAGGTCAGACAACTGCCGTTTGATAATGAAGGTTTTACGGCGCAGTTGAGTGATTTTCGATATTAACGCCACCGCCGTAAGGAAGTAACGCTTAGCCGGCACCCAGTTACACGTCCAGGCTCCCTCTACGTGTCCAGTCGCTGCCTTCACAAAAAAAGGCACGACAACTGCTCGTGCATCCACAGGCCAAAATCTGATCATGTTGGCTCATTGGTAGTAGGATACACGGAGATAGTAGTAGTACTGGATCCGTTTCAACGGGACTTCATACTTTCCGCTAATACGATCCGGAGTCTAAGTTTGGCCTCATTGGAGCAGCAACGAAACACCCATTCTAGTCCGAACTAGATTCATGGCCACATTATCGGGTCGAATTCGGGATATGGGGAACGGTAGCTTGTCAGTGGGAAAGAGTTTTTTCGGTTAAGGCTATGTTGCTCCGCAGGGAATAATGAATCCCCAGAGCTCCAACTGGATAGATAGCATCAGATAGCCTGCCGAGAATCTCAGTACTGGGTCAGTGCCCCTTTTCCATCAAAGCTATCCTTAAGGTGTTGTCATCTGACGGATCGAACGCGGCGACTGGTGCTCTCTGCAATAAGCGGAATACAGCGTCGGAA,1791,50.03,Saccharomyces cerevisiae
SEQ_244792,TGTGTAAGTTGGTTACAGCAAGCCAACGTAAGGTAAGAAAGGGTAGTTCTGACATCACCGAGCTTGCACCGTACGCCATACGCTCTAATCCCTGTGCCAAATGCTTTAAGCTGTCCTCACAGATACGGCGTCTGCTTGGTGGGAAACGTTGTCAACCTGGGTTACCATTACACCCCACTCTGTTCTCTCTGAACTACAAATGGACACGGCACCAGTGCTCCGAGGCCAAGCGTTGAATGAATGAGTTTAGTCGGCTAGAGAAACGCTGAGTCCGGAGCCGTCAAGGAGCAACAGGGCACCTGTGGGCACCCTACGTGGCCTATGGCGAGGGCCCACGTAATCGCCCCCAAAGGAGCTGACTGTAGAAATGTTCTTTCCGCGAGATGTGATGAACACGGGTACAAGGGCGCGGGCCCAGTCCTTTGGAGTCGAAAAATAAGGATAGGCACACTGAGAAGGACTGAATACCCTCTGTCGCCGTTAGTTCAGAACTATTATTCGCTCCCATTCAGTTGCGTCATTTTTTGGACCGCCATATTAAAACAGCAATCTGCATGTCGGATAAGAGAAGTTATGTTATTTTTCTTGCGGGGAATTAATTCCTGTTGCGGTACTTGTTGCCTTACACTTCCTTCGAGTTAATTCGGTAAGCGGTGGGAGCTGACCGCATGCAGGGTTAACCTTATAGAAGGGCTGTGAGAACGTAAGAGTTCCGATAAGACTATCCCAATTAATGTGGGTAGGCCTAACCGAAGAGTTCCCAGCCGTGGATTTAAACCCGCGTTAGAGGCAAATGGGATCATACGGATAAGCGGTGATATGCCCGAAGTAAGCATAGCACAGGTACAACCGAATGGAATACCCATTGCGTCCCATTCTGTACGTAGCCTCTGTGGTAGGTGCCCACGCTACGATTCCTGAGGATCTAATTAACCTCAGATCTTTTGACCAAGTTTCGACCCCCTAAGATCTTCGAGCCCTTGCCGGGCCCTCACAACTATTCCGGGACGGGCTACCATGTGTCTAATATTCCTTCAATGACCTCCGCTCTAGCAGTGGCCTTACGCAACGATGCTGGTAAAGGCTTATGAAAGAGTGTAGGAACAGAAGCTGTCACGCCGTTTGGCTTCAACCACTCACGGAAACTTACATCAGTGCCAAGGTTTATAATTATGCGCTTTTTTATATAGAGGTTGTCAGACTTCGTCTCAGAATATTAGAAGGTGACTAAAGATACAAGCTATTTATGGTCGTGCCATCGTAGCTGTCCGTAACAATGGGCGATATGTAGTTTGC,1296,48.69,Escherichia coli
SEQ_858124,TAATCCGTTTTACATGTTGGCGCCGAGACCATTGACTGGGGTTACCGGCTCCTAGATACATAAGAATTGGCGGAATCACGGCAAAGGATGTTTCAGAAGACGGGGCAAGTTGCGATGTATCACACCTTTTCCTATGCCAGACAAACCCGTCTTGGGTGCTGTTGACGGCATTTGCCACTTACTCGTCAGCTGGCTCACCATAGAGTGCACTTCGGACGATGGCCCCCTGCTACAAGGATGGCATGGTCGCTGCCGGCTCCTAGTGTCCTCGAGGACAGGATAGATTTAGTCTGCTGGACCCTAGCATTAATCGGACAAGATAGTATGTCCTTGTCCGATTCCTGTGTCTGCACCAGTGATCATTCCGGCAATTACCACTCACCCGGCGACCTACTTGATTGGTCTGATCCGCCTCCAGCTACAGGAGCGATTTCTCGTCCCTAGTGCCGAATTATCCTCCCGCCAGTTGCTCAGGTAGTAAGAGCATGGAATATCCCTAGGGAAAGCATTGCCTTATGAACGAGAACATTAACATAGCCTCCATGGCTACTATACGGATGCTGTGAACCAAGAGTGATACCA,582,51.03,Caenorhabditis elegans
SEQ_761471,TTTGAGGGCAAATTTGTTCCGCCGCGCCTCATTGATCGCAAGTCCACAAAAGCAGATTAATGGACGACCTTCTGGCAGCCTCTCGAACGCGAGAAAGATTAACGGATGACGAAGCTTACGTAGCTACTACATAGTGTATAGTGACGGGCCACACGAGCATAACTGCTTCAATACTTTTATTTACAGTTAATTGCAAATCTAGCATCGGTAAGGCCCCTGATTCGATCGGCTTCCCTGCAGTTGAGCGGTAGTTATACGGTCGATTGCTTCTTAGGAGACCTTGCTCTCCCTAATTTCTGTAAACTGCCTGGACCAGGGCCTGCGGGTCTCCTTAGACTCAGCGGAAAGGGCTCTGAAGCATGGATTAATACTATTTCACACACATTTTGCCTTCGCGGTACGCTGTAATGGGGGTTTGCCCTATCTGTTATAATTCCGGTAATAACGTGGTTTCACGCATAAATAAGGGTACCGTGACACAGGCATTGGGTGCGCCACACCATCTGGAACCCGAGACTCTACACGTCTCCCGCACTCTGATCGATACTCGTATAACCAGGCTGTATGTGTAACAGGGCGGTACATTTTGTTCACGTGAGGCCAAAGGTCAAAGGGCGCTCCGTTACTTGTAATCGTGTTATAACTGTGCACGTAACGCCTGCGGGCCGCGGCCCTCCTAAACGGGTAGACATGTAATATTACATAACTTAAGAGGGAGCTAGTCCTAGACTGTGTCCTACATGGTCGGATTGAACGAATATGTATTCTAATCGGCATTAGGCAATTAGTAGAAAGACGCCCTG,803,48.19,Caenorhabditis elegans
SEQ_327414,AGTGACGCTGAGTGGCTGAAAATTCGGACTTTTATATATCCGAGCTAAGTAAAGCCGGTACAAGAAAACCTATTAAAGTGTCCGTGTGAGATAATACATGGTTACATAGGAAGGCTCTCTCCACTTGCCTCCACGTAGCAAACCGGAATGGCTTGTGTGAGAGACAAATTGAGGGCCTATCCGAATTTTTGGACGGACAATTCGAGAATACCAACAGAAATGAAATGCAGTTCCGATAAATCCCTAAACGAGAAAATGCAAATGGGCTTTGTTCCAGCAAAAGACAGCTTGTTCCGCACCATCCTGCACGTCAAGTAACCCAGATTAAGCCAGACGCTGAATTATTAGCTATATGCCACCTTATTCAGCAGCCTCTAATCATTGAGCGACTTGGGGTCATAAACTATCCCTATTCGCGCACGAGTCAGTGCATCTACAAGTACGGGCAAACCTCGGGTCTCCGCAGAATATCAGAGGCTTTTCGTTTAGGACCACTTTTTCGGCTTACCTCGGACCTAGGAGCGTCAAAAGCGACCGTGGGCAACAGATATAACGGGTTTAATACCCTCACGCGCTTCGGGCTAGATCGCCGTCGACATCACGGACCTGCCGGCTTTCCTATCCAGCAGAAGACCCCGTTTGCCATCGTCCATCCATGTAAGAAAACAGTCCCGATTCGATTCTCGTACACTCTAAGCATTTTATATAATGTAGCCTGGAGTCCAGCTCTTGCCACGCGATGTGCGGGGCCCTGAGGACCTTATAGGGTATGCGCGTGACACAGCATACCAGCTACAAGAGGAGAGTATTACAGTATGTTGATCGCGCATGAGGCGGCAGGAACGGCGTTCGTCTCGACGAACTCGGAGGGGATATTCTAGTTGGCCCGCATATATACTGACAACGCAAGTAACGTCCGCTAGTCGTGAGAAGTACGAAGGACCTTGCACGCAGCAGCAAGCTAATGGCAGAGGGGTAAAACCAGGTTTCCATACCCATTTACAACCGGACCCGGCTCGTTCGTATTGCGTCCATGAGTTGAGTCAAATATGTGGACGAACTCGTGACGCACAGAGTCAGCCGCGCAATCCCCGCGAGGACTCCGTTTGTCTGTCATGAGGCCATGATAGTTTTGGCCGAACAGATTTTCAGGGTGTGCCTGCCGACGCAAGCAGGGAGTAGTTGTTGTAAGCCACTGGGTCGGCCGCAGTATTGCTCATATGTGTTATCGAATCGCGCCAATTTATGAAGGACTTTTTACAAAGAGTGAGTAGACGGTAGACGACCGTAGACACTCCGGGCCAGGCGATGCCTATCACGGTTAGGACCAAATGGGAAATGAAGACGTGCACACATAAGAAGGGGTATTCCGGAAGCACGGCTGCACGATGGTATGCGGGATAGCTTCGGTATGCACCTTGTAGGACGCGTAGGGGTGCCCACCGAAAGAAAAGATGAACTTGCGATGAGAAATTCCGCGATTTCGTACACATTACCAT,1499,49.9,Caenorhabditis elegans
SEQ_640913,CGCAACTTCGCACTTCGGCATATCCCTTCTCTTCGAGTTCCGATTCAACGCAAATACATCGAGATTAGGACGTCTGTCACGCTGTTGGATTCCCATTTAGCTCGCGTACAGTACTGGAGTCTGGCTAACTGTGAATAATCAACATGCTCCTAGTCCCTCTAATCCCCCTCGTCGCTTAACAGCTTGATGATACCTAGGTTACCAATAAACGCGTACGTTGAGCATATCTAGCGATGCTCACGTGTCACAGCTCCAGAATACATCTGCGCACAAGGTGAGACGCGCAGCCTTGATCTTTGTTGCCAGGGATACACTGGCTGCGCGTAATCATCATAGTGGTAAGTTCTCAAAGACAACCCGTACAGGTTACACAGAAGCGGTGCCTCTTTCGACCTTCTGGTGGGGTCGTGCCGTATGTCCTGCAACCGCACGAGAGCTAGTAGACGTGTTCATTAGAGTGGTGTCGGATTCCATCAAGCCCACGGCAGGGGGGTTACGAGTGAGTTTCAGCGGTCTTCCAGCGAAGGACCAGCCCTGTAAGGAGCCGATCAAGGATCACTAGCTAACGGTGAGCGTGCGTTCCCAGGGAATTTAGCCAAACCGTCTCACCCCACTTGTCATATCTCGCTCAACTGGCAGGGATGTTGAACTTGACAACTTCCAAGGGCTCCGAGCACATCTAGAGCGACAATCGGGTACACCGGATGGTTCAGACGAGCCCGGTAGTGGCTGCCCTAATAAGGATCTGGTAATAGTGCTCTAGTGAGGTGTTCCTCGGAGGTAGGTATTTAGGAGGCGGGCCATAGAGATTTACCAGGATAGATGATATTGGCGAGGCACAAAGTGTTTCGACTAAATTGTCACACGATAGCTACATATAACTAGTGCAACCCAGAGCATGATGCATGAGTAGTGGGTAACTAGATTTTTACGAGTATGAGTTGAGTGGTGGTGGCTCTAGCGTCGAGCTCACGCTGTAGTCTGCGGAAATAATAACCAATGACTTTCAAATTCCTGTCTAATTGGCTAGGGCTCCACGGGGAACGTTTAAGTAAGTGCCCATGCCAGAATGATTTCTGCGGTGCACCTTGAGGCCACCATTTTCTATGTGTAAACGCTCCCCACCACTCAAGTATGCCTGGACTCTACCTGGTTATGACCGAACGAGGTAAATCGTATACCGATCTTCTGGACGTCCCTAAACCGTCTATGTCCTTTCCGATTAGGATGAAGTAGAGATGATCCAGCCCGTGATTAGCGGAGACGGTAATACACCGAAATTAAAGGCATGTGCTCACTGACTGGGCTGCCAGCCCCTTCTCCATATGAAATCCTGAGTCACTCTACTTAGGCACAATAGACCCGTGTTCTCCGTGTCGCCGTTCGAGACGAGGCGGCAAATGATAATTCTCCGCCGCCGTGTCGCACAATTCAATACGGACGGGGTAACGGAAGATAACTTTCCGGCTGATACAGAGGTCTTGATCTTAAGGCAGTCATCACCGCTTCAGAAAATGTCTCTACGGCAATCCCAGGACTGACCGGTTTTAGCGGAA,1556,50.19,Mus musculus
SEQ_931780,TTTCTTCAGTCGCTGATCAAAGGAACCTCCCTACTGCATGATGAGTTGAGTAATTTTGTTTTGATCGAAGTATCCTAGACGGCGA,85,42.35,Arabidopsis thaliana
SEQ_235224,ACTGAGGAGGGCTCCGGAGAATGAGAAGCGCCGTACCAAGGGCCGAAGTTAGCTTACCCGCCTAACTCCAGATGCTTATACCAGACATGCGTCTATGTGGGTTGCACAGAACGATATAGTCTTAATTATCGAAAGAACCAAATCTATCCCTGCTACAGGACCGTCGAAAATAACTGGAGCGCCTTATCGATATAATATGCCAGGAGAGGCTGGCTTAGGGCGGGTTAGACTAATTTATGCCAGAGTCGTGATGTCGCAGGAATGGTAATGACTGTCGTCATCGACGGAGTTAGGTATGCGCCACAATCTGAAGATCTGGCGGAGCAAATTCCGATGCTTTAGGGAATGTCCGACTCAATTATTAACTCGAGCTTGTGACCGGGAATACGAATGGATCTCTCGGACAATGACCGTAGGCCCCTGTAGATTGTAAGGAACAAATAAATTGCGCGCAGGTGTGTTTACTTAGCCACGCTATGCGCATTAGCACTTTGT,495,48.08,Escherichia coli
SEQ_191192,ATATATTGAAAAGCCAGAAGAACATCATATTTATCTATCCTCCTTCTCTAATACCAGATCAGCAAGGCCCAGGGCCAGGCGCTTGACCTTGACAGTTACTGTAGTCCAGGTCCGTCCACCGGGGTAGTACTAATAAGGGGCGTCAGTAGTACGAAACAAAATCGTCGCGCGAGTTGCTGTAACTGTCTCCTACCGGGAACTGAGTGTCTTTCAGGAGTTCATCCCGGACCATGAGTCACCTCGCGGATCCGCTTCCGTCGGCCAGAAACGTAGCCAATGTTATCACCGTGTCGAGTAAGCCCGGTTGACGACGTAGCTTACCAAAGGACTGTATGGCCCCCGGGCCCCTAACCGTATTTCCTTATTTGGCTCGTGATGCCATTCAGTACGATAACATCGGGAATCAATTTCTAACCCAACATACATGTTCGTATCACGTTCGGAACGGACGACGTGGGCTGTCACCTACACATGTAAAACAATCCTTGAACCAGCCTTCTATGTTACGCTACTCTAGCGTGCCGCACTCCTAGTGATGGCATTGTCCCGGAAGCCTGTCCACAGTCTGGTGGTATCCGAATCAGCACGTCATGG,594,50.84,Escherichia coli
SEQ_906521,GTATGAATGTTTACTTTTTCTCAGTCCCGTATTAAGAGGGTCGCTACGACGATTCGCAGTGGGTAAATACTGACCTATTGGGTGAGGCCGCGATCCCCTTGGCATCCTAATCAGACTCGAAGGCCTCGCGTCTGACAGAACGGTCTCACTTGGGCCCCCTGGGTGCGCAAACC,173,53.76,Homo sapiens
SEQ_312495,TATAGGGGGTATGGTCATCCGGTAGTGCGACACCGCGAGCTGTGACGAATGCAGGCTGAGATTGAGTCATAGTTTCGCGGTAGAATGGCTTCTGCTTCTCGGAGGTACATCCGTACGAAAGAATTCGAGCATTGTAGTTGTGGAGCGATTTTCGATGGAGTAGATGTTTTCTCACCCCTTTATCGACCAATGGGACGTAATAGGAGCGAGGCCAGAAAGGCAAGAGGACATAGCTCTTGTCGTAACGTTCCACGTTCGACGCCACCGGCCGGTTCAATAAGTCGTTCGGCACAGCAGTTTGATCTGGGCTTCTCCTGGCGTGTTCACGATTGTAAAAACTCATCACACCATGAAACCGTGGCAGCGGTTCGCTCGGATGGTGGTTTGATGATCTGTTCATGCCCGGTGTGGTCTGTAGTGTACAGGTCGTAAGCGTACGTGGTTGTTGGCCCTCTTCGGAGCCTGCGCGTTTGGTACGATACCTAATAGATGGATCTTCACGGTATGGCAATGTATCTCTCAGAGTCTCAGGGGGAAATGGTCGCAAATAAAGTTCACATTCGTAGTTGTTGTTATACTGTCCGAGGGGTGGGTTGTAGGAAGAATACTAACATGTGCACAATATGGGGTCCATTAGGATAAAATTCTTTAGGAATAAGCTAGATCTATCTGGAACGCCAACTCTAACCATAAAGCAGCAATTGGAAACAGCCTGCCGGAATAATTTGCCACATCTTCGCGTGAGCACACTTAACTAGTACCTGTTTGAAGTGGCTAAGTGTAGACAACTATGTGTTTTTTTCATGGTCTGTGACGTGTGACTGATCCTCATGTGCAAGGTGGGGTTATACAATAGATAAGAGCGCCATATAACATGTAAGCTCTGGTCCCTTGGAATGCGATAAGAACCTATACACATTCCAACACTATCCTCTGGTACAAAGGAGTCAACCGCAGTTGGTGAATAGTCAATCGTTGGAGGGACCACAACGCCTCGCTTATTAGTCTACACTCCTAGGTATGGGGCCTTAGTGAAACTATGGCGTTGCGGCGACGGAAGCACAAGCACTTTACCATTAGGCTATCTAGGATGCAGTGCCCCGATCATAAACGAATGGGTGGACAGCACTTATGATTTTGAATTGCGAGGCCTTGAAGATCGAATTCAGTTCCCAAATAAGGACTCGTAGAAATCTTACAGCGGTAATTCGGCTCCGTTATAGGGTATGGTACGCGTATCCTATTGTGCCCTATCGATCCGAAAGGGGCTACACCTAACTGATTAGATGGGAGTTTGCGTTTAGACGAGACACCTAAAAAGCCAGATTCGCCATGTCTGTTTTGTACAGCTACAAACAAGAGGATTCCGCTAGCAAGTGTTAGTCAAGTCACGCTAGGGTATGTTGAGGATCCATGTACATAATCAGTGCATCTTGTCATTGTCTGTCTCCGTACAATGTGGCGACCAACAGTATCACCCCATGCCTCGGTCCCCCATCTGGATAATCTAAGCCTCAGAGTGTAGTGCTTGCAAGACTATGCATCTACTATCTACGTAATCGTAAACCGGCGCTAAATCAATTGGCTATTTCCAAACCAGTAAGAACGCACGGGGTGACGCTGTGTGGCGGGTTTCAGGAATAAAAACCGCCCAGCGAATTTGCCAAGCCCCGGTTCTATTCATAGGCCGGCGGACCTGGTGACCAAGTAAGGATTA,1717,47.58,Escherichia coli
SEQ_732091,TGATAACGTCTCGGCTACCCAGAACAAATGCCGGTCTATGTTGACGCGGCGTTAAGGGTGTTGTTACCAGGCGTCTGCGCCAGTGGCTCTGATTGTGAATCGACGATCCGGCGTGTCCTGTTCTGCCAATATGAAGATAGTACGGGCTCCAAGCTTCACAAGAGATCCGATACTGTCTGACTCGGTTCGGGGCACAGCTGCTTCAACAAGGGGAACATAAACTAAACAGACTCAAAGTAATTTCCCATTGTATCTTTACCGAAGCGATGTATGATTTCTCATGGACTAGCAGGAAACAGGTTAAGTGGTTTCGGCCCGCGTACCCAAATAGGTACCGTCACTCTGTGAGCCATTCAATAGGCTCGGCTACCCTTTCAGACAGAATAAGGAAGTCATGAGTCACTAACCAAACCGCAGGCTCAAGTGTCTGGTGCCCTGGTAAAGACCAAAAAAACCACCTGCTCAGGTGATTCACCGCAGCACCGTCTCTTAGCTCGGCAACGAACGACCGCTCTCGAGAATTATCAGATTAAGAAATTTATCCCCCATCGCATTTGAGACGCGCACTGGTAACATCGCACACACAATTTCAAACCCGAGACTTGATTCATGCCTCTTGTGACTCCTACGTCCCTCATGCCACGTTTACGAAGATCTAGATAAGCTTGCACATCTATAGTCAGATTGCCCCGGATAACATACCCTCAGGCTACTAGAG,718,48.89,Mus musculus
SEQ_497753,GCGATGAGCTTTCAACGCACCTGAACGGAGGTGTGAACTTTGCTCAGTCTGGCGAATGCTTCTGAATGAGTCGACATATCCGAAATCGATGCCTAAATTTTAATTTATTAGCTGGAACATGCATGGCTTGCGGGCTGATCAACAAACGTATTGACGTCAATTGACCCAGTCTCTACGATTGCATTATGTGACTTTAGTAGAACATTGCCGGCCAAAGGTTCTGTCACATCTCTAGAGAACGGCCCCAGGCGTAGACATCAAGCCGAGGTACAACACAAGCAGCATCAACGGCTCTGACTTTGAAGTCGTGGATGGGCTGTGTCTTAGTATCGAAAGCAGGTGCACCCGTCCGCCGTTTCGGTCGTGGTCGTGTATCTTCAATACGCGAGGGACTCGCCCGTGACTGCGATATTAACAATTAATTGGTACAGAAACGTTCCCGGGATGGCCGCAACTCATGTCACAAGCCAGGGTGCCGCTGGCGCTTGTCACTCGCTCATTCTTAATGGAGGTTACCAAACTAAGCCCCCATTGTTTAGCTTGATCCATGGTCCTTGAGCACGAAATCCGCCTCAAAGACTCGTAGTTGTTGACCGCGT,599,49.75,Arabidopsis thaliana
SEQ_811246,CCTGCAACAGCGTCTTAGGTAACATAAGTTCAAAACCAATGCCAATCCTACAAAGTCCTTTCGGCGGGGGATAGTTGCTTACTCACATGAGCCACTACAACTAGCGAGTGTCTTCCGCCGCTGGCTGTAGCGATATTACAACGCTCGCGTCGTTACATGCCATGCACGACCATTTAAAAATAGCGTGCTTGAGGGCAAGCCAGCAGGCCTGGGTGCTGTATCGCATGATCCGGCGTCATCGAACAGTGGCCAGCTAGCAAACGTCGGCGTATGGCTTTTACCTGAAGTTTTTCCTTCTCTACGCGTGATCAAGACAACGCATAGGGGAAGAGATCGCTTGGCTCATATAAAGGTCAGTATAGATGACGAGGTGGAAATTCCAAGGAACATGCTCAAGGGTTATGACTCAGTGACGTGATTTTTCAAGGTCGCCGCAACCGACCGGGTTGACAATTAATTGATCGCTATGTATTATTAGTCTGAGTAGGTGTCTGGAAGCTAGGAAGTGGCCCCGCATAGCCTTAATATATCTTTTACGGAACTTTTAGTCGCAATCTAGTAAATCATGTCGGGATCCTATCTGTACGCCAGATTGTCGGGAAGCAAGTGAACCCGGCTCATTAGATTTCCACTGAATATACTGCACGGAAATTTCGGAATCATATACGAGCAGCTGTTTTCAACGTATACACTACCTCTACACGAAGAAGACAGGCCCTAGAGCTCTGCTTTGGCTTTGGAGCACATTTTACCTCAAAGAAAGCGCGAATAGACGTTGCCATTTTTAATAGCCCCAAGACGCCCTCCCAGCGCGCTCTGACTTGTTGAGAGCTGCAGTCGTCTGTAACGCCATTTTCTTTTTATCTATTGCCGTTTGTTCTATTAAAAAACGAAATCGCGCTCCTTCAACCTAATGTACACTTTATGTAGGTGGGCCATAATGCGCCAGATGTTCCGGAACACTCTAATTACCTACTTGAGCCTAAGCTCATCGTTGCAGGCTGACAGTGCACGGGCGGAGACACATAATTGTCGAATATGCTGGTCTCCGGATGGAGGTGTCCCATTTACAAACCGAGAATCTGAGATGTTACTATGGGAAAGTAAGGTGGCTACTTCAGAATTCCCGAGGAGGATGATCCTCTGGACGCGATAACAGGTTGTCTGCACGATTCCTACTATTGCGGCCTGCTGTCTCATACACTAGCGGCCGCGTAGATAGTGTCATGTGGACATATTGTTAGTTCTTCACATTCAAGCAGGTAGCTAATCGGATATTATCCAAGGCTAGTCCACATAAGCTTTAAACGACGGATACGGCTGCAGGCCCGAACGAAACAATATTCCGATTGATTGCGATGTCCTTCGGGAGTGCCATGATACTTAAACACATCTTTAGCGAATGAGCAACTTTATTACTCTAGTTAAGCCATAAACCACTATAAAATTACAGCCCACTAAAGTGGGTTGATGACTAAATCGTCGTTAAATTACCGCTCAATACTGTGATTCCTCTCCAATTGAATGCGAAGACGAAAATAGATGGCGTAGGACTCAT,1558,46.15,Caenorhabditis elegans
SEQ_587553,CATAGGGATCCAGGTCCAGCTTTAGCTTGGTTCCGGACCCAATTACTTGTTACCGATTTCTGTATCGCAACTGTGGGGGCAGGAGTATCTGCCTGCGTGAGTTGGGCATTGACCGTGCGCGCCTCCCGTGCCATTAATTCATGACGTTCGCCTGGTTCACAACGGAGTATTAGTTTCCTCCGGGAACAAAAGCCTAAGAACATAGCAAACCGTAGTCGGCCGTTAAATCTCAACGTAGTGAAAATACCAAGTGCGCTCTGCAGTAAGTGCTGCCTCTATCACCTTTCGTCATCGAGCCGGTAGTGAAGACTGTTATGCACGCACACTGTCATTGTACGTCGTCCTTGAGAATAAAGGTACGATCGCGGTTAATCCTCCACACTTACATGAGGAGAATTAGGATAGCAGCGCGGTAATCGCAGGGAACGTTGTGGTAAATACCCCTACTAGTCATATAGGGTCACCTCACGGGTAAGGTAGTCCGACGTGCTCATTATGATCCTAGCAGCATACCCCCCCAGTAGAAACGAGATCAATTTCATTTCAATTGGCTCTTGCAAGTCCGATAGGCTTGGCGATGGACTTCTCGGGATTAGAGCCACTAACCGCGTCCCTTGGAGAAGCCCGACCGGAGTGAGGAGGGCCAGACCATTGTTACTTCTGGGGTGGAAAGCAGGGGTTCCACACCATCAGACGGTGCTCCTTTTATCATCCGACCACTCACGCGATGCCGGTTTTCGGGAAAAGACTTCGGCTATAACCACGTGTCGTAGGTGAACCGGGTGTGATAGTGGCTATATCTAGGCCGGTCGAGATTCCACAACACGGTACATCCGATGAGAAGGGGACTAATGGAGGACACGAACCAACCGGCGCGTCGGATGACGTGACAATTTGACGAGAAGGGCCATAACTGGAGATGCATCGAGCATCCAGGCTCGTAACATATATGCGCACCTCTATAGAGTCAGACGAATCCATCACATAGCGATCAGATATTAGTTCCCAGTCCAACTCGGTGAAGGCTTTAGCCAAAACTTATGCCATTCACAGGTATCCTTCCTCAATGTTGAGTACAATATTGACCTGTGGCGGTCGACCTATGTTCCCCGTTGAGCGTGAATAAATGACTCGTTGACAGATTCCACCACTGTCTGATAACCGGTGATCGCGTGAGACGGCCGGATGCAACGGTGCGAACCTTGGTAGCAGTCCGTTCACCAAACAAATACGCTGGCAAGATAATATAAGAACCTGGGCTGTTGTCAAGACAATTGGTTCGCGTCCAAAAGTTTGCTCATGTGCGGGACCCACAACGCGTACTGATGTAGACTTGCGTCGCCGGCCCCACTCTCCCCGGACTGGTCCGCTCTTGCAACCAGAAAAGAGCCTGCAGCGCGCGGCCGCCAATTCTATTCATATGATCAAAACATCACGCACTGGTGTAAAATTCTAAAAATCAAGCGCCCTTTAAAAATTAAGCCCACGAAATCCGGGGCCCTGACGGCTGCTATATGTCGAACGTCACGCTGCTAGATCGTGACCGGCGAGCCCGACTACCAAGCGCGAACAATGGCACTATGTCGATTTGCACTCTAAATGTGGATGGGTCTCGTAGCTGCCACACTTGCGAGGGTCGTTAGGGCTACATCGCCTCTTACACCCTGAGACGGGTGCGGACACTGCTATATAACTTGAGAGTTATAGTCGTTGCCCACTAGTAGTCGCGGAGTAGCGGGCTGTGGTGACGCTTGTAATTGAGCCAAGACGTACCAAGACTTGGGCGTGATGTAGATGGTACCATCGTTACTACTTGGCGGACGAAGCCACTAATCTCTCGGGCGTGGAACGAAACGGTAGGTTATGTCGACGCTGCGGTAGCGCACGGCTCCTCACAA,1898,51.58,Caenorhabditis elegans
SEQ_139902,GCACTCAATTGTAAATAACTTCACGTGCTTTCCTATATTTCGAGCCGGGAAGAGCGACAAGGGATAGCGTCGCCGCCTACGTGATAACGTCCTGCTACGCCCGACAGCCTGGCGTTTTTGTGACTTCTCGTAACCTGGCACTGCGGTCTAAGGGTGGCTCCATAATCGAGGGTTTCTAGTGAAAGTACGGAGGTCCCTATGTAAGATCAGATGTGCAATTAGATATATAGTAGAACTTAGACCCTCCTCACATGTTTGGGTCTAAAAGAGGCCAGACTCTTCCTGTAGGAGTTAAAAAAACGTCCCACTGCCCTAGGATTTGTTTTCACGTACGGTTCGGGTCGTTGATTATATGGAACTGGGGAACTTGATCAAATGAATCGGGTTTGCACAAGATTCAAGGTAGAAGCGTATCTTTCCCAGTCTGGCTTCTCACCCACGTCCGAATTGGCCTAACGCTGAGGACCTACTCCAATTCAGGGCCTCTGCGCTGGCCTACCAGGGTTCCCGGGCCCTACAGGCTACACCTACTGCGTTACGGTGGCCTGCACAGGTTGGGGGTTCAGGAAGAGTATGCTTTCCTCTCGATAACGGACACCATGTGTAACGGAAACGTGAGGTTCGTCCCCTGGTTACTCATGGAGTGACGCGGGAGTGTTACTTGAATGCTGGACCCGAGTTGTAGGATTCAGAGCAGCCCGGGGCCGTTCGGCTTATCAATGTATTAGAATCCTCAACATTTCGCGGCGGGGCGGTGTTCACTTCCGGTGTGCGTTCACAGTAGCGCCAGTCGACATGTCGCTGGTGCCGCTGCGCTTCCACCTAACCCACATCACCAGCTGGTCTATCACTTGTAACGACCTCATGGATCGATTTTCGGGAGGATCGCAGACTGCAAACCAAGCGAGGAGTAGGCATACATTATGGGTGATCACTTTGGGGCGCAGGGCATCAGTCACTACTATAGGTAAATTGATGCCGGGGGCTGAAACGTTTGTCCCATGGATACAAGTCCTGTTACCGAAGGGGTCCTGTTGTGTGCAGCATGTACTATTGAAACATCGTAACGGAAGAATCGCTCAGGATGCACTGCAGTATTCTTCATGCGTCAGCACATCTTGCACGTATATACTCAGTAAGGGACTCAGGAAAGGGCCGATAATGTCTGTTTGACCTCGTCAATAGCAAACGGCTCGATTACTATTTCCTGTCGACATACTCAACGACACACACCAGCGTCGTGACTCCAGAACCTGAGCCCAACCGCTTCCCCAACTTTATCCGCGGATTACGGGGAATACCATACCGAGTCCGATCTTTTCTCAGCTAAATGAACTACATGACGATATTGTCCTATAGACGTGCCTGAAGAAGTAAAGGAGTCCGTGTAATGAATTGCGTTCGACCCAACGGTGTGAGTTTAACCGCTTTTTATGGCGTATGTCCAGTTACTAGACTTATGCAGCGTCACCCAGAGGGAGCCGAACCGTCTATTGGGGGGATGCAGGACGAGTTCGATTGGCTATAGGGTCAGGACCCTTTTAATACGTGTGGTTCTCAAAATGCTGACTCAAGATTTCCCCCCGGACGAACGTGCTGAGCTTTTGTTATCCTTCTCTATACGGTTGAAAGGCATTTTCAATTTCCCATCTTGCCGCGTTCCGCAAGAAAACGGTTACTTCCACGCGGTTAGGCTGGACCACACTGTCCTCAGACCATGATTACGTGGGCGGGG,1735,50.61,Escherichia coli
SEQ_404175,GTTGTTCGTGACCACAGGCGCACGGACAGGACGTAGAAAATAAATTACCAAGGGAATCTGACGAAAACTGAAAACTGGTTTTCTCTCCTGCGGCGAAACGGTAACGAGATAGGCGAAACCCCCATGTTAGTCTCGCTTACCCTACCCTCGTTAGACTAGTTTACCTTTTGTATCGCGTGTCACATAATTGGCAGTCCCCACCATCGCAACGACTGCATCGCTCACGCAGCTACCAGTAGGCCTCAAGATATGTCTACAGAGCAACAGGATCGGCTGGGGACAAGTTCACAGGTTCGCAGTGGTAGGTGCTCCTATACGCTTACTTCCCCCCAGACTCGAAAACAGGAACATATAGCCCTGCTCTCAGGATCCGCCATATAGAGAGGTACTTCAGACCTAAGGAATCAGGATGGGTTTGACTCTAACGCCAAGTCTCCTAGAAGGAGCAAGAATTGATACTGACCTTTGTTTCGCCCACTAGAGAATTAGCCGCTATTTTAAGATTATCCCTTCACCCGCCTAACCCGTCAGGCGACGCCTCAGGCATGGCAACGGTACACTTGTCTTACTGTCGTTACGTGTTAATGTTACCCACGTTACGCGCCAGGGAATACACGACCAAAGACGCAGCCCATACCTAGAAGGAAGAACGGGTGTACTTAATTCCAGCTCCTCCTGGTCACCGTCGACGCAGGTTGTGAGAGCACGTTCGCCCCACTGCGGTCCTGAGATATGTGTATAATGCGTCAGGTTAGATCGATCTCCCTAAGATGAGACTATCGCCGTCGCACCATCACTTGGAGCTGCCTCTTAGGAATGACGTGGCTTTCGTTTTCACAAGCCCTGTATTCTCTTACAAGGACGCGATTAATACGGAAGGGACCTGGCGTGACGTCTCATGACCGGCCGTTTTGCGGAGTTGGGCGTCTTGCTTAGTGCTTCGGGGTAAGGGTTTGAGTTTCTGAAGGCATAATCCCTTTAACCTATCGTGTTACCAGACGGCTTCGGGTCGAGTAATGGCTGCCACGCTCCAGGGGAGGATTATTTCGTACGCATGTGAAGCAAAAGTGACGAATTCGAAGCAAGGTTGATAGACTCATCAATTCGGGACGTGCTACTAGGCAAATCTCGGTGAAAAGCGAGTATCAGTCTGGGAATGGGGAGCATTATGCAATACGGGATGCTCAAGTTTACCGAGTAACCCATCTAATATGTTATAGAGGATACTATCGAGCTCGATGAACTGTAGCCGCGTGTGGCACGACCCTAGATCACTCGCGCCGGATGAGGTAAA,1294,50.31,Homo sapiens
SEQ_232023,TGCTCTACCGCACCGTGCTCCTGACAGCACACCACAAGCCTCGGCAGAAGAACGACGGGTCAAAAAGACAGTGCCTTCCGGACGCCGCTGTCCGCTAATATGCAGCGCATTGACAGACTGCTCCGATCATGGGGAGCCTACTAGGCACTCACATCCGCGTGAGTGCCTCGGAGCCAGCAATTCTTCCACAGTTCCATGCCACTAGTTGCCATCGATATAAAGGCCGTCGCAACCAGCCCACAAACACCCCCGGATAACCCGTGGCCCAATCGTAGGAGCATTACTCCCGGTCAACTAAAGGACGGGGGAGTGACATATACCCGGCATCTTGAGATATGGATCTTGGTGTACCGGCGTAAAGGTACCGCTAATTAGACTTTTTTAGTCATCTTGCATCTAATGTGTCGACGGACACAATATAGCAAACTAGTGATCGATAATTCTAGCTGCGTCCAACGCTACAAGCCCGGGCTGCATATTCAACGAATCTCATACACTCTGACAGCCAGGTTTACACTTCCCACTAATACGCACATCCAACAGGCAACACCGGTGTCGCATACGAACACTAACTCGATCCCCGGCTAAGAGCAGCCTATACAACTGTGTCAAATCGTATGAGATGTCACTCCGCTCAGCTTGGGCGTGACACAAAGCGGCTATCGTGATTCCTTGACTTGGTAAAATGTGCACCAAGCTCCTCTACAAAGTATAGTATGGGGTTGCCGGTGGTCGTTCTCGCAAACCTCTCCGCCCGTACTAGC,764,52.09,Mus musculus
SEQ_316935,GAATCTCAAAGTCCCTCTTGGCGGTTTTAGTTGCGCGTGTCCTTCATATGGGTTGGAACGATTATCACTATATGAGGAGAAGTATACCCGGCTGCCTCGTCGATGCAAACCAGTCGTAGAGTCGAAGTAGTCTACTCCAAAATATCAGTGAATTGGTTCGATCGGGATATAGCGAGGAAGGCGCACTGCGATCCTGAGGTTATAAGAGAACCAAAATGGAAGTGTTTAATTTTCGTCGGATATAAACGGCTATAAGGGCGCCATCTTAAGGGCAAGGAACACGATTTCCATGCGGAATACCCTATTCGAACGTGACTCCACCTGAGTACAGAACCTGCCCGTCTTGAGAAATGAAATATATACTCCTTTAATG,373,45.31,Escherichia coli
SEQ_213268,GAGAAGCACAATTTGCCTGTCTTTGCTGGTTGTACGGGAGGGTCCTAGAGAATAGGCCGAGGCACGTAGGTTGCGTTGTGGGACCTCTACGGGGAAATCCCGGACAACAGCAAGTAGGGCATAGAAGCCTATGTGCGCGCTGGCCTTATCCGGCGGCCTGCATCGCCTCCAGAGAAATAACCAGGGATCGATATCCGAACCAGCATCCGGGCGCCGGGATCAGGCTGCAGTTAGTTAGTCGTACGGTCTTCCATTGGCATAGAGTGTGGGGAACAATATCGCATCAACAATCAGCCGCCGTTGCAAAGCCGGCGGTCCGCACGAGTAATATACTCTGCATTCATATATGGCGTGTTGATCTAGTCAGACCTCAACCACTTTTTCGCCTAATGACTGAATTACGACTAGACATGAGGGCTAAGAGGCGTATAAGAGCGCCAGTACGCCCCTTCTGGCAAAACTCCTGTCCCGTTGAAGTTCAGGCGCCCGGTTATATACGTACGTGGGTCGTCGTCGAGAGCCTGGCTCCTCGCAGATCACCTTCCTCCTTGAACTAATAACCGGGGGCGCGAATAAAACCTAACACTCCTCAAGCGATGCCTAACGGAGGATTTTTTCCCTACTGCGCAAGGGTTGCTCGTTACTCCCCACCGGCTAACAGTGGCGACAGCCTAGACTGTCACTCGGGGTCCGAAAGACGCGTGCCTACCATGTTACGGGTTCGTGGTCATATGTCGGTTATTGTAGGTCATGAGCCGCAAACCGCAAGTTACGTCCGAGGAACAACGGTGTTTCGGCCCACTATAGGGGCAGCGGGTTGAGGTGCCGTCAGTACGAATTGTCTATCGGGCATGAATACCACATGCGTAGATGCTCAGGAACTGAAATAGATGCCACTGAACGAAGTAATCCGCGAAACTGCCTAGGCTGTAGGAAGGCATGGATGTGCCCCCCCTATCGCAGTTAATAATGGGCCTTTGGAGTTATTACTTCCAACTTAATAATATACAAACTTAGGATGCGCTGCTCTATATTTTATTCTTGAACCGACTTTAGTGTTGGTGCACACCAAAAATACCCATGGATGAGGTCATCTGCCCTGATTGTGCTGTCTACATAAGAAGTCACGGCTACGCGGACCAACCTGGATAGTTGAGTCTTGGGGCCACGCTCTATCCCAACGCTAGATCTGTGAGGATGATCGAATCACGCCTTATCACAGCTCCAAGGCCGCAGAGGCTTAACTCTGACGGGACGTCTAAGCATTAAGTTTCAGTTAACAAAAGTCTGACCAAAGATGATAACTGACATGTTCTTTCTACTTTCTAGG,1330,51.13,Arabidopsis thaliana
SEQ_383990,TTATAGCTTAGTATTTGAAGCTCGGATAAGCCGCGTGCTACTTAGGGGCGTAGGCTCGCACATCATTTCTTCTCTCAGGTGTGGCTTACCCTTTCCTGTTAACGCGCAAACGCGTGCCAATGATCCTGACCGACATACCTATACGGGACATGGATACCACCCCTGTTCTTGGGCTATTTTCAAAACGGGGATAGCCTCAGTTTATGAGCTCTTCTGACTCACGGGCGAGCAGCTGGCTCCTCTCAACGTCGGTGCACGGCTCGGCCGACGCCTCAATAGGCCAGAGCGGATCCCTCCCCCGCTGATGGAGTATTATGCGATTACGGAAAGCTTGTAGGGCTAGTTCCTGCCGTATGCTGTGTACGGATTGTAAGCCGTCATGTCTCATTTATAGCCCCTATGGACAAAACTACAGGGTTGTGTAACGTTGGACGCCCGCGCCATGCGCTCTCGTCGCTGCTGACTCCTTACGCACGATCGCTCCCGAGACAGTGGCCTCATGAGCCGCGTACCCGAACTCCGTAAGTGCACGATCGCGAAGTCGGGTAGTCCCTTTGTCAGTCACTCTACTCACACATCCGGTGTTAGGTCTTACTAAGCTATTGAGTGAAATGTACCCGACCTATGTCCAGCATTGTGTAAGCCCGGGTATTGGCCAGAAAGCACCGAATACTATTTATTCTAGACGGAGCACTGTATCCCGGGATCGTAAAGAGCCTGGATCGTGTATTCGTCCGATCTGGTTAGAAAGCAAACGTTCACTCCAAATCCTGCCAATAATTTAGGCGTACTAAGTCTCCCATGGAATGGCGGCAAATTCTCTCGATGACTTTGCACGCAGCTATTAAGGGATTGTGTTTCCGAAGCTTTATACTCACCGAAAATAGACGACCCGTACCGGACACAGAATTCCGAGGTGAACCGAATGCGAACGCTTTTCCATCATCTACCCGTACGTGTCACTAACTAGGGATCTGCGTCGGC,984,51.63,Mus musculus
SEQ_952108,CAGGAGGGTTCACTGTATGGACATCAATTCGGTTCGCCCTGCGCCCAATTCGCGAAGGACCATCTCTTTATGGTACCAAGTACCTCGGCATTACAGTCCTTAATCTACGTGTTGCTCGTCTGGAAGACCCATGCAACGCAGACGTGCAAAATTCTTTGGTTTCCCAATCCGAAGACGAGAGAGCAATTATACTTAATCTCTACCTCTTAAGAAAGCTCAATTCAGCGATCGTCAACGCATTGGCCCATAGATTACACAGCA,261,47.13,Drosophila melanogaster
SEQ_758640,CGTATTTCGGGGCGTACTGAAGCATGCGGCCACCCAGACAACGCCTTACCTATTACCGTCTGCCGCCTTCAGCATCCGAACTTGTCTCACCCATGACTGGCTACATATCGAATGCCAGATCTGCTCAGGTCACACGAACGGCTTAGTCTTTTTACCCCACTAATCTCAGTGTCATCGGAGCGAGTGGCCATAGAATTCCAGCCGTGTGCGAGGCGTGGGCGCGGAATAGTTCAAAGTAGTCTCACCATCATAGACCCTTGAGTGTTGCGTCTCGGCCGTGCCAATTTCATCTGACCCACAAAGGGATCCGCAAGCTGCTCATAACTGCCAGAGAGGGCACCCTCGGTATCGCTGAACACGCCTAGTTCAACCGGCCTAACGATCAGCGGCCTAATCACTCGCCAGCTACTAGGCTCAATTTAATAGAGTTTGCCTATCTATAGCGCGCTCTGTAAAGGGTAGGCCTCGGAGGTCTGC,477,53.88,Homo sapiens
SEQ_951536,CATGCTGTGGCATTTGCGAAGAGCCCACTATTCCTAAGGTATCCTCTAAGGTGGATAACGATGCCAAGACGCACATCATCTGTACCACGTCGGGCTACGATCGGTTTGAAGGAGATGCAACTGCCTTGTTTCTCAATATCGCCACACCCCTCGGCACCGTAGACTGTGGGTTAGTAACTGGACTGTCTATATTGGATCATTTTCCTGCGGAAATCTGATTGATTTAGAAAAACCGCTGACTAAAGGCCAAAGAACGACTCGTTTCCGTCTCTCAGGCCACTGCACCACAAATGTGCCCAGTGATACTCTTACGATGTAGTGCTTGGGCATAGCCATGGAGCAACCCAAAATGTTGACATAAGATTCATTCATCGTTGGGCCACGGTTAATGTGAGCCATTTACGTAACGACAGAAGGGGCTAGGCTGGACCCCGACTACTAACTAGACGTGCGCACTATGAGACACTGCGTATGACCCGCCATACTTCTGTATCCGTTCACTGTTTATCTGCAGTTCTAGCGGTTAATCTTAAAGTAGCTATGGTTCACCGTTAGCGGGTCTGTACAGGATATCCACCGACTTACACCA,589,48.22,Escherichia coli
SEQ_353178,TGTACGCAAATTTCCCGGGCTGACACGCGCTGACGTAATCGATCACGCGATACTCAGCCACACCCCAGATTCGAGGGTCCAGTCTTATCACCTTACTTTTAATCACCCTAACCCTACCGGGTAGAGTAGAAGCTTTAAGAATTACAATGTTGAGCACGGGAAGAGAGGCGGGCCTGTACTCTTCGTATCTTTGGCATAATTATGTTCCTACTGCCCCACTGTGCA,225,49.33,Mus musculus
SEQ_790894,CCCCTATCGGAGTCGAGACGGTACTGCCGCTTTGCAGGGGAGAAGGCGCCCTCCCCTAGACTCGGAAGGGGTCTGCTCTACGAATTATCCGAGGACAGGCTGATATGGTAGTAAAGGCGTAAAGCCTTATAGTGCCCCATATCGGTTTGAGCACTCATATCAAACCAACCGATAAGGGTAAGTGGGAATGTACTTAGTTGTCAGCGGGGATGAGAAACAATCCCGGACTGGGGTACCTTACAATGACCCTTCAGTCGAAATACGGATACGCTTGATCCTGGGACCGTACTGACAACCAGGGGACCGGCAGCTGCCTTAGACAGCGCTTAGTAACGCACCGTCAGCGTATGGCGTAAATTCTCTTTAGCATGTCCCGCAATCCGCATGAACCCTTCGGTTTTAGAGGAGTAGACCAACAGGGGTATGGCGTACACGAACGACTTTATTAATCCAACTACCTGGCTGCAGAGTGCACGATTCTATGCTGAGCATTTGATAACGTTGTAGTTCTAGTGATATACACGCGTAGCGCAAGATTGAAGTCCGCACATGTAGATCGAAGAGAGAACCTTAAAGGTATTTCGTGCGAAAGAGTGCAGCAGATTCTAACTAAGCGCCCTCCACAAGTCGCCACCTTACTCGGATAAACGTATTTGGAGGTCAAATATCAGAGCATTGGCGTCTCCCGGCGTTGAGTCTATCTGCTCTGGCCGGTCCCGGACCAATAAGAAGCGGCAACGCTATCGTTCATTCTTGAAGCGGCACTGTGCTGCCAACGGCAGCATGGGAGACACGTGATGCTCCCCATACCTAAACATGAAACGGGATCTTTCTGGGGTTTACTCCTACCCGAGGCAAGTATGTCTATGTAGTCTGGACGGACCCAGTAGATGCCAGCTCGAGTCCGCTTGGGCTTTGCTTCTGTGTTTACTGCCCGATTATCGTGCGTACATCACCGATTTGCTCGCTGGCCTACATTAATACGGGCTTTTGTGGGCATGCTTTAGCTTCGAGATCGGCGTCATAGTAGTGCATGCCGGCGCTGGTCTGAATGGTTTGCTGAGTACCGTAAGGGGACTTCATCCGCATTCTTTCACTCAATCACGATTTCCGAGTCGAACCCGAAGGGTCATAAGTTGAGAAGTGCATGTCCGTGATTGATTCCGGTCGTTTCCCCAAATCCCCACAACTCTACAACGGCCTTGTGTCAGATGTCATATTCTTTCGTGGATAACGAAACTGTGTTAGCTGTGCCCTGGCTGGGCTGGAACATCCGAGAGCATGAGAGAATCTCCAGTTGATCGATATGGCCTCGAGTCGTTGACTCGAATTACATGGAAGGATTGGACCACACGGTCCTCCACACTATCTGTCGACATAAGGGACAGGGTGAGCTTCGCGGTTAGACAAATACCAAGCCGGTCAACGCGAGTCATCCGCTTCCTGCCGGACGCGAGGAGCACCTTCATTCGTTGCCGGGAGATCTTGTTCATGTTTCTTATCTAGACACACTCTTATCCGAGTCGTCCTCCTCGCACCTGTGTAAACAACTACTCGGATTTGTGTAGTCGGCTCAAGTTTCTTAGAGTCGATAGATTGAGTTATGACATCCGGTTTCCAGCGTAGCGTGTAGCGAACGTAAATTGTACCGATCCCAATCCACGCAGGATAAAAAAG,1677,50.63,Homo sapiens
SEQ_929122,GGAGCGTGGAGATCAGGAGGAACCCACGGGCAACATTGGCTCCTGCCCCAGGGCGAGATGATCGTCTACGAGGAGTATATACTTTCGACATACGTTCGACACTACGGCGTGGTCAGCCCGAAATACACGTTGTGACGCGTCGAACACCTCCCTAATAGGACTGCACATGTTACAACTACTCGTCTTTCTCCGGAAACGCAATCGATACTTTCCGCCCGCCGCCGCTGCGCAGCCCACTGTTGCAGGGTCAAGGAATTGCCAAGCGTATCGCAGTTCGAGATGGTCACCTGGGTAGTAAGACCTCCATAAGTAAGCGGGGGCCATTTCACGCGGGACAACTTACGGGCCCTGACTGGTTTATCCCTCGCGACTAAATTGACACACCGGTACTCGCACAGAGAGTCAATTGCACGCAAGAGAATATTGATTAGATTCCGCCAACCTGTTGTATATGCCAGCAGCAGTATGAGCCGGACGTACAACTTGTGCTCCCCACGACGACCTTTACAATAGTATCCGCTACAGAAACCGGCAGACACGCAGCGTTTCCTTTGTACAGTTCGGGCCATAAGCCGTGACAGCTGCGTGAGAATATTGGACGGAGAGTGCGTCAGCGACCATGCAGAGCAATTGATACGCGGGAGGACGACGGGGCATCTGCGGACTCCTGGCACTCTTAGTGATCGATAGTTGGACTTCGGAAGTCTAACAGATAGTGGACGGAGCCGTCCTCCCCAACATGTGTTAGCAGACGATACGTGTACCTCGGAGCCAACAGCCACTATGTTCCCGACTGTTAGTTATCGTTTATAGGCAACACTAACGCTATCTTTGGCCCTAAATTTACCACGAGACCACTTAATGCAGTCCAAGGAAACTCGCGCTTATTACATCCGTCTCTTCTTCCTCTAGTCGTCAGTCGCCGGGCAGATGGCTATAGAGGGCTATAGCCAAATTACGTAATGGAGATGGGCAGTCGTTAAGAAAGTCTGTTGGCCTTCCTATAGTTGAAGACGAGCCATTGGACTTCTGATGTCGACATCTGGCCATGAATGTCAACTAGCTTTCATGAGGGACGGCCCGGCCTTGGTACGGGTCTGAGGTAC,1106,52.44,Mus musculus
SEQ_395831,TACCGAGCGGCCACCGTATTATTACGCGATAGCTGTAACATTAAAGGAGGAAAAGGAAGAAGGAACGAAGACTATTTCAAGAAGGCGAAAGCTTGATAGGCGTGGTCCGGCACTTACAATGGCCATTAAATGTGCGAGTTACAAACTTGTCAGTGTTTTGAAGGTTTCACTATCTACCTGGTCCACGTTGTTTGTTGAGTGCTCTTGCGCAACTGGGAAGAAATAGTTGCCTCGTAAAGACACTATCCTGGGGCCAGGTGCTACAACCGGACTATGGACTGATTGTGGGCATCACTTTAGTAGATGCACGTATGTGGAAAGGGGCGGAATAACAGGTGGGTGTGCAAAACTTTAGCTATGGGTTCAGTAGCGTGTCTATCATGTAGCATCAAAAAAGCGGTGTTGTACGCTACACTTCGGAGCTACTCGTCCGTTCACACCTACCTAAAGACCGCCAGTTGGATGGTAACATCGATAGAGTAAGCCGGAGGAGTATAAATATGACAGAGCAGCGACGCCGGACTGTAGATGCATGTTTGCATGGAAAGGCTTGTAGCAGTTACGTCTTATACCATACAGACCGAGATAGTGAAGGTGTCTCTATTGAATAATCCAGCAAAACTTAAATCTGGCCATAATCCTCTTCCCTTTGGGTGGAGGTAGACCTGGAGCACCGTGAAATGGCTCG,688,46.8,Drosophila melanogaster
SEQ_452649,TTGCGGGAGACGCAGATCTTCTGGATAGCCTATAAAGTATGGCAGCCGATCCCACTGGCAGAGAACTTCCCCGATCACGGAAATGAGATTCGGCAAGTTGGCCCCTCCTAACGTAATCTGATCCAGATAACGGCACAGTGGATCCAGTAAGCCACGCGAACTAGAGTAGACAGCGAACTATGAAAGTGTCGAGTCTATGATACTTAGAAACTGCGAATAATTCCATACCGGAACCCTAGTGATAGCTACAGGGACGATGGCACTTAAGATACCTCCGCGTTACCGTTAGAAGGCACATGCACACCGGGGAGTCCTCCCCACCACCTTCAGGCTTATCGACGACTGTGAGAATGTAGCGAACGAGTACGGCTCTAAGCGACCTCTCACCGTCCAATTTGCGTGACGCTATACTCCGGTTAAGTACAGCGGCTTTGCTTGATCGTGGATTATGACATCACGTGCTTACGCGCAAAGGGTGCCGTTTCTTCTTTACCGAGAGCATAATAAAATCTCGCTCGGCTCAAACGGTACACTCAATGTGCTCTTTGGGTGACTGGCCCGCTAGAAGCTGATAAGCGACGCAATTGTGTGCTACTCCCCGGTGTGGCACCACCGGGGTCTCCTGCTAGAAGCTGACCGGTGTAGTATGTACGTAGAGGGTAAGCAGGATAATATCGGCTTACTAGTCAATTGGGTGTCCACTGGAAAGGCCCCTTTCCGCCCCCACCAGGCCATGAGGAAACCCACTTATGGCCCGTTTTCGAATTCTAATGTTCGGGATGTGTTACTTTCCCAGACAGTCAATATCCATTGCGATTATTCGGTCGACAGGTAAGGATCGGAGAGCCTTAGCGTTGTCTGTCGTCCTTTTGCGTTTCTTCTATTTAATAGCGAGGGGACGCAAGCGTGGAAAAGATCGTAAGATTGGGTTGCTAGCCCCGAGTTAGGATCACACATGCGCCCGTCAGAGTGCTACCCACCCCAGGCTTATATTGCGGCACTGGTCAGACGT,1012,51.28,Drosophila melanogaster
SEQ_553035,ATCGCGGATATTGCGACATCTATTACCAGAGGAGTATCGTGGGTGAAGGCGTGTTGTCGTTTCCTAACCTTCCCTAAGATCCGTCGACCACAGTATACCCCGTGTCAACGGACGGTCGCTGTCGAAGGTGCCGATCAGATCCCTGAATAGACGCTGTGCCGACTAATGTCTATGCAGCAGGCTCACTTATTGCGGTAAGACTGTGTCTCGCCCGATTTTACCAAGCGGCGCATCCAGAGTCAGGGGTTAATGGTCTCCTGTGCGTGGCGTCCTAACTCCTTAGACCGTTGGCGTATCAAAATAATAGTTGGATCCCATTACGGGCCGGGCCACTCGAATTCTGTTGATTATCAGAACACAGGGCTGCTCTGGGACTCTCAGCCAGAGTCCACGAGATAATGTGCCCCACTTGTGTGGGAGGTATTCGGGAGGACTCGTGATATAGCATCTGCATCAGGCAACTGTACCGACCACCCGACCGGTTAATCGGGCGTAGAAGTACTTAGTCCGTTGGCGAATTATCCCATCTCGCTCACGAGTCATCCCAACGTGGAGAAGGGGCAATCAACGACGCCATTTGATCATCCCCTTAGGTTGAACTTAAACATTGTGTTAACCAAATTAGTTGGCGACTGCCCCATGTTTCTCGATAAGGTGGCGGTCGAAGGTCATCCATCCTTGTGGTAAGCATTGTCTCGGTACGATGGCATCGGAATCATCACTAAACCAGCGATTCCTCATCTTCCGTATAAAGTAACAGCTAAGCTGTAAAGGTTACTAAGAATTCAATGTGGCAATGTGACTCGCCCACACCATAGCATGTCTGGAATCAACTTCGGGCGCTTTTGTAGCAAGGAGTTGAGATTCTTACGCTTAGCTGGATTATCCCCGCGGACGACAGTGAAGAAACATGTATGGCACGCGGGGTCAAACGTCTGGGAAATAAGCTATATTGAGCCATACTCCGTCCAGACTCATATGTTTAGTCAAACGCCATTACTAACGTTTGAATCTTGAATTTGCACAACGATGCATGTAAGCTCTG,1045,49.38,Mus musculus
SEQ_142595,CTCTCAGCTATTACTGGGCTATCGCGCACTCTGGGAAGAGGACGCAGCAAGTAAGAAGCTGGTAGATAGCGTGTAGAGGGCCGCGCATGATAAGTAGTGATACCTTATGCGACTCTATTTTCCAGTGTCGGGTGGGCATGAAACATTACCATTCTCAACGCACTTAAATACTGGTCTAAGCTCACTAATCGTAATATTAGAGGTTGACTCTTAAAAGTCTAGTGTCACCGCCATGAGGTGGTACATTACTTTTCTGCGCCCCATGGCCTCATGAAGATGTACTTGCAATATACGAGTGAACACCTTTCAGTTAGGGTTACCCCGGGAATTCCACGGATTAAAAGTATCACGGATGATGGAGCATTGGATTGGGGTAGTACGTGCTGCAAGGCATACCGAGGGGGTGTTAGGCTCCCCCATGATAGGCCACCACCGCATCTCTGGTACGTCACCGATAACATAACCTCTGGATTCAGCCGTCTTGCCAATGTGGTGGGGTACTCTGTTGCGAGCCACTATCCCCGATCGGTCCAATTATTTATGTAGCTCTCGTACCATGTTAGCATCCGTAAAGCGATCTCTCTGAGGCACCTATCTTCTCGGAGCTAGAGTATTACATAATTTTTCCGTAGGCAATCTATGTGCTTCGGCGTAGGGGTAGGGCCGCCATACATCCTGTTATCTGAGGGCCAGCTACGTTAGTATCATGTATTGTTACCTTACGATTGCGAAATAGCTAGGCCTAGCACTAACAAATTATTGTTGCAAGGGCCGGTATTTATCTTGTGCAAGAGCACCCACTTCCACGCGGTTACGGGGGGTGCCAGCTTGGTGAACCCGTGTGGGCAGGGGTGCCCATCCCTAGTCGTTTATGATTTCTTACGACGCCTCGATGAGTATGAGCAACAGATCTTTGATCACCGATAATGGCTCATGGTAGCACCGCGATGTGGTCACGTTACGCCGCGGCATATCGGTACCAGAATGGGCAACGTATTCACACTGCCATGTATCTGAGCCTCATAATGCAGCAGGTTGGCTCTCG,1045,49.47,Saccharomyces cerevisiae
SEQ_378823,AGGTTCCAATGCAGTGTCTGGAGTAACAGACTCGGGTTTGGGGCTTCGGTAGGTTTTCCGCCAAGTCTTAGGGGCGGTCCTAGTGAAGCGTGTGCTCGCAGAGATAGGTCAGCACAGGTCTCGACCCGCAAAAGACGCTGGTTCAACTGCAGAAGACATGCGGGTCCTGAGGCCCAAACAGTTCTGAGATGATACTCTTCCCTGAGACCGACTTCGTTTTAACGAGCCCGTTCAAGTTTGTCCTTTGGCGCTATTGAGGCAGCGAACCCTTAAGAACTATGTCACATCTCCCGCGCTCACCCTTCATCCCTAATAGAGCAGAACATAAGCCCGGGACAGTAAGTACCGATGCTGCTCAGTTTTAGCCCCGGAGAAACCTGATTACTGGCGCTTGTGGTGGGTTATTGGGTACGGAAATCGTCCAGGTTCATGTAACGCCAGCATCAGAGATTATAAGTATTTCCCTATTGCAGGGATGAGGCCAGTCCTATATCAACCCGCAACGGTTGTTCTCGACTCATCATCTCGCCCAATCAGAAGGATGGGACATGTATTGTAGAGCAGAGAAGACACAATGCGCAAGTCTCAGGCCACTGCTGCCACTTAGCTAACTCCGATAGCGCTATCCGATTCCAATCACGAGGGACGCGTCGGTGGACGCGCAGACGATTTGCACACCCATCTACGGATAAGGGCAGCATTGATGCACTCGCACTTTCTTGAAAATTTCCCCGTAGTAGATAGAATTTATAGAGGCCGAAAAATAATCTACGGTTACTGCATACGGGCGTCACACCTTGATTGGAGTCGCGATAGAATCCATCTATCACTTGTATAAGCCGTCAACCGATTCGGAGGGCCCATCGTGGTTTCTGAGCGGTCTAAGTGGGCGATTGCCATCAGGTCCTTATGTTTTGGATCGCTTTCCAGCGCCAGTCGCCTGTGAAAATGATAGTCGGCATCCTTCCTGTTGGCACTATTTCACCAGTAGCCGCTTCACCAAGACTTATGCAAGAGCACTCTATTCCCGTGCGGCGTACATTCGACAGTCGGCCTAGTTGCGTGAAAAATTTCAGACGTCCTAAGTAGTCAAGGAAGAGGGCAAGCGACATACGTATAACAGTGCATGAAGGTCATGAACATATATAGCAGAGGAATATCACTTCTACCTGCCAGCCGCTGTTTCCTGACTGTACCCCCTACGTTACTCGTGATTTGCACAACTGGCGGTGTATCTTCGGAAACTGGGAGACCGGATGTGTTAGTTTACATCATGGCGTAAAATGAAATGGCCGACC,1298,50.23,Saccharomyces cerevisiae
SEQ_178272,TGTAACTTCAGTCTGATGTTGACGTGTGGATTGACCTAGCAGAAGACCTCCCCGTATCCCCCCTGGTTAGTTAAAGTAACTCAAATCCTGAGGTCACCGTCGGAGGACTGGGAACTCCGAAAAGATCGGTGGGACGCACAGGCCTGCAAGAAGCAGCAATCGCCATCCAGAACAGTGCCGCTCCAGGCAGCATTGGCACTTCGATTTTAAGTATATGGCATGTCCCCCTACTAGAGAACCACTAACCGAAGGGGAGAGTTATTAACGCCTCATAATTCGGTTGGTTATTGGATCTTCGTGGAAAAATTCTCCTAACATCCCTATAAAAAACTCCTCTCAAAGCGGCCAGGAACCTCGGTTGTACGATCGCGCGTGAATGCACATCGCGATGCCGTTGTGGTGGGACCTCCTTTCGCTGGGTTCTGGCTTAGGTATAAAGGAGAGTTTTTGGGCGCCTACATCACGGTCCTATGGCTATGTGATAGAGCAACCGGAGGTTCTAAACTCATGCTCTAGATAGGCCTTACCATAAAAACTCCGAACCTTCTAGATGCTTCTAGAGTGGGAAGTCCGCTACAGTGACCTACATTCGACAGTGAACCCATAAGCGACTCTCCTACGAATCAGTGGTCATAGAATGCGGGCTGTGACCGTGTCAGGCCCTGTTTTTTGCACTGGGAGGAACCTGGGCTGCCGTCTGCTACATGAATCTCAATTACAATAAGGCATGTTGCGGCGATTTGACAGCTGAACTCACTGTGACACGAAGTGAAAGTTACACTGTCCGTTGTGCGAGACAAATCCAGCACAGCAAGAGGCCTTTCATTACAACCGAGAAAGCTTCTGCGGGAAGCGCACCGGATCTAGATACCCAGCCTTCCAATCTTCGATTGTTCCCACGCAAATA,907,49.83,Saccharomyces cerevisiae
SEQ_491086,CCGTCGACTACGTTCTCATTAGAGAACACTTACGATGGTCGTGTCCCGACTTAGCGTTCGAATAAGGTATTCGGCCAGTCCAAAGGAATACCTCGAGGCAGCAACATCATGGCAACCCTTACCTAGGATGTTACCGACAGGCGCACCCTGGGCATTGGGTAGGCGCAGTACTATCCGTAAAATGACCGCGGCCTAGCGCATCTGAGGTATCGGCGGGACTGTATTAATGCCCGACTGTTGTCGATCCAAGCCGCTATATCCGTGGGTGTATGTTGAGAGCTTGCGCTATACTTGCACCGGTCTACGGCCTTTCTTCATAGTCAGGATCAAGAGTTACCTGTGGTATTAGGTAGGGTAGCGATGGTTTGGTCGCAAAGGCTACCTACCACGCTGAGATTTCAAGGTAAATCCCAGGCCCGAGAGTCTTGCACATTTGCTCGGCCATCGGCATTTTATTACTCGGGCAAATACATGGTGTGGTGTTTAGTGACACGAGCGAATAACGCTAGCTTCTAAATGGAGCTCCTCATGCCCAGTTCAATTTCAGTCAGCCGTTCCCTGGTCAACACTCATACACACTATGACGGCTTGCGACCGTCCCGTAGTCAGGTTCGCCACAATTGTCGCTAACCTGATAGTGACAGATGGTTGCAGGTAACAAAGCTAGGTTTACTCGCTCTCCTAGTCTTTGCTGGCATTCAACTAGCCCGTTGTTGTACGCCTTGCGTTAAGGGGCCTTTTGTAGCTTAATCTGTTGCCGCGAAAGGGATACGAGCGTAGTGATTCATATAGTTTCAAGAACCATTACGTGCAAAATCAAGGGCATGTGTCTCTACTGGTGAGCCAGGTTTTGGTAGAGCCCGTGATAAGGTAGGCACTACGAGTACACCGATGTAGTATACGGTGACTGCCATAGTTCGACGAATCAGTAATAAGGCTGCGACGGTTTTTATCTCAGAACGTCTACGCCCGGACCTCCACGATTGTAGTGCGAGACTCTACCCTAAACAAGACAGTATGTCGGAGAGATCGTGCCCTTTTACTTAAAGGAAAGACGACAACAGGTATGTTCCTCGTGTAGCGGAATCACATCCGGGGTGAGACCCGGCGTGATCGCAACTTAGTGTAACGCGATTGCATTCTCCAACTCAGCTCTGCATGGATCTACATAGAATCTCGGACACTGAATTAGTATAATAATGTTCGTCCGCTGTAGCTGATTAGCTTGGTTATATGCCACTGACACGGACGCTCTACTGGTAGCATTCTAGGCTCAGGGGTGCCAACCCCCCGCCTAGAATTGTTGAACCAGCAACATGGGCCCCAGAGCCTAGGCGAACTTGTATGCAACCAAGGGCCAATGTCCTTTCGTATTACCGAAAAATAACTCTGTACGAGGAGTACTGCTAGACTCTGTCCCCCCATCGCGACTAGCTTCGGTGAGACTTACAGGTCAGACTTACGTTCGACTCGCTTTCCATTTCGATTGCATTAAGCCGCGATTTTCGGTACCTCTGTATGAGTCGGCTACACCATATGAAATTGTCATGGATATATGGAAGAGTAGGCTTCGCTCGGTGCGAGAAATGACCTTGCCTGCTACTAACTTTGCGAGCGACTAAAATTCCGTCGCTGATACATCTCTCCTTTACATTTCTAACGATATGCTTAGTTCCCCTCACATAGGGTACGACACGTAAACCCAGTGTCTACGTGCGCGGGCCAATTCTTCTACGAAGACCGTGGAGTCTCTGACCGTTAAACATTAGTCACTGCAGCGGCCGGAACCACTAATGCCCCCGTTAATATGCTGGGATTATATACAACAGTGAAAGGCCAAATTTACGCCGCCGGCACGTGGCGGGCGAGATTATCAGATCATATAGTGGACGTGTGTCCGTTCCGCGGCGGCGAGGCCGGAATTATAGCGACATTGGACTTA,1942,49.74,Homo sapiens
SEQ_433341,GACGAAACTGATACAGCGAGCTACTAGACTCTACTTAAATCCGCCCGCTGCACACTACACCACATCGAAACGCGGTGTTTAAGATACTGATATGTCACCTATAATTTTAAAGCCCGCTAAAGTCATCAACATGTGCATGTCCTTGGTTTCATCTATTCATGCTTTACGTGTAGACTCCGGGACTATTGAAGGCCATGTACTCGATCGACGGAATGGCAGTGCATATAGTACGGTGCATGAAACGATTAGACTTTAACCCCCGCAAACCCACATGCCGAACGACGGTATTCGGGTGGTTTAAATATAGCTTCTAGATCTCCACTAGCGGGACTGCACAAAAACATTTCTGCGCCTAACATGGCGGCAGAGCCAACAACAACTGTGGGCGCCACCAATCGGCCCGTGGAAATATGTTGACGCGTTATGCTGCACTTGGCCCGTGGCGAGCTCACATATATCTCACGTGGACGGCGTCGACATAGGTAAGACAGCAAGGCGTAAGGACATCAGGGTTGCAGTATCAGAATAACTACCATCGTACAGGCCGGGCTAGGCACGCCGTCATGTTTTTTTGAGCTCGTGCAGATCCGATAGAACTCAACAGCCCCCCAAGGGGTGTGTTCCGTATATTAGGGGAGGTCTGGACTTCGCAGTGAACCTGAGCCCATTAACGATGACGAGAGTTCAGCCCCGCTTCATATGCTAGTGCAACCCCTTATCATTCACAACGGCGAACTAGTCGAAGTGGTCGTTGTGGGCCCCCAAAACCCGAGTAGCTCAAATCTTAATATCGGCGTAGGTTTAGTTCAGCGAAGACGGAATATTCGAGGGCTGCGAATGAATAGACACCTTGAGGGTCAAAGGTGCCACTTTTGGCGCGAGAACTGGCAGCAACAAGAATGTGTACCGCGTGTTGTCCTATAGGAGACGAGATCCATAGTTCACCTGACCAAACCGGTGAACCGCTCTTTGACCACAACAACCAAATAACTGTACTTTGTCACGGTCCCGTGCCCGCTGGGTTCGAACCTACGTTGATCAAGCTATTTGGTCCTAGCATTAGAGAAGCTAAAGTCCGGTCAGTCACGATTGGCATCCCGAGCCACATGTAAACAAATAGGTTTTAGAAGTGGATATCCCGCGGCTGTTATACTTCACGTATCGTTTGAAAATATGTCGCACCGTGTTCAAATCTGTAGGTACTCTGCTCTGGGAACGAGGCATGATAGTTGTAGGTGATAACGCGCTTTCACATCCGCGGCTCCGTAAGGTGGAAACTGGAAAAATGTTTCCCGTCGTGATGCCTAGGACACGCGCACTTCGGTTTCAGTACTTTTGATAGGACCAGCCCACGTTCTATATTGTGTGTCGCAAAGTCCTAGAAGCATCGTATGGATCACCGTTCAGAGCCAGTGAACCGATGTCACACTGACCAAAAGCCACGCACCCTCATGTTCCGCGGGTAAACGAGATTGGCAAGTGGCATCGGAAATCGTGGGAAGTTATCACGTCCACACA,1518,49.6,Drosophila melanogaster
SEQ_771492,GCAGCACCTTCGCCAACCGCGCTAGCTCCCGTACAAATAGATGTTTGTATCACTGTTACGAAATCAAACCAAATCTACAAATGTAAGAGCCGTTTGGATTGCCTTTTGACTCTCCACCGTTCTCACATCACACGTCTTCTAGGGGCTTCTACAGAAAATCTATACGTAGACACTAGCCGTCGAAACGCCCGAACAGTAACGCAGCGTAAACCCGCACTGGTACCGTAATTATGCTTTGAAGCTGGCTCGATTAGATCGAACTATTAAGGCCCTCTTTGTTGTAAAGGTGCATTTGCGCATTTTCGGCTAAACCAATCGAATCGAGACTTTACGCTTAAGACCGTTGTGGAGGCATCATCTTTATTGTTCGATATGCGATGGTGGTAAGCTAGACTCCTCTTCGAACTCGCTTTGACACCAAGCATTGCGTTAGGCCACGCATAGACCTTATAACTCAGTGTACAATACGAGCAGGGTGGATTAGTATACTCACAGGAAGTTCCAGTCAGGCAGTAACTCGGGTCTGCCCTGGTGGGCGGTGATAGGCCGAATGCGCTGTGGTAGGTGTGGGTGAGCGACGTTATTGGATTCTTGGAATTCTGATTATACCCAATTGTTACAGCTAACCAGTTAGGTAAAGTAAGCAAACGGATGATAGCCTGTATTGGTCCGTCGGAGTGGGGACAAGTTTCGGTGAATCCAGAGGCCGGAGCTGCCAGAGGATTATAAGTTCGTGAAATTCGGCGACAATGGTAGCCGCCATATCTCTGTAGAGCACGGATAGCGTTTAGCATCGGACCAACGATTTCTACAGGGGCAGCGGAGAACAATAGGCTAAGCCTCTGTCGACTGTGCATCTCCCTTAATGTGTGAAGGCTAAGGTAAACAAAACTTTGAAACGGTAACTCATGGGCATCACCGGATCATCTAACAAATACGTGACGAAGCGGAATTTTCAATATCCCCCCGGTAGTGTTATTTGGACCATCGCAATGTGGGCGGTGACTTCGCAATAAGACGGGCCCGCCCATGCGTGTGCAGAAATCGTGTCCAGGATAGCCGAGTGTACCTAAGTCCATGTGTTCCCGGACAGCGTTCGTACTCAATTTCTTTAGCGGGTGTACACGTCATGAATCCGGATTGGTGTGTCCGACTCGCCCTGGACTTACCGATTCATGGTTATGAAGATCAGAAAGGAGGCGTGTTAAAGGTGCCCTTACATAACACTCGGGTAGCTCTTAACGTCACCATCCAAACCGCTGACCACAATGATCCTTGGTCGCCTTCTAACTCTTCTCGTTAGGGATCATCTCAACAAAGCTACTATTAACCATCATTTACCGACGCTTAGCAGTGGAGCCGGAGTACGAGTCTGACCCTATATCGGCCTTGAGCGACTTGACACGTGCTCTCTGACTAGACATAGCTCTCGACGTGAATGATTAACTATGTAGACGTCGTACCGTCAGTACAGTGTCCCCTCATATCTTTGCCAGCTAAGTGTCTGACGTTACGTTCGCCCTGGCAATTTTTGCGGGGCCACAATTGCGTGTCCTTCGAGGCATTAAACCTCCAAGGATGTGTTCGTATGCGTCCAATAGGAGTCCACTTTACCAGGACTGCTCAGGTAGAATTTCATGCAAGATAGGCTGAATGTACCACTGCCGAGTCTGTCGGGCGCTCTAGGTGACTCACGATGCTGGCTTATCCAGCGACCATCTGTTAGTCCCTGGCTTTACCCTCAATCCCGTCTCTAATGAGCCAACTATTAAGCAAAGATTCTTCCTCAGTCCGAACTTTTAATTCCCTCTGCCACTCTTGTCAGTATGAGGCGTCGCATATGGGGAATGTGCTCTAGAGTGTACACAATCCCATTAAAGAGTGTTCTTCAGTTCGCTGTACGAGCGGCGCCGAGGGAATATTTTTTACGTCCGTGGGATCTTAGACTAAGCCCCGTGGGAGTCGGGAT,1969,48.76,Saccharomyces cerevisiae
SEQ_188543,GTCTATGGTGCGTCACGGAGTTGTCGTAATAATTTGCACGACTAGGAGCACAAAACCACTTGCGGCACCCGTTTATAACCTTCTATTGGGCGACATAAAGAATTGGCTCGCTAGCCGGGCCACGTTGCACGGGCAAACCGCGGTGGCGCCGAACGATAAGACAGTTGACCGAATCGCTAATAGACAATCGCGAAGTACAACACGAGGAGGGTTACCCCAATGTTCGACCGAATGGATCCATCCTACGCTAGCTGTGTTCGTGGAAGGCCGCGTTAAGGACAGCGGGCTTCCATGATCAAGCATGAAGAGTTATCGTGCGCGTTTTGATCACATCCCCAGCCGTCCAGTCATTCTTGCCGCGCGGTAATCAAATGCTACTATTTACGCATTAGCGTAGAGCTGCTTGCCAGCAGGTTATACTGCCTTTGGACCATTTAATTAGCGTATCCGCCTCCTGGGCACGAAAACGTGGCCCTATGTAGCCGTTCTTCAGCTGACTAGCCCCGGGATACGATTGCTTCAGTGGAATGAGGCACTGGACGCAACCGCGATAGCAAAGGGCTGCCTTCTTCAGTCAAGTTAAACAGGCCGCAGGCCGTTTGTGCGTCACTCACACTGAAAGCTTCACATTTCCATTCCGGTCTCAATTGCGTAGTTATCCGCATAAAAAAAGCCGCACTCCCCCTTACTGTCGATCCGTCTAAGATCAGCCTATTACAAGCCAGTCTTATGCGCCTCCACGCTATGAAAAAAACACTGTGCGAAAGAGCTGTATGTTTTGATCCCCCCCCTTTAAGGTTCCAAAGCAGGAAAGCGCGTTAGACAACGGGGCTTATGTAACTAGCGCAAAGGCCAACGTATTTAAGCATGGAGGCTATAGTACAAACAATCACAGTCCTAAGCCTTACCTCTTGGCTGTGGTCGGTTGGGCTACTGAAGTCCCTAACTGGGCTCCGTTTGTGAATCCCCTTTCCCTCTTGTTAGA,985,50.76,Saccharomyces cerevisiae
SEQ_358599,GAAGGCTTCTGGGGAAACAGAGGCGATGCCCTTTGTCAAGTCTAAGTTGGGCGCTAACGTATGTGTAACCAATTCTCACGGTGCTGTAAAGATTAACAGGCCAAGTCGCTTTGAGGACTAGACTGGGGATCGGTCAACCACGGGCTACGAACTGAGGAAAGGAAGTCCCTGTGAGATGGCTCCACCCCAAAACTTATGGAGTCTTTTTACAGATAAGCTGAGGGGTTCCGACTTCGTGCCAATTGAAGGTTGAACATGTTTCAATAACGGGCAATTAAAAGTACTGGAGGCTGCAAGCAGGTATACCTGTCGTAACATAGTGCCAAGCAAGCTCTTTTTCCAAGGCTAGGTACAGACTGATGATTTTATAGATCTCATAAAGGGCCTTGTTGTGCACTACTTGGCTTTGAGTGTGAACGCGGCATTTAACCCACAGAGACGCTACGTGGGGCACTTCCAATCGATTTGTGATGCCACTTCGAGCTTCGAGTGTTCTGAATAGCTCGGTTAATGTTATCTTCTTGTGACCGGGAAAAGGGTGGGGGCCTCCGAAAGTAGGTATGAGATTATGGCCTAACCCAACGTCCTTATGCGGTGAACGCCTACATGGACGCGAACATCCGACGATATGATAAAGACCCATTAGCATTATACATGACCGAGCACCTTACGCCGGTATGCCCAACACACCAACGGGAGGTCTTTATTCAACTTTCGCGTCGCGGTGTTAGCTGTATACTACATTTGCACAGGACGTTTGGCACTAACGGCCGAGCCCCGTTGGAGACGTCGCTCGCCGATGCTGATCCAGGCAGCGTCCACACCGGGGAAATCAGCTATGCTAGATCTAAGTTACATGAACCCCTGAAATTCATTCTCTTGCAAAGCCGGTGGTCAGCGTGTCTTAGAGCCGAAGCGTCTCAAGACCTATGTGATCCTTCGATGGGGAAGCGGCGGATAGTTCAGCGAGGCCGGAGGCCCAGTGGTAAATTCCGTAAGGGCACGAACGACGGGTAACCACAGACGGGTCCATAAGCTCGTCCCGGTCTAGCGAACCGTGTTGCGGCCACATGGCGTCCTGCTACGGCGATATTGAGGGCTCCTACTTCCTCAATACAGCCCAGTTGGATTCGCGACCTCACGATAGTCCGTGTACTTATCGTTCTGCATTTGGGTGAATTGAAATGAGGGAATGTAGCGAAATGGCATAGAACTTTTAAAGTTTTGTTACCATCGTCAGTTGGGCAACCCCAAATTTAGTCACACGGGAGCATTGTACTTATTCAACAATGCCAATCCGAATGTTCCATTGCATACCTTACTACTGCCTGCTGGGTGAGTTTGTTCATATTGCATATAAGGTATCCGTTTGGAAAAATTGGAGGGTAGAGTCCTATCGACCCTGATCATCTGGTCGACGTAGAACTCGATGGAGTGAAGCTACGACTCCGTATCGCATTCCCGTCAATTAAACAAGGCGGAGCAGAATATCTGCTATCCATTAAATACAGGGCACGCACCGGTATTATTGCTGGAGTATTGGATTCACATCCAGATAAGTATGGCAATGCATGATTGCCTATGGAAATCACAGATGGGGGTAAGCATATAGACCCGTGTATGTAGCGAGTCACTAATTAAATACCTAT,1649,48.64,Escherichia coli
SEQ_478226,TTACCGCTCGGCCGACGCTAAGGGTTCTATAAGTGCCCTGAAGCATCCGCGTTGGGTTCCATATTGGCGCCACCCAGCGTCAATTGAAGCACCTCGAGTGGTAACACCGTACCGTACATATACACGCGTAAATAATATTTGAGGGACGACTCCCTCGTCCGTCGATGCTACGCGCGGCATTACCTGTGCTACCTACCGTCGAATTCTTGAACAAGGTGTGGGCCGAAAGCTACAGTATTCCGCCGGCGTTGACGGATCAAAGCTTCGTCGTCTAACCCAATGGGGGTAGTTGACGCCCACTACGACTCTGCCAGGATGTCATGATTAATGACGTTTATTGTTACTGGTCATTCCTGTCGTGGCGCCAATATTGGAACAGTACAACCGGAATACCCTCAACTAAGCTGGTGATTCGGCCCGTAAAAGGAACCATTAGGAGCTCAAACACTGGTGCCCGCGGGTGCTGCAATATGAGCGTCCTAGCTTAATAGTCGGGAAGGGATGGGGCTTGCGAGGGATGCGAAAGTCATTGACCTAAACCCAGAAGTATGATTGTGCGCATACGACCACGTCGACTTCTCATGGATGAACACCCTGCTGCTAAATGACGGATGAGATGGCTATTTGGCTATGGGTTGATTGAAATCGCTGTTAAGCCCCTAACGCTCACGGTACAATAATTAAGCCAAGAAAGTCGACATTATGCGAATATATATTCCCGATAGCTGACCTTTATGATACCTTGCCTACTAGCAGACACGGGTGAAGACCCGAATCGTCACGGAAGGTAGAGCATCGTATTCGTTGGCACCCGAGTACCCCCTAAAAGTAGGGTGTCAGGCTCGGCTTGTCATTGTAACAATTATAACTTGTTGACACCGGAAGCGTAAGCCATTCTTGTAATTGCCTTGCCTGGTCGACCCCGCCTGGTCTTTAATGCGCATACACTACGCGTAGTGGGGTAATAGTTGACGCGTCTGTGTCCGGAACTAGTAGCCGGGAGTCACCTTAATGCGCTAGTTCCCAACCGGTCGGCGGGGGCTGGACTTGAGAATATAAAAGGGGCCCATTGCGTGTATGGCCCATCAATGTTTTAACAATCCGATGTTGTCAATACGAGCAGGCCTCTTGTACTGGTCCGATGAGTTGACTGAGCCACGGACAGCT,1167,50.73,Saccharomyces cerevisiae
SEQ_949174,GTGATGACCTCCGAAACAAGCTGTGATGAATTTGGCGACAGTATTATACCGATGGTTTAAGGATTCGTCTTTCAAATACGTGTCATTGATTCCCCGAGGGCACCTACGGTTTCTCACCAATCTCCTAGGCGTCCGTATGCTGGAGTGCGCCACGTTAGGAAGCGCTGAAATAAACACGACACTCCTCTGGCCAATACGCTTATACTACAAGAGTATTGAGACGTCAGTATCGAGCGTCACATTGTGAGGTAAGTGGGGACACTCAGGACAAGTGCATCCTAGAATGTGGTCTGAATACAAACAGCTGAAAAAAATCATGCCGGACAGTGTTTGGCTCGTCGGCGGCTTCTGTGGGAAGGTGAGACCGGGTTAGCAGCCATTGTGTTGGAAAACTAGTGGGTGCATTAATAAGTTTGACACCACGCGGGCGATCGTCCGGGTCAAGTACATCTTCACTTAATGCGTTTGAAGTGCCAATCTTCCGACTAGTTGTTAAGGTCCAGGAATCCTAGCTAAGTACATTCCGAGCTTCAATTCGTGTTAGACAATTCGACCGGAGGCATGATATCCTTCCGCCTCGAAGCGAGGTCGTGTCAGGATTACGATTCTTTGTTGGTACCTGTATCCATTTCCAATGGGTGCTCTCCTGTCCCATGATCGTCGTATTATACATGACCCTCAACTCTGGATGGAACCCAGTAACGTTACTCAAGACGTAAAACGCACCTTCAAGGTTTCTCTATGGCCGGTCGGATACGACGTCGCTCTTCCACGCCCCGTATGTTCTGCATAGTGTTTGTTCCACATCTATGATGGAAGTAAATACGCTTTAAAATATGTGGGATAGAGAGCTCGCCGCAGTGTTGGGTCAATTATAAGGTTCGTTTAGGCTTTAATTCGGTGTGCCCGGGGGGGCATGCATTGTAGATAGTAACTGCATTTCATTCACCGCATAGCCAGCTATTAGAATAACCATCTAGTGGAAGCCGTACCTGTAGTATGATCTCGATAGGATCGACACATACACATTCCTTCGCGGTGAATTTGAACGCCCGGTTGAGTAAAAGTAGGATATCGGGTCAGGAGTTAGTAGTATCGTAACCACGTACAAATAGGACCGCAGAGACGCTGGAGGTCGTCGTATTCATTGCCCGGCTCTCACTGAAACACAACTGATTTTGCGGTCAATTACACGTGGTCCTAGTGACTTTTCGCTGTTGTGTGGAATAGGAGGGGATACTTGCGTGATAGACGACCTCTCGTGTGCGTCTGTCAGCGTGGTAGGCAACTATGGGATAAACAAAGCGTGCCATTTAGGGTCAAAGAAGTCATGCTTACGAGGTGTTGAATGAACCTATGACACCCATCTAGCGTGGAGTGTACAAAGCTAAAACTAGTTGCCAACCTAACAATCGTTGCGTAGTTGCTCATCAATCTCTGCTCCAGGGAAT,1451,47.48,Arabidopsis thaliana
SEQ_995216,TACGATTACTCCGCATCTCCCACGCAGGCAGGTGTGCCAACTTGAAGCAGAACACACTGTGAGACAAGTATATCAACTGACGTGGAGTAAGGAGGTCGCTCCAAACATGACTGAGCAGAGCCTAAACATCTGGTGGTATCATCATGTCCCTCTACTTGTCGTAAAACGAGGGCCCTGTCTCAAATTGATACAAGGTAAGAGTGGTGCAATAGAAAAAGAGGCGTAACGATGCATAGGGGTATTACGTTGATATATTTCAGCCATAATAGGCGTTGCAGTCTTTATGTTCACAGGAGAAAGAGCGGCCTTGTACCTTCCAGCCTGACCCGCGGCGTAATCAACGTTTGACGTAATTGCGGGCTATTCCACAGACCGGTATTGTGGAGTGCAGGCCACAGATGTCCTTTCCCGGTCAACATCCACAGCTACCGAGTACGATGAGCCGGTCGGGTTCACAACATTTCCACAAGTTGTTACCGTGGACACAAATGTCTACGTCCGGCGCGCATTCTTAAGAGTCGCCCCAGGGGAATTATTCAGCATGGAGGCCCACACGCTAATCTAGGTGCGGATCCTGGCAAGCACTAGGGCGATCCGATGGTTTGCTTTATACAGATACTGAGCAACCATAACCGCGCGGAGTAGATGTGTGCGAATGAGTCTACACTTGGGCTTGCGCTCGTGGGGGACAAATTGGTTTACCTCACAGATAGACAGAAGATAATTATAAATGGAAGTATCAATGACCCCCCGTCAAAAATTATTCCAGAGACCGACATTTCCCGAACAGTTGGTACCTCCCGTGGGTTAGAGTAGCGTGATCGACCCTTATTCAACACACACCATACAGGTATTCATTTAAAACAACTGATGGCGCTCAATGCCCTGTCGTAGAGGACGCACCTTGGTTGATGATAGTACCATAATGGCATCTCTTCCGCGGTATGAGAGGAATACGGAACTCCCTCAGATTAGCTCGAGGTCCACGAAGTTATGCACACTCGAAGGCTATCGTCATAGCAGATGGTGTTCCGAGTGGTTCTGAGGAGATGAAGACATTAAGCTTATCATGATGTAGTGAG,1082,48.61,Escherichia coli
SEQ_647675,CCGTATGTCACATATTGATTAGCTTCCTAATGAAACCAATTTACCCGCTACTATGATACAATATTACCCCTTAGACGATCTCTTTTCGACAAATAACGGACAAAAGACGACAGGCAGGAATCTCTAAGTCATGATAGCGCGAGTTACGCACGAACATCGATTAACGTGAGACCCATTGCCGCGTATCGATTAAACATAGGCTTACCATGCGATATTTAGCATTCACACCTAACGACACATCTGCATTCAGGGTCGCCGCTGGGTTGAAGAGTCATTAGAACCTCCCGCGACCAAGTCCAGGGTGTGCTGCATACTAGCAACCAAGAGTCTGCTGGCCAAATATGTCAGGATCCTATACCAGTCCCGGATCTTCGTTTTGCTTCACCATCTAATTGACTAATAGGATCCGACGTGCCACGTAACGCGGCCGTGCCACCGCTAGCCGGCGAACATTCTACGGTGGTATCTCAACAAGTTTCCTAAGGCGTGGAATTCAAAGTAACTCCGAACCGTAATTCAGTGGGTGTTTACGTTTCTGACCGCCCTAGGCTTGTCTGCTTCGAATGCCGTCTAACTACTTTACACCCAAGTCGAGCCTTAGCCACTAACCATCCACTTGATCTCAACGCTTTGCGCATTCTAAGTCAATTATCAAGGTGGATACAAGGATCTTCTCTAATGATGGTTGGGAATCCCCCAGGTGATGCTTACGACGGGTCGGCTTTGGAACGAGCGGTTACGACGTATGGGCAAATAATAGGACTAGCTAGCTCAGTTAGGTAAAACCTTTTGCCACACAAATGCAGGTAGCCAACGAGTTTTACTGGGGCGAGTGCTCGAATATGTCCGCTGCGGCTGCCACAGCTGGTAAGGGTCCCACGGAACCGGATGTCGTGAGGAGCTGGAGGACGTCATTCAGAGAAGAAACCGGTTTCGACGTTCGTTCTTTCGGACTCCTTGATCGCGTTCTGCGTATGGACGGGGGCTGTTACCGCCTAACCTGCCTACTAACGAAAAGCTAGCTTCCCGAAAGATCGAATGGGCTCCTATTACACCCTATAAGCTGATGAAGTTTGTCAGCGTTCAGACTACCAGGGTCCACCGGCCGGGGTCGGTACGAATTTATCACAAGAGGTAGATATCAATAAATGGGTGCGTGCT,1161,49.1,Caenorhabditis elegans
SEQ_282389,TAATCCGCAGGGCCTCGTGACGGGACCTACCGCCCCCACGCCCCTCGGAATCAATGGTAGACGCCACGTTGATTATCTTGAGTCCTACTGCGCGTATTTATCATGAACCGACAAAATTTCAGAATGCAAATGATTAGCGTTGTCGCGCAGTTTCGACTACCCCAAAAACCAGACCAAGGTAGTGTGCCTGGCGTTCGTACTAGCCGACTCATCCCTTCTAAGTTTTAGTCGGTTTCGTTAAGTACTTCCGCGGCGGTGGTGCGCACTACGTCTTCACAGCTACACAGGATTGTGCGCAACTTCGCAACTTAAAGGTTCCTTAGGGACGGGGCGCCGCGCAGCGGGTTATTCTCTTTGCCCCATACCCCTGACACGTCATATTGGAAGGACTCGGGTTATAGATCTCCTACAAATGGACAGCTGACCCCCCAAAACGGTACGCTAGTCGGCCTGGTCGGTTGTGCGAGTCGTCAGTCCGGAGGGCCCAAACGTTTACACTTTTGAGCCGTTATTAGAGAGACAGCCCTCTTTTGAGACGCTTTGGAATGACAGGCGTCATGGTGCGTCAGATCGGGTGAAGGGACGATAGTGTCTTTAACGTTCTTGCTGTTCTAGGGGGGTTCAAGTATGCCGTG,635,52.76,Homo sapiens
SEQ_184994,GAGGCAGTCGTAGGTTCCTCCGCCTTGGCAAGGGACCTATTACGCTGATAGTGTGTGAGGCTGGCTGGCGTCTGTAGGAACAGCAACCATCGCGTGTTTTAGTCACACGCCAGGAATTAACACACTCACGCACATAACGAACCATGATTCTGGCTTGAACCACTCGGATGTCTATTGAATGAAGTTTGAATCTTCCGACATAAACCTCTGATACAATCACGACCCCTGCTCTGATGATGGGAGTCTCTATCAGCGGGTCCCCTCCATTCCTTGTGACTGGCGGGCGAATCGCCATACTTAGTCCGCGTGGATTAGCCTCTATACTATAACGTATCATGGGTTAACCCATAAACTCATAGCACGTGAGGACACTCGTGACTCCCGTTGAAGTTAGCGATGAGGATGCCACCACATGCATACCGGGTACACGAGCTCCGTTTGCCTCCCCGCTACCGATCGCATGGCATGGTCCGGATGGTATCAGCACAGCGAAATGTACAGATTTCTCCTTGCAAGAACCGGCCTCAGCACAGCGACGGTAAAACTGACACCCTCGTGCGCATCATCGTTGTTCAGTTGCTCCCCCAGATAGAGTCCCAGAATATCTCACAACTGTCTCACAGCACGGAACTCTTACGCGAAGGTCCAAGGGTAGTAACTTTCCCGATGAGTTTGGACCACAAGCCAACACCTGATCAGGGGTTGTTGGCAAGTTAAGCTGGAGTTTTACCACAACAATGCACTAATCACAACATGCGCCACCCCTGGCATTGGGAAAATTCTGAAGCACATTTGTAGCAGTCACTTTCTATTTTAAAAATATCTGAGAAGCGAATCTAGTGCTCAGATACTGCCTTGACACGTCTTATTTTATATTGGCGACTGTATGCGCAAGACCAATTAGACTTTAGGATGGAAGCAGCGCACGCTCATCATCGAGAAGTCGACCGTTCTCTAAGAGGCCTACAGTTCACCGGCAGACGTTGTGTTGGCCAACTATGTATTTCAGAGTCGGTCTTTGATATCCTCGCAATGGAAGAACTGACATAGCACGCACGGGCTTTTACCACCAGTAGTAATATGAGTGCGCGAGCTATATGTGCATCATGGATACCCGAGGGCCGTGAAGTTGTCATCAACTTTAACTACTAAAGTAGCTGGATGTGACCAGATAATGGATGCTCGGGGTACCCGGAGGCACTACTGTTCATTGTGGAGCACAAAGCAGCAGGGCCTTTCCATAGTTGCCACGTCGCTGCGGCGTGAAATGGACCGTAGCTCTAGACGTGGTGGCTTCCATTGCGAGCGGCAGCTTTGAAGCCCAAGAAATAACTTCCTTCACCCCGGCGTTTTGGATGATTACGACGAATAAGTTCCGCTGTTGCATAACAGGACTAATACCTAACGTATCCAGAGTGAACACCCCCGGACAATTTGGTCACTCATGAGAACAAGTTTGCTGAACTCACTATTGCCATCCAGATCGCCTATGATGGTTTTCTGTGATACGCCAGTGAATGTTTCGTCTCTTGACCAGGGATGCCCTCTAGACTTTGTTCTTCTGAAAGTCAATGTGCGGCTTTCTTTAGCAGTCCGATTATGGGGTTGGTACAGTCCCGTGATCATAACATGCGACTCTGGCT,1643,49.24,Caenorhabditis elegans
SEQ_606185,ACGATACAACTTATCGTGAATACAAGGAGTCGTCGTGCATTTTGCTCACTTCAATCTATTACCGCAGTCCTGGCCATGGAGTAGTACAACCCTTTTTCCGGTTCCCACTGCGCTCAACGTGCCTGTCCCTTGTCTGGACCCTGATATGGTCAGCTACGGAGCGTCTATCACGTGAACCGACACGTCGCGCTGACAAAACCCTATTGACTTGGGGATTGTGTAATAGCACGGGCGAGAATCAGAAGGAGCAGGATATCCAGCGCGGGTGTTGCAACGGGGCACTGGCACGGACAGACACGCCTGATTTTTGCGACTAGTAGTCCATGGAATATGCGGTCGGCGTGAAGCATGTGTCCCGCATGAAACTGGCTAACGGATGCTTTTGTGAAGTTAGCGGGTCGGCTCATGACGATGAAACTTACGTTCAGTAAGTGGCACAGAAGCATATTAAATGTTGTACATAGAGTGACTATGGAGCACTTCATCATTAATCAGGCCTCATCGTTTATTAGCAATTCTCGGATGAATGGGGCAAGAAAGGAACATGAGGTGTCTCGGCTCGAGCGAGCTTGCCGATGGTATACTGGCAACCCGTTAGTCCGATCCCCCTGGAAAGCCGCCTACACAAATGCCAGCTCATGGTGGCACGAAGATAGTGATCTTTCCGTAACGAGGACTCACTCGCGGCGTCAACGAAGGCCGTTGTGGTGAAGGTGCTCCAATTTACTCGGATCTGATAACAGAATCTCGGGCTGAGATTCACCAAGGGTATTTGATATAACGAATCACACGTTTTAGTAGAAGCGCTGGATTCCCTTACGCTTTGGGGCCTACATCTGGCCTGGGGAATGGCGGGGGGTAGCGACGATCCCCTGTCAGTGACAGTTGTGGCGATGGCAGACCTTACTCTCTATGGGAGCACGACCCTAAGAAGATTGGTCACAGCCAAGTGGGCAAGTCTACTACCTAGTCCCACGAAAAGTGGCCGAAGAACTCCCCTTAGATAGTATTTCTGGCGAAGTCAATCCTAGTGCGATTAAACACCATGCGCTCTTGCTGGTTGTCACGTAGAGCAGCACTTAACTTGATCGTAGGTGAGATTTGGCCGTAGGTACACCCTACTCCGGATTCCTCTAATGCCAACTAAGCACAACCCCGGATCAGAGGATTTGAGCGGTTTGACGCCCAGGAAACGCGTCCGTAGGCTGCAATTGTGAGCATACGAACGTTTTTTAGCGTCACCCCTCCGAGTGGTTCGTGTTGACCAAAGACAAAGTTGTGGAGCCCCCCAGGAACCGACATGGCGCGCCGTTTAACTTAGTATAACAACCTACGTGCTCTAACAGCAGGGAGTCCCCGGGTGAAAGCAGGATTTGCGGAATCTTGTCCAAGAGACGTGGCAGATAGTTTCTCCAGGCAAATCGGGGACATAATGTATGCATTTAGACCATACGAAAGGGTTGATCTCTGTGGAATAAAGCCGGAACCGACTCATTCACGTTATGCATCTCATAGCAAGGTCCCTCACTAACGTTCCGTGTAAATCAAGTTATCATTAACAG,1562,50.45,Saccharomyces cerevisiae
SEQ_525523,CGCCTTCGCGAAAGCGTCGGTCTTTGGATAGGGCGCTTCCTTTTTGGAAGCCGACCCCTGGGTTTGGCACTGATCCCCTTACGTTGCGCTCAAGGACTCAAGCCAGCGCGACCTAATGGCCGTTATGCGAGCGTGTGGGAATAGCCATCCTGCCGGGGCAACTCTCGGGAACAAACCCCAGCCGCTCCCCTTTGGATGGAAGAAGTTGTGTGAGTGTGAGCCACTTAGACGGAGTTCGTTCGCATAACGCTCCCTAGTAATCTTCTTACTTGACAGATGGTTAACTCGATAGCGGCTTTCACACATGGAATAAACAATATGTAGATACATTGGGGCACCCAGATAAGGTCTGTCGTCAATCCCCTGCAAGCGATCGGCGTAGACTTACAGAATGTGGACGAGCATGTCCATGCCCAGCCGTCCGTGACTACCAGTACTCACTAGAATAACCAGATTCGTAAAAAGTCAAACGTATCCAGATGTCAAAGCGACCTTTGGTATAGAGTGCGGTTGGACGAGAGCGGCGGAGTGCAGGGCTCTCCGGGTACTCAGAAATCGTGTTCCGGGTTAATGCCTGGGCGCCGGACCGGCGTAACTCCCATCGCATGTAAGGCACTAAAATTGGGCGAGCCGTTTCTCTGGGATTATGGACTCGATTAGCGGGTCCGAGTGGACCCCCACGCTAGAAGTCCGTTGAGGGAATGCTGTGGAGCTGCTAGAACTGATAAACGACTGACACGTCAAGTCGTTGGATGCGTAGTGTGTCATTGGGAGTAGGGTAAAGTGTGAGACAGTGGCTACTTTGATGACATGGATGCGGGCCGTGTACCGGCGCAAAAATGACCTACTTACCAGTCGACAGGTGCCCATTCGTGTCGTGCAGATGGCCTCGCTATCACGGCTGGAAGTAGGAGGATCACTCTGAGCCGCTTCCTGTATAGATTTTCCCTCTGCTGGGGACACCCTCTGGGCGTAGGGGTCCCAGGGCACCGTTGAACGATGTTATAAGGTTAGCCTGTGTCACTCCCTTGCGGTAAGTCTTATCTAAGATAAATCGGCTTGTAGGTGGTGATATCGCTGATGACGAGAGCCACGGGGCCGCCTTATTAAAACAGGTCATCAAAGCGTCCATAGGCGTGTGTACCCGTCAACACGTATATGGACCGCTATACGATCTTATGCGGATAACTTGACGTTTTTGCTGCCTCCTTTCCTGGGGAGAGTAACTACGCTTATCGAACGCAACGAGGGCTTGGTCGACCGACAAACTGAACTGACATTTGGAACCTGGTGCGGCTATCTAATCCAGGACGCAAGGTTTATGCTTTTAG,1331,52.67,Mus musculus
SEQ_962663,TTCATGGTGTCTACAACCTGCGTATATGGGAGATTTGAACGTTCATAACCCCTCCTTCGCCTGCCTCAGCGAGGCATACGCTCCCGCTCAGAACAAACTGCATCCGAGTACAATTCACTTAATTGGGTCTTACCATTTGGCAGTCGGTACGCCTCTCACTAATAACTCGAGGTTTGTACGCCTGCCGTTGGATAGAAGAAGAATAGACTGGATTCAACACGCAGCTTACGACTAGTCAGTTTTCCTCTTGTGTCTGGTCCTATTTGCTTACTGAATATGTAGAATATTGGTAGTCCTTGCTGTATCCCTTTTTTTTACTTTGTACCAAGCCGCTCCTTCCCGAGCTGGCCCAAGGCTGATGGCGTGGGGTTGTAATCGTCTTGGACCCAAGACGACGAGGTCGGGTCGAACAATGGATCTCAGTACACACACACTAGTGCCCGACGGATTGTTACCGCCCGCCCTAGACGTATCTGATGCAGTTAGTTCGAAATATCCCCTGAATTCACCAGGCATATCCCTCACTTCCTCTTCCGACTTAATCAAGGTGGGGAGGTGAACGGAACAAGATGGTCGTTTACGGCCACCTCATTCGTACCGACGTAGTATCGTCACGTAGTGTCAAATGAATTAGCCACTAAACTTCCGGTAGGTTCTTGTTTTTGATGTGCAAGTACGGCGATGCTTCACTCGCTGAGTGCACTATATGTCTGCCAGATACGATTGGCCTAGAACTTC,738,48.51,Mus musculus
SEQ_316258,ACCACTGTGCGAGAGTATGGCGCAACGTCCTTCCTCGCCATACGACCAATGCCTTTATGAGCATGAACGCAAGGGTTATCAGCACGGAGCCGTTTCAAGTATCGCTAGCTGCTAAAATACTGTGTTTATGGAGTGTCTCTGCCCAAAATCTAATCATATCCATGTACTTACATTAGTTATATCTACGATGGTATATGAGACATGGTTTTCAGGCGTCCGCAGCGAGTCCATCGCTCGCAATACCCTCAATTACCGTTTCGATGGCGTTTGTAGACATGCGAATCTCGTTAGCTTGAAAAAACCGGCATACAGCACTAAGAATGCATAGTGGACATTCGGGCCTGGCGCCAGACCACATACGTGCGGGTTTTAACGTTTTCAAGGGCGGCTCGGGCCGTTTTAC,403,48.14,Arabidopsis thaliana
SEQ_875340,AGCGGATGCCCCTGGAAGTCCTAGCGCGTTGAGGATTCTGCCTATTAAGGCTTCTGAC,58,55.17,Homo sapiens
SEQ_801092,ACACGGACTTTATGGAACTTCGGAACAATCACATGCCGAGTAATGGACTGCTGAGCCTGCTTTCCAAAATCGCGGACGGTCATGTGTGGCTGTGTTGGATTAGATGTGAATTGGATTCTTGCAATGAGGGACGCGTGTAAACGCCTCTAGCGGCTTAGTAAAAACCACAATTGGACTCTACTTGGGGAGTCAGTGCCGGTGTAAGTGCGGGCTGTTTACAAGCATGTATCGTAAAAGTGCTTGGGAGTGATCCATCAGTAGCTGAATGGTGATGTGAACAGTTTTCGAGCAGACGTCTCAAGTACTAAGAGAAACTGGCTAGCCGGTAAGTTGCGCAGGAAAAGCAGTAGACAGACGTCTTAGTGACGTGGCCACCCTCGGGAAGTTTCTCAAATTTGAGGTTCCACGATTGAGATACAAGCCTGAGGACTGGTTCGATTTTATCCCTAGTTTTAGCATCGAACAAGCAGCAGATCCCTCACTCGGGCCTATAGACGATTTCGACGCACACGACGCCAATAGGCCTGTGCGAGGCTTGCGGGCGTCGACGGCTCATCTCGTGAGGAATTTATTCGGATAGAGCGAAGCTGGCGCGCTTCGGGATGCTGCTGCGTACGATAGTTCCTTTGCCCCTTTTATTGACGGTGGTTTTTCGATCCTAGTCCTTCAGAGTTGACAAACTCCAGGGACGGGTGCACTTGCAGTATGGAGAAAGTGAGGGGGGTGGCGTGGCGATCTTAGCGATAGGGATTCACGGATAGACAAGCGAAAAGTTGGTCAAACGCGGGACCATTGTTGAACTAACGTGAGGAAGATCCTAAACGCTCTTATTTTCATACATCGTCGGATAATGCATTTGTCTCCCCTCAGTCTTTATGTCTCAAAAGTGTTTGAGCGCTGCGCCGCAAAGTCGCCTATAAGGGTCCCCTGCTATTCTGTGGACGTAAGCCAGGCATATAAATGTATTACACCTGATAGTCTGTGCATTTTGGTAGCGTTCATCACCTGCGCCGACGCGATCACTCTACAGCGAAGTCTTAGGCTGGACTGAGGTGGTGATTCTGCAGATCCCCCCCAGTACGGTCGTGAGGCGGAGCCCCGACGACGAAAGGCTCCGTGGTCTGGCGGGCAGGGTTATGTAGCGAATGTTGACCAGGAGTTGACC,1165,50.9,Homo sapiens
SEQ_161941,TACTAAGTATCCCTGTCCCGCGGTTGACTAAGTTCTATCGAGCGCTATCTCTATGCCCTATCAACGCGTACAGTGTGAGTCCTTAGCTTGTTGCTGGATAACCCACTTTAACTCTATGCGACGTTGGAAGATCATAGGTACAATCCGTAAACGTTGATTGGCAATCGTTCATTTCCACGACAATTTTTACACTCCATTTGAGAAACACCTCCTGTATCGTCATAAATATCGGTCGGCCCTGATGCGAAGGAAGAGCGATACGTTTGCATCCCATAGTCCTGCCTGCAGACTCATTCGTACGGTGGTAGGAGTTGCCGGTTCCTTTGCCGGAGGCGTTCGTTACGCTCTCAAAAGTGCATTTTCGGTGTATATTATAAATAAGGCCGTAAGACGATCAGGTATCTTCGACACGGGCCCAATGGCCATACGTCTCCAACGCACGGCCGATCCCGGGACACTCCGTTGTAGCTGGCTAAACTTAGCTCCACCGAGATGCGTATGATGTTTACCGCTGTTATTGCACGTTAATTCGATACACGTCCGATACATTATTTTTATACGCAGGAGGCTAGCGTTTAACGGAAGGTAACATACAACAGAGGAAAGCGGTAGGTCCTGAGCCCAAAGCACTAGGTGGCTTAATGGCACCGTTCTGCTACTTGCCGGGTCGCAGCCGCATTGAGCATTTATAAAGCCCTTACACCCCAGAGAACCAGAGACTTCGACGGTTACCTCCCGGTAAGCTACATCCAATCCGGCGTCTGTTCGCGCTTGGAGATAGGTCCGCAGTAAAACCGATGGCCACAATAAGAAACTAGGG,820,49.15,Escherichia coli
SEQ_765831,AATATCCTCGCGGCAATCGGTTGTTGATTTCAAGAGGATCTCGTGTCCCAAAAGCAAGGAAAATGATCTCCCGAATACAAGAGGCCGGCAGACGCCTAATGCCGGATCGAGAGTGCACTAAAAACAACCCGACGCAGCCCCGCTTTCTACTAATCAACGTGACCCGTCCGATAGAGGCGTGAGACCGCCTTCGTGGACCAGTCCATCTCTCTATGTCATGGGCTGACCCTGCTGAATAGGGCCAGTTCTCATTCTTAGGCCAGTCAAGTTGTAGTATTGAAGTTTCAGGAGTGCGGCGCTCGGCCTAGCCACTTTTCACTTTATAGTGACTGGGGAGTATGCATACTGTTATTCTAGATTATGTGTGGCTGATGAGTTGACTGCACTGTTTAGATTCGTTAGATAGGGATATTTGCTGGGAAACTTGGCGAGGATCCGACTCAAGTACCTTTATCCTCATGCTAACTGCCACACCGTGCGTGCATGCCCGGAAGTCACTCCCGAATTGTCTCGTTAGATCTCGAATACGCAGCTAGTAGAGCGGATTGTTCTTTCGGGTGGTAGAGTCCCTCTCGACGCTTTTCTGTTCGATAGGAACACAGACGCCTTGTTGGATAAGATAGCTTCATCCCCATGCAGCATAGGATCGCACGTGAGAGGGCCACACCACAGTCGTTACGCCGGCATTAAGTCCGCTATTCAGTATTGCAACGACAAGCACCAATAAACTTGTGCGGCTTACCGTCCTAGGGTCCTTGCTTATAGTTACGGCCACTCTTCTTAGCTCCACACTCGTTGCCTATAGGGACTAAACCTTTTTAAACCTGTACAGCTCTGGGCACGCGCTCAGCCTAAGTCTTCATTGCGTTCAGAAAAAGCCTGTGACGAACATACGAGTTCTGGATCCGCGGCTGTCACTGCCGAAGAGGAA,931,50.16,Homo sapiens
SEQ_209315,CAGCATTCCAAAGGTTCTACCGCGGCATACTACCGCTTCCCAGCGTTACTCGGGTAATTGGTGGCGCACATCACACACAAACGCCTGGGAGGTTAATCTCGGGACAGCCGCCGATTTCTCTTCAGAATAATGATCACGATAAGGATAGAGCGCCTAAAGCACTGTGCCGAGTGAATGGTCTACTTGAACCGCAGTTCCCTCTTCACACGAGAAACGACGGTGTCAACCACTACGTGCGTGACCAACCTGATCGTGATCGTGTTACCACTCGGGTGATACCCCAATCAACGAGTATGAATCATTTTGTTTTTCTTTAAAACGGTCTTATCCAGGTTCAACAGTTACATGACAGCGGAAAGACCATTCGTCGACTGATTTTCTGAACTCTTTCTCAGTTCATCATGCTAGCACTCCGTCCCTTCTCTCACTCTACACTCGGTCAACGCAGACTGCGGCAAACATGATCGTACCTCGCTTTATGAATATATGTTCGCAGCGGCAATTGGGTCAGAATGAAATGACAAACTGTCTACGGAAATCTAATTAACGGGACGTGTTTATTAGCCTAATAAAAACATACTGGGCCCCAAAACTGCTAGTGGTACTTAGCAGTCATTCACCTAAAGTAATTCCTAGTTATGGCGGCATCACTGCGTCACCAAGGCATGTCACCGGGCAATGATTGGGAAAAATCTGATAACTCTCGGTTCAGTATGAACATTACCGCTCAGATGTTAGTCTGGTTTGTTACGAAGTTCCGTTAAAACACTGTAACGGAGAGCGCACGAGGGGGATGACCATACGGCCGAAAACGGGTCTTCCGCGTCATCGTGTTCTCTATACTACACTAGTGGTGGTCCTAGTTGAGTTGTCGGGTACCAACTACAATCGTTGGAGCCCAAGGGAGTGGTCTCTGCGCGACAATCATCCGGCAGAATCGTAACCGCGCTTTAGCAGCGTTCGCATTGTAGGCTGTACGCAAGTGATTTTCATCTCGATTTGTGCACCCATGTTGGGCGTCAAAGTTGCCCTCTCGTCACTGGAACCAACCACTAACAGGTCTATTATGGAAGGCTCCGAGCAATACAAACACTGAACATTTCACCCATTACGCTGCCACTGTTACCTCCGTACGGCATGGGACTATCCGATCACGGGAAGCTCACCTTCGGTGTTTGCTCTAAATGCCAGGTTTAGAGGTGCGGAGGACCCAAAAGAACACGGTATTGGGATCATCGGGGGGCTGATTAACTCGGAATAATCCGTGGTTGGCAAGTCAGTAAACTCTAGCCTTACAGCACCAACTTGTAGCACACGCTAAACACGGCCTAATATTAAAGTGAACAAACTACAGACACGCACGAGAACTCGTACATCCCCGTGATTTCAGCAGAGCCGGACTGGCCCCTTCAGCAATTGTGATTCTGCCGGTGTGCACCACACTGGACTTTCATCAGGGTTGATTGGTATTGATCGCCATTCCTTGTAGCGCCGAGTTGCCGCATATATCTAAACACAGTCATGTTTCGGAGTACTCTGTTCCCCAAATCCATCCGAGCATCCGTAGTCCAGGGTGGTGTGCTCAGTGGTATTTCGAATCTCGCACTCGAATCGTAATTGGGATAACATCTCTAATTAACGAATGCAATAACCTTGCTTGACTGGTGCCCCTAGCTGGCCTTCCCTCAAATGGGGGCTTTGATCGGGCGTGTCCCCACGAACGGACAGTAACCCTTAAGCACTGACCTCCATGGGCGGTACCCCACGCCGTACTATCTCACCACTATAACTAGACGGTAGTAGGAAGGCCTCCCACTGCTGCCGTGTCAAGCGCCTAATGTCTGGCACACAACATATCATAGAGTTTTCAT,1871,49.06,Escherichia coli
SEQ_370238,CAAAGAAACGTCCGATTCCCAACACTTTGGAACACGGCCTGGTAATGCGCATACCGTGAGTTGAATTGTGCCGCTATGAGAAAGTTGATACCCGATTCCGTTTCATCAGAAGATTACGACTCGAATGAAGGCACATTTACGCCGCAGCTAGAGTTGCGTCACCGGACGTATAGCGCCCTGTTGGAGGGTACGCCGCCCTGTAGACGCTCGGGAAGGTACCACAGGTCCTTTTCGACCATATCATTATGATCAGCCCCAAGTGGCATCCCTAGTCCGCCTCCAGCGGACATGGCCCTGAGCTGGTCATAGTATAATCTTCCTACGATGGTAGTGGTTCGTTCCCCTCTGCCATCACAACGAGTACACCTCCAGTGCTTAGAGGAACCGTTGCTTGTCTCAGTGGGCAGATCAATACTACGCTAGAAGATCTGCAAACCGGACTAGGCGGCTACGAGCAAGTGTGCCGCGAAGGCCATCCCCGCGTGCTCGTCTGACGCAAGACAAGTATAATCCGGTTCGGCCCCGCTATATCGTCATGAGGGTATCTGGGTCGCTTACGATAAACCGGAATCCAAATCCCGCCACAACGTATGCTGCTAAGTAGGTAAATTTCGCTTAGCAAGAAGTGACATGCATTAAATTATGCTTCGACTCGGTCCCTATTGAACCATGATCACGATCTAGCACGCTTAGGGGTCGTACGCGTACGCTGGCGATAGTTCAACGCCGACTTCTTACGGTGCGTGACCGGGGAGAAACAGATTGGAGCATTCTTAACTAACTGCTGCAGAAGCGAAGATTGTGAGACAAGATTCAGCGTTCCCTGACAATCAACGCTACATTCGTGTGTCTATATATCCGCGACGAAACAGTACATATGCTATATAAATTCCTGCATCCTTTCATGTCGGACTCAACTGTGGGTCAAGATCCGTCCTAATGTTCGCCTCGCGCCCCAGACACGGGTCCTTGACACCTCGGGATGATCAGCTATAGGACTGATAATGTCGGGAAGCGGCCTTGCGTGCGGCAATGTCCCCATAAAGTGAGCTGGACAAACCCCTTATATATCGACCGAAGGGATGGCGCGCGAATAACATCACGGGGAGAGCTTTCAAGGCAAGATCCCCTAGTCATAACGGATCCAGCCCAAAACGACAGCTTGCACTTCCGCCTACGTACGGCATTTAACGCTTCGCACTAGTGTTCCACGGGGGGCCGAATTGATCAGTGGAGAGTGCATCATCCGCGCGAGTTTATAACTCATATGACCCAGCTCGACTACTGCGGTGGCCCTGGAGTAGAAGCCAAGGCTTCCGCTGTTCAAAGACGCCGTTTAAACGAAATCACTATTATCAGCCAAACACTGTCGCATGTCGAAAATTCTTTCTCGGTCTTCACGTCTGATAGTTATTTTGTGTGTTTTCTTGTCAAATTCTTGGGGGGCACTAATCAGCCACTGACTTTAGGGGAATGCTTAACTATCGTTGTTTCTATCTGATACTTAGTATTGCACGCGTATCATTGGGCGGAAGGCAATGAAGTAACCATTCCCAATGTCCAGCGTCCCACAGGTATAGGGCCTAAATGTGAGAGAGCCTAATGAGGGATGGATGCTTCTTACCATAAATGCCCTTACTATCCGCCCATATGAGTTAAATTACGAAGCACCGTATTCCTTGAAACTCCGGTCGCGGACCGGACCCGGGTCAGAGATTCCCCTTCTTTGGAACTTGTCTGCTCACGTAGAGGAACGTTCCGTAAGCCCAAATTTGATCGCAATCTTTCACTCCCAGAAGTCGTTCGCGGATTTGGAGGCATTTCTACTTTTCCGTCAGTCACATGTCCGCTTTCTATTAAACGAGATTGCCGATTAGTGGTTCTACGGTAGTCTCGTCGACCGGGGCCAGCTACCGACGTCACATCAACTTACAGGAGTGGACCTACTGTGACGATATCTATTAA,1965,50.08,Mus musculus
SEQ_717960,CAGTTTTACAAGTCGTACTCCTCTCAGATTGTTCCGCTTCCGTGTGCCTACAGTGTCTGTGTTAGTAAGGTAGAAGATGCTCAGTCCCAGCTGTGTTTGCAACCTTGAACAAACCGGACAGCTAGGGCTACGTTGTACACGGCACTCGGATTAGGCCGTAGTGTCAGAGACAGTGACGTGGTACAAAAAGGGAGGAGAGGATTGGTCAGCGAGAGGTACGGCACACTGCGAGCTTTGGAGACGGACTGACCCTGCAGCGCGATATTTCGGGCACGAGCCGAGGAATCCAACAGAGGGGTGAACTTAAAGCGCACATTAGTGTCAGCGACACAGCTATCGCTGCGGGTTTATCGAACGCGCGTGCCCTAAATGGGCCTCCAACTACTTCTGTCGATGTCTACTAGATATCGAAGGGGATCAGTGATCCTTATAGGTCCGTACATACGCGGGATGACGTCTTCGCAACAACCCGCATGCTGCCCTTAGAACGCTATTGTGCCATCTCTATGCTACTAGAAATGCAGAAACTATGCACAAGGAAAACGACGCGAGAAGGGCCGCCTTCGGATGAAACCTCCGTTGATGCCTGAGCGCTTTCTGTACAGAACACACAGCGGTGTGGAGGCGGTAGTAGATCTTCGGTGCACACTTGCAACACGGCTCAGACGCCACATTAACCATGTGGACTTTAATCCGGAGCATAAAAGTTCTCTCGCAGGTTCTGATTGGGTGTTCTGACGGGCTATTATTAACATCCGTTAAGGGCGTCAATATAGGGGGGGCACTGGAGGCGTTGGCAGTGAGAGAGCTCGACCTGCATCGGGTTTACCGCTTATACACCGCCACCTCATTCGCACTATATGAACTACACTGTTACGAATCCGTATAGTGAATACGCATTGCAGTCGGCCCTCATGAGTTGACATTTCTGGTGTTTAATCATGCGCACCGGTATAAGGCAGGTTGGTTGCACTGTGGTAAACATTTGAGCCGGTGATACCTTTATTCGGGCCACGGGCCTTATTTTGCCCTAAGACGGCCAAGTGTTACGCCGATGTGGCCTCGCAGTGAAGTGGGGATCCCTTTGCGGAGAAGTGCATAGCCACAGAGCTAAACTACTTTCTGACTGTAGAGGACCGCACATGGCTGAACTACGCCCCGCCACCTTGTATGTAGAATCTGATATGTAATCCGCGTCAGCTGGGATGCGGTTCACTCTCATCTAGCCGGTTGGACAGTGTAACGGTTAGGTAATCCAAGCAGCCTAAGCTCGCAATATATTCGTCCCGGAAGGTCTACTTCATCTCTAATACGTGGTTCGATTCGGTCTCGACACAAACGAAGAATAGCTGCAGAAGACGCTCGCTAGTGCTTTATGTTCTCAGGGAGACTCATAGACAAGGTATCTCGCTTAGCCCGCTTTTTCCGGGGCAGGAACGATTGATGTTGCCTACGTGAAGTTTCTCGCTACGTTCGATCCATACTTTAACCAACAAACATCTGCGCCATATTGCCCTCGAGGTGGTATGTTTTCCGCACCTCTGCGATAACT,1552,50.97,Arabidopsis thaliana
SEQ_100273,ACCGACAGATACTAGTGGCTTTGGGCTCTATCCAGGGGGTGCGCTAAGTCAGCTCCACCCTCTAGAGGTCCTGCGGAGATTATTTTTCGGCTGTTTCCGTAACATTCTTTTTTCCGGGTACCGTCAGCGAAGAGTGGTCGTAAATGTCGACTCCAGTTTCATAATACCTTTCATCGAGACTAAACCGGTAGCGATTGCCGTGCCAGGTGCCGTTTCAAATTGGTGTGAGCCGTTAGACCCGTAGGGCTGGACATGTGTACATTACGGTACTGGAGTTCTTGGCCACATGGTGATGTGCGGTTGCACCGTAGCCACTGCGTTTACTGCCGAGTTAGTATTGAGGACTTATGAGCCGGCAAGGCCTAGTCGTATTTCAAATGTCAGTCCGAAAACGCGGTTATATGATCCTCTGCTGGGCCTTGGACTGACAGACGAAGCGCTATTCCATTATGGCCACAGTCTCCTCTGAGTTCGTGGTAATCAGCAATGTGCGCACGTACATACTTAGTTGAGAATCTTTCGAGGCGACACTGGTGTTCTTTCGCCACTTAGATTCCAACGGTCGACTTGGCCACTATCCAGATAGGGGACAAAGTCCGTACAGACAAGCAACGGGGTACGCTAATTTTCATGTGTGTCACTGGCTCAAACGACCGATTCCGGCCTACGCGCTTGGGACGGCTAAAGCCCCACGGCTCTTCTAACGCTGTCCTACGGGGCAGATATTTAACCATAGGGTGAAGTACATTTACTACTTGGCCTTTTCAACCAAGGGTAGGATGTTCCTCGAAGAGGGATCTCAACAGACTGGGATCACAGGCATTTCAATACAGGCTAATGTGATAAAACGGACGCCCGGCTCCAACCGGGGACGCCAGAAATAGATATAGTGCTCCGGCCTTCGCTTGCGTCTACTTCTTGATGAGGTGCTTTAACTGAAGACTGGCACACATCTTCTGACAGATCGTATACATTCCTTGGTCCGATGACGCGAGTCAGGGGCGTATATGCCCCACATACCAGGCGAGCCATTTTTCTTTGCCACGTTATTTTTTCTGTGTGTCTAATCCTACATAGGTTGGGGCGTGTGTAAACTGAATCTCATTTGATCATTGCAGCGCCACACCGTTGCAGACAGATTGGCCCTGGGCAGAAGACTCGTTGGTTCTGGGTGGCTTAAGATCGACTATTGAAATAATTACAAGCCTGAGCCTTACGGTCCAGGTCAGGCGTCGGTCGGGTTTTGATCATCAGGAATTCAGGATATGCGCGGTTGTCCCGGACTCTTTCGCTCCTTCGAAAAGTCATCTCCGTGTTTATAGGAGTATAATGGCATTGAGACGAGACTAGATGGGCTATGGAGGCTG,1367,50.11,Arabidopsis thaliana
SEQ_241297,AAGTGCAAATGGTCTGAGGTGCTTAAAGACCGGATTTAACAGTAGCGGATACGTATCAGCCGACATCCCCCTGGACGCTCTATTTCTGTTATCCATCTCTAGCAACTGCTTAACCTGGGTTCTGCGTGCCAAGAGTTTCAATTTGTGTTCACCAGGAAACAAGCGTCATCGGTCTATTGGTGACTCTCGGTCGGACTGTCACCCCGCTGCAGCAGCTATTTATTCCGGGACCCGCAAGAATGCACGTGTGTGCAACTCGCACGGATGAGTGCGAGGTCATCGAAAATCCGGTTAATGAAATGTTTCGAAAGTATCTTACCTGCTTGGACCACATCTCGAGCCTTTTCCCATACACGTACATTATTCGAAGTGGACATCCGTGCAGCCGACACGGGGGGCTTTTTTCTCTTGTCTTCTCCCTGTAAGGCCCTCTCACCTATCGCCTAGCGTGATAACTCATCGAAGTCACTTCTCCCAAGTTTTCGTGGCAATTTCGATTTTCACCTAAATTAACGAGGAGAGCGCTCATCGGCCAACACGAGGGACTACTGCTGCTATATCAGCAATGCATCATTTAAACCGGAACCGTTGGCGAGCAGTGCGAACGGGGACCGCCTCGAACATCCCCGCACGAGAACTCGACCATTTCTATAGATTGAATGAGGGTAGTAAAACCGAAAAATGGACTATTCTGAACTCCGCTTATTTAGACTTCCTGACTGGCGGTAGACCAACGTAGCATACAGGCTCTCGATCCTTCGATACAAAATATCTGGCACAGCACCAGAGATGCAATGCTCTCTTGCAATTCCTCCCTGGACTAAGACGCGTTGCGTAACTACCCCGGACATTATATCACCTTTGTTGTTACTTGGATGAAGACGGGACATCTAGACATCTTTTGCTTTAGACCTGCAATGGATAGGCCGGCCACGCAACAACGAATCGACGGCACTGCCATTTTTACCCACTATACTATTCGCGAGATGAACAGATCTAGTGCTCGTCTTTACATCATTGAGTCCCAGGCGAGTGGTGTGCGAATCTCTATGGGGTTAGACTGCTACCTCGGTGAATGCAGGGCGTCTTGTTTAGCCGTGACATTTTATGTAGATGTTCCGCTTGAGACCTTACGAACCACGAGTTTTCGGTAATGCCTCTTTGTCCAGTATATACCAGTCGCTACGAGCTTCGTATGCCAGGTTGTCGCGAGGTCCGATGGGCGAGACCGGTGCTGCTCATGCTATGTCAGTTTTCCACCCATTGCACGATAGGGGGCAATGTGCTGATGGAAGCGCCGGCTGAACCACGTGTGTTCGTGTCATGATCCCTCGGGATACATCGGGCCCAGCCTTCAGGGGCTATGACCTAGGTCTTCGGCTTCCCAAGCGCGTCGCGGTGGGTTCTATACAGTCACACTTTATAATAGATTGGGTCCAATTATCTCAATTGTGTAATATTTCACCACGTACATACAATGACTACCAATGGCTGTGTTAATGCAAATCGACGTTCATGAAGGAAGCATACGCCTGTCAAATCTTCAGTCGACGAAAGCTACAAGAATACAGTCCCCAGGGGCAATGATCATCGGAGGATAGAAGTTGGCCGCATTGTTGAG,1621,49.23,Escherichia coli
SEQ_661961,CACCAGTGCGCATTTCCGAACTGCGCCGCGCACTAGATATCCGGGTTTGTATTCTTGCTAAGACAAATCGTGGTTGCACATATTCCTTACGCATTATACATGTTCCTGTTTTATATAGGGAGCGTTGATTGGACAAATGGGGGGGTCTCTTTGTTTTTTAATTTACAATCTCGAGTCCGCAAGTATTACAGGGCCGAGATGCAAGGCTAATTGAGGGTCCAATGATCGCACTCGCCCAGGAGCTTGAATGCTCTTTCGTAGAGAGTACCAATTCAACCACGCCACGTATTAAAGTCTCAACTCCGGCAATCCGGACCATGAAGGCGGGCGTAGGACGGGAGCTAAGCCATGAATAGTATTTTCAGATCAAACGACGTTTATTCAGATCATGTGAGGTGTCCGTGAATGCGATTCCGATATGTACTAAGATCTCCTATTGCGTACGGTCTGCCTCACGCATAGAGGTCCGCCGGCACCGGCCACATCTTTCACTTTATATAAGAGTGGTCTTACGTCATCGAATTTTAGAGCTGCGTCATAAGAACGCTTGTTTTGTGGATGGTCGGCTTGGTATGGTAGCTGTAGTCTTATGAGTAAAACGCGCACAGGCTACCTGCGATACACATGCGTAACCTCTTGGCGTGAAAGGGCGGCTGTCCTACAATGGTCCCGTCCCTGTGGTGGTGTTACTTAGTTTTTACTGCCACGCGGCGGGGTCCTTTAAGAGTTCGAGTTTGGTGTATATGATATGCATTTCATAGTATCTCAAACCTATCAGAGACAGACGCTGTAGTCAGTAACCGCGACTATTCAGAGGGGGTTAACGTGGGATCGGCACGCACTTTATGTCTTCGGAGTCGCGGACGACCCTATGATCTAAGGGGAGACAAAACCGAGGGTTTTCGTAGGAACAACCGTAACGCAGTAAGCACTATGAATTAATCAACTTGCTGGATCGTCCCTCTTGGAGGAAGAGCCCGATGTTCTCTAGGGCAACTGGACCGACTCGCTGGTGCCAGGCGAGATCATTCAATCTGTGTGCATAAATATCAAGTCTCGCTGTCTTGTCGGTGCGTTTCTCCGCCACCATTGCTACTATGAACTCTTGGCGAGGCGGTAAAAGTCTACAGTGTTGGGTGTTGCCAGTGTACTTCGCCGCGTTACCCTTATCCAGATACGCTCATGCCTTCCCGCCTACCCTTATACATGGT,1211,48.89,Escherichia coli
SEQ_269475,AATCTTACCGTTGGTACGAGTAGGTCATTCCCATCTCGGAGGGGACCTCTGTCTGGCGAGTCTTTCAAAAGTGAAAGTGTGGCGTCTTCGGTCATGCATAGCTAGCCTGGATCTTACTTACTAGAGCCACACAATGAGAGCCGGAAACCAGGTAACCTCTCCAATCCACGTGCATCATAATTATTGAAGGCCTATCGTGCGCCCCAGCTAGCCACCTGTACTGCTGCCACTGTAACCTGTACCTCCTGAGGACGTATATTCATATTCACATAGGTTATGATTAAACTCCGACGCCTCGCATTCGGCGTGTCCTGCCACCTTCAACTACCACCCGTGTTCCTGATGGTTGTCTACACGATCAATCGGCGCTGTAGATACGACGTCGGGTATGTTAAAGAAAAGGGTTGATCATTCTTTCGGTGTATAAGAGTCTCTGCTGCCGGTCTTTTTCTATTATGGTTACGCAATCCTATTCGTCAGAATCGCGTCTCGGGTGGGACAACAATCAACGCTAGCATACGCCCAAGTAGGTCCTCCCGACGTGACTTAAGCTTACTCAAATCGGTAGAATATTCTTGACGAAAGGCTAAGAATGCCTTTACAGTCGCCCACTAGACCGATGCAATTCTCTCGGACGGCTCCTGCGGTCTGCAGAAACGAAGTTTCACTTTACTAACCTCTGTAAATAATCCCCTTCAAATATTCATTATTGCGAGGTGCCAAACGGACCCTGCATTATAGCACCCAGAGGAATAGACCCCACTACTCTTGAATACGTTTGACGTGGAGGACAGTATCCGCTGGATGGTGTTTAAAACTGCGCGTCTCTTCAAGTCTAGACTGCCTGCGTTGCGAGGCAGAGCACGCGTCTAGGTCTAGTTTTACCCTCTCGGAAACAAACCCACCCGCACGAGCCACTTGATAGATTACTAGTGCCCCGTGACAGAAGATCGCCAGGGAGCTGTATCAGTATTGTTCACGAGGACGGTGACCATGGAGGGGACGCAAGGTGACCCACGCGTCATGCAGGTGGAGCTCATACGCACAGTTTAACGGGTAAGGTGCACGTGGTTCGACCAATGCATGATTATCGCAATCAACTTGCAAAAAAAACGTGTGCACCACACGTATGATTCTGGCAAGAAGGTAGGGGCGTTACAGGTTCGCCGTCAGCATCGGTAGTCGTGAAGTCATCAACATTGGGATTTATATACGGGACGACGTCCATTTGTCATCTGCCGGAGCATTTTAGTTACTCAACGGCTCATCGCAATCTCAGCGAGACAGCTGAGACTGGCACTACGATCCAGGATCTTAGTCCACATCGGACCATCTCAACGTGGCTCATGCGTAGGGACTCATTGTAAACGTCACAGATCCACCCGGTGTCAGAGGACACTCCGGTGGCAGTAAAGTGGTTTCTCCCGTAGAGACGTATCAAGCCGAGACCGCCGAATATCGCGTAGTAAGTGGAATTGAAACGTGGAGCGTGCTTGCTACCTCATCTTGGAGCCCCCGATAAGGATCTTGCACTGAGTGCGACCCACATTGTCCATACGGGTAGTCGGCTGATTAGTGCGCAATACCCTCCGTATACTCATAGAAATCAAGACCGTTTACCTAGGATGCTATACCTTGTCAATGATAAGTAGGACGTTACTAAGTTACGTGAGCAGTTCAAATGACGGATAATCCGGGATAGAGACGTCACGAATGAGGAGGTTCCGTCGGTCAGACCAAAACGTCCGATCGCGATCTTCCCGTGGGCCCTCGCAAGTGATGTTTTTCACTGTAACAGAGTTGGCTCACAAGAACTGCCTTTACTGGCATAGCCCAATGCTTAGAAATATAACTGCGGGGATAGGGAAGTGTTTGCACTTAACGTCCGACGCGGGACCGTTCGGTTTCTGGGATAAGACTTACATGGCAACCATTTGCGGTGTTTGACAGATGCG,1955,49.77,Arabidopsis thaliana
SEQ_895267,GACGCGGGTTGCGGCTCGGGCCTTAGTTCGTAAAGACGACGTATTCCGGAGGCCAGGTACCCACGTTTAGGACATCAAGACGGGCAATGCGACCTGTTCCGCCTGGCCCAACACTGTGCAACGTTACATCCGGCGGCACTTCTGTTTAGCCAATTATCGGCTCGACTGACGTATTCGCCTGCTGTGTATACCTGTACAAATCGGGTTCCATTCCCCTGCCCGGTAATATCATACAACCAATACAACCTGGCACTTAATTCCTCTTCTC,268,53.36,Escherichia coli
SEQ_920310,GCCCCTCGTACAACCGCTTGCGTATCGACTAGATTTTTAATTACACGAGGGTGAACCCACCCTGTAGCGTACAGGACGTCCATACGACGTGACTATACCACATCAAGACTTACGATCTCGCTGGGCGCGAAATCGAAGTAGGATTGTGCCGTGGCTAGACCACGGCTCCGACGACCACTCTGGGATTACGACGGACGCAGCTCACCCCTACTTATAACCCCCAGCGGCCTCTAAATAAGAAAATGCGTTAATGTTTTCAAGCACTCAGTCTGCCCTGCCACGCTCAACCGCTACTCATCTCTACTGCTAGAGGCTGTCTGGCGGTTTTCCTAAACGACAGCCACTCGAGCAGTCGCGACGCGCCAAACCGTGAACGGC,378,54.23,Homo sapiens
SEQ_542929,ACGCCAACGTGAACACAATGCACGCTTGGACGCACGTTGACGTTCGTCTACCGCGAGCGACGCAGGTCGCTGCAAGTAAAATGGGCGAAGCCGACATAGTCCGCCCAGGTAGGTGTAATTTTATAGGACGGAACAACCATAGTATTTTACACGTCCCGCATATTATACCAATTACATTCTCAATTACTACATCCCATCACTAGCCGCGTAAGAACTAGCGGTCCTCACCTTGTCAGAGCTACACCTTTTAACACATAGCGGACTTACTGTTTCGTGGGCACAGAGCTCCCGACCAGGACTTGGAAATGCCTCGGGCTCCTGAGCAGGGAGCAGGTCCGGCGTATGTGCTCATATCAATCCGCCAAAGGAGCCCTCACTGCGTGCGGAGAAGCATCTAGAGACCCCGGGTAGTATAAAAAACGTTCGCTCATGTCCGATTTCGGGCTTACAGCATTCCGTATACCAAAACTCGAATGCGCGTTCTCGAACGCACTCGTGGAGACGGGGCCCCCCAGGTAAAAGCGCAAAAGATATTATTACTCCTCAAATAGAAGAACTCTATGGACGATGATCTATGTTGCGGTGTGAACCTTAAGGTGCTGCTTAGTACGTGTTGTTAGTTAGACCCGGACAAAAAACCAGATTCATCCCAGATAAATGGCGCGAAAGGAGAATTCATACGACCCTGGTGCCTGGGTCGATCCAGCAAGTGAAACGCCGCCGATGGAGGTAGTCGGCTTCCCAAGTGTGATGGACAGCCCTGAAGTTAGTATCCTTCTCACCCAACAGCGTATTAGTGCTGAGCGCTGAAATAGGAGGACCCCTTAAAGATGGTAGGCCTATACGTGGTTCGAATTAGTTTGGACATTTCGAACGGCTGCCGCAGATTAAGAACAAAACGAGCGGAACGAATGATACCTCCCTGTGACTCTGCTAGAGTGTGCGCCTATCCAAATCCCCCGATACCTCGAGGCTTGGATCACTTCAAACCTACGGCTTGAGTGTGTGTTGGCCGCAATGCAGGCTCAGTGACTCCTGGAAGTATGCAGTACGGGCCCAAACGAACGTGTTGAGGCTGACACAGAGCAGAACTAGCAGTATGGGCTTGCAGGTGTGACTGCCAAGCGCGTCGACTAATGCCGAGAATATTGCCGCAGAAAACAAATCTACCAAATCTCCAGGCAGAAGCGCATCTGAGAGGCTTGCCAAGCCTTCGTGACAAAATCATGAGTCGTTGGTTTATCTTACTCGGCTTGATATCCTAGTCCCCACGACTATTAGGGGCGAGGGCCCCTGAGTGGTAAAGTCCCAGGAGCTGGAAAACGTGTCATGGGGACATCACAGTCTAGGGCTATGGCTAGCCTTTTAACTACCCCACCGTGGAATTACTGGAGCATGATAAACGAATACTATATACAGACTTCACCGAATAGTTTCCGTCTTAGAATACATACCTATTTCCTATTGCACAAGCGGAGCAACACGTTAGGTATTACATCTTGGGAGAATGCCCAACCTAGCTGCGCCGTCTCACGA,1536,50.33,Saccharomyces cerevisiae
SEQ_580126,CTAAGCGGGATAGCTAAACACTTAGACTAGTCCGGATCCGCGAAACCTGTCCGACGGCGGTACCGCCACACGTTGACCTATAACACTGTAAATCCTGCTTGGGATTGATCGGGCCAAACTCTGTTACTTGGAGTTCAGGACTTCGGCTCGCGGTTAAGACCAGATCATAGTTAGACCGGATCGATGAGGAAGACTAACTTGTTTGTGATGGAGCCGAGACCTCCATCTCGGTTGACCTGGTTCAAATCTCGACATATCATTATGTTCTGCCTTAGTGAAGGATTTTGCCCGTCGGCGTTCCGACCGGAAAGAATCCGTCGGGCGCGCTGTAGTCAGACTGTGTCGCGAAAGTTACGGGTATGTCGAATTAATTGGTATGAGTCGGTTAAGCATTTCTTACGGTTTCGTTACGGGGCGTATCGGGGGTGTGCATATGGAATCGTTCTTGGTAGGGGAAGCATTACACCCGGTGACAAATTTCTCAACTCGGCCCAACATGCCCCGGTTAGTGTGTTACTTACGAGTAACATTGGAGCTCGGCAGTCAGCGGTACTGTAGGCGCCGAGCTCCCTCTTAGCGGGCATATTTAATGGGGGAGAAAGTACCGCGGGGCCACAGAGCTGTAACGGATCCCACGGGGATAAGGTAATAAGGGCACGTCAAACGCATAACTGCAGGGAGTACCAACAACCTGACTAGATTCGAGGCGCGTAGAGCTTGATTACCACCCTCCGTCTGCCCTTTTAGGTTGCTCCCAACCAATGAAGAGGCTATAGTGCAGGGATGTGCTGAGATGTAACAGTAGGCAAAGCGTGACTCGCTCCTTCATCGAGGCTGACTAAGAAAGGTCGCCGGTCATAGCGCTCTGACGCTCCGGTTGGTTATGTCTAATCGTACGGGAACCGGGCTGGGGTGACTGCCGGAGATCTTTTCTGCACATGCGCAGAGATCAGCGGCGCCCTGTGATGAGTTGTTGATAGGCGCCCGCTATACTCACAGCGGTGTATCTCCCACTGAACCACCACGCACGGCCCTCCTGGAGCCGCGGAAATCTACATCCTACTCCCCATATTCCACGGATGTCAAGCTCGTTACAGCAAGTTCCCGAGAATTAGACTTATCTACTATAGTTACATCTTAACATTTTGGTCTCGAGTTTTCCGCGATAGATAGGTGCTCGCTGGACAAGAACGCATTCCTAGTTCTTGTCTTGGAGTCTTCATAGCTTCATCACCTGGTTTGTTTGTGAATTGCAAACCTGTTTTATATGTAGAGCCTACCGGCATTCTCCTGAGCCTTGATAGGGTTGCTTGTGAAGTCCGGTTTGCTCATTCCGACCCCATCGTGCTTAGACCTCGTCGGGAAGTCATCGACACGCACAAGGTTTGCTTTTTCGTTCTTGCATAGAGAATCCAGGATCGAAGCATATATAGAATAAGGAGCGCTAGAAACCTTAAACGCATACTAGCAACACGTGCATAGGATTCTAGCAGGAGTTAAGCGCATCCCCGTTTGCAACGCTAGTCTGCACATGTTCTCCGACTGCAATGACCGCGTCTGCCATAGGGCTACACGATTGTCAACGACCTATAGTTCGTTGACTTTTAGATCTATCTGCCACCCCTTGCTCCGGGGGAGGGTAGAACAGCCCGGAGATACTTTCCGTGCGCTTACTCCGATACACTTAGAAAACTCAACATTCAAACTATCCACCGTATGTTTTTCAAACTGGCAGTCATCTAAACCAAGATAGATCGATAGTGCTTGCGATGAATCCTTCCAGGTACACACATTCCGTACGCATCACGGTCT,1812,50.33,Drosophila melanogaster
SEQ_637714,AGACAGGGCGGTGTGCGTTGCATCTACCCACCTGCTCCTAGGCCCAGCTAATCATTAACCGGCCTTCTGTAGGCGGTGCGAAGGATTCTCCGTGTAAGGCTGTGGGTGGTGGGGTCTCTTTAATTGACTTTGAAATGCTTAGCTAATTGCTACTAGTTCGTATTCATACCTCTCCTACCTCACTCCCGGCTGCCCAGGCGTACGGTCGTACGGGGGGAAGGGGATCACTAGACAGCACCCCCAGCACACCTTTAGGTTCCGGAGTGCAAGCCCGGGGGGAGAGTAGTCGCATCCGTCTGCCGCCGTTCAATCGAAGCATGCAATAAACTGTACAATCTTCCACCGAAACATCCTCGATACCTCAATGCCAGTTATGTGGACCACGACGCGGGTACATGAGTAGCACGGGTAGGACATGCAGCTGTACCCATTACTAGATTCAGCTTTTCTAGTGTTAAAGACTGCTAAAGCCTCGAGTCACCCTTTTTAGGATCTAGCCCCTAGATTAGTAGGGTAGGAGCAAATGGCGTTAGCAAGAAACGACTGTCTCAATACATTGACCTTTATGACTAGGACTAGCTCTACAAGTCTTGTGACTAATCTGCATGCTTTTCCTTTCGAAAGCCTCGCTACCTCGTGTACCCGTGAAGTTGGTAACTACATATGTACTACGAGCAACTCCTCGAGGAATACTCAGGAAAAGGCGGCTCGTCCTACTGCACTTAGTCTGGCCGTCTGTATTAAAGAGAATCAGCATCCGGGGCATGGGAAGAGGGCCATTCGATAGTAGGATCTAGAAGCCGGGTATCTTAGATGTATGAACCTCTCTCCACTTTCTCAGCAATCAGCCGACTTCCGCAGCTGCGACCCCGGTCGAAACAACGCGATCCTACCTGTATCACCCAGTATACTCCTGACTTGGCCGGAAGCCTTGTGCGGAGTAGTACGAGTGAGTAGATAATTACACATACCATTGCTAAGCATTGATGGTACTGGGTGTAGTGGGTTCTGCGGCACGTTGGGTAGAGGGTCTTACAGTAGTTTCAACATTGCTAGTAGTTCTATAATCGACATCCGTGCGAGCACATGCCTGTCGTCGACCCTCGTGGGGGTCGCTTAGTGAGAATTAACGGACTCTCCGTGGCAGCCCACGATGTTTTCGGTGCGCCCGACGCGGACGAAATGGTCCCATGGGTACGAGTCGATATCACACACTGCTAGATGTTCTCTACAATCGTAGACGATCTCTAATGGCACGCATTTGTTTAATGCGAGCAAGAGATCTGTTCTGTGAACTATTTTGGTACGGAAGCTCTACATTGTTGGCTAAGAGGTATGGACGCCCTAAGTGGTGGGAATCTCACCGGCGAGAAGACTCGTCGGCGAAG,1388,50.86,Caenorhabditis elegans
SEQ_362860,AATGCTCATTGATTCGTATCGAACATACCACTCATGACTTGTGTCCTAAAATACCACGGTCGCTTTGATGTAG,73,41.1,Mus musculus
SEQ_213840,CTACTTCACTCTCGAGTTTTAGCGCAACAATCGATCACCTATGAGTTGCGGGTGTTCCCCTTGCCCGGTCTTGCATGAAAGCTGCGTCGGTGACCCGTGACCGAGGTACTGATTCTAAATGCGCATGGCCACGAGCTCTGTCATATTAATAACTTCTTCGAGAAACCTAAGGCTACAACCTTGAGGTGAGCCTCGTCTGCTGACTTGTAGTCCTGAGACGGCGGTCTAAGCAGTCAAACACCATAGCTGATTTTGACAACCCGTCAGGAATATTCCGTAGAGAGTGTATATCTTAAAAGTCTCGCAGCCCGCAGACGAGAATCCCCCGTTAAGTTATGTGCCCTTTTTATGTCAATCTCGGCCGATTCCCAAAACTACCTAGTCGTTTACAAGAGAGTTACGACCCTAGCCTTAATTTATGGATATCCGTCTTGGAGAAGTTCCTCATGACAAGGAGCCAGTGGGTAGTTACACCGTAGCCGAGTCATCGACTTGAGGGTACGGGCCAGAAGATCTTGTTTCGCGTACGCATTGTATCCCCATTCCCCGTAAAATTCTGGCACCACTGCCCTCGCGAGGACGGATGTAAACTACTCACATTTTTCAAGAGTGCATGCAGACTGCTTACGAAATATAGGCGACAAGGCGGCAGAGAATTTGCCGAAAAGTGAAAGGGGCCGGTATCACGATTCTTCGGGGGCTCCTTTTTCGCCGAGGACTCAACCATCTCACATGGTATCG,741,49.39,Arabidopsis thaliana
SEQ_658299,GGCGATCGAAAGCACCGTGTCCTGTAATAAACAAGGATACGACGTTATTTACGCCTCAGTGGTGTTTTAGCGGTTAGGTTATTAATACCCCGTGCTATAACCGCGACTCGCGGGCTTCCAAGTGCGCCTATTTAACTGGGAGAGCACCATCATTCTATACACCGCGGGTAGCTAAATAGAAGGCTCATGTGATGAAAATCAACTGGCTAAGGGCAAAATTAAATAGCGGCGAGAATTAGGGAAGCTTGGGCCAGGGTAGGCTTGCCTAACCGAAAACCGTCTCCCTCCTGTCGACTTCGGCAAGGGCGAACTGAATTCCAGTACATCACGTCAGTCTAAGGCCTACTTCTTCCCCCCCAAAGGCTAAACTCCTGATCCCGACACCGTGGCGTTTTCCGAGATGATGCTCCGACAGGCAGGCTTGGGACGTCGAGCCCGCCGCTGCTTACGATCTTTTTTTCGAAGACGTGTATATATTGGGCCACGGGGGATCGGAACGGTAGTATTTTCAGGAAGACAGTCCGTAAAAGTAGCGCAAGCTAAATGCACCTCCGGCGCAGAGGTAT,566,51.24,Saccharomyces cerevisiae
SEQ_965610,CAATCCCCCCGAGATGTAACTCAGTTGCTGCACTGTAGTACCACCGTTGAACACTTAGTGTTGAAGCAAGGGCCTCTTGCTCATTGCTTTCTTAGTCCTGGGCCCGTGGTACTCTATAAGTGTGGGCGGAAGGTATACTCCCTGGATTGATCGATGACGTTACGATTAGAATCCTCGTTATTTATGCACCCATATCCTTCGTACCCCTTTAACCAGCCTATTGTGTGATACTCAACAAGTTTCACCAGGGACCTTTTAAGACAGATAAGTTACACACCATCTAACTGTACGTAATTTGCCCGTAGTTATGGTAGGCCACTTAAATCCTGGCTTATCGACGAACGGGGCTACCATCATTTGTACATCACAGTAAGTGACCCAATTCGCTTTCATTTGTTCCATCGTCGGTACTTGTGTCATTCTTAAAGAACTGTCAAAGAGAGGTAAGTCACTTTCCGCACTTGTTCCTACCTTTGCGAGGGCTCTCGGTCTCATCTCCCGGGGACGCGCCAGT,514,46.89,Saccharomyces cerevisiae
SEQ_670986,TCGCCGCGGCAGGATATCCGGAAACGCTCCCGACGCAGCGATATCCCAATCGGGTGGGCTGCTTTGTCGAGCATGACTCCAGCGGAGTAGATACCTGGCTTTCTCTAAGTAGCTTATAGTCGGCGCCACATAGTACGTTGTCCTCAATCCGCGGGGCAGGGAGTAACGCTAACAACGTTTCGATTTATAGCGAAGAGACACGTATAGTTCACCACATGACGGCACAGACCTCAGAGAGTAGCCAAGACATCACTACCAGATCCAGTAGCGCCTACATGGGTGCCGTCGACTGACGTGCGTGAATAGTACATCGGGGAGTACTATTATCTTCCGTGGTCGTTTATCCCGGTCTGGAGTCATTTGATTTGTCAAGTTCAAACTGATGCGCACCTCTCCCTGCTAACACGGTACATATAGTGTTGCCCTGGTTAGATTTGTAGCTATCGAAAAGCGGAGTCATATCGTGTAAGGCTCGCGCACTTCCGGTCGGGTGTTGACAATGACAAACGTCAATAGCAGCCCCATCTACCTCGACGCCCAGACTAGACAAGATGCTATTCCATTTTCTTCTAGGCCTTCATATACATCGAGCGGACGCTGCTTCTGGGTCATAATGGGGTGCGTTGAGGGACTATGTACTTACACGGTCGGTAAAGCCCAAATCCGCAAAATGAGCCGAGAGACGATCCCCGATTATCGTCACCTATCTGATCCCGCTTTTACCTTAATAATCATCCTTCAATAAGGCATGTATGATGACGCAACAGACGATAGCTGTCACTGCGACCATGTCCGCTGCGCTGCATTGGTGAAAAAATATAGATACCAGAACATTATAGTAAATGTCATTCAGCTCTCTCTAGCTGACGCCGAATTACTTGCATGTGATGGAAAGGGTAACACGCTATCGGCATCTCTTTTTATTGCCTCTAGCCACGGACGCCTGAAGGAATTTCCTTTGTTAACGGGTCGAAAGAAATCCCGGAGACCCCTGTGGCTAGACGCGAAGAGCATGGTGGCCTTTCCGTAGATGAAACGGTCACACGTCTGTGATTCTAAGAAGGGAGATGCCCGAAGCATATAGTATTTTGCTTCTCAACGAGGTCTCCTAGGTCGAAAATCGAGCGACTGAGGACGCTCATTCTTATAACCAGATAGCTAGGTCACGGGTCAACCCTGAACATGCCTTCTATGGTAGTGGAACGCCGAGTTGGAGCCTTCAGGACGTAGACAGTATGGGCTAGGTCCAATCTTCTCATTCTAATTCACCAGCTGCTACTTTACCGAGCAAACAAGTATCGTAGGGACTAGCCTATACTGTTCACCAGACTAAAAGCAAACTGTGGGAAGCTCTCGCATATGCATTATAAATTCATCCACTGGACCTCTGCTCATCCTTCCGCGTAAGTGCCCCCTAGCGTTAAGCCACTCCAATAACCTCCATCCACCAAAGCGACCGGTTCAACTGGTGCCAGCCATAGTCCCCCGAAGAGTCCCACACGTTGATAATAATTACTCAATAAGACTCCCACATATGGTAATCGCGCTACGCCGCTGTTATTCATCATCGCGTTCCCAAGCAAAACTATGACCAATTATCACGGGTTTCCCTCGCTAATAACTTGTCCTGGGCAATAGAAACAGCCTCTATGGCAGACCTTCCATGCAGGTAGCCTTCACACTTAGTCAAGAGGTGAGCAATCAGTCTGACTGCAACTCATCATGGTTCTCCAGTAGGACGGGTCTGACGAAAAAAGCACATGGATAGGTCGTGATCTCGGAGCAGGTTGGGTCACT,1797,49.19,Saccharomyces cerevisiae
SEQ_990653,TACCGACCCAGCAAGGATGAGGTCACCTGGATAGACTCGCATGTCATCCCCCTCTAAGATAGTACTGATACTTGGTGCCTGGAGATCGCTCCCACATCGGATGAGACGCTGACGTACTGACTTCACGTACTTCCGGCGGCCGGGAGAGGCGGCTACGGAGGGGTGACACAACTGCACGGGAGTACGATCATTTCTTGAATCGGCTTTAGGCGCGTGGCTGCCGTCCATAGAACCATAGCGCCGATGTGTTATATCAGGAGTCCCTAGCCCCCACAACGAGACTCGCGACCAGCGAAAGCGATCCTCGATACCCGCTTTAAGAGTGCCAGCGCCCGGATAACAGTTTGCGCTCACTGTCGAGAGTTTAGGTGCTGCAGACATACCTCCTTCTCGGAACGACACGAAAAGTCCGCACTTTTTGAATAACCAGGGGATTTTAGATCATTCGGCAACCAAATCCGAAAGCTCCTTACCTTAACCTACCACAACCTACAGCACCTGTTGTGATGCGGAAATTCGCCCCGAGAATTTTCCCAGTTCGGTGGCCGATATCGGCCTTAGTGCATCAAATGCTGAATGCATCGTTTGGATCGATGCACCCCTCTCTACTATCCGGTCCCAAGGCAGACGGTCTCGCGGAGGAAATGATAACCGTTGTGCCTTCGCGACCAGTTGAATTGAGCGATGTCTATCATAGCGTTGCTCTGTGTTGACTCGAGACTAGCAGTTTCTCGTTTTGTGGGCTTTAGGTTGGACACGCCGCGCCCACGGGACGGCGATTCCTGGCAGAGAAGATTACATTTAAGCCCCAAACAACGCGTAAACGGGGGTCGAATCATCCCTGATGAATAGCCCCCACTAAAGTAGCTACGCGGGATACTAGGCCCGAAGATACAGTTCAGCATGAAAGCGCGTCCATGCGCGATCCGCTGACACTGCTAACGTGAGTTGAGCTTGACAGTGTTTTCCTTACAAGCTCGCAATTGACGAACACCTTATACATAGTCACGTTTTCTGCCTCCAACCGGTGGACATTTCTACCGAAACAGTAAGACCATAGAGGACCCGAAATGGGGGTGATGTCCTGGCTAATTAGTGGCGCTGATCCAGGTTTTCAGGGGAATGTTTATCACACGTGTCAGAGGAGTTTATTGCTGCCGATCATTCCTGCCTGAGAGCACTACCCTCAAGCGTGTGCCAATCAAGCGTCATCCGCGGACGTCATAACTTGGATGGTCATCTCTACATATTTCACGTTAAGCGTGGGCCACTGGGGATTGTTGTTCACGGTGTTGTTCATGTCAGCATGCCTGGTAGTATGACTCCCGTTGCCGCCTGGTGAAGTATAATAAGATGACTACAACAGTCCTAGGCCCGACGTTCTACTACCAACGTTCTATTCATTCGCGCAATGTGGTTCCTTCTCAGAGCTGGAAAAATCACGTTGCATTGTGGTTCGAGCGTTCCCCGTGCTCTCAACTCTGTTCACTCTGACACCGGATCTGGCGTTATATACTAAAGTTGGCCACCACCATCTACCCAACGGCGTGCGGGGATAGAGTGGGATAACACCTTAAATAGACGCATTGCTGCGCCTTATTGGCGGGGGGTTTGCGAAATATGAGCTCGATTCCCAAATCCCATGAACGAACCCCTTGCAGTCCTGTAGATGCTCC,1676,51.79,Arabidopsis thaliana
SEQ_489712,ATTGTTCAGGTATTGGTGGGCTACGGGATAACACAAGCTGATAAATCTTCCGTCTCATTTACGAATATGTTTTTAAATCGAGCGCACGGCCATAAAACCTGCGACGTAGAGCTGGAACCCATATACCCCTACCAGTCCCGAGCGAGACACTACGCCCATTTGGGCAATGGTCAGGGGTAGACGAATAAGCGGGGGCTAGAAGGTTGCCCCGACCTGCCCATGTCCCGAGTCCCCGTACCCAAAACAGGAGCTGTATTGGTGTGCGTCGAAGAGTTATTTGTACTCACAGCCAACTTCGCGTGCATAAGCATCACGGAGCATCGAGCCATACGAACACATGACAACGTGTTGTCCCCACATCGCTGACGCAACCACCTAGATGTGCGGTCGCTATGAGCGACGGAGCCGATGAGGACTCTTTCTCTTCTTAGAGACCTTAAGCCGCCATACAAAACTGCTTCCTGAAACTGGCACGGAACACACCTCCATAAGCAATCCTAAATTCCCAAGTGTTGGCTACAAGGAACTCGATTAAGACTATTACGGCGGAGGTCGCTTCGGGCGCTTCCGGCAGTGCGGGTCCCAGTTACCGCTTCGCTTCCGAACACACCATTAATATCATAGAAGCTGGCATGTTAACATGTAGCACTCGGTGTCTAAGCTTTCGGAAGGACGTGCCCTAACGAGGGGCTCGGTACTGATGGCTTTAACGGCTATCCTGCGTTTCCGGTAGTGCGACACTGGATCCTGGCGACCACATGTCCCACATTTATGGTGATTCTGGCATCTTCCGGAGCCGCACAAAGTAGACTAAAACTAGCGGAGTATCATCACATAAGAATAGGGTTGTCTTCTGGCGCTATGCCCGAGAGCATATGGACTTAGCGTGCCGCTCAAGTGACCAAATATCATCGCAGTTGATAAGGACACGCCGCTAATACGTGTTTCTGGTGGGTGTGGGAGTCATTTGCTACCACGTTGCCTCGGAAAGCAGAGAAGATCAGCTGAGTATGGTTTGTCCGCTACTTCCCCATATGAAGCATTAAAGTAACCGGAGTGACGGGTCCGGGGTGAAATGTAAGTCCTGTAGGCTTTTTGAATCGTATATACGTTTTTTTAAAATAACGTGATGAAACCCCGTAGGCAGAGACGCCTACAGGTGATACCAGAACGCCGATATAGCTGGTATGCGCAGGTATGTCGCTATATCTCTACAACTCCCACGTCAATCAAACGTAAAAAGGATGGGTTACTCCCGTACAGAAACCGAGGGCCCCGCCCTTTCACTGTGTCGCAGACACCTATCCTAAATCTAGGGCGCATCGCAAGTCAGCCCCCCTGACTTTGGAGTCACTTGGAGCGTCCAAGACAGGTCAGGAGCAACAGAGTAGGCTGGTTCTGCCCGCGAAGATGACCGTAAGTCCACACACATCGGTGGGCTACCACGTTCTTTAGCTGTGCAGCGCGTGTTTGTTTGAGTACAGTGAACTACTTCTGCCTGCTGGCCGGTAGGACGCGGAGTCGGTAACGTATTACCTACCTCGCTAGGTGGGGATCCACACGTTGAAGTAAATACAGGATGTCGCCAATGGGGCTTCCGGAAACGAGTAGGGCATGGGCCCCGGTCATAGTGGTGGGGACCAGTAACCCAAGCTAATCAAGCATCGGCAATAGCAGAGGTGTTTCAGGATCTCACGTAGGGAAAAATCCCTGTGTCTATATATCGGGCTAC,1732,51.44,Mus musculus
SEQ_401137,AAAAAGGGGTCCTGAAAACAGCCACAGACGGTGACCGCCTTCCGATCCCCGGCGTTGCGGGGTACCTAGCTCGGTTGTGCCCCTCCCTAAAATTACCTATGGGTGAGGCCTCCAACCATGATCTAAACGGGTTTACCGTAGTACGACCACAGTGCCGCAGCATGGTCTATTAGAAGTGGGGCAACACCCCGCGTGTCTGCATGTACTGTTGGAAAACAACCGGATTCTTGAACGTGCTTCTGAAGTGGACTCAGCCAGCATGGCTTTATACCGTGTATGCACGCAGTAGGATCGGCCTGTATTGCAGAGAGGAATAATCCGTTAACGGTAAGCAGGCGGTTCCTTTGCTTCCATATAAAGGCGATCATCACTTATTTAGGACGATGGTGCTTCATGGACATGCCACATTTTGAATCTGATCTCTCGTTATCAATTACCAATCGCGCGTACAATTGGTACTGCTGTCCCTGCTTTATCACCGAACTATAAGTTTGGCGTGGGGCACTCTGCATAGCTGTTCGGCATAGCTCCGCAGTCTCTTCATGGGTCCGGTCTGGAGATTTCTCCCAAAGACCCCGGCCCACTCCTCTATCAAGGGCGGTGCAGTTCCAGTATTTCACGAGCAGATGAAATTTCGCCAATATCTTATTACGCGTCGGAATATAGCAGGACAAGCTCGGATCGACACTCAATCCAAAATGACTTGCTCAGATAATCTCACAAAGTTTGCGTTCACCCTTTGCTTGAGCGCACGAAACTCTTAGAGTCATTAATTAGCCTCATTTGACACAGGCCGCCGGATTTGCTTAGAGGAATTCAAAAACCTCTCCGAAAGGCCTCGGGTCACATTAGGTGGCGATCATATCATATCGCGTGGGTCAGGCAGTCAACAGTCTAATTCCTTAGTCTATGCCAGTCTGAGAGGCCAGGCAGGCAGGACTTACGCATCATTCGCACTTAGGTACGACGTCCGTACTACACGATCAAGATGATGCCATGGTACGAATTTGTAAGGCATTACGTTGAATATCCACAATGTGAAAGTAAAAGAGATAGCTTGGGGACGCGATGATCGTGCTGATATGTAAGTTGGCTGCGCGTCACGGCCTTCATAGGTACGACAGCAGGGCATTTAACCCGACCGGGGCTAATCGGACTCAGACGACATCTGAACTCGACCGTCATAAAGTATCTCACTTCCCATTCTGTGCGTACCGTCCACAATTTCTAAGCCCAGTCCGCACATACTCCCGGTAGTCACATTAATAGCAAAGGCCACCCCTCGCAGCGTCTTTATCCTGTGTTCCTAGGGACCGGACTGGGGCCGCCCAGCGAGCCCACGGCCCCGTTGTAAGAATCGCCAGTGGGTCTTATGGGACCACTGTTCTATCAAATCGGCTTTCTGATTCGGCCAATTAACATTAACCTAAATATCGAGGAAAGAGACGTGCGACTCAGGATGCTAATAGACTAACGCACTCGAGTGCACAGAGACAATAGGGAACTCATTTCAGTGACGACGCCACCAAAAGCTGACAGACCCATCCGTACTGTGTAGTACTTAGTATGCTCTCCCCGGACACATTATTGAGCCCCGCTCTGAGCTAGTTTCTGCTCGCGTGGAGAGAGCGGTGTATTATCCAGGCCCATTCTTGAATACTCGTACAGTGACCACAAGCCTTTTCGAGCGGCTCCATACGGTTCAACCATGAGCGTAACGTTGCGCCCCGTCCATGATAGTCCAACTCCGATGGCAGGCTACTAAGGTTCACGGACTACAGTTATCTGAAGACTTACTGGCTGGTAACAGATCTCGTCACGTCGTTCGTCGCGTGCATCATTTTCTTACGAGTATGGAATTTATAACCAGTAGGGTTACTGTAGCCTAGATCGAATGTAACA,1902,49.89,Escherichia coli
SEQ_996287,GACCTCGCCTTCGCGTTGATGGTTGCTTGAGTCTAGTAAAAACCTACTCTCTCATCGTGTAAATACTGTCATACCACCCGTTTGGCTTAGCGGTCTGATTGACCTGTTGATGGGAACAGTAACCCTATCGTGTAGTTGTACGGTGACGACGGGCCCGTTACCCGACTCGATTGTCGCGGCCTCATCGATGTCAATAAGCCGGACCTCATCCTGTAATTTGTGCTACACCTGGGGATCTTATGACCCGGGTCATGGCCATCGTACCCAGGATTCTCGGATAACCGATAACCTGCGGTTAAGGTGCAGCAGCTACGCGCGCCATTGCGTATGGCGCCACTTTCACAGGCACCTATTCTTTCAATATGGTTCCCGCTCAAACGACTGATTTAAGAAAAATGATGTTTTCTATTGATAGCCTAGCTACTACATTAAGAACGCTAGCCCTGGGGTGGTGACCCTGTACACTACTAAAGAACCGTCCAGATCCGACTTTGCCTCTGTTGCCGTAGGAACCATACGCACTCGTGTCGAGCAGTCAGGTCAAAGTTGTAGGCACCTCTTGTGTCTCCTCCATCATAATATGTGAACAGTACACAATAGATACTGTCACGATCGCTGACTAAGGCTGACTCGCCTCGCTAGTCCATGGCTTGCGATAACGTTCTTGGCCGGGGCTTTGGATAGACATCGAGAACTCGGCATAACAAGCATAAGATGTCGTTTACAGGACAGGACCGCTCTTACCGATGTGTACCAGAGCGCGCCAAGAGCGACATCGTCCTACCTTAGAGGTGACTATCAAGCCGGTTCAAGTGTTTCGCTCGCCGCCCTTTAAAAATCGGCTAGTCCTCCTAAGGGATTTCCTGGAGACCGGACGTTCTGGTAAAAATGTATCATACGAAGATCTAGCCTGAGCTAATTGGAGATAAGCGATTCATTCATCACTACACTGTACTCGACCGGAAGTATAGTAAGCTGACTACTCGGACAGAAGGCTATACAGTGCAGGCAACAGGTGTACGAGTCATAATGACTATGCCAATTGGGCATTAGTGCCCACTTAAGATGCCCGCAGGTATCTTGAAGTCGGCCTTTTCCGCCGATATGGAAAGTATGATCCTGCTGCTATATGACGATCCTTTCAAGACCATAAGGGCTCGCAGTGGTCATACTCCATTCAAGAACCAGGAATCAGTAGGGCGACGATCGACCGCGCAAGTCATTATTACTGGCGTTCGAAAAGATCAAATGTATCCTGGAGGCGATTGAGACCCACCTAGCCTAGGCGCAAACGCTTTGTGCCGGCTGACATCAATAGAGTGCTCCCGTTCGCCGGATCTAGAGGGCTCGCGCAAGTAAGCCACGCACATCCGCGCGTATGAGCGGAGCGCTACACTGTTAGGTGGGTATTGGTGATTGGCATGCGGCCAGTATTCGCCACATAACGAGACCTCGAAGTTTCATCGAGATCCTATGAGTTTCCTGTAAGACACCAGGCAAAATCATTGGATCCCCGCTCTCAGATACGATTTTTACGGTGCGATGGGTACC,1551,50.1,Drosophila melanogaster
SEQ_345167,ATGGTAGGAACTGAACAGTTCTGTATCCCACAATATTGATTTAGGAGTGCCAATTTGGTTTTTTTTCTGGAGAAGTGGCGCCTCTTGAGCGTGTACCCTGCAAAGCAAGTTGCTACGTCGCCAGTTGCCCACGCAACGGGGCCGTGCTATCCACTCTTGCCCCATAAGTTGCATTTCTCGGTTTTGCGATAGACTTACAAGTGAGTGAAGAGACCGCAGTTCTTACAACTGGCGTCGTCTAGTTAACATCGGTCAGGACCTGCAGAAATGACACCGCTCTTAGTCGGCGACACGACTCCTTTACAAACATTCCGGTTAAGAGACCTCCCTCCGGATTCGCAGTCCGCACTTGCGATCGGCACGTACCGGTGAACGTACCCTCAGAAGACATGGGAACCGCCTATTGGTCCTTCGGCAGCGAAAGACATAGTTAAAGGAAACGACTAAGGTTACTTCTCATTTGTGCCTGGCTGTCCGCCGGAGGGAATACCCATAGCCCAGGGTCCACACATCGGCCGTTGGTGGGGCAACCCTAAGTACCGATCTGCAGAAAAGCGTCCTATTCTGCTTCGCCTGATGAGGCCCCAAGGCTGTGTTATTTAGCAAGTACCTGGTGACGCGTAGTGAGGATCATGCGCTTCACCACTGTGAGTGTGTATTTGGCGCAGTCGAGTCCGTTGAACCTCCTCCGGGTGAGTCCATACCCTTAACGTATATTACAACGTGTCCGTCCTCGATGTGTGGATAAAGCTGCTCGACAGATCAACCCTCTGCGGTAGGGTGCTTTTGGGTGAACAGTTAATTAGTGCCCTTTGCAGCGCAACAGTCCTCTCGACTTGACGGAATCACATGGTCGACTGTGGCCAGCACGCTTAGTATAGGACCGTCGGAGGCTGCTATCGCGCGTACCCCGGAGCCTTCTGAAAGTAAAAGTACTTGCACGTAATTGGCCGGGGGAAGTTTGTTGTTTCCCAACATCACCCCGAGGCAGATCGTTGCTGGATTTCACAAT,1012,52.08,Mus musculus
SEQ_847599,AGTCTCGCGACGATTTTCGCGATGAGAGCCATCCTATCTGTCTAGTGGGCTAGAGCTTTTTCAGCATTCTCTCTATTTGTCACAGTTCCGCAGTACTACCGCGACTAAAGAAAAAGGAACGACGAAAGGGGTGGTGCCGTTGTCTATCTCGACACAAGTAGTCCAGCCAGGCGACAGGCAAAACAAGCCCGAGGAATGTCAATGAAATTCGCCTTTTTCGAAGCGCTCGAATACCCATGATGCTCATACGCTAGGGGGTCTAATAGGTATAACTCCCTACTTCGATCTGTTGAAAAGGTCATTTCGACGAGATTCGACGGTACTGTAGGACGTGATGAGCTGAACCTTGGAGTTTACGTGGCTCAGCGGTAAACTGTGTCCTCGGTCACTGCATGACACTCCGCAATACTCCCCCACTTTCAAAACCATAGTTGGTAAATTAGCACGGACCAGTTTGCGGCAAGCTATCCCTAGGCCTGTGGCAAAACACCGAATTACGATCCGCGAGCAGAGGGAGATTAATATCTAAGCCAACAGAAAAGGTTCTGTAGCTTCTAAAGGATCAAAGCCATCGGGGCAATCTATTCGTACACATTGTCACACATCGGGACAGTGCGTTCACATCTCCATTTCCTCATGATGTAATCGGCTCTATCAATAGTTTCATAGTGGTCACTTCTAGCGGTGTATCCCCCATTATCGCCCCTATTCACTAGCGTCGATTGTAGAGATCTCACATCAGTTTCGTCCCAAATGACGCAGACAGTGTTTGTGATTAAGAGATTGAGTTTTCTAAACCAAGCGTACATTTGAGAAAGACTAACGGTTGGGCTTTTATGAACCGCGGGCACTACGAGGACTCACCGACTTTTATCAGCGTTTCACCGTGGTAACCAAAAGAACTCCCCATGATATATTCTAGGCTGTCATCCGGGTCAAACGAGCCCAGTACCGCTAGGCTCGCCAGATGGTTTGAATGGCTACATCCGGGCTGTTGGCCCACTCTGACCCCCAGCACACGTCCGCACAGTATGTATCCCGCTATGACTTCACCGATCCTCCAGTGTATTTTACCGGTGACATGGCTCCCCAGACCACCCACGGAATTTCGGAACCCCAGTCTATTCTTACACCACTAGTTATTTGGGGTGAGTCTGATGAGACCTAGTTTTGGGCAACCCTTTAAGGTTAGCTGCAACAGTGTCAAGAAGCGTTAGATAGGCAAAGCGAATCGACAGTACGTCCAAATAGATGCAAACGCCTCCTCTTTAGCGAGAGGTTGGGTATGCTAGTAGAGGGACACACTGCCATCCTAAACCTCGCCTGGATACTCACTCCAATCGGCCCGTTCTGTCTCGTAGCTAGTAAAAAGGGACCAACCCGGGCTCATAAACACGAGCTACTTCACTTATCTTCCACCCAAAACGCGATACCAACCTGGATAGCGACGTATGGCGAGTTTGCCGTTGACTAGGTCCGCAAGAAGTTGTTCGCAACCTGAGCGATACCTGGAGCAACTTTTTTCGCTGAGACTCGTAAGTGCACCTCTAGTGGCCCGTATATGGCACACCGTCCTATCGCTTTAAGTCGACAAGAATCCGGCGATTACGAGGCATCTCTACGTGTTTTCCTTCCAGGTGAGCAGTCGAGATACCGAGTTCCCACGTTCATGTGGGCTTCGAGGCAAACGTGAGACAGAAGCCTGACATGGACGGTCGGGGAGACATTAAGTAATCGGTTAATGTTCGCGTGAATTAGTGCAAGTCCTTTGGGGCCGGAAAAGAGTGAGTAGACCCACTACTCGGATTCC,1810,49.34,Homo sapiens
SEQ_638410,TTGGGCTTCAAGATTCATCAAGAGCAAGCACAATCGTCCTCAGCCGATACGTTCCCCGCGGGGTAGATATACACCCGCACCGAGGCGGCACCATAAACCGCTACGTGTAAAGGCCTGCTATCTGGGACTCCAACGGGCAAACGAGACACCTCGCGTTTGTCTGGTGACGAGGCCGTTCCTCGCAGACTCAATCCGAACGCTCCTTAGAATGAACTTTAGCGAGCTACCCGTGATTGTATCCTGGCGGGGATATCAGATCTGTGGAAGCTCTAGGCTACGGGTGCGGTCAACCTGCCGTGCTACCTGCTCTCATGCTATAGTAGCTTCAGGGTCCGCGCTCCTATGCAATCCTAGGCACGAGGAACTCAGCAGGACTGCAGGTCTGAGATCCTAA,394,55.33,Saccharomyces cerevisiae
SEQ_227804,TGACGGGCAACGAAACACTCGCTGCTACACTCAAAAGCAAGCTCCTCCAACGTCGAGAGTAATTACTACCTGTTCTGAATCCGGCCGCCCTAGATATAAGGATCTCGTAGGAAGGCGTTAAACACTGGTTGGTTGCGCCGCTGCGCGCTTGGTGCCCAAGGCCCTCGGTATCCAACTACGTATACAAGTGTTGATAAGCAGTATCAGGAAAAATACTACTACACGGGCTGTCAACCGCAATAGCTCAACTGGCCTCTCGCGTCAATCTCCACCGATCCAAAAGTGAGGCACTGGAGACTGGATCAGTGCACAAATTGGTAACCTTTGTAAAACGGTCGTAGAAGCTGGTTACTCCAACCCACAGCGCTCCCCACAACATAGAGTTGCACCGCTCAATTTCGTTCAAAGGGGGCAAGCTGCGTGACTCAGTCCATATATGCAAAGCCTCGTCTAGACTGTCTGTTTACTCAGATGAGTAGTACCCAATTGCCAAACCCGCGGGACTAATAGTATTAAAGATGCGTCCTTAGCCCCAACCAGCGGCACTTTCTAGAAGATACTCCACACATTGGAACAGTATACAACTGCACCCACTCGCACAATGCGCATAGATGGTGGACGGAACCCTATAAGTGTAAAATACCTCCTTCTTGCCACATCCCAAAGACCGCCACATTACATAAAGCAGTTAAAAAGTACGGGAGCTTAATCGCGTCCTGCAGGGTCACCCCTTCAGCACTACCGGCTGGCGGTAGGACGTAGACGTCGCCCTTCCGCGACTGGATACTCCAGGAGTTAATGAAGTCGGTGGGGTCACATATGACGACCAGGGATAAATCTACCTCTTCCGCTTCTCCCCGGAGAGCACGACGGCAGGCCATGGTCGCGAGTCTACACTGCCAACTTTGGGCCCCTTGGCTACTGCACACGGCGAATTACTATAATTATTTGAGCATTCTAATCGAATGCTGTTGGTTCAACCCTTTCCATATCGCTACAACACCGGCTGAATCATGAAAACATGACAGCCCTCTCGGGCATAACGATATGATGACGCCGATATACTCAGGGCTACTCTGCTCGAGTCACGTGATGGAGTATGTTGGGATCACGACCGCCAGTTGGCGGAGCGGATTATGGTGTCTGTGCCCAGCCGCGGTACACTGCGAATAAGGAAGGGACCGCGTCGTCGCGCAGAAGTGAGTCGCCACTTAGTGATAACTATTAACCTTGGCGTTACTGCCTTAACCCGGCCTCCGACCAGACGTCACTGTTCCTGTTGACATAGCTTCTTTGTCTTAATACAGGTACAGAATTTTTTTTTTAACATCTATAAACCGCAGATTATACCAGTGGTTTTTTGATTAGTAGTTCAATTCGCTGCGAATCGGGGCTACTCGTAAGCAATTTCTCTCGAGCGGGTTTGCTCGAGGTCTCTTTCCGACACCTACATCCAGAATAGATGACGTTCTGGATGAAGACAGTAATTTGACGGGAGTTGTCGGCAGTAAAAGAACCTCCCAAATACCACGAGTACATGTGTCAGGCATTTTGGCGTGATATTCTCTGGTCCTGGAGTCTCGTTCATACTCGGCGCTAACGAGCACTAGTGGCGCCTGAGACTATACCTTGTCAGTTCTAGGCAGAAACTAGCCCCG,1658,50.0,Drosophila melanogaster
SEQ_105716,TCGGCGAGGCTGCACATCCCCGATCAGACGTGCATCTGAGCAGAGGTATTAGTGCATCTCATTCACCCGCTTCAATGTCTAACGAAACCGGTAGGGAAGCAGCGAAAGTTCCCACCTAGCTCTCTTGCTGTGGGGATTGGCCCTCCCAATCATGGGAGCGCAATATAGTAGCGTCAAGCTGGCGGGGACCATCTTATGTGACGTGGTGACCCCCCCCCCCCATCAACTCGACTCTGATCCAATGCTATGGCGGGTCGAAGGTCACGACTGTCATAGCATATTATGGCTGGACTGGCATCCGGCCAAGGTGCATAGAGCGCAAGCACGTGTAGTACATCCGCAGCGAGCCATGTTTATCCTCGTGATGTAACATTCCTCACTTACAGGCTAATCAAAGCTCCTCGAAGTCTGC,412,54.13,Mus musculus
SEQ_347381,GGTTGCGTAATGCCCAATGACAGATCTTGTGTAGGTCCTAAGAAGCTGCCGACCTGGCTAGGTATTGGAAGAGGTTAGATGTGTTTTGTTGCAGTCAAAAAGTGTCCGCGATTTCGGGCGTCGTAACAAGGGTGCACATTTTGCAGTCGTATGGAGGAGACGGTATTAAGGTGTCTATAACGAGTATTATGCAGCTACATTTGAATGCTCCAATGCTGACGCTTTGAAATGACAGTCAACGCAATTCAAGTGACCGTGTGCCGCACTGTCACGTGGTGGGTCTAGTCCCTAGGGACTTCACTTCTATAAAGCTTGATCTCCGGTCAGCCCAGTTCAGAGCGGCGGTATGTTCAGGGACAGAGGATCCTTTCCATTCTACGCCGGTGGGAGTCCAATTCCGTATTTGTAACCGCGCAGAGAGTCGAAATGAGTACGACGAGAGATAACGCTTGCATGAGGTTCATCCCTAGCCGTTAAATCGTGTGAACAACCACCGTTGGGCAGGTCGTTAATGTGGTTGACGTTTGACACGAGTAGGCATCTCCATGCCCACGCTACCCTCATCGGCCCGACGACCCCATAGGGGCCGTACCCCCAAATGTATGCCGTCTCTGGTATTTGAAGTACTTTGTATATAATCTGGTTCCAGGAGCAAAATCACGCGCACACGGCCGTACTATTTGTTATCAATTATCTGGGAAGCTCCTCGGGTAGCATGCCCGCCTACAGAACATGTATTGAAATTCTCATCCGCCAACACACCAAACTACGGCTTTGGGGGGTCGCTAGCACAGTGTAAAGAGCGTCTTAGAGTCGGATACATAACGAGGGGCCATAAAGGTCGATATTTCATTAAAAAGGATCGCCCGTCTTACTAGTCACGCCTAGTCAGTCTGAGCTGAATTAAAGGGGAGTCTATGGTGCCTGTCGAGCGGCTCCACGGCGATACGTAGCTCGCCGTAGTCAATTGCTAGGGTTTATGCTTTCGAGTTCTACTTCGATGTCCCGATGGGGCAGAAAGTCCCCTGTCCGTAGTGAACGTTGGTTAGAGAGACTCCACCGTGAGGGGATTGATAAATAGTTATGCCGGTACCATTCTGGGCCGGCAGCCACGAGGCGCGATCAGCGGCGAGCGAAATTAATCTCATCACTAGTAGAGATACAATCTAAGAGCGGGGGCATTGGTCGAATCAATTCATCTTTCGTAAGCGTTGTTGGGGACAGACGTGTTCCTCCCCTTTAATGAACCTGAGTTTGAGTACCCTAAAGTACATGCGGCAAGATGACTGTG,1291,49.96,Escherichia coli
SEQ_699888,TTTCCATCGCTGTGGCATTTGAAGGGCGTCGTTAAATAATTTTCCGCGTTGCTGCGCTAGCTACGCCATGACCAAGCAGTGGTGCGCTCTGAAGCCGGGACCAGTAGAGGCCCAAATTTGTTCGTTTGCCCAAGCTTTGCGAGAATCGCCCCAATCGTTCCTTTCCCGGGAGACAACTATATGGACGAAGGTTTCTCTGCCGGTCCAGGCATACCAATCGCAACTTCGTGACGGGTGGTGCAGCCATCGAGTGGGATTAATGGGCGGTGGCCGAGGTGGTTGCCGAGAGAATGAGAACGCTAAATGCGCTATGCTATACAGTTCTACGTCTGCGTGTTAGCCTATACGGTGCGTATCTGGTTGAGAGACGACCCGTGCACATACAGTTAAACACAACGTGACATTGAAGGATCCCACGGTTTGGTCTGGTGCCGGTCTTCAGTCCGTTCCATCGCTAAAAAAGCGTGCAAGATCCAGCCCAGCGCTGTCACTCGTGGATTGTTTCGAGGCGTGACGCAAATTACAGTTCTGCATATAGCGATTCTGTTCCGTAAGATGCGAATACGAAACAGGCGGGGTTGCGAGAGGGTGGTCTATTATACGATGGAGCATACAACCATTAGCACTCTGGAAGCTAAGGTGTAACCAGTAAGTCTAGGGAATGCTGTAGGCTTATAGCGCATCAACCGATTCCAGGTCTCCACGAGAACCCTTGAAGTAGTATCACATTCGATCAAGTATGACATACTACCAACTAGACATCAGGAAATGTGATTACGTGCTTGGAGCGGGTGCGGATACGACCCTTCGAGCATAGCGCCCAAAAGTATGCCCGTACTGGGAACCGTTACGTTCCCAATTAGTTATTCCCGTAACGTTCAATATCGTCACTTCCCGCTCGTGGTAAAGGGGAGTGCGTACTCAATTACGTGCAGTCTGGATTGTCCTCAATCCATCCAAGAAGAAGAGGGAGTTCATACCATAATGAGATTCTCCGCCTGTGTGCCCACTGTCGATGAAATGTGATCATATAGCCCAGTCTGGAGCGCCTAGCTAATAACCAGGCTTCCATGTTAACCGTACTGGTGCCTCGGGTCGTCTCCCTAGGGCGACGCCGTACCACTCAGGAGACGGTGCGCTTAGTTACTGTGTGGGCTAGAAAGGCCTTGCGAGTCTGGACGGTGTAATCATCCCCGGCTTGAAATAATTCCCAGCGGCAGCAAATCTCAGCCGATGCAAAGCGTCCGGTTATAGTCAACTTTCCCTAGTTTGCTGATACCCTACTGAGAAACTAAATCATACATGGAAATTGAACTAAGGCGTCCGAGCACATCCGCGCCTACGTCAATTTTTCGTACGTATCAGATTGACCTGCCTTGTCCGCATGCCTGGTGCACGTCAGATCCGGATTGTTGTCCGTCTCCCGCCAGCTAAGTGGAGGCCTACTGGACGCCGCCAGACATCGCTGCGCAGGCGTAACTTAGGAAGAAATACTGATGTATGAGCTCTCACTGACAGTCACAGGCTTTGGATTTATTCTGAGTACCCTTGTTTACCGTAAAAGGAGCGAGACGCATCCGGACTTGTGCGCCTCCACGGGTATCATACGATTTACGGACAGGAGAGGAGGTATCGAGACAGCTTCAGGCCTTGAAGCGTTACTAGAGGGTCCCGCGGTCGCCTTCATGTTCCTGCGGTTGCTCAAGGGAGTGAGGTCGTCGCTCGTATAGATTTGGGTCCCATATTTCGCGGTGACTCTCTTCCCTTAACTGGGGACCTAGGAAAATAGAATACGATAGGATGTCACATGACGTAGGGATATACACCACGTTCGATGGGCGAGTTTGAATGGATCCTCTGCCCTCAGGTAAGTAGGTCACGCAGGGTCAGCATCCTATGATTTTGCCTAGTAATCCGAGGAACGTGCAGGCAGGCCGCTGTTTTTTTGCGCG,1952,51.33,Caenorhabditis elegans
SEQ_459987,GGAGTCTGGCTGTTGAGAATTCTTGAGTGGATAGAAGTTAAGAGGGAGCAGTTTTGGGAGTTTGTCGCCGGTATCATGGACCACATCATCAGATACCTCGAGGGATGGCGACCAAGCCCTTCCAACACGGTCGGCGACATACTACCTGCCAACTTACGACAACGCTCCGTTAATTTAGCACCCGAGAATAAGATGACGTATGGCGGCGCATGCGGGACCCCGTGCTTATGGAGTAATTTCATCTCGCCGTTGGGCTTGCATAAAATTTATCCTGCTACGTCGTGGAAGCTGGTACCCAATGGACACGCGTGATGGGCGCGATTTAGGCATACTCAGCGACGGCTCGGGAGCATTCCACTGGAACCGATAATCCACTTTAACACCTTTGTCAGTGAACGATCAACGGTCTCTGATTCGGACGATATAGATATTCGTGTTTGTATAAAGCACCGATCGGTGAGTGTCAGCTGTTTAACTGGTTAGTACGTTTAATAAGCGCTTGCCATCCTCCATTTGGCCATTGTTGAGAGTGGAGCGCCCATTATTCCAATGATACGGAAATCGATAAATCAATGAAGACCCATCGAGGAGTCCGAATCTCATAGTTCTGATACCGTCCTGTCGTCGACAGGGGACGGCTAAGCGCGTCTGCCGCTTCGGCGATAACTATTCTCTCATACTTAGTCCCTTCAAGGCTTACGTTCAACTACCTCATTAAACTGTCGATATATCCAGCGAATCGTCGGCAACGGATTGGAGATTGCGGTGCTCCCGGGGTTCCTCACAGAGCGCGTCCAAGCCTCAATCAAAGTTGCATCCCCGGGCCTGTAGGTACACCGGCTTTGCTCCGGCCTCCCTTGCGATGGTGCCGTGGAACTTATGTTTCAGACGCAAGAGCTTCTAAAACTACTATAAGCATTTTTGTCACTTAAGGCCGGTAGATGGTGGCATGCATTAGCTTTGCGGCGGCGGACACGACCACGCTCCCATTCCGCGAAGTACTGCCGTAAACATTTCTGAACCGGACTACCAACACTCTAAATTTACCGCAATATAATCTTGTCTCGATTGCGTGAAAGTCGCCGAGCAACCCCGTCTACAGACCCGTCTCACTGCGTTGGCAGCGCGGAAACCGAGCTCCTAACGCACGAGACCCTATATACGAGCTATCGAAGGCTGCGGACTAGTCTTTTTCTAGACACGTATTCCAGATTTGTGCTCCATCGTTGCAATATCAATTAAGCCCTTACCCGGGGGACTTCGTTCCGTGGTCAGATCAGGCTCACCTCCAAGGATAAGATCCTCCGGAGTAATCCCGCCCTCCTCGAGTATGTCAGCCCACAATCTTCCAGCAGCCGTCTTAATTTCGCACGCCAGCCGCGTCACCAGAAACACCCTCAAGGTGAACTCCAGCCTTGTTAGATTGCGCTTATATGTGCCACCGTGGGCCGGTTTGGAGCTAGATAGCTCTCTCTGGAGTCCGTCCTTGCCCCGTTGTCACGCGGCACCATCATCCAAGACTTAGAATACATAGATGTTCCGCCGGTGTATCGGATCCGCTTGTTTCGCCCCCGCAACTCAATAGGACTGAACGTGACTGGCACCGTGAGGAGAACCTGTATATCCCGGATCGCTGATTACGGAGGCTTTAGTTGGACTATATTTCCGAAGGTTCACATGATCTCCCACCGCCCCCGACACCGTAATCTCCCCCCTTATTGGTGGTGGGACACGTTAAAGATGACTCGTGCATAA,1755,51.51,Mus musculus
SEQ_950426,ACTGAAAAAGGTGAGTCAAGAGCGGAACCGGTGTCAAGTGAAGAAGGAACAGGCTGCTCCCCTTTCTAAACCGCCCTCTCTGACCTCAGAGGCAAAAAAGAGGATGTTGCTATGTAACCTAGAGAAACTCTTGAGTCAAGCTCTCTCAAAGGCGGCTGCATACCCTGAGTAGTGATGGATTCATCTGATTGCTCTTTGATTTAATAATATGTGTTGCGGTCAAAAGGATCTTCGCTCCCCGCATTTAACTTCCGAACTTTAGGCTGACTTCTTCTGGGGCGTCGTTACGTGCGTTAAAGACTTTTTAAAGGTTGTTAACGACGTGCGCCATTGTTGCTACCCAAGCGGAAGGCGCACTTGCCAGCACCAGGCCACAATGGGCCACCCGTGCTCAGAAGGCTTTTGGAACTGTTTTTGGCGTCCATATATTGGTGTTGAGAGGTCACTGCTATTCAACGGGGCGTACGTACCTCTTAAAACGCATTTAGAACCCTTTGGTACTGTTACTCCTCTAGCTAGTGCCTACTTCAATTCTGAACATTGTGGCGTTCGCGTACTAACATGACATCTCTCGACTAAACGTGTAACAGGTGATCCAACTTGGTCGACACATAAGTATTGACGGTATAACCGAGATCGTTAACTAAGCCACGCGGGATTTGTGGAATGGGTTGCGTTATGCAGATCCAATTATGTTCGGCGCACCGATAACGTGCTCTGGCCTCCCCATTTGCTCAGGCGTTAGTCGGAGTGTGTAGCTGCGCGGTGAGTGACATTGAGGGCCCGTTAGATGACTAAGCTCCTGAGCGCAAGGACTCATGAGGGACACACAGTTCCCGCGTGAAGCACTGCAAGATGATTCCACCGCTGCATGACCCGGTAACTACCGGAATTGGCGGCGAAAGGATAGAGAGGCCCCTTAACGGATACTTTTCTCGACATCTGGTTCCCCTAAGACTACAGCGAATACTAGCTATGAACTATCGGCCACCGCCTGGAGGACTGTTCCTAGATCAACGCCACACTTGGTAGCGACGACTACACTCGACTACACGAGAGC,1060,49.81,Caenorhabditis elegans
SEQ_886425,CTAGGACCATGGCACTAGCAACCCGATTAAGGCCAAGGTTGACTAGTATCACTTCAACGCCGCACCAAATAGTCGGGTCATGTAGTTTTCGATGCATGACCCTAGTAACTTAGAGCGTAGCATCCATCAGTTGGCAGTGACGTCACACTCTTTTCGCAATACCTAATTGATAACGAGATACCGCTGCCTATAGCCATTAGGCGTCTAGAGTTTTATGCATTGAAAGTGAAAGTGAGCAACCCCAATAGTAACATCCCTCAGGGAAGTTATGTACGTGTTGAGGCAGCTGAGCTTAAATGAGATGTTTCTCGGTGGTGACTTCCAATATTTTTCACCTCCCAGACACCAATCCACCTAGGATTGATTCCTAGTACTCAGTAGATCGCTAAAGCTAGGGTGGCTCTCTTCCAGCCCATGGCCAGCCACCGAGTAGTTTGGTTTCGATTAGTGGCTATGTGTACACCTTCGTAAAAATGGTTTCACTCATCTGCCTGTCCAACACTCTAGACAGGTTTCATACCCAGAGGACTGTCTGGGCTTAATGGCTAGGAATAACTACGCGCCTCGCATGACCGGAGTACAACTGATCAAAGAATACCTTCCTGTATAGGGGCGTTTTTGAAAACTCGGCGCGCACTAAGAGGAGACTTCGGCGCGAAGGTAGGCGGCAACTGTGAAAAGTTTCCTCGGCCGTAAGTCGGCAGTTGACACATTCCCAGATGTAACTAGCACCCCGTGATTGACGTCGCCTGGGAGCCGTCTATGCGAAAATCTATCGGCTGTACGCGGTACAGTACTGTGAAGAATCATTAGTCTGCCGAAGCAGTGAGTGGCCATACCAGGCCAGGGTGCCTGAAAATTTCTATTTTACATTGGCTTGGGCACTCACAGATAATCGTCATTCGAGCAGTGATACAGCGTAGTGAGTAACCGCATGAATTGCTCCAAGGCCCACCCGTACGGTCGCACCGCGGCTCCAAATCTGACCACACTGTTCACTACCATGAGGCATGAGTGTACCTTTTAAGTGGGTAATTTTTTAGACGTACTGCTACACATGTTAACCTAAAACTTGTCTACTCTTCGACTGAGTGTTACATAAGCGCTCTCCGCATGACTCGTCAGTCAGGTATTCAACATCAATCAGTGGACCGAAAACGCCGTCGTACTCCTTCGACCAACTGACGCCTCGCAGATGCGATGAAATAACTTTTACAAAGCTATAGTTCGAGGTTAATTGTTCCTGGTCGTCTCACTTCTACTTAGAACCGCGCGACAATTCAGCCTAGATTTGCGCAGTCTTGCCGAGTGCTCCGGTCCTAACGTTACAAATACATACCCTCGTTTCAACTCCAACCCGTGTCCCGTGCCGCGGTACGCCGCGTCTACTAGTCGGTTAGGAAGAATGCCTAACCCTTACGCGTCGCCTCAGGAGTAAGTACAAACGCGAGAACTTCGTTATTCTAGGGCTTCTGTTCCGGGGTTTGAGAGGACCAATCAAGAGATCCGTTGTGATATTCATGGTTCCAGAACTAATAACTGGCCAAGTCGTTTACTGTCGAAATGGTGGCCTCAGAAACCACCACAGAGCCAGAGTAGGGCCCTTGGAGCGACTCACTAAGCGACTGGGCAAACGGGGACGAGGGGCAAGGTCTCGGGGGAAATCACTTTGCAGGCGCGAAACGCAGATCTCCGTGTGTAGCACAGGCGAGCGAGTTGGGACTAGGTCGCGGTTATGAATACTTGGAGGCTCTGCTTATGGCAGCGTAACGGTGCC,1777,49.69,Arabidopsis thaliana
SEQ_896515,GATGACCATACGACTCGAATACTCACGGTAATCTGTCATACTTATTGCCGGTCTGATGTAACGGGTGGATTGCTTCGATAATGAGAAAACGCTACCCTACATGAAAACGATCGCGAACCCCCGAAGCGACGGACTGGAGCGATTATTTTTGGTAGTAGTCAAGTGTAGCTCGTCATTTTAGCAGTAGCTGGACCGTCGCGACATCCTAAACTCAGGTCCGTGTGGATGTTGTATGGGTTGCGTGGTGAGAATGAAGTAACGTCATTGTGCCTCACAGATTGGCTATATAGCTCTTACGATGCGATATCTATCTCCCGTCTCGCACCGCGTACGCCGCTCTGCAGCACGAACAGACGAGTAGGACTATACTCGACCGCTCGAGGTGTGGCAGGATTAGTTGATCAAGAAACTGGTCATATGTGGTGTACATCGGGTAAGCCGGTCGAATCCGAACAGACCACGACGCCAGATTGCAACTAAGGGACCGAATTACTATGCGAACCATAACCCCCGTTAAAGGCGGTTAATTGGTAATGCTCCTCGGCATCTAGTAAAAAGGCGGAGACATAGATCCAGTGCATGATCCGTGGGGGTGAGGCGTCCTGCCGAATACGTTTCTAGTATCCGCATCTGTAGACCATCCGGCTTAGCTGGAGCAGCCCTCGAGCGCGATATCAGTTCAACTATCCGGCCCTATCAGATGTGTCGGAACGTCCTCACACCCGCCTCCAACTACGCTCGATTGTTTTCTAGCTTTCTTTCATAGATAGCCAGCTAACCTAACATGCCCCAAGAGGCGCAACCTTGTAGATTTTAGTTGGCGCGAGGTCAGTCTGTTGCCTCAACGCCGCGGCGTTTACCACCGCCATCGATGCGTCATAGCTTATCATGAATTTCGCGTTAAACCCAATGTGGTAGCGGCTTAGGTAGATAGTATCAGGTCCGCCGGTGCTTAAAAAATATTCCGCCTCCAAGCCATGAGGGTAATCTCCATGCAGCACACTTCGCGTGGTACCTGATGGTACAGTGCATTCCAAAGGTGTCACTAATACAGTACTCTTGTATATCCGTCACATATTTGGCAGCGTGGTGAAACGTATGGACAGCTTGGAATGGCAGGATAAAGCATCTTCCCAAAATTAACTGTCGCGACTGCGCAAATCGACAGCTGGGGTGTCGAATGCAGATTTTACCCTAGCTTATGTGATCCAAATGTTTCCATTTGTCCGCAAAAGAACACTAAAACGTCGGACCCGAGACGTTCAGAGCGAT,1272,49.61,Escherichia coli
SEQ_997128,GGTTTGCCACAGTCAGGGGGCCTTTTTATAGACCCAGGGGCAAAAATAATCGTAGCGACCTGGATTTTAGCATTGGCCAATTATCAAGGCGCTACCCGCCGCCTAAGAGGTCGGTTGGTTTACCCGTAGTCGTGTAGTTGCCAAACAAGCAACCTTGCCTTGCCCCGGGTATAGTTTGACAACATTAGCCAAATGCTCGTATTATATATGTGTGTAAAATGGGAAAGACAAAGCGTCGTCATCGAGAGGCATAGCCTGTGGCTTCTACGTGACGAAAGAGACGAGGTCGGGAAATTAGGGCCCAACTTCTACTGGCTGGGGGCTGTTGTACCCTCATTCGGGTTTGACCGCTTCTACTGCCGAGACTCACGTCTATTAAGGTCCCATGCAGACAAAATAGTTACGAGCCCGATCTGGTAGATTGGATACAGCTAGGGGCAGGGTCAAACAACCTAGTAAGGCGTATCACACCATGATGCAGGTCGAATGTATGTACAGGGAGATGCTCGCCATGATTTGGGCCGTGATTCATCGAATTATACATTCCTCACCGTAAGGGCTTAGCGTACACTCAGGCTCGTTTCCCTGACGCTCAACCATCCTGGTGGTTCCAACCAGAGAAATCACCAATCTTAATGCTCTACTCCATTAATCCCACTCGCAGTCGCGGCTGACTGAGCAGTTACACGTAAGACCCCACAAATGCGGGCTGTGCGTAACCGCCTTTAACGTGAACAGAAGAAGGGTTGCCAACAATACAGAGTCTATAGCGGAGTTCCTTGTTCATATGTTGTTTTCCCGATGAAAGGTCAAAGTCACATCTGACTGCATCGCGATAGGCGCATTGCTCAGAGCCAGCTTAACTTCTTTTCGGAGGATCTAGTCCATCGGGAGGCCTCGTAGCCCTGTACGGCATTCGCATAAGCGTAGGAAGCGCTTTTATATATGATTGTTTCCCACCGGCATGGCATAACCTCAAACGAGAAAGCTGCTGAGCAACGTAGCTTAACACTGCCCTAGCTCCTAGCATCCCAAGGGTCCCTGGCGTGCTCCGGAAATTTTCCCCCGCGTGGTGATTATAATTAAAACTTCGACAACAGGTCTGGCTTACTGATCGCCATGTTGCGTACGAGCTATTCGTACATCCTACCCTCGGTAAAGTGTGTAGATCCGGCGATAAGCAGATGCCAGTATTGGGGGGGCGCCCCTCCTGACCGAACGATACTAGTTCCCCTGGGTAGCCAGT,1246,50.4,Escherichia coli
SEQ_795184,TAATCGCCGTCGACGGCCCACGGTGACACGCAATCTAGGCTAGGATCGTCAGCTCCATAGATTTCCTAGTCCCCTTTATCGAGAGCGGATCATATGACTCAGATGATACCCGAGTAGCTTCGTGGACACGCGGCCACTCGCTGACTTGAGTGTCCGTTGCAAAGCTCCTGCCCTGACCACGAAAGCACGGAAACGATTTCGCGCCTACCTGATCGTGGATCAGAAGCAGGGCACTTAATTGTGTGATCGTGAGATATGCTTCCCCTTAGATATTATGGCCGCCGCCTCTCAAGCCTTAGCGCCTGGCCGCCCGCGACTTTCGATAGATCTCGACCCCTCGGCACTACTTATTTGAGGAGTGAGAATAGAGTTGCAGGGGGAGCCATGGTTTAACGCCTGACCCAGTTTTTGTTGATATGAACGGGCAGGGAGTCAGACGTCATTTCG,447,53.69,Escherichia coli
SEQ_637215,GCATGATGATGGCAGAAGCGCGGCATTTATGTATGCACGTGTGCTACACAGCTCAATGCCAGGTTTTACTCGAGAAGCTCCATGGATACGAGGCCTACTGTCTGAAACATCAATGGCTAAAACCACTTAATGCATTGAAAGACGATGCGATTTGCGAGCTAGGGGCTAAGGAGTGGTCCCAATGGGGCAAACCGAATTACCTCCTGCTTGTTCAAAAAACCTCATGGTACTACTGTCCTTGATCTTACCATTCCTCACTGCTAATCGGTTGAAGCATGTGTTGCGTTTAGTTTCTTGCTTGTTCCGCATAGCGTCATGCGAGAGCCAACAACGACTATCAGTGTCCCGACCTCAATGGTTTTTAGAAGGTGCCTAAAGGCGCGGGCGTTCGAACCGGGGAAAGTGGGATAAGGCTTGCTTGGCACGACACGCCTACATTACACTACAGCGGAGAGTTAGAGGTGATTAATAAGGATTACAGGCACAAGAAGAGCTTCGTACACTTACAAAGATTCTGCATCATGCTCAGCACACAGTTATTTCCACGGAGTTCTATTCAGATGTTATCGCCATTAGCTGGCAACGGCGACTAATGTCTTGCTGCGGAGCGCGTGTGCAGGCACTGGGAGGATCGAAGGTTGTACTTTGCGCACCTTCAGAGAACCGATCGGCCCATAGCTGCATTATGTCGATTGGGGAAATCAATGCAATGTGGTACCGGACCTCATGTCCGGAGAACGTCATTCGCGATTGCTTGTTGAGTATGAGTCCGGGATAAACGTGCATCTACAAAACTTAACCAAGCGAGGCAGACGGCCGTGACTAAACCATGACCTGGCAGGATCGTGAAGGACGCCACGTAGCACATCCCACCTTATCTTGGTAACCCATGTACTGATAACACGTCGGTTGCGCGATTGACGCAGGTCTGGATTACATTAGGGATCCCCCGAGCGGGAGCGGCCACAAGCTATCGTTGGAGGACAATCTTGCTTATGGTCGGTGATGCTGTGACGTGGCATTCACCGATAAAGATACGCCTCGAAATAGAGCTATCCCAGCTAAA,1066,49.72,Homo sapiens
SEQ_593803,CCTCCCCCGAGAGAACAGGAGGACGGGAAGCTCTTAACATACCGGTCACCGGGGTCCTGCTGGGTACAAAATGTCTACGCACAGAGCCGATAGTAGTCACGACCCGTCGCTGTTTCGGCACCTTCTCGAAGGGTTGTTGAAAACACATTTCGTTATTAGCCTGTCACCTCTACGATGTGACTTAATCATCGACATCTCAGAATCTGTGGAGTGATTTATATATTACGGCCTGGTACGGTTATATGTCACTGACAGCCTTACAACCTAGGATGTGACGAGTACCTGGCCTGGGTAGCCCGCATTTCCCGAGCTCAGCAGGGTCTCTCAGTCACGCGACGCCCATCTCCTGTGAAGGATGATCCAGGAACTTTACCCAACTTCCCTTCGACGTGGACAGGTGGTACAAGCGATAAAATTTCTTGTGGCACGTTAACTCTGTAGGCCGAGTACGAATCGTCCCTTTACCGACGACCTCAATCTTCTGCCCCGAGGGAAGACGCGACACAGCGTTCATCTGGTTTGGACACGGATCGTCGTTCCCAGTTTGATCGCCCTTGTCACCACGCTCCGTAATTGACCATTGGATTTGCCCCACTAGGATCGTCACTCGAGACTTGAACTATTATTTGACACTCTATTTGGTAATTAGAGCTTACATCCACTGCCGTTATATATATGCGGAGAAGGAGGCACCTACAACAGCCTACTGATCGCCGGGGAATAGGTTCTTGCATAACCCAGGTCTCACAAATACCCGAGCTGCGGACATTCATTAGCTCACGTATTGCAAGACCGAGACGTCACAAGGGCAACTCTGCCCTCGTCCTACACTGTAGGATAAAGGACCCAGCCACCTAGCAGGAGGGACTCTCCAGACGGTTTAACCAAACAGCGTCATAGGGTTATCTCACCTTAGCTCTAGATACGAATCCCAAAATTTAAGATTAGAAGCCGTAATCGACCTACGTCAACCGCGCCTTGCCACAGTGGTGACATCCTAAATCACACAAACTAATGAAGACATTGCACAGATTGGTGCAATTCACCGAAACGCCCTGTCCTCAGACACGTTCATGAATATCAGGTCCCCAATGCAGCATCCGATTTTGTGCGTATGAGTCAAGGGTAGGCTTTTGGACGTGGTTCGATCGCCGCCAGGCAGATTGACGTTCTGCCGGACTTGTCTCCAGCAAGACCATGCTAGTGCACAGCACAACCTGTGCTCCCAGAAA,1232,50.57,Mus musculus
SEQ_398303,CGCTTCGGGTGGAGGTCTTATGACAGGCGGTAGCACAGTCGGCGATGGCCAAGTAGTTGATTACGAGCAACCAAGAGCTTCTGGCGACGATTACTGTGGTGGTACTTTAATATGGCTGAGCCCAACTCGCAACGTATACAACACTTCTCTTGCAAGGAGGTAAAAAACGCACGACTCCGACTTAGGCTAACCTCCGCTTCAGTGTGATGGCCACCAGACCCCCTGTCGGGCAGATTCGG,239,53.56,Drosophila melanogaster
SEQ_250926,CCCTACCGCCTCCAGGGAATAGCGCCGTAACCAACCCATTTACAGCGCATGATAAAAGCGGACCATCGGGTCACATCGCGGCGCTACCTTGGGCCCCCTCTTTAGGCAACATATCCAGTCAGCGGGTGTGTCTAGGAACAAGGGGACTTAGGGTCGCAACCCGCTATTCTGCCCTATGAGTCGCCGACATAGGATACTCGCAGGACTGGTTCCATTTACACTGGACGAATCAGTAACGGACGAATTAGCGTCGTCGCACAGTAATATCCATCCTTGGCGAGCTCAGCAGAGACCAAGATAATAAAGGGAACTTCGCACGGAAAATGGTCTTGGGCAGCAGAGAGTTTAGTTCACATTTTAAACTCCACAAGCTCGAATTCAGTCGGACCAGAAGCCGGGCATGTATCTTTATCTCCAAGTAGACATGCCTTTAAGAAGCAAGCTTCTCAGTAGGGCGTTACCCAGGTGGTGGCACAGTCGTCGAGGTTTGAGACAAAATATGATTTACTCCCAGACATCGCCTACGGTATGCGTTGAC,538,51.12,Homo sapiens
SEQ_927211,TATGATCTGGGGTTCTAGGGATGTCTTGCATAATGAGAACTTACGTGCGGAGCGCGGTACGCTCGAGCGAGGTGACTCCGTCAAGTGGGATATGATAATGGGATGAAGCCATGCTACATCAACGAGCAAGATTTGTGCACCTGCGAGACTTTCGCGAATTCCACGTATATTCACGGGCACAGCGACCTGCGTAAGTAAAATCAGTAAATACGCACTTCTATCCAAATGGCAGACGGACACTCGTTTCT,248,48.79,Caenorhabditis elegans
SEQ_758911,CTTGCATAGGAGAAGGGTGGTGACTAGGGCGCTTGCAGTAATAGGTAATCTCCCGCGATAACAACTATGGCTTTACGACGGCGAACGTTCTGCTCGAAAAAGGGCCATATC,111,50.45,Mus musculus
SEQ_513600,CGAAGTGGACCGCGTCTTCATCCTCAGTCCCGGGGACGACATGGGATGTACAGACAACCTTGCCTAAGACCACAGTAAGGTACTTCGTCGCTGGGCTAGATGAGCTGGTAAGGCATGCCTCGCACTAAATATACAGGCCACCATGAATTTTTCGGCGATCGAGTATATTAGGTGTAATTAGGCTTTGTCGTTTATGACCCTGCGTTTACGCATTTTCGAGAAGGGAGCGGGACTTGAGCTCGCCGTTACCTAAACATACACAACGACGCCACACACCGAATAAGCCCCGTATTTGATTGTCATCACCTCAACGGCTGCCAAGCACAAACACCCAGCTTTTTCAAGTGCGTCACACCGCACTCGGTTGGGTCCGGGCACGTGCTGCCACCCCGATTCGGAAAGACGATTCTGCTACTCTATTTTCGGGAGAGCAAGTAGGTGCAAACGACACTAAAAAAAACCCTACCGAAACTCTTGTTTGGGGGAGTTTGCGACATTCCCACTAGATCGAAGCCTTTAAGACCAATCAGGTCCCCCCTTTTTTGAATGAGTGCTGCCGATATTCCGGGACTTGCCTTTACGTGACCGCGTAATCCGTCTGTTCTACCGGGAGTTAGTGCTAGACGAAGCTCAGCCTCGACGAACTAGTGAGTCTCCGCTCCTGGAGTGCCTACCTACGCTACACCAGGGAGAAGAGAACCACTGGTTCGATGACGGCATCCGCCAGCTATGTCAGAATTTTGCTCCGATAGTAAACTTCATCTGGAACGCTATTCCCGTTGTTCGAGACAGCTAGGCCTGGGCGGGGCGGCGGGTCTATTGATCGCCAAATCTGAGTATCTCGTGGTGGGTCTTCTTGACAAAAAACAGCGAAATACTGTTCAAGTTTAAGGCTCCCAATCTTTTTCATAGTGACGCCTCCGCCTTTTGGGGAACTGTCGCCCCCCTCTAATGGAACGTCCGTGTAGTGTCAGCAGCCTTTACGTAACAGCTTCTGTGTCCTCTACAATGGCATTGGAGTAACCAATTGCTCAGTTCGGACCTGTAATCTCATAGAACGTCTTCCGGAAGATTTAGCTGATCCGCACGGTTGTTGATATTCTACAATCCTGCGATGAGATGAAATGGAGTTTAATATCTGGCGCGAACTGTAAAAAACGGTGAGGCACTTGGGGGCGAGATGCCTGGCTAACGGTACCCTCATACACCGCGTGAGTGGTGAGCAGCTTGACTCTCTCATTCTTCGGTACCTTCGACAGATCCAAGTAAGTGTGCAACTCTAGAACATTCCTCAGGAATATATATATACGATTATTACATTTCTAATCAAGAATAGGGAGGTGATCAGGGCCTTTATGTCGATAGGTTAACAATACGATCCCCTACAAATCCGATAGGGCCTTCCTGCGCCCCGCACCACCATTAGCCGATCGGCTGGGTATTGCAACCAATCAAACCGGGATGAGTCATTACGCTTCTTGAAAAATAGCACGATATGGTTGAATCCAGAGGTCTTGATCACGCAGACTAATTAACTCAATCAACGAGACCGGATTTCC,1559,49.39,Caenorhabditis elegans
SEQ_876038,TATTGGGGTTGACCCGAAGGTTACACCTGTGGTAATTAGGGTCCAGCAACACATTAGAAGGCATTAGTCGAGCTCGAACCTAGCAGTAGCATTCAGATGTTTAACTGTCGTGGCAGGAGACCTCTCCACTGAAATCTCGAGACCTGTTTATATCTAGGGGTCTACGAATGCGGCGTCGCAGAACCGAGAGGCAATGAGTCGGGGCTAATTCGCCACGAGAGAGTACAAACAGAACGGAAGTAAGGAATACATACACAGCGATCTACACGGGTTACAGCCCGTATCGCGGTGAATTGAAGGCCTATGTACCTGAGGTGGACGAGAATCCATAATACTGAGGTCGGAGCTGGTAAGTGCCGCTCGGGTCACGTGGCATAAACCGGCTCAAGCTTTGCTGTGTTTCCTGTTAGTTGTCTCGACACACAAGTTAGTGTCTATCGTCAATCTGCACAGACGGGTGATAGCCCACTTGTATTCCGTATGCCGAGCCGCCAAAAATTGCAATAGATCCTCGTGTCCTGAAGTTTGCAAGCACATCAGTGGCAGTACATCGGTGCGGGGCGGCGGCAGTCGAGACCGACCGGGAACTTAGGCTCAGGGGCCCAGAATTAAGGAAAAAGCTGCAGAATATTATCCCATATTATACAGGGCGGGTCGATCACCTACGTAGGCAGCGATCTCAGACAAATCCTCAG,695,50.94,Drosophila melanogaster
SEQ_764565,GGTAAATTCACATCAGTGCGGGACCCCTGTTACTGACGATTCATTCTCGATATGGATCCACAACCTGCATAACCGGAGCTGTAGACGCTCCTGGATGGCACGATATTGGTTTGGGACGTGTTGACTTGACGGGGCAGAGTTTAGCATGACAACTTCTTCGACGGATTATAGACAATGAAAGGTAAGGAGAAAGAAAAGTTTTATGAAACATCTGGGTATCGTACAGCAGGTCGTATCGCACGTAGCAAGGCACCAATGGTGAACTTGGCGAGCAGACGACCGCGTCATACGTTAGCTCATGGAAAACGCACACCCGACGACAGATTCTAATCAGATCTATCCATACACATAAGGGAGCCCTGAAACCCCAAAATAAGTGCCGACTTGTGAGGGAATCCACGGGAACCATAGACGAAGTCTTATTAGTGCTTGCTGAGTATTTATCAGGCCTTACCTGGTTGTTACTGTTTAGTACCATTCCCCTTCTTGCACGCTATAAAGGGTTTACTATCAAGTTGCAAATACGTTTCCCGAGGAGCCTGTGTGTCCTCTCGAGATTCCCAACAATATTACTACTAATGGGCATTGGCGTCATGAGAGCGACCCATCCCCAGCGCCCCCCCGAAGACGCACCATACATCCGCGCTCCTAGCTATGGATGCATTCCAACCGTGCGAAGAAAGATCGATGTACCTACAAAGTTACTGACGCTGGCTCCTTAGGTGAAGGGCGAGAATGACTTTGGGCATACCTAGCTAACAACATCTAATGATCACTCCTGGGCCCTGCTAATTCACAGCTGTCCACAAATCTGTTCTTTTCCCGTCAGGAGATATATAATAGTCCCCGCGTAAAAGCCTGG,862,48.14,Arabidopsis thaliana
SEQ_669964,TCACACGTAAGAACCATACGTTTTCGTGCGGGTAAATAACCACCGGTTCAACCCGCGTCGGCTGCTAACGG,71,53.52,Homo sapiens
SEQ_574612,ATCGTAATTCAGTTATCCTTGCCTATCCGAGCAACTCCAGCCCCAGAATCCGTCCTTTGTGTAATACTCAACATATAGAAAATCCTTACTGGAGCCATATGAAGGCCATGATGGGCTAGTTTTTCCACGAAACGACTGGAAGTGGGATCTAACTGTCTAACTGTAGATAGAGAGATTCACAAATTCCGCGCAGTCGGAAAATCTGTCTGTTATCGTCTATTTGTGTGCAATCCTTTTTGACCGGGGCCCAATATACGGGGGCGTTGCTGTTCCTGGCCTTGACACGCCTCTGAAGGCGGCTGGTACTCCTTCCCTAATTCCGGGAGCCACCGTGTTATGATCCGACACTATTGGGACCTTGGGTATTACGTCAGGCGCCGATCTGTCGTTTTACCAGTGACGGGCGCAAGCGATTCGTGATGACGTATTGAGATGTCTTGTTCGGGACAATTAGGTTTCTCAGTGTTACGTTAACCTTGAATAAGAATAGCCTGAGGGTGGACCCACCAGACATAGAGAAGAAAGACGCTGACAGGCCCATCTCGAGGCTGCTCATTCAGAGGGCCGAGAGCCGACTACTACCGCCTCTCTCGTCCATTTTATCGAACAGGTTATCCTACAGAGGTGCTGAAGCCGTTACTTTGGTCGGGAACAAACCTGAATTCAACTCAACTGGAGAGCTTGTCGCGCATGCCTCGATGTTTGAGTCTAGACGGTCTTACTGAGAAGGGTCACACTGCAGAGCGAGCGTTCATCGGTAACGACTGCGTTATGGACACCGAATGAGAAAGTTAGCTGGATCAGCCGGAATGACTCAGCCAGAAAGTCGCCTTTCGCTGCCAAGTTTTAGTAACTTTAGTACGGGCCGTCAATCTCATAGGGCCCTTTATCATAACCCTTCCACACGACGAATCCAGTTAGTGGAAAAGGCAGACATTAGTTTCCGGATTAAAGTTACAGGACCAATCCGTCCGGCAAGGCGTTAGTATGTGTATGAAGATCTCATGCGAGAATCACGTGGGTCAGAGGCGGACTACGAGCTACTTCAGAGTCAAACGTCCCATTCGGACCGTGGGAATTGCGGGATTTCTAGTGATCGTGTTCATACCCGTCTTTAAGTAAGGGCCCGGTTGACTGTCACAGTTTGCCGTGAAGGATCTAGTGGGTCTCACGGTGAGCCGAATTCTCCAGCTAGTCAGTTCCTCGCAGGTACGGCGAGCTAGTTGTAATAGCGCTACGAGGCCAGGAACATGGACAAGGCACCATTAGCGCACGTCGCGTATCACGTTAACTAGCTAATGTTGCTGATATATCATCCTGTCATATTTCAATGCATTACACAGGTACTCCGGCGTATCTCGTTTTTTAATTACCTTAGATATACTCCCGGCCGCCTGGATTGGCTAGTATTGCCTGAAACTGCCTATCTATCCGTAAAATTAAAATGCCCGGTCCGTAATAAGACCAACGATACGTCGAGTTCTAGTCTCATGTGATATATTCCTCTACGCGGCCATACCTAGCCATCGGCTGATTGGAATGCAACTCTGACCCCCTGTACTAACGTCCCTTAAAACGGAACCCACGGCACCCCCACTAACTGA,1604,49.13,Drosophila melanogaster
SEQ_492385,GGCGCTTAAAGCAGCGCCTGGATAATCTCTCTCCACGGTGTCGCAGTACTTGTCCTTTGTCGCCCCCTACCACTAGGTGGGCTGGACCTCCACTGCGGAGTTCTGACGGGGGTAATATTCTAACGCATCGAGCAGACGCATGCAACGTTCATTCATCCTAAATGAATAGCAGTAGGGGCCGAAAAGGGGTAAAGGTACTAAAGACAACACTGCCCTTGCGCTCATATAGTGTGCTTACTATACGTGCCTATAACCCCCATTACAAGTCCGCAACGGGCAGTCCGCTGGTATAAAACCCGAACATTGTGCCATCGCCCCCACATATGGATGCGGGCGGTATTGCTTACATGTGACTGCATTGACTCGCGAGGACTGCGTACGCTTGTTTCATTCCTATGTCTTCGATCAAAGCGCCGAGGCTCCCCTAGGACCTGAAGCTTACTGGGATAGCCAGCAGGAAAAAGAGAGACATCCTAAAATGGGGTTGATGCCCGTTCCCTGCTCAGCAGAGCACTGCACGTCTCTTCACTTACGTGAAGAAAACTCGTCGTCGGTGTAAGAAGGGCTTTCCCCGTTTGTTCTGTAAATTTACGTAGAAACTGGATCGGCAATCAACGAGGCGTGTTCTCGAGTAAGGCTTAATCAACAAGCCGGCGTAGACGCTTCGCACCTACGTGCCTTCAAATGTTACCAGGGAATGCATGCGATGTCAGCCGGTACACTGTTTGATAATACAGCGTGGTGGCCGACATATTAACGAGGGAGCTATAAGGATCATCTTTTGCCAAAGCCAGAACAATCTGGTCTTTGAAGGATAGGGCCATACACTGGGTTGGCCAATAGACTAGTGCAACATTAGTGTATAATTCTACTATTGGGACGAGACCCTTCTCCATGTGCAACGAAATGTACCGCACGTGGCGGAAGTAACAGTGTGCGATGTTATCTTAGTGAAATGGTCAACCCTCCCCGGACGAACTCGTTATATGTAATTCGTTCCTCCATGTCTTAGGGTT,1016,49.8,Caenorhabditis elegans
SEQ_363179,AACACCCTTCGCGATGATTACAGCTCGATGGGACCATAAATCCTGCCATCCAACGGGTCACCCTAAGTTTTTTTCTAGGGAGCACTGCCCTCCCCAACTCACTACAGAATGCACTTGCGGGACTCACCAATAATGAAATATGTAACTACCCTCTGAAGTAACCTTCTATAAGCGGTCTGTAGCAAAAGCAATCGCAATCTAAGAGGTCAGACCCTGTGATCAATCTTATAGATCTGTCGAGTCAACACCCCCACCGTCTATCCATCGCCGCGATTATGCTAGTGAGGCAGCCTGAAAAGATTTCGTGCACTGTGTCGTGGTTGCATGGGCAGGATACGGCCACAGAACCCAGGATGAAGTTGGCATTCCGTGTATTGCACATGCCTTCGCCATCGCCAGCCGGGCAACGCTGCTGCGGTGGGGTAAAACTGAGACGCGAATTAATTTAGCGGTAGTGCAGTGTCGATAGGCTACGTCAAACGCACATAAGAATCGGTGGTCCGTAGGCAATTCTATTCTCTTCTCAGTGTATGATGATCTACCAAGAATTTAGCTCAGAACACGGAATCATGACTTAGGCATAATCCTGCTTTTCGTATAACATGCAGACGTGACCATTACTAAACCTAACTCTTTCACAGCTCCTACTACTGCCTACTGCTCGCTGTCATTCTCGTTCTTGCTCTTCGCATGGAGCGGCCGAACAACGTTCCGAGCTGCGTCATAATTACCGAAAGTATTTCGTCCTCAGCCCCAATGACAGGTAAACGGGTACTGCCCCTACCCGGGACATTAGAGGACTCGTTGCAAGGAAGGTCCGCCTGTCGTTCACATTTCAGTTTACCAAATGCGGTCGCTCCTACTCATAAGATAGGCCGCTTGGGTAGAGCCCCACTTTGAAACCCGGAAGTGAACCGATTATTAATCCTCCGCCAAACCCTGCGGCACAGGAACGCCACCAGCCAGGCGGTAACGGTTATTCGAAGATATTAAAATTATATAGGTGTCGGAGCATGTCGGCGAGTGACGGTCGTCTAGGGCATGATTATGACTAGAAGACTTCGACATGTTACACGCCGAGTGTGTGTTACGGTTTGCGAGGTCAATGTTGTCCCGCGAAAAGTCGAGGATGTACCCCCCCCTAGCATACAACGCCGTAAGTGTACGCGAGGAATATTGGCATAGCCGCTTCGAGAAGAACTGAATATCCAAGCAAGCCTTATGGTGCATGCAATTCGAGGCGGACAATAAATGGACCCAGTCTGACAAGGGACTGACCCCCCGCTGATGTAGAGGTGGGCACCTGCATGGCAGTGTGGATGCCAACTTATAAGAGAGCACTTGGACCTGTTGGATATGGAAAGCCCAATAAAGCAGATAAGCACTCACTTAATGAAATTGCTACCATACTTGAAACTTGGCCGTGCTTAGGGGGACTAATCAATTAACTCATGGACACCTGTACTACTTGGACGTGTATGAAAAGCCCCGGACATCTCGGCGGTAAACATCAGAACGGCATTTAAGTAGGGCACATTTGATATTTTTCGCGAGGGGGAATGTAAATTTAAAGCACGCACTCAACGGGCCCAGACTGCGAAGGTATATTATTTCTGATCGTTATCTAGGACGAGCGAGTAAGGCAGGCGGATTCGTGAGCGATTTAAAAGGCGTAGAATCACAGAAAGCAGGACCCGGGCGGGGAGCTACAGCTTCTTGTCCTCGATGCTCTATCGGTACTGTACGACTGAGTCCCGTACGGATGTATCTACCACGGCCCTTGCGTCGACTGTGCGGCGCCGAATTTCATTCTAGTTAGCGCAACAGATATAACTGGCGCAGACTCTCATTTTGCTCTGCCGCCTATAACTCGGGCCGATACACAACGTAATGTACGTTATAAAAGCATCAGCTAAGTTAAAGTTAAACGGGATGCTTACAGACGGCT,1948,49.23,Caenorhabditis elegans
SEQ_933049,GTCGTTCACTCAATTGTTAGCATGCAGAAAAGCCCCTTCCGACCTTGAGGTAGGATACTAGGGCGGTATTGCTCGAAACCTACCTAACTGTGGGCCTAACTACTAGTCCGTCCCTGAATCCCGTAGCTGCATTTAGGATCCGTCCTTCAGGTATCTCGCCTGTGGAGGTCGAACTAACGGCCCGGCGTGTCGATTTGGGGTCCAACGTTGCTCACGCCCAGGTCATCGAGGTATTACTCCTTCGGCACCCGATGCACATTAAAATTACCGGAGACGGGGTGAGCATAATCGGGGGCTCGCGCCGGCGCGACGTCTGCGCGCAACGGCAAAAAACGGATGACAATGAACGGAACCTTATCATCGCCTAACCCGAATGTCACGGGCTGAATCCGACTAATCTTATTGTCAAATGAGAAGGGGACCGTATGTACTGGTATGTGGAGTTGCGAGCGTCGTAGAGACAACCGGGTTTATCAGTAGTTCCTTGGTCACAAAGTACCATACCAATAGGTTAAACAACATCCTCTGACCGCTCGCGAAAGACCGAACAAATCTCAGGATACAAGAGAGGACTAGTCACGGATTCTAACGTGCAACAATTCCGGTTAGTCCCGTGTGTCTTTACCTGATCGATGAGGCAGCTGCGTGGAACCCTAAAGGCGATTCCCTCCCGTTTCGGGTTGCACCAAGGATATAATTGGACCCGAATAACTGCCCGTTTGGCTCTTTAGGACACATCTAAGTTATCCTAGGTTCCATCGTGTTCTGTGAATAAAGCAATCTACCTCCTCAAGAGCGTAGTCCCTGAAAATCTCCGAATGTTATATTGCGTAGTTTTCCCCTGCGCTACATTAGATCCCCATAGGTGACAGGCACGACGAAGGTTCAGAGGTGATAATCTCTTACCGTCATCGTAGTCGCTCATACTCATCGTTCCAGCTCTCCACCAATCATTCT,957,50.26,Caenorhabditis elegans
SEQ_933051,AAATAGTATAAGGGCGTTCTCCGATGGAGAATGGCACTCAGTTTACGCCCGAACCCCGAGTTCGTAAGAGTCGACCCGCGCTCCACTATGTACATTGGCGGACTGCGTGCCACACGATGCCTAACGGGTAAGGCTTTGATTAGCCACCTAGCGTTCACGCGTACTCGGAGCTTAAGATCACCCCTCTATACTTTTTTCCAGAACTGCCGCCGTTCGGAAACTCCAATATCAAGACAACAAGGGCTTTATAGCGAACCCCTAGATGGACAGACATCCATCTGTACGCGACTCTTGATAAAAGCCGGCCTACGCACGATTAGAGTCATCGTGGATCGGTCATAGAATGAGTTACATGCATACTTACGCACCCGATAAACAGTCAAGGCCTGTTGAAAACGGGGATGTCTATAAGTGAAATACACCACCCCCCGCGTTCTCCGGCGCGCCATAGTGATGCGTAATTGACTCGGACTTTAGCGATGATTACCTGAGCTGTCCACATAATCTAATCGGTTGACTCTTTCGTCACCCGTAATTCTCCGATATGTTGATTTCCCCACTGTGCAGAGTAAGACGAAAGATGCGTCCTCAGCAAA,596,49.5,Drosophila melanogaster
SEQ_445564,TCTGGGTTATATAAGCCAGGTAGTACAAGTAGATTAATATTCGGGTTCGACCTCCTCGGCTTGTGTTGGTATAAACTGACTCATACCGAAGAGTCTCTCTCCCTTTCACGGCCGCAGTCATGTCATGCGGTTCAAAAAAAGTTCGTCCTTTTGATAGTGAAGCCGCGGGAGTTGAGGCTTATATGTGGGTACTTTAATCATCAATGCGCGGACGGAGTGAGTATGTCGCCGAATCCATCCCTATAGCCATGTAGTTTCGCGCGGCTATTAACTTTTGCTGGGGCTACCACAGACTAGTTAGCACACCTTTGCTGAAAGTCCACTCTGAGTTTAGACGGCCGAAGGATATTAACATTATGCTGCCTGGTCACAAAGCGGGAATACCGGCGTTGCCAGAACGTTGTACGCAACATCACCGACGCGGACATGTGATTCGACTGTTTCTGGCCTTGGCTTCCGTTTTCCTGGATCTCCACATATATCAGCGAATAGCAAGCCGCAACGACCCTGGTGAGAAGTATTATAGTGATTCTCCGGGTAGCCGCGCACGAGAGATAGTTGAAAC,565,48.67,Mus musculus
SEQ_544700,TGGCCAGGAGAGCTGGCTCGGCCCTAACGATCCCTATTGTCATCCTAGAACTCTGATATACACCCAGCTGTCAAGACCGGGCGTGCCCTCACTCGACAAAACATTCGTATAGCCGGGTTTCTGAATTAGATATATATAGTTAGAAGCTGTCATTCACGGGGGGGATACCTCAATAATGATAAAGACATATCTGTACAGCGATTGAACAGCCGGCCATTTGAGCGACTGACTCAACGGAACGAAACCTATCGGTTGGGTACACTAGCTGCAACGTGCCACGCTGATCCTGAAGCAACTACTGCTAAGGGACATTAACTTGCGGCCGCCGCAAGCGGCGCGCGTGCGAAGAGTTACGCTGGTACCATCCTCACCAGGTTTCTAGTGAAAACCGGGTAAGATCCTAGGGTGCTTACGGTTTTGTGCCATTTTTTCAAAGTTGGACACTTTACGGCCTCCCGAGCGAGGACATTGCAAGCTTCCTAGACACGATGGTGATAGGAGCCGGTCGCCATAGCTTTATAGTGGAGACCGTAGATGGTACAGACGGCTTGGCAGATGGCGATGCCTAAGTCTCTAAGACTCGACTGTGGTCCATGCAAAGGAGCTGCTGCCGTTATAAGATCTGTCGCTAGCAGAGAATCTCACTGGAGCTGCCGCGAAGCTGCTAGGATGCCGGGCTGAAGCTAGAAACCGCTGCATACTGGTTTACATAACTAAGATAACAAGCGATGGAGC,735,51.16,Caenorhabditis elegans
SEQ_185082,CCACCTTACTCCGGTGTCCCTAGCACTTGGTTAATTAGTTAATACCTCCCAATTCACTTAGCCACCCCGACCTTTTACCCATAGGGCCAATCTAATCTACGCAGTTGCAGGGATTCAGGCGTAAGCATGGGCTATACGAGTCAATTAAGATTAGAAATATGCACTTTGCGATGATTTCTGTGGAAGCTACGCGCGGACGCTAGTATTCACGCGACAGGAGCCCTTCAGTCTGATTCCCCTGTAGACCTATTCAAAGCTTAATTCAATAGTGGGATGGAAACATAGGGCCATTATATTACTTGGAAGCGATGTCGTTAAACGAGTGTAGCTGATTCTTCAATCACCGCGCTGAAGAAATTCTTTTCATATCAGCCCTCAGAGCGATGAATGATCTTTAAGGGCCTCGCGGTAATTATGCGTGGGGATGAATATGGGTTGCCCACGTAATCTGATGCGGGACACATGCCTCCCGACCATATTATAGAAATATCTCCTGGGGGCGCCCAACTGTCACTATGAGGGACTAAGGGGGTCCGCATAGCTCCTATCGATGGCCAGTTCGAACGTCGTTCGGGGACAACTATTCGCGAACGAACGTAGAACTGATGATCCTAGCATCTCACACCAGGTCGGTACGGCAATTGAGCCGACCGGTATCATAAGGACAGTGTGAGTTATCAGTCATACGGAAGCAGCTTCTAACTGGGATTTCAATCGTATGTGAGTGGCTGTGAATTTATAAAAAGTATTGTATAGGCGCAAGTTCCAGTTCTACTGTTCGTGTTTCCGGTCCAACTGATAACAGGAACTTCACCTTACCGGGTTTAGAGGCTCCAAATTGCATAAGTCACCCATTATTTGCACTGATATCATGTAACAACACTGCTTTCTTGAGTAAAGCTATAAGGTACGGCACTTAAAAGCGTGGAGCCCGAATTATTATGGGAGGGGCCAAGCACTCCGTACAGTCGGCCGCTCCTTACTGCCGACTTTACAGGTAGGATACCGAAGTCCGGCTTGCATCCGTGGTCTACGTCTGCTAGTTTCTTCACGACGCGATCGCATTGATCTAAACGATATCGGCTGACCGCGTTCATGCCAGCAGTACATCTTGGGTCATAACTTGCCTCCAACTGACAATAAAATACGATTGGTAACGCATGATGAGAGACGAGGGCGTTTACTCGCAGTTTTCCAGAGTTAAATTACAAGATTGGAATCAATAAACCCTTCGGGAATAACCGCGTGGCGGAGACCGGGTTCCATCACTATAGCGTAGTGGTAAGTCCACCTGCCTGACGATCATGAGATCGAACATGGATGCATTCTGCCTAACAAGAGATCCGAGAGTGTTAGCGCAACATCATGTGGCAGACCACCGATAGC,1386,47.55,Mus musculus
SEQ_170757,GTTAGTTATAATGCCAGCTAGACAAGACGTGTCAGATACCTACTGTGATTATACCGGCGGGCGTACGTCGACATTATTCTGCGTAGGTACGGCTATGGTCATGCTCCGGAAATAAGAATAACTTGTCGGCCGAAATAGAACTTGTCAAAACCTGGACGGCCCTATGCCTCATTGCTCCTAGAGTATTGACTGCTGTATACACGGACATACCTTTGCATTTGTCGGTGATTTGGGGTTAAGGAGGTTAACGTTACATTGTAAAGAAATCGCCTTCGAATGTTATGCCAATGAGTCTGTGCCTGCATCCCGACTGGATGGAACTTCGTCCTGCTGTAGTTCAGATAATATAATATTTATTAACTCGCAATTCAATGGCGTGGGACCAGCGACAGCAAACCCAGCCACTTTGTACCTCTGGGGTGGCAATGGTCCGTGCGTCCCTTGCGCCTGGCTATGTCTAACATTCACCTGCAGTCGAGCACCCCATTGCTCCGGCCCGGTATGTGTAATATCAGCCTCGCCTTAGAGTGTCCTGACCTTGGATATAGCGTTCAAGATCAAAAATATCTGCAGGAGAATACTATGGAGATCCCTTGGACTTGCAGGTAGGTACTGCGTTGCATTCACTTAACGTTCTACGACGTTTCCTATTACAAACTCCGTACCCAGAGATGTGCGCGACTCCCGCTTGAAAAGCCGTCGGGAACATACTGGTAGATTCTGTTTTTGGTTCCTGGTCTAGTACGCCAGAAAAAACACATAGCGTGGACTTCCTCTTTGTCATAAGGGTAGGTCTTCGCAATTCCTTTCCGATAATGACGGTTTGTGATGTGTGAGGCTAACATATCGTGCTGCTGCTCTAATTTCTCCCCATGGGTCCATATCGGAACGCATAGATTAATACAACTTGTTTTTATAGAGATATTACTATCCTTCATACGAGTAATGGATAATCCTTCTCGAACTAGGCTGAAAGTCATTAGCGGGTCAGTCTAGAGCCCATCATAGTCTACAAAGAAGGCGAGAGCTAATTGAAGACCGTGGTTCATCTAAGCTTCAATGACAGTTCTAATTCAACCTCACCCTCCGAAACGGTATCATTCAAGAGTTATGAGATTGGGCGGCCAGCACTTGCGGTGGGCGGTTTCCGACT,1153,46.49,Homo sapiens
SEQ_565128,AGGTACTGCAGTACGATAATACCGATTACTGCTCCGTCAAAATTACAAGCGTTTTTCCCGCTCGTTATTCATTAGGTCATGGAGTACTGCAGTTAGCCTTGCCGTCGACGAATGGCGCGTCTTGACCCTCGTCGCCATTCTTCGCTAATCATCGGCCCCCGACGACTATAATTCTTTTCCATGACGGCGCGTGGCACCCTTCACCGTTCACCTTGTTCTACCGCGTCTTAGACAGCCAATCAGTTACAGTGGAAGGTCTGAAGGCCACACTTTAGTGACGTGATAACAAGTCAGCAGTCATCGGATCGAATTCAGCAGTCGTTTTGACACCAGTGCGAACGCCATCTTTTCCCTCTTAATCCTAACCGCGAGATACTTCGGACCCCCTTGATAATAGAGTAGGGGTTTGATGTTAACTTGACCTGGCAGCAGTCCTATCTTTCTCTTCCCTACTTGCGAGCTTTAT,466,48.93,Saccharomyces cerevisiae
SEQ_985156,AATCTCACTTCATTAGTGGCCCGTACCAGCCGCGCCTGGCTGTCTTTCACAGTAGATTCGACAATCTAAATGACCAAAGGAACTCATTCGCGTCTGTGGTTCCGAGTCGTAGAGGACCAGTTCTGTTCCGATTTGGGGAGGTCCCGCTCCAGATTGGTCCATAGCGGTATAGTAGACGTAGTACACTGTAACTTACGGAGGCCGAAACTGGATAGATTTACCTTTTCTAGCGACTTGATACAATGAACCAAATGGGGCAGCATATCATCCGATCCGTAGTGGCGTTGCGACCCGGGGAATGCCGCTCGTGACATTTATATGCGACTGAAGACTCCGGTCATTAATGATTCACACCCATAGACTACTGCTACTGGATCATACTCCCGGGTGTATACCTGAGCTTGCTCCAGCTACGCCAAACGGCTGGACGTAAACCAGTGTGACCTTGCTAGTCACGCGGGAATGCAACACCAGACCGTTGGGTAATCTTACGACATTAAAGACAGGGAAGGAACTAGTTTAATAAACTCTATCCATCAACCGTCGGCGACCATCTATGATGGACCTAAATTTTAGAGTGGAAAGGGCTATAGAATCAGCACCCTTTCGCAATGTACAAGTAATCCTAAATTTTGCCACGGTGTCATTCTTTGCGCCGTCAGATGTGGTTCTTTATATCGGTTAGTGGGGGCCCAGTTAGCCAAGCCAGCCCTTCGTACCCTTTTGTCCCAAAGTGCAAAGCCTTAAGGGTGCGGCTTCGTCCGAGTAGGGCGCAATTTAGAGAGTAGAGCCGGTTGGCTCTTTTAGAGTGAAGCGAGAAATAAGCGGCCGATCATAAAAGTCGTCCCTCAAAGCAAACGGGACTCCACCTCTCTGGTTAAGTCAGACCGAATGTAGGTAAGCGCTTCTCGCGGGTGGCCATGCAAGGTTGACACACTTAAGCTCATCCTGTAGAAATAGGGGCTTTGGGTAAGGACACTCATCACTCGGAAAGTGTTGAAGCCCGCATTGCGTGACCCACGCGGGCCAAAGGTGTCACATGGTGGATCGGCCCGATCTAGTCACGACTGGGGTCAATACCGAACTCGGTGCTGTCAACGCATCATCAGGTGCGATCACTTCCCGCCGCAAAAATGGTAATGCTTCTTTAGTACTGCATTACCAGACCACCTAGAACACATTTCTATACTGAAAGTGGGTGTCGTTGAATAGCCGTGTTGGGGATGAATTGTCTGTCTGCTAGAGACTTCACAGTTGAAAATTTTCTGCGTCGGGACGTATTCCAAGGACCATTGCCTCACCAGTCCTTAGCATGCTAGCGACCGAAGTGAGCTAAGCCAGAGTAGGATTTCGTCTTTGGAAAGGCGGTACGGTAACGGCGCATACCCCGCTTTATGCGCAAGCTTAGCCCCGCAATATGTCTTC,1425,49.89,Drosophila melanogaster
SEQ_904014,TATGCATAACTTATGATTTATGACAGCTGAGCGACGACACCAGCGGGGGCGCAGGGTAATCACCACTTAGTGCATGACGGTGTGCTCTATGTTCCCGGGACACCGCGAGGGGACGGTGTTGCTGATCTGCTATCCATTTTCTAGGGTGAGATCTCCAAGACTAAACTTTTGTCACATTCCTCGATAAGTGGACTAGTAGTTATTGGGAAGCGACACGTATAGCGCTGCCTCTCCGATAGAGTGGTCGTTACTTCAGGCGGAGATCGGCCACGCTCGATCGGTCCTCAGCTGATATCATCCCTCATCAAGGTGACTCTACTTCGTACAGGGCGGTGCCAATTTCAACGCAGTTTATACAGTCCATTAAGTTGGAGTGGCTTAGGTTGGGTTAACGCAATTTGATTAACCATAGTCTCCCAGATTTGCCCTCACTAGGGATCTATGCCGGTACACGAAGCGCTGGAGGAGTCGAGCGACACAGAGGGATTATCTCGTGATTTACCCTGTAACTTTGGACATCAAAAGCGCAGAAGCAAAACAAAATATATCGTGCCTTACCAATCCACGACTAGAATTAGGCAATATGAATCCCCCCCATCTCGCGGTGTACGGCAGGTTGGGAGTGCGCCATTTTTGGCCGTTGACAGCGGGTTGAGAAGTCTCAACAAGAACACAGCGTTCGACCTTACAGTCTGTATACAGAGGAATTTTGGAGTGGGGGTTAGTAAGCGACATGTCCTTAACCAACCTGCTTCTACCTAAAGTATTAGGTAGACTTACAGGCCGGTACTAGTGTGAGGCCTTAACAGGGGACCACTAAGATTGCGCAATCAGTCTGTGAGGCGATTACTCTTGCGTAGTGCTGGTTCGCTCGGGCGTTGTCAGTATGATATTAGTGTCGTGCCCAACTACGAGGACGTCACGCCACCCCTTTAACATAGTGATGCTTTCAGCCTAGTTGAAGGGGGCTCGCGCGTTGTCGTTGTGCGGCACGGTGATACAGACTACTGGGGAAGTACCGGTCCTCTATGTCTCATGCCCTGGGTATCGCAAAGAAATACCGCTTTAGTGTCCATTGT,1079,49.95,Homo sapiens
SEQ_824566,AGCTAATCAGTATACGCCTGACTAAGCTCATATACGTATCGGTTTATTCTTGGGCCTCCGGATATCTGGACGTGATCATAGCTATGAGAACCGCGATACCAACTTAGCATCCAGGAGCGCTGCATTTTCGAGTGCTATACGAGGCATAAGGGACTGTAGAGAGACAGTTATCCAAGCGCGTTGCCTGATAGGGTCGACACGCCTGGATCTACAGGTCCATCAGGACCTGGAAGGCGTGTAACGTTGCGCTCATGTTCCATCTAAACCCTGAGGCACTACCATAGGTCACCCGCAAGTATAAGCCGACGCGCCGCCTGCCGACTACACTGGTTTTAGTGCAACGGCAAACAGAGGCTCCAACGTGGTTCCTGGCAACTTTACAACTACATTCGAGCTACCCTGACTAGCGCATAACCTCTTATGAGGCACGGACATTTTAGTAAGGAGTTTGCGTGCAAATGTTTACTTAACGCCAGTTCTTCCAGGCGGGCGAAGATCTATTCTTCTTTGGGAGAAGGCCGCAAGACGCCTGCAATTTCCTCGGAAGGAAGGAGTTCCTTGGCGCGGTGGTAGACAAATTATCCCGAGTTAGGTACATTGATACAGTGCGTGACTAATGCCCATCCGCGGGGTTGGATCGTATCCCTTGCTCAACCAATATGCAATCGTAAGTGCTCCCCTTTGGATAGATATTTACCGCGAGTTCGCCTGTAGCAGCGACGTAAGGGGAAGGCGTGGGCCCCGGACTGTTTATGTAGGAGGGTATGTATTGTGCAATTCCAGTTGCAGGTCAGAACCGTTTCGGCAAAAAAGGATGAAACATAACATCTCTACCACGGGCCTCGGCGCGACTTTAGGGCCCCACCATGGTCATGCATGGAGTGCTCTTTTTACGAGTACAAGTAAGTACTGCTTTGTGGTTGAGCCAATTTCTCGTGGTTGGATCACCACGGCGGGACTGCGTACGCAGCCTCTTGTGCGTAGCACAGAGGATACAACAGAGGGGAAATACCGAGTAGCTCAGGGACCCATCGTCACAA,1040,51.15,Saccharomyces cerevisiae
SEQ_229139,GTTATTATCACATAGCCCGGAACAGGTAGCTGCCAGTCCCTGAGGGCTGTGTCGATTATAGATAAGTCACCGGTCATTGTCGCCGCCAGCGGATGGTCGCGACATGAATCTCTTATGTCTCTGGTTGCAATCTCGGGGCTGACGCCTCAAGCGTAGCATATCCGCGATCAGTTTTGTTTCGTAGATAGCTCAACTTTGGCATAATCGTGTACCTATACGGTATCTGTGGGAAGAGCAGAGTAACATATCTTTATAGCGAACGATCCAGACTAGACGAGCCCATAATCGGGTTTAACTTACATCGTTACCGACGGACAGTGGGTTACCGGTTCTACAGGACCCCGCCGGGAACATACGGCTAAAGGCAAGGAGCATACTGCCGAACGCGAGATCGCAAAGCAACGGAAGACACATATCGCCTATTTCGATAGAGCGCGGGAAATGCTGCACGGCTGTGCTCTCCCATTTCCCGCTGATATAGTTATGTCATTGTGAAACCGCAGACTCCGGTCCTGCACTGAATCACCTCGAGTTCGTCCATCTCGCTTGTTCAAAAAGGAATAAGAGCAAATGTTGTAACCTCCAATAGATCGGCCGCTTGCTGTACTTCGTGGGCATAGAGCTCAGGATTTTCCCAGTTTAGATCACTTCGTTAGGAGTTGCGGTAATAGTGCTTAAGTTATTGATGGGACATAAGTGACGCTGAAGGAATGTTATATTGCTCACAGTGGCTACTAAGACCGCGGCAAATGCACCTTTCGTCAAGTCTACGTAAGTCCCATTCGTGAATTCTAGACTTGAGTACAGCATTTCAGACAGAGATACATTAAACAACTCGAGCTGACAGACGAAACACGTACTTACAAGGCGTGGTGTTGTAGCGACTTGACGCGTAAGATCCTATACCCGACATAAAAACGAGGCCCCTTCTACTCTTTAACCAATGAGAGATCCCCAAAACCTTCCCTACATGGTCGACCCTCTCTCGCGCTCATGCCATCCTTCTCGAATTGGGCGATATTACACGGACCGCCTTGTCCCCGGCTACGATACGCGACGTCTCAGGTTGCAACCTAAATAT,1081,48.75,Saccharomyces cerevisiae
SEQ_862746,CCTCCGCACAGACAACAGTACGCCTGCGTACTTTCAGCGCTTTGGGGACCCCTTACTAGCATTTGAACGTGAACGGCGCAACATCCAACCTATCCGACGTCTGGCTCTGCGATGCAGCACAATAGAGAATCAATCGGGTATGGTCGCACCCCACACTGATTCATTCCGACCGGCTCAACGGAGTCCTGTCGCGTACTTCTACAGATGGGGATTTGATACCGATTACTCCCGCTTTTCGTGGACGCGAACACCCACTCCGAATATACATTCAGGGTCTTAGCTGTGCCGTTCACTCGTCTTATCCGGTCCCAAGCGAAGTGCTGTGAAACTAAGCGGACACATTGTTGTACCCGAAGTGCTTGAATTCCAGATCAAACGCGAGTCTATCACTACTGACTACGACCCTTAATGTCTATAGTCTCAGAGGATGCAGACAATTATACTATCGCGCACACAGTTTCGAAGATCACCAAGGTTGGGAAATCGGGATCCCTACGCATCTTGCTATGAAAGCACTCTAAAAAGGAGGAAATCTACGTCACTTGTTAACCGCTGGCTCTCGGTTTTTAGCTTGGAGTCGCCGCGACCACCAACTACGGATCTCTAGATGCATTGGTCTTACTTACGTAAGTTTGTATCCACATAGCGCGAGTCGGGAGGTCCTAAATACTGAACGGCTGTCCGGCTCTGTGCGTGCGGCCTTATAAAGAAAAAACGCTACTCCGTACACTGCCCAGCGTTCGATAATCTACGCCTCGTGTCGGGAGTTCTCGGACTATTTGGCTAATCGGATATATCCGGTGGGCCCTCAACGAGAGCGAAATTGCTTAAGCATAGAGTGAGAGTGTCTCCGATTACTCATATGGTCCGTGGCTATATTCTCCCTAGGATTCCCTGATCTCAAACGGCGTGCCCCCGTACAACGGAGGCTGAAGAATGTGGATACGCCCAAATGGGGTAGCACTGCCGACGTCTCCCTCGCGACAGAAACACGGCTTGCAGGAGATACTTTACCTAACGCGTTGTTCCACCATTGAGATCCCGTGGCGGTCTATCCATACTCTCCGCAACACCTCCCTAATGCAATGAGCCGAAAGGTGAATTAACCAGTCGCTTTGCCTGTATCACAGAATTGGAACTCCCTAGTGTCGAGCTCTCTCATCGTCCTAATCATGGGACATATCGTTGCAGATCGCGTGATTTCCGGCGGCAGTTCAGGCAGCAGCTAGCTATTCACTTGGGAGTGGCTTCCAAGCGTATTTGGACCATTGTTTTCTGCTCAAGATAGACAGTGTGATTATTAAAAGGATGGGACCAGGCGCTGAGTAGTACGAAGATCTAGATAGCTCGCGTGGGTAGCACCTGGGTACTCCGTCCCATGGTTCGGAACAGAAGAGTCTAAACGATAGCTAGGGCATATGGCACGTTCATTATTATACCGAAGAGCTCCGCTAAGCAGAACGGTCAAGTTGTTCATTCTAAGATCTGGCGGATTGGCAGTGGGTTGGTGGATCCCCTAGGACCTTCCCGGCAGTCCTCCTGCCCGGGGGAGCTTTACAAGAAATTCGTCCCGATTGTTGGATGATGGCGACATTTTCAGTGCTGGGAGCTCGAGGCATACTTGCGAGACGTGGCCATGAGGCCAGCATGGCTAGCCGTTCCCAAGTACATTGATATCATTACACGA,1687,50.92,Drosophila melanogaster
SEQ_232755,CAAATCGTCAAAACGATCTATTGAACCAGAGTTTGCGTCCGTTTGGGCTGGAGTCCATTT,60,45.0,Caenorhabditis elegans
SEQ_980433,GCCCCAAGAGATACGAACTTGCCTATCACACAGCTGACTAGAGCCTAACTAAGGACGATAAAAGGTTGCGCGAGCCAAGCAGGCAAGACGACGACGGAAACACCGCCGTACATTAATATGTTTTCTACACCTTAAGTGGGTTCTAGTTTTAGGTTTGACGCCTCTGGTTTATTTTGTTGAGCAGTGCGGACCGGATAAAAAGTCACCGAATAACATAAAGGGTGGATCTGAGCGACGCTCGGGCATACGTTCAAGCGGACAGCTCCAGAGAGTGCTATATAGTTAACATGCGGCAGTAGTCGTCCGGGTACTAACGACCCAAGCCAATACACCGCGTAGTGGCAGCGGTAGTAAACTAGGTACTTTGCTAGCATACTGGGGTTCCCCATAACTGGACCGCCATCTTCGTATTTGCGGCAGCCATAAGGAATGCAAGTCCGTTTCTCGACGAAGGTAGGCGGATCTGCGTGTTGTCAACTTTATTTGTACTCCCTATGGCATCGGGCAAATTTAGGGCATATGCTGGGGAGGATTAACACTTTCACCTTCCCGCATGTTCGGGACCGGCGCCGCCGACACGTCAGCCTGCTCCGAGAGTTGTATAAATACGAATCGCACTCTCCCTGGCACGGACCTCAGCAGCAATTGAACAACTGTACAGGGGCAGAGAACCAAAAACGACAAATGGGGAAGTGTTCAATTAGATGCCTACCTGTCGCAGCGAATACACTTGCGGACCGCACACACGGGTGGCGCTCGGCCCTCTTTCCGCCACAGATGTGCCTAAAACTTA,793,51.2,Saccharomyces cerevisiae
SEQ_662349,ACCAAGTTTAAGACAGTTATAGTACGATCAACTATACATTGGTCCCCCAAAAACAGCAGAGAGCTATCTGCTGATCCTTTTGCCGTATATTCACTGCAATGGGGTTTCGAGACCGAGCTGCGGGTTGTAGCCGGTCCCGAGAGATCCCAGGTCCTTTGAAAGGATTGTAGGCTAGGCCGGTACGCTAGAGACAAAACGTTGTATTATCTGGGGGAGAGGCGGCTTGGCTCGTAAGTGGTATGAAGGGACGTTCAGCTAGACTACCATAGCTTGTGGTTCATTGGCTCGGTGAAAGCTGACGGTACCGCCGCCAAGTCAAGGACACCTACACTGGGCCCCCACGACGGCCAGTCCCATGATGATTTGGATTAAGTGGTATTCTTCGCGACAGACTCCAGGGATACTACGGTGTCGATTAGCAGAAAGCCCGAGCACCGAGCGACGTTTGGCCGTACTGACGACATCGCCGATTCCAGGAACGTGCGAAATTGTTCAACCATGGTAGCTAGCCGAATTATAAGTCGGGTGCAGAAGAGGGCAGGGCTACCAACTGTAGGTGATTGAATGTGGGCACCAGAAAAATATCGCTTTGATTGGGTCTGTGTGGTGGCTCTGCCCCCAATAGCGGTACCACAGAGCTGTTAGGGAAAAGCGAGACAATTGCGTTCGCGCAATCGCATCGTGCGGCGACGATCGGCTTCGGTACCTCGCGGCAATGCTGACGCAGCACAATACTCTGTATGAGACCCTGGCGATATCTACCCGTCAGCCCAGGAAAACTGCAACAGCCGAAGTAAATCGGCCACCTGAGATACTACAGGGTACTTACAGTTTGTTACAGCTAATGTGCTAAATCGATTAGCATGACGATGAGCGCTCGTGCGTCCCCGAGTAAAGTTCGCTTTATTTAGTCCTCAGCGGGGTAGATATAACAGAATCTGCTCCTTGTCAACATTCGTGCCCAGCAATCTAAAGGTGGGCTAATACCTCTCTCTATGAACTACGGGTTCCCGCCCAAGAGCACATTAAACAACGCCTAATCCCTGGTAGCTTAGCAACATTCTCTGCTATCGGTGCGCTATAGAGTCAGCTAGGCGCGTTTATGAACCCCTGTGACCGGCAGGGCCGAGACATTCATAAAAACAAGGGGAAGACATGTTGTTGCATCTACATTCG,1176,51.19,Arabidopsis thaliana
SEQ_667430,TTGAATGGTAGTGCTTGTCCAACACGCCTTTATCTGGCTACGTTTCTCGGGTACTGCTCGATGCAGACCAGCGGCCCTTACGATTACTAGACAACCCCACGTCCTAACTCGGCACAATTACTGAGGATCCTATCAGAGTATTGGATTCACGGTCGTAGATAAGCATCTGGGCCTGCACAAATGATCATGCGTCGCGTGAGCTCCGCCTCACTGCAGCAGATCTACTAGACTACAATAAGCCGAACAGTCCTCTACGGACGAAAAACATTTGCTAACTTGGGGGACGCTAGACCTCATACTTGTATCGTAAATACTTTCCCCTTGTCTGGAGACATTGACTAAGTCAAGGAAGTTGTCATGGAATTAGAAAGGCCGTCGTCCATCCGCCCAAGAATTGCGACGCTACCGATTGCGTCGCACTATGGACCTGACCTGGAAATATGCTTCGACCAGCCGATATATTCGCAGTTATGGAGAAGGGGGCAACCAGAAGATACCTTCAGGTCAACCCTGCGCCCCAATTCTCTCGGTCGATTTCTGACCCACGCCAATCAGTATGTAGTGAAGCCGACCGTCGAAAGACTAAAGACACGCACTGCGCGAACGTATTTTCAGAACTGAATAGCGAATTCTCCACAGAGCTCGCGTCATAGGAAGCCCCGAGAAGGGATGCCTATGTCGCATATGCTATCCCCTTACCCGGCTCGGGAAACCGTATGTAGTTTAGTTGAAGTACTGCTGATACTGAGTGGATACTGGAAAACTGGTCGTCTACCGGGAAGAAATCACTATGTCGCCCAGAATATTTTTAGCGGGTAAGT,821,49.45,Saccharomyces cerevisiae
SEQ_484887,TAGTAAGAGGTGAAAGGCATCAGCTCCGCGAATATAGTCCAACGCCCGTGGATGGCTCGTACCATACTACTATCTTACTTGGTCCCTTCCGCTTAGCCTTCTATGCGAGCCCGTGTGGCCGTCAATTCCTTACCCACCTAGGTAGACCCGAGATTGAATACAGACGATACTTGCGTCCTGTCAGGTCATTGGTTATTCGTACTGGACAACTATCTCTTTCTTTGGCACCGAAGGCTCTTTTGGCCTCATTGGTGGATTCTTCAAACAAGGCAGAAACAACAGGCGCCGGAGGTAACCACGAACAGGTTGTGTGGGTTAAGTTAACGTCCAACCCATATAATATAGTTTAACCACC,355,48.45,Caenorhabditis elegans
SEQ_949194,TGGACACGTCTTCTACATATGCGTCGGTCTCTTGAGTGTTAGGACTACAACCTATATGCGACATTCGAAGCTAGGGCACCAACAGGAGGGTTTGTAGGAGGCGCTGCGAATGGAAAGTCCTTTTAACACACCTTTTCAGAGCCATGACACGCGCGCTAGTTTTATGAAGCCAGGTTGATGTCACAGAAGTCCCTACTCTGTTACGGTACGGATTCGAAGGCTTTCCTGCGATAAAGGTGAAGCTTGATCTTCCGTGTTACGGAGCGGTATTCTCAAGCTCTATGACCACCTATCGATAAAGTTGCAGTGATAAAAAACGTTTCCGTAGATGCCTTATACCGGGCGAATAGACATGGCCATAAAACCCCTGCCCCGATTTCACGGAATGGACTAAGTGGCAGTTCACACTTACTCATCCTGTCCCCTCCAACCTGGTCCTGACATCCTCTATGAGGTCCACCAGTATCCTTGCCGCGGGGGAACCCAGGATTCAATTTCTGATTGGTAAGAGCACTCGGTCACACGCGATAGTCCTTTAAATTATTGAGCCATCATGTGATTCAACCCGGAGCACTCGCCTGAATAGGGTACGGGTAATAATCGCTCGTCCGATCCCGGCCGGGACCGATGTTACAACAAATGCTGGTAAAGCCTGGTTGCTGGGCGTACCAATGTAGAATGTTGGTACTTAGGGTTTCAAATTATTAAGAATAGCAAAAGGCAACCAAACACAGCCACACCGCACCTGGTGTCTTCCGACCATAAGGAATAGTGGCGTTCATCCAAAGGGTATTTATTGAAACAACCGCCATCTGTAACGGACGGAACTAGGTGTCTGCGCACGACCTTACCAATTGCCTATGATGCTGGGGGTTGGCAATGTCACCCCACTAGCTCAGTATCGTATACTATAGCGAATTGATGAGGACCACATTGAACCGTCTCTCTTAGGCGGAGAGCCGAGTCGATATAATGCGGTTTACTAGCCAAGCACGTCGTTCTACATAGGTATACGGTGCAAAGTTGGATTAATAAAATGATGCAAGCCGAACTCATGTGACCAGGACTCCCGTCACTCTAGATCAATAGGAGGGGGACAATGTTGTCCCGTAGTGCGATTCTAAAAAAGGGCGAAAATATAAACCACAAAGAGCGCGAATATGTACCGCGGGGCATGGCCTGAGCAGATCTCACTACGGAATGACGCGACTACCTGGCAGAAGGTCAGTCTGTGGCGAAATCCGCGCCGGGTCTCTCGCGGCAACATGGAGCTAACCCCGAGATCCTTCGTGGACAACGATAGTCCATGTACATATGGAGTTCGCTCCCTCAAGCGTTCAGGCGAACCCTTTTCAATATGCGACTCGAATTGAAGGCTTGGCAACTGTGCCGAAGGCGAACTCCGCTCGTGGTCACGTGGTAACGCGGGGCCCTGCACCCATTTGCTCTTATGCCATACAGCAGTAACCGGAGGGCCATCCCGGAATACAGCGACCACCAGGGTGCCCCTTAAATATGGCAACGGCATATGCTTCACCGGTCCGCCTCGAAAATATTAGATCAGTTGCCTTACCAACACCCCTCTCATGAATTCAGGCCAGTAGCCCGGAACTTGTAGCCCCGCGACGGGCCCTAGTTGGAAAACAGTTGTGGAGGTCTTCATCTACCTTTGGCACAAAAACGTC,1685,50.39,Homo sapiens
SEQ_699833,ATAACCTAACGACCACCTCCGTAAGAAACCAAATCCCCTTGTCGTCAGGGAAGGAGCGGCGGGGCCTCCCGGGCATATTTATAACCACAGGACCTTGCTCCTTTACTGACACACACGCAGTATGGTTACAGCGACGTGGAGTCGTCGAGGATCTACGTAAAATTAGTATGGGTAGTGCTCGCAACGTTTTCAGGGAGGCTCTCTGTTGAATCGAGCTCCTGAATAACAGGCAGATACCAGAAACGCGGGGATAGTCTCGAGCAGCGCCGCGCGTAAATACATCAGATTAGTAGGACCGGAGGAACCACTTTTCACAGCCACATTGGTACGGCAAGCTATGCCAATTCTGTCTACACCTGCGCGTTCAGCACTTTGAACGGTCACTCAGCGGTTATTCCCTCGCACTTTCCCAAGTAAGCTAGGGGTTCTATTACCAAGTTAGTACCTAGGGTATCCGTGTAACGAGTTAAGGAAATTAGTGAACCTTGGAATTCACTTCGGGGATCTCATAGACGGCTGCCACTTTATGGCTTCGGGGAGCAGAGTTGAATCTTTATGTAACATATCCGGTCTGCCAACTTATAAGGTAGCTGCCGACGCGGCTGGCCTGGGGAGACAGGTAAAAGCGAGTTCCACTTACTCTCGGCGAGAGGCAAGCGATCAGCGGCTAAAACAATTTTAACAATTGCTTATCATTACGTGGATACCCTCGCCTGTGCGCCGGATTAACTTAATATCGTGTCACTCATCCGCTG,755,50.07,Homo sapiens
SEQ_533222,TAGTATTAAATATCTAGAATCCAGATTTTGCACCTTCGACTGGCGATGTTCTACAGGTAGCCGTGAACCCTTGCACAGACAAACCACTCCAAAATATCGCCATTCCCGGTAAAGCGGTTAGATTGTCAGTTGGCTTGTACAGGTCGCACCACCTCCCGAGTGGTTATATGTAGGTAAGAGGCCTTGGGTGTCGTTCAAAACGGTAAGCCGTTAACCAGTTCTCGGTCTCCCCTGAATCGTAGGGAGTCTGCGGGAGAGGCTCGTAGAGGGAGTAGCGTGGTGTCCTAGTGCTAGGAATCCCGAACTTGATTTCCTTTTTGTCTTACTCTCCCAGCTTTCGTCTTTTACCCGATATTCGTCTTACCACCCCCCAGTAACAGTCAAAGCCCTTACAACTCAACTCATCCGTCAGGTTCTGTATTCTCTTGAGGCCAGCATTAAATCAATCCCAACTGGGGGAAGAGTGCCATAACGCCAGGATCCAATGAAGGAAAGCGTAAGGAGTATCCTAGTTGGGGGATGATCGATCACGCGAAACAGGCCCTAGCTCGGATACATTTGACGCAGAAAGCCCTCCCCTAACCTCGACCCAGATCACCCAGGCACGGAAACCCCTCGAGTAGGAACATTACCACTTGTTGGGCTACTATTACCGACCGCTTACTTCGGGCTAGTTCGTGGATCGTTAAGGTGGAAGGTGCAGATGTGACATTCGGATAAGAACTTAGTCACGACAAATTTTCGTTCTTTTGCAGCACATGGTCTATAATGGCTGAATAGACAGATGGTTCAAGTGCAGTGGAGCTATGTCGCAACCTGCCGCCCGACCTATAACTCAGGCTCGCCGTAAGACGTACATAAAGGCAGCGAATTCTTTAAGGATATTCTTGTCGCTTGCGATAAAAAACAACTGACCCTTCCAACGATTCAAATCAGGGACACTCTATCCGATATAAGCTGCTAGAGTGCGAGCCAGGTCCCAGGCAATTTTTCTACGCGCAGGCTGCCGTTCCCATCCCTAAAAGAAGCGACTGATGGTGCTGATTAATCTATAGTTTTGACTCTCCTCATCGGTACATTCCGCTTCCAACGAGTCGGTACTTACGTCTGGTTACCCCATGTTGGCAAACGCCATATGCATTGAGGTGATAATGGCGTGGTCAAAATCGTGAGCGGTGGCTGGAAACTATGAAAGTGAGCGCTCCTCCACAGTCGCATTGCACTATCAGCAGCGGTGCCTATCTGTTGGAACGGGCGTCAACATTTGTAATGACGTCGTTCAATTCGCTAAGATTCTCATCCATCAACTAGAAGCGCCGCGGCATGAGGGATCATAACAAGGCAGAAAAGCGTGATATTAAAATCCGACGATTGGCGATATGTCCTAACATGCTTACAAGTGTTGGGAGTACTCGGTAAGGCATCGCATTCGCACCACAGGTCGCAGGTACTGGAGGTTAGGGTTCGTAAGTTATATGCGGGTCGCTGTCCTTGGGCCCTGGCCCCTCAGCGTTTCTCA,1519,49.31,Caenorhabditis elegans
SEQ_317081,GGCAGAATAGCAGGCTATGTCGCCGTGGCAGACAACATGTCGTTCAGGGCGTTATCAATTTTAACGGTTAGAAAGTACAAGGTGGAGAGACTTCCCCTAGACGTTCCCCAAGAACAAGGTGATTGAAAGACTATGTCTGCGGAGACCTGTCTATGTGTGTGTTCCACTAGGGCGTATATAATCTTACTTCGCCAGTGTTAGGGACTCCAGCCGCCAGCCTGGATAGGACATCTCCGTCCCAGAGAGGACGCCTGATACTTCCGATTTAGAGGAATCGAGAGAAGCTCAAGTGCCCTCATCGCCGGTGTGCAACCGATCACGGTTCTCAGCGACCTGTACGGCAACCTTGCCGCCGTAAGAGCTACTGGGACCCATTAATGTGAGCGACCGAATTCGCCCGCAAGCGTCAAAGAGTATTATTAAGACATCGCGTAAAGAATTGGCGTTAGTAAGCGTATCCTGCCGTTTAGTCTACTTTCCGTAAGATGAATGGGGTTAGACTGATTGTCCACCCAAAAATGGGTAATAGAGGGTATCCAGACCGCTGCCGCCCAGGCAAAAAGAGATTAATCGGCGGGCGCTATCAACCCCTGACAGCGCGGGTGCTGAGCAACTGAGAAGGGGTGCCCAGTTACCCAGGAAATACAAATACGGATTTCTTACCCCCCTCCTCGGTGATCCCGTGACGCCTACAGGCAATTGTTACGGACTGGTTGTAGGTCACGAGCGATCCGCCCCGGACCGCGACAGCAGAGCCAGTATGGGCACTGACACAACGCCAACCTTGGAAACCCGACGTTCTCTTGTAAAATCATGGGATTGATTAAGAAGTGCGTGAAGGGCTCTGGGACTTGACTCCAGATCCTTGAGAGGCAGACGCAGCACCAGTGTATGCCTGCAAGGTACGCGGAACAATGGAGTCGGGATGTAAGGGTCAAAGGCTTTAAGGGAGAGATGTTTCGTGACTGTACTTAGTAGAAAAACACGGGGGCCGGCAATACTGTGGCTCCGATACCATCGTCAAAGAATAAAATCGATACGACCGACTTGGTCTTCTGATCTACTTTGGTGGTGTTGTCGGAGGCCCATCCTCTATGCTCGAAAACTGATAAAAAAAGAGCCTTGAGTAACCTAGGTTCTACCATATAACGTGTTCCCTTCCTTGGGAACATAACGGAACCTCACGGAAGTAGGCGACCCACTAAAGTGTTCTATATTTGCAACCAGAAATTAACTCCTTTGTAGACAGTCACGCGGGCAATCGATTATAAGATGTGCTGTTCTTCCGGTGCCCGACTGATTGAGTCTGCTCTTTTACGCCAGATGGTGCTCTCTGACACGAGTCAGACCCACGTTCGGGCAGACGAAGACTGTTTGAGTTAGAATGCTAGCGCCTAAACGGCTGCTAACCGAACCATGTAGTGCGGTCGGCTCGGTGACTCGCTACACTAGTCCAAGAGCCTTTTTGCGCCATTAACTGATAGCAATCGTCATGGGAGGAACAGGGAAGGCATTCCTAAGAGGTGTCAATCTATCCCCCACTACACAGTGGGTGTACGAGGACCTAGTTTACAGCTGTGTGAAACACTTGAACTAAAAGCTCTGGCATGGAATCCATCGACACAAGTCGTCTATCTTCAGTTTACAGATGCAATACACACGGAGTTCATTAGGCTTACTAGTAGTTTCTGGCTAATATACCTATCCATGAAGGGTCTTGCTAGACGACATCCTGACGCACCGAAATGGATCCGCAAGCGTATAGCATGCTGGGAATGCGCCCCCGTGACACCGACGTTC,1800,50.39,Drosophila melanogaster
SEQ_136980,AAGGAAGAAAAATGTGTGCCAGACTATTCTCTCCAACTGGGGGAGACAACGTTAGCGTAGAAAACTGGAAAACTCCCCTGACGGTTTCAGGGCCCTTGCCGAACCCTTGACTGATTTGATTTGCCGTAAACGTATGTGTCAATTACCGGCCACGAAGGCTCGGCGCTAACCGAACTCCTAAACTCTATATTAGACATTAAACAGCGTTTTCTAGACCGCACAGTGGCCCGCCGGTCCACTCTATTAAGATTAATCGCATGGTAGCCCGTAGAGTTGCTGAAGTGCAAAATCACAGGCTGCCGGTCAGCTCGATAGTAATGCATGTGATGTGCACTGAACCTCCCGTAAGTGCACTAGCCACTTTCTTAGATACTTCCCGTCAGCATTCTCCTAGGATCGTGTAATGAATGATGTACTCGCCAGGGGGTCTACTAACAACGGTGCCCACTTTTAACTGGCTTGTTAGTATGGGAACATACTGAAAATGGTACGTTCAGAGAGATACCTGATGTTGCAGGGTAGGGTCGGGAAACGACATACCGTGATTGGATTGGCCAAA,559,48.12,Saccharomyces cerevisiae
SEQ_165096,CACATGTTAAGGGGTTTAGGCGGCCGTGTTGAAAATGAAAGAAGAGTTATCAAGAGTTAGCGAGCTTTTTCATGAATCCGCGACAAATCCTTGGTATCAACGGACGGTTATTCAAGTTACTTTATAGCGTTTACCTAGACAGTGTTCTTTGCAACTAACGGCTCGACACCACCTGGGTTGACCTGGCTTCTGGGACCGTGTCCGGATCGAAGTTATTGACGACGCGTCTCTGCTCACATCTAAACCTAGGCACTGCAGTTCGGCAAGAGGGAGGGATGCACTAGGTTGACCACCCATTTGTGTACGGACCTTATACTGTTCTTGCCCCCGCTTGTGCGTCTGAGTTCAGCCGCAGCAACGTACTTCCTAGCGGCGTGCATTATTCTGTTATTCTTGAATAAGCAATGGTGGCGGGTGGATGGAGGTATGTAAGATATGAACGAACGCGAGTCGAAGTTTGAGAATGCTTGTAGTACTGGATTTTTGTGAGTTCAGAATTAATATCAATCCAGAATTGCAGGTAGACTGCGCAATCGTTGAGATCACCCATCCCGTTGGAAGCACCGCGAGAGCACATAGAACAGACTGATTATGGAACTATGGGACAGTGAGCTTGTACAAGCACACAGTCAGTTGATGAGCGAGTTGGGCCGAGTTTGAGAGTCCCGTCCCAATTTATTGCTAGAAGGCCATTCCTCTGATTGGGCAGAGCTGTGGCGACTGCAACCGTGATGCCGTTGGGACAGTGGTCCAATATACGTAGCGCCTCGACATTAGAGTCTTGGATTACACTCGGGCCGATGCCCAGTCATTATTTCAGATCGATAAACTCGGCAGGGAGACACCCTATTTTGCCCAATCCTAATGTGACTACTGTCAACGACCCCGTACGACATTTAGGCACGGAGGTTAAGAGCCGCGGCACTGCGCTCACTGGGACTACGGGCAACATGAATTAACGGGCTCTCGCTACTCGTAGACCGCTCAATCCCTGTGAGACTAGGGACGACTGGCGCACGAACATACCCAAGCCTGTAACTGGGCTAGCACAGATTCGGCGGTCTTAAAGCGTTCGTAAAACTGGGGTTCAAACCTTCACGACTGATTATCTGGGCGAACGACAATCGTGGTCCTTCTGCATCCGGCTCTCATGTCTAGTAAATCACAGGACGTCGATTAATGATGATGAATAGTGGGTCCAACTCTCCGGCACGGCTTTACATTCCTACGCGTCTAAGGGAGGAATGTCCTGGCGCCATATAGAGCGGAGTTTATATGACATCTACGTGTTTTTGACGACCCCGGGCGACGCGGACTATAGTGCTGAGAACACGATCTTAATACTACGCGACCGTCCTTGCTAACCATTTTTTGGAAGAAGTGGGGGTTCATCCTTTCAGAGGGTGACCACATAGGTAGAACCCATAAATCAAGGTTTAATCCGAACCGCCTGTTACACTAATCAGGGCTATCTGTTAGTGTCTGGTCCAAAAACGACTACGAGCAGGAATCGGGCCTTGGATCTTTGCCTCAGCAGTAAATCAATCAACATGGAAAGCCTTGTCAACGGCAGCAACCGATACCCCAGAGGAACGATGGTAATTATGTAATAGCCAAAGGGCCATTACACAGTAATGTTTGGACTGACTGGCCTACGCCACCCGGTTAGAACGATGCCTTATAGGTTCTTCTAGCGGCTACAAAACTTCCGGTTTACCCGCCCAAGC,1727,49.39,Drosophila melanogaster
SEQ_534499,AGCAATTGGCATGGCGGCTCTAGAAGGACTGTCCTCAATTCTCAGAGCACGAGGTTATCCACGCGGGCTGCGACTAATAGATTTATTACAGGCTCGTATCCCTACAAGGTGCCGCACCCTTTTGCATACAGCCGACGCGAGGGCGACTTACATGGCGCTGCAAATACTACCTAACATTCTGTGTGCTAACGTATCGACTTATCATGTTTTTGGGGGAACCTACATCGAAGTTGGAGCATACGAAACGTCACGAGTGGAAAGGTACCCGCCGACCGGGATACATTTGCGAAGTATGCCGGTATGAACGACTCATGGAATTTATTCCGGGGCCAAACGTCATGAGGGGTCGCGCGCACCGAGCCTTCCGGCGTCGAGAAGTACTTAGTTTTGCATAGGCACTGGCTTAAAGAAGTGATGGTAGATCATGTTAACAGGCCGGCCTATACATAACTTGAATGTCTACGGTTCGGCCACTTCATGGTATGTCATGTCGGGTTATCGAGATACCTATTTTGTGTTCTTGGGACAGGGTTGCATAGTGAATAGGGTCTGGATATCTTTACGCAGACAAAACACAACTTATACCACTTGCCTCCGGCCGCTAGGCCATTGCCGGAGCACGTCGGTTACGAGTCCTAAGACCCTTTTCAATGAACCCGCTTGCGATTAAAGCGATCGAGCTACGGCAGTTAGGGCAGGTTGATGACAACTCGCGCCAACACGA,724,50.41,Saccharomyces cerevisiae
SEQ_477567,ATTTTTTCGTAACGTTGCTAGCTTATGTGTCCACGTGCAGTCCATAGAGCCGGATTGTGGAGATCATTGCTCCCTTTTCACCTTGCGACATCTCGACAAGAGTCCAGTACTTAAAAAGAGAGTATATGGGTACAGAACTTTTTAGAACGTCATGCTCCTTCCCATAGCACCACGGAATTTTTCCAGGTTGTACCATGAAATGTACTATTCTGGCGCAACTCTGTATGCGCGTATGATACCATAATCGGAGACCGGTCTTATGAGGCCATTCAATTAAAAGCGTGTATTTATTGGTCACACTTAAACCAACCTTCGAAATAGGTAAGAATTGGTGGCTGACATTACTCATCGCCTCATTTAGCTTAAGGGGATGCCCAGTCTTAAATTCACAACACTAAACCCAAACCTGACCTCGACTTATTTATAAAAGGAGAGTTACGAATGGAACATGTTAGCAAGGCCCCAAGGCTGCTATCTAGGACCGGGAATAGATTCAGATGATAGACTCTACGTCTACGTTGCACCAAGAAATCTAGGAACCTGCTTTCACTGGACACTTGCATTATGTGTAATCTTTGTGGAAGTGCAGACCGGCGCGCTTCCATGCCTTGCGGGTGAGAGCTGCCCTGTCAGGATGTCGCCTGCGGAGATAGCTGTATATTAGCCTTTACATTCGCTCATTAGACTGAGTTATAGAAAGAGCATTCCCTCCCCTTCCGGTCCGCCGCTACGGACGGAAAGTAGTCTGCTCACATAGAGTATACCCATTAAGTCATCTCAGCATCGCTTGACCGAAGTTGGGTGGCAGGGCTACCTGGGTTCGCTTACGCTGCTCGTACGTTAGATTTCTGACCGTCCGCCTGCAACTATGACATCTGGCTCACCCAGGGAGCTCCATAGGATGAAGGTGCGGATGGTTTGGCTTCGATGGGCGTGTCGTTATAACAAAAACCTCAATATGGCACCCTGATCGGACGGCGTGGTACTGGGCTAAGTTTATTCTTGAGCAGAGATGGTGAGTCTCTCCACTCTATAACCGGGCTCGTTTTGCGCACAAATTTGATTCGCATCCTTGTAGAGGTAAACTCGGTACACCTATAAAGGTCGCCCCCTCAGAGACACTATTAGACGAGGTTGAACAGTATTTATTAGAATGGAACGGCAGTGATAGACTAAGTGTATGATAGCTAGTAACGCACGTGAGTCTGCGTAGAGCACTGAGGACTTTATTCTTATTGAAGAAGACGAGGCTAGCACCGTTTGGTAGTCATTGCGCTGTAATACCGTTGCCCCAACTTCCTCCCGCCCGATTCTTTACTAGAAACTAATCCTTCCAACATTTCAATTGGTCGGGGGAAGGGTAGCTGATAACCTTCAGAACTTGGTGGATTGCACGGTATCTCTCATGCCTGACATCGAACACGCAATTTTGTGGATTGAGGGTGCCTTCGTATAATCCGTTCATGGTCGTACAATGTATCGCGTATTAGTGCGCTTTCGTCATGGCGTTTGCTTATTGGATGCATG,1527,46.82,Mus musculus
SEQ_240021,TCCACCAGCAAGTTTCAAAGACCCAAGTCTGAGTCTGGGAGGCACCTTAGTACACGAAAAGATTGGGTCTAATGGGGCAGACCCCCCGTCCGCCTGGGCAGGAGCCCTGACCGTTGTCTATCGTCATACGCACATCAACTGAAAAAGTGAATGAGGGCCCGCTACAGATATTCCCGTCTAATCGGGACAGTTAGTCAACAGCGAAAGCCAGCATAGACGTACCCGACGTACTGGTCAGTATCACCAATACAGGACGGAGAGCCCGAGGAACGCCCGATACATACAAAGGTGCTGTCGCACACCACTCCCCGCTTGCGAGGGACGAAAGAGGAGTGAGACTCTTCGCGCTAAGTCCCATGGCCGCATGCGGACCCGTAATTAGAAAGTGTAAACCCCCTACTTGCGGGGATCATGCCTACAAACGCGCGAGGCCCGGAGAATTCCTGAGTCAAGGCTGGCAGTCGATGTCGGTAGTTCCCATATCTGTGACGACCAATGAGAGCAGGAGTATCTAAGTTACTGAGATTAGTGCGCAATATAAAGTTTACCGATTAAGTCTGAGGGTATACTTTCGTGTAGGTGAACGACTCAGCCGACTTAGGTCGGGCCAGGGCACGGCTTAGAATAACTCGGATGGTACACAACCAGTCCAAATTGGGTGATTCAGCACCACTCGCGTGCATTGTATATAG,692,52.46,Drosophila melanogaster
SEQ_904115,CTCTATGGAGAGTTCAAGTCGGCCCGGAACGACGAGGTCTGTACCTCATTATGGGGTGCAAACAATTCAAGGACGTGAGCGTTGAGCACAGGGACTGGTTGACGGTTTGCAAACCGATTGCCTGCCTTAAGCGATACGAATTCCGCCGTAGCCGCGGCCTAGGCAATTCTATCAGTACGGTATTTCCTCATTGCGTCGCACTCGATAGGCACACCCTCGTCTTACCTGGGCCTCAGCCGTTGGCTTATGGCATACGCAGTTTCGTCTAGCTCCGGACAGCGTGTGGGGAACATAAGCATCAAACCCCCTTCTTCGTCCATGGATAGGTGGGTGCATAGCTAACGTGGGGTAGTGGATTAGTCTACCGATCCAAGAGATCGGTTATTTCATAGGCCCTCGGCTAACTTGAAATAGAGGGTTCTCTATTAAATATTAGCCACAGTAGTATGGCTGAGCCAGACCTCAAATGACTCATTCGCAGAGCTCTGCGAGGATGCTCCAATTTGATCGTAGATGGAGAAGCCCCTCAGTCTGCACTGTTGACAACGTAATGCTGGTGGTCTAGTGAAGCGCGCGATAGTGACCGAGCAC,591,51.78,Saccharomyces cerevisiae
SEQ_929548,TGGTCTCACTAATCTTCACGGCTTGAATCTATCTAGTCTCCGTTACCGCTAGGACACCTAGGACGATTCCATCAATCAGGGGAAACCCTATCGAAGTTCCGTCTCCTCGCGCGGTACTGATGCGACTATCTCACTCCCGGACGCTCTTACGTGAGCGCGGTCTAGTCCGCGGTGTACGCTCTACCCGTCTTGGTTAGCGAGCTGTCCATTAGGTGTTTAGGCCAACAGTTTTATCGTTACGGTCCGATATACGTCCCTCTTTGCATAGAAGACAAAGTAGTGTTAAGAGTATCAGAATTGATGGGCAACTCCTCCATCCCAGAGCGGTGAGCAGGATCCGGATAATTTTTTTGAGACGTTTCGCTGACTGAGATTCGCAGCTCGTTATTCCTGGGGTCCTTAAGTTGATGATTTTTAGGCAGTTTCGCCGGCACATCGTAGTACGCATTGCATAGAAAGGCCGTCGACGTCTCGATTCCTGCTATTTCACGCTCTGTGGTACTCCCGAAATCTTATAACCTTCCAGAGTTGGTTAGTGAGGGTCTACATTCCGCCTGTTGAAGACGTAGCAGGGGAGACGGTACAGCACGCACATATACTCAAAGCCAGTTGCGGCCCTTTGACTATTCCTCGACTAGATTCACAGCTTATCCCTAACGGAACGGCTTTAGCCTTAAACGTTAAGTATTTGAGGGTCAAGGAACGAGTAGGTGCCGCCATTAGTACTCATAACTAGACAGTAGCGCAAAGCGCCTTTCTGCTTTGGTATGTTCGCCGTCTCATGGCAAGAGGGCGGCCTAATGTAGAATTCTATCACCACATCCGGACCCGAGGCATAACCGTGGAGCCGGACATTTACGGGGTTTTCCCCAGAAAGTGAGCACCGGGCTGAATCCTTTAACCACTGTTTGATAGGGACAACACTATAACCATAAACTCTACGAGGTGCGAAAAGCGTATCCGCAGACAATTTCTTAGTTCAGGCATTACCCGCCGCATAGTCGGGGAGCTTCGCCGTGTTACAACCAGCACACAGACATGATAGAAGAGGTTCAGGCATCCCATGGATGGTTGGTATGGTGTTGGTTAGTGGAGAACGGGATCCTGCTATCGAGCGCCCATCTACGTTCTGTAGTCCTCTGTATGTTGAAAGCTTACGAACATTGGATCATACAGATTCACAGCCATCGTCG,1193,49.62,Arabidopsis thaliana
SEQ_365264,TTCATGTCTCCTTGCGCCGTGAACAGGCGGAACGGCTCTCCTGACGAAACATTCCACTAAGTCGAGTGGTCGGGGCAGACAGAGAGCACGTCCAGGTCATTCCTGTAACCTCCAAGAAAGAGCAACCCATACCTCCGGGTATCCGACCCTCGTAGGCGACCGGACAAGTCCTCTCCGTATAGGTTGACCTTGGACCAGCCGTACGGTCGGTACCACCAGATCGTCCGTGGCTAGAATAGTCCTCCGCGTTCATACAATCATAGACATTAAGGTACGACTCACA,283,54.77,Mus musculus
SEQ_237343,AGTTTAAGGGTCTGTAGTGAAACTCGAGTTTTGCGTAAGCTGAGGCCCCTTTCTTAGTCTACCGCCGGGGCTGATCTCTTTTGGGTACCGCGAGGTCCTACCCCGACCGATTTACCCTTCTCCAAGCAAACCATACATTCCTATTTAGAACACGCATGGCGAGTTAGACGTAGGGCTCATTCTATATTCCGGCCACTGTTTGGGCCTATTCTCAGAGATCTTGCCGCCATGGCGATTTGTATCTTTCGACTATCGTGTCGTCTACATTCTAAGGTCATGTTCAATAGCTCGTCACGCCGAGGCAACGCAGGATCTCTAGGTTGGGCGATAGGAATATGATAAACATTGAGTGGGCGTAGTTCCAACAAGGCCATGGGTACTTGGTACTTTTCAAAAAGGGAATGAGTTCATAGTCCCCGGGGACGTTTTGTGGCCGTGTATCGAGAATACCCCGAACCTACGTACCCGATTCTGTGAACAACTGGGAGGTATTACGACCACCCAGAGCGTATATCCGCAGGGCATCACCCACCCCGAGGCGCGATGATATTTCAGATCGATGAGCGCTAGGTTCTGATCTGTGGTCTGCGTAGCACTCTGTACGCATACTCCAATATGCGGACCTGTACGAATTCCAGCCAAGGAGAGTGGGTAAATATAAGAATGACTTCCGTCTCATCGCGTGGGAGATAGTTGGCTCAACTCCCTAGGATCATCCCGCGGCCAGTCACGCTATCCCGACTACATGTCATAATAGGTGGTTACCTACTGAGGAAGCCGATCCTGCCCCGAGTACGTGAAAGACGTGCGCGCGCGTGCACAGTGGAAAGCACCCTAATTTCTTCCCGACTCTTTGCCCTTAACTTTTCCATGTAGCTTATAGCTAAGAATTACGATCCCGTGGACAAACTCTTCGACCGACAGTACCACGAGGCCACCGCGATGTCGGAAGCCTTGCTGAATCCGTCCTTGGAAGTCGCGTTAATGACCCTCCCAGTGAATGCAAAGTTCTCACTACAGCGGCAAGAACACACGCTTTAGCTAAGGTCGGTGATCACAGTCCTTGTACCAGCAACGAGCACGTAATGATACAACGCTTGGGCTCCGTAAATGTATGCATATCAGCCATCCTTCAAGTTAGTGCTGAGCGTTGTTTTCTGTTTAGGCGACTTTCCGCGTTATGTGGAAGTCTGCTGCGAGAGGGATCTAACCACATCTAAGGCTTCCCTGACTCGCGTCTTTCAATCAGACTGGGTACTATCAGGAATCAGTGTTTCATACAGTTCCTGGTATCGAGTTGCATGGTAACAGGAGCTATCGTCGAACGGATCGCTACATTTAGACGAACAGGCATTGCTGTCGGAT,1365,50.18,Homo sapiens
SEQ_845447,AAGCCATCATAAAACCGTCGCCATCGCATAACCCTACCTTTGGGACCAATTATTATCGCACGCTGTGTGGGTGGCACCACAGAGTATCGAACATACACGAGCTCTATTATGTTGCATATTGGCGGCCGCGGTGAGTTGACTACCATGATCAACTACATTTATCTACCGCGCAGTGTAAGTCTAAAGGCGAAGGGAGCAGTTAAGCCTAGTTCCTTTCAACAATGCCAGAGGTTGGCGACGAGTCCGAGAACTGTGATTCGGCAGGCCGGTTCGGTGGGAGTACTTGGCGTACCAACCTCAGGCATTGTAAAGTACGAAGCCAACCTAGAGGAATAGCGGATTACCCGTTTCTATTTGTGCTCCCCCACGTCATCAGCGTCATGATCCGCTTCCCCTCCCTACTTAACAACACCACACAATCGAGAACCGATAACCTTACGCTATCTAATTGATGCAGGGCCGAACACGATTCGTAAATATTGATCCTCACATAGCCCTACATGTCGAAACGAGTTGTGGTTTATATCCTGTGCCCAGGTGTTACAGTAAGGCGCCTTTCCATCTGGCGCCCGAAACCTTACGGTAAGCTTTTGCGTGATATGTCAATCTCTCCGCCTAGATCGAGTGAGAAACGCGTTAGTTGTTTGTAGATTAACATGTCTACGCACAGGTTTCGGTCGCACTGTAATATAAGAGGGTCTATTAGTCACAGTCTTGGAGGGTGCGATCGATCTGATAAGACACTCGTTAAAGTTGAGACCGTGCCCAGGGGCCAAGATTACCAAACCCTCGAGGTCATTCCTAGCTGAGGATGTGCCGCTGACCGCCGAGTGGTACGTTGACGCCTTAAACTAAAGGCTACTCTTTCTCGTGTGTGGAGAACTCCCGGGGCTTGCTATGCGCATCTTCTGCAGCTGGGCCCAGATTCAAGGTCCTATAATTGTTCAGTCAGTGCAATGATGTGAGAGTAGGACTGCCTCTTGAGGTAGCTTCTCGAGCAAGCCTATACGCGTAGGCCTGATCTTTCCCTAAATCGTACGACACTTTTCGTTATGGGCTGGTACCCACGCCTTTCACTGGTTGGGTATCTCGAAAAGAACTATCGGATACTAATCAGCTAACTCCTGAGCTCTAGGTGATTGGATCTTTCATGGGAGATGCACCCGTGTACTCATCTTAAAGAGATAGAGCAAGGATCAGCCGGTGCATCGGAGTCCCGGATATGTGGACACACCCGCCACCGGCGAAACACTAGCATCATTTGTGTTGCGAATGCGATCAAGACTTTGCCCATACATACGGGGTTTGATGGAGCCGTGCGTGAACAGAGCGATTGTCGCGACCGGACGGGTTTTGGAAGACATGGGCCCAGGTGGAAAAACGCCAGAACAGTCCGAGTTGTACGTCGTCAGTTCGCTTAATACCGGCTTTGACATTCGTAGTTGATGAGGCTGCGACGAGTAAAAAGCCAACTCCCCTTTACCTAGACCATATGCTCGAACAACAGTATCCAATACCGATAGCTGTAGTGTCT,1534,49.74,Saccharomyces cerevisiae
SEQ_865242,AAAGTCGGTGATTCTAGCAACTTCGAGCATCGCTGCCGTGCCTTTTGCAATCGACATCTATCTAAGCTCTCCTTTAATACCGGAATCTGCGAGGCGAGCCGGATTGTACACCCTGGCTGCCATCACCCTAATGTAAGAGTAAACAGCGGGATCTACCAAGACTGTCCACAAGTCAACAAACTAAGGAATGCATAAAGGGGAAACCTCCGGTAGCAACGTCGT,222,49.1,Saccharomyces cerevisiae
SEQ_264073,CCATCACGATATGCACCGGAGGTTGTGGAGTGGTGAGACTGGTTAAGGAGCAATGGATCTGATTCTCCCGCATCCTATGGTTGAGATGTACATCCTAGTCCGTTCTGTTCTCTTAACGCTGCCCGGCTTTAACAGCTATAGGACCCTCACGCATCTGTCGGTTAGGTGTTTGTGAGCTCGAACCGGGGGGATTCGGATAAGTCGAGCCGCCTGCATCTGGTAATGGCAGTCGTAGTGCCCTACTGGTAGAGATATGCGTGACCACAGCAAAGACCCGGCTTCACACGCTCAACCGCGGAGTGTTTGGCTGTGCTAGATGGCGAACTCGAACTGTAGATTGCTTGCTGTCGTTTACGGTCTTTCCACGGGGAAGCACGGCTCACTTGATCGGCCCAGGTCTTTAGTATCCACATGTACGGCAAACACGGATGGTAGAATTATTAGAATTTATCGAGTTCGTGTGATAAGAGCATGGAGCTAGCCAATTGCTGGATCGAACGCTCACAGTTGAGAGAGTTTGTGGTGTGGGTACAAGAGGCGTCAGGAATATTTTTACAGGACAGATGGCGAAAGCGGGGCGCAATTGGTGGTCCTCATCGCGTACCTCAGTGCTTTCGGCTCGGCTCATATACTTCAGAAACAAGTGAACATTAGACCCCTTTGCGACATATAATCCTACCCTAGCTTGCGCGTTGCCTGGTCCAGCAATAGTATACATAACAGGCCGTTCACGACACGTTACATTCAAATACAATGCTTTTTCCGGGGGAGGAACTGTGTGAGCGCCGATCGTTCCCGGTGTGTACCATCCTCCAGGTTGCATCCTCAGTGCCCTAACTGAACCGTCAGATCTAAATCCCAACAAAATTCTGGGATTAGGTTTGGCGTGGGGGTCTTCTGGCTCAGGTTGCAAGGGCCTCAAATCATGAGGGAAGGAACAACCTCGCCTACCACAGCACGTAGCATAGAGCCTCATCAATAATAGGGCCCTCGACAGCCCACATGGTCCGGTCCCTAGTCATGCAACCATACGAATACGCCAGTGTACGGCAATACTATACGAAAACACGCGTGGCGGCTATGGTAATGCGTGAAGTCGGGCCCGAAGAGGTAAAATTGGCCCAGTCTGAATTGGGCGGCCGGCCACAGTACGGGACCTGTTCATGCCAACCGAATCAGACGGCTCGAGAGATTATAAGAGTGTAGGATAGGTTTCGCAATTAGGTAATAGATACTGTAATCAATTGACCCGCTCGGCTTTGCCGTGCTTCCTGTAGACATTGTCCTGAGCAGATGGATGTCGTGTACAGAGGCGGTCCTTAGATGCTGATGCACAATACACTGCTCGGTTCGAACGCATCGCTTACCAATGACCTGTGAGTAGCCGGCCCGCAAAATATAACGAGCAGCTAGGAATGTTTGAACACGCGGCATTAAGATAAATTCACATCGTTCTCACCCACCAAACAGTCCTGAACGCGATCTAGGGTGACCGCGAATGTAGGTTGCTCGACATCAAGGAGTAATTTAATCACTGGTAGCATCTGTACTCATTGGTTATCGCATTAGAGGCAATAACACAATACTCTGGGATTACTTCATCGCGGGATACGTGCAAAGGTACCGCAGGGTTCGGGAAGTCAGAATTA,1649,50.45,Arabidopsis thaliana
SEQ_106970,TGTATCTGGTACTTTCGCGACTGCGATGACTGAACACCCGGGCCCAAGTTCCCCAGCCGGACAGATCAATACGAACAGCCTCTGCTCTCACATTGCATCTGCTACACTTACTCAACCGGGCTGTGATCGCAAGATTGGTCCCCGTACTTCGGCGTAGGCCGATAAACTGTTCGGCAGAGCCCAAGCTTTGTGGCTATTTGGATTAGGCCGATCCTAGCGGACAGACTCATCACACGCTACGGCCAAAAGTGTACGTGGGTTGCTCCTTAGCGCATATGTTCCCCGCATCGCAATGTTCTTAG,302,53.64,Drosophila melanogaster
SEQ_314755,GTGTAATACCTCCCATGGGATCCAAAGGTTTGCGTAAATGGCATCACCTCAAGAGGCTATGGTTGTCTGCTTAAAAAAACGGTCGAGGTGCGGGCCGTGGAGCATACATGCAATGTATACAAACTGTACATGGGCCAGAACAACAGTGTAGTGGGCCACAAGGGTATTCTGCAATGCCGTTCCCCCGTTAAAGGATCCAGGGCTCGGACTATATCCAGTCGGCGGAATACTTCCGGTGCAAATCACCAGGGGAGTGTCGTTGGGTGCCGCTAGTGGTAAATGTCCATTGTTTGGAAATACTGGCTCCCCGACTTGTCAAAGCGCTATTCGCTTGGGCCTACGAACTTTGCCTATTATTCTTATACGGTCTGGATTCTCCACCGTCCCGTCGGGTTCGCTGCGCCGGTGGTATTTACTAGAGGTCCGATAATCGTGATCGGATTTGCTTGAGGTTCCCTTTCTGGAAAAACCTGATCTACACAATTATTAGGGCAATCTGCTGTTACAGTCCACAAAATCCTTTAAATGGGTGCCGTGAACTAACGCTTTTGACTTCAATTTGAGGATCTAGCGATACTGCCGGGACAGTATTGCCATCTTAGAAAACCTTTTCAAGCGCGCGATGATCGGAGTTACCATTCATCTCATCATGAACGAACCCCTGTTCGCTCTAAGTAGACCATCACAACTGGGGGTAGGGCAGGGAACTCCTCAGGTACGCCCACTTAAGCGAACCTGTAGGTTTCATAGCCAGCTCTCAGGTATTTGGCCGGGTTACGGTCCTGGTCAGGTGAGTAGTTACATAACTGACCTTGCTGCCGGGGAGCTGTTAGGACATGGGAGCAATTTCGCAATCCTCGTGAACGAAAGCTTGAGGGGGCTCCATGCAAAACAGTAGGACGGAGCGATCCTCTTCATGCCTTTAGCGTTAGGCTCGGAAGTTCAAACCCCAGTCAGGCGGCCGCTAGACAGAGGTTATTCTTCTAGTTCAAAAGTTGATCACACTACCCGATGAGCTTTACAATGCTCTCAGGGACTGGTCTCGAGGTTCTTAAGATTGCCTTTCAGCTATCTTTGGACCATCGCGCGCGGGAGAGATATGCAATAAGACCTCACAGATTGTGTGACAAATGCTCGGCCTGGATCTCTCCACTCGGCAGAGAAAGGATATCTAATTGCAGTACCGGATGGACTTGATTTGGTCCTATGTGTCTAGAGTAAAAGCGAGATTTCTAACTTTCGAGCCCTTGGCGCGTGGCCGAAAGCTCATTGCCCCGGATGGTACGAAATGACCGGTCAACAACATGCAAAATTATGACAGCGATGCAGGGGGCGTACGCTGGTTCCGACCCTTACCCCTTTGCATTACAAGAGGTAATCGGTAGCATTGCATTCGCTGCGCTATCAGGTCCACCATGAAACTCAACTAGTCCCAAACCATGCCTGCTAGGTGGTTCCACTGCAGCATTTATAACTTCCTCCCTGGGTAAGACATTCGCCCCTCTTCCGCTCGTTGTGTGGGATTGGAAGGAACATATCTGCAGCTCTATTTACAAACCTTATCATGCCTCTTGGCAAGGATACACATGAACGGCGGACCTTCCTGCGCCACCCCTAGTGACAAAAATTAC,1631,49.79,Saccharomyces cerevisiae
SEQ_443929,CCGTAAACGCAATAGGGAACACTCAAAACTATCCCGCCGAAGAGCAATAGGGGCAAGCGCATATCCGGAGACCTGTGCTTCTCTTTGGGATTCTGTAACCACCGTACGTGTTGCTGTGGAGGCCGCAAGTGGGACGGGTCTGACGCAATATTATAGTTCCCCGGGTTCCGACGAGCATGACGGAGAAACCCCGCGCGAGTCCCCAAAAAGACGGTGGGCAGACAAGCAGTATAACTTTTGATACACGCTAGACCAGCCAAACCTTCCATGCGAACACGTACTCTGGGGGGCTTATCGTTTCGAACCAGCCGCGTAGGTTATAGGCTAAGTTGCTGTCGTCCAGGAGCTGGGTCAGGTTCTATGGGCAACTGTGTTGGAATTTGCGCGGAAGCGGCATTTTACCCGGCTCTGAGGTTGGACCTTCTTGGTTTAGGAATTTAAGCTGGCATATGTCGGACTACCTAGTCGTCTACTTTCCGCACTTCACAAAATGCCACTCTAGCTTTCATTTGGCCTCTGGCCGCGACGAACTTGGCATACGACGTAACCGTTTTCGATACGGGGTGTAATTAAATATTATCATCTTAGACTATAACAGGGGATAACTAAATCTTGTAACGTCTCTGCTGTGCGGGGGAGAAAACGGCGGCTCTCTTCCCCGTTCTCCCGTGATCAGCTGTCGAATTGGCTTGTGCCGGTATTCACAATACCTCAGGTCGACCCGTCCAGTCGGTCTCTATCTACGTCAAGCTATCTCGAGTTCACTAATTCGTACCTATACGCCGTCCCACTGGAACACGCCCGCGCGTAAGGACCCTCGAGAGACCTTCTGCGGATCAATCTGGAGTATCGTATGGCGTGCTAGACTACGGACCTTCTGTCCTCCAGCGATGGACCCAGTGCGTGCTCTCACTGAGTCGCGATCCCTGCTACCTCGGGCTGACGTCCCCCAGGGTGTGAACAATCTTTATATGACGACGTGGGTTTCGCATAGGGTCCAACAAACCGCCGCCTGCAATTACGGCTTCAAGCAATTGGAATATTTTTAAACTACTATATTCCGAACGCCAGCACTATACCTGGTATGTATCGCCAGCCCGACTTTGAATGAGCTTTCGCGTTCGGGTCATGAGAGACCTAGGGTCTGTGTCTTCTTGCGCTTTGTGATACGTTCTTACTCCCTGACAGCGATTTTCATATCTCAATGATGAGGAACATAGCATATGAGCTTAGGAGCGATAAGATCCAGACTGGGCCCAGGGTGAACGCTAATGCGAAAAGTAGTCGGTTAA,1292,51.32,Arabidopsis thaliana
SEQ_693183,TCAGTTCGACATTAGTATACTAACCGAGTTTGCCATAGCTGGTGGCCGGACACGGCATTACCAACTCTCATGTTCTGGTACTAAGAATGGTCTCGAACCAGTTACACCCGACTGATTAGCCATAAGTGGATGAACTTAAACATCTGAAATTGTTCACGATCATTG,165,43.64,Caenorhabditis elegans
SEQ_187714,CAGCGGTGCAAGCGGTGAGTGTTATTTGGGAAGTCCAGGAACTCGATGGCTGGACCTGAAACGGGATAGGTTTTATCAGCGCCTGCACGAGTTGGCAGATTCTGGAGTCTCGAGTCTCAACGGCTAGACGATTACGGTGTCGGACTAACCAATGTCGTGTAAAGCCCACCCGGCCTTCGATATTGAGCATAAACCCTCTATTGATCAAAGGACTCCCGGTGTGGTTAACATTTCCCGTTCAAGGCACTACTCTCTGAAGATTTGCGCCGGGAGCGTCTGAACCTCGATCGGAATACTAGCATTCTGGATCCCATACGATAGCATTTATTAAGGTCACTCCAAGGAATCGGCTAGGCCGAGGAACTCCAGTCATACCCTCAAGAGAAACACTGTCGCTTACAGACCAAATTTAATGGATTTCGCCGCTGCACAGCTGTCCCCGGGCGCGACGACTCCTTCCTCCTGCGTCTTCACGTATGGGTGTGACAGCCGGTAGTGATCACTGTGAGGGTGCGATGTGCGGAGGAAGTAGCGAGTGTCCCCACGCTAGTTGTAGACTGAGGGAGCGTATTTAGGCGTGTCCCTGTACGCACTGAACGGTAGCGTGGAGGCCGTATGGGTTTGACATACTCCTGGAAGCGAACGTCACGTTATCTCATGCACTGCACGGGCCCGTGAGTCTCATGCGGGTGTCAAGAAAATTTAACAGGCTCTAATTCACTGAGGGCCCTAGACCCTGAGTTGTGAACCAACTCGTGCTGCGGAATCAGGCTCAGCTTATATGGGGTGATTATCTAATAGCCAATCCTAGAAAAGTGAATCATTAGTTAGCCC,834,51.92,Escherichia coli
SEQ_331707,GCGTGAGCTTCTCGAACGCAATAATCATATAGCGTTCCTTAGACCTTTGCGGCTCGTTAAGAGGCCGGCTACAGGCGCGAACCCTGTTGCGATTGATTGGGACAACTACCCGAGGCATGTAATCATACGGCCGTTGTCAGCTCCACCTAGATCCTTACGCTATACAAGCATTATCTAAGTGGGGGAGACGCCTCGTCGAGTAGGCGGGCTGTCGACTATACAGGCGCTAAAACTTTATTCTAACAGTATAAGGTGTAGCCCCTAACGTTGAAAAACCCTTTAAGCATCTTGTTCTGACAGTATCGGTAATTGCAGGCTAGTTTATTGCGATCATGCGCAGAGTAGCTGTCCGATCAACAACTGGTAGAATAGTGGACGCACATTTTAGTTTAATTCACGTGTCTTTTGTACAAATATCCATAACGATTGTTAATTGCTCATTCATTCTGGTGTTTGAGGCTAAACCCCGTGAAAATCGCTGTTTGAACAAAACATGGTTTACGCATTTCTATTGCGCGAACTAATTAACCAGGATGTTCCAGACGGTTCCAGAAGTCGGCTCTAAACCCTACCTAAACTACAGTCGGCGACGTTCTCCTTCAAGTGTCGTACACCAATTACCTACGTGCCAGCAGATCTGTTGGGACTCCACGGGATCCCTGCTCCCTAAGATGATTTCCGGGAACGTATGTGTGCAAAACCCATCCGCCTAGGCACTTAGGCGATGATTTTCGTCAGGATCCTGGATGGTTGAGTTAGAGTGTGCCCATCAAGTATGGTTACCTTAAGGGCTGTATTGCATCCTGATTGATGCGCGGTCCTAAATTTAAGCTACTTCGAGGTCCAACCTTACGCCCCTCCCTTCCGCGAGTATTCGGGTGTGATTCCTACCTGCTTCGAAGCGCACGCGGGGACCCTACGCCTAAAGACGACGCCCAGTAATGTCGCCCTCGTTATATGGGGCTTTCCGGGTCAACGCTAGAACAGCGCAAGGGGGGCGTGAGTCTGCAACCCTTATGCGCCGCAGTATCAATCCATCGACTCGCGCAACGGTTTTCCTCGTGTCCAGTAATTCGATTGATGCGTCTGCAAAGAATCCATCATATAAAGACGATATCAGAGAGGTCGGGCTACATGATCACCCTCGAGAGCTTCTGCATTTAACGTCAGTCTCATTATATCGGGCGGACTCCGGGCCGTTCACACTGTCACGCAACCGATACCTCATAGCTGTATTAGTGTTGAAAGGCATTCGGAATGCGGCCGTAGGAACCGGGCTTCTTTTTGAAAACGGAAATAAGACTTACACACTGTAGTGCTAATGTCACCTTGCTTGTTGGACCAGTGTCCTTTCTCGATTATATGCAAAAAGAATGCGTACCCACACATTAC,1392,48.49,Saccharomyces cerevisiae
SEQ_571949,CGGTTGTCTTCGTCCCGCACTTGCAGAAGCTTTCCTTTACCGACCACTCAAGCCCTGGTAAGGCTCCGTGAGTTGTCATCGTGAGGTAGGAGCTTATTCAAGAACTTTATGACAACCCTTACACCCTCGTTGGACTTCCAACTTTTGAGGGCGAGTTATTCGATTGAAACTCTTGATCGAGAGGATATCTTAGGAATTTAGCTCATCTGCGTGAAACCCGTTTTCGAGATTAACGATGATAGCGAGATCCTCGTCCGTGTAGATGCGGCACGTTAGAGGCATGGATGAACGAATTTCTAACCCCGAGTTTGTCACACCGTAAGCGCGTGAGCAGTGACCAGCCCCGTTCGTTCAAAATCACATCCCAGAAATTAATTCCAAGTGAGCGATCGATTGATGCGGATGAGGGTTATACACGGGTCAATAAAGACGCCGACCGGACCTCAGCGCGCGCGAGATTGCACGACCAAGTAGGTCCTACGGAATACAGAGACACGATAGTAGCTGCGTGTAATATCGTGAAGCAATCAATCATATTGTTATGGATTCAGAGGATCGAGAGTGAGGCCCACCTCGCGACTGCGCCTTCTGTCTAATATTAATCCTCAGGCTGTGGAACGGTCTGTGTACAGCAGGGTGTTTTTTGCTTTGACGAATTGTGTGATACAACAAGTAGTTTAACCAAACGTGAAGGCCGTCTGCCTAGTATTGGCCGTCTCTTCGCTGGCGCCTAGGTTGCGATACCTTCTAGGCGGACGTCCAACTTAGGGCTTTCTCGTAGGTATATCCTTCGTTAGGAGGCGCTTATGGAGACAATCCAGGCGCGTAATAGGAATCAAACATCGGATTTTCCTAATTATCATATATTGTACGTGGCTGCGTTTTTTAGTGCGTGACTGTCAAAACCCCTCAACCCCCGATAGACTCGACGTCGTCCGAATTGATAGGACACGGCAATTCTAGTGGAAGCACCGGATTCGAGCAGACTGTGCCGTGAATATCATTGTCAGGACCGAAAAAAGAGTTTCAGTCAAGCATGCGACTGCCCAGAAACACAGTAACTACTTTCTTACGGTCTTCGTACCCGCACATAACAACTGTACTTGAGATTAGGTGCTCTCACGGTATACATAAATCTATCCCGCTGGGTCCCCACGCGAGACGCATCTTCTCACGGCTCAAGGCCTGTACGTAGTCTATTATCCCGTTCAGCCCCGTACGGCGATGACGCTGGCAAAAATAAGTTGGTGTTTACGCGAGTGTGCTACCACTGGGCCAAAACTAGATAAGTACGGGTTTGATAATTTCCGCTCATCGTGCTCGCAGTAGAGATAGCCTTAAAGGCGAGGCCACTAAACCACGTTGGTTCAGGCTCGTGATCCTGGTCATGCTCTATCTGTTAGGAGTATCGTGGAGCCAGGTTCTGCCAAACGCCATAAAGCCGACCCAAGCGCATTAGCCGTCCAGGACCGAAGTTGCTCGTAGATATGCCAACCTATGTTATACTCGAACATTTCCCGGGGCACCTCATCCACTGTGACAGCCCAGTCCGCGACTTGTCTTGATCTATATTGGCCTAGTAGTAGCTTCTTGCGCCAGACGTATGCGGTTTACGACCGTATACCGCTCCACTCTCTCGATGCTGAGTAGTCTAGGTGCTGGTTGGTGTTATAGGTTCAGTATGCTTCCGTCCGTACCTCTTCAGTACGTCTGCCTGAGGGTCAGGACCAAGATTATGGCTTGGGCATTAGGTATGTGAACCTTATCTCATCGAGAGTATATTATTCTAGTAAGAGGGGATCTCAGGACAGATTCCAGGAACTGAGGAGCAGGTGCCCTGCGTTCGCCAGGGCGATCTTGAGCCTCATGGTTGTTATCTGTCGACTCTAGTAGCGGGACCCAGGGGGGTCGTGAGGTGGATTGAAAGTTGATAGCTGGGGTTCTGCAGACTGACGGCCTGGG,1962,49.9,Arabidopsis thaliana
SEQ_456559,GTCTGGCGAAACTGTTGTGGTGTGGGCCTCGAGTAATCATAGAATGTGACGCCCACCCACATAAATATGCTATCCGGTAGGTCCAGGTAAGGTGGGATGAATAGTATAGGATGACTCGGATTTTCGCGCTAGCATCCCAGTCCCGTCCAGTCTCGTTGTGGTAAAACCAGAAATGAAATTAACTGCCTTGGTGCCCGACCCGTCCCTTTTCAGAGCACCTGCTAAGCGAGCTATGCCGGCGCTACTGCGACTTGCAGTCCTACAGCCCCATTATTCAGTTCGGACGGGAACCGTAATCGGTTTCTAAAAAGGTAAAACCCCTTTACGAGCTATGATGCTAATACTAGACTCATTAGGTTATCAATAGGCCGAAGAAGAACCAATCCTCGGACACTTTTGTGAGACTTTCTGTATTATGGGAATTGTAGACAAGTGTACTTGGGTGGATGAGGGGCAAGTGGATAGTGTTCATGTCGTTACAAAGTCTTCAATGTGGACGCTAGCGCGTTACTCTTTACATCCCGATCATTTTACGTATGACGTACTCTTTTAATGTTAGGACTCATGTTGAACACTAGACACTGGATTCTTGATCTGGGAACCCGTTACGAGATTTACACTGGGACAGGTCGGGAGGTCGCCAAGACACTTTCAGGAAGGAAGTGTAGTATTCCAGCTGTGTCTTAGTAAGAGGCTGCTAAAGGTCGTCTCGACGCACCTCATTCTCCTGACAGTCCTCGCAGGTAGATACGAGTTCTATGCACTAGTTTGACTAGG,777,47.36,Saccharomyces cerevisiae
SEQ_691309,CGTTATTAATTCCAATAGTTCTTACGACTGTCACCTTCGCTTATAAAGTCGCCCAGTTCCGCCACGGAAGTTTAGGGCCTGTGGTATATACCCACCTCCACCATACTGCTTCTCTGAGCGATAGTCCCAGCCCCTATATTCTGGAGCGAGGGATCTCAGGGCGTGCAGTAGACAATACAACGAGATGGTATTAAGCAATCTCAGTAAGGCCCGCTGTCATCAGCAACGGGGGCGAGACGGGACTTATTCCGTCGGAGTAGATCGTAGCTAGAAATCGTAACTAAATGAGAGTAGTTGAAAATACGTTCGACGATCCGAGTCGTACTCTTTCCACAGTAGAGAACGGATAAAAGCGCCCTCGGCGCGCCAGCTCGTTAGGTGAAGATGTGATGCGACACTAGGTTCGGTCGTATTGACAGCTACATCGGTTCTTCAATTCACAATCAATTAAGCATCTAACTTCTGGGACAGTTGTTTAGCGTATTTATTCCCCTATAATGTTCAGGGGTCAGTCCATGATGAAAACGTGCACTCATTTATCCATCTCGATCGCCAGATCGCCATTTGCGGCCGTCAGACGACGGCTCGCTCTAGACCCCCATATAGGTTAACCACGATGAAGCTGTGACTCATGTGAATAATCGCACCAACCTCACTACTATTGAATACTCTGCTTCTCTCTAACCACGCGTTAAATAGTTCCCCGAGCCTGGGCTATAGAGAAGCAACAGAGTGA,736,48.1,Arabidopsis thaliana
SEQ_166924,TGTTCTGGTGTAGCCGAGGCGTTCCTACATAACAGGCTCCTCGTTGAGAAAGGTTGGCGGCTTTCGTTCATTCGACCAATTGCAGTATGGACAGCAGTCGATTCGAGAAAAAAAACAGTGTCCATGCAACGGTAGGTCAGTTTTCCTGCGACTTTAATTATCAAGTTTAAAATAAACATTAGGTCGATAGGCGCCGTACAAACTGGGACCGTGTCCTTAGGGGTGAACAGTAAGCACTCAACGTGGGGAGGTAAGAGAATCCAACGAGGGTTCCCACCTGTCTTTCAGCGCCGACATCTGAAAGAAATCTTGATTGTAGTAGGACTCCGATAGCGTGTGGTCAGCGTGGGCCAAATAGATCTACAGCATGTTATCTGTACGGCCTGTTGAGAATAATTAATCCGGACAAACTTGTCCGTAAATTATTGCAGGTAGCGAGGTACGGTAAAAGGTCCCCGCACTTTAACATCTTCAGCCTGCAACATGACTTTACCGAGGGAACGAGCCGGGTCAGAACCCACGGAATTTGCCCTCAATCTTTGCTTGCACTCCCGGTTCACACAATCAGAGTAGTTGAGGACTGAGTTAAGCCCTTCATAATTGGGCCGTGTATATATGCAACGCACCCCTGACTAAGTGGTGGCCACTACCGAGCTATAGAACAGCACGAGAGACACCTGATCAAACCTTGTTCGACTTGTGAAGTTATGCGACGGGCCTTCAGGCCACCGTCTTAATGAACGCTCTAAAATAGAGATGACGTATTGAATCTTCATCGATTTGAGTGAGGCGGATGGGCGTTATAAGACCGAACCGTTTAAGTAATCTAGGATTAGGCGTAGGAGCGGGCCTCGGGCGTTAATTATTTGTAGTATGGAACCCTGTGCTACTAGAGAAGTCGCCCCCAGCAGGCGACGTAGACCGAACGCTGTGCATGT,938,48.4,Caenorhabditis elegans
SEQ_891743,ACAACGCGGCGCCCGGCAATAAGTTAAACCTCGTCGGGAGCTATGCGGAACAGTTAATGACGCCAATGGCAGAGTCGAAAAATCTCGATTTATGACCTGAAACCCTCCGATCCGCGCGGACTTTGGCTTTTAGTGATTGACATCTGGGAATGAATTGTAAACCATGAGTTGTGGATGACTACCCCCGAATGACAGCTTTGCGACTCTCCGGGACAGTGTGGAGTCTGGTAGTAGCGGCAGTCGCATCGGAGTCCGCGTGTAAAACAGGCTCGGGGTTGGGATTCGTCAGTTCAAGGCGAATTTGTTTCAAAGCGTATATAGTGCCTTTTTATTTGCCGGCCGGA,344,50.87,Homo sapiens
SEQ_517390,ATTTTCAAAAGGTGACCTCTAGGATAGATGTGAGCCATTGATCCGCTTCCGAGTAGAGTCTCTTAGTTTCACTGGCAATCGCGTCTATGAGATGCGTGTCGTTCTTGTCCGTCTGAGTCAGTGCTACATATCATACCCGTATGTTCGAGAAGGTCGAGGAACCGATTGTACTTTACTCAACATAGGTACGCCTACCCGGGTTCCCTCCACTTGGAGGGGCAGGCTTTTAACGATATCAGCTCGCAAGAACGGGTGCGGCGTCCAGTGTCAGGGTCCTATTCTTGTCGTGAGATCGATCCTGACAGCCGTACACAAGCCCCTCGTTTCGTCAGTAGGCACCGACATCGCCTGGCAGCATGGCGCGTACACTATCGTGGTAGTCCTCCTGCCGCCTTCCATCGATAAGGGAAACGCCTCATTCCTTTATATATGACGGACAACGAGCGGATCAAGCGCAAAGGAACACATAAGGCCAATGGGTCCACGCTCAGAACGGTGCTGGTCAGTGTTGGGACGATATCGAAATGTGCCACGTTCGGGATTGCCTTCAGACCTGCTAAGCGTGCGTGCCCTAAAAACCACTGGTTAACACGCTGATATGACGAACTCGCCATACCCGGCCGATCTTTCACGAGCTGGATAGGTACACTAGCGCGACCCAGTGACAACATGCGGGTGCGCCGTCCGGACGTTATCAGTCAAAGTAGGACCAATCGTTCTCACG,724,52.9,Escherichia coli
SEQ_470805,AGCGGATCTCATGTGACGCCACCTATTTTTCTCCTATAATAGATACCCCCTCCATGGGCAAAGATGACAGTGGCCGGATGGTCCCGGTGCCGTACTGAATAGGCGCCCTA,110,53.64,Saccharomyces cerevisiae
SEQ_423092,ATTATCCTCTCTTTGCGGAGACCCATTTCAAAAGCGAAAAGTGAAGGAATATGGAGCTCTTCTACAAATCGTACACATCTGTACTTACTCCGAAAGTGGAGTTTCACAGGTGGCACCCAAATTCGGCGAGAACACTGGGTGTCGTAAT,148,44.59,Escherichia coli
SEQ_344063,TACCTCATACTTAGGGATCCCGCGACGCTAACACATCACTCACTAAAAGCAGTCGATAGACAGTTCTGTCGCGACCTACCTGGCGGATAGATAGGTTTGTTTTCCAAGTGCCCAGCGGCTTCGACCCATGAGACGTACTATCAAGGTTTGGTCAACCTCTTAAATAGATGCAATGGCCACTGTTAGTTCAGTCATATCCTAGATCGCTAGCTAAAAACGTCTGAAAAACTAGGTGCGATAGAGTGTACCCCACGGACCGTATAACCGATGTAATACTAATCGTCAGTCAGTCCCGTTTAGATAGTGGCCGAAGTCTGTAAGACGACGTGCACCACTACATTGTTCCCTTGTGGAGTTGGGTTAGGGTATTACGCCTTAGGTACACAGAGTAAGTGCCGAGGGCCCTCAGCAGCAGTGCTGGTACAATGTTTGGGTATGGGGGTTAACGCTGCCTGTCCCTCCTTACTCGCCGCCTCGGTCTATGACGATTTGTCCAAAGGGCATTGGTTTGCATTTTAACATCACAGTGCTACTGAATTCACCGATCAGGACATCTTTAG,560,48.39,Arabidopsis thaliana
SEQ_895701,GTGTTCGAACCGTCTTTATTCTTCTGTTTCTAACTGGCTACAGTAATAGTGTTCCAGGATGGCAACTGAACGCGGCGCACCGACGCGAAGATCACGCGCGACAGTCGCCCTAAGGCCACACTTACTACACTTATAAAATGCGAGGACATTTTGTTGGGCTGGCCCAACAGTCAGTGACCGTACTGATGCGCACGGTATAAGACGCTCCCGCACTAGTCGCTGTCCGTCCAGTTACTACATAGAGCGCATCTTGCATTGGACTAGAGCTATGGACGGTATTTTCCATTACGCGTTCCCCGAATCGTAGGAACAGGCAGAATACGACGCGCGTACTTCACTGAGGCAAGGGTAAGTTCGAACCGCACAAGCCTGCCACCGCTTCGAACGGGGGGGTCTTCTAATACCGAATATCCCGCGGATGGCTATAGCCCGTGCACGGAGGTTCAAACGGAGAATAATGCCGGCAGACATGCTGATGCATACAGCGTCACGCCCTGACTTGTACCACAGTAGACGCCTGTTACAGCGGCCCCCTAGTGAGCACGGCTGCTCTTCACTAGAGTTAGGGACAAGTGAGAAGTGGCCAGCCAGAATTCGCGTGGGGATACAATCGATCGCTCACAGTTGCGCTACCATTAAGACAGGAAGGGACCTTACTTAGTAGCACCAGTCCGGCCACAAATATGCATAACAACCAAGTAGAATTGCGGCGATGGTCCTCGCTGGATCAGAAAGGACGGCGGTCAAGATAACGACTAT,759,52.83,Arabidopsis thaliana
SEQ_473207,AGTCAATAGATACAGTTGCTGATTCTCCGCATGATATTGAGCGTGTTGGGTGCACTGCCGAGACCCTTCCTTGAACCTGTTGGACATCCTCCTCCTAAGTACTGTGCATAGCCATCTCTGACGCTCTAACAGCTGCTCAATGTGGGAGTGTAATCCAGTGCGACATCGAAAGCACAACACACACAGTGAAGGGACGTCATTTAAGCGATTTCGGCTCAGCCGTCTAGTGAATCTACTTGGGTCTTGTAACCTGCTGTCAATGCTAGACTCTTACGGGGCGGATGTCGAGCGGATCAGGAAACTACACGGTGCCGACACCTCGGGACGGGTCATCCGCTGATAAGATTCCCCAAACCCCACGTCCAGACGACCAACTCTCACCGCTTAATCCTCGGCAAAATGATCTGTAGTAACCGAGAGTGATCACTCTACAATCGTGACAGAAAGTTGCATCATCGCCAAGACTACCCGGCCCGGGGTGGAGCACCCATGGAGTCCAACACAAGGATAACTAAGAGGATTACAGTGGCTTTGTTATCCTGCACTAGAGTAACAGTGATATGCACGTCGGATTAAGATTTGGGTCGTACCGTTTTAAATTAGAATCATCTAAAGGGGATGGACTGTAGACTTTTCAATCTTTGAATCGCAGTGCGTTATCTGCATTGATGGGCTCGGCTTACGTATCGGGCAGCACGAAGTGGTCACACTGTCAATGTGAATAAAGCTTGTATTGCCGAGTACTAAAGAAGTGAAAAGCGGGGCGTTAAATAGTCATGGGAAAAAGTCGTCCGTTCCTAACCACATCCTATCGAAGGAGATAATGATACCCCTGTATTTATAGGAGGTGGACGTGGGGACGGCCATGAGTTGGTAATGACATCAAATCTGCTTGGTATATGCTGGCATTTCTCAATAGGGTGCCCACCAGGGCTATAAAGCATGTTGGTCGGGACTACCCTCCTGTTATAACGCTAGACCTAGCTCGACCTACCAACTCAGACCCAAATCTATCACCGATTGACCGCTGAGAGTATAATCCTATTCTCCTCAGGGCAACTATGCTAACAGCTGGGCAACAATATACTCTTGGTCTTGGAAACCATGAATAGCGCTCGCACATCCGAAGTCTAGGGCAGTAAGGTGCGGCCCTGACTAAAAACACGATGTCTCACCCACAAGAGAGTACCCTGTGAAGTGGGTCGCGTGCTATTAGTAGTCTCCTTGGGATGTTCCAACGAGTTAACGTTAAAAGTAAGAGCCAATGCATACATGAAGATCCTAGAGAGGCGCTAATATCTATAAACGTAGTGAAGCGACATTTAGCTCTGGGATTGAAGTCTACGGGGGAGATTATTCTACGAAACGCTAATAGGCTAAAAATTCATTGCCGAGTATACTAAAAACTTCTCTCTGCATCGCATCTCGGCCTAGGATTCATACGCCTAAAAGGACCTGTCGAATCATTGTGTTATTAGTTTCACGATGCCTGCGAATCAAATAGAGGGGTTGAGGTGTGACAACCTGCGATTCCATAATAGCCTCTATCTACTCTAGAAACGCGTACTTTATTCTAGCCCCCATGTATTTATGATTGTCATGCTCGCGGCCAAGAATGCAGCGGCTTGACGGACTCGTGAAGACCCGGAGCGTCCGGCGCCGCACCAACTTGCAGCTTAGCTAGAAAAGTTAGCTAACGTTCTGTCTACCCTCCGGCATTCGGGCCAAAGACCTGCTTGCGCGAATTGTTTTATGATCGAGAGACCTGGCTTGGGGATCCGCAGTGTACAGGTTTTTAAACGGGGTATATTGTCTATCTGTATTTAAGGTAACCCGTTGCTACCTGCAGCATCAACGC,1858,47.85,Saccharomyces cerevisiae
SEQ_122304,TGTTGACCGCCGAAGGTATGATTCATTCTTTTTTAATGCCCAATCTGCCCCAGGCTAGGCTCAACGGCACCATGTTCGGTCAAAAGTAAACAGCGACCGTCCCTTTAAGGCATTGTAGGCACGCGAGGTCATTCCAGCGATCTGCAGGGGGCGGCCGAATACCAGGTAACTGCATATAGAAGGCCTGTCTCTCGAACGCGATTATGACCCGTTACATAGATATTGCTTCCTTCTTGCGCTTTTCTTTAAGTGCTGGAACCCCTGGTGTTAATTTATGTTTTCTCATTTCATGTTGGCATCTTTAACGTCCCTACGAGGCCCGACACCCTGGCGTCTTCTATACGTCTTCCATTTGCGAGCACCTAACAAGTGCCGTAGTGAACAAGGAGGGAATGTAACAAAATACCCACGGTCTTCTAGGAATACTATATGGCTTATTTAACTCCCTCGACCCGTACATCGGTAATCAACTGGTGACATACACCGGACGGTATCGGGTGGTACCTTCCATGTTGTTCCCCGTCCGGATAGGGTCAGGGACAAGTTCGAGTGGAAGCATGACGGTCCGAGAATGGTCCCTGCGACTCTTAGGTGGACCATACCATCCAAGGACAGACATCGCATGCGTTAGCTTGGAAGGCCCGATGTCGTAAAGCGTCCTGACTGAAACCAGAATAACAACTGAGGAGGCTAATACAGTACTTACATATACAGACAATTGTTCGTTAGTGTTGGGACTCCTTGCCTGATAACGTTAAGTGTCACCCAGCGCTCTTTCAACAGCTGCGGCTAGATCAAGCGGAGTCCTTCGCGAGCGGCGGCACGTTGGCGAGAATCCACTTTCTCCATTAGTTTTAATTTGCGGTTCAAATGTTGCAATTTTGTTGCGTCACGTGGTCTCCGCTCGGAGGCATTAAAGAAGGAGAGGTCTCCAAGTAGCCACCTCAATCACATTTAGACGACCCGAATACTAAACTAGTGCATTTTGCAGGTGATATTCCGATTTCCTGATCACTTTGATGCTGGAAATGGTATAGAAAGAAAAGGTGTATTATGCAGGAGGTCCGGTAGCTGAATGTGCCCTGCGGTACAGAGTAAATTAGAATCAGTCGTCGCAAACTCGAGTGCTAAATTGAATCACGTTCCCGGTATGTAGGTAACGATTAGGTGTGTTGATACGGGAGTCACATTGCCACACCTCGTCTGCTTGGATAATTCGCTTTTCTCCCGGGTTGAACTCAATGCAGCCCTGTAAGCAGACTAAGCACCTGGAAAAATGTCATGACAAGCAAAGTTGGTAAGCGAGCCCGACTTTTGCTCGATCCAGTGCGAAGTAAGTGAGCGAGCCAACGTGCTTGCCGATCGGAGGGTAATCTAGTTCATAACTAGGGCGAGACGCCCTTTACATCCTTTCAGCGAAGAGACGAGCCCCCGTAAACCCAAGTCGTC,1449,48.72,Drosophila melanogaster
SEQ_560509,GACCAATTTGTAGTGGGATAGACTACTGTCTCCCATGCCCTCACACTCGGAATGGCTGTATACGAAAG,68,48.53,Escherichia coli
SEQ_781485,AAGCCGCTTTATGGTCTATAACCCAGCGCAGACTTGCCCATTGTTGACTGGTGATACGTCTTGACGGCACAGAGGTCTGCTATTGTAGTGCAATACCCGGCGAATCATGGCCACTAGGATTCCCGGTTTGCATAAATCCGCCTACAACCGTAGCTAGTGCCGTCGCAGAAAAAGGTCAGGAACGAATAATCCTGTCCCCTGTCAGAATAGATTCCTTACCTCGCCCTGGAGTCATACTATAAGGATCTTGCATTTTCTGTGCGTACCTCGCTGTAGGCACTTTTGTTTGCTTGGGGCACGAACAAGTACCTATAGCGGCTATAGTTGTCTTTTTTGCCTTTCCTTTCTAGCCTTATTACAGCACAAGCTGGTTAACCTAAGTCCCTGGTAATTGATGACATACACAAAATATCAAAGCCTGGAACTTGCCATAGATACGCTGACTCTTTATTGCAGCGTGCGGTTTCGCCTCGATTTACTTCCCCAGTCTCAAAGTTTCAGATATCAGCTCTACGATGGGGGCAGGACTGGGTTAAATGCGCGTGGTCGTTGCAGCGTCG,560,48.04,Saccharomyces cerevisiae
SEQ_420079,CAGTCATCGAGCCCTGGGGCCACGTTCCCTGCCAATCCTCAACTGAGGACACGTGAGCGGTAGATAGCATCAGCTGGAGTCTCTCACATAGTGCAAATCCCCGTCACGAGTTTACTTCACGCATGCACTCTCGCTTGATGGCGCTATAGGGGCACCGGTTAGATACAGAGGATTCGCCCCGTAGTCATAGAGACTACTCTTGCGCACCGGTTCGCTATGCGAACATTTCGTCTAAATTATATGTGAGGCCCCGTAAGGTCATGGTTCCTGTTTATCACTGTGCTTGATGAACGCACACCTGACGACTGTCCTTCAGTAAAGGGGCACGACACCCTCCTGCGGGCTCAACCGAAGGGTCCTTGAACGTGCGACGGGGCAAAGGGCAGAACTGTGTGGGGCGTACGTCCTAGTGTACGTGCACGGTGTTGTACACGACACTATTCTAACTTGAACCGAGCTCATTCCTCCAACAGTATGCATGGAGGACCTTGGGCTTATGGCTTTAGAGAATCAATGATTGAGCCACTCTGTGGGCAATCCTCTAGAGTACCGTGTGCTAAGCAAATGCTCCCGTAGTCCCGAAAAATCGTAGCCCCGTAACTAAGCGGTGCGCGCGCTCGTAGTCACCATACGTCTGCTTCACAATGGGGATGCGCGGTCAACTACAGAGAATACAGGGTGACTTGTAGATTGCCCTCTGCCCCATGTCTTCTGTTCTCTGTAAGAATAGGGTATTACACGGGTCACTATTAGGATATACGTAAAGTGAGGGTTGAACCGGCTAATACGGGGAGTTTACCGCTGGGGCCAGCATCCCAGGGTTACCGCCCAGATTCATTCCATTGAACACATAATCTTAATGGTGCTACGTCTCGATGTGCAGGCTGTGCCTAACGTCGCCCCACACCTACCCCAGAGCTCCAGATGCAAGTTAAGACATCTGGGAAAACCTCTGCAAGGTTCTTAGCTGAATCAGGGTGTATGAGACAGATTGGAGCATCTCATCTCAGTCCCGGGCAGGCTGGGAGGTAGTTTGAAGTAGTCTGACCCGAATAGCACGCCGAAAGGCGACGAACATGGTTTGTGAATAATTCCAGGCTCGGAGATTGGATGTGGAGCATCTAGCCCTCCCCCTATGCATTTTGTTGAAATCTAACGCTACAAAGGAAGCCCCGTAAATCAGTACTATTGGTCGCCCGCATGTGTGCGACCATTCCGGTTGTGAAGCAAGTGCGCAGTACGCATGTAACGAATTTACGCGGAGCTCCTAGGTAACCCACCTATACGAGCCCCGCTCCACAAGCTAACCATCGCCCAGGAGTTTGCTTGTAACGGGTGGTACGCCGCGGATTGACCAACCCTCAGTCCTTTGGTAGGGCCTTCCAGCGACGCCAAGTGTCAGCGCTGCGTTTGTCGCGTGTACCGTGACCCTGATGTGGCTGGGACCGGGACATACTTAACCTAAAGCTACAAATTCCGTGTCGCAGTGATCGTTTAAAGATAATCGGCCGCCAAACCTGACGTGATTAGGAACTTACTTGGTTTTCCTAGACACGCCCGGGATAAAAGCCGGATATATGGGTCGAACCTGGACAATGCCCGTCACGTTTGATTCAACTAAGGAATGGGTTGCTACGTTGAACTTCATGAGTACAAGCATTAAGATTTCTTAGGCGTAAGTAAGCAGTGCAAGCATGGAATTGAGCGAAACCTCCGTGCGGGGCGCACAATGAATCTACGAGTTACATTCGAGATGAAAGAACCCCGGTCCGGCGACATGATCGATACGCCAATGCATACCTTATCTGTCTATTTCGAACTGTGGATGGCAAGGGCGTGTCCGGTATATTATTTTCGGAATCCCTGACTTCATGTGTCTGTTGACGA,1887,51.46,Drosophila melanogaster
SEQ_702275,CTGCACACATCATTTGTGAACAACCTTCACTCGCGGAGTGGGGACCTCACCCCAATCCAGGTGCAATAAGGCTCAGCAAGCGTATTTCCTGCATAAGGGCTCTGGCTAAAGAATCTAGAGCTTCAGGTAAGGCGATTAGGAGGCCTCTTTGCGACGACCGTCCCCCCGGCACGTGTCTAGTCCCATACGGACCTGACGGGATAAGGCATCGAGGCTTACTGAGTCCCAGGCTAAGAAGCTCTAGTAGATACTTTTGCGGCCAACTGCAGAACCGGCGGCTAGCGTCCTGTGGACGGGGGTAATCTCACGGCGTCGTCACCAGCGTCTCTACCACTTGTTGTACGACTCCTACTGGGTTTATAAGTTCGCCGAAATGACTCCCTACCATCTTTGTTGGCCCACAGTGAAGCCCGGAGATATCCCGACATTAATTAGGTGACGCGGTTGCACGCTGTAATCACCCGGGTTAACTCAGCTGATCTACCTAGTGAGGCGTCATCGGCGCACCGCTGTGCATTAAAGCTCTTACCTGCTCTGTCGGTGAGCTTTGTTATTCCTAACCTAACCTGCGCTTGCTGAACGCCCCATTCACTGATCGGAAGCGGCCGCGCACGTTCTCTTGTCCCGCTTGCAGGGTCGCATCTCGAAGTCCAAACTCGACTTTACCAGGGATCAAGTCTGTTGACTGTTCTCACTGGAAGGGTCGCTGCGTGGGCGTCCTAGCACATGATTTCCTGCCCTTGGTTATGTGAGCAATTGGCTCTACCCAACCATCCGATACGTGCCTATCCATGTGAAAGCACCGTCCGGATATCTCCGTCACTGTCGTCGCTGGCACGTGCTTGTCTGGTGTTGCGAGTAACCGACGCG,870,54.6,Mus musculus
SEQ_360852,TGACGACTAGTCAGCAGACGGATAAAGATCGAATGGATCTGCCTCGACGCAAGAATAGTCGCAATCTGCCAACGAGCGTAAACGGTTCACCGAAGTACTAGTTACGTTCATGCTATAAATCGCGTCATCGTCGGGATGGGCATGCTTGTGCCACTACGGTTTCCTACATTCAGCGGACGCCCAGCGAGTCAGATGGGTGAGGTAAGGTTGTGTGGCTTCTATTCCACGGGTAGTATGTCTCCATGAGTTGTGTTCCACCTGTCTCACTTCCTCCAGAAGAGCCGTTTGTGACCCGCAGTCATCGGCCGTTTCAGCATATGATGGCCTATCGCATACCGCAATATGAATCGTGAAGAGAAGGGTCGCCGGAAAGAGACCATTATATTCTGAAGAGATCAAGCGTTAGATCCCATTTGTCTAACTATTTCGCGTGTCGGGATTATGATGGAGCTCACGCCCACGGTGCCCAAGTATCGCTCAACTCTGTTTTCCGTCCGCCGGGTTATCGGCGACCTCAATTTTCAACTCACCATAGGAACGGAGATGAGTAACCATAAGGGTAGCTGACTGCGCTTCTGCTAATTCTCTGTGAGCGAGAGCCTTACGTGGAGCTGGCACAGTATGTCTTTAAAACGATAGCTGGACATTCGTCAACGTGTTAAGTCAGGTCGGTAGGACTGCGGAGGACCAGCTTGGTCTTATAGAGGTAACCAGCGACACCTTTGTAGGGCGCTGACGTTGGCTGAGACTCTCGCGATAGCGCTGATTTATGTTCGTGTGTCACGGCCTAGCGACAGAGATCAAACTAAGTAAACCAGCATTTCAGGGAGTGTATTTTCCACCGACCCTCAATCTCAGCCCCGTGCACTCTTATGACCTCCAAAACCGATACTGAAGTAGTCGACACCTTTTCGGTATCGGGTTGGAACGTAACAGATGACGTTAGAGCAGTGATTTTATGACACATGAGGAT,973,49.85,Mus musculus
SEQ_951185,CTTGCCGGCAGGCCTTTAAACGGCAACAACTATGATAATGGTGGGGTCGACACGCTCACGCCAAGCGATTGTCAACCTAAGAATGACCAAAGCTGGCGTTAACTTTAAGCAAAAGCACCTGCATTAGGGGTGCCGGGTCTATTTGATAACTCCTGTGTAGTCGTACGTAAGCTGTAGCCGTGCTCGAGAGAGGCCCTTTAATCTCTCCACTTTTTCTACGATCCTCGAGCTAGCAGATCTAGCGACCCGATTGATAGTGGTTTAGGAGCTCAATTAGATTAAACATAACTCAGCATCCCCCTGGGGTGAGGTTCCTGACCCTTGGACGCCTTAGAAAAGGCTTCACTAAATTTACGACCGCGGGGGGGGGATACAGGTGGTGGTAGGTCTTAGTGTAACGTCCGCACTTCCCATTGACAGCTGCGCCCCGTGATAGCCTTGCGGGACGGGCACTTTCCTTCCCGATCAGGTTTAGGGCGGTGTTGTAGTGCATATTGGCAATCCAGCTCTTAGTTTGTACACCGCGTGCGCAATGGCTATTACATATGCCGCTCTTAGCGATATCTGTGTTCCACCGGGTTGCCGTTACGCCCGGGCTGGCATATCCCATCGATGGGGAGGATGGAATGTTTCGAAGGTCCCAGTGAATGCATCCCTGTAGCAAGACCGGAGTGGATGGGATTCCGCAAACATAAGTGCGCGTTATCAGGATGGCTGCTCAACCCTGAGGAGCCGTGCCGTTGTGACTGGAGGGAGGCGGCAACTGATGGAAAATCGAAAATCAGAATCTACATTGTGCTCGTATTAGTGACGGGACCTAACGGCAGGGGGGCGAGGGTTTCTAGAAGAAACGGGGAGTCGTTATGAGCTAGTGAGTAGATTCCATCCTATCCCTTGCTACGTTGGCTGATAGCACGACGAACCGCCGCACCGCTTACGTTTCCCGCCAGACGACCCCTTAACGGTTTCATAGAGTAGCGAACTTCAGTTACTGTAATGACTGTGGACTCTGGCCAGGAGGCGAAGCAGTTGCACGAAGGAGTAGTCACCGTTTAAAGTGTACCCTCCTTCCGTAGCCCTTGTTCCTTGGTTCTAGAGTTAGGGGCTATAGCTGGTAGGTCTTGGGTCGCTTATTCCATGTTAGTACATTCATAGCCTCGGCCGCGGTTCTACGGACGGAGATAGAAAAGAATAACTCGTCTCCACCCTGGGAGTTAGGAAACCACAGGCCACTAAGTTAATACAACGGTGCAATAGATTTGTTGAAGGACCACTTGAACCAGTACGGACCAACATGCACAGTCGATTTGCTGGTCCTCACAAGTCCTCTTCTCGTTAGTGTGTTCCAAAGCATGCTACACCGTCCGAAATCCGCCGTTGCTTTGACGATAATTAGATGATAACATATATCGAGAGTACGGTCAAGAGGTTTTAGCGCACCGAAGAATCGTCACGATCTGAGATGCTGTTTCTTTACTTATCCACCAAGCATATGAGAGCCTCGAAATAACCCGACGGTCTTACCGTCCGCCCTCAACGCCACAGATGTCA,1551,51.0,Caenorhabditis elegans
SEQ_153291,TTCACTTTAGATTGAACAGATTTCATAACCCGTACGCTCAATACACACCAGACCGGTAGTACCCGAAGTTGATGTCGCAGCGCAGTCTGAACATGAGAAAAGTCTAAAGAATTCCGTCTCCCCGTACCATGTATGCCACTTTATGACAAGTAACATTTATGATGACCGGATAACTTCGCCGCGGACCAGCCTGCACAATGACGTGACGTAGCCTGGAACAACTGGCAGTAATGATAAGGGCTCGGGGGTATACCTACCGCTCGGCACCTGGGTCCTGTCTTTTTAGCTCTTCATCACCAAGTGGTATATTCTCGAACTCTGTTCAGCACTACATGACGCGTGACCAAGACAGCTTGGGCCAGGGAAGTCCGTGTGACCTGTTTTGGATGCTTCGGCGATGGCTGATACAGATTTCTAATACTAAGAGTGGAGTGACCAGGCTGTCATTCCAGCCGGCCCGCGCGGCCAGTCTTACATCCAGGGGTTTTCTAAACAAAGCGCGTCCTGATGGACCGAACACCTAAACTTATAAGCGCCCATGAATCCCGTCGGAGTACCACTGCTCACACGCTAGGGCCCGGAAAGTCACTACAAGGTGAATACGGTCATTACTCGACGTTTCATTTCTTACTACAACGGATGGTAACGACACGTTTATTCTTACACACCAAAGGAATGAGATTAACATGTAATTAGCTCAGGACGCCATCTTGTTCTGAACACGAGATATGTCCTCGCAGAATTGCACTAGTCTGTGCGTTGTTTAAATCGAACCAACTCAATAATAATTCCCACTTTTTTCCAAGGATGTCCAGGTGTTCTTGCGGCAGCGACGGCGCGCGTTAATTGTGACATCTACTACTCGTACGTACCGTTAATACATGTAAGGGTTATACAGAGACCAGGATGAGAACCCGAGCAGAGCAAAAATGTGGCCCCACAGTAAACCGGATCGTGGCTTATCTTGTCTGGACCTACCAATTCAATGGTGACGGCATTATCCCGTGGACGGCGTTGTAAAACTCCAGTGGCGCCGCCCTCGCTAGCTCTCGCTATGTAGCCTTGAATTGAGCGCAACTCATAGTCGCGGGTAATTGGTGCCTCTAGATCTGCAGCATTTTGAACACTCCGGGCCCGTTATACGTGCAACTACTATGCTAATCCCGTGTGCTGATTACGGAAGAACTTCTCGTCGAGAGAACCGCACGAGTTTATCTGGGAACGTCCTAAATGGCGCAAATTTATCCCACCTCGGCGTTAGTGCCCATAGCTTACTACCCGGCATACGATTCTGAGCCGATGATAGACAACCTCATGATACGAGCGCGTTATACACAATCTATGGCGCGCATACATAGACGCGTATCTGCTACGAGATGTTATCGATACTTCGTTAAATCCAGGCCCTCTTAGGGCAGATATGATCCCGTACGTTGTTCATGACCAAGACTGGCTCATCAAGTTACACATCGGCGAGGCATTTTGCCTCCCCACTGCAATTTGTCAGTGAAGACTCTAAGCTCCTCACGTTTTTCGTTATGGGCGTCCGTATTGGCGTTAGCCATCGATGGGCCGCATGATCAACACAGAATAACGTCTGTAAAGGTACGTGAACCCGGGAATCCCTCTATCTCCGGTAGCCTGACAGTGGGGTGTGCTCGGCTGACCACTCGTTCCCCAGATGCTTGCGATGTGCTAGGCCTATCATATCGCGGAATGGGGACAGTGGCCAAAATCAGACTCACAACGCCATTTCGGCTAACTGAATCATGATCGTAGCTCTGTGGCAACACGTTCTATTCACTCGACAGCAAACGAGCTAA,1823,49.37,Caenorhabditis elegans
SEQ_381705,TATGGTTGGTTCTCACCCAGCGGTCCGCGAGACTTGACCGAAGTGTTGAAAATGCAACAATGGTAGTCGACTGTTCACACGAGAGGCTGTGCCGGTGGTAGTAAGTAGCACTGTCATCAATGGCCCTCGTTACGGGGACAATCCTCATCCGAGAAGAGAGTGATCGGTTAGCTAGCGCGCATTAGTCTGTCCGTACAGTAGCTATGGGCTTTGGTAGGCTGGGGAATTCCAAGGGAAACAGGTTCCCCATATTCTGGACGGTTGGGAATGGAAAGACCGTAACACGGGTTACGGGGGTTTATATACGCTCGCGGTTATTCTCTCCTGTGGTGCTAGAGTCACCAACCGCTCCGCAGCAGTCTCCTATCCTCATGGCCGGTATAATTGGCTGGCAAGATCGTTGATGGGCTAAGCACCCCTTAAATAGTTTAGCCCGGGTCGCCATTACACCGTGGACTCACCCCCTATCGGGAGATGACAATGCCCCAGGGGAGTTGGACCAAGGTCTAAATTACGTTCAGATTGCAGGGGGCTGGTTCCAGGTTCTGAGAAGAATTCCTCCACAAAATGACTTGTTGCTTACGGGAATCTTAGAATAGTATTACTAAACCGGTGTTAACGCTGGTCAGCCACACGCGCACAGATAGTTACGTACCAAATTGGGTTCCGTCAACCATATGAATCAGCTACCACAATTAAATTGGTAGAGGAAGCTACTATATCTAGTAAGTGGATTCTACCCACCCAGTGGAAGGAAGTCCTGAAGTGATCGTCTGATTAATTGCGGGATATGGACTACCGGGTTTGGCTCATTTGCCCAGGGTCCATGGTTGGGGCTGGGGCGTGGCTTCCCTAGTAAGGACCACGTTGGGCCTATTCTATGGAGCTCCGTTCGCCCCCTAGTAAGCAAGAGAGATTCGTTGGTGCGGGCGGGCCGCTCTACCCAGCGACCGGCAGTCACGCGGTCCAAGCCCCGATGGAGTTTTTACTACCAGTCCAAATATCCCGAACTCCGTAACCAGCACTGTACCGCTCCACTTTAAGAATCGACGAAGTTAAAGGGGGTTCGGTAATAAGAGTTATGTAGCCTGGTTGGCCATTATACACTTATCACGTTGCATATCCACAAGGGGCCCTTGCCATGCCA,1147,51.44,Mus musculus
SEQ_677267,CAAGTTACCCTGCCAACGACGCATTTGCACGGTGCCTATACTTCGGCGGAGACACGTCTGGGAAGCAGA,69,56.52,Arabidopsis thaliana
SEQ_760665,CGGCACTGTTAAGATTTATACGCCGTTACAACAGGACTCGTAGCGGCCCCTGTACCCAGAATAAAGTCACGCCTTTGCTGTCTACTTCCAAGAAGCGATCCCTGCTCTTTCAATCCGCCCGTAGAGCGGTACTAAAAGCAATAGATGAGTAGTGTTAGCCTGAGAGGGCCGCATCACTAAAAGATTACCGAACGGCATCTTTCACTCGAGGACGCTCCAGAGAAAAGCAATGGCAACCAACACGTTTCAGAAGTAACGTTACCGTCTCAATACTGGTGTCTTACAGGTGTTCTTGTCCGTTCCTATTTGGATCCGTTGATGTAACAATGCGGAGCATATCACTGTATAGCGAATCATAAATTCCAGAAGATTCCAGCTAAATATCACCTCTAGTACATCCACACGACAGCTCACGAAGCCAGTACTATCGTTTGGATAGTAGGGTTGAGAAACCCTGATTGATGTCCAGTGGACCGCGCTTGCAATTCAGACTTCTCGCGGAAATGTGTTGGGTGAAGTCATTTTTGTGGGACCAAAACATGTCATAAACTTATTCGCTCCCAAGCCTACACCCCAACCCGGGCTTTAGACTAAGGATGACATACCACCCTCGGACCGGCATAAAACGTCCTTCTCCATCAACTAAGGAGCGACTTGTCGTCTCCCAAGAGGACGCCGATCGAAGGAGTGATGTAACGGGTGAGTCAACAATGTCGCCTATCAGCTATGCACGTATGGGACTGAAAACCTGTTACTCTGGTCCGCGTATAACCCAAATACAACCCCCCCTTGGGCGCTTCGGGAATAATTGCGCTATCACTCCAATTGTTGGCCCGAACAAAACATTAATCGCATGTAAGCTCAAGTAGTTTCTGCACGACAGGATATAAATGGCCGGCATTCCCAAACATAAGTTCTCCTGACGGACGATAGGACAATTTAGGGAGCAATACCAACTAATAGATTTGAAGTTGGGCATAGTAGCCATGTATATCATGCTCAGTAGTTTGTCCGGCACTGCCTGAGGTCTGAGCCCAGGATTACCGTGGTCTAGAGCATAGTTCAACCGAGTGTATGCGTCCCCTTAAATTGTATGGTTTGCCTAGACCAACTCCAATGCGTATGCCGGAACATCCACGTCGGTGTGCATGAATACGACGAGGGGGTGCTGGGGCGCGGCTTTTACAACAGGTAACCCACGGAATCTTGCTATATTGTTTACGCTCTATTATATATTATTCTCCAGGCTGCGGCAACTATAGGCAAGGAACTTCTCGATCATCTATTCCCGATAGAACCTCTAAGTATACAGCGGTGCCCCCTATGGATCCGTAGGGACTAACAGTCCTAACACTGGTCCTGACATCTTTGGGAGGCGTGGCGCCCCGAATTACCAAGGGCGCCTGGCCGCTGAAGGTGGAACGCTGCGCTATTGTCATCTAAGGATATCTTTCCCGCGTTGAAGAAGTGTGTGTAGCGGCTCAGGTAGGTCCTTACTGCCCAGCGGCGGGCCAAGCTAATTATCACGCCGAGCACAGACTGGGGAACGAAAGTATCATATGTCTC,1566,48.91,Homo sapiens
SEQ_356781,TGGTTGGCGTAATAGCGACGATAGGGGTACCGACACACACTTTATACTTGTCCGCACTCAAATAACATTCCTAGATGCCCCTGTAGTCCTATGGATACCAGTTGTCTGCCCAACTAACCGCGGATTTAGTGCCATCATTAACCCTAAAACGATCCTCGCAATTTAGGCGGTCGCTGCGTTTGCTAGGTGATATGTGGCGGGGTAGTATAGTGGGCCGGACGCTACCCCTTAGCCGCCTGCCTCATATTTGCATTCTCTGTTCTGGAGTCCTAAGGACGATCTATTGCTGGGCCTACTCTACTTTTTCATGTCGCATCGCACCTATCAGCATGCGATCCGGATCTGAATTATCTCTGACTAATTCTCTCAAAGCCTGGTGACCCTTCGCTACTAACACGGGTAATCTACTTAACCCTGAGACGAACACAAGGAGCCTACAATCTGCGAAGCCTATGTGTGGCCAGGCCTTGTCATCTATGTCTGTTCACCTGCGTAGTCCGGATCACTACTAGCAGGAGACTATTTCAATCGATCCTCTAGGAATTTGGCCACAACAAGAGTCTGGCTTTAACGAGCGTTCCCTGCTTTATCGTGGATACCCGTCACAATTTTAATTGCGCGTGCCTTAGATCTCCAGGGTATTCCTCCTCTTCGCTTGCATATCTCAAGTTCGTCCCATAGGCGATGTGGTTAGCAGATTTTTTGAACTCGTAAAGGCAGTTATCCGCCATAGCATGCCTTCTCGAGTACGCAACTACTTCATTT,765,48.37,Caenorhabditis elegans
SEQ_905152,CCTCTACGATAGTCGCGTGTGTCGAGAGAACCAATAAATATTACCACTGTCTTTAAGCGGGTTCAGTCGTGGCTATCCTCTACTATACGGACTTTCGACGCATGGAAGGTCCTTTAGGTGTCCTTGGCGACCGCCATTGACCAAACGTCGATTCAAGGTCCCGTAAAGTCCCCTAACTGTATCCACGGTCACTGGACCCTACAACACCTGAATTGAGTACGCCGTATGGGATAAACCTAGACTTTATACTTCTCGGATGGGGAAGATCCCGCATTGTATCTCGTCCGAGTGTACGTCTAGTTTGGGGACACCGGATGCTCCTGACCAACGCGCCACGTGCGCGAATTCATAATGATACATAAGTGCTCATATATATCGCGGACATATTACACCGCATGGCAGTAAAAACCCCTCCCACGAATTACTTCGGATTACCCGCATACCGCCGTGCCTTTTCCGCGAAGCGGGTAGTCAAGCTCCGTGGGACCGTCCATGTTTTAAGACCCAGGGTACAGGCATCTGTGGCTGTCTATTAATGTTCCACCTAGGTAAAGTCATACTTACAACGCCTGTCGATCGGCATGGCCCTCACTGTATGCATCGTTCCTTGTTTTTTTGCATGTCATCATTAGTCTTTTAAGTAGCGTCGACGCTCGAATACCGGCGGAGTGCCGGAAACTTGACAAGATGCTCGAAACACAAGCTAACAAACAACAGCGGCAATCGTTTCGAGAAG,736,49.46,Saccharomyces cerevisiae
SEQ_246841,CGACATCGGGTAATGCTGCTGATACGACCCGTATTGCGAATGGTCGTAACGTGTCGCTAAACAGTGGGAAACCGTCCCCGCTGTGTAAGTCGTTGCTTTATAACGCACTAGCACGCGACCTTTCACCTCCACCGGTGTAGAAGCGGGCCAGCTTTGTGCCGTGGCTACCACTCGCTGCCAAGCGACGATAAGGGATCTTAGGGGATCGCGCGCTCCACGAC,221,57.01,Homo sapiens
SEQ_736542,CAGGCAGAGCAAGGAGTAGTGCAATGGAAGCAGCATAGTGCTCCTGACTCAGGAGCTGAGTGAGCGACTGTCGGGTGACGGTATAAATCTACAACTCCACTTATCTTTTGGTTTATGAGTTACTAAAGTGTGAGGAGAAGACGCCAGGATTACGGTAAACCTAATGATAGCTCCCTTGCATGGTTTCAATTTTCAAAACTATGTAATTTACGCGCGGGGTTAGGAAGTCACGGATTCAATAGAAAACATACCTTCCTCACCATCACTATACATCTCAGGGCAGTAATTCGGGGCAAGTTGTCGGCTACCCAGAGGTCTGAATCGGGGGATAGCGGTCTCTGTGAAAACTCAAACCCACCCTAGACGGCGAGTAACCTAAATGGACCATTTGGCTAGGCAGCTCCTGTGTAGTGGTCACCATTTGGTGGAGTCCAGCGTAAGGTTCTTGGTCCGTTCGAGAAGATGTCACCATTCGCACGCGCTTCATTAGCGTCAAAACACTCCCATCGTCGAAGCTGGCCTTTATCTTTCCGTCCGCATGCTGGTATGTTGGAAGCGGAGCTCGGAACGTATGATTCCGACTCAACGGCCGAAACCCAGGCTTATACTTGTCAGACCAAGGGGCCCTTACCGCCTTTACTTGGTCCGACCCCACCGAAGATGACAGTAGCTGTGGCAGGAAAAAGCAGGAGTCAAATAGGTGTAGCACCAAGGTGAAAGGCGTCCTCGGCGGGGCGAATAAGTTCTATCTACCACCAGTGATTCCAGTCGCTCTCCCTAAGCTTACGGATTCTACAATGGTCCTCTGTCATCGAGGCCACAGCTTAGTACCGTCGGCTGACGAACTACTCTTGCTCGAACCACGTAGTATCCCGTTAAAGGAAATTCACTTCGTGAAGGTGGCGTTAGCTGACCTCGTGTAGAAGTCCCGAGTCTCGTAAGTGGTTATCCGCCTAAAACCATCCGTCCTGTGCTCCGCGTGAACGGCGTTTTGTTTACCAACGCCGCTGCTGATATATCAGCTCACTAGTTACTAGGATTTATGTTTAGCTATTCGCAATATCCTCGATATAACGGATCTGATGTAATTAACTGGCACCTGCCTAATCTGCTTTACACATTCTGCCAGACCGATCTGCAAAACCAAGCCACCTTCCTATCTTGCCCTTCTTTTGGAGGCTTCCAGCAGTCCCGCCGTCCGCTCATGTCTTTTTTCATGCTTGCCTGACTTGACCCCATGAGAGCTGTGGCAACTGACTTCCGGTTACTCCGTCCATTGGGCTGGTTGCCGGGTAACAGCTGA,1303,50.12,Caenorhabditis elegans
SEQ_204923,TACTGGCGCAAAGTGTCATGGGGGCTCAAGTATAGCCCTCAAGCGCTTTGGCACCGGGATCCCTTAAATTAAAGTGGCGCGGGAATCTAATGATCTGTTGATGGCCTATCATAAATCCCTGTGTACCTTCTTGACAGTGGCTCGATGGTGCCACAGTATCGCCCCGCACCGGGGCACTAACGACTCATGGACGATAAATCTGTGTTATTTTTCCGCTCGACTGTTAGTTTGCTCCCATAGATGCGTCTTAGTGGCTTGTTTCCGACGACCTTCATTAAGTTGAGGGGGTTTATACATGCATTACGTGTGTTATGGCGGCTACCCGACGACTGTACCACAGTGACGCTAAAACTGCCACATTCAATGCAC,369,49.59,Saccharomyces cerevisiae
SEQ_629967,TCGTTTCGCTTCCGCAGGAGAACGGTGATAGGGTTCTACCTGACCCTCGTAGAGTGTCAAGTCGGCTTTTGGTGGTCGATGAGCGCAGGGAAACACTGGGCCTGGGATATTAACTGACTAGATATAAGCTGTAAGGACTCGAGTAAACATTTGGTACCTATTCGGTCTCCATATTGTTGGGAATGGCACGCTTGGTACTGGAGGGCGACTCACTTCAACGTCTGAGATTGAAAGTATGCCGGCGTTCAGCCGGAGAGGCAGTTCAGTGGTCTATCCAGCATAACTTTCATTTACCATTTTTGCGCAGGTCGATTAATTTGACTGGTCAGTGAAATAAGACTGTCCAAGATTCACCTCCACTTCCAATAACAACAAGATAATTACTAATGGCTGATGTATATATAATTTACATTCGGATGAATCTCCTGTGCACGCCGTGAACTGGGCATGGAACCAGCCTAAGAGGTGGCCCGCCGACAGCTGAACAGACGAGCGCAGGGCTGATTTAGAGTACTAAAAGGTTTCGCAATTGCCTCGAGACAACATTACACGACTAAGTACAACGCATTCGGCAAAAATCACCTGCGGCCCTCACAAGGTTGTGGCGCCTACTACATGCTCTTATTCTATCGCAGAAGGCTGTCCAGATTTGTACTTGGACATCACGGACCCTCCTCGCGACTGCGTTATGAAAAGGTCCAAGGAGCTATGGTATCAAAGAGTTCACATCGCGTACTCCGAACAGTAACTAAGACATTGCCCCAAACTAATTGTATCGCTGACTCCTCAGCGCGAGTTTGTGTCCTCGGTCCTTGGGGGATCATAGCAAATGTGGTGAATACTGGCTCTCGCAGTTTTTGAGCCTTTTACAGACCTTAGTATGGAATTAGATCGATAATTCACCGCTAATGTCATAACGCCTACCAGGTTCACATGAACGTCGCTAAATGAGCAGCGGCGACGATAGACCTCGGAGTGAAATCTACCGCAGAAGGAATAGGTGCTTAGTAGCAATTTGCTGAAAATACTGACGGGCCCAATTATAGGAGGGTAAGAGATGGGCCATGCATGCCGTGTTATGATGACATCAACTCTACTCAGAACAGGATGTGGCCTAATATCATCCCAAGGCCACTCTTTAACCACCTAGAGCGCTGAGTGAGAGCCGAACCCAGGCGGATCCCCGGGCAACCCACGGCTACTGTAGTGACGGTCCAAGCCTTAAGCTTTTATCGGGGATGCCGGTGCTTACCGTTCTCCTTATGCGCACAGAATAACGACACGTTGTGAAGTCACCGGGCCAGTGACCAGCCGCCATTGTTGCTGCCTGCCAATGATCATTGGTAAGACACGCCAGCATAAGCAACATAGACCAAGTAAGGGCATCCCAGCCCAGTTGGCGTCACAAAAGCTGCAGCTCCGCCGTCCAGATAAGCAAGAACGAAGCAGTAGAATCTAGGAGTTTCCAGTGAGTTCGCGTCCGGCTCGTAAGGGGCGGAATTAAAAATTCAACTTCTACTGGGCCGATGCCAAACCGCCCAAATCACAGTATCCACAGCGGGTCTTGAGAACTAAGATGGGTTCAAGAAGGTCTTAAGACACTACTTATGGTCCGACACACGGATCTCGGAAAATTCCCCGGGCGTCTTACACAGTGGGGACGATGATTAAATAACCAATGTAGAGGTAAGCGATCATACCCTGCAGTGATGCAGGGTTGCTCGGGCTTTTGCCATACGGTCAGGATAGCTTATTACTTCTTTCCTCCCGGCCGTGAACAAAATGGTACATTGGAGTATGACAGAGGTTTCTGACACTGCTAACGCGAGAATCACTCATCGTGAGTGAGTTGCACACTGAGAAGAGTGAATTTCGGCACCCGATGGTCCAGTAACCCTGCTTTTTATGGGTCGGGGATGAGGGGTTTGCCTCCGTCC,1937,49.35,Mus musculus
SEQ_752417,GAACTTGAATGTCCAAAATGCGATATCAGCTAGCCCAAAAAGGACTGCATATAATGACGGAGTATATACGTCTTCAACACTGACCCCCGTTGCCGCGTCGATATATCGTCAAATATGTTACCGTACCCGACGGTCAGTATCCCGTCGAATCTATTGGTGGTCAGCACAGACGACTACAAGCGTGTGAGTTACGAGTTAACTCGCACCACCCAGGAATTTGTCCTGTTAGACAGCGACTAGGCGCAGCAACATGGCGTGCTCGCCGAATGGCACAAATAAACATGTCCGCAATCACGCCGGTCACCAGACACTTCCGATAATAGTAGGGGCGAATTTACGTTGGCGCTCCCGATTCTACTTCGCGTTGGGACTGCCAGTTAATCATGTGCCCATGGGAGGCTCCAGTAAGCCCGGCCACCTCGCATATTCCCATAAACTTTGAAGCTGTCGTCGACGCGTGTGGTCTCATCTCACGATGGCTTTTTCTTGATTCTCCTTCAGCACGTATAGTTACTAATCGTTACGACGGCTCTTGCCCGCAAACATACCGGGGCACGGCGTCTAGAAAGAAACGCATTATGTCCCGCCCCGGCAGGTAGGTGCTAGATTCTTTTCTGCTGGGACGTGCTCAGCCCAAAAGTTAATAACCTATGGCAGAGTCCTGGGTCTCAAGCGAAAAGAACCCATATTGCCTTATTTTATGCGTAGACCAGGTATTGAGTCACTAGTACGTAGAGATAACTCGATGAACCAGTCACATGTTTACGTTAGTAGAGGCGTTGTCGACGTAGGGACGCAGATGTTAAATAATCACGTTGGATGGTGTACCAAATGTGACGTGGCCATTATCATCTCGTGTACCATTCCCCCCCTGTTTAGGCCGATTTCCACGATTAGCTTTATATACGGATGTCCTCGGCATTGCGTCTTGCTGATGAACGTAGGATAAGATTATCCAATCTAGGTACTATAAGAATATTGGGAGAGACGGAACTAGCCGTGGTTAGTGGTAACTGTGTGGTGATGGTGGTAGGCCCTCCAACAGTCCTTGTATCAATTCAAGTGTATAGTCATTTCCCTTCAACTTTCAGGCTCGCGAATCCCATCTTGACTCGTAATTGAGCCGAAAGAACAATGACCGTGAGGAAAATTGCCTTGTGGGAAACTCTTGTTAGGAAATTAATCACCGGTAGGTGCCCCAGAGAATTAATTGAGCCAAAAACCTCTAATGGAAGAAGCAGAAGATGACGCTGTTACCGGCTAGATTGCAGACCTAGTAAGGACCCAAGGTACACATACTCAACCTTCTTGCTCATTCCTGTTGAGTCGATTCAACTGGCGAGTGTTACGAGCGTAGCCCGCTGATGGTACGGGTATTCGTCCCACCCGTGTTCTTCTGCCGTATGAAATAATAAAGCGAAGGGTACGCTGGACTTAGCTGCCCGAACCAGAATTGAATCATGGTACCAGTGATACCCTGTTAGGCCTATCTCAATGACAAAGTTTTGCATACCTGGCTAGAAATTGGAGCAATCGCAGACATTAACGGTTTCGTTGCGAGATGGGCAGCTGATACCCCATGACTTCAGAGGTACAGATTCCCAGACACACACCATAAAGCCGTAGTTCGTGTGGAGGAGGGTAGAAAGACACAAGTCATCGACAATGAATTGCGCGTTCGAATACATGTGCGAGTGGTCAGCTCGGCGCGCGGAGGCGTCAA,1723,48.4,Caenorhabditis elegans
SEQ_225638,ACCAGCAAGCTGACGTGCAAAACTTCACCACGACCACCCACGAACTTATCTGCTGACAAAAAACGCTGTGCGATAGGGGCGCACGTTCATAAGCCATGGTGGAATTGTCGGGACTGTCATGCGCACATGCATCCCGTTGCCCGCGGCCCTTCGTATTGGGAGGAACAATGAGGTGATGGGTGCCAGATAAGAGTGGAAGTGCATAGGAGCTGTGTCACGGAAAGCACTGGAGGATAAACAGAGACTGTAAGATCATAAACACCATGTTTTTGGCTTGCCAGTTGACGATACGCGTCAAATAGGCATTAAATCACATAACGTCCTGTAACCTTGTGCAAGTCTCGCTCATCATAGATCGAGGTACTTACCTCTGCTCATCAACAGGAACTAGAACAGCAGGCCCCAAGTCAATTATCCGCGCTCTCATATGGTGCATACTCCTGGTGCTCCACGACCAGTTGGTACCTCATTACATTCTCTCGGAACCTTCTAGCGTAAGAATGAGGCATTTACTTAGCCCGCCGAGGTTTTGGCACTTAACGTGTACAGACGCTTCGTAAGTAAAAGGGCTTTTTAAGTGAGCACCACACGCGGGCAATCCAATACTTAGATGCAGTGGGGCGCAATTGGTGCCACGCATTGGAAGGTTGGGCGCAAAGAGGATTGTTGGAAGGTTATTCGTGCAGGGACAAAACGCAGAACGCTTTGCTATTTCCCAATCCCTAAGGCTATATACCTCGACCGGGGCCGGCGTACCGTCGCACCATCCGTTATCATACTTTCTCCAGTTAAAAGATCTCTAGGGCTCTGGCGGGTCACGAGTCAGCGAGTCGCGTATTACTAGCTGAACTTTAAAGTAGTTTAATCCTACCAACATTTCGAGAAAGAAGTAGTGTTGCTGGTATGTCTAGAACCTTTCTTACTCCTTGCAGAGAAGTCCACTAGGTAATTTTTCTATTCCGGTCTTCCAATAGCACTGCCGGTTAATTAATCGAGTGGACTTAGAGATAGCTGCGGAGTATATTCACAAGGAATAAACAGTCAAGACTAGAAAACCGATCCGTTCTTCTGATATAAAGGTGGTGACCTTCATGTCCGTCTGGTTACCAGTCGATAATTTGTGAGGCCGGACTATCACGGGCGTTTTCGTTCTAGTTATGGATGAACGCCCTCCTCCGCCCGTTGTGTTAGGGAAGGGCCTATAAGAAAATCTAGACTACATTGAGCTATAAACAGTTACGTCAAACGCTTGGGCTCTTACGAAGTTAGGGAGCAGATGGACTACAGCCGATGATAGCTGCATTTGCTAGCTCTGTAGGAGGATGTTCTCGAGTTAATTCCAGGCCACCGTACGAAATACCCCACGTTATAAGATGGTCTAATTGAGAACGTTGCCACAACGGGAGTGGGCTACCGACAAACGTATCTTCTATTGGTGGGACCCATCGTGTC,1452,48.0,Caenorhabditis elegans
SEQ_568119,ATATAGATCCTGTCCTTAGTGGACAAAGGTATAGGAATTGCGGGATTGGACCGGAACGGATCGTGTCTATCGGCTGGTGGCTAGGTGCCTGTATCAAACCTTTGAGAATAATCCCGTGATAGGAAATTGCACACCGGA,138,47.83,Arabidopsis thaliana
SEQ_913555,TGCCCGTAGAGTGCCGGAACAGAGAGATGGTAGTCTTCAACGCATATGCTATGTGACCGGACTCTTGGATGTATGCTAGTTGAACTTGAATCACTCCCTATAATAGTCGCCCCGATATAAAGGTCAGCTATTGCACCGCGGGTATGTTCGCAACAACTCAGACAAAGTGTATGAACGAAAATGAGGCAGCTACTACTCAAGCACCCGTAATACAAGACTTTAGTATTAATAAAACGGCTCTCGACAGGATAAATAATGGCGAACCAGGCTCGGACACCGGCTGCAGCGGTGCTAATGGCGTGCCCGCGTCCGCCCCCGTTTGCCGTATAATGCCCTATTGGGTTCTGGACCACGAGATGCAAATCCTCCGGCCCCACTAATGGCCTAGCTTTACTGACCAGGAGTCAGTCACGCGCAGTGACTGCGGCGGCTCTCGCCTGTAGTAGCCCTTGGCGAACTTACATACAAAGTCGTGCGGTGCACATCGCTAGTTTGAGGCCGAGCAGAGCCACATACGTGCAGGCATGTCACGAGTCACTGGCATGACATGGTAGCCATTCCATCAAGGCTCGCTTCGTTCCAAGTATCTTAGTATTTAGGCCCGGGTATAACCTGTCGGTCCCCATCGTCTCAGGGGGACACCTGCCTGGGTTTTGAACTGCACGACAAGAAGTACGGGTAGCGAGAAAGGGCCACTGTAGGTCAGCGCGTGACAGTCACGTCACCCCTAGTGGACTCTAGGATGGATCTCGTCCATCAACGATCGCAGATACGCGTGGCAGCGCCTATCTGCAACAACTGTTTCTAGGTTGATTTTTCGAAATTGCCTCCTGACGGTGGTGGGCATGACGTTCCCGGGCTAAACCCAGGCGCGAGTGTTAAATGGGGCCCGGATCATCAATCTCTAAGGATTACACAGAAACCCGGGTAAAAAGTTGACACACTCTCGTAAAGATGGCCAACCTGATGGTTGCACCAGTGGAGGAGGTGAGTACGCACAAGGGAGCTGTCGCATATTTATGTCCTTCTGGTTAGCGTGCAACCATTCGAAGTCAGCGACAGGAAAACTAAGGTCGGCGACTACAATGGGGTAGTTCTTCGTTGGCCAGCCAAACGCTACACCATCCTATCTTCTATAGGGGTATTTCGTGCTGGGGTGTATTTCACTTCCTAAAGCAGGCTTTACCTTTAACCTTTGTGCCACGTAAAAGAAGCAAGTTGTTCTAATGTGAACCTAGTAATCGTGGATTTGCCAATGATACGAGGAGTTTTCGCAACATGCACTAGTGCCTTCCGATCATCAGCATCGTAACTCAAAAACCTCAGCTGGGTATGGATGCGAGAACTGTCACGCATACCCTAGACGCAGTTGAACGCTCGACCACAGCTCATCGGCGGCGCTGGGTCACTGAGATTCAGGGCATAAATATGCCATTGTAGGGATAGCGAATGTTACACTTTCTCGAAGACATCTGGATGATTTTGGTCTGTCCGTTTAAATCTTGACCGTCACGCCCATTGAAGGACGAGATTTGGAGCGGTGGGTCTAATTACAGAGGATTTTAAGATTACCTGTGCCATCCGCGAACGAACCCTGCA,1599,50.78,Drosophila melanogaster
SEQ_276336,CCGGGAAGTCGGCCTCTGCCACTCGATTGGACCACTTAGCCTTACGCTTCCGCGCCTCGTGAGACGGCAATACTGTATAGTACCTTATCGGTTGGCACATTTTCTAATAGAACCCGGGAGCAAGTTTCGCGGTAGCATCCTCATCATCCGTTAAACGCTTAGTAAATTCTCGGCTCGACGCTCGACCAGTTTCAAATTAAACCGAGCAAGCATAGGCTGCGTACGTCGGCTGCTTTCCCCACATTTCCGCTCGACTCCCTGGAGCTCATGTTCGCAACATGTCACGATTGGACCCCCCCGGTGCACCTATTCGTAAAAAAGCCTCGCGAGAATACAGTGGTAAGAGCCACCAGCTCGTGGAAGGAACACTAATAAAATGTTTGAGCCCACGAGTACGCCCCTAAAAAGGAACATACTCACGGTTTGGCTTTGTGTACCCGATTGAGGAGAAACATTGACTCATACCGGAACCGATACTGAATTACAAAGTCGAATCAAGGGGTACTATATTTCCTCTTATGTTTCTCTCAGTGATCTCCAATCCAATTGGCAAACGTCTGTTCGGTTTGGTTACACACGCCCGACGTCGCTGCCATCTTACATGCGGAAAATGGGTGGTTGCTAATGCTCCGCCATCGTACCTGGTGTCGAATAAAGGGCGAGACTGGGGACCGACGAATCGAAGTGGCGAGTTCACGACTGTTCTAACCCAAGAATGGAATAAGATAGAACATATAATGGTCTTGCGAATTGGGGAAGGTTGGATATTCAGATAGTCTCCACCCCGGGTCGACCTATGGTAACCTATTCTGGGAACAACCGTCACAATGGATTTTTCTTTGTTGCCCCTACTAGGCTTCGATGATGTACAAAGTATCGCGGATCATCACTTAAAAGCCTACAACCTACGTGTCCGGGTGATAGATGTAGGGGTAGTCACGTCCTAGGCTGGCTCGCCCTAAGAGTATATGAGATATGTTCTGAAACCGTAGCTGCGTTTGGCGTGATATTTCTAGGAGCCAAAAACGTGGTACCGAAACTACGCCAGGTTACGAAATGTTTCGTACACCTGCGTGTTTCAAAAGCGCTGGCCGTCCGGAATTAAACATCCCGGAAATCTTAACTGGGTAAGTCATTCGATGCAACTCGCCCATAGGCGCTACCAGAGATCATTACTGAAATCCCCTCCTTTCCGAGATCGTTGATCTTCAACCGAGAGCCAAGAATTGTTAGGTAGGGCTTCTCCAGTAGGGAAATCCTGGTACAATTGCGTGACGACTTCCCATATCCCCGACTCTCCCAATGTGCCTGACTAGGCTTCTTCATAAGAAATCACATGGAAATACTTGCACCGACTTACCCAGACGCGAACCTGTACGGGTGCGAACCGATCAGTTACCGCCTATGGTTTACATTTACGAGTTTCGCACGGATAAGGCACTCGGGTGAAACTCAGGAGGTGCACCTAAATGTCCGGGTACGCTAAATAGGTACCAGTCGGGGAATTGGCCCCAGTGGGCTAGCGTCTGTTACGTGAACTCGGAATAGCTTAAGCTTCAGTGCTCAGGACGTGGACTGTTCTAGGAGACGGCCTGGAAGTGTCTTATCCTGGAACCCGTCCCTGGGTTATCTAGGCGGGCTCAAACACGCCCGAAATTCGGCGAAGTCTATATTATCAAACGTGATGTCGCCTCTCTGATTGCGT,1705,49.56,Drosophila melanogaster
SEQ_619065,CATGTTGGGGGAAACCGGGTCTTCAGTGATCTCGCGGAAGGGCCAAAAGAACAAGGCCTTCTCATCTAGCAAAAACCGGATTATAGATTGCATCAGTCGAGAGTTTACTAACCATGTTACCAGCATGTCCTCGCGACCGTCCCAGGACTCGTGAACAAGGATGCAAGCATATGCTCACCTGACCGAACACGCAACCAGTGGACCACGAGAAAACTTCTCACTATTCGTCAAGGGAATGGTTATCGCAACCCGGCGCGAAAGCTCACCGATACGCACGCGTAGGTGTCGTCGGAGCGACAGTCTCCCCTGACAAACCGTATAGGGCATGGGCAGTCGACTGTAGTAATTCCAAGGCGGGCGTCCCAGGGAACCCACGGAACCTGGAGTTGAGCAAAAACTACTCACCGACGTGTGGGTTCTGTTTAAGCCACCTCTTGCTTTCTGGTCATGTGCGGGCGCCGAAGAGCTTACCGTAAACCGGTCAGGGGCTGACTGGTAACTAGATCCAGGCAGAATCTTAAGTTCCCATGGCACCCGCGGTCACCTCTCCCACTGGTTCCGGCCGCCCCATGATTGTGGTTTACGCATACCCTTCAACTCACCTTAAGAGTGGCGGGCGCCACGCAGCTCATTCAGAAGCTAACCTGCGAAAGAGTATAGTTCAGTTTTGCCTAAGCCTCGGAACTAGGTCGCAATTGGTTCAAAGTGTCGCCACGCTAGCTCATTAATAGATATTAGATCTCGCAAGTTAAAGACAACTTCGATGTCCCAGCATCACGTCTGTTGGCAAGCGGCACACTGAGTCTAACCGAGCATTAGGACGGCCGTCCCTTAACGCACAAGACTTCAACGTCTGGCGTGCTCTGTGGTCGAGCGTGGAGTTGACTCCCGATATTAACATCCGTAAAAGACCCGACATTGTGAGTTAGATTTAGGAGCGGTCAGATACTTCTGTCGAGCGGTCGGGCACCGCACCACGGGATGGCCCAATCCCGACGGGCGCAACTCAATCGTTTGCGTGCACGTGGCATTGGCTTCTGGTACTCTGGGCCGGCGTCTACGCATGATTCTCCGCCCTACCCTCTCCATGTTGTTCTGGCTGGCTGTCGGACCCATCATGTCGCCGACGGGGCCGCCAAGACTTCTCAGTACCGTTTGCTTTGGCTATGTGTTAAGAAAAAAGAAGTACCCTTAAACGGCACAGTCCATAAAAAGCAAGCTCCAATCATTGACGCGTCAACGGCATTCCTGTGGCCAAGAGCCGACCTTATATGGTCATGCATTCCAACTAGCTATATTGGTCAGCTTGTACAGTTTACTACGGCGCAGTCGCTTCCGATTTATCGATGGCAACAAAAACTGTTCCGGCACGGACTACGGGAATTGCAAAATTGCTTGCCTTCACCTACCTGGAGATGCCGATCCGCATCCGTGCGATGTAACCTCGCGAGACGCCCGTTGCATCACTGGTGATGTATGCCCGTCCGTCTATGCATGAATCGTGTATCCATTCTGGCCTACCCGGTTAAATCGAATCTGACATGAGCAAAGCAGATGTATACATGCTAAAGGCTTGGCATGTATAAACATACCCAATACCCGGGGAAAAAGTTTGTATACTGCACTATTATGGACCTTTGCTCAAGCTTCAAAGATGCAAAGAACTAATAGTGTGATCCGGCGAGTAGATAAAACTAAACTTCCAATGATAAGGCTAGCGAGGAGGAAAGCATCTAATGATTATCCAAGGAGCCCACTAGACTCGTGTGTGGTACTAAACCGGTCGCTTGCAATATAATTGGACGGGTCGGGCAGGCTCTAGGCCACGACCGGGGACCGGTCAGGCCGTCTCCGGAGTCTCCGAATGTTTGAGCTTCACGTTGACGTCCCGCCTCGGCGGTATGGCTATATCTCCCTGCAGGAGCGCGCATATGTATTTTGACCACCAGATGGTTTACGTCTAGACGATCCC,1972,52.03,Saccharomyces cerevisiae
SEQ_699446,TCACGACGCAAAATGGCCTGCGCTTCAATCAGATACGACCGATGCTCGCTGGGAATTAATGGCTTGCGCGACCGCTGATCTTGGGTGTGGAGCTATCGTCACTCTCTCTACAATTTCTAACGAATTGGGATCTTAGCTTACGCTCGCTGCACTTTCCACTTTGTACGCATGCGTCGCAGATACGGGAGCGGATTTGACCGTAAGGCTGATCAAGAGTGGCTAGCCCAGGGCAGCGACCCCGCGCCACTGTATGTGTCTTTA,261,53.26,Saccharomyces cerevisiae
SEQ_485128,TGCAATTACGCAAACAAATACTGCTAAGTCGGTGGGCAAGGGCGCCTCGTCGTCAGTTTAACTGAGTGGGAGATGCTCGCACGATGTTGCGACGTACGGGCTCCCGTGCCCTCCTACCTCTCCCAGTTCCGGTTATAGTCTAGTTGGTTCGACGCTAAACAACACTAAATTTGAATCTACTCCCGTCTAGGCCAACCGGACGGCGCCACAAGTATCGCACCGCGCATGCAGTGGCGAGTCAGGCTTAGTGTACCTACCCATTCGGTGCAACCCAAAAATCTAAGCGGTTCGAAGGGCCGGGTTTTAAGCATACGCCCCATTGGGCCGCTAGACCAAATATCCTGTTCTAATTGTCTATCACCAGGCAAGGTTTGCCGTCCCAGTGGAGCTTGATGGTACATTTCGAACGAGAACAATGGCTTGCTCGATCGCCTTTTTCGAGGTTGGTATGTGTAGAGAGAAGGAACGACAACTCATAACTTTTTCCCACCTCCTGACACGGCCGGTTCGACCACATGTAGGGTGAACATCTAGAGTCGCATGTTGTATACCGGTAAACTAAGCCCTCCGTGCGTGCCCATCTCCGGCCTAGGCCCCAGGTGACAACAACCGCTTCCCACGTATAACGAGAACCAGATCACCCATAAGGTCGCGTTCTGTCTACCTAGCTTAATGCCATACCCACAGCGGCCACAGCCACCAGAGACATCTACGTAATTAGATTGAGCTACAGGAAGAAATGTATGATTCCCTTGTCAGAGTGTACCCGCTATCAAATATTTGTCGGAGATTGATATCTACGAACAGGGGCTTCCCTGGAATCTATGTGAT,831,51.14,Mus musculus
SEQ_955306,AGAGGAGATACTAGGTCACAGCACCTGCCCCGTCGCGTCAATGGCGTATTACGTGGGCCGTACACTGAATAAGCCATTACTCGCTGATCGCCTATTGACTAACGTACGCAACTCGAAGCTCTATATGCGTCTAACACGTGATACCGGTACAGGTTAGGCAATGGCCCATACCGATATCACTGCCCCCCAGCATCATCCGCTAAAGGTCGACATTCAGAATTAAAGGAGCGGCGGCCAAGCTAGAAGGCAGAGAGTCATCGTGAATGGTCGGCACTAGGCAGCCTAATTAATACCCAGTCCCGCCAGCTAGGTGCTCTGCCTGCCGAGGCATAAACGTATCTTAGCGACAGTATCGTACCCACAAGGTACGGGTGAGAGTAAAGGACATCGTTACTTCGCAGTGTTGGGGTCGGTTACTATTGGGCGCATAAATTACACTTATAAGATCACGCGTCGCTAATAAGGGAGCTAACGGCCGAATTCCCCAGGGCCAGAACCGTGCCGACAGCTTTTTAAGTCTAGCTTATTAATCTAACCTTCAATACCACACAGAGATTGGGAACCAGTGTGCCCTTAGCAACTAAATGCACGGTCCTTGAATTCATATATGCTGCTCGGGGTAGGGGTTGCACCGCTCTGTTCCCTAGCTGCGTACTACCCTCATAACCGGAATAGAAGTACGCTCTTATACTGTCTTGCGGTTCCTCGCTACCACGGGGAATGGCCAGAGAAAATGGAAGTCTCAGAATGCATACACTGGAACACACCCGTAACCTGTGTAATGTATGACGAGACCATCGCAGATCTCGAGGCGTTAGTAAAGCTAGGTTACACCAGCTGGATCGACCGTTACTTCGAAGCTAACAATTAATCTGACGCATCGCAGCCCTCCAACCTCCCGCAAATTCTGGGTGCAAGCAGTCGGAGCCATAGTCCCAAATTCAGACCCCTATCAACGTACGTAGCGCAAAACTACAGTTAGGGGCTACCGGTCGCATACCAACTGGGGTACCTTGTCTCCCAACACGCACCCTGGACCAACGCTTAACGGATGGACCATCTCCCTCCTACCGAATAACACACTGTCCCGTCGTTGGCGTACGAGAGTTACTCGTCGACAATATGTTAAAGACACGCAGGGAATTTGTATACAGAGCTCTTGTGGTAATGCTGACCTCTGCAGGACGCGGGCTATCGATATGAGAAATCCACACCATAGGGATGGAGTAATTTAGCCTCCCTGACGATAAACCTAAGGCGCGCCGTAGTACTTGCGAAGATAGACACTTCAGTGTAACTCGTAAGACGGAGAAACCTTCTGCGCGCTCTTTAGGATCTTACCTTTGTACAGGGCCAGCTCTTTGGAAATCGCTGCGATTTCATAAATGCTATCGAGAAGGTTTTTGGACCCGTACGCATAGGTAGTCCCCATCAGCTTGCGGCAGCATACGCAACTAGCATTAGTCACATCCACAGTATAGAAGGCAATGATAAGAAACCTAAATATTGGCCACGAGTGTCGGGGCTAACACGCAAAGTGGGGCGAGAACCGCGGCCTCCAGGGGGTGGTGGAAATAAGAGCATTTGATAGACGCTTATACTCTTATGGGAGTCGAGGTGTGAGCGTTCATTAGACCCACATAGTGTAAATACACGTACTCACAGACCATAACCGATGGTTACCGATTAAAGATCGATATTTCTCGTGTTACATTGAGTTTCCCGTGTTATAGTCTTCAGTCATCATGCGCCCACCTCTGTTTCTTGCGCT,1771,49.75,Drosophila melanogaster
SEQ_212982,ACCGTTCACTCAGTGCATTCACGGGTATGCATCCCAATATTCCCGGTAGTGATGAACCATGCTTGTCACTTCCTAGCCGCGTGCACCCTAGTAGTGCCGACCGCACGATTCTTTCTGGCGGGCAGCTTCGTCAAGCATCTGGGAGCCGCTTGTCGCGATCACAGAATCGGAATTTTAGCATTGTCGTCGACCTGGGACTCATAGTTTCTCCTAGTCAGAAAGACAGCCGAAAGCCAACTAGCTACTGCTCCTCAGTTCGATACCGTTCTAGCGGCCCCGGACTCGATAACCTCCGGACGGGCACCTGGAGCGTGATTATTGCGAATTTATGCGTCCACGCGATCAATACATAGAACGTAACAATACATTCCGTTGGGGTCGCGGGGGTTATATGATTATTGCGTAGGGAGCTCGATGCCCAAGCTCTTGCTATAACCCCATTTCACCAGTCCGTTTCACGGTTAAGCGGCAGGCACTACCGATGTGGGTGGCTCGTCCCCACTGTCGGACAACGAGATGCGGCATCTTACGGCCTATGTTTAATCGCTATTGTTGACGTCGAATATGACGAACGCCTTAAGCCCACACCGTACCACCTCCTTGTACCGCCCTCTGTTGCCCAGTGCTGCCCACTCGCCCTGGCTACAGCCGCTTCCTGAACCTGAGACACGTGCGTCTCTTGCCGGCATTCTTGTGGTCGGATCATCGGGGACCTACAACCGCAGAGCGTCGGGGGGTGTGGTACCCGACTGAGTATAGTTCCCATTTCGCACAGATTCTGAGAACCACCCTGGTCAGTCTTCGCCGGCTTGTTGCTAGTTACCAGCATCGGCACGCTCTACGAGTTTTTGGTAGAGCGCAGCGTAGTGGGCGACCGTACACTAAAGGAAAAACAACGGCCTATCCAGCTGCACCGGTACTACATACAAATCTCCAAGCTCACTCATCATTCAGGCCCTCCTGTTGCCCCTCGACGTATTGATATGTTTGTTATTTACGGACCGCAGAAGAGACAGTATGTGGAGTATTTGCCCAATTTCAGACAGTAGGGATTGAAAGACCCCCTTTCTAGGATCTTGCATAAGTAGTGTTTACTTCACAGGAGCCGAAGGACGGTTGGCTCGAGCTTTGCTTCTAAATCCGGAGCACTTTTAACGAGGACCGGCAGCAGTCTCCCATGACGTACCAATCAGATTTTGGTATGTATTTGCGTTCGTACAGTCACAACTACTCATACTCGCGTACGTCGCCGGCTGCGATGTAACAACGGACGAGTACGGATATCGTGTCATGAGTTACCCCGAAACTATATCTAGGTTCTTACCAGTAAACTCAGACCCAAATCTGTGAATTTCGATGGAACCTAAAAGACGCATGCTATTAGGGTTCACTTCAATATCGATGACGGACTTATAGGGCCTCCCATCGCCCGTGGATACGCGCTCACGGCAAGAGCGAAGTTCAAGCGCGCGCCCAATACCACGCCTGTGCTTGGTCGGCCAAATGTGGCTAGGAACTCGCTAGGATGTAACACATATCTCTTGTGGAAACGAAGCAGTGTGGTATGACGTGGGCACCGGTTCCCCAAGTGTTATAGATTAGGTACTCTGTTCCGTGGTTCTTGATTGAGTTGCTAGGACAAGCTCACGTCCTAGCGCCTTCCCCCTCCATGCAGTAAAGCGCCTAGGTGAAATTGTTTCGCAATACCTTACAGTGAACATGAGGAATCTGGCGCGCTACAGCCAAGCGCATCCAGAAGAGCACTATGCCTCGTAG,1776,51.97,Escherichia coli
SEQ_681926,CCCGGCGACAGCGGCGAATCTCCGCGTGGGCAGCGGACATGCGTCATAGACTCGCTCAGCTAAAGAGTGATGCTCTGCTTGTGTCTGACTAGGTCCCGAATAACCACTATAAGCACGCGCTACTGCGCCGGCGGTCTTGATAACTCTTCCGCCCGTCAATGGGACGGTATACGCCACTGATGTTTTGCGGACTGGCCAACCAACAACGAAAGCTGGGTATCAGGATGCTGAGACTGAACTCTCCACACGGCCCGTCAATATTCTGATCGATGCCGCCGCTGCATTGATGCTCTCAAGTACCGTAAACTCGGATGGGATATAAGATGGATCACTCTGTGTTGCTTGTAGTCTCAACTTGGAGGTTCCTCGCGTGTCATTCGCCCGCACGGGTATTGAACAGGCTACGACAATAGTAGTTTTCCCGAGATCCGGGCCCCCAAAGACATTCTTCCGCCCGGGGGCGCGAATCTCGAGCAGTGTCCATACAGGATCCGGCAGTGCGGCTCGTCTGCTCCCCAAGTTATTCCCCTGGAATTTCCCCCGGCATGTTATCCGCATATCCAACTCGAACCCATGATTTGATCCTTAATCGTGAACCCCAAATGAGGGCAGCCTGCATGAGTCTTACCCGCCATTCTGGTAAGGGTTTAATTTCAAACACGATTCCGGACATCAGCCGGAGATGTAAGCAGTAAGTTGTCTGCCCTGACACGCCACTAATTACGTTATAATTGTCAGCTTGCTTAGATTCCGATAAACCAGAACGCAGGAAGCACACCCCTGACCCGAGCGTCTGATACCTAGAGACAGGCGCTTGCTGAGAGATTATCTCTATCTAATGCCTGCTGGAACCGATCCCGTAATCCGGGATGTAAACCAAGGGCACAACAAAAGGGGCACTTGAAACACTGGGGAGGTTGACCGTCCGGCATTAGAGGGTCTCCCTGCCGGGAGGGCGAGAAGTTCACTCGCTAAATCACCAGGTTTCATCGGTAGTTCGTAACCTGTACTCGCGCATGCGCTAAAAGGGCACACCACCTGATTCTTCCTGCACTACTTCATACATCCTCAAAGTGGCTAGCGGCATGGCCTTACTAAATATACTCTAAGCGTTCAATAAGTTAGTGAAACTGAGGAATCTTGGCGCCCTAGTTGCACTGATAGCCGATGACGGCGCGTCCCCATCTTTTGGAAGATACCCCGTACTAAGGAAAATCAAATTGTCCAATTCAAAAGTTCACCCATGAGTTTTGCCACTTTATACGGTCACCAACACCCATAAAAATGGGTCCAAAGTAACAACGGAGGACGGGAAAGGAGAACGCTTATAGAAGCACACTAGGACCTGCGTTACACTTCCTTACCCGACTGCGCGAACCATATCAACTGCTTCCGTCCGTACTAAGTGGTATCTGTTCGGTTGTCTTTGGCATCCCCCTCATGGGTCGAGAGACCGCAGAAGAAAGTCCGTGAGGCTCAAAATATACCCTTCCATATAGTTATGCTCACTGCCTTGGAGGAATGTCACGTCTGAAACATTCTACTGAGTCGCTCGCAGATGACCCGCTGCAAACTCAGCGTACCTTAAGTGCCAGTGGAGGGCCCGAGTAACAGGCGAACATGAAACCACGTGGGTAAGTACCATACCTCAACACTCCATATGCATTCGATTAGCCACTCTGACGAACGGGTAAGTGACTTTGATCTCGCGCCGGCAAGCATCAGATGAGTTGTACTGTGAGGGTGACGGTACGCGTACGAACTGTCCTACTTACAATGTCTGTTGCTTTATTCCTAGAGGGCTTTGGCGATCTGAAAGTGTACCATTAATCCCGGTCTCACAAATACGCGAGGCGTACGACTGTAGGTTGTAT,1874,51.07,Mus musculus
SEQ_184234,ATGACGCGACGGGAGACCCCCTGAACGCTATATCATTGTGTGTACGCCGCAATGCAGGTATCAGGATTCCGGAGGCGCCAGCGGGCGTCATAAAACTTCCACAATATAGCCTTTCAATGAAGAGGCATCTGTGCCGGTTGGCCAGCGTCAGCACACACGTCCGAACTGTCATATGCGTAGACTATCGTGTACGACGAAGATCTAGGAGATCGCGAAGCGACCGAGTTAAATTGACACATGCGCGGTCTATGATGAAGTTTTGTTCGTACGACCTCGGAATTTTTGACGTGATTGCTGAACATAAAGGTTGCTAGAGTGGTAGTAGGTCCGTTAACACCCAGGAATAGGTCGTCCTCGACTCAACGTGATATCCCTATGTATATGAAGTCACCAGCTCGGCGAGTTTACGGCCCCCTTCATAAGGTTGGACTGGTTATCTAGCGTTGCCATGCAGGCTCCGATAGATTACCATGTACTCTCTACGCCCGCGACTTCTGTATAACCTAACTCTAGTACCCGAGTAGTCATCTAGGGGCGACGATTTACTATCTTAGAGTCAGCAGAGAGTGTTGTGCAAGCTCGCCGGCACACGTATCAGCACCAAGCCATGCCAAAGTTTAAACCAGACCACACGCTTATCTGAGCTGTCAGGTTTAGTCTGGGCACTAGTCCTTCCCCCCGAGATACGGAACCGATATGTGAGAGGTACCAGGTTGCGTCTCAAGCCAGTGAGGGCTAGTCCATGGCCAACTTAGACTCCAAAGTACCGTTATCTAGCTAGGCCTTACCAGTAGCGGGCGTATGTACGGGAGTAGTTCGGGGAGCACAGATTTTCATGCGCCCACCCGACCTCAGGCACCTATAGCTGGTAATGACTTATGAAGTGGAAGTCCGCCAAAACCACGGAACGATAGATTATCTATTAATCAGTTGATGGCATTAGTGCTGGGCCTAGTCTCCTTACCGATGTCGAGCTTAACGCTGCGTTCTCAAGTCCTATATGGTGCCCGGCAGCGGGCCTATAGGCGCTCCTCCTCGGCTTGTGCCCTGGAAGTCGGACCTTTGGTACCTACCTTGAACTATCTCGTAACATCTCAACTTGCAGACGTGGACTCTACTACTCCCGCGGCAAGTCAGGTCTATATGCGGTGTAATTAAAATACTAGCGGAGATGTTCTGGAACCAAACTGAGCAGATGGTGCCCACTAGTAGAACAAGGTAGGGCAGAGCCCATCTCGACGCAGTCTCTCAGTAATAAGGACCGTTTACCCACGTTGTTACTCTGTGTAAGGCGCGACTTTAAGTCTTCGCGGTCAATGACGTCCAAATATTAGGCAACGCCTTCGCATAAGGGCGCCAGTCAGAAATTCGCGACAGCCTGATTTTAACTATGTCGGGCTATGCCCTG,1408,50.85,Escherichia coli
SEQ_111197,CTAAGAAGTGTAGGGCTCGGTTCAACCGCAAGCAAAAATACGCGTCTACCTATTGCCAAGTCTAGGAGCCGAGGAACCAATAATACCTTTCCCAACATTTAAGTCGTTCTATGTATTTAAATGGTATCCAGAACTAAGTTGCGACTGGTGCTATATTCACTTATTGCCTAGCAAAGTTACGCCGACCGGAGACGCCCGGATGACCGCATAACCTGCGATTTTACGGCGTACGCCGATCCCTATCAGTTGCTCACGATTATGCTTTTGAACGAATGCTCGCAAGAGGGCCTGGGCTACAGTTTTTCCTGGTCCCGCTCTCCCCAATTGTTCAATGAGATAGGCAACCCTCCTGCTGTGAAGAAGGCGTTCTGTATAGCTCTGCTTGATTATCGTCATTTTTCATGGTGCGGGAAGTCGGTTGTGTAAGTGCCGCCCTTTGGGACTACCCGTGGTGCCAGACGTAATAAGCGACGGTTTCACGATGCTGAATATAGGCCTATACTCCAGAAGTGGGTGTTCCTTGTCATGCCAAGCTCGTAGATTAACATCAGAACCGCGAACATTGATCTACTGAGGAGGAGACTCTCAAGGCTATTGGGTTCCTCACAATAGTGTTCCGACCGGGTCCCGCCTCTATGCTATACAGCTATCAACCAGCCGCGAACATGCATGGGCTTATGTCACCCCTTTATGTTAATCCTCATTTCCACCTCCTCGATTTAAGTCTTGAACGCCACGTCTACATATTACGTCCTCTGCTTGATATAAACTCCGTCACGCAACGATACCTTCGCCAGACTAGCATAGTTCGTGTACCAACCTGAAGAGGTCGGGATTAACTACAAAAGTGCATCAGTACAGCGATCGTGTACTAACGATTGCGGAGTCTACAAGGTGTAGTTTTGGCGAGGACACAGCCCTGCACCTGTACGCCCACCGC,940,48.94,Escherichia coli
SEQ_412773,TGAGGGACCGCATTGTTCGGTCATTCTTTGCCTCCCCATACGCAGTCTCAACGTTCTTCGCCGTGTGATAAAGGTGGTGTACCTCCCTCCATGATTTGTAAGCCAGTCAGACAGTAAGTACGGATATGTAGTCCAGGGATTATACAAGACGAATCACAAGCAGCGACATCATCGACCCAGAGAAGCTCTCGGCAAAGTAGTGTAAGTTCATTCCGCGCTGGCACTCGGTTCTTGGCTGCCACCAGCTTAATTTTCGGAGTTGTAAAAACCAGCGCGTACTAGCTCCACCGCACCACATTGTGATAATATGATCTACTGCTAGCCAGGATAGACACCTACGCGGGTTTGGCCTCGGAGACATTAATTCAGTAAGGTACACGGACGATTGCGAGAAAGGTACCAGCTCTAGCAGAGCACCGTAAGAATTATAGCTCCACCAGTAGCTATACATCAGCTGAATTGCAGCGTTCCGGGCTGGCGTTGAGGCTCCGCCCCGCATATGCACCTTTCAGCGCACGCTCCCTTTCACTGATAATTCTTTGGTACC,547,50.46,Saccharomyces cerevisiae
SEQ_470014,CGCAAGTCTAGGACTCCGGGCTCGTGGAGTTGGTTTTCGCTACAAACCTCAGTGCTTACTAATTAGCTGTTCAATGTTACTCGCTGGCCGTGCTAGAATCAGGGGCTCAGTTTACGTGGCAGATGTAGGATGCCATCGTCCTAGGGAGTTACTTCTTGGCGAAAGGCCTCTGGCACACCCCTTAGCAATCTGAGCTTGAATCTACCATCGTTATCTTGACCGAACCCGCTTTTTAGTTCGTGGATTACGACCCCTGAGAGTACACTATGCCATCATTAAATGAGATTTTTATACCCCTTAAACTCCGGTACATTTACATCATGATCGCCGTAATTCAACAACGATGGCCCCCACGGGTGGGACGAAACAGGCAGGCAACTAGGCAGATCAATCTATGTACCCATATTGGAAACGTAAAATAGATCAGCTACGTCAATTCTAGTTCGTTGTCGATCTACTTCAAGTGTACCCATAGGAGCCGTATTGTGCGAACTAAAGGGTGATAAAAGGCTAAACGACTTGCCATTATCAGGCACAGGGTCGTGTGATCCAGGACCTGCATATCGAATGTCTCTATGCCGTACGAACTCGACTTGTGGTGACGCCGGTACAAACCGAAGGGTCTCATATTACCTTAGGGTGGCTCGATTCAACCGTGTGGGACGGTTTAGGAGTGCACCTCTCCGCACGTATGGCGCACTGTCATGTTATAATATCACTTCCGCATGATCTATCCAGCATAATGGGAAAGCAATAGCAACGGAGAGTATGGCCACCATCTGACAGGTATGCCGATCGGTGGAGTTTTCGGCGTTATTGGTCGAGGTGAGTTAGGAGTCAGAATTGGACCCCAAGGTTATCTCGCAAAAGACTTGAGTAATGTCCCCAATATGTAAGCGTATCACGTCCATAGATCCGCACCTTTGCTGGGCGATATTGGGATTGAGGAGACAACGGCCTATCTTGGGCAGTCGGATCGGCTTAAAACATAAATCTCCAGCAAGCCCTCGAGGATGTTCCTAGTACGGAAACTGCGCAACCTGGGAGTCATCAGAGTACTAGTATCCCATAGGTTATCTTTTTGAAGCAGGGACAGAAACGACCCATAAGCGACTTCAGGTTTCGCGCTCAGCAAAGCTGCGAACAGGCAGGCCTTGCTGCACCAGGATAGATAATCACAGCACTGGGGGCCTCCCGCCATATGCGGTCTTTGTAAGCGTATACTTAGGCCCACCGGTTGGAATGGCGGGCTAGCCTTCGGCCGCGCGCCTCCATAACCACCGACGGTGTTACACATCGGAGAACCGTGTGGTTGCGGAGTGCACTCCAAGGTCTTGCCACGACTAGAATCAAATGACTTAGGAGTCCGTTATCCGTTGCTGTACCGGAAGTCTCTCTAATAAGCTAGTCTCTCTTGATGGTCCGCCAGGTCCCACGTAATAAGACCATCCTAAATCACGAAAGAAACAGTAGTACCCGGTCACCAAGCAGTTACAACGCAAACACGCAAAGTTGTTATGCGCCGGCAATACTTAATGTTCCTTGAGTATGAGCTGGTACCAGGTGGCCTTCCGCTAACGACGCAAGCTATAGCTTAATATGGGTTACAGGGGATGTGCCCTAGACCGTGGCGG,1634,49.82,Saccharomyces cerevisiae
SEQ_549864,CCAGTTTTAAGTCATAGCCAAACTTCGTGAAATACAGAGCCTTCAGTGATTAACCGTATATCAAGAGGTGAATGCGTTCCCAATACTCTCAACTTAAGTGCCATACACCACACGTCTGGCCCGCGGATGATATACCTCCCGCCGTATGGCCAACTCGTGAGGGACCGGATAAAACTGGAACGCGCTGGCATGTAGGCACAGACTTGAGACTGAATTCTGGGCGCTTTTCATAACAACAGAGCGCAAGCCCAAGTCCGTCGTTAAATAGTACCGGACGGTACATTCCACTGGATTGTACAAGGCTCTGCCGCTGCGGGGCGGAATAGCGGCGCAGCGGGGAAAGGCCCGTGGACCGTCTTATTCCTGTTTTCCGCCGAAACAGCCCACACGGCCGACCGTGAGCGTAGATTGCGTCCTCACCGGACGCTTAACAGGCTACCCGGTGGTTTGCGCCTCTATTATGCTTCTGCCTGCACCTTAGTAGACGTTAGGAGGACCTGCGGATTGTACGTGCGCGACACATGATGCACAGGCAACTGCGGATATTCGATCACGGGAGCTTTTCCCGACAGCATGAGGCACAGGTCGTTTGGACTTGCGATCAATGTGACAGTTGCACATCGTGCTTGCTCGCCCAGGCCACCTTGCTCTGTCACTTTTAGGAGAGAAGTAATCCCGTGGGTTGCACTTGTCGGCACGCACAATCCCTTATTGGTCGCAATAGTCAACAAACGCGTCCTTTTGGGTCTTTTACCAGCCTTACGAGGGTTGTACCTAGGGGTTCCCACAATAGTTTTAGTCCTTTTCGATCTGCATAGCCCCTTGCATCGTCGCTAGGGCTAGGATCCCAGGGCGCTGCACCGGTTGCCGTCTGATATACTATGATGAGAAGGCCTATTAGTTAACGGACTATATTCCCCACCTTAAGCGACAGTGTGGTCAGCTTCGGAGGCAGCGGGCTATTAGAAAATACCGGGCGAGTTCCGCACCAGATCTTCGGGAAAAAGCAATGGGATGTACCAGAGTGCTATCGGAACTCATGTGGGCTCTGTGCTTCACACCGTAATTCGCTCAAGAGCCATATTTGCGTCAGACAATCAATTTTCGGGAGCACGAGATTTGTATGTCCATGCCCGACGCAACCTTTCGGAATAGGTGGAACCGCGCCTAAAAACATGCCCATAAAAAACTTACATGCTTTCGGTTGTGTGGGCAGATATCTGCTGGTGAGTAAACATCATAGGTGGACTATAGCCCCTTCTTGCGCCGCCCTCTGAACGCGCAGCTCCTGGACGAGTCCCTTTTACTTACTACATTATCCGATCTTGAACTTGGCTGCTCTCAAGGGAACCAGACTCTAGCTCTGTTATATCTTGTCGACCCCAAGGTTTGGCATTGATGGAGTTAACTACACACTTCTAGGCGTGGTACGGGAAGTACTACTCTCACCGTTATTAGGCGCGCGCTCACGCGTAGCGACTGGGGATGATCTAATAAACTGCCATCAACACTTCGATACCCGACGCAAGTAAATCTATTTGATAGTAGTGTTCTGATAGGTTTCCTGATTACGAAGCACCCGCGAGATACTACCGAGGGATGTTGTAGGAGGCAGATTACGTCCCATT,1628,51.29,Drosophila melanogaster
SEQ_881421,CGTTATCCCAAGTAAAATCACTACGTGAACATCGGAAAGTATCCAATCGTGTGCGCAGCAACAGTCTTTCAGGGTAGGATATTATTGTGGGGGAGTTGAAGATTACAATGACGAGTGATTGACAATGTTCGTATCCTCACCGCAGATTTAAAGGTGTAAAACTGTTCGAGCGGGCAGTCACGAGCAGAACCGACTCTGGATGTCAGTGAAACAGCCCGGGGGAGTCGACGTGGCTGGCCTCTGCCCGAGTAGGCGTAGGTCTAGATCGGCCGGGGGGTCACAATATGGTATACGTTGTGTCATTTAAGCGAAGAAGCGGAGACACGCTAAGGATGGCTACACGATTTCACTGGCCAACCCGAAGGCATGAACCTAGGACCTCAGTATACCGGCGGGGCGACTAACACCCATCCTAGAACTATTATCAGAAGTACGACTTGAACTTTGTAACCGATACTATGCTGTAAAATGAGGAGTACAGCGTTCGTATCGCTAAATACGTTAATTGGCTATTTTTACAACTCGGCTCAATAAGAGCTTCATGCGTATAAAGCGAAGCACAGAGCTCTACGAGTAAATACACTTGACAAAAGGAGAACCCCAATGTGAGGATAAGCCACCCTACTGTCGAGCACAGCCGACAGGGCAAATGGGACTGAGGGGTCTCGAGACGTAGAGACGTAATATCCTCAGTCAAGATTACCACCTTGACTATCATCGGACGCAACACCCCCAGCAACAGTCACTAGACAGCTACGCAGGACCCTCTGGTATCAAGTCGAGAAAGTCCCGAATTCGCGGGGCGCTGCGGTATTTGGGTTGCCTGCGTTGTTCCGGCGGGCGTTCGTGGGCATCCTTAAGGATTACGAGTCCGAGAACTCTCCGTATCAAGAGAGATTTCGTGCCCCTAGCCAGTTGCGTCAGGTCCGCATCTAGCGCTCCGTAAGAGCACTTAGGCCGACGTTTTGGGCTCAACCACCCTGCTATGCGATCAATAGCGTATGGAATGGAAAGGACTTTCGACGTCAGGGTGGCAGAGGCCACTAAGGCACGTGAACTGCCTGTAGGAGTTTCCGGTTCTCCATCACAAAGATCGACTGTAGTTTCGAAAGTGGTTGATTAGGTCTTTGAGTTTCCCCCGTTTGTAACGAGGGTTTGGGAAAACGATCAGCAGGTGTACGACCAAGACTTGGTGAGAGACTGTCGGTGATTTGCTCGTCA,1221,50.45,Arabidopsis thaliana
SEQ_902542,ACTGCCTCGAAGTTGCCCCCTTCGAGTCCATATATAACCTCCCCTATGCCCCAGCAGTAATAATATCGCGAGAAAGTCACACATCCGCACAGGGACCTGGCCGGCGTAGCCGGGTTGCGTAACGCGGCGGACAGCAGCCCAATGTCGTCATCTTATACTGGACCCCAAGACGACCTGGGCCACATTGTGTACCTAAGCGACATCCGGGGCATTGATCCGTGCTTAGCTTGTTCCAGGTTACCTAACTTTAATCATCGGGCAGGCCCTACACTTCCGCGATCACACACTTCACTCCGGATATGTGAGTATTGACACAGTTTCTGGGACATCATAGTTGTCTCGTCCTGCTGTTAC,354,53.39,Homo sapiens
SEQ_682302,TCACGTATCAGTTGGTGTACCACGGACCGAATGCGTGGAGCGTTTAGAATTAGAGCGCAAAGGGCGGCTCTCATGCGCAATATCGCTCGGCATATTATACCAAGAAATAGTGCCTGGCATGTTCAGTCGTTAACGCAGGACTATTAGCCCAATGGGAGGATAACCTGAGGCGGAAGGCGTGCTTTTATGGGCCAAACACGCCTACTAAGTGGATATACTATCTTCCTCTTGACGTGCGGAAGATTGTCAAGTTCAGGGTCGGTTGTCGAGAAATGGACAGTAAAGATATGCTCTATCCCTGTGGGAAACGACGGTTTCCCACCTGGGTCGGCACAAGTGAATATCGATGCTCATCTGTTGACACATCCGCGCGAGTACGAATCATACCCACTCGGTAAGTCAGATCAGCGCAAGTACTGACAAGTTGGTTATTGTATGCGGGTTCCATGCCCTACCATCGGCATCTTGTAAGTGTCCATCGTTCTAGCCAGGTTACGGTAGAGCTCTAGAGGCTTATCTCCAGTGATTATAAAGGCGTGCTTTGAAATGGGGGACAGCCAGAGCTGCGTCTCGTCTACGTAGCCATATGCTGCTCCAGCATAGAGACCTCCCTTTCGCACGCCACTTGCAGGACAAGTCTCAGACCCAGCGAATCTCTTTGGTGCTAACTTTGCTGTTAGATAGGCAGCT,690,50.14,Homo sapiens
SEQ_944433,ATAGGGCTAACTATGCGGTCTGCGGCCTGACAAGGCTTCAACACGGACCTCTAATACGTTCCTGCCCGATCCGGGCTGCTATGTGGAATCATTCACATTCCTGAGGAGCCCTGCTTGTGTGTAAAACTCATGTGAAATAAACCATGCAGGAGGTGATAGCCATGTCGTAAAGTATTAGTGGCTGACCGTGCATTTGGAAATCCAAACCACT,211,48.82,Arabidopsis thaliana
SEQ_161646,TCCCTCACAACACAATATTTCGCTTAACGATCAAGGTGCTAGTAAACGTGGCGTGCGACATAATTGATGGTGGGCGGACTCATGGGTAAAGGACTTGGGGCTGGACTTGGGAACTGCCTTGCATTTGCAAAGGGCCAGGTCAGGCCTGGGTGAACAAGGAACTGGGTCCGCTTCGACATGTTGACAGCTGGTACCCTAGCTTCGCGGACCGCGCGGGGGGACTTACCTATACTCATCGCTGGCCCGGCGTGTACATCCCTATGTATCCGAGTTCGTCCTAAAAAAATCACAAGTTGCTGCTTGCGAGATCCTTACCGTTACTCCACACAATTATAAGTGTCTTACTGAGTGTTCTAAGAGCACGGGAGTCATGCATGCACATTGCCCCCGTCGTTTCAAGGCCCTAGTAAAGGCCGCCGGTTATGCAACGATACCTTTTCCATGGAGCGGTGCATGTTTAGCAGATCTTTTGAAGAATTATCCTGGTGGATCCCAACCCTTTATTGAATCAGAATGACTCTCCCTGCAGGACTTTGCGAAAGCATCTCAATACTTAGCCGTATATTACACCGTCTCAAAAGTTGACCTAACTATCCTTTCAGGCTTAACTGTTATCTATGTAGCACAATCTTCCTTGGTACTGCGCTTACATATAACCCAATTATCGTTATACGAATGCCCGAAGCTGTACGAAACTACGAACGCCTGCGCAACCGACGACCCCACGGCTTCGCGACACCATGCAAAACCACGCACCAGAGTGAGACCGTTCCACTCAAGACGTGAGACCATGGGCAAGTGTGTACAAGACAGCTAATAAATGTCTCTCGGTAGCCCCCCTGGACAATAGGATTCTGGATAATTTCCTCCATCCCGGCGAGACGGTATCGAACTTCTCTGTACGAGCTTCTGATTTTCGTCTACAGTTCCTTCGTCAGGAACGCTAAGATATTCGGTGTAATGGACTAATAATCTGCCATCATCGGTGGGTAGAGATTCAGATCGGCCATGTCCACTGAGATGAAGCGTGTGCTAAATTAATTAAGCCCAATTCCAATAAGCCAGGTGGGAAACGGCCAAGTCCTACAGGGATCCACACCCAAGGCTGCTTTTAGGCTGTGTTTGGCTGCACGTACTGCGACCAAAGTCCCCCTACATCATTTTCTCGCAGCGTCGATGAATGTTATGAGCTATCTCGACTACTTGCATTCAAGCTATGATAACATATCTCTTCCATCAGGTCCCGGGAACAATACGGGTTGTAACCGTGCAAAGCATTCCGCATGAGGCATAGGCGTTCCCAAATTTCAGTTCCTATAGTGCAGTATGGATCACCCCCTGTACTGTTCGGTAGTTGTGGGATCTCCCCCATATGGACACGATAGGAGCGTGAGAAGCACCTATAGTGCAGCCTAGAAGCGCTTTCGGATGTAGAGAACGGTAATAAAACGGGTATACAAATCAAAGACAGTGTTTGGACAGTCTCGATAACTACGATCTACCGTTGCTTTCAGTCATATGAGATGGGTGGTTCAATGGGCCTACGACAACAAATAGCCATGTAGCCCATGGAGCAGCAAACATATAGTTGGACACCAACCTTGTCTCCTGATGGGAAGGGTCGAGCAGAGCATTCTCCACGGGGGCTCGTTGGCAATTCAACAATCTGCCACACCGGCACAACGCGACCAGGAATAAGCCTTTGGATTTGCCGTTATG,1719,48.92,Homo sapiens
SEQ_744973,CAATCACTCACAAGACCAATCCTCCTCCCATTTGTTGCAAAAGGTGGCGGCCAAATCCTGCAAGTAGATCCTATGACTCCCGTGATCCGCGGATCCGCGTAACATGGAATCTGACTGTAACGGCGATTGCTTGAATCCTAGCACCTGTGCTGGTATTTGTTATGAACTTAATTCGTCCTTGTGTGCAACATCCCCTAATTGCCCCGTAGAGTCTGGGGGATAGATTTGCCACTGATTACCTGAGCCCAGAATAGGTTGCTCGGTCAGATTTTGAAGCAGAAAAGGAAAGTTCTTTCTCTCAAGTGCTAGCTACTACTCGATGATCAGCTCTAGCTCAGTAAGACCTATCGCGACGGCGGAGCTCCGTACGTTCCCACGAACTAAACTCTTAGGACATATCCGGCATTCGAACCGAATGGTGCACCTCGTTTAATAGGATTGCGGCCCTCTCAATTACAATTGGATGGAAGTACTTAGGTTTCATGTGACGTAGGGTCTAGTGAGCAATCAACTGGATTCTGTATACTAGAGATTAATGAATGTTGCTTTTCAATTCCGGATTCGAATAGTTTACCAGTTCGGTGTTAACGCCTTCTACCCGAAACGTCGTATAGTTGTATATCTCAAACTACAGGGAACTCGATTGCTAAACACATACCCATGTGTTTGCGATACTACCGGACCGGCGGAGTATTGTGCATTAATATTACATGCCCAGAGGGGTATTCCAGGATTATTTCAGTAGACCCATCTTTGCAGACCGCTCAAAGAGACTGGCATTAGAACACTAATAACCGAAAGCAGTCATGCTGTTACGAAAGTATTATAGGTATATATTGAAGCTCCCATAGCACTGATCTATAGTCTGCCAAAGTTAAGGATCGTAGCGAGTGCGAACAAATGGGGATCCAGCATTAGAGTCGGTAGTCGTATAGCTTTGTTGTCTTTTGAATGGGTCAAGAATAGAAATCGGGTCGGGGACCCCGTGTTATTAAAGAGGCCGGTGGCTAGATATTTCGCATAGTGACCCATACTGATAACCGCAAGTCTGGAATGCTATTTGATCAATTCCGCAAGCAACAGCCTCCCAGGATTGACGAGTTATCCGTGTAAGCCTTCAAGAAGCCTAACATGCTGATTTTTGGCAAGGTCCCAATGTGTTGCGTTACTCTGGACCATAGGTCACTAACACTCGCCGAGCCCCTCCTTGTGGCGTCCCTAAGGAGTAGGATGTCGGGCCTGTCAACTTGAGTACTTTCGTCTTGCAATTTAATGACAATCTCTCTATTACCGTGGTCCCTCGGCGAACCAGCACCCCATGGAAACCTAATTACTTTCGTTGGTTGTCGTCTCGGAGAAAAACCCACCGTCTGAAACTAGTCACATGTGTTTTGCGTACGTGGAAAGCTTCTAGTTTGTCGAATCTCGTGTTGTTCATATCCTCAGAATTGTGAGGATAATCTCTGAGTCGCGCGGCGCAATCGCCAGCCTACTTGGGTCTTGCTTGCCGTGCTAACGGCGAGTTAAATCCTAACTTGCCACGCCCTGAATAAGTTAACTCACTGGGCGATTGGTGCGGCACTGCGATCATGAAGAAGTCAGGGCCATGACATGCCCTGCAGCAAGTACATCGTGTTAAAACGTTGTGGCCTCATCTTAGTCGAAGGATTTCTTAGTGCCAATCTAAACAGGTCTTTCCTGAACCAGATCATATGAAACCCATTATTTGCTTGATTCACCGGCACGACAGCAAAATGATCAGTTTTAGCCGAAAAGGGATAACCGGTGGCTCTCTCTATCTTCGGCTCGTTCCTGGAACGCTCTAAAACGATAACAGCGCTTATAGCTTCGACTGGAACCTTTGGTTGTTCGAAGTCCCTTGCGCGGCGGGCTCAGCGCGAGCAAGCACTGTGT,1914,47.02,Drosophila melanogaster
SEQ_136679,TGGATAGTGCAGGCCGTATCTTCAAGCATCAATCTTATCCTTCACTTTTTGATATCGACACCATGGAGGTATTGCTCTCACCAATTTCTCCTACGAGAGTATGCACTTTTCGGCCGAGGGTCCTACGGGGCTGAGTGTCACTGCACCTGCCTGTAGGCCGCTTGGAAACTACAGCCTCTAGGGTCCCAGAGTTCAAGATGGGTACGAACATGATAGGC,218,50.46,Caenorhabditis elegans
SEQ_334540,CTTTCTTTACTCACGAGGCTTTTCGCAGACATTATCAGATTGACGTGACGCAAGCGGACGTCGATTTCAACTACCTAGGGTTGTTCGCTATGATCCCTGCTGCGCGGAGATCTCCCGTTGATCTTTTCAGTTAGCGCTAACCCAAGGGGTGGAGCGTCGGGAGCACGGATTCTCGTACCCTAAAGTTCTGGCGTGCCCAAGTAGTCTTATTCACTTCATGAACCAGATATATTCCATGCTGAGGGAGGCAGGACTCAATTTGGCATAAATATCGACTGCACATATCCGCGAACGCATAATGTAAGACAAGTACCCATGCCTGGACAATTAGAAGTAAGGGGCTTAGCGTAGCGTCCCGTGGGAGGGCGTTAACTCGTAAGACTTTTAAGTCACTGTCAGGCACACATGTCAGCACATCAGATCAGTTAGTCTCTCAGCAATGATTGCGGGCCCCGAGTATTTCTGCGCGATTAGCAAAGTTTGGCTCACTGACAACGTGTAACGCCGAACTCAAATGGGGTCATCCAGTATAATCAACCAGCCAACCATGACTTTGGGTTCGGGCGTACAGTGAAGTCCCTAGCAGCTCTGAGTCGAGCTGCGTTGCGACCGGAAAACCGCGTTAGCTTCGGGTTCAATCCTGAGATCTAGCACGCACCTGTGTTTCCGCTTCACCATCAGGCCAGTAAGGGGATGGTTAACGATAGCAGCACCTAAGTTTTTATCTAAGATATTTTCTTTTCGAGAGCGAAGCCGAGAGAGTGATACCTTTTGATCGGCTTTGGACTCTATCAAAGATCTGACACGAGCTTCCAGGCTCTCCCCCGCCCCTACTAGATGCATCGGGCGTCGACCGTTCTCAGCAGCTAGGAGTGAATGATTATCTCAAGCTATATGCACTTGTTTAAGCTGGGATACGAGGGTACGTGATCCCTACGCTAGTCCTTCCGGT,952,49.89,Escherichia coli
SEQ_448259,ATACATTGGGGTTTCGGAAAGAGGCCTGAATGAGCCGCGCTGAAATTCACCTCTGGAGAAGCGTCGAAGCTACATCGAATACGGCTCAGGAGAATGACGTACAACTCGAATATCAATAGAAATCTCTCCCCAGAAACTGGTTCATTCAACGGATATAAGTATATTAATAACTAACCGCCGGTCTAAATTCTCATCATGCCGTGCAACAACTTGCCCTAGGGAACGGCTATGTAAACGAACTGCAGAGAGCGTCTATTTATTGCTACACTAATGGACACCTGAATGGCGCCTAGGGTCATTGTATGGTGTCCAACACCATCTCAAATCAGATTGGAACGGTTTATTAGCAGTCGGTTACCGTTTCTCTTGACGTGTCTGTCTAATCTCCGGGCTTTATTGCCGGAGTGTGACCTGGACCCGAGCTATCAACATGCCCTCATTCGCTCACAGTCTCAGATGTCGTAAGTCGCACTCCGAGGCTCGATAACTTTCGAGAAAACCCCAACTATTCGACAAACTTCCATCCTATAGCCACGTCGGGGCGTGACGGACCATAATATTTGTCCGTACTGCATCAGACGGGCGGGGTCCGCGGCTGGTTTCACAATAGCCAGAGTAAATCCTCGGTCACATCTGATACGAGGATTAAGAGTCTCTCCGCGCAGGTGCTTGTCCTCGCTTTACTGGATGCATGTTAAGTACGAGAGGAAACCGAATTCCTCAGAGACTCGAACCGACTAACCTTAATCTAGAGTATTATGCCAGCTCTTCCAAGCTAAGCCAATGCATGGCTATATGGAAGT,803,47.82,Saccharomyces cerevisiae
SEQ_609948,CGCGGCGGGTACAACTACTGCGGCGTCGTACATTCGAAATCGCTAGCTGAACGGGTGTTCAACAGATAACGATCAAGGATATATGCTTTTGACCAGCGTAGTTCTGCAGCAACGATACACAGTACTGCAATGACACCTTTGAGAATCTTGTCCTGGCACATGGGCGAGTGTTTAGGCTATCTGCTAGTGTTCGCTCAGTTTTTCAATACTAGATATTCGGGGATTGAAAGCAGTGGATCTCCCAACAAGTTAGGGACGTACCGCAGATAAATCAATGGCCCCTTCTTAACGAATTGTTGTGAGTCAGATTAGCCCGGACGCCCCTGTACAAAACAGCCCATCAAAGGGGCAGCTCTGGTTGATTTCTCGGCTTTCCTCCTTTTCAACGCTGTGGTCAGCCGAAGAAGAAGCAGTCTCTTTTAGAAGAGTTTTGTGGGCCGCGTGCACGACACGCTCACGTCTCTTGGTATATCGAGTAGCTTGGCTAGTTTGTCGACTGGTGATAGTGTCAGGTTAAGGTGGAGCCACAGTTCGTTGGCGACTTTAAAATAATCCTTTCCAGTAGCCTTGGTGCCAGTAATAATGCATGTCTATGCCGGATAGAGTAGATGAACTAACCAGGGATACGGTTCACTAATTGTTTTCGAGCCAGGCATGTCCCGCATACGGTTGCGTAGACGAAGCAGATGAAAGCTCTCATGATAGCCTTCTGCGTGCTGCATAATCGGAACATCCCT,737,48.3,Drosophila melanogaster
SEQ_919825,TAAGGTGCCTACAACGCGATAGCAAGTGCTGACCGGAATCGCATACTTGAGCCATATGGGTAGTACAAGCTATTTACAGATTAATCTATGCCAAGGGGGAGTACTGCACCTCCTTGCAGAGAGTACGCGCAACGCCACCCTTACCCGACCCCGACGCCCGATGACGGAAAACGCGGCTCGATTATCGAATAAACAATACACGTTTGACCAGAGTACTCAGCCGTTACTTTTGTTGTGTGGTTATCTCCGTTTTGGCGCGTTTAGCTTATATCCTATCGGTTCGTCCGTGCGCTTTCAGAGATGGTGACGCCCAGCTGGTTAAAACCAGTTTTTGCTTCCTTTTAATAGGGGGCTACCACCCACGACCCTCTGGGGCTTGGTTTGCTCAGCCAAGAGCATAGAAGATACACCGTTGTGGCGTAACACGCGATGGTCCTAGGTCCAGTAGTTGAACTATCTGCAGACAAACAAGGTAGTACCAGATAGTGGGACACGGGCCGAGGATAGCCGTTCGACTAGTCGAGTACCAGCTCCCCTGTAACATCGCTTGACGTTCGACTGAATACTGGTCTCATATAGATAGGATTATTTGCTGTATCCAACGGCGGCATCTTGCTACCCTTGGTGCGCCCATGCGAACGGATGCACCGTGCACCCCTATTGATTCGCCCAGGCAGGAAACGCATGATGACGGGTCAAATTACGACGGGCCCCCGAGCTTAAGATCACCACCGGCATGTGAAAGTCTGTGAGTCAACCGCCTAAAGCGTTGACTACACACGCTAATTGTGTCCACAATCACTAGTATGTTCAATGTGTGCAGCATCTAAACACCCTGGCAATAGGGTATGCAAGACCGCGCACAAAGCCCGCGTCAGGCTCAATAGGGATGTCGTGCGTTTGCATCCTTCCCCCGAGCTGCAATGACGGGTCAGACCGAAAGGGCAGGTCATGTCTCGTTAGAACTGACCTAAGTGGGTAAACGGAACCAGCTTGTCCTCACGGCTAACATGCTCGGAAACCTACTGCCGCATGATCCCGTTGAGGCTATACACCTAAAAGGGCCTTGATACATCTGAATCGATATCAAAGTACACGAAACGTTACACCGTCGGTAACCATGCCGATGCGAATACAAGTTGCATTGGCCTTTACCGAGGGCAACAACAACCTAGATAACGCAAATGGACCATAGCAGATTCTGACTAACGGAATGGAGGCTGTAGTATGTTAAAATAGCGTAAGTCAAGGTTGACATAGATTCTGACAATCCTAGTGGTGCTCCGGCATGTGCCCGTGTGCTGGGCAACATCGCTACAAGTTTAGTGAGCTCGTATAGTTAGACCTCTGAGGTGTGCTCAGAAGGTACTTTAAGAACTACTAGGCACATAGCCAGCGCGTATGTGTAGTTCACCCCACACGGTTAGGGATCATCAGTGCAAACGGAACAAACTTGTATCTTGGT,1465,50.24,Arabidopsis thaliana
SEQ_435391,ATGAGTAGGGTCTATGAGTCGCGCTAGGGCATTAGCTATCTCCTTCGTGCACTACTCAGGTAGTCGTACCGCGAGCATGGAGCCACACACCACTTATCAACATCCAGCGTTCATAGGATAAGATTACAGCTTCTTTGCTACTTGCCGAGGTTAATTGCGGTGCAGTGGCCCCTATGGGCTCCGTTAGATGTGATGAGTTTTTGACTGGATTCATAACGGACGGCTCGATGTACTTAGAACGCTAGGCGACCTAGCGCCCGTGATCACGGAAGACAACGGGACCGTCGTGCTCTCCGAGGCTGGCAAGTCGCTAATAGCCCCGGAGGACCGCACGGGCGACATGGATGGAAGAGCGATAAAATCCGACTACCTCTTCCCAAATTTTCTTATGCGACATTCAATATATAGGCCCTTGGAGCGGGAATGCTGAGTCACACATACGGTAGACAACGCGATCACCTTCCTACGGGGAACAGGGTATTATGTCAGGTCATGACCTCGCGAGTTAATCTTTCTGATCTTCCGACCTGTGGCTAGCCTGTCTCCAGTTATTGAAATATTGCTACACCGTATTCACCCCAATAAACATGCTGTACTCGTAGAATATCGCACGACAGTTCTGCAAAAGCGGTCTAGCTCCTGGCAAGTCGTTCTCTATGCTGAAGCCAACAAAGAAGTAATACTGTCTGTCTGCCAACCGTAATGTAGTCGCTTCAGCAGCCACGACGAATGACCGGTGCCACCTCAGTCTGCAGCGGCACATTCCAGATGAGTTCTACAAGAGTTATGGAATTTGCGTACTGACCCCTAGATTTATGGAAATGAGGCCATTGTGGTAGAGAGAAGTGTCAATCAGCCGTGAGCGATCCACGTACAATCGGATGAACTCGACAATGTTACTGGGGGCGCTGAGGCCATCTGACCTCCATCTGGTTCACTATGCAACTATCTCAGATAGCGCGGGAGAATGCATCCGACCGAGAATCCAACGGATACGCAGGAGGCTTAGAGAACCACAAATGTCTGTGCTAGATAGTGACATACTCTGAAACGTCCAATAAGCACAAGGTTCTACACCCCTTCCCAGAAACAGACGATCCCTAGACTTCTGTACATCAGTAAGAATGATCGTATGTCTTCTCGATGGAGTGTGCTGATTGTCCACACATTGCGATAGCACATCGAACAGGCGCCTTTACAGCGTTATAGTCCATCTCACTGCAGTTACGCGTATACGAATTTCATCCGAGATGCCCAGGGAAGGGGGTCAATTATGGTTCTTTACACCGAGCCTATCACGTGCGTGCTTAGTTCCCCCATTAACGACAACGTGGAAGGTCCGGAAACACTATTCCCGTATATTACTCTAATTATTTCCACTCGGCTGCTTTTTAACCCATCACTTCTACACTCTTCATAGATGGCACCTAGTACTCTGTTGCATAATCTTGAATCCCCAATTGTCCCTACCACCCTGCTTCACGATTTCTACGCTTACTGTGCGACGCCCTTGGTAGAAGGGGCTCGCGCCTGTAAGTACACTAGAAGGGGAACACG,1557,49.33,Escherichia coli
SEQ_326443,ATGAGTGACGGGCGGTGAGGACCAAGTTACGTACTAAAGGGGCTGTTGAGCGCGCCCAAATTGACAGTTTACCCTGCACCCTTGCATGATGGGTGAAGTATGCGCCCTGTCAACTACAAAGTATAGTGCGACTTTTCAAAGACTATAGGCATTTCCCTGTACAGATAGCATAAGGAGTTGGTACAAGGGTAGTAATTAAATATGGTGGCGGGGTAAATCGTGCGAGAAGTCCTACCTGTTCCCTTAACGCTGTATAGCGTCCTCCTTTGTGTGCCCGCACGCACTCGCTTATCTCAGCGAACTGAATGGGGTCTAGTTTCTAGTGTAGACTAGGCCAGGTCAGTGGCTAGCGAGAGCGCTTGCCTCCTCTCCACCCTATCAGCTTGGGGTCCGTGCTGGAACAGGGGTTGTCCCACCTCTCTCACGAGAGATGGTATAGACCTCATCTCTGCTATCCCACACTAGATGAGTAATACC,477,50.94,Caenorhabditis elegans
SEQ_659130,CTGACCTGGGGCTTGCCGACGTCGACGTAATGTCTGGGATCATACCATAGCCGAGGCCTGATAGTCGCCTCGACAATAGACTTCATGTATGCATGCGTTCTCAACGACAATCAGATTTCTTCGTTTTGCTAAGTTACCCCGCCCGCCTTGTCTTTAAACCTCGGATCAGTAGATTCTGATGCTGTTGATAACCCCATACCCCACCTCTCTCGGCTCGTAGGGGAACATGAGTGCACTCCCGACCGACTAAATCTACAGAACGACAATCGGAGACGTACATCGAGACGGGGTGCGTACATTGAGAACGCATCGCATTCTCCCGGTTTGAGTAAGTCTAACCTCCCGTCGCCTGACAAGCGTAGTGAACGTTACGATCTCACACGGATGCGGTGTACGCGCAGCGGAGAAGCTTGATCGTCTGTAGGTGTTCTCATTGGAACAAGGCTGGCCACATGCTACCAGTTGTCTTACGGGAGGACTCGGACCCGACGCACATAGTTCCGCGATCTTGTCTAAAGAGGATCCACGGTGCAAATGAACTCATCAATGAGTGAAGGGCTGCTTTGCAACGAAGCAAAAGACCCTTGCGGAACCACGACACACCTCGCACATATCATTAGATCTATCCTACAAAGTGAAGGCTTCGAGAGAATGCCAAAGCCGCGGGGTCCACCTCTCTTGTGCCCGTTACAGCTTATATTCATGTCTAAGGTGAAGTACGGGGGATGTCTGACTTGCTATGTAGAAAGAGGTCCTAGCTCCTAGCGGCGCACGCTCAGACCGATATGCATCCGGCAAGTTATGAGTGTCTGCGTCGATCCGATGACACCCTGTTCCAGTAGACCAAACCTTTCTGTACGTCGCTAGCCTCGGTCGGCAATAGCTCTCTCGTTGGCTAACAAGGTGTTGAGGTCCATGAAATCGACTTCGGTATGCTACTCGGCTAGTTTCATCGCACTTAAGTCCATTCAACGTCTTGACAGTAACTCCTGTGTTTCCCTCAGCTTGGCTAATTACCTGGAACAACAAGTATGTCGCCGGGTTGGTCAATATTAACGGTGGAGAACTGAAACTGTAAGTGCCGACATATAAGATGCTCCGACCGACCAGCCCCCCCTTGGATCTAGCCCAGCGGTTGCTATGATCGCGGTCCACCATTTAGTTGATTGAGACGAATAGCACCAGGCCTCCGGCGGCGATACATCGCTGTGTGGACTAGAACAGGTGGTTCTTAGCGAGCCATATATAATCGGGCTCGCAATCCAGGTAGTTAGGAATGCATAAAGAAAGTGACCGGTTTCCTCCCTTGGCTACCGCGTCCGTACGCACGGGTAGTACTGTCTGGGCTAATGCTTTCCGCCAACGGGGGTCGAAAGGACTGGAGGATTCAGAGCGAAGATTAAGTGGTAACATGACGCTGATTTAGCTTGTGACAGCCATACGCACGACACCATCGTCTTGCTTTGTGTGATCTGGACAGCAAAGACAGCAGCGTTGACAGC,1502,51.53,Drosophila melanogaster
SEQ_131560,CCCCTTTTATAATTATTATCCCGGGGAAAACCCAGGTACTAGCTACCTCTGCGGAAAGGCTCCCATTCCACCCAAAGGACTATCAGAAGTTAGAATTGTCCGAAGCTCTCAGCCGGACAGCGATCCAGACTTTACGAGAAACCTGACAACCACATGATTGGTACGAATGGGATTACTCCCCTTAGTCATTCGTAAGGCCGGAGGCGCGGCCACAGGGGCTGGATGCAAGTACTACATCGGGGCGTACGAGGTGGGGCCAGTGATACGCTCCCAATCGTGTGGAGACGAGCCTGTAGCGCATTCTAAGAAAGCGCTCTCGATCGAAGGTGTCTAGACGGCTCGATGCTGTATAGGGGTGCGCTTCGGGTTCGCGAGAAACTTCCCCGGAGGGATGAAGATGTACCTGACCCCACTAACACATAGTCCGTTCGCGGCCGTAATGTATGTTACTACAGCATGTACAGCTGCTCGAGACACGATCACTTTACTCAAGATGCCTAGTGAATACGCGTCCCTTGTATCCTAGCTGAAACTCAGCGGACACTCCGGCTTTGTCGTGGGACTGTTGCGACGTCAATTACGCCGTCGTTGCGTGTGCTTCGTGGAAGCTATCATACACATATTATTCTGCGACACTGGAGGTCCGGTGCGAAACGCTACATCTCAAGCTAAATCTGCTAACTCTATCCTTGGCTGTCATCAAGGAGCGATTGTGGGTTCGTGTCGTCTGATATTGGAGGTCCATTCGTGCCCCTAAGAGTGGAAAATACTTCAGGTAGTGCCTTGACTCGCGCGTTGCTCTGCACGTGTTTCTGATCATACCACGAAGGCGATGCCGCGGCTAGTCCGTGGAGCCGGTGCGAACGACCATTTTTGACGGCAAGCGTTTATGCATCCGAGGGCTTGGGAAGCGCTGAAAAAGCTAGGCCCACTAATTACCTATTGGAAACAGACCTTAAAATTACCAGGGCACGTAGGTGCGCAGTTAACTTTGTCGAGCTGCTAGGGTTCCGC,1014,52.37,Arabidopsis thaliana
SEQ_428210,GTCGCCCGGGGAAATCATTATACCGGGAGCCTCGGTATTGGAGCACATAGAAGGGACCTTCCAGTACGATCCAAGTAAAGCGAGCGGCCAAATCACGAAAACTTTCTAACGCGCACTCTAGTTTAAACAAAAAGATCGCAATAAACTCCGATAAACTGAGCCTATCATGGGGTACAGGCAAGTACGATGCTACTGAAATCATTGCAGTGACCCGTAGCGCTAGCCACTCCCGTAATGTCTAGCCGACGTTTAATCGAAACTAGGGTCTTATATAGCCAATTCCTGCATTGACCCAACGTGTATATTTAACAGACCGTGGGTGGCAGTACGAACCAATCCTCCTAACTTAACTACCCATTATCTCGCCTAAAACCGCCAATCGTAAGAAAGTTCACCGCGGTGGCGTTGTCCACCAAAGTCGTGAAAGATACATGCCGCACTGCATCATTGAGAAAAATCGTGACGCGAGAGGATCGGAGAATTTGAAAGCCCGTCCACAACAATTGTGTCCGGCCACTTCTCCTGTCCACCCATTCCGTTGATCTTCAGAGTTGCACTTATAGTCCAGACAAATCATACCGAGCTTAAGTATTGGTGGGTTCTAGATTCTATAACCCTGAGATTCTAATTCTGTCCGTCACGTGTCGGCACACAAATAAGTAATTTAATGGAATGGGTAAATATGGTGCTGAAGCCTTGGCGATCGTCTACTGGAACACACCCCAATATACCTAGCATATGTGTAAACATATC,753,46.08,Escherichia coli
SEQ_616027,CTAGGAATCAAATACAGAATCACGCTCGCGGTTTCACCGGAAGCTAAACTCATATTCGGGGTAAATTCTACTTTAAGATAGGAAGAGCCATCGAAGGCAATACGCCGATTGTTACAATATCGAGGGGTGGACCTGTTAGGTGCGGCAACTAAAAGTGTAGCGATGGCCAGCGGAAAAACATATCTGGGAAAAAAGGGACTTACGCACGATATATGTCGTACGGTGCGTCAATTTGTTCTCTAAGATGTTCTGATTTTTGATAAGCTTGTTCTACAGTACGATCTGGCTGTGGAATTTGACGACAACGGCTAGGTGGCGAAGCCAGTAAGCAGGAAACTAAACTCGTGTAAGCTGCCCGGCCTCCTGCCGCCGCTCCTCTGCGAAAATGGGAATTGGTTCTCAAGCTCAGTGTCTGTGGGCAATCGCT,427,47.54,Escherichia coli
SEQ_181119,AGCTAATGTCAACTAGGTTAGGGGACAGGCGTAGTACGCTCGCAAAAAAGCATCCTACCAGACGAAGCGTATAACCTTGTTTGGAATTTGCACGATGCGGAGTTGAGGCGCGTCAGGTGGAACCTGGTTTATGCAGTTCCGTGCGGCCGCCGGAATGGTTCTATACGATGAAAGATTCGATCATGCCTTCAGGACCGTCGGCGTATAAGGACGGGCTCGGCGGCGTAGTTGGGCGAACACACAGCCGTTCGCACGGGGTCAGAGCATGTGATGCTTATAGTCGGTACCCAGTACCGGAGTGCGTAAGGTGGCCTGTAGCTAAGACGGCAGCCACTTCTTGGTGTAGAGCTGGTCTGGGTGTTACAGTTCTGGTCTCTGTTGGTGCGTGCCGCGGCGCACTTACTTGGAGCACCTATTTATCTAACTCAGGCGCTCCGTTGCTATTGGGGAGGTAAATCCTTTACGACTTGTGTGGGAAGAATGGTAACCCTGTCCCTACAGCGGGGAGCTTCCGAGCCGGCGGCTGCCGACCTATCCATCCAATTGCAACCTCTCCGTCTGAAGGCGATTTATTCCTAGTCATTCACTGTGACGCTTGAAATAATATTGGCGTAAGCTCGACCATACATAGGGGATGGTTTCGCGTTGGGGCGGTTCCTCCTCGGTAGAATCAATCTAGCATTTACGTGAAGGTCGGCACCTATGGTTCCGTAATCTTATACTCCATCAGTCTAGCAGTTGCGGGGTCACTTGCAAGGAGTTGCAGAGTTATCGTCACCATTGCTAAAGCGATTGGAAGGGCCCGTGGTATTGACCGTTGAATCTTTGTCCCTTACGGCCTAACCCTCTTTACTAGAACATGAGGGTGAAAGCTAAAGATCCTGTGACCCCAACCCGAGCTATGTCCCCCCAAGTAAAGGTGAGGATTCGTCGGATGCTCCTTCTTTGTACGGCACACTACCTATGTATACACGACACAACTACAAAATCTCCAATGCTTTAGTAGCCATATGAAAGAAAACGTGCAGGGTTGTTCCCTCTATCGCGCATTTGAGTATTAACCGGCTGTCCTTACGGCAATAAGCTTAGCTCCCGAGTCCTCGTATCGCCACTTTTCACCCTGACGCCATATTCGAGTGTATCCGAACGTCTATCTACCATCACGCATCCCACCGCACATGACCATAATACATCCACCGTTAAGTGTCGCGGCGATTACAACATATCCAGAGATACGATCACCGGCGCGTTGAGTTCAGGGCACTCCACTCAAAACAGCCTGACTGACTT,1290,51.32,Saccharomyces cerevisiae
SEQ_294088,CAGGCTCCTCCTAGAAATCCCGTGTGCGCATTACCTCGGTTAAAAACGACATAGACGAGAGGTGGATAGGTTACACCAGTCTGCAGGATAGTATAGCATCTATAGACGAGATGCTTAGCTCCGGCGGCGATTCCCCTGCTCGGGAAACTTCTATTATGTCTATCTCGTTCACAAGTAGATAGTGAGGATAGATCCACGTCAGGATGGATTAATAGACACAGAGTGACGGCTCGTCTACAGGCGACGCTATGACTCCATAGTAGCTTTCGACCATGTAGGCTGATCGTCGCGAAAGCGGGTTATTTCGCTCTCTTGCAACACCCATAAAGTTGGAGGGTCTGTTACTGTCCGAGCACCACCCTCATAGTCTACTGGCCTAGGCTATAGGAGGGAGCCATAACCAGGAGTCGCGTCAGAATGAAACTATTTCGTTACTCTGCCTCAGGGACCTCCTTCCCGTTTCGATTAGATTCGTGTAGTGCCATATCCACGAGGCGAGTAACCCTCGACCAAAAGTAGTCGAGCTTTACAGAGCGTTACAGTAGCATGTATTGACGATTCTAAATTAGCTAACGGCGTCTGTCAGGGTCTGGAGTTGGACCAAGATTTCCATAAGAACCCGGTTCCCCAGCTAATCGGAGTCGCCTGGACCTTAAGATGAGTTGGACCGGAAAACCGGCAAATCCATCCCACGCATAGAAAGATTAGAATAATACTGTTTGTCTGCGCGAGTTTTAGATA,741,48.72,Escherichia coli
SEQ_259749,GCCCCGACAGTCCGTAACCGTGCTCCCGTGTAAGCATAAGCTTCGATATAGGGGGCGAAGGAGCGCTGGGACATCCGGCCAGTAAGTGCGACGCATTCCTGCGCCGGAACGCTTGGGCAGGGCTATGACACGATGTGGCGAAGAAGCAGTCGGGATCGTCCCATATGAAAGCGGTTGATTGGTTCTCGTCTCGTTCAGCATCGCTCGCCATCATCATGAGCGCTGCACTGTCTCTGCAAGACCTAAGCTCCTCGTAGCTATGAAAGATATCGCCCGTCGTTTTCCAGGGGGTCAAATAGGTTGTGCAGCTAATTAGCGGTTCTAATTCCGCTCGAGCGGACTTGGAAGCACATGTTGTTGTTAGGCCGATGCTTTATATCTAGTGCATGGCGGCGGCCCCAACCCGTTTTCATCGAAGGGATTACCAGTATAATAAAACGGTCGGACCCAATCGTAATGTATGGCATCTTGGATGTCTCAGAATGATTCTTTC,493,52.74,Caenorhabditis elegans
SEQ_343235,ACAATCTTGTGCTTATGCCCCCTATGTTACGTTGCAAGGGACGAACCGTTAGATAGACGCGTAGACTTAGTCTGCCGTGTAGTTCCCCAGATAGGCCAACGCTGAGGGTGTCGTTTTGGTAGGCCTAACAAGCTGAAAGGGGGCTAAGTTTGCGGCTATCTGGCAAGTGACCATGCCGTGATACACAGTGATCCTGGATATATGGTCTTTACCTCAGCTTAAGCAAGGGTCATTGCGGAATGATTAACAGGAGTCGGCGCTGGACGGGTATAACAAGTCGCCAGAAGAACGGGTTAGAGTTTCTCCCTCCACAGGGTGTAGCG,323,51.08,Drosophila melanogaster
SEQ_493722,GAACACCAGACGGCCGGGCCCTTTGCAACTTGAGTACAAGGCCGCATACTCGAACATCCAAGCATGAACAATGGAATGTTTGCTGGCACTGCCCGGTAAGCAAGCGACAGAGATACGTTTTCTGGGAGCGAGACCCATAGTATCCGCGCTGGATTGCAGGTAGGATAACGCTGCACGCGGCTCGGGGACCGACCCTTTTCGGTAAGCAAGTGTGTTTATGGGGCTAAATGCTGGTGTGCTATAAGTCTGGGGGAGTGAAGTGCTTATGTACGGGTCCTTGTCTAATAACACCATAGCGTGTTCCAATGTGGCTAAAGAGCGAGAAGTAAACAGATGATTTCAGTGGATCTCTGGGTAACTTGATAAGGGGAATGATCGAGCAGCAACGACCCATCGAACCAAACTTCATAATCCTTTATGTGGAGTGCCACTAGAGCATTCTAACGTGGTTAGCTTACCGTGGTTACACGGTACTTACGCGCAGGAGACAGATTTCTTCCCCGGCCGGTATCAAATGTACGATGGCCATTAGGCTGTGCCTATCATACCGGATCGAGCGCTTCGACAGGCGGCCTCAATGAGCCCGGACAGGGCGCCCTTGAACCGAAAATTACGCGCACTCGCGGGATCAAGGCACAAGCATCCTACACACAGATACCGCCTCACGGTCGCGTCAATGATGGGTTCGAAGATTGTTGCCGAAGGGCACACGGTCCATGGCGGTCGTAGTGGATAAAGACCCATCACGCCGTCTTGTGCATGTCGTACTCACTGACGAGAACAATCGGGGTTCGTCACGCATTATAATGACATTAGGCCTAGTAATACATTACTATTGGGAGGCGACATATTTAACCACGTTCAAACGGAAGACGCCTGAAACACTGAGTGCCGCTGTGAAATTTGTCGCTTTTGGCAACACAACGGGATGCAGCAGCTTTCAGTGTGACCAGCATTACAGGAATGGAGAATGGGCGATAGTAAGGCTACCTCAATCATTACTGTGGAAGAGACGCAAGGTTCGAGCTTGGAAGGACCCTCCCTGGTACGAGACACTTCTGCGAGCACATCCTACCTAATAATACGACGATCGGAACTTCGTAGTTCCCACCGTCCGACATTCTACATATGCCGGCGCAGGAAACCTTCCAGTATATATGATTGACGCGGATTAGGACCTTAAGCAAACCCTCCTTAGCATTATTAGCCATACCCGGATCGACATTTTCGGTATCGAATACGGTGATCACAAAGGAGTTGTTCGTCCCAAAGTGGAGGCCTCATGAAGTCTCATATGGACGTAGAAGCGCAACGGGCCGGTCCAGCAAGGACAACGCCAGGCGCCTCTGCCCGACTCTT,1359,51.21,Arabidopsis thaliana
SEQ_316148,TGGCGGTGTCCTGGGGACCTAGCTAACAGCAACACCCAGCCGACCTTAGAAATATGCGTCCGGCGACACTGATTCGGGTGAAGTCGAATATAATGGTGGGGGGAGTACGTAGAGCGGGGTATTGTATAAACGAATGCAATTACGTTACGCGTTCGGCGTTAGCGGTACATGCTGTTATACGATTGACGAGGAACGGCGCTGGCCGGTGTCATCTAATGGCTGTCGCTATTAACCTTTGGATAGGGTCGCCGCCTCAACCGCTGCATATGGCTAGCAGCCGACGTACAGTCCAAGATGGATCATACTGGGAAACAACTTCCGGTTAGTAATGAGAGGGTCTTATTAGACTTGGGCGTACATCTCGGCCAAACTAACGTGTTTTCGACTAAAATTACCAGGTACGCGAAATTGGCCCCAG,418,51.2,Arabidopsis thaliana
SEQ_373988,GGCCTATCCGACCGGCAAGTCCGAATTAGAGAAGTTACGCCTCCAAGCGCAACGATTGGACGTTTCTAGCAGCCAATGTGTAGACTACTACGATACTCGCGGTTGAATTTGGTGACTTCACATCCAGACGTTGAGATCACCGAGCTGTGACCGCATTTCGAACCTGCTTATAAGGCCGAGCTTATATGGCCTACTTCGTCGCCGACGACGGTCACTAGGCTGTCCATGTTAACCAAGCCTCAGGATTCCCTATTGCTGTGATACTATTCTGAATCCCAGTACCGTGCCAAGGCATAATATACAGATTCGTCTACGGCCACAGTATATTAGTTAGATAGTATCACTGTTGATCAGAGAAAGCCCCAGGTGCCGCACCACCGAACGTTGGCTAGATCGCCCTCGCATCCCGCACCGGACTGTGCTTGCTGAAGCCGGCATAAACAAAAGAGGGAGATCGTTTAAGCTTATCTTTCGTCGCCGTAACTGACTAGACCGACGACCCTGACTCCACCTACAGCCGGTTTGCAGAGTAGACTTAATTGAGCCACAGGCCAAGATTTGGTTTCCACTTTCGTGTAATAACTCTCAATCCGCCCGGTAGGTAGGTAGGAAATTTGTTTGCTCAAGCCTCGTATATAGGTTGTACCCTCCAGCCCAAGAATACTTCAATTCGGACAATATCGGTCCACAGTTAAGCCACAATCTAGTTACCTTAGTATAGTTCTTCTTACCATGTAGGAGTTATGGGCAAAATACTAGACTACGGCAATCACGCGCATAGCACGTTAGGTGTTGTACACTGGACGCCATGACTAGCATAGGTCTCATACATACCGGACAGAAATGCACTGCCAATTCTTTTATGGGACCTCCCGACTTGGCAAAAGTTCTCGTCGACTGCCAATACTTAACTCTCGACATAAGATCGCAAAGAACGCCCATGAACGGTATGTTAAGGCACGAAATGCAGCGAATACGTCACTCCTACACCGAAGACCACATGCAGCCTAGGATGTGCGGAGGAACGAATGTCGGGACACTTCCGAAGGTTTTGTTACTGAGATGGCATTGCCCTGTGGAACCTTCTCAAATGGGGTCTAGCTCACATAAGCAAACTCTGCATGAAAGCAATATGCATCGACAATGTTTTGGACACCCATGGCTCGGATGCAGGTGAACTGTTGTCCCCGGATTCCTTAATAAGGTGGTAGCTCCCGTCCAACGTATAAAGTCAAGCGCACATC,1244,48.55,Arabidopsis thaliana
SEQ_322780,CTTCACTGAACTTGTCATGAGTGGCCTCTTGGTATCTCCGCTGATGCACATTACCTTTTATTTCAGATTCGAATTCTATACTTCAACCAATTTAAATCACTGGCGCGCGCGCTCTAAAGCATAATCCGGTCAATGTGGCGCGCCGTTCGCCTGTCCACAGTTCCAAGTTATGTGCAGAGTTAGGTTTTTTGGGGAACATGTCTTTAGGCTTCGAAGAGAGATCTCCTCTGTCACATGGCCCTAAAGCACAAGCAATGTATGTTGCATTCTACGCTGAACTGGCGGCGGGCACCTAACGAGTACCCACAATCGTTTCAATTTCCTGAAGGTTCGAAACGGACGGCGGCGCGGATCATTCGGACTACTGCGGGCTGATTAATACGGCTACACGGTCGATATACTTTTGGAATATTTTTGAGCGGACCGTGCTGTTACCCACGGGCTCAAATTGCTAACACCCTTCTAGTTGCTAGCGAGATGTTGCATCCTAAGGAACCACGGCTTCGCTTAATATGTCTCCTCCAAGTCTACCGACTTCCCGAGATCGAA,549,48.45,Caenorhabditis elegans
SEQ_319066,GTAGCCTTTGCCGTGTAATTTTCTTAACCCTAGTTGATGAATGGTTGGAGCGGGTTATAGGTTTCGCTGCCGGGAGGCCGGTTACAAATGGTCTTCTGTGAATGAGGTGTTTGGGAGGACTGGGCCTTTGGGCTGGTCATCTTGTCGTGCGGTTTACAAATCCTCTGTACCTTAGTGAACAGGGCGATCCTACCTCTGCTCTATTGTGTTGTACTTGTATGCGCCGAGTTAGAAACCGCAAGGCTATAGCCTACGCGCGGCCTGTACTGGCAAGGTAATAACCATTTTCAGCGTGGTTCTTTCGTCGGGTGAGTGAGATATTGACAGGCGACCCCAAGCCTTCAGTAGAGATCCGCCAGTTACCCGTTAAATTTGATGTGTTGAGTGTCAATGAATGATTCGTGGACGACGGCCTTCGGACTGGAGCGGTGATGACTTCCCCCGTCACAATGCTCTATTGCTCCGACCTTCTGTTGACCCTGAACCACTTCGTGTGCTAAACCCCTACTACCGTTAGTACTCGGCTGCGCGGGCGACGCACGGATACCTGCAATAGTTGTATAATTAGCCGCGTTACGATGTCCATATGTCGGGGTTGCTCTCTAAAACTTAGTAAGTGTCTCGGAAGCCACTCTGTAACCTGCGTCGAGTGGGATATGCTGGTGAGAAAAGGTTGCATCTTCTTATATGCCCCGAAGAAGGGGGGAATCGCTCTATGGGATCGGCGTAAGGGAAGGGTCAGCGGGGATTCCATGTTATTATTTGGCAGCGCAAGAGGGCGGAATTTCTGATAAGTACCAAGCCGGCGCGTCAAACCACTTACTCTCAAGTAGCTTGGAGGCAAAACTAGCGTTATGGGTATTATAACTAGGTGCAGAGGTCTGTTCCGGCAGCACTCGACAACTGGTCCTTGTTCTGAGGACCCGATGACACGCCATCACCAAGTGAGAGGATACATAAAACTTCAACTAACACCCCTGATGGACGGGGGAGAGGGAATCGTCACGCACGGTAGGCATATCTGCATTTGGAAGCTAATAAAGTTTGACCTCAAGTTCCCTTTCTATGAAACACCTAGACGCGGGTTCAGTATATACAGACTTTGACAGTGCATATCGAGTCACCCTAGTGCGAGGTAGCTCCTCAAAGGGAGGTCATGCACGAGGGCGGTAAGCGTATATAATTGCAAGTCCCTAGCCCAGTGCGCTCCATTGTGACCACGCAGCAGTTCGATTATGTAAGAACAGAGTCGCCCGAAATCTTTTACGAGGGACAGGACGAAAGGGCTGCGTGAAGGCGGCATGTCTGGGGGGTAAGCTTAGGGAGCAGGTGACTTTGATACAGACGCGGTCATATTGCAAGAACTGTTTACCCGGGTAGAACATACCCAGAATACTCTCACTTACAAATTAGGGCAATTGAGGGCGACATCATACACCCCAGTATCAGGGATGCGTAACGATTCGTTCACAAACGCTAGAGAAACTTCACTTAAATGAACCTGTAGCAGTTCCCACCTCGTTTCGGTCCCCCATGTATTCCATCGAGACGAGTGGTATGGTACT,1565,50.16,Saccharomyces cerevisiae
SEQ_600763,TGAGTAACCTGGTGTCCAGGTAGGAGGATCTAGGGTTTCAGTGTCGGAGACCTGAACACGGTACGACAGACTGGACATGCGGTACATGCTGAGTTGCCACTGCAATATAAACTGTTTCATTGATTTGAGAACGACATCTCTGCTGGGTACGGTTTTGTAATACCTTGCCCGAGTGGTTTGGTGGGCAGACTTCCCACGGTTACATCGTTTCATCCCAAGATCGTAAAGGTGAGTTCGCTCACCAACGCGCCGGGTGTGACGCAGCGCTCCACTCTTGAATCGGCGCCCTCGAAATGGGCGTTCCATATGAAGTCTGGACGTCTCACCGACGCAAGGTTCAGCACCGTGCTGACTACACCTTGACTCTAATAGGGAAGTCCACCAGTCGTATTGGTCAGGCGTGTCCTCTGTAGACTGCCTACTACGCGAGTAATTTTTTTCCGAAGCGGATGCGTCGAACTCGCTAGCAAACCGTGTTCACCTCCACCGGGCAAGCCGACACTGTCTAGTTAATAGTCATAGCTCGCGCGCCGCTGGATCAGTGACAATTTGAGGGCTCCGGTACCGCTTTTCAATGTTCGGGGTATTTGGCGAAGAGCCATACAAAACTTTAAATCTGAATGAGCCGTCTCATACTCCGGATTCAGTATACCGGTGTCATCCAAGACCCCTTATGAAGCTCCCGCAAACATTAGAAATAGTCATGACTAGCTGGAATATATGAATCACCCCCCCCACAGCACCTTCATGTCCATGCAGTGGATGAGGCCTAGCAGTAGGCGCCCGGAGTCCATGACGGCCAGCATCAGTATGCGATTCTGAGTGTCGATGCGGTCGGTGTATGATGAGACGCTAACCCCGATCACGGTGAGTAGTGTGCAAGTTGCCTTCCTCATTCCCGTACAGTAAGCCTCAAGATACACAAACTTCCTTCGTCATACGGCACGACGATTTGTGCAGGTAAATCTTGCATTCATCTTTATTTTTCTTCGGCGTCAGGACCGGTAGAAGTACAATTCCAACTGGAAGATGCTAGTTAGAAATTTCATTGCATGTAAACAAAGGTGAAGTAGTAACGAAATGACCATAAACCGAGCTTCGAATACAGATAGAATGATCTATTCATAGGTGTGACTAGCTGTTGATTGGATCGCAATCTTTCTACCTCAGAATAGCGACCAAAACATAGTTAAACACGTGCGGGCCAAGCATCCAGCTAAGTCCTCGTTTTGGCTTTACCAGTTCCTTTCCCACACGACCAAAAAATTCGTCGTCCGTGC,1280,49.14,Homo sapiens
SEQ_245353,GAAACCCACGGTACCGCGCCTTCTCTTCTCCTTGTTTGGGCCGCTCATGCTGCCAGCCAGGTCTAAGTTGCCTTAACACACGTCGCGGGAAGGATTTTTTGGCCATCAAATACAAGTCTCTATTGCGATGCAGGTCAGTGGCTTCCGGTAGGATCAGCGGCAACGGTCGCAGAGTCATTGACCCGACGGGGAGGGAGATAAAAACAAACCCGTTGTACAACTTGGATCGTATCCTGGGAATGTTGATCACTCATGACGTACTGGTAAAACGTGTACGCTGGGGATTAGAGCTCCCATTAGGATGAAAAACGTTAGGACTTTCTCTCCTTTTCCTGTGTAAAATAGCGCGGCATTTAGGTCGCTATAGCTGCTGGAGGAGCGGTAGTCCCTTGGTGGCGCTGGCGAGGCACTCAATGCGTTACATATCCGGGTTAATCGTGGGTATACATTACCAATGCAGGAACGGGACCTCTCTATTTGTGAAGTGGCTATCAGGGTGACCCGGATCGCAGGGAGAGTGCTGAATAGTCGGAGCGGACGGCCCAAGTCATATGGTGGGAGTGGAAACAAATTCCGCAATTTTTATGCCGCGCTTTATTGACATGTCATATTCAGGAAGTTGGGA,625,50.88,Mus musculus
SEQ_861245,TGCCGTTCAAATCTAAGGCTGTTCCTAACATCTCGTAATTTATGTACATGGGGGGATTTCTGTACATCGGATGTCCTGGAACCAAGAGACCTACTATCAGCTATTGAATATACTTGAGCAGCCCTCTTCAGCCCACACGGTACGTCGGCTTGGCCTTCATCGACGTGGAGCACGTCTCAAAGGACTGGTTTGATCTTTAAAAACTTTGATCACCCTGCAGAGGACGGATATACCGTGCTACTGATCAAACTTGTACGTGCGTAAAGAGGGCCTCTGGCTGGTCGTCAATTTTGAAGAGAACTCTATAGTAATGGTGATCCATTTCGATTAGCTGGAAGTCTAACAATTTCTACGCTATAGATATTGTTAGAACGACTCTGCACTCACAAAGCACATAACCAACCACCGGAGCTTTATCCTTCACGAGGCTCACCCATAGGTTGCAACCTAGTGCGAACTCACGCGATTGAGGGTTTGCCAGTCCGGTATCCTCTGATGAGGTGCCTGGGAAACGATGGAGGAGCAAACCC,530,47.36,Mus musculus
SEQ_843068,TCGGTATGCCCAGTGTCCCCCTGGCCTCTAACCTTAACCCCCAAGAGAGAGAAGAATCATTCTGTATGATGCAGTAAGGGTAAGTCTCCCATTTGGAAGGGTTGCTCCAGTAATTGTTTGGCCGTGCGGCGATCCAATATTCGAATATAC,150,48.67,Drosophila melanogaster
SEQ_309619,ATCCTTTAGCGCTTAAATGAGAACTCGCAGGCATCAAATGTGGGTGGTTCGGAATCATCTCGGTCTGGGGGCGGACTCTGTGCGGTGGAGACATCGAAAGTAGAGCGGGGCGATGCTGTGCGTATGGTTATGCCGCTCGCTGCCCACCCATTCAATGGTGATCTAGTGACACATACTTTGATTGAGTCTAGCTGCCTCTTCTCAGGTGGCTGCGAGCAGGCCAGAAGATTACACGCAGGACTTATTGCCGGAGGCCCGTTAAACTTCGTCGTTCCATGGCCAGGGCAGGTGC,292,54.79,Drosophila melanogaster
SEQ_845251,GAGCCTAGCCCACCGACCGAGTGCTACGCTAAGGTAGGGGTCGCCGGTCGATTAGTCCGCGGGTAAAGACTAGATGGCAATGAGCTCCCGAGTGCTCCGAGAACCAGGTTTACCCCCCTTACGCTCACCGAGGTAAAGGGCGCCAACCCCCAAGAACTTTGATATCCTCGTTAATTCTCCCACATCCGATGTAACTAAAGAATAGC,206,54.85,Homo sapiens
SEQ_110676,TAGAATACTCCCTCATACATGGCGAAGAGGAATCGACTGTACGACTATGCAACACCTTTGCTCGCTCGAATGTTGATGGCCTAGAAG,87,47.13,Escherichia coli
SEQ_211682,CGTGCCCTTCGCAAGTCATGCGGGACTGGCTCCTGGAGGAGTGCTAAATGCGTTCTGTCTGAGTTGGAGTTCGCTCCGCACCCAGTCTTACTGTTTGCAAAATCGTACGCCTTCAGTATCAATCTCATTATGTGGAAAATCGAAAAAATACGATCCATTACATAGTCGCTTACCGTGATCCTGCATTGTCACTCCTCGCTACCCGACTTATGCACTACCTATCTAAGGTGCATAGACCACGTTGTTAGATACCTCATGGTGGCTGATATGTCAGAGAGGCGTGTGCTGCGTGCGCCGGACGGAGGTAAAAAGAATCAGCTGCTATTGTCGATCCATGAAGGGTTAAACTGCGACATCTTGGATAACTTCACCGCATACCCATGTTCAGAAGGTTGAGCACGGTGCCTTACTGGGCCCCGTATGGATGACCACACTGGAGACCGTCTACCAGAGTAAAAACCATTGGCTGCCTTCGTAACTAACTCCTTGTTGGCGGCATTCCGGCCTATAGCTGGAAAGGGTAGATTAAATCTCCAGATAATCTAATCTTTGCAAATCAGGAAACCCATTTGCGGAGCGAGATCCTTACCCAAGAGAGGTGCCTGGAGATGGCTTAAGTTCCAGCTGAGTAAAAGAGCGAGTGATCGACCATTGCAGTGTTTGTCGCGAGCGCGCCCTAGCTGAATTTTCAAGAACACATGTCCGGTGGGCATGCTCTAACTCGATTCCAACCCAACAACCGTAGTGTAAACTAACTATCACTATTCCGCGGGGATTGGAGCGTTCAACGTGCGCGTACCGTCTGAGAAACCGTATCACTCAGGCACGGTTACCAGTACTGCGATCAGAACAGTCTCAATCTGCTAAGGACACCATTTGACATCACGTGTATAGCGTGGGTGGCAAACCAGTCGCGTTGGTTACGCTGGCGTGATCATATCCGACGGGTGTAACGCAATACGCATTTTGCCGAGTCACCTCGTCAACTGTCGATGTGACCGACCAGTAGGGGTAACAAGCCGAAAGATTACTTACTCCCGCAAGAGTCACTACGCATGTCTGTTGAACAGGTTTAGGCTCGTTTAACCATTGATGAGAGAAGGACCTTCGATGGTACCCCATGTTAAGCCCGCATAGACCAACATGCCCGTCCGGGGCCACTTGCACCTCCCTAAATATTTACAGGTTATCGCCAAATTTCCTAAATCTGCTCATTTGGTGTTCAACCTTTCACTGACAGTCCCTTCACTCGCGCTGTTGACGCTGGGACTCTAGGATCGATCTGCAAATAATGCCGTCAATGAGACGGGGTGAGGTCACCTACTGTGCGCACTTGGACTGTAAGCGCGCCCCTAAGGATGCTATTGCTTGGTGG,1375,50.04,Escherichia coli
SEQ_994955,CCGTTGCTCTGTCGCCTGAGGGCCGGCATGACGAAGAAGCAGGTGCCTATGTACGGCTACGTTTACGCCATGGTTACTCCTTGGTCCGTTGGTTGAAGGAGTTCATAAGATTCACTGAACTTCCAAAATCCGCCGCTCATCGCGGGCGGGGCCGAACACGCTTTGACATAGCACCAACCTGCCGCGTATCTCAGATGCAATGTACGGGAGTTGGCTTCTAGTAAGTATACAAACCAAGTAAGCTTACGTCATGTGGTGCCGCGAGGAATGTAATGGGCGGAAGTAATGTTCAATTGCACTCGGATGTGTGCCACGACATATCCGACGCGACAACGACATGTGGACCCATATCTAACACGGTTTATCGCCCAAAATCACGGTCAATAGAAGGGTTCTGTCTTGTCGCGGGCTTGGGCGGGAACGCGTCTCTTAGTCAATTGGGGATTTAGAACGCCGGCAGTGGTATGCAGTGCACACCCGTACGACGCCATGGTCTACATGGGTTCCATCTCAGATACTCGTTAGTAAGTTCGAGGCCTAATTCGGAGGTGGAGTCCCCGGTGTGTCAACTATCAATTCTTCTACTGAACTATGATGAGCTAGCGTTGCTCTAATCGATTCTAACGTCTCTTCTAGAGATGCGGGATTGCTTATTCAGCCTTGATAGTCGACCGGGTGAGCGCGACTCACAGAGGCGTCCTTCACATGTTAAGTATAACTGTAC,724,51.1,Arabidopsis thaliana
SEQ_372112,CGTTAGCAATAGTAGATGCGTTTCGAGTCTACATAGAGTCCTGCTTGGGCTTGTCACGTCAGAGCGAGCGTGCCGATCCTGCTCGTTCCGCAGTCTTTCTTGAATCACCCTCCGCCCTTGTGCAACAGTCGGTATCCAGTAAATACCATACTTCTCTACCGTATGTTGATTATCTGGAGTGCCATTACTTCGTCATCGGTAAGGGCAAATGAAAATACTCATCTAAGTACCCTTTCGCCCTTACGACACAATAAGAAGTATCGCGCCAGAGAACGACGTGATAATATGCCGAGTTTATGTGAATCCTAATTTTGCGCTAACATTTGCTACGGTACAGTTTCCGGCAGGTACGGAAGAATGTTGGAATAATGGCTACGAGCAGCGGGTAGAAAGCAACCTCAGAGTGCACTCTGAGACGAGCATGAGGTGGAAAGCGACATGTCCGTACAAAGGCCCTTGCTGAGTCTCGCCCGGGCCCATGTCAAGGGCCTGCGCCGCAGACGGAGGGTACTCGAATTTCACCTCATTTGATCGCGACATGGTACCCCTAAAATCGCGTTCGATATGTCAAGGAGCCAGTCGGCCCCGAATTCATCACGATTCCATGACGCTCGGCAGAATGCATTAACGAGGGACAAATACACCATTCGTTGGGGTTATCGGCAAAGATGACAGAACAGACAGATGAAAGTAGCTCGTGTAGAGACCAACACGCTGTACAAAAGTTCCTGTTATCTATAGACAAAAAGCTGTCTTCAATGTTGGTACCGTCTCGCATTCGGTCCTTAGCATCGAAGATGCCATATTGGAAACAATAAAATCAACTCCAATCGAATTATATTGATCACAGACTAATCGAAAATGTACGGGATAATCAATTGTCCACCGCGAAAATTATGGCGCATGTTTCTGAGTATAGTGTGCGGAGGGTTCTCTGATCGTTACGGTAGCAAAGCCAGAGGCTTCGGGGCAGGACGCACGTCCGCTGCCCTGTATCCCATATTCGGGGATAAATTCTATAAGGGCCAGGCGACTAAGGGAGCCAAGCGCTTCACTGGCTTGGCTGGCCCACTCTTCAAGGAGATTCTTCAGTTCACATCAAACCCTCGTCAAAGAGACAGACCTACTGTCTGGAATACAAACCTAGCGAAAACCGAGTATAACCAGACGTCGTATGCACCTCAATAGGAACCTAACTCGAACTCCTAAGACTTGATTCGTCTTGTACTGCCCGATTCACTGGCACTTTCGGTAACTAAACC,1262,48.18,Saccharomyces cerevisiae
SEQ_647295,AGAACAGGCATGCGCGCTGATCATCTTTAAACGATTGGATTGGTAGAGGTCTCGAGGGGACCTAACTTGAGTAGTCATCGAGTGAGGAGAACAGACATCCACGGTAAGATCACCCTACACAGCGTACGTAGTAGAGGCTAGCATGTATTAATCTCTGAATCAAGAGCCTGCTACGCAGTATAGAGGAAGAGACGCACCCCTTTTGGAAGGAGATGTCATCATGGTCGGATAGCTTTATGGCTTCCCATGTAATACTTCTGCTTCAGCAAAGAACCTCCTAAATAGGAGTTCCGATGCGTATACTGCCTATCTCTCAGTCACATGGATCCACGAAATTCAGAGCTTTCAGATGCTTTAAATACCACGGATAAGATTCTTGTTAAATCATTGTTATAGAATGACCTCGAACGTCATGGTTCAATAAGGGATCTATTGATATGAGCTGCTGACCACTTATTCCTTAGTCCTATTCCCAAGAGGCTCGGCGTCCGTGGCCACTGCAAACTCGTTCCTGGAGCCCGCGCGATTCTCAGTTCCATTGTCGACGGTAGTATTACCGACGGATGTTTATGTATAGTCTTCAAATGCCGGAACTACATCAACCGAAGTGTTTTGAAGCGGACACGCGTTTTGTGCGTCGACAATACGCGATGTGAGCGATGGTAAAGTTTATGGACTACACACGTACGCCTAGACTACTGAAGTGGTTGCTAAGACACTTGGTGTAGCCAGGTGTGTGTGACTTTGCTTGCTTTTAGCCGAGCGAACAGCGTCATGTCCACCCGAAGATGGAGATATTGAAGATACGCTTACCGCGACCCAGCCCCTCACTTCAATAAATCCTCAGCGGAAGCGTACGGACAGACTAGACCTCCAGGCGTTATAAAAGCTTGCTCCTGAGATACAATTAGTTCGGTGGGCTACAGAGTAAACGGAGGAGTAAGGCATCAAAATCGCACCAATCTTAAGGGACGGCGGACTAAATTAAAGTCCCCGGTAGCATCTCGCATCCAGACTCAGTGCGTGATCTCACAGTCACGTAGGACTTCCCCAAGGCAGGTCAAAAGAGCTAGTAGGTCGCTGAATCTATATCTGTAGTTGAGCTCTGGGGACTCTATTATCGCACCTAGGAGGCGCAGATGCGTGATGGCCTTTGCGGTTTGCGCCTGATCAGAGCCTCCGTTGCGGGCGTGTACCGCGCTTTCTTGAGATTCAACCGTTTCTATATTGAATGCACCGTGATACATTGGCCAGACCCCAGCACCTGTACCAGCTGAGGAGGCGGCCGCAAGGCAGAACAGAATAGGATTAATACATGAGTATGGCCCAATAGTTCAGGAAAATGCCTACTACCTCCGTGACAGGTTACAAGTTGCGTCCGTTCGAGGAGCAATCGCTGCCCTGCAGGAGCCTAATATAGACACCAATTCGGCAAAAAACCCACCATCGATGGCCCAACGAAGG,1464,48.84,Caenorhabditis elegans
SEQ_755591,TGTAATGACCGGTTTGGCAACACAAAAATGCAATAACTACAACGGTAAGCTTCTCGTCGGGGTGTAGAGGTACGCGGAATGGCGGTCCCAATAATTTTCGGCGACGGGTATTATCCGGGTAGACGCTGCTGGAACCTACTGTTAAGTAATACGTTATTTCCGGCTTATCAGCTGATACCCGAGCTGGTTAAGTGCCCCTAGTATACGCAGCCTGTCGGTAACTTGTATTATCAGAATAAAATGTTCGCAAAGCACAAGTATTTTAGCCCAGCATCAGTCGAACTTTCGCTCCCTCGCACGCCGTATTATTGCGTTATACGACTGCCCCTCTGAATGAATCCGGTCGTTTATGTATGTGCAAGGCAGTTATGAAAATTCCGATAACAGAGAATCTGACCAGGGGGACAAAGTTCCTCCTAGTCCTCAGCACTCGAGGCTACTGATCGTTAGTCGATTCTCGCACCCAATATTAGAATGAACCCAGTATTACGAGACCTGTCTTAAGTTTCTTCGGTCTAAAGACGCACAGAAGGGAAGTCTCATCCTTCGGAAGAGTGAGCGCCTCCCTGCCTCGAGCTGGAGTACATGTGGGAACGTTCAGCGGGATGAGATGCCGCTACCGACTTTTCGTTGTCAGGA,639,48.2,Mus musculus
SEQ_553271,CCTACCGATACGGCCTGGCCTGGCCTACAGATGGCCAACTCCAGCGGCCGTGGCCACCTAGCATGTTGAAGCCTCAGCGGACGGAGAGGGGCCTTGATCAAAATCAGACATACCGTCTAGAACAGAAACTGCTCCAGCTTGCCAATGAGTCTGGACGGGCTCTGATATTGCCACTTGATGTCTTTCAGACCTGTATCCGGCGCGTGGCTGCATTCAGGAACATAGGCTGCTGTGCAAGGCTGATTGAGATTTCACATAGAGTCATTCGTTCCCGGTTGCTTACAACGGTCCCCTACTATAGCAATGATCGACAGCCTGGCACGAACCCCAGTTAGTCGGTGATCGGGTGCACACCTTACTAAGTCAGATGGCTACGCTCTCGGTACTGGGCCACTGACCCTCAGATTTCCGATAGCTGGCATAAGATACATCTTCATATTCGTATCTACGGCTCCTTTCACCGTCGCTACGTCGGTTTTCCATACGAGGACACTTCGACGATCTGCTACGCATTACTGGTCACAGAGGTAACAATATTCGAGGATCCCACTTAGATGTGTACGACTGGTACACCCAGTCGCATTGGTGGTGCTACATTCACCGCCAACGCGCGATCGATTTAGAATGAGAACTGAACGCAACCCTATGGTCCCCCTGAGTAAGGTCGGGTCAAGAACTAACTCTTTCCCCTCTTGAGCTATTTAGAACGTCGGCGTTCCCATACCCCACGCTGGTATGGCCCTTGGCCGTCCAGGACCTCGTGTTCCTCCATCTTTTGATAAGGCGGCTAGCCCGTCTAGTAATTGCCAATAGGGCTTCTTACTAAGAATTTTGCTCTAACTAGGATTTATCGTGGTCATTGCTGTAATTGAGGCATATTGGCCGACTCGATCCATTTGCCCCATTTCCTAGATCGTACCTGTATTAGATCTTGTTGATGCGCGTGCCGGAATAGACCGACGCTGGCAAAGCATCCGTCACTATACTTGAGTTCCTAGCAGATGGCCTGGCCGATGGACCGTGAAACCTCCGCTACTTCCTGTTGTCCAGACGGTACGAGCCAAAGGTACAACAGCCTGCGGTCGATTAAGATCCGCTTAGTTTGTCTTATTGATTTAGAATCGCCGAGCAACTTGAGGCTGGTCGGATTTAAGATCCTACAAAAAATGTTGTAGGTCAGCTCGTGTGGGCCGCGCTCTTCACTACGTAGAATCTTAAAGCCGGAGCACCGGGATTTTCCTGCACCACCAAACTGGACACTAAGCAACGCGCGTCACCATCGGTGGGGGGGGGTGGCAGTCCCAGCGGGAGGACTTTTAATCTCTCGCTGACCCAGTGCGAAACGGAGGTTTTGTAGCCACCCGCCTAGGACGGCTGTCATCGCCAACATAATATGAGTCGTCACCGCTAGGACGCCAGAGAACGGACTGGTACTCG,1437,52.26,Caenorhabditis elegans
SEQ_466660,CCTGACCAAAATGCTTCTCGTTCGAGCGTCGCTCCGTAGTTGCCCGGCACTCCTGATGCTGGTAATCCCAGGCGTCGCCCTCCGTGACGTCTCTTAAGGTAGCAATAAACGGATAGGTAGAACCCTCTATGCAAAGATGTAATCCATCTGTCTATTCGGCAAATACTTGGGACCACATATCTATGATCATAGAGAGCTATCCTATCCTGCGAATATTGTGTCTAGGGTTTCGTTTGACTGTCGATCGGTTGTAACCTTTCATTAAGCGTGCGATGCAAGGGGAAGGATTAGGCCTCCGATGGACGTTGCTGCGCTTTACCTACGTAGTGAACTACAATGACCCATTATATTCCCCCTCAGAATCGTATGTATGGATCGTTTACTTAAACTGCGGCCTAGATTGAAACCCCGGTGGGTATATGGGATCCGTACAGATGTCGTCCACCCACCCGAAAATCGGCCCCGTTCGGTTAATGGACAGCCAGAGCCCCCTTGCTCCCGCTTTATCAGTCATATATTGAGGGCGATTTCCCCACGAATGTAGAGGTTTGTAATGGTCGCAGGCCTTGTTAACTTATAAATGCTTTGTACCCTCCTGGTACACTATACGCTCGAGTTACGTCAATCGTTATGGTTCTATTCAGAAGCTGACCGATGTTGACCTTCAGAAGGTGTGCTATCTGCTACGGTCTCACGACGTATTGGGTCCGGGTTGCTCCGTCGCAGGGTGTACGATTGCTGAGCGAGTATAGCGTTATCTTCCAATAATGGACCGATTCCGTGACCGTGCTCGCTGGCAACTGGCGCTACTGCAGAAACGTTGTAGTCTGATCCAAACCCAGTGACCAAGTTAGCTTTATTAAATAAGCACACTGGAGGGAGTCATTTTAGAACTAGCCAAGATTTGTGTACAGAATTATCTTATGTTATTTTGTCTCTTTTCTGGTATATTCCAAAGAACCCCCTATCGATTGATCGAATGGACTTACTCTTTGTGTGCTTAAGGCGGAGAAAAGCTCTAGGTCTGCCCATTATGAATGGTTTGAGGATGCGGGCGAAGCCGGG,1065,47.79,Mus musculus
SEQ_423742,TGTGAGCGGGCTGAGAATCCCCGCTTTTGAACTTAGTCACTGGTTAACTTGCTTTTGCACACAAGCAAAGGACTCTATAATCGCTACTTGACCAAATCTCGGGATTTTACTGATGCAACTCCGCTG,126,46.03,Arabidopsis thaliana
SEQ_558730,TTGTACTGAGACGCAGCAGTGTTCACTGCATCCACCTGTTGGCGCAATTGCCTAATAAGGGGCGAATCGAAATGCTTACAGCACTAGAGTCTAGGTACTTATCCACTACCCCCATCCGTCCGTATTGCCGCCCGGCAATATCTCCCTGCCACGTCGCTTTGTTCGAATACAACCAGTAATACAGAACCAAAAAAGGCGAATGACGGCAGGGCCCTTTCCGCCGACCACGGGTGGTCGCAGGGTCGGGTTGACCGCTAATTCACCTAACCACGCGATTGCAGGTTGACAGGGCCGATGTGGAAAACTGTCGTTGCCAATGGTTCTTTGTGGGACTGAGGCAGCGGGCAGAACACGAAATATTGGTGCCCGCAGAAATTTTGAATATTGATCAAGAAAAAGTACAAGCTGGGAAATTGCAATTAAAGAAAGGCTTCAATTGCCTTCCAACATTTCGTAAGGGCGTAGTCCAACAGCTCTGTGTATGTCTGCG,490,50.2,Caenorhabditis elegans
SEQ_592901,GAACCTAGTCTCGGTCTCTTGCTCGCTGGGTTCTTTGATGCAATTACTGATACCCCTTTGTGCATTAGAGGGGCGACAGAACTTATCGAGCTTATCTCTCTCTGTTCCTAACTGATGGCAATAGAAATTGGGAACAGGACTGATCAATTCTGACCCACACGGTGAGTATGGCCAGGGAGTTCTAACTGCTGAGTCGACCGTCACGGGTGCACAGACCTGAAAAGTCTGATTAATAGAAGGGTCAGACAATACTTCACCCGTGTCTACTACTCAGGTGAGGTGAAGCGATGTGCCTATTAAACCCACGATTCAGCCCCTAGGGTCGCACAGACAGAGAATGCGTTTCGACTGCGTAGGTATGTGTAGGCTAAGCGCGTTAGCATAGCTATTGCCCCAAGGTGACTGATAGCCTGTACTTAGTTTTATCCCGTATGAGAAGGGTGTCCTTAAGAGTCTCGGTTTTTGCGGAATTGGGCGTCTTTGCGCGAGACGTGAGGCGTAACTCCATGATCCACTCGAAACGACCGCTTGTAGGGCCCCTTGGAACTGTGAAGCTGGGGCGACAAGTTATAGATATGCACGAGTGGAGTCCCTTTACTCAACTGACCCTCTAGCATATCGTCCGTGTGTACTGAGCAGATAGACAAGTTTTGATTAAGGATACACAATCTACCCCCGAGCATTTACTAACCGCCCTGCACTGTCAATGAGAATTCGGTAGCGCTCGATTGAACGTCTGTATCACCACCCTCTGGCGATCAATCCCCCGGCTCCGTACTATTCCTCTCACTGACCTGCAGTGAACGAATTGAGTGTGCGACCATCGTGGCGTTCGCAGGAGCACTTTCCTCCAGTAGACAGGAACTAGATGCTGCATCTTTAGGCTGAAAGGAAGAATC,899,49.83,Escherichia coli
SEQ_327115,CTCGCTTGGCCCGATTCAAAGTGAGCCGTCGTATGCGTTGTTAGCTGTCCGGGCATGATGGTACTGGTCATGTGAGCGCCGTCGTTGATGGGTCTGTTGGGATGTAGTCGATGATCAGGGTGAAACCAGTGACCGCATGGCGTAGGCTATAGCCCGAATACGCTTTAGACCACAATGGGCTGTCTGCGTCGCAACGTTCGAGCTTGCGGAGCTTCCATGTCTACAGTGATATACCGCCGGACGGGTTATAGAGGGGGACCATAGTCTCGCAGTATCCATCCGACCCTATCACCTGAGCCCTTTAACAACCAGAACTGCCAACCTTCTCGGCAGAATGATCTGTATAAAAGGCGTCAAGAGTTGTCGGTTTGTATCGACCTCGGATCCGTGACTTCGTGTGCATCAGCGCCTGATTCCTGATACATGTTGAGCGTCTGAGATGCAAGCACGAGTGGCTTCCGGCGGAAACGTAGAGATTGGTCGTGAGAAGTTCGAGCAAGTTGTTCTCATTATAGGCGACGTATGAGGCCGGGATAGCCTCGATCGTTCCCCCGAGAATTCGGAGCCTTACTTTGTCCTGTATGTGTGGCCTGGTCATACCTTGACAGTACTCATTGTTGCCCGACGGGTGTAACGCGATATAATCAAACATCCAGTGTACTGAGCAGAGTTCACAAGAACTAGCATCGCGCTATGGGAGGATGGGGATAAGTAATGTTGATTCTTAGGCTGCCGTGTTATTTCGGAGCCTGGCAAGCCCGGGAAGCCATAATCCAATGATCTGCACCATTGTTGCATAAACAGAATCGTCAGCCTTCTCGCCGGTTCCCGTGGGAAACACGAGACTCTTCAAAGCGAGGGCAAAGACCGCTACAGCTCGCATGAGCCGTTGACATTGAACGCCGACGTCCTGATTAGGGTGTCCGGAGCTTCAGCTAGCACCACCAGGGGGAGGGAAACATCCTTAGTAAAGAGGGACGAGATCTTTCAGCTAATCTCCCCACTCTCCGACTAAGAAACTCTGCAGATCTCACATTCAATATAAGCGAGGTACGCTTGTAACACGCCGAACCGATCCAGACCTCCACAGATCGCTACTAGGTCTAAGCACATCACTTATCGCCGGAAAGTAGGTCGATTGCATGAATCAGCGGTCGGCGGAGTGTTTGACTCTCTTTCGCTTTCGACGAGTTATATGGAACGGTACTCAATTAGTTTGGAATAAAGACTCGTGCCATTGGCTACCAGGCCGCAGCGAGCCTGTATAATCGTGCCGTCCGGGTACAATGGCTGAGCGGTCAGTCCGGAGGAGTGAGCTAGAACCTAAGTGGTTTAGTACGCGCTCTGTATTTGCGCAGTTCGCTAGGTGTAGGCCCCTAGATAGGGGTTGACCGTCCGAATTGCCCTGGTTGTCGTCGGGGTGCGGCACCTGAAACCGTAAGCCCGAGACATTACTTTTAATGAAATAATGGCCGGTTTCCAACCTATCGGTTTGTAATTTGGTCCACGTTTTGTCCT,1518,51.84,Arabidopsis thaliana
SEQ_909181,ATTCGAGAGACCGGTATTCATGGAAAACAGACTTTTAGCATCGTCTCCCCTATTGCTATTTCGTCTTAATAGGGGTAGCAGACGCTGTCTGCAAACACTGGGTTTCACTAGCTCTGGAGCAGGCGACGCTATAGATAGCCTTGAAATTCATGACCGGGCTGTCCCTCGTAAATCAATGCACGGAGAGCCAATGATTTCGGTACGGCAACATCGTCTAATTCGGTGTAGTGCCTTCTCTATAGTAGAAGGATGCGTCGGTTAACCGTAGGCGATCGAGCATAGAGCGGTTGTAGCCCGAATGCGCCGGGTTAATCCCGAAGTTATCGCAGGGTGTCAACAGACCTACCCACAGTTCCAGGGCTTGTCTACAACACGGAGAATCTAGTTGTCCAGTTGATAGCATATCATAGACCCAACAAGAATGGGGTTCTTACGTGGCCAGCATAGTACTAGCGGTTCCCTGCTGCCTCATCGAACAGCGTTCTGTAGCTCGCCCAGCGGTCCGCTGTATGGGTATCTGATACTAGCTGTACCAGGGTCAATTCCTGGCACTCTGGTCTTCTCCCGCGCTATCACTTGGGCAGAGTACGCTCAAGCGGCGCGAGGTATAAGCCAAATCGCACAGTAACGAACAGTGGGGTACATAGGAATAGTGCCGGTCAGACCACCCCAACTAGGTGGTAACATGAGTAGACTTCCTGGCAACGCGTATATGTGGCGCTATCTAATGGAGCATGCGTTATTTCGCTGCTTCGGGGTTTCTACGTTAGGCCAGAAGGAATTTCAGGGTATTTGTGCTAAAGCAACAGGGCAGCACAAGTACTTCACGGCCCTATGTGTCGAGAAAGGCCATGTAGGATATATAGGATAACACTACCGTACATTAGCACGTTTAGGCGCTAATTTTTCCTGGTGTAATCCTGTCTGGCCGCCTAACTACCGGCATGTACATCGGCCATTGCCGCCAATAGAGTGTTCCTAAAGCGCCCGAAACGATGTAGGTACGATAAAAGTGTGAACTGTAGGGTTTTCGTCGTACAGCTAAACCCAATGATATAACTTAAGTTAGCTCGACAGACTCTAAAAGCGATGTAAGGTATCCCAACTAGATATATTTAGCCTGATATCGCAGTCCTATCGCCGCGCAGCAGACGCATGCGACCTACTCTTATCGGCCTCACGAATCCTTTCCAAACGCCAACCCCCAGACACGGTTCGTCCTTTCACAACGACGCTTAGATGGGTGGAGTTACCCGAATGAGCCACGCAAAGTGACCTTTAAGATTGTCATTACCACTACTGACATGCTCCCACCTTCGGGTATGTAGAGCCCGAGTTCGCAAAGGTTAGCTGATGGAGGCATCGGTTATTCCCGCGGTTGGGGGGGGTAATCCATCTTGGGCTCTCTAGTCGCCGCCTGTTTGCGATAAGGTGCTGCATGGAATAGTTGCGGGGACCTGTGAATCTTGGTTTATCTAGCCCGGCCTTTCAAGCTCCCGATGGTGTCCATCGCAGTCATGTCAGAAGATGGGTGGTCGAGAGAGTAGGGGCAGCACACTCGCGATAGAGGCCCCCCACCATTACGTTGCAGCCTAAATCGGTCGATAGCTGAGATCTCAAGTTCCTGATGCTCTAGTAGCCTCTGGCGCCCACAGTGTCGTCGCATCGAGCATCCCTTTGGTCCATGTCGTACTACCCATCTACATGAATGGTGGTGAACATAGTTCATGTAGTTTTGTCGTA,1743,50.66,Mus musculus
SEQ_539505,TTAGATGAAATCACGGTAGCGTTGAGAGGGTCCCAGACAGTCTCCGAACAAATGTTCATATCCAGTGCTCCATCAGGTGGCTTGCTCGGTTTTTATAACCTACTAACCCATGGAATCGCAAGAAAGATGGACCCTAGGACGCGGTTGATACACAAATCGGCTCGAACCCGGCTAGACGATACATGTAGTGCAAGCCTCCACGTTGGTTACCTCATCTAACTACATGGAACTTCCCGTACGACGATCTGCACATAAAAATTACTGCCGTAGCTATGAGCAAACCTGACTAGGTATGGGCCCCCATTCCTATAGGAGGCGGCTCTGGGCGGCGATGATACCACATCTGATCTTAAATACCAATTGTGATGCTTTGAGGCCGCATCGAGCTGCAACTAACATATGAGACACAGGCGACACAGCCATTACCCCCAATACTCATAACAGGCGACACACGACGTGGGTGGACGCGCGTAGGCATGACATAGCAATGACAAGCTATGTGCTATACTCTTCATGAGCACAAGCAACCATTGTGTGCCCCCTTGGGTCCTAGGGGCTGGCGCACGGCGAGGTAACTCAAAGGTCCCAGAGTGAAAACAAAGTGATAGCACCATGTAAGTCAAAGTGAGGAGTCGACGCAGCTTCCGATGCCAAGGTAGTACTGGGCATATATGGCAGTAAGCAATCTCACATGTAGGTCAAAGGTGCGGATTAACTCAACTTCGGGCCACATAGCACGGTCTGCGCAAAACATTA,756,49.87,Mus musculus
SEQ_263992,ACCACCTTTGAGGCATCGTTGCACGTCCGTTGTAAACTGGAGTTCTGATTTTATCAGTATAAACAGCAACCAAATGCAAGCGACTATGTGAAGAATTGCTGTTGACAGTAATTTCGGGCCTTGACCCTATAACCGACTGTCTAATCTTAAAGAAGAGGCCTTTGTGAATCTCCCTATAACGGCCAACGGGTGGGTCGCCTGCCTTCACTTTAGATTAGGACAGGTCCGTAGTTCGCGGATGTCTATGGAATCGAGCAACCGTCGCTTATGATTTTCCCCGCCTTGCGAGCCACCGGGGATATTTGACCGCATGGTGCTGTGGGGAGACGCAAACCAGGTCCCAAGAGCCAACAATCGTCTCAATGCAAGCCGTGTGCAACTTCAATACCACTTATTTATCAACATACAGATAGGTTCAGACAAACGGTTATGACATCGCTAACAGCCGTCGGGCATTCCATGAGCGTAGTACGTTCCTACGTGGATTTACCGAGGCTTGTTACTGGTGTTGATCGCTTAGCAGGCGCCATAGTCGCAGGTCTATGATAAAAAGAAATACGTTGTTTCTGAAATAACCTCCAGCCTGTAAGGTATACTACTCGGCCGGCCGTTCACGCGTCAGGCTAGCACTCACCAGTGCAGTGATCCAGCCCGATCTACGGCCGCCCCATTTGGGCAGGGCAATAGTTGCTACGTCTCGATTGCATGGCCAGCGTCTAGACCGTCTTCGGGACGGACGCAGGAATCTCGTTCTATGCGCGCACATGAGATGTAAAGGATGAACGACGGCGGAAAT,796,50.25,Caenorhabditis elegans
SEQ_952839,GAGTCCGACAGTTACACTAGTACAGACTAGGAAGACCGAGCGTAGACCCGGCATTGGCATTGACGCCTTTCTCGAATCCCCAACCCTGATCGGTGACGTTTGCTAAACAGAACCTTCTATGAGCCGATTTATCGGTAACGTTTCAGTATGGGGCGTTGTGCCTTACCTCACATGCTCCAGCCCGCACTCAAACTCGAGCCAGCCCGCCGCACGTAGGCCACGTTCCTCAACTCACACTCGGAGCTTCGTTCAGGCTCATCATTACACAGCGCAATTCACATTAGCTTTCAAGTTAGCATTTAACTCCGAGTGAACTGCAGAGAAGACCTTGTCTATTTCCCCATATTTCAGGAAACTTTGGGGAGTCTGCACGGCAGCCGAATGATCACCTTCCGACCAACCATAATTGTCAGACCCAAGTCGGCGTGGTTCTTAGTTGGCTTGTTGTTCTCGTGTGGGCTCCTTATAAGATCTGTCGTGGGTGTTGCTGACCATGGGAGCTATATTTACTACACGACAGGGGTCACAGTTATGGAGTACCGTCTAGGCCCGGTAATATGTGCCGTGTGGCGGGTGAAGTTGGACTAATGTTTTTGGACGCATATATGTAGGAAATCAACTGATTCAGCAGCATGTATAGGTAATATGGTTGAGCCGTCCTACGCCCGGGCATACGCGACTTTCTGCTCACCTTGAGTCTTGACCAAGTAGGCAGCCGGTCTAAGATCAGGAACTTTAGTGATACCTCATATTAAGAGCCTGGATTAGTTTATCTCCTTGAAAAGAGGAATCGGGACAATAATCCTTCCTGAAGAAATGCCTGCCCGGCTTCGGCAATCCAGGCCACCGTGCCTTGCCACGGGAGCCGTTAAACAATGCGCGCTGTCTAGAGAAACAACACTCCTTTTGACGGCTAAGCGTTCTTGGCATGCCTGAAAACTGGTAAACTACAGTTTTCCTGAGGCGACCACTGAGGCACGGTTCGTCGCGAGAACAGGGATTATATTAGCCAACTAGACTAGACAACGAGAGCGGACAGACTAAGTTTCCTGTGAGTCACAACCCCTAACGAGAATTGCGTGCGAATTCAAATAGCGCTGATGTCTGCTGGGGGTCAGAGAGTGGCCTCCCTTACCCGGGTCGTTCCAACGAATGTAGGACTGACACGCATAAAAAAAGGATCCTTTCCTATAGAGCATGAGTTTTGTTCCTTCTCAAAAAACCCAATACGGCATGCAGCTTTATTCCGCGTTATACAATCATATTGGATTTGATGCGTGGTATGATGCTGCAGTACGGCGCCGAAGCGATGTCTCTAGTATTACATAAGGGGCGTCCGGGAACATCAGATGTCTGTCACGGGCAGCATCTGGAAAGTGATACCAGCGTTGGGGCTGATCTCCCCCTCGTACGAACCAGCGGCTTTATACAGTACAGAATTGCATATCCTT,1451,49.55,Caenorhabditis elegans
SEQ_729922,CGCGTACCATACGTCCGGACTATTCGGTCGTTACGGTCCCGACCACCTTAAGGGCTCGGGTTTTCTCTTCAAATACAATCCCTCTGTCTTTCACATTGGGCTGAATGGCGAAGACATATTAACGTTCAACCAGCTGGGCAGATCTAAGGCGGGCTATACGGCAACAGTCAGGTTATCCCCGGGCCTCTCTGTTATATGAGTTCGAAATATCCACAGTACTTAGGTCACAGGTCGCGAGCGGGATAGCCAAGTGCGGCTGAGATCTGCCGAGTTCCGGCGACGGAGCTCACGGTGTAGGTACTGTTCACAAAACCCCTCATGCATTACTATCAACAGTGTTCCATAATTCAGTTACGGTTAGTGCAGCGCGTTTAGTGGGTGAGATTTGTACAAGTTGCCCGTAAGTTGCTGGCTTTATCGCGCGGTTACTTTAAAATCAAATGGTCGCTCTACCAGAGTGTCAAAAGAAGGCCCGAATTGCAAAAAAGGTACCGTCGTGCCTAGAGCTCCTACCCGAAACAACAGCACCAATAAGCGAGCTTGACCACCGACTCAATAAAGGCCGATTGTGTGGGACGGCTCTCCCCGTCGCGCATAGAATGCTGGCGATGTTTTCGTTCGCCAGATACGGAAAATTCTGCACCCAAGTCTCAGTCCTTTAGGACGCCCAGTATTTTTCACGCAGTCGGATTCAAGCATTTGATTTCAAACTTCCTGTATCGACATCACATGGCCATCTACCCTATTCAAGTAGGGCCCAGGGGAGCTGTTGCGTCGGAAACCCCCGTGTGCCTTCGGCGTACACATACGGTACGCTACATCCATGCAGAACAATTTCCCTCAACGGGCGAAGCAGAGTATAATCGGGGTCCTATACACCATGCTGGCCTAACCGCCTGTACAACGATTAAAGCATCAAAGCTGTGGTCTCTCCGGGGAGGCCCAGTCCGTCTCTCACAATCAGTGGCAATTCGTTAAGCGCATAGCCGGCATGAGGACGTCCAGACAGGTTTTTACTGTTGGGTATAGGCAAGGCTGCCCCCCTTGACACATGGCCTCAGAAGAGAAGATCGCCTATGAACGCCTCGCAAAGTCCCTTCCGCTTTTCACGACAACGCCTGGGATATGATTTAAACGATATATAACAGAGATTGTTTAAATCGCATAACCAAGTGTCTGAGCCTATTCACGACTCCAGAGAATTTCTTACCGCCTAAGACCCGTATTCAGCGTCATTGTACATCAACCATGCATGGCCAGTCCTCTGTCTTCTAGTGCAGATAATTCCTCAGACGGAGCTACCGGAGCGGATTAGATCTATCTTGTATTTATACACAATACCGGCCTGGGAACTTTGCGTGTCAGCTATAGCCCCTGCATAGTGCAAGTTGTTCACAGTATCTAGTGGAAGCGGATAACTAGATACCATTCCCTGAGCTTGAGGCACTAGGACACATGCGAAATCTGGTCATGTCCGGGGCTCATTAAATGTTACGCAGAGCCCTGGGCTTTGGATGTAGTCTGCGAAATATCACTTCCGATGTAATGAGCGTAGCAAGGCGAACCTTGGCTAGCTCTTTTCCGTTCTGCCGACCGCAAGGCCGTGACTTAGTATAACTACTGCGTGGGACCTAGTCGCTGTGGATTTCGCACTAAATCCTGCTAGCCCTTGATAGACCTGCCAACCAACGCTTGCACCACTAATTGAGCCTGACTAATGGCT,1723,50.09,Homo sapiens
SEQ_915021,AATATCCTTAATACCTGTGGACCGAGTAGAGCTGCCAAATGGATCTGTATCCAGAGCTATCCATGAAGGTCTTGAAGCGGTTTTAGTAACCAATATCCGTTGGATCACTATTGGTTTCGAAGTAGGGTGTCTAATCCCTCTGATAGGAGAGGAGGAAACCTCGTGCAGCCGTCGAAAAGTGGGTGTTTTACTGCCATGAATGTGGCAACCCTATGCTACGCTTTGTGTTCTCCCGTCTGGTATGTAGATCGGGGGGCATTATGCGCCGTAACAGGGGCACTGAACCGTTATCGAATGTCTTAGATACGACCTTTAGGGCTTAACTGCAACACTGATGACGCTCCCATGAACCTGAGTGGTTTGTAGCCACTCGCATCGGCAGCTGGTCGTTCCGTAGAAATATTGCATCCTTTAGCGTCTGAAAAGACATATGAATAGCGTAACCCCAATGCTGGACCGGTGATCATCCTAGTAGAGTGATCAATGGTTTTAGCATGCCCCGTTAATTGAGATCCACCCTTTCGAACCGATACGAATCCAAGAGGGCGGCTAGATGCCTAGTATGCGCAAAATTAAGATTCTCGGCATTCCTACAACTAGCGGTTTTCACAAATGATGTAGGGGTGGGTTGCTTACGTTCAGACATTTTTAATACTTTAGGTCGGAAATTGCGCCCCACAT,681,46.99,Saccharomyces cerevisiae
SEQ_999457,CCCTTGTTCCTTTCTTCGTGAGATCGATTAGAAAATAATAGCCCCCATCTTGGGTTCTGGTCGTCGCACGCGAGACCCATGGTATGTCTTTATCCATTTCATGCTTGAATCGGTGAAGCGATCTGTCTCTAAAGGTAAAGTTGTCTATCCCTCCACTTCCCTACGAAATCTATTGTAAAGCCTTGCAACAGAGTGATAAGCCATCTGACGGCTGCAGATGCGCGTTGCTTTCTTTAGAATGGTCCCCTGATCTGTGAAGACTATGCAGTTATCCCGCATATGCGATCAATTCAAGTGATACTATTTCCTAAACACCACGCATCGTGCACCGCCTCCCATTATTCAAGCTGTACGCAGTGGCACCACATCATTTCGTATGGGGCGGTCGATTCCTGTACCAGCAGCGGGTCAGGTGGTCATCTACTCCTGTTCACTAGCAAGCCGATTTACCGAGTCCACCGTTATCAGGACCACTGTCATTGCTCCACGCGCCAATTAATCTGGGGTTAGTCGACGGATTTTCGGTGTGTGCGAGGGGATTGTTAATTAGGATGGCTAACTATACCCAGTGGGACTTACGATTAATACCAGCCGTAACACAACCGTTAGCGGCTTCCCAAGTAAAGCATGGTAGTGAGTGTGCGAGTTCTGGTGGTGGAGGTCTAAAAGTAGAGGCATAGAGATCGGACCACTGAGAGACTTATAGGATCCAGTCCGTCGAAGATGATATGGTTGAACGAGTCACATATTATATGTGAGGCGATCGAAGCAAATATGCAAAATTTATCTACACCACTGGCAATAGTGTATGAAGGACCAATTTTCTTGATGATGCGTCTTCGGCGCGCTAATGGCGGCTTCGTCGGCAAGCTCCGGCGGAGCAACACCGGTGTAGTTATTACAATACTAGCGTGGTCCGTCATTGGGAATGAATATGGGGGTGGGATAAGGGTAGCCGTACCGGACCTAAATCCTTGCATACTATCCCAGAGCCATG,997,48.24,Drosophila melanogaster
SEQ_643368,AGCGACAATAAGGGCAAATGGAATTGGCGTGCCCTGGTCCAATACCTATACGTGACAGTATATACACACACCACACGTAGTTCAAGCGTTAAGAACAACCTAGCAAGGTAGGAATGAACGCATAATAACCTACAGCTACGTATTGCGTTAAATCTTTTAACGCTACCTGTGCCAGCCTGGGTTTGCCGCAGAATAGCGCCAGTTTGTAATGTAAAAGTAGGCCAGTTAGGGGTACCGTGAAGCTATACGGTATCTCAGCTTATAACTCTTTCGGCTAGGTATTATCATTCCGTTTCACAGGCAACTGTAGGTACGAACAACCACCGGTCAATATCGGACCTTGTTAGATCCTGCCTACCTTGGACTGCGTAATTAGGCGGTGCACGATAATCGAACACTCCTGAAGATTGGAACTTGCACATCCTGTTCGTAGTACGACTCACGTCTGGTGGCCTTCCGTGTGCTATCACGTAGGAGTCCGTCATTTTATCCGCATGCAACATACTATTTCCAAACACACACATCATAATTGACGAAGCACCCCATTGGCGACTGTGATCATGTACATTTCCTAATGGACCGGCTCGGCTTTTATTTAGCCAAAGTCTCGGAGCTGAGCTCGCTATTCTGTCGGTGCCGAGAGTCCACGCTTTAGTTTTAGGGTCATATCAGGCGGAGCTGCACGCATGCCCCGTGTGTGATGACTTCGATAGGCCGGTGACAGACTGGTCCCAGTGATAGGTTAACATTGCAGCTCTATCACGGGTAATGAGTCAATACCATCGTGGACGGAGGCAGTATTGTGACTTTGCGCCCGGATGCAACGCGTGTGGATCTTGACCGTGTAACATCACGAACTGGTCAGCAGTCAATTATCAGTGCTGCATGCGCATAGTTTACATGGGGCGGTCGCATCAACGCAAACGTCGTATCCACCTTCCATTGCGCTCTGCTACATAGAAAGAAAGACTGTCACCATCTCAATCTGCTCAGTGGACTCAGTTCTAAACTCCTGATTGCTGTACCAGGTCCTAGGGACGCTCTGATTCCAGACATTGCTTATAAACAGGATTCAAGATTCTGTAGCTGCTAGGACCCGTAAAATTGCCCAACTGTTCAGCTCCCTCAAACTTGATCAAGATTTAATGACCAATCGATGAGCAGTGACGAGGTACATTGGTGGTCTGGAGCGGTTCCCTCAAGACCGTCCCCCTCGTGGATCTACGGACCTTGGAAACACGAATTTGATACCCAAGGGAAGATCTTCGGCTAAGCTGTGAGCTAAGGAAGCCGCCAATGTTTGTCATCAACATCTCGAATTTACCGTTGGTCTTGCGCTTCAGTCTTGCAATCGCAACCCCCGTCTAAGAAACGCATCACCAATCGTCATTATCGATGTAGTTTGCGAGAGGATGCATTAAAAGGCAAACCATGCGGGCGTGGCTTCCAACTGGATGGAGGGATGCTGGACCAGTGGTACTTAGGTTCCCTAACGGTTAGATCCTGGAAGTGAGAAAATTGTTATCGCCTGGAAACGGTGCAGAATGTTTCGCCAACAAGGGTCGGGCTCCTCCGTCCGATTAAACGAGCTCCAGTTTCTTTGATACCATTGAGCCAGCTAACCAGGTAGTTAGGGCAAATGGACTTATTACCGTGTGTTTACAATTAACTTGTTACTAAGTTTCGTGGGTGAGGTTGATACGTCTATGAGAATCGGAAGATGACTGTGAACCACATGGTTTGCTTTTTTATTCATTAGACGGTTCAGGGAACTTGCCGGGCTACGTACAC,1791,47.96,Saccharomyces cerevisiae
SEQ_585339,GGCGGCCCGAAAATAAGCATCGAGTGTGGAGCGGATCACTGTAACCATACCTAATGCAATCAGGTGGGCTGGGATGTCCCCTACGGAGATTCGTAATTTCGGACCCTATGGTATCCTTGCTGTTCGGACCAATCTCGGGCACCTATAGAGTACCGCTCACTTCATCCCGATTATCTTACGAGTCGCCTCAATACGGCTCATTAATGAGTTGGCATGTCCCCTTTATCGACCCTCGTGCAGATGCACAGGATCTTGCCGCGTAAGATTCTCCTTTTTAGGGGAACCCTCAGTCCCTTGTCATCTAAGTTTGCACATATG,318,50.31,Arabidopsis thaliana
SEQ_272264,CTGGTTTTAGGTCTTTGCACGAATCATTTAGATGTGCTTTAAATCGGAGAATGTCGAACCGGATTCTCCCCGTGACGGCCGGCGTTCCGGGATCGTCACTTAGTAAGTATGATCTTTCGACATCGTCGTTCTCTTAGGGTCAACGATGGCTGAGACCTAAACTCACGGCCTCTTCTGTAGGCAAAGCTCTCTCATGGAACGACATGTATGGTGTGAGTACTCTCTCGACTTATCCAACGACCTATATAGGAAATCTGACTCGATGTCCGACGGCCTGGCCAATCATAGGAGCCACGTTAATAAGATTACCTACTCATAGTACGCACTGCAGTCAATAAAGGGCTTAGGCGGCGCTGGCTCTGCAGTAGCGTACCCTTACTAACCTATAAGGTGCAAGATTCAGTACCACTGCTTGAATCCCAACCAAAAGACACAGAGAGACTTATTTAACAGTAGGTTAGA,462,47.19,Saccharomyces cerevisiae
SEQ_946391,GGAATTTTGGCCCTGATCCGGTGGGTGACGTAGATCTGTTCATGGGGAGCAATAAGATTGGTTGCTTAGTCGGTCCGGTGTACTAAAAAAATGCGTAGTTTCTAGGACTCGCCGGCTTGCATTTAACAAAACCGGTGACCGCTGCACATTGAACCATAATAATAAACATGTCTGTGTTACTATCGGCATCGGGGGGATCGTATCGATGTTTCAGTGTAACTACTCGGAAAAAACCCATCGCGTTGCTTGTCATCTTGGGACTTCCTCTAATAGTCCACCGGATAGGACGCCTTATTAATTCCATACCGTCGGAAGAACAAGTCATATAACATAGGACGACGTTAGGTACCGGTGTACAGGACCGCGGAATCCAGTAAAGAGAGTAACTTGTGGTTGATCTGTATCTGGGTGGTAAGCTTCGCCGCAAATGCTCTCGTAATGGTCCGAGGCTAGTGTTGCTTAAAGCGCCCCCTCCTACGAAGTCTGGTAGTCGGTATGTTAATCCTAAGAATGGTCTACTGTGGGGGTTCATAGATAATGTAACTTACCCTGGCACGCCTGGTGTTGACACTACTTTCGTTTATTAGAAGCTAAAGCCCTGGCAGAACGTCTGTTTGCCGAATAGCTATCGGCAACAGAACATTATTTATCGAACTTCAGTATCCGGTGTACTACAGCAGAGGGTTCACACTTCATATGTGGATTACAGATTCGTGTGAGAGGGGACCACTAATAGTTACTGTCAAAGTGGGTGATACTTCTGGGAAGTAGCGCGGTGTTGATGAAAGGTCAAATTACTGTCAATGTGGTTGAAGAGCGTGTTCAGGGTCAACTGGTAAGCTAGATCCTACCCCTTCAGCCAAGCAAGTCCACTGATTGAGTACGATTTTGCCCCGGCAATCCCGGGGTCACTGTGTCTAGCAAGTACCGAACTTGTCGTAATTCAGGCGACTTACCAATCCGACTAAGGCCTGTATTGACAGAGGTTGGAATGAGGACCCCGCGACAGCGTTGAACGAAAAGATACAAACCGTGAACGATCGTTCGACGCCGAATGCATGTACGACGCACTACATTTATGAGGTCTTATAACCGAGCTAGAGGTCCACACAGCAGAGCGTCGCATGAGTAAGAACGTAATGTTGAACATTGTGCCACCGACTCCTGAGTGTTTCGATCTCACCATCCCAGTATGAAGTAATGCCACGTGACTCAATCAGAGGGACTAATGGTAGCGACGTCGTCAGGTCTTCAGGTTACATTGGGCCATTAGCACAGCTCGACACGCGTAGCCAAGTAGATAGCCGCGACTCGTCGATGACTATTGTCGGCCGACCTTACCGGGTGTTCTCAATGAGTTAACTGGTGGACTTTCGCGTGAAAATGGACTACATTATTCTACTTGCGGCTTCATTTCGCGTGACGCCCCCGCTGTATTGAGGCAGCAGTGCATACCGTTTACAGTCAGACCACAACGCGCACGTGCTCCAATCTAGATCGGGCTCAACAGTCTCACGCGCGCATAAGTTTGCACGCCGGTTATATATCTGGTCCTCATGAGTCGCACAGCATGACGGTTCAGAACCACGCCATCCCGTCGAACTTCGAGCTACTAGTTCTCGGACCAGCACAACTCTGATGGCACCCTTTTCTTAGTCAATTCCCTAGAAATTGAAGCTTTGGCAGGGTGGGGCTTGTTATTCGGTGGTAAAGATCCCCGTATGAGTCACGCCCATAAATGCCCCATCGTCATATGGTATCTAGATCGGGATGACAGTGATGCTCAGAATCTTAGGCGAACCCAGCGAC,1809,48.81,Drosophila melanogaster
SEQ_594831,AGGGACACTATTCACTTGCAGACCTTGTACCCTGCGTTATGGCACCATGTGATGCAGGTAGCATCCTCTATAGTCTACTTAGTACTCATTCGAGGGCAGTGGCGGGACTGCTGTGAGTCTATAGATTTAGTCCCTCGATCCGTCTAATGTACACAAAGACCCCTGACCTAATCGCTGTATTGCTAAATTAGCGAGGGATCGAGAAGCCGACTTAAGGCCGTTGCCTGTCGCAAACGCATAAGCAGATCTTAGGGCGGGACCCAGATCGTTATCAGCCAGTTGCACAAAGCAGCACAACAACTCGTTTGAACCAGCGGTAGGGCCAGTAGGGTCACCTTTAGGAATAAAGCGTACCTCCCAGTCTCGCTCGCTCACATCCTTGCTGTGGATTTCTTGGACGTACGCCTCTGTAGGCGGATTGGTAAACTGTCCAAGTCTACCCTGGAAAAGTGTTACCCTAAACGTTTGAGGGCCTTTGAGACCTTATACCTGTCCGATTTTGACTTACGTGCGCCTGGCGGATCGCTCCAGGCTTCGAGGTCTTCGACATTGAACTCAGAAAAAAGATAATGCAGTGAGCGCGGTCTAGTGCGACCCATCCAAGGCTTGAGCTCCGCAGCACACCCTTCTGTATGAGGCCTAGATCGTACGATAAGCCGCTGTGCCCGCGCCAGCCACCCCCTCTACCAAA,691,51.95,Escherichia coli
SEQ_466514,ACGTGCCAATTCGCTTTGTATACAGAAGCTGTACGCAGTAATCAATAATCCCTGGCATGCTGTGTCCAGGACATGCAGTACAGCAATCCGACGTGTGATTTATACGCTAGGTGCTAGCACATAGACCCATTCTGATAAACGATTTTACAAGCTCATCGGCACCTTTATAGCAGTAAATGCAGGGATGTGTCTATCATTACCAAGTCAGAACGCGTCCTTGTTGGTCAAGTGACGGGGCCCTTACGAATCAGTCCGGTCAAGTTGCCATCTATATCAACAATCCCTAGTGGAGTGAACGGTTTCTCGAATTGCACCGACCGTATTCGGGGCCTCGTACCAAGGCCTGTACAGCGCAAAATTCTGCCAATACCGAACTGACGGTATGAAGTCTAATACCAGTCTGAATGTGTAACGAGCGGTAAAACTAAACGCATGCCTCCAAAGTGCATTCACAAACCCAGCGCACGTTGTCCCGGGGACCTAAGTACTTCTTATTGGCCGTTAAGAATAAGACTATAGCCTTGCTCCAGTTCAAACCGGTATCACGTGCATTTCGAGCGAGCAGTCCAGATTCACACTGGTCATATCCCTAGCGGTACTCCCCCCTGACGATGCCTAGAAGCCTCACAGAAGACAACTCGGGACAGTAAGCGCATTACTATCTATTCTGCA,672,48.07,Homo sapiens
SEQ_879723,ACTCGGAATCATAATAGTATTTCAGAACGATGAGCTTTAGGGCTTATCGGACCTGACTGATCTTTCAAAGATCTCTGGCTAGAGTAGAAGGAGTAACTGAGTAGCTTACCTCTCTATTGAAGCACGCTCGTCGGTTCTTCGAGCGGGGTGAAGGTCCTGGAATGTCGTCCTCCGCTTGAGGCGCGCTCTTGCGAGGTACACCCGTGGTGGCGGAGCATAAGATTAAATGGGCGGTTAAGTAGGGCAGTAGTTAACAGTAATAACAGGGAAGTGTCGTGTAAAAAGTAGATGTGCCTATCCTGTAATTGTCACGACGACGCCAAACCCCTAGACCGTTTACATGCCATGGCGCCGGCCACGAGAAACTTGTCGCGGGCGTGTATTGTTTCTGGTGGGCTAATGACTGGAGGAATTACACGTGGGTATGATGATCCAGAACCAAGTCCTAGGGAAGGGCCGATGGGTCCATGCCTTCTGTTCCAACTGCAGAGTGTGGGTTGCGAACTGACGGCGCCCATATCTCGACACGCTCTTGAGATCCCGGTATTGGCTTCGCGCGCGAGCACTATAATTCCTTAACAAGTGAGGGATTGCGCGAGGTACTAGTCGCGGTGCACATCTTTGCTAGATCAGGCGTACCGTCCGTAGATTGTCAGGACAACGTCTGATACACGCGACTGCTCAGTCGCCCTTGCCGCCTAGGCATAAATGAAGGCCTAAGCTTAAGTCTTCGTGAGTCTCATTGGACAGCGCCCCCATGCTCTCATTAGTCCGATAAATCTCGAGCGTGTAGGAGACCGTGCCTATGCTCGATCCGCAGGTCACGGGCACGGGTCACAACAGCCTGACGGATGATTGCTTATGTCGAAGTCTTGGACTGATGTCAAATTGGCCCGCTCCCTTAGCTAGGACGTTGCACATATACTTTGTTCCAGGGCCCTCACCAAAGTGGAAATGATTATCCGCTAGAGTAGGGCCTCCATAATTATCCAATCTCGTATGTTTTGGGAAAGCCATGGGTATATTGCTGTCAACCTGCCAGACTGGTAGACGCATACACTCCCTCTTAAGGCCATACCTAAATCCGTCCTTGACAGGCTGTGGTAACCTACGACTAAAGTCATATTCACAGGGCCCGGCTGTACGTATTCACAGGTCCAGTCGTTACGCTTTTCAAGGCTCGTTTCCCGTAAGCAGTTAAAAATATTCTAGCACACTGACCATCTCATGAGGTGGCTCCATTTCTCTAAACTCCCAAACCCTCTCGGCTCTTAAGAAGCTATGGGACCGTACAATGGCAGAGCAAAGGGGC,1312,50.91,Drosophila melanogaster
SEQ_953462,TGTGACTTGACTCCCTTCGGCACGACAGTTCTAGTCCGATGCCATTTGACACACTAAGTAGCTCATCACCAGAGACACATAAACGCTCTTGGCTGCCACTTCTGCCATTGCCATGGCCTCCAATATGCAACTTCACCGGTTAATAATGCTAGTACACAGGTCGTCAACCACGCATGCCCTCTTTTGACTGCACTACCCTGGTGATTAGCAGTTCGTCGTCCTCTCTTCCCTGCTAAAATCCATAGGGAACCTGTGAATAGAGGTGTCTAAGAGTTTCGTGTCTGACTCACCTACAGGATTGGCAGGAGATCTTGATATCAACCTGTTGTGCAGGACCACGACTACAAGCGCCTTAAAGGAATGGTTAGTGGGACGTCGATGCCATATGAAAAGGCACATAGTTGCGACAATGAAAGGTTAGCCAATGGCGTGTGCCGTAAACAACCTTCGTCTGGATAGCGCTTGAAGGCAGCAACCCGAAATTTATAGATCTTGCGTACCCTAAGTGCCTAGAGAGACTATGGCGCCGGACGTTGACAGCAAGTTGTACAGGTCCTCCCCCATTCTAGTTGCCTTGGAGGGTTGTAAAAAACCAGATGAGGGTCCAGGGCACCATCAATAAATGACGCTCATTAGGAAGTAGCACGAGTAGAGGCGGCATGCGTAAATCGAATCGATCGCGATAGAAGAGAGCATTACAGTTTCGGCAGGTAACTTGCATGCGACATTTACCTGGGAGGTTATCTCAGGCACGCACCTCGCTGCTAGATTTAGTTTGACTGCAGGTATCACGGTAAATCTCACCCCCGAACCCAATACTAGGGCTAAGCGTTTCGTTAGTCCCCTCCATTGGGCTTTTCAGATTAAGGATCGCGGCCGACCGTATGCGGTCCCTGTATTATACCAAACTGCAGCTTCTAGGACTCCCACGCCTGCTCGCTAATATCTGGCCAGCCGACAACAGGTAAGGGTTGTAAAGGATATTTGAAGAGGCGTGCGACCCAGCCGCTATCGGTATGAATGGTAGCAGGCGACAAAGATCTTCACTCAATTAGACCGCCGTGAAATAGAAGTTCAAGACAGGTATGGGAGTGCCGGCTATGGTGAGAGTTCTTCGTCACAATCCACGTACTGTTCGCTTCGCCGGCTATTTTGAACCACCTTAATCTTATTAGACACGTCGTTAATAGCGCATACAGACTTCGGGCTGAGACCCTACCTTTACCGCTGATGCAAGATACTCGCACTATTTGAACCAGAAGTCCATTCCTGAAGCGTTTGGGGTCATTATACGCAGTGCGTACCACCTTAGTGAACATAATCCATTCTACCCAGAACCCTGTTCGGGATGTCTATTACTTACGATACAAGAGTGCCTCCCAACAGCTAAATCGAGTAAAGGGTTGAGGTAGACACGATACATATGGATGGGGATGCACTTTCACCAACGTCTGTTTGATGTCATCGATATAGGTAGCAGAGGCTCTCAGTATCGAAAGTCGATGGTATTGTGAAAGCCTATAGACGGTCTATTTGGCGCCGGAGCTTTGGTGAACTCAGAATCAAAAACCACACGGACCGGCTCGTATATTCCAAACTACTACTTTTGCGTCGATCCGAGTTGCAGTATACACTTTTTTCACGTCAGTTCCTGGCGGTCCAGAGGATCGTGGTGCCCTTTAGCAACATGTACTTATGCGGTGGGGGTTGGAGTATCTGCGTTGAATGAAATGCTTGATATATGTAGGCCACCCCGGTGTGTGATAGATCCAAGGACGGACTGTCCATATGTAACCCCCATACGA,1805,48.64,Saccharomyces cerevisiae
SEQ_266078,CGACTTAGGGAACCGATTTCCTATAGACCTGGAGCTGCAGGTGATCATTCGTACGCTATCCAGGTTCATACTATAGAGCGCTAGGCTCCTTTGGACTCGCGGAGCTGCGTTCCGTCCTCTAGGTGACTACTAGCCTGACCAACATCCTTGTGAAGTTCAAAATCGTATAAACAAAGTGCAGGCGATGACGTTCGGTAAGCAGCTTACGGAGACCAGCCACAGCGGCTAAGATTGAGCCTCGCATGCCGTTGTACTGAAGTGACCACGTACTTAAATAATTACTAAACGCCTGCATCACTTTACTATTCGCGTCGTTACTCGGAATGTTGACTAAACCTGATCGACTCGCAACAAGCAACCTTTGTCTTAGCGAACTATGCTCGAACCAGTCTCTCCATGTGCAACGCGCCACCGCGGTCCTACTAGTCTCTCTCAACAACATAGTACTTTGAGCGCCATCGGCGAATTCATTCGCACAATCTAAGACGGACGCTAGCCGGATGTCTTCGCTCATAGGTATAGAAAAACGGGGAGTTAGGTGTCCGTTGGTCAGACGCTGGACCGGCATACCATTATTCTTCCAGTTGTGTCCTACAGTATACGGATTTCTACGTTCCGTCGATCTTAATAGTAGTTGAGTAAAGATTACGTTCTAAGCACAACGTGCTAACTTAAAGAACGGGGTCCCTGGGTACGTTAATAGCATTTCTATAACGTAATCGTCGCTGTTTCATGCCAATGGCAACGACTCCAGCCGCTAGGTGGCTACGAGCAGAGGCTGCAGAGGACAGGGAACATATGCGGATCTTTCGAACTGAAGCATGCTTACTCTATTGGCCCTTTGTCTACATCGGCATGAGAACACAACTACATCACTTTATGCAGCGATCCTGTTCGA,898,48.33,Caenorhabditis elegans
SEQ_928043,ATCATACAATCTATCAAAACCGTGTCGATAAACATGCCCGGGCAAGCTAACTCACCAGCGACACTTAAGGTCCACTTACAGGCCCAGACTAAATGGGGGCTAGTCTTGACCAACAATTTTGTTGATTCATGTTTTTCAATCATAACAGCAATTATGGACCAGCCTTACAGGGCAACCCCTGGTAGTTGGCCCTCTATTGACTACACTGACCAGACATCCGACTTTCCCGTCCCTTACAGATGGTGTCCTTTCTATTAGTACCGCGATGCCATGGCTTCCGCTCCGCTAGGAAACTCTCTGAGGTGCAACATGGGGCCCATGGTGTACCAATTATGAGTGGGGACCTACAGACCCTGGATGCAATCCATGG,370,48.92,Caenorhabditis elegans
SEQ_493732,GGTCGTTCTGCACTCGACTTAGCGGGAAAAGTATATTGGAATTGTATTCACACATGGGTGAGCACGGGACGCACTCTCGGGACGCCCTTAGGGATGTAGTCCAAATGTTATGCAGTGGCCCTGACGTCGATTGTTCCCTTTGACAATTACCTTGAGCGGAAAGCTCCCCACTTGATTATATTTGGGCATTATACCATCTGAGGCCTCACTCCAGAGTAGAGGG,223,49.78,Caenorhabditis elegans
SEQ_498112,CTTTATCGAGTAGTGCTGGCTAGAGTGACTATATGGTGATATTACTCCTACTGCTTCGCTCTGTGCTAACCAGTCGCGGAACGTTGTTAGCAGGGACCCACAACCCATTAACTCCAGGTTCTATAACCATCACACGTTCTACGGTTAGGTGTCGCTGTTTCGGAACTCGTGAGCAACTGAAACACTGTTTGTGTGCGTGGGTCAATTTGACCATATGAGGGGTCACTAGTCCCGTGTTCCCGGCCACAGAAACGTAAGGATGTTCAAGTGGTATCACGTCTCCATGCAAAGGCGGAGTTGAACTACTGATGAGTCACTATTCCTGCTCAGCGAGACATCATATTTCGTCACCGATCGCCGGTAAATCCTTCGCTCGACTGCATAGTTGGCAGATCAGTGCTAATAGCAAGGGACAACAGTGGGCGAACTCGAGGTTGCAGACTATTGTTGTCGGGTTAAGAACGGCGCTCGAGAGTTCCAAGTCGACGCACCTACCGATATTCGAATACCGTACAGTGTTCCGCTCATGTTGCAGTGACACGAGTCATCCCCGGCGGCGCGCATCTTAGATAAATAGATGCAAGCCGACCAGATTGAATTGTCGCCATACTAGTCAAAGCCGCGTAGCTAGACCAGGTATGTAGCGTGCAGCGGGATCGATACAGGAGCCTGTTCGGCCTTGTAGAGCGACAACTGGGAACACGTGGTTTCTGATTGAGAATCTACGTCCAATGATTGGTCAATCCATGGTATATCATGGTCAAGCTTCAACTGGGGATACATTAAGCGACGAAACGCCGTTCGAACTGAAGAGCCTTCCGGAACTGC,828,50.12,Arabidopsis thaliana
SEQ_768285,TCGTGGCTTTACTCTACAGTTCCAAACAACCTCGGGCCGGACCCACAGCGGTTTCCCCGCAGACGACCTGCAGTGCACTGGCAAACTTAGGCTGGACGAGTAGGCATTTAGTAAACGCCCACCTCCTTTTCCATCGGAGTTGGGGTTCGATCATGGCAAGGTACGCTAATGCCCCGTGTGTCCTCTCCCCAACTGAGCAGAATCCTGGTTTCGTGGCACCCCTTGGTGGGCGGCCGGCCAACAGTGAGAATCGGTATCAACCGCTTTTCATATTAGTGATAAAGGAAATTTAATTGAAAGTAAGTTGCGACCACTGGAATGAAGAATCGATTAAGAACGATTGTAGGTCCTTGTCAGGTATACTGTGTCGAGCTTACGACCAACGCTCGAGTAGGGAATTTTTAACAACTCTTTATTATGACACACTAAGAAAGTAGCAACGTGTCCGTAGCGACGCTGGTTGGTTGTTTTGATTTTTGAGCGCTTCGAGTAAGAGGGCATACTGTCGACCTTGTGGCGCGCCTGGCTGGTTTCTCCAGTCTTACCGAGACCGCCCCGACCTATACTGACCATTCTGATCGCGAACTACATTCGGGCTGAAGAAACGCGAGCAAGTTGGATTCGTGACGTGAATGGAGTAATATGTATTAGCCAAGAGGGCATTATCGTTATTCTGGATAGAAAGTCGGTTCTAACATGATGCTCAACCCCTGCGCTCTAGATGCGCGACATCGCAACATGCCCACAGATTAGGGGGGCACAAAATTATCCTGAACGATATTGATGTGTAGGGCCGAAACGATCTATAAGCTCTGGGTCAGTTTCGCCATGCCTACGAGCACATGCCACACTCAACAGAATCTCATGCTGATTGAGGTTTGCCTCGATGAGCACAGTGGTTCGGACCACTAGCAGCAATGTATCCTGGCGGAGCGTTTCAGCTTACTGCCGGGGTCGAACCGTGTTCCCGGGCTCGGCAGGTTTGCACTCCCACATGAGGAGCGACTCGATCGCATGACATACCTATACAAGCGGTAAGCTAAATATATGAGCGATCGAAAGGCCGTCAGTTGCAGTCAAAAATCAAGGGAAGGATCTTTGGGACCTATATAGACCGGTTCAGGTATAATAGTCTGGAGTATGTGAGCGTTCCCTGCTGTTCTCCTGTTAGGCATGTCAGGGACGTATAGCTTCCCTTGCAGCTGCAAGCCCGTGGGGTAAATGGTGTTTTGAATAACGGTCCAGCTTATTTAGTGTTTAATTGCCCGGGCTTCCTCAGGACACGCTGCACCGCTGTACACCAGCTCTTAGTTATAGAGCAATGGTCGTATAGAACTACCATAGCCCACAAATAACCGGGCTCCTCATTAAGTTTATTCTAAGCGGAAGTTTTTTCATAGGCTGCGAACCGTTCCTAGATCTCATGTATTCGGAACGGCAGGGATCGATAGTCGCTGCTAGTAATGTTTCAAAACCACTTACGAGCCAGCTAGATTTGCTATGACCGAGCGGTTCGTGTGCGGGCTGGTAAAATTATCAAGTAGGGAATCTCATCCTAATGACCGCGCCCCGTATAAATCGTATGAAGATGATGTGGTTATGCAGAAAGTGACCGTCACGAGAACTACGTTGTTCACATGGAAGCAAATGTCACTGTAGCTCAAGATGTTAAACCTGCGGGTCAGAAACCGATTTCAGGGGTTCGCGTAGGCCGCCCTACCCGCCCATGAAAAATAATGTACGGGGAGTGGAATAACATTTCTACCGCACTAGTCTCGCTCATGGAGTACAGTTATGCATAGCGCTGGCGTCGTCCGTCGAATGGGACCGATGGCTGGTGGTCTAATCTAGAGGGTCTGGTTCTCTAGGGATAGGGCTA,1879,49.49,Arabidopsis thaliana
SEQ_442763,GTTATAAGTTAATAATCGTTAAACATAGTGTGCTGCCACTGGTACTGGAAGTATGCTAGATGAGTCGTATCGGTCAAGTCATCAACTGGTATCGTCCGTAGAACGGCCCGATCCGAGGCCCGCCCTAGAGCGATGGTGGGTGGTCTTACGAAAACAGGGGATAGGACCCGTTGACTGTAGAAAGATAACTGGTGAGTAGCCGTCATAGTCAGATCCGGACTCTGTGGTTACGAATGAAGGCAATATACGCGGGAAAACCGCGATTACGTCATACTTCAGTGTGGGTGATAAATACTGGTCTGGGCACCTGGTGCAAAGCCTTTTACTCGATGATGGACACAACGACTTTCGTCATTTACATACAAAATTAGTAGGTTCGGATCCGATGAACTGAGGAGGGGTTTCTATATCTAAGTAGATCCAGG,425,47.06,Caenorhabditis elegans
SEQ_280974,GGTCCAAGCGCAGGTGAACTCCCAGAGGATGGCAGTGATAACCCGCCTACCAGGCGGCGATAGGTAGATGATAGTGTATACTCAAGACTGAGATGGCGCTTACGCTACAAGCTTCTGGTGGACACATCTAATTCCGGAAACTTGTTGGACGGCTGTAGATACTGATACTATGTACGGGCGGGACACGTGTTCAGACGAGTGTAGATCTGCAGCGCCCAGAACATAGGGTTCTTCCCGCTCCTGAGTTGAACTAAGGATTTACCGTTCCCACCCGCAATATCTAGTCACACATCTT,295,51.19,Caenorhabditis elegans
SEQ_803580,GAACTAAAACTAGGGTAGGGTCCCCCATAGGTTTACCAAGGTTGGTATTGCCATACGCGGGCCAGGAACACTCTAAACGTCCGATTACGGGTGGGCAAACACCATGCAAGAAGCTTCACGCAGGTCTGTCAGAGGATATACGGTGCAAAGGCCTAAAAATTAGTGGGGACATCTTCCTTTCCATTATAAGTGGTGTCTCGTTTGTCTAGTTCCATGATGAGGCGGGTTCCATGGTAAGAGTGCTCAAAATCACATGTCGGCGTACTTGTTGCGGTGGACGCTCTCGCTCCCACGGATGGTATTAGCTATCACCGAGATGTGCAGGCATCATTTGTCGAGGCTGCACTCAGCAGATGAAGTTCTGGCAGCGTACAAGTATTGAGCTGAAAGGACAAGTCTACTTGCGTCCTGAACCTGACATAGTGGGCGGGCGCACGGCCCGAAAAATCGTTAAACCAAAGTATCTTGTACGTCCTATTTGAGATCATGAACACCAGGTTTCAGGTCCCAATTATCCATAGTGTCACTAGTGTGTTTACATGACCTCCTTGTTGTCCTACACTGCGGCGCTGTCCTGTCATTCGTTGTATGTGTGATATCCTAAAAAAGTCTGCTTATTACGCCGTTAGTCATCTTAACTCCCAAAAGACCAATCGGCATTGGACAGCCAATAGAAGCCAGGTCTC,686,48.25,Drosophila melanogaster
SEQ_641862,CTTGTCCAGGTTAGGTTCTTACAAGATCCCACGTTCGAGCCCGGCGCGGTTGACGGGACGTTGAACACTCAGGTACCGTCCATCTCCTACTTTCTGCAGTAAATCAAATTGCAACACATAGCCATAGCGAACAACTGCGGCGTGGTGTTCAGGGCCCGTTCATCTTACCTGTAACCTCGCTCCATGTTAGCCACGCTTGAGAACTACCGCGTCGGAACTATCGTAAAGCTCTGCTAAGGATGTTTTCAAGTTCAAATCTAGTCTAACTCCTGGTAATGGCCAACGTGTCTCATCGCAAAGACTCTGTCCGATAACGCTCTTGCGACAAACCATCGCATCATAGAGATGTTCGCCTTATGAGGCTCCGCTGGCTTGACACTTATGAAGTTCCTGTGACAGTCTTTGAATCGATCCTAGTTGTATAATCGTTGCACACTGTCGCGACCATCAAGGCATTGGGCTGCGCAACGATAAAGCCTAATCCATGGGCACTATAATCGGCAGGAAGCCGAATGCAGGGACCGACGGACTCTGCACTACTCCCCAAGCCAATAACCAACCCCTGCATTGAATCGAAGGCAGATGTTCGTGACCGTACGGCTACTCTTGCAGACGGCTTTACTCAACCTATGACCGTATGTTGCACAGTCGGGGTCTATGAGTCTTTGAGGTGCAACCGACGAAAGAAAAAAGACTCGCGGTGATTTCTTGTTTTACGCAATCCTAATGCAACTCTAGATTCCTAAGGACCTCGCTAGTCCCAGCGAGAGGTTCGGCTAACACGCTCAATGGTATACCCCTGTTTACTGGTTGCGAGGTCGTTATTGTCTAGGCGGTGTAGCGAGACGGGAACACGGTTATAAAACGCTATATATACCCCCAAGCTTGAGTGTGGTGGAATGGCCACTGTCTCAGCATGAGGCGCTCCGACCAAGGATGGCACGTCGAAAATCGTTATCTGGAAGATTGGAAACTTATATGGGTTCCGCTCAGCCGCCGCCCTCCCGTACACAGGAGCGTTTGACGGTTACAGTA,1035,50.43,Mus musculus
SEQ_229580,ACGGTCAATATGAAACTATGGTAAGGGGTGGAAATCGTTGCGCCGCAGTACGCTGGGTTCCGATGTCTATCGGGCCCTATACATCTAGGAAGATACGCATGGCTTTACCTTGAGCGAAATTATGCCATGGCTTATTGAAACCTCGCCGCCTGCCAGTAGCATGTGTCAAAATTAATCTTCTCGGTTGTCTTTCCACAGTATCTACCAAGTAGGACACTAACCCCTAGATGTTGTTCTTGAACATGAAGCGCAGCTGGGCTACCAAGCGAGGATGGAAGGCACTCATATTCCTCGCGCCTGTCTATCCTCCGAACGATACCAAAATAGAGAACTTAACGGTGCGTATTGGGGGCGGGAGGAAATAGCCGGCAAGAGTAACGCAGCCGCGGGCTAAGCGTTTCTATGGATCCGGTTCCACCGCGTAGCTCTGTCCCCTGGTGCCCTGTATTCATATTCGTTCTTAG,464,50.43,Saccharomyces cerevisiae
SEQ_516642,GTTTACATTATTCGTGCAGGGGAAGGACTGTTTTATGCTAAAAACGACCACATGTCTCCAAGAACTCTTAGCTGGCCGAGTTACGGAAGTACCGTGTCCCTGAACCAAGGAACGCACAAATGTCTTGTGCATTGAGACTATAGCCCTCGTCGAGCGCTGCGGCGCCTCATGACGCCATAGTTAATGAGTCTTTGGCGACTAATTAGGGCGGTGACGCTAGTGCAGAATTCCAATCCGTCGTACTTGTGTGAAGTCTGCGTGGTCCGTGCTATCATTTAGGATTCACGCGGGCAGGTACCTAGTATTATCACAACTTCGACCAGCGATGTTAAATTTTCTCCGGTCACGCACTCGATTTGCACTGCTCCAGGACCCACCCTCACTTCGTCATATGGTTATTGCACCCTAGGGCCAATCTCACCCAGACTTATCCGCCACCTGGCGGTTCGCTGCAGTCCTGTCCACTTAGCATAAACGATAGTAGCATCTACGACGTTGACTTCGGGGTGGGAGGGAACATTTGAATGTTTGCTGTTAAGCCACTGTCATAC,551,50.09,Saccharomyces cerevisiae
SEQ_797731,GAGCCTGGGTGTTCGGCCGTACGGCTAGCCTCATAATGCTGCATCGCACCCTCAGCCAGTTTTTCCGTCTCTGCAAGCCCGGCCACGTTGTTGCATATGCTACCGGCCACCTCATCTCGGTGCGGAACGCGTACCTTCTCAATGCTCTGACCGAGAGGAGTTTGTAAGACCCAATGAGACTACACTATGACGTGAGAACACCACCAATGTTTTGCATCGCTAAGTATAGTCATAAATCACGCATTTCAAGGTTGTACTGAGCTTTCTGCTAAGTCGATAAGATCTCACAATCAATAGGTGTGGTGCCCGCATGATCAAAGCTACTATCCGACACTCAAGTAACTAGGTGGCGGGATTAGAGACGGACGTTCGACTGCTCCATAGGCCTTGTCGGGACTAGGCCCTCACTTGTTCCTATGGTCGCGCCAGGTGGAGGACCCCGCCCAAGTGAAAAGAACGACCAGCTGCTACTGGCAGTAATATGTATTACGCAGACATGGGATAAGACTAGGGCCCACAGGATCAGGATTACCCTAGAGGGGCTACCTGCCGTCGTCGTAAGCTATTCCGCTAAAAAAAACTCCTCCTAAAGCCATAGTCAACGGTCCTTAAAGTCTTAGAGACCAAGATATAGACCACCAAGTGATTCTGGAGGGAAATTTGCTAACAATTACCCCAAGTACACTACAGAGGGTGCGGCACTATCTAGTCCTACGCTGTCCGTTTCCACGGTGCACAAAAGTTTGTCGAGGCTCGTACACTTATGGGCAGGCCAGCATTGTAGTGCATCATCTACAGAGATCAGAACGGTCGGTGAATCTTTTTGTTATAAAATGAACCACCACTTTCCCTCGGCTGACTCACAGGCCTCAGGCACTCTGAGGGAGTTCAGAGATTGATTAGGGGTTCACTCGGTGCGATATCAGACAACTATGGGCCTCTCGTGTGTCTCACCTTGTCCCTTACGGTACAGATACGAAAAACGCTGGAGATTGAACACCACGCGACCATGGATACACGGAAGGCTGCAATTTGATCCGTCTCACCTCCTACTATACGCTCATGAGAG,1069,50.23,Caenorhabditis elegans
SEQ_984918,CGTGGAAACATACGGTAGAGTGCGATGTGCCCACGATCTTCCACTTTAACCTATGAACGGTATCGTGCTCTAGTTGAGATGCTTTACGATAGAGCTCTCCCAGTAGATACAGCGCCCCAGCCTAGCGAATGGAAGGGTGGCTCGTAACACTTGGAGCTAACCTGAACTTCGCTTGCCTTAGGACTGTAACTCGGACTGAAATGGCAACATTCAGCCGACGTGATGCCCCCCAGTAACACACTCCGGAAGGCTAGAAAAATCTGTCGGACGATAGAGCTGAGCTTCACAAACTGTAAAGGCATGTGTTTGTGGGCACGTACCCAAGGCCCCGTGGGCGGAGCTAGCTCGGTTGGATTTAGATAGGCGACAAGTGTTCTCTCGCCGGCAAAGATGTTTTCGGCAAGCCGTGAGATGGGGATAAGGGGTCAAGTTTTCCGTTGAGAGGCCTAAGTTAGGTGGAAAAACTCTGCGGATCAAATATAAAATGCAAAAGTTCGTTTAAAGCGCAGATTGATCGAACACTAAGGCCGGAAAATACTGCCGGTGTTTTTCGACGGCCTGTAGCGTTGATGATATAACTTGGTCATTGACAATGTATCCCGCGTTGGGCGCGACGCTGCAATCATGCGTAAACAAATGACAGTCGTTACGTTCATCGCACCTGAAAAAGCCCTCATGGGGGTTCACAGATCGTTAAGGCGCTAGTACATGCCGCTGAGTAATTAGTAACCGAGCCACTTTGTTAGTCAAGGTCTGGCTTCAGGATGATGCGCCTCCACGTAAGGCAAGCCTGGAAGAATGTGGCGGCAGAATGCGACCATTCGTTAAGCTATATTATTACACGTAAGACGAATCC,856,49.53,Escherichia coli
SEQ_165311,GTCTTGGCGCTCGTCGATCGGCGAATTTAAATGTGGTATTTCTCAAGCCATAGACCATTGTCCCCAAGCCGTTTATTAAGTGAGCCGGTTCTTCACGTGTGATCTCTCTCAATGCAGGAGTACGACAGAATCTGAGCTTTCCTGTCAGATGACGCTGGCACACCGTTCTATGTCCACCGTAACGCTACTAAGATAAGACATACGCAACGTCATAGTTTCACGCTAATGAAAGCTCGATGGATACGGACGCAGAATCTCGTCTTCGCGCACAAATGGTCCCAGGGGTTTTATCGTTTTGCTGCCACGAAGTGGTTTCTTTCATACAAGGTCCGAAGGTCATGTTCCCCCACCGGATACCATAAATCTAGAGATAGTCCGATATACAGAACATTTCAGACGCAGTTTGGAGGTTCGGAAATTTTGTGTCTCCACGCAGCTTGCACCCTCGTTGATGGTGTCTAACTCAAGCCGTGATAACTGGCAACTCATCGACTGCGTCCTACTTGAACACCCATTGATGATAGATCTAGAGCAGAGCAGCCCTGGGGGCCGCTATTGTATGGCAATGCAGCAAACTATTTGGGCATAATATGGAACAGGAAGCGGATCTGACCGTGGGGGCCGCCACACCTCTGGTTCTGATGGGCGTTTAAATGTGAGCGATGCTTTCCTCCCAAGATGTACAACGGAGTAAAAAGTATCCCGCCTTTCAACACCCGACACACTACGGGTAACCGCACCCCCAAACAAGCACCCCCTCATCTAGCGCGTATGCTAATACAGACTCGGCGTACTACTTGCCCTATTAGTGATTGGGCAATGTAGAGGCCCGATAGGAGATCACCCCCTTTCCCCTGTGAGAAAACCTACTTACCTGGATTCCGCGCCTACGTGAGAAATGGGTATCGAGTGTACTCACAGGCTTAGGAACAAGCAGAAATAACTGTGGCCATGCTGTTTGGACAGTAGCACAGTAATGCCACGCGACCCCGGAGATACGACCCCGTTGTTGATCTATTAACATCTTCGTTGACCCGGGATCACCTCCGATCGATCGGCGTAAGGATCGCATACCTACCGCAATCCTAAGGGCCCCCCGGGGAGGTCTATACCAGCTAAATGGGTGCACACTAAGAAGAAATCACAGCACATCACAACACAGTGGCGTGGTCGACCATTCCCGGACATCACCAAAAGACACGTATGTCTTTGCCGGGCACGGGTGAGGGTTGGACAGGGCAAGACCGTCAGCAAGCTCTGCCACTGAGGTCTTTCAGACTTGGTACCGGAAAGAGAACATAAGCTAAGGGTTGGCGTCTGGTTACTAATACGAGTAACACGCCCCCGGACGTTATACTTGATGCTCAGGTTACGCTGGAAGGGTATTCGTTGGTAGAGTCCGTCCCCCTATGCCAAAGGAGCCGCAAACTGAAAGCAGAGCTTTATTATTACACGTGCAGGACGAGCATTCTCAGGGTAAAGCGCTCGCCATGTCGTAGCTGTAAACGTCTATTTAAGAAGGAATCAGTGCTTAACTGATAAGTTTTATCTCCAGGGGCCATTAATTTATCCCATGTGCTCCGGTGACGAGCTGGATATGTCATATCATTGTATTGCTAATTGGTCGGCTAAATTTCTAACGCGAACTATTACCTGTTGCGCTTGAGAGAGACAAAGGCGGATATGTGTGTCCTTTCACAGTGGTAACTGCGATACACTTGAAGGTTGTAGTCCGGGTCCCCGTGTGGTGGGGTGGAGTTGGTTATAAGGGAAGCGAGCGATCATATGATCTATTTGTGCTCGGCGTTGGGGGATAAACCGTTTGAAGATGTGGCATATTTAGCA,1845,49.7,Arabidopsis thaliana
SEQ_827944,GGGTACGCTTTCCTCAACTTGAATTAAAAATAGACGGTTGTCACATATCGCTGATTCGTCGGCGCCTGGGAAAACCTCCGGCTTACATGACACCAGTACTGAAAAGGGGGGCGCCCAATATCAACGTCGTATAAGCTCGTAAGTCAAAAGGGTCAGCAAAAGTAGTGGTCCGACCGATCCTGGGGCACTTTCCTCTTCCCTACACTTTAACGCCCGGCGATAGCTCAATTAGGCCGTTGCTAGCTCTTCGCTGCAAGGAAGTTACAATTAGATCGGACCGTTCTGGTTGATGTTATACTGGCCTTCGTCACTTTGACCGCGGCACCTGAAATTCGTTTCTGTTGATTTAAAGCACGTGCATGGCGAGTGGCCGTAAGTCATCAATCAGTAACTGTGAAATCATCTCTACAGACAACCCGGTCCAAGACAGGTT,433,48.96,Drosophila melanogaster
SEQ_529418,ATGTATGCCCTCCTGGAATCAATTATTCCGTATTTCCTCATGCTATGCGAAGGCCTCATCCTCCGTTGCGATAGTACTACTGAGCTGTCCTAGTCTCGAGCATTTCTGCCGGCGTGACTTACTTATCATTGCTCTCGTGGCAGGAAGTGACTAATATTAAAGGACGGACCCCACGATGATGCAAAGCGTGGGGGTGTGTATAACTTGGCGGTATCCAAGGTATATATTGGTATGTGCTTGCTTGGCCCAGCTTGATACAGACGCCGAAGTTCCCTAGCCCGAAGTTGACTGAAACCAGGTTATAGTGCGAGTACACGGCCGCAACAACTACAGCCTCAAGCGCCTTCTCATCGTATGATGTTGTCACAGAATTGTCATAGGGCGCAGGTCCGAGCCTCCTCACGCACGTTGGTGTTACAGCCAAAGCGAGACTCCGGGCTCTCCCTTAGTTCGATGGGCAGTCTCCGGCCCCACTGGCAAATTTCCGCCTTAGTGACTGTCAGGCGTGACTTATGGTACAGGTAAGGTGATGGTTCCCTAGAATTGGTTCAGGGGTGGGTTCTTGCGGACTCTTAACGCATAGGCCAGGCATTTGCGTATTTGGGTTGTACCCGCAGCAATACCCCTACGGAGTTACTCGCTATCCTGGCATCAACAGTCACGACATCTATACCACTAGCCGCCTTTTAGAAGTTACACACGATTGTATGCCTAGCTTACACTTACTAACAGATCAGTATAGTGGTTCAAGTATGGCCTGACTTGCACGTTACGCGCGCGTAATGTTCGTGGGCGTCGACGGGGACGTCGATTTCCGATCAGCCGTATACACCGTTGATATTGGACGGGTAGGTTGTCGTGAATTGATCGTTACGAACAGTTCAAAGCACCATCATCCATGCTTTGCGGCAGACATTATAGAGGGATAAATGAACTTCAAATCTTGCGACCCCATCTAATGTGACTTGGTGTGTGCATCCATCAAAGCCGTGAGTAATAATGGTTATTCGATCCCCGCTGGCATGGACACGCGTATCGGACCTCTAGTTAATCCGGATCGTGTT,1064,50.0,Homo sapiens
SEQ_872071,GGATCTGCGACATTCCATTCTGGTTATGTCCCTTGTGAATAAATGCCAGGGACTGCAGTGACTCTGATCGGAAGTTACGACTGCATGTTTCATGTGGCTCAAGTCTTCTTTGAACGGCTACTCATACTGGAATAATCCATCGTGGACCGACGTACTAAGGTACCCAGTGAACACAAGGCAAGTATGCGGGGGTCCTGTTCCGTGAGGCGGGTCCGCGATGTGCACAATTGAGATAAATGCCATGAGAGCATGCGCACAATTGCGAGTCATAAAAAGCACATCCATATGATAAGTGTAAGATCCCGACTTAATTGTAATCAAAGATTCTTTGACGATTGGTGCACCTTCCAATATACGCTGCCCCACAAAGTACACTGCAACGTGGCAGGTGGATTGACCATTAAAAACGTAGGCTGGCGGCTTTTGCCTCCAAGGAGTAACAGTAATGGCGGTTACGGTGTCATTCCATTAG,472,47.25,Mus musculus
SEQ_604428,ATTCACTTCGCCGCCGGTTCAAACGGGCGCTTTGATATTTGGAAAATCCCCGCTCACCCGATGCTAGTTCAAGCAGGAAGGGCACTGGAAACTGCATAAAGACTTCAGACTACGTATACGACTCTGATCCTCGTTATCCAGTCGGATTATCCCGTACTCACGTTGCGATTCAAGCCGTTCGGGATCTAAATAATCACTGTTTGGACGTAAGCTGCTGGCAATGAGTGTCCTGTGCAGCATGGATAGCGCCGATACATAATCTACGCGGATGTCATGGCGTCTACGAAACAGTGTAGTCTTCCGCAACCTCGCAGTCTTAAATCGCCGCTACAGAGATTTATGGAGATCGTATTAGCATGCCGGAACCCCTATTAGTCCGGGTTCGACACCGATTCTCTAGGTTATTCAGTCCTACATAATTCCCGAACAGTAAAGGACCGCCGGTGTTTAGACAGCCTTGCCGCAGAAGCCTGGGGCCCATAGGGACCATGGTGGCCCAATCGTAGATTTACAATTGATATTAATAGTATCCTATACACTCAACATACGTCCTAAAAGTCGATTCCGGTATAGTAACACTCACCTGCTATCACCCTCGTGCATACATATCGCGATGATAAGCCATCGAAAAGACCGTGAGTACTTTGTTCTCCAGCGCCACATAGCACAAGTCGCAGTGTGAATTCTTTTGCCATATCTCGGGGCATTAGTCCGGCAGCTGCATGACCAGGAGTCCACAAGCTTTGAAGAACGATGATGGACATCTTTATGAATAAAGTATTGGACTTGCCGACTTCTGAAAATGTTAAGACGCTAATGCACCAAGCCTACAGCCTTCGTGCAGGTCGCCAACCCCCACGGTAATCACTGCGGTATTTCTGCCTATGAACCGAGTATGGCGGGGATTCATTATTCCTTTGATTTGGTCGGCCGGGGGGGAGGTGCCGAGTACAGAGCTAGTAAGGGACGTCGAAAGTCGCGGTGAGAATCTCCACTCCTGACAACCCACATTCCTAGTTACGTATCAACAAGGTTTGGGTAAATTATGCTCAATGGATGGTATGCTACTTCCAAAACTGATTGAGGTTTCACGCCCAACTGTGAGATTGGAACTCGAATTTCTAACTTGGATACCCTATGACAGCCCAGGGGCACTTATGACCATACCACGGGATGACTTGCCGAGAACTCACTCCTGTACCGCTCAACAATGGGCCCCACCATTGGTGAATTCGGCTGCGCTAGTTCGATGGCTCCTGGTCGATGCTTTAAGAATGCCTTCTCAAACGCATCCTTTGCATCCAGTATTGTACTAAG,1317,48.6,Saccharomyces cerevisiae
SEQ_400315,ACCGGAGGAAATGAAAGCTCGAATGTGACCATTGGGATTCAGCCAACGTGTCCGAGGTGGAACCC,65,53.85,Arabidopsis thaliana
SEQ_168196,TCCTAAGGCGTATGACCAGGGTACAGTGTTTAACGTGCGGAGGGTTAAAGTTCGAAAAACTCTGGTTTTCCCAACTGCGAGTGACGTGGGAGCTTAAACGTATGGAGCGTATGGGGGACGTAAGGCGCGGGCAGAATGGTCAAGCTGCGGTGAGAGTTAAAACTTGGCCTTAGATTTGGACTTAAGTCGGCACACTACGGTGGTACTTCGATTTGAGCTCTTCTTCGTAGGTATCGCAGCATGAAGAACCATGATTATCTCACGTCGAGAGAATTTAACAAGTGCGCGCGACCCCAAAAGATGCCCATTCGAATCTCCCTTCAGAATTGCCACCAGACACAGTACTCTATAATGAATGGCGTACTCTCTGATTCCCGGTATGCCCCAAGAGCTTCTGGTGGGTTGCGGCACTGCAACCAACCTAGTTACACGCGCAGGTACTTTTGCGATGAGCCTTCGTTGGAATCCGTGTATTGGCAATCTGCGCTCAGTAGCATCCTCTTGGCAACAGCCGGGGGTTCCAGAGCCGAAAAGCACCGCTTGTCGGTGTGACCACTATGACGCGCCACTTGGGCACTGGACAGTACTGGGGGGGTTCTTGGATTGACAGTATTTAGGAGGGGCTCCCTTGTGATAATTCTATAATGACCCAATGTACAACTTTTTGGTGTCCAAATCAGTTACATTATACATTGGCGTCGATCCACGTGAGTATCTCCACTGGTCGGAACTACAAAGAAATAACACAGAATAACATCAGCTATTACATAGTCAACGTGCGGATTCCCAATGGAAATAATCTCCGGCGCTGCTAGCGGTGTAATGTTCCTTACGATACTAATAAATCTAACCGTGTGCGCTATCATGGTTAGGACAGACTAGACCTTGTCCCTCGTGTAAACCCAGCACTCTAAAAAGTGAAAGCTAGCCTAACTACACAGCAATATCGCGGAGCCCATAAGGTGTAGACTCCCAGTCGTGCCGAATTCTACTTGTTAGCAGTTACCGGGTTATTAGCTAGGTAAGGTTTCGCTGAGACTCTCCGATAGGACAATGTGGCTCCCGTATACAGCCCTCTATCGATGGAGGGTTGCCACGGGGTAGGGGCTCAACTCGCAACTCTCGAATTGGGCTCCGACTATCATAGTAGAACGTGACAACTATAGTGCCAAGTTAGCGCCAAATGAACTAAGGAGGTCTTACTGAGTCTGTCAGTTCCGACGTGCCGATACCCTAGTTACTAGTCTGCTGTTTTGTCCTTCAAGCCGTCTAGCATGCTTGCGTAACGGACGATATATGACGAGCGTTTAGTTCCACAACAAAGGTTCGTAGGTGTAGACACTGATTCTTTCCGTAGCTGGGATGTTACGCGCCTCTTCCCAAAACGTGCTGCCGGACTAGGAACTCGGGGTGATAGTGCAGGACAGGCACTTTCGGGAGCGGCCCCTCCAAGCATCCTGTCAAGCGATACCCACACGATACTAGGAAATGATAACAAAAAGGGAAGCTCCTGATCGATTTATAAGGCCTCCGTCAAACGATGGTTGACAACAACCAATTGGCATAGCGCCCGCTGGTTATCACGGAACCATCTAACACTCGGTCTGTTAAAGACACGGCCATCTGCACTACACACGTGTAGCACGGGACCCGTAGGGTCCACCAGATATGTTCCGTAGTCGCAAAAAGGCGCTCCCATTGTAGCCCTCCTATATAACCCCCATGCAGTGCATGCAATTGTGAGGCCTTCGACAATTACCCAGGAACG,1768,49.66,Homo sapiens
SEQ_600752,GACATGATGCAGAACCACGCCGTAGTGACACTTCATAGTCGCGAGCCCTCTAAACGCTCGAGAACTTATTTGATGACGCCTGCTACAAGTTTCAGTAGCAAGATTCCGAACAGGGT,116,49.14,Mus musculus
SEQ_897957,GGTAAAGGATGAAGCTATCGTGACAGAACCCGCAAAGAAAACGCTCACCTCAGTTACGAGCGTCCGAAACAACGGCTGCGTCGGCCACCTCTAATTACTGGGCTGAGGACGGTCGACCACAAGGGACCATGTCTTCTATGAGGAGCGCGTTCAAGAGACTTGCCGAGGAACCAAAGGAAAATCCCATATCGTTTAATCCCCAGGATCAGGACTTATAGTGTAGGGACTGGCCGCCGCGTAGCCGCATTATGTAGCTCTCATGGGGCACGAATGGAGGTGCATCAAGGACTCACCTCTGAGGGGCTTAGTCTAAAGTTCGTCCTACCGCTCGTCCTAACGCATTCAGTATACGGTGGCCACCCTTGTAAGGGTCGTAAATCGGGGGACGCCGGAAGCCTCGCTGCGTGATCTGTATCTTAGAGCTGCTAGTCAGCGTTGTGATCTTGTTTTAACGAAATTGTTGGAGAGTGCAGTGCTGTTTCGCACCAGACGGCGTTTCCCCCAGAGGCCCAGATCAGGAGCTCACGCTCGGTCATGCCGCTCCAGGCAGGAGTATTCGGGCCTGCACCGTCGTCATGCCTGGTAGCCGAAGATTCCTTAAGCCGACGTTATCAAAGTAGGGGCAAAGTGCAGAGGGGATGAAGTCCGGCCCGGTGGTCTGCCGTCTGCTCATAATTACGGAACCTCGTGGGCGAGAAATAGATAGCCCAGGTCTCATCCCAGAGCCGTAGGAATCGCAATGTCTGTATAGAGATCGGCTATGAGAGTATTGGCACTCCTGTTTGGCCCGAGCTGGGTTCGAATCTGTATATGCTCGATTATGGTCAGCTCGCTCAGGCCAAAGCATGATCATGGTCTCTACAAGAGGTAAACCTCATATCGCGATACCACAAGTGGTCCTCTCGGTTTACTCCCTGTAACTTACCCGCCTATACTTTCAGTTTGGGGGGTGTAACGCGAACTGTCTTAGTACTAGGACAAATTCATGGAGGTTTAATAACAGTCAGGGCTCACAAAGCGCGAAAGTCGCCTCTTGCGCAGATCACTCCAATCTCCGAAACGGTGCAAGACGCGCTGAACTCCATGCTGTCCCCCGTTTCGACTAGCGTACTTTATCTGTCACTGACGCTTTCTCATCGATATAAACAGGTCTGCAGAACTAGCATGTAGTTAGTTCCCGCTGTGGGTTTATCTGTAAAGGCCGTCACTCATGGGGATGTAGTTCATGATTTTAGTCAGCAAGGTTGCGCTGGAGCTCGACACCTGTTGCTTGGTTCTATTACCGCCACCCTCGCCGATACACGCGGTCCCCTCAGTCGCCGAGAGTGGCACCTTAAGACTCTCGCGGTGACCTTTGCCGCACAGGAGCGGCAAATTTCCTCATGGCAACCGTGACACAGTGAGCAACATTCGGTCA,1417,52.86,Caenorhabditis elegans
SEQ_874783,CACATCACAGATTTGATGCTCAAGCATTCGCAGCTACGGAATTATATGGCCCTTCTTATAATGCTGCTCGTCGAGACGCCGTGAGAACAGACGTTGTGACTTCGTCAATCTTGCTTGGGATGGCCGATCGAGGTAGGAGATCGGGCGCCGTCGCACAGAATACAACGTTTCACATAATACATGTCGTTCGAGTCATCCGATGAGATTAAGCTTGAGAATTTCCGTTGTTCTCTACGGTTATATAGCAACCCAGCTTACACTCTGCGCGTTAACAGGATTCCGACATGCAACCAATGTCTTAAGGAGAACCCTAATCTGCAGTACCGCCCATGCAATACACTGGTGGATTTTCACCTACTGTTTCAGCTTAAATATTGTATGCTTATTGATTCGCACGGGACCGGCTCTAGATCGACGGACAACTACCCGCTACCAAAAGCGTAGAATCGTTAAGAATTCACAAACTTACTTTACCTAAGCCATTAGTTTATGCCTACGTTCCATCCTAAGACACCACATCTATCTTAACCAACCTAAACGGTTGCTCATCCACGGGCTCAATTCGGTTTCAATCTCTATGCTATGGCCTACCGATGCGGCGGATCTCAGGTGCTGTATGCTATTTTCAATTTGCAAAGTACGGCGGCCGCTGAAGTAGACTCGACACGTCCATCGGGACTCTCTAGTATCGACACCTTCATCAAGGCCGGGATCATTAACGAAAATTCGGCGGGAAGGAACCGTGTTGTCTCTCACGGACCGGGCGTACAACCCTTGTGGATTAAACTGAGACGGCCCTGGACTTTGACTCATTCGGCAAGCGCTACACGAGCACACAGTTTGTTTTAGGATAGAAGAAGGAATCTCTTTAGCTAAGCGACGTGCGAAGGATAACATTTGCAGCGGCGTTACAAGCGATCAGAAGCTGCACAAACACTAAGTCAACAAGCCCAGACTAAGGTCGTATAAAACAGGACCGCATAGATGCACATTATCACGGCCGTTTTTAAAACTCTGCGCACAGAGACGGTTATCGTGCTCGACCTAGCGAGCCTCTCGGGATGTGTGATTCTCTATCGGAACGGTCGAAAGTTGATAGATTAAAATCGGGAGTCAGTAAGGGATTAGCGTAATACGAGTGCGGCGGTGTTTGACTAGTTTCCTAATTCGAGGAATATCACCCTGTGAACTTAAGACCAAGCTTAGCGAATTTTTTCCTCATCGTCTACGGATTTAATTAAATACTCTACCAGTAATTTAAGCTTGTGCCGGAAGAAGTGAAAATGTCACGCCGGAGTGGTTCAGTTGAACAAAGGCGATTGGATATCCAGTGCGCTAGGTTTTTCCATGGTCCTCTTACGCGGCGATACGGATCCCCGAAGCGGCTGAACAGCGAGGAGGATTATACGCACTGTTCCAGCAGAGGCGGCTGGTTAGGGGCCCGAATCTATGTGCAAATGTTTACAGGAAAAAAGGCAATAGATCCATCGTTCCAATTTCCACACTAACGAAGTCAAGAATTGAGAGGCAAGCAACTAACTGAGGGATCATCCCAATATCCATACCCCGGTTCCCAAGATCACGTACGTTTCCGGGGGACCTAAGAATGTATTGTTCACGCCACATCTCGGTAGCGCCATCACATACCGCTCGTTGTGGAAGGCCAGTCGTACGTCAGAATGAAGCACGTGTCAACTGTGGCGGCTTTAACAGCCTCCCCTCCAGAGCGCACAAGGATCGAGAGCGGGTCACGTCCAGTTGATCTTCTCGCTGTTCCGTTTGATCCATAGAGTCGATATTCGGCAG,1806,48.06,Escherichia coli
SEQ_189989,GGCCCCCAGCCCGTTCAGCAAGAAAGCGGGCAAGAACATTGAGTCCGGACCACTAGTTCGAGGCCGGTTGAGTCCGTTTCACGGTCTCGCGTGTGCACCATCTCTGTGTTAGTCCGGGTCAAGTATCCCTCCCATCTACATACAAATGTGAAGTACGGGTCGGTGTCACCCTGTAATGGTTTGTTATCCCCTAGCCGCGGGTTTGAAACGGTACGCGCAGGAAAGTCATGGTCCCGCCTTGTCTGAGTGACACTAAATGATCGCGCTATATCGTCTGGTGTAAAACTACGAGGTCGTGCGTTAGCCGAGTGACTAGTTTTTACTCTAGGCTTAAATCTGTCCTTCTACTGGCAAATGGTATCGCAAACCCATCCGTACAACTCCGCTCCGTGCAAGAGACGCAGATAAGCCCCGACTTAGCTGTAACAACCGCTCAGTCGCCGATCTCCTGGCGACTACAAGGTGTTCGCAAACTGCCCGAATTTGGAGAAGACTAAAAGCCTGGGGCCGGCGTATCTGGCGCACACCTTTCGCATGACAGGCGCTCTTTGCGGAATAGCCTACCATGACATATGGCCTACCGACCGCTTAAAGCCCTAGCCGACCAATTATAATGAGCGCGGATAACATGTGTCAAGTCATTAGGTCGAAGCTATGGATGATCGGTTACGTCACCCCCT,680,52.79,Saccharomyces cerevisiae
SEQ_258286,ATGTCGGATAGTAGTACTAGTCAGATCTGGTATCGGGACTTCGCAAGGAGCTGGCATAGATTACTGATCACCGCCGAATAACTGAATATGGCTAGGATCCCGACCCGCGAACAAGCAAAATTGAATCACGTTTCTCTGCAGATTCCTGCGGTTTCACGCCCGCATACGTGCCTCATTTTTTACCTAAGTGAAACCACTCTTCAAATCACCGGAATCATAATAGGTATATCGCGCCAGGATAGCTTACGCTTTTTGAGCGGGGGTCGGGGTCCGCAGCGGCGATAACGTTCAGGCGTATTCTTAGCGGCTTCGCTAGGGTACCAGACACGAACGCTAAGATAGACGCATATTCATAGTCATAGATTGCTCTGTCTCTTACTATTACCGTTGCGTAGTATTAAGCCGAATGCTGCACTTTCCGAGACAAATGGATTACTGCCCTTTAGGGATTGTCGCACCGACGGCCTTCAGAGTTAAGGTTAGGCAGTGTTAAACCCAACTCCCCAGTTTCGGATTCAGTGCATCGCAGAAGCTGTGTCGGTCCTTCAAAACTGTCGACGTTACGTTCATGTTGCCCTTCATCTGGTTTTTCACATTTCGGAACGCCGCCAGTCTGCGTCTCCCCTGTCCGATAACTTTTTTCGTACGTAACGTAATTAGGGAGAAGGCTTCATCTCCTTGATAACGTTTATCTCCACGGGATGATCAAATAGCGTACGAGAACGCCGTATCTCCCTTATAATTGACGTGATAAATGGCAATCATCTCTAAGCGCCCGCGCCCATCCTAGGATGACGCATGGTAACCCATAGCTCTTAATGTGTAAAGACTCCAACTTGCTCTTCCCACGAGAAGGCCCCTAGGGAGCCTGTCCGCTTCGGGCTTTGCGGATTCTACCACTTGCAAGTGGGGGACGCCAGACAGTTATCCATTTCAGTCAACAGCAGCAGTTGTCCTACGTACCTCTGGTTTCGAATTACGATAAGGACTTTGG,994,48.79,Arabidopsis thaliana
SEQ_423438,CGTGGGAGTTTTACATAGCTCAGACCTAGCTCGGAGACCGCCGCTTGAGAGCAAACGTAGTGCAGAAGACACCGGGCATTACATACATCACCAAGGATAGAGCAGGCCACTAATTAGCGTTCGAAGGGCCAATCACGTGATAGAGTTTTTCTTGTTATACGTGTGACCACGCTCGAGATCCAATCTGTGTTGGTAACGCTGTCTATCGACTCAGCTTCAGTTCTGCGAGGCTTAAAGCTCGTACTACTGGACGCTATCGACCTGGTGGAAGCCAAAGTCTCGTCTCAATTTAGGACCGCGAACGGTGCTCAGTGTTATCACCCTTGTCCGCCCTTGGCCTACAGAAAAGACCCGCGATACACAAAAAGACAAATCCCCGAGCGCACGCCTTCATCACATGAGGTACTCAAAGATACAGCCTGGTAAGTACTGTGGCTCACGTTGGCGGCAGCCGTCCCCGACCGAGCGAATGTTGGATCGCAGTGTTTGGGCGGGTCTTTACTTAGTGAGTAATCTAAAACCATCTCGGCCCATCTCGGAATTATGTACCCTTCGGCTATAATTGGTACCGGGAGGCTACAGACGGCCCCCCCTAAGATCGGTGCACCAGCATCTAAAACCAATGCCCACTCCGCAAGACCTTTTCGGCAAACGCAGGACCTGCACCTGGCTCATAGTGGCTAGTAGGCGACCGATGTTCTTGGGGCCTTTTATCAGACCTAAACACCCGGAGGGTTGTTCACATTAAACACAGGTAAATCTCAATAGTGTAGCACCCCCCTTCAACTGGACCCGTAGCGCACGAGAAGGCTACAATAGTCCGCCGCCAGACCACAAAATTTCCATAAGCTGAGCGACCGTCATTATTCAAGGTATTTTGCGGCGTGAGTCGGCATGTTCAAACCGGACAGCTACGCTATTATCGCTCCTCAGCAGTTAGGAATAGGTGGCTCTGGTCTCACATCCCACTCAGAGGCCTACGCCGTATCCACGTGGTCAGCAGACACATGAAACAATAAATTCGGGGCTCCTAAAACTGGATCACCACGGGCCTAGGCGCCCTACCTCGTGGCAGAAAAAAGAGTCTCGTATATTAAACGGGGAGTCTCCTGTCTGTGGATAGAGCCGTAACA,1133,51.81,Caenorhabditis elegans
SEQ_181893,TATGATTTGCCATACTAGCGATCGTTAGCACAAGTATTCGACATAATCGGCCTGATGCCCAGGCCTCGTTGAGGTCAAGCATTGTAATTAAGACGACCGGAATCTCCGGGTTCGGCTGATGATTATACAGAGCAGGTGAAGCTAAGCGGTTTACTCTATTTACT,164,45.73,Mus musculus
SEQ_293443,TAGTTTCCCGTCGTCTAGCAAGCTAGTGATGAGCTGGCTGGAGAGATGTGTGGTCACGGCCCTGCGCGGCAGAGTCATCTCCTACCCGATCTTATTTTTCCTGATTTAGGAGCCTGCGAGCGCGTTGATAACAGCATTCTAACGCTGATCAAAGCTAGACTGTACTCCTGCTATGTACGTTCGGCGTTCGGTAGCACTGGCCTTCTAGTTAACCTCAGTGGCACATAACTCCTGGAGATAGCCTCCCAGTTATAGAGTCACCAGCAAATCCCGTTCAATTGAAGCTGACGTCATTCCAGTGTGACAAGTCAAACACCCACAAGAGTGCGAATAGTTACTCTTCACTTCCATGTTTGCAGTTATGCCCGGAACGTCCCTGTGCGCTTGTTCACTACAACCGATTCCTGATGTTTTGGGATGGCGTATAAAATTCCGGAGGACTCAGGAAAAGCCTCAACCTATAACGTATATACACGCATACAGATTTGGAATTCGGAGATCATATCCCGTACTTAAGCATGTGCCGTCGGTGACCGCGTGAGTATTGTTCTAGCAGAGGCGTCAAGTGGACAACACTGCGTGGCACGTTGGTTATCACACAATTTCACCATATCTGAAGGCTAGCTCAGCCAGAGAATCATAGTGATGCTGATTTATAAGGTCTGGGTCGCCATCCGATCCTAGTCAATTAACCAGTTATGCGTCCCGCTCTCATACCTAATGGCATATAGGAAACAAGGCAGGATTACATGCAGAAAAGTAAGAACTACAGGTGTTACAACAGGCATTATAGGCATGGTATACATGTACGATACCAGCGAGCAGGTGAAAAGCTTGGACAATGCGTTTAGGCCGAGCGGATACAGAACTCTGTTAGGTCTGGGTCTGCAGTATGTTAACTGCGCTCTTCTGCTGTGTACCAGGTGACTGTTGGAGGTGTCTGCCTAGGGATGCCAGACATATCGCCCCTCGAAAGCAGATGTAACGATGAGTATGGAGACAACGCCCCGGAAATCGTTCTCTCTACGTAGACTCAAAGTACCAACAATTGTGCAGATCGCCCGTATGGCTTTGCACTCGAGTGGAGAGAATCTGTTTTACTTATATAGCCAGAAAGCAGAACATCCCAAGTTAGTTCAGGGGACGTCCGACCGTAGTCTTTAATCACTGGCGGGTTCATCTCTCATACGTTACCACGTGAGTGTAGCCCGTCGGGTCGCTTCAGAAGTTTATGGCGTGCATCTGGATCGCTAGGTATAAAGGGCATATGAACTTCTATCTGGCGTCGGTCCAGTCCATTCTGCGTTGAGGTCTTAATGGAGAGACTGGCACATGCTGCTGATAGCACTCGTCACTAGAAGCGCCAACCCCCGGTAGTATTCATGATTGTAGATCTTCTATACTAGAAGAGGATGAGTGAGACGCAACTGCAATGATTTCGTTGTGGAATAGTCGGGACGTAATTCTATGAGTTCCGTCCGGAGATGGCATTCTATAAGCGTGTATTACAATGAGTGATGACATGTACGACAGCCGTGTCACCTTGGTTTACGTGGGATGCCTCGTATTGATTCACCAACAACGGACTACTCTCTTACTCTGCCCCTTGGGGATTAGGCCAGCCAGACTCTATGCCTCGTTGTTTTTTAAGGATAACTGGAGGGGCCTGGAGTTACCTCCAGTACTCTCCCTGGGGAGTACCCTTCTTACCTGCAGCATGACAATGAAGCGAGCAGCGTGAAAAACCCTAGCGCAAAGTGCTCCTTCGCCGCGGTCGGGTAGTACTTGTGTCGGGGGCTTGAGGCCAGCGTGATGAACCGGTTCGTAGTATCCGTGGGTGGACTTGTTTAGCCCGACGG,1859,49.22,Arabidopsis thaliana
SEQ_731350,CGGATATGTATGCGAGCGTAGGTATCCTCAATCCCGATCAGCGGGCCCTTACGGGGGCACCCGTTCGTTAGACGCTTGGGCCT,83,60.24,Escherichia coli
SEQ_953698,TCGATCCTTCTGGCGCACAGTCAGGACATCCTATGTAGTGTTCTAATGCTAGATTGCCACGGAGTTATTCGATCGTCCGCGCATCGTCCGCGTGTCACCTGACAACGGTCCTGAACCGGAGGTCACTGCAACTGCAATGAAACGCTGCATTAAAGATACTAGCTATATTCTCAGTTTGAAAATACCCGACAAATGGAGCTAGTTCACAACGATAGGTGACGGAATCTGTCGATGCTTACCCAGATGAGTAGTAAAATCACTTCGCGGTGGCTGGGCGTACAGAGCAGCCTGTTTATAAGCTACTCATCGCTCAACTAGTAGTTAAACCTCTCCGACTCTACACGTGGCTCCGGTCAAAATAAGAACCGTAAAGAGAGTCTTCACCGGGATCCTTATTGTACGGTTGCAGGAATGAGTCTAGCTGACGCCATGAGACTGCAGAGCAGACTCCTTGAACACTGACGAGGTGTGTGCGAAAAAGTTTTCACGGGCAAGCGATTCAGAGCAAGAAGATGTGTTCGTATCATGGCATGACGGCCGGCCGGAAGAAGGGCACTTCCAGTTATTTCTTGATCATGGTCATATGACTGGACTTGGGCCGGTCGACGGCAATTCAGCAACTAGCAAGCATTACTGCACATCTCCGGACCCGGAACCATCACCGTAATGCTTGTCATATTAGTACGTATTGGTTAGCTGGATTTTAACGGTCTCGTTACGTAGGTGCAGCCCCTACAGTGTATAGGCTCACTTTCCGAGATGTAGTTTAAAGAGGCGTCAAGATTGGCATATAGGCTATTTAATAAAGAAG,811,47.97,Caenorhabditis elegans
SEQ_871595,AGGTTCAGAGTATTCTCCCCAAAAGAAGACTGTGCCATCCTGCGACGGACACGGCGCACTTTAAGGACAATATCACCGTACTGTCACGACGTGTTTGACGCGCTCAGCTACGAGGGGGACTTTAGAGCCGCGCAGCGATTGTGGTAGGGTGCTGTATCGAATCCTCTGCCTCGATTGCCGTAACCGCTCGGGCTATTTCTGTGGTGGGCGTTTGCGTACCGAAGGTCAAATGGAGAAGTCTTGAGACCAGATCAGACGGGGCGAGACGCGTATGGCATACGTAAGTGTAATAACGCAGTACACGTGGACCGCACAGCTCGCGATGAGAGTAACGGCGAGATGCCCAGAAAAGCAGTAAGCTGGAAGAGATGATGACTGGAGTCTGCGTGAAGTGAGGGCTGGCCGCGACGTGATGAGTGTAGCCTCTACCTCAGTGGGAGCCCCCAATGGGTGAATACCAAGTACGGTTGTCTAGTCACCTTCATCGTACAGCTTCAGGAAGTGCACGGGTATTGTCTCGGGCGAAATATGATTTTGAAATTTTGCAGCCCCGACCGCACCTGCTCTTCCGTGGAATACCTCTTGCCCTCTTCCTCTTCCGACCGGGTCGCATGTTGGTCCTTGTGCGTAAAGGGACTTTGAACCGCGGGGGAAGGATTTAGAGGCTATACTTCTGCCAGTCGATTTCTTTGAGGGCATGACTCAGCAGCCCATGGACTGTCCGCGAAGTATTCTCCTCCTTGGGTTGATATTGAGTATAGTTTAGCTCAATCCGCAGACGCGTACATCGTAATATTGCATTCGGCGTGTGTGTGCTCGGCGGTCCCCCTAGCAGCGAGAATCGCCCCAAAACTCTCTGTAATCCCAGGGTTCGCCGTTAGACACTCATGAGTGTGGTAAAGATACGCCCGAACTTGGGGCCGTGTTCTGTGTAGAATCGGGTTGCTGTGGCTTCCATCTTTCGCGGCAACAGGATGGCCCCCCAATCACATCGGGTGGGTGAATCACTAATTATAACCAGTGCATAGTTCCGCAAGCGTTCAATTTATCAGCATAAAGCACGAGATGTCAT,1072,52.89,Drosophila melanogaster
SEQ_590668,GGTCTACTAACTACCTGGCAGTAGTGGCCGTAATCTCGTCGTATTCGGATTCTAAAATACAATAAGTAGGCAGATTATTGGATCTGGCATAGTCCTCATACGATTGTTGATAAGCCATGGGGCCAGCGATGGGTTGAAGCTCGCGCACTAGGTGATATGCAAATCTATGTCGATGACTCTACATTTCAGGCGATGCAAGCCCAACAATCCATCAACGTCATCGGATAACCTAGGTCTCGTTCCTATAGGGACATATTCACGAGGACGTGTATAGTGGTTCACTAATCAAGACCCGCACCTACCATATTTTCCGGAGTTTATGCCCACGTCGTCACTCCGCCGACTAGAACTTTCAAACCGCCACATGCCAACGCCTGACCAGCTATGATTCAAATGGTTATAATCAACTAGTACGCCCACATCCGCAGTCCCGCAGCGGCAAGGCGTTATGCAAGTAGAACAGTTCAACATGACTCACTCTGGTGCTGGACTGGGGATCGGGCGGGTCGGTGTAATGGGGCAACACGGGGAATTATTGTCGGCTTTTGCTCCCCCGTCATTCCGAGTGTGGACTCAAACATCGCTCCGCATTGAGGGTGTGTCACACGCTGGGAAACTTCAGGCATACATCCCCCACAAGATCGTTCCCGTCGCTTCTCTCTCGGAAGTCTCGGGGGCTTGATCCATCCTGTTATCGAAAGGACTAACACTCGAGAAGCGACGAGCACGGCGGTATTCACATTGTAGTACACACAATAGAGAGATACCTTAGTCTGATCCTTATGCCCTTATTCGACGGAGCGTTGTTAGTGCGATTACCTTTACCCCTGAGCAAAATCCCGAGGAGTGTCGTTCATTCGGAGTTTGCTGTCCATATTAAAGACGACTATCGTGCGAGGTGTTACTCATCGGCACTATGCCAGGTCGTGTCTCGAAGTGGTGCGCACGCGTGCTGAGCGCATTATAAATGCCGAAATACTAAACTCGGCGTTTCCCCTACGGCGCCGGCACCTCAGAATTGATCATACCAGACAACGTTATAGCTGCTCTCCCGCACCATCGCCACCACTTTCCCGATATGCAGTTCACTTGTTGTAACTACATTCGTTGGCTCCCATCGCGTTGTCCTGATCTGGGGATTCCACTATGTTCACGTCGCGTACATTGGTGGCGAGCACGCTGCTGAAAACACATATGTGGCGGAATATCTCGTCGTCGCCAAGTTTCATCGCGCCCAA,1238,50.65,Caenorhabditis elegans
SEQ_232061,GGGTTTGCTCTTTCAGATGAACATCGATACCAGCCCGACTCCATATCGGGGCATGTGGT,59,52.54,Escherichia coli
SEQ_324861,TAGCTGAGCGCTCACAAGGTCAGCCTACTTCAACTGGCTATCTACACAAGGCTGCCACTATCATCGTTATTTGTCACGGGCTTTTAATGAGCGAGATGGCCCGACAGTTTGTGATGCGTAACCCAGTAGTTGTTGGTCCTGGCCAGCTATTCACGAATGTTGACCGAAGTGCGCCCGATCTTAAGCACGGACCTGGAGAGGTTGTGTGAAATAGTGCCACGCAGTAGCGGACGTAAGGCCTGTAGACCCTCCCAAGGGTCCGCTTGAGGACGTACGGACATCGCGATCACGGACCTGTTGAGTGCTATCCCTCTAGGCGTCCGTTTGTCACAAATTTTGGTTACCCACGCAGCCTATTATAAGGTGCATGGGGAGTATTAATAAAGCAAAGATCCCGCAGGGTACCCGCGCCAATCGACACTGGATAACAGCCAGTCCGGTGAGTTCGGAACGCTTTCGCTTCAGCACAGTCGGCTGTGCATTATCGCTCAGGGCTGGAAATAGTCTTTGGGTGAAGGGGTCCTTCGAGCACGCATTAGTATACTGTAGTATGCGATATGTTATGTAGGTTCAGATTTTGTATAGATTGCCAGGACTTTGTAACAAATCCAGCAGAGATAGGTAAGAGAATTTGTCGGTAACATGACCAAACCGAAGACCAGGTGAGGCCGATTGTACGTACAGGATAGCGTCCGCAATTTGGAACAGCTGACTGCAAAGAAGGCGAAAGGATACCATGGACGAATATACCCAATCTAGCAATACTTAAATGCCAGGGACTGAATACTAATTTTCCAGAAAAGCAGACCCTCAGCGACCGGGCCTTGCTATATTGCCGCTCAGGAGTCATAGGGTTCGCCGCCCGGTTCTGTATTTAATCATAATACTAGGGATAGTGATTGAGC,905,49.39,Saccharomyces cerevisiae
SEQ_576044,CATCTTCGACAATGTTCCAACGAGCACTGTCTTTCCCCCGCTTATACTTTATAATGTATGTCGAGGTCCGGCCCGATACCCGCCGAGAGCTTAATATGGATCAATAGCTCTGCCGGTCACTCATTTCGGACGCCGTACCGCTTTTCGCGCTAGTCCAAAAGAACGTAAAACTATAGACATAATTAACTGTGGAAGGGCTTCGAATCAAGCGATAAGCATCCCCTCGGCCCTGCAATCTATTGTCGTCCCGAGTCGGGTACTATCGCATGCCCAGGCAACTGTGTGGCATCCATACCGTTACGCACTCCTGGGTATAGCGCTGCAAGTGGCAAAGAAAGTGTGTGACACTTGTGATATCACACCGCAGGAATGACAGAATTGCTGGCTTCCTACTTGAGTAACTGATGGCATTCAGCAGGCCACTCCAAAAGCAGAATCCCCCTGATTAGTACCACCGAGCCGTAGCGCCTCACGTTTCCGAATTCGCAAAACCGGATCTGCCGGGTGTTCAGTGGAAGATCCAGGATCTTTAAAAGAGTTATGGGGAATACTTCATGTGGAGTACATCTGCGAAAATGAATGGTCATTCCAAGGGCTTCTCGCGCTCACAATCGCGTAGGACGTCGAGACGTAATGTTGTTTGAACCCTACATGGCGACTGTCCATCTGACTGATAAGGCGGTAGGTAATCGCGACACCACCAACGAGTGCCTGACTCGGTCCGCGCCCCCTTTGTGCCTGAACTCTTTAGAAATCCATGCCACTATAGGGATAAGGGGAGCAGTGGCCGAGCTGAAGGAAGGGGCGCCAATTTAATAAAACGGGCTTATAGTACACGTACTCGCTAGCAATGTCACCATGGTAAGGGC,869,50.63,Saccharomyces cerevisiae
SEQ_764484,AGGGTACTATCAGATGGGTTGTTTCTAAGGACATTGGATGTAAGGCGAGCCGTCACAGTCCAAGGATGCCCTTTTGGTCGCCGTTCTCCTATGCGAACGGAGTAAGTATTGCCTAGTAGAAATCAGCTGCTGGTCTAGTTGAGTTGTCTGGTCCCTTCCGCCGGCTGCCTCGATTATGTACGGCTATTGTCTCAGATTGTTCCTCGGGAATTACCAGGGTATAACACCCTTTACCCCTCCTCTTGACGGCATCACATTTCAAATCGGGCGTGGATAGTTAGTCCGCCCATCCCTGCTCATTAGGTGCGGTTATTGATACCCGAGAGGATAGAACTCGGCCGAGGCTCATATTTCCTCCAAATCGGGAGTGACCTGCACTTGCGCGCCACCATGAAGAGACGCTACAGACAATCACATACACAACTGGGGAACTCCTGTACAGAGTTACCATGGGTGAAAAACTGACGCAACAGTTTTAGCCGCTTTAAGGGCAAAACCGCATAATGTCGGTACTTAGGGATCTGTATCTGTTCAAAAATATGTCCGACATGGTTGCAATGGCCGCACTACCAGAATATACTTTTTGGTCGAGCCTACAAAATTTTGTACAGCAACGGACGATTGCGAGTAAAGGAAATAAATATCATCTCGGGAGCGGCGGACGCATTTGCTATTGAGTGACGGCAGTCCTCTGACCATGACCAAAATCCGCGGCTTTCCAGGTTATCGTGAACCAGACTAATGAATAGAAAGCTGTCAAGGTACTAATTAATGGGTGTATTCCTTCATTCGTAGAACTGTTCTTTTCAGCGCATAAACGAAGCGTGTAACCCCAGGTGTGTCATCTTTGGTCGTCCAATACGTACCTCGTGATGCGCTACGGGTAGGCGCCCGGTCTGGAGGCTACGTATGGGTTTCCAACCAGAACAGAGCGACTGGCACATCGGGTTTAGATCTCCGTCCGTTAATTGAAAATCGACAGAGTTATGTAGGTCCCGGAACGGTAGGTATAGTGAGAAGATAACCCCCGGATAAGTCCGCTGGCTATAGAAAGAATTAGGGTGCGCTATGTCAGGAAACGTATCGAGCACTTGTGATTATACGGACTCCGCGGCCTTCTTGCCCAGCTTTCCACGGGGTCGGCTAATAGGAGCTGTCTCACAATTCCCCAGTCGGGCATCACGGACCCCGCTAAAATCCGGGGGAAGTCGAGCCGAGAGCCTGTTCACTGCCCCCTTTTGTCAGGAATGGGCCCCTTAGGCAGTCTTGGCTCGCCGCGAACACCAGGTGTGGGATAAGGAATATGCGAGAAATTGAAGGTCAAACAGCAATCGCAGCCCCTAAAATACCTAACCCTCAAGAGAGCAGGTCACGGCGGGTATTCAATATGAACCGCTACAAGGGGCGGGGCGATATTCAGAAGAACTATAAGCTGTGGAATCCCTAAGGGACCCAAGGGTCCTGGAGGATACGCCGTACATTCGGCCCTCCCCCTTTTGACCGAAGAGGTCGACTGGCTGACTACCCCTTAGCCTGTTACAGGACAACGGTACCCAATTCGGATATAGTCTTTGCATCTTCCGGGGGCCAGATAGGTAGGAGCCGCTTGGACAGTTTAGAATCTATCTGATCGCTATTGACACAACCGGGCGTTCATCTGCGATGTCGGGGCATACCGGAGCTGTCCGGCTAACGCCCGGGCCCTCATTAAAACAGGCAGTTGTTGGTTTCAGAAGTACAGCTGATGTCTGGCAACGACCCCTGACGCGAACCAAAGGCGGCCGCCTCAATGACGCCAAAGAACTT,1806,51.16,Saccharomyces cerevisiae
SEQ_422738,AACGACCGTCGTATAGGAGCAGGGGAGTCATAACGTTTTTTAGGCCAACCCCGATAACCACCAAGTCCATCCTCATTGAATGCTAAAGCGCGGAGCGCCCTTCTCGAATAAGGCTGAAACATGCAGGATTTCAGATCGACCATTATTCAGCTGGTGACATCCAACAGAGGGCCGCGGCAGTAGGAAGGTAATTTCCCCCTGCAAATGTATTCTAACTCATCGCGCCAGGCGCCCATCATACTAGTTACGACTACTAACGTCAAGATGCAGTGGGCACTGCAAACAACCTTGAGTCCAGTCCTAACGAAAGGGAGCCAGTAGATGTGATATGCTCACACGCCATTTCGCGTGTACCAAGGAAATTTGATATTCATCCAGCGCCCGCGGGAGAGTAAGATGGGTAGGGCCCCGGCGAGGTTCAACTTACGGTTGTGCAACCATTGCCAATGACGCAGATGAGCTGCTAGATTCAGTGCGCTCCGTCTTGGCTTGCCTGTCTTACCGTTCAGCAGCATATGCGCTTTGATGAACAGTAGAAACGGAGACAGTGCTTTTACAGCCATGACCTTCGTCGCACTCACGGCCTCACCAAGCCTGCGAAGCCGGCCCTCTCATACCGATGGTGGACTACAATGTGTAATGATGATGCTATGCTGATGCTTGTCGGACGCTGAACTGTACCTCTATCTTCTTAATACTGCGAGGAGCCCGCTTAGGTCCCAATCACCATAGGTCTGCGTCCTGTTTCTGCGTTCTAATAGCGTTTCATCCAGGCGGGTCCGAAAGCGCGTAGGTTATGCGGCTTTCCTACTAATTAATTGTGATTTACACATCTGCCAATATTCCCCGATTGGGATTGAAGCTGGCATCGCGGGTCGTGGTATTTAATGGTGTTAACGAATTCAAACGCGTACTGCACGTTCTAAAAAGTAGGACAGTGCCCTTGAGGTAATGCAGTATATCCACGCAAGGAGGAAGCATTGTCACGCCTAAAGACTGGACTTCACAAAGAAATATTATGAGACCATTGATAGGCAAGCATCTTACAGCCCATACAGCCACCATTCGGATCTGGCTCCGACTAGATTGCTCATTAATTTGCTAGTGGGTATTGGACAGCCGGGACTGTGCACAACAAGACATTGGACCCTCAATCAAACCGACGGGCACATTTTAATGGATTGTGCGTAAGGCGGTTTGGTGTGCAAACGAACTTGGTTTAGTCTGTTACTATCTTTCATGAGTTAATGTTGGTTGAAAGCCGTATAAAGTGTTAGTTTATATGAACTTCCACAGGGAACAGCACGCACCGCAATCGCGCAGTCTATCACGCTGCGATTAGGTCCGCTTGGCTCTGCGACGAGCCTATCAGGTATTCCAGCTCACTCCTGTCACTGCTGCAAGAGCCATTTTCTATGATACGAGATCACCGCTTCGACTGATTGGCTATCCGATAGTTAGGAGGCGAGAGACGGGACGCGCCCGACACGACTATTTCCGCTTACCCATTGTTGCGTCCGTCGGTTTTCGCCCCTGAATCATTGCTCGCGTGTGCAGCACATCGTGCTAATGGGATTCTCGGCAGGACCTCGTAACGCCTTATCTAGC,1608,49.88,Drosophila melanogaster
SEQ_107346,GTTCAGGAATCGGTCGGCCAATTCTTTCAGGGGTTCTACCATGAAATTTACTTTATACGCTAGCGCAGAAATCCCGGCGCAATTGCCTCAATTAGGTGGACCGGGGTGGGCATCGTTGTATTCCGATTCAATGACTTGGCAGTGGGCTCCTGCCCAGTGGGCACTTCTTAGTCTATTCCGAGGTACCTGTGACAAGGTGGCTGTCTCGACACCGATACAGGGTTCTGGCGCTCGACACTGGGCGGCTAGCATTGGCGTCCTACGAGGGAGCGCGTTTTTTTTGTTACGGCAG,292,53.77,Mus musculus
SEQ_108583,CCCAGACAGCCAATCCTATATAGTCTTTTCTGCGTTTCCACCAGTCGTTATTACAAGGCACATATCGCTTTGCACGGTACGGCTACAGCTACTAGAGAGTCTATACCCGTAGGCGTTTAATCTGGTCAAGTTCTCCAAGAAACACCAGTCGGTAGGTTGCTAAAGGATACTTAACAAATGAGTGTCGATATTCCTGGGTTTGAACACAATGGGCTCTTTGTTAAAGTGAGAGATTTCCACAATCCATCACGCCACCTGCAATTAGAAGGGGGACTTAACGAGATTCGTCATAGCTCAAAGACCCCTGAATACCGACTGCTGTTTGCCAGTACGTTGTAAAGGGGATTACCCGCACAGGGGCGGCTTGTTTGGTACAGTAAACACGATTACTTCCCAAACCCTCTGCTGTTGATAGGCTCATCATCTGTGAGTACGGCCTAACGGCTGAAGCACAAGGCAGGGGTCGGGCTTCATCATCAATGCGGGCACGCGTTTGGACTAGCAAGAGGCTTGAAATCAGGCAGGCGTGCCGAGGCGGTCCGTTATTGACGGTCCCGCTTGGCCCTCCTAAGGGGGGCCGCTCTCTAGGATAACTATCAATGGAAGGCTCCCATTTGAGTTCCCAGTCACTACGTACGACAATGCATAGGTGGATATGATCCGCTTCCGGTGGTCGACCTACAAAAGTGTTCAATAAACCGTTAGGTCATCGGTGAGCGTCGCATCGTACGCGAAGCCCTGCAGATCATACAACAGCGTGTTTGATACTAGTCCCCGCTTTGATCTGCTAAGTACAAGGCAGGTCAGGCAAACAATCGTCTTCATTGGCCCTCCACATACGGCTTGCATTACACTACTAAATCTCGTGAATGATTAACGATACGGCGTATAACCCGAAATAAGAGTTCGTTGCAGCTCCTTTTCCTGAATTCCTTTCTCAACCAAAGTGGTTGGGGTAGCATAGGCATAGCGACCGTAAATCTCATGTCAAGGAGATAAAGACAGCATATTCGTTACCTGTCCGTCGTTACCACGCCGTTGAGTGGTCCATATATTAGCCTAGTTTACTTCAAGATGGATGTCCTGTGGCGAGAGAAATAACGTATGAACTAGAGCTAGGTCCAGAAGTTAGACCGCGTATTGTATCTGGGACTCAGCGACTCAGAGGAGCGCGCGTCTGAAGCTTTAAACGTAGGGGCGGGTACCAATATGTCTGTCAGCCTTCAATTGAGATTTGCATCGGTTCAATAGACACTATGGAGCCTGGCAGGCTGCGCTACGCGTCGTCACGTTCATCTCCTCTGCAAATAGTTAGGACATCGCCAGTGTACTCTGTCTTGCGGAACTGGCTCTGCCCCCAGTCAACTAGAGGCGACTAATGTGAGACCCCAAGACTAGGAACAGTCTCTAGGTTAGACTCGCTAGCTGAGACATATGATTCCGAGCTGAACTCTGGAAGCTAGTACGCGGGCTCCTATGTAAGCACAGCTTTGGACACCTACACGGTCTATTTCCGTGACCCCACGGATCTACTCGTTTGCCCACAGAGGAGCCCGTGTGTCAGGCCTGCTCACCGCGTCATGCAATACGCTAACCTACTGGTAGGCGTAATCAGCTCAACCGGCCTGGGAACTCAGTTAGTTCCCCAAGGGCCTCGTTTGTCTTATTATCCGGAGAGTCCTCCCAACACGAAGTGCCTCGCAATTGCAGTACCAAGTGGCCGACACCAAGTAGAATCACGCATTGTGCTGGTAATTACCCCCAGAGTGCGTCCTTTACAGCCCTGACTGACTCGTCACGGAGACCTGGGCGGTACGGCCCGAGTTCCCCCCTGCCATAACAGCCTTAACTGTGTGCTCTTGAGGAGCTGCTGCTGTCTAGTGGACTAACAGCAAGGAGTAGGCGTTTCCACTCCGGACCTGCTGGGCTCAGTACAGTCCATAACCAGTCCAGTGGTTCCAGGATCAACATCCCGTCCAACG,1982,50.96,Saccharomyces cerevisiae
SEQ_101335,TGTCATCTCAGGGGTCTCAGCGGCGTACAGGCCACTGGCGCGGTGATACGCGACGTATGTTAACCCATTGCCTCCGAGTCACAGATTCGTATGTGGCGGATCCAGTGACGCTGTCGTTTGCTTGACGAACTGCGCTTGAGAGACGACATCGTTTAGGCTACGTGCACCCTGACTGTGAAGTGTGCCACTCCTCAGCAAGTGAGCCGGGAATTCATGATCTGTACGTTTAAGTCTGAGTGCTCACCTTAAGCCATCCCTTTCTCGAAATGCGGGCCGGTTGTGGCACATTTGCAGTTGGATCCAGGTAGTATCTCCTAACATCAGAGACGGCGCACCAATATAACCGAGATCGCGAACTCTGCTCCGCACCAGACAATAATGGCTTTAGAACAACGGAGGCCGCGTTTTAGGAGGCTATGGATAATCCCAATTGGCTCGGATTCAGAGTTATCCGAGTAGTCAGCATAACTAATACCGGTAATGCTTCCTGTCACCTTGACATATAGGATTTTCTCGACTAAGATGATAGCTATGGGCTTTTTTTCCCGTTATTCGTAATAAGCCCACCAACCGTACAAAGTGTACCACAAGAGGATTCATCCTTTGAGGTTCTACCTTTACTATGCATCGCGGCGGCCTCTTGCTGCAAGGTCACCTGAGAGAGGCCGGCAGAACTATCGGAGAGTACGGGCACATCTTGTTCGCAGTAATATGGCTCTGACCGAAGGCAGCTCTAGAACGGTTCGACC,749,50.73,Escherichia coli
SEQ_456884,TGCGTCACTCTTTACCAGCATAGCCCGAATTTTCAACGCTCTGAGAGGTCGCCGCCATACAGCTCCGGACATGAAGTCTGCACAGGGTGGCATGGCTGGCTCACGGGTACTAGCTAGCGTTTGAATTCCACTCGGAATATGGTTCACGGAGGGTCACTCAGGGTTCGATAACAATCTAAACATGGAGTGTTTTCCATAAATGTAGACTTAGTGAGAAGTCAGGGCCCGTCCCCCGACGCCGCACAGGCCTGTGTCGCGGCTGCATAGCGAACCCCTACCAGTACAGAAGTTAATTAGCAAACGATGGCGCCCTTTTCTGTTATCCGTATTTTCGGTGCTCGGTATATATGACTTCACATACCAGCGTGTCAGTTGAATGCCCCACCGTTGGTAAAAATTAACCCGTCGTAAGATACCCTTCCTGATCGTGTGTAGTCATTGCAGTAAGGTAACTAATATTCGTTTTATATAGATGTCGGCAGAGTGGACTCGGTTACGGATTTAGGCGCGATGACGTGTGTAACCCTTCGAGATCGTTACGACACCGCCAGCGGCCACGGCTTTTGTCGCGTTGTGCACATACATTGCTCCGGCTAAATCAATACTGTCTCCACGTGGAGGCAAGAGGTCTAACGTCAATATCCATAGATTCCTGATAGTTATAGGGGTCAGTGCCTCATGCTTCCGGAGCTGAGGTGACACCACTTCTCTACTGCCCCGGCGCAACCCGGATTTTTGGGGAAGGCCTCCTATACGTGAGTTGGTAATACTGAGCGCGCTTCTTGTACTGGCCCGGGGCAACTGTAAAACAAATACATATCGGTCGGTGAGTCGCGTGTCAGTAACCGCTCAACTGAGGCTCCCATATATGTGCACAGGTACATCCTATTGTCGTTGACCAACGGACGCTGGCAGTTAGTGTCCGTAGCATCCTGAGGATGATCCCGCCATTCGTTGGTTAAAACTACAGGTTACCTCAATATAGGCGGAACTGGCACGGGACGGTTTCTATACTACGATCTTGGCAGTATCACTTTGGGGTAATAAAAGTACTGCGCAACCCGTGCACATGTTAATACCTCCGACGTTTTCCCTTGCTTACTAACGAGGTCCAGCGATTGCATGTCCCAAGGCCTAGTGGCCATAAAACGTATTTACTGCGGATAGCTGATAAACTCTTTACTGCTAACACGACTTTGATCGCAGGTGTTATCGGAACACCTCTATCTCACATCTTTGCAAGTGTTCACTTCAGCAAAGTACTTGTAGACGCATAATAAAATCTCACACGTCGCCGGCTCCGTGTACAGTACCGTTCACAATATAGGAACTACAACAGGAAATACGGTGCCACATTGGTAGAAGTCCCACTCTTTCCTTCAAACGGATTA,1391,49.1,Drosophila melanogaster
SEQ_461765,ATCGACCCTTCAACCGCTACCGTCCATTTAGGTGGAAGGAACTTATAACGGGTGCTAACCCGCACGTGTAGAATTCGCACTATTGACCAGCGAATTCAGATACTGTGGATGTTCAATGTTGATTGGCATGTTCACTCTTCATCAGGCCCTCTGGCATAGCACTGTCGTCCGGAAGGCGATTATACATATTAGTAGTGATGCGGGAGGAGCCATATGTCACTTCCTACGTGTCTTTAAGTTCTGTAGCTGAGTCAAAGAGTGTGCCCGGCCTGTGAAGGCCCCCCGAAATGGCGTGAACTGTCGGCGCATATTCACGGTTCGTGACGTGGGAAGGGCTTGAACCCATCGGTGTAGTACAATTTAGTGTCTAATATCATGCTGGAAAGAACCCACGACGAGGCAACAAGCCCCGTGATCCGATACATTGTGTTCTATACCTTACAGGAGCCTTGGAACCGTGTCGCTCTATTGTGATCCCTATGAAAGGGCTGGATGCGGACAAGCAGCACGGGATCTCATAACCCGTCCACTGGTTGAGTCGACCACTTCCAAGGACGCATAACCCTTTCGGTGTTCGCCCATCCGGTTGCGCAACTAGGAGGAGTCCAGCTCAAATTCCTCTCGGGACGAAAGGGACAATCCGTAGAGCTGCTCTGCTAGTCATCCCTACTATGCGGCCTTGCTGTCCTCTTCCTAGTACTGATCTGTGAACCTGTTCCCAAGGCCCCCTTTAGTTCTACTTTGGGATCCCAATGTCTTTGCTATTTTTGATGGCCTCGGAAACGAGAGGGCCCGGCGTTTCTACTGTATGATGTAACGCTCTGCGATGGGTGGGCCATGCGCTGCTGCATATACTGTCCTTAGCAATTTACCAAACACCGGCCCGCCTGGAACGCATTCGAAGATCCGGGCACGGCAAGCAATAACGTTAAACCTAAACTCAGTGCATCCCGATTATCGAGCGACTCATCTTGCGGCCACGAACGATTCGTCCCGCGCTTAAGATTGGAATACTGCCAATACTTTCTTCCGGTCTGTGTCCAAGGCACTTTGAGACTAGTATGAGGTTGCGGGAACCTCGATCGGAACGGACGAGTACTGAACTCGGTCACATAGCTAATCGTCGCGAAATTCATGATCATTAACGGCGA,1151,51.17,Escherichia coli
SEQ_307974,CTATAGGTGACAGTGCACTTCCAAATCAGGAGTACGTACTCCAGCCCGTTTCAGTTAGGTGAAAGCCTCTCCGTATCCAACAAGTGCATGTCGTCCTTTAATGAACTGGAGTCCTCGGGGCCCACGTCAATGGCGCGTTGGGTTAACTCGGGCCTGTTAACCCACGAAGACTGTGCAAACGATGTCTAGGTTTCGGAAATACAATTATTTTCTGCGTGCAGCATATATTGAGATGTGGGTGTCATTCACTTCGCGGACGCACTGGCCATCGCAACGCTGTACTCTGCGAAGCTGAATTAAGTTTCGAAGCTACCCCAGCCCAGTTCGAAGTGATATTGACCCTAGCATGTCAGTAGGAGCTGAACTGTCATAGCAATGGCAAAATTAAGCAAGCAACAACCAAATTCAGGTATGATCTGATGTCGGTCGCCACCTTTGGACACTTGTTATTTCTTAGCGGGCCGTCCCGTACGAAACCCAAGGTACACTCGGTTGCTGAAATGATCACCCTAAAGGTGTCCGACTCTGGATGCGGGATCGAAATCTATCAGGAGATTTCAGTGACGTGGCCATCCTTGTTGCTGATTGATTCAGATTCTATTGACAAAATGGATTGTTTACGAAAGGCGGACAGAGTACTCCGCCCTGACATACCCATTGTTGTCTAATCACAATAGAGCGCCTTCCCCGTGCAATAGTAAGCAGTGGGACTCGCGATCAAGAATCATCGTGCAGTGAGAAGAAGGTTGAACTTGGATTGTAGGTTTTGCTGGGTAGACAAACGATACCTGGCGAGCATTAGCATGTACGGCGTACGGACTCTCAGGGTAGTGAATGATACTCTTTGCAATAGATCCTTTGACCCAGCGCCGAGGGTTGCGCCCATAAAAACACACACAGTCCGCCGGGTATCTATGAAGGCCGTAACCCGACACATGTTATGCAATATCACTGTACCCGTAGGGCCAGCCTCGACAAGTGACCGATGCGGTACTGCTCTTAATCTCTTATCCTCCTCTCCCGCATGATAACTTGTTGGGCCGATCACTGATCAGCCCCGGTCACCTTCGCAGGAAGAACAAAACCTGCGAAAGGCTGGGTTATGACGAGTTATACAAGGTCATTAGGTAC,1131,49.07,Arabidopsis thaliana
SEQ_369184,CATCATAGGCCCCCTGCGATGACGTGCCATCCTGTTGGATAGTTACAATCGCATCGCGCCGGGGCGCAAAAACAAAGACCCGACCTTCGGACTACAAATTATAAGCTAGGTAAGCAGTTCCCGCTTATTACGGGCTACGACCTCATTACGGAAGAACTCAATAGTAACCTACAGATTGAGAATAGGTCTATGAATTTACACAAGAGCCAATTCGTTACGTACGCAATGGGGTGCGGTAGAACTTTAGCAACATTCTGCATTTTCGAAAGCGGCGACACATGATGACTGAAAACTGTAGGACTTTCGTGAATTCTCCGTCAACCCCACTTAACGCTAAAAATCAACTTACTACCTTATCGGGAGGGGGAGTCTGCTGCATGATTCCAGGTCAGTATGCTCTACCACCGGTTGGGGTCACTCGTGAAGACCTGTGACTGGATTATGTCATCCTATGCGCCCACTCACACCAGAGCGTGTATCGGGGTATGTTGGAACATCCGGCTCAGAGTTTGGTCACCCCCACCACAGCTTCAATCCGGTCTCCCCTTCGGACACTTGCGCATTGTTCTCCCGGATTTCCCACTCTACGAGGCACCGCGGACAACCAATATTGCGGGAGTACCAAGGATACTAGGGAAATTTATAGGCATTACAAAGATACATGGGCTAGAAAAACTCCGTCCAGCTTGTTGGAATACCCCAACAACCGCAAAGAAAGAGCACGGGTGCGACCGCTCTAGCCTCTTATTAAATTGTTTGGGGGGGCTTTCAAAGGACGCTCACCGTCACGCCCATGGTACGCAAATCCGTATATGGGTCAAACACTTGCGACGATACAGTTGCTTCTCTTTAATAATATGCCGCCGAGTACCGGGAACTCAATGCTTCGCGTATGTTAAATCGGCGAACCCTATGCCTCAGAAAGGCCTCTGATTACGTCAGAAGATCGATTTTAATTATATCGTCGAGTGCGGGAGAGACGGCAGCGACTGCCTGATTACTCTTACATCGCCCCACACTTGTTATCTTGGCATCATCGCTCCATTCACAAGAACTCCTCAGACACACAAAGAGCAAGCTATTTTCTGCCCTCCGGAACTCATGAGGAGAAACCTATACCTATGCACCACCGTCCTCTTTATTGTATTGAAATTACAGGATGGATCCGTTCTTCACAAATATGGGCTAGTAAATGCATCCTCTTCCCGA,1209,48.47,Mus musculus
SEQ_168074,CTAGTGTTCCCGGGTGTAACGTTCCGATCACCAGAACACAGAGACTGGAAGGCTCCTGGGGCGCAGCGGTATGGGGCAAAATTCCCGGACTGGGTCCTTCTGTCAGGCGACAGCCTCTTAAAAGCTTAGAGGCGGTGCCCCAGCTGGCCATGATCCGCCTGTGAGCTTTAGTCAGAACGCCGTGGCAGTCGTGATCATCCCTATCAGCGTGTTAACTTGTTCGTCGTTGATTAGCTCTTCTCTTGGTCGCGGGGAGTGTTCTTGGGCAGTTATGTGGCTGCGAAGACTCGTTTGCGTAGTCGACCCATGTGCGGGGATTTATTTCTAGGGGAGTGCCTTCCTGAAGAGCTTACGATACCCCACTCGTTTAACCGAGGTTCCACCGCAAATAAATTGCACATTCACTCTTGTGGCGTACTTTTCTTGGTTATAGTTAGCCCTCGTGTCTATGGCATGGGGAATCATGAGTCAGATTAGTGTTTTTCTCCATCGGCTGTCTCCCCTAATGACCGGGATACCTGGTCCGATTCACCGATGACTACGTGACTTTTGCTCCCGGCTAGGATGACTCGTAGGGCTCCGAGAGCCTAGGGAGCGCGTGGAGCGGGTGAAGAATGGCGGGGTGACCAGTCCTGTGAGATGGTTAGAACGCGCGTCCACGGCGTTCGCTTTTTACAGACCATCCACCAGGGCAGCTTGGATATCTCGCGAGGCAATGCCGCCGCATGAGTCGGACCGATTATGGTATAAACACCGCAACTTCTACCAGTTTGTGTTCAGGGGTGATTCGTCCAGAGCGAAGCTGCTGGTCTCTCGCCAGGGTGGATAACTGAGCCTGGCTTCTACGCGTATGACCTGCGATCCGCGAGAGCCTTTAAGGTCCAGCGATGGCTTTAACGATTGCTCGAACACACAGAATAATACGGACGGGAGCCTTACGGGCAATCGAACGGCCTACCCACTAAATTATCCGGCTTCGGAAGGAGGTGATGTGCTAGACCAATGCGTCCTAGTGTACGATAATCCAGACACCGTTCGACCCCGAGAGGCTCTCCTATCTCGGAGCACCT,1070,54.3,Homo sapiens
SEQ_642392,CTCGTGCTCAAGATGACCCACCACCATGAGCCGCGCCCTAGCGGGCATAGACCGAGGGCGATTAAGCTTCGTTATGCCGTATACCCGATTCAGACGATGGCATACACGGGTGGAAGACCAGGTAAAAATGCATAGCCCTGTGTTGACGCCACCACGTCTGGACGTTTTACTAAGCTCAGCTCAGTTAGTGTGATATACTTCCCGAATCACATTCAACTTATGCTACGCCTTTATGAAACACCTCCGCATATACGTGGAAGCAGCATCAGCCATCCGATAAGGCTAAGATTGGTTGAGTGATAGATCGATTTACCATACTCAAGTAAGAAGACATCCTAATTATAATTGGAGATATCCGATCGTCGGTCTATTGGTTCCACCCTCACTGTGATACTTATGTCCGCGCCACTTGTCCTCCCCAA,422,48.34,Mus musculus
SEQ_465846,TTTTGACAGAAACTGTATGCGATCACGTCTTCTCGATCTCCATCTTTACTTCTTACATAACCGTGGCATCCGTCGACTTACCCCTATCATATCCGCTGCGAGTCTCGGGGTGCTCGCGCAGCGGCCATGGGGAACGCGGTGGAGGGT,147,54.42,Mus musculus
SEQ_902882,AAAATTATTAACGGCTGTTGGGGTACCATTCGGATACCGCTAATTATGTCCCGTCAATTTCTCTCTTGTTAATAGTCAGCTCGGGCTCGGCTATGAAAAAGAAAGACTTCTAGTGATGACTTGAGGGAACGGCTTTTATTGGCTTTTAGTTACATGTTGGGAGGTTGTAGATTGCGAGCGGAGTTAATGACACCCATTCCTGAGAGGAGTTATAGACAAGCACTCTATGGGCCAATCTCAGAGCAGTCTTGCTTGTCCCACGAACCAGAGAGCATAGGCTGTTGTGACGTATATCCTGAGGTTTATACCGCCGTAGTTACGAACGCGGAAGATGTTCAATGAGGTAAGGGAAGTAAGGCCTAGGGTAGCCGGTCCAGTAGGCTCCTCGCGAGTACGATGGAGGTATCAACGGTAATTTGCTATCTGATGGCGACACAAAGAGATCTTAAGCTCACTACCCCAGTTAACGTCATATTCACGGGTGATACCTCGAAACTTTCATGCTTTCTTAAAATCGGAAGAACGATTATGTACACGTGCGCGGTATTGGATTATGGGACAGGGGGTGAGGGGTCAGAAATATCCCCGCCGATACCATTGTGTGGGAACGGAGGCGTACCCACGTAGCTAACGCGGTGGTAAACTCAGCACGCGCGGGACTCTTTCTAGACCCTTGCTAAAGCTGCGCGAAGATGGGCGGGTGTGAAGTTCCCGCAGCTTCTTGACTTGAAGAACGGGTAACCACATGGGAGATTCAACAACACCGCATTCTACTATGTAGCACCTATATGATCCGCAAGAACCTATTTCCAGGACTGAACAAGTGTCTGGCGGAGTTACTCGATGTAGAACACCGATGTCAAGCCATGTCGGTAAGCACATATCAAATTCTGGGCGGCGTACGAGACTGCAGTCCACGCAGATTCGTCACCGCATACCTTCGTGATAATTACGTACGTCCTTGATCTACTTATGGACCTTAACATTTCAAGCCTTGATGTCCCACTCTCTTTGATCAACACGGC,1025,48.2,Homo sapiens
SEQ_261124,GATATAATAGCACTGGGCGGACTGGCCTACCTAGCAAACTGAAAGAGGGAGCGAAGTAGCTTTAAAGGATTAGCGGTTGGTATGGCTACGTAGCATGCAAACTTTATTGAGCATAGAGTATAACGATGAAGGCAAAGATTGAACGACAGGACTTGTTAGCATCCATGAGTTTATTTAAGCAGGGTAACCACAACCTGAGTTACGAGGTTAGGTAGCGTCGACCCTCTGTCATGCTCTCCAGTTGAGCGATCATCCTAGATTCCTCTACCGAAATGTGCTGCCTGTCACTTTGTGCCAGGTTGTGAAAGGTCTGTGCAATAGCACATCCGTGTTGGGCTCATTATTTAGCGTTTGCTGACCCGTCTTCTCGATTTAATTGTTTATGCGCGCCACGAATTAGAGGATAGGAGACACTTACAGTAAACCGTCTTCGCCGTTGATTCACAAGGTATTGCCCGACGACGCCTGCGACATTAGGGAAAAACGGCTATCACGTTCACCATTCGCAATCAGGCAGTGAGCCGTCTCACTGACATACGCTAGCTCGGATCTTGGGTGCTTAGGCGACAGACGCCTCTCGACGAAATTTGGAGGCAAGTTCAGCGATCACCTAGATGAAGATCCCGCTTATTTACGGCCACTCGACGTATCGGTTAACCAAGAATACTCATTTAGCAAGCTATAGGGGAGCTCTTCAAAGCCTATTGGTAGTACTGTGACGTGCAAATCTCAGCGCGCTTTGGCCGATGTGAGCCCTCTTCAGGTTGGGTCCGGCCCGGACTAATGGCGTCCACAGTAGGGTACACAGCAGACGCTTTGATTCTAACCCCA,831,48.98,Drosophila melanogaster
SEQ_700245,ACCGCAATTTATAGATTCAATGAATGGTTTGGCCGGTATAGGCTCTTTCCCCCTTTCGCTTAAGATACGTGTGTAGAACCTTTTGGTAGTTCCCAATGCACACTTTTCCAAAAGTATAGTTGGCCAGCTTTTAGTGAAGGTGACACTACGTATACTTAGCTGCTAGGGCTCACGGCTCGCACCGAAGAAATCAAAATGTGCGGCTTAAATAATGACGGCGATTTATAGCATTGATGCTGTTACAACTACTCGCGCCGCGTATATCAGAGCCGTTGTAAGCTTGAATACCTCGTGGGGGAACCGACAGGTTCCTACGCATAATGTAAGACCCTACAGCTTCGTATAGGGTCGGCTGTCCGTCTCTCCACATTGAAAGTGCCATGTATAACAGCTACATATTTACGGGCACAGTGAACTCCGATGGTATATGATACTGCCAAACGGTGGGAAAAGCCAACGCGTGCAAGAGAGGTTCGTTAGATGTAACTGAGGTATAGTGATGGTCCGTACCTTGAGTTGTAGGTCATACTCCTCGCAGTGATATGAGTGAGGTCCGCTTAACTATTGGCAGGAAGACAAGAACGTACAGCGTCCTATATCGAACATGAGAAACATTTACGGGCGACTCCCATACGCTCTTGGGCAGCTGCACTCTCTTGAGCTCTAGCAATCGGAGCTGAGCCCTTTGAGATATTTACCATGACAGGCTACCCGATTCCTTGGCAACGTCACTCACAGCACACGAATACATACGACCTGAGTTCTCCGCAGAATGCCGGGGTCATCGTTCGTCGCCGGGTCGATTCCCGACCCCGAGCCCCCCAACAAGCTATTGCTAGAATCGTATTTCCTAACGATAAGCCTGAATATATTAACTTTTAGCCACTTGCCCTTGCACGTGGCTGAGTAATGCCGGGATTGACTTGATTTACAGCACACATTAAGGATGGGCTAAGCGAAAGATCAATTGCCAGCGGCAACTAACTCTAGTGTTCCCTAATGTACTGTGAGGGGCCTATTGGAAGGTGCTAACTGTTTTGGTGCAAAACCGAGCTCGCTCGTCCGGGAACGTGAAGCCAAGATGACGACATAATCGCGCTGATGGATTAAACCTGTTTCCGAATTCCCGGAGTCAACTTCCCCTTCGTAGGACTGACGTTACGGAGTCAAATTTCGATCGCCACCCCTCCATGAGGAGCCCGAGGACTCAAAATTAAGGCTGGCGACGCAAATATACATCCTTTTCGGCTTGAGTTCATAAGGGAGTGGGTTTAACACCAGCCCGACCCAGACCGCACAGTGACGACAGGGAGGTCGCCGGCGTCCTTTGCGTGTTCCGGTCTTACCGCTGGAGAAGAGTTCAGGTTTGCCGCTCGGTTTTTACTTTAGGCTGGTTGGGTCTAGGTATGCTAAGTTCACTGCGCACACGTATTCCGTCTCTAAACATCCCCAGTCTGCATGAGTTGTGGTATTGCGTAGTCCAGCTATTATTAGAAGTACTAATTCCAGTCCACGACGCC,1520,49.14,Saccharomyces cerevisiae
SEQ_896462,CCTATCCGTCCAGTTAATAGGTAAATCAATACAGTTCGCTCGTAACTCTATGTCGGCTATCAAGGTCGCCCATCAAATTTACGTCCTAGCCAGATCCGGGAGTGATCAATAGAGGGCCTCCATTCTGACCCGTGCCCACTTTTACCACGAGTTTTTCTAGTAAGTGTAAAATGCCCACGCAACTAGTGAACGGATTCATTCTCGGGGACGCGGTTGTAATGTAGACCCGAACGGTCTTGTGTAATGTCTCACCTTCTTACCGCCGTACCTAAAAGTAGAAGCGCTGCCGAAGGGTGGTTGTTTTTTTAAAGATGTAAGCTCCGCGATACCATCAACTATGACGTATCAGAATGAAGCGCTCAAGAAACGAATATATCCATGGAAGATAACCTGGACCTTGACATCAGATTGGGGAAGGGTGTACGCGTCAGCGAAATGATCCCGGTGCGATCCTTTTTGTTCATGCCCGCTAAAGTGGTAGGTTGGAGGTTTCCCACAGATCCATGTCTTCGCTTGGGGGCATACGCTCCACCAATACGGCCCTGGAAATAAGCCGACGAAAACCGGTTCTTCCATCCACTGCGTGGTAGTGGCGTCAATGCTTTTCTCTTTTGAGACAAGTCCCAGTTATATTTCTACCGCTTGCCGCATGGAACGGTTCAATGTTACCTGCCACCACTACAAAATACAGAGTTTTGCTCCGGATACTTTAAGCCCGTGGCTCACTCGAGCATAATGGGGCTTTTCAGGACTGTTCGCTCAAACGAGGATGTGATCCACCAATGGGGACCTACACTAAGGCGCCACAATAACTCATGGGTCTCAGGGACAACAACGGCCTCGACAGCAGGGACACGATACATGACGGTATTAATTTGTCGTCGGAACTCAGGCATGTTACATATTGGCAGCCAGCCGTCGAGGTGAAAAGCTTTTTGGCAAACTTTGTAGATCCACATACCGAAATCCTGACGATGGCCGTAGGTCCAGAGAGCTTATTTACATAGTCTTGTCGCTCCGCAGTATTGTGCTGTGATAAATGGTGGCGACAAAGCACACCGGCGTGAGACGCTATTTCTGTACTGATGGAACACCCCACCGGCCTCCTAGCTGAGGTGACTGGGTTTCCAGAGTTCCGTCCGTGCGGCTGTACAATCACTTCTAAAACTTAAATCGTCGGTGCAACTTATATACAGTAGTAGCAGACGAATTGACTTGTAGTAGTCTGGGGCATGGCGTGCCCGTGCTCGGCACACATTGGCGTCGCGACGTTGCAGTTGGGATTACTCCAGGGGTGGTGAGTGAAGGCTCACCTGAGTTCCGGGGGGATATTTGATTGTGCAGAATGAGGAAGGCCCGATACATCAAAAAGCATACCGAAATCATATCGAAAACAATATGCCCGCCAGTAATCCGCGCTATTACGCCGCACTTCACATGCGGATTTTGCAGAGGCACATCCGTCAGACGCTAGTCACTTCGTTAGACTTGGGGTTGTCCGTTATCCGCATAGTTACGTCACCGAGGTGAGCCTTGCTACCTAGGTCCATAGTCCATGGTCCTAGGTCATATGTACCACCATGTGGACATGCACCTACCTAACGTGGATAGAGACTGGGTTCTCCATGGCGGCCTTGTATGGGGTACCTAATTCGGTTC,1659,49.73,Caenorhabditis elegans
SEQ_124330,CTGCTTAATTCCTGTGCCTTTCCTGTGTTTTTCTTCTTGCTCTAAGGACCATCTTTCAATCCGACCTTGCGTGATAAATGCACGGGAATCCATAGCTCTGTCCAGGAAGGCGGATCTTTTTCAACGGAAAGCCCTGTCGCATGCTCATTTGTATCGCACAATCAAACCTTCCTACGCGGTGGGATGATTCTGCTGTTAATATGTTACAATAAAGGGCTCACTAAAACAAAAGCCTCCCGTTCATCCACCGTCAATTGCATATTCACGAGGAAGGAGCCGAGTTAGGAAAATGCGAATGGTTG,302,45.7,Arabidopsis thaliana
SEQ_976072,GTCTTACTCCCGACTGCTCAAGAAATGTGTGTTTTCATTACTCCCAGATTAAGTAAATATTGATGTATAACTCTATAATGTGTAACGTAGTGTGCTGGTCCTAGGCCCTCCAAGCCCTCCTTACACTGGAATTACACGGTAGAGGTAGGGAATATGAGAGACACACTCACCCTGCCTCGCGCTCTAAGCAAACTTCCTCCACAGACTAGGTCGCCGTAGGAGTATAATCTACCCCCGTCGAAAGACTTAATCTAGTCCAATGCAACCCGTGGAGACATTACGATCGCATAATTTTAGCGTTTGTGGTCAATTTGCTTAGATATGGATCCGTTC,333,45.05,Drosophila melanogaster
SEQ_699027,GGCTCCCTCAAACTACTGAAGATTTGGCGTAATAACTCGGTGCACCCCTAGGCAGATAAGGATGACAAATACTCACATTAAAGCAAGGATCGGAGCGGGCTGGCCGGAGTGATTGCGACTCCACCGCTACGTTACCTCCAGATAGGCCTACTAGGAGTAAATTGCTTCATGGTCACGATTAATGGCTGCTCAGGCTGATGTAAGGAAAGGAGAACCTGGTCGAAGTCGTATCGGACAGACTTTTCGCGTGTTCCAGCCCCATAACCGCACTCTTCGTCTAGCGAGCGCAGGGGATCCATCGCTTTCGACCGCATTTCTCACTAAACTGACCGTTAGGGGGCGAGCTCCCTAGATACTCAGTTAATGCCCGCGTCAGGCCCACAGCCACAAGCGATCACGGTTTAATAGCGATTGATACCGGCGACGAGGCTCCCTAAGAATGTCGCCATACTTGGAGGGCAGATTTGGTTACCGACTAGAGCGAACTAACTGGATCTATCGTCCCGTCTGAGGCGGCGAGTCAGGCTTGATAGTTCTCCCTGGATACCGGGTAATCGCAGCCGGACATCCGGAAGGACAAGCTCCTGGTAGGATTCTTCTACTAGGAGCGTTAATACCATTTGCACGTCTACTATGCTCTACGCGCTGGAGGTTATTCGGGGAAGCTGTTACACGCAGACATCAAAACATTTCTGCGGCAATTCTTTTTTGGTTTCGGCCCAGTGGCCTCCGCATAAGGGTGCATGTCAATCAACAAAGTGCCCACATTTTGCCTCTCACACGCTGCTCACAGGTAAGCCACTAAGACATGACTGTTCAGCACAACTTGCAAGGCTGACCTTCGCGGTCGAGGGCCTGCCAGACACTCGTGTATTATCTGTCAGATGGCAGTGGACCGTACTACTTAAGTGGGCCAGCACTGCTTCTTTGTGGTAGCCGGAGACGGCTAGTGGTTCTCATTGTATCGTCTTAGTTGCAGACCTCACCGAGGAAGCAAGAACACAAATAAAAAGCTGTAGATACACGCGCGATCGAATCTGGACGGATCCTATGTTTCAATATTACTCTTTAAAAAACAATATCGTCTCCTTCGCTCCGATGGCACAAGGACTGATGGCCCCCGCAGGCAATGTTGTATCTCATAGCGACAAGAGGAAAATAGGTGCAGATGGCTCAAATTGGTGGAAGAGCTACTCGAAGTACTAAGACCTCGGTGGACCGCTTGGGCTATGGCGTTGCACTTAGTTGAGAGCTGGTACAACCGAATATCAAGTATTATGGTGCTAGGAATTTTCCGCATGTACAGTGACTGTAAAACACTTCGTTACATAGAGCTGAGAGAGAAGGTGGTGCCCCCGCACGGTGGAGGGGTGCTCGAGCTGATTCAATAATGCTGCCCCGTACATACTACCAATACGTGAGTACGGCACATACTAGCGCGCAGCGAGCAATTCTACCAGATGCTACT,1468,50.82,Homo sapiens
SEQ_197135,AACGATAGACTTTATCAAAACACCACTTCCGGGTCAGTGTCGCTTAGGCATTTAGAGTCCGTAACAGCGGCAAGATAGCAAGAGACTCTCCAGTACGTTAAATGTGATCTTCCATTGCATATTCGGTAGGCCTATAGGGGCCACTGATGTACAATTTACAGACTAGCAAGTCACAGACACATGCCCCTTTTCGTTGGGCGACACTTGTGCGGAGCTAACCCCGGCCACGCTGATATGGCTTCTAGCAGCCTGATTGTGGGCGAGAACGATAAATGCGCGTCGTGTTAAGTTGCCGGTGGGGGCTACTTGGGACCGGGAACAGGAAGCCTTTAACCCCCGGCCCGCTCTTGTAAACACTCAACGGATATGTAGCTTGATGGCTTCTTGCGAAGAATCACCGGTTGACTCGATGCGATTAGAGGATTGCGGTTGATTTTGAAAGGACCGGGACTTAGGACAGCACCTTTACGTCCGGGCGTGAAAACACCAAAAAGTCTCTCGATGGCCAAGTCGCGCACAGCATTTTCTCCTTCCAAACCTACCTCCATTAGTAGCTCGGAGATGAGCTAGTAGACCCAACCCTGACCCCATTAAAGACCACAGTGGCCGTATAGCAGATTAAATGAGTACTTGGAGCTTGGCCCTGATATCCTTATATGGCCAATACGTCGATATTTCGGCGTTTAGCCACGGCGACTGCGGACCCCCGAGTTGTGGAGTTTCACGAAGTACACTAGTCTTCCGGACGACGAGTCCGTCCCGGTCTAGAAAGATAGGCGCGTTGTGTGTACTCGAGTGGAAAACAGTTATCGTACCCTTTACCATATGTGGACAACAGGTGTCTGAAGACCACGTCGGCTTTGCTCTATCAGAACTTTGACGCCCGCCCCTAGTCACGACACCACAAAGTGCCCCTAGTAGCTTATAGTTCGGGTAGCTAAGAGTAGACCGTCGTATCTGCTTTAAACTAAAAAGATGTTTGCAGGCGGCACGGCGATTCCTGCATGCTAAGAACTACGGGGGTGCGCAAGGATTATCAGGATAACATCTTGCTGAGGTTCAAAAGCAACGGCGGAGTGGATAACAGATATCGAATCTGCATTCACCATGCGAGATATAATGAGGCATCCGCTCCATCCCAGGTATTCTTCCAAAAGTTCCAGCGACCCCCATACACCCGCTTCAACGCTAAGGAATTTACAATTGCGCCGAAATTCCCGTGCTAAGACCCCTGCGCCTCCTAGTTTGCCAAATCGCTTGCTACTGTGGAATCCCAACTGAGGTCTGCAATTCTTCACTATCTCCATACTCGACCCATCTTAGGTCGATATGCAAACTTGTAGGCACGCAGTAAACGTTAACTCCTATAGAAGTGGATTCTGCGTGTGTCACGTCGAGGTTCCATTAGTTAATGAATCGGGGCTATACACTTCAAACTGTTCCGTATAGTATGTCCCTCTCTTTACGGAGTGCGTAAGTTGACCTCGAGCTCGCAGCACTCCGGGGCAAAACTAGAAAGGCGGTCAGAAGGTCGGGCATAGAAGGCAGGAGGCGTTTCCTGGAGGATAGACGTGTGTGAGATAGATGTTGTCGTCAAATGA,1601,49.91,Escherichia coli
SEQ_976630,GGGCTCAGTTGCGCTATTCTACTACGTATCTCAGGAAAATCTCCTCGGGTGGTAGAGAAGACAGTCGCTCCACTCTTCGGTACGCTAGCGAACGAATAAGAAAGTTCCCAGGCTGACCCTGTACAGGATGACCATAACAGTTAACGTCAAACCCGAGGGTACCTGAAGGCAAAGCACGACGATTTGTGTTTGGGAATGTGGGTAGCGTCACATGTCCGTGGTCGATATGTTGGGTGGAGTCGTATAAGACTAAGTACCCCGTGGCCCGGCAAAGTCATCAATAGAGTAATGTCCTAGTGGGAATAAAATCGTACTTGGAAAGTTGCGGTTTTAATCCTTTTTTGCCTCCATGGCAGGCCGTAAAGATAGGTCTAGGTGTAAGCGCGGCATCTATTTGGAGTTAAGTCCCCTAACCGGGGCTTTAGTCGTTTCTATACTTACGTAATGCCCTAAAATCGGTACTTCACGTGTCAGGACTCGGCAAATCTAGATCAGTGTGATTCGACATGTCTGCAAATCAGCCTTTGGACCTACATTGGAGATAAGGTGCCTAGAAGCACTGTTTTCATCAGAATATCCTACTTTAGATGAGGTTTCAGTGGTGCTACAAAACCATCCTACTCATGGTGGTAAAAAGACTTACAGGTGTCTGTTAACCAAGCTACAAATGGGGATGGCCGGTGTGAGGGGCAAGCATAAGACCTGTCGTCTCACCCTGCGCAACCGGCCTCGTTAGGCGCGCTTTCAGTTTTGCGAAATACTGATAAGGTTACACTGAATTAAATACAACAGTCGCCATTCGCTTGGCCGATTCTGACCACTACACCC,828,47.58,Homo sapiens
SEQ_643091,TATTAGAACCACAGTTGTGTCGGTGTAGCACCGTGCCCACGTCTCGAGCGTTACAGCCACACCGTAAACGGGATAAGTACCGATCTAGGAGGTAACTCGGAGGTAGTTCCCGTTGCAGAGCGCGGACCGCGCCCAAATTCGAGATCTATCGGTCATGCCCCCCGAACTAATCCGAGCAGGCGATTGGCTAAGACCCATGCCGCCAAATGTCTTGAGTAAGTAACCCCGGCTTTTCAGCAGGAATGTGTTGGTCAGCGAGGGCTGAGGTCTTCGTTAAGAAGTCACAAGGGCTTGACATGAAGCGAATGGACTGAATAACAGATAGGTGTGGAAGCAGCCACACAAGGTCCGCGTAGTGAGTATACTGCTTCCCCTACTTGGCATCGGGTGCGCTCGATTAAAGATATGTTAAGCATGATGATGGCAACGATCATGTCATAACACCATGGCTTCTGCAGGCCTGCGTGTCCTGCATCCTCTCCCTCCTCCGGTGCCGATGGTTCACATGGTATCCAAGCATCGTTACGGGCCAGACTCACACTCATGCTCCCCGATTTCGTAAAAACGCCAATGCGCTTGATAGGCCCCCTAAAAGAAAGCTTCTTTCAGGCCAGAGGTACTCCTCGGAGAATTCACTAATTTGCATAATCCCGACGAACTGTCAGCGCGGCACATCGCGAACAATACCGTTTTTTCGCATAGCATCACCCTAGTTCTCCGGCTGCCCTTGGTTCATCTTTCTATGTACCAATCACTATTTTGATACGTTAGGTCGCTAACATCCTAGTTTCCGCTCTTATTAGTAGGCCAAGAAGTCGGTATATTAGGGGATTCCGACACGACCGCCTTAGCAAAACTCCAACATTTGAAAGCCGATTAACACAGTACTTGTGCTTTTCTGGACAGGAAATTATCTAACGGCGCTCGACAAATTTCGTCATCAGAGCCGCCTTCGGCAGCCAATCAATATAAGACTGCCCACCGCCACCCTACTTACATGGAAAAACCGAGTTGCACGGCATCGGGAGCGACTAGCTGTTCGTGACGCATGAGAACCGTTGGACGACTGGTACCACCGGCTCCCACTCGTCCAATCCCCTAGCGTAACACTAAAACGACGAGGGAAAGCAAGATTTCTAGCATGGCTGTGCCCGCAGTCCTAGCACATGCCTTGGAAGTGTGGGTGGACAACTCGCGCACCCCCCCGAGGTTTCTGTACAAACTCCCCCGATGATGAGATTTAGGGCTTTTGATCTTGAACCATCTGATGCTGCTCCGGAATAGGCGACACGGCAAGCCTCTTCCGTTGCACTGACTCTCCCCGTCTACCGATTCTGAAAGAGTGAAACCTGTCCTCGCTACCAAGGATACTACCGTTTTAGCCTACGGGATGGGTTGGTTTTGCTAAACTCGT,1414,51.41,Mus musculus
SEQ_593233,GAACTGTAGTAGGATACGGTTACCCTCCGGGAATGCCCGCGTTTGTCTTAATCGAGTGGTACCGCGAAGATGGTCGAAGTATCATCCATGGCGCGCGGTGGGTAAACGCGCGGAAAGGCACCGTGTCAGTGAAAACACATGTGAAGCTGCACTAAGCTAACGAGCATAGTAACTGATCAATCCACGAGGTCTACTTGAGTGGGACACTGTTTGGCCGACATAAGCGTGCGAACATATTTCTCGTAGGCCACCGCCCGGGTTCTACGTTTAGCACGCACTGCGAGAGTACCCATGCGTGAAACCCCGAAATTTGCTGATGACGAATCTGCGGACCACCAGATCAAGTTTAGACCGAAAAATGTCCGAGTGCGGCAATTACCAGCCTAGGTAGATCTTCCAGCCGAGCGAGACCCTTGGCGTTTTCCGTACTTCAGACGCAGTTACGAGAGTGCTCTGCTCCCTAATTAGGTTATACCCTACACAGCAAGCATAGCCTCCGCCCCTAGGTCACTCACCGGAACGCTCTGAATACGAGAAGCTCAAAAAGGCCGGGAAAGGACTCGATGGACCCCCAGCTAAATCCGGCGG,588,53.23,Escherichia coli
SEQ_626526,CAGGCGGAGCTATGTATGGAGCTACATGGAGCCGGATCTGGTAGTGTATCCTCGCACGAGACGGAAATCAAATAGCAAACGTATCGCGGACCCTTTGGCCATAAAGGATGACACATAAGATCGCGTGTGAGACAGGTAATAGCAGTCTCCGACATCAGTCTACGTAGATTTTTCATCCGTACACCGGCAACTCCAGACCGCTCTGTCTAGTGGTGCTGCCCCCGGACAGGCCCCGGACATAAATAGCGGACTAATAGCTTGTTCACCCCCTGCGATCAGTTGCCAGTTGGTAGGCCGCAACAGTCCCGTGAAACCACTCTTCCAGAGTCGAATCTCTAGTCCTAACCTCGGCGTCTTTTTGCGACTCGGTACCCCAATTGTTGTTCGCTGACACCCCACCTATTGCTCAAAAGGCCAAAAGCTCCCCACCTTCACAACAAGCTGGTATAGGTATCGACATTTATACCGGCTACCACGTGGAGAGGGACTCATTGACACAGGTGATTAATGAGGCCTCCAGTGGCATCCCTCTGGCTGACGTTAGGATACACACTCAAAGAGACGACCCCGTTGCCTCGCCTTATACTACCATTACTTCGTTAGCGGAGTCGAGCATTTACCGAACAGCGAGTTATGATTCTTCCAAATCAGCCCCCGAGACGGAGGACCTGGAACACTCGACAATTAGCATTAATTGGAGCTTGCAGCGTCGCGGGGAGGTGTTCGATGCGTGGCATGTTTTTCCGAACCATAAATAGACGCATGTACGATCGATCGCCGGACGCCTTGGCCCTAACAGTGCGCTCTTCCACCCCACACTCCGTCCGCGGTTCAATCTGCCGCTTGCTGGCCCCCCAGCCATTAAAAAAGGCGCGATAATAGTAAGCCAAGTTTTAGCGTCTTCGGGCCAAGCAGGTATTGTATCCTGGTGAAGCGTCATCATTCATAAGATATGATCGAGTGGCTCTCTGTGATAACTGCCTGCGAATAGGCATTCAGTGTTACAGAGTAGCCCTACTCCAGAAGTATCGTCACGAGGCGAATCTGAGCTGGCTAACATTCCGAACGCATTAGACTTCGACCGCTGATACTGACGGCAGCACGCCGAAAAATACTTCTAGCCGGTGGTCTCCTATGATGTGGCCGTGCATTCCCTCGACCACCCCAGCAGCCTGGCATCTTTCGGTCCTTAGAGCTGCTCCGTATGTTACAGCTGATTCGCCTCACGAGAAATCGTTTAGGGTAGCTAACAGCAAAGTAGTTATGGGTTGCCTTGCGGATCTCACTATCTTGGGACGCTAGGCACTGTCCTCATAACATCGTTGTCCTAGCCATGGAACTGACTGTTGTGGAACAGAGCAGCGACTAATAATGTGTGTCACTAAGGGGATAGATGGTTTATGCACGCGAATGATAACGTTCAGCATTGCGGCGGGATGTAAAGATTTCATAATATGGCCCGCGGACAACGACATCCCGGCGGTCGAAATCGACTAATATTGGTGGGGTGTTTATGCTAAGTCGTAATTCGCCGCTA,1537,51.4,Homo sapiens
SEQ_529295,CGCAGAAGCTTAATCACCAGCGTCTAGCGTCAGACGTTTAGACAGACATCAACTTATATTTGCTATCGACGCGGCCGCGGTATACGAGAATGTTAATACAGTTCAGGCTGCCTGCACGGCGTGAGCGCTAAAGCCTTCCGCCAGTCATCAAAAGGAAGTCCGCACCGCATCTTTGTTTGAAATGCCACGATTGTACCGAATTCTGATTATTGAAATTTATGGGAGGGGGTTTCCTACTCATTCTTTCAGGGCCCACGGCAAGGCCTACTTTGGCGCGCAGCGCGCGGCACCAGCAGTCTCGACTCGTCGTTCACTCCGGTCTAGCCGACAGGCTAACGTTCGGAGCGACAAGTTGCGGCCGGCTAAAAGACCTTGCGCAGAACAGATCCTCCTGATAAAGTTTCGTTCGCGGGAGCGACGATATGTGGAGTTCAGGGCACACATTGATCCCAAATTACGGATACAGGGTTGCATTTAATTTTATTAACACCGGATGAACCCCCACTGTAACTACACACAATGTCAGATCGTGGACTGTTATCCTATGGGGGCATGTGTATAAGGAAGAAAATTACCCGCCGGTGTGTGTAGTGCGCAGTACACTGAGCGATGTTTCCACGAGGCCAAATAACGTCCTCCACGTCAATACTGTTTCTGAAAACTACACCTTTTTTTCCTGAGCTTACTGCAGCTCCGACGCTTCCCTGGAATTTTAATATCGTAAGGTTTTCGAGCCACTGAGGGTTTCAGAAATCACTGGTAGTCGGGATTCCGCACCGAAACTAACCTTTCCAAGGTACATCAGTCGAATAGGGCAGAGAGTAGGCGGGTCGACAGCATTGCGTCCCCATATGGGCGACGGTACTTATCAAACCCGCCCAGCTAAGAGTGAGTATGAACAAGAGTATAAGGGGTTTATTAAGCTGTCACGCGTCTCACAAAATCGGAGGTGCTGTACGTTACCATCTGAGTCACGGGCTAATTCGAGGTTATACGTGGCTCCCCCTCTCTGTGTGTTAGAAATATGGTTGGGTTTACTGCTCGCTCGAGGCCTCAACAAGTTTCAGCTCGACCCAAGTCTTATCTTCAACCTTGCGTTCGTAGGGCGGGGAGCTTGTTCGAGCCTGGTGGAATAATGGCTGGCGCTTACCATACGTCGTCGTCACTCAACGCTTGGCGTTCGTCGAACCTGCGCTTACGTATGCGTCGCCGCGAGCGCCTATA,1224,50.74,Arabidopsis thaliana
SEQ_447987,CCATGGATTGTACTACTGCACGCCGCAGATGCGACCGCTGCGTTCAGTTAGGGGGAGATTCTGTGAGCGCGATCGCGGGCCGCTGTGCTCGAGCTTTCCCGGGCAAAGATTCCCAAAGGGACCGCAGTAGCGCGGAAAGCGCGCAGCAGCGCAAGCGACACGACGTCCCCTACTCGAGCTCCTGGGTTCTCTTCCTTAGCAATTCGATACTTCATTACTCATCTACCCATTGCTCTTATTTGTTAACACGCGTGTACCGGTCCTTAAACACTAGGCTAAGCTTCCAATAGTATTTCGTAATAAAGGGCACAAGACCGGTCTACCAGCATCTATGTTGTTTTTCCGTCACTGAGCGATTTAGCCGCCCAAGGACTAGAGTTTGTATGAGGGCCCCTGTCCTCCAGAAGTGGCTACATCGACAAGGGACTTTCCCGAGTGTCTAG,443,53.27,Saccharomyces cerevisiae
SEQ_389800,ATGGCGGGCCATTTTCGACTGCAACCGTGACTCAGCCACGGTATCGAAGACAGCCAACAGTAAGGGAGTGCTGAACCTTGATCCAGTCCACTATTCCCTCACCTCTAGCTCCCGCACTTGGACCGGCAACACCTAGGGCGTCACCGTTGTACGCTCCCTTGTCCTATTGGAAGCCCATATAACACTTTGAATAGGAACTCTTGGGGCATGACCGCGGGAAATACCAAACCAAGAGTCCCCGACCCTCGCCGATGAAAACCAGTGGTATTTTCCCCTCACGGCCTACGGGCGCGGAAGAAATCATGAGAATACGCAACCCGTAGCTGGCGCCACTCTACGTGCCATCGTCGGGGCCATTTACCCTGCACATAATGGCCGAGGTACGTCTAGAAGCATTTGGGTCGGTCTCGAACTGTACCGGACTACCATTAGAGATCACCCTTCCGATGAAGAGGATTGCCGACACCCCTTTGCAAGCCCCGCCGTCTTCGTACGATCATGGGGATAGAGAAGGGCTTTTGCAGAGTTTTGAAGTGCTTGGTCCCGTGTTTCTATCTCCACCATCATGTGCGTCGTATGAACTGTTCGCCAATGAGTTTGAAAAGTAATTAAAGGCAAGTGTCTTGCTCTGAACGGACCCACCTATTGCATTGGGTTTATATATGCGTCATTTAGAGGCTAACAAAGGCTTAAAATTTATCATCCCTTGGTTTATTTCTGAAGAATCGGAAGTCATGCTAGCAGCCTTTAGCATCAAAACGATATTAGCGGACAAGGGCAATAGTCCGGAATTATGTACCGCGAACCGCAACACACATTTCTGTTCGCAAAAAGGAAAGTTGAGATTACCAAGTAAACATTAGCACGGCGGGACCGTAACGACCAAGTGAATCACGGGGCGCCCCCACGTTGCAGTTTGCACATCTCTGCCCACCTAAAGCATCACGTATCGTCACCTTGTACAATCACATGTCTTGTTCTGACGCCAGCGCTGGCGAGGCCGAGGTCATAGCAATCATTTGATCCATGCGTATTTGCAGAAGGGCCAGTTCCATCGGAGTAAAGGGTACGCTGCCCCGCGAGTACGTCGCGGATGAACGTGCGATTTTATCGGACCTATCCTGATTTTAATACCGCTGCGAATCATAAACTGTGACCGAAATTTGGTCGTTTGGGATAAATTGAACCTAATTGGGTTCCCACAAGTAGTATCCTCGGCCTTTGGTGGGAATAAAGTAATGTCCTAGCGAGAAGAGTCTCTTGTACTATCGCGTGAGATCGATGAAAGCCCGACCTTGTCTGCACTTGAGTAGGTTGTATTACGGCCACACTAGACAACGCTCCGTGAGACGTCCAGGAGTTACAATCATGCCCGCTCGAGTCTATGCAGTTCTCCACCGGGACACGATTGTAATTGGCGGCATCTTGCGCATTGGGAGAGTAT,1444,50.14,Caenorhabditis elegans
SEQ_110589,GACTGCTCTTCCCTTGCTGCACACTGAAAGTCCGGCTCGTAAAAGGAGTGTTTAGACTGATATGGCGGCCTATGATATCGGGTTTGATTCCACATTGGGGGTTGGGCCTCTCTCCAAATTCGTGCTCAAGATGAGCTGTGGTGGGTATGGGACGAATCCGCTATTTTCAAATCGTGAGCGGTTCAGTTTTATCCCCACCTTTCGGCGAATGGAGGGATGCCGGTATTAGACTGGGTATTCCGGTCCGGTGCGTCTGGCTAACCTCTGGAGTCGGGATTTCGTGAATTACTCCGATTGTTCGTAAGACGCTGCAACAGCGCAGAAGGAACATTAATTGAGCTTAGAAAGGCCACGACGAATTTTCAAGACCCACCCGTCTCCGATAATATACGGGTCCTCCCCTAACCTAAGGCACTGAGTCGCGGCGCGTTGGAT,435,51.49,Saccharomyces cerevisiae
SEQ_779931,GATTGTATTAAAAACGCGTACTGGTTAAGATTCCCGCCACAAGTATGTGAAGACAAAGTGCGGGTGCTATGTTTAAGACCAGGCCGCACAGGAGAAGGAAAAACGTTTTGCCACGTCGAGGCGCAAATTGCAGTACCATCGCCATCCTTTGCTACCCGAAGTTTCATCTTAATGGGTCTCACAGAGAGCATAAGCCTCAAGGTCAATTAATGCAGAGGGTGCAATCTGCCGCTTGGCGTCTGGTAAACGATTCTGATGCCTTATTCAGTACAGGATGATTCCAGTTAACCTCAGTTCGTCGG,302,47.35,Mus musculus
SEQ_502243,GTTCACATGGTAGGCAAGCTGCAATACGGCCGCAGCGTTTCATGAGTCTATTCTAGATGATACAGGACGGCCTTTGACGAGACGAAGGTAGCACCCACAATCCCGTTTCCCATGGTTACGTCCGGGCCATTGTTGGATTCAAGCAACTCTTACGGTCGTGTAGAACTAAGATCGCCTCGGGCGGAGTAAGCGCTTTCTCGTGCATTGTCCGATGTGTACCCTGGACATGTAACGGCGATAGTTTGGCCAGGATCTTGAGTGGGGTCCGCTCCATGTTCGTCAGGCTTTGTGAAACCGGGCTCTCTCGGTGGGATATGCGATGTTCCTGCCCAGGTCTGATTTAAGCCATGTGTCTTAATAGCGAACTTTGAGACTCCATTGCTAAATCCATAGTCTTGCTTTTAGTGGGCTCATCCTGCTTGGGCTATTAGTCTTACAATTCAATTCTCGGCCTCCTGAAGTCATTGGCCCGTAGTTGATATCCGAGAGTATTAGGGACACACCCCCGATTGGATCTGTGGCCTTGAGTGAATTTCACATGACTAGCATTGATTCTGTTCCTGAACGTAGGCATATTTACCAATCTTTCAGTGACTACACCGAACCGGGGTACGCTAACCCAGGGGCCACCGCGTAGCCCATAGTACAACGAAGAATCAAGCTTACCTAGAGGGGCTACGGCGAGATTTGCGGCTGAACCGTCCTAGGATTGGCATTTGCTAGGTAACCTTGGCCTAATAGATAGACCTCGAGCACGAACCAGCGATACAAAACGCATGTTTGCTACCCCTAGCCGTCACACCAGTTACACACCACCGGCACTATAGTGCTCTAATGACGTCGAGCTAGTCGCCTTAAAGACAGTAACGTAAGCGACTACAAAAAAGGTAGAGTTCCAACTGACCGAGTAGTTGACGGGAAGGCCTCCCGCTTTTATAGCCCTACGTTTGCCCTCATTCCGATGACAACGCGCCCGCTTGAAAGGACACGCCCAGAAGCTAACCCAACGGCAGGAAAGGAGCCCTAACCCAAACGTCTGAACGATGGTCTCTTGTCGTTGTGACCGTTTGGATGGTTGGGAGGTCCGGAACCTGAATTCGGGCCGACGGAAGTGATGCCGCCCCGTGTCAGTCGATGGGATCTGTTAGCGTAAAGAATTTCCGGAGAACGGTTTTGAACGTTCGACCTCAGTGAACTTTCTAGTGTGCACCAGTTGGAGGTGGACGCTCGGACTAACCACTGTGTTCAGGCGTGCAGGCGCCGTTCAGTAAGATCATTCTCTAGCCGCATCTCCGGCGTGCGGAACCGAGGCTTTCCGGTATACACCGGACAGTTCTATGGGCTAAGCGGTTCTTGCCATACCACCCAGAACCTGGGTGGATCCTAAAAGTCAGTCATGTCCACTGAACAGAGTCCCTATCTCCCGGAAGTGAGGGTTCTGATGGGGCCGCATCAGTATCGAGGTATCATTACGAAAAGGTTTCGAACCAGGTTTGGTGGAGAGGCAAAGACCGTCCAAACCAGACTACAGTTCCTAAGTCCTGTTCCGGCTGATCTATGAGGTTATCACGCGTTCAACAGATGCAAAACTCTTGAAGGGAATTCATTCAATTGTATTCGCCATATTACCGTCCTTGTTGCGCACATACACTCCGTGGACTACGTCCAATCTCCTCCAAAGACATAGGGTGTGACGCACCCTTTGAGACTCCCGCTAGGTTGCGTTCAGATGGCTTGCACTGCCGGTGGGCAGTGTAGAACACGGCACTGAGCAAACTAATTCACTGAGAAGCATCGTGTGAACGATGAAGTCGCGAAGAGCCCGCGATTAGTCTGCACCAATCTTTGCGCTAATGCTCTGCAACATATCACCGGCGTGTGTCGCACAAGTAAGTCCAGACTCCCAAGATGTTTCTAGTAGCCTCAGACGGGCCCATA,1938,51.44,Saccharomyces cerevisiae
SEQ_463977,TCTTCATTGACTCGAACCGATGAGTCCGCGTTACGGGGCACTCCGAGGGAAAGCGGACCTGCGCACATACTTAGAGTCACAAGGAAGATTGTATGGGATGTCTGTGCCGATCATTGATGACGGTGCGGTGGTCCTACATCTAGCTTTTGGACGCAGAGATGATCTCTATCCCGATATCTATTAATAAGCTACGCCATTGTATTACGCCTGTCCGACCCTAATGGAACAACGGTCATGATGTATGGAGTGCGTCGATAACTTCCACATCCACCGTATCGCATCCCGTCCAGACCGCGAAATAGATGGAAAGCATACGGCACGTATACAGGTTTGCCAAACTTAAGTACGTCTCCCGGTATTATTAGTAACGGGCCATCGATTATCACAACCGTTAAGCCTTGCGTCTGTACTGTGAAACGCTCTACGTTCGGGCAAAGTGCGTGCATCAGTATACTGCTCTTACTGCACATTTCTATCTGCATTTCTAGAATGTCCTTACGCAAGAATCCTCCTGTACCTGACGAACCTTTCACGACAGGTCGCGGGCAGCGGGAATGTTAGCCTAGCCTCAAGTCAACTATAAACGCAGTTAAATGTCCCTGGCTTGCCCGTAGAGTCTCGCAATGCTCTACCGGCCCGTTTTGAGGGTAATCACTTCACTAAGTCATCGGTAGGGATCGCAGGACTCTAAGATCACCGGCTAGTAGTGTTACCCTTACAATAATCCTAAGAAATACAAAGACGGCCGCAAACCAGCGCACCGCAGTCAGACGGAAATATCATCATAACTCTTCACTACGGGACCTCTACCAAGTAAGATTGATTGGTTTGTCACTCGGCAAGACTTGACCGTGCATCATCACAAGTGTAAGGGGCCTGTTCGACACGTACGCCAGTGACAATAATAGCACGACAGCAGTACGGTGCATCGTATTGGTTGCAC,943,48.89,Arabidopsis thaliana
SEQ_142978,AGGCTGTATCTCTGCGGTCACAGGTCGTAGGCATTTCCAGTGCCACTGGACAATCGGTGCTCATTGTTATCCGGACGACGGCACCCCGCGACTAACAGGTCGCCTCCGAGGCTGCTGGCCTGTCGAATGAAAGCAGCTTCTATACTACGCCTCAGTTGACATGTGATCCCGCAGTCGCGAAACTCGGAACACAAATTTAACCGAGGGTTGTTCGTGGCCGCGATGGCATGGCTGCTGTACGCTATATGCGCATTCCACGCAAGCCGTGTCACGGCACGTACACTCTCGATGAAGTCAGGAGTATATTTACATGCCCCCTGGTTGGGGTACCGTGTTGCTTAAAGATTGGCCGCCACGTGGACGTACGTGACCCCCCGACCGTGCCTATTTGGTTACCTAAACAGCGATTCCCTGGCTGCAGAACCTAGCAGTATGAGGTTGGTGCTTGACGACAGGCAAAGGCTTTGGCAGGGTCACACGCCTCAACAGGCAGTCCTATTTTAATATTGAGTGTATACAGTCAAATTGCGGGGCGGACCCATCGTAGTCAGCTTCGATAGCAAACTGAGCTCAAACCTGACGTTGCTCTCCCCGCCCGCATTATGCGTTCGTCTCGGGACTTGGATATTAGACAAACTGTGCCGTGATTGGATTCGTCCTCAGAATCATGGCTGACCAACACCAGGGAAGATTCGGCCCTATCCCGACGGTGGGTACATGATATAGAATGTCAAAGGGTATTTAGGAACAAAAGCAACGCGGCCTCCCACTCCATCTTAACGCGATCTATCAAAGAGCCCTCCTTTTGCAAATACGAATTCATAGCACATTCCGGACTCACAAGCTGCTCTTTGAGTTCTGTCCGCGACTTTGCTCGAGAAGTAGT,886,52.48,Caenorhabditis elegans
SEQ_421869,TCCCAGGGCGGTTCATTACGTTATGCCATTGTACAGCTATAGACTTTGTTTGGGACAGGAAATGCCAACGGATTTATTCTGGCGATGTGTCTTTCTTGCTGACAAAAGCAACGCGGGGGTCATCCCAGTCACAGCACGGCAAATCCGTGCCTGCGGGATAAGTTCACGCGCTAGGTACCATCCTTATGTAGTATAAGGCGGTCTGCATGGAGTTGATGTGCAAGACTACGGTGGCTTAACCCGAGGTTAGTCATCTTCCACAGCAAGTGACCGGAGTATCAGACTATTTCAGAAGAAGTATACATACTGTACGATGCGAGGTAGCACCGTTTTCTGTATCCATCTTGCTCAATAGTTTGCTTAACTACACGCCTGACATCCCAGAGACTAACATGTTCCCAAATCCGTCGGAACTCTACTAACAAACGGGACTGATGTTATCACTTGAGGGTAATTCACCGTCCCCAGTTTCGGAACCGAGAATTGCCACGTCAGGTTCTAGGTACAACAAATATAAAAAAATTTAAAGTTCACCCCGAATTCAGGGGATCCCGCAAGCATCGAAATGTGGATATTTTGCTCCCAGCGAACTTCCTAACTAGTCCTTATCCAATAACGATGATGAAGCGAGGTGACCCATCAACAGGAGGAACGTATCACTGCATGGATACGAAGTGGTAAGGTGAAGAATGGGAGTCTGTACTAGTAGCTTATTGCTTCGAGGCGACCCTAGCTCTAGAGAGCTCCCGCCGAGGACCGCTACTAGGGGAATCGAGAGCGCAGGTTAACGTAGTATAATTGTTCTGCTGGTTTATGTTCCGCTGACGGCGTGAATAAAACGGCTTTTAAAACAGTGTGGGTGTCCATAAAAGAGACTGTCTACCTACGTCCAAGCAAATTCGATTAGGATTATCACTAATGTAATAGTGTTGGCATTTGTAACAAAAGCAGAATCAGGCGGCTGT,965,46.42,Drosophila melanogaster
SEQ_732131,TTCATCTGGGCCAAATTTAGACGGGGGCCTTTGTACTAGAACGAGCCCTCCTGACTGTCGATTCCTCTGAATGAAGTCGAAACGACTGACCATCGAAGACTCATAGCAAGTGGCGCAGGCTATACCTATGTGTGAATGCATAGGCGTGCATCGCCCTAAGGGACAGACCAAGGCCGCACCAGCGTGTGCTAAGGGGATGTGGTCGTAGAAAAAATGGCCGGCCTTACTAATTTGGACGAAATGGCGTTGTTTTACCGAATACTCGCTGGCCTTCACTGACGGCGGGTGGCACCAGATGACACTCGGGCAATCCAACTATCAAAATCACACTAGAAGCACTTCTAATCCCGCCGTGGCCGCCGTTCAAATGTCGGTATAGCAGTTTCCGTCCGGGTCTTCTACCTCTGCTGTTATATGCTCCGAAGAGTGGGGTTTACCCCTACCCCTGGGTTTATGAACTGCTCGGCCCGCCCTTCTGTAGGAGGTCAGCAATCGTTGTGAGTGTCCGCTAAGCATGCATTAGAAATCCTAGATCACTGTTTACAGGGATACGCAACTCTTCGCTACAAGCTTGACGATTGGGTACAGAACAGTTGCGTGCTGGTTACGGACTATTAGACATCTTTTACAAGTTGCGTCTCCTCAAAGCCAGGATTCAAACCCAAGTTGACGTTATTGAAGAATCCCCCTACTTAAACGACGGTGCCAGATGGCTCGCGCAGATATAAGCCATAAGTGAGGCCTTAGGTTCGCCTTTTAGTGCCCTCGAGACCCTAAGGGTAGACTTTGACACTTTGTGGTTGCGGCACTGCAGGTGGGACCCTGAGACCTACGTCAGGTGGTTTGGAACTTTTCGTACCCATGCAGCAATTAATAAAAGCTGCCATTCTGGCACCTTGTGAGTCCGCGTCAGACCGCCTGGCCGCTTACAGTTGCCTCCTATTTGTGCTATGGGTAAG,959,51.09,Drosophila melanogaster
SEQ_820821,GAGTGCTTGAATGTTTCGGATAGAAACAAGTTTACGCAGGCAGTTTACCGCACTTATAATGGACAATAGGTGCCGAAATCGGTATGCGGCAGGTGCGGTCGAGGCTACTGTTGCCAGATACGCCGAACCAGAGAATCCTTGAAACACGGTCGCGTTCCTATGTACTTACCCCGTACGGCTCCATCCCTCTACATGGGGCGGCCCTGAGTAACTGCCAGAGGATGGAT,227,52.42,Escherichia coli
SEQ_587591,ATTTCCAAGCGTGCTGTGTTCACCCTCATGAGCTGTAAGTCCTGATCGAGTTATGCGTGTGTTTTATCCAATATTCCAAACGTTTTGCACCCGGCCGAAATCGTGTGGACTCGCGAGAAGCATGTCTTGAGGGCAACCGCATTATGAGGCTACCATGAGATTAGGCACCGGTCTCACCTCGCAGATATCGGCATTAGTCACCGGTCTGGAAAATCTGTAGTGGCTAGTTGGTTGCCTTGGTTACGGAAAGGTGAGCTGCTGCGGCCCCTACTTGCTCGAACACTACAAATAGGGCGGAAACCGGGCTGCTTATACATGAAAAAGGTACTATGGACTCAGCCGGCGTGGCCACACGCACATTGGGATCCGAGGAAATTGGATGTTCATCGCATTGGCAAAATACCGGCATTATTGTGCAAATCGATCGGCCTCTTGCCCTCCGATCGCTACCCCAGCCATTCTTAATTCCGTGTATGGGCAAGACCGCCTGTTAGGTATACCCCACGACAATGTTCGTCAGGTGATGACAGGGAACCGAAAATAAGTGGGGCCTCCCCGCAAATAGAACCCACGTTTCTGTAGTGCTAATGACACTGAATGCTAGGGAGTCGCCCTGTATGGCTCCCTAACTACTTCGTGGAAGTAATTGTTAACGGCGGTATCGAAGCAATACACAGTAAATAAACTCAGGACACCCCTTAAAAGATCAGATATCTCAGGGCCACGATAGAGACAAGTAATTGGTGCCCTACATACCTAGACGCGTGCAAAACTGGTGAGGTATGCGGTCCAAACTGTATTGTGTGGGTCCTGCGTGTGAGCCACGTCCTGCTTGCGTAGTCCGCCTTTTTTTCTTCATAAAGCGTTCTAGATCCGATTATCTCCGGGCGGTGGGGAGTGGTTGCGGGCATTCTGCCATGTCCCGAGAATTGGAATTGTACCTGGACGTGAAGCTCACCTCATGCTTCAATGCATTAATGTCGAATCCCACCTCCAGGCTGTATAAAGTTCTTATCGGGGAAACCAGAGTTAGTCCTCTCCCTTACCATAGCCACTCGGCAGCGACAGCCATAACGGCAGTCCTCTTAATCAGAGGATAATCGCACGGTGGATCGTGAACAGCATAGTTCGCTCACTCTGTGTCTAATATAGGCACGTTTATCTTGATGCTATGGCGTCCAACACGGGCGCCCTAAGTTCGACAGGTATGAACTCCCAGTCAT,1223,50.2,Mus musculus
SEQ_713927,ACAAACGCTCTCACTCTCTGGGACGCGCTTAGGGCTAGCCACAGAATCGCATGTCTCAGACTAGTGCATCCATAGTAATGAAAGTGAGGCGGCGTTCTTAACTGCCCGGGTCAACTGTTCACCGAACGTACCTAACAGGCGCCCGGCGGTCATGTACCAGATCGCCCAAGCCTGCGGAAATAAAGGTGCTCACTGTTCCGATAGGTGGGGATAAAGTTGAATGAGCAAAACATGGGAGTAGTACGTAAATCTTCGCCTGCCTCAAGTCACGACCGGAGTGCGAGTGTCTATACGTTGTGTTGATTATGCACCGAGATGATATACGCGGCCATGAATATGAAACTACAAAGCGTAGCGCCTAGATGAGGCGGGAGCTTTTAGGCCTGTAAGCATATTTAATATACATGAGCAC,412,50.0,Drosophila melanogaster
SEQ_405560,CGATCATTCTCGCCCCCGCCTAAGGAATTCCCTACTAATAGTTGCCTATGTAATTGTGAGTGCGTTCCACCTGTGTCCCATGCGAATCCACGATACTAAGTTATAGAAGGAGTTGGATAGATGTAGAGAGTCACGCTGCCGTTTTGTTTCTAATCGCATGGTGTGGAAAAAGCGGACAAAGTAAATTATTCTCAAGTTGGGTCGTCAGTTAGGGGGTTCGCCTACGCGTTGCATCTAGTTCCCAAGCAACTGTGAATTTACCCTTACAAGGCATGGCGAAAAGTATTATCCTCTTCTTCGGTCTCCTTATTGATAAGACTTATGCTCTCAACCTTATTTTTCATCCAGTTCGACAGGTGGTAAACACAGTTCGAAGGCTACGGAGCAGGTGGATTCGGATTGAGACATGTCTCCTATTGAACCAGATCCGCGCACTAAATGCGAGGAACGCGCCCTCTAGAACTTCTCGTGTCCCACCCATGGTCTGAGAAGGCACTGTAGTCCTCACATGTATAGGAAGTACCCCACAAGCGAGGTAAGTCGGGACCGTCCATGGAGCTTAGTTCACGTCAAGGCACATTGCGACCTGCGAGAAGTCGGTTGCCATAGTCTCAAGCCAAGGGGAAGTCTAGAATTCTCCTGGGAATCCGGAAGTTCATTAATCTACGTGCGCGCGGTATCAGTTAAGACCAACTACCTTATCGCAGCCTCCGTGAATCAAGGGCTTGACTCTCACATTACAATATCTGGGATGACCTATTACTAACGAGGGCGCCGCTTGAAGCTCCATGATTCTGAACAACCCTCCAGCTACGATCGGGTTAATAACCGCATCACATGGACAACTATAGGTTTCAATACTACCTAGGATTGTTGACTATTGTCACGGCATAGACCCGTTTACGTTAGGCGGTATAGACATTTTTGCGCCGCGAGGTTGTAGAAAAAGACTCATTGATACTAACAGTTTATCATACAGCAGCAACTTCTGTGGAACATTAGCGTATATGTTTTGATTAAGTGTGCAAGTTTAGGGGCAAGCGAATAGCAGATACCGAGCTGCCCTTAGTCTTTGCAAGTATTTCTTCCGCTAGCAACAAGTATCTAGATCTCAGCGGGATTTTGATTAAATAGGGCGTCCTCTGCCCCCACTGTTGTTACTTGTAGCACAATCAATAGATGACGCCTTAAGAGCGCACTGACCAGACGCCCTTACTGGTAAGCAGAACAGAGGACCTTCAGACCTAGAAACCGTGAGGTGAAACCGTCAAAGAACGAGTTAGCGGTGATAATCGCGGAAGGCGGGCCAGCCGGTCAGGATGCCCAACGTAGTGTCAAAGAAGTGGCTGACCAATAATATGCCTACCGTGTCTACTCCCGGGACGGGGCGACGCGAATCTGAGAGGTACCGGGGGAATAGTAGTGTAAGGGACACGTGTAATTAAAGCCTGGAAGGTCCTGGAGTGCGTCAGTCATCTTATAAAGCTGGGAAAAACCAGCGTGGGATACGCTACTGCTTCTTCGAAAGTTCGTCTAACGGAAGACAAGTCCACCTTCTACAGAGGAGGTCAGCTTAACGTCGACTGTATTCATCTATACGCGGTAAGAGGAGCGTATCAGTATACTCGGGATGGCGTGTCTGTAATGAGACACTGTGATTGGCCGCAGGACTCTCAAAGTTATTAATTGCGTAATAACAAGAGGGAATAACGTATTGAATCGGCATGGACAGGACTACGTGTGTGTCGCGGGAAACAG,1758,47.84,Drosophila melanogaster
SEQ_109740,AACTCGGTTCGGACTCCTAATAAGGGTAGCAACGTTACCAAGTGCCCCTTAACGGCTCGCTGAACCACGGTTAGGGTCCTCAGCTCTGCCTAGAGGCAGGGGCACATTATTAACGTTGTGATTGGAGGTCTGATAACGAGTTTCATCTGGGCGGCCACAGTATCACACCAGGAGAGGAAGGGGGCCAGAACATGAAGATAAGACTACTGACGCAGTTCCAGGAAGGATCTCCATATTCTACGAGGAGACCTACACCTTTTGTCGTATACCGGAGGTCATGTAGACCATAGTCCATCAATGCTGTATGAAGCAGTCTG,317,50.47,Saccharomyces cerevisiae
SEQ_707400,TATAACCGACTATACCTATGGTTGACCGCAATAGCACCTCACCGTACATCGAGTTTGGAAGTCGCGTACTCACTCGTAAAACGTCATGCGCCGTTATCGTAATGCTGCCGTATGTCCGTTATAACCAGACTGCAACTCGAACCTCGGGGTAATTAGGGGCAAACTGTTAGGCTTTTAAACTCTCAAGAGCTAACGGCTTAGAGATAGATCGGTGTGAGTTCTCAGAGTGGCTTCATTCAGGAAATGTGTTCCTGCGTTCCGTAGAGACCTGGAGAAGAGTTGTCTTTGGCACCAGATACACACAAACCATGCGCGCTTTATACGAGTTATAGCGTGAGATTTACGCTTTGGATACGCTGGAAAAGCGCGCTACCGGATCTTGTCATTGTAAAAAGGTACCTTCGACGATGTGAGTGTGCACCAGAGCACTCCGCCGGTGTAATGGGGCCTAGGTGCTGCCTCAGGGCACGATGGAGCGCATGAGTCGCTGGTATCACAAACCTAAACTGAAAAGAGACCCTGCCACCACGTAGCTGATAGCCTTCATGTATACGGGGGCTTGTCTATTGGGGGTATTTATAGCGGTGTCAGACACCACTGCCAGGACGTCTTACACTTGGGGTACTTCGTGCCATGGGGCTGCTCACATCTGTGGTATTCTCCACGGCGCTTTTGAGCCACTCGCCACTACCGGCGTAGACGCTCTAATTTCACCCATACAATACACGAGTTAATGAAGTAGCTTGACAAATGAAGAGGCGGTCTCAGTACGATGAGCGAAGATCCGTCTCGTATATAGGGTGGATGGCTCACAGCGGGGGTTAATGCAGACGACGAGACTGTCTCTGCCGCGACGGATTCCACAATCTTCGGTAGCTCTTAATGCTGGTAATGTTGGTTGCATTCAAAACCGGTTCTGGAAAAGTCTCGTGCGGCCAACCACTCAGTAGGAAACTACACAGATCATTATTATGGCTACGGACAATCCACAGTAGGAGCGTAAGTAGAAGCCACTCGTTCAGTCTCGCACGAGGGTAGCGGCAATAGATGTCTAGTCTCGGCTAGAAGGCTTAACCGACCGATCAATGCTACGTTCTATTCCTCCCCCGCAAATTTAGCTTGCCTCTTCTTGTGTGATGTACCACAGGAGTATACCGGGGTCTAACCTCGCCTATATGGCCACTAGATAGAGAACGGTGGTTTCACCAACGGCACAACGTTGTTTCTGCATACAAGGTCGGTACGCCCACCTAATAACCTGCAATGAACCTATTCTGTTAGGCTGGTTTCGGTGGCGGTTATGCAGAAGCCCCCTTCTTGATGTATCAATCCTTATCACTCCCCATAGACGTATTTTGTAATTGCAAGGCCAGGTAGAGTTGTGGAATGTGGATGGTGTGAGAGACGTCTACACTAAAGCTCACTAGAGCGAGCACCAAAAGGTCCGTGAACTCATACGGATTCTAGCTCCGCTTTGCCTAACTTAATTGTTTGTAGTTTGCCAAGTGCGATCAAAACTATTCTTCTATCACATCCCTTCGCGCGAATGGACAGAGTCTACCGGCACGAGACAGCGCACCTCTATACATCAACATGAGGGGTGTTTAAACTGTAAGTGTTTTAATCCTACCAGGTATATATAATGGGTCAATCGAAATATGGACCGAAATTATAGAATAGCGGCGGCGCGCTTCTTCCCTCTCAAGGTTCTATGCCGTAAGTGACGCACCCA,1732,48.9,Escherichia coli
SEQ_633894,GGACTGAACATACCAGACCCTATCCTTATCCCACGCCACTGAACCCTAATCGAGTCATTCCCCGTAAAGCAACGCTAGCGTGGGCACAGCAGGAGAATGGCGGTTACCTAGATAAGAAAATGCAGCAGGCTGGAGAGGAATCCGCTCCTCACAACGGGCGAGATTTACCCTGTCAGGAGGGGCCATATTGAGGCTGGTCTCTAATTCTCAAGTTCCCGGAAGGTGCGCTCCCATGAGTATATGGTTCGCTAACTTGTATGGCCTCTGACGGAAAAGTAACCAGACTAAATGCAGAGCAAGGCGTGCCCCGACCCGACATGTGAAGCCAGACCCACAACGCTTTGGTACCAGTTTACTCAATGAAGACTCCAGGTAGAGTGCATGCTGGTCGTGATGTCCTAAGGGTAAAGGCATAACGATCGGGCATTAGACGGCCTACTCTTTTGTACATGGCTGGTGACAAACTCGACCTTTAAAACTCAGCCGGCAACAAATAAGCATTACACCGCCGTACCAATTGTCATGGCTATTCTACGCATGGTCCATAGTAAGGTTTCTATGCCGAACTTGTATCCGTACGAAAGAACAGCAATAACCGTTATTGTATTGTTGATGAGGGCGCACGGTGGGATTCTTACGACACGAAGTTCGAGAACACTTAGACTTCATAATCGCCGTATTAACGGATAGAAAAGGGCTCATCATGATCTGGGATGAGTTCCAATAGTGCACTTTCCCGTCCCATGCGTACAAAAGATCCCCGATGCTGCACCCGGTGGGAAGCGGTTCTGCTAGAAATTTCT,803,49.44,Caenorhabditis elegans
SEQ_739279,TTGTTTGATTACAACAGCTAAGCCGTCCATGCGCCATCTACGTCCGTGCAGTGATGGCGGTTTCTCGAGCAGCCGGAGGTGCTTAAAAATGAGGATGTTTCCGAGCAGGTAAGTGAACGTCGGCGCACCAAGATACACATCTAGAACGTACTCCCCTGGAGGGCGTCTCCGATGCCGATAGCCGTACTTGTATAGACTTGAGCAGAGTGGATACAGTCTAATTTGAGACTCTTGCCCGTACGCAGGCCGGTTTACTGCGCACTATCGCCTAGGACTCGGGTCCGGACTGGCCTAAACTGCAGACTTGCGTCTCTCTCTCATCCAAGTTCCTCCAAATCCGGGAGACTCGCCTTGCTGCACCCTGCAAGAGGCATATTACCCTTTTAGTACGCTCGGGTACAGCCCATTCGATCGCCCCAATATTAAGCAGTTGAGGTACCCAGAACCATTGAATTATTACCATGGCGCGCTTAGGAATGTGTGGGAGAAATTGGTCTACGAAGACAATTCGTCGATATCTGGAAATCCTAGATACCGATTAATGTCAAGCTGTAGCTGTCTGTGAGCTTGTTCGTGGGAATATTTACTTCTCTTTTGAGCGAGCCAGGCGTGTCGAGGCTACACTGGCCAGGAATTAGTCAATTGTCGCCTTCGCCGGGGTTCTAGAAAGATTATCAAAACGAGGCCAACCTTATCATTCCCCCAGAGTCCGCTTGCGAATTACCAATGGAGCAGAATTACCGTACACACTTAGCCATCCACCGCTGACTTTAATTCCGACGAGACCCCCAATGATTTCTGTTGGCGAGCGCGCCCCGGC,820,51.1,Arabidopsis thaliana
SEQ_155545,TAAGACTTCCACTGTTAGGTTTTAGCACGTAATACACTTGGCTCGTTTTCGTCGAAGCACGGTCCAGCGCGTTTATCGGGCCCCTCAGATCACCTAACTGCGGCCTATTTGATGGCATCCCTACGTCTTTACGGGCCTATTAAGCTGATGGCCCGTGGGGCTCTGGCCAGCCCCTTTGTTCGGTAAAGTGGCTTGGACGGAGACAGGTATTGAGGGCACCCACCGCAGATTCCAACACGGACAAGGCCGTTGATGATCTGGTACGAACGTAAGTTTAAGTGGGCCACCGTACTGATCAGAGCTCCACCGTGAAGTATACACGGTTACCTAATCCTACATACAACTTGGTCCAGCGATACGGACTCTGGAGTCCCCGTGATAGCTGGGGTTTGCTCCTTTATAACATGCTACGAGTATTTCTGACTGAGAAATAGACATCACGCGGACGTAGCCCTCCCTCTTGAGTTTCGCGCGACGCTGGGTTAACGTGATATCATAGAAGTAGTTAACTTGGGTACTAACTCAGTTAAGGATGTCTGAACCCTACAAAGGGCTGGAAACGACCAAGGGAACTGGGTGCTCCCCTTTAGATTCTACAAAGTCACGAGGCGGGCCCACCCTAAACAAATGCACCATCTAAAAGCCGTCCCCCTGTTCTGATAGGGCGGGGTATCTGCGGGGAGATCTACCGTTCAAGGAGCTAGCTAAGAAATAGCCATTTGTCTAAATTGTGAGAATGATGATCAATTCTATTGGTCTTCGAAGATCGATTTGGGGCTAGGTTAAATACTTGGTAACTGGGCAAATGCTCACATACAATACTCGCATCGTACAGAAATCGTATCCGGGACAATATATCAACGGTATAGGTCGTGTCGATGACCCGGCTTTCACGAGGGCAGTTACGTTGCACACCTCAACGGCGTAAATTGGACTAACATTGCCGAGATATTGGCCGAAAGCCTTACGACGACCCCCTCAGATAACTGCCCTCTGGTACCTACTTTT,1008,49.6,Drosophila melanogaster
SEQ_182120,GAAATTGACCCTGGCTAAATCCTGCAGCATTAGTATCGCCGATTAGTACGCTATAAAATTGCGTGACGTATATAGTGGAGGAATAGCGGGGTATGGAGAATTATAGACAAAATGAAAAAAGTCATAAGGTTTCATCTATCCTTCAGTCTATGCAGTGAATCTTTCACTGCAATGGTACCCGGTGAGTCTAACGTATCTGGTCCGATCGGTCAAGATTCTTCTTCATAGATCTTTTCAACTATCCCATAACCCCACCAGAATACACAGACGTGTAACCGCATCATCTCGTGTCTAGCCACTGACATAATTAGCAGCTAGTCTGTGTGCACAGACAAAATGAATCGGCCCTAGATTATTTGGGCCGGATGGCATTCGAGTCCGCGATCTTCTTCTATCTAGTAGCAGACAACTGCGTCCTCATAGGACCCGTGCTGTTCCGATTCAGTCAACTGCTTGAACTAGCCTTTCTTTAGGGTATACGTTTACGGGCTCCCTTACAAGTCCCGAGGGGAGGTGAACTAGTCAAAGCTGTGTAGGCCATCACGATCGAGGCAATACTCGAAGAAGGTCATCGTTGTGAACCATCATTCGTCCAAGTATAGAGATGTTTCTTATCATACTTTAATCGTCGCCCTGTGCGGCGCTGTGCAATACTGGCACGTATCCCAAAGCCGACATAAGATGGGCGACGGCTAGGAAATATTGACCGATGATAGACTTGACACTCTGTACTGAACACGCACCGTCCACTAACAGCATACTCTTTCTATTATCGGGAAAGACTCCTGCGATGGAAACCTCCGGTTTAAAAACTGGCCTATACCTACTCAGTAGTGAGGTGAAATGAAAGTTTCTTCCTGCGTGAATCAGTCGCAGACACACCGGGAGGACACGGACTGGATACGGACGAACGGCAAAGCAGCGCTTGCCTTACTCCCTATCTGGCCGTTATCAGCGTACCTGACATACTCTGCCCGTGCCGACTAGGTTTCCGGTAAGTGGTGTATCACCAGGCGGTA,1019,47.4,Homo sapiens
SEQ_770766,CCGATTCGACGCGTTCCCGCAAAAGCGCTCAACCGATGAGGTCCTTATACGATCGCCTCGGATCTGTTTCCCACCAGACATTTTCCGTGTAAAACCTTAACACTCGGTAATAATTTTGATAGACACTGGCCTGTTTAGGACAAGAACACTGCCGGGAGACCACGGTAACTGGTTTGTTAGTATTTGCACGTGAGGTGCGGCACGAATGTCCGAGCGCTTTTCGGGTGACGGGGGGCACGTTCTAATTTACCATCACAGTGGTATCAATTTAGACGGGAATTAAACCCTAACCCTTAGGGGTGGTCCCTTTAATACGTTTTCGCTCTTAGATCGGATCGAAACAATGATAGATTAAAAACGTCTGACATCCGCGGTGGTCTAAGCACGAGGAGAGGACATACTGCTCATTGGCCACAACATTCATATTGTTTTATATTTGGAAAGGGAGCGATATCCTTCGCGAGCTAAAACGAATACAGCTCCAGCCCCATGGCAGTAACTCTAGCAATGTGGATCTAGAGTGTCAGTAAAAGTGGTAGTTGAATACAGCAGCTGCGACGCTTACTGACTCCCGTCTGACCAGATATCAGGACGGTAAAAATTTAAAACGATATGGGCCGATGAGGTCTATAGAAATCTACAGCGAAGAGTTCTGGTACCCGATTCGACATCTAGCCGGGGGAACCAGGTGCTCTGGTGAATTTCCGCGTCCTAAAAACGACCCGGGATCGACTCGTTCGATATATGCACAGTAGCAGACCGCGCGCACAGGTGAGCATCCTATGCCAAATACAATTACAGAGCCTTACCATAATTGTAAGGCTCCTTGATAGGAGACTGGCAATTAAAATCCGGACTTGTTTATAACTCGTCTCTGTCAATTTCCCGTTAGCATAGTCAGGGATATGGCACTCCGAACTCAACGGTAGGGCAATGCGCTGCAAACGCGTGCACTCGACCCGTTCACTAAGTTGAGTAAAATATTATTTATACATTACATGATAGGGCGCTTTGACCACGTGTCTCAGTCCCAACAGGATTTTGACTTGAGGAACGGACTAATGATACTCCTGTCGCCTTCGCTACTGTCCGAGTCGTACGACTTGATCACAGTTTCCAATTCTACCCTCTTACATCGCAACCGTTTCGATAACGTGTTGAATTTGGACAAAAAGTGAGTTTCTCCGCGTACCCGAACTTACTAGCAGAAATCGCGCGACTTAAAGAGTCTCGTGGAATTATGTTTAGGCTGCTATTGGCGCTTTTAGCTATATACGAAACATACTGTAGGTAGTCAAAACTTCGACGTGACGAACACGGGTACTTCTAAACGTCGTCATAGAATCGCTCCGTGCGTGGTACCATCTCTTTACACTGTCTCTTAAGGCCGTCCACCTTCCTTGATAGGTTTTCGAGACCGAATTCGAACCGTCCATCTGCCCATCGAGGACAGTAGATGGAGGCGAGTCTGAATCGCCTTGCAGCTTTGTGTCGTAATCTG,1501,47.1,Homo sapiens
SEQ_767949,GTTCTGCGCTACCAGGCCGAATAATCCACTCAACCTCTCCGCGAGGATGTCGGGACATCCGGACCTGACCCGGGCAAGCACTCCATGTCCGACCCACAGTAGGCTGCCACCTAGTTAAGTGGGCGTAAATAACTAACGTTGCATGGTGGCCCAACGTATTGTATACGTAGAGGCTCGGTGACAAAGGGTTCGGGAACCCCTATCATGCCGATAGAAGCTGGGATTGATATGATCGGAGGGCGACTTGCTAAGAGGTTGCTAGCGGCAGAACAGGCTGATATGCAGAGGGCCTATGTGATAGACGTACCTCAAATCCAGTACGGCGCGACGTAAGGTTGAGCACGCTCAGGTCCGTCTTGTCGCATTATCGCGCTGATGAATATATCACGTGGGTCGAAGGAAGAGTTTAATGGTTAGGCTATGAGGG,427,53.4,Escherichia coli
SEQ_316750,GTGAAGACGCAGAAAGTCTAAGGTGTTCGGCCGTGCAATCCTTGGATCTCCTTTTAGACCCACCCACGGCTCCCACGCTTTGACCCGCGTCTAGTATCCCGAATTACATGTCTGTTTTTGACGGGACTCGCTCTCTCGAGCCCAAGTAGCGAGTTACCATAAGCGCACAAACGCCTATGATCCTGCCAGTACGATCGCACATGTTCCGTGAGATAATTCCCCCGACCGGGAATCAGCTGTTGAAAGGTACACGAGAACTAATTGCTCTAATCTCCGTTGGTCAGGTAAATCGCGCCCCCTGCTGGTGTAAGTATAATGAACAGATTGGGAGAGACACTACCCTGCTCCTTCAAACCCAGGACGCATCGAGAGTAATTAATGAGATACGGGACGATACATGGTTCCCCTCCCACAGACAGCCTCGGGGCTAACTCGGCCCCATTATAATTGACGGTGTGACTTAAACAAAGAAGCGTAAGGAGCACGGTTTGCTCGCAAGAGCCGGTGCTCATAATTTCGACACTAACCACTGTGATTAGCTGTGGGAAAAGGATGCGCCAAGTTACATCAGGCAGCGAGCTACTGCAGCACGTCCTCGAATTCGTGATTGCCGTATTCAGATGAGGAAGTCCCACTCCGTTGTCTGCAAGCTGGGGTCCCTCGAGCGCGCAATGGAACACCCTAACACGTGAGATTCAAACTCCACGCGGGGTCTACAGGGTAATTGCAACCTGGAGGCTACAAAAGCGCTGCACCGTCTTGCAGGTTGTCGTCGTTGCCAAGATGGGGCACAGCGAAAATATGTTATTGAACAGTTCTTGTATTGACAAACCAGGTACACAGACGGGAATTATTAGCGGGCAGTAAGCGAAATACAGTTAGCAACTCTGAGCTAAAGAAAGAATACGCTTTGAAACCTTCGTGCCCCCGCGCTCCCTGTACACATAGGCACTAACACCATCGTCAATGCGCTCTGCAATAACTTGAGTGCCTAAATATGCTGGCTCTACACGCACGGAATAGGCGAAGCCGGAAGTCACACGGCCGCGCCTTATTGGAACCTGTTTTGCGACTTGTCAAACTCGTGCGGGCTTATACCGAGGAGGTTGCTGTTGATTGCTTGAATTCCGCACCTGTATCCGTGGCCCTCAATCGAGAAACGCCCTCAAAGTCTACAGTGTCGCCAGTCTCACTATGAGCGTATCTAATCCGCAATTGATCCTCCTACAACGAGTGTGAAGGCGTCTCCATCGACTATCTCTAACTAATTTTCCAGTCCGTCATGTCGCTATTGCCTCGGGGAGAAAAGTCGAGGAGCATACCGTTTCAGGTAAGAAGCCCCGCCGGTCTTCTAGTGATGACCGCTAGGGATAGTACCCGTCTATATGATGCGACGAGTAGACCAAGGAAGGTAAGAATGAGACTCAGTTCGCCCCTTAGGATTCTTGCTTATCGCTACCACTCCGAGCACCGGTCCTCCGGCTCTATCTGATACGACTCCCGGATAACCTTGTAATCGCGGAACTAATAAAAACGCACTATGAATAGAGTCCCCCGGCTATATCCGTCCCTGTCGCATACCTTGGGTAACCAGACGTGTACTAACAAGGATTAGGACTAGTAATCGCCAACGGTTTCGGAACCTGAAGCGGTAGGCGTGTAACTGGGCTCATCGTTCTCAGTGTGCTATTGTCGGTTCTCAGGATTTACGTCAGCTTCAAAAAACGGCGCACCGCCAAAAA,1742,50.8,Arabidopsis thaliana
SEQ_865483,CTCGGGCCCTGTCGATATGCATCATATCGGACCTATCATTGTCGCACCGGGATTCCTGAGCATTCGACGAAATGCATATTCTGGAAGACGAGTGTAAATACGGTGGCTCCCAGGGCGAAGGAGATAAGTCCCGCTCTGGGGCTTTTGGTAACCTACCTCACGGCACACGATATCGATGAATGCTTACTTATGCGGCTGGATCGGCATCTACATAGTATGGGTGTTACAGCAGGCCGTGGATGCGGTCGGTCCGATGCAACGCGTGCCAGGTGGGTCCGTTCAGTATAAAGGGGTGTGGGCGCGGCTATGTTTATCTAACGTATATAACAGGGGCCCTTTGGGACGCCTACACTTTATTTATTGAGGACCGGTATGGACCCCTAGGCACCGGGTAAAGAAGGTCGTGATGCGGTTAAGTTTTAAAAGTGGATAGGGCGGGATCTTAAGATCTTAGCATTACTTAGTTAGTTTAACAGTCCCAAAGTGACACTAAAGGACAAGTTGGTTCCCTGCCCATAGCGCTCGTCTCAGATCGTCAGTTGACCGAGAGTCCAATTGGCCAAACCGGCATCTGAGGGATACACATCGGACATCGCGCGATCATAGATAGTGCAGCTAGATTCTATGCATACTTCTTCAGGATGTCCCTTATTATACGATAGGTGGACAATATCGCCGGTGGCACGGCGAATGTACAGACTTATGGGTCGTAGGATTATCGGAGCACCACTCGGAATGCAACACTTCTTATCGATATAGGGCATACGTGTGAGTCGTCTAGGCTATTATCAAGGTCATGAAGCGGGGTTACGAAATCCGAGGTCGTCAGCGGACCATCGTTCCTACATAACTGGTTTCGTTCGTACTCCCGGTAGAGTGTTGACTTATCTGGAGTTTAGCCCGAATGTAATATGTTCACCCACTCCTCAAACCTTCCCTATGGTTTCGACATCGGGACTCTTGCCAGTGCCTCTAAAGGTTTGCTTAGATTCGTGCAGACTGGAGCCCTTTTCCTCAGTGAAACGAGTAGCAGGATATTCTGTTTAAAGTGGCTCAAGTGCT,1062,49.44,Mus musculus
SEQ_198795,TTGTGACCAGCGGGAGAGACATACTATCTGTAGAACTACGCTCGCGCCGCGCCAGCGGACCCGCATTCGCCCATTGATAAACACAAAAACCGAACAGGCGTGTCTATGATGGACTTCAGGGTTGACCGTTGATTCCAACGTTACCCTTGTCCCGTAGATACGTCGTATAATCATCCAAACTTCTGTGTTAGACCTCATCCCACTAAACGGGTCAGAAGTCGCATCAACCCCGAAGTTGATATTTATTTGTTGCACAAGGGACTCGACCCGCCTGTAACCCCTGTCCAAATCATATATCATGTTGCGGATCCTGCACGAAGTTCCTAAGCATACTCCTAGCTGTTTTAGTGTCGGAGTGACCAGGCAGCGGAAATCATTGAAGGTGCCGCCTTATTGCATTGCGCGACACCCGACCGTGGGTAGTCGCATTCTAACTACGAGATCGGATGTTGACGGCATACGGTTGCCACACCCGGAGTGACTGGTTTACCTTAGAAGCTACCCGTTTAAGGCTGAGGCTGCGGTTTACGACTGTGTCGTCCGTGGTGTGAACCAATGGGAGGAACCCCTCAAGGAATCGGGTGGCGTTATATAGTGTCGAAAGGACTTGATTGACCGGGTTGCGTCGTGACTTTGTCGTGCTGCAGACGTACTAAGTAACGTATTAGAGTATTGTCGCGATAAACGCAAGGTAGTACGCCTGTAATGCGTGCTGTCTCAAATCAGTCCTTCCCTCTTGTGGTAAAGCATCATCTAGGCGTGGCTCTGGACGACAGACCCGATACAAATAGTCGTCCCGTAAATATGTTTGAGGGACGCCGCTCAACCCTACGAAGACTCTCTTTACATTAGAAGAGGGCGAACTTCTCTGTGCCGAATTCCGTAGACTTCTGGACATCGATCCGCGAAAGCAAGCGCGCGTTGACCAACAGTTTAATGAAGAGTATGATGGTACAAGACTAGCCATTACTCTTATGCAAATTTGGCGTACGCACCGTACTGGGGCAATATTGCAATGGGGAATTCGATCGGCCGTATCGATTCCAAGCAAGGAGCCATAGGATCCAGAACTATTATTACAGCTAGGATCCGGGGACTTCAGTGTGCTTTCATCTTACTAGTATTCCATCTGGAGCCGAACCATAGAATACAACAATTTTAAAGAACTGCGCCAGAATCAAGCGGCGCAAGATATGCGCTGATATCATGGAACATTTATAGCGTTGAGTGTGTCTGTAAAGATCCAAAATCGCGGCACT,1259,48.93,Saccharomyces cerevisiae
SEQ_573500,GCTCACCTAGCTCACCGCGTCTAAAAGTTCCCCTCTGTACATGATGCTAAGGAAACCACGGAGGACAACGACAATTTCAATTAGATAACGCGCGTTCATTCTGAAATCCTTTATCTCAGCGGTCGCCTCTAGCCACAGTAGGGTTCGCGCCACCGGAGTAAAGAGACCTTACAGAACCACGTTACCTGAGCTTCTTGGACTCGTAGGCCTGTCGGACACTGACGTCCGTGGATTAAATTTGCCGAATTGGGAATTATGTGGGGCCTTGTTCATGAGTGACAAGAAGCAACAACTAGTATGCTCCGTTCTCGGCCGTATTACTCTAAAGCCGGTGGAGTCAGCAACGCCACCGACATTCGGGCGGGCGATCACTATACAAGAACCACACTTTTGGCCGGAGAGAAGAACCAGGAGTCCTGGCCTAAACAGAGTTACGGGCTTATCGTCTTAGCCAGGCTGCCTAGCGAGACTATCAGCTCGTGCCGTGTGATGGCATTGGTAGATCTGCGCCGGTTGGCCAGGTTATTTAACCAAAGAAAATCCAGGTGGACAGAGCAAGCTGTTGAAGCTCTGTGAAAAACCACCGGGGATTTTCGCGCAAACGTATTTATCGTCCAGGGAATGAGCGATATTAGTTCTGTCTGGTAAACCTGTTTCGGTGAGCCCTAATCAACCAAGCGCTGCCCAGGGCACCGCCAGGAATGACTAGCACTACGTGCCGCCTGTCCCTAAGTGTACATACAAACATAACAACGTCCATTAGGTGATTTATATTCAAACTTTTTGCGCACAAGCTTTCCGCCCCACACTTCTCTCAGCCGCGCTCCTGCGAACTTAGCACCGCCTGTAGCATCCAAAGCGCCATGATTATACCTCAAATGTAACGCTTAATATTAAAGACATTATAGCGCCGCGTGTTTTAGCTCGATCTTCACTAGCCCGCTAAAACTGCGCCGTACGTTATAGGATCCTGGTATGGCTACCCGCAGAGTACGATATACCTATCCTATAGGTACTGCCGTGCTGGCAGTGTTGGCCCTCAAGCCCAGTTCGGCATCCTAAGGCACACAAGCACGAGGGTCGCGTACGCACGTGCAGGATCTGACCTGCGCGTGACGTAGAAAAATCTTTGGGGACTTTGTTCAGCCTTATCATGACGCCAAGTGCCTTACGCTACCAGGATTGTCCACAGTGTTTTAACACACCGCCGTCATAAACTAAAACGGGTAGGGACTTTGGCACTTGCGTGAAGGTATCGCCCTGCGGCAGCACTTTACATTCGTATTCTAACCCGGATCCTATCTCTGGACTAGTACCGTGCGGATCGACTAAAGATCTGTGAATTGTTTTAGGGCATCGCCGTATATTCTTTGTAGAAAGCGATGACTTGGGGTCCCCGTACTTAGATACCTCCAACCAGGGGAACACGTATATTCCGGCA,1441,50.38,Homo sapiens
SEQ_139598,AGGGGCTGATCCGTGGTTTATTCATTCAGATCACCGATCCAATATATCCTTCGTTAGGGAGGTAGCACTGCTGTTATAGGTAGTTCAGTTATGCACGGTTTTCTCCACATGTGACTCGTTCGACGAATGTCCCTGGACAACAGGGACACGCAGCCTATCTTGAGAATGGGGGATTCCGAATCCTGGGCTGAAACTATAGTCAGCGGTTTTCCAATAGTGTGTGCGTGGAGCTGTCTTAGGGTAGGTACTGTAAAACTTGTATTGGCGTAGATGCTGACAACTCTCACCCCCACCAAAAGCTTCACGGTGCGTGAATTTTCCTTGAAGAAAAAGCTCTCTTAGGGACGTTGGTAGATCAGTAGTTTCGGCAACTATTTGCTCGTTACAGACCAAAGCGCAGAAGAAAGCCACTGAGCGACCTGGAGATTATTCAAACTGTATATGCTTAGTTGATAGCATTCTCAGAGTGATCCAGCACGGTTGGCCAGCCAATTTTCCATAATCTTTCCTGTTTATGGTCCCGTTAATTACTGAAGCGTGGTAAAAGGTGTATCACTCAATGAACGGCACAGGCTCTGCTCCGTTCGTCGACCTCACTGCCCTCCCTGAGTGATACCTGCTATTCCGTATGACGAACGAAGATTATTCCGGCACGCGCCAGAGGGTCACTCCCAGACGCACGTCTGCCCGTACCGAACTGTGGTTTCCTTCTGAGTGTGCTTGTGCGTTAGACCTCTTGAAGATCCAACTATGCCTCCTCCGGGAGGACCCACTATCGTCGGCTAGGGAGGGAGGGGCCCGATGATTGTCGCGTGACCCCCCGGCCAGAACCCAGACTTATTTAGCTGCGCACAGCCCGATTGTCTGCTTCATGGGCCACGATGGATGCGTAGAT,895,50.5,Saccharomyces cerevisiae
SEQ_933654,GCCGAGTAGCCAAGGTCATTAGGACTTTCTCGGCGGAAGACTTAGAGGTATGAGGGGCTATATACGCGCGAGACTATCGGATCTCCAACGTACGTAATCGGCATGGCCGCGCCCGATTAAACTCGTACAACCATACTGCATACATATTACAGGAAAGTGTATACCGAGAGTAGAGTGTTCGAACGAAGGCAACCTATTTACAGACAAGATGAAGAGCGTGTAGATCCTTATTAATGAAGGCCTAAAGGAGCGGGCTGGATACTTGGGACCGAGCAGGATTAAGCCTGTTCGTCTTCATTGATTTTAGTCATACTCCCTATCTAGCATCATCTCTAATACACGCCGCATAGACGCGGGCCCGGCTATACGACTCGGTTTTACCATGAGGATATAAGGAAAGCCACACGTGTGCTCCCGACCCCTAAACAAGGTTAAACACGCCTA,444,48.42,Arabidopsis thaliana
SEQ_925159,AACGAATCTACGAAAGTATTGTCCGGCGTGGTGAGGATGAATGTTCACGCGCCCAGGCTGTATTATTGGGAGTCGCCGACCGGCATAAGTATTTTAGCTCCACGTTAGAATACCAGAGTTACCTCGTAAACGAGCAGACGGAAGGTAAACGTATCCAATTCCGCGTGTACGCGCTAACCCTACAAAGCGTTTTATAAACAATACAATGTAGTCAGGGCAAAATCCGCTGCACGCTTTATCATACCGCTTCAAGAGCCAAAATGGGAGCTGGCGAGTTCACATAAGCCATCGCTGGAATAAATGAGATGCGTACAATACATCCTACATGACGACTAAGATCCTCGTCGCTGTAGTGACCGATTATTCTCTGTTGTACTCGTGTTCCCTATAGGATCTTCTACTGGACTACAATCATTCCGAACCAGCAACGGGGTTCAGCGCGTAGGGTTCGTAATAAAGTAGCTAGCCTCGCGAACACTTGCCTCCGCTCTGCGGGCCTCATGCAGGGGTTAAGGTGGGAGCATTGGACACCACTCCCATGTTCAATATCGCTCCGGAAGACTTTTCTGTTTAGCTAGAAGCCGCGTGTAGGACGACGGCAACGTGAGAGAACAACTGTGTTGGGTCTAACATCAGAAACTCCCTGAGCCCAATTTTCACTGCCTTTTAATGAAGAGTGCATCAGAGACCGAAATATATACATGTAGGAACAAGTCTGAGCGTTGGGTGGATTCTACGAGGCGGCGAATATCTGCCCGAACCATTGCCGTAACTAGCTCCCCGAGCAAAATTATGTTGG,799,48.44,Caenorhabditis elegans
SEQ_444355,CGTGTCTAGGTTAAGTAATGAAACACTCCATACGCAGATGGGCCCGTGCCCCGCTGGACCATAAGCGCAGCCGTAAAACAACAGACGAATAAAATGTCCACGGGACTGTGGTAGGGGGTGCTGTTACGCATGTAATAGTGGCACAAATGGACCAGTCAGGTTCCCAGGTGGGTTCAGGAGGTGCGCTAGATAAATCCAAAACCACGCGCTCCACACCAGTCCAAATGTTCTCCCCTCCTTTACCCGAGCACCGATAGTCTAGTTCGAATAGACGGTCTCTTTTAGGAGCACGTGGGGTGTCCGGGCCGCAGTATCGACGAATTACTATATTCCTGAAACCGTTCCTTCTACCCTTGTACGGCATCCCAAGGGTCGTACCCCAAATTTTTGCACGATTATGCTTTTCGGAACTAGCCGGCGTCCTGGGTCGTTATGGCTCGTATGGATAGCCGCGATCCGTCTATCCGGGACTATGTGCTCAATGTAGGATGTTTCACGATTCGACCCTTTATTCCGACGTTGCGCAGTACGAGCTGTTTGGGGGAGCCCCCTTTACCACCTTGGCTGACTACGCCTACACGACGACAGGTTTGTGTCACCGGCTCATTGCAGGTGTGATACCTGTGGGTATACTTCGAAAATTATATCCTCGGTGTTGCCTTGTAAGTTGGTCTCTTTAATGGACAAGGTCGCAACAGAAGTATGACGATCACATTTCTTACCCAATCTCACCTCCATTTAATCAAAGGGTCATGTCGCCCTAGCCTGCCAGACTTTACAGTGGTCGTAGGGCGGCCCAGGATGCGTTCCGTTAGCTACATTCCTACTGCGTTAGGGCTTTTGGATAGGGGTCCGAAGTTCGATCACACCTACGAGTGTAGGCAGCAGAAAGGACAGTTGTGCCCTTCACGCAACTCGAAAGCTATCCGTGGTCTGTCGCGTTTAAAAGTTGCTCGGATGATACCCCTGAGGACGCGTATTGCTCGACGTCACGCACCAATACTTTCCTCTCCACTTGCCCCGTCTGGCCATCGTCTACCTCAAGAAGGTACCCTGGTCGCCGAAGTTTGGGCCGTAGCGTGATATCGAACGCTTTTCTCTTGAACACATCGAACTGTGAGCATTCTGATGACCCCGGGCTCCCACCAGGTCAACTTCTATGTTACGATTACTTAACACTAGGATATTCCCATTCGAGATAGCCTCGCCCCATGAATAGACGGCTCAGGCGATAACGTATTAAGTGTCTGTCACAGGATTTAGTCGCCAGTATCGATAAGATGGTTGAGAGTAACTGAGAGGCTTCCAAGTACGCCCTTCCAGTCAACCCCCTCATAGCTTGACATGTCTCTATGCCTGTTGCATTCGTATCGTGCCATCGGATAAAGCGTGTACGGACGCAAGAAAGAAGATTTAGGCCCGAATAAGATCCCCAGTCACTTTTTACGACGGCCTGGTTAAGAAGCCTACCTGCAGCTCTATGCAGGCGAGCTACAGGCGAGCGCTGACAATTATAAGCCGCTGGTTCGATGGCTTGTGGAAGCACGTTGGGGCTATTCCCCATTCCGCCGCATTGGCTCGCATACAAACGGAGTC,1596,51.38,Arabidopsis thaliana
SEQ_639176,ATTTTAGTCAACGCAGGGCCCGTGTCGATCGGTACCTACTCCGCGTACACATCGGCCAGGGCCCACAACTAATAATACGGAGGGATGATAAATGACTATCTTTGGTAGGAAAAAGGACATTATCCTGGAATCTGGAGATGCTATCAGGTCTGCTCAGTGTGAGAATGAGGCGTCCATCACTTACTGGGGGTGTCTTCAGTGAGGCATACAACCCATGGTTCCTAAGTTGCGTTATGCTTCTCACCATCCTCTACCGTTGGAATGTTATCATTAACAAAATGCCAGTCCTAAACGCACTATTTCATCAGTTCAGGTGTATCTTGTACTGGCTTCAACCCAGATCTAGGCGGCTTCTAGGTTGTTTTTAGTCATTAAAATCCGATCTAACGGCCGGTGGGCTAGTCGCGCTGCACACTGTGTATACTGCGAGGTGCCCACAGATCGAATATGTACGGGCCGTGTCTTGAGAATTGAAAAACCCTTTGTTCGACCTCGGATCCACGACACGTGTTCGTCCCGACATGCTGATTTTTAAATCCTGTCCCTCACGACGACGGGGTGCACACGGATGGACAACTCCCGTGTTACACACCTTTTTAGGCGAGCGAGCCCTGCCAGTGCCTCCAATAACGCAGGTTACAGACGTACCGCACTTATTCATTCTTCCGCTAGTAGGATGTTTACGGGTGAGTAGTGAGAAGTGCCGATAGAAAAAGACAGTTGCTTGAACTTGTGTGAGCTCTTGCAAAGAGAATTACTCCATATGCGTATTATAAAGCATACTCCCGAGCTGCCTCACACGTCTTGTCTGAGGGTGCGGCTTCAGATTACATCGTGTGAGGGTAGATCCGCCCCTCCACGGATAACCAGTGATTCACCAATCAATTAGGCTGACATCTGTCATCTGTGTCTCCTCAGCAAGATTATGTGTCTGTTCTAAAGGCGGTCTAGGAAGCGTTTACACGTTCAACGCTGGC,977,48.62,Arabidopsis thaliana
SEQ_751599,GTGTCCAAATTGGGAGAGTATACTTCGTTCTTAAACGAGGAGACCTTATGGCGTCACATAGTGCTTGTCCCAGAAGTAACATTGGAAACCGCGGTTGGCATAATCGCACAGACTAAGTCAAGTCATACTACATGCAACAGGTCTGCTCAAATCTTGCCCACGACTCTTCGCCTTAGTGTATTCCGTTCACGGCAAAGCTGTGACTGGAAATGAAGAAAAGACTCTAGCTTCCCGCATATTGGCTGAGCTCCTTTTCTATCCCCTCAGTATGTGCCTATTGAAGACCAATTCCCTTTCGGCATGTCGGTTCTCGATACAGTTGCTGTTAAGATCAGACCAATTAACGTGCCGGCCTATGGCTAAGATGGGATACCTCAAGGACGAAATCTCTAGTAAGAGCGAGTCACATGGGAGCCTCAATTGTGTCGTTGAAGTCAGTTAATTATGCCTTTTCACGCACGCTCATGGGCCACTCTATAAAGTAACAGGGCAGGTTTGCATGCTTATCCCGCGACCATACCTAGGGCAGATGCATCTCTAAAAGTCAGGATATGTCATTTACGGGTGTAATCTCTGTGTGAAGATAGTCTCCGCTTTGGGACGATAGCCTCTTCCGCTGACTCCACAAGCTTTGCGAAGGAGACTTTCCTGGCTGGAACGTGAGTAACCACTGTTGAATAAGGCAAGGCGCGATACCTGACACAAGCCTTATACCCTGTACTAAGGATACTATCGAGTGGCGTCTTTCCGTTATTTGAGTGCTCGAGGGGGCTGAAAGCTCCTTAGGAAAAGGGTCCTGCCACCTACGGGGCGATCTTTAACCAGCGACACAGTCGCTCTTTCACTGTAAAGCAGCGGCAATCTGAAAGGAAGGAAGGTTCCCCCACTCCCGTACCTAGGGAAAGCCTAGTAAGATCGAGAGTAGTATCACCGTTCAGGACCCAACCAACTCGTAAGTACACTCAGTTGGGCTGCCGCAAAGGGTTGCTTGGCTCCTTTACCCTTATCACAGCAGTACCAAAGTCATCCTGCTTTCTCCTGACTTAATGCAGACTAGCGGTTGAATCTTTACGGTCGTTATCGGTCTCATGAAGGGGTTTTTGGGAACTTAACACTTGCTCTCTCCTTAGCCTTCTACACTAGGTCCGTTCCCCGCTGAG,1160,48.62,Mus musculus
SEQ_111851,TCGCCGAAGCAACACCGGTTAATCCGGTACACGACAGGGCACAAATCATCAGGTAGTACGAACTTATGACTTGAAGGGCGTTGCTGTAGAAACACTTGGTATATGATATTGGCTTCCCAAGCTCGCCTAGACGGAGGCGTAGTAGTTGGGTAAAAAACCCCATCAGAGGTGCCGGACAAAGTCGACGGGCAGTAGGCGTCAGCTTACCTATAAGGGTCCTGAGGAAGTGGAATCCAGGCTCATTGCACTTATGGTATTAATATCTGATTTTAATACCGCAGCAAGAATTAAAATCATTAGGGGTGCCATCTGTTTTTGCCCTAAAGGGCATCGGACCGATTGATGGCCGAGTCTACTCTGACCCGGATGTCCGGGACTGTCAGTTACCTAACCTTGGCAATACGATTCCTTGGTAATTAACTCAGTTGCGACCGTAGATCATGAATGGACTCACCTACTCATACAAATCTTTACGAAGGCAGCCAGGCCTCAGCGCACGTTCTGCTACGCGACTTAGGTGGGAAATCTTTCTCCTGTGAGTCGGGTACATGGCGTCATTCTTACCTCTAACCCGAGGTTACTGTATTTACTGGGTTTCTATGGTTACACGTCTTGGCGTCCTATCACTCATTTGACACCCATTCCGATGCGCTGACGTCGAAATGACACTGCTCCGGACACGGTGTATCATGTGCTGGGGGTCTGATTGCGTCGACCGACGCATACCTAGCGAAGACAGCCGCGAGAGAAACCCACCTACATATGGCATTATATCACGCAAGCCGTCTACCTTGTGTCCAGTCACTTCCATGCTCCCAAGCAACGTGAAAAAGACGGTCAGCGCTGGGCGTGTTAGTAACGCATTTCACAGACCTTTCGTGGCTCCCAGGTGATCACGCCGACTTTCTAAATATGCCGATCGACCGATTTCCGCTATATTAACCTCTCGGTATGAAACGACTCCCCTGCCCCCGGTTCCTTACCTAGCTGATATCGGTATACGACTAAATGCCTCGTGAAAGTCTCTGTCGCGCAGACCTAC,1042,50.0,Saccharomyces cerevisiae
SEQ_414771,TCATGTGATAGAACATTCCGCTATAGTAATTCTTCGAGCAAGACATACTCGATCGCCCCATGCGGCGGTAGAGTATACTTGGTCAGCGTCCCAGTAGTCCTCTCAATGTGCAGATGCGATACATGAGACTTTGGCAATTTCCGAACCTCGTAGTGCCCCCGCCATAATATCGTGACTATGTCCCCCACCTTTTCGGAAACGGACCAGAGGGGGCGCCTGAAGAAGACAGAATGAGGGCATGATGAGGCGTCCACGCCGCTAAGTGGACATTTCCCAGGGGTAAAGAGTAGCCGGATGGGTGGATCTTTGGTACTGGACACAACCGACAGACCAAGACGCAGTCAGGCCCTCTAGATTTCCAATAAAATGCTAGTAGAAACCAACTTTCGCACAGATACGCCAAGCCGCGCCTCCCGGACACGGCACGAGCTCATGACATTGTTAACGGTGGTTAAAAGAGAGGGGTGACGGCCCAGTGGCTTCAAAGCCACGTTATATGACGAGACCCTTCTCAGAGAGCGGGACGCAAAAAATGCGTGATAACCGGCCTTCATGTGCCCACGCCACCGCGCCTTTTAGCTTCACTCCCCCGCGTAAAGCTCCACTGTCAAATGGATGACAGTGGGGTAGTTTTCGAAGAGGTCGTACAGCATATGTTAGAAAACCTTAGCGTGGATTTAACAATAGTTCTTTCATAGGATAGGGTTGGTTATCTCACGAATTATCACTCAGGCTCCAAATCGCAGAGAGCGGAATTTGCTACTCAACGGCTACAAAATGCTGTCGCAGTGGACCACGGGCAGCGCTCATGCGGTGATAAGTTACCGAAATTACCGGGGGTTAATTCTAGCAGTACTAGCGTCCCGAGACGCTAGCCCCGGCACGTCCGACTCGAATCTTGCATAACTGGAATACAGCGGTGAAATGTGCAATTCGCCGCGCTCCATTCGACAGAGTGTCAACTGTGACGTGATATAGAAGCACTACTTCTGGTAATTGAAATAAGCCCATCGGTAGTACTTGGTGTACTCAAAACGTATGTAGCAGGTTAGCGCGGAAGAATGCACACGATATTTGGTTGTATTCTGCCCTGACTAACGTAAATGCAACAGGCGGACTTCGATTTGATCCCATGCTTAATCTAGATACGACAGCATCCTGCCTCATGGGTGTTCTATTAGGCTTG,1186,50.08,Saccharomyces cerevisiae
SEQ_990396,ACCATCTTTCCAGACCCTAGCCGAAGCACCTTGGAAGAGGATCAACCGGCTGATGTCGATGGTTATGAGGAAAGCAAACGACGCCTGAGATACGGCCGGGAGAGTCAGACCAAGATGTGGTCAGAACTCGTACATATGCTTTGAAACGGTCAACAACGTCAGTGGGACACAGCAGTGTCGCGATTTCGTACGATTGGCATTACTAGATTTATAACGTATGCCCGCAAGGTCACTTTAATCAAGCCTCTCTCTCTGGTTATTCACTAGTAAACGCAAGGCCTAGGCAAGTAGGACCCTATCCTCGCGGCCCCCGGACTGCTTAGCAGCCCAACGTTAACTTCAGTAAATATATCGTAGCCCTCTCATGGACTGCAACGAGAATAGTGGGACTAGCCTACCGCCAAATGCAAGTTATACACGTGTGGCCCTAACAAAACACCCTTATTCGGGACGCCCTATAACTGGCTTGGTACAGCGCATTACGTGAGTATCTTCGCTGAACGCACCCACACCTGACTGCCGAATTGAGGTAGCAATCATTGTAAGCAATATATAGTGTCGGTTTTCAACGAGTCCTGCAAGGGAACATTGCTCTAATAATTATAAGTGACGACTAAAGCGCAACGGGCTCCAAGTGATGTAGTATTAAGTAGGCTTAGACCGCCTATTGTATTTGGTGTGATCGTACCTGGCCGAACGCCACGTAGTCTTAGTGCGGGCCGACTCTTCGTCCGTCCATAGCATGAGCTTTCATCCTGACGGGAACATAGCGTGATTGTGGTGTCCTAAGAAAGTTGATGGACAGTACCGCGTGTGCGCTTCGTACGCATTCGCTAATCACCAATACTTTTTCAGATACAACAAAGTGCAGTAAGTAACTTAGAATCGTGCTCGTCAGTACAGTTGCTGAGAGCGTTCGTGTGACACACCAGCAGGCATCGTCCAGGTAACTCCACGGCTTCACGCAACGCTACAGCTAAGACCTGCTATATTGGACGTAATAAATCGCTAGGGCGGTTATTAAAAGATACGTTGAAGTGCCCGTGGTATCATAGGGGCCCCAGGTAAAATTTCTTAATACTTACAGCACTTTGTCCCCTGCATAGTCGCTGCTCTTTGTACTGGAGACTGTTACTAGCTCGATAGATTTCGGAAGTCTGGATAATCCTGCAATCCTACCCTTCGTTATTCAGTCCGTCCCCTTCTCAACTACTTTATTGGCTAACATAAATCTTGATCCCACACGGTTAGTACCACCTTCTAGGGTCAAATTTCGTCTAAACGTACTGTGGTTACAGCTGGATAGCTGCAGAGAATTTATATCAATTGGAGCTCTATTAAAGGAGTATTGTGATTCGGTTCTGCGACCCTGCTCCCTTTCGAGTTAGTGGAAAGCGACCGTATATTCGTTCAATTATGATTGCTTATCTGCCGAGTTTTTAGTTTGCACGACCGCAACTCGCGAGTCGGCGCATGCTTGTCTAACGCAAAGAGAACCCGTCCAAATGAGGCGAAGCGGTCCTGCACTAGCCGGTGTACTCTCGTGAAACTAGCAGCCCACTGGGCGACAACTTTATCTCTGTTCGGCATGCAGGTTGGCGACTGTGGAGACGGGCAACGATGGGGGACGCTTAAAATAAACCTGTTTGGCCAAGGCTGATCCAACGCCAAACTTGGCGAAGTTTTGAGCTCGACGGCCAAACAGCAAGAATCAAAGGCTTTGTCGGCCACCAACCAACTTTGCTCCTTCAGACGGCTCCAACTCCTGATTTGCCTTGTTCTGGCCATAGGTCTCGATTCCGCACTGCCATCTTGTTCGTGTAGTGTATACAACATGCAGATTTGTGAGATTTACACATCGAGGAATTAACGAACTTC,1878,48.14,Arabidopsis thaliana
SEQ_809048,TATGCTGCAACCGGTCTCTACATTTCTCACCTAATGTGTCGCAGACGACCCGCTTAGGAATCGCTTATGGCTACACCTGAGCTAAATTTACGTAGCCCTGACGTTTGGCTCATTGCTGTTAATGTTGATGAACACTGACCTGCCACGTAATGTCATCCAGGGACACACCATTTATGAGCGTTTCCAATCTCATATGCCGTCTTCCGAAATACTGCTGATGTTAACTGCTGGTCGTGTCTATTAGTCACGCTTCCTCCAGAGCGCCGATAAAATCCATGGGTAACAATACAGTAGTGACGGTGGAGCACCATACGCCACGCATTTCTGACTGCGTATTTTCGAGGGCCTGTCTGGACCTCCTACAGTCTACGAAGTTACCCGAGGGCTGGGCGAAGTATGGGGGGAGCTGATGCGAGGCCCTGGCTACAGGTCCGGGCGGGAGCGCGCCCCCCCGCCGTGACCAATAGACGCATCTTTCTGTAGGACAACGCGCAGTTCTCAGAACAAAACAACTATAACATAGCCGGCCCGTCAAGTAGCTTAGCCGAGAGTACCATCAAGCAGCGCTCCCGCATTTTATGTGTTAACGACCAATTTTATATGAAGTGTTAAGAATCCAGAGACCGATCAAAAAAGATAAAGGCTATGCTGAAGCGAATCCGAGACTAGTGTGCCCACGTGCATTTGAGCGAGCTCAAAAATAAGGGCTTCACTGTACGAAGTGATGTCTATCCTCGGGTTGGTCCGCATTAGATATTTGTAATTGATCCTAGACTGCTGTACGTGTTTAAAATAAAATCTGTTGTTCTGATTGTTGGCCGAGGTGCTATCTGGAGACTGTTAAGCGCACGATGTTTCACAATAGGGACCGACATATGCGTGGGTGGAAACTCGTTAGTCATTTTTTACAGACGTGTGGAGCAAAAGAG,929,48.55,Drosophila melanogaster
SEQ_823251,AGGATATGCCCCTGACTCCAGGGGTCTCGAGAGAGTGCTATCCAAGCTAGCACTACGGCTGTCCGATCGTACATGTCGGCCTCTGAATGGGAATGAACATACGTCAAGCAGCAGCACGCGTAATTACGCCTGGATGTGTGATGCTCCGTGTTGCCCGATTGATCTCTGAGGAGTTTATGGACCACGAACGTCCAATGCATATCAAATAGAGTCCACAAGGGGTTGGAGTCTTTTGCCCGCGACGGGGTGGTAATACAGAGAACGGAAGAATTCAAACTTGGCACGTCCTACGTACACAGAGGTATTGTCCCGATCCGTCAAGATCAACCCCACGGCTCCTGTCATCGCCTCACACCGATCGACGAAACTAATACTCGTATAGACAACACTATAAGTGGCATTCGTATAGGTACAGGAGAGTCATGACATCTATCGGAGTAATGTAACTTGACGAGTACATCACATAATACTCGTCATTGAAGTTACTAGCTCCGCTGCCATAATGGTCCAGGAACTGTCCCCTCTTCTGATGAGGCCCAAACTAGTCGGGCCCACGGCCCGCTAGGAGAAAAATCAGCGGAAGATACGGACGCTTCTGAGTACGACCGCCGCATTACATCAGCAAATAATTGGACAGCTTCTTCTGATCTCCATCAGAACCTCTTCGGAGTATGATCGATATGAGGCCTACGACGTGCCATCTTCTGCTGTCAGCTCGGTACCGGTAGCGCACACTGACGAAGTTTGCATTATAAGAGAAT,761,49.93,Drosophila melanogaster
SEQ_998638,AGGTACAATGGCTTGTACGTCATAACTAAGACGAGGTCTCTGTTCGGAGGTCGACAGACTCATAGATAAGGGAGGTGACGACTATCGCCCCCCGGCTTGAATGTCTCTTTGTGTGGTCGCAGTTAGTGATGATCCGCCTACTCCCCGTGCTCGTTCGGGACGTATTCACTTCCCTCTGAGAATCATGCTTATTTAAAAGTTCTTTCTGCTCAAGCGATCTATTTGATGGAATATCGCTGGACAGCTTGCGAATTACGGATAAAAAGACATCAGCCGACGTCCGTTCAGATGAGTCGCACGTTCACGATACTATTTGGACAATCTCTACTTCCGGGGAAGAGCTCTCGACGGTGCCCTACGAGACCATCAGAAAGTGCACAACAAGATGGGTTCGCACTCCGTGTTGAGGCGCCACGTGTTCATGTACGCCCAAGAACGAGTTTTTTGTTCGTGCGCTTCTGTGCTTAAGCTCCTGGAAATGGCCTGGACAGTGGCATCTACACCAGAGTTTCCCCATAGGTGAAGGGTCGGAAGCATGCACTCATGACAGCGTTGGTAGGGTGAAGACACATTACGCACCCTACGCCCAAACCGCTTCTCGAATCGACTATCTACGCGGAGTTGCCTTTTGCCCCATAGTGAGGCGTCCGTTTTACATCTCACCCTGCATCGGAATGGTTGGCTGGAGTGAGACGCGGGTAATCCACTATATGGCGATTACCAGCCTTGTGGGCGGTCCTCTTATGCCCTCGGTACGTGGTAGTTACGAGCGGACCGTGACGTTCGAGCTTTGTTGGATAAGGTAGACGTGATGCTGTTGCTCAGTCCATCGTTATATATGTTCACTAAGCGAGAAGGGGGCAGTTTTGTTGTGGCTCTTCAGTCACGGCTTTATGCTCACGCGTCATGGTGCCATCGAACGTGGTTTACGGCGGCGGCTGCCAGGGATCCGCGGGGCCTGATATGG,967,52.12,Homo sapiens
SEQ_224303,ACCATACGGTGTTCCAAGCCCATTCCGCTCGAGGCACTGTGCATGGCGTTATTCTTACTAAATCAATCATCTCTTACGAACACACACGTCGATTAAGAGGGCACGATTATGAGTATCAATTAATCGTCCATACTCCGACTCGTAATTCGCGAATAGCACTGCTGGTAACTGCTTGAGGGCCCGCGGTTCGACAATGGACCAGACGATGTAAAGTTTCCTCACTGAGAGGACACATTTTACGGTACGCCGGCTGACCTCGCCAGGTTTAGGGCAAGCAACCCGATGGCACCCTACAGTGCCTTACTTTCCGGGTGCACGACAGTCCCCTTGAATCTGTGTGTGGTTACTGTCATAAGCTTTAGCCACCGAACAGTTCCACGCGGCCAGGCGAGGTTGATGTCTAGTTAAAGCTGAATTCATCGGTATTGGTAGGTGTAAATGGAGTCTAAGTACTCACTTGGGGCGGTAAGTTGAGAGCATTACCTAGTGTCATGCAAGTGGGTTCTTATAATTTGCTGGGATGAACAATGCACCTACTATGGGTACCACTGTTCTGCTCCCCGAGATTTGTGCCGCCTTGTGTGAACTTGCGCCCCACTAATAACAGTATAGTAGCCCGAACCTTAGGTCTAGAAGATCCATCCCAACGTCCTAAGCGCAGGGAACCCACCTAAAAACTCACAAAGCGATGGTTAACCGTTGCCGTACACCTCCTAGTGCTACTGGGTGTTTCGTCATAAAGGACTCTGCCTTATATCAGTTCCATTGGACCGTGAATGGACTACCTACCGCAACTCGAAGGAGAGGCTGTCCGCCCGAAACTTCCAAGCCTCAAGGGACGTAGTAAGCAACTCACTCTGTCTTTTGATGTTGCATTTGTTGTAATGAGAGGACCTCTAAAGCCTAGGCCCATGCTGGATACTTTAGTAGCGCATACTACACTTGATTTAGTGAGTTATCCAAGATGCCATAGTTTGCTGACTTTATCGTCCGATTCACCCTCAACTCACTACGGTTACATGTACAATAACCAGAGAATTGCGAGGGGGTAAGCGTACAGTATGGCCGTACTGAGCCTGGAACTTGCCTTGGCGGTGGACGGATTGAACGATCGTAGTACGTTGGTCGCCAATTCGATAGGCTACACTTTGGTCACGGTCTGATGGTGTATGCTAGGTGACATATTGCGAAAGAGATTTGCCCCCCTTGATCGTTGTCTTCTGGCTGTGTAAAGGTTTTAGAGGTGGCGAGCGACCCCCTGGCCCTGGAACTAATCGAGCAGTTGGAGCTGGGACTTGGCGATCTCCCGCCCGAATCGATAAGCTCTGACGGGGAATATAGTGTTAGCCTGAATGGATAGTGTTGATAATTAATAGCGCGGACCCGGGCCACACCTCTCCAAGCGTTCTAGCGGAAGAGAGTCCGGGAGGTCAACGAGTAAGTTAAGACGTCTATAAAGCCTAGCGTTTGCGCTGTTAATTGACCCTTTCACTCGAATGTCTCAAAATTTGGTAGGTCTATGACGTGATCACGGCGTCCATGTGGGTGCCGGTCAGCTCCACATACTATGACAGGGTCTCTATCCAGGCAATAAAGGTGTAACCGTGTGAATGGACCGAGCTTACTGCTTTGCAGCAGGGGAATTAAGTCATATACCTCTGACGACCTGCCGAGTCTCCATAGTAGTATATTGTATACGATTGGAGATCGAATA,1714,49.12,Caenorhabditis elegans
SEQ_985547,TTTGCCTTAATTGACGGATATGGCCACTTTAAGACCGTCACCCTTGCTTAAATATTTGAGATGCAAGGGTGAATTAGAAAGCCCCCTGCGAATGGGTATCTGTGCTACTAAAGGCCCGTCGAAGCGGAACGGTTGAGCGTTTAGCAAGATTCTTGGTCGGTATTGGGAAACTCGGTGATGGTCCGCCGGCAAGGTTCCAATATACGAGACATTTGGTTCACTGGCGCCCATCTGGCGCCTCCCGCACGATCACGGCATGCGGCAGTTCCTTCGCACCAGAGGACTTGGGTTCAGATTATCGCAACCTGCTTCAGAAGATCCCATGCGTAATAACTCGAGTCCGTCAGCCATTGCGAACCGGGAGACAGAACTGGTTTGGGCATGCCCTGTTTCGCGGACGAGCTCATCGTTGCCACATCAAGATGTGACCTCGCTTATGAAGTAGCTAGCCCTCGATTTGGGAGTATAGGAGCGACCAGGATTAAGCGTAATCGACTAATCCGGCCGGGGTTAACGTTTGTACTAGAGGCTGAGGCTTCACTGCTTTATTCAACAGGTGGAGTAGCCGGTGTATAGTCCTCACGCAGATGGCGCCCATCTAACCTTCGTGCTGTACCGGGGTCATAGATTGGACTCAAATGTGGTCCTCCCGGGTCAGCTAAGCAGAACAAAGTGCGTCCCTAACCTGCAATACTTTTGTGGTCTCCGTACTGTCGATTCCAGCGTGTGTCACGGAATTTCACCCCAGATCCTTCGCAGTGATTGGGATCTAGAACCCCTAGTACTGTGGGCGCGCAAGCGTATCCCATTCAGAGCGCGCCGGCCCGGGTTCTTTGGAGTACGTGCGTTATAGTGGTCGTGGTGACTTTAGTTGCATTTACTCTCTCGCTGTTGTCTAGGAGTTGAAGTCACTAATGACACAGCTCATACTTGATTGTCTTGCCTTAGATGCCGACCCCGTACCCAGGGTGAAGGGAATTAGGGTTCAACTGTGGCGCGTGGATGGACGCAAAATGGGAGCGCTCAGAGCCGACTGCCCTGTCCCGCGACAAAAGTGAGAATACACGCGGCCTCGACGACGCGTCACCTCGCGTTCTCTCCTGGGCTTATAGTCACACCTTAGGGTCCGCCTTCTACCTGCTGCTCCTGCTAACAATAGTGGTACTAATAGTTTGGGATACAGTTGAAATGATAAAAAGCTTGAACCGTGTTATAGATTTCTTTATCAGTGCACAACACTCCCTAGAGATGTCTGTCCGCGATCATAAGCCAAGGGGGTGATCACGTGATTTCCTTGTCTAAGTCGTACGGTCCGTTACCGGGACGTGGTAATATAGCGATAGAGCCAGTACATAGGGAAGGAGAGGCGCCTAGACTTACTCGGACGCAGGTTACACATAGCTCCCCTCATGCGCAAGGAGTACCCTCGACGCTGGTTGCTGTGGATTTTGAAACATCCTCTCGCGCTGGTATATACTCGCATATTGCTGTCTCGAGAGTGACTCTTCACCGGGCGTCTTTCTCGAGGTTGATTCGGCTACGCTTCTCACGTATCGTTCGGGTCCCCATTAAACATATTGGTTGTGCCATCTATACCACAGCGTCACTATCGGTTCTCCCACCCATCCCCCGGTCTACGCGTTGCTCAGAACTTTTAGAATCGTTGTCCCGCCATTGTAAAGAGGTCATTAACTATCCCTCGACCGATTAGGTCTGCGATTTATGGTCAAAACTTGGGTACCTTTTTGCTAATGCCGCAGGCTAAACTCTCGGGAGGCCCACTGACCTCCCGCCTAGTCATGGAAATTGCCTACCAGTATCCGCAAATACCGTCCATGTCCCTGCGGCATATCTAGACTACGGACGCCACTAATGTCTGGCTCCGCGCAGACGAATATGGCACAGCACGCGCCGAACCCTTGGCGCCCGATAATAAATGGTCTCTACGCTGTGGTCTACACTGATAATTTCATACTAGCGGAGCAGAATGGACTCGA,1997,51.83,Drosophila melanogaster
SEQ_242372,CCTAGCACGAATCAGGACTACATTGATGCTCGAGGATCCTATATGTCGCAACGTCCGTGGTCTGCGACAGCGTCGCTATTGACTGCCGGTCGAGGCACTGAGGGGTGCCCAAAATCAAAACGCAAGTTTCTGGCCCAGATCAACCACAGACTCCTACTCAGCAAAAGTATTGGTAAGTATCGTGAGATATACCGGGCCCCTTTTTATGGGCACTGCTTATAAGCCTATGCACCCTTCACTAGCTAGATGTCAGCTAGGCACCGCTCCGTGTGTGGGTCATGTCACAATTTAAAGTGACCATCTGCGTGGTGTATTAAGTTGCACGGTTCGCATTAAGAGATCATTAAAAAATATACACCGGTAATTGAGAAGAATTACCTAAACATGACAACACTTTGACGGAAGCGGGGACCATGCGGCTCTTCACAAGAGGGCTGTTCCTTCTCTCCGTGTAGAAGATCCGAACTGAGATGTTGTGTTTTACCGCTTGGGTGACAACGTCGGCGGCTCTTAGCTTAGCCACACAACCACAACAGTCGATGCCTCCTAACGACGATTACCTTCGAGGCTGCTTCTCACCACAAAAAGTAAATGTCTCAGACTTCTCGTGCGCTATCTTTTTGATTCCGGTCTAGTGGCGTGGGCGATGAGGAAAGAGTACCTACGTGGGAGTTAGCATGGTACCCGGGTTTTGCTACCTCAAAAAACGTCTCGCTACCTCGATATACCATCTCGATGAGCAGGGGGTCCCATGCACGATCTAGCATCATGAGGCCTTTAGCTGCTCGTCGCGTAATTACCTCCTTGAGACAGCGACGCGATCTAGACTGCTTTAGCGCAGCGGCTAGTTTATGGCGTCTCGCCACTGACACCATGGACGATTGCTGATTATCCAGAGGACGACCGGTGCCCATCGGCTGGCTAGTCCTTCCTTGAAAGTGACCCGTGCTCGATAAAAGATAGTTGAAGGGGTGGGGAGGAGGATATTCCGGACAGTCCCCTATAAAAGAACCGGAGGAGGGATGTCTAGGTCGAGGCTCGAACCCTAGCTTATAAGGGTGAGGGAACCTGTAATTGCAGATCTGGTCAACTACCGGTACCCTCTGAATGTCTCCATCTTGCGCGCCCTTGACGGCTCAGGCACACGCAGACCGCTGGATACGTCCGGACATGAAGCGATGTGATTGTAGCTCTTAATATGCTAAGTGGCGTGAATTAAAACGGCTGCCCAAAAATCACTGCTCGATGGTACTGTGGGGTCTGAACTAGGGTGTAACAATAGTACCTTGTGCGCGGACTTCTCTGTTTAGATGGGTCGAGTGAAAGGACACATAGTCTACCTACTGCAGGGGGGAGCGGCACCGGGTAAATGCGCCGGATCGCCTAAGGAATTGACAACGGTTATCGTCTGAAAAATGAAGCTAATGCCGACAATAGGCCTATGAACCAATGAAGGTCCTATATGTAATAGGAAAGTTACTTAGTAGCGTCGACCGTGGGTTTATACACCCACCAGGGCACTCCATTAGCTGAGGCTGGTGATAGAATAGGTCCCTTGGTGCCAAATCAGTAGGTAATGGACGCATGCCGATACTGATGGTTAGATGGGCCAGTGGTTAACACAGCTCATATTTCAAGGTAACGTGTCTGGCGATGTGGGGCAGAGGTCTTATTTACATATTAACTTACGAAAGGACGCACCTGAGCCGTGCGCAGTTTATCAGTTTCCACCCCATCAATATAAAACGTAGTAGAATGTAACTACTCATGGGCCCCTTCTTGAGGTCCTATGAT,1794,49.78,Homo sapiens
SEQ_100099,ATATTCGTGAGATAGTGGCAATGATCGTGCTGGCAATTCGATACGGGTGGGCTATGTTCGGACAAGACCGGGCGCAGTCCAACCCGATTAGTCATAGAGCTCGACCTGAATTTTGTCTCCAGGCACCCAGACACTGCAGAAAAAAGGTGCGCTTGTATACAACGAACCTACTACCGCATCAATTCAGGGGGTAAGGGGTAGCCGATGGCAATCCGTCGGTATCTGATCCTGTTAAACTCCGTGACAGATGACCCGAAGCCCCGCGCCTTAATGT,274,51.82,Escherichia coli
SEQ_780980,TTTTGGCAACAATACAATGATATCATCAATGCATTCCCAATGCTGCTCTATTAACGCAGGATCCGACGAGACTCAAGGCAGGCCGCCTGAGTCCTATTCTAAAAAATGGTGTAATTCAAAAGTCATTTCGTAGAGAATTGTTTGGGCTACCGACCTAGATGAGGATTTAGTTGCCGCGTATTTTTGTTAAACCAGGGCTAGTGTGGGAAGTGATCTAACTCGATACCCAACAATAGGTGACTTCGTGGCTATCATACCCTCTTCGTGCGATTGGGAGAATGACTTGATCTCTGTTGACTAAGGTCTGTGTGCCAAAACGGATCACGGCGCAATTACGTATCAGAACGTGGGGTGCATTGCTCCGTGCGCGGACTCTTTCTCCTAAAGGTAGCTAGTCTCCACTTAGTACTCCGTGACGTTAATGCAGACGGCGTTGTTTGGGGCCCGCGGTGGCCAGCGTAGGCACGCTCCCGATACGCGTCATGCCGACCCCTGTGAGCCGACGCTGAGACCGTGCTATCCTGCTCCGTCGTGTCATCAGACCTAGTACGATGAGGTCCAGATTGGAGAGTTCCTACTCACTCCAGACGGAGCAAAGCCCAGACATCGTCGTATATCTGTGGCAGCACGGGACTGCGATGCGCTTCCTTACGCTGCCGGACCGAAGGGGGTAAGGCTCGCCGGATTAGGGAGTGGATGAAACTTTAGTTTCATGAATTGTAATCCTACGCTACGGTAATGTT,743,50.74,Homo sapiens
SEQ_327373,ACGAATAGTCCCCGTACCCCAACAAGAACAGTTTGTTACCGCTACAGTAGCCAGCTTTTGGTGTGTTTCCTGTTGGTGACATATTGACATCTAGGGGGTGAATTGAAAGATTAGTTAAGTCGAGGCGTGACGGCTGCCCCTATAAGGGTGAGGATAGCCTCCATAATTGCGGACTAGTTCCTGAGAGTAATTTGCGA,197,47.21,Escherichia coli
SEQ_779003,TTTGGGGGTACGCGGCGTTCTGACTTCCTTAACGTCCGGTTACTTGACACATTTGAAATCCTTCAGAGAACGAACCTCGCACGCGTTTACAAATCAGCTTAAACTCGTATACTCTACGTGACAGAACATCCTCAAGCTTCTCCACAAGGCGCGACCGGGCGCCGCACTATTACCAGACGTTGGCGGCAGGCCGGCCTTGTCTACGTGTGGTGGTGCCTTACTAAGCTCCCATGAAACTCCCTAGCCAGTAACGGTAGGCTAAGAAGAATGAATGAAGTTGTTCTTAGGTTCGTACTAGGCTTTTCGTTTAAGATGTCCGATCTGTCTCGACTAGGTTCTCTCATTCCCCCAGCACACGACGTCCTCTTTCCGCATCACTGTGCATCGACTCTTCGACCGATCATGCTATCGGGAAGGCCCCGCGTTTGTCAATGGTAGGGCATACTGATGGCAAAAAAGGCGGGCAGGCGGTGCCACCTGCCGCATACTCTGGCGTATCTTAGTGTTCGTCGGTGTTAGCACCTAGCACAATCTCGCCCGCCATAACTACAATATGAACCTCGTTCAATCTTCTGGACTGCCCCACGCGTATTTGGTATGCACTGCCCTCGCGTTACACCGTCTCATAATGCTTTTAAATGAGGCGGGAGCTTTATCTTGGAAATTGGCAC,671,51.42,Escherichia coli
SEQ_491654,AGCACGTTGGCACCACAGTTACCACGCGTTGGCTCTTAACACAAGGACCACTGCGACCGTAGGAGACTAAGACTCAGATGCCCGTATTTCGATGTTCGTGAGTTGTTCACTGTGGAGCTATACACCTCTTTTTCCGGTGCCAATCCCAGGACATTCCACCCCGGTCTGACAACCACGCAAGTCTCTACGGCGGAATTATGAACGAAAAAAGCTGCGCTCAGAAGGGATCCCCAAACCTCTAAATTCGCTGGCCAATGAGCAGATTCGGTTCGGTATCGCCGTTTAATTCACCGTGGCATCTGCATGCTCTCGGTCAAGGCTGCTATCGTCATTATCGTAATGTTGTTAATTCACATCGCCGGGGGTGTCCAATCCATGATATATTGGTTAGGGGGTACAAGTGGTCATAGCCAGAATGGGGACGCAGCTCCTAGAGGCCAGCTTCGTCGCGAGCTTATCAGATACTAATGTTGGGGCCTCCAAGCCCCACAGGGGTCAGCTTTTCGGGGAAAACTCTAAGTTCGCCTACTCGCTGCCGATCGCGTATGAGTCTTGGCGCTATGTCGAGGCCCCTGTAGAGAAAGGGGTATCTCGATGTTGTCTAGCTTGCCCGCTTTAACACTTATTATCGTTGGCAGGGTTGGACGTTAAGGTTTGCGGACACCAGGCCATATTAACGATGCTGCTTCCGAGAAGCGGGATGGGAGATTACCGTCATCGACATCAGACAGTAAGGGTTTTAGCAGCGCAAATCTCGACTGCCTGTGCGCCGTTACATGAATACGGCTGCAAGATAGACTCATACAGTAGCTTGAAGCCATCGGGCCGAAAGCAAGTGTCCTCGAAGATGTTAAGGTGGTCGTCGGATCAATTAGGGTCCTAAACCACTATTGTCCTTGCGTTACCAAGTCTAAAAGCCAT,921,51.03,Saccharomyces cerevisiae
SEQ_858813,GGAGTTCCGGTGCGCTTTCTAGCGTCCCGTCGATGTGTAAGAAGGTGACCGAAGCGCTGCAGTAACTTCGAACTTACGAAATACATCTCGGGCTTGACTTATTATCGGTGTCAGTGTATGTTAGCGGACGTCTAGAAACGCTCTTCCTACACTCCGGATAATTCTCTATTGTTCAAATCTGAAAGGTGTAACGAACCATGAATCTGATCTCAGTGATTCGAAACTTGAGGAATATTAAACACGTGCCCTTCAGGAATTCGTAAAGTAAGTCGAGGTTGATCTCTTGATGTAATACCGAAATGCGAAGATCTTCAACCCGCTAATTGTATGTCCTATCGCATCACGCTGAGGCACATTGTTGGCTCATATCCACCTGTGCAATGGCCTTGACTTAAGTACACAAATGCACTGTGAGTGCTATCTGATACAAAAATCAAGGAACACGCTTGCGAGCCTAGGTAATTAAGTATAGACGACCGAATGCCAGGACAGATATAACGCTGCTGGGACCGAAGCCCAGCTGCAATTGTGACGCGCAAGAGAGTAGTCTCCCGAATGAGAGAGGAGATCGGAGTCTGCGGTGTGCATGGAAGCTCAGCATCCTTACGTCACACGTTAGCCGAGCGGTTCCGCCAACCTTTCTCCTCTTCTACACATAAATAGGACAATGAGCGTAGGCGCAAGTGACTGCTCCTACATGACTGTAACTGAAGGGTTTCGGCTTATGTTAATCACACATTCCAGTTACAGATTTATCCGCTACACGACCCCTTTAACTTGGTCTTAGCCGATAGCTAAGGATATGGAAGGAGTTTGTGGTGCCGTGAAGAACTCCTAGGATTGAAGAAAGAAACACGGTTACCAGTCTCGTCTAGACTGGACTCACGAAATATTAAGGGACACATCTTAGTAGCGTTGCACAAACAGATCAACTGGTTCGAAGCTCGCTAGCTGCGGTAGGTTTATCACCGGGGGTATTCCGTTCTCAGCCCCCATGATTCAAGGTGATAATGAGTGCGTAGCCTGCCCCGATACACCGAATACGAGAGCTCGCCGGACGATCTCATTCTATATTTCTCATGGCGAGCTGGAGCCGGTCCTTAACATAGCACCCGAAAAAGCTGCATGCGGTACATTCCGGACGTACCTGTTTACTCCTTTAGATCGTCTTAGCCAGAGACGTATATCACGTACTCAACACTTATCGAAAACGCAGTAAAACCGAATGTCTATAGTAGAGCTGCTTTCACCTTTAATTTGGTTGTAAGTGACGAGCCTCGTCCACCTTCGGAGCTTGCTATTATCGGATAAAGCCGTCTCTACAGATATTCGGAGTATCTGCCCAATCTTAGAGTTTAACAGCTTCGCGCCACGGTGTTCTAAGTTGTAGGGTTTGCCAAGAACGTTCCTGGATTATTGCAGATACCAGTTATGGGTACCTCCACCA,1447,46.99,Drosophila melanogaster
SEQ_380226,TCAGGCAAATGGATCTAAAATGTTCACATCACGGGGAACCCTCGGACCTGCACGTGGCGAACTGACCCCAATCTACATATCTTAGGTACAAGAAAGGTCGTTAGGTTCAGATAGAAGGTATTACGGGTGTTGGTTACTACGAATATAGTTTATCTTTCGCGAGACTTAAACCGATTTCCGACCATGTGAGCATTGTGTCCTATAACGTCGCGTTTACGATCTAGAGCCGTGTTTTCTCGCGCCGTGGCCGGCTTGCAACCTAGGGTGGGCATGTTGGACTGCAATCTCGCGCGAGGGAATTTTGCCCCTGGTATACTCCGACATCGTTTGAGGTTCCAACGCCACATTTGCGCCAAAAGAGCCCTGCGCATACGACCTTGTTATGAAGTATAAGGAAACGTTCGGACCAGTACTCAGAGATGTCTAAGTATAGCACATTTACCTTCGTTTTTCACATACGTTACCGACGCGTCCGAGGTCCGTGGCAACACCCACATCCAGAGCAGCCAAGAGGATCGAGATACAGCTAGATCTCTGAGGAAGTACTGACATTTCATTGGATGTCTCAGTAGGCCTAACCCCCTTTCGGTTAAAGACCAACAAGCTGCGGGACGCGTACTCGAAATACCCGAACGGGGACTAGTAAAGGGATCCATAGCCGCATGAAGCCCCGTCACCTAACTTCGCATTCTGCATTTAAAGCACATCAATGACGTGAGCCGTCAACAGATCTTTGGCGGGTTAACTGTAGATTTCAGCTCATGTAAACTCGCCGCCTGCACCATTGTTGTAAACACAGTGCATCAGTCAAGCATCTTTGACGCGACGGGAATCTGTAGGTCGGACCAATCACGAAGTGCCCCTGATCGAGAAACGGGGAAAGAGACCGGATCTATCCTAAAGCAGATGCTGGTCACTACTGGATACTGCTACGTGTCGGGCGGGGCCATCAATTCTGCTTGTGAGCAGCACAGCAATTAATCTTAGCTCAGCATGCTGACGAGCTATATTGCCTGGACCAAGGGCCTGGCCCATGATTTTGGCTGTGCCTACGACCTGGAGGCCGGAGTTCGTATGGGTACTACTCGGGAACTACACATTGCCGCAAAGGGTGGCCCGCGCCCCGTCGGCAATCGCTGCAGACAAGGCCTGATAGAATTACGCATTTAAGCTAACGGAGGCAGCGGCTGACCCTGGGAAGTTTAAACCTTTAAAGAAGAAGGGTGATGATCTCACTTTCTCACCAGTGTATGCCACAGACTGTGTGGAGGGCGTGGGATCCTGCTGATCTGTACACTGAAGTATGAGGGGCCGCGTAACGGATCAAATGGCGTGTAATCGGACATCAAGCGAATTCTTGATGCACTCATATAATAGGCAATTCAAAATTACAATCCTCACTGATAGGACAATGGGCTAAACGCGGCGCAGTTCTATACCGCAATAGCCCTT,1452,50.21,Caenorhabditis elegans
SEQ_147534,CGAACTTGACTACCAACTGAAACTCATTCTCTTATTTGCCCAAAGCGAGGACGAATAAGATACCGGGATAGGGCTAGAAAAACTTAGCATATTTGAGATATACGATTAGAGTCCCAGTAGCAAACGCCCAGTTCCATCTATAGGACGCATATTCTGTTATGGTCCCTTCCGGGAAGATCTACTCATTACGGCCCTCTGCAGCAACGTGTGCCATCGTCAGTTACACACGCACGGTACTAATCACGGCCGACATTAGAGTTCTAGCCGCAAGTCGACTTGCCACCGAGGCCTGGAGCTGTCACGTCGCCTTTCTATGTTTTACTACCGATGCTCAGAGGCGAAGCAGCCGCAGACAGCAGCTCTCACTACTTACAGTAAGAAAAATCGGGAACTTGAGCCCTGATTGGGCAGTCGTCCCCTTAGGTGCCTATTGATAAACGAGAAGAATAGATTCCTCCTTTCCATGGTATTTGGGGCGCATCAGATGCTCGCTAGGGCCCACTACATAGTTTTCCAATGCCGACCCGTA,529,49.15,Drosophila melanogaster
SEQ_640646,ATTACTGATTTGGATACAGGTCATGACTATGTATGGCCGTCCGTTCCATGTGATGAATAGCCATGCTGTGGGCTTTTGTGAAAAAATCGTCGCCAACGCGAAAAGAAGGCGGTATGTAATCCTATCCATTAGAATCAGTTCTCTGGCTGCCCTGAATGCGTCGGATAATTACCTACCGTCCAGTCTGCGTATTGCGGGTTTGATGTCCTGTAGCACGATACTGAGCCAAACCGTTTCAGCCGTTTCAGTAAACCTGTTCGCGGAGGGCGAATCACCATGCAAGATATGACTTGCCGGACTTCTACCCGCTCTCTTTCGATCTACCCTATGGCGAACCGCATCATGCAGATCGACTAAAGAAGTCGCTTAAGTGACTTATCGTCAAGTCTCCTTTCCAGAGATGCTAAAGTCACGACCGGGAGGGCGACCTGGCCATGCCGGACGCTACCGGATCCCGAACCTTCGAAGGACGGTTATGCGGGCATACATCACGATACCCCACAGTTATCTGACATCTCCCTAACCGAGGAGAAACCAATATCCAGTTTACTAGTGCTTTCTGGAGACAAAAGAACCGGCTAAAGCCCAGCGCTGGCTTGTAAGAGACAAGATCAAGGGATACGGCCGGCCACATTCCGTCTCTGTCATGATTATCCTGCCTGTCAATCGTCTCCCTAAAAAATGTAGGTGCAACTGCCCGAACTCCACCTACGGTTTTGCAGGACAGTACGCGGGCTCGTCGTTAACGGCTGTGGGGCTTATGCACCTTTCCATGAATATTAACAGATAAAGCCCCCACAACCGTAACATACCCGGTGTCCCTACGCTGCAATGTGATACCCTCTCTGACATTTGCTGATTCTACTTCCGCCCTGATCACAGCTACCCAGAGAAGAAAGAGTTTGTATGCGCATAAGGAACTTACTCAACCCAAAATCATCCAAGCGAAAACAGATTATGATTGTCCTCAAATGGAGCACTGCGGGCATGCGGTACCGGGGTCTCAAAAGCGCTGGGTACTATGACTACTCGTCCAAGGTGTTAAGCAGGCCGCTGCCATACCTACCTACAACATAGGGTTATATTCCTGGACACACACCTTACGATGAGTACA,1114,49.64,Homo sapiens
SEQ_297240,AATCCCTCATGGGGCACTATGAGCCAGGTCGAATGGAGGAGGCACAACATGGTCCTCAACGGCGCATGACGGGCAATGAGTCGCTTCATGTTGCAGAAAACAAGTTGCTTGTAGCTCGAAATCCGAAATTGTCTCGTAAGGACTTCTCTATCTAGTGGTATATGACACGCTATCACCTCTCGATAGGCACGGTCATATTTGACGTTAAAGGATAACCGTGCGGTTGGACTCGTCTTTTTTTCTGGCACGCAGTGGTCCCAGCGACTTCCAACACACTCGTACTCGCGCGCTTCCTTGGATGGAGATGTAGCCAGGAGCAAACTGTTGTTGTGTAGTCCGCTCCTCTATTGGTTTGTGCGACCGTGGGTAGAACGCCGACTCACACCTCAGACTGGTGCCGATAAAGTGAGAAGACTCTGCACTTGAGAGGGGATAATGAGTTTTCGCGAACACAGTCGCTCCTGGACGGGCACTGCTCGGTGATGACATAGACCACCGACGACGGGATGTCATAACATAAAGTCCTGGGTATATGTAAAGACTGTACAGTACAAGCTCAACGGACCCTCCACCGCTTTAACTAGCAAGGATGTGTTTCGGCGCGACACGGGAAATTTTTGTGAGGGTCTCGCCTTATAGCCGGCGTCGAACCTAGAGCCCACGTATCCAACCGCAACTTTTAGAGGTAGATGTGCAACACCCCAACGGTCCGCTGACTTACCACACAGCTCCGGTGAGTGCCCAGATTGTCGCCTATTGGCTGTGTCTAGACGTTAACCCACAGGAAGCGCTAGCTAGATGTTTACTGGGCTTCTTAGTCGTGGCGTGGGAAGACAACGCATCTGCCGATACGAAAATTATGAGCCATGCAGTCGCAAGGAGGTCACTGCAGATATGTTACTGTGCGCGCGAAGCATGCCATCGCAATTCCGGCCGTATATGTACACGCCCAGTTCGGTTACGGGCGATAGTAGGCTTTCAGGTGAGCCATAGTCTGCTTGGCAATTGAGTCAATTGGACCGTTGTGGTCGTACTGCTACTCCTACCCGTAAGTTATATGCCTGCATAGATGCTACGATGTGGAGGCCGGAGAAGCCGGATAGTTATGAATGCAGCAATGTGCGACGCGAATGCAAGGTAATGATTTGGATGCCCACCATTGCACTCCCTGCAGGGCGCTTCCCCAATAACATAATTGTCTAACCCCCCGACCATACTAGTGCTTGCTTATACTGAGATTGGCACTGAGTGATCTATTTGATCCTCTACCTAAGCGGTGCAACGCAAAATGCAACGCTCAGCAATTAACATCAAGTCAAACTTTATTCACACGCCCCAGGAGCTTCTGCGACGCGTTATGACATACTCAACTGGGAACTCTGTGATTGTTTCGTTACGGTCTACTAGTCACAAAGCCAAATCTTGCCACGGTGGATAGCATGGAGCTTATGGACTAAAAAGGTCATCGGACCCGCAAGATCCGTTAATAGCTACCTACTCAAAAGACGCGTCCATATTAGTTCAAG,1526,50.33,Saccharomyces cerevisiae
SEQ_464784,CCCAAGGTCTGCTTACAAGCCAATGCGTTCGGGTCGAACCTACGAAGTGAACTAATGGCTCTTTTGCCCCAAGAGGCTCGCTTCGCGTTGAGTATGGTGCCGACTTCCTTAATGCACGACGTTCGGCGTCATTTGGCGAGGCATTCTCATTGGCCGCACACATCACCAATAAACACTATTCATTTTCACTCCGGAGTATGCTATTGAATGCACTCTTGGGCGGAAACGTACAAGGCCAAGGGGGGTTGATAATCGATTACTCGCCCCACTTGACTAGCCTGCTTCCTTACTCTGAGCCAAACATGACATGCCTCAGATCGCCGTACCAATGCCGAGTTACTCCCAACTGGTCGACGCTTCCCGGTCTCGGAAAAACGGGATTTATTCCAGAGGCTGTGGGACCAGGA,407,52.09,Homo sapiens
SEQ_552047,ACATAACTTGGGCGATTTAGCTAGCACAATATTCAAACGATATAGTTGCCACCGTCGGCCGATATCCGACTGCACGCCCAATAAGGGGAGTCGTTATCGCCCATTGGTGCGATGCCCAAAGTAGCTGTCCGCACGCCAATGTCCAGTCACGATCAGACAAGGCAACACGTGTTTTCCCCCGGGGCACTACCACTGGCTT,199,53.27,Homo sapiens
SEQ_439803,CTGCGGTGGCAACATTTCAGACAATTAGTGCTAAACACACGCGCTCCCTTCAATAGTCCGGGGCGGTATCAGTACTAGACGTTCTTGACCGATTCACAGGCGACAGCTACATTAATACAGCCGAAGGAAACCGCTGATGCGCCGGGGATCGGGCCTCGAGGGCTCGGCTCGGCCGAGAGTTGGGCTGGTGTGACTATGCCGAATTTCCTATCACGTTGTTAGGTTGCTGCCCATTACTGCCAACCGGGTGCACCGACGTTAACCGTGAGTTATGGCTCGTGTGACCCTTTTCGGGTTACGAGGGCTATAGATACCCCACCGCTATGAGCGTGGAGGACCATCGTGACAAAGCGAGCATGATGTCACCGTTGGGGCTTTAAGAGGGCACAAACGACAGACAAAAGTTCAACCCAGTGGACGTACCCGCCAGATGGAGTAGTACTCGAAATGATATCGGCACCTTCGTTCAAAACCGTCTCTCGGCCGTTGTTAGGACGGCTCCACAGTTGCAAAGAAGGGCTTTTCACAAAAGACTCGGAGCAGCCTAACTAAGAATGATCCACCGCAAGGCTTGAATCGACGGGAACTGATCAACGTCATCCACGACGGAATCAGAGCGGCCTCCGCAAGGTTGTTGTTAATTTCTGTACCAACTCTCATATTCACATAGCTCTTGCAACAGACATGCAGATTCCCTTGGGGCTTGTCTTTTGTCCCTGTGGCTTACTATATGACGCTTTAACTCGCAGCAGAGCTCAAAGGGTGCGCAGCGTAAACTTTCGATCCTCTCTGTAGTCGAATCTTGATATCAACTATGTGGTGAAGTAAATTCCGTCTAGTCACGCTGCGTCTTTCTTACACACAGTGAGTCCCTTGTTTCTTCACTTCGGTTCGTTGGCTTAAAGCAGAACAACCTATCGCTGCAGACCTATTCATTGGACTAGTTTTCCGGGTTTGGAGTCACAAGCCCAGATTTTGAAGCTCGCCACTCAAATTTAGAAAGGCGAGGATCCGGCTCTGACCGCCCTATCGACCTCCGAGTATCTATTCAGGGCGAGGCAGACATGAGCGAATGACTCTTTTTGATTCTGCCGCGTCGTCCACTTCACGGCTATATGTTTGCAATGTCCCCTTCGGGGTTACTGGGGCACGTCACAGCTCTCAATTATGACCAATTGAGCTCTTACCAAATCTGAGCGTTACCATCGGCAGAACACCTACTGCTGCCTGGGGTAGTCGGACGTTATGGCCCCAAGTAATAAAAAAAGGAGGGAATCCTACGATGTTTACGCGATTGTATCCCCCGAAGTAACGCCTACACAAAGTTAACCGCCTGTACAATGCGACTGATATACATGTGTTTGGCGCCTGGGATCGTCGCTCGCAACCAGGCCCTGCATAGAGGCCACAGGATGGTACTAAACGCCTCGGATAGAACCCGGGAGGTCGGGGACTGATCTACGTAGACTGCCGGCTTGGTCCACAGAGGATTAATGTTAGTGGTTGCACAGGTCGAAAACTGTACGCAACGCCTCCTGAAATCGAGCGGATGTTCCTATGCGCGACGCAGCATCGCTTAGTGCGTTGCCCTCCTCATCACCGGATTGGCAACATAGCAGGCCCGTCTAAATATATAGCTATTTCCGAGCTAACGTCCGCTTGATGCTTCACATCTTGCATAACTGAGGTAGTGCAGTAGTGAACCGGAGCTTAAGGAGGACAACGCAATCTCAAACGACTACTCCGGCAGACGAATATAGATGAAGCATCGGTCGTTTTACCCGGTTTAGGAGCGATGTTTTTTTAAAGAAAAGTCCCGCATGACTCACCGGCCAAGCGATTAGACGTAAGTGACCTACAGCA,1863,50.89,Escherichia coli
SEQ_336359,ATGTAATCACGACGGAATCTATCTATCGCCTGATTAGTCTATCTTGTAGTTGAGTGTCCACCTCTGACGGCAGATAAGTATACTGTATGGGTTAAACCACCGATTGATCGTGGCTGCGTCGGGAGGTATCCTGGTTGTAGCCAACCAGTATTCAGACCCCAGCGGTAGTAGTCCCCCCGAGATCCCACTCGGATCCGTCCTCAAAACCCCTACAGGGCGACGTCAAGATATAAGCGTCACTGGCATTGGCCATGTCATGACGCTGGCATGTGTCAATTTGGTTAGTATTGTGCTTGGAGCGGGGGACAGCTGACTCCATCACGGGCCATACTCTATCCGATAGCGTAGTGACCTGCATTCTCGTTCTTATCGGGCCAAATTTCAGACTTGCAGTCGCATTAGAGCATGGTAGTTGCGGCGCATAGGCTGGGTTGACCACTAGTTACTATCAGGTAAGATGAAGTCCGATCTGAGAAGCCCAGTCGCAAGATGATAATTATCCATTGTTCAGGACCTCAATGATAGTGCTGGAGCCCGGAGCTAACTTCACTGAGCGACTACTCGGCGAACGGTAGACGCCTATAGTTCTCATCGAAATCCATGACGTATGGAAATCTCCCAGGTTACATGGTAAAGTGATCACGATAGGATCTGGCAGTTTAGTACTGCCCCGCGCTGTAGGACGCACCCTTTT,694,50.14,Escherichia coli
SEQ_712739,AACTCAACGTTGTGGTCGTACCCCACGGGCAAACAAAACACTCGAATTGAGGTGCTCTCACCGATTGATTCAACATAATACTTCTGCGTCATGCTGGACCCAGAAGCGTTTACAGCGGACATTCGCCAAAGGAGCTTTGGTCATCTGTAGTCCAGTTTGTCAACAAACTTT,171,46.78,Homo sapiens
SEQ_654551,GACATTTTGCGTAGTATTAATTGGGCTGCAACTATATTTCTAGATCTGATAGTTGAGAGTGAGTAGCTGCGGTAGAAAAAAAATTCTGGGATGTGGGCAACGTGGACGTTCAGCTCCCTTGTTGTTACCCCGACCTATTCATAGAGTGGCCCGACAAGGGGAGGGTTGCGGCATGGTACCTAGTTCTTAGTCCATGATACTGTTGTGCAAGCACGCCAGACGTGCTAACGCCGTCGCTAATGCCGGACCATCAGTGGATCAAACAGGTTGCCGTAAATAGCCTCCGAAGAATGCAATTAAGGGAACTTATGGCGCTTTGGCCGGGCCACCTGCTCAGTCGTTGGCATGTAATGATGACTACAAGAGCTCTTGGCTATGCTAGGGAGTTCAACGAGCTTGGTAGCAACACCTATAATGTGGATCCATATCTCATCGAACGTGGGGTGGTAATCCGTTGATACCAAGGAGCAGCTGATTCGGCCCGAACGGCGCCAGACCATATTACAAACTACTAATTCCCATTGTACACCGTTACAATAGGATCCTGTCCGCCTTAAAGGAACTTCGTCTGCTCGGTCCTTCTAATACTAAACGGACCATCGAGTTTTGGAGCGAAGTCGCATGTAAAGACAACTTCGACGTTGTAAATTCGGACTCTTTCTGCCCTGTTATATCCGCGACAAGAGTTGTTCGGGCCTTCGGCCGTTAGAACTGCGCCAACGGTGCAATTAGGCGCGTCGGGTCTCATCCGAAAAGAAACTTTGACAGCGACCCTGACGTAGTCCTTATAAACCTAACATCACTTCCATATCACGACACACGCGTAATCTTCCGGGGGATTCTAGAGTTAACGAGGCCTATGGAGTTTAGAACTACGTAATTTGACGCCAACAAATAAGTTTCCTCGGAATGTGTGATCCAGTTCACGAAGCATTCTATTGATCATGTGGCACCAGCGTCCTGTAGCTTTTGCCCGTCAAACTTAAACGCCTAAACGCGTCACCCGGCGGGCAAGAGACTGCCCTACGAGCCAATAATTCACAGTGATGTGACTGACGCTAGTCCCGAAAGCGTCCGTCCCTTCACTTCTCTAGAGCCCATACCTCACGGTCCGGAGCTGAGAGACCGTCGGATGGGTGGGTCAGCCAATGCAAACACCCGCCCTAGATCGTGGCATGTGGATCCCTAATTGTCCCAGATTTGGTTTGCTCCAACACTAATTACACAGCTTACGCGAGTTAATTTTCTATGACGGCAGCTCGAGCCTTGCTCCCGGCCTCGATCTGGTCAGGAAAGCGCGGGGGCGTCGCGGACTGTGTTATATCCGATTCAAGCTAGCTCAATGGTCGCCGGAATTGCGGACGCTCACCGATAGATGAAATAAGTCTCCACCGAGGCTCGGCCGAGGAGACCGACGACGCGGCCCCCAACTGTTATATACCGTAGCGAAAC,1452,50.76,Drosophila melanogaster
SEQ_672695,CATCTTCAAATCCTAGATACTCCCACTATTGGTGGCCGTGCGGCAAGCCAGTTAGTCACACTAGTAGATCCAATACCCGGCAAGTAAGCATATTGACTACGCACACTAATCGAACGGGGGCCCGTGCCCTTTATTTGACGCACATTCCCGGGGAGCGTTACAGCACTACATGAGAACTAAAGGAATAGCAGTATCTAGTCGTGTCATTAATTCGTGCATCCTACGCCGCGGTTCTTAAGCTGGAATGACTTGATGGACATGCAATAGGGGGCAGTTCCGCTATGCCTAAATCGACCGCAGAACGTATTACGGAAACAAATTGTGGGACCACCGCTGTCTCTGAGAGGCGAAACACAGAAGTCAAGTAGGCCAACACTTGTGACAGGGTTCCCTCGAATGAACACGCTAACCACTGATATCGTCTTTCCGTCTCTAGCCGACTCGTTTGAGCTCCATTACAGGTACCCCCCCATACCATTTGGATAAATAAGAGGTTTCAAGATACTAACCCTGAACACTCACAAGCGTAGGTAACGCTGGAACCTAACCGAGCCGATTCTAAAGCCGTTGGAGGTATCCACACCTTAGCGACTTACACAACGGTGCTATTTTGTACGGGATGGTTTCTCGGCAGATCCCTGTTTTCGGGAGTTAATGCAGTTTTATTGACTCTCCCAACGCCCGGAAAATATATACGAAGCCTTGTGTCTGCTACAGGACTGCGCTGCAGACAAACACCAAATCTGCCCCGGGCCGATTGTTTGGTGTCGTACTGAATCCATGGTACTACCAAAACGCCACC,802,49.13,Saccharomyces cerevisiae
SEQ_531245,TAGTCGATCCACCGCAGTCTTTGCAGCAGCACTTTACTACTCTTATTTAGCAGAGTAGATCTACATAACGGGCGGATCTTCCAGCAATGGGTGACTTCATGCGCTGTGGTTTCTCGAACCTTATTAGACATCTTTTCCGTCTTCGCAAGAGAGAATATCACTGTTAGGAGCGTAACAAGTCCCCTTGCTGTTTTGATCGTGGAAACAGAATCCTAGCCTCTTTAGCGATATGAACATATTACTTTTGTGCTAGCTTTGCTATGAGTTTCGATAGCCCTTTTCCCTGTCGGAAATCTGCAATTCCGCCAATGTCTGACTTCTGTACAAAAAAACAGTATGTACATCTATTTGATGCAGCTTGTGTAGGATCCTGATGCGGGGAAGGCCAAGTTCTATGCGACGGCTCTAACGCATTATATCCATTGTACTCTCCCGGTGTTGCGTCGTGGTCAAATTCCCAGGGTGACTGATGTGACGGATGATACGTGTCAATGCATCACGTATACTTGGGTGCTAGAGGTAACCTTAATACAGTTAAGAGGGGCAGGCTAACGGGACTGCCGGGATTACGGATCATTCAATAACAGCTATTCGGCGAAGGTCGGGTTGCCCCGTACACATGGAATTGTCGTTACCAGTATACACGCACGCAAAATTCATGTTCCACCGACGATACTCATTAGCACCGTCCTACTCCAAGGCGTGTTTTTATGAGGTGTCTAGCCCGACCTATGTCGAGCGTGTGGCCTCAGTCTGTTGTCAACTACACTTCTAAAAAACTAGGACTTTAACTCTGACACCCTAATAACACGGCTATTATTCTAGTGGTAGCCAGAGAATCACTGGGTGAAGCAGCCCGAATAACCTTGAGTAGTTATTCGGGTTATCCCTTAGCCCGCTGCATGCAGAATACAGACCACCGCTTTGCTATACGTCTACTCGGAGACTTAAGGATCAGTAGTCAAAAGAAGCGGTGCTTTGGCCTGCCTAACCTAGTAACTCAGCAGCGACAACTTTGTCTGTGAAATAATGCCGCCGACTTCGATCGGCTTACTCCGGTGCGATACTATGGGCTTCTGGGATTTCCTTTTAAAATTATTTTAGACACCAGATGAAGTGAACCGCGCTTGCCCGAGGACTAATTTCAATATCAGCTGCTGAGTGGGTTCGCTAATTCAGATGGACCTCCTTCACGATAATTCGCTTGTGCGGAACGTCTATTCCTATCCCAGAGCGTGTAATGTGAAGCGACCAGTCTCTCTGGATGCGAGTGAATGACACCCGATGGGTCCACTGGAACATGCGGTCCTAAGGCGCTGGGTTTACGACGCAACCATCGCTGCTCCTAGAATATTGTAGCGAGTAGGACGGCTTTGAAATGTTCCTTGATGCGCCCAGGGAGGCCGTTATATCTCTTACGCCAACTAAGTTGTTATGCTGGCTTATCCTGAAATTGTGTCTACGGCTGGGAGAAATGAACATGCGACCCGTTACCCGTCGTCACGGAGGATGCGTGGCAGCCTGAGCCTATGTACCAGTAAGTTTACAACACGAGAACGCTTTGGTGATCATCATTGACGAGATTACAAGGTTGCGCTGCTCAGGGCACCCGCTGAGGGTTCTATAAGTTTCGTAACCTCCATGGCATTGGGTTATCAGTGGAACTGAGGGGGCGGACAGGTAGACTAACGTGGGGGCC,1699,48.2,Homo sapiens
SEQ_563951,TGACTGAAAGCGTACTTAATACTGCTTTGAAGGAACCGACTTGGTTATACCTCTTTTCCAATAGTTTGTGGTTCATTGCAATCTAAACGGCGCAGCGAACGTAGCGTTTGTCATGGCATCGGGGTCGTAAACCGTATAGTCTGTTGCGAAAAAACGAAACTGATGCCAATGCTGCGTACTACTCGCAAGTTGTTACTGGTGAATAAATACCGTCGAAGCGCCCATTTAACATGGGAAACGCTGCCAATATAATAGCGAAGCCTCAACGCGATGCCGGCTTCCCAGTAGGCCGATCTTATTGCAGATGTGCTTGGAGCGCGGCTGTCCAGTGCTGACAAATTGTGGTGCCTATCTAGGAAAGTCGGGACTCTGTATATAAGAGGGAGTGTCTAATGGCCGTCACAATCAGACCTTAACCTGAAAACGTTTACGGCATCTGTAAGTTTGCTATCTTTTGCAAGAGGCGTGACTCTTGCTATCTGTCTCTCCTTATGTACCGCATCGCGTAGTAGCTATAATCATCGTGGATCACGGCTCTTCGCGCCTTGTCGCTACACTGTAATACTTAGCTCAGAATGGTTGGGACCCGTAACACCCACTATGAGTACGCGCAACTCGAGCCAAGTAGACACAAGCTTTGTAGCGGCGCGGGCTCCGCTCTTAGCTTGGCCTGCAGTAGGGTCCTGGATGGCAGCTAAGACCATTTATGTTGATGTCCACTTGTAGGGCCTCCTGAGTGAGAGGGACATAATAATTTAGTTTTGGGGCGTCCATCAACGCACCACATAATGGACTGAACTGCTTCGACACATTGTGTCACGGCGTGGTGACGTCAGCCCCTTGCCCAGTTGGCACGAGTTTCTTTTCGGAACGATAGTGAGCTACCCATCTGTGGCGCAGCTCACGAGGGTGCCTGTCACAGTGTCCGTGGTCCTCGCTTCACCCGGGGGCATCGAATTCCCCTAAGAGGTAGGAAACGCGTCATCAACGTACTCTGAGCCTCCCGCAAACAGCTGAAATATGTGCAGAGCGCCGATGATTAGAGACAGTGCCCCAATTAATCTTTCGCTTTCTCCGTGATGAGTGACGGAAATTAGGCGATTAAATG,1108,49.91,Arabidopsis thaliana
SEQ_715255,CCACTGCGCGAATCTGTTTAGTAGGGAGGAGACCCCACATTCAGTTAACATCCA,54,50.0,Escherichia coli
SEQ_349695,ATCACCGCGGAAAGATAATCCGAGGACTACATAAGGTTAATCGCCGTGATCGATCGTGGTACAGTGCACCGGTTGGCTAAGACAATAGTCGAGTAAGATGCCCACAGGTCTCGATGTAGGCTTACATATTCTGCCCTCACCTAACCCGGGGTTTTCGGACCTGGCGAATTATTGCTAAGGGTATGATAGCTTTGAGTTTGTGGCAGGCAACTATTGTGGCAGCTTCCCGTCGCTCGTCTCGCTGTCTGTAGCCGGTATTTGTATTCAAAAGGAGAAATATGTCAGCGTCTATAAGATGTCAAGTATGTCGCTGGCCTTCGGGAAATACTATAGTATCTGCACCTCTGAACTGCAACGGCGCAGAATTAGATCGCGTCGAGGAGTTACGATTCGCTGCTTTGAGAAGGACCAGGACCCATGTTCGCCCGTGTTACTTAGCCTGGAGTAGTAAGGCCCCTCAGGTTTTACAGCCTGAAACCACGGACAAGGGAGTCACCGCAATTCCATCGGGAACATAGGAGCTGTGGGCAGGAATTTCCCAAAAATAGATGGGTTCCCTCACGACGTTGCAGAGGTAGCGGGCTGACCAACCCTGAGGTGCCACGGAGCCAACTGAGCGGAGGTCCCATACCCAGTTAATGTGTCCATTGGTTGTCCCACCGTGTGGCATGGAATTCCTATCTCTTAGCCATACCTCTACAAGACACATCGACCCTGCGACAACTGGAGATAGTTGATCGGGGGTTTACGTCCTCCGGCTAGAATGCTTTGAACATTGCGGTGGTGATACCACATTTCCCAGCAGGACACGTGAGTCCCAACCAAGTGATCTAGCGCCACCGTCCAATACCAGAGGGTATCCTAGCAATCGCTTTCAAAACGGTACTCAGAACCACACCGACGGGCGACACCCCGTGACCGGTACAACCACGGAAGTCCGCAGGAACAGTCAAAGCAGAACACGGGGACGTAGCAGGAATCCCCCCAACAGCACATGGGGGGCTAAGCTGCTCTCACTGAGGGTATTCATCGCGTTCGATTTGGGCTTATACCCTCGATATCCTAGCCCCTGGGTTAAAGCGGGGGCAGGTTTTAGGATAATCTTTGTGGGCAACCA,1117,52.19,Arabidopsis thaliana
SEQ_527885,TTAGGGCGACGGGCTCAACCACCAATCACCACGGGGTTAGACCAGTTGTGTTACGGGACGATAGCAAATCTTAACGTAAGTGACTTTTAACGACCTTGAAGGATTGTGTAAACGGCAGTAATGCTACCGCAACTGCCATTACCGTATGCTGTCGAAGGTCTGGGATCCAGAAGCCTGGGCGGTGAGACGCGAATGGCTACCATCGGTCAACGTCGTGGTTTCAAGTTTGATAGTCTGTTTTCTAGAAGTCATCATCTGAAGGTGCGAATAATTAGGGTTGCGATACTGGAGTCAATTCGTATGCTCCATTGCATGCCACTTAACCCCTAAGCCTGAGCGATCATGTTTCCGTCTGTACCCGGTGCGTCAGACAGTTGGGAAGGCGGCTGGAACGTTATTCTTGCTCAGCCCGCAGAGTCAGTTAAAGGGGTAGTCCCTGTGCAGCCCATATGTCGTTATACGAGCCAGTGATCAACTCCGGGGATGTCAACGAGTAAAGATGCTCCGAAGCCAGCTCTACACGGTCCGGCGCTGCTTTGGGAGGATCAACTTGGGGATCAAACCCGGAAGCAGTATTTCTTGCGCGGATACGGTTACGTAGCTCTTAAAGAGGATGCAACGACTCCAGCAGCGCCTGTCCATCAACGACACTCCATCTATCGCTAAGTATTAACAAACCCGTTTGAGTCCCGGTGCATCAGTTACGGGCCGCAATGTCCGAAGATGTATCGCTTGTCCACCGGTGAGAAGCCAGAGTTGCCGGATAACTGCTTTTCTATATCAAGATTACCACTTATGGTGTCTACCTTGGACGACCTACCTAAGAACCCAATCCCA,837,50.66,Drosophila melanogaster
SEQ_899429,TCGTTTATACCTATTATACTGTGGAATTACCCAGCTTGGCTGACTCGCGGGCACATCCTATGAGGAGACCACTTGTTGCACCCCAGGCCGTATGCGGGCAGAATGGCCGGGTCGCCTAGCTAGTGTTTTTTCTGCATGGACCTAAAGGGACTCCTTATGGCGGCTCAGTGCGCTGCTCACGTACGGAGGAAGTTTTGGGCTTCAGTTCTTCAACGACACTAGGCGACGGAGGAGGTAGGGGGATCACAGTAGGCTATGACTTCAGGACTGCGTGTACGACAGGCAACAACAAATTATACCTAGCAGCATCAGGCCAGTTATATTATATTCCGGAATCTATTACACGTCAGCGTAAACCTTACATAACCAGCTTAACGGTAGGGGAGTTCAAACCTCAATGGAGGTGCGATCTGTAGGACTGCACCATGTCTAAAGGTGGACCATGGCTTGGCAGGAGGATTAGCACGCATCTTCGGAGATAAGTTGGGCGCATACCTCACCTGTGTGCACAAACATGATTCCACATTCGCTGTAATATAAGTTTAAGGTCGCGTTGGTAGTATAACAATACGACGCACCGTCGATCCGGACGTTGGCCACGGGCGTTAATCAACCCTTCACGGATGAGCTTCGTTGTTATGAAAGGTCAATATACAAAAACTTGCTGAGCACCGGAGGCTATATAAGTGTCTGTGGAACGAGTGTGTCCAGGATTTGCGTCTTATTTCGGTGGATAGTGGCAACAGCCTTTTGCCCCGTTCTTGTTGGTCTCCCCTTCGACATCATCCCAAAACACCAGTAGTCCCGCTGGAAACACTGGTTTCTCCCCCTTACAACCTCCGTGTGTAATGCGAATTCACGGTCGGCTCCGCGGTGGATCGTCCATGGTAGGAAGTGTCCGAGGTGCTTAACGGTCGACGCCTACGAGCAAATGCTGCTTTCAGGGGGTAAGCCTCTCCAAGTATGAAGACAGGCTGCATGACAGCGGAAACGAAGCGTGCATTCTATTTCCGTTGACTTGAAGGGCAATGTTGTGTATGGGCTCCAGAAAGTTAATTAGTTGGGCCGTAACAGGAGGGGGAGTAAACACTATCGGATTGCGCCGCTGCATGTCCCTCTCAGCATCCTTGAAACGCCCCGGGCTACCACCTCGCAGCATTTTATTCTCTGTGAGGTGGAGCCACACAATTCCTATCATCGGGACTTTATTTGTACTTTCCCCTGTCATTTTGGTACTGGCGGCATAAGTGAAGGGATCCTCGACCGTCGGTAGGCGAAGTATTTTGCGCCCTACTCGCAGTCTAAAGCTCGTAATGAGGTAAAGGTATAAGAGCAGTCAACTGTTGTAAATTAATAGGGTCATACACCGACCAAATGGCCGGTAAAACTGCTCTTCGCGATGGAATTCCCCAGGATGCTAAAAGTTTGTTGGAAAGGTTTCACGTCTGAGGGTTTAAGGAGGAAGTTTACGAAAATGGGATCTATCACTTAAGGCATTGGACAGCCTCCAGAACTCATCGGCGACCAATGGGAGAGGAGAATAGCGAGCCTCGCAGCTTCTTGGTTATCGGCATTGGCGACGAGTAGTTGGGACGGATCGCGTAGAACAGCGGGGAGCCTCGCGTAATCGCCGGCCGACTTAGCGCAGCTGTGTATAGCATGTAAGTTCGCCCACGCATATTTTAGGGAGACCTATAGGGAGGGCGGTCATCCCAATACTACATCTGACGGTCCTTAGGCCTGCGAACCACGAAATTTAGCTTGTGAAGCAACGGGCCCTCACGGCTCGTTTAACAGTTCGTCCATGCCGCGCACGGCGGGGGGGGCAGCCAGAATCGTTAGTCCCGGGGCCTCTGAGAATACTTTATATGCCGGTACGTTCATTCGAGGATTAAAGAGTACGTCAGGGACATTCGCTTCTTACATACTGCGAAACCCCCGGACTCGAT,1949,51.0,Saccharomyces cerevisiae
SEQ_536239,TCATACGGGGGATCCCTAGATAAGAAAGCTCTAGCTCGGCGCTGAGCCACCCCTCATGCGACATTGGATTATCCTATAAAAATCGATCGCTAGGGTCAAAGGACTGAGCACAAGTCCCGGTGATGAGGGTAGACGCGGGATCCATAGCGAGTACTAGGGTGTGTGAAATCCCAAGTTATTTCGGTTAATGGGAACGGACACGGTTCATTCATGTCGTGTGAACTCAACACTTATTGATTTGTTCAGTGACCATCGCAGCCTAACTTTGCCACATTGACCGAATGGGCGCATTTGGTTGTCTGATGGCCGAGATTTCATCAAAGCCCTTTCGACCGGCAGAATAAGGGCTTACACTCGGGCGCACTGCTGAGACGGTGCTCATCCAATAGTGACAGAGGTCCGAGGGGGTGCTGTATGTTCGTGTGGGTATACGAGAGAGGCGCTATCCCTTCGCGACGGCTCCTGAGGCGGATTCCACCTTAACAACAGTAGCAGATGTCAACTAGTCGTTGAGCGGTTTCCCTGGAAACTTATTTGCAACCGTCAGGGGCAGGCGGTCGTCCTAGACAAGTAATACGTGCTACATCGCTTCCCCACAAGAGCTACGCACCGGTTAGGCTATACCTTAGCGGTGGCTAAACTCTATGTGGTCCCTAACACCGCGCAGGGCCGGAAAGTGTTAGACTATGAAAGGAATTGTACCAAAGCTGATTGCCCTACAGTCTGTGTAAACTTGGAGAGCCATTCCCACTCGGTGCGAACAATTTAGCGTAAAAGCTGGACACACAGTGGCACTAGGGACGCGAACGATCAAAATACGCCAGGAATCTGACCGTGTGACTTATGACATGATTGTATTATAGGTCCGTGGGGACTTTAGTCCCCGGCCAACTAATCGTAACCTTCTCTCCTCCGGCGGCGCGGAATGCCCTCTTGTCGTTACCTCGCCCGTAGGGTAGGTCAGTTGTGTGGTGCGTATTAGCTTTAATTTCTGTTTGGAGACCGACCGCGAGATACCCCAACAATTGCATGAGACGAGTTTATCTGCAAACGCGGCACGTAGATCAAATGCCGATAAGATGCTCCGCTCCGTACAAGTGCAGTAGATTATCCGGATTTCACCGAATGTGGCTACAGAAGGTTGAACGCTATGCGCGGGCTTTCGGGTGAAACCAATGCTTCGGAATGGGTTTACTGGTATATGCCCTATTCAGCGGAATCCTAGTCTGGGTGCGAGTACCTACTGTGCCAAGAACGAGGTCCCAGATATACGTTCGGTTGAAAACCACCGGGGCCGTGTAGAAGA,1306,51.23,Drosophila melanogaster
SEQ_146646,TCTGAGGCGCCCGCCATACCGAGAGGACCACGGTCCTACAAGCATGATTCTGAGGCAGAGGTGGGTCAATATTGCTATCGTGTGCAGAATGGGTACCACCGTGCTACTAAGTCGCTTGCGACGATTACAGCAATTATCGGACCAATCGCTTGCGGGTGTATTTGTGCCCTAAACGGACTGCATTGCCGGCAATCTTGGCGTCATTACCCCTATCGAGGGGTTGGTGCTAATCGTATACGTCTTACATGGTAGACCTTTTCAACCGGCTAGGAGAGCCAGCTCTGTTGTCACGGAACCTTCTCACATACCTGTATCTCTCAAGCGCACCGACCCGGACACACCGTTTCTCTCCACGCACGTTGGATCTCATCTCCGATAGTTGACGAGAGCAGAGCTTTCCTCTAATACGTACGTTTACCACCACGTCTGGGCATATGTAATATACCGCAATTCTCGCGATGCACGCCTGGTACATAGACCCGCGGCGGCGTCGACCGGCTCATAGTCGTAGCATTACTGACGATTGTCACTTGATCCGGACCCATTTGCACCAGCGTTTACTACCTAGTCACGCCAGCTAATCGCCCATTGTTTTGCAGGGCGCCTCTGGCGTGTGCTGTTGCTCGCCACGCATTTCGATATCATATTATCTTCCACGAGGTGATCCATGACGTCGCCGCTCAGCCTGCCTCACCCGTAATGTATTCGATATTTGTTTTTACCGCAGTCTTCACAAGATTAACCGACTATCAAATAGGTCAGTCGCTGTATAATGTCGTCAGGAAAACGTTTTTCTCGTGGGCAGTCCCGATCTAGGCCTCATGCGAACGTGGGCAATTCGTACAGAGCGCAAATCTGTGGACTCTATGTGTCCGGGGGTGGAGCCGTAGAGGCACGACATGCAGAATCCCCCGCCTCCACTCCGAAGGATGGGGATTTCCTCTATAAAAGGACCTTAGCCAGGATGCGACTCTCGGGGGGCAGACTACCTCTGGGCGCGAAGGCAGGGAGAGAACGCGTCTTTATTGAGATGCATTTACTGACTCCGCGTACAACGCGATGACACCGGGGATGGACTTGGGTCGAAGAGGATCCGGGCCGAGTCGTCGTCGGCGGCCGCCATTGTGCTACTCAGCAGACATTGGCTCCTAAAGACAA,1158,53.45,Escherichia coli
SEQ_596806,TCATTCGCATTGTTCCAGTCTGGCCCGCACGTTATATGTAAAGATTTCGACCTTGCCTTTGATACCCCCTCCCACACCAGCGCACCCAGGCCTCGTGGCCAGGATGGAGACGCGCTCTTGATGCGGGTACTTTTTCCAAAATGGAATGGTTAGTATTACCGGTACAGACACTATAATTATCTGTATTTGGATACTTAGGTGTCAAGTCCCCGGCTAGAGAGATGAGGAGTGTTGACCCAAATACCACCTCGTTTATTTCACGGATATGGTACCGAGTGAGTATGCGGTTGAGGCCAAACCGGACGACACGTAGGTGTAAATTCGTTGGAAGCAGTGCTCGGGATCGACAGCGTACAGACGCTCGCTATCGTTATCCGTTGCCGATGGGAGCCGCCCGGGCACAGTGGGTTAGCTACCTCATGCTAATGGACTCGCAGGTGGGGTTTATAGGACTCTTCACCTTCGGGCTGACAAGTCCGGACTTGCGTGGATAGATGCAGAAATACCGGCATATTGTGTGGATATTGTTTTCTATGTTTACGAAGGCCCCAGGCGAATGCAGTTAGGGGGAGCCAAAGCCTCAACTTGCGAGCTTATGAGCCTTAACCCGTTGCACCGTGTGATGACACTCTGCGGACCAATTCTCTGCCGGCCCTCCTACTCGAGCAATCTGAGCACGGCCGGTGCATCGCTACAATTAAACTAACACGTAACACAGATCTTTGTATAATGCATCGAATGAATTGTTCAGATCATGGACAAGCTTGATATTATTCTATCGGCTGCGAGGAATCCTTAATAGCCTGTACCGTCATCGGGGGTGACAGCTCACCATAAATGATAATTGGCGGAGTGCTGTATCGAGGAAACAAGCTGGTAACATTAGCTTACCGGCAGCTACTCCGGTACAATCGCACGGTTTTAGCGACAGTGCTTAACCATCAGTAAGTGTAACGTTCTAGCCAGTGGATGCACTCGTTAATGGGCTATTTCGTTTCCACGACGGGTTGACCACTCTCTAATAGACCTCCGGTACTGTTACGCCGGACCGCTTTAGGCAACGTTTAATTGCTAAAATGGTTCCCACAGCGTTCTATCGTGCACTGGCGATGACACCCCGCTTTCTAGCGACGAAATGCTCCACATTCGGCCACTAGTCTCGAATTCTTTTGTAAGGCAACGGCCTATTGCCTTTTGAAAACTGCCTCTCTTCGTCTCGATTGGCTAGCTACCAAGAGGAGAACGCCGATTTTGGAAACCAAGGATCTAGGATCGC,1276,49.84,Caenorhabditis elegans
SEQ_211711,GCTTGTATAACGAGGTCTCATACTGACGCTGTGGAGATTGTCTCAAAATGTCCGGCGGCTATTGCGCGCTGACGCCCGTATCCCTGGTGTTCGAACTCAAGTGTACTTGAAAATCCCTGAAAATTACGTGCGAATCGTGACCTCGCGTCGAGACGCGACCCGCTTTTCTCAGTTTAATGTCGCGCATCCACAACGGCTGTGTGTAATCCCTCAGAACATGTGCAGGTCCGAAACCTGAAGATACTTATATCCGAACTGCCGTTACGCGTCTGGACATATTTCGACACGTTACCCCCTACTTCCGCCGCATGAACCTGAGTAGGCAGCCGAGAGTACCAATGGCCGTGCGCGCAACCATCTCCAAGTTCCCCGCCACCCTGTAGCATCAATTTACCAGCATTTTTTTTGCTTGCCACTTCAGCTGACTTACGTATATCTAGTGTAGCGTTCCGTCTCATCCCGTCCGTAAGATCTCACGCCCCATAGAATTTCCCCAGGTAACAAGGTGCTGAACTCAGTATG,522,51.15,Drosophila melanogaster
SEQ_146938,TGCGGTCAGTAGACAGACAAAAATGCCGGTTTACGCGCTGGGCGGCACTAAAGCCACACCACAACAAAGTCCTTATGCCGATGGCTTCGTTTCCCAAGGGAAGTATGCTTTCGATCTTTCGAGATTTATTTATAGTGGCGGGGCCAAATCATATATTCGTAGCAATCTAGACACTGGCAAAGTATACGTCCGGTATACCACATTTCATGAACGGGTGCGACTACTTCGCGCCAAACCGAGTCCTGCCCAACTCCTTGGTGTTATTGCTCGATGTCGACCCCGGTACCTGTGGATAGGCATGTACTCGCTAAGACCCTCGTTGTCAGCTAAATGACAGGTGGGATCACCCCTAAATTTCGACATACAGTATGTTCCCACCCTGCGATCCCACCTTAGGGTTCCCACCAGATAACGTCTCTCCAGCATAGTCGCAAAATCGCTTGTTGTGATTCTTTCCTTCTTCGGCTACGAGGCATGATGAGCGACCGTTTGGCGCTAACCTGTGATGCAAGGCAGGCTCGCCCTTGGCCATGCGCGAATACCCAGCCTCAGTGCAAACAGGACAAGGAGCTGTGTATAGATGCATCGCCCCCTGCTTACCTACGCGCTGCCTGTGCTAGGAGTAATAAATATGTTCGAAGAAGGCCAAGTGATGGATAGACTCGATAACCTGCGACGGCGTCCGTCGTAACTCCTACACTTGCGCCTACCCTAAGAAGCCCCGACGCGTCCCATTGGTGGTAGTGGTACGGGATGGGCTCTGCCCGGTAAGTCGCCGTTCGTGGCGGCACCATGGTGGGCGTGGTGTAAACGTCGTAACCTGGCGACAGTTCAGGCTCATCAGTACTAGTCCCGCGCGAAGTTCGGGAATGGTTCTTGATGTTTTCGAGATGCGCCGATTGCGGAGGGACAAGTACTTATTATCCCCTCTTCCTATTTCCAGAGGAGTCTTAAATAGAATCCCATCCCTCTAACTACTATAGGTCGGAAACCCATGAAGTAATTTGTGCCAGGGTCTACACGAGGGGTGGGTATACACCCGGGATGACCTTCTTCGATGTCCGAGCCGCCCATTTGATTCGCTTTGTAAAAGAGTGGCTCTTTCACAGACCCTCTGTTATATAGCGGTGACGTCTGGGCGTGTGTGCATCCACCACAACCGGGGGTATCACACGGGTGATTGAGTCTCGCACCTACTTAACACCATCGTTATAAGCGGTCACTGTTCAATCGGTTCTCTCAGCTAATCTCCATGCCCTTGGCTGGGACAGTGCGCTAACAGCTAAGCAAACAAAACGAGTATGTAGT,1308,51.83,Mus musculus
SEQ_237465,CAACTGCGCTTTCTTGTAATTCCCGTGGACAAGGCAAGCTGGGCTCACCACAAATCAAGGGCACTACGAACCGTGCGTATTGTTTACTCCGCCTGCCGGTTCTTCTTGGTCAACTGAGACGGTTTCTCGAGTAACCTCATTAGGACCTGTAGTGTTTTGCGATTCAGAGCTATCCGCACATCGAGGTGTCGGGGGGCTCCCTGACAAGGTATCAGTGCAGCCAGAGACTACGCGAAGCAGCTCTGACAGACGCTTGTTTCTAAGAAAGTCTTTTGTTTAGATTGGGGATCGTATTCCTGGGACGAACCCTCGCATTATTATTGTTAAGATATGACCTTGCTTGGAGACAGTATAACTGTACGAGCGTTTTTATTTAGATACACTTACTACACTTAATCACCAAGCTCGTAAAGATTATTTATTCGACGAGATGCCGCATCGCGCGTACGGAAACCTGCAGTAGTGGCCTTATATCCTACCCTAGGCCGTGCTATCATTATTGGCCGCTTATCTATATCTGCATTTTGGGAGGTAGGGTGG,540,47.59,Saccharomyces cerevisiae
SEQ_227944,TGGCTCTATAGGGTATCACATCCACGGTAGTCTCCCCGGGTGGTCCAACTCGAGGACAGACTCCGAAGTTGTACCAGAGAGCACGGCCTAACTTTGGCCGTCGGTTAGGGTCGGTCATTACTAAGTCCGCGGGGAGACTACCCGCAAGATGTCTGTGGGAC,161,57.14,Saccharomyces cerevisiae
SEQ_245208,GCTCTCAAGCCCCTTTGAGGGTAAGCTGTCTCGCTCTAGCATGATGTTGAATCCCGTCCCCCTGGCTTACCCCAGCTCTGACTCCCCTATGATAGGACTATACGTGACCGTCCCCACAAATCACCTCGTGGTCTGCCGTGAGCGAGACGGGACTCGCCTGTGAGTGATCCATAGAGTAACTCCCGTGATAACGACTAATCGTCGCTGCGGTAATGCTTTACCCCTCCTCCTCTGCGCTTGTATGGCTCTAGGATACGGTATCCAGGTTATTCTAGGGCCCGACTTAAAGTGGGTGTTGTACCTGCGTATTTTATTTTGCCAGGCGTCACACCGCTAATGCTTATCGGGCGGGGCACGGTTGACTCACAACAAGTGGCCCCAATTCGCGGGAGAGTGTCTCCGATTCTTCATGATAGCATAGAACCACACACTTCTGCGGATGCATGATGTGCACAAGCTCGGCCAAATTCTGAATAATCTCCTTTGTTGATTGCCGGCCTCTATATTCGAGGGTGGGTCAACGCCGCAATACGTATCAGCTTATAACTAGGGCGAAATTCGCAATTAGCAAAGGCATTGTAACCCGACGTGTCGTAGTATTCTCATCCTCAAAAGCTATAGCACAATCATTTTGTCTGTTCCGGTAATATTAGCCGACCATATGTTTTGTCTACCTTTGTATCACCCTGCTTACCTCAGCGCGCAAGCTGAAGGAACATCTTAACGAGTGGCACCTTCGAAGGCGTGGCGTGTATGCGACAGCACCGGCGGTATTAAGTATTATGTGTAGGCAATGGTAGACGGGGCCTAGTCAATGGCCGGCTCAACCCAATTACGAGCACCCTCCAGAATAATTGACAAACCAGAAGTGCCTGCTCACGTCATTAATCATGGCTTGGTTCCAGCGAACCTAAGCGCCCGGTTGGGATATCGGTAGGACTTGAGTGTTCTAACT,955,50.58,Homo sapiens
SEQ_752497,CAGGACTTTCTCGGGGGGGGTTGGCATTCGACGCTCTTGATGGTCGTGGGACGAATCTGACGTCTACCCTCCCAGCTTCTCCTAGTATGCTCATACTCTTTTGGCGCTGTCGACTACGTTTGATAGGGGGGATTGCTCACCGCACGCAATACAGAGCCCCGAGTGCGGACTAGAAAGCTATCCCGCGATCCGGCGTCAAAAGCGACTAGCCGAGTGTACGCACAACGACCCACTCAAGCGGGTTGCAGTACTCACAACACGTTTGTCATGCCTTTGGGGCCGAGGTGCCTAACGGGGGCATAGTTTGAACGTGCCAGTTCCAACCATTTGAAGTAGAGGCAGAATTTCGCGTGGTTCTACTCAGATATCCGGCTCCATCCGCGCAGTTTAGTGCCATATATAGAATCTGCCCGATAATGCCGCTAGTGTATGGCGTGACTCGTAATGCTGCGTGTTAAAGGGCGTTTACGAGACCCACACGGACGCCGAACCTTGTCGGACCGATCAGGTCGTCGCAGTTGAAAAGGTGCACGGTCACTGCCCTACATAACGAGGCGTAATTCCTCCCGGTGTGTCATACGCAGCACGGAAACTCTGGAGCAGCTAAGTCCTAATTCAACATGACCGTGCAATGATA,637,54.0,Saccharomyces cerevisiae
SEQ_896668,GTGGAACTTACATTCTTGTCGTTAGGTTGTGTGAGCATGTTAAACTGCCGAAGTCGACATTTGACATCGCCTAATCAGGAGAGCTTCCTCTCTCCTAGGCTCGAGCGCGATGCGAAACGGAGAGTAATGCCGGTAACGAGAAAAAGGGAATCATATATGTATGGTGAAGCCCGGGCAACAACGTTCGAAAGAATGGTTCCGCCCCGCCCGTGAGGCGACATGTCCGCAATGCAGCAGGCACTCATGCATATTACTCTGAGACCCAGGTAACGATCTTAAGGTTGCCAGTCTATAACCTACGCAGGATTTAGAGGCCTCGCAAGGAGTATATTGTGGACGTTTACGCGCGATCGGACCGACTAAGGAATATTCCCTTCCAGATAGTTAGATCACTGCTTAAAACGGCCCCGAAAGTCCAGAATAGTCATATTACCGTGGCTTCCCGTCCTTCGGTAGTCATCTCGGTGGGGAGCCTAACTATCGATGACATTGTACTAAGCGTAAAGAATTGACTGAAATGATGAAGACATTGATGGTGTTATTGACCCCAAACGGCTTTGTAGTCAAATATCCACTTGGATTCACATGCAGTGTTCTGTCCTAATGCCCAAGCTGCTTACGTGATTAAGCAAACGAAGTTATCACAGTCTAATAAATCATGGATCCGTACGCTCTCTCGTGCTGTCTGGTCGATGTGACTTAAGCGGTTTTCGTTTTGCGAAGAACCACCGCAACTCCGAAGACGGGTCCTTCTCACCGATCTGGCCCGTAGGAAGGTGGCTTGTGCCTACAAATCTTAGGTCTGAGCTGGGGTACTGCAGATACTGGTTTGTATAATGCATAGTTAACGAGGAGGGCCGGCCGCCCCCCTAGGCCATGCCACTGATGACGACATCCTAAAAATCTTATATTCAGCGCTTCGAAAGAGTACGTCTATTGATTTCTGGTTTACAATACGAACTAATGGGTCGGTTCGACCAGGCCGCAAGAGGAGATCCTTGGACGGGGGGTTTTAGAGCGATAGTAGAGACGAAGACTTGCGTTCACACCCATCCGTGAACAGAGTACCGGTTGCGACTGCCCCTACCGTTTTACGGTCACTCGCCTTAATCTGCCCTACCATACGAGAACATCCCTAGACTGCAGGTGAGGCCGCTGTAAGCAAGTCATCGCAGGCGCGTATATTAGAGACGGTCTAATAGCATCAGGGCACGCCACCAAGGTGTGCCCAGGGAAGATATTTTGAGAGATTTAGATACGGCTTGATCCGCTGCAGGATTTTTAGGCAGCAGAGTAACTAATACACGCTAATGCTAAGGTGCACCTATCAGAACATCGTGTGGCCCCCTACACCCGAGAGCAACCCCCATTCGATGGCTGACCCAGGTTCCACGGAACTACTTGCTCGCAATGTTAGTTGTGGCCTCAGTTCTCAGCCACTGGAAGCGCATCTCTCCCATCAGCCTTCATCACTCGCGAGGGGGTCTCATAGCCCCCCGTCGAGGACTAGTCACTCTATCCTCAACGAAACAAGTTGTAGTGTCATAGTCTATACAGACAAAAGCGGAAGGTAGACATTGGAGTATTGAATTTCCCAATTTCGGAAGTAGCAACTCTACCAATTCCGTA,1629,49.42,Saccharomyces cerevisiae
SEQ_727773,ATGTTCTTGCGGGCCAATTACGCAATGCATTAGTCTATGCATGAGACGAGAGCTCGGACATGCTACTTTGGTACCTGGCTCCCTCACTTGCCTCACTCGAAGCTTCCCAGACGTTTTGAAGTGTTGTACAACATAGATTCGCACGCTAACGCTTCCCGGGTTGCTACCGGAAGGTACCTACGTGGATCGATCCTAAGGCAGTTTTACAAGCGCAAGTTTCCCTTAAGACAGAAAGCCGCAGATACAATCCTACCGATCGGTAGTTTATTAGGAATATCTATGAGTCTACTCGATTGTACCTTCTTGGACGGAAGTCGTCACTGTGTATCATACGGTAATTCCGTGTCCGACATGTCATCCCCTCTGGAGGGTCCAATTGTGCCGCTATACGACCTTTAGCACTCAGCCAACCGAGTAATGCAGCGTTTAGACGATCCGGGCCCAACATCTTGAACCAGGGCAGTCTTATAAGGTTTCGGCCGAGCTCCCTCCAACGGAGAGGGCGTCTAATGGACTTGGGAAGAGTCGTTGCACGCAGGGGCGTGCATGCGCTCCCATGTTCGAAGATCAATGGAGACGAGGCGCACGATGAAAAAGGTAGCGTTACTTTTAGTCGAAGCACCCGTGGTAAGTAGTGTCGTGACACGATGTCTTGAATTAAAGCAATGCTGCAAACGCACTCAGGGCGGGGAATTGACAGGAGCTAGATTGTCAATGACCATTTACGCTACCGCTCATGATCAGATTAGCCGGTGCCTCATCGGACGTTGTGGCTATCCAGTTTGTAAATGCTAGCTAACCTTTGCTCGCTTTGAACCGGACAAGGGTTCAGTTCATATTGTAGCACAACTCTGTGCACGAAACCTCCGCAAGACGGACTATCCTGCCGGCGCCCCGGCCGCAGGGGCGAGTACGTTCTGACGATGATCAATACGCCAGGCCAGTTCACGCAACACCCATCGTGTACCCAAACGCAGATCCCTCAAATCTTCTCCAGCAAATTTACTGTCTACTCCGCTTCACAGAATCTGGCACGCACCTTTGATGTTGTTTAATATCCGCGCGAAGCAGTGATCCGTGGAAGATGTAACATCTGACGCC,1101,50.86,Escherichia coli
SEQ_286832,GCCGAGGGATAGCCCGCGGTCTATCCCGATCCGGTCACTGTCAGACGCGCACAGACTTCGCGCGGCTTGCTAGAGCTTAGCTCTGTAGTCGGAATAGGGACTTATGGAACCATGGATGCCCCTCAAGGTAAACGGGAGCTTTAACACGTGGATCTCTAGTACCGATGACCCCACAGGAGACCCCTCGCGGCCGCCGACTAAGAGAGTTGGGGAAAGGGATGCTGCTTTAAAGTTTCTCTAACTAAAGTCGTTGCGTATATAAAAATTAGCAATAATACGGAGGCACCCCCTCCTTTAGTTCTATAACATCCATCACGGGATCCACCCACCATAGCTAGAGGACCTTTTGTTTATAGAGATCCAATTTAAAAATGGACTACAGGTCCTTACCACGAGCCAATTTCGGGAAGAAATGAGATCAGATTAGTACGATCAGCAGAGTCGCTGCGTGTGGATC,457,49.89,Caenorhabditis elegans
SEQ_576872,AGAGAGCATATCCCAGATCGTTCGTCGTCAACGGGTATCGGCGGTAGCGTTGCTATTATAGCCTTGGTTCAACGGCCCGGGGGAGTGAGACCGCCGTATATCATCGCCATCCGCCTAAATCTATTCTCGGATATTATTCAGTCTAAGTAACAGTCCTTTCCAATGCCCAGTTGTCCCATTAGGTCACGTTCAAAACTTCGGGTTATAATCGAGGGGTTTATATGAACCTTTGTTCTCCGCAACTACGATTGCTTTAAAGCCCCGCCAGATATTTTGTCAGTTGATCTGACTAACTCGAAACAGGTCTTTGATACACGGGATGGGCTCACTAACCGTAGAGGGACAGGACTGTTTAGGAGGGTCTAAGAAGTGTTTCTGATTGTGGATTTGCTTTGCCGACACCCTACAGACGACTGAGCATAACTTTGGACCTTCTAGAAGCAGCTGGAGCTGTGCTCATTCTCGCGAGCGTAAACTAACGCTGTTGTGAGGTACCCACATACATCGGCAAATGTCATTGGCGTATCATAGGCCTGCTAACGCGGATAGGCGAACTCGTGCCGTTGAGTGGAAGCACGTGAGCGGAAGTGCACTCCAATCGGAGCGTTGCTCAATTGTTCTGAGCTAGGTCCCCCGCACAGATATGGATACTCTTCTGGGTTACGGGGAGTGAGCAATATTACGTGATCTTTCGAAATCCTACGTTTGCCATACGAGTTGGCCTCCCGCCGGGCTACGTACCGACGCGGTCGCTCAGCTCGCAGGTCCGGTCACTCGGACAGGGTCGAGAGTCTGCCTCGATGGTTGGTCTGGATAGCAGGGTGCTTTTCGCCTATACAGATTCCTCTCACATGGCGAAATACGCTGTGCGATCCGCATCGGGCGTCTGAAACCCGATGGCCACTCCTAGATTCAGTGGCGAGAGTCGTTAGCTTCTCGCAGCCCCGTTGCAAGCTCCTGGCAATAACGAAGCTAGTGTGTAGACCGCGCAAGCGTTATCTCCGCTAATACTGTTTGGGGACCCACCTCGGGGATGTAGCCACAGCGCAGTTCGCCTCTCTTTAACAGCCAGCGGTCACCCCCGAACAAGGTACGCCCCAAAATTAGATTTGACACTCACAGGAAAGGGCCGCCTTGCGCAGAACGACCAAAACTTCTTAGAATACTGACGGCTGCGGGTACAGCGTTTCCATCAACAGAGATCCGACTTCTACTTTCCGCCCCTTGCTCTGCATCAGAACACAAGTAAACTATGGCCGGAATGGGACGCACCATTAGGGACCGACATGTTGAAGCGTCATGGCACCTATCTCTTTTCACAGTCATCTAACTGTGGAATGTATGCGGAGTCTAACATGCAGGTACTTAATGTAAAACATGTTGTGACAACCATGCTCGAGAACGCAGTGTAATTGTCCCCGTTCGAATAAAGGTTTTCGTGCGTACCGCACAGTTAAACGGGAAGCAGTTCCTGACGACACGTTCGCAACGCATCTGTGCACGTAATGCTCTGTGGGTTTTAATTTGAGACCCGCACGATTCAGTGGCATCGCTCTGGCGTCTTAACGTTTAGTTCCACTTTCCTAGCCAGATTTTGGAGGTCCATCCATGGTTAGGAAGGGTGACAATTAAGAACAATCTTACCCTTGAACACTTACCATAGAGTGGACGGATTACATACTCTGAGAAAGCGCCTTGGAGCGGCAGTAAACGTTCTTAGGATATTTGGTGAGCGGTGATTGACGGCCGTAGGTTGCAAGCCGAATTTATTATCCGGAGGCCTCCAACATGATAAGTAAAGTAAAACTAACTCTGGTCCGGTTTCATAGCATCTCG,1836,50.38,Arabidopsis thaliana
SEQ_702999,CGCAAGTCATCAACCTGGCGACGAGATCATTACCAAATAGAGGCGATCTTGTCGATGTTCACGGAGGTTGTTACCTAAGTAGAGTGCATGAAACTTGGATCAGTGGCCGCCGTTCTGCCGGTGCGTGTGAGACTATGGTTATACAGCAGTGAGAGATGGTGCTCGTCCAGGTATCCATCTCCCCGTTGTTCAGGACTCTGTTACAAAACCGGTTTCTGTCTTCTTCCCAACGTACGCTCTCGGACAGGCAACTTCGAGGTAAAAGATAGTTCATATTAAAGGCCATCGATGACAGGGAGAAGTTAAGAACCCTTCAAAGCGCAACAACCGGGTATATCGGACTTCTAACGATCGGGGTGCACGTTAGAAGGTCAAGAAACTCCCAACCGTAGATGCTTTAACCGCTTCGATCGTGCGGAGATATGACGCTCATCTGTACCGCGTATAACTTGACGACGTTCTTATCGCAGTCACTTGTGCCGCATGACTGGTGTGACTGCCGTGCAAGGGTCACGGGCATGATTCTCGCACGCCGGGCGCACAACGGCTTAATCGAGATTAAAATTCCGTATTCCCTTCTCGGTAGGTCTATGCTCCGATCGCTTCTAAATTGGCACAGCTCGATCGAAGGACCTGGGTCACGACCGACCATCGCTTAGTCACCTGCGTAAACTTGGCGGATGCAGTACAAAGTTTAAAACATGAAATATCGTGGCACGCTGATGCCCTGACCTAATATCCAGAAAGTAAATGGTAACAGCCATTCTCTTGGGGGGACGTGCGCTTAGTTCCTAACGCAATAACCGAGCGCTGATGGGCGCTTACTCTATGCTGTTGACCGTAATGAGGCTGCAACGTGCTTCGTGTTGAACGGCTAGCTCGTCTCCTGCAATGTGTAGCCTGTATCACGCGAGTGTGCCCTCAGTCACCCCACCTTGAACCTCGAAGCCGAGGGATTCAGTCAACACCGAATTGAAATCGGAGGGAACCCTTCGGTCAGGCAAGGCGGTGAGATAGTTGCCACGGGGGAGTGGTGTTTGCGATGAGAGACCACGTTGAACACGTTATGAGGACGCCAACAGCTGTAACCTCGCTATAACAACGTGCAACGTGGCAAACGTGAATTGGATCTTCCTCGTGTTCGATGTCAGCCGCAAAGTTAAAAAGCATATGCCATGGAATAGAGTATGACAATTCGTATCCACACTTACAAACAGGCTCATCATGCGTCCCAGTAGGCAGAATGGTGTCGCGGACCGCACCAAACCGAGAGTCCACCGAGGTGCACACGACCGGGACCGTGAGTCAAGGCAGGAAAATCATCCGAGACTTCTGTAGGTAAGCTTGCAGTTAGGGCAAAATCCTTGTACGGCGCTGCGCCTCGCAAGATGAATATATACTTTACAAAGGAATGCTCCAGTGCATTGTTGGCGCTTTGCGAGAGTGTATCCTATGTCTAGTGCGACCCAGTGCCCTATTAACCGCACCCGTTCGCGGCCAGGGTGAGTTTTGATAATGGCTATCTGGACATTGGGCATCAGGGGGCCTCATGGCAATGTGGAGGGAGGAGAGAAAGGTACATATCAGGATCAGTGTTCGCCGGGCTGCATTATGGTGGCCATCCGCTTAAGAAGTGCAACTAGCGAACCCGGCCGCTGAGGTCAGCCGGTCATTCATATAGGCCACCCGGTAGCTGTCCGCGGGGGGAGTGAAAGGTATCCAGCGGGGCGAAGTTGGCTTTTTCATCATGCCTTCATGTAAGGGGGCTTAGAGTGGGTTTTGCCGAGTCGTGCCATACGAGTGCGTTATCTATCCGAGAATCGCCCAAGCTAGATGCATAACAGAACAAATGCTCAAGGAGTCTATCGCAAATAGTCCACCAATTTTTGAACACCGGATGAGTGGATCCTTATCTACTTCTGCTCTGACATATTGCTCTCTTGGTTCCCATTATATTCTAGGAAACATCGCCCCAAGGACTGAGATGCAA,1990,51.11,Arabidopsis thaliana
SEQ_667492,TAAATCTCAATTGTCGACTAGCCCCATATCGGGTGTTCTGGGTCACGAGGGAGTGGAAGTTGACAAGCACGACTCCCATGAGCATATAGGGAAACAAATCTAAGGTCCTTACTTACTATTTTACACATGTGTCCATGGCGCACAAACTCTCACCACTACGTTAATCCAGGGTTTATGCCCTACCACTCAGTACTATGGCTGCTAGCACCCTGAACTAGTCCCAATGAGTCCGGCCAATTGTCGCTTCCTGCCAGCGGCGTGGATATAAGAGATCATTGGCCTGCCATGCCTGCTTGCCTCAGGCTACCCACGTTAGAGCAAAATAGCGATTTACTGCACAAGCCTTTTCTATGCCTTCCACAATTCACGACTTTCCGGGATAGTTACTTAGGGTATCCCAGTCGACTTCCTTTCCAGAAGCTTATACTGCGAATAAAATTCCCAGCCGAACGTGGTTTCCGGGTGACGTGCTCGAGATGAAGCGACGTTCCATTACCATGGTTAGACTTAAGACCTCCGCCCCGTTATATGGAAACGCTTCCAAGATTCCCCATTGTTATATGTGCTAGCAGACATCCGGGGTGTCTTTAGGGTGCGGACTGGCTTTAGTCGTAAGCTATGAGAGCGCTGTGCTTGTATTCATCGTTGCAACAGCCCTGTCAGCTATGATGACTGAACTCCTACTCTACACGGCTATGCAGTCTTTTAACGCGCAGAGGGGGTCGTTGTCTCGCGGTTTCAAACGACGCTATATAACAGCATTTACCGTGTGTGCTAAAGCTTTGTTCGGAGGCGACCTATCTTCTATTGCGTCTAAGAACGAAAATAGGCGTAGATGGACCGACCCCATAGCCAACAATAGAGAGGATAAGCGACGTCATGCCCTAGGCAAGGGGCCTTACAACTCTATTGGCCTCCGGTAACCTTGACCACGGCTGCTGGATCTTATTGTAATTTAAACTAAGCATTGGATGACTCGCTTGCGCCGCTAAAAGGGCACGCACAGCTTAACCACGACGACCACATTTCTCTAACTTCTTTGAATGGCCTCTCACATCGTATCAAGCAGGGCAACCGCACGCACAAATAGAACTATCTATCTTCCTGACATTCTTTGAGTGGTTTCGTCACGTAGGCTCCTTAGGGCAGCGGCCACGACAAATCTAGGCCTTATACTGGTATAGTCTTAGGGTCCGACCCCCTTTTACAGGTCTAATCGGACCCAGTTCGGGTAATTATGGACCAAGGCGGTAATGCTATATAAATTGCACCTGTAGCGCCGATGTTTACTCTGCCACAGAAGGCGTGACTCCCTAGGATCTTACGAACTGGGTGAGGCCAGTGACACCTTATCCAAACGGATTACTGTACTGCAGTTTCTCTAGGCGGTAAGAGCCAGCAATGGTGCATAATCATCCGCGGGATCCGATGCAGACACCCAGATGCGGGCAATCGTGGGTGTTCGGCAATAATTAGATCACCCAACTTATTGCCAACCTACGAAAATCTGCGATTGAGTAGGATCTGAACCCGAATACCCTGAGAACATGCTAGG,1555,49.07,Homo sapiens
SEQ_643793,CAGCCTCCATAGACCCATTCGCCCCGAAAGAATTATCACAGCAACACGAAAATTCTCAAGGAAAGAGTTACTGAAGAGATTTTGAAGACTGCCGGACTAAATGGAGTGTTTTTAAAGGGGAAGGCTGGAAGTCGGATAGGGTCCGCCTGTGGGGACCAGGCCCAGCTTTCGTCCCAACTCCACACTCGAGGTGCTAGGCAGAGTGCTCGAACGACTGCAATTATGCGTAGCCGCAACGTCAACCTCTTCCACCTGCGTACGGTTTGTGTGCCAAATACTACTCTAGACCGTCGATTAAGTATAATGCAGTCTCAGAGTTATGTCACCGCAATCGGGTGTACTCGTCACGACTCAAGCCATGTCGGTTAAGGAGTTAGTCAACTACCGATGTATTGGCTGATAATCGTCGCGCGCTAGGGTTCAGAAACCGTCGTTGTCTGGGGCCTCTTACCACAAATTGTACCTGCAGAGTCAGCCTGAGTCAAGGCACGGAAAAGAAGCTCGCAACCCCCTGGCGCATCTACGTACCCTATCTAATCAAGACGTATGACAGTCCGTAGGCACTCCTCAGTTAGAGGCCGAGGCCATCCATGACACATACCGACTTATGTCTGAAAAAAATTCCCGACCCATCCCTGGCCGGATTAATACCTGTCCCGCAGACAGTTTGCAAGCGCTCAGAGTTAGGCCTGCTTGGAGCTCTTTTCCGTAGGTCGCCGGGGTATTCTCAAGTATAATTACATCTTTAACATCTACGTTCTAAGCGGAACAACGTCTTGCAATTCGTGACGAATTGCAGAGGGGTGCGCCTAATCTACGTGAAGTCCGCGGAGTCAGTCACGCTATTAGCAGCTTCGTTGGGTGACACGGGGCTTAGCAGAGGAACTGTGCGCGGGACACCGTGCGGATAACGGCGATTTTCAGTAGGGTTTATTTTCACGTGGGCTTACAGCACGGTCGTTGCACAGGCTAACGGAAAGATTGCACCCTCATTGCCGGTACCCAACCCTTGCCAGGTTGCACTGATATCGCATTAAGTTACGCGATTAGTAGATATTGCACACATAGGGTGCGTACAATATAGCGGACTAGTGGGCCCGACCGCCTCGAGAGGTAATGGATATGACATCCGTGAGTCGTATTGTCTTCACCGCCTTCGGAAGCGTGGAAGTCATCCTCTAAGAGGGATCGGCAGGTGACCTACGTTTCAACGATCTATTGTCCCAGATCCTCCTCTCGCGATAATGAAAGGAATCAATTGTGTGCTGAATTGAAACCTTCAGTGTGTTACGCGCGTGATAAGGTTGTCGTCTGGAGGGTCCTTTCCACCCCTTGCCGACCTATTTTTTCTAATCCAGCGCG,1362,50.88,Drosophila melanogaster
SEQ_239704,CTATCAAGTCATTGCAATATAGTCAGGAATCAGTAGACGATGTTTGGGGCGAGCCAACCCGGTCTTCAGAGAACTCCTGATAGAAAAAGCCGCTGGCCCCTCATTCTATCCGCTCTAGATTCACTACAGCACTAGAACAGTTGAACAGTACGGTAGCGGATCTGAGAAGAGTACCGCATGGCCAGTCCGTGAGGGGTAGTAACAGGATCAATCAGTGTCAACGGGATCCTTACATCTCTAATAGTATCAGTCTCGCGCAGGCAAATGTGAGGGAGAGCATTGGCTTCCGTTTATTCACTTGCGAGGTAACACGGTCAAGCCGATGTGAGACTAGAATTCTGGTCGTGAGCTGCCCCGGGGAGCGAAACCCCACTTTCGATTGTACAAAAGCCAGTCGGGTGACTGAATGAGAGCCACCTATGCCATATTGATGTGGTCCAGGTGTCCTGTTGCCTAGCCACCAACTCGCGATATGTATATACTACGTTCCCTCTTGACACCTTACGTATCTGGCGGCTGGACAGGTCCACGTATCCTATTTCGGGTTCTAGCAATGTGACTGTCACCTGAGCGGGGTCAGAGGATTGAACAGAAGCCCTATGGGAAGTCCCCGGCTGGTTCCCAGAACCAAAGTGGCAGGGGGGCAGCGTGATTTCCGGCTCTCATTGAGTCTCGGGACCACTTTCGCACCCGGGGACTCAGCTTGGAAAATCTCTGTACGGTGATTACCCATTCAAATAACTTCTGTCCTATGAACGCGACACATATGCGTTGCACCACGCGACTCAGTCCAGCGAACTACCGCAGCACAGTGGTGTGATCCAAGAGATAGGAACGCAACCGTAACTCGTTACTGACTAGTACGCGAGCACCTCGTTGCT,881,51.76,Caenorhabditis elegans
SEQ_886134,GATCCGCCAACTATATACACAAGGGAGCTACTCAGGATCATCAACCACCGAATTGTGCGACGGATACAAATTCGTCTATCTCTCCGTACGGAAGGTGATTCACCCTAGATGATAGCTGCGCCTTCTCGGCTATATTAAGACGCTCGATTCCAAGACGGCTTTCACAGTACCCGGAGGGGCTCTACTACACACGGGTAAGTCGCTCTCCAATACCCAATTTACCGGCCAAATAAGAAGGATGCAATACAATGCTCCGGATCGCGGGTGGATCATCCAACTCGGAGTAAGCCATATGATTAGCTCGTGTCACGGGATCTGTCTCGCGCTGGATAATCGCTCATATGACCCGGCTTTTGTATGGATTCGGACGAGTGCTGTTTACGCCTGTAACTTGGAGATTCGGCGCCAGCAATATTGCTACCAACCTAGTTCCATGTCTGTTAGGTTGTATTTAATGCGGGCTCTGTTGCATTAAGTCTGGTGAATATTTGCACTCAAAAGTGCCACTTCGTTGAATCCTGGTATGAGCGGCCAACTGAAAAGGCCTATCCTGACAGACAGAAATTGCCTAATACTTTGATGGCTTTCTCCAACGACGGTGCCTAAGGAGTGTTGTTAAGGTCGTCGAATTAGGACGGGAGAACTGCTACGCACTCCTGCCCCCCAGGCGGTGTGGGATTC,681,49.49,Arabidopsis thaliana
SEQ_835895,CAGGCTTTTACCAGTCTGGAGTATAACGTCCGCGCGGTCTGAGCGTGAATAGTCGGCGGGACAGCTTCCTAGTGTGCGAGTCAGGCACGTTGGATAGTGCGGAGACTCTACGGTATTTCAGTAGTATATAAAGGAAAGACCGGGGATGGGCGGATTCATGATTATGATATCATTCTATAGCAAAAAGCCGTGGATACGTAGAGTGCAAACAGGCTAAAGATTGGGAGTGTATTTCATCGGACAGGCAAGAGGGATATAGCAACCCGTGGCTTCGCTGGGGAGCAGGGCTCATTTTAGGACTTCCTAACAGGTGGTGAAGCCTAATTTTATGGAGAGCGTACTCAACCGGGGACCAATCATTGAAATCCTCTTAAGCGGTACAGTGGGTATCTAACCGGGCTTCGGACGCGATGATAGACCGGACTAAGAGGGCCGGTATTTAACAAGAAAACAGACTCTGAAAGAGTAGTTACCCGACCTAAATACACCTAATCTGTGATACCCTAAAGTGGGAGAACCAGCACTTGACTTCCAAGTCAATGGAACGCCTCTTTAGTGCGAGTCACATGGCTTGTCGGGCGCATCATTGACCCTTAAAGGGCATGAAGAGCGGTAGGACCCCGCCGCCGAGCGTTGAACCCCATACACCGCGGAGTATACTACCGCCATCTACTGGCCAGCATTCGCCAATAAAATATCCTGTCTAGGCACCTGGATATGGCGTGATGCGTATCACTCCGCTTGTTATGGGCTTAGCTTGTTTGTTCTAAGCAGGCCCTTCGGCGCAGAATATCCTCGTCTCAATGGTAAGAGAGAAGATATATGTTGATTTGTTGAGGGGATCATCGCTTTGCGCACAGTCAAGGCGGACTACGTTCAGACTAAGACAGTAAAAGAACAGTCGCAATTCCCGTTCCAAGATAACATTACCACCGCACGTAAAACTCAGCAGTTATAGGATTGTCGATTGGGCTACAATATCGCACTTGGCGCACTGACTTGCGTTATCCAATCTATTAAGGGGTAGAATCAGCATCTCGTTCCCACGGCA,1051,49.0,Mus musculus
SEQ_102677,GGGACTAGGCCTTTGTTTTAACTCGTCAGCATCGCGGACAAAGGCTGGTCAGTAGTGGCGGTTGAGTCACTATCGCAAAAGATCCTAGAGAACCCGAGGGCATTGTCGTCGCGGCCAAGACATCGTCAGTATCTGCGACTCTTATATTTACGTCATGCATGCGCTCGAGACTTGAAATACCCCGTCGATGCTTGTAAACGTATTCAAGGGACTCTCCGAATCTGAAAAAATTTGTCCCCCCAGCCCCGTCACGAAACTTGCGGGGGACACACGATCATAGTGCACAACCCTCTCCGGGCAGGTACAGACTGGATTTTTTGGCTAATCAACGGATGCATAACGCATTCTAGTGACATACCTAAGGCGGACCGATGACTACGATACCGATAGAAGGGCCGTGTATAGATATTGCCGCCTGCTCTCGGTAGTCGTTGCGTGTGCCTGGGAGTGCCAGGTGAGTTTGGGTCCCACCGAGATGATTCGAGGGAGCACAAACTACGCAGCTCGCTGTATCTAGATACAGAGGTCATTTTTCCGGTTGGTTCCTCGGTCTGTGCTGTCACTTCCCACACTGGGCTCTGACTTTTTCGAAATATGTGCCGGTAAACATACGTGTTTCACTATTCTACAATCGTGCGTATACCCTAGACGAATGTCTGTTAGGATAGTGGCGTTGAGTCAACGATTATCCTGAAATTAGCGCATTCGTCAGATGAACAGTGATCAGGACAGAATCTCACGTAATTCTGGCTTATGCGGAACAGTTCAGAAGCCGCATGTTTTACTTGCTGTACGGCTGTGTGTCATGATAAGCGTCTCAGCGAGTCTTTTTATCCTGTACCGGTTCAGCCACGTTGGTACCGTCTTTTCCTTTCCGCCTGGACGGTTGCAAACTATTTGTCACTTGATCGCCTGGCAGATCGTACACGTCATGTCGAGCAAGCGGTACAGATACAAGGGGCGGAGTAGGGAGCGCCTCAACGGTTTCGACATACACCTCCGTGTATAAGAAAAAATCGTCTTAGTTCATAGAACTGCTAAGTCACTCAAGGACGTCGATCAATGCCTGCCACTATACCAGGGTGGTAATTCTCATCCAAGGGGGCTATGGGACACTCGTCGGTGTGTGGAATCCACTACACACAGTCTGCCCGAATCAAAGCGCACTGATGCGGAGATCAACAGACTTTTTACCGAATAGTCAGATACTAATAGCAGCTAAACCTTCCCCAAGAACAGGGCGCGGCTGCGTAACTCTCAAAGATCAGTGGATCTTTGAAGAGTGTACTACCGAAAACCGGACCTACAGTACCGCCTGCTGGGCTTTCGCTGAAGGCTCAAATATTGCCCGCAGTGCAGAGGATCACTTTATAAGTTCTCTAAAATCACTATAGAGTGACAACGGTTCCCCTCCGCCGAATCCACAGTGGGTCAAACAAAAGGATGCCGGGGCGTGATAAGCTTAGGTAGTTCGATATGTGATAGCATCCAAATTGACTAACATAACCCACTATGCCTGCAGACTCGGGTGCGATACATCATTCCGTTCGCATTGTATTTACATTCGTTTCTATATATTGCTGTAAATGTACAGGAACACGTAGTTCGGGTCCCAAAGTACAAATACGGTCCGTCCTTGCCACTGTATCGCCGGGGCGGCAGCGCGATTCCCCCCTCCCCGCCAACAGCATGCTGGTCCAAAGACAAAAAGAACGGCCCAGTTCGGGCTATGTATGAATTTTATGCTGATTCGGATGCCGTCGTGAGCGGACGGACGCAATCGGACGGATAACTCACTA,1799,49.64,Saccharomyces cerevisiae
SEQ_722585,GTCGTCACATGGCAAGAGGGGCTCATGATCCAAAGACATTCTGGACAATGGGTTAAATCAGAGCTCCCGAGAGTGATACGATATTAAGCTGAGTGCGACATTTGGTGTAATAAAGGACGCGTCGATCAGTTCCGCGAAGATCGTTTGCACTAGCAGGACTTGGTACGTATCCTAGTCGTACATTATCTAAAGACCGTCTTCCGTACCTGAAGTGGTATCGACATAAGCGTACTGGCTATTCCTTGGTAATGCCAGGTAACGTTTGTGCTGGTATGGCGCGGTGCAGCCTCAGATAATACGCATAAATACCCGTACGGCAGTTGACCTGGTATATGCGGTTCAGCCGATTTCCGCTGGAAATGCCGTGTATGCATTGTGATGTCGATGAACCGCGGAACCCTAGTTTGTTGGGGTTTAGCAGGTTCGGGACTTAATAAGATCAACACCTTAATCCAATCGGAACCGGCTGATTCGATAACGATCCGGGTCCATGGGCAATTAACGAAGGAAATTTAGCGCTGATTATAAACGTTGCAAGGGGGCTTGTACAGAGCGTTGTTAACCGGTCAGGGATAGAGTTCGTCGAACGCCAGGCACATACCGTAGTGTTCGAGCCGTCGTCTGAGGAGATGTGCATTGTTGAGCTCCCTTCCTTGTGGTCTAACGAATCACATAACAACAGTTGGAGTTTTTCTACTGACGATACTTTACCTAGCTTTCCGGCAGCGTCTAAACATATTCGAGCAGTAGCGCAGTCTGACATGCAATAAAATATTTGCTTACCCACTGGTCCTCACATAAAACGTGCGATCCTTATCGATTCGTTACTTAGTGCAAAGCTATATTTGTTGTTATGATACTGACACGCATTTTCCTCGCACGCAACTGGCTCGTGCTTCCTCGTTGATTTTACAGAGTATGGTACCTTAGGCAACACTGTTCTCGGAGCCTCTGCTATCTCCTAAAAAGGGAACATTGACAATTCCAAAGAGGAGACCTCTCTCACGAATTGGACAGTCTGTACGACATCTTCTTGACGCTCGTCGTATGTCGTTAGAGGCGCGTGTTATCATCCACCGATATAACCTCCTAATAATGTACTATAGATATCCCAGTCTCCCAGCAGGCGCCGCGGTGTACTGAGAACAAGCCTTGCGGTGGATCGGGTACCATTTTCCATCCAGTAATAGCAGACCGTGGCCTTTTTACTTCAGTTCGTAAATTTGGACGCCCCGACCGACCTTGCGTTCCCCAGGCCTCATCTAAGTTACATGATGTACCCCGATTGACGCCAGCTATCTACGCTTTCCGCCTGGACGGAGATAATGTCAGCTGCCAACTGTTTACACCCTGTCGCAGCCCTTTTAGACCAAAACACATGCAAAGCAGTCGTCCTCCTTCTACAGTGTTCAGGCCTGAGGAGCGACTGGGGAACGCCCGTAATGTGTGGGAACCTTGCATCGGACCCATCCCCACCTATTGGGCTGGCCCGGTACGACTTAGACGTTTTCGAAATACCCACAAGTAAAAGGAGTTCGGATAATTCTCGGTTGCTCACGAACACCTAAAGTCAAGTCCCTCCAGGAGCTGTGGTACGAACTACTCTGAGGACAAAC,1616,48.58,Caenorhabditis elegans
SEQ_579501,ATGTGGTTAAGAAGAGTCTACTCTTACCAAATGGAGTAGGCCAGTCGTGTTCCCGACAACCTAACCCCTGAAGATACCTACCAATTCGGCTGCCTTACCTTGAATCACTAGCGAGCTCCCTGTACCTTTACGTTCGTGTGTTTATTTAACCTCTGCGTTTAATTTCAGGGCAGACGGGGCCAGAGGTACGGAGACCTTAAATCAGGAACACGTGCTAAACCTTCGTCCTCTCCGGCAACTGGGTCCTTCTTATCAATCGTCTCGTGACGCGAAGATACAGTATCCACTTGATGATAATTGGGCTCAGTTTGAAAGCTTCCTGCGTTTACCCACACGACAGCGGTCGAGTCCTGACGAGCCGAGCCGTTGCAGCTACGTCTGGC,383,50.39,Saccharomyces cerevisiae
SEQ_706249,CTAGCAATACGTGCGGTGCACCACCGTCCGCTTCCCACGGATAACTGCTTTAGCACCTGCGGTCCGTCTGTTATTGACGCGCATATGATTCTGTCCGTCTCGTGCCGTGCTTGTTGAGTGGACTAACATACGCAAGGCGTAAGCGGCTAGTGGCACGTTGTCTCGCCGGGTTCATCGAATTCTCGCTCATCTTAGCCACAGTCGTAAGCTAGGTAGTTTTTTGCCGAGCTCTTGGAAAGAAGGAGCCCGATCAACTGCAGGCTGGTCCTGAGCGGAGGCCGTGAGCATTTGAAACTAGGGGAATTTTCAAACCCGCCAGTTGGGAATCGCTGGAGCTGACCGGAAATTTAGTTACCCAGGACCAGGGAATTGCCGGAAGTGACACTGCTACAGGAGTGGGCTCACAAAGGAACGATATGGTGGGATAAAATCAGGCCGCCGTATGTTTTATTATCACCACATTAGTAGAGAGCCTCCCCGTCGTCCGAGTTCAACGCTTGGCCAGCTAGGCTTTGCCAATCCCCACGTCAACCCCGTAGGTAGCTGTGGCTTCTGTTTTTGTTGGCACTTCCTCAAGAGGCAGCTGTGGACCTTCCCATCGTTAGTACTCCACGGTCCATCTTTACTAATAAATGAACCCCCAAAAAGAAGCTGTACTGAAATAGATTATCTGCGGGCTTATGTCAAGCGTAAAGCGCTCAATTCGTGGCTAGCCCACAGTTTTGGACACGGCGGAGCGTTCGTTAACCCATTGGTTTTGCCCAGTGTGTTGACCTAGGAGTTGAGACCATTAACCGTTATTGGCCACTGCAGTGGCCTGTCATCACTTATTTCACCCTAGTACATGTTAGCCAAGTTCGTGTTGGTGACACTCATAATCTAACTTCCGCGATTTTGATAGCGTTCGGCGCCAATTATGGACCGCAGCATGAACTGCCTTTGATAGGCTGGGATAGGTTTTATTTCCGGCACCAGTAGATGTCGAAAATATGTGGCCGCGCTTCGCTTATATATCGGGCAGGAAAGTGTCAGCAGGGCTGGACGGATGGTCGCCGCCTACCTCGGGTTGTTG,1072,51.4,Drosophila melanogaster
SEQ_443383,GCATAGTTCAATTAATGGCGGTTTCTCACGCAGCTACGATTAAAGGTCGTTGGCTAAATCGTGACCCACTAAACGTACGCCGATATGATATCTAATACAGAATGCCACTCCGAGGGGACTGAGGAATAGTTTTTTGCACCCGGACGGCAAGTGAGCGCTAGCTTGTTACGGCGTAGAAAGTTATATCCGCTCGCGCTATGAAACCAGCTACTAATACTTTTAGGCGTGGTCATACTAGGGACCTTAGAGGAAGTGGGCACAATTTTTGTGGAGTTCGGCGCTCGATTGTTTTCTCCATACGTTTACTCTCAAATGCTCACTTGCCTATGTACTTGCCTCTACTCGTTTGGATGTGAAGTTGTCCATATTGTTGCAGCACTTTCACGGTCGTGTTTAGCACGCCCGAATATGCTTGAAGAGATTTTACTCACAGCCCCGTATGCACTAATGGTCTTGCGGCAGCGCGTGAGGCCGCTATCATGTTGGAATCTGGCGAGCTCGCAGGAGTGTGTTACAGCTTGGGCGCGTCTCCTGGGATAGCAACTTTTCAACTCTGGGGCGGCATCTTCGTCCTCCGATCAGCGAGTCTTAATGCGTTAGTTGCGGGCTCTAGAGGGTGACCGCGCTATTGCCACGGGGTTTACATCCTGTTTCTGTGTAACACATTTTAAAAATCCGTAGGGTTGGTGCCGCGGCAACCAGAGGCTCAACAGCCCGCCCGAGAAGAATGCAACGATGTGCGATATAGTAGGCAGCGCTTGGCGGGCGGCAAGAAATGGGCGCTGGACGATACGGGATCGTGCTCACGAATGTCCAGGGGGGACCTTGCCCAAAAGAGTGATGAGCGATTATTCGATCGAGACGTTAATTCAGCGTTTATTAGGTTATCACACTTCGCATGTCGCAACTACGTTTCGAGCAGCATGCGGGCTTTATATCCCGCGATTGACCCACAGAATGCGTATTGCAAGATAAGCGATTGGCGGGGATGCACGTTTTCGCTACTTGAGATGGTATTTATTAAAATTGCAAGGGCTTTAAGCAGCGGGACTCACATCGCGAGTTACATCTTGTCTAACGCGAAATACCATAATAAGGACTTGGTATATCCGATAAAGCTGGCGTAATGAGATGGGTACGCATTGATAGTCACGGGGTTACCTAGACACCTTGGAAATTCTCCATGATAGCTCTCCTTGAGACGTCAGAGACTAACAAGCAGGAGGGTTAACTTTGATTTCTTTTGTTAGCACGATGGTCTCTCAAGGAGCTGTCGCTCTACCGAGACATAAACGGAAGAGTGAAAGATGTTCAG,1315,48.9,Mus musculus
SEQ_601031,CAAAGATGTAAATGGTAGGACGTACACGAAGCTTTCCGTTGAACGTTACACCCGCCATGTCTGGTCGTGGTCTTGACACGCTAAAGCCGAACACATCCAGGCAGGACTGCGCCACAGATAACCTTATTGATCCCTAAATCAACCCAACCGCAGAAAGACTAAGGATCATTGTAGCATGCTCCCCTCACCGTGAACTTTACTAGTGTGCGACCTTGACCTTCCTCTGCGCTGTACTATGCTCCACCTCGAATAGGCCAAAACCACTGTAGATAGACTTGTAGTAGGCTAGGGGTCTTTCGTTGCTCGGATGCAAAGATGCGCGAAATGAGGGAGCTAACCCAAAGTGAGAAACCTATCATCGAAGGCATATACTACGCTGACTGAGCCGCACGAGCTTTGCATTTCATCCGATCCCTTTGCTGCCGACTGCTAGCATCGAACTCCACTAGGTACTGATATTTCCGAGCTCACAGTAGGTGCATACTAGGCAGAGACCATCCACAACCGTAACTGCGTCTTTTCGATGCACCCCTGGCCGAATTCAGCCATAGACCGTCCGTTGTCTGCACGTACGTACACCTCACTCCCGTACCCTGGGGTGCATCGGAAGTGATCCGGGATGAAGTATCATAACACCTTCGTCCCAGAAACCCCTGGACCAATGAGGGTCATCACGCTTGAGAAACAACCGAGCACCTGCGATTACATCATTTCTTGGCACAAAAACACTCTGTTCTCGTGAGCAGACACTGGCGGAAATCAGATTGCCTGCTGGAGTAGTTCTCGGGATTACTCAATGGCCCGTGAGGTTTCACATGCAAGTTCTCGACATT,833,50.54,Homo sapiens
SEQ_952256,GAGTCACAGTGAGTGGCGTCGCTGTCGGTGACCCATGAGAAGCGTTTACCTGGTATCGTTTCAAAAGGCACCGAGTGTCGTGCAAATTCCAATGGCTTAGCTTATTATTGTTCGTTCGGGGCACAGGGGCGAAGGGATAGAATTAATGCACTTGATCCCTATTGTAGGTTTTTTTATATACATGAGAGATCCGGTTTATTCCATGCACTATTAACTTGCGAAAACCGCGGTATACCGCACATTCTCATACATAAGGCGGCGATACTGGATGACTGGCCCCGAAGCAGTTGCACGTCTTACGTTGGCGGCAACGGTCATTGTACTCTGCGAAGATCGGCATTCGAATGACGATACATTCCGGAACGTCAATATACGAACGCAGGGCTCTGGATTGATCATTGACTACATTAACGTACTCTTAAGTTTTAGGTTGAGGAGCCGAGGCAATTGTGTGAGAGTGCTCGTAATCGAGATATATACATTATATTACGACAATGTACACAACATAGTTCGGAGACGTCTCCACAACCTTTCCACACCAAGCCTATCGTGAAATCTAGGGTCCTCGAGGCTTCTTCCGCCAATGAACTTTTACCAATGGCGGCAGGCGGAGCACGCGCGACAGAAACTTCCACTAATGGAACCGGGGGTTGTCGCTTAATACCGACTACTAGCCGCGACACCAATGCGCTTAGGTACACAATCGTAGAGTCCGGTGGTCGAACGGTATATTTATGGGTGAGTAAGACTGACGCCTCTTCATGATCTATAATCGAGGCCAGGTTGTGAACGCTGGCAAACGGAGGCAAGAGCTGTACGCCTCACGGCAGTATGGCAGTGCGAATTGGTTGACTGTGTTCCCCGAGTGTGCTTTTAATCCTCTAAGGGGAATCTCTTTGGTGTTCAGCACTTATCAAGAACACCTACGCTCAGCGTGAGTTACTGCGGTTAGTTTTAGTTCAGATGGTAAACTCTAACTTCATACCCACATTGTGGCTACGCAGCAGAGCGGAGTATACACTGCAATCCCCATAACTCACGGTACAAATCCTTCAAATCGGCCTTCCGACTCAAGACCTCGTCGGACTCCCGTATCA,1097,48.31,Drosophila melanogaster
SEQ_456104,TGGATAATGGGGTGGTGCTGCCACGAAGAGCCTGCATTACTCGCGCTCTCTTTTACAGAATGCTAGGCGTTGAGGACGCCACGTGTGAACTGCCGAGTTTCGTTCTATGCCTCAGCTTGGGAATGTAGACTCATACTCACAGGACGAACTGGACACATCGCCCGCGGGGTAGGGTTAGGCAAACTGTGCTATTTTTAACGATCTGCCTCAAACGCCTGTAGCCACTGTACAATCATTTTTCACTGCGCGGACGCGGAGCGCTATCGTAAACACTTGGTAGTAGCATTGTGGCCTGCCATTTGCTGTGCATGGGCTCCACCACATGCCCATGGAGCCATGGCGGGGCCAACTGAACATCATTATCGTGTCACACAGCTTCTGCCAAGCCGGGCTCTGTGGGAGACGACGTAAAGCTGCGGGCAGGCTTTACACGTCTCCGACTTGTAGTAGCTGCCTCTACAGCGTATGGTCAGTGGCACCCCTAAAGGCCATACGGCTCATCTTGAGGGCACAGGAAGTTCGGCAGATGCGGTTTAACAATTAAGCATGGCTTAGAGGCCCGAACGACTGAGGACGGTAATATGTTGACTACTTATAATTAGAAGATATAGTTGAAGTCGTCACCCATCCGCAGCGCGCCCTTCTCAGCGCATTCTATCGATAAATGTTGCCCCTATGAACAACTCGGATATATTGACTCTTGCCATCAGGGTCATTGTCTTGTCAGGGGACGCACAATAAGCAGCTTGTTTGACGTATCATCCATCCCATGGTGACGAAGTCGATGAGGACTCGCAAAAGCCCACTTTCATGAGGCCGTCCTACTCTCGGGTCCATTTGCATCGGGGATACCGTCACTGCCTAGGGAACTTGACACTCCCCTGTCGCCTAAGGTCTAGACACGCTCCGATCTCCCGTGAAGCCGAAGTAGGAATCGATTGTAGCTCTTTGGGTAGCAACGCCTAAAGTTTAGCACCTAACCGGGAGATGCCGGAGGTTGGTACAGTTCTGGCGGCAAATAAGAGAATAAAAGGGGTGCCCTTTAAGGGATGGGCTACATCAGTGCATCGATAGGTAAAGCGCTATCTGCGGTCACCTACCGAGCGAGCCGTGCATATGATTGTCAGTGGAGGTCTCGTTTGACATGTGGCGGCGTTTCCGTCGCCATCGGGAAGGAACTAAGTCGGGCGGTCAACAAGCTAGCTAGGGAGTTTAAGCGGGGCACGGTTACCCATACCCACAAGTGAATGATCATAATTTATAAACGTACTTTTGCGGGGAAATCGTGAGCGAGCGGCTCACGGTGCCGCCACACCTCCACATTCTCGCACCTGCTTAACTACGGAGGGCCCGCGGAATTATTTCGGGGCCTGTTGTGGACGTAACACGGGTTTAGCAGGGGCAGGTCCCTCCTACATGGCTTCTTGAGGCTCAGCGGGTTAAATAAGCGGTGAAGAACATTGACGTAGCAGCGGTTCTGCCGTTATAGTCTGAGATGGCACTTTTGCCTATCGGGGACGAGAGTGCTTGTCTCTGTAATAGAACTACCACTAGGAACCCCGTCGACTAGTTTTGTTACTTCAAAAGGACTCACTGAACGT,1601,52.28,Mus musculus
SEQ_946790,GAGGATATGATAAAATGAGTAGATCGATTCTGCATGCGTATTGAATAATACTGTCGCGAACAAGAGACGACAATTCTGGCAGTTTTAATGTAGTGAAGTTGATCTGAGGCACCGAATTCTGCGGGGATACATTGTCACTATCTCAAGTGACCGCGGCCCCCATCTTGGATACATTAGTAAACGCGTCCCGGAGAGCCGTATACATCTAAGCTCTTCCACACTAAGTACTAATTAATGCTAAAGACTGTCTTTCACCGCAGCACTGTCTTCACGCCGACGTTCGTTTCCAAAAGGCTGGTGGCGGCTCGGCGAGCAGCCTCTAACGACAGGTGGTGCACCTTGTGTAGATGGGCTTCGTTCGGTTCGACATAGTACTTATACCATTGGGTTGATCACATATCCGTCCCTGCCTTTATTTGAGAGCGCGCTTCTCGGGCTTTCACCGCGACTTTCCGCTGAGCCCTTGGTTCAGGGACTCTCGACATTATTGACAATTACGGCATCCAGGAACTGGCTCCGTTTCAAGATTACATAATTATTGACGGTCCTGTGAAGGATCTTCATTGCGGCACGGAACAAAGTCTGCTGTTAAGATTATCGTACTGACACCAATTAGAAGATTTGTGAGGTCCCCGCCACATAGCATTGAGGATCCTACCGGGCAACTGCTTGGTACCAACAGCAAAACAGCCCGCTGGGGTTCTCGTAGCTCTAGACGTCGGCCTGTATAAAACTGACACGCGGGGAGGACAAATCTGGTAGGATGTCCGGGAACTGGACAGATAGTCTGTCTCATTCGGCTTAATCTGCCATCGGGTGAGACACACAGGCTTATACCCGGGCGTGTCGCATGCCGCTATCCCTTCCTACGATTAGTGCACCGACTAAGCGCTTAGAACCAAGCGGGCTGCCGATTAGGTATCCACACTATGCCTGACAAGATCTGTTGCACCAAAACCTGACTCACGGCTCTCACGGAAAGATTTGACGAAACCGAAACCTACACTGTCTTCTAGCTGCTATAATATATGTCCTCGCCCGGCTAGAATTAATGTGAAGGATAACTGTGATACAGATCCCTTGTATCTCCCAGCTAGTAGTGGACACTCTGGTCCGGAGCTGGACACGTAACTGTCATACCGCATGAAGATTGGTGCCATGAACTGGGCAGACCGCCTTACTTGAGTCAGCTTGGCCCCTGAGGACAAACCGTCGCAGATCTTTACCGTCATTGTGTCATGCGTGAGATTATTGAACCCTTCGTCCAGTGATATACCTGTGTAACTTTGATATGTACCCGAGAGATATGGAGGCTTATGCGCCTTGTTTCTTAATTGCTCGCCGGCATGTTACGGGTCTACTTTTCTCCGATGGCAAGGCCGCTTGACGGAGCAGTTACATGAGCATGCCCTA,1413,49.47,Mus musculus
SEQ_572797,CGAGTGGAAATTCGTCAGTACTGTAACCAATGTCATCCCCAGCCGCGGTTTGACAGATCATTAAAACTCTTACGCTCGAACCTGCTAGCCTTGGAGTCTTTGAGGGAACGCTGCCCCTTGCAGCCCCAGCGGTCAAGAGTTACTAGAAACGAGGTATGCGAGCTAGCTAGCCGGGAGAATTCGATCAGTAATCGGCATGTGCACAGATGGGCGGATAAAGACATGACGCCTGATGGAGGATCGGTTGTTAATCTAACGCTTAGCGTTATATCCCTCACCGAATTACGTTACGGGCATCTATAGGATTGCCCACCGCCTGCTATAATGGCAGAGACAAGC,339,50.74,Saccharomyces cerevisiae
SEQ_849597,AATGATAAACCTACTACAGAACGTGTGCTCTATCCTGGAAAAGGCAATAACTACCCCCTTATTCGCGCGTGCTCGCTAAAGTTGGTATTGGCAGCAGGAGCCTATAGAATCCAAAGAAACACACAGTAGACTTTAGCTGCCTCGCGCACTGCGAAAGTAAACACATTGTCATTAGATCCAATTGTTACTCAGGACACTCACTTACTATTCTTGGGTGTTTCAATGACTATGTGCAGACGGCACGCGTTTGACGCCAAAACCCTCACTGGCAGGCTCGACAGGTTGCGGTCGTTACATGCCGATGAACAAGCGGTGTTAGTGAATGGAGTCAATGCCATACTCCGTAGGCTTGGAGGCGTTTCATGTAATACTGAACGTCGTCTCGCTATCTTCGTCAGGGTGGAAAGTCGGAGGAGATTAGGGATATGCGCTTTAGGCTGAAATTCCTCGCATACCTGGAAGCATGCAAACACGGCGACGCTCGAGACATCCTTATGGGGCACCGCGTCGGGGGAAGCTCGCCCATAGGTTAGCCGCAATAGCACCCGTCGTTAATCTTTAACCTTGTTTTGCGACTCACTTAGGCATCCTCTATGTCGACACAGATGGTGACGACATGCCCATTATCCGCGGGAAATATTTCGGGGCGGAGGGTTCCCGATCAGTACTTCTACACGCCGTCGGTAGTGTGCCTCGGTAGAACCGATTACCGAAATCAGGAGTGTAGGGTACTTCAGGAGCCAATAGGCGGCCTTATACTTGAAGCAACCTCGCCGCTGACGAAGTAACAACAGCTCGGAGCCTAGAGGCTCAACAACCATACACAGACTGGCAGCGAACCCACACCGTACGCTTTCGCATTCTTGTTGACAGGTTCGCTCAAGACATCATTTAGGTGAAGCTTTACGCTACTGAGTCTGATAGTCTGCCGCGCAGGTTTGGTGTGTAACGCAGCAACTTCAATAAAAGAGCAGCTCCCGCCGAAAGAATCCCGTTTATAAGCGGCTCGAGGGGCAGAGAACGCCAAACCAAAGTATATCAAGCCCTACGCCATAACAGATTCGTTCTAGTCAAGCGAGAACACCTGAGGTGCTCGCTTTTCTAACTGTATAAGCTGACTCTTGCCGCGTTGCACTTGAGATTCAACGGTTGTGGTCCGTCTCCACG,1167,50.47,Saccharomyces cerevisiae
SEQ_174411,CCACCTTCGTCTACAGGCGCCGGGGGCGGTCGAAGCCGTTCTTTACTCCCCGCCAAAGGGCTTAAAAACCTCAGGCGGGATACCTCTTTTGCACCAAAGGTTTAGGGGGAATTTTTCACTACTCCTTCAGTGCATCGGTGCTGAAAGGGGCGAAGCGCGGACGACCGTTTTCCAGTGCCAATGTCATTACGACTTCATATCCCGGTAAAGGCATTAATGGGCGGAGCTTTACGGAGGTCAGAAGCAGCGCGGTGCGTCACAAGGCGGACCACTCTTTTCCACGGATCCGGACCACGATGGCGCTCCAATAGAGTTTAAGTCATGGTACGCTTTGCAGGCGAAAAACAAGGCGTTGCGCGCAGCGTGCTTCGACATGTGAAGTTCATTGTTTCTGCGCCCGTCCTGGAGAGAGTTGTTGGCTATGTGCCTAGCGGCAGTTGGCGAATCTTGCAAGCCACATATTCTGCGATCTCGTCCTAAAGCAAGTGTGCACGAGCTCAGCGTCCTTGCAACTCGAAAAGACCGTAGATTCGGTTAGCGTGGGCCGTGCACCCTACGGGAGTTGTTTTCATAGCCTGGGGACCCAGGTGATCATTTTGTTAGACCGCAAATCGCGGGAGCCAACTCCCAACCCTCTGTCCTGAGTCCTGCCTGGTCACGTTGTAACGGGTACGAAGGAAAGACGTGCACCGGTTCTTACAGTGGTCTCCACGGAAGTGTCCGCGATCCGTAGAGGAGCCCCTCTATAGACCCGTGCAAGCGATTACTTACTCGTTTATCCGATCCGAGTTTTAATAGTCCGTATGAGGAGACCAGATTGCATTTAAATGCGGGGAGTGGCAGAGGCACAAGTGGCAGAGCCCGCAATAGCGGGGAAATGGGGCACTGTCACCCCCGCCAGCTACAGTTTTGTGCTTTATGTAGCCTTCGAGGTATGAGGCACAGATGTCAAAGTGCCAGCCCGATCCCCGTGCCAATCCACTGCCCCCCCGCTAAATCACCACTGTGGCCTTGCTTTCCCAGACGCGACTTGCGGACCTAATCGCGCGGTGTTCGACCCGAAAATAATCCGACCATTCGAGCGCACTCCCTTACGTCCGTCGATGCGCCAAGTAAAGGTCGTAGACCGAAAGCGGCCCGTTATTGTCAGTAGCGAGTGTGGGGGGTGCCAAGGGAGCAATGACCAGGGGACGTGTGAATCCCGCCCAGAGAATTTTAATTTGGAAAAACGCTAACAATGCCACCTGGCCACAGAAACTATCCGGAGCGTAAGTTCCGTGTTTCTCTCTGGGTCATGCCGGTAGGTATCTGTGTACAAAGCCCACCAAGTCGTCAGACGATCAACAGCACTTAAGGAGTCGCGAAATATCCACTAATGTCGGGGCTCCGAACTGAGCAAGTGCTTTCTAAACCGGGGTTTGTTCATTGGCATGCTTGTCGGCAGGACTGGAATAAAAGATCAATTACATGACGATAGGCCTCGGCAACTACCCCAACTCTGTAATCCCGGTTAGGGGAGCCGACCCAAAACTCATTTGGGTCGTTCGGGAGCTAGTACTGAGCGGGATGCAATCCATCGATTCGTGGACATCGCGACATGTTAAATACCAATTTGCTAGTATCCCTTACCC,1631,53.71,Saccharomyces cerevisiae
SEQ_723038,GCGTGTTCTGTCTGCATTGATCTCCTCTATACCTACAGACCAGACATGACAGCGAAGAACGGACGCCCGCGAGAATCCCTGTGATCAGACTATCTATTCGGTTTTAGAGGAAGGGGTACCCCCTAAGATACCCCTACCACTTAAAGGCCGCTACGAGACCCCTATGACCGTTATCCCATGAGGAACCTTGGACTTTACTATTTGAGAGGACAGTGGTTGGTGAATTCTGTTTCGATCGATCTCAATGCGCCGTCGGCGTTCAAAGTGATGACTGGAATAGCATATACGCGTGGGACGCCAGGACGGATTTTATCCGTATAATCGCTTGAGCGGCAACATATCTTGGATCGAAAACTACAAGCGCCCCTGCAATTGCGCACATGGGAGGCCTCCATCGGAAGTTGTTGTTGCCAGAGGCGCCGTAGTAAATCTACGGTTATACCTGGGCGTCCAGTGATACTATCTAAAGGTCTTTGAATGGCCGACATAGCACATCTGAATTCTCAGTGCTGATTTGTTTAGCCCCGCGGGATGCTCGGTGCTGTTGAGTGCCGACAGGTACCGGCGTGCGTCGCGACCGTGTGCATCGAATTTTAAACGTGCCGAACTAGCCTAGTGTAGAAACCTATGCCTAGAACACAAGAGGGGATGCGATCAAACAACCTACGCCTTGCAATCATTCCCATCGGGCCTGTAGATTGTCGCTCTGGAGTTACCTCGCGACTTAGATCTTGACGCTGATGCACCACGTGCGCCCTCGTGCTTCTACGATATTAAACACTGTATAAAGGAGCTCTATACATTGTACTCACTGATTGGCAAACTTCGAAAGCTCACTGATAACTAGTCGGTCATACTTACGTCAGACAATCCGGGCGGCGATGTTTGCGTTTCTCCAATTTCGTTAATCTGTCACGACGATGTGTTAATCCAGGGAGGGCTGTGGCGCTCCGATTTATACCGGTATTGGGTCAGGCTGTTGGTCCCAAAGGTGGGCCTTCATCTGGGAACCTGCCTTGAGATTCCAAAAACCATGGCTGTCAAAGACACAAATCCACGGCGATATGTATTCAGCTTCTGGCGATGCCGTAGCCTAATCGAGTAAGGTGCGCTGACGGGGAACGGCACGGCGAGTAAAGACGGCGGACGTGGGTCCGCTATAAGGGCGCTCCACGAGTGAATTTTTATAAACATTCGCTACGTTTACAGTTCGGTCCGTTGCATGAATCTATCTTGAGATCGGCGTCGACAGAAAGCATTAACATTACTACTCCAAGGCCATGTTCACGTCAGAGGGACGCCGGCACGTTGGGCTGCCTGAACGGTCGTCCAGAGTACGATAGGGAAGGCGGTTCTGGAAGATCGTCGGCAGCCAATCAGTTGATCCACTGGGAACTCGCGTTAGTCTCTGCACTCTCGTACATCAAACCGTTGCATTAA,1440,50.83,Homo sapiens
SEQ_206533,CTCCGCTTTAGGTCACAGGATACTGTCACACGTACTCAAGGTGACTGAATCCCCTGTAAACGTTCCGCCACATCCGTGGACACCATCTACATGTAGTAGAGGTCTCCAATCTTTGACAGATAATCGCAGAGGATTTATTTAACCTCGAAACTCTCGTTGCAGAACTTCGAATCTTCTTCCTCCCGCCACCCGCGTCCATACCATCTCGACCGGTATTTAAATGGTTTCCTTGAACACATCATGGCCACACAGAATGTAAAGATTAACAGTTACAGGTAAATTGCGCCCTTGGTAACTCGAAAACGTTGTGCTCCAATGGGTAACGCCCAGCGCTACACGCCGCCGAACTAAGAGACGACCCCTCCGGACAAAGGAAAAAACGAGGGATCCACTGCCTTACCTTGATACTACCGTGATATAGCTACTGAAGGTGACGACGCCCATACCTTCTGGATAGTCACGCGCATAGCAGAAATTATGCGGACACGCCGGATGGTCCTCGCCACCGCCTATTTGTTAAATGCACCGTTGCGGAGAAATCGGTCGGGAGTATCCAGTATGGGCGGTGGCTCTTACGTGTTGCAGCTGGATGTGTCGTCCTAATTTAAAAGTTCGCCTATAGCATTGTAACAGTTGTCAAATATACTGCAGGTCATATAGAGCAGCGCTGCGAATTTTACATAATACGAGTCAGCGTTTGGAATGGAGTTCATGTTCAAATATAACCTGCGGA,733,48.02,Mus musculus
SEQ_357788,TCGGCCCTACACCATGCGCAACAGTAGTGAAGTCGTAAGTTGACGGTCGGCGATTTGCTAACGCTCAGAGATCCGTATACGCTTCCTATCGTTTCCTAGCACATCAGTGTTTTTGAGGAGCTTTCCGGTATTAACGTCTGCGCCCTTGTTTCAAAATATATAGTAAGCTACTGAACTACCATAGCGTCGTCTAGAACATAACACGCCAGGGCTGAGTACGGGTGCGGCTACGAAAGTCGGATCGGAGCCTCAGGGCTATCAAGGACCTGGCTATCGACTGCGCATAAGGCTGTTAAGGGGGGTAACTCTTCGATAACCATTGAATTACCAGGTCGGAATGGGACTCAGGAATTCTCTGTCTTTGAGCTAATGACCCTACTCGCCGGGCTGCTTGTCCCGCTGTAAGTTGCACCGCCTGAGGCCCGGAGTTTTACTTCTGATCTGATAGTACCGCTCACGCGAAAAAGACTTCTGTATTGCGTGTTCCCTCTGGGCGGGTCGTGTAAATTGTGTGTATGGGTCGGTCTTCGACTTAAATAAGACGCAACATGGGGGAACGAAAGGGCTACGCGTAAGGGCCGAACCGCGGGACACAGTACACCAAGTGTCGTACATTCCGTACTATATCATAGGAAATCTCCTGTCTCTGCTTACTACCGATTCTTGGCCACTCAATAACAGAAACCGCTTCGGCTAGTTGCGTAAGTTTAGAGGGTGAACCTGCTTCAGGTGGATTCGCCCCCTAGGACCGAGGACACCTTTGTTCCCATTGACCCGTCGTGGTCAAAACTACGGGCACTCCCCGCGTCATGTTGATAGTGTCATCATTCAGGGCCACATCGATGACGCTACCCATCAAATCCAGCTCGTATCGTCGCCTTAACATAGTATATGTGCATTTTCTTTTGCCTCCGAAAGTGGAAAAGGGTTCCGGGGACCATAAGGGAGAGTCCCGGACACAGCCAGCACGTGTTGAGAGCTCATTAGCCCCGGAATCAATGCGACAAAAAACTGGAATGGACCGGCGGGCTTCAGTGTATTCTATCGGCAGGAAGAGGGCTTACCTCCCTGTGTAACATCTCTTCGCAATCCAACCAGATATCCATTGACATTAACGCGGTCGCATGTATCACGGGTGAATGAGAGGGTCTGACTTTGCCGAGAATGCTGTCCGGACGTCCCACCCGTTACCTAGCGAAACATTAAGATTCTAAGGGAAGCCCAGGTCAACCTTTAAGAAATCCTCCCGCGTATCTTTTCTTCCCGGTCCAAGGGCGCCGAGGACTTCAACTAGGAATCAAGGTAACAGATTGAGCAGTATAAGAGTTCCATGCCACAACCTTTAGAGAGCATCGGCCCTTCTTAGTCGAGTGAGGTAAGGATCTGAACAGCTTTCTCAAATATGCTCTAAATTCCTGCATCGCGCAAGTTATTGTACAAAAATTACCTTCCACATACCCTCAATTTAGAAATTAGCGCTTCTCCTTAGTACAGCATAGAATATATCATTGGCCGAAGTTGATGGATGGATGCGCTTACCTTGCTCGGCCTTACGACTCCTCTCCATCTTAACGCGCGCTGCGGTGGCGATCTGCGCAGCGTGTAATAGCCTATAGCTGGTGGAAGGCGCCTACGGATCGAGCTGAACGACATCCCAGTGACTTCTAATAGGTGTCCGAGCTCCCGTAGGACGACTCGTAATAAGCACTTAAGGTAATCAAGGACGGGCGTGCCCAAGGATCGAGCGTTCTATTCGCCCCGTTTATCTCGCGTATC,1776,50.34,Caenorhabditis elegans
SEQ_591994,GTGAGGCTGGGCGTCACTTGAGTTTCTATGTGCTAACTGCCCCACACCTCTTACTTGTTCCAGATTCTAACGTCCGACACAAATCTAGCATGCAGAACGGAAAGGATTGCTCGATATTTGGTCACTGCTTCGGTACTGTTGAGAGAAAGACAGCGCCCTTAACGTGACGTAGACTTCGACGGAGGATGCTGTCCTAGCATTGCAATGTGGACAAATCCTGAGGAGGCATGGGGCAGACGTCGGAGGAAGGGGTAGGAAGTGCGCACCCGGGGATGGCCAAACGGCCGTTACCGCCCGAAATCGGCCGCTTTACTCCGGTGGAATTATAGACGCATTGTCCAGGGCTAAACTTAGCCTGTCCGTTACGTAGGTCAGCCTATGACTACGCCGTCGGAGGCAATGAATGTGTGCTTAACCGCCTCGCATCGCGGCGAGTGGTT,440,54.09,Caenorhabditis elegans
SEQ_362863,ACGCGAATGGAATAAAAGAAGTATGTATGCTTCCACCTTTTTCCACCAAGACACTGATGCAAACCAAGTTCCATTCGTGGTCGCGATTGGACACCCCCAATATTAAGGGTATATCATCTCGGGTGTAGAACCGTAGGCACTGTTGTTTCACCCATAACGTCTCTGATATGAGGTCCCGGAGCAGGGGGGAGCTACTGGTTATGTAAATTTTCCAAAGCGCCAAGGAGATGTTGATCCAATTAATATACTAGACATCCGGACATCGAATAGCTTAGCTCTGTCGGCGCAGCGGTACGTCCTAGGTAAAACGCGTTACCAAAGGATTCCTCAAGCATTTAATAGCGAAGGACGCAACGAGCTGATCCTGAGAATTCGCTTGCTATAATTGGAGCGACTCGGATAGGGCCCTTTCTGCGTCATCTATTCACCCCAGTAGCAGAGACCCATATATGAGGGCTCGCCACGCTGTCAATCCTCAGTCCCTGAGAGCGTTTAGGCATAGAACTTTGGATTATGTGTCACCGGCCGCTGGATGTTCTGTCGCCCGTATGCTGATAAAGTGTTGACGCCACTCTAACTAGCTTTTCAGTATCATATTTGAAGATTCGGAGGGATCGAACCCCAAATTGCATGGCTCGCGTATATTCTCTAGCCGGGTAAGGTTTCCCCTTCTTCGGTCCATCTCTACAATGCGAGAGAGAAAGCGTAGGAGAGATCTCGACTCGTACGCGTGTTTCCTTCCGATTCCTCGCTGTCGTTCGAGGGTAATGGACTGCGCGATTATCCATGGACCACTCTAGCATTCGTGAGTCCCCAACGGACTAGCGCAGCCACGACTTTGAGCCCGGCGGTTTCACCTATATTCTTAGAGCTCGGATATAGCGTCTCTTCGGAATCCTGCCCCTAGTGCCCAGCCCCCTACCAGCTCATATGGAGGCTGGAAAAGCCTTGACAAGAGGCGGACGCCGTGTTTTACAGTATCACGTTGCGTTAGCCGCGTAACTACGGGTCAGTGTGGGTTATCTCTCCACCTATATGAGCGGTGACTGCGAACTAATCAGTCTTAGCGCTAGCATAGCAGCCCCCTTTACTGTAGCACGGGTACTTAGACTTGAACCGCCGACCGTATCCTATTACACCAAAGCACCCGAGGGGGTGGCCTCGGATCCCCCTTTATTTGTCTGTAGTGGACAGAGACCATGATCGACATCGGACTCGTGTGGGTACTCTCGGATCAAATCAGTAAAGTAACTGCAGCCTCAGTCGGATGTACTACCGCTGAGTTTATGGAGTTGAACTGACGAGCTTACCTATTCTGGGTTGGGGGCAAATCCAGATTAGTTCATGGATGGGGACCTTGTAGAACGTTAGCCGTTCTCGATATATATACAGATTGAGAATGTCGCGCCGTTGTTTGCCAGCAGCTCCTTACGAACTTCCCGTTTACGACGATCGTGGTAAAAAGCACCTAATGCCGGATTAGGCAACCACGGCCTGGGGTCAAGCCGTCCCCGTAAGTGAAGCTGTTAGAGGAGTACCCATCAGAATAAGACCTGACAGCCAAACTGTGAGCGATAACCCTGGGCGTAGCGCTAACCGACGGTCTCAACGACACCGGGAGTCTGACGCAGCCTTCTTGCCCATCTTATGATTCATATCGGCGTAAAGCGGGTGAGGTGTTAAGGCTTCGAGTGGCTAATGTTTTAAAGCTACTCCAGCTGTACCCGACCGAGATAGCACACCACGACAGTCGCTGCTTTGGATTTCGACCCACTGGGAACTGTATGGCCCTCCTTAGTGATCAGGCAACTGGTGCATCTACAGCCTATCGTTAGACCGAAGAGGTACCCTCAAGATGCTT,1861,50.73,Mus musculus
SEQ_337754,CTAGTGGATCAGGCGTTCACGGCACCTTCCGACTCCGCTTCGCGCCCAAAATGAGAACTGATTGCCCACGCATCTCGCCTTATCACCTAATTAGAGAGCGCAAGCACGATCCGGATAAAAGAATCACCGACATGAGGACTGACACCGGGATACGCCAATATCAGGTACATGATGGTAAGACCTTAGGTTCTTGGCAGGGTATTGGTCGGTTGGGGACTTTGCGCATAATAAATCAACGTCCTAGGGGCCACCTTGCAGCTCGTCTATCTCGCTGATTTCTTAGACCACGGCTTAGAGTTCTGACCGCGCAATCTGAATCCGGGATACCGAGAGCATGCTTTTGCGTACCACCGTAATGTAAAACTCATACCGAGTCCCCATAGGTCAATGAACCACCACCCGATAAAGATTACCCGTACGACAGGGGGGCGTCGCTGTTCGTTGCGTTTAGAGTTGGGGGGGACGGTCCCTTTACTACCGATACACTCCCCTGGTTTACGAGTTTCTATCGATATGCCCCAGCTCTGTCCTTGAGTGCTCAGAGAGACTAATGCTAAAGACGTAGACCGGGAGCTGATAGGCTGGCTCGGCGTTGCAGTCGCTCTATGCTGGACGTCATTTTATGGCCGAACCGGCGACCCCTCCCCCGATAGCCTTTTGCATTCACGTGACATAGAGTTAGCTGATTCGCCGCCGAAAGCTGCCTTTTTTACTATTGAGACAGGACGCGGGACCAACTGGACGATTAGCGAATGACAGCGGGTCAATTAGGCTTACATCAATGCATTTGTATCGTACTTACCGGTTGCAAACTAAAACACGCATCGTGGAGGTTCGGTGAAGTCCAATTGGTAACAACCCCACCGTCTCGTCGTCGTTTGGTCCCATGTTTAAGACTCCGAAGCTGACCAACCACCAAAACCTGGGGTCGGTCCCACGACCAAATGTGTGGATTGCCCAGAAGTACATACGAATTACAAGAAATACGAGACCACGATTGCCCCAACCGAACCCTCCCGCTACGCCTGATCGCAGATGGAACATTAAGGTAACGATCGTATTCGGCCATGTTGGTATAATGAAGTGATTACCCCGAGCGAAGACCAGAGGTATATGATGTTACGTAGAGCTGCACACTGAGCCAGCATACCGTTCGATCTCGCACATGGTAAAGGTACGTCATTAGATCACCCACCTTCGAACGCCATGCCCGCGATACTACAC,1224,51.39,Escherichia coli
SEQ_299543,TCCGTAGCAATTGCGCTTACTGTAGAATTAAATGAGTGACTTTTTTGGTTTTAGTCTCCACTGCTCTGGCCCCGACTGCGCTAGCACGATCCGGGGGGACCGCGCGTGTACTGGCCGTGACAAGCCGACAAAGTTTACACCGCACTCACCCCACACATAGCGCGACCGTAAACACCTTTATGGACGCCTGGTGCGTAAGAGACTACCGGGATCGGCAAAATCTGTACGCTATTGTAAAACCTGCTCCACAGGGTGGGACACAACGGCCACCAAATTCGTACATTACAATACATTAGTTTTGATGCTCGGCCCTTCGTCAGCGCACCAGACCGCTAGGAATCCATATCTTGGAGGCGATCACTAGGCTTACACTTCGTCACAACGGTCAGTAAGCCGACGGGCTAACGCCATCTCGTGACTCTGAAGAGATGCTGGGAGAGAAATGAGTTCCTTTGGCAAGGTACCCATTACAAGTAGCTGTGCCTGTGATACCCCCACTGATCGGTGAGGAAGGCCTATTACAGCAATGACGACGCGAGGTCACGTGGATAAAAAGTGCTTCGCGTCTGTCCGGTTAAGTCAAATGAAGAACCAGATTTGCCAATTCATTCGCGTCCCTGCCGACCCTAGTTGCGCTGTCTCAAAAATGAACAGGATAAATCTGGGCAACCTGAGGAAAATAGCATTCCTAATTCATTCCTCGTACCGCCTAGCGCCTATTCCCTTTCACCGGCGGATACGACAGATTTCATCGCTCTCGGCGCGTTTCATGTAAAATGTGAGAGAAACGGCGAGTTAACAGTTCCTAGGACCCCTCTTGCCCCGAGCTTTCTTCCCGCGTAAGTCCTGTGGTGGAACAGCAAATCACTTAGCCATGGTAGGACAATCCGGGTCCTGTTAGTCAATTGAAGACTGCGGCGCGCCCCGGGGCGCCGGTT,938,52.03,Arabidopsis thaliana
SEQ_818159,GTGGACCTTAAGATAGATTTAAGTAGTTCGTGCTGGGTCTTAGGATTTGTAGTAACTGGAATGAACTTACCAGGACTGTGCAATCAAGATAGGGTACGAACACGGCCATCTCCGTGACTTCAAAATGCTCCGACTTTACAACTGCTACAGATTCAAACTGTATGGTCACAGGCCTCGTGAATTCACATATAGCTACTGTGCACCCAGATTGACCAAGCGACTTGGGCGCGGCCGCGTGCGGTCGTCGTTATGGAAGCTTGGACCCCTGATGGATTTGGAGTCCTGCGAACTTCTCTCTTAGATCTGCTGCTTCGCGCCTGTCTTGTCTCCGATGGCGTCTTGCCCAAGTTTCTGACGTCGTGGTCCCGCCAACTAGGAAATTTGGGCGAAGCGTCTGTCCAGCAGAGGCGAGTCGCCGACACCCCCACCGCTTTGCTGGCCAGTACCGTATTCAGGGGCTATGCCCACGATCTCTCAGAGCTAATGTATAAAAGTACTCGCTGTATATCTCCGCAGGTGAAGTGGTAGCGCTGTATCAATGATCACGTTAAGTGTTAATAGGTCTGGTTCACCTGGATGTCACGTGTCGCTAAGAGACCTTAAGCTACTGAGCCATGTAATAGTGTAATCAGTCTCGCAAGCTTAAATTGACCCGTTCAAATGGCGGAGCAGACGACGACTGGCTTCAGATAAGCGTCCTTTATAGTAGAACATAGTTAGATAACCCAACCCGTCTAAACGTTACCGATAGGACATGTGGATGTGGTTCTGCCCCACTCTTCCCAAACACATAGTTGATCTTATGGCATGAACGCAACCATCCAAAACTAACGGAATACATTGCGGCCCTATTCTTTACACCACCAAGTTTTCTACCCGAGACTCGCCCATGCGAAATAATATCAAACCACCGTGCAGCTTGGGATCCAATCCACGTGTTTACGGAGTGAATAACAATGTTCGCCGGGTTTACATCGATGGTGGTTTGATAAGTAACTCCGGTCCCACTATACTCGTGAGGAATGGGGGCTTAATGAGCAGAACCAACATTGTCCTTGATCGCTCGGCGCTGTTACGCCCAAAGCTCGCATATCTAAAGCACCCCGGGTTTATTCCACACTTTGCATACAACGTGCATACCTTGGGCTGTGGCCCACCCGGTCAATCCGTGGCTAGCCTGATCCGCATGACAAATGTGTCGGAACCGGGAGTGGCACAGAAAGTTCATAGAAGTAGCAGCCAACTTCCTATGAGTATCACAATACACATAAGGGGAGCACTATGCATTGAACACGGCAGGTTGAACAGGAGTTTTATAGTCCTGGAGTCAACTTATGCATCTCCTCTGACACGTCCGCTATGATGGCGATCAGGTGACTCACCCATACTCGATGCAAGATCCCGTCTTTAGCCGACGATGCCTATGGCCTAATCACCCGTCCCATCTTTTACGTATCCGCATAAGAAGATTCGGGCTTAGATCTTAAAGTACACAAACTGTACCACCTTTGGTCCCTTTAGTCCAGTGTTGGCAACATCCTCAGATCCCTGGGATCATCCTCAAACTAGAGTGGGTTCGCGCTTTGCCGTCGAGTGAATGACATAGAAGCCGCATGTCGACGAGTCGATTCATGAGCAAGGGGCAGTGAGGTAGCCGTAGTCAAGCATACAGCTTTTACTGGTGGATCATTCATGGCCGGAGACGATACAGATATGCTGCTCAGCTTTCACAGGACTACCACCCTGCGATTCGCGGAAGCAGCGCAAACCGAAGCAATGCACCGCGTACCCTCACTCAACCCCTAAGGGACAAACGACTTGCGGTCACCAGCCTAATGCAATAGCACCATTAGTATGAGACCCACCAAAACCTTCCGCCACCCGCTGAAATCTTGTTGCTGATTCGTTG,1909,49.76,Arabidopsis thaliana
SEQ_345764,ACGGCCTTAATAAACAGGGCAAGTGGGGCGCCTCTCCCTGCGATCGCCCTCAGGGTGTAAAAAGGGGCCCGGCCGAATATAAATTTGGGTTTACTTCGGCATGTCTGGGGAAACAGCCAGAAGGGTGGATACATCACTTTCACTGCGAAACGATTGCGATTAACATTGGGGAGCCTGTCAGTATGGTCCCCATAAGGCCTGGTGGTTTCTCGGCCAGAACTACCGTGGGGGCACTCAGTTGTTGCGCCCGAGTTGCCAGCGTGTTGACTAAGCTTCTAGCGCGTGCTTCGATCGTCTGCACCAGCACGAGGTCAAGGTATGGCAAGTGGGACTAAAGTCGAGCCCCCTTTAATCAGATACAGGGCCGCTGATGCGTCGTCTAGGTTAAGATCCTCTTGAAACAATAGCCGCTTGTCTTCGTCGGCGCTCTTTGGGCTAGTTTTGAGTCTTTATGTCCGGCTAAGCTGCGATGGACGATAGCGGACGTCAAGTCCGCTTTATCCGGTAATAGGAACAATCCTTATAAGTCACTGCCAGGAAAGTACGCCAGACAAGCATGTCATGTTTCTCAATTACTGCATACCAGCTATTACATTAAGGCCTCCTACTGGGGGCAGAATCCGCGTTATCGAGATCCTTTCGAATTTTAGCCTCCTATGTTCTATTGCACATCACAACACGAAAGAGAATCCATTTCGGTTGACCCAGGAGATCTTCGCGTGAGATTCGTCAGAGCCTCACAACCGGATGACCCTCGGTGGGTCAGCCTCTAGGTTTGTGTATCCCTGAAACCGGTTAGACCCCCTGGTAACTGCCGTCTGACCATTTGTACTCCAGGTTTTACCCAGAGGTGTAACTGCCAAGCTGAAAGGAAGAACTGATAGTGGTATTCACAGGGCTGTCCTGAGTACCAATGGTAGGAGTCCTTCACTTGCCATGTTCAGAGGTCAGATTCAGCTTGTTATGAAACGTTGTATCGGTCACGACCCCAGGTCGAAGGAAATGCGCATCATGGTACGCTGGCCCATCGAAGTAATGTTAGAATGCCGATCTTGAGGTTCCGCACTACCCCGCCGCTTAGTCAGACTGGG,1091,51.33,Arabidopsis thaliana
SEQ_853468,AATGCGTACGTCATAGGAGGAAGCTTCCAACTTTGGCCATGTTCCCAATTTATGCCTATCACGTCACAACGAAAGAACATCAGAAGTTTTTGCTTTTGCCGCAAGCTTTCGAGCGATTCGAGATTTAAGCTTCGATCGTCTTTTTCCGACCAACTACGGGCCTAAAGCTATGGACTATAACACAATTCCCTTGGAGGGCTCCACGCAGGTTAACGGCCTGTTGTGCAGTTGACCAAAGAAGGGTTTCGATGCTAACGGCCGGGCGTTCGATGCGTCAATATACCGTACTATCAATAGGTGTCAGAGAGTTCTTAGAGGCATGGGACTGCTTTGGAGTGTGATGTGAGTAGGTTTACTATAGGTTACCCGGGTAGCAAGCATTGATTTCCTAGAAGAGATAGAAATCCACACGAAACGAGAAACGTAGCCCTCGCGGAATGTTCCAGTAAATTGCACGCACACCTTCTGAGCCCCGGCGTGCGGCGCCCGCTATGAGTATGGGCCCGTATTCTTAACATCACGATGACTGGATTTTCCTGATTTCTCCAATCTCAAAGAGGAGGACAGCAGTTTGCTTTCAAAGCCCCGAAGTTGGTGAATTGCCCTTCACAGCGACGATACTACCCCAGCCTGTAGGCCTCTGGGGCTTGAATGGTTATACTATCTAGAGGACCTTCGCCAACTGCCGGTTTCACACTCTCCGCCATCGGGGGCAGGTAGGATGTGCGATCTAGTGAGAACTCACACGGGGTCGTGTACACATGGCCTATCCCCTTTAACACCACATTATGTTACCGCTTGAAAGCATGTGCGGGCAGGGTCCGATTCCACGTCTTAGTGTGTTACCGGAGCCGTAGCATTCACATGGGTTTTTATGTTGTAGAGCTAGGAGTGAACCCAACTGGTCCACGGTCTGAC,918,49.89,Escherichia coli
SEQ_933133,CCCAGAAGAAGGCAAGACTGCCGGAACAGTACTCGTCGTACATTATCTCCGCGCTGATTCTCTAGCCGGGGATATGATAAGGCACAACATCACGTACTAAGTGATCGCTTCCTGGCCTCTTCGGACTTGCGCGGTCGCACAAAGTAAAGAAACAAAGCTGCTAATTAACTTCCCTCCCGTTAATAGGTACTCACAATCGGTCTATGCAAACGACTCACTCTCTTAGGCCCTGTAAATTTATTACAACCGCGCGGCCATGCCGGCTAGCGCTCAGCGTGTTTAATAAATACCCAACGGCAAGCGAAGTCTGTCACCCACATAAGTAGGTCACACGCAAGAAACCGTCGCAGATGCTTCGCAGGAAGTCCTGTTTTGACCTAGAAGGGTTCATCCGATCAAATTAAAGCCTTTGTCGCAGACAACGATACGAGCGTGAGTATGATAGTACATGGGCTAAGCGGTTATAGTCTGCGGGTGCGGTGTTTTCACATCGTCATCTTGGGTCTAGGGTAAGATGAAATTATAATTCTGCGTAGCAAGAAAGTCAAAGTGTTGGCGCATCGGCGCACGTACGTGAACGCGCGAAGAGAAGTAACGACTTATTTCTAGGGATATATTCACCAAGGTGCGTACGAAACCATCCACTACGGCATAAGTTGCCATGCTATTGTAAGCCGGCCCACATACACGGCGGGATTCCCACGCACGTCCTAGAAGATTCAAGTAGGGATATCTATTTGTATGGGACGGCGGCCTCGATGTCAACATGTGAACTAAGGCGAGTGCCACAAGAACCGGTACCAACTTGAGTTCGCCTGCAAAGGTCCGGCCGGGAGAAGTCTCCTACTCTTCTGTCTTTGATCCAGCAAACACGAGACGTCCATAAAGGTTCTGAATCTATCCCGGGTTCATAGTTGAACACACACGTTAGCCGACTGAGTACTGCTTGTCCGATCGTGCTTGAATAACGCAGCCGCTTCTCTGGCCAGCCCTCGTGGGTGGATACATGATGCCCCCCTGATTT,1024,49.8,Caenorhabditis elegans
SEQ_563706,GTCTCTGACCCTGGCTGGGAAGAGAGACAAACTAGAAGGTCCTCGGTACGCCCGACCTCTCATTACCGACTCAGTGTGGTGAACATAGATCACACAACAGAGTCGCAGAGGCAATAGTTCCTCCGCAAGACTGCGAAGAGGAACTACGAATCATCTCTCGATTTCAGTGATATAAAGACGGAGAAGGTGACGGATCAATAAGACCAGTACATTCTGCTATTCACGTAGGGGCTCTTCATGTAGCCGCTCATTTTGGATCGTCGAAAGTTTGAATTTGACTAAGGCGCCTCTCCGTGATCACTGGGAGCCTAGGTGGATGTATGCCCCAGAGGCCATAGTGTGTTATCTGTGAACTCCCTATGTGGGGCATGAGTCTTTGCGCTGGCCAGTGGGACATGTATAATGGTATTTCCCGAATTCTCCGGAGAAACGCGCCAGAATTTAAAGGATGGATGGATACAGGGCCGGTACTTGTCTCAGTCCGTTTGAAATTTGAGCTGCCTGCTGAAGGTATTAGGCCTCTAGACGGTACCTTTAGGAGAACCAATCGGTTGGATGTAAAACAGCCGATCCTTTTTA,579,48.88,Arabidopsis thaliana
SEQ_907065,GTGGTTCTACTCAGGGACGTGGACGCTACTGGTACGGCCGGACCCAATCTAACACGGGACTAGTCGAGGTGATAGATGCACTTCACTCTCGATCAAATCAAACCCCCTAGATGGATACGCGTTATTACTGGGTCTTTTTGATCAGGTAACAACTGTGCCGACATTCAGGGATAGGACTTTGACTCGCGGCATGTGATTCACTAGGGTTGGACAGCTTAGTATGAGAGGGAAAGCAGGCGCACATTTCACCGTTCGCAGTTTCGTGCTGATTGTCAAAGCCTGGACTCGCCAATCGTCTGCGCCCGACAGGCTGGAGGCTACTCGCTTATCAGCCGATTCGTCTACGCCTAAGTTTGACCCTGGACTGATTTGGCGGCCACCTTAGGTCCATACCGCCCCTCGTTTACCACGATAGCGGAAACTAAAGGATTTGTAGATTTCATACTACCTCACCCGTATACCATGGTATCAAGCAAACTAGATAGCTCACTCTATCCTAGTCAATACTGTACGTTTATCACGGGCGTTTAAGTGCATCGATTCACTGACGTAGGGATGAACTTCAAGCGTAAATAGACTTCCACAAGATGGGCGACCGCCGTTTCGCGACCACATGAGAGAGGTTCTCGATCAGATAGGAGAACGCCTCTACATGCAATTTCGAGGTGCGTGTACGCTCGCTTCAACCTATACGGCATTGGAATGCTAGCGCCACAGCGCTGCAAGTGGTTCACGTTCTCAGATAGCTGAGTGCTAATGACTCATTAGGAGGTAGCACGCGGTCGTTAGAAAACGCGCGGACGCTCCTTGGGGCACTTTACGGGGATGTATAGGCGACTTCAGGCATGTCGAGGTTTTCGAGCCTGACATGGAGCTAGTTGTGGCAGCGTAAGTCTTATTCACACAGCCCTGAGCACGGGGATCTCCACGCTAAGGCATGATCCCCCTGTTGACAAAGTCCAATTTAATGGGCCTGATACTCTACTTAGGCTGGGGGACGGCCGAAATTGCGGGGAGCTGTGGAGGCTCGGCCCTACAATGCGTTCTATCGATACACGCGTATAAACCTCTAGATGCAAGGTCGTCACAGTTACCGTGCCTAACTTGTAAACCGAGAGCGAGCGCTTGTCCCCGCCGAGAGAGATTCAGTTCCCTGGTTCTCCATATGAGGCGGCGTGGGTT,1182,51.86,Homo sapiens
SEQ_572654,CAACCTTGAGAGAACGATCAACAGAGTCTGGTTGGAAATTTATATGACATGAACTGTTATCGAAGACCGGAATTCTTTACTGCCGGGCACGAGCGCACGGTCGAAGTTCCGCGGTTCTTGGAAAGGACTCGTCGCTAGGCCTGAATCCGCGAATGTATCATGCAGCCCCAGTCGCGGACAACCGCTGGCCTGCACTGGTTCGGTTTATTACCTAAGCTCTCAACAAAACGTGCCATGTTGGGCCCAGTCATCCGGGTTCCACTAGTTGCATGCCCAGCACATCCTGATGAACAGGCATACCGGACGCTCCGATAGGTTGTTGTTCGGAATACACGCTATCTGCCTGAGGTGCGGAAAGTAAGATTGATTATGGTCATGGGCTCAATTTCTAGTAAGTAGAGAGGACCTATACGGTATGTAACGGAATGGAAACAGCGGCCCAAGCGTCAAATGTTGCTGCTTCGTTAAGATATACCGAGAACAGTTAAGAACTGAGGAAATCATATATAGTTCGGGTACAAAATGTAACAATTAATGGTGTCTTGGGTTGAAGGAAGAGGTGACCAGTCGTGATTCAAACCAACTCTGATGCATGTCGTGAGCCCTTAAGTGCTCGCTGCTTTGAAAATGGGACCTCGTATCGCAAGACATCGCCGGAAGGCGCCTCAGATATACGAAAGACCTGCTGTCTCTTAATAACAATCTCGTATACACACCCCGTTCGAGGAGACGTATCAGGTCAACTTGAGCCGAATGGCAAATGGCCAAGGATAATAGACTGCTGGTTCCCTAGAGATTAAGGAAGAACTTATTGCGGTCGGATAATCTGAGTCGATTTGTGTTTATAAGCGGTTGCTCGTAGCGAGTGATAGGGGCTGAATTAGGTCGTCACAGGGATGGTACTGAACCAGTTGTCGCAATTGGTAGACAGCCCTTATCTTGAACATGTTTCGAGGCAGTAATGCCTTGACAGACAGGAAAGTCGGACAAACAGTTCCCGGCCCCCGGTCGTGTTCAGCTTGAAACGTACATCATTGATGAGTTCGTCACATGGGTGATTAGAGTTTTATGATGCCTCTTGAATACACTCGCCTAGTGAAACCTGGGATAGATTTTCCAAGACACGGACAACATTCAATGCCGGCTATCGTACAGTCACTCGCTATAATCTTACGTGTCCTCTCGGTCTAAACCGAATCGGCTAGTAGGAATCTTTTCTCTGCCACGTTTTCCTATGACTCCTAATGTTATCCAGCGCGCTTACCCGTTCAATCACGTTGCTTCAGTCCGTACTACACCCTTTATCCCTTTAAATGAACAAGCAGGCCCGCCCACAGGACGAAGACACTCGTTGTCATCCGTGTATTCATTAAGGCTCGGGGCGCCGCGCCTGCATATTTTCACCGATCAGGCCATCGTCATCCTCATCTAACCGTTACTTCTAAAATACGTATCAAGACGCCTAATAGTGTCGCCATGATGAGTATTGATTCAGTCACCCAGATGTAGGCTAGCGTCGACCCTAATCCGGCCTATTATTGCTAAACTGGGTGGATTTGACCTCTCCCTACGCTTGTACGAACAATCGGAGCTTTGTGGTCGGAAATTCATGAGGCAATCTGGAACGTGGCTTTCCGACGGTGTGGCCGTTCGGGACAGCACTATCGGATAGTGTGTGACCTGAATCCGCCTTGACGAAAAGGTCCTAAGACGACTAAAACTAGGGCGCGTGTTTTGGACGCGATGTACCCGAAATGCGATCGACGGTAGCCAAACCGTCACGACAAAGTTGCTATTTATACATAATCGTAGCACTAACCTTCCAGAGTGTCGAAGGGCTCTGCGCTCACTTGCCGCTCGCTGGGCCCTGGGGAGCTCGCCAGAACATAGCTACGCAAGTTGTCCACCCGAGTCTTCCTATTGGCTATTGCCAAAAGGGAGGCACCATGCATTTAGTGAACTTGGACGTCATTCCTGAGCTCGTAGG,1987,48.97,Drosophila melanogaster
SEQ_343857,AATCTAGCTAATATCAACAGCACAGGTTTAGGCGGCATAACAGCAAGGTGCTAACACCTCTGTATCTGGCGCTCTCCCGAGCTCGGACGGAGATCACCCTTTCCCCAGCGAAGTACAACCCAAGGTGGTCGAGTCTGAGCAACGGAGCACGAGCGGTGTACTTCTAGCCCGTCAAGGAGCAGCTTCATCGTTTGAAACTCTAGATCCCCGCGAACCTTGTTGTTTGCGGCTACGGTCCTCCCCGTTGTATTGGCTCACCGACGCTAAGGAACATAGATAGTGTGTTTTCAGTATTGAGAGAGATATCTACTAGCTAGCTTCAGTCGAGGGAACATCTATAAGTCGAGCCGGTGGCATGGAGCCTCGTCGTGACCTTCATTGCATCCCTGATGCACAAGATGTAAGCAACTCGCCATGTTGTGTGATAGTGAAATGGCACCCACGTCATGCGGTAACCGCCTATCTGACTTCCCGTTATCACGTGGAGCAGGCTCCATGGTGATGCAGCAAAAATTATACGTGATATCCCAGATAGACAGAGAGAGGTCTAAAATTGACTTTCTTCCCAGAGAGGC,575,50.61,Saccharomyces cerevisiae
SEQ_185840,CGGTAGCCTACGGCACGGTAGGGATGTCGTACCATCTTCCCATAAGTATATATAGTAGAGCTTGTAAATTGCCCGCCAGGGATAGAATGCTCGGAGCTCCCCTCTTTCTCATCAGACTTGAGCTTAGGGCTGTGTTAACTTACGTCGGTCCTTAGCTATAAAAGTGCGCATGACCCTAGCAGCTGACTTAGAGAAAGTTCGCGAATCAAAATTCTCCCCGTGACTCGGCACCTGTGGCTTTCAGACATTATGCCAGTGTCTAATCGCTCGCACGAAGACACACTGATTGGAGTAAGATATGTTAACAGCTAACCAACGCCCGCCAAAATCCCTCGAGCACAGGATTGCCGCCATCCCAGGAAGAGGAGTTTCAGCGTTACATCCTAGGCTAATGGCTCGGGTCTACTGGCTACATTCTATTATAGCGGTTGCCGTGCAGTTTTAAACTTACTTACTCTGTGTTATTCCGGATCCAGCGCCGTCGGTTGCTTTCAACCTACTAAGTGGCCAATGACGATCTCCTTACGTTACGACCACGAGGATTGCATGTGTCTTCAGATTAGCTCGGTTGTTTAGGTCGTGGATTATCGAAACCCCGCGTCGGTGTCACGAGCATGAGCTAAATGAGGGTAAGATTGGGCCTTTGAGGGATATGTATGCAGCTATCACACTATAGAATTACTTCACTCGCGGCGGCTTACACAAGTCTCT,711,48.8,Saccharomyces cerevisiae
SEQ_719547,GCGGCTACTTTATTTCTTGTGGAGGGATTCCTATAGTACGAGCCTGAGGTAGAGCGAGGTGAGGGGAACTAGCCGTTTCGGCGGGAGTCTTCCTAATTTCATGTGCGCCGTGGACGGAATTTGTCGAGTGTACGGACGCTAATCTAACATGTGAGCATAGAGGCAGTGGCCACACGGCTGTCTAGCACTGCCAGTGGTTCATCAGCCCCGAGATCAGGAACGCGTCCGAGACAAGGATAACGGCACATGAAGGATGCGAACTTGACGGCGAGAGCTGCCCTATTGACAGATTAAAGTTTCAAAAGCCATCGTAACGTCGGTTCCGTAACCAATCGCCGATAGGTGTGTTCATGATGTGGCCGGATCTATCCATTTACTTTTGGGGCCCTCTACCACCTGTGTCTAGTTTGGCACGAGAGTTCCTGTGATGTATCTAGTAGCTCCCTGCGCTGTTCGCGAGATGCTAACAGGAGCGGATTCAAACGTAGACTGCGCGGAGTTTGACACATGCTCGCCTCGGTTTTCTGAGCCCGCCGATCGAGCACCTACTTAGAGGCAACATCGCAGCATCAAAGGTAGAAACCGCTTGCCATTAGACAGTCGTCGAGAGCAGCGCCCGTCTAACTCTAGCGCTATAGATATAGTCGAGCACTGGAACTCAACGGTTAAGGTCCCGCCGGGCTGCAGGAGTCCTCTTGAGTCAACTTATACGTGCTCAACTGTCATATAGATCGGATATCCGCTCTCTAGGGCGCTAATTATTAGCCTAATCCAAACGTCGGTACTGGGATTGGTCGGTAACACCGTCAGGATGTCGTATCGATTGCTGGATCTGACCCCAGCAACCCCCAGTAACTTATCCGACCTCGGGAGCGTTCTCGCGATAGAGCTTGTGGTCTACGAGTAAGGAGTGCAGCTTTTTACGCCCACATTCCAGTTATAGAAGAGAGCGTCAAGCCCCTAAGAAACTCGCATTAACCGATCTGTTCGATGTACGGGTTTTTCCTCCTGGCCTCCAATAAGACTCGTACTTCCTAATCCAACAAGCTCTCCAAAAGCGTTAACGGGAGTCTACACAGATCTCTCAGTGTCGAAGGAGGATATCGAGTGCGCAACCACTTACGTCCTTGGAGAGGTGAACAAGGCGTGGGTTGATTCCTTATGCGCTAGACGTAGTTTGGGTCCTCCATAGTACGCACGCATCTGACAGATGGGCCACGTCGTAGACGATGATCTGTAGAGTTCAGAAATGGGATTTCTGGATTATAATTCTATCTGTCTTTTAACACAGCTACCGACAGCGGGGGATGTTGATGTGATTGTACTTCCAGTGACCATAACGTATAAGGGGTTGGTCAAGCAGAGCAGGCAGAGCGGAAGAGCTTAGACCTGTCAGGTGAGGAAATTACGTTATGCATGGTTCAGGAGTCCTGTACGTCACGGCGCCTAACCACATCCGCGTCTCGGATCACCCCACCGGTCATCAATAATCGATCCACGTCGCAGAGCCGAATCACAGCGGGGTGTTCACGTCGGTATCAAGCGTTTGCCTTGAAGTCAATCCCCGCAATCGTTGCTCTTTCAGTGTTAAGGGCGAACATAAAA,1605,51.15,Escherichia coli
SEQ_630428,ATCGACAGAGAGCCTGAGAGTCAACCGCGTAATGACGCTTCCTAAACTGAACATAGCCGGAATCTGCCGTGCTAGAATAGCCTCATTGGTGTCGAGGTAACATTTGGGCGCTCCCTCGTTCCGTTTGCCGCGCGTCGCTAATAATTATCGGGAAAACGAGGCCAGATCCGCTTGCTGTTGAACCCGCGGTCCATAGTGTTAACTCAATGGAGTGTCTCGCAGCTCGGTCATTCCAAGGTCTTCTCTTCGTATTTGCAGATAAGAGGAGAGCTCAATGATTCCAAGAGATGGCGTCGATTGATTGTAAAAGGTGGGACACCCAAGCGGCTCACCATTATGGGCACCGCAAATCTCCAGCGTATGCTGACCCCTTCTGATTGTGCTAGGTGTCGGCCGAAACGTGTTGCGTAATGGATGGCGATCGGGAGGAAAACTAATCTGGTATCCTTATCTTACTGTGTATCCCGCAGGACTGCCAAATCCTTTCCATGTGGAAAGATATACAACGAGCCACTGCGACTCTTGAGATTCGGCGGTCCCAGTGGTTTGTGCCCCTCGCCAAGACGATACCGCTCTTGTGGTCGTTCTCGGACAGGGAGACGCCCCCAGTTCTGAGATCGGGACCAGCCCGTGTCTGGGCAGACTATCTCATCGGCTATCTACAGCGGGGGCTCTCGCTATGCCAAGATGAGTAGTCGATTTCACACTGATGAGCTACACCCGTACTCTTGTTGGCTGATCCTCCTTTCGCGTAAGAGTAACGGGAGTTGGCTCCTGATCATCTGTAGGAATGAAACTTGAAGAGTACGGTAATCGAAACTGTCTAAACCTTCTTATTGTTCGTTCTTCTGTAATGTGGAGTGTCACCTGACTGAGCTCTTTTGAAGGTAAATCGGGGCCTCCTAGGAGGCCCAGACCGATTTTGTTTACATCGCTAACGCGTTATGTGACCGACTCTGCTCTCCCGTAATATATGACAGACGATCTGCCGATGGGTTACATTTCGTTGTCCGCAGACACTATTAGCGGGTGGGTGACTAGGCCCGATCAGGGTAACAGTTAGGGGAGGCCCAAGATCGATCTTACACTGTTTCAGTTGACTCTCCTTGCGGCGACTCGTGCTACACGCGGCTTTCGGAATATACTCGCATGAGGGACCTGCGTACGACGCCAATGACTATTCCAAAACAGGATGAAGATATCATATTATGGGAGTATAGTTCCAGAGACCATTAAACATATTATCCTCACTTTTGGGATAACCCAGGGGCTGAGAATCAAAGACTGGGGGGGTTAACTAATTGCTTTATGATTTCTAGCGAGGGTTTTCCGCATTTGTAACTTCGTTTGACGATCTAATCTCTCATCAAACAAACGAAGCGTAGAGCCTCACACATCAAAATCCACTCTTGTTACTGCAAAGGGACCTGAGGGATCCGTAGCGTCGTCAGCATTACCCGAGACGACTTAATCACTTCAAGAGTTAGTTATCCATCCGTGACGCCCTACTAGCAATAGACTGATCGGACAAACCGGAGAAACCAAATACGCGTTAACTTTATGGTTGCTTTACCGGTAATTTCAGCAATCGGTTGATTTGTGTATGTCATTCCCAGAATTCCCACTACGCTGTCAGGGCCGGGTCCATTATAAGCTCACTTATCTTAGGCAAGGTATGATTCACAAGGAGCGTAAGCCGCGATTTATTAACGTTGCAACAGGCCACCCCCGTGAATATAGATTGCTTGCATCTGCGATGCGTCAAGTCGGTGAAGGTACGTAGTGGCACGAGCGACGAGGCCTTTAACTTTTGTATGCCA,1820,49.18,Mus musculus
SEQ_228455,ATATTAAAAGTCCGTCTATCAGTGCATACACACTTCCCAATAGGGAGCTGGCGAGCCCACCAAAAGGGGGAGAAGAGTTATGGATATACCGGGTTTCAGCATAAAGCTTACCCACTATTTGGCAGCTGTACCGTATTTGCGTACATGTACCATAGAGGGATAGATTTATACACTGTCAAGGTGTTGGATTGTAACCTCATGTTAGACCAGTAGTCAAAGGTGACGACAGAGTGTCGGGCCTTCAGGTGCACAATTGAAGGTTTCGTCCATTCTCAAATCACGACCAAGCATTACCTGACCTTTAAAATATACTTTGTGGTAACAGGTAATTACTTGCAGATGGCCTACCGTCGAGGAACCCACGCCGACACGCTTTCATAGCCCCGCTAGGTGTCGAACGTAGCCTTCGCCGAATCATTCGGTCACTAGCTGTCCAAAAATGATCTTTCTGCGGCCGGAGCAGGTCGAAAGATGCAATACGCCCTTTTCCAATGGTAGCTAGTTATCATCAAATAACCCATACTAAGAATGAGCACGTCAGTGGCGTCGCTAACTAATGCTGTCGGGGGGTCCCCACGGCGAAATCGCCAACTCGAGAGAAGCGGAAGTGGATACTCAATTTCGAAACTATGCAGCTTTAAAGCTTCCGCAGACATGGCTGAGTTACCACGCTACGAAAAATGGCTCCGTGTCGTTCAGTAATGGTGTTGCGGGGAGATCTATTCCTATCTATCGAGCCCAGTCGTCTCGGCAGAATCTTGAAGGAATACCATTGAGGGGGCTGCAAAAATTAGGGGTTGGCAACCGTAGGAAACCTCGGCGTACCCGACCCCGCCTAGAGGAGCAAAAGGTGAGGATGTGTTGCGATTATTCCTGGAACGTTTGGTTCTTCCCGGGCTTGGACATACCAGTAACGCACAACATAGCAATATTATTCTTGCACTCATCGCGGATGGTTACCGCGCGACGCGACGCTAGCAATACCCGGCATCATCTACTGTACCTCGGAATCCATGGTTTACCCTGTGACGTAGGTGCCATCACGCTGGCCTTAATCCGCGTGACATCGATAGCGTAACATGTGAGGATTCTCCTTGGGGGCTACACGTAATCTTTCAAAGCGAAAAGCTTTATGCGGCCACCGATGTTAAAAATTATGTATTCGCGTTTGCAAGA,1176,48.72,Caenorhabditis elegans
SEQ_519549,GCCGTGGTGACGCCGCTGGCCCATGGCATACCCTTTACCGGCAATGTCATCCCCACGACGAACGTGATGACTGTGTGGGGATCGCGATCAAATCCGTGGTTATTGACTTTTCCAAACAGAATAACGTAAGCTCATGCAACATCGAGTAGAATACTTAGGGCTAATGCCATGTCCAACCCCCTAGCCTGGTCCCGGGGAGGGGCCTTGGAGTATAGATATTAGGGTGGACCGCAATGCTAAGGGACCACTACAAAAACTATGTAGCAGCCGTGTTGACAACGGTGGCGTTCACCGGTAGATGTCGGCACTGTGGAGCTGACGCAAAATGAGCGTTACAAGGTAGCAGTGATAATTAACCCTCCTCATCAGTCTGTGCTGTAGTCAATATACGCGTTTTCTTATGGTATGACCTCGCAATCATCGTTAGTGCAGGTTCGATATCAGGGTGACAGACGCTCCGCCGAGAATTTCTTGGACAGTCGATTGACCTTTCAATATCCGACGGCTCTGCGATATTCTCGAGTTGTTGCTGCCCCCGAGTATGGGTATGGCATCTAGGACCTTTTCGCATTTAAGTAGGCAACGGAGCGGGGGTGGCTTTTGTGGACGAAGCTCCATGCGCAGAGCATAACCCAAACACTAATAGCATTGGAGCCGGTATGTCTCAAAGACAAACATATGTAAACTTGGCAAGTCACCTGTAGAACAATCAGATTTGTCAGTAAAGATAAGCAGTTGCGGAGTAAGGCACCAACGTTGCGGTCGCTTCGATCAGGAACTGATAAATCGGCACGTCACTAGAAATCTTCTCCATTTGTTAGCTGCAGGCAACAGTAGTTGTGGAGGTACCGTTACCGGAAACCTTGACAAATCGTCCTCCACTACGTTCATACCTCCCCGTGCCCTCTCTCGTGTCCATTCAATCATAATCCGGATCACTTTTGTTAGCTTATAGTGAATCCGATGACTGTGCTAAAACTAGCGACCCGATATTTCGGAAGCATGGCTCTATCCCTGCTACCTAGGGAGGAAAATTTATGTCATATCATTAACCTTAAGCAAGAGAATCCACTGATACCAGGGTCCAAACAGGAAGCCACTTGCCTTCATCGGGGACCCTACTATCTCTGTGCGTACAAAAGACCCGAGGAGATACAGTGGGACAGTAATCTCCTCCGATTGCGAACGTCCCGCCCACCGATCAAATATAATGCTAATGCCATAGCATTAACCTTGACTCGCGCGCATCTCACACCCAGACTGGCTTAGCAGCCGCCGTCAACAAACGCGCTGCATCCGACGATTTACGGCAACCGCAACCGACCGTTATTCGATGGGGCTTTACTTCCAGTAGTTTACACTGTAATGGGACGAAAAGCCAGCCGCCTGGGGTGCGTGTTTTCTATCGCGCAGTTGAAAACCATACAGTGAAGTCGACTCACAGGGGCGGAAGCATGCAAGGCCGGCAATCCGAAAGTGCTGTTATGGAATCCACGAAGAGAACGCTACCTCTACGCTCCGCGACCGGAGCATGCCCCGAAATAGCCTGACAACATAGGTTATCATGATCCTAATCGACTCGACTTTGTGATAGCTCGCATACTATAGATGGGCCTAACTTTGCTGGTGGACCTTAGCTTATGAAGATTAGGTTTTATCATAATAGGTCAATAGAAGGTCGACATCGGCAACGTCCCGATCCTTCAGCGTACTGGGTCGGGCGCCGCCTAGACCTATCAACGCCGTCGCGGGTGAGGCCTGGCTCCCTCCTCACGCTAGATAGGGTCA,1788,50.22,Arabidopsis thaliana
SEQ_354574,AAATTTGACTAGGATGAGGTCAAAGGACGCAACCTCTCGAAAACTATTCCCTGGAAACAATGCTGAACTCTCTAGAATTACTCCACTGGGATAGCGTCGCGTCCCACCAGTTGCTTCCTCCCTATGAGCGAGTAGTTGGTTGTCTTCGACAGATCCGACTAGATCAATCGTAACCCGAGCAAGGGTACAGCAATATAGTCTTTGCATATCGTTTGTATTGGGATCCAAGTCAGATACACTGAGAGTGGAAGCTAGGCGGTAAACCGACTTCTCCGATTCCGCTGTGATGCATGGCTGGCGATTTGAGTAATGACCAACAGGAGGAACTAGTTTAATTCATCTTGGAAGCTCCGTCGACAGCATCTCCCCGGAGAAGGTTACGATGGAAGCGTGTCCTATCCCGGAGAGTAGGGTCTTGCCTCGACACTTGATTGCCCTTAGGCATATCCTGCTTAGTCGAAGTTGGCGCATTAACATACATCGGTTACCAACCAGGCCAGTTTCTAAAAACCTAAGACTTTTCCGCTATTTGGAGTGACAGGGCCCTGACAAATGTTCCCTCTGTTTCTTGTCAGATACGCCTGCAGATATGAGTGTTTCCATCGTTCTTGATGCGATCGATTAGACCTAGTGAACAGAAACTGAAAAAATCAATATCGCTAAATAAGATGGGCAGCGTCAACCAGATAACTCTGGAGTCATTCACTGTTGCCCGTGTCACATTACTGCGTATCCTTTCAATCGACAGCTGGTTAAGAACCTGCTAAGATTGACTATCAGTGTCACTGTACCCTCAGTATCCTGTATACGGCATACAATCTATAGCTCGTCAGAAGGAGGTTTTTTACAGGCGGATACGTATGACAATCTCTAGTTGAACAACTTCGGTGCGCAGAGCTAGCGCGCCGCAGGGCGTTTTAAAAAACTTGGCTTCCAGGGAGGTGGGGTAGTGTAATCTTTCGGGCCGTGGGCATACAGAGCGAATTTAAGAGTCGCAAGGGCGCTATCGCACGAGTCTCACGAGAGCTGCCCATATAGCTCGCATATATGAATGAGTCGCTTCGCTGAAGAGGGCAGTCGGCCTCAAAATGGCCTTTCGTGCCTGCCAGACGCAATGTGACGCTGGTCATCAGCCCGAGGCTAGGTTGAACCTCTTCGCGTGAGCCCCATTCTACCGTTCTGAATCACGGCCCACTTAGCATCGACCAATACAACGATACCGTGGGAATGAAGAAACCATCCGCCGGGCTATGAATGTTTACTCAGGTGTGTAAACCACCCCCCGCCGTTATGCCATAAATGGCCAGGGCAGGTGCTTAATCCCTTTTTCTGATCTTTACAGGAGGGTTGATCGTTTTCATGGGGTGAGTCGTCGCTCATTTACTCCGAACGTACAGCTTTCTGTAGGACCAAATGGAACCTCGTAGGTAGCTCATGTCTCTAGTTACCTCGTAGAGGTTGCAGCGGCCATTTCTCCAATCGTGCGGTACTGCGTTTTTAGAGGCGGACGCACCAGATGCGAGCGGAACTGATCTTGACAGGAGAAGATAGATACTCATCTGAAGGGTCCCGTGGTGGGCTTTCCTAGGTCTCAACCATGAAACGAACCACACTGAACGGGACAAGGACGT,1631,49.23,Drosophila melanogaster
SEQ_511506,TTCCATATCTGATCGCGGGCCAATAAATCTCTAAATACCTTGAGCCCGAGTGGCAGCAACCCAAATTGTCACTCCGCTCAGATATGTGTGTAAGGGGCGTCACAATACCACGGACGATTCGCGCACTAGAGAGTGCTCGTGTCCCGTTAATGTAGTATCCCATATGTGCGTAGTGCGAATCTCGGATTCCCTACCACAAAAAGTGGCCCCGTCAGGTGCCATCATGGCATACCATTATCATGGGATTGTACTCTATTTCTAACTCGCTCCCAAGTAACTCGTACGCCTTCTTACAGCAGGTCCGCCAAGACTTGTGGAATACATGTGAGGTGCGCTCACCCGGTGGCTGTCCACTCACTTGCGCCGGTGAAACGGCGAAATGTAGGGTGCTGGTTCCGACACTGGTCAACGGATACCTTAGTCAACATTGTACGATATGCGGGAGTGGGATATCTCTGGACAAAGTTGTGTTCTCTCGAAGGGGAATACTCTTGCTCTTGGCCGCAAGCATGGCTTGACTCTCGGGAGGTGCTTAACACCACGGGCCCCCTACACACCATCGCCCCCCTAGCGCGTGCATTTCGTTGTTTTATAGGCCGATCGCGTTAATTCGAGACAGTGCCCTACCGATTTACACCGAATCGCACGAAATCTGTAGTGGGCGATCGGTCTGCGGTATGGGTGGGTCTTCGGGACCAAGCTTCGCGGAAACAGACGAAGTATCCTATGAGCTCACGTTACTCGGGCTGGTTGGCAAACTGCCGGACGTGTAAGTCGGTGAAACGGGTGACGCCAAGACGGGGTGCTTGCATGTTCCTATAAGCCGCCCTAGACTGCACCCTATTACCTCCCAAATTATCTACTAGGGTGTGCGCGCGCCTAGGTTGACATGTATCTCAATTCAGTATGACATTTAACAGGGCGGCGTCGAAGAAATGATAACGCACCGTTCAGCTGCTCTGGTTCTTGCGGCGGACGAGGTCGTAGAATCGTACTAAAGAGGCATCCGCGGTCGGGGTGATAGCTAACTTCACTGTTACCGCTTCTACCCATTACCTACCTGTCTGCAGCGTCGGACCGGTGTATTGGGTATTATGCTCTATTTCTTCAGGCTGTTAAGATAGCGAATAGTTGGGGTGTAGGCTGCCACACGCTTCCCTTGCGTCCCGTGGGTAATCACGTGATTATGGACGAGGGGAAACAAGGAATATTGAAACTGGCACGTAATAGGTAAAGTAATTGCTGCCGGGCGCGGTGCTTTATGAGAGCGTATGTGGCCTGTT,1283,52.14,Caenorhabditis elegans
SEQ_738027,TGGCCCGAAGGGAACGTATTGTTAGCAGTGGTCATTAGGGTCCACATGCCTGAGCCGGCTCGAATATGTTTGATCGCACATAACACAGATAGATCTGGTGCACCACCGAACTGACTGAATAAAGCCCAAATCGGCGGGCTAGGACCGGTGCTTGTCTTGTAGACACGGCGACTTCGAGAGTTAGTGCTAGTTTAGTCATTAACCTAGCTTCACCTATGCGAATGATGCGCTGTCAGGATTCTCCTGCGGCATCGGGAGTTACGCGCCCACACGACCCCCAACGTCGATCACCAGTATGGCGGAAAATATGATTCAATTAGCTGTCAAACCAGCGTAGTTATTGAGGAAGTATACGAGCGTTTCACTGGGCAATTTGCAAGAGGGTCTGAGCCGCTGGGTATTCTTCATCTTCAGACCGGGATAAGACGGCCAAGGCCTTGAACAATTTGGCTTTTTCTACATGAGGGGCCATCGGCAAACGTACACACTAAGGCCTGTGAATTGCTGCCATACTTCATCGGCGGGTCCAGGGGATCCAGTTGGCTACCATGTTCCGTGTAAGTCCTCCTCTCTTGCGCCCACGCACACTTGCTCTAATGGTAACCGGCGGTCTTAGTGATTGCGTTCTTATATCTGACTGCCAGGATCACGCGCTTGCTGTTTTATAAGCTCTAACGTAGTTCCCAAACCGCTTTGTTAGCCTGGCCAGGGCCAACTAATTTAGGAACGGCGGCGGACGCATACAATCTTTTTTTCGTGTTTCCGCAGGTTCTTCGTAGAGTCTCGCCGTGTCTAAACGCAACTTTTCCTAGATGTAGTCGACCTTGGCTGTTCAATAGCTAGCATGTCTGTCACCTTAACGCTCATCCCTCTCTGTCACCCATATCCCGAATGGGCACCACTGGTGCCGTTATTAGCAGACTATATCTAAAAATATGCCTTTTGGAGCTACAAGGCCCTGTGTGTCAAGTACATGACGACACAAGCTAGACAGAACGGTCAGTGCGCCTATGAGGAAAGACTAGCGACCTCCAAGCGCTTTAGAGGGCGACTTTACGAATATTCTCCAAAGCCTTTCCTGATCGGACTTCCGCGCAATCGTTACAACTCTTAA,1114,50.0,Escherichia coli
SEQ_552943,ATGACTGTGCCGACTCCACAGTTCACCGGAACTTGATGGTAACCACAAACGCGATTTATATCGCTTGATGCATAGACGGCAGAGCCTAAACGGCCACGCTTTATTGAAGATGACCACTTACCCCCAATGAGCTTTGCGTTTCTGTACACAATGGGGAATGATCCTCTTAATGGCATTGAAATACACCGTTTCGTTAGGTTGTGTACAAATGGGGCTTCCGAAAGGAGCAAGGACTGATCAACCTTTCGACGAAAACTTAAGTAGATCTTCTAGTTCGCGCGACTCTCCCGAACGCCTGTTGCCCGGAGGCCACGCCCGGGCGACACCATCTTAGTTAGTGCAATTGCTAGGACGGTCGGGTAAATCATTTCGTCATTCTGGCAGTTGGTAGCCCCCATTCGTCGGTGTCTTATAGCGGATCTAAGACTTCTCCCGCCTAGAAGACAATGATGTAGTTCATTATTCACGGTCGTAATAGGGGAAGCTAAAGCGTTGAGCGACAGCCGCGGTATATCCCTGATAAATGGAGCACTGCCTCTCGTCTGCCAAGAGCGGAGACACGTCGCTCGGTGCGGATCACAAAGGTAGGTAAGCACTCAGAATCACGTGAACTCCCCAGATGACTTTACTGGATGAGCTGACCTTTCAAAGCATACACCAACACCCAG,668,49.85,Arabidopsis thaliana
SEQ_943749,GCACTCCGTCTTTATCGAGGATAGGTCGACACGCCGAGATACTAAGAGTTCGCAATGGACCACCCGAGAATTTCCGGGGTTCTCAAACCATCTAGAAATGTTTATGATCGATTGCTCTAACGATTTTGGTTTCGAACTCTTGCTTGTAAAGAAACAACAAACGACCATAGCGTAAGAACGGCGAAGCATTAATAACCTGGGGGGGACGAGTGGGTCTGGTGTTTACACTTTGGCGGAGCATTACTTATTAGAGTGCAATGCTGTTCCGCATAAGAAACTTGATACTTCTATTTGCTCGTGCTATTTCGGGGGCGGTACTTGTGACACGGACTGATTGATTCCCCCGCGACGATCAACGCGTGATTTTAGGTGAACGACTTGTTATTACTATACCTCACGACGCCTGCTATTGTAAAGTGGCGTACGGTCTACCGGCAGGCCAGGCTATCATCGTTCGTATCTGAACCGTGAACTGAGTCTAGGTTCATGTTGCAGCACATTACCAAGACGTTAGTCCGGGTACTCTTTTTTACCGTACAAACTTAGTACAGAGTTTTAAACACAGGATGACTTAAAGTTGCCACGTAGGGCGACAAAGTAATGTGGGAGAGGTTCGCTGTCCTATGCGGAAGCCAGTTGTAAACATATAAGCCCCAGAGCTCTAGGCGAGAGTGCTAATAACTCAATTCGTAGACTAGTGAGCACCGTTCCCACTATCCCGGCTACCTCTGGGATTTCATCGGGTTGTGGCAATCTTGTTGCTAGACTCATTTTCGTCATCGGAACTGGCCAGACGATGTGCAGGACCAGATTCCAGAAGAACCTTCCGAAGTTGCTAGGTTGTTTCCCCAGTAAACCCGGTGGGCACAGAGCCCTTCTATGGTGTCTATTACTAATTATATCGTTGCCTACCCCCCTTAGCACGGGTTCGGTCTCAGGAGAACCTCTCTAACGAACCATATCCGTATGTAGGCCC,976,47.85,Mus musculus
SEQ_955232,GGGATTAGCAGATCGCATCTGGGGAATGCCCTACCTTGTCAGAAACAATTGGCATAACGTCCCGTTGCATCTCGTGCGGGTAGTGTACTGGTATAGTAGAGCTGCTCGTCAGATCCGCACGTCCAATCAAGGCAACTTCACGGGTCCGCGACGACCTTTGTATCAGTCTACCGATCTGTGGCTACGGCCCACATCATGAAGGTAGCAGGCCACTTCGGACACGAGGCCAGCTGGGCTACCCCAAGGGGACGCCAACAAGGTGATTCGGCCTAAGAACTGCTGGGACTGCGTTTGATAACCTGGGCCGAACCCACGCTCGGACGTTTCGCACCTTCTCGACGCTTATGAAGTGGAAAGAAGAATCCGGCTAGTACAGTGCTTTGGGATGTCGCACGAAAAAAAGTCATAAATACAGAGAATCACATTCGCAAGAACCTAGAACGAGGAAGCCCGAGTATTCTGGTAGATATGGGTGACTTTAACCAATTCAGAGGCTAATCAGTGTCAGGAATTATATCATCAATGACACAATGTTGCAATGCGGAACGCGATCATTCCGTCTCGATGCCTAGGCACTCACAGTCCTTGACCCTAATTGTTTCTCTGGCCACTAATTATGCATTAAGATCGGCCAGACCAACTTTGCGCATCACAAACATCTACTCCGTGCGGAGTCCCATACCCATGATACATTCCAGCATCCTGGTAGTTCGTGTATGGACCATGGTTTAATATCTATCCTCTTTAGTTCAGCTTCTACAGCGATGGCTGCATCTTGCGTGCTATGTCCTCTATCAGTTGTTGGGAACACGGCACCACCGCCCCGAGTGCGTAGGCCAGATAGGGCTACATCAACGAAAGGGACTTACGGGACCGGGAGAAAGGCATGACATCTTCCAGGTCTCGCTTTTGTCGCAGTCCACCGAAGGCGGCAGTATATTGAGGGTGCCCGCGATTCTGAATGCCATGCGTTGAAGCCGGCGACCAAAAGAACTGCGACCCTGTGGGGCCTTCTAAGTAGTAGATAGTGTACTGTTGTAGCATGTTGGAGTGAGTTGCTTTTCTGAACCACAACCTGGCCCCGCGAGGAAGTGCCTACTATTT,1104,51.09,Escherichia coli
SEQ_510490,CAACCAGGTGAGACTCTCTTAGGGACAGCTGTTTAACCTCCAAAGTCAGATTTACTCGTCAAGAACACGGGTCAATGGCTAGCAGAACGAGCGTGAGTCTCAAATCCCATAGTAAAGGAGTGCGCCCTACAATGCAATCAGTTCCTTGGCCATTCAGGTATGCGAGAACTTACGAAGCGTCTTTCACTGAGCACTCAAGCACACCACGTCCATTAGCGTCTGACGTAGGGCGTTATAATCCCCGCGTGGTAATAGTACGAGAAGATATGACGGGATACTGTGTCAGGCGGCGAGCCAGAACTACAGGGTATCTGACGATGATTACGCAAGTTCCTGGAATCTTGTGACTCCCCACTCTCGCTGGCAGAACCACCTGGGATCGCCGGGATTCATGCAAAGACGAAGCCCAGCAATATCCACCAGTCTTCGCATCGCGCACGTAGAAGTCTATGTTATCTTACTGTTAGTGTATACCGTGGCACAGAGGTCGCCGATGGCTACGTACCACAACCCCTATGAAAAGGCAAGCAATCCCAATGCCTTTGTGAGTATGTGTCTCTACTCATACCCGGGACATGTAGCGTCTTCGAAGCAATAATTCTCAAAGGACGTCGGGCCGTGGAAGATAATGTTTATATGTCTTCTACGATGCACCGCTCATCACCATATTACAGGACGGTCCGTTTGAGGAGAATCCCGTCAGGTGGATATTGGTCTCTAGGGACATACAATTCCGCCGCCAACTATGTTGGTAACCATGGTGGGGGGGGCTTCTATAAACAATAGGATAGCTCCAATGCGAGCCGCGCTCGTCTATCACAAGTACGGTGCGACCAAATCTTGCACTAAATGATGTGTTATTGGGGGCCTTAACGTACGAGTTCTCGGACCGTCAACTTCACCATAGCCCGATAGCACCCGTACATATGGTCATGCCTTGACTGCTTAGGATTATATTGACTCTTCGAGCCTTGTGCATGTGCAGTTACGGGGTTCTCTATACTCGCGACCTATTTCGGTAGCTGCGCCGCGATTGGGGTTACCCGATCTCCTATGGCTTCTAGACACTCGGTCCGGGTTCGAAATTGTACTTTGCAGCAATACAGGGTCAGAAGACAGCGCGATGTAGCTACTATATGACAGAGTAGCGTTAGCGCATAAAGGCAACCCTAACCCTGCTGCGAGAGGAATCACTTACCCTACTGTCATATATAACTGGGGCAACCTGTAGAAACATCTGGTTTGCGTTGTCCCCGCAAACTGTACTCTCTGGGTAGACTGG,1282,49.92,Mus musculus
SEQ_253552,CACAGTAACGGGATCATCTTCTCAAGCTATGCCTATAAGTACAAGAGGTACCCTCAGCCTTACAAATGGATCAGGCTTGAAACGCATCAACCATGACAAACGTAAATCGGACATTCCCGTGCAAATGCGTCGATATCACAATAACCAGGTTATGGACTTTACCCAACTGCCATCATTAATTATATACAACGGATCTATTGACCAAGTACAAACTTCGCTCAGCAAGGTACACAGGTGAACATGCGATATATAGTCTGGCAGAGAATGCGACCTCGCTGGTAGACGCCAGCTGTGCGTGTCCCAAGACTTTGGCGAAAGTAGAAGTCACTGTCAACGTATGCTAATCCCGGCTAACTGTACATCGCGCGGGTCCCTTGGGTACATTGACGCTCAACGGGCCTAAGTTAGCACGTAACCTTTTTGTGCGGTGTTCAACAAGTACGGTGCACGCGGTCTTATCTTTGTCGTCTCTTGCGCGTTGGATGGAAGAACGTTTCCCGCGGGCTAAGTTGCTGACCTTATCGTCGCCGTTACTAGAGCCGATAAAAGGGTAGGACCTCGATGTCCACAAGGGTCGTTTAGTTCTCATGCGAGCGTTTGGCACCCGAATTCTCATTGGTGCGTCATGTTCTTGGCTATGATCTGCCATTAGTTCTCCTGCTCAGGAGCGTCTCTCCTACCCCCGAGAATGCTATCGCATATGCATTTAGACAAGACGTATTCGCCCGTAATAGGAGGCAGTCCACAGTTGTGGGATAGGTGCGCTTAGGGTGCACCCTCCGTGGATGCATATCTTCCTGTACCGAGCTAGTAACATTATCCTCACTTCGTCGAGGTCGGAATTTCGGCT,850,49.29,Arabidopsis thaliana
SEQ_323346,GACATTGCTACACGCGGCCTACGCAAGATTGTGCCATAATCATTTCGAGCGGGGTATGGAGAACGTGCTCCAACAGGTCTAACCAAAGGAGTGCAGGTAGTCCGAAAAAGTCGGAGTGTGTGCCTTGCTAATACAGTGCGAACGAAATA,149,49.66,Mus musculus
SEQ_576681,CGGCCTGTTCCCACGACTTATTAGATGAAAAGCAGCGTTCAGTATCTGAGCCTGGAGTCATTGTTCGCCTTTGAATGGGGGTAAAATTGATCGGTCTACAGTTACCCGCGGTAATCTCCTCATTGGCGGCGACCGCCGTGACCTGAAGTATGCCGCCTAATTAACTGCACGGTAGACGGTACCCACTCTTCGAGCGTTCTGATAAAGGTCAATCAGCTGAGTTAAGTCAATCAAGCATCGCACGCGGACGAACGTGTTGATGGAGCGCATCTAACACGTTTGACATCGATAATGCTCAGTGGTTTAACGGTTGTACTGGGTCGTGTGTGCAGTATTCCGCTCCGTTCCTCTCACTGACTGAACGGATCTTTTGCAATTCCGGGCCAGTGCGCTGGGTGAGCAATTCGCGATTTCATCACGGAACAGGTCCGGTCGGACGCATGAGAATCTCTTGGGAGCAGCAGATTTTTTCTACATTACGTCCGTCCAGTCCTATAAAGCTGAGGTTTGGAACACGGCCATCAGGATAGCGAAATGGGGCAGTTAACTAAGCTGGCGCCTGGGCTGAGTATGCGACAAGCTCTCGGAGCATCTTATTTATGTAACTTTCTTAGAGTGACGTCAGATTGTTATCCCCCGGTTAAGCACGCTACATCACAGACCCACTGATGGCCCACCAGACCAGCCAATGCGCTGTTATGTTGGTAGGGGTCAGACCGCCAATCCAATGCCGGCGCCTGTAGGATCAGATCTTACATTCTTGTGGAAAAGAACAAAGTGATAGACAACTGCAGGACGAGTACTCGCTTACTGCTAGGATTCTACTCCGGGTGGGTAAAACCGAGAATTACTCGTGTGTAC,861,50.41,Arabidopsis thaliana
SEQ_927975,AGTCGCAGAATTTCAGACCGGCCGCGTTATATGTCCGGTGAGCTATTATAGGCTAAAAATCCAGCTTTTTTAGGGCAGCGAAGCATGCAGACAGCGAGGTTACTTGTGCACTGCTGCATGTTTCATATGAAAGGCAGATATTATACAAATTACACCGACCAGATAATTGGTGGTCGGCTAGAAGAAGTGGACTAGAGCGTAAAGGTCCACGATATGCAAAAGGGAATGATGACGATAAGATGCCACGAAACAATGAGACGAACCTTCCATCCCCCCGTTACCGTTGCAACATTGCCTGTCTCATCCTCCGAGTGCCGAGCTGCTTAATGCACTCGAGTCTGTATCTCTCTCCAGGGTTCTAGCGGCGGACGTGACTACGGAGGTCGTTCAGGCTTTGGGGGCCCTTAACCTCGTTAGTAACGGTTAACTGCCCCTTACCTGCCCCTCTTTCAGTCCGCATAATGTAAGTCAGCGGGATCGCTGTGGCCCCTCGATTGATTAGTGGCACTGTACTTGATGTCTACGCAGGCAGAGTGATAGTGCTATAAGTCGCGCTCATGTCGTCCATACGCAGGCCAGCATCCTAATTATTCGGACATGGGAGAACTTTCCGCAACGCTACGCGCAAAACTTTACGCTACGACCACCCCCGCCTAAGGAGCGGTAAGTATAGTAAAAGACCGTCCCTCGAGTCATATCGACACGCGCGTTTTTGGGGCCGCCGTTACAGATTGAATTTTCTGTTGTGCGTGACCATGCGAGGCCCGCGTAGCCATCCCACATAGCTGCCGAACCTGTGTTACTGCATACGCTCCCGCTAGCGGAGAACGCCAAGACCGCCAGTCTGCACGCCTCGGATCGTAGTGCGTGTTGGGTAGTGCCGTCGGCTTTTTCCAAACTCCCCTACCCGATCGATGCCTACAGCGGAGCCGTCATGGCATGGATCGATCAGTCAACTGACTTGGGTCGCATAAATCTTTTTTAAAGCCCGCTGCGGCCGTCTAGTTGGGTGTGCCTAATCCTTAAGCACGGATCACGAATAGCTCCAGTCTTGAGCTCTCCCAGATTGTTCCTGAGACCCCGGGAGAAAACTAGGTGTCTGGTGCACTCACACCATCTCCTGAAAGCGCTTTTTGGCGTGGTCTCGGACATCTAACATTATCTGGCAGCATGGTGATTGACAAATAATCTACAGGATCTTACTGACTAGATCCAACAGCTCAGCGGTGCCTAAAGCGACGGGTCCTATTTATATAGGAAGACCATCCATTGCACCGCCTTGGAGGAATGATCATGCGACTCAGCCTACAGCCGTTTAGGTAATTTGACGTACTCCCAGTGTAAAACGTCCTTAGATTAATTCGCCACC,1369,51.35,Homo sapiens
SEQ_443446,TTCCGGACTAAGACAAGGGGATACGCTTTTCCTTGCGCATAAATACTCTTGCGATGCCTAGATTCCCTAGTCCAAACCCCCTGTACTACGATCATAACGCAGACATTTACATA,113,45.13,Mus musculus
SEQ_343015,AGATAGTGTGCAACCAAGGAGATGCTCATTGCCAGAAATCGTCAAGTCAAACCTAGTATAGCATACTATCGCTTTCTGAAATTGTCTGACGCGGCATAACTCAGACCGCCACCTAATAGCCCAAATACATTTTTGGGACCTTCCTCTCCGATGTCCGGGATGCCGCCTCTAGATAGGATTAGATCAATGATTAGACGAGGCGTATTAGGATCCTTTAGATTTGCTGAGCCCACTTCTTCCATACCCACATGGAGGCCGTCGGCAGACTGCGGCAGCTACATAGTTATTGTGTGTTCCCTTTATCCCCATGACTTATATTAGCACCGGTGACTAATTTCTGCACAAAAGTCGGACATGATTAGGCCCGTGGCACCGTTCCACTATTTATTGTATACCAACGTCATTATTAGTCTTGTTGTTTCACGTCATTTGCACGCGAGCCTGTAAGCGTCCCCACTTTGATTAGTCCGGGTGTAACACTTAACGCGCGTCTAGCAGGCGTTGGAATACATATAGAGTTTATACCGCCCCCCAAGTCAAACGTACGGGGCCCGTTGGATAAATCAACAGGCGATTTAGCAAGCCACGCATGCTACCCAATTGCGTTTGCTGCATACGTATACCCTATGTATCGTTTTATGGATAATATTTAAAGCACCGCGCTGAACTAACGGGGTGGCCAACATCTGTCAAGGGCGCTTGCCGCCTCTACAACCTAAGCCTTGAATTTGGCTTAGCGGCGTTTTTAGGTCTGGGGAATGTTTCCTGCAAGGATCAGCCGTTATGTCTTTCGTCCAACATAGCTCTGCCGTACGCTTAGCTTACCCTCGCCCCTTAAGGTCTTAAATAGGCATCATCACAGCCAGAGGGTATTACGTATGTCTTATAGATCCACTGTGAGTCTATAGCTATAGCTATAACCTCTGAAGCGTGTTCGATATGATACCGCCTAAAAACGCTGTCCCCTAACCCGTGATGTCTTGTGACGCTATCGTTCATTTGGCGCTATCTTGGGTGGTTGATAGCTCTTAGGCGCGATCTGTGATCGAACTCTCGTACTCGTTTTCCCGCGGATTAATGCAGGCTGAACAAAACGTTATCCCTTCTGCGGGATGCAAGGAAGTTTCAAGATTGACTTGTTTTCAGCTCCCGACGCCACTTCACTTATTGCCATAAAAAGGTTGTATAGATCCTCGGAACACGCGTTGATGGTTGGACGGTCATTTGATAGGGATTGACAGCGCAAAGTGTCTAATTTGGGCAGGTCCGAGGAGTCCCGATCCCCTAGGTGTTACCCGGTAGGCTAGTATCCACGCGCTTGTGAA,1325,47.77,Escherichia coli
SEQ_458681,TTCAATCAGCACAGAACTCGCTGCTCCTAGAAACCAACCAAGGTGTAACCTAACCGGTGGGGACGCCCGAGCTTATATGTGAATATTAGCTTTGCGAGCCAGCTCCTTCGATAAAGATGCCGTTGATTCAGTCGTATCCGTAAGTGCCCTACTCATATCGAAACTGCTTTATCGCAGCCACTCCTCTTCTGCCGCAATATTAGGGAGAAAGCAAACGCATATATCATACGAGAAAGAAATAGGTTAGTTAGACTGAATTAGGTGTCGTGTGTCATCAATACCCGTTTGTAACTATTATCTCAATCTCGGGGTGTACCGCAGGAAATATTAGCGCAGCCTTCCGAAGAACGTTACCAGAATAGCGCATAAAGTGCTTAGCCCCGAGAGTCGCTCTAATGCATAGAGTCGGTGCTGTGTATCGGGCTAAGGACAATGGACGGGCCCAGAGTTGCCGCGCTGTACACCCCACCCACGTGGTCGGTCTAGGGCGTCTCTATCTTAAGCTAGGCGCGCTGTAGAGCGCGGTTGTCACTGCCAATTTCTCCGCTCAGTCTTAGCAGCAACGTTCTCTCTTAGCGGCCTGCCTAAGCACC,593,50.08,Mus musculus
SEQ_460449,AGTAACATCCTACCAGACAGGGCCTGCTTGCAGTGGACATTAAGAGGATATACAGGCCCGAGGCGAAGGGTAGTGTCCCTCCCGGTGCGCACTTCGCAGACCTGCACCCTACGCGAGTTCAGAGCCCTTACCAACGGTAGTCTTGTTTCACCAGCGCGCCCCAGATATTGCATCTTATATTATGTACCAATGGGACGATTGTGCATCGCTGCGGAGGTGGGGTTAGTAACCACACATACATGCCCGGCCTACCTGACATGGCCTTCGCTTCTTTAATTCCGGGTGCTGTTCATCGTTATTGCGTTCCTTCCAACACGCCGCGGGTGAATGGCCCGTGCGTGATCTAAGGAAACCGACCTAGAAGTTTCGCCACATTGAGTCACTTGGGAAGGAATTGCGCTCTGACCCGGAGATCTATGACAATCTCTCCGTCCGAGCGATCGCCTGCGTATGATCGCATGTAATCAGGTAACAAGTCTTGCCTGACTAGCAAGGACCAAGCCATTTATTGAGCGAAGCTGCCCCAGGAGACTCGCGTGAATCAAGTAAACATAATCCCACAATATTAGATATAGTCCGCCCGATTCTTCAAACCGAAACCGGATTGTATCAACTGCGAGCTAAGGTCTGTTGTGTGTGAGTTGAGAGTCCACGATTATTCACACTATTTTGAATTCGATGAAGTTGAATTTATCACAACAAGAATCCGAAATCATGGAGTTGTATTATTGATGTCCTCTCTACGCACGGGTTGCGGCCTTTCGCACAACATCACGAATTTTGACATAGCGGTTTTCAACGCGTACTGACAGACTTCTGCATTGACTTGGGTGGGTCCACGCAGACGCCGCAGAGTATAACAGTAGCACTGGCTATTCCGCGGTTTATGGGATTTGACCGCCCGGTTGGAATTACTAGCGTCGTCGGTCTTACACGGCACCATCTACTCGAGCCGCTTATCGGGAGAAACGACCGGATTGCCCAGCATTGACCACCATTCCAAAGGAGACCGTTGATCTGCTGAACTGACCGGAGGGCCTCTGAATTTATACTGAATTGCTCTCAAATAGATGAACGTGCGACTCTTTTCCCACGACTACAGCTGGAACATGCGATCCTCGGAAGTTGTGACGATAAGGAGAAGCCTAGTATTTGTACACAATTCATTATCCCAAAGGCTGCACATGTGAGCGAAGCAGAGCCAGCTCGGTCGATTTAACCGCTCTTCGCGACAGACTTCTATGCAACTGTGGGTCACAATTTTGATC,1268,49.84,Escherichia coli
SEQ_457339,TCCCCTCGCACTGCAAAACAATTTATGTATGCGAACCCGCTAATGCTTTGTCTGCTTTTTTTTCGCAGTAGAAGTTACACTTCGCCACGCCATTTCCGGGGGTTACCTGGTCAGAAGCACCAGCCTATGCTGTGCAAGAACTAACACCGTAGGTCAACGAATGCTCACGTTAGCTTCATTTGATGGGGACCCAGCAGCTGCCTCCATTCTCCTCATGAATTCACGTCTAGTGTTCATACTGATTTGCGTGCTATCCCTCGCCAGCCTCACGAAAGGTCGACTCAACACTGAAGGGAATCTCCTGCTGCTCAGGCTAGAGGTTCAGAGTGACTGGCATTATCCCCATGATAGTGCCTTCCGCTAGATCGACATACCCGCAGAGCCTGTGCTGCACGGATCTGGTATATGTCTCTCTGAGAGCTCGGCCTCACCTACAATCCGACGCGCTCATCTTCATAGTCCAATATTGCAAAATACAAATGACCGTGCAAACGTCTGTGGACGCTGAGTAACTGCTTCACATTTCAGGTGGCATGGTGAGTATGGCCGTAAGGGCAGAGTCCACGCGCCAGCGGTGAAAGGCCATCACAACTTCCTTTATGAAGCGTGAGTGGCTGCATGTAAAATGTCGCCATGGTAACCCAAGCTCATGTTACAGCTTCCACTGGTTAATAAATTTGGTATTCGTGGTTGGGTGCTGAGAGCCAGGTCTGCTATCGTGCGGCGGACGAGTGATGTCCTAACTTTTCAGGCTCTAGGCTCGTCTCTTGCGAGATTCCGTCGACCGACACGATCCCCCGCTGCACAGCCTAGCGCAAATTCGAAAAACCCACGTGGGGCCCTAAATTCGTAGATTGACCGGGTCTCGGGAAAGCCACGCAGGGGCTACGCATCTATATAAAGCATGTAATTCAAAACAAATCGCATGGAAAGGTTTATGGGAACATCTCTTACGGGCTGTTCTTTATATGATATGGGTCGGGCAGTGGCATAGATTAACATCCAGTGTTCAGGGTTCGGCTATACGAATGTCGCAGCCAGCTCAGAAATCAACTAAGGTTCGCGCACTAGGGGGAACTCAATAATGCCGCGCTCTTATTGCTAGCCTTCGTAGGTCAAGCGTTCCCCCGGGGACGGTGCGAGTCGGATGAACGACCCCCCATTACATGTGCGTATACTGAAAGATGCGGGGTGGTTGCATCTCCGCTTGTACAAGGTCACCCAAAGTCTCAGCGGTCTCATCACCGTCAAATTAGAGGTACGAATCTAAGCACTATGGGTCTCTGTGGTACGCCTTATTGTTTCAACGTGCGAGTGAACAGGAACCGCCAGCAAGTACGTCGCGAAAACCACGTGAAGTGATATAACCGTGGTTGTCCATATGCGCAGAATGTCCTTATTGCATGA,1407,50.68,Caenorhabditis elegans
SEQ_451421,GCATTGTTGCTGTGACCCCCCGGGCGATTTGTGCATCTTTAGAAATAGCCATTTTCAGTCCACACCACAGCATGGGGTCGCTGAAGAAAACACCGATAAGCAGAGAATCTCACGCCTCTCAATTTTTATTGGTACGCTAGATAGAGGGGTTTGTACGCAGAGTGTACCCAGATGCCACGGACTCACTACACTTTTCCTCCTGTGGTAGAGTGGCGGCGCATCCCTGCGTCCCTGAGACTAGGACAAACATTAGGCTCGAGTGCGCGCTCATCCGTATGGGAGGACTGCCGGTACCAGACAAGGCCCATGTATGCCTTCCATTCCAGGTAGCTGCTAAGTTCTAATGAGTTGCTTGATTCTTATGGCATGACTATTCGCCAATGCTGGTGGTACAGTGTCAGACATTCCTTTATGGGCTCAGATCCTACTGGCCGCGCTTGCGGCTTACGCAACTGCTGATGTCGCCATCTCCTAGCCGTCAAAAGGTCTGATTTACGAGGAACTGCCTCCGACATTTTGACAGTACCACATTTGCCGATCGATTGCTATCTGCCCCCGATAGCCTAGAATGCTGGTGAGTGTGTTAGATCGTTCAAATGTATTAAACGCGGGGCACTTTCTGCACTGTCTATTAACTAGTCCGGGAATAGCCACTCCGGTTCGACGTGGTTAGGACGAGACAAGCCTTTGAGGTCAGTAGCCGGG,705,51.21,Saccharomyces cerevisiae
SEQ_568629,TACGAGTAATATGAGATTTTTATCGTGTTAAACAGGAGGGAGCGTATGCCACGCTGGCTTTAATTTATTCTGCGGGACACAGGCAGTATCCGTGAAGTGACATGCACTGCGGTGGCGCAACTATAGCTAGGTATCAAGTCTGCACGGGTCTCAATTGGTTCGTTTGCACGGGTGGGGATCTATATAACTCGCGTGTTAGCAGGCTGGTAGTCCTCCATTTTAGGATCCCCAGAATAACCTCGTACGCCATAGCAGAGCTCCTACCTTATCCAGCTCAGCTGCCGCTCTGGTGACTCTGTAGGTTCAATAGATCATTTTTTTCTACGAGCCCGCCATTTCGTGCCCTTACCAGTCTAACTGTTCCCATGTATTGTCTGTTCTGTAAGTACGATTCTTCGTTGCTGGCACTGCATCTCGTTGCGGTCCGCCCGGTAGATCGGTGTCTATGGGCCACCTGGTTTAACAGAGAGGCAGACCCGTAACCCCAATCTCCTATGCCCATCAGGACGAGACGTGGCCGATTAACTCTTTTAATACGGCGTCGCCATTACGACATCCCTCAGATGTGTTAGGACCTGGCATCCAATCGGGATGATACCCTACGCACGAGTCTATATCCTGTCTGCTCGATTCTGCGTAGTTGCAGAGGGCCACACGCCTGTACCATCACCTTTCCCGATCGGTTGAAATCTTAGTGTTTATGCATGCTCAGACAAACCCTTGGTATACCAGAGGTCGTA,740,50.14,Caenorhabditis elegans
SEQ_183650,GGACCATATCATATCAAGTAGGGTGACTTTCCATTGAAGTTTTTCATATATGTACCTACCAGAAAAGCTATCAGGTACATCGCATTACCCTCATGTACAGAATTGGCCGTAGCCGTCTACGAGAGGCTTCAGTCTCTATTGAAGCACATCCTAGATGCTCAAGATTCACGGAGAGTCGGTGGGATCTGGGGTCTTCGGGGGTTATCATCACTCTGTATCATAGACAATGTCAGGTTATTGTAGGACGGAACTTAACCAGGACAATGGCATCTTGTACGGCATCTCGCTCACGTGCATTAAATTTAGGACAGTATGATCAAACATAGCTATGTTCGCAGGCCATGTTGAGAGAACTAGGTACGGTAATCAAACTACTCTTGCGAGCAGGTGATGACGACTCTATATTGATACAGAATACTACGTGTCATGATCACAGACCGCTGTTACTGCATCCTCAGCTAGGAGGACCTTGCGGGTGGACACGCTCGGTCGAGCAGCCATTAATTAAAGTACAATCCGGTAGAATTACAGGAACGATATTTGTAACCATAATAACTATGTGCGCAGTCCCGAATTAGAAGTGTGACTCTGTCTCCCAAATTGGTCACAGCAAGTTAAAGCACCCCACCGGCGAGGTGACAGGTTCGGGGTTACCTTGTCGTATATGTACGCCCGTATCAGGTAAGTACGAAAGTCGCCCCATATATCGGTAACGCGCTGTTCTCTCGAACCACAACTGGGGTGGTATTGGGGGATTGTGTGTGTAATAATTTTTAACTTCGCATGTCAGTCTATGTGATACTTGGCTCGAGGCCTTCTTGTGCGAAGGAATGCAAGGCGCCCAGTTTAAGGGGACTTGGTAGCACCGTGCCGGGATTAACGTTCGGAGGTTCGAAAAAGTCGTCTAGTAGGACACGGCTTGAGAGGAATAGCACATAGCAAGGGCATAGCGAGCTTGTAGTGCTTTGGTCGAGATCTCGGCCGGCTATGGGTCTGCTTGAACTAACACACCAAGCCATCACGGCTTTTTTGCGTACGTGGTGATTGAACTTACAGTTGATGGCTCACGCTTACTCGTGGTAGCACGCATTGAGATACCTATAGGGCTACATACTACCATGTATGCAACCCCATTCTGTGAACACATAGACCGAACATGCGCTCTGGGGAGATCAGTGTATGACAGGTCCGTTTGCATCATATGCCCTTCTTCACTAGTTAACTCCATGGTGTGTCTGATTCTAGGCCAGTATACCTCTAAAGGGATCTTGGAACGGTGATTGGGCCAAATGTTGCTTGAATCAGTAACTCGTCGGCCGGTTAGTTTGCTTAAATACATAACTCGCGTGGTTGCTGGGAAATCGAGGGGCCCAGCGCCGCGCAGTGACTGACACTTGGCCTTTGTCGGTCGAGCATTGAAAACACTTCTCGCGCATACAATGTCTAAGCACTAAAGACTTCCGGCAAGGTCCCGGATCACACGGTTCACAGAGCGCCGAGTTTACGAGAGCATAAGATTTTAGGCAATGGGGCCTATTTTTGAGTTAGACTGCATGCAGGAAGAAATCTAGGACGTTTCTCCGAATATAATCAGTCGCCTGTCTCCCGTCGGGAAGACCACCGCTTGTAATAGAACGAGACAGTCATCGGAATAGGTTTAATTATCTAGAAGTATTTAGGCCATCAATTTGGAAGTGATTGCAGACCATGAAATTGTATGGTTTTAACGTGCAAATGCTCTCAAGATCCGTCAGTCGTCGATCGTGAGTACGTCTTGGTAATGATTTGGCAGCTCCAATCGTGGCTACTCACCGCCAGCGGCAGCGGGGGTCGTTTTTGTTTGTGAAGGGACCCGCACATCGTGTCTTGACATCGAGCCATTTCGATCGATTGGGGGACTCACACGGTCACTGTAATCTTTGCTTTCGACGTTTAATACGAAACCCGCCGTGGCGGTTGTCGCTTTTGCGTTC,1973,47.95,Saccharomyces cerevisiae
SEQ_413802,TCACAGACATCAGTCTGGTTCGCCTGGCATGTTTCTCTTGGAGCATATGTAGCTTACAAGCATGTTGGGTATTAAGACCTTGCCTCGGTTAAATATCCGCAGACCATAATGACAGACTTCTACAGCGTCGGTATCCCGGGCAAGAATCATTTGTTTTCGGCACAGCGGATTTATAGTCCTTGATCGATCCTACATTCACATCCCGATTGTATCCCCGCTTTCTTAGAGGTATTATTTTGAGTGGCTGGCCAAAGAAATTGGTCACGGGATCTTATTTACTGTGGTTTCGCGCTGTGAGTCACGACGACTTCACCGACCTGAGCTACGCCTACACTCTTCTTATTGATTACGTATTAAACTGCTCGTAGTCCGGATAGTAGGTATCAGCGGATGAAGACGTATTCGTCGTCTCTTACTATGCTTGAGAACGCGCTGCTCGGCCGACCGGCCACCCTTGAGCGTTTCGCGCTCATTTCACAACTGTGAACCCTAACGAAAATCGGTTCATCCAGCGAGTAGGGTGGTGCTGCTTTAGACGTCTTTATACTTAGAGGGCGTCCCGCCATTGGAACCGGTGGTCAGAGTCTAAGCCAGTCCTTGAGGTACATCTTAAGGAATGGCTTAGCAAATCGCCTTGTAAGACAATTAGACCCTTGCTGGCGGGTGGGCTCAGATAGAATTGAATGGGCTTGTGGCGGCGTACAGATCCCCGCAATAGCCGATAAGGCGCCTAGTTACCCGGTTCGACTTGTTCCCACCGTCATGTAGGAATGTCCCAGCTCCCGACTCCATTCCGTCTTTCTTATGGGCTAGCGGCGGTCCGGACGATCACCATATGGAGTAATAGTTTTTACTACCGAACTCCTAGGTTAGGCCCTGCCGTACCGCCCTATAATCCGAAGCGGGCCACGTGACGTTTAAATGACCCAACAGGCAGTCATCCCGTCACTTAGTGATGATCCTAGTAGAGTGGAAGCTCTGCCCCTAGAACCATTCGCTCAGGGTGCTTGTTCCACAAGTTCGACCAGAATGGCTCAGCCCTATGTGAGTGTCGTCGGCAGCTCCATCGTAGCTCTTCGCT,1081,50.6,Saccharomyces cerevisiae
SEQ_627659,ACTATCATATGCGCTTACTGAGGGCAGTTACGGAGGAAAGTCTACCGTTGGCAGAACGGCCGTCATTGGGCGAATTCCCGGGTTCTCTAGTTTGTGGCGTAATGCCATAATATAGTCCGCAGAACGCGTTTATAAACGTAGCTGGCTGCGTCTGCCTTCGTAGTTCTTCCCCGAATATCGTACTGTGCATTTAACCATAGGTCTATTTGCTAGGGGGGTGCCTACGATTATACCCCTTAAGCTGCTTTTAACTGTTTGATCGGTTCGAGGGGGCTTGTCCCAGAGACTGCTTCGAATTACTTTAGCACTTGCGATAATACGGAGAGGTCTATATCGCTGACACTGCATAGCCTGTCCTTATGGCTCGTTATTATAACAGGGCCCACGGCGCTCTCCTCCTAACTACTGGAAGTTTGTACCTACCCTCGAAGTAGATACCAGTCGATGACGTAAATTCCCTC,461,48.59,Drosophila melanogaster
SEQ_877661,TTTGTCTTCACACAGGGTACAGGTCGGTAGACTCATTCTAACGGAAGTAATACCGAATTCGTTACTGATTCGGGACAAGTGGTTAGGAATCCCCCTCAGGCTCCATAGAAAGCCATTACCGGTCATATTATCGCGAGACCCAGACTTACGAAGGATTGCGGAGAGCTGTGGTCACCAGCCAGAGATGTTGGAGATTCCCTTTTGGATCGTCTCACCCCCCCGGAATGTCAGGTGGAGAATGATCGCTTTTCCACCGAAGGTACCACGCTTCATTTCTCCACTTGCCAGCAACCCATCCTCCGAACTGGGAGTGAATCCTGATCGACGGTCGAGCTTCATAGACTCACAGCAAAAAGCGAACCATAATGCCGTCGGCGTCGAGTCATATTGGCGGGAGCATTATCGGAGCTAGGTCCGAGTTCCCACCTTCGGGCTGCAATTAAGAGGCGATGAGCTTGACGATGTCACTTATGTCGGGTCGCTCAAGCCATGAAGCGGCTGTAGTGCGCCACAGCGGTTAACACACGACCTAGGGCTGGCTCAGGCAGGCGAGGGTGAACCCCGCCCTTTCCTGCCGACCAGTTATTGAAGACGCTCAGGCAAAGCTCCCCCCGTTCGCAGGTCTGGGCCGCTACCTTTAGTCTCAATCTTCCGTCTCGTATAGCGCTGGACAATAGGGGAGCTTGATTCAGTCCACGGAGCTTCAGCCTGGCTTTAGATTGGGATTCTAGGACCTGTGACTAGTACAAAGCCAGAGGTATGTATGGGGCACTATGCCGACTTCGTCTTTTGTCCATTCATATTACAAGGAGGATTACCCATAGCTTGTCGATGAGCTGTAAACACCCGAGATCCTGCTGGACACGCCTAATGGTCGGAAAAATTCAACGTGGGTTCAGTACACAGAATTTACGTTCCTACCTGACGCTGTCTCTGTCACATCCCGCGTAGTTACTGGTGCACAGCGGTTTCGCAGGACGAGGTTCCGATCGCTAACAATACTCTTACCGAGCATAAGACGAATCGGCACCGTACATTACCACAATGGAGAATTTGTCTAAACAGTGTTAGCTTCACGTTACACATCGCGTACAATTCAGTCTTCTTGTGCGTACCTGATGAATCAAGCCAAACCTCAGGGCGTGAATCTAAGTTCTACTCCCCAAGTCCAGTAGCTACTGCCGCGCATGTATGAGTTGGCCGATTGATTGCAAAGCATGGCTCA,1225,51.43,Saccharomyces cerevisiae
SEQ_810834,CGACGGATAGCGCGAATGCTACTACTACCCACGCCCATTAAAGTATACAGGATCGAGGCCGGCAAGCACTGCCTCCGTGTACGAGTGCTCCGTGTGGCTAAGAGGTCAATCCGTTATGGTGCGACCGAACCGGGCCACATCACGATACGCACAAGGAGCGCTACTCAGAATAATTTAGACGCGATGCCAGAGGATGCGGCTGTTCAGTTTGCGGGGATAGCGAGATTCTGTGGTTGTTATAACTTACCGGGATCATGTACCTCGCTTTCCAACCGCGCACGTGAGAACACAAAATCCAGTACTAATTAGCTATTGTAGTCATCTCCAGATAATGATAACAGCGGCCTAAACTACTTCATTAAGACAGGCGACACGGAGCTCTCCAAGTGGGCCTCGTAATTTAGTTATTCTTCCGCCACCATTAGCTAAATTCGCAACAATACGACAAAATACGAACACTCAGTGTTGCGTGAGTCGCTGCATAGTAAGCTTGAGACCGGATTACGACCCGCCGCGCTAAGATTTCTCGTTATCGTTCCCTGGTTACCGACACCATATGTTGCGGGTCACCATACCAGGGGCCCTCCGGATGATGACCAAGTACGCCCAGCGTTTGCACCACATGTCAGAAAGCCTCGCAGAATTCCCACCGATTGCGATCCACTATCCCCATCTATTGGAACCAGTCTGACCCGGCGGGTTCCCTTGCTTTGTTTAGAACCATGTCGAGGGGGGATTAGCGGTCTCCTATGTTTCTATTGCCGTCGATGTGCTACACGGCTAGGGTACCGGAAACGGATTCGTAGTATCATCTGAGTCCATGCCTGAAATCACCAAGCCAGATAAGACTCTTTTCGCGGGCCCTCGGATGTGACAAAGGCCGGAAGTAGCGTGTGGGAGATATTAATACCAGGCGCCCGATTTCGCCAACATCTAGTCCCCGGTGATGAAGATGTCCTACGTGCATGTTGCGTGTGATAGCGGCGTGTGAGCGATTGAACTCCTCTCGCCTAGTGAGTATTCGCTGGAACAAGGATACCACCCGTACATGTACACCATGGTCAGGTCGATTTGGACTAGAGTTTATGTCACGACGACTAAGAAAGTAATGACAGCTGGTGAAACGGGTTGTTGGTGCCGGGGTCGAAGAGAAGATTTCCTAGCTCGCGGCGTTACTGTTGCAGACGTTTTAGCGTACTATACCTATCCTGGGCTAAGCTAGGCGTCGAACCATTCAAGTCCTCATAATCGTAAGCGACGCCAGGGCTTTTT,1272,51.1,Drosophila melanogaster
SEQ_163190,CGACTACACATGGGCGGTCAGCACCACTGCGTCTTCGGGCGCATTCTATCTAGGGCATGACAGGTGAAACATATGGATCCTTATAAGCTTCATGATGGGCCATTTTACCTACGTCCCTTCTCACCGAGATAGAATTCCGATGGACAGTCACGTATATAGAGGTCTGGTATTTAACTGAAGCGAGCGGTCACAATTAGGAGTTTAGCAGAGTTAGGAATTCGACAATGAAGTGTTTTACTTTATTTACGGAGAAAATCGTTCTTTGCTTGTCTCTCGGCATCAACGTCCAGGCGGTAGGACCGGTGGACTTATGTCAGCACAGTATGTGTTCCACGTGTGCTTAGTTCTCCCTACATTTCTAGTTCCTAGCTATGAACGCTCATCACCATGCTCTCCTTTCCACAATCTCAGGACTTCTCGACATATTGTTCGCGCTTACTGGTGGGCTCCGGGTTACGAGTAATTGTTACTTACTGACGAAACTATGTGTGATTGCACGGATGTACCATGTGAGGCTACAGTCAACGCCGGACCGCAGGCTGTCCAGCAAGATTGGTCGCAGTTCTGAGCCCGAGAGCTGCATAAACCTCGGGTGCCTACAACCGTTAAGCGATAAACGTCATTCCTGTGGAGAATTTCTCAGCCCAGTGATTGCACGGTTGGTGTTACGAGCGTGTTTTTTGTCTACTCTATGTGCTAGGCCCGTATTCACAGCGTGTCGCTTAACATGATGCTATTCTATGGGCGCCTCCGATATAAGAACGAAAGTTACAACATATATGGCGGGAATAAAGAGTATCCACTAAGTGACGTCTCAGCCTGTACGGGCCTGACGCCACATACCCCTTCCCATCCGTAATATCTTCGCGCGAAGTCAAGATTCT,884,48.08,Saccharomyces cerevisiae
SEQ_439526,CGCATAAGTCCGCCCGGATACACATTGTATGTCCGTTTAGAGATGCTCACGATCACATATGGACTAAACGTAATTGACAGTGACATCGTAATACCCCTACTAGGATACTAACGCATCGCATGTCCTTGAACTCCAGCCTAACTGCTAATGTCTCCTCGGTCATCGTCCCGGCTCAATATGTCACCGCAGGCTTAGAGGGACTGTTTCTGTCACCAGCAAACCTTGCGGCGTCAATACAACTTTATACCGGTAGCATCGGGCCTTCTTGACTTCCTGTAATTTCCAACGCCCACGTATATTAAAGGAGATGAATTCCCGCCGGTGCCGAGTACGCCAACAATAGCTTGGACTAGATGTTGTAGCAGTCTACGACCAGAAAAGATCAGCTACATAATCTACCGATGGAGGCACGTGAAACCGGCCTCCAAGCGGGGTGCTGGATTTAGGTGCAACCGACCCAGATCGAATAAACTGTGAGACGCTTGCGGGGTAACGGACGTAGAAAAGCCGTGAGTAGTAGATTAATTCGCGTAGAGCCTAATACCCTCATGTTTTAGCATCTGGAACAAGCA,572,48.78,Caenorhabditis elegans
SEQ_759949,AGTCAGTCCAGTGTTCCAGGTCCGAACCATCCAAGCGTTGGGCTCGAAAACAAGCTCACCAAAGTACTGCAAGATGCCTTCGGTCGAATCACCCGTGCTAGTCGAGGTGGCTCGTTGACGCAACATGCCGATCTGCTCTGGACTGATGATTAGGTTCGATGTCTTACTTAGGATACACACCCAAATTATTGTTTTCTCTAATTGTTCATACCATGATCCCTTCCCCCTTCGGGGGCAATGGGTGCACGGGTATCTGTGCCTGAGCAGACATACAAACTTGCCTAGAATCGATGTGCAGAAGTTGTTGGGACGAATCCATGATAATAGTACAGCAGGCCTTTGCCGAACACAGTATGGGGGGCTACCCCGATAAACGACGGCCCGAATGAACTGTTCTAGGCTTTTTCCGCAGGGCTGGTAGGACTGCATCCGGCGCGCAGTAGATCCTATGTTTAGGTTAGACGCCTTGTCTACGAGCGTAAATTCGCACGTTTGCGAATGGCTCAGGTTTGCTCTATGTGTCCTGTTTAATGGTAAGTCGATACCCCATTTCGAGGGCATCAATCGCGCAGCTTATAACCGCGGCCTACGTCCAGCCCGGAAATCGCTTATCAATGGAAACAACCTATCGGGATACGACTAAAGGTGAAATACGCCCTTAGTCCACTCGGTCACGTTTCAAGCGGCCGGCGGGCCTTATTGTGCAATAAGCATATGCTTCCATATGTGCTGGATATTTACAGCTTATTAAGCCCCTAACCGCTAGTAAATGCATGTCAGACACTTGGGCGCATTGGTCACTAACCATTTCTTGGTGAACCCTGTGACAACCTTCATGTTGTAACCAACACCGGCCAAAAGACCACTCATCTTGCTTTGCATCTAATGTCCAATGATACTAGTTGTTTAAGTGGAGTAGATACATTGATTAGTCGGAATTTCTCGAGTTGGCCCCAAGTGTCTTTTGCTCATGATTAGACTCGAGCATCGTAAAGCCCGCGGTGATAATACACGTTTCTGCAATATGCGAAGTCAGTTGTGAACTGACCCGCGTGTTGATCGACGGTTCCCATCGGTACCTTGCAACAAGATAACTGCGTCCGTCAAAAGGTCGAACTACCTAGAGTCGACCGGCGGGCGCCTAAGAAATAGCGGCTATTATTCGTCCTGGTATCTTCCCGCCGGCAACCGTCTCCAAAAAGAGCATCGACTCTTGTCCTGACCGTGGCAGTACTCAAAAAACAGCTATTCTCCCTCAGCCATGTGTCAACCTCTCTTTTAGGCACTTACTCATTTATTGTCGTTATTAGTAGCGACCCGCCAATGGATCGGCTTTGACATGTCCGAAGTTTTTGACCGGCAGATAACCGTGCCTCTTGTAGCCCGCGCGGCGCGCCCGATGCTTCGAGTACCCCGTTGCAGCAACGGTTGCTATCCGGTTAAATAGTCAGGGCTTTGGCTCTCTAGTTCTCGGCCTAGGTGACGGACACTAGAACCTTCGGGCGGAGGCCTTCCGATTAAGATCAAATCTTGGGGGCCACTGAGATTTCCGAAGCAAAGCTCTGTGGTTTCGTTAAACATATACGGTAGTCAAACAGCTCTAACGAGCCGGCACAGGGCTCACTGGTCTGGTCAACAAAAGAGTCTAACAGGTAACAGTGACCAGAGGATAAACACAGGAACCTCAAACGGACGTCGCGCGGAAGAGTTCTTCAGCTAATAAACTTTCCAAGGCCTCATAACCCCAACGAAATGGTTTCTTTCCTCATAGTGGTGACTAGTTGTCCGGAACTGTACGAGGCACAGTAGATTCGGGTAGATATCGTGAACAAGCTCGGAGGCGATAGGCTCGACACTGCTTGACATACTCATATAGTGGCTGGTCACTATGCGATCTTTTCCACCCCTGGATCTTAGACGTAGCATTATGTGGCCTTATGAGCGCAAGGCCCGATGCTTACCGGTTCAAATACAATCTCGTCACCTAATCCAC,1993,49.52,Drosophila melanogaster
SEQ_323846,GCCCATATCGTCAGGGATCGCATGGTTCTGCGCAGACTGTTAAGCAAATAAAACAATCTTGCTATAAGGCTAATTCGATCCGCAGACCAGAGGTAAGTATCAATACTGGAGTGACCCTTACGCATGAACCATCAGCCGTAGATGTACCAGAACCAGTCACATGATGTATTAAGTGAGAACGGACAAGGCGTATTTTGACCGCACGATTTCATCCCACGAAGCTACAGGTATTGATGTCACAGCATTTGCTAAATGGATCTCTGGATCCGCGTTACCCGCAAGGAACCATGTAATGGTGCTTCGCAAGGGATCCTACTAAAATTAGGGTGGAGACTTAATCCGCTCGGGCACCCCACGAGAGGAACCGTACGCAGTCCCTTTCCAAATAAACCATACCTGGTGGTGGTTGCATCCTCATGCAGGCCGCATTGGGGCAGGCAACGAACCGGAGGCATGGAGTTAGATGAATCCTGGATGATAGCGACCGCTTTGTCTGACGGCCCATAAAGCCCGAGCGGCTTACTCTCCGTGGGCTTAGGGACGTGACAGCAAGCGCCTGGCGAGCTCGGAAGGTTCTATGGTGCTACGGTCTATATAGTTTGGAGGGAGACTCCCATCCTTATAAACGTAGGTGCGCGAGGGTGAAATCCTCATCGGGCGTAGCGAAACATTAAGCTTTCTCGCCAGTGTGTAGCGGTCACCTGTGGTGAGGTCCTACATATTTTGGCTGTGGGAAAGAAATTGGACACTGTCGGACGAGAAAACGGACGAGTTAAGATCCCGGTACTTGGATTGGAATCGGCCCTGAGGCCTATCCCTCGCGTCGCAATGTTGCGTCCAAAATTTAGTAGAGGCCTTGTTCATCTCG,868,51.04,Arabidopsis thaliana
SEQ_327455,TCCTAATATCGATAGATACTAGGTGGGACCAATGCTCAGTGGCTTTCAGCACTTACTCCACGGCGCACGAGACAGGGTTATGTGTAAGTATGCTCGCACCTGGGCCCCTAGCGTCATACCTGCTTGTAATGCACTTTACGGTCAAATCGTTGTTTGAGGACCTGTTCACTGTTCGAGGCCATCCTGCGAGCTAATACCTGGGAAACGTTCCTTCACAGTTACAGATAAGACATGTAGACCCGTACAGATTGAATGCATGATTCCTCGGTCTGGAACCAGAAGCTTCTAGCTACCCAAGGATGCAAAACGTTGTCTCGTTGTTCGCATGAAAATAAGTCTTTCCGGCACTTCCATTAGGGACCCCTTGTTAAAAAGGTCTCATTTATCATAAAGTGCTGGAAGGAACCTGTGTCCTCACGCTTTAGCACGTCGAGCTTACTTCAGGGATTCCGACCGCTCAGTCGACCGACATGGCTCCCCCTCCGAGTATCCAGTATGCTTAGTTTTGTTTACTTGCACCAAGCTGTGCATTACCTAACGCAATATCTGGCCGGTATATGATGGCCCCTTTAGCAACTTCAAAGATCCACTGCAATAAACGTCCTACGGACGTTGCGAAAGCAAGGCAGCATAGCTTAGGGGCCGATGCCCCTTGCACCAAATTGTTTTATACGTTTTCTGCGCTACGCCCGCACTGTTACTTACCATAATTTACTGAATACTGTGAGCACGTATTGTAGGATTATGCTAATAGGATTATCTAATGAAGCATTGGTAAGAGATAGCTGGCCTTACCTGGCTCTCCTATGAACTAAAATACTAATCATCCCCAGGTTAACACGGAGTTATCCCCAATCTGCTTCAACGGGTCGGTGTCTCGGCCAACATCTCCACCGAACTTACTAGTCCGCGTAGCGTACTTCCCCTGCTCGGGCGCTCCCGAAAGCCGAAATACGGCTCGGGAAACTCTTGTTCGGGGGCTCTGTAATGTTCCACTATGACCGCGTTCCGCGAATATTAATGAGATTCAAAAGACAATGTTTGATGCGTCCCTACTTATGAGTTGGGCTTACCGTGCGGATGTTGCTTGCTTATCGCGGATGCGGTACAAACCTCATCTTACCAAATTCGTTACAAACCGACATGCGTACTGCAGACCACGAAAGACTGGCCACTAGATTAATAATGAGTGCCGTCTGTTGTCCAAGGGTCTGATAGACTCTTCAGCAGCCACGGGTATTCTATCATTAGGGGAGCAGCCCATCGGACGTGCCCAGCTGTAGCTTGTTCAGATTGAACAAACATCGAGTCGCAGAGCATTAATAGAGCAGTTTGATGCACTCAAAAGGCCAGGCTGAGCCTAATACGAAGAGGATCCAACCAGAGTATACGGAGTTGGAGAATACCCCATGAACCGGGATGGCATTTAGGTCGACAGGCTCCGGCCTGCATTTCAAATTTGGCTGAGCAAGGCCCGTGGAAAGACGACAACAGTATCGACGTGATGTCAGGCGAAATTGCTATAGCCAGGCTCCACCTAAAACGATAGCCCAGCCGTTATCGCGGACGGGATTTCTTACA,1581,48.64,Arabidopsis thaliana
SEQ_178912,GCGAAGTCTGATCGTCAACGCCGAAGGCCGATGCTGCCTACCCGGCGCTTTTGTGCAGATATAGGTCACTTAAAGCGGATCCCTTATCAGTCCAAGCTCCTTAGATATCGCCAGTCCCAATCTCATGAGGAAGCCAAGCTAAATGCTGCCAACGCTGGTACGCCTACGGAAAGCCGTTATAAGCTCTACTGATATAGCAAAAATGTAACAAATTGAGAACGCGTAAAGTCGCTCGTATCCGCAGGAGAAGGTTTCTACCTACTCAGCAATAAAATCGACTGTTCGGTATTCGCCCTACACTCCAAATAGCGAAGCACTGCGCGCCTTAAACGCGGAAGTCATGACAGACGTTATGATACCAGCTCACGAAGAACGAAGAAGAATAGATCACGGGCTTTTGTGGAAGCTTCGCTACCGAATATTGTGACCCGGTAGGCTACTATTCAGCATGCACCAAGAATACCTATGCTCACCTAGACGCTAATCTAGTCGGGAAAGCCGGGTAGCGGGACAACCGTTCACGAAGTCACCTTAATACAAGCGTTCCGGCTGCATCTCACCCGGTGATCCTTGCCGTCGCTGAGTCTCCTGCCGAAGGGCGCCTAGCGTTACGCAGACGCCCCTGTCCCGCGCTGATTTGCCCTGACGCGATGGATAAAGGGGATATATAGCGGCATGGGTATCTAGCAACGGAATCGAATATAACGGGCGGTCTTAGTCCTTCGTCGCCAGCTGGACGAATAGTTGTCGCTCCGGGATGGCTTTCGCCACGATCTTCCCGGAGCGGTAGTTTACTCCAGGCCGCCCAATACCTGTCGTCTTCACTACAACTCACTAGCATTCGTCCAGGGGGTCGTCAGCCACGAATGTAAGCTCTAGTCGCAATGGCAACGCTACGTTTTGCGTTTATCCTAATGATGCTTTTGCGTCAATCCGTCGTCCCGGGTGCGGAAGCCAACAGTAATCGAATTTCCTAGGATCTGCCCGGGTACTCGCGCGGGGTCTTGGTTTAGTTTCACCAGGGGCCGAATAAGCTACCTATATACGATCGACTCTTTCGACTACACCAAGGACGAGGCTAGACTAGGGTATGACAAGCGCGCCGACAACAGCCCCGTTCGATAGAAATTGCGTGGAGGGCGGTGCACGTGCAAGTATGAAAAGAACGCCGGTTGCCCCCCTGACCTAGCTCATTGTGTAATCGCTAGGTACTGGCCACGATTTTCCGCCACACCTCCTCTATAGGGCGGCGCGGTAAGGCTTGTATATTGCGCATGTGTACTGTCAAAGGCTTACGGGCAAATGCCGAAGTCCCGGTAGCGCCCGTATAATTCTTGAGGTGTGCACGAGAGTCTTATCTTATCCAACCAGGTTGGCTTAACTCCCGTCGTACACACCGCTTTCGAGGACGCATGTCACCGTGCCAACATTTGGAACAAATGTTGGCTCTGCAGTCCAATAGGCGAATGCATTAAAGAGTCTCCCTCGTCGGATCTGATCTTATGAATGCTACGAATACAATCTTCCCGCTGGATGGGGCCCGTGGGCAAGCGATCGACACCGGTCGCGCAGCCCCGACAACTCACGCTATAGAATTTTATGAATACCTTCCTGCATTTACCACCTTTCGTACGGGCTACATCTTGGAACAAACAAAGAGCGCTACATGCGTTACAGAGATCCGTAGGTCGCCTGATCTGTTATTGTTAAGGTTCGAGCCAATAATATAAAGACTAAGGGACTTTAGCCGTCTACTGCGCAACTAACCATTTTTGTGCTATTGAGTGTCTAGCTTGGACCATCCAGGTGTGTAGCTTATGGAGTGCAAAAATACCTCTCAAAGTGAGTCGTGAGGGATAAGACGCCGGGGAACCAATGGAGTTGGCGGGCTTACGCGTTATCGTAGTAGG,1910,51.52,Drosophila melanogaster
SEQ_567115,ACTGTTCGTCATAAGATGCGATACCATGTTGAAACCAAGTTCTTCAAACTCGTTGCTGTCTTCCATGAATTTTCAACTTCATGCATGGTTTTCTGGCAAACATATCTAGAGTAAACTTAGTAACTGTTTATTAGTCGTCGAGAGGGCATTTGGGTTGGATGAACCGAGGGGGGGCACTATGACCGTCGTAGAGTAACACAAGAATGTCTAGACCGTTACTTCGTGACGGATGATAGGCACTCGCTTATCGATCAACCATCCGAGTAATAATCGCGTCTCTGAACGTCTAGGGGGTATCCCGTTAACACTTTGCTAAAAGCATTGATACCAAGGCTGTCTTCATTAAGACTTTGTGGTGTGCCGCCGGTGAGGTAGAAAAGATGATTAAGGAATGTGCGCATTTAGCTGCTCACAACCGCTTAATGATTCAAATCAAATGAAAACTCTGGTCGGTTAGGCCCCCGGTTAAACTAAAATGATAGGTTCAATACAAACGTCCTCTTCGTTGTACCTGTGTGAGTGATATCAATGAGCGAAAACGTGTGCGTGGTTTATTCGTGTATTGCAGAGCACAAGTTACTCATGTACATGAATGTGCGGACTGCATTAGTGCCATCTCGCGCCCAGCGACGCTGTACTAAGCAACAAACAACTCGTGATGCATTGAAACATTGCTTTTGCGCACGAGTGATGGTCATCCTCTGCAATTTGACTGGAATACTTTTGGGTGTTATGTACAGGGGACCTCCTGCGCATGCACCACGATGGAAGAATTGGGCTCACGCTGATTGCAGCGTTGTCCCCGAGAGTGGTAAAATCACACTACCTATATCCCGAAAAGGAACACGGTCCTCTCCCTCGTGGGCGTTATGAAGCTGCCAGTATCCGCCTACATTATAACCCCGTGGCGCTAGTGCGCATTTAGGGGACAACAGAACCCTTGTGACCGGGAGTCTCGTTTGTAAGATATACGAAGCTGGCTACCTGGCACGTCCTGAACTTGCCCTTTTGTGATCGTCCACCAACTTTATAGGGTACGCAGCACTACTATTGTGATAAGGTCTCCATTTAATAATATCAGTGCTTGGTCCGATCTTTTACTGCGGTGTAAATCGTGGTAAACATTCGAATTCTTTCGTGTTTGGTCCCTGCCTACCCAAATGTGTCCTTAGACGTCGCCTAGTGATAGCGGAGATCCACGGACACCCCGA,1211,46.57,Caenorhabditis elegans
SEQ_808753,AGCGAAGTCATCAAGGCGTTATAAACTTCACGAGACCTAGCGACGCCCATAGATATGGGCAACGTATGGGCTTTCTGATATCGCCAAGGATCTACGAGGACAACCGACTCTATCTGTGTTAGAGTACACAGTAAACCCAATAAATCCAGGAAGATCATATTTGTAGAGAGTCGCTACTTCGCTTTCGCACCGAAAATGACTTCGCCGCTGTCCACGTGCAGAGAAGAACCCTCCTCGACTAGTATACGCTGATCCGGCAGTCTAGACCTAAACCACTGCTGAGAATCAGGGAGTAGTAAGGGCCCGACCGTGGGCATGGATACCACATGGTCTCAGTACCCGCTGTAAATAACTTACAATCTCCCTTTACATAGTATGTTATGGTTGTAATGCCAACCCAGTCAGGGTACAATATACGGTGCTGACTTCAATCGGCGTCCACCGGCAGCCGCCCGCCGCGTAGGCGTATACATAAGGTTTCCGACTTCTTAGGATCTTTTCAATCGAGGCGTTCCATTCCGCTAACCCGCAGATAACTAACTCAGCGAAGTTGACATTGCAACTACATGGGAACAACGTGGTAAGATTGATGATGTCTCGTCTAGTGGCCCGCGACCCGTAGATTTGAGCGCAATTTCCCATCGGTAGCCTAACGGCCAGGGTATGGGCGCTCTAGCACACTTGAGGATAAAACCCGTTCACCATGCTTTGGGTTGAAAATGCCTTAAGAGACGTAACCCAAAGTAAATATACTACATCCGTGAAATAGATCAGACTGTTGGTGCGGGGGAGGTAATGCCCAGGAGGCGTAAGTGACCTAATCCTACCGACCGTGCTAATACGGTAGAGGGGCATGCCTTTTGTGCACTTTTGAGTCAGTTCTGGATTTCTTTGACCCTCTCTTCAATGAGAACTAGCTAGCTACACGCGGTACATAGTCGCAGTTCATAGCGATTCATCTTCACGCTCGACGGTGGGGCATCGGAGAGACGTGACTGGATGGGTGTGATAAAGACGCATACTCTCGGCTGTCAGTTATGTGCGAAATTTGTCGGAAGTCTCCCCCGATCAAGATCTTTATAGTAGCCCTCGTACCGCGTTGCTAATCCAGAGGACAGATTTCCTGCCTACGGTCCGTCGTTCCGGGGAGTCCCAATTCACGGGAAGTGACGAAGTTGAGGAAGCTTACCTAGCTGGAGGGCTGGTCACAACGATCGTCTTAACACCGGTTTTTATCTGATAGGCAGAACCCGCAACGTCCCCGAGTGGCTGTATCCGGTCCGTGAGGCTTGACTTAACTGCCTTTTCCATCCTAGGGCAATAATGCATAAACTCCCTACTTCGCCCATGCTACGACTGAATAAGTTGACCGTTTTTCGACAAGAGCCGAAAGTCGCGGACGTAATACCGGCACTCTGCCGGCGGCCAACCATAGGCCCTGGCGGAACCACCCACTTGAGCGGGAGCTAACATCGTCAAGGTCCCCTGCGCCTCCTGCGAGGGTTAACCCTCGCTTGGGGCACCCCTGTGGTACGTCTTATACAAGGATAATATACTTCTAGAAGA,1566,50.77,Mus musculus
SEQ_389317,ACTATAATTGAGGCCCTCGTCGACAGGTCGGAGCTGCGAACTCCCTGTCTTATCGTAGTACCTGAACCTGCCCCTGGAGGATCTGACCAGGATGTCTGCGGACTGTTTCTCTCTGCGGAGCCAAAGTGACTAATGACAGGCCCAATTCATCAACATCGTACCGACTATCGCTCTTTATTTACCAATCGTAGGCATGGGGCGAGGCTAGGATTCAGATAGGCTGGGCTAGATGAGATTGATTCTTCCTGGAGACTTCTCCCTATTATAACCAGCCAACATACAGATAGGTTAAGGTTCCGCAGTCCTCTCAGCCTCAAGTAAAGTCTTCCGCTTTTCCCGACCAAGTCATTCCAGGGAGGAATTTGGGGGGGTTACACCCGTTGAAGGCTGACCGCAACTCATGAGCACCAATTGATTTGGGGTTTCAGTGCGTCTGCATGTATCGGTCAATGGCGCTCTGATGAAGAGGACCCTTTCCTTC,481,50.73,Drosophila melanogaster
SEQ_815772,GTAAGGAACAAGATAAGTCGTTCACGGCTTAACACGTGCCATCAGTCGCACATGAACCCGCCATATTTGATATTACTCACGGGATAATCTTATTAGTATGGAGATCAGTACAAGGTCATTTGGGAGTGCCCTACGTAACCAGGAGCCGTGAGGGGCGCGTCATGTTGTCACCGTGTATCCGATAAC,186,47.85,Homo sapiens
SEQ_788091,GGCGCCCTCCGGCTCGAAGTAAACCAAACACCGCGAGGAACCATGCATGCTCCAATAAAATAAAGCGCTAAAGACCGCTGGCGAGAGAGTCAACACTTGCCCAAAGTCCCGCCCTAGAAAATCGTACGCTGTAATACGGAAGGTTCCAGGGATCGAGTCCACGTGTAACGATCCATCCCAGGTTAGATATCCCATACCTATGTTAAGGAAGAGTCCAGCGTTATCGCTCGTATTGTGTTTACCATAGTGGCAGCCCAGGTTATAAAGCCTAAAGCGTAAAATTCGCCGTCGCTGCGTTACACAGTCTCCCACCTACGTGTCTAACAGGATAAACGGTCCAAGGAGCGATCTTTCTGGTACCCATAACCGGGCCGCATTAGCGGTATAAAACCCCACCATCTGGTAGTCGCTCCGACATTTAGTGTTCCTGATAATGGTAATTTTATGCGATCCACGGCTAGCGAAGTCAGACCATCTGCGCTCGTTTCTGGGAGAATGATGGTATGTCGCAAAGTGAATTGCCGGACCGTCAAAATAGTTGACTGACATTCCCACCTTTCGAAAGTTCTCCCCGCAACGTGGGGATTCCTCGCAGGACGACTGAAGGTTAAGTCTACTACTCTGGCCGAGACCCACATCATAGGTGCCCTGCTCCGGGCCCATCGGCCGCCACGAGAGTACTTCGTAATGGTGGCAGCATAGTGTCTGTGATATAGGCCAGCGCCGGTATTTGAGCGACTGAGGTCTTTCCGTCGACTGGTTCGTTTCCACACGTATACAGGCGAGGGCGGTACTTGAACGTTTGTCACGGACGCGCGCATGCGAGCATACTCTACGGCTGGAAATGGCTCACGTACGTCGGGAGGGACGCGGCGTCATCATGAAGTTTTACCCAGGCCTTATTA,905,52.27,Saccharomyces cerevisiae
SEQ_641000,AATAGATGGAAAAAGTAACGCACTAAACAACCAAGGTCCTCGCTCCATATCTCGATATAGGGATAGTACGATGGAAAGGAAAGGTGCCCTTCGGAGAGAGCATCAGTATTCACTAGACTGGGAATTAGTCTGTGAAGATGCGCCAATTGATGACAGTTTGTCACGCCCCCGTAGCTCAGACATAAAATCCAATGGTCATTTTAAGACTTGCAATTGAACCCTGGAGGTGGAGGTGTAAACTACCGTGGCACGATCCGCTCAAGACGTGGATAAGACACTTGGCTGAAGTCACCTTAGCCTACCTACGTATTCCTGCGTGCCAAAAAATTAGTTTTCCGCCCGTCGCGATTGCGAGCGGTGTCCCCGGCCCCGGCGGCAATAAACAGTGCGACGGGAGCTTGCCTGATCGGCACATTCTTTTCCAAAATAATACTGTGTGGGACTGCGGTACCTGAGGCGCGTGAAAGTCTTATACTGGTTAGCTCCCTGTCGCCGATCCCGATTTCGGCTCACAGCATTTTAAACAGTTGATCCTGGCCTTTTCACTCCCAGACGCTCCTCTGAGCGCAGTCTGCCGTAATTTGCCCGTAGACTAATGGCCTAAGAGCTCGCGCACGCGCTAGGGTGGTGACGGCCGGTGGGGTCGCGACCGCAGTAAGTCACCCTGTCATGGAAACTCCCAGCATCGGTTCGTCAGTGGGTTGCAGTTCTACGCGACCGATACTGCCGCCCTCCGGGCCAAAAGCTTAGACATTTAACGAAGGACTGCCTTCGAATCTGTTGCGCCGCTAATTGCTCAGTTACACGTAGCCGCCTGGGCTCTCGCACGATCAAAGAGGCATACTTCATCAATAAAACAGATCTCGGACTGGCAAGCATCCGACATCCAAAGCATTCACTATTTTCCCGGTCTGGCGGAGATTGCAAAAGTTAATCTCTACCTAACAGAATTGGCACTATGGGTTAGCACTTCTTGGGAAGATTGTGCGTATCGCTGCGGTGGGTTCCTCAGGTCGAACTTCAGGAGAGACCCGTATGTAATCCTTGTGGCCGCATCTAGACACCTTAGACTACTTTAACACGTGAACCTACAGCAAAAGGAGTGAGCGCTCTCCCCCAGGCTGAGATCGCTTCCCATTGACTTCGATTTTCTCAGGAAGTCGGAAAGAACTGCAGGCGGTGCGGACTCTTTAAAGCGGGTGTCAGAATACTGCTAGATCAGTGTTATTGTCCTTATGACCCGAACGTTTATGGGCGAGGTGCTTAAAGGACCTTCGGCGGACCAGCATACTAGTATAGTCTTACTAGCCACATAGGCTTCCTTGAAGATAGAGCATGGTCCTGACGCCCAGTACGAGCGTCGGCCCATTAATACTTCTCTGTAGATATGCATGAGGATGTCCACGATAGCTGTAGTGATACATGAGGTCCTGTCCATCGCAACACGGTGGCACCGGTATGACACAGACTTTATTCCTGGGTTAGAGTCTCGTAGTTAGCATGTTATTTCTTGGCCGATAATAGCTGAATTGCAAGGGTCTTACGTAGGCGTGGGATACCGCACATGACCTATGCTGAGTGTATTCTTAGGTCCCCAGCATTTGTGTATCGAGACAGCTTATGTGCTCGTCCAGCGGAGTCTCGGCCGTAGCTGGCAGCCACTGCGGAACTTTTGGCCTAAGGAGACCAACATGCGGTCAGTCATCGAGGTATTTGCGAATTCTAACCTGGGGGACTCTCCAACACAGAACTCGGTTCCGGTCCTCAGTCCGCCACGGTTCCTACGCTGCAGTGCGTTCGGTGTGGTCAGTGTAGTGCTGAATTTATGAAATCCCCAAGGGGATTGCAGGACGAAAACACGTAACCCGCTTCGG,1874,51.28,Escherichia coli
SEQ_401148,CCATTGGCATAGGTCCCGGGTTCAGTGACAGAGTTGCCGCTGACAACGTAGTCAGGCAGTCAGGCACGCCTCCAACATAATTAACGAAATTCCCCGGTATCATTGTAGCCCTATGCACCAAATTCAGCTATACCGAAAATGGACTAAATGGTTTCTGGCTGTTTCGAAGCTTTATTCATGCGCGCATGTAACTACAAGTCTCAGTGGCTACCTCTAAGACCTAGAGAACCGGTGGTGAAGGAGTCTCAACTACGACCCTCTCGCATGGGGGAATCTGCGATTTTAGGCAATAAACGCATTCCAACTCCTGGCCCTTGCCCCCATGCGAAGTCAGGGTCTTCAAGCTCTTGTTACAGATTGAGTCACGATCGGCCGCCTGGTCAGCTTGACCGAGAATACATTCACAAACCCAAATGTGTAGACTCCAGAAACTCTCTAAGAGTTCAATGGGATATCTTGTAAGCGAGACGGCAGTAACAGTTTCTCTGCAGTTCATGTCTATGGCTGGGAGCCAACGAACATGTCCTGAGATCGTGATGCTGGTTGGGTTAGCATAGTTATGAGCCCACAATGGATTAGTTTCTGCGGGAAAGCGGGCGCGCGAGGACCGTCCTCCAGATTTGCGTGGGAACATGAAATACCATGAGTTGGCTACCGTATACGACACTGTTTAGTACACTCCGTAACCCTGTCCTATTAAGACCGCTTATATCTGTG,717,49.09,Arabidopsis thaliana
SEQ_539032,CTTTGACTTAACAGAAGGAAGCCGGGAGTGTTGAGGGCTTCCGAGAATACTTTTAAACAGTTGGACCCAGCACGTTGTCAGGCTAAATTAGCTTCTGTGTGAGGTAGAGGATCGGAGGGGGCTCCGCTAAGACAGCCACCTACCTGTAAGGTACTATCGTAATACTGAATACCATCCCAAGAAAGGGTTGAGCGAGTCAATTCAGGCTACTGGTACAAGAAGGCTCTTTAGAGGTCTCTTCTGTCTAGGCCCTGTTTTTGGAGCTTTCCCGGATTCCATAAAAACTGGGGAGATTCTCCGGGAAACAATAAGTTGTCGTCGGTGCGAGACCAACCATCACCAGAAGTTCCTAGCAAGATTACCTCGGTTGGACTACCGCCAAAGCCTTAGGATTTACGTAGCACCACGAGCGGACACCTATTGCAACGGATGCGTGATGCCAACCGTGGAAGCGTGTTTACAAGCATAATAGCCCGTGGTAGATTGCGGGCAGATCTCGCCTACGATTCTAGCACGGACTTCTGGTACTTTATAATTCGGAACACCAGATAAACGTGTCCAGTCCTTAGTTATGGGGTCGTGTCGGGCCATCAGTACACGTTACCGGACGAGTGAGAGGAAGATCTGCTTGTTTAGGGCTAGGTCCAAAACTCATCTGGTAGGCGAGAGACTCTATCTACCACCATCTTCAAAAGATGAGTGTCTGAACTGCACTACCTACAACTACGATCGATAATCGTGATAATTGTGAAAAACTATGCAGAAGACACGCGATATGGCGTCTTGACGCTCGTGACTCCTGTTACATGACGCACTTGATCGTCCATAGATAACAGAGCTAACGGAATCCTCTATGTGAAGTGGACTATCGGTTATTGAGCAGCCATCCATTGGTATTACGCATGTTGCGACGTTTATTGACGTAAATATACGAGCTAAGCTTAGTCATGCTCCTTGTGCTCAGGGTGTGTCCGGGGTCGGCCCCAGTTGCCCGACCAGACGACCTTTATAGGCGGCCTTGAGACCTGTAATATGGCGACTGACAACTACGCCGTGCGGGGGGCTCACCACGACAGCCAAACAGAGATGCAACTGTTTGGTTCCTAAGCCTATGAACATCTTTATCTACGTAATGTGAATATGTTTTGGATAGCAGGAGGCCTCCTTTTCCAGCTAACAGTACACCATATGCGCCTCATCTCTCCAAAATAGGCAAACTTTGACTTGAACGGGAACAACGCGGGAGATGACTATAGACGACGGCTGCAAAAATAAAGCAAGCATACTTAGATTTGGGTGGACTGGGCCGCACAACGGCCGTCGCTCGTTCGAATGGGGCTACCTTACAAACGTCAAGATTTAGCCTATGAATGTATGCAGGACCTCTGACGCAAAGTCGGTTAATCGGCCCTTAGTGCCATTGAAAAGGATTCTAGGTCTTACGCGCAAGCTTCAATGGCCTACAACAGGTTTAAGGGACGTCCAGTCGTGTTAAGGACAGGAAATTTTATGAATGTACCAGACCCATCCCAGTATCTCACATGTCGAGGTCCGCTATGGACTCATCGAGTGATCCGAATCCGCGATGTATGAACTTCTCACTTGGGCTAGCATATAGTTACGTACACGAGCGATCTATATATGAGCCGGGAACATGAAGTAAC,1664,48.32,Saccharomyces cerevisiae
SEQ_991308,AAAGAATCTTTACTGGGGTGTCTTCAACGGCTTCTTTTAATATGTACAGTAGGATTGATGCCCATAGATTCGATTGGGCTTAAAGTTTCGTTAACTGATGCTAT,104,37.5,Caenorhabditis elegans
SEQ_247184,AGCGCTTTGAAGCCACAACGCTACGGAGCCCAACCGGGAGGGAATGATCTTGAGTAGACTCTATTTAAAATTATGCAGGAGCGAAGACCATTTGAGATACAGTATAGGTGG,111,46.85,Drosophila melanogaster
SEQ_347949,GACGAGGGGTTTTCGATTAGTAGAGTGGAAGGCCATTCGCTCATTCTCTAAAATACCGCTCAACACCCTTTTGCCGTGATTTCAACTACTTGCAAGACCACCCGTGATAGGCAGAGACCTCTTTGCAGGATCAGCTCATAACTTGCACGCGTCTTAACTGTCTAATTACGAGGCCGCGGGCGCACTGACCATATGATGCAAACAGCCCGTTACTATAAGTGTTGGTGCCTACCCTCGAGGGCATGATCGCAGATTTTTTGCGTTATTTTGATATTATTACGACCAGCGCTCAGAGTACTTGACACGATGTTTAACACTTCCCCAGGTCCATAAGGTCGGGA,341,48.09,Mus musculus
SEQ_124652,CCTGAACGACGCCGGGTTCAACATTATAGGGGCGGGTATGGGATCCTTCCGAGCACATGCGAGATGAGACTGCTCTAAGTTTCAATGGTTTATGCTGAAGCAAGTCCTACGTACAGTGTCCCACCGCATGTATGGTAAGTATGTGCTTCAGAGTACTAGTATAGGGGCGACTAGGGTCGTTTGACCTAGGCTCCAACCATTCCTTAGCACACCACGCATCCTGTGTAGTTATCCGGCTGATGCCTTAAGATCTATCAGTTATAAGGTCCGCTGTAGACGTTGCAACAACAGCTCTGAAGCGGTTGCGCGGTGAGTTTGAAGCCGACGATAGAACGTAGCGTTCCCTCAATGCTTGTCCCCTGAGTGTACACTACAACACACCGGGTTACTAGTATACTCCTTCAATCACGGTGGACCAGCGTGTCTCGAGACCGTCTCCTACCTTGCCTCTTGAACACGGGGTACTTAGAAAAGCTTCGGTTTAATGATGAGAGTGTTGCGCATAGTAGGGTTGAGAGGTAAGTTGAACGAGTTCAGCGTGCGTCTTGCAATTGGATGCAGTACGACCGCACCTGACCAGACTTGAGTGCGGCTTGGGCTGCGGCACGAAATGGTACCCTTCTAGACTTGTATAGCCAAACACACTGTGTATGGAGTAATTGACAGAGACCCGAAGCCCGTGCGTCTGGTGAACATATCGTCTCGCAAGGCAAGGTAGCAGTGACCGACGCTGTTGCATTAAG,743,50.87,Caenorhabditis elegans
SEQ_724636,ATCCCGTGCTTGATGGCGAAATCGGGCTGTGGATTCAATCTACACCTGCCCAAGGTCTCTAACGGGCACCGAATAGATGAGAGGTTAGGCTTCCGCATAACACCAAGTAGTGACGAGGCGAAGTCCGGAATGTGCAAAACTCCGCGTACTCTAAGAAGGCTAGTTCGTTCTCCGTGTGCAAGGTCCAAAGCATCCGGTTCTCGCTTTATGGTAAGACCCGTTTATTGCTACTGAACGAACTTGGGACGATGGTATAAGTGCTTAACAGAGTTGGAGAGACGACGAGAGGCCGAACGGTATAATCGGGTAATACCCCTGCCCAAACCAAGGGCGTATGTGGAGGAGACTCGATATCGTCACCTTCCTCGATCTTATTACCTCTTCGCGATCCCGTGTCAAAGCGCTCAAAGTCATAGGCTTTTCGCGGCATGCTATGTTAGTCCGAGTGCTGTCGGAACTGCAAATTCTAATACACTTAACGAACCGGATCCCGAGAATGGTACCCTTCGACTAAATTGCGCCTGAGCGTCATGGTACGGTCCTACCCCACATGCCCTTGCTACTTCCACGGAACCCTACAACTCCCGCGTAGGTCCCATGTCAACAATTGAAAAGTGCCCATTCGAACGCTGCTTCTTCACCCGTCGAGAGTGTATGGTAGTCGCCACCAATCTATTAGTCGCAGCCGCGAGAGACCATCTTTAGCCGGACTTCCCGACTCTAGTGTGCTGTATTTGGAAAAGTGTGGGGGTATAACCAATACACGGGGGCCCTAACACAAAGCTCTAACGAGTGAGGGGCTGCCAGACTGGACCGTCGTCGATGGCGGCTTTAGAGCTTTATTGGCGTGTCGTGATCGTCGCAGTACTGTGGGGACCACCATATTGTCATCTAAATTAACAGGTTGAGAAACCCTGCAAATCACCTCAATTCGCGGTATAGAAATGTGCTTCACTTCTCTTACCCCCGATAGGTCTCTATCTTACAGTTTTGCTCGCCGCCGAGATGATGGTTACCAGAGACAAGCGGAGGCCTCGGACAGAATCCCAAAATGGCCTTCGCATATCCTTGTGCCTATACGGCACAAGATTTAAACAAGAATCACACAACATATAGCGTGCAGCGTGTTAATAAGTTATTACTATTGGGGCATACGAAGGACCTTGAACGGCATTTATTATTTCTCGGGAGACCCTGTGAGACACCACAGCGCGTTCCTACTAAAGTTAGTCGACAGCACGGCTCTTACCATTTCCTGGCGACTTACCAAGCGGAAGGGCCACCCCGGTGATCGTTACGAGCCAAAGTCTGCATACGCTCAACATAGCCCGAACCAATAATCCATGCCTGTTGCATTAGAGATCCCTCGGAGCGCTATCATGCGACCTTTCGGAGCCCGAAGATACTGTGAAGTCCTTTACACGAAACTGGAATACGCCCGAATTCTTTGATACTTACCCGTACGCGTT,1469,50.31,Drosophila melanogaster
SEQ_367050,GACACACTAAGTTCCCCATGTTTCAGGGGGGTGCGTGGACTGTCTTGTAACACCGCAAGCATGTACGTGGTGTTTGATTGGAAGGCTTCGCTCCTTGTGGACGTTGATGCAAGCAGAACCCGAGGTGCCCTTCTGGGTGAGATCTCAGGTCCTGGGTGGATGTGTGTGTTATTGATGTAGATGTACAGAGGAGAACCGGTTAGATCCATGTGATTCGCGGTCTGTGGTTAATTTGGGATCTAATGTTGCATCAAATTGGACATAAATTAGAGCAGTCAGTTCCCATTAAGGTTACAGCTACGTGTCGCTGTAGCATGCTTGCGTCTGAACCGGCTGCCGTTTTAGCCCAGGCGCTGGTCACGCCGGGCTGTCGGACGCAGACCGGGTTTTAATCGGCTTCTTGGCCCGTGTGGAGTGACAGGTTCCGTGAA,431,52.2,Caenorhabditis elegans
SEQ_740126,TCAAGACCCGGCAGTCCCCCCAAGCTACTTGTTCAAACTGTCTGCTTAAATGACGTTTACGGGTGTTGATTTAGTAACACTT,82,45.12,Escherichia coli
SEQ_674998,GAGCGTACCCAACAGCAAACGACACTCTCTTTTCATATACGTCTAAACCAGAATGCCATCCTGGCCACGAATAGCATAAAATGCTTCCCAACGGTTCTCTCCTCTGGTCTAGGTCAACGCGTAGCGCTGTGATTCAATGTTTGTCCTGCGTCGTGAAAGGCGCAAAGAGTGGAACGACGAATACATCAAAGACGTAACTAAGCTTGCCTGAGGTTAGGTGCAAATACTTGGGTTCAGGATCACATCGAGGGGTACTCTTCATCTTATTCTTCGGGCCTTAATAGTCTCTTCAGTCAGACGGGGCACTAGACGCTTCGCCCTAGCCCATCGCCTCTGGCATTCAGTGATCGGCA,353,49.58,Caenorhabditis elegans
SEQ_180029,GGCCGTACTTAGGTGTAAAATTATACGGGTGTCCCGCGCTAACGTCACTCGGCTTCGCGGAAGGTTCGAATTAATATGAGCTTAACATTCGGGTTCGTTCTGAACGTATGTCCCCCCGCATGTTTAAATCTGCCCCGGTGTGTTATAGGGCAGGCTCACAGTAGGATGGCGTTTAGGACGTGTATCCGACCGGGATGTCGTTAATTATGCCCACTATAGCCAATACCTGAGAACGTGTGACGCCGATAGGTTACGCCGCTTGCACACCTGTACTTGAGCATTGCTTTGCCACGGTCAGGCCGCCTTTTGTATTATTATTGGGGGCATCCAGGTGAGTAATTATCCAGGGAGGAAAC,356,50.56,Drosophila melanogaster
SEQ_337751,GCACCGAGGATTATTATTCATGGCACTGCCCACGTGCGATTTGCGAGTCCTCGTACTTGAGTATTCGAGGGGCGCAACCGCTACGAGGTTCATGGCTAAGAGTGAACTTGTGCTGTCTTATATAGAGTGCCTCTTCATCCTACATTTAATTTTGAGCGAGAATGTCAGGACTTTTTCCTCACTTCGACACATTGGGGAGCACGTGACATAAACGGGGGTTAAGCCCACCTCACCCACGGACCCACCGCGCAGTGCAAGCACACATAGAAATAAACCAACGGACAGGGTAATTGACTCGGGCAGTCATAGGGGGCAGCGGCTCCGATCTTGGCTTCGCTAAATCTATTCTGCACAGGCGCGATGTACACTATGTTACCGATCAGATTAAGGAAGCATTAGACTGCATTAATTGCAAACCTGATAGTCCGTCCGCCTCTGGAAGTTCTACAGTGAGGCTGGAGGTGCATGTTCGACTTCACCCTACCTACATCTAGGTGTGCGAGGAATCTGTCCTAGAGTTCTAAGGGCGTACGCGAGTTACATTGATCTGCATCTCGGTGCTTATGAGAAGTGACCCGATGTGAACGTCAACCTAGTCAACAGCGGTTAGCCTCACCATGGCTAACTATTCCGTAATGTCTTCCCTGCGCCCCCGAAGAGCAGTCCCATAAGACCGATCTGATCTGTCCTACACTTCTGGCGCTTCCCGGTCGAGACCGTACAAAGACCTGATTTCTAACTCCCCTTCCGCCATACCGGCGCGCCTGTCACGAGTGCTCACCCATGAGCTGTGCTTGATACGGTGAAAAAATCCTGGGGAGACTGTTCTGCGAAGTCCCAATCACCACTCTACCAGGGGGAAGTTGATTCTCAACCGCATTTTCACGAGGGAAGTGTGTTTCTTTCACGGTAATGCAATCAACATGGGTCATAATGCGCTTGAGGTTTGTGCAGGATAACGCGGAGTGTTACATTCGCGACAAGCCTTCTTAACCCAATGCGCGGATATGGCCCATGGAAGTCGGCTTCTGCCGTTTCTGCTGTTGTTAGTCCCTCCTGTGAGGGTCATGCTATCCTTGCTCGGATCTCATCGGGTGGTGGGCCTCTCCGATGTGGGATAAGACTATTATGAATATCTAGTAATAAGCCTAGGTGACGGCCGTAGCAGGGGACGTCGTCATTCGGCCTGACTTTCTATCCTGACGAGGGATGCCCAGCGGCGTATGGACTTAACCAGGTAACCGGAGAGTCGTGTCAATACGCCCTCGTCATCGCGGTAGCCGCTACCGAGTCTCATACCTTCCTATCTGAGCCCTACCCATCAGCTAATGTGCGAATATCTTTCCCAGTCTGGCGTCCATAACTCTCGGCGGTAGCCAGCTTTGAAAAATTTTGTCGGTCGACTTCCTATACTCACGGGTCATGAGAATAGAAGAGGAGGTTTAATACACTCCTGAATCAGAATTTTTTATAGCCTGCTAAAAAACAATAGTAAATTTGGCAACCACACAGTACTAGGCGGGTCGTGGCCGTATGTTAGATCACGTGCGGGCTTCCAATTAACCACCCAAAATCCAGCATCCGGTACACGATCACCTGTGCGCGTATCAAGGCAGACTTACATAGACCGCGGTCTGCGCGACTAATACCACTCCCAGTTATATACAAGGGGCTACATCGACATGTTATCCATCCGCCTAAGGGGATGACTGCGCGTATACGTACCTGCAGTACCATTAGCTGATTCAATGAGGGCGGGGCCTGGTTTTATTTGCCATACGAAAACGCCCAGCAACCTTGTGGCAGTGAAAATCGCAGATGTGATGTTCCCTAACAGGGTATCTAACTGCAAACAGAATAACAGTCTCATTTACAAGTAACTTCACTACACGTTACTCCTCTTGTAGCCGCTATCTGGCACAACCCTGAATCACTCGGAATGGTAAAAGATGGTC,1955,50.13,Escherichia coli
SEQ_178844,TAACGGGAGAAAATTAGGACTGACAAGTAACGCTCTGCCGATTCGTTCGGTAGTCTACTGGGTACGCCGTGCAGTGGTTCATTCCTTGGCCCGTTTCCACATACACAGTCGTGACCCGAGTTACGTGTCTACAGTAAAGGGAGTATATCTAACAGTGATGTACTCTATTGACCCCCACGCGACTGTCCGCAGTGGGAAAAATTCCGATAGTTAACTACGGGGAAACTGCGTCCCCGGTAACCTCTAGATAGATGCTCACTTAAGAAATTTTGCAGTTTAGTGGCCCCGGCGGTCTCTGCTCCTCCGTGGACGACAAATCTAACTTAGTAGGGACACGCGTTTCTATCCAGACCGAGTTAATGCAAGACACGCTCCAATCCGGGGGAGGCAGTGTCTACATGGGTCTAAGTTCATGGGTTCTTCTGGTCATTCCCAGCCCCGCCGCGTGACGACCTGGCCCGCAGGACGTTGCTTAACACTAGTCATTCTACGGGTCTAAGGTTAAGGTTCAACCCATTCAGCTGCTCCTGCAATACGTGTATAAAATACTGGTCCCGGACGTCATCGATTCACGTCTAGTCTAAGGATGCGTCGGGTAAATTCGTCCTCTTTAGGCTTGGGAATATAAAACAAACCTTCTTGTTGGCCTTGCTTAAAGTAACAAGTCGCTATCCCTCCCATGCCCAGAAGGTACACACCAGGACGGGCGACTCACTTAATCTTGCCTGTTGTCATCCACGGGCCGCTAGTCCCCCGCTAGGCCACGGAACATTACTATATCCACCATCCGTTCGGTCTCGAAAAAGCACACGAACGCTATAATGTCATCGGCAGCGTGCCGATTAACAAGCCTAAAGCCTCACCTAGCCTCCCCTCTAAATGACAGCGAGTTCCAAATCTCTATGATTTCCGGAGGTAAGGAAAATTATAGAGATGACGCGCTGGAACTCATCAATAATGGAATTGTCGGGGTCCAGTTGTTCCTCGCGAGTGCCACCCCCCACAGAGATTTTTGAGTGTAGTCCGCAATTATCATGGTCGACAACTTACAGGCGGGGCTCTTTGTACCCATCCACACATGGTATTAGCTCTTGTCGGGCGCAGCGGAAGACCGAAGTTACACATCCGACTTTTGACAGCTACCAGCAAAGGGCCCCAGCATCGTCGCGTGAGCCAAGCAATCCTGCGAGAGGGGAGTTACAGGCGCGCTCCCCCGCGAAAATTCGTTCGTGGCTGGTAGTTGGAGTGATGTGACGCCTCCGCCCCTCGGCTACTCCGATACGTTCGCGAGGCACCCCACAGACTGGTTCCGGGACCGCTGCTTCATAGCAGAAATGGTCGTGGTTAATTGATTTGTAGCAGGGTCCTGCTCGGCGCACCCGCACTTGGTCTATGCGCTGTGAGTATTTGTGTGTTACCCGGTAGTCCCTGGGCAGATGAACGGAGTAATATCCCCATACTGGTTCGGGCGTGCTGGACTTCGCGGATGAAATCGGAACATCACCCCGAAACAGCTCCATGAGTAGGTTGTTGACTCTCCGTAAGTAAGTAGGATCTAAGATTACTTACAATATACCGACGGTTAATCATC,1591,51.67,Caenorhabditis elegans
SEQ_562439,GTAAACCCGTAACACGGAGGTTTAGCCATACCCAGCACAGCCATCTTTCCGTACGCGGCTCTTGGCCCGAAATCTAGTTGACAGGTTCTAGGCGGATAGCTGGGATGCCCTTAAACGGGTAGAACCAAGTTTATCTGCCCTACCCCAAACACTGACTGGATTGAACTGTAAGCTTATCCCCCTGCCACCGTTCCTGGAGGCTCAAAAAAGATTACGTTCCGCGTTATCCGAGCGCTGTCCCACAGAATATTGTTGTACACTTAAGATTCTTTAGATGGTGCTGCCCAGGTAAGCCTATCAGCCACCTCCATGTGCGATCACGACTATTATGCAAGTCTTCCCGTCCGCCACGTCTGTGACAGACTACGGTCACACGAGGACACGGGTATTCTTCTCGGATCCTCCGACCGCGCGAGCAACATTTTAACACCCTCAATTATGGGTTCACACTGTTCAAGGTCTCAGTTCACGCTTCCTCTCTGAGTTAAACTGGCCGACGGCGTTCAGTGTGGTAGTGGGGACATAGGCATCGTAAGGTTAAAGCGAAAAGCCACGAGAACCGTGTCGGGCTTCCAGTATCCACAATCGATCACTCAATAAAAGAATTAACCCAAGAGCTGCGCCCGATTGCCATGTGACCGGTTACGAAGGCCCTGAAGGCACAAACACCATCGATCCATCCTTACGGGGCTTGAATACGCTCTCTTAAAAAAGTTAGATCAGCCCCTTCTTTATGTCCTTCTTGGCATTATACGAGTTCACAACATCGGTGACCTGGTACGTAGACTCGCTCTAGCTCGCACCACAGCCACCTGCGACAGCGTGTGTACAGCCCCTTTCCATATTTTATTTCATAACTGCATTTTCGCCCTAATTAAGTCGACGAGGAGTTGATCCCTGGGCAACGGTTCAGTTGGGCATACGTTCTTATCTAAACTAGTTGATCCTGCTCCAGCAATCGCCTCGGTGACTTGTATGTAGTTTTGATTAGGAGCGTTAGGGCTTCGCCGCCTAAGGGTCGGTACCCTACTTAACTAGCAATTGACTGTTGCGATATAGGCGTTTACTCTGACTAAATAACTCCGCTTATGTCCAGGTAGTCCCTGCATGTGTAGGCCGAGCGTTATAGGCACGGACACTCTGACGAATGTGAGCTGACCATGCTCCGTGTTGTATGGAAAGAGAATGCAAGGGTCCGACGTGGAGGGATTTTCATATGCCACTCGCTCGCCGTAAATACTCGTCGAGAATCCTCATCTCCTAACTGTGCTTACCGATTCCAATAGCAGCGGACTTATCGGAAATCCATTAATAATTAAATTTGATAGAGTGGTTATCAAAAAGCGTTGAGAAGCGAGAAAAGGTCCAGGGTGGTCACGACCGATTCGACGTCATCTGCATTGTATGACTGCCCAGGGAACTATGAGCAACTTAGACCTTTGGTCTTTGGATTCATGTCATACTAGTAAGGAGATTGTCTCCTGTCTCGGCACGTTGAAATTATATCTTCACCGGTTTTGGGTGCACGCTACTAATTGGTCCCTGTGAGGTACGCCCTTGTACATCTGAAATTGGCCGAGGTTGTGATTGCCTCTCCCATTTGACAATAGGGGTCCCGGCAGTCCTTTGTTTGTTTTGGATAAACAGTCGAGGACTGGCACTTCCACCGAGCTTGCTTAATTGACTGAGACCGAGCAACGGTTGTGCACTACGGTGCGATGATCGTTGGAGAAGAGGGTGCACTCATTCACAAGATATGTATCCCCGCC,1769,49.12,Homo sapiens
SEQ_846332,ATGTCACGAGAAGGGTAACCCAATGAAGGGCTATCCGTCCAGGCCCTATCCTGAATTAATTCCGCCACTGGGATCCCTCCTGATAGGAGGTCTCATAGTCGTAACGGTTAGAGAACAAGTGACAAGCGGGCGTCACCCCTCGTTGGCTCATGCACTCGGTGGTAGTGTGACCCTCGGTTACTCAGTAAAATCGTCCAGCTCCCTCAAGGCCGAAGGGGCACCTAGACTACTGTAAGAGGTCTAAATCGACCTACTCACCTTTTCGACGGATGCAAACCGGAAACGCACAGAGAATTTTCGGTGGTTGGGCAGTCTGTGTGTTGCGTGGTTACTTATGGACTGCCTACAGTATGAGGCTGGAGATATCGCACGTGAGCCTGGACCGCGCCAAGGGACCGGAGTGAGCTTCGTAAAGCCGGCCATGGTATCATACCTGCCTTGTGCTTGTGTCAGCTGCCCAACTCTAATTCACTACAAGCAAAGCGGCAAGAGCAATATGGAGGACTATGTCTCGGATAGGGGACTGCTGGTGAATGGAAGCTCAACATCTGTTCTTACAGTAAGCCATAACGTTTAGTAATGATACTAATAAGTCAGCGCATCCTCTCAGTAGCATCGTCTCCATTTGGACCGCTACCTAGTGAATGTTTTAGCAAACACGGGCGGCGACACGCACACCGGTCTGAGGCCAGGTAGCAAGACAAGATAACCCTAGAGCGCTTCTTACGAGACGCGGTAGTCTAGCGCCATGATTCGGCACTTATAAGAGTAGAAGAGCGACCATTTTTTGGCCAGACGAAGCTTCACTGGGGCGTTGAAAGATTTGTGGTCCGATGGTCTACGTCTCT,848,51.42,Mus musculus
SEQ_180952,GGTGAAACGTTGTCGCCAGCCGATGTCATTTGTGCCGGGGCCCCGAAAAATCCGAGGGTTTCCGTCCTTCAAACGGTAGGTGAAACAGACAGTCGACAGAACGTCCCCAAATCATGGTAACACCAATGGAAGTAAACGCCGTCCCCACCAGCTCAAGAAACAGTCAGAGGGACGCTGTTACATTGCGCACTACGAGCGGTTAGAGGGCAATATCACAGTCGACGCCCCGATCATGTCGTGTCGGCTTTGAACCCCACCTCCAAAGATAGTTTCGTCAACCCCCACAGAGCCATCATACCAAGCGAGTGCCCGTGTCATGTAACCTCTTCTTGTCGCTTATGCTATTCCACATGTTACACAAACTGAGGGGAACAATATGGAGCGACGTCCGTGTCTCATATAGCGTCTTCGACCGCGGCGTAGGTTAGTGGAATATCAAGTCTGAATAGGAAGCTATCGCTGTTGAAAACTTAACCTATTTACTAAATGGAAAGAGGGAGTTACGGTGAATAGCTGGCAATAGGCTTCACCCAGACCTTGTCCATGCAGCAGGCGCTGTCCGGGTGTCTCAAAATCTAACTAGCACAGCGACGGACAAATGAGACGGAATAAAATAAATGCTGTGGCCCTGGACCCTCTCGGATAAAACATGGATCAGTGTTTACCAATTTATCGGTTCGGTTTCGAACTTACCGTATATTCCGCCCTCAGGCCGTACCCGAGGCGAGAGAACGGGGGCTTTTACTGTGGTGTTAAAGTGTATTGATGAAGGCTTGACGCCTCGGAGTTGCCTCGGTGACGATTTACGAGCTGACTGTAACTGAATCTACCTTTGTGGTGGGGACTGGTCCTGTCCTAATTTATGTGCGGAGACCGCATTTCCATTACCCCATGCGGACATGCCTGCTTCCCAAGCAACCCACTGAGTAGCATAGTCTTTTTATAAACGGCCCACATTGATGCAATAGCACGACGAGCTGCGGGACACGAGGCTATAGTCGGCCTAATAGAGGTCTCATCAGGATTCGTATACTTGTCAAAGGAACGCCCACCCCCTCATGGTGGGATGCAACCCGCCTAGTTCTTTAGTGTTGTTATGAAACTTATGATTATTCCTTCCCGTGAGTATTGCCAATGGTTGTTCGATTGTGACAGTTGAGAATACTGTAGATATGACTGGGTAGATTTGAGGTATGCCAAAAACGTAACTACGCGGATACGAGGGGCCGGATGCGTCGAGCAAGAACCCTGACAGGAGATCTGGCAGCTCCTCGTCAACGGCTGTGTTTGTGGAACGGTAGGGGGGACCGTCTGATGTTTGAT,1323,50.04,Homo sapiens
SEQ_886080,AAAGAGAGTTAAACATCGATTCTAGCGGCTCTTACTCCCCACCGCATATTCTGTTTAGCTTTTTATTGTTCGTGGTGATTCAGCCTCCAGGACGCCGACTGCTAGCTCAAGCCCTGCGTACATGATCAAACGTGGCGCCACGTCATAGTGAACTCCGGAAATGTATGAAGGTGAAATACTGCAAGTTACGATGGCGACTAGTCGCCGTCAGTTAATGATGCCGCAAGGCAGGGTACCAGATATCGTCTACGTGTTGTAAATCGGTCCAGTGCGTGTACGGTGCCGATTCGTACGTTCTGGCTCTTCCTAGCATCGTGGACAGATGTTTAGACAGGGCCGCAATCTGCCGGCCTCCTTTCTGAAGATGCCCCATACCAGTGACCCGGGAATTCGTGGTGCTTCTCCCGGTGACGTACCTAGGACATCAAGTGCGATGAATGGCATTGCATTGGTTTTCCCTGTACTCTCTCATGACGCGGGTATGAAGTGTTCTAAAGCCTCCATCCTGCCAGCCGCGCAGGGGCGTTGGTATCGACAAGGCGGGATTGAGATTGGCTTTTGGGCGTTTCTTGAGTCGGATACGAATAGCTAAGCAACACTGAGCCCGCGGATGACCATAGCCATGATCTGTGCCACTGGGTAAGCGATAGCCCTTCAGAGGGCGTTACATCTGGCAGGAGTCACTTGTGGTAATTGTGTAATGTTGATCAGATCTGGTACGATAGGACAAGAGTCGAGTGATAATCCGAATCACCCGCTCAGCCCGTGCCCAGCCCTTTGCCTCGTTGTTGCATGTTATCCGTCGCTCGGGCTACAATCCTAGAAGTGGAAATCTATCAAACATGAGAGAACCTCCGACTAAGGTGACAGGGGCGTAGATAGTCAAATGACGTCACTAACATGAAGTTCCTCCTACCACGCCATCCGGGCACACCTCTAGTCACAACGCTGCTATAATAGGACCCATCAGCTATTGCGTCCTCGTGAATTGTCGGCTATCACGGAGCACGTGCTGGTCCCAAGTTGACGAGAGTACGATCTACCGATCTAAAAGCGCTCAGCCTGGGCTAAATTGTGGCGAGAGAAATTCATTAACGATTACGGCACATTTTGACTGGCGACAACTGTTCAATTAAGAAGTGGCACCGACACGTGGCGCTCTACGTTTTAAATTAAGATCCTTTGAGTCATCGGCCGACGCCATTCTGCCGTCCTAGTTTACTGACATCGTAAAGTAGGAACCGCCACTCACGGCTGTGAGTCGCTTAAAGGTGACGGTCTCTAGCACCTATTCCCGGTATCACGCTCATTTTTGTGTAGATCACCCACAAAAAAGTGTCAGAGC,1345,50.71,Homo sapiens
SEQ_234444,TATTAGAAAACGACGCACAGTTCGCCCGTTGAACAGAGAAACGAATAGTACCAATGAGGAGACGTAAGCTCGTAAGGAATTCTCTATGAATCGCAGTCTGGCTTAGTGAAAATGAGAGGTAGTTTAGGCATCAAGAGCGCAGACTCGGTTGACGGCACCAACATAGGAAACTATCTCGATCGCAGATGTGCCTGACTTGTGTGATCTAAAGGGCTGGTAAGTAATGAAACGCTAATACTTGACGCCGACGTCTTATTGAGCAGTAGGAACTTCGCTCCATGAGCCCGGTAGACCCCTCCAGGCTAATACCACTAAAGACCTTCACTCACTTGCAATGTTGAGGCCCCGGATCATCATGGAGCAGAGCGTCAGTCCGCAAGCGACAGTCCCCGAATGTCTGTGGCACGACAGGCTAGTGGATCACTTTGTTGGGCTTATAAGCAGGTGTTAGTCCTTTTCCTTCACCTGGGGTGGTCCCTTACAGTTCAGCCCAAATTCCCTTGAGAGTGGATTCCTAGTGGAAAAGTGACTGCCGATAATTGTGGGGCTGTGCATTTCGGAACCCCCACATCTCTTTTACAAAGAATTCATGAAG,595,48.57,Arabidopsis thaliana
SEQ_823406,GCTGTCGGGGTGTAAATCCGGCCGATGACGCAAATTCGGTGACCACAATTTTAGATCCCGGCGGTCCCCCAGGCGCTCATTACTTATAACCCACTCCTTGTCTACAAGCCCTGGTCCCAGCGCTACCCAAACTAGCTGGTGTATAGGTACGAAATAGACTGAAATACGATACATCCATCGACATGTTATGATCAGTGGGTGGTTGATCGAATGCGATGGCCAACCCGACAGCTCAATATACGTCCCTATGAAGTAGAAATGGTCCCCAACAGTCCACTCCCCAATCCAATCGGAACACTAAACACTCCGGATTGGCGGACCCTGCATTCCTACCGGAAGTACTTTGAAGCTCCACGTACTGTTGATGGAGCCAGCCATTTGGAAAATAGGAGGGAATGCGAATAGCAGCATCTACCAGTATGGTGTATAAATGGCTAGCGACTTTATAGTCTCGATGACGGACGTGGGCCCCTAACCGGACTGATCCCCCTAGCTCCTTGAGACAATCGTCAGTCCGGAGACCTAAACACGTGCTGGCTGATTGATTCGCGTCTTTGACCTTAACAAATGTGTATTCCAGTACTCCCCATGAACTACGGCGTAAAAACTGCGAATAGTGTGAATGCTTTATCTATTGCATGTTTAGGGTGCGATTGGGAATTTACGTCTATTGTACACGCGCCGCCCTAGTCATCAATAGTACATGGAGTTTTCCCCGAAGCCTATCCCGCAAGCATCTTGCGTCATCTTATGGTTACCGGGCCCCAATATCTACGGGCTGTGCAGGTCCATGATTTTGCGTGTCTTTGAAATAGGTAATGCGTCTTATTTACCAGGAGACCTAGAAGG,849,49.0,Arabidopsis thaliana
SEQ_986076,CACGGAATGTGCCATGTCATTCAGTGGCACTCCACGTTGAGAGAGAGCCGCTAGTCTGTGTAAACATGTGTGAATTATACTCGTGTCGAAGCACCGATACGTAAGCTTCGCAAATCTTATCGTCCTGAATTAATTACACGCGGTAACTCTATGCTTTAATGAGTAGGCACACTAACGGGGTCCAGATTTCCGCATCTGCTTCTGATGGAGTCTGGGCACACGCAAGTCCCCATTCGCAGTGGTGCACGTATTGGGTTCAGGACGATCGGTCGTTATCTGCCTATATGTAGTGGTTGCCTGGCGACAGCACTATGAGGCTCTAAA,324,49.07,Mus musculus
SEQ_878597,CCTGTCTATGTCTCGACTCGCGTTAATCAGATTGGCTCAGTTTTGGGCTTCAGAGACTGAAGTTGGTTTACTTGCTTTTACCCACTACACTTCGTCGACCGTAACTGAGCATTACGTGTACACGGGCGTTCTGGTTGTGAGGTGCCTACTCAATCGAGTCCCACGGGTAACATTCCTATAAGAACTTACCCAAGGTAACTACCGGGTAAAGAAGCACCATCTCAACCTAGTTATCCTTGGTTTGAGGGGTCTTTTGAGGCCAAACGTACGGAAAACTTACCACCGCTTAAATAGAAGACCGCTGAATATTTCCATGATCGATCTCGTCTGACCTTCGCAAAGCTAACTGCTATATCAGTACCTCGTATGGTCGGGCAGGTTTGCCAGTGTTAGCCATGTCGATACTACCCGACCGCCTGACAGTTGCGAGATCTCAACGTCACCATTGGAGGAAATAATCAGTCAATATTATATTGCCAGGACCAGTGGCCCCCGTTTGTGGTTCACTAGTAACAGCCTCTCGCATCCTGATCTTCCCGATGAAGTCCTCCGTAATGGCTTTTCTGAAAACAAACCGGTAGAATGTCTGGCGACTCGCCTGCAACGAGAAATTGCCACCTTGCGTCTAGACGTTTGAATGTGATGTTAGGCTGGAGTTACTCATAGGAATAACTTCTAAGTCGCACGGGGCAAGGGCGGGAGTGACTAATACCACTTTTGGGTCCACCGCCTACGTATTCATCCGCCTTACATTGGAGAAGGCAAGGACCATACTTCGGTTGGAATTTGACTTACGGTTTGCGGGTCGAGGCCATTCACTCGGTTATTACCCTTACACGTTGCCCTTTCGTTAGCGACTTCGCTATGATTTTGTGACCCTTGGCGTCCAGTTATGCTGCCTCTACATTAATTGATGTCTATTCTCAGTCGATCCTACGACGTGCCGGGCTTGTGCAATCGGCGCCACACGCACCGGCCGCTGTTAAATTCTAGGCCTTGCAGCTCGGGCACCTATTTACACGACTGAACCACTTCCTAAGCCCCGGTTATCTATGCCCGGTGAAGGCTCGATCGATGGAGGCGAGGAGATCATGGTGAAATTAGATTAATGCGCAGACCTCCAAGTGCGATTTGGAACGTCCAAACGGGAACGCCTAAAGACCGGACCGCAGATTCCGTCACTCATGTTATGTAGGCCGTACCCCAT,1207,49.63,Drosophila melanogaster
SEQ_212622,CTCGGTCTGACGGTCGACCCAAGCTGCAACGCATGGTTGTCTCTACACTGGGACCAGTCGC,61,60.66,Mus musculus
SEQ_659846,GTGCTCTGCCGCTTCTCTGTGCATATCGAGCCTTTAGGAGGCGCAGAGGCTCTTCGTTTCGTCACACGGCTAATGGGGCAGCGTGGGCCGGATCACGAGCGGGTACAGGCCTACGCCATCCTGACACGAGGCATCCCAGTGATAAATAGTGTCCTAGTTTGGTTGGAATCCACTTGCTAGTAAGACGAGGCATTGTTACCCTACGGGGTAGGCACTGCTTTGGTCGTAGAGATTTATGAAAGGATGATGAGCGTCGTTTAGATGGGAACGATCAGGAGCACTAGTATAAAACATGCACGGCGTTCGATGGACAGTATACCAAGCACGGAACGAAGACGCTCGATAACAATCATCGACGGGCTGGAAAGAGCTGCTTTTTGGCCATGTGCTGACTGAACTTCATTTATTTTATGAGAGTGCCCTAAGCATATAGTGATCCTTAATGTGGACTTTTGCTGGTATCGGTTCTGCGTGCAGTTGAGTAAC,486,50.0,Homo sapiens
SEQ_748792,GCACGAAGTCGTGATAACCTTGTTTTGTCCGCGGGAAGCGCTTTGTGATGAACGCGGGAAGCTTAGCCGGAATTGTTGGAGAGACCGCTTACGCGCGGGTTACTATTGACATTCCGCGGCAGCGTTCAACCCTCAAATGAGGCGTCCGGTTCCATACCCCTTAGTAGTCACTACTGGGTATAGTGTTACTCTGATTCTGACCAACCGGAGCTAAACTACATTGCAATGCGTAAAACACCATTATTAGAGCGCTACTCCTGAAAACTGAAGAATTCATTTCGGCGTACGAAACGCGATATAGATCAGGAACAGGTTACTCCGTAAATAACGCTGATAGTAACAACTACTGTCCAAACTATATGTGACACCATAGCGTTAGCAGGCACGATATGTACGCTTCTATTTTACTGACATGACCTCCAATGCAAGCAATGTAACATCATAATGGTGACGCTCAAGGGTTTCAATGCTTGTTTGCATCAATCCGGTCCGTCCAAGAGTGACCCAAGTCTTAGTCGGGAACTACCCGCAGTAAAATACAATCAGGGAAGCATCCAGGGCTCCTCTCCTAGTTAAAGGTAGATGCCGTGCCCCATGAGCAGGTACTTAAACACTTACGGGTGGAGAACGCGGGACCTCCATTGCCATCCGATTCAATACTGCAGCTATCGGCACTTTAACGACCGAACGATTGTGTACTCAGCCTGCTATAAATCATAAGATAGACACTACTTCCTACTCAAGTGGTGTGTACGCCGGGACCCTCATGGACCCTGGAGCGCTTCCGTTCCGCAAGTCATTTGTTCATGGCGTTGAAGCCCTGCTCTACACGACTCGCGGGGTACCCTCATAACCACCATACGTATAACGTTAGAGGCCTAGTAGTTTTATATTTTTATGAGTCCGAAGTGCTTCTTGAGGTACACATGAGCTCTCTGTAAAACTCCATGACTCAATTATGCGTCGTGGTATGTCGCTTCTAAGGTCTAAGCAGTAATGTTGACGATAGAAACTAACGAATATAAGGCGAGGTAGTGAACAGGCTATGTCGTCCTCTTTCTTACCAACACGATTATCAGCATCATATTCAAACATCCAAGCACAGCTTCGGACGGAAGCTTTGGAACATGCGTTCTTGCAAATGTTCAAAATATTTATCTGGGTGTGCGCAAGTCTTTAGTGAAGGACCTGCTGTATTAAGTGGAAGCTACACGGTCGCGGCTGAACCGCCCTGGATCGCTCTGCACTAAAAACGTGTATCGAGGTGGTATGGTTCAGGTTACGAATGCACGGGAGTGGCAAAGGGGCAGGACCGGTGTGCTATATCCTCGGTTTCTGTTTCGCGTACGATGGGTCAGGTCGAGCGTACCAACTCGATTAATGGCTCTCGGGTACTTCCGAGATCCCCCACGAAGTCATACCCCAGCTGTATTTTAAGGACAGTGGAAGACTCCGCAATGATATCATGGGATAATACGCGTAGGGCCATCATTATAGGGTACCACCTTACAACAGTAGTCTTTTGGCTTAAGACTATGGTAAATTATGGGGCTGGTCGATCTGCAGAGAAGATGGCCTAGGTCGGCATTTCTTTACTATGCTTTAACGAGGCCTGCCGTAATAGGGTAATGCCGGTGTGGCGTCCCTTAT,1650,47.7,Drosophila melanogaster
SEQ_919856,TAGACCGGGTTTCTTAAACATGAAAGAGTTTGGGTGATGGGAACATCTGAGTAAAGGTTAGAGTACCAGTATGCGCCGTGCGTCTCGTTATCTCTATAGCCCCACCGCGTTCGCTTCAGGCTGACCGCCATCCGTCGGCAAACGATGAAACTGCGGGAACGCTGCCGAGAGATGACTCCGAGAAAAAGGATAGGTGCAAATGGAAAAATCCTACTTTACGTAGGCTACAGCCCTCCAGATTTCAGTGGTAGCATATACTCGTCTGCACGGCGTCCTAGTTGCGGGTGGTGGCACGACTCTCACTGAGTCTTTTACCCCGATGCGAGAAAAGCTATCTTCACGACTCATGCAGGGGAGAAGCACTAGTTTCTTGGTATGGAGCGTTCATTCTGAACTGTCAGGGGTGATTATACGGCCGCCGACAGAGGCCGGTCAACTTTCCAACGGCGCCCAACTTTCCTGTGAATACTGCGGGAGGGGCGCATGACGTATCGAAAACGTAATAATTCTGATAATAGGCGCCACCGCCAAAGCGTATATGGTATTACCTGTCAGCGGACCAGGAGTGACGATACACCACCACTCCCTTAGGGGCTTCTTCGCAGATTCGATGACCCCACGGTGGGATATGCTACTGGCTCATGTTAGTTAGCCGATAACTGGGGTCCATGTACCACGTATCAGCGAAGAATGCCCGAGATTTATATTCCTGTCATTTGCACAAAACGACGTATCCGGGTGTTAACAACCTCGCGGTCGAGTTTATATCTATCAGTACGTCTTACACACCGACCGGTATTAGGCAGTCTCGGGTTTAATTTCTATCGGGGCAGAAAAGGGCGAATGAGCCCAGCTGGTTGTGTGATAGTGTTTGTACCCAAGTACGCCCGAGCTCCCCCTTGTTACAGGGGTATGCGCTGTAATTTTGTGTTGAATGACAGCTCGTCATAAAGTAAAGTCTATTGGCTAGGATGTCGTGGAGCCAGCAGTGCAGCTCGCCACAACAAAACGCGAAGGGAAATTTGGCGATATGTTTCGCCGCAAACCGGTTCATAACAAGTTCTGGCTTCAGCATCATAACCGCTTAAGCAAACACGTTGAGCAAAACCTTCAGAGGTGCTGCGAAGCACATCACGAACACTTTATGGCAACTCTATCAATGTACCGCCCATTAAACAAGAAGTTTCAATAGTGCTCGAGACCTGCACTTGACCTATCCGTCTATAGACCCACTAAATATTGAATATACCCCGTTTCCTTTTAGAACTGGCGGTCGTTCTAGTTCCTCAGTCCTACGATAGTACCGACGATCACAATCTCTGTCGTGCAGGCATCCGCCCCTTTAGACGGTCGCAGACTGAGATCATTAGTAGATCCCGCTATCGCTGGGAACGAAGTAACTTGTGGGTCTTCAGTTGGGAAATTTTCCTTGTCATAGTTGGTGAGGGACGCTATTCCTAGGAAAGATACCCGCGATCACGCTATACACTCTGGTATACGCGGGGATGAAAAAGGACTAGGTATCCACGGGACTGTACAATTAGGCACTACGACACCTGGCAACAAACACTCCGCACCAGCTTCACTTCACAGGTGGGCGTTTCACTTCAGAAAATATACAAAAGGTAAGTACTCTACAGCCGCTCACGCAGGGCTAAAGCGGGACCGCCGAGACCTGGTTGTACTGGACCAGCGATTTGTTTCAGATGCAGCAACCGGGATAGGGTCAGGGGATTCAGGTC,1742,49.83,Caenorhabditis elegans
SEQ_573810,AGTCCGCGTAACGCGAGCACACAAGGAACGGATCCTAATAGTGCTAGGTTAGAGGGCTTCAACCCTAATCAGAGCTCTGACCCAAACGAGCCTCGTCGACGTGACTCGAGGGCAAACATGAGCGGTCGAAAACTAGTTGGCACTTCTATGGACAGCCCTTTCCGTCCCGGGTTATGTCGTACGATGTTTAGCATCACATAGGTCGCTTAGGGAAGGGCAGTTTGATTCGATGGGAACCCCACAATTAATTCAGATTTAATTTAATACGTATAATTGTTATATGTCGCAACAGGTTTTGGTAGCAAGTCCCACAATGAGCCGGTAGCAATGGCGCAAGCACAAAAAACGGGTACAATTTAAGGAAGATTAGAGGCAAAGCGTTCTTTACATTGGAGGGAGTTAGGTATCGGTTTTGACGCCCCCCCATTGAACGATTTAAGTCAACAGTGACGCGGCTTAGGTGCCCCGGCTCTTGGAAAAACGATCCCGTCCAGACGATGTTGGGGCCGAAGTGCTGAGACCGCACATGTATGAATTTTGAGTGCTGTGCCGCAGGAGACGTGATCGTAGCGGACAATGAGTATTTTACGGGGGGGGGTCGTTATTAATAGATCCCCTATGGGTAGCTCTTCGGCCTAGCAATTGATTCTTCGCGGGTGGATGTAAAACGGCGACTCAAGACTCGGGCGGCTGACGCAAGCGCACTCTGTGTACAGGGAGGTCATTGCATAATGCGTGCACGCAGGCAACGCAGCGACAATCTAGTGGCACAGTTTAAGAGAATATGAATAACCGATATGCTTTAGTACTCGGGTACTCTGTGACTTGCTAGGAGCTACTTTTTTTTATAGGAGAATAACACGCTAGTCGCGAGACGCTGGGACGTATCCCATACCTCATAACTCAGGGCCTCGTGAACGA,921,49.4,Arabidopsis thaliana
SEQ_481688,TGCATTAAGCACGTGGAGGTAATCCCGCACTTGCTCCTGAACGGGCATCCGTTACTCAGTTCATAAGACCTACAGTGTTAGCAATCCGTTAATGACCACTTCCGTGCAAAACATCGCCTGTGGAGTCATCCCTTAAGTTCCTGATATCTCCATCGTTCTTGAGGCGCTGTCAATTGAGCGTATCGCGAAATCTTCACATTTTCCAATGAATTCCTGAATCGCACCCGTAGTAAGTTAGGATGAGCTGCCGGGGGGCTAACTCTGTCACTTACCTTTCGCTTAGGGTTGCTTACGTTCCGTTTGAACCGCGACGACCATATCCCCCGCGTGGAATTGACGTCTAGGACGTCCGGGCTGACTATCACTGCCTAATGTGCGCTTCAGGATAACCAGTGAGTAGCCGGTAGGAGATCCGAATCGGAGGTTGAAAGTGAAGCTCCACGAACGTTCAATATGGTGCGGTTTTTGGATTATTTCGTTAGCACCTACTCAAGCGTGTACGTATAGTGCTCTGGCACACATAGATTGGATTATTTATGAGGACTCGACCTCCTACTCAACAACGAGAACAGGTCCTACCATGGTCTATACAGTAGTCTGACGTGGTGGCGCAACAATGATCCAAGAGCTCAAATACTACTGTGACCTCCGTGTGCAGATATCATGGCGCCCCCCCTGACACGCGTACGTGGGTTTCGCTGTGGATGTTCGGTAGGCCCTTTCGGCTGACAGGCAGTTACTGGGTTTGCATCCCTGGGCCTGGGTAT,767,50.46,Homo sapiens
SEQ_830671,GGTCCGGAGCACATAGTCACGTCAACTCGAAGCACGAAAGAAGGGCGTAAGCTCGAGACGCCCTTTTCCTCCAAAAGCACTGAGTGCAGAGCCCACATGTTCGTAAAAAGAGTCCCCTTAAGACAGATCAAGGGATGATTGGCAGTTAATCCTTATCCAAGTCCAATGAAACTTTAGGTATTGCAGCACTCGAAGCTCAAAATTATTAGAAAAGGTCTCTGTGGGGCCTCGGTGTAAACTCGAAATCACCTCTGTCTCCTAGGAACTAGGTAGAATAGAGTATACAGTCCAGCGAGGCATCGGGCCTTACAACAGACTTTGTAAACAGGTTAACTGGAGAACTGAGCAAAGGACTTTGTTGTTCGATATCAAGGGGAGGCTTTTAACGCTCCCCCGGTTTCGTGCAACTAAACGTAGCCGTGATCGCACCGAAGAGATTGCCACGGCGGCGAACGAGTTGGGGCTGAAGCTGCCCCTTACGTGTACCTCACGAAGCGCAATAGAAGGCAGTAATTGATATGGGCTAGCTAACGTCTTCCTACGCAAGGGTGCTCTGCGCATGCTTCTTACAGATGGGTTAGAAGCTTAATGAAACCTGAATTTCTACCGGAATACTATTGGCAAGCCCAGAGTTCAGAAAGATCTCCAATTTAAT,655,47.79,Homo sapiens
SEQ_237767,TATCGGCCTAATTGTCATGATCTTCGATCCGACATGTGTAGGGATTCTAACATATAACTCAACCACGTGAGTGCAGATGAAAGGCAGTGGGTTCTGAACGAAAATGGGCAGCCCACGCCTACGCATTTTTTGTATACCATGCCAACGCTATACAACTGATGTGAGATTAGCTAACAGATGTACCCTACTCAAGTAGCTCCTCCTTCTCGCTGTTACCCAGCTGGATACTCCGCCTGGAGGCATATCCCTGCAAAAGAAGTCATACCGTATCCTAGCCAAACTTAGTGGTTGTGACGTGATAGGCTTCCAACCGGCGGTCGCTTACGATTAATATGTAGGAAATTGCGGATGAAAGCGATGAACCTTGCCAGATTTGGGACTCTGTGGCCTACTTTACTAGAGCTACCATGTTAAAAAGTGAGGAACGAAACTATTGAGCTACGTCAAATAGAACTAGTCCGGTCACGCAAGGTCGAAGTCACGTAGTCTGACCTATTGCCATAAGCAGACGCACCGTGATGCTAATTCCCTCAACCATGTAGTGACGCACTAGATCAGGACTAGCATCCGATTAAAGTCTGGCAGGTGGCGCGGTACACATCTATCATTGCAAGAGTAAGGGCAGACAACACATGAGAATTTATGGTTTACGCTTATCGACCAGAAGAACTCGTCCTGAGCAGTTGGAGTCATCCACAGGCATTAGACAGCTTTGGCTAGTAGTGTTGACCGCCGGGACGGTCAAAGCTTTAAGCGCGGACCTAAGGCCAGCCAATCGCGAGAGCGTTGACTTCCGCTACATCTTTGAAATCGACTCAATAACTC,825,47.64,Escherichia coli
SEQ_355838,GATAGATCGACAACAAATCTCGAAGTATTGATTCCATGCCCCAGGTATCGTTTGTCAGCCTAATGATAAACATGTAACTACTTACCGCTGCTTGTATGGACTCCCCCTAGAAATGTCTCGGTAGAGACGGTCACCATAGCGTCGTCACGCTGTGCTGAATCATGAACATTTAATCCACCACCCAACGGTACGTCTTCTGCTACAATAGTATTTACGTTTGGGTCAAAACCAAAAAAGATTAGAGTGTCCCGTACTTGACCTGAGAGCAATTTACTGATAGTAACAACAACTTGCCCCGTATGTGTGTTCGGATTGATATCCCGCGGATCTAATCCAGAGAGTACTTCCATGCACGTCATTTCAGACTCGGACGCAGTACGTTTTCGGCCACGTATAGGAT,400,45.0,Caenorhabditis elegans
SEQ_692326,GGAGCGATCCGCGAGACCGGTAAGTGCTGCACGTAACATATCGATGACACAATCTAGGGATGTTCTTTTCGACGTCGACGAATTTTTTTCCGGGCCTCCCGCGATGAACACGAGCTGAGGTATACTTTGGTCACCCAATCCATTTAAGGTTGGCAACCAAGTCCCTAAATCGCTGGTTCAGCTAGCTATAACTACGATCAATGCACGATTTCGCAGAGGCAAGCCCCATGTCAGGCCTTGGTTAGTGAAGTCGCATGCGTAGGGAGTGAATAAACCTCCAATATTTTGACGGAGGATCATTGCATCTCTTTCGAAATATTAA,322,47.52,Arabidopsis thaliana
SEQ_684616,GGTAGAAAAAGGACACAAAGGTCTAGTCAAGCTGACATCAATTATATCTATGCTTCCGAAGTGCGCCAGTGGCAGACCTACGATGTCGTCAAGAACTGCAAACCACAACTACGTAAGCTCAACCTTACTGAAACTACCAGACATTCGGGCGGTAACGAGGCGCTTCGTCGGACCAACCCGTTAACCTAGCACGACCAGGCGAGGGCTAGCTAGATGTTTACGCTCGCAACCACGAGATTACAGGTGCACTGTTCTCCCTTTAAACATATTCCATCGTACGAAAGACTGCCGGGGGGTATTACACTGATTACAAATGCTGGTCGGTTAGATCCGCCGTCGCGGATTGT,347,49.86,Mus musculus
SEQ_873847,GATGGCTCGCCCTTAGGCTGGGCTCCGGATGGTGAACGACTTAATGTTTTCTGTTTGTCCTAACGAAAGGTTTGTCAATACTGGTACATAGCTCGGCTTCTCACCAAACAGTTGCGAGTTATGCTTTAGCATAAGTGGCCCAACTAGCGAACAGATTCCGGAGTGACGCGCCCGTGCAGGGATATTGAGAACAGCGGCAGCATGACCTTGCACCCGTTCACTTGTGTGTCAGAAAGCGACGTCATAATGTGCTCCACGCAGTAAGGTAGTAAATGTCTGATTGATGCACTATACCAAAGACATTACAATGGAATAGTGGGTCGCGTTACCGACTAGTATGAAACTTCCGGTTTCTTGCTGTATGTCGGATCGCACTCTCGGAGTGAGGAGCGTAAATGCATGCACTAAGCCTAATATCCTTGGCCTTTCGCAGTCCTATATCCAGAGTGGGTAAAATCCGACTTCATTCGCAATCTAAAGTCGTGCATGATACTTTGAGCAACCCTTGTCCTCTCTTTTTTGTCTATATAATATCATAATTAGCCAAACGCGGGGAATTTACCGGGACGGTTGGGGAAGCCTACGACACACTGCGTGTACTCCGCACGAACTGTACGCCACTTTCTTTCACCCCGTTAAGCACCCAATAGTAGGTACAGACTTAGACCTGCGGCCTCCCTCGGTATTGGGCGTTTGGACAACGGGGTCCCAGTGCGCTGTAGTCTACCCCGGGTAGGTACTCACCGTTCTAGTATCATGCTGCTCTGGACTAAAAGAGGTCAACAAGTATATTCTTCGATTTGCTGCACTCTAAATGCTAGGAGAGATGAATAGTTAAAGCTCTATTATCATAGCCAGTAGAGATAAAGCCTATGGCCTTAGGTCCACCTCCGTGTAGCTTGTCTCCATAGTGTGCTCGTACGAACTTTTATTAGAGCACACCGTTTAAGTCTGTTCAAGTAACAACATCGAAGAAGCCCGAATCTTTCCTAAGGTGCACGATTGTCCTCTAAAGCGTGTCCGGATTACTCTTATCTCCCAACTCACGAAAGGTCGGCTGCTCTCTGGGGAAAAAGGGGCACCATTCTACGATCCGGAGTTTTTAATCTATTTGACTCGATATAGCTTCTAGCGCTAGGCTACTACTTCTGCGTCCTGGGGAACCGTCTGCTCACACAATTGGTGAAGACTTGAAGCAGCGGGGATGCTTCTCAAATT,1218,47.7,Drosophila melanogaster
SEQ_472514,CGGGCAACAAAAGCGCTAGATAAACTGGCGCCCAAGTATTTGGGGCGGAAGCTGACGCAATCCATAAGGGAGTGACCCACCAGCCCGGACGTAGTCGGCATTTTGCTGAACCTCTAAAATTATCGGGGCGGCACTGAATCCTATAAAGCTGCGTGCCCTACTGAGTCTGAGATTGCATTTTGGGCTAATCAAGTTCGGCACCTCCGCCCTCAGTCTAATCCCAGCTTGCCTAAAGTGCGAAGTACCTACCATTACTCCTCTGTCTCTGTCCGTTCTCCAACAGAAAATCAGCGATCGCACGAAAGTTGTTGCATCTACAGAATGTCGCAGTCACTCTGTTCTCGAACCCTGGATCGCTGTCAAAACTATTGGACGACATCTGCATCCTATGATAAGTTAGGGATGTCCTCAACCACAAGAAAGATTACCACTCTTTCTTCTATCTGTCCTACGTGGGACAGGCCTTGTCATTCTTTGTTCAACCGGTGCATCCCCATATTCCGGAATTAAGGGGGCGTTGCGTGATAACCTCAACATATGGCAAAGTACACGGGATCGACAGACAATCGCCGCCAGCCAGTTAATCCTCCCCAGCTCGACCCTGAAGCAGTGAATCAATTAGTACGTCTAATGAGTTCAGTTGCTAGGTTGAACTCGAGAGCTCGACGTGATCAGTTCAACTCGATGAAATCGCTGATGATCTTGCCTGTATCGTCGCCAGGTTAACTCGGCCAACACCTCACCAGCCTGAACACGTTACTTTTGGCTCCATTATTATCCCGTAGAGGACCTATACCTTACATTACGCCGCTTCCATATATTCTCTGCCGTGCCCTCTGGCGACAGTTTCCTGCGGCTCTATGTCCCTCATCTCCCTGTTGAATGGTGCAAGGCAGACAGATCAAGGTTTATCGAGCCGAACGAGGGTGGGAACAGGGTATTTACATGCCCGCTAGAGGATCCGATATGTTTAATCACCGATTAACACCTGTTCAGGACATGATGAACTAGATCTAATCGATAAGATACTTCACAGACGACTAGAGATCATGCGGTGTATAAACGTGTTGATTTATAGCACTTGGTTTGTCAGTATCACAACAGCGTGCCGTCTGCCTGAAACACGATGTTCTTGCGCTAGGACGAATCATTGGCCGAATGCAGCACCTATTAAGCTGGGGCTACCACCTACTCCATAGTCTCGCTAACTGTCCAAGGACTAACCCCGATCGATGTGAA,1239,48.91,Mus musculus
SEQ_687065,TTTGATAAGGGAAAGCGTCCCACTTAGTCCATACACAGGGATGGAAAATGATAGCAGCGTACATGGGAAAGGTATATCATGGGTCACTACTTTTGATTCCTCGGCCTTCTGGTCAATGTGACACCTCGGGATCGAGTGGGAGGCCCTGGAGAAGAATGTCAGTATTTTCAGCCCATGGTGATGGCAGTCGATTTTAAGGTTAGGTGACGTAGATGGTCGTCAGATAGCTGATTCGCGTCGTGTACATCCGGTTTGGCCCAGGCGTGCGTTATCGGTGTAGTAACGGGAGCTTGACTCCTTAGAACAGGCTGGAAGAGTTTTCATTCGGTCCCCGGCCAGTGTTCAATGCCTTTTAGCAGGTGCACGATTAACGGATATAACAGAATCGAATCTCCTAAGTCCTCGCATAAAGACTATCTGGATTGCAGAACGATGGCCACGGGACGGTGATCACCATAGCAGGCTTAGGCATCTGTATCAGGGTCGCCTGGGCAG,495,50.1,Escherichia coli
SEQ_824083,CCCCAAGCGACTTTCCGGCTGCGATTAACGCAATACCACGACATGACGCGGTAGCGTACACTCGATCATATCAGCATTCGGTGTGATATCATACTGTGATTGAGCGGTCAGATTCTGCTCCGTACCGGGGTAGGGGTACACAAGACTGTAGATTCGACAACGTAGGGCACTAACAGAACTTTTTGCGACAACTTCGTCACAGCAGATCAATATGCAGAAGTGTGTCATTAAGGGTTATTGTTTACAAGAGTATAGGGGACTAAACTCACGCCCCCCTGTCCGTAAGCGAGCATCGAGCGCACTAAGGTTCAAGCTATGAGGTAAGATGGCGTTACTTTAATATTGCCTGTTCTGGACTGGTTGGCCAACCCGCTATGGTGAGGATTTACGCAACACAACCTGAGCCCTCTTGTGTCGATTCCCCAGCATGGGAGGTGTGTGAATGATATGTCTTTCCAGTCCTCGCAGTTTCTTCAACCGTTTCATTCTAACCGCCTACTTTCCCTGGGCATTGTCGTACACATTTTTACATCGAATCTTGATAGTCTGCACTGGGTCATAGGTTACTACGCTTACTCACTGTAACGGAGGGTATTTGGGTCAAGAGTACACGAATAGCGCTCCCTCGTTAAGTACGTACGGCGTCGCCACTTAGAGACTAACGAACGGAACCTGGCAACTAGCTGTCGATATGGGGATTATGAGTTGTCAACGGTACGAGACGTGTCGACTTCCATTCCCAAGCGCCGCCTGCTAGAGAAATTTCGTGAGCGGTGGGTGTCCTGCCACCAAGAGTTCTTCCCCGGTACTCCCGGGATGTAGGTTGC,827,49.82,Caenorhabditis elegans
SEQ_675429,TGTCATTGCTGGCATGGTCCCACTCGCACTGTCGGTCCTGTGTGCTCTGATCTGTCGAAGCGGACCCTTGAATGGCGGCCGCCGGGAGGGGGGGGGGTTACACCAGTGACCTTAGGAGTGTCTTCCACATCACGACTTGTATCCTGGGCATGAATAACAGGCTAGAGTGCGCCACCATTATCGCGCTATGCCCCATGTCCTCTTGTAGCATTTAGTTAACCGCGATCACCTTGCCGCTATTGTGCCGCTTAGGTCTATTCATCGGGTTCCTTGACACTCGCCTGTCTTAATAGATTCTTCCAATAGCTAGACTACTTAGTGTCCTTAGTAAATTGAATATCTGGCTCCAAATAAGACTCCCTTTGGCTAGTCTTCCACGCCAGCTTAATCGGGCTTCACACTCATTTTAGGTCGGGAGGGTGTCCATGCAAGAATTACCGTGCAGCGTCGTCGATTCTAATTCGCAATGTTCACTCTGAGGGACGGTAAGGGAAGCGCAAGAGGGCTGTACACAGCTGTGGCGAATTTCAATAGAGACGTCTACTGAAATTGCGATGCCAGTCATACGGTAATCTACATTTCTGACAGATGTATGGGGCCTATAGAGTGGTCCATCAAAGCAAACTACCGCAACGTGTCCTTTGTCAGCGCAGTTAGGCGGTCTTTCACGAGTATAACTGTAGACTCAGAACTGGCGCGTGTCATGAGTGCGGGTGGTCCCGCGAAAAGAAGGGCGATGGTGTATCTTTATGTACCACCCAGCCAGTCTGGCAGCCCAATATAAACCAACATCCAATTCATAGTCTTGCCGAAGTACAAAGACGCGCCTGATGTAAGAACAAGTGAGATTCGTGGGCGTCGCAGTGAAACGCCGGCTGCTATCATGTATGGAGACTTTATCTGCGGCGCCCTTATTTTAACTACCTGTGTCCAACAATACTCAATAAGGGCTTGCCTTTGATACCACTCATGATCAACGCCTTAGTCCTGACAGGACGGATGCCTAAATTCCACACAGCATCGCCCCTAACTACTATGCCAAGCACTTGGTTTGCCGGGCTGCATTGACGGGGACAACCTCGGGACCATCGGAACAATTGGCTGTGGGGGTTTGCGTGGATACGCTCACAAGCGAGCACCGTCTACGAAGAGGAGCCCGATCCCCAATTTGAGAACTTTCTCACGTCCGGATATGAGTTCAGTTATGCTGAGGTACAACCGGAGGCTTATCCCTTTGTAACTGGTACGGACATAGGGTCCCTATGGTCGTTGAGAGAGTGCCATGGCACATGAGATCTTAAATGCTTCCCGGCAATAGAGAATTTGTTAGCTGCCATCAAACGACGTTCCTGGTTAGCGCCGACCTAAAGCGCATTCGGAAGTGATTGCTTTCCGGCGGCGATAGGATACATCGCGAGGAGTAGGCCTAGAGGCCGACCGCACCGGCACTGACTCGAAGTTGATCCCCGGGAAATAGGTTTCACGTTCGAACTACAAGACCGACGTTGAGGGAGCAACCGCGATTGGCTCCCACTCGACGTGCGTACTTATGACTGGCTCACAGCAAGCGTCCATGTGGCTGGACAATTCACAGGGGTGATATCGATTCGAGCATTACCCTCCTGACATCATGCGGCTCGCATAGCAAGGCCTGGTCTTGTTCGTGTGTCATCACCCGCGCTTGAAAAGCTGTCTAATGGCCGCCACTATTGTAGGCAGCAACGCCGCGATGTGTCCGGGCCAGAGTCGGGCTTGCGTGGGATGGTTTACCACAAACTAGCCAAGCTTTAGGACCTCGACATTATACGTGTTCGGGACCGCATT,1824,51.86,Homo sapiens
SEQ_193111,GATGAGGATCCCGTGCGCGTAGGGTTATTCCGCAAGATTCATCACGTTGAGGCTGGCGCTATAGAGCATATGGGTTTCCTAGACACTTCTGTAGTTCCTTTTCCAGACGCTACAATTCTGCGTCTTATTGAGCCGTCCTGTCAGCCGGCTGAAAGACTATCCGAACCCGTTGGGGCGCAGATTTCGAGCTCATTGTTGCAACAATCACGCGGGTTTCTTCCCACTAGGCAAAAGAGGCCATTCTCTTCGATTCGCATAATCCCGCCTTTCCGGAGCCAGCGTATCGTGGGGATCGCAAATGCGCAGCTCGCATTTCAGGGCACAAAAATAAAAGATGTCTAGAACGCCGCTCCACGGAGGAGCCTCGCGGGATACTTCGATTATAATATCTTAAAAAATTCGACTAAACTAAGTTGCGCACTCCGCTCGGGAGATAGGGCAGACGTGTTCGAACAGGTTTCGGTCGCTCTCTACCTTGACTCCAACGCTAGCCGGGCTAA,500,51.4,Saccharomyces cerevisiae
SEQ_412207,CGCCTCCAGGACGGTCACATAACGGGTGTACGATCGTAAATTCGACAGACCCTTGTGGTGGAACCGGGCGTATGGGTCAAAGTTGGGCGCCTCACGCCCGTGCCGCACACTCTGTTTACCAAGGCAATGTCACGCCTCCATGCCTTCTGTCCACATCACCTGCAAAGCCTGATTACGAATCATGCAGAGCAACAATCCCCAGAAACTCACGCGATAACGATGAAGTACGAACTATTTAGTTCTCTGGTATATATCCTCGCTGCAGGTTACGCCATATGTATCGTCCGGATTAGACCACTGTATGTCTTTCAAACTCACTGGAATGGGGGGCGACTGACAGCCTGGTTTTCCAGACCGCGGGGGATCTATCGCGCAATCCTCCCAGTGTCAAACGGATCCAGCTGATATTTTGGCAAGCA,419,52.27,Caenorhabditis elegans
SEQ_146553,ACGCTACCAATCCTACTCGTGCCGGTTCACTCGGAGTTGTACCATGTGCCGTAGCATAAGACAATACAAAGATCCCTCTGAAATTTAGCGAGCCTAGTCAACCGCACCTCGACCGTTACCCTAATTACCTATGACACCAGTAAGCTACGGTAGTATTACCGCCTTTGCCCGTAATATCCGTGTTCGTATTCCTGTCATACCGTCATGTCCATAATCGCCAGTGTATTACGCGCAGCAACTGGTCAAGGCCCGGGGATCACTGGTTGATCATAACCCGGGTTGGAGTAGGTCGTCCTCAACGCTTGGCGACGTTGGGAAGTTTATAGCATGCCCGGGCACAGGCATAAATGAAGCCCGGACCGGTGCCCGGATGAACTCAGGTAGACCCTATCAGAGAAAATTAAATTACTGATGGCGTCGTTAGAGTTTGACAAAAAGTCTTTGGGGCTTCTTTTGTGAAAAGTTACCCTTTATCGCAGCAGACCTTGCAGGGCTGGGCTTATAGAGTCTTGGGATTGGGGAGGCTGGGGGGATTGCCACTTCCTCCCCTAGTTCCCCTTAAGGGGTGCTTAGCGTCAGTGCCTCTTTCCTAGTGCGTCGGATAGGTTTAGCGAATGAGGATAGACGACTTAGTACCGAATTCCCGGGGTAAAAGCACTCTCCAACTCTATAACATTTAGCTACGTAGACATGGCCACTCGCATTCGGACCTCGCACGAGAGGTTGTATAACCAGCATACCTACTTTAATCGCCTAGCATTAAACCATACTTTTAACCGTTGAGCCGCTTTCCTATATCTTCTGTGCCTCCACTTTATTTCTCACGCCTGTCTACAGACAAGCAGTGCGGTCCGTCGCACGAGGAACCTCAGCAGTTGTTCCCGCGCTGCCAATCGACAACTTAAGCTTTTACCGTAAAATGGTGGATCCCCTACTGGATTATTGATCGGCCGCCAGAGTAATTAGTCGCGGAGATCCTGTGCAA,985,49.95,Saccharomyces cerevisiae
SEQ_978281,GACCGAGCAGAGTGTGGAAATGATAGAATCGCAAGGATGCGTGTTCTTTCAACAGTATTACGTGGTACAGGGTGGTGCACGTTTGCTACACCCTACGAAAGCCCATAGACTAATAAGGGTATCTGAAACGAGGCTCCAATAGAGGAGACAACAAAGTCATCTTGCATCACTAAGCAAAATAAAAACCCAAAATACGGTCGAAACTGGAAATTCTAGGGGCATGCGTTAGTAATGTTGACGGTATTAAATTCATCCCGTCGTGTCTCAACGGTCCAGCTGACTTCATAATATGTTCGAGGCATCTTATGGGTTCTAGCGCGCCGGCGTATGGCAGCTCGAGACTTGTTCGGGTGATTACCCAGCTCCTCGTTACTAAACCAGATCAGAACTATTGGGACTGCGGGAAATTACAATGATGATGTGCCGTATAATCCAATTGCCTGGCATTATAAGGCGTGCGAGGATCACCCGAGCCCTTGCCTTCTAGAATCCAAGTTATGTCTAATCCGCCCGCCAGCGTAGCAGTGAAGCTCGCGGCAGCCAGACTGCTGTGATGACTAGGTCTCAAGCGAGCTATCGTGCTGTCAACAGTACATATGGGGCAACAGAGCCGATACTATGGACCGTTGGGACCGTGCAGCTTCTGATCGTTGCAGCCGTCCGTTTTCTTACTCCGAAATTGATTAGGGCTGTGGAGTGATCTCAAGCTAGCTTAGCCGACCTGGGTGGCGGTGCGATCTCGTTTCAGGTTTGACTACGATGGTAATCTAAGGTAGAAGTCGTCTATCG,789,48.92,Homo sapiens
SEQ_707545,TGGTAGTGTCCCTCGATCGACACATGCCGGGAACGCGATTTGAAAACTACGCAGAGATGTGAGGTATGGCGCGTGCATGGCCGTAATCGAACAAGAATGACACAAAACCGTATAAAAGTGGCACCATATTAGGATCACGGGTGGATCAGAGCGCTACTGAACCACAGCTCGTCTATTGGGAAATGATCTTCCACATGTCATGGTGGACGTTACGGCTTCTTAGTGCCTACGACTCATCTTGCTCTTCTGCTCGAGCCTCCGCGTCAAATGCCGGCGACACCAGGGCCTTGTGCCTGCGTTCGCCCTCGAGCACAAGATTTGAGTCCTGCGAACTCGTTTCGAAGACCGGGTCATTCTTTGCAACGCCATCTTCTGCAGTTTTGGCGCTGGAGATGGGAAACAAAACTCCAAGACGAATGATTTTGGTCAATTTAAGCTGCCATGTACATTGGGCAGACCGCAGCTCCATACTATTGACGGTATGACATTTAAATCACCACGCGTTCTCCGCCCGATGACGAGGACCGACTTCCGCTAAAGTTTTCAACTATGGTCTTCAATCTTAAGATCCTTGCAGATACCATAAGCAGAGTGGCAAGCAAGTCACGGTGTATCATGTTCCAGCTGAGCCGCGTTGCCTATTATAGCAGAGAAGGACCGTATCACGTCCTCCAGGGTTTATCCGGGGCAGGTTACAGCCGAAGCGAGAGGGCTGTACGGTACCTCCCACACATCCATTGAGAAAGTTTCAGGCATTGAGTGCAGCGGGCTCGACTGACGTCGTTCAGTAGCTCGCTTGTTAAGTGGAACAGAGTGTTTAGACTACCTGCGGTATAGTCCGCCATGACCTGTGAAGGTAATTAGATATACAACATATTAAGTTCCCGACAGTAATGCGGCGGACCCATCCTATCAGGCCGGTACCGGGTACGTCCTGTTAGTTAACTTGAGTTCTGGACGATACCTTCCCCCGCTAATGGATTATATGACGCCATTACATGGACTAGGCTTCGTTCCTGAACAAAGGCAGAGATACTGAAAACCTAACAGTGCAGAGTCGTCATGCGTTTACTGAGGGGAATCCTCATTGAGTTATGGGTAGTTAGTTAGGAACATATTTTCGGAGAATTTCAAACCGTGTGTAAGAAGGTCAGCTTAGATCGAGACAATAATTAGCTATGGCAGACAGACCAACCTCTACTACGGTTGGCCTCCCTCGCAATTGGTAACAGTGGTCCGGGAGTCGATGGCATATGGTGAGGGTCTCTCGATAGGCCTTAAATGGAAGGTATCCCTT,1297,49.42,Caenorhabditis elegans
SEQ_398620,TACGAGAACTGAGGATACGGTCGTTAAAACAATATAATTAACCTTATGGGATCGGGAACTCCGGCCTCGTGAAGTTCAGATCCAACAGGCTATTCTTTGGCCATTCCGGCGCACCGACAGTTAGAAGCTCTTGCCACCCAAGCCCACAGGGTTTTCCTTTTAGACGGGGACCGTCTATTTTGGCTGCCCTGCGTGTCCTATGTTTATAAGACGGCCTTAGCAGGGGTAAGACTTTGCTTTCCGCCAGGGCTTGTGTGCATGATGTCCTGTGGGTAATGGGAATTGTCTAAGCTCTCGCAAATTGAATTGGTACCGCATCTCACCGGAGGTTACGTACATGTTCTTAAATAACTCATCTATGGTCCTATGGAGTGTCGTTTGTGATAGTGATGCTTTCGATTCTAACAGCTGGGGACGAAAGCACTAATGTTCGAGCGAAGGGCGCGGCTTATTTTAACGGGCACGAAGGAGCTAACGTGAGCTCGTTGCAAGACCATACTTCGCTAACTGATGACGGCGACTTCGTCCAATGCTACAGGACCTAAAACGTACAGGAGGAGTTCGAGTCGGTTGATTATACTGCTGAAGTTTTATTCCTTTGCATTACCAAAGTCAGGTCCATTCGGTTGGTCTGATTATTTCTTAGCAAGACTGAGACCCATCTTTTGTTATTCGCAGTGGATCCCACGAACTCCCACTGATAGGGGAATAGTGGAACCTCGTGGTCTTTATGCGAAACAGCAACATCATTTTGAGGATGGCGGACCAGTATAACGATAATGGGGTTATCTCAAGAAATATAGCATCTCTCCCTCGTGGCTAAAC,825,47.15,Homo sapiens
SEQ_370960,TGACTAATCTATATGAGCGCCATGCGCCTAGACTAATGTGCGTTTCTCTAAGTACCATGGCCTTTCGCGAAGTCTTGCCTGTAACCACTCATTGTTTTTGCTCCCATCGTAGACGGGAAGTTGAGCGGCTGCAGACGGGATGCCATGCGAACGGGTTGATTAAGACTACCGGGTGGTCATTGTATGCAACTAGGCGCATAACCACTACACAACTTGCGAGCCAACCTATGATGTCTACGACTGCACGAGGTCCAGTGGTAACGTAAGGGCTTCAGTTGTCCAGACGCAATAGACGTCACGGGCCCCCCGGACAGTGAAATATTCCCCCAGGCTGAGAACTTGCATCGCGCTGTTGTGCACATTCGCGAGTCCCTGAAGGTGCTGAGAACATTTTAAGGTAAGAACTCTACCAGTCGTTATACGACTATGGGTTCATCCGGAGCGATTAGCGAAGGCATGAATGGGCCACTATCCTCCTAATGCCGGGTGCGTGTTTGTAACTGGGTTAAGGCTCAAAACCTGCGAGTACCCACGGGACAAGCATTTTTTGAGTACGGAGGATCAGGGCTGCACGCTATCATCCAGTCGCTACGCTTAGCCCGAGTCAATGCGTTAATAGACGCCCTAATACCAGCAGATTTTCGCTCTTCCACCTCAACGGCGCTGCCTAACTACCTATTGCAGTTTCCCGACATACGATGGAATAACTGAGATCTGTTACCCCCCGATGCCCAGCATTCCGTATGGAATTTAAGCCTCGTTACCGCTTTTTCAACCGTGCTGGGCTCATGGTAATTATTTCTCCACAGTTATGAGTGGTTTACCACTTTCTTCAATTTTTCCTAGACAGTGAGCGACAGGGCAGAACGAGTTAGCCACAGTCTACTTACGATACGGTGGTAGCGACCCTGATTAAGGAAACTGGGACTATTTAGGTGAGATCTGTATAGAACGACCCTAGCAACTTTAGGGGGTCACCAGATTTAACTTTTACCGTGTAGTATCACAGTATTCATTGTGTACATTCACCCTCACCGTCTCTGTGCCTTGTGACAATGATTGTAAGGCCCCATAGGTTCGCCGTCACCCATAGATGGGTCCATGATCGCCGTTCCTGCTCAGACCAAGAGTCGAACCTGTTCGGATAGTATAGTGCACTGACCGGGAAGCTCACCATGTAAAGCTTGTATCCTTCGAAAGGTCCTGGTCTTCTCGGGAAGCAGCATGTCTCGTTTGTCACTTCATTTAATGATGATTGACTCACGTAGCTTAGAATTATTCGATCGTTGATGCGGGATTGGGGAGCGATTTGTAAACTATATATTTTCAGCATCGAGACTCAAGCTCAGTTCGATAGAAACGTGTCTAAAGTCTGTGCCCATAACTACCAAACTCTCAAGAGAGTGCT,1408,48.51,Mus musculus
SEQ_873344,AAGATTACTCCTCTTAGTTTGTAGAGAGCTCTGTACTATCTCCCAATTTGAGCCAAGGCCCACCGAACCTAAGCCAGTTTCTGCTACCGCGGTCGCTGGCTGACCGTACCACCGCTCTATATAAGAACTTCGCTACCGCCTTAAAGAAGCCAACCCCGGACGGTTCCTTAACGCGCTTCAGGCCTTGTTCTGTTTTCCGAAATGATAGTCAGTATAGGCCTGTCGCTATCTCAAACGTCCACACTGGGCATCAGTGGCTAACAACGGATTACCTGCGCTTTGCTGAGGGGATGATCGGTAGTACTAATGCATCGATCCAAACCGGGAGCACATGGTTAGACCCCACGGGGCTTCGATACCCGGATTGGATCCCATTATGAGATCGGCACGGGCGTTCGTTAGGCAGACGTCTACTCACCCTTACCAAGCCTAGCCAGATAGCGGAGTCCGACAATTACGCGCACATCGAAAACGCCAGACCACTCTTGATTTTGTCAAACTACTCTCGGGCCATCCGTATATAAAGCCCCGGGCTAAATGTAGAAAAAAGCTGCAACGCATCGAAAAATTAGCCAGGCAGGTATGAGCTAGTATTATACACTCGAGTTCATCTCGCTCCTGTGACAATTAATGAGATGGATAACTTTCCCACGGTTATCGAAATTCATCGGAGGATTCGCCCCAGGGTGTTCGGCCCAAGTGGTAAGGGTAAGCTCTGAATGTAGGAAGGTAATATTCCGGCCTACCACCCAGCGCGATCTCTCGTACGTCTGTTCAGTTTATCAAAATCGCTCCAGCCGCATTGTAAGATGGTTCTGTCCTATTATTTATAATAACGTGCATCAGCTAGGATCCAAAATTCTCCTACTTGGGGCGTGCCCGTGGGGAAGCCTTTTAGGTAGCAGCCGACCATGAGGCCTACGGTCTCTCGCTCCGAGGGGCTGTTCAAGAGACCTAAGCTATAGTATGATTACTCACCACAGGGCAATCCTCGGGTCTGTAAAATCTTTGCTACAATAAATGGATGGGACATTAGGTATCGAAACCACCCCGCTTTGAAGCCCGTGTATGGAGCCATCATCGCGTTAAGGGATAGACATGGGCCTTCGCATATGTCCCATTCCACTGAGGGTAGGCCGCATGGAGTAACGCTGGGAGAACGCATGTCGGGGTCCTAGGTCATATACCAGTAGTTAACGTGTTCGAGGAATGACAGAAGCGGCCACACAGATGGCCAACGCCATGAAAAAGGCTCCATCCCTGGCACAAAGCGCTAAGGGATGCTCTACCTGTGTGGCCACAATCGTCGCATCTCTGACAGACAGTACCTATACTCGCGCGAAATGTGTCAGGTAGTGTACTAGAACCGGCGTGAACTTATCCGTTTCCTGATCACTAACATATATCTGACAATTACTTAGCAATCTTACGCGGGCGTTTTGGATGTCCCTAGGGCCCGTCTGCCTTTGGATTAGTACGCACAGTATAGCGGTAGTCAGAGAAGGTAAAATGGTAATCAAAGCAATACGGTAGTTCTCTCTGGCTTAAGATCCCAACCGGCCGGATGCCGTCACATACCCCGAAAGCGGATTAAGTAGCATACCGTTTGACCGGTACTACTTATGTGACAGCAAATTAGACATGACGACACTCTGACTTTGACCCCGACTAGTGCACGAGTTTCCCAGAATCTACTGTCTATGGCTATAAGGGGGGTGCTATATGGAGACACGACCTAACCACTGGTCATAGTACAGTGTCCGTATCAGTGATGCTCAGTCCAAGATCGGTAAAAGTCAAGCAATTCCGGATCGCCACTCAATGGCGTGAGGGGACGAGGACGATCGAACACATTTTG,1858,49.84,Saccharomyces cerevisiae
SEQ_861549,GCCTTATCGATCAGCCAGCAACTGCCTTGGGAGCTGCCAAAAGCGATAGAAATTCACCTACCTGCTCGGCGAATCGTGCTGTCAATATGTTCGTCTCTGAATCAAGAGAAGCGTATACGACCCCACACAGTGGTTGACTATGGCCTGGAGAGCCGCTACTTCGCGAAAGCAGTCGGCCGAAGTTAAAAACCACATACATCTTTGTCTCCGATCGCGGTAGAATGCCCATAAAATAGGGTGAGTCGATCTTGATATCAGGACCGGTCAGCCTGTACTGAGTACTGTCGCAACCGAGAGTCCCTCACCAGTCAGACCGGTTGTCTCCGGCCGAGCTGCAAAGGAGGACCGTTATTTCCACGGTTATCTTGGCGGCTCTTCTTATTCCGACTCGATGTTGATATCAATGATACCGTTTAACAGCAGTGCTTAAACGGTGTATACCGCAATGCTGCCATGTTACAGTTGCCTACTACTGATCGTTTGAGAATTACCCATGTCCTAGAGCACCTTCCAGATTCGCCCTGCCCTGCCGCGTGCAGTGCTTAACGATTTGCGAGGTGGCCAAATATGTGTGTGACATACGTGGCGTATGATAGACAGGTTATTCATTCTATCTAACTGCTTAACCCGTGTGGTAAAATGGGCGCCGATCCCGCAGCTTTGCTTTATCCGCACATAACGGAGACTAAATTAGTTGCATCTGACACACAAACTAACCTTGGAGGCCCGAGATCGGAGTCGCGTATCTCGGGGGCTCGAATGCTTCTTTTGCGCGACCGGCCTCCGATACTGTTGCTAGGTTTGTCAAAGGGTACCGCTTTCGATTTAATGCCAAGTGGTTGTTCTCATATTTTACGGGGAGTTGTGATCGCACGCACAGGACGAACCTCCACTTGGATGGAATTCGGTTTACGAGACTGCTGCGAGAATTCATTGGCACACTAGCGCGAATGG,954,50.21,Mus musculus
SEQ_716642,GGTGCCTGCAGGCTACGGACCACCGCGAGCCGTTTTGGCTCGGAAAATTGCATAGGTACTCTATATCCCACTGTTGACGCGATTCCACGACTAAGCGTTACAGCACCCTAGGCGTACGGTGATATTCTGATTTGACTACCATACGGTTCTCCCACCTTTGGCGCAGTTAGACCACCGGGCTCCCGTTACATATCGCGGTGGCTATTTCCCTCCCTAAACGTGGACTGTTGGGTAGTAGATAAGTTAGATATTTGCTAGCCTTCTATCTACTGGGCCATACAGACTACCCACTGCTTGATGTCAAGCGTTTGATACCCCGTATTTCGCCCCAGAGGGCCTAACTAGCTAGGTCCCTACCCCTCACTTTTGTGACGATCTATTAGCGTGCCTCATGAGAGAAATAGCACTGTCGCCTCTTACGTCTGAGTTAAAACAATAGTGCAGCGATGACGATAACGTCGCGCCGACTGTAGATCGTGCTAACACTAACTTTAACAATGAAGGCGGTTCTGTCGTTGCGCCCTA,525,50.48,Arabidopsis thaliana
SEQ_347497,GCGGGCTTTTGCCTATCGCCGCAGGTTGTCACATTACGAGCGAACACAGGCAGCATGGGCGTACTCGGAATAACGCCTTCAGCGGTTTATCAGCGAAACCACCAGGAATGATAAGTGTAGCGAGGGACTACGGCTACGAGTTAGCCGCACACCAAACTGTATCTGGAATAAGCGGACTCTCGCTTACCCGCCCGACCCGCTTACGGTCAATTGTGTGCCCTGCCCATGCGAAAAAATCCTCTGCTGAGCGAGCTATACCTATGAACCTGGCCATGATTAGGAACCGCAGGGGTCCTTTATCTGTGGCACCATACATGAGGATCATTAGAGAACCGTGAAGTAATTCATGCTCTGCTTCGCGAACAACGCAATCACCCTTAGCCTCTGCTTGTATGTGGCCTTGGTTGCAGACTGATCTCATTGCTTGAGGGTAGCTTGTTCTACCACAACCGGTCGCATGGGTGAAGAACAACCTGGTTGTCATATTGACGTTGTCGGATAATTGCGAGAGCTGGTCTGCTGGTTGCAGGATTAAGTTAGCCGTTTCGCTTATATCTAGACCAGAATACGGTTCGGAGGCAAGATCGACGGTTACAAGAAGCTAACGCCTAGTCTATTGGGTTAGTCGACCCCCTTCTTTTCGGTCAGCGTCACTCCTTTTTAGCACTTGTCATCTTGAAAAACCCCCGTCTCATGGTACTATGCGGTGAGCCTGTCCGTCGGGGCTATAGAACCCGGCGCTAGTGTGGCTATCGATAGTCGACTACTCTTTGGGAGTGCACAACTGTTCTCTAAAAGGGTGAGACCATAGATTCTTGCGTCCTTGGAGGTGGGGGATGTGTTGCACCGTTGACGTGAAACTACGGCCTGACTCGTTCCGATAGATTCATTTCGCTTCCTACCACTTTCTCAGCTTTTATGCGCCTCGCTGCTTTTGCTAGTCAGCTATAGCCCTTCTGCAAAATATTCACTGCCAGCACGGCCGATTCCGAATCATCGTTTTACCAGCACCGTACTGGTCAGGCCGCCGGGTTTTACGTCAGTCCTATACGGTGTTATGGGGTGCTGCATAAAGTAAAGAGCTTACGACTTATTAGTTGACATCCAAAAGCAAGACCCTGCAAGCATTTTGTGCAATATCAACAGGCCAGAGAAGGAGTACCCGATATACTTAACAGAACCTACAAGAGGGAGCCCATATTGTAGAAATCTTACCCTTTAAGAGAACTTTTCACTCTAAATATCTGCAAAATTGGAATTGGCCAGTCTTTGACCCGTCAGAGTTAAGAGACGGTATAAGCTTTAATGACTCAGTGCTACCCAGCAAGGTCAAGAAGGGAGAACCTATCCAGTTTCCTACTTCGTTACCTAAGCATTCATGGTCCGCAGCGGGTTGTTCCATAGGGGTGAATTATTCAATAAATAGCCCAAGGCTGGCGCTTCACCGATTCTGAGGCTGACCTGACATTAGTTGGGTGGTGTGGAGGCATGCACCCCTCAGCAGCTGCCGATTACTGACCTCTGCGCAAACAGCGAGCTCCTTTATTGGGGGCTTGTATAATGACACTAAAGTCAGAGTATCAAAGAGTAGTGTCTCCCTTTATGCTACCGCACTATTATGATAAGCGCCGAGAATACACAGGCCAGCTCCAGCACGGCGGTTCTTGATGGGACCATATGAGGGAAAGCCGTCACCCTGCTCCTG,1705,49.5,Arabidopsis thaliana
SEQ_886630,GTGGACCCATTAGCTGTTTATACATTAGGTTCTAGCCCATCAAAGATCCATCCGAAGTGAGTGACGCTGTGTAATAGAGTCAAACCTGATTCGGTCCGTAGTGTCACGTTACGATACTATTCAGGGAGGGTGGGAGTTCTAACTAGGTCTTGAGCTAGGTTTTCTTGATTATGAACCGCATAATCCGTGTTAGCCTTTATGAAGGTCGTGCAATAAGAGGGCGCATTTCCGTGGCTCTCCTGCCTGAACAAAGATTCAACCATGTGCTGCCTTAATTATCCGTTAGTGCAAACCATGGCTTTTCTCTTAGGCGCCAACATCGAAGTGTTGATTTACCTTAGCCTTTGCATGCAAGCACGTAAACCCTTCATTCGGATCCTTCATGTTGTAGGGGGACACATAGATGTACGCCTATTGTTCGACCGTAATTTACAAGCGACCACGTGTAAAGCGAGGGGTTTACGCCCTTTACGGCAAAAACAGATTCACCTTCCATCTACCGTCTGCACTGAGTTCATCTCGTCCTTACGATATAGAGGTTGGGGCGTATGGTTGGGGACAGAGGGGGCACTAGTGAGATGTCTTTGGCTGAGCGTACAATCGCCAATGCTGATTAAGCTTTCCGGGAGCATCTATAGTACGATAGTGGGGATTACGGTCGCTCAGGCAGCCTTTAGCGATTACTACGACCTCTTCAGAAAAAGCAACACTTTCCCACGTCTCTGTCTTCCGTGACAAATCCTCTTTGTTTTAAGGTCCCTTGTCTGGGGCAAATATCGGGAAGTTGTTTTGTCCCTGCAGGGGCCTAAACCATGGCTCCCTCCGACTTGCTATGTCAGATCTCCGGTAAGCAGCGGTTTGGGAGAGACTATCGCAAATATAGACTGTATGGGAACAGGAAGACTATCGAGGAGCCGCCACGGGCGTTTAACAAGCGCGCCACTAGCAAGACGATAAGTGAACTCACGGGAAAATTAGTACTACGTGTGTATTTACTTGTGTGTTGGACCTACATCTAATAAACGAATACATCCATCGAGGGATTCTTAAGGCGCAAGATATTACGTAGATGATCTACTTTTCCGGGTGGCGACCGTTTTCCGGATGAATGTCCTTCTCCTCGATGAGTGAGAATGATGTCTCCCAATTAAAGGTGTCGAAATCTTGGTGGAGCCGCAGACGGAGCACATAAAAAGTATCCAGTACCGACGCCAGCACGCTGAGTGTTCTTCCCCCTTGGGAGTGTCGATTGGTTCCGACTAATGCTACGTCGCATTACTGATTCATGATTGCTATGCAGAAGCCTTAATACCACACCTTGTTGAGAAGAGTGGGTGTCTGTGGCCAAGGGCCACGCGATTGTGATCTTAATGGTGTATAGACCCTGTACGGGGTCTTATTTTCGTAGGAAGACGGGACGCCCGCGTACAGGACAAAGCGACTCCATAGAAAGACCCCGAAGTCTCAAGGGAATTAGCGCAATAGTGCTGGATCCATACCTTTCCCACACTACTGTCTAGCAGGCCTTCCTTGTGAAGTTTACACTATTTACTACACACATGAGGACATATTATAGCGATCTGATTCCTTTGAGCAGGCTAGATCCAAGTCACCGCATACCGCGAAGGGTAAATTGACATCAATATAAGGAACCGCCACTATACCGCCGACGTAGACAACGCCATACTTGACCTAGCAGCACAGTCTAGATCTGAGATGTACCGGTACGACGATTTGATGGGGACAACGGTCAAGCGTTATAGGGGGACGTCTCAAATCAGACCTAGAATACGGTAAGTGCGGTTTTCGCTATAGAATCAGCCTTA,1826,47.75,Drosophila melanogaster
SEQ_327802,TAAAGTTGGACATAGCCTTTCCACGAGGAGAATCCGACAAAACGACATTACTTATCAGGCACTCGAGCAAAGAACTTAATGGGAGGTGTTCTAGCTGCGAGACCAACTAGACTTGGAGAACACATGCAGAGGTCCATACGACAGAGCTCAGTGTTCGTCGACAGGACATCAATCCCTCATGATGACGGCTGTTCCTTCGGTCTGTTGTGGTTTACCTAAATTGCTTCACGTTACGCTACGGGCTGCTGTTGGGGCGCGGGGCTTCTCCCCATGTAGGGATATCAACACTGTCTTTTACGGAATGTAGGTTAGTAGTGGACTTTGGTATCACAAGAGGTATGTTCGCCAAGATTGAGATGAAGCAGCATTTTAGGATCCTGTTCTAGCAAAAAGGCTTAATAGTTTAAAACGTTGAAACTGGTATAGGGAATGCTTCCATGTGTGAGGCTCCCAGCACGAGGAGTCCCCCAGCGAGGCTGGAAGTGAGTCGCTGCAGGGGAGTGCTGAGGTGGACAACAATCGGACGGCCCTCTTCGTCCTAGTCGCCTATTTGGGTTTAGATTGGCTCAGTTGAATCGCTTTGATCGTCGGTTATTTCTTATGCCCCCCGAGGCGGACTAGCGGTTACGCTTTCTTAAAAGGCTACGATAAAGAAAAAGCGTGCATTACGTTAGCAAGGTAACCTTATCCGTCAGTTGCAATGAATTCACGGGTTCGGCCAGTCGCACGTCTTAATCCAAGTACGCGGCGAACTCTCTTATGGGGTTTTCCGTGCACATGACCAGGGCCATGACTATCCGACTTCTAAAGAGTACATTGAATGTACCGCCGTGAAGTAGCGCAGCTCCCTGGTATTAGGTTTAATTTATGTTGGAGATCTGATTATCAGCGCGCGACAAGCTCTTTCCTAATTCTCTCCACATCTTACGGGGTAGCTTTTTGTGGCCCAAGACGCTTACAACTGGATTCCAAAATCGACGCATTCGCTGTGCCAGGCGGTTCTACCATAGTACTGTAGCAATTCCGCAAACAGTTCTTGTGGATGTTATCTGCGTAAGGCTATATTCCCCTATAGGATATAACGAAGGTATCAAACACGACGCGGGCATGGAGACAATGGCATGCGCATGTCCATGCGATGAAGAATCAAGGAGCAACTAGAACTATTAGGTGTTCGCGTTAAGGTGGAGGATACACCTGGCTGGAATGTGCTAATGACACTCTCTGATGTTCGGCAGATCTAGGCTTCATCCGCTAGGTAAGAGGATTAGCGGGATTTTAGATCTCTTCTACTTTCTGATTCTTCAATACTTTAGGCCAAGATTAAGTCCGTCTCTCCAACGGGCTAACGCTTAGAGTCCCTCGATTTTAGGAGGCTTCATCCCGCGCGGTCCCCGATTGCCTTGCTCCCAAAAGGGCTTGAGAGATCGCACAGATGTATTCCTGAAAGAACACGATGTAAACTGAGGACCAGTTATGAAGTGTCGACCTATTAATAGAATCCTGAGCGCTGTTGATATCTCACCCGCCGGAGTCTTATAAATCGAGCAAACGGTTGCGACTTCACAAGGCCGGCTGGGCGTCCCTCATTTTAATCGTTGGACGTTGGCGGAGCCCGTTGCCGAAAGTCATTCAAACAGGTT,1643,48.39,Homo sapiens
SEQ_609517,TATGCTGTATATTCAAGCTACATACATGTTGCCCTAAGGACTCTAAAACTACGTGAACTTCAAACAGAAGTGGTTCAATTCCCATCTGCGGTATTAGAACGCGAGGCAGACTAATACGTTTTAGAAACTAGTCAATCTTGTTACCGGTGGAACATTGGGCTTTGCCGATATGTCTACGGTCCACAATGGGGTGCGCCTTTTCGGACTAGTGAATTACAGCTTGACTTTCACGGTGCGTTGGTCTGACGTCAACCCCACATTAGTAAGGCTAAACTACGGGCCTTTGAATACAACCTCCTGAAAGTGTTACGGTGAATCACAACCTGCGCACGGATGCAGGCTTCTGGGGTTCTGTGAACACTACCGCCAAAGAATTCTCATAATTCAACCATGCGGGGCGGGTATACTGCTTTATTGATTGCCCAGTTTGCCCGGTGTTTACAACTGTAATAGGGGGTCAATCTTAAGTGCGCGCGAGACAGTTTACACACGTCTTGAGGAGAACGCACCGACCAGAAGCGGAACGTAAGAAAACCGATAAAATGCTAACTGTCTAATGATTGACATTAACAACTGCGGCCATGAACTCTGGGACTGGGCTCATCGGGGAGAGCGCTATTGCATACTAGTCGCGTTAGTTCACTTCTCATATTCATCATCATGATAGGAAAGAGCCCCTAGTCGCTGACCTGCTTTACTACAACAGTATACCCACTTGCGGCAAAAGGTAACCATTGATTCGAACGGGAATACTTCGTCTGATGCTGGCCAGGTAGGTTACTGGAAAAC,789,46.64,Arabidopsis thaliana
SEQ_250251,TAGCACATGTCCCATATTATGTTTCAAGTCACGCCTATAACCACAAACGCATCACAGGATCATGGTGCAGAGTACAGAGGCACAACCTGTCCGGTGCCGGACCGTTAGTTTTAAATGGAGTGCACCAACATTTCCACGCCGTCCTAATTGTTTAATTCAACTGACTTGCAAGGCAATCCGCTAGACCGCGAGCGCTCTAAATGTCTAAATAAACTAACATCTCATCAGAACAAGAAAGTGCGAATAAACACGGATACTGTCTGCCTTTTTGCACGAGGTCCGAAGTAAGAAATCCGACGCGCGAGTTCGGTGTTGGGGGAGCTCGGCGCTACTACGGGCCATTAGAAACTGGACGATATAGATACACATGACGTCATAACCTTGGGAACCATCATATGACAAACCGACAGGCACAGGAATCGCAGGAAAGGCATTTACATATTGTGCGACTTGAGTGCGAGAGTGGTCCTCCTGGGCTCCCAGCACATTATCCCCTCCTACTCAACACATTATGATCTACTGCACCTAAAAACGACTCTTGCGAATTCGCATTACATCCAGGCTTGACCTGTGTATATACATTGAGCCAGCTGGGACTACCATGTCCTCGACTGATTGTCTGCATATACCACGAGCGCGGCAAAGGACGGTAATTCAGTACAAGATACATGTCTACATGGCTGGCGGGGTTCTGTCAGCCATAAATGGCTGTTAAGAGCCCGCGGGCCATGAGGCCACTAGCAATGCGAGACATAGAACACGGTTGACATGCCTCGGGTTTTCTGCTTCTCCCTCTAGGCGGAGCCATGATCGAGGGTGACCACCACTACCGCCTTGGATAGTATCCTGTTCTGCGATCCACAAGCAAATCCCGAGGGCTTAATTGGAAAGTATACGGC,899,49.28,Escherichia coli
SEQ_626027,GATGACTGCCGGACACTGTCCTCAAGGTCAATATCTAACTGTGAGAGTCTTGCTTCTCTGCCATGCATTCATACATATCGGGCAGTGGCTCGCAAGGGGGCTTGCGGGTCTACTTCTGACAGATCGGTCAATATTCTATGAAAGGTTGCTACGGGCACCCCAGTCATATATCACAAAATGCTATTGTACCGCCGTCCTCGTTCCTGTTGACGCCCACCTAGAGGGACAAATACTTATGGAAGATATGTGGCCGCGTTGCGCCACCGGACCGCCCTAACGGCGAGTTCATTCTCCAGCTTCGGGCCATTGACGTTTCCGCAGGCCGCGCGCTCGGATGCTATGAATGGTAGGAGTCTAATACGTGATAACGTCGGTGAGAGATTAGCCTGATTCTCGGGGGATAATTCTACATACAGCATGCGCAGGCTTTTTGTCACTTTATTGAGGGAGTACAGTGTAGAGTGCCGCGTCTGTCCGTTATAAAGTCTGAGACTCCTTCGATTATCTTCTGCTGTGTTAATGCCTTAATATCGCACGATAATGAAGGAGGGCTATCGTCTATAGACGTACGCTCCCTTTTTTGTACTCAAAGAGTTTGAACGTGGGTTAATTTTTACCTACGGTCGTTCGGGGACACACATCGACCTCAGTCGTCAAGAGCCTTTAGTATGCCGGACTACTGAAAGGTTACTTAATAGGAAGTCCTGACGAAGCGCTGGGACCCAGAGCAAATGATGTGCTCACTCTTTACTGACGCGCCCGCAGAGGCAGCACACAACCTCAAAGGTCGACAAGCATCTGCGATGTACGCCTAAGAGGACAGCACAGCTCAGGGTAGGAGCCGTGGCACCGCAATCCCCCTATCTTTTGTGATTTAATAAACGTACGCGGGATCTCTTACTATGGACTATAACCCAGATTTACTTTTTTTTTAGATGTGTCGCATGTAAGAGTCTCGGTTTCGTAGTCTCAGAGATATGGTTTCTGTCTTTATAAAGCAGAATGTCCCGCCGCTGTAATGAGTCCAGCAAGTTTCCCTCGGCAAATCATCCTGTCCGACGAAAGTAACGTCCGCCATGTATGAAGACGCGATCAAAATCACCGACTTATAGACTAGGGCGCGGTGAGCGTCTTCGATGCCAGGCGCTGTAAGCCTCCAGACAAGGCTTACAGTGGTAAAATGCGAGAACGGCCGGATACCTGGCGTCCTGCATTTACGTGTGAAATGCAGAACTCTCTATGCTGGAAGATGCGATCATAATGGGAGGCCTGTGGCGTCACTTCATACTGTAAAGGGCAAAGTATGGGGTTTAGGCGTGAGAAGGATTTCAGCTAGACCCGTGTCCGTCGGCCCCCACCGTGGGTGAGCGGGGTCTGGACGTTTGGTATCATCTAGCCTCAACTGAATCACTGTCGAGCGAGGATACAAATGTGTATCTCCAAATATATCCAAATGCTAGGTCGACACAGATGAAGTTGTGTGTCACACCCGCCCCGCTGTGTTACCCCCTTTAGCAGGGGTCCCATGCGACTGCCTCTGTACCAATTCGTGTTGGAGAATTCTTTTAGGTGGGATGAACAACTTGTAGTCGGCTAAGTATCTTGGCTGGAGGGTCGGGACAGGGACGTCCTTGAGGTGCACCCTACTGATTCAGGCGCGTGTGCAACGAGAAAATCGCTATAGGGAAGTTGGGAGGCGCGGGTGACGTCATTATGCCTTAGGTCGGATAAAAGCTAAACGTACCCTCTTAGGAGTAAATATCACAATCTTTGCGTTACACATGACAGGTGTCGCCTAGCACCTGCCGTGCCG,1813,50.25,Arabidopsis thaliana
SEQ_962778,TTAGCTATAGCAAATGTTAACTGGGATACGATGTCTCCACGATACCACCCCAGCAGGAATAAAGGATTTTAAATGTTGGTGTTCCAATTTAAGCCCCGCAAAGGGCGGGAAGACCAGGGGTCAGGACGAAGCAGTGTGATATAGTTAAATGTTGCCGAGGTCACGACAAATCTCATCAATCCTCATCCCGGCGCAGACGCCCTTGAATGCACCTCAACGCGGCAAACAGTGAGATATCGGCGCGGAAAAAATGTCAGCACCCGACGTACAACGGATCTTAAAGTGATTGGTTTGTAGACGAATGGACGAACCCGAAAACTTGAGCCATATATAGGACGGCTTCTCGAACCTCGATAAGCTGCAGCAATAACTGAATAAGCATGTATAGTCCCTGGCCACCATCATCAACTAATATACTCACAAGTGTATATATTGTACGCAGTCGTATATTGCCCCTTTTCAAATCTTTTGCAGTAATTGACTCAAGTCGTCCAGGACTCTTAACACCGGACAGGAGGATACTCTAAATGTATATAATCCAGAGATGGCGTGCAGGTATCTTATAGGGCCCATTGCGCGCTAAGTGGGCTTCGGCTCATCGGTTTCATTCGGGACAACGAGTTTGTGTGGTCAATTAATCGCTTCACCAAACATCAAAAACCATTCCATTGTGATATTCGGTTTTTTGTAAGAGTGGTAAAAATAGGGGCCTAGTGAATCAAATACGCTTTCTCTGTAGCCCTCGTGTAGCAGGCGGTCTGAAAACCCTCGTCCCAGGTGAAGTCCGTGTGGGCGACCGGGGAACTCGTTAGTGTCTGCATATTTGCAGGTCACAATGGCTCTAGTTAGCAATGTACACTGCTCCCACATTCCCGTCCTCTGAACATAAGCACTCAAGCGCACCAACCCTGAGTGAACAGCATGCATGATCGACCAATCGCCATCTGTTAACTCGTCAGGGTGTCAGGTTATTTGATGTCCGCTGGTTTCGGCGTCTTCTTACCGGTCGACTATCTTCTTTAGGCCGTCGTGGGTGGAGATGCTTATCAAAACGGACTGGGGCGCAGACATAGCGAGGGCTCGCGCTCCTGCCGCCACCCACCTAGATGAGTTGCATCTTCCCCGATAATTCCAAACTTTAGTTGACCACGTATCAGGGTTATGTTGCGGGTACGCGTAGGGCGTGTTCTTTTCTCTCGCTGAAGGCCTTATCATGGGGGGTGCTGAACTTCCTCTTCTACTCAGTTTAATATAGTGTGTACGCGGCTGTGGGGGGAAAATTCGACTAACTAATCCTGTCGAGCTGAGGGAAAGTACTAGTACTGTGCAGGGTGCAAAACACCGGGCTCGGGAGAGAAAGGCACTAGACGAACAGCATAGTTATACAAAGTGCTCCCCGCTTAGGCGAGGAGATATTTGCAGGTCCTGTCGGGCTCTTTCACATGACTTTTATCACGTAAGACTAGTATCGACTAATGACTGTAGCTCACATCGGCCATTACTCGACGTCGACATAGTATCTCGCCTACGATGACTCAATCATATAGGCCTTGAAGGCGGGCATTTTGCCTGGCAGACTGATAAGAGTTCTTGGACTTGGTACTGTGCAATCCTT,1615,48.3,Drosophila melanogaster
SEQ_484841,GTCCACTCCCCTTGTTCCAAAGTTCCCGGGCACGTACGTGCACTTCCCTCTGCATGACTTACTAAGTAAGTTTGCTTTCACACATCTAGTATCTACAACTCGCCAGGCTTCATTCGGCCGCCCTCCGCACAGCCAGTAACTTGCTATATCCAAACACTCCCGAGGGACAGAGACAGTATTGAAAATTCGTTCAAGCAGTAAGAAACTTAATTGCGGGTTCACAGTAAGCGCAGGAATTCCTCATACCTCTGGGCGGTCTAATGTAGTATTCCAAGTTCGCGGAACCAGTTACAGCACATCTCTTGTACTCCTACACAAAATGACATTCGACCCCTTACCTCTGAGGCGAGGAACACACCTCCGCCTAAAGGCCACACTCACAAATTGGGCATATCAAAAGTGGGTTGGTCATTAGGCCGGTGCAGATTTACGAGAACGCGTTCGTAGGTTAATCACCGGGAGGGCAGCGTTATATTAGTCTAGACCGGGGTTAATTTTAAAGAAGCGGTCCCTCGACGGAAACCCTCTGGAAGAAGTGTGCTGCCAGGTGGGTACTAGCACCTCCGAGTATTAGCTATGTCAAGAGCGATAATTAATGGGCGTTCCCTTAATTCGCTGCTGGCCCTCACTGGGACCCTATCGTCTAAACGTCTTACGGATGGAGTCAGGCGGCCAGTTGGGGGAGATCCCAGTTATAGATCCCTGAATTACGGGATATTACTTCACGACTCCCTGCCCAAGAGAAGTCGTACGCCACATATAAGTTGTGTTCTTCATGTTAGTACTAGGCGTTCGTAGCTGGCCTGAGATTCACGTACGGGCAATCTATACAACGCACCAAAATACGTAATCAATTCACGTAACTCGGGGAATCAGCCCGTCAACGTCCCGTGGTTTGGTTGTCCCCGCACTAGTCTCTTCCGTGCAAGCTCTAGCGATAAAGTTTCGC,949,49.63,Arabidopsis thaliana
SEQ_587846,CCAACAAATATGCTGTTGGCGTTATAGCCCGGCTTCGATCTGAGCAACCGCCACAGCTCCATGGCGCGAAGACAGGGACCCTAATCTCCTTCCGTTCGAGCCACGCGTGGCAGTGTTGAGTGTTG,125,56.8,Arabidopsis thaliana
SEQ_109474,TCGACCACGACCGCGTCAGACCCTTCTAGCTCTATCGCACGACAGGCCTCAGCGTAATGTAAGGGAGTCGATCCATATGACACATAAGCCTGGAGAAGGCTAGTAGGTCCAGTCCGATACTGACTTCGGTATTGGCTCATTAATCCGAGCGGTGGAGATGCCGACCTAGGTTCTACTAAGCGTCGACTGCCTCGTCCATGCCACATGGATACCGGACGCGCGCCGCAAGATTCGGTTACATCCACATCGAGGGTGAGGTGGTCCCTAGATTCCCAATAGATTCACCTATCAAACGGAACCAAGACTTCCTAATAAATATACAAACGGCCCACGGCGGCCTTCGTCTCTATATCGAATTTGATCGTAGTTCTTATATGGCAGTCCCCACCCCTTCTGGAGCCGTCACAGCACGAAGGTGATGCCCCAAATCAGGCTCACCTCAGTTTGGACCCCCGAGCAGTCATCAGTACGGGATATGCGGACTACTAGCACCGATGACCGCACCACACAGTCTTAGTACGATTACAAACGTATATTTTTACTTTTGTTGAATGTGAAGTAGTTTCAAGCACGAGCAAGGAGCTGTGGGTGGCTCCTACCGTAAGAGGCCGTCCACTCGGAGACCTACTTTACGATTTAAATCCAGCACGGTATGGCTAGATTATGTCCACTGAGCTTGGAGAACCTGGAATTTCCAGACTATCGAGCTGATTACGACGACGTAATAAGCCAATGGCCCACGATCATCGGTAATTTAGTTTTTAGCCTCTGTAATTTTCCATTGTACGCAACAGAAAGCGGGGTTTTAACTGGGACGCAGACCCAGGTCATTAACGTCAATGATTATGTTGTATGCCGAAGCGTGCCTCATGAGGCTTCGGTAAACACAATAAACGCATCTCAGCGCGTTGTAGATCCTCTTGAGCTTGCCTTATCCTATCTTTGTCTATATCGCGCAGCGCCCATAAGTGCAGGTGTACTCTTCTGGGACTGCTCCGATCACTCCGCGGCACCTCCCAGGTCCTCTAGTAAGTTCAACCGCTCGATATGAGACTACACGTGATTGAACTCTAGAGCAAGGTACTACGGACAAACGGATAAAAGGCGGAATCATTATGCTAGAACTATAAGACGTAGCTCGCGGATTTAAGGGCGTGAGGATTAAGATCGTTCAATTCCTGGAGTACACCTTGCGCTAACTAACTCTTATGGGAAAGGGATATCCGAACCCCGAAGCTTAACGGAGGATGTTGGGCGAAGTGACTGTACGTCTCGTCGTCGTTGTCTTATTACGCACGGAATAGTCAGCCGCTTAGACTCAATAATTGACACTAGGATTGGATCTACTAAACAGAGCGGGCTATATGCCACGTGTGGTAAGAGAGCTGCCTATGCCCGGATGTGCGACTCTGCTGAGTTAATGTTCGTCCCTGCGTGAAATACATGCATACTCACTCGAATAACGTTGTTAGCGATGCAACCCCTGAATCCCATCGCGAATGCTGGTTTTTATGGGTGACGGATCCTAGGATAATTACCGTCACGTAGATGACGGTCGAGCCTGATAAAAATAAACCGGAACCAGAGGCTTGCCCGTGGCAATCGCTTTATATGAACTAAGCTTCGCAATTAAAGGGCTGACATCATAGCGTCCCGAGGTTTGGAAATTGCTAGATCCGCTATATCATAATCCATCCCCTTTGTCGCGTCCCTGTACTGCTGAAGGCTTAATATCTGGGGCTCCTGAAACGGTTGCGTTTGGCTCCAGATTAACCCCCGCAATATGTATTTAGCATATAAGACTGGGTTGTTGCCTGGCCTCCCGTTATAATAGCATCGCAATATTGGTCGCCACCGTTGTGCCCTGATCTGATTACCGATGCTCGACACTACCGCTCCCCGG,1903,49.19,Mus musculus
SEQ_400767,GCACACGCAAAACCCGTACAAAACTGTACTATCTAAGGATGTGAAACTCCGTACGTGCTGGAATCAAACCCATTGGGCTCCTGATCTCTGCAATTAAATCGTTCTTTTTGGAAATGCGTTCGGTTTATCTGGCCTGCGCCATTCCTAGCACTAACATCAAAAATTTCTAATACTTAGTGCCCAGCTATCGACGCATCTCTATGTAGAGGATTCAAAAGCTCCACGCACCACCGTTTGGTTCCCCCCAACGAGTTAGGGGTGTAACCTCTCGATTCACATTACGCAGCGGGGCCTCACGTCTCCTTTCACTAAAGGTTCCGGCCACGCAATAACCACCTCATTATTAATGAGATTCAGTAACCTGAGTGTAGCTTACGAGTACAACGGGCTGCAGTACCTCATACTAACCGGCGACCTCTCTATTGTGGGTGCCCCGATCCCGAACCCGGTAACAACATAACGGAATGATGGACCTCGTACAGCGTTCAGTCAATGACGCTATATCATAGCCAGCTAGTTAAACGTATACGCGCCGTAGTCT,541,48.06,Saccharomyces cerevisiae
SEQ_698117,ACAAGTGACCAGACCATATTGGCCCAGAAGGACCTGAGGATGCCCGTCCATGTTCCGAGCGGTGTGGTCCCTTGTTGTCTGACAATAAGTTGGGCCCCGCTCCAACATCGGTAATCCATTGACAGAAGACAAAGTAACGTCACCGTCATGCGGGTGTTTCTGACAACACGTTGCGATGTGCGTCAAGTATTGCCCGTCTATCTCCGTCATACCTACTTGCGTACAGTATGTGCTAGGCGAAGTACCCAAGCATCGTACCAGGGGACTCATACTCCTGCTGCTTAGTCTACTTATTGAGGTCATAAGCCTCGGTGTGATCGAATGACACAGAGCATAAAACCATCGCTCAGACAGCTTTACACAGCTAGACAAGCCACCTGCCGTCCTCCTCACAGTCAGTATACTCGCTCTCACTGCTTATTATGTTGACGAACTTTAAATTCGCGGTAAACTCCTCCCGCTGGGGATACCAGCGGTCCCCGGTTTTGATCGATGTCGAGTAGACCCGAATACATGCGGACGGCGGATGCGTAGCTTGCAAGTCGCTAACACCGCATTTCCACGAGCAAACTGGACTACGACCCTCATTATCACAAATCTCAACGGATACCCCATTGACAGAGAACCGTGTAGGAATGACAAGAGGACTGAACCTAACGACTGGATAATGCCACTTCTCTCGTCATGCAGGACGGGCCCGTGGGGTAGGTTTAATAATGTTAGGTGGTCACATGCTGTACTACTGGCACATGTTGTGGCTTTACAGCAGTTCCGTCAGTCCCATATAAAATCCTGGTAGAGTGACCAAGCTGTAATGGTGCCAAGTACGGCTTCGTTTTTTGCCTTACATGATCTGTTGCAGGTTTGCGACGATCCTGGTCTTGATTCATAGTCTAATGCAACGCGGATAGAACAGCACTGGGGTTTAAACCCAAGGTGTACACATTACGCACGATTTCAGTAGCGACTACG,972,49.79,Drosophila melanogaster
SEQ_881636,CAGCGTGGTCATTGCCGACCCCGAGACCTATGTGTTAGCGTCATCAAGTTATTGTATGCTACTACCGCGGAGAGCCCTTAATTTTTCCGTTAATTGAGACCTGTTACAAACAGACGTATCTTTGAGCCTGAGGGGAGGCGCGCATCGTGCCAATGCCCGGTCGTTGACTACATGATAAACCGTCTGGACGATAAAACACCGTACCAGAGAGGCAAATGCCTGCAGTTAAACCCAAAAATTTGTGGTACCTGTCCAACAAAGGATTGGTACCTCCTTGTCTATTCCAATTGATTTCGTGGCGACATAACAAGGGAATAGGAGCTACTGATAGTCACAATTGGACAGTAACCCTCGATATACCGCCTATATTCGCTTCGACTGGAGCTGGTGTGACAAGGCGTGCGAATAGCATAGTGCACTATGGGCCGAAGGGGTGCTCTATCAGCATTTTAGACCCTGAAACCATGTTTACCCACATTTTTACCGATTCGCTACTGCAACCTTGGCCGCTATTACCAACACACATTGCTTCAATCGAGTTCCTCGTCTGCTGAGGAACGCCAGTGCTACATACTCGAAGAGAGCAGTGAAGCTCGCCCTGCTGGTCACGAATCCATTAGGACCACCGATTAATTACCTTATACTGTGCTGGATAGAACCCAAGCCAGCTGGCGTCATAGCGCAGGTTCTGATTGCACGTGCGCGACATACCGTTCGTGCTCACATTAGGGCGCCAATTACCTGTTACTTGCGCTTTTCATGGGTGAGATGTCCCGGTCGAGAGACTACCCCCGACGCCAGGTCCTCTACTATAAGGGTCCCCTCTACACCTTTGCACTGCGCCCCATAACATACCAGGGTATCCTTAGGTTTACGAGAACCCGTCGATTAGATAGTGTTCACCCTGTCGGAGGAGATCAGTAGGTTAGCCCCGGGATCGAACAGCTCGACCGCTAACATCTCCCCTACCTAGATCGTGTCCGCAGAAAGCGCCTTGACGGACCCTTCTTTTGGCTGTTCAGTCGGGCGTTAAAAATAAGGAACGACGCGCCCAGCCAACTGACGTTTTAAGCGCACACCGCTCGGTGTGCTTACAAGCCCTCATCTCGTTTCAGTGTCTTAAACAAGTTGAGTGATCACTGGATTCCACTGTATTTAGTCCGGTAGCAATTGCCAGACCTTAAGGCACGTCATGCCTACATAGTGCATGGTCGCATTGAAACGCTGGTGGTGTTACTGGCAGAACTGGGTGCAAAAGACATATTGCTTGTCTCAAGGGCGCCATGACGGCCATGCTGTGTTCTCAATTGGACCCTCGGCTAACCTGTTTTGGCCGGTGTTACGAATCGTGGTATTCCGACTCTTCTTCCCCTACTATGATCCGCACAGGCTGTGCCCCAAATATTAAGCTCACATGGACTCCGTTCTATTTGCGACGAGTTGCGAACGGTGGAGGGTTCACCATGCCGTCGCCGGACCCGCCCTAGAACTCAGAGGTACCCGCGGTACGTCATGGCCTTGAGCGCGAACCCAATTAGGAAACGGACTTCGGCCTAACTTCGGCCCAGGTCCGACCGCTTTCCCCTCTACCTAATTTGTCGTACTAACAACCATTACACGTGAGGATGCGGTACACTTGGCACTACGAACCATATAATTGACAGCATTGGCCTAACATACCTTGACTGACCGGGATTCACGCAGGTTAATCTGATCAGGCCGACCGCTACG,1731,51.24,Caenorhabditis elegans
SEQ_936940,CTGTCCCTCGGCGGCGTTTAGATATATTTCATAACATTCGCTGGTCTGGACTGTCCGTCGAAGAGGCGACGGCAATTTATTGTCATCGTTCGAACTCGTATCTTAATGCCGAGGCCTGTAAGCCAATCGTCTGAGCACAGGGCGCCAAGAGTCTGATTACGCCCAAGAAATGTTGGCAAACCTTCGCAGATTGAGGAAACGTATTCTACTCTGATTCTGCCGGTCATTTGCAACCTGGGAGTACATTTTTCCGGATATGTGTGACTTCAAGGAAGGGGTTAGATCGTCATCAGACGCACATTTTTAAATGGACTAGAGCGGCAGTATGGTAGTACTTCTAGGTACAATGTAGGCGACTTGAGGAGCCCCGGTTACGCTCTGGGATGTTTTGAAGACGGGGCCTACCAGGAGGTTCAGTACGATATCGTCTTGTGGTGTGGCGTTTTGTTTAAAGAAGTATGAAATGTCTATGACGATCGCAAGGCCCTAGAATGAGCAGGGTGCTGCTTCTGCGCGAATTTTCCTCGTGCGTTCGGCCCCTCGTCAGACTTCCAGCAGCGGGAAAAGTGTCAGAAAAGAGGGTGGCGCAAAGCGAGACAAACGACGGTTGGCCAATTTCGGGACCCTTGACCATTTTCCTTGGAAGCTCCGCTAATTCCATTATAGGAGTCTCTTACGGCGTATAGGCCAACCTGGATTCGGAATTATAGTCTCTTCCCACGCAACGAGCTAGGGTGTACCTAGAGGAACTTCATGCTAAGCCATTAGGCCAGTTTGTCTCGTTTTGTCTTGCTTCGTTTCAACATCTCAGTTACCGCCCGCACCACGGTCCTAAATGGGATAGCACGGAAGGCAAGTGAGTCGGCTCGCGAAATAATACCTACGTGTTTCGTCCGTCATTCAAGGGTTTGATGCGCGGTCGAATTTTATCAATTAATCTTTCCAAATCTAGAAAACTAAAATGCCCATGGCTCAATAAGGTAAAGCAGGACTTACGGGTGTTAGCAGTCCGCGTCGACACGAACCGCGGCTTTCATCCGCAGGCGGTCAAAAGAAGGGCACTTTAAGCTCCATAGCGTGACTTGATCGGACGCCCACAGCGGTGTCGCTCACTAGACCGGTTGGTACATATATTAGCCCACTTCGATGCTTACGGATGCAACAAACATGCACTATAACATGCCGAAAAATAATCCTCTTCGTCGGCAGGCAGATTGCTTACAGGAGCGAGGTCAACATCTCGTTACTTATGTGGGTAAATCTAACCCATAGTGAGGACGTCCGGAATTCATGCTTCGGACTTGCCGCCAATAGGTGTTATCCGTTATAGACGTTTACAGCGACCTTGGTCAAAAAGAGCTGCTCTCGCGCGAAAAGCCACTCGAGAACATAACGAGGCACGTTCGTCTGTCTCACCCAGGCTTAACCTTCTCGGATAAGAGTTCGGTTGCCCGATCGACTAATAAAATGTGCGCCGCCACTGCTTGTTTTTAAGTCCGAACTCATGGGCAGTAGATCCAAATTGTAACTGAC,1533,49.05,Drosophila melanogaster
SEQ_393386,TTACTGCTATGCTTCATTCCGAGAGAGTATTTTTCTGATTGCATGTTGCAGTACCACGCGCGATCCCATATGACCCTCTAGTAGGTTAGTCCACTACATGGTGTCCCTCAATCACACTTACGGGCCATGCCCGCCCTGGGGCGTTTTAGTTTAATTCAGTAATGAAACGACCTAGAGTTCAAGCTCATATTCCATGGACCGATTCACTTAACTGCCGTGGTCCACTTTTCATCAGAGTTTGAACGACGGCCTTGAGTTTTTAACCGCAAGGCACCATAGCTCCGCCCTGAGTCGCTAAACTAACTGTATGTTTGCCTTTAGTAGTCATTAGCGTCCAGGATAGTTTTCTGAAATGAGCGTCTGTCGGCCGGTCTGTAATCCATCTATCGAACGTACCCTGTTTGCAACTTTTCCCAATTGCCAAGTACTGGGTCGCAGCCTAACTATGTGGTCGGTTTGTGGTACGTCTTGGTTTCAGTCTACTTATAATTGGACTTCAGCTATAGCATATACTGCCCCCGTAGGACCGGTGGCGCCAAAGCATACGTGCGTGTAGTTAGACGTGAGAACGCAACCTTGATTTTACAGCGTTGATGGAACGATATAGCTCCTTCTAGCAGCCTAAAGAACGATTAGATAAGCGATGGACTTTCACGCTACCATAATCGCCGAGTCTCGAGCACGAGACCAGGATTCCCCGTTGTACAGTTCGGTAAGCGAAAACGAGGATCTTGGTGCCGTGGTCAGCCATGCCAAGTAGAAATAGGGTGTATCCGGTGATGACTAACAATCGACATATGTGCTGGCAACCCCGTGTAAGTGGCAACAGATGCCGGTGTGTGGACGCAGACAGACGACACAACTCGCGCCAGAGAATGTGAAATCATCTAAATCAAACACTAATGGTGATTTCACTACGAAGGTTAAAGGGTTGAGCGAAGGCATCACTAAATACCCCCACGCTGATGTGATTCTTTTGCGCGGCTTGTAAAAATGAGCCGTTTCTCGGCAAGTACTTCTATGAGGCACGTGTAAACATAACAGACCGAGTTCTGGAGCGGGAACTTATAGCAAGCTTAACGCTACCCATCATATTAGAGGATGTGTTAGCTTGTTGGTAGTCCTGCGTCCGGCCAACCGCTCTACTAGGTCAGAGATCTACGAGAGTGAAATTTGGTGTTCAGGGCATGTAGAATAGTCTCTTGATCAATTTTGATTGGCCATCCACCTCCTACCGGGGTAGTAGTAGTCTTGCGCACGGCAAAATTGATCCGCGTCCGTTTGACAGATAATTTGAGATGCGCACCGTAGCACTTTAGCAGGACTGAGGGAGGTTCTAATGGCACACGAGCCGGAACGCACTCGATATTGCACAGGCTCGGAAAAACTGGACCTTGTAACACTGGCGCTGAGGTTGCGCGCTCTTTAATTTAATTTAGGGTGTCTTACGCGTTCTGATTCAGGGGACTTCTTAACGTTGGATAATCATGTGGGCACTAGGTCTCATCGCCGCAATATGAATCACGTCCATGTGTTAAGCAATGCATTGTTAACGAATACCGGTAAGCGCCGCCTTCTTTAATTCTTAGCGGTAGCACCGATGGGAATCAAGTAGCACGGTATCGACTCTCCTACCCTGCAGTG,1644,47.99,Caenorhabditis elegans
SEQ_310132,TAGTATCCTGCGAATTAGGCTGTTTTCTTCGTAAAGGCGGACGGAGAATTCCGCGCCGGGGCGTTAAGGGAGGTTGTATCCGCCCCCCTCATACTCCCCGGCAGAACATGCCAATCTAATTGACTCAGTTTGCAAAAACGATGCATCACCCCTTGATTAATGCTTGAATGCAGAAATAATGAGAAGTTGGAATTTTCCTGGCGGTTTGCGGCCCTGTGTAACAAATAATCTTAGTTATAGAGTCGGCACTACGGAAAAGACTCGGGATTGTACCCAAACGGGGCGTGGTGGGCACGGTTGTCAATAGAAGGAGTCGTAGACGAGCGCGTATCATAAACCACTACCCTGTGTACTCCGCCGCTCGAAGCTGTGTAACTTTGTATTCGCTGCAACTAAAGTCGCACTCAGGTCGTTTCTCGTAAGTATTGCTACATAGAATGTCAACCGCTGGTCTTCTAGGTGGCATCTTGGCACCTCACTTGTCACTTGGATTCTACGACCGCGTTTAGTCCTTGTCGGCCGGATCTTACCGCGTCCTGAGGAAGGAATCCCATAGGCGTGGGGTCTTATGGCTGTAGCCATTACATTAATCAGACTTTGGAGTTCAAGGACAACAATCACAACTCCGCGATAGAAATGCACCTAACTCAACCTCCCAGTATTTGGCGTCCCGATTTATTCCATGATGTCACAGACAGCCGGGGAGTCTTTTTTACTGGCGCCATACGAGTAGCCACGTTATGAGTGGTGTCTATAGGCTCACCCTGAGACTAATATCACTAGAGTAACCACCTACTAGCACCCCTAGTCACGTAAACTCTACTGTCAGATACGGCAGGACATAATACCATCAAAGGACATTTCTCAACATCCATACCAGCTCGCACGTCCTACTCTTATGGGCTGACCCTCGTTATCGGCAAAGTCTGGCAGTGGGCTCGCGCATAGGGACCGGGTACCCCCCCTATCTGCTCATTGCCTAAGTGGGCTCACCGTGCTACTGCCACCCACGCGCGTAGCTAGGTGGACAACTGTATAAAAAACAAGCTATCGACATGACGCCCTACTAAAAACGCCGAGGTCATGGTGTTGAGCGAAAGAACCAAGACCGTGCGTTGTCCCCATGATTCAGTCCAAGCGAGTTAAAGTGATTACCAGACCCCGTACCTGTTACGATTCGCCGTGCAAGGGTAAACTAAGTCGCGGGGCAATTGGCCGTTCTGAGCCATTTCGGTCACTCAGGTTGTAGTGTTAAGAAGCAAACCTGGATGTCTTGTACAGCCACAAACACGAACGACGATTCGCGGCGTCCGGGACTTCATTCGCTTTTATTGCCTAGGCCTCCCCTCTGTCCTCGGCGCAGGAAGTTTCATCGGTCTAGTCTTATCTGAGTCGTCGCCCAAGGGGACACCCGTGAAACGCTCGAATAGCGCCGTTCTACTGTCGACACGTACAGCAGTGGCTATCTTAGAGCGATGTGCAGAATCCGAAAATAGGGCTGGGCATGGTGCCGCGCCGTTATATTTGTTACAGATGTCTCTTACCTTTAACCGGTACCGGTCTAATTAGGGTCATACGGATACACTCGTCAAATTAGCGCAAAGCCGCCGCTCAGACTACCGGAAACACAAGGCTGATAGTACTGCTGCGTATCCGGTACCCCATCCGCAGCGCGAGGCAGGCTCGTAACGTTTCTCCGGCTGAGGAGCTGCACACAGGGAATCGGCCAGTTGATAATATCTGTCAGGTTCACACTTATCCACACACGACCCGAAGATTGGCCAATTATGGAGAAAGAAACTACCCTCGAGCGTAGCTATATTCTAGCTAGGCTGGCCCGTATTCTTGGTCACTGGCCTGTTAAGGAAATCTTTCGCGGCCTCGTACGTCATCTTTGCGTGAAGTG,1906,50.89,Escherichia coli
SEQ_360039,GTACGGAATGCTATAGGGCGTAGCTACTGGACTTGCGTCATGTTAAATTAAATTTTGTCTATCCGCGTTGCACCAAAATAGAAGTAAGCTTAACCTCAATGAGTGTTACACGTTTACTGACTGGCAAAGTGGATAGACCCTTACGCGCCGAGGTCAACCGACCGCTATCAAGAAAGTGTCCCAGTCTGACAATGGACCCACAAGATAATACCCCAGGCCAATTAACCATACAGAAAGTCATGGTAAAGGAGTTCGGCACTGCTGCGAATGGAGTAGATCCCCCCGCCAGATACTCGGTTTAGATCGTCGAACAAGAACCCGCGCCTACGTCACAGTACATCTCCACCATTAGTCCTTCAGGTAGATACCCGTCAACTGGCTTCACTGATACGGGTGTTGTTAGACCTTATTAAAGACAATTTTCCCAAGTAGACTAAGACTAAGTAACATATGCGCGCACCCTGTAAAGTTGCATGCGCCGATCGTGCTCCTAAAGGCAGGAGACGGATTATCGTATATAGGGTTTGATTTTTTACCTCTCTGTTTTGCAGTGATCGACTCGAGTCCCTTACGAATGTGAGTCCACCTGACAGCCGTCTACTATGAACATGTGCTGCTATGGAGGTTGGGCGAGCGAGGCCCCCGATAGCGAAAGAGGACATTGGCTTACACGACCAGGTCACCGGACGAGCGGGCTAGGTGGGATCTATAAATCACACACTGAAACGACCTGTGTT,737,48.3,Mus musculus
SEQ_732349,GTTGGTATGTTAATTCCAGACATCTCGATTTAGTGTGATACCAACCGATTCCGGAGCCATGTTCAATCCGAATATTTTAACGACATGGGATGGACAGTCCATATGTGCAGTCTCATCGTTATTGCGGCTAACCGTTTCTACGATACAGCAATCTAATTCTCTTCGGGAACCTCCGACGATCGGCATATTAGGTATCCGGGTCAAGGTCTCCACACGTAGTCGTTGGCGGCTCATGAAGACGCGGACACGAATAGAGGTGTGAAGGCTATTAGGAGCCCAGAAGAAGATGAATGGTATTGCTCTAAGATCCCAAGTAATGTCGATTTTTGACAGTCAGGGCTAAATGCCAGACAGTCAGCTTCCATGCGATACGTTTAACAGCGGACACCGTTATGCCTTTTCAGGACATTTACCCGACCCGGTACGACGCGCCTTCGTTGCTCCTTCAATCGTGTCAGCTAAGCAAATTAAGGGTATACGCTCTTCTTGCTGCTCCAGTCTCCGAGGGGCGTGGCCTCCTAATGCCGCCGCCAGTATAGGGACTTGCGTAGGCTTTTTATTTACTTGTGTCATTAAGACTCTTTGGAATATCAACATTGGTTAGTGGGCCATCCTTCTAGGAGTTGGTCAAGTAAAGGAAGTGGGTTCGCTCATGAGGGGCTAGAGGTCGCATTATGACATGCGGCATGCCGTAGTCCGGATTACCCAGCACTTTCTTATATACTAGCCTCCTGTTGAAATTCAAACCCCGACAGATCTCAATGCCTAGCAGAATGAACTACTAGTCGCTAAGCAGGCCCGCTTCTGCGTCCTTAGTGGATAGACTTGCGCGGGACTTCTAATAGCGCACACGAGCAGCGCGCAACCGATTGGCTCTGTCTGTAGACCTTTCATGCACCATACTAATCTATGTGGCCTTTCGGCGAACGCCACTTTCCGCGAAGGCGCGTCTTAACTATCCAGTCGCAGTCGCTAGATTGAGTAGCCTATTTACCGACGCATAGGTTCCTGCTAGTAGCCTCCGGAAGAAGACACACAAGAGGTGCGCGCGACGGATAGGGAGTTGTCAAAACCGTGACTCATAAGGGGTTATAGCAATAGCCAGTTGTGCTCAAACAACAAGATGGCCTTAATCCGGGTTCTTGAGCATTCGTTAGGGGCCTTAATACTACTTGGATATAAGCCACGTTACGAGGAATAGACGTGGTGTTGATCTCTACAGTTTCCTGAATACTAAAAT,1240,48.55,Drosophila melanogaster
SEQ_818492,ATGTGTATTGATATTGCGTCCTCAAGTAGAAACGTGAATAGGGCGTGGCCACCTGAAAATAATCAGTTAAGACACTTGATTGTGATTAAAGGTACATAACGGGCGGCCATTAAGTCTCCTATTATATATTTTGCAAAACTTACTGGGAAAAACTTAGTTTGAGGGAAGTCCTCTCACAGGAGTCGTCAGCCACATGGTCCTTATGGTGTGACATGTGCTGGGCGCACAGAGCACTTCTTTACTTGCTGTACTGCTAGAGTTCCCCGCCAATGTATGGACGACGGGATCCAACGCAAAGCTTAGACGTTGGCCGTGGGAGATCGAATGATATAACCCGTGAAACTACAGGAGCGAGACATACCTATCTGATACCACCTGATTGCATATGACGAAGAGTATGCCAAGTACTAAACCGAGTGTCTAAAAGTTATGCGGCATCAGGGCGAACCAACACCTTGACTTCCTTTGGTTAATTGACGCGTGCCTTTATGACTGGGGAAATAGTAAACGCATATGGAAGTTATGCTTATAAATCTACACCGAAAGGCGGTATGCCGCCGTCCGAAAGAGCAGATTCAAGACTCCGACGAGACGCCGGGGACGATTATAGTTCAGCCGCATTCTAAGCCGGCGCATAACACCCGGGAGACGTTAAGTACCTTGGAGGTTCTCAGACCACTATCGGGGCATATGCCCTCGCAAAGCTGCAGTGAAACACATTTCGTGATGGTGGAGTGCATGAAAGGTACAGTCCCAGACATTAGTTTAGTCGAATTATGTAGCGCAAGATAAGCTTTCCTATGTCACATACACACATTATTCTCGGGAGCTTTCGTCGCATACACCTCGCGAGTGCTCAATATGCTAGCTTTGCTACCGACATGTACCGACAAACATTCCGAGCCCATAAAGTGTGCGAGTAGCGATCTGACCTCTGGTGAGCCCGCGCAGCTCGTTTAAATGTCTACACTAAGTTACCCGTCTTAGCTACCATATGGCCTCTAGCGCTGGATACATATAACTGTTAGATGGCGGGCGACATAAAGCCCTGTACCCTATGCTGTGCTGACCTTTGCCGAATCGACAACCCTGGCGTCGTACCAGGTTCCCAGGTTGGCGAATGGCGCAATGTTGGAAAAGCCTCGCACTTTCTTTGGTTGAAGACAACCAGCTCCATTGATATGGGTGACCGGCATATTGTGACACACAGTCCCAAGGACGGGCAAAAATTAATGCGCTCGTCATATTCTTCTACCTCTGCCAGGTTACATTACCTCAGCTAGTTCGTA,1289,47.87,Caenorhabditis elegans
SEQ_272692,GGGTAAACGCTATACTCAATTACCCAATTCTGTAGATGACTCCACATCACTAGCTTCTTTCGAACCTAGGTTTTCCCGGAAGCCAGTTACTGATCCCCACCGCGTGGAATGCATACTTCCTGTCATTCCAGGGCCAGTAACTTCACTCTTTGGATTGTGATCCCCGCCGATAAGCACACGTGAGACGATAGCAACTCCTTACGTGGTTACGCCAGGCCCGGGTTCAAAAGTCACTTGCATTAAGGGTTATCAGACAAAAACCGCACCTGACCTAATGAATCTCTGTACTGGCCTAATAAGTGATCTGGTCAAGTAGCCGAAGTAATGTGCCCACCTACAACAGGCTGCCTGATTATACACAGCCATCCGGCTGACGAGCCCGGGGGATATCTTTCCGGTCAAGTCCAGTGGTGGTGATTTTCCACCGGGCATGAAGCCCTGCCCGACGTCTGTATCTAGTTAGGCCCTTCCATAGTAAGATTTAGCACTACCCACATAATATCAGACTACGATCTATCCTCCTGCCGATATATAGCGTCCCTCTAGCTCTGTGATTGTGGGAATTTTGGCCTACTTTACCCGTTTCAAAGGGCCCGAACAGGAAGCCTGCTGTGGAAGAAAGTAGCGGAGCCTCTGGTCTTCACGTCCTCACTTATTATAACGCACTTGTCATCGCACCTACGCACGGTGGGATTCATCACCTTAGATACCCTAAGTTGTCCCATACAGTACACGAGGATGTGAACCTGACGGCAGGGTAACACGTGGGAACATTGACCCTCATAAAAGGGCAGGAAGATGGCTGGTCATAGTGCGATTACAGCCAGGAGAAAAAGACTTGTGGGACAGGGTGCGCTTTACGCTAAGCCAGATCTACGTACTTGCGTCACTTGTGTTGTGCTTAGCACTAAGATGAGCTAATGTTAATGGGCTCTTTATTTAAGCGACACAGACCCAAGAGCAGCGGAATCAAGGCGACTCAGAATCCATTCACGGATCTGTGTATCTTCTATCACCGAGAATCGCCACTAGCGGGGTGTGCGGGGGAGCCACTCCACGTTCGGATCCAACATATGTTCACGATTCTAGTGCGGCTCGGTCGCGTTGCTCTCACCTGCCGAGAGAGTGGGTGGCCGGTCTCCGAAGCTCTAGCCAGGCCCGCCCATTTACTCTACGAGCGAGGGTACCCCTAAGTTACTTGGCGAACGGAAGAGGGCGCGGAGTGGCTGCGGGATAGATTCTACAATCCAGCTTGGCCCGATCTGTTCTATGAGGGCAAGTGCATAGGCAACAATCCAATATGCACCTTTCCGATCCAAATCGCCGTAATGACAGAGCCCGGGATAGCTCGAGGCGGGCCAGCCGCCCCCTATCTCTTGCGGTCACTTAATCCCCCCGCTAAGGCCAATAATTTCATATACGAGGCAAGTATGGGTCCTTCGTTCAATTGGTGCCCATATTGCTCGTCAGGGGGGGTAAAGCTTTGGGAGGTCTTCTGATCGCTAAACCCCTTATGGGTGACCGGAGTTCTGTTAGGATGATACTGTCCATGCCGTTGAATACCCGTCGCACACCTGCATTTCCAATTCCACAAGGTAAGTACCGTTCCAGAACTCACACCTATCCAAACTCTGCTGTATGCTTGTAGGGCAGCTGATCAACACAAAGATATGCTCCGAGAGGGTGAGACGGCTGTGTTGCTGTAGTGAGCCTGAATGCCATGGTCGCATCACTCGCCTATATGTTTCTACGCACTCATACCAGGGAGGGTACACGTGCATCTCGTTGGCTGTGTGCCTCTACATACCAAACTACAGTGGAGAGGCTTTAGACACATTAATGACGCCTATCGATGTCCCCCCCCGGATGAAACGTCCGGATCGGAGAGACTCATGTCGAGGTAGTTGCGTACCATTCTCTGGTTTTACTAATACGGGTATTACCCGACGCGAGGTGCCGTAACTCTATAATACATCTTTTCTTAGTGGGAAGGGCAACAG,2000,51.15,Arabidopsis thaliana
SEQ_202571,GTTAATATACTTGAACGTACATTGCGGTGTAGGTTTGGTGTATAGCCGCCTGTCGCGATATTCTCCACGAACTGTCGTGGAGTAGACTACTTATTGCGTTCACACACAAATGGACGGATTTGCAAGGCTCCCTCGTCAGTTAATTCCTACCCTCTATTGTCTTTCCGCTATCTGCTTCAGCGTTTTGAGACACCTTCGATCTTTGCTTTCGCATGAGAAGCGGCGGTGGTGGAAGTGCGTCGAGGAAAGTAAATGGCAACAAGCTTTGGCAGAGGCTTTGGTACCGGACTGTTCCTCAAACCTCGAGTAGAATTAGCATAACTTCTTTAGGCACCTAGAGATTCAGTTGCAAGTCGTCCATTTTATGCTGCCCCCGGCCCTTCAGGCTTGCCCTGCAAATTCAGGCGGATTTCAGAGTGCCCTCGCGCGCAGCCACATCCCAATACGGTATACCCATGTCTACAAACTCTACCTCACACTCCTGGTGTCAGATCCATCCACTTAGAGGAGTTGTCTGAACGGTTCCATTTCGAGTCCGCGCTTGGCCCACACTCGGGACCAAACCGCTGCTGTTCCCTGATGTGGTAACCTTATTCGCTTTACCGGAAAGACGGTCGCCTATAATCGAACTCGCTCAGCTGTTTTCGGACTGTGGGACCGTTCGACCGCGCGCAGTTAAATGGCGAACCCACCCATCGGAAGGATTGCCCAAAGCTAGAACACGAAAACCGGCTCAAAGCTCCGAACACCGTATGTGGACTCCTACTTGGCGCAAATTCGTGAGGTTTAGTGACTTTTGGATCTCATCCTAAGGAGGGTATTATACGGGACGCGCTTAGCATGAAAACTCGCGCTGCCGTCGCTATTCACGCAAAAAATTCTGGCAGAAAACTCAAAAGCCTATTCAAAGGGTTCACCATATTAAAGTAGCTGTTACTCTCCGGCATAAATCATATGAGGAACGGCGGCTAATTCACACCGCTCAACCCCTACTCACCCGTGTGCATTGGTAATACCTGATGACTTTAACCACCCTGGCCCTCCGTCCGGATCTACAGGCCGCGCAAGCCGGGGAGCTTTCAGACGTGCCCATGTTCCTGTACATAGGGTTAAACACAACCTTTACCAGTTAGGATTCAGGTTCCTGCCGCAGGATGCCGCAAACTCCCCATAGGTATAACATGCGGTGTTTCATAACGCAGGCTGTCCAGCTTAAATGCCTGTCTCGAAGGGTTGCCTAGAACCGGCATGCAATTTCATCCCTGTAGGGACCCCACCTGTCGGTACTACAAATAAAATACCGGAGAACAGGCCCTCTGTGAGCGTGTATCCGGGGATCCGAAGAGTAGCCGCGTGGTCCGGCAACTGACACAGCATATCCTTCCTAGTCCCTTCTCGTAGCGATGTCCCCGAAAATCTTCCCTTCTAGGGAAGGGATTCTTTCGGCAAGTCAGCCAAACACAGTGCCAGATTTATAGCCCATGACCAACA,1491,50.91,Homo sapiens
SEQ_694586,CCCAGCTCGTCGAGAATCCTGAGAAATTTGAGTTCTTTGGGTGACCGAGCCGTCTAATCATGGGAAGCCACCCGAGGTCTAAATCACTGACTTGCTAGTGTAAATCAGGACACCTGAGTATCAGTCGTTGACGGGGATGTGCACATTTGCAACAGGAAATCCTTCTCCGTTGCGCATGTTCTGGTTGTCTCGTCCGATGCACATATTCGCTTCTACAGGTACCTATCAGCTAAGCATTCGCCGACTGACATTCTCAACTCAATAAAATTAAAAACACAAGTACACTTCTATGCTTCCGTTGAGCGGAGGTCTTCTGTTAAGGGGTCTCGTCAGCGATCAAATGCGCGGTTGATTCGTAAACACGTGGAGTTGGGGTGAACAGATTGTGTGGTACAGGGTGCTCCCGGTCGTCAGGTATTTGGTCCCTATTCAGGTCGGCAAACTCTAATACTGGAAGGTTAACACGAACCCCGCTACGACACTGGACGCGGAGGGAAGGACTGTAGGACGCGACCACGGGAATATTTCAGATTTACAGGTCCGCAACGATTAGCTATTCTTCAGATTTGGACCGGCGGCAGACACCCTCTTAAAACAAACCCGCCTGTACATGGCAATGGGCAAGATCAACATGACTTGACTGGGAGCAGGGACGGGGGGAGACGAAACTAAGCAGAATTCACGCTCTATAACAGAATTTGAACTGGCACATTGACTATTTAACGGAGTAGTTAGAATCACAATTGCATACGTCATGTCTACGGTGAGGTATTCGTCGCCGTAGCCGGGCTTACGGGTGTCAATACCTACTTGGCCATTCGCCAGTGTCGCTAAGCTGAGCACTTGAACCCGTGATCACAGCGGGTCCGCGGACTCGATATATACAGTCGAGCGAAAGGCTCGAAGTTGCAATCTATAACCATTCACCTCAGTAGGGACGTCCTTCTGCCGGACCTTAGTTAAGGGAGCCCGCGGTGCTAGGCAAACAAATAGAACTTAACGCTACCAATACGAGTCCAGCTAAGTCCTGTGGAAGGTGTACGGGTGGGAAATAAGGAAATGATAAGACCCCTGATCCCGCCTCGTAGATACTGGCAGTACCCTCAATGACGATAGCGTCGACAGTGTCACCACGCACAATCTGTGTACACGCTCGTCCCACTTCGTATTCCATAAAAGCCTAACGGGCCACTAGCTTCAACATGGCCGTAGGTCGTCGACTCATCAAGCTTCCCTATTTTCCCTGGGATTGTTAGAGGGTCTATGATAGCCAAGGAGAGCGCTAGTAGTTCCCCAGAAGGCGGTAGCGGACTATAAGATAATTTCCGAGTATAGGCGTAGATTCCGGGAATAAGTTGGATTCTAGTGTCACCAGGGGATATGACCTTGCTTATCCTCTGCACTTTTCTCCACCCATTGGCGGTAAGGTTAGGTCTGCAAGTGCAACCATAGTATTTACTTCCGCCATTACGATAGGTGTTAACTTATTCTGAAATCGCAAGGGTAATCTGTCCTATTGCTACTTTATATCATCGATCGCGTCGGTGCTTGAGCTCTGAAACATTTTTAGTACTTGTTGAACC,1583,48.83,Arabidopsis thaliana
SEQ_871908,GAGCCGCAAAAGTGTAAAACTCTGCCGGTCCTAGCCAGCTACCAGGGAAATCAATGCCGATTATCATCTGCGATCACGACTATACCTAGCTCCTTGCTGCGCGATTCGTGGGCTTGTAACAACCGGACCGCGCCGGTAGATAGCACCTTAATAAGTGGCCTAGTTCCAGGGTTGAGGTGGTTGGACATCCTGTCACATTTGCCTCTCGCATGATGTCAGTTAATTGTGTCGGGCGAGTGACACCCAGCTACTGCAAGCGCACATCATGAATATGTTCCCACGATCTTACGCTACGACCCGGGAGAAGAATGGGTCGGAGGCCGGTGTATGAATCTTGGTGAAGCCACGTGCGGGTTCATCGCGTACAGTTAGAGTGTCGTGGCATGCTTGGATCAATAACCCCCTTTGATGTAAGCGACAAGGCAACCGTGCACGCGATTCGACTGCCAATAACACCCACTGGTTTGGCGCAGGGTAGAAAACCACTCTAAAACTCAAGCGTCTGGACGCCCGACGTCTGGTTGTGTACGTCCACCATGCGTTCAGCCGGTAAATGGAATCTGTTAGGGCCAGGGGCCAACGCCAGGCATTCCGATGTCGGTATTGGATATATAAAAACAGAGCTCGTGACCTTCTGTGACGTCGGTGTGTTAGCAATTGCCATGCCCCCACACAGCGTGAGCAAGCGAGAATATCAGTGGTTTCGCTACTGGCGGTGGATCTCTCCGAAATGTGGAGGCGTGAACTAGTGGGTCTCGGCGAGTTGCGACGTTTCGATGTTCTCCGAGTCACGCTGCAAATCTGAAATTAACACCGAAAATCAACAGACATGGTTAGACACACTGTGAACACAGTCAATTAACCTTACAAGCCTCCCGGTCTAGCTTTATCCAGTAGTTGGTCTTCCGGCGCCGTGGGGTGATTAAGGACTGAGTAATCAGACTCCCCTAACTCTGGTCGATGCTACTCGACCTAACTTCATCACTGATTCTGCTCCGTTCGGCTTATCTTTGTTGATCGCCACTCGTCGAGGGGGGTGGTGGCACTCACCCGAACAATGGACGGAGGTTGGCGACGTTTTTGGTACCGCTCCGCCTTGACGTATGGTATGAAATGCGCGGCCGATATCACTCCTTGCTTACACTCGACCAGAAACAGCGGAAGCAATGCACGAAGGAATGGGCAAATGCATGAGGGAGCTGGCTCAAGTACTTTAGCGTGCGTTGAACGATGACCACAGTTCACCAACCTCCAGCTTCTAAAACGGTATTGCGCTATGGGAGTCGTAATAGCTATTTTCTTACATCGCCTTTCTGTCTGGATGAATGCCGATGGATTGGATATCATGGTGCCAACGGCTCATCTTTGTCAACAACTTTCAATTTTTCACCGACCTCGCCTTTCCTCCTCGATAAGAATGCTACCACACAGGAGCCGAAGGCCGGGTTTAC,1451,51.62,Mus musculus
SEQ_184064,GGTGAGGCCTTGGCCAATTAAGCGGCGTAAGAATCTTTTTCGGGTACCATGCCATTCCAGCGATTTCTTGTGCGACTTGGCATAACGTGGTGGCGTCTGAAGATGACGGCCACCGATTCTTCCCCCCTAAGTGGGTACTACGTTGTGCGCTAACAAATAGTAATGTTGATATCACGCTACTGGATCCGGGCGACTAACTAAGCCGGAATGTCCTACCCACGGAACCGCCAGCTACATTTGGGGGAAGACTCACACGATATTTTTCTCCCGGAGAAGAATCTTCTAACCTACCCCTGCCGTGTCAGGGTTTGACGCCCGTCGATAACGCGGGTCGCTTAGATCGTTTGCTGACTCTCGTGCTGTA,364,52.2,Saccharomyces cerevisiae
SEQ_842888,GCTTTTCTAGGCAGACATCAAAAAAAGGCTGCTGCTGCATAACGAAGCGCATAGAAGCATGCGTGACTTTTACCATGACTGTGCCTATTTTTGACAGATCCGGATCTCGAAGTGCTGCGAACATAACGTGCCCGTTTGATCAACAGCTGTGTGTGAAGCTGTCTCGCGGTCCATTCTATCACAAACT,187,47.06,Saccharomyces cerevisiae
SEQ_719053,ACGCCGCAAACTGTTGGAGGCCAGAGGAGAAGAGCCTTGGTTCGTCGAATATCCCACACCTAACTAAGGGATTAGGGACGTAATAGGGCCTAAGGCACCTAGTACTCAAGGCGATAAATCCCGTGGTGGATGACCCCCTGCTCATTAATGGGCCAAAACTCATTACCACGCATGTTAAGAACCTGGCTGCAAATTTCCCGCCGGCATTAAATCGAACCTAAGGAGGCGTTTAGCAGGCATCATCGAACTATGAGTATGAATTTGCTGCTATTTCGTTATCAAGCCACGGAGTACAACCGAGCGTCTAGTGACTACTTACTGAAGTGCCCTCCGCAGCACATAGGCTTCTCCGGACTTGCGAAGAAAGCAAGCCCCAGCATAATTGATCTATTTTTAATCAATAATCGTAATTCCTAGTAGCCCTTCCACAAGACCGTATACCAATCTGGATCTTAGACGAATTTGTCGGGAACCATAAACGAGACCCGGAAAATGGCAAACACCAGAAAAATCCAGCGGAATCGGGTCCATCGTTGATACACAGGGCTAGCTTGCAACTCCATTACTAACAATACCGCTTCTTCTTCTGCCATCAATGTTCGCGGATTGCATGAGCTACCCTTTTGTTGGAATAACTACTAACAGGGTCACCCCGGATGTCCTGTTGGTTTGGTCCGGTGACCCTCCGTTCTTCAACTCGCCAGAGGTGTGCAACGCTTGTTTTAGTCGCTCATAAAGCTTTGGCGTTCGTTCTCCTTGGTTATAGAGGTAACCGAGCCATCATATTTCCGCTTGACAAAGCGTTTAACCCAAGTTTGTGCTATCAGTGGAGCACGCCAAGATGCTTGTAGTGATCCGACATAAATGGTATTTTAACTTGTTCTTGGGTGTCATTGTTTTTGTCTACGTACCTGTCTCAGTTTTCAGGCCAATCTGCCTGATTAGGATTTGGTGCGAAACCCATTCTCTTACACGGATATCGGCAATGCTGACTATATACCTAAAGGTAAAACTCTAGGAAAGTAGCACCCCCCCCCACACCGGTATGAACGTTAAAATCCGCCCGATTAATGACGTGTAAGGAACAAGCGTTCTTAACAATAGAGGGGTCCATGACCTAGCTCTTCTTGGTGTGATGACACAGGCTCGCGTTCGCCTCGAGTACACAACATAAAGGGGTCTGGTTGGAAGTTGAACAAAACACCAGGTGCAACTCGCGCAACCTGCTAGGGGCGCGAGACCGACGTTCTTCAATGACAAGACGCATGGGCCACCTGAGAGGGGTCGCGAGCAGAATTCACCTGCAACGGGTGGTCGTGAGTAGGAGGGAATCGACGACTAAGTGGGCCGATACGCGCTCCATAAGACGCGTTAAATGAGACACAACTCTGTTTTTGCCGCTCTTACCCATATTGCGTCACATACTCAACCTTGCGAGGCCAGGCGGTGAATCGTGGAAGAGAAGATTGCGTCTACGCAACTACCAGGAGAGAAATCGGTTAACTAGCTCCGAGATAAACAGCAGACTATACGACAGAATAAGGACATTAGTAGCCCTGGGGTAGTATTAATTGTGAGCCTAGCTGTACACTTCTAGATAGGATACAAGACCTCTTTTCCATATGCTAACCACTACGCGAAACGAC,1646,48.06,Escherichia coli
SEQ_698229,GAAGCGGACTACGCAGTAGTTATTTACCGGAGTTATCTTTCGTGTCTCAAACAGTTGCCTAATATCTAATTCCATGCAACGAACGTCCTCTCGCCCGCAACCCGTGCTTCAACCGGTTCTACTTTGTCGCCGGATACCGCTATCGGCCGGCTCTCTCAGACTTCAAGAGACGACGCCTGTCCGCGTATCATATGCCTTGTTTAGCTCAGCATGGCTTTTTAAAACACAACTATGGGCTCGAGATCACCAGAATCTGTGTGAACACGCGCATATACCCGGTCTGTCCTTAAAATGGTTAGATGCTTGTCAGAAAGAACCGAGTTAGACTCTCGGATGCCGCGCCAAGGCCGTTCAGGCACCCAACAACACGCTTGGTTCACAAAAAATTGTTAGGACAGGGGGTCCGCCTCGGCTTGTACTCGCAACCTAAGGAGTAAATTTGTATATGTAATCAGTCCGAAAATCTTATCGTCTTACTCAAAGTTCGTACGTATAATGAATCACCAATCGGGCCGAAGTCTATACTTGCGGCGGTACCGATCGAAGGGTCGTAGAATGATGTCCGTGAGGTAGTAGTTGAAGGTCAATACGGCAGTCCTTGCGCCCCCCATCATTTTCTGCGCGGCATTATCTTCAGTACACGCTGCCTCGGCGTGCTACGTATCACCATCTTCACCTGAGAATGCGATTGGAGGCAACACTTCTCTTTACAAGGCCTCGTGCCCCCATTCCGCAGAGCAGAACCTAACCTTGCCTTGCGGCCTCGCGAGATAAACTAACGACACACGGCTAACGCGCGTGCGGCAATATGTCGCTCAAGAGCATTGTACCCGCGTGGAGAACAGAACGTACGTTCGGTCAGCCCGACCGTGCCAGGAAACGCCGGAGACAGTGATGGTAAAGCATGAAAGGAACTGTTTAACCGTCATCGACCATCTGACTCCCCTCTCGACTGAGTCTTCCGAGGCCTGAAAGGCATGAGGACCCAACGTGCTAATTCGGGCGATGAGGTGATAAATACTCTGGCCATCCGACGTACGATGAGATGAGCGTCTAAACCGTGTTACGGGCATCGGCTCTGGCAGCCGCTACTTCGTTTTGAGGATGACGCAACTGGTTACCATTTATAAGGGCACTTGGCCGCCTCGACAGCGAAGATCGCCGCTCAACGAGAAACTTTCTTCCATCTTTAGACACACTTCACACGGGCAGTGTTGTCTGGCATCTGTACACTGTGACTTATCGACATCGGCATGTAACACAGTTCAGTATGTCCCGAGAGACCAAAGGGGGATAGGGTTCAAGATTCGTTTTCAAACGGTTTACCCAGCAATTTATACCATTTAACTATCTAGTAAATGACTTCTAATCTAAGTAGGTACACAATGCCGCGCCCGCGGAGTGATTATTGCCAAAAAGGTCGCTCGAGTTCGAACCTTCGCGCGTTCGTAATGTACTGAATCAGTATTCACTGCCCCGCTATCCTTTTCCGTGGCAGTCAAAGCTAAGAAGAACGGGCCATTGTGGCTGGAGCGAAACCAGTATTGCGCA,1551,50.42,Caenorhabditis elegans
SEQ_316634,CATAGAACCATCTTGTGACCTGGTGAGTCGACATCAACGCCTGGTTCATCGAAACTTAGCAGCAGGTAGAGTCCGTGCTTCCTGGGCATAGCGGGGATTGACCGCAATGGCCACTATCGTGACAAGGGGTGCTGCCCAGCCTGCTTGTCTACTGAGTCACCTCATATTGAGGCCCTATGGAACTGTACTCTTGTGGCTTT,200,53.0,Drosophila melanogaster
SEQ_714405,AATTGTATATGGAATTTCTATTTTGCGTTCTCATCATCCGACCTCTCGAGAGCGTGGGCAAGACCACGCACCGGGGAAAAGCTCAGCCACTATCCGTGACCAGTACTTTTGGAGTGGTTCTGGAGTTCTATAAGTACTCTTTATATCTACAGAGCAACTTTCTGTTACTCCATGCCGCATCTTTTGAACAACGAGCAGTAATCGTACCAGTTCGCAGGCAAGTCAGGAGGCCCGGTAACAACAAGGACTGCGGTCGGTGGATGGTAACCAGGACCTTCAGGCCTGACATAACCTTTCCAATCAGGTCAAGGAAAAGTGTAACTCACCCGTGACAAGTCCGGGACGCGGGTTGCTACCTGACAACCTGGGACATTTGTGGCACGTAGAGTGTTAAAATGTACGACTTTCGAAAGGTTCGTTGATCACTACTAAGATTAATAAGCAGAAGTGTGATGCCACTTGTGCATTCCGATAAGTTGATACTGTTTCGGTACCACCGTCTACTGACCCCAAAAACTGCGTGAGGGATGTTCCGCATAATAGGGTCGACTGCGATCAACGTGGGCTCGTCATACGGTTGCAGCCTCGAAGCGAGATGGCGCATCAGAACAGATGCTGGAGAGCATACTCTATTAGCTCCACACAGTTAGCCATTGGGCCCCCTTTAGTTGAATCAAATAAAACGCCCAGGGGCAGGCAATTCCGCTCGTCGATATCTCGGTTCTCGCCGTGAATTAACCCCGTATCTAGGAATACTAGAATGTTGGGATACCATAACCAGATAAAAACGCGCTTAGATTTCAGCCGAAACGGAGCTATGCTTGTCTAACCGTCCGCCCCTGGCATGGTTTAAAGTCGTTGCCCTATTGGCGTGTTCCGTACCGTGGATGCAGTAAACACCCGAGGAGGGAACGTGTCCTATGCGGCGGGCGACCAAAATGGAGCGTGTTCGAAGGGGTGGGGACTTTGGCCCCATTGTGACACTGGGTGAGCTGGCATGCGGATCACCAACGTAGGTGAATCTGTGAACAACCGCACCCAATAACTTTGGCGTCAGGAATTTGCAGTTTCACTATCAAAATAAAACCGCGACGATGGGACAGACGCGTGAATCGCAAACTGGCTTTGTTGGACGCCAACAGCCATTACAGGCGCTTGTGTTTTAAGTTAAAGACGAAATGCAACAGGGGAGACGCTCAGGGATGTAGTTCCGCGGCGTGCTGCGTTGCCCGCAGGTAAAATTATGCTTCTGAGACTAAGCTCGCATCAGTGCCTAAGTACTCGGTCCCGTAGGCACGAATCTGCCAAAACCTTTACAAGGTGGGATGCGCCTCACTTTTCAGCAACAACGATGTTGACTCACGAGATGCGGTCCTTTCCTCATCCTTGCTACCTCTACTCCCGGCAACAACAAGAGTCCGATGATGATTTGCCCTTGAAACTGGCGTATGTAAGGAGTCTTCTTCAACGGCATCAACACGTAACCAGTCTGCCCGAG,1498,50.2,Mus musculus
SEQ_741878,TCGTTTTGCACGAACAATACCAACCTGCTATTGAGGAACTCAACTGCTGGGGCGTACCTACGCATGGCCCTAGACGTCGGGGCGACGCTCCACCAGCTGGATAGAACGCGACATTGACACGGGGTCGCTTCTCGGCGAAGGTAGACAAATGAACCGCGGTCGTAGTACCGGTATTGGCGGCTACAGCCAAGGGGGTGGGCAAACCATGTCTTTCGAGACTCGACACCCAGAATCCAAATCAACCCTCTCATGCTGATTATGCCTTTTCCCGCCCGCAATGGGCGTCTACTAGCGCAGTGGCGGAAGTAGGTCCTATCACTGATTATTTAGCTACGGGTAAGGACTTAGACAAAATTAGCACCCCCCCGTACTCACTGCACTCAATCCAATGTCAGGGGAGAGCAGTAGGGCTGATCTACGGCTCCGCAGAAGAACACAGGGACAGTCCTTATTTGCACAAAATCGACGATCTACACAATCCCCAGAATTCCCTGTAGGTGAGGAGTCACCTTCCGGGCTCTTAATTCATCGCAAGCCGGTAGTCTCTAAGATGCTCGATGAGTGCTTTGAAGATAGAGCTTTCAAATTCAGTCAGTTGTCTGGTGGCCACTCGCTATATTAGTATGGGAATAGATACAGAACGATGCGTGGACGGTTGACGATGTTCAAACTGGTGTCTTCACCTCAATCAATAAAACCTTTTCTCTGGTGGTGTTGATAAGTAGTTGGTAGACGGGCATTACGATACAAACGCTTGGCGCCCTCTCCAATTTTGGATGTGGAAAGTTCATAAAAATTTGAAGCTCTCCCCCCACCTCCCACCCTCCCTGCACACCGGTATCAATTACTTACCGCTCTATCGCAGATCACCAGCCATTGTTGTCCGTTGGGCTTGACCCAATCGTAGATTGTGGGGCGTAGACGTAGGTCGACACGGCCAGCAATACGCCTGACCGACTTAGCCTTGATTTTAGGCGGGCTACTGTCGGTTGGTCCGAGCCTTACAACTGTGGTTAGCTGTGCCATATACTCTTTTTAGTTTTGTAGTCCTAACGAATTGGTCCGGGACTCAACCGCTCTTAGTCGCATTGCTCAATATTAGCTTACAAATTCCGGCCGTCGGATCAACACTGCATCTCCGCCTACTGTACATACTAATCCCGGCCGTCAGTAGACCCGCGTCTTTCGGTGTGGGGCGTATACACTCGGTAGCTGTACGTTGACTGTAGCTTTAATGACAAAGACAGACCGTGACTCGCTTCTATCCGCTGTGATAGACACTGTGCCAGTCACCTGCACGGGTTTACACAATCAACCGCGCGTGAAATACCGCCCAGGATGGTAGGGCTGAGTCCTCGAGGAAGTCCCGGGTCTGCGAGTAGGATTTACCGTAGACGTAGAATGTGCCCGGCCTGAACCTATACTATATATTATCGATGACCACGCAACAAGCGGGCGACAACCAAACTACCTCTTAGCATTGATGTGGCATTGACCGCCGCGCCCCATTGACATATTCCAATTGGAAGGGCATAGTGCTCGAGGACATGAGGTCATATATTTCAGCAGGCTCAGAAACGGCTGTCGCTAGTGATAAGTGAAACACGACCTTGTGAAGCTGCTTTTTAATAGCTCGGGTAATAGAAAACAGATCCGCGGTCTATGGCTGTGCCATTTGATCCAAACCACTTGAATACCTCCAGCCCGGGACGG,1713,50.79,Arabidopsis thaliana
SEQ_845049,ATACGCAAATAGTCGCGGATCGCAACCTGCGGCCCCTCGGTCATAGGTTAGAATTGTGTAATCCAAGTTTTTTTCGTACAGCCTAGGCAGGGACGGGTCAGTCCCGAAAAAGCCTTCCATATCACGGTCACTTGCCAGACATGTTAGAGCTCCCCACAGTACATAATCTTGGACCGTTACTGTAGTATGAGTGAAGTGACGTACAG,206,49.03,Mus musculus
SEQ_708128,TGAAAGAACGCGTCGGGCTCGAATGTTGACTCACGCGACCCGTCTCGTTTACCCCACGTTTAGAGTCTCATACGTCCACTTCCGAGTCAAAGGGTAGCTAGTTAGCCGACGTAGAGATCAGAGACATGTGATCTAGTGCATCTGTCTATTAACTCACTTTTCGGATTTTTCACAGCTAAGGTTGCTCAACCCGTTAATATTCCCCCTTATGCTTGCACCCAATACAGCATCACAGCGTTGACTCCTGGATTGACTGACTTCGGCTTCCTTGCTCAATTAATGCCGGCCCGACGTTTTAAAGGTGATTTAGTTAATAACACCGGAGAATCAGTGGAGATTTATTACATCGGTAGCAAAGGGTCCCGTACATCTAACTGGCTATACCCATTGCTGGGAGATACGGATACTAAGGATGCAGCGGTCCTGAGTACGGGGTTAGCATTAGCCCCCGTCTCGGTCGCCCGAGGTCAAAGATTCCCAGTACACGTCAATGACTGTTATCAACATCCGGGCCGCCAAATGCAATTATTAGGGGAAACTCCCTTGGGTTACATGTAACAATGTGTAATTGGGTGGAAAAAGCACTCTTCTGGTTACCC,599,47.91,Drosophila melanogaster
SEQ_154435,GCGACCGGATCCGCTATGCACGGAAATGCGGCACAACCCTGACGACGCAACAAACTGCAAAGTGTCCTTGCAAATTCGATATTCATGCAGCTAGTACGGCGACGTCAGGGGTGACGTTCGTATCGGGCTACAATTGCCGGTGCTAATGTTGTAGACCATGCCAATCCCTAATAAACTTGTGGTACCTAATTAAGAATAAAAGAACGGTGGGACATAGGACCTTCCCCCCCTCTCCCCCTATGGATCACCCCTTGCTTCTGGCGAGCGGATTCGTTACACAATGTAGCAGTGGTGACCTGCCGACCACATTGGGATTTAACTATTAAGGAGCCTTCAATCAGAGGTAGCTTATGCAGCGCTGTAGAAGATGCACTCGTTCTACAGTCTATGTCAGGAGCGCGGCAAACTAGAAATAGTCGCGTGAAAAGTTCTGTAGTGCTGGAACAGACGCGGAGCGATTTGGTGGGGTATGGTTTTCCGCCATCCCTGTCTCGGTGCAGCGTGTGTGTACACCTACGGCCAACATCGCTATGAACCGCGCTCATGTCGGAAGGGGGTTACGTTAGGTTCTTACTTAAAGTGACCACTGAGGTTCTCGTGTAGTTGCCACGTTCAAAACCCGGCGAGTAACTGCATAGAGC,641,51.17,Caenorhabditis elegans
SEQ_484173,GACCGACGACTGTGGCGCAACCCTGTCCGACGAAAAAAAGTACACTTCTACGTCTCCACAATCCAGTAACATACGATTGCGTCCGGAGAACGTGTGTTTCAAGCCAAGAGTAAGTTGAAACACTCAAGAGTTATTCCAGGTAAGCAAAAATACGTATCGCTGGAGATCCCTGACCCCGTTTGGCGGAGCGCCTTTCATCTTAGTATGGGGTAAGTGATTGTTCCATCGACCCCCAGCTAAATCCTACGAAGAATGGCGTAACAAGTTCATGAGTTGAGGTCATGCCCTCATGAACACGCCGCACTCTGGAGGGCTCTAAGCCCTCAAGACTCGCTTGACGAATTAATTACCGAGACAGCGCGCTTGAAGGTCATGGAGTGCAGTCATCATTAACTGCAACTCATGCGTTCGGAGGCGAATGGTCGTGCTAGTTTATGTGTGTTGCTCAAAAGCTAACCATCTGTAGGGATCGCCGCTGTTCACGATGTTTGTCTATGTCCATGCTTTTAATAGGCCGGTCCTGCGATCTAATTATGATGAACTCCCTACAGTGTTGTAACCGGGAGGTGGGTATGTTCCCCGGAACTCTCTAACCATTATTAGAATGCCGCTTAGCGGGTTATTTCGTGTTACTTCCTACTTGTCTGGCCAAGCAAACTAACGCGTCGGGTCGACGCCCGTACAGCTCCCCCCCGTCTATCTAGCGACATGAAACGTGCAGTTAGCTCAAGTCACAAATATCTAATATTACGGTGTCGAATTCCGAGGCGAGATCTCGGCTGCTGCGGTGTGTGGCGGGGACCGTTACGATTGCAGTATTTTATTCGTCACCCCGCCGGGGCGGCGTCTCGGTTTAGCATTACGGACGTTCAGTGGGTTTGCTCTGAATTGCTTTAACTGTGGGAAACAACGCCGATTGAGACATATTATAAGTCTGT,938,49.57,Saccharomyces cerevisiae
SEQ_842219,ATCGACCCCTCGATTCTGACCGCGAGCACCCCCTCCGAAAACGCCTGTACGTTCAAATTTGAATAACTTTGGTGATACTCAGTGCGCCCTCAGTGCCGCAGATGCTACGACGTAATCCTGGTCTGAGGCCCCATTCCGAACGTATAGCGGCTCTGCGCCCCCTTGGATCCGACGTCGCTATCTAGCATTGACCATTCCGGGGGGTATCGCTCACTGGTGAACGACGGGACAAGAAAAGACACTCACTGATTCCGGTAAACCTGGGCTCCGCTTCCCTGGGGAGATATCAAAACTGGGCTACTTGTGGGACGTTGGCCGGCGCTGGGTAGAAATTTACTGTTTTCCCATGTTTTATGGTCAGATCCTTAAACGTCCGCTTAACGACCCGGGTGCTGACTCCATCATGGGTCAAGACCTAGATGTCGGACGCTGCGCAAAACGACAAAACGATTATTGTCGGCCTGTTCTGACAAATCTAGATACTCGGCTCTCTGAAGCTTTAGATGGTCCCTTACGGTGCTGTCGGCTTGCGTACATAAGTGTTCACATGTTCTTTAGGAAACTCCAAGTATTCTGGGTCCCGTTATATAGACTACGGACAGCGCTCCCATCGCGGTTGCCAATACGTGCGGGGGTAGTGGTAGTATCCTTTCACGTCATTCGACATCGCTGAACTACGTTGACCGACACCTTCGTTCCGCGGCTAGGGGAACCCAACTTCCGAAGTGTCACCACACGACGACTCAAAGCACAAGAAAAGGCAAACATCTGTGTCGGGAGGTCTTGGGTATATTAGTAGTGACGCCGGTGAGACTTGCGCGTCCGACCATCGCCATACAGAAAAGATTATATGAGCGCAATACTGTCCCTTTTATTCTGTCCTTCCAGACCAGCCAACAATCAATTGTAATCAGTAAGAGACGCCTAACAAATCAAGTCCGGCGGCTATCGGATAAGGAGCTAGTCGACTTCATGCTAGGCGATCTCCTCAGCATACACGCGTACGAACTGGACTTGAAGTGTACATCAAGTTCCATAAATAAAGTTAACTATTCTACTAAGAGGCGTAGGGACCGCTTAGAGGATTGCGTTCTAATATCCAATGACACCCTCGCCTACAGGGTAGATGCTATAATACGCTGTGCTTCTATAATTTGAAAAGACGATAGTACGGATTTATACGCGCGGTGCCGCTTGAGAGTAATATATTGTGAGAACACACCGCTGTCCGCGCGCGTATGTCGAGAATCAGAAGATATGGGACTATTGTGTGGATCAGTTCGTCAATTACCACGGTTCCGCAGAGGCCCACCATTATGGTGGTTCACTTATCGATCCGTAAGGAAGCCATCTGCATAACACCTCGGATCATAGAATTTCTACTCAATCTCGATGGTGGAGGACGTTATCTCGTGTGCGTTTCCCGTCGGTAATCACAAGTACTAGAGTCTCGAGATTTATTCCTGAACGAGTTTAGCTGATAGCGTCTCCTAAAATGGATAATTAATTGATAGGACGACTCAGCTCATGCGGTATAAGTGCCTTAGGGAAGAGTCGGCAGGCTAACTCATCCCTTATACTAGGCCCGGCATTGGTGAACAACCAAATTACTCGTCCTTTCACTTTATATTAGGAACCCCGTATTAACCGGATTTGTCCGGGACTGACGAATGACTCGTTGCACCAACACTCGGGA,1696,49.06,Arabidopsis thaliana
SEQ_153410,TGGCGGGGCGGAAAATCCTTTCCAAGGGGTTGAAGTCCTTAAGGGACACCAATAAAAGACTCGTTGCATGCACGGCGATATCAGTAAACGCCATACAACGTCTGATAGATAAGAACACCCTTCACAATTGGCACGATGTTAGTCGAAGACAGACAAGCATGGTTGAAGTGGCATCCGGTAGTCCGGGGCTCTACGATTAAGTGAACAAAGCATGGCGATTCGTTTGCCAAGAGACATGGAGCGAAATATCACTTTGACGTTTTATTTCACGACTCTACTTTCGCCTTCAACTGAGCTATGTCAGCCTAGCCTTTCGCCGCGTACTACAATGGAATTAGGCAGCCAAAAGCAATACAGAGTCGTTAGGCCTCGCGGCGTATGCCCTAGAGCTCCCTATGTATAGTCCCGACCCTAACCTAATGACATTATGTCCTCACCGCATGTTTGAGTGTTCCCCTGGCATTAGCGGAGAGGTGAGCGGGAGCCGGCGGCGTGAAGTTTCGGTTAACCGCCGGTTCATTACGATCTATTTACAGGACCCCATGCGATGCCGATGTATAATTCTTAGTACGACATCACCATCACAGACGGGGATATTGGACTTAGATATCGCTCATTAGAGTAGGCAAACCGATCCTGGAGTCCTTATAGTAGGGTCGACGACCATAGTTCCGCCAGGCGTAATTAGCGAAATCGGTGTCGTGATGTTGGATAAAAGAAGGGATTCAAGCAGGACAGGACCGTGTGGACACGACACGTGGTCGTTCAAGAAGCGTCTCTTATTGAGAACAGCATCTCCGCGGAAACCGAAATGTACCGGAACCCTCCCATGAGCCTAATCCTCTCGGGACGGATTGCTTCGGTAAACTTGGGCTCAACACTCGTGCCTCCGCTATGTAGGCGCCGGCTCGCCCGTCCCTAGCCGTGGGTGACTCCTTTGCAAAGGACTGCAATCATGGTATACCGTTATGGTGCAGGATCCGTGGCGAGTGGAATCATCACTACCACTCGCACTTCTGCTTCAATAGGTAAAAAGTTCATGACTGGTTGGCCCCCTAGATGGTGTCTCATAATGTGTTCGTATGAACGCTCACGACCGTATGCGGCCTATACGTTATAGACATTACAAGAAGACCGGAGACCCTCCGTCCGTGGCAGGAGCTTACCAGCTCGGCGTAAGCTTCCTGTCCACCCCGTCGCTCCCATCTGGACTGTTGCTCCCACGATTAAATCCGGTAGTAGCTGCTACCCTGTCGCGACTTTGGTGAGATCCGGATGCTGGCCGTGCTATCTGGTAGTACACGGTGGTCAAAATAGCATAGGCTATTTGGTATTTGTAGTCGCGGTAGTAATTGAACCTGGCACCAACCAACGCCGAGCTCGGGATCGACAGCCGGTGGTTCAATTCTTATGAACGCAACACTTGGCGATTTTCTACAGGCATGCGTCAACCACTTTTGGCAAGACCCGCAGCTGGCCAGACGCGCCGTGTGGAGAACTGCTAATTGTGTCACAGCATCGCGTCCATGGCTTTGACGACCTACCTCGTGGGGTTGGAGAGGTCGAAGGAGGCATGGTGAACGGGGCTGACCAGCACAACATCCGTACATCTCCCACATTTATAACACCCCCCGCGTGGCTTCGGTTGAAAGAGCCACGTTTGTTCCATAAATCTTCCTGCTGGTTGGGCTAGGGCGCCACCCTGTACTGGGGGCATGACCGGTTAAAGGAGCCCTATATAGCCGGAAATGAGCGGCTCTGTCATTGCGTTGTTTAAGTCCTGATTTCCCGTAGTTTGGAATTCCTCCGAACCTCTATAGTGAATATAAATGAGGCACTACTAGCTAAGGCCGTGGCTCATAGAAACGTCTCTT,1874,51.55,Drosophila melanogaster
SEQ_265873,GTTCTTGGATTATGAAGGTCGATAGTTAATGGGACTTGGACTAACTAAATTCGCAGCAACCAGAGTTAAATATAGCTTATTCGATGAGCCTTGGTATCATTCTTAATCAGTCAACTGCTTATGTAGTGCAAAGCGCCTGTTGCCTTGCCCATCAGAGGGGTATCTATAAGACGTCAGGTCATTTGTTCGCAGGCCAAGACCGTATCATGAGCCTTGAGTGATACATGTAAACCGAATATTTATGAAACTCGGATCGCGTCTTGAGGTCTCCCGTTAATTTAATGGCACCATCATATTGTCATGAGGGTGACTCTTCAGCCCGTGGATAAGCACTACCAAAGACGGGCTGTATACTATTGAGAAGCATAAAGTTCAAGGTGGGGACGGAGACTACTGTCTACTATAAGCTTTCAAATAGTATCGAGCCAACAAATTGAGCGATGACACATCACTGCGGATCCATCTCAGGGACGTGGTTCGTATGGTGTTACATGTTAGGACTTGCTCGTCAAGGTCTTGAGAGTTAAAGCTGTCGTCTGAAGTGATTTGGCCAGATTCACTGAGGCTGTCGACCATTTTGGGCAATGACTGGAGCAGTCTGTGACCGTGGGCAGAGACATGGTCGCAGTCCGGCAGGAGCCAAGTGAACAGCTCTATTTCACGAGGATGCGACACGTGCGTTCAACTGTAGGAGAAATCGTTGTTAAAGCCATGGGCTGGGGCTGGGCAGAAGTCAGACGAAAAGCCTGGAATTGCATGGGAGGGCTCATTGGCCTGGTCAAGAATTATCGGCAACCATGGCAATATTCAAATTAAGCATATCATGGGACAGCATACCAATTGAGTGCATGGTTCACACGGTGGTCTTTGACGGCTTCGTAGTCCTATTTTCTATAGGAAAACCTTTGTGTGACATGAATAGCCGCTTCTCAGCCCCCTTGTCTGTTTTCGTCTACCAATCCCTGCTATCCTGATGGCATGTGAGGTCACATTAAGAAAGGGGGGATGCTTTAAACGACCTGCATAATCTGCCACCTATCTGATACGTCGAATGGCCTATCATCGTGCTAACTGATAGCCGTAGCACCATATGAGCGCCCCTACTAAATACATAGGGATTGGTGGATAAAACCTCAATCTGTCGTCTCCGATCGGAGCCTCCGATTAAGATATCAAGGATTGACCGTCCAGAAGGAAAAAGACCGTACGGAACAGTTCTCGTCTATAACATTTACTTCATTCAGTTGTCGCTCAAAACGATTAGGCTGTAGGCTGTACAACTGACCCTGCGCTGTTCGGTAATCGAGGGAGTGGTCCTACGCCCTCGGTCGAGATGATTCATGGCACCACCTCTTCCATGCCACACAGACCACTCTGAGGACACCAAATTTACAGGTCACCTGACGCACAGTGCCAACGTGCGCCAACCTAAATAAAGCGCGCTGGGAATGTACCAGCCGCGTTACTAGATTCAGCCCTAATATTTTACCTGGAGATGAATTCACCTTATTGATATCCCAGGGTGCCCGAAGAGGAACTGCACCAAGGTAGTCCACATGCGGTGTTACATCCTCAACTACCGTTTAACTGCCTGTATGTCTCGCTCTTCAACTGTTTCGGTAACAGGAGTTTCCACTCCGTTCCGTTCAAACGCCCTAGA,1660,47.53,Arabidopsis thaliana
SEQ_835041,ATACAGCCCGGTGAGTTCTGATATAAGCGGCATACCTCGTGCTTCTCCCCCTTCGAGAGCGCGTCACTAACTTAGGCAAGCGAATGACGTACTCCACTCGGCAAGGTGGGATCACAGTAAGTGTGGGATATGTTGGTAATCTCGTCTCGATAAGCCCCTTTTCACCCTACAAGGCGAGGATTATCTCAAGCTACCCGTTTTCCACGTCGGGTCTCCGGTATTCAACATTAGCCACCAAACTCGGGATTTGGAGAGAGGCTTTGCCAGTAAAACGTAGCTTTGCAACACACCGGACTGTTACAGATCGATCTCAAAGTTGTTCGTTCCGCGGTGGCAGATTCTTAGAGTTGTTCTTGAGGTGAGTTCTAACAGTGCTTTAGGCAAGCTCGTGATATTCGGGGGTTTACTCGCTGCATACACTGGTACACATATAACTTGCAATACTCTTTCATGACGTGTAGGGTCCCTCGACGAGGCTTCAAGGGAGCGAACATCAATCTTAACTGAGATTAAGGCTGTTTCTTCACAATCGAGCTGTCAGGTTGAGGAGACCGTAATGTTATATCATTGTTTAGCACACCCCTTAGTCGGTCACTATTCTTGGGAAGAAGACTGCATCAGGTCGGTACGCCGTTACGGGTAGCGGTGATCTTGGCTAAGATAGGGTGAGAATCACGGGCTTAAATACCTTCGGCGTATTAGGCAACGGATTAAGCCTGACGCCCTAAGTTTAGACTTAGGAATATCAGTGTTTAGAACGTAATGTCCCGTTTTTGTCACTCTGACCTCGCTGAGAATTCCGACCGACGTCGGCTGACCGAGGCCTAACTGGGCCAGGCGCGTATGACTCTTACTCAGCAGTGCTCATCGGAGGCCTGTGATCGTGTGCCCACTATTAGTCGTAACTTGACCACAAAGACGTGGGCGAAAAGAGTCGAACATGTCTGCCTACCGAATAGGATCGTATGAGGACTGCCGGTCACCCGCGGACGCGGTCGT,999,49.95,Arabidopsis thaliana
SEQ_751727,TTGTATAGCGATAAGAGCTCCCATTACGAATGCTGTGCCGCCGCACAACTGACAGGCCGTAAGTCGCCTCCTATAATCTTTGTCTCCAATGTATCTGGGCGGGTAGTGCGCCGTCTGCTCGTGGTGCAGTGCTCTGGATCAGGAAAAGATCCCGCCTAAAGTAGGGTTATCAGAACCTACACACAGTTCCGGAAATAGGCAGTTACAGAGCTCTTTATGAGAGCCGTTACAACGGTTATACACGTCAGGTCACCCGTACTATCCTATAACAGGATGGCTCTTCGTGTGTCAAGCTAGCGGCAATAGAAGGACCTTCTGATACATGGAGGGGCATATGCGTGGCAGTATACCAAGAAGAGTCGTTTACAGTTAACGGCCAGAGTTACGTAAATTTTCGGCAGACGAAGAGCCAGGACCATACAGTGCACCATCGCTACATGCAGCGAAGAGTGGCACCCTGGCTAGCTATGTACGTTCTATTACGGCACCCCAGAAGTAGCTTAAGAGTATCGTACCCTATAGAGCACTTATGTCACATAGAGTGGCCAATGACCGGCTACTTGCCGTATTTGGGAGTGTATGTGTAGGGAATTAATAATAACGGAGGGCCCAGTATCATGCGCTCCGACCGTGTACCACCAACGTTGAAGCACCGCTGGAAGGCTGTCTACTGATTCTCACGGATGGGTAACCCCTTTTCATGGTGTAAGCTCCCGGAGTGTGGAAGAAGGGCTGAGGCTATGTAAGACGAGTACATTTGCCTTATAAGAAACACTAAAAATTGTCCTAGTTCGCCCCGGCCCCTGGCTTTGGGCAAATTTTCATCGTTAGTCGCATCTAAAAATTAGGAAATGTCATTGCAATGTTCGCGTTGCCTTGATCATGCGTATCCTACTTGAGTAGCTGGCTACCTTGGCGGAGGTAGGCCTGAAAAGCGAACTAAGAGGCGAGACTCTTCGAGCATGATGAATCTAAAGAAAGTTCGACGCATGTAATCCGAAACATCTCTTATCCGGGCGCTAACCTCCATGTCTGCTGCTAGACGAAAGGGCAACCGGTATAAAAGGACCGGGCTGATGAATGAGCGCTAAGCATGCTGGCTCTTCCTGGTGCAGATCGGCGGGGCTACCCCGCTTACGGGACGCGTTTAGTAAATTACAGGAGGATACCTTATCCCGCATCTGTCGTTGGTGTATCCCTCTAATGGTTAGGTTGGTACATCACACTTGCTGTTAGGCTCCGTAGTCACGGGAGAGCTGATAGCCATTCCTCTCATTGGTTGAGAAGAGGTCACGGCAATACTTATAAGGTAGAGTGAGCCAGAACCCTTCCGACCCCGTCATTATATCTTATTATAGCTATCATAGAGTCTATCGAAGAATTCTCGAGATCGTTGTCCACTGATATGCACCATTGACGCGCCGATTGCCCTTGCAATGACACGTGGTGTATACCGTCTGGTCCGGATATCTACATTAAGGGTTATTGTTATCAGACTCACATCCATGGCGCTTTATGTTGTTTTACTACACAACTTTGGCTTCTTCGGGGGGCTTGGATGCGCGCACGCCCCCTTTGTTGCAGAGCGCGCAAATGAATATGCTACCCAATCGCTGGTGCACTGGGCAATTCGATTCTGGCAACGCAGATCTGATCACATCGTAATGAGGGAACAAGGATTTACTTGATGGTCCCTTCAAACTCCTGGAA,1710,49.06,Escherichia coli
SEQ_839624,TCAGGTTTCAGGTCTATTTGAAGTCGCCGTAACGGCTTGTCAAACCCCCGGTTCGTCGCCACTAACACCTGCGCCAGGGGCAGCGTGACATGGTTTCACAAAACTTAGAGATCCTTGGAGCTCTAAGCAAAAGTAGCCAACTCCTGGCCTCCTGCATGAATTGCTGACTGGACGAGGAGCAGCGCTTCTCGGACGTATTGTTGTTGTTCAACCGACGGATGCAGACGTTCTTACTATAACGTCTTGCGCATGGGACGCGCCGTTCCATTCAGCGAGTGGCATCCAAGTCAGAGTTGGGTATCTTTATGACGACCGATCGCCTATACACAGCCCATCATCGATATCTCTACGCGGTGCGTCTAAACGACCGATTGGATATAAAGACAGAGCCTGGCCCCCGATACTCACGAACGCTGTGCGAAGGCACAGAACGCATCTAACCTTGCGCGGATGGCGAGGGGAACATGCGAGCAAACCATTTCTTTGACTACTCGTTCGCAACGATCCGGTCTCTGGCCAGGAGCAATTACAGGGCCCAGTTATGTGGCACTCCTAATTCATGCGAGGTGGTGGAACGGACTAGTGCGCCAACAGGTTCGTAAGACAGGATGGATACGCCTTTACCACGTGTATGCGGGTTGGAGCAACAGCTACTGTGGCGACGGTCTCCAAATGTACGTGAAGCAGTCGCACGGAAGCGTGCGTAGGGCGGCGGCAGCCTAAATTTGCTAGGGTCTATTGTTAACTCGCATGACAAAGCTCTCCGTAATCATAAGCACCAAGAAGAGGGACGGTATGACCGGCTAGCTTAAAATATCGCACCAGCATCCGATGACTGACCGGTGATTATAGTGACGCGGCTTAGTTTCGTGCTTCTACGTTTGATCCGCGCCGAATCGAGAGCCGACCTTTTCTGACGGTCCCCCTAAAATAACCTGTCAGAGTCCGTTATCGCGCTTCCTGGTAAAATTACCAGGTTTGTATCAAATTGTCACCTCAATTCCATCCCACATGGCCGACCAGTTACCCCTCTACTACGATGTTACCACCAAACTCCGCAGCTTTGACCGGTATGGGGTCGACATACACGCGTACCAACTGATATCCCTGGGGCTACGTGTGATAACTTA,1130,52.21,Caenorhabditis elegans
SEQ_993203,ACCAAAAGATGCTACATCTGTGGTCCTATTGTCAAACCCACTACGGTGAGCCCATCCGTCTACATCTGTGTCTCGATCAGTGGTAGAGGAACTTATGACAATGAGTATTCCCCGGGCGGGCTGCATCGCCGGGCAGCCTTTTAGCCTGGGAAACCAGAAATAAGCCAAGGAAGATATTTTCAGGACTGGCCTCAATTGGGGCAGTTATTGGAGTAATCTGGTAGCTTTCCGACCCCATCGGTGCCTCTGCCGATCTACCTCAGGTGCCGCTGATCCTTATGCTTACTTTTTTGGTCTTCGATCATGGCGCGATCCCAACACATCAGGGCTAGCTGGTTTTAGTGCCGGAACTCGATGTGATATAAGACGCGCGCGATGCGACGCTGAGCTACGCGGTCTCAATCTCGGTACGGCGTCTTGGGTTGTCGTAAGAGAGAATGACACAAGCAAGATTCAAGATTTATAAAAGAGTTCACGACCCCCAGCTTACGCCTGGAGTTTAGATCGCGAAGAGGCTCAAGTTGACGTCTGTACAGGGCGTGCTCATAGCCGTAACGAGTAAGTAGTGTGAGCGAGACGCCAAGAGCCGGGAGCACCATGAGGAGTCAGGGCTATGCGGCTGTGCTAACTTACCAATCCGCTTCTATGATGCCACAAGTTCCAAAATTATAGTGAGGCTTCCAGTACCTAGACCGGCCCAACGGAGAGGGAGATACTAAGGATTGCGAGAAGCTACGATGCTTCAAGGTGTTCGTAATTGAGTAAGGGAGTTCCGGCCCTCAGGCATCTCAGCGCTGTGGGCGTTGCAGCGCCAATTGCTAGGTGTGGGTCAATACGATTACGTAAGACGCAGGTCAGTCCCCCTAGAATATTTCACACGGGAGCCTACTACGTTGTCTTTACAGAGACACTTGTGCATTTTCGAGCTTCGGGGCTCCGGATTCAGCGAATATCCTCCCATGACTGGGCTACCAGTAAGTCCCGCAGTTAGAGTCGTATCCCAGTACGATAGATTTCTGGGTGTAGTCAGAGGCTCTCTAGTACCTATGCGCGCGGAATCCTTTCGGCCGCGTCCACTAGGACTATGTAGCCGGTGTGGTAGGCGACCTGACGATGTCCGATTCGATTGCCGTGTGGCCGGTGCTTCCATGATGTGGATATTGGGCAGATAGTAAAGATCGCCGCCCTAACCGGAGAACAAGGTATATATTCACGTACAAGAGGAAGGGCGCTATCAGAGAAGGGGCGACGATATTCGAGATCCGGCGTATAGCCTGGTTCATCGAAGGGCGTTTTTGCTTCTGTACAGAAGTTTCTGCCACGCTGTGGTAGACTCACCCGTCTCCTAATCAGCGCAAGCTAAGCTGATAATACGCAGATCAGCCAGGGCCTGACCCTCTAGGGTGTGCAGCATTGGCGTACCGTCGCAAAGACCAGTAAGCTCAACGGGAAGAACACGACGTCACTGGGAGAAGGTTAATTATGCGTAAGGAAAAAATGGTCCAAACCATGTGCAGCGAAGGAAGAACGCCGATTATTCTTCACCAGTCTTACAAAATGCCTGTGTGTGTTCATCCCCCTCGGACGATAGCAGACCCAAAGTGAGATTTAGATATAAAGTGGAGAGGCCCACGGTTTTCGAACTTCTGGCTCGCGAGGACCGGAAAGAACCACATGGGGTTTATTCAGCTGGCTACAATCGCGCGATTGAACACATACCCCGAATTGTGACCATTAAACCATATCGACTTTATTGCGTTACGCGTGGATATGCTGGAATGTTACTAGGGTTTGATCAATTCGTGAAGAATCTCAAGGCTCAACACACAACGTACCTCGTCGTCTTCATCGGATTACAT,1859,50.94,Mus musculus
SEQ_778781,GAAGAGAACAGTGGAATTCGCTGTAATGTTCCATTTATAGGCCTCGAAGACGCTCATAAAGGAACATGTGCTATGTACAGCAAATATG,88,40.91,Mus musculus
SEQ_555984,GCGATCTGGACTGCAACCCGTGAAGGCCGGTACATACCGCGATGATGAGCACGTCATGTACGGTATATCCAAACTCGAGTAGAGCTTACCAGAACAGCATGCCTATAGCTGTCCCTCGTAGCATTACGTTTCACTGTCTAGGCCTCACGACCCTCAATCCGTCTCGCCGTAATCCCAGGTGTCATAGCCTAATCTAAACCGCAAACTGGGTCAAGGTGATCATGACATATATGCCGCTGGGTTCAGTACCAAGGCGCCCGATGCCCCTCGCGCATTTAAGGCCTCTCACTAGTGATCTCTCACGTGTGTCAAGGCTTTAAATACACTGGGTTGAACTGATAAGATTCGAAACAGGTAGGAAAGTTTACCACTTAGTCGCGTAAGTATCCCCGGCGCCTCCCATCGGGTACGTCGAGTAATATGGGACCACTGACGATTATCCCGTAACAGCGTAACCTTTACGAATGAAGAAGTACGGTCTTTTAAAGTCGGCGGTTCAGATATGCCCCCCTTAGTACAACGCGCCGCAAAGCGAGTACGGCTGACTATACTATTTATCCTCTCGCTCGCTAATTGTCAAGCCATCTAGTACTCAGTACGGCTTCAGATTTCAGTATTAGGCTTTCGTTCCCAGTACTATCTTGACGCGACGGACAGATTGTACAATCACTTGTAAAAGCGGGTAGTACGAACCAACACGTCGTTGCGCTGCACTCCAGAGAGTGGAATGGGGTCGCACATTCGCGTTACCGATTAAGCCATTAGGTGATTATGTCTTCCTAGTATAGACAAGTTCCTGCGGCCGCTGATCGAGGTGTGCAGAGTATCGTCTACCCGTCAGAAGCAGGCACAAAATCACTGGGGAGACCCTATCCGACAGAGGAGTAAGTGAAACGGTAGGTGAGTGAGGTCAGCTATCGGCATATGGCTCATCAGAGAGAGTAGCTCGTAGCCGTCAGTGTTTAAACAGCATTCGTTAACGGGCTGACTCGGCTCACGGCAGTGATACGCGGACGCACATGCTGTCGTTAGCAGATCTAGGACTGGTTTGATATGCTGTGGGGTCCACAAAACAGAAAACACCTACCTCCGTGACTCCCGATGAGAACGGACTGGCATCCTTGGTTCGCGTGCCCCCTCGATGAGTGTAAGCGCGCGGATCCTGACGCCTAAAGTATGGCCAATGAGTCCTGATATTGAACTCGATGGATATAGTACCGAACGTGCGAAGCTCGCACATATTGTGGAGACTCTCAAAATTATTCAGTGTTAGCTGTATAAACGTCCCCGCTACAAACTTTACTTTATGCCACCGGCGCCGTTCCACATATTAGCCTGGGCTTTGTATCAACACTCGGTACACCAGCAGGCGCTACGGTGGGCTAGCTATAGTCAAAAGTTCCGGGATGTGCCCGGCGACCCGGTAAGATATGGTGCCGCCAAGTGCAGACCACGGCGCACGTAGATGGATGTTTACCCTTCCGAAAACCAGGCCGACCTGTCTCACACCTTCGAATATCCGGGTTCCTTAGGACGGTCGTTGAAGGACGTTAAGCC,1557,51.12,Saccharomyces cerevisiae
SEQ_127439,TGCGTTAGTAATGTTAAGCGGAGCGTAAGCTTGGTGAGTCACAACATGCGGAGTACATGTGCGACTGAGGATGGCCCCAAGATTTAATTCCGAACCCCCGCACGTCTCAGACTTTCGCAAGCGGAAAACGGATCACAAATATTGTGGAACTGTGGAACGTTCCGTATTGGGGCTAATTGGGCTTCCCGGCCCCTATATCAGTTTGATTACCGCGGATTAGCGTTTGAGGGCAGATACGCTGGCAGCTAAAATGTTTGGGCTGCCGTAGGATATATGCAAATTAGCATGAGTCAAAGTTGTGTTTCCTTCAGGTGGGCCCAACGCCTTGGTTAAGAGAACATTCGGTTCATCAGGTGGGTGAATCAGGGGGCTCGTACGGAACTAGTACGTTGTCCCCTACACTAATATGACGGCGCAGAGAATACGGATGTCCCACGATCGGCGCGACATTATCCGGAGGCGCTCAAGTGCTCTTATGGTGACTATGTAAGGAATACATATAGAGCCTGTATTGAAGAGTCGGGATACTCTGTGAAGACGGTGGACCACCTAGCTATCTACACTTGAGAAAGTGCACACTCACCGCAGTACGTCTCTCGTAGGATAATACCGGGCGTCTGTACACGATGGATCGTTGTGATGATGATTGGAGACACACAATATCGCTGAGGCGTGCCTCCGGACCAGTCAATCGGGTGCCGAACCCTAATGGGGTCGGAGAACACGATCGGGAGCCCTGACAACGCCACGCAGCTTTTCGCAAAGGTTTTACGCCCTCCAGCATGTACGCTCGCGCCAGAGCTTAGAGTATTACGCCTGGCATGCTTCGACCTTACAGTATGAGAAAGCCATGGTCCAGGACTACAGCACTCCCTTTAGAGATGCAAAACGAGTACATTCGCAGCGATTTTCTGACACGACTCAAGTTGGGTGCGCTACCGCCGGGCAACGCCTTTAGATCGGGGCTTTAAATCTCCCCCCTCGTGAGTGAGATGGGTCGATGAGAGTTCCGCCTGACGGAATTGCAAGCGTGCGGGAGGGCCGAC,1046,52.2,Arabidopsis thaliana
SEQ_409632,GACCACGACGCCCTATGCACCCGGCGCCTTCCCTAACCCATTCTACGAGGTTCCCAGCGGCCACTCGCCCCGCCTATGTGCCTCGCCGTAATCCTTGCAGCCAATAACAAATGTCGGACTTGTTGACTATGTTAGGTAGCGTTTTATAGCCGGCTGGCGACCGGACCTAACCTCATCTTAACACCCACCGGTGGGGCAGACGAAGGGTATCCTAAACTGTGCCGTTCAGCGGACTGTCGGTAGGAGCTTCCAGCAAGATTCTTCCAATAGATCATCCGATTATCACACCGGGCCGCTGCTCCACCGTAAATTGAGTGTGGATACCATAGGAGCTCAGGCGGGCAGGCCGAAGGCAGACTTTCTAAGTGCAGAACAGACAATTGACCGCTCATTGCCTACTAGTGAGCTCACGTCTGGTATTTGAAAATGGCTGCGAGGGAGCCAATAGCATGCTATTCATGCTACCATGCTCCATGCTAGGAAAGCTGTAATGCCTATTCGGT,503,53.68,Saccharomyces cerevisiae
SEQ_427411,AGTTGGGACCTAATTACTGGGATCAAGACGTCGCTGGTCACACGCCCGATAATGGCATAAGCTTGCTCCCGTAGGGCCAGCACTTACCCAGGGGAGATGACAATCTGCGCTCGTCGGCTAGGAAACGAGAGTGCACGCTACCTGGCACATCAAGTAGCACCGTC,164,56.1,Saccharomyces cerevisiae
SEQ_572216,GATAGGGTCAAAGTGCGCCTCACGGACGGGGTAGATTTTAGGTCTGATGAACGGTATATCGGAGGCCTAGGCGATTAAGCATAGGTGATACACGCACGGGACCTCACCCGTGCTTCCCCTATCGGTCGCCGGACTCCGTTAGATCTGTGCAACGGTGTATGCCGTAGTAAGCGACCCAGCCCCGGTCATCAAGTCTTTCATGCAGAATGCATGACGAAGACTGTCATCCTAGTGATAAGAAATGCGATCTTGGGTTCCGGCGCCGGAGGCCCACCAAACGCTAGAGATTGTATAGAAATGGTCCTGATCCAGACACAATATCGACGCGCATTCAGCAAGGCCGCGCTTGTGAGTCAGCGTGCGGCCGAGCTCAAGAGCGGGCTCCCTCAGCGGTCGATTCTTTAGCTTACTCGACAGTCGCACAGCTTTGTGATGGTGAATGTAACAAGGAATTTAATTGGTCAACTACAAGAACTGATATTTGAGTAATATTTGAAGCAAACTATTCGTGTGGGCGGGGAAGCGGTGTTAACGTGACATCAAGCATTCCCTGAGGGAGGTTCCTCGATGCTTAATACCTTCAAGGAGCAGGAGTCCCCCTTGAGGGGAAAATATCGGATGCACTAAGGGTATACGACGTCCGACGCGTCACTCGCTTGGAGAAACTCTACCGAACAGCTCATCGCGGTGCGGAGTCCAACTATTTGCTCCGCTTGGCGGAATCCTGTAACACCACCTCAATTCACTCGCGACTGCTCTTGTCCCGAAATGAAGGGGTCACATTACTAATTACAACAGGAGGAAGCGGTGCCGATTCGCTCTCCCATAATGAACAGCCAACGGTACGCCACCTTTTACGCAGGTGTAGCAGACAGTGAAGGCAAATTGCCCAGCTGGTTTCCTAGACGACCCAGCTTGCACACAGTTGGACGAAAGTTAAGAATGATTGAATACAGCGATATATC,965,51.3,Escherichia coli
SEQ_651338,TTGTGTGTCGAGCAGGACTCGCCCACACTAGCGTGGCTACAACGCTTACATCCCACGCGGACGAAGAACCACCGCCGAGCTTTTAAGTAACATTCGCTCCCCTGGCCTATCCAATCCCACATAGAGGGACAGCAAATATGTCTGCTTCACCCCGACGACACGACACCCAAGCGGTCCTTAAGTCATGACCCCAAGTGTTTTAGGCTCGTGAGGCGCAATACCAATTTCTTCAAATTAGTCATTGGCCTACCGGGATGACTTATGATATGACGATTACCCTTTGAATCCGTGCCACGCACGGACGCCATCTCGATCACTGGATTTCGCGAAGAAATTTCTTACGGACTTCAAGAGCGTTTGAAACGAATTGTTGGGTATACACCCAAGAAAAGAAGCTGCTAACGACTGTAGTGTACATGATGGTCGTTAGTAAGTCTCAGAAGTTATATGTCATAAATAAGTAAATTGGGGAGGTGGCGGTACACTGTGAAACATTCTCCTCCCTCACGGAGAGATGTCTTCCGGAGTAGTCGTGCTTCGGATACAGTTTGCCTACCACTGTGTCAATCTGAACGAAAAGTTAGGAAAAGACGTTCTGACAGTTATAACGAGCAAAAGCCAACTGACTCGTTAACCTGCCTCAAACGCTACTATAGACTCCCCGTCGTAAAAGGCAGCTTATCTCACTGATGGCAACCGGACGACTGACTCCTCCGATTCTTATGTTTACCGCATCGCTGGCCCAGGCTACACCTCTCCAATCAAAAAGCGCTTCGGCATCGCATTATACCCATATCGTAAGTAATGGGACCGGCCATTCCGGACGACGACAGCGCAAATTGGGACACCGGACCGTGAACTAGAAGATGACGACGTCTGACACCTATGAAGGTAAGCGCCGGATGCATTGGTCGTTCTCACTGACCGGAAGACGGCCTGTTGTTATCAGTGTGTAATCAAGTCATGGGCCGATTTAGGTGCAATCCGTTTACGGTGCGGTCTGAACGTAGGACCCGTTCCCCCATACATACGGTACCGATTGTGTTAAAACACGAATGTCACGTGCTAAAATTAAACACTCTCCCCGAGGTCGACATGGACGGCCCTCACCACACCCGTAGCGCAGAGGGGATCATCCAAATTGGCCATAATTACTTGTGAACTACGCATGCGGGCCGCGTACAATACAGGTATTCTAAATAAAACATCCTCATCTATTGCACCATAGAACTAAGCCCCCGATACCGGGTCATTATATGCGGTTCCTGTTACTCGTTTGACCCGGTCAAAAGTAAGTGAATATGGTTGCTGTCTATAGCATTAGGAATTACTTCCGTCCCTATGTTTGCCGCGTGTTCTCAGCACTTTGCCGGACAGCCCGACAGGTGGCAGGTGACCAGGAATGACTTCGGAGACTTCGCCTGAGGGCTTCCTGCGGGGATGTATCAGTTTCCCTGAAAAACAGAACTCCGTAAGGGACCCAGGCTCGATTGGGCGTCCACAACGCGGGGTCTTCGTGGATGGATTAAATGCCGGGCGGCGGGTACGCGCATTGTATGTTGCACTGGCTTCACATCATCAC,1582,50.06,Saccharomyces cerevisiae
SEQ_156797,CCTTTACTGTTCCGGCATTAATGCTGACCTCTCGGCCCGAGCTTGGGCCCACCTGCCGCCAATAAAGGTTATTGACTCGGGGATAATATACGGGATTTTGTTGCAAGGGGTCTTAGGTCGAGCGAGCTTATAGAGCAAAAGGCGCCCTCGCTTGGGTAAAAGCCTTGAGTTTGTAATCTTCCGGGTTAGAGGAACTTCCTGGTGGCTGGTACGTAAAGCCATGGACGAGACACTGTCACATGATGAGAATGTCCCTGTATACCTCTTTGATTGTCAAGGCAAAGCTGTCTGTGATGGATCACCAGAAACCCTGCGTTTTACGGAGTCGGTGTATCAGGATACGTTCTATCGAGGCACAACAGGCCCGAGGTTATGCTATCGACAGTCCGCTCCGTTCCATGAAGGATCCGCCATATACAGGATCCTCTGTGCCCACTGGGGTCAGAGAATTGTGATACAAAGTGTTGCCTGACTACCATGATACTGTCCCGACTTATTCAACACGACTAACCAAATTACATGTGATACTCTTGGGTATAGTGTTTACCTTCTCCTCATCAGTATTCTAGGCTTCTGGCGCCCATATTGAATCCACGGATAAGCCATAGCACCCCCTTCCGAGCGCCCTCCGTATTCACAGAGCTCGCAGCACCGTCACACATCGCTGTTCTCATGGCCACTACCTCCCCGACCCACCGGAAGGATAGTGCAGATGTACCTGGTCACTATTACTGCTTGAGCGGCAAGAAAATTAGCGCAATTAATTCCGCGTTTCACATACATAGGGCCAACGCCTTCCGAATGAAACTGTTCGGGAGTCGGGCGCTGATTTTGGGTTGTACAGTATCCCGCGCCAGAGAGTCTGGTTTGACCGTGTAGCGTAGTCCCCGGGGCATATGCGCGCTCGTAACGAACTATCATAAGACTCCTAGAGTCCTATCATTCTCCGACCTTTGGAAGCACGTCGACACGTGGACGCGCTAGTGACTATAGCAGCAATTTTACTATATCTTGCTTGATTCGTGAA,1027,50.34,Homo sapiens
SEQ_581841,CCCCTTGAAGCTCCATTTCCTTCGGATGCGGTTGATCTAGATCCGGTGAAGAAGCACCCGCTGGAAGGCCATCTGATTGGGAACCCCAGAGAGATACACGCCCCGCGTGGGCGGGAGCTGCACACGGCATCTCTCCCAGTTATTCAAGGTGTTGCCAGACACGGTAGGAGACCTGAGCAGACTATGTACTAAGATATTTTGGGAGGAGCTCAATAAGACGTTGTGTTTTAGTGTGAGGGTGCTTGTGCCTTCTGAGTCCCTACAACCGCACTGTCCTTGAGCCGATTCTCCCTGGAGAAATTACGACTAGAGTACAGGTTGGTGCACGATTGGAGCGAAGCTTCATCCAGCTTACTCCCTCCATTGACGCCCCTACCCCGGTCGTACATTCTATACTGTGCTTGAGAAAGCCGGTTTAACCACCTGGCCCAGTTATTTGCTCCGGCACTGATACGACGGTGGTGTGCTGCTGCTCCGATCCATTGGAAACTTTTTCATACACACACGGGCCGAATAGGGTCTTGAGTTGTCGTTTATATGCTAAGTCCTTGCGGGGCCATTACACTGCAAAGTTAAGGTGTACGTTCGGAGCCCTTGTCGCTGGTGTTGACACCATCGGTTTTGCGCATTAGGCGATCTTACGACCCCGTTTACCCCGAGGGGGCCAACAGTAGGCACTCGCAACGAGACACCCAAAAAACCAAATTATAGGAGCCTTGTTCGAGCATATTGTAGTGTTGCGGTACCCTTCAAGGTACAGATGTGAGCACCAATGTGTTATATCCCCTTAGTTGCTCAATCACTTGAAAGCCCTAAAAACTACCGCTAGATGTTAGGACTCGGGTCCGCACCAGCCAAAAGGCATTAAGAGCCCTTGTCAGTGACAGATTAACCCTGTACTCGTCGCAGCATCACTTTGTCACAACGAGGCAGTCAACGTGGCTGATTAGGACCGCAACTATGAGGTGTACGACACCCCCCGGATGAACCTAAACACAGATTACCCATCCGAGGCATCTGTACTAGTTAGCAGACTCT,1038,51.35,Saccharomyces cerevisiae
SEQ_100296,AACGCTATGTATAGACCAATGTCTTATAGATGAGCGCCTGGCGGAAGGCTAGTGGACCACTGTGTATGAGGGCCTCTATCAACTCCGCGATCTAGTTCGGAGTGTCATATCTGATGAATCTAACGCTACCCTGCTGGAATGCAAAGCGAGAATCCCGAAGTATCCAATTGGGGAAGCACTGTCTAGCGATTTTAACCCCCTGTCGCAATGCCGACTATTCGAATAATATTGCTCGAAGCTGTGGGTCGCGCCAATGCCTATTGCCTGTCCCATTAAAAGACAGGGGACGGTACACTTCGTCCGAAGTGGTCTGTCCACCTTCTCGCCCTTTTCATCTCGCGACATTGTATCGGGCCTTTACCTGTGCGCCACTTAATCATCGCAAGCACCGAAGCACTCTCACTCATCATCTGAATGATGGCGGGCCTTCGTTGGAACCAGGGTGGATAGAGAGATTCTAGTCCTGAGAAGCCACGTCGGTGCTCAACATTTCAAAGAACATAATTAAGCGGGCCAGCGACTTACCCGTGCATATTGCCTTAATGCCCACAGAGATGAGAAGTAGGACTAGCTGCCGTTTATCTCATTAGGACGGTCACTTCGCGTGCCCATGTCGGGACAGCAGCAATTCATATATATTAGGCATTGGCTATGAACTTGAAGAGACATCGACTCTGACTCACTCTCGCTAAAGCTGTGGTGCTAAGAGCGATGTTTTTAGAGCTCTTCGGGAACTCAGAGGAGTGAGAATGCCGTATAAAAGTGACGAACCCTATTGCCGAAGGGTCCACACCGTTTACCAACGCAATTCGGCCGCCTTTCATAAGGAGTAGGAAGCCCCCAGACCCATGAACAAGGCGTTCATGAGGCCTGGTAGCGTGCATTCACAGTCTGCCATGCGCTGGTCCATTAATGTGCGGGGTTGTCATACGAGCAGTGTACAGCCAGAACATTAATCTTGGTCCTTACGTATGGAGTGCATAGGTCGTCTATAATGTTCGTCTTTCGGCTAAGCTCCCTAACTCAAATGAAAATCTCTTGGTTGCTCACGACGTAGGAAGCACGGCCTTTTTTCTTGTGTGAGAGATTTGCAAAAAGCCAACGATACCACAGAGTTAGACAGTTTTGGGACATTCACGCCCCGTGTGGAACGAGAACCACTGCGACATATAGTCGTTATGCGCTTCTTGGCCGTAAAGGTATCATACTATACCTGGTGGACGATACGCCCGTACGTCCAGAGGATTCGGGGTAAGCTGTAGTACTCTTGCATATTTCCGTACAGAATAATCCTGAGATGGTCGTCCTGGGGGCTCTCGAGGACCGGCCGACCATAACCAAACTTAGTGTTGCTCGTCGAATTAACCCCACGGATCCCGATTGTAGCTCAGAATTTGTAGGATAGTTGGGCTTTAGCTCCTCACGCTCCAGGCTGACATTATGAACACCGGATTCTAGATCCGAACCTTTGCAAAGTCCAGTTGGATCTCAGTGATCGTGAGTAGCTGCTTCTTGCACCGTGTCTTTTTGCATGGACCGATGA,1543,49.45,Saccharomyces cerevisiae
SEQ_791076,CCATCTCAAACAACTCCCATGCTTCCATACGGCGTCAGCGCTGCATTCGTGGTAACTAGATGCCTATGGTCGGCTAAACCTGATTGTCTCAGAACGCGGAATTAGTGCCAGAGTGGAGTCGGCACGGGCATACCTTTCCGACCTCGGCGTCAACTTATGTATGCCTGTTGACAACGTCTAAGGGGGAAGTTCGAGCTAAAGCCTGACCAGTATCTCTTTTACCCCCTTAAACACAGGTAGGACCAGTATCCACATTTGATGGTGGGCTAGCCAGGCACCGGGTAGTTCTTGTTCCTCGAGCTACCCATTTAAGATTGCAGCCGTTTCTCGCCATGCCCGAGACTGCCGCTTACAAGGCAGCAGAGCAGAGATCCGCACCAATGTTCGTGTACCCCGTTCCAGAACCGATAGTTGTGTGACCTTGGTCAACGCTATCCGAAACCTTCTTAGGAGCGATGCGTAGCTACTATCAGCGGGGACATTGAACCCTTCGCTGGCTCTTGATATTTTCATGTGGGTTAGTTTATCGATTCTAGGGTCCCCGGTCGTAAGCGAATAGTCTTGTTGACCACGGCCGCTTCGGACCACGTCGTGCATTAGCGGCTAGTAACTCATCAACGTCCCCTCCTGTGGCTATCCCCTAATCGGGCCCTGCCTTTTTAAGCTATGTTGACCCTCGTAGAGGGGTAAACCCAGAACTACTTTCTCAGTGCTCCCTTGACAGTGCGCTGGTGAAGATTTCAAACCGTGGACCGCGGCCGTGCCTGATGTGACTTGAGCCCTATTACCAAGCAGTTTATGGAGGTTTTCAACTGCCTGATTTTACATCGATGGTGCGGCACAAACTGCTCCACTACTCATCTAATCATACACGTCAAGCGTGATGTACCTATCTTAGGGGCCCAAGATGGCAGCACGCTACACGCCGCTTCGCAAGAGACGCATGAGTGCAAAGCGGTGGCCTTAGCGGCCACAGTAAGGTAAAGAAATTTCGTCCACAGGGTGCAGCCGCGTGATGTCCTGGGGTCGTAGAAAACATTAATGAGGAGGAAGTGCCTAAAACATTAAGTACTGTGCCGCGTCAAAATGGACTCCACCGAAAGACAACGAGTAGTTTCCTAAAGTCGCCATACCTAATCTAGAAATCGCGTGGAATGACTCATCGCCTGGAGATAATCCAACTCAGCATTGGAAACGTGCAAGGCCCTCAGAGGCTGCAGCCTTGAAGCTACTCTGTAAGAAAGCCCCTCGCGTTCACCCCCGTGTGCGTGAGATGATGGCTTGTGAAACTGTACGTTT,1299,51.58,Homo sapiens
SEQ_999134,GCTCGCAGTCATCGATGTTGCCGGGGCGATCGACAAATTTTTTTTATTCTTATATTAAGAAAAGTCCGGCCAGCTTCAGACTCATCACACTAGGGGGTAGCTTCGCTCTGTATTGCACTCCTGATGTCGTCTCCACTTCCTCAATTACCCTAGGCTAAGACCGCTTGTACTGGTATCTTACATGAAAGCGCTTTTCCGCCTTTTAACGCCCTGTAGAGTCGACGAGGCGACTAGGTTCTAATCGGTCGCTCACGGCTTGCATCGAGAGAGTTCTCTAGGCGAAAGACGGGGTATACATCTGGGTATCGATGAGGACAACCGCTCGTGGATTAGGGGACTGTGCTGCAGTTGTATAGTGCGAGTAATCCGGATCAGTCAGCATGGATTGTGGTAAACGTGGGCTTCCAATGCACAAGCGTCGCGCCTCCAGCGAAGGTTGACGAGCAGACAATGCAACGTGCATCCCATTCAGTACTCGAATGTTTACCGATACCGCCTCCGGAAATGTACACGTTTGATGTAGCATTGACTTCCGCTTTAGGGTTCCCTGAGCCCGTTAGGCTGCACGGCTTAGAGTAAGCTCGGCGATGAGGGGCGAACAGCCAGAGGCAGACGATCAGTATTTGAGGCGGAATGGATTGTTTAGCACATGGGATGACGGCGGTTGCGGACAGCTTTTCGCTTTTATGAGGAGGGCCCCAATTTGGATTAGGTGTAACAATCTTTCAGTCTTCTTTGAGCGCCTACCGGTCGAATTGGGTCTCATGGAAGATTCGTATATTTGGGCCTACACGGAGGTGTTTTCTGCCTTTAAGTAATCTTACTGCTCGCAAGTCAAACTAAATCTAGGGGGGATGAGCCGCCTCGCATTCGGAATGCCCAATTCCTTCGCTCCGATTTCAGGTTGCGAATAGGCAGTAAGCAGGTACTTCCATTGCCAGTGATTGTTGTTCATTTGTAAAATGTCGGTTTCTGGCGGGAAGCTGACAACCTTCGGTTATATAGTGCCATGAATTGGCTCAAGTACGCTGGCTAATACGCTTTCAGTTGCCCTCCCGCGAGCACAAACGAGGCGGTCCCGCGAAATACGATGTTCAACAGAAGTACATGACCTAGACTACCCGACCGAACTGTGTTTATCTGGAGTATGAGAAGGTCATTGGCTAGACGACCTGACCGAATCGATCCCTTGCACGCACTTCGGCAACTGTCGACGCTTATGCCGTAATACTTGGTTCCTCACAATTTTGAAGCAAATTCTGAGACGAGGGGCTCTAGACCATCTACATACTAATAACTTCTAACCTGATCCGAACTGCTCGTGTACCTTCAGGCTACCCCTCCTCGCATAGCGCTGAGCTCTTTGTAACCTGGCCGTTAAAGAAGGCATCAACCTCACTCACATTTCTTCTCTGGCTCAGCTCGACGTTTGTACAGTTTTGAGAGTAAACAAGTGTCCAACAGCCATCAGCTTGCTACCTTTGTTAGACTTAAGAACGC,1500,49.47,Drosophila melanogaster
SEQ_978365,AGGTAGCTCCGGCAGCTTTAGTCAATGCTCTGTGGTGGCTGCTATGCGGGTGATTATTTACCATAGAAAATCTCACAGTTAAAATCCTCACGCTAGGAACCGTCAGCCCGCGCCGTGAGCAATCCTTAGACCACTTCGAGGCATTATTCCAAAGAGCGTTTGAGACCGCCCAACTGCTCACGATCGTTTCTCCAACCTCGCCTATTCAGAGCACGCGGTATTCTAATTCTATCTAGGTCTCCTAGCGGGTACCTACTGGGTCATCGTCGTACAAATATCGTTGGTCGCATGGCCCCCGGGTTATAGTGCTGAGGTTTCGGACCGGCAGCTCTACCACCTCTTAAACGTAGTAGCATCGCAAGGACTGGCGCGTTAAGATTCGATCGATTTCCGCTAGACGTCAACATCACCTGGTTCTTTACTAGGCGGTTATGCAGCGAGTAAACGAGCCACGAGTAAGGAGCAGACGGGGATTTGTCGTGGAATTACGGGCCCGTATCGACTATGTAAGCGTCTGTGAAACCAACGATCTGCAGTCACGAAGTGCTGAGGACAATCCGGCTGTACCGGATGTATTAAGGCGTTCGCAGCATAAACACAATGAAGAGACTTGGGCGGAGGCTTTTGAGGCGCTTTACCGACTGTTAACGAAATCAACGATAAAATGCGACTTCTAACCAGTTGCATTTGAAGGCAATACTTTGAGCAACGTAAGGACCTCGTACTCCTGGAAATTACACATTCGACGGGAGCTCTTATGTACTTGAGTTGCCGCTTGTGAAGTGCGCCTGCTACGGTTGACGTTGCGCAATAGTAGTACGAGAAGACGTGGGACCCTACTATCGTCCAATGGCATACCCATCGTGGTGTGTTACTACCCAAGGGTGATACCGCTGATATATCGTGTTGGTCATGTCCGTGTGTGCACTTGCACACTGCAACTCATGTCCCTCCAACGACCTCCCTAGGCGGGCTCCCCCGCCCGATGCCTGCTCCCCATAGAAGTCAATGTACCATTTTTGCGCTCGTTGTGCTCATTCCACCCACCTTATTCGTTACCCCGGTGGGGATGGACCTTTTTACGCTAGTACGAGGATGCATGAAAGCGTTGCATAGTGGTTACGTCACGCACCATTGACCCATGTAGACACAATAGTTGTGTTTCGGTGTCAATTCCAACGGCGAGCAGAGATCATCGCACAAACAGGCTTAGCAAAACGTTGCGACTACCCGACTTCTGAGCAAGCGGGTAGGGTGTATGCGACTTCTGCTATCCAATCCTCTACTCGTCCGGAACGCAGGGGCGGCTAATTATAAGCTCACACCCCACTACAGCCTAGCCCCGTGAGGTGTCAGGTGTGTCAATTCACCCGGAGGCACATAGTCAACCTGTTCATAACACACCCAGCCTCCTTAAAATGGTACACTTGACTGGCTACGAGAGACCAAATACAACGCGCTCATTAACTGACCCGGAAAAGTGGCCATCACGCAGGCCAAGTGTCTTGTCTGGCATCGGATTCTCGCGGTTATTACACGGGAAGTGGGCGGGCGGTGTAAGCCACGGGAGACTTGCGCCGACACCCCGATGGTGTGATAGTCGCGTTGTGGCCTTCCGCGATGCGCTATGCTTGAATGGGCCGTAAGACGGCAAGGCGCCCGCCCGATGTCAGCTAGAGTAGAGACCTCCAATTTCACTACGATCAGACGCCTACTGTACGTAGTAGATTCTCTGCTTCCACACCACGAGAAGACAATTTCCGGGAGCATGCTGTGGCTTCAACTACTATTCGCAAGATGCGAGGGCTAAGTTTTAGTGAATTTGCCCTTGCGGGTTTTAACTAATCTATAGAAGGGTCCATCGTGATTCCGAAAAGATGCTTTACGAGCTTGA,1894,51.48,Drosophila melanogaster
SEQ_469924,GTGCTGGGCCAACCAATAGATCGTTGCGACGTCGTACGAATAGTTACTACAACGTTTGTCGCCCTTCTGACCTTCCATTAAGAGAGCCGCCTACCTCTTCATATCCCGGCGAGTGAGCTGATACTTCCGTGAGTCAAGAAAATACTCCGTCGCGCTTCTATAAAACGGCCCGCCAGTCCAGGCTACACCTCGAATTATTGAAGGTGCCGTGTGTTAAAGGGGAGAGAGCCGTCTGCCATGGTTCCTCGATATAGGAATCCAGATTGTACCCTGAGAGCATTAGGTCCAAGGCGTTATATATTATCCGACAATTGTCTAATAGTCTTATCGGGATCGGAGGTTCGTATGCGGCTGAGGGAACGCATGGAGGGCCCCACCACCATGTGTTGCTCTTACGCCTCTATTGTCGTACAAGATGAAGTCCCGGCCTTTGGCTATATGCTTGGGGCGGCCGATTGTAGTGTCCCACAGTAGGAAAACTGCGACAGTAATTTGTTACAGGGGCATCAGTGCAGGTCGGAGGGCAGTCTCCACTACCATCTCGTAACAATGCGTTTGAGCCTGAACGCCCACTCCCGAGACTCTATCGTTAGGACGGCCCGAGGTCCCCGAGCTTCAACCACTACGCAGTACGTGGTTCGTTGGGTGAGATCGCGAAGGCCTATCGGCGCGAACTAGTACACAGGATCCAATGACCACGTCCAACTTGAGCTAGCGCTCACTTAAGTCTCGTATCCATATTACCTGTCATGTGTGATCATCAATCTCAAGTAGCTGCCGTCGTGGACTAGCACTTACTGTTGTCCTCTCAGGTTTCTAGCCTTGACCGGATAGTGGTGCCTGTGTTAGTTTCACATGCAATACGGTCCGTCTGGCCGTTGGACGGAGAGTTCGTCAGCACCAAACAGTCACGCGGCAGGAGGCAACGCCTTAGATACCTCAACACGAATATAGCAACGCTTGCATCCCTGTCTACGAACCTGAGTTGGGCCCTGACCGGAGGAAGGCCGACTGACATGCACAGTCAGTAGGTCTATTCGCATGAGAGATTCTAGTGGAGAATGGGGTAGCATACATTCCAATTCGCGTTGTGGGTCATGCTCCAATGCCTGCGGCTCTCAACCAAGTAACAGGAACTGGAATCACCTAACGCCCTTTGACATTGGCCTACGAAAATGGGATATAACGGCGTTAACTTCGACCGCGGGGTCGCTGTGATTCCAAAGCCCTTCGGTATCTTGGTGACGAGACGCTATTGGGCAAGTCAATCTTGTGTTGATGGAACCTACAGTGGACAGAAAATCGGAGTTATCAACCGATGTACGGTCTACGGTTACGTTTCTCGAAGCAAATTGATCATAGAGAAAATCAACTAATCTGTCACAGCACACTAGTATTCGATGCTTACTGGCATTATCCCATAGACCGGGCGTTAACATGCGGAATAGGCCTGGGACAACTAAACCTGTAGATGATTAGTGGATGGTGCTCGAGGGAAATCAACTTCAATGTTCAGACGATGTTGCCGACGGACGAACACGGTTTGGGCGTGCTTACCGTGAGGCAGCCGAGTACCGGGCACGCGACGCTAGCCTCGTGTAGGATTTTTAGTACATCGTTGCTCAAGCCACTAAGCAATGTAGATTAGTAATCGCTAGTCGGTGTAATAATGTCCTCGGAAGTCCGTTTACAGCTGCAGGGTGACCCAGTCTCCGTCTTGTGATCGAGTGGACAATGACCATACCTCACCGATTATGATGTCGTTTACCGTTCGCGGGTTCTATACGCGTGTAACGCGAGATCCTGATTGAGAAGAATATTTTCAGGGGGTTTACCAGGGAGCTTATGAGAAAGCTTACATATCGTGACTGTATTTGCTCGGTCTTTCTCTTAGCGTGCTATCTTGTTGGCACGAGACACTCAATGATCCCGGTACAGCGGAATCGTGAGTTAATTTTCAACAAGTTGAACGCGATGTC,1979,50.28,Drosophila melanogaster
SEQ_386277,ACTCAATCATCGAAGTCCCACGCATAGATTCCCAGTTATGTTCTTCAAAGGGCTCTAAGTATCAGGCGTCAGTGCTGGTAAATGGAGCTTCGGCACCTGTATGGAATTATCGGGATACGTCCATTCGGTCAGGCACCCGATAACTGAGAGCTGCCTGCCCACCCTCCGGTTTGCTCTACTTTTTGTCACGCCTGCTGGGTTAGTACACTGTGCAGTATAGAGAACTAGTAGCTCGGCGTCCGACGGTCGCCCGCATCCTACAGGGAACCAAAAACATTCAGGAGTTGTAATCCCGTCTAACCCCTCGCTCCGATGTCCCCGCACCGTTTCCCCCTGAGGGGGAAGCCCAAGGTAGATTTTCTTTTAATGTTACTGGACACAC,382,52.09,Caenorhabditis elegans
SEQ_100226,ACGTCGCGCCCGCGAAATAAAGGTCGACATGCCGGCCGAGGATCAGCGACACAAAGATTGTTTATGGCATAGCTAATTCCCGTTGTCTTGGGAGCGCGTGTACGTGTGTGAGTAGTCCGCAACCACACGGTATGCCATAATCCAGTTGGTTTCGATTTGGTGTCTGCTTGTCGCTTTCAGAAGAGAATTCGGTTAGAAACGGAAGCGGTTGGCTTCGCGGAATTGCCCGCGGACACAACTTAGCGAATCAGTCCACGCATACCTAACCGTTCCGTATTGTACGCACTGCTGTCATTTTTGCTGCAATAGCCCGAAAAATTACGGCATGCGGGGATAGTCGAACCTGTCCCATCGACTTACCAGGGTAGCCATACCCGTTACAAGAAGTCGGGCGACGCCACTCGTGAGATAGGGGACTAAAGGGTCCAATCCACTATAGGTCTATCAATCCCGCTAGAGGTTATCGTCCCCCCAGTACCGTGCCAAATGTGAACGTCCAATAGCACTTCAAGGGGCCGAGTGGACTCGTGTGTGACTGTATTGAGGTGACGCTGATTTAATACCTATGTTCGTCGAGTCCATTCCCTCGATCCCGCAAAAGTTCAACCTACTCGTTGAGGATTTTTGCCTCCATAATCGACCCCATGCTAGATTACTTGTACGGCGGGCCTGCATCCGCCAGATCGAGTTGTGACGTAGATTTGTGCCATCACCAGGGTTAGGTAAAGCCGTCAAAGGGGGAAGGTAACTGTAGTTTAGTGAGGGGCCCACTGTTGCCTGTAGATACTTTGCCAGTGCGACCTTCCATGTGAAGGGGGATAGCGATCAGCTTACGGGCCACAAAGATATCATATCCGGGCTCGTGACGTACACCCTGTCCTATTACGCCCTGCGTCCCTAAAGCAATCACGGCCCCAGCTGGCTGAAGACCGGCTTGCAACGGTAAAGCTCTCATGGCACCGATGCCCTTAGCGCATCCGGGCGCGTCATTTCCGGACTTCTTTGGTTACTGGTAAAAAGTCACTAGCGTATTTGGAGCAGAAGCATGCGGTAAGCAGTTCGCTGGGAATGGATACGAGTAGCCGCGTCCTGACACCTAGCGCACGTGTTACCCACTAATATGGGTTCTCTTACTCACGAGGGTCGCCGTATGATGAATCCTATCCCCGGCCTGCACCTCGGAAGCTCGGACCCTCGAAAGTTGTGATTTATTTAGTACGGTAAGCCGCTTGCCGTGATTCAGGTTGTTCGGACGCACACTCAGGCTGGCAGGTAGCACCAGAAGTGCCGTACACCCCGTCATTCACTACACTACGGTATCGGCATGCGCATGCCCAAACTAGCCAAGTTCCTTGCCCTTGACACATCCATGCCCTCTGTCTAAGCGTAGGATTTCCAGCGGTGAGTAAAGCGGAGGTTATCCACCTCATGATGCTCGCTCAAGACAAGTAGCTCAGAGCCGCCCAAGCAAAGGCCGAAATATACACACGTGGTAT,1496,52.67,Caenorhabditis elegans
SEQ_762657,ACTATTATTAGAGTGCTGCGCACAGTTTCGAACGTCGGATGGAGGACAAACGGCGAATTATATGGTGCCGGGACCGGCCGACGTTGAATTATTTCACACCATTAAAGTTGAAGAAGAACTGGTCTACACATGTAAGCGCGATACTCGACCTTTTTGTTCAGAATTTTCAGTTCTTCCGGTCAGCCTCATAGGTTAAGCGAGATATGAACTCAAATCAAACTGCCAGACATGTCTTCATACCCAGTCCGTTGCTTCCTGAAACATATGTGCCTGTACCCTCCATAATGACAGGTATATTCCTTCAATTAAGTTGCCCATGCGCGAAGAGGATGCCACTATCCCCTCACGGTCCGAGAGGCGTTTCGTCTCTTAAGGGACGGGGGAGGACCTAAGGTTCTGTGCATTGCAATCGACCTAGGGGGCTATAGTATGTACGCCGCTGACCTATGAGTCTATGCCAGGTATGTACACATAGACTTTACGCTTAGGAGTTGGGGAGCCACACTTCGGTTAGTTTATACCCTCTATTAGGAAATGTTTTGGACCAGGGCAAGGCAAGGCGGGTTTGACCTCACATTCTTAATTCGCGTTTCCTACGCCACCACGCATAGGATACTTCCGTTAGCGAGAAGTTGTGCGCCGCCTTTATAATAGTACCGTGACCGGCTGAGTCACGCGGGGGACTGCCCGACCCTGTTTAACCATTCCCACCTTTCACACTGCGCCATTGAGCACAGGCTGCGTGCCAGGGATTTCAGTGGCGTATCAGACGGCGGAAAAATCGAGCTAGAGACTTTAAGGACAAGCGGTAACCAAGCATTCTGACGTAGACCGTTACTTTGTTGTGCGATCAGAGCTGATTTACTCTTAGGGCGGACTAATTCTAACGGTGGAAAAGAATAACCTTGGTGACAAGCGTCAATATACCTGGGTACGCCCACATAAATGATGGTAACCCCGGCCTGGAGTACGACGGCGCCAAAACCCCCACTCCATCGAGATTGCACACCGGAAACTACACGTAATTTCCTTGCACGGCAACAACTGATGATGCGAAAGGAGTTGGTTACGTCGTTAAGTCCAACTGCGGAGATCAACACTGTGACCGGAGTCCCCAGTAAACGCCCAGTCAGCGGACTATGATTTTGCCTACTTTGGCGGTAACCTGATAGGTATTTATCACGTCAGCTAGTAAGGGGACTGATAAAAGCCACGGCGCCGACCACTATGAGAGCCATAGAACTGGCACATATTGATTGCTGATTCGGATCGATGCTGATGTGTTGTACATTACTCGGGCTCAACGCATGGTGGATATCTTACCCAGAGGCCGACGGACCTGGTGTCATCGCAACCCTGAGCGGCGTTCGTTTAGCATTGGGGGATCCTGCGGACAATCGGATACATTTACACGCCTGAAACAAATTCCCACGGTTCGGGTTGGGTGCGGGAGATCTTCGATTCGTCCGAAGGATAGAGCAGCAGCTGTGCTGGGCGTGGAGGAAAGGGTTATTTAAGGATGGCATTTTGAAGCGGGTTCATACCTAACAGACTAAGACACCCCTGCTCGTAGTCCCCACGGGCTGATGCGGGCGAGCTCAGGTCCGAGGACAGTACTCATCTGTTCCTAAATCGACCGCGCGCGGTAAGCAGCTACAATACGGTGTTTAGCAACCCATCCGCTAGACGCACAGATTAGCGGCACGTTTCGCCGAACAACGGAGGCTGTGGCCAGGCCCTGAAGTAACGTGGCTCTCACTGATGTCCGATCCTCCTTCTTCCCTCGTTGCACGAACAAAGACTCAACAGCTACTCCGGCAATTTAGCCCAAGTAATTCCCTTATCTCGCGGGCCTTGAA,1859,50.94,Escherichia coli
SEQ_806897,AGTGTTCTTTATTGGGCCAGGGAATTCTTTCAGGCCCTAATAACCTCGAGCGAAGCTATTTGCACGTAAGTCGGATCAGGAAGGGGCCCGGTCTGTGCGAGATTATTGCCGGGTGCAGCAGTCGCCCCACGCCACTTTAGTATTGTGCGTCAGTAGGCGGTAGCCTCATTCGGGATTGGCCTGTTGAGCAGAATGCTTCTACGACGGCCAACTGACCAGACATCCTGGAGGTCAGCTTACGAGGCTTTGCTAGTATGCTGCTACCCCTATCTGGGACTCGAAGTCACGTCGCCGTCAAACTCGGCCCTACTTGTGTTGTATAAACGACTGCCGACCGCGCAGATTTGTGATCTGGCATAGTCATTTTTATGGTGCTACACAATCAGCCAGACTAGGTCGTAAGGTCCGGTATGAGTGCGTACAGACTCGACATCGGGATGACCCACCGATGAGGTCAGCACACCGTTGATGTACATTACGCACATTGGGATGCCCTTTCAAACAACCATACAGGTTCAATCCATGCTGGGTGGATGCAATTGGCAGCGTTACCCGTAAGGTTGAAACGAGCATAAGGATGGTTCTTGATTCTGTTGCGGTAGTTAGAGCATTGCAGGACATTCAAAGCGCGCGGGCTCGATTAAGGATCTAGCCACGAGAGATGAGGCTCTCAATAAGACGGGATATAAGTAGTCTGCGATCAGGTTGAGATGGTCCAAGCACGCTACTTATCGCGGTGTCGAATAGTTAATTCAGTAATTCCACTATAGCACCCTAAACCCGAAGGACACCACGTTGGTGGAAGGTGATATGATGCCCTGTCACGTTCTAAATGGCAATTGCCAGTAACGAGACCTCTTTCGTCCAAGCCTAAAGATGGTCGGTATACGAAAAGGTCCCTAGGCTACCAAGTGACTGAGCCGCTACTATCGTTTGTCAGGTGCGTAGAAGACTTCAACCTGTGAGTAACGGCGACCTATGAACGTCGAGGAGTCTTGTTATTCCATGAACGAGCGGTACAGAGGTGCGGTGATGGACCTGATGCGTGAGCCCACATGTAAGTACCCTCCTTGCGTATAGGTGCCTTACTGGGGATTGTTGACGTACCGGACCTGGTATAGCTTTAATAACTTGCACTATAGTGACCAAATCGATCTATTAACATGATTTAACCCCAGATAGTATATATGCTATACAGAATGTCACGTGATGATCGACTACGCCACTAAACGCCCCGCCAATCAGTACGGGTGTGGCATAACACGTGCAGAGTAAGAGCTAGGCGTCTCTGACCGGAGCATATGCTGCAGAATTGTTATCTGCTGACAAGGGGCCTTCAATCAGAGGCATGGGCTTTCTGACATTGCTGCGGAGGACTGGATAACGCGATGTAACCTGCATTGGGACGGCAGACTAGCATCTGAAACACGTCGCAAAGGACGACCTTCCCGCGGGTCAACGGGGGGGCGGATAGACTATTTCTTTCCGTCATAAAGAAATTTTTACAATATATAACGAGCTGTTGACAACAAATCTACTTGGGGGCTTACGAACCCAAGAACTGCCCAGGGTAGTGATTGAAAGTAGGATATTTAGGTCGAGGACGGCAGTAAGTATACACGACATATCACCTCATTTACATCGTTAAAGCATAGCCGTCAAACATGAATCGCCGACGACCAACCGTCAGGAGAAGTCTGGGCCTATAGCCCGGGCACTCTTTTACTAAAAGCGAAGTCGACGAGAAACGGTCTTGATACGCTGCCTATACTGATGTTACCCAACTGCTGCTCGAATGCTGGTCGAGGGTT,1811,49.59,Mus musculus
SEQ_745494,CGCGTAGCGGGGTACACCATAGCAGTCGTCCTGCAAGTGATAAAGCCCGCCTTTGCTGAGTCCAACGACGGTCCGAAAGCTTTCGGCTGGAATCCCTCCTAGAAAGTTACGCCTGGAGCTTCCCTCAAGGTCATCTGACCAGATGGTCTTGCGCTCATACGGACAAAGTCTCTCTCTCTAAGACCGGCATGGCGACCCAGACCGACGCATTTGGCAGCGCTTCGCCGCCCTACAAGGTTGCACGTAAGCCCCGGTCCTAGCGCGCTAATCCTAGCACTTATCTCGCGTATCGGGGAGTGGTGCTACTGGTGTGACAAGAGCCGCGCGAGCGACTACTGCATACTAGGCGGTACGCGCATACGGCGTACAGATCCGTATGACACTCTACAAGCGCTATTGCGTACTAGCCGTCGACCCGATCATTATACAAAATCCTGCGCGAAGCCTATGGCGGATAAACCCCCTCATTTCCTGATCACCAGTGGAACTAGATCATTTACGTCAAGATTTGCAATCGCGCGGGGAAAGGTAGCCTCGGGCAATCATGGTAATTTTGCATCGTCAAATCGGGTTAGGAACTGACACAACACAAGCGGGGTGGTGCACATGGTTCTGTGGATGCCACGAAAATGGCCCGGTAGTGTGGGATTTTGCCCGTCAGCATGCTAGTGCAACCAGCGGGCTACAGTACCGTCGGCTACACGCTATATTCCCTTTCGAGGGCCGCTAAAAAGACTAAGCAATGCATTCGACAGGTTCAGTCCCTGTGACCTTCCCAGTTGTACTAATACTAACTTTCAATGTTTCTGCGTATGAAATCTATACCATTATGCGTATCTACGTCATATATACGAAGTCGAAGTAAGTACTCACAACTTAAACGAGCTACGTCCTGGTCCTGGGGAGAGTAGTCGCACATAGAGCCGACGCCCGGATCAACAAGGGCTTAAGACCTGTGTGTGCAGGCCCGTGCTCCGCGTTTCCACCAAACTACCAGCAGTTACTGACGGTGCATGATATCGGGGGATAGATAGATAACGGTCATTTGTAAGAAGATCTATTGTATTTCCAAGCTACGCCTGCGCCTACCCGCAACCCAGAACCCGTTATGGGGCCTTTACGCTTCGCTAGATTGCTATACCAATCCACACCGTGGCATCCAGATTGCGACTGTTGCAAGCCAGTCTAGCTGGATGATCGATGTGTCAGACGTACCATCGATTGAAATGGTCCGTCAGTACACAGGGATCCCATGGCACACGCACGCGGATACCTAGTGCTCCGCCGTTCTTTAAAAGTATTAGGAGTTTCATCCCCGGGCGCTAGGACCGAGTCACTTCGAGGCCGTAGTACAGTCCTGCGAAAATGGCATGGCCAGCGTGTACTTTCACCAACTCTTAATACTGAGCTATAGATGTTTTGGACAGCGTTCCCCCCCGTTATGTTAGCGGTCTTCTGGCAAGAATTATCAATATGCCTCAGTCACCTTTCTCTTGACTTCGCAGGTTC,1509,51.89,Arabidopsis thaliana
SEQ_313270,AACATGGTCGACCTAACGGGATCATATATATGAATTGGAGGTTCAAAGTCAGCGGAGAATGTTGAAAGCGTGTGAACATCAGCATAGGAACCTATAAGACATCTCGTCTGGTGCTTGAGGACTGTCAGAGAGCTTAGTCTAAGGTAGGTTCTAGAACTATTAGTAACACGGGTCGTCTAATTCTGTTAAAACAGTAGTTAGAAATGTAGCTTATTGTATCTGTCATGGACTCGGCGCAACCGATATTGCCGCAACTTGATGTGGTTGGGTATCGCGGACGGTATGGCAAAACTAGCGGTATGCGACAGCGTTAGAACCGGTTGATTAAGCGTAGATAATAACAGCGGGCTACTATAATCACCACGGTGCAGCCTGTAACACCGAGATCTTAATTGCGGTGTGTCCTTGCGACTTTAAGTAACCAGGTTGGGGGTCCCGCACTTTGCCTTGCAATAAATAGTTTAGCCCCCTCGTATGTCGAAAACTCCTCACTGTTATGAGACCCGGTGCAGCTCATGTGATCATGGTTTTACCGCTCCAGTCCCCCGTAGACATTATTCTCACCTCGACCTCTCCCTCATAAATCTCATAAGGTGGAAGAGCGCTACGAGTGACAACTGGGATGGGTCACGGAAACTACCGCAACACGGGGAGCTTTACGGATTCATGATACCAGACGGGGGACACGGAAAGCTGACATCTTTCGGCCCCCTATCTCTAATTACGCGCTAAGTCACCTCGCCACCTTCCTTCCTTGACCAACTGCATATGACAACGACTTGGTTAACGTGGCGTGCCGGTATGGCAACTGTGCGAGGTAGACAGAATTTCAGGGCGCACTATGAGCACACAGGTGCACACTGAGTCTTTCTGCAACGAGGATCAGGACCGGACTGCATCTTTGTCCATATAAGCTGTCAGCCCACTCGGTTGACTTGG,939,48.88,Drosophila melanogaster
SEQ_312258,TGACGACACGGATGTGGTCCGTCCAGTTGGATCCACGTGGCTCCCACACAAAGACCTTTCACGGCCTAAGGGTTCCAACTGAAGGCCTGAGCTCTACGGGAGCCGTGTCAAATCGTAGTCTAGTGCATGACTCTTTATCAGCAATTACGACATCATGTAGCTTTGTCTGTCCTCTCCTCAATGCCGACATCGCAACAAACAGGTAAACTTGATGAGGTGGGAACCTCAGACTAACGCTTCAGTTCTAATAAGTGCACCATGGTGCCACGAGATACGAAGACTCTATAAGAACTGTCGAGTGTTCTAATCTAATATACGGAAGCCACCTTTTCTTGAGTAGTGGTTTGATTTATCTGGAGAAGATGCTGTAATAGGTCACCATATGCCCTGAAGTATGTCCAGTAGCTCCTGTACCGTGCTACACGCACCCCATTAACGACCATATAACGCCATTTGGTTTCTCGGAGCTTACGGGATGCGCCCGCTGAAAACAATGCCACATCTACAGGCTGTTGGCGAAGTCTGAACCGTGCCCCCTTGACTTCACTGAAGGCCCCTTATGCGGAGCTAATGAAGGCTAGTTTATTGTTAGATTGCACAAGCGGACTATAACGAGCACACCACTGCGGCGAAAGAGCGTGTCAGACCGATCACGCTTAAGTCTCGAAAGTAGAGAAGCTGTTGATCCATATAGCTATCGGCAGGAACGATCCCTCACTAGCATCGTTGATTGATTTCAGCGCTGCGTCATGGCTTATAAATTCCACAGCCCGGATGATCTCATTTAGAAGTAGAGCTTAGGAACTCGGTGGAGTCTCATTAGCGAGCCTAACTTTTATGCGGATATTGAGGATACAGGCACAGTGACTTTATCCACTAAGCTGGGGCGTATAAAACGCATATCGAGTTCAGTGTGGACCAGATGCTTGCTCTCGGTCGGAGTTCTGCACGAATTCACTCGAATTTGCGTGGATTGCATACGCCTACGGAGGCAATGTCCTCTGACCTGAGTCTTGTGGGG,1021,48.68,Drosophila melanogaster
SEQ_991022,TCTTCAGGTCACCTAGACTACTGAAGATAGTTTTATTCTTCACTAAGGAGCATGACATCGTAGTCAAGCTCAGTGGCGCGCGCCAGGAGGGGACGATCTAGTTGTTTGCCCTCCCTGCGCAGGTTATAATCAATCGGGCCTCTAGCCTTTCATTGGTATATCGGGCCTACAGTCTAGAGTTGACCGCTGCTTATCATCTTAGCCCGGAGAGGTTGACAACTTGTCCCCATGCGAACACAGTTGGATATACCCAGCTACGTCGGCCACCGGATCTAGTTCGAGGACAGATGCGGGCACCCTCCAGTCGGTAAGTTCGTGGCTGACACGTACCGTGCCGGTCGGCCCTACAGCACCGGTCGTGCTGAGGTTGTTCATACTATAAACAGGACAACTAACCAAAGGCTGTATGAAAGGGTGCGCTCAAGTTGAGCGCTACTTCTGCCAAGCCGATGCGCACTGTCGGTCTTCTGCCATACGGAAGACTACGTCCTACTTAAGTGGGATGGTGCGACAACACGTTTGTTAACAAAAATCCATATCAACGCTTCGGTACTCCGGGGACTGTCGGTCTCTCACACGGAAAGCGCGCGGCTGTCGTCCCGGTCGCGGATTGCAGAGGAGGATCGCGCAATGGCTTCCCTTGATACTAGGAGTTGCACTAACAGTTCGCCGAGTGTGCCGGATAATGATCATCGTCCCGCCTATTATCTATTGATATATTAACTTTTTCTGGCCAGGATGGCAGTGCTGAGTACTCTTGTTCGTGGTACGAGGGCCTGTGTGCTAATACAGCCGCGTGCTTCCGATCATTCCTAGCACTACTATGGTATCATGGCCGCTCTTAGCTGACGTAGGCAAGAAGTGCAAAATGAGATATATTGTTTAAATGAGTCGAGGCAATAAGTTTACCTGTTGGTATACTCAGGCTGGTCTTCTTATAGGAAAGACACCCGGAAATAATTGTTACGGATCTAGTTGACATCTATCAGGAGTTTACGTTAGTCATGTTGACTACTTATGTTAATGAATCGAATGGACGTTTTTCAGCGCCTGTAGCTACGGCTAATAAATTGACTTGCAGCAACGAGAACTACTAAAGTCCTCATCTTTTGGTCCTAAGTTCTGAGCGTTCTGCTTCTATGTTTTGCGAGACAGTTTCGCGCGAATCCGACTTTTAATCTTTCGATTTAAGTCTAACTCTAGCGAAGCGCGATGTCTGAGAAAGCCCCGCATATTGTGGGTAAGATATTCAGCTGGGGTCCTTGTCACGGTCCAGCAGCATTAGCCATACTAGCCGGTACCTACCGGCCTCAGGTTAGGACCGCCTGGCTCTATAGCGCCAGATATGCACGGACCAGAAAATGCCGGACATTTGCTAAGTCAGGTGTCTGAATCTGTAAGACAATTTCGACTTAGCCGATCAGTCCCACAAGACTATCTTAAGCGCAGGGGGCTACTCAGGAGCTGAATGTTCGCGGTAGACCGTCGTAGTCAAGCGGGCCCTACCGCCGGACCGCTCCGTTTAGAAGTATGAAGTCACATGTCCATGCGAAGTCTGTTGTTCTCGTGCGCGTTCTGGTCGGCTTCGGTAGCGGTCTACGAGCGATCATAGTGGATTCTCATACAGTGCCCTCTCCGCGAGTGTGTAGTCACTTAAATGTTTGGTGTGAGACTCATCCACGGAAGCGAACAGCTCTATGTCACGATAAACTAAGA,1716,49.83,Caenorhabditis elegans
SEQ_450610,ACAGCGGCGTATGAGAATGTGCTAGGCCACGGCTTGCCGTTTATACGAAGCAAAGAGTGATCCTCTAACCATATCGACGGCGCTACATTTTGCGCGGGGGCCAACCGCTCGTCTCAACTTATGTCTGGAGAGGTCCAGGCCTCCGACGTGAGTATCCTCGAGTTACGAGCGAGTCGTTGGGACTCTGTATCATCAATGGTGGGTGGCAAAAGTTCGTTGTGTATACTCGC,230,53.48,Caenorhabditis elegans
SEQ_242224,GCCTCCCGTTACCAGAGGCCTAGAATCCCGCCCTCACCGCAGCGCGACATAGCCGGAACCCTCCCCAACCGCGCGATGTTATCGGTCGTCATGAGCGCGCCCAGATTCTCCGTGTCATACGAAGTTATAGAGCGTCATTCCATGCGTTGAAAACAAGTTGCAGACATCGTCAGGTGGGACCCCTTCGTTGTAGCAGCGTAACGAAAAGTGGCGTCATAGTACTAGTGGGCAATCGCCGACCGATGGCTGGTATACGCAGAGGCGCGAGGGTTACTCCTGGAGTGCATGTCGACTCGAAAACGCCGATTCGCCTAACCGCTAGGCGAACTCGGAAAGGGAGTCGAATACGACCCCGCGGGTTCGGTCATAGTGGAATAGGACCAACAATGTCATAGCGTAGAACCTAGATTACGGATAGGTGCGCTAGCACGGGGTTAATGATGGGCCTAACTTCCTTACCCTTCTATCCGACCTGGGACTGATACTGAACTAGGACTACGTATTCTAACCGAAATATTGAGCGGTCAAGTTGCTGAAAAGCCGGTACGGTGCTTATTTAATCTAATCTTAATGAATAACCAATTCCAATAAGTTAGTGAGGGACTACCAGCAGAACTTACTAAGTCGTGTGGAGTTTTACATTCCTCCCAGGCTCATTTCGTCGTGACTAAGCCTCTAGTTCTATGTTAGGGTCCTTTTCATGGCTTTACCTCAAACATCGATGTACCCCAGTACCAAGTTTGGGCTAAGCAGCCAACGAACCTCCGATGGCGACCTAATACGTACAGATAGTTAGGATTCACTTCTTGCGTAGATACTGGCAAACGGTTGAGAAGCATACCATCCAACACGCCGGTATGACGGCTGCAACTCTCTGTCTGTGAACTGGAGGGATCCACCATGTACCCGTTGTTTTTGCTTATCCAGGAAGCTGTCCAGAC,941,50.58,Arabidopsis thaliana
SEQ_317808,GATCCCCTCTAGATAGGTTAACAAGTTACGTTCTCTTCAGGTCGGACTCGACGTATGCTTATTTATCGCAGAGTTTCATGGTATCGGCCTGCCTTGTGTTGTTATCCAACGCACCGCCGAGCGCTGTTCACGCCGTACTTGTTGGTCTGACGGCTGAATGAGCGCAACGCGAAGACTATTTATTACCAGTTCATCAGGCGAATGTCGAGTTTGCAGATTGCCGCTCGGCGCGTTCGTATTGCACGACGGCTGCGATACATATGCTTGTATGAAGTTTCTCAGACTTTTATCTTCTATTTGTCTCGAGCCGATTTGAGTCTCTCAGACTCTGGGGGAAGTACGGCAGTGCCGCAAAGTATGGGTACACCCGCCGGACAGTTCCTTGTAGCAATGCCTGCGTGAGACGAGCCTGTAAGCGAGATCGTGGGTGTCCCCATGTATGTTCTGAATAAGCGTTAATTGCTACTAAACAACTGTATGCCGCTAGAGCTAATAGCCCGCACTAGCTGTTTCGGATCGCACCCCGTAAACTGCAAGTTGGTCCTGGGCTCTAACTAGGCAACTCCCGACCTACATGGCAGTTGTTCGGGATCTGAGATTAGTTGCAAAGTGTACCGACATCTAAGCCTCCACCTCTGTGTGTTGTTTTATCGAGTAATAGACTCATAGTGCATGAGAGTGTGGGGACCTTTTATTTCTGTAATCCTCCTATGGCCATACCTTATTAAACGCCGGTTGGCATCCACTAATCACGGGGGTGTCACCGTCATCGACGTTGGGTACTCTACCGGAATCCAATGCAAGAGGTCTCTACACATGTGGCGCGGTGACATACTTCAGCTAGGGACGCCGGTTGGCTTCTGGGGGCCGAGAGGTTGACCTGTGGTCGTGCTTTTTTCGGGCACATCACTTGCGACTAAAACTCCTTTCTCCCCCGGTCCCGCCTACATGAGCCGTTGGTCCTACAAACGCGGTGGGTTAATCGACATGTAGCCCGTTATGAGTTTGTACCCTGCATAGGGTTTCTAGTGTAGAGGCAGGTCCGGGCATAACTTCCGTAGACCGGTCACGTAGTTACGCACTTTGACCCCACGATTGGAGGGACATGACAAAATGGTACGATGTGTAGGGGCAATAGCTGTAACAACCGGTGCTTTGGGTGTTCCACTACACGTCTTATCCTTTCCGCATATAAGCATCCATGCTCAGTGTCGACATCTACTACGCGTCTTTTTTCAGCATAAGCCAGGCAGAGACCTTTCGAGCTAACAAGAGGACATATCAGGGGCACGCATGTGATTATAGATGTCGGTAGGTTCAGATGCTATGGGCGTGTTGAGCTACAGTAAGCCCTATGCGAAGTGTGACTGCCGCGAACGCCTCATAAGCAGCGCAGCCGCGATAAGTTGCCTAACACCGCCATGCACGTTCCCACAAGGTCATCATTTGAGGCCATCTGCCGAATTGTAGTATGAAAATCCCCCTGGGAAAGGCCAAGATAATAACTACGCTAGGAGGTCGACTCTGCAGGCGGTTTAATGTTACAAGAATGCGTAAGCAGCGAGGACTCCACATCGTAGTAGCTTTATAAAAAAAATGCACAATATCTGCGCTAGTCGCGGTACAAATACCCGGCAATCCCGCTAATTGGGAGGCCCCTTCCCACATGAGAAGCCACAACGTCTCTGTTTCGCCGCCTTTAGCTCAGCTATTTCCCCTTGCGTTAAACTCGTTTGTGAAGTGCACTACTTCGGCAGCTCTTAGGTTTAAGTGTGATAGATTGCTGTCTGTAATGCAGGCGTCTGGCACTTAAGCATCCGGCCTGTACCTCTTGTGAGGCCCCCG,1845,50.57,Caenorhabditis elegans
SEQ_813299,GGTCGACCACCCTAACCTCATCTCGCTCCGTGGACTGTATATTAGGGCTCGTCTGTGAGCGCATCTCGCTGTATCATGGACTATGCATAGCTGGGATCTTCCGGTGATTACAGCAGCAATGGCGGAGTCACACACGAGACGACATAATAGAGGCGCCGTCGTGGGACAGAAGTTAGGCTGCCCGAGAACAACCTATCTAAGACTAGGAGAAGCTTCTTCCTACTGCACTCTAGAGCTGTAGAGATAAGTATATACGCCTGCGGAAGATCGTTATTCACCTATTGTTACGACATTGCATAAATCGTTCCCCATTAAAAGGTCTTGTCCTCTACTATAATAAATCGGGGTAACATGTTCAGGCCACAGACGTATTTCAATCAAACCTTACCACGGACTATGATATCTTGAGCACCGTCTGATTAGAACTAGACCTTTTCTATTGACACGCAATATTACAACGCGATCTCAAATAGAACGATGCGGAAACAGGCATTGGGACGGTTTTTGTTCGCCACTCCTTAACATCTCACTTTTCATACCTTGGGCCGGCCACAAGAGCACAAACCAGGCGTTTATTCAAACCCGCCGGCCGCTCACTCATGACATTACTGATCCGTTCTCGACTAAATGGCTGCGGACTAACATATTCACGAGAACGATGCAAACGGCAAAACTATGATGGTCCTAGCCTCGGTTGGTCAAGTACCGAAAGAAATGCCGGGGGCTTAATCACCGCATGGTTTATACGTGACCACTCATCCTTGCAAACCAATACAATACACATGCCACGTGAGTCTACGGTTTAGATCATAAGTAAGTGCCGCCTACAGACGAACACATGGTGTGGTCCAGTCGTCTTTTAAGAGTCTTTAGAGACCAAACGCCCCAAATGCATGATATGATGTCTGACCGAGAGCCTCAAGTGCTAAGGGAACAACTCATGAGCTTTA,950,47.05,Escherichia coli
SEQ_449212,GTGACTATGCGTTGCCAGGTTACGACGACGGTGACGCTCGTGCCTCCGCCAGACTCTTTCTCCAAAAGCAGAATTTCGACGGGCCCCTTTGTATAAACGATGCTCCCTCGCTCAGGAAATTAAGTTTAACTATTGGCAACTAGACAGACATTTTTCGTCTCGACGAGACTATTGAACCAACTCCTAACAAGCAGTAATTGTGAAATCGAGCGCATCACCGGTGTTATGACAAGGATAGGAATAACACTGGTAGTAGATTGGCGATTGATACCGTCTCGAGACGAGATGACCGGGACAAGGCTAAAGACCTCCTGGTCTGTGACGACTACGGCGGAGACGCCGACTGCCATATCTACTAGGGAGAACGTAGAAACCGACAGTAGGAATGAGATTCCATACCTAGCCTCGACGGCTGCTCACAATGCCTCCCACTGTTTTGTAATCGTAGTCGAGGTTGAACCGAGTCTGACTAATCTGCTGGTTCCGGCACGCTCCGGGTCCTACGCTACAATATAAAGCGGGCTAGTACTCGTGTCACGGCTATCGAGGGTTGCGTCGCGTACGGATCCCCTCACTCGTCTAAAGTCGCTCCAGTGGGGTGGTGGGTCTTGCTTCACCTTCCACAAAGCGACTAGTGTCCTCGCATTTACGTGTATTTTACGGATGTGCAGCGAATCAAAGTCATCATCGTCAGAAACATAGAACAAAGGTGCCACTAGCTGCTAAACCAGGTGTCTGTTGGCACGGGCATTACTTTAACTGCACTGGAGTAAACTGTGACCCAATGCTATTTGGAGGTAGTTTACCCGCGCAAAGAGACACCCCCGAAGGTCGCTATAGCAGCAGACCCGAAACTGTAAAGTGTTTTTTTACTTGAGGCGGGAACAGCGATTCTAAACCTAGCGAGTGCTCTTTGGAAGGAATTATCCATTAGTGCTACATCCACTCTCCACCCTTTCATCTGCATGAACTCCGGGACCGATTGATTACAATTGCTCAAACTTATTTTTTACTCTAGGGCTTGAATCAGTGGGAGCCTCCTGAGGAATAAGGAGGAACCGCTGATTCCTCCTACGTACCTAGGTTTGAGGTGCAGTTTTTCGCCTAGTACAACTGTGGGCCATACTGGAATTCCGAATGTAAGTGGTTACCATGTGCGGTATCTGTTGTCTATGATCTCCGCTTCGCAGATATGAAACTCTCCAATAATCGCGCTGTCTACCCGATGGTAATCTTAACGTCGCGGCGCCATTTATCAAGAGGCGCCGGCATTGTAGTTTTCTATGGAATATGGGCGTATGCTGTAACTTATTAACGTTGTCTAAGCAGAATAACAGCATAGCTTACCATGAGTTCGTTTCCCAAGCCACAGAGCTCGGTGAATTCTTTGAGGACACTCTAGTATACCGGTTGGCTCAGAGTCTAGTAGTCTCGTTCATGCTACAGCTCCGAGTTCTCTGTACACTCACGGTCACCC,1477,48.75,Saccharomyces cerevisiae
SEQ_685525,CGTAGGCAACGGCAAATACACACAGGAGCCGATGCCGTTACTGCCGTGTTGCATAAACGATAGCCTTACAGTCAGGTGCAATTAGCAACCAAGGATTCGTCGCACACCTAGACCCGCTTACGGTCTAATAAGTGATGCAGACCGATGGACGAGGGAGCTCCATTCCACGTTCGACCTCTCTACCGCCTCAGCGCTGTGAACCATCTTAGATCGTTCTCTCCCACCCGGAGAGCTTGGGAGGCCCCGTGGCCACATAATATAGGAAGGCACCCCCCTGCCGCGAGATTTTGTCTCGAGCCAAGCGACTACGGTTGATCACCATAGACAACCGCGGCCTTGGGGGGACTAACTCTTAAGTACCGGGCCGGTTGTTCCTGAACCTTCCGTTACACTCATGAGGTTGTAGCAAACGCTATTCAAATTCATCCGGCCTAAGCGTGGTTGCAAATAAATTCGAAGCGGGACTAATTCAACTTTTGTCGGAATGCTATTAATGAGCAAGGTTTCTCCTAAGAACTCTATAATCAACGCTTGAACAGCGACCTAGCTAAGGTGGTGGGTACTGTGAGACCGAGGGCATGATGTAGAACTTTACTCAGAGGGAGTGAAGACATACGCGGGTAACACAAGGACCAAGACATTCTCGCAAGTCAACCTACGCCCAGCTAAAGTAGCCTTCCCAATTTGGGCACACATGTTACCCAAGCCGATCGGCTTACCGACATAGCGGAATTACGGGGCGATTTCTAATTTGGTCCGACCACATTGCCGAATTCTCAAGGGTAGTGTCACCTACCCGGCCAAGCTTTACTCCGGACGGTCGACTTTTATATAGAAATACATTATGCAGCCCGCATTCAATTACGTAACTCGGCGATGGAAATACTACTAGCGTTTTTGTTTACGTATGATCGTGGTTGTCGTAAGCATGGGAATTTTCGCATACTCGGTAACGTCGGTGGTCTCGCGTTCGGTGCCCCAGCCCATTAAGGCTACCCAGGAGGTCAAGTGACCAGTCTGGCTCCCTCGTCACGTATGAATACTGACTTGGCTTTTTGGAACTCCCGCACCCTTGAGGTACTCTAGCTTTGGGCGACAACGGAACTTGCGTAATAAATCACCGAACCGCATATCCCCAGTGAAAGCTTTATATCACCCCGGTCTAGACCGGAGCATTCTCGCGGAGTATAAGCACAGATTACAACGTAATTGGGGCAGCGTCATTTGTTTAGTCTGAGCTCTCAGAGCTTTATTCTTCATAAGATATAAGCATGTAGTAAGGCGGGCGCGACATTTAGCCTGAGTCTAACGTCCGATCAGCGCCAATCGGCACTAGCCGCTGGATGACTGCGGTCTAGACACTATTACACCGGGGCCCGGGCTCAGGTCATGGGGAGGCAGGGGATGTATTGTCAATCTGTGGCCAAGCGAGAGTCCAGCTGGCAGGCCGACTTAAGCGGATTCGTGAGCTTCTTACTTGGACAACGTACTACTGTACCGTACCCTGAGAGAGGAAATGGGCTAAGTGAAAGACTGGCCTAGTAGTGCGGGTTGCGACGGTGTAGTGATGCACGACAGTGGCAAGTGTGGTGGGTCCAAAGCTTATACAAGATGTCCGCTGTTACAGGCTACCGGTTCTGGCCAAAGATAAGCAGCAGGGTTGCCAAAGTTTACGACCAAGTGAGAAGGACGTCGTAGCACTCACCATTTAAGGCTACCATAGCATGCTCCAATAACCATGATATAGCTGACTTTAAGTTATCAAGAGGGAAGGCTCCACTTCTTTTCATAACTTTTCTGTTAATACTTTGTCAATAGCGTATTTCGAGAGGGGATAGCGTAAATTTATCGTCAGAGAATAATCTGATACTATCGCCCGTCCCCCATGATTGCGAGTTGAATCCACTCCCCTATGGCTTATGACCCCCAGAATCTACGAAGGATTGGTTGTAACCCCTTAACACTAAATGGGCCTCTG,1978,49.9,Escherichia coli
SEQ_867976,CCGCGTAAAAGTACTTATGAGGCCGATAATGAGGGAGACGCACTTATTGAGGTACAGCTTCACACAGGAGTACAACTACGTTCGGATAAAA,91,45.05,Escherichia coli
SEQ_515487,TCGCCTGTCTGGACGGTTGACCCCGTATGGAACCACTCTTATTCGATAGCGTGACCATATACTCGCTGGGGTATAAAAGTCCGTAAGGTCTACATCCGTTCTTAGCGGAGCCGCAATTGTCCGGTAGGCTCTTAGCGAAAAGCCATTCAGTGACAAGGTGCGGAGTATTGGAATGGTTTGGGGTTCATGTATAGCACAGACCCCAATAGGACTGGGCTGGCATACGTCGCTTACGGGGTCAGGGTTTCGCTGTCGGGTTATGCAACGAGCTACAGATACTGCCCCGGAGATGAATCGCCCGCGCGACCGTGTTTCGACTGTGCTCGCTTTAACAGGCCAATTAGACCCCGCGTACGCGCGTATGGCCATAGGCAGGGACCACCAATCATTCAGCCTTACATACTAGTTCATGTCTTGCGCATTGGATCAGGAAGCTATAGTTCGACATTTGGATGGGGTGCGATTGAACTCGAGTTCTCTTGCTGAACAATTGCCTTGAGAGAAACCGATCTGGGAACGACGAACTGAAATACTCTTTGTTGGATGTATGTGTGCATCACGCCCTCAAGTAAGCACCGAGCTGCCCGGGAACTCTCTGCGCGTTTTTCCGTATTTACCCCCTGTGACAGTCTGGTTTCGTGCCAGTTAAGAATACCCCAATGAGATTACAGTCCTTACCACTAGGTGCAGTTCGCTAAATACGTCACGTGCCAATTTGCTGACAGAACAACTGAACCAATTCTCTTGTACGGCTGAGAACATACGAGGTAGTTTGTCTGACACACTCTGGCATTGCAGCTCTTGCAACGCTTTGAACAGATCATACAACTTGTTTTACCACCGTGGAAGGATTGGTTAACGCAAACTGTCTGGGTCAACTATAGGCCTAGATGCCCTCGAATCGATATTAGTTATCAATCGTCTCGTAGATAACTCGGGACTAAGGAGGTAGTGCCATTACGACGAGGGGGCAACTCGCCTGGGGGGCGACCACTAGGATTAGGGCTTGCCGAAAGAGAACATTTAGTTACCGCCAAAAGAAGGCTACGCCTTCAATCCTTGCTATTGGAGCCACTTCTCCCAGATAAGTCGGAATAGTTCTGTGCCTGGCACTCGCAAACTTGAAAGTTTGCCGCTCAGTGCAAGAATCCAAGAGTTCGCAATCCCAAGAGAGGCCGTTGACCAACTGCCCCGCCTGAGGGTGCTTTACCGAGACTAGCCGCGCCTCTGACGTGTTAGCCGCTGAGTGATATAGCACCGATTGCGATCCCGTACTTTCGCCTCGCCGCCAGAGTTCGAATACGGATGAGAGACGTAGCTTTGGCGTTCTTGGTTCAAGGCAGCATCCGAAGGCCTGCGGGCGGCCGGTCAACGGAGTCAAGATCATTCTCCACGCAGTACTCAAGATCTCGAATAATGATGGAATCTACTTTTTTCCGCGAATTACTTGATACGGGCAATCATCGTTGGACCCCGCCCCGAATGACCCAGGTAAGAACACATAACCCAACTACTGATGCATACTCGAGGGAATTGTTACTCTACCGGACGGATCTCGTGGTCTCAGCAGCACGACAATGTACGCTACGTTTAGTGGCTTATTTTCCCTTGAAGGGTGTTATGTCTGTATGCTTAAGACGTGCGAGCTGCATCCGAATAA,1660,50.66,Drosophila melanogaster
SEQ_516488,GAGATCAGCGGCCATAGAGGTCCAGGCGCCTCCATCAGCACGAGTAGTGCCCAAATGTGCCGGTTTCTGAGTCGCATCCTTTCATGATCTACGAACGTAGAAAACAAATTCTGTTCTGGATTCGCGGAACTTCGCACAGAATTCTGGTGAAGAGATAACTGAGATTAAGTCGATTCGCTGGTTCGACCGCGAGGCTCGTATAACCATGCCCACGGACATCCTGATAGGTGGTTTTTAGGCGATTCAGAATTACCTAAGTGATCAACGGGCGCGAATGGGCATATTGATGTCTCTTGACTCCGCCTCAGTCAATTATGCCAGTCTGATTTGGGCGATATATGCGTGGCCACTGGACGCGAGGCCGGAGTCTCCGAAATCCATTGGTAAGATTTGCGAGTCTTTTTCTCTCACCAGCCTTGATTGCTACACGTAATGAGAGATAATATCGCTCCGCACCACGACTTTTGAAACCCTATACCCAGTGCAGTCTGGCCTCGCAACGTCATGAGGACCGTACTTCGTCGGAATTTTCAGGTACGGTAAGAGAGCTGAATTTAAGGAGGAAAGGATGGTAGATGACACTACCCATGCAGCGACATTAAATTAGCCCTTGTAGCCTGTGGCAACCCAACCACTAAAGGACGGGTCTGCGATCTCAGGCGCTCTACGGACTCCGATGGAGTATCTGGCCAGGTAAACGCAAAGGGCACTGTAACAAAAGCCATCTCATAGGCGCGGCTGCAGTAGTGCCGGATTGAGTACCATCATTCAAACCTTACCTCACCCCGCCATCCGAATTAATGCTCGCGTGACCACCAACCACCATGATCACTTTAGTTAGGTCCCAAACCTTCACCATCGCCTATTCCGATACCCATTCAAGTTTTTCGGCGGAAGGTCGCATAGCGAGAGGACCCAAGAGCTGAAACTAACGTGACGTGTCCTTTATGCTATTCAAGTCGCGCCACCTACCCGTTAAGCGACCACCAACCTCTCTCCATGCGCCCACGATCTGGGAGCGTCAGACTCCCATCTTATCAACGAGGGGTGCTCTGTCCATCAACCCTCCTTCGCATCTTCCAGTGTTACTCGCGAACGGCTCTCGGACTGGCCAGCTCCATTGTAGACGGCATGGATATAATATCAGGGGTCTTGGTAGCAGTACCTTCTGTTGGGCCGGCTTATTTCATGCTTATTGGCTTCTAGGGGGAGATACGCCAACTTGGAAGAGGCCATTCGCGGTAATAGATGACGTTCTCAGGCTCGATCGTCGGCGCACCTTGCGTCGGAGATAACGTGTATCAAGTTATGCCATAAGAGTGAATACGCTAATTCTATGTATACACGTTTGGACATTGAATCGGGGCCCTCCCCCTTATTCCTAGTCAACCTAGGCAGCCTAGAAGGGAAGGCGCTGCGAATGATTCGGTGTTGTTCACAATTATAAGCTTCCCTATTGCTTCAGAACGGAGTACAACTACAGGGAAAAGCGGTGAAGCTTATCTGATTAGTCCGCCCCAGGATTCAAGCGTGCAAAGCACAAGATACGCGCAACACATTGTTCTTTCCTGAGGTCGGTCTTCGCCCATCTAGTCTGAAGGTGATTTCTAACGCTACCTTCTCATCGCTACTAAAATCCGGAGCCGGGTAAAACAACGTAGTCTTCCCGGATGTGCTCACTCAGTATAGTACTCAATGGTACGTCAGAAGATTCTGTGTGCCCAGGATGCACTTTGACGGCACGGAAACGCTGATCGCGAAAAACAACACATGAGTAACGCTTCTAAGAAGCCAAAAGTTGAGGCATTATTCCCAACGTTGCGCTGGGCGTAGCGTATTGGGTCTCCTCTAAGGAAAGCGCATCGGACACA,1871,50.29,Drosophila melanogaster
SEQ_777843,GTACATTCCATGCACGCTCAGCTCGTTCATTTTGGCCGACTGTCAGGGTTCGCGGATTGCCTCTCTGATATTCAAGAGCTCCGACATATATTCCTGGAATAGTGGTGGAGTTCCTTCGGTCTTACGTAGGGACACCGCAAGGCATCTGGTTGTCGATATTAGACTGGAATTGAATCCTAGTATTAATACAGTCGATCCTGCGGTCTCCCGGGGTGTCCTGATTTCAGCCTCGCGTAGCCTGGAGTGTTATGTGTATTCTTGGTTACGGAGTATATCAGAGGCAATAAATCGTCAGGAAGCGCGCACCCCCGGGTAATGGAGTTCAGCAGTTTAGCTGGGCCGGGCCCATTAGTAGACCGGGTCGTCCCAGCCGAAACAAGTGCCTACGATCTAAGGCGGGTGAAAGCCGTGTGGGACTGGCCCACGTGAACGGCAAGTTAATCTCGCACGTTAGGGCTACATAAGCAGGCGACGGAGGTGCGCGATGTGGAAGGGCTCGAAGAAGAACGGGGTGGGCCAACGGAGTGGGAAAACGGCCCAACGTTAGCACAAAGTGGTGGTCTGTATAGGATGTTGAAGTCCACTAGGGCCTGTGGGATTAGTATAGGCCGGAAGGAATATTTACTATTATCAATACCTAACCCTAAGAGCGCAGCAGAGGACCAGGAGGGGTTGCAACTCAAAGACTTGGGCCTGCTGCCCTCCGTGCTTATGAGACTAGAATTAACGCGGTATAGTTTACCATTTACGATTATAAGTTGGTGTGTGGGAATTGAACTGTTTGTGAGGGTCACATGGATCTAAACGTTTGTTTAATAGGCTACGACAAGTCGATGCATTTAGGACCTAGGGACGGGCATTCGTCTCCACACAGTTCCCAAGTCAGCCAGAGGGGTTCAAACCAACGCCTCCCTGGCAACGACCAGCGTGAAAGATTCTTCGAGTATGCGGTTGAAGGTAGAAGTCCTGCAGCCGTATATCTGAGTCCGAGCGCTCGATAAGCGAATCAGACGTCCGCTTGTTCGTCTGGCCAGGTCCAGAAAACCACCTGGACATTGACCAGTAACCATAGCGGGGCTAAAGATTATCTTGTCCCATCGGCGTGTTCTCCCTGGCCTCGCCAAGATGATAATTTTAGTGGCATTCGTTGCCAATGTAAAATCCCAAGGAACACCCCACATGCCATGCGCGTTGGATGCAGTTTATCGGTTTGAACGAGCCTTCCTAGAAGTAATTTGACTGCGTAGGTGTTTCCGAATTTTCAGTAAGGCCTAGCCCCTTAAGACGGGGGCGTGCTATGAATTCTGCGAAGTAAGTTCACACTTAGCTAGTATAGGCTGATAGTTTAGATTAGGTTTATGTTACGGCAATGAACGCACCAGTGCTCAGCTTTTTGGGCCTTCTTGGAACCTCCTTGAATATCGCGATTCTTCCTGGAATGCCAACATGTACGATCACTGTAGCCAGGCTAGGATTATTTGAATGGGCCACTAGACTAGTTGATAAACCTCACAAAGGTCTGCAGGTGTGATAGAGGAATCAGACGATCTGGTCCGAGCCAGGTCCCGTAGGAGACCATTGCAATTATAGTCTCCCTAGCAGACCTCTAACGCAATAGATCCTGAGCGGTATATAGGATAATGAAGTCATAAA,1653,49.73,Arabidopsis thaliana
SEQ_722616,TTAAGGCAGTCGAGTTTGGACAAATTACGCCCACAGGCGAGTTTCTGAGCAATATCAATGCAGCCAGATATTCTACACGGCACCTACCACCGGGAGCGTTCCACCCATTGGCGCCACCCAGGATATTGAGGCTCCGATCGAGGCTACGCCGGTGAAGATCTGGTGTTAATAACACTTGGAGACAGCTTTCTTACGATTTTTCCGATTGTTATTCCCAATCTTCAGAGCTGATAGACTGGGTGGCTGGAGAGGGGTCGCCTGGAAGGGAACAACTGGCGTTAATCAAGTCGACCCGACTCTACTCGCGACGTGACCGCCTAGTATGCCCTGTGTCGTTGAAAACACCCGCGCAGAACCTATCCCAGAGGCTGTCGGAACCGTAGTGTTATAAACGTATTACCTAGGGTGAGATGGGAGTAAAATGATAGAGCGGTGAGGTCCGGCCTTTCGGGGCCCGGTTGTCTTTGACCTGTACAGCCCTTTGTGCCACTTCAGGTAGTAGAAGTTGATTGAGTAGTACGCTGTCATACGCCTTCCGCGTCCACCATTGGCAGGGGACGCCTACGCGTCCAGGAGGTGGACCGCATCCCCGTCATCAACCACTTCAGAATTCACCACCTACCAGCTAAAAGCAACAAATTTAGAGGTGAGTAGTTCCGCCTATCATGCCCTATGCGTCTGGTACTCGCACCCGGAGCCGGTAGTCAAACGCTCCTCTCATCTCCAAGCTCAGGCTGCTTGCCGGTTGTATTAGGGGTTCAGAGTTGGTTGAAAACCATATAATCGGTCGGTTACCTCAGGCACAACATAAACCTGGAGGGCATCAAATACAACCGGTCACCAGAGGATAGGAGTGCCTTCTGGCGGCAAACAGTGGCTCGTAGAGTTCTTAGGTCATACCGCAGCTTTTCTGTTTCAC,919,52.34,Homo sapiens
SEQ_243922,TAGCGTAAAGGTCCGACTGAACATCTCGAGCTACGGGACTCTTCTAGGCCTAGACAGGGTATTTGACGAAGAGCAGGCGCCGTGGCGTCAAACACGGAGGGATGATTTACTCATAGTCTCTAAAGTAGCTCATGCTTCAAGGAATTTAGTGGCCATGTAAACGAGTACTTGAAAACTATACTCCAAATTAACCGATTTGGGCTTAATGTGTCTGGCAAAGAAATTAGTCTATACCATTCAGCGGAGAAGCCTTGGTAAGATTGGAGTGGACTGCACGATTGCATGGGGGCCCGATCTGAGAGCGAGCCCCTGTGCATTTAAACATCTCAGTTCTCCCTATAGAAACCATCAATAGTCTCCATTATCTATACATACCGTAAGAATCGGAAAGCGTCTGAAATCTCCGTGCTCGGAACGATTGAACGGATACTAGTGTCAGTCAGTCTGCGTGAACTCGCCCCTTGAGCCCTGATGTCACGAGACGGGTGGGCGTCAATAGCGAATTACTACTGTCTGCGAAGTCGCATATAAGTCCGCTCCTACAAGGATTACGCGAGTCCGGGAATCCTAGGGCATAACTCGGTTCCCTCAGCAGTCCCCCCAGAAAAGCTTAAATAGTGGTGTAATGCTGTAAGTTGGATTGCCAATTCCGATGCTTATCGTAAGCGTCTGGCTTAGAAGGGGATAAAGAAGAGGGGCGCGAGGATTCGGTCGGCCGCATCTTCTGATGTAAATCACATAGAACCGGGTGACTCGGCAACATAGACAAAGTTTATGCTCCCTGCAGCTGTATGATACCTTGACTCCTCTCTTGCCTTGAGTGGGGCAACACGACATGGGGAGATAAGTGACGGGCTCGTATTCGTCTTTACTTACTTACGACATTTCATCATTCGGGCGCCGGGGTCGTAGGGATGTGACTAGCAGTGGTATAGCTAAGGGAGATTTGCCGTTTACTTCCCGTGCGGCAACTAGCGAGAGACTTCGCGTGTCGACTTTTAGTCATGGGGGCGTCGTAGGTCTTTGCTCAATTGGGAATAAGCCTACTACTTCAGGCAACTTGTTCTGTCACCATTCGGAGTGGTCGGATGCATGAGAATCGCGCAGTGGAGGCTTGTAATACGCATTACGGCCCATCCAGTCGGGGATGCTAGGCATCCCAAAACGGTGTACAAGGGACAGAACCTGATCTGCAGATGCGATGACAAGCGTCGCACCCTCGTGCTGGAATAAGCGAGTAGCGCGTCTAGTTTTCTCGTCGAGCTTAGATTATCTCTACTTAACACTCTTGTCAAGGTCGGTTTCGCCCTGAATCATTTCTGTAACCAGGGGCTGGATCTTTCAGTCTCTGTTCCTCCCACAGAATACCATAAGTTGCTATTGAATGCTGATAGGACTACTTAGCCGCGTTATCAGGCCGCTCGGAACGATGGATGCTAAGCTGTCTGCGTGAGGAAGGCACGAAG,1466,49.59,Caenorhabditis elegans
SEQ_625817,GCTGCCGAAACATATTTGAAACCCATTATCGCTTGGACGCCGACCGAATTAGCCGTCATGTCTGAGCTGCCACAGCGGATAAGAGTATACGGAAGCGTAAGATGGCTTTGTCGCTCTTCGCTGGGTGGCCCAAAAGACTCTTGAATCAGCATGGTTTACGATAAATGTAAGAGATAATAATTTTATTCCTATAGCTGGTAAAGGGACATTAGCGTGCGAGATACGGTCGGATGTGCAGATACCTCATGTCCCATTTCCAGCGCTAGTTATATTGAGGTTAACTCCAAGCAATGGTGGCCGGTGGCGCTGCCCAAGCAACCGAGCTAGGCCTCGAGACATGGCGTTTGACAGGGGCCTATCGTGAGGTACCCTAAGAAGCCCAAAGATGGCTGGGGGCTAATTGGAGCAACAACGGCATCATTAGGGGTAGTCAGAATGACCACGCGGTCACCCTAATGAGTATCGAAAGGACGAACCCATCCGTAGGCCAAGGACAGCTTTACCGCTAGTTTGTCCACCTTTAGCACTGTGTCAGAGGTAGGAAGAGCCAAGGGAGAGTTGGAATCTCATGCTTCCGAACCCGCGGATGGTGGACCCCGCCCGCATTCCCGTACCCGTGCGCCACTCTGAAGTCCCGACTAGTGCATTGCGGCAATTTACCCCTTACTCGTCCTAAAGGGTTAGCTGTCCACATCACCACAGCAGTAATAGCGTGTATAATAGCGTAGCTCCTTAGTAATGTTATTTGGCTCGAGACGCAGTGTACCAGTATAGTAAAGCGTAAGTGCGAGTGCTGTAACACCTAAAGATGTCCTCTGCTGACAAACACTCGCTATACGTGCATTAGCTTGCCTGGACCGCTTATCGTCAAATGTTGACCTGCTTTAGCGTAGTCCGTGAGTGTGGCTCCGTAATGTCTAGGCCTCAGCTTGTCAGTCCGCCTAAGCTGGATCGCAGGGTCGTCTCCGCTACGCGCATTCTAGCACCCAGCCTGTGAGGCAGACATGTTGAGGTTATACTGGTTGCATGGCTGCTGCGTGTGCATATCGTGGCGACTACGCGAATGGCGGACCTATAGCTTTCTTTTCCTGTCAATCCTGTGGACCCCTAGCATGAAGAATGGACCACTGCCCCGAACTAATACGGCGGATTCTCTTTTCAGCGTCAGACTAGACTTGTCCCGCATTCAGGGCAAGGGTCCCTGCCCGGCGAAGAATCTGATAGCCACAATCTGCAAGGCAGTCTGAGGGTCTCAGCGACCCTTTCCTGGCTAAAGGTGCGCGACTTCATGTCCCCAGATATAGTATCCTATTTTGAGTCTGACAACGTCGCCAAGTGAGATACACCAGGGGCTCGTTCAATTCCTTCAGGATCCACCGAATACTATCCGCTCTGACATAATAACCGCTTTAGTGTACGCAGCGATCTGGTTAAGCAAAGATAATAAATCGTCCCGAGCTGGCTAGCCGATATAGATGCCATT,1483,51.25,Escherichia coli
SEQ_653455,CCGATTAGAATGGGAAGTGTGACCTCATTTCACGGACCCGAGACTAGATACACGCCATTTACTGGGCGTACGCGTGGAGATAAGATCGCCAAGCGGACAAAATAAACCTGCTAGGCGAAGACCCGGGGATCCCAGCCGGCGTACGTGAAAGTGAGATGTACATGGAATCACCAAGGACCTTTTCTGTTGATACAATTCGAGGCCTAGGGCGCGTGCCGATACGTATTCATCCGCAAAGCCGTCTCTCGGTCATTCATAAGGGGGCGAAAAACTAGCTCACCTACTGGCTGTGAGAAAGCTAGTGGGCCAACTGCGCGGTGAACGTTACACTGCCCAACACAATTGGTCGCATGCAATCGTTGTTACATCCCAGTACCAGGTCTAGGCTCCAGCGGTTCACGACCCTGGAGTTACGCTGCGGCGGACATCACGACATCTTGCACTATAAATCCTGTCCGACCACCTTCGCGTATAAATTTAGCTCGTCACTTTCTCGGTGGCACAAGGAGTCCAGAAGAAAATCTATGAA,529,51.8,Mus musculus
SEQ_683381,ATTAATTCTTTCTCAACGGAACAGGGATCTAGGTTTCACATCTCTCTGAAAGACGCGGTCACATCCGAATTAAGGATATTTCGTGCTCTGACTTCAGTGTATACGCGAATAAGTCGCACTGAATAAGCTAGTGAGGACGTGGAAGCGCCATAGAACTCCTCGTTTTACTTCGCGGCGTCAGGGGATTCGCACGAAAGTCCCCCTAAGGTATAACGCATGGAGGTTCTAATCCTGCTAACACGAAATCCATCCTGTCGAACCTATGAGTAAGCTATAAGAAGTCCCCCGCGCCTGTAGCGCGCACACTAGATTTCCATATGGAGGATAACCGTTCCACAAAGGTGTTTGGTAATAGTGGGGGCTAGTTATGGAAATTTTCGCTCGTTTTTTATCATTGCTGAAGTCGTATTGCGAGAGCAGGCCACCCGCTTATACAAGTTTCGCCGAACGCCTGATGGAGGTGTAACAACAATAGTAAATTCCGCAGCTAGGGACCGCGTTTGGAGATGTTCGGCTGGAGAATCCGAAGTAAACTACGCTATGGCAACGATGCTTCGTTTACGACCAAGGTTACTTCTCCATTGCGGCGTCACAAGTTGAGTTCCCCCCATTCCTTTTCAGCGGTACAACTCCCTGCTTTTTGACGTACAAGACGCCGTCCTGTTAGCCTAGCCCTGACTAAGGCGCGACGGAGAGGAGGGTCGGCTGCCTATACGGTACTACAGGTCCGAATCCTTTGAACGAGACGCCGTGGGTAGTTCTAGGTAGGTCTGGTTGGGATACTCGTGGGGATGTCCTGCCCGGTTCAAGGATGTAAAAAGACTCGTAGGGCATTCATCTACCTTAGTAGAACAATCCAGGAGGATCCATCGATACTGGTAGTGTTTGGAGATTTTCGAAGGGACCGGAGACTTCGCACATCTGGGACACATTCCCCCATGGGTTTAGTAACTAAACACCCCTGGCTGGGCAAGGTGACCGCGTCCAGCCTGCGGCGTCATC,1002,50.2,Mus musculus
SEQ_360635,ACAAGACGGGCGGGATTAAAAGCACCCCGGACCCCTAATATGTGATCCTGGAGGGCGACAAGATCGTACAATATAGCTCGGATTGAATCGACTTAAGCCAAGAAATCCGTACCCCAGCAGCGCCGAAATTTGAGCTTATCGTAGTGTGCGAGAGGTGTACGCGGCGCAAATTATTTGCTAGGAATAACGAGGACTGGGCCCGTAGCCACGTTTATTACTACAACCTATGAGTATCAGGTACGAATTGGTGGAAGTACCCTGCGACGATGATATACGTTGCTCTGTATTCTGCTACCCGTCCCGACTTAAGGACAACCATTCGTGCGGCAAGCACGTCATGGCGTGAAATGGGCGATCTGCTTCGGTGATTGCCACCCACGATGTCGGCAGCTCGAAGCCCTTTCACGGTAGCTGAATCCCAACCGTCTATCCCCAACACTGTCTTCTACATTAGAAGATGGGACTAAGAGTTCATTGTTAAAGCATATAGCTAGTCTCGTGTGTATACCGGTAGAGTAAGGGGTTCTATACAGTTATTCGAAACTCTCCGACCTTACTGATATTACTGATCGCAGGGAAGGACTCGAAGAGCGTCATGGTCGACGGGGGAGGCACTGGTGAGCTAGCGGAAAGGTGGGCATAAGCAAAGGAAAGCAGCCGCCTTTGGCTCTGCGGGCATGAAGCCCCGCGCTGCACCATGATAGAACTTCATAACCTGCACCGTAAGGAATCTACAGTTGTAAGTGCTACATTTATAGCGATCTATCCCTAACGACTCCTTAATTGACATCTTATGGCGATGGGCCATAACCAGGGCGAGCTACATAGATCGGTATAATTGCCCAGAGGGCGAGTTCATCCAGCCGATGCTCTGTGGTAAACCTGCTGTCCCTCTCGGCGAGAGACCATACATCCAGCCGCTGACTCACTGAATCGGTAATGGGCGACTGAGGTCTCTCACATAAGCATTTCCCCTTGCCTATTGGCGCAAAGCGCGACGTCACTGGTGTACCGACCTTAAAAACGCTCGCTCTATACGGTTATCTCTAAAAGGGCAGGGTGATCGGGTCGGCACTATTCCCACGCCGCCTAGGCGTTTCTGCCGGTGAGCCAACTAAGTTGTTGATTGGCGTCTTATCCGCCCTGTCTCGTACTAGCTGCGTTTTTATTTGCTACATTGTGTTCGATTGTTACTCCTCAGGAACTCAGGTGGCTGTGAGATATCGGATGCTGGTCCTTCACGCATCTCTTAGCGGAACGTTTCCCACTCGCGCACTGGTCATCTCTCGGAGAGCTTATGCACCTAGGATTGAACCGTAGGATGGGCCTGTTTCCATAACTCTCTCCCCTCGCGTGCCTGTCCCTGTGCACAATGCCCCTGTCCGCACGACACTACATATCTTGGAGCCCCAGGAAGTGCCAG,1423,51.65,Homo sapiens
SEQ_391798,TATCCCGGAGCCCATCGAAATCGGTGCGTGCCTAATGCACATATATTCCCCCGGCCGACGAGCACAACATCTCCTCGAATGGATGTTGGTTAGCAGGTGATACCCACCTACTCCCTCCCCTGGCCGGTCGGACGCGTTCCGTGTTTGGCGCCTCCTCATCGGGAACTTGTACCATATTAGTGCCGCTATCAAGGCTGTGCACAGGTTATGAGATTGGAGCGGTGAGGAGGGCCGGCTCTGGATTTATTAGCACTTATAGAGTTTACACGGATGAGACTCTCCAGCCCACTTTCATAACAAGGCGCGCTAGTGCACGTGGAATTAGTCCCCACAAGAAAGGGCTCCTCTTATCTTTAGTTATTTGGTCACTGGGGATAGGCAGGTGAAACTTGCTTATGCGTGCACCACTACCTGTGTCAGAGTCCAATGCGTATCTAGATGATCGGTACCCCGAGTCATGTGTGGCCGAGTCGTTACCTATCTCCCGTTGATGAGCGGATTACAGGTCGTGTTTGTTGGATCGTCTCAAACATGGAGTTCATACCACCATACCAAAACTTACACCCGCTTTAGATTGATGCTTAGGCTGGCTTTACCAGCTCTCGACTCGCAGAGAAACGCCGGACTGCCAGGGTCAAAGACTACTATTCATCGAGTCGCCTTAGCGTCTGTATTAAACAGGACTACGAGAGTAATGCTAATTCCCAATTAAAATTCATAGGAAATGCCCGATTGGTATTCCTTGTGCGCACACCCTATATCTTAGGACTACTTGCCCTCCAAGGATCAGGTAAGAGGGACAAATCTGATCCACGTTGGGCGGCTAGCACAGAGCAGGCAGGATGTCTACTCGCTCATACGCGTGAGTTATATATGCACCGGGATACTAAGCCTGAGAACCGCGTGTCCCAAACTCCCCACTGAACCACCGGCGATCTAAGCGTAAGAGAATTTGACATTGGCGGTCAGTGGACTAGGACACCTAAGTTGCTAAATCTACCGAATTCTCTTATAAGCCATGTAACTAACAGCGACAACAACTTTCTCTTACTAGCATCACCAAACAGTCGTGTCAACA,1078,49.72,Saccharomyces cerevisiae
SEQ_966049,AGATGATGCCGACTTGGAACGGTAATAAGACGCATCTGTACTTATTCATCGTCTGAACCAGCGCTAGTATTTTATTAACCTATGCAATCACCCTTCCCGGACGGAGACTAAGTACGTCCCTGCGACGCCTTGGTGGTTCTGGTTACAAGGGAGTAACCCCAGTACGCTGAGTCAAGGGTAGGTGGCCACGACTCGGCATCGTCGGTCTCGCAGAATAGTGAAGGTAAACTAGAAAATAGAGGAATGTATCGCCGAAACTTCAGTTAAAGGTAGGTAGCGGGGTCGCAACTAGCCACGCAGGAATATTCTCGTGCCGCCTAACGGGGGCAGGCTTTCCGTATGCGGCACCCTAGCTGGAAACACGCTAGTAGGGCATCGCGAGCGCTGATGGGAAGCCAAATCCCAAACCTCGCAATCATGTCCGTCAAGTCGATGGCTGGTCTTCCCGTATCGTCCGCCGCATCTAGTTAAACTTCGCGCTTTGCTACGCCAAACTGTTAACTTTGGATTGGAATGGATTCGGCGGACATATGCCCAGCCTTGGTAGAACATGCAGACCGACGCAATTCAGACACGAACGTCACGACCGCCCTGACTACCAAGTTACCAAGGCGTAGAGGGCGGGATGGGCAAGTCCACACCGTTGTTTGTGGCACTTGAGAACCAAGTAGCCCTGCGCCAGTCTTGGTCTCGCAATAGTGCATTAGAATATGGGCACTCGCGCTCCGTGGCGTGAATAGGTGATAAAGCGCCCGCTATGCACACAGGTCCTAGATCTTTTCGGTGGCTTTATCTCCCATCAAAGACCGCCTACGCCCTCCCCGTATATCATAAACAGAGCACTGTTCCTCTAATGCACCTAGAGTCTATCGTGTACGTTTTCTCTTAATAACTTGTCTCCGCAATGTCTGAATGTCATTCTCTACCGGCTTCAGCGACCGAGTCTCTTCTTCCTGGATGAGATCCCCGAGCCCCTGCTAACTGTTTCTGTAGAGAA,997,51.86,Mus musculus
SEQ_378816,CCTTATAAGTCCCGACAACCTACAAGTGTCAGATGGCATAGGTGCCGCTAGACTTTACGTAGTCTTTTGCGGATGAGAGAGGGGAGTAAAGGAGAACCAACTCACCAATGTTTTTGTTAGAAACGGTAGAGTTCACCGCCTCTCGTCCATCTCTACTAGTTATTCCGACTCTGAGCGAGTATAAGCGGAACTTCGTATTGCTGAACGAGCCCCAGTACAGGTGCGTACGGGAGTGAGGCGGTCTTGCCCAGGGGCTGAGGAATCAACTAGCATCAGAGTTCCTTTGTATGTTTAAAATAGACATAAAGGAGAAATCTGGATCTCCCCGATACATTACTCGAATGTTCGACACGCCTCGTTCGGCAGGCGAAACAGGTCCAGACTACTCGGCACCGATAAATACATCTCGAAAGCATCACCCGGATACTAAGTATTCCTTGCCTACTATCTCGGTGCCCATAGTCAGTACCCGACGGGACTTGAGCGAGGTGGACAGACACAATAGACCCATGGCCGTCCAGAAAGGACCCACCGATCTGTACATGTTAACGGCATTGTCGCATGCCCAACGTCTTCAATGACTCTAACAAGCGAATACTTAAAGCACAATGCTACACAGTGATGGGTCAGCTTGCGTCAGATGGCGTCGCCGGTTTAATACTTGTAAAAAAACAACGTATTACGTGTGCACCACGAGCTGGATAGCCGCGGGTAAATCAGCCAATTTAGAGACTGAAGAAAGGAGCAGAGGACCCAACGGTTCTGCCCGGGTTCACCCAGCCCCGGGAGGGAGCCTAGATCCTTGATAATTCTATGGCGTTCTGCTAAACGCCAGCTCTCGTCTAGGGAAAGGTGCGGCGTAGTACCACTGCTAGCTCCTCCTGGGTATACACGGGTTGCCTATGTATAATAGCAAACTCTAGGCTTATCAACCACGGGGTGATCTGGGAAGAAATAGAGCGATACGTCTACCTGAACTGGCCGCTTCCATTTGACCGGCTCTCAAATTTCGAGCCTTAACATAAAAATGCGTGCCTGTTCTAGACATCCTAACACTAAATGGGGTAGCCCGGTGCTACGTCGGTAGAAGCTAGAGAGTCGACAGCTGGCCGACCGAGAACGATAAATGCCGTTCCTCCACACTTCTGAATGCAATTCGTTTAGCAGACACGTCGAACTAAATACTAATCTAGCTTAAATCCAACGCGCGAGGGAGCAGTGGGTGAGAGGTCGTGGGACAGATTCGCAGGCCAGAGACTTGGCCCCTCCGCACATGTGCCCAGGTCTGTAAGTTCGGCTTGTGTGTATTTCTTTCGTCATTGTCCAGGTAGCTACAAGACTGTATGTGTGCCATTGTAACGGCGTTTACAGGCTTACCCACCTATAGCGAGCCGTGACTTGGCTGCATGTCATATCAAACAACAGGGGAAAAGCATTTCCTCTCTTACTCGTTCTAAGGCA,1461,49.9,Mus musculus
SEQ_671774,GATAAGCGGCATGCAGTCAAGCGCACATAGACAGCAGATACACAAGGGGCGAAAGGCTTACGCCCTTACTAAACGACATTGTTCCAATAAAGCAGCCTATCCACACAGCCCTGAACCGATTGCATCTGGCGTCGGTTCCCTAGCCTTAGTATCTCTCTCACCTTATTGTAACGGTATGTGCTATTACTTCGACAGGCCGGGGTTAGAGCCTTAATGGCTGTAGCCAGCTGCCTTCCCGTGGCTATATTGATCTGGGGATCCTGATGGTGCGATATCTTACGCACTTACGATGGGTTAAATACCTGCGCAATCGTGCCTCGACATACCTATAATCCTCCCGATCATCGACTGAAATATTATACAGAACGGAAGTCTTTTATGAATGGCGTAGACTTACGGAAACAGGTGCCGTTAGGATTGTAGTACTTAGCTTAGGACGTAAACACTTGATGTTAGCAGCCCAATGTAACGACAAAGTGTTGCTCGAATGCTAAAAGATATCTGGATCGGGAGGGCATAGTCATTGAGCTCGCCTCCAATTTGGAGAATTAACAGGGTTCCGATGCACTTTTGTGAGATGCATGTATACAACTAAGTAGTTCATGCGAGACTGCAGAACGCCTAACGTAGCGTTGCTGAAGAAAACGCTCTCAGGGCCTAGCAAATTCTACTATTCGCCTCCCGAGTGCGGGCGATAGAGCTGTCAGATGTTTGAGAGGTTCTTAACGACCACTTGTTAAATTTTTGGTAGAGTCGAATACGGCTAGATTGCTTCATGATTCGCACTGTCGGATCGCCTGCTCTATCCGCAAAGAAGATAGAACCCGCTTCTGATACCCGTCTAGCTACAACAACGCTAAAGGTTATTCGCGCAGGCACTCGGCCCCGAGCGGGCCCGACATTCGCCCAGGCAGAAAGATTTCGGGTGCCTTGGAAGGCTCTCATTATCCGTTGAGACCTAGAAGACACGGTGTTAGGGAGGGTACGAGCAGCACATGTCGAATTATTAATCTACGCATATACCGCGTGAAGCCAGCCGCAACGCATGTACTGAGGCTTACACCAGTATTCTTTGTGTATCGA,1083,48.38,Drosophila melanogaster
SEQ_595413,GCATAAACCCTTTCGTGATGGAGAATGCAGATCTCGTACGGAATGCGGCGTGTGTCGTAGTAACCGTAGGTAG,73,50.68,Arabidopsis thaliana
SEQ_200746,TACGGGCGGATATCAGAGCATATACCGCCGTAAGCAGATAGTTGACCAGGACAGCAAAGGTGGAAGATTCTTTCGTAGTTTTAGCGTACTGCGTGCCCGGCCCCTGCGCTCAACAACTCAAATGCAGATGCTGTGACCGGCTTTAGTAAGAACAAGTTCTCGTGGCCCACTTCACAAAGGGCCGCAATAGGTCTCGTGGTAGAGGCCGGAAACGCCTGTGCATCTTAGGGGGTCCGGGTACTTTATTTCGACCTGTGACAGATAGCTAGTACATGAGAAGGGCATTACCCAGTTGGGTCGGTCTAAGCGTCCCATGTCAGCTAAAAAGTGCCGCAAGTCAAGTAGTCCCGTGTGGTATAAATAGTTTACGCCCCAAACTAGACTCGCCGAAGATAGCCTAAATCCCCGTAAAAGTGTGCATATATTTGCGAAACTAAGCTACAGAGAGGAAATACCAGTCCAGGTGGTCGCTAAAGTAGAGAGCGAGAGCGTTATATATGACGGACTACTGGAATCTAGGGAAGACTCCATCGTTAAATATTACTAAGTGGCTGGTCCTCATATAACCCTCAAGATTTAGCATTTTTGCGATAGTGGGTCCGCCATAGGAATGTCGCTATGGGACCTTTCTCATCGCGTGACCCAGGGTTCTACTATTAGACGCATTAACCTCTCTGCTATAACATCTAATGGCCTTGCCTCTAGCTATCCGGGGACGTGCCAACGTTGATTCTATCGTCGCAGCGCCGGTGGTCTTAACATGTCTGTAGCAATTTCCACAAGAGAGCGCCATCTGTTGACCTAGTCAAGCCAAACTCTAGACAGAGTAGCAACGGCCGCGCTGATGCCTGGGGAACCGCTCGGCGCTACCGACGCCTCGGTACTTCGCAGACTCACCACGTTTGAGTGTTGGGTGACTCTAGTTGACGATCCTAGGGAGCCGGCCAAACGATATATTCCGTCCCTCAGTTCCGCAGACTGGCACACAGGAAGATAGACATTAGATTTACAGGTCACCAGCTCCAGGATGCCGTAAATGACGGAGGGAGAGTATTCTCCGGGTCGGTGCACAGATACCTGGAGAATAATCTCGCCGGGTGGTTGATGCTCCAGGGAACTACTTATGTCTCTACCACGACACGGGTCCATGACAGCGACAAGAGGGCACTAAGAACAGTGGTCAGTAGAGCTCTGAAGAAGGATTATCCTACGGA,1214,50.66,Drosophila melanogaster
SEQ_103881,GGTATGCCCTCGTAATTACTCTGGGTAAGGTAGATACGGAGACGCCACTGCCCGGTATCTACGCTTGTAAACGCTGTTCACGCATGGCTTCGCCGAGCTGGCAACCCGACCCTCCAATCCCGGTTGTCACATAACCCGATTGTTTTCGTTAAGGGTAAGAGTTGTCCATCGCACAGTTCAAATGTGCTTATCGGTTGACCCTATGGCGCGGGTTATCCATCGACTTTCCTTGCGCAAGTTTGAGACACATTATGCATTAATCACTTGACGCCAGGGACCCGTGATCGATAACCTACAACGTGCATGCCCCCGCAAATTATGTACAGATGAAAGGGCCAGCTCACGCCGCGATGTGGAATGGGGGAAGTGCGCAGTCGTACGTCGGGAGGGGCACTATCGACGTAGGGGGATTGTTGCAATTCAACTTAAGGGATCTCTGCACTGACCCTCTTGAGTCAGAGGCATTACCCGAAGGAATAGTGATAGAAACCTCTCTACTACGTTGCTCAGAGGTCCTAACGTTTACTCGCTAAAGATAAGACACACGGATTCACGCCCCCATTCCAACTATACTAATGAGTGTGTTAGGGTATAACCATATTGGAAGAATCGGCATGTTTATGCTATATCAGAGTGGTATGATTGCGTTCACAGATTCGATCATTGCTCCTCCTACCAGGAGGCACTGTAGTAATCGGAGCTAGGCCAAACCCAACCACCTGTTCTAGAATGGACAAGCGTTATATAGTAAGGGTGCGCGACTTGAGGGGCACCTCGGTCATCTCGATGGAACTTCATCTCTTACAGCTAAGCCCTCGATGTCATACCGCAAGTGCCGTGTCGACGTAGAAACTATCTACTGTGAATGACACTTAAGATCGATTGGCTCATATCGCGCGATACTTCCCTAGGTAGTTTCGTAATAGTCTATGTGTGCCATGCTTTTAGGCCAAGCTCTCGCTACGGCCAGTGCCGAATCAGAAGACGTGCCTTCAATATTTCGACTAGTA,1010,49.21,Arabidopsis thaliana
SEQ_232586,CTAAAGTCGGGTGCGCACTGGGTGAGTCAATTGCACCCCGTTCTCTGCCCCGATCAATGGACCTCGTCTATCGCCTACTCGCATCAGCCGATTGAGGAGGCTGCGTGCCAGACGGATCATCCACCCGGCTACGAGGGAAGTAAGACGAGAACAGGACCAATCAACTAACTCAATCGACGATGATGATTTGGTAATCAGGCTTAAGTCTTCACTCACTCGGAGCAACTCCGCTTGCCGTACGACACATCCCCCAAACTCCGAGCGATCCAGAATGACGACCTAAGAACGAGATAGCACCTTGAATAACTCTGCAGGGACGCCCATTCGTTCTAGACTATCCTAGTGGATCTTCAGCACACATGATCCACTCTCAACTGCAGGGCTTAGGGTGTAAGGTATTCGTACGTCGTCAGCGGTATCGACGGCGCGGAGGCAGGGACAAACTTTTCACGATTCAGTTCATAAGACCCCTGAAAGCCGGAAGCGAAACCGAAGTGTCAGGCCAAGAAAATATCGCTTACAAGTCGAGCCGAGAGCAGAGTTGTGTTGTCTAGTTATTTAGATAATTAGGGATCCTGCCTAAAGTCTGCAGGTGACCCCAAAAGCAGTTCAAGGGTCGTCATAATACGGAATTAGAGACTGGCTATAAGTTGTGATATGAAGAATAGTACCGAGAGTATAAGGGTATTTGGCTCTGAAATCTCCGGGAAAAACTTCTGTTACTAGCTATAGGAAAGCAGTGGTTAACGAACTGGCGCCTCCTGATACGGGGTCACTTGCGTTCTCCTTTCTTCGAAACTGCGCCAATTCCCTAACCTCGTACTCTAATGGTCCTTCTGGCCTTCGATAAAGCGGGGGGATAACTTTGTGGCATAACTCACTCTGCTTTCGTTTAGGATCGGAATGTGCATACTCAGTAACGCGAAGCTCCGTAAACGATCTCTGTGCTCTGTTTGCCCTACCCGGCTTTTTAGTCAAAGTAGTGTGTATG,991,49.24,Saccharomyces cerevisiae
SEQ_729487,GTCGCTCACATCGGATTCCCGAGAGAACCGGGATGGGGAGCCACAGGCCAGAGACGCAAGCAACACCTTACAGAGGCACGGGCCGTAGTATGTGTGTTAGGTCCATTACAAGGCGTGGTGTAAACGTGAACCTAAAAGGAGATGATGTGCGCTGGCTACCTTATGCCACCAGACGCCTCTTCTCCGCCACAACGAAGTTATTCGCCGTTCCCACGACATGATGTTTACTACTCGGACAGTGCAGCTCGACTCTTTCGCCTCTCTCCCGCTAGATGTCCCGCCTACCCATTCGACCCCTGATGGGTCGATCGGCCTAACCCTTTGTTAAGAGGTCGCAGGTAAGTCAACCCGGCCACACCGAGGTGGCTTACTGACAACACGCAACCTACAGGTTCGAACACGCCACCCACGAACGCGGGAACACCTCTGAGACTGCGGATATTGGCGGTCCCTCCCCTAAAGAGTGCGTTTAATGAGGCCACGGCTTTCGAACGACTCTACAACTCCTAGACTATTTTACTACTACATGCCTCTACGAGGAGTGTTCCACACCTACAGCGCCACTCAGCTCAGGGATCCCTATTTTATTGAAACAGCGGCATTGTTAGGAGTGTGATGGGCTGTGAAACAAGGCGATTCTTTCTAGCTGAGCTGGGAAGTAAGTCGACTTGGGGACGACAAAGGCCGGTCGCCACCGTATATCCTCGTCATCGTCTTCCGCAACCCTGCAGGGGCGCCTCGACCCCTACGTAGAGAGCTTATTACGGATAGGACCGGCGGCCAGTGACTGCACTGCGAGCATCGCGGTGATATGGATAGAAACCCTCCAGCAGTCGAAAATTTAGGTCACGCGAAAGTCTCCTCGGGCCCTCATCCGCAAAGATCGGTCTAGAATAACACAGAGACAACGTCCTAGTGATGACGCGCTTCAGCTAGAATTCTGTGCGGCGAGGACTTGCGGTGTCGTTACTGCGCCGTAATGACGCGAAAGGTCCTCAAACGCGGGTTATCGAATACAGAGGTGTGACACATATTCTTCGT,1041,54.27,Arabidopsis thaliana
SEQ_747969,TAATTTAGTGTTTAAGAACTACTTTTGCCCCCCATGTTATTGCTACAGCGTTAGTGCGCCCGTCACAGGGCTCACTAATCCGTAGCTCGTTTTAGTCCCGGCTCTGAATGTGCAGGATCGCACAATTTGTGAAGGGACCATAGCCGTCCGGTCAAGCTCCCGGTCCGGATGAAGCCCGTACCGTACGTCGGCAAAGGATTTGTCCTGGTTCTCGACATAGGGAGTGATGGTCGAATCTTTCAGCCTTCATTGGTGAAGTTATGTCATTTAAGACTAGGTCGCGATCTTGCGGCGGGCAGACACTCTCAGGAGTGCACAAAAAAAACACCCGACGGGAGGGAACCATGATCCGAACCCGTTGAGTTTCGATATTCATGATCATCATGCTTCTTCATACTACTGTGCCGAGCATTCAAACATAGGGCAAGCGCTGACAGGCTCGCTTAAAGATGTAACGGTGAATTGCGCAAAATGCGGCGAGGATCCAACAAAGTTAACGAGGATCTTAGACAGGCGCGATGAGAGGCCCGACGTCACCCCCGTTCGGTAGCGCACAACGAGAACTTAGCATAACCTCTCTTCCGGATCAGAAGATAGTAGACAAAACGGTAGCCAGAGTTCCCACGCTTCACTCACACGGTACTTCTGCCAATACAACCACACATGTTTCCATAAGTTGAGGAGGACAACTAACCAACCGCCTACGAACGGTAGCGACGCCATCCCGGGACACCCGGAAAGAGCTTTCCCAATCACCGAGTCGCCCTTGAGGTCATCGTGTGGAATGCGAGAGGTTATTCTCGTTATTGTCCTCACTGAGGGCAACGAGGCCACCCATTATTCGAGCGATAGCGAGATACTAGGGACGGAACTCTGTTCGCCAGGTGTTTCCACAAAAACATCCATTAATTCATAGGTTAAAACAATACAC,931,50.27,Mus musculus
SEQ_968199,ACATGCCTAAAATGGCGGAGACCGAAAGTTCCTTTCAATAACGACTATGGAAGTCCGGCATTATTTCGCCCCTGAGCGCCCCACCTTCTGCGGACATGTGTTTACTAATTTCTGTGGTCTCCGGGGGGAGCT,132,51.52,Saccharomyces cerevisiae
SEQ_674148,GCTTACCTGCTACTCTAGGTGAAACCGTTAGGAGCACGAAAATGCCAGGTTCAGCTCAGGATTGAGAGCTAAGAAGGGCTCAAAGTAAGCGATGCCCCTCGAAAATGAACTATGCTAACCCAGTCACGGCCACATCCGCCCCGGAAGCACATACGAATTGGCTACAACATGTAATTCCAACACTCTACTAAAGAACCGATTCTTAGCGCGTACTACTCACATTCAGATCAATATCAACTAAACGGTATCCGCTCAAGCCATGCCACATTCGAGCCATATACACGCACGTTTGAAGAACAACCTTCAGTAATCAGTCAACTGGGCCGCGGAACTTTTGATCCTGTAGATCTCCCCACTGCACTACAAATTCTCAGGACCCATGACTCGTTCGGCCGTTTTTTAGGTCACAGAAAAGGTAGACATAGCGAATTGTACAATTCAGGCCGGGCCCTGCCTTAGTACCCAACCCAATCGCAGTAATCTTGCTAGAAGGATAGTTTTATGTTCTGGGAGGGAGGTCTGAGACGAAGGTACCAGTCACAACACGACATCGCGCGAGTTGAGTAGCTTCATACTGTAACGTCGACGTTTGGCCCAACACTATAATACGTGGGCTACTGGGCCGTCATAGCAGATACTATTATAAACCGGCCGCCGATAGTGGGACGGGTAGATCATATGCGCAGTCACTCACTTGCGAACGTCCCTGAACGCAGTAAGTACGGGTACACATATATAATATCAGCTCTGTTGACAACATGACACGACCATCGCGGGCTACCTGACACAATGTGCCCGCGGAGGAACGGTTCACGAGTTTCAATCCCGTCCCTGCGCCGGTAGCCTGGTGCCGGAAGGCAGTGACTGTAGGCAATGGAGAAAAAGGGGTTATCGCTATTTAAAAGCTCTTGAGCGGCAGCTACATGGAGTCGGGACAATTTAGGATAGCGTGCACGCTGGGGTTCGTACCTTCGAGAAATCTCGCATGAGGATCCTACGGGAGTCGGCCAACTTCGGGACATATTGAAGAGCCGGTATTTTTGGCGAGAATTGGCGCCGCCCGCAGGCAGACCCCTGATATAGCTCGACATTAATTTGAACCAATGTCCGCGTGCCCCTTTGTCTCTCTGCAGGCTGTAATAGCATCATACACACGTTCCGTTTCGTTCAAATGTTGACGGTATTCTCGTCCTTATGTTGCGGCGGCGCACGCACTTTACAGATCAATCATTGGTTCGGAGAGGCACCCTTGCCGCGAAAAACATGTTGGTATTACCCGCTAAAGTTACTTATCAGTGACAACCATACGCGTTACCGACCTAAAAGGTTAATGCCGGAGATGTGTTTGTCAATGTCCGTTTCGATAGCACGTGTTTTCGGCTGCATTGATGGCTTTTAGCCTCACGTTTCCTCTAATATCGGTCCACAAGATGGATCAATTACCGTAAAAGGCGAACGTTCGGTAAACATGATTATACCGATATCGCATCAGTCGCCTTCTTTCATCATACAGGTAGCGGGATAGCCCAAATATAGGACACGCGATATTAGATGTAAACGGGTACGACTTATATGAGGGAGAATCCTCGCGAACACATTCCCCCGAGCCGTCGGCCTCTTTATTGACCAGCATCTGTAATTATAGCCAGTTAGCGAGAATTTTCCTCACATTGGCCCTGTTGGTCTATCAGTAGGCAATCGCGCCGAGAATTCATTCTGGATCTGGGACGACATATTCCGTAAGGCCCGCAGTTAAATGTGGTTTTTGGCCTATTAGTAATGGATATCCTATAAGGCGGATAGACTCATTAATGGGTTAGTGGCCCTTTTAGACACCATCGGGACATGGTCTCGAGCGCTTCACGTACCGTCATAAGACCGTATGCTTCAATCTATTCTCCAGAATGTGAGGTAACGGGTAGTTCCGA,1928,48.7,Saccharomyces cerevisiae
SEQ_499825,CGTCGAGGGTGTTGCAGATAGGCTCTTGCAGGAAACATCCTCCAGTCCTTCATAGAAAGCCGGTAATTCCTGGCCCTTAAGATAGCGCCCGAAGTTTTCAGAGTAGCGGCAGCACTATTGGGCTTCCTTCAAGGGAAGAATTTTACGTGCCGATCACATTCGCGTTCGAGAGTGCTTCGGACGCCAATCTTCCACCCCCCGTGTTGGTGGCCTTGCCACACGATGGCGAATCATTCTGCCAAGTGATTTCATCGTCTCGGCACGGGTACACATTTCCCAACGGGATTTAGCTCTCTCGGAAAACCGAGATCCGAACCGAAGTGTCAAACGTGACTTGCAACTTATGGTGGAAGTAGTCTTAAGGGATTTAGACTAGGAGCGGCCAATCGGCTACCCGCGGGAGGTGAGAGCTTCGTGTTTAGACGATCGTGAACCTCTTCTTCTTATAACCCCACCTAAGTTTACTGTCACCGAGGTGAAGTTCTTGTAGTTCGTATACGCTTAATATGGATCGTAGCCCGAGATAGACTTTTCTGCCCGGGCCCCACGAGTCGCCTTCTTGGCCTAGGTATAACCGCCACCACATAACCGGTGAACATGATGACACCTACCGGGCGGGGATACCTACTTCTCAGGCTTGCGTAGAAGAAGCGGATGTAACTACCCAAGACAGTCGTAGTAACACTGTACTTGGCAATCATGAGTTAAGCACCAACGAAATGCTGGGGCTCGTTTAACTTAATAAGTCGCTAAACGGCGCAAAATGCTCGGAATAGAACCTGGATGGACCCCCCA,795,50.94,Caenorhabditis elegans
SEQ_165354,GCGGCTGCATGCCATAGTAATGGTAACTCAACCCTCTTTAATGGTGACACGTCTCTTTCATAACAGTTAGGTCGTCTTTAACGTCGTGAACTGTAGGTAGGGCGCCTATACAAGACGCTCCAGTGCTAGCGGGTACGATGCATTCTTTGTTTCGCTCCTATCACTTGCCTAGAGCTCTATACCGGGGAGACCAATCCTGCTTAAGAAAGCCCTAGTGACGAGAAGCGAGGCGCTCCTCGACGACTCAACCTACAAGCGAACGGTGGTTTTTTCTTGAGGGGGCCCATTTGTGACGCTGCCCCCTGTCTTGGCGCTGTACTGCGAAATCCACTTCGTCCGTGGTGGGGAGAAACTTACTCTCGAACCTGGTGACTCATGCATGCCCGACTCCCTATGGTTGGTGGGCGCACCATTAGCCATAGAGTCGGATCGAGTTGGGGTGCCCATACTTGTCTCTATAAAACACCAGGTAGGTCTAGTCTGTATGATTGTTGGCTCTCGTCCAAAATACCGGTGCGGAGCATTTGTCAGGGTTTATGGAGGCTCTTTGTACGACAGTTGGCAGGTCGAAACAGTGACGATCAGGTTAGATATACCTCATAATATTCACGGAGTAGAATAGTCTCTGCCGCGACTTTGGGGCTGCCATTGATACTTCACAAAGCGGGTGCGGTGTCTTGACAAGTGCTCTTCAACATGTTTATCTGGTTAAGTAGGTCATTTCCGCCCCACGCGCAGTCAGTCGAAG,748,50.94,Mus musculus
SEQ_563081,AAGACATGCACAAACACCAGTAGTGGTACGAGTGCAAATCCCGGTACCGGGGGCGTGCGTTCAAAACCTTATCGAAGGACTACCGTAGCCGTGAGCTACCATGGTTTGTTTCCCTACACCAAACCACGAACTATCGTTTTAAAACGCCATTTGGCAGACGAGTGTAGTGTTAATGAATGTGGAAAGTGAATGTGGTAGTTCCATACATAATCTAAAATGGAGCAACGTAGAAAACTCCGATTTCGACCATGTTCAACATTCGGAGGCTGTGGCCACTACTCTATACGCGATCAAAAGGACGTACGCCTGGCACTCACCATTTGTCAGAGCACCTAAACCCCACCACCACGATCCCGGACTCGGCGTGCTCGGATAGGCCTTCCACTGTTTTCGCCTCTGGTGACCCGAGGCAATGCC,417,50.12,Arabidopsis thaliana
SEQ_210281,GAGGTCCTCCTTTGCAGACCGTGCATTACGGCCTGGATCAGACATATTTGGGGTTCGCACGTACGTTCACCTGAGCACGGATCATAAAAGATTGAAATAATTGCGGCTTTCGTCACCAATGTTTCTACCCATAGTCTTGTGACTATCTCGGCTCACTAACTCATAACTTGGAGTGAAACAGTGGTGGTCAGGTGGAGCTCGCGGAACGCGGTGGCCTCCGCTTGGAGCGTTACCTAAGACGAAATCCGGCCCTGGCGCTTATCGGTGCGTTTGCCCCCCTGCACGTGATTTGTCGCCAGTGTACTGGATGGCAACTGAGCACCCTAAGCCGGCGAAAAAGTCGATGAGTAGTATGCGCTGGCCGGGTCCAAACAGCCTTCCTGCGGACACCGCGCGCTACACAAGAAGATTGAAATGCTATGAGGCCTCGGTTCTTTAGTTTCTAGGATGCGAACTGAACTAACAGTAACGGAGATGTTTCAGTTTTATGTATGAGAGATAACAGGTTAGGAGGGATTAGGACTATAACGCGGGCTCTTATAAGCCGCCAAGGAATTTGGCTAAGAGATACCAAGACGATATGTTTTCAAAG,592,50.17,Saccharomyces cerevisiae
SEQ_938082,TAACCCGTAATGCAAGGTCTGTACCTAGAACGAAAGGTTCCAATCAGCACTATTCGACTTCGACCGCGATGGTGGGTCAATAACGTAGTCGACATGTGCCAGGAGTGGCATCCTTATATATGATGGCTGAGTGCAGAGGTTCTTCATAATTCCCAGACGCCACGCCCAGCGATGTTGTCAGGTTTGACCTGGCCCTATAGACAGTGAAAAGTGGAACAAAGTTAAGGAGTGCACACCCCTTCTATCGCAAACGATCCCGAACCTGCACCAATGGTGGCAGGTAAAACCAACAGTATAAAACAAACACGTCGTCCGTGGGTTTTTGGGGATAGTGAGTATTTACTAGAACACAGTGGAAGTCGCTCTAAGATCTAGTACATAAGCTTACAGCGTGCTTAATCGAACGGCACCCCGCCTCGGATCACCCCCTGGTCCACTCGCGTGTTCACAATAGAAATTAAATCGCTCTGTTCACCGAACGTCAGTGCGTCCTGGGCCAATGAACATAGCCCGCCCTAACGTACCCCCCCAGCTTACTTGGGAGGTGGTGTGCCATTCGTTGTCGTACAGCGGCGGGGGCTCTGGTCGACTGTGGGTTTATAAATATGCTGAACCGGTTTCGAGTGCGGAACACCTTTAATCTCCCGTTCGTCATATGGTACTACGTGATCCGTGGGTGGCGTGGGCACGCAAAGTCCTTCTAAGACGATGCGCCACAATTTCGTTGAGCCATTATACTTTCGTACGACCCTTTATAGCTAACACTTCCTAATCCAGGCGGTCCAGGTATCTTGGTTAACAGCCAGCTCGTTGTCGAAAAGTGGGCCTACGTGCAGATCCGCTATTGTGGTGTAGCTCAGAACAAGTCCCTTAAAGTATGCGAGACTGGCGGCAAAAACTCTCAGCAAAGAACAGGCTAATGAGCTCTGATGCTGGGGAAATCTGGTCTGGAACTCATTGGATCTCGGCTCGTGGTCATGATGGACTAGGGTCAGACTTTGACAATTCATACCCAGGCTCGATAGGACGCGGGGAACTGACTATATTAACTGAGGGTCGATTCTGATAAACGGAGTTTATCTTGTCTCAGGACAAATTCGATAATTGTCTCAAATTAGGAAATTTAGTACTAAACCGACGGCTAGCCTTGGCGTTGTGCCGCGAATCCCACTTGCTAATATTTTCAGGTTCATCTGATTGCCCATTAACAGAGAGTTCCAGACGAGGCTGCCTATAGAAACAGTTCGGACCCGGTAAGATGACTCACCGAGGGCGGCTCGCAAACCGACGCCTGGGTTCTGGCGCTTAAGTTTAGCGAACCTAGCGGGGATGGGGGTCTATGGTATATGGATGTTCGTCTTCATAGTTTAACGGAGGAAGGTAGTTCCTTATAGCTCGGTCGCGCCGACATCCGTGTGTTCTGTGGGAGAATGAGTGCCTATATTAACGAACGAAGCGAGGGTCAATTCACCTACTAACAAAAGTGTTCTAATCTCCTGCAATGGACTTGGGGGAAAGCCTAGAAAGAGCCACGTCTTGCTGACACAACCGAACCGGACCAAGTTTTGTGATACGTTATATGCTGTGTCCGAATCTTTCTCTTCGTGTCGCCTGGTGGCTAGGTGATCCGTTCTAGTTGCTACCAAAAATGGTTAGGCGGGAAGATTCCCTTCTTAACTGCTTAATCTTGTTATGTTTCTGAGTGCTCCCTACCCGATCACGGAGAACATACGTCCAGTCAATGACGGGAGCCCGACATGAGTCCAGCCCCACTTTCCTCGGACACCAGAGTCTATCCTATGTCATATCTGCTAGACCTAGAG,1823,49.42,Mus musculus
SEQ_907163,ACCTTTTGAGTTCCATGTTGATTGTTTGGAGGGAAGCGGGCTCGCGTGGTGGTTGTACCATAATACTAGTTAGTGTACCTCTTATCGAGGCAACGAGTCAAATCCAAGAGGTCTGCCGCCTACAAAAGGTAGTCTTAGCGAAGCCGGTGAGGTAGATGTGGCGTCTCCTCCATGGTCGCGGCCCTCATCTTTCGATTTGCTTCGTTTTCCCGGGCTAGAACCTACTCGGTGTTGTCGCGATAGCTGGAGGGCCGGTAGACCGTCCATCTCAAGTACCCGCGTGGTTAAATGGTATAATGACCATACCCTATGAGAGGGACCGATGACTATCCTTGAGTATGACATGTACGTCCGGCTGTAGCGTGTAGGACCATTTAACGTCTCTTCAGCGTCTCCAGTAACCCGCATCAGGAGTAATCAATCGAGCCATGGAGCTGAGGGATGGCAGCTGAAATTGAGGTCGTCCGGTATTGTGGTTGTCGATTGGTATCCACGACGTGAATAGATGTGTCGCTTTCTTCGGTGAAAAAGGGCCTGATTTGCGGTCATCTAACACTCCTAGACAATGTCATCGCATCAAGAATGTGTCTCAAGTGAATCCGATGTATTACTACATAGCCCAATATGTATCCTCTCTCGAAGAGTTGCGCATTTGCCATCGACCGCCCCGTGAGGTATGGGCGTCCTGTGTCAGTTTAGCCGAATCTCCTATGGTTGCGGCTGGCTCGTGTATTCTTTTTAGCGAGTAAGGTTGATCCGCCGCCTGGGTTAGAATCTCCGAAATTGACGTCGGTCTGTCGACCACACGTGTACAATCCTTGAGGCAGGTGGTACCCGACAACATTTGACCCAAAGCCCGAAAATAGCTGTGCCTAACGTTGAGCGTTGACAGCAAGGGCCTAAAAGTGCACTCACCGTCCAAAAAGTCCCATTAGTGAGCCTAGGATACTGGGCGAGTTAAGCGTTACCCGGGTCCTTGCCGATAATTCACCCGAACCCTACGTGGATGGAAAATATCCTATTGAGTAGATAATAACGCATTGTGTGCCTTCTTTCTAGCTGAATCTCCACAATCTACACGTGGATACCTCCTGGTTTTCTTAAGATTGTTACCGAGACACGCAGTACGTTCAAATGCATTATTTCTACATTATGAAACATCGGACTATCCTGCCTTTACTTCATATGCTGATCGATGTTGTCGCCTTATTAAGGGGCGTCAAATTCATACTGTTCTAAGTCGATCTCGTTTGGCGCCATGAAGCTGGATCGTCTATAGTCACCCCCTGTACTCTGGTTACTTTCTTTGGTAAGGGAACCATTCTGAATTACTACAAATCAACCTGCAATCGTTCATACTGTACTAAGTTCCGCATAGTCCCACAGACCATTACACCGATTCTTTAGGAGAATTCTATTTAGTACCTGACGACCATTTACCATCGGCATAAGAGCTTTTTATAGGATCGCCCGATATTTTAAACAGCCGGGACACGGTAATTACATCTCGCCTATCAAAGCGTTGCTGTCACCCACACAGGTGTGAACGAGAATCTTTTGGCGTGTCTTAACCTGACAAGGTCCGCAACCGGCAGACCCGATCCAAGTGTAAAGTTCAGGGCATCATTGCTAGCTAAATTTCCACAGATTCAACGGATGCCTGCCGTTAAGGTCGAACTGCTATGGACCTGTAGATTTATTCGTGTCCGTTGTGGTACACCGAACACCTATAACCCATCTAGGCTACAATACCTTTTGATCCGCGTTGGTGTAATTCACGATCAATACAGGTATTTTATACCCGTGGTGAGTTCCCGGAAGATTATTAGCCTGCTGTGTGGTCAGAGATCCATTCGAACAACGACCGGATACGTGATGCGAATCGATTCGCCGCGAAGGCGTGCTGCTTGTACATGAAATCGTGATTGAGCCTTTCACAAACCGTACTTACCCGTTGCATGTTCAAGCCGATCACAGA,1978,47.78,Saccharomyces cerevisiae
SEQ_791742,GCCCGACACTTGGTAATGGATGTACCGGGGAACTTGGGACAGCATGTGTTGGCATGCGGATGGCCCTCCCGGGTCAAATGTTTTAGGCGAAAATTTCAATGACCTACCGTCATTTAAATCTCACACCGAAGTCTAAGTCCTTCAGCCAGGACCGTCCTGCGTGTAAACACAACCATGACCAGGCAATGAACAGTGACTTATTTCCGACTATGCACGCACAAACATGTCACCACATTCTTACACTAGCTAGGCGACACGAGACGAGGGCGTCATGCCTGAGTCCAAAGCCGATGCATAGCTCCCTCTCGGGATTGAGCTTAGCGGTGAACCATATTCCGCTCAGTGTTAGCATTAAAACCGCCGCCCTCCGTGCCCCTTACTCCGGAGAACGTCAATGGCGGTTAACATCGAGGCGAAACCCATACCAGACACTTTCCACGGTACAGTCCTGCGGGAGCTAGAGGGCTGGAGGTGTATCGTGTGGCCAAGTACCGTCAAATGTCAGGGTATTGCCAGCCGTTCGCATTGTTCATCGAACTCCTTACCGTGTCACCGGAGGAAACTGTTCGGCGAGAGGAGTGGGGCGGTAAAGCTCTACCCTTGAGGTGCGCAGAATGTTCATGTTTTAAGGGTCCCGCGCCACCCCTATATTTGTCTTTAGGGGAAGCGACCGCTGGGGACAGGTATCCCTGCGAATGGGTCTTATGCGTTAAGGGCTTCTATGCAAACGGGTCCGGCGATACACCAATCAGGTAGACTCTGTCTCATTTGTACAT,776,52.84,Caenorhabditis elegans
SEQ_267658,AGATAACTGTTCTACCTCAACAAGGGTTCAATTTCTTGGGAGAAATTAGACTACATCTGGTATGTACCCAGTCAATACGCTGGCAAATCCACCCTCCTCTTCAGGGTCCAATCATGGACAATTAATCAGCGTTACGGCTCCTGGTTAGATTATGGTTTACATTGCGAGAGGAGTTCCACCCTTGGATACCCCGACGCTTTGGCCTGTTAATGATGGCCAGGTGATATTACAGGTTCTCACAGTCTGGTGAGAGTTCGTCCCGAGAAAGCGTTGAGATGCT,280,46.79,Drosophila melanogaster
SEQ_964043,GGGCTAAAGTAACGGAATCGCGCAGAGCGTTTAGGATTCCAAACCGTTTAAAGTGGCGGACGCTCCCGACATAATCGTGTTGTGAATAGTTTGCAGCACTAACCGTGCATCTGAGGGTGTCGGGTACAGACTGCCCCAAGCTCTAATGTCGACTGAAAAAGACTGATGTTATGGCTCGTCCATCAGGCCGATACTGACATCTCAATCCTCGGGCGGACGCGGCTGACGCATTAGAGTTATTAAATGCTTTAAGGCAAACCCTAAGGACAACACGGCTGAAGTGTTATAAATTAGGCATCGATGTACGGCGAATTCCACGTCAAATTGTCAGAACTACGCGGGACCGATGGATTATAGTGGTGCAATCGTGCTCTCCCTCAAGGTTCGTTGACGCTGCCTATTGGTCTTACCTCACATATAGAGGGATATAACTCTCGGGCGCGTTAGGGCAGTAAGAATGGAGCAAGGCCGAACCGATCCGGCTAATCGGGCCAGAACTGTCACGGAAGGTTTAGCGTGATTAATCTGCCAATTTTTGAGTGCTGCTTCAACAATAACTCAGATGTGACAGTTCCAGGAAGGTGGCTAAGTATTTACCGGTATGTGGACTCACGCCTTGTGGCCTTCTGCCCCAAGAAGTCTAACGTCTCTGTAGTTCTAGAGACGAATGTGTAGTAGGTTAGTCTAGTACGATAATCAGTCTGGGAACTTGGCTCAACTCGAGACATTTGCGGGAGGGCTACACAACCCCTGAAAATCTCTTTACCGGTTAAGGATCCCTCCGATCTCTGCTCTATGAATCTCCCGACCAGCTTGGTAACGGTCGATGGGCCCCGGCTCCTAACGGTCCGATAGGGAACTTTCGGTTAGGTACATAGATCAGAAACGCAGCACCGACGCAGCTCAGGCGCTTCCCAACTGTTGGCAGAGGGCTGCTACGGCGCAGAGCAAGTCGCCTCGTTAACTCGAGGTCCACTACGTAGCCCAGGCCGCCGTCGCGGAGGTTCGAGCAGGGATATGAAGTGACGAATCACAGTAGAGAGCTCAGATATAATTCAGCCCGTAAGCGCACGTACTCATTGTATCGGGCAGTAACTAGATCTTACGCGGTTCACTCACTCGACGAATTCGATGGT,1136,50.88,Mus musculus
SEQ_411022,AATGTATACTAGAGTTGTTAGTGCGTTATCAGAATTAGAGCGATGAAGCCGAGTTCCGCTGGAGTGACTGTACGACGTATACATGCTCAGATCTATCCTTGGTACGTAAGGGTCTTTTATCAAAGGTTCTGACTCTCAGCCTCATTCCCTTCTGTCAGTCTTACTTTGCCGCCCTCCGGCGGTCACTATACTTGGCTGGGGCGCTCTCGTCGTTGAACATATTGGTTGTGGTGCTGTTACCACGACCTGTAGTTCCGCTATGCGGGCAACTCGAAGACTTCGATATTGTGACCTCTGAGAAAACCTTATCAAGGTACAGATTGTTCTAGCCCGCGTTTCACAAAAAAGCGCACCGCTAACCGTCAAGCGTCTTTTTAGCACTGTAAACTCATTCTATGGACTGTTGTGACACGAATGCCGGAGTGGCGTGAGAAGTTTCCCGAGTGAAAAAAGACAATACGTATTCCTCAAATGTATGTACTGGCCACCTCAAAAGACAGTTGGGTGCTTGTGAGAGGTTCGGGGGCCTCAACGCCCCTCGGGTACTTACGGAATTGGACAAAAAGCTCGTCATGGCTTAGTTGGTTGCCTAGCTGTTATCGACTTAAAGAGCTAAGCCCCACTCTGTTCTTACGTGAATTTCAAGAGGCCCGGATACGCTGCCACCGATAACAGCGATCACAATAATGCCCGAAAGGTTTATGTGATTAACATACGGTTCATCGGTGTAACGTATTCCGCATAAAGCTTTCCTGAAGCGCTCATCTCGCCCACCTAGTCAGATATTTCATCGCCCTTGGGGGAGAGTACCCAGTAATTTCACGAAGCTAGGCTAGAGTGAACTCATCCCTTGGTAGCGCTTGCGGCAACAACTAACGGTTGATGGAGTCAGACATCCGGACGTTGAATGAGAACGCCCGAGTGAGACATGAGGGTTCCTATGCGAAATACAAGAAGACTTCAGTCTATGAAAGGGAACGTGACGATACCTCGGTTGATCGACGCTTCGGTTAGGTGCCCCACAGGCTAATAACATGCAGGAGTGTCCCCTGAGCCGAGCCCCACTCTCCACATCCGCTGGCCGCCCGCTGGCAGATAATCTAATCTTTTGGAGCCCATGCTGTAGGCCCGCCGTACCAGAATTACGGGGTGGGTTAGATAGAAGGCGTTGTCAGGGCGAAGCACGTCTCCGCGCGTGGTGCAGCGTGGATCCGAAACTTTAGCCGCTCACGTTAATTACACCATTTTCCCATATACCCCAAGCTTAAGCGGGGATAGGCCTTTACGTCTAAAGCTTATGGGGCCGACTCGCTGGGCTACGCTGCAGTTGGTATGTTAGAGCTCAGAATATGTTTTGCGGCTCCGCCTAGCCTCGGTATTCACGTAGTGTAACACTGACTAGTTTGTAACCCGGTCCGGTGATCCTTTCGGCGACTGACCAGAAACCTCGCGCTACTGGATTCAACTTTCTATCCGTGTAGTGATAACGAAAAGCCGGGGATTCGATCTAAACATAAGGAGGTTGGATGGACGCATCAGAATCGAGGCATAGGGTGTGCCAATACATGGCATCGTAAGTGCCGAACGTTGATAACTACCCTATGCGTCGGTCTGTGTTGCAGGCTGCATAACGGGTTGTTCTAGTGTGGGGGGAAGTTCTTTTCGGCCGGCCCCGGCCGGTATCCCGTCTCACTGATGACGAGGTTCAGTCACAAAGCCTATCCTAGGTTCTGGGGAGCTGTGTAAGTTCTTACAAGGCGCCCGTAATAGGATTATTGGACACGCGGAAGTGGTTGCAGTTGGGAACCAGTCGGTCAACTCCGTGATAGACCCTGCCACCCACGACGGACCGTAATATATATGGGGAACCACAGTTATCCTGAAGCCACCGAGACGATGGAACGAGATCGCAACTTTGA,1919,50.76,Escherichia coli
SEQ_442807,CCGAAGTTAGAAACCTTGAGAAAAGTGGGAAGCTGATAGAAGGCTCGCGTAACGATAAATGGACGACGGCGAACCCCCACGGTCACATCCCGTCATCAGGCATCGGCTAGGATTCGAGCAAGGCCAATTTTTATACATTTAGGTCTGCGCACGGGACGTTAGGGAAGTCTAAACTGTAGAGCTTAATTCACCAGATTGACAAAGTTCTGCTATGTCCGCCATAGTGCTACGATGTGACCCATTATAGGTCGCATCTAACCGCATAGTCCGATGTAGCCTCAGCTTCGACCAGATTTGGGTCTCTCTCTTGCTCCTATTATAAATTGTCCTCCCAGTCATTGAAGTGTCCCGTCATACTTGGCATGGGGTAGTTGCACCCCCCCTGCCACCGTCCTTTGCACCCATGTGGTACAACTTTGGGGACATATAAAAAGTTCACATTCGTACCTCCTTGGCATAGGGCCTGTAGATTTTAAATGCGATTGAGTAACATCCCGGGGGAGCGTAGAGAACCCCATTCCCCGCCTTAGTGCACCGTGCTCAGGAACAATTGAAACGGTCGGAGAACATAAAGGCTCGGGTCCCGGCCAAGACTCAGACGTGGTTGCAGGCCTTATCAGAGTGCTAGTTGCATGGAGGGAATGATGATACACATTAAGTCTCCTTTTTGGGTTGTTGGCAAATGTTGATAATAGGGATGTTTTCTCGTTATGTGAGAGGGATGGTCCGCGTTGGGACACTTCTCATCAACGTAGCACAGTAAGTGGTGACATTTCCCCCACCATGGATCAAGCACCCCTACCTGGCTAACCCACGTTCCCGCCCCTGCCGTGGTAGTGGAGGTGAGCTATGCCATACGATCGACTACTTGAGTGGCGTCAACCCAGTGCGTGTCCCGAAAGGCGTTCCTATCCCGACGATGATTGGTCTCTACTATGAAACAGGCGTCGAAAGCCACATATGGTGAGTACGCTTTTCGGCTCTAAGTCCGTAATAGTAACTTTCCGTCAGGAAGCACGCGGTGTAAATCGCTCCTCCCAGCGATACGCTACCGCTAGAAAAGTGTGTTTAAGTATGCATTATCTACTCCGACGCATTCTACCCTTGCCCTAGTATCCAACAGGCTAGTTACATGAATCAACTGCACACAGCGCATAGAATTGGAGAGGCCACCTAATACGGTTATCCCGACTTGGTCCTATCCGTATTGCTCTATCATAGGCGTAGACCTATTCATTGAATAGAAGTTGAAGTACTAAGAAAGCCGACAAAACACCTATTTGGTCTGAGAAGTCTCTTATTACTAGTAGATTTAAAAGCTCAGCCCGCAAGAAGGTTGTCACCCCCCGCTAACAGCCGGAGAATCGTGTCGGGCCCTATGATTTTACATAAGTCTTAACACTGCACAAAGGACCGGTTGTACGGAACGCAGTGAAAGTCATATAGCAGACTCAAGTCACGTCGGGGTTTATCGCATTTCGATGCCCAGCGAGAACCACTCTTTCGACGGGTTTGCTAGCTTTCTTCCGTGCCGATAGGACTGATTCTCCTAACCCTGCGAGTAAGGAACATCGAGAAA,1579,49.08,Saccharomyces cerevisiae
SEQ_914707,TAGCTGAGCTGCTTGACAAACGCTGGACACTCAACAGGCGGGAGTAACTAGACACCGTCTCACTACACATATGTTCCCTAAGTGAAGGATACCTCATAAGCCACCAACGCCGACAGTAAAGGACGAACTCCCACTCGGAGTGAGCCATCTCCGGGAGTGCCCGTCCACTCATCGTACGAACCACCCTTGCAGACCTCCAATCGTGCGGTCTCCGTGAGGTGCAGTTACAGCGGGCATTATTAGAAAGTTTGCTTTCTCTCGTTCAAACACCAAGTCCGTATTATTCATGCAGAGGGAGTGTTTGAGCTGGCAAGCATGTTCGGTGATTGAGAATCTTAGGTCGACGCGACCCTCAGAGCTAACCTGAAGCCTCAGGTGTACACAAATTGTTGATACCTCCTTAAACAGGCGGGTTAGAGGAAGAGGTGTTTATGGCAAGTTTTGCCACTTCAGCATAGGATCGCTCAATGCCTATCTAGAACTCTGGTGTCCATATTTCAGGAACGACTGTTCCCTCCATAAAGGTGTCTTGATAGATTTATAAGCACGTAGCACCCTGTACAGATCTGAACGCTACCCTAGCTCGAGGGTGCGTTGGGTGATGAGCGGATGGACGAGGCGGCGGGCATGAGACGCTTCGATAGGATGCGGTGGCCGATTAGATTCAGACGCATGTACCCCTTCGGCCGAAGAGTCGTACATTCATAAGTTAAAAAATGGATAGCGTCTGTTCCGCATCAAGCGGGCTTCCGACGCCTGCCTAATCGACCAGACTGTTTGCCTAGCAGCGGTCACCGCCCCTGCCATCACCGCACTACGAGTTGTCGCCCTAGCGACTCCTCCGACTTCGAACTATCATCAACAGTCTGGACTCTTGATCAGGTGCAGTGGATACAGCGAGATAAAGGAGACCTTTAACTAATGACACTGCAAGAACAGTATTGGACCTGCTGTCAAAGCAGGGTGTCTCTACAGAACGCAGAAAGTGTGACCGCCCTAATACCAATAAGGTACCGGAGCATTTGCCACGGCATTTCTCGGAAACGCGGATTGAACAACCAAAGGAATGGTGGGTGTATTAACCGACCACCCTCTGGTGACCGCGCGGGGGTGTGTTAGTGAGACAGTCCTGTACAAGCTGGTGTCACCTGCTTCAGGGACTAAACTCATCTGAAGCGCCTATAGATCTGAACAGAACGAATTTGTATACACTTTCAATTTCTACATGTCTGCGGTTCATCTCCGTGCTAAGCCCGTCTCCATCAACATATTGCCCCTAGTATCATACTCAGTCAATACTCCCGCGTTAATTGCCTAGGAGACCAATATACAAACTACAGCGGGAACCAGGGCTTTGTAGGAGTGAGAGGAAAGACTGTAGACTGCTCGTCAGCGCCTGATCCGCAAACTCGAAGATTCGTGGCCCACCCTGAGGTCGAAGTGGCCTTTTCGTCCGCGCCGACATCGCCCGTTGAGCAGCGTAGTCCGGTCGTTCTCATTCAGATTAGCGACGACGTTTCTCATAGTTTCATTGAAATCTTGTACAACGT,1550,50.77,Drosophila melanogaster
SEQ_490415,TTAGAACTACGTCTGGCAACATCAATACCATGACAACTTGGTCTAACGTGGCAGCCAAGTAGGTCATTCCAGGGAAAAAGCGACAGTTCGCGCACCAGTCCCGCTATTAGACTGCCTGTGATGTGATATCGCGCATACTGCATAGTACCTGTTTTCGGGTTTCTAGAGCCGTAGTTATCTGGAGCTTGGTCATCAGAGACAGTACCGGTCTGGGAGGAGAATGCAGCATCCTAACGATGAGAGCGGGCAGGCGCTACACTGATAAGCTGTCGTGTGGAATAAATCTTGATAATACAACCGGCCCTGGCGTAAGTTACGGGAGTGGATTTAAACTCCCTGGGCTTTTCCCTTGGTACTAACGGGTACACGGGTCGAACAATCCCACTAGATCGCCGCTAGCCTTGAAAGGTCATATGACGTTGTGCCGCTCCTGACGCAAAAGGCAGACCAAACTGGGCCGCTCGCGCTTTCGGTACTAATACCTAGGCGGCTCAATTATGTAGTCCGGTTCGAGGCATGAACATTTTGAGTCTCGAAGCAGCTCCTTACTGCGCAGTGGGACAACCATCGTGCTGTGCTGGCCGGCGTTCCGATGATGGGGGCATCATCAATCGCTTGTTGGTAGCTACCTAATGCATAACGACAATGTTACCAAGCTGCGGCTAAGTTCCCGATACCCTAGGACCCGTCATAGCGACTCACGTCGCTAGGATGCCCCTGCTGAATCTGCGTGATAACACCTTGCTCCTCGGTTCAAGGGGCAACAAGCTGGAGTGATCGCCGTGGGTAACGCATGCGCGTGCTTAACGTAGATATATTCTACTTTCGCAACTGTAATCATTGAACGATGTCCGTGCCCTAGCGCCGAAAGGATTGGTGCTACTTAACTCTTATATTTAGACCTTGGGGAGACAGGCCGATGCGACGTCGATAGAACGTGTACAGTGGGTAGGCTGCAGGGTCCAACGACGCTATTTTATTTAGAGACCGTCAGTTTCTCCATTCCCTGTCCAGGCATCTTCGGAGAGTGAATGTAAGTTCATAGGCGTTCGAACCTTTGATACCATTCAACTCGGCAGAGGAGCCGCTGGTCAAGGAACATAGACTTTGCCACTTCTAGGCATATGCCTGTGTTTGCTTAGCGGTATTCGCCCTTTTAAACACGGTATGTGCTAACTCCGGCACGGTAGATATTGTCACAGCAGTCTGTCAGTACTTCTCTGCAGGGGTTCCATAGCCTTAAAGTGAGGAACATCTTTACGCACTGGACATAGGGCACATGGTACGTGTGTCAGGGATCGATACACATTACTGGGGGC,1319,50.87,Arabidopsis thaliana
SEQ_687214,CTTGGGTCGAGTACCTCTAAACTATAGGGATCCGGCTGAGGTCGTTGTAAGACTGGTGATCAGCGATTATGAGCGGATCTGCGTCACATAACATGCAATCGCCTATTAGTATACTCTTCTCGAATGGTGTATGCCTAAACCGATTGGCCCCTTCTTTGGCGGTCAGTAAAGGTGGATCAAAAGCGAAACATATGATTTAGATATTTTCACCACTTTCCTGTTGCCTTGAATGTAAATACCCTACTGACGTATGACATAAGACTTATGTACTGCCTGGACGTGTTAGGTGGATGAACTCGTTAGTTACGCCACGAATACGTCGACGAATGTAGCGTGCCGGACGCACTCATCCTGAGCTCAGTTGTGCTTACAGGAGTAGAACATCGAGTTGTGTCAACGTACGTATTGGTTTTGCTGGGCCAACAGAAAACCTCGCTCCGAAAAAAGATTCCGGTGATTAGACAGACAGCTTTCGTTGATCC,482,46.06,Saccharomyces cerevisiae
SEQ_809970,GATCCATTCCGCAAAGTAGGGCTGGAATATTCGGTTTCATTGAGCGCTCATCTAGGTGCCGTATCTTTGTTTGATGTGACGGCCAACGTGGGATCTTACACGATTGGCGCGATCTGTACAGCCATAGATAACTCGCTTGGACTTCGGAACCGGGTGGGCCTTAGTCCTATCAAATCTGTTATACAATACCCCGAAGGTACTCTCACTCCACCTCCTCCTAGCTGCCTCCGCCTACAATCGAAGGATGTTATTTCTGGCGCACGATGTTCCTTCCTCCTGGTGTGTCATGCCCCCCCTATGTTGCGACAAAACATTTACTACATATAAGTTCGGATTACCTTTAGTGCGTTACATGCTGGTTCCCGGTAGGTTTGATTGGACAACTGTCGACGCGCCCTCCTCACCCAGTGAAATTATCTTTGTCAAGTTGGTACCTTACGAAGGTATGTCGAAATTGGACCCGTGTAAGGTAACTTGTAATCGTTGAACTGGCCAATCGTGTAGTCGACGCTTAATCGGCGACCGCGAGATCAGCTACGCAGCGTGTCGCCCACCAAGGACTGATGATACCCGGAACAATGTAGTTTAATAACGTGCTTTCAGATTGGCGTCCGATACATGTAAACTCTAGCCTAGACCAAGGACTGGAATGAATCGGGTTCTCGATGCGGGGGGTACAGTGGGAAAATCACTGACCCCCCATAGCTACCCGCACGAAAGAAGGTTATTTGCAGCCGCACTTGTAATGCATGTAATCTCTGTAAAGCAGAGACACCTGCTAGAGTCCAATAGAACCCTACCTATACAGGGAGGCCGCAAATGTAAATAACGCATTCAAAAAAATTGCCGTGCCATTTTACAGAGTCGCACAAGTGAATGCATCCCCCCCTCTCGTGTCCAAGCATCGCTGCGAGTCAACCATCCGGTCAGCACCTAGATCAGGTATTGCTGAATTCCTTTGAGGCGAGGCCTGTAGAGCGCTCAAGAGTTCGGACGTATTTGTAGCTCCTCATGACATTCTGTTTTTACATCAAGGGTCTCCGTATCTAAGGGCTGATAAAACATGTATCGGGCTAGGAACATATGCTTCACTAAAAACGGTTTTCGCCTGACGACTATCCGGAACACCCCCGCTAATTTGTCGCTTACTTATAAGACTACTCAACTTAGTGGGGAAGGAGATCCTAGTGTAAACTAGGGGATAGCCTGGTGGTAAAAGTGCTAGCAGCCAATGGTTGCGTACGAGGAAGATTAGGCTGGCAGTAGGTACAAGGTACTTTATGTAAGATTCAACTGGTTGCGATCCATCAGTTCCAATAATTAGCTGTCATTGAACGGGACTTTCCCTCAAAATCGTGACGGACAGTGAGTTACCATGCGTGCCACCTTGACCATCCCGCAAGCAGGTGCTCCTCTATTGTGGTATTGTCATGTGTGCTTTGTATTTAATATGGATCACGCATCTGGGTGGCGATGATGGGTCAGGCAGTCTTGCAAGTGCTCTATTAACTAGGGGGGACTGGAGAGGCCGCAAGCGGTAAGACTTGGCGAACATCGGGTGGACTACCCTGCGGTCTGATGCTCACAAGGAGATTAGAATCCCACCGAGTTCACACCGGTATCCCTCGAACACTCATTACGCCGGGACTATCATATGTCATGGCCAGACAGGCTCAATCAATATGGCAATGAAGTAGACCGCCCGGCACACGGTACTATCTACAAGTCTCTGCCGGGCACCGTGACGTGGCACTGCGGAGAAAAGCCAGTGCCAACATGGAGTCAAGCGTTGATATAGCATAGTCTACTAAGACCCCGAAAGCAACGCTGCAGTGTCGTTTAGTGAGCTTAAAACCGTAGACCCGCATAAGCCCCTGAGGAATCAATGTGCATGAGCCCTTGCAATACTTTCATGATCCTGCTTCACT,1928,49.12,Caenorhabditis elegans
SEQ_601677,GTGCTAAGTAGAGCTAGTGTTCGGCAGCCCCTGGACACAGGGGTTCTCTGGTGCTACATCACGGATCACGCCCCATGATTTGAGTACATAAAATGCGTCTCCGGCTTATTATAGTAGTCGTGTTAACGGCTAATGAGCGGATTTTGGTTCGTTCCACAACCGTACCTTAATGCAGTGCAGGTGTCACGAGATATCGGCCGAGAGCATTATCGCGTCCTCATCGTTTCTTAGGTCAGTTGGAGACAGGTTTCATCTAACATGGGTGCGACTGGACTAGGGCAGCTGGACAGCGCTTTAGTCTCATCTCGTGTCGACTGCGGCGGCTCGCGTAATTATGTTAACCATGCGTCCTCTGTCTAGATCGAACAGGCCCCAAACAGCCGAATGGGAGTCGAAGGTGGGTGTACATTTCATGTTGGTTGTAACGTACAATCCAACGTGGAGCCTCCGTTGTAGTAGACGTTTGAAATCCAATCTTGGAACCATACGGTGCAGATTGGGGCTTATTTTTGGAGTCCGGATTACCGGCTAGCGCAAGTGAGATGCCCCCTGGAGGGAGTACTTTAAGGCAATCTAGGAAACATACCAACGCGAAGGGGCCAAGGCAAAAACGTATATTTATATATCCACAGTCAGCTTCACCTATCAGGCCTAAAAACTGACACCGAGATGGAGGAGCAACCTTCTTAGGATTTACTTTTGATTGTTGGTGCAGGGTTACCACGCAAGTTTTGGACTATTTCAGCGCTGAACGCAAAATTCCCGGAAGGAAAGCGGACCACCAAGACACATCGTTGCCTCGCATGACTCGCACCCACTCGCCGGCGCGCATTCGCGAGCCTGAGCATTTATGCGTTGACGTCCAGGTGTACGGGGGGAGCCAAGACTAAGCCTCATAGGACAGCTGGCAGTTCTAGAGGCAGTCCGATACAGGCATTGTAAAATCGAAACAATACGTGAAAATAGCGCGGAAGTATATTGCTAAGAAAGGGCCGTTCTACCTCGCGCAGTCAGCCACTGTAACTAAATTGTCACCTACGGGTCTTATTGCCATGCGTTTCCTTTTGACGTCTAAACCGAGGGATACCTCGACCGGCGTCGGCTCAACGCCGACACGCGTCGAATCGGTTAGTTGCATGGATGTTCTGAGATGCCCAGGTACGTCGCACCGGAGCACGTAGGTTTTCGTACAGAAGGTCCGCCGGATCGGGCGCGGTGAGAG,1222,51.39,Caenorhabditis elegans
SEQ_428913,CACCCTGAAAGTTTTGTGGTTGCTAACTCCACCGTCTATGCATCATGGACTGGACTGGTGAAATCGAGTATCGGCATTGCATATGAATGAGATAGGCACCCGACGGTCGCTTGCACAACACATGGACGTATGGAATCTAACGCGCAACGATCTTGCCTTAGACTAATGACCGACTGCAGACGTCCAAGGATTTGTTGTGGGTAGAAGGGACAGCTTAAGCGTTGCGTATCAGGATTCAAAGGTTACTTGAAAAGCTTAGTGGAGAGCGACATTGTTAACCCTCGAAGTGGTATCGGGATGTATGCATCACGTTAAACAAACTTTGGCAAGAGAGTACACACGGGAGGCGATGGGACCTTACAGTAACGTATGCACGAGGCATTCAAACCTAGTTGGCACCAGTAGAGTCTCTAGGATCACCCGGGACATTTAGGTCGAAGGGTTAACTCTAGAAGTTTATACAGAATACCACAGTTAGTGAGCTGCACGCTAGTCATCGACAACGGCGATCAATGCCACCGCGTCTGTCATACCCGTTCCTTAAGACGGCCACTCTTACTTAATCACTCCATATAACTAGTCAACAGAGATGACCTGTTTCCCTGGTTCCCCACCGGTGCGACCGCGTGGTCTCAGACGACACGGGTACCGTGTGAGGTCCTCTCTTTGACGACACGTACCCGTACGCGAGGCTACAATTGCCCGAGCGCGGTTTAGCATAAGAGCGTCAGCCAGCAGGTCTCAGCGTGTACCTGGTTCCGGGCTCGCTAAATGTGTTAAAGAGAGCCACTGTCAGATAGGGAAGCGTAGATTCTGACCGATATTCCAACCGGGCGAGGTGCGCTGTTCGCTACAAAGTTCCCAGTAAATCGGTTTCAGCAACCATCCTATCAATATCGTCAGGGACTAGCAG,913,50.27,Homo sapiens
SEQ_853218,GGCACTCAGGCCCAATGCCGGAGTCAACGAGCTCCGGCCCAAGTGCCGTCCGAGTGTGACCCGGTCTCTTGTTGTGAAAGATGTACGTGAAGTCCCCAGGCCCCTCGTTCAAGGGTCCTAGAGGGGGTCATATTAAAGCCAAAAACCTGCTAAGATCCTACGTGCACAGCATTGCCACATCATAGCCGCGTATGCATTGTCGTTGGAGTACCGGAGCTTGTGACGGTAGCAGACTCAGATTCACACGATCGTATACCATCGGCAGTTTTACTGTAATGGTCTTGACCAACTTTAATACGTGACCGGCGTCGCAGATCAGGTTCCCTGTGCTGCTATCGCCGAGGTTAGCGCATTATGGCACCTAGGAGGATTCATGATATAGCTAGGCGGTTTGAACCAACGAGTCGATGAATGTAACGGTCACATTTCTACCAACGGTGGCGCTCACAGGTCCGGCTGATGTTTATTGAAAAGGGCTCAGCTGGATACACGATACGACGTTTACATACAAGGGATAGACGGACCAATTTGAGTAAAAGAGTAGCCGGAGCAGTTCTAGTAATACGACTGGCAACTGCTAGTCATGACCACTGTATTTGCGCTGGTCTCTTAACTGTACGACTTCATCCTTACCTAGTACCTACCGTCGATGCAGCGCAACGTTTAGGCGATATATGTACCGAGTGTAACCTACATCTCTTTGATGACACCACTTTGCACTCGCGAGCT,729,50.34,Escherichia coli
SEQ_347242,ACTGCGCTTGTGGTCCTCAGTTCCGCTATGACAAACCAAACTAATATTTTTAAGGGGGGCGTCGCGACTGGATTCGCCCCAAAACTGCAGCCTTAGCCGTGGGCGATTTGGCGACATATCATGCTATACCACAGTGTCATCACGTGAACTAG,152,50.66,Saccharomyces cerevisiae
SEQ_771941,AGAAAAGTTTCGATATATCATCTCTTATCGTATCTGCAGTGCGCATCAGTTGTATTTAGCCTTATTCCAGCTAATTTGGGAGCTGAAGGGGCATTTATAAGCGTTGGAGGAAGATAGGAGTATGAGTCGGAAGGACTAACGCGTGGCGGGTGACGCTCCGAGATACATGATGTGTTAGTCTAACCGAACCATCCGGTGCCGCAGGTTTAGGGAGCGTGCGAACGGAAATATACGTAGGGAGAGATGTCGACAAAACCGCATTAGCGGGAGGGGACTCAGGGGGCACAAGACTTGCCATGGCAGATAAATCCCAAACAATTCGGCACGTACGAAACGCTACGCTCTATCAGTGTATAGTACACCATATCGAAGCACCCTCGACGACTATAATAAAGACTAACTCAGGGACCTGACCCAGCCAGTCTGCAGCAGTCCGGCGGAAGTTCACACGCGCGAATGTGCGAAAGAAACACTACGATTATGCAATGGTGCGACCCCCTGCATATCGCTAGGCTCTTGTTACATCCACACGCAGACGGCGAGACGTGTGAACGAGACACAAATGAAAAGGCTGGACCCAAATGAACTGCAGGACCCGCTGATACGAGTCATAACATCCCATGTGATGCAGTGCTTTTAGCAGTTCACACTGAGCACTGTCAGCGGTATCCGTGTCGTGGTTAGCGTATGGCAGCGGGGAGGCGCGAGATACTCGGTGTTTTCAACCACAACACCAGTTATCCGTACTCTAGTACATAAAGTCGAAGCGTTCTTATGTTAATTTTGCGCCGCGTCCATATTAAATCTCTTCAGGAGTCTACACTAGGACGAACATTTCGGATGCATCCCCAATGACCCGATAGACTGTCTGGCTAGACGATTCTCTTGCCATGTAATGTGGCCCGGCGCGATCCTGACTTTTCTCTCCGCTGCCTACGTAACATTATTACCTCACAGGCTGCAGAGTTCCGCATACGGTGCTACGTCTCCCATATATGAGTCTGCTGGTCATTCGTATTTTGGCTGTCCTGCTTTGTGACAACAGGGTTGCAATGGTCGGACGCTTATGCGTCTTCCAGATTCGATTCGCGAGCCTCTATGCACTAAGCCTGAATGCCCGCTGACTTA,1128,50.0,Mus musculus
SEQ_643838,TGACATTGAGCGCGCAGTCTGACCACCGAGTAGGTATTTCTCGGGGTCGCGGTATACGAACACGTAGTACCCTTACCGACGCATCTGGTTCAACAGGGCATGTTATGGACCATGGTGAGACCCCGATTACAGAAAGTGGAACGGTGCTTACGCGTGCCGACGTAGGTGTTCCAACGTGTCGGATCATCATTCGTCTCCAGTGTTAACAGTCTGCGAACGTGTGTTGGACGGGGGGGTTTCACGCCCGCCATTGTCATGTGGTGAAATTCGTGGAACAACGCGTCCGGGACAAGCAACATCGCGAATGGATAGAACTGGCTTAATGGATACAACTGCGTTCCAAGGGAATGGCGCAAGGTTTTATGCCATAATATTAGGTATCGTTACGGGTCCCATTTGTTCTGACTAA,409,51.34,Mus musculus
SEQ_282790,ACCCAGTGAGTATGGCTTCACCGGTCTGGGCCACGATTGCCCGATCTGTCGAGTCGTCTAGTCCCATGCCGGCACTCAAAGCTAGGGAAGTACCACCGATTGGGTTGTTAGTGCTAGTGAACGGGACAATTTCCATAAAGCGGCAGGAGTATTCCCGACATGCTTATTCGAAGCCGTATTCGCAAGTACCCTTGATTAGTCTTGGTGCTTGCACCCGCGTGTCGTGCTGTTGAGGCGAAATACGATATCTAAATCCAGTACGACGAGGATACTTGGCGCTTATCAGTAGCTCCCGTAATTGAGAAGCGGTAAAGACCGGGTTCGCGGCTCCACTATGGATGAGAACTGATTCCAGGGCACCCGGCTCACCGTTTGTGCCCCCAGGTTGTCTCCTGCCGGCGGCCCAGGAACGATCTACTCCGGTTATCGACCCTTGTATGTGGACAACTACACTATGCGATTTCGCCCGACAGACTTTTACCAAAAGTCTAGAATCTACCTATAGTGTTGCCCTTAACCACCACGTTGCCCACTATCTTCTAGGATGGTTGCCCTACTGCTTCCTGCGCTTCTCCCTTCCTGCGACTTCTGAAGTATGGGTCTCTCTTGATGTACCTACTTTCTTCTCTGAACGACGTGAAACGACTAGGACGGCTGCGCCGACGTCTACTTCGCACATGTTCGATCCGTGGACGGTGTAATTCCATATGGTTTAGAGTCATGTAGGGTATGCACCAGTCATTAGAAGCAGTGGTTAACAGCTTCCATACAGGCCTATTACCTCAAGGGCCCCCGCCTCCTTGGGACGACGCCATGGTCAACGTATCCTTAATCCTGTAGTCCAATGGTGGATGAAGGCGCTAAGCGCACACATAAGGGAGTAGATTCGGAGACGACATTTAGCGACTTATACTTAGGCCATCCCCCGTAGGTGGTCTTGTTCTGTCCCTACAACAAT,958,51.67,Caenorhabditis elegans
SEQ_986046,CCCGTTTGAGTGGATTCCCTGGTATCTTGGCGCTGGTGAAACATGAAGCACAAGCGGCGCGGCCTTGGTAACGTGCTGCGTGAACATATCGGATGAAGATTTGAAAGGCAATTGCCTCGCAAGAAATTAAGGTACGTTAAACAAACACACATTTATAGCCAATATGAGAGATGTGGCATGATCTACCTCTCAACTAAGTCTGAGCGAGTGGATGCTAAACAACCCGGTCGATTCACCCGCTCACCCCACGAAAACTATCTTAGGTGCGCAAAATCCAGGGTTTGGGAGCAGAATACTTTTAATTAAAGCTGCCTGTGCAAGCGGCGACGCCTTAGGGCAGGGAAGAAGATACACCCGTAAGTCGCCCATGCGAATGCCCGGCGGCTGTGAGAGAAGTCTAAGCCGGCACCTACAGACTGTCTGTCACCAGATTACTACAGTACGTGCTCGTGGGCTGGATGAATCGAGTGGCGTTTCGGTATCTACGAAGACTCGTGAACACTTAGCTAAGGCACAGTCCTCACCCCTCAAATATCGCTCTACTCCGAGGGTGGCTACAGTCGATGTAGTAAATAATGAGCGTACATTATATGGACACCAAACACTCCTGGCACGAGAAGCACATTGCCTATTGGGCACAGACACCGTTAACTCTGCTAACGTGGCCCCAGGGAAGGGATTAGTAAGATACTAAGGTAAATTGCACCAGCTATCACCCGGTTAATTGCACCGCTCTAGCACGGGAACTGTGTCACTCTTGATCCCGGATGGGAACGGGGGATATCTAGTTCGCGGTACACCTGCCATTCGCCGGACGCCGGCGCCTCTTCAGTGCTACAGTTGGCCGCCCGATATTTCACACCTAGTATCTCTTCTCGGGATCACGACGTGATCATGCACAGGGTCACTAAGGCTCTCCAGAAGCAGAAATCAATCCCACCGATAAGTTTTACGGCTAAACAAGATCCTATAGCGACCTGGAGTCTTTTGAATACCATGGTAAGAAGGAAGCGAATCGGGCTTCCTTTCAATACTCCCGATTATTTTACCACACTGCATGCGGTCATTATCTAGATTCCTTCGCAATTAGGACCAATTGACATCGATCTACAATTTCGGCTATTCACTGTCGCTAACAATAGTGGACCATCGGTCATTCAAAGACCACTAATGCATGCTAGGTGCCATCAGAGTCTTCTCCGCAAAACATGACGCAGACGTAGGGATGACAAGGGAATTCAAGTACGTGCTATGTGTTCGTCTAGGTTCAGACTGTGCCCAGGGCCGGGTGAAGCAGATAGCCCCAACCCTCTCTGCAG,1319,49.81,Escherichia coli
SEQ_166528,CAGCATGCTTGAAGGTATGTAATTTCCCACATACAAAGACGCTCCGACTAGAGTCGACGGGCCATGTCGGAAACGATCCCTATCATTTTTAGGCACCTCTTACCATAAATTACTGGGTATTACTAATGGGCGGGAGCGCCGAGCTAATTGGCCGATGCTCCGACCCGCAATTTTGTGCTGCCTAAATACCTTTACTGGATTGCAAGAGTCTCATCCTCCGCTGCGTGTGGATCCCAGGAGAACAATCCCACTGGGATTTAGAGCGATAAGGTGCAGTCAGGGGCTGTTTAGATGATAATGGTCACATACAACGGTTGACAACGTTACTATTCGGAGGACATTCAAGCGGGTACGGGAGAGCAAAACAATTTCTCTGGATGACCTCCCCACCGGCAGGCAATATCTGCAAATTAAAATCATCAGCTCTCGTCGCATCGAAAGGACACGAATCGTACGACGTCTTTAGGTAGATGTCTTTTGTCACTCGTAGCGTTCCCATTGACGGCGCGAAGATCGAATATGCGGGTGGCGGTCTTCGTTCGCCCGCCAGATCCATCGTAAAGAGAGCGATACCTACCGTTCCAGGAGTAGGTATGATGTTTATTTAAACGGGCTATATCGTGAGTGCAACCCCCGCTAGTCATTAAACTAACACGCTGCAGTCACTACATGTACAAAGGTGCCGCTACAAGATAACACCGCGTTGGCCGCGCACACTTCGGTGACGCTAGTGAGAGTAACATCGTCGCATGCAGATAGCGTCGCACAGTCACGAGCCCAAGGAGTCGGCACCCATATCTCCCCTTGCCTTTGGGAATTGCAGGTACATCTAGATCCCCGAGAAGATCTGTGCAAGTATTGGTCTTTAGCAAACCACGAGGTCTGTACGGGAGTCTCCAGAACCCCAATGGTTAACTGTTTACGTTTGTCCATTAGCAGATATGAACACGCCTTTTGGGGTCAACTGACCGCTTCTGATGGCTACTGCCTAGTTAAAGAGCCATACCTTCCCCGTAAGTTCGTAACCATTCCCTAATGACACGGACTAGTATTATGTTGCAACTATCGTCTCGCACGCAAACAGTATGGCTCTCATCATAACTTATTATCCGTCTCCTCAAAGTTTGTACAGTGAATCCTAA,1142,48.77,Homo sapiens
SEQ_312213,CACCCTCATAACGATGAGCGGCGTGAACGCCGTACAAGGGTGAAGTTGAAGCTGGATCTAGCTGCAGTCAGCTTACGGGACGACTATAATCAGCACTCGTAACGCTCGGATCGCGAAGTTGGGGGAAACGAATGATGGTACGACATCCATCGGCCCGCATCGCATGGAACTGATACACTAGCCTTCTCGACGAATCGTCTTAGCTCCAATACAGGTTAATCACGCATTGGAAACGGAGTGCTTCCCATTGTTTATATTTTGAGCGAATTACGGACCGCCTCATGCGTCGCGCTCGTTCATGCGTGCTGTTGTGAATCACCCAGCATGCTCACCTGTGTGTATTGATTACATTTGACGGCTGCGAGTTATACACCCTAGTTCCAGCCAGGACGTACTCGCCTCATTGTCTAGTAGATCCCAGTGCCCTGGGAAACATGTCTTGTCGCTTCGAACTTATAGGTGGATTTTTTGCTTTCTTCGCCACCAGAGCCGAGCGTTCCGACCGGAAGCTTGTATCAGAGATGTCTACCTACCAGACTCTATGCATCTCTTTGAACTTTTTTAGTTTGTCGTAGCTGAAATTGTTAATACTTCGGGCGATGTACGTCGGGGTTGCACCAATTGAAGTGAGAGAAACCCCGTTCATGAGGGTCTCACTTAGTCACGGTAGGGTAGTTCTGACCGTCACGGCGGGAATGTCCGTTATAGCAAGCACGGTCACACGTAAACATGCGACGGTATCATGCGAGATTTGCGCTTCGAAAAGGATTTCATGAAAGTGGTGTG,786,49.62,Caenorhabditis elegans
SEQ_525656,TAAAGGGCTCGCGCCACTAGTTCATCCGGTCTACTCGCTATCCAATCTGGGTCAGATCTGAACACCCAATCGGCATTCTAGGTAGTCAATAGAAACTCTCAGTACACCATTGACTCTTGTGCATCCATATCGTTGTGGATGGTAAGATTCTCGCACGTTCCCTGCACGTTGTGCCGCATGGCTCTAGCTACCGTCCGGTTGCCAACAGTGTCCAGGAAGCGCTATTGATGTAACAGGAGAAGTTAGAAGCTTCCCGCCCGTCCCAAAGCGTTTTCAAAACAAGTGCACCTTCACCGAGAACGTACGAGAAATTGGGGGGTAACGTTATACTGGCTGCAATAACTAGTACTTGGTGTTGCGCTTCACCGAGCAACCACCAGCGACCCGCGTTGTCGTGCCGGCCGTACCTTGCGGCGGTGCAGCCCATTACGGCAATTTCATCGGTCAATAGTGTCGAACCCCAGCACACTGGTCTCGCCTTAAGACCAGCAACGGGCCCCTGCGTTGTCGCACAACACACGAGATGAGGGGCGTGTCCGAGTTGACACCCGATATAAGATCGTAAATCTGCTCCCCCAATGATGCTGAATTACTCGAGCGCCACTATAACTGCTCGTCAGTCGGCGCGGAGGACTTTACTTCTGCAGGATATATCACGGATATCAACCTAGCTCCCCGAGCCAAGACACCCGAGCGTATCCGGTTCTCAAGTAATATTCACTACCGGGGTTGAGCCACACCTTGCATAAAGTCCTGCGCTACGTTATTCTGTAGTTCTTTCTTTTGTTCAAGACTTCAATCCCAGAAAGAGAATAGCACAAAACTAGGCGGGTCTGAGCTGAACTTAGGCGTGAGCCAATAGCTCCACTATAACCACCTCGGATACACCCGGTAGCGGTGTGCGGGGAGACCTCTTACCTGGGCGTGAATGATACCATGTACTACAAGTAAATATCTCGTCAGTACCCATTTAAACAGAGTGCGCGGAGGATTTTACGATCATGAAATCCAATTGTAGATGTGTACTGAGAGTAAGACTCCGGCCACCCTGGACGCACCGGGAAAGGGACTGGACAGGTACATCCCCTTGGGTTCACAAAAATGTGTCTGCAAAAGTGGAGAGACCTGTATCGCGACTCACGGGATGCGCAATAAACCCGAACACGTGTCCCATACCTGCCAAGACACATACGCGATGCTCTGCATATAATTTATGGAGAAGCCCGTTGGGGCCTACGTTACAGCTTTGCGGATGAGTTAAGGAGATTGAGCTTGCTGCTAGGTGAGCCTCCATAGCGGGCATATTAGCTCTGAGATGCTATGTGCAGCTGATAGGCCACTCTTACTCGCTGGGTAT,1357,51.22,Drosophila melanogaster
SEQ_351600,GCCAACTCTGGACCAGCCGGAAATCATTAGGTTTACCAGAGGTTACAAAACTCAGTCCCCAATTCCAGAGACCAGATCCCAGACCCGTGAGACGCAGCCTCCGCAGGTCCGCCAGCTCCATTCAAGGTCGAGCTCAGAGGCGCAAATACCTGGAATTACGAAGGGAGTGGTCACTGCATAAGCGCCTCGAAATCCGAATACTACGCCGGCGCGTCGAAAACCACTTGAGTCTTGCTTTCGCTTACTCACTCTGTTTGTCCTTTCCTGGCCCCCCGGCGTAGAAATTGTCCAAGAGCCCGTATCGGGGTAACCGTGTTGACTTATAGCAGGGTGCATCCGCCAGTGTAAATATTCTCGCATATGTGAGTGGGCATATATCGCACGGAGTCACTACAAATCTATCCGAGGACCAGACCTGGTTTGTTTCAGTATCTTAGGAATGCGATTCCGAGAGATGCGGTATTGCAAGTCAACGTAAGAAAGATGGCTTGAGCCGGGAGACATGTGTAGAACAGCAACCCTTGTAGTAGTTCGTTTGGTGAGTAACTGTGAGGTAGAACTATCAAATGGTAATAAGATTACTGTTTCATATCCAATATGGCACACGATAGGAGCAAACGCGAAGATTGCGGGGGTATGCGTTGTAATGTTGCCATCACAAGAGATCAATGTGGACCCCCAGTCTCTACCTTCTCGACATCGGAAACGATTCCTGGATAGCGTCGAGCACTGCCTTGGCTTTTGGCGGAACCAATTGGACCAACCTCACCGTCCAGTCTCACCTTATACTATTCTGGGTTTGGCATCGCTTGTATACACTTCCCTCGTCTGCGTGCCGACTCCTGTCAACGAACAGAGCTTACACAAGTGCGATAGCGAATGTTTTGTCTCTACGTACTGGCATAACAAGAGCTGTGTTATGCGGAGATCATAGGCACGTTCGGGGGCAACTGAGATGAGTGAGGATTGGTCGGACGGAGATCAACGGCGCTATCG,996,50.3,Drosophila melanogaster
SEQ_870182,TGGAAGTCCTCCAAGGGTATACATAGCCCACTTCCGGGCACGAGAGTTCGACATGCAGGATTGCTCGAGATGACCAGATCTGCTGTGAGCGCGTTTTTTCCGTCTTTTTATAAAACCAGGACAGAAGTGTCCAAAAATAGTCACCACTAGAGGTTGCCCCTATGACCCTTCAACCAACATGCCCCATTTACTCCCGTATCCGGCTTACGCTATGGGTACCCGACATGGTCCTCACGCCTATAGCACATACCGCATGCAGCCCACCAGGACACGGCCTGTTAGCCAACTCTTGTCTTGCGAAGCTCCAACTCCAAAATATTATCATATAGTTGGTAGTCACTCAGACTTTTTCCACCGCAGTCATGAAAAGAATTGCTGGACCATCACTTTCTCTATTCGTCTAGAAATACATTCAGGAGCGCTGCAACTAGGATCAACAGCCATTAATAGCTTTCTACTCTCTATTAGGCTGTAAATCACCGTAATAAGGCCTGAAAAACCTCTAGGGCGCCTAGTGACATTGCAAATTTACCACTCGGTTTGTGCCTGGCAGGTAGACCGGGCGAATCAGTGCAGCCATCATGAAGTTTGTGGTGGAGCCACGCGATGTTCATGGGGGAGAATTTACCGGCGAGAATTAACCCGGTCAGGGCTAGTACTCCGGTTGGAATAATTACACTTACAGATTCACAAGGACAATTTCTAAGGTCCGATCCCTAGCATGGTGGCCACCCGCCGACCAATGCTGCCCAGATGGTGTACTATGAGGTGTCAAAATATAATCAAAGTAGTCCTGGGGCGGTGAGTCGTTTGATGGAACCTACTATAGAATCACTTATTCACAGCAGGAATCGCCTACTCCTGCCTGTACGAGCCAGGCACCTGCACCGAACACTTGGTGCTGGAATTGACAGCAATGTCCTCTAACAATACCGGTTATGTACTTCATGATGTCAGTATCCCGTAGAATTTGGCATGCAGTTGTAAGTCAGGCCCCATTCAAAGCAAGTATGAGGGAATCTATCTTGATGGAGTGCATAGCTCTATGTACAGCTCTCTTCGTAAAGTAGCTACATCATGTCTTTCCTACTCCGCTAGTGGTGCCTCTTTCTCCTCACTGCGCGTAATACTCTCACCAACTACGGAGTGTTGCTTACAGTTCGTCTACCACGGATACCACAGAGATAATGAGATCACGAGCATATCTTTAAGTTTACATTGATCGTGCTATGAATTACGAA,1241,47.3,Caenorhabditis elegans
SEQ_477012,CTTGCCGACGAAGGTATCAGACGTGCCTGCGCCGCTGGCTAAGCTGATTATGCTTTACTGTGTCTGAAGAGTCTAGCCGGGAGTCCGAACCGGACCGGTAATCTTGTTGCTGGAGAACTTAATCACGTAATCTACACCTTAGGTACGCGTTGAGTCCAGTCCCACAATCTTGTGCCAGGGAACACAGGTTTTACTTTGCCCTGGGAGATTGAGTTCGTCAAATATTTATATCCCCGAGTCGGTGTAGTCTCATACCCACGAACCTGCCCATAACTCTACCGATTGCGGTACCGTGTCTACCGGTCCTTTATTCGCCCCGTCCCTGACATTGCAGTAACCGCTTAAGATCGCTTCACCTTACCCGAAATCACAATCTCAAAGTGGTCTGAGCTGTATGTCTTCTCCGTCATCTCATTCGCACAAACAGTCTATCTCAAATCCTATATGCAAGCTATCCTGCACCGGACTGGATCGTCAAGTTTGCGCAGCATATTTTCAACCCAGCGTACTCGGAAAACGTTTCTAACGACCAGAGTGCGCGCTGCCGCGCTCATCCCTAGACACCTAGCGCTTTACCAATTGGGCGATCGCGCGCGGTATTATCACAGTCAAGCTCGTAGAGGTATATCCACACGTTTACCCACGCGTATTTGTCTGTCTTGCGCTCTTAGAATATGGTGTGAGGCGGTGGGAGGAGTCTAGCGGCCAAGTGAGTAGATGAGGAGTTTACGGCGTTAAATGCAGCTGATCAGGAGGATAGCCGGGCTCTGAGATTGTCTAGAAGTACGGAATGCGTTCACGAAACTCCTAACGTTCGTCAGGAAACAGATCTCTGTCGTGCGGTCCGCCCTAACTGCTGAGCCGAGTCACTAACTGTCCAATCGAATGCAAGACGGTCATCTAACTTTTGTTCATGTGATGAGGTTCATCCGTAGCTATCGTACACCTTTGGTATCCGGGACAAACGATGTCGAGAACTGGCAACCAGTATCTACAGACTGTCCGTTGCCTATCCCGTACTGCGATTTAGGTCCTATCCTGCCCTTGTTCTCTCTCCACAGCACCGGGAACTTGGAAAAAAAAGTACCTTTCGTCTCAGGTACCCCAGCTCGGCCAAAAGAACTCAATTAATCTAATTCCACAAGGAACGTGTTCCTCATCCCGGTCTAGACGTAATGGCCCACCCGATATCAGAACCTCTGTTACGCGCAACTAGCAAAGCTGTCTGCGTGCAAGAAGCCTCCTTTGTGAGCGTCGAGGTACGAGTGCCATCTTAAGCTACGCGCGGCCCTCACCAGATGGGGTGGCTCACAGAGAGCACTACTCTGGGTCTGCTCTGGATCCTGCGGCAGGCTGCAATAAAACGCCCAAGATTTTCGGTAGCGAACATGCCAGGTCGACTGACCACGATTGTCGAGACTAGGAGGTTGGGCTCGAAAGGTCTGGTTTGACAAATTTCGGCCTCATGCTAAATCGAGATGTAACAGACAACAACACGGCGATCGTTGCTCATGCCTAGATCCTTCCTGTTCTTTCTCCACGTGTCTCCACTTTGTCTGATAAAGGGGTGG,1571,50.86,Caenorhabditis elegans
SEQ_820342,TCCCTTACGATACATCGCTTGCCGCAAAATAGGTTTACTACATTCTGCGTACATCTCCGCGGTGGTCTTACTTCTTCCCGGGCGTAAAAGTACTCGTCTTTTTAACAATCTCTCGGAGGCTTATACCGCCGTTTATTTGCTTCGTTGTGGAAACCTTCGCGGGCGCCGTCAGTATATCGGGCTGAATAGAGCAGTCGGCCTTGGGTTGCCCGGTTAATCTCGTGCCAACATTGTAATAGCAATT,244,48.77,Mus musculus
SEQ_115921,TATAGCGAGGATCACGAGGAGAAGCCCACCATCAACGTCGAAATTGTAGAGGTAGCCTAGGTGCTCTAAGTTAAGGTCTACTCCAAGGACATATGTGCGAGCGGTGGCCAAGGTTAAGCGCGGTGCACCATGGAGAGCTCATCGGCCTAGTGCTTCCAATCGCATAAGCGACTCCGCCCCTCCGCTCTGACGGTCCGAGCGGAGTTGGGTTCCAAGCCCGAGTTACGGGACGATGTCTCAGTAGGACGGACTTCCACACCTATGCTGTAATCACAGGCAATTGAAACCCACATCCCTCATAGCTGCGCCGACGGTTGAGTCATGGCACAGATTGTGTTTCTGCCTATTCCCCATCCGGCCGGTCCTCGGAATAGGTGTGACTTTTGCAGGATCTTTCTCTCGTGCTGTAAGGCGATTGCGATGCGTCGTTCCGATCATTCTCTCTTAGTATAACACGTAGTCTTTCCTTTGATTCCTTAGGGAGAGGTTTAGTGTCTCTAGAGATTACGGTTTTGGCCGTCGAAAGCTGTATCGGACACCTGGCAGACGGCTGATTGCACTGCGCCAGCTAATACGAATTTACGTTTGTCCAGCCTGGTGAGCGGCATCAATACTTGCCTCCACTCTCACGTTAACAATATAGAATGTGGCCAGAAACTATTGTACTAGTAGAAACCTCAGGAGGTTGGTGTATCGCAGAATATGATGCGTATGTCGTGCGGCCCTGGGGCGTTCTCAGTGTCGTCATAATTTTAAGATCCGTCACTGATAACCGGCGGTTGCCCTCGCTGGAACCCCTATTGACGATTGTACATCAGATAACTCAGGATAAATCTTGTGTTTTAAGATTTAAAGATGATACGGCTAGTATAGGGTAGTCCTATTCTTAGGAAGCGAAGTTTCCCAGGAGTCTCGGGCTTCCGTCAGGGGAGGCATGATGTTAGCTAGAGCGACCACTAGCTAGTTGCGGGGACATCAGGCAACGTGAAATTAAACCTAGTCGTGGTTGGAAAGACTCGGATCGAAGACGCACTCCTCTCACTATGTGCGGGGGATTATGCACATCCGATGCTATGCCATCAACAGCGTGGAGCTAGTGGCATTGCCTCCTGGACCTTGCTTCGCCTCTTGATAGCAGGTGGCGCCTTGTAAACAACATCACGAAACCACATTGACCAACGGTTAGGAGGGATCTAAGTCGAAAGTACGGAATGCGCATTACGACTTCTCTACCTGTATGGTAGGGTACGTACGTGCTAACACTCGTGAGTTAAACCGGCCTACGGATAAATTGCTGATAGCGCCAACATGAACTCCAAATCGGCGCGGATTAACATTATATTGTACTTTAAAAGGGACTACTGCGCCGCTCCACCCGGCCCCGATACGAG,1391,50.47,Homo sapiens
SEQ_746520,TATAATCCTGTCCATATGTTCGTTCAGTCTGTGATTCATTGGTCAGGCATCTGGCCAAGCCGTTCCGTAGCTTGTATTTGAGGCGACCACAAACGTGATAATTGGACGGTCGGAGTCGAGCTAATTTGTAGCAGCTTGGACCTGAGTGTGATCCAAGAACATAGCCGATACGTAATTGCCCTCCCACAACGTTGTGCAACTCCTCGGCGGCGTTCACTGAGTCTGACGTTGCGGTTGCGCCTGGTTTCGCAATATTGTGAGACGAATGGACGTTATTCGTGTTATAGACACGGGGTCACTTGACATCTTGATTTAGGACGGCGCGCTACCCGCGATTACCGAAAGACATAATAACGGGCAGTAGGCTCCAACATTGCCGCATTCAGAGGCCGCCATCTTGAGGTGACTGGAAAATACGATGCTCCCCGCGCGACCAGAAACCTGTGATGCTACACCAACAAGTGATTTTGAATCATGTACTTCTGTTTGCACGAATAATTGCATAGATGAGGACTACCGCGTTAGTTGGTAAAATTACACTCAACCACGTTGCCCCTCACTCGAGACACGAACCCGAGAATCTGTAATGCGTCAGTCGGCCCCGCTACTGCTGAAAATAAGGGGTGTCTTTCTACCATCGAAGGAGCTTTAATCTTGACATTCATCTCATGCCGATAAGGTGCGCCGTAACTTCATTCCCGTCTGACCCCTGGATGCCGCTAGTTGGCCTCTAAGCCAGCCCATGATAACTGCA,754,49.73,Mus musculus
SEQ_189822,CTCCCTTGGGGAGTCACGGCGAGAGCACTATAGAATCTGATTGGATAGCCCTTTGCGATCGACCTGGAAGCGTAATCCTGCTATGGTGTATAGAATAAAACCGTCCTGAGTGATATAGGCTAATTCTCAACAATTCTCTGTAAGGGCTACAACCTGTACTTGCAAAGCTATCCTACTGTTTCAAGTTATGGTTTTTGAATCAAGGGAACGCTCGCTGATGGACGGCGTAAAGAACTCGCAGTGGCAGAGGTCCTTTCGGGAGAAGAACCATTGAGTCATGACGATTGTTAATGGCGAAAACCTCTCAAGCGAAGCCATTGTCAGGGCTGTTAAATGATCCTCGCAACAAAATCTGCCCAATGAGAGGACACGGCCGTCTCATGGGGCACTGTCACTTCCCCCTGAGTATGTGCCCTATGCCAGCTCCTGCTAGTCTTATTCACGGGCCTTTTCTATTGCGAATGGGCGTTCCGCGAACATCTCGCCCGGCCATCTTAAGCCTAGGCCTGGTCATTATTAGATAGTATAGACTTTCTGTGTCGGACCAGGCTACGATCTGGGGCATTTTGGTTGGAGCTCCAATCTTTTCACCTAGTGTTCGTGTTCAACGGGCTTCAGCGGAGCAAATTGTAGCAGGCGACGCCGATCTCATGCTTCTCATTAGATAGCGATTGACTGCTGGATTCACATTGAACTACGTAATTTCCTTCCCACAGCGGGGACCCCTTTGTGGTCACTCAAGCTCGCAACATACTATTCAGAACCCATCCACTTCATACCATCGCGTCAGAACCCACGCGGAACGCTACGGGAGGCCTCTCATGTGAACCGAGCTGCCCTATCCCCAGGGAGGGTCTGTCACGAGCGAGCAAGAAGCGCTCGTAGGTCTCACAAACCCAAACAGATAACTTATTTGAATACAACGTGAATTTGTCGGTGCACAACTACTTTGTTCTAAGTTGTCCAATTCGGTGCTATCGCGCCAAGCCGCGCGTCTTTGGTACGTTGATATCAGTCGGCAAGTATATCCTAAATGCGAGATCGAGATCCTGGCGCCAACGCATAGCTATACGTCGGCGCTCACCTTTATAGGTGAGAGGCAGGTAATACAGACCGTCGACCAACAGTGGAGAAGAGTGAAGACATGCTTATTCCGTCAGTAACTCCCGGCCCTCTATAGAATGAATACGCGCTTACTGGAGCCCTGAACTACCGCACTGGATGTTAGGTGATCCTACTAAGCGCACCAATAGTGAAGACTGCCAAATCGGAACTCTCACGACTATCTACGAGTCTTACTTGCGAGTGGGAACGGATTCATATTCTTGAGGCGGGTGATCGCGTCGTGACTTCGCGGCCTTATATGTACCATACAGTCGACTCATATTTGACTACCTACCCACACTTCGTTGCATGCACGTAGGCCTGATGGACAAGTATGATGATGTAAATGGATTCGCAAAATAAACAGAAACAAAGAATATGATGACACGACAAGTCGGGGGACCACGAGATGTGCCTCTGTCGATAGGCGATAAGACCTGCCACTACACAGATTAACGAAGCTTTCTCCGGTCTCCCACTCGACGTCCATGACCAAACAATGCTATGCACTATGGGACTTCTGGGAGGTTGGTAGATATTTGATGTCGGC,1654,49.33,Escherichia coli
SEQ_520000,TATTAAAACCACTGAATTCCTCACCTCACCTATTCCGTCCCGTGTATATAACGTTCTGGTTTCGAGAGCTAATGTCTCACATATACGAACTATTTTAATAACTAACGGCACAATTGCGAAGTAAGTGTCCTTCTACATGCTTCCGCAAATTCCTTTCGGCTCTACTTATGATAATCTGATAATTACCCCCAATATAATCTGCGAAGTTCCTACAGGAAGCTACCGGTATTCTACTGCCTCCGTGCGCTGATTGATAGCTGCCTGATGCACATCACGAGACCTGACCTTAACATGGAGACCGTAACGAAATTGTATGAATAGCTAGATGATCCTCCTGAGACGGGCAGCGACATAAGGTTGTTCTGAGTTTTTGGTCTGGCACCTCACGTCCGAACACCACCTACGATTGCCGTTTCTGTGAGGGACAGTTGCAGAGAGTGATAAGGGGACGGCGTTCAATCTACGCCAGTTCGGGGGGGGCTTGACACGTAAAGGGGATGCTTTAAAAATACGGCAAAATTACTGCGTTGACGGTCTAAGAATGAGTATCTTATTGATCGCTGCTTCTTAGCTGTGGATCTGCCGCCTCAGGCCCAATCTCCAATAACCAGCAAAACCTATCACCGCAGCATCCGGTGCCGATTACATTACAGATGTGGGCGAGACGCTCCACCACTAAGATTTTCTAATTTGGGCGTTACGCTCGCGCACCAAAAACGATGCCCCGCCCTGATAACATGAAATGGGGCTGCCCGGGTGCATCCTCTGAACAGTGTTGGAGGGTAAAACAAAAGAGCGTAGTTCACCGAACCCAGCGACCTATGAACCGAGCGATCCTTTCGATACTTGCCTGCTTTATGGTCAAAACGTCCTGTTAACTGTCAACTCCAAACTCCCGTTAAGGCTAACGCTCACGAGGCCTACCGTCCAAGTGCGTCTTATCTTCCAATTTTTACGACGCCCGGTTAGACAGCGACGCAAAGCATACTTGCCGAATTGTAGACCTCCGGTTCTGTCGGTTTCCCATCTTTAGATGTGCTTCGTGAGTAGGGCCGAACCGGTCGCTAAATAAAGGTGAGCCCCGGATACATGCGGACTAGGCTTGTTGAGATACTGTAATCTCGCATGTCTGGCAGAGGGGCCGTAGATCAGCCTGACCCTCGTAAAGTCTAGTATCGTACCGTTATTCTTAATACGGTACTCCGGAACTGAATCATAATTCGGTCGGTCCGAAGGCGCCCGTTCGGAACCATGGATCCCTCAAGAGTGT,1270,48.82,Mus musculus
SEQ_537596,GAAGCAAACCACGAATGCATGGACACCATGCATACGCAGTCTTCGTTGGCCTAGTGTTGCGCTGTCTTGCAAATTCTTGAGTAACAGCCCCGCTCAGACCAGAATCAGCGTGTCTTTGAGATAAGTAGGAGTCAGAGGAGTCTTAAACCGCCCGAGGATGTGAGAACTTGGCAAAACTTCCGGCCGGTATTTACAGTGAATCGAGATTGTAGCTCATCTGTAATCGCGATGTCAATTAACGCCATCGGAATTTAGGTGTCTGGACTTGGCAGTTTGACTCAGCAAGTTTTGTGTCAACCGCAGTCCAGGTGGAGCGAGTCACCTTGCACCGCTTAGCTTTCTGGCGTTGTTGCCATTAATACATCCTACCGATGTTTGCGGATTCTGTATCGCTACATCTATGCCAAGCCGATTTGGCGGGCACACAAGTTGTATTTGTTGGTATATGGCAAACAGCCTAGTTACCGACGTCATCCATGACCGTGGCGGTAGTACAGGGTTGAGCTTTAGCCTCCCTAGGCCTTCTACTCTATCCGGTGACCAATCTTACTCAATGTCCCTTCGCTAGGCGGTTAGGAGCTCGTGGCAGGGCTCTGATACCGCGAACCCTGACGCGCTTCATGCCCGAGCGAGTCCCGGACTCGGAGCTGATCCATGGGTACCGACTGATACCTTAATTTTCCCCCAAACGGATACTTTCCTGCACGTATTATTTGCATGAGAGGCGAACGCGGGAGGGAATGTAGTTTCGTGTGATGTCGCTCGCTTCCCAGTGTCTGGAGGAATTGTAAGGCCAGTAAATTATCCTCGGCTCTATGGACAAGAGGGTTGCGTGTCCTACATTTGTTAGTACGGATTGGTTATACACCCTTCACAGACATAACCAGGACTCGCAAACTGGCTTAAAAACAGTCCGGAGTTTCCTCAACCAAAAATTTTGGGGCTAATTTTCGACCTGCGTCAGTGGTCGCCGTTATAGACGCTAGAAAGAAGGATGAAGGAAAGCTCAAGAGTATTTGTTCAGATGGTTACGCTGCCAGTGTCTTGTCTAAGATAGGAGTATTGTATGACGTAATCTACACCCGGTCTTGTGCCGTTGCCGAACCAGGGCCGTTACTGTATCCTTTCGAGCCTCCCCTTGATTAGCGGCGTCCAGACATACCGCCCTTGGTAATAACAAGTTTTAACACCGTACTTCGAACATGATTAAGTCAGACGGGATTGAGTAAGGGGAACCAGTCACGACACCCCTGCCTAGAAGACCGAAACGGGACGACACTCATGATAGGTTCCCAACAATAGCCAAAACACGACAGGAAGT,1321,49.51,Caenorhabditis elegans
SEQ_713182,GTATGTTGGAGTGTCGTAGCGGAAAACATCAAGCGGTTGGGATGGATCTTAGGCTCTGGGGGACTAGGATTAGAGGTTGCAGACCATGAATTACTATACACAGTTGAACGTTCG,114,47.37,Arabidopsis thaliana
SEQ_157423,CTAAGCCACTAGGTATATCCCACCGCCGCCATACGCACGTCTGGCCGAATTATCTTAAATATTGAATTCCCAGCGCCCCGGTGCGACAGATAACCTTTCAACTTCAACACCGACATCAAAAACAAGCAAAGGCAGGACGGACTTCGTTTACATTTCCGCTATACCGCGACACTGTATCATCGACGTCGCGGCGTTGAGTGACCAGTAATGTCAACGTTGCAGAGTATATAGACAGCTAACCGACGCATCTTTTTTATCTTCGGCCTTAGATACGTGTGTATGACGACATACCAGGTACCCGTCTTCTCGAAGTTACGTCTGATGTGCAGAGACGAAAATCTACTATGCCACCAGTATAGATCGGAGACAGGGGTCAGAGTGCATTAAGACACCCAGAAGGGTATGGGAACGTTCATTTCACCTAGCTAAAATGTGACATGTCTCAGTCTTAGATGGTCCAGACTCGGCTGTCACGGATTATCGCTGCCAATCATCAAGCCATGACCAATGCGCCGAGCAATGTTCAGACTCGACGAATTAATCATATAAGCATGTCCCTAGGACAGACGCATGACATCCGCG,582,48.11,Drosophila melanogaster
SEQ_386843,TTGCGCTTTCCTCGTCACACATATGGTCTGTTTTTAAGGATAAACCCCGGTATTACTGAGTACCACTTTGAGTGTCGTTATAGAGCGCGTTTTTGGTAATATAGTTCCGGCAGGAAGATTCGAGACTCATCCAGTTGCTTCAGCCATATGTAGCTGTATTCCTGTAATTACTGTACCCCGAGAAGAGCGACGGTCGTTTAATTACTTACAGTGATCGCGTAGAACGTGTCTGTAATACGCCCCAATCGCTTTTCGCCTTAGGCAAAGACTGATGTTGAAAGTCATGATAAGCGATATGAATCTCGTTTTGTGACTCAGAGGTAAATTATTCTCTTTCCATGATGGGCTTTGGCCCAAAAAGCCTATGCTCGAGCCGGGAAGTTCTCTGCTGCGAAAGTGCTTAATACGGGTTTGAAGAGGGGCAAACGTTTTGTCAGGCGAGCTGCACTTAAGCGCCATACCAAGGCAGAGCATAAATTCCGAGAGAGGCCAAACCAAGTGCTCGTCAAATCCTAATTTGCTGGTCTAAACGGGTTGATCTGAGGCAACAGAGCTACCACCGTGTGCCCATCTGTGCACTGACCAGAGTAGTCAGGCCTTTCTCGCACTTACACCACGTATGCTGCCAGCGCGCTGTTTATCCCATTCCATATGAGTATGTGAGCGCTGTCCTAGGGGATTATGTCGACGGTGTTCGACGACCTCTTCGGGTTAGCCCTGAATGAATCGACGAGGCTTCCGAATAGACCAAACAAGGGCTAGTTGTGCACGTGCCACGACACTCCTTGAGACAGCTGGACAAATAGTCCGAGACTGGTCGTAGCCGTCCAATCGATGATTCGCTCTTTAAAAATTCTAATGGAAAAGGACGTAAGGGCATTGGCTACAAGCATTTTTTAATACTTGATGACTGTCGAGTCAGAAGAAAAAATAAACCTAACATGCACGCACAGACTAGTGCCAACGACCCCAGTATTCGCAGTGGCTACGTATATTCACCCTGCATTGAAGGGCGAATGAAGCCCAGTACCACCGGCTGGTACGGCGAGCATCCTAGTCCACCCTGTCGCACTCTCTGCCTATATAGGATCGTGTCAAATTACTTGCCTACGCCGCTGCTTCCGGGGTCGAATCCAAGCAGTCTGCAAAGGGTTTCAGTGGTGTATGTCTCTTGCGGTAGTTACGTCTCTCCTTT,1195,48.28,Saccharomyces cerevisiae
SEQ_916501,TGAGATGGACGAGCCTACTTCCAGTTATTGCCTGAGTGTCAAAATAAGCAAGCGGTCAGCGGCCCCACAGTGGCACTTATGACCCCCGGTCCAGCAAGATTAGATGTTCGGTTCTACGAGCCCATCCTCAATGATTTCAACTTCATAGTGTTCCCAACCCATCAAGGGCCCCCTCTACATTCATTGCTTAAAAGGCAAATGGCTGCCTAACCCGTCGAGGGACGAGACACGAACCCTAAGGATACAAGCGAGCCTTACAATCTGAGCGCTAAGAACTGAGCCTGGTTTCTTAATGCGGCTCAGGGCTTCCCGCGGACGATGAGGACGCATTGTCTTCATTTGGGCGTGTATAGCCGTTACAAATCCGAGTCACCTTTCAGTGGCGCCACTCTAATGGATTGTTTGGCCTCTATCACACTAGTCATCTCTCAAGCCATACCATGCCAATTATGGGATGTATTCGGCCGCTAAGGGCGGGTATGTGCGTCGCGGATACCCGGCATCACGTATTTGGCCACGAACACAAGGGTCTAGTCAGTGACATGGCTTACATACATAAGCTCGGTTTGTCCGGAATTCTGCTATGCCTCTTATTGCGCATGTCATTAGTTACGACAGCTGGCAGGTGGCCGCTGATCCGACGCAGTTGCTCACTCATTAGACCAGAGTTGAATATGCTATCTATCTCCTCATCTGTATCCGGGCCCGGCAACCGACCACTGGCCCAGCTGATGGATGACACAACAGGGTGGTTGCTCAGCGTCTCCGCTTTCACTCTTACTGAACATCCAAACCTAGAGATATGCTACCCAGCTTAACGCGGCGTCCGGAGGCCGT,837,51.97,Saccharomyces cerevisiae
SEQ_310506,CTTACACAGGTAGTGAATGGGCGCGCGAGATATAAGAGGATGGGTATACCTGAAGAAGCCTCATACGCCATCATGTTAAATACACATGGCAATACCTCCTGGGCTTGTACTGAACCAATAGATAGAGTTGTGCCTCAGAAGGTTTTCTCGAGTGCGGCATCATGAGCAAGAGTCCGGGGAATCTGTCCGGCTTCGTAGTAACACTAGACAGTTAGATACCATACTCTACGGTCCTACGCCATTGCTCTCGATGAGATGGGAATGGGTCCAGCGCCGACTACGAAAACTCAGTGTAGGAGCTAAAATCACGGAATAGTGACGGACCATTAAGTAATGCCGCATGCGCAAGCCCTGTTAAGGCAGATGGATCCGTTGCCGAAAATCATTGTTCGGTCTGGGGAAACATATGCCATTCTTTAAGCTATTTCTAGTGTGTGTTCTTAATCACCGCTGTCGACTTCTGCCGGCTCAGCTCCGTGTACCATAGCGGCCCGCGGACCGCCGTATGGCGCATTAATCCTTACGAAGCCCACTTATGGCCCGACGAAATTGTGTTGAATCTTCGCGCTGACACGTACTGGCTAACTGAAAAATCGAACTGGGGATAACCTGGGAATATCCTCTATAGGTTGGCTATATCGAACATCTGGAGATCACATGTGGAGTATAGTTGTCCTGAGAGGCCACGCCGTAAGTAGTTGTACTAGCGAGGGAGTGGTCAGTTATACAAACCTGGTCGTCGGCGATACGCTTCGGGGGGACCGGGAATATTTGTGTCTACGGGATCTCGACCAGTGGCAGCTAGCCGCTCGACCACTCCGCCCCTTAGCTCTCCCCTGGGATCTAACTCTTTACTGTGACCAAATGAGATCTGTAGCGCGCATGTTTGAGCTGGCGTCTTGTTTCCGATATAAACAATAATGAGTGCTCGCGGCTCGGTACAACAAAATAAGTAGTTGCCCGTTGCGGAGCAGACACGTGCTTCTTCAGGTAGGGTACTAGTACTACGTCAACCTTGGATGAACCACCTGCCGCCCCACTGGTTCTTGGAGCAAAGCTCCCTAGATTTATACTTTTTTATTTGGGCCGCGATAACCGCGGCTTGTACTGCAACTCGGAGGTATCACAGGGCCTTGACTGTAGCAAGAGTGGACAACGATCGTTCTTGGTTTAGTATCTGTCGCGGTACAAGTGGCGTGTTTGATCACCATTTATGATACCTGCCGCTTAGCGGGCCGCGCGTACGCCAGTAGTTTCACAGTGGTGTTCTCCTTATGCTCAGAATGTTTAGGCGTGAATACATTATTTACGCCTGTATGAACAATATCCAGAGACTGTGGAGGAGTGCCAACCACCAACAGCGCTTCAGCGTTACTGTACGTAAAACTTCTGACAAAGCACTACCCAGTTTGGCATTTTTTAACATTGAGTGGTACAAATCACGTAGCTAACCATACAGCTCTCGATCCCGATCTTCTGAGCCGAGGTTTGCCGTGCACTGCTGTCGATTAGACTTGCGATCCCCCGAGATAATTAGAATGGATTGCTGCTGGGATGCCATTCGAGGCGGCCGACGTCATCAGAGGAGATACCGTGATGATTGGACGGGCGTATGTCCAACTCGACAGATCGAGCTCGTCTCGGATGGCTTAGGCCTTTGGAGCCTCCTGAATGAATAGTTGTCGGTTAGAACGTGGATACTAGTTACCTAAACCAAAAAGTAAGGATCGAGTCGCAGGAGCAGCATCGCTTCGATGACAGGAATCTATCGAGGGCACCCAGGTGCCAGCCTAAGCAGCAGGGAAAGCCTAGGATTGAGTTACATTCGGCCAATATGGGTCAGGAGTAGGGCTTCTATGTCTTCGTGCGCTCGCTCAATTTGATGTACAGCATCACTCCTAACGAGTTCGATGCCTCTTA,1920,49.95,Mus musculus
SEQ_932299,CACTGTAACCATGCAATTTCATCAATGAGTCTCGCGCCCTCAGGAATATGTCCCCGTATGAGATACGATGGCCTCTGTCAATCACGACCTTTGCGCAGAGTTTCTATGCTTGTGTGCAGTCCCCTTAGACAACTTGCGAAATTCCTTAACACGGTGTCTTCAAGCGGCATTATCTGTAATCCTCCATAAGGAAAGAAAGAACGGGCCGTAAAATGGCTTTCTGGGGGCGTACGCCCATCAAACATCACACCGGGCCATCCAACAGACGCAGACAAGGAACGTAAGGTGAATTTTTGCGATCGAGAATTAAAGGGGAAGACTCTAGATAATTCCTTACCCGGGCTACTCGCTTCAAGGGCGGGGTCCAAGAATATCGCCTTTTACTAGATAAAGCACCAGTTGACAAGTCCCTAAGAGCCCTGGCGGACAGAAAATATGCCAGATCTGCGCCACCAGAATAATACGGCAGTTTACGCAAAATCCTTAAACAGCCACGACGATACCCTCTTTGCTAACGCGCGATCACCAGGCCTTAGCAAGACGAACATCAAATATCATGTCCTCACTACCAAATCACGACGTATTTGTATAGGTCCAGTCCTAGTCATGCTGGGATTTAGCGCCAGTGTGACAAGACTATGTCGGGCTCTCGACTGAGATGGACCCTATCAACCTGACGGTGAATGTAGCGTTGTTACCGAACATGTATCCCAT,714,48.18,Arabidopsis thaliana
SEQ_278961,TAGTGAAAGAAGGTTACCTAGTTGTTCAAGGTATCATCCGTGGCGTCTGCCGTAGCATAACCCAATGCTACTGGGAAGATGGTTAAGCAGCACCCGATATGCCTGTCTTACATACTTCCCCATTCTCTTTCCCTCATTACCTTGTACTCCGGTGGCGGATCTCAACCATGCCTCTCGGTTTGTTGCACGACATAATTAGCCCCGCTCTACTCATTAGGCGGGGCGTTAGGAATACTTTGATAGAACTCGGTTTAAGTTATTAGTGCCGGATCATCATGAATTGGGGACACGACCAGGCTTCTTCAGCTACGCTTACAAGACGACCGAGTCGCCGGTTTAATGATTGTCACGGGGCTCAGAGCCGTCCTCAAGACAAAATACCCTCATGGAGGATAATTAACACGTCGCTAAGTGAGCCCGGGATCCACATCAGGTAATAGCCAAGTTCCTCCACACAGAGATGGGCGTAATCCCACAGAGGGCGACCCGTACGATGCTATGGTATGAAACACGCAGGAATCAAATATAGGTCCACCCTATGCCCATATGATGCAGAGCATACTCGACACAGAATCCCCGAGATGCTCAATAGTGTCAGCTCACGTGGGAGCCTCAGGGAGAGCCTGGATCTGCAGCCTGGCGCGCAGAATTGAGAGGCTACTTGAGTGAATGGACATCGAGTCGCGAAATACCAGACCGGTTCTGGCCATGGCTCTTGTTTTGGCGCACAGAAGCTAAATGGCTTTAACGACAGTGGGGTGCACTCTTTATATATACTAAGGGGCTGTATACGGTTCGTCCAGGGGCTGTCCACCAATTCTCCCTTCTAAGGACGGATTGAAACAATCGAACAATTGTCTTGCTACGATTTAATTGAAAGATCGTTTAGCTACCAGAGAATTTGCCAACACCAAGTCTGGGCAGACCCTGCTCTGGCTTTGTTCTCTTTTAGCCATGTATCCGCTGCGATGCCTTTGATTAGACTTCTTCCCATGAAGTCGGTTTGATTAGAGGCCTAGAGCACAACCCCCTTCAGCACGTCGCATGGTAAATTGGTTAGTCTAGCGGTAGATTTGCGTTTGCAGGGCCGGAGCACTGGACGTCAAAATATAGCTCTCTTGAGTCACTTGCGAAACAAACAATTGCTCGTAGTATTGAGCCCCAACCTTCCTGAGTTACGAACCCGCACGCTATGTTGAACGGGACTTATAAATTCACTTGAGTCACAGGAGACTGGAACTTAATAAAAAAGGCAGAGATGCGTTGGTGTCATCTGGCGTCCCCGTATGCGTTGCAAAATGAGCATGTAACGGGGGATAGGCCACCGAACCAGCGATCGTGCGCGACCGGATCGACTCTTCCCCAGGCTTTCAGGCGCGCCGATCTTTTACTCCGGACACTGGAATTTCTCGCCGACCTAGTGTTGGGAAGTACAGTACATACTGAATCTCGTAACCGGAATTCTGAATTTAGATGCAGGCCTCCCCAGTCGTCACCTATTAAAGGATACCAATCTGATTGCCTCTGACGCGTTTAGGTGAAAGCAAAAGAACGAGGCCCAGCACGGTGGCTCCGAGAGAAACTTGCCGCAT,1592,49.75,Escherichia coli
SEQ_313329,CGCAATTCTCGTTTTGCGCCTCGCTTTGGCATACTCTGACAACGCGACCCTTAGTTTGCACTCACCCTACAGCTAGACTTCCCCAATCAACGACCGACACACTGTCTCAGGACGCCGCCCCTCGGGTGCCACCTTTGAGCAAGTTTTTAAAGTAAGAGTATTTATCAGGGGTCCTTCTAGTGCGTCACCCATGAGGGTCTGTTTAATGCCGACTACGCAGAACGTCAACCGGTCGCACTCTAGTATGCCGTGCTCATTAACGCTTGGTTGCCCATTTGCGCAATGTCGAACATGTCGATGACTTAATCCGTAGAGGAATTTCGTACAGTAGGGCTATGGATACCCAATGTGGACGGGTCCGAAATACGTTGTGCATAGTCACACAGATGTCGTATTAGCAATGCATTCAGGCGCATTGATGTATTTGAAGTGTTCCAGTACGGTCGGTCCATCGAAAAAAAACGTAACTAGTTTACTAGTACATCAATTTGTTGCGCCTGAGCTTCGCCCGCGGCAGACCACTACCACGATCGAGTTCCTGCCAATAACACAGGAATATTGGGTGGGTGTGCCCACGTCAGATAGTAAATTTTACCGTAGGGTCAGAGCCTATAAGCAAGGACCATTCCTAGACAACTAGAATCTGCGGGGGTCGCAACCAGACTACCATTACTCCCACTGTAGGTTCGGGCCGTTCTAATCGACATCGTTTGAGAACTTACCCTCACTGCTAAATCGTGAGTAGGTTCTTATTGAGAACGAATTCTGAGGACCTGGACCTTCTGTGTTGAGGCAGTGCATCAAAAACTCAAATGCCCGGGGGCGTTACCGTACTCCAATTGCAAGCTGACGGCTTTGTTCGACCCACGGCACTCGCATGCCAGTCAAGCTTGATATACACCGTATGGGCCAAATGAATGCATCGCGCTGATGACAGTATAATACGGGTTTAGATAAACAGCCATCCTTCGCAATCCTTTTGTAGAGGGTCGCACGTTGGCGATCAATCTTCTACATCGCCGCGTTTCGGACTCCATTTCCTTCTTGACGAAACTGGCCTATGCATCGCTCTCAGTCCAAGCAATGTAAGTGCTAGTTAGAACTACTTAACGCTACACGTAAAGTGTGCGGGTGAAACTTGGCTCCCATGGCATTGGCAGTAAACCATCCGCGTAGTGCCTGACGGAATTAAGCTTAACTCTGAATGCGGACTCAGTCGAGGTTTATTTTTCACCGGAAGAAGGATAGAGAATACAGGAAGAGAGCAATAACTACGCACTTGCAAGGGCACTATCATCTATATAAATACAAGAATAACGCTAGGCGCGAGGACCTGACTCATTGTAATATCATTGCGCTCAACGAACCTTGGCATCGTCTTTTTGGAGTGAACCATGGGCCCGACTAGAGCAGCCCGTGACCACGATTCATCGTCCGGCAAATCGTGTAACATAGTGGCTGAGAATCTTGGACGTTACGTCGTTTCATCTTGATGAATGGGCACTATTAAAGCAAGTAACGCTGCACGGTTGGTAGTTGCTCGTTGTGGAGCGCGGGTGGCGCCAACGCTTAGCCCCACACGTTAAAATACCACCCTTTTGGAACATTCCCGTAGATTAGAACCATCTTTTCAGTTTACCCAATGATACTATAAGCCAGGAAATTATGGCACCTGCTTGTCGAGGAGTCATGTTCAGTAGACGCGAACTGGTT,1713,48.39,Escherichia coli
SEQ_322243,AGCCGCTGCCGGGGAGACGGCATGGCAAAAGGTCTTCCTTCCCACACTCCGCGCGTGTAACCGTTCGCCGAAGTAAGGTGCCTCCAAATTCGTGTGTATAAATGGGCCGCTGTGTTACTCCACTTCGCTGATAGCACGCGGATAGAAACGTAGACAATGAAGATTTAATTTGACTCCAGCCGGAATTTTTGATAGACGGACGCGGCGAAATTCCATGGCGAACAAACTCATGTCACGAATAAGCTTGACAGCGCAAAGTGCTTTAAGCGTGGGACGTGCGCTAACCTTACGCCGTTCCACTGTGTGTGTGTGATCCGGGTAAGTCAGCTGCAACGGACACTCCGTTTTGAAATTTACGGTGCACCAACCGTTTTAAGGCTCGGTCGACCTACAGTCTAATGAAGTCGTCCGCAAACCGCGATATTAACATGTCCAGGTAGGAGCTACCTGAGATGCCCAAGCTTTCATGCAAATCGGGTATGGAAACGTTCTAGCGTACCTGCGTCTGGAAATGCACCTCTTCCTGGCAGAAAAAAG,537,50.84,Mus musculus
SEQ_200335,TATATCCAAAGGCAGCGTGGGATCGGGAGAGCTCTGGATCATAGCAGATGCCTGCTAAAATGATAGGGTGGGGGTAGACTACCACATAGTTCGATGAGCAATTTATGTCGGCCTCCGGCGGGGTCCACGCCTGAAGGTGGGCCCCCCAGTTGAAAATTTTCGTTCCATATCAGGCATGCGCATGATTGGGCTATATAATAGCAATCTCTACCGTGTCCAAATAAATCCAGTAGTATGCAGTGAGCAATGCCCGGCGTACCTATGCAAACTCGTCATTAATGGCATCAATCGTTCTTGCAATCGATGATCCTACTTCAGGTACGCGCCTAGAGCCGGAGTAAATGCGGGGCCGCGTTGACATACTGGAGAAACCCGGCATCTCTCTTAGTATATTGGAAACGATGACAAGACAACACGGGTCTAACCTTTCGCCTATTATCTGTACTAGGAGACGGCCGTGACACGTTGGAAATCAATGATCCTCTGACTGTCTCAGGTACCCGCTATGTATGAAGCCGGCCAAGACAGTGGCCTGGCATAGTGTCGTTAGATAAGATTACCTAGGCCGGATCGCGTGATGGAGGAGTGCTATATAAGATTTACGTATTGACACGGGGTAAGTATCTCGATCTGACTCGCGGTTATTTTATTCAGCACATGCGCGGCGGCTAACAGTGTACTTTTCGAGTGCCCCAGCGGGTCTACCATGAGATCCTCCTGCTGATTCGAAATCAATACTTCGCAACCCAGCTGTTCTGGGAGTTTTGCTCGCTTGCTCTATAACGATCCCACCGTAGGACCTTCCGAATGGCCAGAAGGTTCGCATGACCGTTGGGAGTCA,841,50.06,Saccharomyces cerevisiae
SEQ_692606,GTCTACGCAGTAAGCAGCTTTTCCAACACTGGAGCAATAACTCAACGTTGTTTGCAGACGCAAGCAACGGACCCGCGTTCTGTGCAATCACGTCGTGATGTGGACAAATTGTCGCATGGCTTCGTCGGCGGATGGGTATGCATATAACGGTTAACTCAAAGCCTACCTTAGGTCATCTCGATACCATCTACTGCCTACCAATGCACGGGGCAATCCTTCCCACCACGAACCGCTAGACGTGGTGGGGCGGTCACACCTCCCTGGGGACGGTGGAAGTGGCCTTAGCGCACATATGGTTTCCGCATATATACCTTATAAGATAACAAATAGCAATGGTGACGAAAACATCGGACCGCCACCACTTATGGTCCTACGGTGAATCTACCTTTGAGAAGCTACACCACGCCGGAGTGGGACGCTGGATCGAGCTTAATGGAGCTTCTTTCGAGTTCCACAGGCCTAGACCTATGTGGGTTAAGCCAAGGACCGGGACCCATCTTGCGCCGAACGTACGCCATTTAAGACTTATCTGAATGCCTGAAGTTCTTACCTCCTAACGCTGCTTCCAATGTGTACCTTGACAGCGTAAATGACTAGTCATTGCATGCAACAGCGCAGCGTGTGTCTCTTCCGCGCTCAATGGGCCACTGGCTATATGGCGGAACGGAATCAACATTCCGGAACCGCTTAGCGGAACCGATAATGCGGCTCCACGTTTCCTTGTGCAAGCGAGGACGTGCCTCGTGCTGAACAACATTCTGACCAGGTGGCGTGGCAATGGGGGTACGACGAGCGAAGGCTAAACTTCTCATAAGTGTCCGAGGGGACCATTGACCTTGACTTCAAGTATGCTCGAAATTAGAAGGGATTTGGGATATATCATCTAAACCATTGAGCAATGGTCTTGGCTTCTCTACCCTGACTCGAGGTGTAACGGATCGACTTGGGGGTCACCCTCGCAAGCTGCTAGCACCCGTCGACCGCGGACATCGCGTGGAAAGCTTTCTCGAACTGATACCGAGCCAGGGGCCTTGCTGAACCGGAGTTTAGGTGTTAATCCTCAGGATGAACGTAGACTGATTTGGAGCACAAGGTAGGATCCCCAAGCCAAAGGTACTCGAAGGCTCCCGAAACGTCGAAGGACCTGTAAACGTGCCTCGGGAACCGAGACGCTTCCGATTGGCTCTGTCTTCAAAATCTTTGCACACTGCACCCCCAGTCAAACTGTGCTCCGACATATCTTTGAATGGAAGTTGTCAATCAAAAGGGAGTGAGCCCGCGATGGAACACCTGACCGATGTTCGCGGTTGACAAAACCATGATTGAAATGAGTACAATCTCAGCTGTCCCGGTC,1354,51.92,Drosophila melanogaster
SEQ_809389,GGGGGAGTTGCTGGGCTGACTTGGTTTAGAACGAGCTAAAGCATAAGCTGGTTGATACATGACTCCCCATCAAAGGTCTACCGTAACTACTGTACGAGCGAATGGCGGGCCAAGACCCAGGGGACTCACATGTGTTCGGGGTAGTCTGTACAACATTCATAATCCCTTGTTCCTCCACGTATAGGACGGATTTATGTTTCAGCACTCTCGCAACTCCGTAACAGTTGACAACGAACATTGGCCCCAAGCGTTTCATCCGATGTCCTGAGAGTCATAGGCCGCGAAGTCCTGTCGGAGGTTTCGATATCACGTATATCGATTTCCATTTCCGGCCTTCATGCATGAACGTTCCTGTGCTAGGAAGACGCTGCTTGAGCAGAATAGCGCCCATCCATCCTT,399,50.38,Escherichia coli
SEQ_539023,TACCGCTAATCTCGTAGGTGCCCCAGCCCGGTCGTAATGGAGCCGTGTAGAACCATTAGCCCCAATAGGGGAGTGGTCGCATGGCAACGCTCATAGAGTATAATTGCGCTTCGCGACGTCAAGCTGATACTCTTTCTGCGAGCAACTAGATACTAGCCTCCACTAGCGCCTGCCTACAATCTGATAGTGCATTAAAAGTATTATCATAATCTGTCTCTAGCTCAGCACCCCCTCAGACGGCCGCGCACCGACTGGGATGCCGACAACTTATGCAGGGTCCGTGTATAGTAAAGAGTTTAGAAGGTTAAGAAAACATCGTTATGGGTTGACGGGACGTTAGCCTCGGGGTCTATATTTTACCTCGGTTCCCTGTCTTAACAAATACCGCTATAAAGATCGGAACTTCATTCCTAGTAGACAGCGAGCTACCGGAAGCCGGCTTCATGATAGTGAGGTCTGAACCCTAGACAGTATACTCTGAGTCCTGCACGTTTAGGAAGCGTCCGGGGAGTATAGTGCGGAGGTAAGATTATTTTGTATCCGCCAGGATATATTAGTAATCCAGTAGTCAAACCGACTCTCGCTAGTTAGAAACTGTCACAGAGGCTAGACGATTCCCGAGGAAGTCTCCAGGACCTGGCTTTCGGGACATCCGTTATAGGGCCATTGCCGATACAGTTTGCATTAAGGTCTCACTTCAAACTGGGCGTATGGGATCTGAGTAGATTAGACTACCGTCTAAGCCACCAAAGCTGGCGCGGAACGTAGGTTTGGGAGGCCGAAGGTCTAGCGATCTAGTTCTGGCATGCCCTGCGAACAGCAGGGTTATCGTTTCTGTATTACTTGTTTAACGATTGCAGTGGACGATGGGTAACAAACCGCTCTGAGTGACGCTGGGAAGACCTTTTTCTCAAGCTACCTGCTTCGCGGCTGGACATCCCTCAATAGGGTACCTACGGCTCCAACAAAACGTGAGTTATGACTCTGTGTGTTATTATGTTCGGCGTCTTGACGTTAAGGGGACTCTGTGATCGCACACATCAGGGGGTTTCGCATCCCATGTGGACCAGCCACGATACAAGACAATATCGCAAAGCGAGAACATATGGGGGGACACTTTTCCAGGACCTCGCTAAGGGGGGGAATTATCGGCGCGTTTTACTGCGCAGCTGGGGGCGTACTCACATGTTCAAGGTGTAAACTATCTGCGTAAGCGTGCTCGGATGGAGGGACATACATTATATAAGATCAGGAGTTCTGCACCCGGCGGAGAACCGAGTGAGAGCTTGTCACTATGATGGAAGATTTAGTCCGCGGACGAGAAGTGATTTCCTCACAACTAAGGCCGCGGGTTACAACTAGATCTCAATACAAGTTGTACAATTTCAAGATGTTCAGTAAGCC,1404,49.57,Mus musculus
SEQ_286268,GAGCCATTTCTCACTCTCACCGGTCACGAGGTCAATGGCAAAGCTGGGTATCAGCCGGCGATAACATTTACTCGATTTTGCCTCAACATCTCAAGTTCCCTCCTGCAGAACTTATTTACGCTCTGGATATCTGGCGTTGCGTACTGCCCCCATTAAAATTAATCACGGGGTGTGAGAAGTTGGGGGACGCGCACTGTCCACTCCCGCGTGGTCTCTCTCGACTAAATCTGGCTTGGTTGTTCAATTAGGTATTCTTAATCCTCAGCATCGGATACGTAATTGAAGTGGCTAGCCATTGAGATTAACATCCATCCCATCCGTAAAGGTCTTTCGAATCTAAAGCACGGCCTGGACATGATATTTTTGTCGTTTACCTTAGGCACGCGAGCTGTACGGGAGCTACAATTTGTTAGACCAGCAGGTAAGGTTCCACACACTTCCTACGACGCTGAACACTTAAATTCGCTGGGATCAGAGGGTAGTAATAGCCCGAAGAGAAGGTCTCAGCTGCGAGGGCCTGCTTATGACACTTTCTGGACTTCAGCACACACACCCCCTATTAGCCTGTGTAACTGAGTGCAATCCATCTCTGTTATCTGAGCAGTGAAGCTAACATGAATTCCTTAATTTAAGAATGATCATCTATCTAAAGAATATCACTAGAAACGCCTTCTTAATTCGTGCGTCGCTGAGAGACCCTCGTGATACGGGGTAAGTACTCTTGTTTGGGAGCTGGTAAGTGTAAGGCGGATTTCCTATCACCTGCCTTCGAACAATAATGAACTTTTACCAGCCATACATAAGGCTCATCCTAATCTGGATTTCCGATGACTGGGAACTCCGTAACAATTGCCCTAAGTGAGCTGCCAACGCAACTGTCACGTGAGCACCGATCAAGGGCCCAGCAGCCTCCTAAGGCCCATCTATGGCGCTCATAGCATCAGAGTTTTGTCACTTATACAGTGCTTAAGGATTCATGTTTTGCAAAGCGTAAACGCTCTCGGGTGGTTAGAAGAATCGATACGATTGGTGCCTAGAGGATCAGCTTGGCCGGACCGTAATGGTATTGGAATGAGCCACGCACCGAGTCATATATAGGACGTGCTCGATGTAGGTTAGTGTCGTAAGTCACTCCTATTGGTGTCGCGGCACGTGTTCAAATTGGTGAACTATTGTAGCCATGAGCTAGCTGGTTTTAACAATGCT,1206,47.26,Mus musculus
SEQ_572723,CCGTACTTTAGCATTATTGGACTAGACTGCCTGGTTCTGAGCCTAAAGTATGCTTCATCGTCTTAAATAGTGAATGCTGAGGCTCTTGTTGCTATAGGTGCAAGTGTAGAAAGATGCAGATACGCATTACGGCACGACTACACATTCGCTATGTGCACAGCAATTCGGGTAGTTCGGCCAGCGGATTTAGATACTTCTAATTTCAACGGACACGTATCGATCCTCCGATCGAAAATATACTTCGAACACATGGCGCACAGTTGAACAACAAGCGCTTTACAATCTACCTCGAAGGGATGGGCTCAAATTCAGGCATCTACGAGGTGACGTATTAGCGGCGCAGGGGAGTCGTATTGCCTCAATTTTCTTAATCTATATGTGTATCTGCACACATAGCCCGGTGTACTCAAATCTAAGGGCACGCCCGCTCCGCCCCCAGATTCGGCCGACGACGTGGAGGCGTCTAATCAGTAAGAGAGAGCGCTCATTTGGCAGGCCCGATCTTACCCAGCGGCGCGCGCACGCTCGCGGTACAGAGTGCTTGACGCTATTTTGGCGCGTCGCTACTACTTGCTGATACTCGTATTCAAGCCTCAAGAGACTCAGGAGTACTGCATGAACCACGCCGCACCGCGCACCTCACCCAAATGCGCAATAAGTTAGACTAGCGTCCTATTCATGTACTTATGGCGCTGGTAGGCCCACAGAGGAGTTATTATTCGACACGGGGTATCTTCCGCTGTCTGAGCAAATGCGCGCTGTTGGGTCCGGAGCTATCACGCCGTACACCAGAGGGCTATGATAGGGTTCCGGAGATAGTATAGTGTGTCGAAACACAGGAGCGTTTCCAAAGCTAGCGCATATCATCACCGAAAATCCTGTTATCACCGAGTGTACGGCCATACCACGTCTCGCATGTATCGTAACTGCGTATTCCCACAGTTGCGAACATATACTCCATGTTCCATTTGTCGGTGCCGACCTATCCGAGCCTGTCGCACCCGCTGCTGGGGGACTACGGCCACGGTGAACGAAGCTTGAGACGCTCCTACATTAAATAAAGTGATCACACTTCTAGACAAGCATTGCCCGCACCTTCAACTGGACTTCACAGGCAAGGAGCGCCCTTACGGCTGGTACAAAGTTATCCAAGACCCCGGATATGTACTTGTGGTTGCGATATGGCTTCACGGCTGGGAATAGACAACATGGAAATAACGCGTTACGTGTGCAACGCGCTGGCTCGTACCATCACTACTATTAACACTTGTTCGTCCCAATACGAGCGCTCTTTGACACCCCCACACCTCTACGCATAAAAGGCTTTATACTTTCCACCCCCGCCATTTGATAGCCGGTTGTATGGGTCCCCAACATGATGTCACTGACAGGGCGTCTATTGAGCCAGTGACTACAACGCCTCAGGGTCATCAAGTAATATGCTGGCTCGATCGTCCTGGAGTCTTTCACCATATGATTGGTGGTAGAAAGCAGCTTCGTCATAATAATTTCTGACTGTCTTCTGTCGACAATATATTGAGGAGTTATTCTTAACGTGGCGCTTTATACCGCTACTTAATGAGCTTGGCGAGGTAAAAGGGGTAGTTGTTCTTCTAAACGATAGAATTCTCTCCAAATCGGTTTCCAGGGACTGGAAACCAGATTTGCGTCTACCGGGTTGTTGTCAGGGGGGGTTTGATCCCATGTTTGTCCTGAGATAAGTGGCCTT,1729,49.8,Homo sapiens
SEQ_402372,CTGGGACTCCGGGAACCCTTAGGTATTAACTAGATACTTTCGGACACGTGCTACCAGTCTCCTACTCCATTGCCTTGAATTCATTCTAGTGCTCGCTAGTTACTAACGTAGCATTTCCATCTAAGACTTGAGGGTTTGCCCTCCGGTAGCGGACTGGTCACTAACATGAGTTGGCGGCATCACCACGCTCAGCCCACCAAAATCAGCAGACTGAATCAATTGGGAGAGTCGCTTGGGTTGATTACGGCACGCTTCGTTCGAGCATGAATGTCGCGTTCCTTGACCGCAGTTCCGGCGCAGATTAGTATTTTGTAGGCCTAGGTGCAGTTATTAAGATTTTAGATACCTCTGATACCATACGGTAAAGCACGTGACTGGAACAATTTTCGTCTGTCGGTCTTGCCGTGAAGACTCCTCATTCATGTAAACGACTCCGCACGTGTTTAGCGATCTACCAGATAAATTATCTAGTGCGCACAATATCGAACTCATGGTGCGTGAGATCCGGTCACGACAAGAAGCTCCAAAGGGTGCACATGCATTCGGCTTCACACGAATGGGAAGAGGGTAGCCTGAAATTGACACTCATATGACTCTACTTACCAGATTCATTCAGACACAAATCGCCGTAAGTCATCCAAGCCTCAACCTTCACCGTTTGGTTTCACAACTCAAATTAGTCGACTATGTTTAAAAAGTCCACCACCCCCTCTTCATGTAATTGATCTTTATTCCTGTTCAGGCTCAACCGCGAAACGCCGCGCTTGTATTTATATTGCGAGAATACTAAATCTGCGGCGGACGTGGGCATCTAAGTTGATGCTGCGGAGAGACGCTTCTTTTTCGTTGACAACCGAAAATTCCAGTGGGGGAAAGGGTTACATTATTCGTTAACCCGAAATGTGAAGCCTAATGATACCACCCTCTGGGCGACTTTGGTTTCCATGTCCACCCATCGCACCCGTCTCTGGAGAAGACGTCCACCTAATTGCTGCCTTCTCAGGCGAGATCTACGTTCGTGCTCTCTAGTGTCGAGTTTCCCAACTAAAGTGCGCCGTGACGGAGTAATTCGACCACGAACGATATCTAGTGAACTGCAACACAACTATTAAGACGCCCATTTTCTCTATTAACAGGCAATCACCTGCGCAGCAGATCCCGTGTTTAGATCTCTACTTTGAGACCGAATCTCCTCCTTTGCGTTCAGCTGTAGCATTTCCACCAGGGCCAAAGCGTGCGCCGCGCCCATCGAGCGGACTGGCGCATAACGTAAATTTTAAGGCGGATAATCATCCACGATGCGGGCTTCAGTACCGCGACCGAAACATGTATGGAGCTCCTGCACTGACCGGTGCTCGATTGCGCAATGATGTCTTGGCATGGTCCGTCGATCTTGTTACGCCGTTGGAAGAAACGGAACGCTCTGTTTAGCGAGGTCACTGTACCTGGCGGCAATAGTGCATCCAGTGCCCCTTAGCAGGGTGCGAAAACGCCTCGTAACTGTTGTTTAAGCGTGTCGAACTCGTCTTCACCCTTCATTCTACTGCCTTCCGACTTTTGCCCGCTGTATAGATTAAACAGACGTTCCTTGCCGAGACCTTAATCCAATACTGCCCACTTCGCTTCTAGATCCCCGGAACGTGTTAGGGGCCGATTACATTATATGAGTCTCTATATACGAGTCAACCTGGGGAAGCGTTTTCAGATTGCGGCAGCGACCGTCTCTGAGCCAGCCTTAAATTCACTGCTCATAATGGGTGATCAAGCTCACACACACACACCTGAACTTTTCTACATTTCGCGGCTTGAGAGTGATTTGACTGCTATCGAAAGCACTCAGCACCCGGTATGTAGCGCAGTTGGCTTGCCTTCTAACTGCGTTAA,1884,48.99,Saccharomyces cerevisiae
SEQ_436303,AAACGCCCTCGTTTTCTTCAGAAATAGTCTTCCGGTGTAGTTCGTGAGCTTAGCGGACAAAGAGCTATGTGTGTTGACTCCTATTGAAGTGGATCGTGGGCTCCCATTTCTTGGTTAGGGTTATTGATGTGATCTTTACCAGTGTGTTTTTGCTGGCCTGTCACTTTATAACGGACATCGCTATAGGTCATAGCGCACCTGAATTCTCCACTGCGTATAATATTAGGTTATTCAGGGTACCAATGGGACATAAGAAGGAACGGTTCAATGCCCCGCCCGCGTTTTGCGGCCATAGTATTAGATCGGAGTGCTTCGAAGGGTCCTGGAGTGTGAATTCTCCGAGGTCTACCAGTTTTCGGAGTTTGACATCATAACTGCTAGACTTGACGACAACAAGTCTACACCATTTTGCGTGCCTACCGAAGTTTCTAGCGCGGCTTTTCTAACTGTTCTAATTCACACACATGGCAAGCCTGATAGGTCCTTCAGACTAAACGCTATAGGAGCCCATTTCCACGGTCCGACGCGCTCAGCTGGCAGCACGAATCAATGGGTGGCGCGCCGGGGATGGATGCCGTCAGAGCAAATCGTATCCTGGCAAGCGAATGCCCGGCTCTACACCCAGTTGCTGCGGCGATAGAAACCATGAGGTAACAGTCTAGTGCAAGATATCCCACAACTTTCGTAGTGGAATAGCTATCTGTGTCACGGCCCTCCATGTAGAGCAGCGTACCGGCTGGACCCTAGGCCCATGAGTAGCCATGCACAAATACGCCTAGTCTACGAACTAGACGCTCAACTAGACCAGACGAACCATACTGTTATGTGGACGTAGTAAGACATTCCTCATACATTTTGAGGCGTTCAGCTGAGAAAGTGCAGCCTGTGACCAGAAGCTTAGACCTACGTTGAATCCCCGACATTATACAAAACAGCGGGCAAACTCAAGAAAGCACCAGTACGAGTTGATACTGGCGCCAAGATTTTCGTTGCTAATCAACGGGCGTTAGAATTGAATTATAGACCTTGGGCCTGTGCAAGGCTCCGAGCATCGGAGGGATTATATCCTTAACGCCTCTTTAGGTTAGCTTCGAAGTCAACTCCCCTCGGAACCAGGCGAGCGCACTCGTCTCACAGATACATTGTACAGCTATGGCGCTACCAAGGGGGCAATACTTCCTGCAAGCGGTAGGGGATG,1198,49.58,Mus musculus
SEQ_289327,ACGGCGCTCTTGAAACAACGCTATGGTAACAGCGGAGGGCACATTAACAGTAAGGCTCATCCCCGGTCAATGTGGTCATAGAAGAGCTAGTCCTGACTTAGTATGATTCCATACTTGCAGATGTACCATAGTAATTGACACTCAATGAGCTGGTAGTAAGATCAAGAAAAGCCTACTTAGGGCCGAGCCCGCACCACCAGCAGACATCTACAGCCCGTTCCGAGCACATAATATAGCAGTAATCTTTAGACGTCTGCTCAGTTGCTATCGGCGTTAATCGAGGGACAGGAGTTGGGGCGGCCGACAATGAGGAATTCAGGCCATACAGCTTAACGATATATATCGGACAGGATGTGGTGCGCAGCAGCGATCAGGGAGCAGTGAAATTCCTAACTCTACTCATGTCTCCACGGGCAATCGAAGTGGGACAGAAACAGCCACCTCAGTGCTTCTCGTTTGTAATCGGAGTACTCGTTCGGGCCCAACTTTTTACAGGCCGAATAATACAGTAAAAGTTCTTATTTGTTGCTTCTAGCGCTCTAACCTGTGAGTTGGGCACACTCGGGGCACTAACGCTCGCGCCGAGGACATAAATTTGCGGGGAGGGTCGGTCGCTAGACCTCTTCATGTTACCACCTCAAACGAAACACGTGCGGGGGATGGTCCGCTGGATCGAAAGCTCTTCATGTCTTTACCAAGCCCTCAGAACGACAGTGAGTTGACCTCTGTGGCTGACACAGACCTATGTTAACCCTTAAAAAGGACCTGAACGTTCATACAGAAGATGCTGGTACAGGCACCCTACATGTCCGCCCTGTGCGAAGAGAGCTTTGACTGCATAGCCCTACAATTGATATTTTCTGTAGGGAGAATCGCCCGGCGATTTTACGCCTTATCTCCTGAGAGATGGTTAAATATGGTTGGTCATTGGGAGGAAA,938,49.36,Saccharomyces cerevisiae
SEQ_192824,GGCTGCCTTTGAATGCTTACCCGTATTATCATGTCCTTAGCATGATAGAGTGTGCATCGCTGAAAATGGACGCAGCACGCGAACGAAAGAAGGTCATATTCGTCCGTGGAGTGTTGTTGGTCAGCTTGTGGGACTGACCGCTGTCGCATCACCTCCCACTTAGTGGACGGTGTGCCATTCAAAATGCCCTAGAGATTGAGCGCGGAGACGGGGACTTTGGGGCTGTTTGACGAAGCCAAGTTTGTTAGATTATGTCTCTTCCTATTTGTCCACGTTCCCTGCTTAATGTATAGGGAACTACTGACCGCGTACTCGATCATATTGCGACAATCTTAGCTTAGTTAGGTAGATAGCAGGAGCTCTATGGTTCGTAGCAACTCGATCGTTATATAGTATGCTAAGTAATGCTGGTGAGTATGCCCTATGATCATAATGCCCTTCTTTAGACGGCAAGGCCTTACTTTGTCTACAATGTAAATCATGTTGAGCAAAGTGGCGAGATTCTGAGTATTAGCCTCAAACGACCGCTCTGGCATGAGAAAAAGATGCACATATGCATGCACGCCTGCTACGCATCTTGTACGCCGCCAGTTGCACTTTTGAAACGGATGCAAAGCCCCCGCCTAGACGGGCCTGGGGCCATCGTAGACTTGACTGCAACTGGACGTCAATCGCATTTTCCCAAGACTTCGAATACACTGTACTGGTCTAGCACTCGAAATAGCCTCCAGTAGTATCTATATAAGAGAGCATTGATTACGATAATAAATCCGACGCCAGCGTGCGTGCAGGATTCCAAGCGAGTTTCTGGCGAATACAATCTCTCGTATCATAGGTAGGAGGCGACAGTCCCGTTCTTCTTTTGTCATTGGATGGGACCTCAGAATTCGAAGATATGAGCGTCTTGTGTTAAGATATCGCGGACAATAGTAAACTTCACTGGGATGCCCAGCGTATCAGCTAGAGTGACTCACAAATAGCGTTTCTGCGTTGTGCTACCGGCAAATTAAGAAAGAAGGGGAAATAGGTCTCGCTCGATCGCTAAAAACTACAGGACCCCCCCGAGTATTCAGACGATCCGCTGGAGGCCTACAGAGTTGTACCGTACGAATCTGGGTGGGGGCGCAATCTGTCCGCGAGTTGGAACCGCTTGGAGAATGGCCTTTCGCATTTTTCCTAGGGCATCCGTACCGAATCTCGGAGCAGGACGTCCGTTCTCTGAGTAGGCCTGCGCGATATACTCCGCACCATAGAAGGTGAGCCGGTGCAAGCGCAGACATGTTGGGCTTATTCCCGAAGCGGTTCTGCTTATAAGTCGTCAGTCTAGGTTCGTTCGGCCGATCATAGACTCTTGTTCTTACAAGAGCAGAAACACTACGTAAAAAGGTCTCAATAGGCCGATATTGGCACCAATCCGTC,1419,48.91,Saccharomyces cerevisiae
SEQ_636524,TCCTATCGCCTATTGGGTAAAGTAACTGCTTCAGAGGAAAAAGTTGGCGCGTGGGATTGCGGAAGAGGTTTCTGCCTTGCGTCGTGCGCCTCTGATATTTCTATGGGTCCCTATAGCGCGCTTGGAATGGTGGGGCCATTGTGGTGGGGTCACTATCTTTTTATGAAAATAACGTCGGCGTAAGGATCCGAACAGCACGTTGCTGGGGCGGGCATGTCACAGACTTGGTGAGCCGTAATGATTTTTACCATACCAGCCGTGTGTGTCCAGTGACAATGTAATTTCGGACCCAAGCGGTTTCGACTGCCATAACTTACAAATGATTACTCACCCAGCAGTCGTGCCGAACTATCCTACCTACTGACCCTTAATATCTTGGAATAGACTAGAGTAATCGGGTCGAAGGGGTAAAGCCAAATGTAAGCGGTCGTCATGATGGGTAGGAACCTTATAACAGCCATTCCTTCCAGCAAACGGCGAGCCGCGCCGCGTCGTCTCATCATACTATTACTAGCTTAACCGCGGGGGTGTCGACGACTGCGCCTAAATTACAGCCATACTGCTATCTCATGCGGCCAAAGCCTTAAGCTTCGCTTTACAACGCAAATGATAGCTACTGTATAATTAACGCCGGGTTTGTCCGCAACCAATCTCGGGATTGAGAAGACTGGGTCTCGCCAGAGTCCGGGGCGCAGCTTCGAGTTTAGATAGTTGTTGAGCCAATGTACAGGCATGGAGTTGCTCTTGCATTCATTCGTCTCATGGTTTGTGCCAGTTGTCAAGTTCCTATAGTGGAAAGAGATATTTTAGGAGCCAGACTTTTGATGGCCGTTTGCAAATGTAACCAATGATCACTGACGAAAAGAGCCCACTAGTTCAAGGAGGAAGGTTCTTCTACAATGCCTACGGCACAGGCCT,918,49.02,Drosophila melanogaster
SEQ_755928,CTAATAGCACGGCCAATTCAACGGGAACCATAAGTCTAGGCGAACAATCCTACTAGAAGATTCTAGAAGCACATCGTGCGTACGATTTGGTGGATAAAAGATAGCGATTCTGATTTATAAGTCTCGTCGTCTTGTGGGTATTAGGCAGAATTTGCCAGTGAACACCCTATAGCATATGCGCAATACAACGTAGCAGCTCCTTGCTTGAGCCATTGGCGTAGGCTCAAAATAGACATCCCCACCGCGTCTGGCCAGATTCTGGAATGAGCCCTCTAGCGATGAGTATCATAGCCCACGGTTCAGGCCGCGCCAACATATTCTTGTGCCATTGGCTCGGATCGTTATCGCCCTATTTAAAAGGATTATCGACAGAACCCTGAATGGTATCGCAGTCCTACACCTCGGCAAGGGGACGGGCCATAAGTTTTCGCGTATCGATAAATCGTTCGACTA,453,47.9,Mus musculus
SEQ_383160,AGGAAGCACTCATCTAGCTGCCCGATAAGCACAAGGGAATTGTTACTGACGCGAACAGATGCTGCACCGCTATTTCAGCGGCGCTGTAGTTCAGGGGCCTCAAATGATTATCCGGTACTACGCCCACGCCTTGGGACTTTTCCAAGGCTTAGCATAGGGAGGATGAGGTCTAGGATGAATAGTTGGTTTCATGAATGCCGTATTCTGGACAAGCAGATATGTGACCAACAAACTCACCGATTTCCTGTATAGTAATCGAGAGCGATGCAATGAGAAGTCGCTAATCGCGCACGCTAACAGCTGCTTTTATAGGTCGACCGATTTACCCACAACGTAAGCTATAGTACAGCGTAAGGTGGTGAAATCTCTATCTCAGGCAAATACGATAGTCTTGACCGGCGGAGGAGGCTCAGGCGCTCGACCACTACGTAGTGCGAATCTTTCGACTTTACCCGATTCACACGGCAATCTTCTAGAATCTAGTACATGACCCCCAGCAAGCGAGAAGCGCCGATTCGGTCCTCATTAAATAGAATGCGCAAATGAGACATACTGTATTTCTAAAGAAGGGAGGGTATGGTACAGCCGTTTTCTCTAATTGTCCTTCAGATTACGCCATCACGAAGTGATGACAAATCATGATGCGAGATTTACTTGATATTACATGGGTTCAGCTAACTAGGGTCTATGACCTTTCCCCTGATACCCGCGCTGCACGCCTCGCAGATAACTAACGGGAACTGGAGTTAACAAACAACATGTATGCAGGTTTGGCTTTGAATCTAGTGGCTGTCTAGCCGAATTACCCGCTTGCTTTCGGACGGGGGGCAATCTCTGGCAGACAATACGTGGGAGGGACTCATAGCCACCGGGTAAACGTTAGCGGTAGAAGTAATGCAGGATCACGCAAGATCCTGGGAAGACCTACTGAGCCAAACGGCGGATCGCGATTCGGGCGTGACAATACGAAAGCAGGTGGGATGATAGTCATCTGTTTACGTCCATTCCCAAATTGGCCCCTTCGAGGCATGCCTTAGACAGAACCATAAGGTAGTGTTCAAACATGAGGGTAGGCTATCCACCCTTCCCTACATGCTTATGGTACTTTGCAGGTATTTAATGAGATCGAGAATTAGGTTATCCGTGCCTTATCGTTTAAGGGGTTGAACCTCGTGTGTTGAGCGGTACCCGTGACGGCCTTTCCGACTGCGGACAAAACATCT,1223,48.57,Saccharomyces cerevisiae
SEQ_338774,TGTTGGGGTACACAACCAAGCGGGATATTGAGGGTACCATGGACTGGACCCTCGTGAATGGACGAGGATTGCGTAAACGTCAGTAAGAGCTTTGGTCTGTTGTTGTCACGCCCAGTCGTGCAATACATTGTCAGCATGTTGTAAACTCAGCAACTGTATAGGGGGGCTACGCACAGTAAAAATAATCGTCATTAATGCCCTCATTGGGTTCTACACACCCCAAATCTACAACAAGCTGGGCGCTCCAACTGGGATCTGGGTACACCATCCATTACACTTGTGAGTACTTACGTGCGCTCTGTGCTTTCTCGCGGCCGTTTCATCAAGAAACAGCAAGATTGTCTGCCATCCACGCGTGCGCAGTTTTGGCGCTTATCATTCGTAGGCCGCCCGTTTCCGGACACGGTAGATCCCGAACATACCGTTAGGAATGCCAATGACGGCAGGTGTGCGCCCTTTTGGCCACGTTGATTGGCAAGAATAGCGTCGTAACGTTTGGTTCGATCTCCCTCGACGCAAATCGAGGGGCTTCAGACACATGCTTGCACCGTTCGTTGAAGCTACGGTTGGCTGCTAAGGCTATGTGGATGTGACAGCACGGAGTTATGGCCTTTGTATCTGTTCAACTATTACCTTTCCGACGCGCATCAGAGCAATCTGGGCAGGGTCGGGTTCGTACGCATCTTCCTATCATCCTAGGAAGGGAACAATGCGGAGATCAGCTTTAGTGTCGGGGTCGAGGCCGGTCAGTTCATAGTACCCCAGGAGTCGCTAGAACTGCGATTTCACTATAAGCTGTTTGTCCTCATAGATTCACCTCCTCTCTGCACTAGAGGGACCAACCGACAACTGGTTCTAGACGGGTTTCAGAAATAAGTCAAAAATGATTGACGCACGCGAATGTTGCCTAGGGACGAATATGCAAGTTCACCTGTATCCAATAACTGATTTCTTAGGAGAAAGTAAAGTGCTGAGGCCGTTACCACTCGCCTTGGGAGAATAGCAGGCCTTAATGAAATGCGGCCCCGGCCGACGCAGAGTACATGAGGCGACTTAGTGGGACAGAATCTGGAACTCTTACTGCGTTTCGGCTCAAATAGCCACGATGGTTTGCGCTCTCCGACATACC,1129,50.66,Arabidopsis thaliana
SEQ_418622,TAGTCGGCTGACGTCCCAGCAAACGGGACATTACGCACCAATGATCACAGGTAGCTAGCTATTACGACGAGCGATGCTCCCGAGCGCGTGACGGTGTACGGGCGAGCTCTCCTTCGGTTGTATCCTTACTGCTATGGCGTTGAAGTCTGCAGGTTTATCCGAGTATATTAAATAGCTGAGGGGTCTAGTGTGCGCGGGAGTCCTAATATAATTCCTGTTACAAAGTAGCATCGAACTGCGAGGGTCATGGACACGGTGCTAAAGCGCTACTCCTGAGGTCCCACACAGGGGGTATAAGGTGTGAGGTGCCCTAGGTTGGACTATCGATATGTTTTAGCCACCTCTCTCACGCTACAAGCTATCAGCTTCTACACATTCTCGTCAGGAATAGATAGGTACAGCTGGTTAAGAGATAACAGGACGCGAAGGGAGGATACAGGGGGAAGTCTCACCCCAACATAACGCACCCGCGAGAATGCCACGAGTGTAGCATACGATCAGACAGAGACTTATAATAGGCTCATGGAGTTCATATGCATGTAGCCCCGAGCGCTCTTTGTAACCGTGAGTACGGCGATAGCGATTTGGCCACATCGTTAGCGATCAGATTGCGCGGCGCCTGAACGAAAAACTTTGCACGTGAGTAGCCGTGTGCTAGTTTTGATAGACATCGGTATTCCGTGTGTAATATCAATGTAAATGCGGCGG,708,50.56,Drosophila melanogaster
SEQ_221776,CCGCGGGCTTCAGCGCGAGGGCATCACCAGCGATAATCGCTGCGTCATCTTATAACTCCTCAGTATATGCTAATCTCTCTGCTAACTCTGCGGTCCATTTTCATACACAACTGATATCATGCGGACAGTCCGGCAGGCACCCCTGGGAGCATCCATGCACCATTAGCAGCGCGCGTAACGATTGGCCCTATGATGTACAGGCCTTAAAGAAAAAAACCGCGATTCAAAGACATATTTCGGCATACAAGCTCCGACCTCTTGTAGCTAGAAGCATCTGCTCGTGCAATTTAAGTCACCGTGGGACTTCCAGACAATCGACGCACTGGCCTACATACGGCCACGCTCCACTACAGAGGGGGGATCCCGCAATCGGGATCTTAAGGAACGTTCCCCAACAAGATCGTTTGAGACCGCGGTCATTTTGCAGACGCGGGAGAGAGTGTACCAAACTGGATTGAGGTTTGCCGAGATGCTGTCTTTGGGGTTTGCGTCGAGGGTACCTGTTGGATCGCAATTAACATTTTGTATTAGACGA,535,51.21,Escherichia coli
SEQ_644662,AGAGGTGAGACATTTTAGACTCATCCAGCAGGCCTCTTGAGAGATAGGGAACGAAAATAGGTTGCAGACGCTATCGGACGGGCTAACGATCCAGGGTTGAGTTTACAACACACTAGTGTAAGCCTGCGACCATCAATAGCTTCGTATGGCGAGCATGGACGTTAGGTCCCGTGATCATCGCATACGATAACAGGAAGGAACCCAATATGAATGGCGATGAGCTACAACGGGATTAGAGTCTTGTTCATGATACGGGACGTCGCCGGTGTTCTTCTCTGCCCGACAACTCCCAATTCTACTCAGTGAGCCTATACTCCTTGCAACGAGTCGCGGTGCCGCTAACCGCGCTACTGGACACCGATTGGGGAGCATTGATGCAGCTCACCGGGGTATAATGAAAGAGCGCCACTTTTCGCTACGGTTAAGTATATCGCATGCTTTGCAATTTAGAAACTTTCGGACCCACGGAATACACGATCCGCATTAAGCCATTGTTGATCAGGAAAACGTCTCCTAAGTTTAGGTGGTTCTCTTAGAAGCCTTAGCCTCTTAGGATAATCGTCGCGCACTGATCACGCCCGCCGGGTTGTGCGCCCAGCTGCGATCGATCACGGAAAGGTATAAGTTCCTGGGGGTCATGAGAATAGCTTTGTCAGAAACTCGATGTGTTGTGAGCCGTAAGACAAATGAAGCATGCAAGGGATACATGTTATTTGATTAGGACGTACCCCAACTCATTAGCGATTTTGGGACTTTTGCTTGAGTTAATTTCAAAATGAGGCGCTTAATGGTCAGTGGACCGGTATGAGCGGGTTGCAAAGGGGCTCGCTCGGGTCTCATTTAACCGGTGTGGATGGCGAGACACGATGCCGGGGCAGTTGGACCAGCCGCCCGGCCGGCCATACCGGATCCACCTACGTTTTGGCGCTTTCCGGGCAGTTGCGAGGGCTCGACAAACATATTGGAATGGACAAATTTCTGAACGGGAGGCATGTCTTCAACTTGGCCGAGCCTCACGACCCCTGTGATCTCCAGCCTCCATTTGATATACCCCCCTTCTAGTATTAATAAATATTCTCCACCGTACGAGAGGTGTCGGCCTACTGGGGAACCGAGGCAGTACGAACGTCCGAGGCGAATTTTGAGAAGTTAACATTCTGCTCTGTGTCATTGGTTTCCCTACACCGCAATGACTCGCTGGTCGAGCAAGCCTTCTAGGACAGTAGACCGTAACACCGGGCTTGGCCGGACGACGCGGAGGGACACTAGATGTAGATGTACGGATTGTGCTACGTAGGCGA,1301,51.27,Escherichia coli
SEQ_750152,CCGTGTAAAGAGATCGTGGACTGGGTATCGTTTTTTATACTTAGTTAATTGCTGACACACGAACAACCTATCATAGTTGGTATCTCCGACCCGCCAAGAAGTATAGAGGCACCGTATGATACCCCTTTGATCTAGTATGCCTCCCGCGGTCGGCTATTGAACTGGAGGAATGGGTGT,177,46.89,Saccharomyces cerevisiae
SEQ_376053,TAGCCGTGTTAGATTCGGGGCCTCGTATTGTGTCAGATTAGTAACGGCACTCTTGTCGCTCCTTTGCTTTCGTCGTCTGCGTTGCCCTTAAGTGTGCGATTTTTCGTAGACTCTACGCAGGGCCCGATGTCTGTCGATCTGACAGTCTGGACAGCAGCGTAACCATTTGAGTGACTAAAATATATAGCCTGTCACAGGTAATTGTGAAATTGAAACTGACGCTAGAAGCCACAGTCATATTCATGAGTTCAGCAACTGAATAGTCAGGTAGCCGCAAGCGAAAAATGCTTTCAATTTAGGCGTCTATCGTGGTACACAAACAATACGGACGGGCACCAATGCAAGCCCGGGGCATCGTTGCATTACTCTCCTCGGGACTATCTACACGGTCTCAGAATGCCAGGCGAAAAAACCAACAGTATAACTGTGCCGAGTTGAATATAAGTAACGGCGGTCTTGTCATCAATTAGCCTCACCCATGGTGCCTAAGAAAGGGAGTCACCGAATTACGCCAGGCGGAGGATAGAAAAACCTCCATTTGCACCATGCTCTAATGCGCGGAAGGCTCAAGTAACTAAACAAGTGAAGTTTATCAATCTAAGGCTCCAGCGCCTGGCTGCGAGATTGGCTCCGAACGGTGACCGTCAACATTGCGGTTCCGATAGGAAAGTGGGGGTACGGTTGGCGTACTTTCAACCTGTGTTCACAATAGAAGTTTGCCCCCCACAGTTTGAAATTAAATAAGAGGCTACAAGAGACCACGGATAATTGGGACACCAAGTTGTTATGTGTCCTAACTCGGCTGAGGTGCAGGGTCCGCCAGGTTGGCCGGCTGCTCATCCTTACATGATTCGCGCCGGAGGCAGCTCGCTTTGCTTAACCATGCCGCAGTCTACGTCGTATTCTACCATCTCAGCGCACGTACTGACGAACTCGCTCCCGAACGATTGTGTCAGAGTCCTGGCTTTTCATAGATCCGGTGATCAATGCTTAACAATGCATACAACAAGGCGTCCTCTCTAATCCCCCGTCCGCCTCCATGGGTTCCAAGTCGAAGAGTATTACTAGATGAATATTTATACGACCTTGGAGTATGCCTAGTGGAGCGGTGGGCCACTTGTAGCGCGGCAGTGAGTCATGTCACTTTGTATCTGCTGAAAGCTTACGCGGGCGTTC,1176,49.57,Homo sapiens
SEQ_642840,CAGAACGCTTCCGGGGGGGGTGAGCCACCGCCTGCACATTCGTGCGCGAGATGGGTCCGGGAAAGCGTAGCATGATGGGGGGAACTTGCGGGGCCAACTCCTCGTTGTGGGAGAGGCACGCCATGGAATACACTCGATGATCTAGACGCCATCATGACGAAGACTTAACGTAGCCGAGGAGAGTTACTTGCAGGTCTGCTTACTGCGTAAGTGAAGTTACCTGTGTTGCGCATTCCGTCGTTACTGGATACTGGGGCACCAGAAGAAGTTACACCACCGCCGCCGAAGAGCTCAGAACAGGGGCAGCTTATGGATGTCCTGGGCCTACTAATGACCGCGGACGATAAGCCTAGACCGGGAATTAAGGGCTCGTCACAAAGAGAACCTTTCAGTCTAGGTAAAAATTCTGTGAGACAGCGCCCGCGCTCGGAATGCATGCTTGAGACTGACCTTAGCAGGGCTGCGGCAAGCTTTCATTATCTAGGGCCACAGTAACGTCCCAACCCAGAAGGAAAAACTGAGTTGGCCGATTGTGCAACGGCCGACATAGCTCATTTATGTGGCCGCAAAAGCCCGGGCCGAGCTCTTCCAGTAATTAAGCTTTTTGAACGAACACCTTAACGCGGATATGATAGGGG,638,54.23,Caenorhabditis elegans
SEQ_166893,ACTTTAAAACGTGGGGACTGGGTGGTGTGCACGGGACTCTCATACGGTGTTTTAGAGACTAAGCTGTTAGCACCGAGCAGGGGAAGCATCCTCTTGAAGCGCCAGTCTGCAGAGTCGGGAGCTTTGACTTAGAAATGCAGCCGGGTGCTGGTCTGAATTGTGACAGGCGGTTGAAGGGGTGCTGAGGCGGGAGTTCTCCGAATGCAGCAACCAGGCGCCCGGTGTCCACTAAGAGAACTTCCACTAGTATTAGTACGCTGACACGTAGTCCGTAGCCGGCATATAGGCCTAACGACCCAACTCCCTGGGTCTGCTTTGCAATACTTTAATGGCCGCCGCGTGGAGCGTCAGGATGTTATTCCACGGACTTCCCCGTTTATATCAGTATTTAGGTCGCTTGTACGTAACTGAAACGTGAATCCATCGATATAGCAGAGATTTCGCCGCATCTATTGACCTGCAACAAGCACGGGATAAGGGCCAGCACGCTATACTCTTCGTCTGTAAAATGTGAATCTAAAGCCGGGGAGCCATCAAAATCCTGTCCGTGTATCATCCCAACACGTTTTGAGGGACAAGTTGATAGTGCACATCCCTATCGTATCGAATAACAAATTGAGAGAATGCACTAGGTCCATTTGGCGCATTACGGTCAAGGCCCGCGCATCCTTTACGACGTTCCCGTGCGGTCAATGAGATAGCGGCAATCCTTCATCCGGATCACGGTCTGTGTTGTCCGGTCATCCAGGGCAGAGATTCCCCGTCGTAACGCCAATAGCTCCGAAGAAAGTTGCGGCTCTCATCAACATAAAATCCTCGACTGGACCCTCAATTCCAGAGCTTATGTGTGGAAGGGCATAGGTCTCGTTCGGATGAATAACTTAGGTGGACATCCCAGAAGCCTTAGACTTCTCCGATCTCAAAAAGCCCTCATCCGGTCTGAACCAGTCCAGAATATTTTTCGCACATAAATTAGTGGTGCAGTAGAACCAAGCCCTACCCCTCAGCGGCTATGGTTACCTGAGCAGTCCTAGCCTATCGGGAGGAACTGAGAGTCTGCCTTTTCGTGAAGTCGTGAGAGAGCCGCCGGCACGCGTGAACGAGGCCGCCATTCTGATGAGGCAAAAGACGTCAAGTTCTGAGCGGATAACAAATTATGGTGTGTCTGTGGTGCGTGTCTGAGCCCAAGGTGGTGAGTAACCTTGATAGTGTCGTCATGGGCCGATACACTAGCCCGTTTCGCGTCTTCAGTACGGCCACTCAACTAAAGAGTTGTGACAGTTTCTGCTTAAAGCCATCCTTCGATGGTGTGACAAAATCATTTAAGCCTATGCAGAGAATAGCGATACAATTACATGGCGCCCTTTTGAGGATGCGCCTCAGGTAGTACCCGGCTCCCCGAGCCTCGCTGTGGGCGGGGATATATCCAACATGCAGGAGGCCGAGTTTCCGATCTCCGTGCCCAGCACTGACAGAAACCTTCGGCTAGTAGTCTACCCACTGAGAGACGCACGTATCCGGTCGACTGCATGTCGCATCAGTTATCTATCTCGACAATGCGGGCTAGCACCATGGGTTCCAATCGTCGTAACTAGGTTTATGCCTTGTACGATTTCCGGGAAAGAGAGGACCAGAAGGCTAAAGCACCCAGAACGTTATGCACACCCTAGGGGGATACCGTTTGAGAGCAAACGAGTCAGTTATAGCAGCGTATCA,1716,51.4,Mus musculus
SEQ_649833,AGCTCACGACGTCCACTAACTGCAATCACTCATACTCCCAATGGACATTATCATACTCAAAGGGTGCCAGATTGGTTACCTTACAGGACCCCGCTATTCGCGCGTATGCACCTCAGGGAGATAGGCTCTGTTCCCTACCACCGTTGTAGCCGCCTAGGTCATCATTCTTATACTGTAGAAAAACAACGCACCCACAGACGGGGCCCGGACCCACTCTCAGAGTTACCGAGGCCGGAACCCTCGGTAAAAGGAATCAGCTCCCCAGCAACCGCACTCCGAAGTAGTTGAGCGACTCTCAGCGGTCTGACTTCGCTGGGCGTAATATGTCAACCAGCTGATCGGGATCTTACCGGACAGTAATAGGTAAATCAGGTCAGTGAACTTAACAAAGGCTGTGCGTCTTATGGTAAGATCGAAAATGATTTCATAAAATGAACACCTGAAAACCTGCGTGACGTTTAGGACCTTTACAACGTATTCCTAGCAGGCCATTGACTCGTGAGCAGTGTCCGGTTCGTCAAACGCTACCCTACAGTAAAGCCAGTTACAGCGGGTCTACTGTTACTACAACTGGGAGCACGAAGAGTTACCATGAGTTCACTTCGTAGACTGAGTACGCTGACACACGTCCGGTTTTTTAAAGGTGGCAGAGTAGCGAGCCCTGATCAATAAACTAGTGATTAGCGATTTGCCTGTCTCTTTAGCTGGCCCGGGTTTCAATTGAACGAACCCCTGCTAGCGCATAGGTTATGACGCAACCTCTACTGTTATGTAAGCGACCGCTCCAAAAATACTGCCCTTATGTCGAGGCGTCAGGTTTTTCAAGGTACTCCGATATTATCCCTGAGGGTTTGAATCATTTAATTGCCGGCGTGAGTGATTAATAACTGAGGTAGAGCAGACAGCGTCATAGTTGCTACAAGCCTTCCAGCAACGTCAAGCGTATAGACGCTTGGGCGCATGTGGAACCATAAAATGTCCGATGACCATACCGTAAGTGACACCACTATTCTCGATAAGAACGCCGACGAACCGACTCGTGGAGCCTAGGCACGAAGCATTACCAGTTAAGTGTCCAAGGGCCTACTTCCGCACCTGAGCCTGGCCGCAGCCGACCATTCGCCGCACCGTAGTGCTCCGATCTTCAATCCCTCCGTTGATCAAGCTATGCAATCATGCTGACAAAGTGTTGACCCGTAGACACCTTAACAAACCTCGCCGTAATTCTACCATTACTCGAGTAAAGGACGAAAATTTAACGGATCGCCGGCGGCACAAATGCGTGGAATCAGCGTGCAGACAAGCCTCTTGTGAACATAACTCCCCGGCCACGCACGCATTATTCCTGAGTCGAGGTCCCAAGCCGTTTTCCTGTCCAGGTAAGGGGGCCGTACAAACAGGAATCGATAGACGCCGTGCCAGCGTGGATGTACTGTCGGCGAACCAACACACTGCCACGAACACAAGGGGTCTTAATTTTCCACCATAGACCTCTGAATGAGGGATCTTGTGCCCCGTCGGGACATCCCCCGTTAATACGTATTTCAGGACTAGCGAGTTCCCTAACATAGAAACCGAGGCATAGAGTGCCCCTATGATCCGGCGGACGGTGTAAACGTGCTGCAACCCTGTGTACGGGTACGGAGCCTGAGCTTCCTGGTATCGCATGAAGTGTCCCACCGTCAAAAATGCCCCAATCGCTTAAGACCCAAACATTTTACGCGATAGCTGATCATTTCATGGCTTTATTATGCGGTCGTCCAGTCCGTCAGGGAACGGCTCGTCAACAGGAGTGGACGCTGCTACAACCAGGTGTAAACGGTATGAAATTACCC,1835,50.68,Arabidopsis thaliana
SEQ_913074,TCCTGGTCGGACCGCGCGGCCTAACCTGATTTACGGGGCCAAGCGCTTCGGATGGCATTCATGAACGGCCCGTAACTAGAAAGGGAACCCACACTGGCGAACTAACTACCATCCGGGCAACTTCGCACCTCAATCTAACTGTTAGAGACATCCGCGCCAATCATGGCCAGCACTATTTTAGGCTACTACCACCTCTCTAAATATTCATAGACCGGATCGTGTAAACTCGCCCCTGCTGCCGCTCGCGGGAGGATGAATTTTGTTACAGGCGCG,273,54.21,Arabidopsis thaliana
SEQ_876861,TAGTCAAGTGTTTCGGAACCAGAGAGTATCATCTTGGGATGCATCACCAGAGGTTCCGGAAACCACGCCTAAAGTACACGAGCACGAAGCTGTCTCGTGGGGACTTGGCTTCTATTGCGCGTGAATAGATTATATCGCTCACCCGATTGCATGTTGCGAGTCATCGCTGGGGCCCAACCGAAGGAGGCTTAGAGTCAACAGAACAGATTAATAAGCTGCACACGAACTTCCTAGGGCAGATTTGCCGCGAAGGAGCGCCATCAAGTCTTCCAACTCCCTGAACGACAGCATCGCTCCCCTTGAGGTTGGTCTTCGGAACGACTAACTCTGACAGAGCTCTCCATGTCAAAAAGCCTTCGTAAGATCCACCATGCACTAGGATGAGTTGGAGAGTTCACACTAGGAGCGCACTCCTGTTTCGCGGTTACTGATCGATCCTGAGTAGCAAAGGAATGCGTGTAGTGGCCTGGCTCAATGGCCTATCAGGTAAGTAAGCCCTGATCAGGCATCCCCAATCGGCCTCTACCATGATCAGACGTTGCAATGGGGGAAGTAAACAAGTTAGAACGACACACACCGCCGTGTGAACTAAAGAACTCGGCGGGCTTAACATATCAACTGCGTAGAATGCATATGTCCCTAGGGAAGGCAACGGTACTAGATTGTTTGCAACTAACAGGAATCCGATGGATCAAAGTTTAGTGACGTCAGTTCGACGAGGTCGGTAACCGGGGTACCCCAGGGAGCAAACCCTTTACTCTTACTCTCCCGTTGCCCTTTACTATCACATTAAATGGCCGGGACCGGATTCTCCTTTGTCTTACAGAACCAGAAGGCAGTATTGGGTATCAACTAGGGGCGCCGTAGATAGAAGCCCTAATCCAGGATACGGTGTTCTTTTCTGGGAGCGATCCATTTTCTACTAATTAGCGTTCTCCCCACACCCGCCTTTTTCCACATGGTCGTAACGCTCTACCTCTAATACTACGCAGCACCGGATCCTGAAAACAACCGGGATAAATGCTACCCAAAACAAGAAAGCAATCTGGACTGTCCCAACCCCATGAGTAAACCTTAGGAACCCGCGTCCCCGGGCCTATCGTGGGTTGGCGGTGACGCGTGGATCCGTACTGGTACGGGAAATCAACGCCATAGCTACTAGGCGCGGGCATCTGCACCCTATCTGGTAAGGGTATGTTAAGAGTCGAGAACCTTAGACAACGCGCCCAGTGTGCCCCAGTGCATACTACTGCTGCCAGGCTACGCGAAACATTCTACGGGCCGCCCGATCTTGAGATGCGGTCGTCCTCTTGCTGGATCTCGCTCACTAGGGTATGGCTGTCCCCCCAGCTACCATATATGAGTCTTAATGGTTTCTAAGCGACTATCATGAACCCTGGCCACTGTAATCCCCGACGGCGCCCTGCACATTATAATAATCGAGGAGCCGCTACCGTGGAGGCTTCGTGTAATGGACCTGAACATACATATACCTAGTTTTACTGGGGCCAATAACTATACACTCCGTTCCCTATGATCTTGGTAGAGAACCTATGTGACGAACGACTCAGCGCGACCTCTTCGCTCGCTCGTCATAAGAACACATACTACCGACACAAGACAA,1624,51.11,Saccharomyces cerevisiae
SEQ_126969,GTACATTTTGCAAGAGGCATTATAAGATTTCAGTAAACTCGAAGAGGCCATACCGAGCTCCGCGCCACGCGCGGACCACCGGGGTGAACTGCAGCATTTTCTTCTTAACGCCGCTCTGAGGGGGCGTCCAGAGGAGATTCCTGCCAGCTTAGTTGTCTCATCACGTCATTGGTTAGGTCGCGAACGGGAGTGAGGCCTCCGATTGTGTGATCGAACACTCACACCGATCGGTATGGCGAGCCCCTTGGTCGAAGCCCGCTGGCAAAATCTTAATGGAGGAGGATCATGAAGCGATGAAAGGGCTGGTCACCGGAGAGCCGCTTATGAAGTGGATACATACTACAGGAGAATTTCTTCTATCGGGCTGGGAGCCTAACGGCTCAGATTGGGCTCTGGGATTTGATGGGATCGAGCTTGATTGCCCGAGTGACCGTGCCCCCTATCCGACTAATCAATGGGAATGTAACTTGGATGCCTTAACATTGGGATTACGCTGTAACTGACCCCTTGATAAAGCCGATGCATCTGTAAAAGGGTCCCTCCGCACTCCCGAGTACGGAGATCACATATCTGGAGTTCTCGCACCAAAGGAAACGAGGATTAAACTGAGATGTCGTGTTGGACGGCCTTGATAATAGCACAAGTATTACAGAGCCAATTACTCTGTGATCAACCGCCCTTTTGTTGGCCTTACATCAAACTGTTACGGGCTTGTCCGTGCCAGATATCTCATCGTCTTCGTGCTTCGCTTCTGGGCATATGACAATATTGCCTCCATCTGGGCTCTGGAATCATGTATTCGCGTGACTTGTCAACTTTCCAGTTCACAAAATTCGACGTTTTCGCAGCGCGCATTCCTCAGTGCCCACCAAGTCCTACCACTGATGGGTAAAAGGAGGC,900,51.0,Homo sapiens
SEQ_651464,GTAGTAACGAACCGTATGGATCGAAAAGCTTACCTCATTGCGGATGCACCGTAGCTACCAGGGCCGTAAGCTGACATTGCCCCAACCAGATGGCCAACTGTTGAACGGTAGTGAGCGGGTGGCTCAGATTATAAAGCTTCACTTGACGGTGGCTGGTACCAGTACTGATAGACCTCCCGAGCTCCAATAT,190,51.58,Saccharomyces cerevisiae
SEQ_457614,TGTGTTCAAGTATAGGGATTGCTTTTCTGCTCTGTGCATTTGTCGCACGGATAGACTTGCTCCGAATAACTAGGTCCGCGCCGAGTCCTATTCGCTCAATGTTTGGACTGAGAGGCCGTTTTGCGATCGTTTGCCGCTTCAAGGTGACTGGTCGCCATGGCTTGTCCTGCGCTATTCTCGCGGATCCCCCCGGGGACACCAGCGACGCGCGTTATCGAGGCCACAAACCTGAGGTCGGTGCTGATGAAATTCCGTGGAGGCACGAGGGCCCTCTACAAATGGGATCGTGCCCCATGTATCTTGCCATCCTCAACGCAGGCAGCCCACGCATATTTCGTGGCCATCCTGACTGTGTTATGATGGTATTAGAAGATCGCTATAAGGATGTGAGTTGCAGTCTACTTTTGTGTTGAGATCCCTCTCCATCATGCCAAACCGTGGTTTCAGGTGGTCATGTCGTTAATCCGCAAGAGTCGGGTGGGATACGTGTACGGGTTCAACTCAAGCGTCATAACAGGATAGATAACAAGATATGAAAAGTCTCACCGCGAATACGGACAGTTGGTGACTGATATTAACGCATAACACTGCCAGATGGATGGTGTTCAGGCTAGCTAACGCATTCAACATGTTCTACGAGACGAGCAGCAGCAGCCCCAAATTCTCCCAGAAGTTGATGTCTCAGCTAATTATGTAAGCGTGAGCTCGACGCCACATTCCGGCGGTGCAGTCAGAGACCGCCCAGACCGCCTATTTCCAGTATGCAACTCTCTGCTTATAAGGGTAGCCGTCAGACAGTGGCAGTCTAAATAACACGACGATTTTACCTATGTGATCAATGCCGAGCTCATCGGCGTGAAGATACGCCACATAAATGTCCCATTACTGTAAGAAGGGAAAGTTGTTTGCGTCTAAACATGCGGCTAGCACGTGACCTGTCCAATTAATGCCCTAGTTCGCAGCTTATCAATGCTAGGGGCTAGACACTTGCCGGTAAGATCACAAACCTCACGTAAGAGCCACTACTATGGCACGGAAGAAAGGTAAGAACCCCAACAGCCCCGTTTTATGCCGGCTAAGGGTGTAGCTGGTAATCTTCGTACTGGAACGGAGCCGACCACCGCACGTCTCCTCTGTTCATGTGGTCGGGCGCGTTTGGGCTGATAATCGCGTGGTTAAAAGCAACGGGGACTTTGTGAAAAATCGTACCTTCTATGTGCGTCGCCGTAGAAGCCAACCGCCCTGCACTGACGAGGCCATGGACTGCTTGTAGGCTACTCCCACTGTGCCTACTATGCAATCTGGCATGCGCAAATGTACCTCGAGTTAGGACGCCGTGTCACCGTGGAATCCTGCAGGTGAGTGCGGTTGATATCCGCGACACATGAACCCCAATCCCTTAGCCAAGATTTCCGATACGATTTTACAGCCACGGGCAATCTAAACCCCTTCGTTCACTGTAATCTTCTGTAACTAACCACGGGAGAGTCGTCCGAATGGCCAGGTGTATGGATGGAATGTGGTGTGTTCCG,1532,51.31,Arabidopsis thaliana
SEQ_757158,GAAGGACACTCAAGGCTCGCACCTGTATCGCACAGGTTCATGAATGCCCTGCGCTGATGTGCGCTGTATCCTAGACCGTACAACATTTACACGGAAAAGTCCTTTCATAAAGTGTTTTGGCATTCTAACAACGCGGTCTATTATCACGTGACTAAGAACAAGACTTGTACCTTGGCACGATAAGTCTGTATTCCCAGCGACAATACAGATAGGGGCTGAGCCAAGGCCGATGCTGTATACGCCGTCCGCGGAGCCAAGAGGCCATAGTCCCAATAAGAAGGTTGTATCATTACCAAGGTTTTCGTCCCGCTTCTAATAAGCTCTGCGCTTGAGGCACCTCTGCAAAGTTTGGCCAAATGTGGCCACGAAAACACTATGATGTCGGGGAGTCAGCCTGCGGGTCTTGTTTGCATTTGGCAAGCGTACACGCGGGGAGGCAGTGGCAACGACTTATAAACGTGACTTTTGGGGCGGTTCCGAGAGAGTGCCACAGTCCAATATAGGAAAGTAGACACGATCGGACATGGCGGATCGAATAACCTCACCCATAAAAGCCCTATCCTACGAACTGGATCGCGATGATGACCCAAAGTTGATCAAAGTACTACATATGTCACCTCACTGGGGCGGCGCCGAGATGACATTATTCGTGTTGTTACTAGATGCCCTCTGTGCGCCGCGACGCTTCCCACCGTCTTGGCTCTAAGTACATCACAAGAGGTCTTAGAAAATAACGAGTGGGGGAGACGTCGTACTTCGGTCCCTATTGACAAACTATCACTGATAAGGATATTCTTCTAGCAGCATGCACAGTGTTGGGAGCAATCTAAGCAGGCACACAAGGACCTATTAGGTGCAATCAACACTACCGAAGACAGTCCAATCGGTGGGGAGGTAACACCGCGGATATTACGCTTCCGCCTGGAGACCTCGTCAAGCTGTACCCTGCGAAACGTAGAAGCAACACTGGGGAAGAAAAAGTCGAGATAGACAAGAAAGACACCTCTCGATTAGCTCGTAAAAAGTATCCCCGGTATATAGCTACGGAACGTTTCACCGCTATAATTCCGT,1071,49.49,Saccharomyces cerevisiae
SEQ_875304,AATCCCAGAAACGCGCATCACGCATTATAAGACGCCTGTAGTTGCCTAAACGTATTGGTTGAGAATGGTAGCAAAAGTGTAATGATGTCCTCAACGTTAAATGCGTTGTACCGGATCCTGCCTTGAGCGAATATAGTCCTTATATCTGCGATCCCGGCTGCCATTATTTTCTAGAGTGTTAGGGATTTCCCCAAGAGAATAATTGCG,207,43.96,Arabidopsis thaliana
SEQ_209882,TTGACTCATGTCCTCCCGCTAATTTCAACCCGATATGCTGGATACGAGCAAATTACTCCCCCGAAAGAGTGTACTTGTCGAACCAAGATATCTTACCTTGTCACCTTCCTCAGACTCCATGTATCCCCGTAGTCGTCAGAGGGATCCTTTGAGGCCGCAGCTACATGGTACTCAATTAGTGGCCCGTGAACTACAGTGACGGACTAGTTGTGATTTCGAGATCTCGGTTAAACGGTAACGCGCGGCGGGTAGTAGGCACGCGGTACAATTCCTTATAAAACTAGTTGCTTGTCGTATCAATGGGTCATTGCCGAATTTCGCAGAGCGGCGGGCCATTGAATCGGTCGATCTCAGTAGGTTGTCCATGATTCGTATGACATTTGAACGCCCCCGACGAAGATCATCAGTGTAGATAAGTTCCAAGGCTTTAAGGCTGTCCACATCAGTGTGCTGGTGCTGTAACCAAGGTACTAGACGGATCCGCTTCCCCGGTCACCCTATAAACACCCACATTGACGTGTTCATATGCAATAACATGCGGGGGTCGAGATGCGGATATTGCCACCTCATTGCACACAAGGTAGAGACAAAGTTGTGGTCTCACTTGTGTGGTTTGTAGTTTCAAATATTGTGGCCACTCGACAAGACACAGGTGCCGCTCGCTGTTGGAGGTGAAAGCCTAACCCTAACCCGCCTGCTAAACCGACGGCTATGGGGCTAACCTCTCTTTAGATTATCGAGTAAACATTAGCCTGTTAATTATTGTCTGGCCTTGAGACACTATGTAGAACCGAGGCCTGATTCAATTCTTCGCAGAATGCCATACCGCGGATGCAATAGCACGAAAACTCTAGCGATAGAAGTATTTGTCTCCCGCTACGTGAGTTATTGGTCCGTATGGAAATGCTATCTTTTAGTCATCTAAGAAGCCAGGCCATATGTCGACTTCAACGTGATATCGGACCCGCTTCATAATTATGTATACCGTGAAGGGGCCTATCGTCATCGCCAGAGTGATGTGTGGCCTACCCGTCAAGGGGAAGGTCTTATTCAGGTGCACCGCGG,1065,48.73,Saccharomyces cerevisiae
SEQ_810171,AGAATGCTAAGGCTTTTCACCTCAGATGCGGATCCTCAAGCAAAAACCTCTTCAGCCCAAGGGACCCCCGAACCTGAGGATAGGTAATACATCGCTCAGTCTAAGCATTAAGACATAGATCAATAAGCAATAGCGGCCAATCTGTACTTACTCTACAAGAATTTGGACCATCTTCCCCGGGTAATGGGGTCCGGACCGAGGGTAGGGCTATGCGTGAACAGCGAACGCTGTAACTTGCCCCGACCCATTCCACCCGCGCTGGTAAAGAGCGCTGCCTTGATCAAGGAGAGTGTCGAGAGCATCCGGCGTATGTTCTAGTGTGTTGTACTGTGATGCGCCACCGTGATCAGCTAAATATAAAGGCCCAGACCCGGCGTATGTTAAGCTAACAACCCATTCTGCCTTTCGGCATGGGCCCTCTAACTCATTACGGTCCGCCACCAGTCAGCCAACGAAGTAAAGGGTTCGACGGCCCTAAGTCTGGACATGCATTTGGTTCAGAAACCGCCGAGGACCAGGGATCCCGGACTATGGCAGTAACCGCGTATTGTCGAGCCCTTGGGAAAGCGCTCCTAGACTAGGGCCGTAATGAAGTCTTTTTCCACGTAGCGCATGTAAGGATAAGTTAGACTGTGTGTCAGATAAGAGTACGATTCCGCGTCGGTTCGTTATGCTCGATAGCTGCGATGAGAGCGACTTCATTACGCCTTGTTGGGTCAGAACCTTGGACCTGCATCCCGCGCCGTCACTCTTCTTATTACTTTAATTGGATCACCGTCCTGATCGTGGGTATCGCGGGGCGTAGGCCTACATTGGGTCCAAAACTCTAGTCTGATCTCAGGCTGTGGTAGTCCAACTGGTTGTTGGGCGTTTCTGTTCTAGAGAAAAACAGGGCGCAACAGCTTGAAGAATCGACATAGGCGGTTTGCTGAGCAATTGCTCCTTCATCTGGTGGCAGTTATGAATAACGGGACGTACTAACTAATTATCTACCACTCAGTTGAACGATGGCGATGGTGATCCGTCGTTGTACGTTCTTGAATCGGTAGGCAATACACCGACGGTAGCGTGTCGGGACCGTACTCCTCCCAGCTATCTTATAGAGGCTCTTCGCAACGCGCTTATAACACGCTTGCAGCGCAAGGCGC,1148,51.48,Escherichia coli
SEQ_865469,GTCTTCAGTTACATCCGCTTCTCCTGTTGAGGAAAGACTAGTCATCCGAATGGCTATGTCGCAACAACCCATCCGCCAATATTATGGCAGATCATCGAGCTTCAAGCGATTATTTAGCTCGCAGATCTGACACGCGGTGGTGCGGTCGGTGGTAATAGCGGCGGCGTGGAACATCTCATATGGCTAGTGGATTTGTATCGTCCCAGTAATTTACGGGGCTAGAAATCCTCTACAACGCAGATTCCCCCAGCGCTTGCCCCTCTCTCGTGGGTTGCTGGTTATGGCAGCAAGCATTGCACAACTACGAGCCGAGAAAGTGATCATTCAAAGGATGCTAGCTAAAGGGGAGTAGTAAGCCGTATTGGAAGTAGGTCACCGCCGAACTATGTTGTCGTACCGCAAATCCACTCAAGGCCCCCCACCGCAACGCGGCTTCCCTAATCGGGTGACTGATCGGTCCCATGTCACACGCGTGCCGAGTTTGTCAAGATGACTCGGATACGGAGAATACCAGATATCAGTATAGAAGGCGCCTGCCACCATTTTAAAACCATTCATTCTTGAGTAAGTAACATCGCTTAGATCCTAGGCTTTGCCTATATACCATGCCGCGAAGCCTGTGCGTGGGATCCGAACGAGTAGCTCTGAACAATCGCGTACATTCTAAATAGGTGACCTACCATTTGTGACCACCTCGTGACCTGAATCAACTGGGTTGGGTTTAGCAAGTGAGCAGTCTGACTTTTTATTTGAAGTGTTCGCGAATCTAATTTTGCAAGAGAACTTCATTCCAGAGGGAATTACTTCCTGCACGACCTGAACGTAAAGGTTTCGGTAGGTTTTAAGGAATCATACGCTCTTTGACCCATCTCCCTTTAATGCAAAAGCCCTTGCATTTAGTCGGCGCTTACTTCTTCACTCTATATGTCGGAAACGCGAACCCGAGTAAGGAGGGCGTGAGGTATATCATGTGTGGCTCCTGGGAGGGTATTGCGCATCTGCTCAAGCCCATTCTAGAACCTCAAATCAAGGTCCTGATTTGGGAATTTGTATGTGTATTCCTTACAGGCAGGACAAAGGCTCTGATACGCGGGTATGTACTCAATACGCCGACCCAGGGCACGGTGCAGCCTTAACAACCGGTAGTGAGCAAGTAATTTGAAGCTCATCGTTGCAGTGTACTAGAGCTCTAGGTATTATGAGCATTAAGCGATCCAACGGAAGTCGCTGAATTAGCGTGAGACTGGTCCGATCCACTTAGAGCGTCGCGCTGCGGGTCGATGGTACATTATCATAACCTTAACCCAATTATCCCGTAAGTTCGAATTCTATAGCAGTACCGGGACCCGCTTCAATCCTGCGGCACTAGCTAATACGGCATGTTCCCGGTAGTGGTTGGGTTAGTTTTGTGATGAAGTTGTGCATGAGCTGCGTAATCCTCCATGGCATATGAGAAAAGGCACACGCCACCAGGAAGTGTGGCAGATGATGGTTGGTTCGGGAGTCTTTATAAGGTGTCACAACTGTTCGAGCTCTGGAGTACCTGAGAGTAACCGCTAGATTCAATTCTGGTTGTGTTCCCTACAACCCCGCTGGTCGTGCTGGCCGCGCCGGTGCTTTCTCATGCGCCTATCGGGTATGCTGCGTGATACTGTGTACGTTCTAAAGATCATTTTTTTGGAAGAGTGAGTACTTTCTTCTTATACTAGGTGCTTTATAGATGAAAGGTATGTGCAGTCAAAAGGTTGGAACCTCCAGTGGTTACCGAGCGGGAAGGTCACTTAGAGTGCAACGCGACCGGGAATTGAACAATCAGTATCCTATTCCGTATGCGTCTCCATCGCAG,1846,48.86,Arabidopsis thaliana
SEQ_306886,ACAAAGTCGTACTGGGCTAATCTTGACCTCCATAGTGCTCACTCGCGCCGCAGTTCGGGTAGTTGTGCCCATCCTATCCTGCAACTGAGCCGGGAGCTCATGAAGAACGTTGACCTCGCGAGGCCCTACATGGTAAAAGAATCAGTTTCGAGTTAATCTACCCGAACCATGAGGCGTAGTGCCAGTCCTACTTGACAGATACAGTGAACTATGCA,215,51.16,Drosophila melanogaster
SEQ_722813,GTCTTCGTTCAAAGTACCCATTTTCCATTTCGCACCCGGGATAGCTCGCTAAAATAGACAGACCCGTCTTCTTATTGCGAGTATCATCTACGGATCAGCGTTAGATCAACGGGGTATTTAAAGCCATAGCTACACTCTCGCAGAGAGGCAGGCTTTAGCGTCATATCAACTCAGCGCTTTTACATCGTATTTGGGTACAGCTTGTTTAGTGATCTCACGAAGATCCTACCACCCCTATTAGCAATGCCCCGTGGGCACACAGGCCGACGGCCTTTCAGTATGTTTCTATACTCTGCGATCAGTCTATACACCCCACTTCTCTTTGCCAGATTGGGCAGCACACACTAGCTGTCACGAAAACCTTGGGTCTTTACGTTGACCAGCACAGGACCCGACCAAATAGCCCCCACGTTTTATTTAGAGGCTCAAGGTAAACAGTTAACGCATGGTTCTATGTGGCGTGATATCTCAGCTCTGGTACAAATTATACAACGGAAGACGCGGCCTTGGTGAGCTCTTGGGTCACAACCGCCGCCCTCCCCATGCTCCTCAGCCTCTGTCCGACTATGACCACGTGGGGTACGTGGATGACAGAAATGGGATTGGCTTAGTTGCTTTTCCAGAGATTTGAACTATAGCCTTCAGAGTTGTGACCTCTACCACGGACCCCTCGGCCGGGGGCACGTGGATGGAGTTCTTGCCGAATAGATATATATATGTGTAGTGCCAAGAGAGTCCCATGAGCTACCTCTTAGCGGATTGTCGAGAATTTTGACATAGTCTTACAGGCACCCATCGTCGGGGGGATCGCATATGTTCAACTTAAGAGACGATACCTAGGTCTAGTTTATTATACCCTATTGCGCAATCCCGTAATGTTGCTGCCATTACTACTACTCATTCCGAGCGAACCTCAAGGTGTTCCCTCCGGCGAGGTAAGGGACGCAAGGCCGATGCACACATAGAGTAGTAGGCGAACGAAGGACAGAGCGCTGTGGTAATCAACACGGTATCTGGGTGACGTTGCCTACGACTGCGATCCAGTCATTGCAGCCGCGGTGAGGACGCACTCAAGCATGCTATAGTCACGCATCGCAGTCAACGTTGCACGATGAACCGCATCTGGGCACACTGGTCACACCGAAGTCCACGGCGAGGACGTGCTTCTACGCTCGCATCCCTTCGCGCCTTGCTGTACCTATTAGGATGCCGGCATCTTGGCACTGAAATAAAGCAAAAGGCTAGTTTAGTGCGGCATAGTTGCAGTGGCGTAGATTGGTCGGATTGAGCTCGGGTGTTCAGGCTTCGAGCCGCGAGAACCCCCCACTAACCATGTGAAAGTAACTAAGTTACTTCATTATGGAGACGTCGATGAATACGCCTTTCAATCTACGTTCTCTCCCTCCGTGTAAGCCGGATTACCGTGCGTCTTCCGAGTGTGAAGATTCGATACTACTAAGGATGGTCCACAGGATGGTGACATTTACAGAGACTAATGTCTCCAACATGCTCATTTGTATGTATAAAGACAGTCCATGCCGGTCTACAAGATCATGTTTAGCACTAAGACGCTTCCGGTCTAAT,1584,50.0,Mus musculus
SEQ_152520,CTAGATTGTAAAAACTGACGGTCACAGTATGGGTAAACTAGGCCACACAATTCCTATAATGATAGGGTGCATAATTACTACCGACAAAGTTACTTCTTTGACGTTCCACGCTCGAATATTGGTAAAGATTCTGAAGAACAACACGGGTGACCGAGTGCGAGTCTTATGCAAGACGCCGGCAAGGAGCGTTTTAGCATGGATAGAGCAAGTACACCCCTTGACGGACCTCGGGACAAGCCTGGTACGTTCGCCCGGGGCCGTCGCCCAGCGTTCCTGGTATTGCATACAGGTCGACTCAATCGCTTTGAATTCGTGACAAACGAGTCGCATTCTAGGTTCGGATTGTCTCGTGTCGGGCATAGAGGTGGAGCACTCCGTTCTTCCAAGCAACTTATTTCGCATTTTGCTGTTTGGCATTATCATTTCGTCCGAGAACCGTACGGTGCCCCAGACAGGAGGTCACCCGACCCTATGTGCCAATAGCTCGGCGGGTCCTGGTGGCTCTCCATATGGCCGACCAGCGATCCCGGGAGTTTATTATGGTAAGAATATTGAATGTCGCCGAAATCACCCTCCTAGACGAGTTCCGTTTGTCTACGCGCATCGCCAATGGCCGGCGGACTAGTCATAGACCCAAACTCTTCCATCGAGAAGAATGGGTACTGCCTCTGGCCAGCAGTCCTTGACAACTTCTTTTCCAATCGCCGAGGCTGCTGGTACTTTCATATGCTATGAACATATTCTATCCATTTCAGAACAGCAACTGTTCTCACCCCCGATAGCTTCTAGATATGAGACGTTCCCACCGAGTAATTTCTACTACGGAGGTAAGTGGTGATTGAGGACTGAGAACCTGATTACGAACAGACTACTGTCTAGAGAAACCATCGCGTAAGTAGCAGACCCATATTTGTACGGGGACCCCGCGGATTAGTGGGCTTTTGGTCCTAAAATGCACAGCATCGTACGAATCGGGGTGCGCCTACATATGAGAATGGCCTTACAGCTGATCTCTCGCTGAGGCACACAGTATCCAAGAGCGATATGCACATGCACCAGACGCCTTACTAAGGGGTATCAGATCAACGTCTTCATCCCCGTGATCATTCCTTGATCGAGTTTCCTTGCGCCGGAGCGGTACTCTCAGATTTCCACGTGTTTGAGAGGTTTTTATCATGTAGCTGGCCCATGGATGGTATGCAAGCGGACTCCTGAGGTTAGGAATTGGATGACGTCGGGAGTTCAACAGAGAATTAATAAAGGTTTATGCCTAAATCCTTGCATAGTGACGGCGTCAGAAAGCTACTTCCGATCTGCGTCTCCCGGCGCAATCAGTTCCAGATCCTACAGCGGCGTATAACGGCGCGAGCCTAAAGCATCCAACCCTAAAGGCTGACCCCTGTAAAAAATGAGTGCCACAGGAAAGTAAAGAGCCAGATCGTCCTTCCTAAGCGTAGCGTCTACAGTAGGACTCCGTACCAGCAATTAGGGGCCCCTAGCCCATTAACTCCGGCCCAGTTG,1521,50.23,Drosophila melanogaster
SEQ_684635,GCTAACTACGAACGATAACCGATCTGTCGTCCATGCATAACGAGTTGCGAGTTTGGGCAATGAATTGTTCAGTTCGTCTACCCTGACTAATGAGCGAGGGGACGCGGCCGTCGCCTTGGTGTAAGGCCGCTCACCGCGCGCCGATGGGGGTCTATAGACGTGAACGTCCGACCCTACGCATAGTAACAGCTGCCTGCTAGTGTTTCCAACTCGTGATCCGGCTGCGTCGAAGTGAGTAGTTCCGAGAGTATTTGCAACGCACTACCAATACTGTTGCTATTCCGCTAAGTATTTTCCTTGGATAGGATGACGTATTAGCTCATCGGGTATTCGTGAAACACATTTATGAAACCAGGTCAGATTAAACTACCGCCACCACTCAATATTTACGCTAGGGTGCTGTGTGATTCACGCCAGACCCTCCGCTGTACGGATGTGGCGCTTTGATTTACCAATCCATCAGTCCACACAAGTTTTATTGTGAGCGTGCACTAAATAGGTGTCGCTGAACAGACCAACGGTATTCACAGCACCATGTCCAAGTGAACTGGCTGCACAGGTTACGGCTGGTGTTGCACTCGAGAGAATCTGAGACCTGATCCGCCATGAAACTCCGTAGGCTCCTCCGCGTCACAATGTGCAGGTCAGGGCTTAGGGACCGCCTGAGATCACTATTGCCACCGCCATACTTACCGAGAGGCCTGAGGCAAGGAGAGGTGTTTGCGTCTTAAATACACTTAGGCTAGCCCACGACTGAGCGAGACACAGCTCAGAATCGGCCATACGCGGACAAGTCAATTTTAACTGACACGTTCGGTATTATCACTACGGGCAAGTACACCGGGTGCCTGTGTATGGAGCGTCGCGCCTAGGAGGGGACATTCCTTAATAGGGTAGCCATGTTTCTCCTACTTGCCCAAACAAGCATTCCGATGCATAAAAGAGGCACTCATCCAAGGTTCTTCATTACCCCTGTTGATGTGGAGCCTATCTCGGACGATCTTAGTTGGATGCCTATTCGTATGTGGTAGCCCAACCTGAGCATGCATTAGTATGTACCCAGTGCCCATCGAGATCCACGCAGGTCCAGGATAATAACAGGGACTCACGCGCAAAGTGAAGCTTGGCGACATTCGGAACTCGTAGGGGGACGTTGGCCCACCTAAAATAGTAATCCCGACTTTTGGAACGGCGCGCTTTCAACTACGAGAGTGGGGAGCACATTCTATTTGGTTTATCTCCATGGTTCCACGGCACTCCCATTAACTAGGTGGTGCTCCGGAGAAAGATATCTACGCCACCGCTGCAAATAAGTGCG,1318,51.14,Homo sapiens
SEQ_523704,TGACAGATTGTTCAGACCTACCCCATTAAGAATTGTTAGCGCTAAGAGGCGTCATGGATCTGATGGATTCCTGAATCCTCCTGTTGCCGTTGACAAGGATTGGAGTGGAACCGTTTCGAGTAGGCTATCCGCTCGAACCAAAGGGAAGCGTGGTTCATTTTCGGGGAGGGACTTGCCAGGTTATGCGACTCGTACCGATATTGCGACCTAAGCCAACTGAACCAGCGCCTACCGCATCATGATCTCGAAATACTTCTAGAAAGTCTGGGTAGTAGCTGTACATTCCTCATTTTTGCGCACCAGTGTTATTTATGGACTGCTTGCTGATGTCGTAATACTTGTCGTGCCAAGTTTCAGTTCATGTTCTCGCATGTTTCTTGATGCAGGTGACTGAAGTCTGAAGAAGAAAGCGATTCCACGGTCGAGGTCGATCTCGCGGGGTCCTAGGCATCTAGCGTATGTGACGGGCAGGCGTACACACTCGCCATGGATTGGTTGGTTAGCTTTTAATGGTAGGAGCTTATTAGCTCACTTTCGGCGGTAATGATGTGTCTAATTTGTCTTCTCCCACGCGTCAATTCGGAGGGATCATGGTATTTGTGGGTAGGGCGTGAAGATTGCATGAGGTTTTGTTGACCATTGGATTTGTCGTGTAGCCACGAAAGTTTTCGAAGAAGTCACTGTCCATGAAAGTTCCGTATCTCGCCCCGTTGGGGTCTACGAGTGACACGTGTCCGGGGTACCATTAAGCTCCCCGGGATTAAACACCCTACAGCCCGTCCGCGAAGCAGTGAATGGCCTGGATTTCTTGGAGTCTTCATATTGTAAGCGTTTTTGCCGGGACCGCCCCATAGCTCCTTTATGCCGCGTGTAGTCTTCATTAATATACGGAAGATGACGAATCCGCTTGTGCGGCATGGGCGAGCGGGCTTCGAATGTCCTCCGCTTGTGTATATAAGTGATTAATCCAGTAGGTCGTTCCGATTTCCCATGGCCCCGTGGGCACGGAACTGCCGCTTGCGGCTCCCCAAGTCCGTAGCTGATAACAGCGAGCACACAGAAATCCTCACAAGATCAAAATGAGGGGGTACAGACACGACAGAAATTTGGATCAACTTTAGTACACCACCT,1131,49.78,Drosophila melanogaster
SEQ_184960,TGTGGAGCGGCACAACCCAAACGGCTGCCCACGTTAGCCGCGCGTTGCAACAACCTGTAGAAGACCGACGCGTTAGAGGCCCCAGCTGCTGATTGGGGCACTTAGAGTTACACATTTAGAGCTGCCTAAGGACATTGATTTCCGCCCCCCGACATCCCTCCCCGATGAAGAGTGAACGAAGAGGGTCGCGTTAAATGCACTTAGTATGCCTGGATCCATAGGCCTATCGTATTCATTACGCCGATTTACGGTTATGCGCTATGACCGAGACTCGCTTTTCCTATTGTTCCACTCGTGATCGGCATCAGCTGGGCACTATAAATATACAGATTTATGACGAATGAATTATGAGCGCGCTCTTCGGCATAGACCATTCCGGCGCTAACCATATGGATACAAAAGTCGTTTATGAAATCGCTGTCTCAACTGGGCTCTTCCTTGTGGTTAGTTACGCCGCCTATACGAAGTCTACACCCCCCCGCTCTAACTCGACCACGGGGACGGGCCCTTGGTAAGCAAGGTTACAGAGGCCCGATCCTGTCTAAAATAATAGGGGCTTCGCCACATAAATTTACGTCCAGTAGTTGTTGGGTAACAAAGCATATCTGGCTCCACGGTGTGCCCAAACAGACTTTACGACATCAGACCATAGAGCGATGAGAATTCTACGCCTCAGGGTGGCGCGTAGCTTTACTATTTAGTCGAACGGTATACAAGCACATTTTCTGACATCTCTATGCCCAAGCTGTCAAGGCCCACGACCGGCCTAGGGGCCCCAAAAAAAGATTCGATGACGTATTAATAGTCGCGTGCCCTGAGTAAGAGTCGTGGGTTACTGTAAGGCATGGATTTGTCTCGGCGCCACCTAGGACAAGCCCCTATGCTCTACCTGATCATGGACAGCTTACCTCTCATTACGTTCTGGCACTGTTGAACGATAGAATGGGAGTACTGCGACACTTCGGTAATGGTTTGCGTTACGGATCTACAACTCTCAATATATGAGGCCCGCATCTTGGAACGTCCATAGTCTCGCTTCCACTTTCGCCCCCCTTCCGCGCATTGGAAAAGCCCGAACCTGGTCGATATTACTTCCCTCGAGTAGGAAGATACGCCTGTCGAGATATGAAACCCCAGCGAGCACTACGGCACCAGAGGTAACAGGTTCGAGTCTCTACAGTATCCTCCCAAGCCCACAAGGGTATGATCATAACGTTGTTCTGTTAAAACCTGGGTTAGCAATCTACCCACCGTAGGCGATGGGCTTCAGAGGGCGGCTGGCAGTAAGCATTAGGGACTATATCGTACCGACCTCGACTTTGTCCGAAGGCTCGATGCTTGTGATTTTGACCGAAGGAAAGAATGGGCACACAGCGCGTTATCCTAGACTCAGTTCCTCGGAATCCGCGCGCAGGTGGCCGCTTTGGTTTGCTTATGAGCTAGGCTGTCGGGTAGGCTGACAGTTAAAGAACACGTCTATATCCAAGATGGAATGTCTTTTATGCAACGTTTAGATAGACAGTACCGGCCTCCCGCTTCTCCTGGCGAAATTTTCGACTGACTTTCAACAGGAAGCCCTCCAGCTCGATGCTGGTAACAATACGGAATTTTCTGTACCAGTACTCGCGACACAGTTCTTGAGTCAGGACGAGGCGAAACAATATCACTGGTTCCCGATTTAGATCCAAGAGTGTATGAGCCGATATCTTCAAGTTGACGGCATTCCAGGCTAAACCTCGCGTCAACCCTCCGTAATCCCGCCATCAAGATGCCATTTTTGTCGATTTCAGTTTAGTCTCATCGTTGGTTTGTTCATTGTTCCTCCCGC,1828,50.22,Caenorhabditis elegans
SEQ_855401,TAAACAATTAAGTCGGAAACACGGGATGCCGAACTCTCTTCTGGCCTCTGGGATTGAAGTAGCCTGGTCACCCCGAATACTACCTGTCACCCAGCTTTGCTCTCCCTATATCCCCCTCTCGCCGCCACTCGGGAGGCACGGCGCACGCTAAGGGCAGACCACAGAATCGCAATGAACTAGCTATTCGAGCACGCCGATACCCTACCAGCAGGTCCTCGACTGAATCTGGACAGTACCGAGCATTGTGGTTATTGACCACTGAATCAACGTACGCAGCCATCGCCACGGTTTGCTCACAACTAAATCCAGTGATATGCCTTAGTCGGCCCTTGCGTCTTATAATCATATCTGGGCAGGTGCATGGGCGGGTGAGTGTTTCTGCCCTAGAGCACTCTCATACAACCGACTACAGCGCGCCGCCCCGAAAACTCCACACAGGACATAGATCAGCATGCCGAGATGGACAGTTATGGCTTCACCGACTGCAAGTAGACTCCACAGGGAATTCAGCTTTAGAAGTGTGCTTTGTCGAAGTGCTCTAGACATAATCAACGCCGATTCAGGTAAATCGTTAAAGTTGTGGAGGTGGCGTACTAACTTCATAGAACATTTAGTCAACTCCACGCAAGCGGGCCATTCACAAAGACGTCTCAGGGGGTTCTGGGCTTCCGCCGCTCCCAGAGTAGATATATGAAAAGCTGGCGATATGGGTCTCATTTTCTTAAGGGAAGGGCCCTTATTACCTGCGGGCCGCGTATCGTTGATCAACGACCGCCCCCTGGCCTGAAATGCGTTGGAATGAATTACCCGGGGAGTTAGATTAGAGACCTCTGTGCCTTATAGGCATTAGCAGCCGTGCTGAGTAGGGATACCATCAGAAGTGGATTAGGCCCCTGGCGTGGCGCACAGACTACTACTATCATATACTTCCCCAGCCGGGGCCATGCATCTATCTTACGTACTCGT,966,52.17,Mus musculus
SEQ_155024,GTATCAAGAGTCACCATACATGCCGATGTGTACGTGTGTAAACGGTACTCCGTCCGCTCACGAAGGTGTCGAGACTAAGTACTCTTAACGGTCATCTGCCGCTCAGCAATTTTTGGGTACCGACCGAGTGTGGTGTTTTTGCTCCCGTAATCATACTCCTGAGAACCAATTTGACCCTACTGGCTTGCTTACCAGCCCAACAGAGGAAAAACTGGTTGAGCGCGGTATGCTGATTAGTACGCAACCGCTCTTAA,254,49.21,Drosophila melanogaster
SEQ_347558,TACAGACGGTTCCAGTAATAAAGTTGTCAAGAAATTCCTGAGTACATGCCGGACTGGCGAGTGAAACCACGTCCTTGTAGGTTTCGCAGCGGATGGGGGGCCCCGACTATTGACTCGTGCCGAAAGTAAGCACTGGGAAGCAGAAGGAATCGTCGGGTCCTCAGCTAACGCTTAAATTGGTCCGAGCGGCTCTGATAATGTATTGGTAATTTGCTGGAGAATATGACCACTAGTTCGTGGAGGCAGACTCGTATGGGAGGTGTGCACCTTAGTAGAACTCGCAGTCCCGTTTTGGAGCGTCGGTAGAATTGCCTGCCACAAATTCACTTTCTCCCCTTCGAATCGGTCACTATAATCGCATATTATTGGGATGCTAGGGTTACCCTCTCTAATGTTACCATGTTCCTCATCCTGCCTTTCTGTGGCGAATATAGAACGACTCCCCTACGCGTTGACATCTGGTGAGGGGTCCGGCGCATTAGGTCCTCCAAACAGACAAGTCGACTCTGGCGATGCAGCGATACTCTTTGTAAGCTGCAGTCTTGCTCTAAGCGGGCGCTACTAATTATCAACGATTTACCTACGAGTTATATTTTCCTCACGATGTAATGATCTTCCGGTGTAGGGGCACCAGTGCGTAGTGTCTTGCTGTTTACTGGCGGTATTCCTGAATCGCTGGTCATGCTCAATGTGACCAGCGTGTTGGTAACGTGCGAACCGGCTTGTAACCGGGCTAGTTAGTCTGTACTGATCCTCCAGTGAGGAACCCTGTTGGGGCGAGCAGGTCTGGCTATACGTCTCTCGGCTTACGCGGACTAGATGACACTGGCAGCCTCTAGACATGTCCAACGCTGGGGACCCAGGTTCAAATGTGAGTTTCAGTACATAGCTTAATAGTGTGGCTGAAAGAGTATCTACTAGTGGATCCATTCGTCAGAAGCCGGCTCCTAATTAAACACGGGGGTGATAACATTATAACGCGTAATGAGGGGGTCGGGAGAAGATTAGTCCCATAGATACTCCTCGTGTTCAGCTACCTCTGCAGCCCTTAAGCACACCCTAGTAAGGGTCAAATCAACGTCATGTGCGCGCTCCTTGAGCCCCATCCACCTGTCGTTTCCGAAATGTCCCTCAGGAGCAGTCATGATAGTGGCATTTCGATGGAAATGTACGGATCTGTAAGCTGCGATGTCACGGGTTCGAGTCAGTCGTCAGCAGCACCGGATGCTCGATTAGCTTGACGAAAGGGAGCTGTCGTTTACTTCGTGTTCTTATCGGGTTGGCTCATACGCTGATCCTTACCACCGACCCTAGTAACATGACGTGACTCTTCCTGCCTATGATAAACTCACTGAGAGCAGAGGGAGTTTAACGCCCCGGCTAGAACCGAATCCTAGAATTCAAGCCTTGCCACAATAGAGTTAGTTTGCAGTTGTCCGACGTTAGCCAGGGTGGCGGAATCACTCACGGGTGAAGGCACGACACCGTTACAACATGCCCGCGGCTCACGTCTAGTGCCAATTATTTGGGCAAGAGAAGGACAAGAGCGTGCTGTAAACAACTTTGCCGGTTTACCACGCCCTTACTAAGCGCATCAGATTCTAGCTTATCGTCCTCGTGTCCAACTAGGATCTTATCATTACATTACTTCACTCATATGGTTGCAATTCCCC,1673,50.15,Caenorhabditis elegans
SEQ_772382,TTAAACATCCGTGTTGAGTTACGGTCGAGTGACTCGTGGGTACCTGAGACTCCGAAAAGTTTTGTACGCAGTCTCGCTAAAATGACATGCTTTATACGGCCCTCTTTTACCCCGCGTATTTCACCGTTTCGAGAGCCTATTAAAGGTGATCGTGAAGTGGTGCACCCGATCCTCTCATCTTGTATCAATAAAGTCCGAAATTTCCTTATTGTGTATTCTCCGACTTCAGGACGCAACCTTATCCACGAACCAAAAAGACCACCTGTTCTAATCGTAGCGTACTCTCATTCAACACGATCCCGGTAAAGACTACGTCCGTTGGGCTACGTTTATCCCAACACGACTGACGGGGGTGACGAGATCACGGCGGGTTCATCTGCTTTGGCACACCCTACGACTCAAGTTTCTTTTGGGTATGTGGGGCGTCGAGAGATAAAGAGCTACTTCACCTATCACGAGTGGAATGAGTCCAAATACGTCATTGGGCAGAGAAGATTTGTAAAGACCTTTTCGCGCGTGAACGTCAGCGTTGAGGATCTACCACCCATTAGGGTAACAGGCCTCCATAGGGCGCGCACATATTACTGAAATTGACTGAACCCGATGGGTGACGGCAACCGCATACCCCAGAACTATCGGGAGGTCCATTTGTCACGACCCATTATTGGCTTCGGGCTGCAATGGACTTACGCGCCAAACTCACGTATTAGTCACGATCCCCTTTCTACCCTTCTGTTGCCATATTCCGCCGAAAACGGACTGCGTTAGCTGTATTCCTCGTTTCGTGTCAGGCCTTGCACACCAGCTGAACGCAGCGGTATCCTCTATCGGCGAGTAGGCATCCGCTATTCTCCGATGGAGCGATCCTCTTTGATGCAACGGGTAGGCGGCTCTGCACGCACCCGAATTAGCGAGAGTCTACACGCCGAGTTCACGTTGCAAATACCGGTTCGGACCCGTATAACTATTATAATGTATAGAAACGGACGCACTTTCTTTCATTTGCGACCTCAAATACACCTTGCCCGGTCAAAGTCGCTAGTGGATTGAAGTACGCCTCCGCCACGACCTTGCCGCAACTAGCTTGAAACTGAGGATAAACCAGGTTCTGATATCACTGGTACACGAACTTGGACGGAGGTACAGCCCAATGTTTGGTGTGGCGCATCCACCAGACCCTTATAACCGATGTAGGAATTGCCCAAAAGGTGTACGCCCTTGTTGTCGCCGCAACGTTACTAC,1242,50.08,Mus musculus
SEQ_489361,TCGAGTGTTGCGACTCGCTTGCCAGATAACATGGACAAGCAATAGCACTAAAGAAGGGGAGACAGCGAATTAAGGGTTCCACTTTGGAGTCGTTAGCAGTCTGCGAACCAAATATAAGGGATTGCAGCCGCCTGGCGTCCAATGCACCTGCGGTTAGTGCCAATGGCGATTTATCCCACTTTGTGGGGAGCTGCGTATGGCCGGGGGACATTGGCGTGGAGGCTGGAAGAGCCTAGAGAAATGGGAACGTCACCTTGTTATCAATCGTAAGTCTACTATCTTCAGTTGCTAATTCTAGCCAGGTCCCGCCTGAAGGCTCACGACTAAAAAGGCTAGGGCCGGATACCCGGGACACTTGAAGCGAAATAATCCTTCTTAGCGTATCTATACACATCGAGATCCCAATCGCTGTTGGTGTCAACTTCTTCATCAAAAATTCGTTAGAGTAGTCCTCCCCAGCAGTCATAACATGACCAATGGAAAGACCTAGCCTTTTTACGCCACTGCTCACAGGGTTTGCGCCTTTTCGGGTCCTGGCTATCACTTATCTCCCTCCAGTGTACATCAAAAGACCAGACGTAGTCGCCGGAGTCTACAAGCTCACACCGCTACTGAACACAGGTTTACAGGACGAGGTTAAAAAAAACTATTTAGCCTGTATAGGGGCAAATACACCCCCGTTCCCAGCCAATGAGCTCGGCCAAGAAGCCCCAAAGCACTTTGCCATGGAAGTAAAGCGTCTAAAGGCTCGTAGGGCTGATATTTGCACCTCGAGTCCTGCCGCCCAAGAGAGGGCCAAGACACTTGAAGCCCCGGTTCGCTACCTCCCAGCACTGAGACCCACTCGTCATCTCACAAAGAGTTAAGGGAGAGCGAGGTTGCGATCAGTACAGAACCAGGGTGGAGGGGAACTAGGGTATGCTGGGAATCTGTTGAAACACAAGCTCGCTCTCGTATGTTACGACCCCAATCCTACCATCATTGAGTGAACTCCTCGTATGGCTAGTTCTGACCAATTATACACCGGGCCAAACTTCCCCCCCCCGTCGATGAGGTGGCGCCACACACCTCCGGAAGGCCCCCAATAATTAAAAACGGTCTGATGCAATCGTATAGATAGAACATTCGACAAAAGCCGTCCATCTATAGGATCATCGTTAATAGACAACATTTCACGGGTAGTACTTATATTGGCTCACTGCTCGGGGCGTGATCACCCCGCCTGACAGGGCTGTTGTTCAGCCACATTCTTGCACATACAAAGTGCGACCTCACGGGCGCCGCCTTGACACTTTGGACTGTTGCAGCTTATTACTCCCCTCGTCAGACGATCATTAGTGAAACCCATGTTCTCCGAGCCTCCACTAACTATGTCAACGAATCTCATGTAGTAACCACCTGACACGCTGGTCCTTAGCTCGAACTGCAGAGGTCCTCTCACGACCCTTCCCCTCTAGTGGTATAGGCTGGTAACCCTTCTGCACGTACACCGCGCAGGACTGAGAAAACTGATACGAATCGTTGAACCCGCCGAGCATTAGAGAATACCCACAGTTGGACCAGGTCTCTTCACTGCGTATCGCGGCTCGGTGCGAGTACTCTTTCACCCTAGCTACAGCAGAAATGAATCACCCTATCACATAGCCGGGGACATTTAACCGCGGGAAGAGAAAGTTGGACAGTAGAGATCGATCACAGTGTCTCCTTCCGCATGTTGAAATTCCGGTAGTACCGCTGTACTCCCACCGCGGGAAGGTTATGGCAAGCTTATAGCGTTCGCCTCGATGACCTCTAGCTG,1798,51.17,Drosophila melanogaster
SEQ_711419,CACAAGTAGCCGGAATATGCGCTCTGTTGTACGAGTATTGATTAACTTTGGCATTCCATTGGAGGGTACGTATTCGCATTAGATATCCTACGTTGCGTGCCGTTGGCAAGCACATGTTTGCGATAGTTATTTAAAACGCATGTGACGCCTCTGATCATAAGCTACAGGAAATAATGTCCGATGTTACTGTCATCAGCGTAGCAATAAGTAAGCTTAGCTAATCACCAGTCCTCCACGCAGCGCAGATAGAAGAGGAATACGCCAGAACTCCAATCGCGTCGTCTATACGTTGGGATTAGAGATAGCGGAACTAGCGGGCGGAAACTCGCTCGCACGTGATGACCAGCTAGCCACGCAGTTGAGTTGTCAGAAAGAGACAGCTGATTGGAAGTAAGAGCCACCCAGCAACAAGGATGACTTTATTGAGCTGCAGGAGCATAAAGAAGGTAGCGAAGACGACAGATGTTGCATGTGCGAAGCTGGGTGCGACTGTACTAGGCAGGTCAGACTGGTTAGTTAACATTACCACACCCAAATTTAATGCTCGCAGGTTCTGGTGTCCCCGAAGCTTCATTTCGGCGAACTAAGAAAGCAGTGTCTGCTGCGCCTCTTCGAAAGTCGTCACCTATCCCCCTTCGGGTAAAGCGCCGCCTGGCTAGTATGGGTCGTCCAAGGCATCGGCGTTTTCGAACTAGACGCTCCGAATCTGATAGATTTTAGTCAATATTTCTCACCTCCGTACATATTCTGGGATGCGGTCATGTGGCTCCCATCTGCGCATACGCATGGCAGCGGACCAGCGAATGAGTAGTTTGGTCGAACCTGGTAGTGTCGCGAGAGATGCTCCAGGGCTCGCTTCTGAATAAAGTGAATCCGAAAATGCACTTATGAACGCTACTTGTTTTTGCGTCTCAGCGACGGACCGGTCAGTCAATGAGTTTATCCCGCATTCCGAAGCTCAATATCGCAAAGATGCCCAGGTGTGTGGTGGCTCCACATGCT,1002,49.5,Saccharomyces cerevisiae
SEQ_688921,GGTTATTTGTCCCTGCGGGGGAAACGTCACAGCCCTGGGGAGGCTGCATTTAATGTGCTGCGCTTGTTACACTTAGATAGCGCAAATAGGAGAATTTGGGTGGTTCCTTCGTTCCAGCAGGATACCCGCTACGCGGCGGCTGCTGGGACTCCCGATCCAAGGTTCCATTACCGCACGTTTAAGTCCGTATACTCCTACCGGGAGTCGAGATCAACCCGCATGTATACAAAAAGAGCTCTGTACCCCTATCTTCGAATTAAAAAATAAGGTCCCATAGGTCCAACCAGATTCCTGCGAACCAGGGCGACGGGAAGGCGACCTACAAGGTGCTCACTAGGGCGATGGCCGTACCACTTGTTCTGGGCTGAGCGTGGTATGATTTCTGTCGCTAGTCCACTATACTTATAACTAGTTTGGATTCGACCGAAAGCCGTGGGGTGAAGATTGACATGCCGGTCAACATCAACCAAGCAATTGCCCCTGCAGTTCGTACCGAAGGGACCCTAGCGCGTTACAGCCCAGACCTCGAAGAACACGGGGCTTTTTCCGCGCATGTATGGATCATGAACCGGGACCCCCCGCCGGCGTGACGGTCTTACCACCGTACTTACAGCCACGGCGGGCTCCGTCCGAGGGGTCCAACCGGCCGAGCGTATATGTAGGCACGACCTGTTTTATTCCGCCCTTGGTTGAATCCGACGAGTGACGGCCATTTTATTCCAGAGTAGGTTACGACTTAACCCGTTGAGCCCGCCGACAGGCAGCGACAGCTGATGGTTCGGGGCATGTTGGAAGTGCCCCCCGGGGACATCTTTAGCCTTGGTACGCGAGGAAACGATTCGCTCCAACTATCCCATTCAAGATTGGTCCATCGCTAGACTCCATATGAGGCTCCTTGGGTCGTTTGTGGTCGGGCTATCGCCTTGCTTGCCAAGGCTTAAAAGAGCCCCGCCGCCGCGGCGATCAACGCCAGGCTCCTGCATCGGACGATGAGAAGCCATTTCGCCTTGATTCCGGACAGTTGTCGCGTAACAAATGCGGTCTGAGGACGAGCTAGTTTCACGTGTCCATGTCAAACCTAAGTAACGCTGATCTACGCTAGGTCGCGGCTACGGGAGTCGCCCCTCAGTATCTCGACTCTGTGAGTGTCTGTCCCCTAGGCCAGGGTACAATAAGTTGCGGTCTTGACCACTCGGTTTAGGTACCTGAGCACCGGTAATCTCTTTGCCCTTACCTTAGAGAAGTTCGAGCAATCATAACACAGTGCTCCATATCGCTATCAATTTACCAATCACGGGCGCGGAAGTTTCTCACCCACACATTAGCTATGCAACCTCCAACACCGTACAAATGTATAGCAGTCGTGCGTCGATACTCAACGCGGAACTCTCGTAAATAAAGGAGGAATGAAACCAGTTTTATGTCAGCAAACGCAGTCCCGCCAGTGGAATGGATCAGCGGAAGGGCCACAATAGACACGATAGTTTCTACCCTTTCTTGCCATACTCGCCTCTGCAGACAACGGGCAGCCGTATACAGACCGGGTCATCTCCG,1554,53.8,Arabidopsis thaliana
SEQ_683413,TAAGAATCCTGATGGGACGGCACTATGAACCTGGTGCGACCGCGTACACTTTTCGCCCATTTGCGAACAAAATCGTCTGGCGTCCATAGGGTTTCTTGAATTCCGAGTCCCCGTTTACTCAGTGATCAACGGCCGATATATAGTCTCAAATCTATATGCGGAGGGTATACTTTGATTTCCCGTACACGCCAATCAGTTTACGCGATGAACGATTCTTTTCCAGGGCGATAACTAGGAGTGACACGGCCTGAGAACTTTAGAATTCGAATCGTAAAAAGTCATATGAGGGCACGCACACGTTATGAAGATCTAGCTGTACTTAGAAACCCTTGATGGCCGTCGACTCCGAGTCACGGCTTAGGCACAGGCCCTCTATTAACAGACTGACAGCCATGGTATTATCTCTAGGTTATATACGCGCACCATAACACAACAACTTATGTGACTTTGAGTAGACTGAGCCATCGATAGATATCGACTACGTCGACATCCGCTCTAGGGATATCTCCGAAGATTATTTGCAGGTTGTATGGGGATCCGGCATGGGGACCAGTGGGCAGATTCTATATGTATACAATCGGAGTGCCGAGAATTCACGATTCCACACATTCTTTGTACTATGTGTTCTTCTTATTCGCTGCGCGACAGCATTGGCCGTAGCCCTAGGTCCCTATGACCCGGGGTTCGTCCCAACCCTACCATTTCGTTGGATTTCTTATGGCCAGCGGCTATTACGCGGTAGGTCACGTGGATACTGGCCCGCTGCGGCCCCGTCGGGAGGGGGTGGAGGATTGCGCAACAATCTTTAGTCGTCTACATCTCCTTTTATCTAATCTTGATCGGCAGCGACCGGGATTTCTTAAATAACTGTCAATGCTGAGGCCGCTTATCTAAGTTGGGCCGGCGACTTTGGTTAAGACATGATACCCGCGGAAACATTAGTGATACTATGGAGACACCAACAACATACACGGCCCCTACTATCAGGCCTTTATTAGCGTGCAGGGTGTAAAACGCTCCATCGCTGCCCCCGCATCTCGCATTGCTTAGCCGTGGAGGCGGATCAATCATGGCAATAGGGCCATCACTATGGTAAGGCCGTGGACACTTCGAATGCGGAGATCCACCGCCGGAGGGATAGTCGCTTGAGGAGGTGTGTTGATCGACGATCTATATTCCACCACATTCGGGTCCTTATATCCGGATGGAGTCAAGACAAGAAGTATCCGGACATTGGCCCTAATTAAATCTTTGAATGTACTGGGATGGCCGAGAATTATCTACAGACAGGTATCACGACATACTGGAGCATGAGAAATGAGCGAAGTATACAATCCCTCGACGCTAATCCTCCTAGCATTGACCCATGACTGGTGGCGGTGTGATCGGTAAAGGCTGGAGCCTCCAAAGGGGCGCTGGTGAACGGATTCTGGTTAAAATCAAAGTGCTTGCTTGTCTACCCCATTACGGCAAAGCTGATCTTGTGGTCGAAATTCTGCGCTGTTAATACGATAGCAACGCGTGCTCATATGAGTCATTCCCCCCAGTCAATCTTCTCGGCACGTCGACCCAGCGTAGACACCGGAGTAAGGTGATTAACCAGGGCTCTACTTAAGGGTACAGTCTTTGCGCGATGTTGGGCTATTTTCCACGGTAACCACGCAACTTCGGAGTCTGCGCGCGGTCTT,1688,49.7,Caenorhabditis elegans
SEQ_116258,CCCTTATGCAGAAGCCTTGCTCGCTTTTGTGGTAACGTACATAAAATGCTTTCCACCCATCGCTAGGTTCGCGAACCGCCTCCGGTACCTATTACCTACGACGGGGAGGATACGATACTCGCTACTTTAATTTACGGATGACCTTTTATGAGGCACATGTCGAGTAGCTTGTTTTAGGTTGATGGACTAAACATTGCGTTGCCGTAAGTAAGACACCGGCAGATCCTTTGAAACGAACCGCTTCTTCCTATAAGGAGTAGGCGAATCCATGATTCCACATTAGCGGCTCGTATACGCACCCACAACTGCGACATCGGGCGATCAAGGACATCATGAGACGTTTCGGAAGATACCAACGAGATTTTATCTTTCTTCTGGTTGGTCTGTTCAACGGGGTCCATTTCTACAATATCTAGTGCAAATATGGGTAAAAATCGGCTAGAACGGACCGCTCCTGGAGGAAAGAACTGAAGTCCTACATGCCACAAAGAGTGCTCCGGTCTCTCTCTCCTAGACAGTGTGCCAGGACAAAAGTCTGTTTCCCTGGATTATCGGTCGTGTCTGGGGCTCCCACCGGTAGGAAGATAACAGGAAGCATATTCCAAATTCGCTGGCTGGGAGGTAGGAAACAGAACTGTACCCCAGTGTGATCGGGATATGGTCAGCCTCCCTTTAAACATGCGAAGCGAATGAGCTCTTTCATGACGCCCCAGGAAGATATAGCGCAGTAATGGCGTCTGCCTTTGTGTCACGGTGGGCCGCCGCAATCTTAAGAATTTACTTTGTCGCTCCAGTACAAGCTCTGTGGTCTAATAACAGCGTGGCCCCTGGTTTCACCGACGAGCAGGAACTTGACCCCTTAGTAGCACTTCCAAGCTGTGGTGCCCACTAGTATTGAGGTTCGTGAGTGAGAGTCAGTTTCACGCGTTGACACCGTTCCATGTTCGAAGAGTTGAATATGGGCAGTGAGGTGCCGGACAAAGAACTGTTATCGTTCGGCGGCCTCCACAGCACGGAGATACCTTGTAGTATCGTACGCTTCCCGTAGGGCCGCCCTCTCACCGATAAATTCGGTCCTGCCCAGAAATTTATC,1093,49.86,Saccharomyces cerevisiae
SEQ_169095,ACCGTCTTGGGGTGCCGTTTAGAGAGAAAACACCGGGTAAAGTACCTACAGTGTTTGAGTTTTGAATGAGTTCAGAGCTGATGCACGGCGAATTACTATGATTTTCAGCTAGCTTATTTGTGTAAGCGGGGTCGGCGTCCGCTGTTCTTATATTTGGCAGAGTCACGGGGCGCATGAACCGCACAAGATAACAGTAGGATCTCAAAGAAGGAATGTCCTTTTGGTGCGTGAGTCACATCTTAAAATGGGGTGCAAAATCTGACTGTAGCACTCACTTCTTTCTATCACCGATTGGGGGCGTCGCGGCGCCCTCGGTATTCTCACAAGGGGACAAAACGTAACCGGCAGGCGGGCAAGTCGTAGGGTCGCTTAATGTAGAGATCCTAAACTTTAGCTCTTGACAGACGAAGGTGGATCGGATTCCGGGAGGCTGCCGACATTCGCAAGGCAGTCCAACACCGCCCTTAGACTCATCTTTGACACGCTTTGGGGAATTGCACAAGCAATCCTTATACCGCAGTATGATCCGGGGCGTACCCGTCCCTGCAGCCACTCGTGCAATGTATATGGGCGAAAGTCTGCCGTTACGATTAGCGTTTGATAGCGTTGGGCAGAAAGGGTATGCAGGAAAAATACTTCACAGCAGCCCCATATGCTTAATCGTGTAGCTATCGCGATCTAATTCAGTACAAATCCTTGTCATCCCGACGGGCAAGCCGGGGTTAACAGCATGAGGCGCAGTTACCTGGAGCACACCCTATTCTATCCTGCCGGCCAGCACCAGGCGGAGTTGATTCGTAAGTCTCCAGATCCGATTCGTTGATCGCTTTAAAGAAGGCGAGTGACCATTAACTCGTGGCAAATGTATCCTGCTGAATTCAGCTGCGACACCTCATAACATTAATAATCCGAAAGGCTAAGCACCTCGCCCGGCTTAGGGCGATCGGCTAGCCTGCTATCGCAAGGGGGAGGTTAAGACGTGATTCTAAGGTAGCGACGATCACGCGGGTGAGCTTGGCCTGATGGGGAAATCCATTCGGACCCTTCACGAGCTGGCTTAGGCTACGCCACCGTAGAGTTACGACGGCTCAGTGGGCTTGCATCGCTAATCCATCGCCGGCTGAAGCTGACGCATGGGATCGGCTAGCCAGTGCCCACGGTGTATCAGTAACTCGGATTATTCGTACTTAACAGACCGATATCTTTACCATTCCAATCTTCTGTATGTTAAAAAGTATACAACCGACAAGTAGGAGCACAGTATCCCGGGATTTAAGATTGAGGGGGCCAAAACTACGAACTGGCCAATCCAATGTTATCTGACGTTCGCACCTACTGGTACTCAAGCGGAGTGCGGCACCAGCGGCTCCTGGTATGTGGGATTTGCTGTGCTCAGAGCTTGTTAGAATAGATTCTACCGTCTACATCGATGCCTTGACTGTTCCCCGGTAAGGATGCCACCTCTACGGTATTGATTTACATACAGTTACTAGCTTTTCATCCGGACATTTCACGAGGCCTAACATAACCATAGTTCGTACATTCTGACCCCCGAAGAGATAGAGTACCTGTGATGACTACCGCCATGGCTCTCTGCTTTGACGTTGGTTGGTAAATACGCAGATAGCAGTTCCACCGAAAGGGAGTCATTTTACGGTCAATATACAGAAGTTCTACCACGGAGGGACGTGGATCCCATCGATAAAGGTTGTACAAAAGAGGAACGACAAGCGGGTGCGGCTGCCC,1746,50.4,Saccharomyces cerevisiae
SEQ_562357,ACAGCTCGAAGGTTCTGAGTTGGAGTTTCGTGGATAGCAGTGTCTATCGAAGTAACGGTTCTATTGAATACGCATTTGTAACCATTACACGCCTCTCTGGTCCGAAGGTTACGATTTTTCGCAGCGGATCGGACTTCAGGAGGTGTGAGACGGTCTCCTTCCGTTTTCCGAGTGTGAACTGCGCGGAGCAGGAGACCGAATAACGCTGATGTAAGAGCATCCAGTTCCTTACCTGATGATGTGGCATCCTCGAAGAACTGTAGGCTACGAAAACTTGATTGTTATTTTTTCCTGGGCAGTCTAATTAGCAAAACGGTTAATGATATGGACTATTGCCTGGTCGTCACCTGAGCTCTTTCTTTGCATCTTCTCCGTCCTATAATGTGGGTTTGGATCCTGGGGGGTACGAGCCTCCCTCTATTGATATTTAGTATTTGGTATTCGGGCTAGGGAAGGGTGTCGTTCCGTTCCGCTCCCTGCTCGGTGGCGAACGACTTGCTCTACGTGATCTACCGGATCGCAAGGAACCAGATGTGACGGCGTGATCTGGGCGGGCTATAGCGGAGGTAGAACCAGCCCGCAGTCCGACTAACGTTAAACCACCCAGACGCATCAAGAAAATGGTTCTAGAGAAAACTCACACACGGACCTGTCCAGGTACACCTCGAAATTCTTACTTCTCATCGCGCATCGTAGTAAGCAATCATTTCTTGTTAGCTCCACACTTTGCGATCCTTAAAACAAGGGCCGCTCGGGCGAAGACCAAAAGTAGAGGCAAGTGTGTTTGCTGTGAAAGTGTATGCACAGAGAATGCGAGTAAGTCCATGCGGTGCGTAAAATGAAGGTGGATTGGGCGCGCTGCGGTGGTCCCTTACTGGGGCTTTCGCAACTGATCGGCCCATTAGCGACACGCGGACGTATCTTACACGAGTATGCTATGGCGAAGAGACAGGGTCTACCTCAGTGCAGCACCTCGGCAAGATCTGCGGAGGATACGACAGTAGATGCATGTGCTTCCGACCAGTCATGGTAGAACCCCTAGCAGTTTTGTTAAGTGAATACGTCAGCCTTAAGTAAGGGTGTTCCATGGAATAAATCCACGTCCATACAACCCAAACCACTGGGAGCTGAAGGTCACATTACTATGAGTTTGGACATATGCATTATTATTTATGTCAGCCTAACGTGCGGAGGACAAGAACCGTTATCAAGCCACGGTACCTGGGTTGACTGACGACTTGTACTCACATCAGCTTCGGTGGTGAGCGATTTAGCTGTTGCGCGTAGCCAGACCGACATACGGCGCCTGCAAACGGGAAGCCGGGCGAGCCCCTGAATACGCACCACGTCCATGGGTGCTTTAACGGCCCTCCCTTCATCGTAAAGTGAGCTTTCGGCGCTCCGATCTAGCATGTTATCCCCATGTCGATTTATAAACAAGGATTCTTTTTCTGTTCTCACGAGAGAAGCAGTCCTGAGCGC,1482,50.27,Arabidopsis thaliana
SEQ_926690,TAGAAAGCGGTTCGCTGAAGGATACTGTAGGGGGAGATCTTTGCATCCATAGTGAAGCTGAGGCTACAGATTCTTAGAGCACCATTATGGGTTTCCATTGTGTTAGGTTTCATGGACTCCGTCACCGGTCAACTTCGATGTATTTGTGCTAGCCGGCTTTACGCTCAAGAAAGGAGATTATTATAACCGATCGACTTCGGACAGCGGCCGTGTAAGCACACGAACTTGTAGTAGGACAACTGCTCCCAGCTCAAGGATTTGATAAGGAGCTTCTTCCACTCCCGCCGGGAAGATTGTCCGGTGGTATTAGACGGACGGGGCAACAGCGAAGCTTCGGTATTAACTCGATAAAATCACGTGGCATGGAGCAGGCAAGATCGACACCAAGTTAAACCAACGCCTGGCACTTTTTCTACTAGACAACGAACTATCGGAAGTCGGGAAGAGGAGAGCGTATAGACAAGGGACGGTATGGGTAAGTGATTGCACACGTCTCGTAGATTTTCATTCGGAGAAGGCGCAGAACTCATGTTTAGCAGATTGTGTAAAGCAGGCAAAGAATACCCATAAATGGGTCCGACGGGGGTAGTGGTTCACGAGCACCCCTTAAAACTAGCCAAGGAGCGGAGATTATCCACAGACTGTTCACACCCCAGAACTTATGGTGAGGGAACCGGGGAAAGGGCGTTCTCAGGTCAGTCGATCAGTTGTGCCCCGTCGTCTTCCGGAAGAGATCTATCTGTTCGCGAGTGCGGACGGTGCAGGCAAGGACTGATCAATACGAAGTACCCAGGGTTATCACTAACACACGCAGACGACTCCGGTCAGGCCTAAATATACGTTGGGGGGTGATAAAAGACTGAAATTCAGGAGCGGAGATTCTACAGGTCAAACGGAAGAAGAGGTCGCACGGTCACTCCTCAAAGGCAAGAGGAACACATAGTGTCAGGAATTCGCATTTCATGTTCCCGGCCATAACAGCGAGGATGTGTGAGCTGAGGCTAAAGCTGGCTGTGCATTTAAAAATTTTTGCTTTCGGACGCTTGAACGATAGCCGCAACCGCCAGAAGCTTGGCCAAAGAACCCACAGGCTTAGGGGGGTCCGTTCGGAAACACCTTAACCCGGGGGCTATAGTGATCGGCGGGATGCTTGGATCTTCGCTAGCGCCTGTCTGCGAAACAAACCCCTAGAGACAAACTAAGAAGTCTAGATCTAGCGTCATGGATGGAACAACTCTCGAGCAATGCGCTCAGTAAAATCGTTGAATGGAGGCTACAGCTGGCCCATTCACAAGCGACGACCAAACACTACCCACCTAATGGGCAGGATTGCTTCTTGACTCTGTGGAACGCCAGCTGGTGCGCGCCACGTAAGAACGCAGGAGTGCTCGGAGAAGTCATTGATCTGTTTACCGCGCCATAGGTGAGGGATACCTGAAAAGGGACGCAGATCTCTTGCCCGAACCGTGCTCGAATTGGAGCATTGAGAAAGATGATCAAGCGCAAAAGATAACACAATTTTTCGTCGAACATAACAGGACCCACAGAGTAAGCTATCCGCCATGCTCTGGATAGACAAGGTTGCTTATTAAGGCTAAGACAGGTAACAGCAACCTCAAATCGTATCACCTATCCATTCGGTGCTGAGCTCAGGACAAGAACCTCAACACCTCCCCAGCAAACGGTAGGTTTGCGCGCGCCTTGCCGAATACCGCGGGCAACCAGTGCAGTGTTGTGCCAAATCCATACCCCCAGGCGCTGACCGAAACCTAAACAGCGCCTCTTGCTCAACGTCGTAGAGGTATTATTAAGGATATCGAGGCATGGGGCCAGTCAGCGGCCAACAAGCTACGTTAGAACACAGGCCAGAATGACGTAGGAGATAAATT,1889,50.61,Homo sapiens
SEQ_811514,CCGTTATAAGCGGATGTTATTGTACCGATCCTTCGTAGTAGGGTTGAGCCCCAGATGTTCAGGGCACCTCAC,72,51.39,Saccharomyces cerevisiae
SEQ_221562,GTCGCCACAAAGCTACTCCTGAGCGTCCTTTTCCTCTCTACGTGTTTCGTGATAGACCGACCAAGAGTTGGTGAAACACCTTGTTCATATCACCGTTCGCTTGCGACGTCAAACGCTATAGGCGAACTGAAGATATTGTGATCTGATTGACACTGCATCTGTTTGGCTAATTGCGACGCGACAGTAAGGTTGCAGCCACTAATCGTATGTCGACGGATTCTAGACGGTCGAATGCGCACCGGACGGAGAGAGTCAACTGTCCATTGCAAATGCGGCCCCCATCTTACCTTACGATAGCACAACACCTGTATCCCCGCATAACAAACCGGGCCGTAAGTTTGCGAGAAAGAGGAGTACGTTTGTCTATTGATCCCTGAATACTATAGCTTAATTAGCTTATCGTTCGCGCAGTTGGATAGCGTTGTCCTTGAGGTATGGGACGCAATAAACCGACCCTTCTGGTGCCGACACACCACCGTTGGGAGGTTGCCCGGGAGGGCCATTTGATAGCCACGTAGGAGTAGGCGAGTCAAATAGATGCTATTTGAAGCGCCTGGCAAATCTCTGCAAGGGTTAATGGTTGACCCTGGCTCACGTTAAGGAACTCTCGGAGTTCAAAGGCGCTGAGGTCGGATGGGTCAATCAGTGGATGATCGGTATTCGCGACTATGTGCTTTTAACGCATGTCATCGTTTAGTTACGGAGTAATCAATACAGCTGTTTATGACTTAATGTGCGTGCGGTTTTCCTCACCATGTGTTGTGGTCGGCCTGTTCCTGTATATTAGACTAAAGGTCCGTCTGATGGCTTTTGTGATTCACATGATCCGTATGTAATAACAACGGTGTAGCAAGTAGAGCCCCCCTTGGGCAAATAATGGTTCGGCTGTTCACACATCCCCAAACGATAATGAAACTCAGCCATAGGTTTGGAGGTTCTACACTAAACGGAGTCGAAGCGTCTCGGCCTGTAGGGCAGGCTTGTCCTCGCTATGTGACGGGCTTAACTGAGTGATAGCGCGTAACAGCGACCTTGCATCCCCATAATAGCCGTAACTGCTATGCTGGGCTACTTTCACTGTTATTCACTAATCTGGCAGGTAATCGCCCAGTGGAGGGTTCAATTCGATCCATCGATAGTGCAGTCTAGAGTAGCAACGGCGGCTTATTAATCTGTTA,1178,48.9,Escherichia coli
SEQ_820805,CACTCGTTAGCGGTGACGCCATGTGAGATCCTGTTGCAACTACTCGAAACAAGCACCCGCTCGGAGCTATTTTAGGTGAGGATCGGACCGACTCCTCAAGGGTTGGAAGCCAGTTCAGTTACCCCTATAGTTGAGATCGTCGGAGTAGTATGTACTTAACGAGGAGTTGTTGTAAGGGAAGTAAAGTTGTAGCAAAATGTTCGCAAAGGGACCGTAAATGCCGACGGTGGACGCAGTGCGTCCCTATTAGACGGTTAGGGCGATGCACGCTATAATTGGGTTGGTATAACTACATTGACTACCACGACGCATTGACCTTCTACGCGTCGACAAATCCCTGGAGCGGTGCATGCTGCTTAAGGCTATCGACCAGTACGCCGCGTACTTTTGGACTCTACTTGAGTTGAGTTTCTGTATAATTGCGCTCGACTATCTACAGAAGGTAACGCGTCCGACGGTAAACGTAATCATTAAAAGGTGTGTGATTCCGGTGACGTGCCAGAAATACAGTTAGAGTTAAGTTCGGTCGTCACGTGCGTGAGGTTGGGGCATGATTGGAATACTACAATCCATATCTCAAACGGTCTTCGGCTGATCCGAGACGCTGGTTCTAGGGATTAGTACGGAAGAGCGCAGATCGCCCGTCGCTAATACATATCCTGAATGCAGAGCCGCGAATCTAACGTGCAAAGTTAGCAGACCAGAATCCGAGTACCCTTCTGCCCAGCCTATCTGGACGCGCCTGCGTGACCCTTAAAACTATCCTTAGCGCGATTCAGCTTGCACCATTCCCTTGCAAACAATAGAAGGGGTACATCATCCTCACGAATTCTTGAAAGGAGTATCCCGTGGATACTTACGGGGACGTAGCTGTGTGAGTATCGCCCCTCTCAGGAAACTTGAAACGTTTTCAATAACTTATAGCCACCCCTACCGGCGCAATATGACTTTCTTGTTAAATCCTTTGTAAAACTGCCTCCTAGGGCGATAGACTCTATCGGTAAGGGAACATGACCTGAGCCCAGTTGCAAATTCGACTCATCTGAGGGCCATGTTGCTTGTCCGGCGTTAAAGAACAATCGATCGTCAGCGGTGGAATATCCTTGCGCATAATGTACGAAGATTGAGCCCACCTCAGGTCAGATGCCCCACAAAGAGATCCCTACATCCACACCCTGCAAACTGCATCTAATGACGTAATTAACTTAACAACTATAATCGTGGCCGTGTACGAAAAATGTTCTTCGAGAGGTGCAGAATCGGCTGAGGGTGATTGGAGCTACACCATAAGTCTAATACTATTTCTTCGTCTCCGTCGGGGGTCCAGTCGGATGTTGGGGATGCCCTGTTAGGTTCTAGCAATGTTTTTCGCTTTAAAATAACTATATAGTTAGTCGGTAGAGTGCCGTCCGTGAGGACCCGCATCCGTCAGAAAAACAAACCGCGTGAGACTGAAAGCGCCACACAGGTCGTACCCCTAAACTAAATAGCTATACAGTGGTCTCCGTGCCGAGCGTTCACCAGTCCCAACTAAACTGACATGAGCTACAGCACCTGGTCACGCGTGATTAGCGTATTTAACTGTGCTCATTCAGCTTCCTCACCGGGCCTAGAAACTCATCCTGAATCCCGAATTTAGTACGAATAAGCATCCATCAATTCGCTGCTGATTGCTATCAAACTGTCATCCAACGTGGAGATTCGCAATTCATGTTCTTCCTGATTGCCCAACTAACTTTAGGTTAGTTACCCTAGAGAATATGAAATTGGCAATAAAAGAAGACAATGATGGGTTTTTTGG,1801,47.75,Arabidopsis thaliana
SEQ_408511,CGATGCTTAGCGAATCCAGATGGCGTCACCAAAAGGGCAACTGTGTGGATGTCCCCCTAGGCCGGCTTTTCAATATTGACGAAGTGTTCGCGCGTGCTGCTTTCGAGAGACAGTCGCACAAACTGTCGAACCGTCGAAGAACCGCTTGAGCAGTATTGTAGGCGGGCAATTTGCATTATTACCACGGCTCGAATAGATCGTGGAGAATGTCGTGGAGACCCTCAGGCTTCTTTCCATCCTTTTTCTAGACCTTTGGGATGGGGCAGTCCCTTATACAGGGCGAAAAGCGGATGTCCGGATAAACGTCTCGGTGTATTACTGGTCTCTGAATGACAACCTACGCCAGTCTTCGACCGACCTAACCTCGCAAATAACCTGCGACTAAAACCTTTTATACTGTCGGCCTGTACCACACGCTGTTACGAGCTGTAGCCTGTATCCAAAGCAAGCTACGCGGGGGAAAGTAGTGCACGGGTCTAAGAAATTGGCTGCCTCAAGTTACGTGGGGCCACGCCATAATGCCCCAGAGAGATTCTCCACGTTCAGCGCCCGAACTCACCGGGCTCCTGTGCCATATGGGCCTCGAAAGAGACGATGCGGCTCTCATAGGTCTGGGTTATTCCGTTGTGTCAGTTAATACTTACTGTAACAGCCTGTATTGCTGCTAGAGTCAATCGCGGAAGGTGGTGCAAGCGCAATGCTAAGTTAGCTATAGAAGCGGTGAAAAGAATAGGTTGATCATGAACACCGTCGAGGGAGTGCTCAATTCGCAATCCGTATACTATGGTATTCATGGCGATCGCCTGCTGACTAACTCAGCCACGACGGCCCAGCGCGGGCTACAGCTAACTTGCGCGTCACAATCAGAGCGCTATCGAACAGCGTACAAAATACTCAGAACGTTTCTTAACCAGGCACCGGGCTCAGGCTTTACTGTGCAGCCAAAAGACGTCACTGGTTGCGAAGGTCGGCACACTTCGGGTAGGTCTACTTTTGCCCGGTGGTTTTTAAAGCAGACCCGGTACTAGGCACGCGGACGACCGTCAACAAGTCAAAAGGGATAGCGGAGGTATGTCGTAGGCTAACAACCGCCCTATGCGCACGTAAGGTCCTGGCACGTTGGTATACACTAACGAGGTCCGGTTCGCTCTTATCTGAGATACTAGCATCTCCATTCTCTTCATGCCCCGAGTACAACGTCCCAACTTATTTGAGTTCTAGGCCTTCAATCGCGGGTTTAAACAGAGCTTTTGTGGATCGTGTGACATCGGCACGCTCATTGCCTGGTAGTCGTCAATCATCGTGTCGACGGCCCATCTGGCGGGTTAGCCACTGTCCGACTAAGGAAGGAGTCACATCAACTTGTTTAGGAATACCTTAAGAAGTATTATAATTACGACGGACAAATGTTGTGTACCTCATAGTATGGTAAGGAGAATGTGCTTTTATAGCACATGAAAGAACATCTGTGTACATCAGGCCCCAGGATTAAACGCTTTAGGAACACCGTGCTATGCAGTAGCTGACGTGCCTGCCCGTCAGCATCCTCCTCTCAGTGGTCGGGCGCTAGCGAGCCCAGGGCCCGATTTAAAGCAACAGAGGATTATGCATAATATGCTAATGACGTACATGACTGGCACCTTCACCTAAAGGCTGTAATCAGACGAGTTCTAGTGAGTCCTCTGAGTCTCGCCTTGCATGAACACTCATGCGGGAGATGCCCCTGATATAAATCCTTCGAACCTTGTCACTCGAGCGACGGGGCCTTCGGTTCGTAATGGCCCCTAGCCATTGGCGCTTTTATGACAACACCATCTCACTTATCTTGCGAAAGCAGACATAACGGGTCTTAGAA,1855,50.73,Caenorhabditis elegans
SEQ_534871,CCTGAGAAGATCAAGGGGGCTACCGCCTAGGATTTTCATAAGCTGTAGACCTCATCCCACATGTAGTATGTTCATCCTGGACGCGCGATAGGCAGACGGTTCTGAATATTAGCAAAATGTTGTCCCGGATGACCAATAGGAGGACATAGCTGCGGGCTACTCCAAATGCTTGCATGCATGAATTATAAGGGGGGTCTAATACAATGGAATGCTACGATTTGAAGCAACAGGCTTCACCCAATCCTCCCATAGGCCAAATCGCAAATACGAAACCGCTGCCATGCGTAGATCTCCAGGACGTAACTAACTGCTGCACTGGCGTGGAAACAGCTAAGTGGAGTGCTATACATCAACGTATTCGTACTCGTGTATACGATAGTTGGTTTAGCGGATCAGGTGTCGGCATGGAATGAGTCAGGGTCTCAACCGCGTCAGCGGCTACAGAAGCTACTGTTGTATGTTGGCGGAAGTTGAACAGCAAGAGAACGCCGTCGTGCAGATATCATATAAACTTGTGTCACTACTCCTGCTCGCTATAAACTTCCTCCTGCGGTCGGAGCCCCCCTTCACGTAGCCTGGCTTGTGTGCGGAAATAGTAGATATTGTGCACTCGGACGACAAGTTTATAAAGTCATTCTGCTCGATCCCCCTAGCGACGTCAACATGGGGCGCAGAGTTGAGGGACTCAACTGTCAACTACTACCAAAACGCGGTGGAGGTGCCCAGACTTCCTCCAGACTTACTACCCATTGTGGCGACCTATATGGGTGAGTAGTACCTATAAGCGGTGGTCTCCCATAACGATCACGTTTTCGTATTATCAACCTCACTCTCAACCTTTGCACACACCCCATTGACATACAAATGCAAATTAAGTCATATCGACTGATCTAGGTCAAGTAAATTAAACCATGATGGCGCCGAGAAAAACGACATGCTGCATCAGAGTCGTGTTGCAAGAAATCACGACACTCGATACTATATGGGTGAGGAAGCCGCACGCAGTGGCGGCTCTCTTCAGTGCATACTTCCTTTATTAGTTTCAATGGGGCACGCGCATCACGGGTGATTCGAGGGATATAATTTCCCAATGAGCGTGGGATAATAAGCGTATAGTATCTGATGACAGGGAAGCGTCAT,1140,48.33,Drosophila melanogaster
SEQ_753214,TAAGAGTGAGACACACATCGCTACGTGGGAAAACAAGAGGTTTTGGCTCATGTAGCGGATGAAGCCGGATTATCTTTCGGATCCTTCGGGCTTAACAGCACATCAGTTACTTACGATGGTGAGCCTTGTCTTAATAACGGTCTTGGAATTTGACCGCCTGTACATCAACGTGACGATCAGTGACGGTGTTATTTCGCATCTCGGCTGGTCGAAAGCAACCCAACGTAGAGGAAGGTTAACCCAAAGAGGATGTACGATAGCGACGGTGAGTGGGTGCGATCCTAACTTGTGCCGGAGCTTACGCAACGATCAGTTTGACATTCTGTGATTACTGGATCTTTAGCAAGGTATGAGTCGCCCAGTGAAAAGTTTACTCTACCCGAGAGAGCTATGGGTTAGCACCATTCGAATCGAGGCTTGCAACGTCTAAGGCAGCAAATCAGTTATTTTAAGTCCAGATTGTCCGACGCAGAAGCTCAAGGGGTATCTTCTTAGCGGACACATCCCGAGTGCATTGGGATGAAACTATCTAAGAGTGTGTCCCCGTCGATCCACACAACGCATGGGATTATAAATGACCGGGGGTGCATTGTAAATAATAATTTCTAGACGTTATCAGAAAAGAGCCACATGGTTTAGATTCAGTCGTCATCGAGCCTGGCATTTCTAGGCTGGAAGATATTATTGGTCGGGTGACATTATATATATCAAAACGACGGTCGCTCAGACATCGGAGGCGGTCGGAATGACTCCAGGAACGATGATATTTCCAAAACCTGCTCAACTCCTGGCATACCACTTGGGATGACTGCACAGGTCGGCGTTCTATGCTGAGCTA,838,47.26,Homo sapiens
SEQ_236105,GTACGTCAGGATACTTCCGTCGAGACTCTCGAACTTTATCAGATCGCTATCTTAATTCCCTTTTCCTCAGCGCAAGTAGCTAGAGGCGCGCAAACTCTTCGGGGTGCGTTATTCCGGTTTGCGACTGTACGTAGCGTACAAATCTTCGGAGCGAGTCATTGTGTGCCTTTAACTTAGTTCGAGAAGCACCTCGACTACGCGGTACGATCGCACGCTACCAGCCATCTACGAAAAATCTAGGTAACTATGTTCCGTCACGACAAGTGCGTTATGGTGTAACCGGACCTCGCAACATATTCATTCACAGACGAGATCCACCCCGTGGGGATTTCCCTTTCCTTATCGCGCAACGAGCCAAAAGGCGTGCATTCCCTGAACTTATTTCCGGGGCATCGGCCGAAGCGGATTCGCGAACGGCAGAACGCTCTCGAGAGTATAGTCTTTCCCGGCCGAAACCCCCTTCTCCCAAGTCAACGACGAGTACTGACCAGGGGACTTGCATAGCGATTTAAAGGGTCTGCAAGTAACGGAGACGGCCACGTCCATCTGCTCCAATCTCGGGTCTGTGAAGCATTCATGTACCATCTTTAGGTAGGGAGCACATTAATCCCATAAGGCGCTTCTGGACGACTGGTTCTAGGCTTGAGGAATTTGAAATGATTGACATGTCTCACCGCCTACATTAAGAGGCCGGACCATACTCTGTTCTATCTTAGCGCTGATAGGTCTATACCATTCCCGGACCGCGATCGCGGGTTACCCGGACTCGGGAGAAGGTGTCGGCTTCTAAACACATTCAATAAAGGTCTGCACTTTACAGCAAAATGACATGGCCATACGCATTACGATCATTGGTATCAGAGCGCAATCTGTACCAAATGTGCCCCTTGTCTTTAGTGTCTATAAACGAGCACAAAAAGTTCCGGTGGGACACCCCAGGAACTGTCGCGGACAAGATCCTACTAGTCGTAACGCACTCTTGCTGAGGTCAGATAATACACGACCTGTTTCTTCTTCTTCGTCGCCTCACATTTGCCCTAAATCAG,1046,50.1,Arabidopsis thaliana
SEQ_614185,ACACGTGTGGAGGACGTACTCTCCCGATACGGAGTAAGGCTGATCCAGTCGAGGACCTAGTCATTCCGTAGTGCGGTACCTTTGCTGTCCCCTCGACAGCTGGGCGGTGTACGTCCAGCGGAATGCCAATGTAAACACTACTAGCAGCTGATTAAAGAGCACGATTACCAGCCTCTGCGGTATAGAAGGCCCAGGCTCTTACATACATGCCTTGGGTGCGGCCTAGTTCGACATGTGGCAAGTAGACCGCGAAAGGCGGGCTCAGTTAACCGTGAAGAAGCCGATACGTAGACTAACGCCTCAGACCGATCTCTCCCATCCGATCTAGCTCCCGGAGCAAAAGGTCTCTCACTCGCTCTTTGTTGGCGTCACTGTTGCACCTGCGCTACCAGGAATTAAAGATGTCGTGCTGGAGCACAGGACGCTAGACACCGACACGTGTAAACAGCTACTATACGATAGCTGAATACGGGGGACTTATGGCGGTTTAGTGAATACCCGGAAG,505,53.66,Drosophila melanogaster
SEQ_557108,ATCTGTATAGAGTAGAAGCACAAACATCCCGTTGCGGAGCGGCTTAATCATGCTAGGTATTTTTTGTTAGGGTCAAACTAGTCGCGCGGACGCTGCAGAAGGCGTGGCATTCATACAGTAGTATGAATGATGTGGCCTCCAATGTAAATTTGGAGATAGAAACTCTTCGTAATGCAGGCCTCCGCTGCTCTTCTAGTTGAGAGGGGAAATTAGCGCTTAAGCCCATATCTTTTATCTAATACTCTGTATCGACCCTTCGTATCAGTAAGCCGCTATCACAAAAACAGTGAGTTAAACGTGCATAAAAAATCTCACCACATCATATGCCTTCCGTGTGCTCGTTAGAACTGGATTACTTATCAATCACTAA,370,42.97,Mus musculus
SEQ_907860,GTTGCTCGCGGTTGTACTGGCTGAGCTGTCTCGGCGGTGAGAGGTTGCACAGCCTAGTAATGGGGGGACCAATTGCCAGCAGCCGGACACTAAGTGTAGGGGGACACAGCGTTGCAAGCACTTAGTAGCCTTGCCCGCGCCCTAGTAACGAGTTTGCCCGCTTGTGGACAGCCGCGACTGGCTCGTATCCACTCAATTTACTCGTCCAAAAAGACAGCGGGGTTTTGAAATCCAAAACAAGAAGACGCGGGGTGAGCTTCCTTTAGAATGGGTCCCGCTCCCGACTGAAGCTTCGCATCAGTCTCCCGCCCGTCTTGTTAGGCTATTAGAACTAACGCACCGTCGCCCCGTGCGCTACAGCAGTCTAGTGGAGACAGGTAATTCGCGCTATAGATGCGGACTCAGGATCATTCACAGAATCTTCTCGCATCAAAACCTAAGCCGGTGTAGTAGATGGGAGTGGAACCATACGCCACTACCCCGCCGATACCCCGAACATGACAATGAAAACCCCTCCAGGTGACTCAAAGCGGGAGACCTCAACGAAACGATGCGTACATTGAGCAGAGATTCTCATCAGTGGTGGGGCAGTTATAAATATCATACTGGAATATAAAACCGTACTTGCTTGGTTTACTACCTCGAGGTTCTTTAATCTCAAAAGATTTGCAACCGAAACCGGTGCGCAGACGGAGCACTAATGATCCAGAATCCGACCCGGAGCGAGAGAGAAGTGACCGATCCCTGGGCTCACTTTGAATATTAACTCGAAGTGGCTGTGTGCGTCCAGGGAATCTATGCGCAACCGCAACTGTTCATGGCGAGTGTCGATCCTGCGTTCGTCTTTTTTCGCAGTGTCCACGCGCTTTGGCTCGAGCCGTCCAATTTTCAGCCAGGTTGCGACCCATCGCAAACGTACTAATATGTAGGTCCGGGGTGGTCGCGTTATTCGATGTACGTATCCTCGTGATCCCTTTTTCGGAGCAATCCATCTATCCGTATTGTGTGGTTATTCAGCGCAAAGCCAATGCGCCGCAGTGCGCCCGGCGAGGACAATTGAGCAGAACATGTGGTAGATCAATATTTTCCTTGTCCCCGCTGCCACGGGAACCGATTACGATTTTCACACAAAGTTTCTGGGTTCAAGTTGGGGACGCCAGTTCATCAAAGTCTCCAAGTCGTAGGCAGCATGTAACCCTCCGATTACTTCCCGCTTTAAGTGTAGTATCGGTGTGACGATTGATAAGATCGCGCGCCCATGTAGACCGACAGACCCCAGAATCGGTCCACGGCATC,1296,52.24,Drosophila melanogaster
SEQ_934801,CGAAGATATCAGATACCCGCGTTTGGCCAGCATTCAGTGAATTAGCAAGCACGAGGCTTATAGAAAGACCAATCGTGGAAGCGCTAAAGGCAGTTGCGGTTCGATGGTTAAGAAAACAACCGACGGCGAGTCCTCGTGCATCTACCTTCCTATACGACCCTCCTGGTCGTCATAACAGTTCACGTCGCCTGCGAATTGGAGAGGCAGTCGCCTCTAACGCTGCATGTCCTTTAGGTAGTGGCCGAAAATCAAAATCCTATGTGTTGTTGTGTAAAGAGACGACCCTGGCTGACCAGCGCAACCGCTGGCTTGCGCCGTTGCGATGCAGCCAACCACAGATGATTTAATCGGTCACTAGTTGCTACAGCCGAGTGGAGATATTTAGGAGCAGTACACGAAGGGGTTTGCGATCAGGCGAATTCCAGTAAGGACCGGCAGTGATTATTTCCGTTGCCATGCCTATCCACTCGACCTGTTCACATCAGGAAGGGGCCTCAGTCGCAGTAATTCTGGAGCTGACCGAGCCACAACCAGATGACCGAAAATTTTCGCATTTTTAGCTCCTCCTTACACCTCATACCGCCACTGAAGTCCACGGCAGGGTTTGTGACGCAACTGGATTCCGGCCTTGTACTAGCGACTAAATCTTAGCCGCTTGCACATCCTGTAAGCTATATATAGGATTTGTCGCTTCGCCGTCCTTTCTAGACCGTGAACATCAAGTCATGTTGGGCATCGATAATAATGCCGCCAACGCTATTGCAGATTATAGTTGTACGCTTACAAAATCGTATGCGAAACGTCTTCTTGGTTTTCCATTACGGAGAGTACACTAACCCTTCAAACCTAATAGTTTCGCCTATCGTTCCGTGTAGCACAACAACATTTAGTCTGGCTCCTATAATTTATCTCGCACTTCAGCTGATCTGGTCGAGGCGTTAACCTGTGACCAGTGAGGGATAGGACTCGACCGAGAATCACTCGACGGAGGCAGCGAGACCGAGCCGTATTATACCCGAGTTCTACGATCTGCACACCGGGGTCGGTACCTTCGAGAATAGATGCACCCTTAAAGTGATCTCGTAAATCAGGTCTCGCGAGAGAGTTCCGTTGCCGCTCCATTGAACAATGGACATCATGCGGTTTGAGCAAAGGCCCTAAGACATGAGTCGCCCCGGAATGCTCTTGAGATACCTATCAGCCCAACACGACCGAGCGCCGAGCTGACCGTGACGGTGAATGGCGGGAGTTAGGTAATTTCTTAGAGTTACTGCCCGTGGTTGAAATTTA,1290,50.0,Arabidopsis thaliana
SEQ_764779,CAGTAGGGTGTGCATATCAAAAATGCAGGCTCCTTGTGACGGCTCGAGAATACCTGGCAGAATTGCAAAGTTTTGGGGATGGCTACAGAGATAATAGTAGTCTATTATGGATTCAAATCCGTCACAAGTTTTCCGTTATCGATAGCGTGTCCGAGAAAATTACCCTTTCTGGGATCACTCATTGCCGTCGGCGGCTTAGTACAGAGTGACTACATTGGCTCTTAGTGATGGCACTAGTTAAAGCACGCTTCGGCATCCGCTTACGGCGCTGCAAAACAATTGAAGAGTCCAGTATACTGCGGTAAAAATACAACACTGCAGTCAAGACTGAAGGTGCGTTCGTTATCGTCATGCGAAAAAGCAGGAACCCGTTTCTTAATGACAGTCGTGCTAAGTTCGAACGAGGGCGATCCGGGATAGGTCATCACAAAGATTTCAAAAAGTTAACTACCGCCTATCTCGGAGACGCCGGTACTCGCCAGAGACTGCAAGCGTGATCGCGCGGACCCATAAGAAGGCGCGAGCCGACGGCTTCCGCTAACCCCGAAGCACAATTGCGTTCATACAATCCGGCTGCTCACTCAACTGGTACGCATCATAACTTAGACCAACCCATGTCACTCAATACACCATTGGCGCACATGACTTTCTGAACCTGCATATACAGCAGCTTAGACGCCCGCATGTTAGAAACTATGCCATAATCCCGTTCCAACACAGGACCTGTGGCGCCCTGACGGACTGAAGAAGTCTCTCCCAGCGTGGCATCGCACCCGGGGCTCTGAATTTGCCTGGACTGATATATCAATACTTACTCAGATCGAAGAAGTATGTGTCGTACTAGGTTTAGATGTTAGGGCTTTTTTACTGTTACTCAACCCGATATGGCATTCCCTCCATCGATGAAGCATAGTTCCAGTGCGCTGCTGTCACGCAGTTATGTCTACGCACCGTTGTCGCGACCATTTACGTCAAAATTGTAGACCATGTCCAGTCTTCCGAGTCACGAATTAGGGGGACGACGAAAGATGTAGAATATGGGAGATGGAAGGTTCATTCGGCCATCACAACCAGAGAAGCGTAGACAGAGGAAGTATTGGTGTTTGGGGTTCAGGCGTGTGCTGGTACCTTATGCATAATTTCTGCAGGTGATGTGGCGTAGACCGACCACACGAAATCGGAATCATGTCTAAGCTTCGTCTAAGGCGTTCATTAAAGTGAGCTGCGAGGTAAGAATCGGAACTCCGAGTAGGCTCATTTGCAATTCGAGGGGGCACATCTCAGCGAGTACTGGCAGCTGTTCTCCCTGGAGCCTGTAGATCAATCCGCATTGCTTCTGAGGGGCCGAGAAAGCAGCAGGGTACCTTTGTGGAAGCGGTTTGCGGGACATGGTCACTGGTGTCTGTGCAGCGCTGGCCACGCAGGGGCCATCACTGCTCTGCTTCCATCTCACTGTCCACTTTAATACACCTCTCTCTTATTCGCCTGTCGTGTTCCTGCATGCAGAACCGTACAGCTAACCCACGCAGCGCGCCGCGCGCGGCCACCGCGTTCCCGAGTTTGTGCGCCCATTGTGAGGTGTGATTAGACCTCGAATGTTGCCTTGGGAATGAAACGCATGGGCTCATGGCATGTCTAGAGATTTCCTATGTACCGCGGTTCCGAGCGAGCTGAGTGTTCCCCCACATGTTTAAAGGGGGAATGCCGAGTTAGAAGACGTTGAGGTAGAGCGAAGCGTTTGTCGTTTGAGTATAGGACATTCATCCGCCAGTCCATAAGCCGCAAGGGCTAATAGGAGGGTC,1802,50.72,Drosophila melanogaster
SEQ_336237,ACCGACAAGCCGATTCGTTCTCTTTGACGGCGAAAGAACATCTGTAGTTGTACGTCGGCTTTTGCCACACGCGATCT,77,50.65,Homo sapiens
SEQ_430961,GAAGTGAAAGTCAACCAGAGCTGTTAAACTACTTAGACACAGTGCAAAAATTCGTGGGATAAGCTATTTTGCGTAAGACCGTAATACTTAGGCCTTTCCTGGAC,104,41.35,Arabidopsis thaliana
SEQ_189712,GCGCGAGCTCGTCGATTTTAGCCGTAGGCCTTAGTCCCTGCCCATCCGGATCTCACTGTGCACGTAATCTCTCACTCATAGGGCCAACTTAAAATCGTACGGCGAGCACGGCTGTCCAGCCAGTAAGGTACTGATACGAGTACTAGCGACCCATATTACGAGACCCCCTGGTCGCTTTAGTTCACCGAGCGTTATACGGACGCCCGGATGTCGTCTACTGTGCGATGGAGCTGCCGCTCTCACTAGACAGAGGTGCACAGCGGTCCGTGCTAAAGCGTTTAATCGCCGTGTTATTCTTAATTATTAACAGGAACCATATCTATTGGAATTCCCGCGACTTACTAGCGGCAGCGGTTAGCTAGAAAAGAACATGATGCAGTACTGATC,387,51.68,Caenorhabditis elegans
SEQ_291854,GGTGGGTGACTACGATGTAAATGTGGAGAGCCGGTTGCGGGTATTCGACTGTCTTCGTTATATGTAGACCACTTCCCATTTAGCGATGAGAGTGCGGCGAAATAGCTCACCCGCAGAGAGCGAAGATAACCTGAAAAT,138,49.28,Homo sapiens
SEQ_930439,CTTAATGAACGCTGTGCGAGTCTATTTCATGGCTCCAGGCATGGGAGTTCGTCCAGTGTCCTCGCCTCATGACTTCGCATCCGGGGCTTTCCTTGACGCCGGGTCACCATTGCTGGCATTTCGAGGGACAAGCGGGACAACATTTCAGGCAGCATGTTAGAATCGCCGGAGGGAGGTCTGCCAAGGGAGCGCGTTCAAGGTGCGTATCGCGATTGCGCCGACGTGCTTCGAGGTCACCCACGCGACGTGACCTCCTGAGTGTACGGGAAGGTGAAGGGAAAAGACGCAGAGTCGGGATTTTGGGATGCATGGACATTCGTAGACATCATAATAGGCCAGAATCCTACTTTAAAAGATACAGGGCTAACGCGAACATGTCGCAACGTCAGTTATGACGTTTCGCTGAAACCGCTTCACTAAAAACTTCTGACTCGTGCACCGAGGACTCACCGCGATACATGCTTTTTAATGATTCCGGGCCGTTGATGCTTTCTGTCTTCACATAACTCGCGCTTATCTGGTAACTGTACCAGTCTTACGGAACAAGCTTGCTGTATGCTGCGAAAATAACCAGGATCGGGCTTAGATACCTGTAGTTTAGCGTGGCCCCCCACGGGAGACCAATTATACCACCCAGACCATATGGGGAGGTTGAGCGAGTGTCGGTAAGAAGAATATGCAGTCGTACGATCCTGATAATCACCTGTGAAGTAAGCTGTACTAATGGTAAAATTCAACAGTATCTATCTAACGCCTTACATTAACGTTCTCGACGTATTTCTTATCACAATATCGGATGCCGGCGAGCCCTCTCAAGTGGTGAAGGGGCGGTAAGACGCATTCGCGGCCGGATGGAATTCCTTCTAAATAAGTGGAAGCACACCTGGGACAACCACTCGAATCGGCTTATAACCCGGCGTTAGACGTAGAGAGACTACGTCCGCTCGAGGACTTTCTGCAACCAACTTACGGATGTCCACCCTTAACATTACCTGGTCGGCGTCAACGGAGATGTTGCTGTTTGACTACCGCATCTCGTCGATTTTTCACATGACCGTACAACATCAAGTGGATATCAACTAACAGTATGGGTCGTTGGGTGAGCATGTGCGGATCACTGAGCGTGCTCGTCACGTCATCAGACTTTATGGTCGACCGAGTAGCTAGACACCTTGTACCTTGCAGGGTGGAGTCAATGCCCGTGTCCAGTCCCAGTTGTGCCTCGGCGAACTAGCAGCAGGGCGCTGTGTAGTTGCTATTACCATGGGTTTATAGTCGTCCCACATGTCCGTTGCTCCCTAGCTGCAGAGCAGACGCTGATCATCCGAGCCCCTGTTTCTCTTGTCTAGTATTTACATGGCAAGTCGAAGAACGAGGACTTGGTAACAAGCTGGGAGTTTGAACTACGGAAACTTAGGGCTCGGTGAGAAGGGTATGGGACCTGTCTGGGTATTCCCCCCCTGAGACATATACCTCGCAGATCCGCAGGCTGGTTGGACCGTCTATGCACTGCACTCGCCGCAGGTTTGGTTTTAGGGTAAATAATTATGGTGTGTGGGTGACGGATACAAGATGGGGCGGCCTTGCTCGGCGTGATAGTGCGATATAGATGTAAGGGACATGGGAATACGGGCCCTCTCTCCCTGCCTCCGCTCTTTCCAAGGCTGCTGTTCTTCTGTGATTCATGTAAAGGCCCGGAGCATAGTGGCCAGCTTTTGTTGCTGGGTGAGGATTTAGGGCGGATGTAAGTAGCACGAGCGTAAGTTCCATAGACTCGTGGTATAGCATGTCTTTAGTCCGGAGCGCCAGGCCCCATCTGAAGTTCCTTCCCCTTGTCTACTTTAGGCTACGACCAGTTTGTTGGCAGGGGCTTGAAGCGGCGTGGTCGATACGAATGGATATTCGCGGATGTTCGTGCCGTTAACTAGGGCCGCAGCAGAGGGGAAATATTTTCTATAG,1959,51.56,Homo sapiens
SEQ_148462,GTTGTATTAGTCACCGTACAACCGGCGAACGTCTATGAGTGGCTTAATCGTCTATCCTGTCCTCAGAAATGCTCGAACAAATTTATGACCCTATTGTCATTCAGGAAGTCGATCCGTGTCATACAGGACACGGCTAGCTATGCCGTGCAACCAAACTGATGAGCTGACCATGTCCGCAGTAGAGAGTCATGGGTGGGACGAGCGTGCACCTGCTAAAATGACATGCAGGCTAACTAGTATTGAGTCCATGAATTGGCTGTCGTTGTTATCGCAGGGCTAAAGCGAAATCAATTGCATTAATTCCTGCGGTTCGCCCGGGTCCGACTGCGGCGGCATGTCCCTGATAGGTTTTGATGTCTCCTTAGGCCAGTATGCCAGGCAGGAACAGGGAAGGATCTTGCTCATTGGATTTATCCATGCGCCTTTACGGAACTGTTTATGGGAAACTTTCAACGTAATCGACGTAGCGACGCTGTTCTCGTATGAGTCTAGAGCCTCGTAGGGGTAACTTGGTAATCCAGGGCCCTTAACACTTTTAAGCGGTCTTTTTTCCGTCGAATTTCCACGATGAACTATTACATGGGCAATGGAATGTAGTGCCCTGGACTGGAGTCCTCGAATTTAAATCGGCTCTCCAAATGTCATGAGGTCCACTAAAGAGGCATATTAGCAGCTGGGAATCCTTATCAACACACGGCTAGGGCGAATGTTAACAGGACTATTTCGGCCGACTCAAATAGAGCTAGAGTGCCGAACATTCAATGCCTGCAACCCAGAGGAGTAAGTCAACTTGTGACTGTGCAAGACGTCAATTTTTTGTGACGTTCGGGGTAACTAGGTGTAGTCTTCTGTCGCCTATGGATCTCTAGACCCTATTGAAGCGACGACGGTCAACCATACTTACGGTCATTAGCGACCTGTTGATATCAATACGTTACATAGCTGTCTAGAACAGCAGACGATTCACGGTCCTGCAATTAACGCTCTCGATGAAGAGGCCTATGGGGGTGTACAGTACATTTTTGGGCGCCGATTTATTCGCTCTAGCGCACACCATAATGCTCTTCATGGATATTCTGAGTAGGGGCCTAAACAATGGGGCTGTTACTGCTGGTAGACCTTAGGGAGTCACCGTAACCGAACGTACGTGCGTGCCGATCTACTTAATACCTACGGACGTATATTTGCGAATACCCGGCGACCGAACTTGTGCCTGGTGTCAGACGGTTTAGTATACCCCAAAAGTCGTCCCCGTTTAGCGAAAAGGGAAATTATGTGAATACGCGATGGTCGTTCGTACTATTGTGAAACCACTACACTCCGGGGTAGATAGGTTCTTTTGCAGTGTGAGGAAGTTAGTAAAAGACCCAGATAGCAACCCGTGTGCCTACACCGCTTACCTCGGTCTGCGTCAGGAAAAGATTGCCCAACTGCCACAGTTCTGTAGTACGTGATCTGCACTTCTAGGCTCCGAATGGCCTATTACGTATGCAATGAGAATACGTACGACCCATGGAGTCAGGACGGGCCCTCATCCCCCACTACCAATCCAAGATTCGATAGCAAATAGGGCCGTGCTATTTCATCAAATAGGATTTGCATCGTAGTCATACAGCAGCTAATTTACTCTGGACTGGCAGACAACGAAGTAGTGACAACAATCCCTCCGAGCCAAGGTTGGGGCCCTTCAAAATTCGACACTTGCCCGCAGCTTCGTTTTTCGCCTCAGTTGATCACACTGCGTCGGTTCGGCTTACACGTAGGGGTGGATAATGCCTCGACTAATTCACACAGGCAAATTGTGAAACCGTACTAAGCATGTACTCGCGACCTGAAGAACCATTACCGGCTATGGCTCGGAGCTTACCGTTTCTTAGTTGCC,1882,48.51,Saccharomyces cerevisiae
SEQ_887733,CGGGGCTTCCGAACATAGTCGTTATTCTGATAAAGGAGGAAACCTACCATTGTAAGGCCCTCAGGCCAGGCGTAAACGAGCAAAGCGGTTATAAGCTGATACACCAGTTACTCTGTCCACTTCACTGGCAGGGTGGTTTATAGTTAAGGGATCGAAACGGGAATCTATACGCACTGTCCATAACCGGGTGGGGGGCAAACATAACATTCATAACGTCGATGGAATTGTTAGTGCCCCAATTGAGATCGGCCAACGAGAGTACCCTTCCGTGCTCATTGTCGCTCGGTCCTACGAGTCTCCATCATACTTTGTTTGTTCTCAACTGTGGGACGACGTATAACTAAGCGCTGAACACTCCTAACCCGCAGAACCTAATTCCCCAGGAGGAGAGGGCTGGGGGATTCCAGGTAGTCGAGGGCCCTGAGACTAGCCCCCCCCGTCGCGGCGACTGATTCGTGCGAACAGCGTAAGTGTGAGACAAGGTTCGTCGCACATTCCTCTTAGTAGGATTCTGATGAGAACGCGAATGACGATTCTATGAACTCGCCAGGAATGTTAGAAAGGGGGCGCCTTGGTCGTAACCATAATCATAAATCGCAAGCATTACGTACTCATATCCAAGGAGGTAATCACCCCAATTGCAC,644,50.47,Homo sapiens
SEQ_849043,AAGTCCTGAAATTGCATTATTATAGATAATTGGATCGTTTTGTTCTAGCGCAGAGACCGTGGCACTCGATAAGTCATATCCACGGACCCACAATGTAAAGATCAACGTAGGCTTCGCGAGGACCACAACGGACATTCTGGCGTATCACTGCGTGTCACCGTAGTCTAAGCATTATGAACTTCGATAATGCGGTCCTAGATTCTAGACCTACACCTGTCACGGTTCACCCGGCATATACTCACGCCGAGTTTGTATTAAGGTTCCTAGTCTGGATAAGGAGGGCCACATACCTCGGCTCACACGGACGCACACCTATGCTTAGAGACCATGACCATAAAATGACATAAAAAGGAAAGTGACTCATGTCTCAGATAACCAAACGCGAGTCACCGCGAGAATCTCCCGTCACGAACTACTTTAAGCTCATGCCACAGACCCAACAGGTGACGGATGACTATTCAGCGCTCATGACGAGACCGCGACTCACATGCAAGGCGATGAGGATCGCTATCACCGAGAGTAAAAAGACTAGTACTTCATGGACATTCTTCCGTGGCATAATGTTGACTAAAGGGAAACCAGGGTTAGGAAGCAACAGATTGTTGTTAATCTCATATTTATATCAGTTTACCAGATTTCTGGTTGCAAGTAAAGGATATCATCGCGGCCGTGCGGCCCGGACTAACCGGCCTGACTTAGAACCTTACGACTGCCAAGGAACTACCCGCCAACGCGCGCGATTGAGACCAATTCATGGAAGATGTACCTAAGCGAGGGGTCTATTGTATGGAATCCTACCAGTAAGAACCACGTAGCAAGGAAATGCCAGTAGGTGATGGTACCCATTGACCAAAGTTTACTACCTAAAAAACGATAAATCTACAAGCGGCGGACGTGTTCTGGAATCGACGTCCATAACGGCGATGAATCATACGATACACACCTCTTGTCCTACGGAGTAATGCAATTTGAAATGCTGTGCACGTAAACCGGACGTCATACGCCGCGGCATGCTTGCGTAGCCATTATCTCAGCTGCAGCTTCGTTGGGTATCACCTGGACCTGTCATTTATCAACGTTCTCTTATAGTAGTATGACTACCTTTACGGTCCTCGAGAATGGCAATTTGGCGATCATTTTGTGACGCATCAACCCCAGTTACTGTGTTTGTGGTGTATTCTTAGTCTTCTCCGAGGTTAACTTGCAGCTTTATGGTTTTCGTTGCTTGGAGTTTGCGCCCGATCTAAAGCTGCCGCCATCCGTCGACTGAGCAGTCCTAAATTAATAGCCACCGCGGGTACATTGGTCGGCAAACACACTCGTACGTAAGCATGGTGTTCGTGCAGAGCGTAACTACTGTCAGTTGGATTACGTATCGACAGGTCCCCACTGTCTGTTATAGTCTCTCCTGCTGAAGTACGCCTAAACTCG,1431,47.52,Drosophila melanogaster
SEQ_634316,GGATTATCACGTTCAGCACATGATCGACTTACTGGGAGGTCTCGCCAGTCGAACCTGCCTGCCCGGAAGGCGTTACGGCCTCTTCTCTCGCCTCTGTATCCCACCAACCCACTATCGGACGATCTCCCCCTGATTTCAATCCGGCGTTAATTTCACAATTAATCACGCGAGAGTAAATACTGGATGTCATCTCAGGAAAAGCGTTCGAGGCGCGATAGTAGAGTGTTGTAAGAAACAACGTCCTTTCCCACCAACTGGACATGGTGGGCCTACACACTTTGGTCGAAGTCTGTTATACTAATATTATTTCTAAGGCGTGGTCATTGTTTATCTACTGAAAGACGGCTAACACCTCGATGGGCTAATGTAGATCACGTTATTAACATATATGGCATCGTTACACGTGGCTCATCGACTTACGTTTGCGATCAGGTTGAGCAAACCACTTTAACACTTCGTAAAGCGCCTAAATCGGTCTATAAGCAGGTTTGCAAACAATCTCGCAGGTTATTTCGCCCACCTGAAGTTCTAGGCTGAAACCACCGTATCCTAAACGGTTTATCATGAAGGAAAAACCTAAATGCGGGAGTACCAGTAGATCTACAGAGCCTTATAAAGCGGGTACTGAGGTCAAGGGTGTTATGTTGCTGGCTTTCGTTGTACGCCCTCATGCAAGGCGCTCCCTACCCTGAAACGGCAACTATACCTGATCATCAAGATTTTGCCCAGAGTCAAATCCTTGGGAAGTAGTGTATTCCTCAGCCGTACGAATTCAGACCTGTCATCTCCAGTCCGAGGGCGCCTTCTTATGGCGTCAGAATAGGAGTCTTTGTCTAGGCTACCTTGTCCTACGTGGTCTCCCGCGAAGCGCCATCGATGTATCTTAACCGCGTCGTCAATTAGACCACTTATCGGTCTCGAATGGTATTTACCAGGCCAGTAGCACCTTGATAGGAATAACTTTGAACATGTACCCTTTTCAGTTGGACTTAGTCACGGTCTTAATGTCATTGCAACGATGCCTATCTTTAAGTTTTCATTGGAATGGCCACTTCAACTTCAAGCCGATCAGGTGACGCATGACCGACTAGCAACTATTCTTACGCACTCATATGTTCCTACTAGGGTGTGACGATTCTAGACCAGGTGTTGCACAGGGTCAGTCCGTGACTCAGTTCGGCGGGGTTTCAAGCCGTCTGAGTTGTACCCGAGCGATGACTATAACCCGAACAATGGTATTATAACGTTTTCGGCCCTAATCTACGGAAGCTAATTGCGAGTAATAAGGAAGCTGTGCGTCTCAAATCAACTCAGCGTTCCTAAGAGAGTCCTT,1333,47.19,Saccharomyces cerevisiae
SEQ_584064,CTCGCGACGTTGCCACTAATACGACTCCGTCTACCCCAACAGTCTACTATGAAACGTTTAACCTCGCCGTGGAGAGGAAGAGTCCCTACTTGCATAGCACTTCGTATCAAAGAGATGGGCAAGTCATGCGTGACGGGCGTTCGCGTCCCCACTAGTGGAACGGTCAGGTTTACGGCTTAGGAATCGACGTACGTCATTAGATTACCGGGCACCACATGTCGGGTTTCATGATTGGTGATAAATTCAGGGCCAACAATACTAGTGAGGGCCTAGAAACAGTCAAATGGATTCCCCAAGAGTTGACCGCCCGAAGCTAACAGGCTGGATGAGAACGAAATTCGATCGAACTTGTAAGGTAGCAGACGAAAAGGGAATGATTGCCCCCAATACGACTACAACATGTCTGAGGATATTTCCATCTGCCGAAATGGTCCCTCTCTTTTTTGGAACTCTTTTATCTTGCAATTAGCGTCACCCCCGCTTGAAAACACAGGCAAACGTTTCGATATTAACAACAGATCCTGGCTGTTGGCTTAGCTATAACGTATAAGAACGTAGGTGATAGCATAAGACAATAATGAACGCCGATGCGAGCTGTAGCAATAGACAGTAACCCCTGAGACCGAGGCATGTGGGCTAGAGGTGCGTCGAAGCTAGCTTTCGGTTCGAAGTTGGTAAGTTGCCCCAGCTAACGAGTTTTTCTAACGACCCCAACG,716,48.32,Arabidopsis thaliana
SEQ_631285,GATCACTAACTGCCTACCGTCGTGACGGCAACTGCTAGATAACCAGTATCTCTATGTCTCACTACTACGGCGTACTAAGTTCCGTGTTCTCATATACAGAATGCTTGGGATGGATTAATGGCGTTTGCCAAAGGAGTTGCTACTTCCCAGATGCGCAAGTCAACATATATGAATGCGCCGGTACTCTCACCGGTAGGTTCATCTTCGCAGAGACAACGGTCAAAATATAAGTGTTTTTCATTGCCTGGGAGTGCAATCAGCCCGCACTTTATGCTGCCTCGTAACGCCCCTTGTAAAAAGACGTGCGGAAAACCATTCATCCG,323,47.37,Caenorhabditis elegans
SEQ_103960,GGACACGCGGCATGTTCTCTTGCCGGCACGCAGCCCTCATTTAGGACTTTACTCCTCTTGACCATGGCCCGACGAGATAGTTAGGAACACTGCCTACAAGAGTCGTGAAGAGCTTGGAGGTATCACGTTGTAATCGCTACTTTGGTCTTCTGTTAGCTGCGCCGCTATTAATACTCGGAGGACAACGGCAGCATGCGTCGGTCGGGTGTTAGGGGATGAAACGTCTGTCATGCCTAATTGAACAACTTCCGTATGGTCCGCGCTCAGCGGCCAGACCTAGTCTATTGTCCCCTAAGTCCTCAGAATTCCGGGCAGTTCCCTACGCCAAAGGGGCTCAAGATTGGCTGGAAAAGATACGTATACGGGTCGTCAAAACTCTGCTTTGCGTCAAGGAGTTCCATGGTACGCCCTTCCGGAGTGGCGTGGCAGATTTCGAGCTAATGAACCTTACCGGGTTAATGATGAACATCATACTGGACACGCACGATAGCTGCATTGAGGCAAAGGAGACTTTCTTTCAAGACGGTCCTCATACGATAACCTGACCGACTTTAGTTTACCCTGGACTCGTCGCC,575,51.83,Saccharomyces cerevisiae
SEQ_327953,TTCGTACTCCGCATCGTTAGGTGAGTTCGACACTTAGCGCCAGCGTAGGCCAAGAGTATCTGAAAAGCGGCGACCTCCGCCGGCCATGTCTCAAATCATTACTCGGATAGGGTCAGAGACCCTCATATTGGTGCTTAAGATGTGAGTAACAGGTTCTGTGTTTTTGGGTCACTCCAAGTGCCTCTGACCTAGACATCGAAATAGGGGTGCGCTGTGCTCGCTGCTCGGGAAATTCATCCACGGATTTCATCCTTGATTGAACACTAGTTACGCCCCGGTTGCCCACTCGGCATGAAAAACGTGTGCAGAGACTCATCGTGCCCAGCATAGTGAATTGTAGAGACTATTCCGATAGTTACAAGTCTCGCCTTACTTTCGTCACATAGCGGTTTTATGCTAGTAGAAAGAATGCATCGGATCGGATTGGGGCCATCCGTACGTAGTCTATGCTGTCTGGTGGTCGTTGAGTTGCAGAAGGTGACGATGCACCCTCTGCCGCGTAGCAGAGAAGAGTCAGCTGTGTTGGTGTGACAGTTTTGGAGGGCAACCGACCTTTGTACGTTCACCGTCCATAGTAAGAAAAATTGCCCTTGGGAGACTATCCGGGTCGCCAGGTCAGCTATGCCATGTCACCCCGGCACAAGTCGCGAATGCACAGGTGGGTCGGGCTTGGCCCGTCTGGACCGGCGGCAACAGGACCTAATGCTATAAGCGTGATCTGGAGTTCCCGACCCGTATGTACATGTGTGATTCGCTATATACCCGTAGTTCTATCTCACTCGAGCATAGGAAGCCTGGAGCTCCTGGCCCAGAGTTTCGGATCGCAGACGCTCCAACCCTGTGTTCCATCCGGGTGCAATGACCCATTGAACCGAACTTGCCTTAAACTAAGAAAGAGGTTGGAATCTGTCGCTCGCTTCGGTGCGTCTTTACCCACTCTCGGATGATACGTTAACGCGTTATCATGAGACTAGATATGGGGATCAAGCTGGGAAGCATAGAGAGTATTCTGTGTTGCATGTCGCCACCACATCAACATGTATTTCCTGGGCGGAACTCAGTCAAATTGATCGGGTCCGATACCTAGTAACAAAGGATACGTGTAGATACTGGGAATTCAGACAAACTTAATCGCAGTGTCGGGCGCAAAAGTACTAACAAACCTATTACGGCTTAACGGGAATATTAAACTAGCCCTTCCGCTGTATACCACCTGTCTAGAGGCTCGCTGTACCCCCTGGATATTAGGAGTTACTATACACCAGCGGAGTTGCCCGTATGAAAGACAAAGACCAACTGTCTAGCAGGATTCAATAAGCGGCACGCGAGGTGCTTATCGGTTGCCGTGAACCCCCCTGTACTTTCTAGTTTAACCCCCGGGACATTGTCAACTTAAACTATGAATTTCGTTGAGCCGTCATTGGACAGGCGCGGTGCTCAGTGATTTCATGTCCAGGATGATGCAATCTCAACAGCGTATAAAATGTGGGGTGACACACACAAGGTCATCTCTGCAGCTATTCTAGCCGCTACCCTGTTCGGGCAAAGGTGACATCCGCGCCCCAGATTATCAATACTTAATACAGTCTCGTTCGTAATCAGGCGGTCGGCATGGATGCGAGATTTAACGATGCGGATTGTGACAGGATGAACACACGGTATTAAGCAGACACTTCCTCACTACTATATGCGGTATTTTATATCGTGCAGTTCATCCGGGGGCGTAAAGCTGACCCCGACGGTGTGTACCGCGTATTCGAAAATTCTAACCCCGCTGGAGCCGAAAGCTTTGTCGAGAATCACTCCTCGATCCCGCAAGAACACTTTGAGAATGATCAATCAACCATACGTGATTGTAGGACCATGCTTTACTATCGTGGTGGAGTACGTCTGAACTATAATAGATTTAACAGACATGATCTGGGCGCTAAAACTTCCACTGCCGTAGGCGCGACTCAGCCTTCAAC,1967,49.82,Mus musculus
SEQ_735227,TAAACTAAATGATTCAGGTTTATGCTCAGGAAAGCTCCTGGTGTGCTAGGGCGCGTATCTTGTCTATAGAACCTATATCGCTGCGGTTGCTCACCAACCACTGCCGGTCTCTAACAACCCGGGAGGTAGCCGTTGTGGGTCATAAGTGTTTCCTGCTTCACTGGAAAGCGTGAGAGGCTAACTAACCACGAAACGGGTACCCTGCCGAGGGCTCTAGTATCGCAACCCGATGGGTCGTATATAAGAAGGGTAGTTTGAGATCTGCCGTAGCGAACGTAACCATCAACATGCGTACTTGGCGACTTGCTCATCATCGTCGCGATGTGTCGATTAAATCCCAACCACAAATAGTAGCGGCCCAAAGAAAGATCACTAATCGCCAATTTGCTGATGAAAAAGCACTCACTCAGGTTGGTTTCGGGGACAAAGCTTAGGGGAGATGGAATGCGCCACTTAGTTGGATACGATATTCCGCTTCGCATAAACAAGATCGTCGATCTTTTAGAGT,508,48.43,Homo sapiens
SEQ_391335,ATATGGATCCGAGACCGCAAACCACGGTTCAGTCACGGCGAGAAAAGGCGTTTATAGTATCAAAAATCGGAGTGCGTTCCAAATACGTCAAGAGTGTCGGCCGCTTATGCCGAGCCCGATTTAGTTACCCGGTATCTGGACTCTACAAAGTCATTTGGCCATGTTAAGCCAGCGTCTGTCCACCAATTCGCGGTCATGACGACTCTACGCGGCGGACCCAGTTGTGGTTCAGTCCGCGTATAGGTACGTACTTACAGTCATCCAATCCGCCGCACAGCTTCCTATATAGGATTATTGACGCAACTCAAATTATTCAGACGTACTTCGTGAAACGGCGCGTTAAACAAACTGGTTGCAAGTAGGACTGGGGTTATTGTTACGAAGTCAAAGGAGGGGTCTGACAAGATTCTTTCCAGGATAATGGTTTTAACTTCTGAAGGTCTTTCTATGTTTCCAATCTTTTAAACTTACCAACCCGTCTGACATCATCTATCGTGGCCACAACTCCACGCCCGTCTTTTGCCGTGCAGACCTACTGGGGCACTATGTTGAGAGAGCGTAATCTCCGGACTCCTAGGAGTATATCTGTGGGTGCATCTAAGAGAGTCTCTCCCTGTCCACTGTAACCCTTGCCGAAGTAAACAGCATACCTTGCCGGTGCACCAGGCGTCCGGTTTACAGCCGCGGCCCCTGCATCCGTGTAGAGCGGTCCGCCTATAACCGTGGGCATATTCAGGTGGATGTAGCAGACCGTTATGGCGTTACCGTACGTACTTTCAGCAGACAACACTTTATCCGTACAACAACTCTTGCTCAGCTCGTCAACGAGGAAAGCCAAGACATGTGGGGTGGGCCAGTTGTCCGGCGGTTTTCCATACGGGCTAAAGCCAACGCTAGAAATCACGTCTGGCGGCCAGGCCTGATCGCTTTTTACGTACTGTACGCTCTTTCGCAATACTCTTGGTCGGCCATGGAGCGGTTCCCTAGATGTCCATCTAGTGGGCACACAGATCACTTCCGCCTATGACTACAGCACCAGGTAAGCATAACCCGTGTGCAGCAACCAACTTACTTCTCTTCAGTAGGGGTGGCCGGTGGCCACTTCTGCTCCATGTACCTAACCAAGATCGCCGATTTCCTACCAGTCCATATCACCACCGGGTGGGCGAACAGATCCACGTCTTCAGACAACAGATTTAGTTACATTACGCAGCGACCAGACGCCATGAAGATACCCATATTTCGCTCATTCCTTTGCGTTCAGGGACACGCATTAAGTGGTGAGATTGCTGTGTGATTTCGCGAACTGTCTCCAGGCCATCTAACTAAAAACTTTGGTATCTGGACACGCCTACGAACGTTTATCGTCCCAAATGCACCGCGTGACACTGCGTTGCCGAATTCTTTACCGCACAATAATGACAGATCACAGGGAGGAATC,1441,50.45,Homo sapiens
SEQ_907996,CTAACATGCTTACGCGAAGTTACATACGGGGACGATGTGCAAGACAAACCTCGCGGTGCAGAATCTCTGTTCACTTTCAATAGGTCGGGAAATTCCCTTTGAATAAGTGCGGGACGGCCATGGATCAACTGCAACGAACATCGAGTCTTGTAAGGCATCGCCTATCTGTCATTATTTGTCGAGGCCTTCCGTCCTGAGGCCCGAACCGCAGAGTACTAAGAATAGTCGCCGAGCGGAGAGTACACAGGTACACTGGGTAAAATCGCCTAGGAACTTTGATCTAAGCATTAGTTTTGTACAGGACCCCCCTATCGTACCGGCGTCTAATGGGTATATGGCGTGTAATTGGGGCAAAGCATCGATTGTCACATTCTAAAATTTCAAGTGCGTAAGATGCCCACCATTCGATGCGCAGCCTCGACTACACTCACTTAAATCAAATAGGGCTCCTTAGGAGAAACAATCCCGGTCCATTCAATTTTATCGGCACCATCCGAGGTCAACTGCAGAGAAATCTGTGAGTAGTCGTGATCGCAGGACTAGCCCGGGCTGGGCCTATCATCTCTACAGGGGCGTAACGAGCGGTGGTGGCTGCAAATAGAGACACGCAACGACAATACACATCGTCGGTACGAATTGCTCAGGGAAAAACGGAATGCCGAGAGGCGTTCACTGCCTCCGCACAATACGAAAATTGCCCCATAAGCATTACCCCCTTATATCATCCGGCGCCACGTACACGAGCGATCAACCTAGTTAGCAGTACACAAGGATAAGGGTCTTGTCACCGGCAGGCATTCCAGAGTCACAGCCCTGACACACTTGGAAGGAGACGTACGGGTATACGCTTTAAGGAAACAGGCTTAGTTTCGGGCCCGTGGTCATTCAGACTATTCGATCGGGATGTATTAGCAGAGGATTAGCCGCTAACAGCGATCACGAACTGTCATGGATTTACATGGTTCAGGGTCCGTCTTAATCAATGTGACATCGAAGGAGTTTGCATCATCTCTGAAGTCCTTCGTAGGGGCCGGTAGTGCATGAAGACGACACCCACGTTGGCTGTCTGAAATGCGGGTGCTTGCATTACTACCAAGAATCAGCCCACGATATGAGACGTCCAAATCGCCGCGGTCTAGTTGTGCAAGATGCGTCTGCTTATGATTACTGGAGTAGGAGCTACTTCGGCAGAGTAGAGTAAACGACCGCTTATTGAGCGAAAGTAATAATACACCTTTGGGACCGGACCCCAGGTGTTGCCTTAGCCTATGGAGGGGACACGCAGGGCCTGAGCAGTTCCGGTTTCAGGTAGTAACGCGGTTAACGTTCAAAAGATTGAACGGTATAGATAGGGTGTTATACGTCCACTTTGACCGTAAGATGCATTCCAGGCCTGAAGCTCAGGTGGGGACCGCTTCACCCTGACGTCACACCTTACAATCTGGATCATCAACAATTTTCAAAACCGTGGGTAGCTGAGATGAGCCCTTACTTAGACGCCGACGAGATGAAATGCGTTCCGTATGCCCATGATGAATTCTAGTACGCGGTTGAGAGTTAAAAACCCCGTTCACTGAGGGTACGACCTAACGAGGATGCTTAGGTGAACGG,1611,49.91,Caenorhabditis elegans
SEQ_380553,GCTTGTTCCTACCCTAACGAGCGGGATGGATCAGATATTTCTCAATACGTTGGCTTATTCCATAATTGCACTAGCCGTGAAATGGTACGCCCTACTCCCCCACGCTTAATCGTTTTCAATTTGTTCGGTGCGAGAACGGTCACCTCGGCGGAACAATCTAAATATTCCGGGGATTGTTGTGAATATTTGCAGAACACTCTTCGCGTTTTTGGCCTGGTGTCCGGAGAACTATACTGTCGCACGCATAAGAATACTCCGGTCATGCGCTTAATCCCTCGCTCCCGGATACTATCGTAAATTCTATTGCGCCATAACACTTAGAAAGACTTGCTCCCAAAATCCGTCGTCCTCACGAATATATCCTACTGAGCTTAGGCTACGCCACCTTGTTCATCTAGTAGTTAACGATTCTCTGGAAATCCTTGAGCCGTAAGTAGGGGAGTAAGTCTAGGCTCTCAAGCGGGGGCTTTCCTCAGCACCGGGACTACAATAGTGCTTGTCAATACTCAATCCTGCTCAGCTACGAACAAGCTCACCGGATCTAATTATCTGATTCTGGGTTTAAAGAATGGTCTATTTCACGAATCTTACACCAGTGGGCCGGTGGTAATCCCCACGGATTGGCTCGACGTCTGCCCTCTAGCATAGACTAGCTTTAGACTAATTTTTGTAGGTAATATACGTCTAATCTGTCGGTTGTGTCTCCCAGATGAGGAGTGGCTTAGCTGTCCGAACAAATATAAGGGGATGTGACTAGATTGGAACAAACTGAGCCAAAGAAGGGCGCGGCATTGGCGGGGTCGGCTACATTTAATAACTCTCAACCTTCGGCGTCCACACCGTCCCCTGCACCAACGCACGGGAAAGAGAACCAGCCGGGGTATGTATCTTATCTTGAACAA,902,47.78,Homo sapiens
SEQ_596184,CGCGAGGTTCCCCTCAACGTAGGTCTTACCCACACGATTCCCTCGGTAAACCGCAAGAACAAGCGGACCAGGCACTATCAACACATCGCGGGAAGCGACGATATCACTTGACACTGCTGTTGCTCCAGTATAGACGAAATCACTGACCCAAAACTAAGGACCAAACGTTTGTGGCCAGTACACAGAGGGACTAACTTGGGCTGTATCTCACCGACACGAGCGGTTCCGAGCATCTAAAATCCCTTCGACGATGGTTCTGTAACTTGATCGATCAGGAATGTCATCACGACCCACTAGGGTGCGGCATCGTCCCGCATGTCGACGGAGTAAACGTCCAGATTTTCATTGAGTCATATAAATGCATGACCAGCACGTTCCCGATCGTGCAGATGATTAACAATGCTAACGATCGGAGGTGGTCGGTAAACCTAGCATTGTATGTGCACCGGCACTAGGGTAAACTTTGCAAAAGGACCCGGGTTCGTGTACAGTCGCGTCTTAGAGCCCACACAGCGCGGCTCCCCTGCTTAGTTGAAAGCGCACTGACCACCTAGCGCATAATAATGAATGGTTGTTACGGCAGGATCCGCCATCCCAATGAGATGAGTGTAGGAATTTTCGATCACAAGGTCTTACCCGATCTCGTGAAACACAGGATAACTATGTACGAAGCCCAGAATCACGGTGATCAGTACTTAC,699,50.36,Homo sapiens
SEQ_763405,GGATTTTCTTCGCTGCGTTCGTCATACACTGTAACGGGCCCTCCCCGTTTTGGCTAAAGTCACAACCTCGCTTCAGGTCGCCAGAGACACCGTAAGCCTATGCGAGTGAACCGTATGCCTTGGGGACCGTCTGGAGAGTTGACGTCTTGGCCCCCAGCGGTAGCTTCTTGCTCGGACGCATCATGCCTACTGACCCTGCAGCGTTTAGACGCCTCGTGTACGATGAAATAGCAGTCCGGTGGTTTAAAGTGAGGCTCGAGACCTGACCCTGCTGGTTCATTATCGCTCTCGGGTTCAATAGCAAACATAACCACACTGTGCACGTAGTTGCTCCGTAAGCTATAGCAGTTAACTCCTCATGTATTTGATGCATCTTTGAGCCCTATAAGCCTATTTAGCGAGGCCTAATACACCGACGAAGTCGGATGAGCGCACGAACTGTAGCATGGACGTACACAGGAAGAACCTCAGATACGTCATCCACGGATTGGTGGGCCCACTTGAGATTGTAGGGATGTCGGTACAACATCGTATTACTGGAGCTAGTACGTAACTTTACCGCAGGTAAAGTTAACAATACTTGGGTAAACTCGTGTATCGAAGAGACATTTAACGTCAATATACCGGTCGTGCTGGCCGTACTATGAGGACGTTTGCCAATACGCGTTAGGGGCCTTTATCACAGCCTAAGATAAACGAGAAGTTAAGCCGGGTAGGACGCAAGCGATTTTTGTCGTAGTGCCGACGTAACAATGCTTGAATAGAGCGCCCTAGCCCAGTTTGGCATCTAGA,792,50.13,Drosophila melanogaster
SEQ_323489,ACATTGAAGGCCTTCTAAAAGGCATAACCTGTCTTGCGGTGTTGTAAGAGCTCTGTCCGTTGTCTAATGCCGACTACTAGATCAGCAGGACCGCTATATTTGCCTATGAGTTCTCTCAACTGGAGTCCGTAGAAGGGGTGGGATCTCGTAGAGTGAGGACCGTGACATTACGAGTGAGTATGTAGAAGCATTGGATTGATGATGGTTCGGGCAAGTTGGGAATGGGCAGTTAAGAATCTCCGAATTTTCGATTCAAACGGGAGTTACTTGAAAGTCACGGTAGAATGTGATGGGAGCTATTGATCGCACTGGAGCAGCTACCTTCCGATCATGGTTTTATGAAGTGTCTTCGCTATCCGGACTCATGTTTTAAGGGAAAGTCCGTACCTCCGACTCTCTTCACGATGCGGCTCTTAAACCTGGCCAACTATATTATGGGGAAACGCGGGTCGCGGGGCTCCCTTGGTATGAATCATGATGTAGTCCGAATCTCACGTACGCTAGGTTAAGAAACTCAACCGTGCTGTTGCCGACTGTTATCACGGTGCGGTACCAGTCCACCCGTTAACCAGCAACCGGCTGGCCTGTAGACGGTAACCCATCTACAGCAAGATCAGTTTGCGTCAATTCCGTGACGTGACGATATGATTAAGCACATCGACCATCAACAGGAGTTTGGACATCCTGCTAATGAGGGTACGCTGGGGTCAAGATGGGTTGGGTAGGCTCGGATGAGTCACACACCGTGGTAAGGGGGTCTTGGGAAGTACTTTTTCCAAGAATCATGCTCAAGTGGACGTTCACTCGACCACGAGCCGCCTTAGCACTCGGTCTTTCAACGAAATCGAGCATTGAAGTTGTCTACTAGACAGGCATAGCTGCGTGGAGGCGACCACGTACTGTACAAATTCTACTGGATTGAAATGGTAGACGCGGTAGTCTGCGACTAAACCCACAAAAGTACAGATTGCCAGCAGTGCCGCGCCCAAAGACGATAGAGAGAGAGCACGGGATGGGTTGAAATCTACGAAGCCTCCCTTTTGACACCGCTTGCGATCGGGTACCATAAGCTGGTGGTATGCG,1083,49.95,Caenorhabditis elegans
SEQ_115288,AGGGTACTGGGATAGACCTTCGCCTGTCTTATGCGAGCTCTGTGAATTAAACTCACTACGTAGTGGGCGAAGAGGCGTGCAAAACGCGGTGCAAAATGCGAATACCCCTCGGGAAGGCCTAACACCTATAGGAGAATCTCAAACATGTCATACCTAAAGGGTATCTATCTCTTAGCCCAAATCAGGTGGCAGACGATGATAGTCACGCAAGAATAATTATAGGTAATGACGTAGAGTGGGCTTTCAGATATCTGATGTACTTGTCAGGAGCGACCTCGAATGATCGGGACGTCAGCGAGAGAGAGTAAACACGTAGAGGACCCGACACTGACGGACACTCTCAAAGAGATTCAGTACATACCGACTTATCTGAAAACGCGGTTTCGACATAAGATACATTTATAGACGGACAGCGGCGCGCGCGTTCCTTAAAATTAGCCTATCTAAGCAGGAGAAAGGCTGCCATCGACAACGTGTCCAGCACGGGTAGGAACCTCATGGTCATCGGTTGGCACTTTCAGGTAAGTGTTTCACCATTGTGATAGATCACCGTCTGTTCGTGTTGATTAGCGCAGCCGCATTAAGTGTAGTTATTAGACTTAAAGCCCTTAGCCGCCAAGTTTACATTCGACGTGTCTTCTCGTGGTTTGTCGAACAGAAGGTCCAATGAATTTTTAAAGACTGTCAATAGGCGGTGCATGCCCATCTAACGCGCTGCGCACGCGTCCCGCCTCTTCTATGATTCTTCTTCAGACACGTAATCAAACAGGGCTCGAACTCAAGGACCTGCTCGTTACCAGGCGTTTTAACGACCCGAACGTGGGCCTTAGCATGGAGCGGGATATGTCAAACCCTCGAATACTTCTATCGCCCCACATACCTTAGCGACTGACAGGAGCGAAGCTCATGGTGGGGGGGGGATTACGTTAATCGAACCTTTATGGAGGATATCGTCGGCATCTAAACATGTAGGGCCCACACAAGCGGGGGTCCTTTTTAAGCCGCACAGAGATACAACCACGGAGCAGGGACAGGAAGGAGTCGCTTAGCCCCTGTTGGCATCTAATATTCGTGGAATCGGCCGCGCGCCACGCCAACATTTGAGGGGGCTTATTTTGATCACCGGGAATCAGGACACGTTCTGAGTCGACAAGGAACCCCGCAAAATTATCCCACCTGGGTCGTAGCCGTCACACGGAGCTATACAAGAGTTCTGGGAGAATTCACTGAAATCACACATGCGGTTTGATCGTGTGTTGTCAGAACCCACAATGCGCGGAATTTT,1285,49.65,Drosophila melanogaster
SEQ_680286,ACAAGGTATCTTTATCGTCAAAGTCCCAACCGTGTAACTCAATCGCGCGTACGAAGGAGCTACAACA,67,46.27,Caenorhabditis elegans
SEQ_448847,CACGCGTATCAACATGCTTTGCCCCGATGACTTTTGGTGCGGTCTATGAGTATTTTACCAACCCCACTCGACCCATTTAAAACCAAGCCATGGTCGTTTCAACCTGTTCTAAACTAACGAGCTGAGTCGTATTCAGAGTTTTTAGCTTTCTAGGGCAGGGGTTGTCAGACCCAGAGATGGGCGGGCATCTAAGATACAAACGGGGTGAACCCTCTACTTGGCTTTGGTCGAATCCATCCTCTCCGGTTCATCGAGAATAGGAACTAGAGTACACTCTGGCCATGGGCATCTCACACCTGGGAAATCATGTTATGCGTGCTCACACCGCCCTAGTCGAGCCACGTTCTTAGGTAAACACGGGGACTAGGGGCTTGCGAAAACAGTTTCGTATGACAGCGGATTACTTCGGAGGTTTGACTCCAGGAGGGTTCTCCCCTCCAAGAGCAATGTGGCTAAGGGTGGGATCTTGGCTATGGAGATCGCATCCGACATGTCTAGGCCATGGGCTTAAGCTCCGCAGCCTTGTGTGAGCAGTCCGGAATTGGTAGGCTCCCCGCGATAAGGACATCTCTCCGTCCGTGAGGTCCCATTTTAAGGGAGTGTGTAGGGCATGTAACTTTCTAATTTTTGACCCGTGGCCTGTCCTTAGCTACGCCCCTCTCGGCTTGGAGCTTGGCACTAATACAGAGTAAGCCGCTAAAAGGATTGACGCAGATTGCCCGAAGGGACTTATTTCCTCGCTATTATCGTGAAACGATATCATCAGGTGGACACTCCGCGTGCAGGTAGTGGTTAGAGCTGGAGGGTTCTGGGATGAGTTTGTCGTCTACCCACTCTGAAAAAGAATATACTAAACAGAAAATTACATAAAGTGCCCTAGCGCGTGCAATAAATTGAACAAGCTACCTGTCTAGGCTTGTTCCCACACTATGATGCGAGCTGACCTCGACGATGGCCAGATCCCTGAAGGTTAAGACCGGCCGCGTCGCGTACTTGACCTCTTTTAGCCCGTTAAGAACCGATGGGAGTCTGCAGCACATTAAGCGTGTTGGACCATCGGTAATCCGGTTGAGATCGGGACTCTCCTCCAGTCGCCCCCTGTGTCTCAGTCACATTCTGTTAGAAAAATACCAGTGGTTCCTTCAACATTGTTGGCTGACAAGGCGATGATGACTCGAGACAAATCCAGAGAGCCTTGGGGATCGGTACAAGGTCGGGAATATCACTTGCCAGGTTAGGAACTTGGACCATCCTAGGTATGCATCAAAACTACATCCTCCGGCAAGAGCCCGGAAGTACCAGCTCCTCAGCCAAGAAGGTTTGTGGTTTCGAATCAAAGCGGCATAGGACACGTGCGTGTGTCGTAATCCACAGCAGAGACCGACCTGCCAGCTGACCGGTCATAGCGATAACTTACATAGGACTCCAGGGAACTCTATCGGGAGCTTGGCCAAAGAGCAATGAAAATGGCAAACCTCCCAGCAGTCTAGGTGGACGTGGCGTCCAATGGGCCGACCAAAGTAGACCCGAACCGTGGTCAGATCTCCTACCCCTCGAGCATGCAAGACTACGCTGAGTACGACCGCTCTCTTGCAGTGCCTACATACAGACATTAGCAACGGCATGTGGCCCACGGGGGGGCCTACATCGCCAGCGAGTAAAGTTCTTACCTGAGGAGGGTTGGTATACGCAAGCGTCAAAGATT,1705,51.55,Drosophila melanogaster
SEQ_845610,TTTTTACCTAGGTGGGATGTGCGGGAACCGGTGTCAGATTGGCGGTACTCAGAGGCAAAATCTGAGTGCGGTCTACCGCAACGGCCTCTCGATACGCTCTTGCGAACCCTGGAGAAAATGGCTGAATCGGAATAAGTTTATATGGAAGCTGGCGGTCAGACAAGCGGTTCCAGGCCAAAGAGCGACCCGAAACCTAGTAGAGTTCTGGATTCTCCACCTCGATGGCTAATCCCCTTAGAAGCTTTGTCCTGAGGTCATGGCTCTTTTCGAAGGAGTGCAACCATACTTTAAGGACAATCAGCGAACTCGTTTTATAACTGAAGTTTGATGTTTCCTTGACTGAAGAGTCCATACAGATCTCTAGTGGATCGTTTTACAAGTCTGGTCTTAGTAGGCTGAACCACCAGCTCTGTACTGGCGGGGACCCTCGGCCAGAGGTGCGGCGTAACAAAACCCAGGAAAAGGGTCTCAATCAGGCTCAGATTGCATCCCTTTCCATTAAAAGGATGTCTCGCGGGCGATCCCCTCACACGTCAGACGACGGAGAGCTCACCTGGATGGCTACGTTCAAAGACAGCCGAGTTGCAACCTCAATGGGTGTACCAAAAATTCCCAAAAGGTGTCTCAAAACCGTAAAAGGATATCAGCTGAGCTGTTTCTGGCTCACCTATTAACTACCCAGATGTAGACATTAGGTCTTATTCGGCACGGCTATCCTCCTAACGCCGGCCATAACAGTGCCGCGCTCTCAATGGTCTTATGTGGGGCCGAGGCGCAGACCCCTCAGGGGTGGGTAGGAGGGTTTAAACAAGTCCATTCGTGACTTTGTTCCACGGTACTTATCCTAACGGGAGGTATTACACCTCGGAAGGGCTAGCATAGGTGATTAGCTGACAGCCCTAGGACTTGTGGCTGTTAAAGGCGGGAGCCTTGTGCAGCTCCATCTCAAGCACTTTAGGCGTGGAAATTGGAGGCTTCCGTGGCAGCCGAGCATTTCAGCCACTCTTGTCCTTTGGAAACACGTAAGGAATTCATAATTTCGGAGGGCTATGCTGGCAGTACACTTAACAGTGTGGCAAGATCTCGTGAATCGTGTAGACCGTGAGGAAAGCGCGCTTGTCTAAGCGCAGCTTCATCCCGATCATGCTTGTAAAGGGGATTCGGGAGAGCACGGCCTGCAACTTCCCCGCACCCTGGGCTTAGGCTGCGACGAGTGAACAACCCTCTCAAAAACTCGCGCTCGCGAAAATACGGACACTATTTCGTTCCTCTCATCTAGGACGTAACTTGCACACTGTGCGAAAATCTCTAGCCTTACAAGAAAACGTAATCCATGCGAGCCCACCTCCCCCAAACACATGATGACGAGCAACCGTGTGGCGACCCCTGGCCGTGTGTGTGCGCCGCAAGCAAGTCTTTTGGGCCTGGCAGTTGACAGGTCGGCCGTGACGATAGCTTATACTCGATCCTTTAATAAAGGACACGATAATTGCAGGCCGAACCTCGCTAAACATCGCACGGCTAGGTTACTCTAGGACAGGGTTCAATTGTATGATGCCAGAGCCTGATTGACCGAGGGGGAAGCCATTACTTCACCATAAGGTCGCTGCAATCACTAACCTACTAGCCGCCCTCACGCACCTGGAATAAAGTGGATAACTCCGAACGTAGGCGGTCTGTTTCTTCAACTTTTGACACCTACCGTCGGCTAACGCTCTGCAGAGACAGGCCATCTACAAACCTGTGTATCCTAGGTATACTCGGGCAATGTTGACATACATCCTTCCCAACCAGCCGCGGACGAGCGTCGTGTGGCCCATTAAGAAGAATGAATTACAACGCAAGCTAAGGACCGACTTAAAGACTCGGTGTGGTGTGTTCCC,1883,51.41,Caenorhabditis elegans
SEQ_111111,GTTTGATGGTCTGTTCCCGTCGAGTCATTTGTCGCCTCTCGGGACGAGTAGGCAAAGCTTGTCGGTGGATACCGGGGCCAGGACTATGATCTTGGTGTTTTACTTGCAAACGGCTATTGACTAAGTATGACGAGCTGGTCATGGCCCGTCCTGAATCT,158,51.9,Mus musculus
SEQ_762771,AGAGAGTCGCCCGAAGTAGAAGTTAAAGGATGAGTCAGATGTTGGGGTGGGGTCAATTGTATCTGTCACGTAGGCCAGCTACCCACATAGCGCTAAGCTAAAGTTGCATCTCATACCTTCCTGTTCAGGTGCGGGCGGGGGATATAAGGTTCGGTCGGTATGCTTCCGTAATATACAAA,179,49.16,Homo sapiens
SEQ_788833,CGATATAGTTAGTCATGGCATAAACGAGTAAGGCAAATGGCATCGATGATCGGTCCTATTAAGGCAGCGTCCAGAGAACGTCTTACCCCATTTCTCCAACTACTGCCCGTGGGAGGGACTAGTGTGGTCACGTCGGATTAATGTAAGTCCGAAGGTTCGGTTCCGTGTCCTATGTGAGGTTGCTAGACTTTCTCGTTGGGCCTTATACATACACGCAGATGGCGTGTGATTTCCCTTAGAGATTTTAAGCCGGTCCTTCGCTTTAACGAGTCAACATTGTGGTTAGCGTTGGAGAGCATCAACCCTACGGGCGTCCTAACCTGTCAGGCCACTGGGGTTGCACATATTTATACCAATCCCAGCGGGGTTCTAACATCTCCTACGTAGATCTGTGAGGTGGGGATTATTCGGGACAAAGTGGTCCGTGACTCCCGCCGCGAGACTTCAGACCAATGACGATGGTTAACAGATCTACGCCACCTCAACCCTATCTTATGACATCACCGACTTCAATGTGCGCCTGAACAAAGAATATCCAGTGAGGCAGAATCTCGGCACCACTTTCGCCCTATAACTCCAGGGAGCCGATTCCGAGGGCTATTTAGTCGTTGCGCGGCCGCAGCTCCCACTTTGGGCTCGGATCCGAAGACACTCACGTAAGAGTGAAGGTAGTCTTTATCTTGGACCTCCAAGCTTCATTTGATCAAACCGACATTTAAGATCGACACCTTCAACAAGTGAGACTCAGAAGGAAATTTAACCAGTCTAAACGCTGCGCTCTTTCACTTTGAGCCGCACGTGGACGTGTGCTTAAGGGTTGACTATTAGATCCAATTCATATTAAAGACCGTATCGACCGCCAAGCCGTTCGATGGAGTGGAGCAAGTCAGGGTAGGAGGATATCACGGGAAAGCGCTGTCTGCGGGAACGGAAAGTGGAACGTCGGTAGTCTGCAATAAACTACGTGCGCTCGCTGTATACCGTCCAAGGCCCCTCTCACGAGTCCACGTCGAGGAAACTTGCGAGGCGCGGTGGTATACTAGACTGCTCAATAGTGCCCTGCCGTCGCACACATAGTCCCTGTTGTGGAGATCTACATCGGAAGGCTCACGCTGTTAGCGGACAAAAAATTGACTTCGGAAGGCATACCTCACAGGCCGGCGGGTTAGTACTATTCATCTTACATCGCTCAACGCGCTACGAGATACGTTTCTTCGGACCGGTAAAAGTACAACCAAGGAGGTAAAGACTAACAGGTCGGAAAAATGTGCGAGTCTCCTGCGCGGGCGCTAGTTGTGACCTCTGGTCTACGAACCGTTACCGCACTGATTGCATCAACTAGCAAAATATATTTTACGTGTGGTCGTTCGCGTCACTTACTGCTCACAAGCCTACAGAAATTCCACGCCCGTATAAACTTTTTCTAAGCTCCGGCGGCAACAGTCGACGTAACAAGACTACCAATCGACTTTCGATACGGTTGTTCGGCACTAATATATATCCAAATTTAAACGTGCGTATCGCAGTGACGCGTAGACGCCGCGAG,1546,50.13,Escherichia coli
SEQ_876220,ACTTACTATCATTAAATCTTGATGCGAGAGTTGGGATCGCATGATCACTGAGCACGAGTTACAGTTAGCAGCTTCTATTTAAATAACATAAATGGCGTATGTATTCCCAGTCACAGCAGACTGAACCAAACCAGCTCTCGGCTTCTTGGAGCCGGAGTCAAACTATGGCTTCGTAGATGACGCCAACCACTGGTTTAGATGAGCATGGACGCGCGCACTGCGTACGTTTGTTAAGTCTGGTATGTTGTATCTCGCGGGGTGCAAGAACGAATGGCACTAGCGCGGGAACTTAA,293,47.1,Saccharomyces cerevisiae
SEQ_512533,ATCCTGCTCCGCTATGAAAAGAGAGTATGAATAACTGCGTAGGAGGTACTTCATCCTCCCCATGTATACTTTGTGCCCAACTGGCGGAACTTTCAAATAATTCCGTCCCGGTTTCGGATTTTTATAGTGCTCTGCTGTATCGATAACCTGAGTGCCATCCACAGAGGTTTTTACCGGGAGGAAATTGGATTCAGGATAAAGCGGGGCGGACTTGGGTAGAATGTTACGTATGGCATCCAACAGTACCGGGAGGAGGGGCCACCTTGCCGTGATTATTATACGGTCCTCTGTCAGCTCCTCGGGCAAGTAGTCTTGAACGCGGGACAGACTTTGACAAAAAATCAAGGTTTAGGGCGCGGCCACTCGGTCGGTCTAGTACGTAGAACTAAGCAAGTGCACATGGTACAAGGAACTAGCTCGGGGGAAGGCTGTCCTTATCCTCCGTATACGTGCGACGTGCCACTTCACCCGGATAGCTCGGATTTGCCGTCTTTTCGCAATGATGCTACGACTAAAGTCTCGTTTTTGAGTGGAGGTCAACCACGGGCAATAAGCCCATGCGGCTATTACCGGTCATGGCAGATCACGTGGCCTTTCCAGAAAGACCTACTGGTTATCTCTACTGGGCCGCACACATACATCGGGCAGCTCTGCTAATCTATGGCATAGAAATTTCCCGAGGTAACCACTGACATGCGACTAGCAGATGGGTACGCAGACGCCTGGGGTTCGCTAAGCTTCCCGATGCGGGGCGCCTTTTTTTCAAACCCAATGGGTTGTCGGGCATACCAAGCGGTGGCGTTGTTAAGTGTTATCCTACGAGGAGAAGGATGGGGGAGCTCGTGACACGGATCCTAAGTCATGCGACGGTCTCACAGCAGGTGTCGTTGTCGAGACTGGGGTTGGTGAGAAGCGACGGCCAGCAGCTAGTAATGTTTTGTTGTAAGTCCGCTGCCCTCTTAGCTGAATGTTCCGCGCAAGAGCCCAAAAATGGATTGGTCGCGGCACAGTGCGCTTGGCACGTACATTCTGGGTAGCAAGGGATAG,1047,52.05,Mus musculus
SEQ_542231,TCTGAGCGACAAAAGACTGGAATTCCCTGTTATCTTACTCGGCATGAGATTTTAGCATGTGCGGTCAGCAAGCGGTTGTCAGGTTGACTCACTCCCTGGGACCCACCCATAGGCAGGCCCCCTCGCTGCAATAGGTGAGAAAATTTGAGACACACATGCCTACGCGGCGGCGGAGTTCCGGGGTTTGCGCAGTCTTGTTTCTTACCTTAACAGCTAGATAGACTGACTTATGGTACCGCAGCGCGCACAAGCCGACCGTTCGGTCTGGACTAGGGTCTCGAAAGAGAGAAAGCTGACTAGTCCGAGGTTTGCCGGCCATTCGCTCACTCATTATAGGAGTACGAAGCAGACGCCCTGTGTTTAGGATGCTTACCGTTGGGCTCGCCCCAAAACCATTTCGAGGATTCCAGAATCTAGCACATATGGAGCCGCGTAGACCCCCGTCCGCTTTTGTGTTCAGCACATCCTGTTGCGCCCACTGACGCATAGTGGCTTGATTGCAGCGGGCGAGACCTATCTGTCCGCATACTTCTGCTGTGGGTATTTTTGAATACGCTGAGGACTTACTATCAAACTCCACCGGGCCTGAACAATTTAACGCATCACGCACCCAGAGGACACGGGTCGGCGCGTTAGCGATAAATAAGCGATGTATCTGGTGGGGGCGGGATTGGCTCAATTCCTGTCGCTTTTACGCTATGGCGCGGCTGAGAGAAGCGTTACGCCCATCTTGACGAACCAGAGTAAAGGCCCGAATGGTAAACATAGTGCCTCAAGAATACTCTTGGATGCATCTTTACGTGCTTGGAGTATGCTGAGCTAGATGCAGTTAGGGATCTTCATGCCATAGACCTTAAGCTTAGTGAGCTGGAGGGGCTCATATTGATCCGAGATGTCTCCAACATTCTCGAATGAACCAGCTGCAAAATCATAGGTCTGAGGGCTTTCTTCGTACGCTTCTTTACTTACATGTACATTGCACTGGCGTAAGCGAGCACGACTACACCTTTCGACGATTTCGGTTCGGGGAGCTTCAATGTGTACTGCGAGGGCCACATTACAAGGATGGAAGTCTTCGCTTACGGCGCCGTAGGATACATGAATTGGGCCGAGAAAGATCGGTAGCTCCTGTGTCAAATTTAAACTTGTGTAAGTTCTGAGGTGTCAGATCTTGATTCGTCTTGGCTTTAACGCTACTGTATCGGTCAGTCCAATCCGCTTCACCTGCGATTAATCTACGACGTATGATTCGTCTCCCCTATTGGATTGCATTAGGGTAAGCTTGCGGTCCCAACTCTTCAATTCCATCGTCGGGAGTCGGCACGTGATACTGCTATGTGTCATGTGCACAA,1352,50.74,Saccharomyces cerevisiae
SEQ_613298,CGTACGCTCCTCCAATTGGCGTCCGAGTGTATGGCGAACTAGACTCTCTTTACAATGCGGCTCGTCAGTTGAGTTAAACCCCATGGTAATTATCACTGGCCGGATCGGAGTAAAAAGGTCATCGAAGGCTACACCAAAGCACTGCCCTGCATAACAGAGCGCCCGAGGGGTGCGTATCGGACTAGTTACAGGGGTGATGGTCGACAGGATAGTCCTTCAATGATCGATGCCCGGGGTTTTTCTACCGTCTAGGCGACCTAGGGCATAATCAATTACGTCACAACCGCTCCCTAGATGGTATCCCCAGGGCAGGGTTATAGAACCAACTGCCTATTGAGCCTTACGACTACGACCTGGTGATGTTGTACGAGTCGCAGCTATTCCCATGTTAGATCATCAGAGGACGGACTGCTCCGCAAAAGTGTACAACACTCCTAGATAAGTCTGTCTATGAATCACGTAGCGTATCGCGTACTAACGCATAC,485,50.72,Arabidopsis thaliana
SEQ_191283,CAATCTAGTGTGTGCAAACGTCCGCTCTAGTGGACCATTAACGCAGTGCATTGAATCCTACGACATCATGCACGCCCAACACGACGTAACGCAGGTGGTTCCCTCACTGTACAACCATGTCGAGTAAGAGCAGATACTAGAGACATTGTGTAACCCACTCCGGAACAGACCGTCGCCCGCATGTCCAATGTTGGTTTGCTGAACACCATCGGAAGTAAACTGTTGGTATGGAGCGCCCTGGGCCTACAACACTACGCAAGCCCTCCGAGGAGTTAACTATCTTATAAATTACAAAGAATTCGCGCAAACGCTAACTCCCCGTTAACATAAGTTAGACATTGTTCACGCCTCTTAAGCAGACTAATCTATAATATAGAGCAAATTACCCGAATTAGAATGTATATCGCAGAGTCTTTCTTGCTTGTAGACCGGAGGAATAAACTAAGTGTGAGGATGACGGTCTTGCCCCTGACGCGATCAAGAACTGTAGATGCTAATCGTGCAATAGACGAACATCCTAAAGGTTCACGCTAGTTATAGTGGTCCAGAGACCTTTTAGTCTGCGCGTTCGAGCTCGACCATGCAAATTGCGCGGCGCGTGCGCCGCGCCTAATAAGAACGCGAGGTCGTGGATAGCTTGCGCTTATCGCGCACCAGGTGAGATTTACGGTAACACTAATTCATGTGACCAGAGTAGTAGTAACCGGCGCGCGTACCCTGAGACCAGGGCGCCAGGTTGCGCCAGTTAGATCATGGATGGAAGTCGTTTTTGGTGTAACGATTTTTGCACGAGGCATCCGTGTCGTAGAGGACGGTTCAGAACTGAATGCAGTTGTCGATTGGCGGCTAGTACGTAGTTTTAATGCCTCGGCTTAGCTAGTAACCTTGATCCGTT,895,48.83,Caenorhabditis elegans
SEQ_343730,CTGTAATATTAAATTGTTCTTGGAAAATTGCTAACACGAGATCTAGATAAAGGCGGAGTTCGGTCAGCAAGCCTGGCTACCCAAGCGAGAACACGTAATAGATGAAACATAACACACAATAGGCAGACGTGCTCTCAGTGGCTAGTAACAGGTACGGCAACTGAATCTCCCGTCCTTTTTTTTTTACGCGATCGATTCCGGGACAGTGGGCCCCCGCAGTTGCTAGGGAGTTTAAGGCCAGTCATACCATTACACGCGTATAGAACGCCTCTTAACCCTTCGTTACCCACTTGCTGCGTCCAATCCGGGTGATATTTGTAGGATGTGGCCATGGCGGACTAATCGGCTAAAGAAACAGAGGCGAACAACCGACTTAAATCCCTCAGTTACAATCTCTAAGCGGAAATTTTCTGTAAGATTTCGGACTCCGCAGTCGAGGTAATGATTACGGTTCGAATTTTGTGATATTAAATACCTATATTTATCGTTGGGGGGGAGACATTTTCATAGCCGCGGAAGTATACGGTCTTAAGCCGTGCCCACCTGCACTGGAGATCCCGGCCCAGTTCTAGTTGTAACCATCACACAAATCCGGTTACATCCCCGCCGGCGTGGAATCCAGATAAATCTTGGGAGTCCTGCCCGCAGCGTTAAATCGTGGTTCGTCGGTCCATAGGAGACGGTGGTAAACATTGTATTACTTGTGACGGTCTCAACATGATGACGCTGGCAAGAGCGCCACTGTCCCGCCCTCCTTTGGGTACACTGTGGAGTATGACTCGTATAAAAGCGGTAACTTTGCTAACGTGCACTCATACCGGGATGCATGTTAGGGCATTCTCACACTGGGCGACCCTGACATACTGATATTCTAGGTCCGGCCTGGAGCGATATCTATAGTGCGTAAGTGGAGTGTATGCCCAGAGATCTTGAGTGGTAGCGGCAGAAATCGAATACCATCGTAAGTCGAAGTCCTTTCTGTGTGTCTACCCAACCCGTATCTCTGTGTGCGAGGCTGAGAAAAGGCGTAGCTCCGCCGACGGGTGTGGAGGAGACCAATCCGCGACTCACCTCACTTCAATGATAGAGTGGACGCTGGGAGTTCACGGCGCGGCTCACACTCCCCTGCCAGATTATTCTCGGTGAACCAACAAGTCGGCCATGTTCCACGGACATCTGATGCCCAACGATAGGCCCGGGTATGCTAATTGGTCGACCTACGTAAGCCAGATAAGTCCGTTATTGAATCTGGGCGATAACGAGGGTGCTTAAGAGCACTATTAAATAAATTGCGATGCAACCTTGAGGGACCACGATGTTGTCGGACATATAGAAAGAACTAACACGTAACGTTCAGATCGTTTGCACGGGGAGAAGCAGCAAAGTAACGGCAACGCCTAAGTCGACTCCATTATGGAATTTACCCAGCACTTTAGCTGTCCGACTATGTCGGATCAACAGCGGCGGCCGCGGAGTGTTTACCCTCCTGTTTCATAAATTGGTTAGCTACCCACTAACTTGGGTCCGGAATTCGTTGCAGCATATGGCTGCTGTCACCCAAATATCCAGATACAAGGTTCCTAGTAGCGGTAGCTTTATAATCTAGATAGTGTTCTGGGCCCTCTTGATATAATCTGATGACTTCAACTTTCAGTATTCTGCGTAACGGCAGCCGAAACACCACCCTCTCGCCGAGCGTAATCACAATCCAGCCCCGACGCAGGGGACCGGATTCAAATCAACTAATACCTGAACGAATGTATGGTCAATAGCTTGGGTAAATGAGTACACACGCCGAATTTCAAACAGTGATAAATGCCCGATCTGCTACCTTTGCAAAACTTTCGCATGGTGCATTTACGTCTAAGTGTAGGTACTAGGGGTCAGAGTCGCTGAATGCCTGAACCTCGGCAGTATATCTTCCTGCCTAGAAAGCGGCTCACGACGTAGCGGCCAGTTGCCCAGTCAGTCGTAACACACCATGAGTCTCCGAGGGAGT,1999,49.32,Caenorhabditis elegans
SEQ_152077,TTATGAGAGGTCCCGATAACAAAAGCGAAGGATTCAGTGGCTGGGTTAAGCTCTGTAGTATAGCCCATACGAGACTATATCGGAACATGCGTCTCCGAGACTCCGAATGCCTCTGGGACTAAGGAACACCAGAGCGATCATTGTAACGGTCATTGCCCCATCGCCTCCGCACATGCTCATCTCGGTATCACGGCTGCGATAGGCTCGATTAAATCGGTAAAGGGTGAAGAGCTACCCATCTAGAAGAAGATTCTGGACAGTGCTGGGCCTCGACGGGACGTTTGATAACGTTGGTTAAGAGAACAGACCGGGCTTAAAAAGCCATGCGGAGGGTTTGTAAAATACAAGGGGTCTATCCGGGTGGGCGGGGTCGTACCGAACTATACATTGCTGCGGAATGTCATAAGCCGTCCGAACTTAAGGAGCTCGCCAGCTAACGCGGTTAGACTTAATTTCCTAATGTTTTCTGTATTTACTGTTTAGCTGGCCAGCCACTAAGCACGCTGATGGGTCAAGGAATGGCCGAAACTCATAAGCCAGTGGCGTTGAGACACCGAGGCTCGGCATAGGCCGGTCAGTTAGGGGTAACTTGCTCATCTCGCTATGAGCATGAACTGAGGTAATAAGGTACACAGTGATAAGATCGCTCAGCATGCAGATGGAGTGGTTAGACACTCGGAATCTGC,686,50.29,Saccharomyces cerevisiae
SEQ_509913,GGTGATGTCTCAGCCATATCCAGTGTTTTCGCAAGTGAGACCGCCATAAAGTGACCCTGCGTTCCTCGATCGACGCGGTCGTATAATTAAAAGGAAGGTTTTCGGGCTGATCGCGGTCTATGCACATCCTGATTTGAGTCGCCTCAAGGTAGTAGACCTCTCCTTTGGACAAGTAAACGAACTTTGAGACGAAACCCTATGTAACCGCCATTGTTCGGAATAGGCCCCGAATCGACCGGAATTAGGTAACGGGCATATATGGAAGCACACAGGAGATTACTCGGATCCTCGGTATTGTAATTTTACTCTGATCTTGTAATTGGCAGGCCAAAAAAGTCTTATGTGCTGTCCTTTGCTGCTCGCCCGATAACTCGCGCTGGGTAGAGGCCATGTTGTTGGTAGAAAGTGATAGGTGGGTAATTAACGTCATGTCTCTCCACCGTATCTAGCTGATTCTTGGGTATCTCAGCCTTAGAGCGACTATCTGTTGGTGCAGGTCCCGTGCGTCAGACTAGCGGTCACGGGTGTCGACTTAGGGAACGCAGTGTTCTGTGCGGGAAATGATTCTTTCCGCGCTTAAGTTGATCTTTAATCAGATGGGTTAGGTACTCTTACGTGTAAAAGGAGGCCCGGCTACTGGGGTCAATTCTCCCAAGACCATATATGGTTTAGATGATATAGTTTGTTAGAGTCGGCGAAGTGGCTTGCGAAACTCATAGCGAGGTCCTCAACCGTCGGCTAGCAGCCGTGATTGCATGTCGTTTGTTCCATTCGCTAGAGAGCATCTTCGACTGGTCAACACGGTCCATAGCACGACCCAAATAGCTATTGTTTAGTTAAGCACCCTCGCCGAAAAGTCAAACGCGTGAAGGGACTAATAGGTGTGACTTAGCCCTTGGGACCACGTGGAGCGAACGATGTCCCCCAGAACCGACGGGTTTTTATGTCGCTATCCTATCTCGGGTCTTTCGGGGAAATAGGTCCGGCGCTTATGCTGAAGACGCTCTAAAGCTCTACGCTTGCTGGATACCGCCCTGCATTTTCTAACACAGATCTACGACAAGCTTTTTCGAAATCCTCTTAGGCGATCCACTAAGGGCGCGCCCTGATATATTGCCGCCTGCGGACACCCCTCATGGGCGCAGGATGCGGCGTATTTAGTAGTTTCACTCCCCTACCACAAACCACATTTAACTCTAATGAGCGGGTACTCTCGGCGCAACGGTCGCAGGTCCTCGTAGGGTGATATATCGTATCCGTAGAACCCACCATAGCGAGGTGGATTGCTCAGGTAGCCCAGTCGTCTAGCCCCTATCGGTTTAATTTAGGTACACTTAATTCCATATAGATTGTCCAAAATGACTACCTGGGTCAGGCAGCTTATATATTTTCGCTACGCTGGGCGCTGCCGGAGGTTCCCTAGCTGGCTGTGCTGTCTACCATGCAGTTCAGGTATCACAAACGTGGGTCTGGCGCGCATTGACCTCAAGCTTACCAGAGGGGATCAGATCAGAATC,1517,50.1,Mus musculus
SEQ_473924,TGGGTTCATTTTAGGGCGCATGCAGCACACAGTGGGCTCTTAACTCTAGACCGGTATATGGGCATGTTCGCATCAACGAGCCCCACTTGTTTATTCGATGGAGCACCAACAAGCCTTCTTGGGCTTGCCCTCTAACGTACCCCGCATGTATCTACTTATGGTACGCGACATTCAGGGCAGACGGTGATCGGCCCATGCGCGTGACGTCTCGAGTGAGCAGGTGTAATATATCTTCACAAAACAAGTCGCGTATACGCTTACGTATACGAATCCACGGAGGCTCGGGTCTGTATAGGTCCAACTATGACTTGAGAACCTCCTTTGTGCAGTACGGAGCCAAGCGGAGCTGTCTCCATGGGTATATTTGGCTGGTCCCTTATAGTATCCCAGCGTGCCTCTTATTT,404,50.99,Drosophila melanogaster
SEQ_108554,GATGAGTGTGACTGGCTGTGCATATCCTATCACAGCGCCATCCTACTGACGTGAAGACCATGGGGCCTACAACAGGTCTTTCAAAGATTAAAGTCTGCTCTTGCCGACTCTTCTGGCGCGGAAGTCAGGACCGACTAGCTGATTGCACAATTCAACGTGTATTGCGACCCACCAATTCGAATCCGGCTAACGGTGTCACGAAGCGCTCACCACACATGCGTCACACTATCAACCATTTAGGGCGGATCATAGTGTACAGACTGCTGTGGTTGGCTTTACGCAAAAGCACCGACTTTGTTATCCAACCATTGTCCGCATCGGGAGTCGCGAGTTCATAATTTGCCCGGGAACTAGGCCCAAACACAGTACTAAGCACCGCGGCGTCAGCACTGTTTGCCATGTGCTTCCACTTCTGTT,417,51.32,Saccharomyces cerevisiae
SEQ_819759,AAAGTACATACGGATGCTCTAGGTGGATTTAAGCGACCTATGATGAAGTACGGTGCCCACGACTCCCATCGTCACGTGGAGAACTAACTTACATAGCTTGTAACGCAGACTAACTTCAGGACGACAAATCTGTTGATGTATATTGCTCGCGAGCATCAAACGGCTGCCGGTATGCCCCCAGGCTTACCCACACACCCCGGTATCGCACGCGCTGGTCACTGATACTGAAACCGTTTGTGAGTCTTTATAGCAGGGCATAATATAGCATTCAGGAACAGATCTTCGCATTCACTTCCGAATGGAATTCTCTACTCGACTAATCTACTTGGAGTAGCAGTATAGATGTTACACCTCCTTTACACGCAAAGCCGCCTTCGACCACAGGTCCTAATCCCGAAAATTGGCGATAGGACCATAACTCCATGCCGTCTAGTTCACCCGATCCGTGATGGCGTCAGTGCTATGATTCCACCCGCTGAACGAAGGCAATGCGGTACGACAAGCTGCAGTGGTTAGAATACGTACTACCTTTATTTCGTGATTCGACTCTAAAGCTGGTCCCAGTCGTTCACCGTTACTCCAGGGCTTACCCCAGCGCTGATGAAAGGCTCCCCGTGGTTGGATCGGTGTGCCGGGGCAGTTAACGCAAGTCGGGCCGCTAGGAGAGTCCAACACGCACGCTGTACCGTAGTATCTTCCATGGCATGTTTTGTCCCGGAAGATACAAAAATTTCAGTGTCGGAAGCGAAACTATTAGGCGGTAACGGGCCCCTTCTCCCGTAAAACTTAGGTGCGCGCACGCTGTTCGACTGGTTGGTACGCAGCGTTTTAGACCATGTTCAGAGGCAGACTTGTGTGCGGTCATAAGGAATGTGTAAATCAGTCGGGACAGCGCCGAAGTTTTGGCAATGAGGGAATCAGGGACAAGCTAAGGCGGGTCAAGCGTCAACTAATCTTCGAGCCGACTAATGGATTGTTTAGATGAACACCCGGAAGTGACTGGAGTGGCACGCAACGCGATCGGGGATGGTGAGAATAGGGATATGGATAGCGGGGCATTCTCCGGGTATTATCTGGCGAAGTGTTACTGGACGCGCGGCAGACACTTTGGTGAACCCGTGAGATGACAATTGACTAATCCCCAGGAATAGGGCTTGATAATGGGGCAACAACCATCCATAAGAGCAGCAGATCAAGAGTCGTACTGGCAAAACAAGTGCAGTGACGTATGCCTGTCCTTACGAAAGCTCCCCCAGAATGGGTAGTAAGTAACTACTCCGGTGCGTGCTAAGGCAAGTCGAACTACTGTCACTGCCGTACACGGAGCGGCATACGGTGTGTCGTGGCGCTATACTCTCGCCGGAACCATGTGTCGGCACCTTAAGAGGACCTCATGGAGTGATTAGGATTGACAGACTTCACTGTGATACCCAGTCAGTTGAGGCGAAGGTCATGATTGTAGATTAGTCGTAATAATTATACTTCATAAAGCGATGAT,1498,50.4,Homo sapiens
SEQ_439453,ACTAGCGGACCTTGGTATTTGCGGTTTATTTCGAGCGTATCACTAGAATCCCATTCATAACTAGAGCGTTACTGACAACTGCCCCCCGAGGTACGTCTCGAACGGGTCGAGGTGCGTATTCTTACACGTACCTCTATGGTCAAAGGAGTCGGGGCTGGCGACCCGTTAGATGACACTCCACTTATGCGTACCTTCGAATGTGGGCAGGCCGGCCTATTCGTACCTTAAGCATGATAGTAAAATAGTACCAGTCAGGCAACTATGTGCGTATGCTCAGCGCTGAGGATCTGTGTAGGATTTGCATTGTCCCATTCGGGAGCATAGGGAGGTTAAGTCCCCGCGAACATCTTCTTGCCAGATTCCCGTCGTATTGTGTGTCACTCTTTGTACGTGACAC,397,50.38,Arabidopsis thaliana
SEQ_307205,CTCACGCGGTTTCTGGTCATTGATACACTCGAGGAGCATCTTAGAACCAGAGTGGTTTGCGGTCAACCATTCTGTTGGGTGTGAGTTAACCAAATCTTAGCCGGCTAGATTTGTATATATCGTCGGTTTGGTTGAGTTTATTACCCTCAGATTGTGAAGGTGCTGTTTGCGACCATCAGCACGAAGCCACTACATGGTACAGCAACCAGTAGATTGATGCAACAGGGTTGTAGCCCCTGATTACACGGGTAGTCAGGAGCGGGTGATTTACCCCGGGTAAGGGCCAGGTAACTGCGTTCGGGGCAAGTCGTTCGTTCATGCAGACATTCTCACATGCACCCGTCGGTCGATGCCCCGGCAACAGGTCAGATGCTTTCATAGGTAGGCAAGGCGGTGGAGATTAAAGACTCAGCTCGTCTGTTTTCGGAGAATGTTCTCTGGTGGCGAACCCCTTAGTATGGACGCTTGTTCAATGTTACGGTCTCATGATGTGATAAACCCGAGGACTAACATTCAGTGGGATTTGATCGCGTGAGCAGATTCGGCAGGGGAGTGTTAATGTTGGTTTGAAGGAGCTGGCCCGACGCGGATTCAAGATACTCGGGTGGCAGTGAGGTCGCTAAGACGGCCGCTGGCTACTGTCGTAATGCCGACCAGTCTGGGGCCAAAGAGAATATGACCTTTGGGCCTGTTCGGTTGACTCACTCGCTGGCCTAGCTACGTTGAGTACATAGTGATTAGTTTCTGTCGAGAGAGAGGAGTCCCCTTGCAAAACCACGTTGCGCCTTGGGGCGCCCGGATGCAATGGGGAGGTTCTCGGGGTTACTAAGTTGAGTCCGGTCGTCTCTGATATGTGCGCCTCAAAGACTCGGCTGACTTGTCCCGGCGTTAGCAAGGTCAGATGCCTTTTTGTCACTCGCGACACACTACGGTGGTGGAGGATTTCCAATGGACCTCTACTAAGACTTACAGTCATGTCGGATCATGTCAGGGACTAACCAGCAGGATACTTGCGGTGGACGGGTCAGTACACACCCGGCACCTCGCCCTTGTTACGTGATGCACAGAGCAACGACCTGGTTCACGATAACGAACGAGGTCCGCCTAGTCGTGCTTGAATATGACCGCTACTCTCTCGATTTTTTTGTGCGGTCTTGGGTAAGATTGAATGATCAGCCCGTAGCCGCTAGCGCGGCACACAGCAGCACGCGGAAATAGTAGCAGGGCGTTCTGAATTCAAATTTGGGCTAATAGATGCGCACAATAGAGAAGGT,1274,52.12,Homo sapiens
SEQ_400516,ACGGCAGCGGGTGCATTTGCAACATAACTAAGTTTCCGGCGTGCCCAGAGCGCCATCAACATTCCAAGGAGCCATAAACAGGCCCTCAACCGCGAAGACTGCCACCTACGTGACAAAGTCGTCATGCAGGAGCCGCTGAACTCTCCTAACACCGTGACCCATCGTTGGCGAGATCTCATAGCTGTCCACGTTTCCGTGATGCTTCTTGACCTTGTTATTCTCTTATCGAGAATAATAAGATGGAAACCTTTTAGCGCTGCGGCCGCAAAATTAACAGCCTATGAGGAGGAGCCCAGGGGGTGCACGTATCGATCTGGCCTCCATGATGTTGCAAACGACAACTAAGGTGGTACAACCGTTCTATGTGAGTAAATTCCTCTACACGTCAGGATACGATCGACCTCTCAAGTTTGTTCCCTGATATTGGAGATAATCTGGCCAAGGACACTTGGCAGACCGACCGACGGTGAGCCTTAGAATCATACCTTTGATCCAGTCTACTTAGAGCGAACTTCTCCAGCGCACCTCAGCTCACCAGAGGGGGCGTGACCGAGGGTGAAAGACGACTCCAGCTACAAATGGGATCGGGTTTTCTAGTGGGAGTGAGTCCGGGAACAGCTCTAAATCACGGGGTTACAATAATTAACCTCCTCTAACTCGGACGGGAAATTACGAGGTACCCTGTGTTGATAGTCCGTGTAGCTAAGGGTAACATTTGCAATTGAGTGACGACCGGTAGATCTGTGCTTAGTATGGTGGTGCACTGGTGCTACAAAACGGACGTACGGCGGTTATGCTAATATATATGGTCACAGCAACCAAACAGACCACTTTTCCCACCCCGACACTCTCTCCCGGTCAGACAGGCCGAGCACGTAAGACCGGCACTCCATTGTATGCGTCCTTCGAGCAAACGGATAACCTATATACGCCGTGCGAGAATGAAACTAAGACAGCTATACTCAACATTGATCAAGATGTAACGGCAAATGTTATTTGGGAGCCAGTTAACCTGCTGGCCCCTCCCTCTTACGACAGTATCTGAGTAAAGACGACACAAAAAGACCACCTATAGAGGGGTGATGATAGCCGAGGGTAGTTAAAGCACGCACGACCCCAATGTGACTTAACCGACAGCTCGGGATCAGACGAGCTTCACCATATAAAAGTAACCCCGTCTGGGCACGGACAAGAATGGAAAATTATGTTGCACGAGCGAAACGTATAGCACGCGCGCCTGATCCATGATCTCCGACTCGCCCTGTGGAACTGCTGGCACTAGGAAGATATACCTTTACTGGCAATGACGCATGAAGCCTAATCATTATCCGAATGCGCACCTGAACAAAAAAGAGTACTAAGTGCCTGACCCCACGACAGTAGATTAGTGAGAGAGTACTGCTTCTTGAAAATCGCATGTGGGTCACTTTGCCCGATAGCTCACTGGAATGCAGAGGGGGAAAAGAATATTTCTGGATGCGACAACTGACGCCCCCAGTGTATTGCGAAACGCATTGACTTCCCTGGCCTCAGGCCGCTCCTATAAAATCAATAGATAAGACACGGTCGGTCGTATCGCGGTGAAAATATACCCCCGTCCGCCTTAGCGATTTCTTGGCCATCCTCGCTCAGGGGAAAGGATACTGCGGCCCAGCAATCCGCCAGTGATGGAGTACCAAGAGCTACTCGCGACTGATAGTGGCCCGCCTCGTGGCCAGTTTTAATCTGTTGTATCCC,1737,50.37,Saccharomyces cerevisiae
SEQ_141818,ATGTGACTGGCGCCTGCGACATCTCGCAATCTCCAGGGGCGAACTCATGTCTCAGAATACATAAGTGAATGGAACACGAACCCCATTTATCCGATTTTTGTTAAAATAACCGTAGTATTACTGCTTAAGCTGATACAATGTTCACCCAAAAACGAACACAGTCACGGGCTGCGGAAGGGCTTTAAAATTTTATTATCTCCCAACTCCTAGCATATCTTAATGGGTTTAGTGCGGTTGATGAATCGGCTGAAGTTGTATACTGGAATCCGGTGGAAAGGGCGTTCGACATGGCTGGATTTTCGGCCCAAATATCTGTTGCCCTCTGCCTTATTGCAAACTATCGGTAGAATACTGGCTGACTATGGTGCTCAGAAGAGATGTTAAGGCTCGTCAAACGCACCAGGGGGGCTGGCAAGTCATCAAACCGAGACGAAGGAACACCGCTTCATCCAGTGAACCAGCTGAATTTAGGTTCCTCGTAACTGTATTACGGTACGGGTCTTCCTTTACTGCGTGTCAGGCCAAAACTTCCGTGGCAAGTGGAGCAAATCCCGTCTTTTTGACTTAGTCTGTGTTGGGGTATGTTGAATAAGACCCTCAACGTGAGAAACCGCAAAACCGATCATCGGTTGCTTCATAGGACGTCACGCCCGTTACCTTAGAACCGTTTGCATTTAGCTGGAATGTATGATCCGTCGTTTTGACACGTGTCAACCATCCCATCGCGAACTAGCCGTGCAAACCCACCCAATACTCCTTTCAAGGGCTGATACGACAGGGTACAACTGCAAGAATACCTGCCATCTGATAACGACTGCGAACGTGTTTCTGGAGGAGAGCCATACACTTGACAACTTCCCCCAATCTCTGTCTTTCTACGCTATCCGAGGCACTTTGATTTCCAACCCATCTTGTTATCATTGTACGTCCTTTTATAAGTTGACTCGCTCACTTATTCTCAAGACCGTAGAAAAAAGTACGACATTTCATTAGGGCGCTGCGAGTTGGCTCCAGCGTTGACCGGAGCCGCGGAATTACAGCTCTTGGAATACTCTATCGG,1060,47.17,Escherichia coli
SEQ_225874,TAGCCATGTTTGTATGAAAGGAACGGTACTGCTGAAGCTCCACCTTCTAGCAATCAGGTGACCTAACTGTGCCCTTGTGGGGTTGTACGTGTATGTACGGGATCTTCCACTCTATTTCGGTTGCCAAGTAACGTTTGCGTATAACGAACCAAGGCCGGAGATTACTAAAACCGCGCCGTTAAACTACGTTACAATTTTATCGTCGGTGTACAAACCCACATTTTATCCGCTTGAAGGACATTGCGCTTTAAACTCTGCAGCGGAGGTCTAGGGCAAGATGGGTAACAGCTTGAGGTGGTTAATCCCGGGCTTTGACAGCTAGGAGCTATCGGGCACTCCCCAGTAATAATGCCACCAAGCAAAACAGTAGTGTGTCCAGTCGATAATTTACCTTTGACCTGAAGCTGTGCTGTGCCCAGGGAGTTGCGGCCCGCTAACATATAAATAGATACCCGGCTGTTGGTTTGTCTTCTAGGGTCCTGTCTAAGGGAATCGGCGTAGTTTTCTGTGCCATCAGATTGCCTGATCGGGTGAGACGAAACCCAGCAGACCCGCACTGCTAATCCTTTCGCCCGGTGGGCGAAGGATTGACAACCTGCACCCTGATATTAAAATCGATTTCGATTGGTGGTAGAGGATTGGTCGCGAACATTCGGCCCGCATCAAGTGTCTTTCATCAACAACATGTAACGGCGGCTACGTCTCTCCTACGGGCGGTGAAACGGAAGGTGCGAGTCAGCTGATCATTACGCTCCGGGTTCCTGCACATCCTGGATAATAGCGCTGTATGGGGTTAGGCTTCGGAGACCACAGCAAACATTCGCTTTAAGCCTTAAGTCGGACCCTGCGATCCCATTTGGATGCGGAATCTCGTGGACATTGCGCCATAAGCCGGCTGGGTCTTGTCCAGTAGCAGCAACAGAAGAACACAGTCGCACACTGCAAGGTCCCATGAGTCCTTGATTGTTAACAGTAGGGCGTTTTCTGGGGGAGTGTTGCTACAGCGGAAGCAGCCCCCGTTCGCCTATTACAAGACCCGTCAACAGGTCAGATTGTCTCACTTTAACTATACACCCCGAGGGGCACTTGGGCATAAACCCATTTTACGTCCTTTAGTACTTCTATAAAAATAGCTTACCTACATCCACTCAGTCTGGACGAGAGCTGTAATCACCGATCCTGCGTACTTTTCGCACCTTAACCCT,1205,50.12,Homo sapiens
SEQ_157856,AGATCTATAAAGGATTCTTCGAAACTGTCGGAAGGCTTAGTTGGGCTGAGCTACTCTTGTCACCCACGTGTGCCCATGGGGATAAAGTTATCAAATGATTAATTATATTAGACCTATTCAGCTATAACATGGAACCATAGAGGCATGACGGTAGTGTTACTGGTGCCATTCCTGCGCCTTCAACACTCATGTTGAACAACATCTTCGTCGCTTGAAGAGTTCGAACTAAGTTGTTAGCTTTTCATGCATTAAGGTGTGTAACGAAGACATAAGAGTGATAGCGGAACCGGACTTTCCCTGCATGGGGATGCGCGTCGCGACTACACAAGAGGGTCATTAGAGGGCTGAACACTCACAACCGGCTTTGCTCGGACCCCTGTCCAGGGTGTTCCTTGTCACATCCGAGCCAGAGTCAACGCGTTATGTGATGGCCAGGAAGGGTAGAACTCTATCCTGCATGCCCTGCATTGGCCCAGCGATGTCTTACAGGCAATTCCAACGTTAACTCCTTATAAACGGACTTGTTACAGTGGGCTCCGAAGTATCATACCTTATCATATCCCATTAATGTTTGGAGTCTTACGAGGCCTTAGCGCAAGAGTTCCTTCAGCTTCATAAGCAGTACTCCCGCGGCCAAATGGTCTAAGTGAATTAGCACGATTCCATCTACCACGATCTCGATTGAGTCGACGGTCTTCTCCATACTTACGACCTAAGAAACCAGTTCACTGCGCCGATTCTAGTTGGGCAACGGATGTCCACGACTACAGACGAACTGCTAGCAGACTGCAGGACTTCGATCGTACCTTACCCCGAAAACCATAAGGGTAACGAATGCGGATATACGTTAATAGTAGAGCTGCAAAAGTCCAAAAACCAGGGGTGTTCGAGGCTTTATGGAGGCGCTCTGGACGACAATAAACTGCGGGGCGCAAGTACGGAGAATGGCCCGCGAAAAACAGTAAAAAACGAAACTTGTCGTAACTTCGTTATGAACTTGTACAGTTTTATAACTCGTGACTGAATATTATCTCATTCGGTAGCGAGACTCACCGTCTTCCTGCTTGATTACCACAGCATCAGTGAGGGAGAACCTTTGCTTCGTCAACGAGGCCTGCAAAGGTATGCCGACAAATTTCCACACCTGACAACACTCGCCAGGCCAAGACAGTCTGTTCTAGATACCTAGCAGCTACGCAGGAGGATTATAATCCACACCATCGATATCTGGCATTAGAGCCGCTCAGTTGTCGGAGATCTATATATTTCGTCTATACTGAGAGCCTGTAACCCTAGAAGAGCGAGCCCCCTGGAGCGAAAAATTGCTGTTTACAAACG,1338,47.46,Escherichia coli
SEQ_551900,ACAGCCCAATATCTTTGTCCAAGTAAGCTCCTACACGACGTCGTTCTAATAACTATAATCTATAATGTGGGTAAGAAATCTGTCC,85,38.82,Drosophila melanogaster
SEQ_346307,ACACTTGACGACAGAGGTTTGTTATGTATTCGTTAAATTTCTCCAGCAGCGTGGGGTACAAGCTTGGGAACGACTACAGCACAACTATACGGGCGTGGTTGTAATAAGTTTCCAACTAAAGCATATGGGACACTACATTTAATCGGGTCTGCGCTCATTTCTGTATTATACGGCTTGCCAATCAGCCTGGAAAGTGATCCATAGGCACAGAGGTCTGACACGATGACACAATACCCAGGTTGAGGGCCAGTCTATCCGGCATCAGACGATTATCTAATAATACTCTCGATTTGAAGACCTTATTATGCTCGTAACTCCTCACATCTCCAACCCCTATCCTGACCGGGTGTCACGGCTTCATCTTAAATGGCGTATGGTATTAACTAAGCTCATGGTTCCTTGCCTTCCGATAGTACCTACAACGGCAGGAGGCCTTGTTATTCCTTCTTACTCTCCTCGTACGTCAAAAAAGACAATGGTAATCCACTTTATGAGAAAGTCGTATGTCCGCCATAATGAAGAGGAATCCTAGTCCAAAGCTCTGTCTCTGTTCATTTAGCTTACAACAGTTCTACACTGTACGCACGCACTTCCCAAGTGTGTAAACTATCCTATGAAGTTGTTTAAGCTTGGTTCAATTGTGTGTGAGCAGCAAAGGCAAGGCCGGGATCGAACGTGTTTCATACAAAGGGATCGTCACCATGAACTCTATCGATAATTGGGACCGTGTGTAGGGCCATCTGGCGCCGTATTGACACGGGAAAATTGCTAGGTGCCGATCTACTCGCACGTTAACAACCCCGGTAATAAAGCCAGGCGTGTAACGAGTTCAGAAGAAGACTCTGGACACTACGGTTGCTTACCAGGAGTGCCTCCCTAAGTTACCGGGCTTTCGTGCGGATTACTCTGCTCGTATCTGAGTCCGACGGACTTGGCCATACATCGTGAACGCGGACCTTCCCGAGGCACGGGCATTTCTATCATGTACGTCTTGATCGGATCACATGTAAGCGGTCGGACAGCTGATTTTGACCTGAGTGACTATTCATTTCCGCCGGCCCGCACACGCGTTATTCGCAAAAATATCGGTAAATGAATTGGGGGAAGGGAAACGGCACCGACGCAAGTTCACGGGAGGTGGATCAGAACCTCGACCAAGAAGGTGCACAAGAACCGAAAGCGTATTGTACGTCGTGGAATCAAGCAGGACATTATCGTAAGGTCGGGAATGTGCTGGATTGCACCTGCGACTCTAGTTGATTCAACCAGC,1270,47.95,Caenorhabditis elegans
SEQ_279781,AAAGGATGGGTCCATCCATCGTTCCCGCTCCTAGAGAGAGCGAGGGACAATGTAGGTAGCTCAGCGGAACTTGAACGGTTCGCCACGAACCATAGAGTTTATACCGTGAGGCGTTCCGTGCCCCACGTACTAGTACACCCGCGACCAGGTTCGCTGCACACATTTGGGGCCGTAAACCATGGCACCTGATTAATTCGTATAATTCGACGCTGTCAGATTTGCGCGTGACTAGCCAGGCGCCGTGATGAAAATTATGGTACCCCCGTGTGAATGTTCTCATGACAACTGGGAGCACGCTCATGCGACTCCCGCTCGGGTAGACCCTCGCCAGCTCTTAGCCCTCAATCTAACCTCGCAGCGGCTGCAGGGGAAAATTCAAATATTGTATGTAATAGACTACGTTCCGCACTGCTTGTTTCGGCGACGTCAGTGTCGGAGGGGGATGCGAAGGCAGTGGTACGGGTAGTATAAAACACAAAATGGGACCAAAAGTAGCACAAAGATCTGTTGCCCGTCAAAGCACCGGTTAAGTGGCTTGAGCTAAAACCTGGGGGAGTTTTACCATAATCCGTAGTCGGCCCGCGGTGGAGCCCCGCACAATCCGGTGGGACGGTTTGCTTCCGATTAAATCTGGCCCACTTCCGCGGTCGGGCCCGGACTTGCCGTCCCACGACCCATTAGGTATTGTGAGATTAAAAATTCACGTGTTAATGTTCCCTCATCAGCCCCTCGATGCTCCAGCGTTACACATTCGCGGGAGCCGCTCTCGTGGACCCAAACGTCACATCAGATAATTTTATACATCCGTTGCCCGGAGGACCGTGATCTTGGGCACTAGTTTACTTGACGCGCGCTTTGCCTCCCGGCAGCACTACTGTCACATCCACCTCAGTAAGTGCACCCGTTAATCGTGTTGTGCAAACGCGCCTCGTCTGCTGGTTCGCCGGTGTGACGTAGTCTTTTTAGGGAACCGAAAAATTCCTCTGCCTGTCTATCCAAACCCAGCAACCGGAGTGATTCGCCTACATAGTGGTTTCCCCCCCACAACCAACGCCCCTAGTCGGCCTCACCCTATAGGAAATTATTTGAGACTCGGCTTTAGAGGATCGTGAAGCGATTCCCTCCCCGCTTTGGTTCTTAGATATACTTTTTACTGTCGCCGTAGGACACGCCGCCTGCGCAGTCCCTTCGATAGTTTAGAAGTTGTTACTGTGTTCCATCCTCTCTGGAATAGCCGTAGGTTTACTGGGTTGACCTCAGTCCTGGCCCGCCTGCAACATCTGCGTGGTTGTCCTATGATCGTGGCGGCAGCCAGGTGGGCAACTTAGTAGTCGGGTCCAATTGTCCAGGTAGTTACATGGGTTACGGGTACGTCCAAGGACCAACTCGAGCTTCTCCGGTAGTTGGGCTCTCGTTTGTGAAGGTGAAACACTATACACGTATATACGGCCTGACCAATAATACGGCAAATGAACTAGATCTCATAGGTAAGGATTTTTGACCACCCAAGTTGTTTTAACGCCTGCCCTGGGCTTCGTGACAAGCATAGAAAGTCCCCCGGCATATATTACGTCATTAGATCTGCACATGCTCGCGGCGCCTCCTAACCCAGTCACGAGCCCCGTCGGGTTACCAACCGCAGCGCTAACTACATCTATAGAGGCGAAATACTCTACTTGACCGCTGCAACCTTGTCTACTTTACGAGCTGAGCTGGTTTCTTTCTATGAACGTGCTGCTTACACGGGACGAGGCCGCCTTTTCTGGGGCGAAGGTTGCGGCAACATGCATTCATAGACTGTTCCGCCTCGAAAGCGGTCGTTCCACTACCCACAGTAACGCCTGGAGTAACAAACACACCTACAGCCCTTGGTCCATTACGTGTGGTAGGGCAGCTGGTGGAGTACAGTCTCAATCCTATCCAACCAACGCTCGATATG,1939,52.71,Arabidopsis thaliana
SEQ_654116,CTCATGTGCGCCCCACGATCTGCATACCGGTCGTACCTCCTTCTGTCCCGCAAAGAGAGATACCCAGCATTTACCGGGTCACTTCTGCCGATATCAGTATTTTGGTTATGTCAGCAATTTTACGAGGTCATCAATGGTACCCGGAACAGACTTTGTGAGGCAGTAAGGGATACGACCAGTTCCCAAGGGGGGTTATACACGTACGTTATTGCCTCGTCAACTGCTGGCTGATAACCGGGCAGGTATATTTGGGATCCAACTCGAGAGGCATACAAGGCGGTTTGTTGTAACCTCCGGGGTTTGTTGAGCCCCCACTGTGGGTGATGGGACATCGGGCGAGGATACAACCTGACTTGAGCGACGCGACCCCGCGTATATTGGCCTCAGTAGGTGCTGTTATCCAGTCAAGAATACCTCACTGTAGGGTCGTAAACGATTATTATATCCGTCGTTCCAAACATCGTACCAATGACGTCTTCATAGGCTGCGTAAAGAGAGGGTGAATAGGGTAAGGGGCGCTGCTCATCCCGTATGCAGCCGATAATTTCACAGAACTATACGCGTCACCCTCATTGCTTCGAAGTGATCGGCAGTAACATACCTAGCTAGTAATAGCACATAACACGCGCGATTGTGTCGTATCTGTCGTACAGCAGGCCAATTTTACGTCCCGTCGACCTTTACAGTAACCCACAATCAGGTAAATGAGCTAATGTTGCGTTTTAATGACGTAATAAAGCGCTCCACTTGCTTGACGCCGCGCATCCCCAATCTATAGCTGATGCTCCGATCTCACTCTTGAACCTTACGAAC,813,49.69,Drosophila melanogaster
SEQ_480669,ACTAACCTACTCTGCTTATTATGCATACACAGTCCGTGCGTGACTACTCTACCTATTTCCTCGGCGCGAAACCTACGATCATGGAAAAAGCCGTTGGTTAGTTTTACAACCAAGGGGACGGTTGTTCTGCCCCAGCCACATGTTATATGTGTCGAAAATTCTAGAATTTACAAATGTCTCCCCTCATTGTCCTTTCGCGGTCGGCTCGATTTGCTGAACCCCAATAAGTGTCTACTAAGTGAAACTGCGGGTAGTATAAATTTGCGAGACACTAGTCACCGTTTGTGATGGGATCAGCAGGTTCCTGGTCAGCTCTGAGATGGATGATAGGTCTGTTGATAGATATCTTGAGGAGCGCAAGGCTAGCCCACACTTGAAAAATCCTGCTTCCGAGTGATAGCATTGTGACGGGCGCCAAGCCAGTCTGCAGTTCTCCCCTGGGGATTACGAATACATATAAGCTTAGGCGTGGAGACCATGACAGTTAAAAGTTGTTGTTGTACAGCAGGGTGTAGGACGGCTGCCCCGGTAGGGCGAAGGCGAGGTAAGACCTTCTATTCGAATCCGTGATTTACGTTAACGGATCGCCGCGATCAGGTATCGAATGGACCATACTTCTAGCCGTTACGGATACTAATAGAGTGACAACTGACTAATGACTCAAATTCGTTTACCGCAGGCTGTCTCCGAATGACTCTAAACCGTACATCGCGGAGAGCCAGCAAAATTCAATGTAGGCAGGCCTGGGGTTACTCTAACCCGCAAGCGTAAGAGGAGCGGGTACCGCCCGTCCCCACCTCCGAGGAAGTAGAAGGCGACTAGAGGGACAGAGCCTACATGCTGGAAAATGTAGGGATCGACAGCGCCATACAAGATCTCCACTGGATTCTAGCTGCACAGAGAAGGTCATGTTGACGAAGAACATGTCTAAGGCCTTATAAGGGAGTCCGACCCACTGCTAGATCGTAAGTAGCGCTTATCGATATTGGCTCCTATAAAGGTTCGTGTAGAAGAAATTACTACTACTTTCGGGCTTTTAAATCAGCCGCGCCAGGCCTTAGATTG,1065,48.73,Drosophila melanogaster
SEQ_395990,TGTTCCTACTCCCGGACATATCCAATTCATTTCTGAACCGTAAGAGGGGCATCGCGTCAGGGCGTAAGTAGGTCGTATTCGGAAAACTCTCTGTGATCAAGCGTAGGGAAAGCAAATGCCTATTACTCCGGAGTGGGGGAGCACACAAAGACTCGGGATAGGGGTGAGATCAAGACATAAACACCTAATCGACCAACCATTCCTTAGTTCCAAAAGGGGGTTGTCACGTGCGCTAGTGTGTTTATACGAGTGTGTAACTTCTGATTAAGCACTTCTGAGGGGTTAACCGTACTTCCAGGATAGACACAGACTTAGGGTACGTATGACCGTGCGCTGGGAGACAGGCTTACGGTCGCCTGTCGTTATGCGCTCGTGACTTGCGCTAAATACTCGGTCCTAGTACGTTACTGGACCCAACTTAGTGGTTAAGGTGTGATCTGC,441,49.43,Homo sapiens
SEQ_852724,CATATATTGGCGCTTTTGGCTTTAAGGGATCTTTTAGAATAATACTGCTCACGTCCTGCGGGGTGCGGCCTTTCGAGTAAAGTGTTTGTGTCTTCGCTAACCTTGCCTTGCTCTCCAAAGTCAACCCCCTACATGCGCCCATTCTCCCGTTCAAACCAGGCGCGTCCTACTGTCCAGATTTTAGTAGCTCCAAGGATGCTGTATTTAATATCGAAGAATCGGCCCTCAGAGAGCTTTATGGGATGCTCTACGCCGCACGATATCTCACTGTACCTACGCTGCCACATAGGGAAATAGATGCACTAATGTGACCCGTCTAAGGCGGGGCCTTGACCACTCCATAGACATCAATTCGAGTATGAATGAGATCTTCGACGTCCGTCGCGCCCTACTGAAGTATCGATCTAGCTCATAACTACTCGTGGTTCTGTCTTACTTATGGCACCTTCAGCCCTGCCGCGACTCCAACGTGATTACTCCCTTTTGCGTCTTTCGCCAGTTCGCCGCATGAAATGACACTAGTACATATGTTGGAAAATACTATTCAGAGCAGGTGTTCATCACTTTTCATTCACTACCTGTCTGTAGGACAAATATCAACCCCATGGCACGCACGTTAATCTCCCTCATACC,633,48.18,Drosophila melanogaster
SEQ_693773,CCGTGGAAGTTCGGGGGGTTATCGCAACGTGCCTCTATCGTATATGACGCGTAATTCGCCCGCCTTGTTCGATGAGTCTTCAGGGCCAAGGCGTTCTACATTGAACACGACAACTCCCTTCACTGATCAGCCCCTAGACCTTAAAAGCGTACTTCCTTTTTGGAAACTTACTGTATAATAGCAGTCTGCCTCTAGGCTCTACCGGCTCCTCACAAGGGTAGTATACTGTCGAGAACGGGCTAAACCCACAAACAGATCCAAAAAGAATCAAGAGCCTGTACTTTACCAGACCGTCAAACAAATTTAAGTCGAGGCCGCCCCCCCTGCGTTCTTCAGATGACCGGTGGTTAGGTCATTTACAGATCGAGAAACGGTTCATTTCGCAGGCGGTGGCCCAGTAGCAATCAACCCCCCGCTCCAAAGTAAAGAATTTCTTACCCCGTGAGCTTATTTTGCGCGGAGCTCCACCTCGTACGCGGTTGCAGGCGCAAATCTTACTTGGGTCACATCTATTAGCTCAGGTGGGCCGTAATGTTGTGGCACCCCCAAGTCCATCCAACTTTTTCCCAAGTTGTTTTCCTAATCAAGTCGAGCTTTCTGTAAGGAATCTTAGATCCTCGAGGTGACCTAACAACCCGTCTGCCGGTAGGGTATGCTCCGGCGATGTGTCTCGCGACTTGAGGGCGCTTCTGACTGGCACGAAAAACCAGCCGTTAAGGTAGGTCTAACAAGTTTCAGCAATTGACCAAGGTTGGTTGGAAGGTAACCGTACGTAGCATCAATTTATAATGGACACCTGTTCCCGAACTGCGGGCACTGTGTACGAGGCATTAGATGCGTAGATCGCCAGAGAGATTCTTGAAGAGGTTTCAGGATCTATGCTTTAATGGTCTAATCCACTAATCAATTGATATACTAACACAGATTGAGGGAGTCGCTTACGGAAACCATCATCTGATCCCGATCTGCTCTCGGATACGTCGCAGCTCACGTGTTGTCCAACACCTCGACTCGCAACGATAGTTCTGTCCTCATCGCAGGCGTACCAGACGAGAGGCGCACAGCCACCACTACAGCTAAACTCACAAGAAGTACGTCTCGCTATACGTTCTCTTTATGGATCTAGTTTCCACATGGCGGCAGCTAACTCATATCGACGGGACAAGATCGTGGGTTCAGGCGGAGCCGCCTTGCGACATGCATATCCTCTCGGATGCGGGACACTACGAGTTACTACGCGACATATACCATCGCGCCCAGGACCAGTGTCGGACAATTCAGCGCAATAACAATTCACCTCTTCAGACTGACCG,1313,50.27,Saccharomyces cerevisiae
SEQ_714326,CCAATTTTCTCCTAAAAAATTAGGTAACTTCTCTGCGTGCGACTTCGTGTGACTACCTCAAAAATCTTTGTGCCCTAGTATCCACACGTGACCCGATAGCACCCAAGGGGGTACACATACTCAAGCCAGATTTAATTTGTGCCGGTCGGTGCTCTGAGATTCGCCTTGACTCAGAACTCCACTATAGGAATATGATAGGACACACCCTGCTAACTAGCTAGATTCGTATAGAATAGGAACACAGTCACCTGTATTCAACTGACCCTTTTAAAAGACGTAGTCTCAACATAGGTACTACGTAGTTCCGAAAGGTAATCATAGCCGCAGCAGGAGAAAGCTATGTACGTATGACGCATGTCTCTGCGTGAATTGAGCTTTTTGGATGAATAGCTGGATGGATGTCTCTTACGGTGGACAGTCAGAGTCCATAACACCAGTTCTCGATTCTGGAGCTTCAATGAGCGGAGGCTGTCAAGATCCAGGCCGGCGGGCCTTATACTGTAAACGACTGCGTTCGATTAATTCTTCAAATTCAGACAGTATGGTTGTGTAACATTAAAATTGGTTGGCGGGTTCGATTAATACTATTCCTATTCCACTACATTATGCGAAGGAAGTTCGTCACGTCTCGCCTCCAGTGCTGCGCGAGTTAGTTCATCGGTTGAATTTGCCCTATTTGGGCGCCCAAGGAAGAGAGTGGACACCAGAACTGCATCTCTCGACTCATTTATCCAACGTTGTACTTGACCGGCTAGACCATACTTATTCCGGTAAAGGTGCGGGACATCTCTAAGTAGATTATGGTTTACTCCCAGAGCGACTTCTACTCTCACGTCGGTCGACAGCATAGGAACATAGGTTTATTGGGCGTGTCCTCCGTATCAGCAGTCGTGGATATAATATACGATGATTTGAAAGCAAT,922,45.55,Escherichia coli
SEQ_535042,CGAGCGAGAACATGTTTGAAATCACGAACGATCATTTTGCGTCGGTTAGTTGGCGTAGCACAACTTGGTCTCGGGACCCACACCTCCCTGACCCTTAGGGCATGATGTGAGGTATCTCTAAAACGCTCTTGGTGACGCAGCGCACAGTGCTATACCCCGCAAATGGACCTACGAGGCCTACCGGTAATACATAAGCTTTTTCAGAGCTCATGCTTGTGGGAAAAATAATGGCCGAGCCCTGTCATCTGAGTTGCCAGACCCGGGCTGAGCACTCCTCTCGCGGTCCTACGACCACCGTCCGGACTAAAGAACCCCGCTCGTGTGAGTGAACAACCGGAGACCCTTGAACCGGGTGATTAGTGACCATTTGAGCATGCGGCAGCGTTAAACGCCCAACCCGTGGATGGGGACCGAAGTACCAACGACGGCTAATTCGAACCCAGGTCAAGCTTTAGTAACACCCCATATTAGACAGTAAGTTGATGTCGTGTCCTCCATATCCTCGACAAGGGTCAAGACCTCTAAACATCATATGGTCCCGTTGCTTTCCACCTCTCGCGTCGAAGTGTGCTGATTGCGCCAAGAATTGTGATTACGGGAACCCATAACATTCCCTGATCAAGCCGTCGAATCTCTTGGCCCAGGCCGCTGAGAGACGCATTAGCTTATACGTACGTCCATTATGGCTTGCTTGTACACAGGTGCGCATCCACCTATAGAACTGTAGTCGACCCTACGATTCGAACCTTTGCGATAACGACATTCTTGCCG,771,52.01,Mus musculus
SEQ_752636,ATCTAATGGAACGGCAATAAATCGTTACTAGTTGGGGGACACATGGTGCTTAGAGCGAAGGGGTGTCAGATAACAAGCGGGATATTGGCTCCGCTATTTGATTTGTCCTATCGCTATGCAAATCGCGCTGGACCTGAGAACCGACGTGACAGCCGCCAGCGTCTCCATCCAGACAGCGCGATCAATTTAAATTTACGCACGCTATTCACTATGAACGCTGATCGGTATGGAGTAGGTGGGCGGCCCCCGGGCTCACCAAGAAGTAGCCTGGCCAGGAACAAACCTATGTCCTGACGCTTTCCTTGAATAGTTTCGTCGGACGGCTAGTTGTGACCGGTACTGTGTCGACTCGTTCGCTGATTGACCATGGGTTTCAAGATTACTCAAAAAGCAGGATCCCATACCCATACTCGAAAAGGCGAGCGAGGTACTGCAGTTCCCCACATTGACCCTATAACATCATCACTAACATCAACACGCGTGTGAAGGATACGAAGTTGTGATTTAACGGATCGATCCTATCGCCGTACAGTGAGTGACTATGTACAGTCAAGTTATATCAGCGACATTTTCCGTCACACACAAACGATCACTCGAAAGAGCCATTCATCAGAATATCAGTGTGGTAGCATTCTACGTAATAGAGCGGCTAATACGACAAGGTCAAAGAATTAGGTAAGCCCTCCACTACTGTCGCTGTGATCAAGTAGCTTACCTTACACGCACGGGCCGATTCCTTCGGTATGGTGCTCAACCACCCCCCTTGCACTGTAGATTATCCGGCTCCTGCCTGGGAGATATGGCCCTCCAGACCTGGAGATGTAACGCGACGCCGATGTCATCCTTAGGTGACTATTGTGGGAATCATGGTCCCATTGGGAGGGTCCAACCCCCCGGCCTATCCCGTCCCCCCCCCGTCTATGGTTTCGTCTTTATGGTGGTACGGCATGAGTCGGAGGAGGCCCATAGGTGTCAGGCATTTAGCGGCTCTGCGGGGGTAGTTCTGCTGACTTTTATCAGGGGGATGCCATATGATCCGAGGAGACCACTTGTCGTACCCGTCACAATCGAGATGAATACATGGCTCTTATTAGATCGTGTCGTGGCGCTCAGCTCAAGTTGACCACTCACGGACAATGACGAGTTGCTCTTAGGTAGCGTATGGCACTCTCACCCGGTAGCAACTTTTTTCGCGATGACTAGAACGGCGGTTATTGGGACTTATTCGCAGACGTAATAGTCATTTGCATTCAGGGAGTCATCACCTAGATTGATACCGCACGGGCAGAGAACTTCCTCCCCTCCCGCCCTATACATGTGCATATTGGAGAGCCCGTTTGTTTTCAGGTTGTGGCGGCCCTTCCTGCTCACACGAGTCGGTAAGTATACTCCCATGTAGACGTGTCTTGTACCCGCGCTTGTTCTTAATCGCCATAGCTATTGTGGTTCTGACCGTAAAAAATTCCGAGTTTTCGTATGCTGTCGTTATACTGCCGGCGATTTGGACTTTTATTTGTACCATTGAACCCTCCCATGCATGACTAGCATTAAGCCGCAGCGGTGATTGTGTTAGAGGGTTATCTCTCGCACTTAGGTAAGAGATTTAACTTCAACCAAGCCACGGCTTTGGATATGATATCACCTTAGCTCTGCCAGTGCTCACTCACCCGAAGCCTGGCTTAATACTGCCTTAAGCATCGCGGAACTACCGCGCCACAAGGGGCGTATTGACGACTTGCGACTGGTAGCACATTAGGGAATATGGGCACATTGAACGATGAGCATATCTGGCACGGGATTACACGAGGTTCAGCGCTCAAGCGCGACAATATTGGCAGGCTTTTTCGGAAACACATCTCCGTGCATGAAGACTCCCTAGCGGAAGATTCTGATCAACGTCAAGATTCGTGT,1911,50.24,Homo sapiens
SEQ_449302,ACTGTTTATTTCTGGATCATGGCGTTAGTCAAGCTTGAAAATAGCTGGCCTCCTCCAACGCACTCCGGAATTTCATTCAGTGAGGGGGCTCCGCTCCGCGTCGACTCGCTCATCCTCGGTTGATCTGGTAGTCAGGTGCCGCATACCCTGCTTCCGTTCAAAACCGCATCCTATACGTTCGGAAAACGTGCTTAGATTTTGAATCGTTGCGCCGGGATTCAAGTATAATAAACGTCTAGAGAAGAATGAAGTCTGCTTGTATGAGGACGAAGTACTCGGAACTCACTCGCCGAGTAAGAAGTTAGGATTCTGGTTCGGATAATATCCGATTTGCTGGACCGCGTCCGTAACACCAATGCGCGCGGCTACGGGCGAGTACGCGTAACAAAGAGTTGATGTTAGTAACTGCATATAGCCTTCTATCGTATTGTAAAACCTCCAGCATTTTAACCCTGAGACGCCGGTAGTTACATAGTTTGCCTACTCTCGGGACCGGGCTAGCCTGCGCACCTGCACTACTGGGGTGCAGACCGTGCTTTACTCCGCATTTGTAGCTCACTCTGGTTCCTAATTTCTCATTGCTGCTTTAGTGAACTAGCCGGCCTAGTTGGGCACCCTTAGGGGCTGGTTTGCACCGCCAAAGTAAGTAGAATATGCAATAAGATGCGCGTGATGTTCAGCATAATACATTGACCGGTGCGGATTGCAGAGACGTTGTGAGGCATTCTACTGGGACCACGAATACTCACACATTTCTAACTAATCATAGTGGTGAACTCGCCCCGGGTCGACTAGGCCACCTTTCCGCTGCCTTACGCTATATGCCCTCCGTCCTTTGTTAGCACACTTCTCGTGGAGACGAGGGGCACCTTAGTCATGGCTGTACGTAGGCGTACACT,899,50.28,Saccharomyces cerevisiae
SEQ_298128,TTAATGCTATCGGTCACTGTTGCCCGGAATAAACGTGAGTTCCTGCCCGTTTGCGACGTTTTTGTTCTTTCTAGCTATAGGCCGTTTTCCATTTTCGTTCCACCACAAATCATGGCAGATCGGGCGGCCACGAATTCCCAGAGTGATACTTCGATCCTCGAGGACGCTGTACCTGAAACCGAGAGCCCACCGTGTACATCAACCAAATTAATTATGGGTCCATGAGCAACCGGTTAATGTGTGGATTGCCGGTTCACGAGAGTGACAGCTCAAACCCTGCAACTCTGAGCAGTGCATGAGCAGCTCGACTTCTCACACGGTTAGGGAAGTGGAAATAAACGTTGACATTTGGTCTGGAACTACTTGCGCAAGGCTGCTAAAAAACGGTGCAATTTAACAGTCCTTTTTCGTGAAAAAACGGTGGTGAGTAGTGTCGCGCGTGCGTCAGTGAGATCAACTCACAGCCCGCTGGCGAGTTTACTTGCCCTGCAGCTACAAAATAAATGA,507,48.72,Escherichia coli
SEQ_178771,GAAGCTATATGATCAATCCCTTAGCTGATTTACGAGGTCGACCCCAACGTTCCTATAACCTTTCGTCGGTAGGAAGACCAGCCTTTACGTCCCTTTTAGTACCGCCGCCCAGGAAGATGTTGTGATTACCTCCCTTTTTTCTCACCTGAGTTGAACGTGTCCCCCGACATACCACGAAAAGAGCCAAGACCACCCTATGATCCACTACTATTGACCTAGTCAATTACGTACGGAC,235,48.09,Caenorhabditis elegans
SEQ_990953,CAACGCTGAAGGTTGAGACTACGCCTAAGCAACGCAAATACGTAGGTTCCTCTTCGTGTTGACCCCTGGGGACTGTATTAACACCGTCGAAGGTACGAGGTAACCTTAACAACCTAGTAGGGTTAACTCTGTAAGACTGTCTGGGCGGAGTGGCACCGCAGGAGTCACAAACATTCTACGCGTCTGATAGTAGTATCGAACAAATTTGACGGTGGCCTTAGACCAGAATGCGCATTATTAAAGACGGATGTCTCCAGCTTTAAAGGCCGGAGGGCCGGCCACTTTTGACGCAACCTCCCAGCACCTCTCCGATTTCGGGCACGCAATGAATGCAGGTACTACGCGGTATTCTTTCTGGGTTTGTCCGTCCCGACATTGGTCCAAGGCACCTCCCAACGTTGAACGGGCATAGAGCGATGGCTGCCCGCCCTAGGAGCATAAACATCTTTCAGAGTTGCCCCCTGAATCCTAACAGTTGGGCGTAGTCATACGTGGGCAGCATAAAAAATCCCATCTCCCTTAGGGCCCAGGGGATTCAGCGACTTGTGGCAAATCGTGGTGAACGACATTGAAAGGCAGAGTAATTCCTCCGTTCCCCTAATCGGTGAAC,610,51.8,Mus musculus
SEQ_133004,ATCAGCACTCCTCCTTTTATTCGCAGTTACTCATGACCGGTATAGTCAAAAGTGAATGAACCTGAAAGTCTGCGTTCGAAGCAGCTTGACCAGTGCCGAAAGCAGGGATGCCATCTCGACGGATCGTGACATGCCAGGGTGCGCACCAGACGGTAGACACTCCGTTTCAGAAATCGACGGTCGCCATAATGTGTCACACCCTTATCGGTCGTGTGTTTTGGCTCTCGACGATATTTCAAGTTAGCACGGAAACTTCTAGTTCATGAATAATTGCGGCAGCCAGTCGAACAGCAACGACATTTCGAGAATCGTGAGACTACTGAATGATAGACTAATTTAGAGTCGAGGATGGAAGGCCAGTAGACCGCGAGATCGATCTAAGCCAGCTGGGCATTATGAATCTTGCGCCAATGTAGCTAGGACTCTAGATGTGCGCTTACTTCGTCTTGGAAGGGTATAGCTTCAGCTCCAAGGTCAGTTCTATGGCACTTCTGGTCGTACTAGGTGGTCGTCCCAATGGGACGAGTCCTTCCGTGCCGATCCAAAATATTACGGATCGATCTGCAGGTCTGAGAAATGCCTTACACAACCGTTAGTCCTCACTATACAAGCCCTCAGGTCATCTGATCTTCTACACCTTATGGTCCCTTCACCCAATAGCCAGACCCATCTGCTCCAATCGCGTGTTTGGCACGACATCCAGTTAACAGACCAGGTTGACAAGAGTTGAACCCTGGTCTCTGGCATGGTTCGGATGACAGATCCCCGGGCAGTTGAGCAAAGGGGAATAAAGTACAACCAACAGAAAGTCCGGTGAGGTTGCAAGTGTAGGACGGTGATTTTATGTACAGCCAGTCGCTCTTAAGGACACCTGGAGCGGCTGCAGGGGGCGATTAGTGTAGGATGTAAACAGGGAGGCAGCATCCCCACCAATGCGGGCCCTAGCTAGGACCTATATCCCACAGAGATTGGACATTTAAAAGCACAACCGCCACTGACGTCGGTCATGCCCGTGATTTTATCTTCGATAGAATCAACGGTGCCCATCTGGAAAATAAACAGCGTCTACGCAAACAACACGTCAATCTCCTTCACGTCACTTATTCGTTATAACCCTGAACGACGACATCGAGGCGATTCTCGCAGTGAAACGTAAACCTCTCGACACAGTATGTCAGGATATGGCTTTTAAGATACTCGACACGTATACGGCGTAATGAAGAGTTTGGGGGTGTAATGAACGCTAGCCTATAGAGGCGAGTCGCTGTGGGGGAGACAGGGTTCAGTCGAAAGGGTATGGAGGGTTGCAGCGGTTAACTTCTCATAACCGTTGTGGCGTTTTGACCTTATCATGTACGGCGCAGAGGTATTTCGTCAAACCTAGTCACGTAGCAATTATGAACTTGTAATCTCACCGATGGTCGGTCCGGACGGGTTAACCTCGCCAACAGAGCTGTAGTCTCCGCTTTACGTGGTCGTGGC,1482,49.73,Drosophila melanogaster
SEQ_295618,TGCAGCACCCGTGTCAAATATTATTTGTGTATATGTACCGATAGACGGGCAGTAAATGGGTGTTCTAGATATGATGTTGCATCGAACTTCGGACGAGTGTCGACCAGACCCTATCAGCTAATCCCCACTTGCATCCGCAGTGTAACTTCAGGTACCGGCTCGGTTTCGCTAGGCGGGCGCGCCACCGGCATGCGCGTATATAATTTGTGATCCGTTCTAATGCGCAATCTAAGGAAGAACTTAAAACGTTTTCAGGATTGATGCCGAGTGTAGGCAGTGGTTTCAAATTTTCCCGTAAAGCAGAGTTGGCCATTGCCTGTTCGCACAGTGTCGCCCCGAGTAATCGGAGCCTTTCTGGAAGCAGGTCAACAGGGTGGTGATTATACCAGAATTAAATATTTGAGGTCCTATGCAATTTTTCTGATCCAGCTCCAAGTCGCGCTACTACCTGTTGGTTCAGTTCGGAGCACCGTGCCGTAATAATTAAATCCCGCCACCCATGACAAGAGAGATCCCCTGTGGCTTTATGCCGGCGAGCCTCCTGCTATACAATTTAATGCTAACAGCTGAGCCATTAGACGTACCGGCATAATCCCAGGACGTGATGTCCGAGGAAAGTTAAGGCTCCGGCCAACGCATGTTGGGTGTCTGCGGGTGCAACAAATAACTATACGTGTCCTTTAGGCGCGTCGTCTAGTCCTTTGACCACTCCAACGCGTGTGTATACTTCGCAGTTGCTCACGCGCTAGTAAATCCATGCTCCCACATATGGATCGCCTTCTATCTGGAGCGTGAAAGGAGTATCGGCAAACGCGTGTTGGCGCTTTGAAGCATTCTTAATATCACATTGC,851,49.24,Caenorhabditis elegans
SEQ_465795,TTGAACGCGACGATCATTCAGAACTGTCATACCGAGAACGAGCAAGCTCTAGTGTTCATCTATGTGCTGTGCTTAGGAATTCTAGGACCCCAGCACAATTTCACTGGGAAGGTAAAAGGCTGCCGGGGTGGGTGAACGAACGAGCTTATCCGACCCGTTGTCTACCCAAGCGGATTTCCGCACAGCCGCTTGTACCGCGCTGTACTACAGAGTTTTCAATAAGCTGCATCGTCACGGACAGAGTCGTTGAAGCGACCATAGACATCAGACGTGATACTTGCTATTTATCGCGAAGCGCGAGTGCAGAGAAATAGCTTTTTGCCAGCGTAAAAACATGACGAGCGACATTAATAGACGTTAGCAGAAATTCATAGCGAACTATCAGCACGTACGCTGGATCGTAGCCCCGCTTGATCATTTCTGCTTTCTAATCGGTAGACCACGGCGTCGAGAGTATGCCTGCAACAGAAAGGTTCGTTGCTAAGTAAGATGACCCGGGGCTCCGGGCGCGAGGCGCCAATGGGTCCACGGAAATTTCCATGCACCATCAACGTTGAAATCCGGGAGAAGACTAGCATCATACTAGGTCAGGATAGTTTCTCTACGTCAACGCTCTGACTAGTAGGAAAACCCCGCAATCCATCTTATCCACCGTCCGATTCAATTCGACCAATTCCGTGGTTCATCGACTAATCAGCTTTTGCCGTTCGCGCATTGGCGGCCCAGGAAAGCGCCAAGTTAACATGTACCGTATCCCTCTCTTTCCTGAACAAAATAGGCCACAGGCCATGTATGGTTCACATTCCAAGCACTTATGTCGTCCTGCCCGACTAAGGAAATCTCACAAGCCGTCTGCATATGGAAGGTACGAGGAAGTTAAGGGCTGATAGGCCCCAGTGTGACTCGACTACGTTTCGGGCCCGTAGTAAGTGCGAGGCGAGGATGCTAGAGGGTTAATCACGTACCACGCAGGCTAGCATAATGTAAGTGAGGATTCTCGTCCTTAAGTAGTCTAGATAACCCACGTGTTTTAACTTCGGACAGAGACGTCTATACGACCAAGCCGATTTTAAAGTAGCTCACTAGAACGTGAGATCGGTAAGACCTTATTCTCCGAAGCACCAACTTATGGCAACCGAATATTTTAG,1148,49.22,Homo sapiens
SEQ_359834,GACAGGCCGGGTGCCCTGTATTCAGGGCCCACTCTTTCATATGTCCATGCAATAAGCCGTCTAATATTGTAGATGTTAATACCGCCGGCGGATGCAACCACAAAACGGCTTGCATCCACTCAACGCTAATGAAAATTTTATACAGGGTATATTAGGCATCCGT,163,46.63,Caenorhabditis elegans
SEQ_543330,CGGGACGTCTTTCTAAAATTTGACAGACTCAGCGGGTGGTAAGTAGATACTCGCATGGGTAATTCGGATATATGTTTTCTTAGCGGAAGCAAGCAGATACATGCCGATATTAAGTACGAATGCTCCTTTAGTTTCGAACGGGGACGTTGGATCAATCGAGAGATAACCAGAGCAAGCCGATGCTCAGGACGGCTAGGCCTTTCAAGTGTAGGCAAACCGACTAGTGACTTGCTAGTCGAGCTACTACCGCTGACTGTCAGGTGGGTGCGGCTTTCAGGAGTTACAATACACGAGATATCACTGGTTCTAAGTCTTCACTTATAATTAAACCACTCGGTGTGAGTCGTTGCAGACATCATCTAGGTGTACGGGACACACATTTCGTAGTACGCTTTCCGCTAGCCACAACACTCAACCATTTAGTGGCAGCAGAAAACGTCCCTCCTGCCTACCATGACCGCGGGTGTCATCCATCATACCAGTGGAGGGAACAACTGTAATGCCGCACCCTAAGCCTTGGCACCTATATGAATCAATCAAGCAGCCGCCATGAATAGTACCTACTGACCATATGTAGCGGATCCGTAAGGCTAGGCACAATCCTAGTTTGCTGTTCGCCGGGGCAGAATGAATTCACCACACACCTGCAGAAACAGCGGCTTGCGGAAACTATGGTTGTAGAGTAGGTATGCTATTAATTGCGGATTCCGCTTATACAATCCGAGGGAGGCACTTGGGAGCCCTCCCTGTCATGTATGAGACGTCGAGCACAGC,774,49.1,Saccharomyces cerevisiae
SEQ_810586,TTCCGGATGGACGCCTGAAGGTCCTCGGCTCGATCCTAATTGCGCAGCAGTGTATGGTTCGTTTCGTGCACACACAACTTTCAGTTGGTGATCAAACTACTCGCGAGATGCGCCAGGAACTGGTCTAACTCAAAGCGAACGCGGGGCGTTCTCGATCCTCTGGCGTTTTTCCAGGAACTCGCCCGATTGTTAAGTAACGCTGTGGTTACATGCAATTAAACTTACTTTGATTCCGCTCCCGCTTCCGGTTAATAGATAACTAAGATGCGGCCGGGAAAGTGTACTGCGCGATATCTAGCTATCACTGAGTCGTTTGTCGAAGGCCTGCTGACCGGTTGGCTCAATGAGTGTATGAATCCCTTAGGTTCGGATGGCTGCGAGTTGCGGCGAGTAGTGTGGGAATAACGTTTCCTTGGCCGAGACGCAAAATTGACGAACGCCATATAAACACGTGCTCAGTCAGCGCTCGAGCACGGCTTTCGGATGCGAGCTAAAGATTTGGCATGACGTGTAGCTGAGCATTGATTTCGACACGACCACTATTCTAGGGAATACCTTTTGATTGGATTTGTTTGTGTACGGTCCTCGATAAATCGAATCAGAACAAAGTCGCTCGGTGGGAAGGCCAAACACTGGAGTCATGGTCTCATCATTCCGGGAGACATTAGGCGAACCGAATTGTCTATCTCTCAGTACCCCACTCAATTCACATTCATGTCTTGCGATTTGCTTGCAGATTTAGATGCCTCAAGATTGTTCCCATGTGTTCGAGTGGACAGCTTCAGACAATAAGTACGGCAGTAACGGTGTCGACTCTAGATATCGCCCTCTGCTACGTGTAAAGACCGTATCACGCGCCAGGCGATTCCATTTTAAAGCATCACAATACATCTTCGTAGCGGCAGCAAAGCCAACCTGTAACTTCAATCTTATCGCGACTCATGTTACGTATTACCTCATGCTCGGCCGTCTAGGGTAGTGGTCGATCGTACTACACACATAGAAAGAGAAGACACAGACAGATGACATTTAGTGTTGCGCTCATACTGCGGGGCATCGATCGAGATTCGTATCAAGGGCAATCCAGTCCTGATACAAGACTAAGACTATTCCTGCGGCCACGATAGACGATGGCCGGTTTACCACACACATAAGATAGTCCCGAGCTAGGGACCCTTACCCGCTCGACGACACGCTGCGCTGTCCCTTACTGCTACGTCTATGGCCCAGACGTACATTATAGTAACCCGTGGGAACATATACACGTGTAGATTGCTCCAACAACAGTATAGTGGCCTATGGTTTCGTTCATAGAAGGCTGTGCTAACTATTTGTGACCTACAGCTCTCTTCAAGAAACTAAGATTATACGGGGCATCGC,1380,48.84,Saccharomyces cerevisiae
SEQ_712567,TGCGTAGAATATTCCCGTTCTAGTTGCGGAGTGGTGCCGTAGCAAAATAAAGCGACCTGCCAGTTTAGATATCGATTTACGGAGACGCTATACGGCCTGGGGTGCCGCCATAAAAACTAGAATACAAGCCCTGGCGTGAAATCCACGATCGGAAGGTTAGTTTCAAAGATTATAACCGTCGACCCTTTTTACCAAGCTTGTTACTTTCTGTGTATAAGTGAGTCCTGAGGTGGAACGCGGACTGGATAGTTGCTGCCGATAAGCGCCAAGGCTGAAAGCGTGGTTTAGCTGCGAAATCTAAGTATACGCTAGGCTTCGTGACAAATAGTATAACCAGACGCATACCAGGCAATCTGCAACGTAAGGGGTGCATTAAAATCTACATTCCGCGTAATTCATGGCTTCTCACTCTCGACCAGATATATATTCAAGATCTTAGTAATACCGGAACCGACTACCGCGAGATATATATGAAGGTAATAGGATCCTTATCAGCTATGAATTCATGAATACAGCCATATGGGCACCCGATCTCTATTAATCCGATATCTGTAACCAACCAGACCCCTCGTTACATGTCTTTTTATCGGGTGTAACACATAATCTCCTAGGCCGGAGATTATATGCTTCCTAGTACGAAAATTTCCGGAGTGACCTAGACTTTAGCGTCATTTACCGTATGTTCACATCACAATGCGGAGAGATCTCTCTCCCGCCCTTATGAAGATGTCATATTCACATAGGGAGCGCGCACAGATCTCCCGTGCCCGAATGGATGATGTGATCGCACAAAATGTAAAACCGACGTTGAGGAGTTGTCGGTAACCCCAATTTATTTGAAACCCTCCTCATCATTTGTAATTCTTTGACGAATTCAAACATAAGCCCGAGGGCCAGTCATTCCTCCTATTAATCGACTTCAGACCTATAGAATTAAGCCCGACGCGTATCATAAGTTGTTAACGATGTTAAAGCGTTGAGGACCCTTGATTGATTTTATAAATGGCACTCGGAGAGCACTACGTGAGATCTTCTCTTACACAACGACACGTTCGAGAGACAGCTTGGGAGAGTATAGAACGCTTATGTTCCTCGTAGTTGTATAATCCGTCTGACTTGTAATCGCTGCTCACATTGAGAAGTGTAACCACGAGGATGGTGAGTTGAGTATAGGCAGCGAGGTCATTCTATGCCTAGATGTTATCTACCGAGTTAGTCCCTGCGGACTAAGTTTACTGTGTTGTGATTTCTTTACCCACTCTCAAACGCTGCAAGGTTCGGACCTGAATCATATGTAAAGCGCTGTGAGGAAGGTCTGTTAGACTTCCTTACGATTGGGACGGTCACTCTCGAGAGTGGGGGTCTAAGAGCGTACGCGAGACGCTCATACAGACTTGTAAGCTCCGTACGTGATAATGGGCCGTAGCACGTGGTTTAAAGTTCGCGGCTCCCGCGTAAACGTATCATACGAGGATCGGGCTTACAATTTTGGCATCGAAGATTCTTCTCAGGGACCTCTTGACACCGACAACCTGCTCGTGGCTGCCTTTAGCGTTCGCGTGCCGTTGGACCAGTGCTTGGCCTGGGTAGATGAGTGGTTTTGTCAAACTCTTTTTTAAGGTAAATAGGAATATACTCCAGTATACAATGTAGAATACTGAACTCTGCCTACATACATACAACAAGCTTAAAT,1693,45.36,Caenorhabditis elegans
SEQ_948032,GACCTATTATTGATATGTTGGTGTGAAAAAATAATAATCATCGGAATTCACAGGTGTATGGTCGCCCATTTTGGGTGATTTACATGAGGCGAGCCGAATGAAATCAATATCAGGGTGTTAGATATGCCCGTCGAGGTTGTGGCGTCAGAAAGCATTTGGTAGCGACATCACGCAAAAAGAATTAGACCCAGCAGTTTGATCGCACAAGTGCGAAGTCGTGCAAAGCTAAGTAGTCTAGGGGGTATCAGGACGCAGCCGTTCCGGCGTCCCCCCGTCGAGTTGAGATATGAGGGACCCAGCGCCTGTGATCAGCCGCATCGTATAATAGCAATCCGAGATATACACGGAGGAGTGTAGACTTATCGTGGAACCCTCTTCTTGCCCGATGATTAACTCTTCTCGGGCATATCTTTACTAAAAAGGTAGGTAGCTAAGCTTAGGGCATCTTAATGTAACGAACGGTGATGCGGCACTGACTCTACCAGGATTTCCGTTGACCGAGCTTACTCTGACAAGGCGTGTCACGTCGCAGCAGTAACCTAAGTCAAAAAAGGCCTATTATAACTGCCAATGAGTCATGTGCAAGAGAGGTCGACTCTAGTAGTTCCCGCTTTTTCTGACTTCGTCGAATCTCGCTTGGGGCTGGTTCTTAAGACGCCCTTCGTGATCCAATATTATGCCAGCATGCACGTGTACGCCCATAGCAACTGGCAA,714,47.9,Saccharomyces cerevisiae
SEQ_552173,CAGGTAAGTAGAACTTATGCCCAATCGTAAGTCTTGTTAAGCTAGGTCATTTGTCATAGTTGGAGCTCGAACCCGCAAGAATAACTGATGCGTCGGTTACTGTTGCAATCACGTCGTGGCATAATTGAGCAAGGACCCGGTCGGTAAGTTTTCACGCCGTTGTTGAATACATTGCCATAGGGAGATCATTTGGCCAGTCCACTACGGGTTATTTAGCGTTACTGTCATTGGGGCGGGGATGTGACAGGTGATCCAAGATAAGAAACCCCGTTTCCTACAGTACGCGACGTCAACCGACTCTGAACTCGGCTA,312,48.08,Arabidopsis thaliana
SEQ_861185,AATGCGTTGGACCGGCGACAATAGGCGTGTATGCATACAGGGTGTGCCGGTTCTTGCCATTATCTCTTAACAACAAGAAATCATCCCTTCGTTAACGCGTATCAAATCGCCGGGGTAATCGATTACGACTCCAATAAGCATTTCTCAGTTGCCGACGTTTCCCCCGGTTGCATGTTAGTGAGCCGGGCTGCCATATTTCAAGTGTCCGCTCCTGTAACCGGACCAGATGACTTAGCTGCCTCGGGCGTACGACAGGTAACACTGGAGGACAGTAAGTTCGAGTCTTTAATCCTAAGAGAGAGGTGCGATACGCATCTTTATGAGTTTTAGCCGGTTGAGTTCACGAAAGCGCTTCGGGAGTTATCTTAGCCTATACCGTTGAAGGCAAAGGCAGTGACCTAGATGGAATGCTGACATCATCGCTAGTAGTAAAGTCATCCTCTCCGTACGTAGGTCCGCACTCGGCCTTAAGTTCCACAGTGAGACTCTCCGGTGGAAGGGCACTTAGTCTTTCTATTAGTATGAACGCACTCCAGACTGGCGCAAAAGCATTTCCAATTGGATAAGAGCGGCACGTCTTGATCCCACACCCACACTAGGCAAACCTAACGGCTGCCCTTATGATGCGTATCAGAGTGCGACGCGGAACCCTTGCAGTTCACAAATCTACTCAGCGCTGGTACTGCGATAAAGGGAAATCTGATCTGTCCGCAAATCAGGAACAAAGGCTGTGCATAGCGGCTGAGACCGTGCAGAATTAGATAGGCGCCAGAAAATGGGCTTTAACCGGCTTACCAGACCTGACTCTTGGTGAACCAGCCAGGCGTCAATATGAGTCCCTGAGTTTCACCACTTCACGCTAGACAACATCCCTTTACGCCACACCCGGGGTACGGTCAACGACCATAATACGTGGCTGACTTTAACTGTGCTTAGCACCTAAACTGGCAATTCGCGCGCCCCGCGCTTATACGCTAAAACAAAGAACGGAATATCAAACTTGTCTCCCCGTGGAGCCTGAGACAAAGGCATCTGAATGGTTGTCTTCTTCATGTAGGAGCAGCCTTCTGTCGCTAAAGACCTAATTTAGCTTGGACTCCGCTGACTTGCTTATGTGATCGGAATATAAGATTCGTTAGCTAACAGCTGGGCTTTTCGGCTAGGGGTTGCCTTACTAGCAGCGTCAATCCCAAGCTCTATAATGCTTCAAACGAACAAAC,1220,49.51,Arabidopsis thaliana
SEQ_329823,GTACCCGAGCGCTGATCTAACTTCTACAGGGGGGGGGGAGCAACTTGCTCGTTTGGAGCAGGCTCCCTATATCGATCCTGTGGCTCCGACTGAATCCCCCACCAACTAACAGTACAGTTTGAATCGGTTGGGACCACTTCGTTACATGTGGTTAACGAAAAATATGCAGAGAAATCACCCCTCGGAGCCGTGTTGAGCGCACTTAATTATTATTCTACGAATGTGTATCTAGCTTACACCATCTTCCTCGTCTTAGTAACCTGCGTGTCCTCATGGGGCCATCAGAAGCCGACGTTAATAGGTGGTCTCTCATCCCTTAAGATTTTTTCTGGTACAATCTCTATTATTCGGCCCCCCAAAATCATAAATAGTGAGAGCATCTTCCTCATCAGTAGCACCGGGGACTCACCAGATACTCTGGCGGTCAACACGTCGGGGTCGGAGGCACGCACGGCGTCAGCCCTGACATCGTACTTACAGGGTTTTGGTACCCCGTGATAACCCTGCAAGATACCACCAGTACATCCCTGTGATAAGATTCGTGTTATTTTTTTTCTTAATTGTTGTGAAAGCCTTTATATGCGCCGGAAGCCATCAGAGAATGTACTGTCATCCAGTAATGCATCATCGACATGTGTATTGTAGAGAGTAAGTGACTAGGTCTGCTTAACCAACGTCGAGTGTCGCAGTTTACGGGCCGTTTGATTACCTTTTCTGTCCCACAATCACAAAGCTAGGGGAGTCGGATGGCGGGGCTTAGGTCATACGTGATACACGCGTTATTCACCCACTTTGCCCCGCACTCTCGGCCGAGGATCTTCACCTTAGAAGTAACCCATCCTCGAGAGACTTTTGCGGTACCACGCGTGCCTGAGGCTCGATCTGTGCACGGCGGTCAGGGGGGTTACCTTGAGTGGGTATGGACTGTATGGTCACGCCGTAGTTAATTAGGTAGCTTTCTTTGTCGCACTGCATCTGGGTTGCTTCAGGGATGTCCTGCCCACCCGGTGCTGAGCTAAGGGGAAATAAATACATTGTCTAGCTTTCGGAAAGCCCGTTTCGTTGGCCTTATAGGACTCAGACATATTATCGGACGCTGCGTAGATGTAGATATGGCTAGATTAGTGGATAGAGTTAAGTCTGGCGTATGCTCGGCTAATCAGCAGAGTAGCATAATCTTATTAAGCGAGACCCGACTCATGTATCCGCTCTCATCCCCATTGGAATTGAATTAGCACGGGATAACGGGCTGGGCTAGCTGGACAGTAACGGTTTGATCTATAGGATTACA,1291,49.11,Saccharomyces cerevisiae
SEQ_370217,GTAAGTTAGCCACCTAGACAAGTTCTAGACCGTACGGCAAGTTCCTCCTACGGCCACAGAAACGACCGATCTAGGTTCCGGCTATTCAAGAGCGTTATTTCACGAGAAGATAACGAAGTAGAGCGAACCGAGAACGCCGCTGGCCCCTGGTCTTCAACCGCTCACGGCATGCTTTTATCTACAGGACATGTATCTGCTCGCCGAAGGGTTTCTTTGTGATGTCGGTCCCGAATCAAGCGCCCGGATAAGATGGATACTTCGGTGCGGGTTCGCTCGGCCGCACGAGCTGCGCCCAGTACACTGGTATAGGACACCTGCCGCCCAGCGGTTTTATGCTCGACTTTGTATGGAACCAATAATTTGAAGTAACGTGCTGTGAGACCTCCGATCCTCACCACCCTCATGCTGGAAAACTGGGAACCATGGGGTCTTCTTCCTTTGACGTAGTTTAACACCTGCCATGGATGAGGCTGGCGTATATTCACGCTGTGGGGATATTCGGGAACGTCCTACTTTGCCGAAAAAACGTATAACCGGGTGCGGTCTACAGACCCTATGTCTTCGTTATCCGCCAAAGGCGCTTACAGATCCGTGCGAGACAAGGTCGACATTTAGCGGATCCTCGCTAGACTTTTGGTC,639,52.43,Escherichia coli
SEQ_679527,CGAGCAAAGCCATAGTTCAGAATAGCATAGAATCAATATGGCTCCGATTTCAGTTACGGAACAAACTCGTATACGTCGGCATGGGCGGTTTCCTGCCTAAATTAGTTGGGGCAAAGCAATGAATGCGCTTTCAAGCTCGTCAGCACAGGCATGTTCCATCGTTCAGCTAGACACTAGCAATATTATCCCCGGGTGTGTCGCTCCTAGGCCAAACCGCCTGGCATAGCCTGTGCTTATCTACGACGATTTTCATATCCCCGGGGCGATTTATGTCCCATCTCCTTTCGGGCCAAACCACCCCATGCGCAAAGTTAATGTATTTACTCTCGCGGCTCGGGGACTAACCTGCCCCCCGCGCGGGCAAAGCCCTATATACAGATCACCGTTCTAAGCTGTTGCCCCTTAATAGCACTTCCGCCCCTAGACAGTGTAAGATAGGTCATTTGGGCTGCGCTTATCCTAGTGGGGCCCAGGTTCTTCAAATTGAGCACTTCAGTGCTCAGCTGCGGGGTTAGTGACAATGGTCTAGAACGACCTTTGCTACGGACGCACGTCGCCGCTAAGTCTCCGATAATGTCATAGGCGTTTGGTCTCTCATTTGGGTCCTCGTTCTCAGATGCTCCATCACCAGTATTCTCGTGCTCCCGATGACATTCCTTTTTTCAGTCCGATGTTTTGTAATGATCTCCTGTGTGACAGCACGTAAGAGACCCCGTCATGCGCCAGCGAACAACTGTGACGCGCTTTCGTCCTATACTACGACT,764,51.05,Drosophila melanogaster
SEQ_424369,TGATTTCGAGAGAGATTTGCCACATGGTTTATAAGTTACCGCCCTCAGGGATCATTAGTACCGACCACAGGGACCGGGTCGGTTTTTGCTATCGGAGTAACACGCTTGCCAGCGCGTCTTTTGAGTCCAAGAGGAAGATGTACGTTTAGCGTTATAAACTATATGTGCGAAACTATGTTGTGGGGCCATATGCGTCCGCACATCTCGCTGACCGATATTGGTTAAATTAGGCACACGCAATCGGCGCAGGGCCTGGCACGGACGCTCTTCATGAAGGCGTCTGTTCCATTTTGCTTGTGATCTGCCTAATACGCCCTTCTTTGTGCCGGACTGCCAGACTTGGCGACGTCGCCTATTGGGACGGTCCCTTTGATTTTGCAACCCCCACAGTCCTGCAAGCCACTTGAGTTTGTACTCTTACAGATGTCTACTTTTATAGCGGTGTTACATCAAACTGCGAAAGGGATAATTTCTTGCTTATTAGCATGTACGCACACCCCACATCCGCGCTGGGAACTTAGTTCACTAATCCGAAGTTACTGCACGGGTTGCAGACAAGGTCCCTGGAGGTAGCGGCCACCGCATGTCACGGTGAGTCTCCCCGTAACCATGATTTATATTACCTCCCGATGGGAGAGCGTTGTGTTCCACTGGATCCAAACCCGTCCCAAAGCTATTACAGTCGTTTGCCGTCCAACCAGAACGGAGAAGTATATGCCCGTTACTCAGTAACCTACATACCCACTAGCTTTAACGGTATCTGTGAAGCCCCAGAGGAACCTCCCCAGCGTGGCTATGCCACTGCCGGGCGTGCCAGGCTCAGTTGGGTCCCTCTCCTTTAAACCTGCCGAACTTTTAATGCTAAAAGTAAGTTAAGCGCAGACACGTATACTGAACATGAGTGCGAGAACAGTCGCGCAGAATCCCAATTTTGCTACGTTGCCTTGCATCCGTGACCCCAAACTGCCCCCTAGACCCCGCCTGGCGGAGGGGCGGCATAATGGGTAGGGCACGTGATGGCACGCTAAAGCGGTACACTGTAGTTTCGTCTAGTAGAGGTGGGACTACAATCGCCGTGCACTGGTTATCTAAACTTCCGTGGAATCAAAAAGATCAGCTTCAAGTGCAAACCAAAACTTCAAAACTGAAA,1150,50.7,Homo sapiens
SEQ_795641,TCAGAGTACACGGCCTACGATGGTGATAGCCTCCTATTTACCACACTTTCCTTAGTGTGTCGTCCTAAAGCAGCGAGGCCCCTCCAATGTCCCCATCACAAGGTATATGGGAATCCTGTCTCTGAACTGCAGGCAAGATTTCTATAGTAGTCTGTTTTGTCCGTGGGCATCGCTTGGCGAAACCATGTTCCGTCATCGGATCCCACAAAGTACGAGGTACCACCAGCGAATCTCAGCTCGCACTCTATAGACCGATAAGAACGGGGGTGTATTCGAGTGACTTGCAGGGACGGACATCAGCGATTCTACGCTGCGACTAGAAACTCAGCACTAGGTCGAACTGTACTACCGGACTAGGAATGGATGGCAGTAATGCTTGAAGCCGGCGGGCTGCCCGATTGACGCTAAAACTTCAAAAGGTACTGCGGGGGATATTACGCGATGGAGACTCAATATTTTTTGATGTCGGTGTCAGGGGGCGTTAATGAGACCAGGCTATTTGCCAAAATGGTGTGATTTTTCCATAACTTTTGGCAATACGTTTCGGTCCGGGTCTGCTGCCGTAATACCGAGGCCTTCATGGGTCTACTACATCTATTGTCTATGTCCAATAAGGAGCAGCGAGAGGATTATATTTAATAAGCTGGGTGACATACCTGGGTTGGCTCGACGCAACACGCCTAGTTTTTTAGGCGAGGTCCTAGTCTTGCGAGTCGTA,718,49.44,Caenorhabditis elegans
SEQ_866173,TATACATGGCCATGGACTGCATCCGGTAAGTCCCCGAGGTCGCGTATTTCGTGCCGACAGCATGAGTGCAGTATCCCCAATTTACGAATTCGGGTATAAGGGAGTCCT,108,51.85,Mus musculus
SEQ_935040,GAATCAGACGGCCCGACAGATGCTGGTCAGAATCTTTACATTGCTTGTAGAACGAATCAGTCTGTCAGGTATGAGTGAGCTATCTTATAATCAATGCGCGTAGGTGGAAAACAGAGCATCTGCTGTAGAACTCCCTCATCGTAAAGCTCGACTATTTTGTGCCGCACCAATAGGGCATCCGGCCGTTCTGGAATAATTATCCTCCTATTTCGGAACAGTAAAGGGTGGTTCTTCTGAGCTAGGGGTCGCAACAAAACCGAAGAATGGGGCGTTTTAGATTACGGCCCGGTACAAATTCAAACGTACTCCCATGCGGGAGCACGTTAACAAGAAAAGCTCATATCGCCGCCCCCCAAGAACCCAATACCCCGGGACCGCCTTCAGGTGACGGGATGCCTCTAATCTTTGATAAATCGAACTAGTGCCTGCATGTTGACGTATTGCTGGCCCTATCTGTTGCCTAACTCGCTTTGTGTATGCAAATTGAGCCTCCATGGAGGGGAGCTATGACGGACGGAGGTGGAGGCACATGTGTGTGCTGATTCACTTCGTTGCGGCCGGACATGAGTCAATCGCTCCATTACTTCTCGGGGTGCCTAAGCGCTTGTTTCAAGTCATATCGCGCGATCTTGTGAGTGGACGGTGTAAAGCGCTTTACACTTGTCCTTGACGTCTAGCGTATTTGCAGTAATTCCGGTCTTGGTCATAGAATGTACGGCTCGTACGACGGCCAACGAGCCTGCCTTCTCCAACACTCCATATAGCCGATTTGACAGCTTCGGGCCAATATGCGGCACGACTTTTAGAAAAGAATTGAATCTCCATAGTGCCCTCTACTAGACAACGCTGGTCTGAACTCATCTCGGGAGGAGGACACGAGTCCCTAGAAGGAACTCTCTTGAGGACAACGGGCTACTTGACGCTTCTATATGCCCCGACTTAGTGGGCCCAGTCTACCTGGTACATACCTCAATGGCTTGAAAACGCCGTTAGCCCTCTGATCGGATACCAACGAGTTCGATAAAGCGAATACGAAATCTAGAGAAGCTCACCATTTATAGAGTATGACATTAATGACTGGAAATGATATCTAAGAAGATTACAGTCACATGTATTAAGGCACAGTTGTGGTGAGATGCTCGCATTCACTAATATTGATTGTTTGGTTGTGTAGGGGTTGGGACCGTTCAGTGACCCGCAGCCCAAGAACTTCATTGCGTCGTCCCGTACTCAAATTTCTACTGGTCCCCGTGTTCCAATGCTTAGAACCCAGGTGGCAAGTGCTGAGCGCTTCTAGTGGTGATGAAGCGCCCGTACTGGTATGAAACACAAACACAGATAACCCAGTAATAAAAACTAGAAGGGGTCTCCCCGGATCGAAGACGTGTGAGTCTACGGCGCGGAACGCTTGACTCGTATCTTCTGGCGCCTTTACTTAAGGAGGCTAACCAATCGATCGCCTTACACTGCTTCGTAGCCGCCCCATGGTGAGATGTAGGATGCACGAGGTAAATTTTACTTACTGCGCGAATACTGCGCGCAGATATGAGTGGCCGGGCGACGTCAGGCGAAAATTGACTAGTCGGCGATACAGTGGTTTTACCAGGCCTCCATGATGTTGGTTACATTGGTATGAAGCTAAGATAGTCGTACAAAAACGCATCTCGTATTCAAGAGGCAGGCGCGGTAAATAGTCTGATAGCCAGGCGGCCCGAACAACAGTGACAACGGCAAGGACGCCACGTGAGTGTTTCCTACTAAACGAGCTATGAATATCTCCGGAAAAGCCCTAGATCTATACTCCTTACAGCCGAACTAGTCATCAGCACCACTTAGCTAAGCGCTAGTGAATACAAAAAGCCCCCCTTGATAGAACCCCGACGGTCCGCTATATATCAAGCCTGTCCAGTGGACTACGC,1919,49.3,Escherichia coli
SEQ_397283,CACACTGTAACACGGTGGAACCCACTCTTGCATCGTTGAGCATAGGCTCGTTTACATAGAGACAAAACCATCCGATATGTCCCCCGAGAAGGATTCGCTGGCATTGCCAGGCGTCGAGCGCATAATTGTAACAGTACATCTACTGGGTGGGGCAGTTTACAGTATGTCAGACAGACACTAAACTGCCAACCAGATGGGACAGAAACAAGTTTAGAAGGATTTTGGAATGCCAAGCTCCGGGTGCGCTCAGAAACAGCGACAAGACCTTAGCACTGTCTAAGCGAAAGCACGCTGGGCTAGTGGGGTAATAGAAATCGTAGTTAAATGCGGCAGCCGAACGACAAAAGGGGACCGTTTTTCGCGAGTAAGCGAGTCAGCCAGAGGGGTCACTTGAAATATGCCCATAAAACTGGGTGCTCTAAGTATCTCGGTCAGTGCTCAAAGACGACTATAAGATCCCGCGCCTC,467,49.89,Saccharomyces cerevisiae
SEQ_589107,TGGTGAGACACTAACCACCTAACGTCGCAGCTGGTTCCACGCTTCGCGCATTAGACGAGGGGAGTCTGGGTATCGGGTTTAATTCCTGCAAGTTGTCTGGATTACTCGCTTCGTGAATTTTCTTCGCCCTTCCGCGAGCTCGGTTAAAATGCACTCGGCACCATCGAACTCTTTGACTTTCCTACGCCCACGTATTGCCATTACCTAATCGTAAAAACGGCTCAGTTGAAAATCTCTAGGAAACTGTCCCTCACGAACATTCCCAGGGAATTCCCAGTCCCACGACCGTCATGTCTCACGGGACAGGCAGTCAATCGGTGCATTTTACTGGCCGAGGTAAACCGGTATCTAGTTCGCTACGTTTCCACACGGTGTCACAACGGGGTTTTTCGACAGGCTAAGTTACCGTGATGACCCTAGGAAAAACCGCACTCAGTACCCAAGTCCAGCAAATCGCGCTAGCCCCCTGATACCCGTCATCTTGCTATAATTCGATCGCAACTTGACTCGGGCTAGGCTCAGGCACCAATATCTGATCATAGATTGTGATCATCAAAGTAATTGACATGCTCTTAATTTACGAATGGCAGTAATAAAATTATTATCAAAACCCGCGTGTAACCGCACGTGTTAAGTCAGGTACCCGCCATATGTGCATCGCGGAAATTACCCTGCTCAAGTAACTGACTAGCCAATAGGTGCTGTCAGTGCCACGTTCGACCGATATCTGTCGCTGTGAGCTCGTTATTTTTATCAGCAGAGTCTGCCGTCATATGGACACTGCTCGTGCCAATAGTAACTTGTCTCTAAAAGACAATAATCGCTGGGAGCTCAACGCCATCTTGCACGAGCGTTTGAGTAAGTTAAAACAAGCTTGCTATAACAGCATGGCACTAACATAGCTCGAGGCCGGCGTTATAGAAGATTTATGGTTTTAACAGAGAAAGGGGACGCGCATGGAGTACGGACGAGCAGGTGATAAAGAGATTAATTAAGTGTTATTATCAATACCATGTTTGAATATATGGGATTTACCATAAAATACAAGCAATGACATGGGGGGCCGGCAATCGAAGTGATCCACCTCACTACGCGTATGGGGTCGGAACCTTTGTGGTGTACTTCTGAACGTCTCTCAGGGATCCTTATGAAATTATCTGATCCTGGGTAGGCATTGTTGAAAGAAGACCGGGCCAGCTTAAGTGTTTCGCCATCCCGCGTAACTGTGCTCTAGGTGTATCAAAAGGAAGTCGAGCGGTCCAGCCTCCTGTACCAGAAATAGCCTCATAGCGTCGCTACGCCAGTTGAGATGTCGATTATTGCACTCCTCTACATGACCCTTCGACAAAGATTCGGGAATAACTTCTCATATT,1373,47.34,Saccharomyces cerevisiae
SEQ_867665,GATGGTACAATGCTTTCTCTAGCCCGATGCATAGTATACTGCGAGCCCCGTACCTATAGTATGTACGAAGGCATTTCATGAGCAATGATAGTTTGCCTCTTCCGGACCAATCCCACCGAGGGCCCTACGCCGGCCGAGAAGGCAAACATTTTCCCTGTGATTGCTATATGCGGGTCTGAGGTGGGGAGATGATCCGACCTTTCGAGTCTCTCATGTTCAATAAGGCCCAAACCTGGACTGAAAGCAGCAAAGAACGACAAGCATTCTTCCTCTCTTCCAAGGACATAACAACCTCGGGTCCTGCTCACACCAGTCGCACTCGAACCTTCCGAGACTCCGGCGCTCATCGAAAAGGAGAAGGGAGAATTCCGTTAGCCTTTATAACTACCAGGAAGGTCAACAACTGCACAAGCCTAACCCACTTGTACCTAATATACTTCTGGTAGAGACTGTGCTGTGGTAAGTGCTGATAGTAACCCCGTGACTCAGTCAATGGATATACTCTCAATCGTTGAGTTACTAACAACTATAATCAACGGAACGGGGGCCTAGCCTCTACTCTCAGGGGCTTACGCGTATTTGTCGAGCGTGAAAGCACCGACTGCTGGGTCCTGGGCGGCGATAGTCCTGTCGCCCACCGGCACGCCCGATAAGTCCGATGCATGAAAAGCTCGGGCGGGACGAGAACCCTGAACG,696,51.72,Escherichia coli
SEQ_482355,CTGTTTAAGTCTGATTATGTTTGCACACATCCCTCGTGGCTGTGCAAGGATACGCTATCTCTGCGTCTATTCGTCACACGCGGTACGAGGGTTGTATGCCGATTAGCAACTTGGGAACAATATTGCCCAGATATGCGTGAATGAAGGAGGGAGCGGCAGCCCGCATCTATATAGATTGCGAGCTTTCCGCTGACATCGCGAAACCGAAGGTGATCTCAATCGCGGCCATTGTCAGTATAATCTGCAATAGCTGCGGCCTGAAGCAGGTCCTGTGGGCACATGCATAATACAGCTTCATTGGGCAACCTTTCCTGACCTAACGAACGACAGGAATAACATGGATCGTATCTGACAATGAAGGGGCGGAAACCCAACTGGGTCTCACATTTGACTTAAACAGTACAGGCAATAAAGAAACGTGCGTGGCGAATTTATGGTTGTTACTCCGCGTGATTCCCCTTATCGATTACGGTTGCAATTCTGCGTACCTACATCGCGGGAATCTGACGCAGTGACAGGAATTTCTTAATGTTGCCGTGACGCCAGTTGACGGGGTACTATCTCAGCTCAACTTTAACTAGTTGGATTGCCTTTGGATCAGCGACTTGCGCGATAAACACCGCAGGCGAGGAGGCTGGATCTTACATTAGCTTATTGGAGAGCGTTCTTCGAGAGTTCTGTTTGCCGCCGTACGACCATCGACCTCATGTTACCTTACATTCTAACCCTTTGCTTCGATGGACCTTTGCAGAGGCCTTGGCCGACAAGTCAACCCCTACCCATTGGTCCATAGCGTGAGCTTTCTCTTTACGTAACAGTACGACACGTGGGTCAAGTTGACCTCCTCATATCGTCGCGCATTCAGGAGCTACCCCCCCTAGGAGTCGGGTTTCGTGTCTTGTAGGGGGTTAGTGGTCGGGTTTGCAGCTCCTCATAGTTTATACATAACCCCTGTCGGTAAAGAGGATGATTCTAAGGTACATAAGCGTCGGCGTGGTTTCTACCGCTAACGCCAGCCCACTACGAAGCGCAGTAAAGTCCTGGATGGCGGTTCTGAAACCCCTTGACATCCTCTTCTATTGAAGAACCTACGGCGTACGCCTTCTATAGCCAGTAACACGATTCCTTACGGTGCGGCCTCGGGCAAGCAATTAGGTTGCTATCCAAAGGGTTGGGACGTGTGCGTCAGCTCGAGATGAAAAAGGGGGAAAAACCTGTTGGACCCACGCGAAACTGGCATTGGGAGGTTTCACTCGACTTATAAAGACTGGGTACGGCAAATGTCAGCACTGCAATCTTACTTAGCCACGAAAGGACCGGATTGCAGACCCAATTTGGCTTAAGTGCTCATCTCTGATGGTACTTGTCCTATAGATGAATCTGCGACGCGTGTGAGGACGTATATCTTCCTGCGCATCGTCCCCCCTACAGCCTCTCTAAGCATATCACCCCCCGCTACACGCACCCTCGGCACCTTCAGACCTTATAATCCTTTCCCGACGAATATGCGGAGGCGGTTGTAGGGTGTACCTACCCGCCTGCCTGATTAGCTCTATGCCGTTACTCCGAGATGGGAGAACAGCGATCCTACATACCTCGCATAAACAAGTCAGGCGACCAGCTCTGAGAATCGCCATACTCACTGCCGGAAAAATAAATCCGGGGGGGGCAGTTTACATAATTTCCTCTAGAGAATCGGTACAAACAGATTCGTACATCCGGGCCAACTCCCATTTTCGGGTTCCGTTTTTGATGTCTAGCCTGTTAGCAAGTGACTTCGAGGGGCCCATCCTCAGGTGAAAGCGCGCTATGATTAAGTTCTAACAACTGTCATAACACACTCCTCCTTGGTACGGGAAACGCGAGCAATCAAGAAAGATAGCCCTCCGGGCCTCCAAGTCGATGAGGAATCAGGGCGTTGTCCCTCCCAG,1931,50.65,Arabidopsis thaliana
SEQ_768146,CCCAGTAAACAGGGTAGGTAGCTCAGCCGAATTGAATGATCTGAAGAGCTGCAAGATCGCTTAGTTCTGACCTGGAAGCATTAGAGTACATGCCATAAGCCAAGATGACGTTGAGGCCCGACGCAGTGCCACTGGAGTGCTTCCATGCTTTGAGTCTTGGCTAGTGTTTGGCACTGTTTCGCGGTCCTCTGGCTAGGTGACTTAGTAATGGTTTCAATTCCAGTTCCCCTTAGGTGCTGCAAAACAGGATTTTAATGGGGCCGGTTCCATGTAACGTGTCAAGCCAATCCTACGGTGAAGCTTAAATTTGTCCTAGTCTGTTCCTGACCTGGGGTCCACAACTGAAGCCGGCATTTCCGAAGCTGGGGGATTCGCGCGACCACGGCAACCGGGGTTACTCGACCGGCCATATATCACGGTAGCTCCAGCGTGTCCGTGTCTGATTGGTCTTCTTTTTTA,459,51.2,Arabidopsis thaliana
SEQ_294270,ATACACGCCTAAGATGTAGAGTTTAAACTTAGAGCATATACTCTTTTTAACTAACGCACCCATTTAGGCTTCGAAGTTCGGATATCTACAGATTGGCAGTATATCGACTTCCGTGATGCCGCCACTCAGCCGCTATGCCTGCCAATA,147,43.54,Caenorhabditis elegans
SEQ_895298,TCCCATGTGCACGAGGCAGCAGTAAGCGATCCATGTCATGATACGGATCGAATTAAACCCCCTCGAACTCCTCTAGGGGAACACTAGGCGCTGTGTTTACGACCCCACTTGATCCTAGATTGTTTTCTTGCCGCTAGAGGGATGGGAATGCGCACCGGTTTACCATCACCAAATAAGTTGTTGATTTTGCTTTCTAACCGACCGCGTGATTAGTGTGGGTAGTGGTGAACGCGCTCTGTCAGACAGAGCGAAATATCCTCCAACTATCACGAACTAGTCCCCATTAATTTGGCGACGCTTCGGCCGCGAATTCCAGTAATAGACAATAAATTCAGCTTCCTCTTGTGGAACGATCCCGATCTTGTCTCAGCTAATCTTACAAACATAGTGCTAATCAATATTAGGTGATACGAGAGGAGGGGCTCCGCAAGCAACTGCTAATCCGCTAACATAGAAGAGCTTAAGAGGGGCGAACAATGAATCTCCAAACCTTCACCACTTAGACCTATAGCACGGAGACAAGACGCATGAATCGGAATTGAAAATGGGCTCAGTGTTCTGACTTGTCCGAGCTGATGAACCATATTTCAACTGCGCGTGGCACGATGTACTTTTCAGATGCGATACGAGGGTCGAGAAGTAAAACCGAACCAAATTCGGAGCTCCGTTCGGCACAGGAAGTACTCCTCAGGGCCCTCTAGACTGAGGTCGCGATATGTTATGATGATTATCGGTTCAAATCTGCCGGGACGCCCAGCTATGAACCACAGCGTCCGTGCGACAGGCAATTCATATTTATCGTACCGTTCGCAACGCACCGACCGGTTTTTCCACACAGGTGCCGATGCGAGGCGGAAGTTGGAGACGTAACTAGTTTCACGCGAGCAGTCAAACCGCCAGCTAGTACGTCAAGATGAGCGGTTCGTCCGGCACTCTTCAACCGGCGGAGCCATAAAGAGCCAGCACGTTCGAATCAGGGGCAGGTATCACTGGCGAAACCGCGTGTGTTTTACAGATCTGTAGGACATCCAAAGGTTCGCTCCGCTTTCTGACACGCGTCCGCGTAAAAGACAGTTAAGCCCTACTTCGCAATCCCTCGCCCCGGTCAATGGAGATTCGGAGAAACAAGAAGCGTGTCATGTAACGAACACTATTCTGGTTACGCACGATGGAATTTTAGTTAGGACACGCGATAGGGATGCGTCTCTTTAGTAGGCTAGGCTCTTTTTCGAACTCTTTCGACGATCGATAGTGAGTCCACCGGATTACATCCAGACGTTCGACAGAGATGACTTTATCGAAAGCTACATACGGGTTAGTTGTGACTACGGCGTCTAAAGTCGGACCATGTTTATGATAAGCCGGTATAGATAGTGATGCATCTCCAGACGAACAGGGATTTGAGCCAGACGTCAGAACATAATCGACCCTCCGCTGAGAAGTTATCGCGTGCCCGACCTCCGATTGGAGATACTTGCCCAACTGGTTGTGATTATCACTTCTACTGGTTTGTGCGGGGGAGGTCTTACCAGCACGCTGACTATACCATGAGACT,1555,49.58,Homo sapiens
SEQ_429568,TAGATAGCTGTAGGTGGGAGCCCATTATAGAAGCTCCCAGATATTTAGAATCACCGATCGTATTTGGACCTTCAACATAGTTTGCAGTCATTGTTCTCGGGACACGCCGCATCGTGCGTATGGGAATACCAAAAGCTTTAGCCCCCTATCGTAAGTAAAATGCATCCGTAGAGCTATATAGTCATGTAACAGGATGCTAGTTATCTTGAACCGCGAGAAGCTATGTTGAGTCTTCAGTGAAATGAATTAGTTTAAGAATCGTCCGGTCATTCAAAATTCTCCTCGAAAGGCATCGCGTTCAAAACCGCGTATGGTATAACGGGACGTTGCGGCGACATTACAAGAGGCAGCGGTCTGACGAGGCTACCTTAAATCACTATCTCTGAGTTGCTGCAGAACACTCGTGCTTGTGTTTTGACGTCTAACGTAGAAGTATGCCGGCGTCCTCACACGCAAACCAGAAGCGCCGAGCATTAATAAGCTGCACTAGATGATAAGTATTGTCCACCGACGCCGGTACCCCTTGCAAGGAAAGGTGATAGGTCTTAAATTCAGTGTTCCTTACCGACTGCAGAACTGCTCCTTGCCTATGAGGCATTGGAACGGTTGCGTGTGAAAGACTACAGACACTGCTGGAATAATATCTTCCTCAAGGCGATGTCCAGGATTGTAGGTGGCAGTCAACCCGTCGGTTATTGTGGCGCATTCGGCTGACACTTCTTTGCACTCTGCTAAAGGTAGGGCTGTCTGTTCGCAGCACGCAGACAGCACTTAAATTAGGGATGGGCTAATTACAGAAAAGCTAAACGGTAGCCTCTAATGTAGAAGAACTGGTGTACACCTATACTTGAGGGGCGGGAGAAGTACACTGTAACACGACTAGAGTTTAATGCTTAGGCCAGATTCCGCCCCCCTCCCGCGCAGGGTTCTTGAGGCTCGGCTGATAAACGCAAGGACCAGACCCTGATGTTCGAGTTTATGCTGACGCGCGTCGTGACTCTAGTAGGCTATTATCGTATGCGAGCAGCCGCATGCAAACCTATTTAACGTAGCATGGCGTAATTAGGCGGAACGGAAAGCGTCGCGCGGACTAAAATGCCACTCGTTAGGACATATCGGGCGCCAATCAAGGCGCTACGTCGGAAGCCGCCGGGATAAGAGGCCCTGCTGCTCAAGAGCTTTCTCCACTCATCAAGTAGTACAGCCGTAACACACATGGTCATTGGGGTACATAATTCAGCGGCTATTACGAAGCTTAGCACCCTCCTTATCGACTACCATTTGGAAATCAAATAGCGAAACGTTGCCGGAGGAGGTCACTTCGGTCCAGACGTGTAGTAGAAAAACGGTGTCTTTGCATTCCGAGCTTCACCGCTTGCACGGTGATGGCCAACTAGTAGCAAAAAAAGTAGCCACTAGAAGGACAGAACACACTTCTAACCCTCTCAGTTTCTGACGGGCCAAGTACTGGCTCCGTTTGAT,1482,48.92,Drosophila melanogaster
SEQ_471845,CGCGACTTGAGGACCCAATGCTTAGTCAGAAGAATTCGCCTAAGGCATCTTACCCGCTACCGGCGGCTGACGTAAATCATTAATATACTAGAGATGTGGGATGAAAACTCAGTCCCAAGGGACGCATAGGAAGCTTCTGGTGTGGACATAGCAAATGTCACGTCCTCGGCCCTCATTATTTCCAGTTCTCCGATACACTCCCTCAGTGCGCAGTGACCGTTAACAGTCGACTACGCCCTCTATCAGCCCCTGAGCACACGGTAAAGTCGGTCGCAGCATAGGCTACGTGTTCGTAAGGACGCGCGTTGGTAACAGAGGTGCCTAATGCGGAGCGTAGGGCCACAGATCATACCTGCATAACGCGGACGATGTGGACCAATACAACGGTGGGATCACGTGCACTCCCTGAGGTTCCTCGAATGTCTTCCTTTTCATCGCATCCCATAATTACAATACGAACGGCCTGATGACTGAGGCTAAGATAGAGGAGTTCCTTCTTTCCGGCCAAAACTATGAATCAAACTACTAGTAGGGCACTTGACGCGGGATTGCCGTACACGAGCACCCTGAGTTCTCCCAGTGTAGATTTCTACAAGTTTTTACCTATCGTTCCGTATTATACGTAATGGTCAGGGTGACCCAACTGACTTATAACTCCGCCAATTCTTTCGAGGCACCTTCGACAACTCGCTCATAAAGCCTCCCATGTGGCCGTACCATATCCAGGCCTACCCCTTCCACACTTGACTCTGCAAGACCCCATAATAGCGTGGCTGTTAGCACGTGTTGAGCTTCTGCCCGCTGTGTAACTCTGGGTTCTCTAATTGCGGACAACATTGTTTCTACCCCCTCGCAGAGAGTTGTTTGTGGGCAAAATCATCTTTACACGAGCCGTGACCAAATTGGAATAGGTAGGATGGATTGCAGCTTTCCGTTGCTACAATTATGCTGTGAATTGTGAAGTAGTTTACTCATTTAGCTTATGCCTCATCTATATTAACTGTGCCACTCAGTGATCCTGTTGGCTCGAGAGGCGAACAGACCCAATTGTCTGCTATGTAGCGTTTACGAGTCCAATTACGCAGAGCAGGCATAAGCCGTTGCAACAGTTCTGATTACGCCCGCTCGAATGATAAGCTTATCCTGGCTCCTAGTTCCTATAAGATGTGGCTTGCGCGCGACTGAATTGACGAAACATTACTTGAGGAGTGCGCGGTGGTGAGAGCCTTCACCGGCGTGGTGTTCATCAAGACCCTATGTACTGCCGCCGGTTGACGTAACGGTCCCGATGTCGGCTGATTACTGTGACGCAAGACGGCACATCGCTGGGGCGACTCTATTGGTATGTGACTAGCTCGCCCCCCCTGTTCATCCCTGTGATAGCGAGCCCGTGAGTTACATCCTTCTACATGCGCCTTCCACAGGACCGCATAGTAGAGTTCAGTAGCCCGGGTTGATGAAAAGTCCCATATTGTAAGTCGCCCTTTCTTACCTTAGGTGTACGCCACAACGTTCTTGCATCCTATCTTCTCAGAGAACGTCAAAGCCAGACAGCCAATATGGATAGTTCTAACCTGAATAACATGAGTTATCAGCGTTTTATTTACGTGTGTCTGGGACTGCGCAAAAACGCCTTCCGATGCTCAGTTAGTTTTCTCGTGGTGCGTAGAAAGATAGCACACTTCAGCGAATAAGAGATGACTGCCCCCTACAGCCGCTTGCTCAGAGAACCGGCTGGCCCGTGCCTACAGCGTAAGCTCCTCGCAACTGCCACCTAGTCCTCTTTTCTCTGCAATATTGTAGTAAACACCCAGTGCCTGAGCGATCCGTGTACAAATACTTTGATACTATCTTATTGGGAAGCATTC,1868,49.73,Drosophila melanogaster
SEQ_777106,GGAGCGTAGAAGAGAATGGTTACCGCAGCAGGAGGAGCCGCGTGGAGTGACGATTAGCTTGAAGACCCGCATCCGGTTACCGAGGAATCGGGTAATTCGTCGGCGTCCACGGGATCTAACACGGGTGTTGGCTGAAAGGATGTCAAGAGCGCGCCAATGGATCGAGCGTCTACTGGTTGTCTATGGGGACATGAAGTGTATGAAGAGAAGTCCACTATACTATTACGTTTCCATCAAATGTATTATGATCCCCGCTCCCGGAACCGGGCCCGTCCCCATAAAGGACGTGTTGTAACGAGATGTCGTCTTCGACCCAGGCACCTTAACGTAGGGAGACTACGCCGATAGTCGCAGCAGATTGCGCTTTGCCACGAATCGAGCTGCCGTGGGGGTTCAACGCCACCTGATATGAACGACAGCCTAGTGATAGATGACCCATTCCAAGATGAGTAGCGGAAGGCTAGAGATGCCATGGTATTTTGCAATGGTTTACTAGGGAGTAACCGCGCCCGCCTTTACTTAGGTCGCTGCGGCTATGACCTATGCAGACGATTATCACAGCATTCCAATTTACGAGAAATCTTTCTCCGCAGCAACTGATTGCGTTGTTCGCATTTGTGTCTTATTTTGCGGTGTAACGTTGGGCAGAGGTATTGGCTACTCCTCGCATATGGAGGGGTTTAGGACGCTTACTTTTCCTCCCACCCGGTTCTATTGCTCCCCATTTGCGATCGCTATTGGATTAAGAGCTGGGAGTAGCAATACTAGCATTAAACTGCCACTCCATAACGAATGTGATCGGGGAACATGGAGCATGTGTGACTTTGCTTGACAGCTGGATAGAGACGTCGCTGTCTAGGGCCGAGTTCTGTTTTGGGAATGAGAATTGACGAATCGACCCCAAT,905,50.83,Drosophila melanogaster
SEQ_658625,TTACGTCGCGGAATAGTGCCCCCGGTATCTTTGAATGAATATGTTTGAGCGTGTAAAGTGCCGGTCATATCTCGGACGATGCTGCATTATCTAAGAAGATATGGCGTGCTGACCGTCCACATCGGGGCTGTTTTTCCCCACTGTCAACCGGTCGATGCCATACCCCAAGAAGCACCATTGGGCTATTTTGTACGTCATTATCCTCAGACACTTTCGGATTAACCAATGCTAAGGTACATCACGCAATTTTGAAAATATCATAAGTGATTCAGTATCGAATTGTCAGGTTCGACTCATGCGTCAGGTTCCCCGCGCTTATCGTCCTCTGCGAAAACTTCGAGGTCAAGAGCATTACAAGCCGAAGTGGCGGCTGAAGACCTGGGGCCACGAAGAGGCTCTCAGGGTTGTACCGCCTAACGGAGCGCCATGTACTCGGGTTGAAAATGCAAGTGGGCTGTTGGGCTGAAATATAGAGACATCCTCGTAGTGATACGCACAGTAAGTGCGCGCTCTCTTTTCCCAGGTGCCGGAACCGGGTATGTTGCCGAACGTTGCGCTATCACATGCCGCGCTGTAATCTTGAGGGCACGGCTACTGTTCGTCCTTCGTCGGCAGGACTGAACGTAACAGTCAAGCGTCAACTCAGCGTCCGGTTAAACACACAGACGATGATTTTTTTAGGGCCTGATGAGGGTATCGAAGGTGGAGTTGTTAAGCATGGACACGGGTTATCTTCTGCGCCAATGAGCTTGGACTGCCCATCCAGACCCATACTCGGTAACCAGTCGTACATTTGGTAGCGGCGGTGCGAGACTCGAAGGTGAATGCGAGTGCACAGTAGTCGCTGAACCATTTGTCCCACTTCTGGATTATCGTGATCATACGGTCACGTCACAGGTGGCGGGTTACGAACTGGAGTTACTGCAGTAGGGTCGCCACCTACGGGCCCTTAATTCCGCAGGAGAGGCAATGTTGCATGGGGATTTAGCATAAGCACCGGTACTTGGCGCGTAGCTGCTTTTTCGATAATAGATGGCGTCGGCGAGAGCACATCTTGCCGTGTTAGGAGAAAATCCCAGGAAACATTTGTAGTGACCCACCACTCTGGATCATTGTGCACTTAAGGGAGACGCTTTCGAATTTAATATCCTCGTGTAAGACGCCATCTGCGTTGAGTCTGTTCGGGAAAACGACTGGAGCACTAAGAGACATTGCTAGTAGGTGTGACACGTGTCGTATTTTGTCGTGAGCCCAGAATATGAATATTGATAAACTTATATCGCAGTTTGGGTACACAATCGGGGTAACCATGCGAAGGCACCGCTCGGTCGATTCTAGGATACTGACCTTTACCTTGTTCAGCAAGAAGCCTTTGTCTCTTCGTCCTCACTGAATAAACGCACAAGTCCGTAGGCTTAAACCCCTTTGGCTAGGCATCCTGGCGACAGAGTATGCGAGATACTGCCAGGCAG,1472,50.34,Drosophila melanogaster
SEQ_241248,ATAAGATCTCTACAGTCTGAAAAACTTGCCTGTAGGTGGAATGCCGCGTGCCCGTCCTTCATTCTGGGCTCGTCTACAAGAAGAGCGGACCGTTCTGCGTAAATCGTGTGGTGCTCCGAGAGACGTCCACTCCTCTCGGTAGGTGCAACGGAGACGTTCATCATCTTGGGTCGCGAGACGCGGTGGGGGCTTCGCGGACCCCCCTTGATTGCTCAACAGAGATTCTAACGACTTTCCGGGATAACAGGGAAACCGTCACCTGTTCGTTCTGGGCTATCAGTATGAGAGAAGCCACCTACAATCACCGGAGTAGGCGTTTATGCCCGAAGGAATTGGGTAGTGCACTCCCCAGGGCCTGGACAACTGTAAACCCGTGAAGGTGGCTAGCTTAACAAGACCATCTTTTTGCGGTTCTGACAATACATCGTTGTCGTTTCTGTAAAATGGTTACGATGCGAGGGTAGTTGTTTCTCTCCCTCTAGTTCTGAGGAATGCTCGTCCAATCGTTCGACAAACTCTTATAGGTGAACGGTTACTTGAAGCGCTCGCGACTGGACCACTCCTCGGTGGACGGTCTCGCCTGTTATCCAGCCGGTGCACGGCCAAAGGTGTGAGCCCAGGCATAGCTGGAGTCGCGCTAGTCGCCGGCCGTCCCAGCGCCTTGTTCAGGGTCATTCCCTCTTACAAAAGGCTATGATCGCAGATTGTTTAAAGGCATATGCTCTGGCCGTTCAACCGTAGACTATAGCGATGACAGCGTATAATAGGACAAGAAGATTAGCATCGGCTACGTCTGAGTGAAGGACACAATCCGAGCTGTCACCCCGTTAGCCTAGGGACCCAATAGTCAGAGGTTGGAGAAAAATGACCTCCCGCAAGTCCGAGTACTCGGGTCCTGAAAGCTATAATTCAGCCCGCGCAAGGCTGGTAAGAAGATGAGCACCTGGGAGCTGTAGACATCCCGATTATAGAGTCTTCGCAATACCAACATGGGAAGCAGGACTAGGAATCTGTGACTGAGGGCACAACGTAGTAGATCCGGTTTCCCGCCCTGTTGACGCGGTACTGAACAGTGACAGCATGCTGAGACTTCTGTACCAGATGTCCAATTCACACCCGAGGACAAGTGTGCACTGGAACAACCCTACTTGAGTCGTGTTTCAGTAGTTGAGTCCCCAGGGATCATTACCTTCCAGACACGCGCGCAAGGACCGCAAACCGATCTCGATGTGAAGTCCACACAAGGAACTGTTCGGCGGGCTATGTCCGTGTGCAAATGAACAGCTGAATTGCGCACGAGTATAGACAAAAAATACATTTTCACGAACGAATACCCACTGGCAGCTCAAAGTCGAGCTAGCGGCGGCTCCCCAGTTGGGGAGCGTCTTGCCACCTTCGTAAGTGTTCCTGCAGCGACAAATATCAAATGAATGGATAAGTGGGAGCGTAAAAATTCGGCCTGGTGTCTCCATTTGTAATCCTGCCCAAAATAGTCCCTGCGGACATTGGAAACCGGTCTTTTTTAGATAAGTGTTGATATGAGTTGACACGCCGTACCGTCTCAGAAGGATCCACGATGGTGCCTTTTCACAAACATTGGGGACCCTAATTACACCCGCTATAAAGGTACCGATTAATCGTCCAGCATGTCAATGTGAGTGTGACCAGGCCCCATACCATCCGAAGGTGAGATAACAGTACGGCAGGGAAAAAGTGAGCGTTTT,1724,51.39,Mus musculus
SEQ_397415,ATCATTATAAACACGCGAACGGACTATGGTCGCTCACGGTCAACCATCTTACATCTATTTTCACAACTGGGACAATCGGCGGGTTTCTACCTCTGACTAAGGCAAGGCTGTACATGTACAGATTAACTATAAATTAACGCAATCTGCCTTCAGCAGAGACGTCCATTATATCGTGCGGGTCCCCTGGCAGGACTGAACAGCCACGGGATTGCGCCGAGGGTGGTCCTCCGGTATTCGCTCTGTTGCCACAGGACGCCTGTATATAGGAGAGCAGAAGGCAGACC,284,50.7,Escherichia coli
SEQ_922412,CTTTCGTAGATGCTCACCCGAAGTACCAGAGGCCTACTATGAGCCGCACCAGGCGTTCACATGTCAATCAACGTACACAGGATCGAACCGATGCCACAGATATTTAGCCGGCGCACAGGGGATTTTCTTTGTTGCAAGACATCTGTAGACAATTAAGAAGATCCCTTGGCCAAATCAGTGATACATAGCCTATCATAAAGCGTCCATTACAATTTCAGAAAAGAAGGAAGTAGTTAGATGACTTTCACTGCGCGTAGAGCACAGCCTAGCCTTATCAAACAAAATTGGTGAATGGCTCCAACCTATATTATTGTGGACATGGAGGACCTCCCGCAGCCGCCAAAAGCTTGCTACTGTTTCCGCACCTATAGTCGAAAGTCAAATCTGACGATCTTCTCGAATCATAACCGATCAAGGAGGGTCGTCGGGCCCTCATGACCAATAAGGACGGTGACCCAGGCGTTGGAAGACCCTACGTGATGTCTCACTTGGTGGCGTGGCAATCTTGGTTGTGAGTGCGGCTGGTTCTGAAGCTGATGTTCAGCTAATAGTCGTGCAGGGTTGCCCATCTCTAATGAGCAAGCGGCCTCATGGCGTGAGAATTAAAGGGCATCAATTGATCAGATAGTCCAACATCATGCTATGAGAGTCCGCATGATTCCACAGGTGCTCTATCAAAAGGCCCGTAGCCTGCCCAGTTGGCCATACTTTCCCACCTATTTGTCCAATGCCCCCACCAAGGAAATCAGGACAAGTAACACCTCTTTTACTCGAATACGAACCCGAACTGAATGCGATGGGGCCCGCACCCCACGCGTAGCCTTGTAATACATTAGTTCGCGGACTCTCAGGTACTTTGATAAACCCTAAACGGTCCTCGGTTGGGGTAGGGTATACCTTACAGTAGATTGAGGGGTTGAATGGGACTCCAATGTTGCGGCTTGTTATGACTCGGCATTCGATATCCGAGGTAACGCCACACCATTCAGGTCGAGTAGGCCAACCAGTAGATAGATTAATTAGCGGCGATAGCAACTTGGGAGCTATTCTGATGCACCACAGTGTCCGATGCATAGGGAGGCTTAGATCCAGGTAACGCGAAGTTAGAAGCGTTGATCACTAGCTCTTGAGCTGTTATTTTTAGGGAGGTACCGGAAACTCGGTCGTACCCCAATTCCACGAAGTTTGACTTATGCACGGGGGGACTCGAGGAGAAACTGCCCTCCCTGAGTACCCGTATCTGTAATTAATAGGGACCGGAGGATTGCTCAGCCAGGGTGTACGACGGAGAGATAAAAATATAGCCATAGGGAGCATCACTACGTCAAGTCATACCGCCCCAGATCATCCTGTTTGGTGTGGCTGGTAAGAACCAATGTCATTA,1384,49.06,Arabidopsis thaliana
SEQ_392135,TATGATAACACCCGTTTTAGATGTTCATGTGTGGATATCTACTTCCCGACAGCCACGGTATCATAGGTTTAAAACTAGTCTGTCATGGTAATTTCGTCATAATTAACTCCGTCCGTCCGGGGGAGTTTAGTGTCGCGTTTGAACGGCGTGTTAGACTATGCGCCGTACTTCTCAATCCTCATGCTTAAAGTGTGCCGGTTGGAAATTGCCGGTAGCTTCTCTCGGCCTCATTACCCGCGGAGTGAATCCCCCTACGTCAGATGGCGTTACGGCTCACTAATTTAAGCCCAAGGTGCCGCTACTAACTCGTCTTGCGGCGCCGTCTATCGATCAGAGAAATCAGGACCAACGGGCCAACGCTGATTATTGTTGGACAGCCCCAACGCTAACTGGCGTAACGAACGAGGCGCGCAAAACTATACGCGGTAACCAATGTGAGCCAGACCATCCGCAAAGCACTTGGTAATGCTGAATGGACCAGCGCTGTCGGTCGAGATCGTCGTCCCCGATATCTGCACACTCGGACACGGGATCGAATTGCACGTGACCTAGCTCTCGGATAAAAGTAATGCCTCCCCTGTTGGAAAGATAAATTCTCATCATAGGGGGATCTACTGTACAACGGTAACAAACGCGATGGGAGAAAATAAAAGACACGGCCATGAAACACAAGCTAGGGTGGAGGCTTCAATTACCTTGGAGCTTACTCCTGAGTTCACGAGTTCCAAGATGCTAGCCTGTGAGTTATCTGCCCGTGAGGTGGAAGCACATAAAAATACTTCGGCGTGAAACAATCATTGGGATTCGCCCTAGTTGCCTAATACACCGAGAATGAGTAACCTCTAATAGGTTGCAGTCCGTATAGCTGCTTGTGAACTTACGGGACAAAGCAGG,894,49.33,Mus musculus
SEQ_790771,TTTAACCCAACCGGCACGAGTCGAGCCGATCACGAAGTGACACATGCTGGGCCGTCGAAAGTCTAGCCCGGGGAGAATACCGGCCGAATACGAAACTAAGCGACCCAAAATCAAAGCTCTGATCAAGTAATTTCCATGGGCTTCCTGACTTGCTGCTATGTTATGTATACCTGCGGACCTTGATCAGCGCGCGGTGATTCACCTCGAGTCAAACGACTCGGCCACCCGATACTGGGGAGCCTGACTCGTTAGCCATACGGAAGTCCATGGCGCTTCATAAGGCGTATCTGAAGTCCAAGAGCATGCACACCGCGTAGAAGGTTCTGCCAATTCTTGGGTATAACGTGGGGTCTTCTTCACAAGCACTATGGAGGAGTGAGTGACTATATAACGTATACTTAAGATAGTCTCGAGCGCATCGTAACTACACCATTTAGAGAGAAAGCGAGAACGTACCTACCGACGTGGTCTTACTTAGCATTACTCACGTACACTCGTAACTAGTCTGACCGTATTGCAT,520,49.81,Escherichia coli
SEQ_142669,GTTGTAGAGGCCGGGGACGCCTGTCTTACATGTATGGTTCTCTGAATAGCCCAAGATTTCATCACCGCAGTAATTATGACGCGTCCACCCAGGTGCCCAGGGGAGTGGCACGCACGATGAGCAATCTTAGACGAAGCTGTGAGGCACTCCACAAGGCACTCTTGTACGAGAGGTCGAACCTTGACGTCAGTGCCTAATGCGAGAGCTTGTATTATGCTTGTCATGAGTGCCCGACCAACACTGAGACTAGCCGGGTAAGGAAACTATTGTATGATCTATATTTATGAAGCAGATATGTCAGGTGAGACATGGTTGTGTTTTTAGCCCCCCAGTGTTAAACCAGGGTAAGGCCCC,354,50.28,Saccharomyces cerevisiae
SEQ_214565,ACGGGTAGCAATACACAGAATTTGAGGTCCTTCGGAAGAACGTGACTATGATATTAAACCTGAAATGCTCTAAAAACACTTGACTATGACATTACACGTCCGTCAGTGTATCGATGTGACGCGTTTGGGAATTTATACCGTCTACCGCTTCGCGAAGTCTATTGAAGCGTTAGGTTAGGAAGACGCCGGGACGGGGGGTTCTGCCCAGTAATCTAGGGTCACACCTGATTCCATTCCGTTACGCATCACTATATCCGAGAGGCAGTTATGTCAGCACAAAGGGTAGAGCTACATGGATTACTGATTAAAGTGCAGGGGCCGACTGTCCCGCATTGGTTCGAGATTTGAGTAGTCGAGCCACAGCATATTAAATGTTTGATTTACCGACGCAGCAAACATAGGACACCGCTAACCAAAGTTCGTAGTCTGTTAGCAGCCAATCACACGTGATCAATGCGTCGAGCGGCGGGGTACAGCGTTATAGTATGAGATAGAACGTAGTTTCCCTGAAAAACGCATAGTGATCCTGACTGCTGTGGCTTGAAATTGAGTGATCGGGGGTATTCGCTCCGTGGTGCTTCGCTCGCTCGCATGGTCGGATTCGAAGTCAGCAAAGAGAAATGGTACGGGAGCCGAGAGCAAGTGGACCGAAGGTACGCCCTAGTAGATATACGACTGTGGTGCTAGTTGTTGTTTCGTATATGGGGCAGGCTGAAAGCAACTTGCGGCTGCGGGAAGAGGGGGTAGAACAGCGGAAAGAAGGAACGATGTGAACGCCATTATGCATAACCAAAAGTGTCAAAGTCGATAGATGTAACAGGCGTCCCGGCCCCTGATCGACCATGAAAGCACTCACCACGAGCGCCACGGCAGGATGTTAGAGTCTATATATTTACCTACTCATGCTGGCCGAACTTAGAGCTCGCATCAATTTCAACCATAGGCGCTTAAATAGTCCATCACGGCGTGCTAGCGCGCTAAACGAGACGTTATGGGGCTAGCTTGCGAGACCGACTAAAGAGGTGAGAGTTGCGTTCTCCCCATCTAAGATGACATGTTAGATACCTAGGTGGCACGGTAACTTCCAAATCTTTGGCATAGAATGAATTAACTCTCCGCACCAATTAACTGCGGTGGGCGGGCTAACTCCCACACGGACCCTTAAAAGGCTCCTGGCGGGTTCTAAACGTGCTCCTAAAATTCAAAAGCCCAATGACCCTTGACGTAAGGTCCATGCTGCTGCGGGCTCTCCGCATAATTCGAAGGGACCATCTCAATCATGCCACGTTCTAAATACCCCAAAAAGGTCGCCAGCCTACGCTTCGCTTCTGCGCATGTTCACTGTGTGCTAATTTCCTTATTTCCGGTAGTTTTGTCAACACTTATACCCCTTCACCCAGTCCGGGGCGACAGTGAACCCTAGACAGGATGCGAGATGTCAGACACGGTGTCTAGGCGATTTAACGACGGGCATTCAGTAAAACTGGAAATCCGGTTCCTGTCTCGAGTCGGGGTACCACGGACGTGAGGGTAATATTTTGAAGTAAGACTAATTTACAGAGG,1563,49.33,Drosophila melanogaster
SEQ_313804,ACCAATATCCACTTACTGGGAGAAGAACTCTGGCGCTACTGCGACCGCCAGAAGAACTCTTTACACGGAATATGCCTTCGCCACCCCCTAGGCCACTCCCTAGAATGGGAATAGTTTTGACATACCACCCCAGGTTTTAAAATAATTCAAGGTAGACTCAGAATCTTACAAGAATTAATACTGCCTAAATACTTACTGGTCTTCCTTAAGGTAAACCCCTACATCCTTCCCTGTGGCCTATGCCTCGCCAAAACCTTGCGACATAGGTGTGTTTATCAGCGGCCGAATCTGATGGCGCTCGAGTCCAGACTGCACCGTGTTTAAATAGATATGGCAACGCATGATAACCTCGTCCTCTCATTTAGCTCCCCGTTTGACACGTGGGGTACATAGAGATTACCCCTCGCCGGTTCTATTTCTCAGCGTACAAGGACCAAGGGCCCATAATTGTTGTGGATACCCTCTCAACGAACACCATCGGTCCGGAAGGATGTGGCCGTCCATGTTAATGGCCGTAGTATCAGGTCATGAGGGAGCGAGCGGCCCGCCACCAGTTCCACTCATATCTCTTAGCACCACGCAGCTATCCCGTGATGTCAGTTATAGACTCGTTGATAGCGCGTAAGGACTGCAGTTTAGGATGTTACATGTTAGTATCAGTAACTAGGGGTTATGGTGTCATCTTGACTCCTTGGGTATCGGCAGTTGAAGTTTAGCATTCACTATACCAATATGTATCGCAGAGCACATCGACAGTGGCGAGCAGCAGACGTCCTTGACTCTCATCTTATATTTTTATTGCGCCCAGCGAAGTCATTCCACCGCTGTCGGAAATACCTTTGTGTATCGGTTCACTTGCACATACTTCGGGATCAGAGGTTAACCACTCTAAAAACACGGACTGCAAGAGCGACACCACTACCCCAACCTTCAAAGAAAGGCGGGACGTACCACCAAGTTTTCGACAGCCTTACACTCAACGGAGTTTTATTCTACGATTCACCGCGTTGTCCCCAGCGGGTTAAGTCTAACGCGAGGCTGGCGAAAGCATCTGAGTTGAGGCCGTGCACGGACTCAGTGATGGGGCAAGTACCTATCGATGGACGTAGAGGATCTCGCCTCTTAGTGTGATGGACGTTCATTGCTGCTATTTTAATTCAATCCACAAGCGACTAACATTACGGTGGTACGTGCGGGCAAGCGCAGCTTCTCAGCCATCAACCTGTGCCGGGCGTCGCCCGGGTGTTTAGAAAGAACCTTAGTTCTATCCCGACGCGTGCCCGGTAGTAGGAAGGTTGCAGTTGCTAAACACATATCTTAATCCCTCACCTTACTGGTGTGGGGTTCAGCCACCGAGGTA,1360,49.63,Caenorhabditis elegans
SEQ_430200,CGGGTGGCTAAAGTAAAAACAGATGATATACCCACTTTGATGGATCACGCCTTATCTTTCTTATGCACATGGATTAGTGGCCCTAGGTGCACACGCTTTAGTCAGTCGCTCTATCCCCGCGGTGCGTACCTTAAGCCCTTGTATTCGCGGCTGGCATCTACAGCGTAGATTTCGTACGATCTATCGCCTATGTACGATTCCTACGGCGTCTCGTGATGGATGATCTGACGTGGTCCGTGCTCTCGAATCTGAGAACCGCAAATTAACTCAATATTATAGCGCGGTACGCCTTCTAAATCGTCTGGCCCGCTCATAAGTAGTCGCATTCCGGACCGCCGGCCGCCCATCGCCGCCAGTGACTCAGCCCAAAGCAAGACGCTCATCTTCAACTCGGGCGAGCCATCATGTGTGGAGGCTTCATCTATAATTGGCGTACCGTATGCACTTTAGAGGCGCGTACATAACCGGCTGCGGCAGTAACCTTTCCCATCGGCTCCCACCTTTGCACTTCAGCGCCGTTCACACCCGTTGTCTACGGTGCGTCGGTCCAGGTCACGCGATGGCTGCCTGTGGCATGAGCACGACGAACTTGTGGCACGGAACTGATCTGCAAATCGGCTAAGGCCGAGATACGAAAAGTTTGTCGTGACTATTTTGAGGTGCCCTATCTAGCCTGAGAGACACACCGGTGGCAACCAGTGCCAGATACGTACCCAATGCCTGCCTGGATACAGTAATACATTAGGGGCCTCAGCCAGTCTCCGTAGTATTGTAGCAGCTGTACGCATTGTTCGAGATGGCACACTTAACTCAAGAAGTGCCCAATCCGCCGTGTAACGACCCCCATCCTGGTGCGTTCAGTTCCCATACACGTAGGGTCAAACTCAGTATAGGAGCTCTCGGGCGATAGAGGTAACCGTTGTTTGAGGCGCCCCAGATTAACACTAGTTTTGACCTCTTATACCACCAAGTGGCCATGCATCACATATACGGTGTTGGACCACCGTCCTAAGGTTGGTGAACGCTTATTAGAGTGAAGCCAGTGGTTGCTTTGACTACACGCGGCCCTCAACGCGGTTTATTGTGGCTCACTGATGGTAAGAGATCCATCTTGACCGTGACGCCACCGGGGCCAACGTGGAAAACAGGCGCTGGTGGCTAGTCGACATATATAAAACGTTTTACCGCTAAACATGACGGCTCCCACGGAGTTAACCGATTTCCAAGTATAACAGCATTTTAACAAGTTTCTTCGGATATTCTAATCGCCCATTAATGGGTACGTTGCTCAACCTTAATCTCCGTCGGATTTCAATATCAGGCCCGGAGTCTGGTTTGCTGGGTTATGCCCATGTGGTGAGGGTGGATACCTGGTAGTACAATGGGCACAACTACTTATTGCATCGGATTCTTATGGCTTTGAGCACGGCAACTATTGCCGCGGCCACCAATCTTCTGTATCCGAAGTACGTAAGCAAGTCAGGGCCCTCCAACCAACCCCCGATCGGGGATTT,1514,51.65,Saccharomyces cerevisiae
SEQ_278087,CGACGCCCAGGCTTTGCCAGATCGGCCTCAAAAGCGATATAGCGGGCCACATCGAGTTGTTTTGCCCGACATACGATACGCTTTCCGGGCCGGCCCTTTACGGGCACCGGCGCTAGTATAACTGCTGCTATCTGCAGGTGACTGTAGTTACGGCCCAAGGCCGCCATCGTGACTGTCTACGGTAAAAAAATGGGGAGAGCTGGGACGGGCTGTTTGCAGAACCAAGAGCAATAACGCGGTGGGGAGTCATTACCGCTCTTGGAATTATCGCTTATTGCTGTTCCTTGTTACCTCAGTACAATCCTTCTATTCGCCCTTATCATGAGTCGGAAGAACATTAAAAGTACAGTCTCGGTCGCTCGCTATGGGCTGTAAGATTGTTCCGTACCCAGTACACGGTACAAACGTGCGACTCAGCACCCACAGGTGTCACCTTATCCTACTATGCGAGATCTATGCGACGGAAAGACCATCTATCCTGCGTAGTGTTTATGTATCGGCAGTTGTTCGGAGCGATCACTAGCCCCTTTACGATCGGAACGGGCTAGCCTCGGATCGATTCTAAATGCGATGACAGAATAGTAGCTGAAGACTGAGTCCGACTGGTTTATCACCCCGACTTGCGGGCGCTAACGAATCTGTCCTCTGCCAAATCGAAGCTTCCGCAGAAGTAACGCAGGCGTCCGTGGACGTTCGCCGTATTGGACCTGATTTGTACCTGTCGGCTTCCCGTGTCTGGGCTAAATGCTAGCTCCCATTGCTGGAGCGTATCTCGCTTTGAAGCGCAGAACCTAGATACACTTGGAGTTTGCGGTTAGGCTGACCCTGCATATGTGATTCCCGATTGGTCGATATCTAGCAAAGACACTGCCTCGGTAGAACTTGCCCGCCGTCACACAAGAGGCGGTAACTACTAATAATAGCCTCGTCGCTCTTTAGAGGGTAGTGGTTAAATTTACAGTGCTCTTGACGTCACCGCCCGGAGGTTATTATTGGGTTCATGTGTTAAATTAACTTAAAGTCGGCTGTCCCTCCAGAGATGCGTTCGTATGATAGGACGTACGTGGCTCTACGTGATGAAATACAAATTCTCCTGCCCTGACACCCGAATCAGCAACCCCCAATCCTTTTGGCCGCTGATCTAAAGTCTCTCAACCGAGGATCACGATCCATTTGCCAAAAGGTGATCACAGGAACTGGCCAACAGATGGTCGCTCAGTGGTCGTCCTTGCGACGCTTTTTGGCGGGTACAGTAGTGTGGACAACGGCCCATCGGTTTCCGACTAGCGAATTTTAGTAACAAGGATGTGACATACTTCGATGATAGACGTAGGCCCGCACTACCCCTCACAAGCAAGCCCGCGAATTATGCGCAGGTCCATTAACGAATCACCTCCCATGCCTACAAGTATTTACAGCAGCGACCCGATACTAGTATGTCCTTACGATACCTTAGATATCTGACACTGGCCCTGTCATTCCCGGAGA,1488,51.08,Mus musculus
SEQ_562682,ACGACACCCAGGTGAGAGTTCGTAAATACATGCCAAAAGGCAATGGGTGTGTGGGACCACATACACCCCACGCCTCAGGAGCGGGCAGGGATCGCTGTGAAGAGTCCGCCCAGGTTGACATGCACGGCCAAATGACAGATTGGTCGGCGTCTTGCTCCCCACGGGCTACCTGCTGCTCCAAGCAAGAGAATCCGAAGCAAAGCGCATAGTCCTTTAGGCATGGAATGTCTCCCGATCGGTTACCCACCATACTCGCCAGGGCCCGTGTTTCTGGCAAATGCTACTTGAATACACATACATTGTATGAGGAGTTGTAGAGCGGCACGTACGTTTAGGTTGGAAGGCCTGCTCGTATCGTCTGGATCTAGAGAACGGCGTTGATTGCGAATCATTATCACGGCCGCTGTGAGGCTGGCCAATTATTGGGCTCCATCTGCTAACGGGGCATCTAGTTGGTAATCTGCTTTTTGTTACGGCCAGTTATGTTACAAGACTGCAACAGTAGCTCCGTCCCAGCCGACGGTTTCGTGTGATTAACTGAGCAATTGGTTGGCAGCCGAGGGCTCTGGGATGCTGATAGTAACTGGTGAGCACGCGTCCTCACATGTAAGTGTAGGTCCTACAGGCGGTTGATTAATGAGCAGTGCGTACTAGTACGCAGATGTAAATTATAAATTGCTGAGGGGGCTAAGGCGCGGACCCGCCCGTCTTATTCTACTGTTAGCACCTTGAGTAGACGTTTACACCTTGTCGAGTGGAGTAAAGGTAGCAGTAGAGACGAACGCCCGATGGTTAAGTCCTCTCCCACCACCATATCGTGTTTCATATAGCATACGGAAAATAACCTGGGGCCGTGCTGTTAGTATTGAAACACTCGCCGCTTGGCTCCTAAAGTGACTGTAATCGAACTGCTAACCCGCAGAGTGCTTTGGCTCGCCTGGGTCTCGGCGCACTAACTGAAAAACTTGTAGAGCCGTCATACCCGGCGGTGAGTGTTATGCAGTGACCCTCGCTGACGTCGCGAAATTTTCAACCGTTCTCGTCAGCCGTAAGTCATTTTGCAGCATATTGATCCCTGGTTGCCGGTAATGAGCGACTAGGGCATACGGTCGATTCAGCCCAGTTTAAATCACTATGCGGCAAGATGTCATAGGTTTTTAATCGCACCGCCTAACTTAGGCCGGTAGTCGATAACCATCAGGTACAAAAGCCCCTAGGATCTGGACACAATTGGCTTCGCGGGCCTTGAAGGGGATATCTATAACAAATGTACGGCGACGCGCTTCATGGCTGGTGCAGCTGGCTCCTCGCATTGATAGATAGTACAAGCTAGTTTAGGGCTTTTTTGCCATCAGTTCCTGCTGTGAATTATAGGTGCGTCCACTTACTTGCCGGATAAGCTCTCACGATACAATATTTCGTACATTGTGTCATTCCCACGACCTATGTTACTTGAGCGGTGGGCGTGGCACCACATGGCGCCACCATCCTTCCAACTGCTAGCATTCGTTAGGTACAACTTGTCATATTTTTCGTCCGAAGAGAAGCCGCCCTTTTAGCAGCCCGTTATTTTATGTCTTGGTACTAGACGTACTTCCCGGGTGATGCGAAAGCCGCGGTACTCCCGTCGCAAAATTGCCGGCATCGA,1648,51.09,Caenorhabditis elegans
SEQ_392650,AAGTCTAAGCCATTAACAAAAAGCTGGAACAGTACTCTCTCAAGCCTCCGAATCATTCGGCGAATGACAGATGGAGGTTCTCGGACCGCGCAGCTATAGAAGCCAAAGACCCGTCCTCGTTGAACCCCAAAGCAACGGATATGTGTCGGAGCATGAAGCCGGGCGGCTTGGGCACTATAAAACACAGCGTTGTCCATCAATTAACTCGTGATTCCGTCGGTTAGGTTATTGCGTAGTCCATCTACTAGTGCACTCCGATTTACGTAAGGTTGCCCTGAGGAATAGATGGTCGTCCGTCGTGTGCATATAGCGGTCTCAACGTAGTCATCCCATCCGGCGATTTACGTCATGCGTGAGGGACATACCAAGATTCCATGCAAAATTACAGTGTTATGAGTCCCCACAAGCCTTGCCTCTCCCCCTGCGTACGCCATAATCAACCGACCATTACTTTAGGAACTCTCGAGGGGGATTCATAGGAAGCGTGTCAGAGCCACAGCGCTCTGGGTTAGATGCATATCCGAAAGCGGTTTCATCCAGCCGACCAAGGACGGAACAACCATTCGTTTAGACTTAATGATATCACACAGGGGTCCGCCTGTCAGGCCAAAAACGAGAGCATGGTGTGGATAAAACTTTTCGACTTGTCATCGCCTAACTAGCCCCGATTCACCTTAGGTGC,682,50.15,Caenorhabditis elegans
SEQ_739026,GCGCCGTAGGGGACGTCGGTCCACCAACGCAATGGAGAAACAGGAGTCTGTCCCACCGTACTGCCGTGTTTACATCCAGGAACTCTCTCTTGTGGCAATTGTGTAGGTATCCGTCCTCGGGTCGGGCGCTCACAAACGGACTGGGCAATTAGAACCTCTCCCCCGTTCTGAAAATAGTAGCTCTGAATAGGTGCGTG,197,55.33,Caenorhabditis elegans
SEQ_665051,TGATGACTCTTAGTCTCGCTGAGTAGGTACAAGAAATTACTGTGACGAACGATCTAGAAGATCACCAGTATACGTACGCCCAGCATCTTGCCGATATAGCGGTTGCCCTCCAGCTGTCAAGATTTCGAAGGGAATTACTTCCGCAGTCCGGCTAATCCGGGCCTATAATAGTGGGATTTGTTTACGCTTTCTTGTCGTCACGTTTCCGAGTACCATCCGAACATTAGGCTGCGAGTATGGACACCCCAGAACATTGAAGCGTAAATCAACCGAAGGAGTTTTCCAGATGTGTTTTTCTACGGATAGTTGACAAGCTACATAAGCATACACCCCGTGCTGACTCCATAACAAGCGTCAAAGAGTCCGTTAACTTCATGCCCCCGGCTATATGCTTTGTTCGATTTACCAGCGGAGCTCCGCCGCTTATGCGACTTATAGATTCCGGTCCGAGCTTCTAGTTAATCCGGTTAGTGCCCGGATCGGTCAGGAGCCTCTCCTAGATACCACAGGAAAGTTCCCAGCTCCTATAAAACGCTGTACAGGGAAAGCGATGGCACACGTTTGTGCACTAGCAAGTCAGCGCCAGCTATTCTTCTGACCCCCATCCTGCCCATCTGACCGTGTAAACGGTAAAGTCTTGAGCAGATTGCGCGTTACTCCGGGCCAGTCCCTCTGAACCAGCCAGGCAGGAACGTGCCCCACCGGGGCCCCCGTTTGTGTCGTGCCGCTATCACTCCAGGACGGTGTCGTGACGCGTGACACATGAGTAAGCAATGACGAAGGTGTGTTGAGACGTCTGTGGACCGGCCCCCCTGTGCCTGAACCGATTACGGGGACGATAACTAACGCAGGCTGTGCGCTCTTAGGGGTCAAGAAGCTCACGACCAATGTAAGATGCTTTATGTGTATCTCTTAGTACATGTTAATTAAATGGTTAAGCGTCTCATCCGGTCGGGCCAGAATCGAATCATCCTGCTGCATGCTTATAAGTTGTCCACTGATGTGCAGTTGTGACGCCCTGGCAAACCTGTTATATTAGACTACCACGAACTGAAGACCAATCGAAGAACCGTCAGGACTGTTCGCTGCCGTGGTGGCGGGGTCAATATTTACTCGTCCAGATTCATCTCTACTGCCGGGCTCCGATCAATAGGGCAGAGTGTTTCGTTTCTGTGGTTGCGGAACACCTGCACATGCTTAGGGACCACGTCAAAGCTAAGGGTCCTCCATACTGCCGAAACAGCACTGGCCGGGTCTTGCCTACACCTCAAGAGGGGTTATCTCTATTGTATAGGCGTGCTCAGTTGGCTACTCCTGGCAGAAACGTTACCGAGCTTGTGTTTGTCGCGGAGGAGTTGGGCGATTACTTCTGGAGCCTGGTGTGAATGTCGCCACAATTACACGGTAACGTGATCTGATCCGCCCGGTCGGATTTGGTTCGTTTGTGATATTTATAGGTTTCGGATATGGCGGCGAAAACGGAAAGAATTTTAGTCTGGGTCTTCCATCAGTGGCAGACACCTCGCGGTTATACTCCCGCAAGAGACACCAATTACGGCTACCAATTTGTGAGAAAGTTGTTCCGAAAGCCGGGTACATCACGGGACCCTAGTTGCAGCGCGACAATCAACCAAGACCCTCTTCGTTGCTTCACAAATAGTTACCAAGACGGTGGCCTTGGGTGTGCCAGAATTTGGCCGACCCTCCCGAGTGGTTCGTGTCCGGTAGCAACTCACCAGCAGTCAAAAACACAAACAAGATCATTACGGAAGTACCGTGTGTCGGTGCTGGATGCAAGGAACAACCGATATCCGCGTCGCACGAACACTCGGTATTGAACTCTAAATACAGGGACAGGTATTCGGATGGACACTTGATCTATTGACTGGAGCACGTAACGGCGGGCTACCTTCTGAGGGGGTTTTACAGTGCTTACTCATATCGTCGGCACCGGTATTTAGCATTATCCCATCTG,1975,51.04,Mus musculus
SEQ_701184,ACGCTGGTCGAACGACCAACAGTACTGAGCCCGTCCCCGCATACTCCTTATTAAAATAGAGGAATCAGGTGGGCTTCAGTCTGTCTGACTCCGTAGGATCTTGTGCAAGATCGTGATCGACAAATGTCATGCTGGACGGCGATTTATTCGACCTCCTCGTGCGGGGGGAGGACTTGCTGAAGGTAGATCAGGAAAGGGCCTACCAGTAGTCTCGAATCAGTCAAAAATACGAGGTGAGGTACCAAGAGAATAAAACTACGAGAGGTGCTCACAGGACTGACCGTTATTGTCTCTCGTACAATGCGTTAGACTTAAAAGCGATCGAATTGCCGCAATTAACGTCCGCTACGGGTCTCCCGCATTGGCTTCCCGTAACTATAAAGACCACTTAACCCCGCCGAGGATCATACCACTCATGATGAATCGGGCCAACACTAGCCGTAGGCGCTTGCGAGGGTAGGCTCTAGTAGGCCGTGCCGTCTGCCGGGAACCGTAACACTGCCATGTCCACCGGGCGACGGACTCACCATCCCCCTGCTAGGTACGGCCGCAGCCAATTAGCCCCATGATGAGAGAGGACTTAGCAAGCGAGGTTGGTGCAACGTGGTCTGAAGAGTATACTCCTAGGTGTTCAATGATGGTCTAGACACCGGTAGTTGAAGAACATGGTACATCGAGACGGTATGCAAGGCCTAGACGAATTCCTACGGTATCTGTGCGATATTTTAGGTCTGCCGAATCGTTGATAGGACAGATGGGCCTGTTTGTAGCCCCTAGGACGCCGATCCCAGACCAGACTTGGGAACAACATGTGGGCGTAATAGGGTCACGCCTACATTTTAGAAACTTCGAAATCATATGTAACGCCGCGGCTTGGTGGAAGGTCCGAACAAAAGTGCTCCGTTTGACTCTTCCGGTAGCACGGTCGCCTATCTCAAGGTCTGGTTGAGTAGCTTAATGTACGTTTACGACGCATAACATTGTTAACTTGGCCGATATGAGTGCAATGATAGGGGCCTCGCTAGGATCTAGACGACAAGCACTGGCGGGTTAGATTACTTATCCGATAAAGCATACCCGCGCTGACCCTGAGCTTCTGTCCGCACTGTACTCGTAGCTACCCAAGCCTGTGCGTTAGCTAGTTCTGGAGTGGACGTCGGGATTGTACCGGTCACGGTCGTGAACTTGGCACACCACGTTAATTGCAACGAGGCAGACATAATGT,1225,51.67,Drosophila melanogaster
SEQ_403539,CAAAGCACCACAAGTTAACTTCCTGAACCGAGCCCCCGTAGCGAGAAAACGACCACCAGTCAGTACTGCGATTGTTTTCGCTTCGGTTTGCGCCGCACTTTGCTCGGCGAGTACATTTGCAGGTCCCTTTGGTGGGAAACTTCCAACTCCCAGCAACAAACTATTATAATGCGCGCCTGGCGCGATGTCAGATAAGCAACACATAACTTCTGTCGGGTGGTCACATAAGAGTACGATTGACTGGATGCCCCGGGTACCTGTATACGAGCTGATCGGATAAAGTGTCCTGGAACCCGAGGAGAAGCGACGTGGTAGTAGTGCGCACGTCCTGGGTTGCGGTCACTCGATATCGTGGCTGGCACCTGCCGAGTAGTCACCCGACAGTTTTCGAAGTC,395,53.42,Caenorhabditis elegans
SEQ_541093,GTGTGTGGCCTTATTGATGGCAAAGCCAACTTGCCAAATCCTAGAACGTCCTGGCTCGGCGATTGAACTTACAGACACGTTCGTCAGGAATGTCGGCCAATATCCGGTGAGCTGGTTACCGTCTGTTCCTCGGTGTGTGCCTGACTGGGAATTGCGGGAAGGGTTCCAAGCCACCTCGTTCCGGGTACAATACGTCAGTTGCGCACGGCTGATTGAAACAATGCCTTTCTCGCTGTATCTAGTCGTGCCCTCACGGAGGAGGCTGCACTCCACTCAACGGGCGGTATGTCGCACCTGAAAAATGATCGGGAGCTCGAAAGTAAACCTGAGTGAGACCGTATATGTAGTATGGGGGCGCACGCTCCGTTCGCGGATGCTCCAGAATTGGCCCTTCTAGGATGGCCCAACTATGAATAAGGACGACTAGATGGCCGGGAAGGGTAGTGATGGGCATAAATCTGCTACATCTTGGCAGCGAGTGTCTGTGTCAGGACATGCCCCGAGGTGTAGCCATCAGTGACCCATTCGACAGTTTAACCAGCTAGCCCCGGTGGCTCAACTCTGCTAGGGTTTGCAAGATCACCGTAATGCATCCGAGTCAAAACGAGACGTCGTTCACGCGATATTAATCAGATGGCCCTATAACCAATTATGACCCGAACCGTCGTTGTACGATTGGACACAAATGGTACAACATAATATAAGGCGATACAGACTTGAGAACCACATATGGGCTGGTTCACTGCAGTCTCCTAATAATTCCATCGCTCCTTCAGCGGGTGAAAGGGTAAAATGGGACAGTTGGCGAGTAAGTTCATTACTCATAATTTGAAGGCTGGAGAGCCTCAGCTGGGTATGCGAGTGGCAACTGCCCAATTTGCGTTCAGGAGCAAACGAAGTGTACAAATGGCTATTAATACAGGCCGTATGCGGAGAGTACTCTGGTTGATCGATAGATATTAGCGACTAGCGTTACGCTCACTTGGGTGCAGTGTAATCTACTAATTCGAAGACTTATGCGCGATACTATTCACGGTTTTCTAAATACGAGCGACGGCGACATTCAAGTGCCCCCTGAAACCGCGACGAAGAGTGTTCCGGAGCCAGATAGGGATATCGCGAGGGGGGCACATGTAGTAGAGTGCGGCGGATACACAGTCAGTTCCAACTAGATTCGGCT,1180,50.85,Caenorhabditis elegans
SEQ_645344,ACTGGGCTCGATGCCAGTTGGGTTATGAGAGGTTTGTGACTACGGGGATAGTCCTTCCCTGGACGGAATGCCATATGTTGTTGGTTTGGTACATCCGCACAATACCAGAGGACAGTATCGGGGTGTCGCGGATGAAGTCGAAAAGCTACAGCGATCAATTGACGTGTGTTAGGAGAGTGATAAGCACGCATTGCCCTAGCATGCTAGAATTGATGGAGCCCGTTATATCTATACCTCGTAACCGTCTTTATACGCGTTCAGTTCTCACACGCGCTAACACGTTTTGCAACTCGGCGTAGCCAGGCGCTCGCAAGGCGCACATCATACATTAGTGCCATAAACCATGGGCTGGACACTCCAGGTGTAAGGGTGTAGATAAGATACAATGTATGTTTCGCCTCAAAGATGCAGACGTCTGTACTAAAGTACTAAACCGGTAAAGTTAGTAACATAAGTTTAGGTGAACCTCAGTTTGTATAGGGGGGCTTATCGCTACATAGTGTACGATTGGCCGGTGCACATACGCATAGGAAGACCCATTGCTGTCCCAACAGGCTTTCATATCATGACTCTTCACAGATCAAGTCTGTCAGCCGGTCTACACTATAAGCAGAGCTGTCGTTGAGGTCTTTTAGTTAGGGGAAGCGCAGTGTTGGGCATGTCGTGGCTCCGAATGAACAACGACTAACCCGTCCCTCAAGTTGGTGAGCAATTAACTGACAACTCGTACTACTGCCTTACTAGCCAGTCTGAAATAGTCCAGTCCGGGGAAATATCATTAAATTCTGGCGACAAGCGTGTGCTAAGCTCTCATTCGTATAATAATCGCACCGTTCTAGGATCAAAATCGGCGCTTATAGGCGATAAGGGTGCCTGGATAATGAGGGTTATGGCGATTAAAGCCTGGCTGCCGATTGCGCCGCGTCACCCTCGGTCACACTAGATTCCTTGGAGGCAAGGCTGCCCTTAAGAGACGTACGAAGGCACCATTTTCACAATTTACTGTCGCGTTCAGCGAGAATCAGCACCAGACTATCGATGATAGAGATGAAATGGTGTGCCTATCGGCACGTCGGGGAGGGGGTAGATTGCCCTAAAGTGCGCTGCACGCAAGCCGTGGCTATTGGCGGGTCTGAACTCCATCTTTCCGTTAGTTTTCATGATAAACTGGCGCGAACGGAGTCGAGTTACCTAAAGGTCAATTAACTGGCTCATCGCCTTCTATTACCTACTTCTAGTAGCGCGCTCACTGAAAACTCACAGGGGTTAAGAGTAGAAGTCCATCTGCGCAGGTTTGCCAGGGCCAAGCGCCACTCAATTGTGTGATAACGGCTTGGGAACAGTGGGGCCAGTTGCACATACAAACGACGATCCTTCCACATCGCTTTGCAAAAATAACGCACTCTAAGCTGGAGAAGACGTAAGAGGGATAATTGTGGGTTTTAGCGCCGGCGAGATGGCAAGGACGAATCCCAGGCCCGGGAGTTTGCGCGCGCAATCTTTAGGGATGCGCACTCATGCATATATGGATAACACCTGCCCCCACACTCACGACGTATTTAGCACGGCTTCGTCTGTGCACTACAAGTTTTGGACCGCCTGCAAAAAGG,1610,49.63,Mus musculus
SEQ_415687,GAGAGGAGGATGGCGCCAGTCATATAGCGCCCTGTAGCGCGTCGGGACACCAATGTGATTTCACGCGGACAGCGTTCACCTCCGAGAGTCTCTCCCAATGTTGCAGGAGCGACACCCCCTAGTCGTATGTTCAGGAACTTGGGTTTCTTTTATGTGGGTTTTCATAATTGTAATGTTAGAGTCGCCAGGGTTTCCTTCTCCTGCACGGTCGCGAATCAGCCAGGGAGACGCCCGTACCGCTAGTAGGTCGCGTCCGTGTTTCCCTACTCTTACCGGTTGACAGCCTGTTAGAGACTTTTGTCGTATATTTATCGCCCAACATTGTAAAAGTCCGGTCATACGAATTTGAACAAAACCACCTTACTGCAGGATTTTATTACATCACTCTGCAGTCCTCGATCAAAACACAGCCAGGTACGCAGGTTTCCGATTTGACTTTCTTTCGTTACTAAAGGAAGGCAACACACATGGCCCCGAGCGTCCTGACAGAGCACCAGGGGGGGTGGGGACCCGCTGTCTGTGGTCTAAGTCAGGGTATGATTTTACCCAGTAGGGGGCCGCGGTCGCACCGAAAGAATTTAGCGATCGTTCAGTTAACCTATGCTGTACTAAGTCGAGCTAAATCTGGGAGCTTATTCCGTCATGTTCGTATATCTTCAATGCGGCTAAGTGGTTAGATCGAAGCGCGATGGGCCCAGGTTTAGATGTCCGTCGCGAACCGTACTGGGGCGGTACTCCCTTCTTACATACCTACGGAGGCGCTCAGATCGATTCTGTTCGGATCCTTGTCTTGTTTTATTGCACCCCGCGGAAGACAGCCCGAATTTGAGGGTGAGTAAATCTGCATGTACCGCACGTCGTCTCTGCCTGATTGGCCCTACTCCGACCCAGTGTGGCCGCTGATCCACAATTCGCGCCTCAGCCCTATATACCCCTCGCTTACGGGCGTCTAGAATGGTGAGATCGGGCTTTCTCGAAAACGACAAAATATATGGTATTCAGCCATCTTTCCGGTACAATGGCAGGTTCCACTTCCCTTCCTAGTTCGGGCGCCATTATTTTAATCAGCCAGCGTTCTTTCTACAAACTATCATGTGTTCTCTGGACCTCTCCACAGGCAGCACAACCAAGCAGGATAGCACCATTCGCGTCGGCTAAATTCGTTAGACATGAGCCTTAGGCAAAGCGCCCGGATTAACAGCTCTCTATAAGGCTCGACATCGAGGCGCACTAAAGAGACAGCCTAGAAACGTCGTTGTGTGATGAGATCTGTCGGCCAGCTGCACGGTTATATATACGCCTCCCTCCTGACCGCTGCACTGCCACCCCGACCAGGAAAGCAATGGTATGGAACAGCGCGGTGCCCCTTCGGTCGTTGGAAAACAGCGCTCTACTACAACTCATGGGCACTTCGTAAGGATATTCAACACTGCAACCGGATACGGTCGGTCCAGACCTCCTAAACTAAGCCCGCTGAGAATAGGTCTGTCATGATGTATCAAAAGCAGTTCTCCAGCTTCACAACCATACCTAGTACCGATGTGGAACAAGTCTCACGCGAGCGTAGCGTGGGCCGGCGAGTACACTACCAATGGAACTGCCAGAAATCCTGCGAGCTGACTCCTCGTTTACGACGCGCGGTGTCTGCAACGTGCCGTGGGTAACATACATACAGGGAGCTCTCAATATCCGGGAGTCAAATTTCGTTTTTGATAGCAGTGCTTGTGGAGTCGCAGGCGATGTTAGGCAGGCAGATGCCTCTACTTTCTACTCAACACGACTGCACTCTCATCGGGAAATGCAACCAGCGCCACCTACTGGCAGGG,1826,51.97,Mus musculus
SEQ_589047,GTTCTCTAGACACCCTCGAAAGCAATATTACGATAGACATCAACTCCGTAGAAGGGTGAAAGCGTTAGTCCGCGGTGCAGTTTACCGCCGAGGGACTTCTAGCGAATGATGTGTCGGCTACAGCGAACCATAGAACCAGCGGGAGAGAAATCAGAGGTACGAGCTCCTGCAGTGCTTCATTCACAATATTTTAATCGGTGATGTCGGTTTGGTACTCCACAGACTCATACAGCATAAGTGACTCAATAATGATGGTAATAGCAAGGAATAGGATACGAGCCGTCTCGGATGCGTAGACGTAATGAATACTCCCCTATGCTATCCAATTCAGCGCTGTCCTGATAACAAGAACCGAGGGACGGTTCGATTCTCGCGAGTTAAGTAACTTACTGTGACAGCTGGATATGGCAAACCTACTATGTAAACTATTACAACTCTAGTGCCTTACACAGCCTGTCGCTCTCATATCGGAACACGAGGCGAGATCCTGGGTACTGCGCAGTTTGTTTATGGGCTCTACGTACACACACCTCGGAGGCTACCTCGCCTAACACCGTTGTAGATGATTGTCTGCGGAGATATCTTGTATCATTCGGCATTTGACTACATACGGCGAACGAAAGACCTGGATAGTTCCCCGATGCCTAACTCAGGGTCATCATAATTATCTGCACCCCTAGAAATTCTTTCGAACCCAGATGTTCAGGGCATAATGATCGTGGCGACTTGCACATTAAATGATATCTAGTAACGAAGCTGCTATTTGAGATCCACCGCGTTCCACGATAGATCAGTTCTCCGTGCATGCACCTAAATGTGAAACGATGGCGGGCCTTTGCTATGAACGAAGCCTGGTTGCGAGACTAATGCGGCGCCTCACATGCTACGGTGTTATAACCCGTCGCGGGGTGTTAATTTGATTTGGAGAAAGAGCCGCCTCTAAGAAGACGTCGCTGGTGACGGCTGAAGACGCGTCACGCGGGTGAACCTACGCCGGCACCCAGATGGGGGCTCTTGGGTGAGGACCTGAGGTCGGCCAATCCCGGTATGTACACAAGTATCAAGTCTCGACTGTAGGCCCGTGTTCTGACGAATACGAGTATCCCGTGCAAGGCCGGGTAGAGCACGGAATATACATAAGCGAAGTGCTGCTGAAATTGTAGTGGAACTACCAAGGTGCGTATGGCCCGAGATTATCTCCATATTGGAAAGGTGTAGGTTCTTCATCCCCGCAGGCAAATCGAATGCATGCGCACAACTGCTCTCGTGAACGTTTGTCTCCGGATGTCACTGGGGACGACTGGAGCCTCTCGGGTCGTACCATCGCACTGGGATCTGTGGCTCACCCTGGAGTGCCATTCAAACATATACTGAACGCCATAGTTAGTGAGAAAGCTATCTGATCGTAGATTCACGCCACAGAGCCGCCCAACTTAAAAGCATCGCTAGACAGGTGTCGATGTGGTATGCATTTGGGTAAAACTATTGAGCCTGCGTAGACAAGCTGCCATCCGTTCATATCCACTCATCAGGACCGTAAATTACTTAACGTTAGCTCTGCGCTAATATCCGTGAGGGCAATTACCAAAGGTAAAACGGATGGTGAGATCGAGTCAAATTGTGGGCGGACTTCGCAGTGCGAGTGCTGCATTTATTCACAGGTAGATACCGCTTTCTAGTCGCCCAAAAGATTGCAGGTTGTTTCTATGTAAGGCAGAGGATCCCGCCCCTCACTCAGCGATCGCTCGTTCAGGTATGCGTTGCCTGACATAAATTGAAACCGGGGTATCGCACGCGGTACGTACGCCG,1809,49.81,Arabidopsis thaliana
SEQ_544931,TTCGGGTGGCAACAAGCGAAACCTCATCGTGCCTTAAAAACTTCAAACGCGTACGAGTGCTACAATGTAGGCTCGCGTTAGTGGGAACTCAACAACATACATGTGTGTGCGGAACTGTCCACCACATAGCATCTTGAGAGAGCTTTGGCGGCACGGCCGGGGTGCAAGACGCGTACTATTTGCGAGCTGTAGCCCATGTGATTGTAGCCAGGGAAAGTAATTGGCTCTCTGAACAGAGGTGTTGTTTACCAGAAGTCGACCGCAAATGCCTTCTTCTTGTTGCGTTCAGTGCAGGCCTATCATCCCTTCCGGAGTGAGCGCCAGACTTAGAATTAGCAATGGTGGTTGACGGTACAGATATAACATTGCAGGTGATTGTCTCTCGCAGGATTTCCACAATTCCATGGTCCTAATTTGTCCTCGGACGTGAGGGGCAATACTAAGAATTTCATCTGACTAACCCCATTCTGCCAACGCTAAAAAACCCAAAAATATATTCGAGCAATAAGCGCTCTGAGATGCACATACTGGCCACAGCATTGGATTCTCGAGAGCACTGAACTCGAACGTCTCGATAGACCGGATCTAATCCAAGTCGCGTCAAGCGAGGCACGCTGCCTCTAAACTCTCGGGCATTATGCTACTCGTGGTAACGTGCCAAGCACGTGCTTCTTACTACCTCAGATAAGGAAGAAAAAACCCTGAGTCAATAGCCATCCCCACTTCATCAGCGACCGTGTTCTAACAGGATCTGTAGTTTATGCGTAGCCCCGCACGGAAAGGAACATATAACATTTGACTCATCACTAGGTACTTGATCATTGGTGCTTGAAGGTGCCGGAATTAGACCGCGGATTCCGATGATAACCGTCATTGACCGACCCCGACACCACCACGGGACTGAAGACCTACGAATCTTCTCGGACGTATAATGCAGTACCCCTGGACTTTGATTGGCAGCTCATGGGTACTCTTCGAGCGCGCCCTACCTGACGACGCGACACAAACAGGAACTGCCCAGTTGGACCTTGAGCGCTTCCGATGCTCAAGAAGCGCTTATGGAAAGCACCGTACGTTCGCAACAGACTATGTGCTTGTTTTCCTCACATATCGGTGCTCAAATAGCGGCGAGCGGGACGATCGAGGCCTTGGTATCTTAGCGCCTATAACTCTTTAACTGCACGAAAACTGTGGTCAGAAAATCACACATACTATTGCTCGTTTATTCGTTATAACACGTTACTCAAAAGAAGTGGACAGAACCATGGTCCATTGCAGCAGCAAGTAGT,1289,49.03,Mus musculus
SEQ_682659,ATTACGACTGCACACAGTATCTGGCTATCATGCAATCATAATGGTTCCTTGCATCCGGTATATTAACCTACGGAGGTATCCAGCTAATTCGAGCTTCTCGCGGGATCTCTAATGGGAGACTCATTCAATTACTGCCTAAGTCACATGCTGTTTAGGGAGGTTGCCACGATGAGGATCAGACCTTAACGCATACAGTTTCCGCCTTGCCTAGACTTTGGGGACTGCAGCAACCTGAGTAAGCTGAACGCGGTTCAACATCCTCAGTAAGGTTTGCGAGTAATCTTACGTACGATAGCCGAGGGTACTAAGAAGCAATCCGACGTGCAGTCATAGCCTGGAATTCCCACACCATTACCTGGCCTCCTGCCGGTGACCAAGGTAGGACTAAGGCGAATCCACTGCGAATTTAGATATTATGGTTATTCTGGCCACACCTGTCGGGCTAAGGATGAGGCTCTGGGCGCCCTAATGTAACTGGCGAGTGCCCCTCGGTGTCTCGACTGATATCAAGCACCCATTTACTTCCTAAGAACCTACGAGAAGTCGTATCGTCAAGCTGCGTGCCTTGAGAAAAGCTACCTTACGGTTCATAGTGCCCACATAAAGCTGCGTCAACTTCATACACCCCGACGTTAGTTCAGACAAGACAATATATTGATCGGATCCTTACAGCGATAGATTCATTGTAAAATTCCAAGTCCAGCAATTCCATTTTACGGAGTTAACACTTATCAGTCAAAACGACATATAGGTAATCCAGCTATAGTGGTGGACAATCCCGTAAACGATTCGTATCTTTGTCGTCGCACGCGCCAAAGGACTTAGTCTAAACACCCAATTCGCACGTTATTGAGGAACCTTGATGGGGTCTAGTTCCGGGCATATCGGGCCTTTATTAAGAATCCCAAGTGTCTTCGACCGATTGAGGACCCCTCTCCGCGATGGGGGGGTGGCCCTACATTCTAAATCATCGCTATGAATAGTGCTGGACATCGCCCCTCATGTTCACTGCTTTATGCTAGAGTGCCTTCGTGAGTTTAGTTTGTAGCACTAAATGGGTCAGGCTTCTTGGCGGGAGCTCTCGGTGACCTCTTCAGGTTAAAGCTCAGCAGGATCAGGCCAATGTTGCTGCGCCCGTAAAACGAGCAGGTTACCGCTCTGGTTAAGAGCTCCATATGCTAGGCGGAGGTTAGATCGCCACGACCTTAGATTTCACAACGTGAATCCGCGTCAAAGGTTCGTAGAAGAGTCGTGTTTGAAGAAGACTATACGCGCCCCAGTGCATGACGATTTTCAGAATGTTACTTGGTCATCGTTAGTCCCTGATTGTTCGAAAGTAGCGCCAGTAGAAATCTGACACCAGTAAAATCGGTAAGTCATGCTGAATTGACCAACACGGAGGAGACGGGTATATAAGTAGCTTCGCTGACAGCTGCATGATATAGTAGCCTCGTACGCCAGCACTAACCTTTGATTACTATAACAACGAGGTGGTAAGTGCCGTGTAACCCTTAAACAGCGCCTCTACCAGGTTGGAAGACTTTGTGTCAACAGGAATATGGAAAAACCTATGGCAAAATCATGTAAGACCACTTACCCGGCTCTATTAATCTGGTCTAAGCCACACCAGGAGACTTACGATTGTGCTCTTATGGCTGTGGTAGCCGCCCGAGGTAATTGTCAAGAAATTCACTTAGACAGTCACGGGTTCGTGAAACTATGCCTCACCCGTCGTGACAAAAGGAACGCTGTCCATGATGGGTGAGCCACGTATTCCGCGGCCCGCTATGGCGAAAGCTGGTATCAGGCCTAAAGGCAGAGGCCTTTTCACGTGGAGCATTACAATAGGTGTTGCGCACTTATGCTGATAACG,1873,48.21,Drosophila melanogaster
SEQ_508682,AAGGGTCTGTCCTGACGCGCGATTGAAGCCGAACATCGGCTCGACGGGTAACCTTGTGCACAGCGGAGACTGACGGAAGCAGACAATTTGTTACTTCTCTCGTTCGTAATCACGAGTGGGACTACTAAAATTAGTCTAGACGTCTTTCACCTAGGAACGCCAGCACATGATCTAGGTACGTGCGGTAAGCTCCAGTGATGGACTTCCCATATCCTGGCTCCATTTCTGCATGTCTGGGGAGAATGGGACTGCTGATTTCCACTTGGGACGAAGATCTCGAGTCGTCAAATTTATGGTAGAATGTGTAAGTAGTGTTAGATTATCAGTGAAATGCATTAAATGGGTGGTGATCACCGCACTGTCGCACCCATCGGCCCCTGTACGGTTGTGCAGCACTAAATCCTCG,406,49.51,Escherichia coli
SEQ_105268,CCACTCCTCGCGAGAAGATACGCACATCCCGTGCTGCCAACGCGGCAAGCTCAATAAGCTTGCCTAGGCCGGTATTTGAGTTGGATTACCGAGGGGATCTTGGTATTGAGACCCGGCGCACTGACTGGAACTTGTACAGACGCAATATCGCGAATTCCTTCCTTTCCTCACGTGCCGTTGGGGTCTGCGCGCAGTTGGGTAATGAGGACCGAGTATACACCTGCTCAAGCGAACCCTAGAGCTCCGGAGAACTCCCACACTTTAGTGTATTTGGCCCACCCTCTTGCTAAACTCCCAGCGTCTGTCCTTGTGCTTATGATCCACCACTACTCAGGGCATCATACATAAGGTGACATGCGATCGTTAATAGGCCGTGATTCGGGCGTGGTTCTCGTATGCCGCAGAGCGGGCCTCGGACGTTGCCTCCAGAATGGCTACATCCCGTTGAGATAAGCTAAGAACATCTTTTGCGTCTGTACTGCGGGACATTTTCTCCTCGTGTTCTGCGGTTTGAAAGAATAGTGCAGGTGAGTTAAATAGGTGGAGTGTCACTGCATTTGCAATTCAAGGACAGTACCATACACCGGACGTTGACCTCTCAAAACAAAGCTTAGGCTACCAATGAGAGCTTCTGGAATGCCCGTCTACTAGACAAACAGCTCGCACGCCGGCGCTCGATTGGGTATGAGCAAGGTCGCAGACAAGAGCGCTGTCATAGGGCGTACGAACATTCCCTAGTCCCCGGGCGGGCTGTACCGTAGACAGGGGGGCGACATTACAGATCATACCAGATATAGTAAGCGTGTGCTCAAATAGTCAGTACGGCATACATGGCTTCGTCTGCATGAAATTATGGAGCGTCATAAGGAATGATTTGTGGCTTAGATCCAGGGCAATCGTGGCCTTCATTCATCAACACACCCTGGATCTTCCAAGCCGAACTCCATACGTTTGACCGAGCGAAAAGCTCCACGTGATAAATATGTCATAGTTGCAACATTCCAGTGATGGGATGCGGGACGTGAACCACTTGGTGGGAACCGAGCAGCAGACCGCCGTGTCCCTTCCCGTTGCGCTGGGCTATGTTATAAGAGATTTCTGCAGAAATGGATGCAAGGGCTCGCGCGTTAGTCCTGAGCCTAACCATCCATATTGTAGTCAGACTGATTAGTTCACCGAATTTTTGGGTTAAATCGCTTATGAGTTAAAGTGTCGTTCAGCGGGGCACCGAGATTCACACAATCCTGTCACTAGTTTCAGGACAGCCTTGCCCGACCTTAAAAGTTACAATCATCTACTGAATACTTACGATATAGTAAGTCGTCTACTGGGAGTCCTTAATGTTGTCAGTTCCACTAACCGCCCACTGGTCCCTCACCTCTATGGCTGTTACAGATAGATCGTGGACCGAGACCCTTTACTCTGATGTGCTGAAAATGCCTTATGCGTCTCATAGCGGGGAGCTCCAATGAACTGTTTAGATCAGCATTTTCCTATCAGTATATAGGTGCGCACGAAACGCACTCAAAGGCCCCTGCTGGCTGCGTGGCCTGTTGGGGCGCATGACCATACAACTTACTCGATGAAAGCACGA,1594,50.56,Saccharomyces cerevisiae
SEQ_473849,AGTGGTAGGGGGGCAGCTAAGCGTAGTTCGGGGAGGTATGGCCGTTTAGGTTCAACTGGGACCGGGGCAGAATCTGATGCCAAGCTCTAGCTACCGAGGCAGGCAACTGAGGAGCGAGCTCTTCGGGGAAACTGGAACAAACTGTCTGAGAACTAACGACCTAGATGTGAAGACGATATGGATCTGCGTGCTATACACGTTGCGCCAATACCCCGCTTACTTGGCAAACCAACTGCGACACGAACAAGATTCTTTCAGACGCCGACAGATGCGAAATCGGAGTTACGAGGAAGTCGTAGGCGGTGTCTAGAGAGCGCTGCGGCTGTGTTCCCGTCAGGCTTGCCGATCAATGGTTGTGAAGCGCGCCATGGCGTAATACTTAGGGCGTCGTTATAAGACTTCTCTCTAAACGACCCTGTTGCGGTGACTCCGCGCACATCCGGTGATTGGGCCTCGAACATCCCTAGACCCTGGTAGCATCTTGATGATATACTCTTTTAAGGGCACTAGAGGTTGAAGGTGTACACCCAGATGACAAGGCATGCTTCTTAACGGAGACCGTATACCCAGCCTATGTCTCCGTCCCTGGAGGTTTCTATGCGGAACATAGGCGAGAAAGGATGAAGGACTGAATCAAACACTGTAGCCGGGGCCCGTCGCACGCGTAAATCCTGGCCGCGTCGTTGGTTAGACCGTCCGTCGCAACATTAGTTAGACAACAGTTACGCACCTTTCGGTGTGACACGGGTGTTCCAGCATCAATGCTGCCGAGAATATAACTCCTGGCGAGGTGAAATTTTACTACCACCTATGCCACTTCCGCGGCCCTTCTGCTGGTGACGTCACTTCTTACTGCTTTACACCAGGGCTTGTGCTCTCAGTTATCAATACTAAGATCCAAAATTCACATCATGCATAGTCAATACACCTACCTAGTTAAGTTCACACATCATGTTGTAGACACATCCCACACGAATCTAAGAGAGCAAGTAAATTTATAGTAGGCCGTACTGGTTTTTCCTAATTCGTTCTCAAGTCTTGGTGGATGCGTTAAACACTTCCTAAGAGAAACTGCGTAGTCGTCCCTCGGCAGGCTTCATTGCGGACATCTACCAGCATTCCATGTTGTTGAGCCCACGGGTCCCTACCCTCACATTCGTATATTGTTAGTCTATTCTCTGCTGCGGGCATCGACTTGAATCGTGGTGATAGCTGGGTTCACCGTTTGTT,1230,50.57,Saccharomyces cerevisiae
SEQ_393617,GACTGATTCGTGGCCCGAGGACTCTGGCATCGTTCACTGCTGCTGATACGAATAGTGACATTCCGGGGTGGTCCAGATCAACACCGGCCTTTTGACTTTGCGGGGCTGAAGAAGCTGGCTGTCACCTAGGGGCATGACTAACAAAATAGCAGTCAATCTCTCATAAGACAAACTAGAGAGTTGTTTGAACGGTTCTTTCAGGTGTTACCAT,211,49.29,Drosophila melanogaster
SEQ_597001,TTTGGGTTACTGTACCTTAAAGACGGTATTCTCGCCTCTCACCTGTTAGCGCACCTCGATTCCCCTATTGTACGTTTGTTAGGTACCCACCCTGTCCAGTCCACAAGGTCTAAGAGTGAACCGGCGTATGTACAGTTGCAGTGGTCACCAGAAGCAGGGTCGGAATCATCTGTGTGCTCTATCATTTCGGGTCGATACGGTTTGGGGGCTCACACATTCAGAACGCCGAGGACTTCGGTCGAAGTACATCCGTGGACCACCATCTGCGCGCCTCCGGCATCACTAAGCCCTAAGTTAAACTTATTTACGACCAATCATCCCCACCCTCTCAAACGCGTAATGCTTAACCCCGTGGACCGACTGCGTCAATCCTGGTAGGAATTCC,385,51.95,Caenorhabditis elegans
SEQ_325497,GTGGTCGGCCTCCTTCACGTGCTCTAAGACAAAGGACGTGTGAGACCAAGGCCGTCGAAGCTTGCCAGGGCGAAATTCGTTTACGCCTAGCGGGTGAACTTAACTCCCCGCTGCCATGTAGTTGAGTACTCACCCATGTAGGTGTGCTGTACTCCGGATGTTTTGCCGGAATCAGAGGGAGCCGTTAGACAGTTTTTCGTCACAGTCCTGGGTCACGACGAACATGGTGTGAAAATAATCGTCGCTTTTCGATATGTACGGAACCTGTGATAAAATCACTGCCCGCTCTCCCTTCACCGTGGTAATGCTTACGCCGGTACAGAAGAGCTGCAATCACAAGCTGTGAGGGCGTTCGTAAATAACGTACTTACAGTTCACGACGCCTGTTCGACTAGGGCACCGCGCTGTCCCCCAGGTGCGCGCGTTCCCGACCTACCGGTCGAATCTGTCTTTTCGCAAACACGAGCAAAGATTGGCTCGGCAAACCCAACCCCAATAATATAGGAAATCTAGAGGCTGATTGTCCAGAGGACTTTACCCCCCCAGCTCACGTCCATTTCTTATCCAGGCTATGCTGCTCGGAGCGATCGCTAGCCTTTCATTGCCTAGAGGTGCTCAGCCTAGATCCTTCAGGTCTTTTAAACAACGATAACCGTGATGTAACCAGAGCACCGTACGCGCAGTGAGGATGTCTGCCCCGGACTGACATGCAGGTGAACCCCTGGTTCGAGTGTCATGAACCCTGGAGATAACGCGATCGGCCGCTAATTGTCTCCTGTTGCAGATCTTCGCCCCGCAGCCCTGCGGCTCACCCAATCGATGTGGGGTCCGGACCGTTTGTAGAGCCTCTATTCGCCATGTGAAGAAACGAACCACAGTATAAGCGAGGCTCCAACTCGGTTGAGCTATGCACTTATTTGTTCAGCAGGCAGGTATTTGTCCTGAGCACGATCGTTCCCTTCCTCCGTACTTAAAAAGGCGCTGTGTTAGCACTATATCCATATCTAATTAGCATCTAGGCCTTTGGGGAAGTGAGGCATCAACAGTACTGGCACAC,1057,52.51,Mus musculus
SEQ_693740,CAAGACTAGCTTAGGTCTGTTTCAGGGCAGACTAAGCCGAGACTATCGACCGTTTACTTACGCCCCGCTAGATGAATATGGTCAGTTACCGCACAGGGCCTGCGTAAATGGGTGACAATTGAGTTCTACCGCGAAATGGGTACAGGGTTACTAGTTATTTGCAAATCGCTAGAAAGGTTTGTAACAGGCTCCGAGATGACTGGGCACTCCAATCTGGGTATGTTTTAGTGCTAGTCTAAGTACAGACAGCATTCCCAGGATAATTGTGCCGCGGCTAGCTCGTTCCGAAAAGCAGTCAAAGATTAGATCGAAGGGAGGAGATTTATCGAACCCGATGCCACACGAATGTATCAGAGCCGACAGCAACCCACACTCCTATTATTTCATTTTTAGTTTTAAGTTCTGCGGCCCATGCATGTCCACAGTACCGACCAAGATTTTTGCTCATGGTGATGCTTAGCTCCCGGTGTGATGTGGCATGGTGGAGGGGACGTACGCACGCCGTGGGCTCCTGTTGACCAGGACGTAAGCCCCCCCCTTGGGAAATACGTACTTGAGACTCGAAGATTTGTGTATGCCACCACCGGCCTCAGCTATCGCGTACCCATCGGTTGACATCCCTGTACGAAATAGTCCCAAAGTTCTACAATAGTGACAGGGTATTTTGAGTAATGCACGTCATCTAGCGCTCAAAATCGTGCACCTGCTGAGCCGGAAAGTAGCCCACGCGTATAGTCATTACCTCACATGAGACTTCGAATAAATACGAGCTCTTCTAAGGGGCGAGAGCGGCAGAGAGGCCCTAGGACGAAGGGGTGCGTTATCGAAAGCTTCCAATCCAGATCTGTTCCCAGTTACCTAGGTCACGCGACTACCGGTGACCGAACAGGGTGGGGAAGCTCTAAGCTGCCGTACAGCTACTGAGAATAGGTAAGGACAGCCCACCTTGTGATACTAGAATAGAATTCTGATTATCCAACTCCGAAGCGTCTATTACCTTAGATAAAGATTCTTGGAATCGTGCAGACTTTGAGTTCGACTCACAGCGCTGACCGCCCGCACACACAGCCACACGATACCACTACGAGTGCCGGTCCCGCTGAACGGATCCACGGGATACCCGCAATCGGGACGTACCAAATAACCACGGTCCACAACCGTTATACTGGAGTCCTAGTGGTAGGGTCACGGATTGAGCCGTAAGCCAGTGGAGATGTCTACGCCACGGAGAAAGGGATTCTCCCCCTTGACTGACGTGCTAACGTTGGTGACGAAGCTGGTTAGATTTAATCACGGTATAAAGGCACATATCGAGATCTAGGGGTATCGCCCATGTAAGGAGATCACTCAATAGTGTCCATAACTAGAGCATTGTATGATATAATACCAGTTTGTACATACCATTAAACTGGCGTCGGACTATTATGGAACACGGGCGCCCTATTTGTATATTTGGGTTGCCGCCGGCACTTATCCCAGGCGAACCTCGTAAGACATTCCAATATAACTGCGACCTTCACCGTGGAATTATTGGAAGTCCGCGGACATGACATTCCTTTCACTTTACCGTGTGACAACCCCGGCATGCTCCGCCACCATTACGGGCTCCAAGTGCATGAGACAGCAGGGGTCTACCGTTAGCCCATGTCGTGGTCTCACACAACTGACCAGCCGGTGAGTACAGATGCTCGTTGCCAGCATGGCCAATTGCGGGACACACGGTCACCCATATGAACATTTGCGAGTTTTTACATTTGTCACCTGACCCGTAGAGGCCATAGAAAAGGATTATTCCAGGCAAAATACTTGGTCTCCGCAGCGTCGTGCTTTTATGGGTCCGTGTAACGTTCTTACTGTGCTGGGCCACGCCCTTGCGGGGATACGAGGGCGTTAATGTTTAAACGCCACGGACCCTTGGCTGATCGAGTGTGAGACACTTAGATGCGTCTAACCATATTTCTTTCCAAATAA,1971,50.13,Caenorhabditis elegans
SEQ_795433,GAGATCATCTTATGGTGTCAGCATAGCCATGAGACGTCGATGATGGCATCCCAAAGTGGACGTGAACACCTATGTCATAGTTAAAAACATCCTGTACGACTTGATATGATTTCTTCCGCGTAAACTCCCTGGACACTTCAGTATTAGCTAGGTACAGAGATTTCCGATCGAGCTGTACCGTCTAAACGCCGCAACCTACGGTTTGATTTAAGACGTCGCTGGTTTGTCTTCATTCGCTAGCATGGGGGGAGTGTGGACTGTCTGACACTAAAGACATCAGTGCTTGCGGGTATAACCCTCCAGCTGGATGGCTCCCGGACGCGAGGTTTGAGGTGTACACGCTTGTGGGTTCAGTATTAGGTGCCGGAACGGGACGCCAGCACCAAACCAATGTCAGTAATTCACCAAATACGATCTAGTAAGAAGGTGTTTGCAGAGACGTTAATCGCGACTGACCAAAAACTGCAGTCAAGGTCCTTGGAGTCTCA,488,48.57,Arabidopsis thaliana
SEQ_441813,GCGTGGCATTGACGTAGTCACCGAAAATCTGCCCTAGGCTCTTTCGCCGTACTGGGCGATTCCTTGAGTTTTTCGGCTGTCCCAAAGAGGTCCATCCACAAGATCCGCGGTGTCCTGTGAGTTGCCATACTAATGGACGCCAGACGCCAACCAACCGAGAGGCCGAGGGAGCAGACGACTGGGGGAGGGTATATAAAAGCTTCGTCGAGATAAGTCCCCATGTTTGCCACAGATTCACATGTGTTATTCCCGCCATTCAGCAGACAGGAACATTCGCTTCCAAACCGTATCGTGCGACTGTCCGTATCAACGCCCGCAGTGATACACAAAAGCATAGCCGTATCGGCGTTCCGAATACCTTCCCTGAAATTCCAGTTATGCGGGCAATGTGGAACAAACGTACGCCTCATGAGTCGTATCTGTTAGACACTACCCGGACTACTGATCATGCAGTGTATTGTTGCAAGAATTTCCTTGATCTCTGATCAAAGTCGGGGATGACGCTTAGCGTGGAGGAGGATTTTCTAAGATTCGCCCTGCCAGACTTAGTATACGACACGACATTGCGTTTCACGAACCGGGTTATCAAGTAAGGGTGAGCTGGTTACGTGATTCTGCCCGATGGTTTACAACCCAGGACGCACTTTCATGTCGGCTGAGCGGGGCGTCCTAACCTCCTTCTCCCATTTCGTGGTAATAGCCGAAGCATTCTCTGAATAGCACACCCAACATGTGAAGGTTCCCGCAGTTTGCCATAGTGCACTGGAATACGCTATCCCCAAAAAATGAGCGAGGGTTTATCGTTGGCTGTGGGCGATATGCGGTAGAACTGCTGCTGATTGGGAAGGTACCATACTCCAATCATCTACAGGCTTTAATGTGGGTCGATCAGATCCCGGTGAAAGTCCGCACGGAGCCGACCTAACGGAAATCAGATCAACCACGATTAGCCAGAGAATGTCTAGATTAGACACTGTTCCCCCGACAATGTGAGGTATGGGATTATATATTTCTTCTGTTCGCTACGAAACACCTTAAATAAGCGAAGGGCCCAAACTTACCGATACATAAAGCGGCATCCCAGCGAACAAAAAATCGGTGCGAGCAAGCTCGTTCGCGGCGCCAATCTGCAGGTTGTAACGTATAGAATGCTTCTACCAAATGACGTTTGCTCGTAATGTCACGCCCTTGAATATTTGCTCATTCCATCATGGCGCCCGCGCAAAAAGCACTCGTTACAGGGTGGCACTTCGGGTGTATTGAATTGCATGATTCGAGAGACATTGATAGGACCTGAAGTGACTCAGAGATACCGCGCTCTCCGGGGCAGCAGCAGAGAGTAAGGTTTTGGGCGGTATAACTACATCCGAAACCGTGTAGGAGCACTAGGAACCCTCGCGACGAACGGCGACTCTAAACGCCCACACATACGGTAAATAAAGATTGACGCGTAATAAGTGGGACGGGAGTGTGTCTAATTCTGCCTAGGCCGAGGGCTGGAAGTGACCTCCAAGTGGAACTGCGGTCATAAAGAAATCACTACTCTTGGTCATTAGGAATTGCCCTATAAAAATCATCTGACGCAAGGCGTGCTTTTCGTTATAGGGTAATCCGGAATTGAACCCACATATATAATTAAGACTTAGTAATTACTAAAATCAACGGGTGAGTCTATGCATCGTGAGAATCGAGCAATTTTTATCTCGTCAGCAAAGATCTGTCAACTCTACG,1731,48.93,Homo sapiens
SEQ_367290,AGAGACAACTTGCTGTAACGACTCGGTTTTAGGGCACGTGAGCGTAAGGGACAACGCCGCGGCGAAGTTCATTATGAGCGACAGCAGCCTGCTCATAGACAGGCGCAGCCGGAGAGAGCTTGCTGCACTGGGTGATGTATAGCCGCACGGTATCGTTGTTGGTCCGACCCGCACACGACCTTCTCGTTTGGCTCTGTGCGTTTAATATAACCCCCTTATGCAATCCAGCGATTGGGGCCTACGTTACCCTAAAAAGACGTGTACGCCGGGGCGATTTGGCAGATAGTCAGATAGTGGCTTGTGTAGAACGCCGCGAGCCGTGACGCGATGCCCAACATATCTCTGTACGCAGGCACGTGTAGGCCTATTTGGGGATTCGGTTAGGATTGCGTCCGGCCCCTCACTTAACCTATGTTATAGTGCTCTATGAAGCGGTTTTATGCGGATCGCAATGAGCAACTAGCTGGCGATTAACAAGCAGTCCTGAAGCGTCAGGTTCGCGCCAGTTGCGCATGAACCACACGACTTTAGTGTCACGTTAAGAGTGACTGGGCGGGACTTTTGACTATCGAACCGTACACTAATTTCGGATTGCGATGTTTGTAAGCCGCGAATTCGCATACCAGATGTCGTGGCCATGATATCTGACTAAACCTCAGGTATTGCACATCGGCATCCCTATGCACTAGCACACAATTGAAGGCAATTTAACGACAGACACGCCCTTTGAACCTAAAGATAGTAGCAATATACACTTGGGACGTAGCGTCAACGTGTCGCCCTGTCCTGTGACGTAGGGTATCCGCAGCATTTGTGCACCGGGTCTGACCACGGCATCTGGCTGAATACAGTAAAGGTGTCTGGGCGTAATCCCGTCTCCCAGTTCTATCCACACCAGGTCGCGCTATACACCCGCCTGTAAAATACATGGGTGCAGGGTCCGTTGTACTTGCACAGTATCGGAGATTCGGAAATTCCATTTATAAGTCAATCCAGATTTCAAATATGTCACATCGTACTCCGAAGTGTGTGTAGCCTGGGCGCACTACTGGAGAGGGCGATAGTACCGAAATTCCTGGTTCATATTATGAAGTTATCAGGACTCTCCTTGGTCGTCCCTCTTTCAGAGTCAGAGTCACGATGTCGCTCGCTGATGATAACCGGG,1165,51.16,Homo sapiens
SEQ_932899,AAATTACGTCCTGCTCAGGCTTATAGCCAGGTAGAACGGAGATATCGGCGGAAGTCGATGATCCTAGCAGTAGATGCTTCAACAGCCCAAGATGTTGTCAGCAGTGAGAGCTATTGGTCCTTCTGACGGAGCAAATCTCATGGATCGCCATAGTAACTATTTGGGGACGCCTGGCAAGTTATGTAGTTTGCTGGGTCTATACCTATTTCCTTGTACGTCCCACGAGTAATCATCCGGCCTAGCCTGATATCGGAAGGGACTGCCACGAGAATCAACCTACTGAACAGATCAGTTAAGCTCGGGACTTTACAGCCGTATCGCCGTACGCTGCACATACATCGGTACATTAGAGTCCCGCTTTATATAAGATGGCTGCGGCAACTCAGCGGGGGCAATCGGGTTACCATTCGTATGGACTATACCGAACAAATCAGGTAAGTATTTCCGATTTACGGTAGAGGCGTCGCGGATTAGGAGTCGTTGAATTCCGCCGAAGTGGAGCGTTGCACTATCGGTCATTTGATGCCAGGATCGAAGCTAACTAGTGCATGTCCTCGAGCTGGACGTGGTGTGGGCGAAGACTTGCCTCGCCTGATCAGACTATGAAGGTCCTTGATACTTCCAAACTACCGATTCTGCCAGTCCCCCTGCCGCCAATTTTCAGTCCCTTAAGTGCCCAGCAATCCCCAACAGTCCGCCAGATGTCGGGCATAACCTACTTCGTGTCGAGAGCACAGTCAAATCAGATGCGTCGCTCCCAAACGCTTGAGTACCCTCCAAGATAAAAGTGGGCGGGCTGTAGGCGGTTTATCGGGTTTTGCCGCAACTAACGACGGCCATTTTTTGAAGAACGAACATGGAAATTAGCGGACGAAAAGACCTTATTCATGCTGTTTCGCTACACTGTGGGCATAAGTCTCTCTACATTGCTCTCCACCCACTAGGTCGTAGCGCGTGCCAGTCATAAGTTACCCCATCCGCGCATACTGTCTCACAGGGTGGCGGAGAAGGACCAGATCACAAAACGCCAAATGTTAAGGCTTATTGGCCGGGGCCGCGGAGTTCTATCCAAACAGTACCCTCTGTAACAGTTACAGTCGAATATACCCGGATCGGAGGTTTTCCACGTTTCAAACTATCAGTCGGGCTATAGGGGCGACTCTCCGAGCAACGAAGGTCGAGGCCAGATCGGGACTGCAGGTGGTCCGTTCAAATAGGACTATCCGGTGCGACCGCTCAGAGGTCTGATTCTCCGAGGGTTTGCTACCATATTGAATGCGTCTCCGGCAGCCAGCGACGTTATAAAAGGCGCCTTGATCGTGTTATGCCTCTGCACAAGGATTGTCCTGAAGATTAAAGGCAGTGAGATATTCAATATGGAATTAATAAGCCGGGCAATGCTGAGCGTGTCACGAAGGCTATCGCTGTGGTCCAGGCGGAGACAATTGGCTCCACCAATGCACGAATCTTTGGTGAATCCCCAAAGAAGTGGCGGGCTCAGATCGAATGACCAAACACAGGAGAATGCACAATGCTTGGTTTGGCTCTCGAAGTGCGCGGGTGATAGCCGATACCCCCACTAGCGTTGGAACCCTAGCAATCTCTCCTCACAAGCTTCGTCCTGTAGTCTCGACCCCCTAAGCAGGCTGCACGGCGAACGGGTCACGTTCGATGACTGAGATAGGTCCTAAACGATGTAATGTAGCCGGTCGCGATGAATAGAGATCACTCACGGGTGCCATTAATTAAAAGCCGACGTTCAGCCCGTACCTTGATCACTTTTGATCATCTACTTAAAGGAAGCTGCGGTCAGCGCAATAGGATGAATTCGATTACGAAGCTGAACGCATGAATAATCCCTTACGTAGCCAAAG,1874,50.85,Arabidopsis thaliana
SEQ_135605,ATTATTTCCGAGTAACCAAACCTCTGCAATTGAAACCGTTAGCGTACAAATGATTTTCGGCTCTAAGTGAAGATAGGATATAGTTGTGTTGACATTTCACAAACTTTGTAACACACGCCGTCCCATAACGGTGAGTCCAAGCCGCGCCACGTCTATGCGGGTACAATCGATGACAAGGTAGACAGGCCTTACTCAACAACTGTCGTAAAGAACTCATGTCTTAAAAATATGGCCCCCGCCTCGATCCCCCGGCGATGATACCAACGAATCCAAAATCCTTGAATCTTATAGGATCAACATTACATAATATACTCGCCGTCTGACTGTTTTCGTCCAAACACTGTGCGACCGTAATTCTCAATGCGTATTCAATTACACGTCTTCCGTCCTCTGTGTCCCCAACTTCCAGCCAATCTATAGCTCGTTGGAGTGCCAGATAGTTAGGAGGCGGGGGCTACTGCAACGGTACTCTGGGGGAGCAAAGAGGCTTTGTGATACGAATGCTGGCGGAGCGTTTCGCACAATTACGCCAGGGTGCTCAGATGAGTCGGATGATAATTTTTAGGTCAAACGACACTGCGAGAGGACCGACCAGAGGTTATAGATGCATCTGTTCACGTCCTTGTTACTGCAATTTTCCAAGGGGTTCTATAAGACGGCTCCGTTCGCCGCCCAACGCGACCCTCCTGGAAGATTCCAGAGCGGAACGGAACTTGGGGCAGATACCTTTCGAGACGACCGTCTGCCTCTGAAAGAACGACCGTGGCGTAGGATTATTTATCGTGATCTTCAGCGACAAACGCAAGTAACTCCGTGTGGGAGTAATAGGTATTCCGTAGTCATTGGCACCTACGACTGGATTGGTTAGCTATACCTTAATTGGTCTTAGCGCAGTATCGAAAGCGAGAGTGAGGTTTCGACTTGATGAGTATTGGCTACGGTGAGCAATGCCCCCGTTGGGCTACACGCAAGTGTGCAGATCGAAGTAAACCTGGGGGGGCTTGGGTGGGGGCGCGCTGTAAAGGTGCCTAGAAGGCGCTTGGCTTAACGGGTGCTCGGCCTGTTCTGATGGACTCGCTCACAAGGCTTCACGCTACTGCGCGAACAAAGAGTTTTTTACTTCCTGGTAATAGATCCCAGATGTTTTAGTTTTCCCGGACTCATAGAGACTGTGTTTCGGATACGTTCTAAGGGGTGCACACTTATTAAACCGTCGCTATTGCACCTTGGTAGTTCACAGCGCTGACCCGGTGTTGTCATAGGATTGACAGCCGTATAGTATATTAAGATCTAGGCTAAAGATTGTGGTCGACAGAACAACGCTACCATTCTGACGACCCCGCGTATGCGGTTAGTCCAGTAACGTTGCTACAATGGCACATTTAACATATCATAGTACACCTCGCGGATGTCTCCGTAGGGAACAGAGCCAGCTGCCCCCAAGTAGGACGGTTGACCCTTATTAATGCTCTAGCGCTGAGAACGATAGAATACGAAGCAGCCATTCCCTCCGATTGCAGGGGGTTATCTTGGGTCTTATATTCAGATACGCAGAGACGAAAAATATGCAAAACCAAGTCAGACTGCTCGCGATTCGAACGATACACCCCTAAGTGTAAATATAAGAGTACTAACACACAGCGCGTGTTGTTTTGTTCTAAGACGGCCCCCGTAAATATAATTCCCGGAAGAAATATGTTCTACTGAACTAAACACAATGCACACCAGATTTTTCATAACCGGTGTACACCGTCCAGTTGTCCAGGAGCGTAATTTGTATTCGTCTGCGTTGCGGAACACTAAGGGCGATTGACTGGGTAAGCTGCACAGCTGTATACTCTTACGTAACACAACACGGAGTCACTCACCTACGTGAAGCGGCAGTGAAACATTCAGATTGTGCATTTAATCAGGACAAATGTCGAAGACTCCGCGCGCCA,1940,48.25,Saccharomyces cerevisiae
SEQ_679015,AGGCTTAATTACCTGCCACTTTATCACTTTGCCGATACTTCCGTCTTGGGCGTATAGGTGTTCGTGGCACACGTGACCTGCCCTCCTATATGCGAATCGTACTGGATGGATTTCCGATACTTCTTGAGCCATGTTAGTAGGCGATTCCACACCCGTCTTGTTATCTTTACAGGCCTAATCACTCGCTGAGGCAGTCGTCCTGCGCCTGGTTATGTGGAAGATGAATCCGATGAACAGCCCCCTGAGTAGGTCCACTTGCACGGATCGGATAATCTAATTGCCCTGCGAAACGCGAGAAGAGCGCAGCACCCTTGCGCTGGTTTAATTGCGTAAGGTCACTACGGTACCCGGATAACCCGATCGAATGGGGGAGTGAGACATTACATACGTATTGTTACGACCCGCTGATCCATACCACTATTTTGGCACAATTGTTAGCGCCCTGGAGCTGATGCTATCCGTCCTTGGCTACTACTGTCCGAAAGTCAGATACCTGCTACTCTACACCAGGTATATCTTAGCCCTATCGTACGATCCGGATTCTTCATGCCTTTGTTTTAACTACAGACGTCCCTCACCTCCGTTCACGCTGCCTCAAGAGGGTAGCTGTCAGCGTACAGGCGCACCGGACACCGCTTACTATAGTAAGTGTGCTCATGCGATGCTAAGAGTAGCCAAATTCCGGATCTTAAGCTACTGTAGTGAGCACTACGTCACAAGCGAGCACTAACAATCCACGCAAATCTGTAGCCTTCGGCCACCCTGTGGAAGAACTAGAGGCATAGAAGCTGCGAGAAATACGGACAACAACTTGTCCAGCACCGGGCGCATCGGACCTAAACCCCCCGTGCGGGCAACTTTATTGGTTTTGGGCGTAAAAGACTCCATCCCTAAGCCGAAAGTTACCGTACATCACGACCGTGCGGTATCGAGTGAGGATAGACCGTGGGACCTATGCTCGGCGTAGCGATACTGTATGGAGCCTAACCACATCGTCTAACGAACAGGTGAAACCGTACTTTTGTACCCTTAATATTAAATTTTCTCTGGTCTTACAGGTGAGAAGCTCAACGGCAACCTACGGGTTACATC,1092,50.37,Mus musculus
SEQ_167151,GTCCGATACTCAAGCAACCCTACAGCGACTACTAGGAAAATATATCTGACCACAACCTTTTTCTAGCATGCGTGGGGTCCATTTGGGGAATAGTGTCTCGTACACGTTTCCAGTATGATCATCTGGCCATCCTTATATTGGCGCTACTTAGCGCAGTTTTCTACCACGTTAGTAAGCGACACCACTGGAAATGGAGGACCCATTTTGCCACCATATGTCCATACCCTCAGAGCGAGAACGCTCTAGCAAGATCGTTGAGTACTATACTGCAAAAACTGTCGTTCCTATACTGGAGCGTTAGTGTACGATGATACACC,317,46.37,Caenorhabditis elegans
SEQ_965453,GCGTAGGAGTGACACCCTAGCAGGTATTCAATACATAGAAGGCACCAACATCCTTACCAATTGGCGGTCCTAAGGGTCAAACCCGGGTGCCGTATATAAAATTACGCCCAAGTTGCACGGATTAATCGCATTCACCAGTAAGCTTCGACGTTACCATCTGCACATAGGGTCCGCCTCCCTCGGGACTATGGGCGTAGGCTAGGGATCTATCCGCCGTCGGCTCTGCGGGATGGAGCATCTGTTAAAGTCAAGAGCAGTAATAGACATTAACCCATGCTCCCAGGTTTCCGTGGCGAAGTCGCCTCCCCTGAAATAGACGGTCACTGATGCCAATATACATTGGAATCCGGCAATGCCCAAAGTAGCGCTCATTACGGTACCAGCGTACCTTTTGATACCAAAAGAGCGCGCGAGATGTATTTCGACATCGCCAGTGGCGAGCCTTTCGCAAAACGTCTGTGTGCAAGGTGACGCTTATTTCGTTTTCACCGGCGGCGAGCTCAGCTATCCAGTCGGACGGCCCCAGGGGTAAAAGTCGATCAGTGTGTGCTGTCATTGAGCTACGCTCTCGGTACGGGGGCGGGTAGCGTGGTCTTCCTTCCCTAAAGGCGGTTGCGTCTTAGCGATAGGTCATCGCAAGCCGTGGGTATAGGAATACGCGCCAGGTTGACGAGAACGCGACGGCACGGCAGACAGCTATCCCTATTGTTGTCAAGTTTCTACCCTTCTGCCTGGAGCTTCCTTTAGGTAGGAGTCAGGGAGATATTTGATTGCAATTTCCATTACACATATAACAAGTCTGAAAGAAATCACCTGATCCCCCGCGTATACTCAAATTGGGAGAACTACGTCCATTGCCACGTATTGTGAAACCTGTCACGCTTATTAAGGCCCACTGTCGGGTGGCTGCAATAATTAAGGAGAGTATACCCTAGTGGATGTCAGTCCGTCGTATTCGCAGGTTGACCGCGGTGGACGGGCGGGAGACGCTTTAGCACTAAAGATACCCGTTGCCCATGTAGAGAGACTCCTTGTTGCTTCGGGTTAGGGCGCTCATAAAAGGCCCGTCCTGTGGTGCGCAACTTTGAATCCCTTCGAGCCTATATTCGTGGTTAGCTACGTACCTATAAATCAACCGGGACTAATTGTCGGCGTACGGTTGTGCTAGGATGCAAATGGTATAGGCTGGCGACGGGCCAATCATCTGAGGGGTGCCGTTGACTGGTAACGTTCATCCGCCTTTGTTACTTCGAAACCCGTTCTGTGACCTGACATGCAGGCGCGGTGGAGGAATGGTGTTAGTATATCCACGATAGACTATTGGGCACAGGCTCTAGCGGATGTGCTTATTGGATAATACTGGGCGCTGGGTTATCTGGTCTTACGATATGTAAGATTTCCTCAAGGAGCTGTTATCACCAGCAATCATTAGTAAGTACCTTACACAGGGTGGATTCTCAAATACTTGTAGCCACCGATACCCACTGTCGACGCTTATCTAAGACTTTGAGGTCTAGGACGAGTCACCTGCCGAGGCCTGGCCGTCAGGTGGGGACGGCCTCCCTGTAGAACTGGGCCTAAGATAACCTTATGCTAATAGCTGAGCGATTGGATTTCCCGCGAAGCGTAACGGCTCCTATTTTTCATACTATTCCGTACGAAAGTAGCGCTGTATAGCTTAGGGCGATGTACCGAGTGGTGCGGACTAGCTATGTTTCTAGAGGGTGTTGTGTTATCGAAAACCAAGAGTTTACTTAATCCCCATTGCTTAATTATATGGGTCAGCGACTGACCAGGTGGCTACCC,1806,50.89,Saccharomyces cerevisiae
SEQ_134576,CTAGCTTAAGCTTTCTCCGCCTCCCCACGTTCTAATACCACAAGCTGTATCGGTGTCGATCGTTCATGGATAGGGCAAGCAGCCTGTCTGAGAGATCGATCGCGTTTCGACCACTTTTAGAGCGACTGTACTATTTCTCAAGTGCCTATGCAAGGTGTCCCCGCTTCTTCGTCAAGGAGTTTATCTGAATTTGCGCTACGGCACTAGCTATTCCGCCGTAGCGCAATATCCTAGACCATAATCCCGTGTAAGCGCTGACCCTCAATTGGGTATGATCACTAACTTTCGAACAATTGAAGCGCACCACTGGTTACCGGTGCCGCATGCAGTAGCGTTTCCCGTTGCATACTATTGGGGTCGCGTCTCCCAGCTGAACCCCAGCTAAAGCAAGCGCCGCCGCTGGAGCTAAAGTAATCTCACTCGTGCGGTAGGCTGGATGCGTACGTCTTTCGGGCAGCGAGGCTCTTAAATAGGCACCCGCAACGGTATCCAAGTTCAGTTGGCCGAGCGCTGCTGTGGCGATCATGTGGTAGTATTGTCTCTATTGTCACTGATTTTAGAATAGGGAGGTCTCGTGATTCGGTACCGCCGAGACACATGGATACTACTCGTCTAAGTCGCTCCCATAAATTGCTCGGGCAGGCTTGGGGGCGAATAGGCGTCACTAGAGTTACATCCTTCCCGGTATCCACGTTTCCCGTATTAGTTGAAAACAGTTACTATAATGTCAAGCAACGTCCTTACCGACAGCAGCGGAACAAGTTACGAGATGAAAAGGCCGTCGTCGATATATACGATTAAAGATATAGCTGAAATCAGGAACGTTCATTTATACTAACGTTAGTTGTCGTGTCGCATTTGGCTATGTCTAGTCAGTGGGTCATTGTTTACAAAACAGAACGGTGGTTATACGTCTATCAGACGACACGAGTAACCCGTACTGTGCATTACTACTTCTGGGAATATCAATTTTAGCTGCTCATCCGCCTACGGGGATCCGTTGCAGCCTGAATACGCTGCTAGCGGCTACAAAAATGCACCCAGGCATGAGCCGCTTTGTTTATCCTGCGAGCGTGCCAGTGGAAGTACCATAGGAACGCCAGATGTGCGTGGCAAGAAGAGGGGCCAACTACTGCGAGCGTGGGTCTGTCTATTCCGGGAGCGCCTATTGTTAGTTATTTGAACGGCTGTTGTAGTTTCATATGCCCTTTGCTGGACTGCGTTTAAATCAGGTCTCGAAGTATCGGCTGTGACTATTGTGCAGTGGTGTTATTAATGAAGATCTCCCGTAACTTCGAGGGGCGATCCGGCCAACACTTGCCCAGTGCTAGCTTCAAGGACTACACCGGAACATTGGGATAGGTGCTTGGCTCGGAGTAGGCGTAAAGGGAGGAACAATTTCTGCTCGGATTCCCGGTGTGGTGAGCTGCTCGTTATGCAAGCTATCCAGACCTACTAGCTTGCTTCATGAAAGAGAGAAGGGAAGCTCCCGGCCCGCAGCGCCTACTAACCTAAAC,1517,50.23,Mus musculus
SEQ_389784,ATTTTATCTACAGAGGCATATCGCAACAATGGCCGGGTTCGTTCTGGACTTCTCCTATGAAGCCTGGAGAAAGGATCGCGGCCTATGCATTGAATTCCCACGACAAATGTACTCGAGGTTCCCGGCCTACCTTTTGATGTTGTTGAACGGAGTCGGGCATGCTCAAGCTTGATCGATTGGATAAATGGGCCAAAACAGGCCAGAGTTAATTGAAGACAGCACGAAACAGACAGGACTTGACGCCAAGAGCTCGAAGGATAGTTCATAATAGTTCATTGATTGAGCCCTGCCTTGGACAGGCTGGACGTTTGTCACATAACACACAACCTTGTGTGCATGAACCAAGTTGTAAAAAGCCGATAAAAGGACAACTTGCGGCTGACGGCGTGGGTTCCTGTTTCGTATGTGAGCATTTCGTATTTATTACATGTACCTCCATGCCGCCCAAACAAGCAGACCAGCCTAGTAGTTTCTTATTGGTCTCATACTATTCGCCCGTACTTCGACAATTGGAATTTCCGACGTACCTACGAGAGTTGAGCCAAAGGATTCTCAGCTGGTAAGCCAACTTTTATTGATAGTGTCGCAGGAGCAGAGCGGACCGAAAGGGGACACCATATCGACGCGTACCCTCCTTAATTGCAGAGTGCCCGTTAGGCGCCGGACGTCTCTGTTAGGTATGGATATCGGTTGGTGTGTTTCAGCGGTACTAATATCCGCCGCGGTACGGAGACCAGGTGACGACGCTGTCTTCGAGATCTTGTCTTTCATCAGTATTGCTGTACACCCTCCTGGGTAGACAGCTGAACCTAGTTGCTAGTGCCTCTGCCAATGACAACCCTACGTCCCGTCGCGCTTACTGGTGTGAGTGTAACTATCAGACAATGAAAGTTCACCAATGAGTCAGCCGACGTGCTGCAGGCCCGCGTGAGCAATGAGTACGTACTAGTGTCTCTACGAAACACTTAAGATGAGATTGCGTAACAGTAACTCCTCCCTTGGGCCCCCGGTTAGGGAGGATGCTTAAAACCACTCCCGATGAATGAAGATTTCCGCGCAAAGGCCGGTACCGATAAGGCGAGTATCTAAGGAATTATAGGTTTCGGACTAATTCCGGCAAAGGTTTGAAAATGATTAACCGCAAAGAGAGCTTGTGAATAATTTTGCATCGTCTAATGTAGCGCGTGAGGCGTGCCCGCGTACGTTTTTCTTGTTGGGTCGCGCCACGTTCTTGCTATGACATTGCGCGAATTTTAAACATTGATCATCCCCAGCCGTCACCCTAGAAGGCAATATTCAGGTTTTGTTCGGATGTTTTTCGGCAGCGAGTGGCAAAGCTAGATGCCTTGACACCTGGCGACCAACTAACGATACAATGGCGAGATTAGAGCATTAGCACTAATCTCCACATGTTAGCTCACCTGCGTACGGGCCGACCATAGGCTCAGCAATTAGCTCCGCAGGCTTCATAGTCCGGTATTAAATTATCTATTTCCGAGAACGTATCAAGGGTGGGGCACTATATTCGATTTCCCCTTAGTTTGAACAGAA,1551,48.48,Arabidopsis thaliana
SEQ_999181,TCGGCTCATCGGAATGGCACAGGTGTTCCGACTGGTTTATAGCTATTCGGAAGTACACACTACAGAACTAACTCGGAGTTCCTACAAACGTGCCTTTCGACTGGAGAAATAACTACCTATTAAAGGCACCGCCGGTACTCAAAATTAGCGTGATTCCTTCAAGCGTAAAAGTCTGATATCGACCTCTCTGATTCTAACCGAATCGACTCAGCTTATGCGACTTTACAAGACCGCACTTCTGAGTAAACCCACTACGAGAATCGTAATTATCCAGGCTGTGCGGACTCTTTGACGGCAATTGAGACTGGTTTTCACGACTTCACCTCCGGACAAAAGACCCATGAAACTGCCCAATTGGCGGATAAACCGTGAGGTAGGCCTCGTCGCAACCGAATGTTTACACTGCAGGCGCCATGGGCCAAGATGATGCATTCCTTGCGCCAGAACAATCCAGTCCTTGCGTTGATTGCGATTGAGGTATAACCGACATTCGTAATGCAAGAACAGGGAGTCCGGCAAACGCGTACACCCTCTAGAACACGCACCGGATATTTGGCGCAAGATGGCATCCAATGGTATAGCTGTTCGTCTCTGTTCTCCGAGAAGTCTTCGAGGGTTGTACAACGGTTCATTTATGTCCACGACCTAGCCCGGGGTCATCTTAGGCAGGAGGCCATCGACCCTCATCTTTCAAGTCTGGACTCAACGATTAGGTGTCCATCATCCTCCGACTAACTGGCTCAACTCCCAGCATCCCTCGGGCAGCGGGCTTCGACAAAACCCGTGCGCATGGGGCGTTGATC,803,50.44,Drosophila melanogaster
SEQ_282926,ATGAGCTGCGGGACCTCCTAAGGGATTACAATCGTCTATCTAATCCACCATCCCAGCTTTAGCCCCTTGCATATTACGTTCCAGACTAACGCACCCGTCGAACGAATATAGGCCGAAGATTGGCAAGTCAATCAGATTGAGGTTGAAGTATTGGGCCCTTTCCTTCAGACGTCCTCACTGGCCACTCGTATAATAGTGACTGTACAATGCAAACGGGTGCAATTTAGTGCGTAATCATGGGTCGAGAGGTGTGGAATAGGACTTCTTTGTATGTTAGCTCTCATCAGCCAACAGTCCCACTTCTCCCTTCATGTCCATTGACAGATGAATGGTTCGAGGGTAATTGCGATTTGTTTTAATGGGGACACGATGCGGCGGCATGCTGACTCCTGTCTTTACATAGGTAGCTTATCATTGCGGCTCGCCCAAGCACCGTCGATAGCTCCCACACTGCCTCCAACTACGGAGCCACTTCAGGGGTACAGGTTCCGTAGCAATCCACAGAGGGGATCTTATCGGGATATCTGCAGAAGCGCACGTAAAAACTGGAATTACGCGTGAGCGCGAGAACTGCGCCTATGTAGATTCTAGGAACTCCTAGCATAGGTGGTTCTCCGCATGAATGGAGACTTTTTCGGATTAGAGGGAATGTTAGTGCATCTTGTACGGCGCAAGTACGATACAAATGCCGTTTTCACATGCGGTGTCCGCAGAAGAGCGTTTTCTACTGGCCACTATTTTTACCGCAACGCCGTTAGGTATAAACCTACTCGTAATACATGCTCAGCGTGTGAGGTGCTCCACGAACCGCGAACACCCAGGGATCTTGTCGCTTCCTCAATGACACTTCCAATTTGAAGTTCGCTAAGCGTAGCACCCCGTACCTCCGGTAGTCTAATTCACACGTCGATCATCTCCGAATCCTACCAAGGCAGCCGCCTGGAATCCAGAAGATTGTAATTCGTCCCCTGCTCAGTAGTTGCCCTCTCGGTGAACAGCATAGTGGTTTTCTGCGGTCTCAACGCTATTTCTGATCTAGTTCGCTTCTGGCCGGAAACCTCGAAAACAAGGCTGTGAGCTTAGTTTACAGGCGGTGCAATTCCGCCGCCTGTAAGAAAAACATCAACCTACT,1132,49.47,Arabidopsis thaliana
SEQ_476990,GGCTACCAGATAATGACTGCGGAGGTGAGGGTGAGGAGAGACCCTCACCACAGTACGGGTTAAGCAACGTCCATCGTTTCGGGCATTCCGGGGTCGAAGTCCACGACATCGGAGCGCAAATGTCGATCCGAGCCGCTGGTGGGTGAACTATAGAAGAGACAAATGATGTCTTTGGGTCGCGCGGAAACGGACCGGACCCTATCGAGCCATCGAGAATCACCTCATATCTGTGTCGCGACGTTCTTGATGTCGCACAGCCCAGCCGATAAAATACTCCCCCTCCTTCACTGTGCTGACCGGATTTTCGGATTGCCAAAATTCGTCAAGTTTGGGCAAGAGTGGCTGCGTCGTCCAAAGTCTCCTGTCAGCAATAGTCAGGTCGCAGGTCGCGTAGACCGTCATAGATGAAGGTGTGTAAGCACCCGGTCAGAGGGCTATATTATCCATATTATGGTTCCCCTATAGGAAGCCTTATGCTAGAACCTGGATATCAGTATGTCTGTGTTCTGGCACTTCCCTGGAGGATTCCGCGGGTTAATTATAGTCCCCCTTGTTTGTGCTCCGTGCTTATCCCCGACATCTTCTCCCTGGGAAATATTCTTAATCTGGACTATCCCCCAACAGTACACACGACTGATATCTGAACGGCTACTGTCCACGATTATTCCTACGATATAGTAAGCGGGGCATGCTACCACATGTAGTATCTTCTCGACGGTGGTTAAGCGATCATCCACGGGTTTAGACAAAATAACCTAATAGCCTGAAAATCCTTTTACTCTTTGTCGAGCTCTTTGCCTCGTCTGTCCAAATGTAAGCGGCTGCCGAGGTGGCACTTGCCTATTACCAGACGTACAGGTGTCCCAAGCGGCGTCGCTCAGCATGTATTTCGACTGAACCGGTCAATATATGGCGTGAGGAAGACGCGACGTTAGCTATGCAATTAAATTGCATTATGCGCGCGAGGGGTTCCCCTACAAGGAGTAACGCGCTTCACCTTCGGAAAATGGCTAGCGAGGGATGTCCGACACTAACACCTGTTAGTCCTATCAAAGCGTTCCTAGACACAGGGGTTGTTGTAAGACGTCTTGCCATCCGGCTTATGGGATGAATCCATTAAGTCAGTCAGGGACGGCGAAGAGCCAGCCCGGATCTTCGTGAGAAATACAGGGAGGGTACCGGCATCAGACAATAACTTTTCAGGTGGAATACACCTATAATATGACGTGCGTGGGCCCTATCACCGTGCCTTTGGTTCAGTGTTTAAGAGTGAAATCTTCTTTAGTGTCGGTCTCGCTACCCCCGGCACGAGAGAGGA,1318,50.76,Drosophila melanogaster
SEQ_374746,GTACAATGACCCTGACATTATGCGTCTGGGAACAGTTCTTCGGATCACTCCGATCAATAGCATCGGTTTGCAATGCACCCAGTGTTCCTTCGTTGGGCCAGTAGGAGCTAACCGACCTTTCAGCCACCACCCAGGAAATAGGCACTAATAAGAGCTTGTTGTATGCACCAGCTTTACTTTCAACGTGCCTTGGACATCGTCATATGTACCACTCACATATGTTAGCGCTATCGATCGAGTAAGGCCGCGGAATATCAGGTACCTCTGGTTCTAGGCAGTCTGCAGGGGCAAGAGCGTCGCCAAGAGCAGTGACATCACACCGATTCGAAAGGTGTGGGGATTGCGGGTTGCAGAGGACCAACTCATAGTATTCGCCTTTAAGCGAACTGGAATTGCGGACTGGGTTTGTCCTTACGGTAGATGTTAATTTGGCATAGGCGCTCAGACAATCTGTTCGTACACACGTTTATGAGACGCCTACAGATAAAAAGCCTGGATAAGCTACTCTGAGACTAACATGTCGCGCGGTTGTCCGCCCTGTACCATGGAGCGATGATCATTTCGGATGATATCGTTCACACTTCACGACTCGGTGCTACGAGGCACCGGTATATATTAATGCCAGCATCCCTGATGTGAGAGGCTAAATCGGTTAGAGTACAATCAAAATAGGTCGGCCATGCTATCCCTCTTGCTGCATAAGCTGCCGCACCGTCGAATACATGCTAGGAAGACACGCAAA,742,49.33,Mus musculus
SEQ_582947,AAAATGACGCACACGCCGAGAGTTATCGCAATGCCGTATTGCCTCACGTAATACTGGGAATAAGGCCCGTCTATCTATGCCGGACTAACGAATATCGACTTCACACTACGAACCAAAATGGGCTCCCATTCACTCGGCTTTTTGCTCCTTTCCAGATGACACCGCTAGCCCGAGCCGTACGTACACAATAGCTATACGGGGTCTTGGAACCAGCACAGATGGCTTTATTAATTCTGTTCTGCGGTCAAAAATTTGCGGCCCGGAGCGTCGACAGG,275,50.18,Escherichia coli
SEQ_523174,GCAACGACGCGTGGGTATTTGCTGTAGAAAATTACGGCACTATGCAATTCATGTGAGGTCACGGTACCTTCAGAGGCACTGAACACTGCAACTCTAAGGTGCGTTCAAAAAGACTTGAACTAGCGGTTATCTCTATCGAATGCTTATACACTGTTGAGATCCGGCGCGCTGCTTGCGCCTATCTCACGGTGGTTAACTCCAGTTAAAGTGAAAAAAAGATTAAATTTGGCATACACTGAATCGAGGTCATATCAACATATACATCCTAGAGACCCCCGACGCGCCCGGGACAATAATACAGATAATATCTAATTTGGGCTGGCGCGTGACGCGTGCCTATGTTAAAAGATCTAATCAGCGTGGCGGTACCATTACGTGCGTCTCCTACGTCTGTTCTGAGGTCCTTGTACTGGGGGTTTCCAGCGGCCTACCTACTACGCATGTGGTTACGAGATGACGAACTCTCTGATTTTGGGCAGCGGACATGAGGGTACTTGAGAACGGGAAGGGCAGGACCTTACGGCTTAGCCCGTCCAAAACCTAGACTCCGGTGGCAGTCTCTGGCCATCTGACGGGCGGAGATCGATTTTCGGACCCCGAAATCCTTCGCGTAGAAGTGAGGAATTAAGTTGGCTAACGTAACTCTCCTTGTGATTGCGACTCGTTTTTTCCTCGTATGGCTTTGAAGTCTGGATTGCTTCATTTGTACTGTATGTCGAAGCATTAGCTTAGTCACTCCATTGGTGCTGGGGGTAGTTCTCCGTACGTTCACCGTATCGACTATAACATACGCCAACGCGCGGGAGCCGATGTCGAAGTGTCTCCGCTAATTTCTTGAATGGTAACTCAAAATCCTTGCTAAGAAGAGCTTTGCTAGTGACCAGCATCTTCTTGCTCACTGTGATTTGCCTACATGATCATAACCACATTTTCCCGCCACGATTTTTGGTTCTAGCGTAGACGAGACGTCTAATTCACGCGACCATTCAGCTGGACCTGCGATGGGGGACCGCTAGTACAACGTCACGCGACAGTTAAATAGGGAATTACAACCATAGTAAACACGCGACTTGGTCCCTGAAGTCGGACAGCTTTAGGATTGGGAATAGGGTCTGCAGATATCACACCAGCGCTTGGCTGTTACTCCAAGCTACGGGCGATTACCTTCTGGACCTACTGCGGAAAGAGAAATTTAGCGAGAGTCAGGGGCGGACTCGGCTTCCTGACCAGCTGCCTTATATCATTCATAGCCTTATCGCACCGGATGGGCCGCCCGACGCACGTAGCGTTACTAGCGTGGAGCTTGGACGAGACGTTCGCGGACCGCGGTGGTCACGGCGGGTGCGGCTTTCCCAGTAATTCCCCAGTGGGCGAATAGTAGGACAGTACTTTCATTCGGCCCTCTCTTGGTGACGTTGTGAGTGAATCCCAACTCTACGATACGGGCAAGC,1451,50.45,Mus musculus
SEQ_776710,GACTTCTGGATTTGGTGTCTGATCATCGCCGGCGGTTTTCACCCAGACATCTGGGCCTCAGATCGCAAGCGAATAACCCACTGGCCCTTGCCCTACGCAGAGAATATGAAACACCGCCGATCGTTGCCGCACGCGTCTTTACCTTCTCGTTATGTATATACGATCAGAGGTAGTACTCCATCGACGTGGAGGGGGACCACTACTTCTAAGTATCCAATCCTGGGGCCTCTGCGGCTCCGGGTAGGATGTACAACGTATGTGCCGGTTCCCGATATGCTTCCGGGTACCAACAGGAGTAGCCGTGACTGGTGGTGCTATCCTGATCTAGATTTAATCAGCGAGCCGCGGTGCGGCAAATGTGCGCTAACAGGCCCCGCAAACCTCGCTCACTCAAGGTGGATCCGTTACTGCTTAGGCTAAACCTATCCTATCGGACCTACTACTATACATTCCGATTTGGGTGAATCCTTCCAGCTCTACTGGCACTGCAACAAATATAGCCCGAGGCGCGTTAATTGTTTCAAGCTTTCTCAGGAGATAATCTTCATAACCAGGCTGACAAAGCGTCAGGGATGGCACTTAGCTTTCACTCAGGCCGAAAGCCATAAATAAGCAAGATGCTCCTGGCAGGTGCCTGCCACTTCCAGTGTTGCGGCTCATAGCCTCACCTTATGCGCAATCCGTTCACACGAGCTAAGTCTTCACAACGCTATTCTGTCTGCCAGCAGAGGGATGACTTGGCCAGGACCACGACCTCAACGCGAACTATCCAAGAGTGGCCCATAAACCTCTACAGTTCTCGTCCAAAGAGAAGGCGCAAGCCGATTCGTTGGGAGTACAGATCGCCCATGCCTACTTGGGAAAACGTGCCGCATTGCCACTCCAGTCGCACGAATTCCAACTGACATAGGCAAAAGTCCAGACCCTATCTCCTCAAGGGAACACGTTGAGTCACATAATGCGGCGGTGAGCTGATTCTCGTGGTTATTTCCCCCCTTCGGCTGCACGCATGTGGAATACGTCGAACATTCGATAGATATAAGTTCGAACAGGTAGGCGAATGCCACGCATCCGTAGGGCATGGTCACACC,1091,52.43,Drosophila melanogaster
SEQ_581257,TTGACGGAACACGGTATCTCGTCCTTACTCTTCGGACCATAGTGTCCATGTATGATCGGACGAAAAATGAATGAGGCTACAGAACGAGGTAACCTGCCAGGGCTTTGTCCAACAAATTGCCCGCGCCGAACCGACTTGCTGCTAGAGCTCTCGACTTTACCGGAATACTCCAAAGGATAAACCTTCATAACGCCTGTCCCGCTTTCCTAAATGTAATAGCACCATGCGGCACCCCTTAAAAATCTTCCGTTGTGGTCTCCCGTCGGGCAACACCGAAGTCGGTTTGTTCACCTAGGCTCTTCGGGTTGAGATGTCTGATCGCTCGTCTGTTGGTAATAGCATGCTTACCACGTTTTTTTTACTGAACTTATGGTTTTCTTATTAGTCGGCATCTACCGATATCTGGACTTCCTTAGTATGTAGACTTAATCTTAAATTAGACCAGGCCCCCATCCTCCGGACGTACGATCAACCAAAGTCACGTTTCGACTCAAGAACAAGACATTTGGGATTCAAATAGAACCGGACACCATCGAGTTGGTTCCACACTCACTATTGCAGCTGCGAGAAAATCTGACGCCCAACACTTGTAACTGATACCAGATACGTACGCGGTTCTGTTGCACGGTCCAGTATTCTGACAGGGATTGCCGCAGATGTGATGTGTTTCTCACGATCTTCTACTATCGAACGGCAAAGTATTAGAGGTTACACGTCGTGCGCATTACCTTGACGTAGCAAGCTAAAAGGTTACCGCAAAGACTTTGCGGATGGCCGGGGGGTCCTTATATGTGGTGTACCACCACCCTTGGGCAAGAGCCTCGTCTCACACTGGCCTTAAGCTGCGCTTACGAACTTCTAGAATTACGGTCTGTCTTCCCGGTTTATGAAATTATTTGAGACTTGGCAAAGGTCCAAGTAGCACTGAGTGTCGGCGCCACATCAACGGCTCAATAATTTCTTCCTCGACAAGTCGTCGAAGCTGGAACCCTCAGTCACGTCCGCTGCTAATGGCGGAGACCAGTATTAGGTGATCAATTCTTTCGGAACAAGCAAGCTCTCTTACCATTTCCCGTGTGGGGACGCGATGTCCCAAACCGAATTATCGACAACGGTCTTGCTTGCACAAATTGCAACATCCCGGGTAGGGGATTATAGGTTATATTCCCGACGGTAATCCCCCATGCTAGCGGCCGGAAAACCCTCTTTTTATAGGTTGCCGGATAGCGCACCATCGCACTGTCGGATAGGTTGACGCAAAGTCTACAGTCCTAGGATGGATGTGTCCGGCAGATTGTAATATTTAGTGCTTAGTTACTACGCAAAAAGCGTCTGTATCTCACCGGATCACTTCCATGTGGATTGTATGCTCGATGCTTGTTAGTCACACGGAAATCCGAACAGATTCGGAGTCCATCGACAGACGTCTAAGACGCTCAACTTTAACAGTGTCCCGCCGGGGTTAAAGGTATCGCGAGAACGAGCTCCTAGGCAGCCTCGCAGGCGTCAACGTCCCGGTACGTCCGCGGGGCAGCTTCGACAATCACCTTTTCGACCAACTCTATCAGCTGACTGCGCTCTGGAGAGCCTGAGTATATTAGGCAAAGGCCCGACGTGGTTCCACCTGGCTTCTTTCAGTGGTCTCA,1646,49.45,Homo sapiens
SEQ_748675,TACGGTCGAACGGGGGCTAAGATCACAGGTGTGAATTGAAGGATGTTCGCCGCTCCATTTCTACAGTATCGTCCGGTCTAGCATCTAACCGTCGTTCCAACGACTTTACTATACCTGCTTTGTCCGATAAAGGCCAACTATGGTGCTAACGCGTCTAACACTGGTGCGCACCCAGAGCGTACGCCTCTCAGACAGTGGCACATATGCTACCCGCTTGATCCCCTATCTCGTAGTGTCGTCCGACACGGCCCTACTCCCAACGTCGCTCAGTAGCAGAACGAATATGAGGGATTCAGGCTGCCACGCCCTAGGTATAGTGTTCAAGCCCGCACCTTTGCATTGTTTAATGCAC,352,52.56,Drosophila melanogaster
SEQ_881498,AAGTTGGTATCCCGACCGTATTTAGGGCTGTAAGGCGTCTATCTTTAACCGTCAACTACGGAAACGGAGTCTATTAATCATAGTGTAATGTATGTCGTGCGAACTGTGGGCCCTCGAGGCCACCCACGGATCTCATGGCCTAACCAAGTTGAGAACGTCTTAATGCGAATAGCCGACGCGGCCAGGTCCGGTTTGTCGCACACTCTAATAGAGCGTATCGCCATCTTGCAGCCGTATATGGGAGGCACACAACCTCGTTTATAAACCTACCTAATTTGTTCGTAATCCGTTTCAAAGACAGCAAAGTAGCTATGAAGTCGTGGGCGCAATGGTACTC,337,48.66,Arabidopsis thaliana
SEQ_525998,AATGGGGAGCAACGGATCTCCTGCAATTACCAGGTTCAACAATCTGCCTCAAGTGTGCTGTCTAACCAGTAGAAAGGGAATAGAGAAGTGCTCATATGCGTATATCTCGACTTAGTGCCGGTACATAATGCTCCACACGCGTTACTTGTGTAGGTAGTTTAAGACTCGGAGAGAGGTTGAAGGCCACATACTTACTCTGGACCGTGTATCTGTTGTTCCTCTGACTAGAAGCTCGTTGAATTATCCCCCCCTGGTGAATTGGTCTTCACCTGACATGTCATCGATCAATATCTGTAAATTGTTTCGTGTCGGAAAGTGACGGTCCATATTACATAGCGTCATCATAAAGCTGGCAAGACCGAGCCGGACGAATCTCTCCACTAGAGCAGCGGCGTCCTATTGCGAGGAAATCGCGAGGGGCGCTACACTAGTTTACAAAAGGTCCATGACAACGCGGTGCCGTTTCTGTCTAACTCTACTTTCGTCGGTTCCTCGGTAACTTTTTTGACTACAATGTTAGGTGGGCTTAAGGCGATTCTTACGCTTAGTGCTCATGAGCAACGAATTCGGAAAGGCGTCACCAAGCCCTAAGTCATTAGAATCGCGTCGACTGCCATCTTGTAATTACTATATGTACCTGGAATTCGGCTAGCCTGTCGTGGCTCCTTTTGGGCTGACAAATCATTACGAAGATATGCCTTTGACCGAACGGCACTAAGCACGTCTCAAGTAGCGCAACCGACAGGATGTCAAGTTACAATAGGCGCACGCTCGGATAAGCAGCAATGTTGCTAAATTTCAGTTGATTCGCTCTGATACGTTAAACCGCTTTATGTGCGGTTGCAGGCCTTTTACTTAAGAGCTAGGATCGGCAACCTCTTCGCTGTTTGTTTCTGCAGGGAACAGTCAAGGCATCACCGTCTCAGCCATAACCCAGCTTCAGCAATAATATCTTCACCCTAAGTAGTGATTAGTAACTGACTCGCGTGCCTCGACCCCCTCAAACTCCCGAGTGTGGGCAGTCTGTTGCAGTAAGACTCCTTCCGCGAACTAAAGGGACCCTTGGAAATAATAGATCATGCCTAGATATAATAGAACCCGTGATGCGCCAAGGGGGAAGGAGGACGGCAACGCCTACTTGGATCGAGCGGATGACGCCAGAGTGCCCATATCTGCTATACGTCTACAATTCCCGAGAACGATCAAAGCCTTTGGTTCGAATTTATGCCCCAACCGGGGGTACCAGATTGTTCTAAAATGGTCGGTTAACAAGAGACTCTATCGTTACGAGCACGCGGACTCCTCTCTCAGTTGCCACGTTCCGAACAACTCTCCAGATCTCGGACATTGGCGTGCGACTTCGGCGCTTAACGACGTTGATAGAGTAGCCTGTGCGCTCCGGGCGAAAAGTAAGTGGATCTAGCACTCTCCTGAATTATGTGTGACATGGCTACTCCCCCATAGGACGCAGATAGGCCGCTCGTGCCTAGTGCCAGCGTTACTAGGCCAGCTAGCGGCTGCCACTCAATGTAGCAGAGGTTTGTCCATTGGGACGCCTGGACCCAAGATCAGAGCTTATAACAAGGTCTGCGCGAGTCTGCCCCAGTACGAACGGCCAGTCCGCAAAACAGCGTTGGCAGCGCTCTGTCTAAGCGGCTACGGGGTCTGCCTTAGTGTCAGTTCGGCACCCGTTGACAGCTGCGCTGCGTCCTCGGACGCTACTCGACGTTATAGTCTGATGACGTATTGTCAAGGTATGGCTCATTCATAGTCAACCGTTGTGACCAGGATTATCGGTCTCTCCGATGTGCTAAAAAGGAGGAGATTCACTGAATCGTGTTAAACTTGACTGCAACCCAGAGATTGAAATCGTCCGCGTTGAGAGGGCAAACGCAGTGATTGCGTCTTGCCACGTGGCATTACCCTTCCGGGTCCGCTTTGCCCGACGCTAA,1952,50.31,Saccharomyces cerevisiae
SEQ_280435,CAGTAAGCAAACCATAATGGGGCTGATATCAAGTCATTGGTGAGGCTTGCGGGATAATTGATCAGACTTACCTATCAGTCTAACGAGAGAACAATAGGGCAGTGAGTAAATGGCATGACCAGTGCGCGACAGCTGTTGTTCTTTTAAGCAACGCTGAACAAGGGGTTCTTCGAAATCACTGTCGCGCGTGTGGGGGGCGCCTTTGTCTTGCGCCCCTAACGAGGGTTTTAGCTCCAGTAGTAGCACGAACGCCTTATTGAAAGACTCTTCTGATTGCAGGGCCCCTGTCCTATTACGCCCTTAAGCGCTAGAAAGCAATCACCGTCCGCGCAGCGAAATTTAATACTCGAACCCGCAAAGTTGGTTGATGCGCTCAAGACAACTTGGAGGTCAGGTCAGGCGAGGGAATGAGCTGACTATACTGGCGTACCTACTCCTCAGGCTGTGAGACATGCTCCAGAATAAGACGTAATAGGGGTCTGGATAGACGGTAATTGAACCTTGCCTCTGGTTCTCTCTATTTTTCCTGGGCTGTGTAACGCTTCTCCAATCGCTACAGTACCTTAGACGGTGCGCTATAGTGTGACTTACAAAGAGCTAGGGCATAGGGCCGTGCGACTATTCCTAAATTACAGAGTCACAGGCAAAAACAGTGGTCGCGTGGCGCAATTCAAAGGCGCCAAAACGATTTTTGTGGACCACTGACCACTCATAATCGCTAGTTATATTTACAGCTATAGGGATATAAAATTCCAAGGTAGGGGATGTGGCTTACGCCGCGCCCGGTTCTTGTACCAAGTACTGGCACGACCAGATGGAAGGGGACCTCACGTTGTGAACACTCCACCGGATATCACTCGCGCTCACCCAGTCTCAGACATTTTAGGGACTTATTCAGAGCGATTCATTATACTTCGAGAACCATACTCATTGACATCTGAATCCGGTTTCTAGCGGGATGCCCGTTCCAGATGCAACAATTTGTCTGCGACTCATAGCGTTAGCACCGGGCACCACTGGTTAAGATACTCAATGGGGCTGTCGGGCGCGTTATCATAACCCGAAGTGATCCACCGTAGTGATGGGGCTCCCATTGAATGGTAATTGTGGATCGTCAGCCACGTGATGCTTTAGCCACTGCTCAGGTGTTCTAGCTCGGCTGGATAGTTCCTACGGGACGTGCGGGAACATGCACGACAGTCGTGCTCCTTCTTGTTATACAGGGGAAGCGGATTCCCTCCCCTAGGTTGGGCCAGCTAGGCGGTTTGCACAGATGTTCGAACTTAACGATACTATACCTAGCTTTGGAACAGCCGTTTGCCGAGCATATCCATAGACCCGAACTAGTTCGCTGTATGAACTAGTCCGCTA,1371,50.04,Escherichia coli
SEQ_607517,ATTGCTGTACATTTTGCCTCTGTTGTCATTCGACCACCGCCTGTAGCATGTCCCCATCTTTTCGGGTTTAATATTAACGCCGAGGGAAATGTGCAAGCGCTTTACCTCCCTTAATATCAGCGCGCCTGCGCTCAGGCAACCTAGTTTGCACTGACTCACAGGTCCCCTATACTGCCCACGTTTCCGGTACGTTTTCTTATCGGTGGTACCGGTATCGACGTGAGCCGGGGGGCGATCGCGATTCTGCTAAGTCGCTCGACGAGCTCCTATGCGGTACCTTACAGGAGACTGACAATGGCGCTATCCTACTTGAATAGCCAGTCAACTCCTCCGCCACCGGACTCGCAATTTTCTGCTTTATCGCCCCGAAGCACCTAGTACGTAGTGCCCTATCATCTCGTCCGCCTAAGAGAACTCGATCTCTAGGTTAATCACGCAAGCTGGGATGCTCTTGGCTCATACAGGGTCGTTGCATGACGATTCTATGCACGTGTCCAGGACCGCTTCATATTAGGAAAATGGGTCTAGTACTTTTGCATTCTCAGACAATGTTACTGTAGGGGTTAGGGGCCTCTGGAAGTCCTTCTATTGCGTATACCCGTAGTGAGGAAACTAATATGAGCGTCTTAATCCTTCTCAACACTACTTAACAAAGTTTCGTATGGGGATACCCAGGTCTGCCGAGAGGTGTCCTTCTTCGGCGCAGGGAGTATTCTAGCTCACGTCATGGTTGTCGGGTTACAAAGAGGAAAACACGCCGTAGCGTGTTTGCCCAGGTCTTGCTCTACAGTAACGTAACAGAGTAAAAAACCCTTCCACTAGTGCCTCGCCCCATACCCCGAAGTATATATTATTTCGCGCACCTAGCACGGACAACATGAATTTAGAGTTTAGAAGTCCACTAGGGCTTTATCATACTTCAGGGAACGTTATATGAGTCTAGTGTTTCTATCTAGACACTTGAGACGCGCCCGCTGCGTTGCAACGTGTATGGCCTAACCTAACACTGTGAATATGCGTTACCCTCGTCCGCAGTCGAATACTCGAAGACACGAGTCCGACCTCCCAAGAAGGTTAACCGTTCCCAGGCATACAGATAAGCAGGAACCACCCGGAATATGTAGTGAAGAATCTACGTCCCAGGCAAATATGATTGGTAGTAATCAATACCACATCTGGTTTTACCTAGCGTACGGTCAATGACCGCGACGTCGGTTCGAGACCCAGTAGGCAGGAGCTGCGACACCCGCAACACCCCCATTCAGCTCACACCTCGAGACGGGTCAAGTCACCTGTCAGGCGGACGATGATTGCACGCTGAGAGGTCCACAGAGAGATAGTATTGAAGATTGCGCAACAGGAGCAGCCAGCTGCGTATCCTTACGCCATATCACACCCTACCAAATACGGTGTAGCTTGCTCTGGTCACCTGGCCGGAAACAGCCCGCGACTCGGCGCCAGCATGAAGTCCCTATAGTTTCATAACGAATTCGGGGCCGCCCCCGCCGGGTGATCACACGCTCCGAAACCGAAAGCGAGGGGGCCTTAACTACTCCCAATGTTGACCCCCCTGCTGCGGGTCTTGAAGACGCCGATAGGTCGAGGGCATGCGGTAGCAATCCACGCCATTGGGGGGCGACTAACGCTTGCGCGACTCCTAGACTACAAGTCCCGGCTCTAGCAGCCACCCTTCAGCAAATGATTTCGTGACGCATTTCGTTCAGGTTGCTCATGACGGAGACGACCTAATCATTAGGCTCTAATAGCTATTCGCCTTTGTCCCATGTTCTTGCTATGTAGTTAATGCACTAAGTGATAGGATCGCGTTTTACCGCAGCACTGATGAATTTGCCCCAACCTTGACGAAGCATCCGATTTGAGGCACTGAGGATGAAACCGACAACGGGAATACGCGGTACTTTACGACTCCCCGTGAAAATCATCGTTTGCAATTATGCCTCGGCTTTATGCACCAATTTGGGCCGTCT,1988,51.31,Caenorhabditis elegans
SEQ_931313,TTAAGTGCCCCAATGTCTTCAATATAGAACAATTCATCGCATCCATCAGCACCGCGACCCTATACGAGAGCTTTCATCAAGTAATTAGGGAAACCGCTATTTTTTGTACCCTTTGGCTGAGTGGCCCCGAACATAATGTCAGATTCTTAGGCTATTATACGGGCTTGAACTGCTTAGACGAGGGGTGACACCAATCTGCAAAGCCTTAATCAGAGAGATAGATCTTCAGGACCCCTAAATAGGGGAACTTGCTAATTCAGGAACCTCAGCTGGGCTGCTAGTCATTAACCGGGTCAGTGGCGGACCTCTCTTTGGCAGACAAGCTACGAGCCTTCGCCGATTCGAATTGATACCATGGCACTTATATGTGACTTCTGAGAACAGTTCATAGGGCCGACGACTTCATGCACGATATTCTGAACTGGTAACGCTAAGGATGCGGGAAACAGACTTCAGTGCTTTGCTATGGTAGTCCCCCGTCCACGGCGTCCTGGTCAGGCGGACCGTGGCGGCTCGAAAGAAGCGAGCACTTTTACTCAAGTATACGTATTCGTATCAATGGTGCGATTTTCGAAGTCCGAATCGGACATTGCCGGAGATCCACAAATGATTCAGAAAAGCGCATTGGCAACGGATACATCTATTGCCGGTTTTCCCCAATACGTATCCGCAATGACGGCTTGCGAAAAGTCAATAACCAGTAAATGAACCCCGCGTCGATACAAGTAGCTTCCGAGTACTCGAGACAACTCGTCACTTATCGTTGGTGCCTATGTAGTCCCGCTATGCCTCGGGAAGAACGACTGCTCAAGCTGGGAGGTGCTAAGTAAAAGTTGTCGTCCAATGTCGAACTCAATGACCCATCAAGGTCTCAAGAGTAGCTGACAGTATGGCACACCCCTCCACTTACCCATACTGATTCGATAGCAGTGGGACAAGACCTAGCTTTCAGAGTTTAAGGCCGACTCGATGTCTTGATTGTGATGCTACGTCATTGTCGAGCAAGGTATGCTACCGACGGTTTATATGCCTAAGACCGCCCGCATACCTTTAGAAAGGTCCGTACCCTTACAAGGACGCTAGTGAATTTCCGCCCCAGTGTATGCCGACATTGAAAGTGTTGAACGATGGGAAGCTTACACACCCGAACATGCGCTAAAGGAGTTTTCAAATTGAGCGGGATAACACGCAATGTCTTTGTTGCGCTTTATCGTCGTTTGATTTAATATGGATCAGTCCAGCGATACCCAAACAAGCAGGCTCACACAGATAACGGGTTATAAACAATGACCGATGGAATCCGTATCTTCTGGCAAGAAACGGCTCCATGACCTCTGCTAGGGCTCAAGCGCTTAATCAGGCATACAAGTTATAAGTTGTATAACCTCCCGCCCTCTGTATCCTGTGATCTGACAGCCGCTAAAATTAATTTGGAAATTTCTATGATTGACAGTGAATGAAACACAGACAGTTCAGCGATATACGAAAGGATTGTTGGGTATTTTTAGTACAAATGACAGCATACGCCTCGGCTCCTGCCTGCTGTCACGTGGGGCGGGTACGGCATATGTTAACTAGAGCTTCCAGCACGGGATTCAGGATTCTGGGAATCAGCGCTAACCGAAGCGAGAAGTCCGCCCTCTGGCGCTAAATGTTATGGATCCCTGCCGCTCAAGAGGGAGCGCCTACTCAGAAGAACACCGGTATCAGTGCTCCATACGTGATGTGGAAGCGTGTCGTATGTCGAACGTACGTATATCGTGACTTGCCAGAGAGGGCCTCGCAGAGCCATAGTGTTGAGCGTTATAGTAACGTGTATGTATGCCGACGAATTCGTGTGCATATTCGGTGATAAAGCATGAAGGACTTACATCCCCTCGGTTTTTGCCGGAGCATAGTG,1900,48.21,Homo sapiens
SEQ_723018,TTACAGCTAGGGACTCCCCCATCCCTCGGCAACGGCCGCGCATGGCTTGGACCACGTGACATGGTCGTTCAAAATATGCTAGACGACCCCCTGAAACCTTAAGCATATACAACACATGTCAAACATCTATCAAGAGTTGGTGGTCAGACCACCCGACCCAAGACTGGGCCGTGCGATTCACTCGAGGATAGGCGCCCCAGTTCACTTTCACTAGTATCTCACCGTGGGCGAGCTCCCTGGGATGAGGGCGAGTAAAGTCCGGCTGTTAGTTTCCGGCGAATTAGTAAAACCAGAATCAGCGCTTAACGGGGACCACTCACCACAGGCGTGCTGACTCGTTATGCATCCTCCCCCCATTACGAAATACCGGCAGCTAAACATCGCAACCTCCAAGGACCAAGACTAAGCATCGCGGCTCATCTACACCCTACTTGAGAAGCCGCACACCGGAGCCAGTCGGAGGAAACAACATTAGTGTGCCCTATTCAACCTGCTTAGAAGTTTCTCCACTTGGTGGTATCCATCGCTAGACGAACGCGTGCGTAGTTCTTTTGTTGTTACACAGCAAACACACTTGTCGCAGTATTGCGTAGAAGTCGTCGCTGGATGGAAGGTTGCCGATGAAAATGGGGCGTAGACGTGCTCTTCTGGCCGAGGTCCGGAGATCTTCGTCGTTTGACGTCTTTCGGTCGCCGTTACATTCGATGATAAGGGAGTTGACACTAGACCTATGATCAATCGGGTGTCAGAGGGGCTTATGTAAATCCGCAAAGATCTCGGTTATCAGGTTCAAGACATGTTGTAAGGACCTAGGATCGTAACAGCGAAGGCGTATCTCTCGGCGTATGTCAACAGGGGTCAGTCATTGCTTGGGATACTCAGTCACTCATAGCACCCGCGCGTGAGAACGCTATCGTACTTCGCTCAACGTAAGGAGTTCATGGTAGTAGGAGCTTGACCAAGAACACCAGGATATCGCTGGCTCCTCTGTCTTTCTCTTAAGCGGATCGGATAAACCTTGGGATGCTGAGGGTTGGCGCAGCCTCCGTACGTTCGGAGTACCGGTGCTCCATCACCCGGCCAAGCCTGTAGTATATTATGCCAACCTTCATGAATTTCTTTGCGGATGTTACTGCTACCGTAAGGTCTGAGGAACACGGAGGTAGTTGCAAATTAGGCTCCTGGGCGTTAGGATTGGTTGCATGTAGCGTGTTCAATTGCGTGGGGGCAGGCTTGGATCGTTCTCCCGCGCCTAACTAAACAGGATCTCGTTATCGCCCGGTCAGGTGCCTCTCACGAACACAATTGGGAAGGAGGATACGCGGTTCTCTCTGCATTAAGTCCCAACT,1349,52.11,Escherichia coli
SEQ_487490,ACTTATGAACGAAGTCGGCTTGCTCGGACCGAAGCATCGGGCAAGAATGCCCGGCAGCGGCTCCGTTATCGAGTCCGCCCGGTGGCATGAATAAGGTTTTGTCAGTCTCTTCACCCTTGCCTTGCAGCTACGTGGACGGAGATTACGAATCTTCATAAGGAAACAACATGTGAATCATCCTAACTCATTTAATACGAGTACTACAAAGCGTAGTGGGTCCGCTCATTTCACTAAGCGTTTTACTTAGGCGCTGCGCCGGTATATAGTCCGTGGTGGCACAACGAGGTAGGACGAATCAGTCGTGGACAGGCCGTACCCAGTGCGGTCACTTTTCGCTTAAGGGGGAAGTCAGAACGCAATTTCCAACCAGTTACTCCTACCTTCGGGTATCGCGGAGGCGGAAGATGGACACGACAAAGACACGTTCAGGGGTCAGAACTTGAGAACATTCGTCGGTTGGGGGCGCGGGAGGCTTATGTTCGGTAGCATAACGTCCGGACTAGTGCCTATCGCGAAACCTCGAGGCGGATTTAGACCTGTGATGTGCCGGACAAGAGTGCAGGCGTGTCCTATGCGACTCCTTCGGGATTGGCGCGAACTAGCATGACTGCTCTGGAACTGACTTCGGTATGCGACGATTGCCTCTGCTTTCACGCCCGTGGAGTAGTACTGCCGAAAAGTGAAGGGCTCCTTTCCGAACTGAATACTTACGTGTTAGTCTGTCAATTCGAAACGCCCGTTAGCTCGTCTCCTGGACTACGAAATAACTCCTTCCTCTGGCTCCGAGCCTCTCCGGTTAAGGTGGTGGTAGTGAAGGCTTAGACGGGGACAAACTTTCACTACCGAGCCCCGGAGGGGCATCCTTAGTAAACGGGACTGTTACAAGTCGTGACAATAGGGAAACGACTGTTCTACGTATTTAGATTCTGATTGTCCTCTAGGCGATGCACCGCCGTTGTTTTTATGCTTGCCTAGACACATGTGGGTCGGAAGACTCAGGTGAGACCGGTCCTTTGTACATTACGGAGTCGCCTAGCAGGCCGTG,1045,52.63,Homo sapiens
SEQ_795855,TCACCACCTGCGAGTTCCCAGACGGACGACAGCACCTACCTATCCTAAGTGATGCTTCTTTCGCGTTAGCGTAACATTGTCAGCGGCCCGACGAATGTGCCGGCAGTCTACTCTGGATACGTGCGAGTGAGACATATAAGTGAACACCTATAGCCGCGTTTACCAAGAGGTAATGGTAGGTTATGCTCAGATTGATAATCGAACGGCACGAAAACTAAGTAAAAACATTCAAAGCATATTTCGCTGACATGTTCACGCTTCAGCTTTAGCAACGATAGATTAAGGTCTGCGTAGTGCAAGACTGGGGGACCCAATATCAAATCGATACCTCCTCGTTCCTTGCACATAAACAACGGCAATTAACCTTCTACACTCAGGGTATCCTTTGAGAGACCTTAGGCCCCTTATGAGCCCTTACGCAGTGCGCTGAATGGCTTCCTTGTTCTAGAGTTATTTTCCGAGCGCTTCTAGGCTCTTATGTATGCGGGAGGGCCGGGGAATCCTGGTGGTAACGCCATATGGCCTCTTACAAGAGTTTAAGTTTGCACTTGTGGGGAGCACTAGGTTGTTTGGTTCTCACAAACTACCGGTTGGTAATCAAAATCTCTTTAGCCAACAAAGCGGAAGGGCGACCCTAGTCGCTTATAGTTGTTCGTGGATGTTATAGTGACTGGGTTATGTAACGGCCTTTTTTGTCTTCGCGAACATTGGTAACCAGAGGCCTGAGAATAGGCCGATAGGAGCCACTATCGTTGCGAATCCAGGTGTAATACTGCAGAGACCAGATGTTGGTACAATGGTGGTTCGAAAGCCGTAACTATGGAAGTCATACTTAGAAGCTACTCAAGATGACGGCTCACGAACGTTACGATGATAGGAACATAATCCAGTTATGCGCGATTGAAGAGAAACTCACCGGCACGCTCGACTCCAGGTCGTGCGATTACGCGGAACTCCGGCTATAAGGGACTAAATGTCTGGCGCTTGCTTGTACGCCCGACTAACCCCCAACTTCTAGGTGTGCGACTATTCCTAGCGGTATAGTGTGATGCCCTACAGCATTTTTCCACTTAAAAGTGCACAAACTCTCATTTATGAATGTGCTGTAACTACCCAGTCGCGTCCATCTGAAGAAAAATTTGGGCCATAAATACGGGGTTGTATGACGGCTGTTACGCTTGTGCTTCTGAAGTTAATACCGATCTGATCGTCGAGTGGCCATGGGTTACGGTCCCCGCTAGGACGCACGCACGCCTTATTCTACAGTCAGTTACCATCAAACATTGCTATGTCTTCGGACTATAAGGTCGCTGACCATGCTGCAGCTTTGTCTCGCTGTAGACTTTAGTCGGCGTCTAACCCGGACGAGGATGTGAATGACCAGACATTTTACGGTAGAAACGCTAATATCACGTTGATACGAACGTACACAGCGAAGAATGTCACATTTGGCTACTCGAGCCTATGCCTAGCCATCCTGTGTGATGTATAGATAGCGATCTGGTGGTCGGA,1512,47.88,Drosophila melanogaster
SEQ_291178,AACATGCTGGATGTAGCCATAGTAAAAGTCGCCAATATCTCTTAGAGGAAACTTTGCGGAGGTCCGAAAACTGGCTGCGACCTCTGACTTGATGCTCCCATCAAGTACATCTCTTATGGGCCTGTCAACACGTCAAAATTAGGGGTAGGGCTGAGACACGGGGTCCAGTATGTAAGATGTATTGCGAAATGCAGATCCGGATTCCAGGACGACAACTGCGTATCATGTGAGGGTGATCGCAAAGGCACTTGTCCAGCCTATACCCTTCAGCTCTTAAACCGGCTCTCCAATTCCAAACAAGGGACAGGCTAGACGGAGCTGTATTCAATTGTGGCCGCTATTTTAGGAGCGATTTACATACAATTTTGCCGCGAGGTGAACGGAGATTTGACACATTGTTCTATTTAAACCTCGAACGGTTCGAAATAAAAAGAAGTGTTATACCCACGAGATGCTGCACGCAGTATGTTGTGTTCAAATAGAACGTGATCACTGAGTTCTTTCTAGATCCACCAGTCGACCTACAATGTACCTACAGAGTGCGACGCGGGTCAGAAGGAAGCTACCCTCACCGTTAGCTCCAAAGGGGCAAACAGGCGCGTATGCTCGGACAAAATTAAGGGCACTTAGGGAGTGCCTTGTGTCCTCTTGCTAGCTTTAAAGTAGGCCTCCCTTCTCAGGCTGAGTGAGTAGACGGTGCTAGTTACGTAAAGGCCTGCTTCGACGCTTCCTGCCCGGTACTGAGATGTCCTTGGCCCATGTCGCAAGTACCTTATCTATATTAACAACCCAAAAACTTTTCGAAAAAAGACTAAAAGACCTAAATATTCCCAGAACGTAAACTGTTTCAAACCGACCCGCAGGATAGAGGCTCCGATCGGGGTAAACACTTCCCGCGGGGTCGCCTGACAGAGTGAACATAACTGGCTAATCAATGGGCACGACTATACGCTGCGATAAGCTACGACGCGGTGCACTTTAATCATCACGATTGTTGTGCCGGCCACATCAGACGACCGCTGACCATGGCGGGCTCCGCAGTGGGGAGTGATCCTTTCTATCAGCTCGGAGTACAGCAACTATCCTAATTTCGGACACTTACGTTGGTGGTGTAGGGAGGCGGAGCGGGTTAAACGCTCATCTCGTAGACTCCCGGCAAACGAAACCAGTATAGCAATCGTACCGTCTTTCGGCATTCTTCGAGCGGGTGGAATTTGCCTCATCTTGGTAGGCTCTTGTAGGAAAATATAAAACAAGCCTACCATTCTGGGTCGGTAAGAAGAAGCATACATACATGTCTCCGACTATAGCATGCTGTCCGTGTGATGACGTAATAACAGATTGATTGCGGGCGACGCTTCGGGTAACTCACGTGGAAAGTTGTACAGCTGAGTGCAAGCAGCCCCTGGGCAGAAAGGCGCGTTTACTATGCAATCGAGCTGTATCGGCCAAAGAAGGCATTGCCGTCATCGTCGTATATGCAAATCAAGTTCAATAGTGCGATGCACACGTATGAGTCGAACCTCACCTGATACGTGATATCAACTAGAAATATTGTTACTAACATTTAGCTTAGGGAGAGGTGGCTCTGCTAACTAGAGCTAATCAGCAATATACGGCGAATCGTTGGGAAGCCCTATAAAGCCTGCAGCTTAAGGCTTTGCGTTGACTTGGCTAGTGCTTTTTACGTAGGACACATCCAAAGAGATAGAACCGGGATAATGATCTAACCATGTTCCTTATATATGCGCTCCCTTCCCATGTCATCCGATTACCGGTTTGCAGTTCATCGCCACAACGTGAATTGCATCGCATCGCTCACTCTTCGTGGCGCACCCGAATTCCGCAGGAGCTCATCGCTGTCTCGAACGTGTTATAATAGTCAGACGTAGCGGCGTAAGGTAATGATAG,1911,48.4,Drosophila melanogaster
SEQ_386203,ACTTTGGATAGAATTCCCTAGAATCTGTCTTACACTGGTTCTCGTTTGGTCGATGACTGGCCAGTGTGCGCAGGTCCGTCCTCCCTAAACCAAACAGGGAGCCACGAGTGAACGATAATCTATTGAAGCACATCATCAGCGAAGACTGTAGATCTCCGTTCTAATAGGACTCAACTCGTCGAACGGCGGATATGTCTTCACCAACAGGGCCAGCACGTACAATACGATAACTGGTGAAATCTGCCGGAAACATTAAGGGTTTCATAAAAATTCAAAGTGTAGTGGTTGATGATTAACGAAGTGTGTTAGCTTACAGACCGCTGGGACGAAGTGGCCCCCCATCAAGTCCTCTGCCAAGATAGTGGTTATGTGAGAGCTTTGGAGAACGGCTGCTAACGGGCATGTACGTGACCGGGGACAGTTTTGACAGTGTCGTTAGTGACCTCCACTAGCGGTCATGCCAAGTTACGAGAATTCGGTTTTATAGATCCCAGTTCTATTGTAAAAATCTCAATAGTATGGCGGAAATGACGGCGACTGATCAGCTGGTGAACTAATTGTTTTTGAAGGTCGCTCCCAAGCATAACCGATTAGGCGGCACGCTCCTACCAACTTGATTACCGAGCGTCCGGTACCTCAGCCCGGTCCGTGCGTTTAAGGCGCAGAAAACAAGAGCTAGACGCGGAATCGTGGGGACAGGGCCGTGCTCCTTCTATAGCTCCTGTATACGGAGGGCCATTTGAAATGTCGTGCCTATAAGTGTGTTCTAAATGTGGCAGTCTTTTAGACCAAATGCGATGGACCTCCCTGCTACCCGACAATTTACCCGGGTGCTAACATTTAGGCTGGCTTGAAGGCTTAATTGTCATTACCGTCCCGTATGCTTGTGCCTATGCTCAGGCGGTCTCTGTTGTATTGTAGGTTCGCGTGTCAGTTAACCCAGCGGCTCGAAAGCCCTTGGCAAATATGCGTACCGGATTATCTGTATGACTTATTCTCGTCGAAAAGGCCGTTTTAGAGCCGCCCATGTGCCTGACCAGCGGCCGCCACAGTTAGGGGGCGCCCTTGATTTGTCTTACCAACACTACCACTCCTTTGCAAAAGAAGCCATGTGTTGCTCAGGGCTGCGGCATTCTTCGGATATATATAGTAGCATAGCTCCCACGCTTATCCTTCTCAACTCTCATCCATCAGCAGCTTCGGCTTCGTGTGCTATAGTTCGTGGTATAAAGTCCTTCTTCGACTGTCATGCCGGTATGCAACTTCTTTTTATAAACGAAGTCTTAAACGACTCGTAGAGGTGCTATAGTCCTGGGTACTTGTTATCCCTATGCCGGAATAATAACTCCTCAGATTTTCAAAAAGACGGTATCTACGCCCGGGGGTTACAATGTTAGCCTGTGGATTCCGAGGCACCGCCCCTTGCTGTCCAATCAAGTTCGGTGCAAACTACGCCAGTGGTAGTTTCACCACTTGTTGGGCACTTCCTATGCGATACCTAGCACTAGTGGATCTATTTAGCAAGCGACTCATACACTAGCTTCGTCGTTAAGTTAAATAGGGCACGGTAACACGCTGCGTACTCTGAGAACCTCCACAATCTACTTCCCTGATACCCTGCGCAGGACCCGCAGCAACAGGGAGAACCGGAGTATAGCTAGCAGCCAAAAGGTCCCTTTATAAGGCAGCCACGCAAGATAACGCCAATAAGTGGGCAGGAGTGCTTATCTTAACTGGGTACCTACGCTAAGTAGCACTGGATACAATGCACCAGACTTGTAGTAGCCTCATAAACACGACCG,1802,49.0,Caenorhabditis elegans
SEQ_512555,GTCGCACCAGGACCCCCATGGATGGCCAATCCATCTCCACCCGGCAGGGATGTGTACTCCGCAATAGTTGCAGCGATAGTGAGAACTCAGTTGTTGCAGTTTGCAAGATCGCAGGTTGTTTTCAACTCGCGGGTAACAATAGGTCTGTTAAACAGCAATCTTCATCACACCGGGCACCCCCCAGATAGTGACTGGGAGACAACTAGGCGTTTTCCGGTTGCTGGTGATGGATCCAACCCGTCCTGGCTGAGTTCGCTAGGGTGCGCCATGTCTCCTTATCAGCAGAGCTGCTACCAGCCTTAGCGTGAACGGGGAGCTGCTCGTATCTCACGCAACTACAGCGGCTGGAGCCGACACTACGCCTCCGTTTTTCATTGGTGCTTGTAATTAGGATAACCGTCATTGCTTAGGCTAGGGTTGCTTAATTGATCAGGTCGGCAGCAGTGAAATTTCAAGGACGTATAGTTCAGTTGTATGGGCGGGATTAAGTCTTTAGTCTGATTCCAACACTACTAGGTGATCTATACCTGGTTGCTCTACAGAGATGACTAGGGGTGGTAATCCTCCTGGCGGCTAGCGTGGCACATGGGCCTTCCGCGGCAACCTGGTTGGGAAATCCCGCGAATCTATGATATTCAGTACCGGAAGTGGCACAAGAGCTTTAGACGCCGTTTGCTCGAGCTGTGTTGAGTCCCGAATGTGCGATACTCCCCTAGTCGCTAAACGGCCTTTGCGTTAATCCAGCCCCCGGCAGGAGTGCGTTATGTCCTGCACAGCCGTGTAATACGGAGGAGCTCTCGGCCAAACTTCTGGAAGGCTACTCATTGCAATCGCGAATAAACACTACTGTTCCATAGACCGGGTGAAGAGACCCAGTTATCGATGTCAAAGAGTTCTCTGCTGTCATCAATTGAAGCGGCAACAACCCGTCTGCTTTAGACTACACAGTCCCCCCGTGCCCAGGGGAACGTTCAACGTTGCGCACCCGCTGTTGTTATAGTGTGTTGCAGCGGCCAGGCGTTGCAAACTCGTTAAGTAAGCACATGATCGTTGAATTCATGCAATCTATGAGAATTAAACTTTAAATGAACGTTATATAAGCCGGAGACCCAGATATGCGGGTACAGTGGGGCTCTGACCTGTTCTGAACAAGGATGGGGTCGTGGGACTACCGTTGAACTGATTGACGAAAACATAGAGTTGACGAAGCAGCCAGTCTCAATTGGCTGAACCGATTGGTCAGTCGGTACCAAATCGACCGGGGTGACGGTCACAACCTCGTAGCGCAGACCTACCACCGTGAATCATCTCTTTGTCCCACAAAATGGAGCCAAACGTTTCATATGCGATGGTACGCGGTGACGGACAGATTTCGAGTGAGTTCTTATCCAGAATTTTTAGTCGCTTATTCACTTGGTGGCCCCTGGACCATCAATTTCAAGAGCAACTAGACGGCCTG,1459,51.13,Homo sapiens
SEQ_862667,AAGGGGGTTGCCATAGTTGGAGCGTTCCGTTATTGCGGCCGTGAATTAACCATGACCCGATTTTTCAGGCCTGGACAATTAATGAATCCACCGACGTGGATGAGATATCTAACGGAGGAGCAACACGTGATGGCTTCGACTTTACGGTGTGGTTTTACCATCAAACGCGCCCTTGACCGTCCCCCACATTAGTCCCAGCGTTTCACTGCCGCCGGTGGTCCTAATACGAACAGTAGTGCTCGAACTCGAGCCGCCTCCACCGCGCGGTCCCGATCTTGATAGGGGCTGTGCAAACATTTCTGTAGGTAACACTGCTATAGTCAGGCTCCGGCACGCAGGTTAGCGTCCACGGGTTCCTGTCATCTGGCCAGGCGCGGAGCAATCAGGGGCGGCCTGTTAGCTTTGATCTGGCGAGCTTATGATAGCTTCAGAGTGAGAATTCGTTAACGACCTAATATAAAGTTCCAAACTGGCGTCCCGCAGAGGGTCAGTCCCCGAGTATTTTATGTTTTGGTATCGCTAAACTCCTTCACCGCGGGACCTACGTGTTCTCGGACTCTACTTAAATAAGTGCTGCAACCAACCACTTCAACTGGTGATTCACCCATGGTTGTACTGTAACGATGAGTTTAGTAATGCCAGTAGCAAGCGTCGGGGAAAAAACCCCATCGTCCATCCTCGTGTACCAGTGTTTAGTCCGTGAGCTTTACATTCTTACGAGAAATGGGTTATGTCATAAATATACCTTAGCGATTATCCGGTCACTGGTCCATTCGTTTATCACAGACTAGCCCAGAAATGTAGTAACCTCATGGCGCCACGGTTAATGACGGCACTGCGCGCCTTACTGGCTACATAGATT,862,50.46,Mus musculus
SEQ_199897,GGTAAATCTGGAGGTTAATGCCTCATTGATCACAATGATGGGATTACTATGCCACGCCGGGAACGCGGGAGTCTAATTGACTTACCCTTGCGTTGCCAGCGGCACTTTGGCAGTATTCCAGTTCTTACGCGCTGTCGCCTCATCGAAATACACAACGAAGCCCTTCCCCTCGTACGTCATACGTCGTCCGACTAGGGTCAATCGCCTCTAATAGTTCTAGGCTACCCGTAACTACATGTTGTAACGTTTGCCCTTCTGTTGCATAGCTACATGATTCAGCGCGTATTACGAGGGTCGATTTCACATAGGCTGTGGTCCAGCAGTCCTAACCCGGCGAGCCGAAGGTTTCTCACTCCCTACTCAAGACAATTGAACCGACCCTAAAACAGGCATTTATTCAACACCGAGACCCAGGGTCGGTCGGTGGCCACTCCTGCGAGTGCACATAGGTCTAGAAAAAGCAGGCGCTCTCGCAAAGTCTGACTTCCTTC,491,51.32,Drosophila melanogaster
SEQ_986276,GAATGCGGAATGCGTGTCCGACGTAACCCGTGCATATTGTATGAACTAAAACGGCACCTGTAACTTTCTATACGTAAGCATATGGGTGGCGCCTATACTGGAATGCGGAGACTTAACCAGACAGTGGCCCACACTGTAAAAAATGTTCCCGTCCCTACTAAAAT,164,46.34,Mus musculus
SEQ_905481,TCCAAGGCCCTCTTCTCCGCTTCGCGGATTCGTAAGTCATGTGTGCGACGAGCGTGACTTCTGTAGTCGAGAGTTACGCACACCATCAATCTTAGGGAACCAAATATTTGGAAGATCTCTCCACACATTAACAGGCCTACCCCATGCATTCCGTCGGGAGAGCAAAGGCACTGCGAAGATGACGTGGCGGATATTTCGATCGTCTAGAGCAGCAGGTGGCTTATAAAGGTCGCCTTCGGCTACGTTCTCCAATCTTTTGGCCCTGACGTCGAATGGACCAGGGACCGATTTGGGGCATGCATCTCATCTCTACGATTGAAACCGAACATTCTCTCGGGCCAGCCGGGCTGTAGCCCAGATTAAGGCCTACTTCACGATCCGTGAGAGGTCATAGGGACTCTGTAGCCGTAGTGTGTTCCACGGGTACCCTGCTTTCCCTAAACGTCATCCGAGAGGCAAGGACGTCTTGTCTGGTGGAACGTAGAATACAGCGCATAAGACCTTGTGGGTTCCGTTCAAAGGTCAGCATCCGTCGGCGACGACCGAGGGAGATCCTAGATATTTAATGTTAACAGCTAAGCCTGTACTCTTAGAGGTATTCGCCGAAGGTATTGCCGCTCTGTGTAACAGTCGACATAAGGAGGAGGCCGAGTATGGGAAGTACGTCGGGAGGGGCCGAGAACGCTAACCAAAGCGTATAACCCGGTAACCGTCCCTCCGTGAAGTGCCTGGTCTCGGGACTTCACGCGCAGTTGACATCAAGGTGACGTATCATAGTTAGATGAGTCCCCACCACTCAGTGCGGCAGGGACCGACGGGCTATAGGGTCTTCATGTAACGACCAACTGCCTCCGCTGGATCAGGCAGAGTCAGGCTGAAGCTTGGGTAACCCTTTCGTCGGTGTTCCCACATGTGCGGGACGGATCACAAAAAGAGTAAATGTTTTTTCCACACTGACATGGCGCAGAAGAGAACAAAATGTATAAACCAAGGGACGTGATTTCGAAAGCTCAGTCCATGCAAGAGGTGCTTATCGGCCGAACTAATGTAGTCGGATCGAAGGGCCCCTACAGCTTTATAATCGCGAGCTTACGTGCCCCTCGCAGTAGTGTATTAGATCGGACGGTGAGTATTAAGCCAGATAAATACCTCGAGCCTAAGCTGTCGACGCCACTCTTGTAAGCGCAGTGCAAATATCGTTGAGTATACTGTCGCAGGAGTCAGTTGCGAAGCCTGACCCCAAGTGATTTCTGTCATAGAAGCAGAACACCGCGAACTGGATTGCGCATTATGAACATTCAAAGCGGTCCAGAAAGACGGCCCAGTATTCAGCGCTAATCGAGATTCGACCGCACCGCAATGGTTGGGAGATAGCGTGAACCACCTGATATTGGCCATACTGTGAGGTCAACGGTGGTCAAATGTCTGATAAGAGTTCGTTACAGACACCATTAGAAGGGCCTGCGACAATTCGTTGCGTCCCGTTATACAGGCGCTCATATGTCTTACATCGCTTATGATCAATGGGATACTCTTTGACGGCAGGGGACCCCTACCACGGGGGACGCACTGAATAAGTCTTGTATTCCTGAAACCGGTCCACGTAAACCCGGGCGTGAAGAAGCCCACACAAAGCCCAGTGTGCGCCTACACTTATGCTGACAGTGTTTCTACCGGGTGTTCCTATAGCATACACAGTAGACGCCGGTCTATTCTCTTCCCAACTGGGCCGCTGTTCTCTACTCCAGACACGGGTGTTTAAGGTTTTGTGCAACTTTCGCACAACCCTTAAGAGGAGCG,1800,51.67,Mus musculus
SEQ_175090,CAGTTCTCCTAGTTACCAGTTGGGAACGCGGCCACGCAGGCTCGCTGTTTGCAGCCCGTTAGTTCCTAAACGCTTATTCGACGCGCTTAAAGGGCCAGCGGTGCCCAAGATAGAAATCCAGTGAGACCCGTAAAGACTTGCCAGGCGGTGTCACATCAGGTTTTCTTGGGGAAATCTAGTACCGTTGGTGGCACTACTAACTTAATCGAATGGGGGGTTGCTGGTCAACGACCTATGCTTGCAGAAAAGAGGGTCTACATGGGTGCGACGTTCAAGCCGAGATGGTCGCGCCCGAGCGCCTCTCAGTCAGACGCGACTTCGTCGCGCCGTGAATTAACGGCCTTCCGGGATCTACCACACTGGTGAGGCTTAGGTCTAGCACCACGGTTCACAAAATAGAGGGACGGTGGACTCAAGCCGACTGTGCTAGTTAAGCGCGCGTTTCACTTAGAGCGTTTTACAAGAACGTCCACTTTTTCGTCGCCAACTTTTACCCGACCGTCTCACTCCCCGGGGGCCGGTTGATTGACGCTCAGCGCCAGATTGGCACAAATAGCCCGGGCATGCGCGATCATGACTGCTTGTATGGACGTCAACCAGTTATTTGCCTAAACCACCTTGTAATGGAGAATGTATCACGAGGGTCGAGCTCATGGCCTTGGCGTTTCGCTTTTTTTCACTTGGAGCCCGTAAAGGATGAAGTGGTTTGGTCTCGCAGTAGTCCAGGCCAGGAACCGCACTAGACTGGTCGACCAACATAATTCCCGACAAGCACCCCCTATCCTCGCATAAGCTGACTCTCTACTACTTGCCCTTGGCTAAATAACACTAGTTCACGGGAATGTCGGCGGGCGAGGGTAATTCGTATCCTCGAGATACTTCCCTTACACAGGGACTCTTTCGAAGTTGAACGAAACAAATTATTATATAGATTAATGTCTAAGCTCTCGCAATTCACACCAGGGAGCGTTCATGTAGGGCGGTCCGCCAATATGGAGTGTGAACGTTGGCTATTGGATTTGATGATCGGCTGTTTGTGCACGGACGTCAGGCCTTTCCGCAGCATGAGTCTAGTGGTCTTAGTGTATGAGGTTCACGTGGTCCCCGCTGCACCTGAGGGGGTGTGAGCTCATATTCCCGCAGACGCTAAAACCTTAGCTGTTCCGCACGACCTGGCAAATCTTGTGTCTCCCTTTAACCGAGGTACCTGTGGTTTGTTCGTAAGGAGGTTCTATTTCTCCTTTGCGCTATCTTTGCAGAGTGTGAAATAACACTCAATTCCGATTAGTGATAGGGTCACAATTTCTTTGTAATGCAAGAACAATTTCCGGGGTTTGTATCGTCAAGATCGACAATTGCCGTACAGTTGAGCTGGCTGGCGTCTGGTCACGGCGCAGTCCTCATTGATGGCGATTCTGAGCCCCACCGATGAGAAATAGGGGACGACTCAACGAATTTTTCCCCCGCAGCTGGTGTCGGACAGTGTCTTCATTCAATTTAATATCACTCTGCTATGATCAAACCCTCACTACTCCTGGAGGACAGTACGTGGCGAAAACTACAGGTAGCCCCGTATTCGGGGGATACAGCCGGATATTATCAGTTCTGGGTTGCGACCTTCTA,1623,51.2,Escherichia coli
SEQ_339276,GCGAAGTAGCAATCCACACAATCCTCCCCGAATTATCTCTCTAAGGAAACACTATTTCATATGGTGTGGCGTATTTATTCAAATCCGATTCCTTTCTTCCAACTCACCACAAACTTGCCGTCGAATGCGAACTATCATAGACTGCGATTTCTACGCGATCAGTCTAAGGCGTGTTCCGGCACGGCCACACCTTAAGATGACCCATATTCCTATCCCGTTTCGAGTGTGTTTGCCCGTTTCGGTCGTTTCTCCCCTACGAAGGGTTTAACGGAAGAGAGCTGGCACCACAGGGAGTTGAAAATCTAGGCTGGAATTATATCAGAGTGGTCACACTGCACGAGAGGGACGAGACCTAGCCAAGTTCAACTTCTTCAAGTTAGGAGATAGCGCCGCTGGAAACCCTTGACTGAGGACAGGCTATATGTGGGTCTAGACCATGGTTCATGCTCAATTCTGCGTTTTCTCCAACAACTGGTCAACCCTCCCTGTGATCTTATACGGTCAGCACGCGGGTTAGTCTAGCCGCCCGGCTGTCTCGCGTATAGGTACGTCGCATTGAGAATTATAGGCCACGCAACGCGGTCATCATGGCGGGGCCCACGGCCTGTGATTCGGATGAATTACTTGCTGGGAATGATTAGGGGGGGTTCGCAAACCCCGTTAAGCTATCTATCCCCTTCTTCGGGGTCAAAATTGGATTCGGTCGGAAAACTCATGATGAATTCGATCTCTACCCGGGTATAAAATTGCGAAGTCCAGCCAAGTA,766,49.61,Saccharomyces cerevisiae
SEQ_980390,GCACGCAGCTGGTGCTTCCCGGGCGCAACTTAGTGCCGTGTGGATGCCATCACCTAACTAAACCCGCTGCACTGGAACTCATGGAAGGTCACACTCAAGATACCCGTAAGATGAAGGTACCAGGGCCTTGACGACGGAAGGCCGGAATAAGACTATTTATTGGATGAGGTATTTCCAGGAAACACCCTATTTTGATCGGTTGCAGACCGACGTGCACAAATCTACGGTAAGCCGCGTAAGGCTATAAACGGAGCCCTCGACTCGGGCCATTGGGTAGGCCAGCATTCACGCACGTGCAACTGATTACCTCGTTGAAAAATGATCCACCTGGACCCACCTATCCTACAGGTTCCATCACTGGAGCCTTTGCAATTACTGTGCAATACGCTAATGCCGGCCCGGCTCAATTGTTTGAGCAGTACCTTGGATCTCTCAGCCGTAAGTAGTCAGATGGAGCCCCAATTTCGTGGGTTCTTATCTTGATGCGGAGGGCTGATGCCTGAGGAAACTTACAGCAGCTCCATTGACTACGATACCTAACCGGCAAAGAGAGAGCACTGCGACTCAGGCACCCGGTTTGAAGTCGGTAGCTGGCATCGCGGCTCTAAGCCGGATAGCCATGGAAATAACGAATATCAGCCCATCATTCTCAGCCGTTCGAGTAGGAGATTCGCATGCAATGCGCACTTCTCATCCCAAAACAAGAAGGAGTGAAATTAATGCCATGGCCGGTGACACTTGGTCCCTGGCGAGCTGTCGGTCCAAACTCATCCTACGCATCTTGAAAGGCAATTCTGATCAACGTGTTGGTAAAGATTGGAAAATGGGCTAGAGTGCCTGTGGAACGGTACTTGTATGGATAATGTCTCCTTGCGTTTCTTAAAGGTGTAGGAATGCATTTCAACGGTCAGCATGGTACCGAAAGTTTAAAAATCCCGCGAAGGCAAGAGCGGATCGTCACCTTAACTCCGTAGGAGCCTGATCCGTAACGACATCCTGGAGTCTGGGCGCTTAAACGCCCG,1022,51.08,Arabidopsis thaliana
SEQ_894291,ATGCGGGTTTCCGTTAGATAAACTCTCACAGGTCATTTGGCTGCTTGGCCCTCAAATTCTAATATCGAACTCGCAAACTCCTGCCCTACGGAGCAAGCTGCAAGATGGCGCTGAACCGTGCTCGAAAGATACGGGTGTTACCTCGTTGTATACGCTCTTACATATAGTAACTGCCCTGATTATTCGTTCTGCGTACACCTTAAGTGGTCCCATCCCAGATCTGGCCATGTTTTAACGGATACAAGGTGTCCTGTCCCTAACGATGCGACTATGGAGTACATGGCTTCTGGTACGCGCTAACGAAAAGTCAGGGACGTTTCAGTGGGCTGAAGGACTTAGTGGCCTTAGTACCGTGAGGGCGTCACTCGATAGCTTGTGTGCTTCCTCAAATGAACGCAAGGGCCACAAGTATAGTCTCATGTGCGCGACTTGATCTGGAACGTCCGGCCAGAACATGCTTCCTTTCTTTTTGCTTATGAGTGATTTTACCTCCATCGAGATGCTTCGTATGAACAAAACATTCAGGCCGACTCTAGGGATGCAACGATGATTAGTAACCTTAAGCACGGTTGCATGTGCTAGGTCAGTGAGCCGCGTGTTGCGGTCGCACCAGCAGATAGTGGTAGCCACAACAAGGGCTGTATCACGTGTGAGGGAATGACGGCACCAAAGAGACTGTGGCTAGTAGGCAGGCATAGCTCTCCTCTTTTTATGCTCAATTCCCCTTTCAAATTGGGAAGTAGAGGTGACATCGATCTGCCGCCTGCTACAAAGTGAACGACGCCCCACGCCGAGTGGGTACCTTAGAAATTCCGTGAAATAGTATTCTCACCCAACTTAGGTGGGGCAGAACTCTTATCGAAAGCGAACGAGCCTACGGCGCGCTGTATAAGCGAGACAGTTGTTGTGAGTGCTCACCTCACAGGTAGTAAGTCTGGTGAAACAAGCGGATGATAACGGCGTACCCGGATCGTCTCTCAAC,982,50.0,Caenorhabditis elegans
SEQ_680476,AAGGCCGAGTAGAACGTTCCAGGTGTCCCTACGCTAATCGTGCGAGGAGAAATGCTGCTATTGAGATTCACAAAGGACCGCGGATTATTCGTAAGGGGTTTGAAACCGGTTTTAGTAAATCGGCACGCCTAATGGATGTTTGTGTTTGATTCGTACTCGACAGGGTCTTACTTTAGCGGGCATGCGGTCTTACCCACAGAATCCTGTTAAGGCTCCAAACAAATCGAGATTCGAGGTTAAAAGTGTAGACCACTAGTGATTTGGCTTACGTAAATAATTTCATAGAAAGCCAACAGAAGTCTGCCTCACGCCTTAAAGGCAACTAATCGTGTGCGCCCCATATACGTTACGGTCCATCGCCCTTGCGTGGTCCGCGTATGTTCAAACCTTCGCAGGGCTCAAGAGGCAATGACTATGAGAAGGGGCGCGGCTTGGTTAGTCAGTTTCGCGGTGAGTAAATGCATAACTGTGGCACATATGAGGAACAAATAACCAACCTTATCTGAAGAAATCCGCAACTGACGTACACCCTTGGCGCGTGCGCCCCTAGAGCCAGTCCCAGTACTTATAGAGTACAGTGTTCGAGAAGGTTTCG,595,48.24,Homo sapiens
SEQ_311101,CCCGAGGTTAAACTTGGATGGCTGTCCTACGCACAAGCGTCCTACTTCTAACAACTTATTAGTCAAGCAGGGGGGTAACTATACGCTAGTATCAGACTTCTGTTCAGACGCTGGCTTTGAGCTTATGGCGAACGGTGGGCACTTTCGTGCCTCCATCAGCCCTTTCGAGCGGGTGAGATGTATCTTTCGTGTCAGGTCCGCGGAGTTTGATCTGCGACCATGTTGCCAGTCCACGGCGAATACCTT,246,52.03,Escherichia coli
