sequence_id,sequence,length,gc_content,source_organism
SEQ_352172,TCTCTTATCCATAGAGTATCGTCCTGGCGCGTAGCGAATGGAGAGTGGATTCGACTATTACCAGTCGTTTCATTGTGTTCAGTGCTGCCGTACAACCATGGTCGATGTCTTTTAAGGACGCCATCATATGGTGATCACGACTATAATTCTCAGATGAGCCCGTTTTGACTTGCGGACCTTGGGAATACTTGACTATGCAATGTCACCCGGCCTTGGCGACAGATACATGGGAGCGTAGACTAAGTTCTCATACGCATCCCTCAGTCCGCCTACCCGTTGAGTAGTTCTTCTATGCTCCTGATACGTTTGCGGGGTATCACTATAATCAACGTCAAGGTCTCTTTATCCGCCCATAATCGAAACCGGGGACCCTTAGCCCTTTGTGCTGTGTTGTTTGTGGGGCTTTAGAGACATTCGCATCCTGAAATCTTGCTTGTGTAGCACATACAACCTATAGCAGTCGTGCACCTCATTCCGTACGGTCTACCGCATGTTACGTATAAATTGCCCGCGTCGCCAATATGTTGTCACCCGAGTGGCCTCCGGGTCAGTCTACATGAAGAAGGTAACCGGATACTTATCTAAATCACCTAACTTAGCGTTGACCAGCCACGATAAATGTGGGCCACCTGATCAAGGTTCGCCCGCCTCGTCCCCAAACAGAGCACATGGTCCCAGCCCACGCTTGCAAAGGGGCAAGACAATTATACCACACTGCGCGTTGCCAGTCGATATCGGGTCTCGTGCTGGTGGGACGCCTGTATTTGAAAAACGTGTGAGAATATGGCGCGTCGACTTGATGGGGTTCTCGTGGGTTACTCGGAGGTTTCGGGGCCAGTAATGTGTGTATAAATCACCTTTCATTCAACGGGCTCGCTCTGAAACGCCGTCCAGCAGCTGGGTGGCTCATTATCATAATGGAGTAAGTCACGGGTGTTAAGTAAGGCTGCTCTAAACCTTCCGTCCAATGAAATTAGCCCGGTTGTTCGGCTACGACGGGCATCCTCAAAACCAGACCGGAGCAACGGTACATTATGGAGCGGTTCGTGCTCCCGATCGAGATCGGTAGTATTAGGCCAGTCTGACTGTGAGTTCCATTAGGAGCAAAGGAGAATCATATCCTCGCTAGTTGGGAGTTTAGACCGGGTGAGTCGTCTGCTGTTCAATGCCCAGGGTCGGCCAGCGCGTCATGCTCGCACCGGTGCTTTGAAGAGAGACGCGTGGGGCATAATTGTTTGATCATAGTGTTAAATGCGTAGTCTTGTGGCAAAAATTCAACGGGCGCAGAGTATCGAGTACCCGCTACTCACTACTAGGCATGACACTCACTGCCGACGGTCGAGGGCTTAGCTGAGCGCTGGCGACAATCATCTTAGCTCAGCCCTCTTCCAGCTTCCGGGGGCGCTTTTCTCCGTTACCCTCGTATCCTAGATGGACCAGAGCGGAAATAGTAATCATATATGCCTTAAGAGTTGCTCCTGTAGCGCGACAAAGTTCTGGTGCGCCGCTAGTCACAGACATGGTGATTTTTCTGCTGGACCTGCCACAGTCTTGTTTAGTACCGTCTCGTTGGCAACTATAGAGAGAAGTTACGCTAGCCTATCTGCACTTGGAGATTATGGTCTACATAATAGCAGTGAATAGACACCAATCGAAGCCCCATCTGAAGCGCGTCCGAACTCGGTAGC,1688,50.77,Saccharomyces cerevisiae
SEQ_854909,ATCTAAACCCAACTCAGTTAGGGAGTCGAGTGAAATGATGGCATCAGCTGATCGACTACTCGGGCATGCGCATGTAGTCCCCAACACGTCCCAATGATCCGCCTTCGAGCCCGACGCAGCATATACCCTATCAGTTTCCTGGCGACGGTTTATCACTCCCAAAATTCTAGCCAGTGATTCTCTGAGTTCTTTAAGTCCACGATAAAACCCATAGACTAATGGTAACGTCAGATGGATGTTGGTGCATAATCGGATACCGATCACCAACCTCCCCTTAGAAGGGATTGGGGGGCTGGTTGGTATAACGGCAATACTTTTTGAAGAGGGTGAGCACATAGCTAGGAGAGAGGTGGGTGCGATGCACATAGTGAGGGGGGCTGTGCATGCTTGAATTGCAAGAGACTGTCGAGTAGTCTGTGCGCGAACTTAAGTTCAACCGCAAACGTTATACGCCTCGCAAATGAAGGTTCATCACCACATGCTGGAGCGCGAAGCGTTCTAGTGCCAATCCTAGGCAGAAGGGTAACCGTGTGGTTTTTATAAGAGACGAGATTCTCCTAGGTCTTAGTTGCTTGTTTAATGAAGCGGTAATCCAATTATTGCGCAGTACCTGCGCTTAAGCTAGCAGACGGTCAACGGGTGGTCCCGGATGATCAAACCTGGTATGGAAGCATTAAATCTTATCAAGGCACTCCGTGTTCCTGTTACTGCGTATACAGTACGCGACAAAGATCTCAGCCACTTTAATTCCCCTTCAAGAAACGCTGTCGAGTGTCAAGGCATGTCCACAGGCTGAGCCTTCTAGTGTTACATCACCCAGGGATGGCGATCGGGACAGACCTCGTTGGTTACAATTGTGATTAGCCCGAAAGGCAACTGTGTAGTCAGCGTTGACTCGTCTACAACGAATTGAGCCGATCCGCATTACACTCAAGTCTAGGGGGGTCTCTTGGAGCCGAACAGATCACTGGTGTGGGAAATTTGTTGTCCTTTACCTGCACGTGGGCGTCCCAGTACTTGCCCGTTAGAATGTGGGCGACACCAGAAATTGGTAAAGTAAGCCGTCCGCATTCCCTGTCGGGTCAGAAACCATTACCCGCCTCAATAACCGCGGTGCCAGAAGTTCATGGACCGTCTCACATAAAATTTCTCAATAGAGTTCTCCAACGCCGGGCATTACTACTCGACCCCGCGGTCAAGACAGGGAAGCTGCTAAGCGGCCCCATATCCGCCCGCCACACAGCCGAGAAGTGAGGTCTCCCGGAGTCTCTAGAACACCAAGGTTAACCTCCCATTAGTAACACAATCTCCCGTTTGGATCGGTGAGACATGTCTGGAGTGTCCCTGGCCCTGAAACGGTTGTCGTACACCTGACACTACGAGCGGGAAAGCACCTCGTTGCATAGCAGCCATCCTAATGCGATATACAGCATACCTAACAACGGACGCTAAGCATCAATGACCTCTTACCAAGAAACGACACTGCTACCCGCCGCACTTGACTCGGCCTTTCCCTCGTCCTGCAACAGCACTTTCTGGGTTTCCGAAGACCTGTGACCTTCGTTGGCCCTTACGTATACTCTCTATCGCACTTTAAAAGTGATCGGCTAGGGTGCGTGACTTCATTCTACGACGAAACTATTTAGAGTTGATCCATAGTCGGATTCGCTTTCAGCGAGCCCGATTTCAGACTAGGTGGGTCATGTTCAGGGCCTCGAACACACAGTATCTGCTGTGATCAAGTCTCGATTCAGAGGAGGAGTTATGCCGCCTTATGCTGAACGCATTGTCTCTACCCGAATAGAGAGCACGTCTGTATTACGATTCGAACGCTTTATCGCCCATCCTTTACTGTTTCCGTCGTGATCGTCCGTCCGGACTTAA,1884,50.37,Arabidopsis thaliana
SEQ_222538,ACCTCTGTACATATAACGTGTACCAGGAAGCACATACGAGTGAAAAGAACCTGGAACACCCGTCAGGTCCATCTAGGTCGATCGGCCACACTATAATCGGTGCAATTTCATGAATGGTTGCGCACCGGCTGCCCTTGTTCCTTCCGCCACATGATTAGCCTCAACAGCCCTCTCGGCATGGACTAGACTTCATTTCTGCTGCAGGGGTTCGTCGCCCGAACAAATCGCCGTTGTCAGTAGTATCCCATAGTCGCCAGTCAGCTCTTCTCGAAAGAATATTACGTGGCATTCGTGCGCCTTTGTGGAGGCAGCAGTAATTAAACAAACGCTTCGCATGGTATTCGCTCGGAGTTCCCCCTCTGCGCTAATCCTCCCCGAGAGGTGCGATGGTGGACCAGAGGGTTCGGCAGTGTCCGATCATTCTAAGCAGTTGACGCGCCACGAATCTTCACACGTACTCGCCAAAGCAGAACGAAACGCGGCTCCAGGTCATCACCCTACGCGGTGTGGTAATGTGTCTTGACACTGACCAGGAATATCTAGTAGTCATTGACCACAGGGATGTGCCCTCACGGATCAGACTAGTGGTTCCCTACGTCGCTACCCGTTGTCACAAACTAAATGTCTCACGACGTCTGACCGCATCGGCTTAACACGTTTCAACGGGTTCAGTGTTTAAGGTGGCATCAGCTATAGTCGACATAATTCGTACTGGTGGGACGAAAGTCACGTCACCGCAACACTCTGGCCGTTGACTTTTCTTCGTGCCCTAGTCTCTCCAGTGCCAGATGAGCACAATTAAGAGTCTCGTTAGGAGAAAGGGGGGAGGCATGTCCGCCCAGCGATGAGCTCCATACCTTACGCGGTCCTAACGACCGTAATATCATGCTCGGAACAATATATAGATCGGGCATGGTATGCTTTATACCTGCTTGGACGACGATTAAATCGCGCCATAAATACATCCTCCAGCTTCTGGCGGGACACTAACCTCTTCCGTTTCTCGGCCGGCGTCATATCGCGAAGGTGCTGCTACATCCACTTTAGTTGATTGACAGAATGTACGCCGTCGAGACGTAGTCATATGCGGTTCCGAGACTGCACTTGAGCTCCGTAGGATCGTCGGCCCGAAACCATTTATAAGGTCGGATTACGTCTTATCCCGTACGAGGCGGAAGTGATATGAGTAGTTCATGGATGAACCGGTTATTTAGCGGACGATAACGCTGAACGTAGGGCGTGCTTGTCCATCCGTGGACGACCCAAGTGTATTCCCTTGGTTACTACCACGGATCCAGCCCCCTACAATTTTATGATGTTCTAACAGGGAGGTCGAAATGTCGATGTACCTCAGGATTTACCTCGGAAGCTCTCTGCGGAGCCGACAGTTACGGAATCGACGCTTCGGGACGGCGGGTCTGAAAGGGCTTCAACGGTAATGTTGTATGTCG,1451,51.69,Arabidopsis thaliana
SEQ_269139,GCAACCGCGGGCCATTTGGGCACATACCCGGATGATCGCCCACGGGAAGAGGGGTTTTACCAGTCCGTGGCGTCGCGTTGCCCATTTCTGAGAGTAGCATGAAGACCCGTTCTCCGTGCATTATTTGTCTGCTGGTCTCTTTTTATGGTGACCCTGAGTTCTTGATTCAGAGGAGTTGGGCCGCTCCTCCGCCCCTTCTAGGGCGGAACGCGGCGAGAGTATGCACTGTCTGGTCTTTTGCCATCCATTCACAGTTGCTTGCCTACTTGACCATTGTCGGGCCTACACATCCGGGACATATCCCTGCATGCCTAGAGCGTTACTGGAAATTGAGGTAGCAAGCCTCTCTTATAACCGATCGGAGCTCCCCTCAGGGCTTAAAAGCTTGGCAGGGTGGCTCTGAATGAGCTCTCGGGACATGTCTGAACATCTAATGACGGTGCCCCCTGTTACGCCCTTACGATTCTAGAGATTG,475,54.32,Escherichia coli
SEQ_132333,CGTAGATCGTCCGGAGCGACGACACAGATCAGACATCACACGCTCGCTTTCGGGGGATGCGAAATGACAATGCAATTAAAATCGATTTCCATGTAGCCACGGCGTAGAGGCCGCGATCAGCCGTCGGCAATGGAAGATTGATTGTTAAAAGGAAAAAATCTCTCCCAATATCGTTGTCCAGCCCACCCACCAAACCCAGGGGTTCACGGAAAAATTTCTGATATCCGGGCGGAATACGTTCAATACGGCCGCTGTGCCACCATCATTACATTCAGATACAATTCTTAGGGGCTCATAATCAACAGCACGGGACCTCCATCACGTCTCCTTCTCGGGTTTTTTGCAGAGCTTTGTGGATGCGGTCATCCCTAACAGTCGCAACCTGATCCCTTTTGTAAAATAGAGTAATGTGTCACCTCGTGATTGGTCCGTTATTCCCACTTGTAGATTGGATGCCTCCAACGGACCTGATATCTACGGTGTTGAAGGCTTGCGTTGACAGAATTTCGACGTCGTTCGCTGATGAGGATAATGTGGTTGCAAGTCTAGAAACCAATTCTGGGGCCTGAGATCTGCTACGCCGGCCCAGACGCTAGACAAAGCGAATAGTATCCTTTTGAGCTGTCAGTTCTCAAATGTACATGCTACTTCTGGTGCAAGCCATGGTTGAACTGACGGCTCTTGGAGCCATTACAATAAGCTCAGTAGGAGTGAGGGTTTACGTTAGATATTCCTCACATAAAAGGTTGTAGCTGAATGCTGATAGAAAGGTATCGAGCCGCCCTCGCGTTAGTCTACTTGTGTGACGTTACGGGCTGTTCTGAGTGGATCATTGCCGATACCCGAGTTGTCGTGAGCTATATGAGTATGACCCTCCGTCCAATCAGTGGCGATGTATAATCCCGATACAGGCCTCTACACCCGTCAAATCTGGGTTCATGTCAAGAGTCAAGCCGTTAACTTGCTACCCAGAAAAGACTATATTGCGCAGCTTGCCCCCGTGCTGGGATAGAGAATAGTTCTTTTACGTACGACATTTTTGTCACACGCCGCAATGGAGTCGAAGTACAAGGGTCAGTCCGTCTTCGTTGCGTATGTATATAGGTGGCCCTCAATTCGTCGCGGAATGCTACGATAATGGATTGACAATTCCTGAGGGGCAGATCCGCTCAGCTGGACCCCCATGCTCCTGTGAGCAACCGTTACCGGTGTCCCAGTATATTATCTTCCGTAACGGCCTTCTTCATATCCGTAAAAGAACCCGCAATACAGTTATAGTTCGTAGCTATTCCCGACTTAGGAAGTAAATACTTCTAATCGAGCGTTTCTCTATGGGCGGTGACGGCCAAAACTAGTCCTTGCGTGATTTCCCAAGAAGGGCATCATTTAACATTCTAGGGAGTTATATCATGAGTACTTCTCCTTAAAGGCATTTAAGAGATTGCCTGCACAGAACTTAGACGATTGTATTCATGGAGCTGCACCTATGCATCCGACTCGCGCGATTAGGTCCAGTCTAGCGTGAGTATAACCTTACCTAGGACTTAGTTCGAAAGTAAGAATATACTCGCAGGGGGGCCTTACCGGGTTGACACAATATCGGCTGAAC,1609,47.92,Caenorhabditis elegans
SEQ_335128,CCCTTCGGGTGCAATCCCGGTGTCAGAGTTAGGAGGTGCGGATGGCGCGTAAGATAGGCATCGGGAGCGGGTCAGCAATGCGATTAAGGGCGTAGCATGGATGAGCGGGATTGCTCCCAGCGGATCCTGTACTACGGGATTAAGTCCGTGCTCCCGCTGCCCTCACATGACGTCTTGAGCATATGAACCTCGTGTCCTACTAGGGCGGCTCATAAGTTTGGACGCCTAGAAATTAACCGGTGTCAGGGCCAACCGACTATTGCCTAAAGTTCGGGCCGTCGCCGTTCTGTCACATAGCATCCGTGATGTATGCCATAGGGGTTGCTTTTCACGTCTGAGGTCCTTGGAGATATTCTTTACAAGCTTGCGAGATGGGCGCAAAGATTAAATCGGTATGTTTCTTTCGATTAAGGGCTATAGGGACTGGGGTATGGTGCGCAAGAGCAGACCGGAGTCTGAAGAGGGTTAATCGGTCCTTTTGTCCGATAATGCGCGATAGAAGCATTTGTTATTCCCTAATGCCATCCCGCATCGGTGGGCCGCGTACCGGTCCTCTCTCAGTAGTTTCCAGGGGGTGTTACAGGATGAGAGATCTCCATAGCAAACCATCTGAAACGCCGAAGGGGGGAAAAGCTTCTGATGAGCTACAATGGCACGATGGTCGATGGCGATATGATGTATAGGATTGATCGCGTTCCTTATCCTCAGCTGCGACTGGTCCCACCAGGACGCCTCGTTGCTGGTACAGAGCCTGTCGGGCCTAGCAAAAGCTCACCCTGATTCGCGGCTATAACGCTAGGCTATAGATTGGTGATTCTTCAGTTTGCCAGGGTCTGGGAAGCGTACCCCCTCACGACCTGACACCTGGTAATAGCCGTTACGGTGCCTGATTGTATTACATACCGATAGCCGGCGTTCGTAGGGGGCTTCGACTAGCACTTTGGGTTAACGTTTCACTGGCCCTCCCGCGGTGCCAACAGCGTGGTTCTCCTGTGATCGGGGTGCTTGTTCTCGTGACCCTGAGTAGAATCTTTCTTATCTTAAAACGAAGAAATCCGACATTAACCGAATTAGTCCCCATGACCCCGATTACAGGTTAAACTCCCGCAGATCCTAGCCAAGTCCACAACGGGTTGAGGATCGAAGGGGGTTTTCCTTGACCAGTTCCTGGAGGGTTTTCGCAGGTGGGGGGCGCTCGCTCTGGCCTTTCTGCACCTTCGACCCGATTCTACCAGTGCATCGCCAGTGTCGGGACTTGTTAGAACAGTCTTATGCAACCAGGTATTACTCTCAAGATGTGACGACGACTTCCTCGAGTAGTGTTATTGTGTCGACCTTTGGGTTGAGACTGAAGCAGGCCGGTACGAACCAGCATTTAATGTAGCTACGAGAGCGGCCGTCTTACCCCTAGTCTA,1415,52.86,Saccharomyces cerevisiae
SEQ_239682,TTTACTCGGCATGGAGGCGGCAAGAGCGAACGTAAACACCGGAAAAAGTCATCATGAACGACTGGATTACATCTTCCGAGCCCTTAGGAAAGTGGTAAGATGGGGCCCAAAGTGGGACAGCTTGGGGCTCGGTCCCGCTTGGGAGAAAGATCTTTCCGCCTGTGTAATGTTAAGGCCTGGGTTTTTAAGCTCGCACCCGGCACGTGACTCGGTATTATCGGAACATACCACTTAGCAGCAGGGCAGGGATTCGGTTTATGACTAACATGGTTATCAATGAAAAACTCTCTCTGACGGCGCGCAAAGCTTTTTATGATAAGAGTTCTGCTAAGAAGACATGCAAATGAGAGGACGATGGACGCCACAGATTTTGCTAGCTCGAAAAAGGCATTGGAGTTAGCCAATGTAGGACAATATATTCTTCAGTAATGAAGGTCGACGATTTTCCTAAGTTACCTAGACTATAGACCAGAACTATACACTAAGTCGAAAACCACGGCAGCGCTCTTAAAGGGGCCAAACGTGCGGGTGGGAAGAATTTAAACGACTTCAACCAACAAGCTGATGCTAAAGCTGGACGGAAGGAATCACTAATCATCCCGTCTAATATACACGACCTAATGAGTACGTGTGGATAATGAGTGGGGTCTTCGTAAATTCTAGATGAGAACGTCGACATCAGTCATACGCCGCCGCGCACGAGCTGTCTTGAGGACAACCGTTAAGCATGGGCTCGTAATCTCGTCTCGATCTAACCCCAGGTCAATCGTGAGGCTGCAGAATAATCGCACACGTCGTCTGTCTACGTACGTACAAGGATATTCTAGGTTTGTATACGTACCAATTTCGGGGCCGGCAACGGCTATATACCGCGCTTCCACGTCATGAACCGAAATCGCACCAGATCGGAAGGGATCTCGGATTCCGGAGCGTTTCCGACAATTTACGCGTCTCCCCCGTTCATGGATGACCAATCTGAGTTTATGAACACTTAGAGGAATCCGGATGTAGATGCAGGTGCTAGGGGCCCGACTTCTCAAAACGCACGCCCAGTTCACTGCTCCACTGCGGATGACTTACCATAGGGCATTAGACACTATAGGTGCAGGGATCTGTCATGAAGTCAACTTAGAAAATATAGTGATGCCCTCGTAAGGTTATGTCGCTTACGGGCGAACGAGCGTTATACAAGTTCAAGTCGAACCATGGCCTACTGCCACTATTACTTGGTGATGAACAGGCATACGGAAAGAATTATTGTGTAGCTTTACGCCCATGGCATTCCTAAATCCAAGCCACGGTTGTGGTGCTTATGAAGACTTTTTTGGCATCGTAATCACACGCCATCTAGATAATCTTACTTTGCGCCGGGCATACGTGAA,1382,47.9,Drosophila melanogaster
SEQ_148145,GTTATCGATAGATGCGCGATTTAGCTAATGACTGATGTACGGGAATCGATTGC,53,43.4,Drosophila melanogaster
SEQ_580333,TAAAGGCCTCATCGGTGGTCTCCTGCCTTGCTTCCCGCACTGCGAGGGTTTAGTGTTCCTACCTGGAGCACACATTGCACTGTGCATCGTAGGTGTTGAAGCACGACGTAGTTAAAGCTGGACAGGGGTGGATACCGGTTCGAGGATTCGACTGACCGGCAACATAGTAGCCCATTAGACCCGATATCTTTGCCACCCAGGTCGGTTTGTTCGATCCACGGAATTGTGGAATCATATAGTAGGGCGGCTACTCCCACTAAGGTCAAATCGTGAGTAAGGCCCGGGTAGCTGTCTGACCATTCTTCTAACGCCAGGCGGAGGTCACTCCATACCCGCCGCCGTAATACTATAAAGAAACTAACGATCCTCGGACTGCGTTGGTTGACGCCCCCAGGATTCCTGGGCGCTTGCAGTACCTATGTTCAACATCTGAAAATCTCGTGGAACCGATTGTCGTAACCGTCAAGACGGCCGGGCTTATCGGGCACCCCTGTATTAATATACGAGTTCTAATCTTAATATGCCTCCATTGGTGTAAACATAGATAAGCCGTATTGACTTACGCTTACGATTCGCTCACTTTGTGGAAAGTAAACAAACCACATACACACAGCCTGAACGCACTGTTACCCCCGCGTGCCCCTTACTTGCGGTGAATAGTATACCGGCCACCCGATGGAATTATATCGCTCGGACGAGGGGGTCCTGGCTACTGGGTGGGGGACTTGTTAGTATTCGAGGACGGTAAATATCTGGACAGGGTGACCGCGTCGCCGAAAGAGATATAGCCACAGGAAACGAACGCTAAGTGCTCGACGTTATGGCTGCGACTCACTAGTACCATTAACATATTTGTAGAGTGGAGATTGGTCAGTAACCAGGTTCCCGCCCGTTCGTGTGCATGATTAAGTTGCGAATAGAGGATTGTAGATTAGATATTAAGACTGCTCGACCTTACTTAAAAATGCACGGCCCTAAGGCATAACGTTGGCCAACTAAATACAGCGCTTGAACTGTACACAAGAATAGAACTTATATTCTCATCCGTAAGATATGCCTGCGATGCCCGTAGGGATGAGTTACTATCGGTATGTAAGCCGCATCACGAGAAGTGAGGTTTACGGATGTAAGCTCACCGGAAGGGCAACGTTACTAGGCTTTTCCAGGATAATTCCGCCCCCCGATTACTTCGCCCTATCATTACCAAAGACGGTCTGGCGACTGTAGAGGCTACCGGCGCCCACCAGTGCTAAGCCTATCCACGGGAATGGGGCTTCCCCTGTCTTGCTCGGCGCACCTGCTACAGTGCTCCGTGGGCTAATATGCGTGTTGCGCTAGGCGGCATTTCCGGGGGAAAATCTGTTTCCCCACCCCGGGAGTCTTCCGGCAGGAGAGTCGGGCCGTGAGCTACATACGTTTCGAGGACATATGTAAGTCTCGCGTTATCCTACTCCATTTCTGAGTAACACATGCTACTGGCTCCATGTGATTAGGCTTAAGCTACGATATTCCATCCG,1517,50.89,Saccharomyces cerevisiae
SEQ_890344,CACCTCGCTAAGCTCTTGTCATGAGTACAGCAACTTACCAGGACCCTCGGCTGCTTCGCTCTGTAAGCATTCAATAACCTACGGCTGACTCACAGCCCACTGTACTTTCTCTCATTTACGCCTCTCCTGCTAGGCCCCCGAAACATGCCTTAGCACCTGTAAGTTCGTTGACAGGAGGTGGTCTTACTCCACGAGTGCGATCTCCTTGAACCATTACCAGAACCGAGTTATAAGACTGGGCTGCAACTGACGGGCTCCCAGTTATAAAACATATAAAAGGCTGACTCTACTACGTCCACACGTTGGGGCGTTTGAGGGCTAGATGACAAAATATAATCATGCCTACGGAAGTGCCCTTGTAGCTACTAGAGGGATGATTTCGTTTTTTGGATGCCTTTTGGGCTCATCCGCTGCTTAGCCGAATCGTACTGTAAAAATACGTGCACCTCCACCTTGAGAATTCCTGACCTGGCGTAGGACCCGCCCTCTTACACCTTTCAGCCTCCTGCGGTTCGATGGATAGACCACTCGCTTCGTTTGAGGAATTTTCACAAGCAAGGGGTAGTTTAGGTGGGTGCTCCCCCCAACGAACCACCCAGAACACTGATAGCGCCGAACGGAACAGCGGCGGGGAGTCACGCCGCGCTCCTTTCTCATCATTTGGTACCAGCGCAGATGCAAACAGCGTGCCACGGGCATTCTTGTGTAGTGGCTGACACTCTAAGTCCACACAAAGAACCTCAGTTGTACATGCCTGGCGAGCCTCAGTCCAAGATCAAAGCCTCTGAGCAGTTATCGCGCGCATCGAATCGATGGACCTTCACGCTGCGGAAGGTAAATCTGGTAGGTGACGCGGGGCGGCCAGTGGCGACGCTCCTCTGTGAAAGAAATCACATTACACTTATTCGCGTGACCTAACCGCCTCGCAGTTGCGCAAGAAGGTGACTTGATGTCCCTTGGGGAGTTCACCGCCCTTCATTATCTGATAAGGGGCGAAGCCGCCGCCAGGCCGATATCTCAATTGTGTGTGTAATAATGGTTATGTCGGGAGGCTCTTAGATACGGTATGGTGGAGCCAGGAGGGTGCCTGTTCTTAAGAATCACTGTCCCCTCAACTTCGACAGTCCCGCAGCGGATCAAGAATGAATCTGCATGGGTAAGTATAGCGGTCACCATGGTAGCCATGAAAAGCTGCCGAGCCATCAGTTGTAGTCCATAATATCAGAGGCGTCTTAAGGAGGTGCAAGACCTTAGCGGGCAGCTAGCCTTGCTTAGCTCGCCCGGCGAAGAGATTCGCCGAAAAGCGGCGCCGAAATCTACCCCGCAAAACAATCAAATTCGTATACTGGCAAGGACGGAAGATCAGCTTTAGTCAATTATGGTTATTTGAGCACATACCGCACTCCGCGAAGTACTTTTGACTATTCCAAACTAGTCAGGTGTGGATTTTCGGCGCTTGTTTATGGTGACTTCATACGATGGTCCTCGTCACATCGCTCGGGTGCGTGACGGTCTAGGGCGATGTTCGTCTCCGTTCAAAGCTGCGTTTGAGGTGGTGTTCACGCCAGAGTTGGGATCGCGTGTATAATACAGTTGAGTACTGTCCCTTTAGACTATCTCAATTGCAGGTGGTGCAGTGTAGATGTGGATCAAGCTCGCCTCCGCTCTGACCAATGCCGTGGAGAATATAAATCAAAAATCCGAATCCTGTGTATGGCATAATTCTTTCCACGTTAGATACTCTTCTTATACAGCCCACTTTACGAAGGGATAGTTATGAGTAAATGGGCAAATTACTTCTTCTCTGTTGAGGAATTATTGTTCATAGCCTCGGGTGCGATTTAGTCGCGATTGTACTACCT,1862,50.43,Saccharomyces cerevisiae
SEQ_642014,CGATTGCCATAACGAACTTTACCTCCCTTACAAAGGCCGCTGCTCCTGTGGCAGATAATCGGTCCATAACTCTGCAGATTTAGACTTGGGTTACTAGCTTTGTAGAGATAATTTTCTGTGATAGATTCGCGGGCCTCTCGGCAAACAGCCATACGAACCGTCCCACCCTGTGTGCTCTTGTTGAAATCGTGCTTACTTACGAGAAGGATTTACTGCCCGAAAAAGTGCACCGCACTGGAACATAAAACTAATGCAACGAATACTGGGACCGTAGTTTTTCCGGCGGGAGCCCCCCACCGGATTAAGAAGGAACACGCTCAATCGGGCCGTTGTAGCTTAAAAACCAGGACAAATTTAAGCCGGTACACCGCTGACCCTGAATGAATACGACCATCATCGAGTGTACCAAGTAAGATGCAAGGGCCAGTCTCGGATACACCCGGCGCCTGAACATGCCGTGATGAAAAGAAAACCAGTTCACCTACTTGGCGGTTGTACTTCTCGTCTAATGTGGACGGATAATCAATTGTCTTATCCTGGTGCTATCGCTCTTCTGTGGTATCAGCGTGCTCTTCTGTTCACAGCC,586,48.81,Homo sapiens
SEQ_411625,TCCATGGTACTCAGAAACAAGGAAAGGTCAGCCTCAAGGTATAACTCTGTATATTTGACACACGTAGTCTCGAAGGCAGCAGAGAATACGAAGGTGTATCTTTCCTGACGTACCCCAAGATAGTCATTCTACATATAAAAGAGGTTCTGTGAATCAACGGATACGGGTACGCGCTGTACACTCTGCACCAGCGACGACGATCATCTCCAGTATATTATGTTGTAAGCGCGTCGGTCGCAGTATCCCAGCTATTGCTGCCCAAACCAGACCGGTGTTTGCGCATGGCTTCAGCTCGCACGAAAGAGCGTCGGAGCGACCAAAAAAGGGTATGTCAGGCGTAACCTCGGGCGAATCACCGCGACACTGCCGCTGCTGCTATAGTGCGCTTTTGGCTGGGCCTCGATTTCAGGAGTGTATCGAGGCTGATAATTACATGTACTGTATCCCACCCGAAAAAGCGTCTCACCGGTGAACCCATTCAACAGGGCAGGTGTGGATATATTGGGCCTACTTTCATAACTATAGGGATAAGACTCGGTGTTGGCGTAACACGACTCGTCGTAGTATCAGGGCTGTCTTTAGCAGAGGTCATGTCGCATATGTGCGTCGGGGCTTCGCCGTGATGAACTTGCACAGTCTATTAAGTGGCCAGGAACCATCTATGGGATGGCTGAACTGAATGGAAGCGCCATGACCTCTCGATAATACCCGCTCACATCAGTTCATAGAGTAGACGCTTTGTCTCTGATAATCAATTGATCCTTTGGTAAGATATGCTGGATCTGTAAATTCTGCCAAATTCCCTGACATTAGGTAGCACTGGACCCTGATGTCTAGACCCAGGCATAGTCGCCAACGTCCCCATACAGAAGTATCAGCCAGTCTTTAGTATACCTTCGGTGAAGCGGGCATTCCATAGGGTAGTCATGGGTTCCCTCACTCGCGCCGCCTATATCTTGTGTACGAGAAGACGGTACGACTGGGCTTCAGGGTCGAGTCTGCTGACTGACACTATGGCCCGGGGTAACTCGGTATAGCTAGCACTTATCTCGGGTGTGGTAAGTGGTAGAATATGATAGAATGGGGCAAGCGGGTCTCAAGGTGTGGCGAGGATAGTAGATATTATCACAGCATACTCTCGGAATGACCGGGGCGCATCGCATTTCCGGTAGCACTGCGAAGGGTTGTCCCATATTAGCAGGCCCTGGTGGTGTTGCACTCGTAATTCCATTGTATAGACTGCCGCGTCTCACTTTCAAGTCTGTAGCCGCAAATGCGGTGAAAGCCGAACATGCCCGATAACTGCAAGTGTGCCAGAACCTGGTTTGACCCACTGGCCATTATCCAATACCGTAATGAAGGGGTCACTTTCTGCGTTAACTTATTATAGAAAAGAGTCATAGTCGAGTGTAATTCTCAGAACCCCAATGAAGGTTGCGAATCAGCACCTGATCCGGCCGGCGCGTAC,1468,50.0,Drosophila melanogaster
SEQ_167958,CCTAGATCCCCAGTGCCAGTCCAAAGATCACATTTGACACATGCCGGGATTAGTACACTTGGTAAGAGGCTACAAGTGTACACAGGAATCTAGGCTGGCGCGATTGACGACTCAGTTGTTTGGGAGAGCATGGCGATGATTCATCGTTCGGTCGGTAGCAGTCCAGTTCTCATAGCTATATACGGGCCAATGCAACGCCGTTGTCCACCACGTGTGGCAGTAAACATATACTGTGTTAAGCGGCTAATCAGTGTTATGTCTTTATACATACTTGCCGAACATAACACCCACAGGATAATAAGTTTAGTATCTGGAGTGGCGCTGAAGGTGATCTCGATATTAACGATCCGTAGTCATGCGTCAGAGGCTGACCACCCCTCCGAGTGGACCATTCATAGCCATGTGGTTACGGAGTGAATGTAGAATGCAGGCTTTAACCCAATAACGATAAAGTACAAATTCAGGGGCACAGCATAGTAAAACTGCTCATCCCGATTGCCGCGCCCCATCTATAAGTACGGTGCCCCAACGAGATTAGACTGCTAATTACAGTGGCACATATGCGCCTAAAGCAGGAAGGTCAATTTATAGGGTCTCCGTGTCTTACCTAGTTCAACCGGGGGCCGAAGATGGTGGGTAGTTAGTAATAGTCCAACATAGCTATGAGCCTAGCTTAGCTATTTTGATCTGATTAACCCAGCAGCAGCATTTCCTTGTACACGAGGGACCTCTAGTATAGCCCTCGTCCAGTCCGTAGCACTGTTGGTCGCGCCGGGCACTTGGCCGGCAATAGGTTCCCAGACGGTAGTTAACCTGTCAAACCGCTGTGTGAA,833,48.74,Arabidopsis thaliana
SEQ_887266,AACTCATTACTGCTCATCGAACTGTCCGGAGATGCTAGGTATTGGTATCCTAAAATAATTTGTACCGATTCATTAAATATTGTCTCGCGACTCTAACAACTAAGACCGTGCACTCACATAGCCCATTTAATCGTGTTGCTAATAGAAGGTGCGTCTTAGGCTCGAGCTAACAACAATGGATGAAATGGGTCGAACGTGCCTTTATACAACTGGGGTCGGTAAAAGCGACGATAATCCGAGAACTGGGTGACGAATCCAACGTCATACAATTGTCCGGGTTGCCTCGGATCAAAACACAAAGCCGGTTCGGCATAGACATGGTGACACCTAAATGAGGCCATAGGTTCGATCGTTGTGTCACCTATAAATCTAGAGGTTATTCATTAGAACGGACCTGGAAAAGGTGTATCGGTCATTACACTCAATCGACATTCAAAACGCGGCCTAGGCAGGCACATCTGGACTACATGACTAGCGGCCGATATACGTCAGTTCCTTCTCACTTTTGATGAATCGTCACATTCTCACCACTACTCTAAGGTTTAACACAGTGATCGCGAATCTAGTCGGCCTACTGAGCAGACGGACTCATCTCCACCAATAGCGCGCATACCGTATGTTTGTCGCGGGGAGTCCGATAAGGCCCATAATTAAATCAAAGAGAATCGCTATAACATCTACGCAACTCTCGTTGTGCTCCTATAAGTCGATTGGGATATTCCCAATGTTATACAATCGTTGCGAAATTGTTCAGAGAACTAAGTTGAGAGGTATGATGGTACCATGTCAACGGACACCCTCGATGGCGCCGGACCCACATGCTCAGTTCTCGATGAGCTAACCATTGAGACAAGAGGCTCCAGGTGCACATGAGTGCAATACTGTGTGACTGCGAGTAAAATGACGTGTCCGCGCTGCCAGGGGAAGTCTCAGGCCTGGACTATTCAGAGCCAACGGATGTAGGAAAAAGAAGTAGTCTCATAGCAGGTGAAGTGTAATACTCGCTGTGCGAGTTACAAGCGACATGTTTAAATCAAGGCCAGTATAGCGCGGGACTCGTCTACTACAACCCTGAATTGAACGATCAGAATACATAAAGACGAGCTAAGTTATAGCGGATTGAAGGCATTGGTCTTTCTAGTCGGTAGCGAGAACGAACGCTACGTTCCCTTCAGGTACGATCAACTTCAGACAATCGCAAGATTAAGCGTTGAGGCATTACGTGGTAGAGAGATAAACTAGGTTGTGTCTAATTCGATAAGCGAGCTAGAGTACGTCTACAATCTTTCTTCACGATTATCCCGGGAAATGACAGCGCTATTAACAGGCCTTCTTTTGTCTGCCTGCGCTTTCACCGGTCCAAACTGGCAGGGGCGGTCGAGAAGAGTACCCGAAAAGCTGATTATAACCCATGTGCTCCATTAAGCGTCTGGAGACCCGTTCAGAGCCGACTTCCGCGGGGAGGACCCGGTACTCTCCCGGATTTGTCTCCTCTCATCTGGGAGAGCTATCTTAGCGCAGACTGATATTCACCCTTTGGACGTCC,1546,47.28,Saccharomyces cerevisiae
SEQ_451532,ATCGATAGAGCACCTGTTTCAAAGTGGACGGCTGATGTGCTATCTCTCCTACGATCCTCTAATCCTGCTTGATGAACGAGCGTGGCAACGGTTCCCAGGCGTCGTGAAACCTCAACGTCCTGGGGTGCTCTATCACTTTGGGCAGGGAAGACGCACTAAGGATAGGGGATTTGATTTGGGTATACAGATAATTCCAGAGGTTCCCTATAGAAAACCGAGGGTCGTGCTAAGGTGCAAGTGGGCCTGACGTTCCTACTAAAAACCCCTTCGCTTTTTCTCAGACTTAACCCGAAGTGTGGTAAGGGGGCGCCCCAGGGACTGCCGGTCTTCATTAATGATCCCCCGATGTCGGTTAGAAAAACACTGACGAGGTCTTGTACGCAAAAGGATTCGGGTATGCGAACACTATCAGTCCACATGGACCCGTCCTTCTCTCCCAAGTAAGTATAGACTGACCTAATCCATTTCTACATACATTAAGCTATCCTATCAGAATAGACTGTAAAAGTAACGCCGTAAAGGTATGGTGCAGTTACTAGACAACTGGTTGCTAGCTGAGCCGAAATCACGTATATCATAACCCCCATAGTGCGGGGAATGTACCTCACCAAACATGTTCTCTCCCATTACGTACAATTAAAAAATATAAATTGTGGAGCGCAGAGAATGGTCCAACGGCCAGGTAGCGGAACATTCAGTGCCATCAGTAGGCAACTTTGCAACTATTGGGAACTGCTTTGGTTATACCGATCCCCCAAGGAGGAACCTCTTAAGAAGAGGCAGATCAGGTCCTTCCAAGATATCACCAAAAGCTAAGCCAGTCAAGTCATGTTGCTGGAAATCTGTAGCTACAATAGCGTGGAGTTCAAACCGAACAGAGGTAGGGCGAGAAGAAGACTCCATACGGATGCTTACTTGACTCCCAGTATTGTTCTCACATAGTGCACGAGCAGACGCTAGCTGCATCTGCGGTCGAAAGGATCGCTACATTCAAAATTATAACTACTGGCCTTCTTACCTCGGTGAGGTGAATCACTCCTCCCTTGTAAACTAGAGCATTCCCAGCGCAGGCAGTGCTGCGAAGTTGCTCTCGAAACCGCACCAGCGGCTTGTATCTGCTTGTCTCATCTGTCTGTCGCTGAGCAACAAATAATATTGTGTATCCGTAAGGAGTAGTATCCGTTGATCCCTATCTGAGAACCCATTTCACCCGGTCTGTTCATGCTCCATAGTGACACCCTTCGATGCATTTCGAATGTGCTATTGCGAGCGCGGTGCTCCTCCAATCTTTGACCTATGGCGGACGGTCGTTCCTCCTTTCGAGATTGCTATGTGCAAGGTCGGGCTGAGCAAGACGCAACGCACCACGCGCGGGGTTCGATGAAGAGTCACCTATTAGAGCTCGGGTGTAAGTGCCTTATTCTAATGCCCCTGCTACAGGGGCTGATTAATTCGCCCCCTACCGGCCGCCTCGAGCACGTTAGCAATTACAGACCAGGTTTGTGTAAGCTTTAATGCCGTTAAGCCGCCCGGCCATCGAGGAGGTCGGTCGTGGCCGTAGACGCCGGTTGTCGGTCGGCACGCTCGGGACCGAGAAGTTTTACTGCGATACAGCGGTCGCGGTGAATGTATACGTCGCGGCATTGTTAGCCTCCGGTTACATTTAAGAGGGATTTTCCATCAGTGATTCGGCACCACCAACCCACAAGGTGCTATATAATAGCTGAGGAACACAGTAACAGCACGGACCGAAGCTATTAAATCCTATACGCCTCGCTAACTACGGTAGAACTACGCGAGCAATTGAGTCTATTTGTGTCGACCGACGTAATTACCCTCTCAGGGGCCTCACATTCCAGTGGATGCGAATAATCGCACAACCCGACAGCCACGATGACCTCAATTTACCAAGTTTCTGACGGGGGGTCATTTCAACGGTGT,1941,49.77,Caenorhabditis elegans
SEQ_570768,TGCCCAGAGCTCTCAGCATGTAGACCGCTAATCATTCAGTGATGCTGCACCCAAAAAGTTTCGATTTACCATCTTTAATAATTGCGCCCAGATCCTGCCACATAGCCCTACGTCACTTGCACGGTTTAGACTGAGTAGTAATCGCAAGACTAGGCTTACTTAGCCATATTGGAATGCCCCAGCTGCACTTTGTGCGTACTCGCCACGCTAGAATGGATAAAGGACCTCAGGACCAGGCCCTTCAAAAAGGGGCGCCATCCAGTTCTCGATTCAGACTCTTAGTTCCCTGACCAGTTCAGAGGGAGGCTTTAATTGGCTGCCATTCACAGGATACCAGATCGAAAGCTGCCACGCGGACGCCATTAGCGGACCTGACCCGCTCACGTAAATCACTCAGATGCTAGAAGGAGCGGGCGTTTATGACGCTGAAGGTGTTGTAACGTGTCTTGACCCAGGCTTGCTATGTCATAGTAAGCTACGTTATAAGATTAAGCGCTTGCTACTTCGATGGGTAACTGGATTTTACAACGCGGATTGTAAGGTTCAGGTGCAGTACACTTACACTCCAAGAACCATCCGTAGTCCGCAACGCGTCAGGCCGATTTTGAGCAACCATCCGGACTAGCGGTCCTTACCAACAATTATACATACACGATCGATCCTAACTAGAATGAAGCAGCATAGACGGCGATTAACACCCAATACCACAGTCTTGCTGTCCATGCCCCGCCGGGTCCCCTTCCGTCCTTGACCAAGCCCTAACCCGACGTAAACCAGCGACTAGTCCCTTGAATGTTGGGACAATCGTCGAGTACAATCTTCTGCTGGTTCGTCTCCGAATTGCCAGGCACTGACGCGGGCGAGCGTCATATTTATAGCAGATTATCTCGTCCTTCCATTTTTCCGCCCGTTTGTATAGACGGCCAGGTGTATACGTGTATAAAAATAGCGGGTTAGCACCGGCTCACGGAACTCCGATAAGTTGCTAATGACTTATACTCGACTTTAGGTCAGCTGGATCAGCAATAACTGGGTCACCAGCCAAACGGCCTATCTACCAGCAATGTTCGTGATATGCCCATGCCGACACGCATATTATCGGTAGGCTAGGC,1112,49.91,Arabidopsis thaliana
SEQ_545425,ATGCCCCTAGATTGAGATAAGGGCGGGCCAGCGTTTTTAGACCAAGGATATATTTTCTGAGGCTTTCTACTCCTGCTGCTGCACCCTTGCAGATCAGCGATTACCATCTCGACAGGCTCAAATTCCTGG,129,49.61,Drosophila melanogaster
SEQ_688779,ATGTCAGTATATGCCAGGACATATGTGATTCACTTCGAGCGGTCGCTGCGCATATAGGAATACGGTAGTCTCACAACTAGAGTCCTCCGCCGCCGATACCGGTCGGGTCGGTGACGGGTTTACGCCATATAAATGTCTAAAAGCAATTGAATGACGTCTTCTGGCGATAACTGGTGGACCGGGCTACGCGCTAGTGTTGTGAGAGTCTCGGGTGAGTACCTACAGCGTTCTGTGTGGGTCTTCAGTTATGGAGCACTGACTAAGTTGTTGTAACCTTTCCTGAATCGAGGGTACATTCAGTTACCATAAAGCAGGGGGGGCGATGGTAACGGCTGTTATTTAGGGGCCCAGTCTAAGTCACCTAATCGCTCGCAGGTGCACATGGTTCGGCAATATCCAA,400,50.5,Escherichia coli
SEQ_509535,TCCTGAGTTGAGCTGGACCTACCGTACGCTGAACAGCTGTTGACTGCGATACTAAGCTCTAGTGCTTATGCTTCGATCTGGGGCATAGTTAAGGTTCAGGGAATCTTGGCCAAGTGTCGTCCACATGGTGAACACCCCTATTGTCCAATGTATGAATAGCCGGACGGCGGGAGAGGCCGTTGGTTTGATAAAGACTTCCCGTGGAAGGGTCTCACAATGAGACTTTAGGGCATTAGGACCATCGCGGCCCACTACTGCAGAGGTCAAAAACAAGGCTAGTCCCTCGACTAAGCCGGGGCGCACAAGTTTACAAGGGCCTGAGTCAAGTATCATTAATCCATGGAAGTACTTGCCGCAATTCTCCCCTAAAGGCAGACTCACAGTCTTGACAAACAGTGAAGTTAA,405,50.12,Arabidopsis thaliana
SEQ_597550,TACGCTCTGGTTAGCTCCCCGTAAGAAAGGGGATCTACCAAAGATTCCCGGTGCGTAGAACACATGCGTGGACAGTTACTAAGGCAGCGAAGGAATTTTTAAGTCGTGGCGACGTCACAACGGGCGACTGCACGCGCATCTCCACTCAAGAACAAGTTAGTTATACCAAATATTCCGGTTCTGATCCCCCATTATGGGTGCAAGACTCGTAAGAGTATAGCGAGTTCCCGCAGCAGCAGAGAAGAAACTTAGCAGCCTTACGTGCTACACAAC,273,49.82,Homo sapiens
SEQ_989160,GCTGCCTACAGAGCAAAGGCGTCCCTTGACAGTTAGTAAAGAGTTGACATCATAGACCTTCCCGAAGTTCTAAGCCAGTAACGATACACTCAAGTTCTTTACCCACCTACTGCCGAGGCGAAAATAGCGCCCCAAAGGAGATGCAGTTCTGATGCCCATACGGGATGGAGCCGTAGTTGGTTGTTCAATGCTCTTACGAACCCTCGTCAGCAACCATTGAAGCTCTACACGACGTCCTGGTATTCCGTATTAGTTGCTAAGGCGCTTGAACGGTTTTTCGGCCCATGGAATCGCGCCAATTAGGTCACGCCTTGGGATCTTAGTATTGGGAGACAAAAAACAGCGTTGGGTGTAAGCGTGGCAGTAAGGCAGAAGATTGAAGGGGCTATCTTCTCGGTTGTACGCTGATAAAACCCCACGACTGCCAGTTTATATGCAGGAGGTGCGGCGCCAAGTAGGGCACGCGTACATGGGCCTCCCCACGTGGTTCATGAGAAGTCAGGTGGCGCGTGCGCTTCAGGTATCATTCTGGGCTGGAGGTACCTCTTGCGGTGATTCTAACTGAAGCTGCATCCCTGCTTCACGCCGCCGCTAGTCCCCACTTTATAGTCGGAAGTCAGGACGTCACGTCCCACGAAGAGTCCACGGTGCACGGCCAGGTGTATGGTCAGGGTAACCTTTCTGATCATTCCCTGTCAGTCTAGCCCGACACGTCCAAGGATAGCTCGACTTATTTTGCTT,741,52.5,Mus musculus
SEQ_819120,GTGCGCATGCGCACTGACATCTACGACAGGGAGTACGCCTCATGATGGCTTGTAAGAGCAAGGAGCTTGAAATACGAGACCTGACTTGCCGTAACCCGGCTTGGATGCGCTAAGCTCTCTATCATGCCAGTATGCAACTGAAGGGGTTCATCTAGCAACTTAGCCGTTAGCCGGTGTACGAGTCTTGTAGCCATCCATCACACTAGTCGATTTCATATCGTCCGGTTCCGCTGTGCCGACCCCACTGATATACGATAAGAGGTGGAACACGGTCGATCCAGCAGGCTCTCAGCAGCCCTCGTTGTGCACGAATGGCGCTTACGTGAAGTTGGTGCGTAGACGATCCTACGAGTGCTTAGCACTGGGCTAGACATTAAATGCTTTGATTTGGCCAAGCATTATATGTCCTTGGTCAGTGGGGCACGTTCCTATTAACAGGGTGACTACGTCGCGCGGGTGCTGAGAGGTAAAGCGATTCCAGCCCAAGGGGGTACAATACCCTCCGAGTTGCATCG,515,52.82,Caenorhabditis elegans
SEQ_528718,CAAGGAGTAGGGACTCGCACATAAGTGATACAATAGTTCCAACTATACGTATCATTTCGAAAGTTCCGAAGCACGCGCTCCGAAAGGGTCCGG,93,48.39,Saccharomyces cerevisiae
SEQ_647317,TTTGCGCTTTGCCGTACCTTGAAGGTAGGGAACGGGCTGCCTATGTAGAGGGAAGAGGTGTCGATTTGTCTGCACCGAAACACAAGTTCCCGAAGTCCACAAACCAAAAGCTCCGGAATGCCGACGGTAGTAGCCGGACAGGTCCTAGTGCGAGTCAGCGATGCAAAGGGATCCAAGAATGAGTTGGAGGGCGCGAGGGGCAACAAAATAAATTTTGCGGTTCCTGCATGGCGATCACCTTCGGCTTTCGGGTCTACGGTGGTAAGGC,268,54.1,Mus musculus
SEQ_453510,TACACGACGCACAGTACCCGACTAATCACGCACTAACTTGACAATCCGTCGAGATTATAAAAACACAATTGAACAACTGATCGTATTAGCGCATTCCCCTTCGTGGGAGATCACGTGACCATACGCAAAGAACTTAAGTTCCGTGGCAACCTACATGAGGCGGTGACGCTTCATACATGCAGACAGGACATTCAGCTTGGTCCTAGAAAGAACGAAACCCCGTATCACAGTTTCTTTGACTGCATCGTGGCCTTCACCCGGCGCTAGTGCCTACCTCCTGCTCAAATAGGACTATACGCGGTAACTTAGATTGATACCAGAAGGCCGTCCAACCAACCATCCTAGCCAAAGTAATACACAAGCTAGATGCCCAGAGTCCAACCGACTGCCTATTTCCTGTCTCATCGGGAGACCGCCGGGCAGGGTATCAGCCTGTTGTGGCCAGCGTTGTGCGGAGTAACCGCGGTCTGAGACAATACCATCCCCCAACAGTCGTACGCGAAGACAGCAGTAGGATTATGCACTTAATGACAATTTAGGGCTGGAGACGAGTCGTTTTTCAAGCTTTGTGCAACGTGGT,580,50.0,Mus musculus
SEQ_999456,GAATGTCGGAACTTTATTATAAGCAGGCGCCAAGCTATGGTGGCGTTGTATTAAGACACACTTTAGCACCTAAAGTTATTCAGGAGGGTTTCCCGTAATGTCGTGGGGAGTATGAGACTCTGGTTCTTAATGCGGTCTACCTGATGGCTTATCTAAGACTCCTCTGAACGGGGATAGTATCAGAACTCTAATGGCGCAAAATTTAGTTTCCCTGCTGTGTGTGTATGTCAGCTATGTGTAATAGACTGCGTAAACAGCCCAGGTCGTCGTTATTTGTATCCGGATACAAGATATAGTTGGGGATAAGACAGGCGGTCTATAGGTGAAAAGAGAATTTGACGTGAAAGTAGTGCGCCTCTCGCTAAACAAATGAGGTACTTCCTTCGACTCGAGGCGCCTAACTTTTGGCTGGATTACAAGCGGTCGCAATGTAAGTACTGTGGGCCGTAACTCAACTCGATCAAGACTCAAGCGGACTCGCGTTAGGCTTTCTACTAGAAACAACCCGATGACCGGTAGGAATGCGGGAGAGGGACAAGGAACGCCACCAGTCGAACCTAGTTGAAGTGATGCCAGCTTCATCGCATGTACGTGCGCGGTTACACAGCTTTTATTGCTGCTTAGGCCTCAACTGCCACACCAGACCTGATGGATGGGCGGAGTGAGTAATACGCATGACTGCGACAGAAGGAGGCTACAGAACGAGTGATAGGGTAAAATAAATCATCCAAGAGATAGGTGGGGTTGGCGGGTCGTCTAGCGTGACCTACATGACCGTAATGACAACTGGTGTGATCATCAATCAGACTTCGGGAACGGTGGTCTGCGGCTGTCACTACTAACTGTCACTTATAGGCCAGTACTAAGAGTTATGGGTCGGATTGTAACACAAGGTTCGAGTTTCATTTAGCAGCATAAGGACCACTTCTACCGTCGTCGTTTTACCGTTACGCAGCCCCAGGGATTTGTAGTTTCTGCCGTGAAAGTGTTTCACAGACAGTAAGCCTGCACCAACTTCGGCATGGCAGAAACTGTTAAGGGAAAACTACAATACTCGTCGTATGCCTCCTGGCCATCGGTTAGTAGCTATCATGAGACAATATCGTCTTGCGTCACTGGAGCATGAGAGTAATGGTTGACTCTAACGGTATTCTGGTGACCCCATATAAGGGTCCGTGACCGTGATAGGTATGTGGCACACTCATCTGCTAGTGGTCTAATCTAATGCGACAACCGCTATCTGCCCGGTTCAGCTGAGCTAGCTTTTACTCCCTCCACTACCATCACACCGGCTGCACGCCACGCCGGAAGTCCGCACCACATGGTTTGATCAACTGGTTAGCCACCGTCAGGGGACTATGCACAAACTACCGTGAGGTCGAGTGTCCCGCGATAAGACTCAACGTGGTGTTTGAATTTTAGAGCTTGGCACTTTGCCTGGCTACACTGGGCAAACCTTACATGTAGAACACAAATACCTTTCCGACTCGAAGGGATAAGGCTGGCCAAGTATACGGCCCGTCGAGCTTCCGTTTCTGGCGTCACCGTGTGAATTGGTATGTAGGTTAGGCGCCGGTCAGCTGTGATAGTCCACGCAAGTCACGCAAGTCGATACGACTACGACTTTTTTCGTATACGAGAAAAATATTTTTCAGCCGTACTACGAACCATCTTATGC,1678,48.75,Arabidopsis thaliana
SEQ_214783,TGGATGACCTGGGGGATGAACAACAATTGGCAGTCAGCTCGCAGTATGGCCACAAGATCAACATCTTAAGCGCCTCGTGCTGTACTCTGTTTAGGGTGTGTGATTAGCTTAGAATTACATTCGCACTTCTCCTGTCCAGTGTTACGAACTAAATTTCCGTCACCAATAGAGGGGCTCAGTCGGCTATTGTTCTGTGTGTCTCCAACGACTTCAAAAATCTGTGCTAGACGGCTATGTTTGCAAAGGTGTGTATAATGATTGTTCTACTTTGGAGGGAAGAGTACGAGTCACTATGCCGTTTCATCGTGTTTGGTCAGGGCTCCTAGCTCTGGCAGCGAGGTAAATGCGAGGTCTGCCCATGCACATATGGACTAAGAATCCCCAGGCCTCGAAAGTACGGAATCCAGGTTAGTCACATCCGGTGTTACCACCGGGTATAGTTTCCTCACGTTCCAGTTAAGCCGTTGGCTCTCGATCCCCTACTGACAAGTGTTGTAAACAATGATGAAGGTAACAGGCTCGAATTATCCTGCATGTAAGACTACGCAAATCTGGAGCGCTACCCCCCCGGCCCTAGTCGGTCCCCGATTCACTTTAGAAGATTAAAGCAACTAGTCACTTCTTCTCGAATAAGTACCTGCACCTT,646,47.99,Arabidopsis thaliana
SEQ_658437,CAGGTCCTGAGATGCCTAAGCCGTCAACCCGGGCCCCGGGATGTTTTAGTACTAGATGGCATGATCACGGAGTCACGAACAAGGCAACTTTTGAGAAGCTGTAATACTAAATGCAACTTAGCCTGTGTCTCATCCACTCATAATCAACGTTGGGGGTGATCCGATTCTGCGCATTATTGGCTAACGTGTACCGTGCGCTCGCCGCTTGACCTCTGTGGAACTTGAACCAGGAGATGCCTCATACAGAGAACAGATGTACCGGAACGGGCTACTGCATTTCGACCTAATATAATTACTCTAGAGGTGTTAGCAGTATAGTTCCCACACTGAGCCATCCGACTCAAGGCGGCATACCCCTACTTGTTGCTCCGCTTGCGTAGCCAGAGTACATACAGGACCCTCAGGACTATTGTCAGCCATGTGATCTCTCTTCATGGAAATAGTAAGTCGGGGTCGTCATCCCACAACGAAATCAGTATGGGTTGTGTAAGAACAGCGAGTCAGCATACGGAATCGTATTGGAATCTTCACGAGACGTTCCGAACTGGCTACACTTTGAGAGGTTCCCACACCTAATCAGCCAGTTAGGTCAGACTCGGGGGGTCCGAGCTAAACACTAATTATTTACTTTGATACCGCTTGACAGGGAATGGAGTCTGTACCTCATGCTTGTGGAGGACTGACCCTGGAATTAATGGTAACTTGGGTAATGTTTCACCCGAGGCCAAAACACCTATGAAGCCATTTTGTGAGCAGATGGCCTATGAGAGGGAGCCTCTAGTGTACACCTTCAACGACCATTCTGGGTATTAACTGTTCTTGGACCGTACCCGTCAGGCCTTACACGCAGCATGCCGCAGTGTGATACCTGTGGACATTCCCCTGTTATAGGTGCTTATTCGTTGGCCGTAGTCCCTGCAATAGTGGAGCAATTCTAGGCATAGAAATTTAAACACCCTCGCGGTATCACACCGTTCGATAGCAGGGAGGACATGCAAAGGCTGGGGCTTCCTATTGAACGCGGATGTACGAGAGCCTTCATATTTTATCCCGCCGGGTCCAGCTTAAATAGGGATTCGCAAAAGACTACCAAAAGCAGATGCATCACAAGAAATAAATATAAACTGCTCTGATTCTGTTAGATTGCCCGCACCAGTTTCTAGACTGCTCGTATTCCGCCATCGCGCCCACCCTCCTCTCGCGGAGTCGGCCGCGCCGTCCCAATCTAGACCCCGATGGACACTGCTCAGCAACGACAGATCACCATGAAAACTTATGTGTATAGCTCGGTTCCTCTGATTCTGTGGTACTCGTAAGGCCTAATCGTTTGATATGTTTTTGGACTTCCTCAGCGTATACCGGCCACAGGTAAAAGTGTTAGTCACGCGGCAATGGCACCGGATTTTAGCCAGATAGAGCCACCGAAACTATCTGGCTAGTCTTATGGAAACCCGCTGCCGGCTCCGGAGTCTAGATCAAGATGCATATCGTTCGGCCGCCTATAAGGTATAAGACTACCCGTGCAGTTATCAAATCTGAATAGCTTGGTCTATACTATATAGTGATGCGCTCGCAAGCGGTTTAATAGCAGGTAAGCTCGCTCATGTAGAAAGTATCGGTCCAGATGAGACCACCTGTATAAGATATACGCGCAAGTGAACGCAAGTTACCGACAAACGTTTGGCCCTGTCATAAGCTCTTTTGTAACTTATAGGCCTGTGAGTGTGTATTCGGGACAGGGGGATTTCCCCACCGTACAAGCCAATTCATAGCTCTGACGGTGAACC,1787,49.02,Homo sapiens
SEQ_643352,GTCGAGTTCGAAGGACGCGCTCCCTCAGTCGATCGGTGCCCGGACAACGAGGTATTCCCACTATCCTTCGACCGCTTGGTCTCGACTCTGGCTTACATATATGCCAGTCAACTTGGTTGCAGGGGCTTCGAAAAGCAGATAACCGACGTGGCAATACGGTGGTTTATCTAAGGGGCGGGACCAAGGCTCTATGCGTTGACGCATCTACCAAGAAATCTGCACGGTATTGGGGCCGATAATTCGCTTATCTCCGATACGTGGCCCTATGTGTGGAGATTAGTGATAAGATAAGCAACCACACGTCGAGTTGAACCTTGACGGCAGAGCTGTCTGCTCAAAGATAGGCAATGAGAATGGCACCTCAGGAGCTCCAAGAATATCCTAATCTAGGTCAAGGCTAGACTACTAATCACGCAAGAGTACGCCCTGCGGCATCGCATACCCTAACGAGTAGGGTGACATCGATATGACCGTCCTCGTTGCGTGTCCGCGATTGGGAGCGATTGGGGTCGTCAGAAATTCCCGATTTACCAAGTATCGGTCATAGGACTTTATACAGGCGGTATTCCATCGAGGGGGGGAGGAACGTCTATAAGCACAACCTCCCCATACCCTCACTGTCAATATCGAAACGTAGGTTAGGATTGGCGATACCAAGTGCGAATAAGGGCAAAAACACGATGTCCATCATTAACGAACGATGTCACCCTTTTTTCACACTCGAAAGGCTGGTTCTGCTAGATTGTCGAAGTCAGATACGATTGACTACTTCGATTCTGTGGCGCTGTTTCAAAGCGGTTTTGCTACATGAAGGAATAGGCCTACCGTTTCTTCCTTTTCGTAGC,845,49.82,Mus musculus
SEQ_398002,TACGGAATAATAAAGTGTATAAACTCATCTTCGATACGGTCCCCGAGCGGCGATCATGCGCAGGATTAAGGGGTTTCCTTGCGGACCGCAGGTGTCGTCTGAAATCAGGGGCCACTTCATCTCAGCGTGTTAGCATTAAAGGAATACCCCTTTCTAAACCTAATCAGGCTCGAATCGTGAGTGCATCAGTTTCCGGTATAAGTCTATGATTGAGGCTGCGTTCCTGGGGCTTCGAGCTGGGGGGGTGGGTCCAGACGCAGTACACGCGTACGGCTGGGATCTTTCTTCGCATAGTGTCCTTGATGCGAAAAGAGCGTACCCTAGATATAGGTTACGTAGGACTGATAACGATCACGCACACGCCCGAGAAGCTGCCAGTTCTAAAATGGGGCCGCCTTGAGGGTAAAGGTATGACTTTAGACGGTGACTCTCTAACAAAGTTAGCGGTGGTACTTAGTAGCCAAACCTTCGTATATGTTGGAGCAGTCCAGGGCCGTGCCAATGCACGGATAACAACGTATGGAGCGTCGGTGTAGTTGTGCCTAGAGGGCTATACCTCTCTCTTGATCATATAACCAGTATTATACAGGGGCTTGTTAATTTTAAGTGCCATGAGCCAGATCTGCTTGCCTGACACTGTGGTCTATAGGCCCCCTAGTGCCCGCACTAGCATTGTACAAGCTGAGCACTCAATAGACCATCGCAGTTCTAGATTCAATTATTTGAACTTTCAGTCGCCAATGAGACCCCACGCCTTTTCAACTGTACCTGGCTAGTGGGAACCTGCCTATTTGTTGATGGAATCTGGACCTCATACTCGCGGTAATTCTTACCCGATTACGAGACCCTATTTATTACATATGCCTCCCAGCGCACAACTTACAATTCGGGTAGCTACAGGTCGTTAGTTCGAGCAAGCCGCGCGTAGCCACCCCAACGCGGGATCAAAACTAGTGCGGAAAGTTGGGAGAACCGTTCAACTGGCCAGCCAGTTCGATGCATCGTGTTGTGGGGACGCGTACCAATACATCAACCTAATATATACGCTCGGCCCGTATCCAACCGCCTATGCCCGGACTAAGCTCGTGCGAGGGCTAAGGAGCGAGTGCGTTATCTTCCGTGGCGCGCGTTGCCACAACCAGAGTTGAATATTCAGGGGCAATGTGTGCCCTCTTATAGGTAT,1183,50.46,Escherichia coli
SEQ_361448,TTACAACGAGGGGACGCGTTAACATAGCCAGTAGGGGCTGGCTTAACACATTTTTGGGGAAACCTCCACGCGCACCGCGGCGCATTGTAGCTTTCAGTTAGGATCTAAAGCTAGTGCGGAAAGGTACTGGACGCTGAGCTAGTCGACGCAGAGAGTCAATCACACTGAGATGCCCACACGTTACTCTTGATCCTTGGTGTGACATGGTTTACCCTATGTAATTCCTTTCAAGGAGCGTGGTTACCAAAGTTCCAAAATGCGCAGGTAGTAAAGCGACAGTCGCAAGAACTTATACAGCCTTGGACTATATCCGGGTGGCCAAGAGATCGCATCGCCCCGCCTCAAACTACCATGCATGTCGGTGCTGTAGTCATGCCTTGCCAAGAGAATAATGAAGGTTCAACAGCAACTCACGACCGGGCCAGCTCGCGCAAGTTCGAGGAACGGAAACTCGGCACTGGCATTCTCTTATTCCAGAGACCTTGCCGAGCTGCGCGTGAGTAATCTGACCGCCGTCATATTCACAGCCGCCAGCGCGTTCGCCAGCAGTTAGACGGCCATAATAGCCTCCAGATAACAGGAGTGATAGCCGGGATGATGCTTCGTGAACCCCGTCACTGGGCATGGATGCGTACAAATGTGCCGCTTCCAGTGAGGATGCCACGTCCCGAATGAACAGACATAATGAGTACTAATTGTTACAGATGGCGCTTGACATCCCCCTACCGAGTTACCCTGACTCTTGGTGGTAACGCGCCCTTAATTTGAGGGATGATCTCGAGCACTAGCACCTACACAGCCGGTAGATCGACCACGACCGATGGTGCGTTTCGGCTATCACGAGCTATAAGTTTGAGGTCTTTACTGCAATAGCTGAATTGACTTCGCCGACGAGATCGTTGAGACTAAAAACTATGGATTTCTTATGGCATTCCAATGTACATCTCCTGTTGCGAAATCTTCAACTAAGTAATGAATCGTGCGAACATCTCAGATTCCGGGAGAGTCGGGGATGACTCATGCTGGGCCTTTCCCGCGTAGTAAACTTTCTTCCAATTAAAGGGGCGTCACCTCTAGTTGCAAACGAGCATTGAATATGCCAACTACGGCGCGAATCTCGCTATACCTTCGCGAACTCAGCCCCAGGGGGTTTTTGTCCGGGCATGCTACACTTGCGCTCGCTTGGTTGAGGTAGAATATAGGCAATTCCTTAGTAATTATCCTAATCATTCCGGCCAGAACCCATCCAGATAGGAAATACAGACAAAATTTGTCGCATGAAGGCTCGCTCCGGACGGCGCAACTTCGTGTACTGAAGTCATCGCTCGGGATTCCGGGGACCCGCGAAACACCATCCATTTACGGCTAGTGTAGGAGTTCTTGCGAATCTCCGAGGGGCACTGGAGATCAATCAATGTTATTGCTTAAACTGGCATGTGGACATATCGCATCCGATTCTTTGGTGCCAGGTGTAGCGGAGTGCGCTCATACAGCTGAACGCATAGAGCTCGCGACTTTCACCCTTGTGGAGCAAAGTTCTAAGAATTTAAGCAAACTTCTCGGTCTACCCGCGTACCCCTTGCAACCATCGAACCATTGACGGTCGCACCCTCGGTAAAGAATCCTAGCAGGTCCAATTGAGTTCTGAACGGGGACCAGTAAGTCGGTTCCAAGGTGCCCAATGGGAATGAATGATGCTTAGTCACGCTTATTGTATGATAGGAGCCGCGTTCCTCTGTACAGGAAACCACAAATTACAATACATCAGCCTATATAACATCTGCTCCCAAAGTAGGCTATGGCGTCGGTTACCTTGATCCTTAAAAAGGAGCACGCGACGTAACCCTGATGTTCCATTCGTAGGTCATTCCAAGCTTTTCGCTCGCGTTTAAGATAA,1897,50.03,Arabidopsis thaliana
SEQ_213913,TGGAGATGCCGTCGGTGCTGGACCCCTCCTCAGTCACTGGTAAAGGTAGTCCTAGTACGTAATACCGATCTGAGAATCTAGCCTGCTGTCATTCGAAAAGCACATATGTGACAGTGGATGACTTCGTAAGGGGATGGTGGTTTGAAGCCCTGGTTGCATTGCTTGCTACTCGGGGCAACAAACGAAGCCGAGCCGGCTAAACTGCCTATGTGAGGATTTCAGCACGGGTTTGTCTTCGTCTGTGCTAAAAATCGTTGCACTAGTGCTACTGCGCATTATGTTAATATCTCGTGGACGCGTGGCCCCATTCGACGGGTGAGTGCATGGCACGTGAAGGGCGGTGCCTGAACGACAAAGACATCGCACCTCGTAGACGGCAACTGTTTTGGACTTATTTCGGATTAAGACCGTAAAACGCAAGCGACAAGCCCTTACGAGACTGGGAGTAAATTCTATCCCCCTTTTTCGTAACAAGCCACTAGTGGCCTCGAGAAAATTATTAACATTACCTCTCTAGACACCACACTGCGAAATTCGCTGTGCAGGAGAAGGGCGTGGGAATCATTCGTGGCGTATCGACCTTTGATTCCGAGCCTCGCAATATTTTTATAGTCTCTTCAGATCGCATCGACCTTCAACTTGTAACGTGGTTCGTTGAGAAATCCTGATTCTACGACGAGGGGAATGCGAGGGAATGAACTATCGCTGACAACATCGCCGCCATGCGGGCCTAGACTATCTAC,743,49.8,Homo sapiens
SEQ_646809,TATGTCCGGGCGGTTATGAATTGCACGATGTTAGCATAGTTAGAAGGTCCCACTGCACCGCACTAGATAGGCGTCCTGTCACTTCCCATGTTTAATGACCACGACTAAAGGGACGCGTCTGTAGGGACTGCTTGCATTTTTTCCAATGATGACAGGGAAGAGAGGACGGCTCTGCGGACTCGACCCTGACAGGATGGAAGATTCATAACCTTTGCCGTTGCAGACTCACTTCCCTTATGCTTTGTAACTCTAGTCATTAGCGTAGCGCAATTACTGGGTAACGGCAATAGTGTGTGAGTTGCGCGGTATAACCCGCCAATTCTTTTTAACTGTCTGAACTATATTTGGTTCATGTAGTGTCTCAGGCGCTTTCACCTCTGAACACCAATGATGACCCCTCTATGACGATTCGGTTTAGGAAACCGTGTGTCTTCCGATCGTGACGTTAAAATCGTCCGTCTCTGGCTGCAAATCAAGCCTTGGGCCCCACCAGCGATCGGTTGTAGCCAAGTTAACAGACTGCATCTAGGCGGCCTGCTTCTACACGGGTACACAGCGGATCGTTACGCACGTTCATTTCAGACTCTGACTTGACGGCGGGCGTAGGTCGACGGTTCCAAACCCCGGAAGTGGACTCGTGCCAGAGATCCGGGCGGAGCGTGTTCCGCGATGCCATCTTAAACCATGGTTATACCGGAGACCGAAGCTTGACCCTGACGGGAGCCCTCCGTAGACGCGTGGAGGGCAGAGGAGACGGGCCGTACACCTGCAACTAGTCCATTTACGTATATAGGTGATCTTGGCTTTTGTCCTGGCTAAAACATTCATTATTTGCTGTTTATTACACTCAAAGGTATCCTTTCTTAAACAGCCACGGAAGGTGCGCTAGTGATTCCGTAAGTCGCTGGTGAATACTATCGGGCGAGAACAACCTCCGCGTGGTTACGGGTTTGGGGTATTAGTCAGGAAGCAGAGCCTTTAATGACGGTCGGAGCCCGAGGCGACGCGAGACAGATGTGGTGTCTTGGTAGCCATTGATCAACACGTGGTTTCCCCCGACCTCTGATCGTCACTCTCTTTTCGCCCTCTGACTGCAACTTCGCCTAAAGTTCGGCGGGGGGACCTTTGATCAGACAAGATCGGGCAAGTGACTTTAAAGGTCACTTACGTCAACCATCAACCTAGACGTCCATAGACTCCGTAATCGTATTAATTCCGCGTACCGAAGATGTCCGTATGATCGTAAGGACTGATCGGGGTAGAGAAAACCTGGATGAGGCTGTC,1284,51.09,Drosophila melanogaster
SEQ_920616,TTTACTTTTCCGGTGTGTATACAAATTATGTTGCGTGCAATGTAAGCTCTCTACTCGTTAAGACGGTTGCCTCTACTTACAAGCTGGAGGTTCGAGTAGGACTTCGTAGTCGAAAACGAGATCAGCGACATCAGGAGATGGGAGACCACAGGGGCACGGTCGGAGACTTCCCTGCCTACCCCTTTTCCATTTGCCACCAACGCTATGCAATTCCGTTGTGGACACGGATGCCTTGAGTCATTAGGCCACCTGTGATCCAATGAGAAAGGAGCCCACGTTCCCAGAAAATAAATTGTCGTTCGTTCATGCGGGTTAGACGGCACGTACTGCCGTTGTCGGTTCGGGCGAGGCGGTTAGGACGAGTTGAATGGCCTCTAATCTCTTGACATTTGAGGTTCTTCATAGTCGCTCGTCGTGGTTATCTTGGCGCGCAGAGCGACCTGACAGCTGCCACCTTGGAGGCGGCAACGCTAGTCATTGATGGTTATCAGTGCGCTAGCGAGCTTCACCTTAGTCCAGTGGCGCAGTCGATCATTTCGAGAGGACGTTACATCGTATGCTACCGACTTTCTGTCCAGTGGACTGACTGATGTAGCACCCCCCTTACAGCCAACATCCGCGTGCAAGTTGTAGGTCGTACTAATAAGCCAACTGGGCGCATCTGTCTACGCGGGTCTTGCGCCCTCTGTTAACTAAG,697,51.94,Drosophila melanogaster
SEQ_333345,TGGGGTACCTACCCATCAGAGTCTCAGCCCGACGTCTATATGAGCGAAAGGGTGAGGTCATTATGGTTCGCCTAATAACGCACTCTGTCCGCATGTCGATCGCCGGGTCGTGGGGTGTGCCCGGTTCCTGCTGACCTCTCATGGGTACAAAAAAGACCATGTGCATACGAGGCCCACTCGGAATCCATATGAGATGCGCAGGAGACTGTATCCTGCCCGCTCACAAAATAGGAAGTCCGAGCCACCTGTGGAGTAATGCCAGTTCAAGAACCGTCAGTACCCCCGGACAAGGATATCCCGTGTAAAAGGTCCTGGCAGGGAATCATGAGTTAATAGGAAACTGGCATGTTCTTCTGATTTGTGAAAGCCTACAGCATCGTCCTTACCTGTCGTGCACGGCTACAGTCACTACGCCGGCTCTAAACGATGGTCGCCGGCTTTCGGTGACCGTCTACTGGAACTTAACAATTTAACCCTGCGAGTTTAGTCACAAAACGGGGCTCCACCCAAAAACGCATTTGCTTCTTTAGTCGAATGCATTACCCCGCGCTGAGTATGATGTATCGGGACGCCAAATGATGCCAGCGGCCCAGCTGGAGCACAACACCTTATTGGATC,618,52.43,Mus musculus
SEQ_909797,ACATTCGACAGAAAATATTTCTCGCATGCTACCAACCTTAATGAATGAGCATACACCCCCTCAAAGACACGTGCTCTTACGAGTTACCCAGTGAGACAAGCACCTCTCCTGTGTGGCTTGTAAATTCGTCAATCCGAGGGCGGTAGCAGTCCTGCTCGTAGCTGGCTTCGCATTTCAAGCGCGCAATTGATTGTATGTTTCCGAGTTGTGGTATGTGGTGCACTTCTTCTATTAAAACCGGAGAGGTTGGCTACGGAAATCGTATCTTCAGGCGTGAGTACTCAAGTAGTCCAAATCCGCAGTCATGCTTGGGTAGGTACTACCTACGACCCATATCTCTTTAGACACCCATCTTCCACTCCACTGCGAACGGAAGATCGCGGACGGAGACGATGGACCTCGGAGCCGCCAGCGGAAAAACAAATTAGTTAATTAGGAACATGCCCTGTAACGTTGGCTCAGTAAAAACCGCGAACAAAGCGTCTTACGGATTGATACCTGGTCGTCACGATGGTTCCACAGCTCAAGGTTTACTCGCGCTCCAGCCGTTGAAACCCCATTTAAGGCTTTATCGTACAGGTTCAATGAACGTGCCAAAAAGGTGTATCGTGTAGAGTGCAAGGAGTAAGGGTGGATCGTCGACTGTGGTGTTTCCGGAAGATGCGACGTAGTAGAAGGAAGCACGTATCTTAGCAAGCCTATAATTCGAGGGAGGCTTACGCGCTGTCGGTAGGACCAGGATATCAACTATCGCTAGAACGAAATCTCGTATGATTGTAAATACAGTTATGCTTGGCGGCTTCCTTCTGGAAGTAAGCTCCTGCCCTGTGCAAGTCTGTCATACCGGCTCGCTGGGGGATCGGGAGGAGGGACCCTCATAGAGGGTCAACCCTATATATTGTTATTTATTTTGTCTTGCATCGCAGGGACGTTCTTTCCCAGTTGTTCTATGCCATACCTTCTTTAAGGCCAACTTTACTACCGACTACTGCATGTCTGAATAATGCACAATGGGCCCCAGGATTGCTATAGTGCACTCAAATGGAGATAGTCTGGACTACAAATATTTGGAGGGACGCGTCGAGTGAGCCTACGTAGCCACTGACACCATTTGTCTGTCACTATTAGGGGCATGCTTGTAGAGAAAAAGGGATTGTGCATAGCTAAGATGATCTATACCCGACGCAACGCAATTAAGGCTTTAACATTGACGGCACTCATTAAGACGATCAGTGCGACTGACATGGAGACTACGGTGTGCTATTTGGCCAGTAGGCATCTAATAGTTTTACCCAGCCATTTTATCACTAAAGTCCCGGGTGCTCCAAATCCTAGGAGTGATTGGGCGTCAGACATTCACGGGGTAGACTATCAATAGGTTCCCCCCCAAACCCCGCCAGACAACCTTGCGTCACGGGTGTGAGTAGCAGCACATACCACCCTAGAACGGCGCTTTATCGGATCGAGATCGCACATCCCGCATGGAATAACTGAATTGGGCAGCTCTGCTCCGTCCACAGCAGTCTTTTGACTTTTTCCATATGCGTGAAACATTGACGATAAAGTGCCAACTGGGCCACGGGAATATCTTGCCATAATATACCAAGTAGCGAGCATTCGCATCTCTGGGCTCTGTACGTGCTGATTAATTTAGAAGCTCGCACATCATCCTTTAGTACCCTCTCCCCTCTCAGACTGCTGTCATTAGCGTTGCGAACCAAGGGGAGGCTTTCGGGCTATTCGTGCGTACATCTCCCTCTCCGGGCCAGTACTTCCGCTCAGTCCCTACGATTGCAGATTAAGATACCCGATAGCACAAAGCCATGGGCGGGGAGTCATAGAGAACAGGATCACCTGGAGTGGGTGGAGCTTACCCA,1877,49.12,Arabidopsis thaliana
SEQ_961330,TCAATATGTTATGAACACGAACATTATGGCATCTCGCCATTGCGCGTGGCGCCTTGGGGCATAGTGTGACCTCTTTTCAGAGGGGCACTCGCCTAAGGGCTATTGTGGTCGCGTGGCTTCCGCAGCATGCGACCCTTAATCACATTAAAGACATAACCTCGTTATCGGAGGTATCGACTGTACATCCGCAGAGCTTGTGATGTTATTCGGACTTTAATCGCCTCAATGAATCAACAATAGCTACGACCCGTCGCAGGATGCCACCTCCTTATGGAGACTCACGGATAGCTGTGTATGCTAAGAGGCGGGTCCGGATACGTCCTTCCTAACAGTCGTGGGGTAGTAATCAGTGCAGGGTCGACTAGCCGCAACCTCCGCAAACTATGTCGGGTGCAACTGAGTCCATGCTAGAAATCTTGGTGAGTAGCAGTTCGAGCCATCTTCGCCGGACCCCTCTGGATATCGCCGTAGACGTTAGGAGGAGCTATCTACGCCCCAGTGGATGATCGACTGAGCGACCCATCGAGACCAGGAACCTTATGTAGAGCAAGCTATAGCGAATGCTGATATTTTGCGCGCTTCTGCTACGGCAGAGGTATTTATGCTACCATGAAACCGTCTAATTAACTTGGATTGGTCTGGGAGGTAGATCAATCCTTGACTGATGGAACGTGGCCAGTCTGCCCCAGGGGAAGGGAGGCGACGTTCCATATAGAAAATCATCCGACAATTCCCAGAAGATTCACTCTATATCTTTTCTCAAATTCGGCGAGTCATATTTTCGAACAGACTGAGAATTATGCTACGGAACCCCGGAGTAGCACCTGGCTATTTTTCCCGTCACATACACATTTCAGCGACTAAGCAAATCGAAGTGCGCTATGCTCGGCCTGAAACGGCTACGAACAAGGCAAAGAAAAGAACGTCCATGGCGGACATTGAAAGTAATGAGGTAGTCCTATTTGTAGGGCTCAGGCCAAAAGTCTTTCCCCGGCCGAATGAAACCTGCGCATCAGGTTTCCACGGTCCCTGTTGTATTGAGCAGGTGCGACCGTAAACAGCCATGAGTGGCAGAT,1076,50.19,Arabidopsis thaliana
SEQ_469524,ATATATTCAGACGTGCTCGGATTTATGAGGCCATCATCTTGGAGCCCTTTCGGAGCTATCACCAGAACAGGTTTCAGCTCACGCCGTCTATTTTAAGCTTATTGCGTCCGCCGTGCGGCATCCCTGGCTTTGTTTATCCCGAAGAGGAATCCTAGCTTACAACCCACTACTTCTTCTTGCGATGTGTACCTATTTTCCGACAAATTACCATTGTGTTTTTCCTGGTCCGCTTTTATCCAAGTCCCGTTTCGAAAGTCGTCGGCCACACAGGCTTCGGACTAGGGACATGCTCAGCGCTACACCAATAAACACCAACGCTGTCATTAAGACGGGCTCGAGCGTGGTTATTCCACCATCCTTGTGTTTCAACGATCTCCGGCTGACTTCGTGGGCTCCTGGTTTGCAACATTCGGCTAAACGTAACGGGTGCGTGGTCTGTAATCGTGGCAGCCTCACAGTTTCAGAAGGAGTGGAGTTGCA,480,50.0,Arabidopsis thaliana
SEQ_497202,GATTTTCCGGTCGGGTATGCGACTGTATGCAAGTACGGCGCGCATTTGGACCCATTTCTTCCGCTCTCCCCAAGCCAAGGATACAGCGTATGATCCATTTGCCCAGGCTCAACGCCTAGTGGCTCATGCGATCACAAGCGCCCTGAGTGTGATCCCGGACGTCAGTGTGCTTCGCCAAGGGTAACGTTAGATTGCAATCGCGACTTGGGGAGTGTCAGTCTATCTTCCATGGCATTCATCAAACTAATTCTTACGGTATTTCGGTTGGGACGGCCCGGTGAGGTGGAAATACCGTAACGTATTCCCGGAATACCATCTTGTCACGAAGCACGTGGCATGCTATTTGACGACTATCGTGCCATCATAGGTATGGCATTTATAGGCTCGAGCACGATTACCTGGGCAAACAACGGGTTAGGGTCAGCGGATGTGCCTCGCCATCGTGACTAGGGGAGATGAGAGTCTATGTCAACAAGATGGAGTAATGTTAACTTCGTCCACGTACTAAAGGTTCCGATGTGACTTAGTCAAAACCAGTTGTCCAGACAGGGGGCCCACAGCAGCGTCCCGGACCTGACGTTCTATACTCGTCGCTTTAATTTTGTCACTAAGGTGCCAATCTACACCGTCATCATTTGCGTTTTAACTACGCCCTAAAAATAATGGTCCTTGTGGGGTACATCATCTCTACCAATCGTCTGCTCCAGAGCCCTCCTATATTCGCACGGTCTTAGGTGGGAGTGATCTCCAGAGAACGGCTTCTAGATTAATGCATTCATAACCTCACATGGTCGCTTCTCCGCTCCCTGCCGCCGCACATGGCCTCAAACTCAGATGAGTAGAGTGCAGGCGCTTACTGTACGTGCAGGCGGTAAGGTAATGAATCTAGTGGTGCAGCTTAATAACAATATCATTAGTTAAACTCCCTAACAACACCTAACGCGTAAAAGTGTCTGAAACTATTTTGTGGACCACAGGTCCTTCGCGGGTTCCCCCCCTGCATTCGGGGTGCATTATTTC,1020,50.0,Drosophila melanogaster
SEQ_602056,AGTTCGCCTCATGCTATGGAGTCGGGAAACTTATACCATGGTTGGGGCAGTGAGTTACGCAACCCAGCAGACGGACTTAAACGCCCACCCTGTGCGGCCAGCAAAAGCTGGCTCCTGATAGGTAAGAAGTTCTTAGCCCGCCCCAACTTGCTTACACTT,159,53.46,Arabidopsis thaliana
SEQ_852011,CGGTATTACCATTAGTGAAGACGCCACCGGGACTCATGTGATAGAGGCATATATGATCGGCCAGCTGCACGCTCGGCAAAACTGCAGCGGCAGGACCCCTCTCTTGTGAGTTTTGAGATGAGTGCCCGTAGTTCCCTCTTCTAATCCTCTTACCACCGGTTATGGAGTCGGCACTCTAGTCCATGCTTCCTTAACACTATGGTCTTATGGTGATTATTTCCTTCAATCTAACGCCTAAGAATCCTCGCGGTTACAGAGTGCTCGTGGAGCGATCGATAGCCCTTGGATATCAAGAATATGGGTTGAACCCTTGGGAATTAGCAGCATCCGGCCTAACCACAGGATGAGTGCGCATAGCGGACATAATAGAAAGTATTTTCCGTCCTATGTGCGGGTGCGTAACCCGGCAGTGATACGGAATCTCTGCTCTTCTCCGAGTGTGGTAGACCTGAAACTGTTCAGGGAGGTTCGGCGTTACCACTGATGTTTAGAGACGTCAGAATCAATCGGGCGACTCGTAGCGTCAGATCGGTGCTGAAATCGGCGTGATCTCAAGCTAATTCTCTCCGGAATCTTAAGGAGGGTGCCACGCATCCGCGAGTCACAGACCGGGACATCGTCTATCAAAAACTCGCACAGATCGACCTGGGATACGCAAACTAAATCTGCGGCGTATACGGGCAAGATATTGCAAGCCAAGTGACCGGGGCCGATCGCAAAGGGTGTCCGTATATCTCATCACCTCCATGTGATCAATTTTCGTCACATAGGTGTCTCACACGATAAAAATTTGCTTTTAAACCGGACTAGACCGCGGGCTGGTTCAGTAAACACTTCGCAGTGTGTAGCCTTGACGTACGGGAGTCAGCACAACTGCGTTTGCTCGCCAGACTCCAAGTTTTCACTTTTATGGGTATAGCACGTCTCGCGTGAAGATTCCCGCTTGGCGAGGAAATTGGAGTTGCAAGCCCGTGGTCCATGCAGTCGAAATCGCGACGTTCAACTCGCGACGACTGGGCATCACTTGACTCTGTATAGCTCGAGTAAACGGGAGGAATAACAGAGACCGAAACACTCGATCCCACTAGAATTCAGGTATACGTTATGCTTCCGTCGAGTCCTAAAGGGTGCGTCAGAGGCCCGGAGTCCGGTGAAAGCCTCCGTCGGTCGGTGTCCACTTTCCTGCTCGTCATAGCGTATGCTTTAGGTCTCGCTTTGTTCAGTTTCGCAGGCCCAGATTGAGTGGAGTCTACAAGTGTCAACCGACAGGAGTTATACATACCCGTCGCTTTGCCGTGACATCTCTTCCGCACCGAGTCACATTCTCAATAGCGTTCGTAGGGTCGGTTTTCGAATTGGGCGCCTATAGCTCACGGCAGTACGAATCCTAGGGTTGATCCTATACAATATGGCACCGCCTGGCAACTTGAAAGCCCTAATAATCCGCGTTCTCGCTTTATGTCGTCGTGTGAGCGCGAACTAAGATTAAAAAATACGAATGCTATTTCGATTTTGAACCTTTGAACTCGCGCACAGGCTGCTTCAGTGCAGGCAATGGGTCTGTGGAACCCGCCCCAGTCTAGGCTGCCCTGGGGTCTCA,1600,51.06,Drosophila melanogaster
SEQ_169115,GGATTGAACCCCCAAGCTGGACTACCCAACATTACACGGACACCAGAGTCTTTGTTTGCGTCACAAATACAGCCGGAAAAAACATCATCAATCTTATCGCCCGTGTCAAGACACAAGGTTCGATGACGCAGCCCTACAAACTGGTATACCTAGCTGCCCCCACCAGAGGTTCGGTGGAGACCATTCACAAGTCGGTCCGAACCAAACATTGGGTTGCTCAGCCCAACGCCCAGAGCACCCCGCTTCTGTTCAGGCACTTGCCTGCTGTTCCATAGTACTTTCCTGCCCATTGCCAATAGGTGGTCAGCGTCAACTCCACAGCTCTTAATTCTATGTCTAGCATCCGTCTGTCCTCATGGTACCGGACTTAGGAGAGCGTTTACTGTGGATCTCACCTGTGTGAAGACTATCCGCACTCGTTATAGCAGCTCGAGGGTAGACGATCGGCGTTGGACCGGTTCCGAATTGTGATAGGCGGTTCCTGAATAATCTACGCTTGGATGGCAAACAGTTCCCACCAGGCCGAGAGTCATCGATTCGATATGTACGTGTCCCTACGCCAAATAGGAACTTTAACACACAGCTCACTTCATTAAGGGCTATGTTACGAGGGGCGGCGTAGGAGTGACATTAGTAGAGCTAGCACTCATGACGATGCTGACAGGTCAGTCTAGGAACACTTCCGCGTTGGCTGCTAACCAGCCGACGAACATCTTACGCGTTTGGATACCCTTTTAGGCTTGCGTCCCTACCGAATAACTATGGTTTGAACTATACCTAACCCTGAACAAACGAACGGACGGTCGCTCTCGGATTAACGATACCATTCACAGTGGATAAGATTGTCCACACACTAGCTAGGACAGAGTCGAAATCTATTTTAACTTGACTGACGCGTTGAAACAGCGCGTTGGGAGAGTGGTGGATTCAGACACTAGGAAAGCAAGGGAAGATGACGTGAAAGTATGCGTCCCGAACTTAATGACGTGTTTAATGTGGGAGCAAATGAAATAGAGGAGCGGAGACTCACTAAGTACTGTATCTATCCGGCTCCATAAACGGGTTAGGGTATCTCTCTCTCGTAATCCCACTGCCTCCTCCAGCGTCATTCCGTCAAAACGCTTTATCAGCATAACAGTGAGGAGGTGCATTGTCAAACCATGGACCGCGGTGTTTATTCGGATAGCATCAGCATCTACTGTGAGACACAGCAGTGATAGCTAAGGGACGATCCATTAAACGGGCAACTAACGCCCCCAAGCACTAATCATTCAAATCAGGCACCTATGGGCAAACGTACTCGACTAGAATCAAAAACATCTTTGGGTACACCCCCGAGGTAGGACGGTCTGGGAGTCTCAGTACAGTGAACAACGCATTTAGCGGTGCCGTTGGGATATACTCCTGAGTTAAGTCTTCCTTGAAGAATGCTCGGAAATCGGCTCCGACGATTAAAACGTACATATTAAATTGGATCGGATAAGCAGATGT,1491,48.96,Drosophila melanogaster
SEQ_681651,TATGATACATCGGATAGAACGACCCGATTGGTAACGGACCAGACGACAAACTTGACGCTAAAAAAGATTAATGAAAAACTGGGATTTAACCCTAAGGGTTTACTTATAACGGATAAGACTCGGCGCCGGATGGAAACTCGGTGAAAGACATCGTTGGCGTCCGACAGAGCAATTCGGGCTAATATAGGTTTAATGAGAACTGGACTCCTTACGCAACTTCCCCGCTAGGCGAGAATAGTTGACGGTCCTAAACCAGAAGGAGGACCAGTGTCCATTAGAGTGTCTCTCTGATAAACTAATGTCATGCTCCCACCCGGTCCACTCCGACCGCGGCCCCGTCGTCCACGAGGACGAACCCTCACGCCTGGACTGACCAAACTAGTGAAAGGTCGTCAGCGGCAGAAGTTTTCTCGCACTCCAGTGTCTTCGTGGGGTACTTCGTAACCGTGTTGTTAGTTCAGAATCCGGAAAATATCCGTGGGGGAGCACTTACTTCGGAGGGTCGCTACGACAGGTCCCCTGTCAGGGACCTCATGCGCTGCTACATCCGCTGCAAGTACGGCAATATCAAACGGCCGTACGCTAACTAGTAAATTACCCTCAGCTCCCTAGACGGTCAATTCGATGTGGCGGGTATTAGATGGCGATACCTAAGCATCACCTGACCCGGTGTGCGATACTGCCTACTAACTCATAGGGTTTCGTTCACCTATGGCCCTTTCTCGAAACAGACGGAGGCAACGCTTAATATGTGTGGTCGGTGAACCAAATATTTCTGCACTGCCCAGTGCAATGTCGCGAGCCTCACACTCCAAGCCTCTCGGTTTAGTAATAGGTAGGTGTTACGATGTGCAACATAATTCGACTCCTCCTGACGGAGTGAGACCAAGTTCACGACCCTTCAACCTCGCTTCTAAGGTGTTGGTGGAGGAACCAAGGTTGTATCGTCTAGACCCGCTAATCAAGGGCAGATACCAACCTCAACGTAGTGTTAAGTAGGAATACCGTTTAACCGGGCACCGGGCAAAGTCAGTATGCGCGAGCACCAGGAATGACAGGCGCCAGCATATGTGGAGGAACCTCGTTCGCTAAAGGGCGCAGTATGTGACCTCCCAAACTATTATTCACAAAAATCTCGCCTAGTGGCGCTTCAAGCCAAAAACATAAGTCGTTTAAACGCGAGATTAGTTCGCGTCCTGGCAACGCTGTTTGGGGCCGACGAACACCGAACGGAGGTGCCAGCAACGAACCCAGAGTCCACATAACTCACGTTTAATATTCGCGCCTGTCCATGGGATTCGTATCATTATGCTTGCAGATGC,1322,50.68,Saccharomyces cerevisiae
SEQ_970292,TAGTTTGGCTAAGGAATAGGACTATGAATGGGCTTATAGCTTGGTTATCCTGAACCCTATCGCACGTAGAACATGAACAATTGTAACATGCGAAGGTGGATTCCGAAGGAGTAACCGGCGAAAAGAACCCCAATTGTGTAGTCTGGCAAAGGTAATATCTGGCCCATACCGAGATTTACTAGTGAACCGCTACTCAGCTTTCATCTCGGGCCCCATCAAATACATCGTTTGACAACAATGTAGGTCCCTAACACCGGAGGACAGTCCCGCGGACTTGATCCTTTGAGAGGTACAATGGATATTGCCTTGTAAGAGGTAGCTTCCCCTAGCTTGTTTCGAGCGGGATTCCTGGTGCTAGAACCCACGTGCCTTGCCCGGTTCCGATGGAATGTTGCCAAAAAGGACGAACCGGGCCGGTAAGGTACCCACTTCCGTAAATTAAGTGTGCCTCCCGAACGACTAAGGTCTCCTCAGTCTAATAGCTCTCATTCTCAGTGGCGGAGTACTCGACGTGCTCGGCCCTACCCGAGGTTTATCGAGCCCTATAACTGCAACAACGTAGCGGAGTGCAATTTAGGAACTACTACATTATTCTGCGAACCATTTGTGCTAGATTCACGACCATTGACTTTCTAGATCTATGGGCACATCCTGGTGCTAGTAGAAATATGAAGACGGTAGGGCCCGGGCAACAACCAGTGTATTATAACTACACGACCGATCCGCGGTCACGGGGGAGCCATAGTTAGCGCCATTTCTTGTAACTCTATTCCCACCGGACTAGACAGTATCTCGAAGATGCTGTCCGGCCGGCATACTGTAGGCAAGCTGCTCTGAGACTAAGTATATCCACCCGCTATCCTGCTGACCTTATCTCAGATGTGATACAACCATTCAATAGCATTCCAATATCTAATGGGTGAATACGCGAGTTCGGGTCAATGCCCTTAGTCGTAACAGATGCGAGCCCCGTCCATTCATCAAACCACTTCCTGTAGTCGGAAGGCACTTCGATAGGGTGCGAGGGTGATCTATGATCTAATTCCTAGGCCTGTATCCTATTTCCACATGTACTAAGGCACGTTCTCATGGAACTCATGATCATCAGAAATAGGTACGTTCCGTGTATGCCATCGAGATCTTCGGGTCTTCATGACATACGGGGTGTAGTAAGTGTTTCTGGCCTTTACGTGGATCGTTACTTGCTTCGCAGGGTACCTCCCACCTCAACAGCCTGGTCCACTCCGAACAACTGAGCGTGTA,1263,48.93,Escherichia coli
SEQ_928775,GCAGTAACCCGAATGGTGGCAGGCGCACGTTTTAAATCTTTGTACAATTCAGCACGCTTGTACTTGGTCATTACTCGGTCTGGACGATGCTGTCTCGGGAGACCGCACGTGGGGTGAGCCAACAATTAGTATCTACGACCAAGCCGAATATTACCAAGAGGGCAATTCTTCCCATTCGGGTTTCGGGACTAGGAAGCTCTTGTGGCTCTGACTAAAGACGTAGTGTGGCGTCATGATAGCTCATCCTCTCCCGGTTTATAAATTGTACAGGCGTAAGTGAGCCGCCTACCCAATGTACGAGGTTAACTGGTTGCTTGAGACCAGCTATCAAACTCGAGGCGAACGACGCGAGTGGTTCTCCAGATGAGTTGTACGGTTGGTTTGTTCCAACGGAAAAACCCCTTTAACTATTTATGGCCGGGTTCTAGACATTGGAGATCAGGAAGTCGGAGATTTAATCACTGTAGGACAGCGAATCACTGGCTATTATTAAATGGGGCTAATTTTATTCCCATGATGACTAATCCTTGCGTTCAATAAATCCCTGCTGGTTAAGGACCCATGTCGAGCTGGAGTTAATGTATCGACTATTCAATGTGAAAACCACAGCAAACGGTCTCATTGAGAAAAGAATGAACACTCGTCGGACGCCGCTTCCTATTGGGTTTCACGCGAGGTTCCCGAGTTTTAAAGGATCTCGCCTGCAACGAGACGGCACCTCCGGAAGCAGAGCTTTGCCTCTTTGGTTGAAGCAGCGTACGATCGGCACGGCCAAGTCCCGCAGTCCCCCGGGGACGGTTGCTGCCCGCATATCTTGAAACTGAGGAGTAAGTCGGGATAAATGTTTGCCCGTATTACTGCTCTGCGCGTTAGCATATGGTTCATGCCTCTATCTTAGTTTGTGTCCGTCCGACTCATTATGGTCCGGCAGTCAACCCTCAGGCCTAAACATCCCAAGAGGCGAAACAGAACCGCATGTGCGCCGTTTCGAGGCACCACTCCCAGTTAATCGGGGCGCTCGTACTCCGATGAACCTCAACGCCGTTATACCCACTTACCCGCGGGCAGATATCAGATAGTTTGTATACGTCACATGTGCTATGTTTGTGTTCACACACTTTGCCATTAATGCCTTTATGTAGTGAAAACTAGTGAAACCGAGG,1163,49.36,Saccharomyces cerevisiae
SEQ_591145,TCTTCAAAATGGCGTTAGAAAACCACATTCTCAGACGGCTAAGCGGTGAAGGGTACAAATACGCGCACGGCTGCTTGCCGTTCCCACGAAGGCTTGCCGCGGCGGGAAAGAGTACAGCGGCGGTTATGGGCACGAGCGCGAGACACAGGTAAAGGCGCTCAGAAAAGATAGATGCTCAACCTTCGGTGGAAGGACGAGATCCACACCTGATATTCCTTTGTGTCGATCCACGAGACAATACCCCGCGTGCATCTCGTCTATAGATACGGTTATAGATCTTTGTCCGTTAGCGAA,294,52.38,Drosophila melanogaster
SEQ_942398,AGGAGTTAGTACATCAAAAACCAGGGCTGACTGCAATCATGTGCAAACTGCGTAGAGTCTTACAGGGAGACTCTTCTCGGGAGACAAGTCCTAAATCGAGTCCATCCTCACGGCACACGTCAGTTGCAGCACATACGCGGTGTGTACTTAATCTATGCCGCGGATGGTACTTCCTTCGTTAACGCGGCTGGCGCAGACGGCTTATGTGAGCAACACCTCTGCATATCAGTCCTAAGTCCCACAGGTAGCAAGGACAAGCATCGTATGTCTGATTATTCGGTTGGGAAACATGCGAGGGGGGTAAGTGTATATGAGACTATCTATGCTAATTCCGTCACACTTTACCCCTGATGATCTCTAGGATCTCCAACTCCTCATTGAGTCCAGAGTGAAAATGGCATACGCCGCCCATACCGGCTGAGCCAACCTCTCAGAGCCACCAAGCAGTGTGGAATTGGATCAGATTTTTCCTTCCTCGAGCTCTTGACGCCTACGACCAGTTCCATGTGGTTGACGCCCAGGTATCGTAGCAGTCTCCAGGCGGCTTTGGAAAAGGATCAATTTGTCGTGAGCGATTAGTCACAAGTATACGGCGTCGTGATTACTACTAATCGGACATGGCGACATATTCAAACCGTCCTGGTAAAGCACCTGATCAGTGCCGCTTACAAGTCCTATACGAACCACCCTAACTCACCGGCGTTTATGACGACAACCGCTATTCGGAGAATAACGCTGGACTCCTCGTTGGGGTCCTCACCCAGACTGGAGGTGGGGCTCTGGTCTGCTTGCATGTCTTCTTCTCGGGAATTTCTCGGTAAATAAGCTAGTGGTAAGGGTTGAACCCCTCTCCGCGCTCCACCAGACTCGCGGGCTAGTGTCCTCGCAACTGATTAAGAATATGATTCGCCGCGACAGAAGCCGTAAGGGCCGGCTGCAGCAGCTCCGGCTTAACAGGGGCGTGACGGGATGGGCATGTTGC,982,51.93,Arabidopsis thaliana
SEQ_684999,GTCAGAGACGATCACAGATTTAAAAAAGACATGGGCCAACCCCTACAATTGCGATGTGCCCCTCGCACCGGACTCCATGACCAATTGAGACCGTATCAGGCGACACCGCCCCCAGGGATCGCAAAATAAGGCCCCAATATGACTGTTACGGTGTCCAGGTCCCGTATCAAGATCACTGCAAATCTTAATATGCCTGTCCGGTGGCGGGTTCGAGGGGACACGTCATGGTTCATGTGCACTAGAGCCTACAGTTTAACGATTTCTCCACTAAGTCCACGCACAGCGGTTTAGACCGCGCCTGGGTGAGCCTTAAGCGCTACGTCGGAGAAACGCTTGTGTTGTAAGCATGCTGGGGGCAGCTCAATATAGGGTTACGCAAATTCTCAACAGCCGGATTCATCTTGACCATTGCCTTCCTGCCCCGTTAGGCATCTGCCTATTTATCTCCTAGGCTACGTACCCTTACTTTCCGACGCTTCACGTGGGGCCCATGGCCAGTTTCTGAGGGACTTCCTGCGGTCGAACCTGCTACTCTAAAGTTTAGGCATACGACGAATCAGGGCTGGGGGAACAGGGGTTGTGCTCTTGTGTGCCAAGTCACATTAAACATGCCCGCCGTCTCGGCACAGACATCGTTCCTGCAAGGCTCTCGACAGTTGCTAGGCTAGCCGTCAAATCGAATAGTTTTAGCACATGCGCGAAGAACCTCTAGGCGAGTCGAACGCGACCCGAACTATAGGGGCTAAATGTACGGATTGCCACATTCTCCATTAGACGGACACGAAATGCGCATCACCATCTTTTCGGATTACGAAACATCAAAATAATAGATCATATTCCTGGCTTTGCGGCTGGGGAAAATCTACCCAACCACTCGACGCCGCCCTCCTTGTAATACGCGGAGCAGACTACTATGGGCCGCCAAGGTTCGCGTCACCATCATAACTACGGACGACGGTCTACGGTATATAGCGCTCAAGCGCCTCTATTGAAGACCCTTAAGTCAGCATTTTCTTCTTTGTTTAGGGATCGGAACAGCCCAGTCGACGGACAGACCCTAAGATCGTGTACGGTGCTGGTTAGAATTGAGTCATTCGCATACTCAGTAGAGCAAACCCGGTGTCTAATTGTTTGCGGCACGCTACCCAACGTATGGGACGGGTGAAACTCATTTGAGTACTCCAGTTTATTATCACTTCTTGTGATGCTCCCACTCCCGATGGGACTCCGGCGAGTTTCGATAGGTGTGGGACCACTTCACACACGATCCGGAAGTTGTGGAATATCGCGGAACCTAATAATTGGACAGACGCTCCTCTAGCAAACGGACTTACACCGTCTCGGCGAAGTCGCAGTAGCTTGTGGATATAGGATGGTGCACGGACAGTGTACTCCGAGCGTTCAATACTGTCATAGCTAGTCACAGAACGTCTAGTTCTCCGTGCTGGATTAGAGTGAAAGGAATTTGAGAACGAAAGAGTCTCACGGCCTTGTCTCAATCGCGTACATGCGTAAGCTCTTCCTTCTATAGTTCCAATCCCTCAGAAACTTATCGTAGATACTTTAGGGTGAAGGAAAAGGTTCATCTCACAACTAGCTCCCATCCGTACTGGTTATTTAGATATGTTCGTCGATAATTCG,1641,50.34,Escherichia coli
SEQ_836632,GTGTAACCGACCTCCTTCGTTGGTCTATGACTCGCCTTTTAGATTCCCGATTGTCAAGGGGATAGGTTGTAGATGTACTTATATTGCGACTGCCTGAAACACAGCCGGCAGGCAAACGCGATTAAGAACCAATAACCTTCAACTACAGTTTCGCGCCTTTCAGTTTTGTCCCGGAAGCACAAAGCCTCACGCTAAGGCAGTAGACGACTGGTGAGCCTACGGGTCACGCCCTGTTAGTCAGAATAATGTCAAAGGGCATAAGGTCTCGTGGTGGAACTATCAACGGGCGCCCACGTTGCCCAATGGGGCATCAGACACTGCATATTTTCCCAGCGTATGTCGCTGACAGCGCCGGCATTGTATAGCAGCATTCATTTTGCGTGTGTGTCTATAGCTTGTCTTCTTGTCTCAGTTCTCCAGCTCCTTAAAGTACTTCTGCT,440,49.55,Drosophila melanogaster
SEQ_486545,AATCCTTGCTATTTATCTGCGGCGTATATATTGCGCGTCTTACCCTAGGAGTCGGGTTGCAGCTCGAGGCGGGTAGGGCCTTGCGTAAACATCAGGAAGGCGCGAGCAAAGGTTTTTTTCGCGTTTATATAGGATACCTTTATAGGTTGCGAGGCTCCCCCAAATGCACAATTTGTTGCTAGGTGTGCGACACGCAAGTCGGAGCTTACCGGAACGCGGCATGCGCACTCGTCCCTGAGCGCCGTCATCTCGTTGCTGCTTGTAGTGTATGATTGGTTGCTGTGAGGCTAAACGTGCGATCTCGAACTCTCTGGAACGCTAAGTGAGTGAGGCGACCGCCGCCCACATGCGGGATAATCCCTTCATCGCGAAAAACGTTAGGTACAACGTCCGCAAAGGGAAAGAGATTTGTGGTAAACCCCGACAATTACAGACACTTCTTACTGTACGTAGGACCTATACTATCGCCTTGCGGGCAAAGCAAGCTTTTAGTATTGAGGCGACAGGCAATACTACGTCAAAACATACAGGTTACGAGCTGTGGAATAGTGGAGATTCTAGGCTCCCGTGGTTGGCCGTTACACACTGAGTCGAGCTTGCCACACGAGTGTTCACGGATGTTGGCCGCTACCTATGCCCGAAGCTACCCTCTTGAATGAATCAAAACATCAGATGGAGTACACGACGAATACCCGGTTTGTATACTAGTTAACTGATCCAAGGAGTGTACTCCCGGGCATTAAATCGAGTGTACCGCACTCACCCTGTCCTGCCTATAGCCCAATAATAACTAATAACGACGAGACCACGAATCAGTGCTTTCCATGCGTCGAGCGTATCCGGTAACATTGTGATCTCAGGCGCGCCGAACCTAGCGTGGATTAGAGCGCCAAGACGATGCGGAAGGAACCACTCCGCGTTGAGTAGCCCACATCGGATTTAGCCGTCTAATCCACTGAAGAGGGGCACAGTACCTTAGCAATATCGAAATGTTGCGGACTCCTTCCACTACTCCAAATAAGACGACGTCAACAGGTAAAGCGCCTTAATTGCTGTCTAGACCTTATACGTCAGCATTGGGGCTAGGTGAAATAAA,1096,50.27,Arabidopsis thaliana
SEQ_585927,GTCTGGAGCCTCTCCTAGGATAAATCGTGCACGCTAAAATGCGCTTGGACGAGAGTGCTGCGTAAGTGGATAGGACGGATAAATACCCTTCATAACGAGGTATGCTGTAACCTTTTGCAAGTTGGGGAATGAAGCTCATCGAACGTAGCGTGTATTGCGCGTGATGAGAAATAGAACCTTTGAGAACAGTTTCTATCTTCCGGCGCTGGTCCAGCGAAGCACGTTAGAGTTGGAACGGGGTAGTTTGCGTATCGCGGCAAGACGACAGTCGAGTAACATTTGGCTCCGAGCCACGTGCCGCTCGGGACTTCCACGGGCCTACCCACAGAGCGACGTTGTACGAGCGACTCCGTCCCCACTCGCTATCGATCTACTGCGCCTGTCTTATAACGGAGAGTGGCGTCGAGTGGTAATTCTTGGCGGCACTGTAGCAATTATTATTCACGTCAGTGCCAGCTCAGCTCATCTATGCTACTTTTCATAACCCTAACAGACCTGCACATCCCTTCTATGATGAGGTACAAACTCGTCCCGCATTGATTTGGTGATGGGATGTGGTGTGGGACATCAGGTTGTCGTGAGTTAATATCCTCCAGGGCCCGGTAAGACTCTTAGTATATCTAGTAAAGAGAATAATATATGCTGGGCAAAGCGATGTGCGCTCAATAACTATCGCCTACCTCCCCTACAATACGCCGTTTTCGTTCGGGACAATTTACCCTCTACGCTATAGACTCCTGCGTCCATCTATCCAAGCTGTCGGGCAGGGATCTAATACCTCCCCGCCGATATACTTCTTCCGCCGTGGCTACACAACTGACATTATAGTGGTGTACGAAAATCAAAGAGTAGTGTCGTTTACGTATGCCGTAATTGGTGCGACCCTACATAATGTAAGGACATAAGCTCATCGCACTGAACCCCCCTAAGACATCGTGTGTCTTGTACGACTACCTATAAGCTCTCTAAACCCTCGGGCCCGCATACAGCAGCCGGATTAAACCAAGCATCGCGAAGTAGGCCTCTCGATGTCTTATCTGGTATAAACATAGAGACGAGACCTTTCAATTGGCCCTACCACATGCACGTCCTTGGACTCTTGGACGAGCAG,1111,49.77,Arabidopsis thaliana
SEQ_170507,TTCCGAAAACAACGATTTAGAGACGGGGCCAGTGAAGGGCGGGCTTGTACTATGAAGAGCCTAATCCGTAAAAGCGTACTTGTCCAATTGAAGAACTTAGCTGACCGCGTAACGCACCTGGAATAGCGAGGCACAACGCTCTTGTAAAGTCATGGAACAGGTAGCTAAGACGAACAGTACGTCGAAAACCTGGATACTAGCTGCTAAAGACAAAGGATCGTTTACTAATCAGTCCTGGTCCGATGGTCATCGTATGTTGCGACAACCTTTGGCTGTATGTTA,282,46.81,Homo sapiens
SEQ_312205,AATAAGTTTATCCCCGGACTGCAAGCTCGTTATGTTATTATAAACAAGCGATTGGACGATAGAATTCTGTCCCGGTCTTGCAGCTGCTTACTTCAAAGACAAATACTGGTTTCTAAATGCTTGGGCGGCCATGAGGTACGGCTTGTCTTGATCGCCGACTAACCCTTAATCCAGCACTTTTAGAAAACTGTCCTGGGTTGTCCTCCGTGCTATGCGGTTCAGTATAGCAGTCAACTAGTACTCGATTGTGGAGTGATACCTTTAGTCTAAGCCAAAATCCTGGGGACGCCAGATTGAAATGGCATTCCGGGGGTAGTCTGGGCCTATTCGTATAAGTTTCCTATGGATAGTGCAGCGCACGCTTACTTGGCCCGGAAGCCTCTGTACGAGTAAATTTAAGCTACTATGGTATCCTAAGACGCACCCCGCCGACCAGA,437,47.37,Caenorhabditis elegans
SEQ_678614,TGCAAATGTATCCAAGGCTTCCACGGTACGGCCGGCGAGTTATATGCGGGCAGAGCGCCGGCGCCTAAGCTGACGGCAAATAGAGAGGTCACCAAATCCGAATGTCATAAACACTTACCGCAGAGGTGATGGCCATTGGGTGCTCGTTGACAATTGAACTCTTGTCTATCCCTATTACACGGGAGTGGAGACCCGTTACAACTACGGGATTTGCTGGGGTCTACGGAGCGCTCGTATTCAGAGGTGTTAGATGAGCAGTTATGTGGTGGCACTAATGACGGGACCAAAGGTCCACCGATGAATGGTTCTATAGGGTATTTCGCCTCCGGACCCCTACATGAAACAATTCATGTTTGCTTCCTTCCTAGCAGCCCAGAGTTCGCCCTGCGGGGGCTGGTTTATTACGGGTGGGTCTGGTTTCGTACATTTGGCTTATATGCGAGCGCGTTGGATAACGAGTAGTCGCAGTACTAGACCAGAGGCATCCGGATGCGATGTATCCGGAGGATGTGTAGTCGCAGGGGCTCAACGGCAGCGACTCATGGTAACAGTAATTTAGCGAAAGGATCCAGGATGATTCAAGGCTGCACTGGCGGAGCGGAGAATAGTTATAATTAGAGGAAGTTCCCCAGTTTTAAACCTGAGCCTATCTAGAACCAGTTAGCGAGTCCGTAGGCAGAATGCTGTAATTAGAGGGCTGAGTAACGGGGCGGAGCTAGAGTCGCAAACGTAATCAACTCCGTCTACGCGACAGCGGCGCGGGTTGCCCGACGAGCCTCTTTCATGAACGCGCAGCACTATTCGTCAATGCAGCCCCTAGACTCTTTAATGACACCCTGCTATTAGAGCCAACGCGCGGAGGTGGCGGATGTGTGTTCGCAGGGGCAAATCATTATACTCAATATAGGTGCGGGTGTCGCGTGTATACTATGCAGAGTGGTGCACGCTGACAATCAATCGGGGTCGCGGTCCAGGAGCCGGACCTCCCGCTACGGCTGGCTATAATAATACAACTATTATCAGAGGGCCATCAGCCCAAGCCGGTTGAAAGCCTGAGATCTGACTTAACGAAGAACGGAAGTGAAGTACGCCTCACCGACAATAACTACTCCTGCAGGAACGGTTGGCACTCTGCTTACTCGAGGGCACCACTGAGATATGGCGCAATTTTTATTATGTACCGTAAGGACCACTATACCTTCTATTGATCTCAGCAAGGAGTGAGGTCTCGACACCAAAGGTTCGATCGAACTAGCATTTGCTGAAACAATTTTAAGTCCCGTATTAAACGGACGTGGCGTTTTTGACGGCTACTTTCGGCTTTGTTATAAGTGATAGCTAGGATGAACCGTAGCTATGACCAGTGCCTTTTACGGAGAGTTCGAAGATGGCAGCCAAAACGACAATGACGGGACTGTTAGGGACGCACCGACATGTTAGCGCCCATAGAACTGCACAACAATTCAGGCTTGCTGCATCGCCTAGTCGTGAGATTTTACACCGAGCATAATAAGCACACTCCTAGTTTACCTGCACGACAGAAGAGTTATCCAGCCGTACAGATCTGAACGGAAAGGTTAATCGAAGGACCTGTGGTGCTCAGCTAAAGATCGTGCAGCCCTGTTCCCCCTCACGCAGGCCGCGGCTACGCGGGTGACTGTTTTGCTTGAGGACTTTCCAAAAAACGCGTGCCAAAATATAGGGCAATCCGGACTCAGAGTCACCGTCTTCGGATTGATGATTTCAGCCATGGACTGATGCTGCCAAACACGGTTCATAGTTATGGCATTAACAGTCCTCCGTGAGCCGGTTCAAAGGCGGTGTTGATCATTATAAAGTTGGTGCTCATCGTGTTGGGTATTATGTCATGTGTCATGGTGCGAGCCATTTAAATAACCAAGGGTCCAATCCTGCCATCACTTGGCTCCACGACATTTA,1938,50.57,Saccharomyces cerevisiae
SEQ_301826,AACACGCTTCGGCCATTCATACCTAGTCGCGTGATAAGCCGGCGTGAGGAACTCATCAATAAACGTGCGCATTTAAGAGATTACAACCGCTAATAAACGTGACGTCGGTAGTGACGTGTAGGCCCTTATTGGCACTGTTGTTTCTTGTGGGTTAAGGGAAATTCAAGTCTCCAGATCCGTTATGCACGGGCTGGTAGAGACTTATGCACTCTCGTCACACTACAATTGCCGCATTGTGCAAGTAGACTCAAGGGGAACTAGCGCGGGGAAGGGGGTCCTAACACCAGTTTCCGTTTTGGTCCCTTAAGACGGGCATAGTCAAGGTTAGTGTACTTGGATAGCGAGTAAGGCCACAGCGCCAT,362,49.72,Arabidopsis thaliana
SEQ_975555,AGTTTTATGTTCGCCGCTAATGAGCGAGAGGTCGGCCGCATGCCGCGCGGAACCATTACTGTTTCTTACCAAACTATATACTAATGAGGATGTTTTGGAAGTTAGGTCTTCAAACCCCTTTCTACGTGCTTAGGTCCATAATGATACACGGCTTAGGATAGGGCTCAAGTAAACGGTGTATGCCTGGTTGTTATCACTACCGCTTAATGCCATACCGCCCGTTGTGCTCCGAGCGTGATGCGGCTCGAACGATGGGTAGCGTTGACCCGCAGGTGCGATCCGGACGCTACATTCCGTTCCTTTGAAC,307,50.49,Drosophila melanogaster
SEQ_121915,AGTTCAGAACTCAGACGAACCGCTACGCAGAACCAACACCTAGCACTAGCATGCCAAAACCAGATCTAGCCGGGAACGCACGACAGCTATGTACAGCGAGGTCAGCAATATCGTAACCAACATCTTCGTGCACCGCTACACCAGCCCCGCACGGCAGGGGAACCCCGCTCGGTCAGCATTACCTCGTAATTGAGTGCGGATACACCTAGAAGTGTGAAAGAGAGGGGAATTAGACTGCCACTCACCACTACGTCCGAGACCGTTAACCACCATTGTGGATTGGCCACCGGGGCATGCCCTTTGCAGCGTAGTAACAAGGAAGGATCATAAAGCCGCATACTGTGTACTCTATGTACCATGTGGGCGGTGATTAAGAGGACCTCCGTGATATGTCCGCATGGCGTCAAGTACACGAAAGTAGTACATATTTCGAACGGACGCCTCATGTCGTCCAGTCGGCGTTCGCAATGGGCGTGCCGCGTGCGTTCGCCTACACGGACATGTATACCGTCATTCCGGGGCTGCAGCGTTTGCTTCT,538,54.09,Mus musculus
SEQ_608542,TCTCCTAGTATTTCTTTCTAGCAGGGTCTTATAACACCGCTTAGCATAATCTCCTTAGGCAATGGTCGATGCTTAGCTACTAGATTGCGCTCCTGACAGTTTCGACCAAGATCTGTCGACACCCGCAACGCATTTCTGCCGCCATCACTGTTGTTTCCCTGCCCTTCAATCTCGCGGGTGCTGGTTCTGGGCGCAACTAAGTGAGGGTTGTTTGGCATGTTGACCCCGTCATCGAACATTGTACTCGACTAGGTGGCGTACAACTTCAGCTAAGATCCCCAAGAAGTCCCGACAAGATTTGTCCAACCCTAAAGTGTATATAACTAACCTCGATCCAATGAATAGAGGCTTCCATGAGTTCGGAATGCTGTTTTTGTGCCCTCTGAAGCCTGGAAGAAAGAGTTGTTCACCCTAATTTTAGGTTCTCAGCAGAGGACACCTAAACTAGACGACTTTTGGTGACTTCTGACAACATGCCCCAACGGTGAACTTCGCTCGCAGTAGATGAAGAGATCCACATTACATTACGTCTCCAGTTAAAGAGAGCATGACAG,554,47.29,Homo sapiens
SEQ_724388,CCAGGACCCAATCGTCGCTGCGCACCCGCTTGGGATGATCTCACGCTGAGGGTGTCGCCGGCCATGTGGTGTTCGTCCGTCGGGGCTTATTGTGTAATGGCCGGTTTCATGACCTATCGCCAGTATTGTAACCCGCTTGAACTCGACACGAGATAGAAGTGTGTTTAGCTGTAGCCGAAAATCGGCTTCTGAGGGCACTCGATGCGTCATCATAATTCCTCCACCAGAATGCATCATGGTTTAGAATGGTGTCGAACGGACCATGGGCCTGCAGCAATGAGCGCGAGTGTCTTTTTTACTAGCGCGAGCGAGCACATCGCTACTAACCCCCTGTGCAGCCAATGCGGCTTAGGCAGTCTTACACGTACCGACGCGGTGTTTTTAAGGTGACAGCCCTAAAGTCCTCAATTTACGAGAAGTGAACAATTCCTATTCCGCCGACGCCACAATCGGACGGGAGTCAGACCTGACGCCCCCTCAAGATGGCCTTTCGACCCCGGGTCCTTAGAACTCACTCTAAGAGAGAAATGAGTGGGGTCAATTTCACTCCTCAAAAATCTCGCGGGCGTTACAACCA,577,53.38,Drosophila melanogaster
SEQ_747067,TAGCATGGCTCGCTTTTGTTCGGCCAGGATTCATAAGTACATATCCCAAGACGGCCCATTTTACGAATGGCGGCTAGCGGCATGTGAGGACGAAGTTGAATAGGTGGGGCAGCATCTTTATACTTCCTAGGATGGATTGGCACCCAGACGACTGGCTTCAGTCCGACCTACCAGACAGTGGTGATGCCGGCGGCGACAATTAATCCGACCACGAGCATCACAAAGAAAATCCAACATAACATCTTGTATCAAACTTCGAATGCTTAAATCGATAGCGTCGATCTTAGTCTGAGGCAGACAGAATGAGTGTACGGTTGAACGCTTTCTACAGAGTGCACCACGAGCGGTTATCGCTCATACGTATTGTGCCAACAATGGGCACCGACGCACTACCGGTCATTCCTTTATAATACGTGGCGGGTGGGCGATCTAATACGCTAGTCCACCGAGCCGATCGAAGAGGAGGCAGTGAGCGGATAGCGGGGGCAGTCAGCTGACACATCACGAGTTCGTCCAAGGCTAGCGGTACCTTTAAACAGTTGTATTACAGGTATCGCGAGCTAACAGTTTCTCACCTGATAATACAACCGCGGATGTGACATCTACCCATAGAATGCTTCTGTCTTTGCTGGAGATTATGGCTTTCGGGGAGCTCTCGCGGACCAGTACATTGTCCTCACGACCATTTAGGCGTTATTTCGTGTTGCCGATGTCGCCAATTCGAAGGGTGTTGTGTCGAACTATATAAAACATTCACAGCGGAAGCTCGGCGTAAACCCCAGCGAGTACGGTTGTGGTGACTTCCAATCATTATAGATTTCTTTAACGGCGACTTCCCTGCGGTCCTGACCCTGGCCGCGCTGGAGCCTGTGAATACGACCGAACCTGGCGAATGAGAGGTTTGAAAGACACATACCTGACTAACTCGAGGTAGGCGTGGCGGCTGCACTGGATGTCCACGAGAGCAACACGACATGGGGCAGGACAACTCTATACATCCTTAGAGTCACTCTTCGGTCTTTAGTTTATGTCAGTTGATCGACTTCCGACGTGATCAGATCAGCGTATTTTCTCAGTGGGCACGTCGTCTATACTAAAGCGATCGTATGGCCCTAGGACCCAGGCACGTGAACAGATTAACCTAAAGGCTATTCAAACTTAACAGCTGAATGCTTTTTCTCTACCAGCGAACCCTGACAATCAGAGTAGCCTTAAAAGCGATTCGAAGCCAAGAGTTTATCCACGCAAAAGACTACATCGTATAGCCCAGGCTACCCAGCTAGTTAGCCTCTGCCGTTGGCTCAGTTGGTAAAAAGAGGTTGTTTGATCCCATACCTCCTTCCTGCGTTCCAAATAGTATGCATTGGAATAGCCTTACTACTAGGCCGGTTCATATTATAGTAGGTTCAATAGATTCCTAGCTTTGATGCATTATATACCGCTGGGAATTAAGTGAAAGGAGTCGGACAGTATTCGTCTCTGGATGTGCTCAACTTTAAAACCGAGTCAGATGCTCCCACCACTGTCGGATCTGTATATTACCGGCAACTCCTCTGATGCTCATGGGGAAGAAGCTGATTGAATTTAACCGTTGCCGTTCAGTACAGATGTTAGGGGGACTCTACAGGGTTGGCGAGGTCCCCCCATCTACGGTAACTTGCTAA,1664,48.86,Caenorhabditis elegans
SEQ_942156,CCGCGTGCCCGGGTCCTCGTGCAGGTTCCCCGACCTTCGTAATGAACAGGCACACGTGTATGCATGGATATCAAGAGAATATAGAAATTCGCCAAGAGGTGGCCGGCATGAGTTACCCCTAAGTGGAACGCTAGCGCATCACCATGGTACCGCAAGACCACTTGTATGCATGCTGCATGAAGACGTCGCCCGCCCATATGCGCAGACGAGAAGTTTGGAACAGGTTATAGGACGTGCTTAGTAGGGCGCTGCCATTCTCGGTTACAAGGAGATAATGTCTTTCTACCGACCCAATTCTCTAGCTGAAACGATTCGTGAGAAAACTCGTCTCCCCAGAGCCAGGGCGATGTGACGTGGGTTGTTTACGGCCATGTGGCGATCTGTCCGTTTCATCTTTTCACGTCTTGATTCGTTCAGGTCGTCGAACCTCCGCCCTTACTTAAAGGACTACCAGAGTAGGGCAAGGCCTTCGAAAGAACCGCGCAGACGGATTCTAGCCATTGCTTTGCTCTGGACGAGAACACTAGCCAAGGGGTCTGTGCGGATCTCAAACTCCCGATCGCCTTCCGTGGTTAACGCCAGAGTCGTGTTCTTTGCCGGGGTTGAGGCACACTGTTGCGGAGCTGAGCGTCATAGAGGGGATACTCCTTCTTTGTCACTCCTTACTTCGCTGGGGCCCAGTCTTTTCGTAATAAGGCTCTCACACAGCGTTAGAACAAAATATGACATCCCGACGAACGCAAGCGTGATGTCTTATCGGTTCGGGGTCGGTTTCATTATCGTAAATGTTTAGATCGGATCGACCAAAGGTTCTCATTTCATCGTGTCGTTAAGTAGTGCTTCACCGTATAGTGAACGGCTATCCCCTGAGAGATCAGGAAACCTACCGTCTCAAGTTTGGGACGTCGAAGCGCTACGCTCAGTCGGCCTCTGCTGCGCGTTCCGAAGACGGTAGTTAAGACTTTCGTACCGTTCCTCATGAGAATGAATTTAACTTCCGCGCGTCCTTGCTAACAGGAGCGATATCGACTTTCTGACTGCTAATCTCCCACTGCCTCCATGCGTAGCTTATGTACTAACGACAGTCGTTGTCGACAATATCTTGGCGCGCCCTGGAAATTCATAAGGCGTAAAGCTATCTCCAAGGATTTGCCCTTGATCCCTTGGCTCACACCGTTAAGCGCCCTTTCGTTAATTGACTTATAATCGTACCTATATGTAAGGGCAGGA,1230,50.98,Escherichia coli
SEQ_277761,CATCTGTTCTCTGTGGTAGGATGCGGTACGCAGCCAAGTTCGGTACAGCCGATTCACTACCCGCTTTTCCGCAGCTGACCGAAGGCCTTGTGTGATCTGACGGAACTGGTTGACCTAGATTATCTCCCCTCCCTGGGACGAGGGTGGTGTATCAATGACAGTATCCAAGAGGGAGAGCGAGTATCCGCTTGCGACGATTAGACGGCCAGACAAGCGAGACGTACAACGCTTCTTATCGAAACCCGCGGTGTGTCTTATCTAGGCCCGCGTGTTTTCAACGCACACCATAACATTCTGGTATTTCAGCCCTTTTTATTCTTGGCCAGTGTGGCCCATAAGTGGGTGGGGCCAACCGTTCGGGCCCCTAGTATAGCTTGCAATCCCAACATATAGCTGGTATCAGGCCCTGCACTATAAGACTCAAAAGAACCGCCCCGATGTGTATGATTGTTATGCACGTGTTGCCCGCGGGACCAAGGAGTAGGAAGGACGAGGTGTCATACTTGATAGTGCGTGCCTTTAGGTGTTGCTAGGCGCAACCTTGAGGAATTCCGAGGTCACCCAGGGTGCGCCGAGCCATCCGGCCTGCTTCTCCTATGGGACCTTCGGCCTCTGCCACCCCGCCTCCCTCATTCTCCAAAGTACCAGTTCGTAGTCCGGTTATAGGCATAACGTAAACCCACCTTACCCTTCTACCCACCGAGCTCTGGGTAAGCTACCTGTATCACACTACCTCCGAAAAGCGCGTTAAAGAACCCCCCGTGAGTAAAGGCAGATCGCCCTGGGCTCGCTGATCGGCATCCCCCCGGTCCAGGTTGGGTAGAGTGTCTCACCACGGGTAGGTGCGGTCCAGGGCAGGCCCTAAATAGGCGAGCGGTGATAAGTAGTATAAAGCAGCATGCCGACGCCAACGGGCGCCTACCTATGACTACTTCCTCGGTGACACTACCGGTGGTCCACAAGGGCAAGAACTATTGTCATCAGGTAACGTACTTGGCTACTTTAGCTTCGGGCTGTCCTTGATTTAACCATGCTTTCTCCCTTTATTAACTGTAAACAAAAGAGAACTCTTACTCCTCTGCTATTTGTACGACTTTCAGTTGTCTAAGAGGCTCGTTATTACACACTATAGGGCCACAACGTTGTATTACCGTGCCAAACGGTTTGATCGGTGGAGTCCCACATCCGGCGTCAGATGGAACGGAAAGACAACCCCGAGATGAGGGCCATCTGGCCGACTTTCTGTGTATACGTATGAAAGGCGGGCAGCGATCTCCATCCGAGACACGATAGCAATCCTCCCACGAGTCATGGGGAACTTTTGTTCAAGAAGAGTGAGCAACGATCTTACTGGTTAATCGCTAGCGCGTAGGCATACGCAAATTCCACTCACGTCAAGCGCACGAGCAGCGTCGCCCAATGTATCGGGTAAGCAACTGTGAAACCCGCAGGCCCACGTCACCGTAACAACACAGTTTAGAG,1482,53.04,Arabidopsis thaliana
SEQ_787909,GAAATTCTTGTGTGCATCATTCCTAGAGAATCATCCCGACACGGGAGCGACCGCATCCGCTGGGTTTGCATGACGCTATCGTCCTACCTACTCTGGACCCTATCTGGGAGTAATTGGGATGTGGTGTCACCCGGTAATCGACTCCGTCGGGCCAACTGATGGGAGTGGGATGTAGGTTCTGGGAACGCGTAAATGGGCAGACTGAGACTGAACTGCCTGAGTCATAGAGCAGGATCGTAGCCCCAAAGGAGATTGGCATCACTCTCCTCCGTGGGCAAATGGGCGGTTCGTTCTGCGGTACTAGAGATGTTCCTCCCCGTTCGGAGATCGATTCTGACCCACCTGCCACGAGGAGGACCCCGATCTCGGGCATAAACTTGGAGAAGTACTCTGCCCGGCTTAGTTGAGACCTGCGCATGTACACGAGGAGGGGACAAGGCGATACTCGCCTCGAAGAGCACCCCTACACTTAGTGAGTATCTTAGATAGAAATAATTCAGATGAAGAAAGTTTAGGTGAACAGTAGGCGCCGGGTTTTAGCAGCTCTCTTGACATCCGGGGGGCAACATTTAGAAACAGGACCACTCCTACTGCGCATCACCACTGGTGTTATGCCAATACATAGCGACGCATTGGCGCGCGGGAGTTCTGGGATGAAGCTGGTCATTCCGGAAGCATCCCTTGGCGGACCTCGTACCTAAATCAATGTGACGACGAACACCCGATGCCCATCGGCCTCCATTTGGCGGGCGTATATCTGCGTCTGTCAATAGATCGCTAGGCCCCAAGAGTCCCTAGCTACAGAGGCGTCAGGATTTCATGGCTCATGTAAGGTAGGAATCTATTGGTAGGAATGCCGTCTTCGAGGTCGGGGGGCTAGCGCCGGATCACTATCAAAATCTAGAAAGTAAACTTCAAGTTCGAGTATCGCGTGTTTTGAGTCGCTTCGTAGGTTAGTACCGTCGACGTGGTGATCGTCTTACTTTATGTAATACGATCAACAATGCTGTACCTCTTCTATGCAGTGAACGGCACGTATTAGTCGCCCGTTAATCTGGCCGAAAGGGGCGATGTATAATGTCGGCTCTTCAGCTGGACTGCCAGGCCCCTACGCGACTTACGCCCCTCACTAGGGATAGAGTAACAGCATCTGGAAACTCTGAGCCCGTCTTAATATCTCGCAGGGCGGGCGCCGCAACTTGCGCTACCTTATCTACATGCGATTGGCGGGGGCAGTCCCGACTAAGGTGCGCGTCATGCACCACTGCTAATACGAGCGAATTTCGCGAGTGCTCTCCCCGTGGGCTGGCTGATCATACATCCTTCTATCTTAGCGGTTGTCAAAGGCTGGCTGTGGGGAGAAGATCCGAAAGAGC,1376,53.27,Escherichia coli
SEQ_166867,GTCCAGGATATGGCCACCACGGCAATATTTTCGCTAATTGGAGACATAAATGTCAGGCTCAACGGTGAGAAAGCACCCTCGAAGGAATCCCCCTCTTATAGACCATGCATCATAGCTCGGTGCTGTGGAATAGTTTTCTATTATCGCTTTTGCGGATCTATGCGCGAGGACGTCCCAATGAACTTTTCGTCGTGAGTGCTCGCCCGAATACGGTTCCTAGGAATATCAAGGACATACTTTGTCTTGGGATGCATCCACTACGTATTCTCACCATGCTGAACATTCTGTAGCCTCCCAAAAGAATCCAGTCGAAGTGCAAAATTGAGTATCATCTCTAGGTCTCGTGTGAGTACACGAAGGTTATAGGAGGAATGTCAGGCTCTGTTTGTCGGAATTAACTGTCTTTACCCCCATCACTAGTTCGATTGAGATGCCGCCTTCATTTAACGGATCCAACCCGGGGCTCTAGCGAGAACAATCCGTGCATGGAATTCGTAAAACGTTCGGGATTAGCTTTCTCAGACATGAGAGGCGCGGAGGAATGCGGCACCTCTCTACGCCCCAGACGGTATCTCACCATTACAGAGAATGGTCGTGATACTGCAAGAGTAGCTGCTCGACTAATCCGGAAGCAGGGTGGTGCTCGTTGAAATCACAAAATACGCTAGAACTCGTTGGTTTTAGTTATAATACCGTGGGGAGCATCGCGCAATGCATACCTCTGCGAAGTGGGGACTAGGTTGCGCCCGAAACGTGATAATTTCTGAATCTATGATAATCTGTATGGGTCAGGAGGCCTAGCAAGGGCTAAGGGGTCGTCATCTTGTTATGCGACAGGGGAGACAAGGGTGGTCCAGTGTGGGAGGCAAAGAAACTGAGGGTCCAGGCATTCAGCAAGTTCGAACATCTGGGCGTGTTTGCCAACTAATTGTCATACCTCTTGAGAGCACGGACTTCGTCACTACGTCGGTTGTGACGGCGCCCAAGCGGGGCGCTTTCTCGAATTGAACTTCCACTGATGTGAGCAAACAGGACGCTGCGGTCGACCGACGTGTCCGATATTTGTTCACGCCAATCTACCCCCAAGGTTCATTAATCAAATCTAGATGAACCTCGATCCTACATCAAATACGTTTGGATTTAAGAAACAGCAGCTCTCGCGCAGAGCCAAAAGTTGGTCGTACGCTAATCAAGGCGAGGCAATCTTGTTCTCATTGCCAAATCTGTTCGGGTGGCGAGTCAGAATCTGATATCGCCAAAGCCCATCCAGATACGAAGGCTGACTGATCCCGGATACGAACCATTGCTGTGTAGTTCATCAAGGCAACTGGCCTCTGCGCAAGGACGGTAGACATACTATCCTAGGGGCCTACTGTTATAGAATACCGTCCTATTGGTTTGGACTTTGCTCGGCTAACATCGCCCCTATTATTAAGCCTACTCAATTGAGGCCTACAATGATCTTGCAAGCCGTTCTCGGCGGTGGTTGGACTAGTATCTTCAATTAACGCAGTGCTACTTAATATGAAATTTTGTGCCTCCCGTGGATGGCTTACATGCTGATCAAGCGTTCGGCTATTACCTTGCCGCCTCGTGTCCACTTCTAGACGCGCAGCTCTCTACGGCTCCAGTTAGTCTCAAAACGCACTCCGTGTAGGAATCTAACCCCGACCATTTACGGTTTGGTCGTCCACAGAACAAGCTGCTTTCGTATCAACACCGCGACCGCCCGTAACGATTAGGGGTGGGCTACCGATGTCCGCTTCACGATACAAGCCTTGGACTATAGACCGGAGGCGGCCCCCTCGAGGGAGCGCTACTTCTTACACATCTAGCGCGGGGCCCGTAGAATTAACCCGGACAGTTACAATCATTGCCGATTGAGGGGCTTTACGAATCGCACACTCATGCATACC,1916,49.9,Caenorhabditis elegans
SEQ_647059,ACACTCTGCGGACTGAGTCATTAATGAATCTGAGGAGGATTCTCGTATTATGTAGACCTTAATTACTAGGGGCTAAGGCTACGGTCGCGTCTGTGGCCCGACTGGCGGGAGACCGACGGTCGAGTCTGTATTCACGTCTAACGTGTATTTAACCCCGTCCCAAGTGGAAACCATGGTCGAGAATTAGTTAGCAGCCTGAGAGTGAAAATTGGTTATGGGACGAGGCGTAATGTGCCACCGGAGGTTGCGGCTGAGAAGTAACCCATCCCAGAGTCCGCCCGGTCTCCACAGGACTTGAGCTACAACTCGGATCCTATGGCTCTGATGAACGCAGGGACCACAACTTCATACTCGTCTCGCGTGTTTACAATTGTCAATAGGGCTGGTTTTCCCGGGATAAGCCCCCCCACGGATGTTCCAGGTGCCGAAGTCTCCCGGCTCTCCGGTTAGCGTTATCCGCACTACGGATCGAAGCCCGCCGTCAACGATCGCGTTATGATTTTGTGGACAGATCAACTTACACAATGCTAAGAAGTACAAGGTGCTTGCGTTCTTTTGGGCTACCACGGCCACTTCCAGCCGGCTATCGTAGGATCAGTTATCATAACTCACACGGGAAATGATCTCTTTCTAGATAACAGACTTACTTGATGCCGTGTTCCTTAGTAAGTGGCAACCGGATACTGGTAGTTCTTTCCGTCATACCTCGGATAAGGAATACGAATTTACTATGGATTAGCCTCCACAGACGGTCTTAGTATTGCGAAGGTACTACACCTTGTACTCTTAGAAATTTCGATTGGGGATAAAGGTCTCCGCAAGCAATTAAATTTTACAAACCTCTGCGAGCAGTGGGGCTCTACACCGGGGGGAGACGTTCTGCCCAGCGGCATCCACTTTGGACGAAGCGGGACTAGCTAACCACTAGGCAAATTAACCTCGCAAGCTTGCGCCATATGAAACCGACAGTATGATGAACAGCATGGTTCAGGCCTCTGTTTCCAGCGTGCAGAGTAGATTCAGCGCAGTGCCAAAGCCTCAAAATCACAGGCCGCACCTAATTCCAATGGGTAAATTTGGTTTATACCTACACATGGGCCTGGATGTTCGAAAAGGTCGCATCGATTTTATTCCACTCATCAACTGTTCCAATTGAGACAGAACAAACGGCACGTCACGCCTTAATAGGGGGGACATGGACAGCAGCCTCAATAATGTGTGGTGTTGGAGCCGCCATATCTCTCGGCATGGAGGTGTCCGACATATCTAAACAATAAAATGGGTGGCGCCAATGGATGGTGAGTGACACTATACGCCCATCTTGAGTTTT,1330,49.62,Saccharomyces cerevisiae
SEQ_749784,TAGTTCTAGAGGCCTGGGACTCATCTATCAGCGTGTTAATTAGCGTTTTGCACCCCGCCCCCTATCTTACATATCTAAGTATATAACAAGGGAAGGAAGCAATCAAACGATGCAACAAAGAGTAATTTATTCACGAATAAAGTAGGAATCATATGACCTTGCCCAGACCTCATAAGTGTCCCCGATTCCTCCACTATGCAGATACATTTGTTTTTAACTAAGTAGCAGATCCGCGCGGAAATGGTACACTAGGGCAGGACCTCGCGCCATGTTCGCTGCATAGACGAGACTGCCCCAATGTTTGCACTGAACGTTGAACATTTACGAACTCTCCTGGGGCTACTGGGCACCACGACCCAGGCTGTCCTTACTGCACAGATGTCGTTTGTGCGTTAATTGAGGAGTTCGAGTACACGCAAATTGAAGCGGGATCGAAGACTGAAGTAGTTCAAACATCCGGAGAGTACGCCGCTTATAGCAAGCGCAACCCAATGTGACAAGTACTGACTTACTTAATTTAAGGGTGTTTCTGACCAGCCAATAGAGCGCGCTCCCTGGGTCCTAAGATATCTCGAACAAGCTGTCCCTATCGGACCGACGAGAACGTAGAGGGCTTTCATTGTCGCTATTAATCAACGGAGTTGAATACCCGACTTCACCCCCCGTCTATATGTCGTTTAGATAAGGCTATACCGTAATTCCCTCTACCAACCTCTTCCATGCCGGGTAATTCCCAATTGTTTGTGTAGATCGACGATTACAGCAGGATTTCATAGGTTATTGAGTTGCGTACAGTGTGCAAGCTAACAGTATCTAGAGGGATCGGATACGTGTACAGTAACCGTGAAGCTTATGGGACCCCTATCCACTGTGATGTGGATCAAGTAAGCATCGCACGAAGGCTCTCCCCTACGAGATTACAATGATAGCGTTTCGATTAATTGAGGACGAGCCGAGTAGTCTACAACAAATTGTGCGGAGGTCTTGCGTGTGTCACCAGATTGTCGGGACCATACGGTGTATAGTGTAGGCCTTGCAGACCTCCAGATAGGCTGCCCCTCTGTGATTGTACCCTCGTTACCAGAGCCATTGTCCGGTGCGAACCTGTGGCCCACCTAATGTTAATATAATTATTGGAAGAACTGAGAAATTTTTGGGTGCTAGAGGATAGTGAAGTGTAGCACGGCAGTCTGTACTTGGCCCACCGGCAGGCTACCCAACGATACTCTATCCTTCTGAGTAATTGGACCCAGACGTCAGGTGATCTTTTCACGTTATTACTTATCACAGTGAATCTTTATTATACTAGGCAGCGGTTATACCCGTATGGAGAGGACGGAGCGTGCAAAATACAAAGTCGGCGGTATTACTCCCTATTTTTAGTCATAAAGCCTTTCCTCCCCTAGGGCGCCATCGATCGGACCGAGCGCGGACACTGCCTCGTGCCACTGGGTACAATAGAGAGGGCGATTCCCAGCTGTGATGTTCCTTTTGCGGCATTTCTTCGCACAAGCGTCTAATGAACACAGTCCAAACTCATTAGGGGCGTCGCACCCGCTGGGGCTGCTTTGCTTTTGAGAAAGTGTGAGCAGGATCCGGACTATCACACCAATTATGCCAGAAAGTACCGACCATGATCGCCCAGATGCACAGGCGTTTCACCGAGTGATCTAGCAGCAAGTGCGCTTGTAGCAATGCACCGGGCGGCCGGTAACAACGCTGGGCCCAACGCTGCGAATTGGGCTTCATAATAGTTGAGCCTTCTCTTT,1769,48.67,Saccharomyces cerevisiae
SEQ_231831,CTGTCCCGCCACCTCAGGTGGATAAGTCTTTGCATACTACAGCCCCCATTCCGCCAACCGGGGACATACACGCTAAGCTGCAAGCGTTGCTCAAGCGTCGAGCTTCCCAAACTATCGCTTCTAGCAAGAGGAACTATAACTAAAGAGCTACATTCCCTGAAAGTCGGTCAAATACCGTGTCCTCACGTTCAAGCGCTTAGGGAACGCGGACGGTAATCTCGCATGCAAATTTCAATATTCTTGTCTGGACGAGGACAACTATCGTCACGATAGCTTGTATATCAGGCAATGAGCTGCTACCTTGTGATCCAGTACCTGGTCCTCTCGTCGGCGTTAAGCAAGGGGCTCTAATCCTCTATCAGAATGCTGCCTCGTTCGACGCTCTCCATCGACTATATTCAGTGGATAAGGACGGAGGTCTTAGATGCAACTATACTTTGACAACCGGAGGTTGCCCACGAAAAGGCCCGATACCTGGTTCTTACGCATCTTTGTGCCTACCAACCGAGTGGTTGCGAATGCTATGAATTTGAGGTGAATGAATTTAGCGGAGTCTTTGAGGATCGACGTAAGCACACACCATGAGGTTAGCCATCAGAACCGTGATATACGCATGTCCGCGGTCGCTCTTTTGATGGTGCCTTCGCTTCATCTTGTAGTGTTATTCCCTAGAAAATCAGGACACCTACGTAGGATATGCATGATTCCGTTACATCACTCACACCTTACTACGCAGGAATAGGAAGCGATAAGCACGCCTTCGTCTCGGGGTGGATTGAGATCTCAGTCCGAGTCAAAGGAATTACAGTGGTATCACGCTAGCGAGTCGACAGCGATCGAAGTACGCGGGCGCGCCAGTGTGGGAATCTAGAAATAGAAATAAACGTTACGAATCTTTTAGGCGGCATTTTTGAGACCAATAATTGTCTGTGCTCTAGACCATGTGCAAATTGAAGTTTGCCTAAACAGAATCACTTCGAGGCCCCTCAACTATAAGAGGGCAAAAGTGCTGGGCATAGTTACGTGATTCAGTCGGGTTACGACGACCAATGTCGTCAAACATTTCGGCCTCCTTGATGTGGAGTCTAGTGGAGCGATAATCTGCGCTAGGAATTAGAAGCTAATGGGAGTAAGATACGCGGCGCACTGGAACCGTCGCAAGGTCTACGTTTACTAATACGAGGGAGGACTCCTTAGAGTGGGAGGCAAAAGCACAGACCTGTCGTGATTAAAGTAGGTCTCTTCAACGGCATCTTCCGCACCCCAACGTACCTTGACCGCGAGGGGCCCAAGGCCACTCGTGTTTAACCGTCGGCGAACTTTCCGCTGTGGTTAACAGGCACGATAAGAGAACAGCATCATTGACTGTTACACACTCTCACTCTCTACAGACGTTCAAAGCAACGGGTCGCTAATCGTATTGGAAGCGAACTGTTTGAGGTACAGTGACCCCCAGCGTCCGGAATCAACGGCCATTGCCCTTACGTTTTAACTGTCTGGAATTTCGACCTTGGCGCGGATACTCAGGTTACGAGCTAATATCCAAACTTAAATCCACACCCTTTCACTAGCAGTTGGCCTCTTCGTCTCGGAGGAATCATTATGGTAGAATCCACCGTTGACGCTCGAGACAAGACAGAAGTGTGTCACATTAGTTTGACTCTATCCATCCACTATTCGTGCAATGTCCTCAGGCCTGCGTCCTACACCCGCGCATTCGCCCCCTTAGTCGGCCAGCGTCCCGGTACGCAGTATCATTGCAGGGGGAAACGCCGGCACACGCTAGCGGATCCAG,1795,49.92,Saccharomyces cerevisiae
SEQ_528752,CTACTATACAAACGGCAGCGCATTGGTACTTCTCGGATCTTAGTACCGCAGCGCTGGCCGACTAGGGGACCTGAGTCCCCTGCCCTACCCTGCTACCCTAATCCGGTCCATCCTCACTCTTGTGCGACGGCTACTGAAAGTTCGACTCCCGTCGAATCATTAGATTCTATGCTGCACTCCATCGGGCCGCTCCAAATTCCCACAGCAGGCTTGGTACTCACCTCCGCGATGATGCGTGTCTAGCCGTGCTTTCGATTCGACTTCTACCTGTCCCGATACATTGATCCAGCCATGGTTTAAACCTGCCAGTACTCATCCCTCATTCTCATCGATCGCTTAATAATTTTACAAAATGTGCGCAGAGACAGATGCGCGAGGTGAATTGATCGTGCCTAAGCATGCCGGTCTGAGAGAGTGTACTCCAACCCAGGAGATGACGAACTTTATAGTTCGTTTTCAGCTGTTTAGATATAACGTTAGCCACGAACCTGAATAATGACTTCTCTTCTATGTTGGTTTGCTCCCGGCGCAACAGCACGGAGTTAAGTAAGCACCAAAGGGTCTCTGCGATGGGCGATTGCTCTTTAAAGACATGCGTCTACTGTTGTAGAATGTACCCCGAACTAGTGCATCGTGAAGTGGAACTCTCAAGAGCCAAACAGAACAAGCGCGATCGGGGGATGTCTAGAGGGGCTAATGGGAAATTCATTGAGAATGTGTAACGCCACGACGCTGTCCACTGGCACTCGCACCTCCTTTGAGTGAATCATTCTACAACAGAAGCACACGCTGAAAGGGCACGCATTAAAAAACCGACTCTTACTACCCGTTTCCCTTTCGGGACAGGAGAACCCATACCGGCGTAGGCCCCTCACGAATTTGTTGTCATAGTGCCCCTTGACCTAATTAGTCAACATACGACCGATCGTCGCGACTTTGTGCACGCCACTTTGAGTAGGGAAGTTGTGTGCACTAATTACGTTATCATGAGACGAATAAGAGGCTTTACCGAAGGAACTCACCTGTAAAACCCCTCGGGTACTCGATGCTTGTATGGCACGTGCACACAAGGAAAGACCGCCATCATCGGGATAGTGCACCGACCGTTAGCATGATAAATGGTCAGAACCTAAGTACAGCTGGCCTGATCGAAGGGTCTGGCATTAATATACAGAGTTTCACATCGCTTAATACGTTCTGTCTGCCTAGGACGTGTGAGCAGACGGTTGGTGGATCCTGAGGAGCGGTGGCGCTTGTTTTTTTAGACCTTCAAATCCCTCAGATTCTAGTTCACTGTACAATCGCCCAGTTGAGGCAGTACTACGTGGCGCAGCTTCTACGCGTTTACGCCCACTAGCCGGAAGACCCCAGCTGAGGATCTTGAACGATTCCAGAGAATGGTAGCTTATGTCCATCATTCCATCTTGACAGCTCAAATGGTCGTCGAAGGCATGCGATGCGCGGGCGGACGTAATTGCGGAAACCTCCCTGACGCTAGACGCGGCGTTAGTGGTTTACCATTTCCATACGCCCGTAAGCCAAGTCGTGAAGAGCACGTATCTCCGCGTTTATCTTTGGGAAGACGTTTACAACTATCAAGTCAGAAAATTCCTGATGCAGATTCTATAGTTCCTAGGCCTCCTGGAAGTGAATGGGTGCCGATCAATCCAAGGGGCTGCCCGCGCACACAAAACCCCAAGTTTGGGACATACTTTGTTACTCCTGTTATATTGATAG,1737,49.91,Arabidopsis thaliana
SEQ_549895,TTATGGTGCGTGAGCACGGGCCCTGTATAAGAGATGCACATTAGACTGCGGGAGATAAGGGCGCTTATGATCCGCAGTCAGATGAATGTACTATCAGATCATATCGTGACGAGAAGACACTGATCGAAGCCCCAAACTTCCACTGCGACTTTAAGGGCATCGATCAGTAATCGTGTCGCACTTCACCCGCCACTTTGTAGCTCTATCAGACGTCTGTAGACCATTGCTAAATCTTGCTGCGTGTACACTCGCTGTGGGGAGTTCGGGTGTCACTTATCAGTTGCGCTACGTCTATCACCACACCTCCTTACCCAGGGCCCACGAAGATGTGTGGGTGAAATAACACTTTCGCGGCCTACACTGAGCAGACACCCCGGCATGGGGGTCCCCCCGAGAGCCGACTCGGTAGAGGCAGGATGCTCGGCACAGTAGAATCCGGAAGCGGCATAGTGCCGCAATATTTATTGGGGTATCTCGAATTGAATCTTCTAAAGTAAGGTGTTTCGGTACTGGGAGAAGAAAATCCCCCGGGTTGTCCATAGCACACAAGGGACCGGTTATGGTTTCACGTTGTCTATTCCATGCGTACTTCTCAGAGGTGGGCGCGCAGGCGTGTTTCCTATGCGGACCGACGCATCTGGCCTAGCGAACCACCTAAAATTCTCACGACCCTCCTGGTTACGGTCGAACTGTACATAGAAACGTATGGATCTTGATGGACATCGGAGGCAAACTGGTGCATCTCTCTAATCGATGAATACAACTGCCGCTACTTTGTTGTTCGACCTGCAGCTCTTAGTGAAAGAAGCAGGGAATTGCCCTTAACCTCCGCTGCTCTTGAGTCTTAAGGCACTAGGCATTAGGATACCCGACCTTAGAAGATTCAACGGTCTGAGCCAATTCACTTCCGGCAGAAAACCAATGCGGAGGCCGCCCCCATGTGAAACTGATTAAGATCAAGGAGCGGGTGTGAAGATATTAGTAGGTACGTATCCGAGAGCTCGATGTTCTTTATGGACGATCTAGCCCGATGAGAGTCTATTCAAAGCAGCCACCGTGGCTGCCACCGATAAACTCACCCGGTTCTGCGGAGCCGGACACAAGCGTTTCTCTTTTGGCCTACGCTTTCCAAGGAGGCCACGTCTCCGATTCTACGGTGAAACCTGTGGCGGGAGTGCGGGTGTCCGTTTCAGGTGGGCAGGATAACCATTTGTTC,1216,51.81,Drosophila melanogaster
SEQ_571687,GCGTACCTAGGCGGTCGGGAGCAGATCCAATTACGCGGCATGCCGGGATTCCACCTTCATGCTAAAAGGCCCGGCCGGCTCAGTACGCCTGGTTGCTTGTCAAGCCATGCCGATGCAAACAGCGAGAGGCTAACTTCGATTTCCGAATGTTACAGATAGATATTATCGCAGCTCATATAGTCAGCTGCGTGCCGAGGGTTTCAATCAGGGATCTGTCAGTACGTGCCCCCCAATTGTCATGTCCCGTGCCACCCCTTGTGTTAAGTATGAGTTGGGAAGCCTCCTTGCACGTATATTATGGCGTCGCCGCCGGCTGAAAGCGGTCCGGGTCTGAACCAACGCGGATAAGGTCATTCCTTTTGCGTTTAGAAGAGACCCGAGTGCCCGACACCTTACCCGTCAGAGGCTTATACATACCCGTGGTGACTTTGCCCAGATCACTTTGAGGTTCCGCAGTCCAAAGCACTCGGTCCCAGGCTCTATCAGAAATGCACAATGTGATTCGTCCCAACTTATGAACTCAGTCCGCAGGCAAGCTAGAGGTCCACGCGCTGGACTCGCGCGGATGGGCGTGTAATGATTTTGAGGTGTAGACCTACGTAGCCTGTCTTCACAGCACTCTGAGCTTGAGGGCCGTGAGCCATGTAATAATTGCTCACAACTCCCAGCTTGCCATCGGTTCCCGACCAGCTGTCTCGGAAGTAAACCTCCAAAAGTAGATCAGGAGAACAGCACCTGCAGCGGATGCTGGTCCAGGGAATAGGGTATCGTAACTATAGCTTCAACTATCTCCGTGCAACTCGTTAGGTTCATACTACTGAGCTCACCTATTGTCGCCCGCTATCATCCTAGGTCTTGCCCCTATGGTACGCCAGCTTGAGTCCCGAGAGGTCGCGAGGAAGACTTCAAAAAAGTGCAGAGGGTCTCACTCACGGGATACGGCCACGTATATCTTAAGTAGTGACCTCGTAGATATTAAACATTTAACCTGCTAAGATGCTGCTTGCTGCGGTTAGTAGGATTAGTTAGAGAAAGGTCTAAATGCATCACACGTGTATGTCCGCTGTACAGCACGAGTTAAAGCCGTGGCCCAGGAACTGGGAGATAAGACCACGCCTCCCCTTTCATGCCTATACCGGTCGTAGGTCTAGTTTCGAAGATGGCATATTTGATGAGTCCGCGACTAACGTAACCTCGGGTACAAGCCGGGCTACGCGGCCGGTTCCGAGTCCAAATACATAATCATAGGAAAGTGTCTGTCGCGGTTCCCTTCTATTACGGGGTTTGTCTAAGCGTAGTAGTGGCACTGCTCCTTGACGCGGCAGACGCGCGATTGACCACGCGTGCCTGAGTCTTTTATTGCTTAGAAGACGCACTGGCGATAGAGGTTCGCCACCGTTCGGAAGGATTTCCCCAGGCAACGTCGAAAAAGCGCCAGGCAGATACTTCTAGCAGGTCTGGCCAGGTTATAATTTCCCCCGGTTGTTGGCAAGGCCCCATAGTGCCTCCTGTTACCTTCGCGACTTAAATACCTTCTTTCATACTTCACTGTCGTTGCTTAGAGCCCTTAGTAAAGCACTATTTACATGATCGGGACGAGTTGCGGCATTCCGAGCGGGTCGCGCGTTGATTGAGGATGCGCGCGCGAAAGGGAAACGGGGGGGAGATTTAGATCTTCGTCTAGTACCAAAGGATTTCCGGTCATTTTACCTGTATCAACTTGCAACAATGCCCGATCCCTGATTTGCCACCGAGAACACCGAGGCTATCGGTGTAATTTCATATTGTATA,1791,51.87,Caenorhabditis elegans
SEQ_827135,ACACTAGCAATGCAACGTACTATGTAAGCGTGCTTATTTGACACTTTCACCAGCAACCATCTAAGCTGTGACCTTGACAGGTCCGGGAAGAGCGCATCTAACGTGCAATTCTCGAACTATATTCTGGACCCCTATGTCCAGCGGGCTGTTGCGTGAGCGTCCAATTGGCCCTATTGATATGATCCCAAGAATCCCCTCTAATGTCTCAATACGCCTTGCTTCGTAATGCAGGCGACATCAGGCCTCAGCGTTAGGTGTCTCGTTGAGCCAAAGGGACGAACTTGATATAGACTTTTCCTCTGTCGAGTAGTACTCGAATTTACGGGCAATGTATCGGGCGTCGGGTTTCGGCTAGTGGTATTGACCGGTCCGCGTTATCCAGGTCCCTTTACCTCCGCAAGAACGTCGGCAGTGACACTAAGGTTACATAATCGCATACCCTTACGTTGTGCAATGTTGGTACATCCACCCAAGGCGTAGGGGCTTAACCATAGAAGGGGTGGGAGGAGTAGCAAATACATTCAATTGGTAGTGTACGGACTCCTGACCGTAGTAGCGGGTAGCAGATTGCTCTATAAGTTCAGAGTTACGGCGCACCGTGGTGAACCGTCTCTGTACCTGCCGATAAGATCCGGTCCACTCCACGGGAGCGAGCACAATGATGAAAGTAAACAGACCGGCGTATTATTTGCCTTCCATAATCGACGGGTCCCCATTGAGCCGTCATGAAAAGGGGCCAGTCCACGAGTCCACGAGTCTAAGTTGACAGCATGTGAGCGGATCGGAAAGCGTCCGTGAGCTGCTCGGCAAGAGCCAACTCCGTGGACGGGAGTTATTGTTCGATCGTCACATTAAAACAGCTTATAATGGATGATTCTGCATGAACTCCGAAGCTTTGTGGCGAGCCCCTGAACGGTCAATTCCCATATAGGGTAAAGTCATATTGCCGTTATCTCCAGGGTGTTATGACTGAGCCTCGGGTGTACTGTACTCATTGTCTACAACAGTAGGATCGTGTTCACTGCTGATTGACAAGGGTAGGATCAAGTTATCAAATT,1058,49.72,Arabidopsis thaliana
SEQ_816628,AGTGAAGCACGTCAACTTTACAATTTACAGGTCACGCTGGGAAACCGCCGCGATGCGGAGTGAACCCTGCCGCCGCACTCAAGTGCGCAGATGCTTTAAAGACGGCAGCTAGCCAATGTATACGCCTAGGCTCATGAGCGTTAGGTGATGCACCATATGACAGAAGCGGAGTCCGTTTGGTATCATTGTCGAGTCGGCTTCAGTGAGGCCCTCCTGCAGACGCATAGGGAATTCCACTTAGCAATTGAGCGTGGCGTTGAGTGTAACATATCATTACCAGGGACTTGTCGAAAGCTATTTGTAGGGTCAATGCTAGAGGCATACCTTTATTAAGATGATATTCTTCGAGTCCGCCTCTTCAATAAATATCACAGAAATCTGTAGGAGGAAACACAACGTCGTCCCTAAGCTATCTTTCAGATATTCGAACACGTAGGTGCGGGCCACACAAATCGCTGCAGATTTCCCGTGACCGAGGACCAACCCCATTAAGACACAACAAGCGAATCGACTTAGGAAAGATGCAGCCATTTTCAGCTGTTATCTGGGTCGATGCATGTTTGCAAGTTGCGACGGTACCTCCACTAGGCATGATTTATGACGTGTGAGTGCTCTTGTGTTCTTGGCACTTCTGAAAAAGTTTCCATGTGAGACACGAATTAGACCCACGCACTCAGTCCTATTTGTAGTGGCTTATGACTTCGGAAAACTCCAACTAGCATATTAGAACCTTGTGCCCTCTCCCCGTTTTTGATGGCGAACTCTCTTTAGTAAAAACGCAGCCTGTCAGGATGGTGGCCTAACAGGCAAGGATCGGTCCTTCGAGGATTATAACGGTTCTTAGAGAACAGTTGCTTCAACCAAATGTGAGCAAGCATCATGCACCGCTGCGGTGCGAGAAGAAGAAATTAAGTCCGGGATGCCTACTGATACGTTGACGCTCCCGATAATACCTTTCGACCTTGATCAATGGCTCTCAGCGAAGGTACCACCACGTGGAAACAGGGCTTCATTCGTAAGACCTAGATGCACATTCCGATCCAGTGTCTCAGTGGCACAACCGAACCCTCCCCTATCGATAATTCGACACTCCTTCCTGATGTTTATTCATGGGAGTTGATTGTGGGAGGCCGCGTCCACGCAACGGCGTAGCGCGCAGAAAAGCAAGTCTCTCTGGTAGATAAAGGGGGGTATGCTCCGCGTA,1204,48.92,Caenorhabditis elegans
SEQ_103945,GATGAGCTCCACCCACGCCGATAGCGCATCGTGTGTATGCGAGTGACACGTTCGGAAGGAAGGTCACAGGAAACCTAATGCGGAGGAAGTAAATATCGGGACGAGGGACTTAAGACCGAATAATCCATTGGCACCGCACCCCTATTTATCTGATAAGCAGACTAATTTCAGCGCGGGTACCCAACCGGATATGTCAAAGTCTTGATCCCTCGTTCCCTTCGTCCGCCAAAAATATGGTTAGTGATAGTCCGTTGGAAGAGTGTAGAGAGGTCTCAGATGAAGAATATAGGGCGGGGTAGCGGTATGCGGAATGTCTCAAAGTAAGAACAATACCGTATGGACAAGTAATGTCGTAGGCATCCATCCCATCAAGCCTGACATCCATAAGGTGAGTATGGCTATCATTTGCCCACGGTGTGTCACGGCTCGCAGATGCTCGATGTCGGCTATCCCCGCGCATGGTCACTTTGGAATCACTCCTGCATGCGACCGGATTCACGACGACGTGCAAGGGGCTACATTACACGGGGAACGTGCAAGTAGTCATAGTTGCGTTAATGAATAGTCGAGATATGTGGGATGGAACCGCAGGGGTACCTGTTCGCTACTATATGAAGTGCTATGACTCAGGTTTCGTGGTCGTCATTGGGGCAAGGGCGTTTCTAAGTAAAATCCAATTACGCCCATACACGTATTGTCATGTGATACTTGGACAAGCAAACATACCAGCGAGGCCGGGGGACAAGAGTTCATATTATCCGAACCCCGAAGCGACTAACGACGTGAGGTTGTAAGGCCTATGCGCGTGACTCTACTATTAATGGTGCCCAGGCGGTGCACTGGGAAGCTGCAGCGTGACTTGCTGGGCGGCGTCCACTAATCCGGATAGCATACGTTAAACGCGAAGTGCGAACCTGGCCTGTACCACTTGGGTCGGTTAATGGCCATAGATAAGATCGCAGGCTGGGCCGACCCCCAACCCATTTTTTCCCTGAATCTCTATTTTGTTTCCGCTAGGACAGAGCATCGAGAATTACAAGCGTTAACAGTCACCTTGCACGCCCTCAGAGCCTCCTGACATCATAGTCATTTTCGCCTTGCGTCAGCCGGTGCGTGTCCGCAAGTCTTTGCAAGGCG,1137,51.19,Saccharomyces cerevisiae
SEQ_589049,GACCTGTAAACTAATTTCACCATTACAATAGCCGGACTGAACTCTGCTTCCGCCCTAAGCTGACAACATAACAGCCCAGGAAATCTATTCTCCAAACCTCATCACCGGTATCATACCCTTCCAGCATTTCGCCCATTAAGTTGAGAAGCCTTCTTTGAGAACCGAGAGTCACCCACATACTGCGTAGTCCTACGTCCTTTTCACGATCCTGAAAGCACAACCTTTTATACATGGATGGCGTAATATCTTAGCTAACGGGAATCTCTGGATACTGCCTCAAGGAGAGTCATAGCCGAGCGATATAGTTATACAAAGTGGTTCGCGAGGACTCGGTGAACCGTAAACTCGGGCATATCAGAAGGGCAGATCTTTCTAAAGCTATCGTACATCAGTTGTGACGTCGACCTGACAAAACTAGCGATTTATCAATCGACTCTAACTTCCAACGCTTCAACGCTATTAGTCTGGTCTTGCAGTAACGCGGAGGCAATATGGTGCCATTGGGAGTGACTGGAAATCATTGCTGATAAACACGGGTAGAGGGAGTCCTAGCCTACACTCGGGTAACTGTTGGGTACCTAAGCGAGGTCTGAACTATAAAGGTTAGGAAGCTCTCCACGCCATCGTAATTGGCGTCCCATGCTGCACGCAAATCCTCGCCAGTCGACCAGTTTAAAATTTGCAGCGACCCCGGTAAAAGGTTAAGTTATTTGTCAAGGCATTGGCTCATATTAAGTAAAGACACCACAGATCGGGCAAAACGACAACGTAAGGTTGTTCATCATTAAGGTAACTGTGACAACCCGTCCTAGGTACTATGGCCTACTAGGGGTGATGACTGGATCACGGAGGGCCTAGATCACGTTCCAAAACCAGACGTAGTGGAGCCGGGCGCACTAGCCCGCCTGGCGCCGCGATGCTAAGCCGCTTAAAGTAGCTCAGATGCCATTCGGAAAATTATTGCACACATTACGCTGCCTCCGGAAGACGGGCTGTGCATTTGACTTACCAGTAAGCTGTGGACGGTTGGCTCCTCATGAATTAATTACGCTCCGGATCCCTTGATTGGTACTACTCTATGGACCAGGGTCTCCGTTGCGGATTACAGCATCATGGGGCGTGGGCCGTTGTTAGGTTTATCATTCGCTTACGGACCGACAAACGACAGGCGTGAAAGGCCGCCGAAAAACGTGGCGACATATCAGAACGGGTCAGAACTCATCTAATGGCGGATGCCTAGAATCAGAGACTACCGGACACGGGTAGGCATGGTAGCAACTCTCCTTGTGGGTTCGTCGACCTCGTACGTACTCTATCTGGATCCACATCCCTTGTTGTAAATCTTCATAAAATAACGATGACGAGCAATGTAGGAGATCAGGGGAAACGCTAATTGTACTTTGAGCAGAACTGCAATGGAAGCTTCCTCCGTCGTACGAGGGCCGCCTCGTTGATCTGGCGCGGCAAGTATCTCACAGCGCAGCGGTCACCGTTGTAATGCCCCCCAAGGTTGAGTGAACTCCTCCCAG,1529,49.51,Homo sapiens
SEQ_346763,CATGAGCATTGTACGGTTTAACATGGGCTCGCCCTTCCTATTCGACCTCGCGTTACGATTCTGGAAAAGAGCTGCGTTCGCTAGGCTAACCTGCCACAGCTGAGCGTTACTGATCATCTAATGGCTTACAAACTGAGCGGTAAGAGACGTTCGAGAACTATGGTAAACCGCAAGTTGTACAGGTTCGGTGCGACTGAGATTTCGCAGAGAGCGCGACTGACAGTCGACATAAAACTTGTTTAGGGAATGCCAGTTACTGCAGCGCCTGTATGAGGCTATACCCTAGCAGAACATGAAAGCAGCCTAGGATAAGAACGGCCCGTGTCCCGGATGTCGGGACGCTGGTACGGATAACTCTGATTAGTGAAGCGGTGTGCTGCACCAAGGAAACATAGCTCTACCTACAGCCCACGGACCGGTTCACAATGCCCACTCCTATCTGACGCTGTGTAAACGCGCCAGCCTCGCCGAGTCTCCGTACATCAAGGCGCTGCGCTAGAAAGGAGGATTAACAGGGCCACTTGTAATTACCGATTATAGCTGCATACCTGGGCGGTGCTCATAGCTGCTACGATCGAGGTATAGGGTGGGAATACGGATATATGTGAGCTCCCAGACATGCGTCATGTGTTAGACACATCTCGGCAGTAGGGAAATCGCACAGCGCCAAACCACATCCTTAAGTGGTTTAGTCCTTTTGCTAGGCCGTGATCCCTTCGGAATTAGTGGCGGTTCAGCAATTATGTCGGGACTAGAGAGTGCCGCGACATGCATAATATCATCTCGGCCGTCGCACCAGAGGCGCAAACAATAGAAATCCGTGTAGGATTTGTGTTAATTATCTGCGTTTCTTATTTGAAGCTCCTGCTGTGAGTATTTAAAGCTAGAATTTGCGTTTCGATAATTTCGAGTCTCAAGTGTGCTTTCAACCGCGAGTCTACCACATGGTCAGCATAACGACGTGGAGATGGCTCCGTCAGGTCGGGCGTACATGCTAGGCAGTGGGAACTCGCCTCAAGTCTAAACTCGTGGTCTTCGCGAAAGTCTAGTGGGGCTGTTCACCTGTCCGCTCGGACTCACGTAGGCCCTCTAGCTCTCATACCGTGATCAATAATCTCATTAGAGCTAGACCACAAAGGCCAGACGCTAATCCGGGAGACTCATACATGCCTTCGACTCCTAATTAGCTCCTGGAGACCCTCCTCCGACTCCTCAGTGGCTCTAGGGTCGACGGAATCGTTACGCGGCCGCGGCGTAGGTCACTTCAGTGGTCATGCCGAAAATCATCACTGAGTTCTTGGAACGCCCCTCCAACCTGCGCTTGTACTGGCTAAGTGGACTAGTAGGAGACGGCCAAGGAACCGCCCCGACTTCCAGAGGTGCCAGGAAGGGGTTGTTAAATTGAGAAGGTTCATAACTTCGGCCTTTATAGCTAGGAACCGAAAGCAAAGAACCGGAATTGCCTTTACACTGCCAGAGAGTCGTAATGGCATTA,1495,51.3,Drosophila melanogaster
SEQ_192827,GATGTCGTAGCCGCGGATCATGATCCACTAACCGGCGATGTCCCTCCATTTTAATAGCCAGCGATACACCGGCTGCTAAGCTTTGGTCTGCAACCTGAGTTATCACGGCTTTCTTCCAGGTGGCCAGCTTTTTCAATAAAGGAAGCGTAATTTGCCCATGCGTGCACCACGGATGGAGTCGGGAATGACAATCCACCGCACTATTTGATGTAAAGCCGTTGACCCCCACACTGGGTTACGCGTCTACTACAGAAAGTCCACGGCGGCCTTCCTCTTCGCAATCGCGACGTATGACTCATTATACTATGGCTAATGCGTATGTGCAAACGATAATAGGAGATTAAATGGACTTGGGGGGAGACTCTCTTGTATACTTCGAGTTCTTATTCACTGATCATTACGTGCCTCACTGACGGTCCCCTATTTCGCAACATAAACACGCGTGACAGTACGCTTGTTATCTGAAAGCGACGGCGCGTCACAACATAACTGGAGTGCATTACCATGAGGCGGACGGCCATAACGCGGCCTATGCTCAGTGTTGGCAGATGTAAGTGAGGCTCTGGTTGGGTGTGACGCTAGGTAATGAGCCACGCTACATCACGTTCTATTCCCGTGTATTTACGAAATCGCATGCAGCGGGGACAAACCTCGAATGCGTTTACTCGACTTTAACGCAATTTCCGTAGCTTCGTTCGACAATACCAAGATCAACCGCTGTTGGAGTAGGTATCCTATTTAACAAGTTAATTGCGGACTATACTATAGTCCCGCGCGGTATCAGCTTCGAACGTTGAACATTCCCGCAGACGACATCGGCAAGGGGAGGATGTCAATTTTAATAGTTACTCGACGCAATTCCCTCTCTCAGTGTCCACTAAGGTACCCAAAATGTCCAACGACAGGAGTGATATCGGTAAAGCAACGAAAGACGCGGTGGAAGTATAAGACGTCGTCTGGAGGTATTATGGGGCGACCCCCGGGAGAAGGAATGACTTGCGCAAACTCACCATTTACTCTTTCCAAAGAACACCAACGTGAGAGTTGTTCACCTCACGTCACACTACCCCTACCCCCTAATCGCACCCGCGTCCATACATAACTTCTCAATGTGCTGGTTAAGCTCGCATATCATGGAAGTCTCAACATTGGGATGGCCCACTCCCGCGCTCATTTACGGGCTATCTGAGCAATGTATCATCCTTGTCAGGCAGTTGTCTGCGCTCATCGTGCGTAGTTGAACCTGCTGTCATGACGCGCAGAATTGTCCCCCCATAGCTTAGAGAACACTGCTCGACCCCACGTTATAGTATAGGTGTGTCTATTGTGTACATATAGAGTGAGTACGTCTTCGCTGCGCATTACTTTTAGTGGCGCTGTTAAACGATTAAGAGAGTGGTGAGAACGGGCCCGTCCCTGGCTGCGCCTAACTACCACACACTTTAGTCACGCCTGAATGCAGCTGGTACTCCCGTGGTGCAAAAGATAAGACGGTCTCTTACTAGACCTTTGGCACACATTCCAGCACGCGGCGGTTGTCCATGAAGATAGTAGTGATCTGTGGTGCGTATTCCGCTATTTACGAAGCTGGGACAAACCACCCATGAATGCTTGTGTACCGTAGCGGTGCAGGAGGAAAGGCAACGGGATGTCTCGTTTGTAATAGAACTCTCCAGTGTGCATTACTACTTGTGGTTCCTAAACGTAGAGGGTGTTACTAATCTACGCAGTCTCTGCTATACAGGCTCAACGTGACCCCATCATGGGGGTGACGTGTCCATCACGG,1786,49.66,Escherichia coli
SEQ_458341,TCAATTACAGGGGGATTCTAGTGACGTTTGTATCGGGAGTTATAAGACGCCTATGTAAAGCGTCTCTTGCGTGCCTACACCTCGTTTATTGTAA,94,43.62,Saccharomyces cerevisiae
SEQ_359462,AGTGATTGCCGATACTTTAAGGTTACCGTTGCTTTCGATCAGGCACGTGTGACAAAAAATCCTAACTACGATGCTCAATAGAGTAGCAATCATCCTGACATGAGGCGGAATCCGTAGACTAGCATAGGCGCAGATATAAAGGCTCGACCGATGAATGTATCTGGTACCAGCCACTCGCTTAGGCCACCGACCGTTGACATTCC,203,47.78,Escherichia coli
SEQ_348004,GGTAATTCCAGGTAATACCCACTGCCCAGCGACCTGACTGGCGATTTTTGCTCGTGATTAATACTTAAGGAGTTTATCTGCCTGTATATTGGTATTTCCTCGAAAAAGATTGTTCGGTACATTGATCGGCGCGACACTCAGCCTCTTAAGCACGCCTTACCTCTTCTCGGGAGAGGCTATACGGTACGTTATGAATGAGGCACAAAAATTCTCGTACCTTGGTTGCGTGAGGCCAAGGCGGCTGCGTGCTTAGGTAACTCCAACGTAATCGGACTCCCCGTCGGTGAAGTTCCAAAGAAGCGGTAGAATCCCAGACGTAAAAAAGCCGAACTCCGATCGGGAACGTGTCTGTAGTCTTAGTCGGGGCAAAACGACGCTTCGCCAGTCCGAAGCGGGAGATATTATTCCTTTGTTGCCTGTATGCCACCATTGTTTTCGCATCGATGCAGGATCACAATAAGCAGG,465,49.25,Escherichia coli
SEQ_916523,GAGGCATTGCATCCGACGGTCCGTTCGAGTTCGATATATCCACGCGGTTGATTCTTTTATGTTGCAATGTACGTTCGGGATGGCATGATCCACCGCGCACCTCCGGACCGCAAGGCCACTTGCGCCATTAGCGTGGCGAATAGAAACTGTCCCCCGATCAGGCAGCGACGGGGTTTTGTAGCGCTCTCGATGCAAGCTGGACCTTAGTATTACGTGCAATGCTGCAATATACTTCTGGCTGCTCTTTATGGACCTTTCACGGAACAGTGGCAGCCAGACGGCAATACCGTGGGCCAAGAAAAAGTAAGGGCGTAGTCGTACAAAAGATGTAAGCACCCCTTGCGGAGTTGGCGTACAACCCTAAAGAACGTCAATTAAGGGGACACTCGTTGGACTTCACTTTCGGCGGTCTGTGTACGTCTTACAAGGCGGTGTGGCGTATCCGGAATTCCTAGTTATCGATCACGGGCGAAGAGGGTCTGGCGCTATTTCCCGTAACTACCTACCTGCCCGTCAAGATGTGCTGACGGACCATGATCTCCGCTGAGTAATGGCATTAGGCTGCCAAGAGGGCTTTGCTGCTACTACGGTCTTTCAATTAGGAAAGTCCTCTCCGATGGCAGCCATGGCGGGCGCATAAGTTTACAAACACCTCACACGCAAAACGGGGTTAACACGCACTCGAACTGAATTTCACCAGATTAAACCATTTGTAATGGATGCCTCTGCGATCTCCATTTGATGAGATAGGATCTTGAGTATGTGATGACAACCGGACTGCCCTAGCCGTGCTCACTCTACGGATGAGGAATCATCAATACGAAGCAGGGATGTGTCGCTGTATAATTCGTTATTTGACCTCACTAAGGAGGGAGACTTTTTAGCCTTCATCAAGCGGCGCCGTGCAATGAGCCACCTTTCAATTGCGTAAATGACCAAAGACCACATCAAAGCACCCATCAAAGCTTGCGTTGTATCCGGCTGGTGCGAGGCGAAGGTCGTAGCGGTGCATCTGCTTGCGACTTTAGCGATTAACTACCGAGTTGGGATATGGCGCAGTTGCAAGAGTTCTCGGCGAGGCGGAACGGCTTGATAGCATCCGACTTGCTA,1110,51.35,Escherichia coli
SEQ_589329,GGCGGCGCCTGGCAAATCACCACAATTTGCGCTCTAGTGCGGGCCATCATAGCTGATGGCTAGCTGGGGCCTAGGAATTGGGGTCATCTATCTGGCCTAGCGCGTAGAGCCGAAATACCGTAGCGTATGCAATAGGTATGGAATTCGGTTCGCAACCGCGCCAGTAAGGCGGCCTAATGGTCTAGACGTCCCTAGCCATATGTTCCGACTCTTACGTGATGAACAGGCGATTGTTTTAGGTTCACCTCGAATACTAACAGGACGCTGCTATACCTTGACTCTTAGATAGCACTTAAGTCTAACCGTGACATCTAACAGTCTCTAACACTTTCGCAATTACCGATGAAGCGTTGCATCGGCTTCCAGTACCCGCTATAATCCGGAAGAGCGAAGCGTATTTAAAAGAACAAATATCTTCGATTGAACCTACAGTCGCCAACCTAGGTCCTCACCTACTTATTCGACTGCTCCGCCTGAAGTATTTGTTCTAGACGGCCTTTTCCGGGGCCGTCACTCGGTTTAGTGTACCGGTAGCATCCGCTTGTCCCTCGATTCGATACACTTCAGCCACTCGGGACATGGATCCATTATATCGCTTCATTGACTAGATCTATTCGGT,619,49.6,Homo sapiens
SEQ_694999,CCTGCTGCGAGACTGGGTCCCCTGGCGTCCGCCGTTAACTGACACTTGGTATGTCAGGAACATCGTAGAGACTGAATCCGTGCTACTGCCGGAGGTCACCTGGAGGGCGCTGACGCTCAGAGAGTAAGCCGATTCGGGGATAATTAACCGAACAACCCGCGCCTGAATGCACATTTAGAATCATAAATGGCCGACCTGTCAGCAGCGGCCTCTGCTGAGACTTAACTTGTCTGTGAGCCCGCTAGTCGTTGTCGTGCGCCCGTGTGGAGTGGAGTGTGATTCCTCTTCTTCACGCTATATGGGTCTTTAGACATTTTAAGGTTACTCCGTATATTGTGTCATGGTCTTTCTGAGCCCCTTGAGCATCCTGCAATCGGCGACGGGATTACCCGGCGTCGAGAGCAGGCGTCGTTTTGGTGGGAATCTTAATGCGAGAAGAGTCTCTCCACACCTGGGTCGTCATATTATTACTTTACTGAAAAACGGTTAAAACGCACATCTCCCCAGCGGTTTCGATAAACTGGTACTGATCTGCGCCTGTACCTCACTCTGACGGAGGTCCGTCTTATGGCTATGCTTGGTCCAGTCTGAGATTAGTCATAATCAGAAGTGGCTGATTACCGTAAAACCTTCGGCGACCTGAGGTTTATAAGCTGCTCAGAGAAGCCTTAGCCAGCTTCTCCGAGGGGGTGACGCTCCCCCTCTAAGCAGCGGAGGGTAAATCTCGCAGCAGCGCCTATAGATGTAGTGGATGACGACGCCCATAGGTTTGACGTATTGATCTGGTAGCCGCGTCCTAATAATCTAGGTCGACTTCGGTATGAAGGACTTATCCAAGTGGACAGGCCGACACAACACATACTATACGAAAGACGCGAGTGGGTCCATGCATCCTTAACAGGGTCCACCTGGGTTGATCATAATGGCTGAATATTTAATCGGCGCCATTTGCCTTACATGAAGATTGACACCGCGAGCCAGTAAGCTTTACCCGTATTCGGAGAGCATGTCGTCTTCTTTAGCTCTTTTACGATTAGCGGCAATAGCCCGCAGTTAATTTTTGCGTCATTTGACAGCGTACGTGAGTTCAGTACCTGTGCGGTGGGCAAATTCATTTTTACTCGAAATAGTAATGTCTCACTTTACCGCCAAACTGGGCGAAAGCCAACCTGCTTGCCACGAGTGGCAGAGCAGGTTAGCAGTTTCAGGTGATAGACGGGTAACGGGTCTTCTGTTACAGGAGAGGACTAGTTTTTAGTCGTGTACAATAGCGAGATACGATCTGTCAGATGATTCAATCCATCGCGTGAATAGCCTCAATATGAGGGTCTTGTCGAGTCGCCTTAATTGAGTGTTCCCCTCGTCGCTACAGTACTTTTCCTACACTGAAATTCAGTAATGACCACGAAGGAGGTCGATAGGTGCGAGAGATGGGACGAGAGGCCGCTTCAGCTGAGGAGATAACCCAATGGCGTACTAATCATCAACACATCTCATACCTTGGGCACTTTCTTAGTGGCACTAATATATACGACTGTCGTCTCCGAGCAACCGTATACTGTGGACTTACTACGTATGCTCCTAGTTGGGCGCGTAGTGATAATTGGCTACAAGCGTGGCCTCTTTCTCCCCGGGCTAGAACCACAGTCTGTAAAACTACAATGCTCCAGGGCGAACCATGTAGCCATAAATAATGTACACAGCTTCCCCGCCCAACTTCTTTTGTCGACTTATCCCGCAGGGTCCTAGCAAAAGCGGCATACTTACTTGGCGAGTTGTCTTGTTATGACCACTAGTTGACCCCCAATCTACATGCACGACATCAGACCACAACTTACGTAAACTTCCGAAACGAATGTTTTGGAAGCGATACTAGCTGGACTGAAGGATTGCACTGAGCACCGCTGAGTCTTCCATATGCCTCCATCCGTAGAGGACCCGCGACAGGGAACATTCTACAGTGCAAACAGATTGAGTAG,1979,49.67,Escherichia coli
SEQ_283805,TTTCAGGGCAATGAGTGTAATATCAAGGGACATAGTAGCATCATAGTCGGTCGCTCGTGGACCTAGCTTAGCGAAGGCCCTGAAAACATCCATTTAGGAACCTTAAGTTAAACCGAGCTACCTTCTTATACACGCAACGCGGAGCTTCACCTAGGTACAGGCCTCCGGCTCACCGAAACGCCTGATCATCCTAGCTTGGCGTATCGGCGTCCTGCTCTGATACGAAACTCGCCGTATATGGACTCCCTAGGCCGGCGGATCGATTTCCTTATCCAGTCCCTGGTAGCTCGCTGATGTACGGGTTCTAAACCTAGGGCCCCGATATGTGTCAAGGTCTAAGTAGTACTCACGGAGGTAGCCAAAGCAGGTTTCGTAAAGGTCACAGAGCCTACGTGGATTTCAGGTAATCAAAACGTCAATCATACAACTAGAGCGATTTTACCTTTTTCACAACCAGTCGTCCGCCATTGTGATTCCGCCCAGCTCAATCTTCGCATGGGGGGACGCCGAATGGGTCCGTGGTCCCCGGCGGTCAGACTTGCGTCGACTGCAGAATTATAGGCCGCCTTAACATCCAGTGATGCCGCAGATAAAGGGCCTGAAATAAGACTGGACTACTATGATTAGGTCCCTTTTCTTGGCTACGTTACGGATTACAGCACCATATGAAGATATCGTCTAACTAGTTTTCAAGCTTAAACCGAACTTTGTGAACTTAACGTAGTTCTGTACCTGAAATTAAAGAGAGGAGAATCCCTTAATGGACGTCCGGATCTTCGTTCGGATACCTCAGGAGTTCTTGCGATCGAAGTTATGGCACCATTGAACGCATGAAGGGGACTCGTCTTATCTCAAGGTGACGAGTTGCCCAACGAAACAGGCAGTAAAGGGAGTTCCTCCCTGCGAGTGCCGCACCTCAGCGAGCACGCTGCACTACCGTATCGGACAGTATTTTGGGTCCTATAGGGGGCCGAACAATGCCCCGAATTAATAATAGCCATTATTACGCCGCAATTTTAGTACGCTTGTGGAGGAGTAAGGCTGTCTACGAAAGAAGACACGCCCACCAGAAAAGATATGGATACCTTTGACGGATCCGGCCCGCTCTTCGTTTGAC,1117,49.69,Caenorhabditis elegans
SEQ_782115,CTTTGCCAAGTTGGTTGTACTATAGTCGGGACCACGACAACGCAATAGCCCGACATGCACTCGACAGGCGTCCGTGAGCCATAAATAATCGGTGCTTTGACCAATGAACCGTTAATCATGATCTCTGCTTGTTGGGGACGGTCAGCATCATGCAAACTCTTGCACCAGGAATACTCAATTGTCCTCCGACGAGTTCAAGCATTGGCCAGCTAGATTCAGAGCACCTAGCGAGTACATGGTCGCACAATGATGATCTACGGAAAATACCACTCAGCACAACATGAGGGTATATCCAAGGCATGGTTTGCGCGTCGTATGTTGAGATCCATGACTCAGATCAACACGTTAGCTCGTTGGTCCGCGTGGACCGCTAGATCATAAGTAAACTGCGATTCAAGACCCATACGAGTTCGCGGGAGAGGACGAAGGTCTGTGCATGTGAAATCATGTTTTCTCGCATAATCAGTGAAGTGGAATAAGCCATCCGCAAGTAGTATCGCGGGCGCCCGGGTTGCGTGCACCCTATCGAGCGCGTTTAAGTAAGGCTACTGACGACAGTTCGATATTGGGTTTTCGGCACAAGTTCATTGGTAGCGAGGTCGGGTACAGCGCAAATCCGGCCTGATCCCTCCCCACTATCAGTTCTGCTACCCCTTTCGCTCAATGATGGAACGTACTCGTCAATTATGCAGCCTGCCTTTCGTGCCTCTTCATCGCGAGAGACGCTGGTTATCCTTAGTTGACTCTCCACCACGCCCTCCCTCCTGTTGCTCCTAACCTCGTCATGTTGACAGCAAAAAGAATCTAAACTCAGTGTAATGCGACTTATGTTCTTTGCGTAGCTCCAAACAGACATTTACTTTCTCCCTCTAGATGTCCACACCGGAGGCCGGATAATATGTCGGGTCTTTACTAATAATAGCCCTCGTTTAATCGCACGCGAATCTCTTTATTGCACCCTAGCTCGCTAATCAGTCCAGCTTTCTCTGCCACATGCCTTCTATGTCGCACACCAAAGTTGGCAACCCGAGCGCTAAACATCGACAGGTGTGACTGTACGGAAGCAGGCGTGTAGGTCACCTAGCGATGGAATTTGATACGTAGTTCCACTTTTCCTACGATATGCTCAATCACAGGGTCTGAACACAACAGATACAGACTGACGGAACAAGTCCGCCGGCATGCTCATGCTGACAGCGTCTTGGCTACGCCGCCTCCTCCGTCCGAGTTAATTGGACACCAGCGTTCACGCGGTCCATAAGATGTCGGTCGACTACGGTGATGTACGATGGGTACACCACTACAGAGCATATAGGCGAGCCTCGTCGGGGTAATAGGAATGCAGTTCCCGCTTACGTTTCGACTCAATCCCACTCGCCATCAACAGACGACGCCGGCTTAATGGCGGGCCACCGGGCATTCTTCTTCACGCCACCGGACCAATGGAAACACAAGAGTCATGGGGTAGACACTTGGGACGTATCCGCGCGTGTGACCCACCGAGGGCGTGGACATACTGGCACAGGAGTTCTAGTATTTAAATGGGACGCTTCGGGACCATCGGCGGCAAGGGGCGATCGACAGGACGTCCGCTCTAGAGATGCTGACTATAGTCTCATACACATAGTTCTTGGGCGGCTATCGTAAGGAGAACAACGTACACTGAGCAGCCGTTTGGTTAGAATGCACCGGGGTGTGAACAGCCTTGCGCTACTCTGGTAAGGAGCGGAAATGCGCTCCCTGTAAAAGCGCTGAGCACGTTGTTGACAGCCGGGGCTTCGCGCACTCACTACCTATAGCGGTGATCCTAAGAGAGCTTTGCGCTGATCCATCCAGCGCTTACTCTAACTTTCTACGCACAGTCGTCGGTTATTAGCGGGCCTACGTATGTATTACGTTGCGCTTAAGTAAGCAGCCGTAGCATCCCGCACAGCGCTATCGAATCCAACGTCTTGTCAGATAGATCGGCTT,1971,51.7,Homo sapiens
SEQ_193790,AACGCGTAGTGGCAATCAGGTCTACGACGGGTGCCGATAGGTCTGTCAGTAGTGCTCGACAAAGCTTCCCCAATTGTTGTGCTGTGTTGAAATTGTTGGAAAACTCATAGGAGGCGACCGACCGTAAGCAACTGGAATACTTACCCTAACTTACCCGATAAAGAGCTTTGTGAAGTGTATCACATGTGCTCTTAGCGGCACAAAATTCTAAATAACTCAGCAATAGCAGAGGACGAGTACCCCACATAAGTAAGATGTTGTTGCATCACAACAGAGTGGCTACTAGGGGTAAACAGCTGACCTAGACCACGGCGATATAGTTAGTGAGACATGAGACGGGCGTACATCAAAAGCGGTAGCGCCAAGGCGCCCGAACCGTTGGCCATAATCAACATTGTAGATTTAACCTCACTTTCTATACCTGAGTGTAATTATATCGATACGTATGCATCCCAGGTACTCTCTTTGTACAGTGACCAAAGCTGCGCTTGTCAGTAATCATGCGGTGAACCAAATTCTTTGGGATCTCGCCGCATCGATGTCATCGCTGGTAGTAAACTCACAGAACACATAAAGTACATGAGCAAGGGGCTTAACAATCCCCAGAGACCGTCACGAACGCTTGTGGCGTACTAACGCGATCGATCAGGGTTTGAAAATCCTTGGTTGCGGCACGGCGCCTACACCCCGATAGAAAAGACGGCAGCGACCCGCCGATGGATCTAAGCGCCAGTACTGGCCAACGTCGGTCTTGCTGGTATAGTGCTCAGCTGGTTGTGTGTACTGGGAGAACCACAGCGATGCGCGAATCGTAGCTTCATGGTAGGAGTGTGGTTATCCGGACAGCGGGGGAGCAGAAAATATGCGCATGGTCTTGCGTGGTCCAGGCGTAATACGACGGTAGACGACATGGGGGGGTGTTAAATCCCAGTGCATCGCATCTCCAGACATCCTTCCGAGGCACTTATGGTAGTATGTGCGTCCACGATACCAAGCCGTAAAGCGGTCATCCTGACATTGGTGACGCCCGGCAATGAGCCCTTTTGACGACCCTCCCACCAGTTCATGATTGGATGTACGTAGTGCAACATGCGTTATTATGAATGCCGGTACTATGGATACTTGACCCGAGGCGAACTTCATGTGGTTGCAGGATGGGGCCTTCAGAGGGTTACCTGGTCATTAGGCGAGAGGAGTTTGGGAGAGACGAGGATCGGGAGTGGCTTGTTGATTTAATGAAGTTGTTCCCTCATCGGACTCTTTAGCTCAACAAAGAGAGAATCACAATCGCTCCATACGCAGGCTCACTTCAAAACCGATCGTACAAATACATCCCATAAGGCTGAACCTACTCTAAGGAAAATTCGGTAGTCTCGCGTGTCCTGCATATAGACGCGACGCCACGCAGCTGTGCGATGACTATTACCGAACCTACGTCGACTTAAGCATATGCTCGTCAAAAGATTGTTACCGAGGGTCGAGCAGTTACAGACTCCCCCGATGAGGTGTAGGGAAGTGCGGTCTCCCTGGCGGGACCATTGTGCTCTGAGGGACACTGTAGCGCTTCAGCGGCCCAACGTCCGCTCCCGTTCACCCGCTTAGGGATTTGGAGACCAAGACCTCTGACAATTATATGCTTGTTAGCCGGTAGCAGCGATTGATGGTCTGAAGCCCCCTGGTTAGCAAGTTGCTTGCAATTGGATAGGATAGCAATTTGACACACAAGAACCTAGGGGCCGAACGAATCGGTCTCCCCTCTGATCGCTACGAGACGAGAGTGGGTATCTAGGCGTCATTTAAGGCTACCAAGGGCTATGCAGCGTATATAGACGGTGACAGTATCACAATCCGTTTACCCAAGGCCCAGTGTGAATCAGCGCATAGAAACAGCATCGAACATTCACTGCCTCGCATCAGACCGACGGGTAACGGTGTCAGACAAC,1943,50.69,Drosophila melanogaster
SEQ_942879,ACATAGGGTCTAAACCACTTGGATGACATGACCTTCTCCGAGCTGTCGCAGTAAACTTGGCTGTTCTTACGTGCGTCAGGAAACTAGAGCGGTCATCCACAACGTACTCCAACAATCGGACCCAGGATCAGTGACGTGTAGCCTGCCGATAAGCAATAGTTTGTATAACGTGGCCGCGATGCAGACTTATACTCGAGGCAAATATGAGACTGTCGCAATCGAATTGTGCACCATTCTTTCGGCAAGATATCTAAAGAATTATGCCACTAGATCCATGAGCTTGCCCTTTGGTATCTTCCGAGGGTATTTGTAAGAGGAGTTTTCAGCACTCCGAGTTAGATCTCTTCCATTTGGTTTACGGGTATTAGTGCACGGCCTAAAGTAAGTCCTTACGACCTTCCTGCCGCTACAAATGCAGCGTGAGATGATAACAGTATCGTCCACACGTTGTTATACGCATTTATTCATGTTGAGAATGGGGCTGAAATCTGCCATTACGTGCGAACATATGTTTGGCAGAGGACTTAACAACCTTTGTTTGTCTTGTTGAATAAATGATTCCTCGCCTTGATCCCACAAGATCCGACCATAGCAGGTAGGCTCGCTTCATACTGTGCATATGTTAGTAAATCTAGATTACCCCTAGGACGCCCGAGTATTGGGTCGGGCCAGCGCAATCGGTGATAAGTGACCATTAACCAGTTTAAGAGGGCGTATATCATCTACCGTAATCTCCTAACAGAGAAGTCTATGCGCAAATCACGAAATAAACGAACTATCTATCATGGAGTACCGTTGGATACAGAGTCTATACTCTTAAACGACTGTCGGGCCCACTCTTCATCACACTTGACGCTAAGTTCTTTGCGATCTTCCTGCTGGCACAAGCAGTGGGGAAAGAGGTCGTTAAGTCGAAATAAGTTGCATACAATTGGCATCCAAATGCTGGTATACGAGGTTAATGCATATCCTCCAGCTACGGTGTACCCCCTATAGTTGGTTCGCGTCTAGCAGGCTTCGTTGTGCTTATATAAATCGCCTCTCGCCTCTTTGCCCCCGGGATCATTCCTTTGCTGTAATGCATCCTCGCAATAAAATATATAGGCATATTGAGCCGGTATTTGCCGGTGTGCCTAGCCTTATGAACCTCACGTACTGGTCAGGGTGTCCGGGAGTGCGAGACTTGGATGGGTCAGGGTATCTTTTTGTGACAACCCAATATCTGTTTATCCGGAAGGCCTAGTACCAGATAACGTCTGGAGACTCCTTCTTTTCCACATGGGGCCTCATACCAAGGTGTCATATCGATGCCCCAATCGTGTTCAATATAGTTCCTCACGGGCTTCGGTTGATTCCTACGTGTTCTTTTTCCTTACGGTTTCAGACAAACACAAGCCCCTCGAAATCTCTATCAATTCGTGTCAGGAAGATGGTGGCCTGCTTGCTCAAACATACAAAGATTAAATTTGGCTTTTCAATCGTCGCTTGCCCGCGCTATGGTGCATGTCACACTACCCTTAATTTTCGACTCAGTAGCGTATGGGCAGACCTAGATGATCTCACACGACGGAATTCGAAGTTACATAATCTCCACCCGGTCTTCGTAATGGGCTAGTTGGAGGCCTAGGTGGGTTAGCCTAACGGGCTCGGTTCATATCTTTGGGACGTGAGAGTAAC,1677,46.63,Drosophila melanogaster
SEQ_723743,TGCAATGTCCGCAGGAGAAATTTTCTAAAACAGATTATCGGGGCATCAGGCAATAGATGCACCGGGCAGCATTTGACGGATGAGGAAGGGCAGTAGGATGTACACGCTGTAATAGGTGGTCCATAGGGTGTGGTGCCGGAGTTAGGCAAATTCCCGACTGGGAGGATATGTACGCGTAAGCAAGTGCCGTTGGCTAGGTTAAAAACGGCGTCCCCATATTTAATATGCCAATACGATCGCCTCTGATCAAGATGCGGTGACGTCATATCATCTCGACACTCGTAATGACGCGTTACTCACTACACAAATTATCTCTTGGCGCGCG,325,49.23,Escherichia coli
SEQ_431044,GGCTGCGAATCAACTCTTGCGGTATTTTATACCATCAAATGATCAGTCACCTACGCCTAGTCGTTTATTAACACATGCCCTACGAGCTAACGCATGTCATTCACAAGCGCAGGTATCTTGTAGTTGGCTTTGCAGTTTTCTCCCTGGCCAATTTAACCTGTAAAACGAAATATCATTAGAGGACAGCTCATGAGTTCCAAGCGGGGATTTAGATCCGTTGAAATCCTAGTACGAACCTCGCTCTAATATGAGGAGGGAGTCCCGGTTCGCAATCAGCCTCCGGTTGTCAGATGAGTACACATCGATCAGAAATATTGAAATTCACGAAGCGTGTTGTCCCTTTCTTTATATTATAGCTGTAATCTCTGTCACCCGGAATCCTCGAGAGAGCTCACCTTTCCGCTGCTAGTGCCTAGCTGCACGACCGACTAGGCAATAAAAAGAGACAGTTCTTATGCTTGTCATGCTTCTGTGAGTAACTTGGGCCGCGGCTATGGCGGACTTTGAAAGCGCTACAAATATCTCCACTTATAGAGGGCGCATGGAAATGGAGCTGTTTCGTCTGCGTTGTGGGGTGTCACCTGATCAGTTTACATCTCATATGAGCTTGGGAAAGATTTAGTGGACGTGCGCGACTTTGACCGACGGTCCACCTAATGGGAACTCAGTGTACGCAATACAGAAAATCAGAGGGTTTTAATCGGCGCTGGTCCTGGGAACTGTTA,725,46.76,Drosophila melanogaster
SEQ_425140,ACGACACAGTGTACGTGTCCACAAGGCGCCTAGGAGAGGCCGATACGAAACGGAGCGACAACAGGCAGTTGCTACTGGTTAATGACTAGTGGACAAGTGATCTTCTTCGCTAATCTCTGCCGAAATGGACCCGGCACCGATATACCGGACCCTCATTGATCACCGTAAACGGAGTACATGGCCCACCTCATAAGACTCATGGCCCGACATTGACGGTTTCCTTCTAACTCGTGTTTCGGCGCGCACCGCTCGGGGTATCCGGTACGTTCCCCCTTCCATGGACTTCATGCGTGAATAGCCGGTTATTTAGTCTCGACAGCTTGTTATGACTCGGGGACCTTCTAAAGTGAAACACCACTATGCGCAATCCAATGGCGTGTTATGATACGGGCTAACTCGCGATCAGGTCAGCAAGAAGTCCGGGCCGTAGTCTACCATGTGGGACCCTAAATTACGGACGTGTCTCTTCGTCCGCATAACTTTGAGTCTCTAATATGCTCAAAGCCAGGATCCCGCCTGTATTCTCTCATCGAGTTATTCTGAATGCTATCAGCAGTCAAGTCATTAGGGTAAGCAAGGGTTATAGGTAATATGCGCCGAACCCAGATAGCACCGCTTTATGAATGGGACATCGTGATGTATGGCTCTATTAGATTAATATTAGATCTTCCTTACCATGTTCTAGGAATACACCCAGCGCATGGTTTTGGCGTCGGTCCCAAATGTTTCGATCTCCTGGACACTCCTTCTTA,752,49.47,Escherichia coli
SEQ_727850,CCAAGAGACGCGGAGAATGGCACTGCTCGCATCGCACGTGCGAGAGTCTGATTATTATCCCGAAAAGCTGAAAGCGTATCTGGACCCTGTTATATATTGTGGATTAGTCTGCACAGATAAAGTTATGGGGAGCGCGAGTAAAACGCGCCAATACTGGCCCCTTACGGACATTTGAAAATCACTTGATTGCATGCGATTATAATTTTCGGGTTGTTTCCCAGGAGGCCATGAAGCACTCCTCTCCCGGTGTGGATGGTTTTCCCATGCTGTTAGTGCCTTCATTCAGGTCCTCCGATATTGTGCGTTGGGATACCTTACGTATCGATAACGCGTGTATGACGGATCCACCATCGGCAGACACCTTCATCAGAAGACTCGATTGACCGTGTAAGCCGATAGACCCCCTAAGCTTAAGACGTGTCGTTGATAGCACATCGTGCCACAACATGGTACTACAGGTCGTGCAACCTTTAGCTTCCGCGTTCGTGCAGCAAATCGCCCTAGCTAAAGTCTCTTTGTATTATACAGCGATTGGTCAGCCGACATGGATCGTCACCTGTCCGGTCGAATGGGCACAACAGGCTAAATCTCCCACCGGAAAATTGTGTTCCCGTGACTAAGGACGGCAGCTATATTACGGTCGGATTAATGTGCGGCTCATAGCAGGCAGCCCAGGCATAGTTTAGTACGGTCGTACACACAAGATTAACAGGGCAGTGAATAATCACGTCATCTGCCACGCTAGCTGCCAGACTTATTAACCTGAAGTCGGCAATTCAGCTTGCCATTAGCGGGCATTCACTCCTCATGAGGATACAGCTCTCTTCATGCCAGGATCGTAACGCCTAAGTCCTTAAACGCATATACTCCAAGGATTTAGGTGAGTCTACTAGTCTTGTCAAGGCGCCTAAAACAAAAACATTGTGACTTGACCCTATCGGTTCCGTGAACCGACATCAGTCCGAATTTTACGCGACCGAAGTCTAATGAAAGAGCCTAGCAACTTCCAACCTAGTTGTTACAGAGACGCTGGCTTCCGATTAAACCCTACCCCCATTTCACGGCTGTTCGGTTTAACCTGAGAACGAAGTCATATCAAGTGAAGGATCGCTGACTTTTCGACCACCTTCCTGATTCGCTCATCAGTAGGGATTTGAAGAACCCCGTCTATTCCCTTCGTTGTGATAGACCATCTTTCACGCTTTGGTTGAATAGTGATCTAGTAAACTCCGTGGTATAAGGCCGCTCATCACCATCAGGCCACTCTGATCGATGATACTGTTCTCACTTATTAACATGAAAATGCCCTGCT,1312,48.02,Caenorhabditis elegans
SEQ_100460,CAAGCATAACCTAAGAACATGCAGAGGGTCTGATATGGCTTGTATTGTGATATCATACAGGTGAGATACTAGTAAGGCCGGCTCGGGTGGCGATGATCATATTCGTTGCCCGATTTCAGTTCGCACCGTCGCTTAACCAACGGGCCAACTAAATATTACCTGCTATCGTACATGTCTAAGACATTATACGCAATTGGCGGTGGTTGGTGTACAGTGTGAGCGGTGTGGGGCCCTCATAGAGCCGCTTGAGTCCATGCTTAAAAAATGACCGCCACAACATAGAGCGCAAAGTGTTACTGACCCACTGCGCCACGAGTACCCAGCCAATACCACTCAACCGCGAACGCGTGGTACACTACGCGGTGGTTTAGACCAATAGGCCCCGTCTAGCTAACCCCCGCCGCATCCTGCGTATAGGCAGCCCGCCGGCTCATTTATCCTCGTAGCTAGTGGGACGAATCTTATTGGGAGACTTTCTCGGGATATTAGATGTTTAGGTAATACGTCCCCATGACGATTACTCACAACCAGTGTGGAGTTGTGAAGCTGAAGCTAACAGCAATAGGGGCGAAGCATAGATCTCGTCAGGCAATTGTTGCTCAGCGCGGCCAAGAACGGCGAGGATCTCTATCCACTTTATGGTGCATTACTATGTTGGGTACTTTACCCCTGGGTCACATGCTCGATCACGTCGGTTACCTTGGGGCTCGGGAGATCAATCTGAACACTACAGATCTCCCTCGACAGGCCTGGTAGAGTTGTATGTTAGCCGGAGAAATTACAAAGCGGTAAGGAAGCCAAAGGGCCGTCAATGATTACAGATATCTGGCTGACGCGTGAGAAAAATCTCCCTGCGTGGGGTCGCCGTCAAGCCACAGGTCGGCCATAGACGTATAAGCTTGCAAACTTGCAAGACCAACTATTGGTATTTGGGCGGCTTCATGCTGAAGGACGCCTGGACTGGACCTATCTGTCTTCTGCGTAATGTGTGAATACTCACGGCGGCTCCGCTTTAGGCTATTCAGACTGCAATCACAACCCGCCACGCATCATGGGTAGGAGACCCAGATTGCAGCCAGTGCGCACACCATATTTTGTACGGTGATCATCCGGGCTACGTGGTGCATCTTACGCAGAGAAGGGTCTTAAGAGGCAGTGCTAGTCGCGTTCTTACTCTCGTGAGACGGCTAAAGGAGGGTCCCACTTCGTTGTATTTATCGTGGCCGGACATTGCCAGTATAACCACTTATTCGGATGTGCCGAGAACGTGTTACAAATTCATTATGGAGGCTGCGTATAGAAAGGTTTAATTTTGTGTGGCGAGCACGGTGTTGAAAACGCAGGCGGTGTACAAGCACCCTATCACCATCATCTAAAATAACAAAAACTAAGGTAGCATGCACAACCCGGTAAAAAGTTCGCCGAAAAGCGCGGCATCGGACCGTCCCATAATGTTCAG,1459,50.45,Mus musculus
SEQ_746595,TGTTTCCGTGAGTACAGCGAAAGCTCCCAACGTTTTCAACGGAGCGACGGTACTCAAGCGCAACTATATCTATGACATTCTTGAAGAAGAGCTGGTACAATGGTCTTTCCCCGAGTTTCCCCGTCCAATCAGCCGTCGGAACTCGGCGCGCAGAACGAGGCGAATCTCAGGACAGGGACTCCGGTCATATTCTCAAACCATGGCTTTGCCGGCTCCAGAGGAGTTCGTGTAGCGACACCCTGAGCCCGGTGCTCGCGTGTACACGTCATCGTAGTAGCATAAGATGGTAATTTGGTTTGGGGGGATTGTACGCTAATCTCGCAATTCCTTGTAGTTAGGTACCGAGTTTCCAGGAAGTTTCACACACGTGGCCGATACCGTTTTGCATCATCAGACCGGGGAACTCACACCCAGTAGACTCGTGGAAGTCCTCTAGAGGTCTTTGGCATTTCAGTTGATGTAGAGAACAACAACGTGATTAGCTACATATCAATGAACTTGTACCGACCCTCGCTTCATGTATTCGCCGCCAGGTTAGTCCTCGATTCGATAGCAAGTGGGTTGCAGGGCACAAAAATTAAGCCTACTGGAGCGAGATCCCCGGAGGCCACGAGCATTTCAGGTTAGCGTTAGAGCTAAGGCGCAGCCCACCTGTCGGGGAATTTACATTTATGGTCCCAGGCCAGCCAG,690,51.59,Arabidopsis thaliana
SEQ_191763,AGGAATCTCCGAGTCCGCGAACAATAACGTATTTTATGAGGAGCCGTCTGTGCCGAGATTTTTTGAATCAGAGCTGAATCTCAATAGTTGCTACTCACTCGGGGAGCCAATCACTAAGGGATGTGGACTCCGAGCTTTCACACTAGACCACTTAACGGGGAGATGCGCGCTCATCGTTTTATTCTTTGCCGCCGCAACTGACATCAGCCGCCTAAAAATAAGATAATACCCAACTTGATTCCTTTCGCATTTCGTAAGTTGAAGGCTAATCGTCGAGATGGGCAAACGCAGGGACGTCGCGCGGGGACATCCAGTGATACCGTTGCACAGCTAGTATTTGAGGGCTGGTCGTAGATGACCCCATAATGCACCTTATCCACTACAAAGTATAGTCGCGAGCTGCGTGAAATACGCGGCGACCCGTTCCAATACGGGTGCAAGTCTCCTCCCCTTCACTTTGGGCACTAACAACGCACCACACGGGTGACGATATGCGCGCGTGCGTGATTGATGCCACGCGCTTAAATGTGAATCATAGGTGTATGAAACTTGAGAAAGTCAGTTTGTCTTTTGCTGTTATCTTGTCGCCGCTATATACCACCAATTTTGGGACGTCCGGGCAGTAATCGAACGGGGGTCAGGTCGAAACGGTTCATGGTGTGGTTTGAGAATCAGTTCGACATAATTACGCTTGAAAGTCCGAGCATTGAACCCAGCGCAGCGACACCACCTTACGCATGAGTATGATTTCATATGAATGGATGCTAGCACTGGCACAGGCGCTGGGTTCCCGCGGGACAAGGCGAGCCTTTGCAGCTGGTTTAATTGCAAGGCCGGCGACAATATAGTCTTGTACACCCAGCGTCACGCAAAATGGGACCGCCGGGTGAGGTTTTCTACGGTCGTTGTGCAAAGAGCCAGAATGATGCGACCGTCATTAAGCGAGTCGCTTGTACCTTCGGGTACTAAGGTACATCTGCCGTATCCGATTGCTTGATAGTTCTAGCCCTGCATCCGCAAGCCCGCGGGCAAACTTCGAACTACCTCAAGACGGAACGTACCGACTTTCCAATACCATTAGCTTGGTAATAGCGGCTGACCAGAAACGGCCTAACAGGTTGCATAAAGGTATTATTCTGCCGAAGTGTGCGGACAAATCGGTAGATCCCGTAGCAGTCAATCATCACTATCTACTACCCCAGAGCGGAGCTTCCCCTTCGGTGCACGACCGATCTGTGTTACCCGACCTCATACGGCGGAGTGTAGACGATAATTTGATCATTTAGCCAGTCATATCACGCCGCCGTCAGCTTGACAAGAGAAGTAGCCACCAGCTTGGCCACTGTTTACTAAGCACAGTTAAACGGCAAATTCTTAATAACGTGGTGACAGGTGGTTGGACAAATTGGTCTCGGCATCTTTACCAGCACTTGGACGTAGCCAATACTGGCTAGGGGCCCGTATATTCGTCCGGGACCACTTACGCCTAGACGGCACAGTTTGTAGCGCCAAGCAGCGTAGCCTAAGCCCTCCCCTACTGAATCGTGTCGTGACACCCCTAAGTGCAAGGACACCCTGGTGTATGGATACAATTCCGCGCGTCTGTTTTACTAGCCATTGTGCACCTTCAGGTAGATTTTCGGAGACAAGCATAGCAACGTCGGCGGTGGAATAGCTCCATGAGAGTTCCCTCGTTTGGCCCACTTGGGGGGGGAGAATAGGTTGCGGATTTAGGGAAAGAGATTTGCACCGAGCGGATTACTCCTCACCCTTAAATGCATGGAGAGGACAGTGGAG,1797,50.97,Saccharomyces cerevisiae
SEQ_758172,TTGATAAAATAGCCGCATGTACAATGCTTCCCGCGGGGCGACCGCACGGAATTAACTCCACAGTAACACCTTAGTAATATGCAAATAGAATACTCTTGGAGGCCTGGCACACTATCTCTGACCTGTTCTCCCGGAGTTCAGGGCATGTCATGGGCCCCGGTCGTCTTCGGCTACGGGTGAAGAAGTGATGCGCATACCTTTTCAGTCCGAGAGTCAAGAGCCTGGCCAGTCTTAGGGGCCAGAGCTATGCTGACCCATAGGCACCTCTAGGCAAATGCCGAATGGGAATCGATCACTGGTGCCAAATGTCACGGGGGGTTCGGCTGAACTTGGGTAATTTCTGTACCTGCGTGGCACGAGTATACGATTTCCTTGACCTTTTTTTTGGGGGTCGACCAGCGTCGTGAGCATTGAATGTAATCAAATCAATATTGTCGCTGCTGGTGGGTTTACCTCAAAATGCTTCTGATGGACATAATATTGTGGTTATATCTCCCGCCGAAGGCGGAAAACAGCGATAAATTCGAGTTCTTAACCTAATCACAAGTACAGCGCGTGCGTGTAGGTTCAGCAGAACGCTCCAATAACGGCCAGTCTGGCTTCGACCGCACAAGTCCACATATCCGTTTTAATGTTGATAGGAGGAAGACTAATTTGGTGGACTCATATGATTGGGGGGGTGGACCAGCGTTCTGAAATCGCGCTATCTGCGAGCACGTGAGACAACTGAACCCTACCACTTATGTACTGTGTTTAGTCCGTGTCCAGCCGTCAAGCCTGGAGCCTGAGATCGGAGTCGCCGAATATATATGGCGGATCTTAGGGATCTCCATGAGTCCCATATCCGGTTTTATTGGCTCCCCAATACGGATACTACACGACCCGTGCGTGTCGGTCGAAGATCTAGATATGATGAGACAGGGGCCAACGGGACTAGACCAAACTGAGGGCCGTAGCCCCCTCGATTACTACAACGGTATATGGGCCCCATTCGGCGTATGTAGTGCTTGTGATAATAAGTGAGGAGTAGACTTAAAGGAATCCCGGCTCGAACCGGAAGTTACTAGTCTTCCCGAACGCCGGTGGAGTCGCGACCAGGCCGTTCATAACAGCGCTTATTGTCAGCCCCGTACAGACTGCAGCGATAGGTGACCCCGAGTTCCATGATTGATGCCAGGTTCTCTGCTCAGCGGACCTGTCCCCTTGCGTGGGTCTCACTTAAATAGACCTTGTAAAAAAAGCCATGACACGGCCCGCCAGTATCGACGCTAGCATGAGCTAATCGCCAGACCGCCGTAGGCCTTGGGACGATGGGGAGAACATTGCCAAAGAGAGAGCTTTAATCACGAAGCGTAGCTGCGGGAAGTGCAACACCGTTCTGCGCTGATTAATATGTAGCAAAAAGCTTGGAGGCTGCGGAAACCGACAGAGATCGATCGTTGAGAGGACTGCCTAAGGGTAATTTGCTTAACGAAGACACCAGCGTGATCTTAGTCGTGCCGCTCCCCGCTCGTGCTGTGGCCGGCGATGAGTGGATCGTATAGGTACGGAACTGCAAAATGGCTAACTGGCGTATCTAGTCGTATGGCTTAGTCGTGATATCATTAACTAATTATCGCAGTGGATTGGGGGGCAGGCGTATAGGACAGTGCGAAACTCTTCGTTAATCCATAGCTCTGGAGGAAAGGCAAAGCGTTAAAAATATATGGGGTTGTGGTCAGTCCCATTAGGTTGCCGATTAGGGAGAGAAGCGGGATTAGGGGCGCTATATACAAACATGCTGTTCCTGTTCTTAGAGCTTTATAAGAGCGAATGGTGAAAATAGTAATCAGGGGATCATAGACAGCAGCCG,1852,50.65,Escherichia coli
SEQ_724599,TTATCCCAGCCTTTAAGATCGCCAGTTAGTTCGCATTTGGATAGCCGCACTCCGGGGCCCACCACTAGATGATGGAGCTCGCGCCAACCGCGCGCTGGCACGTACTTTTCGGCGGTGGTTCAATCCACACGATATAATCCGCTGTCCCCTAGAACGTGGTTCTAGTACTCCAAGACAGCGAGAGAGGATCTTTCGTGACATTGTATGCAGACGACTCCTCATGGTCGGAGGCGCACACGAGCGACAACTGCTTCGCTGCGAAATTATTCACCCTCGGAATGTAAGAATAAAAAAGTGCATAACAACGTCAGCTAATCGGAAGAGCACAACTTACTTGTGTATAGCTCAAAGTGCATCTTGGAAACTTACTCGACTGTTGTATCCTCCCCTTTATCCCCTGCTCTCGGAGTCAGGATCTCCTTCAAATGCTTTGGCGCGAGACGTCCCCTCTGTAATCGCAATCGATCGCGACTTGCAGGCTATAGTGGGACTAAGTAGGATGTGAAGTCACAAACTGCTTCGCAGTTCTACTATTTGATGTAGTCAATTCCAAAATTCTATTGAGCTCGGACCACGCTATATCCGGTCCTGTATCTCGACCAGCAGTTTATCATATGTAGACTTCGGGTTCGATCAGATATGTTATGTGTACATTAACTATTCCCAAACTACTTATACACTTGTAAAC,688,47.53,Mus musculus
SEQ_194315,GAGTGTTGTTTGGGGACGCTTGGTCCTCGGGAGCGCATTTATAATGGTCCAAGGCTTCCAGCTACACAATCGTCGCTTACCCCATCCTTTGTGGCCAAATACGGGCCGGAGGCGAGAATAAATCAACCCTTAGGCAGGTTCGTCGCAAAGTGGACGTACCTGCACCTTGCCAACAGCGACTGAGCATAGCGCCAAAAGGGTACGTGAGACCGAGGTTCGATTTGAGGAAATCGTATGCTTCCCAAAGGCCAGACGTTATCAAACAGGGGTGGGATCACTACGGCAGCGTTTACTAAATACGATGGTCCTCTGCAATAGTTTCGAATGTGCCGGTCGACGGTACCTGCCGTTCCTATTAAATCATTCGCCCGCGCCATTTGGGAGGCGCTTGTTGGTACCGTTGGGCCTGTTATCACGTCTGCGCCGATTCGGCGACGTCGGGGATTATTCCGACGTGCGTCAGACGCGCTAACAGTAGGACACGGGTCTCGTCAACTGAATATAGCGGCGTATCACA,517,53.77,Drosophila melanogaster
SEQ_932191,TCTTTCTGAGATGTTTATAGTCGGCCTAGGGGCGGTGATGATAAGGCTTATATAGTACTTTAATTGCCATACGACTTTCCTGTACTTTCCACCCGCGGCATGAAGGCCATGCAGGGGTAATGAGCCGCAGGATCGTTATAACTTGCCGCCGGAACATCGAGGTCATGAGCCGGTTATCTGATTTCTCTACGTCCGCAAAGCACCCGGATTTGCAATAAAGGTAATACCATTGCCACGTCTCAGATAGTGTGTGCACCAGATCACCAGGCTTAAAGGGCGGTCCCTAAGCGTCCGAGGTGGGTTGAAGATGGGGCTTACATACGGTCACAACCCGCAATTTCAGACTTCGGAGTATGCCGCGCCCCCTCGAAGGGTACCAACGTATTCGGGAAGACACTTATACACCATGAAACCAATAGTATCGCTGGTAAGTACTACGATGTACCTCGCTGTATCACACAGCCGGTGTAGACAGCATAGATAGCTGATCACGCGACTCCAACGACATTGCTGTGCGATTATCCAGGAGGGATACAACTGGATCGTGGTGCAACCCTGACATCACGGGTGGATGC,575,50.78,Homo sapiens
SEQ_902101,AGTCATATAATGGAAACGTTACAAGAGCGCTATGGAGCTTACGTTTGCTGAAGGCGCGCTCAGATGTGCTAGTCTTCAAACACCTAGGGACTTAGCACACAAGCGTTCGAATCACACGATGGTATTTGGCATAGGGCTCCTGGCCCAGGTGATTACGTGTCCTGGCAGCTGATACGGGGTTAACGTTCCCTTTC,194,50.0,Arabidopsis thaliana
SEQ_284989,ATCCGATGGAGTAAACATATTCATAGCATCTAACGAGTCCTGCCTGACGGCCAACTTATGAAATAGTTCTAGTGGACTCTCGACCATACAAAGGCATTGTTTCAACGTTTTCCAAGTCCCATCAGGACACAACCGGATCATATGTTCTGTAGAGCCCTATATTATGCATTCCGAATAACCCCGGCCATTACGCGGAAGCATCCGGTGCAGCACATCTTCTGGGCTCTACCCAAACAGCCGGCGTTCCCATCTAGATACGCACTGACTCCATCAATCCTATGTAAGTGGGTAGGAGCATCGTTCACAAGAACGGCGCCGGTTCTTGCATAAGCGGCCGCTTTTTGTATCAACCCACAATACCGCTAAACACAGTCGAAGGCGTAGAGAGGCATATCTTTCCTCTGTGGCGGGGCGACAAGTTTGGCGACTGAGATGGCCCTATTCCAGCGAAATCGTGTGTAGTGTTTAGACTTCTACGTAGCTCTTACCCACCCTGTTCGTTGAAGGTGGTATGTAATAATCATTTTCTCTCCTGACTTCTACTACGTCACAGATGGAAGACCCTAGTGGCCAGATCCGCCGTCGCGAAAGCCCCCCTGAGGGATCGATCTGGCTAGTAACACCGAACCCGCTTGCACGACACCGATCTTTATAACGCCCCTACGCAAGTTTACAATGGCCTCATGAGGGCACGAATACACAGCAGTGTCGTTTGTGTCCATTTTACCCCGGCACTCCTCGGGACTGGCTGCCACCCCCGGTTATACACTACTCGCATTGTGCCACGCCGGGGGTGCCGACGGATTCCAGGCTATCTGAGTGGTAACTAGGCTACCTCTTTAGTCTCACCCATTGAAAGTCCTTAACCGGTCGCATAATCTCGGGTCGAGTGCCTGGACGTTAAAATACAGGACCACGACGAGGCCCCAACGAGTCGTGCACTGGCGGCCTGACGCATCATGATTGTACCGAGGCAGGGAAATAAGCATTATGAACGCAGAAAACGTCATCACCAGTTTCAGCCAGCTGACGGAATGCTCGTATTCACAACGTCACCATCAGCCCTCGTCCAATCCTGCTCAAATAATGTGAAGGCTACTAATACAGATCTGACAGGCTTATATTACGCCAATCTACGTTACACGATCAAGCATGAATACCCCAGCTTGTATGTAAATCACTGTCAAAGTTATCAGCAGCACTAAACCATCTGCCACGACATGTATCCTTGATTTGGTTTGAGATGTCAGCTGGGGCAGATGACCGCTGGACGCGGGGAATAATCTTATTTTCTACTGGTTAAGCCCGTTATCCTGAAGGCGCCCCATGCAACAATCTCGCGATAATCCGGTGTAAAACGTAAAGAACTTAATAATGGGTAATTCCTTCCCAGCGTGAACTTTATCAGGTTGCCGTGTTACTCCTGGCGGAAAGCGTGATATGACGCCAAG,1451,49.83,Caenorhabditis elegans
SEQ_107470,GAAGGCTGAATACAAACAACCGAGGCGGTGGGATCTTGCCCGTGAAGGATTCAATTGCGCCAAAGGTACTACTACAGGCCAAGGGCCCAGGCATCCCTACGATGAGAGGGACCAAGCTGGGAAACCAAATGCACCATTGGGTAGTCTTGTTATTCGAGACCTGAGGTCCAGACAATTTCGTCAAAGAATTTTATTTATAGCCTTCGCCTCAATCTAGCTAATTCTGCACTAGGTCATCTTATGGTGGATCCCTGTCAACTTACCAGGAGCTGGTAACTTCGGGGTTAGAGAAAGGGATCAAACTCGGGCAGGTCTTGCGTTGACAACCAGGTCGTTCTTGGCTCTCCAGACGGATCGCGTTATCAGCGCAAGTTAGTCACCAACTAATAAGACCACTGCGTTGGAGGGTGTTGACTAATTCCTGGACAGTCTCACTTGACGAGAGTAATTTCCTGGAAGTCCCACATGTTCGAGCAGCTAATTGTTCTGTAATCGGAGGGGAACCTCCTCGCGCGGTATTTTTCAATACAACCAACAAACGGGACATTGACTCGTGTAATTGGTTACGAGTGTATGCGCCCGAGCATGACTTATTCTAGGGTTGACAATCACGTACCCAAAGTGAGATCCTGCTCTGCGGTTCTTCCTACGCATATGAAAGAGTGTTGCGACATCGATTGT,681,48.46,Escherichia coli
SEQ_677291,GGTACTAGATGTAAATGTACTACCTTGTCTCTTATACGGTCTGCCCCTAAATACGAAGGGGGCCTGGCCCTATACTGGTCCAACCCCGAAAGCCAATTGGCAAACCCGGTAGTGCATAGGACTAGAACGCCAACTTAGCTCAGCCTCGCACGTCCTGTATGCGACCACACGTCCGCTTAATTGTGCGGTGATAGAACGTGGCTGTCTAAGCGCCTAAATGACCAAGGATAAAGTTTGTGCGCCGAGCTACTCACCCAATACTCTGTGGCCGCATGAAGGGCAAGCTCGCGGTTCACGCAGCGGACTCCCATGAAACTTGAGGCAGGATCTCAGCCCTATTGGGCGGATGTATAACCCGCGCCCTCCTTCATCGTTCACTTAAAATAGTCAAGGTTGGAAGGAACCCAACGAGTCAAGAAGAATTGGGTCGATCAGGCCCACGCGATTTCTACTTGCCGGAGCTTCAGGAAATGGGACCGGTGGCGCTGATCGTGCGACACGTCCTTCCGAGTTTCGTTTGAGGCTTACCTTCCAGAGCCTTTCCGGATGTAACGTCACACTGGAGCCCTGCTGTAGGTTGCCCCTTGGATCTTTAGAACTGAGAAAGCGTAGGGGATTCCGCCCGTTATTTCAAATTATCTTAATAACCTCGCCGTCCTGCCTTAGGTGCGACTGCACGCTTCTTTCAGCCGTACCCGTGGATCCGGACCTTCGCCACTAATTAGTTTCCGGCGAAAGAAACCGTTCGCCAAAAGGTCCACGCCTTGCCATCGGTAGATTCAGGTGAAGAGTTCCGGAAGCCCTTGACAGCGCTCTTGGCTTTCGGCGTGGAGGCCGGACAAACGGCATTGAGAGTCCCGCATCGCAATGTAAAATTCGTATAGTTAACCGACTGATCAGCTAGTCAATACTCCTTGCCCCACTGGAACTAAAATTGCTCTGTCTGCAAACCCTTTCCCCGTTGGCGAAGCACCATTTGCATCCGGCTCATGGATAGTATTCGGCTCCAGAAAACCCCCCGACAAGCTTAGACACTACCGCAATAATCGTTAGAGGATGCAGATTACCGTAGTGAAAAAACTATCTTGTATACGGTCCTTCCTTTCCTTCGCCCCCATGATCTCATGGTGGTCGGGGATGCTCGATTCCACCCTCCTGATCCAAATTCTCCACTTTTTGCGGACCTAGAGCAAGATGTGTGCTTAAACTCCAAATATTTCGGTTTTCTATTGTGACTTTCTGGTCCGCCGATATCTTGGAAGTTTGCCATATCAGGGTAGCGGGGCCAGCCGATAAGCTTGTCCGGCGCGGCAGTGGTACATGTTAACTGATAGAACCGTTCTTAGCGTGCATGTTCTTAATAAAAATTATTTGGTCGCTTGCATATTGCTGTATCTGGCTCGCAGGTAGTGATCATTTAGCTCCCGACTCCTAGTCACCGGTTGCCTGATGGCCGGCTGTATCTCTGACGCATGGATAGCGCGCGAGGCTTCCTGCCTTGATAACGGCACCCCTGTCTATGGACTATCAGACACGCATCGCACGTTATGTTACTACAAGGCCCTACTTAGCGCCCGTCCTGTTGCCCAGAAAGTCTGCTCGCGATACATTTCGAACCGGATCTATCTGGAGTCCAGCCTATTTCTAAGACGTCAGTCGCAAAACCTACCCTCGTGCAGGAAATCTTGGATCAATGGGCAGCCGACGCACTGGTGCCCCTGGCTCGCAGGCGTTAGAAGGTTAGAGAGTATCGCACCCTAACCACCACCATGGTGAACGGGAGTCACGCGAGATCTGCTCGCCCGACGCTGTGTAAGCGGTGCATTCGTAGCACGTTTTCGATAGAAGGTCGAGACCGTTGCACATAAGTTTTCGTCAAATATTTGTACATAAGTATCTGCGTAATAGACCGCCCTTGTGGCATGTGGTTTCACAG,1936,51.6,Escherichia coli
SEQ_959238,TCTACCTTTCCGGAGCACAGTATTATGTTAATTTTCATACGGTAACTAGAGTAGCCTAATAAGATGTGATTAGATAAATCGTTCTGTTGAATTTACCCGCCTG,103,36.89,Homo sapiens
SEQ_715157,ACAGGTAGACCGATAGCCGAAGGATATGGAGAGTGGACTAATCCGCGGTCCACACCGGCTATCATGGTTACAAGGCTTATTTTATGGGCAGTAATTCCGAATGCTGCCGACTAACCTACTTGAGTTATACCTTACTGTTTAATTGACAAGATTTCTGAAAGTCACAGATGTTTACACGATGGGACGGCCTAATGCTTAAATGGAACACCCAGCCGACTGTCGGGACAACGAGACTAGTGGTACATCAAATGCGCTGTTCGTTCGGGCCCCTGCTCCTATCCTGCCGCAGTCAGACAGCAACTTTGCTAGGTCTCCAAAACGGGGGTACTATCTTGTCAGGACTCTAACCACAACTAACTGATCGCTATCGCATATCCATTGTACGAAAAAGACATATCGGATCCGGCTTTAAGTTACGAGAGGAAACGGTCTATAGTATTATTCTCTACGTCACCCTTTACCTCGGCTAGTGATATGCACTGCGCTCGGCTTGTGTGAGGTATGGAACGCCTCAACGTGAACCGCCTTATTACGCTAAGACTAAGCCCAATAGGCTGTTCCAGGCCAGCTCGCGAATCCCGTCAAAATCAACTGGTAAGTGACTATTACGCGGGGGACTTTAGGTGATCATCTAAGCTGAGAATTCTAACGTCAACGAAAACGAATCCCAGACAACAGAACACTTTAACCTCACAGCGCTACAATATTGCCAGCAAGAAGTTCACAGGTATTTACACTATCCCTACCCCCATACGCGGTATCGGCGGCTGATGTGCTCCATCTAGATGTCAGCCTGGACGGGTTCATCTAGGGCTGGTTAGGTGCACCAGTCCGCATGATCCAGATTGGCCTTGACAGAAGTGCGAAAGGCGCACGGTGAGAGAGAAACATACCTTACAGACTCCAGAACCTTTGCTTGCACCAGAATTTTAGTATAGACTGTTCTACAT,950,48.0,Drosophila melanogaster
SEQ_105216,GTGTGGGGAAAGTTTCAGGCTTTGTCTCTCGGCGTCGTCGCCAGATTGTATTAAGCGCGTTATATGGGAAGACGCTAGTCAGCAGTCAACCAGTTTAGTCTCTTCAGTAGGGCGAAGGGACGCTACGCTTCTACCTAACAAACTGTCAGAGTATTTATCGGCGAAACTGCTCAACCGCGATCTAGACCCACCCTTGGTTCTCACCGAATTGACGACTCCAAACGCTTTTATACCCGGGGCTCACATGGGAAACCATGTCCAGGACATTGAATGGTATGGCTGGACAGTACTGTACACCCGTCAGATCAATAAGGGAAGCGACAGCTTAGCCGCGGGGATGGTCCTCGGTAAAGATCACGCACGTAACAGCATGCGGAAACTTGTGTGGACTGTAAGCGACGCGACTGTGACTTCTTCTGATGCCGGGACCTGTCGAGCTTTGATGGTCCTATGGGCTGCACGTATTTTATAAGATGGAAGAGAGCGGTGATACCGAAATCGCAAATTTGATTCGCACGGAGGTTGTGGTGCATCGCTCCACTGAGAGATGTCTCTCACACAATCTTGCGGTACACTCAAAGGAGCCAATAATTGGCTGTAGCTTACAGTAATATGGTCTCTCCGCGATGACCCGGCGTATTTTGCCTGAGGTTGTTGGACTGGAAAAACACCCTACCCCAGTGACACGCAACGTGGTTATCTTAAAACTCTGCAGCCACCCCAGCCCTCTGCCCTATCTTTGCAAATGCCACAATTGATCGTCCCAGCCACGCGCACTAGGCCACCGCATCGAGTCGGCGAAAGGAACATGCCGAACTGCTCTGATGAGGTGGCTTGATAGCACCAATTACTTGAGCGCTTGCAATACTCTCGCCCACTTCCAATCTATTTTAAATTTTCGAGGGAGCTGTCGGTTCTCCGTAAAATTACTCATACGCCTAAAGTTGAATCCCCCAGACTCTAAGGTGGCATGCCCCAGGCCTGGTCGAAAGGAGGCTACCAATGTGAAACTTTATCGCCCCAGATTCCAGTCAGCATAGAATTCGCCGCCGAATTCTACA,1061,50.71,Mus musculus
SEQ_207895,TTCAAGCTGTCAGATCTCGAGACTTGGAGAGGAGTGACTTAACTATCAAGTCGTACGCCAAGGACTCGGTGTTGGTACCAGGTTTGTGATTTAAAGCCCTTAGATGACTGCTGTTCAAGTCAGCGGCCGGCGTTACTTGTCGGAAGCTCGAACAGATCATAAGCGCCTCTTTACCTACTATTAAAATCGTCCTGCCTGCCGGGGTTCCACTATGTATAATGAGTAAGCGCGCCCGCACGTAGTCAGTCGTACACTGTGGCAGATGTTGGGAGGATTTCTTAGACCCAGACGTTTCGAAACATAATCGCGAAATTAGAAATTAGCCATCACCCAATTAACGTCATTGAGTGCCTGGAACATATAAGATTGCGCTGGTGATACCGGCTGCTGTTTACTACTCAGTAGCGCCAGAGGCGTATAGGTTGGTGTATTCTCTTCCTGATTAACGTCGGTGGGCCCTCCCAGTTTTCAGTGGTCTCCGCCTACGGGTAGAAATAACGGTGATTATCTCCGTCAATGGCTTGTCCTCTTTACCTAATGGCACAGACCGTACTACTACATAGGATAAGGACCGAATGGATCGCAAGACTTTAATAGAGCTCAGGCGCAACTGCGTGAAGCGGACGTGGAATCGAATGTCATAATGTGAAAATCCTGTCCAAATCATAGCTTCGTATGGCACAGCCTCTTGGGAGCGAGCAAAACTGACGCTAAGGACGGGGGAAGACTGAGTTCCGCACAGGGCGTGCCCACTAAAATGACATCATTGCCTTTCTAAAGAAGTTAAATCAGGCTCCAGTCACTGCATATCTTACGCTCGGGATTTACATTTCGAGCGGCAGCGCGGATATAATCGGCCGCGACAACTTAGGCAATACTGAAGCGATCAGGAGCGCGCTATAGTAATAGGGAGCTGATCGAGCACTGCGCTCAGATTCACTACTACATTTGGCAAAAGTGTGTGTACTTGGGGGAT,976,48.57,Saccharomyces cerevisiae
SEQ_649319,CTAATAGAGTGGTAGTACTATGTGAATACCCTTTAATATCGAAGGGCAGATTAGTGAGGAACAGAGTATCGCTTGGCTCCATCACTGACTTTGCATTGAGAGAGGCGACTTGGCGTTCTCGTATTGACTCATTATCCAATTATATGACCTATCGACAGGTTCCTCTTCGTTTTGTTGGTCGACGCGAGAGTGCACATGGGGGCATTGTGGTAAATTCTAGTGTTGGTTCTTTTACGGCGCTAACAGCACGTGCATTTCAATCCAAATTTTGATACAGCTTCGCTTTTATTCCTCCTGGGTCGCTTTATTCGATTAAGTGAGACGGCGTGGATGCTGATTGCCCTCGCGACCCTAGAAAGTTTGGTCCAGAGACGTCCCTAGTGACCATCCTGGCGATTATTGGCTCCCTGAAAGGGAGTACCGACCCTCTGGTTACGCACCGATAGTCGGGAAGGCGTCATATCTATGTTCCACCAACACTTCCACTCATAAATGTAGGTGTCTCGATCGTCAATAATGTTATTCTTGTCAGGAGAAGTCCCTTAGAGAGCGTTCTTTACTCTTGCCAATACTAGATGAGATAAGCACCCTTCTCTCTCAACTAAGCGAGCCACTGCTATTTTCCCCATGTTAGGGTTATACTACTTAACGAGTAAGCACTGGATGGCCCGTGCAGTTCAAATCTGGATGACCTGACGCTTGTGATTTGGCCTAACTGTTCGGACCTCGCCTCCGCCAATAACTCGGCCATTGTTGTTCTAATTGCGTGCGACGTGATTTTGGGTAAAGGGTATGGATGCCTATGCAAAAGAAAATTCTGTTATTTTCCTCGCTTTGTCCGCTGTTAACGACAATTCGCCGGCTACATTTCGGTCCCAGAGGAGAGAGTTATGCTTTAACCAGTGCTCCCGTTTCCCACTAGGAATTATTAAAGCCCAGCGGTGGCATGCCTGGCTTGCGTTTATATAGTACTTCTTTGCGAAAGTATCTCATTAAAGAGTTCAATAAGTTCTTGGTATGAGACGTCATTTACACGGGGTAAAGGTAGGCGGCCTTGTGACACTCCGGACCACCAACAAGCTTTATACAGTAGAAACCTATAACTTTTATAGAGTACATCGGTAGACAAAGTACCGTCCTATACTCTATCCGGGCTGCCAGTGCCGTTGTGGATTCTAGCACCCAAATGGAATTGTGTCCGGTTCATCGTCCTTAGGATCCTACATTTTCTTTGATTATTAGACCGAAGACAGTTTGCATTTCCAGCGTGGCATGGCCCACCTC,1284,46.18,Arabidopsis thaliana
SEQ_855930,CATTGCCTGTTAGACCCGGAGCATGGGTGCAAGGACTCCGTCTATTGTAGTGAAGCGCACAGTCTCTATTCGCACTATCACGGCCGTCAACATAGCGGGCTGGAGGTTACTTGCTTTCTAGGCGGAGTCGGCTCAACGTGTCTCAGGAGCTCCTAGGTTCGGGAGATGTCACCTGGCTGGAATGCAGGCCCGCATAGGTACGGTGCATCGACGTTTGGGGGTTCGACGGACTTACCGGAGGAATATGTGTAACTCGGTTACCAATATGTGCACCACACTCCCATACAAATAGATCGCAGAGGTCATGTAGCTCATCCGGCTTTCTCTCCTGGGATATCGTGGATTTGCAATCTCACCCCGATCCATCCGCTATGACTGGAAGATATCGCTT,391,53.2,Drosophila melanogaster
SEQ_279382,AGCGGAATACTTCACAGGATCCTGATTATTTACGAAGGAGGATTGTCGGGCTGTAAGCAACAATCTCTACCGGCTCTAGAGTCTAAGCCTCCTGTAACTCAACTTGAAACGGGATGATGATCGCATCGTTTGTCAACTCGGGCGCCAGCGCCATGTACTGTACATTTGTTGTATGTCGGCTGTCAGGATTAACTCTAGGATTCCGATTGGGGCGGCTGTCGATGCTGATCATATGAGTTCTATACTCGCAACGCAGTGCCCCAGTTACGCTAAATTGGCGTGCACATGCCTGAACGCAGAAAAGTCGGGGGGGACGATTTACTCTCGGACCCGCATGTACCGTAACCGGACGTCCGTGATAGGTTGGGTTACAGGTGATGCTTCTGAGCTGTGAGAGCTACGCGATCCCCGAACGTCACATTTACTCCA,429,51.05,Homo sapiens
SEQ_180070,GGTTTTTAGATCTACTAGAAGTACCACGTTTTTTGTGCCTTCCATATCTTTGGACACCTCGATAACCACGGAGTCGACATACACGACGTTTACGTCGGTTCCTAAGGACGTCAGTTGATAGGGGCTCTACGCAGCGATCGGGACTCTCAGCCAGCGTTATCCAACGTACGCTGTTGCTAGTGCCGATATTGTTTCTCTAACGAGCAGTCTTAAAATCCCCCTACGCCTGTAAAAACCCGGAGAGTCATTTCGGGTATCCGACTCGGCAGTAAGGGCCGACAGGCTCACATATTCCCACAGTCTGCGCTAGTTAAAACCATAACAGAAGGATGGCCCGGCCCATACTATCCGACGCATGGTGCATAACCTTGTGATGGAGAGCGGCCGTCCAGTCGCAGCTGCCTGTTTTCAACATCGTATTGGTTAGCCAGCGTTTGCCAGACAGGGGGCATACTAGAGATGCCTCGCACTACATCGCGCAAGTACTCTGCAGAGCGAGAGTCCGGATGCTGGTCGTCTCTCACCCC,527,52.37,Arabidopsis thaliana
SEQ_670389,TTCGGATGATGATTCCGCCACCGGAATAATCAAAAACTTCATAGGATGTGATTGGAGATGTTACAACGAACCGGCTCAGGGATCAATTATTGGTGCGGGTGGCTTCGGAAACGGAAATGCACTCGGAAACATTAGGAACGAGTTGCGAGTAGGTCCATGTGACACGACTACCATCAATGTCGTGAGTCGTTCTTTCGACCCGCTGGCTTGCTCGCGAGTTCGAACTAGTTACACGTTGAAAACTTGATCTTACCTGACGAGTCCGGTTCCTAATGAGGTTCAGTCCACGTGCTCCATAATAAATAGCGCGGTCGTCCATGATAAACACGTATAATCTGTTGTAAAAGGGATATCACCGGGGAGTCTCTCTAGGCAACTCGGATATAACAGACATACTCAATGCATGGGAGGGATATGGTGTGCACAGCCCTCGCACATCCGAACTAGACTTATAGCTTAGTCCCAGAAGGCGTGTTGCGTCGTAAAGTCCCGACTCAGGGCATGTCTCACTTTGTTCTTCATAGGCGGAAGTCTCTGGGGCCTACCAACCGGTACTACTTATTCGGCGAACTGACTCTTTGTCCAATTTTGTAGGGCACATCCCTGCGTAGAGACTTGGTGACACTGCTAATCGGAACGGCAATTCTAAAGCCGTAAGATTTTCTGATCACCAGGAACACGGTATACCCTACCCCCGTTGGATCAGGATGCCCCCCCAGTGCCCCTGCAGTCGGTAGAAAGCAGCCGCTTGATACGAATA,760,49.34,Saccharomyces cerevisiae
SEQ_958778,AATATATCGCTGATGCTTGTGTCGGTGGCCCGCCGCAGGACGATAGATTGGTTATAATAACGCTAATGGTCCTGCACAGCGCTCTATTACCGACAGACCAGCAAGCTAACTGCTTGATTCGACTGAAGACGTACCATTCCGCGGAGAGTACTCCCCCTTCGATTCCATGTGGGGCAAGACTGGCCTTAATAGCCTGGTACTAAAACGTTGCGCCCGATGGAATGATATGCCATCAGGCAAAGTCACTTGCGCTCAAACATTTGATGCAGATCTGGGCTCTCCCTATCGGGGGGTAAATTTCTGTACCCAGGGATTTGCTAATCTTACGACCTGGCGGCCACGCTGCCCTAGTTAATAAGTAGTAATCGCACTAATCAATGAGCTCAGTCAAAGATATGTTTAATAAGGATCAGACGACGTCAACTGCAGTCCTTTAATGAATGGGCGAATGCCTCACCGCCGTCAGTGTTGACTGCTTCTATGCGTTGTCGAGCCGAGACTCACGGGAAAGAAAAAGCGTTACGATATTCCCAGTTGATGTGAGACCTTCCCGCATGTACCGCGCCACAGATCAAGACAACAAAACATGTTGTCATAAATAGATGATCTGCTTTATATTATTTGAGATTGCCGGCTCCACCTAGTTAATTACAGGCTCAGTGCTGACCGTCGCGGCTCGAAGGGCTCTACAGACGCCTGACGACCAAGAGGGGTCACCAGATCGGTCAGACACGTTCCAACATCAAGCGACCGACTAACATCTCAAGCGACATCGAAAGGAGGATTGCATAGGAGAGAATACCACACAACTAGGCAGTCCCTTCTGAAAAGTTGCAGCCAAAGAATGCGTACTTCTCGGACAAACGGTACCACAGGATCGGGCTCTGAATCGGGACGCACAGCTTCTCTGCTCAATAGTCCGCGTTGCAATTTTACCTTGCGCCATTTTGAGCGAAATCACTACTTTCACCACAATTGTGGCAGTATGTCACAGTCACCGTAAAATAAAACCCGCGTCCATTACACCGATGTCCATGGTCTTTGAAGACTAATCGTTGATGATACGGGAGGGCAATTGGTTCCTTGCATTCGTCACCCTGATTTGTCACGCACACGGGAACCGGCAAGAGCGCGACTGAAAACGTTGCAGTGTATCTATCTGGACAGTCTTCTAAAAGGATCCCTCAATTGAGTCCCTCTTGAACGCAGACTCGTCTAAACGCCGGAATACTGACCCCGTTAGCTGGCCAGAGTTGCTAATGGGTGTATCGGTGTGGTCTTTTGAGGACGAGTATCACACGGGCTGTGTGAGACCCCAATATCTCTCTACGCATGTGGTGGTTGAGTCGCGGACCGAGAACATCACATACGGACTGTCACGAGGATTTATACGGTGGCTCCCGAAACAGGGTTTCGTCTTGATGGAGATGTTATGTAATGGTTTCTGATACGTCGACGTAAGCTAGCTGATGATCGCCCGTAGACGGTAACCTTGGCGATGCGTGGCAATTGCCACGCTGGCTACTCCTCCGTAGTGCTCCAGCGAGTCTCCACATGATAAGGAATACTCTCCGTCATTAGGAGCTGGAAGTGAGCCTCACCTTTGAGCGGTCGGGCGCATACCTTAAATTTACACAACGCATCCTCCTAGGTTAGGCTGTCACTTGATGGGCTCGTGTGCATGACACTGAAGGGGGGAAAAAAGTGAACTGTGTTCTAGTAACGAACTGCGACACGTGTCGGAAACCGCCTTACACTACTTTTGGGACACTTAAATTTTTCTACCACTGTTCCCTCGACTAAAGCCCGCGGTGATTATCTTGTCGATCTAAGCTATATCCGCTACATATAGCAATGTACTCGTGGAGCGAAAGGGAGGTCCCATAAAGGATCTCTGGAGAGTCGCCTTGTCCAGATCTGCGAAGTCGACGGATCAGA,1938,49.54,Caenorhabditis elegans
SEQ_731315,GTAGTCAGTACATGGAGTACATATCTATTAGTCAAATTAGATCAGCCTGCGAGATTGGCTTCATTCGAAAACTCACCTTCCTAGATGATCTCATACTCCCGTGGCAATATGATTAGGATGCGCACTGAAACCTGGTTAGAGAGCTTTCCCAGTAATTTTCTAAGTCCGGTACTCTTCTATGCCCGCACTACAGCTTTAGAATACTGCT,208,42.79,Saccharomyces cerevisiae
SEQ_107877,TCGGGACCACGGGAGAGTGATAATAGCCTACCGACATAGGAAATGTACGAAGCGGATTATAACGAATCGGTAAATTTTATCGGGAGGTACCTCGTTATGACCTTCCGCATCCGCGCATACCTTGGCGGACGGACGGCCCAACCCTTGGGTGCGGTAGAGGTTGTATTTGTGGGATATGGTTTAACGGATCAACGGGTGTGCAGTACCTGGGTACCACATGCGGGTGCGATGACAGGTGTAGATGTGGTTTTAAGACTAGCCGGTCAATCGGCTCCTCAACACATCTACCGCACTGATACTAGCATTGTGGGAACCCTTCCATGGCATGTAGCGCCTAAATACCGACAACTAAAACAAAGTTGCATTACTAATCGCACATTTATACGGTGGTTATCCGTCGACGATACTATCCCTGTTACGGGCTTAAATTCACACAACCGTCACCCAATGATGCTTGCCTTAACTCCCATGTTTGCTACTACTTAAATAGGGTTTGTACAGTAGAGTTATTTACCCCTATTACAGTGCAACACGATGTGTGCGCAAACTCTTGACTGGCGACTTATGAATCATGGTAATTTTCCCAAAACCCACTTTACGAAACGAAGCGTTATAGGATTCACCACCTTCAAGCGATTTGACCAGATCTAGTCGCAGGCTCAACTATGGACTTACTCAGCACAACTGTTCCCCCTCAGACTTTCATAAACGCCGTAGAATGAATTCCTGCCCGAACCTTACTACCGGTGTGCTGCCTCGCATCAATCTGTAAAATGTTCACTGCAATAATCCGGTTGGACAGGTGACCTACCATGATATCCCCTAATGTGTTCCGGGACCTAATCTCAGCTAAGCTCACTTCGGCTTC,868,47.35,Mus musculus
SEQ_856771,TTACGCACGTCTTACCTGCAGCTTCCCGATTGGACGACAAGGATATTGGCTGTAGTGGTCCTCTAGACGTATATCGCGCTACCCCCAAAACGTGGAAGAGGTTCTCACCCTCGGAGCGTCGAAGTATGGCCGGACAGATACTCCCGAGCTGTCGCAGCGCATCTTTAACACGGCACAACAGGGAAGCGGTCTGTCCACAGACCGCTTTATCCTTGGGTACCCTGCGGAACCGAGCAAGTGGATATCGTCGAATCCGGGTGGACTTGACACGCCGAGGGTATCTTTAATCCGCGTCAATTAAATCTCAGGAGTGCCCAGGTCCACACCCTGGATCCTAAGATCCAGTGTCTTGCCGAGGACCACCTATGATATTTCTGCATTCAGCAGGGGCGAGGGCTGAGATCCATTGTTCCTCGTAGATTCGTCGAAAGCAGCACCTACGGGTATTAATACTTCGTAAACCGTAGCGCCGGAACCTGACACCAGCTCTTGACAGCTGAAGCTTATCATTAATTCAAGACCAGGATAACTTTCGATTTGATATGGCGTACTACGATCAACGGTCTGGGGCAGAGCCTCCGTGTATTGTCCTGTTGGACATAACGAGCCAATTCCAATCTTGAGTCGGATTTAGGTCCTCTAGCATGCTGCCGTGATGGATATTTCGTAATCCTAGTCAGTGCAACGGCGGTAATGACTAAGTGACTGAATGACTCGCAGAGTTGCTATCATTCAGGAACCATTTGTTAGAGTTCCCACCTGGATTTCGACATGGCTCTCCTTCAATCCACCGATGGTTGTGGTGAATTCTCCACATATACCTACGCTAGATTCAAAGGCTATCGAATCATAGGGGCAGTCCATCCCAGGCCTTGGGCATCGTAGTATGATCAGACTGTTGCAGAGTGCCATACTCACACACCGTTAGCACCACCTTATACAGCGCGATCTTAGTCGTAACCTAACTTAACGTTCACCCGGCGACACGCCTGACACTGTTGACCGCGCACCTACATAGGCCCCCACGTAATAGTGGGGCTGTTACCATCAAAGCCGGCATAGAATTGTGCTGATTGCCACGCCAGCCCATGCAACTCCAGGTCAAAGGCTACCATCCTGAATGGAACACGCTAGTGTGGACAGTCCCAAATAAGTGGCGGGCTGGACTGCATTGCCGATCAGGAGTTATCCATCTCATCTCAGTCGCTAGACGCTTACTTGTCCCTGTCGCGGTTGGAGGCCTAGCTAGCCCCGGATTAGCGTTCCTCATTAAGGTTATCTGCTGCTGAAGGCCTCAGACTAACGGCTTTGGATGTGCTCCGTCGCTCTAGATCGTTAGACCTACGCTACTGTTCCGATCAATGCACGACTCCCTGCGCGCCGACGGACATATCACGTTGGTTGTTGCGAGTTTCTCGCGGCCGTTATACGGGGTACACCGAGGGCATGTCCTCGCATCTTCGCTCGTTACACCTAGGCGAAGAGTATTGATCCGGCGTAGATGCGTGGATACGCGATTGGTTTTTGAACATCTGAACTTACAACGTTCCCATGCGAGATGACGTCCATCCCGACATTCAAGTCCTAATTTAGCCGAGGGAAGGAGACGGGGATGACATGGGAAATATTCTTTGGATCCCACCACACGCGGGCCCCCTGGGCGCAAATAAATATTTTGCTGACGACTTCAGTTCGACACACCCAATCTATCCAAGAGCTTCCAACCTTCAATATACCGTGGCATTCTCGAGACCTAGAAAGAATGACGAAGGGAGTCCCAATGCCTAGGCCGGCCAGCAGCACAGATCTTCCTTTCAGTGAAGTTGGCGGATCCCACGGCGCCGTTAGATGCCCGCCTTCTCTGCAAGACGCACGCACAAGAGTTGTCCTAATGGTAGCGTGGTGCACGAGGAGATCGAGTCGGTGTGTG,1930,52.12,Arabidopsis thaliana
SEQ_860233,ATCTTGTGCCTTACTGCATCTCTTACTACCGGTGGCGAGATTATAGCGTCGTTCCACATCTATTTGCACTAGAGATTCAGGTAGCATTGCTAGTAGCGTCTGCTTCCACTCGGCACAATCGATAGCTGAGGGTCACCTTACTAGAACATACTTGTATCCAGGATCATTGCTCCTCTACCTGCCAATCGCGATTTAGTCAAGCCTCTTCGTCCGATGGGAGCAAGGAATTTTTTTGGAATTTTCGACCATTGTGTACCGTGAGACCGAGGAACGTATGTCTCAACTTTTCGAGTATAAAAATTTTGGCGCCACGCTAATGTAAACCAAATCGAACTACATCGCCCTAGAAATCTCCCTACTGGATCGTCGGGCTCACCTAGAAAATCTAACCTTCAACGTAGTAGTGCGGTTAGTAGACGAAGCTGCGCTTTTCTTGATATGGGTGTCGAGGTATAAACTCCACGTACATAACTTCGGCGACGCTGTATTTGATAACTATCAGAGCCCCGACGAATAGGCTATGTCGCCGCGTTAACTATACAACAATTATAAGAGACGATCACTTTCGACTCATGGAAGTTACTTATAGAAGCGGATACCTAAGTTTTGACTTTCTCATTCGTTCATCGTTCCTCCAGGATATATCTTCAGTCAGAGAGAAGGCTGACAATGAGGGTGGCACGCTCCTGTTGTTGTGGGTTATAGTGCATTTCCTGGCGTTGTTTTCAGACCTTTTGACGACTCATACCGAGAACAGGCTTAGCCCTTCTGAAGAGGTGCGGCGTTCGAACGCATGGAGGCGAATCCTGAGGGTGTTGAG,820,46.22,Drosophila melanogaster
SEQ_383948,CGTCTAGCCCGCCCCGCTAGTCTGTCCTATCAATAAATCAATTGACGTGCAGATAGATCCCATCAAGCGTATACGCCCGACCAACTCACCCCGCAGGTTCCGAGACGAATTGGCGAGGCGGTAGAGATAATGGGTTTCTGGATGGGTCGACACTGTCTGAATTGCTTAAGATTTGGAGCTCTGTTAATAGACCTGTGAGGAGTCAGAGGTGCGTTCGTAAATCGGGAGATATCTCTCCAGAGGAAGTTTCGGAGGAGTAGTACTAGTGAGACTGGGGGCCGAGCAATCTTTCCAACGCATATTCGTTCGAAACGCAATAGGGCGCCTGTGGACGTGAAAGGTGCTAATCCGTAGTCTAGTCATGCTTGTGAAACTACGGGTCCTGGGGGTTTATTCTTTGGAGTTTGGGTAATGGTCCCGTGAACCTGTACCCCTGGCTAGGTGATTGGCGCATAACCAAGTATACGTAATTGATCAAGACACGAGATCACTGTGTGCCACAGCAGTAAGCGGGGTTCAAACTAACCACCATGAAAATCGGCAACTAATCATCGGGCGTAGCTTGGAACATTCTCGTTAAATATGTACAAAGTCCCACGGTAGATGGAACCCGCCTATTAATACGTCATATGGGCCTAGTACAGATCTACAGATACACAGATAGTACCCACTGTCCACCGCTGTGATGCCCTACTATCAACTTAATAGTTCACGTAGTTGGCCGTGAGGAAGGATCGATTAACCGAGAGAAGGGATCACTCTCTACGAGCCCTAAGTTAACTGGCGCTGCACATCCCGGAAACGGAGCGTTTTATTGCAAGAAGACCGGGCCTACACGTTTGCATTGGTTGGGTAATACTACTCACATGCGATAATTGGATTAGTCCTCTTATGGCACGTCCGAACCCTACGACACAGTTGTACGAGGGTACCAGAGCGTTCGGGCGACACCTTGGCAGGAGGGCCGCGTATCGTTCGCACTAAAACACCTATAAGCACCACGCATTCTCAATCGTGTGCGGTCGGGGTTTCACATTTATGTGACACGCGGCTGTTCGGGGGCAGGTGCCCACTTTGGGGTGGCAGGTTGCGGGATAGTTCTTCCTGTTCTGACATGCCAACTCGTCGGAGAATGCTAAGATGCGTAGCAGCATGGACCCAAGGGGCTTATCTTGATGGGCGAGGCATACCGAACCCCCCTAGTTGGTACATGGTACATGGTCGAACGAGGTTTGCCACCCAGTGCGATAAACTCAATGTACGTTGTAGTTGCGCATAGAAATCAGAACTCCTATGGCCGAGCTTGGAGGCCTTCTCAGGTCTGGCGTTCTCGCGCTACCACAGTATCGTGCACTGTTCCGTCCCAGCCTAATTTAACGGCAGGTGCGTTTAACCCGCCTCGGCCTTGTGAATGCTTTTTTGGATCATGCCCGCAAGGATACGTTCCACACCACGGAGTTCCTATTTACGTCGATCAAACATTGCTTAGGCGCGCTACGCTGGGGGTCCCGGACTCGAGATTGGTGTGCTGTGGTCTACTCTAATACTCGCGACCACCCTGGAGCGAGGATTCAGTCCGAATATACTGCCGTGGATCCCCACCTCGCCTCAAGCATGTAGACTGTGAACTCTCGTGCCCAATATGTGTCAGATTCATCTGGGCCTGCCTTATACACTAACTGCTATCGGTTC,1692,51.36,Escherichia coli
SEQ_976402,TAGGCAGGGGACATGATATTGCAGCGTGTAACAGCTCATGTGGGCGGTTGTGTCTGCCCAAACTCATCGAGTATTTCGTGGCGTAAGGCTCACGTCTAGTTGGGCGGACCTAATCACTTAGGTCGAGCATACCCACCTGATCGCCATTTGAATACTGCTGCAACGACTATTGGCGCTCCATCAACTCAGACCTCTATTAATAACGCGTTTAGGGCGAGGTCAGATCCTCTTGCCTTCATTAATGGCCTCTAAGTCGACATCGTAAGTAATAGTCACGCGTCCTCAGTGGAAGGGTGGCCGAAGGCTGATCAACAACCCGTACACGCGTACCGAGAGTTGTAGCACCTCAGGTCCTCGTGTTGACGCTACCCATGGCTGGCGGATTACTGAAAGGTTCGGTTAGAAATGGGTCTATTGTTTAAAAACAGAACTCCGGGACGATAGGTGGTTTGTTGACCTGTAGCATCAAACGACGCGGATCAGTCCGTGCCTGAAGTCAAGCCCTTGGCACGCTGTTTCTATTGAGGCTGTCCCCGTTCACATGACTCTGCCCCCTGTCGAAACAGTCTTTTCTTCCTAGTACGACCCCTGTGTCTCTAAATCGGCAGCTTTGGTTAATCGCTCCAGTACAACCCTGTGATGTGGTAGAGTCTGGTACGATTTCGTGGAGCATCTGATGATCGGTTTTGCAAGGACACTAGTGCATCGTCTAGGCGTAGCATAAGACCAACACGACGTTTGGCTACGGTACGTGTCTGGAGACAATCAAGACTTATTGAATTATTTGCCTAGACAACCTAGAAAGTGACGTGGACTGCGCACCTGGGTTTCTTCCCGGAATCGTCGCTAGTGTACTCCCTTGTTACTCTCGGCGCTTCTCAAATCAGGCAGGGCACCAGTTGTTCCGCGAGGGATTTTTCCCGGACTCCAGAGGCATCTATTGGCCTACTCTCTGACCTTGCGGTCGTCCCTGGGCGTGTGGCCACGTATGGCCCGTCCCCCTGTTATGAAGACACTA,1018,51.57,Escherichia coli
SEQ_650429,TAGAGAGAACCTGGCTACCATGGGCAGTATACAGTGTTAACCAGTTGTGATGCTTCCTTATATCCACAAGACGTGCCGAATAGAGCGGGTCGATCGTATGCCACTGGGTTGAGGGTAGTAGTTGAGTGGGTTTCCGTACTCCCACCAACTTTTGTTACTTTTCCGAACGCTTACAGGGGCTCAAGATATCTCGGGTGGACCTTGCTGTCATGGGTACGGTCTCTAGTTGTCGGGCCGGTAGTCGGAATTATGACTCTTGGAGCCATAAGCCAGATCAGTCATAGTAATTAAGCTTGGACTCTGGGTTCAACCCGTCGATTTGGCGGCTATGAAGCTGCAATGGGTGCCATGGGTTCTTCTGTGTGACTGTACCATCTATGCTTGACGCGCACCGAACCGTACGACGTGACCAACATGCACAATGCAACGATCCCAACATTTGATGACTCGAAATTGGTATCCCGGCTATGAGTATAGCATGTTGCCTAGGTCTCATTGCGGGAACAGACCCTTGGGCGGCGCATGCGTATCCGGCCGTAAATTTACTTCATCAGGAGACGCAGAGGGCGTATCACGGTGGTGAGGGCCGACAAAATCCAAAAGCCAAATTGCCCCCCCAGATTCACTTAGAGACGAAAGCCTCACTTCCTGATGGAATGTATGGTGACAACGTAATTATTTGAAGCTAGCACGTTAAGTTGTGGCAGCTTTGAAGTTCGTCGAATCTAAGGATCACCACTAACAGCCCATAAAGAATCACAGATGGTCACCACAACGAGGCCTGCGCACTCTGCGGGCTGTGTTATTGGGACAGAGTGTATTGGTCTGTGCGACGCCGCCCCATGGCATGAATAGAGTGGAGTCCACCTGTCTAGTTTTAGTCGTAGACAATAGTCACACCAGTTCAAATCCGCAATCCCAGTTAAGATCCGAGATTAGTACGCGGAAGACGGCTGATATGGGCTCCGTGGGCGCCTGACTGGATTATACCACTCCCCAGTGGTTGAACATATTGGGATGGGGCGGTGGCTCCTTCGTACCCTAGGTTTTTCTCTAGCCGAAAGGTGTTTTGGTTTCTTTCCGGTCTCAACTTACCCTTATCACCCCCACACGACCGCGCAACATTGCACCACAAGCCCTCATGCCTGCCCCGTACGCGTTCGTGGAAAACGGTTACGAAGGTAACCTACCAGATGCCAACTCGACTCCGCCAAAGAGGCTAGAGACATGAGCTCTATGAATCGTAAACAATGGCCCGCGACTCAGTTACAGACCCCACTTATGATTATAAGGGTAAATACTGGACTAGTGTTTTGACATGAAGGGCAAGGGTGCGTCGCCCG,1343,50.78,Saccharomyces cerevisiae
SEQ_245054,CGCTAATCGGCCTGGTGGAGTAGACAAGTTTCGCTGCCAACCCGATGGCAACCCATCCCATGTAGCATATTAAGCATATCTTAACCTCAACTTTGAGGCTCCCATACGTCCCCTCGATCCACTGCAGATTCGCCCTTGGTCTGTGAAAACGGTGTGCCGGACGCGGATGGATTAGTAGTCCAAGGTGAGTTTCTAACTATTTTTAATAGCTTCATAGCAGAATTCCCAACAAAGTCATTGCCTTATGTGTACGGTCCAGTAATACTGCGACTGGGGCATGACATCTAAATGGACATAACGGCAGTGCGACCTCCCGTTTTACGCGTAGTGCCCACGAATCTGTTTCTGAGTGGTTGACTCACCGTATGAAAATTTCCCACGTTCCTCACGACGAGCGGACACAACTTCTATGTAACTTGAGATACCTAACTCGTGCTGCGAGGCTAAATCTGGACCTGCCACCGCCATTGGGACCTTGTAGGTTCTTGCACTGTCGGCACTAAACTCACGATAGGGCTTTGTTGCGGAACTGCCTCGTAAGGCCAAGTGTATTGTGTTTACAATACTCCGTCCCTTTCGAGCTCTGACGAACCGACACCAAACTAGAACTTACGTCACCCATTACAGGCCTCAACATGCCCCGATTGGTTTTTGCTCATCTATGAGTTTATGAGTATACATACTACGGAGAAACGGGTGACACGGCACATACGGGTAAACGTGATCCAGCGCCCTAAGAGGAGTTCCGATATGGTATAGATATGTCTTTAGCCCAAGATCAGTCGGGGTTGTCCGCCCGATGATGCGGGATCTCACGTGCGTTTCTACTTGTGCTCGGTTATCCTGAACCGCCTATTGGAGGATCGCTATATAACTCTGACCGTGGATATAAGTACAGACATACTACGGACTAAACGGATCCTATGGTGTCGTTCCATACCTGTTTATTCTACTCGATGGCAAACTATTATGTGACTTCTGTCATGTGTCTAGGATTAATCTGCCACACTCTTCCTGCAAATTCCCTTTTCTTTACGGAAAGCGGAACGTACAACTGGTGCGGGTCGGGTCGCTTAGCGGCACTCTTATTACCCGAGATTGTAAAGTGGTACGGCCCCTCTTTCTCCGGGGTGATCTTCGTTGGAGTAGCCACCCGTACGTTAGCGCACGTGCAGTTCGAGATATAGTACGAGGTTATGTTAATAACTACGCGTGGCGGA,1220,48.77,Homo sapiens
SEQ_466373,TAGTGTTGAATCGCTAATCGATTTAGAGAGAGGGGGCAGCCCACCAATAGAACGGGTCTCGGAGGCGGCACAGCAATCGATGTTAGTATTTTGGGACCTGAATTAACGCATATGGGTGTTAAAGACCAGAATAGTCGATCTCTCATAGCTCGTTAATTGGACATAATATCGACATCGCACATAGGCCGACATCGGGGGCGCATAAGGTGGGT,212,48.11,Escherichia coli
SEQ_576350,CCGGTGGACTGGCAATTTTAAAAACGGTATACCCAGCACCTGTTCGTCTGGTCATGCTAATACCATCGTTAGGCCAGACTACTACAGCCACTGAATTAATTAGCCCTGGCCTCTATGTTGAACATTGACCCTCTTAGGAGTCTGAAGTAGTATTGGTAGCTTTAGACTTCTCTTGGTCCATATGGTACATGAACGTTTGAGATGAATGCGAAAGATCCGTAGTCGATTTGAGTACCTGCGGCCAGACACCTCTATGGAAACACTCTATAGTTTAAGAAGTGTACTGATCTTGACTCGATTCTTGTGACCTTACAATCGTTGCCTCCCCTATAAACCTCATATACGATGATCCCATTAGTACATCAACGAAGTCGGATGACCAGTAGCGACACATGTTTGGATCACGCACCGTTTGTTAAGACATTTTCTAGCGGGGTGTGATACGATCGCCGTAAATAGAGGTCCCAACACTCAGGTAGACGAGTCACGTGCCTATTGCTCCTAGTCCAAATTTATCTAAACCAGTTTAGCCAGCACAGCGATGATCGGTCTATAACGAATGTAGGCACTCAAGCGAGCCAACGTTCTGGCGAGGGGGAGAGACGTCATATATGGCGCCGCTAAGAC,627,46.25,Escherichia coli
SEQ_436994,AGGACACCTTGGTGCTTTTCCGGCCTACGCATTTCTTTTGGCCCGAATCATGCGACCATATCGATGGCTGCGTTTCTACCGAAGTCATCGTCAAGTCTTCCCCGTGTACGGGATCAACTACCAGATGAGACCCGTCCGGATGGTAACCATGTATTGAGCCCTTGGCTTTATCTCACCGTGAAGCCAATACTGAACCAGTTTGAGCGTTTCTACTGGGTAAAGTCGAGTTTAGCTCACCAGACGTTGTGCAGCAGACCGTGTAGCGGGACACAGTCTAAATAGTAAGTTTAATGATACCCCAAACTTATTTATTACTGGTTTCAAGAGCTCCACCACCTTTTTAGATCTATTCGCGCAATTCTATCCGAAGCCCGCATCAGCGAACGAAGATTACTACGCAATTTGGCTTCGCCAGATTTGCGACACGGTCCTTGTTGCATAGACGGGGCCGCGATGCAGCTTAAGTAAACCGTTGACATATTTAGATCATTAGCTCCATCCTATTAAAATTTGTGTACCTCAGGACGACGACTCAGGACATGAAAGTCCTCTGTAGATTCTGTGATGTGGGAGGGAATGCCCACCGCCACAATCTCAATATCAAAATGGTATGGGAGCGGTCAATGAGACTTTCCCCACGTGGGTAATGGAGAGCCCTGCTGGGCCTAGTATACCTGCATGGACCCCTTCGGAGGCTCTATGGGAAGATCCGCCCAAAATGCGGAAGGCAAACACATAAGCCAAGTTAACCGAATACGGAAGTGTTTTTCTCGTGGAGGTAAAATGCAGTCTTCCTCTGCTTAGGCTGCAGTTTCCCCCTGAATGCCCAATCTAAAAGAACAACGATTTGCACATTCAATGACACAGTTTGTGGCAGGCCAAAGGGATATTCTCAGTTAATACGCCAGAAAGTAGGATAGTCTATCGCCGGGTTAAGTATGGCACGCATCGGGAGAAAGACCCTGCAATGGGATTGACGTTACTCAATCAGCCAGATTCGCAAGCTGTAATTGTCAGATAGAGCGTTCACTGTAATATTATACGGTTACGACCAATTCTTAAGCTTTGCCCTTGGGAACTCGGGACCTTCTTACATCAACGTGGATAGAAGCAAGAACCGTTGAGTTGAACCTTAAGTCTCACACCTAGGTCGTTGGATCACCCTTATTACTACTTGAGAAGAATCTTAATAAAGGAGGATGCAACGCTTGTACAGCACGATGAGTCCGGGATAACTAAGTGGTGTCTATCCTGTAGACGATGTAAAGAATAGTGTAATTTTCGGAGCGTCATTAGTGCAGCTCGACGTCCTGTAAACTCTGTTCCTGAAGCAAGCTCCTCTAGTCCGCGTGCTATCGGTAGACCAATGAAGGAATCACGTAGGCTACTGCTTTGTAATGAGGCCCTGCAACGGCAACGTGAAGGAGCCGGCTGATTTCCGGAATACATCAGCGTACTCCATCTAATTAGCGAGTAAACGCCGGC,1485,47.41,Escherichia coli
SEQ_948989,GCGCACGTCTAGTGTCCCACGTTGGGTTACCCTACCTGGTTTGTGTATTAGTTCAATTGACACGGGCTGACATAACATGGAACGAGCCGTCCTCCGTACGCGCTCGATAAGCCAGATATCTGAGCCGCCGGGCTCAGATATATGCAAAGAACTTGTCCACTCGGCGGATCTAAGGACCAATCAGTCCCGCAGAGCGCTTATAATCGTGATCAACACCCTTCTGCGTACGAAATATAATGCCACACTCGTCTTCAGATACCGGTCAACGTATAGTCCCAGGAGCTTATCAATCTCATGCCAATATCAGACATAAAGGTCACTAGGTCCAAGTCATTGACCGAATTACGTAGAAGATGCATGCTGCTCCGACGAGGCTCGCCGCCTACCGGTAAGTACCCAAAATCTAATACAGCAACCTGTGCCTATACAAAGGCATATCCAACCCGAATCCGGGTAGAGCTGGGTCCTCAGTGCATCGCGACTTAAAGTCAATACGATAGCTACGTTGATACTCCCTGAAAGCCTACGTGACAAGGCACGAGTAATGGAGGGGGAGCAGTATTTAGGGGGTATCGTGTCGGGCGGATTAGATAATCAACTGTGAGCATGCTCTCATTATACGTTGGACGGCCAGACATTACGGGCTATTGCCTAGTCATGTTGAATATACTTGATACATCTTGCTTCCTAGCAGCCTCGAGATCATCTTCGGGTCCCTTTCAAGTGCCGACCTGACGACCGCCTTGAGCTAACTGAATACATTCAAGACTCGCGACGGGCAACAGGTCATGGTCTCCTGCTAAGACAAGGTCGATATTAGCACTCACCTTTGGGTGCCTTCCTCTCGGGTCTAGGTCGTAGTCACTCACGAACCAAGCTGAGTGACTGTGAAAGGACGTGGCAGTTGCTTAAATTGGTGCTACGACAGAAGTGTATCATAGTCCTGTTGAAACTCCAAATTTGGGATAGACTCGAATAGAAGTAGTC,987,49.24,Caenorhabditis elegans
SEQ_326686,AATGGCTAGCTTCTCCTAATGGACGACGGATTTTCGGACACGGCCCCTCCCGGCACGTCAACCGCACCATACCCACTCCCGCCCACTGCAACCGAGCGCACAGAAGATAAATGAGAAAACCTACGCGTCGTGGAACTTTCACCCATGCCCTTAGGGGAAACCACTGAATTGAGATGGGATCACAGTGCCTGACCCGTCAGTTCCTCTGATTCCAAGCCCTCCCCGAGTCTACTAGTCTACTAGAAATGCAGGGGCTCGTAAGGTATTGTGAGTAATTCCCCCATACGCCGCCGTAAGTCTAGGGGAGGTTAGTGTGGACTAACGGTACTTTTAAGATTTGTGCGCTTCATCTTGACGTCATTTTGATTTGCTAGCCTAACAATTTCTCAACTTCCGGCACCGCTACGTCAGGCATCCACTACAAACGGGTGGCGAGCCTCCAGCAACTGGGGGTAGGAGCGACAATACAGGATTTACCAAACATCTGGCGGCCTCAGTCCGTCAAACAATCCCAACCTGATGTCCTAGCGGGGACGCGCTAACTGTCGGGGCTCTAACTTGTCTGTGAAAGGATGTCCAAGTCGATAATCTGGAACCATCCGTAAGGACTGAAGGCTATCGTATGCATTGTTTAAAAGGCGCGTGTAAGTGTATAGTAATATCGGTGGCGAAGCTGGCATCAAGTGTCTAATACCTCATCCCGTGCAGGC,710,51.69,Caenorhabditis elegans
SEQ_724903,CACATGCGCGACCCATGATAACGCGTCGCGTTAGCACCAATAGGGGGTGTTCCAATGCCACTAGATCGCACCTCAAGATCCGTGGTCTAGGGCAACCCTAGTAATTAGCATACCCTTTTGAGTGGCCCAACAGGTCTGAGCCGATTCAGCAAATATGACAGGCTTCGGTAAATGAGGAAGACGGTGGATGTTGCTAACCCTGCGCAGAAAACTAGTCTTCAGAGTACTACACTCTAATAGATCCGCCGCCGCAACCGATTTCAGGAGCCTATAGTAAGGTTGTCACTGTGGGTCTGTTGACAATCGTAAAGGTGCGCACTGGCCGAGAGCTTGCGGGTATAAGGAGTTTTTGTGCCTCGCCTGGCGCCGGCAGAGATCTGCGGACGCCGTACTCTATCCTCTGCGCGATGTCCGGATATCGAGCCTTACATAAATCTCCCCAAGTGAAACGGACTGCGACCATTCCTCGTAGGTGCGCCGCCCCCTCTCTGGATTCACCGAGCGCAATCGCTTCTACTGCTACGCCTAAGGCGGCCCCGGGTGTAGCTGCGAACAATATGACCAACATGACTAAAGTGGTATTGAAGATAGTTGCGCCTTTCTGCCAAATTATGTATCGTCATTCGCGCGGCAGAAGTGCTAGGGCAGCGGCCAGTAGTGAGATATGTAGAACTACGCACTCCTCAAGTTATCCGGCCGTCTAGCGTCTACAGTTTATGGGTTTTTCGCTGAACTCGACCGTTGGGCACTAGGTCCGAACGACGAGGTAACCCGAGTGCCTCCGATCTTCAGCTGTTACCCCGCAGCCGCTCGTCGACCTATCGGGCGGACCCTCGGGCTTCTGCTCGGGTTCTCCTTTATCAATACATATACCTGACCGTCCTCAGTGCGTCTATTGTTTCCGATACAGCCGCACTTGTGGGTCATCCTAGTGTGCAGACTCTAACTATGTTCAATGCTATCAGCTCGGATCAATTCCGCGGTCCCCGGCTATGAAAATTCTCTGATTATTACAAGAAGTTTTCCTGAACTCAACGCCATCAACACCCCGGAACAAAATGTA,1063,52.49,Mus musculus
SEQ_149845,CGCGGTTCTAGCCTAAACAAAACTTACAGCGACTCGAGAGCCATGCGCCATTCCCAAAGCACAGGTAGGCGAGCGTTGGTTCGGTCCGGCCCTAATTTTCTCGTATAGGTGTTTTGGGGTTGCCTTCCAATATCCCCGTCGCGAATGCTGGGAAAGCGTATACTATGCACAGGCCAATACATGCTTCAATGGAATCCCTAGTGTGCTTCAGAACGTATGGAACTTATACGACTCCAGGGCAGTAAGGAGGGAATCGATGCCTTGAGCTGACACCATCGGGTGCGAATAGGCTAGCGAATTGGCGCCACTGTAGAATTGTAGTCCCTGTGATGGCAAACCAACACACATACCTGTTACGGATAAATCCGTAAGGCCAGATTTAGCCGTACGTCCCGCTCCTTGGCGGCAGTGTAACATTCTTTAACTTTTCCACAGTCGTAGTAACATCGTTGTTTAGACTAGGAACGGGTAAACAAAACAATCGCAATAAAACGAGTTCCGCGTGACGCAGAGGATCGATCTAAAACGTTATTGGATGTATGTTGCCACTGGCTCGTATGCCGTTCGGTACATTTAGTTGCATAGAAGTGTGGGCAGCTACCATCGCTAATTTCTGAGTTATGTTAGATACTCCATTCAAGCCCTCCATGTACCCGACTCGCAGAACGACCATAACCAGAATCTTCCATAGGTTCTGAGAAGGCCGGCCAGCCGCCAGTAATAGCATAGGGATGCGAAGACCGACAAGTCTAAGGCCGCATGAGTCAAGCCAACCAGATCGCAAGCTGGCTTGAACATAGCGATAAAGTTCTGCCTGATAATCTCCGCCCCCGGCGCCGGAAGCATACTGGCTCTTCAGCCATGCACACACCCCTTTACGATGGGGCGCGTGTCCTCAGGGTAGCCATCCATTATAGAGTAGTCAGCCTATTTAACGGGAAGAGATAGGAAGTACGGTACATAGGAATCAGCTAGCCCGGAGACGCTACGGGAGGTGACCCTGCAATGGCCGGTTTAGAACAACGACATTGCTTCGCGGGATGACCTACTGAAAGTTGAAGTCGCCCCGATTAGCTGCCCCTACTTTGCAACTGTACAAACACAGTTGACCCCGCTACCGTCCTGGTATTTGAATCTGGCAAAATCCGTCTTATTATAACTAAAGAGTTCATGGGCCGATGCCTCGCTCACGGGGTACTCTGGGTAGGCGAGATGTCTAGTCGCTACGCCAACATGCAACGTGTTACGGTACACTTCCAATCCATTCAGAGGTAAATTAAAAGTACCGGGTGGTCCTATTTGATAGCACCTGGGCCGCGTTTTTAGGGGATAAGCGAACTAAGTGGGCCTCTCATGTTGACCGTCAGTACCTCTCACCTACC,1382,50.29,Escherichia coli
SEQ_576769,AGAAGATTGTAGATGTAGTGCTCCAGATGCCGATTCTTTCTATTTGCCAAGGTT,54,40.74,Drosophila melanogaster
SEQ_836849,CCTCTCTCCGCTTCTGTACGGTATAATGGGCATTCCGACGCTAGCAACTGAATGGAAGTTTCCATTCGGGTACCACTCGCTACCGTCAGCCATTCCAATTTGATCAACGCTACCGTCGCGCCATTTCGATAGAGGTCGATCCATAGACTTAAAGATCGGTGCTCTGCGGCGCCCGGGACATGGGGGCCATTTGTCACTGGTGCTGTTAGACGACGTTCCAAAATTAACGATGGAGTGCTATTGTGAACGAAACATCTCAGATTGACCGGAGGT,273,51.28,Homo sapiens
SEQ_766425,TTCGTACTGGTTTGCCTTTTCAATAGTCTTACTCGACGCTCACGTTCTGATAAAATCGAAATGTATGGTCTTCGGACACAACCCTCGCCCCTCTGCCTGGTCGCTAAACTTACAAAGAGGTGCGTGATAATGAACCCCTTAGCAGGTTTCCCGGCCTTGTAATTTACTGGATCAATTGTCCTCAAGCGTCTCTCGACCTGTATACTGGGGAGAGTTTCAAATACAGAGACCATAGAGGGTTCAGAATGTAGGTTGAAGTTTGTGTATTCCTTACGTGTTAAGCAAAACTGTTCCAGTTAATGGGCCAGGGGCTCGGTGACTACGCGCTCTGTAACTAAGTGAAGAGCGGGTGCCTACGATCTGCTTTGCGGGTTAGGACGTGTTGCCCGGATAGTCATATGTTAGGGAGGTTGGTTTGTAATAGATAAACCTTCCTTTGCCCTGAGCCTTAGATCGTTCCATGTAACGTTCGCAGTACCACGTAATGCATATGTAAAACTTACATAATTGTGCCCCCCCTAAGCTCAACAGGGTATTCTGACCAAAACGACGCAGCACCGTCCCTTGATATAGCCCGGCGGTAGGCGAAGGTCGCAAACCAGCACGTGGTCTCATGGGCATGATACCCCTAGTGTAACTCATGAATGCTCTTGGCTTGGAGGGTTGGGGCAACAATTGTAGGCGATCTACCTCTCTGGATGTTAGGAAAAAGGCGTTTTGTACCTAACAATGGCCGAGGAGCGACGAAGAATCCTACAGGATGGCTATCGCTAATGTTCAACGTACCTAGTAACGAATCCTCACGTACAAAAATGTGCTTAGTACGACCTCAACCGGTATGTTGGAAACCGACCTTCGCGCCGGTCTAAAGCAAACTTACAAGAAATGCAGACACCTGCACCACCCACTGCTCGGGAGGCCCTTCCGACGTGTTCCCATATTCAGCGATTATTCCCTGCATCAGACGGAGAGACCACACTCTCGCGCTAGCGCACAAGACAGGTGAATCTCCGCTTGAACTGCTGCCTTAAACTAAGAGAATTTATCCAGTAAACAGTAACCAATATCGGTAGCGCATAATCATTAAGTCAATCTCAGCCATTTGAGGAGTCAACTCTGTACGGGCCCACATCAACTGTTTAATTAACCCATTACAATCACACCAACCCCCTTTTCACCTGTAAAGTGCCGATTTAGTCTGTTCGCGAGAGGTGCAGTAACGGGCCCAGCGACAAATCTCCAAAACGAGCGGTTCCAAAGTTGTCAGTGAGAATGTTCCGCCACCGGGGGAGGCGCAAGGGACCAACCGTCGAAGAGGACCCTAGGTCCAGCGTATGAATCCGGTCCGTTAGCTGGGCGGCCATAAGCAGGTTTTAACCGTCAGCGACTGCGCACATAGTTGTACGGCAAATCGCCGACTAGACAGGGGGGATGTCCTACGTGATCACTTCATCTCTATTGCGGACTACCATCTACGACGTTTTCGTTCCTGTTGCTAAATTCGGAGGTTCGAATTTCCAACCAGGTGGTTGGTGTAGGATATGGCAATGTACAGGCCGGGGTGGAAAAACTGTCATGACGTAGAAGGCGATA,1593,49.22,Escherichia coli
SEQ_402079,ATCGGGTGGCGCAGTACATGGCCGACGTCTCGATGCTGGGTGGGGAATAGTAACTAATACTGGTTTTGTCCACAGATGGCATGCTGCCCCCGTCACCGGTTAATCCAGCCTTCACGAAGAACGCCTTTCTATGAGAACGCAGGTGGGATCATATAGTCCCAACTAAGTCTGACCATAATCCTTCTAGTGCGGAGAGTCTAACGGAAATTACTCTGCCAACCCTTTTCGGGGTTCGGCTATTTGTCTTTGGAAATGATTAACGGTCTAAATAAAAATGCTCTTCCACCAAGAGACGTCGGTAGCCATTATGCACAAAGCCAAAAACCGCGTCAGACGAAGATTAACATGAGGTCTGAAAGCTGTGCGTGATCATATGACTTTGACTTCTTACTTAGTATGCTTCGTTAGGGCGCAAAACTCGTTCCTGGTAATTCTGAACGCCTTGGGCGCGTGCTGATCAAAAATACCCGAATGTAGATTCGTGCGGTTTTTCTCGTTGATATACGAGTATCTGTAATGCGGTTGGATGAACCTCGAGAAGCCTCAAAGTTTAGCTTGCCCGTGGATTTTAGAAATACTGGGTGATGGACGATCATGTTACGCGGTGAGCAATTTCATTGAAAAATCATGAGGAGTTCTTCGCCTGGACTTAGAAGTGAAAGCTGTGCTATACTGGAATCCGCGCCGCGGACGATGACATTTACAGGTCCGTCCAATGATGGGGTCCGAGTAGATGAGAGGGGAATAAATGGCGGTGGATGCGCAGGTTATTTTTTGCACTCCTGTGGTGTCTGCCAGAGCTATAGAGCTTGTCACAGTAATCTGAACTAAAGTCGGGTTGGGGTAGGCGGTAAGGGTAGGCGGATATACCAGGTATTCTACCAGCGTCAGTCAATACATGTGCAAAATGGAGTGAGGGTAGTCCACCTCGCAGCAGGCCTAGTCAAAGGCGTCGTAGCTAACAGTTTGGTTCCTTGCACGCGAAAAGCGCCATAACGTGACCGAGTTTCCCTCGCCGGGCATTAGGTATGGATCAGCGGAGATTACATTTCAACCGCCTGCGTGCGCGCTGTGTGGAACTAGCGCTAGCGGATGCATGCAAATTCTTGGGCCTATCAACAGACACGGGCTGTCCGCGTGGGCGCTATCTTTGCTAGGTCCTAAGATTCCTTCGGCAAGGAACTCGACCACAAATATTGAGCCTGTAAGTGGAGGGAAGATATTCGGAACGAGCCTGCTCGTGTTAGTGATCTCGCCGAATAGGGTTCTCTTGGACTGATGCATTCTATCGACTTCTGCAGGGATGGTACTCAAACACTTA,1321,49.05,Saccharomyces cerevisiae
SEQ_255507,ATGCCCTCTGCCTTAGTCCGAATGGTCCAAGTGCGTCCAACCACTGCTTCCGTATACAGTTCGAATATAATTAATCGGTCTCAGTGAGACTCATGAGCCCTTTCCTAATCGCTGCTCGGTTCCCCATACGGACGAACTAGACTCTAGCCTTGGACTGAGATTATTTGCTCATTCCCTCTGATTCCGGATACATGGTTGCTCCAAATAGCTCGATGTACGTGGTCATTGCGGTCTAGGTGGACGGAAGCGCCGAATGCCTTCGGGTACGGCGCGTTAATGCAGAACGGGGCCGATTTCGGCCACCGCGTTTTTGGCTCCGGCAACGGATGGTTTGTTGGGGCGCCATGAAGCTCAACCAGTAGTAATCTGCCTCCAGAGGTGAACTACTATGAATTGCAACACCGCTCTATAGTCGGGGGCAGATCAACAAATAAGTACACATCTCACGCAAGACACCCACATTTCGGCCTCCACTCATTCCGTTACTGTGTGGCGCGGGCTTAGACCGGGTCCCTGCTATCTGTAGTGATCTTAAGCTCACGCATGGTGAGCTTTTTACCCAGCGGTGCCAACGGTTTGGCCAATAATGCGAAACGTCGGGCTGTACAGGTGATTAGTATTCTTAACTGGGGCAACGAGTGGCCTCGCTTATTGAGAGTCGTTGCTCGTACCAAATGAAAATATTACCAAGCCAGCAGGGGTGTAAGCCATCGTTAGTCCCTGTTGAATAAATTTGGGGGATTCTGGTTCGTCTGATCTACCCACATACTAACTGCGGGAGCGAATGTATTCGAATCGATTGGACATTAACCGAGGTAAGCAAATCGCCCCAAAGAGTTCCGGTTGTCTAAACCTTTAGTGCACACCGGGGTCAAATATAGGACGTACTCAGTTAAGCCCCGGTTCCGTACACTCAACTTTAACCGTACGGGCAAATTCACAGTAAGCGATCTAACAACAAGGTCAGGTTCCGCGGCGTAGCGCATAGTGGCAAGGAAGGGACTGGGGTTGGGCGACTCCACATATAGCATTCCGAATACCTTTAGCGACAATACACGGCACTCGCAACTCCATACTCTATGAGCTCACTCCTTGCTGATTCGTAGATACAGAATTAGTTGGTGTCCGAGAACAGGGTGTCTATTTTCTTTCGACACACTACCCATCGAGCTGAGGCGATCGCTGATGAGGTCATGGGAACTTTCCTCGCCATACGTCTACGTAGAATAATATCCTACTGTCTGCCTAGGGGCATCGCCAACCCAATACGGTCTCTCTCCTTGTCCCATGCAACGGGACCGAGATCAAAACGCACACCGGGGTTTTCGCTAACGTTGCGATCAAATGAGCATAGAAACACATTATGCATTATTTTAATACGTGGGCAGCTACCGTCATACCTCAATGTTTTAGCTCTTTGCCTGCCTGGGATGCCTGTTACTCCGATCCTACACTGATCGCTAACATGAGTCCCTCATGAAGCATTCAATGAAGTATTTCTTCTAGGCACGAGGACCGCCGTCAACATGCTGCCTATGCCATCGCCTGATCGGGCTATTCAGGTGGTAGAATGTGTAACCATAATATTACGTTGCTATTATGGTTCCTTCAAACGGTCGGGGCAAGAGGGCTGGGTGGGTAACAACAGATTCTGGAGTACATTCATGGGGCAATACATCCGCCAGGCATAGGGCAGCTTTATGAGCACGACCAGGCTCAACGAACCGGCAATGGGTAGCTGCCTAGGGGAATTAAGGGTGGCCTTCAGTATTTGTTAACCGCAGATAATCAATAAAGCACCATACGTATAAGACTATATAACGCTATCCTTACAAAGTCAGCGGATTATTTTTTGGATAGACCTGTCTTACGCACAGGACTAAGCTGTACAGGTTCGTCGACTTTGGCGAGATTTGCATTTCTGCCTCAC,1930,49.27,Saccharomyces cerevisiae
SEQ_389842,CCAGGCAACGGTTAAAGACGTAGAACCGACCAACCCGCTCCTCGATAACTATTCATAGCGGATTCGAAGTTAGTGGCTGAAGGTGCGAAATAAGACTAGCGATTACCGCTTCCGGCCCCCTACCCATATTTGTTGGTCAAAAATCCCGAAACCAAAGAGCGGCATTGGTACTTATCGAACATATACCCCCTTGCACACAATTCCCTCGCGACGCTTTTAAGGGCGCCACCGTGGTTCGATCCGAGTGATATAGCCGGATTGCTCTATGTGCTTCAACGGAGGCATGTCAGCCACATCAAACCACTTTCTAGGGCTACCCTATGCTGGGTATGTCTTTCTGGGTTTAATAGTCCGAACATTGGTTGCATCTTGTTCATTCCTTCGAAAGCCATTATGTATATAAAATAAACATCACTAAAGGGACAAAATCTATATGTAGTATAATGGCACTAGAATGCTTATGACGGTATCTCAGGGTCCTCCGATTAAGCCAGTGTGGTAAATTCAAGTAGTAACGACGCCAACGGAGCGCATGTGTGACCGTGTCACGCCCGCTGGTCGGACAACGCGCAGAAAGGTTAATACCGCAGATATGTTACCTTGTCGTACCGCGGTTCAATATCATACAGTCCCTCACTCGTTCCTATTTGTTAGCGAGTGAGTGTTCTCACTCCTGTGTTAACGATATTATAGCTGGTCCTGTCTTTATTTGTTTCAGTAGTATGCAGCTAACCGGAAATCATACTTACGCATGACATTTAGAAGTGCCGGATGTCTTGAGTCTACGCTCCGTCTGGATGACGCCCATAGACCGGCACTTCAGAATTGACAGTGACTAGTCGATTCGCCAATCCGGTGCGATACTACCAGGCGCGGTTGGCAGGGGCCCTTTGGCGCGCGGCCGTCTGCAATACCGAGAATAATCAATAAAGCCCTCTTGGATTTGGAGGTAGGATACTAAAGGCAAGTTGGTGACTATTGGTCGTCCCAGACCCTATGACAAATCTGGGGAAACGAGCTGTCCGAATGTATTGGCTGTCCGGAATTGAATTATTCGGTGCGCTTGCTCACCTCACTTTCTAAAGGAGGAGAACGGTCGGGCTGAATGTGGCGATTATCATCATGGACTCATGTACGACTAGCTGGGGTATCATGTCCTTCTGCAGACAGACCTCGTGCCTCCCACGGACCTCCATCATTGCATTGATTTTCGCCCACTAAAGGGGGTGCATGGTTATAGGCTTACGATGCAGCTTAGAACCTGTGAAAATTCATAACAGCTACCAGATTTTCACGTGCGTCCGAGATTTGGCTTAAGGTTCCGCTTTGTTATACTGACTGGCCCCGACGCTCACTCTCCATTTGATGTTAGGGCTGGGAGCGACGGTTGGCTCTCGTACTAGAAGACGAGAGGCTTCAAGCCTAACTGATCGTGGGGCAACACCTGCACGTCTGGCAGCATATGACGTCAATAAGGGTTCCGCGTCGAGGACCACACGCGACGGGTATAAGATGCGGATGTCTGAAGCGCTACATTAGTGCCGGATCGGTTACGCACATAACACGCACGTAGAATGTTACCAGTAGTATCATGACGCGATGAGATCAACGATTGGCTGGGCCAGGAAACGGCCGCCGCGCTACACTGTCTGGTCTGATACGTCGCCTTACAAGATGCTGGAGTTAGTCTGATGTGCTGT,1700,49.41,Mus musculus
SEQ_587139,TTGGGAATGATATCATGCAGCAAATGGTGAGCTCGAGGCGACTCACCAGACGTAAGCGCCTCTACCGGATATGTCGGGCGTGCCCAACCTACGAATAGATGCTAGACCGGGGACCAGCGATACGTACAGACCCCTTAACAAGTGTTCTCCGCGTTACATATGGTGTCCCCGAGTGCAATGCGCAAGTAATTGTGGCAAGACGCCTTAACGTTCATAGCAACCTTGTTAACAGATGGATTATCTTCATGCTCGGTCCGTACAAATGCAGCGCGAGGTCCGCGGAGTTGTTTTTTTATCAGTTGAACTCTGATGATTCTGGATGGAATTAGTCCGCGCGGAACCCTGAATGTGAAGCAGATCAACAACGCATGTGACAGGTTTTCCAACACGTGCAATTCAGCGACCCCGCAGAGAAGAACTAAAACGCATGCACAACTGTCCCCATCGGGCTAGTCCTAATAAAAGTCTGAGTGCCCCTATGCTTTTTGGTGTCGTCGATGCTCATGACTTTTCACACCGGACGGATTAAGGGGTCCTATCATTATCCGCCCTGAGGAGATGTTGGCTAGGTAGCCCACTACCATCGTTACAAGCTCGGGCGAAATAGCGCATGTAATCTTTTACATAACTGATCATGACACTTGGTGCAATTGACTGGAAAGCTCTACGGAGCCATATCCTTGAAAGTGCATTCCCGCACAGTGG,705,49.5,Caenorhabditis elegans
SEQ_522711,AAAATGCTTCGGACTGTACAGACGTTTCCACTCCAGTCTTAGCGCAGTGCTATGTGCAAATCACCACCTGTTGAGTGACGTGAATATGTCCTTCCCTGCTGCAAGGTGACGGGTTCGTATCACTCCTCCGAGATCCAGTGCAGCTGTTTGTACCAACCCGCGGCATGATAAGTTGAATTTTTTGAGCGAAATAGTAAAAGCAATTAGTTCTGTACCCCAAAAGCGGAGGAGAGTGGGGATAATATCAATATAATCTCCTGTGAGTCCTGTGTGTTCACCGGCTAGCCGGGAGCGTTGATGACGTCTGCCTATTTCTATTATGCAGCGAAGGAGTGACCTATCGAGTGTCACGGGTGATCCAGCGAGCGAACTTTGGATGACATCGATAAGAGAGCTGCCGACTCATTGGCCATCCGTGGGCGAAAGGTAAACCCTGCAAATTTTCTGACATAGGTTTAGAGGCATAATACGAAGCAGACGAGGCGGGAGAGCCGACCATGTGATAGGTTCAATGGCAGCCCGGGTCACAGCCTACAGCCGTTGGGTAAGATGGTCAAGGAGGGCGACGTTCAAAGTTATTTGGGGACGCTTAATTTGTATTGACTCTACTGCCCGAATATGTATCTCTGACTGTGGGGCGGGCCCGAAACCGGACTAGCCAGTCTAGGGTCCCACTTAGGGCTTCCAAACCGCTAGCGGCTAGGTAAGGACGGTGCCGCATTCCTACACGGGTGCCATGTGTAGTCCCCTAGTCGATCACATCAATTCAAGCTCTGTCCTCTGCTCAGCCTCAAGCATTACGACAACGCAGGCCGGGGGCTACCTTGTGGTTCGTGCCAATCTATCCAGCATCGACCATACGCGTGAACGCCCAGCCACGTGGGTTGGTCAATACCATCCCCATAGCGATTACGACCTGACGAAGCA,927,51.89,Caenorhabditis elegans
SEQ_836163,TGGAAGCCATCCGGGGTTGCAGCCCAGCCGGTGATCAGACAACAGCTTTGTCCCCTATTATTATTACTCCCACCCGAGGTCCTGCAGGGGGCGACCGTCTCTCGCTGCGAAATATGATCGAAGTCTACTAAATCTCGAGTTGTGGCTTCAGGTTCCCGTCAGCAGACGCTAAACTTCGCACCAACTATACCCACCGCGTAACTCTGGTAACGTCTACAACATGAAAGAATGTACTCCACTTCGGTAGGACGTGCCAACAAACTTAACATTATTCGGCCGTAGGTTAATTCTGAGGACCTAACGGGTAGTTTACGCAACAATATGAACGCTATGTAATCTAAAGCCGCAAAGCCCCATAGCCACTGTAGCAATAGTCAGCCAATTGCGCTGTTTTCCTGGTTAAATCCAGCCAACTTGGGGTCGCGCATTTCGCTCTGTGACTCATTCAAAGGATTGTTAACCGCCAGAAAATCAATACAGCTAGCCATCGGAGCATTGAGAACCAATCATCTTCAGAGTACGGTTCGCGCCCGCTCAATTCAAACCAGGTAGGTAGCCGACGAGTAC,567,49.38,Escherichia coli
SEQ_247650,TTTTGGAGAGATGCTTCCTCACGCACACTCTTTCCGCTGGTTGCTTAACGGGGGAAAGAGCTATCCCTTGTACAAGTCGTGTGCACTCACCACATGCCTCCTTGAGAGCTACTCTAGACGAGCTGACCACCGTTGTCGCCACCCTCAGTTAGGCTATCTATTCCATAACAGAAGGCGACGTGTTAGATTCAGGATTTCGAGGGGCGAGAGGCTCGCTTTTTGACGCAAGTGGTCAGCACGTTCATTACCGGATAAGGACATCACCAGTGAACCCGTACAGCCTCCGTGGTGTACCATCTCGGCCCGATGTGGCAAGAATTGGACCACTTTACGCTAATTCGATAGGAAGTAATCGGCAGACGATCCCTTCGGAATGTAACCATCTATTGGCAACCCAGAGAGGATAGAATCAGACTTTTTGTGCGCGACATGGGTCATGTTACCGCTCGACCTCGCCTCACCAACGATATGCCTGCAAACCTAATAATCATCTCAAAATGCGAACTTGGTAGTATGTTACTGTGGATTCGCGTCGCTCGCATGAACCTTTGACGGGAAGCGTATTGAGTAGATCGCGAGCTGACAATCACCCATATGCACCTACAGCGCCCAACTTCAATTGACAAAAGCCCTTTGTTCAGTCAGCGATGGAGTCACGATGGCTGCTTATGTGAACTCCCATGTCTTTTGCGGGTAGTGAGTAATTCAATACTACCTGCGCTTAGGCATATATTGGAAAAGTAAAGGTATGAGGGCGGAATTGTGGGGATCTAACCTATTTAACCTATAGTGTCCCCAGTCAGGTCGGGTAGGGGTTATCAGGAACCCCGTCACGAACTAGACGTCGTCTGAATGGCAAGATTGAATAAACAGGTCCCGGTGTCCCCTAGCGGAACAGGCTAATACTGTATTATTTGCTTATAGCCCGAAACACGCGT,938,49.25,Drosophila melanogaster
SEQ_901764,GGGAAGAGATAGCAACGGTTCATTCTTGTGGCAAGTAGGTCATAGCAGCTGTGAAGAATACACCAATTCGTGTTACGCGCAACGTCGCGAAACCGGGAGCATGTTCGTGTATTGATATGACCTCCGGGTAGTACCTCGCAAGCGAAGTCCGTGGCCGTATTGGTTTTACCTACGCCGGATGCGCGATCTCAGCGCTGGGTGCAATCACAACTTCGCCTGGCGAATTCCGCACTGCATAGTTATACTCACCAACGATGTGGGCAGAAGTGCTACGTAAATACCTCCTTGGCCGGATGAGGTCTGAAATTGGTTCGTAAAATACCTCGGACTACAAAAACAGGCTAGGTTTATTGTAATCACACTCGGTGTTTATTGTCCGACAGAGTCGGTAACGCGAGGACTCCAAGCTGCGACGCGCCACGTTGACGCAAACGCAGCGAACTATTATATGGTATAACCAGAACGGGATCTGCCTTGTACAGGTTTGTCGGGAAGCTAATGACCGACCTGCTAATGCAATGTGTAAATCTGAGGGACTGCGATAACGCATGGTCAGCTAACCAGAGCAAATGACTAATTCGCCTGATACTTGTTGAAAAGGCGCCGGGTCCTACACCGGTCTCCGTCCTTATACGCCTGAAGAAGTCTCTCCAGGGGCTAAACCAGCATTTATAGACATACGGAAGTGCGACGCAATAATCCGTACAGGGGTTGTAGCAGGAGATGCCGGTAACTGGAATAGTCTACTTAAGATAATAGAGCGACAACGGGTGGCACAAAACACGTATGGGGCGCGGCCTCTAGGAGAGACATATAACAAGTACTTAGGGGTACGCGACTATTAACCAACGCGTCGGCAAACCTTATCTTCGTAAATCGCGACGACCTTCTCTGAACAACTACTGTCGGGTCGTCTGTACGAGAGTACTAGTACCCCCACAATACAAAGACCATATGGAAAGGGTTAGATGGGAGCACCATGGTGTCAGATCCGCTTCCAGCCCGAATCGGCAGGTCATGTTGTTGGGCAGGACACCGCGCCTACACACGAACAACAATTTTGGCCTAAACACGGGCGGACCAACTAGTCCGGGTGATGCAATACTGCTTACGTGATTAGAGATTCTTGTGAATTAGGTCTGAATACCTATCATGGTTTGATCATATCCGCTGTCGTATGGAATGTTACGACTTCTCAGATACAAAGCTAAGGGCACCCGCGCGTAATACTCGGGTCAGGGCTCCGCTTTGTATGCCTGGCTAGCTAGTTCTCCACAGTACTCGCTAACCACAGGACTACCCATTACATTGATTCTAAGCTTACTGGTGGACGCAGAGACTCGATTCCACTCTGGGCTTGCGGCTGGTTCATGAAAGGCATGTCTGGCCGAAACGACCGGAGAAGAGAGCGGGGTGTTGGACATATCTGCAAAACAGTGCCGAGGTTTACTACGTACATTCTCGCCACAATGCAGCAACGATCCTGGGGGATGCCGCGTAGCCATCGACATATGCGCCATATAATGGATGATGGCAGGGAGGTCCGAATGAAGGTCCAACCACGATATGTGGTTACAAACCTGGAGTAATCCGTGAGAAGTTGCCGGAATTAGATCGATGGAGAGTCCCATACGGTAAAGTCATCCGTCCAGTAGCTATGTAAGCTGAACAGTAGCTGTTCTAGAGGACCTGGGCCGCGATGCTCTTTTAGTGCGTCTTGGCCGTGATATTATAAATGAGATGCCCAGGGTCGCGATAGGATTTACGCGCCGCGACATACGTTGGCCGGGCCTACACGCGTTAGTTATCCCA,1812,50.44,Drosophila melanogaster
SEQ_799258,CTTCGTTGGTAACACCATCCTAATGGCGTACCCGTTTCTGAGACCCAAGTCTTAATGAAGGTGGGGGGAAGTTCGAACATTACAAGCATTGTGTCCCAGGATTGGATTTTCATGCCGACATCTAATCTTACGACTTACGATGCTGATAGCAGCTGTAGATCGCCGCCTCCATCAGTCCAGCGGAGGGGTGAAGCGGCACCCCCGTTAGTACAGAACTTCATACGTAGATTAATAGGTAATTGAACCTGTAGCACACCGTACTTTGGCGCACCGATTACCAATCCCGACCGATCACGCCCGAGTCCAAGCTAGTCCGTGCTTAGCTGTCTCTCGGCGTACCCCGAGACGGCACGAGGTCCACCTCCTATATCGAAATAAGTTGACGGCTTTACTGTAGGACCGGCTCGGGACTAACCGTGGCTGTGGTCATCGGCATTCTCTCGGTTCTAAACCCTTAATTCTTGTGTCATAGCCCATAGGCCGTAGCCGGGACGCAAGCTAATGTCGTCTAGCGGGTAGGGTCCGCGAAGGATAGGCGGGGCGGAGCGACCGGG,554,53.79,Escherichia coli
SEQ_253665,TGTAAAGCATCCCAAAACTAGAAATGGTTGCAACGCTCAGACTCGTGTAATGAGGTGAACCTTTCACACGAAATTATGTAGGAACGCAGGCACCCGTTGCATTATAGACCGAGATTTTTGAAAGAAAAAGCGGGTCCGTGACATACTAGGACAGTCTAGTCACGGCTTTTATCAACTAGGTGCAACTACGTGATCTAAAAAGGCGATTGGTCCGGCTCCCGTCTATAAGACCTTGCAACAGAGTAGGGGCGCGCATACAGGGAAGACCGTTAGATAGGTGCTTCACTCCGAACATTGCGTAGTAACTAATATTCCTACGGTAGCACGCTGAAGGACCAGCGCGTATGGTGTTTATGACTAAGGTGGGCGATTAGACTAGACTTTTGCTCCGGAAGCTACGGGACGCACGGTACTATTTCCAGGATAGCAACCAGACATCGTTTACGGATCTTAGACTCACCCACAGGTTACTCCGCGTATTATCCCTGTGCCGGTCTAGGTTAGGCTGGGTACTCTTACTTGCCACTTGTAGTGCGCGCTTGGGAGCGCATGTATACGAATACTATGTTACTATAATTGTGGCGTGTTGAGTGCCATAACTTGGATACTACTCGGAGGGAAGGCCGTGTGTACTTTTGATCTGGTGAATTGAGGTGCCCGGAATAACGTTCGTGCTGGTTAGGACTTCCACTTGCCTGAGCATAGATATGGGACGCCTGACCCATCTGCGGCAGGGTAAGCCATCTAGCCACAGATGTTTTGGCGGCCAAGGGCACACTTATGGCAGGTGATCCGACTCTCACCTTGGTAGGAATATCAGTGGGGTTGATCTCCTCCACGTTAGCTTTCCTCTTAGGTACTGGCCCCGTCTCAGATCATTACAATTTACGATCTCGGTT,899,49.05,Escherichia coli
SEQ_560610,TGATTGCCGGGAATACAAAAAGCGAACTAGAAACTCATCCACGCCTCACCCTTTAAGGAACCCGAATTTTAGGAGACGGCTCGGCACGTTAACGTTCTAACGTTGCTAAATCCTTAGACTGACGAAGGGAGCGTCAGACGTCCAGTTCTTCGCCCATAAGCGCCACACTGACACACGGACCACAGACAGATTTGGTAACGACGAGGGTCATCCTTCAATGTAAGTAGAGCTAGCAGACCTCGTCGGGTCCGCTCCTGAGTTGTGTGCGATTATCGTAGGAACATCAGAACTTTTTGTGTATTCGGTTGTCTGAGTGCCTAGTAGCCCGGTACCTTGGGGACAGGCCATGAGCCAATATCAACCATTGTTAGGTTCTCATACGCGCTTCGCCGTCGTACAACCAAAAATCGCCCTGGCCTGTCCGAGACATGTAAGAAAATATACCTCACCGCTTCTCTGGGCAATAATGTTTGAGGCGCACTTCTAAAGACCGCGTTCAATGCGCACATTGGCATACCTGAGATATTTCCATTCACATGAAGTTAATATAGCTATGGCAACGGGTGGTTGAACTGCACTCGTGTATCGCAGTTCTCCAAACAACCCCGGAATGACACAATGACCAATACGGCTTGCACAAACGCCACTGCGATCCATAGATGGCCCGTATTCTGATTGAGGTGCGCGCCCCACATCGTGGCAAATCTGTTGATACGGGGATTCAAAAACCTTATTAGTGAACGGTAAGACAGTTGAGCGCACAGAATCGCAACCGCCTTGGCAAGCGCTCAGCCTACCTAAACTCAATCCAGTCATCGTTTTCACGAGTGAAGGGTCTGGTCACATAGGAATATTAACGAGAACCCGGGATTCTTGTGCAAGTTGAGGTCGACCTGTCGAACGATGTGAATGTGGGGAATATGGCCCAAGCCCGATGAATCCCTTAGAAAACTGGGCGAGATGAACGTCTGGTGATAATCTTTGTGAAGCTACTAATCTAGAGCCCGCCTAGGTACTCGCGAATCTCTATATAGTAGTCAATACTTCAGTAATTTCTCGAATATCGGATCACACTGCCTCCAATATCTCATTGGGTGCAGAGCTAGTCGCCTTGTCCGTAAGTATCTCCCGTGTGTGATACACAGCCCACAACGTCATTTAACCTGCTAGGCGGTGTGCCGCTGGGGCAAGTTGGGCGTTCGCTATAGACAACGATCACCTGCCCGCCATAAGAACCCCCCCAGATTACAGCTGGTGCTCTGTATTGGAACCCCGCCGCAGCGTCTCATTTGCCGGTCGCACCCATACCTGGGCCCCAATAAACGGTGACGGTCAGCGTCTCTCCGGCGACACGCTGTACATAGACACAGGAATGTAGGACCCAAGACGTATCTCCAAGTGGGGAATACCAGTATAGCTATCTGGGCCGGTAGGCGCTATAGAGACGGATAGCCCGCATTGAAGAACTTCACTCGAGCCAATGATTGCGAAAACGTTGAGTATGCCTGATAGAGTAGGGTCCTTCCGACGAACGCTCGTCAGTCGATTCCCAATCGGGACTACGTCGTTTTTTTACGTAGCGCTGACTCGAGCATATTCAATAGTTCGTCTCGCTAATTTGAAGCACATGATTCCACACTTCGAATGGTCTACGCATTGGACTACCCCGTCTTAATACACGCGTCTCGTTGTAATTTCCAGGATGTGCCGGTTGGGCGTTGCATGCTATAGATTGCCGACGACTGGAAGGGCAATCCTTCGTAGCACATACTTTGTACGACTCATTTGCGACCTCGCGAGAGGCGCGGTTCAGTATTGTAGCGGAGAAAGGTTAGACTCACGGTCACTCACACTTAGCCCACGCAGGGTTAAGCCATAGGGGGCTTCAAAATTAATCACGTCCGAGGTTAAGCGGAGTCGAAATAGGGTGTCGTTATTACTTACATGTGGTATACTCCTTGTCATTG,1967,49.97,Drosophila melanogaster
SEQ_497129,ACGGCCAATATCGTGCGGGTTGCGTATCCTCGACCTCCGGCCTGAGAACAGACGACCCAAATTTGTTTTGCGTCCGTAGAGTGCAACATGTTTCGGGGAGCTTTCTTGTCTACCATATTAAACCATATCGACTCGGTGCGATTTGCTGGCGATGCAATCCGCGTCAAAAAATCCTCTTGTCAATAAGTTAGAAGCCACAGGGTCGGTTGCAGCACGGTACGGACGTAATTTACACATCTAGAACTCCATAGTATTATCCCGCAATGATACTCATTAGGGTTGTTATCACAGCCCTGGGACTGACCGAGCTTCGGTCCGGCCTGTAAAGTTTCGAGATTGTTCCTCAGCCTGTACTGACTGATAAATAGCCGATAACATGGGAGCTTTCCGAATTTTTACCATCTGGGCATGTGAAAGACTGTCGCAACAACAAGGTATTAACCGAGTCCACCAGCATTCCAACGAAGGAGTGATCGTGAACCCCATGCGATGTGGGGCATTATAATGCAATCCCTGTGATCCTACCGAAAGCAGGGTTGCTACGAGTAGCCTATGCTGCCCGATGAAAGTATGTTTTAGGCACATCGTCCTCTGATTGCAAGAACTAAGTGGCTTCGGTATGCAGGGCCACTGGCGAACAAATCTTGACCTCGTACTCAACGGGTTGGGTGGTTGGTTACATTCCTGAGCATGCAGCGAAGGCAAATCTCCTGAGTGCCAATGGTCTGATAAGATATAATGCCCTTCAGAAGCGACGACCTTCAGGCCCTACTGACGG,778,49.1,Saccharomyces cerevisiae
SEQ_770091,TTCCAGTGTGGGATGTGAAAGTAAAGCGCAGAGGTGAGCGTTGGTGGGTCCAGCTCTTCCGGACCCCGAGAGGTAGATATGAAGCGGAGAAGCGGTCAGGTTACGTTCGTGCCAATCGATAACTCAAAAGTGGTTCCATGCGCATAGCACCCTTTCATTGGAAATTACCCTTACAGGGACGTAAAGACGTAGCTATACTTTGACTTTAAACATTATACCTTTTGTTTATCGTTGAGAGAACCGGGTCCAGTTACTGCTTATCATCCTTATGTTCCCACAGGCTAGACCATCATCGCGCCTGACCGTATGTTAAATGGCAGTATCTGTCGATTGCTGTCGCAGTTATGGTATCACTAATTTGTCGAGAAAGTCAATCCGAGCCAATATCCGTTCCATTACGGTTTTATGTACTCGTCTTCCCATACTGACCTCGAAGCCGCTAATATCTCTACTGTTTAGCAATACCGCCGTAGAGCGGCTTCGACACATCCACATAACCGCATTAGGTAGCTGTGTGCCACGTGCCCAATTAAAGTTTCCTGCAACGAGACCCAGTTTAATAAAGACACCTTATTATTTAGATACCAGTGCCTTAAGACAGTGTGCCTTTGGTGTTGACCCTCTCGAACCTTACCTGGTTAACCCCATCGTCCCGGAGATCCCAATTGTTAGGCAGGGGCAGTGCCTATAGGGGTTCCCCTTTATGGCACTACGCGCGGGTGCCGTTAGCCTGTGGTCCCCTCAAAGTGCGCTATTTATACCGGAGGATAGTTGCCAAACGTGCTCAGGGTTCAGTTGAGATTCGGCCTATGGCGTAACCTCCGCAAGGTAAGCACCACCTAGTATCGTGGAGCGAAAGAGTTGTCAACGTGCCATTATAGGAGTTTTCTTGTCGGTAGCGTGGACGGAACCTTAAGAGTCCCCTAGACCCCTCTCGGGCTTACCTCGTATGGGCCGACCTGGGGACGTAAGTAATTCGCTACGGACTCAGCGCATACTTGATAAGGAGAACATACTCTACTTCACCAAGGAAAGGATGAAAGTGCCGTGTATGATAGAGGCACGTTCAGAGCGGCATTTGTCTGCCGTGTAGAGGGCCAGGTT,1104,49.28,Mus musculus
SEQ_946405,GGAGTAAGATGCAAGGTTTCCGTTTTGGCACGGATGGTTACTCCTTTAGCGTCCCTTCAGCAGTAACGACCGTTGAATAGGGAGCCACACCAGTTTGTAACATATGACCTACCAGCCGAAAAAGGCTGCGTACGTTAAATAAAAGCTCGCCGACAACCAAAATGAATCATCATAGATGGTTAGCGGCACGGTTCCACTTATAAAAGTCCTCTACGGTCGTCGCAATTGCAGGAGAAATATGAGCTCTGAGCAATTATTACACGTAGTCCAAAGTTTTCCGATCTAGTAATTGCTGATCTCTCGGGAGTGGAAAGGTATGTCCTTTATGTTGAATCTCAGTCAACTACCTTTGTACTCGGTGGACCTAAAGCGATAAGCTTGACATGAAGGTAAACCGTATTGGGCTCGCGTGTTGGTGCGCCGAGTTGAAAAGTGTGGCCACGATCTTGTGTTAACGCCCGGATGGCAAGCTACTGTAGTGTTGTATGGTTGTCGCGATCTGCGGGGTCGTCTCCTTTGTGTGATTCGGCGCTCCCTTGCGCCTTGTTAGTGATAGACTGTTATACTCTGTTCATTGGCGACGATAAGAAGAGGCGTGGCACATCGGCGGTTTGCTGAGTTATACTGTTGGAATTAACGGTCTGGACTGGAGCGCCCACAGGCTCTTATGGCGTCGAGCGACTGAGATACCAATATGCTGTTCTAAGAACGATACTCTTTCCGTCTCGTACTTCGTAGATGGCCTGTCCCAACTCCTTGCTGACCATCCCTAGGAGCATTATGACGTACGAGCCGCAGCAGCGTATTGGTTTCGTTCTGGGGTATATACGATATGCTCTTACGTAATTTCATGGGTTCCAGAAGGCACCGTTCAATTTAGTGAACCTCAAGCGTCATGTCATTCCGCCTTTTCACCCCTCATGGCACCATTCACGGTTTGGTAAAGTGAAGCCCGATGCC,960,48.44,Caenorhabditis elegans
SEQ_784597,AACAGTTCGTCACAGTTTTGCCTTCCATCGGTTTTACAATAGACGCGTGTTGTTGGATAACCTGGCCTCTACAAGCCCAGGCTACCAGAGGCGATCGCAGACTTAAGTACGACTCTAGGCGGATCACCGATACCAACCGCGGGCAACAGCGCCGTAAGGTACCTTTGCGGCACAGATCGGGGTACCCTGACACAATGGATAGTACGTACCTGACTCATGCCGTGCTGATGCTATTGGCTATGTGGAAGCAGCGGCCTGCGAAGAAACAGGATGATCTGTCCACGCACAATTACCTACCTGCCACAGCCCGCGCCCGCTAAGGCGGAGCCTTGGCAATAAATGACGGTGGCCGTTATTCACTCGTCCAGAGGGCATAAGACTAAAAAAGGCCCTATGTGATTGCATGTACTGTTTTTCCTACTGTGTGTTTCATGCGTACGGCGCACCCCTCAGCAATTAAGGCCAGGAATTATGACATCAGTTGATGCGCCAAAACTATATGAGAATATATACGAAACTGGGCCCTTGTTGGACCTTGCCTTAGACGACGGCATAGGTTACGAGAGACGTAGAACCATCACAGCATCAAATCTCAAGCTTGGCGGAGACGTGGTGCATCCCCATTGAAAGGTCTCGTACCCCTTTTTTTGCGGTGTCCGGATTGGGCCGTTGATTTTGAGCCCCGAAACCCTGTCGTGTACTGGGACTAAGATGTCCAGTATGTCACATACCACAAGTAGTTATAGTGTCCAAGAACCTTTGAGAGCCTCGAAATACCTTAATTGTCCTCCCTATTTAACTCGGCCTCACAGGTAGGGGCGCTTAGGTGTCGTGTCAAAGAAGGCGTGTGGAAGTACGCAGAGTTCCCATTCGTGCTGCACTCACATCACGAGCGTCCTACGACAGGGGCACACCGCCTAGCGGTATTGGCTACGAGGCGCCTCTCAGCTCCCCAACCTGAACCCCAACGCCAGCATACAAGGGTTATTGAAACAGGCGAGTTAGGGGACCGGACGACGTGCCACTATCCCAGGGGAGGACCACACTCGTTCCGCCGAGCCCGAATTCTTGCCGCCCGCTGCTGCAATTATTCGAGAGCACGAGAACCGTCCGCCCGGTGCCGTAGGACGGGAGATGTAAGAAAGCTTGAGCGCAGGCGGTTTACATAGTATTTAACTAATTGTGCGCGAGAGCGGCGGGTTGAATGGATCTGTGCTCAAGTTATCAGTACGCAACTATATGCCGGTGTACTCCTCACGTCAGATCATTATTGGTTCGGAAACTGAGGATTGCAGCGCAGTTTGGGTTTTTTATGGGGGGTGTTCGGGTTCCCAAGCCACTCCCTAGGCTGGAGTGCCAGATCGTAAGAAGTCCCTCATCCTTCGATCCTCCGCGTCTAGGGCATAGTTGGGCGCTGGACCACAACGTCACCAGACTTGTAGGAGAGCCCTCCATTTTTATAACGACTTCTTATCCGCAGGCGTTATGTGAACGATTGATCGCAGGCCACAATTAATTTAGGTTTCTCAACAGCGAGCTTTGACACCTACTCTTGAATCGCGTGGATAACGAAGGTCCTGTCTTACAGCGTCGTAGTTGCAACACCGGCAGGTTGTTTAGCTATTTCAGGATATTCTCGTGTTACATTCAGTGGCCGCAATCATTCTTTAGTATACTCTTTCACCTAAGCTAGCGTAGCCTATGGTGGGAGTGGTGTAGTACCGCG,1726,51.8,Saccharomyces cerevisiae
SEQ_907085,AAGCAGACGAATGATCCACCCGCTAAGTGAAGGGGACCCCTATTCCCCCTAACGTTTACCCCTGCACCAAGATCGGGGATACATAAGAGTGATTTCAACCTTCCGCGATCACTGCATAGGCTGTTTTCAAGGGTAGAGGGCTCGTCTCTAGCCCCGAAGCGACCGGCGTAGGCATTTCTGGAACTTTCGCAGGCGAAGTCTGCACAAGTAAATCCTTGGCCAAGGGGAGTCTGGTGCGCCAGGTCGGTGATAAGGGTGATAGACTTAACTGAGCGAAGTCTCCCAACTTCCTAGGTACTAGTGAGTTTGCGGTCACTGGACATTATTGTCAGACTCGGACCTTAAAGCTATCTTGTCTCTTTCCTAGAAAAGTCACCTCCTCCCTGTCAAGAACAGTCCCAAAGCACCTACCCTCCCACCGTGTAAATTACGACTACTGTAACTCCTCGGATGAACGGAGGTCCGAG,467,51.61,Escherichia coli
SEQ_850076,GATCCTGTTGTAGCCGGACCTCTCGGCTGTCGCGTTGGTGCCGTCTTGATCACCTCTGGAGAATCACGCCTGGTTTACATGAGTCAGTTTTCAGTTAACTCGGGGTTGGATGCCTTACGTGGGCAACCCTATGATTAGTGGAGTCCGCGCATACAGGAAGCTTAGTTGCCGGACTCAAAGATCTGCTATACGATCAACACCATATGGTCACAGTTTTGTATTCGTAGACGCTACTCCCGAATTTTGGTGTCTGCCGTCTCCCTTTGGTCTCGTCC,275,51.27,Drosophila melanogaster
SEQ_807095,TACTCGACAATAGCTACGAAAGGTGCAATTTTCGCAGCTCTTGCATGAATAATCCTATAGACGCTTGCGATATTCCGCGT,80,43.75,Escherichia coli
SEQ_924793,TGGAAGTGTCGACCACTCTAAGGAATATGGTCGTCGTAGGCGTACGGATGAAGTGAACTGGACCATTGTCGCGTTCGGATGAGCATCAGGACTAGTTAAGATCGTATGAGATTCGGTAGGTATTTTGGGGTGATTCGCTCCGTGCGGCCCAAGCTCGATTGCTGGATCATACACGCCTCAGTTGCCAAGGATAGGGATCAATGCTCGATCAGTAGAATGTTATTCCCTGACGCCCGACCGGATATGACACCACGCTGGGCGGCGGTGGCTGGTGGTCTTGCGGAAATGATTAGACTATACTGGCCCAAACTTGAAAACCATGACAACTCCCTGTACGGTGAGCGGCATTCCTGGCGAATAATCTATGCCTATATTTTCTGCGCTGGCCCCAGATCGTGTACGTATGCACGGGGCAGCGTGGGAGGCACCGGTAAGCCCTTTACTCCATAGACTGGGGCGCTTGGGCTTCTGTCGCGGGAGCTGACGTGTAGAATGGCTACATAGGCTAAAACTAGCAATTTACATGCCTAGTGCGTGTCGAGCCACTATGGGAGCCCACTCGGATATCTAGCCCTTGGTGTTAGGATGTGTCGAGCTTGGGAGAAGTTCTATATGGGGCGAATACGACGACTCATTAAAGCTAATATGTTCCAACTAGCTGGAGTTCCTTTACCCTGGTTTTTTCTTTTTCGTATTTACTCACAGGCGATATATGGCAGGTTTACTCACACGGTCAAACGGACAAGATAATCGTTGTGTATGATGTCGTTCCAGGCATACGGAAGGCCGGGCTTCCCTAAGCCTAGCACAGTTCAAGACCTCCCAACGGCGTCACCGGTCCGCTACGCCAAGTGAGATGAGCGTGGGTAGATGCTGTCCTGTTCACGTCTAGTCACCATGAGTGCACTAGAAGATCCGGGACGGACGACTAAGCCCTATGTACATCGCGTTGGTGCTCCTAACTAGTATATTCCCGCACCCATGGTCCAAGTGTTTCACTTGGAATTCGGTTTTATGTCGTGGGACCAGTCGCTTAAGGAGATGACCTAATATCTATCGGCCTGGACTCCATTTTAATCACTACCGGATTATGGCGAGAACAACACGGTCACAATCCCCATTGATTACACTTCATGATTTCCATGTTGCCTAGTCG,1156,50.61,Drosophila melanogaster
SEQ_455906,CCGGTTAGGACCATCCCCCTATCGCCATAAATTTCAACTCGGGTCCGCGCTCCCTCGGGAGCCCGGTGGGAGAGTATGGAGCATAGGGATACAGGTAACCACCTCTGTCGAGAATGCGGGTGTGGGAAACGACTGGGGTGTTTCATGATCCCTCCTTAATAGGCAGTCGATAACCGAACCCTTTTGCCCATCACAATACAACAGTAGTCCACCTAGACTTCATTGCAGTCGGAGGCCTGGCGGTTGGCCCTCAGTACAGGCTCGCAATTATGCACGTAGGGAAGTATGCAAGGATCCCTGGAACACACAAGGGTCTGTCATGATTCAGCCCAGGCTTCACGCCGGTATGGGTGCGCATAGGCGAGAGATATTTCATTCCCCCATGCGTTTTGTCCGCCTGCGACCATCAAACCGTATGGCTCACAAAAAACGTTTTCTCTAGATGGCTCCCAGACGGAAAGCACTTATTCGGTACTAAGATGATTACGTAAGATACCTTATGCGGGCAATTGGGCTTATTTTCGGTAACCTTAAGCTACTAGGCAGGCGGTAGGATACCTATGACTCACCTACGTCTCTCTAGCTCCCGTGGACCCTGACATAAGTGCCTCGAAATCAGCTTTGGACCTTTGCTTGCAACGTCAGGAGGTTCCCTACGCTTCGTACTACATGCAACACGTAGCCAAGGTAAACTGAGCCTAAACGGTGGCAGGTTGTCATTAATGTCCTGATTCATCATGTGAATACTTTTGAGCCTTACCGCAGTTCTTTTAGCTAAAGACAACGCTTCGTTTATATTGATTACTGGCGCACGGATTCATAAACCAAGGACATGATCATGGCCAGATGATCGAGTACTACAGGAGCAAGCCCAAGGCCCGCTCGTAATGCCTGTCGCCAGCTTTCGGCCCAACGTCACGATCATGTTTAAAAGATAATTGGGGAGCTACCACCTCTGTCACCTAAATACTGACTCCAAGCGTTAGGCCGAATTGTACAGTGTTCACCGCCCAGACTTCAACACATTTTTGTTACCAGGTAAGACCATCGCACGACAATCACAAAATAAAAGAACGCGTATGACGCGGGGCAAGGAGGGTGTTGACAGAGATCCTTACTGATGTGATCCACTTAAGACTATTCAATCACGAAAGCGGGGCTAAAGCCCCATGGTACTATAGGTTGATTGCCCGTATCATAAGGGTAAATTAGCTTCCGAGACAAAACCGGTCGAATTTAACGCCGCCGTGTATAGAATTCAGTGGGGAATGCCGGAGCCGCGCCACATGTGGCACCTCGATGTTGTCCGAGTCGACCTCCCGGGATCTTTCGTTTAAACTGGTTACGGCTATAGACGGGTGATCAGGTCGTTTTATTGCCGCTGTTCTACGGGGAAACTTGGTGGTTCTGTATTTTGCGACGGGTCACTTCCCTCTTGAAGGAAAATCTAATGCTGCTATTCAGGGAGCTTCCCCCTAGACGTCTTATTTTTAGTAAGCAAGTCCTCTCCCCACATGTCCGTATACCCAGAATTTAGTGTCAATGCCGCCGACTTTCATTGCACTAAGGTTCATTAGTAGTAAGTTAGGCGTACAGATGTATGCGACGGAAATCCCCGCCCCTCTTCGGTAGAGGCACTTGGGGAAATTTGCAAGTAGCAGATCATGGACCGTGAGACATACGCTGCCGAGGGGGCCAGGCCTTAGAGTCTTCGTATAACGGAACCGATCGTCAGTAATTGAACAGTCCAGTCTGATCGGGATTGTCAGATCGCACTTAGGCGATATCGATGGCCTGAGAATAGTGTTAGCCAACCAGCAAGCCTCTGGTCTATGCACCTGAGTAACTTATTCAAATCAGCCAAGCGCTGCAATGGAGTTCTGAATCACTAAACATCACTGAGAGACCCGGTGGC,1915,49.61,Escherichia coli
SEQ_122331,AACGAGCCGGGAGGTGTTGAGCCATCGTCACGCTGAACACGGGGCGTCATAACAATAGCCTCTTTGCTTGCGCATCGTCCGACTC,85,57.65,Caenorhabditis elegans
SEQ_247491,GGCTACAATCACTAAGCTCAAAGTTAGGGTGCATTACTTGGGCGGCCATAGAAGACAGGCTGAGCTTACACAGTTGCCGCGTGTTCAAAGGTCTCGATTTGTCGTAACGAGAGGTGTTAGCGACGTAGATTTATGTAGTCAGTTTTAGATCCTGACAACCACCTTTCGCGGAAATGTCAATGCCAAGCGTGTGTAACATGAATGCCCAAACTGCTTCGGAGTCGATATCTCGGGTGTACGGCTCAAA,247,47.77,Drosophila melanogaster
SEQ_627455,GCTCTTTGCATAAATGAGACGCCTGCGAGAATCGTAGACCGGACTTGTTAAACCGAAAGGTTTGACTCTGTGCCTTGTAGGCCAGGACCTTAAAATGGCCCACGTACTCAGCAGGGATAACGCGAGCGTTGAGTTCCAGACACTTAGCTTTCAATCCCGGATCGCTTTGCGCTATACCGAAGCTTGATATTCCACCAGCCTTACAGTCCGACAATCATTCATTGACCGGCAAGAGATTAGGCCCTTCG,248,50.0,Mus musculus
SEQ_339711,CAGTTCTATCCACGGCCAAAGGAGCCTGTTAACGGAACTGGAAAACCGGCACTTTGGTGGGCCTGGAGCCTCTAGCTTGATCTCGTGCAGCTGTGTCGTTCCATACTCAGCGGGATCAGGTAGCATGCAAAGGACCGATTCGTTCAGTGCGGTGGGGAGTATACTCGTGCAGTTTCGGATTGGGCTACTCCACCCGAAGCAATGGGCTCTCGTTTACGCCTAAGACCACACTCAGCGCACAGCCGCCAC,249,56.22,Saccharomyces cerevisiae
SEQ_571557,AGTTATTAGTGGGTATCACGATAGAAGTGGCTCACAAAGGACTATAATCGCCGGGAATTAGTTTAGCCTGGAAAGCTATGGGCCGACTGAGAGCGCCGCAGGCGGGATCTGCCCATTGGACTTACGCATTTCCACATCAATAGCACAATTTCAATGCAACAGGAGTTTATGAAAGCGACTCATAGAGCAAACTTTTTGACCGTATGCTGTTCAACTTTATCACAGGTGTGCGTAGCACCAAAGCGCCCGTATTACTTAGCGTGATCGGATTGCCGCCGGCATTTCATTGAGAATTCGGCGGGTTTTGGCTTCGTTGGAAAGCATTCACATAATTAGTTTTCCCTTAAGCCGCCAAAA,357,46.5,Escherichia coli
SEQ_397219,TCCAGGGACACCCATTACTCGGTTTACGCTATGCGCCTCAGAGCGGGGTCACGCCATAAGCGTATATCCGCCTACCCGACACGTGACGGATTCTGCATGAGAGTTATCCCCGGGGGTCTGGTTCGTAACTTTGATGATTCCAGTACGCATGTACTACCGGTGTGGCACAAAGGTCGGCGTAGTCTTCGTACGATGAACTTGCAACACGTAGCTGCATCCGCGAAAATGGCTGGCACGTAATATTGGACGGTACTGTTACTCAGTCTAACTCTCCGTGGCGCCCTTGGCGCGCAGACATGACTTTAAGTTCATAGCTACGCTACATCCCATGAGTGGTCGCCACAACGATAGTGCCTCCCCTCGGAACCAAAGTTCAGTCACTTCGGTAAATCTCGGAGCGTCACAGTTGCAGCATCTTCGCGCAAATCGGATTGACCTGTTAACCAAGATATGACGATTCCTTTTTCTGAATTGAAATGTGATGAGTATTTCACATGCGAAATCCAGCCACTAGCTTAGTTACCATATGGACTTCGCTCACGTTTGCGTTGACACGATATCCGGATTCATCCGGTTTAATCCGCTCACGATCATACTCAGCTCGGTGGGGGAAACACACGGCACAAGTTGCCGTGCTGTTTTGGGGTGTGTGCATTCGAGCAGGTCCTTGACAGAATCACGCGTTGGTAAAAGCAGTCGGCGACGACACACGGCGGTTGAAAGGGAAGGTGATCTCAACAGACCGAGTTCCTTTTGGACGACCCTCAGCGGAAGGCGCCTCTCGCCAAGTCTCAAGTGATTAAAGCCCTGGTGCTGGCTTACTTGAAAAGCCGATTACCGGAACATCGGTCGTTTCCAAACTAGATGTTGGGAGTTTGGGTGGAACAAACCGGAATGGTAACGAAAGGTAAACTTCCTTGAACTTAACACATTCCGGCCGTCACTTTTGGTGGAGGCTATGGAGCAGCAGTATCCATGAGCTACATTAGTGATTTTCAACGATAGAGCTAGGCCTCGAGAGCTATAACTGTGGATCACTGGGCTCCTTCATCCGCTAGTAGCGTAGATAACACGCGCCGAAGACAGAGGCGTGAATGAGTGCGTATCATACACTTCAAGGACCTCGCCTTAGGATTGTTGTCCCTAACGCTGGCGGCCACGAACACCCGGGGGCTTCGCTGCCCGCGTACATTCACCTTTCAGTACTCAGTCTAGAGAATTTACACCCATCTCTGGAGCGACAGGTATACGGAAAGGTATGCAGGTAGACAAATAAGTTCGAGCTGGAGCCAAATCTAATAGGTCTCCATGGTTAGAGCTGTGCACTCGATCTCATACAGACTGGATGTCGCAGGATAGTGAGAATAAGATCGAGACTGCGAAATTTGTTAATATCTGAACTCAATGAACTGCGCTTATACTCGGAAGTCAACGGCTGGCGAATCTCTCTAGTTTAAAAGTATCTCTGGCAACCTATATACGCAGACGAATTGTGGATGCCCC,1503,50.03,Drosophila melanogaster
SEQ_649544,GATACGCTATTGAAGAAACTGCATATTTAGAGTCACCACTTGTACTCGTAATATTCCGCGCTGCAATCCCTCCAGAAAGGTCAATCGAGAAAAGTGTTCCGTCGGGCGATAGGCTCTATGCAACGGGATTCTTCCACAGGGATTATGCTCCTCCCAGCATCAACCCGCATACGCCTCTAAGTGATCCGTCTCAAAGTTGGGCAGGAGCTCATGGTTGCAATCCTTGGTACTATGCCCACCGGCACGGGATACGCCCTACTATGAGTTCTTGTACTCGGTAGAGAGTATCTCAACAATAGAGAGCCGAGCATACGTCTCAGGCGAACGGCATCTTGTCAGTAGCTCGAATTCAATTTTCAGCTTTGCCTATTGACACTTGCATGAATCGGCGTCTCCGTCTCGTTTGTTGGTTGCGGCTGATCGCGCGGAGGGATCAACATGGTCCGAGGGGATTATCTGATCGGTCGGATGTAGCGCCATGAGCCTCCGCGGCAAGACCCGGCCAATTGGCTCCCATATCTTAGGTTACATTGCCATCAATCGGCGGGAACGCAGCTGATGAGTAAACACACTTACTGCGCTTTGATTTAACAAATGTTGTTTGTCGTACTCTCTACTACAGGAGAGAAGCGTACAATACTGCACCAAGACTTCGCAGGGATTAGTATGTCCGTCCAACCTCTCCCTGATTCCGATGAACTGGCGGCCTCTG,712,50.56,Drosophila melanogaster
SEQ_426401,AGCATAATGTTCTTTGGGGCTCAGCCGGTAATCGAGGCCGCATCTGTGAGACCGCTTCAATATAGGGTGGTAGTCATTATATGGAATCTTGGTCATCGAACGGACGAGTTTCCTGCTGGGGGTGGACCCCATGTCACCTTACGGCACCGCCGACTTGATCGGAACCACGAAGTATCGCAAGCGAAGTCAAGAGCTACGCAACATAATATTTCCTTGAGGGGAAGTCAGATGCAGGTGAACTGAATCGCGCACTGGTCAGCTGTTAGGCTACCTAAGGTTCTCGTGGATTAGCGGGCACGCGCCGTCCGCGGTATATGGGGGTGCCCAGCCCGGAGCAGTTCATACTAGTAGGCGGCGACGCTCTTCCGTAAGAAGTCGTTCAAGTTATACTTGACACTCGGTTATGATCAGAGTGCCGTCAAGGATAAAGGCTCAATCTTTGCGGGAATCATGCCTCATCTTCCTAATACTTATTCGTGCGCACCGTGTATGCATACCTCGGAGTCACGTGGCAATGT,518,52.12,Escherichia coli
SEQ_456354,CACGGCAATGATCAGATCCGATTTTACTGCACATGCAGGGTTCTCCATGCGCATTGTAGCTCGTTGACTGCGCACAAAACGCATGGCTATGAGATAAGGTTGGCATGCAATACTCGCTCTAAGATTCGTGCGATGCGGCTTCGCAGTAGAATTCCCAATCCCTGGCTATCGCAATACGATCACGTGTGTGCCGGCCAAGCCCTCAGTACAACTGGACCCAAGACTCAACATAGTCCTCTCTGTCCCTTAGCTGAATAGCATTAAGGTTGGAAAGAGGGACGAAACACGCGCGCATAGATTACTAGTACAGGTCATCGTCCGGCCAGGTCGTTCGCGTGGTAGACTTACTAATCTTAAAATACAGGAGTTCAGCGTGTTATAACGAAACAGACATTCAACAAGTCGTCTGGAACAGGACATCCTTGAACCTAGGGAGAAGCAGACTGTTTCAGGAGACTGGGCGTGTATGCACTTGTGGCCGGGGGTACTGTCGCCCCTACGGCCCACATTTACCTAGTATTTGTGGCTATCACCCAATGTCGAAAGCGGCGTGATGTAAATCTGGCCCTACCTTTGGTTCCCCCTGTAATCATGCTATATACCCGAAGTCTTCCCGGCTGAGCTCATGAACTCTGTATCGAGGGTGTCACGTCCTCTTAGTCGGCAAACGTTTTAATTTTGGAGGCTGTGGTCGGGCACGCTCGGCACCTCAATGTATTGAACTTATTGGGGGACGGCTATATATAAGACGCGTGCATTTAATTGATCATGGCTACGAAGCTCATACAATCAATCGGGCCTAGATAGCTTGCCACTTACACCCTCCAACGTAGAATCATCGTAAAGCCAAGTTCCCTTTAATATTATTTAGGAAGTCGCATGGTACTCCCCATAGACTGCCTGTGTCTACTGGGCTTATACATTCTCGCTGGCTGCCGAACGGCGATTGCGTATCGAGGGGGTTCTTGGTATTTAGTGATGGATGGATACGCAGGACCATTGGCCGTTTTCTAAAAAGGCTGCGAAGTACAAACACGGAACAAGCTACTACTAGAACAATCGTACGTGTCCATGAACACAACGTAGTGGCCTGGCGCCAGTTCGACCCAGGTAAGTGATCGTGGCGGCCGACCTCAGGACTGCATGATGAAGCGTCAGGTGCTTTTAGGCGTTAAATCCTGTCTGGTTGCAACATACGGTGCACAGGCCCCTATTAGTGTGCCCCCTGGGATCGCGGTCCTCCCAAATGCCCGGTAGCCTCGTCGACGGGGACTGTCTACCCGTCGAGGTACAAATATTTGGACACACAGAGCCGACCCGCTTAGCAGGCAGTTGCTGGGTGTAAATTAGATTTATAGCGCTGGCGAGCGAGATCCCTACACCTCCTCCACACCCCTCTCTCTCCAGAAATGCCGTAACACGAGTAACGGTAATAACCTAAGTTTTGATAGATTATTAATATGTTGCTCGTAGCAAAATGACTAACAAGAAGGGAGCGCTACCTACGACCGATAACCCAATTCCCCGGACATTCTAATCTAGCTCCCTTGCGCAATAGGTCGACTTGCAACCGAATGAGGCTGGATTCTGAAAGAGATGGCTTTTCGCCGACTGGTAC,1618,50.06,Saccharomyces cerevisiae
SEQ_984472,CTGGCGGACGGGAAGTTCCGCGTTAGACTTATATTCACAGGTTGCCTGTTTGAGCTGGTTATGACGCGGTATGAGGCTACGGCGGATTTTCGACTGGCCTGCAAGTCGTGCCGACCAAAGTATAGATTTGGGTGTTCGCTCGTGTACCTTGGCGATCTTGCGGCAAACGGCGAGAGAACTGCGTAGGGAAGGGTAGCATATGCCTGTGTTCCGGGATCGGTTTACGTGCGTGTTGAACCACATCTTGAGATGCCGATCACTCCTAGTAAGCTTCGGGAAGGTTGGGATCTAGGCCTTGTGCCATTGCGGTGCGTCCACCAAAGGAGAAGGAAGTAAGCAGTTTCGAGCGAAGCTACGTAGGACACAAGTCGGAACCCGGCCACTTTCCGCCTGCGCAATAATTTTAAATGTGGTGATGAGCAACAGGTACTATCGAGATTTATAGCGCAGGCAAATCCCGATAACTTACTGGGTCGGGATCGAGCCGCTCTTATATTAGGCTGTTGCGCTCAGGAAGGAATTGGATGCTCGAGGGGCATCGGTCAAGATCGTACGTACATAACGTGGCTAGTCGTCAACTTCTAAGACATGTCACCACTAAAAGACGCGAGTGACCCCGCAGCGTAGCTTCATTCGGATCCGCACAATTACTTATGGACTTTCAAGATTGACTTTTTGTAGAGACTGCAGATCCA,695,51.08,Arabidopsis thaliana
SEQ_460200,CTGTAGGGGGGTTACGAGCTACTCATGGCTTCACGACCGCTTTCGATGCTGCATGAGGGAGACGCTGAGGGTCACGCATGTATCATCACCTATTGGCAGCATGTGTGGCCATTCTCATGCTTTCTCAGACAGTGATTCCACTCCCTATAGTTTAGAGTATACATTGCACCGCGAGCCTCGAGGCTAGAGTGTGCCATAATGTTTGTTGGTGGCCGGTTGGTCGTCAGACTACTATTGGGGAAAACCAACTCGGTGATATGACATTTCGCAAAAGCGTGGACAACCGGATCATGATGTATTATACAGCTGCC,311,50.16,Mus musculus
SEQ_945084,CACGGCTTATCCCCCGTAGGGACCTAAGTCCACGACATGGCCGTGAGGTGTATGCCACATTGACTTCAGATGCCAGTTGAAGGACTACCTTAATA,95,51.58,Caenorhabditis elegans
SEQ_613230,TATAAAGGTGATTAGCCAAAACAGACGGGGACCAGAGTCTATATATATCGCACTGCGGCTCTCCAGTAGCATTGCACCCATACAACTGTAGCTAAACTTATGTCAGGGGCCTATTTGGGGGAACCGAAAACCTAGCAGGAGTCATCTTACGGGTTGGGTCGTTTTGCCTAATAAACCCAGGTGCATGCGCCCGATGATGGTCTCTCCGACGTCCTCACAGCAGTTCGGCTGGTCGTAAATAATTGCCAAGCTTGTTCCTACTGGCGGTCCTCTATACCCGACTACCAATCCACTCTATGGTACTGGCCATCAGATTTAACTGAGTTACCGGATCTAAACGACAATCGCCGTCCACTTATCAAAGAATTTATAGACGATATACTGTTTACACGGCTGATATGCTGTCATGCCAAGAATGAGGCAACTAGCGGAGTCCGAAATGTAGCTACACAACCTCCCACGATCGTGCACCAACAGGTCTCACTATGAGGTATTTTTGTCCCTAAACTGGTGCCCGCATGTAGGCTGACGAGCGATAGTTGACGGGTGGAAGATAGTAATATTTGTACCGGCCCTACGGGCGACTGGAATTGAGCGCCATTGCGGAGGAAGATCGCCACTTAAACCTCGCCAGAAGAATCGATTGCTATGACAGGCGGCAAAGGCTTGGCCAGCAGTCCAGTTCAGCGAGAACATACGGCTCAATTGGGCACCCGCCGCGCTGGCCCGCTGCCCCAAATGGCATACACCGTACGCCAGGACAACAACTAGGTCTCGGGGTTACGGGGTGCCAGTTGTCGTAAATCCTCGACGTTTTAATGCGTGTACGCTATGCGAAGGTGCAGCTGGACCTCAACGTCGGCCACAGAAGAGAACTATAGATAAACTCTTAACCTAGTGCCACTAAGGGCGCCTGCGCAGACTGCTTGGCCCAGAGGTGGGAGTCTATAG,951,51.42,Homo sapiens
SEQ_184689,ACAATTCTACGTGCCTGTACACCGGCTCTGAAAGAAGCATCTATGGTAGAATTTACGTACAATGCTCTTGTGGTCACTATGCCCGTAAGAGCCGTTCTCTGCCGAAATGCAGGGCGTTATGACCCTATACGCCCACCATGCGCGTCTGTCCCAGACAGTCTGACTAAAATTATTATAGTGATGGTCAGCGACCAGCAATAGTCTGATACCGGGAATCGCCAGATAACGTTAGGTTTATTTGCTATCTTAATAGCTCCATTTTGAATGCCCTACTCGCGTTACTTCTTTTCCTGACCTAGGTACTCGTGTGCTTACTGCCGTCACACCCTTTCGTTCACGTATACTGGTCACTCCTTCATTCCCGACAGACCTGGCGCCGGGATTTGAAGCATACCCTAATGTACAGCTTACTTAATCTTCATCCCTAGATTGCCGTTCGCCCTCCAGCGGAGACTGGCACCCCTTTGTTACACGCTTATCAAATGTGTTCGCCATATCGGCCATGACAAGCCTTTTATAGGCCGTTTGGGGACTCGCTCTTGTTTACGTGCGGCGCCAGGCTCACCTACTGAGGGTACCCGAGCAGCCCGTGCGACGTTGTGCACCCATCACAGGTTGCGGGACTATCTTATTGGATAATCCTATATGAGCCCGGCCCTGTGTTAGAAGCAGCCTATCCATATTTCAGCGCCACAATGGACAGAGTTCTAAGATTGATTCGTACAAATCGATTCCGGAGCGTCACGCGACTACTACGAACAGGGGAAATAGCTACCCCGCCGCAAAACTTAGCAATGTTGGTGATGGTGCGAGGCCCTAACCGAGGAGTCATACTCACGGATTCCGATCAGTTGCCGTCTTGGGAGAAGCCGTCCCGACAGCAGAACAGGGGGAGTGTCTAAGAACGTCCCCGTTCCCTCCACCGGAGGTATGGGGTACAGCCTTTCTACACCCAATGACCAGATGCTGAGATATTTGAACCATGAAGACCTGGCGCCGCGCTTTAACAAACCTTGGCGCCAAACGTGTAAATGTATCACCGAACGCCTTCGGAGATACTGTTAGAAATACCGACGCCGCGTTCCGCCCGTACATCGGCGCACGAGACGTTCCGCGTGGGTCAACGACAGAACGAATGACAAGCGTAGGCTGAGGCATGATAATCTTCTGGAAATTCGTCGAACAACTCACGAAGGGCGCGCGAGTGTGCATTCGACTAATACCCGGAAGGTTCAACTGTAGCAATACGTCTAATGAGTATCACTACTTTGCCTGTAGACACGATGCCAAACGAGACGTTTCAGCTAGGCCCTGTAACGTACATACGCTAACTGCACTAAGTTATCGAAATTGCTCGTATCATAACGGCCTCCCATAGCTGGTATTCCAGTATCTTTCTTAGTCCAGCGTTCGTGAGCTCCGTACAGGAACGCGGGAGATCGTCACTGTTTTTGGGACACGTGAAACGAACATACATATTCGTCACGAAGACAAATGTAAAGCGGGGTATTTCTGGTTAGCTTGTATGATACAACGCCACCCTTGTTTCGCCCTCTTTTACATTTACAGATACCGTATCATGTACCGTGGTTATAATCTGACTGAGCACACCGGAAATTAGTAGTTCGACTCAAGTAACCCCTGACTCGTCGTGTCTATGGAGTCAGATAGTATGATTTAGATGTTTTGGGGTGCGGCTGAACAATCGCTTAGAATTGAGGGCGTTTACTAGCTACCTTCCAGTGCACTGGTATGCTCTTCTTTTAAAAGGTATGTCATAGTAGTGTCCGCCTACCTGTTGACCTAAACCCTCGATAGAGGGTGCAAAACACAACTTATTG,1841,49.27,Homo sapiens
SEQ_785562,GCACTCTTCGTAGTGGGCAGCGATTAATCGGGCGGGGAAATGAGGTTATCTGTTCTGTCCGGTGACATCCAAAATTTTTCTATTTTGCGGAATCTTATAAACGGGACGTATATGGGCTCGGAGCGATTGTAAGTTCTAATGGACGTATATTTCGCGCGCCCTAATAAGAAACATAGGGCCTGTAGGGCGAGAGTTCAACTGGATTGCGGCAAAGCTGTCCCACCGACCATGTTGTCCCATTCTCACGAGGAGTGATTCCCAGATAGCGCTGCCGCGGCTAACAGCGAGGAGCAGCGCTTCGAGATTCTGTTATCAATTCAACAGCCAAATCGCATGTGTCCGTGGCTCCAGGATCCGTGTCATCGCCCTGTAAGAATGAGAGTAGTCCTTCATCACGCAACGGACAGTCCGCGATCATGCGCAATATGAAGGATAATAAGTAGCACCAACCTCCTTTTCGCCCGAGGGCTGCCCTGATGGCTCGCTTAAACCAAATTCAAACTGCATGAAACGTACCTAAAAGGAACGGCCGCCCGATGCCCCGCCTGCACGATTTCTTTGTATGCCTCCCACATGTCGTTGACAGCCATTAGAAAGGCGCAGAGACACCACGATTGGGGAACCAGTACCCACTCCTGAGGCCAAATCCGCCCAGTAGATACATGACAGCATGAGGTGTTGAGAGTACGACCACTCCTGACTCCTCTGAACGCTTAGCCAAGGCT,725,51.59,Drosophila melanogaster
SEQ_361218,CGTTACGAGCTATAGCGGGAATAAGTAAAATCCTAAATTAGACACGATCACAATCCATTTATTGAACAGATCGCGGGCATTAGTCACCAAGCGAATGTTCGGGGACGCTTTTCCTAGCAACTTAGGGACGAGGGGAGAAATGAAGATGACCGTTTGTTCGCAAGCCGAGAATCTGTCTTTGCACGCTGGGGACCGTATCGGCTCTTTAAGAACCCTATGGCCTACTCCAAGTGCATACTCGAGGTATGGGAGACTCTACCTTAAGCGTTAAGGTCTCAGCCGGATAAACCGGTCTTCACATGACACCTTACACGTTAGCCGTCGGTATGGTATATGTCTCCACTCGCAACAGTAAGGGACGAGTAGTTGGACGAGGCGACAGTCGGAA,388,48.97,Saccharomyces cerevisiae
SEQ_803452,GAATACAAAGACCAGGAAGGCCTTGCCGATGCGCTGCCGTGGCTAAGTGTCCAAGGTGCCAGACGTGGTTTCAGGAAGGCAGGGTACGCAGTATGAGACCCTTGGTGTCTCCATACTGCCGTCACACTCTTTATCAGTCTATTACATTACATGGGAGCGGTACCGGCCCCGGCTGAACGGTTTGCGATACCCAAGGGTACTTTTGGGAAGCAGAAGCTTTCAGTTTCGCTCTTGCTATTGTCGAAAATGCCACGTCAGGCGTTCCCGGAGTGCTAAGAGTTAGCGTGGTTAATATGCACTGTAGTCTACGCGGGAACGATCTGAAGCGACCGTGATTTACGACCTGATCAAGGGCTTTTGTCTATCTCCACTCATTCCAGGAAAAAATCATCTGAGGGGATGACCTAATCATTCCGATTACCCGCAAGTCCCATCCGCGGTCGCTACATGTCCACCAGGGAGAGCTCGGTATGAGCTCTAAGAAGGGCCTTAAGAAACTTCAATGCATGACCACGTTCCGAGGTGTAGCGCCTGTTGAATGGGTTACAAGATGGCCTATCAAACGTACGACCACGCACCCCGGACCGAAGCGTGAAATACGGAGCCGATTGACACTCAGAAAAAGCGCTCTCTTGTGTGACCGCACATCGTTTCTGTCCTGAAGAAGACTACGCGGCGGACTTTTCTAGCGTACAACGTCTTATGCTGTAGAGGTGGCTCATTCTTGCTGCGCGCTAGGACGGCGACACTGAACTAGTTTGTCACAGTTGCTGGTCTTTCGTATTAACTAGTTTGGGAGTCCGGCCGATTACAGTTAGTTCAGGAAGCTCGCTTGAGGTCGACTATGCACTGTGGTCAGCGATCGGAGCCCCTCAAACGCTTAATATATCGGTAATTAGATGCGGCCAACACACCGATCCTACACGACGCGAAACCGTGCGCCTGAGGCTCCGGCATAGCTGCATGTCAAGAACGTTGTCTCGAGAGATGGACTGTCCTTACTCTGGGGTCTAATTGTCAAGCTGCTACGTAGTACGCCGGGGGAGACGGAGGACGGTAAAACACGTCGTCAACGTAGGTCTGAACTTTATAGGTAATGCGTGAATTTTTGACTTAGAAGATCGATGACCCTATGCGGAGATTCTCGTATCCTCCATGTGTAATCTTTCGCCGCCAATTTGTGGCCCTTTCCATAGCACTTTGGGGTTGTACTGCGGGTTGCTCCCACATCTGACAATCATCCTACTAACGTTACTTGGATCCGTCGCACTTCCCTCAAACGAAACTGGTCGACCTATCCGCTCATTGCCCTCAATGGCGCCACGCTTTCCTCCGCCTAATGCCTTATAAGGAAATTGTAACTCATGGGGGAACGAGTGCCGGGTTGTACAGGGAGTCTATTGCCTGACGGACTTAGAAGGGGTCTTTAGGAGATAATTTTTGCAGTACCAATGACGTCCGCCATGCGGTTGTACCGCATCGCTATGCGCTTCGTCTATCGGCTATGACGTGGCTCTAAGTCCCCCGACCTTTCCGCATGGTGATTAATCCTGTTCCCA,1559,51.38,Escherichia coli
SEQ_509442,ATGTCCTGCCAGATGGCATTCCGGGGGTACAAACATCCACGAGACCTGAGTGTACACCCCTTATGCTGGGATTTATTCTTAAAGTAGCCAAATTATTTGTAGGGCATACCCGAAAGCTTCTCATTAACCCGACGGCATTTGTATGGCTCCTGCCTTAAAAGTTGTTCATATACAACACGAGATGACTATATTCTCTACATCAACACCCCATTTTCCACTACAGGTCCTTGGCATCCACTTCATTACAGCTAGAAGCTTAAAGGTCAACCGTATAGTCCGCCTGCTCGTTGCGTATAAATCCCTGTTATGCCTGTCCTACGTCTGTTCTACATCAGTCCGCTGCTATAAGACGGTGCAGTGTATTTACCGCCGTTTGAGCCAACTAAGACGCCTTTTGCCAA,401,45.89,Caenorhabditis elegans
SEQ_787821,CCGATCCTGCCCAGCCCAATTTCCATCGCCACCTAACCAGTACTATGGGGGCAATTTCGAGAACACCTTGTTTGCAAACCGTAACGTATCACCGTTCGAGTGCCTTATCCTGGGCAAACGTATAAGTAGGCAAGGCTAACTAAAGATGTTAACACCAGGCGTGATCTTAACACCCCTCGAACCGTATGTGCGTTGCTAATGGCAGTAGACGCCGTGCTAAAACCCTCGAGCCGTTCATGGTGTCGACTCTTTAGACGTAGGCGACAGCAGACCGAACCCGGAGAGGATACTGCTGCTTTGTAGCCCTAATCCTGTAGTATTTGGTTCTGTATCCAGTTATCGGGTCCGTACCTGCTTGTTGAAGAGCGGTAATGACGAAATGTAGTTGACCCCCAGACGACTCTCTGAGCTAGTTATCGTGACGAGCGC,429,50.82,Mus musculus
SEQ_277458,CACTGCAGCTGTTGATGCCTTGCATATTTTCTAAGATTTTGCGAGTTCGAATGTCTCATTTTCTCTTGGATGAAGCAGTTTGGAGCCCCACAGAATGAATATTCGGGCCCTGTGGTCAGACCAATCTAGTGTCATACACGCGCAGCGGGTGTAGAG,156,47.44,Escherichia coli
SEQ_934921,AATCATCCCACTGGCGCCAACCCCGACATTTTTCAGGTTTCTGCCTAGTTCGTTCTTATGACCGGCGAGGCATGAGCTGTTGCCGGCTCCTTGTGCGGCTTGCCCTTTGAGAGATTTTCTAATCTGAACTATTGGTGGCAACCGAGAGACCAAAGCAGCCCACCAGTAGTACTACAAAATTGCTGCGCTCAAC,193,51.3,Escherichia coli
SEQ_619664,TCAGGTCCTCCTACTGAGGGCGAGGTCCTTTCGCGCAAGTGGTTCCACCCTCGCTCGCTCGTCAGAAGGGACCGGCGGATTATATACACACAAGGTCACCACTGGAAGCCCATCCCCTATAAGTGGTTAAGTAAGAAAGCCTAAACAGTAAGCAGCGGTCACATGCAAATCATAGGGATTCAAGTCATGATTTTTCCATGCGATCGTAGGTGCCGCTAGCGGCCATTACCCAGAGGGAATCGGACCCAAAGGAGTTGCTTCGTTGGGGATTTGTAGTGGACGAACTGCGCGAAGTGAAGATACCACTCTCTCGCCGAGTGACCCGCCAACATAAAGCCAACCAGCTACGGCGACACTTACTGAAGTTTAGCATCTCACGGCCCCCTACTAAGCAGTGAGTTATTCCCTTTTTTACTTTCGTTATTTGATCTCCATGTCCAAAAACCGTCTGTAAGCTCGGTCCTTCGCGTTCCTCAACTCTATGGTGAGGGGTCCGCCTTTGCACCCCGCCCAACTCTAAGACGAGATAACAATTTTGAGCAGAGCACTTGTCGAAACGCTTGTATCTAGGGGCGCTACTCCTGACCTAGTCGGAGTCAGTACAGCCCCATGACTTGGCGATTTCTTTATTGGGCAACTGTTAAATGCCGTATTACTTTCTATGAAATTGTATTTTTGATTGAGGCGCCCGGCCGCGTTTGGTATATTCGTGTTGCTTTGAAGACGAACCGAACAATGCTGGCATAAGAGCTGACCATTGTTTACTATTATGGTGCCATTTGAACAACGACACTTTAAGACCCATCGCAATGAAGGCAACATTATCTTTGGTCATGGCGCTTCCAGTCTGACATACTTCGCCATTCAGCGTATCGTGCGTCACTTAGTTGGTCCACGTTAGGCGCCGGCCCGCAAAGTCCCGCGCTGTCCCAGCGGGAGCCGACCTCAACCGTGTGAGGTGCTCTTACGGTGGGACGGACCATCCGATGTTATCGCTACCTGTAAACAGCACCTAGGAGAGGTATATGTGTCCGGTCATCTTCATTTCGTATTCCACCCGCCGGACATTGTGTCTTGGATGGTGCCTTGGTGAGCTTGGCACGAACGCCGGGACGCACCCGCATCAGGCCACCTCCCGCTAACGTACCCTGTATACATAGACCATCTGTAGCGTGCATCTAGTAGGTGACCA,1192,51.34,Saccharomyces cerevisiae
SEQ_587101,CTGACGCTTCAGAGCCACTGATCCGTACAAGTTCTGTCCTCTGAAAGCGTAAGTCTTTATTTTTCATCGCAGATACAGGAAAGGGGGCTACACTCCGTGATAGTGGACTAGATCTGTCGTTCCCGGGCAATGATTCCAATCTTTGACGTACTGGCTGTAAAGTTAATGGTAACGTAGGTCTAGCAACGCTCCGGCATCCCATACCATGCGCCCGTTTTAGTCTTCATGAGACAGCATCAAGGTGATGCCCGGGGTGTTATCTACGCAGTGCTTAAAATGCTGAAGCTCTTAGAGTTCACACTCCCATCGTTGTTGCGAGTGCAAAGCGGTATTCATAGACATCCGTATTATAGAGAGTTCCGCAAAACAGACTCAGGACACGTTGAGGGTTGTGATAGCCTGTATTTACAGTAATTAAACACCTTATTCCGTTTGCTGTTTAAGTACGAGAAGATTCCATCTACGGCATCCAGCCTTACAGCAAATGCTGTGTTCTAATGGAACCTCCCGTGCGCGTACAAACCTGAGATGTCCCTTGAACAAGGAAGGACTGACAGATCACACTCGTGGGGACCCCGAGGGTGAGAATTGTACGGTCGATCGAGTGAACGCGAGCGCAAATCAGGCCCGTATACAAGACGCCAGAAACTTCGCACAGGGACAAATACGTAGTCGGAGATAAGGTGGAGAGGAGATACATGATCTTGATAAAAACTGTGCGTTCGCTACCCATCGGTGAGCACGTCACTTTTCCGGATATGATGGGTCACACGTACGATACATCCAGAGACGCAGTCTACGCGGACCTTGAATATGTCCAGGTGTCTTGGCGACGATATTAACGCCGAATCGTAAAGCTCTGTGATCAATGTCAGTCCAGGATTGACAGCCCACTACTCGCATGTCTCATAGGCGTATGTGGTTTAGCAGACATATTAGTGCAGACTCTTTGTGTTAAAGTGAAACGACAGCCACGCGAAGGGGTGCTTGAAATACGCACATACTAGTGGTGTACCCCCTAGAGTATGGGGTCCTGATCTGGCTGCAAATCGACGTAGTAGGCGGAAATACCAGGAGCGAATAGAAGACTCTGGGCAAAATTACGTGTAACGAAGTGAGGGCGTGGCCCTGCTCCTAACAATCACTCATACGCACTTGGTCCCTCTCCCATACCACGGCGCTAGGGAACCAACAAGTACCGCGAACTTAAGCTATCGACAGGCAGGGTACTCCGCTTATCATTGGGGCCTTAAGTTCCAGGCCATCGAACACAATCATTGTAACGGCGCTCCACCCCCACATAACAGATCCTACCATGCATTGATCGGTCTAAGCTGGACTGAAAAAATAATTTAAGCTTACCACGCGGAAAAATTCGTGGCGCATCGAGTGTGGTTTCGTAGTCTGATTAAATGAGATATTGACTCTCTAGCGATAGTTTAAATTTTGTTGGAATTTGTATCCTGCCCTAGTAAGAACGGTGTAAGCTAAGTAAGGGTGGCTCGTTTGGGGCGGGTAGTCAAAAAAAGGTCGTTTTGGACAAAGGCATAGACTACTTTATCTCAACCCCCTTAAACCTTTAGCCATTATGCCAAGCCGGTAAGGGCTTACTGGGAAACTATGTTACTGTAAGTTTTGGATAGCATCACGAAGCGGGCGTGACATCCGCCATACACCACTTGGATCGCCTACACTCGTGATGAGAATGAGGTGCGCATAAGTTGCGCGCTGCGTTGGCGCGTCTTTAGCCGAGGCCAAGTATCTGCCCTAGCCCTTTGACTACATATGAGCAGGACCGCGTAGTCCCAGGGTAAGCTACAGAACGCAGTCATTTTGATGCTGCTATCGATGGTGGCCCGTGTACTACGGGT,1871,48.64,Saccharomyces cerevisiae
SEQ_893747,AACGTCTGCCATCTGAAGTAACTATCGCCGATATGACGGTGAGCTCAATTCCACGACTTTTCTATCGGAGATAAGTGACCGGTGATCCACTGAGCATTTTACGGGTTAGACCGTGTACATAACTAGCCCAAAGAGCGAGCCGCTAAAAACCATGTCGGTGATAGCCCGATGTTTATGATCGATCCAGCCTCGATTAACAGTCACTGCGATCTATCCAGTCGGACGCGGACGCCTAGGTTCATCCTGTACAATGCACGAGAATAGTTCGCGAATCCTTGGGATACCCAACGTAGAATCACCTTGGCATTATTCCCCGGCGAGAGAATCATAGAGTGTAAATGGTAAGGACCATCCTGGGGACATCGGAGATAAGACCGATCCATAGACGCGGCAGGGTGCGTCACAAGACACAGGAGCAGGTGTGTTGGACAAATCTCTTCTTGCGTTATTGGTGGCGAAGTCCTCAATTGGGAAACGCGATCCCTTTGCCTAGTACGAAAGTATTGTTGGGAATTAGAATCTGTATGTATGCTTAGTCGCTATCTTAATACAGTTGACCTGGTGATGACTACATGTTTGCAAGGTCCGCCCAAGTACCGAACCTCGTTTCTGACGTATGTTTATAAGCAACGAATCAATCGACATAACGGGCACAGCTCATTGTGGTGCACTGCGTGTAAAACGACCATCAGGCGTAGAAAATGGCGAACCTCAATCGCGTAGGTTAAAAGAATGTGACTCGACGGGGTGATCCAGAATGGAGGTGGGATGGCGCTGGAAAGGGTGGTCCAACCCGTTTCATTTGGGCCGGCAGCTATTTTCGCTTTTCGCGATTCCTGAGACACATATAAGCACTCCGTCCAAACGCACTGCGCTGTAGTCAAGTTCCCCCTTTCCCTAGGGATACTTGCGCTCGATTCAAGGCGTGTAATTATGAGGCAATTAGTCCAAGCAACTGATCTCCCAATCATAAATCCAACAGGGACGAAGGCTCACGAAAGAACACTTCTGAAGACCTTGTCTTGGCTGGATCGAGTTAGGCATTGACGACTTTTTGGACTAGGACGGCCCGTATGAGTGATTGAATCGACTGCTCGTCATGTACTAGGATGCGCTGGCCGCTTGGCCCTAGGAAAGTAGTTAAACGGTGTATATGAAGCAAACCAAGTTTTCACAACTCTCGAGAGGGCTAGCTATGCCCCGTAGGCCTCAACGAACTATATTGGCTCTCAGAGGGTACAATCACACAAGGCCATGCGCACCTTACCAGGGGGGGTATAGATAGGGTGAACTCAACACGAACCCTTCATCGAACTAATCCAAAATTCGAGAGAGACATTCATAGACTGGCTAAAAAGTGCAAGAGGTGCAGCACAGGATCTGAGGAACACCTACTTGAAGTGAAGATGGGGACAGCCCCGAGCCAGTGGAGCGACGCTAGATTTTAATACGTTCCGCGGGTGTTTGCTTTATTCTGTTTGATCTGCACCCTAACTGATCCTTCGTACTAACCTATAAGCTCTGGTTAGTACTATAGGAAACTTTCGGCGCGGTGCAGGGCAGCCTGCCCGTCACACGGTCTTATCGCGGAGCTGTGGAATGGAAATAGCAACCGTGGCGCTCACATTTTATTTACTGAGTAGCGTTCTGGTATGCGAGTCCGTTACTGCCGCGAGGCCGACGCTGAACTAGTTTAAAGTTAGCCCTAGGGGTCGTGCGTAGTGCCGGCTGGCTCTTCGTATGTTTGTTAAGTTTGCGGTTATGCTTAAACAGGACCCTGAGCAGATAGCCGTA,1794,49.28,Caenorhabditis elegans
SEQ_251305,TTGATCCTCGGAGCTGTAACTTAGAACAGCTTTTAAGAGCTGTCACAAGAGACTCGACATTACCCGGTTGAATCCATAACTAAATCAGTAGGCCAGCCGCCGAGAAGCTATAGGCCCCTCCTTTCGCGGGAGTATGTATCCACAGGCTGGAGTTGCAAGTATACAACCCACATTTTAAATCAAGTTCCATGTTCAGGGAATGCGCGTAGAGTCCGAACTTGTTATGCGTGTAGCACATAAGGGGAAACTTATCGTCATGTGAATCTGGACCTGAATTAATTATACGGGCAGTGCGCACTCGGAGGCTATTAGAAGGCCGAACGGGGCCATGATTCGGGAGTTGTATCACTAACGCCGTTTAAACTGTCCAGGGACCTTATGGATTAGTTACGATAGTAGAGTAACCGAACCCTAAGTCTGGCAAACGTAGTCATTAGCCTTAGAGATTCCGAATCTTAAGGGCGTTAGTTATCTGGCGTAAGGTTGAGTCATTTATGTGGTGGTAAAGGAGCCGCAGTAGAGGGGACCCTATTTGCAGCAGCTCGCACTTTGCGCTCACCACCCCTCTTACCACGAGCCTCCGGGGCACTTTTAAACGGATTTTTTTTGTTCCTATGTTGTAGTTGAACTAATACGTTGTTAACCGAGGTAGGTCGCTTCGGCTACGACTTGGGACTTATGAACATAATCATGTATAAATGCCGTCAAGGACCCACCCGCTTCTGATAGTCGCGAATGCGCGGATCGGTTTCAGTGTTACAATGTGGGTAGCTTCTATTGAATCAGCCCCAGAGGGCATCCCGGTGGAATGGCGCTTGGCCACGAAGGGGAGCGGGGGATTCACTTACTTCTTAGGGCTTCCTCTTACGACGCATGTCCGATGACGCATGT,891,48.71,Saccharomyces cerevisiae
SEQ_361610,CGCCCAACCGGCGCCGAGATCGGAGTGCACAGGCCGCCAAACCGCGGCTTTTACGTTGAGAGGCCTGAACCTCAATGTATCCCATCCGGTCCTGGCTTGTGTTTTCGGCGTAATATCATGGCACAGATCCATGAATATTAAAATGAGCCTGTGGCGAAGGTCTTATGGAGAAATTACTTTTAGGACAAGTCGACCCTAAAGGAGTACGTATGTTAGGTAAACCTTGTCCCCGGCCCAGAGCTAAAGCTGACGTATCCCTAAAAAGCTCGATCGACAAAGGCGCCTCGAACTGTGCGAAGGATTAACCAGTTCGAGACCACTACAACTCTGGAAGACTACAACCGGTGGACTTTGATCCAGTGTTATATGGCTAGTGTAGCCAAGGGCTTGGGAGCGTCGGGACTTGCGTCAATCCCAATCAGAGGAGCTCTATGCCGACTAAGATGGTGTCCTCGCAGCTAAAATGCAATCCTGTAAATGTCTTAAGATTGCATATCCCCCCTGGATCCGCCCCCCGTAATTACATATGATACTACGTGGTAGGTATTTGCACGTATAGCATCCCGTGTTCAAACTAACTCACTGAATGCCTGGAATCTGTTTATTACAGTTAAAAGCTTGATCACGTGAGATGTGGTCACGATGCGGAACGGCTCTGACAATAGGCACATACGGTGAACTGTAACGTGTAGTATTCGTTCGGTGTGTAGTCGCCGGGTACTGCTAAGCCCGACCGTAATAGCCTGAAGCTATAGCTCCAACTCACCTCCCACACCACTCCAATGCTCGGTTGTCTGGTGATCTATATCACAGAGCGTGTCCTCAGTAGCACACATACCGTGTAGTTCGGCCCCCACCAAAGGCTGGATGTATCGCGCCCCAGGGTTCGAGAAGTATACCATGTGCTTCCCCGCCATCAAGAGTAAGGACAATCTTACGGGCATTCGTTCACATAGTCGTCTACGCAGAATGTAATTTGCGTTATCCTATGGCATGCGAAATCCCTTCCGTGGCGGGGAGCAGTTCCCAGATTGCGTTAAGTCAATTGTATATCATGCCTAGATCTTGACTGGCGTATCCTTCGAATATTATTGCTCAAGGGCAACACAATTCGCGTAATGGGAGACGTGGTAACAGATGATGATGTCCGATACGACCTTCCTGCCCGGGCTGCGCGTTCTGACCCTTATCGGAGGTGAGGTCCCCCACCCAAGGGTACTCCGTCCTGGCTGTCGCCTTGCCTCCAATCCTTCCGTCTATGGCGCAACACTCAGCCTCTGCAACTCGCTTAAGTAGTTGTGGCGTATAAGATTCGATCAGTAGTGATCCTAGCATAGTCAACAGTTGGAGCGCGCGGGATCATGACACATTCTTCATGGCGATTAGGTGCGAAGTTCTGCCTTTGAAC,1408,50.43,Escherichia coli
SEQ_455494,TATCCGCGTCTAATACAGTACCGCGCTTCACGCTGGCGGCCAACCTATAGTTTGGGAATATTAAGACCGTGCTTGTGACCCCACTATTTCAAGGGAGATGCAAGGTATCCGAGTTGAGCCTTTCCTTGTACCCAACAATCCGGTCTGCCGTACTGTCCACGAAGAAATCCGTACAGGAATCCAAGTGAACCTTAGCCGAATCAGAACTTCGCCCGGTAGAGGATATGGAGACCCTTTAACAGATGGCGGAGATGCATACCAAGGAACCGGGTATTTGATGGCTGACGAAGGCGTTCTGAGCTCGAAGTGACTGAATGTCCTTGTATTGCCGTCGACCACTAATTTGTGTACCTTAAGGTGAATCCAATGTCGCATATAGGGTCATTTGAATTAGTCACACAGCCAGGGCGGGAAGGTTAGGGAACTTGACTCTCATGTCAACACAAGAACGCCAACCAGAGCCAACGATCGTGCGCTGTGTATGTCATGTAGCCATCTCTGTTTGCCCCCACAGTAGGTGCTCGCGTACACGGCCGCGTCAAGAGCCGCCAGGGTGATTAGAGGGCGTTTAACTCCCGTGTTGAGTCGCTAAACCGTCCGCACAAGAGGAAGATGGGGTCTGCACCTGAATAGCCAAAACTTAATAAGATCGCTCGTCACGGTGAACGCTCACCGATTTGGAGCTTTAAGAGCCTTCTGCAACTTTAGCAGCTCTCCCTCCTTTCTACTGCCAAAAAACGAGCCGCGAGGGGTGATACAAACCCGCATGGTTCCTTAATGATTCTAAAAGGGAGAAGCGATCGTAAATTTTGATTTGGCCCACGTGTTGAGCGCACCACTTATGATCCTCCACGGGAAATGCTTGACGCAGTTCTTCTCCGCTGGCCATACATTAAATTGGTTGTCCCTACACCTGCTGCACCGTGT,927,50.49,Mus musculus
SEQ_185784,TACCAAGGAGAGTGGGAGGTGCTCCAATTGGGCCAATACGCCCACTCATTTACCCCTTACCATAATTTCGAGAATTGCCTGACCAGATGGGTTCCGGTCCGACACGGAAAGCTAACTGCGTCATGGCTATCTAATGTCAGCAGCATATATGTGATAAGCGGCAAGCGTTCCCGAACCCTACAACGGCTCTTTACATGCCACCTGCACGCACCGCTTGCTGTCAACTCGTGTCCGCCGAAGATGTCTTGTGGCCGATCGCTGACTATTAAAACAGATTGCTGCGGTGTACGACCAACTTGCCCCGCAAGGAGGCCAGCAATATGGTAGCGTGGTAAAGCATCACTTGCCCAATAGTATTGATCCGGCTCGCAAACCCCTTCCCGCGGGGTGTCAGCCAACCCTCAGAGGGGGCTCTACGGACCCATAACAATGCTAACTGCTCGACGCCCCCCGACTAAATGAACGGTGAGCTATAACCTACTCGGACTGCTTATTTATACGGAGTTATGTATCCATGTAGCGGGAGCTCAACTAGTGACTTGGCTGATGAAAAACCTAATATACACCCGCCTGCTCGGGAAGCGGTACAACCAGGTAATATTCCCGGTTCGGTGGGGTCCCGTCTTGACTGTTCCTAACGGGTACTCTCTGATTATAATAGCTGGGCGGGATCATTGACCATGTGTGTCACTGAAAAGAGTGTGAAATGCTTGTGTTGGCATAGGTAGGTCGGACACCATATGTGTGCACATAAATTTGTAAAAAAGGACGGTCTCTGGAGCAGGGTACTGCCTGGAACAATTATCATCTGGTTACACTTAGTGTGCTTTAGTCCGGACTATCTGACAAGGCACGGCAATTACCCCTGAATGATGAATCAGAGTATTGGCAATGTACTTA,900,50.11,Mus musculus
SEQ_482129,TGTGACACAGATCGCAAAATTCACGGTGCAATCCCGTCCGCATATAGCCAGTACACTTTCGACATTATATAATGTAGACAAAGCGGGTCTTAATATCGCAAAGAATAATTTCGTGAGGATATCACTTGACCCACCTCAGCCACCGACACTCGTCCACTAAATGTAATGAAATATCTGAAGTTTAAGATCCATAGGCCGCAGCTTGAATCAGATTTGCAGCTCCCTAAGTATCCTCACTCGGCCATTTGGAGAATGATAGCGGCTGTTGAGCCGGAAGAACAAATATCCGTATTGTCCTCTAACGTCATCATACGACGCAAGCACACAAACGGGGAACTCCCGACGATATTTGCGTTAACTAAGGGCGGTGTGAACGCTCGCCATCTCGGAGCTTCTCACGTCACAGCCTACACCGAAAAAGTTGTGCTGCAGAATGACATCCCCATGCCATGGTATTATATCCCTCTGCAGGCGGTTCTACGCCTACTCTGCGGACGGATAGATCTAACTGTGTTCCGGGGTCCGGCATCCGCTCGCAGAAAAACTCTTATCTTTTCTTTTCGTGAGAAGTTGACACTTCGCCTTTGGATAGTCGACGTCAGTGCTTTTTTTTCCGGCGTGCCATGTCACGAGATCCTGGTTCTCTAAGCTTACATATGTCAAACATAGGTTCAGAGCTCTTCCATCCAACTGCACGCCCAATGTTGGCAGACAATGTATGTAAAGATCGTCTCAGCCTTCATGACCTTGCAGGTGCCTACAACGTTGGATACCCCACCGCGTGAGTGATCTTGCCTGCAGGAGTGTTGGAGGCTAACGAGTGGACAGTGATGCATGGAGCATCCGCGTGAAGTAGTGTTTATAGGAGCCGCTGCACCCAGGCCCGGTAGCCCGGCGAGTCAAAGCTTGCTACGCAAAGGCAATCTCGGCTGGACCGCATTAACTCGATGAACACATAGTAGACCAATAACGAGTGCTGCAGGTTCCGCTGAGATGTGCCTATTTTCTGCTCCAGTATGGGCGACCTTTGAGATCATTGGCTCATTATACAGTCGCTGCAATGGCCCCATCAGTAGTCCGGGATAACGGCAGCGCCAAAATAACGGCGGAGTGATAGTTGTGGTCGCAGAGCTACTACATAAGCTCCTAATTGAGTGAAAGCTTACAAGTACGGTTCAGTGTTAACTTAGTCACAACCTACGGTGGGTGGATTGCGTATGCCGCGTGGGGTCTATGGAGAAAGCGGTTTTCTTCACTAGCCGTGACTAAGATGCCAATTGTGTCCGGTGTGCCTTCTCGTCTCACTCAAGTGAGTGTT,1318,49.39,Caenorhabditis elegans
SEQ_300625,TATCCAGGAGGGTTCACATATTTCTAGTTGAGAGCTGATACAGCACAGGGGTGGAACCACCAAATAACACGTTTACACATTCCCCTCCGGCACATACACCCAAAATTTAGTTGTCAGAGCCGATAGTAACTGTTCCACGGGTGGATCCATATAAGTTAACGTTTGCTGTATGTTGTGAAGAGTAATGGGGCTACATGGGCACCTATGGAATAGTCCGGGATCAAGTGTGAGTAAGACGGCGAGTTTACAATGCGGATTCCAACAATACTGGAGAGAACAAGAATTAAGGAGCAACCTTAGATGTAGAAGCGCTCTGGCTTGCTCCTAGGTGCCGTATTTACTCCGGTCGTATCATCACAGTTGAATCAACGCCAAATTTTGCTCGTGTGGCCAAATGCCTAGTATCGTCCAGCATACTCGCTCCCGACCACCCTGGCACGCACTTGCAGGGTAAGAAGTGGCTCTGTGTACATGACTCAAGGAAACATAATTACTAAGTTCTATTGTGCCCGGGGGAATCCAACAGTGTAACCGGATATATGAGGTACTGATGAGGTTTAAGCGGCAAATGAGCGTTTATGGATACTACGCTCGACAAACCCTTAGAGGTACAGTAGCGAGAAACAATACTTACCTCACGCCATATGTAAGACTATTTCATGGCTTTAATTACGAGGGCTGGCGAGTTACTGACGGTTGACGCGTGCTTACACCCTTAAATGCCTGGACCACGGGTGCGCCGAAATCCCTTACTTGGTCTGGTAACTGTTAGCTGGGGTCCGTATGGGAAATTTATACCGTCCGTACTACCCTGTTCGTCCTCCAGCTTATGTCCCGCACTATTAACTGGTGTTTGTGAACGGTATAATGCTAAGTGTGCGAGGCTCCATACCTGTGCTGTCCTAAGCTGCGGTTTGTACGAGTTCGTAATTAATTCTCACCGTAGCTCGATTTATATGGCCACAAAAAGTAAACGCGCGGCTAAATGTGCGGGTTGGGGTAAGAAGACAAGAGAGCTGTCAGACCTACGCGAAAACAGAGGTTCGGCATTTTACAGTGCAAATTCGTAGATATATGCTGAAGCAGAGCTGGTCGAAGCAGTTATTCCCAGCTCCCCTTGTCAGAGTGCCATGACGCTTATATCGAGTCCAGATGGGGGAAACGAATAGTGTTTCGCAAGTTGTCTTTTATCGGTTGTTAGGGACCCTGGAGCGCGATTCATATAGACGCCACGATGCGGGGAAATGCATAGGCCTGGGTTCAATCTCGACATGGGAGATGCTACGGAATGTGAACAGGGAAGCACACCGTACAAGAGCTCAATCTGTGCCCGGCTACGATTATAGCGGCCGAATGGGGATTCGAGGAACCGCTGTTTCGTGTAGCTATTCCTATTTTGTATTTTCGAGGGATATTCACATTCAAGTGGAAATCTTGCATAGCAGCTATAGTTACATTTTTATACTCGCCGGTCACCTGGTCCAGACTCACCGCGAGGCCGGAAAACTATTGCAGGACTAAAAGATGTATACCCAGGCATATCGAATTAAGTAACCTTAAAGAAGCAGGTCATGTGGGCAGGC,1583,47.5,Arabidopsis thaliana
SEQ_111400,CTATCTTAACGCAGTTCGCCCTCTTATTGATGAAAATGTGACTAGCGCCTAATCCTCCATCTAGCTTGATGAACATCTGAGGCCCTCCATGCATCTTACCCTAACCCTGCTGAGAAGTTGCCATTTTTATCAATTTTTTGGCTCGAGTTCCCAGGCTGCTGCTATTGGGACTTACTCACTAAACCCGGACAGTTGCCTGCGGCGTGCGAAACCCCTCGCTCATTGGGGCTATACCAATAGTTTAACACGCCTCGGCAATTTTCGGTAGGAATAGCAAGCAGGAGAGAAGTGAGATCGTGCCTAGCGAAACATCACACGGCCTAACTCTTCCTAGTTCGAGCGAGTCTCAGTCATGTATCTTTTACTAGATACTCCATGGTCGGACTGACAGGAACTTAGAGCGCCGTACATAGTTGATATCGACTCTTCTAAGGAGGACTTGTGATCTTCCGTCTCAGCTATTATCAGAGATGTGGGTTCGCAGAACGCTAACACGTGGGTCCCCACAAAGGGGCAAACTCGAACCCATTGTACCTTCTACGGCAGGTATTTATAGATCATTCATTTTCGTAAGCCAGAGCAAGACTTCAAGTATGGGAGCAAGAGCAGAGGAAACGGCGCTATCCATTCGTTCGTTTAGTTGACTGTAATGGCCCCGATTGGTAGAGTAAGCTGTGATGTGTTCTGCTACGCTGTTGCAAACAGAATTCGGAATGGGCATTCAGGTCAACC,732,47.81,Saccharomyces cerevisiae
SEQ_234897,CATGAGCGCTGCGGCAGTCTAGCACCCCTGGCTGCTCACAGCACCGGTCACGGGTATGCCCTGTAACAACCGGTCCTTCTTGTACCTTAGAGTCAATTGCGACAATCTGGATTTGCCGAGGCCCCCCGTTATCACAACATAGGTCAGCAAACGAGTCCATCGTGATATCGATGAGAGCTCGCTAACAGACCATTGACGAGACCACTTCATAAGTTGGATAGATTGCCATTCTTGACTCCCCGAATTACAGACTCTAGGGCTTAGGGCGATTCTTACAGCGCAGTATTCATCTTCGTCTTTAGCTTGATGTGCTGAAGGGTCATTGCAGTCATTCGACCGTATACCTCTCATAGTATTGTGATTGATCGCACTGAAACTAATCAACATCGGGAGCGCTTAAATTACTGGGCTAGGTCACGGCATCAGTTCCGACGTACTGGCTTTTTTCAAGACGCTCTATAGAGATCAAAGGTCCTTAAATGGCAAAAACTGACACCTAGATCCACTTGATACGTTGCCGAAACCGATACCTATACTGTAACGTAATAGGCATCTCTGTAAGGATTCGATTAATTCGGCCATCCACAGTTATCACACACCCATAAATCCATTAGTTTTGCCTGAAGAGTCAAATGAGGTGTTAGGTCTTTTGAAAGATCTACAATTATC,669,46.04,Drosophila melanogaster
SEQ_925913,TATGTATACCACCATTGTCATCGGAAAGCCCTATAAGACACTCACCCTATACTCGGTATGACATAAATTTGCGAAAAGCGGGTCTACGTCTCGCGACCCAGTTGCAATACAGACGCTGAAAGAACCCAGCTAATTGTTGACTCACCACTTGCCATGGTAAACGATTCGATGTAATGCCTTAGGCTATGAATATTGGGTCAAGTTGCAGCGGTCTATTCGATACTTATACAAATCGGGTGAGTCATGTCGCTACGCAACTGTGAGATTGGACGGCATTGCGGGAAAATGATCTTCGTCCACTCCATGTTCTATATAGTAGTATGCGCCATTGCCAGACCTATTACTGTCAACAGTTGAAATTCCACAGCGGACGCTTAATTTACGTACAAAATCTCATTGCTACACTCGTTTATTCAGACTTCCTTCTCGTACCGTTCGCTTTTGGGGAAAAGAAAGGGTCCGCTTTTCACACACCTTCTCAGTTCCGTAGCGGCTAAAAATCTACTCTTTGATAACACCATATGAGGAGCCTGGTACATCGGACCAGATCCGCCGAGTTAGGACCATAATTACCCATAAGTGCACATTTACGAGCTTGCGCTCTACGAGTCCTTGGCTTTCTCAATCCGCCAAATAATTATGACTGTGTGAGGTCGAGGGAATAGGACACTAACTGGTGTTCTTTCAACCGGAAGGATGAGAAACTTGCGCAGCTTCAATTCCCCGTAGTTAAAGAACACAATGATCTTAATCGTAAGTCTAGCCCGTATACACGGCAACGTGTTTGGTTGTAGCACCCTTTACACATCCAACTCGAGATGGTCAAGTTCGCGCCTTGGTACAGAAGCAGACTGGGAAACGGTATACGATGCGAAATGGACTAACGGTTTCTAGACAAAGACTGATAAGTAGGCTTATTTCCAATTGAGGCCGGGCAATCCTGTTAAGCATCTACCTGATCGTAATAC,968,45.14,Arabidopsis thaliana
SEQ_192800,AACTTATTTGGGACGGTATATCTGGTCTCGGGGGCCGATTCGCTCGATCAGCCGGGGTTAACACGGCAGCGGAGCAATAGTTCAGAGATACATTACTAGGCCACTGGCGCGGAGCCTGGTCCCTACGCTAATTCTTAAGAGGCGACGGCTGTCTGCACTTCCAGAGCTTTTGAAGAATCTTAAGCCCGTAATCCGAAGCTTTCTTGTTGCATGTGACGCGAATTGCTAGTGGCTGTATCGGGCGACAACTTACAGCCCAAAGTATATGAGGTGACAATCCGCCAAGTCAATCTTTAAGTTGCCTAGGGAAACCGATGCCATGTGCGTCAAGGGTATTGAGTAGCACCGGCCCGCCTTAGATGAAGCATCCGGTCGCCGGTAACGCTTAAAGGTGATTCCCGTTGTGCCGGAGACTTATCATGGTGAGAGAACGTACTGTTTGTGTATAACGTCTGTCACCCGCGGCGCATTAGGCGGTCACAAGGCCATTAGGGTACGTTTTGACTATCGCTTTGGTGCCACTCGCTTTCGTTAAAGGCTGCATTAGGGCTAGGTAACCGTGGCTGATACATCAGCACGAGAACCTTAACGATTCAGGACGTCGACACCGGGAAGGGCGGTTATTGCATTTTCCGCACGTTACCCGTGTTTGCAACATGATTGATTTTCCAAAAATCGCACGGTGAGCCCAGAGGAGTCGCGGGGTGACAGATCGCTATGACGCACTGTCCGATACGACGAACTCTTAAATCTTCGGGTCGTATCGTAAATTCTCCCACCAGCGTTTCTGTGATAGAATAACGAGGAGCTTGCGCTCCCAAGAACTACGGCGTCACGCCATTATCTCCGGTCGGGACCCTTAGGTACCCGGCGTTGCTGCTAATTCTTTTCATGGCAATTACTATTAGTGTCTCCACCGCTGATGTGTTTGAAGTGACGGTGCTTTAAAGCTTGTTTCGGCACTTTTCTAGGCCGAAAGACATGTAACAGGTCGGAAGCCATGGATCACGTTCGGAGTTGAGAGCTCAGAAGTATTAAGGAAGCCGCTCGCTGGTAGAGGCGTCGTGCAGACCCTGGCAATCGTGCGTGGCGGGTCGGCGTCCATCATGGACTGACAGTGTTATTGTAAGCGGGTCTACCTTCGCCCATCCCTGAACGAGCGAGATAAGACCTGACTGCTAAAGCTACAGTCCAAAACGAAGTGATACAGTAGAGCCCTAACGTTTTCTAAACAGTTAGACCCAGGACGGGGCGGGCATAACGTCACAGTCTGGGCGTATGTACGCACTTAATCATGATGACATAAGACACCAAGTAGTCTACAGCCTACATGGAGGCATGATCATTATTGTATGTTTCAGATACAGTGTACCCACGTCCCAGCGGCAGAGGAATCTCTAGTTAAGACCTTAGTGTAAAGGAGTGGACCATGGATCCCGCCGTTCTCATTGGAAGCTCTTCTTGACATGACCCTAGGTTCATGGCGCGCAGAACGGTAGGAAGGCGTTAGTGCAACATCTTTTAAGCACGTTAGGGGCGACTATGTCATGTTTAATGACCCAGTCTGGTTACGCGCTATAGCTGCCGCCCCCATGCGCGAAATTTTGGACGCCCCGAGGGAGACATGTGTCCGGATTATTTTAACACCTGCTAAGATGTACTTTCCATGGATTCCTCCGACGGGAAAGACAACACTCCCGCAAGCATAATGGTATTGATCCCAAGTGTAATACTCAGCATCAAAACCCCACTTATAACATACTGAAGAGAGGTGCCATGTACCAGAAATCGCAGGAGGGAAACTGCTGGCGAGACGTTCTTTAAACACCTGCACCCCGTTATCCGCCCCCTCCCA,1855,50.78,Mus musculus
SEQ_746367,CCGTCCAACCCAATCATTCACACCGTCGTGTAATGCCATCACAGCTTTTCACGAGCATTCAGGCGTACCAGGATAACTTTAAGCATATAAGGCCGGGCAGCGGATCTTTCTGAGCTATGTGCATGCGTACACCAGTACGGGGTGCACCGGCCTAATGATTACTGCCGTGCCGACGTCATCCGTTTAAGGGCCCAAAAGTAGCTGTACTCGCTAATAGGATCATACACGTAGTAGAGCGCAGTTATAATCTGATAACGGAGGCATAGTATGCTTACCCCGGCCGCGGGCTAAGATTATAATTCCGGCGCTTTGGACAATGTCAACTTCTGCCAAGCAAGCGGAAGAGCACCATGTCGTTCACCACTCCATACGCGTCATCTAGATGTTCTCAGGTCTCGATTCGCCTAGCACTAATGTTCTCTCGCGAAGCATCTCCCGCGGATAATTGGATGCCATTGCCGTGGGATAGATAAAAAAAATTAGACACTGTAAGCGGCCGACTGATGGTAGTCATGTTATTCTCAAGGGCACCTGGATTGCCGTGTAGATTAATCTATAGAGGGCATTAGGATCGCATTCTTAGACAAACGAAGGGCGGACGTTTTCTG,608,49.18,Mus musculus
SEQ_978282,TGTCTGCAACCCCCTTGCTGGCACCGTGTGTGGTCGGAGGTATGGTATGTACTGTCAGTCGCGATATTCTATCGACCTTCAGGTTGATCGACATCGCAGACCAAACGTCTCTGGACCATTGCATGAGTGCTATGCCTCACTCGACATCCGTTCATATCATGCATGGACGAGCGGCTGGGGTGCGCGAATTGACGCCAGGATGTCCTGAGGGATTTCTTCCTTTTCTGTCACTCCCGAGTTGCGTTACCAATGGTTCCCATCTACCCTGGCATAAGGATGCCAGAGCGAGGAATTTTTTACTGTCCATACGCATATAACTTTGCGCAGCCTCAGAAACAGGAAATCATGAGGGGTTGAAGATCGCCGTAAGCAATACGAGCACAGAGTCGCCCCTTTGTCCACGCGTATACCATGATGCCGTAGTGCTTTTTACTGACAGCCCGTACGTGGATATTCAATGGTTGGCGGGGTGAAAGAGCCAGAAGTAATCTGTCCTGTTCGTACGCGCTCTAACTCCCTAAGAGATGCCGTAGTGGAGTGGGTTTGTCGGGAGGTATAGCTTACAAGTCTCCGGGCTCGTCAGGGATTCCCGAATATTACGGAAATTATTTTATAAGGTAAGTCTCCAGAGTAAACGAGGACCTGACGCTCGTTAGCCTTATGCAGCAAACTCCCGGTAAGAAGGAGAGTCATAGCCTGACGCGCATCTTCAACATCGCGCTGTTGTGACTCCAGGTGAGAGCATTACTACATATCAGCTATGACCCTTTACGCACTGGGTGAACAATATCATTAGACACTATTACAGCCTAGCACCGAGGAACTCCTTTCGCAACCTAGGATTCTTAGTCCTTAGCTTGACCATACGTGCACACATCCCTAAGGCAAAGGGTCGTGTACCAAGCTGGAAACTGTAAGGACATGTGGCATTGTAGGCCTATTCGACGAGTACGGGGACCTCTTGGAGAAGCAACGCCAAGTTCAGCATGCTCAGACTCACCAATAATTTCAAAGCTGTGTGGTGTTGGCATGCTACTAGATCGTCGCGTAACGCTTAACTTTGGGGCACGAGACCATGGTGCACGCAGGTGAACTAAAACTGGTTTCTGACTTGACACGTAGATCTAGCCTGTTTCATTGGGTCGGCGAGAGCAGATGGCACGGTTAAACACTCACGCCTATCATTCGGTCGCTGCTTAGGGCCTGACAGAATGGCTTCGGTAAAGCCTCGCGGACATTAAAATACGAGCGGCAATCATTTTCCCGCGATACTTGACCCGCCAGGGCCGTCGCAATCCGCTGGCTAAGGTTAAGTCCACGTTAAAGATGCGTCGCGCGGGTACTTATGCAAGGAGTCACGCCGAGGTGTACAATGATCGACGCCCACGAAACGCAGCCGAAAACTTGTCAGCGCTAAACTGAGGTGGACGGCGG,1434,51.05,Escherichia coli
SEQ_570120,AGCCCCGCTCTCGGTGGACCCGCTTATTCGTGCGCGAAATCTATGCAGGTATCTCTGTGAACAAAGTGGCGGAGAGGGTACTAGCCGACTTCTTTCCATTCAGGATCCGAATGCGTCAGTTAGTTAGTATGCAAACTTGTTTAGTCGGGATTCCATCTTCGCTAGTCTTTTTTCTCTACCTTCCATAACTACTCTAGATTCCTAATCGTATACGTCGTATATTTCTTTGAACTCGAGCACCCACTCTTAACCGATGCCTGTGCATACACTCGTCTGTACTTGTACTGGACGGTACCCACTGTCGTTGTGAAGCATGGCGCGCGCATGGGTAAGAAGCTTGTTGACATAGATAGCATGGTATTGAGAGTGTACTCTTGGGATACATCAGCCCGCACCCCAGGCCCATTTCGCTAAATCGGGACCGGAGCTGTCGGCGTAGAACCCCAAGAGTATGGTCACTCTTCAATCTTCCACCGAACTCACGCACACCATGAACTGAGCTGAAGAGTGAGACCCAGTCATGAATACGAGCACAGATCTCTTTGCGACACTGTATCCACTACACCTACGCTTATGGTCCGGGCGGATGGCATGAATGTATGGCACGGTGGTGGATTCAGATCTGTATTGACCTAGAAGAGCCGAACGGTATTTACTCTCGGGTTATAATGACACCCTGGGCCGATCAACGAAGGAGGCCGAGCAACTTCGAGCATTAGCCTCCGTCCAAATACTATGCCGGCCTCTGGGCGAATTCCAGTCGAGTTACGCTCGTCGCGAGCATCGTCTCGATCCAGGCCCTTAACTAACCGGTCCTTATCAGTGCGAGGTTAGGTAATGATTGATGGACAATGGAGCGATACAATCTTCGAGTAATGGATGGGAGAGCAATCCATACGAAACAACGAACAATTTGAGATCATCACCGGTGAAGGCCTTTTCCCTGCCCCTAAACGCTTGCAGTTTTCGGATCGCAGAAGGCCCGGCAACTTGTAGTAAACCGTCGTCGAGTTATACCTCGTCATTGAGTCGTTAGATGCCTATGAGACCTTTTGGAGTACTAGGTGACCCGGAGTAGGCACGCCAATTCGTCGTGAATAAAGTACCTCCCACTGTTAAACAGGCCTGTTGCCCGACCGGGTGTTTGTACCTGCACTAACATCTAATCAAGGGTGAAACGATGAACATGAGCCTGTCAATTCTTCTTGTGGTACGATACTAAGACCAAACCTTACAACCATAGTGCACGGAAGTGATGCGATGATCTTGACGGAGTGGACGCTTAGCGATGCCATATCCCGATTGAGCATTGGGC,1315,49.73,Saccharomyces cerevisiae
SEQ_181554,GGTCCCGGCTCGTTTAAGCACGACAGCGTTTTGCTAGCGACAGCATCGACTGGGTGTGAGCACGTAAAGCCAGGCAACTGTTTCGTTGTACGACCGCAAACCGGCCATGTGGAGCTCCTC,120,57.5,Homo sapiens
SEQ_240256,TAGAGCCTGTTTAGCTGCTCCCTGCCACACATTGTGACCTATCGCTCAGCGCACCCTCCTAACCATTCTAGCGGCCGCGAAGATCCGTGCTCTATTAGCTTAGGAAGTTCACTAAGATACGGGTCAACGCCTCCAGCAACGAGGCAAACCTCATGAGGTTCCGTTGGTGACGGAGTGCCGGGCAGCTTAATTGTCTCGAACTAACTACCAGCCGCTACCCTGAACCTCTAATCCATATAAGGCCTGGAAATATGGATATCACACGAGGTCTGTCAGGGTAGCGTGGTAATAAGCTCTAACCTCAGATGAATTCGACCGGCGGCGCACCCTGGTAGCCCTGATTGCTTTTCCTCTTGAGCATACGCGGCGACGGCTGTTTCCTTCGAGCCTCAACAAGCCATCCTCGCCGAATGCTTACGTCCCGACTGCCTCTAACTAGGCCGGCATATATGCTGAGCGAATCGTTACCGTGATCGGAGGGCCTTCTTGAACTGAATTCATATAGTCCCTGTGGACTAGTCATGCGTATGGTACTACTAAGCGTAAACTAGGGACTACACGTCGTGGCTGCCTCGGACCTATCGCGTCAGCATCTATTTCAACCATGCCACCAAGATCGATTGCAATTAAGAGCTATGAATTCTCCACGGCACGCCTGGCTGAGCCTCCACCAACGTGAATCGTCG,686,52.62,Caenorhabditis elegans
SEQ_450478,CGGAATCAGTGAGGTTTGTTCGTTATCCTTCGCATTTGTGCGTCTCTAGTTAAAGTTAACCATATTAACACTTGAAGGGCTATCTACTACATTACAAATTAGCTGCTGTAGCTTGGGCCCTTAGCCTAGACATGCCACAATCATCGAATCGCCTCTCGAGTTGCCGGGCGCGGGAACACGTAATTAACGCCTAGCAACACACTCTCCAGCTTCCGAACGTGCAGTGCTTGTAGAAGCTCGTTCGGCTTGGGCCGGGGGTATGGGGCGCTGCCGGAGGTAGCGGCAATACAGGGAGAGCGAATAGCGCACCACTGAACGGAGGTGTCCTCGCATGCCGTTCCTCTATACAAACTATTCGCTTCTTGTCCCACTATGCACTACTTAAGTGGAGGGCCTGTAGTAATAATGATTAGAATTAAGGCCAGTTAAATCCCGAATGCGAACACTATAACCCACGTGTCTTTTTACTCGGATCGAAGTCGTCATCGAATAACTCCTCTAGTTCTCAGTGAATTCCGACGGGGGCCGCATGAGATGTCGATCAGGCACAGATTACCCGGCGTACATCTGGATAGGTCAGGCACAGCTACAAAAAGGTTTTCGCTCCACAGGACGTATCAGTCCTATCAACGGTGCCAATGTTTCAAGCCATCCGCCGTTTCTGACACGTCGGTCGTATTTACATGCTATGTCGAGGTGTAGGTCCTGGACGCGTCTCAGCTAGCCTATACTTCAATTGAGGTCGTCGTACAGTCGCCCCAACTTGGCGGCGGATCACCAAGAATCAGCCTAATAGGAGCAACGCGAGTTGATGATATTGTGCGGATATTGTCGAAATCAAGTATTTCTATTTCGCTTTCTCACTCCGGTATCGTCGGTGGTCATAACAGCTCTAGTGACAACGCAGACCGTAGATATGAGGAACGGAGAATTAGGATGTCTTTGACCTTACAGGGTGATAACTGCATGCTCAGTCATTGCGGCTGCGGGTCAGCGAAACATATACACCGATCCAGGACGTAATTTTGCGGGCAGGCTACGCAGGGTGGCTTCCTCTCTTTTAGACGCTCCCCCTGTGATACCGCCACTAAGCTTTCACGACGATATCTCCCTGAATACTCGTGGGATCCGACTGGTTTTCAACGTGGGGCATTGAGGGGCGCGGAAGGCCCCCGCACCACAGGCCTGGATCTTTGAGCGCGCCTCAGGCCCCGTCCTCAGATATTTTAGACTGTTGGGCATTATATATACTCGCTAAATCACACTTCCGAAAGGGCGGAAGTAAATTCCCTTTTTAAGTTTGGGCGGCGTATATGATCTATGACTTACGATTTGTGCTCGATAAAGACTTACGTACCCGGCAGCAACTTGCAATAATGCGCCTGAGAGTTCATCTAGCGGGCCAATGGCTCGCAGCAATTTCCCTTAGCCCTAGCGAATACCACGACCTCGACATACTGCGGGCCCGTGTGTAGGACTTTACCGCCTGTCGCCGTGGATTAACATAAATAGTTACCCCAGTGAATTAATGTTACCTCAATAATAAAGTAGAGGCAAAGGGCATTCTCAAAATTTGGATAGAACCCTCCCA,1591,49.84,Drosophila melanogaster
SEQ_920181,GTCGGCAGTGAGGTAGGTGGCCCCCGGCTTGAATGAGCTTCCGAAGTTATCCTGACGGCGAGTCTGAGGTTTTACCCGTCTATGCTGGCATTGGGCACCGACCGTTCTGCTGTTTCAGTTACCCAGCGTAGCTTGCTCAGGCTCAGAGCCGACCGAGCTAAAAACTTGTCGGACACTGGGTCGCTCGCAACCGGTGTCTTGGGGGGCAATGGATATGTCACAACGCCCTGGTCTTTTGCATTTACGCCCATGGTAAATAGACTCGTCCTCTAGCGATGTTTGTAAATGCTTAATCTTACTGTTTCAGATTTATAAAACAGGTAATTACCAGACGCATAAAACTCGGTACGGTATGGGCCCTGAACCCGATCTGCCGCTGGCACCTACGTAATTCATATCAGTCGTTTAGCGTGTAGACGAGAGTTAAGGAGACGACGCCCGAAATCCCCACAGGAAGATACGCGCAGAACCACCGAGGACGTATACTAGTACTCCTAGCTTGGCTTAACCCATAGAACGTGGCCGCACCTTCTGCAGTCTCATACTCAGAAATATCTGGCGTTACCAAGTGTGGCATATATATATTGATTCACTACCCATATCCCGACCTCCTAGCACCACTATACGGCCTATGGCCAACGCGCTGAAATAAGGGCCCAGTCTTCTCAGGGGTCTATGTGTCAGGAAGCATGGAGGGTGTTGATCATATGTGCGACTACATTTATCTATCAACCGCAGCACAGTTAGATTCGCGTTCCTATAGGCGGTAAAAGCCCATAGGTTGAGCACAGTGCCGCGTGGCAGGTATAGTAATTCCGCCACGACGCAATGGATCTCTACCGTAGGTGAATCTTCTCCCAGCGGCTCCTTTCCAGAGTTGCGGGGCGCTTAGCTCGTAGTCCTCCCTATGCCAGCTGAGTAAATGTTGAATTTCAATCTTGATATACTAGCGTCGGACCAATAACTTTATCCTGGAGATCCGCGTGTGGCAATCGGACCCTTCGCATTTTGCTCGCCCGTTTAGCACGACTGTCGAAACCGGTATTGGTTCTTACCATCTCCCCGACTTGACTATCGTTTGCTGAGTGTAAACTCGTCTACTTATAATGATTAATCCGCTCCGGGCCTGATCGGGTGCCATGTCGTCTGAGAATTGTTCTTGAAGAGCAGACGTACCCATAGGTCAACTTATATCGATTCACTTCTTAATCGCTATCCAGTTGCACGTGCGTTACCCCGGATAAGGGCGGTCGACCAGCCAAGTATAGGCTAGGGGTAGATAAAGTACGGCTAGCAGGCATAACCATCGAGTTATACGTATCGTACCCGTTCTTGATTCGATAGTTAAGCGTCACAACTCGCCCCGGTCTTAAGAGACATGTAAGTCGGTTCGTTGAGCTAGTCAGGATCACTCTCGCTGCACGCTCCTTTTGTTGCTCCTTTAAGGTGTTCTAGTTAATATCGGATGGTTAATATTTCGACCCACCGTTCAGGCCACCGCAGCCGGACATCGATAGCAGCTCCTTCTAAAGATTCGCTTCGGCAGTGTCTGATAGCGAGGGCTACGTACACCTCCGTCGGACGTGCTACGACTCGTCCAACCACGCTTATTTAAGCCCTGTGGCATGCTCGACAAATCGCTACGGAGAGATATTGAGATTTTTACTGATACGCACAGGTCGACTGTAGCTAAGGATCGTCCTTAGATATAAGGCGTAATTTGTCGCGTGGCCTCCTGTCTAAGACTCGCCCTCGTGATTGATATGTTACAACAACGGTGGCATCGGTGTCACTTGTTCATTCCTCTCGAGCGTGCGACTCTGGATATTAGATCTGACACTCTT,1844,49.95,Drosophila melanogaster
SEQ_455204,ATGGATGACATGAACGCGCTCTCACGGGATAGCACACTCATCACGGATGCTATGTCTCTGGTGTCCTAAAGAGTTTCCGGGTATGACCTTCACGTTAACCAGAGCCCGGCAGCTACACTAGGGGACTGACAAGCCATTCCACCATAAATCGGGCGCGTTGGCTATACTAGGAAATCTCAATGTTATATCAGGCGCAGGTTGGCTATTGGAAGCTGCCGTTGGCCCGTTGGGTGTCGAGCGTATGCACACACGTCGGCACCATCAACACTCTGGGCCACGCCAAATATGTATGATGACATGAATGGATAGTCAAGTTTAGCGTGCCTCACTCTTTGAACCTTTCTTATGCACGGGCTCACTGCGAGCTAGCGCCGCTGAATGATTCCGGTAGAAATTTCACGTTCAGAGAGCCATTGCCTGCACGACCCTTCGCGGACGACTCCCTAGATTGCATGTACTGGTTGGAACAACTTTGATACTTTTAAGGCTTTGAGGGGATACTGCGCGCTAAGTCAAATGCCTAAAGTGTTACCACCTCTCTGCCGTAATCGCGGAGGTCCCACTAATTAGAGCCGGTGTTAGGTGAATACTTGTACGCCTATATAGGGGCGTCCAGAGGATTGCGCATATGCGCAAGGCGATCGACCCTTTATGCGTGTTACTGTGAAGACATGACCGTCGAGTAACCCTGTACCTTAAGTATCCGGACGCTAGGTGCCTAGCGTCGCGTACCTCCCGAACCCAAGAACTCGCGATCAATTCCTTCGGATTGCGTCATTTGCCGGCCCGGCCATCCTCAGGGACTCATGCAACGGCTTAGTCCGTGACTAGCAGTGAGGACATTGGGTTCGCCTCGGGTTCCGCTGAGGATATGTCTCGAAAGCAATCGACCTATGATGCACCCTCAATAGGAGGGCAACTCGCCCATTCGGTTGGGGCGACGCCGTTCAGCCCCAAAGTTTCTTCGTTCCTTATCTCAGGCCCACTCCTCGTCTCCCCTGACACCAATGGCTAGCGAGGACAGAGGGTAATCGATATAGTAGAACAACACAGCCCAACTTCTGGCTCATAACTCTTGACCAGCATCTTTTGCGCCTTACCTCTAACCATATAATACCCTCGGTCTTAGTCCCGAACTACAGTCGACAATCGGGGAAGTCCCATTTCGCTACCAAGGGCCATAGTTGGCCGGGTATGCGGAAACCAGGATAACATTGGGGCCTGAATGGTCCTGAAGGATTAAAACTTAAAGCCACTAATGCAGATGCTCGCATGCCTGTACACATCCACTCAGTCAGCAATGAAGCCGTATGTGGTATCTACGTGAACTTCTGCTTCATATAGGAGGACAGTGGGGAACTGTTTAATGACAACTCTGTCTACATTACTGGATTCATCCCATGCGCACTACGAGCTGCGGACTACCGATTCTTTAGATAGATGTGGCTTTCTTGGCAATCCGCGACCCTTCCGGGCGCCGTGGTTAGCCCCGCGGCCAGGGTCGTGTCAGCTTAGAAATTTTTTACTCCAGTGGGGTAATCAGAGGTACTTCTTCTTGTTG,1561,51.57,Drosophila melanogaster
SEQ_852073,CACCTCATGGCTATCGTCCTAGCAGCTCTCATGAAGCCCTTGAAGGGAACGCTCCTTGAACACCATCCTGTTAGTCATCAAGCGCCAGGCGATCCTCGGTCACTTAACTAGCTGACCGCGCATGGCACCAGGACTGTAAACCCTTCACGATCTACGCCCAGAGCGATAATTTCAACACACTTTACATTGGCGCTGGCGATTCTGGTTCGTTACATCACCAGTGTGGCGTAGGAAGATCTTCGCCTCCGCAGCTACGCACCGCCTTTAGTATAAATTATACGATGCACTGGCAATCGTTGTCAATTGTACACGTATCCTTACGTAGCTCGCAGTGAGGGAACAAGACCGTACACTGAACTATTTAATCTTTACACCAG,377,49.87,Saccharomyces cerevisiae
SEQ_587525,CAGATTTTAACCCGAACCTAGAAAGCCAAGTCTTCCATCTGTGCCTACCAAAGAAATCAAAGCTAGCTGTTCGGTGGGGTTAACCCGACTCATTTTGATCGATTGATCAGTGACCGACTTCTCGTCCTATTACTTCCACGCTTCACGCACCTTCTAGACAAGTATCATAGGAGTCGTAGGGCCCCTTTCTTCTAGGGACCAACGAAGCCAGGTTTCACACTAATATTAACTAAATGGGTCTTAGTCCAGCAGGAAATGGCGAAGTCTCTAGGCTGATAAACCAAGGGAGCTGCACAGAATCGGGTGTTCCAAGATGAATGAGACACTCACCGACCCAGGCCCCAAACGTCGTTCCTGTGACCCACGGACTGGCGTAGACCCAGGCGCCATAGCTGTATCGATAGTAAGGGGTCATGCTTCCTTTCGTCCCTCGCTTAAATAAGTTAAAAACTAGTTCGTGAGCCAGAGTCAACTTACATAGTGACAGGGCTTCATTTCTCCACACCATTTGATGCCAAGCCTGAGCTAGCTCCTTCGAATTAATGGGGGTAACGGAGCAATGTTCCCAGTAGCGCAGCTTGACGAAACCACAGAGTCTGCCTAGTTGCGGTACAACCGACATATCCTAATCGAGGGCTGGTTCATAGGTGTCATTTTTGCTGGCGCGTTTGTAAAGATGT,680,48.53,Homo sapiens
SEQ_854386,GAAGTGCTTTCCATCCAGGTAAGGCTCCATGCTGTCTCTGGCCGTGCCCTTTGTCAACAGTTAAGAGACTTATGCCTGGTTAGGTCGGTCGAATGCACTGTTCGAAGCGTATCAACTTTCTTGACGAGGGCAGAGCTCCATAAAGGGCCTACCGATACAGTCTGCTTCAGGCGCTGGCTACCCGCCACAGCCCTCGGTTCATCCCTCATACCTCAGATGTAGTTTTATATCGGGCGGCCGAAAGGTTGTGTTGATTGAAACATTTCTCAGTGAGTGATCAGGCACCTCAGTAGCCTACTCAAGCGAGTTATAAACACATGTCGTCACCAAGTCGCTGTAAGGTCCAGGATGGGAAGAGGGGAATAATGCAATCTATGGAAAAGTATCCCCCTCCGGGAAGAGGTGACATGAGTAACTACGTGGATCCTCGTCGTGTTCAAGCCACACGAGTCCTTATTCCTGCGTACTTGTAGCCGAGCCCTTGATCTACTCTCATCAGGCGATTCGATCGCTCCGGTATGCGCGCTGTCAGGATCATGATGCTGGAACTAAGGCTTAATTCCTTCAATTCCGGGCCCAATGTCTGTATCCCACATTCTGGACTGCTTCGACCCAATCAGAAGAGAAGCGCCTGGATTTTATGAGCATACTTCCTCCTACTTTATCGAGAGTCGTAACGTCACGCCCACGCCATCCAACGCCTGTTC,707,50.92,Arabidopsis thaliana
SEQ_235556,GCATTTCCAGAGCTCAAGTCGGTGCACCTGGGCGTCGCCGAGACTTCTTGCCTATGCAGCTACAGACGCGGTGATTCCAGACTCTACCATGCGAGTTGTTGCTTGAAGTAGTATCCGCTGAAAAAATTTGGTGGGCCTATGTTCATACATGGTAAATCGGATCTAAGATGATTGCAGAACCCAAGCCCCGCCGACGGTAAGCTCAATAGGGCCGTCGTACTTTCGGCGCGACCCCGAACTGCATCCTGGTCGGCGCTCGACCTACCCCACGAATAATGCAATCCCTGTGTCTGTCCACTTAGATACAGCACAGTCTTCCTCAACGACTTGAACCTCCCCCCCTTGCTGGATTGAACGCGTTCCACGGTTGATCGCGTAGAATACGCGCGGAAAGCAGCCGAGATCTCGCCCGTCGTTTAACTTTTGACCCGCAGGGACGCAACGTACAGGACCCCCTATCCTTTGGCAAACTTCACCTTACCGCGGGTGGAGGTTCAAAAGGGGACCCCGGGTAGAGGATGCGTTAGCGAGT,532,54.89,Saccharomyces cerevisiae
SEQ_468711,TAGTTCCCTCATTTCCCTACTGCGCTCTCCATCGAATCTAGTTAATTCCTGATAAGCTACCGGTATATTGGGGCCCTGATAGAGGACATACTTTGCGCAAGACGAGTAAGCATATCGTCATGGTACTAGCGTGCGAGCTTTGTTTCTGCAAGTTGTTAGGAGGTAAGGATTTCTTGGCGAATGAGTCAGAAAGTAGTAAAACACAAAGACACCCTCTCCTTGGGCCATCAACTGACTAAATCTGGTTAATATGATATGTTGGTTGTGAGGCCTCAAGCCAATATAAGACGCCTCAGGCATGAAGTATCTTGACACACTTACTGGTTTCGGCAAAGCTTATAGGATGTTAAGAACCCGCCTGACTACCCTGTTCGCTGATCGGGTACCCTACTGTCCATCATGTTGACTGCTTAATCAGTCTCCTATTGCACAACCTCAAGCCGAGCAGTACACGAAATTCAGGCCTTCAGGCAAATAGAATTCTGTCGCAGCATAGCTCAATCTTGAGCAAACCACCACTTCACATCTGTTTCGAACACGCACAGCGCACGCAGTAATACGGGCACACGTCAGAACGCTGTGAGTGACTTTCGCCACCAATGAAAACGTGCCAATACGAGCGTTGCGTGGATAAAGTACTTTTCTCGGGCGTCTGTAAACACGGGCGCTGGGGACCTGCCCCCTGTGTCAGCGTCATTAAACATGCACAACCTACTCATGTCTAAATTATCCACAGGGAGGCATGCCTGAACATCACTTCCAGCTACCTGTGCAGACTCCTCAAAAGGGCTTGCTACGGTCTCACTATACGAGCCAACTATTGTTGGATAGTAGTCCTGAAGAACATCCCCGTTTCTACAAATCTCTTTTCCGGCGGCCCTCGGCGACCAGTTACGCGTAACAAGCACTCTCTTCTTTCTTATGCCTGCCTCAGCACGCCATAAACAATT,950,47.89,Drosophila melanogaster
SEQ_155999,TTATTTCATTCAATATGGCGAAGGAGTCTTACAGTTTTATTGGTGGTTAGAGTTTTATCATGTGCATCGCTTTGTGCTCCGATCAGCACATTGATTGCCAGTTTTCTGGTGGGAGCCGGAGCGTCCTGCACTATGTGAATCATTTGATATCCTAATACAACAGCTGGGCACGTGAGAGACAGACTGCTTAAAAGTTGTCTATGTCACGCCCCCCTATGTATTGACAGAATCCGCTCGCACAGGAGGGACTCATCAGATGGCTGGTAGAATTACGACGTGCGTTGCCCGCTCGATGTATCCTCCGATGACGAGCGCTACATTTGCCTGTAAGGTGGCAATTTCTTAAAGCATCACTAGGCAGTGGGCTGTAGGCCTGCTGGGCCGTGGTCCGTAGGCTATAGCGTTCGCAGGTATGACCTCCTCCGCAATGTTGCTTCTCTAGAATTACACGCCAATCATTACTCGTACCTAGTTAGAGCGTGTAAGTCTACAGTATGTTTGGGTTAGCAAGGCTACGCAAATCTCCTCAACATTTCCATCAGTCCCTACAGCCTAGTGACTCTAACGTTTGTTTCACAAGCTCAACATGAACTTATGACGTCTGCCAACGGATCCACCTCCCCCGATAGTTCCTAGAGCTGAACTGGCGCAACTCTGGCTCCATTGGGTTCTTCCGCGGAAGTCAATGACGCCACGGCGTCAGACGGACTCATACGGAAACTAAGTTATCACTATATTTGCACGTTTCTTTTGAATACGAAAAACAACAAGGGCTTGTTTAAATCCACACAGTTATTGTTTGGCTCCGACAGAGACAATGTAGCTCGTCAATCTCAGCGCGACCCGACTTGGGTGGACATTGGTAAGCTGAGTATAGGCAGTCATTTTTGCTCCAATTTATTCGTCCGTACCGGGACACTTACGTTCGTCAACAGGCCCAATGTAAGGAGCGAGTAGAACCCGTAACGAAATGGCAGTATTAATGTCGTAGTATAGTATTCATTGCCCCTAGACGCTTTTCACGGAAAACATCGGTTCTCTCCAACCAATGCGCTTAGCAACGTATTAAGGTTAAGTTCGGCGTCACATCCAGGGCAGGCGTAACCCGCGGTACTTGGGCGTTCTCCTCTATTAAAAAACAGAAACTGGGTTAATTAGAAACGAGCTGCAGCGGTTGTACCCACTGGAAAACGAGCGGTCGCGGTCATGGATAAGTGCCCCAAACCCAGCTTACAGAACAATTCTAGTAGCATCTCTGGTCCGAGTAGACATGTTGTACTCACATGTGACTGTTCAATCCGGGTGCGTACTTTTGCACAGACCTTCAAACGCCCCGTAGCCGTAACCCAGTGCAGGTAGGCTTCCTATAGAGCAGGAGTCAAGATAGTGCGGAAAATTTGTAGGTATCTTGCGTCAGTAGTGGTCAATGTAGCCTGGGGGTTGCGCCAGTGCCAATGTATCCTAGTGGGCCGCATGGACTAGGTCAACAGCTTCATGGGCAGTTGCCAGTACGAGAAAACCTGTGATCATCAGGGCAATACTTGGGCCAAAACGCAATGACGACTTGATCCACGATTCCTACTGAGTTATTAAAGTCTGTATGAGAACCACCTCAATCAAAACTTTTTCACTGATGCCCCTCGGCTGGAGATGGCTGTTCATGTGTAATCCCATGTCGTCAGCCAATACTGAGCCTCCCACCTTAGTTCGCAATGAGTACGAGTTAGGGGCGTATCTCGCAGTGTCCATGGACCAAAGTGATTCTGGTCGCAAATATGATACCCAATCAACTGTGC,1796,48.27,Saccharomyces cerevisiae
SEQ_394564,CAGGCGCATAGTGTCAATAAATTAGTAATACCGGGAGGAGCGTCCTGAAGCCGTTCAAGTTCTAAAACAGTGTTACTGCACCCCGCGTTTTGTCTCTCTGGAGAGCCGGAATATTTGTAAACAATTAGGACTACAGGTTGAGAGGCGACACTCTTCAAGGCTCTCACGGCCCACAAGCTAAACAGGCGCATGGTGTTAACTCATAAATGAGAGTCACAGAAGGGAGATATATCGGACCCGCGGCCAACGAAGTTAGCCAGGACACCTGTACTACAAGATCTTTCCATCGCCTACTCATAAAACGTGATGCCCGAAAGTTACTTCAGACAGGACCATACAAATAACACCCCTGGCCTATGGCGGTGTTAGATTTTATCCCGCGGCCATTAGGGCGAAAGGCCGCTCAATTCGACGTCGACAGGCTCAAACGCTGCGACTCCCTAGTTA,447,49.44,Arabidopsis thaliana
SEQ_423397,ACCTGTCGCGGCCGGTCGCAGTTTCTAAACTGGTTGCCTCTCGGGGTGGTGGCGACGAGGCTATGGCGGCCTGTCTAGGGCATTTTTCATTCCTATGGGTCACCACAACGAAGATAACCCCAGGCCCCACCGCGGAGGGATCACGACTAAGTAGCCCGATGTCCGCGTCATTTATCTCCCCGACCACTCCCCCTTGCCGATAATGTACCCTATGTGGGACACCGTCAAAACATGTCCATTAGAGCTCCTATTGTTACATGGGCTCGGTATTGTTAGGTCTTAACCGTCCAGCGCTCCCAGCCCACGCAGGTTCAGGCAACTACCATTTATTGCTCGCCTTAATCCGGTATACACGTGGCATATAATTATAGCCTAAGAGTAGTTGCGCTACCCCCATGCCGCCGCCGGAACTTTTTACATGCACCCCCACAGCGTCTAGAGCGAAGTGGATGTTACTTTCGCAATAAGTTACATATCGGAAAAATTAAGCCCTCACCGCGAACTTGTAGATCGAAACGATGAAAAACAGACTCTCCACAGTAATCCTGCCATTATACCAAGTCTAGGGCCGGCCGGGAAACTATGTGGCGATTGATATATCTCCGTGCCTGTGCAAAGGACAATTTGTAACTGATTTCATCCTTCGACGCTTTGGCGCACTGTTCCAATTTTGGATGTTAAATTCAAGGAGTCCCATGGATCCGTTGAAATACTTTGCGTTATGGAAACTAGCTAACTCCTAGCGTCGCGAACCAATGACTCCCCTTTCGTCTCCGCATGCCCTTGAGACCTCGCCGCCGGACAATTCCTGGCAAGATTCTGATACCTGTCATGAGGTTGTCTCAGACTGGACAGTTTATCTCTTGCCGTACGCAAGGCGGAGTCCGCATTATTCGACCCTTGTCGCTCCCATCCAGCGTTATTACCCGCCTGATCTCC,939,51.22,Mus musculus
SEQ_654437,AGTTGGGCCTAGTCCTTGCCCCAGGCGCCTTTGTGTAGACCTGTGCGCTATCAACAAAAGTAATTAGCCGCTTTTTAGGCCAACGGAAAAGATTGACGATTGGAGACTTCGTACCTAAGTGTGAATCCAACGAGGACTATGGTCTGTAGCACCAAGTATCGAATCCCATATCAGGCAGTGTAGTAGATTCATGTACGAAGTATCTCCCGATCAGTTGTGAGCCACCCGTCGAAATTCCAAAGGTCATCATCAGCACGACTGACTGGCTTCCGGCCTCGAGTACAGGTACGAAAAGGCACGACGCTTGCAAGGGGGTCCGGGTCGGTGTAACTTACGAATAAAACAATAACTGAGGGTAAGATGCTGGGTATCCTATCGCCGAAAACGGTTTTAAGGCTTCTTTGCAGATGAACGATTTGTTTTCGTTGGGGAGTGTGGTAAGAACTTGATTAGCGCTTGATATTATCTCGGAGTCAAACAGATAATATTTAGTAAGACCACGCTAGCTCCTGTCGATGGCTAGGTGGAATTTTTAGTGTAATTCTTAGGCTAGTGTGTGGGTAGCTGGTGCTAGCCGGACAGACCTGTCTCACCATCGTTCTGGCTTGCAATATCCCGCATATGCGCCATAGTAACGTGCCCCAGCCGACACAAATCTTACCGGACGATTACGGTCAACTAGATCGTACCGGACTTACAAGCGTAAAGCTTCAATCCTCAATCAATCTCTAGGTCCGCGGCTGGTGGCAATGATTCATCGAAGCCCCCAATCGGCCAACGCCAAGCAGCGGCGCCTAAGAACTGTTACCCTACGTGTACGACTTACATCGCATCCCCCACACAGATCCTGTACACATTTTTGGGTAATATATATACACTCACTTGAGGTCACTGGACGTACCGCTTCGTGCTCGGGGGGTAACAAATCCGGCTGTGCCTGACACGTGCACAACTGGAGCCAATTATTCCCTAAGTCGCAAGGCGCATATTCCATTACATACCACGCATGTCCATCGTGGTCGATACACAGGGCCGTTCCCTCGTCTTGTGGATGGTGTCTTTGACTGCTTGAATCCACCAGGTTTTTTGCCGCAGCATGAAGGACACTTATGAGCTACGTTCCGAGGAAACGTGCCAGACTGGAGACTTAGTACGTGTTATTAGGTGGGGGCATATGAAGAGTCTGATGATGTTCATATCTCGCGTTCCGACGACCTAAGACGCTGAAACATAATGTGCGAGAGCTTCTTGACCTCTCTCCAAGAGGCCGATCCTTAAGAGGAGTCTGGATTGCATTGTTCTAGTTAAGTACGAAAGTTAACGACTCGATGGATTTGCGTCTTATATACTTGGGCTTTCCTAATTTCGACCTAGAGGAGTCCACGGTTCAAACCGTCTTGCGTATGGGTCGACGTTCCTATCGCCCAAGAGAGAGTCATGTGCCGAAGTTCGGAGGCTAAAAAAATAGCGTCTAACAGGTTGAAGTACGTCGTAAGAGGGTCTGAGTATCATTTGGATTCGTAGAAAAGCCATCGGGTGTCGTCAGAGGCCTAAAGGAATGGTGTCTAGCTCAGAACTGAGTGTGGAGGTTGCTGGAGATGCGGACACCTACTAACACCAGTCCTTGCTTACGCCCATGATATCAGGTCGGAAGTCATTGAAAGCTAAGCTACATGCTTGCTCATACTTTTTGGACGTGGTCCAACAAAGCAGGACTCGTGTTGACTGGCCGCACATATTGATAGTTAGTGTTGCGCTTTAGTGCTTCAGGTACCGAGATTGTCGCAGTCGGCACCGTTGTAGGCTCTGTGCGGTAGTTGTGACTGGTTCGCTGGATGTTTAGCGGAGGTTGGGCGTGCAGATTGAGCATGTGCGTGCCTGCGTTACATCGATTAACCGTGCTTATAATCCATCCGTGTGCTTCACC,1927,49.04,Arabidopsis thaliana
SEQ_322553,TCTCGTCATACCCTCCATCTGTGCCCCTAGATTCAAGACTGACGGCATTACGTTAGCACGCAGGTCGAGCGCCTCATCCCAAAATTCGTAAGCAGAACAAACAGGCTGCGTCCTAATCGTCGCTAGACTGACCAGGATTGCCAATGGGTAAAGATAACCCATACCTACGCCCCGTGGTACGTCGGTCATCCTCCTTGTAGAATCGGCCGGCAGTGGCAGGCGGCGGATTGGCAACAACTCACCACTCAACCCAGAATTGCTAAGGGTCGTATAAGACTACGCCGCGAGGGACAATTCTTACCCGCCCCGTAAATAACGTGTCTCTTCGGGGGCTTTCGTCACCGTGGACTCGGAGGTCGCTGGGTTCTGATTCTTGCGGGTGCCCTGATCCATCAAACGAACTCCATTTGACGTCTGAATTACAGTCCGAGCACGTCAAAGTGCGTTTATTTTAACCTTAAAGCAAGGAACATGCGATATTTTGGCCCACCATACTCTGCACATAAGCCATCAACACCAAATACGTTTCGCCGTCGGCCCGGCCTGTCTAACAATGTATTTAGCCAGGTCATGATCGCTTGCAGCTACTTGCTGCTTCACCGGCCAAGCGTCGAATATCGTACGGCCGAAACCAATTGCTTTGTTTACACCCCATGACGGCATAGTTTAGGCAAACCTCTGAGCTCAACCATTGGGTCCCGGGGCCGAAAAGTTAAAGTGCATTAGGTAAAGGCAATCCATGTGCCCAATTTGTGAGCAGTGCGTAGGCAAAGATCACGTAATTATTACCCACGCCTGGACCTTGAGCATCTGCTATACAAGTTTGGGAAGCCCTCGATTCATGTTGGGGGGCGTAGATGATGTCCGTCGTGTGGTACATACGCATCCCGATCCGCTCGAGCACTTGATGGCTTGAGAGCAGGGTAATCGCGTGGCCCCAACCTATTATCTAGGCCAGGTCTTGAGTCCGCCCATAATCTCCACGAATGGTGGCTGTTCCTGACATACATTCGGTGAATATGACAAGCCTGCCAAATTCCTGTAGTTTTACACTAACATGGTTACATTCGATCTAAAAACAGAGTGCTTTGCAAAGAAGCACACGACCATAGAAAGTGACCGGAACCTACAACGTTAGTAAAAGGCTTTCGAACAAGCTTTTATTACAACCTTTGTGCTAACGGCGCACCCAGCGAAGTTTTCTCGGTGTCGCACGTTGTCAGCCTCGTTTCGGACAAACGGAGTTGGGGGGAAGGGTAGTGATAACAATTCCTTAGGCTAGCCTTTCGGCTTAGCAGCTTATCGAGGTGATTGCTTGTTTCATCACAGCTTGGCACCAAGAACGTAACGTTACCCTTACCAGGTCGAGCGGTGCTTCTCAGGATGAACCCCTCTTGAAGCGGACGGGGTTACGGCTCCCCGTGGCACTCTG,1432,50.91,Drosophila melanogaster
SEQ_807978,CTCATAAGTCAAACATTAACGGGCAACTTGAACTCCGGGTATAACAAGGGACCAGTGCCCTAAAGGTCCTCTCTTCGCCAACGATCCACCATTATAGATATCGATACTCCCTATCGTGCACTAAAAGGCTATTTATAGGGTTGACTGTAGCTTTCACGTTTGTGACATGAGCGTATTAAGGCATAGAACCCCAGATGCTAACCAATGTATGTACCCATTATAAAGCGGCTTGAACTAAGGAGCTCGTGGGCGCGCGTTGCTATATTATACTTGTGAAGCTAGATCCGCTTTCAAGAGATGACCACAATGTAAGAGTTATTGTCTAGTTCGACTAAGGTCGGGCCTGCATGATTTATCCGTTTATCTGGCATAGTTTATTCGGTCACGCCTCTTTGTATAACCGTTGGACCTTTGATCTGGACATCTTTGCTACTATCCGGGAATGGTACAATGTCTCGTCGATAGTAGAGTTTACAAGTACTGGTAGCCAACAGACATCGCGCATTGACGATGGATGCCCAAAGCCTAGAAGAACAGTGGAGTGGTAGGATTATCAGAGCGCCACGATGTGGTTCCATAAGGCCGTTACTACCCACAGATAGCTTGTTCTCACTAAGGTTTACGAAGGCCGGTTTGATAGCATATAAAACAGTAATTCGGTGCAGGAAAGCACTTCCGGCTACTTTGTGCACGCGCCGTAGCCTATATCTAGTCCATTGGCTCGGTTAGGTCGCGTAAATCGCAGGTTTCTTTGGCTACTAGTGACCTCTATTCACAGGCCAGGACTGGTACTATGTTTCTTCATCGATGAACCTTTCTATAGCCGCCACGTCGGCCTTACATATAATTGATGACTTGGCATCGGGTTATTCGGACGTTCCTGGGCAAAATCGACTAGAGACCTCTTTCCAACCCTATCCATACGCCGGAGTCTCTCCGGAAACGTCTAACCGATCGTGTTCCGGGTTCGGGTCCGCTAGCTAGGCTAGCGTCTCCAAGTTGGCACAATCGGTAAGTCTTCCAACATCGTGAATCCCGAGTGTCTGTCGCCCCTAGGGCGTGTAGTTGATATGGTGGCCGGACACTACCGGGGAATACAGTACTCTCCTTAATGTGGTAGAAGTTTCATATGGGGTCCTAGTATAAACTCGGGCTACCGCAACGTACGCTCATGCAAGTGGCACAAATAGCTACAGACAGCCCAAAAAAGGAACGTTCTGCATACAAGGTAGAAAATGCTGATGGCATCCTACTTTGACAAGAAATAACACCCAACAAATGCCCTGCAATCAATGATGTGCGTGGGCATAGCCCCCAAGAAGGACTCTCCGTAGTGCTGACGCCATGTCCCAGTAGACAGTAAGTCATTGATGGTGACTTGCACTCTAACACTACTGTGAAGGGTTCTACGCTATATCTGATCTGACTTTGCCAAGCCCGGACTTATATCGTTTGGAATCTCGGTAGAGCATTTGGAGTGACGTCTCCCGCGAGAAGTGACATGACACTCTGGCTTGATCACTAGAGATGTAATGTGAAACACGAATTTCTCAAGGACGCACGAGGTCGCACCGGCATTTATCGCCATGGCACATATTCGATCATTCCGCGGTGAGCTCAAATGGATCCATAAGACAGACTCTTTTCTCTGCCATCTCCATGAAAATTGTGGAGATCAAATAATGTCCAGAAGGTACAGAGAACAGATTACGTTACGCGCCACCTAGCCGGCAGCTGTCATGGTACGATGCCGG,1754,47.66,Caenorhabditis elegans
SEQ_970498,AAAATTTTCAGATTTGCATCAGCAAAGCCGATTGTACCATCATGACTGAGGTAAAGGTAACCCTGCTCCGAATATTTCCTCTATTTAGTGAATCCACCTGCCGGGAAATCCTCGAGCACTTAATGGTGAGTACCGCTCCTACGGTAGTCACTTGAGTCGGTCTTCTTCATTCCTGTGCACCGGTACAGGGAGAATGACACAAAATTTCCAAACTTACCATTTCCAGCCGCACACTTTACTACCTAGACCGAGTGTGGGGCGCGAACTGACGGCTACTCACTATGACGAGAGAGGTGCAGGCAGGCGTTAGCGTTGTCGACGATGATGATCACTGGATTTACCGCGAGGCCCAATGTCAGTGTGTCACGCCTGGCACTGAGGCGGGCCAAGAGTAGTTTATACGCGCTGAAGACGTGGGTCCACAACCTCCGCAGATCACAACAATTCATTGCACACTATACGACATGGGGAACAAAAATACCACCCTCTGGAGGTTTGGTCCGAAATCTTAGGGTTTGGCTCGCCTGCCTGATTTCTTAGACATTCTTGATGTCAACGAACTAGGGTAAAGACGGCCCTTCTCCATCCAGTCACACACGAATTTGCACAAAACACGGTCATTCCGAGCCCTAGACCCTATAGTGACAGTGGCCCTACCTATGTGCCCTGTCGTGAGAAACCACTGTTGCGCGCTCGAAATTTGCCGATGCCAGTAATCATCGTCTGCCAGAAAGTGGCATCCAGCCCCTGTGCCGCGCTCATTTAACCTGCTAGGTTGCCTACGCTATCGGACTAGGCCCCGGAAGCGTTCTTCGACATCTAGAAAAGTTCTCGACAAGCCTAAGGTCTTTAATTAGCTGACGGGTACCGGTTCGGGAACCCAGTAGACAAAGTGTCGCTATCACCCTCCCCCCTATTCTTGTATGACGAGCTTGGCTTCTCGTGGCTAAGTGCGTTGAGAAGCCTGAGAGCGAGATTTACGGGCATTGGTAATAGAGGTAAGGTGCACGGACGCGCTGGCGACCCCGTTGATAAGGTTCCCACTCGGCTGCCCGCATATGATTTGAGATGTTGTGACGGTAGTGGCAAAGCGCTGCATGTAACGTTACCAGGCATCTGATGAAGGTTGAAACTCAGAACACAGTTTACTTAGAGTTTCCACGAAAAGCGAAATGCATACACGGACGGAGGGTCAAGCTTGCGTGGCCTGACGCTAGAGTAGTCGCATGCCGTACCCAATCGCTGGGTCATGGGTCTCGAGTGCCACAAGAATTTAAAACCCATTTGACGTGACCTGCTTAGAGGTGCTGTTGGATAAGAACGCCTAACTCGGGCGTGGCGTGCCGGTTCACACGCGCGAAGTGTGTAGGGGCTGAGGCCTCGTTACGTGATTGGTTGTTCTTCGCATTCTAGGGTTTACGCCAGTTGATCTTACGTTAGCCAGTACCGCCCACTGCATCTGAGCAGCATACCCCAGTACCTCCATTAACAATCTTCCGGAAAAGCACCTACTGGCGAAGTATCGTTTGTATCTTGGATGTAGCAAAACCTAGGGCCAGTAGAGTCGTAAATCGCGCCTCGGCTCGATCCTGACCGGAGCGGTGTAATGAGGGATCGTGTCAAATTCTTTCGACTCCTCAATGGCGGAATCGACTCGTCTCGGAAACTCAGATAGTCTTCACATACTCGCAGAGATTGTAGTGATTAGAATA,1712,50.99,Mus musculus
SEQ_831559,CTGAAGTAGGGTGGGCCGCATTCGCCTGGTAAACCCTAGTCGGCCAGCCACGTGGCGCCGCCGAAAAATAGTACCCCAGATCTGTGGACGCCCACATGAACTCCAATTGCAAACGCCCTTTTCAAAGCCCACCTTCATGTGCCGTGCACCCGGGCGTTGCGACCTGCGCGGTGCTTGTCCCAACCCCTCCCGTAGGTCTATTATCAGTCAGATGAGTGCGCTACAATAAACCGAAATCGCTCTAGCCGTCGCGTATGATTGGGATATCGAATAGAGTGCGGGCTCTGCGCCGGCCATGGGCCTATGGACCCACGGCCAGTTGTGGGCGATCTAAAGTGGATTCCAGGAACAGAAAAGGCTAGTTTTCGGAAGACGGGTCTACTACGAGCCGCGATAGTATGTACCTATGGTACGCATAACTCCAGAACATGGTGCTATATGCACGTGTCCTAAGCGTCCCTTGTCGTTATAAACGGCTTTTAGTAAGAATCTGCTCGAGCGGCGGAGGGTCGTCGTGTTCGGCCCCGTGCCTCGGATGAAAGCGGGTTCTTCTTCGTTGGAACAAGTGCTGGATGCTTCTTGAGCATGTGAAAATGGATCATAGCGATCCCAAGTATTCGCCCACATTGTCACTACGGGCCGGCTTCGCCGACTGAAGAACCTCAGCCGCCATCAGCAGACAGCCATGAATTACGTCCGTTCGCTACGTACACCACTAGGGTGTGTCGGCGCGTGCTTGTACACATCTTCCCAGTAGTGAGGACTGTGATAGTCTATTTGGATAGCCCCCCAGCATCCGATGTGTCTACACAGTTTCAACCGCACCTACAAAGCTCGTAGACAGGCTTGAATAACAAAACCAACCGAACTTGGGCCACCTTTAGGGATTCAATCATGGCATCAAATGCGGCCGCCGCATTCGGCTGGATATTTC,934,53.85,Escherichia coli
SEQ_994893,ATATCGTTCTTCCTAAGCCAGTCACAGCACCAATTGGTCCGTCTCATCTAGTACTGAGGGGGGCGTGGAGCGCTTTTCGGGGGTTAGCCAACCCCCCGCGGGGGACGCGGGGAAGACCTAGGGGGAGGCATCTTAGATGTGATATTTGGCAGTAAAAGCCTTCTATTTACACCTTTGTGTACGGCCCGGGGAGTCTCCTATGGATAGCA,209,55.02,Homo sapiens
SEQ_841170,CACGCAAGGCGAACGCAGTTCTCCACTAGAAGAAGTGGGGGTAGGTGAGGGGAATTCGTAGACGTACTTGTATGGCGTCTCGAGGAGCACAACATCGGTGAATGGTGTCTCACTTCATAAAATGTAATATAACAGCATATCTACTGGCCGATGGGGTGCCCCCGGAATGTCACGGAGTTGTCTTAGCGTCTACGTCGGAAGGGTTTAGAGTCGCAATCCAATATGAAGTACGATACCGACCGTATCCTACGGTATGGGGCTTGCAAGGCAGTACCCGGACTGACAACCTTCAAGGTCTGTAATTAGACGATACTACATGAGACAGCTCGACCCACGCTCCACATTACAATACGTCTCCAGACAATTGGAACACGCTTGATGCCACGCCCGCCTTGACTGGACTCAAAAAACCGTCGGTCCTTTAGCACCTCCTTACTGTACCAGACACCCTGACGACTATTGTAGAAAACTAGCACGTGGAAGCGTCCCTAAGGAGAGGCTAGTTTTTGGCATTAGTTACTGGCCGGTCAATCAACGCGATCCTTCAGTAGCTCGCGGTGAACTGTTTAACGTTATGTATGGAGGTTTGGGCCTGCGAACCAACACTTGCGTGTTACATTAAGACAAGTGGGCTATCCCTTACAGTAAACATCGGCTGCGACAGTATAACTCCTAGCCTCGAAACCAGAGTAAATGGCGGGGCCCTCTATCTATGCTAAGTTTCCGACAGATCTTACCCCTGAGTACCAGGCAAACGCCATGGCGACTCGGAAGCTCCGACTCCTTCTATACAGTCGTGAATCTTATGGCTCCAAGAAGGTTACTGGTGTGCGGTTTGAACCTTTGGCCGACCTTCACACAGCATCGGCCCCTGTACGACGTGTCATCCGTCGATACACTCATCGATCGATATTAGCATCAATCAATTCTTTTCCCGCCCACTTCCTCACTAGACACGGATGCTCGGAAGTGATCTATTTTCGAGATAAACCATCCGGAGGTGGGAAGATTTGACGTGCCTAGGCGGGGTCTCCACACGTCTTACTACTCTAAGCGCGTAGTGCCGGTGAGGTTAGCGGTTAAAGATGGACAACAACGTTGCGAGTAGGTAAATCGTCGGCGTACTGTACTCCTGGAGTTGATCGCATTTTTTTTGCGCCCTTCCAAGTCATTCACACTCCCAATCCAGTGTGATCCTATGGTCCAAAGATTCGAACGCGGTGTAATCACTAGAAGGGACAGTTGCTATAAAATCAATG,1259,49.72,Arabidopsis thaliana
SEQ_461746,GCGGTAGAATGACCAGAAGTAGCTCTTTCGGATGCTGCCGAGTGTGTTGACAGTAAGAGCCTGCCCTCTGCTCCATCCAAAAGTAGCTCGCGGAACCCGCGCTCCTAATGAAGTTTACTTCGCCGCATATTGGCGACTCACCAGAATCATTGAGGAACCAAGGGGTAGGGCCGAACGTCGCGCTAAGAGTGGGAAGCATGTGAAAACGGAAATCGCCCGAAACCCCTCACCCTGGACGCAATTTCATAATCTTCTGACTTGACCCTCCCACGGTCTACGTGATACATTCGAAATGAGGAGGCGGCATTGTCTAAGCCCTTGCACGGAATCTTTTAATTCTGCTTATTATCCAGGGCCCAGCTTGAGTTGAACCGGATAACGGCTACGTTAGTGGAAATCACCTTCCACAAATCTAGACATGACGCGTAGGCTCATCGCCGCCTTATCGATTTTCTAGAACCAAAAATCGGGTCGGCCATTGATCATACCTCAAGAGCTGGTTACCTTAGCTCCAAATTTACATGGTCTAGTAACAACGATGAAATCGAGATGAGCTGTGCATTGGTTAGACATACATCGCATGACGTGAGGCACGGGGTTCCTATCCTAGGGTATGACAAGACGAACATGGTTAGACACAGATGGGGGGAGGCATAAGACGAGCTATGCAGCAACACCTGCTAGGTTTAATCCCTCTCTATTCATTCATACGAGCAGTTCAATTGAAGCTACTCTGTGTTGCGAGGTAACAACTAAAAGTAAAGCAACCCCGCGCAGGTCGAGGAGATCCCTACACACCCCCGCAAAATCTAAAAAAGACGGAGGACTACTATCGTCCGATTATAGGCGACTGGCTTCACGGGGGCCGACGCTCAGCTTTATACGGTGCGGAGTCGACACAGGGTGCGATCCGTTCATGGTGTAGACAGCAGTTTGGCGTACAGTCCTAACAGAGTAAAACAGGCGCCTTTCGACGTCTTTAGTAAAGTCTTTTAGTCACTTATAACGGGAAGCGTCACACCCCCTTGGGAGCGGATCCTGATGGTAAAGCCGCTCGCAAGACCAAAAATCGGTCCTAGTCCCACATCCTCTTCCTAGCCAAGCGGTATCACCAGGCAGAGCTACGATAGTGACCTGTACAGATAAGGGCCGCGGCGGGCAAGTGGGATGGAACTAAGCGTGCAGCGGGTTGAAAACTCACTTTCAAACACGCGACCCGTCTCCTCACCTTAATTAGTGCCATTAGGGTCTGTCAGTTTGGTTATAGAAAACGCGTACTATCAAAAAATATAGGTATGCTATGCAGCTTATCTCCCCTACCGTGCCGAGGGCGGAATCTGATCGGCGGGCGCGACTGCGGAATTAGGTAAAACTCTCATGGTTCCTGCCAGACATTCCCTGCGTCCGTGATATTGTTAGAAAGGCTCTACATCTGGCTGGATGTCCGGAAGCTGGGGCGAGCCTCGAGCCCTGAACGCGCGGGAACAGTGTAAAGCAATGTAATACATAAAACCTAGAACAGTATTGGTACA,1532,50.33,Mus musculus
SEQ_522029,CAAGGTTATAAGTGCGGCCCACAATGGCGCGAATATCCAGGGGCGTGGCAGGGCTCGGTCGCCGTTCTGGAGCTTTGACTCCCACGTGCAATCTGGGAAGTTAGTCTGTACCCAAGTTGGCAGGCAACTGGTGGACCATCAGAAAGTGAAGGTAGAACCAGGATATAAATATTACCATTAGCGTTAAGTCCTCATCACCCGCTAGGGCCAATGCTCTCTCTACTCGTTATACCTGGTCGGGTGAACCGATTGGTTAGCCCTCTCGGACAATCGTCGGGGTACCTCAGTAGAACCGCCTTATTCCCCCATGAACAGCTATTGCTAACCGGAGGGGTTGCCGCCAAGACCGGTAAATTCTCGCTTACTAACAGACGCGAGTGCCTGCGGCTGGTATAATGCTGTCATCTCAGGAAAAGAAAAAGCTAGACGACCAGATCATCACGTACTCCAGCCGGGAATCACAGTGGTATTCCTCAACTGGAGGAGAAGAGCGCCGTAGAACTCAATCCGCATAATTGTGTAATTGCTATAACGCCTGTGATGGGAAGATAAGCTTCTCGCAGGTCCCGGAACCGCCAGTATTTTAGTCATCCGTCGGGTCCCGAGAGCCTATCGATCCGCAGCCCAAACCAAGTTACCTTACGGGCTCTTTTATGCGTTGCACATCAGATTCTCCGCCCCGGTTTAAACTGACGCGTGATGCGATTTTCACCACGCGAGCAGGCTAAGGTTTTGACGCCGAGTTGTGCATAGTAAGGACCCGTGCGTGCGATGTTGGGTGGTAATAAAGCCGCTTATCATCTGACTACATTTCGGTTTGCGTAAACATGCATGCAGTTTGGGGATGCTGAAGGGCCTGAGCTGCCTAGTTACTTCATTGCGGAAAGCACATCGTCCCCGGATGGAAGGTAGCCTGATAGATGAAGGGTACGAGGGGTACACGTTCCCCACCAATTATTAGAGAGATAGAAAGCCGCGATACAGGTGCCTAAAGTCCGTCCACGTCCATGTCCAGGGCATGCCGCAGCAAATTACTAATAAAGCCAGACGAGGTCTGCTACAGCGGAGTAGTCTGGCTTTTTTAACAAAGGACGCCCAAGTTTACATCGGGGCAGCCAACACCAGGCTCTCTTATTCTAGTAGTAGCGCATTCTTTTGCTAAAG,1164,51.37,Homo sapiens
SEQ_635074,ATTCAAGACTCGGCGCGATACTGTCCCTCTGTCGGAAGGAAAAGAGGGTCGTCCAGCGTCTTGGCGAGACAGACCTTACACTTGGCCCCGCTGTCGATACAAGTCTTACTCGGTAAAAACCCTCATAGGCCTCGTCACAAGTCTATCAAGGCCTAAACCTTCATATGACAGTCTAATTTCGAGCAGCTGCTCTACAAGCCTCCCTTGCCGTGCGCTTTCACCTGGAGTACTTTGCGTTTACGCTTGCCACAGTGCCGAACCCCGGGATCATTTTTCACGCAGACGTATGAAACGTTAGTAACAAGAGCAGTATTTTTCGACAGGTACAGCATAGCTACGCAAAATAACACTTTCACTCATCGTAATTAAGCTCTAACAGCAGCAGCTGACTGTGGTCTCTCTAAGGTACGATCAATGTCGGACCTCAGGTGTACAGTGTGGATAAGTTTACAGTACGACTAACCACGCGCGCGCCCTAGGCATGTACAGACAAAAAGTATCTCTTGACCACCCCCCGGGGTGTAACACCATTGGGCGAGATTACGCAAACATTCGCGTACTCTTTAACTGGTACACAAACCGCCAGGCCCCATTATTACTCTAGCACTACTTGCGATTTACGGAACCAAGCAGGTTACAATGGGCTGGCCAGCAATATCACATAGTTTTATAGGGGGACCTGAGAAGAGTGTCTGCCATGGGATGATGTCACAGTCAGTCCCCGGACTAAAGCCGGTTCGATGAAATGTCACTAACTACTATCATTGCTAAGCTAGTGTCTCTAAGCAAGATCAGAAATTCCTCTGACTACTGAGAAACTTGGACTCCTACATTTCACAATTAGTTGATGATTTTTTCCCAGAACCGGCAAGCTTATCCGTATCCGGTAGCCCAAACCTACATGGCCACGTTGAGTCCGTGAGGCGGGTCGCGAGTTTAACAAAAGATTTACTTTGTTTCCTCTACACTCGCCTAGCTTTCGATAGCTTCTACTCTTCTTCCAATTCGATGTTGTGCAACAATGACGTATACCGCAATAGCACTTGCATTAAGCAAACCCACTGGAGGCAGGAGGTAGGTACGCAGAGGGCGCTGGTAGAAGCCCAGTAAGATATTGCGAGAAGACGGCTGGCGCTTTTTAACGCATTCTGGATTGGTGCTATGGACGCGCTGGCACACCCAGCTATTAGCTAACTTCAGGCTATTGTTCATGTTGCCTCTGATTTCCGACCGTACCGGGTGTGAATGCCGGGGGTATGGGACCAATTCTCCAGAGTAACCTCAGCGCCCCAACTGCCTGGCTCGCTTTTTGACAGTCACTTGGGGTTCTCAATATCTGTACACTGGTTGTTAAAAGAGCCAGGACTTCCCGAAAAGCAGGGCCGCTCAAAAGGTGCGCGATAATGTGGAGCGCATAGGTCCCGTTCTAGTATGGATGACTAAGGTATCGTCTGATGTAGAAACGCGAATCGGAGAACTGGGTCTCGTTATATCT,1495,48.83,Saccharomyces cerevisiae
SEQ_996678,TTTAGTTTAAAGATATGATAATAATGTCGCGTGCGGGTTCCGGAGCCTAACCCTAGACTTACAAAGAGGGCTCCCCTATTATTTGGGATTCTATTTAGCTCCGCGTCGTCCTTACATCGCACTCGAGCAATGGTTTAAGTAGATAGTTTCAAATGGTCAGCGCGGCATCGCAAGGCTATGCACATGCAGATCCTCGCAGATCAGCGGTTAAAACAGTACGCCATATTTGTTATAGCGCCACCGGCGATACCGTTCTGGGCAGGACCCCTTGCGACCATGATTCGCACTCCATTGCCCGAGCTCTTTGCCCCCCTATCTGAACTATGCATCATGCCAACCTTACGTGCCTCTATTCAGCGACGGGAGAAGAGGAGACCTTGATTAAAAGCGTGAACCCTGTGATTCAGATAGCCATTTTTGTTTCCAAACTGCTACCAACAGACACCCATCCCGAGTTGCCGACTGGGATGGAGCTTTAATGCGGCGAGCCCAGTACCCTGGCACCTTTTCCGTGATGTGTTATGTGAACAGGCTTCTGAGGCGTTATACTATGTATGTTTAGCGTACGCGCCTTCGTTTTCGGAACAGTTTCTATGGACGTAAGCATCTGGAGCCTTTGACTCCCTCTATATCCTCTGCTACTAAGGTTAATCGTATTTAAACGCTGATGAAGGGCGAAACGTTCTTCGAAAGTTATTTCTGAAGATTCATGCGCTCGCCCATCAGCTTTTGCCGGCGGAGCGGTCCAGAATCCCTCACATCCGTCCTATTAGCGACCATGATTTGCTCTCCGGCCCGGTCCGACCCCAGGCGTGTGTGTGTTGGTCTACGTTATGTCACAGTAGCACTGCCTCTCCTCGGAGTTCGAGGAGGACCACCTCCGAGGTTATTGATGAGTAGGGACCGGGTCGTTGAATGCATCGATCCAAGAAGGGATGGTCCGCCCCATCAGCGCGTCTCTTCAGTTCGTTCTACGAACTTACCGGTGTGCATGGCGAAGATTGTCATCACTGCCGAAAGGTACAGGCACGTCCAAGGCTCTACCGTCGTCGTCCAAGCGCAACCAGCACATTATATCTGAGAACTATGGCGCTTTACCTGGTGCAGGCTACCACGCTGCACATTGAAACAAAGCTTCGTTTGCACACTGTTCTCCTTCCCGCATCGCAAAGGAGGCTATTCTCTCTTGGCGGGCTAGCGTCCCACCGCGGAGGCATAGGGGCTCCACATAAGTCAGAGTCATCTTCCGTTCACTTCTGATAAGCCTTTGCAGGTATCAAACTAGTGCGTCGAGCGTCCTTGGTTTACTCGTTGGGGGAATGCGCCTTTGTTCTGCGTTCATGTTTGTGTAACTCAGTCCGGCAGGGAGATCGGTCTTTTTACCTTTAGCCAGTTGGGCTCATCCATATCAGTGCATACTCTGTGACGCGAACCCTTGAGGCCTTGGGCGACCTGCGCCACTTACTAGGTAGTTATTAGTGCAGTGACTTGAATGAGTTATCTTCGTACCAACAACAGGCTGCGGGTACCACAATTCCTTGGGATTGTGAGTGGTATCCTCGATATTATTCGTGTACAAGCAAGGTGGTTTTGAGTTCGCTGGCGCCGACGGACGTTAAGGCCTGACCTTGGCCTCACTGAGGCTCCGCGTGCTTTAATCCCAACGCTGCAGATTGCGCATTGAGTAATCCGGGCATGAACAGCGAGCCCGTTGCTTTGATGAATAACCGTAGTTCGTCGCGGTCAGAGCCGTGTATACAAGAACATCAGTATCTAAACTTTTGAACCTGGCTCTAAGTAAGTAGACTTAGCTCCAAGCTGGAAATAGTACTTCTGAGTCCTATCGTCTCTGTGACAAAGAAGTAACCCTCTGCGAAGC,1879,50.72,Caenorhabditis elegans
SEQ_642340,TTCGAGGTAGAAGCGAGAGCCGTTCGTTCCCGCGCAAGCTAGCTTCGTCGGATTGCCACCAAGGCTCCGTGAGGATGGCGTGGGTAGCGCCAGTCTTATGTAGCTCTCAAAAGGTGAGATAGTTGCCCACCTCGGCTCTCAACGAGAGGATCGAGTGAGATATCACCTGAATGAGCAGCATCGCGCGAATCAGAGGATGTAGCAAGGGTGGTGGGGAATGCAGCCATCACCTGGAATCTGTCTCTCTACAGGAACCTGTCATACGTTTATTACCCGAGAGACGCCGGGTACGCGTAACGCAAGAATGCATCTGTAAGGACATTACAGTGATTACCCCGTGGCGAATGGCTCGCTGTGCGTCGCGGTCGCTATGTGCGTCAAACTGTCCCCTGTGGGTTCACACGTAGTACTGATACGTAAGAGTTTGAAACTCTACATCTACGCCAATACCTGTATTGTCATCACGCAGTCACTGGCATTCGTACAAGTACCATTTCCGAGCCAGGCGAACGTGTTAACGGGCAGCCCGGCCTTCCAAGAACCTGCCACAATCCAAAACACTGGTGGTAACACGACATGAAGAGCAAAAAGAGAATACCCCTCTTAAATATCTTAGCATGCTACGCCCGATTCATAGCCTTGAATGCTCTTATCGTGAGGTTGACGTAGCAGAAGGTAGTATAAACGAGATCGATCACATTCCAAGGTAGGGCAACCCCATCCTTCAGCGGGAAGCAGTCAGTACGGAGTGGGTATACTTACGTGACATTTTGTTATTACTCCATCCTCATGCGCCCACTACTGGCCCGCTCGCTGGCAGGCACGTACGGCAGATAGTGGATTACGCCAAGCGCTTTGGCCATAAGGTAAAATTAGCCCAGGAGCCCGCTCGCCGCGATGTAGAACACATTCTAGTGTTATGATTGCTCCTCGTCTCTCTGCCCGTGAATAGCATGTGACTAGCGTCCTTTGGGATAGTACCAGTGGGGATTAAGTCATCTAATGTGTATGCCAGGTGATTGCAATGCACGGCGATCCAACCCTAGCCACAGAATCTATTCTTGTTTGCATGATTGTGTCGCTTTCTGTGATGCGAGTATGATGCGCGCATTCTACTCATTGGGGGTCTTCGGCCTTTGATGAGCCTGCTAATTCAGACACGGCCTGTTCGCGTGTGCTCAATTTGAGAAACAAGTACGCAAAAGTTCCATCGCCCAAGACAACGCTTACAATTATCAGCGACTGGAGGAGTTCTGGATAAGCCCAATTCGGAGTTTGCGATTCCTTCTTGTTCGTTCCAAGAGAAAGTCCCCGTTACGGTACCCTCTACGTAGTCTTATAACGTACCAAAAGACCATTAGACTCGGAAACCTGTAGGCTATAGCTCTTAACGATCGGCTTTCGTCTAGCACCCTTCGAATTGGAATTGGCAGAAGTAAGCACCTGGAAGTGGAGAATACTTCGTTATTCGCACGCCTGCTAGACTCGCGCGGCAGCGATTGGTCACTGGGACTAGCGTAAGATGCCTAGGGGAGTGGGACCTGGCGTCAGTAGGTCTTGTAAGTAAATGGGGGGCGTTAGTGTAAGATGTAAAGCTTTAGACATGTTCAATCTCAAACCGCT,1623,50.34,Caenorhabditis elegans
SEQ_661808,CGGACGTGGGCTATATTAGATGGAGACATCACCACCGCGGAAGCCGTGTAGCGCAGGAACGTAGCAATCGTAAAGGGCGTCACCGTACTCACCATGCCCGGGGTTCTTCCAAAAAAAAGGTTGTTAGGAGTAGCCAAACCCAAACTTAACGGGGGAATAAGACATGTACGCGAAGCCTAGAGAAAATTATCTGACACTCCTCGCGGTGTTGGTCGCGAGGATACGTAGGGTGGGTAGTAGTTCCTCGACCGCAATTCAAATGGGATTCAGACGCCGGCATATAGACGTGACGACTTGGCTCTGAGACCAGAAGCGCTAAGTGAGTCTGTAATGCTCTGTACCCGCATGCGCCCCCATATCACTCAGTCACTCCACGGCACTACGTGCGTGGGACACATTTACTACAGACTTTAGTTTACCACAACGATCCCTTTACAGAACTGGTATTGGGACCTGTCCCTGCAAGTCTTATATCTGCAAGGCAACAGTCGTTAACGTGGACGCACTATTAGATGTTGTGACAACAAAGTTGGTCTTGGTGGTGGTTATGCATGTGCTCCAAAAATGCCAACGGATTCGCAGTGTGAACTCCTGACTTGTTCACCACGTACCTTTATACAACGTCCACCGTCGCATACCGATTGTCACTCAACATTTGAGCCCAGCAGACTCCGAAATGTGACGCGCACGCCAGACTGGAGTGTGCGTCGCGGTTCGGGCAAGTAGATAACGCATGCGGGTAGCACGGACCCTGTAACCAGTCCGCGCCCCGCACGCCGCCTACCGTGCCAGGGAGGGAAGGGGACGTATGACGCAGCCAATGGAAACGATCAAGCGTCCGAAACATTCTTGATGACAACGCGCATTACCCAACCGGCGCTCAGCTAGATACCGGGGTATCATCTTCAAGTTAAACTGTCACGATTTTAAGGGTGCTCTGACGTAAAAAACTCACTAGCGGAACGAGCTTGCGTAGTCGATCATGGCTTCGGCTAGTTGGCAGCGCGATCCGAACGCTCCCCACCTGCCGCCATCTCCACCACCTATGCGAGATCCTGAGTTCTGTTCTCAGCACAGGAAAATAAAATCCAGCGGGTCAGTCTTTCCAGACGCAACATGGTACCGAACGTGGCCCATGGGGATCCCCATGTTAAAGCTAACAATCACCGTAGCCAGCACCCCACGTCGCCATAAGTGGGAGTAGGCACGAACGATAGTTGACGGAAAGCGCTTATGCAGGCCTCTTCAATCCCTGTCATTCCAAAAAAACTTGCAAGTCACTAGTTGTGGGGACTCATGCGACATTGGACTGGTGCCAGGTGCTATTACTAGTACGAGGTAGACGAAAAACTCATTCGGGCTCCCAAGCCTTCGCGATGAACTTCAGTACTAAACCATAAACAATAGCACACTTCGGCCCTCCACGGGAGGACCCGGATAGAACTACTTTAGACAGAACAGAGCCCAAGCCGTATCGTAACCTCTATAAGAAGAGGTCACGACATTAAAAGCCCGGCCCCCGAATCTTGCTCTTACCCGACAGTCCGCGGGTGTCGTAGATATGATGAGCCCGGCCGGGTGACCAATTTATTATCGCCCCCCTGTGCGCAGTACCTTACTATATGGTTCCAGCTCTTGATCGCGGGCTCTCTAAGTACGCCATTAGTCTGGGTTCGATCAAACTCCACGTGATCAACACTGGTCAAGAGTATATAACTCGCAATCGTTCAAATAGTCGACAGCCAAGGGCTTTACATCCTGTGAAGCCAAAGCCTCTTTTG,1781,51.77,Escherichia coli
SEQ_236006,CACAAGACACAGGTCACTCTTCTTAAACCCTACACTCGCAGGCACTAAGTGCTATTCGCACATATCATCTACGATCGGTGCAGGTGCTCTCAGTTCCTCCAGCCTAAAAAAAACACTGTAATCTCCCTAAAGTCACAAACCGTCAGGTACCGCAAGTTACCTCTGGCGTGCTCTTCTACCGTGATCGGGTATGTTCATCGTTACCTACGCGCAGGTTTAGTAGAGTGTCTGAACCGCATCGACGAAACACCCGTCAGCTTGCCCTAACGGGCACATGGAACATGTCATAAAACATACTCTCGAACGGGTGCCCTAGACGATAGTCTTACGAACTATCCGAGCGCCACTTTCACTATCTGAACGCGCTCGTTATTAGCCTCCTAGGAATGAATACACGCTAGATGTAGTGATACCAAGGGAGGGGAATAAGGCACTTCCACCGGTGATGACAAACCCCCGAGTCTGGCGATGTCTCAGTCGTAGTCCATATGGTTTACCCCGTCGGTTGACAGTAAGTATTTGGAGACACATTTAAACTAAGGTGGCCAACATTTGTTATCATTTCCGACAATTAACGGTATGTATTTTAACGAGGAACACAATTTGCAAAGCGATCGTCGAGCAATTCTCGGAGCCATGTGCTCAGTGATCTTCGTGTGATGCGTACTGCTTCACTACAGGTCATAATTCGGCTAAAGACGAAAAATGCTCCGTTGACCGCGAGAAGCAGCAACCAATCAGTAGTGAACGAACAAACAGAATGTCCAAGGTGATGGATTGAAAGGGCCCAGGCGCAGACTGCGTATATGCTAGATCTAAGAATTAGGCTTCCGATTATAATGCCTGCCTGGGGCCTCGAGAAATGGACCGTGTGTGAGACGCGGTTTGTGTGGTTCTACGACACATCGTAGTGAAGGAGAAGCAGAGCTCCATTCCGGCCATTCGTGTCGGCCCCAGCTAGCGATGGGAACACTGGAGCGTCGTGCCATCGCAGAAGGGCTTCGTTTAATGTCACATCAACATGGAGAGCCAGACGTTGTATCGGCCGCTACACCGTATGAATCGTCGCACTAACACTTTATGAGCGTTCCGCACATTAGCCGAACCTCATTCATAGAACTCCGGGGCCAAACGCATTTAGACGGAAATTACCGTTAAACATAAATAGCCATACAAGGGCGTTTCAAAAATTATGTGCTAAACGAGCTTGATCCGTATTTCACGTGCATCGTGAAATATTAGATTTGAGTTCGACACCGATGGGATGTCCGACGGCGAGTGCTCGGTTCCACATGCAGTGGTAGAAAATCCCTGTGTTTGATAAAAACGTATTGTGATGGAGACAGCTATTTTCTTCGATAGCTGCCCCACTACCGATCCCAAACCTGGTGTTTTCAGTGCGGAATAGCTCATTGATTTCGCTCGTAGGTTCTAGGTATCGAGAGCAAAGAAACCTAAGCCGACATAATAAAAACGTTCCATGTAAAGGATTCATCCGGATATATTCCACTCTTTTTGAGGCCGGAGTCGTTTTGGCTGTTATCACGCATTTCCCAGGCTCCCGAGTTGCTTAACTCACGGGCAGTGAAGTGGTA,1595,47.84,Mus musculus
SEQ_536730,TTGGTCAATACACTGGACTTATTTGCGTCACCTGGGCACGTGTCGGGTGCAAAGGATCGTACGCACACCGCTGCGGCGACTGGCCAGGGTCCCTGGAGTGGTAGGGCCGCTACCTTATGGGGTCAACCGTGCGAATCATCGTAATAGTCACTCCCATCATTACATTGTGAGCTCTCTAATTACCAAAACGGATAGATATGTGGACGCATCGCTATTTGGCAGATGCACCTTGCTTAACCCAGCGCTTAACGTGCCGTCCCATCCAGTGCATGGTTGACGACGGCGTCCAGCGGTTCACTATTGTAAGCTACTTTGTTAAACGACCATAGCTTAAGTAGATGGTCTGCTTTCCCTGGCCCACGCGGGCGGGAGATACTTGACAACATTAATTGGCGGCTTGGACAACTACTATAATGAAGTTTATTCGACTCTGACTAAATAGATAGCTCACAAGGGGACTACAGGTGCTATACGAGACAGGAGCGTAATCAGGACTTCATATAAGCGACCGGGGGGCCTCGTTGCCGACGATCTTTAAACCGCGGTACAGTGAACACCGCTTTATTGGCACGATCCCATTGTAGACTATCGCACCGGACTCGTTCCGCTAAGACACCCTCCGGGTGTAAGCCGGAAGAGGTTATATCCGAGATGTGTCGCTGGGCAATTCGCCATGTTCACTGATACCAGATAAGCCGGCTGTTATAGAGGAGAGCTTGTCCGGCAAATGTTTTCGCAGGAATACCCCAACAGGTGCGATCGTGTGAAGCTTCTTCACGTTTTCAGCGAAGTTAGGCTCTCTAGGTTTGAAGTCGTTCGTACTTGTCCTCCGGGCTCATTAAGCAAGCAGCTACAGAACACGTGAGTCATTAATGCCATCTGCTATCTGCGGAGAGTCGGCACAGTTTCACGCAAATAGTCGTCCATTTCATCGCGGAAGTGGGACGTACCGCTTGGAAGGGCTAGCTGAACTAAACGACTGGTGAGTAGACATTCGGCGGCTGGTTAGTTTGGTCTCATAGAATCCCCTGGATATGCCTGTCCAGTCAGACAGTTAAGTGCTCGGTATCGGATGCGTCTTTAGGTGCCCATGACTATAGATAACGTTCCTCTGAGCATACTTGCATCTATTACGAGCTGACGGCGAACCTTTGCGCTTACCGATAACGTCGCGAAGTCGATATCTGCCGTACGGTCGGTAGACTCAATTCTAGGATTATCCCGAACTGCACGATGTAACACCTTTGATGTATGCCTGGTTGCTCGAACATCCAAAATCGACTTACTGTTACTCTCAATTTCAGTCTCGAAAGCATAGGCTTCTTGGCGTGTTTACGTGCAAACCGTTCAAGACCTCAAAGAAAGGGTGGGTGAATGCAGCACAGGCGATCTCCCGCCAAAATTCCAAAAGAGCAAAACAAGGATGGCTAACCTCCAAGCTCATTTGTTAACAGGAGTACAGGACTTGTAGAGGACCGACAAGCACAGTACCAGCAACGGGGATTAACGGGCACATCGTAGGGTCTAAGTCCTGTCATCTTTAAAGACTAGCGCGACGACAGACATGGACGTACTTCGTCTGGCACTTGGACTCTTTCATTACCCCTGCTGTATCAGGATATGTGATCAATCCCTTCAAAGCCTGACATCAAAAGGATGATTCCTCTTTGAGTGAACTTGGGCGAAGGGTTCCTGTAGAATGCACCTCGAGAGTGGGCAGGCTTCGTGGTTAGGGACGTGGAGAGGACAATATAAGCACTTACGGTCGCTCTGACGAGGCCCTCCACTGCTTCTT,1795,50.03,Caenorhabditis elegans
SEQ_372420,TGTCTACACGAACTTGTTTACACGCCTTGAACAGTGTCCGACAAAGGTCGGCCAATGAACCCCGTATCGCCGGTATGGCCTTTCGATTGTACTATTTGCATCGCCCCCTGCGTTGTGGACCATTAGCTTTCGCGCACTTGGGGTTCAAGAATCTCCAGTAAGAAGCATTATGAGTAGCTGTAGGCGATTGAAGCAGCCGACACCCCTCCAGACTGGCATTAGAGTCAACTTTCTAAACCGGAACCTGCCACGATGGAACGTCCGATTCGAGCGTTTTACTCCAAGTGAGTAGACTGTCCTTAGAAGTGCCGTACGATTTCGCCTAGTTTTTGGTATATTATTCATCGCCGACTGGTCACTTGCAGGCGACCCGCCTGTTCGAAATGTGCACTATTAGCAAGTGAGAGAACGTAAAACGCTTAATCTACCGCAAACGACACCCCCACCGCGTACCTCCTAATTGGCTACCCACTGTCAAAGTGGTGGGACTCCCACACACTTTCAAGCCTTCAGCAGTAAAGGCCCGGTTCTTAGCCTCCAAGCGTACTCTAGCAGTTCTGCCTGAAGTTGTGTGCTAGGTTTACGAAGCGGGAGTAAGCAGTCGAGGGTATGGATATACCTAACTATCTTGCACCTTGTCCTGTCATACACTCGTAAAGACCTCTAGAAGCATATTTAGGAGAAATTCGAGGCTGAAGGCTTCTTAAGCGCATCAATTAGGGATCACTGTAAGATATAGAGCTGGGAGTACCACGGAATTAACGAGTCATAGGCGCGTCCTTGCGAAAGCAGCTGTGAGCGTTTAGATCGAGTAATCTACTGCCGGTGCAAAACACTAACCCCGAGGTATTCTAGAACGTTCTTGGGTAAACGGAATTGGGAGCTCGGCCATGGTCTGACCCGGGAACAAGGAGTAGATATCCCGGGGAGACTCATCAAAATCAGCGAGGAAATAGCTATTCAGTGGAGGCGTTCGCAGGATTCATCCCGTCCTGCGAATCGGGTACAGTTCACATGGCGCGCGGACCGCTAGGTGGGCGTCGGACCTATATTTGTCCCCCGACCATTTGTGCTAATTCCATACCTGTCCCGAGCCACGGTAGAGTTACTCGACAAGGTTCGATCTCGTGGCACGGGGAGGCTTCGGGCTCAGAGCCTTCTGGAGTCGGTCTGCTCTGACTTTCACCCTATGTGCCTAATTGAGCATTTCTAGCCGTCAAAAAACACTGTCGTGTGTATCCCGGTGCAGGCGTCGTGAGAAAGGTCCCTATCGTCGGATTTACATGTACATGCTGAATATCTGAGAGGCTTGGATTCCTTAGGAGCGGAGTAGGGATAGCTCATCATAGCGTTCGGAGGACAAGTAGGCTTAGATCTCTACGTATACGCAAAGGTGAGCAATGACAGCGGCCGCCAGTGCGCCACATAGACCACCTTATTAATTGCTACTCTCCTAGTTGCAGGTCGCCAACGATAGCGGGCTAAAACGGTAAGAGGGTGTGTAATAGATCTCGGACCAGTTGCCAGCAGCGATGACCCTATGTGTCCTACTCAGCTCTCTTGTGAAATCCCCCCGCGGCCTACTGAGATGTGGCGATTCGTCCGTGGCTGTAGCATGCCTGAACGTAGCACGTACTGTCACACTCTACGTCGGGTCTCAACTATTAAATCGCCAAGTATGCATTAAGTTGCGACTACACGGACCAGAGACCCAAATAACAGTAGGAGACATTCAGTTTTGCGGTAGTGATATAGACGTGTACCTAGTGTACAACATTGCGATGCCCGTGAGACAGGGGTGGGACATTGCATCTGCTGTCAGGGTAGTGTGACCCGGCTAAGTCCGTGGCATTGATCGCATCGAGTGATCAGTCTGTTAACTTTCATATTACTTGGCTCCATGTACTTGT,1910,50.58,Saccharomyces cerevisiae
SEQ_924739,GTTCCCATATTTCCGACGTGTCAATGGGTGAGCAAGAGCAATTCCGGGAACACCCAATCCGGTCTCCAGACTCTACACCTATGGACCTCCTCGGCTTAGACAGCACTGTTTACTTACGGTGGTCGTGACCCATTGATTCGTAAACAAAGGCCTGAGCTGGTTTACTGACTTAAGTTGTACCTTCATTGCATAGAATTACCAATCGCTCTTTTTCGTGGCGGGGATAATTTTGCAGCAGACTGATAAACGATCCCAGAGAAAGCATAACTTGCCGGAGCATACGTCCCGCTGACGCCTAACGCCGGTCCCGAATTAAGACCACTGCGCAACAGAAGGAGGTAAAGACAGCCCTCAGCTTCTGCGAAAAACCGTGTGTTAGCCTGCAAGGCCCGAAGACTTTGGCCAGCGTCGTGGTTCGGATGGCCGAATTGTTATGTGACTAGCAACCGGCGGTGTTCCTTTGCTGGGTACTTGGAGCAGGGGCAGACGATTTAAACGCCCGATCCGGTCCGACTCCGTAGCTTGCACCCAGCGAGCCCCGAACGAACCAGCCCACAGTCGCGACACGTGTCGGGCCAATCAGAATCGAGGATCTTGGAACCCGTTGTGTAAGACCTAGTCGTTATGATTATTCCAATTTAGTGAACCCAGGTATATTTTGCTCTTAAACCCCAATGAATCGGTGGGCTTTGGATTACCTCTACTGTTAGTACATGCCAACTCCTGGAGTTATATCTCTGAACCCG,746,51.07,Saccharomyces cerevisiae
SEQ_368176,CCCGGCCTTTTACCGGCCCGCCAGGTGCAGCGGGGCGACTTCCCTAGTTCTGGACGGTTTGGTGAGGGCTGCACACATCGTCTATCCATGGGATAGCTTTT,101,60.4,Escherichia coli
SEQ_895770,ATAGGGCTGGTCCCATACGATCAGGAACAGCCCCTAGATCAGTAGCCGCGGAAAGTTCGATCTGCCAACGCGGGATGTGTAGGTCCGATGCTCATGACTGTATGATCAGACAAACAGGAGGAATTTTCCATATAAAATAGGGCTTTTATATAGACGCTCCCATAGTGCCACGAGC,175,49.14,Mus musculus
SEQ_686980,GTGAGAGACCTGCGATCAATGGTCCGACAATACATGACGAGTTTCCAGGCAGCTGTCTCGAAGACCAACGCGACTGAAACGTGGATTTCGAGCTATTGATGATTCTGGATGGCATCTTTATTAAGCACACAGCGCCTGAGCCTCGCCGCTCTTAGTGTCTCGTGCGAGCGTATAATGCCGCTAGCCTGCAAGTTGGGGCGAGCCGTACACCGGGAAACTAAAATTTGCCCAAACCGTATTAGACACTAAGGGGAATGGAAGGGTGTTCAGGATGACACCCTTTCCCAATGACAGATTTAAAGTCCCCACATACATAGAGCAACCCCAAGATAGCGGGCGATTAAAGCGCCGCTAATTTACATTCCAATATTCAACAGAATTTGTGAATTAACACAGTCATAGAACCTGTACCCGTAGAAAGCGTCATACAAGTGTTGTGTCCTTCGCGAACTCCTCAGGTAACAGCCTCATAAGAAGCGTAAGATCGTGTTCCAGAGATGGCCCAACGAAGGGAACTACCCCCTGTTGAAGTTTTTGTTACAACAAAGATTCCATCTGGTGCATTATAGCGCTTAAGAAGTTACAGACTACTGGTCTTCACAAACAATAGCAATGCCCAGACGCAGCAGTACTATGAAGGTCGGCCTTTTTGATAGGTCAAGGAATTTTCTCATCCAAATATGGGGGCGATGTACGGACTTGTCCAAGCGGAGACCGCTTCATGGTGTGGACTCTGAGAAATTGGAGCGGCCGCAGCGTCTAATGCCTTTTAGCCGCTACTATTTAACATTCTGGGGTCATCAACATATCTTCGCGTTTGTAGCCCGACGCCGCTTCAGCACCCGAATTGTTTCGAGGAGGGGTAGGATTTTGGT,875,48.0,Homo sapiens
SEQ_394144,AAATCTTAAAAGGCATTAGATAGGCGGAACCGCATGCGATACTAGCGGCCTGCGGGATGGAAAAGCTCCGTTCCGCCATCTTTCCTATGCCGCCCCATCAGCTGTTGGATTCGATCTTGAGGGTTCGTGCTGTGGTGTCAGATCATTGAATAGCGTAAGCACAGGAGCTGAAGGCTCGTGCTGCGAAGGATGAATTCCAGACACGCCAACCGAACCTTTCTGGCCCTGTCTGTGCACTACGATTGAAGACCAGGCACAGTGTGTGTAGCACCGCCGCCGTTCACTCGTAATCTGCTAGTGTTGAGCGTGACACCGTCTCGGGAATTCAATGAGAACATGAGTCTGCCTCCCCAACCTCCCGGATCGGCTGTATCGGATGATAGTGACGGAAGGCTCCAAAACCGCCCCGGAGTACCCGTGACACCTGTTAGGCATTAACGGAAAGTTCATTAGCTTCATGCTTAGTCGAACTCCCTGCAAGTAGCTCCTCCTACATCTAGTCCTAGCCGAGTGCATTCTAGGCTTGGCCATAGGGTATTGTTCCTGATGGGGCCCTCTGGTTGAGTCTCTACCACGCCAGGGCAGAAAAAAGTTCGATCGTGAACTTTGTTTGTCCTCGTGCGATCCCGATTCATGTCTAGGATAACGCGGTTCTCTGTGACTGACAAGTAGTCACGAAGTGTCGGTAAAGAGGGTGTATGCGCTACACACGGATGCGCCGCGAATACCACCATGGATTGTTAACCAGCTCGACTCTCAATTACGCACCCTCCCCACGAGTTAACGGTCATCTAGGTGACTTAAGTGGAGATTGCT,816,52.33,Drosophila melanogaster
SEQ_553021,ACACAAGGGATCGAACCTCTTTCGATTCAGGCGTGCTATATGGCCTAACAGGATTATCCTTTTGCCAGTCGACTACACTACTAATACAGTCTTAGCTGGCCACACTACCTGGGCTTGTTACAGGCACGGTGCCTACTGCTGCGGATTCATCGAGGGTGAACATGTTGCTATTTCGGAAGAACTTATAGACAAGTATGCCTCTTAAGTTTACCCTCCATCATGCATCAGTTTGAGACTCTTCTGTTTGACAACTAGATCGTGGCGGTGAGTGAACGTGTAGTAGTCGCCAAGGCCATAAAATAGGATCAGTACGTTTATCTTATAGAGCTGTAGGATCCTTGCCATAGGCGACACAACAATATGTAAATTTGTACTTCTCCTCACTG,386,45.08,Escherichia coli
SEQ_643717,ACTGTCAGCGTTTCTGTAATAAAGTAGTTGCTTGGGTGCGTGTAGCTTGACCAAGCATGCCCGTAGAATCAGCGCCAAGTGTTAGTCTGTACCTGGTAGGTCCGTAGATCCTAGTCTACTAGATCTTTTGGTGCCACGTCTGTTGAACAGCCCGCCTTGCCGCATCGCTCAATGTAGTGCTTACCCGGGTCCACTGAAGATGAATCCTTAGTGCAAGCGGAGGGCATCTTTTCTTA,236,50.0,Saccharomyces cerevisiae
SEQ_159048,GCCAGATTGCCGTTAAGAAAAACGTTCTCTAGGTTCACCCAGATTCAACTGGCGCCCTACCATGAGGGGCGGTTAACGTGGTGTTGGTTGAGAACGTCATTTCTTTTTGTGCATTAGCACAGACGACGCGCAGAGTCTATCTCTGTGTAACTGAATACTCGTTTTAAGGCTCATGTTATCAATTATTCATTTGAGTTCTAGCCCTGAGACCGTTAGGTAGCCGTCTCGCCACGTGAATCGTAGAAGGTTAACGTCACTATATCCAACAAGAAAGGCCCATGGATGAAGGGTTCCAACATGTCCAAGTGAACAAATGTATTTCGGAGCCATCACGGCGTCTTTACTTCGTAATCAGCGCGCAATGGTGGATCGCTTCTCGTACTCTTAACACCATCTATGGTTAGATCCGCTTCAGAAGTGATTCGAGGCGTTTTC,435,46.44,Caenorhabditis elegans
SEQ_729579,CAGAGGTCTGTGGCGAGTTGATAATCTCCCCAGGGCGACAGATATAAATAGAGGATAGTATCGACTCAATCATGTCTAACTTCCGGACCGGGGACTTCATGTTAGGTATCAGTTTTCACGGGAGGCGTGCCGAACTAAATGCGCATGCATCTACCAACTGCAGCTATCGTTGTATGCTCTCCTTCCTGACTAGACGCTCCTAGGGGGTCTTTTATTGTGACGAACTGTGGGAAAGCAACTACTTTGTGGGTTGCAGTGTGCGCATCAGACCACTCCCCCGTTGGGCCAGCAGCAGTATCTAGAGGGTCCCCTAGGTCTTCACGAATACCCACTCTCGTCGGGCCCTCCTTGTTCTGCCTGCGGTACGACCCGTGCTGTGTAAGTAATCAACGAATCCCCAGAGCCGCGGTACTCGATCTGAGTAGAGCAGCTAATGCTGTCTGTCTCGCGCCCAACATTCTAGTCGGGCACGCGACTTCTACAACTTGTGCTAACCACATATGATTGGTTATGGGACTAAGCGTGTTCTCTGCGACTCTTCATTCTCTCCTGTTAAATTCATCTATCCGGGCAGGGTACTAGTTGCACACGCCGCCGGGGACTATCCAGAGCCGAATGGCGCGGAGTCGATCACCCGAGCATTTAAATTCATCAGCGGCTGTGGACGGTTCATCTAAGCTAGTATTGTAACTCACCTGGCAGTAGAAGTCTGACGATTTTAGCGCATTATTGCCACACCTTCCCATCTCATACGTTTTTAGAATGTTCCGATCCGGTTCCGACGGAAGCGAGGTTAGGTCGGCGCGCGGGCCCCCAACCTCCAGTGGCGTTCGTTGAATAGTAACTCTGTTGCCTCTGCTAAAGGATGGCGTAATCCACTATTTGCAATTGTAAGTCGCGGAAGACCGAGGAACCTTTTTGTTCAGAACGTGTCGGTTGATCGACAAGAATTGGGCGAACGGCTACATATGCACTTTCCGGGCTCGGAGGATCACTTGAAATGCGCTATTGCAGCGTGCCATTATGAACTTGTCTGGCAGGTCGAAGCGTGGTACGGTACGTCGATTGTCGGTTAGAGGACCTGAGTTAGACAGGGTTCCATTCAATAGTCGTTACTGGCTGGGGAGCCTCACATGTAAGCTATAACAGGGGAATGGGAACGCGCTTGTTCTTTATTCAAACTGTCGTGCTCTCCCCAACCAAGAATGACCCAGCCTCATCGGATAAGAATACGTATTCCGCGCTCAAGGCAGGCTCACGTCATGGCATTGGATATCCGTGCTTTCTATAAAAGAATATGTGCGCCCACCAGAAGAGCATCATAGATGATTCCTGGTTGTTTTGGAGAAGCGGTACCTTGTAAGGTACCATGCGTCACCAGTCGATACTTTGATTTGGTAATGGAGCGACTATCCAGCTTATAGCGAGTGCGGGGCATAGCAAGGGACACACTTAACAACCTCCACTCATATAAATTAAGGCAGTCATTATTTGATCGGAGACCCCCCCCGGAGCGGTGGGGTCGCCTCTGGTGGCTATTCACGTGTTGTCCTTTATCGATCAGTAAAAAACTGTTAACTTTGCAGACCCGGGATATAGCAGATTAGCCTCAAGATAGTTTCCCGGACATTTCACTTCAGATCGGTAGTTCCTCGCTTGTACAGCATGCAATGATGATCTCTCTAATATTGAATTCAGGTGTGGACTTGCTCCAACGCTACAACTGCCATACCTGTTGAAATACCTAGCTGGCCCATGCATCGGACCGCCATCACTTTAGTTCAAAATTTGAAGTCGTGCTACGCCAGTGATAAACCCGGGACCTGTACGATTGGGGATAGGTAAGTAGCACTCACGCAACTGGGTATACTACATCTCTCCGTTTCAGAAC,1891,49.92,Caenorhabditis elegans
SEQ_986976,CGAAAGAGCGCACCATTTACCTACTTGCTCCGGACGTCGCTACAACTACGATGCTATGTTCGCCAAGGCCCTATCAGTGACGGTCTGCAAGGGCTGCGTAATTTAAAGAGGGTAGGACTCGTAAGAGACACGCGACATGAGTGGCCTCTATCACCCTGTCTTTAATAGTGTGTGGAAAAGGCAGACTGCACAGGATGGCCTCATGTCTATATTGGTCATCACGGTCTTAAACACGACTTGAACTCATGCTGTTGGGTCCAAGTCTACTGTTGCAGCACGCGACATATATCCCTGCCCGCCTATCACCCCAGACGAGTATGTGGTTGATGGCGGTCGTCTCTGACCGAGTTTCATTCATTTTCTATCATCGGCCTTGGTTTGACTTAAAGCACTAGGCTTAGTTTCAGTACCAGGTATTGTTATTAGCTACCGGGAATCCATACTCAACTGGTCAGCATATCGCCAGATGCAAGGGGGCAGCGTTGAAATTTAGCCCTTTGATGAGTAACTGTCTATGGACATTTGGTCGGATCCGCGTCTACAATGTGTGGCAAATTGGAGATGGGTCCTAGGGTTCGCCCCATTTTGGTTTTGCAATCAGGTGGAACATAGCGAAACGGATAGTTCGGACACGTACCTCCGTCGACGGGAGCTTTTTTGCAAGGGTCGATCCATAGTGCGGCCTCTTACACAAGTCTACTACAGTTCATAATTCTTAAGAGATTATTGGCGAGTCGCCCCAACGCGGGGTAATAAAACTCGAGGGTCCGAGTACTCCCAACGAGGCAAGGCCCTTTTCGGCCCTTATACTTGCTTGCTATGTCGAGAAGAAAAACGGCCTGATGCTAAGTCACCCTCGCGGTCATCTCCAGCAAGTCCCGCACTGTATGGGGCCCGGGTATTGCAGGGAGCCGGGGAAGTAATCGTTGTATTGCAGTATGTGCGATAAAACATTTGATTATGTTATGTGAGGTGAAAATAGTTGACTGGGCCGAGATACAATGGAGCATCTCGTGTCCGCACCATCCGCCCGACACCTCGCTCCTGATCAGATTTTGGTCTCGCACCGGACGATATGCGACGCAAACGGAACTTTCGCAGCAAGCAATCCGCATTCAGGCGATCTACATGATTTGAGTGTTCGTGGATATAAGAACGCTTATACTTGACGTTGGCCAAGTGGGCGACGTTCACTCCGTATGTCGGATTCCGGTAGACTCATTGGCGCTTCCTGGTCCTCTGGTGATCACCGGTATTTTTATGCGTATGTTAGGCCACGTTACTACTGGTGTGGTGAATGCCTGTCGCAATGGGATATGTGCATTTAATCATCGCTTAGCTAGCCCACGCACGCTTTGGAATGGTGTAGGCATACGTGAATGATCTTGCGTCCGAACTAGCTTATAAGCGGGATGACCAGAGCTTGTTGTTCTGGGAGAGGAAACACCCAATGCGTAGGGGACGCGCAAAGCTCCTCTTAATCGCCCACTGGAAAGCTCCCACCGGCTAAAACGACGCTAAATGAAACGCGAGGTTGAGACATTCAGAATGCGAGGCGAGGCGGCGGGGAATCTCGTCAGATGACGGCCATGGCTGTTATTTTGTCATGAGAATCATTATCGGTTACGAACTATCGCGAACTCTTGTGTAACGGATGGCTTCGAACCTCGAGTACACGACCCATATCTCGGCGGTCTCCTGCGCTCACGGGAATCGAATAGTTAGGCGGA,1730,50.4,Caenorhabditis elegans
SEQ_552543,GAGGCACAGGTCGGAGTGGTTGGACGATCGCACGCCCTACAAATCGCGCCTGTCACGACATCTCCCTGGCGGCCCATGTAGTAGAGTATCAGTATGGAGGCTTGGTTTAATTCATCACGAAACGACGTTCTTCGGACATTTACAATCTCGAGCCGCCATGGGTGATCGACCAGTAACAGGCCAACTGTTCCGTATTCCAGAATCTTCCGTCCACCAGGGGCGTGCCATGCGTATCACGATTTGTCAACGAACAGCAACCCACGAGTGACCGAAAACACGAGGGCCATTAACGCCTTTCGTCCGCCGTTCGCTAGCCCTGGTGTTGGAAGAATTTCACACGTCTTTCAACTTATCAAGTGTGTGTTTCAGACTGTGCGGTGCCTTGACCACGAGCGCACTACGTTCGGTCACAAGTATCATCGAAATGCCCACCCTTATCTATGGAACAGGGCACTATCTCCATGCCACCATAGTGACCATATTACTCATACCCGCGAGGGAGCTGGCCCGCGTACGCCGAGACAAGTTCGAATCCCGTCTAGTATCCAATCCCTAATCCGTTAGTGGCTGTTATTCTTCTGTTGTTGTAGGGCTCGCGCCCAGGAGTTAGGGAATTAAATAATGCACAGGTCTAAGGGACATGAAAATGACACACGTTAGCGTGTTAAACCCACACGATCGAGGGATACGGTGAATGCGGTGCAGATGGATGATCCGGGTTGGCTAGTACTCTTTAAGTATCGGGCCCCATTACCAGCACACTACCGGTGCTTCGGGAAGAACCCCGGTTCGATGCACCGGCGCATAGAGCACGTGCACTAGGGGGTAACTTACGTGTTCGATAGACCCCGATCCGACATACTACCGGTCGTGCTTTTTTGGAATTTGGACTCGACAACTAGTAATGTACCACCGGAATTGAACGGTACGCTAAGAGCTTACATTTGAGAATCGAGAGGTGAGCTGATAATTGACCTCTGACCTGATTTTTGGAGCTGCATATGATATAACCAACGTCTTGACAGCGACGTAAGTGTCGTCGCTTGACAGACCTTTAGCCTCAACAAGCCGCGGAACGCCAAAGATATAATGTGTCTAGTGTGGCGGTCCGGTCTAGCTCTGTAGCGAACCCTGTAGGCATAAATGGAGTCTACAGCAGCAAGTAAAGTGGCCGCATAGCGATAATTCCCTGAGTCTCCTCTTCCCTTGTTCATAGAATCGATAAGGACGCGCAGCCATTACAAGTTCGACGACCTACGATGGCATAACATGATCCGGCCGTGTGGATGCTCCACACAGTTGGAACGGGATCTATAGCTCCCTGAGCGATACCTCCTATGTTCACAGTCCTGAGCTAAGTCCGTAAATATGTGATATAGTACTAGAATCCGATCTCACGATAGTCCCTGGCCATCATGAGCGTTATAGACCGATGCCTAGAATCACAAAATGCGGTGACCCCCTCATCCTTTCCATTGCCTTCCGGCTCAACAACAAGGACCTTTGCTCAGTCAGAGCCCGCCGGAAGCAATAGTATATGACGACGCTTCGGCACCTTTATCATCCGTCCTTCCGATAAGCCCCAAGGTCATTTGACTTTATTCACGCGTTCGTTGCAGGAGTGCGCATTCACCGGGGGCCTAGCTGCCGAGCACAGTAGCTCCTGTGTTGATCTTCATCAGACTGTGTACTAATGTTTCGCTCTGCCTGATC,1713,50.9,Arabidopsis thaliana
SEQ_315298,GTAATACCTACGCTTCCTCGCCTGCGGATGAGCAAGTGCCCGGCGGGCGATTTCGTTCAGAATTGACCGTAAACACCGCACTCGTAGGCAAAACGGGGTCTGAAACAACCTCCGAAACTTGCTCAGAGGGAAGAAGCTGCATTTCGAAGCGCTAGGGATATAAGAAATCGGAGAGATGACGTGGACTCCTTAAAATTATGATTGTAGATTCCCGTATAAAGCCTACGACATCGACTACAAGGGGCCTTGACCTTCGGGAAATGGACGGATGAGTCTTGGGCTCCCTTTACACAGTCAAATAATGAAGGTTACAGGTCCCGGTCGAGTCGACTTCCTCCCCGTTCCTGAAGATGTTTTTGTGCCTTTCGGGTCAAAGCCACGGTCGTGGGTGCAGATCGCTTAGCTGAAATATCTTTTTTCAACTGTATATTTCAAGCATGGCCTGACGAGGTGCGTCATTAAATCCGCAGACGAGGCAGGAGGGTTGCTAATGAAAGATGCGTGCGGGTATATAGGGTTCACAATTATAACGCGCGCTTTTACATAATGGCCGTTTCACGGAGGATGCCGGAGTCGTTTTGTCGAGATGGATTTACCAAGTCCCATTGACTATGCGAACCGTCACCCGAGCGAGTATCCGCTCCTGGGATCATTTCTGATACCACGTAACGTGGAGCATCTTTTTAGAGTCTTCGCGCACAGAACGTCTCTTTACGTTTTATATGTGTCAATCTGACCTAAAACGTAGATGGCCTATCTGGAATGATAAGACTGCCTGCACAACTCTACATGCAATAACCCGCCAAGGACTATTAAGCAAATAGCAGCACCGGGGAACCGCTTGCGGTCTATAGATCTAGGAAGACCGGGGGAGACGGTCTTCAAAAGACGGTGATGTGAATACACCTGCTCTTGACAACGGGCTGCTCCTGTCCTTGCGAGCCTGCCCTGCATGTGAACTACGTAAAAGCGTGGCCCGCCACAGGCATGACCCGGAATGCTAATTAGGGTAAAGTAAATTGAGGGCTCGACTTCCAATGCATCAACGACATGTCCGCACCGACCTTTCCAGACCAGAAACTGTATGATCGACAGCGACCATGTCAGTCCTCGCATGCGCCGACTGTGTGAAACTAGGATTGGCCTTCTTACTAAGGCGTTAGATGCCTTGTAGAGCAGCTACGGCATTACTCCAATTGCGATGGCCACTGATCTTCGCAATATCAACCGTTATAATCTGGCTAAGCGTCTCAAAGCTCCTTCATTCTCCAGTAGCTGGTGGACTCATTTGTCGAGAAAGGTGCGTGAACTGGTATTCACCTGCCGTAGCCTATGTACCCGTCCCTTATTTTAAGTCTGGGAGGTGTTCGGAACCTGCTACGGCGGGCTTAGTATTGGGCAGGCCACGACATAACACTTTTCATCCTACGGACA,1434,49.72,Mus musculus
SEQ_795031,AGATTCGGCGTCTGTGGGCGGGTGTATCCGGTCAATCATTAGAGACTACGGCAGACATTGAGTATGTACTTGAGAAGTATGGAATCGGATATAAGGCTGATGCTGCGTCCGATCGCATCAACGTACCTTCGTAGCGTTGTGAACAACATCTATACTCTCCTACGTAAGGAATCCGTGGAGCCTATTAGGTGAACAAATAAAGTTCGCGGTCCACGTCATCTGTGTTGGGCTGGGGGTACTCCGTAGCGCGAGGGGAAGTTGCCCTTCACGGAAAGTTGTAGTGTTTCGTCGGTCCAAACTCGCACTTAGTGTCACCAGCCTCGACGTATCAGTCGAGTCTAGTCTCTCACCTTGGCGCGTGAAGGGGGGTAATCCAGGAACCGCGCCAAATAGGCTAGCTTCATCTTATACGAAAGCTAAGTCCCACTTAAGTAGGGACACATTATTTGTCGTCCGGGTCGGCAAAAGTAAGAATATGCGCCCTAGAGAACCTCAACATGGCAGGGTTCCCGCTAGACTCGGCCGGTAATGGCAGGACTGCGCACGGGCCACGTAACTCGTGGACAATCGTCCCTTGATGTCACAATACGCTAGCCTGAGAGAAGCAGCAGTAATAGATGACTCGGCGGACTTGAATTCGTGCCTAGTTGCACCTGTTGGTTCACCAACGGTTAATGTCTAGGAGTCTAGCCGGCCGTATCTGCAGAAATCCTGCGGAATGATGGGCAAGACTTGTAAATGTGTTGAAGGCACCAAAACAGTCCAAAGTACCGACCGTCCTAACCTTCTCGTATCCACAGAGACCTC,807,51.18,Caenorhabditis elegans
SEQ_503865,TCACAATCGACTCCGAAGGCGAGCATATAGGGAGGGCAATGACTCCACCCCGAGTTATAATCCTCTAATACCAAACGCTTGGAGCAATATTAGAGTGTCAGTTATGCCTTGAATCATAAGCCGAGAATAGGCGGCGATGTATAACCGTACTCGGCTTCAGCGAGTCGACG,170,48.82,Saccharomyces cerevisiae
SEQ_940252,TAAAACGCAAATCAATAAGATGAAATAAGAACTTTGTTGCACATACGTTGGAAACCTTTTGGATAACTGACCGCGCCTTAATGTCCTAGGGAGGTCATTCTCGAAAGGCGAGGCCTGGTCTCTCCAGACCTACCTTTTTTCCAGAGCGTACATCATTCTGCCAAGAGGCATAAGTTTATTTAGACACGTTTGGCAGCGCGCCCGAGACACTTCACGCGCGCTGACGTCCAGAGAGTGGACCACCGTTTACTTGGAGGGGTTTGTTAAGCGCCTAATCGTGCGCTATACTTGGACACTGCACGCTTGGTTTTTAACCATTGGATACGTTCTTGGCAGTTGCCAAGCAGCTTTCGACGACAGGTGAACTAGAGGTGTAGACGTAGAACATACCTTAGTCAACCACAATACCTACCTCTGATTCCGTACGTAATTCTCCCGAACGACGCGACTATTACGCTAAGGC,463,47.95,Escherichia coli
SEQ_196358,GTCACCGCTAACGAGGCAACAAACTTGTTGAGGAGGAGCTTACCTTGGTTTCATAGAAACATGTAAAGAACTAACTTGCCTGTCCAGCACTCCTCGAGTTGCCGCCACGGTTGCTGTCCAGAGAGGAGGGGTACCGTGCAATCGGGATGGATAACGGGCAAGCGCTCATACAATCTCAACTCGCGGGCCGTTTGGCGCAGAGTGTGCCATCATCGCCCTGGCACTGCAGCTATACTTAGTTGTCTTCCGGAGTATCGTGTACGCTATGAAACGAGACAGAGGGTGCGTTAGGGGCTGTTGGCCAAAGCGGGGAGTCGACCGGAGCAGAGCGACTAGATCGTGGACGCCGCTTACCGGACGTTAGTAGACATGGTGTTTATGGCGAAACAAGTACTAACGACGCAACAAGAGTCTCTCCTTTAAGACAACTAATACGGGAAGGAGCTCTTGCCCCGTGATACACCATACCACGAATCCTCGGAGAAGATTGGTTACTAATAGCGATCCACACCACTTGCTACCATCCATCACTGATATAGACTGTACACAGGGGCGTTGAGGGCTGGGAAGACGCCCCGGGGCTCATCGGGTGATAATTGTGTGGGTTGTTGGCGTGGACTCCTGAATTTGTCGAAAGCGATGCGTCCGCCCTGGGTCAGTCCACCTGTGTCGGTCTCGATCTT,683,53.59,Saccharomyces cerevisiae
SEQ_350017,GCTATTAGATTCGACCCTGGTTAGCTTCGGAGAAGAGTAACGATCAACACCTATGGACCAAATAGAGGTCACCGTTGCCCACCAAGCTTCATGCTATAACCGGCAGCATTGTGTGCAAAGAGGCCCGTGTTATAAAGCCAAAATGTAAGGTGCACGTTTAGCAATACACATGTGTATTACGCGAATATATATCTGTCTGAGGACTATCTTCCTGCACCCGCTAGCCCTATCCTGGCTCTCCTCCGTAATGGGATCGGGCTAATGCGCTTAGATGCAGAAGGGCTTCTAGTAAGTCGGCAGACCGGGGTTGTAGAGGCCTGTAATGTAAACGCACGTTGTGCTTCTCGAGGTGGGGTACAATTGAGAATCTGTGGATAAGTTCAAGGCGGCGTTACTCGAATGTGGGCTCCGTGTTATAGGATGTGTACGGCGCAACGCTAGGACGTCTGGTACGGTCCTTACGCAAAGTCCGGTCCCAGGAACATCAAAGGCAGTTGCTGCCGCTCCCATTGCCGGTATTTGGGTATTACGTCTTAAAAGTGCCAGGTGAGCATTGCTCGTCTAGATTGGCCGAGGTGCGGCGTCAGAAGTCGTATAAAGCTCAAAGCGAATGGTGTGCTCCTCACTTGCGAGCGCTCCTTGGACGTATCATTTGAGAGTCTGCCGACGGCGCGCAAGAGAGCAACTTACGACACTGAACGTCAGGCAACCGCGGTGTTCCGAATATAAGGCGGATATATTACAGAGGGCCGAATGGGCGCACTGGTGTAACGCACAGCTTACTTGACTAACTGATTAGGATATGATACCAAGACTGAGTTGTCTCGCCAAGCGGTATCCTTGGCCTGGTGCCGAATTCCTCAGGACGTGGAACCAGATGTCAGACACAGTGGCTACACGCTCGCGAGCTGAAGCCTCATATCATAGGTACGTTACTAGAATGGCCTCTCAAATAGGGCAAAAGTGGTCGATATTACTGGATTCCCATGCCTCGCAGCCGCGCCGACCATTTAGGCAGCACTTACGGGCACGGGCTAGTTAAGTAATGGTCGAGTTACCGACATCCCTTCTAAATGAAACAGCTAGTAATGGCGTTAGGAGGTGAGGGAG,1110,51.17,Caenorhabditis elegans
SEQ_745026,AGTAAGAAGGCCAGACCTCATAGCATGACCTCGCGTGGCACCCCTATACCTTCTGATTAACGGACACTGTAACGCGTCTAGATTGCTGACTCGCTGAAGTCTACCCTCCTTCAAACACTGCAGAAGCGTAAGAAGTGGAGGGGGTACTGCAACGACCCGGCACCTTAAGCTACATACGATCTGCAAGTGGTAGTGTTCGCCCTATTCAGAGAGCACACCAACCCTTTCCATGCCTCATTTTAGCATATGTCTTCTTCAAATTCTTCCAGAAGTCCCCATCTATGTAGCCTAGCGTCAGATCAGCCTTACAGGGCTCAGCCTCGGCATAGCCAGACATAAGTGACAGGAATTTCACCAAAAGACTGTGACGGCATAGTAATTGCAAAAACGAAGGGCTGAACAAACTCGGAGTTCTCTGAGCTATCCCTAGTTGGACCTACTCATGCCGAATATAAGAAGCCGATGCTAGTGTAGTCGCTATCTATGCCGTGCATTTCACCATATCTATTACTAACGTAGATTCGGGTATATCATTTGAGTAGCCAATCCC,550,47.64,Caenorhabditis elegans
SEQ_695891,GACCTTCTAGCGTCTTTTGCGAGATTCCGCGCTAAGAAATCAATTAGTCTTTGCCCGTTCCGACGCGCGAAGAGCGCCGGGTCGTCCTACTCCGTTTCCATTCGATACGTCAGGTGCTCTTTTTTATTCATGCCGACTCCTTCGTGCTTGTGCGTACAGAAGACCCCTACGGTATGATAGTGAGTTACCCCAAATGGTTCTTTTGTGGTTTGGCGTCGGCTAACCCGTATATATCCTTGGGAAGGGTAAGTTCCTTTAAAGGAGTCCAAACTCTG,275,49.45,Caenorhabditis elegans
SEQ_257803,CCAGGCACGATGAGATGAGACCTAAGTTCCTGTTATTCGAACTCATCAACCCACGTAGGAATGCCCTGCTATCGCATATCGTAGAGTTCACGTGTTACTAGGATGATGTACCAAGGAGTCAAGATACATAAAGTCTGTGATGTGCCCCGTCATACACATAAAGTTGCTAGTCCAACCTACGGTCCGAATCGGCGTTGACTACCATAGCCGACTGTTTACGGTCCCGCCTCGACAGTATACTTGTGTTCTTTGATGTAAAGGACCTAGCGACATCGTGTGACTGTAAGAGGCTCACTCAAGACTCTCTAGAGTGCTCATGAAGGTAGCCCCCACCTGTCGGCGTCAAACATCTCAGGTATAATTCAACCGTTAGGCCAGACTCCTAGCTCTAGCCGGTATTCGGAGGATGTTGTAGACTAGCGATCTAGTAAACATACCTTTAGAGTTCTTGGAGCATGTATCGAGAGCACGGAACGGTCTCTTACTCTATCTACGCCGGAGCGTGCCTAAAAGGAATAACCGCTCTAATGCCCAGAATATTGAACTTAGTTGTCATCGCGTTGTATATGTTGACTGACAGCTTAAAAAAGTACGCGACCTCGGGTTTTCAATCACCCAGATCGTCTTGTAGACAGTCGTTGTTAAGACACACTAGCTTTTGCAGAGATCGTGGGCTCAGATATTCACGGAAGGATTTCCCATACTGCATCCTTTCCTCAATAGTCCTCTTGGTCCAATAGAGTGGAATTTATGATCTATCCTCACGTTTTTCGCTCATTCGAGGAGCCGTGGTCCCTGAATTAATTCTACCATGTTGAGTGTGTCGGTTATGAGCTTCGTTTTATGCAACGCTACTGATAAGTGTTGTCACAAACAAACTTAGACAGCCATCTTTGAGCGCAGAGCCCCGATACGCACAGTGAGCGCCAGCTCGGCCCGCTACGACATATTGGGTAGTTAGCTTCCGGCTTGCGAGACTGTGGGAATCGCATGTGTAGGATGTTAGTTGAAGCCGTCCCTAAAGGTGCAAAACTGGATCAGCTAGGACACTGAACGTCGTTCGTCGCGCAGAACAGTCGGCCATAAGTCTATCGTCTCAGTCGATGTTCCCAGGGAAGCTCTAACGGCCCTATGACAAGGAGTGATGACCACAGGCTTGTTGCATTATATTTACTAGTGCAGCCATGTATTTCTGATATCGCTTAGTTACGAACGGTACCTATCGCAGTACCTGAATTCGTCCCCTCCATATGGAATTAGAGTGAAAATACCGAGCATACCGCATTTCTGATCAACATACGAACTCGTCCCGCCTGTCAGACGCGCCGACGGGGTTCTATCGACGGGGGTGTGTAGGAGGAGACGTCGTCAGTTTCGCCTTAGAGCACGTTCATATTGTAAGCACACATCTAGCTCTTTTTTACGGCGATAAACAATCTGTATCGGTGGACGTATAGCACTAGGTTAAGAGGCGGGGAGATGCTTTATGACCGAGCCTCACATTGCCTGCCTGATCACCCCAAGGCCGTGATAGGCCATTACCCGGTCGTACGGCGGCGACTCGCCACGTGACTTCCAGGACACGCTAAAGGTGCAGGGGAAACCTAGTGTCAGATTTTGAAAAAGGATGTCCCGGGCATCAATCCTGCCGAGTGCTCTCAAAGATTGTGACGTTCGCCATCAGTGAGGAATTCCGAAATTAGGATGCCGTAAAATTAGGGGACGGCTAGAGGGGACATCTGCCAAAATTTTAGTCTTACCGTGATCTTATATTGCTTAATATTCGTAGAAAACTCTCAACTTTATCGACGATCAATGCGATGAGGTGATTTCGGATGC,1839,48.12,Drosophila melanogaster
SEQ_669078,AACCGAGCATCCTCGAGTACCCCTCAGCCACGATGTTCCACCCGAAATAGGGCACTTAGGGGACACATGAGATTACCTTGACGTGCATGCCCAGGCTTATCAAATCGAAGGTTCACGCAAAGCGCATCGGATCTGCATCCCCTAGTCGTGGGCAAGATAACCCCGATTAAACCTGCAAGTGTCCTGCCGGCTGAGAGTCCCATTCGCTGCCTGCTAACTGGGAACTAAATCTCTCGCAGGTTACCCACAAGTCCCAAAAACGATGTATGGCTATCCAGTCCTCAATCTATGAGTGGGTTTTGTCATAATCGGCTACACGGAATCGGCACCCTTACGTGAGCATTTCTGTATTTAGCGATTGTGTATGCGCAATGGCACCAAGCGTTCGTCACGTATGGTGAAACGTGTGGAGCCTCGCTGCATTACAGTCGCTGCACGGACCCCGTGGTCTCGACTATAGATTTGAGTGCTGTTATGCAGGACTAGCCTCCTGTTGTCCACACTACACGACAGATCTTGACCAACTGCCAACCCAAATTGTATTCAGCGGGTATGGTCGGGCTTGACTGATAGGCCAGTACCTATTCCCTCGTCGCTGCTAAGGCAACTGCTTAGGGACGTCCTAACCTGCACAGTCTATGGGCTCACCGAGTCAATTAAAAAGTCATATGACCAGACTGTCAGTAACCCACAAACGCTTCAAAACAAGCTCCACCACTCCTGTAAGACAAAGCTCCAATATCGGCTGCCTTTAGCGTCTGGTGCGGGCCAACCGCGAAAGGAAAGCCTTGGGGCCCGATCTATCCGTACTCCATCACTAGATTGGACCATAAGAATATAAATTTCCCCAGCTGTGCGGGGCAGTTTCGGACAGTTGCTCCATTGGGACCTTTGTAACACGTTGGCTCCGACATCAAGCTCCGAGTAATCCCCATTACATGAGAAGTGCAATGAAGTCTGTTTGTTGAAATCAAGTGATGTCTCTCCTGACTGCCCCTGCGTGTGTGGATGGCTAAGATGGGGTTACCTCAAACCTGGTAACCCTTACTATTTGTTACCAACTAGTCTGAGGCTAGTGTACCGCTTATACAGACCTTGCCGTATTTGGGGCCATCCGATGCATAACTTAATCGGGATGGCTGGAGTGTTTACACGACCAGCGTCCGTACTTGACGCCAAGTAATGATCACTAGCTGAACCTTGGAACCTTGCTGTATTCCCATTGTTTCATG,1232,50.24,Homo sapiens
SEQ_621745,AAGCCCCTCGCGGCGAATGCTTTTGGTCTGCTATATCAAAAGGTTAACTCTGGACTCTTATCGGGATGTCTGACGTTCGGATCCCTATTGTGTCCCGGTTGTAAGATACGATATTAGGGTCTGAATACCTCTCACGCAATGAACTCCGGCGAATAAGTTGATAGCCGAATTGAGGCCACTAGCCAATTCCCTTACTCCTCCACCCAGGATGTAACCAGTGGCCACTAACTTTCCGCGGTAGCTACTATTCGTTAAAACAGAACCTGGGATATGCGCCGGGGCTGCATGCGCGGCGCAAACTGTTCACCGCACTCTTAATACCCTAGACGTGTCACGGGTCGTGAAAGTCGTCGCCATGCAATTTATCCGCCATTCACCTAGCCCGTTTAGCTACAGTACTATATAGACACCAGATGTCCGGGTACGACGACTGAGTTGTCAAGGCGTGGCTCATTTGCGTGACGTGGAAATGATTTCGTTTTAGGGCTACTGGTGTACAGCACCGGAAGCCTCACACTTGAATGACTTGCACTGCCCAACCTCCTTATCTCGCTGAGTTGCTACCCCGAGGCCCGGCCAAATAGAAAACCCGTACGTACCCGATGTACGCCAAGCCTACAGGCCTTATTCATGGCCTGCAGTAGTGATCAGAACGGCGGGTTGTGGCGCAACATTTGAGTTCGCCGCTTAGAGACTTATGAGGCATCTCGAGGACGACTAGTCACCCCCCCGTGTGCGCATAGGTTGTAGCGCGC,755,52.32,Mus musculus
SEQ_906195,ACATTCTTCTATATGCCTATCTGCCACTCGTTAAGGAGTATGTTAATCAGAGTCCGGGGCTGAGACATTACGCATGTAAATCGCAAGAGTCTTCCGACTTAAGTCAGCGATCCAGTGGTCACTGATTGTGTGGGGTCAGATTTTTTATGGTCCTCCCCTCCGCCGCGGTTAATCTAGCTCCAATGGATGGGTAGGGGATACTGCTTAGGATTAAGTAGTTAAGTCAATGTTCACGTCCGTAGCATATGGGATTGTTGGTGTATTGTTATCGAAAGATATGATTTACTTATACGCGTCCGGTCGTCTAGGATCTAGAGCGTTGTAACGGTCTGCCATGGGACGAAGCGATGGCCACAGGAGAGGGCTCGTACCCCGAGTCCGAGGCGACCGTGATAAGAAGCTCCATCTTAAGTGTT,416,48.08,Saccharomyces cerevisiae
SEQ_348697,CCTACCTGGGGATGGTCTAAGAGGGTCGCGCAACGCCCTGTAGTAGCGAGGTAGTCCCCAGCGCAGAACACGTCGGTAGGTGAGGAGTTTTCCCGTGCTCTTTAACTCTTATGCTCACATCCGAACCGACGTCCGTCTTTTGAAGTACTAGGTGACTCACGACGTAAGATGGCCGCACCCGATCTACCCGCCCCCCTCGTGGCTTTCATAGTCTTTGTCCATGGTGCGACTATAGCGATGAGTCCCCGAGGATCCGTTTGCATCATAGTCCATAAGGGTCCATCAGATCAAGGGGACATCTTTGGGACCGTGCAGCTAGCTTTCTCCTTGTACATGCCCGGAGGAGTCTCTCATTCCCTGTTTGTTTGTGATTTATTGCATTAGGCTTCCGAGCACCTCTTTTCGTTTCTCCAAAGGCTGTACTCAAGCGTACTTTGTTCTTGTGCATTGTCCGTAGCCACAGCTTACTCTTACCCCGTGTGTACACTTCGTTAATGCTTTTTTCGTCTACGGTTCGGGAACTGGACGCTTAAATTATTTTCTGTATAGTTAAGCCACTATGTCCACGTCGTGTCATCATATAATACATGATTAATAGGTCACATCGCAAGGTTACCGGGCAAATGCCTAGGCGTTACAAGATTTACAGAATAGATTGATGCATTGGCGTCGCTTCGGCTATCTACGGTAGAGGAAATGCTCAGAAACAATAATGTAACAAAAAAGGTGGAACGTGCGCTCCGTTGCCTCCCTAACTGTCCTGATCGAAAGGAAATATCACTATCGTCTTATACTATTCGTAGTGATTGACAAGGCGATGATTGATACGTGCAGTGTATCACTGGAAGGCGGTTAGCTTTCAATATCAACTGCTAGCCACTAAGTTTCACCCCGATTCATACTTTCATCTCCCAACCGCCGAAGATCTTGATCTGACGGCAGCTGATTATGCACGTTTAATAAGTGCTATTGTCGATATAGCAACTCGAC,990,47.37,Mus musculus
SEQ_269019,AGCCATGGCATCAACTTTAAGGCGGAACAGATTAGATTACATCATCCACACGGTAGCAAGAAGTGTTCCGTTGGCTTACCCCTTCGCAGGACCGCATTTTGTCCCTCGACTATGATTGATAGATTTGGCCAATTTTCACACGAGCATCGGTATGGTAAGATTACTCCGTATCCGTGGGCACCTACGGTAAATCTTAGCCGGTCCTTCCATCACCAGCTTTCTTGCGCGTGACACGGTTGCTACGCCGCTGACATGTCTTAGCTATCCAGATCCGCACTGGACGACCCAAACAATTTTGCACCAAAGGAAAATGATCCGGTGAGGAAACTACATAAGGACTTAGGTCCCTGACCAACCTTCAAAATTATACAGATCCGCTGGGTCGAACTTATTTTGGAATCCTTGACCGCGAGAAGTCTTACTTAATTTGTGTAAAACGTTGATAACGAGATGAAATCATGGGGTGCATATGTGAGATCAGGAGGCCTCATCGTCAAGAGATACCG,506,46.84,Caenorhabditis elegans
SEQ_248518,GGAATACACTTCGTGCACTACCTACCGAAGTTAATTCATTGTGTCGTAAGCCGTCTGATGTTTAGTTCTGTGATAATCGCTCTCGCCGGTGGACTAAGTCTTTCCCATTTAAGCTAGCAACTCTGACTAAATAGTAATGCTTCAATAGGCTGGTCCGCACAACATTAATTCAACAGCAAACTCTCGCTGCGCTGTTACCTAAAGCCCGGATCGTGTAAGCCCTTATTTAAGTAGATACCATCCTGGTGATACTCGTCTGATTACATTCTTATCCGTTCTTCACTGGAGGCCTAGGCAGTCTGGGGTTTGGTTCGGACGTTTCTACTGGCAGTTTGAGTCCAATCCCGGCTAGTTGCGCTCCTAAGAGGTACGCCAGTCGAGTTCCCCGAAGAGGCAGCATCATTGTCTTTATCTAAACTCTCGCTATCATATGGCACCGAGAAAGTCTAGTCCATGCTTAGAAAATCGAATTACGCGCGATGCTCCCAGACTAATGATCAAAGAACTCTAGATATACACCCCGCACGGAGGGAGCGTTTATGTGGTCTTTACTTTGTGTGCGAGCCAACCGCGGGACAGGTAAATGAGTTCTCGTTATGGTTGAGTCTAGGTTGTTTCAAACATGAGCGA,630,46.67,Arabidopsis thaliana
SEQ_300455,CTTACTATAAAGTGTGCACTGGAGAGGTACTGCATCCGTACTCTGATAGATACAAGAGCAACACTCGGAAAAGACGCGAGGTGTTAACGTCGCCAAGAGGAGGTTCCTGGGACCCTGCGGATCGCGCTAGAGGGGGGGTACCTAAAGCACACCTGTTATCCTCGCTTGTAGATGCGGAACGCAAGGAAAACTACGGAAGCGCATAATGTGGCCTCTAAGCCTTATTAAAATCGATATCACGCCCGCAATTTCGTACTCGTTAGAAGGCAAGAGGTGACGCTCGAGATGTTTGACGTCTATTATCCGATAGCTTCAATCGGGTACGTAACCTGTTTTCTGATATGCAACCCTTCCCTTATTCCCAGGTTTTATAGAATAATATCGTGGGCGCCTGAGCTACGCCCGGTCAACGGGAACAAACACGTCGTGACTAGTCTCTGAATTTTCAAAAAAGAACGTTATATTGTTTATGCCCGTGAACGGGGCAGCGGGGCGTGCACCTGCTTCCGATCTGCTCGGGTCTGCGTCGACGCACACCGACGCGTGACCGTGTTCTCACCTGCGATCCTTTGGAATATCCAGAGGTTCTGACACGCACATCGCATTCTTGACGCCTCTAGTTCTCAAAGCCCTCAGGGGGATAGTGATTATACGCTGTGGACTCAAACTCACTTTTTGTCTCCCGCAATGGTAACTCGTATCTGTTTTTTCCACTCGTTGGTGCGGCGAGTATAGGCCTCTAAAGCAATTTACGGCACCTGTTTACCCCCCACGCGAACCCGTATGCCTTCTTGGACGTTCTAGGCGTTCCGGGTTCTCGATCATCCTCAGAAGCGTCTTGCTATGAATCACGTCCCACCTAGTACAGGTAAAGAACCCAAGGTACACCTATTAGCTTTAGCTTGGTGCATAGCACAACTCGTATAACTAGGAGGTTGGCGCGCCTTGTTGGCTGTTCGCGGAAAGACTAAGGTACATGCGATAATATGCCTAGCCTAGTTACTAACACGCCTTCTCAGATCGATTGCAATCTCGGATAATCACCATAATTCTATAAGCTATTGGGATGGGTCCACGGTGTACACGCCGTTTCTCCAGTTTCTACCGTGGCGTTTACCTCATGAGCGCACAATGGGACCTCAGACAGCTTAACGCATTGGGAGGCGACGAGTGGACCGAATATAAGCAATCCTCTGGATTGTTTCCCTTCTCCGACAGAACTACCATATTCTCCTACTGATAGTAATGTGGGCGGTATAATTTGAGAGATAATATACAAGATAAAGCGTTGCAGTATTCGTTGG,1304,49.0,Homo sapiens
SEQ_998514,GCAGCTAGATACGAACTGTAGTATCTTCGGCACATGCTAGGGGCCTATCGCGCTCCCGTAATGGGGCACTCCCCACCTGCGGGATTTATCGCCCTCATTGAACTTTTCCGGTATGCGACTGCACCTCCCGATTCTCAAGCATGCTTGCCGCATCGATGGCCTGACTTGGGATCTGATAGGAAAGAGCATAACTATACGACGAATACGTAGGCCGTTGAGCAGTATGCCAGGGACGCTATTCCCGGGAATACGCTCATCGGGATCTTTTAACACAGTCCCGTCAGGCTAATAGGCCAACAAGTAAGTATAAACACGAGCTCAGGTGGTCCATCATCGTGCTTACTACCCATCTGTGATCTGCCGAATGGTGATAGTATTCCGTTCAGGTCGGATCTCCGTGGGGGTGCGTTACAGCGCATTTGTGTGACAGTGGCTTAGGCCATACCAACATAGAATGCGGATCACGAGGGTCATTGGTCGTCAACATGAATTCTCATGCCATGCGCGATTAATGAGCGACTCAACGTAATATTATTCCGGGTCACTATAGGTTCCGGGTTGGTTTGTGCTGAGCAAAGGGATATATAGATTTAGCTCACTTCTCGGGCCCGTATCCTGCCGCGTGAGAAAATTAGGTGGCTATCGGACGCCATGTTTCGGTGAATAGTTACTAAGCGAGGTCCACCGATGGCCACGAGAAAAAAGGCAGGAGAATGCGACTCGGTGAGTAGTGTTGCGGCGTTATCCGTTTACCACGCTTATAGTCGTGGGGCTAACAACACAGGATCCAACGTACTAAGCGAAACAAATCATGCTGGTGAACCCTTGCGCTCTTTCATACGAATGCAAGCCCTTATTATCATAATGGGCAGGGTCGGGCTCCCCCCTATCTATACAAGATTTGACTGGACGCGAACGCGCTAAGGGGCCGTCTTGATCTTCACACCCCTCGGAGCATTCAGGGTATCGCGCGGGTCACTTTGAAATTCCGAGGTGAAGTCACAATCGGTTATTTGAATTAAGAAACATCGTCTGTATACGACTTAAAAGGGTGTGACCCAACCATACGCAACAAGTCTCGAAGCAGGACAATCCGGCACCAGAGAGGACATATTCCAGTTCGTGAGAGCGGCGTGATATGAGGTCTAGACAGACTGTTCGCCCAAGATGGGATACCGAATATTGCCAAGTTAGCATTACGGAGCTAAGTTTTGGACTGCTCAAATTGGCACTTAGCGAGTTCGGCCTAACCCCCGCACCATCATCACGCTTTTCTTGAGTGGATACTTCCAGTCAAAAGTGCGCTAGCCCATATCTCGAGGTGGGGACTAACTGGGGCGGATATCAGTGCGTGATTGCTTTAACGCTTATTTGGCTTTTTTCTGTCTGGACATGTCTACATTTGTAAGTTTTCTAAACTTTTTCAGTCCACGGCCAGCATGTGTACATTCTCGGGATCTGGATTTCAGGTGCTTGGATTAAGTGCGTCGATCCCGCAGTAGAAACATCGTAATCAAATATCTCGTCGGTGCGATTGGTACGACTTACATGCGAATCAAGGTTCGATGAGCGCGCCAGCGAGCCGCTGCTACCGCGTAGAGGGCAATTGTTATCCGGGTTGTTTGCCATGGCTCCGCTCACCGTGTGCTTAGATAACTAGGCCGT,1665,50.03,Drosophila melanogaster
SEQ_567371,TCGCTACTAAGCAGCCGCACGCTTCAGCGTTCGGCACCTCCACTTGCTGATCATCCGACCTATGATCGCGGATTTAACGAGCTAGGGGGAAATGAGTTCCCAAAGCATTAGGATTGTTGGAGAGCCCGCATTTCCCCGCTCATGAATCTGCTGAAGGTTAAGTGCGTGCGTATGTAATCGTAGTGGATGATAGGACACGTTAGGACCACCAACTCTGGGTTATAGATACTGTCATTGTTTCAATATAAGGAGTTTGACTTTGATTGGTGCCGGGGACCCAGGAGCGTTAATCGAGCTAAACCGGATTAACGTGTTATTTTTGAGCGTCCGCCCACGCGTAGTGGGTCGGAACATGACACCCCATACTCGATTCTTTTGCCAAAGAGCTTGCTATCCCCATTGAGCGAATCGAGCTTGACATACTTGTAAGAAGCCGATCTCGCGAGGGGCTTGGCCCGGGACTGCCGGATAGCTCGCCGCTCGTCCCGATACCCGTGAAAATGAATCGATGCTTCCCCTGATCCTTGTGTTTCGCGACCCACCTCCCTGTCCTCATGGACTCCGTAATGACTCATTCAGAACTTAGCGATGCGTAGGTCGGCCATTAAGGTAGTCTCGATAGCATTAATGTTTCATAGAGCTG,643,50.86,Drosophila melanogaster
SEQ_620411,ATTTGCCTGTCCGCTTATTTGTTAGCCTATCGACAGCGTTACGTGCCACGGAAAGCAA,58,48.28,Mus musculus
SEQ_296485,CACATAATTGCAAAGAAGTCCCGACTAGGTACAATACAAGGGTTAACCGAGTTAGTTCATCCGATAGAAAAATGAAAAAGGTGGATTTCCATGTGTTAAAGCGTCACGACTAGTTCGGAAGTGTCTTGGTATCGGCATGGCCGACACCACCTTTAATCTTCGCTTAGCTGGCGGGTACCCCGTTAGCCAGGCAATAGGATTCCCGACGTCATACATGAAGTCTGTGTCCTAAATACTGCACCACGCCCAGGCGTGGGGTTTTGGGTAGTGGCATATATACAATGACGCCTAAGCACTTCTAGGAAGCGAGAGCACAGGACGCGTAAGGCGGCAGCCTGTCTTCTAGTATTGGGGTGACGTGGAGGCCGTTGACGGATAAAACCTCCCATGAGCCCAGTATGGCGCGTCACAACTATGTCGAGTCGATGACAGAGCTAACGCTGGGAGTCCTTCTGGGAGCACTCCCCCGACCGTTCTCATGTTAAGGACACGAACGAGGCGGTTTATTGTTCGCGATCCGGCTCGCCCTGTTGGTCCAAGTAGAGTGGGCTAACGACAGGGGGAGGAAATTGGAAGCTTTCCTCTGTCACACCGCCCCTGGCCCAACTGCATTGTCCTGCCCGCAAAAGCGAGCCTATTAGCGCAAGTGTTTTTCTATCTCCGATATGCATTGTCTTTGTGGGCCTGTTAATGTATCACCAGATCAGACATTGTCACCAGCAGTTAGCGCAGACCAATCAAGCCGCAGGTGGGGAACCTAACAACGGTTAATA,773,51.49,Drosophila melanogaster
SEQ_368729,GACATTTATGAATCAGTGTAAGAGGAAACAGGATGTCAACTACTTTCGGCACGATCCCTCATCTATAGACGCAACGAGTTGGACCAACATGCAAGATATGTTAGTCCCCGCAATCAGTTGGAAAGGTCTCTCGTC,135,45.19,Drosophila melanogaster
SEQ_322960,TCGGCGATTGCTGAAAAGGGAGAAAGGCTTCGGTTAATTCATGACTTCCATCTTCTCTTGTGCTCAGCCATCGACTGACCCTTCCACATGCCAGGTACGCGCGGGGTTTTTCTCTTCTGCGAGCCGAATGAGACCGAGCGTTTAGCTTTAAGAGACAAGCAGCCTGGCGTTTAGAAGATGGGACATGATTTTGGAAGAAGGAGAATTGCGAACTGCAACTACCGCAGCCACCGGTTCGCTTGCACACATTGCCCAGTTCATCATTAGCTGCAGGGCGGACATTCTACGAATTACAAACGAGTCATATAACCTATATGAGATCATTAAACCGAGGTCGGGAACACTCCACGTCCGAGAGTTGCTCGCCCTGTGGACGTAATAACACGGACATTTTTCAAAGCGTGTAGTTTGAACGTAACCATGGAAATCATACTTCGAGTCGCAGGTACATTAGATGTGGGCATTCAATTCATTGTCAACTGGCATTTTCTGGGAAGCTAGCAATATTAACATAATGCATTGGGGCAGGCAGGGAAGAAGGCGGGGTATAAGTTCTTCCGCAGCGGCCGACTTACTTTCAGCAATTGAGGTAACCCGGTCT,601,48.25,Saccharomyces cerevisiae
SEQ_637900,AGTCCAATGCTGTGGACATTGCGTGGAGACTCGATCTACGGCCCCACGCGCTCAATCGTTGTCCGCAGCTGTCAACCACAAAACCTATCTAGTTCCCTCGACCATCTCAGAATATTAAGTGGGTCAAAGGAGGCTTAACGTCTTGCAGGGCTGTGGAAACCTCCCAACTTTTTAAAGACACTATGTACTAGCGACGGATCATAGACAATTGCCCATGAACTCTCGAAATGAAAAGAACGTTGTCCTATACATTGCACACTGGGTCCTATAAGAGAAGATTTGATAGCACCGTAGTAACCTGTATGTCCTTTAGAAGACCTTCCCCTCAACCTTCCCCACCTTGAGGGGCATGTACATCTGGCAGGCTCAGTACATGTGGGGGGACACCATTATTGCGTTGACTGAGCGCCGCCCACGCCGTAGTAGGAGGACGTCGTTCAGCATCTAAGCATAGGGGGTAGAAACAGTACTTTTGATACCGGCAAGTCAA,490,49.18,Homo sapiens
SEQ_152490,AGCCTGAACCTCAAGCCCGTGGACAACAATATTAGCGCCTCCCCTCGACCCTCTAGTCTCAGCCACTCGATTCTCAGAGAAGCTATGCGCAATGTCCTTGCAGCTTTCAGCCGCAATCGGGATGTGTAATGTGGCTCAGTCCTTCGAATTCAAAGTATTTGACCTGTGGGACCAGTCATGCTATGCATGTGGTCGTCATCACTAATAAGTACGCTTAGGCTACCTAATCACCACGATTGGCACGTCTGCTTTGGGTTCCCGAAGGGTAGTGGAGAAGGGAGAGCGCAAGAGGCGGTGCGTAAAGTCTTACTCTATTATAACAGTAGGACGCGATCCTGACTCTGATTTTCTGTAGAGAGCTGCGTTAATCATTCGGCGATCCAACTAACTGTCCTCTGTAAGTCTTGATGGTGCTCCCCCTGTGCTGCAGGAACTTGTTGATGCGACGAGACTTTCTCAATTATGCCTCGAGTGTACACAGAGAACTACTACACTCACCTGAGCGGATGTGGTTATTAAACTTGTAAAGACGAGGGCGCCAATCGTGGTGCTCACGCACCATCGCTCATCGGTAAAACCGTCTCCGCGCGGCCAGGGCTACTTTCTGCTATCGTCGTTGTTTAAAAACTGCAACCATAGTAGGCGTTGAATAATTCCCCCAAGATCATGTTAGCAGAGCCTATGTGGTTTTGGGTCCAAGGAGCCGACCATTGACTACGAGTTAGCGTAGCGGTGACACCACAAACCTGGGCTCTCATTCTGTCAGGACATTACATCATTTCCCATTCCACTAAAGTCCGCCGTGTGACACTATAGTCTATTGCCAGCCATCATACTAAGAAAAAACTCCTTCCGGTTTGCCGGAATAATTTTGTACTTTTACAATTGTATGTATGGGGGAACTCACTAATTCGCTCTGTCGGTCTCCATGCCTCACATGATAGGTTGATCGT,953,48.58,Mus musculus
SEQ_903850,TAAAGACATAAACAGTCTTCACAGCAAACGTCACCCTATCCGATGGCGGGGGTTCTGCGAACTGAGATGCTTCGTCGCACCCCGTGTAATATCATAAGTCGGACTAATCGTGAAGACGCACTCGTTACCCTGGGGACTTTACAAATTCCATTAGCCATGCACGTATGTCATGACTAACTAGTGCCCAAGACGCATATTACTTTATTTGAATCTACGCAGCACCCAAATCAGTGGCCATACCCCTCTTCACGGGGCGTCTCACCTGTAAACTGTGATTCGGTGAGTTTTGAATACGTCACCGCCTTCCCCCACTGGGATAAACATCCACCGCGGGTCACGTAAAGCCGGTTAGCAAGCGGGGTGGGTTATACCTGCATTTGAAGAA,385,49.35,Homo sapiens
SEQ_591542,GGATGAAGTTGTGTGATTAATATTTGGCCCTTACTCACGCTCAGCTGGAGGCCCTCGGCCATCATGGTGAAACAAGAGTTACTGTGATAAGTTTAAGAGGTCAAAGTGATAGAGGTGGAGAAACGCCCAACGTGTTACCCACTCACTAGCCATAGAAGCACTTAAATGTAGGGATCAGGGAGGATGCGCACATGCCCGGACGGGGCCTGAATGACCGCGAGATCAGTGCATGCGCGGAGTAGTAGGCAGAGATGCCCGAATGATCCGGAGGTATGCCGAGCCTTGTCTGACACCTACTAGGCTACAGCCATACTGTCAACAAGTCTATACCAATCTGATCCACCGGATCAGAAAATAAAATAGCGTCCATGCAGCCACCAATGGGCCTTCATTCAAGGGGAGGTACGATTGGCTTGGCGGCTGATCTCGGCGCATACTGTCCCCGGTGCAACCGGAAATGTCACAAAAAGAGACCTCACAGCATGTGTGATTCGAACGCACTGGAAGGAGGTACGCTTTTCAATATTATTAACTCCGAGTACTGGGCTTAATGGCTCACTTATAGGTGTACGGCATACTGTAACGAATTATGAGTTTGTGGGAGCATCCTATAGCATCAAACACGTTGACTGCTATCCAGTCACGCGAGAGAGCTTTAATTTATGCCAAGAGCCACTCCGTAAATCTGCACGCAATAGCTTATACTTTTGGGCATTTGTCACTGGTACCATTTATTCGAGGAGAATATTCCCCCAAGCATTAAATGGTGAATGCGTAGCACTAATATAACCTCCGCCGATGTTGAGGCCGCTCGTTTTGCAAGCGCACCGCCACGGAATCGAAATGTTGGACAATTGAATGATGGCCGGGAGGACGTTGCATGCCTTCTAGGACATACCTTACTACCCCTACAAGGGAAGATGAGGGATAATGTGTTCCAGTACCGGGGAAAAGACGGGCGAAGGTGGACTTTCGAGTGGAGACGTGTCGGGTCTAGGCCTGAGCAACACGAATTATTTACCGTCGCCTAGGTCGCTTGCATACACCTCAATGGCTCACAGACGCTACGTTTGCGAGCATAGCCACGACCAAAACCTTCCCTGCAGCCCTGCCGAATAATCGCCATCGCACTCCGAGATTTGAATTGTGGTTAGAGGGTCCGGTTCGAAGATAACGAGGAAGCTTCTGGTGGTGGAACGGCCGACAAGAGTCTAGGCTTCACGGTATCGTTGCACATGGCCCCTACGTGTAGGCCACACTGCGTGAACCACGC,1273,50.51,Arabidopsis thaliana
SEQ_670307,CTGAAGCGACCTTATTCAGGTCGCCCCGCCACGTAGCGCCGGCAAGGCCTCAATTGAGCGTATAATGCGGTTGAAACCTGAAGGTATGATCAAGGCAGGGGTTGCTGTTGTGATGTGGGAATCACACCAAACTGAATAGAGGTAGGAGCGCCTCACTGCACCTAAAGACTGTGCGTAACCCGGTGACCTTGGCGGTCGTTTTTTGGGAAAGCGTTCTCTGAAGCTGGCGTCGTTCCGGGATCGTTGAAAGTCTTCGCCGTCAGTCCGGCCTCTCAAAATGGCTGCTAGGCGCCGTGGGCCTTGATGCATTCGAGCCTACGCTGGGGTGCAGACGAGTGAGGAGCAAGATGTTACCACTATGAACTGTGTAACCGCCCAAGACAACGTAAGACCATCGCATTCGCAATTAGTCATCGAAGTCGACTTTGGATGGCATCGCCTAACACAGCGATAATTGACGGCCTTCGCACTTGCACCGGAAAGAGGGTTCAGCCGGCGGCCAAACGGGTCGAGTTTGGTGAGGTACAACATCCATATGCCTGAATACGCTAGCGGCAGCGCTCTCGCGCGTCAGTCAGCGTATGAGAAGCTTCTATCAATTCTCGTTCGGCCTGTCACTGGGGGTTCCGAAACACCATTAGCTGTGATTATTGGGTCTAATGGTGCTCGACATAGATTTGGCAAACAACCCGTTCTCTTGGACGAGATGCACCGGGCTTATTATCATGCTACGATCCACTACATGCAACGCCCCAGGTCGAATGCTCAAGATTTTGGGGTACTGCGTGTACTCGGATTGCGGCATCAGGGGTTCCGCTATCTAAAACACTGTCAAAACAAAAACTACGGCCACGTTACCTCATCATCCACAACAATTTAAACGCAATTGGTCCCCAGTCTTTCAACCAACTCATCTGCCAAGTTGGTAGCCGATGACGAACCGAATCGTGCCCCCCTCCACTTTACTTGCTGATTGCCTCAGAGCCAAAGAAGTGGACGCCCTTACTATTGTCCTCACCACGCGACGGGGACCGCAGCGGCCCAAGCGATCCGTTAAACCCTTGCCGAGCCGGCAAGGTTGACTATTCTTGTTTACAGAGACTATCTGTTCCTTTTTCACATAGAGGAAGGAAGGGAAGACCGCTGCGAAAATACGGATTGCACGTTGAGAACCGCGAACCGGTTGGATCTATATGTCTCTATGTATTTAGGAAGATGGGATCAGCAGTACCCGCAATTTTACCACTAAGATCCACGACAAATAATATTAGAGTTTTCACTACTCCGGGAGGACTTGGCCGAAGTAGAGACCAGCAGGCTAGTGTTGGTTTGAGTACGACCACATCGGCTCGCTAGTG,1358,51.69,Arabidopsis thaliana
SEQ_100206,CCAAGACGCCAGGAGTTTATGGAAAGTTCACAGTTTCTGCGAAGTGGAGTCACTCCCCTTAAACGTCCTTGTCATGGCTAGGGAGTTTAAGCCAGGGGCGACTGAACTCCATTAAGTCCATAAGGGTACTGTCCGAGGCAAACACGGAGTGCGGGAGGCGGAATCAGGCGCCCAAGTACCTCCACCCACCACAGTTACATCCGGACTTAACCCGACTGCAGAAGTGAGGATTCACATACATGAGCGGGTTTGTGGTGTACTTTCGGCGGCTAGAACCCACTTCAAGCGCAAAGTTCTTACAGATAATGGCTCGTAGTTACCCCATGGGCATAACAGCGGTCGATTGATGAGCATCCTCGGTTTGCGTCAGCAGGATGCACGATTCCGGCGGCATTGATTCCCGGCGTAGTGAGGTGAGACCTGGGAGCTCGTTAGTATGTGTCTCCGAACGAGATTTCGTAATGAAACATCAAGATGTTGTAGGATATTTGTCAGGGTCTGGACCGTTGACCTTGTGTCCGAACAGCTCGATCCAACCGACCTAATTAACTCAGAAGTCCGTTCTTGGACTTTCCCCTCCTAAAAGATCTAAGAATGTACACAATAAACCCATGCGGATCTCATGCGCAGAGGGGCCGCCTACCGGGGGACCAGATGCTAAATCAGGACCTTGTTGACACTTAAAGGTCTAGCATGCCCCTGCTCATGGAGGCTTCGGTAAGGTCGCTAAGGGATACATTGTGGGGGGCCTCCCGCATTAGAAATACAAGCATGCCCTTAACGTGGTTGACCTTCGTAGAAAGCCTTTACGCCACTTTCTGTGTTCTAGACGACTAGACGTTGAAACAGATTAGAGTTCGGCGTACAACAACGGTGTCATCGCAGTAAGGTTATATCTATTCTGGACCTTCCAAGACCCGAAAACAGGATTATGGGGTACATGTGGTGCTATCCGCGACTGAACTTTATTGCGTTTTAGCTTTACTGCGTGAACATTCAAGTAGAAAAAGCTAGACCTCTTAGATTCCTAAGCATTCTTGCCGGCATCTTATCAGATGGCGCAAATATGGAAGTAAGGAATGACACGCATTGGCAAATATAGGCCGAAGTTGTGGGTGACCGTAGAAATGCCATTGCGTGGCCTTCTGGTAGTCCTTATGTCAGTCGAGTGCG,1173,49.53,Homo sapiens
SEQ_253366,CTAACCATTGGACTCCTGCAAACTAGGGTGATGTTCACAATTGGCCACCACAGCGTCTCGGTTTACTCGTTCTCTCCTCCTATAGACTACAAGCCGGCCTCCTCTGCTCAAATCTTTTCCGAGTCTTTTACGAGAGACGCCCTTAAGAGTTAAATCTTATTAGGCAAAAGATTCTCGAAGGAAACGGTATATTGTCCAATAAACGGTTATTATCTGGCTAGAGCCAGTCAACTTGCCGGAGGGTTCCCATGTCTCATTTCAGCGGTAGTTGTTCAATTTAGTTATAATGTTTCTACCCCAAATAAGGACTGCGACACCGGTCAGATGGTGTACTATTCGTCGTGTCGGAGCTTGTCCCGAGCGCCGAGCCTCCATGCCTTAAGTGGAGTCCCGTACGTTATTGAACTCGACGAACCCATCGTTATCTTCTTCAGTTGCCCCTCTCACCCTGCATTGAGCAATGTCCCGGGGCCGTAGTCCGCCCTCCAGTGGCCACCTGCTGTATTGCAGTTCCCCCAACTGGTAGCAATGTCTTATCGGGAATGTCAACGGCTCTCCTAATTACCCCGGTGTTCAGAGAATAAAATGAGAGCTCGTAGATCTTTATGTCGGATTTTTCTTCGACCGTTGCTCAGTGCAGCCTGATGTTACACTCGTGTGTTGTGGGAGGAATTCATCAGCCCTATACAAGGGGGCCACGTTAATAACTCGTCGGATTAATGCGACTCGAGGTGGAACTGATATATGGGCCTCCCTTGCGCAATCTATACCCACTCCCCAAGCGTTCAGAGGCATGAGAGAGAAATTTCTACCAAGATGCAGGTCACTTCGCGATCTGGGGCGTAGAAGATGACTTCGTAATTGGCTGTCGAAAGATCGGGTTCCCTTACCCTCGAGGGTTGCCTACCCCGGGGTACAGGAGTGGGGACCTCACTTACATTGTGCGATACGGTCCGAACGCTTATTAACGGCCGCGTCTGGCCAACGTAGGTTGTTTTCTTTAACAGCTACTGTCAGCCGATTTGATACCGCTCTGCATGGGCATGGCCTCTATCGACTCCGCTGGTGCTGTCCACACGCGGTACGGACCACCTGCCGAGCGTAGCTAGGTCCCATTGGTGTAGCAGCAGCCTGTGGTGTGCATCCGTGTTCAGGTTTCGCTCCTGACGGGGTTCCTCTTGCAGTACAATCTGACTATAAAGCTCCCGTCCGATCGGAAAGGTTTAGGGTCCATAGATACATTAGGCTTGCTGGCACTACGATATCGCCATACCACGCCGTTGGATGGACCGCAATCTTCCGAAGCCATTTATTGTTCCTATATGTGAGCATTCAGATTTTAACTCACCGTTCCGGGAGAGAATATCCCTAGGTCCGAGGCTATATCGGATTGCACGGGCCGTCAGGTCAGTAGCGGCTCGAGCTATGTATTTCCCATTCCCCGGTTCAGTTTGTCAGTCGGCTACAGGTACACGCGCGGTCTAACCGGCTCCTGATCGGGGTTGGCATCATCCTAAATTACGATTCACGATAGCGAGGCCATTAGAGTACACCCCAGGGTAGTTCTTGTTAAGAATTTACGCGAGCTAGGCAAGGTCACGTTAGTTCAGGCCTCAATATGCTCCCACTAGGGTTTCATCTACTAACATTCGTAAGTCGTACCGTCCACGAAGCTCGATTGTATCGAGCCGTGCGTA,1697,50.91,Mus musculus
SEQ_909088,TCTCAGCAGAACCCCCGTGAGGGATCTTTGTAGTAACGAGCCACGCGCTCGAGAGACAGCTAAGCCTCGAGCGTGGGCATTGAGGCTTTCATACCAGGATGGGAGTTCGTCCCAGCTTAGGACTACCTCCTCCTTAAGTAATTACTCTTGCATCTTTCTCCACCGTGTCATACCGTCGACATGTGCAAACTTGAGCCAATCCCCTCCCAATCGAGGGGTCCTTGTAAATACAAGGACGGCCCAGCCATGCCTTAATTGCGAGAGGAGTAACTGGCTACTGAGAGACATTAGTCTTTGGCATAGTATTCCTGTTACTCCACTCGCCCTGCCATTTTCCATACAGTCCCTACTTAGCAAAAGAAAGCGATT,369,50.41,Saccharomyces cerevisiae
SEQ_203431,CATTCGGATTCGGTAGTGGGCTTCCATACAACGCGGAATCCTGGATGGTATAAGTGGCGGTCTGAGAGTCAGCTATTATACAAATAACGTCTCCCGACGAGCAACGTCGGGCGAAGGGATCACTCCCATTAGACCGAGCTCGGGTTCATCACTACATCGGTCTTCTACACTACTTTAAATCAACACCCACGCGTAGTCTCGTTTTTATATCTTTGTCTCCCGACCCCTGTCGGGAGTAACCCAGGGACTATTACCGGGATTGATCAACATTGCTGGCCGAACTCTAGAGGCCAGTCCAACTGACAAGAGAGACTTCAGTCAGGGCTTCACTCGTCAAATCGTACAACATGTCAGACGGGCTGGGTCTAACTTTACCTTGGCCGGTGACTGTCTTAATGGTCCTCGGAGTGGTATAGAGCCCCAAAGAGCTAGCACCCTTAAGTGCTCAGGTGCCAGGTGGACAATAAGTATTCTGTCCCAAGTTGATGTTCGATTTCACCGAGGCCTACAATCCCCTGTGCCCGATCGCTCCCGTAATCGGACCCACACAACGCCACACCCGCCTTCGTTCAAAAGATGAGGGTCAAGGCGTCCGTAAAGGTGCGTGGGAAATAGGGTAACCTCTCACTTCTGGCAGAGTGAGAGACGTGCGGGCCGAGGCCTTTAGTTTCCTTGCCCATGGAGGTCGGTAGCTCCTTTGCCGCGTCCAGACGCGAAGTCCGGAGGCATGAAATACACTTACGAATATTCTTACACCTTCCTGGTACGTTCTACCATACGTAACCTGCTCCTTTCCTTTTGCATAGATGGATCCTTCTGTGGCCTACCTTATTTGGGCCTACGTCTGTGACGAACTG,857,51.81,Caenorhabditis elegans
SEQ_119567,TTCGACCTTGTGGTACCCCTTGGACCGTCAGAGGGATCCAATACGATTACATGGTATAAAAGAGTAGCCGCCATA,75,48.0,Drosophila melanogaster
SEQ_739085,GCAAGACGAGGCTATAGACTGACACCCTCCACTACCTTTAGATCGACAGGGGAAAAGATCGGATTGCTGCTGTAAAGCGGAGTGTGACTTGGGGGATGAAATGGAATCCTGCCGAGCTACGAATGTGTGATTGCTACCTAGGAGCGTGCTCACGTGTCAAGCTCCTCAGCCCAAAGGACCGCACACTTGGTCGGGGGACTCAGTAATCACGAAAGCAACACACTCATATGCATCTTTTCCCGACCCCTGTCCACCTCACGATCTTCGCCACTCCCATCGGCGATTACTGACGTCCATCGCCGCCCTAAATCTTCAGCAACACCACACGACCCTTGACCGCTTTAAAGAGCAGATCATAATCTTAGCTGTGGGGGTTGATGACTCATGCTCAGGCGGAAAGCCATCGGCCCAAGGTAGCTCGTGAATTGGGGGTGACGTCGTACTGGAATACGAGAAACGACGGCTTCATGCCATCTAATCAACTTAGGAAGGAGAGCTTTCATGTAGTAAGCTCATCGTTTCAGTCCTCCCATTCTGTCCTATCTGGCCTGGGCACGAGCTCTTCTGGAGATTCCGGTAGTTTAACAAGGCACATGGTCTTCCCCCCTAGCCTCCAACGCCGTTGGAGGCTACTGGACTATTTCTACCGGTCATTACCCCGCAGGATTACCAGAGACTGTTGACGGCCCCGGTTCTATTCATAAGGGTACCTGTTTGCCTAGATTGTTGAAAATCTTTTATGTAGACAAATCTAAGTTTTGCTGCGGTTGTTCGCCAGACAAAGACGTGAAATCAGTCACCATTGATATCGCGCAGCGGATCGGTGGTGATCTGGAGGTTCGGGGCTTGCTTTTAGGATACGACGGACCTCAGAAGAGGTACGTAATAGAGACTAGAGTATATAACACCGAACTACCTCTGCCCTGTGATCAATGCACCGGTCTAACTTCCTTAAGAGTGATGACTCCGTTGAGAACCACTCGGGCCGCTTCAGTCGTCGCAACGGGGAGTCCGTCAGAGTATAACGCGGCCTTATTGAGCATCAAGTTGTTGTGTCATGCCCGGGCCCAGATGATTTGATTACGGAACAATCAACGTAGTAGAAGGTATGGCTATAGTGATCTTCAAAGCTGGGCCGCTACTAGCGCTATTGCCACGCAGAAGTTGTATATGGTCCTTTAAACACCGCCCTAATCCAGAGAATCCCAGCTTATGAACCAGCAAATAGATAACGTAGGAAAATAATCGTCAGCCAACAGCCCCCAAGTGGTTAGGCTCGCAGAGATACTAGATCGCTGCAACCTAGCTTATCCAGACTCGTCAGTGCCCCGGTCTTGTCGTCGAATAATAAGCAGCGATTTTCCGATATGCTGCTTGATGGCTTACCGACAGCTTTTGTTACGTGGAGAATCACAGCGGCTATATTGACCCTTAAAAGTATATATAATGTATTGTCAGCTCGAGCTCTAAGGACACTACTACCCAGTTGTCGAGACGTAACAGGTGCGGACGAGGCAAACTTGTTATGAGATCGGGCTGTGATCACAGCGTACGCGACTATTTGTTATACACTGCAATGACAGCGTCTACCACACTACTAAGTTAGGGTTAAAACACCCCAACATTGACAACTCGCTCAAAGGACACCATAAGTAGAGGACCTAGAAGCAGCTCTAGTACC,1681,49.43,Mus musculus
SEQ_451354,CCCGAAGCGTCCCACAAACGGGAAATGGGGTGATACATTCATTCCCGGCAACCCGTCGTTCTCTGCCCGTCCTGACATTAGCGAGATCCTTAGGAAAGATGACTGGCACCCCGTTAATTATCAGCGGGAAGTTGTAGATTCTACAATCCATTAATCCACCCGGCACATTCGGATAAACATCGAATGCTGTAGACCAGTTGGTTAACAATTTCGGCTCGGTCAGGCGTGAGTGCTTGCAGTCTGTTAATCCTCATAGAGCTCGTAAATGATTTGCTTAATCCATACCACCTGAGCTCAGGGAGGGCACTATACCCCCCCCAGTACCAAGAAGCTAGCTTAGGTCCCGCTAATCCTTTATATAGCTCGACACAGACAGGGGATCGTGTTATGTGGAAAACGACTACCCGCTTAGATACGGTTTCATGCAATTCCCAACTGTCTAGCCCGTACATGGACCACCCGGCTGTTTGAGCATATAAAGTAGGAACTCGTGGGTAGACACATAAAAAGTTAATCGAGTGCCGTTTCTGTGAAGCTGGACCTCCGCATGATGACAAAAATGATGACCTATGGCTTGTGATCCCTGGCCCACGGAGATTTTGTTCACCGGGGTTCACCTCTCTGGAAAACTAGTGCCGAGGACAATTGGCGTTACAATACGAGAAATTGACTCCCCGCTGTACGAAAATCATTCTATCGGAGTGGTTAGAGATCTACTGGCGGAACCAGTGTGCGTCACTCTCAGTCCTGTTAATAGCAGCGACATTCACGGCCACCACCCTAGGGCGCATGTGGCAGTGCTCTTTTTCCTTCGTTCGCGAGACTGCAATACAACTTAGCCCCTCTAATCCTGCATTCACGTGTGCCCAGGGCCGTTTTGAAAAGGAATTTAGGAACCAGCTGAGCGCTAATCCAGTCCTAAACCTTGCCTTACATTCCTCAGCCGTGTCCTCAGCGTGAGTCCTAGCTTAAGCCTTCCACCGCAGATTTGAAATTACCTCGGGTGCCCGCAGACCGTATGGCCGAACTAACTCCAGTTCAGTTCCGAATCGCTAGGAGACTCCGCTAATCGAACGTCAATACCCAACATTGTATAGATGTAAATACGGAATGTCGGGGTCGCTTGCCCCACTCGAGCCTCCTGATGAGCAGCGCCTCATAATAGTCCGGACTTAGAACCGCCCTGATTCGGTCCCCGGATGACTCCAAGAAAGCTGCCTTTCTGGCCGCTAAAGTCGAACACAAGGCATTAGATTTGATGGAAGCTAGCCTTATTTAGATTGGTTACGGAAGAACCGCGTACCAAACCGATGGGGCCCAGAGTAGACGTTAGCTAGGAGTACAATACACACGTGGTAAAGTACTAATATGGCGAGAACGGACACCCCGCGCTCTGTTTACTATTAAGGCGCGTTTGTGACCATCGATTTGCTTCCCGTCGTCTTAAGCGAGGCGGATTGAAGCAGCGGGCAGGTCCGCGGGATTCGGCGTGATTTCTCTGGGCGGTCCACCCTACAGTTCATTGAGTGGCTCGCTATAACAACTACTGACCGCCTCATCATCTCCACGAAAACCCCTGAAACACGTTAAACCAAGATCATTACCGGCGCCAGATTATGCCAACGGAATCGACCGTCGCGATCATCGCTTGTTAGATTCGTCCGAGATGACTAAAGGCCACCTATGTTAGATGAGCACCAGTACGACATTATTATATGACATCAACGATGCCAGTTCTTCCGAGGTGGCGCCACCATCACACGTAATTGATCAGTGCGGAGTCTTTTCCGGTGCTGACGCTGCTGTCCCTTTAGTCATTGGTGTAACACGGCGTAATCTCAAGTACTACCATGAAGCGATTTAAAGC,1867,50.19,Mus musculus
SEQ_982101,GCACTTTTACCGAAACAAAGGCCGACGCACACCCTCGTAAGACGCGGGGGCTGCTCGCCAAGCAATAAGTAAGGATTATGAGGGGCTAAGCTGTGACCGCGAACACATGGCGGACTGCAGGTTCAGCAAGGTCTGAACACTAATGTCC,148,54.73,Escherichia coli
SEQ_889215,GCTCAGCTAGAGAGCAGCCCGCCTGACATGGTTCTACCGGTTTCTGCACTTTCAATATGGGCAGAGGTAGTGCAACACTGGCTGCGGTATCTCCTTCGGCGCCTGAAGCACTGCATGGTCTGGCTGTTTCTCGTGCCTTGACTGGCCCTAAACGTCCCAGTGGGGTTTGGGGAATGATTTGTGCTGAGAGTGACAATCCAAAATCGTATACACCACGTGAACTCCGGGCTCGGTGTCTCCCCCGAGTGGCTACAAAATAGCATAACCTCGCCTATTTGGAAACCAATTTACCCCACAGGTTTCAGCCAGTGGATGTTTGGAAGCGGAATCCCTTGGTGGCCTATAAAGTCGTAGGTGCCCCCCACTGTGTTTCTTGGATTACGTACAACTCTACGTTGCAGGAGTTTGCCCGTCTCTTACCTCGATGTCATAATGACTTACTAGTAAAAGATAGTGAACTGTACTCGAATGGATGCATCTTTTAGGGGTACTCGTCCGAAAGGCAGTGCAGAAGTTGCGCACTTAAAATTTAATAAAGCAATACGTCACCGGAAACCGAGTCAGCTAGAAAACTTCGAGTAGTTTTCAATGTGTAGAGTCGTTACGGCGCGCGATTCACTTTTTACGTTAACAACCGAACACACAGACCCAGGTCCGGGTAAAGCTTGGCCCGCCACAGTCACTGAGGCTGCTGAAGAGTTGCCGGAATGGCCGTTGCAGCAACACCGGCGCCGTGAGGCATAGCTTACGCCGGCCGTTAGTGCGCCCGGAACTCGGTCCATGCTCCACGAGGGATCAGTCGTCCCTCGTTGCCTACCGTACTACTTAAAGGTGTGGGTCACGCTGAGCGCTCACAACAGAACGGCTATCCAGCCAGTTTGTTGATTTGTCTATGGGTCTGAAAACGGAGCTTCAGCTCGGTGGTACAATGCCCCACTGCCTTACCACCTTGATCCATTATCGCTGGTTCTCTGTGAGAGGTTTGAGCACAAGCCAGCACAACAGTTACATGGATATTACAGTACGCTCATATTTCGTGGCCGTACTGAGGGAGCTGTTTAAGATAATGCCTGAAAGGATATAGACGACATCTATAATCTTTCATTGCCACCATCCTGAGGCCGCTGAGATG,1132,50.88,Saccharomyces cerevisiae
SEQ_810183,ACTGACTAAAAGACTGGAGCAATTGTTCACCAGATGCTCTTCGGCGTTGGGTCGTCATTGGGGACGAATACTTCCGGTTCGGGCGGACTGGTTGA,95,52.63,Mus musculus
SEQ_675414,TCGGCTAAAGGCGAGCATAAGGTGCGAGTTCGGTATGAGTGCAATGCAAGTTATACTGTGTAGGCGTAAGACTATACTAGAAAGGGACTAGTTTTAACAATAGTTCTAACAGATTGCTGTGAGTTGAAGAAGGGATCCACTATCCCCTAGGAGTTGATTAGTTCAGGTTCGGCGCTTGCGAGGTGCAAGCTCCGTGGCAATGGTCGACGTCCTTAAAAAAAAAGACATGCAGACTTGTGATCCCCCGTAAGTTTGACACTACATAAGGTTTAATCACTAAGTCTTCCATTGGACACTGTGGGATCGCGGTGGGTGGCGACCCTCCATTGTGGAAAGGATACGACATTATTGCCATTACTATGGGTCGGTCGCCCCAGCGCTTGACCAGCAAATTGGACGGATGCTTCTCGTCGTGCTGTAGTTTGGAATTACACAAAACTTGACCATTTCCCTCATAACATTTACGCCGATGTTATTTCATTGTCTCTAGCAGGTACCCGATGCATTCCCCCGGAGGTCCTGCTGAGCGCCAGGGTAAAAAGCTAGCAATGGTGCTGGCTTTGATAATATTGGACGAGCAGCAATCCCTAACGGGGCAGGAACTGGTCCACAGACATGTGGAGGAGTCGGCACTTATAGCAAAATTGAATTCCCATTACCGGGCACTATTGATGTACCTGCGGGTACGGAACTACCCTGACCTCTTATAATTCAATCTTACGGCTCGTACAAGGCAGGGTGAGTTCACGATGCAGCTCCAGCACGAGTAACGGCTAGGAAAAGCATTAGACCTCGACCTGTACACTGTGCCGAACCCCAGATTGTTTATCTACTCCTAAATGTAGCTACAGCCCCAATGGTGGTACTTTTTCTGACCTACGAGTCGGTGTCAATACCATAATGGCACAAAAGCAAGTGTAGTTGGACTGCTTGCCTCGAGTCTGGAAACCAGAACGATTCAGATCATGACGATGATAATTCGTTTCCTAAGTACGCTGTTAGACTTCATTCCGGTTGCTTTCATTCATCACCGCAACACGTCAGTTAGCAGAGATCCGGTCGTCCTAGGCACCACGTAGGCCCAAGTCTGTAGTCAGAACGCATCTGAACGGATGCAGGGGCTCCTAGGACGGGCAGGAGTCGTATCCCTAAGACCCTGATAACGCGTTGATATGGCGGCGCCCCTCGCGGGTGTACGCGCGGCAAGTCGCGACCAACAAATAACTTTGCCAGTGTTACTAGGTATGGGCGAGCCA,1256,49.36,Saccharomyces cerevisiae
SEQ_246242,TAGAATCGTGGGTTTGTCAGCTGAGTATTTCTGCCAATGTAAGCGACTTTGTTGAGGAAGTGTGCAACGGGTGGACTTCGTTACGGTGCAAAAACGTCTGTGGTTAGGATAACTGCGTAACGTCTAACCTTGGTAGGCGACGCGAGTTACCCTAGAGGCTAGCGCTGGCGCGTATGACATGTAAGGAATATACGTGGTTTTCTGCCGTCCTCGGGTAGTTACTTTACCCGATGAGACTATTACCTTACCGGTA,253,48.62,Arabidopsis thaliana
SEQ_690809,ACATCAATCCTGAGATCCGTCACACTTCGTTACACATCAAGTTAATATTAATGTCACACCACGCTAGAATTTGACCAAGAAACACAACTTATATTAACATCTCTTCACACTCCAAGCTAGCAGCAGTTCGTGCTTCGAGTAAAGGTTAAAATTTGTACCGACCTCGGCTAACGCGCCTTGCACTACGATTTCCGCCCCCAGGTCCAGTAGCTCTCGCCACGGCCTGACATAGGAATTAAATGAGGTAATTGCGTCTATCTCGGCCCGACATCTATGGGCCGTGTACCTTATTTTGATGAAAACTTGTCCGCCTAGACTACTAATGGC,327,45.57,Arabidopsis thaliana
SEQ_892559,CGCCTTGAGGCACAAGGAGGTATCTAAGTCGGGTACGGGACGCATCTTCATTCATTTCCGTAGGCACGGACTTGGAGCTAAATTCGATGCGGCCATGGCCCAGAGTCACATTTGTTCAAGCCTCACACGGAGGAGTGACGACAATTTTGAATAAGACTATAGGCCAAGTGCGGAAGAGTTTCCGTGTACGTACTATTTTATGCACATCGAATGCGTCCTATGCAGGATAATTCTTAACTAATTAGAACGGCTTACGTATCCGACATACTTGGCCTGGGAGGCTTCCAGCGGTGGGCGGCTCTCATGACATCGCGGTCCGAGAAATTACCGGTCAATCAGTCTCATTGTATAGGTGGCTAGCGGGTATTGCTTATTTCATGACGATCCAGCACCACGGACGAGTGTATGGGTCCGATTAGGGGCCATCACCAACGGCTCTAATGAGGGGGAGGGTTGAGCGGTCAGTACTAGAATCGATAAATGATTCTTCGTTCGTAAACGTTTCAGCCCGAGTACGTAGCGGCACGATACGCTCTCCACCTGTCAGGTATGTGGTCGAAGGCGAACCTGGTGCTTGGCTCGCGGAGAAATGTGTTTATTCGGGGGGCGTTAATAGGAACGGGTCCGCAGTCCCCAGCGGGTCTCACAACTGCTGAAGATCCAGACTAGTCCTTCGGAAGAAGCGCGGGCAGTCTCGCAGGCATTGTTCGACATTGACCGCACCCGTCGAGTGATAAGTACTTTCCTGTTGATCAAAGTAACGCCAATGTAGGAACACTGCATATCGGTCCAAAAAGCTACTTTTACTGACCATATACAATCTCTTTGGGCGTGCCGCGCCATGGGTCCTTGGTCTAAAGACTAGCCTCGGCACGGTGAAACCAAAACCCAAAAGAGGCCCATAAGCGAAGTGTAATATAAGATATGGGGACGTTAACACAGCCGTAGCCATCTGGTGAATTACTACGTGGTTGGTACTTCTAAATGTAGACGTCGCACGGTGCACCCTGATCACTGCTAGCCATCCGAAGCACGAATGTCGAAAAGTCACTGTCCCCGATGGAGTGGATTAGGGATATCATAGCGCGTGACAACGGTTGATAGTATTCCGTGACGGTCGGAGGTTACCAAGTTGCTAAGATCTAAGCGACTTAATTCCTGAGGCTTTTAACCGTAGCCGAATATTCTTTACCGCTACCAACTGCTGTAATGAACAGGAACCTTTACAGAAGTGGTCGCTTTATGGACCGACCAAGCGAAGCCGGTCCGTTCGAGGAGCAGAATGCGTTTCGGGACGGGACTGACATATCCGCCTTTGCTACTCGCTTGAGATATTCTTTCAAACTCGAGCCTTACACAGCGCGCG,1366,50.51,Homo sapiens
SEQ_595377,TTCGCCATAGGCTCATGGCCAATTGCTCGTATGTTGAGATCTGGGAGTGTGCTTGAAGCCTATACCATTGAAATAGTCCATTTTATCAAAGTCGGGCCCCCTATCCCGCAACCTATAGTGTCAGCTTATACCTGCATTTCGTACACCCAGCATCTGGGGGTTATCTGCAATTGAAGTGGTTTCGAACCAGCGCCCGCAGTTTACAAGGTCATCTTTCGGGAACCAGTGTCGATGTTGGGTGAAGTCCGGAAGTGGTCGACTCGGATACCAACCTTGTATTTGTGAAATCCGTGGGCCAATCGGATTCGGATCGAATTTACTCGTTGAGAACAGTGTACAACTATCGCTTCATCGCCGATGTTTTGGCGTCCCGAGCATCGGTATCTATTGAAGCCCAGACCTAGATTTACGCGGACGTAGACGGAGCTCGGAATGGGTCGTCTTAGTATGATATGCGGGTGCCACCCAGCCATATTAGCAGTTTCTGACTGGGGTGTTACGCCCGCAGGTTCCACGAATATTCCTCAACGGCTAATTACAGTAGCCGTCTTTCGGGCGTTGGGGAGAAACTACGTTTCTATTGAGTTAACGCACTATCCGTAGAAGTTGATGACATATTCAAAATCAGGCTAATACCCAGGACGCATTTCAGTCATTACCCGTCCGATTGATCGCCCAAGGCAATCATCAGTCTGTCGCGCGATCTTGTATCGTACCAAATGGTGTGGGTGTCAGATGTTTGCACCAATTGCAATTTATCAAAATGACCGGCAGAGCCTAATGCCCGAGCCTCACCTGCGGCGAACTTCCGCATATGACTCAATACTTCGTAGCCTGCTTACATAGAGGACTAAGGGAGAGGGTAATCGAAGCGCCACTGGAACGGGCCCTTTATAGCATCGCACAAGCAGACAGCGACAGGGAGCGCGCCTGTAAAAGAGTCTTAGGTAAGTATCAGTCGACGCGGCCACGGGAGAATCCGCCGCTGCACAGAAGCTAGCGTCACGCGTCTTGCGTATTTGCTTATGATTCGCAAGACGAAGTCAGTGAACAACAGGGATACGCGCAGTGGAAGCAGGCAATTCTGGCCTATGCCGCGCTGCAACAGGGTTGCGTCCAGATCATCTGAGCTGTTCTCACCTAATGACCCAAGGGCGAAGACCAGACTACTTGTAATCTATTCTTCGTACACGATCGTGTAGAGTCGGTCCTCGGAGTTTAGTTTATTTCGCCCTAATCCGAATAAGTTGAGACCAACTCACGTCTGTTACCTAAGCACGCGTACTTTTGATACGATGTCCTGTCCCGGTTGCCCCAGTATCGCTTATTCGGAATTCAGCAAGATCTATGTCGAAGGGCGCATGCGGACGATAGGGGAAAATGCCCTCGCTTACACACTTATGAATTCCAATCTGCCTCAACTGGTTGCCGCTCAAGAGTATGATATAAACTTTAGTTATGCCGAATTACCGCTGTCTCAGATTGAATTCATGCAAATTCCTTTTATAAGTCAGGCTCGCACTGGGGTGCAGGTTGCTCACCAGCTCTTTATAGTCCCCCAATGCATACAAGTAACATTTCACTATGGCAAAGCTTTAGGCCATGGGCTCCGAATTCATCATAACCCGTAGCGGCTAAGGTACCACTAAACTTCAGCCCGGACTCTCGTGACCCCTTAGAGCTGATCACATTAGGTTGTCCCTCCAGCAACAATAACTGCCCCCGAGCAAAATTTGTCCACGGCAACATCCCCCTCGGCTCCGCGTATAGTTAGCTGAATCA,1782,49.55,Caenorhabditis elegans
SEQ_150518,CGGTCCCCCCCCGGTGTAACAGCTCGTCGCTACGACAGCCGAACCTAGCAAAGGTGCTCCACGGGCTTGGATCCAATCCATATTCCATGACATGTGTCCGGCAACAATTCCCTTCATACCTTTCTCTTGCGATTATGGCCCTAAACGTGCTGGGTGAGCAACTTAGTCTAAGTACGTCGGCTCGGTTCGCTCAACAGCCACGGTTGTTTGAATGATAACAGGAGGGGTTAGGAATTCGGTCTACCAATTACTCCAGCAGGGCTTCAGAGTGCACTGGGAACCCGTTGGACAAAAGTGAGGCTACGTTCGCCGGCGTGCCGGTGTGCGAGAACGAAGTGGACGATCTGACGCAGCACTATGAGACGAGTGCGAATGTGGCCGCGCAGTATCCCTTCCTACTCGTTCGGGTTCTATCATTGTTTGAATCTTTTTTAAAGATGCACTCGAATAGGCTTCTTTCGTGCGACGTGGCGGAGGGGCAGGTGGGACGTTTAAGAGTGTAACATCGGAAGTAATTAGTCCAAGATAGGTCCTCCCGCATCCGTTGCCATTGGGTAGGGTTTGACGGTACAGTTTCATCTGGGATTTGATTCGTTGAGGGACACGTGTTGCCCCGTTGGGGCCAGTAAGCAATAGAAACTTGTTTATCAGGATTGTCTGACTACGCTCCCGGACGCATACACACCACTTTGGTCCTGATTGCCTCATGGTCAGTAACTTTCGACCTTATGTACGTATCCCTGTCGGCTCGGCTGGCTCAGCAGAGGCCTGAGGTAACTTTGCGCATCCAGACTATTTCTGGCTGTGGTATATTTGGAGCATCGCCCCAGTTGTGGAGTTATCACCAAATCGATAGTCTTTTGTCGGCGAAGTTCTCTGAAGCGACGCCCAGTCTGCTTAGTTCTACCCTGAAGTGTCGTACGTCGCGCCCGACGCTGTGGCGCTGGTGGGTTCCTATACTTACTCCTAGCGTAGAAGGGAGCAAGCCGTCAGGATCCTGGGCTGCACTAATTGGCCGTGTCCGACGTTAGGTGAATGAGAAACGGGACGGACGTTGGCACGGCATCACCGCAGCGGACTTGGAGCCACGCCCTTCTTCAGTCGTGCGCTATAACTGCGGAGCTCATTCAATAGGCGATTTGCCAGGCGATACTTACACCGCTAAGCCCATTTCCGTTGGGATGACCCTCTGGTGCGGC,1199,53.46,Mus musculus
SEQ_668356,CACAACGCTTGTTGCAATGCGTCCGTGGGTTATGCTCTTAGCGCTCGAAACGTTTGCGGATTTTAGTCATTCCGAGCAGTAACCGTAGTCAACACCTTCGGATCAAACAGTGTCAAAGATAATCCTTTCTGGATCCCTCGCATGTCCCGACAAGTCTGTGAGACACTGGAAGAGACTGACTCAGTTCAGTCGGCTTCTAGCGAGTCACGTGGTTAACGTAATTCGTCATTGTGCTTCTTGGTCCAGTGCCTTGCACCGTTGAGCTTACTCACTTACCACTTTGCAGTGACGATGCGCTGCGCAATCAGATTCACGCTTTTGGCACCGGCCCCCTCGGGACTATTTGGATTACAACACTAATATGTATGAGTTCAATCATTCCAAAGGCCGCCACACCTATACCCTAAAAATATCTCCCCCGCTCCGTAACTGACCGATGGCAGTTATGCGCTACCCTTCATGTACTGAATCTATCCATTACGGAGTTACGAGCCGGCACGACAGAGGGGTACGGAGCATGGTAGATCTGCCAGACACACGGACACTCCCATTAAACACCATGATTATTGCCAAGAATGTGTTTTAGAACACAAAATACAAAGGTAGGACAGCGACACACGACAGTTTTTCCGTTCAAGGCTGATTTAAGGGCCACTGCAACTTAAGTGACCTTAGAATAAGCCATAATGGTGCGCTTCCCAGGACATCCTGCAACCCACTTGGGCTTAGTCATGTACACAGCTCCGATCGGTCCAATGTCACGCCCGAGAGTATACGCCATAATGGTCAGAAGTAGCAACAAATATCGTATTGGCGGGGTTGTGGCCTCATCTTCGTGAGTAGCCCTTTAACGCCGTTGGGTAAGAAATTATCCGGGTCGACTGTAATTAAGAAACTTCGCCCGATTCCTAGATGTTGGTCCGTAACATAATATTAGAAGCAGGTCGACATTCGCCAACAAGCGTTAATCGTAGGCCGAGATTATTGGAGCTTTACGTGTCGCTGATGTGTTTACCATGGCCTTCGGCGTGCACTTTGAGGATT,1044,48.28,Mus musculus
SEQ_146278,GACTGGCACATGAGTTCACCAACTGGTCTCCGGCTTGCAACGCGGGGAGCAACACCATAAGACTGCCTCCCTGCACAGTAGTACAGTAAGAGTCGACACAGGACAGTACCCATGGGTGCTCGGCATTAGACCTCATAGGCGAAGGAAAGCTAAGGTTCTGGCTGAGGTTCGGTTAGTAAAATATCTATGGTTTGGAGACACCCCTCGGCTCTATCAATTGAAGTGTCACGTATGTGAACCCCTGCTTTGTGTGCCAATGGCTAGCACCATTTGGGAGCAATTAGGCGCCGCTGTCGGACACACCGGGTAAATCGAAGGCGGTGCCTACCCGTAGAATCCGAACGTGAACCTTGAATAAAGGAGTCAGCGAAGGGTTACAGAGTTGTGAATGCTCTAATGGTTGGCGGATCCTCAAGAGGGGTACCGTTAAAACGCGATCTAAGAAGAGTGAATCATAGAAAGGCCGAACTGACGAATCCTGGGGCGCAGCAGGCGGGTACCTGGACTGCGTCACTCACGTCGATTCTTACATGAACGTCGAGGTTCAGTTCAGAGGCTGGGTGAAGCGTCCGCTCGTGTTGCTTAGGCCCGTAAACGGCGTTAGAACCTAAGCAAACCTTTATCGTTTCACCCAGTCTAGCCCTGTGAGCAAATAACCAACATCCCTCCCACAGGCGCATACCTCGGGGTCCCGTTATCACCATAACGTTTGTGTGGAGAAGAGGTTGTCCGGAGAGGTTCCCGAGCGACGAGAATTGCCAGCCACTGGTCGTTTCTTTCATGCCGGGCACGGCTTAATCCTCTTACATCGATCACATCCGCGTATAGCGCCGCAGTCATTACTTCTGCACGCCGCCTGTTGTGACGATTACGGGTATCTTTCATACGCTGACATGGAGGGCTAACTCTAATCGAAAGTTTGACTGCACTCAGGAGGCGCACCATGAGGATCCACGCGAACACCATACAAATCACATGGTAAACCTATTATCACCCCAACTGGACCACGATTAGAACTGGCGACTCGACATTAGAGCGCTGCCCGGAGGATGGGCAGCAGCCACATTTTGGGGAGCTGGAGAAATGGATTTGGTAATGTGGCGGAAGACGGACGAAGCGCATCATCGTGCTGTACTGGCGTATTACACTATAAAGGTCATATTTCAGTTGACAACTTGTCCGGACCCTCGAACATGGAACACAGGCATGCGTGGATAATGGCCGTCGGCTTATATCGTATATCCTTGACTTATGAGTTCTTAAGATATTATGCACATCGAAGTGAAGATTACTGAATCGGTTCTTCATTTGCTAAGCGTTGTGCTGGAATTTTGCGTAAACAGAATTTGTCCCTGGTCTGCGAAGAACCTTGTAGGGTTATGCGCATCCATTTGAGGCTTGAGACCGGCACCCGGCGCTCTCGTTTCAGAAGGTATTAGTATAAGGTCCGCCGGGTGCCACGGTTGCATACCAATCCAGTTGAAGTTTGGCTACGTTACATTTCCCGCATCTATAGTATATACTTATGGCGTCTTCTTAAGGATGCATGTCAAAGTGACCCCTGGATGCCACAGCACTGGACGGAAGACAAGCAGAGAGTAATCGTGAGTCGAGAGCCGGCGACACACTGTTCCCGACTGTATGTCCCTTCGGAATTCCCCAACAGGGCAGTAGTTCGCGTTACATATCCTTGGAGGTTTAAGCGATAGTTAGTTCCGAAGACTTGAAGGATCCGATCTGCCCAGGTTCCTCGTCGCAGGCGTGTAGTCCGTTTAATTGGAGACGGGTGCCTCACGTTTCAAAGCGAAAAATACACGAGCACCAGCGGGTATACGCATAGGGGGCAACGAACTAAGGTAATTGTGCGAGTAATTGCCGTTTACAGAAAGCGAAG,1894,50.74,Escherichia coli
SEQ_221288,ATGAACACTACCGGCCCACAAACGCGATCACTCTAGCTGCACAGGGCAGAGTCACGATAATGACACGAGACCTGAAGGTCCCGAAGTAGTTTTCACATCTTCGAGCTTCGGTGCAAATTGTGTCGCGCGAATCAATGAGCCTGTTGTGGCGAAGTACCCAGCAGGCGATACGCATCTGGTGAGGTCGCTGAAAATAAGTAAAAGATTACCATCTGACCTCATGTACAGCAAGGCCCGCAGTCATAACCAAACCAGGGCGCAGACAGGTGATACATAAACATCCATAGGATGAGTACTAGGCTAAGGTGATGTGCGTGGAAAACCTTTTCTAAATGAGACTGTGACACACCTAGGCTGTGTTGGTCACAAAACACATTTTCGCAACCGTCAATCTCGCGTTGAGGACGTAACGTGATGGGTCGCGTTGGTCCTTTCGCGAGTGACCTGGCTACACTCTTACTGGTATTCCGCAAGAAGTAACGATACAGGGCTCGGTGGTACAAGGCGGTGATAGCGTAATTGACGTACTGATCATTTAGTGGCTATTCCATGCCAGCGCACTAACCCAGCAGAGCTGGTTTGTTAAGA,588,49.49,Saccharomyces cerevisiae
SEQ_171552,GGCGTTGAAAATGGACGGGCTCATTTGCTGAATGTCAAGCGTTACTATACGTAACGATCTGACGGCTCCTTATCCTCCTCACGGACCGGCCGCATTGTACACATGGGCGACAAATAGGTCCATTAATAGATCAATAATCCGAAGAAATGGCGTAGCAGCACGACCTAACCTGCATGCGCTCTCGACGATTAACCAAGAAAAGGCAACGATGAAGTGACTGCCGTATATTCCAATTCTATTCTGCTCACCCAGGTTTGTGTCTAAAAGCTCCACCCGCCAAGTGCTCCGTCGTTACTAGGGAAAGCCGCGAGCTCGGTCAACGGTACTGAGGTACGAAAGACCCCACGGCGAGTCGATTAAAATCACAATGTATGTTAGACCCGTAGATGGTTTGTGATGCGGGTAACGGGCTCACCGGAGTCCACAGGTTCAGGCAAGTGCGATTCGGGCCCAGTTGCATGCACAAGGTCCTGAGTTGATTCGGCCCGGCGCCATAACAATCTATACCGGAGTTGCCCAGACCCCCAGCTCTCCGAGGCATAGAGATCACTCTCATGGTTATGGGGACAGAGGATAGCGATTAGCAGAGGTTCTCAAACCCGCTTGCAAGCATCCTAGCACTGCAAATTCTGATTAGTCATAACCCGCAGAATTGCTGCACACCGGAACGGGAACCGCATGGCTTGTGTAGGCGAGCCCGACGCGCAGGTCACCTGTTTGAGGCTTGCTAAGAAATCTAATTTCCCTGGCGGTCTAAGATACGATACCAATTTGCCATTTCTCGCAGCCCCATACTATAGCCGATGGCATACCTTCACTAACATAGGGGCCAGAACGCTACGACTTGGGTGAGAGGGAACGCTCCTCTCATGAGCCCGATATGTTCCATCCGGGCTGGGTCGGATGGAATTAGCAAGACCTGCGTCAACACGCTGGCCCGATTCAATGTAGCTCGCTCTGAAACGGCACCAGCATCCGGTGTGCAGTTATTCTGTAATCCACATATATGTATCTACCGCGGTTGCG,1026,52.05,Caenorhabditis elegans
SEQ_153465,CCCGTTGGGAGGGTTACGGAAGGGCCATAAATACCCGTTTAAGGTATCGGCTTAGTGCCATATGCGCGAAGCTTAGACACGGACCTTGCATGCGATCCTCTGTCAGCGGGTAGAAGAGAGTGCTCGTTATTATATAACCAGTATGTATGTCTTTTCTATAGGACATTCACCTCGTGGCACTGGGTGAGAGCTCAAGTGAAGAAGAGAGGGTGATGCGGTAATTACCCGTGATATCGGGAGATCGATTCTGTACGAATACTCCAGATACATACTTGCCAAAGGTTGTGACATCATCTCCTGTCTAGCTAAGTGAGTTATAAAATGAATACGCGTAAGGTGTGTCTTACCATCGTGGCAAATCCGGCGGAGAGGCCGCGACATAGTCTGTGATGAGTCTTTTCTGACATCAAACTACATGACACCCTCAGTTTTGTAGCCTAAGAACTGGAGACTGGCGGCGTGCTTTTTACGATTGCCTGTTATTCCATTGACACCTGTGCAACGGGTATCATTTGCTCAATTGTCTGGAAAGAGTCACGAGGTATCTCCAGGTAGACCCCTCCTTATGCGGTGCACTAAACCCCGGTAGTGTTGCGACATTGAAGGTGACGGCTTCTCGCTTGCACATTCGTTCCTTGGAGCGTATCTACGGGGGCGGACTTCGTGACAACCAACGATGGAGATCCGTGCTTTGGTTAGGTCTCAGAATATTTCGATGTATGACAGAGTGAACCGAGGATGTAGAACACTGTGAACAAGAGCTCTACAATAACTACAGGCAGCCGGCTTAACACGAAGGCATTGCCGTGGACCAACTAAGGCTGCTATACCTGTACTCAGGAAGACTTATACTAATCACCATAATTTATCGGTACAGATAAACCGTTGCGACGACACAACGAGGTACTGGGTGCGGCCTCCTAACCTACCCCTCAATGATATCTACTAGGGCAACAGACCGCGTGAATCCGCGCAAGCAAGAACTGTGCTCCTGTACGTTACAAGACCCGAGATAAACTCTACCAAGGCGTTCTGGCGACCGATGCCAGTGTGCGCACATTCCGCGCACTATTCTCAGTTCGGTACCTAGTTCTCTCTGCTAGTTCATGGGCTCATATTCCGTGCCCACGTGCGGGTGTACCTCTGCGAGGATCGTTTCGAGTGACGAGCTCACCTTCGGAAGCGTGGGAATCTAGCTCACACGCGCCCAGATCTTTTTGGGGTGGCCCCCGTTAACGGTAAGCGAGCGCTTCGTTCGGAGAGCTACAGTTGGACACCTTTGGGGATTAAGATTGCAGTCCCCTGACCTAGTACAGTAGAGCGCAAGCCAACCAATTGTGTTCTCTAGCAGGGCCTTGTCAATTTTCCTTAGAGTGAAGGTAAACCTCTTTAGGACCAGGCTCGTGATCGCCCGTATGACACCCTGGTAGTAGTATGGTGCTATAACAGGGGTTAATCACACCTAAAAGGTCTTCTCGTCCCCTCAGAGTTCGTTATGTCCCGTAGGACTAAACTTGTGCGATCTTGTTTGTTGAATCTGACCACCGTACGACAAAGAGCGGAGTGTCCATGATCGTTGTGATTAAGGCATGCATCGGTCTTAGCCCGACACCACGCTGGTGCGCCTGTCCTCGCTCGCCCACTATTAGACTTACCTCACGGATCGGGTCTCAGTACCGGGCCTCCCGCCCTGTTTTTAAGTAGCATTCTACCTCTATTGCAATCTCACTAGAACCCGGGGTATGCCATCGGATTACGCGTTGCGGAGCTAGCAATTACACA,1782,50.28,Mus musculus
SEQ_305034,TGTGTAATTCTCGGGTCCGACGATTCCGACCCATGACATGATCCTCGCATTTTTTAATAAAGTGTATGTACAATATATTGTGCCTGGATTCTCCGTACTGGACGGTTGCTCTCTATCTTGTAACAGGGTCGTAAATCATCCTCGGCAACTGCGGTAGGTTTCACGTGGACGGGCCTGCCTGCACTGGGGTGATTAAGCCGGGATGAGGTGTGGTCCAAAAGTACTACTGCCAATTCACTTATTCCTACAATGCGGGATCGACTGCCTTGCCTACTGTAATAGCCGCTGGGCACGGTAGGTACAAGCCGCCCCGCAGTTCACAGTCCTCTAAACCGCGTGACGTATCAGCAATGATGTACTGACCCGGGACTCAAACCCTAAGGCCGGGGTACCATGCGAACAGTGAGGCGCAGGAGTTTTTCCGAGTTATTACCAACTTCCTAGCGTGCGCAAAACGTTGCGAATAGGACTTGCAATTCTGTTTGGCACCATCAACTCCCGACTAAATATTCTCAGCGTGCCATTTAAAGGCTCTAGCCAGAAAACTCGATCATGGACCAGCCATTCGCCGAGGGGAACCAAGTCCAGGATAGTTCTACGAAGAGGACGAAGCACCGACTTACTATCGGAATCAGCGAGGCCATAATCAACCAAGCGTATCATATCCGGTCAACTAGTGTCGGAAAGGTAATGGCATCTGTCACAGAAGTAGGTTCGTGTTGGGAGGTAATAGTACTGTAGTCTCGAAATGAGTGGCACATCTCCGGCCAACTTGCGTGCCCCAGGTCGGTTCAGTAAATTTATGTCGAACTTGTTGAACGTAACGTTCACCGGTATCTTCGTTGCTACGGGGACTCCTAGCTCAGCAGAAATGTTGAGGCTGTAAAGATTGGCGAATATATCTTCCATCCACCGTAGTCGTCGCATGACGCAGAGTTCCCGGTGACGGTAATGGCTTTCTGCGTTCGACGGTGCTTGGACCCATAGCCTTGGGCCAGCTTGCATGATTTTAGGGGCAGCGTCTTGGAGTTTAGGCCTAACTATGTCGGGGCTAGATGATAGACCCTGCGGGAACGGCAGATATATCCTCTCAACGCTGCTCGATTCATTATTCCCAGCCATGCCCGTGGCGCGCTTTTCGTATACACCGTTACCACTGAGAACAATGTATCATTAAGTCGGGATCACGATTAAATAGGTGAGGCGGATGCCATTATCAGCTAAGTTGAGGGGTGCCCCATCCCTATCTAAATTGGACACATGGCAGCGCTAGTTGCGGTCGAACGTGGTCTATAAAAATGCCCTACATCTAGTCATTCAGTTCTGATTTAGACTGGTATACATCCTCCACGTACCAAAGGGAGTAGGTGGATAATACGCTCCTTGCCCTACTAGAGAAGTTGCCCGCTACATTTTATGCCATAAACAGTACTAAGCCGCTTTTAGAATCCAAAGTGATATACTGTCTAAATATCTCCCGTCGGACTACAGCTGCTATGAGTTTTGCGCCAAACTAAGCATCCAGACGGTCCAAGGTGATCAGAAATACCGTGGGGCGTGTTAAAAATGCCATTCCCGAAAAAAGACCAGTGGGTTGGCGGTGCCGCAAGTAGCCAACTAGTCACATATATCAGAATGGCCTAAGACCTGACCGCCTGTAACGGCTTGTTGAGGGAAGGGCCTCGTGGGCGTACTGCGTGAATGGGTGGCCGGGACGAGCGGGACTTTTAGGGACGACTATATGTTTGTTTTGTTCCGGAGGCTGAGAAGCCAGCCCAAGCCTTG,1785,49.97,Homo sapiens
SEQ_250274,ATATCGACCTAACCACTAACCTCGGTCTCCCCAAGGAGGATCAATCGCATAGCGGGGTTCCGTTCATTAGTTTCCGACATTAACTCTTAGCCTATTCGCGAGCCAGAACCAGCCCTTTTAATGTCCGCCAGGTTGGTAGCTGATGTGTGATCAGTATTACATGCGTTTTCAAGTGACTCACTTCTATTGGATACCTAACCATGTCAGAAGTGCTTACCGTACGCCGGCGCAGCACATGATTGGAGAAGCAAAAATGGGATATCGAACCCCGGTATCGAGCTCCAAGGCTGCAATTTAATTCGACCCTTGTCCTAGCTCTATAGGTACGTAATGACTTCATGCTTCCTGAGTTCAACTTATCTAGTGTTATAGGGAAATTATCCTATCTACCGTTTGCGCCTTTTGGAACACCACTCTACCCCGCCCAAACCATAAGCGACAAGGCCGGCTCTTGTCCAAACGGAACGAAATCTTGACACGCATAGCAAATTGCCAGCCCGCAGATAGGCAACGTAGAACATCTGACTCTACGCGCCTGTAGGTTGGCGAGCCCATTATGCCGAGACGAGTCTGCCGTTTTAGAGTTCAGACGCCCACAATAGCATCGTTATGCACTCTGTCGGAAAGGCTTCGCCAAAGGTGGGTGAATTTCGGCCGCCCAGAGCTCTAGAGTGACGGAGCATAAGTTCGCAAACCGGCACCATCAGTTTGCGGCTATAAATGATACCGCCTTATAAATGTATGATCGTGATGTCTCTGATAGAGGTAACAGAGGTTGGGCCAATTTTTTGTTAGCGCGCATGGGTTCGCCTCGCCGACTTCTTTGCATCATAGACGGCAAGATGATTAGCTCGAATTACGGTCTTGCAGGATTACCAGCCCCTATCAGGAAACCCAGTCTGTTGTCCCTCCGTTATTAAAACGACCGGGGTTATATAGCTGTACTGAGATAGCCCCGCTGTGCAGGCGGGAGAACCTTGCGGGGCGGTGCGGTATTGCTGGCGAGAACCGAACGCACTAGCGGCGGTCGATCCGGAACTGTAAACTCGAAATGAGGTTGTCGCTTTCCGAGCGTGTGGAACGCACTGCGTCGTCCCTTACGATCATGAGTTTCTTGTTAAGGGGAGTACGATGTTAGATATGGCTGCGCCTGGAGGTCAACATTTCGTTGCGGGTCAAGCGAACACGATCTGGATTTAGCCCGAGCATCCTGATTGCTCGTATCGTTCGGACTAAAGGTCTCCTGTAAGTCCCGAACCCTGTAGCGCATAATGGCATGAGATGCACTATCGTCACCTAGCGACACGCTACATATGATCTAGTTGCTCTGGGAGCCGGGCCTGGTCTCGCCCGTAGCGGTAAACGGTTGCCGGTTGGGGGCGATTTTCCATTGGACGGATGAATCCATCCACCCCCCCATCGTTCGTACGCGTGCACCGTGTTTCTGCTCCAGTCCGCTTCTGGTCGCAGTACTCGGCAACAGCCTATAGCTACGA,1496,51.47,Drosophila melanogaster
SEQ_596035,GGGAACCCTGTGGACGCGTTATAAGTCCAAACCTTTAGTGAAGCACAAGACAGGACAGCACCTGGGACTCCCCTGGGGCCAACCGACCACGTACTCTATGACAAAACCATGGTAAGGGGCACACCTGAGGTCGCCAGTAGAGAAGGGGAATAAGGAGAATGAGCGTAGTTATGACAAGATCTCCTATTAGCATATATTCTTCACAGGCCTATCGTCTCAGGATCTGTAACGTAGAGGATTAATGACTCCATATCTCCCTCGACTGCTAGACATATGATGCGAAGTTAGAAACCGAGCTACGTCGTTCACCGCTGCGAGGACTGGACCCTGCCGTGAGACGTATGCAATCAAGCACCCATCTCGCAACGTATGTGTACCATCCGAATAGATGTCAGTACCCCATACAGGTTCATACGGAGTACCGGCCAATGTTCCCCGGCCATACGGGTAAATGTTTCGTTCACGGGCCCCGAGGTGTTCGGTTCTTATATTGTCCGAAATTCAGTGCAAAGAGAACATCACTTTATTACATCTGTGTGTCAACTTTTAACGGCGGAGTAGCTCGGACTGTCTGGTGTTACAGTGCCTTAGTTTCCACTGGCCGGCACTCAGTCGGCAGACCTCACTTTCCGGGCTACGGAACTCGGGGAAATGCCATTATCTAGGACATCACGTTCGTACTGAGTAGCAGTAGCACAGCCTTGCTATTGTCTTGCTTTCTATTAGCGACTAAGATCCTACCATATTTTGCTATAGGCCCAAGAATTTAGAAATATCACTTGAGTTACATAGTTCGGAGTCCACGGACCCCCCTGCTATTGGGTAGGATACACAAATTCTGCTGCCTCGATGATGTCCTCCATGTTAAGGCATTAGGCGTCTACCGTTGATGAAAGCCTGTAGGGACTAAGGACTCCAGACTCCTGGATAAGAGCAGTATTCGGTTTGAGTTCTTACGATGTCATCCCCGCAGAGCGGCAACTTAGTACTGCAA,994,48.99,Arabidopsis thaliana
SEQ_410176,TATGTTACGCCGAAGGGCTTTGCAAACAACCCTAACGTTCTATGCGCTTCGCGCATGAAGCTGGGCCCAAAACGCCGTAGACGCTCACGAGCTGTGTAATGCCTTATTTATATGTCGAGGAATGCGTACAACAAGTGTTATAGTCCCCTGAACATGATGTGTTGACTGACTTACGAAGGACAATGTACGTAGGTGACTATAAGTGAAAGCTTTTTCAACATTCCTACATTGGGGATGCGGCGCGAGGTCAAGTACGGGAGTGTTCTTCTTGCCACTGGCTGTTCACCTTTTAAGATCGCAAACAACAACCAAATGACTTAAGGCTTTGGGTAAGAGCAGGTTTCGCCGATAGGTCCCACTCAGTGCGGGGTCGAACTCCTTACTCGTAGGACTCCAGATTACGTGCACCGCCCCTTCGGAGGCTAAGTTCCACACAATATTATATTGTTGGATTCTCGATAGGCGTCTCGACTGGTTGTTTTATTCACTTGCGATTTCTTGGTTGATAGTCAACCCTAGGGTAAGACCGGGAATCGGGATGACTGATTGTTAATGCGTGATTTGGGGATAGGTCTTCGGGTCCCATTAGCATGGATTTCGTACGTTAGTTATTCCCGGTAACGCTCACGCGTATTGCGAGAACTTAGAACGGACGGAGCTCTGTTAGCTGTTCGGGCTCCGTGAGGGGTAGGCTTCTTCCTGGCGAAAAATCGGAATTGGTTTTGAGCTTTGGCTGTAAAGAAGTGTTTCATTCTTCGTTCAATAGCCCTCAGATTAGGACTCGGGGACCATCCATATACATTCTGGATGGCCATAATTATC,822,47.57,Saccharomyces cerevisiae
SEQ_438593,CTAAAAAATTAACGACCACCAAGCTCGAACTGGTGCGGGCTCTAGGTATCCGGCAAAATTTTAGCGGAGA,70,47.14,Drosophila melanogaster
SEQ_953369,GAATAACTAATTTGCAGTAAAAACTTCGGTGCAGGCATTGAAACCACGTAATATGCCTATCGGACATCGCACGTCGACTACAGCGCAACCTTTACATTTAAGAATGCTTACAAACTTAGAATGAGAGAGACTTTTGCCGGGTGGCTCCGATCACGTTTAGGGCTTACCGGTGGGATATGGAAAGACCCCAGATAGCGCGAAGTAAGAGCCCACCTCACAAAAACAAGTTTTCAGACTAGGGCTTAGAAATGGGCACAATGAGGGTAGGTCACGCCGGTAATATACCACAGAGTGTATGTACGCACCCGGCTAAGCCATAACGGACGGATATAAGTTTTCTCAGATCTAGTCCGAGTAATAGGGGTTGATCAAGTCGTAATTGTTTCCATTGCTAGGAAGCAGCGTGGCTGACGATACGGAAGGCCCCGCTGTTGGTTAATTGGAACACGACCGAGATCACCCTGCATATCGCAAGCCCGGGTGCCTAAATAAGCATATTATAGATGTGTCACGTTTAATGTAATGGTCCGACCGTCTTTGGGTACTACGGTATGTGTCAAGACTTCGAGGAATTCCGGGAGCCGGATAAACGCGATGACCACGACGAGCGAGCGTGGCTTGGCCTCCGCGGGTCGAACGAGACAGTAAGGGGCCGTCTTATTGCTTTGACGATAGGAGAATCCGACAGCTCACCGAGTCTCCTTACTCGTAGCTGTCAATTCAAATCCACGCCCGCTACCTCACGTCAGGGCAGGCTAGACTTCAGCTTAGGAAGAGCCGATGCAGTTGTTATTGTATGCTATAGGTCGCCTTATTATGTCCTAGCTAAGCGTACAGGTCGCGTGAGAACTAGAGTTTTGCTTCAAACCGGAGCGATACGCCGGCTCAGCCTTAAAGACCGGACTGGTTGGACTGAGACCCTAACAGAGTTGAAAAGTTGTGTGCTCACACCCGAGATAACTTGGGGACTAGAGTTCACTTAGCGGAACCAGCAACGCGAATCGAACCGGCTTTAACGTACGCATAGACAAACCCTTCCGTCATGTGCAGGGTTTTTCGGAACCCTTTGAATGAGTACTGACATAGGGGCGTAGTTTCCCTACCTAAGAATATCCATCGGATGCGTATATAACATACTACACGATAACAATATGCTGGGATATCCCTGTATGTCGTCGGGATATTTCTCGGGAGCTGCAGCCTCCGGACTAAGACATACATGTGAACGGCGGTGGAAAATG,1241,49.07,Arabidopsis thaliana
SEQ_747185,GTGCCTACATAAAGCAGGCGAACATAGAGACCCGGATCCTTCGTGGCTCGGCCGGTGGACAGGTTGTCATTCGCGGCGGAATTATGCAACCTAGGGGGGTTTGTTTCTGGCAATACTTTCAGCCCCCTCCCAGACTACTTACTTCCGCTGTATGTACTCCTTCGGAGACTTAGCTGATACAGCCACGTCTCAGGATAATCGCTTCTTATGCCTATCACTGAAGGAACAACTAGACTATCGAGGCCGCAACCGCGGAGGCCAAGCGTGACACCCATATCAGCCGGGTCTCAGTTTTTGTTGCTGGATTATACAAGGAGCGCTCCTGTTCTCCGTCGATCTGAAACGCAATACTGGTTTTCACAGATGACGGTAGTTATCCCACTGAGGGAAGGACAGACATGTCCTAGAGTGGGCTGTGTTTGGGACCGTTGGATAAGAG,439,51.94,Escherichia coli
SEQ_457736,TGTCACCACAGTGCCCTGCCCGGTAGCTGTCGGCTATATTCACGCACGCCGAGCACTGGACTACTGGAGGAGTTAAATTGCACACTTCGGGTATCAATGTAATTTCTTCGGTGGATCCTCGTGGACGTATTACATATTGCTAGCCAACAAGAGTCTGGTTATCTATCCAATTATAACTGCGTGAGCAGCCGCGCAAAATGTTGAGCGGGTCGTGGCCCGATTATATATTTTGCCTGGTAGATCGGATAGCATTGTAGTCGCGGGTCGAGGCACAATTCGCTCCAGAGTATCTTTTAGAATACTCGAGACGTATATTCTTTCGGTCATCATACGGTGATTCTCGCATATAGCTCAGGGATGGGCAAGACGGATTCTCTGGTCGGTAATAAAGGGGCGTTGGACGCTGGGCCTGCATGGAGGTTAAAACCTACTGCTCACTTAAATAAACTGCACGGGCAGCCCCCTATTCAAGCTCCCCTGCCAATCAGAGGCCCAGATTCTAACCGACAGTAAGAGTAGTGTAGGTTAGAATTCTCATACGGTAACGGAGTCGCACCAAAAATCACTACTTAAAACACAAGTACTGGGTCCCTGACGGCAGAAGAAATATAAGAGGGATGGGCTTACTTCAACGCTTGACACATGCAGTCTGCTAGTCTGCTGTCAGTAAGCGCTACTTGCAGGTCAGGTCCCCCCGGCAGACCGACATGTTTACACACCCAGATTCGACAACCATGCTTCTCTTGACGAATTTCCGATCTCCATAGCCCACAGTCTAGCCGTCCGTCTAGGGTCAACCAACGAGGGCGTGCATCTTGCGTGATGACCATTCCCAGTTTTCCCCGAAGCGATTACACTTCCGCACTATGCTTTGTAGAGTCCAGTGGAGAGTATCTGTTAGCACATAGGTAAGAAGAAGCAAGGTGCCTTGTCAAAAGTCTGCACGACGGCGGTAATAT,959,49.43,Escherichia coli
SEQ_365408,AGGAATTCAACGTGTGCTCTAAGGGCGAGATGTCAAGCTGTCGCTAATGTTTAGAGCGCTATAGCAGAGGGCGTTAGACTGTTTTAGGCTTGCTAGCAGAACGATGGGCCTAGTCGGAGAGGCCGGAGATCAAGTCTAGTCAAATCTTCGACAGTCCACGCCAATAAAGCGAGGCTCCCGAAGGGATATGATCGACGGTTGAAGGGTAGCATGTCGAACTAGCCAACTTTCGCTATCATTCTTCGCTACTTAAACTGTAGTGCCTTTCGAGGAAGGTGACGTGGATGATATGGCATAGTCTACAATCGTTGGTTGAGCCCGACTGGATGAGGGGATAAGGATTAAGATAACGACGCGGTTCGGTCTCTAAATCACACATACGAAAGAACTCGGGGCGTTTGACGCCCGGCGGCTTCTCTAGTGCCGGAGCAGAGGTTAGATCCGCAGTTCTGTCACAAATATCCGATCTTGATGTGTATTACGGACTCTGGCAACACAAAGCCCACAGCGTCCAGTGCAAATTACTGTTCCTAAAACGAGTCCCCTGAGTCTAATGCGCCATCAGAGGGTATCTTCTAGCAGCGGGTAGCAGGCGCAACTTGGTGCTACCTAGATTTGGGGCAGCTCTCGTCAAGAAACCTAAGACAATGAGACATTCCAGACTGGGCAGATTGTTACGCTAAGTCCAGGACGCTGTTATTTGCAGGCACGGTCGGTGCACAGAATTGCTCGGTAGGCGGCGACGGAGGGTCGTGCGCCGGAGAGCGTGGGCATAGCCGACCCCCCATTCTCTATGGCAGGACCGAATGACTTCCGCTCTATGTTACAGTAGTCAAAACCTTACAGTGCCTCAAACATGGTATATAGAGCATAGATGGGGGTTGTATCTCCTGGG,895,51.28,Caenorhabditis elegans
SEQ_969379,CATGGGGGAAGTCGTGAGGGTCACTAACACATCAGGCATAGAACACAGACGCTTGCGCACAGCTCAGTAACTGTTCGATGATGGGGAGCAAATTACCAATTTTAGGAACTGACCTAGGATGAAACCGGATAATCCATCAGGTGTCCAATGGCTTGGCGTGCTCCCGCGGCGTTTGAAAACCTAGGAAGATCGCCACACATTAACGTGGTGATGGTGCTTCCTGAATGTACGTTTGACTCCGCATTCCAATCCTGCGATAACAACTCTAGCATCTCCCATAGGCGAGCGCGACCACTAACCATTACCTTGAAGTTTCGCGAATTTAAGTCTGCAAACATAATCAGATAATTTCCCGCCATTGGACTTTATGAGACCATTAAGCTCGTAGGGCCCCGTGCGCTAGCCCACAGGGAGCAAACAGGAGGTTTCCCAAAGCCTTATGCACGTCTTAAATCTGATCGTACTTATCTCTCCGAACCTCGTAAGCGCTACTCGATGCTTTCCAAATATCGTGTGAGAGACATTCCTTCCTTAATGCGGCAAAGGCTACGGGCTTCTTCCGCATACTCTTTCGGGCCATACACTACCGCCGATGAAATCGATAACATCTGCATAACGATTAAAAGTAACTGGCGGGAACGGGTATGTATGCATTCATCAACAAAGGCCGACGGTCCTAACTGGTGTTAGGACGCTACAAGTGAGCACTTAGTGTATCGGGGCTAAGTACTCCGTCGCATTTGCGCTAACTCCCTAAATTATATAAGTTCCCTGCGACTTTCAAGATAGTCCCGGCCAAACATGCGCCATACTGCTTCAGG,821,48.48,Homo sapiens
SEQ_272278,CGGCCCATCTGTTGGTGTAGTGACGACATTGAAGATTGCTGCGAATCAATCTCTTAGGTAGACTTACCCTAACTACGGGGCTGGGTTCGCCACGCTGCAGGAATCCCGGTCCTCAAGGCTGGGACGTACGGACCCAGGGACAGCCGGTGAACCGCCGCCTTGTTATGAGGCCTCTTACAGCGGCGTTTTGGAGCAATCACTACAAACTAACGTATGCCTAGTGAGTTAACTCTAGCAAGAAGGAAACAAGTAGTCGGTTACTCCCCAATTATAATGTATAATAGGTTTGAGTGATAGGAGTAGAATGCCGATTTAACTATGATGCCCTATCCCGCATGGTGTCTCGATATTCGGAGTGCTGGACAGGGTGGTAGGATAATTCTACGACAACGTGACATTGCGACTACCCCCCCAGTATGACGCCGCCCGCTCGTAACTATAGGACGCATTCCAATTCTCGAACCGCTGGTGTGCAAGCAAAGGGTCAAATAATAAAGTCTGTGTCATTATAGCCGCTTCTCCATGGAGTATTTGCCTAACGCGGGGACGTCGGAGTGTATACTGCTCACGTTTCCGGTTATACTTTAGGGGACCATGGGGTAGCCCCCAATCTGCCAGTATTTTAATGCGGTGCCAACGGCTGAAGTCAGATAGTATTAGGTTACTTGGCCTACACGTCCAAGGTCCTCACACGCGGAATCTAAGCGGAAACAACATATGGATGTGCGAGGCACGTATTGAACCAATGATCGATTCTTGCCGCCAATAGGATGCCATCCGCTATCATGCATAGGAACCTTTCTAGTTGGGGTGTTAGCCCACGAGGAGGCGTGTGTGATTAATATGCAGACGTCATTCACCACTCCCCTTAGTTGCATACTGTTGGTACGCGTCGGGGATTCCATATAAAAATCGTGGTCTTGGGTTATTATAAGAGCTTAGAGTGCATCTGAGGGCTATCACCGTGACAGATCCTCTTTCCTCTGAGTCTGATACGTCCGCTCTTGGGTCTTGTCCTAGCCTGTCGAGCTTCTAAAGAACAATCCGACATTGGAGTTATTTTACAACCATCTCGCGTACCGGTCGGATATCCCTGGGTCCTTTATCTCCGGGGAGTGCCTGACCTACTCCCGTCCGCGTGGTGATATAAGTAACGTCTGGACATCGCAGTGCATAACTGTAGATCGATGTGCTCAGAATGCCAGGTTACCGGTTGATATAAGAAACTCCACAATGCATCATGGTATGAAAGTCGACGAGCTCACCTCTGTGACCCTCATTGCGCATCACCCGACGGCTGGTTAACATAACGACTCACATGTCCTATGGTCTAGTACCGACGTCAGGGCTTATGGGGGGGCCTAGTTCCCTTAAACCGCGTGACGAGTTCGGAGAGGCAATCGGCTAATCCGTCGCTATAGCTATGCTTCGGTTCTCTCGATAGATTTACGTCATTGGCTTGCACGCTCCCTATGTGATCCGTCTAGTCGGTATCAGCCTAAGCCGCCGCGCGGTGACCCACCGGCAAATTGAACATTTATCTTGGGGGTTCTTCGTGCCGACCTTCTAAGCCAGAGCGGTTCCCTCAAGGCAGCCACAGCTAAGATCTCGGCAGCCGCTGTGTATTCGGTCTTGCCATAGATCTGTTTGTACCGCCACTTCTCTCTTTCCATGTAAGAAAAGGTCAGGTGAACTGGTCCAGTCTACCCGTTTACCCAGGGCCGTCATAGGTTCTCATGTAGACCTGTTTCTTGTTCCCATCATGTGATTCTTTGGATCGTACCACCAATCCGCGGCTTCGTAGCCACGTCGACTGGTTGCCTTTGCCTGGAAGTAAACAAGGCCGCCCGACGTCACGAGATATTTCGCTCCACAGGGACAGTCGAGATTCGATTGTTT,1899,50.66,Drosophila melanogaster
SEQ_578808,GCGTCACGCTGTCTGAGTGGTGGCGGGGAAAGGCTCCATCCTCCTACTTCCGCGCAGTCCGGTAGGATATCTATCATAACTCTGCGACCGAACGGTCAAGTAGGCACGGGGGAACATACGTTACGCGCGTTACCCCAGGGGTTAATGTCCCGTGCCCCCAAGAGCATTGAGGAGCTCTAACGCTACCTAATATCGACCCTACTACTGGTATATTGGTAAGGTTCATCTGTCACTCCTGATCACATGAGTTGTACGTTTGGATCTTTATAGACTCCGCATCATGGATTGCAGCGGCGTGTACGCAGCATTATCGGAGAATAACAAACTTCAGTTCGGGGCTTGGCTTAATGACCCCCAAGCTCCGTGAGCCGTCGCTCAGTACTGCACGGCCCGGGAACCCGTCAACACTATGGCTCCTATTCAAACGCGCTACCGAAACTCTTTTGTGCGTCGGTGAACGCGTAGTCTTTTACCCCCATGAGAAACGGGCTGGGTAATGTTAAGATCCATCTCGAGGAGGGAAACGATTGCGAG,534,53.0,Escherichia coli
SEQ_892608,TGGTCACCCAAGTCACAGTTTCCCTGATTCCGTAGACACCGCATTCTGGAACATGCTGACTTCATTTTGTTGATGCGCCCGCGCCACTCG,90,53.33,Homo sapiens
SEQ_369360,AAGGAACCGACCAATGTCACTTACAGAGTCCGGTTAGAAAGACACTTAGTAGTATAAGTATGTAGTTAAACGAATTCCCATACCGATTCAGACTCTCAGCCTTCCGGGGGGGCACATCCTCATAATAGAGAGTGCAGGTGTCGCGCGCGAGCTTGTGATTGGGAGAAAAAAGACAGGATGCCACTTAAAGACCGTGCGCGCATCCCTGGTGGGTACCCGCTACCGGTCATGCACCCGTTCCAACTGATTCCCAGTGGTTCATTTTAGGCAGGGAGTCTGTCTGCGAAGGATCTGTTCGCGATATCGCCTCATGAATCAGGCACTGGATAACCCATTATTTTAATCTGATCCTTACTACGCGATGGTTATACGTCTGCGGTAATCATAGGCGACCACAGTCCTTGTCAAGCCCGTTTAATCCGTGAACTTCAGTACGTCCACGCTTTGAGCCCTCGCGAAGCATAGCTGAAGAAGCGCTACGAAGATCCCTATCGACGCTGATGCGCCGCTCCA,513,50.68,Escherichia coli
SEQ_945369,GTACCGGATGGAATCGCTGCATGGATGTGTATGGAGTTAGTTCCCCTTGCTAAGTCCATCTTCCGCCAAGCACGTGCCGTAACAATTTAGTGTCGAGTAAGCCTCAAGGTGGGGTCGGTAATTATTCGCCGTAGTTCTCCCAACTTCTGACTTCGCTCCCAGGTGGTAGACTATCGAACGATCCCCCTCTAGCGTCTCCCGAACGTGTCCGGAAGAACAATTAAGTCTTCTCCGAAAGAAATTCGGAAGATTACGAACGATGTGATTATTCAAGCTAGAACCAGCAAAGACGCCTATGCGTACATACTCTGTACATACAGTACGTCGCTACTACCTCCCTGTAACAGAACGCCAGTTGGTTCGAGACAGCGACAAGAGCTAAGAAGGGCGCAAGCGCGAAGTCCCCGCAGTACATCATTGTGCACACTACTAGGTCCGACTCCAAATTTTATGCCCGGTACTTTACACGGAAGGGACCTTATTGAATCGCCACATTCTACGAGCCAACTTATGGTCGGCGGCTCCATGACGCCTCATTATATTTGGCAGACGCGCTGAGGCTCGGCGGGGCGCCGTGTCTCCTGAGGCCCAACTCGCTTGGACGATCACCTTTCTGAAGGCCAATGTGATGTAGCTATATGCGAAAGCGGGCCGTTTGCGCAAGGTTCACGGATGTACGAGAGTCTCAAATATAGCCGGGATCTACCGGTCCCAACGGATCACCCCAATTACCAGAAAGTCTAAAGGGCTCAGAGGCCTTTATACGCTACCGGCCGAGGTTCACTGCCAGCGACTATGTTCCGTTCTACGAATGCGGCTGTTGAAGCAAGGCTTATTGCCCGGATCTGGAACTTTTTGGGATTGTCAGCTACGCGCTCATGTAGAAGGCATCTCGAGAAACCGGGGTGATGGGGACCGCATGCGATATTGCATTTGCACCTTACCCCAAGTCTCAACTCGTGGCTAGTTTCGTCCTCTCCGGTGGTTTAATTGACACCGAGCACCCCAGGCGAACGTGCGTCATGATAGTGGGGGTCATCCATCCTTATTCATTCGTGAACCTAAAGGGCATTTGTCATGTATCAAAAGTAAGCAAGTGATTTCGTTTTTTCTAGGCATGGGACCCCACCCGGGTACCCCGTGAAGATTCCCGGGTTTGTCGTTAAGGAGGCCTCATAGAGGGCCTAGGGTGCCTACTGTGAGGCCTAACTGGAAGAACAACGCA,1225,51.76,Arabidopsis thaliana
SEQ_174877,TACGCCGAATCGAATCGGCGCTCAATGTGAGCCGTCGCCACGATATGCGTGCTCCGCCTTTTACGGAAGGAAAATCGACCACGTGGTCTTCAACCTTGAAATCCCGACCACAAACATAAAGGAAATAGGTTCAGGCGTCCAACTACTGCTAATAGTCCAGCAGGTAGCGAGGTACCCCCCGGGTGAGAATCTAGAGACAGG,201,52.74,Arabidopsis thaliana
SEQ_716464,TTATATACCTAGTATTGGGATAGGGACAGCTTAACAAACCTTAGCACGAAAGGGAATTCTTACTGTCTCTATCGACTACACGGTGTCCGACACGCATCCGCCGTATCAATTAAGTTAAAGCGGGTCGGGTGGGTGCCTCATATGACACCTTGTGCCATGCATTTACTGCGATAAGTGCCCATGGCAGTCCGCGTTGAGACATCATGTCCGATGATGCT,218,48.17,Escherichia coli
SEQ_905135,TCCATCCACGCCCTACGCCATATTTACGTCCACTCCACTCATCCTACGGGGTCCAAGCCAATGCGTCAG,69,56.52,Homo sapiens
SEQ_526713,TATCGGAAAAGACTGACTGGACGTTCGTGGCTCGCATTGGCAATCAAGTAGTCCAGAGGGAGAGTCGCCTGTGGTCATGGCAATAATTCTCGAGTACGGTGGAGTTGCCGCAGCCTGGCCGCAAGAAACTAATGGGCCTCATGGACATTCATCTTTAAGATAATCATTTTTCTATCTTCTGACATTCGGAGTAACAAACCGCCCTGTCATTATGGCCACGGACAAAATCATATGCTGGCGAGGCCAAGGAAATGAGGGCAGGCAGATTGTCGGAAGGCTCGTTCTCATCCGGATTTACGTCTGGGCTTCACAGAAAATCGCCACCCCCAGACGACAGGCTCGGCACGGATTCAATAACACATTATGCCTGCGTTGGACGATGATAGCCTCTGGCATTTCCACATACCGTAGGACCTAAGAAATGCAGCTTGACGTTGTAACTAAACTGTAAGTGTCGTAGATGTGCAAGCACCGAAAGCTGCTAATCTTAACCAAAATATCCCGAGCACCAGTCATATGGGAGTGTACCAGCATAACTCACAGTAAAGATACAGCTATCGTTGAAACTATGAGAGGGCCGAAGCCCAAGGCGTATTATATCCTCGCGTAGTCGCTCCAGCCATCGCATCGGAAACAATGTCAGACTGCCATATACACCTGGGGCTGCCGTGGGTTTATTACGGAGGACAACCTGTAGTTCCACGACCTACGTCACTTGAGACTGCTCCTAATCACAATGTGCCGAGTTACGAGAGTTCCGAGAAGTTCGAGGACTTGTCAATGAACAAAAGTGTTGTGGGTGTTGTTACATGCATTCTGGTAAAACACGATCGTGATCTATTGATTGTTATTCAAGCGCAGTAATTGGTAGCCCGTAGAATAATTCTTGGATGTAGACCCCCGTCCTTGAACTGTCTCTTGAACGCAACTTCGTGGCATACTCCTACCCTACTCGCAGTTCTAGAAGAGGGACACGTGTCTAGTCAAGGCCAATAAGGGCG,1001,48.35,Escherichia coli
SEQ_333313,CCGTTTCGAACCATACATGTTGGACCCCAACGTGAGCTCGACATGAGGTACATGTGATCCGTATACAGGACCCTATGGATCGGAGCATAATCAGAGTCCGAAAATTCACTGGCATCAAAGACCTAGTGGACAGCCCTACTTGGCCAACTTAGACCTGGACAGCAACAGAAGAGCTACCACCCATTTAATACAGTTTGGGGCGATTCGGGATTCTTCTGCGGCTACAACGTGTAGTCGCAAATAACGGTAGGAGTCGGATTGCCCGAAAATCTCTAGTGCGTAGGTCCGTGGACGTCCTGAAGAAACGGGTTTTCTGCCTGGCGCTTATCAATTATCCCAGTAACGACTCGTGGTCCCCGCCTTCCAAGTCGCTTAACCATACCAAACGAGGAGAGCAGACTTTACAACAAGGAGCGTTGATTATCTGTGTCGGTGACACGCGCGTGAGTGGAGAACGCGTACCAAGTTAGACATGATTGCTGAAGAGCGAATTTAGTCGTACCAAAAAGAGCCCACGAAGTGAGGTTGCGAAACGCCCCTACGCAAAGTTACGAATTTGATTACGCCCTCTATACTGGCATTGCTCGTGAGGAAGGAGGCGCAGAAGTGCCGTGAGTTCAAGGAGGGCAGAGATTGCTCTTGCTCCCGATAAGTCCGACCTATGGGGATCCAGATTACAGCCACCGACCGTACAGGCTTAGCTTATACTTTCCAAGGAAGAATAGCCTATGTTATCAAACTTTAGCCTCGCACGCACCTTCCGTCTTCCGACAAACCATAGAGCAGGCTGTTTGACGAAGAGTTGTTACAGATGTCGAAACGCCAGTCGGAGGCGGAGGCGGGAGACAGTGGGAATGAGCCAGCCGTACACACTGATGTTGTCCGGCACTTTGTTTTTATTCTTTGTTCGGCGGCTACTGGAGACTTCGTCCGAGATGGCCCGTTAACTTCAGCGAGCGCACCGCTCGAACGGTGGGGATTCAAATGGCACCCGAGACGCAGGCGAATGTCGGGGAATGAATGCGAGGACGTGCTTTACGCAATCACAAGTTGGTTGGGCCTGCCGCAATCACTTGATCGTTAGTCTTGCCCATTCAGGGCAAAAATGCTGCGCTCCCATAGACCAAACACAAGAGGAATCGGACTCTGGGCCAACGGACATATTGCTGTCCCACAGTGAGGCTCATGCGCTACTGTCGCCTGATGATCCCCACCCCTATATGGGAGTGAATGTACGACCCCCGTAGGAGATACGTATCTATGCTGGAAATAGGTTTTTATTGAACGGATTAGACGCTAAAAAATGTTGCAGAGGTATGAGGTAAAAGATGGTCCCTGCTACACCGCATTATTAACGGGTCCACATGTTCTGTGACCTTTGTTATGGCACCATATCCGACCTACTGTGATGAGGTGCCGGCTTCAATCTGTCCAATAATTACGTCTAGACCAGCTCATCAGAAAGGCGCACGATGGGATTTTTCTGCCGGTATATGACTACCTTCATTCCTTAATTCTTAGAGAGGCGGGAAATTCGTATTGCTGAGCTCCTAGCCCACCTTAGACCCGCAGGACAGGTCTCGAGGGATGTTGCGACCCGCATTAAGCTTCGTCCCGTCCGTAGAGGCACTCCACGCTGCAGTGCATCTCGATCAAAACGGTGTATCTAGGCCGCAAGTGCCCCGTACAGGTTA,1694,51.06,Caenorhabditis elegans
SEQ_938644,ATCCTTAGTTCTTGCGCTAGCTGTGGTCACGACGAGGCCTCATGTCTGCCGGTGACGACTTTATGAATCGTTGCTCACAATGAAATGGATTCAAATGCCATGAGTTCTTTGCTCGTCTAACCCGCAGGTGTGCCAAAGACCCACGACCTTGTCCCGTAACCCCTGTCCCCGTGCTCCGTTATCTAGCGACATTCAATGCCTGTGGACCAAATTAGGCCACGTATGGCATTGGAATGGGGGCCGAGAACTAATATTTATAAAATGGCACTTGTGAATACTGAGCAATTAGAGAAGCCCCTAAGGTAGGGGAAGAAGTCTTAAAGGATTTCCCCTTCAAACAATGATTACGCTTTTATCTTTTAATAGAGCACGTTCCCAATTCCCAAGGCCCCAGTCGACCGCGCCCTTTAAACCTAATGCCGGAGTTTGACATAGTCTCTGGGCATACCGCCATTTCAGCCATCCGGAGTGGAAAAACTAGAAAGATAGTGGTCAACTAATGTCAAGAATAGGTACAGAAGAAGAAGAAGTAAACAGCGACATTTGGTACCCCACACGGGTCCCAGGCCACGTGCTCTGATAATATTTAGCTCACCGACAGTGGGAATGGTGGGCTCCTCTAGAATTCGATTTGTGGTGGACGACGTCCGACTTAAAATGAGCGTACTTGCAAAATTATGAAGTTGCGTCTGGATGGACCTTCGACTTTGAGACTCCTTGCGGCGTAGTCCCCCTGTACAAGGTTGCGAAGTTACGTAGCTTCATCATGTCATCAAGAACGAATCTGAGAAGAACTCTGGTAGCATTGAGCCGTTTAGGGTCGGCTAATCGTAGTTGGACCGTGATTCTGTGAGGGGCGCCTGCATTAGCGCTGCCCTGAACAGAACCGCGTACATATGCCTTCGGAAACGCTAGGTTTTAGCATCACTTCCGCACGCCAATTTGGTGAGTGCAATGTTAGAGACCTTACGATATAGTTCGGCCCGAGTCGTTGCCAATTTCTTGGTACCGTCCGGACAGTCCGAAATCATTAATCATTGGACCCATTCGGGTCGGACGGAAGTGGATCCAGCTAGAATTGTTTATCGACGGGGACGTACTTCTGAAACTCCATAAACTGGTAGACGGCGGAGGAGCTTTAATGGGAACTCGCGGTAGATTCCTGAACCCCTCGCTACTTGGTCTTAATCTTGCAGAAAATCCTGTACGTCAAAGTCTACCTTATACTGCTATGAGTAGACCCGTCCCTCGCGAACAACTCAACTGTGCTTTGCGAAGCTCCGCGACGTAGGGGCTACTCCTCGATTTTCGCCTTGATTAAGCCATGTCCTGCCAGCGCAATGCTTTAGGGGATAGGAAAATCAAATGTTACCCATGACAACCCGGGGGTAGGTCAACAGTTCGCGGGCGGGCTTTCGTCCACGTTCTGGGCTACCTACCGTGCCGGACCGCATCCGTCGCGTATTGTCTACCATCGTCCCAGCCTACATTATATTTCATAGCAACAGCAACATGC,1516,49.41,Drosophila melanogaster
SEQ_581768,CTTAGATGTTACTGATCATATGTCGGAGCACCTGAGTCAGTTACTGCTCGACATGATGGAAGTGTTGCAATAAGCGCGTCCAGCTGATGCGAACTATGACTTATTATTACCACTGCTTCAAATTAGGTATACCTGCACAAAGATGATCGCCTCAGTGACCGCCGCCTCTCGAGCAATAAGTGAACAGAGTACCTGATAATACTTCGATATTTCCTCCAGTGCCTCAATAACCGTCGTACTGGTAGTATGACGGCTTGGTAACTGATGGACTATGGTCGTTCGGAACCACACCAGACTACCAGGTCATGAAATAGGTCACATCTTAATCGGACGGAGTGGCGTTTTACCTGAATGCATTTCGATAGGTAGAAGGGATATCTTGACATAGTTGCAGAACACCCTGCGACACCAACTAATGGAATATAATCGGAACTGGAGAACGCCGGTCTCACATATCGGATACCACATTCGATAAGAGTGGGACACGGGGTTTGTAGGCATCAATATTCGGACTTTTAAACCTCAGCCTGTCAGTGGCGAGTACTTGCTATCAAGAGCTAAAGGGTCTATGATAGTGATGATTACTCAAAAATCCATGTCTTCACGTCTAGCAAAGTACTAACCTCCCACAGGCGTAATTAGCCCAAGGTCGGTGAACGATAGGAAGGAACGTTACGAAACTCCTTGGTAGTTTCGGAGCTCCGGCCACGAGAGTAACGTTATCATGAAAAGCCAGTATCGCGAGACCCTTATGCAAGCCGAGCTTCGCGAGTTCGTGTAACGCGGGTCTGTTACGGACTCGCTCTCCCGGTAGGTTGAAAAGTATCGGCCCCACGGTTGGTTTCCACACTATAGGCAAGGAGTCCCTGAGGGAAAGGATTTCCTCGTAGGCGGATTAAGAAGATGATTTTGAGGAACTTACGAGCACAGGTCGTTCCTTCGGTGCTACGACAGTGTTCCGGTACCCTGGGTGTGGTCCGATACGAAATAGTCTTAACCTTTTATATCTGGGATGGTGCTCCTTCACTTGTCGCATATATCCCACTCGTCGCTAGAACGCTCCAGCGAGGCAGCGTCAGGTTCATCGTCCGGGATCCATTCCACTTTCGAGTTATGGCCTGGCTAGCAGTCGTGGGCCGCGGCATACATGAACTCCCACGAGCTAAGGCTTCCACCAGCGAATTAACTGCCGCCTCCTGGGTGCAGAGCGACTTCCGAAGTTCCGATCCGAAGAGACAGGCTCCGCAGAGGCTTGGATCATCAATCGTTGAAACGTTAGAACGTAGGTACAGAAAGTGTTCATGCAATCCTGAAATACTGCTCAAATGGGCGTGATGATTACGGGCGATTGCACCAAACGCCTCCCGGAATCCGTGTGGCAATAGAACTGGTCAGCTCTAACCGATAGATGCGTGATATGGCCCGATGCACCGAGCCTTCGGTACATGTGGTATGTTCGTGTTAACCGAGCGTAGGAGCATGTACTGGGCCAATGACCCAAAGCAATACGCTGTTTTGGGTGAACCCCTATTTAAACCACCCCCCAGGCCTGACCTGAACCGAAGGCGATGAGGCCAGAAGGGTCAATCGTGAGCGGTGGTTGGCGCATATAAGCACGCGTGAGTCTGCCACTCAAAACTTCGGGACGTTCTTTCCTCTATTAGTGGAGTATTCCCGATGGTATTTCATGGGATTAGTGCAGTCCTAACTAGCACG,1716,49.83,Drosophila melanogaster
SEQ_619355,ATTGTTGAATTTTGCCTAGGATTCCTGGTTTGGCAAAGTATGTCCCTCCTCCTTATAAAATGCTATACGGAGTAGGGTCGGTAAGTGAATTTTGAAATCCAACTCAAGCCTTCGATGGGTTTAGACATCACTGTCCTATTAGATAGACAGAGAACCTTGCGTAAGTGCCCGTGATGCGGTAGGACACAAGAGCAACCTTTCGAACGGAACGACTGTCGGTTCTTTACGTTCAGATAAGCTTGATTGCATATGGCTATTAGACCTCGGCGACGAAAAGCATGTTTTCGCTTGAGAGAGTCACTTACTTCCCTACCTCAAACTGTGTCTGCGGAGCTTGGGCTTGAGCCCACGGTCTATCCCGAACAATACGGACGCGATCGGTAATACGTGCCGGGCAACATATCTCCGACGTGATGTATCTGTTGTTGCGCATGGCACAGATAATCTTTAAAAGTTTTTAATCCTGATGCCGGCCCCCGGCCGACATGTTCCCTTATAAGGGACCCCCAGAGGTTATCACTACCCTGCGCTCCTTATCCAGCCCTGTCGTGGAAATTACGTGACGAGGGTAAGCCGGTCGAAGCCGGCAGGATTTGGGACGACGCTAGCCAGGCTACTTTACACATATACTAACTCGTGCCAGTCGAATAATAGCCTTTTTACAGTACCCACTGGCTAGCGACACAGACATCAATTCTGGCGTATAACTAGTCATGCTAGCAGCTTCTATGCGGTATAATGAACGACACTATAGGCGCTCCTAGATTAGCGGTGGTGGATGCAAATTGTAATTGCCCCTGCGCTAGTGGTGTACCATTATCAAAATGCTGCCGGATTACCACTGGTGTCGACTTGACCGCACTTGGGGGGATGCACCCCTAGTGCCGCTGAATGCCTCACGTGTGCTCACATAGACAGAGTCCTACCTGTCGGAACTTAGACGGATTCATAGCACTTACAGCTAGTTTGGGATAGATGAGCCCTCTCGTCTGTCAAGGCTGATTTGCTGCCCGGTCGGTCTAATGGAAGGTACTACGTTACACAAAAAATCCCGCTATATGGGCGAGCTGGTCATACATGCTCTCATCTTATAGATCCTCGGTAGAAGAACACATCGCGGCATCTAAGGCTGTGATGCACTTCTAGCTTCAGGGGGTTACTGGGCAACGCACTAAAATAGCAAGGCGGCCCTGATGGAAAGAGGCCTTTTTGAGACGATCGAGAGTATTTACTGTAGGGGGGTGGTCGATTCTGGTAATATCTCTTTAGTGTAGAT,1276,48.82,Arabidopsis thaliana
SEQ_694536,CTCGCATGCCGGAGAGCGGAGCGAGCCAACCTGTAGTCGCGCCGCAGCGGACAGCCCCGTAGGCAGAATCTATCGCGCCGGCAGCTAACCCCATACTACCCTAGGCGACCGGCCCCTATTATCATAGTGCATAGGCATACTAAATGTTGGTTTTCGTGCGCCTCCCCCATCCTGGTTATGCATATGCCTCACAGGGTTGTGATTCGACGACGTGCACATGTATAAAGCTATCCGCCATTATGAACTGCCGCGGAATGATATCACCTGGCAACCTTCAGTGGGCGAATTTAACAAATACTAGTCGACAAACTAAGTCCACAAGGATGTCTTATTCCAGCTAGTAAAACTCCTAGGGAAAGTCCAAATAAAAGTTGCGGGTCGACCGGAGCTCGATTTGCTTCTCCCGCTAGTAGTGATAATATGGGACACTACCGGGGACCTGCTCCGAACTTTGTACACAATGGAGTGGCTGGGATACCTCTGGGCAAACAAAGTGCGCACATCTCCCTCGTGTGGAAAGTCTGTTTAAAAGAGCTCAATGAAGGATGAGTTAATAGCGATCGTTAGTTTCCCCAGCGTGTGTGGGAGTTGGAATTGCCCGGCTCACATTTGCACGCCACGCAGGGCAATCAGATAGCGTGATGTAACCGCCCGCTACTCGGTTGCGTCGCGGAGGACGAATCAAACTTCGGCAGGCGCTAAGGTGGACTGGAGGGACAGGGACGAAGGAGCTCTCTTAGGGGCACACGGATTCCATGA,759,52.83,Caenorhabditis elegans
SEQ_411661,TTGTTAGCGCGCTAAAATTGAATAGCAACATCTGCTGATGAAACAGCCGGCTTACTTTTCCCGGTAAGCCTTATGAAGAGTGGAGCGCCCGGAAATGTTACTCACGAAGCCAAGATAGTTGTGGTTTTTTCATGTCCTCCATACGGAGATTAAGAAGTGGCAACCCGCTCCATGGTCGATGGGATGCGCCATCTTTTATACACATGGTTAGGCTGTTGTCTGAGCCATCTAGGGGAAATTACGAACCGTCTGACCATATACAGGTGGTAAATAGTATTCAGCAATGGGGGTTTTTTTAATTGACCGGTTGGGCCCTGTAGCATGCTCGTTCCATAGATTTCTTGGCGTCCCATAGCGGCCAAATAATCAAGGGAATTCTGCGTCCAGTAGTAAATTCCGCTGGAGCGACATACAACCAGGGGTACGGCTGCAGAGGACGTCCTTGCGGCGAGTTACCTTATGTTTGCCTCCCCCATATGGGTCGAACGTGGCGAGTCCACTTGTCTAGACTAGCCAGGCCCCATTTTTCGTCGGTAGAGACCAGGTCGTAAGTCAGACAGTTCATATATCGCCTGACCATGAGAGTACAATTATTCGCCCACGACATGGAGGATACGGCGATTGGTCTGCGGCAGCGCCCAGGGGCAGTGGTCTCGTGTGTCTCTTTTCGAGGGTGTATCAATTAACGGTCTTCATGTGCTGAGATGACCCCCGGGGTCCGCATGCATTGAAGTGACGGAGCTATGGGCTCTGCCTCAAAACGAGTATTGATACACCGCGAGATGCGGGTGTTTCTTCGTCAAGCGCCGGCTAACAGGTGAGTCCTGATACACGATACAATTAACGGCCGTCTCAAGGGGTGCCAGCCCGCTTGTGCTCATTCCATTAGAGTCAGTCGTAAACATATTCTCAGCTGTGTTCATACAGCCTAACTCGGGAGACGTGTATCGCTCTGTTTAATAAATAGCTTGTGCCCGCTCGGAGTAGAAGGTGGATCGCGGGCGTTGTCTACCCAGCTACTCTGAGATCTATAACATGTATCTCCAGTAGTGTCGCGTCAGTTAAGTTTATCTATCGCAGACTGGGCCATTAGTAGCCGC,1100,50.36,Escherichia coli
SEQ_649133,GAAATCGAAGGGACACTACTGAACAGTCACAGGAAGACAGTCGCTATCTCCTCTGCATATTTGTCGAACCTGGACGTTGCTTCCCTGCGGTGCCGCCGCGCAAACCACGATTATAATCCTGTCACGGCAGAACATGCGGCGAAGTCCCTAATAAACGGTCCAAAGCACGCGCGCAACCAACCGCATGTCCTCGTACTTTCCAATCAACATACAGTCATCGCTTCTTGTCACGTAAGAATTTGAAGTTAAGGCAAGCATTTACCCCAGTCGTTGAGAAATAAATTATATACTTTGACACGGAATCGTCCCGCGGGGTCGCCGGGCCAGTGATATAAGGCCACTTCCTCGGGATATATTGAAAGGTTCCGGGCGCTAGCGTC,380,50.53,Arabidopsis thaliana
SEQ_299860,CCGCCCCAACGTAGTCACAAACGCGATGCAGGCCAATGGTCTGAAAGAGTAGGCTCAGGGTCTGTTGCGGTTGTCCTATCAGCAATCTCGCTCCGTCTCATGGATCGTGGGTCTATACAGCCGCACGGTTGGACCACTCAGGCCCAAGTGCTAACAATCAATGAATTGCACTACTGCGAAGTTCGGCTAGAGTGTAAATTGAAGAGTAGAAGTCCCGGTCTGCTAAGGGCAGGCCGCCCGGAGGGAAAAGAGTCTACTAGGCCATGAACGTTCATTCCTAGCATAGCCTTTTAGTCAGTGTTGGCATCGTCGCATCTACCGACCGGCGAATACCGAGTAGGATTTGGCCTGGCAAAATGGGTACGAGTGGAAAATTCAAGATTGGCCGATACGTAGTTTGTCCAGCTCTCACTGGGATAGGTTAAATCGGCGTCCACCTTTCGGATGCAGTTTGGAGAATCAGAAGCGGCAATAACGCGAGATTGAGGCCGGGTTCATCTTGCTTCGTCAGGCTCGCAGCAGCAGGGCCTCGGACAGCCCATAGGTACTAGCCCTAGATTTACGCGATCATAGGGTCTTCTCATGCCAACGAGCGGATGGGGATATCGTAGAATGGGGAGGAGGGGATTGATTTTCCAAGTGCTGAGTACACGAGCGGAGACTGGCCTAAGGACCACTTCCAGGGACATTCAACATCACTGACTGTCCGAGGCAGGTTATTCACGTGAGATTCGCGGCTTGATTGTTAACATTTACCATGCGCGTGCTGGGATGTCTCTCATGCTTCTGGATGGCGGGCTAACAAGGTCGAACTTCTCGCACAAGATACACGATCGAAACAGCAGCACTAAGCTTGGTTTGACTTTGCATATCCAAACCACCTTTAACGGGATGGGTTGCCTGAGGGTCGTCGGCCGGGTCCCACGCAGAACACACGCGTGGTCCCATTGACGTCGGCAACAAGAATATGCCTCACGACGCGGCTAATTTGCCTTGACTGTCCAACGCGCTAAAAATTGATGGCTAAGAGACTACTGTAGGAGCACTGCTGCCGCTCCTGCAACCGGTCTGATAGGTAACCCCCAACGTAAAGAATAGAAACTCCCGTGGAATGTCCGATAAGGGAGGCTTACTACTCTCTGTCTCCGTTGTTTCGAACCCCCGAATATGATTGACTAGAGCATTTGGCCCACTTGCCTAAAGCGCGTTTTGTAGTCCCGCCAGAAGCCGTGTGGTCTGCCGAACATGCACTGTAACCGAACGTTTACAGCGTTGGTCTGACTCCACTATCGAGTTTTGTACGATCACTGCAAGATCAATCTATTAACCGAAGATTTTGCCGATCTTACACCCCAAAAGGATGCATGTGTTATGTAGTACCCGTAAAGCGTGTCGGCGACTAGATCCTCGGAGGCGGAAAAAAATACGTTTCATTTCTAACATCAGTCCTTACCGCTCGATCTTTCAAAAACGTTGCTGCACACATCGACTTCTATTATAAGCTGGAACGCCCCCGACAAAATGGGGGCGTACTCTGAAAGGTACAGCCT,1550,51.16,Saccharomyces cerevisiae
SEQ_125781,ATCTACAGACGGTAGAATAGCACTGAAGACACTATCCGTTGTGAGATTATTCCTGTAGTCACAGACGTCCTGAAATGGAATTAGTCTCGTTCTATCTAAGCATCCCCTAGGAGAACTCGTGTGCGGACATAGAGAAGATTCTCCTGGAATTACGTGGTTCTGCGGCTTCGGCAACCGTCCTCAGCGTGTCATATCATCTGTTGTCCTCCTCGAACTGTAGGGTTGCGCTATTCAGGCGGTTCTACCCCCCTACTTGCCTTTAGATAATGAGGTGTCGAACTTCCAAGTCCGCTCCCGGCGTCCCGACTAATTATCGTCCCGGCCCAGTAATGAGAATGATACGAAGTCGAAGCGCTGATAACCCAACTTAGTGTAGGCAAACTACATGACGTGCACAGCCTGCCTCGTCACACCAGAGGAGCTTTTTTGGCATCCCATGTCATGAATAGAAGAATCGAATGATGTTTAGAGATATAATGACTGGATCGGTAGAGTAGTCTAGACACGGACTGTCTCGAGTTGAGCTAAAGTTCGTGACGTTGTGAAGCCCATTTTCACACATCCCCTCTATGACCGTTAAATACCGTCCGCTGGAGCCCGGGAACAAGACGCATATCCACAGCTTTTCCGCGGAGCTAGCACCTAATCTCTTGGCAGTTCACCATTCAATTTGACCCGGGCTGAGGTTCCATCCCATTGACCAATGGAATAGCGGGCCTCGGGACGCGCAAACTCGTTAAGTAGGGCAGTCTTGTCGGGTATCCGGGCAAGAATATAATTACACGAGCACGGTTGCCATCACTGTCGCGAATGTAACGACTTAACGTGACCTGCCGACAAGCTCCCTACCATGTCTATACTAGAGTTTACTGATTGCTGCCTTCACGTCAAGATAAGTAAAGGTACTTGCGAGTG,915,49.18,Escherichia coli
SEQ_757331,ACGGACTCTATCGGACTTAAAATTGTTGCACCCGTGTCCTTTCGGGTCTCTGGCACGATGAAGTCTAATGTCCTCTACTGAAGGTGTTGATCTGGACGATATGGAACGGGGAGCGGATCTAGTACGAAAACCCTCTCAGGCTACTTGTTACATGTATAGTCAGAGTCGTGGACGGCGGCGGGTTATACATCATTCTTAGCTACCATTCACTTTTGAAGTCCCGTGGCACCAAGTTCTCTCATGTCATGACACCCCCGTTCTCGAATCTGTTATCCGACATAGAGTCAATGGTAACCCCCGACTGTGGTGAACAAGCTCGAGGGGGTAGTACGCGCTGTATTGGATATATAAGTGACATGGTCTAGTGTCCGTTAGGGTCGGCAACGTCAAACAAACATTTTAGTCCACGTCTTAGGAGGGCTTCGCGATCCAGTGGGGGGTCTACGATACGTCACTTGTAGACGGGCTTTATTAGTCTGTATTTAGGATCGCTAGTCTACCTTATCAGAGCTG,513,48.73,Drosophila melanogaster
SEQ_880259,GATTACATTATAACAACGCGCATAAGACATTCAACTCAATAACCTGTGCAAATTCGGTGTCTATTCTGTCTACAATAACCATCCACGCCCTGTACTTACAAGGAGTCGGGCTTCCTCCTACGCAAAGGCCATTAAGCTTAGCAACCCAAGAGCTTGTCAACTGACTCTGCTAGTACGGGTGCTCCTCAGTGCGCTGGGTCTGGTCGTATCTTAGGATGCACGGTAAACTTAGACTTCCGAGGATGTACAATGTGGCGCTTCCCCATATTGGCAGCCGAGTGTGGGTGCTTACCGGCATGACGAAGCTCCTAGAACTGCCCCGATAGCGAGCGAAGGAGAATTAGGGGAATTCAGTACACGTTCCTACAATCCTCAGGTTTCCCCAACGCAGTTTTACGGGATGCAGTACTTCTGGCCGCGTGAGCGTGAGATTTTACCCCATCGAACCAAAATTGTAGAACGAAATAAAGGCGGAGCTACGTGACATTCTTCATCAATAAGGACCTATATAGGCCCCTTTATCTTACGTGGGAACCCAGACGACTGGCAATTCGGTCGCACTTTAACGCAGTTGGCTGGCTGGTAGTCCCCGGGGCGGAAACTGGGTGCACCCCCCCACCAGATATCTGAACCTTCATTTGTGGTTCGACTGAGGCCCATAGGACGATTCTCGAGCAACTGGCAACACTATTT,693,50.22,Mus musculus
SEQ_551645,AACTAAGCACGCTGCGGCAAGATGCTAATGTTACAGCTCTAGGGCTTGACAATATCAGACGCATCGAGGCGCCCATAGGACGGGACGTGGAACTGATATGCGTGGACTACAACGGATATAAGGAAATTATAATAGCATGGATCACGCCGGGGAGTGTTCGGAGCATCTTCCGAGTGTGGTACTCCTTTGACCGTAACTCTCTTTGTCATCCGTTAATACGAGGTGCATGGCTTACGCAACACGCGTCATTCTAACTACTGTACCTGCCCGAAACCCAACTGACAACGACGAACCAAGGTTTCCCATTAGGTAGTCAAATGCTACTCTCTTGTAGTGTACCTTGACCCTTTCCTTTCTGAGATTCGTTCGAGTTTGTGTATTATGCGTCACTCTCTGCTGTATTAACCTGTGTCTGTATCAGGGTTCCCTATGGAAGATGGTTCCGCCAATTGGGAATGGGTTCTCAGGCCCTGCAGACGAGAGAATTTTTTAAAGCAGCTGGCGGTATCCAAACAAGTTTAGAAGTCCACGGCAATCATTAGTATGTCGTAGACCGACTATTAAATTCGGTCCCCCCCAACTATGCGTTATCAAGAGGTCTCACCTTTTTGGCATGGCTGAGCTAGTGACAGGTGTTGGCTACTAGGTTCGTATGGGCCACAAGCTATTTCTTTTCAATGGGAGGCCTCCTCAGAAGCATGGTGAGATCATCATTAGGTCTTGGCAGCCCTAAGTTAACTGCTTTGCTTTGAGGACTAACAACATGGACACTGGCAGAATGGAAGGACAAGGGTCCAGGATTCAACTTATTTACAATAAGCCAAGGTGTCCTCGAGTAGCCCTCAGTAAGCAGTACCGTTAGGATAGTACCAGTGGCGCTGTTCCTTGCGTTCGCATCCGCAAGGCAAGCGTTAAGCGAAACCCTTCGGCCTTCGGGATGCTTGCCAACGACACGGGTTAATATGATGTCTGATTGTTTTCCCACACCCATCATTGGAGGTCTATCAGTCGCCCAATGCCAGAAACGCCCAGAGCGGAACCCAAATGGTTATGAATGGGTATGCTAGCTTGAGCACGTTCTAGAGGTTAACGGATATGAGTTGTAATTTTGAACACGCAAAAGATTATTGGCACTATGTCGGGGTATGTAACGGTTATGCTTAGCAGGCAACCAGGGGGAGTCTCTCAGTATTACATTACGCGGCTGTTAAGCGATGAAGTACTAGTACTCCCCCCCCGATAATCACACATCACTTGCACACGACTTTATGCAAGCCGACGTGAACTACTCCGAGCAGGCTATGACGGCAGGTATATTTATAGTTTGCCAAGCTACAGAATGCTTGAGGAAAGCCTAGTGATCCAATAGACGGAGAACTAAAGAGCGCTACCCCTCAGTACCAGCCTTTGAACGAAACCCCGGCGGTCATCAAGATCACGCCAGTTGTGAGTGAGCAGCCAAGTCCCATGACGGGCATCAGCACAAATGAACCTATAAACTCCCCTCCAGGCCAGCGTCCGTGTATCTTAGCAGGGCAACTTGCATGCCCCAGCAGAGTTGGAATAGCAAACTCACGAACGGGACAGTAGTTTTAGGATATCAGGAGCTACCCGGCAG,1618,48.7,Drosophila melanogaster
SEQ_725825,GTTAGGACCCGTATTACCCCTGCGAAGGGTAGTTCCTCGTCCACTGGCGGAGGCATGAGTCTAACGCTATTCGGCCTCGTTGAGGATAGGTGTGTTGGATAACCATGGCCTGGTTGGTGAGGGATACCGTCCAGTACGTCAGGAGCAGCAAAGATGTGTAAAATATATGCTTCGTATCGTTTACTGAAACTCCCCAGATAAATATACCTACAGATTGTAAGAACAGATTTAGGTGACGTATCATGGGATGGCTCTTTATAACCACGCGTCTGCGCGGGCGTTTGTGAGGTATAGCCCGCTGGCCGCTGCGAGTAGAGTATTTCGTCCGGTCTGCTAAACTCCCGAACCGGGCCAAGTGCTTCGGTGAGACTTTTAAGGAATCCCTTCGAGATACGTGACAGTGCCTTAGAATATTGCTGACCGTGACGCATACCCTAGTTCAACCTGTAGGTTGTAGGGCGGTCCTCTACACAGGCGAGAACACCGGGCTAAATGTTACGCATTTGTCAAACTAAGGATGTAGAACAGAGTCACCTCTATAGTACGTGACCCACACCCTTCCAGAAACCGGATTAGAGCGGGCGCGTCTTAGCCATTTCAACCTTGCCGGGAGAGAGCAACTGGCTACCGGTCCCAAATGCTGATAATAGGCTCCCATCTGTGCTTATTCGCCACAAAATACCGTAAACATGACTTCGGCAGAACGGAGCGAGGCCCCACATTAAATTCACCAACTTTAGTAGACGGCCTACTGTAACATGCTTTGAGCTACTTTGGACGAGAGGCAGTAAATGGAATGGACCGCCCTTACTTGCTTGACGTCAGGCCCCCAATACTCACGAGCATATTCGATCCGCGCAACTTACAGAGTCCCACGTATCGCACACGGTGATACCAGGGTGTCATGCACTGTTCCCAGCCGGGTGTCTTGAACAACTATACTGAAAAAGCAGGTTCATGTCTATGGAAATTATTTGGTTAGGGGTCCCTCCACTAGTCTCAGTTAATTGGTCCTTTTACTCATTTTACGTCGCCTTACCGTCGCACAGCGACCACATTGAAA,1063,49.76,Drosophila melanogaster
SEQ_184128,TTTAAGCAACGCCAAATCTTCCGCAACAATAGCGTGCACTAAATACGTGCGCTAGAGTCGTCGTAGATTCGCCTAATATAGGCCCCCGCAAACCCGGACCAGACGATGTGGTCCGTTATAGACTAACCTTTCCAAAACGGTCCACTAGTTTGCAAGGATTAACTTGTTTGTTCGAACCAAGACGGTGCTTTTTTTGGCGCTACCTACGCTACTCTGACTTCCGAGAGTGCGGTGGAGCCGTCCCGCTTCGTCTGCAGGACATAATTGTTCTCGCGTCAACGCAAACAATTTCACATATGGATCTGTGCACAACCACCGTGAAGGTACTCCCGAGCGAAGATTAGGAAACTTCCGCGCCACGACCGCATGTCACTTCAGGGGTAAATACATCATCCAGTTGCGTTGATCTGTCAGTGTAGGTGCCTCCGGGACGCCATTAGTAACCAGAAGCGGTTTACCTGATCTCGAGAGTATTTGGGTTCAGAAAGCGTATGTGTAATTCCCACTGCAATCATTACTCTGTCACCCGGATTGGCAGGTTGCGCATTAACGTAAGCGTCGGCCGGCCTTATCGCGTTGCCTGCGCCTAGCGGCCTTTGTAGTCCGTCAGGGCTAACGTACATCGCGCGCTGCAGCACGATCCTCTACCGAACTTCGGGCTAGGCTCGATGTGATCAATACGATGTGCCGATGTCGAACACTCTACTTGTTAGCGTAAGACATGCTCTCTGTCGGTGCACCTCGTTTAAGGCTACTTGCGGCTCCCGTGCAACCTCACGCCCAGATCTTCACGCTCAGTTTACGCTGGCCCAAGGATCCATAAGGACTTATACCGCTGTAGCACAGCTGGATTAATAATCCGCAAATCTAACATAGGTACTATAAACGAGTTTTCGCCCGTACGCAGGCGCGTCATGGTCCCGCACCGGCTGACCGCCGGCCATCCAATCGCGTGAGCGTATGTTCGCCATGCCGAGCTCAGTTACACCCTGCGCTGGCATGATGGTAAATCAAGTATGCCCCAGGCAGTCC,1032,52.52,Homo sapiens
SEQ_807075,GCGCATGTGTGAGACTTCGGCAAATGCGTGTCAGAGCACCGCAACTATATCGTCAATTCGACATGGAGCGCGTTGCCGAAAGCTAATGCACAGGGATTGGGCACGGGGGGTGCCGAAGCGGATGGGGTAGCAGACAAAGTCAGCAGGCCGTCTCGGGCCATGGGCGGAATATCAAGGATCTGCCTGGGACAGACCTCATCCGTAACGGAGAAGCGCATCGGACGGGTAGGCCCTCGATGCTCCGGGGCCAAGGCTCTCGTTCGGAGACCAGGCGCATTTGGGTGTTTCATGGTATCGACGACAGTAGCATAAGATTCTAGTTAATTGAAGTCCAACAGGCGAGAGAACAGATGGTAACAGTAAAGGGTCACTATTTACAAGTAGCTAAGACCGGTTTTACCCAGCACTAATACGCATCACAGCCTCGAAAGCGCAAGTGGCCCGACAGGAGAGATTCTTAGCGCCGTTACTTTATCTCGTTGTGACAGTAAACTGCCAACTCATTTTGTGATATGAGAAGCTCTGTTCGACATAACGGGGTAATGTCCTGGAGATCAAGTTCGGCCCGCATTCTGCCCTATCTTGTTTGTTGTTCCCACAGCGGGTGCAGGGGGTGCGATCTATTCAATGAGAAAATTTAGGAGGTTTGAGGAGCGGCATGCCGCCAGGCGAAGCTTGATTGACGTATTATCGTTATCACGTCCATTACGCGTCACCATCCGTAGCCGGACCAGGAAGGTATTAAGCTGGGATTCTATAACCCTAGAAGGAATGGATATACAAGGTGCAAACGACATGTTCGGAAAACTTAACAAGGGGGCGATCTGCGTGCACACCGGACAAGACCAGCACAGAGACCGGATCCAGTTCAACTCCCTCCGCGACCCACCCAGAGTCAACTGATGGTTGCTGACCCAATGGCTCCACGCTTGTGGGCCATTTGCTTGATGAGGGCTGTTCCCTCATGAACTCCCAATTCACGTTCCCGTATAGTGGCGGACATGGTCTTCCAAAACCGTCCCAAATACGATACCCATTAATCGAGAATCCTGTTCGCGACACAATATACCATTAGATCTAAAACTCTCCCGTAAAGCCTCCAAGCTCCGGGTGGTTATAGTCCTCTTGGTGCCAGGTATAAACTTTAACTTGTTTCCTCGATACCTCTCCGATGCTAGTTTCACGGTCTCTACCCTTGGACGGCAAGAGCCCAAGGGTTGTGGGCCACTGGAGCGAAGCTCGTCTCCCCTGACCCCCCCCAGGCTTGGGATCTGATCTACTAACCGTCGTCATGTTAACGTCCCGAGGGATAAAAGCTATGCGGGGCGTTGAAGGTTTCCGCGTTCGATGAGTGCGGAACCCACCGCATTGATGCGGATGGTCGGATCCCGGAGATATAAGCTAAGCGATAAAACACTTTGTGTTTAGTCGTTGACGCCAAGAGTCGTAGCTGTTCCGGGCAAAGTCTAAGAAAAAGTCAGTACGGCGTTCCGCCCGACATGCAACAAGAGGAGCAGAGAAGCTCCATTCTCCTCAAAGAAGCGTAGACCAGAACATAGCTGTTCCCGATGGCTGGTACAGCTGGCATCCATCCAAGCGCATAAACCGCACGCAGATAACAGGATTCGTCCCTGGTACCGTTCGATAATTTATCGCACCCTGACAATAATCCGACGCGGTAGTAAGAGTGAGTAACGTACCGTAATACTATCGGACGTCCCCTGAATGGCAATAACAACCTATG,1744,51.72,Saccharomyces cerevisiae
SEQ_963405,CGCTTTAAGGTTACAGCCCATCTTAACGCAAGTTGACGTGTCGATGTTAGATGCGTTGGAGCTACGGGATTAGCGGACATGTCGTCTATCCGAAGTTAGCCAGGGGTTGCTTGATTTCTGGTCTCCCCATTAAGCATGCCTGGGATCTCTATGGCTCGCCGAGCTTGGGAGGCTCGATGCGCTAACCCAGCAACATAGATATCGGTACCCAGATAGTTACTGAGTGGCCGCTTTACTGACGTGGGAAGAACGTTTCCAGTATCCCAACCCACAGCTCAAAACGTACATAGTATTTATACAGCCCCATAGGAGATTCGGGTCTGTCGTGTGGGTACTAAGCCTATCTGCAGTATACGACGTGCCAGTGAAACCCGAATCGTTGCATCCTGGGATGAACTCAGTGGAAGCGTGTATATATCTCCAAACTTAACTAAGTCCATATTGGGTATATAATAAGGCTGCAATACACCTACCTGAGCGCCGTGCCGCCCGGGATGACGAGCGCCGCTATAGCGTAATGCGAGGTGAACTGGCAAACAAATGCATAACTTGAATTCCACTGGCCCAAGTATGTAAGGAGCTCCGAACAAGCGTCGGCTGTTCGGTCAATAATTTATGGGCGTTCATCCGATCTAGCGAGGGACTGCGGTTCCTGTACCCACTTTAGTGTCGGAGCACGGTA,682,50.29,Mus musculus
SEQ_568625,ACTGAAGCCTGGGAACACGATCCTGCTGACACGGGAAAAGAGATATAGTGCCAAGATCAAGGCCTTTCTCGCTGCGGTATCACTGCGGCCTCAAGATGCGGCAGATGAGTGGTAGAGGTGGTATACAAAGCTGGCTACCAGTACGGCCTCTTCTGCCGTGGTGGACAGATTATCTACCTGAGCTCTTGATGGGAATTTCCGGGTATATAATTTTTATGAATATTCGAAACACGTACACCTTTCTGCGGCTATCTCTCCTTACTTGCGGAAGAAGGCCCGTGCTCAGCTGTGCATTACGACACCGCTGGGCCTGGAAGCCCCTCGTATGTCATCGAACTCAGGCGCCGGGCTTGGACCTGCTGTCGAACCTATCTGTTGACACATTTGATGGATCTCTTAAGGGTATCAAGGGTTGCAGCCCTGGTGGGAGGAGGCGTGGTACTGGGAGATTCATGCGTACATTCTAAGCTGGTATAGTTTATCGTCATAGGGGTATCTCTGCTTCAGCGATTCAATGGTACTAAGCGATCACGGTATTATGACAGAGATCCAAATGAACTACTCATCTTAAAGTGTATTTTAGGAATTGTGCTGTCGCGTTTTACTGCGTGACTAGTGCGGCTATCTCGAATAGTAGATGTAACATCCTAGTCATAACCGGGAAATTGTATGCAGCGTGTTTCGGCAGTTACGGTTTCTGGTCCTACGCTAGGACAGCCTATCTTACTATGTCCATGTGAGGTTATATGAATGACCCCTAACGTCCATAAGCAAATTCAGGAATGGTCAGCCGGTAAGAGTCATCGAATGGCTGAGACCGTTGTGGACGGCGATCCTTGGCGAACTGGAGCGGAATTGGTGCTTCTCTCTACGTATAGCCGGCTTCTCCCGTAACCCTTTATAGGAATCCCATCCGGGGTGGAACCCCTAAGTAACCGGACACATTAAT,949,49.1,Homo sapiens
SEQ_110123,GGATCAGGGAACGGCCTAACTACAGCTTAGACAAAATATGCTCACATATAGGCATTCTGATTCAAGTAGCTTATGAGTGTAACCCGCAGGTGTCAACAATGGTCGTCTAGATGAGCGCTACTCGTCACCTTCTTGGAGCGCTTTCCCCGAGGTCGCCACTCCCCTTAACGCTCAGGCGATCGTCCGCGGCACAATGTATTCCGCATTTTTTGCGTTGTGTAGACGAGACCAGAATCCATTATCTTCCTGATGAGCTGACTAGCAGTTGTCGTAAAAAAATGATGAACCCTACGGTGGCAAATCCAGCGGCAACTATCAAAAGAATGGCGCATTCGAAAATACTTTGTCGCGGCGCGTGTAACCTCATGGTAAATTCGCCCCAATAAAGAACTACCTTGGGGAGTTCGGAGACCGAATAAACTGGACTGCCGACTAAGTGGGCGGAGATTATTAAAATAGTATTGGGCGATGTATCGATCTTATGGTACACGATGGAACTAGATTCCGACTGCGTTTTACCGCAGAACGAACTCTCAAGCAGTCTTAGCATGTTCTCCCTCTATCTAGTACATTTGGATGCGGAGCGCGTTACTTAGTGGGGGTAAAGCAGCAAAGTCCGGGAAGAGCACCACCTCGCCACTGTTTTTTCGAGATAGTGTTATCGGAAACCATAACTACATGTTATTGATGGCATTATTCTACAGCCGTGGGGGCCTCCAACCTAAAGGCCTCTGCACGAGCTATTCGTGTGTTAGTAGAATCAAGAGTGACGTCATTGGGTGAGGATTTACGTGTGAAAGAAAACTCCGACTAGAGAGCCTTCCGACGTTCAATTTCTCGACTCACTGGGGTATTGGGGTCATTTAGCTCTGATTCACAATAAGCTGACCAGTATCTAAGTGAGCCGATCATCCGCTTGCCTGTTGCGCCGCGCTCTCTGGCCCTCTCTCTTGCGTGGGTAATAGGGATTTCGGCCTGAATGGGACGTTCTTAATTTGTACTCTCTAAGAACACCCAAGCTCGGTCTGTTTCTCAATTTGCCCCAAGCTCTGACTGCGAACCAGCGCGACTAACAACGGACTCCCAGGGCTTGCTAATTAATTTGAGATAGCCCCTGTATATGGATATCACTTCGTGATCAGCCTGTTAAATCATACCTTCTCGAGCGTTGGGGGAGGGATCAGCACATCCATCGACACAGAGGAGTTTGCCAACAGAGAGGAGATTGCGGCAGTCGTTACGGTATTTCTTGAACCAATCGTTCACAGGCCTCCAAGCAAGAGGCGAGGAATTGTTCGTTGTCGAACCCCTGTATTCTGAGCCACAGCTTAGTAAGTTTTAGGGTAGTCCAGAAGGAACTGTTCTGTCATACTCCCGCGGCGGCAACAATAAAGTTCGGCCTCTATCGGAGTCTGATCTGTCAGGTGTGTACGGGTATGATGCAATAAAACACCTTTAATACTAATTCACGAAGAAGGGGACCCGCAATTTTTGCGATGCCAACCGTAGCACTTCCCGTGTCTAACTGCGAGATGACAAAAGAACTGACTATTAGGGACTTCATCCTCCTCGTACCAACTACTGGCGTCAATAAGCATGCAGCTAAGAGCCTGCCGTCTGGGTAATGTGACATTATCTCTTTTTATGGGAGTCGACTCCACCACAGAGCTCCGTTGGGAATCCCGGAGCTGACAAAAGTACCTTGTGACTCCTAAAAAGCAGTGTACGTTACGCCGATGCTCAACTCGTTCAACTAAGTCGTCAGTTTGCTCGGTGTGTGCACTTGGGAGCCATACATCGCCACTACGAGTGGACATGTAAGCATTGGCCGATGTTTTTAAAGAACCGAGGATGCGGGCACCGCATCGAG,1870,48.56,Mus musculus
SEQ_363195,ACCATTAGAAGCCAGTCAGCTTCCTGCCCTTTTTCAGGACATCACGTAGCTAGCCAATCACTAAAAGTCATGGCTTTAATAGCATTATTCGAGCCTGAATCGGTCCTAGCGGTGTAGCCCGGCTCAAAAACTGTACTTGAATCTTCGTCGACCTGGCACACAGGGGAATTGCGATGGATGCTAATTCTGCGTCGGCTATAATTTTCGGCTCTAATGTGATGCCTCCCACTAATATCCTATGAAAACACGGTATATTATGCGTCCCTCAACAGATGCGCCTGATCCGTTAGTGGTGGCAGATTGTCGTATGTCTTTTTCTGAGAGTTTTTAATTAGCCGGCGCTCCCGATTATAAAATTTAGGGGAAATCCTGTTAGCGGTTGTTCTCGTGCAGACCCCTGGACAGTTTCCAGCGGCTTGCACCTACCTTTCCTTGTAGTAGGGAAGGCCTCTATGCCCGGCTCTCAGTGAGGGGGTCGCTTCAGCGGTGTTATGCTGCTGGTGATCCCTTACCCAAGCCAATCCTGGATGCAGGAGCCCTCACGGGTAAGCGGTACAACCAAGGCCTTCGTCAACCGAAGATCCCGCGCATGCGCCGCAAGGGTCCAGTGGAAGAACCAACCCAAGGCTGCAAGCGCGCGTGAGCCCCTTGTCCGTCGCCCATTTTTTCTTAACTAGGGCAGTACTTTATAGCGTAGCTGCACATCCACATATTCCTAAAAATCGTGTACGCAGTTTCTTAACACCAGCCCAGGAGTGATCTGGCTAAAAACAGAAATAGACTACATTACATACTACCGCTATGTGGTTGCGACTCAAGTACACTCGCGTGGATATTCGAGGATGAGCCGCCGGGCCGCTGAGTAGACGGTCATAACATTATAACAAGGATGTCGATTGTACGTCACTTGTAGGTAGCGGCTATTTAGATGATGGCAGCACTTGCAGCGGAACTAGCGGCAAGCCTGCCTCCCCAAAAACAACCGTGCTCACGCCGATGTTTAGATCCAGGTAGCGATTGTAGCTATGCAGTGGCGGCCACGCTTCATCGGCGATAACGATTAACGCATCTTTAGCTAGGCTCGGCGCCTTCAGCAGATCGTGCTAGACGTAAGCAAGTGCGACCTTCCGTATACCGGACACTGTCCCCAAAGTATGCCGAGACGGCCGCGAACGTCCATCCTAGCAAGTACTAGACTCGCATCATACAAGGCGTATACAACGAAGTTCAGCCGGCTGGTACGGCGCACCGTTCAGCGTCGACTATTTAACTTCCGAGGCTCGAATAGTTGGTTGCGACTAGCCAGCATCCAGACGAACTATGAGGGTCCGAAACAATTGGGGTACGGACGTAATCAGGATGACTTATAGATCTCGACATGGATATGTGTATTGACTTGCTCGTGAGTGAGCCGAGTCTGGTGACCGGTGTCTAACGCCTATAGTCCACAAAGGGGTCGTTATTGCCGTTGCTGGATGAACAGTAGCGCCCGGCCACGTAGTTATGGCAGCGGGCCTCTTGGCAATGCTTGTCTTACCGTAAGCAGGCCACGACAGATGCGGACTCCCTCGGGTGTTCACTATGTGGACCGAGCTAGTCTCAGTTGTCTGGACACAAGACCTGAAAAGTCGAGCGGACTCCAGATAGGTGTTAGGTAGGATATTGCATGGTGCCAGACGCAGTCTGGTTGAGTAGTAGTGAGAATTTGAGGGTGCAGTCAAACCCCTGCTCCATCACTGAGCAGCTCATCGGCTAACCTGCCTGTTAACGACCAAACTCAATAGTCCCCACTGATCGAGCCCTAAATGGAGGGAGAAGTCGTTCGAGGTTGCCTCATTGTTGACGAACGTTAAAGTC,1857,51.43,Caenorhabditis elegans
SEQ_894704,ATTAGGGGACCCCTTGTACCAAACGTTCGCGACGTTGGCGCAAGCTGCCATAGGTCAGCAGGAAGTAAGACGGTCCGCGCAGATTACACCCCATTCCGGGTAATCCTGTGGCCGAACGTATCTGTAGGCGTTCTGAAGACTGCCCCACTGTTCTGCGCTAGAAATTTTGTGGGTAATGTTACAGTGCGCTCGCAGGAATAGTTAAATGTGGTCGGCGAAGAAACGTACACCACTTGATCCGCCTGTACCTTATCAGCATGGGTCGTGGGGACCCGAGGCTCGCTGCTAAATTCATAGCCCTTTTGTCCCCCCTTCCTCATTCGATGACAGTGACTGAACGGGGGCGACCAATCCCACTCACTGGACCCCCCGACTCGTCCTAACGCTACGCTGCAGCCGCGCCGCGATCCATCAATTGGTTGCTACGGCTACGCGCTTGTCTGCTAAGGTTATATACTAGCCTGACCCAATACAAGGTAGCGTTCGAAACCAACTAATGCAATGAAGGCTTGGGATCCGCTCGCGATGCTCCCAGGATACCATGAACCAGCATTGCGTGCTCACTCAATCTTATAATCTGTGCTCCTGTCGATCTACATGTAGGAGTAATTTCTTCACAGGCGTTGGACTGTCCACGAAAAATGAAACCCGCAAGCGTGAGGTTGAGAGAAGTCACTTGCCGTGTCTATTACATGGGGTAAGTTCTTTAGGAAACCTTCATTCCTCGGTCGGGGTTAAGGATTGTTTCCCCGCCGTTTGAGACCTCGTGTTGTGCGTATCAGATGAAGCAAAGTTATTACTCATACAGGCAGACTTCGCTCTTCCCTCCCCACAGTCACCGGAAGGACGGTGCCTCCATTTTCCTATGCCACAGTGCGAGTTTATGAGAATGGGGGTCCTGCACCCCGTCAACTAGTTTTGGTTATGCCCTTTGAAGCAAAGCAACGCCTGACACCTTGACTGGCCTCGGCAGCTACGACCGAATCCAACGTAAAGCAATCACAACCGTGCAACGGTGCGCCAGTTCGTTACGTCCACTTGACCGTTGGGTCGGGGACTCTCAGGCTAATGGGGCGGAAGGCGACCGGCAACTAGGATTCTACGGGTTCACTCTCGATGCACCGACATCTCCAGCTTTGGAATTTGCACGGGCTGAGCTCGTTATACGAAAGAAACCCCATTCATTATCGGTGGTATCGGAGTTTTCTTAGTCAACAACTCCGAGGCCCATTTGCGTATAGAGACGCATTAAGAAGGTATTGCTCCTGGATGAACGACGCTTCTGTATTGTGCCTAAAGCGGGCCTGTGCGACATGTATGGTGGGGGTGTTCTTATCCCCCCGATGGTGCTTAACTGTCGACATTATTCTAGGTGGAATTATCAGACGATTCCGCGAACCGACCTCCTTCTGTAAACAAGAAGTAGGTGACGCTTGCCTTTGATTGTACCGGCTTTAGATAGCCTGAAGCACACCCTACGCTTAGTGGTGAGAGTACACCACTTCTTTTACTGAGCCTCACGTACCTTATAACTTTAACTATAGTGAAGTTTCCGAAAGATATGGCCACTAAGGTAGCCATGGTTCGGACGTGTCCGTCCATACATCCGATTCAAATTGGTCGCTCCCGAGTACCACTGTTAGCTAGCAATGAGGCCCAAGGACTCGATGCCAGAACCTAAACACGCTGTACGTGTGATTCTGCAGTTATTGATAGACATGGCAGGTCTGTCTAGATCCGTCCTACAAGTATTATCGACTCGCCGAGTGCATAATACTACTTCTTGATGTACCAGCTTTAATTGACGCCTGGAGTCGCCGTACGTATAGTGCATTTTCCAAGATGGACCCTGTCAGATACTAGATGTATGCA,1872,50.64,Caenorhabditis elegans
SEQ_946747,TAACCACATGCTTCAGTGTTATGATAGAGCAAACGGCTTGGGGGTTGCGTCAGAACGCAAAGGCCAAAGGTCTGCAATGGTTTTTGAGTAGGTCGTCCAAAGTTATGTAGAGTCAAATTAATTTGCTTAAGCCTCGTATGCGATTCCGACTCAACATCTGATTGACAGACTGTGGAATATTCTAACCCCACACTGGACGATGCTGTGAGACCTGTGACAAAGTCACGTGAGGGGTTCCGAATGGTTGGAGTGCGCAGGAGCGCGTGTGTGTCCAAGTAGCGACAGATCCATCGAC,295,48.47,Escherichia coli
SEQ_245355,CGAATTCATATATGATATCGTACGGCCTTTGAGTCACTAGAAATGATGCGAGGCGACTTACAGCAGAACGAGACGAAGGGATTGGGCCTAGAAGATAACCCTAGCCTACACCACCAAAGTATTGTACGTCTTGTGCGGCGTCATAAAACCTACTGACCCAAACATGCGCACACCACAATTAGAGCGGAGCTGATGGGAGCCGTTAGATGCACTCATGGCGATGACAACGACCGAGCTTTTAATTTAATTGCAGATTCTCGGCGATGCGGTTTCGAGCACCGGGCGTCATTCGTTCTCTCCTTAAGATCTAGGCAAACCCGCTATCTTACGTTAAGCTAGCAAGCCGTCCGTGTATTGCGGCTCACTCTTAAGATTCGCAGCTGTATCTCCATTTACGCTCGTCCTGGATTACTTCTATACTTCACCACATATTCCAGTCTAACGACGTGTTTAAGGAATGGTTTAAGGGGCCCAACCCCGGCCCGAATCATCGTGAGAAGGTATATTCATCCTTCATATGTGCTGTTGCTATTATGAGTTCGCAGTCACCACCTGACATGGGGTTCACACACAAGGGTTGTGCCGCAGAGGTGCCGGAACGCATGAATGTCTTGTGGAGAGCGTTCCGGCAGCCCAGCGGGCTATATGCGCGCGGCTGTTAGCCTGTTTTGTAAGGAAAAGAATTCGAAGGAAGAGGTTCTGACTACTCTCCGCGAACGCCCTTAGAGGCCCAAACACCCTTATGTCAGGTTCGCGGGTGATAACCCTACACCTTCTATCTTCGAGCACCGACTCCGACTCGGCTGCACCGGATATTTGAAAATGAAATGGCAAAGTTTGTGAAGGCAAACGCGCTGCATGGACACCCATTCGTCCCCTATCGGACACGTAGCGATCAGATACCCTTCGTTCATCGGTGTATCCGGGGCCACTACAGGCGGCCCACCGCAAGGAGGTGGGAGTACAGTAAACCAGCCCTAGGATCTCTACCCAAGGTTGTTTGGTTTGCCCCAGCGTGCACCATGGATTGCGACTGCGCACAGGTGGAGGTTCGCCAAAAAGCGTAACTGGCGTTATCCGTTGTAACAGGACTCGGCCATTGTAGTCGGCTGTACGAGAGGTCAATTCGGCTTCGCGAGGGCGCTTCCTAGAGCACGCGCAAGCGTTTCGGGTGGGAAAGAGATCGCATA,1190,51.93,Caenorhabditis elegans
SEQ_486683,CTTGAGCTAGGAGCCGGCTTTATCTTTCTGGTACTATGCCCTGACAATTTGTACGTCGCATGTCCATGCGTTGAGCAGAACTTCATGCCGGTTTATGACTGTAAGGGGAGCAGGCTTCAACTAAAGGAATACTGCACCCGCTGGTCAGTCTTAGTACACCGCCTGCTGTCAGACTTGGATTTTTTCTCGCTTGCCTTTATGAGCGGTTTCTCATGATGGCGCCCCAGGGAGACAGCGTTCGCGATGGCAGCCCTGCTACCTAAGGTCACGACCATAGAGTATAGACATGTAGAGGTGTGTTGAGCCTGGTCTACAATCCTCGTGTGGTGTACCCGACTAACATTGGAACCTGCAAATCGTTGCGTGACACAGGAAACTGATAAGCCGGGTATTTCCGGGGGAATGTGATAGCTCGTGGGTCGTAGGACTTAATCCGTACACTTCATCCGCCTGCCCTCGAAAATACTAATCGAACAGTTGTAAGAATACCCTATTTTTGCGTCGACGTTTATTGTCTGCCCCCGCCTGAGATCCCATGGCCGGGTTATGGCGGACCGGTACAGACAGTCTGGCGGGTCGGGTTTAATCACTAGCCGAGCCCTAAGGAGTAGCGCGATGGCTTGGTTAATAATACCTTACCGTTCGGCCTCAAGTAAGAGGCGGCTAGTTTAGAGGCCTAGGATATTTCGGACCTGCACATATACCCGCAAGCGTTCTGCCGTTCAGCCGCTCGCTGGGTAACTCCGTAGAATAGGTGGTGTAC,763,51.77,Homo sapiens
SEQ_772849,ATAAGGTAGCAATTGGGTGTGAGCTCAGCCCTGCTAGCTCCAGACTGATATCTCATAGTATCGAACGATGCACGCTTGCCCCGAGTCTGGCAACGTCTAAGCAGCCTCACAGCGCCAGGTGGGCGGAGGTGTGGGTCCGTTCTTGATCCTTGTTATACAGCAGAAACTAGTAACAAGACCTTGATTGGGAGAGCGTCTAGGACCAGAATATTGGGTGACGTAGGCTACCACGCGCGTTATATCTCATCTATTTTCTACTCGCTTTCGCGAACTGCTGTTCGAATCTCTGCAATCTCAGCAGTTCTCCCTCTACATCACGCCAAGTCCCTCTACGGCGTCGGCGGAGGCATCAGCCATAATGCGGCGTTATACTGAAAAAACAACATCTGAGCCCCCACTTTTGTTAGGGTCGTAACCAGTATTTACGCGTCAGGCTTCCGCGAGCGAGGCTCGCGGGAATTTATTTATGCGAACAGGACCTTCTACTATCAGTCTTCCCCTCGAACGGCGCATCTGGCGCAACGTAGATTGTGAAGGTAAGTCCCTTATTCACGGTTACTTATGCTTAAGCGAGAGGTTGCAAGAACATCAGGATAATCGGCCTTATCAAGCCGCGAATCTTAGCTGTTTACTGAAATGGTCGAGATCAGCTACGTATTGTGATCGGTGCAGGTGTGCATACCCAAGGCTCACCCCTGAATAACGTGACTACTCTATGACGACGGTCTACCTGGACATTCTGCTCTAGGCACTTAGCGCCGGCTAACTCCACCGCAAGTCTCGTTTGGAGAGTGAGGTTTCTACCTAAAGAATCCAAGGTCATCCTAAAAAGAGCCTCCATGCCGCATTGATCATGGGCAGAATACACGTCGAGGGCCATATAGAGATTATACTCCAGAGCCCAATTGTCAATATTTAGAGACCGGGGTTGTTAGGGCCAATTTGATTACGCATTAAGGGGGGATGAGTCAGGCGCATGTTGAAGGACTCGACATATCTGAGCACCAGGCTGCGACTAAAACGTGTCGGCAGCTTCCAAGATATTATTCAGACGGAACCAGCTAAGGTTATTTTCTATTAGCCAGGAGGAGGTAGTATTTCCAAAGACCATAAAGTACACACTTGCCGGTAAGCTTTCACACCAATT,1147,49.17,Caenorhabditis elegans
SEQ_130518,CACTTAATGTCCCCGCAAGCGTACTGAAGAGGCAATATCGTTCTAGCCAGAACTACCCAGCCTTCGGTAAAAATGACGAGGTACCGCATATCAGTACAGGTGTGGCCAGAGATTCCGCCGTCGAAGTAGAAGTAAACATGCATTTGGGTTGGCCACCTTCGAGAGGTCTGGTAGGTTCCCACCTCCCTGTTGGACTGGCTCTGCTCCCATTTGTTCTGTGACGATCCGCAGAGGAACTCAGTCTGTGTGTCACCCCTCGTTCGTCGAACATGGCCCCCGGAGTCCAACGTCGCTCCGGCGTGCTGTTGTCGACGGCGGTAGAAGCCTCAACCAAACAATTCAAGTTCAGCTAGTTTCTGTCCAAAAAAAATACCGTGCCACTTCCTGCCGGAGAACCAGCTTAATGTGACCACAGGCTTTTGCGGTAGGGTTTAGTCGCCTATTGTCTATGACACTGTCTATATCCTCTGAGTGACAGCTCGTAACGCCTTCCGGAGGCAGCGCACGTAACGCCATGAATCTTCAAGATCTTTGGCCTTAAGCCAGCCTCGCTGGACTAAGGCTTAGCTCTAGAAGAAACAAAGCGCGGCATACCAGGACTTCTGAGATCGTCAGCTAGTGCCAGCGGCCCCTCAGTTCCATGTGCAACCGAGGCTACCTTAATCGAGTCAACATCTACGAGACAGTCTCTGCAGAGCTACTGGGATCGAAGAACGGAAACACCCCCTAGTAAACTACCTTAACCGAACCGTCGCTCAATATCATTCGACTGGGTTCCACCATAGCTCGATTAGTTCATCAAAGCGCCCATACCCTGGGTACTCGAAATACCGTGCGGTATATGAGCGATTCAAGCGCCACTCAATCACCAGTACCAAGGCGCGCGTATATGGCATTGGTGAAGTAGTGTTTATCATTATGGGGGATGGCTGCGCTGCATGAAACTACATGGAACATATCCGTCAGCTTAACGGTTGCAACCACTAATTATCGTCGAAACCTCCGTGCTTTACAAGGCCGGCCACAATGAATGGG,1035,51.5,Drosophila melanogaster
SEQ_833718,GTTTTGTAGCGGAAGAATCTCAGCAAAGTAGCGGCAACCGAAAACATAAGCTTTTCGATGAAAGGCGGGTGGCCCTAGATGCGGCCCTCCAAAGGCGTCCGGCCCCTGCGTGCAGCGTCGCCACCTTCGAATACGCGACGTTGGGTCAGGACTCTAAATAAGCGGTTATAAAGGTAAAGCACAGAACCAAAATCATGCCATAGTCGTCCG,210,52.86,Caenorhabditis elegans
SEQ_872123,GGGCGGAAGTGCGGTGACGGATTAGCTCACTGCCATGACAACGCAACATAGCGTATGTTTAGGTCGTCCGTTTCGCCGCGCCCGGAGTAATGCCCCCGTCGTCCGAGGATGTGGGGAAAAATGCGCAAAAGACTTTATCATAAGTTTCCTGGTTCTCAAGTGACAGTTGAAGTCGACCCCCCGCACAACAGTGAGCGTGGAGTAAGATAGACCTATAGAGGCGATGAGATGTCGCACATGGGCAACGTGCCGACGACCGGGTCCCTTTATGACGACAGATGAAGTGCCGCAAACTAGAACGCCTGCGTAGGTTAAAGCCACATCGTGCAATCGTTAATCTAAGTTACAGGGAAAGACATCTGCGAGGGTCAGGGCACAGTGTCACAACTATTTTCTTTTTAACACTTTCTCA,412,51.21,Arabidopsis thaliana
SEQ_157948,GCAGACCCGGGACTCCCAATGCGAGATTTCTTGATGACTGTATAGACTACGCGGTCTAATCGAGTGACCGCGCTCCTGTCCCCCCTACAAGGGTCGGCGAAAGGCTCTGGCCTTTACACGCCTCGCTGATAAATGGCGTTCTATTGCGACTTTCCTTTATTGATTTCTCCCGTCTGTGGATATTATAGGAGAATTTCTCAAGAAGCTGCTTTGTTACGTATAAAGATGCTCGATCTTCGTCAGACACCCGCGAGCCGCACCGCTTCCGATTACTTTGCAAGCCGACAAGGGCTCTACCCCTTGGTCGGTTTTGGATTACTGGACGGTATAAAGGGCCAACATTGGCTCTCAGAGAATCCTTGTGTCGCCCGGATAATCACCAGATGGCCGCGATCCAAGCGGCAAAAACGTTCCGGCGTCTCTGACGTTCTGATTGCGTTTGGTAGTAATAAGTCAAAGTAATTTTTTCGACTCTTCGACGGAGGGAACTAGGGCTGGATTCTCGGTAATATTTGCACTGTTCCACGCAACCGTGCGGATCCCTGGCATTGTGTCGTTCCGAGCGAATTCTACACTCTCCGGTTGCGCGGAGGTTCACGCGTCTGGGTTGATCTCACAGGAATGACGAAGCTTTAGAGTTGTCTTCCCGTGAAGGTCGAAGAGGTTCATGTTCAGTGGTAACGGCTTCGTACGGGAGCACCGGTCTCGCAGCTCAAGAACGACGACTAGATAGAAATCATGGCATTGTGTTTTGATAATTTTCCGTAGTATGCGCCCTACTACGATTGTTAGCTACTAGCTACAGCGGTGGTCACCATGGCGACCTTGGGTAGCGTATAGCCCCGGTTACTTTATAAACCGGAATGCACTTTCTGTCCCCGCAGTTTAAAGGCCGTCTGAATGGAATTTCATCCAAGATTGGGCTTATGTCGCCAAGGTGTGATGCTACTCGGGAAACGTGATCACTCGAAGGCTCAGATTAGACCACCCCCTGCTGGGGCCTTAGTTAGGATGGACAGTTGGCACAGTTGAACCGACAATATGCATGTGTTCCTTGAGGGCCAATTGTATAAAAATTTTCGACAGGGTCATGAATAAGAGCACTCACCCGTCAATGCCTGTTGATTACATTTCTCTGATCTGAGCAGATCAAACACAGATGGTAAGATCCGACGGATGCGAACCTGGTCGTAGAGACGTTCTTATCCGCGTGCTTGCGAGCGGAGATTCTGGGTATCATTGGCCCTCTTCCAACGACAATGTATACTTACAGGTATGTACGCCGATTCCTTTGTGAAACTTCGCCAGGAGACAGAGCTGACACTGACGGGGCCTCCCTGGTAGCTAATTGGTGCTGCAATCCCGGAGGCACCTGCAGTGGAATGATTTGTAACGCGATGGACCTGACAAAGACTACCCGTTCCATGCCTCTTTATATACTTATGCACAGAGTGCGCGGCGCGGTCTATACCAACCCGTCTTATCCAGGATCTCAAATGTCCAATTTGATTTACAGCACTATAT,1524,49.87,Saccharomyces cerevisiae
SEQ_791245,TGGTTCTAGTTCACAATCTTGGAGGTCAAGGCGATATGGGAGCTGGATGTTCTGGCTACTTGACGGAGCCAGCGATAAGATCGCGGGATGAAGATGAGTATGAGCTTAAACGGATCGCAGCACTGAACTCACCCCCGGTACTGGGGTAGAGCATGTATTTCGTACGGGTTCCTCGGCAGGGTGATATAAGGAGTAAGTTTTATCACGATATCGGTTAGTACAGAAAAAATTTCATCCTCTTCCTGAGTTAGTCTACGGAGAGCGCCCTTAGACGCCTTAGATAAGCTGAATCATGTGTCGCTAGCGCATATCTGATCAGGAGCATCATTTGTTTTGTCACATTTGCCCTCTCATGGACTGAAGATGTGAACTTCGAAAATGGGTGTCGAGAGATTTAAAACGTAAGAACGAGACAGGGGCTATGCAGACGCGTGAGGCCCGGATGCAAAGTGTATACACATGAGCGACGTCCTCGGCGCCGCGGCTTATTAGCGGTTCGGTGTCGTTATCTACAAATCGCCTTCCCGTGATTCGGAGACCGAGTTGGTGATGATGAGACCCTGTGCCTCCTCCAAGATGGTGCGGGTTCACGGTCGATCGGTCTATAGACCGACCACCATGCCGTGAGGAGGTAAACAACGCTCCAATCAGAGGCCGATCGGTTGCGGAAACGCTAGCGCGCGCGCTGTTAGGTATGTGTATATCAATCGTACATTGTGATTAGACACCGTCTAGTAGTCTCGATCACAGAGAAGCCTACTTCAGGCATTAGACTAACCGTGACCGTGGGACTGAATGTGCATGGACCTGCCCCGTTAGAGGGCCGCGTTCACCTATATGACATTAAAGGGTAATTATTTACGTGGATTATAGACACACGAGACCACGTTAGTAATCTAAAGCTTACCCGCCACAAGTCGGCTATTATCTTTCGGA,936,49.57,Caenorhabditis elegans
SEQ_446969,TTACGTTCACAGGATCGCCTGCTTCAAGGGAGAGGTTGTCTCGCATAATAAGGTTATTAAAAGCCCGACCACAAACCCGTAACGCCATGGTCATCTCTAAGTTGGCTCAAATTCGAGAAGGTTACCTGGGACTTAAATTTGGCCTTAATTCAGGTATTGCTTTACCGCCGGCTGTTTCCATCCAGCACTTCCAACGAGTGTATAGCTACCAGGCTGTAGCTCACAGCATTATGACGTTGTCAGATAGCGCATATGATACACGAAAGCATACTCCTGCTAAGGTCGGGTGTAAAGCATGAATTCTTCCATCCCCGGTGCATGCCTCCCGTGTTGTCAAATCCGAGAGGCAAGTCTAGCAGTCGCGTTAGCCCACCCGGCAGCTAGGAAAATACGAGCAGCCGTGATCCTCGCCTTGCCGCTTCTCCCTGCTTGAATCAAGCACGTTCATTTTGGCGTTCGGTGCTTTACGTATTAATAGGAGTCAGGAAGTTCACTTCTATCACTGGTCGTGTCGGGATTCAGGTAAATGACTGAACTCCCTGGTCTTACGGACTTTGGTAGCTACCACGAACACGTGGGCTGACATGTAGCTCTCCGCAGCAGATCCTTCCATGTCATCTGTACACCTGGGTGATCCCTAAGGCCGCTCTACCGGGCACGGTCCAGCCAGAACGACAAGGTAGGGTCCCAATTAGCGAATTCTGCTCCTTTCGGGAGCCTTCGCCAGGCGCCCTAGTCTTTCCCGTTTTACAGTCCGACTTTAGGGGTTGATTCGAAACCTCCCCCGAGCCACTCATACTTCTAGTGCTTCAGTTTATGTGGGGGCTACACGCTGGTTATGGGAAGGTAATCCGGAGGTTAGCGAAACGTTGTTAACTCTAGCGGGCTGTAGGACCACGCCCCGTGTTGCCCCTGTTTTGTAATGTAAGGACGTGGTGCCACGAGTACACTCACACCCGGAATCGAGATCGCACGCTTAGATGTCAAATCGGGCTAGACGGTACGGGAGCCGTCTCTTCTAGCTGCGCTGACCCCAGTCAAACGATACATCACTTTATACGGAAACTTTTGTATCGCATTGCCGATAATCCTGATACGCTTACTCCTGGCCCGACCGGTATAACACTATTAGCAAATGCCGGATCGTATCCTTCATCATCTACAACTTACTCACCTGACATCCTAGAATGTTGATTAATGAGGCATTATGATATACCTTCCATGTCCTGTATATTGATTCTCCCTGGACGTTGGGGCGGATCACAGTCCCAGTAAGTGTTGACACCGCTTTCTGAGTGGCCTTTAAGGTAGTACTCAAAGTGATTTATAGGCGGCTTTGGTCCTTTCGTGACACGTCTCCGTGCATAAATGTCATACAATATTCTTCCTCTGCTTTGGAGGCGGCAGAACCCGATATCTGTGCTTATACTAAGATATGTTGGGTATATCGTCGTCTTTATTTATTAACCAAGGCATGGTCCTGGGCATCATATCAAAGGTTCAGAGCGCTGACGATAGCCTGGGATGTGGACAGTCTCACATATTAATATTGCTTCAAAACAACGTACTGCCCGGTTCGGGCGTAATTAATCGTCCTATGGACGCCGGTAATAGAATGTCCCGGGTTACTACCTCTGGGGGGGGGTTGAAAC,1652,49.46,Homo sapiens
SEQ_945205,CTATACGTTCCTGGGGTCTGCCTGGATGACCGTCGCTGGGCCTTCGGACCAACGTAGTCCAATTGGCTGGAACTTCAAGAGCCCCATTGAGCCCATCAGACAGGGACAGCGCGTGCATCACGAATCCTGTCCCGGGGGGCCGGTACGATTGACCTATAAATTTAGAGCAGAGGAAGAGAGCGCGGACGCCTTACTTCATGGGAAGGAAACTTGCAGTCATATTATAGAATTCCCACAGAGCGCTAGCATACAGAGAAAAAACTGGTCTCAAACCGCTCCTACACTACCCACTCGTCCGGTGTCTCAAGCAACAACGACAAAAGAATGCGGACTCGCACATGCTTCCACAGTCAATCTAAGCCAAAATGCCAATCCGAGAGTCCGACCATGGGGCACCCCGCCTTCGAGTATTGTGTCGTATCCTCTGGAAAAAGGGACTAACAGCGGTGCGCCTTGCGAAGCTGCCAAGCCCGAACTTAAATGAGTTTTACACATTGGACCGACTTATTAGTGAGAGAGAGCATGGCGAGTATGATTGCGATCGCCCTAAGTGCTCGACTTTTCAGCTTCTAAGGCCACAATAGAGCCATTCCGAATGCTAAGGCGGTTAAAACGCTAGACGTATTTGATGACTTCGTCTTACTGTGATGACACATTTAGGATAGGCCCGAGAAGATATGAAGTTAGTTGGGAATAGTAAATAATAACGGGCGCATCCCAGTCTTCAATTTTTAACTACAACCGCACTCCACAGGTGCCGAGGCCTGGCCACCCCCTGCGTAGACCCCAGCCTAATGCGGATCCCAGTCCCAAGTGGGATAGTACACCCTCTAGATCCGTGTTCCTTTCCCGAGAAGTGCTAGGCGAACTCAGACCACGTAACAATGCAGTGACTATCACTGGACCGCAGTCCCGGCGGGGCGCTCGCCATAGTTCCGTAACATGAAGCCCCCGTCCGCCGTATCCCTCTTTTCGAGGTTTATCGCCAAACCATACAAAACGCAAGGTCGCGTCCATACTACCGGAATTACACCCGTGAAGCTTTCGCCAGTCTAATACTCATCTGCAGAACCATTTGGGGCCGGCATAGTGATCGAACCTCGGCAGGATGGTCACCGTATGATTATTAGCTGCTGCCGCATAGCCGTCCGATCTATGCGCTCAGTCTAGTTTGTAATAGATGGTTTGGATTGATGAGGAGAGTTCCGGCAACCTGTAAAATATACGTGAGGTTTCCAACTGTAATTGTCGTCGGTATTAGGACCACTCCCATCCAGATTTGGTGTCTGTCAATTTAGTGGCTGATATTCTCTGCTAGCGACCCGCCAAGCATGAAGGTTCGGTAGGAAGGATAGGGCACCCTGCTGCCGGTATTTCAACCGCGTACGAGGAATTGAGCACTTGAAGTTCGAATTAATATTTTCGAGTAACACCAAAACGACCGGAAGGTAACATGCCTCAGTTATTCGGTATCGAGCGATACTGGGACGGTCCTTTAAAAAATTGCCGGAAGGAGTTATGACTGATATCTTGGGCTGAGATATTTA,1547,50.23,Homo sapiens
SEQ_297654,AAACAAGGAAGGAATCGGGGCCGATCTCATCGCTCAACTCTCCGTTTAGCCCCACCCTTATCAGTCAAGTTCGGTTTAGTTTCCGAATCGCTGAGGTTACATAGAGTACGTTGATCGCCACCGACGCGAAAAAACTGGTTCAAAGCAATCACTCATTGTATCTGAATATACGTTACTTATCGGGCACGGACGTGAGGACTTTTCGGCTGACGTAGAATCCACCCCAACCTCGAAGCTCCCTTTCTAAATGGTGCCTAGTCCCCCGGAGAAAAACAGACGGGGAACCCGTGATTATGTAACCGGTAGATCAACCGTCTCAGATGCACATCGTTCCGGTGTGGAAAGCAGCTCCGGCTTCCTGTTAGCAATTCAGAGGCGTTGTAAGCGGACTGACTCGAGCCGGAAGCGGCCCCTTCTTGTTCCGTTCCATGCACTTTACCAAGTGCAGGGTGCAGCTAGGCTGATGCAGATTCTTAACCTACCGATATATGGGGCAACGTCCATAATCACTCGAGTCGACAAACAGAAGGGACGAAAGGGCATATTTCACTGCGAGTTAGTAAGCCAGATATCAGTCATGGTGACGTGCCGCAGATCGTTGTGGCATACATGGGGGAGCCTTCCGTTGTAGGAATTACAAACCGTTAAACTTATAGGAACAAAAGAATGGGGGATTAAGCCAGCATATACACAAGCAGAGGATCGCGTCTACAGGATCTAGATATACACTCAGAATTCCGACCCGAGGTTTGGGCCATCGAGACATTGGGCACTCGCAGACCTTCCGGGGGCTTGCGAGAACTACAGGTACGCACATCACACGTGACGTACGGCGTTACAAAGCATCCCGTCACTCAGCCTATTACCCGTGTGTTGCTTCGCCCACCTATTGATAGGAAGCGCCTCGGGCGCTTGTGCGAGCCTGAAGGCTGGGTTGGAATGTCCTTCACCCGTAACGTAAACGCAATACCTCCTAGCTCTCGTAGAGCCTTATCGGACTAATGACAGCAATGCGTATATACTTACGTTTATGCACTATCTCGACCATCGCGCCTGGCCTTTGATACGCGGTCCACGATACCATGTACCCGGTGCCCCGACCGCTCTGACGTTTTTATCTATGGTCTGTGTAAATTCCAGGGACTAGCGAGCTGGTCTCGCCCGGGGGCACTACGATTGGCAACCTCGACGGTCCATAGACATCTCCAAGGGTATCCTCTTTGAGGGTGTTGCCCGCTTCTCTTACTCTGCGTATTCGGGCTGATCTGTATAAAGCGTGTTAAAATCGGGACTAACAGGTCCCTTTCCATATAGATCAACCATAGTGGCGTACCTATGGTCGCAGCGGACCCTAACCACTATCAGGTTGATCATACCATCCAATCTGTTGAGCCTTTTGTGGGCACTGACCGTTAGAAAAGGCAATCCGTTAGTTAGCCGTGTGGGGATCGATGCCGTTGCGTACCTATTTGGGCGCCCACGTAGGTCATGTAGTTCGCGGTACCATGCTTAGCAGGGAGGAACGCTTTACAGAGCCCCCGCTTACCTTGATGCTTTAATTCCATGCTATACCACTGGTTATTTGTGATTTATCACGGTCCGACAGCCCGTGCCTTTTAACAGCTAATTCCCTGTCTTGCTCTCCGTTGCTGCAGCGTGTAGGTACAAAAAGATATTTCAGAGTGCCGCAGTATTTTGGCTCTACGGACCCAACCTACCGCACGACGCCTCTTGGTCCGCAAACTGTGGCGTCCTCGTGAGAGTGGGCGCGGCTGAGATGCACTGGTCCTAAACCGCTCTATCTAAAGAGCGACACCATCTGCTGATCTGACGGCAAACTGACAGAGTGATTGTAATCCTTGCGAGGTACCCGACTG,1877,51.41,Arabidopsis thaliana
SEQ_374387,GTTTACCCGGTTGCCTACAGAGGGTGGTCCGCCCCGGGTTGAATGCTCAAGGAACGACCCAAGACTTGGCTTTCCTCCTAACTTGCTCAAACGTACACGGTGGAACGTGGAGGGGTCTGGTGCTTATGGGCACGGCGTTTTAGGAGCTTAAAATCTGGCGGCAGAGGACGCATAGAACGAATTTTGGAAATTGGAGGATAATAGAGTATATAAGGGAAGCAATCCTGTACGGCGTTGGTCCTATTATGACGTATCCTAAGAGTTTGGGCACATCCCTGAGATAGCAAGGAGTCCAATATCCCACTACCGCGAGCGTCTCATGATTACGTTAGCTTCCTTAGGCACCATTTCGCGAGGCTATATAACATTCTAACACATGTCGGCCATGCTTCTAGCGCAGTAATGATTATACGGAAGAATATTCCGAGCTATACGTTAGGTCTGATAAAAGAACGCAAGGAAAGCGGGGACTCGCTTGGCCACAGTCAACATGGTCACTCCCCCCCTAGACCTACTTGCCTCTTTTCCATAATGCCCAGGGCGTCAATCCACAGTGCCGAATTGGTTCTCATGACACCGTAATGACGCACAGCATGGAGGCACAGCGACAGATTGTTGAGATGAACCTTATACCTGGTCCGCTATTGATATCCACTTGCCTTTGACGTTCACATACTCAAGCTGTGTCTGAGACGATCACTTGTAATCTGTCCGATCTCACACTGCTCGGCAAGAATGTATGTAACCTCCATCCACGAAGGGAGCAGCTGAGTAAATTATTAGTCCCAGATGGCAAGGGTCCCTGGTTAACCGCAGCGCCGGAGCTACGAGTGGCACTCGCCTTTGCACGGCGCGGTCTCTTATGA,866,50.12,Mus musculus
SEQ_624227,TTTTCGCCTATTTCTTGCGTAATAGCAACCAAGGAATAGCGAGAGATTCTCCTACGGTGATGGAACGTGCGCTAACGAACGACATCCCGACCATCTCTCCATCTCCTGTACTCGAGTGGCTGAAGTTCCCTGTCCATAAGTACGAACAGAAGCCCGCTTCATCCCCGGACTTGGGAGGATTCGAGGTACACGTGCCCGCCGCCACTAACGCCGGGTCAGCTTGGATTCGGGCTACTGGTGCTCGCATTGTACCTCAACCGAAAGATCGTAGCCAGTCCTACATAGTATTGGCCATAAGGGGCTACTACTCTTGCGCGCCGATTGCACGTGCTGTGATACGACTGTCGGACCTGCGTATCTTACAGAACCTTCTAATCCGTACTCTACCGCCTAACCGTGGAGGGAAAGCCAATCTGTTTAGTTCCCGAAGTTAATCTCAGTCGGCGCGATAACATGTCAGGGAAGTTCACGCCGTGCATTGCCCGTTTTGGCTCAGTCTGAGAGCCGTGTGGTCTCACCATGTGGCGGATGGCCAATTGTCCTCCGGACTATAGATGCCACTGATGATACCACCCATCAGGACATGCGTGGAATCTGGTGCGGAGAGTACGGCATCAGTCAGGACTACGCCCTGTCCAATCTCCGGGCCGTTATTGCACCGCCCCGTTCGTTAGCCTGACTAGTCCTGTCGTGCGCGGCTGGCTAGATTAATGTACAGGACCTTGTGCACAATTACGCAACTAAGCGATTCCCCCCATACTAGGCGCGCGCTTCAGGCTCAAACATAATCGGACTCCGCGCTAAAGCAATCACTCCTTATGTTTTCGTGAGGTACTGAGGCAAGTGGAAATGGTTAACATGCAAGGCGAAGAGAATTTTGAATAA,885,52.77,Arabidopsis thaliana
SEQ_843990,GTTTTGCCGGGAGGCGCACCTGGAACTTAGGGGTGTTGTACCCCTGCACTGTAACAGCGCACCCCATCGAGGCCTTTGGAAGGCAAATTGAATGCGCGCCTTCAGCTAGTTTCTTTGCAGCTTAGCCATAGCCTCCAGGACGTGCTCGTCTGTACACCCGCCTGACCTTATCAACTACGCGGCATTGTTTAGAAGCGACAGAATAAGGGTAAGGATGCATCGCGTACTGGTTTTAACGTGTACATGACCACATAAAGCCAACGGTTGTCTGCAGTAATTGCCATTGGTAAACGTGCCAAAGATTTTATCTTGGGTCGTGATCTAACGAACGCTTTCGATTCGAAGTGATGAACGAGGGTTCTCTCAGCTTACCATCATCTTCTTAGAGTCTTTGAACGTACCGTTACATGGATTAGGCTACCGCACCCATTTTGTTCGCAACGGAGTTTGGAATAAGGCTCTAACTACTGCGTTAACAGTGCGACTAACTAAAAGCGGGGGCGGAGTCTGCCTACTAATTCGCATTAGTACGCAAGCTTGGGATAGCATAGGAAGTCTATCGAGTTCAAGGTTCACCTGTCTTTACGGGATTTGGACAATTTAAATTTGAACGGCCGGTAATTCTCAAGACCATTGATGCAGTCGTCCGTGTTTCAACTTCATACACCCTGGGATGGAAAGGTCACCGCACCCTATTATTACTCACTAGACTACACGTTAAAGTTCGCCTAGTTCCTCGCACCTGCGAAACCCAAATGAATCTTCTTGAGCGCTCCGATCACTGTCTTCTAAAGTCCCGTTATAGGGTTATTCGGTACAGCTTATTCATGAGCTGCTGCCTGTAGTAGCAGCTCGAGCAAAGAAGACAGTGAGGCGAGCGCTAACATAAATAATAGTATTTAAGAGCCAGCCGGATAAGACCCGCTAGTCGTTTTAATTGTTCATTGGGTCGTGGAGGGTCCGTCGCCACAACCTGGCTGGGTCATATGGTGCTACCGACTATTTGGTGCTTTAAACCTCGAGCAGGCCATCGAAAAATCGCGAAACTATTTGGTACGTCAGTTACCGGACCGCTGAGCGACGATTGCCCAGTCTGTTCGCCCGCGCCTTTTATATCCGTGAAATAATCGGTCTGCTTAGTGTCAACCGCGGCGACACGTGTGACAGGAATGACGATCCTGCAATTGCTTCGTTGCTAGGATGGCAACTATATGGATTATTGAGCTAAAGAAACTTCTACTTCTGCTCCCTCCTAAGACACCGCAGTAGCACCGTCAGGTCACTGGTCTCTGCTATGACCTAGTCCATGAATCGGGGGCTAGGGTATTCGTTTTTTACGGTGTAGTCTTCGATACATGGCCAGGACCTAATCTCTAGGTACTTAAGCATTTGTGTGCTGAGGGACGTGGTTCCGCATTCCCATCATCTCCCCCAGTCCACCGTCGATAAATAGGACATGGATCATGGGGGAAATCTCTACTAGGACAGGAATCTCTAAGACTAGGACTTAGGACTCTAGAACAACCTCGCCTTCCCAGCTCGCATAGGCACCCACAGAGGCGTTAACCACGGTCAGAGCACTATATGTCGGATTCGGGACACGACTACCATACTCACCGGATCTCCTCCCCATCTCTTATCCATTCGGGGGCGGAGTACCCCTCCGGAGAACTTTTCGGTTTACTGCATGCGACTACCGTACGTTATTGAGA,1712,49.07,Caenorhabditis elegans
SEQ_602381,GACCACAGATGGTGGTAGGACTCAGAGCTAAGGGGGCTACTTCTGTAGCTCAATGACCATACTACTGTACGTGGTAAAGTTCCAGCACTCCAGGTTTTGCGTCACACATTCTCATCCAGATATAGTCGCCCAGGACCGTGGCCGACTATCTCCTTACAGTCGGACAATACCTTACTTTGGGCCGCCACCATGTACTCCGAATTCTTCTAGGCTCACACTGTTTACGCGCATGGCTCTGATTCTGGTGTACCGGAGGGGGTACCATACAATAGATATACTACCCCCTCGGTAGGCCGAACTTTGCCGAGGGCGGAGTTTGACCGTAGCCTGGTATTCATTGCAACACTTGCTTGGACGCTTTTACTCCATATGTTCACATCACAGCCCTTTTGGACTGCGTTAGTGGCTGTTTCAGTGTTCGGTGGTCAACGATGTGCGTCCTACCCGGAGTGCAGGGAGAGTTGTATAGTGCGGGCCACTATGAACTATGTGACATACACTGACCGCTAGGTGTTGGGCCCGTAACTTGATTGAAGTCACCTGTGGGTGTTCCCACGGTGTGAAGTTTGAGCCTAAGACGAGTGGGTGCAAGTATTAGGTTATATGTATTTGATAAAACGGGAGGGTGGCGGAGGTCGAGATCATTCTTTTTGTGGTGTTATGAGCGCCCAGACGAAGAATATGGCCTAACTCCGAACGGACTTTATAACTTGACCGCTCCGTGTCGGATAGCGTTCTTTAAATTGTCAGGCCGCCTGACCGTCGCGCTGAGGTGCGTTCAGTGGATTCACATATTCTTGCTCATCGGCTTCCCAAGCAATTGGCTAGCAAGGGCAGAGAGGAGTGGTGGTTTGACGGAGTTATAGGGCTGTATCTGGTGGCCAATAAGACCCCAGTCCGTTATAATCGTAGGAGAAGGTGCCCGCCCTAGAAAGCCATGTACTGCGCAAGTTCACTTTTGCTGTCTATCAAGCCGCGGGAAACTGGTTTTAAAGCGTCCTCCCGTTCGACCGAAACAGTCCAAAGACATGTCATGCCAGGCGGAGGGTAAACATGGTGCATACACGATTACCCACCCTACAAATCTTATTATATCGAAACACATCTGATGTTCTCTCTGGTGCGGCTATGCCCACCCGAGTCGGGTCATACAGCTCGAGGAGGTCTGAGTTACCAACTGACCAGCTCTTTAATTGGTCCTGTGTTGACGGCGAACTCATGCTCTCTCATAAACCACGTAAAAGCCCCCTAGGAAGCACCCTGTTGCCATTCAAGTCAGAGGTAGCAGCGAGCGAGGTCAACGATACCTGCTCTTCGTTCCGGTACTCAGAGGGGTGCCAGCAGTTTAACGTGACCTGGTTCACTACGTACAAATTTCAATCCCATTCCAGTACCATCCCATCGGGGCAAGACGAAAGGAGATAGCGACACCTATTCACACAAGTTCGTCTAGAGACTGTTGGCTTAAGCTCAATCAACACGAAATTTACAGAGGAAAGAACATTAAGAATCCTTCCTTCAGAAAGCTGTCTGAGGAAGCAGGACGTCGCGCGGCAAGTTCCCTTTGATTACGATGAGATATGCCGCCAGAGAGCGGCCGATACGCACTTGACAGAGTGGGCTATGTTCCATTGCTGAGGTTAGCCGAAGGTAGTTTCTCCGACCCATGGGCACGTAGACGTAAAGTCCTCGCAACTGTAGTAGCCTCGGGTGGGGTAGAAGGACTGTCTCTATGGCGTTACATAAATAGGCAACACTGGCTCTT,1765,50.59,Escherichia coli
SEQ_233476,CTTCAAAACGGGCTTAGGAGCGAACTCTGGTAACCAAGCGAATAGCGCGATCCGGGAAACACTTTCAAGGACCCATGACATTACGCGACGCTTAACTTGTCTGCCCGCTAATCGATAGGAACCATACCCACAAGATTCCCGCAAGCCATGGGCTTAATGCAATAATTCTTGTGAAGGAGGGTGCCGTTACATAGATCCCATCTCTTAAGTTAGTACAGTCTTCATATAATCAGGTCAGCCCAAGGTGGCT,250,48.0,Drosophila melanogaster
SEQ_918475,CGCGACCGATACCCCTACAGTCTGCTAGATTCTGAGTCGATATTTACGGTTATCGTGGGTGTCGCCGTCCGACTCATTTAGCTGGCCGCCGGAGTACGTAAGCTGGTGTGTTTAAGTTCAATGTCACGAATCAGCACGAGTGCGAGGTTTATGTAAATAACTCATCTTGAACGCCTACGTGCTGGGTTCTATACACCGAAGGGATACTAAGGATAAATTGTCGGCTTACAATTTGACTTTCCAAAGAATAGGAACTTGTGTGCCGGTAGCATGACTCAACCGACGAGCCTGAGTTAGGGGCGTCCCAATCAAAACCATGTTAGCATGGTGAGTCGGTATTGCATGGTGACTGCGCGCTTCGTCATCGAACACGCAAGATTCCACACGTCTACTAGTCAATTTGAGACACCGGGAGAAATCTGCTAGTGACCAGGGGGATAGCATCTAGTTGACCTGCTGACGGGGACTTATAACTGGGTAAGTGACTGGGGTTCCGACCGGAGCGCCGGGCATTTATGTCAGCCCTCGGCTGTAGCCCTTCCATAGAGTACTCACAGTGAGCTTTGTGCAGATCCGTACGTAGACTCGTCAGGGGGATTGACATTTCGCCAGAACCACTGCTACTGCGTGTAGACTGAGCCACGTTGATAACCGCCTTAGAGGCTAAACCCCCTCATGACACTATATTCTAGTTTTGGCGTCATTTGCAACCGTTAAACAACGTGATTGCACGTGGTGAAACTAGTCGTATAGGTAAACATCTCTAGTGGAGGCGTGGACTTTCCTTCTAACGGCTCATCAACGAAAGGATTTACTTTATGACTAACTCGTGTGCAACGCACGTGTATGCGCGAGTCCAGATACGTATGCCGACCGACAGGGTGTCTATCTCATGTGGGACATTTGTGACCTCAGGCAGGGTCGAGCCTTTAAGAAAGATAGGTTCTTGTCCCCCTATACCTGGGCCTTTTACAGTTTGCGCCACCGGCCCAATACATTTTGGGGGCAATCTGGAAGAGCACACTCTATACCCGGGTGCGTGATGACTGGCGACGACGCCAAGGCTCGGAGTCACCGGGACGTTCCCACACAACCCTAAATGAGTTTTGTGACTATGGAGAGGCCAATACTTTTTCGTTCTTTGAGGCTCTTAACCGGTCGCAAGCAAACGTTGCCAATAGATGGGGCCATCTGTATTATACAGATCACTACACAGTTCTGTACCGGATCTGCAGATGTCCTCTTGCCAGGGGTGTTGCAGAGCACCTATAGGTCGTACGGTACTGTTTCGCCTTCCCAGAATTTGATTCTAT,1313,49.96,Caenorhabditis elegans
SEQ_888636,GGCTTGGGCGAGATCCTCCGATTAAAGCTCTTGCTAAACGGGCGACGTCGGGGTCTCTTGATCCAACTCTGGTACATATCATATTTTAAAGAGGATGTCATCTCTCCTGTCCTGTCGTTATCTAAAAGATTTGGTACCTCGTCGGAAGTAACTAGAAGGATATATTGGCGAGGTAAAGCGGTCAGACTGAAAGACTACTAACTGACAATTCCGCCCAGCGCACCTTTCGTGAGCCTCAGCTTGTGACGATGTAGAACTCTGCTTGTCTATCGCACCTTATCAGATTCCGATACGGTTATCAGAAATTAAGTAAGTTATAGGGTTGTCCTAGCGCGAAATATCATTTGCCCCGTACTCTTTGGCAGATAGTCGTGGTTACATTGCTCCAACAAATGAGAAGGGAGGAACTTGTTCTTTGGGTCGGTGATGCTACGACCTGCTCCCCCGATGGCCCGGCTTCTGCAATGCTGGATGTTTACGATCCCAGTCTAAAATTCTCTTGGACGCTGGACAGCATCACCGCACATAGACTCGAGAGCATGGTTCAAGCACGGATGCTCATTGAGAACCGAGGATATCTCTCGCCCGTAAAGCCTTTTGGAGCGCTAGATTCGCGTGCGGCTCGATCATCCCCTTTCTGAACTGTCATCTCCGATTTCCTTACTCCTAACATAGGTGATACTATTATATAGGTCCCAGGTAACATATTCGTGCGGCCAGTTGCGTGAACTCGTTCAAAGTACATCACGGCCGAAGGATGTTGTTATGTTCGGGCGCCTCAATTTGCTATCGGGGGGCACGGTCTACTGATATAGTCACGCGTAGTAATTTGGCAGCCAAGTCTTACCTTCGAGGTTATGCACCTTGGGGGGGAGTTGGATGACCTCGATAACATCAGGAAGCGCATAGTTCATATAGTGTCATCGCACAGGCGTCAATTGTTGAGAGGTGACCCCATCTGGATCCTACAAGGAGAATAGCTCCGCACGTCGCCACAAAGCCTTCGCTGGTAGTGATAGAAATTAGAGTCCGATACCCCAACACGGTTTCATCGACTATGGTCACACGTCGATATAGATCTATGTTTCTCTGTGTCTGGACGCTAAGGACTGCCACGGCGACGCTAATCCCTAGAGAACGAGAATTTGCCAAACCATCTAGAGCGAAATAACATTATCGAGGGAGGCCCTGATCAGCTCCGTTCCTCGACGAAGAATGGATGCATTCGAAAGGACTAGCCCACCTCCCTCCCGTGTAATATCGGTTTACCCGCCGGACGGGGCCGCGTCATGCATAGCGGGGTCACGCTCTCCGGACAGTATCTCTAGTCGTGTCGAATGATTTCATCGAACAAGTTACTCCACCTCCGCCAGCCGAC,1378,49.78,Saccharomyces cerevisiae
SEQ_257710,ATTATGCCGACCCCTCTAGGCTCTGAGCACCCGAGAGCCTCAGTAGACCTCTTCCTTTGCATAGCAGGAGCCTCTAAACTATATGATGTACTAGCGTTTAGGAGCCGCTCTCCCATCAGCACCCGTTAGAGCAGCTGCTGCTGGATACGTTACATGGCGGAAGGTTTTATTGGTCATACTAATGACCTCCATAGCAGTTTCAGACAATCTGTAACAATTCGAGACCCAATCTTGGTCTAGCTAGTTATACCATGCGTAGACCCAGAGCGATGGTCCCCCTATTGATTGTTGATTCACCGCTTACTCACTTTGTTCTTATTTGTCCCGAGATATACGGCTTGTCCCTGTCCTCCGAGATTACCCATGGACAACGAATGCTCTAAGTGCCTATTTGCTAGCGAATCGGTTGGGGGCCGCGAGGATACAATGCGAGGTTCTAATCTGAAATGACACGAGTTAGCGAAAGGGTCCAGGCGTACATCTTTAAACGGCTATTCAAGTATCGGCGGCTCCACTGCGCCGATTAAGGCCCATGTCCCACCCTAGTGCAAGTAACGTGCTCCCGTATGCGTCGCGATCCACCAGACCCGCGGAGATTCCATATCGACGTACATAAGAGGGGGGCGGGCTTCAACGATACATTGATCTGGGTTCCGGCTCCAGTGTACGCTCTAAGCCCTCAGTCAATTAAACCACTGCAGGCACCCACAGATCAAGGCTGCGGCAGCATGAGAAATACTTTTATTGACCCTTCAATAGCACTGACCCGCCTCCCTGCCCATTGTCCTTCGGATATGGGCCTCTACATACGTGTGTAGGCCGATGCGGTAGAAACAGCAAACTCGTAAGAACGGCGTCCGTCTTCCATCAGAGAACGTTGTGCGTCTCGATACTGTTGTGCTTCAGTTGATCGTCTATTTCAAGCCGACCGAGCCAGCCTCATTATTTTCGAATCAGTAAGCCATGACATGTGGAAGTGTACGCGTAAGCTCCGTCACTTACTCGACCCGTTTTAAGTGCCCTCGACTTACCGAAACGATGCAACTCATCTACAGATGGTGTTGCCCCCCGGGCGCGTTCGTCTCCATGAGGGACCCGCTTTACGCTCCACGATACTCTATTGTATGCGCCGAGTGTTTTCGATTGGTTCCGGAAAGCTGCGCTTATGAACTCCTTTTTCACTGGAATCCGGCCATCACACTACACGATCAATTGCTCGCGCGACTCTGCCTTCGTTACTCATGGGTATTGCTTGGCGTTGTAGTGTGATCCCAGCTTAAGCGTAATATACCGTCTGGATCCAAATAGGGTATTGGAAGGGTACAGTAGGTACTGGGAGGTATAGCAACTCCGATATCTCATACCTTGCAGCCTGTTCAACGCAAGACAACATAAATTACATCGCCACAATCCATATTATGTCTGTTGAAGAGATACCTCAAAACCACGACTCACAGGTTTTACTGCAAGTGTTTACGAGGCGCGTAGGTTGGCATGGGCGAGGTTGTACTTGAAAGCTGTCCATTGCCTTCGACGCCCTGAGGATACTGTCGTGCTCTTATACTCCATGCTAAGTGCCAATGGTGAACTAATAGTGCGCTATGCACTACAAACTAAATTACTCTCTTTATGCCTCTCAACTTCAATGTTCCGTCTACGCATGCCACCGTCTATCGACCTAGACACCACCAGTTCCGAACCATTGATTATGGCCCCGACGCAAAAATCTGCAATGAGGCCTGGCCGACAGAGTCCTCGATTGAAAAGACGGGCTATCAGTAAAGTAAGATACAGATTCGGGGATTGGCCGCTGGGTCAACCCCGATGGGGAAATGGGACTGCAGCAGTTGCAATGTTCTTGACAGTCGACTACCCTTACGACGTGAGCAGCGCGTCCT,1898,50.16,Caenorhabditis elegans
SEQ_128226,CTGGAAGAACGTTCCACTGACGCTTAAAAGTCAGCAACTAGCCGACATATGGGGGGTGCCCATGAGCATCTACCCTGATGTCAGGCGCGCTGTTGATTATGCTGATGCATCTTCCTTTGAGTTCACCAATTAGTATTATTGAGCTAAGTAACGTGGGACTAAAACCGCGAAAATAATCAGAGACCCGGCGTAAGTCTATAGCTGTTTGTTCGTAAATGGCCCCTCTCCTTCAGGTGATCCACTTAACACTAACCTACTAGCTACGAGCCCTGATTATACGCGATGCAGATGAGGTAAGGCACTATGGTCTCGAGGAATTTGCAATTTAATATAAACAGAAAATTCTACGGCTAGGTAACCGTCGTAAGATATCAGCAGCGGAGCAGGTATCCTACACGATTTAAAATATTCACACATCGGGGATGGTGACACTCCGGAAAGCACCAATTTTGAAGCCAGCATCGTTGTATTGAGCATGCACCTGACAACAAGCTTCGTTGCATTGGTGCATCGCAACATCGTATTTCCAAAGTGTCAGCATATCACAATCCTGTCAATCGATTCAGGTGTTAATATACGCCGAGACTGCCGACCGTTTCACTCCGTGCTCATCCCAAGCTAGCAGTCGTTAGTAGACAGGCGCCAGTGCGATTCATTGAGTTTTAAGCCCCATCTGAGCGGCTGACTTTAAGCAATCGTATTAATTGCATGATCTTCGGCGCCGTTGCGTGCTTAGCATACAGCTGAAAGCCTCCGTTGACTGTAATTGTCAGCAAACGGTTTGGCCAGTCATATGGATTTGCATCTTCTTGGTTTACGGTTGAATAAAAGACCAATTTAATCTGTTATCGGGTTAGCTAATAATTCCTGGGGGGCCCTAAACCATCAACTCCTAAGGACGGGTAGCTGTGACAATAAATGAGTTGAACTCCCAAGTTAACAATCCTGCTACGCTTGCAGCGACCATGCTATTTCGATGTCGATACCACTCAACACGATTCTCGCAGGTTGCAACTGCTTACCCCACTAAAGTAATCCATACAAACCCTGGACTGTCCGGATAGCTACCATTCTTCAAACGGACGACAGGGCTACGTGTGGCGCCAGATACGGCCGACCCCACCTAGTTGAGAACCAGAATTAGGAAGCGAAGTCTTATTGATGGTCTCTGACCCGCCCTTTATCGGGAGAGCGACAGAAGCCTGCCAAGAAATATCAGTCAAGTCTCCTTACCTTCAAGACATTGCCCGATGCAGGCAAAACTCGGCTTGTCTACCGATAAGCGGGTATACTCTGTTTGTCTCGTCGGCAGTACTCGGAGTCTCGGAACACTGGCTCAGCAAATCACAAATCGACGAGGTACCGTCCGTAACTGTAGACCTATGAGCCCGTGCGATGTGACCGCTTCACCTTTGCGACTTGTACGGGATGTTGAAATGTTTCAGTATGCCGCCTTGCATCCCCATTTGTGAAATCATGTATCTCAAGCATATCGTGAAGCGGCGGTCTCACAGTGTGAGCAATGGCCGGTCCACTCATAGTATGTAGAATAAGTAAAGCCCATCTGAAAGGTAACCAGCGTGTACTAGACACATGTGAAAGTGTTTTTGTTGGGTCCCATCTCACTTGTGACCCCGCTAGTTGGAATGCATTGTGGGATCAGCGTTCTGGCCCGTCTAACCCGATTAATCTCCCATGTTTGTAAATGTTCTCCTCCAGGGCCGGTCGTGGTTACG,1736,47.7,Escherichia coli
SEQ_808149,GCTTAACAAATTTGAACACAAAACCTTTCACGTTGGTGAAGACGCCAAGGATGCTCACCTTTTATACATTCTAGTTCCATCTAGATAGGAGAAGTAGCCGCAGAGGGCCGTTGATATATGTACGTTCGATACGCTGATTAGTGTATCACCGGTTCTGGCTGCCTCGCTAATGGTAGGCTTAAGCAACGCAGTTGATATAAACGACGAGCCCAATTCCTAGTAGATGGTGGAGTCCGTGTGTCCACGGAGAACCGTGGTGGGGTAACTCTGTTCAGAGCGGTCGATCTGCGCTCTGCTTACAGCTATGCTGTATGCCTCGTCGGCAACTACAGATCGATAGCGGCAGATACCATGGAGCGATGGATGGAATTTGCGCTCGCGGCCTGAAGGTCCCTGGAGACAATGTGTCATGATGCGTTTCACGATGTTCCGCAGAAGCGCGTTATGGCTCTTTAAAATGTACCGCATGCGCCTATCAGTTGTAACAGAGCGTCCTGGCTCACCCTTGGGGCCAAAGTTTAAATCATGCTATGCCGGGTTAGAGATTTGCGCATCGCCTTATCAAGGCATATCTAGCATCAGTGAAAGGGGATCCTTTACTCGACTCTATCAGTCTTTGTAGGGTCGATAGGCGTTCGATTACCGAGAACACGCAAAAGGTGAAAAACCGTCGCACGCCAGTCCGGAACGTCGAAAAACGCCTTGTGGGGTCCGCTCGGGGGACTCAAAATATGTCCGCCTGGCTGCCGAGCTTCAGGCTATCTGGGAGACAAACCGGAGGTAAATAGGAAAATATAAGCGCATTCCGTGACCAATTGACCAGGCTGAAATTATCGCTTGCTGGGATTAATGCGCCTTCTGGCCGCCACTGGTAAAACCCTTTGAATAAGTATTG,895,49.94,Escherichia coli
SEQ_719110,CACTTTCGTACACTGTGGGTTGAACCCACTAGCTCAGTAACTTCCTCCCACGATTTCAACTTTTAAGAATGTACTAAGACTCCAGACCGAAACCTGATCCGTCGGTCGGAGCGCATTACTTCAGGTGCTTCATGGGGGATGTAGGTGATTCGAGTTCTTGTCCAGATCCCAAGTTTTCGAGCCCTTTTAGTTTACTGAAGAGGCTAGATACCCTTTTCCTCCAGGTATATGCTAGGACTTCTGCATCAATTTACGGATAGATTTAGTGATGATACGGTGAAATCAATCATAACCAGAACTGCTTTCAATCCCAGCTCGGTGCGTGTCTCCAGACTGCTCGCGCATGGTTTCTCCGTACGAGCCCATCCGCGTGCGAGCCTGCGTGAACTTGCCTATTCATGTTGGGACTATCCCGCCCATCATTGTCGGGGGGGTCAGAGAATGATCGAGACGGCCCAACGGGCAGGTGACCCATAATGTGCGACCTTCATACGTTCAAGGCCGAATCCTCCTTCTTACACGACTGCCGGAAATAATATGCGCCGAACGCTGGTTTAGACGTGCTAAGGGGCGTGGGCGGAGATATAATAATAGGGTCGGGTTGGGCATAATTACACGCTAGAAACTCCGTTTGTATGCTTATAAACTGATTAAAACCGGGAACAGTGCCTAGCTGCTCCTGCTGCCATACCATTCAGGCTTAAGGATTCAGCGCACAGGTGGCGGGGCCCCAGAGCGCAGCGACTGACACGCTCCCGATATGACCGGTCGACCCACGCGCGCCCGCCTACCGTTTGAGATAGGTTTGAAACTACACCACGGGGTTCGGAAGACCCTCAAGCTATTTCCAGCGCGGCGCTGGAACCAAAGATGTCATCCTCGCTAGGAGGAGTGCGAAGAGTCCGTTGGCCTGCTAAACGATCTCTATTGGCCCGTGGATGCGGGAAGAAATAGGCTCGTACTCCGTGGCTAGGATGCAATTATCTTGATGAGTTATCAGTGTGTACGGACCTTGGATGACCGCAATATCGTTGAACTGAATATTGCCAACCCCACGAACTTGATACGGGTGCAGAGCTCCTTTATGTCCGCAAAAAAAACCTGTCTCAGCAACCGTCGGTGAAACCACGCGGGACTCTGCCAGAGTCTGCGCCTAGCCCTGCCTACTTGAATTGCGGAAACAACTCCTTTGGTAGAGTCGCTCTCTACTTAAACTGTGATTGACTCACCCTATGTAGTCTCTCGACTTGCAGGAGCTAAGTGCGGTGTGTGTTCAGTTGACAATACTACGAAACAAGAAGTCATACTGTCTTCCTCCCAAACAGTGTGATCACTTGGCCCCAAGCGGAACACGAAGGCGAGAAGTATCGATCCGCGTGCGCATCGTCCGGAGACTTCAGAAAGTTGTGGACAAATTTCGTCCGGTGTGGATGGGGACTCCGTATCGATTACAGTCTTCCTTACGGGCATATGAGACAACTTTCCAGACTATAGTGGTTTGTTCAGCCAGGATAGCACCGGGTTCTGACTGCCCAATTCAGTATTCTGAACCCGCTAGCGTTTTCGGATCACTAGACACGAATAACTAGCCGGATTTACGTCCTTTTCGTTGGCGTTGAATTTGGATTCCCTTACGGCAACGC,1643,50.94,Escherichia coli
SEQ_785186,GTGTTTAAAGATTAAAACCGGAGACAAGCAATGGGTATCCTGGTATCGTTGATTGCGAGCGTCTACGTGAGTGTAATGCGGTAGCGTGGCGGTGCAACTACCCCTTTATGTGGCTGCGAGTTGTCGCTTGTATGG,135,49.63,Mus musculus
SEQ_602544,ATAAACGTCAACCAGTTACAACACAGATCATCCTTCTTTAGCCCCCCCGTTTTTCCGGGGGCTAAATAATTTAAGGGAGACTGGGGTTGAATTGAGCGTTACCTACCGTTCCATCCGCCACAGAGTACATCAGGGTTTCGACCTATCAAGACCTAGCCATTATTCGGACTATTAGGTGATTCCGTTCTGACGTGTCGATTGGCTAGACCGGTACAGGGTGGGGTTACTGTTTCAGCCAGCGAAACAGTCACATTCGGCGTTTAGACATACTGACCGAAGGGGGTCCCTAAGTCGAAAAAGGAGTTTAGGGTATGCAC,317,48.58,Mus musculus
SEQ_305423,CCTGGAATATGCTTACGCCGTAATCCGGGCGGTGTTCAGCAACCTTTTTCAACATTTTAATGACGCTAGAAATGTAGAGTCCGCGGGGTTGCAAAATCAACTACAATGTGTATTTAGACGAGCGCGCGCATATATTTTCCTGCGAAAACGAAGGTAAAGTCAGGGGCTTCAGAGTCGCCCAATCCACACCTACAGTGGCTTTTTCGTCTTTATGAAAGCTGGCAGCACGTAGATAACAGGTGCCTACATTACCAGGGACGGTTCTAGAGCCGCACTTCTACCCCCCACGATAGTCGCCCGATCTTATGCTGCCTAGCCTTAATCAAAGCATACCCTCGCCATGGCCGATAAGCATGGTAGACGGAGCGGCGCACTCGACATCCTATGCCCTACTTTAACCTATAGTTCGATTGGACACGGGCATGTAGCTACGATCGGGCTCAATGCCCACGCCGTAGAGGCTATGCAAAGTCCGATATGATTGGTCGCCTTCGTCCTTGACGCGTTCGTCCAGCAATAGATCTAGCCTATCCACACAGTAAAACCCGTCCTAACCCTCAATCAGAGTGTTATGACCTCGACAGATTTCTAAAGAGCCGGCGTTCTGCCCCCAGAAGCATCCATAACGTCTGGTGATCCCGATTGTTGACGCAACTTTAGCGGCGCTTTCGAGAGGCACAATGTCAATAGTCTTGCGACAGCGCAGGAATATACCTATCAGCCGCAGTAGGGTCCTCATCTCAGTCCACAGGGTTAGATTTTCTAATTATCCTTGTTTATAATGCGCAGACCCCCGGGGAGTATCTGACAACGACGTGGCACGCGAGAATCTCTAGGCTTGCCGTTTTTCAGCCAGATCTGAACCCCCGTACCGTACACGTCGGATCTCGAACAACTTCACGTAGGGATATTGCAGCTCCTCTGGGCTTAGCTCCTGGGTCGTAACTTTACATCTCCAAGTGAAGAACGAGATAAGTTTGTAATGAGTGGTTACGCGCAACTTGC,1005,50.25,Drosophila melanogaster
SEQ_112070,CGACTTGAGGACATCGTTTAGCCAGGTGTATCGAGCTGAATTCCAAAGTGCCTCTGGAACTCATGTACAGTAAACGCCGCTACCCCATTGTAGAGTTCACAGCTCGACCTGTGGTCAATGTGTTACTATGAGAAAGATTGACCGATTAAGGCTGGTGGCAATGGTGTATGATTATAGGAACTCTGTACATTTGGGCAGCCGGATACATCTATATTGTTGGTACCCCGTGAGGCATTGCAACGCAAATGTCAGTTCTCCAGTCGTAAATGTCTCGGCGCAACGTAGTACATCTGGCAATATTCGTAAATTGTAGTCCCATGCCCCGTATGGAAGCTATCGCGCACACAACTATCGCTTTCAAGAGCGTTGCCAGAGGGTCGAGCGTTACCACATGGTCTGTACTTGTAACATGCCAGGCTATCTGCGCTATAGCGGGTGGAATACTGAAACAAGTTGATAGTAGGTACCCATTGGGCACTGAAAGACTGAGGCCCTTTCACAAAGCCCTAACACTGTTACGACGTTAATCCTGAGGTTCATCATTCAATTCCTAGGTCCCTGGGCGCACTCCTTCTGTGGAATTGCATCAGGATCCGGAGCAGTCGGGCTAATTGTGTATGGTCATACAGTCGAAACTA,638,47.96,Escherichia coli
SEQ_527755,AGTATGCAGTCCTTAGACCGTCAGCGGATCTATGAGCCCAGCAGTCATAGACTGAACGTCCTAGGAAGGCGCCATAGAATATCTAAACACCTTCACACCAGTCGCCCCGATGGGAAATACTCTGAGTCGGAATAATAATACTGTACTATCCAACTTGTCATAAACCGAGCTCACTTAGGGTGAAAGAGTATACAAATTACCAGCGCATTTGTCCCACGGAGTGTATGGTTTTTTGCAATGCGCGCCGAGGTCCGGGCAACCGCCATTCAAAGACTATAATACGGAGCCGTTGGGCGAAAGTCCATTATGCGCCTATGAGTTTGCACTGAATTGAGCAAAGATAAGAGGAGTGAGGTGCCATCTCGCCCTTCCCCTGGACCCGCTGGGTGAAGGTGCACTCGTGATATACCAATTTAATTTCTATGAGATGGAATTCTCCTTCACAGACACACGAGTAATCCGCTGCAGACTATCGGCGCATGACCTACCCGAACCGGCTATCTCTAGATTACACTGTACGACCCTCGAGACCTTAGTGTAGTTAAAATAGGGGCGTTAAACGGCAACGCACCTAACAGTGACGGGCCGGACGACCCGCTAGTCTTTTGGCTGGTAGGGAACGGCCATGTCAGATGCTGATATGAGTCACGTTCACGGCGCAGGTGCACTAAAGGAGGGGGACTCGGACTTGAGTCATTCGGGTTTGTATTGGGCTCGGGGACCTACGCTCTATTTTTTAGTCTCGGGGTGTATTAAATGCTGATACCAACTACTTGAATTGAGTACACAGCATCTTAACATCTACCTCGCAGCAACCGCGATCAGGGAACGCCTTCCCCTAGCTGAATAGCGGTTTTTGCACCTATGGGTTGTTCGTACATCGGTACTGATCTTTTCGGTTTCCGTATTCAGCGTCAAACGTGTTCTGTGTGCGATTCGGGCTGTGTGGAATCAAGGTCATGGTGGTAGCCTCTATATCTTGGGAATATGACTCTA,996,49.3,Homo sapiens
SEQ_820521,ATTACCGTACTCTCAGCCCTCATCGCAAAAGAGCATTTAAATACGTAACATCCAGGATAGTCTAGACTCCTCGCTGTATGGTGTTGATGTATGGAAGTC,99,43.43,Saccharomyces cerevisiae
SEQ_473361,GACCAAAGCGCCTAAAAGGTGCCCTCTGGACTAATGAGTCGGTGTGAGCAGCCCAGCTTCTGTGTTATCTCGCAGCTCGCCTATCTCGGCGTTCCACCAGACCACCTGCATGAGCCACTTCAGGAGGGTGGACTCTCGATGAGGACGCGCATTGATAAAGACTATTATCAGGGTGGACGTGCCAATTAGACACGTCCGATTGTAGTAGCTACCTTTAAAGATATGCCTCGGGGAATTGCGACAAAGGAGCTCGTGGTAATCCCGCGTTCCCAAGGAGACCCAAAAGGCCACAATAATACCTACCTGTGTTTGACATCATACGTACTCACCAGACCACTAGGGGACTACCAGAAAGTGTGACAGACCTGAATGATGCCTGGGACAGCGATTCCACCCGGTCACGAGAACTTCCTCGGAGTCGTCTTATCTTCATGCCCTTGTTGTTGAAGTGCTTTGTGCATTCGTGGCAAACCATATGAACACAATAACTCTCAAGTCTGGAATAGATGTGTACCCGCTCGCAAAGGGAGGCCACACTGGGCGAACTCCACCAGTTCACCCCCTAGGTCCATTATATCCGTTAAAGTACGGAAACAATTTCTAGGCCCGGGTTCGTTTATGAGCAAGGACATCTGTCATCTTGACTACGGTCGCGCTGTGTGTTCATTATATAGAGCATTAGGATAATTAACGAGTAAATTGAGTTAAGCAGGATTGACGGTTTGTTAAGGAGCTGCGCTAATTAGGGCACGCTCGTCACGATTTGCTACAGGCGTTGAAGGAGAAGAATCGTTGAGACCAAGTTCATG,809,49.32,Saccharomyces cerevisiae
SEQ_716619,TCATGGGAGTTCCTTCTCCGCACCTCGTAGTTACACTTGTCATCTAAGGAGTGTGAAGCTGCAAATGTTCGGCTGTTGGGTGAATAGCCACTTGTAATTGCTGCACCTTCCCATAGTTCGAACTATACGGCATGGAGACCATTAAAGTAATCACAGCAGCCGGTTAGACGCAACTGCTTCTCATAGCGTAACATCCCCCGGCAGCCATCAATTGCCTTCTACGCGACTGTGTATAAAGATTCAAGGACGGTGACGCCGTAAACGCCAATCAAGCCGCAAACGCCGCCAGTCCGCTGTGATACGGGTGATACAGACCGGTGTTGCCCTTTGCCGGAGCAGCCCGGACTCCAGTGCAACATGCACTCACCACCAACCCATAGAAAATGTCCGCACGGTGTGGTCCGTGGCTCAAGCTCGGCTGGCGCATAGCGCACCGGACCCACGCACATCTCGTAGCTAAACCGCGTAGAACGACCGTCGCCCCGGGGACTGGCTATCACCCATATTGAGAAGGATTGAACCTTATCATGGCCTATCCGGCTAAATTTAATATTCGTCCTACAGGCTGACTCCAGACTGGGTACAGATCTTGCCGTTCTGTATGACGTGCGGGCAAGCGATTAATCAGCGCTAGCTGCGTGCGAGGCGGTAGGTGGGAGGTTTATTTCGCCAGCGTGAACCAAGCATGCCACTTGATAACACGGAGCGTAACAACCGCGGCTATCTTGCAATAGTAGCCATGGGCGTGGGCGTTTGTGTATGTGCATCTTGTTAAGAATGGAATACTTTTTCGCCCTTCAATGATAAAGCCAGCTCCAGCATCCCCAGCCAACCGGGGTTGACTTGAAAGCCACGGTGGACGCCTAGTTCCACATAAGAGGATCGGAGACGAGTTCCGGAGCGCTTGAGCCCGGCTAGGTGTCCCTTTGTAATGTGTTGGGTTGCTCATACGTGCTTAGCTTTTCCTAAATCAGGTTGGACAAGGACTCACATTTAGTAGGATGATAGGTAATTAAAGTTAGGCGCTGTCCCTCGCCACGAATAAGCGGTCGCAGCTGCCTTGGTAATACCCACAGCCCTGGCGAAATAGATTCGCGGAGCTAGGAGCATACCCGTTCTGTCGAAATTGGATGGATGAGTCCCCTCCTCTGCGCATGTCTACGTAGGGGAACTAAATGCCCCACCCAATTTATGCCCTGTGGCCGCGCCCTATCGTAATCTGCGGTCGCCTTAGCAAAAAATCTACCCGGTGCCTACCTCTCAACCTCCCTTTTTGACCCCACGCCGAAGTCTTCTTAGTCTAAATTTGTAGTAGGCGAGTGGAGAAGTTCCACCGTATCGCCTCATTCTCTCGACCAAAGACCCCCTTCGTGTAGCCTGTAGCCCTCTCCTGTTATATTGAAGGGGTACATCGCCGATGGGACCTCCCACAGCACTTCTGTTATTCGTAAACGTCCTATTCACGGGGGACGTAGGATTTTGCTTAGGGAGGGCTACGTCCTCCCTTCAATGGGTCCTTATATGCTCCCACGTTCCCGAATGTATGGCTATAGACCTATGACAGGTCAGCAAGCGGACGACCTTATCTACGCGCGGGAAAGGAGTTGCAATTGGATTGATCAGCACACATAGCTGAACTTTCATGATCGGCCTTTGGTTAGCATTCGATCGGGTGAATATGTAGGGTACAATAGAGACGGCGAAATATTGCTGAACTTGGATAGGTGAGCCTGAAACGGCATCACTGGCCCGACGTGCCTCTATTCCGATTCGGCTGATGTCGCTGCCGCTGTAAATAGGCGGGACCCTAATATTGCGTTTTCCCTCGTATCACACTGTGGGGGGCACACCGGTTCCATAAGAGTGCTACAACCGTAATGGGACGCCCC,1889,52.41,Caenorhabditis elegans
SEQ_131544,GCAGTGTATCGCTAGTAGTTACCCCGACACCCTAGTGCGATCCATCGATTGGGTCATTACATATGAAGGAACATAATCAAAGTACGGGCAACCCTTTTCCGGTTCCACATCAGCGACCACACCATAACGAGTCTAGCGTACAACAGACGACCGCCACGACAATTCGCTCCCAACGAGACCGCCTCTTGGCATAATGTAGACCACATATCCGTACTCGGTACATCCGTTTGGGAAAGACCTCGGACAAACACCAGTGGAAACGAACCTGGTCACCTTTTGGGGGCTCAATGTCAGGATTTTCGAGTTTGCGTGCTACATTTTAACAGCTGCGCATACGGATGACTGATCTCCAAGCGGATGGGAGCATCCCCCAGGGGCCCTTTAGCCGTGTGTTATTCCAAAGGATATAGGACACGGCACAATGACGGAAGATTGGAACTGCAACGGTGTAGAGAGAGGGATAACCAGGCTCAACTGACCAGGTATCAGGCACGTTGTCCATGACTGCGGATGCTAGTCACAGGTGCTTATTTCTGAGACAATTTATAGATTTCATGCCAGAAGTAGGAGAATAAGTTATCCCCCACGGGATGAGATGCTGCAGAGCTTGTCCCTTTAAGCAACTGGCTCTCCCGCATCTTAGTCATTCCGTCACGTTAGCCCAGGTTTTGATGAAGATGCGAGTTTATAAAGACTTGGGAATGAGCGCGAATGCTAGTAAAAGACTTTGTTCATCAGCGTGCACGCCAGCAAACGCTTCTACCCGCTTGTAGGTAGTAAATAGTTCCGGCATGGACCGAACCACTGAGTGAGCCGTAGCCGGCA,825,49.94,Caenorhabditis elegans
SEQ_516704,TGCATTGCTTGCATAGATTTCGAGGGCTTCAGAAAGATAACACGGGACAACTTAATTTTCTTTATCTAGCAGCTGTGATCCATACACAAATGATCTATTGAAGGGTCTGCTAGAGGACTCGCGGTGGATCGGGAACTCCGCTCTGCTTCTATAAGTCGCGTCGTGGCCTCAATTCGTTCCTGGAATGAACTCACAATCTGCATGGATTACTCGGGCTCGTAATACGCCGCCACTTCATGAATCACCAGCAAGTTGAGCCCTGCCTAGGCACTGGCAGCCTTCTACCGCTCACGTAAACTTGGGGGGTGATAACCTTTGTCTGTAAAGGCGAACGTCCGGATGTGGCTTGTTATTGTCGCTGCATTGGATCATGTCGCGTTGCTACGAAGCTTGATCTCCCAGAGTTGTTTGACATGACTGTTGGAACGTTCCACATCCGCGTACATCAGTTGTTTACAGCTCGTCCCATCAGGGAGTAGACACAAGCTATGGCTGTACGTCTTGTTTAAATCACTCGTGAGAGTTGCCGGCCCGTATCTTTTATAGGTAAAGTTAATTGCCCACTGTGAGGTCCATGCTGAATCGCCGATGAATAATCATCTGTACCGAACTAGTTGTTGTACTTGATGATTTTCGAGACTGGTTTTCCGCTAAAGGGACTTAACTGTAGGTAAAGCAGTTACTGTCACGTCCGAGAACCCTCTACGATGCCACATCCCGAACATCTCGAGACCTAATGCTGCCCCAAGCTAGGCATAGTATAATCTACAGATGCCTCCCATCTGGTACAATCTGCGGAGGGCTGGAGGAGCAACCTACGCTAGCCTTGTGGAGCTGGGTCAAATTCCAATCGGGTAGGGACAGTTGCTCGTTGGCTTAGTTAATAGTGCTATGGCCGTGTCATATATGCGTCACTAGCTTGCAAGAATAACGACCGGTAATTGTAGCACGACTAATGTACTAAACGCAGATAAAAGCTTCCTTACCTAGCTTAGCGTGTATAGACGGGCCTCCGCCGGCTCGCCCCTACCCGCATCAGCAAAAAGCTATTCGATGCGCAAAGTAGTCCACCGAATCGAACGTCTTGTGGTTGGAATCTGGCCATCGTTACGCGCTCAATGGTGGAGCCTCCCTTGGGAGTCTTCGTTGTTTGATTGTTTAATCGCTTAACTCGCGGCACTTATTGATATTGACCAAAAGTTTTGTGCAGACCTGGTGCCAATAACTTATGTTGCCGAAAGCAAACAAAGTTAAACATTGTGGCGAGTGGCTCTTGTTCGCAGACGATCAATAGAGCCCTCCGTTGCCTTCAATGGATTACATCGCATCCGCAAGTATTGGATGTTGTCACAAGCGACACTACATCGCGCGCTAGGGTGAATTTTGCCTGGAGATAAATGTCGGGTTTTGTAAAGGGTACCCGGATGTAAGCTCTAAGACCTGAGCATCTTCCGCAATGTTATCACAGCCCCACCAGGTCGGTAGTAGTATGGAAAGGATCCTGTACCTAATATCCACCTAACCCGTGAGACTGCTTATCGGTGAAAAGCAACGTGCTCCTCGGCACGGGAGAGTTTTATGGGTGAGTTAGAATGCTTGGAGAGGTGACTCGTACACCTAAGCAAAAACAGGTCGGCGAGTCGGTACCCCTTGCAATTGGTCGCCAGAGTGTGTTCCATCTCGAGCCCGGCCTAGGGACGTGACATGCACACTCCATTCCCGTGTCTTGGAGGCCTCCCCTTTGCCTCAAATATTTAGCGTTAGCGGTGGTACGTCCTCTCACCGACAGTGGTTTGAGAATCGGTTCATGCAGGATGGATAG,1822,49.12,Escherichia coli
SEQ_277547,CCCCATTCGCATGGACTAAGGGTCAGAGCAAGCAGTACCCCTACCTTGCAATTTGTCACGAGCACTGAGTGGCTAGCAGGGCTCTGAAATTTGGGTTTGGTCTTGACAGTCTTGAGACGCGGTGATGAAACATGAAGATTCATCAATCTAGGGACGATATAATGGCTGCCTACGTGGTAGTCCGAGCCTCGGCTAGGGCCTTTTTTTGTAGTAGCAGATGCCTTGCCTAGTGGTGTAGTAAGGAGCTCGCTTTGCAAGCTACGCTTGATTCTGCTACCATAAGAGCACTTAAGGGTTTTAGGCCTCCATCAATTGATCCCAAAGGCCCAGAGACGCTGCTCGCCGTAACAAAAGCACGTCGCATGTTGCCAGAGCTAACTTAACTCTAGGTCTGGAGATTGCGCAGAAATCTGCCATGGATGAGACGACCGGTGGGTAAGCCGAATAGGTATTACTGCGCACACTGTCCGCAGTACGTGATCCCTAGATTTTGTGCATTGTTAAAGTA,508,49.61,Mus musculus
SEQ_415550,GACAAAAAGTCTGAAGAGCTTGCTAGTGAGTAACCATGCATAAAATAATAGTACTTACTCCGCTTAGGCTGTAGCGCTCGATACACAATACCTATTCGTGTCAATGTCGTATTTAGTGTGTGTAGGTAACTGACTGGGGCTGTTTGTATCACGTAGTGTAAGGTGTACACTAAATTGAAACCGCCAAATCGGTAGGGATCGGACCCGACTCGTCGACAGGGATTTGCTAGGCCCCGACACGCCC,244,46.72,Homo sapiens
SEQ_235130,CAGGCCGGATCTTCGGGTTGTCGGGTCTTTCTATCAAGTGTAGTTTGCATGTACTATGGGTGATAAGCATAGAGCACTCCTCCGGGTACTCATAAAAAAATTAAAGTAACCCTCATTACTCGAGTCCTACCAGTTGTCAATGTCGATATGCCATAGGGTTTCCTTTTTCAAGACCGGATTAAAAATCGGGGGACGCATTAAGAGCGTTGCGCGCTTCTGAATATATTTCCAGGCAGCGTTCGTGCGTATGGAACGCACGTTGAGACCCCTACCGGCTTCGCGCTAAACCCCTGAAGGGCAAGTGTCGATATATCAATCCATAGGCTTGAACGGTGATTCCCCTTCAAGCGGAGCTTATCCGAAAGTCTGGCTGACCATAGGTTAGTGGGGTTACTCTCCTAAGACACACGAGTCTATTTTTGGCGACCCCGTAAAGTTTTTATAGGATTTATAGTGCCTGTGCGCATGGTGATTAAGCCATCTGCGTAGTAGCGCCTGTTTTCTTACCTCTAATGAACAAGAATTGGCTAAGGAGCCTAGTGCTGTAACATCAAGGCTGGCCACTATTGGCGGAGATGGCTAGAATCCGCATGCTAGGCCTACCCGTAAGAGAGCTTCAGAACTCAATCCTGCCTTCGAAGTACCACGGACTTATCACCGTATTAACCAGGTGTTGATGGGTCCCCGATCTAGACCTCGCGTTTCCCGGCATGCTGGGCATATTCACGCTTGGGTATCCAGACCTTTAACTCTTAC,756,48.41,Drosophila melanogaster
SEQ_668441,GGCGCTACGGGACGCATTGGATCATGTACGCTCGCGGAAAGCCGCGAGATCCAGTCTTTGACAGATCGGTAGAGAGCTCGAATGGGAGAGAACCACTGAACTAACACAGACCTTCGCTCTCAGTGAGCTGTAGTAGGGACGAGAGCCCCCCCTTCTTGTGGATATTAGCACTTTGTATTATCCCATTTCACAATACGCCCCTCCAATCCTAGCAGACGGGGGCGCTATAGCTCAGCAGGGGTTCATGCCGTCGACAAGCGATTGTTCCGCATCCCCTTGTAGGAGCGTGTCAGGTTCATCAATACGTTTGCATGCCAAGAAGTCGATTTAACACCGGAAAGGTCCGCGGTCACCCCGTGACCAATTCTCGGGCCGCTACCTGCCTGGGTGCCCCAGGATACATGGGGAATGCATGCCCTTTGGCCTGCTACAACCTACGCATAATCCGCCTAAGGCGGCCAGCATAGGCTGTTTCCGTTTAGAAGTTCACTACCCATATGTCGAGTTATCAGTGGCGAAAGCCTCAGAAAGGCTCGTACAATTCCTCGACTCTGCATCAGAAGATAGTACGACCTCGAAGCACCTCTGGCGGACTGCGGGTGTGATTCACAGCCTAATTGTACGGGCACGGTCTTCGTAACTCCCTACCTGGCTTGCGCGCCCGTTAACGGGGTCACTATTGCCCTCGAACAATACCAAAACAGTGGAGCGTCGACGTTCTCACGAGTCAAGCCGAGTGTGCTCTCACCATCGTGCTAAGGAGATAACCGCACTGCGCACCGTATTTCAAATTGAACATGAACCCCGTTGTGAGTCGTCGGTTTCGAGCATTTTTCAGATTTGTCGACAACCGTGTCGTCGAGCCTATATCAAGAATGTTGAATTCTCGCATACCAAACAAGGTGGTTTTCTATCACTAGTAATTCGTGCGTTCATTACGGGTCACACGATCAAGTATGCTTCCGGCAGAGGGTATACGTACTAAAGCACCATGCCCTCAAGTGTGGTGTCTGGAAAAGCTAGAAGATGGTGCCGATACCGAAGTACAGACTATAAGATACCCGGTCCTATCCTTTT,1077,51.81,Drosophila melanogaster
SEQ_250312,GAAACGAGCCCACACAAGCGATCTGAAACATGTCTGGCCATGCACTATATTTATCTGCGACAACTACCCGTTCCGCCAGATGTTGTCGGACTACAATATGTATGTTGTCTTCAAGGATAGAACAGTGGAACCATTATGGATGTGAGAATCGATGTACAAATAAAACATACCCTGTTTACAACGTGGATTGGCTTAGCATAATACCAGACGATCTTAGTCGAAACAGTAGCTATGCCCATCGGCTGAATTTCAGCCAGGTGAACAGTTTATTACTTTTCCTTTCTAGGCCTGGCTCGGTTGCCCGCAGAGCGGATATGCTAACCTGAGGGGACTATAGATAGCGTGTGACTGGGCCCTGCTCTTAAACGGCTAAGTAACCTTTAATTAGTGTCCCTTCGTGAAGACCCCGAGCGGGCTTCAATGAGACGCGCTCCAAGCATTAGCAGGGAAAGCTGCGCGTAACTTGAGTCCTTTATATACGCCTAGATCCGTGACAGTTTGGGTTGGTGCGTACGCTGCTCTCAATACATCGTGGGTCGGGAGGCGCGCGCCCGTAGCCCATTACGCATACCTGTTGATGATGGAATCGCATCATTGATACATGGCAATTACTTAACAGGATCCCGAAGGTAGAATCTTAAAGCTTAACGTACACCCATGTTATATCACAGAAGACGTGTCTAAGGGTTGTAGACCGGGCATTCTACACAGGATCCGCCAGTGTACTCTGCCTTTTGTAGGGGTCGTTGTTATCCGAGGTTGAAGCAAGAGTGGCTAACGCATAACAGGGAACAATACAGAAGAACGTAGCGGGGAGCTGTCTCTGTTCGGCGATCCACACTGCTCCATCGACACCACTGAATGCACCGCAGTGCTACTCCTGGAGAACCGTAGTCATCTGTCTAAGACGTGAGTGGCCAGCATGTTACGTTCGTTGCAGGCTTTCCTGATCCATTACAGGACGCGCCTCTCGTCATATGGCGGGCGTGGTGCCCCGGCTGACGCCGTGTGTTGGCCTAGCGGTCTATACAAGTTGTCCCGAGGCTAGAATAAGACCCGCTCTTTAACCCTCGGTCATTTGTAGTATCCTCGACAGCCGCACTAGTTCCTTACATCTGCATTTGCGGAGAG,1131,49.96,Drosophila melanogaster
SEQ_661414,TAGATAATATCTTTGGGAGACTCAAGACTTGATACGCATCGACGGGGATATTATAGCGTTTAACTAGATGCGAGCTTCGGGTAAGCCCTTTTTCAGCTGAGTGTGTTTTTGTAGCCCGGATTGTCCGATCGGAGAATATTTGAGAAAGCTGTAATTCCTGGTGTCTGCTAAAAAAAGACAGAAAATCAGCTGTCTATGTCACGTCCAAAAAGTAACGAATCTTTCGGACCATAGTGGGACGGCTATGTTCGCAAGCACCTCACGCCTTGCGGGGAAATTTACGATAAATAATGAACGGAATATTATCTGTAAATTGGCGCACCTTTTCCAGACACGTCTAAGCTCACTAGAATAGCAGTTGGTATTTCATAAGAGCGATGCTGCTTGCAGGCTTTTCTTGTCAGGACCCCCCCACCTTCGCCCCCACGAATGATAGCCCCCAATTGGTATAACTAGGGATGCTTCACGATCGATGCAACAACTATCGGACGTTTACGACTCGGCTCTCACTGAATACCTAATTCCAAACTTACTTGCCTTTGTCCAACGTCTGGTGTAATTCCGCCGTTCAAGGAGCTTGACTATCGAGGGGGGACCTTACTCATGGTGGAATCCGGGATACCGTAGGACGGTGTGTCAGCTGAGGTTGATAGTAACAGCTTTAATGATTTTTACTGGGTAGTCTACATGAAGGAAGTTACCTCGTAAATTTCGTCACGCGACGCGTCGTGAGTATAAGCTAGATGTATCCTATTAAAAATAAAGCGCCCTCACCCCCAGTGCGCTTCGTAAACATAGAGATGTGGCTTGACTGACTCAGACCGGCAGATAAAACTGTAAATGTTATGGGCTGTGTTTAGCAGTACGCGTTTTATAGTGAGGGCACTTCTGTGAGCTGAATCGTTAAATACTGAATGATAGTCATGCTAGTTCTCTTCCTCCAAGCAAGACTTCCAGTTGACTCCGATCGATACACGAGCCTAACGCAGGCCCTACCTTCGGATTACACCCCTTCGGGAACGGCGACAATGAACATATATTTTAGGCGTTGGATTGCTTGTCCCCCCCGCGCCTGACTCGCGAGGAGACATTATGGCGAAGCCATGATCTCCATAAATCCCGACAATAATCGCTATTCTGCCGAAGACTTTCTGGCTGTGAGC,1163,46.52,Caenorhabditis elegans
SEQ_888708,CCCCTCAATTTAGGTTGCAACCGCGTCTTGATTTAAAAGAGCCGACATGCACGGTAGGATCGCGGGCCTTGTGCCTTTTCCGTCGCATCCCGTGCCCTTTGCATCGACGCATACGCGTGGCGACACGCCCTGGCGCACCGTTATGTAGCAAGGGTAAAAATTAGTTATCTACACTACGCTTCTAGGTGACCATCGGGTATGTGAGCATATACAGGATTACTCAGACTGCGGCCTGGTACCACAAGGTGGGGAATTGTAAGATGGACTATTCGGCTAATGCTCTGAGCACAACTTTCGCCCCTCCCCTCGTATAGAAACATAAGCAACTGGGACCACTCCTCATTCTATGCGTCCACTCCTCCAATGTTATTTCATAGGGACGCCTGTTTCCGGGGAGGCGATAGTATTCACCAGAGCGAACGGGGGTCGTGGCAATGGCTGCACCAGCGGTCTTGTTGCTCAAAGGTGGTCAAAAACATAGGAGCCAGGGGTCGACTGGGCTGAGAATTATCCAGGTCCAAGTGATGGGATCATATTAATGTGTATTTTTTGGTACGTCGCAGTCCACCGCGTTGTGCAGCAATGGTCACCAGGCAGGCCTTATAGAGTTTGTCATGTCAAAACCGCTCTTTCTAACCTTTATTATATTTAAGAGCTAATCCGTTAGTGTTCCATCAAATCCGGAAAAATTTGGTCATGCAACCTGACTG,710,49.72,Escherichia coli
SEQ_152102,TTCTCGGGGCGCCCGAACCTTGATTTTGAGCAACCTCGATACGACTCAGGTGAGCCACCATAGGTCCATTAGGGTGATTTGTGCATGGTGTTACGCGAGCTAGATAGCAACTCGTGTATATATCATAAAACGATGCAAGCGGGTTTCTAAACTGACCTGATCAACACCTAAAAGCCATTTGCACAATGTGGATGGATTTGGGCGCTCAGGCCATTCTGGCACGGTTTTCTAATTGATAGATACCATGCCGGGACTTGCTAGAGACGTTTGAAGTCGTAGGGGTTTAATGGCCGTTATGATTTTGACACAAGGTTCTAACGTACCGGCTCGAAGGGATGCAGATCGGTTATCCCACTGCATGACGTCACCCGTACAGAACAAGCAACGCTCGGTAAATCTCAGACCGCACTTCGACCACAACGCACTAGTTATTTGGTTGGTTTCTGGAGAATGCACGTGGTAATGTAGCACGCGATATCCCTATAAAGAGTCAGTCGTTCCAATACCACCTGGGTGGGCCAAGAATAACAGACAAAGATTAATGACTGATGACGCGCCTGGCTGCATATAATGGGGAAACAAGTCTAAATGATTTCACTTGGTTTGTATACGATTCCTGATTGTCTCAGGATCGGCTATTTACGTGGGAATACATAGCAGCCTCGCGGTGTAAAACAAAATCACTCGCCTTTCTGAACTCCGGGTTTGTCGCAGCGATATCCCTGGAACAACTCTCGGCTACGCATCGAGCGTCTAGCGACGTATCTCAACTAAGTCGGAGCTAGCTGGGTGAGGACTGGCCATTGGAATTCAAATAAATAGGATTGGACTCTCACGGTTGGGCTCTCTAGAGTAAGTGCTCTTAAATGCAGGTCAATATAAAGCATGCCATGTAACAATGACCACTATAAGGCGAGGGCGCTCTAGTAGTAGCCTAATTTTGGGTCTTCGGGGAGGCCGTGGGCACGGGACCTGGGAATGTAGCGTTAGACAACCAAAGCATGTAATCTTAGAATGGCGCTTCTGCTTAGTTCGATAACTTTCTGGCTTTCTCACCCATAACATCAGGAGGGCAATTGTTTATTTAAGTTTAGGTTTTACGGCCGATACAATTTCACGCTTAAGCATTACACTGCCAGCGAGCTGCCAGAACAGATAAAGGTATACGTCAGACGATAGCAAGTGTAGATCTCTTAACACTAGAGAAAATTCGGTGATGAGGAGAACTAAAGCTGGTAATCTTATAAGGATGAGAGATATGCTCTGTTGACTAGCTTATAGGATAACTTGAAGTAGCGACCGGTTGAGACGGAGAGACGCCGTGAACGGGACTACTCGATACAGTACGTGTAGATGCGACTGGGCTAACAGCCCTTGCTCCGG,1383,47.0,Drosophila melanogaster
SEQ_740442,TATAGCACAATGTCCGGAACTGGGGTGGGGTGGGATGCTTACGAAGGTTTCGTGTTTTAGGGTGAAGTTATTTAGCAGGGCTTTGAATTACAGGACCACGCTCCATAGGAGCAGTGTTGGGTGAGCTAGAGACCCATCCATATCCGTAGCAAAATGTACTATGATTCTCCTCAGTTACTGTGAACTGTCTGAAGACCTGTCTGTCCGTGACACAGTCCATGCCTGAATCGCGTCGACCAGTATTCTGGCATCAGGGGTCAAACGTGCCTACGCTTTTCTTAACATGGAGTCCACCGAAACGGTGGTAGATCGGAAAGGGATATTAATAATCTGGGAATGTATCTGAGTGGATATGTCCACATTGCAATCAGAAGGGTGACGCACGCAAAAATGTACTTCTCCGCGCGCTCGATTGACGCACCCGCGGGATTTATCCGTCGAACTCATCAGACGGGATAAAGTTAGCGGAATGTTAATGCGTCGCACTTGTACCTAGACGTTTGCGGGATCTCAGATAAACGATCGTTACCATGCAACGATTGAAACTCACAGTGTCGAGTTACCATAGACTGCGACACTAAGATCTGCAACGACCGGCGGGGTTACTACCGCGTCCTGCTCTTGCCGAGCCTCCGCTTGGTAACAATTTCGGACCGCTGAGCCGCACCTAACTGCGCACCGTAGATCCCGATCCCTCGCGTGGTGATAGAATGGGAGGTTTGAGCCGAATCAGTAAAGAGATTAGCACAAAGTAGCGAGTTCATGCTCTTGTGCCTGAACCCATACGCACAAATTTTAAGTAAGCCTAGGGCTCGGCATGCGGGAGTATGCTGTTAATAAGTGGCTCGAGTTCAGACAGATGGGTGATTGCACAGCTGCTCGGACAGATAGCACCCTGTCAAGTTATGTATAAACCAACGAGGTTGGTCAATGCCGTGTCGCTAAGGTAAGGGTTCGTAAGTAACGTCGCACTCATCCAGGATAGTAAAGAGAAAACCGAGGCCGGATCCAGGGATATGCATTAGCCGATTGCGAGTTGACCTGTGTTGGTACTGGACTTCGAGTGATCAGAGGTATCTGGAAAT,1085,49.59,Mus musculus
SEQ_105404,CAGTCTACCTACTGCTGTTTGAAGGCCTTGGCACATTACCAGACCACAGATCACCCCGAAGTGGTGTCCTTACGCATCGAAGAGCACTATCCTAGCAGCGTTAACCTCCGCCCTGTCCACCTTTCAAATCCAACTTGAGATTGTGTGTTCAATAGTACGGTCCTGGCCCAGCTCCAGAAAGCAGGCATAACATGAACGTCTTGTATAGCAGTTGCATAACGTGGAACCGCCCGAACTACTTCACAGGGGTAGTGGTGGAGGTGGCATCTGAGACACTGACCTTAACATCGCTAATTCGG,299,50.84,Mus musculus
SEQ_279003,TATCTTTCGGTGCAGAGCGTGAGCATATCGCTGTCTAGCACGACTCGCTATTAGGAAGTACGTCGTTCAGGGAAGTAAGCAATTATCCTTCATGGGGCGTAGAGTGGGAGCGCGAATATTCCGATGTGCCTCCGTATGACCGTACACTATGATGCCGAGCGAGTACCACCAATGAGAGTTATCACGACGGCATGACTAGCAGTAGCTAAACGCGGGTCCGGGCGTAAGTGCTGTATAGGATGATTGCATGCTACCTTGATACCAGTGTTGAAGATGCGCTGGGGGAGAATATTCAGGATACTTAGGCAGAAG,312,50.32,Escherichia coli
SEQ_844747,AAAATGTGAACCAAAGCTTAAATGCTATAGCTATCAGAACTGAGTCGACCACTGACAATGGCCCGATGGTAGCCCTCGTCTGGCCACGGGAGACCCTGGCCCGCACGCTCCGTAGTGCCATTTACCTCCTCCAGGAGAATTCGCTGTCGTGTATGATAACGGTTGTCAAGCGTCCACACACCTGTACGACAGTCCAGAGGCTTCGTAGTCACGGGGATACCGGGTCACCCACTCAGCTTTGGTGAATCAAGGCGCAACTAGGGCGCTGCACGACACCTACATCTCGGATACGATTTATCGCGAATCCCTGGAGTGGTGCGCGTCACCCCACGGTATGGGAGTGGATAGCGTGACCCAAAACTCAAATACAGCCGTACACTCAGAAATGCTTAGTAATCAGCTAGCGGAAACCAGATGAGTCGCCAAGTCGTATTTATGACCATAGAGCGAACCAACACGTGCTATCCAGGCCCTGTCTCACAGTCGACTACTTAGCCCTACGAACTTCAGGTCCACGATCCCGAGAGACCCTCCAAATAGACAGGACACTAGTGAAGTAAGCGGTGAGCTGCGTTAACAATTTACCCAATCGAGCCACCGTGCACGGGCAGGGTTTCGCGATTACATCAAATAGTAATTCTGAGGTGCTGTATGTTGTGACTGAACGGGGTGTCTTACCATGGTGACCGCTTTTGCGGCGACTTGTAGTAGAATAGGTCTGGTTATCCAGGCCCATTGTGCCCCTATTGGATGTAAGATTCACTGAAAGTGTCCAACGTGAGCTGCTTAGTTTGAGAACGGTGAAGAAGCTATGGGCCACCTATATATGGGACGGAGCTTGACATTACGAAGCTTCAAAAACCACATCGATAATCGGGCTGGACGGGATCTGTGCGGGCTCTCGTGCAACCCGTTACCACGAGCGCGAGTTCAGTTCGGCTGATTATGTGCTACAAGGTCGGCAGGCACGCTATGGCAGGCAATTCACTTGTAGGTTGTAAGCGCAAAATGTGACATATAATGAAGTTTCTGTAAGCCCAGGTTTTAACATACCTCAGCGGTCGGGGCCACCTCATGACAGCACGCTTGTAAGCCCTGATCATAATTACCTGGAGGTCGGAAAAGAAATGTAAATGTTATTAAATAGGGCCGGGATGTAACTTAAGCCTTCGCCTTGAGTCAGGTTGGGTGACCTTGGAGTAACGATTTCCGCACCTCCAGTACTACGCATAAGTCTGAATACTCCCACTATTGTACAGCAACTTATTGTCGGGATTAATCATAAACAGAAACTTCTCAATAGTCATTAAGTCGTTGAGCCCAAGTAGCCTAGACATTACACTTGGACAGAGAACGCGCCGATGCATGACCATCCTCGTGTCCATTCAATGATCGTAGTGCAAACCCGCAATTAATATAATATTAACACTGAACTCGCTAATAAACAACTTGGATACGGGGAGCTAGTAGTCGTTTGCGTTCCTGTAGGTGGGATCCGCCCAGCATAAGGAGAAAATACCAAGAATTTGCATTCTCTGCGCCTGGATCGTATGTATGAGTTAAGAGTTCGACCCGCACTGTAATATGACATACCACTCGTCCCAGAAAACTCTACTCCCGAGCTACACTTTCGACGCATTATGCGGATTTCGTACCAGTTCAGTAAGTTATTTGCGTGGACTTTCCGTCCGTCGCATTTGAGGAGTAACATTCGCTTAGTTCTTGCTCACCCTCTCCTTCAACTGCGAGCGAAGCGGTGTTGTTTAAAGGCTATAGGGGACCCCTTGGAACACGGAACAATGGGTTAGCCCGTTTCCAGAAAAACGCCTAACATGCAAGTAGCTAGTCATTTCCTGGCAGAAGTTTACATGGGAACAGTGAGCTATACTAAACTAAGCTCAGGCGCCGATGTACGAGCTGATGGTAGAGTGTTATATACTCGTAGGCGGGTCGGAATATTTTATACAGCGATCGCGTAGTATCTTGG,1987,48.72,Mus musculus
SEQ_530013,GAGTCGAGGTCAAAAAGGAATGGAACAATATCCTACGTGGAGTCGAAGACTGAGGTCAAATTTTACCATTACGCGGCAGTGTCCTAGCTAGAGGCATCTCGCCCAAATCAGGACACACAAATTTTGCGTTCTTTTTATGGTTTTTAAGTGCTTGCCCGGATGTGGCTCTAACCCTTTCACGTTCGTTGCGCCCCCCAACACTGTAGAGTAAGGCAACCAATGTCGCTGTCCGGAAAGCGTGTGTACGCCACATCCAAGTTGCGATATGTAATTTTTGCCGGGGTATGCTGAGACAGGCTTTCGCCACCTTTCTTCTAGCTCACAAAGAGGAAGACGACCCCCCCCCTTTAGTGTATAACAAAATGTGCAGTTCCTGTAAATGGTGTTGGAATATCAGAAAGTTAAAACTTGGGACTGCTGTCTCGTGTGGATGATGTTGCGCTTGAGATCTACACCCAATTAAAGGTATTGTTTGTCTCTTCGACAGTCCACTGGTAGGACGTCGCTCAATTCCGAGACCGGGTCCACAGGGTCTGTCCTTAAGCGCGCGCGGCAAAAATCTCGCTCGAGAACGGTTGTCGTACGATTAAAACAATTAACAAGATGCAATAGATCCACTTTGCGCATGTCTAGTCGTGCTTGAACCGGCATTCGTTCGGATAGTGGTTGGCTACCTGACCTCACACCCATTATTCGGGTGCACGCGTAACGAAGCAACCAAGCATGGGCAACGGATATCCGATTGACGCTACCCACGCTAAATAAGCAATCTGTGTCATCCGGCGTAGCAGGTGCGCTTTCGCTCGTCCTTGGACATCCTTATTCGGTGATAGTCTCTACTCCGCCTTCGTCGCGGGGAGTCAAATACAGCGTCATTAGCACAGAGCGTGCTCTTACCGTAATACCATTATAGGGCCGGTATTAATCCAATCCTCTATGGTCTCCGGAGATAACTCTTGGGATATCTTTGAGGTAGTTAACA,982,48.57,Mus musculus
SEQ_468648,CTTTCCCTTCTAGGTGCCCGGGCCCGACTTCTCGTTCGCTAAGTTTCCATGCGTAATTGATTGGTGCTGCCATAATAAGGCACAATACAATTAGTGTCAGTTTGTGCTCGCTGAAGTGGGTTGTAAAGAACTCAGCCAGTGTTCATGAAACTCGTTCTATCTATTAAAGATACACAGACAGCACAATATAAGTACTGGCGATAAGCATAGGTGCTGGGAATAGATTCGCTCCGCAGACAAATGAATAGTGCCGCCGGAAAAAAACTTGTCCATAATTTTGAATTATCTCGCGACTCGCGGAAGCTGGCCATGGAGTTCCCGCCGTAGACATGGGAAGGGACCCGAAGGACCAGGACTTTATCAATATTACGCATAGGAGTCACCTCCTAGCTGGTCATCCTGTACATTTCAGAGAGGATAAATGCAGGCTGCGAGCATTCAATAAGTTAAGTGACATTAGCGGCCAGGGAGAAATTGAAGAAAACGACGGAGCCAGAACGGGCGGAGGTATAGTTCTTCCCTGTGGTCATAATTTAAAACGGACCGAACTGGGCGCTTCCCCGGTTGAACCATTTAATGATCCAGAGAGACTGTTATGCCTCTCCGCCATACACGTCCTGCTCGATGCAATGCTAGCTTCTCACGCTGCATAATAGCCTGCCTCACGAAGGATATCGGTCTCCTGCAAACCCAAATGGAAAAGGCACATGTATCACCAAGTACGTAACATCACACGTACGAGATAGCCGGAGCCTCCTGTAGTTGCCAACCATAACCGGGGAACGGTTAGATCTTCTTCACAAGATCCACATAAGCTTGGAATCTTTGTTTCGCCGAACCTCTTTTCATAGATTAAAACCATGCGTCAATTACATGGATGTCGGCTGAGTCTCAAATGAGCGAGGCGCTTTTCCCAGCATCATCAGCCTGCTAGTGCTATTAGTGACTGAGTCCGGACAGTTTACGTTAAATCAATTTGGGTAGCAGTTCCGGCAGCTTAAGCGTTAGGTTGAGTGCTAGGAGTTCGATAAGCGTCCGGGCTGTGTGTGAGACGGCCCAAACTCAGGGTAGGTCTAACGCTGGCTTCCAAGTGAATC,1097,47.95,Homo sapiens
SEQ_928572,AAAGCGTGGGTTGATGATAATAATTACGCCCCGTCACGTGACTCCTCTAACCCCCAGAACGGACCCCATCGGCGGATCATTACCCGGACGTTGGAATCAGCCAATCTCGGCCGAAAATGCGCATGCACAGAATTCCCACAGGTAATATATAGATGCTGAGCCCGGTTTTGACCTAGGTGTCATGACGGGGTTCGGATAGCCGGGTTCGCCCTTAGAACTGCGAGTGGGTCACTCGGACTACAGATAGTTTCCAAAACCCCCGCTATCTTCTAGTACGAGTGCATGAGGGTTCTAAAGACCAACAGCTCTCCGCGCCCCCGGTAATTTAAATTATAGGAGCAATTCCGGCGGTGCTGATGGCCGATTCCACCTGTTCCTTCTGAGGCAAAGCCTAATAGAGGTCTAAAACAGACTCGAATTCTCGCTTTGTTCGAGGTTTCAGTAAGATTCGT,452,50.88,Arabidopsis thaliana
SEQ_317891,TTGGGAATCTCCTGCCGTGTTTCGCGAGGATAACGCCGAGAGTTAGAGTGCGGCCCACGTTGCATAAAAATCTCGTTACTTGTAGGGATTTAGGTATCACTCGAAGCGGTGGGTATCTCTGAAATAACTAGCGCGCAGGCGTAGGTTGGCGAGACTTTATACGGCTTAGAAAATTCTAGCTTCTCAGGTTATCTTAGGGGACAAACGACTCGGGGCGGTAACTCGATCATCGGCGAGCGAGATGGGGTCGCTTTCCGAACAAGTTCAGGAGCTTCGACGTATCGGTAGGTCTTTCTCACCGCAGTGAATATTGAAGGTGATATAAGGCGGCCCTAAATAAGGAATTTGCTCATTAATTCGTATAATTATGTTCATAAGAGTGAACGTTAGGACGGACAGGGCCATACACTATTTAGCTCCGACGGCTATAGTCGCCACTAGTCTCAAAGAACATAGTGACTGAAATATTCTGGTTTGTCCGCATACAAGCCGCTAGGACCGGCCTCGCCGATCCTCTCAGATTGGTCCAGCCTGTTGGTGAAAATTAAACGTCATCAAGATATCGTAGTACAACGGGTGTGCCTGCCAAGCACGAAAACCATGCATTAAAGATGTCGGGGAACACCGGCTAACCCATCACTGGAAA,646,48.14,Escherichia coli
SEQ_619940,TATCTTAATCTAGCACAACTAACGCGGAAGAAAGCCCTGTCCCTAGTATAATTGAGGCTATTTCATGAGATATCATCGGGTCTTGGATTTTTAACGGGCACTTGAACTTCGTAATAAGTTAGCCTCTCACGCAAGGAAAGGGGAGGGTACGCAGACAAACGTGAAACCGTGCACTTGATCCACGCGCGTTAAACGCAGAATGGCTTGTGGTGTTAAAAGTATATAAGGAGGCTTCCAACACCTCTTCCTATTCCGATTGTATGTTGCGTACTCGGGGGGTAGAACATAGATGAGGAGCAGGAGTCTTTAGCAGAGTTGACGGGCTTGCCATGAACCGGAGAGGTACAGGGTAGTTCATTGTAATACCATTAACAGGTCAAGGATCGGTAGCTGTCCGGACATCTCTGACTACCTAGTGCTTTTTCCACATCAATCCAAGTATGCTGGCAAACCGCTGTTACTTACAGATGTACGCCAATCCCGAATTGCAGGAGAGCCTGTACGCGGGGGACTTGGAAACGCAAACGGTAGAGGATATGACTTGGTCAATTCATATCTGAGGGCGCGTAACTTCGTACGCTCAGCAGCTTCATTCTTGAGTTGAGGTGCCGGCCAGCCACTTTACTACAGATTCTGGTCGAATGGACATCAGGTAGACTTATCTATAACAGGGCTTCCTCAGCCAACCCCTGGTGGTATGTGGATAGTAAACATGAGTGTGCGCAAAGGTGACTCATAAGACTGGGAATCCTTCCTGTACCCCGCCTTCTACATCGGATCAGCAGCGCTACAAGAAGCAAGCTTAAGCTCCCCGTTACTAGCCACCGTATGAAAGAGATCGCTTACAGTATAGTAGCAGACAGCGGACGAGCGAAGCGATTGACCATTTCTAAAATGGATGCAATCGGTAGGAAAAATCTTCATTAACTCAGACCAAACCTATAGGTGTAATAGAGAATTACCTATTATGAAACCTATTGGGTCCTTCGGGCTCCAACTTAACAAGGATAAAGGGAAGCATCTTTGACGTCGGGTACTGGGGTAATAGAGGATTGAAATTCTGGGACACTCCTGTCGTAGGATTCTGACCGATCGTTTACAGAACCAATTAATGCTAACATGTTTGATATGGCGGGCTAATCACGCAGTGGTCATCTGGTTGCAGGGTTGCCGTTCCTGAGGATTGTTTGCGGGGAAGGTGGAGGAGCATCTTATGTATGCAATAGTGGCTTTCTGTGCCCATAAATGACACGTTTTTGTTATCGACCGGTTCATAAAGCGTTTTTAGAACGATCGTACACCGGGATCGCGCGCACCGTTCACGGATTTATCCTGACTGCAGCTTTTTTGATATAAAGTCTCGCGCACTCTTCGGCTACTCCTCATATCCAGCAGCTGCATGGCTGCCGGAACAACATTTACACACAGATTGTCTCTTCGCAGTTGAATCCTTAGCGATTATGGGTATATTCCGTCGGGAAATGCCTGCTTGCCGGAGCCAATGTATGATGGTCATGTAGGACTATGAAAATACTGTGACGTCACATGCTCGAGACTTCTTACATTACTATCACGCGCTAGCCAATGGAGTGCAGTTTTGGATGAATAATCATAAAGATCAGCCGCTTAACCTCCATAGGCCGGCACCCACCCGTCAATTACTGAGACCCTAGTTCCGCGATCAGCTTACGAAGGCGGGATCTTCAACGCTCCAGAGTTTCTGAGTACCGGCGCACGTCTTGT,1743,47.39,Homo sapiens
SEQ_555326,CCTGTTACCCTTGAGACGCAATACTAAGACGTTTCTTGCCTAACCATCTGCGCTACCTGCTTGAATTGGGGTCCTACTATAGGTATGATATAACAAACCTCATGTAGCGGGTTACCTAAGCAGCCGCAAGCGACATTATATTGGATATCCACTGAATACGCTTAAATATTGTATTGGTGGGGGTTATGCGATAAGACTTGTGCTATCGAACCTTTAGTGGGTGAGTATAAACTACTTGACGAGTAATGCTCGCCGAAGATTTGAGTGGCGTGAGATAAATTCTACGGGCGCCGGGCAGTCTCCAGTGGGTCGTTTACAGGATCAGCTGCCATGCGATAGTAAGTCCCGACGACTGACTCCCCTCAGCCCCCTCGACCCGAGGCCTGATTGGATCGAAGCCCAACCTGCACAATTCGAAAGTATACGGGGCCCGCATGGGTCCTAATTGCCCTGGGGAATAGACGGACCCCAGCACTCATCACGTGGAGCGCCATTAATCATGCGTTTGTTCACTTAGTGGCCTTGGTGTAAGACGGTATACAACCGCCCACTATTCGGAAGCTGCAAACGTCAGCCCAGGGAGAGGGAGCTAGCTGCGACTCTTCCAAGTGCCTCCTGTTTTTGTTGCAAGTGAACGCAGATCAACGCCTCGGCTAAGTGACACAAACGGGACGGCGGTGGCTACCTGGGCCCATAAATCACATCTAGGACAGTTAGTCATTGGGACGTACGGACACTAGTTCGAGCAACCGTAGACGATCCCTCTTCTGAGGCTGCGAGTGTGCTAAACATCTGGTGATTTTAGTTTGGTGACTGCGGGATAGAGCTTATACAGTTAGACAGCAACGACTAAGTATTCGTGTAAGTAGACCGGTAACCTGACAGTGGTATTACGCCTCAGGCCAGTATATACGATCAGGGATAATGCAACCCCGGGAATTCATCTCCGCGGCCCGCCGAGGCATGCTTGGATTACCTAGACTCCGGTAGCGGCTGGACTTTGTGGGACGAGATTTAGACATATTGTAACTCGCAACGAGGGCATTTCGATTCGGGTACCATACGGGACTTTCACTATCGAGAGCCGATTCCATAAAGGTACTAACCACTTGCATGTATGGCCCCTGGAAAAGAAGAGGATCCTCGGGCTTGGGTCCAGAGGCTTTTTGTTGGACCGGCCATGAGTCATCGCGCCCTACGACAATGCCTTCGCTCTGGGGACCACGTGAGATCGGGTATAACACATCTACGTTACTCTTGAAGATCATCTCGGGATAATGTATCACCTGATCCGAGAAGTAGAATTAAGAGACAGCATCATCCTAGAGCTGTACGCAGGTCGAGGACTGTATGTGTTAATCTCTAGGTCCCGTCTCTGACTACCATCTAATATCTGGAGTCCCCCACGGCGCACACATAATGTCATTCAATTAAGCACGTTGGTCGCGATCGCTGCTGACTGCCCCGTCAGTTAATGCACCCCCGACGACAAGTCAAGCCCGGCTGAAGACCTTATCGCCTGGAGGATATCATGCGCCTAGGTCACAGCCCAGTTACATGGGCCAACCCGTGCCTGAAGATAGTTGGTCCACAGATGTGCTCCTCGCTGGTATTAATTACTGCGAGGTTCGAGCCTGGCCGGATGCATCTTACCCCCCGTCTATCTTGCAGTTAAGGTGATGCACGCTGTTAACAACATGTGTTGTAACAGAGTTCGTCTTTGAAAAATACTTAGGCGTTAATATGAAGACTCCCGTCGCACAAGGCTTTAGCGCGTTAGACACGATAATCATCCGCCGCGTGTGCCTTGTTGTGTCTCTGCGCACCGTCACATTGCATTCCTCGGTCGAAT,1852,50.92,Drosophila melanogaster
SEQ_972281,GGTGGTCAGCCGTCGATGATCTCAAAATTCTGGTTCGCCACGACCTTACCTCGTACTTCTAGTCGGCAGATGACGTTGCTTGTGGCGGTCCGCGTCCACCGAGTGCTCCAACGTTAACACGACTGCCGAAACTAGCTGTTCACCCGCTATGGTCAAGGTTGGTTGTCAAACAAAACCCAGGAGCGACGGTGAATCCTAAGACCCCCGCACTTTACCGGCTGAGCGTACACAGAGCATGAGGCATAATCTCAAGTTCTTTACCGCCTGGACGCGGCGGTAGACTCCCTCTTTACTCGATGTTGGAGAGAATCTAGTGCCCGTAATCGATATCGGACAACACAACGACGTAGGCAAGATTTGTTACAACCTGATAGGATGTTCTTGACGGGGTCTCCGTACACGTACTGTCGAGGACCATGGTAGATGCGCCTCACAGTGGAGCTGGCGAAGCGCGGAAATGTTTGGCCCTCCTTTCCGAGCGGTAGGTGCCCCTACAACTACCGGTGCGATGAAAACCGTCCGCGTCCGCGTGATATCCTATTTTATCTGGAATTCCCGGGTGCACTATGTGTGTAGCGCCGAGCGGCACAGTACAGGGGACTTTTGCTTCCTCATATTACGAGTTCGCTCTGATCAGGGTTTATATGCTCCCCTGAGGACCTAAACACTCGCAGGCAGGGCCAAGATCCCCTTTCGCAGCTAGTGTACATAGACATAAAATTAGTCAAGTTATGCTACAACGTGGCAATTACACCAACTTCTCTTTTTACTAATACGATCCCTCAACCTATCACTCAGGGCACTGTGTGGCCTATAAGTAATAAGGCCCAGCTCTTAGCCTAGTTCTAAAGTATGTACAGGCAACAACCTCAAGAGTGGAAGTGCGGAAGTGTCCAAGGATGTAGTGGATCATTGGATCCAGCAATTGGTACCCCTCTCCCGAGCGTGGGCTACCTATGGTGTCGTAAGATGAATGGGTTCTATATGCTCGGGGTCGCTAAGCCCACTCCCTGGGGCAAGCGACTACTGGCCATGTCTGCCACACTGCCACAGGTCACAAACCGGCCATGCACCATGCGTTATCAATGTGTTTGGAAGCCGCGTCAAGAGAGGTACGGGTTGCACGTTATGAAAGGCTACCTCATAGACCCCCGGCACTTCGTATCGGAATTTTCTTTTAATCACCTGATTGACTCCGAGAGCCTCATACGATTGACACCACAAAGGTGACTTTACAGGCATGTAGTGGCAGATGGAGTTATAAG,1265,51.38,Escherichia coli
SEQ_111172,GATGTGTTGATCGACAGAGTAGTTGTTCACCTATATGGGTCGCCACACATCTACGCCAACAGTGGCAGTCCCATGTCCAACCCCGGTAACACGGAATTCTGGGTCTTTCAGGCACCGTTGTTCGTCCCGTGCCATTACTTCGCGCACAGCAGGACCTAAGCCTGATGAACCCTGTACAGCGCACCTTACCGACGTTACGACGCTTATAAAGACATTCTGGATACGGTGGAACTATGCGTTATCGGACAACGACATCCGGCCCCCAGGAGACGCCCCGGGATCCGTTAACCCTGCCCGGTCAGCAGGCTAGTAGCGCCAATGATGCATTGAATGGGGCGACTTTGCGAGTGTCACTGAGCAACGCTTCACCTAAGTGCAAACAGCAGGGTGCAGTGGAGAGGAGGGACTGACCAGTCGTCGGGTAGTAGACATGTACTCACGGACGGCATACACAGCTCCCGCACTTCGCGAGCCCGGGGCGTCCTGGAAAACGCGACGTCTCGGAGCCCGAGCTAAAGCTGGTCGACACCCCCATTTGTCACGTGGCTTTTAGGCCCGCTAAGCTTAGGGGCGGTCAAAGTTACGGATGTACATAGCGTTCGAACACCTGTGGCGTCCAACAGATCGTCTAGTCCCGATTAATATTCAAGTCATGGCGTATTCGGGGCCCCACTTTGTTGTCACTGTGGATCTTGGACCTGAGTGCTTCACAGAGCTAGGCCGGCACACTAAGCGTTTTGACATCTCGACGGATCTACCTCGCTATGACCAGACGTCAAGCGACGGGTGTACTGCCGACGGCGAACAGGTTCGTCTCTTGCTATCTATGGCTGTTTCACCTGGATCGGTAATGGGATGTCCGTATACAGGTAGGCCTTCGACTGGAGAATTTTTAACAGAGTTTGTATCATTGAATTTCGAGATAGGAAAGCCGAGGGTGATCAGATAGCCTTTGAGCGTCATATAGGGGGTAAGTAGGGGATCTTAGAGCGCCTTAGGGCGACGTTCCAGTAACTTTCCATGTTATACTGTACCAGCGAGCATCTTGCTGATTTTGTAAATAGATATAGTGTGTACAAACGGCTACAAATGCACCCGAATTGTTGAATAAGAAGCGGCGATCCGCTACTCTAACTAGAAGCAGGCGGCATTTTGTTGCTGAGTTCTCCTCTGCAGACTTCTGTACCCATTATCGCACCCCATCACGCCGCAATAGAGCTGGTGGAATATACATCGCTTGCGATTGAAGCTGTCTCCTATAGCCCCGCGGCACATATGCTGATCTTAACGGCCGGAATTAGAGGGAGGTTCCAGAAATGCGGGTTACACCATAAGGGAGCCTCCTGTATGATAGACAGGAATCCTCTCGAAACGCGGAGTACAGATGCAAATGATTCGTCCCTTTACTTGCCGCGCGTTAGCTAGGTCGCCTAACGTGCGCAGGGTATCCCTCCTGGGTGCTCATCAAAATGGGGGAAATAGCCGCAGTATCGAGGGCAAGGGCGTTCAAATGTTTGACTTTTTGGGAAGCTACGAGATCGGGCCTTATAACTATCCGCTCAGTTATCCAGCTTCGGCATACACACCTGAACCGTGCGCTTGGAATCACCCAGTTTCGCGTACCGCAGTACGATGGTTATAATGTTCATCCCCTTGGGGTTGAACCGGGGCCATCCACCTATTTA,1685,52.28,Drosophila melanogaster
SEQ_856623,AATCCTTGGACGTTATGGCTGACAATCTTAGCAGATCTGTCACCCTCGCAGTGATGCCTTAGACAAGACACTACTTGCCACCGGGGCGTCCTTAGGAGCTCTCGCCTCGAGATCGTGATAGCGAATTTCCCTAAATGAGATCCGACAGATTCGGCGAATCTCTTGGACCAACCGTTCAGTGGCATACCACCCAAGTACAATCATTGTGCCAACGCCCGCCGATTCAACTAACTCATGGAACATAATTTTTTTTCGCGTAGAAGTATAATCCCTGGCTAAGTTAACGACTGTCGTAGTAGGACCTTGTGCAAATCAGATCTGTTTTCCA,328,47.56,Escherichia coli
SEQ_791567,GAGGGGGGGTACACAATCAATACATTATATGTCTGGTCTCATGGATGAGAATCCTATACGTCTGCAAGCTAGAAAGGTCTTCTTAGATGTCTGATACCAGTGCAATGAAAACAATGATGGCACCCCCCTGACCGTGTACGTCCATGCCCAGCTTAGACCTTCTATATCCTTTAGTGTACAATAAACTCAATGACTTTACCTACGGGTGTCACAGAGATTTTAGGACTCGCGAGCATAGACAGGAATCGCCCCCGATATGGATAGCGACCACTACAATCTCCAGGCCCTTCCGGCAGAGGCCAGGCGCTTTGTGCCGTTCCGCCGTTGGGGATGTCAAATGCATCTGAGCGCAGACATTGACTATTTGAGTATGCTTCCGCCGGTGACCCTAGATGTCCGGTGACTAAATAGTGTCAACCTAATTCGGGCGTCCACGAAACCCAAGGTCTAGATCAGCCGGTGAACTTACCTTACAGCTTCTTAGGTCCCGTTATAATCGGAATATCACATACCAGACCGCGTTGGTGTCCACCGGAGGCGTAGCTGTAGTTATTTGTAAGGAGTCTTCCCGAGTTAATCCGTACTGAACTTGATCTACTCTGACCGGTGTTCATTACCCATCGCACTTAATTACTAACCAATAAGCAGGTGGTGGAACGCGTGGCTCATTGATAACAGGAAACTTAGTAGTGAAGTGCGACACATAACTCAGGTTTCCTCCCTATGCATTCAACTATTGCGATGATTCTAGCGATGTCTCCTCTGTGATGACTGCGCTCAAAAATCGCACTAACATTCGACGTATACTCCTCGTGGTTCAGTCAACCATTCTATTGCGCTTTCGCACCATCCATAAGAACGGAACTCGTCGCATGTCTCTCACGGAATATGAGAGTTTTATCGGTGCCGAGTCACGGGTGTCTTTTAACATAATTTCGGTCCGGTATACGGCGGTGGTAAACCCGCCCCTACGCGTGTGAGGGATACCAAGTGCAAATAATGCTGCGCGGGCATTCTACATCTATGGAGCTTCAGCGGATAAGTAAATATGAACCTAGAAACACAGCCTCCTAGATAGCACTATCACTAGGTCTGCTCTTCTTAGTAGCAGCAAAAACCAGCGATGAACGGTCCTACACCATACCTACTTTTCCCTAACTTTATTCATTGACTACAGTAACTCCTAATAAGGCTATAGTCGCTATCGTGCTCGCGACGGTAAGTCAAGAGAATCGGATCCCACATCTCATCGTGAGTGCAGGGCACTGCATTCTGTGACGGGCCTTTCTTCCCACGTAATCGAGCACACTATTACTTTGCACCCGGTGTTAGGGGAGTCGGTTGACCTCGCAGTAGTCAGTGGAGGAGCTGTGTCCCGAAATTCAACGAGCCCTTAACTAAGCGCTATGGCCAGCTAATATATAGTGCTAACCCGTCGATTGGGTCCCGATATCGTTCATTGTGCCATCGCGCTGGCAAAACAGGCCAAGGCAACGCCATCCTGCTGACCGTTAGATGTAATAAGGTAGACCAAGATACAACAGTTGCCGAAAGCTGCG,1559,48.43,Drosophila melanogaster
SEQ_283363,ATGTGGCTGGCGTTTCGTGCTCCGTGAACTTTGACACATAGTTGTACGCGCCCATGTCCAGGTCGTCATTTCTACCACACCCGGCCCACGCGAAGCGAAGCTCTTGTCCCAAAAGTTGCTCATTACGAAATAGCATAGGAGCGCAGTTTAAGCTCACCTTGTGTGAAGCCCGACCGGAGC,180,53.89,Drosophila melanogaster
SEQ_697237,CTGAGGCTCACCTGATCCCTGAATGTAAGCGGATGCCGGTGACATGTAAACTACGGTATTTAGCGATCATTTGGACTGGTTGCTGCAGCCACATCGACGAGTAGACTCGGGTCGGTTTTTGCCACGAACGTTATTTACCTGTAGCGTATGGTTCAGCTCGTATCCATAGAGCAATTCATTGCCCTCAAGCCCTGATTCATCGGTTGCTCAGGTTGGGCGATTAGCAGGCGTATAACACATAACCGAAATCAGCACTGCACCAATCTAATGGTCCGAGCCCACATTTGTCGAGTTAGTGAGCCTTATCGGAGGCGCGTCCGGGAGAAACCTCCGAGCAATTGTGAACCCCACAGCCCCTCGGCTTTTCCTACGACCTACCGTGGTTAACGATCGATGTTGCGCCCCATAGTGTAATTTGTAGGGATGATACCAGCAACGTTGACTTTGCTCGACGTATAAGTGCTGCCTCGCCGTGAACCTCCGATCATAGTAGGAATAGACGATCAAGCGGGGGTTTCACCTACCTTATCCGGCAATAGTTCCAGATTATAGGACACGGCTCGCATTTGAGTTTCACTAGGATTGTCGGCGCTATCTCTACTAACGTATAAGATAATCGAGAGCGCCGTAATATGAGCTGTATTACCTGTGCGAAGACCCCGGTCGTTGATGGGTGTTGCCCATGTAACTACAATCGACAGGCTTCGATATACGATTAGTGCCGGTGAGCTTAGATTCAGGTCCACACGAGCACTACGCTGGCTGCCCTGTGAAATTGAGTTAGGATCTCGCCCTACCTCGCCCACCCTCGGCATACCACGGCAGTCACCCCGGTTC,837,51.25,Homo sapiens
SEQ_856191,ATTGTTTGGCAAAGACTACGCCGAGCAACGCAGGCTGTGTCACGTACTCGTCAGCGACACTAATAGTCGCAGTGATTTCTGTAGGTCACTGTGTAATCTGTGTGAGTTGAGTCACATTATTTCTCGCTCATTCGTTAGCCGTCTATAGACGAGTAAAGTACCTTCTCCTTGTTTCTGAAGCTACCTACAAGATGCCCCATTAATTAGCGATCGCTTTGACTGAGCCCGCATTAGGGTCAAAAAGATACAAGCGTGAGTATCTACTGTTTATTAAAACTCCACCTGCTTTTTAGCAAA,297,43.77,Homo sapiens
SEQ_132381,CCAGCTGACCAGCTCACACTCCGTTCCCTCACTACTCCTTGGGTAAAGCAAGTAAACAACAAGAAACCTCTAGGTGTTACCAATCGACTTTCCAGAGTAATACCAATCAGTTGCTGATTGCGATTCACGACCAGTCTTTGGACCGTCTATACCGGGAAGGAAATGTGAGTCGTAATCTCCCCGCTTCTAACGGTAGGCCATTGAACTAGCAATCGAATGGAAGACCCGATCTTAACCGGCCACTGCTAAGCGTCATAAGGTTCCGAACAACTTACCCTGCATAATAATGAACTACTTTCCACAGGTCATTTACTGGAAGGTAAATAGGCGCAGGCCAGACCCAGGCCCTCTCCACCTAGAATGCCGGTTTGACCAAGGTAGCCGCACGGTGGTCAAGCCATCTTTAGGCAGCGCGGGTGGACGGCAACGGTCCTTGGAGATACTGCATCTAGTTGCATATGCACGATCTCAGTCTTAGTTGAAAATAAACTGCCAGTGACCGATTGGAAACACTCGACACGCTGTGTCATAAGCTTAAAACGCTCAATACGTCCAATAAAGAGTCGATCTAGTGTATGGACTCCGGTCCAAACGAATAGCGCACAGACTAGAGATGTCGTTCGGTGCCTGACTAAAACCTGTGTGATCTTACTCGGACAAGCAGGTGATATGTCGTTAGGACCTCAATCCTCACCATTAGCACGCACTTATACTAATCATCCTCGACTTCACCAATTATAAGGCCAATATCGGGCCCTCCCGACTCCAAACTTTACACAGAAGTGCTAGTCGGCACCCGGATGGAAGATGACTCCAGTGCGACAAACACGCGACCAACCCTGCGGATTAGTCAGAACTTCTCTCGGGTCCTCCGTTACTCGGAAGCAGAGTCGTTGTAAACATTTTATAAAAGGAGTAATCAAAGCTATATTTTACACCTTCCTAGGGGTAGCCGGAACCGCTGGATATCAAGGAATCTCTTGGCGAACTGCGTCGCATGCTGACTTGGGTAGTGGGTGCGGGACCTGACCCGGTCCTGTTCCACTTCAAATCCCTGCTTAGGCAAACT,1069,49.11,Drosophila melanogaster
SEQ_134451,TTTATCACCATTATAGTCGTCCTCGTGCCCGCATAATAAGTAAAGTTAACTCTCGAGCCAGGGTGAATGGATATCCAGTCCAAGTACGGCGTTTACGTGACCGACCGCAGGTCACCCCAACCGTTTCCCACCCCGAGGGAAGGTCTATTAAAAGCAATCCTTTCTCTATCCGTGACACTTACTTTCCACCGCGTTTAGACCCGGACTCAGACCATGTCAGCGCCCGGGACTTGAAACTCATTCACCGTGTCGGCCGAGTCAGCTGATACCACATACATACAGGTATTCCGCCGAATTGTTATATTAGCGATCGATCGAAACTCCCCTTCCGCATCTCCCTCCTTAATTAAAGCTTGCATTTCCACAACTTTCCATCAGCAGGCAGCCGTCCAGCATACGAACCTTGCGTAATTCGGCTCTATCGGATGCCGAACAGGCACTGAACGGGGCGACTTAGATGTTGGAATCTAGCTGTCTACGGCTTTTGGGGTTAGTTCCATAATTGGGTGCCCTGAGACTTACTAATCTGCCGTGGGGCTTCGGCAGATTTATTGACCCTCCCCGGTGGATTGCTGCTTATGTGGGTCCTGTCCCAGTAGGTCCGACTGAAGTTCAGCACAATTCGGTAAGCAACATAGTCCGAGCAGACCAATTAACGAGAACAGAGGGTCAGTTTCCAGAGCTCGGGTAGCCCATCATACAGCTCATCTCGTCTCCCGCAGGGGAACATATCCAGCACAGATCAGATCAGTGAGTACTGTTACGACAATTCCGGCATTGAACTATTGGGGCGTTACTCGCACTGGGTTTTTTAGGGGTCCACGTCG,827,50.91,Drosophila melanogaster
SEQ_343914,CTCAGGCCAGCCCCCTATCTATGATAAGGGAGGGTTAGCTGAAAACTCTCCTACGCTCAGGCATATTAAGAATGCGATGCCATTTCTGCTTCCACCGAGAGTCGCGAGTAGGGCAAAGACGTGAGCTCAACGTACCTCCCAAGAAATAACTCCGTAGCCAGCCATGCCTCTATGTTGCAAGCCATCTTTTTACTTTAAGCATACGGATGCGTAGACTGCGTCAGACACTAGCCTGTGGCCGGTACACTGGCAGCGATGGCCACCGCGTTCCCCTAGCTAGATGCCGTCAGGGACGAGCATTGCGTCATACACGCGGCTCGGATAACCACAATCGCTGGAGAGTACGAATACACCCCCGGTCTGGCAGTTAGCTAAACCCAAGG,383,53.79,Escherichia coli
SEQ_927098,ACATTTGTCGGTCGATTATGGAGCCCGAGACTTATCAACTTATTCGGAGCCTGCACAGTTTGCTGTGACTCTACATGCGAGCCCCCCGGTTTTCGGAGAGTCTCAGAGGTCTTTAGCGAATCGAACCCATAGGTCTACTAGGTCAACCAGCGGCCTCCTGGCGCCTGGCGGTAGGAATAACGGCCCGACAGATCCTATGGGGTAGCAGACGCAGAGGTGTCCACGGCGACAACAGTACACCTTGTTCCGAACGGCTTCGAATGCAGAACACGCGCCAACGGCCTAGGTCGAGTTACCTCTTGCTTCGCACAATGCGCGTGGATGACCACACTAGTCTAGGCGGGGCAATGACAGGCTCTCGATAGGTAGCGTTCGCGATACCGACGAGCGAGTCCTCGAGCGGTAAACGCTACATGGCTTGAGTGCTCAGACAAAGGCGGGGCTAGGGACCGGGACATCTGATGGCAGTAGTGATAGCGTAATTAATGGGGTTCGTCCAAAAATACACCTGTGCAATACAATCTTACAGAAGTACAATCAGACGACGCAACGAACCCCGGTGCGGCACAGGCCGGAGCAGCTTATAATGACTACTAAGGCTTCATGGTACCCATATGTCAAAAACCAAATAGGACCGAGAGAGAGGTATATTGCAGAATTACGGGAAGGCACTGTAGCGGCTATACAGCATCTCCTGACGGCGTGGTTCAGTCCCCAGTTTCCCTTTTGCGGTCGGACGTCATACACTCTGATAGCATAGTCTGCGG,767,53.59,Arabidopsis thaliana
SEQ_309731,CCCACCCTTCTTGTCAAATGCGACCCGCAATGCGTGGGGTAGGGGTCTAAATGGCGCAACGTAACCGTCAGTGCTATTAACAGGCTAATGCTGCGTTTAGCAACGGAAGGGTCTGAAACAACCAAGTACCCTGCATCGTGTTTTTAACGTTAACGAGTCCAGGCATCCTTCACTCGCCGTCACTATTCAACGCGTCTTCACTGGTCTATCCCGCCAGTCCATATTTCTCGTTTCTTTATCGCTCCCCCCTCGTTGTACTCCCTTAAAACTCTGAATCGGGTGAGGCTCAACAAGGGTTGCTAACAGGGCTCGCAATCGTAGCGTCCCCCATGCCGGACGATGGATTTCATCTCCGCTAAGGAGCACTACACTATGTCTAGATTTTTAAGCAGCCGGCAAGATGCCCCCTTGTGAAGTGTTATTGTAAGTCGTCGAATCCCAAACTCGAACGAGCGGAGGTCTCGACCAGATTTGGGGCGTTCTTTCTTGGATCGCGTCTACCGTGGCCCTTAATCGGATTCTACAATCGTTCTATTATGCGCTGAGAGTAGCCTTGCACCCCCTAGAGATGGCAGGAAAGCGATGTCAGCTTGCTAGTTGACGGAGCCCTCGTTAATGCAGCCACCCCACTAATGATCACCACGTGTGACTTCGCGTTCTTGACATAGGAACGGTCTGCTCTAGGGCATATTGGGGGAATTTATCAATGGGACAGGATGTACATTGTTCGCCTAAAATTTGCGGCAATAATGATAGATGGGCTCCCAAGCGTTCCTCAAGTCAGGCGTTGGGGAATTGGTCACCGTTATCAAGTGTGTCACTACCACGGAGCGCGATAAGCTGGTGGGAAGATGGACGCCATCGCGCCCGAGCGGACTGACTAAATATCTGATTGGAAGCGCTGTCTTAGAGATTGTTCCCATCTGTTGCCGCCATGGAAATTGACGGCTAAGTGTTGAAGTGTGTGTAGACATCTTCTCACCCCATCAGACACGGGTAGCAACCATTGCAACGTCTTGTTCAGAGGTGCGAATAGCGTCCACGGTAGGCAGAGAGTTTTATTCTCCGGCTTCCTTAGGCGACTGTTGACTGCCTGGTACAGATACGATAGCAGACATGGTCGAGTGATTCAGCAACGTGCGGACACTCCCACTTAGCATAAGGTTGGGACCACGCACATCCAGCGTATTGATGATTTTGCCTCTGCTAGGTCGCAACGGGTAATATCACAATAATTCTAAAGTACGGGGCGATGGGTTAGCGGTGAGCCATCTGTGATTCGGGTATCGATCGGCCGAATGGACATTTAATTCGCAAGCTCCTTCACGGTCTCTAATGTGGCTAATATAATTACTGGTTATGAATACAGAATACCCAGCACTCTTTAGGAATAACAAGAATCAGGATCAGCCTTCACCTCACCATTCACTAGGTGGAGCCTCCAAGCGAATAAATTCTTTATCTATCAAACGCTCGCTCTCAAGCTAACACCATGATAGGGTCACCCCTAATGACGGCCTGTACCTAAAGACAAGTTCAGAATTTTATGTCCATAAGTTCAATCACAGTCCTTATCTCGGAAAAGAAGTTGGGTCCATCAGGCGCACTGAAGTATGGTTAATTCTCCCCCCAATGATCTCAACAATACGCCCACGCGCAACCTCTGAAGAATGGCATACTTTTCATTTGGCTTTTTCCTTAAGTAGGGGACCCTATCGACCGCTTTCACTATGTAGAAGCGA,1742,49.02,Caenorhabditis elegans
SEQ_475369,AGGTGGCATCGAAAAACACGAGTGCGAGGCATAAGGGTTAGAGCCACAGCGAGATGTGGAGGCTGCCAGTCACTAGCGGGGAAGTAGCAGGCACGGGTACAGCGGCCTGAGATCATACTGGGCCCAAATCCGAAAAACAGCGACGACCTAGGGGCCTACCGCAGTACATTGCGCGCACCTGAGCATCGGTTCAGCACACGGCAGCCTGCTCTGCCCATATCGGGGGGACATAGCGCATGTGTTCACATATAGCTAGAGGCCAGCGAGTTGGGCTTCCGCGTAACTGGTGACTTGGTAAGTGTCGTTACGAGCGAGAATGGGTGGGATTCTATAGTATTCTACCATTGGGCAAACGTTTCTCACCCAAATATAGTGTGGAATAGTGGTTCCGCATGCTACTGTTACTCGGGATTATCCAACAGCTCTCAATCATTGCTATTGAGAGAACAAAAGCCTCCTGGGCGCGGGTGTCAGACGGAGCGAGTTGAAAATGTCTTTCGGTGATTGCCCATCAACTATCCTATACCTCGAACATCGGACCGCGGCCATGTATACACGCGTGCGACCAACAGTAATCCACCACACTAGTCGGGAAGCATTGCTCCCCCGAGATAAGCACGTTTCGTGAAAGAGCGCAAGATCGAGGCCCCCTGTTCAGTTTTGGCCGACCGCGTTTTGAAAATAAAGCAAAGCAATCAGGCCGTGAGGCTCTAGAGCTTATAGAATGAGCAAGGGGTTCACCACCAGTTTCTTAATTTACCAACCCGTAACTACCTGGCCGGCTAGGTCGTTCACATAAAGCTAAGACGATTGGGTTCAAAATTTTACGCTAGCAGACCCGGCGAACAGGGTGCAATTTATCGGTTTGATCACGAACCGCCAG,883,52.1,Caenorhabditis elegans
SEQ_492434,TGTAAGGCGCGGACGTAGGCTAAATAGCACCAAAACAGGGGCACCCGCGACGCTGAGGTCCTTCACCATGTTGCAAGTTGTGAATATGGAGGTAGCATTACCTTA,105,51.43,Mus musculus
SEQ_407944,TACCTCAACAGCCAGGGATACATAGTTGTTAAACAAACCTCCTAGTTATTGAGTGGAATGTGTTAACAGCTAGCCCTCTCGACCCTAGGGTGTAGCAAAGAGTGCCTCTCCGTCGCTTACACATTGAACTTAGTAGAGTGAATACATTCCAAGACACTACAATAAAACATGATGACGTGCTACTGGGGAAACTAGAGAAAGCATTGCTCTTCACAAAGCTGTCCCCCAGCGACTAGTGTTACCCATGAGCACCCTATTTACTTTACGTCACTGAAATGGTTTTCACGTTGTAGATGGAGCGATGGCACTTCACCGGCACACCTCGCGCTACAAAGGCGACGTGATCGGGGGTCCCCGTTACAATTGACTATGTTCCCTGCCCACAGGCGTTTCGTGCTAACCAATGAAGAGATGCATTCAGCTCACGGATACTCTGCGCACACATGACCAACCCATTTCTAGTTAGACAGAAAAGAGTATACCACTTGTTTGTCAATAGCCGAGACCATTAATTTTTCCCTTAACAGCCAGAGGGTGTAGGCCAAACCGAGTGCAGGGTCAGCGCTGAGCGAATCGTGTCAGACAGCGAGTGGTGTGAAAAGGCTGCTACACCCCAGCTCGGTGTGCGCAGATTAGCAAATACCTGGGGTAGGAGCTTAGGATCTTAGACAAGGGTGGGGACAGTGTCCCTACACTTC,698,48.85,Arabidopsis thaliana
SEQ_474631,AGGGCTAGCCTACTTAAATGTAATACGATTGCGCAAGTGTGTCCTTGTGAAGGATATCATTCTGAAGTTCATATGTAAAGCGCCGATTCGCAGCTAGACATCGGTTAAGACCCTGCTGGCATATCACCCAGTGTCGCTGAGGAGCCACTCCCACTCGCGTGAGGTCGCCGTCACGATCGTGAATAAGGATCATAGCAGGCGACGAGGCGGGGGCATCTATGCTCACGGCATCGCGGAATCTGGAGCCGCATCGCCTACTGCTGCCGAAGTGCTCTCCACTCGCTAAGAAATATCTTTTCGACACCAAATACACTAATTTTACCTAAGAGACTTAAGATTATGACGCTCCCCCGAACGCGGAAACCAGATCGCAGCCCACCGGGGGAAGCATTAGAAAGCACTATAAGTTAGTTGCAAGATTCCAATTCCATTTCATCACTTTCGATAGGCAGATTGACCTAACACGGGGCTGATAGTCCTTCCTAATGGACACATGATCGCGACATTAACAGTGCATCGAATTAGTTAACAAGAAGATCGCACCGCTCCTCCGCACGGCATGGGCGTTCTTTCCATCTGCCATCGAAGCGAACCGTCATGTATCTCCTTGGGTATCCGCTCTCCTGAAATAATAGTAGACTATTCCGCCTTACCTAACGTGAGGGGAGACGTGTCCCGTTCGGACCGACCTCCAGGGCCGAGCAGATATCTGGACAGAGTCCGGCCGGGGCTCCAACTTTCTCTTACTTGGAGGCAGCTGTTCTCAACGTCCCTTGGCTTCTCCACGAGGGTTCCGTTTCCCTTCCTGTGACCCGTGTAGACATATTGGAATATGCCGACCCTATCTCTTCGTAGGACTGTCAATCGTATTCTATCAGCATATGCATCCTGGGACTAGCTCTTGACTTGCAAGTGGCGGTTTGTAACACCATACTGTCGCTTAACACAAAGGGCATTCTGCTCTCGATACTGTCGGTGTCAAATTAGTCGGCGTCAGGGTACGGTGAAACGTACTTCTTCTCCTTAACCCATGCCTCCCCAATATTCTACGAGTATTTTGCCGTACGGTTGAAGTCTCTACAGTCGTAATCCGACGCAGAAATATGCGCCTTCTTTAGGTCACAAACTGTTCCGTGCATCCGTGTTTGGCTGCAATACAACCGCGCCAGGTAAACGAATTCATCAACAGCACTTTATCGACGCCAGTGTACTAAATAAGTTGAGTGAGAGCGTGTTCAACAATTTGTGCATTTAAAGGTGCACTGATGAATTGGTGTCTAGAAGCTCAGTGTCCCTGTTCGTATGACGAGCGCGATATTGACCGCCGTCCTTGAGCGGCAACATGCCCGGGAACCAGCACATTGAGAGAGCTTAATCGCGGCTTCCATAGGCCAAATCCAATCGTATTCCTCTCTGCGCCTAGCGGGAAGGCATGCACTTTATACGGTCCAGACAAGAGATCGCTCTATGCAATGAGAGGAAGTGTACGGTTTAGCGCAGTTATAAATACTCCCAGACGTACTGGAACTTTTGGGGTGCACCGCTTCGCGCCAGAATTTTGGTACTCTGCTGACGAGAGAATTTAATCTGTACGAACCTG,1600,49.81,Homo sapiens
SEQ_852601,ATGGACTTCGTTGCACGCAACTTACAACCCGGGCCGGCTTCGGAACTTGTGCGAATTAACATGTTTGGTACAATTACCCACAACGTTCATTTAGTCGGTACGAACTCAGACCTCCGCAGTATGCTACTGGTTGGGGCAGCCCTCTCACCGCTTGCCACAAACACAATATAAAGAAGCGCAACCAATGTACGCATGGGCCACACCGAAGCCTAACGGTTAGACCAGTTGCGGCTATCGGCGCAGTACATGCGGGTTGCTTAAAGACACCTGTGTCCCTCTGTCGCAGCTCGCACAGATATTGCAACTTGCGTTGTGTCGCACCCCGAGCTCGAAGCTCGCCAGAACTCTCAGTCTTGCAGAGTGGTTGATTCTATCCGTTTGAAGCGCACTGTGCTACTTGGGCAAGGGCGCCCGGCGGGTGTCGGCACATATAGGATCACGCGAAGATGTAGAGACCACACAACAGACTAACCCGCCAAGACTAAGGGGAAAGCGACCCTCTGGAATCGGTCAATTCAACGGGTACAACTTGTACTTCCGATAAGGCCTACATCTCGCCTAAGAAAAGACCACGTATGGCGGCGCTAGGATAGTGGTAGGCAGGCACACACACCTAATTTGACTGACTATGAGTAACTATGGTGGGGACAAGAGGGTCTAGAGGGTCATAGTCACCAAGAGTATAAACCCCGCCAGAGAGCGGATTGCCCTAACGGTCTCAATAGAAGATGCGTTCTAAGATTCCATAAGTATCCTGTTCTCTATGAATTCGCAAAATGTCCTAATTTATTGAGTGGACCTAATTAGGACCGTCGACGAGGGTAGATGTCGTTCGAGTGCGCTGATGCATACCCTGTCCATTTGCCGCATAACAGGTTTTCGTTTAGTCAGAAGTGCGGTTAGTGAATAATGTTTCACACCCGTGAGCAGGACGTAACCCGCCACAACCGATACGGTGAAGAGCTCACGCGGTTCGCGTCGCCCATACCCACTTCGCGGAATACATTTAACACCGTACACAGCTGTCCACTATAGTATTGACACGGCCCCTATCTAGAATTAATAGGATAGCCTCAAGTACCCTCGTGTTCACTCGTTGTCACTACTTATTCAGCTAC,1118,50.54,Homo sapiens
SEQ_418160,CGCTCTGTTCACATCGACCCACAAGTGAGACTTCCGCGCAAGATTCAAAGTCCCAATGTCGCGACTATAAGGATAAGATACCAAAATTTTGTATCCAGGTACTCCTCGGCTACATGGGAACTCGTACTAGAGTCAATATTGAACGGGCCGGCGCCCACTGCGTCGTCCGGAGTGCGCGTACATCTCATAGCACGTAACTCATGAAGATCGTAACGTTAACTCTACCAATACTCCAATCCTAAATGCATCAGGAAAACTACGTTAGACATTGTACGTAATCGCTTACGGGTTAGGCAGACCAACTCCTGCTAGATCGGCTCATATAACTGTCCGGGGTTCCCGACGGGAACGTCCCGCACAGAATCATTCGTCTCCGGCTTTACCCTTGAAATGCAATAACCCGTCGTCGGGAAGCGCATAAATGAGACGTCCGAGGACCGGACCCCGATATTTGGCAATGGCACTCGCGTAAAAGCAGTAATAAGGATCAAAAATTCAGCTGGTTTGTGATCAATGGGAGTTGTGCTAGTAAAGTCGAGTAGATGGTCCAACCAGGACGCCCGTCTACACCCGCAAGCAGTCAACAACTCCGAAGGCCTTTCTACTGAGGTAGGAATACTCCGCCTAAGGTCATTCTCCCGTATCAGAGATTGTCAACGATTCGC,665,49.47,Mus musculus
SEQ_787654,CAGTTCAAGGGTCCATTTGATTACCAGTACGATATGAAACGAGAATCAGAGCCAAATCGTGGTACAATCCTACCCCGAGAGTTCTACGGTCTCTAGTGGGAAACGTGCGATTCATTGCTAATACCCAGCCGCACGCGTTTAGACCCTGACCCAGGTCCACGAGTAACCTCAGGAGGAATCTTTGGGCCGCGCCGGACGCCCCCTTCTAGTTGTAGTTCGCTGAACCAATCTCGTGCCCGTTCACAGACCCTGCGGAATTAATCAGAATTCAATCTCATTGCACATATCGGTATTTTGGGCGATAGTGATGTAATGGGGTAGGTTAATGTTGCTCACATCGGCTACGACGGACTCTCCACCTCCGACTACGATCTTTGGTCAATGGTCCGCCGATATGTGCGCCTAATCTGGCCACCTGCACTCTTTGGAGGGCTCCCCGGGGGTGCAGCGCCGGGACAGGAGACCGTGACCAGCCTATCGTCTTCCCAACTGGCGTATGATGTCCAATTGCCGGTATTCAGAACGAGAAGAAACTCAGGTGGTTCTGGAATCATCCGCTTTATTAAGTACGCTTCATAGGTACTGTGGGGTAATACG,597,51.93,Mus musculus
SEQ_779190,TAGGCTACACGGACTATGCATCACCGTAGGCTTTACTCCAGTTCAGAAGGCGGGCTGGCTGGGCAATCCGGAGAGCTTGTTTATATACATTACCATACATAAGTGTCCGTTAAGACAAACAATATCATGCGCATGATTCGGTGTGTGTTCATCTTGGAGGATCTTCGTCTCAGCTA,176,46.59,Saccharomyces cerevisiae
SEQ_872263,CAAAGCCCGGAGCCTGCACAGTATCGCCAGGAGTAACTGCTTGAGAGGGAATCGATGCACAAGCTAAACTCAGCGTCTGGGTCCCTGCACCAGATGGGCGGCCAACAGTCCTTAACACAATCTAAACTAAAGCCCAATGTTTCACGATGGCTATGATAGGTGTCGTTTTAGACTAACCCCTCTACCTCACACAACTTGATAAGATGTATAACGCTCTTTGCAGACTGAAGTTTTGCTTACGCAGCTAGCCTGTAACTCCTTGTAGGCTAGGAGCCCGAGAATTTAAGGGACAGGAATTCAGTATCATAGTCTGACC,316,48.1,Arabidopsis thaliana
SEQ_409748,AGCGGGGCATCGACAGATGGAAAGCCCTAAACAGACGCTCCGAGGCGATTAACACTGACTTCGAGAACGCTTTTGTGGCTCCAGAGCGGGATCTCAAAAGACCGGATGATGGTACTCTTAATACACGTGAAGCCCATGAGGTGGGGAACTCAACCGTCAGCGGTCAACGATGTCCGGTGTAAAATCTAGGAAGGGATCGCTCTGTGGCACACGCTGGAACACTGCATCTCAGCAGGAGCGGTACGACAAGCACACGAATATGCTGCGTGTGGGTTTGGATGTGTCCAGGACATCCCTGAGGGGATGGAGTTGTGAACCTCCT,322,54.04,Drosophila melanogaster
SEQ_856246,GCTGCTCGTGCCCAACCAATGGCCTTGAAAAACATTCCGTCTTACCTGATCCTGTTACAGGCTCTTATCTCCTCGGCGTGGTGCACGAATACGAGCGTGACGCGTTGCATGTTGGCCTAACGCTTTTTATGTCTTTAGATTGCACGTTAACTATTCATTCGTCACCTTCACGTTCTAATCGTAGAGCTGATTTGAATTAGCAATCATTCCAAGTAAATATTGCAATTGTCCATCTATCCAGCCGACATTTAAAGAGGTAACCGCAAGAGCGTCGCCAGTGCTGAGGATCTGATAAGTCAGTATACTGAATTAATACCCAATGGAAAGTCTTGAAGCATGTCATCCAGTGGGTAATCGCGATCATTTCCCATGCATCCCGCATGACAAGGATGGGTTACGCCATGTCCGCCATCTCTAGCACTAGACCATAATGGCCTCGTCCATGGGTTAACACCCATTGTTATTCGTTGCTTTTGACTATTGCGTTCAGTATTTGTACAGCAGTCTGCGTCTACTGGCCACCGCCTTTGTCAGCTGGTCTCAATTAAACGGAGCTGTCCTAGCGTCTCCATCCCCGGCCACACTTACAACTAATGAGTCGGCGGGGAAGCACTTATCAGTTACGAGAAAGTGGCTGTGCGATTATTAGCGAAGCGACAAGCATGATCTAATGCTCGCTTGGCGTTACGGTCCTAGCCAAGCTTGCAATCGCTTTACGGAGCCGAGAGGTAGAGACGCTTTAAAAACGCTACGGAAGGCCGGGGTACGAATTCGATACCCTGACGATAAAGCTCCTAGCCCTCAAAATAAGTTGCGAAGGCTTATCCAGCGTCCCAGGCCACGTTAATTCTCTTTCCTCAGTGTTAGAGGGACAGAGAAGTCAGCAGACAGGATCGACCCGTTTGCGAAATGCTATTGTGGAGGAGTCAGAGCCCGCAACTAGAGGAAAGATAGACCGTAGTTAAATTCAGCGACGACAACACGGGACACCTCGTAAGAACTTACCGTAGCATCGCAGAGTTCGCCAACCCAACATTTCGTCTATAGCTAGCGCTCGTTCCACTTTACTGTAGCTATATAGCTGGCTGCGCGTCTTCAGCTTCGCGGGCTTGCTGAAAGTTGCCCTTACCGCTACGCTTGTTTACTGTAGGCCTATCGTCGGCTGGCCCTGCGTATAACGGAACTCCAAGCGAGTCGAATATTGTGCAATTTAGCTGCACCTCCTAGCCCACTGTTCGTCTCACTAGGGGCGTCGGATAGAGGCAAGTAGGATTGCATAGCGCGCCAACTCTATAACTATTCTGCAGGAAGGGGATTAGCTCTTCCTATTGAACGCCTGCTTAGTTTAATTTTTGAGATTCAAGGCCCAGAGCTTCCATTATCAGCACCTTGCCTGGATCCCCCGCATGGGCCCCAGAAATGGCCCCGGATAGCCAATGTTCATAACCGCGTGTGCGCTATTGTGATGCTAGAAACTCTAAATTCAAATTCCGGTAATGAGTAACGCGAAGTATTGCAGACTCAAGACCGAACAGGATTCGAATGCCTGAAATCGTATCGGAGAAGTGAGTATTAATTGTCATTTGTGGAACTGACTAACCGTACTCATGGTCTTATTAAAAACTCGAATTTCGCCGTTATCAGGGGCTTTAGTCTTTTGAGTTCGACGTATCAACAGTAGGTGCATACTGAAACTGCAGGTCACAAAGCTTCCACTAGGGGATAGAATCGTCGTGCTAGTGTGGTTTCCTGGCCTCCCTTCCCCCTGCCCCTGTATAGCGGGCTCAGATC,1791,48.63,Escherichia coli
SEQ_625827,TCTGGCTGAGCATCACCCGGAGGGCGCCGGCTCCCTCACAGCCAGGTCGGAACCAAAATGTCTAGATTCAGTTATTCGAAGTTGTCTGCGGTTCGTGGTTCTTTATCGTGTGGCCTTGTGCTTTCGGCATCGCTTAGCGCCAAATCGTTTAGCTAGACGCTTTGAATGCCAACGACGCCGTGCCCCTTCGAGGAGTAGTCTGAGATTTGATTATACACTGGTAGACGTTATGCTATATCCTGGGTGAGTGGTACTGTATTTCGCGCTGCCGTAATGGGGGTGCCCGACGCATGATTCCCCCGTGACCAGCCGGTGGGCTCACGCAAATCCACCCCCTAACCAACGCTTATGCACACACGGCCGAGACCTCTCTGCTACTTTTGCGTT,387,54.52,Escherichia coli
SEQ_216238,CCCAAACGTACAGAGGGTTCAAATGTTACACTCGTACGGTCCCTGGAACACAATTAATACCGCGATTGGGTAAGCGTTCCGTAAGTCATTAGCGATCCGTGTGCAAGGAACCAATATCTTTACCGTCACTAACCTATACTATGAAGGGACCTATGCTGCGTAACACCCACAGAGGAGCCGACGATGACGACCAAGATCACGTACTTATAAAACACTAGGTACTCGCCCCGGACACCCATGACGTAGACTATCTTAGAGGTCTAGTGTATATGTCAGATTATTGAGTTGATGCCCCACCCTCTCTAATATTAGGTCACTCTGCACGCACATTGCCGTCTGCCCTTACACGGGGGCCCTATGTGTGAGGGTTGACATTCTGCGGCGCACTGCAGACCGGAGGCTTAGCCCATCTGGATTTGCAACCGGATTCTATAACGAGTCATCGTATGTGTAAAAACCTTACCGCTGCAAATAGGGGTGAGTCACAGCTGGGAAATCTGCGGCTTTTTTTGTAAGACCGGGGGAGCGTCTTCGAAGATCAGGGCTGTAAATGGGCGACAAGATCACAATGCACAGATTCCTTAAAACAAAGTCACTCCCCAACTTACGCGCAGTGACTCGAGGGTCGATACGGTCCCACAGTTGGCTAGGAGATGTACCTGACCTTGATACTGATGACCAACGCATAGCACGGTGGGCCCTGGGACTGTACGTCCAGGGTGCCTCCACTGATTACTAGCGCAGGAATAAATATACGAATGCTGTACACGGGAGATAGTACGATGTCCGGCCGGGCTGTGGGGAGACCTTTTATACAGAGTTGGATAGTGTCACACGTAGTCGTCGGCACCGAGTAGTTGCGTCATGACCGAAGATGACCGGCTCTAAATTTAGCCCCATCAATTGCGTAACATGGCCATTACATACCTCTCAATCGCGTTGGCA,945,50.26,Homo sapiens
SEQ_786214,GACATAAATTAGGGTGATATGGTGTTCATCACAACCAAAGCGATAGATATCCTTTGTAGGCCGACGAAATTGGAGCCGGCTGCCCGCCCGGAGACGAATAATATCATCATGAAGTTGGAGCTTCGGAACTTGAATAAGTTGCGGCCCGTGTTTATACAGTCAGGGGAGGTCGACGGGGATTGAGGACCCAGAGCCCTACTCCGCGAGCTCTCTAGTCGCAGATATTACTTGTGAGGGTCTCGTTTCGTGGTCAATTCATACTTAGTAGGCAGTGTTACATGCGATTGCGAAGAGATCGTAAATCCACCTGACCCTGTTCTGTTTGATGTCATTTTTTGAACAGTGAACCACACTCGTCACTCAGGGCTACCCCGACAAGATTATACTTGCAGCATGAAACTAGGCGAACGTCTGCGCACGCGGACACGAGCATGATTAAGTTGCCCCTTAATATCAGTTTCCATGTTGACCTATGCAGTCCCCCTTATCGTAGTGGGACTGGAGAGCTCGTTTCTATGGGCGTTCCGCAGTCCGATATTACACCAGAGTGAATGTGGATGAGTTGATGTGAGTCGTACAAAAGTGCTATATCACTATAGTGAGGTGTGGCAACCGCATGATCTTTGACATAGGCTAGGCGTCAGCCGGGAAGCACAGATGCCTCGGACGACCTTATGAGGTCAACCTATGAAGTTCCGCAAAGCCACTAACTTTATCGCCACGCTGCGTGAGTCGGATCGACAATCGCCGCTTCAAGTAGGTCTGCAAAGCAGGTGGTATTACGGGTATGAGCTAGCATCAACTAGGCGCGTAATCTTCAAGACTAGACTGATATCGCTCCGGCATGCCTACTGGGGGCCGGAAGCACATACGGTTATAAGCCACCGGCGCTTGTGCTGTGCCAAGGGCACCTAGATAACGCTAGCTGTGGGATTGCCGTTACACCCGTCCGATAAATCACACTCATGTGGGT,973,50.26,Drosophila melanogaster
SEQ_108135,GACGGTAATTGCTCAAGTTAATGGAAGCACCTTGCCCTAGTGGAGCACCCTTATTATATTGTGCTAAAGTTTGGGCCCAAGCCTACATTGTTTTCTAGCGAGTCAATGCACTGAAACACCAGCGAGGAACCCCCCCGCCATTTAAGTAAGCGATACGGGGCATACCGAGAAAAGGATCTCCTCTTGAGTGACCATCGCGATACTAGGAGTGAAATACCCCGAGATCGGCCAAAAACTATCCAAAAGTAGCAATGGTTCGCCGCAAGCCTAGCCGGGCAGAACATCCTCAGATTAAATAACCCTGCAGTTGTCTAATGCAGTGAGGTCACTACATCATACAAGGGACGGTAGGTTCCCTGTATTGCCGCTGACGACCGGCGTTCAATAGCTTCTCTAACGAAACAGGTTGCAGGTGGGTTCGGGTATTGAATCTGTAGGATATTGGAACTCA,451,48.56,Mus musculus
SEQ_683453,CATCATTCGCGCAGTAACCAGTTACCCGCCGGCAAGCACGTATACGCACAGCAATCAGTACCGCGCTCCATTTATAACACGGACGTCTTTGCCCGTCGGGTTCGGGCCCGCGACCCGGTCGTTTTTAAAATGATGCTGGATCAGTAGCGTCTTGCACTACAGCGTACGACCACAGAATTAACCTCGTAAGTCGGACCAGGCGGGTACTTGAGTGCCTAGGTTGTACCACACACTTGCAAGGACTAATTGTTGAAGATAAGATGAGCAAAGAAGCGTTTCCGAGTGGGGTTCCATTCTACGTCCCAATGTGACGACAACATCCTGTTATTTAACCCCCCCTGAAAGGCTACTAAAGTTGCTAATGTGTTCAATCGCAGGCACAACTAGGCTAGAAAACTAGGTTGGTATGAAACTCTGCTGAACGCCGCCGGGAGGTCCAGTCCGCTCAGCCTCAACCGGCGCAGCCACCCCGAATACCCGGATATCGGGGCTAGATGTGATGCGTTACTGCCCGGATATTATCGCCGATCATCGTTTACCTTGGCAGATACGCATACTGTCACTCCCTCAACCAAGGCTCGTCAGTAATCTGGCAATCGATAACTGCGTACACGCGATGTCGGAGTCCTAGAGGGAAGCGGCGACTATCTCCGCGGCCGTGCTCGCTCAAAACGGCATGCCTACGACACGTGCGAGCGCCGCGCTGTGCTTCCCCTTCCAACAGCCAATGCATAGGGACTTCTAATTGTCCACCGGGAGCGAGAAGATGGTGGTGGTATTATAGTTAAGTATCTCAGCTGTACCCGCAGGTACCCTTTTAGTATGATTGCGATGGCCCGACCACAATGTATGTACTGCAAATGACTATATCGATTATACCGGATTCACAGCCTTAGTCTCGATAGGAGTACCTCTGTCTTGCTTCAACGGCATCGCAGTCCGCACTCTTTAGTCCTCCAATTACCTAAATATGCCCCTGGAGCGTGAGTCTCGTTGCAATAGTCCACACGAGAATGAAGGCGTCTCACTAAATAGCAGCATCTGAGTTGGTTCAGCAATTTGACTCGAATCATATTTATAGGCATTATCTTTGGTGTCGGTAGTGGACAGCCCCGCTCGCATAAACCGGCCGCTTCGGCGCATAAACCAATCGATCTCGCTTTGGCTCAATC,1172,51.45,Drosophila melanogaster
SEQ_107634,ACACCGTTTGGTGCTGTGGTGTGGGCAGAAGCGAAAACTGGAACAGCATAGCTCTCCCTTAATCTAGCCTAAAGGTAAAGTGGTGAGATTGCCTATTTTTCCTTACCCCAACCTACCGTTGAGTGTGATTCGATGGATCGACCGAAGCAAATCTAGTTATGTCGCGGCTGGATCCGGTATTGTGTACAACGCCCATATTACAGGCTAAATAACTAACATCTTTCAACCGCGTGTGACAGGATTTACCATGTGCAATTCGCGGTGCCTATAGAGTTGGTAACAAATCGAGCTTTCCTGTACCTAGCGAGGATATCTTAGATACGGAGAAAGAGAGTTACGACGGTAATGAGTTTTAGATTAACGCGACGTGGCTTGGGGCTCGGCGGGCAACTACAGTTTGTACGGTCTTGTCTTTCCACGAGTCTCGGAGTTGGAGCTTCCTTCCCTCGCCCCCTGAGAATCGCGCCCAGTCGTGCGACAACAAAAGATTTAACTTGAATCTCCCAGGCAAACACGGTTTTACGCACTTAACGCCGGTGACGACCCATAAACTTTACCGGCGCGAATTACGGCGCATCTTGCCTATCGAATCTCAGTGAAATGCTTCTCTTCGGTGAGACTCGAGCAATCGTCTAACTCGCGAGGTGTGGACACATCGCATTGTGTATTGGGAGCACCCGGGTAGTTATCGTACTCCTGTGCAATTCATGTCCGATCCGCTCGATTAACTCGGTCGGAGAGGTAAGCCTAGCGCTGAATTCTTGCAGCTGAGCAAACTAGGAATGAGTTATTGAAAACTCCATGTCTCGGTACCTTGGTGAAGTCTAGTTCCATTGTAGCATAGTTTTACAAGTCAAGTCGCTTTAGCGAGAGTTGGTGTGCAAACGTCTAC,892,48.43,Escherichia coli
SEQ_196110,CACAACAAATACCACAAGATCATGTACCTGGGTTACTTACGCGTTCCCACGTATATCTAAACTTCCTGGCTGGTGGCAGCTAAATACAGAATGGTTCCTGTCTCTCTGTTACCCAATTCGTCTCCAAGCAGTGATTAGGAGTTTAGAATGACGACACTTATAGGAGCACGGATCAGCAGGATAGTTAATCCAGACAGACGACGATTGTATTGTAGGATTTAACGGGTTCCAGGTTAATGCGAATGGGAAAACGTACTGTCGGAGTACCTCTTTTGAGTGGGGTCGGTCTTAAGGTTACATGCTTAGGCGTGAACTATTTTGCGCGCTTAACTCGCGCGTGCGCGCCAAATGACTGCATGCCCAAGATGACAGAACACAATCGTGGTAACGGAGGGTATCCTCACCCTGGCCGGATACAGCCCCCCGATAAATGAATTCCTGCTTACAAATCGTATCTTGGCTGCCACTTCTTTCTAAGAACAAGAAACTGTCGGCCGCATAACGTCAGTTCCAGGGTGCTCGACTTGGAAGGCTCATTAATGTTACATAGATAAATGCTTTTAGTTACGGCTCCTTGGCTTTAGAGAGTTTGCGACGCTGTACGGAGGCACTACGATTAAGTCGTATAACGCAGCCGATTTTCTTCATTGTGGCAGGTCACCCTTCTCGAAGCCTATAGCTCTCGCAAGGCATATTTCATATCGTTTTAATTATCACCTGCTGGCGCCGTGCCGGGCGCGATCACGCTGGCGCTTACTCATCTGTGTATATAATTGATATACAAGTGCTCGCGACGCAAAACATGATGGCATACCGGAATTAGTACGAGTCCCGACTTCGCAAGCCCAGCAGGAGGTCTTTGTGGCGCAGGAGATATTGGCACGGATCGATTCAGATATGCACTGCTAATTCGCCCGTATACCTAACTTTTATGTCGGAGTGCGGCTGAATCATAGCCAATCGGCGTTCGGAAGCATTTTGATAACAATAAGTTCCCTAAGGTAGTGTGGAGTGCCCCGCCTCTTTTAGTCGTATAGATCATCGGGCTGAGTCGAAAAGCGCCCACAATACATGACAGATGGTACGGACTTCGAGCGGCACAGATCGAACCAGTGGGAATGATATATGTTAGAGTCCGCCGCAGATAATGAAAAATTTCGGCTCAAAGTAAGCCAGTCGGTTCTAAGAATGATGCGTGCATACCTACGTCTCTTCAATCTCGGTTATAAGAGCGTGCGGACTTCAATTTAGACTCCTATGCCAGCGGTGCATCCAGTGTCGATGTTGACGTTCGATGACGGTGAATCTTACCCTTCGACGCCGCTGAAAACGCCTAGTGTGACGGGTGTTAACACCCATCCGTCCCACCAGCACGGTGCGAACGGCCCCGCACCTCGACAACAGTCAGGATGAAAGTCCCCCGCTCGATTCGCAGGAATGCCTGGGTTAAATAATGTGAACGCAAGGCTGTTATCGAAGCCGCGTTCTGGGTGTAGGAGGTGGGCGCGGTTGACAGCCATGCCTTGCCGCACCCCTGAAGTTGTACAGTAGTAACATCAACTAG,1564,49.3,Mus musculus
SEQ_878592,AGCGTCCTAGAAGCAGTCCCTTTTATCAATTTATTCATACTTATAAACTCCACACTGAACAGACTTACGGCGTTCTTGAGACTTTTAGCGCATGATCACATCATAATAAGTAACACCAAAGCCGTTCGCTCACAATAATGTGGTGTAAATTGAGGCAGGGTCCCCTTTACCCATTTTCATGTGATCAGTTTCGTCTTCCGCCGCAGTGTCGCGAGCCGAAAAGGTTTGCACCATTGGTGGCGATGCGACCTCGATAACAATGCACTTTAGCGGAATGACCATCTGAGGCATTACCGTCGCGCTTATCACGAAGAGAGATAGTGGTCGACAGGCAGTTGGTTTCTTGCGCAGCTCAAGTTTTGGCCGGTCTATCGAAGGGGCTGGTTGGAGACGGCCGTCGCACCTGGACGGCTCATGGGATGAGATAATAGGGCGGAGTGATGGTCTACCAGTTCCTGGACTGCCGTAACAACAACGAGTTGTCATGCCACGGGCCAGTGACCTTTGGTCTGCCTATTCTCATAGGGTTCAATATTGACAAAACGGGTGTATTTGCCTTGACCCCGTTATCCGGTGGAGACATCTACCGGCGTGTAATGAGTAGGTGCTACCTGCTGCGGGCACGGATTAATACGCTCCTCCGGGCATCGTGATCTATGGTCCGCTTATCAAATGTCGCCGAAAGGATTCACGTGGATGACCAAGCTGGGGGCAGCATCTTTTGCGGGTGTTGCTTGAAGCGAGCTAATTTAAAGGCGACTGTACCTTCGACACGGGAAAAACTTTTCAATGGAGATGTTCATCATAATTGGACATAAGTATGAGTGAATCGGCGGATTCCACAGACTCCTGCACCCCTCAGAGTTTGTCACGACACACGGTTTGTAATAAACGATCGGTACTCGTGGAGAATGGATAGAGTACTGCCTCACCGAACTCGCAATGACCCTGAGAATCGGACCTTCCGCTTCGTGAATTTGGGGCCCAGCCAAAGCTTTCCTTCTCAGCGTAAGCATGAAACCCGGCGTCGTGCGGGTCACCATTTAGATGTTGCCTAGCCGTTCAAAATTCCGACCGTGTCACCTCGTTTCAAAGTGAACATCGTTTAGCAGGTAGTGCTTACGTCGGCGCATTGCTTTTGATCGCCTGACTCGACTGTATAATCTTACGCCCTCCAGGGAAATAAAACCGCGTTTCTATCCGTGACCAGCCTGGCAAGAGGTACCATTCATTTCTGGACTATTCAACGTCAGTCCGAGTCCCAGGCCCAAGAATGGACCCCTGAATCGAACCTAGCGACTCCCCCAGTGGTTTCAAGGTGTACCGGAAGCGAATGTTTCAGCGTTAGGGTCCCGTACAAAACCTACCCTAAATTGGCATTTGTAGAATTGGTATCCTGCTAGGCGCTACCTTTTTGTCACAGATTATGGGAACTTGGCTTGGTAGCAAGAGTCCGCACAGGGCAAAGTCTCATATCAGCAGACACAGCCAAAGCATGAACAACGCTTCAGTTTCGTCTTATCGGGCCTGTCGCCTTACACGATGTATCTCGTT,1554,49.87,Mus musculus
SEQ_737049,CCCTGCTCGGGGCCCGGATTATCTGGTATTGGGCAGCCATGGCGAACAGTAAGTATTCTCCCATAAAAATGTTTCGCGGAATTCGTTATTTCTTGCCGGAGCCAGCCCTTAATATCGCTAATTATGGACTTATAGAACAGGTTCCTAGTGTGTCCCCAAAAAGACCACCCGGCCCACGCGATGCGCAAATTTATCCCGTGTAATTATAATCGCCGCCTACTAAGAGGCGCGAGAGTATGCTATGGTCCAGAATAAGGTTAGGGGGGGTACAACCTGTGACGGTCGTCATGGGCCGAAGGATGACGATGTGAAATTGGCTGAAGCTAAAGAAATTTTCACGCCTTAGCTTTCATATCATAGTTGCACGCAAATGAATAATTCTGAAGAGCGCTCGCATCGGGTCATGCAGAGTTATCTGCTGTGTCGCTCCAGAGAAACTAGCCCTCATGTAGGTATTGGGTGGATTGGTCTAATTGGTGCGAGACCCTCTATACCTGGGTGGAATGGTTATAAGCTGACTCGGATACCTATAATGCTGCCAAGTCCACTCAGCTGACCACGTACAATTCTCAAGGGCCGTAGAACCGCGATGCTCGGGGAGATACGTGCAACTAGTGTAGGTCTCAAATGAACGCCACTTTCATCAAGGAGAATACCACAATGCAATCTTGGAATCGCACGGTTATTGTACCCGGTCTAATGTGCGGTTGACAAATACAAATGAAACTATTCACACCCCACTGCGCCAGGTGCCACATCATGGACCGATTGTCTAGCCATCAGTGATGGCCCCGCTACAGATGGACTGTAGCTTTATTACAGACTATGCAACAGGCGAAACTCCTTGTCCGCCCGGGTTACGACCTCAGTATTTCTGAAATTATAATTAAGAGTCCTAGACGAGGGTTCTCCGAATTAGGACCCACTACCATATTCTACGCAATACTGCGAGTAAATAGATGGGAAAAGGAACTCCCGCTTATAAAAATAACATAACCCATCGGCCTCTTTTCGCTGAGGTAACACCGTATCTGCCGGACAATATAAGAGTCCACCAATTCACGGCTAGCGTCGGGAACGCTACTGCGCCCGTGACGGTATGAACGACACACCGCTCTCCGTGTATTCGAGCTTCTATGACGGAGCTCCTACGGGAA,1157,48.57,Mus musculus
SEQ_826395,AGCGCCTGAAGTTCAGGGATACGAACAATGACCACCGCTATGACATAACCTACCTCCACGCACTACAGAAGCCCGTTCTAACTTTAAATCATTACCACAGAGCTACCATGTTTTCGCGTAACATGGTTGCAACCATCTGGATCTCGTTCCATATGGCGCTCCTATGTGAACACAATAGATGCCAACGATGTGCCCAGGAATAAAAGAAGACGATCGACACTTACCACGCCACACGTTGCTATTACCCGGTATAGGGACACAGTAAAGAGGGAGGTTGACGACATCCAGCCAACGGGAATCGTGGATGGGGCGACAGCTTAACCAATATCAGTGAGG,336,48.81,Caenorhabditis elegans
SEQ_600122,CACACCTATTTTAGTGGGTCTTTGATTCTATGCTAGGCCCGTTGGTGTTGATCACCGGAGTGTCTAGACCGTTGATTTCTCTGTCTATAGCATACATGACTGGATACGTATCATATGACGCTCGCCCCGTTCAGACCACTTCACCCGCAGGATCTAGCAGATACACGAATACTCAGAAAACGGAAATGTCGATCGGGAAAGGTAGAATTAGAATGAACGCTGTTGCTTGCGATAGCGCAAT,241,46.47,Homo sapiens
SEQ_250283,GTGGGGGGCATGAACTGGCCCGACCTTTGGTAGCAGGTATCCTACAGCGTCTATGGACTCCATTATGAGATGCTAACGAGTCAGGCGCTTTGTGCTAGTAGGACTAAATTTTCCACTACGCGCCGATTTCTACTTTCCAGGCGAAGCGAGTAGACGTATAGTCCCGCAGTATACGGTTGGTTCGTGATCGATTAGCCTGGTTAAATAGATGGCATAACTTATACGCATCATCGTTGGTGGCGAATGATGTATATGTCGCATGTACCGTCGCTGTCAGACTCTCTCCTCACACTCCAGGTGCGCCAGAGAACCGGAACGAATCTAGGTGGCCATTTGCGGCATTAGGTTGAGACT,354,50.28,Escherichia coli
SEQ_593271,TACACCCCGTTCCAGTACGATGGTGGTTGCAGCGGACACAGTGACGATCATAAGCTACATATTTTAAGGTGTAGGGATAACTAATGCATCGGGGCTGGGTTAGGTCATGGGGGATATGTAATACGGTGTGATGTCGGACGGGCCAGGGTCACTCATTGACAACCCAGTCCCATCACCTACGAACATTTAGACCCCTTACCACGTTTACTACGAATTAGTAACACACTTATATGACTGTGTCTTTAGCCTCGAAATATTGCGTTATACTATAGGTAAATTAACTATTGTCGACGTGGTCTGCGAGCCCATCTCCCAACGGCAACGCCAGAAGCCTTTCTTGGTCAACGGGTTTCCCACATTCTTTTCCGCCACAGCCAAGACACGAAGCAAATTCCGTAGAGGTTCCCGTGCGTAACAGGTGAGCAGTAGTAAACGGTCATAGTGCATTGAGCGCCGGGATCACCCCTGCATCGAGCGTCAATCCTCCATGCAAAGTCAGGCAAGCACTCGTGGGCGGTCTAATTCATATAAGCGAGACGACTCTACCAGGCAAAAGTGATCAAGACGATGTGCGAGGACTCCGAAAAGCACGTTTCCAGGGCGATCAACTAATTCGTATCATAATTTCGGCCTTAGGCAGGGTGCGAACAATCAAGAAGGCAGATGGCGAGTTAGGCGAAAGAGCATCAGTATCAATCGATCAACACACTCGTCCCTAGTCATGGGTTCTGTGGTGCCGAGTGGCCTCAGCGGGGACTCAAATCACCCCTTGACTACGCCACGATGGGGTCGGAATGTCATGGGAGGCCAGTGCATGGGCACCACACCGCGATTGGCAATCTGATGCGTTGAATTCGAATTGGTAGCCCCTTTAGTGCTCTACCTCCTTCCTATACACCAACGGTTCACAATTAATATGCTGGTTCTAGGAACTGACGTCTCTGGTCAACGGGCAGTCATCCACCTCTTGCTCTCAACTTTGGTCCTGAAAATGACTGTTGTACGGGCAAACTTACGCACCTTACGACTAAACGAGAAGGGTCTCTGGACGGACCATGCAAGGTCTGTAGGAGCTTAAACGGGGACGTAAGGCAGCACATCTTCCCAAGGCCCCCCCATGCGACGGAGTGCCGCGGTCGAGTCCTCCCGAAGGAAGTTACATGTTAGAGCAACATAGTGAACTCATTGCCTTAACCCAATCTTGGTCCAAGAGGACGACACGTAATGGCACGCAATACGAACTCGACTCGACCCTTAATCTGTGCAATTGGCACACAAGCTCCGCTTGTGCGCTACAACTGATTAGTCGAATACTTGTCATTTCTAGGATTAGGAACAGATCGGCTCTAACAGTTCTGATAGTACGCTATTTTACCTTGTGAGGAGCCGATAGTGGGCCTGAGCGCTAGGATCTTACGGGCAACGCACATTCACGCCTCCTGCCCCAGATAGCTTAATTAAACGAAAATACTATGGCGCCAACATATACTTTAGAATACGCGTTAGTCTCTTACTTCGGGGCAGTAAGATGAATCTTCTTTTTATCGAATACCCTGTTATGTTCGATCTCGAACGTGAATCTAACATCATATCCATCTGGGTAAA,1605,49.22,Escherichia coli
SEQ_203793,CGCAGGGTTAGTGCTCAACTTAAATTTACTAGATACTTTATGTCATAGAATGTGGTTCGTTTCTTCATCTGTAATACACAAAGTGCGGTACTATAATGATTCCCCAACCGAGACGGTTGTTGACCGGCGCGCAAAGCCAGGTGTAGAGACGTCTACAGCACCGTAACAGTTGGGTCGCTCCGGTGACCCCCATTGTATGGTTTTAGCTTAAACCGGGCTGGGTCCATATACAGAACAACATGGCCTTTGAAAGCACCAGGGGGCTATTGGGCGTACGCGCCGGCCAAACGGACTGGATAATATTCCAATTCAGGGGCGCGGCCCGTATTGCCTCTTCAATTGAAGGGGTATCGGATAAGCAGTTAGTTTGAAACCCTACTGGATCTTATGCCGTTTCCATCGATCATCCATCGGATCAGTCACTTGTTACAGATCCTTGACTGATGAATGCTTTATCCAATCTGACTGAATAATCTGGGAGGTGATACTTGTCCCCTTCGGACAAGTGGGAGAACCACCGCTTGGCGCCATATTGCAAACAAGACATATATAGACCGATGGGTGCACCGTGAATTAAGGGTGTCCCGATCCAAGGGGTGAACTAGCGGTGACGTCCACTCCCAGGTCTCATAATTATGCCATCCTACGGGGCAGTCTGTGTGAGATCTGTGGCATTCCTTTTTGAGCGTCATTATCCCCCCACTCTGACATGCGTACCGGTGCCGGCTCTCCCCTCCAGGCCCGTTCCTCATGGAGTCGCGTAAAAGAGGTCTCAGATTTGAACCGATCGGGCCGCCCCGGAGCAAACATGCTCCGACGCGCGTACCACCACTACGGAGCTTCGTGACTAACCGTACATCAAGAAGCTCAACATATTGGTCTTAGAAGTTTC,892,50.56,Escherichia coli
SEQ_256112,CACCACCTTAAGATTGTCGTATCGGTGGTCGCATTAACCGCGGCTACCGCGTCGGCCTGCGGGTTCTACCCTGATGTAGATCATCTATTCCGATGTCCCGGGACTTTGGTTTTGGATCTGACGGCTTATGAGCGTAAAATCTGAACGATCGGTCAGTTCCCTTGCAACACCGGTCCGTAGTAGCTTCTCGCGCTCTAACGTAAGTCAAAGCAATCGTAACATGACAACAATGTTAACTTCAATTAAGACGGTTGTTCACGTCGAGCACTTTCGGGGAATTCCGGGCCAATCTTCCAATACTACGTATATGACGCCGGCAGAGATTTTTTGCGAGATTAATATTACGGGTATTATGGTAGGTGAGGTATCGCTAATTCGTTTGGCAAGATCAGTTATGGTAGGTACCCACGCTTTGTTGGTCGACGAGATGTTTCCCATTCAGGTACTCTGCTATAAACCCGAGCGGTTAGCTAGACCAATGGTCTACACCTGGACCACCCCGCAGGTGGTCTAAACGCGCCCGGCTCTATAGGGACTTTCGAGGGAGTTAGACTGCCGGTGCCCACACGCTGCCTTGTCTACGACTCCCCACTAGTGCCTTCAAGACCCCGATACCTTTTCCTGTTCTTTCTTATTCTCGAACGGACCTTGCTAATTACATCTAGCCGTGTTTCATTAAGTTGCTAGTTAAGGCGGAAGCCCGTGTAGCAATAAGGGCCTACGGAAGGTGATACGTACGCTTACCGTGAACCGTGTGCATTTGTAATGGACAGGTGATGTTTCATCGATCCTTTGAAGAAGCCAGGCTCGGATCATCACGGACTAGATCAAATACAATTTTCTTTCCACCTAGTTTACGACGGTTGCTGTGCTGGTTATGCCGTCCGGGCTACGAATACACTGTCATCGAGCGGATACACACTCCACGCGTACAGGTCGACTAACCGCGGCCCGCTCTATTAGAGTCTTCGTGCCTCTTTGCAAGTGCGACTCCTTGTCCCAGCGCGCGGGTGGTTTAAGAATCTCTTCCCCTAGGAATGCTATGTCGTGACGCCATTTCCTTTCGAGCGAGGCCTCTAAAATAAAATTGTTGGGGTTATCAATGAACCATGTTTCTACGCAGCAAATGTCATTCGGTTTATTGCCGCATTCTTGACAAACACTGGCCCTCATTAAGCCTACTTGAATGATAGCGGTCCCCTCTG,1205,49.38,Drosophila melanogaster
SEQ_738591,ACAGTATGCTGGCTATTGTTGGCCTTTCCTAGGCAAGCCTAATGCCTTAAGTCGTGCACTTGGGGGCTTCCAGGCTGTATCGGTCCAGTGCCACGCAACACTGCTAACATCCAGGATTACACACCGAGTCTAACAAAGTTGCTTGTGGCAATACCTACAAACTCTTGTTGCCCCGCTTGTTGACAAAGAGCAGTACGCCTTTAGCTCATTATGGATTCGCAGAAGAGCTTGTTTTCCTACCTTAAGGTGAGAGCTTTATTGCCATGGAGTCGTATTAAGGGTGTCAGGAGAAGGCGCTCTGCCTATGGGGGTGAGTGTGCCCGGGCAGGGACCGTAAATGTGGGTATATCAACCCGGTATGAAGGGTAGGGGATCCGCAGCACATCTCAATCTAGGATGATTTCGGCCTTTAACAGAACCCAATGACGAGTCCTGGATGCCTCCAGCTCCTGGGATAAATTTCCGTTCTCTCTTAAATGCGAATGCATAGAGACGCGTGCAGTGCCGAAATCGAGATGAGCGTGAGCTCATTCGGAGTAGCGGTTTTGAGAATTCGAATTTGTGCCGTCGGGTGCCGGTAGGAGCTTGTTTCGTCATTGCCTGTGAGTAGGTACAGTATGAAACCGGCTTCTGCATATCTGCTTGCCGAATCACGCCCGTCAAAGTCACGGCACGCGTACAGAGTCGCGGTCGACTTACATGCGACTGGGTAGGAAATCGTTCCCAATGATATACGCTGCAGTGGGGTTAAGGGCCCATTGTTTCGGCAGGCTGGGAACGGCAATCCGACTGAGTATCACTACGAGTTCCCTCTAGGTTACGCTGATAGACGGTTAATCGTGCCATGTTAACACTGCCCACACACGAGAAGAAGGTCCCCATCCTCTATGGGGCGGCTAGTGGCCTACTGCGTCCCTTACGGCTGTTGTTGCTGTACACATGCTAGTCGGGTACTTACCTCTTCCGCTTCTTACATTTCAGGAACTATCTGATAACGTGTAGGCTGAGGCGCATATATCTGGTGAACCGAGGACGGAAAGGATCTCGGACAGAGTGTCAAGCGGCTATTAGTGGTTATATCAGTGCAGTCGCTGAGGGACAACAC,1105,51.31,Escherichia coli
SEQ_654328,ACTCGGACCCTACCTGTGCAAAGCGACCATCCAGTAGCCGTAGAAATTAAAAGCATAGAGACTTACCGAAGAGT,74,47.3,Caenorhabditis elegans
SEQ_151107,CATCCGTTACTCACATGTAGCGTACTTCTCGTAGTGTCCAGTTCCCCATCACAGACCAGAAACGTACGATATTAGGATGGGCCCGCACTGTAGCCGTCAAATGGTCTTGTTTGAGCGGATATCAACTCGCTAACGATGCTGGCGCTATCCGCCCGAGTGTACCAGCACGGGGTCCAAAAAAAAATTTGCGGAATGTTACATCCACCGTCTAAGAGTCCACTGGTCGCTGCCATGCCGCGTAGGCTTAATGCTTTTATCCAGTATCGGCACTCTGTGCTCCCAGCTCACGAATACGTGACCGAGTTATCCGCCCCCGACGAATCCCTCCTCGTAACTCGCGTTAGTTACATTTCAGACCACATCGGAATTAACGAGTGATCACGCGTAGGGCGTCGGATCCGCGAGCAACCAGTACTTACTGAAGGAACTTCAGGTACGGCCACTAAGAGACTGAATACTCCCTGCCCCGTC,471,52.44,Saccharomyces cerevisiae
SEQ_345331,GACCTTGGTCCGTACTCACCGAACCGAACTGAGCACAGAAAAGGGGGGCAGGAGTCTCCACAAACTCGATACACTTCGCAAATCCATGCTAAACAGCCTTGCCGTTTGTGGGCCGCGCCGATGTTGATGATCCCTGTTTTAAGTGTCTCTAAAGTAACATCAACAAACTCCATCGGGCCCTAGGGAGTTGAAGCGGTATAGTGCGATGGTACGTCTTTGTATATGTAATGATCAGGACAGTCCTCAGTTCCTCATATCGAAAATATTCTAGTCCACGCTGAAACCCCTGAGCGCATTCTAACGAACAAAGTCTCGCTATACGACCAAGTTGGAGCGAGTATCTGCTTCTACCGCCGAGCAGACGTTTGGGGAGAAATGCTGGTTTTAAAAGCCAAGAAAAATGGAAAGCGAACGAGTCGGTCTCCACATGTTGATTCGGCCGGGATCGGGCAGACAGTAGGGGTCAGGGTCCTAGCAGTTGGGTATCCATAAATACTACATATAGATAGCACTATCGTGACCCGAGGAGCGATATATAGCGAGGCTGTGTATCCTATAGTATTGAAAGATCATACCAAGGCCTACCTGTTTCCCGTACCGCACAGGGGATGCTCGGAGGGCTTTTAAGGAGGGGAAGATAAGGCAGTAGACGAGTGAACAGATAGTACGGCAGTTCCTGAGCAAACGGAGGGGGGGCGGACAAGCCTTCGATACAAGTTACTGTGTCATGCACCATTACTACGCTTCAGATGAGATGAGTATTTACCTTCATCCCGTGTTAAAGTATGGCCGCATGCGTCTGTGGAAGTATCCCTCCTTTAGGCGAACCCTCTAACAGTTTCGTTACTGCCTCAGTAGAAAGATCAGGGGGGTCTGTTTGTTAAACCTCACCCATCTCCTGAAAAAACCGTGAGAGAGATTAAGGCCGTAAGACATGCGCTTTCGACATGATCGAGCCGTACCTATACTTGCCAGATGTTACCTTGTTGTAAGGTAACTACATCCAGGGACTGTTTAAACCGATTGCTCCGGGTGCCCACCCTGGCTCCGTATACATAAAGGTATAAACTCCTTGTGTACCTGCCTTGAGCAGCTAACCCTCGCCCAGTTGTATATTCTTCCAGAATTTGCCCCATAGAGTTACCGGTGTTGGCTTCCGGGTCGATACCTGCCTAAGACAATACCCGTAGATCGCTGTAACTCCCGGGAATCTCTATTCTGTCAGGTACGCCTGATTAGCGCCCGATGCTAGTTACTGCGCTGGTGGAAACACGGGGTAGGGAATTTGATGGCTGTATGCTCGCGGCCTAATCTAGCACTAATGCCGTCGAACCGCTGCTCGACGGGAATGATACGGTGTTACTTAAATACCTGTTGTGGATAATAGCAAACGACTACGTCGCCGTGTGATAACCGCTCCTTATTACCGATGTCCCGTCTTGGATCGAGCTTCGTGGCGTCGACTACTCGCCTAGGCACAGTCCACCAGCCTCGAGTGCGACGTAGAGACGCTTCCCTGGTACCTCCTCGGACAGGTACAAATGCATCTGCACTCGCCGTTAGGTGCACTATTATCTGTGCTAGTCTGTGGCTGTTTACTCCAGTAAAGATTATATTGTTCGAAATCTTAGGGTATGCTTTGTGGAGAAGAAACTCTCCACGGACGATTGTACTCGAAGGAACGTCATTGAACGAATAAATTGATAGCAAATTTTCTCCTGTGTTCTGCCACTGAAGATACGATTCATTCCCCCCAGCGAGTGTAGCAGGCAGAGACGTTCTACCATTAGTCATGGGCCACAAATGCACTGAGACGGATGAAGCTTGGACCTACACCTTCGCGGCTTCAGGGGACATAGTTGGAAACTTCGGAGTGTACAGTCATTGAAAATTCAT,1896,49.16,Escherichia coli
SEQ_205083,TTAAGGTATAATGCGGGCTTGACCATCTTAAACAGGGTCTCGGGCTGGCTCGGAACCTCTCACGATGTATTAAGAAACTATAGTGGCAATTAGCCCCGATTTTATTTCCTCTAAAGCTAGTTTACACACCCGGTCCAGTTTAAACCGAAATTACCATCCTCGTCGATGTCATGTTCCCAAGGCCCCCGCTAGGGGTTATATCTTCGAACACAGCGTTATCCCTAGCGTCTGCTACACCACCGCATCTCATTATCGTCATTCATCACGCTCTGGAGCTATCACCCATCATTAAGTAGGAAGACACGATACAGTACGCTAAGAAGGCCTAAAGATTCCCCGATCTTAGGTTGGTGCCGGTTGTTAGTTTAGCCGTTGCCCTGAGCAAGAGCTATGCAGCACTGGAATCTTATGTCAACCTACCCCCGTCGACAGCTCCATGCGATGAAACATTGGTCTAGAGGTAGGCGATGCGCGTAGCGTCGAGTTTGGAAACCAGATGGTTATATTATTAGGAGTGTACCGCGCGAACAACATGAACGGTCCAGCACCTTAGACAGTCAAGCCAGTGGTATCTAGATTATCGTCCAGTCTAAAAGCCCGGTGTTCCCAAATTACCATGAATTCCTTCGCGCCTGTATTTCGTGCAAGCGTGAGACTATGGAAAGAATTACGTGCCTAGTGTGAATATCCTGCGACTCACCCCGTTATATGGCAACAGGCATACTGCGGTCCGCGAAGCAAATCTTCCAGACTGGAAGCGTCCTGTATTTCTTGGATTCTCCCTCCTATCGTCTTGAGTACAGGGGCTTAGAGACTCCTGGACCGCATCGATGCCTTGACGAGTGAATTTTTATCCAAATATCTATGTACGGTCCTTGTTCGTGGCAGCCTGTAAGGAGGCAAATAATAGGTGAACGCCGTGATGGGCGACAGCTGACATCACGCAGTCGGATGAGGGCATCAGCCACTAATCAAAGCTGTCAGGCTATACTATGGACGCAAGCACGGGAGGTCATTTGGTTGAGGACTTTGCTACGTAGGTTAATCTAATCCTCGGAGGTCGTCCCCTGCCCGCAAAGTACCGATTCTGCGTCCGTACCCACGTATTGGCCGCACCTTGTGATATTTACTTCGTTCTGGTGACTCAATTGTACGTGGGATTCCGTGAAATCTTAACTTATAGAGCGGGCGAAAGACCCAACCTGCTTGGATAGCACTCAGAGACATGGGGATAACCTCAATATCACGGATCATGCGGTTGGATTGGCTACTGTGATCTACTGGGCTGATGAGGATTGACCTGATTCTGCCTAGCTTCTGGCGTAATGCACGGTTCGGGTGGCCGTGTTGTCCTGTTAACCCTAGCGAGGTTAATGCACCTCATCATCGAACTCCGAGGGTACCAATGAACGACCGTTTGGTTCAGCCGGCGTAATGGCAACAGAAGTAAGCCCACTACAGATATTGCGCTGTAAGCCTATCTGTTCGAGATCTTAGCGCCAACTTGGACCACCGCTTATGGTTTGGAAGCTA,1533,49.38,Arabidopsis thaliana
SEQ_433797,GATACTTATTTGAATCGGCGCACCAGTGTACTCAAATCCACAAATGTATTAACGACTGTCGCTGGATATGAACAAACTTGGTGAATCGCTTCTAATGCGTAAACGCGCAACCTGGGACTGGTGGTGAGCGAATATACGTGATACCTTCCGTGATTGAACTCGGGTCCCATGATCTTTTGTTTTTTCTCGCACTACGCGTCCCACGAGCCTCGTTTCGCGGAGGAGGGAACTAGACACGGGACCAGATATTATCCCGCTTCGTTGGAAGCAAAACATAACATTACACGACCTGACGTCGCTGGTAACGTCGGAATCTTAGTCTACTGCAATGACAGCCTGATCAACTCGAAGTCATCCGAACCGTGTAGCTCCATTACCCTTGTCAGCCTACCGCGCTATCTTATCACACGCTCGAAACGCTAACTCTTACCTCTGGGAATTATCCCCATCATATTAACTCGAACACTCAGCGACTGGATAACTCGATTATTACTTGGACATTCAGCGCGGGGCCTCGCTAGCTACAAACAATGGCCTGAGTGATTTCGTAGGACTAGATACATAGCACCGCTGTTAAAGGCTCTCTCGAAGTATGATACCCTACACGGGCCGTCGCCTCCCAACATGATTAGGTAGCAAGGACGAGGCGTGGTCCTAATGTCACCCCTTGATACACGCGTCGGACACAGAGCGCGGTTCGGGACTAAGTCTACTTAACACATGAGTGGCGACTTTATGAACCTGTGCACCCCTGGCACAAATTCGCATAAAGACCCGAATAAGGAATTATAAACGTCCGCCCCGGGTGTCCCGAGTAAGACGCATAATGCGGCCACCATCAATCTCCGCAATTGCACCACAAAAAAGGTTTCTACTTCTCAGACGCGCGGCCATGGCCGTGAAAGTGTCACACTGGCCCAAGAGTACAACCAAATTCTCTGAACTATCGTCATTATACTACACCTTTCACGGTCCTCAGACAAGGCCTGATTATACTGTTTCGCGATGAAAGCACTGGGCCGCTTTGTGTCTGCTCGGGCCGTAGGAGTTTTGGGTCAACCTAAACTCCGATCTTTAGTCTTTGATGCAGCGTCACTGAATCTCCTTCTGTGCCATCCAAGGGAAAAAGTTCGCTTGTATCTTCCTTCGACCCCCTTTTACGTAGTTATGCGGAGCGGAGGACAGTCTGCTTCAGCCACTGTTCTCGAGCAGCTACCCTGCTCAGTCCCCAGATCTCATAACTCCGTCCGTTACAGTTCAAGTCGTCTATATACTGAGAAGAACTCATGATAGACTCTAGGGTTACACCAGCCTGGGTATTTGGATATGACCTGGTGCGAGGTTCGACACATGGGATCTTAGGTTTCGGGCTTGGTAGTCTTACGGCCGATGTAAGTAATGGGTGGGGCGCGCTACTAGCTACCATGTATGAATTAAACTTACGGGCAGGCTGGGGATATTCTTAAATACATCAACGCGCGGCTAGTATTGGGTTTGTCCCGCTTAATAGCTACCACCAACGGATGTAGGACATCCCGTTCTGGCCCAAAAAACGCCATCATTTTCGGGGTCAGCAATATGGTTGGAGTGCCCTATAG,1598,49.44,Drosophila melanogaster
SEQ_514046,TGCGTTATTGTATTGTAAGTTTAAACAAGGATTCAGTTGTCCGGGTCAATAACGGCGATTTTTCCTAGCGGCGCCGGCGTGCTATATCTATAGAAATGAACGTACGAAGAGATACGCTGTCAGGGTACCCCTAGAGGAAATTCGTCTACCGACGCCCAGGAAAGTTTGTTCAGGATGACGATTAAATAGTTTTGGGGCTTTTCTCACGCAAATGCCACCTACATTTAGAAAGGCCCATTTAACCTGGGGCCTGACCTCACGTCCTAGTGGTCCCTCCCGTCTGGCGGTCTCGAGTAGATCAAACTGGGTAAACCCCAAGCCTTCTTTCCTCAGAAAGGAAGTGAC,345,48.12,Homo sapiens
SEQ_720351,AGTTGCACAGTTCTACTTGTGCGTGTTTGGTTATGACCCTACGTTGCAGTCAGTTGTTCGAGATTAGGAATTCCACCTGCGCGGGGAGTACTCCAAGGCCCTGCAGTCAATGTTGAGGGAGCCCTTTCGCTACTAATGGGATAGGTATTGTTGTAGCGTGTTTTTCTTCGGCAGCTCTTACCTTAGGGTGTTGATGAGACCGGTTTGAGACGACATGTCCCTCCCTCTCAAAAACCTAGCATAAAGAATCAACTGGGGCCTTCTCAGTTCCTAGTATATGGGCGGGGTCAAATTCAATGCCCCGATTTTTAGACACGGCGGTACGATAAAACTTTCGACGACTAGTAGCAGACCATACGTATCCGTTCTGCACTGTCACGAAGAGGTAGTATAGACGGTCACGAAAAATCCAGCCGGTGCCGATGCATTCGGAGGCTAATGGCGCGCTGTCTTTCGAATCGTTACAGCGGCACATAGTACTTATTTCGCCTTCCATAACCATAGCTTGAGAAAACAAACTATTCCAACTTGGAGCAAAGTGACTCGACGGTCCTTGATCTCTCGGATCTGATCGCGAATACCACACGGGCGAACGGACGACTATGACGTGCTTTCAATAAAGTTAGTGGTAGCACAGCGAACGCGCATAGTCAACCTGTTAAAGTGCTGTGCGGGGCCTGTTCGACGTGTAGCTTGTACTCATAGAATGCGAGCTATCACGGCAGGGAGTGGCCAAGCAGCGAGTGGAATTATCCTGCCCCCACGAAAATAATATTAAAACTGATTAACAGGGGGATCTTTTCATCAAAGTATTTTTATTACCTATAAGAGCGAATTATCACAGCCGTGCGAAGCGAAGTAATAAATCCACACACAATAATCAATTTACGTAGGGGACTCGGCTACTTCCTACTTAGGCTATCAGGAGCGCTCCCCGCTAACCGAGCCACAGGGCCCAACTGGCCTTCCTACTGGCCAATAAAGCTGACACTGTAACACCATTTACTAAGTAAGCAACAGCTGTGGCTACGCCAGGTTGCGTCACCTCTGTAATTAAGGAGCAGATTCTGGCTTTATATTCGCTCTCATAGAGTTAGATTTCTGGTTGAAGACAGGAGGTTTCGAAGAGATTTGTTCAAAATTAGCATACAATGTCGCTCGATCCTTGACCGACCGTCCCCGCTCCTATCCACGTGGTGGCCCGCCGCCTCGTCAATAAGTATACCGCGCCGGTTATGTACGAAAAAAAAGGTAACTAGTGTTAGACGATCTTAAGTATATCGGCCGAGAGGGGCTATGAACGATTTTTTATTGGTGCTGTGGTGCCGGAGCCAATAGCGGCCGATAGACGACTTAGGCTCTAACGGAGTTGATGATGTGTAAGCATCGCGAGCTTTCGCAGTACGCAAGGACTGTTAGCACGCCCCGAGAGCTTGTTTTCGGTCCACTGCATGTCGGTGGATTACTGTGTGACGACAATTATTCTACCTGATAGTCATATTGAGCTTCAGCGGCTCGCCATGGGATCTTGGCTCTATTCGCGATATGGTCTAACACGACTGGTCTTTTATTCCTGAAGACATCACTCATTATGAGTTCGCCTATAAGAAGGCGAAAATATGCGGAGTAGGATAGAATGTTCCGTATCAACTGTACCCTCTTTATCCGCATCTGCGGTTAGGGTTGGCTGTGAAAGTTATCAAAGAAAATAGATTCCCCCGAAACTGTCCAAGGCTAGAACATACAAGAC,1750,47.66,Mus musculus
SEQ_628821,TCACGTGTCCACTCCCCTTGCTCTTTCTCAACACATTTAGAGGGAACCTGCTGTATATCGTTATTTTGGCATGTCCCGTTTAACGCTGCAACATACGCCTTATCGCCCACGTGGTAATTCGTAGTGACCCGCACCACTGTAGGGATTAATTACGCCTAACGGCAGGCGGGCCGAACGAGACCACTGATTGATTGTCGTTGGAGCTGCCCTCTCTGCTAGATTTTGCTTCCCGAAAAGAATGCTGTAGCCTTCTAACAACGGGTTCCAGGCGTCCTTACATGATAAACCTAGCGTGATAAGTACAGGTGGGTACGCCTATGTTGTACACGACTCGGGGCGACATTCGGACGACAGAAAGAGCTTAGGGGTGTGCAGACGTTAGAGCAATGCTACGCGTGATCATCTTCAGGAATCATTTAGACGAGAAGGCATGGCAACGATCGTACCTGTCACTTAGCCCTAGTGGGGACTCGTTGGCTGTCCACCGACCAGTGCACTCCCCCATGCAGAGAATTGCTCGTCCGCCTAGTTAAGATTTTACTCCGTACGAGGGACGGACTTGAAACAGCCTTAGTTTGGTTCGACAGAAAGACAAGTTATCCGAGACGTGAATCATGCAATCATAGTCCTTCGGAGACCAGAGTCGCAATAATGCGAGGTATTTTGCCGTGAATCTCAGGGTCATTATGCATATCCGACTTATCACGTGGGCATGCCGTGCTAGTATTTTTTTCGCTTCGGTCGGCCCTTGCACGTGTGTTGCAAAGTAATGAGTAGACGAGAAGCCAGGAGATGTCGGGGTACGGGGATGCTTTGGTCGCAACGGCCCTAACGCTCTACTGACGTTGGTTGACCATAGCAAATAACTCAGATAGAGTGGACCGTAGTAGAAAACGCGAACTGTAAACTAGTGTTACTAAGCTCACATTGGGCAAACGATAGTATAA,947,49.52,Escherichia coli
SEQ_165379,ACTTAAGATTGCACGGGAAGATACATCGTCGACACACCACGTCGCATTTGGATACTTTGACGATCCAATCTGAACTGTCGAATCTTAATTTGTATGCCACCTTCACACATCCCGCAACCGAACTATAAAGTAGTATGATCTTCATATGTTGAGGCCGTAAATGCTATGCTTGTACCGACGAGGTACATGAGGGGGTACGAGTCAACTAGATTCGGAAGTTCATCATAAAGATGTTTTATCGTACACGGCTACTGGACTGCATGCGCTCGGTAAGTACAAAAA,282,43.62,Saccharomyces cerevisiae
SEQ_790399,GGAATTGCCGTGTATGGTTTTCACTCTCCATAAAGGTGTAGAATCTGTGGTCAACCATACATTGGATGCGCGTATCTTGTCGGAAGATGGGGCGCTTACAAAAAACGAAGGCATCTTCATCAAATATGACCCACTGTATTAACGGATGGAGACCCCATAAAGCACCAGGGATCGTAGATCCGTTTGGGATGTTGTATCAAAGCGGTGGCTGTCGCGGAACATATCGAGTAAGGCGTTTGGACGTAGGTCACTTGGTCCTCTTCCGATTACGAGGGGTGATAGAGGGCCTGCGTACGGATTTGGGTCCCTGTGAAGGAGGCTAAAATTGTTAAGTCCCATTTTCACAATTAACCTCTATGGGACTTCGTGAGCGGATTCGGGCAAGGGGCTTGCACCGCGATCGATGAGATAAGGAAAACACCGTCTACAACAGCTCTAGGGCCCCTGTTTACAGTAGCCGCGTACTCTTAAACTGCAGGTACATAAGAGTTGTCAGACGCAGAGGCGGTTTGCGTACATACACCCTCGATCCGAAGGCCAGGGTCCTGACGCGTATCTTGTGCTTTGCTCTATAAGATCGTTGCATGACTAATATCCGCCCTAGCCTGCTGAAAATGGATATGTGGCGTTGTATCTATAATCTCTTAAAATCAAGCATGTAGTTAAACTACCGGTATCCTTCCCTATAATAGGATTACGCGTAGCGTAGAGCATTCAACAGCGTACCATCTGCGGTGTTCTTTTAGCACTGCTTAGGAGGGATACGTAAGCCTCAATCAAAGAGACTGAGATCCTTGGAATACGCGCACGCATGGACGCCATGTTCGGGAGATCCGATCTGCTCATGGTGCCAACACCCCTAGTTAACACGATGCTGCGTATACGGAACTCATTGGTGACAAACCCTCACGGC,913,48.74,Arabidopsis thaliana
SEQ_103713,AGTTCTGACTTACAAGCCGAGAACCTCCCGCAAAGGAGGTCAACGAACATTCGAAATGGGTGAGAGATGTTCATGGGACACTCTTTGCCAGATCTCCCACTCAGGTGTGATTTTATTAAACAAATGAGGCACGCGTGATGCTTGATCCCATGTGCTTCGCTATCTTACCGGCAATGTTCGCGGGGCGGCAGAGAACTCATACTGTCTACTGTACCACGCCGTCTTGCGCCCGGCGTTGTGCTAGAGCTGATTTCTTTCTCTTGCCTTGCAGAAATTCGCTATCGATCATGGATACTTCTCTCTTGAGAAGAGGCACCTGCGCTCACTTTCAATCAGGGATCAAAAACATGTTGGACCCGCATCTGTCATGATTCGTTAGCCATGGGGAGTCCCTTAGTCGGCGATTGCAGTACGGTCCATACGCATATGAGCTTATAACGTCGTGTCAAGTCTGACAATGACCCAGGCTTGCCTACACGGTGCTGGGCCTAGGACAGGTATCGATAGTGATGAAGCGCGGATACTGCGCCTATACCGCAAGCAACTCTAGTCCGTATCTAGGGTGGGCAAGCGAAAGTACTCCGGCCCTGCGCCTCGACAGGGAATGCCTCGACGCTCGCACATACGAACCTGAAAATTCTGGCTCCGCA,650,51.85,Homo sapiens
SEQ_998742,GGACTCCTCCCCTTTTCAAACACTTGTAGAGCTCAGGCCCCACGGAATAATTTGTGTCCGTTCCCGCGGACAACAGCTTAGCCGTCCTTTCGATAACAGGTGTGCAGACACAGACCCACAAATCAGAGCGCTCCGTACTAACTATTAAAGCATGGAAAATTACAAAGGAGCCTTCCAAATTCAAACCACATTTCCTTAAACGGCGTAGCTTTAAGAAATATATAATCCACAGCTGAGTGTTCTAGCAAGGCCTGGAACTCAGAGACGCGTGTCCCCTGCATTCGAAACTTTCGTACTAAGCTACTGTTGGGCCGGGCGCCACGGTCCGTACGTGAGTCGCCGACTGTGCGTGGGTTTCCATTTCTCGTTAGAGCCCACCCCACCTTAGGCCACGAACGGCCCGCAGCCTCGGGGTTGGTACATTGGCTCTTCGTGCAGGTTTACACTCTCCTTGAAGGGATGACGCGCGTCCCATTATACGGTTTGCGCAAAAGGGGTCATCCCGGGAGGCGCGTATAAGCCTGGTGTATTGTAACCAGTGAATGGTTACGATACTCCATGAAGATTGCCTCTTGTGATCTTCCCGGCTTTCAATGTTCATTAGGCATTGCCACGACCATGTGGCGGGCTGCGGAGTTATAACACCCGGTTCATGCAGTGGCACCCTACAATCACATCGTTACCCGCTTTTCAGGCGATGAGTTATTGTCGAGTCATGGCGTACGAGGGCATGAATATACCATCGTCCGTAAGCAAGCTAAACCAGGAAGGTGTGCTACCCTGCCCCCGCGTGCGAAGTCGCCGATAACTCGGG,814,52.33,Caenorhabditis elegans
SEQ_318120,TTCTCAGGTGATGGTTAAGAAAAAATGCCAGCGACCTAGTATAACATTAAGTGCGGCGCCCCACTTCCCATCTTGATACGATGGATTGGACTGAGACCCATGGTGGTAAGGCCATCGCATAGAAACAAGGTATAGGTTGTTGACAAATAGGGCGATGCTGCTCTCTGGGATTTCAACGTGATTTTCGTTACATGGAGGCTGTCTATTCGCTGAATTCCGTAACGACTTGGGCTAATGACCGCCGTCCGACTTCAAACCCAACTATGCCATCATGATTATTATATCTAAAGCTTATCTTAGTCTTCGTATACACCTATGACGGGCAGGAGAGCGGCAGTAAACTAAGCGGGTATCGCGCCGGACCTAGCTAACGTTGACTCGAAGTTATGACGAGTTGTCCCTGTCTGTGCGTAGATCACGACATTAAGCAGAACCATCCTGGTAGTGACTACGAGTAGCAGGCGTCAGCCCCTTAGGCCAAACCTCTGTCCCGACACTGTGGAGAGATCGCCGCGAGATATCTCACTCCGCTCCGGAAATTGTATGTTAACGAAATGGTACTTCCAATGCTCTAGATCATGCTAATGACCAGATGACGCGAGAGCTGCGTGTTAAGTCGTCGGCTCTAGCAGCTGCTTACGAACGAGCCGGTTCTCCTATCGGCATCCAACAACGATGTACTATTTAGAGGTAGCGACCTTTACAATGTGTAGCTGTATTCTGGACACCTCGTATGGGGATAGCTATTTGGAGACCCCATATAACCGTGTTTAGGTTGGGAGTTCTATTGCTTCGCACCGAATCGTCCCTGGTCAATGCTACGTATTGTGCCATTTTCAGTGCAGTGGGCCCTCGGTGTTGCTTATGCACATATTCCCTACACTAGCGCCTGTTTGTAGCATAGCGCCAGGAATTGCGACACTTGCATGACCTCTGTTTGGGTTAACCCATCAGCCACTAGCGTCAATCTAGAGCAACAGTTAAAATCTGAATCCCATGTATGAGAGAGACCCAAGCCTCAAAATGCAACTTCGCGAGCTTCTGGCACCCGTACGGACGGACTGCACTTTTAGCGCCATCCTACAGGATAGAGAACGGATACCCTTTGGGGTGTCTTCTTATGTCATGCGCGGCGAGTCCCTCGCGTTGTAATAGCTTGACATCTATTAAATCAGTCGAAATGCCACGTACTTTTATGCGGACGGATCATATTACTCAACGGAGACATTTTTTTGCCAGCGGGACTTTTCGCGCATTGTGCTATTCTACTCACAGTGGATTTACGAAGCGACCGTGTCAAGGGTCCGCGTACCAGCCGTATTAACTTGGAGTGTGAATCGCTGTCCCAAACCGCCCATGGGTACCCCCACACCTTTTTAATTGCTCCTAGTTTTTAAATATGCGGACACCGCCTCGTATCGCGGCAGGGCGAAC,1434,49.02,Caenorhabditis elegans
SEQ_799412,TGGTAAAGGCCTAAGTCATCGAACGTCACGCAGACAGTAAAAACCTTAGTGCGAAAACATATTTATGTGATGAATCCTTCGCATACGGCAACTCTTGCAACGCAAGCTCCTTCAGGTTTCTGAAAAATCGCACTCGTAGTTATCTAGAAGTCACGTTATATCCCTTGCACCGCCATGTTTACTAATAAAACGCGGCACGATAAGTTTGGACCACTCGGGGGCCGTATGTCAGGTTTAAAGCCATGGGGTTTGGTCCAGAATTGCTATCACTCCTATGAAGAAGCTGACGATCACTCAGCGTTGACCAATGCCCTTTGTAACTATTCTTCCTAGTCACAACGGATCCTGATCTGTAACTCCATTTTAAAATTGCTAAACAAACACCTTTAACACGTGTCCATGACCCCGGAGAAGGCCGCGGTACACCAACCACATTGACAGCGAACAAAATACCCATGTCTATAAGCTTCTCTCCGTTTTGAGTGTACTTGCGGAATAATAGTTTTCTCTCTCCTGAACGACGTCCAAGTTCCCTATCGGTTATAAGCTGCGCTAACCCAAATCTTAAGTCTGACGCCGACGCATCATTATAAGTCCAGGTTTCAGGGCCGTCCACTTCCGAACATTAAGGCGGCTCCGCTCACAAAGCTCAGAGCGTAATCAGTCTACTGCCCTCAACTTCCAAAGGACCCTCGCCTCACGCCGGCGCTTTGACTGGCTAACCCGAGCGGTGGGTTGATTCTCCGCCAGGGTGCAACTGCCGGTCATGCGGGTTCGCCCTATCGGCCACAGTCAGATGCTTTCTCATCACACTGTCGCCTTGCCGGGATGGACTCATAAATAGACCCGGCAAGTTGAACCCATTT,866,48.73,Saccharomyces cerevisiae
SEQ_769313,AGAAGGACTCTAATCAAAAACCACCAGAGTTGCAACGTTAGATAGAAACACGGAGGGACGTGACGGGACTTTTGGAACCATCATTTTTCCCTTTGACAATGAGTCCAAGGTGGCGGGCTCAACTGGCGGTTAGCCCACATTCCCCGGTTCATGAAATACTCATAAAAGGTGCGTACACCAGAAATAGACGGCCTACACCAGTTATAGGGCCGGTGCGAAAGATCGCAACCACCCTACGGGACCGCATGGTACCCTGCGAACTTAGAGCTTCCATGACACTTTAATAGTGCACGGAGCATTTTCCTTTCCGCCCGGGCTGTGAGCATTATTGACAGCCGCCTGTCATACCAGACTGCGGCCGTTGTTAAGCGCCTGCCAGACCATGCTACGCCGTACAGGAAGCGCCGGGACAGATAATAATTATTAAATTGGTGGAGTGGAATAGGCAGCACTGAGCCTAGAACGCGCCAGGTTAAGGCGGTCCCATAGAGTTGGATATGCGCGACATGAGGTGATCGGAGGTAATGCGGTGTACTGTCATCCGCTGGTAATAGTAACATACCAGGCATAAGCTCGGTCCTGGTGGGACGATTAAGCTTGACGACCACTATGATGCGCTCACATCATGCCTTGGGTCCCCATTCACGGCCGTGTTTGGGTGGGTATTGTTACTTCCCTCCTACGTTGCCGAAGATACCAGACCGGTGGGACGTGACACATCAAATCCTTAGCGGCTGGTGGCGCGGTTTTCATATAACCGGCCGGCATAAACACACTTAGGACGGACTCTATGGCTTTAAATCCTGCTTGGAAGTCGCCAAATGATTGTGGCACAGCCTACGCCGCTAGACGTGCAGAAACACATGACCCGCTTTCTTATAGGCGGGGTGCAGTCTGCCCGCAGATAGTCCGAGGCCGCATCGGGAACTGGAACTACTTGCGGTAGTTCGTCAGGGGAATCCTGGTTATAAATTTGCAGAACTGTAATTCATCTATATATTGCATCACTTAGCGCGGCATTTAAGGGGTCCTCATCCAGCTGGCTGCGCTTCCACAAAGCTATGCGCAAATCTGCTGGAGTGTGGACAACTCCGAAGGCCCCAACGAGGAGTGGTTCATCGTTCGTGCACCAGCGGCGTTCCGGCATCTCTAACATGTACAGGATGCGAAGGCGACCGGCATTACGAAATTGTGGGAACCGACCGAAGAAGCATCGCCGACCATAGACAGAATAACCCCTACCAACGTATTAACTGATGTCTCCCTTCACAGTTTTTCTTCATAGACTTTTGGGAGCTGTAGATCCCGATGAGACAATACCAAGGAACATTATCATAAGTCGAGTTGGCATTCCATCTTATCTGATGTGGCTACATATGAGCGACTTTGCTAGTACCAGCTCGCTATAAAAGGCACAGGAAATGCTTAGCCCACGTCTATGCACAGGCTACCCCCCAATAGGGTCCGCGTCGCGCCAGCGGGACAGTCGATTATGTTTGAAAGGGCCGACGAGCCTGCATTTTAGGTAGCTTGTGCGTCTGGTACTCATAAATACCCACCGCTCGCGAGCAGAATCCCTAGTATTGGAACGGCTTTTGTTTATTGAATCCAGCGATGGGTCAGCCCGCCACCCCCGCTTGAAAAACATGAGTCTCAGTTACAGTTGCAGGAGTGGTAATTCCGTCTGGCGTAGAGCCTTAGGATATGTCCAGAGCGAAACCAGGACTTCGAGGGAAAGAGGTCCGAAACTCAAAGGCTGGGGATCACCCTGCCAAGGTGGGCCTTCAAAACATGCCGAGACACAACGGGCACTTATCAAGCATCAGATCGAAACCATCCGACGGAATTTGATAATCCTGTAGGAGCCGCGGATTACAGAAGCGCGGAGAGCCAAAGATCAAAGAACGGTCTCGCCGTCTTTTTCGC,1926,51.56,Escherichia coli
SEQ_937471,ATGCAGGCATGGACTAGAGAGCACGATTGGAATCACCACAGCAGATTGCAGCTGTGTAGGCAGCCCTCAGGGCCGAAAAAAAATTCACGGGCTATAATCTGGAGTCGACGCCATATTATCGCATCTCCATTGTCAAAATATACTTTGACGCCGGGCGAGTGCACCTACTGTATATCCTCATAGATCCGGGTTGGCTAGGCGGAGTGCCGGAAGTTTGTCGGTACGCAACTAAAAATAAGGCCCAGCCAGGGGCTGCCGGCCCGCGGTCCAGTGAAGTTTACCGCGACCGAAGTACGTATGAGGTTACGACAAGCGTACCATATGCATCACAATCACCGACCAATGAGCCTTTTACATTGCGGGTACATGACTCAGAATTGCAGGGCCCAGGCTCCTATGCCTATAATTCGTTTTCCGTTCTTCTGGTACCGTGCCTAAACGAAGGGCATAGGGGTTGACTACATATCTAACAGATTCCCAGAGATTTTTGGGGCCGCGTGAGACAATTTGCGACGAGAGTCATGCGTTTCTGTGCACTCTACAGGGATTTTTTGACTGACATAATGAGGTCTCCCGAGATATACTTAGGTAGGCAAATTATCTATACCCGGGGGGTACACGGCGTCGAAGTACACCGGATCTCGCATGTCGCCGTTAGAGTACCAAAGCGTGTCCCTGACCGGTGCTACGATTTCTGTCTAGAAACGCTCCAAACAAGTCAATATGACGACCCTAACCAGTGGGGATCCTATTTTAAAATCACGGCTATCACGGGAGCCGTATAATGCCTTTAACAGGCCCTTTCAGATATTACGCGTCGACCGACAGATGTGACTTGACAAATTTATCCCGGTCGCCTAAAAACGCGACCACTGGCCCTGCGCACCGAGTTATCGCCGTGAAGGGCTCAGCCCCGGCTATGGATTTGCGACGGTCCGTACAAGGTCACGGCAGTGTGGGTCCGCTGGTGAGCACCTCTTGTAGTCCATCCAGGGAGCACGTAATAACCAAGCAAGGCAACAGCACGGTATAATTCACGTCGGTGCGAATTCTTTCTCGACCAATGTCGGAAAATTGGCGATAAACCCGTAACTGTGAGCCCCTGCCAAACCGGTCAAAACAGTAGACTAGGAATACAGCGAGGGTCAGCGGGTCAGAGATGTAACGACCTTAACAACAGCCGGGGCGATTGGTCGGACATTCTCTTCTCTCGGGATGTCTTTAGTACCTGGGCTACTTGTTTGTGATCCGCCGTTTCTAGAACGCGTGCCCAAAGTCGGCCCGACTCATGTGGCTAGGTTCCTTGGGACGTCGCCTCAATTTCAGGAAATCGGGGGAATCCCTAGGTCAGTTCCTTGGGACTTTAAGGGCAATGCTAGCCTCAACAGAGGTAGACGTACATTCGGGAAGTATTACCTCTATAAGCTGACCGTAATGTGATGTGCTTGTTACACAACCGTTTCACACTTACCGATTGATGGCTAATTTGCTTACTTGATAACTACAACCCGGGTGCAAGCTTTTCATACCTAACGTATGTTTAAGTGGTTCATGCGGAATAATTGCAAGAAAACTATACACCAGTGAGCGTGACTCCTTCTTCAAATATATATTTGGGTCTGCG,1624,50.0,Arabidopsis thaliana
SEQ_480923,GTACCTGAGTGGGTTACAGTTTAGATACATAGAGGGGAGGCGCATTCTGCCGTATACGAATCGCGATCCCATTCTCCCTCAGTGACGTAGAGGGTTTAGCCGCAGTTAAACCGAATGCCGTAATGAAACTACTGACGAACAGAGAGGAGACTCTCCCGTCTCACATGGTAACGTGCCTAATCTGGCTAGTTCCGTCGTCCTGTGTGTAAGTTGCGCGGATGATCATAACCAACAGGGCAGCGTGCCGGCGGGAAGGCATGTGACGTCTTAAAGCATACGGGAAATATGTACTGTCACACATTAATGCCATAACCATCAGGTCTTATGTTGCTACGGCTGAAGGCAATAGTCTTTCTTATCGCGTTAACATACTGTTCTATGCAACACATGTCGATTCTAAATTCAAATACCGTATGAAGCTGAAAATAGCGTGAATCAACATCGTGAAGGAGAACAAATGCCAGACTCGTCTGGTCTTCTATTTCGTTCACGTGCAACCTCTCCATCTAAAAGACTTGTAAGTGCGGACGGATGACCCTGATAGCGCGCGACATATCAGTTACTCGCAACCTCCGGAGATTATCCTATCGTTAAAACCCCAGGCCCTATTCGTCCCACGTGAATTGGTTCTCACCGAAAGAGCTACACTACCGAAAGACGTATGTGTAGCTCACTCAGCCTTTTAAAGTTTTAGCGCCGATGTACCTTGCGCGGCACCATGACTAATTTCTCACTGGCAACGAAACAACCACGATCCTGGGAATACGGTATTAACATGCCCGCCTTGCGCACAACTGTAGAGTAATAATAAAATACGTGAATTTCATTCCTTAGGCCCGAAGCCTATGAGCCTAAAAAAGGCTAATAGAAGCTAGACACTGAGATTGTTCGCATGAGCAGGCGGCTTGGCGTATCTTAAAGCCAGGGCCGATACCGACGGCATTGACCGCCGAAGTTCGGCTTAGAGTACGGATAAGTTATGCTTCAATCGTGAGCATAATAATACACCACAATGACGCAGCAGTTTCAGAACTGGAGGTATCTTTCTTATATATCATCAGACGGTCACCCCTATTCCTTATATCGTATCTGGTTTGCAGCTGTGGCAGGCTCCGCGGTAAAAGTGTAAGGGAATCCCCAACCTAGTTAAGTAGTTCCGGCCCGTGATCTGGTTCTCTATACCCCTCGCCAATCTGCGCCAGAATCGCTGCTTGCTCTGGGTGGCAGTAAGCGTGAAGCGCTTGCCTATTAGCGTAAGGCATCACCCTTATACCTATAGAGAAGCGGTACATTTATGTCATGGCTATCCCACACAAGTCAGACGCCGATGGATAGAACAGCTACACGGCCGTTATATTACATTCAGCTGTCACATAAATTAACTCTACTCGTGTTGCACTACTGTTTACAGATCAGCATTCCAAGATCACACCAGCGGCTCGACCTATCACCTCGCAATGGACGTTTATTGTTGCTGACATTCTCTGTGTGAGGTCACGCCCATCCGTAGCTATCGCACGCTACTGCTAATAAAGCGATGATTTTCTCCTGGCCTCTGAACTAGTAGGAGCTAATGGGCCATTCTCAAGCAGCTTAGGGAGCCAGCCCCGGGGGAGAGGCAAGGGCGGCCGCCACTGGGCTATGCCG,1647,48.45,Homo sapiens
SEQ_471099,AGCGGACTGTCCGTGGAGAAATCATCGCAATTATCAGGGGCTGAGGGAACCCTCGCCTGGTGTAAAGTGAACTGCGAAATCTGGAAGCGCTAACGGTTCAATGGTGGGCCCGCATCCAAGTGGCCCGCCAACGATACTTCGCCAAGGCTAGGACATGCCTGATAGAGTACTATCACCGAATTATCATGGACAGTAGGTTCCGTCGCGCATACGGCCAGCCAACCGGCACGGTCTCTCCGGGGCATGAACTCACGGCGCACGGATTGATCGTTAGGACAACCAGCTGGGACATCGGCACGTGTGATGATGGTTATCTGCCCCGACATGAGTCAGTGGAGCCTTACAGGTATGGCGTATGTCACTGCCAATTGAGGCGAGGTAGCAGGTTACGACGGACTAGCTCTTCCACCCGGTAAAAATAGTTTGAGTCGTATTCAGCTATGGATGGCTGATCAGGCTGTTTGGATGGAAACAGTACAAGCGATTGTCTCGCCTGTACGGAGTAGCTCAGGGTGCATGGCGCCCATCACTCCATCTGTTAAGGCTTCGTATCAAGCCTATGATTTGGGTCAGTTTACTGTAGCACGCGTCCGGAAGTCTCAGCCCTCCCGCTATGGAACACTCG,625,54.08,Arabidopsis thaliana
SEQ_201245,TCTGTTGTTTAGCTGCCATGTAAGCATCCTAGGCCGGGTTCATTCCGACGCAGTTTTATAACCCCCGCAAGATCTCAATAGTGCCTCGGTGGGGACCGGTTAAGCCGAAGATGGTGAGCTGGATGCCGCAACTAGAATTTAATGTGTCCGGCAGCCGAGTAACGGTCTATTACGGCTGCTAGAGGCGCATGACAATTTTAGTACCTTCCTCTGCCATGCCAGTTGGAGCATGCGCGCGCTTTACCGTAGAAAGCTTAGTCCATAGCTGAACCAAGTTATACAACTGAGCTTGTTGTTTCATGCCGGCCCGCTACCATTTCACCGGCTGGGGGGCGCACCTACGAATTGAGGGACCACGCGCTTGGTATCTGCATTTTACGGCTGCCTTCCGTAGAGTTATTACAAAGAGCGCTATACAGGTTCCTAATTATCCCGTGTCGCATCAAAGGGAATTCATGTAGGAGCCGCCCCGTGCCCAGCACACTTCAAAGAGGTCGGACGCAAGGTTGGTGAAGTATCGGATCGGCCAACTCCTTTTGTTGTTAGGTTCCTTGGCCAGTTTTGTTTCTGGGTTTAAAGCAGATGTACGAATGAATACACTTTAACAGCATTACCGCTTATCCAATCGTTTCTCTGCAGTCTTGACACGTGATCTCGTACACACCATCGGCCCCTAGACATTCAGGCCCTACAAGCTGTACAGGGTCGAAATCATGAAAACCTCATAAGGTGTATCGCCCGTTTTAACTTTCTACTTGGGGCAGACGAATGGTCTTCGATGACTCATTGTCTACGCGCCCCTTGGGTAGAACGGAATCAGGGGCAACAATCTGAGCTGGATGATTAATATAACCGACACAATCATACCGTGATACATTCTGATGTCGTCTGCGTTTGGTACCTAGCGTGGTTAGTATCTCACCCTCACTATAACGGGTTATAAGCTTAAGTCAATCAAAAGCATTGCCCGGGCGACGCTTGAGAATTCTATGCCCTAGCAAGGCCTAACACGTAGCTCAGTGCTTAAGCTGTTGACGTTGTAATGGAAGGAGCTGCCTC,1059,49.29,Mus musculus
SEQ_212815,TTCATCGTTGAATCTAATCAACGTTATGGTAACAAATCTTTGCTACAATGGTCCAGTCGTCCACACTATTAGAATCACTTACTCGGTGAATCATTGCTATTCCATATTTTAACCTCGGGGTTCATATCTCATACGCTACTAACGCTTTTGCGGCGGATGCGCATGGGTCTTCCGTGGCGTGGTTGAGTCACGTCCCCAGGTTGCCACACCAGTCTTGAATTCTGGCATTCAGGCGAAGGAAAAATCACAAAACTCAATGCGCTCCCAGGAAGAGTCACACCTAGGGAGAAACAGATTGTTGCTACTTAGTCTTCATTGGTATTCCATTTGGTCTGTTCGGGCTGCCAGAGGCCAAGACAGCATAGACCAGTTTACTGATCGTATATCGCTAAGAGATTTTCCGTTAATATACTTATGTATGTTGGTTTAGGAGCGTTGGGAGCAGACGTTGGACATCAGAGTCTGTTATCCCGTATGACCCCGGTTTCCTTATATCTCATTGTCATGATCGCGACAAAGACCCTTTGGTGGGTGCGCAAACAGCGAAGCGAACACGTGGCAAACTCGCGGTGCATGAGGTAGAGTTCAGCCTCGTGACATGTCACGAAGTAGAGTTTAAGTAAAATCGCGTGAGAACAACTTTATACTCTTATCCGTCAGAAAACTCTCAAGCCAGTAGAGCACGGCCTTCTTAGCCTGAATACTGCACCCTTTGCTACCTGTATATCCGACGATGCAATCAGGTCTCCGTGACAGGCAAGGATAAGTCGTCGGTACTCCGACTGAGCTTATGTTCTACATTTTGCGTGAACCAAAGCCTTTAATCCTTTAAACCAGTGCCCTAAGGGTCAAAATAACCAAAATGCTTGGAACAAGCCAACCTGCGGTTCGCTCCGACAGTACAGAAGAGTCATGAGATTGTTTGCCAGTCAACCGGTTGACAGCGACCTCCATACTAGTACAGGCTGTAGACATGCGAGTGGCTAACAGGCAAAGTTCAGCTTGCTCCCCCCACAGGGCTCTAATATTGGCATTCGGATCTTATGTAGGCCTACCGCTGAGTTGCGAAGTTTTCTATCTATGCCCCGCCTTGCACCGTCTGGGCGCATATTGATGGTATTAACCCGAGAACCGACATGCGAAGGGCAGAGCACTCGCGTGGTGTCATGTTCCTGATATATCGCCGCGCACACGTCCTGACGCAGACGCACAAAGCGCGTCGGCTTGCGGCCCATTTTAACATCTAGTAAATGTCGGCTGCAGATTATCCAGATCGAGGTCTCCGAATCACGTTACACACAGGTGGGTGTTACCCTACGATTATTATCGTGCGAGGGCGGAGCAGGAAGGCGATTCTCCTAGGCAGGCCTTACCCAGACCTACGTAAGGCTGCCTCTCAAAGTGTTTTGGCCTGGTTGCAGCCATCTATCAACCGACAATTGTATTGGCTTTGATACCTAATGGTGCGGGATCCACCACCTAAAAATATTAAGCTCTCGCTCAGATATACAAGGCCTGTGAGCATGTTTCGCAACGCACCCGAGTCGCAATAGAGAGCCAGCAGCGTAATATATT,1575,48.51,Escherichia coli
SEQ_749026,ACGAGGTCTATCCTAACTCTGCAACCATTCCGCCGGCTGCAAGTTTCAAGTAACCCGCACCGAAACAGTCGAGGCCTACTAGAATGCGGATGAGGTATCAGTGGTTGGCACATGGGATCCACCCAAGATAGTGTCACCCTGTTAGTGAACAATCTAAGAACGGTGCCTGAGCGTAATCACAAAGGTATGTCACTTGGCTCCGCCCGGTCTGTTCCAAACTGGATGTTTCAGATGATCGAAGAACAATACACTAAATCCGAAGCGGTACGTTAGTAGTAGCTAGGGCCTCCGGGAAGCTTCTTGTCGATCTCAATAACTCCCTAAGATTGGGATACACGATTCTCGGATCAGCCCCAAAGGCATGGTACGGAATGCGGATCTATGATTAAAGGATTGAAGACAGTAACGGGGGGGACAAAACGCGGCACCAAAAGCCAGTGCGAGCGGCCTCAAGGAACGGAGCCGCTACTCTTTCTGTGATGAACTGCAGAGCAGAGGTCCATGTATTGCTGGTTGTATGGGCCAATCCATTAATGCGTTAGCGCTCATCATACGTGGGCTTGTGCCTTATCTTAAGGAACGGAACGTACGACCACTTTGTAGAGAACCGGTAAATTTTCACCAGTCCACGGCTCCTTCAGTATAACGGACCACCAATTTGGCCTGTCCGTCAGTATGTGACTGTTACGTGCATGGGGACCAGGTTTGCGTTGCAAGAGGCGAAGCAAACAGAGCGTTTTAAAATCTCATAAATCTCATCGAAATCCAATCCCGTGCAATAGGCCACATCCTGATCAGTA,800,49.38,Drosophila melanogaster
SEQ_219595,ATTACAAAGATGAAACGGGCGCGACTCGGCGGAACATTCACTCGGGTGCGGAGTCTTCCGGGGATAGAGAAGTGGGTACCATTACGTAGATCGTCTAAAGGGGTCTTTAGGGAAGAGCCCCGGATGGCGTGGACCCAGATGCGGAGCTACAAAGAGCAGATCAGCCCAACGATTTTGCCGCGATCGTGGTCAGCGCCGCGTTTCCAGAACACCGCCACGTGTAGAATATCAAAAGCCGCTTGAGCGGCCTATCTCATTTCCCTAAACGAACGCTCTTACCAGTTTATTCTAGCGGTATCAGAAGTTCTACGAGGCATGGCGTAAAACCGAAGATCTGTCAGGTTTAGATGTACTAACTCCAGGAGTACCTGGCTCCTAAGTTGGTAGAATTGATCAACTTGCACCTCACCGGGTAGCCCAGACGTGATAGCATAGTACGAGAGGACGTGTTGTTCGAT,458,51.53,Saccharomyces cerevisiae
SEQ_515451,GAGGTGTGAATCAACTCGAACAGTCATAACCGTGCTTAAGTAAAAAGTCGATATACGTTTGTGAGGAATGCAATCCAATCATCTCCAGTATATCCTTAGTCGAACAATTGGGGATAAATGAGCGAGTGCAAACGCGTAAGGGTCCGCGTCGTATCGTCCCGCTTTACAAGTAACGCA,177,44.63,Escherichia coli
SEQ_620429,CGATTCGAATCTATGTCTGACCGATGTAAGTCGTGTATGGAGTGCTCAGGGGTCACGCCAACCTATAGGCTGCGCCACGCTCGTGTCTCCGCCGATGCCATAAGATTGCCCACCCTTTAGAAGGGGTACGGGTCCTACTGGTCGAACAGTGGGGTAGTACGTAGGTATGTCTCGTACTGTTTTTGGACGGGTGTTGCGAGAGGCACTCGATCCATTTTCTCGCAGCGTATTTGTTATTTAGGATGTTGCGTCTAAAGAGGGGGTTTGAGCATCTCGTCGGTAGGGTACCTCTGCTCGATATCTATTCGGGTAAAGTCAATCGAAGGAGTCGGCAATAATGATCCCAGCAAGTTATGCGTCAGTGAGGAGAGGCTTAGTGACGGCCCAAATGATCGTACGCTTAGACGAGGGGATCATTGTAACGGAACAAGGGATGCTCAGGCTGCGGGTATTGCTTCTGACGTAAGTTTTTGTAAGCTTGCATAGTCCGGGTCGCTACCCAGAAGCAGGGCGGCCGTTGGAGACACAGTTCCCACTGGGTTTAACGCTAGGCTAAGTAACAATGAGTGCGTTTTTAATAGATCGGAGTTCGAATAACCTAGGCCTTAGCTAATCGATTTGCACAGATCGGGTACCTGGTGATGACATGGCAATTA,656,50.3,Drosophila melanogaster
SEQ_543612,ATTAGACTAGATGGGGAGAAATTTTTGCACCATACATCCCGGAAGAACAAGGATTTCTGAAGCTTGGTATATATCCCGACGACAAAACTTCATACAGGTCCGGCACAATCCGTTGATATTTGTTGATTGGAGTGGGCGAAACCGGAAGCGGAGCCTGTTAGTCGACCGTAAGACCTGAGTGGTAAGCATTCTTAGCTGCAACCGGCGAATGATTAGCCTCCTGAAAACACGGTGACACTTATGGTGTCTACAGCAGTGCTTGTGTGGTAGGTACACCATAAGGACCCGGCTGGATGGGAAGTAGCAGAAAACTCCACCCGACTAGGCGAAATAGCGCAGGAGCCTACCTCTGTTACCGTTTATTATGACCACATCGCCAGGTTGTCAGTCCTCCAGCCCGGCGTCCATCAAAAACATGATGACGAGCTGGCAATATCCGCCATGCCCGTACGCCGCGGCGCCTCGCAGCCAGATCTGTTCCCCCGCCTTGCATTGAGCCTTATATGAGAAGACTACACGAGTGTGGGTCGTCGATCTTACAACGGCGACTCAGCAGATTAGCTGCATTAGCAGATGTTTTCGAAGGCTGCCCCTGACGCTATCCAGCGCTCAACGGAGCCTTAAATGAGAGTCTCAAGCACGTATCTTAGCGAATATTCTGGAGATTAGTCCTGATTCCTACGTTTAGTGTCGTTCTCACATTGAGCAAAAAACTAACGGAGGTTAATGTGTACATCCAGATCCCAGCTGTCTGTGGGCTAAGGGCTACCGAGACGGCGCATAGTTGGCTCCCATGTTAACCAGCCCCACTATTTCTCACAACACCCCTTTAAGGATTTTGATGTATTAATACCAATTCTCCCCTTGATACAGGCGGGGACGCAAAAAGCCTGTGCCAATCCGTTTTGTAGTAGTTAAAACCCGTTGCACCAAGTTAAAAACAAGGTCGCGCGTGGTTTCTAAGTATGCTTTAGAGATCTGTAGGCGATCTCGACGTTAGCGTCTTGGTCCAGTATCACGCTTGTACCAGGTTCGTCATTATTGCCACCATCCTCATTTCGTCGGAATCCTTTTCCTAAGTAGCGGGTTTGATCTTACCTCGCACCGGGCCGTTTCACGGATCAAAAATGCCGTTTACAAAGGGCCCCTTTTCACATTAGAGTTGGTCCAAAGGAAAAACTGGCTATAGGGATGTACGTGTGGTAAGAGGTGTACTGTGGTGCTATTTATACGATCAAACTCCCCCGCTATTCAGGTGGGTTACCCGGCTTTTCATCCCTCACACGCTGCTAAGGCATT,1299,49.11,Saccharomyces cerevisiae
SEQ_444929,TTTTGTTTATGTTTAGGGTTTCATATGCTTCCAGCAATCTCTACTTTGTCCACTTAGCCGTAACAGTTAGGATTTTTAAATCTGTTAAGCCCCTCCCTGCTTCCAACACAGGGATATAATCTGATATGGGATTGAAATTCAGAATACCGTTACCACGACGCGTCAACTGAGAATGCACATTGTGTTGGCTGATGACCGTACCTTTGTGCTAAGCAAACTCTACTCCCATTTACCAAATTCGAATTCTACTCGTGCATAGGGAGAACTATTGGGCACGAGTCCTGTGCGACCGGTCTTTCTAGGCTGTCACTGCCCGAGAGAGCTCTCTGGAGCCATTCGCGCCGTAGTAACTGTATAGCGGAGCAGCAGGTCTCTTACACGCGTAGGGAAGTAGCCTGCATCTTCATGGCGCAGACCAGCTAGTGTTGGAATAGTAGACCCCGTCTTCTGCTCGATAGATCGCCTTAATCTTCGAGTTTCGCGTCGTCGAATCTTCTACAAGTCGTCGCTGTAACCATCTAGGCCATTGTACGCACAGTCGAGCATAATCGTCGAAGCAATGCAAAACGCTGTAGCTTGCGGGATCAAAAGTAGGCACGTTCTGGATTGGGCTGATGCTGGTGCTCCCATGCTCGATCTGAGAACTTAAGGCAACAAATACGCGAACGAATGGCCCGTATTGGTCTAACAACGATCGTATCTCAAACAACGCTGTACCTATTCAGACATAGATCTGTCCGACGATAACACGAAGGGAGATACTCTTGACTTTTCAAACAAGCGAACACAGAACGCTGGGCGAAAAGCGCTGAACCAAGACCGGCGCCTTTTGGTGGCTACTACCCAATTCCCTTTTCCACCCTGTTCATGCCTAAGGTAAAGATCTCCTTACACTCATTATCATCTACCAACTGCCAGTTATAATTTGGTTTGGATTGGGATGTATTCGTAATCTTAGCCGTACCACATAAAAAGATCTGTGCAAGTACGATTGGCTGTGTGCCTGTATACTCCCCTCCGCGTGGTAACGCCTATCCCCGAGTGGCCCCCTTCTGATGATCGCCCTATCCGATAAATTAGTACCCGCTTTTCGAATTGTGCGGATATGGCTAATTCCCTTTCTGACCAACGAACCTGCGGAAGAACCGACTATCCGTTGAAATGGTGCGCTCCGGCATAGAACTAGGGACTTAATTTCACGTTGCGCGTGTTGAGTGGCTTTAGTTCGTTGGGCTGGGATCATAGATGTCGCCGAAAAGACTGGAAAGCCTGAACAGAATCGGAGCTTAGAGCTTACGTCGTTCTCTAATCCACTTGCCGATGCCACTCCCGTGGGCAGCTTTAGGTCTTGAAGCCGTAGGGCAGATGGAGACTGACTGATTGGAGTTCTTAATTATGGCGCAATAGGTGTGCCAACTT,1419,48.13,Mus musculus
SEQ_621976,TGCGCCCTCACTAAGGTAGAGATCTTGTGGTCCGGTGGTAACCACAGAGCACCTTCCCAAAACCGACCCGCTCATCGCGACCCAGAGGACACGTCCTAATGGCGCGGTAACCACTCGAGAAGAGGCTGAGTTGTCGTATTCGCAACCGCTCGATACATTTTTTCATGTGAATGTTCATTGGACCCACGGGAGCAAAATAGTAAACCTCACAGGAGGCGCTGGCGATGAAGTGCTGCTCCCATTCGTCACCTGCGCCATTATTAAAATGGAACTCTTGACTTATGGTTCACGACATTCCGTGAGCGTTTACCATGAGCGCGTAACGGATCCACACTGATTTAGCTGAGGTACGAGGAGTATCGGTCTGGACCTTGCCCGGATCGTTGTGTCGCAGCTGGGGGTAAAGCGGGAAGCTTTGCAGAGCTGGCAAAATGAGCAGATTTCCAGCCCGTGTAGGAAGGGCGGGCAGCTCGTATATGCAAGAACAGATTGATTAGTAAGTTCGCAGGCGTAGACTGCGTACAGGGGAAAGGGTGGATCAGTAACTTTTGAGAATCACATCGGACTGATCTTCCACATTCGATCGTC,588,51.87,Homo sapiens
SEQ_251952,AACTTATATAGGCGTAACTCCCTTCGGGGGGATCGCCATCGCATCTCAGTATAAGTTACCGTCGGCTTCATAACACACAGTGAAGGTCAGAGCTACCTACTTAAAGGTCCCAACACGTCAGGGCTGGCCCGTGGGACTTATTACCTGACGTGGCATTACTTGCTCTACTGTGAAGTTAGCGGGTAACCTGCGAAACCCACCGTTCGGCTTCGGGTACTGATGATGTGTAGAGTATTCCCTCACGTGGCACGCCGAGGGGCCCTGGCCGAGCGATATCCGGACTAATTTGTTCTTTACAGCGGCAACGGAATTTACTGCACCCTGTTAGTGGTCGCCGGCACTATTATCAGGATCAGTGTAACGCATCCAAGTTGGATATTGCTGGGGCATCTTATAGGTAACACCTCATGCCAGTGATTATTTAACCGCCGATCCCGGAAACTGTAAGGTGGGATGCCGTAGCGTAGACAGAGAAATTATACGAAGCTTTAATCGCTACTTCAGCGGTTCTAGCTGATCTGTACCTCAACCACGTTGAGAGTCTCGCGTGTCGAGCAATAAACGCACGGGCTGAGTCTTTTGATAGAAAACAACCCACTGTTGACGAAATAAATGTGCACTCTTTTAGCTCACAAATTGAACAGGAATGGGGATCCGAGCTTATATTAACGTACCGTAGTGAACTCAGGTGGTTTACTGCTGACAGACGTTTTAGTTGTACAGTATAACCGACCGTTGCCGATACAAAAACCGCGCTCATGCGGGTGGTAGGGTGAGTACGCCCTCATGAGTTTTTCGAGGTAGGTGTGGCTATACCACAACACGCGCCTACCTTTCACGCTGAGCCTCGGTTCTTACAGTGTCCAGTGCATGATCCACGTGCTAGAAGCCCGGTGTCAGCGATTTTTCCACACGCGGCGCCTTAGATCACCTTCATAAAGCTTCATCACGCCGTGGTCCTGATGCGAGCATATCGTATCGGACCTTGGCTAGTACTGAACGCGTCTACATCGCTGATACCTGTGATGACGACAAATCTAGTTGAGATCCGCGAATATGCGTACCTAGGATGCGCCACACACTCGAAAGCTGCCTTAGCCGCTCCAGATGAATAAGGCTCCGGCCCGAATGCGAGTAACGTCTTACACCTCGTTATATTTGATATGATATCATTTAGGTCATGCCCCCCGCGAGTTATCGTCCCTACCTTGCTTCCACTACACACATACTACGAGCTGAGGACGGGCCTTGGGTATTTCACCATACTCTTCAAGGGGTAGGTTAGCCGCATTGCTAGCTTATGCGGGAAAAGTGCTCTGTGCCAGAATAGAGAACAGCTTGCCGTCTAGAGTCCTTGCCGGATATGAGGAGAGGGTCAATAGCCAAAGGTGCTGGTCGACGCTGAGCTGTCTCC,1414,50.42,Drosophila melanogaster
SEQ_170558,ACAGTCTAAGAAGTCCAGCCTGGAACGTTCATAGCCACATTTAGAGCTAGGATCCAACAACTAACTTACGGAACCAGTACGAGTTCGTCAGGCGACGGCGGGTTCTGTAACTTGCACGGTCGGAATCTCCCCACTACCGTCCCCGAGCGATTTGCCCAACTTGGCTAGTAACGAAGTGGAAGAAGTTAAGCCGGCGTTAAGAACTTAAGTACTCCGAGCCAGGGATGGAGAAGTTACGCACGCATACGACCTGCCTATTATAACTGGTGCCTGAGTAGTTATGCCCCCGCGGACAAAGATACTATTTCACACCCGGAAGTCCTGGGGACTACTAGGCGCATCGCGCGTATGGGTACATTACTGTCACCCCAGGCGAATCCCTATGCCAATATGACTGGGGCGCATCGTTCCGGAGACAGTGGGAGCATGGCTCGCCATGGATTCTGGTACGATTGAGCGTTGTTGTATACACCTCCGTGAAGGGTTCGCCCTGCACTTTTTGTGAATATCGAAACTAGGTCGAGTCCGCATTGTGAGCTCAGACCGCCGCTGTAGCACAAAGCCTTGGTGTGAGTATACTTACGTCTTTTTGTATAAGGCCACGACCTGGTAATCAGGGGTTCTGAAGAGTCTCGGTTATTCTGAAGTCAGGATTGTGTACCTAATCCTCATGTCTACTCGCATGTAGTAAAGGATTTTAATAGCTTATCCGTGT,715,50.35,Escherichia coli
SEQ_679315,ATCAGTGCCCGTTCTCAGGTCGTACTATGAGACTGGCTATTAGCGATACTATGTATCGCTAAAGGG,66,46.97,Homo sapiens
SEQ_241415,TTTTGGCCCCGTGGTAAAACGCAAACTACACCCCCCATGTTCGGGTGTCTAGAACGACACTTATGATAAAGTACTTTGGTGGGCGGGGACGGCCAGCGCTAAGATATGTACGCTATATCACCAGCTGCGCTGGGCCTACGCCCTTTCTCTGGACCTATTGTCGGATCGGTTAAAACACTCCATGTCGTTAGTCAAGATAGGGCCACGGCCGCAGACTCAAGGCATCCGTACGACTTTAGTTCCTGGAACAGCCCCATATAATGCGAGTGAAGGCATTTTTTCAAACAGGTGCGTATGGCCCAAGTGAAAGGGCAGGCGATAAGACAGCGTCATCAGGCGTCATATCTGCACTCAAGAGGGCGCTTACATAAAAAAGACGTGATCGCAGTTCGGGTACTATAGGACTAGATTGTCAGAGTATCTTCCGCACTTTGAATCTCTTGTGAAAATGCTGTCCTTACACCTCACATACTCTACACGGTGTTCCCTTTGGGGGAGAGAGTCGTTCCGTCTCCGCCGTCCGATTTACTTGTACGCCACATAAATCAGTTCGACCGGATTTAGAGGGAGCCCGTCCCTACGCCTAAGTGCGACTAGGGTCATAGGCGCTCAAGGAATACCAAACGGATGCAGGCTGACGGGTGATTGGACGTAATCACTGATGATTCCACTAAGCCATCCAGTGCCGCATACTGTAAGGCCATTACCGTCTCCGCACCGACAGACAAGATGTGGCAAGGTGAGGATGCCAAAACCTGACGTAAGCTTATTTCCCGGGCCCGAGGGCGTGCTACAGGGGTTGTTATGCTTGCTACAAGGCTGGTGACTACGGCCTGGATACCCCAGTTTTGGTATAGGGTTTAATCCACCCATAGGGTACCGATCGAGTGTCCATTGCTATTTCAGTGCAGGTGATCGTACCCTCTAGTCCGGCGTTTCTCGGAGGAACGACATACTAAAGCTTAGACACCCTGCCGGGGCTGGAGGCCAGTTGTAATGCCGCGGTTAAGTGGAGTTACAGCATCAATAAACCTGCTGATCCTGCAGCTGCCCCTCAATTCAAACATGCGCTGAGCTTATTAAGGATGTAGCATAGCCTGGGATAGAAAAGTAGACACACGATTGCAAACCGAGAGCCAACTCAGATCAACAACAGGCGATTCATCATATAGGCGCCTCTTTTTCTTAGGTGTAGGCCCATGCATCTGTCGGTTGCAGACGAGGAGGGAAGCATCTTCGGGGACATGGCTGATCTTTTTGCTGAGTCGTATTCCGCCGTATCGAGTCTAGTTTGCAATGACTCAGCCGATGCGGATACCGAGTCAAAGTTGTGAACAACGGCCTTCTTAGCTTGTCTCGCGTTAGCAAATGTGGTTCTCAAAAAAGAGTGTTGATCCGTGATCTCCGTG,1409,50.82,Drosophila melanogaster
SEQ_627451,CTAACGAACCGTACCTGCTACACTCCTGCGATGGTTTTCCTGCGCGAACCTAGCCCAGAGTCGAGCGTTGCTTACAGGCAGAAAGGGGGTCGATACGCGGTCCTGTCCCCTGACCACCCGCAGGGCCGCTCTTGGTCCTTGGTGGTGATCAGGGAGCCTCGTCCGCGAGGTTTGAATCGTCCAAACAGTGACGGTAAAGACTTTATATTTAGGCACACGGAAGCAGGAGCGTATGGTTCCTATCAAGCTATCCCATGGGTGCAATGCTGGTCGTCACAATACAAAAGCCTTATAGTCCCTATCGGAACTCGGCCTGATCCACCTCGTCGTTCGATCGCATTAGATGACTTAATAGGGTGCGCGTTGTTTAATGTACTCCCGGGCGTCAATTTTAGTCACACGCGGATGGTTGCGATGCCCTTAATGCGAATACCACAACCTGTACTAGGCGCCCACCTATTGACTTTGTTGACGCGGAGACTGACCGAGCTCAACGGTAAGACATCTTGTGTGTGAAGTGATATAAGATAGGATGCTACGTGCTACATACTACGAATGCATACTCTCGCGCGTCGCTCTTGATATGATTCTTATTAACAGGGGCAGGCACATATGTGCAATGGCAACCAGCTATCAGGAATAAAGGGGCAGATGAGCGTACGCCACACGAGGCTTTCGAGTCATGAGGAGTGGGAGTCGCAAGATATAGAAGTGTAAGATCACAGTGTGCTTTAGCGGCCTGGCTGGGCGCGTCTTCCCGGCATAGCACATAGCGAAACCAGAAAAACAATGTGGAAGTGAGGGACGGGGTCTATTACGCGGCTGATTAGTCATCCTGGCGTGCAATCCTCGGTTGTTTCTTGCAACCCGAGGATAAACACATCGGGGATAAACCGGCGTAGTAGGCAATCATGTAAGTCCACGCCGCAATTTAACCGAAACGATATTTCGCAAAGTGCGGACGACAAACACACGCTGCTTGTACTGCTCCGAGCTCTGTTATGATCCACCGGACAAAATCATGCTGGGCATCATAATGTCATCCCATATCCTCGCCCCAACCCCGGATTGACCGTATGCAGAGTCCGTGACGTAGACCGGTCTGCATACTACCAGTAGTTCTCTAACTACAGGTTGGGGTCTCCGGAAACTCCGCTTGTTGTGGCATGCTTCTCGCGAATCACCCGATTATCAAGCCACAATACTCCTACGGGAAACCCGACTACTGCAGCCCGCGCCCCCGGGAGCTCTCGCGTATCCTGCCATGGAGAGGCAGGGGTAGCACCCTTTGATACTCTAACAGATGACCATTTCAAAAGTGCCCTCCATCTAGGCGCTCTGTGTGCTATTGAAGCTCCCTTGACTAAAACATTATGCCGCCACAGCTATAAGAATATTTATCTTTGACCGCTCAACCAAAAATCCAGCCTTCATCCGGGCGAGTCAAGATTGACCACCAAAGGAGTGCAGGACACCGCCAGTACGTCGCACATAGGCTATTAGAGGGCGGTCCTCCAGGTCGCTGTCCGACGACACGATTACACTCTGATTCAACGTGCGCAATGGGGCTCATAATTATCTGTGTTGTCTATCGAGCTGTCCATTTTACTCCCCCCTGATGACGAATCCCTACTATGCTAAATACATAGAACTAAATCGCTCCTAAGTGCCTCCCAGGCTGGTAAAGTTTTGAGGAGGAAGCCCCCTCAACGCTAAGAATGATATTGATAAGGAGGGTTACCTCACGAAAGAGACTGAAGATGGAGCTCTTACCAGGGTCGGTTCCTGCTTACCAACTTTATACACGGGCGCCATTTAAACGCTACTCACAATCCAGCTTGGAACCGATCCATTCATCCCTCCCACGGATACCCTGTAATACCAT,1885,51.09,Escherichia coli
SEQ_153397,TACGATTCCCCCGTTACACACCGTTACTCTGAACCTCTTCGGGGCTTAGGGCATTATCTCGGGAGATTAAATAAGAGTCGTCGCGTTCACCCATACCGCGGTTCGACGCACACCAGAGAGTAAACTACAGATCCACCCTACCTCGTCGAGCACAACGTCTGTCTATGCCCAGTTCTCGACGGGACGTCGCCCGACGTCTCCAAGGATGACTTATGTCTGAATACGCGCAGATCATATGTGACCCTGTTCCGTCGTGCTTATGACCCCAGGCCCTCAGTTTACTTGGGCTAGATAGTATACGTGTAAGGCGAGAGCATGAAGAGGTCATTCACCGGTTGGGATGGGTCAACCCAATACGGGAATCACCTGACCTGGCGCAGCGCTGTTTGATAAGAATATTCAAGCAATGACTCTGACCACTAATGTGACAGTTCTAAACAACAGTGGGTCTGTGAAATTTAGTTGTTAACAGATATAATGTGAGGAACGTGTCGCCTATCATATCTGGTCCAAGACAGGGACAGCAGACGCTTTGGCCGAGCTAGCGGGCCTATAACTTGAAGGTCCGGGATCGGACCCTAGACGCCGAGAGCCTACTGCTTCTTTGACGTCTCTAACTACTGCAGCCTATGTATGTCATGTTTTAGGCGAGCTGGCCCCCATGTTTGTGGGCGCGCCCGACCAGGACAAAGTGAGTTAGGCACGGATAAGGTCGTTAATCTCCTATATGGGTATGGAAGTTATTGGGATAAGGCCGGGGTTGTGGTCCAATCCGCGAACATCAGTGAGTCTATGGTTAAACCGATTCAGTGACCGCCGGCCTATTGACACTCAGCTGACGTAGGCCCAAGCTGGGCAAACCCGTGTTGGGAAGACGAACCAGTATTCAGCGGCCAATGCGGATAATAGTCGATTGGAGAGACGGTGGCAGATAGTTGAGTACGTGGTAACGAAGTAGTCCGAACTTCATAGCGGCCAGAAAGATACGACAGGTTAGCAGGATACGTTGTACAATCTTCTTCCCGGTTGGTTCCTCAACAAGGGGGTCCATCGAGAGACCGACTTTTGTTTCCGTTAAAACAAACGGCACGAAACGCAGATTTTGCGATCCAATATTTCCAAACGGACGACAGCCAGAACTCCAGGTAGGAAGGTACAAATGGGCATAAGCCCATCAGTACCTGAGCAGAGACTGACTACTTCTGAATTAACTGCTTGCGGTCCGGTTACTTTGGAGCAGATCAACTAATGCCCTGGTATGGACGGACGTAATTGGGTCG,1280,50.62,Homo sapiens
SEQ_560142,CCGGCCCATGATTTTGTGCAATATAACGACCTGAGTCATGCGCTCAACTAAAACTATACGTCTAGTGTAAAGTGTCTCGACCGATTGGTAGCACTTACACGAGCAAAACGGCAGCTAAGTTCCGCCCATTCGGCGCAAAAGATAAAACGCCAAAATGTTCCCCATCTAGCCCTACAGCACCGTGGTCTTCCCAAGCAGTCCCTAGGTCATCCTCCGTGATGAACGCCCGCCGAACTCCAACAAGCCATCACTTGTCGTTCCGCTATAGCGGACTCTTGCCTCAGTGGTCGGCTGGACGATACACCATGCCAACTCACCGGCAATCGGAGTCCACGGATAGTCTTTCACCGATGATTTAACCATAGCGCCGAAGGAAAGTTCTACAACCAAGAGGTTACATCGATGGGTGTCGCATTGAAACATTGTTGTCAGTTTATTAGATCAACTGAGGCCAATCTTGAAGTTAGCACGTTCTAAGAGGGAAAACTATCCTGCGGACTCGAACCGCCACCCTAACGCCAAGTATTTGAACCTGAAAGGTGCTTCAGAGGTACGACTTCTGGCGCGTTGAAAGGTTAGCAAAAAGTGCTGGACTACGCAGTTTGTACTATCTAAGGCGTCTTGAGTGAGCGCTTTTCTCCAAGTTTATAGCACTCGGTGGTGGTTCTGTCAAAAGTCCCTGCGGTTCGTAGATACAACGAATATCCTTAACATATTCGTGTTGATGCAATAACGTACAAGAGAACTATCTGGCGAATTGAATACCCAGAGAGTTTCTCTCTTCCGGCAGAGAATTCTCACGTCCACGAAGGGGGACCTTTGAGAAAATCAAATGGCAGTGAAGCGATTGGATAAAGCAATCTCGCAGTCTGAAACGCGTGCTTCTAGTGCGGGGAAGATTAGTATAATGGCACCTCCGAGCTTCTAGTTACTCGCAGTGTGTGAATTACA,951,47.95,Arabidopsis thaliana
SEQ_243109,GGCTTAATATCGCAGGATGAAAGTATTTATTTGAGGTGCGGATCGGTTAGAAGTGGGTCTTCCAGAATGCTGACCGCGTTTAACACTATTGATGTACCGTAGCAGGAGCACAGGGACTCTTAGTGCAGAGTACTGGAGCAGCCGAGTGAGCTTCGCGCTACGGGATTCCAGACGGATAGGACTCCACCTTCAATTATGAAAACCTATGAGGGGCGACAAACGTATCTACCGACCCCCTCCGGGTACAATCTTTTGGGCCGGTTCAAACGGATGCGCTCGGTAAGGCTCATCGCTACACGATACTGGGATTAGTCTTCGGCCCAGGAGGAAGAGCCTAGGTTGACTGGTTGATGGACTGCCTTCCATGCGAGTAGTGCTGATCATTGGTCGAGACTGGCTCTTGTGTTCTCTGGAGGGCCATTTATCACCAGTCCACAGTAGTCGTCCTAGGCCTTGAAGAGGGTATATTCACTTCGAATAATCAAACTATCCTTGTTTGGAGTTTCCCCTATAAGGCATACAATCCCGGGGGTCTTTTGGCCATTAGGGAGATCTCTTAGAAGAGGCACGTGTGGATAGGTGGAGCGACGTTTCGTCTGCTTTCTGTGGGAATAATGCCTGCAGAGCGATGCCCTCCGTTACTAGCGTACACTCAGATGCTGTGTCCTGTAAAATACGTCGACCCTCTGGTTAAGAAAACTGTCTGTAGGCATGTAAGGTCCACGCCCTTCGGGTCCTGTAGGGCTGCTTTTCGCCTTGCTTGTATCGATGATTTTTCGGGCACCGCCATGGCGAACGAGTAGGGAGACGCGTGACCCCATAGTTCTGTGGGGCCAAATTTTCCACAACATGCTAGGCTACCGTCGTCAGCCACAATAGGGACTTTTGCCATGCAACGTCCTGAGGTGCTGTTGAGAAGTAAAGGTTTCAATCAGCAATAACTTTATGGTTCATACCGCAACATTTCATTACAGTACACTCTTGTAGGGTCGATCTAACGAAACAAATGACCCGACTACGCCTCCAGGTCTGGAACTGTTGTGCTGTCCCCAGACATTACCCGCCTTTATTCCCGAAGTCCTTACGACGCCCATGGCGTTCCACTACCAACACTGGCGAAGTCCTCCCGAGAACATTAGGGCTTTAGTTAGCCTGACTCTACAAGCCATGAATCGGGCTAACGGGTCAAACAGGAGTCTACCGGAGCATATGGTTGGGCCATCGCCATCGGGAACTAACCATTGTCAACATACGTATCCGAAAGAGGGTGCCAGAAGTCGTATTGAATGCGTGTAATGTTAGTGGTTTGATCTCCCTCTCCACAAACACTCTTACGCGCGAGCTATGCAGCTGGGTTTAAAGCTACGGGTAAGGGCGCCGCGTCGTGGCAGTCCCCTATAAAGGGGTACGCCCGTTCACTTGTCGGGACAACATAACCATCTCCACGTGACTTCCGATGAGGCTCGGGTCATCATTCCGGGGGGAAGCCAGATTCCGCCAACCGCTTTTTGGCAGGCATGCTGACATTTCACCGGTCGGTTGGTTGTGCATACTTTTCGTCCGGCCTCATCTGATCTACTGGACGTAGTCGTCGCGCCAATGGAGGCCGTTTGCAGGCCCCGCACAATACCGTTCACGATAAGAGAACATATGGTAACCGAATGACTGGAAGCATTGAATATAGTTCGCCTGATGATGTAAGTTATATCGGGTGGGATGCGAGATATTG,1729,51.07,Caenorhabditis elegans
SEQ_105804,CTGCCGTTGCTTGCCTGGTACAGCCGTTCCTTCGTAGAGGTCAGCTTCCGGATCTGAGTGGACTTAAAGTGTCCATCGTATAACGCACGCATGATCGAGATATAGGGCAAAACCAGATACGTCTGCCCACGACTCATAATACGGATCTGTCCTTTGACTACAGCGATTGAGACTCCCTCTTAGTTTGCCGAGGGCAGAACCTAAACTATGAAGTAACGGCTTTCCCCTTAATGAGTCCGTGGTTGCCGGAGCTTCACGGCGATGTCGAATGGTGCTCATGGATTAGAGATTCAGAGATCTTACTTTATGGCCGCGGGCCGTTCCCCGTTATCTTGTGATACCAGAGAAGGTGTCACACGGATAGGGAAATAGAGTCGTGCGGCTTTTATCCCATTGTGTCTGAGGTATGCGAGTGCCTTTGCTCCATTCAGATCGAAAGAACCTGCAGGTGAACTGGTAGCAGGATGAAAGGGTCCCCGGCAACCTTACTTTCTTAAGCACGTCACTCAGGCTCTTCAGTACGACGGGCGATTCCAATTAGGCTGCACTTCATTTATCCACTTGACGACCGCCTCGCGGTACCTACTGGTAGCGTATTTGTTCGTATATACTGCTGCAAGGATGGTTAGGGACTTGTGCGCGATTGCTGGGCGTGCCTCACACGGTGTTATCTATCCAGCGCTACATATAGTATTTACGAGAGTTTAGGCGGGCCGCAACCTTCCTGCTGTACGGAGGTGTATTTAAATCTGGGTCAGCTTACACAGCAGATGCGGCGGTCGCAACCTATAGAATTCCTTCTTGGTTAAAGTTCGTCCCCCTGCAAGATCTCGCTAGTACAAAGTTTGGCCACGCGAACAACAGTGATCTAAAAAAAATCCGTTTCGCTGCGAATTTTGGATGTTAGAGGTTCGGCTCGGGTTAGTTATTTTACAATATTATTAGCGCAACCCGGAGGAGATACAATTCTGCCGATCAATTTTATCTGCATAATGAGACGGCGGTTACAAGCCTTCAGCACAACCAGTACAATTGCCTTAGCAGTGGATATGATGCCGAATTTCGGACGAAAGTGGTGGAGTTTAATGTCCATGGATCAATACATGTCGTGAAACCTACAATATGGGAAGCGTACAGAGCCGGGCAAGTCTGTAATTACTCCAATACTGGTCGTTTAGAGGTCTGTAACGCTATCGTAACCGACCAGGCGATTTAAAGACGAGCCTAAGGTGCTAATCCCCACCGCGGTTTGCGGCCACCCTAGATTTGACCTCACTGGTATTCGTGGATCCCTCACTATTGTGTTTGGAGAAACGGCCCCTCTACCCGCATTATATGTTTCGTCCGAGGGCTAGCGTTACTCTCATACCACCGATGATCAGAGCGTTTCGAATCCGGGCCTAGGAGCCCCACCGTCAATGACTTCACGTGACAGTTACCCGATTGAGTACCCTCTACTATTGGATAAGTACCGAACTGCAATAGTCTCTGCAGAAATATCTCGCGGAGCTTGGCCTGCAGTGAGCTC,1528,49.21,Drosophila melanogaster
SEQ_788491,GAGCAACTCGGTTCGTCGCTACGTAATTTTCTACTCAAAAGACCCTCAAGTAAAACGGATTCTTCGGACTCCTAGTAACTAACCCTCATTCTCCAGTCTGGTAGGTTGGGCTGTTAAATCATTGATTATAGCGAATCTCTGGAAGCCCTGGTTATTCTGACTAAAGTCCCTAGCCCTAAACCTTCTCATTATGAGGTGGTCGTGGTAGCCGCTCTCTTCGGTCCTCGGCGGGGCGTATTCCACTAGTTGGCTAACATCTGGGTGGAAAATCTGAGATCCGTGCAGCAGGAAGCAGCGGCCGACGAGTGTGGTACTCCCCCGCGGGGAATGGAGCAAGTCAGCATGCCTCATAACCATTGAACCCGTCAGCAGTCACTTCCGGCAGCTAAGGTTATTACACCAGTTAATAATACGAAGGACGGCTACCGCTTCATTAGAACCCTAATAGATTAACTAGTCCGACCAGGATACCGGTCCGGCCAGGCCATTGTTCTCCTTGTCTTGCCATGCCCGGGACAGAGCCGGGAGACGCGCACAGGGGACGTCGTCCCCTGCGCGGATTGCCTTAACGGCAGGCCGATAAGTGTAGCGATCAAGCAGATGAGACATTCTGTATAAACCTTAGTGGGTCTCTGCTGAGGGCGCGTAATAACTCGCTGAACCGCAAAGTACCCAATCTCGTAGGTAGCGGCGAGTTGCGCGAATTATTTAGCTCCTTTAGTATTGTAAAAATAGAGCCAGTCCG,745,51.41,Homo sapiens
SEQ_886052,TAAGACAGCCCTGTTCACGAGAACGCCATCATTCTGTAACCGCTCCGTCCAGGTGGAAAGAATTTCTTTGTCCTAGCTCGTCCGTTGACAATCATGGAGTCCACCTGTTAGTGTACATCGCTATAGAACGTGACATTATACCTGTGTTCGCAAGGTCTATGGTACCGCCTCTCCCGCTACTGCAAAAGCCTGGAATCGCTTTAAATTTCGAATAAACATTAAGGTATCGCGGCAGTTGACATATGCTGTTAACCAACACTAAGTACGCTCACATGTTACGAACATTCTGACACTACCGATATTGACGGTGTACATGATTCGGCGGATGCGTGACCTGCCTAATAACATCTGGACCATGTGACAGGGCCACATTACACTTCGTAAATAACGCACTAACCTGTTAGTTCAAACCGCTGTTCGGTCTATCGGTAGACATCGCGAAACCCGAACCCAATACGAGCTTTGGGGGAACTCACAAAAAGCTGGAGGTGTACACTATGGCCATAGCCATTCAGATAAGATAAATGGGGCGTCCCATTTTCCAATTGCCACCATCCGGAATGGGTTGCCAGTATACGCTTGGGATTATAACCCTTGTAAGTGATAGACTAGGCTGTTAGAGTCCCCGTCCATGACCCGTAAGCAAATGAAATCAAGATCTTTCGGTGCGTTCCAGACGTGCGTGTAGAGATGTAGCGGTGGTTATCTTAGTCCTACACTACCCTGATATACCGATGAACTGATCGGGACACAGCCAAGACACGGACCATGTTGATGAAGCTATAGGTGCAGTGAGGAAAGTCGTTTAGATCCTATATAACCAGACTTGCGCAGCTGCTATTCTGAGGCATCCGCTACCCCTCGCTCTTATGGGGCTATTTATATTCGAGCGTTACTGCGTATACATGGAAAGACATAGTAGGCGACGCGATATTAAGGGTCTTCCCTGTATGTCGTTGAGCCCTTCGGTCGCTGGGTACCTGCCCGCCACCGAACACAGGTGCTTATCTATTC,1014,47.83,Caenorhabditis elegans
SEQ_132980,TCCGCGCCGAACCCTGGCCTGGTCAGTAGAGGTCGGTAACTGCGGGCAGGCCCAAAACACGCCCTATTCCTGAGTGTTCCGGTATTCTTGCGTGCGCAGAAGTAAGATCCATTCCCCACCCTTTGCAAAGGAAATAGGTATTACATGTATCCGAAGGTCTGAAGCAGCACTGCTGGTTTTGAATATAAATTTTATCCTGCACCAGGTCATCCCTCCCCTCTCCCGTCCCTAGAGTAAGAGCATTCGTTACCGCGATTAGGGTAGAAACTTGACTCATCATAGGAGAAGTCTTACTCTCGACCGATTGGGCTTGCCAACGGCCAGTGCTCACGGCGGATGAGGATGGACCGCACACCACAACGGGTTTGCAGACATTAACCTAAGGGGGAGGCCCACAGCTTAGTCAGTAAATCACTGCTTCTTTTGTCGGGAACAGGATAACTACATACGCACTATCCTATTTCCCCACGTAAAATTAATAGAGGTACCAGGGCCCCCCCAGCTCATCTTTACTATGGTCTTGGTTCGTTTGGAGCTCAAACCCAAACGAGCGGGTATGCCTAACAATGAATGCAATACGGTACGAGCATAAGAGAAAAGCAAGCTTACGATTTCCTCCGTGTATCGGTCCTCCACTGACAAGGCACTAGCAACATTTCGCAAACTCGCAGCAGCGCGCTTATGATGATAATCGCTGTGGGAAAACAAAAGGAGGACTGGCCCTGTTAGGCACCGCGCGGTGAGTTTATAGCTTTGCGGCGACAATATCCCGGCCCTAGAA,781,50.7,Saccharomyces cerevisiae
SEQ_975716,ACCGATGCTACTCTCTTGCAAACCCCCTAATTCAGGGGGCACGCATAGTACCCAAGTGGTTGGACGCCCCCCGCGATATCTGTAGGTTGTACGAAACATTCTTACCTTGAGGCATTTACTGGAATTCAGGTCGTGGTCCCTACTGTGTACCCCACTCGGCTCTAAAACAATGGCCATATAAGAGTCTTTGGGACCCGCAGGCCGAGGCTGTAGTTCGCACCATGGTTGCGACTCATATGTCCACAAACTAGCGCGTGTAGGTGTGCCCTTACGTCTACACGAGTATTCGATCGGGCTGTATGCGCTGTGCACAATACAGGCGTTTGGGCGCTGCGTTAGAGTTTCCTGGTCTGGGCTCAAAGCATCCCCCACACCACTTCACCGTCGTGATACTCGCGCATATAATAGAATTGCCGTTAGTGCTCCCAGATACCGGCTTTAGTTCCCACTCATCCTCTGCGCTGGGTACTCCAGTAATTCTAACTTCGGTCGTACTCGAATTCGACAAGCATTACGTCATCGCCCAGCGCGGGCTGGCTGAGATTAATCCAACGGTGTTGGTAATATCCCATTGGGTATATGTAATTTATTAAAGCGACTATTAGAGCTTTAAACGAGACGGCGCCGCGTTACCTCGCTCATCGACCCGGACATCTTTTTGGACATACGTCAATCGGTTCTATCCCCCATTGTGCACAATTGGCGCGCCAAATAGAACCATCCGTGTGACGCCATGCCAGTGCATTGCGTAGTGTATAAGAGCGACGCCGGGCCGTGTCCATGTCCACGCACTTTAAATCGGTCCGCGTTAGACCCTAATTCATTGATGCGCCATAAGGAAGAAATGCCTTCTGCATGTTACAGTGTAAGGATGTAATAACTTGTTTGCGTATGGAAGCCCGGAAAGGTATACGCTCTCTTCAAGTGAACTTCCTGTCGTACTAATTTGTTAGATAGGGCAAAAGGCCGCGTTTGGAACCCAGATGGGTATGACACGTGGGCGCCCATCAATAGCGTATTGTCCCCAGGCCGCGTGTCAAAAATCACATTTCAAGTTCCTATGTAAGGCACAGTAGAGTGACATAGGCTAAGCAAGTCTCTTTTACGATTTAATGCCACCAGATGCTCTCGGGCTCGTGATCTTGGCTGGCTTGGTCTTGAATCCATTTTGATTCATCTTCCTTATCATTAGGAATCGTCTAAGCTAGCGTATAAATTGCTCACTACCTGTCGATGGGAAGCAGTGTTGAGATAGTTGTGGATATTTATCCTGTGATATCCCCTCTGATCTCTCCAGTCTCATATAGCGACTCGTCTAACCGGCCAGTGGTTTCATTTCGGCCAGAGTCGCCGTTATCAGCAAGCTTGTTCCGCACATTAGCCCCAGTCCCTGCAGCAGTTCTCCTATTCCCCATGTTACTCGCAATATTCCATCGGGAAAGGCTCACCACAACCGTCTTAGTCTTTCTCCGTGTGCTGTACTACACTTGCCACTTAATAACAATGATTCGTACGGTCGTAGAGATTATAGACGTAGTCAATCGAATGAACGTTGTGTACGGTCCCCTATGGTTGTAAGAAGAAGTCGCAGCGTGGCTCCGCCTGGGGGCCGTGCGGCCTCCCTGTTGGAAAGCGGTGCATTTCTTCGGATCCTAACAGGTTGGCTTTTGTGCTTCATACGTATACACCTCTCTTCAGTCCCCTAAACTTACGTGCCGGGGTAGCAAAAAATCTCCAGAGCAAATTCGGAGATAGAGACCATGACCAGATCTATAGACACATTCGCGCCTTCTGGCCCGACCTTGAACTCTTAGACGACATTTGTGAATTGCAATTCCGGGCGGCTAGGATGTCTAACCCAACAACTGGCAGTCATGACATTTTCATGCCGTTCGTGGGTACGTGATTTCACCCGAGGTGTGTCACACAGTACTTTCGGAGCATTGAACTGGCTTTTACTGAGAAAGG,1968,49.39,Homo sapiens
SEQ_806543,TCACCTGGGCCCGCATGCATGCTCAACCGATCCGACCACCAAGAGTTAACCACAGTATTAAGCGACCGAAGCTGGTGGCAGCTGCCTTGTTGTTTGCCACGCAGGACGTGGCCTTTTCGCCCGACACTGAAAGCGCATATTTCCCTGGTGTTGCAATCGGACTTAGTATTACCACGGGCTCCTCATTTGGAGCTCCCGTCCAAGTGACCAGACGTGGCAATCTGACCGCACGAGCCGACTTGTTTTGATATGTCCTCTCTCTAGCCGGGATTTCGGCACGGTTCTTCACCAGAAGTTCTTCGGCGACGGTTCATAGGCACGTCGATAGTAACAGGAAATCTCTAAAATGAGCGATGGAGGAGACTAGTATCGATG,375,53.07,Drosophila melanogaster
SEQ_704813,TCAAGCTGATAGCGTCGAAAATGAAAGGACATTGTACTAATATTCAATGGAACGTGTGTGTAAGTATCGCCGTCTATCCCAGGAGCACCCTAACTAGGGAACGAATTGGTAGTGGTGAGCTGGTATGGCGTTTCCGAAATACACGCGCATGTGCCGGAGCCGGACTAATGCCTCGTTCTTCATTTGCTCGTGGGAAAACTGGGGTCCGCTGGGGTACTACGACTTCCGGTCGAGCGTATACGCATGTGGTGCAATTTCCTCTCCTCCATAAGGCATACACCTTAAAGATTCAGTTGGGCGGGGGCGATAACTACGCGGCGATAGGTTTACGCGTGCCTGCAAGTCTACGTACTGACGTCGAGAGTATGCCCATTTTATGCGGACATTTATCACTGCGCCACACCACTAGTAAGATCCCATTGAGTTGCCGCGCTAAACCTCACT,444,50.68,Mus musculus
SEQ_888076,ACATAAAACACGCGGCTAGGTGCTGAGGCTTCTAAAATGTAGGAGAATTACAAACAGGCTGGTGTTCGTCAGTCCAACGACATCTCACTCATTTACCGGTTCCGGCAGCACTCGAGGGAGTAACAATGGGTGACGATCATGGCTAATGGAACTGAGCGGAGTCACCCACTCCGATATAATTCGATTTTCGACAAGGACCAGGACATGGCTA,211,48.82,Homo sapiens
SEQ_593641,GTCCGGGATGTAAACACTGCACGAAAGGGGCTACACTGAGTGGCAATACATGGTTTAACACACCGAGATATATATAAGGAGGCGGGAACTGCAATAAGTCCGCAATCCTCCACGTGACTGCTGCCACACCACAGCTCTAAATCTATGCAGGGGCTCCCTGGCTTTATACAAAGTCCGTACTTGTCATTGCACTACTTGAGAAAACCATAAATCCCCCTTATAGCAATTAACACAGTCGACTCTCCCAATAGGACGGGACGAGTCGTAGGCCATGTCAGAAACTGAGGTGGTGCCGATAGCGACTACCGCAGTGGATTTAACTATGTGCATTATGCCAACTTTGATTCAAAATTAACAAACCAGAACCCTGATATAGCCGTCATCCGTTCCCGCCACAAAATTTTGCGAGGTACACGCCACACGTTTTGGCTGCCGCGAGTAGATGCGAAGAAAACTTGTAGTAAGGGTAGGGTTGAAAAAGAGGCGTTGGTCATGCATACGCTTCACTTTTTGAGCCAATCTGTTTTGGTTATCCACGAGAGAACCAGGTCGCGCAAACTTTCCTAAGTACGAAAGTAGGCTGGGTTTGAAAACGAATACGTTCGGAGTCCGAGAGCAGCGTCCTTTTGACCGGGCTCTCGTACGTTTCGCAAAGTCGTAAAGCAATAGCTGCACACTAAATTAGATAAGCAAAAATCCCCAATATTTGGGGCAACCGGTGATGCCGGCAGTCCTGGTAAGGGTGCACAGAGATCGAGATGGCCACTTGTTGTAGGAACAGCATTCCGGAGTGACCTCTCCACCGATGAGGGTACCTATCAATAGTGAACTGGCTTTATTACTTTTCTTATCCTGCTGTCATTTGATGGCAATTACGCAGCGTAGAATCTGCATATGGTATAAATCAGTTGCGCCTAGCGGCGCTCCCACACTCTCGATCCGTGTAGGATCGAGACGTACCCCACTAGAAGCGAAGTTTGGGAGCTCTGATCGAACTCAGTCTCAACCAGTTTGAGACGGATGCTATTATTTTCCGTAGAATGCTGTTTCCTAAAGTTCGACTTTAGCCTCACATGGCTGAAGACTCAAAATCTAATGCTCGCTAGCCGCCTAATTCGGGCAAAATTTAAGTATTTGCTAACGCAAGAGCCAAAAACTAGGTAGTATTTATTGAAGCGGAAAGCGGTTAGCTGACAGACATCTGGGGAGGCGCTACCGCTATTGGTTAAAATGGCGTGAAAATGTATGGAGTACCCTTCGCGTAATGCGAGGGATTATGCCGATGGATCTTTTAACTCGTAAAGCAGGGGGGCAGCCGAGCACAGGCACACCCAGTAATTCACGGTTTTAAACCGATACTCAGGAGCGGCGCATTTACTATAGTATACCAGTGGGAGATGGTCTTACCTCGCGTCTTGACAACTGTGCCGGGAAATGTTACATATTGAGGTTAAGCGACCGTTGCAGGTGGAAAGTATC,1479,47.46,Mus musculus
SEQ_608181,GTGCTGTACTTCCGTATCGCTGTACCGATTGGTCAAGGCTGTCTATTCTAGACTGATGCCAATCCATCTGGCGTGGGATCGAAGGCGAGGCGAAATGTAAACTCCCCGAACTTTTTTTTGCTGTCTAGCTGTGCCACCCTCCCGAGCACTGATCTCGTGCCGGAATCAACTAGCTACCTGAGTGTGACTAGTAT,194,51.03,Mus musculus
SEQ_157563,TACAGCGCCACAACCCTGTGACGGAAATATTACGGCGTGCTGACAACAGGTCACTCCTGAAGTAGCTCTCCGGCGGTCAACTACTACCGTTACCCGTGTCGCCAAGGTCTGCTCTGAACCCAGATGTAGCCGGCTTTCCACAGCTTCTTAAGTTTTGTAATATAGTAGGTCAGGGGGACCTCGGCATGTACAACATTACAACGAGGCACAGTGAAAACGCTTTCCGTGATTTTGCGGTCTGATGGCGGCAGAGCGGCTCGAATGTGCACTCTTGTGAAGATCTAGGCGCAGACTTCGGGTGAAGATTGGTCGAGCGCCTCCTCTATAGGGCTATTATTGCACGAAGAGCGCCCAGACTCGGCTTCAGCCTCTTCACATGGTGGTGATTGCAAAAAAGCTCTGTACTCCATAAAAAGAGCTCAGGCGGCCAAATGCCCAATAATGACTCCAGACAACCTCTTCGTGTCGCCAGAGTCATAGTTTGTTAGTAGGTTTCCCCAACCGCGCCACCAGGACGTTGGATCGTTCGGTTCTATGGGAGTGAGGATTCCGTATACGTAACGTAATTTTTGGGGGAGCGGTCAATGGACAGCCGCTTAAAAGCCAGTCGAATGGCTCCTCTTATGTCTCGGAGGCTCGAGCGGCACTCCGTTCACCCCGTTGGTAGTACCCGATCGCCATTGTAGTTCATACGATGCGCAGGGAAGTAGGGACATGTGGACCCCCAATGGCCGCGTCTGGAGGCAGCCCCGTAGAAGACAACATGCTCCATTTACCAATTTGGTACTCGAGTGAACAGTTGATAAGTGCTCCTTCATACGACACCTAGGGGACGTTAGCATCGCCGCCCTAGGTGATATGTGAAACACGTGACTCGGGGTGAACTAGGCCGACCATGGGCAACATCCACTACGTATTAAGCACGGCGGTGGTGCGTAAGCTATCCAACTGGTGCATCTCGGGTCGATAAAACCATCGGTATAAGAGCGCATGGTTGACCGACCTAGCTCTATCGGCGACCGCTAGCCTTCGGGGGCCGGCACGCGTGGCCATTCGCATAGATGGGAAGGCCCGCCTGGTTTTTGACCATGATGGGGGAAAGCGACCAGGCATAACATTAGACCTACTCGTGTGCCGTCATACAAAACAAGATTAACTGACTCATTGTGACGCCTCTCGATAAAGACCATGTTGCAATCTTGGGGAGCTACGCCTTTGCACTAGTTCGTTATTTGGTTATAGTATTACAGATGTCTGCATAGCGTAGGTTTTGAGAGACTATAGCAATAGTGTATTAGTTTGAGGAAGGCCGTCTGCTGGCTGCATTAATGAACCGCGTTAATGCCTCCAGTATCGCGTTCTATTGGCGAACACCCTGCACTGCACATCCACTCCGGCCTGGGACCAATGGCTGACTCTCTCTTGGGCAGTCCAAGGTGCGCCACTACGGTCGGCCGTCGACCCGCATCTCGTACAAAATGAATTT,1486,52.36,Caenorhabditis elegans
SEQ_356017,GAGATACGAATGTACAAGGAACCTGGGGTTGATGACACAGATCCTCTAACCCAGCCAGACGCTTCACCGAAGG,73,52.05,Arabidopsis thaliana
SEQ_528925,TGCCAAGGGCGTTTCTTAAGTTGCAGGAGGATCGGAGTCCCGCACCAGGACCGACTAGCCGGGCACCTAGATCGGTACCCTGCTGAGAACACATTTTGATACCGAAAAGCCGTTACCCCAGTACACCTATCGTTTACAGCTGGCGCGGCGTGTGCTATTAATTAAAACGCAGTAAGCGCGCCTCACAGCACTCGTCAACCAGATTTAAAACTTGCCTATAATGGTTGTACACCTGTAACCAGCGTAGTATATTGGGATACTCTAGTACGTGGCGCCGTGGCCACCGGCCACCATTCAAACTACTAACCATGGAATGGTTCGGCGCGGATGATTTGAGAGTGTGATTCGACATCCGAATGTATCGATTTCTTGGACGGGCTGGGTTTTCGTATTGTGTCTTATATAGGCAGCCTACTCTCTAATGCTATTGTGTTAATACGTATATACGTCCGTTTCCCGGCGATTAGTAGATGGAGCGTTCCAACAACAAGTAGTATGCGGACCGAGAACTGACCGCTGGGTTATTTATTAGTCAACAGCTAACGGTTGAACAGATTGCTGCGGATTCCCCTACCCCCTTTCCAAGGGACTAAACCTCATATTGGCCGAAAGAAAGTTCTTTATTCTCATGCCGTTAGCAAGTGTGCTCGCTGGTGTAGAACCCTTAGAGGAGACCCTTCACAAGTTTCTAAGCCGGAATACCGTGGATATTTCACTCTGCCTAATTCGCTTAACGCACCTCGTTCGTTGTATAAGATGCCAGCTGTATCCCGCGGCACTATCGGTCCGACGTGCGCCAACTTCAAGGCGTCCCGCAAATACCACTACCTTGATGCGATGAAATACTATGGACCACTTACGCTCTGTTACATCAGCGCGCACTGCCCCTTCAGCTGAGATCTACCAACAGACGCATCTCCGGAGGATGGGCTGAGCGGCCAGGCCCGTAGGGCGTAGGGCAGTCTGAGCAGGACACATTTTCCCCAGTACCGAGAACATCTCTTTGGCCGTCTCCTCCGAGGATACGTTCAGTTTTACTTCCAACCAAACTTTCATTTGAAGCCATGGGTCAGGACTAGCAGGATCAAGACAGTGTTTTTCTGAGGCCCCATGCCGTGCATCCGCCAACGCCTCTGGACCATGAGTACATGGTATAGTTCGGGGTAGGTGTACCTGCAAATTAGTTTCAGAGCTGACCTTGGAGTAGCAGCTGGGGCATGACAGAAGACTCGCGAAGCAAGGTGGTTTCGGTCGAGCGCTCAAGGGATATGCTCCTTATGGGATCGGTCTCGTATGGCTTAATGAGCTACGTTTGCCACCTGAATACCTCGATGTTTAACAACACCCGACCTTGTACTTAAGCATAACCGATTCGCAGAGGAAGATGGCTAAAGATCAGCTTACCGCGCCCGTCGCCTTGCCCCTAGGATTCACATCGGGGCCCCAAATGAACGAAGCCCTCGACACTCACGGTTTCTGTCGGGGACGGGAGAGTAGCCGCTAGG,1505,51.23,Arabidopsis thaliana
SEQ_402945,GATTGCTAAGGCCGGCGCTTTCTTCCGCGTGTCGCGACCTACGCCTACGTCCCTATACGATGAAGGTCGGCCATTAACACACGTGCAGTCACTACTCTTTGCCCCAGTGAAAGAGTACAGGGCAGGGCCAGCCATTCGAATTAGGAGCCAGTAGCCCGGTAGACATATGATCTGTGTGGCTCAACGACTCTCACTCGAGGTAAATACAGCGTCAGTCTATCATGAACGCCCGGCGATAATCTCGAGGCAAAACCACCTACCCGCTTAATTCATCGAGTAACAGAATAAGTCGGCTGTTCTTATGGCACAAAGCCCAATTCTGCGGGGATGACCTCTTTTGAACCGATTTCATAGATGACAAGAAGGAACCTTATGAAAAGTAGCACAGCTCTTGTTTTTAATCGTGCGGATGACTAGCCGTATATGCGGATCCCCAATGAAGTACAAGGGGTTCAGAATGGCAAGCGGGGCTTAGTAGACTAGATAGTCGCCTACGACCCCGAGGTCATGTGGTCAGCCGACAAGCGAGGTAGGTGGCAGCAGCCAGCTTAGCCTCACCGAAACCGTTTTTGGAAAATAACCCTAGGAAATCACGTCGGGAAACGGGTCTGTGTATTAGCAGATGCTACATGTTGACCTAGTGAGCGCTTACTAATCCATCATAGATATGGGGGCCCGCTGTGACGCGTCCGGCCCTGGACAGTAACTATGGTTAAGCAGCTTGTATACGCGGGGACGTATATGCCAGGAGGATCAAACCCAGTGCGGGTTGGAATTCGACAATAGTTTTCGGATGAATCATGCATACTCCTCACATCGGTGTACAATTATGGCCCTCCGACGAACAGAACTATGTACGGCATGGATTTGTGCGGAAAGAGTACCAGTTCCGACAAAACTGGCCTCGCCACAATCGAAGTAACAACCTCCAGCATATACGAAAATCTACTCATTCACGATACACCTTTGGTAACATGGAGATAGAGAAACAGTCCGACTGTCGGTTGACCGCGTAAGCCACAGCGAAGATGCAGGTAGTCACCCATAAGAGCACTTAGCCTGGAG,1065,50.14,Arabidopsis thaliana
SEQ_815487,GGAGCGACGACCGTCGTTAATGGGCAAACGGGCCACGTTCGGCTCCCATTAAAGGTTGGACAAGACAATTGTCGCCACCCCACACCATGGATTCGTTGTAATGCATTGCCCGACTATACCCTCTCTGCGACTTGCCTCATGTTGCGGGCAATCCTAGTATGAGGCGCGGTATTTCTTAAGCAGTTGGATAGGGCGACTGCTGACAGTTGACGGTGGTGCTTGGCCGATCTAGTGATACACGCGCAAGCGAGCTGGGAATAATCTGTGTGTGCAGGTGTCGTAGCCAACATTTAATTGCCTGTAAATGTCGTATTCAAGGCATAAGACTTACTTCCGCTACTTCATCTGAGTCAGTGCAGGTCTACAGTCTTTCGACCCGAATCTGACCTTGAGTAGTCCGCCAACGCCGAAATGGCTAAGGGTCGGCCCTTCGCGTCTAAGGAATTTGTGATTTATTCAAGACTGGCCCGAGAAAGAAGACCCCAGTGTGATACGGCAGACTATGCTAAAACCACACGAGATTTAATAAAGGGCACACATTGACTCCTAAGACTGGGGCACACCCATGGCTGACTCACCAGGGCCGGTGGTAACCACGCTGAATGCTATGAAAATTCAGGTCGATGCCTTAGTGGGGTAAAGTCCTACCCAATATCGGTATACGGCGATCCGAATTCTCAACGCAGTTGTTGACGCACTGATTTGCTTTTAGCTTGGCAGGCAAAACTCAGGGACGCGAGCCTTTAGGTAAGCCTGTAACCGGTGTGAATTATACGTGCCAGGCCCACATCAAGATAAATCACAACGCTAGGTAATGATCACTCTCCGGTGAAACCCTCAGCCTGCCCCAGCACCGGCCACTGGTACAGGCCCCCATTTGCGGTGTTTAAGGGATTAAATTTATAAATTTAGCCGACGGGGAAGACACATGGCCGTCTACACAGAACAACGATTTGCGTTATGTGCGAACTTTTCGCGCTACTCATAAGAAAAATAGAGATCTATACGCATGAGGTTCTGCGAGCGGAGCGAAGGTACCCTCAATGCGTTCAGAGGATTGGGAGCGCTTTACTCCAAGGCGCGGGTGTTTGTCGACAGCGTGGGCAGCTCGTAGGGAACCGGATGGCCAGTTTTCAAGGTGAGGACACATGGAGTCCGGTCATAACATCGAGACGCTACTGGGAAAGCACAGGAATACTTACAGTACAGTCACGCGTTGCGAGCGTATAACTTTTGCTCGGATTAGCAGTGTATGTTTCGGATTGTTCCCGAATATAACTTGGTTTTGGTCCAGCGACT,1299,50.42,Homo sapiens
SEQ_758250,TGGGACATTATCGACGGATTACTTATGATGATGTATGTAGACAAAGTCTGGTAATCCGTGTGCAAACGTATACTGTAATAAGAGGTCAGATATCCGGTAATTGTATGTCTGATGAGAAGCCGATTCAGATTGATTATAGGATGGGCACCCGGAGTTCACCATATAGGAAAGGTTCTAACAGAACGCCCAAGTCAGCGCACTTTCTGCGAGGGCTATGCGTATCGACACTTGCACAAAATGGCACAATCGTTCGGTTTGCTCCGGGTGCATGCCCGACGAGAACCGCACCTTGATAGACTTCGCCAGGTAAGATCCGTACTCCTACGGTAAGTCAGTACCGCGTTTGATCAAGGCATTCACTCATCCCGATCCGTACCGTAGCCTCGCAGTCACAAGCCTGCAATTTGGTAGTTTATTACTGATGGGTTAGCGGCGCAGGCCTGTAGCTTATAGGCTATTGCACGATAAAGTGTTAGATCAATACGCCTTAAGTCAAGTCCATAACCGCACAAATTATTACAGCCGCTATTTTGTGACTGGGCGTGGACAGGTTTGCAGTCAGTATACGACCAATTAGCGCTTGGATAAACTAATTCAACGTAAGACCGCCCCTCTACCCTCCACAAGGTTTTCGGCGAAACAACTATTCGGCTGATACCCTGTTAACCGTGAGGGCCTTCCGACATTGCTGAGATGGTCGCAGCCAGTCCCCTCTTCCTTGCGGACCCACAATTGATGACCGAGGTAGAGTGCGAGCTAAACAATGCAGACAACTCTTCTCGTAGACCCCCCTGGTACAAACCGGAACTGCAGCCTGCGAAATCGGTCCATTTACCTGTCTATCGACG,848,48.82,Homo sapiens
SEQ_410351,TCTCTGACCAACAGTGCGGTGAACGAAACAGCAAAGCCAACTTCCTACCTGGGAGAGCAGCATGTCATGCAACGGACGTAAACGATGCACGGTATAGGTACAACTGTAATAATTTCATTCTCCGCCATTGATGGTTACAACGACACTAGTG,151,47.02,Escherichia coli
SEQ_753445,AGCAGCCCCCCTCAGGGACGGGACGGAGCTTGTTATAAGGGCTGTGCGTTGGGGAGATCACCCAGTCATGATGGAGCAGTATAGACAATACATCTAGAAAGAAGGCCTACTACGAAACTCATCGAAGATAAGGCGTAGCGTCGACCGCTTCGTCTCACGTGCCACATCGAGAGGATACATAGCTATTCATAGATAGCTGACGACGACAGATTACACGTTCGTAACTCAGCACGTCATACGGAACCAGGAATTCACCCTGCGTCAGGATGTACTAGATAATAGATGTCATTCCCGCATATTTAGTGAGTGAACCCACCCGCCAAGGCGTCTAGCACTGCTAAGATACCAAGAGAAGCGCTTTTCTCCGGGCGGTTGTTCTACGCAATCTCTAACTCGCCAGATTGAATCCAGCATGCGGATATCACAAAGGGGAGCGAAATAACCAGGGCAACCTTCTCAGCTACCTCGAGTAACCTTCTGAAGTCTGGCCGTGGCGGAACGTTGCTGCATCGCCATTCGTTCTACTAACCCGTTAAGGTGATTCTCCAATCCGCTACACCTAATTCGTACCAGAGGTAATAGTGTTCGGCCTATGGTTTTGTAGAACGCATGGTGGTACTTCCTCGAGAGTTTAATTGATCCAGATTGCGGCCATGCGGAGGACTACGGCACTACGTACCGCTAACGAGTCTCAGTTTATAATTGGATCGCCAAATTCATATCGCTGACACTCGACCAACAAGGAGAGGTACCTTCGAACACGCGTCAGTCCTCACCGCGAGCTGCGGGTCGATGGGTGTTGATAGCGCTCTGCTACCAGGAACCAAGCGCAATACGCTAGATGTCCCAGAAGGTTGTGCGGTTCGGCCCCGGCATCAGGGTTGAGGATGCCTTCTTCAAGATAATTTCGTACACGAACCAATTGAGGCTGCTATCGTCGGCCAATGAGTTACATAGACCGAAACAATAGCATTTATCCTATTGGTACTATGGACTGATCAGGCGGTCGTCTGGAAAACCAGTCAAACAGAGGAATCACTGTTCGATATATCCACCTCCTCTTTTTCAGGTCCAGCGCAACGTGGGCCCCGTTTCTGTTGCTGGCTATCCCACAACCAACTGGACACTTACGCCCAAAATATTTGAGTGTCGACAGGTAGCCTAGTTTCGGACCGCACATCGAGTAATTCAACAGCGAATTCCCCTTCGGTCTGTGACCATGCCTGCTCAGGCTCCATCCGCTAAGGTAAGGAGCCATGGGTACAATTCAGGGGAAGAATACCCTGGCGGAGACATATGCTGAAAACATGGACAGTCCAGATCTCGGTGTTTCCATCTCCTCATTATAGTCTTTAGAGCTGTGCAAGAGTTGACGCCTGCTTCGTCAGCGACAGAATTAGAGGACCCTTCATTCCAACTGTGTCTCAATGTAGCCATCTGAAGTGAGTTGCCCAATTCGAACTCATAATTTCGATGTTGTTACGCCACTGGGCAAATGGTGTAGTTCAGACAGTCGGAAAGCGCGTAATCACTAATTTAGAAGCTCCTATCACGAACCTCGTTGACGAAACCCTTAGGCTCAAACTCATGGTCAAGAAAAATATTGACATTATGTCCTTCCCACTATTGTAGTGGATACGATAAGCTTTTACGCCATCCCGTCTGCCGCTGGCTGTAAGCAATCGGGGGAAGTGTGCTGGCGGGAAGGCAAGGAGACGGATTCATTTTTATAAGCAAGTTCCGAGCGTCA,1750,49.49,Caenorhabditis elegans
SEQ_833893,ATTACCGGAATGTCAGGGGAAATCGAGGTAACGAGCAGGGGATTTGTACCTCTGCTCCGCTATCTTCATTCTGTTCTTGGTCGCCTAAAACGCCAAATTTCTCGTTTGCCAATACGGAATTTCTAGTAATAATTTTCCGTGACAAGAATAAACAAACAACTTTGTTTCCATGGAAAGGACCCGTATAGAAGTGCGGTGGTTAGATCCCACGGACTGCGACAATGGACCAGGGCAAGCTTCGACGACCTATAGAGAGATAGGCCGCTCATCCTATCTAACAAGTAGTTGTAGCTAACCGGAGCTATGGCGAACCGGCAGTAGCGGCCGTCGTGACCTTCCCGGCTTAACAACCAAGTCCTCCGACGGCGGTTCCCGGCGGTACCGCGAGAACTAATACTGCTGTCGCAGCCAGGTAGACTAAAACTGGTATCCGGCGGTTATCCATGTAAGTATTTGTCCTGCTGGAGGCAGTGGTTTAGAACAGTAGCCGGAAACAATCCACCAGCTATTGCTCAGGGTTCGTCATTCGGTAGGCTAACAGCCTCGCTACTGTTAGTCTAGATATCATATCTGTATTACTGCATCCCTAACCACTACTAACCCTGCGTATCACCTATGAGCGTTCGGAGACCTTAAAGTGGGGGCCTCCCAGGGCAAATACCTACAGAACGCAGTGAAGGCAATCGGTCATCTACAGGCTTTAGGGCCCTACTATAGGAGCCGGAGCGCATCCGCTCTATCGGTCAAGCACGCTGCCCATACATCTGATACCTTCGTAGGCATGCGCCGTCTAATGAAACTTGGCGGCTAGGGTCTTGGCTTGATTACGCGGAGCGGGCAGTTGCGTTCCGATGTTAAGAGTCTGATCCGAATGCAGGGTTCTTCTTTATCTTGCTGTGCCTAATCACTTCTTCATATCCCCGTGTCTGCACTTTGGGCTGCTTTGGTCTCACGGGAAACACACAATAATCTATACCGACTTCTGCCCATAAAGCGAGTAATTCTATATATTCTTTTGCCCATCTGTCCGGCCATCCCCCGTGCTGTTGGATAGATCTATAAGTATAACGCTTGGTCTTTCTATAATAAAACAAGTACTGGTACCGGGTAAACTGAGTGTTCTCCTGCACTGTAACCCCCGTGAGTATGTGGTTTGCCCCCTATCCTGACTCGCTTATGTGCGACGCTTCCGCT,1194,49.66,Escherichia coli
SEQ_655969,TACATATTTGCAATGCAGGTGGCTACGCCAGGATTAATGGCCCCTTGTTGCTGCCCCCGCATTGTCTGCGCTTGTCGGAGGAAAGTCCTGTTTCGAGAGTATTTGCGTGCAACAACCAATCAAAACGTGCCCATACCACTTTGTTCGAATAGCGTCGCCACGCGTGCCCCGGAGCCTCTCTGGACTCTTAGCTCCCTCAACCCAACAGATCAATACGGATTAAAATTGTAAGCTGGAGGGCCTTCGTCTTCTAACCCAGTATGTGGTACGATTATCGGATCATCGTGCCGAGCCACCTCACTTGGATAGCCAGCTACGTTTGGTGGCTCTATTCGAAAGTTTTCCCCAATGTACCCCCTATCGGGGTAAATGGGCATTTTAGAGATACTTTGCATATGACTCATTGCTCCCCCAGAGCCCTCCATAGGCTCTGAATTCTAACTTCAAACCAACGACTCAGGGGTAGAACGACTCCACACGTGCCCTGTTGATATGCATGCGCTCCCTGGACGCACTTGGTTTGGAGGCTTCTATATACGTTTGTCCGCGTATCTCGTTTGTCCCGCATAGAGACGCATCGTCTTTAGCGCGAAGGGGATGAGGTTGGGCTTTTGCTTTTGCGTGCTGACTCATAAACATAAGGGCATTGGAACGCGCTTGACTTCAAAGACACTCCCTGTCCGTAAAGCTTTGTAAGTCCCTTCGGATATCTTCAGATATGAGTCGAGAAATGTTGCCGGGTTCTCTGCAGTTGGACCTAAAGCCTCGAGCAAAGAAAATCAATTATCCCCTTCTGGTCCCTGCTCCGTCACGGATCGCCGCGCAAGCCAATGTTTTATCGGCACGTTTACCGGAAAGGCGTTGTAACGAAGTATCGGAGATGGGTTGAACGGTTCTCTGTGCCGAGCCAAATCATTGCTTTTTAGCCTAAGGTCTTTCCTACTTCGGCCCCGGGCCAGAGGAACCATCAGGCGGATCGACATTAGAGAACAGATAAGTTCTGAGCACTATCCTTATTCATCACGCTATGTTCGATGCGATAGTCTTTTTGGCTCTCCTATTGCGTCAAGTTAGAACCGGATTCATTCCAAACCACTGGTAATCTAGCTGCTTAGTAGACTATTGCTTTATCGCATGCCCAAATAAATACGCGCGGCTCTGGCGGGTGGGTGGCTACGATCTGTGCCCCTGACTGGTACTGTGCCTTCAGCCACACGTGAGGTGCGTACAACGCCTAGAGTTATAGTACAATACACTGATCCTGCTCACCCGGCGGTAGTCCTGCCTTGTAGGGGA,1296,50.31,Arabidopsis thaliana
SEQ_350015,AGATTGGGAAAATGATCTATAATCAGCGTTAGAACCCTCAGAGGGTTGTAGGCAAGAACTATGTTGGGGGCATACTAACAGCCCTCGTGGGAAACAATCGCAGCGTTTTTCTAAAAGGGGGACCAGATTTGCTATAAAAAACTTAAGAGCTAGATCGGATTAGAGGTTGTTAACTGGGTGGGGCTAACATGACGGGTAACAGGCATCGATGCGATACACTATGCGGACCTTTCGGAAGCGGTGAAGTCAGATGGCCCTATGACGCCAGGGGCTTACGAGCCAAATCGGTTCTTATGAGGCTTGGTAAATACTAGTGGAGGGGTTTACAAAGCAGTCGATAAAGAGGGACTCGTGCGCTTTCATAACGGACGTATAAAATCAAGGAGTCAGACTCACCCTCCCGGAGCGGTTCCGACTTATCTTGCGGTTCTGGTTGGGTCTGCTAGCAGTTATCTAACTCCTCTACGTGCGCCTAATAGGTGCAAGTATCAACCTTATTGTCAGCCCGAGTGTTGAGCAGTGCGCGGACTCGATTTGATCATTGGATTAACAGGCATACACGTGCAGCAACAAACCCTTGTGCGTCTGGGTTAGCGCGTATAGTTAGGCTCGAGTCTGCCCCAGTCGGGAATCTTGAGACAACTACACGATACACGGATGAAACGTATCGCAACTTAGGAGAGACAGTGTCACGTCGGATGCGGCACTCAGGGCGCCCGGAGGTTGGCTGCGCATCGGAACGGCATTCGCACCCAAAAATGCTACGGGGAGTAACGAAGCACCAAGAGAAGCAGCCCAGT,800,50.5,Arabidopsis thaliana
SEQ_386288,GAGACGTGGGTCCCTCATCAATGGTGTGGTTGGACTCACTAATAATCTTCAGCATTCGTGATGTGGCAGTAGATCCTATAAGATGCAGCACTTTCTAATCACCACTCGTACTACCCTCGATTTCGCGCGTAAGAAGGATATGTTTTTAAGTTATGTTCCGTTAGAAATTACTTTCGCTTAGCCCCGCCATATCTGTCAAGGCGAAGGACATATGTGATGGGGAAGAAGAGGCGCAACGTATCTGTTGGCGCAAGTTACGGCAAGTTGTCCACCTCCAGTCGCCGCGATCAGCTCGAGGGGCGATAGAATCGGTGAAGCAGTAGCCGGGTTACCTGGTTTCGTAGCGCTACTACGTAGAGCGTAACTTCACTCAGGTGTCGTGGTCCGGATGACCAAGTCAGGTCAAAAAGATGACTCAATCGACGCAGTCTAGTTTGCGACCGAAAACTCCCAATATGGTTTACATTGTGGCGAATCGCAGCCCTTCACATAGCTTTGCAAGTACGTTTACAGGGCACAGATATTCTGGTTGGTAAGGGATGTGGACGCCGCAGCTCTTCGGGCTGATCATCGAGGGAATATTTTTATGGCAATGTACTCAGGGCCTAGTTATACCGGGAATCGAAAGGAGACCGTACGGACAGTCGGGAACTACACTTTTAATTTGGTCTCGATGGGACACGAGCGCTCGGCAGAATACCGAGATACGATTGTAGTGAGCTAGGGACGAGCTGTATAGAGCTAAATCCGGCCAATTATTTGAGGTGAGTAGAATATAATGTGTCCAAGGCAAAGGAGAGAGAACACAGGCCGGCATGTGGATATCAACCCGAGGATAATGCTTATCAGGCGCGTCGGCGTCAACCCACTGCTTTCAAGATCACGCAAATGGGCCCACTGCATGAATGCCAGATGCTACCATGAATAGCTCAGAGGCAGTCGAGTCGCGAGGTATACCCGAACCGTCTGCGTCGGAATGGACAGCGTCCTCGGCAGTGGACCGTCACAACCGATCGGTTTTATATGTGCTGCACGTTTATGCTTGTCGTTGAAAAATAGGCATATACCTGGCCTTGTATGTCACAGTTTAACCTAGTTCTGAGTAATCAATGATCTACAAACCAGGTCGT,1130,49.12,Drosophila melanogaster
SEQ_476533,TCATTCCGAGCGACCGGAGGTAAGTGGGGGACCGAGGGACGAGTACCAGTAACGCCCCTCGTGATCACGAGTACCCGGGCTTACACCGCCTATGTATAGTATAAACTATACCTGGTCTTAACGTCCGTACGCCTACTGAATCTGACGCAGAGAGGCACTTTACATGCTTAAAATGCGCCAGTCTCATACGAATAGGTAAGAATTTTGATGCAAAATGAGTTAGTCGTCGGAAGATGGCAAAGAATGCGTTCAGCAGCCCAAATTAGGGTAATTCTGGCCATTTTGACAAGTTACACACAGCGCGACACGCCAATCATTAGAAAGTGCGGCTAATTTTGAGGACAGTGTAAACGACTTCCTAATGCCATTAAGGAAAAATATGCAAACCACTGTCTGTGACTCAACCGGTGGACTCACTGACGATTTTATACTTTTTACGGATGCATGGCAGAACCAAAAGAATAATCCTAGCATCGGGAAAATTTTCAAACGATAGTTGCTGTATTGTCTCTGTAGAATCGAGGGGTGGGCTGGCGTGGTGTGAGCCTTTGAGCAAAAGGTATAGGCGCAGTGACAGAGGTGGTACGGCCACCCCCCCCCCATACCCTGAGATCGTCCGGAGACAGAATATGTCGCGGACCAATGTCTA,649,47.92,Saccharomyces cerevisiae
SEQ_519025,TAAGAGCGTTGTGAAGCGAAGGACGTGAGAAAATATAGGCTTGTAGATAGATGGAGCGGGGCCCGATGAACAGAGCGCAATGGTCCGTCAGTGGAATACTTTTTCTGATGCACCTTGAGTAGAATTCGGGGATCAAGGCTACGTCGCTGTGGAACCGGGCGACCCTACCACTGGATGATCACATGACTACACCTTTCTGCCGGGCATTCCTAAGTCCGTCCTCGCGCTCTCTCCCCACTAGAACCAAACCAGAATCGCTGTCGTATATGCAGGCCTTATCGCCGCGAGTCTAAACTTACGGGTGCCTGTGGCGTCTACCCCGCCATTATCCGATTAGTGTCCTGCCCGTGCCAGACCACAACGGACGTTTGACACCGCTCTTACGACTACCTCGGTAGCATGTTACCGCCTAAGTGAAGGACTCTCTAATAGACTTGTGAAAATTTTGTCGAAAGTGCGAAAGCAACGAATGCCTGACTCTCTTGCAAGCTATGCTTGGGATGTTAGACTCAAGGGCACAGCTTACGGGACCAGAGTTATGGAAGACTGAACCGCGTAACCGCGGTGTGGTCAGACGTCCGGCTTGGAAAGGTCGAAATGACACC,605,52.4,Saccharomyces cerevisiae
SEQ_958074,AAATCACTTATCACTCCACCGCGGCCCATAATAGGCTTCGTATATCTGATAACTCCATTCAAAGTTTAGTTGGATTCCCCGCAGTGCGTGCCGGATCGCTGTGTAAAGATAATAGACATAATCTGTTCCCTTCAGGGTGTAGTCTAACGCGGGGCCGTCAAGCAGAACTGGCTACCCATTTAAATCGCCTCGTCGACATTGTGGTGCTCCAGGGCTCTAAGCAACACGATGACACGGATACGACTGCTAATGTTTCGTTACAGCGCCACACAGTTTCGTCAGTGCTGATCTCACGCGAAGTCTGTCTAGCCGGCACCAACTCCACCAGCCGTAGTTTAGCGGGACTTTGTGCGATTAGCAGCGTCTAGACATACCGAGATCGCAGTTGCTATGGACCTAGTGCTCGACGATTTCGACAACATTTTGACTCTCGTGTGTGATCTGGGCCTGCTAGGCTCACGTGGGCGAGCTGTGCCCCCACACCGAATTAACCGACCGTTGATTTGTAGTCAAAAGTTTGCCTCTAGTGCGCGGCTTGCATATCTAACTACGTAAGACAACTGAAGTACGGACAAAGCAAATCGATTAAAAATCGGCGGCTGGGTCCACACACGTCTTCTCCGGGTATTTGAGAGTGCGTAATTTTCTAACCGTCGAGCTGCGGGTAGTACCGCGCATCTGCTACCCCGCTTGGGCGCCCGAATTGTAAGCTCCGATATCCACGAACTTTGAGCTGGCTGTCGGCTCACCGCCCACAATAGGTAAACTCGCTCAAGCGCCTGGCGTTTTCCGGGAAGAGGGTCCTAGAAGAAATCTTCTGGATGATGTTGTAGCGACGCTGTTTTGTCGTGTCCGTTTGGAAACGAGCGGCCGTTGTGAGCTACGACATGGGGCTGTATGCGCCCAAATTCGGGGATGCTGAGCAGCGGTAGTGTCCAGCGATCCCTGATTCGCTGGGGGCCTCCACGATTTAGTCCTCAAAGCGTCCCTCACAGTGGCGGCACTCTACGAGATGCACTATCCGCATACAATGGACAGTCGCACTACGCCCTGAGACACGGGGTCCCAAAATGCCACGATAGTTCAGGCAGGTTGGCCGAGGTTTTTGACTGGAAGGTTCTCCATACCGTAATTGAGATTGTGTTGTCCGTCGTGAAAGTAGATTTTGGGGATAACCTCAGTTATACTGAACAAATTAAGAGACTGTTGGACTCATCGGAGTGCCCTATGCAAATAAAAGCCAGGAGTGGCCGCGATTAGAGCCCAGTCTTGTAGCAGCCCGACGTGTAGAGGCACCCAAATCTGCACGGGAACAAAAAGTCTTAGGGCTTCGGAAGTTCAGGACGAATCCGGTGAGAACAGGAATTGACGTAAAGCCTGAACCCGCGTTAAGGCGTTTGCGTGCCCGATGAAACTTGTGCAATACAGTCCACGATAAGCGCTTCGGTGGCTTGAGCTGAGATGATGCGTCGTCCATTGTTTGCTATACTGACCTGTTACAAGGATAACCGGACACTATAAATGGGGGAACTGTCTATGATTACAACTTGATCATATTATCGCGAGT,1567,51.24,Mus musculus
SEQ_643054,TTAGCCCGTCTATTACTCTGAGCCATCTGTACCAGTGTCGGGACGCGTATTGTTGTACATCTCCGAGTTGAATGGGTCAGGTTTAACTTAATTTAGCGGGGCGGCTAGCGACAACACAGAGCCACAGCTTAATAATGAGGAAGGTACCGCGACCTCCAGGAGATTCTCCAAGTCCTCACCGTAATCCCAAGGTGCTGAAGCCTCTAGTCCATGTAGGCTCCTCGGCTAGCCGGTGCCACACCTATTTCCCATAGGAGTAAGATCTAAGAACCTTTCACGGTATGGCACAATTGATGTCAGCACAGCATGCGGGTCACGGACCGTCTATAAAATAGCAGCCGGTGCGCCCGTCATTTGCCTAATTGATCCGGCCTCTAGCAGGGAGACGTGTAGCTCGTCTTCAGGATCTGGTAAAAGGGCCACGGGGGTAGCAGTAAACTGTGAGGAGCGTCTGATGGTGTAGCTCACGGTCACGGGATATTAGATTGCAATGTTCTGACGAATCCTCGAAATTGATCGCGATTCTATCGAACTAGCGTGCTCCAATCTGAGTTGTGAGAACGGAGCGGTTGGCCGCTAGCACTGTTCAGGGCTAGGTCACGTTCACCTCTTGGCCGACCTCGCCAGCTTGTACATCGGTTGCAACTCGCGCCAACGTCGGGCATAGGAGCCTCATACAAGGCGCCAAGCATAGGCGATAAGCAGCGGCCATCTGGAACACGGATGTCCGATGAGTCCCAGGCCATGGGCTCGAATTGCACGGCTTTTGCGCGCTCTATATATTATGTATCCGTGCGGGGCCACCGCTCAAATGCAAGTAAATTCCTAATTTCCCCTCGTATGCTTCAAGTCTGCTTCAGAGTGTGCGTGCAGTACATGGCTGCGGAACGGTGCGGTCGTGCCGTGCGACTCGGAAAACGTCCCTACGATATCCACGATGTGTTACTATGCGTAGATACGGCGTACAATGGTGAATCGCAACTGTTCTAAGCTTCTACCTCAGGAGATTACGCGGGTTGGCACCACCCCATATGTCTCTTGCCGCTCGGCAATTACAGGTAAAGCCACACGTCCGCTTTCACCCCTACAAATAGCGGTTGCAGGTGGTCTTGATCAATGAATTGTGCGATGTCTTAATCCGCCCTAACAATTAACTTTGGCCACTAGCATGTTCAATAACGAACGCCAGGAGAGCTTTGCTACCTGATATGGCGTGCCCC,1220,52.46,Drosophila melanogaster
SEQ_215050,TAACCATATTACACCCATACGTGGAGCTCGATGCTGTACCTAGTATTGGAAATGATGTCTTATTGCCCCGGGCGCGAGACACCCGACCTGTATTTGCGACTCACGGGGAGCCCCATACAGTATCACCCAGCGACTCGAACCCAATCTTCATTTTTAAAATCGCTCACCACCAAGTCTTTATGTTATATTTGCGTGAGCGGCTTGGCAACAACATGGCTGGAACATTGGTTACCAAGTTTCAACCTTGAGCATTTCAAGCTCGTCCGTGAATTACCCACAGCCGTAGTCTTACAGTCTAGTAGCGTAATAGGTCGAATAAGGTCGTAGCTCGTCTTCCAGTATTATCATTCTGAAGAGCGGAAATATTCTCAAGTGGCTACGGC,383,47.0,Escherichia coli
SEQ_512997,GTATGTTTTCCCCTAGTAGTACCGTAATATCGGGATGCCTTCCGGACGGGAAGTAATTAGCCGAGCCCCCAGCACATTAATCGGCTTCTTTGGCTTGTCCTGGGATTCCCATCTCACGATCTGCGGTCCTGCTGAAGTTGGCAGTTCACGTTAATTTTGGCAGAGTGTCCTTTGTTGACCAACCGGCCTCCCAGAGTATGACACAGAGAGACTAAAAGACCGGATTCCGAGTAGTGTTATTCTTCCCTTTCTTACTGTTGCTTCCTCGAAAGAGGGACGCCAGGTCCAGGGCTCTAAATAGTACGCTTTGGCCCAGTATAACATGTATCATTATGGTGACTCCTCGTCTCACGAACGCTTGAACTAGCGGACTAAAAATGCATCGGATCGTAAAACACATTGCGTGTAGTGTGGTCCCGTCCCGGTCTGACGCCCCTTCGCC,442,50.45,Caenorhabditis elegans
SEQ_335727,AAATATGAGGCCCCCATGAGGGTATTCTTCTAAGCGTGAAGCTGGATCGCCTAGTAATGTCTGTACCACGGCAGTTACGGGTGGAGATTAATTCCGGGGTAAGGAAGGCGAATTCGATGTCGTTCGGGGGTGTCGCTAACATTGACTGAATCCTGTAATACGCCCTCGAGTACAAACGGACGGGATTCCGGGCACGGTTACATAAATGACTCCGCCATTCCATTTAACACCGATCCCGTAGCGGATTTGAGATGGGTTAACATAGTCAGCTG,272,50.0,Mus musculus
SEQ_266236,ATGAAAGGACGTGTCTATTCCCTTGTCAGATTCGCGATGTGCCGTTTCTAAATGTTGAGTACTGATGGGTGTGCCAGGACCTGCGTATAGGACTTTCTTCCGTAGCTGTGTCTGAGTTCAGTGGTGGAGGTAGGTTGACCTGCGGCAACGCTGCGACATAATTACTACCGTAGAACTTAAAGACGATGAACACTCGATAGTTTGGCCCGGCCCTGCATCAAACGCCGGCTATTTCGATCCTCACGAACTCCCCTCAGGCCGTCCAACCGGTAAGGGGGGTAGATCGCGTCCTGGTATCATGTCAGCGACATGGCTGTGTTTCAAATGTTCCCCGACACTATACCACCCGACGCGCCCATTCTCTTTTGGCAAATATGCTTACTCTTCCATTTTAGGCGAATAAGGAGCCGACACGCAATCGCCACTTATCCTTGGATAGCACGTGGGCAGACAAATTGACGATAAAGGTAAGTCGAAATCGTTGTCTAAGAATGTGTTCCAGTATAGAGGCGTTTCGCAGAAGCGATGGTATGACTCATCTCCTCACTGTCGTCTGTGCGGACTATCTCTGTTTTCTCCCTGGGTAGGCAAATAGAACTACGCGCTAAGACGCGATTCTGTGCGATCACGCCGTAGGCCCTCGACACGCGATAGGGGATAAACCATGAACTAAAACTCGGGATGTCTCTTAATAGAATTGAGAGCTTACAAACCGTACTTCTCGTAAGGCGAAAGTTTTTTCTCCCTAGCCGGGCATGGTGATAGCCTTACCAAACCCTTATCCCAACCCGTTTATTCTCCGCGATAAACCATGGGCTTTGGTACACCCGCCTCCCTCCGTTCTGGCACCAACGCAGCTCTGCCAGATAGGGGCCACTTCTAACGTGCGCCGCCGGAAAACCATATGTGCACGAACCGAATCTGCTTCTAATACTTCACTTTAGCTACAGAGTGACCCGTCGGTCGAGTGTTAACAGGCTTTTGCAATCCATTGATAGCTAGGGGCTGTAAGTGTTCGGCCTCACCCTGATCGGTTTGGAAGCACTCTATAAGTTTCTAACAGTTTCTGTCATTTCGCTGTAATGGTTTCGCGCCCGGTTGCCGCAATAGTCATCTTAGTGCATCCCCTCCATCCGCGTCAGCGCGTTCTGGATTTAAAAAGTATGCGTTCCGAGACAAGTATAGGGAGAATGGGACTGGGTAAAGACATGCTCTCGCAATGCCCATAGTTGTAAGGGCTTGTCTGTGACGACGCTACAATGATCAATTGGGATAGCTGTTTGGCAGCTAATATCCGCAACGCGCCTCTTCGGCCCAACAGTCGTCGACAGCCACCCATTATGTTCGTTCTTTGTACCAAGCAGCAGAGGCTCATTGTATATTTGGGTCCTAGAACTGCTCCGTGGCGACTCGCCCCTGCACAACTGGAGGGGGTAATTATCTGGCCTTGTCGCTAATACTGACCAACTGGACTGGAAATAGTACTGAAGTTAGCGCCCGCTGTAGTACTCATCGTGGCGAACATAGCCTATCGATCATGCCACCGCTGCTCAGGTTTATTTATTAATCAGTTTCCGCGTCGGGGGGGATGATCGCATTAGAATCTAGAAGCGTAACAGTACACTTTGGTAACACGAGTATGCC,1644,50.06,Saccharomyces cerevisiae
SEQ_876123,TCGTACCTCACCATTGACACAACCCTACTAGAGGGATCTGAAGTGGGGATCCGGCGATGACAATCTGAGTTTTCGGTGACCCCTACTCCCTCACGCCTCTTCTGCTACTAGTTTGTATAATACCCCTGATAGCCGTTCCAGAGTAACTGCGATTACCTGGATAACCGAGACTTGACTTTATTCCATTCGGCACTTCAACTCGGTACGCGGAAGGCTAGAACGTTTTAACCGCCTCTCACGCAAAGGTGGCCTACCGCAGCAAGGGAATATCCTCATGGACACAGTTAAAGACAACGACAATATCCTCGTACTTACTAGGTGTTAGTTAGACCTTAAGTCCCGGACTCTATTAATAGTCAGAAATAGTTTGGTGCTGGTTCACCGTACGGTATACTCCTCGCACGAATCCGCCTTTTAAGTGTGGGTAACAGCTTTTAATATCAGGGCTTGATAAATGATACGGTTCCTCAGGGTTGAGACAAACCCCGCAGGACGACTTACGTGAGTGTGGGAACTGAGTTCTGACACAAGTACAAAGGCGTACCATTAATTAAATTTGTTTACACCTATGCACGGACTGACCCGAGCCATTGAAACTCAGAGTTAGCCTAACCCTTACGCTCGTTTCAAATACGCCGTCCGAGCCAATTATGAACAGTGACCAGGGCACGACTAGTCCTTCGATATGTATCTTCCATTTTAGTGTACTAAGATAACTAGCCCATGAGTGTCGATGGGGTTCATTCGACATATCATAGAGTTGATTTCATCTTATGGCTATAAACGAAGGGCAACATTGGGG,802,46.26,Escherichia coli
SEQ_754480,GTACGCACTATCCATACGAAAAGGTCTCACGCGGGCACCCTTTAGATAATAGTAGGCGACTCAATACGCGCGGTTAAGCGCGTACGAAAATTCCAGCCCAATGATTTGTACTTGTGTGAGTTATCTTCACTGCTTTCTCGCGTGGGCATTTGATCGCCGGCGTTACGAATGAAAATTGGTTCGTCTACACACGCCCTATCTCTTTGTCTACTTACGATCTAACATAGTGTATGCTCGTTAAAAGATACCTTGTTAACCTGAGTCTGGACCATCATATCAGCGTCTTCAAAGCCGTATAAACAACAGCATCGAGCTATACTTTGCAAGACATAGCTTATGTATACTGTCACACGCGGGGTTCTCTGAATATAAGTGTCAAGCTTTGGAGGGGGATTCCAGTCGGCTACTGCTGGGGGCAGGCTAACATATACGTGCGTGCTGCGCGCCGCACTACTGCTAGGCACCGCCGTCCCTCCCTTGTAGGCACCATCAACAGAAATCGTAGTAAATGGCACAGACGTGGTCCGAGTTCCCAGAACGACCTCTGTCGCCTCTAGCGAATAGTCCCTGAGCCCCACCTCATCTTATCTGAACTATGCCGGTAATTACAAGGATGGAGATATGAACGTCCCCAGGCACAGTTGTTCCGCGTAATAGCTGAATTGGTCCGATTAAACCTTGTAGCGTTAACGGTTATTGTTCCAACAGATCTTGGGTACTCCCCGGCGCATTGCGAGCGTTTCTTGCGCCCCCTGGACTGCCGGGCGCGCCGCGATATTGTTGAAGTCTCACGCGCTTAATAACAGAAAATCTCGTCCGCGTTAGAGCTTTAACTATACATTGTGCCGGTCAAAAGCGACGAACGTGAGACAGCCGCGTGCCAAGGGAGTCTAAATGTCTTAAAAAATGTCTACCTGGCCGCCTGTATAGTATATGAACAACTTTGCGGAGTTTTGTCCGACGTGGATTCTGTAGCTTCATGCGTAATTGATTCCCGGGAAATGGCTGTTATGCCTATGGACGCCTGTTGAAATGATTAGGCATGTGCCGTGCAGATCACGGCGGCACTGAGCGCGCAATCTATGGTGGCCCGGCGGGCGTGTGTACGGGGTGCTCCTTGTTTATTGGGAGCATCTTTTCCTACCTTTCATGAAGGCCACAATCCGCTACTGAGATCAGCAAGCCGATGGGTTCTCGCAGATCGGCAGATGTCGGTGAGTGAATGTAGCCGAAATTACA,1239,50.04,Saccharomyces cerevisiae
SEQ_487378,GGACGGATTAGATCTTCTGGCTCTTTGACTATCCAACGAAGGTTAAAAGAGTTTTTGCAAAATGCCGGACACCATCCGCTAACGATACAGGTGTTAATGCCCGCCGGATTGGGACCTTGTAGTTAAACGCTGAACTCACACACTCAAGGTTTTGATCCTCCGTAGAGAGTAATACGTAAAAGACGCCACCGTTTCACTCTAAGTCGGCTGCTTATGAGATCATTGTATTCTGCGAAGGTAGAATCTCAAGCGACGAATGCTAACGGGAAACCTTGGAGTGTCCAACATAGGTTATACGCACTCGGCTCTTAACTCCAGGAGAACTTAGGGATTTCCCGTAACTTGCAATCCGGGGTCTCACCTATACGCGTGGTCATATGAAACTG,386,46.63,Arabidopsis thaliana
SEQ_616836,CATGTGCGAGGGAAATCGGTCACCCCACACAGACTAAGGTCACCGTCGTTAAAAAGCGAAGCTAGGCAACTAGGTGGACCAAAGCTTAAGTTAGGTCGATCATGCGTTTGGAATGCATGGGGCACGCCTCAGGTAAACTCCCGCGTGAAGACATGAGTACGCTCAACGATTCTGTTCCAACACTGTCGACAAAGCGGTCGTTACACTGTCTCTAGAACACATGGTCATGCAACTGCCGACTCTCGGCTCGCAGTACGAGTTACACCGTTCTGTGACCCCATGTCAAAACTCTTTTCGCCCCTCTACCGAAAAACTCAGGTAATAATCGAGACTAAGCAATACCCGTTAATGGTTGCGGAAGTGGGCTGCCTACATGGCTCTCTCCTCCCCAGTTAGGAGTAGTGTACCATATACGGCCCCGCAGCCTCGATACAGTGCGCGGGAGGAACCACTGTGGGCGCAGTGTAACCGCGCAGTGAGTTCTGTGCACTAAAGAACTTGATGCCTCTAGTGCTGCAGAATCCAGTACATTCTATTGCGTGAGGAACGCGATTTACAGCTAGACCTGTGCGTCCACACACTAGGATACACGTTTTCGAGCGAACACCGTCGAGAGGGGCAATTCTTTTATGCCCCTGAGCCCTCCCTAAATGTGGAGCCTAAAGCTTATATAACCACATATCGGCTTCCAATCCAATGGGTTATCTCACTGCGATATGACGACTCAGTGACATGTTCGGCGTTGGGATGCTTCGAACTCAATACCCAGGTCATACAACACTTCTCGCTTCCGGATTAATAACACTACTTCGGTTTCCAGCCCCTTAGGCTTATTCCACCTGTTGTGTATGGGGCGTTTCAAGAGGCGGCTAACGTCTGACGGTTACGCCATTACGTACTTCTTGACCGAAAATATGTGCTGTGCCGTTCGGTCACATGCCCTGGGACTGAGCTTCTTACTTCATCCCATGGCCCTTACGCGCTCCGGTTTGGTGGTTTATGCAATGAGCTCGGGGAGCTTAATGACGACTGGAGTTACATCCGGGCTGGACATTGGGACGTCTCCCCCCTTTAATACTAACCAGCTTGAACACAGCCGTAACCACTGATCTTTCCATTGCTGACAACCATCCCTGGGAAAGAGAGATAGACCGTACCCCAACGAACCTCTATGAGAGCATCAGCGACCACGGCTGCCGTCCTGACTATAGCAATCGTCCGCTAAATGACAATGGATGTGCAATCTTGGGGAGGGAGCCCCATCCTGAACGTCGGCAGCCAGAATATCAAGCATGGGGTTGCTTGGGCTTTCGAGTCAATGATTGCATCACGTACTCGACGTCAAATGTGGTTCCGGGGGTATTGGGTATATAAAGCGCTTGTTAGTCTCTCTTTGGCGGCAGGCAGAGAATAGCCCCTGACTCACATGGAGGTGAGTGGCCAGTGAGCCGACAGCTGACGCAGCCGATAACGCGACCAGGCGCTTTCACTTCCGTAAGACAACCCGAGTAAAAGTCGCCTCCCCGATTAGAGGGCACAGTAGATAGAGAAGACTGTATCTCAGGTTTAGAATCAAAAGTATCAAAACGGGTCCCGGAAGGCCATTTTGTCGCAGTGAAATCCCCAGGGTACCTTGACATACATGCTGCTTCGGACCCGTAGAATAGGTTTTGCAGTACCTGCTATTATCCGGATAAGACTGTCGCAGGCGATTATAATTAGCGAACGGCGCCGATTCACTCCGGCATCCCAACATTGGTTATTTGTTCTAATCCTGTTCCGTCGACAGGGGTGTAGCTGCCGATAATGCGTGAGACTTTACATGAGATATCACAGTTGCTACTCGTCAAAG,1852,50.97,Mus musculus
SEQ_287672,ATTAACGCAGGCGGAATCATTATTTCAGATTGTCATAGTAGCCGTGGGCAGGAGGTTAACCTAAGTAGGATAAGTGTGAATACGTGGGCTAGCGTATATTATGAACAGTAATGATTGTCGACAAGTTTTTGAGCTTGGATAATACCATCGAACAGTCAGGACATCGCGTTGGCTTGCAATGGGGACTTGCGTATATGCATGCGCGGTGTAGTAGAGGGACCCAGGCCGAGACCCTCCGTAGTTTCTGTCCCTTCCTTTGTTATTGGCGTTCCGCTACGCTAACATAGAACGGCATATGGAAGTAGCATCGGTTTAGTCCGAGTCCGATCTCACGATCGTTCTTGCGGCTCTCTGGTGGCCACGCGCATCGTCTTAGGTATGTCAGATGAAAGTTCGTTCAGCGATCGTGATACAATTGAGGCGTGTGCCATCAGCGGGTGCCGCGGGTCCGCGTCGGTATTAGTAATGTGGTGTTAGTGCGGCGATGCGACCTAGTATACGCGATGGTCGGGGGCGAATCTACCGTTGGCGATGGTACCAGACCAAGACGACGAAGCAGTACTCCACTGCTGCCAAACAATCTCTCTTCCTTGGCAGGTCGGGGCTCTATATTTTGGATGGTTGACCGGGTAATCTTTCATCCTTGGGAAGCCAATCGCAAGTGTCCATCAGCATGACCGCTCTCTAGAATAGCGTCATCGTTATAACGTCTAATATCTATGAAGGTCCTGCAAAAGCTATTCGGTCGAGCTGCTATTGCATTTGCCTGTTCATAAGGGTGGATAGTGGATCCACCGGAACTGATTGTCTCCTAACTACCGCTAGCGCTAGGAACCCGGCGCCGAAGAACACACATACACAGTCAAGCCAGCGGGTCATTGTGGAGCATGTATCCTACGCTTTAGTGGTGTTGACGTCAGAGAGTCACAGTTACGCTTAACCCAGGATCGTTCAGGTACTACGAAAAACGTTGTACTACAATGACCTCCCGTTCTCACGAGACTAGAAGTTGCACATCAGACATCCCGGTGAAGCGGAAAGTCACTGTTTACTAGCTCGCGTATGTTGTCTACGTGAGCTGGGAGGGTACAAACGAGACTATATCTTGACGCACCTAGCACTTATCGGATATCACGGCACGGCGAATGCTAGATGGCGTGAGCTCACACGTGTACGATTAACTGAAATACGATTGCTTCCATTCATCCAAGCATGCCCTGGAGTTACTAGCGTTCTGCCATGAACTGGGGCACAGCACCCAGAGATTAATATCTACGCACTGCTATGAGCAGGACCAGCTTTGTCTCGTGTGCTTGCCGTCGGATTGACTCTCGTTGAGGCGTTTTTGCGTCCACCCACCCTTTTTAAATGTATGGACCGCCCGTAGTTCTCATGTGCAAGCGAACTCCCGGTGCTTGCATTAGCAAGTAACGGTCAGTGCCTTAAGCCTGGACTTATTGATACCGGTTTCATCCATGGTGTACCTTTATCCGGGCACTTTCGTACTTGTCAGCTCACACCGATGTGCCAGCGTCATTAGCGATCTAATTAGGATTTTCGATCGCAGAGCTTTGCCAAGAGGGTCCGTTTTTACAATCTAGCTTGCAGGGACACTGTAATTAACTCGGGAGCTAACGTCCGAATCCCGGACTTGTCGTATGCGGAGTGTCGGACTCACAGGAGCCTACAATGACCTAACTGGGTTGAGGCTACAGCACATTTTTTCCCTTTAAGGAGAATATATGTTTCCCGGAATGCGAACCCCGGAAATTGCGTCGCGGGTGCTAAAGCCAATTGCAGGGGATTCTGGCGAAGTGGCCCCCGCGTTAACGTGTAGGATAATACAC,1847,50.08,Saccharomyces cerevisiae
SEQ_247531,AAATGTGGAATACCTGATTAGGGTAGCATACGGGCGAGATCGCGCGAATCCGTTCTCGGCTATCGTTTTACCGGGAAGTCGCCTTCCCGTGACCACCACTCAAGTCCGGGGTAGCACCTTTCGCGTGTGTTTCTAATAGACAAAATTTACGGGAGCATGTTTGCGCAGTATATTCAGTTGACCGTGCTGGACTGTTTTACGCTAAGTATTTTGGGAACATTGGTCTCTATGCCAGAAGGCCTGTGGTGACCGTGGCAAATATGGTAAAAAACGGTGGATGGAATGACCATACCGGAGCTATGAGGGGAGTAAGGTAGTGATAGGTCTGAAGGCATTAGGCACTCACTGCAGTCTAACCCGGGGGGGATAGATGAAAACAGCTACGACTATTGGTGACCGTACGTCAAGATGAAAGGGTACCGGCCCGCGGGGCCGTTTTGACCCGTTCTTCACTCCCGTCATGCTCGCGACGAAAGTCGTATCTTTTGCCGGGTCTCTTGGCCTGGCCCAGGGGCCATAACATTTATATAGTTTCCCCGGGCTGGTCATAAGAAGTCGCCCGTCCGGCTGCCTCATG,577,52.17,Drosophila melanogaster
SEQ_800304,CCTGCGGTTTGAACTCATCGGTTGGATTCCCTGCGTACAAGTAGGTGAACTGGACGCTCTTTGTCTGCTTAATACTCCGTAGTCAGGCACGCTATGGCTAGCCCGTGCGAATTGACTCGAGGCTTTCCGTTAATTGGTGTCGGTAAGGCTACCACGTACTGTTTTTCCTATCCACCCCTAATGGGGTCACCCAGAGGTGCCAAGCGGGGTAGCACCATTGTTACACCTAATCGTTTGCTCTTGCAGCTCCTGAGCTTGTTCATACGCGCACGGCTGTTTGGTAGCGCTTGATGTCAGATTAGGAGGCCACCAGTACACACGCGCCTCAACGGGCTGAGTACTGTGACGATATAGTAGAGCTTCAAGAGACGCAACACGTGTTCCCGTGTTTCTGCCTTAGTGCGTACGTATAGAAGGACTACGAGAATCTTGTAGGAGCCCCACATCCGAACACTGGCAACCGTCATCACTGACTACTGCTGTTAGGTCTGATTACCCCATTGCTCCCACTTGGAGGAACAGACTGGGCCCCTTTATTGATATAGATCAAGGTCCGTATTCCGATCCGGTCTAGTGCCGCAACTAAGAATGAGATCAGTCCAACGGACTGCACTGCATCCTTCTTACCCTGATCTCCCCTGGATGCTTGGCACCGCGAGCCACAGGATACGCCCACACTTTGACATAGAGTGCTACATTACTGTCGAGCGTGAAGTAGTGGAATGTTATTTCAATGATACAAGAAAGGTCTCCTAGGATCGAGTCTAACCATGGATCAGATAGTTCGGTCAGTTAAGATATGATACTAACATCTACTCCCACGGCTGCTAGCACCTTGAGCTAGCTAGAGAACTAGAGATCCAACTGGCAGTAATTCCCGTAGGTATGTGGTCCTTATAGCAAAAATATAGCGGATGCACTGAGTAAGATAACCACTATTTAAATTCTAAGTTCTGAGCAAACAAGCCCAGTTAAGTGGGTGGGATGTGACGTTTACTTCAAAGAAGTTACACGCTGTTTTTGGGGGTATGGTACTTAGTTACTTTTGTTTGCTCGGGCCGCTCAATAACAGACTCTTTAACGGCATTCACAGGGACTGGGTAATTCAGGCGTCCAAGATGCGAAGGATTCGTCGACGGTTCGGGGGACCTATCACCGCAAAACATACCGGCTTTATACCCTGCGTCGCCAAGGGCGCGTGCGGTATTATGAACATTACTCGAGCCTGGCAGACTCCCTCAGCCTTACCATTACGCTGGCGGCTCGCAAACATCGCCGAGCTCCGCGATGAGGCGTTTGACAGAAGATAATTAGCTTCCTGGGAGGGACTAGCATGCCATCCGTTTTGCGCCCGCCTTCGGTTATGGGCTTTGTGTTCATATCACTCTAACCGGCATGAGCATCCCTCGGAACAAAATAGGTAAGCCCCCCTGTCATCTGGAGGAGAGTCCTTTTGATAGGAGTTGCCAACAGGCGTATAATTAAGCGGTAGCGCCACTAGCACGTCAATTCAGAGGTCATGTCCTAGAAACG,1533,49.97,Arabidopsis thaliana
SEQ_986413,CGCGAGCGAGCGTCGTAGTTCTAGATAACTTACGATCGAATAGCCATCGACTGAAGTGTTTGACACGTCCCAAAGTTTTCTTGGTTGGTTCACTAGGTACGTCAGGAGACTCTCAGAATGCGTCCCTCACAGGGCTTGCCGTTGGAAAAGAAAAGCTGGGTCTACCCGCGTAGTGATGAGAGATGTTCAGTGTTGTCGGGCTGGCCGCTCTCTACTACGTTATCGGGGCACGGTTTAATTAGCATTGGTAAAACCGACCACAGCTTCGTCTGATCAACCAGCAAAGATTCCCCCTCGACAATGCCTACGAGGCTCGGGCAGAAGTCTTGGAGATTCTTAAGAATATGTTATTTTAACCTAGAAATAAGTTCACATAGAATAATGACACCTAGGGACGGTGGATTAATCCGCAGGGAGATTTGTTCTGCGCCGCCGTGCTGTCATTGTAGGAGCGTCAGCCCCACTGCTATATGGCAGTTACAGCCGGCTGTTGGTGCAAGTCACCTGAGGCTGCATCAGACCATCAAGCACCGCTACCGACACTCCCACAAGTAGAAACACGGATGTAGGGAACCCGTGAACGGGTTGGGTTTGTTCCGAACCGGCACTTCCTTCGTGCACTTATGTCGAGAGGGGAACCCCCTACGTTCAATATCCAGCAGACACCAGCGAATCGAATATGTCAAATACAATCCAGGCTCTCATTGATCGTTAGTTTAATGGGAGCGTGCCAGTCTTATC,741,50.07,Drosophila melanogaster
SEQ_745519,AGAGATTAAAAACACTACCTTCTTCTGACTAATGGCGACCTTTCTAGTAGTTGGCAGCCGCGAATTGACTAGCACGATTATATTAGTTTCAGAGACTAACTTCTTTGGTCCTATTTGGCGCTCCGAGAGGCGGGGCTACCCAACTCAATTGAGAGGTTCCTAGGGATCGATGTAGAGGACTGCGTGGTGTGGTGCGCCCCTGAAAATTGGCTACGTGGGCGCAGGGTATATGGATATTATGACGCATCCCAGGACGTATGGGCCAAAGAAAAGCGCTTCCTAACGACTGTGTATTTGCCACGCATTACTCTGTACGATTTCGGTGCCACATGTGGGTAACTAAGTAATACCATCTTAACGGAAGCGCGCTATTAAAAGTGTTATGATCTTGAGGGCTTGGGAACCAGCTACATTTTAGAGAGGAAGTCGAGAGGGCTGTACGTAATCGTCTACTATGTTGCGTCTCGTGGTCTTCAGGGATCTGATTAATTCGTGCGGGCTAGACAAGGTAATACTTATAAAATCAGGCCTGATATGCCGGATTTTAGCCCCGCTACTCTTCTTGAACGGAAGTATGTGTCAGCTACCGGCCAGACACTGCCCGCTGCCACCATCACGCTCGATATGATAGGAGCCGTACGATTTGTGCCTGCGATTTTCTGCCGCACACACACGATTCGGTCTCGCAGTTATAGTGCCGTAGGTCACCAGATCAATAGCCCAAAACAACTAGAACGCTTGTTTACATGCCACAGGGTCACATCTCTGCGCGTATCCACAACTATACACTAATAAATCGGCAGGAAGATATTAAATAGATGCTACAAGCACGCGTGGAAACGCCCTCTCTTTATATTACCAAAGTGCCGTACGGAGCATCCTTGCCGACGCCATAAGATGCTCCCGTGAATTCATATGGGTTTTAGTGTCTCGTGATATAAGTTTATCCGGGTAGTGACACTCCCCTTCAGAGTATACGATGTACGCCTCAGAAGAGGATGAAACTGTCCTCTCCTGGTTTAAGTATACCATTAAAGTCTATCAGGTCCCGAGTAGCCTTTACCGAGCGGAGTGTCAAACCTAAGACCTATAAAAGGATATGATGCGCGGCAGGAGTTTCGGTGTCTTTTTGACAAGTTATGCAGGCCACTGGGGCATAGGACTCTGCGAAGTGAGGCAGTTGCGTGATTCAGTTTATTGCGTACTGTACAGAAATGAAACTACGCAATTGGGGAGAAGCCGCTCCCTCGCGGTGCGTACAATCACAAAGCCCCACCAACGTGGCATCTTCTGCTGTTGTACCCTCCGTTACCGCTGAGCTTGCCGCGTACTCGTCATTCGAGGCCTGCCGCACTGAGCCCGCTCCTCGACATTGTGATCTCTTGGAGTCGCTATTGAGCTCAGTCATCACTATCGTTGTGGCGCACTTGGATACCTTGAACCACAAGCCTTCTTAATTATGGCATGGAAATTCCAATAACCCCACTGTACAACTGTGTTGATGCGCTTAGGACACACGGCTCGCGGGGTGGACATGTGTTCCAGTCAGTGCAGTCCGATGCAGCCACGTCAAATTCTATAATTAGGGTGTACAATTAGATTGAGCTGAAGGCACATCCCTAACACATAGATGAGGACTGTTCTCTCTGTGAGGGTACCTGATCGCCGAAAAGGAGCTCGTCTTCAGAATAAGTGACTTTCGCCGCACGTCGAGTGACGGCCCCCGCTATTGGAGGACACAAGAGCTCTACTAACCGCTCATCCTCCGTGCCAGACCTTTAACAGTAGCAAGCAAGTCGCCTAAAAGAAGCTGGTAACCTCTCGTTATTGAACCGTTCGACTGCGAACGGCGGAATAAGCTTCCGGCTTGATACCGCAACACACGATTCTTAGCCGCAGGTCAGAGCTGTTATTGCGTATCAGGAATCTAGTCGCGATAACCCACTTACTTTTCCCTTCTGCGTGAGTGTAATCACCGGG,1980,49.14,Arabidopsis thaliana
SEQ_777668,TGTAAAGTGAGGCGCAAGTTCGGCTCCTGGGTTTGGATGGTGACTACATCCGGCACCCGCGAGTGCACCACGTAGACCCGCCTTGGCGTGTGACTTGGGGCAGGCTGGCCGCCCTAAAAGCGGATGGGGAACCTATCCGCAAGTGTCCGATTGCGATTGTATCATGATCTTCTAAGGGGGTCGGTCCGCTCTGCTCTAGAGAAGTGAGGCGAAATAGGACTCGCGGGGGCTCGGCTCTTCAGAGCACACCATATGTACTCGCCAGGGGACCGGGAACAACTTGCCAGCACGCCCGATGCCGGCTACCGCTCCAGAACACCGTTTGTGACGTGTCTGACAGCTTGATCGAGTCCTCGGTAAAATCCCGTGGGAGACACTCCCGTGAGCATTTCATCCGTCGAATACTACGAGGGCTCCAGCGTTGGGCTGCCTTAACCCCCTAAACCGCTTATCCTCCTCCGTATATCCGCGCTGAGTACGTGTCATTCTGGCTACTGCGTCACGACCAGCGCGATGGAGAGGCCACCTACATGGTGCTTATTTTCGGCGCTCTACTTCATTCGCATCGCCGCTTCCATGTAGACTTCAAACAACCACGTCACGAGGGGACCGGCACAAGACGCCCAGAGGTCTGCCTGCAAATGAAGTCTTTATCTGACTAGCCTAGATATTGCACGTTTTCGTCACAAGACTCTCACTCGGAGAACAAGTAATACAAACACGAGAGACGATGACAGCTCCCTGTTAGGTAGTCCAGTGCTCTGCGTGCTTTAACTCGCGCGATCTGAATGCGTGAGTACGAAGAAGACGTACCTCCAATTTGCGATCTGCGGTGTTATGGACTCCTAAGCTTGTCATTTGCCGATTTCTTACTCGAAACACACTGTTGCAAAGTAGCGGTTTGACTGGGGGAACCCTAATAGCACACACAGCGGCTCTCACCCCGGTCCCGGTTGTGTCCACGCCATCGCTGGCTCTACCGTCCGGGATGCGCTGGTATCTCCATAAGTCGTAAGCTTTTCATCGTCCCGCCTTTCCAACGCGCGTTCGTCTGACGAACTCTTGAACGGCCTCAGATTTTGAAAGTTCCAGCTCCCTTGTATTTTGCCCTTACGTCTCGCACATGACGCAGCAGAGCATGCACGATAAGACTCAGAGCCCCATGGACTATGTCACTATGGCCCTGAAAAGGGGTACGAGGGACAGTGGTGACACGACTTACGCATAGGTATAATCAATAAATTTCCCTAAGACGACGTTGGTCTCGCAATTACCGGATGTAAAATAAACTTAAAAATGTACGTCAGTGTCGGGGTCGCCGGCCACTGGAACCCTTAGGCACAAACTGTACGATTTGTTTAGCACCTTGGAGTACAATCAACACGCGCACGTTTAGAGCCTTGATCGCATTTAGGATGAATGTTTCTTGACGCAGGTTCGTAAGAGGGTAGTAGAAACGTCTACAAATCTCCGAATGTTCGGAACTGGCTGGCAGGTGGGCTACCTGCGAATGCGGGGGTTTGTTATCTCTGGTTCACTATTCCAGAGGCCCTTGGAGTGAAGGGTGGTATATGGGGCGCGCTGTAGAGTGCCAGCGGAAACAGGGAGTCTAGGTCCCCCATATGTTTAACCTAAACGGGGGAGTGTAGTCGTATTAGCTAACGATCAGATAGATTTCGAGGATTACTTCTGGAATCATCCCGGACCAGGCCTTGAGCTCTTGTATCACGAGCCGCTCTACGAGTCGGAAGGCTCGTCGGGCCTGCAAAAAGGAGAATGGTCGCCAGAAACATTATGGCCGAGGTGCAAAGCTCTCCACAAGTCAGTTCTTTTGGCTTCAGGAATACCGTAGTGATATAATGGACGTTTTCATGCAGGTGATAATATCTGGGTTGCCACACCACAATGCCGTCGCAGGACTGCTCCCCCCCAGTGACGTGTAAATTCCCCAACTCGGCACT,1961,52.73,Escherichia coli
SEQ_131217,CACTCAGTTAGGGAATAAGGTAGAAGTTAAAATTATATACAACTAAAGTGCGCACCGCTTGTAAGGGTCTTGAATAAGCAACCACAAAAGGGTAAAGCCTATACGTCTATAGGGGAACTTAATATCGTTAATTATTGTGGAATAAAGGAGGGTTATTCCAACAACCTCGAGTACCCTGCGTCACACGGGAAGAGCCCTAGGCATTCTATAAAGGGGACCGTATCGCCAATATAAAGCTCCACGGCTTGGCACACGTGCCGTAGGAAAAGGGGCGAACCGCTATGTATGGAACGCATTGTCGTTCCATCTTATATGGGAATTCCAACGGGAGTTCAAGCTGGTTTGAGTCCGGCTTGTCATGAAGCACTGGCAGAAGGCTATACTCCAGTGACTGCATTGGATCTACCCTTTTCTCCCATACTGTCTAAGGCTCTGATGATTCTCCATCCCTATCACACAATCTGGTGGGATCTGTGAAGGATCTGGACCCGTAAATTCGGACTGC,505,46.34,Saccharomyces cerevisiae
SEQ_473421,GATTCTAGTGTGTCCTGTTTCGCGATTTGTCGGCCACACATAAGGCTAACCTAAATATGGTCTACTTGGTGCCTCACTAGGCTTTAGCGGACGTCATCCGGCCTGGTATCTAGGCCGCCGGCCAGCTCAGCGTCCGGCGAGTCGGAAACCATAGAATACTCAGGAGGTCCTCGATTTTAGAAGCTTAGCTCGCATCCGGATGGGGTAGCGCGGTCATACTGACGGTCGCATTTTCCGTTAAATCCATTAGGTTCCCAGTCTATAACGTACAGGAACAGCGTCCTCCACATCGGATATATTACTAAGGGCAGATTATTAAAAGACTTTCCATTAGGATAGGCACTTAGGTTCCCAAATATGTCCGGGCTCGGAGGAACCTGTCGGGTACCCCACTCACGTATTAGCGCTTTTGGGACGCGACTCACTTCTGTTACTAGTCCAATCGTTCCTCGAGGGGTCGGGGCATCAGCGCTATCAATTGGTGGTTTGTCATCCATGAAGGATTACCGGTCGGCCCGTAACAGGGCCGAAAATTCTTGCTACCGCAAGTGTGAATCGTTGTGTAGGAATTGCCGATAAACCAACGAAGCTATCGATTGCTTTGCAGAGGGCAAGCTTAAGCTCAAGGTGACCACTCCGCCGATACAAGCGTCCCTGACATGTGACTCATCTAGGAGACTTCTTGAGTCGTCGAATTCACAATGGAGGTCGCCTAAAATATAAGAGTGGTATCCGTACGTCTAGCGAGATAAATGACAGCCGAAGCCCTGGTTGCCACCATTCTAGCTGCATTCATAAACTGCTGAATCGAAAGCTTCGGGTGGGACGGACTTGTTCATACGAGATCCCCTTATGTCAGGGGTTTCGTCGGTTAGTAGCGTGCCCTTTAAGTCAGCATTCATAATTGAAACCATGGAGCGACTTAGTCCCTCTAGGTGTGCCAACTGACTCTTGAGTGGAGATCGAAAGTGGCGAGACTTGCAAACTTGATAGACGGCCACACTGTCTGCATTCGTTTCTGGTCTGCCCGCCTCCATCAAAGTACCAGGTCCGATCCCGAAGCATCGGCGCAGTCCGTCTAGGTGCATCCGCATTACAACGTGATACAAAAGACGTTTCCGATGAGAAATCTTAGACCCTTTGTCCCGCAGTGGGCAAGCATGCAATCCTTGGAAACTTGTTCTGGTCGCTGTCTATGTACCCTTGAAGACAAACTACATTCTCTGGCTCTGGACTCGTTCTACCGCGGCTGTAGCAAAAACATTGAGATGTGAACGTCCTGGCAGGGGCACGCCCTGAGCTACCAGACCAACATTGATTCACTTTGGAGAGAGGCAGCTGCTACGCAAACATGGCATGAAAGCTTACGTTGCAGACAGCAACCTGGCTAGGCCGTCAACTTGGTGCAAATCGAGTACCTAGGCCATACGTTAAGCGGCCAACGGGGATCCAATTGGTAAGTTTCGGCCTATAAAACACGAATACGCACACTTTGTGGTACCTGGCTGGCATCGTCTCGTTCTAATTACCTACCCAATAGTACTATTCTGTCGCAACTTCGGTCAGAAACTCTGCCACCTGTGGAATGGCCAACCTCCAGAAAAACACACTCTAATTCAATTACGATCTGTTTTATTGGGACATCCGTTTCAACTAGAAATATTACCGGGGAAGGTGAGTCGCGGGGGGTTCGGGCCGGGAAGAGGCTAACTAGCCCGTTGCGAATAGGACCCCTAGAACCCATACCGGGAAGTCAGGTACCCTGAATGTCATTAAATTACGAACCAGAAATCACTCGATCATTGAATATAAGAAGATAGGG,1822,49.78,Escherichia coli
SEQ_844323,AGAATGAATTGACTCAACCGCATGGCTTTGTATCGACACCGCACCTAGCAAGAACAAATTGACGTCGGGTTAAGATTAACCTGCTCGAAGCGCTCTATTGTGCGTATCCACATAGCGGCCTCGCTCACGTGGTCCGTCAATCTTTATAGGGGATATTACGATCCGCGAGGGGGTGTAACGTAATGTGCTCCGGTAAGTAAAATGGGTTCATCACACAAATTTAATAATTTGGAATTTGACAGCCCTCGGTAGGGGGGTACTGTTCTTCGATAGAACCCCGTGGTCGCCTATATGAGTCTGATTTCTTGCCCTTCGTAGTACTTCACTTTTTCCATGCCGCGGTGGAGGTGAACCAAATCGGAGCTTAAGTCTTAAGACGCGGACATAGGGTACCGAGTAAAGATAAGACTTTGCCGTCTTTCGTTGACTTCTAAAGCTTGAATAGAAGAAGGACCTATAATCTGGCCTTACCAGTAAAAATACCTTGGGCTTACTTAGTTGTCATAGCCTGGCCTGCGTTAGCGTGTACCTTCCTGCGCTGGAAACGAATGTAATCACGGCCAGAGGCATTAGTATTAAGTTATTCATTACACAAGATACACGTGCTCACCAAGAAAATTGTAATACGGTCTGACCTTAACCTCACTTTGTCTAATAGCAATTTATCTTAGCGCTGGACCAGCAAGCCGAGGATCTTGACCCCATGTGGATGTTCCAGTAAACCCAACTAAAGGTTCGATTGTTTAACGCGCTGTCCCACCAAGCGCTGTATCAAGCACGCGACGAAGAGCACCAATAACCGGACTGTGCTAACTCGAGAGCTACTCAGCTCTCACAACACACTCCTAGTTTGCGCGATAGGACCTTTGCTAGGCTTTCTCCCGAGAATAGAAGATCATACAACGAGTACGGGCACAACGTGAGGAGTGCCGCCACAAGCTGAAAAGTTCCACTTCGCACAGTGTACGTTCTAACCGCTAACGAGAAAAACGGATTTCGGTAATTGACTAAGCCACCTGAGGATGCAGCTAGAAGTTGTATATGGTGTAGATTCACAAACGCAAAGCAGCTGGCACAGTGATTGAGGAGACATACGAGCGCCATACACTGCACGGAACAACCGCCGAGTGAACTATTGTCAGTTTTCACTCACCTTAGTCCGTTCTGGGGCATTCCTACTCG,1182,47.21,Homo sapiens
SEQ_849877,TACATCCAATAGAATTCACATGGGTGCTTAGTGAATCGAGGTTTTTAATCTTGTTGAGAAGTAAACCCACCGGGACTAAGGACTACCGCCGTTGCATACGATACGAACACTGCTCAAGCTCTTGGCTCAGTCGGGTCAGAGGGCCGCGTGTTCTGTGCACGCATAAGCATGTTTCCATTGAGGCCGCTTCCATTAGCCGACATTGTTCGTTGTCGATTCGAAGGTGTAATTCTCAAGGCAGAGTATAACCCCTACACGCTTTGCCGTCCAGCAACGTTGAAATGCCTATATGAAGCTCCCCAGAGAGATAATGTGAACAGATTTCCCAGATCTCACAGAGATCATTCCGTAGCGCCCTCAGCCTCAGAGAAACACTATCGAACCCATGTATACTACGCATTGGCTAAATTTTCCTGTCTGGGAGATTAAGGGCATTAAGGACTCTTGTCCTGACTGTAACGCTCTTTGCCTTTGGTAGTTAAGCGAACGTTAGCGAACTTTCGGTTGACGCCTACGACAGATGATAGCGTTCCTGGTCCCATCCAGCTTTAGGCGGCGTGAATTAGGGGCATATATCTGTGCTAAGAAACCGAATGGTAGCGTCCTGACAAACCCCTCACCTTAACTTTCCCCTCAATTCATATTCCCTTTAGCTGAACACGGCGCACAGAAACTACTTATCCTTGTCGCCACGGTATACTAGTCCTTCACGCACCCAAGAAAACCTCCTACTTACTTCACACAGTAGCCAGCTCGATCATGTTATAGGTACACGGATCCCGCGCTGGTCAACAGGCCTCGCGAGGTATCTGGCCGAGCGTCCTAACGCGTGTCCCCAACATCCCTGGCCATAGCACGATCTCGGTCTCGATGTCTGGGTCATTGATGACCCATCACTGGTGGGAAACACGGTTTCCATGTCCAAGTCAGGCAGCTCTGACCTTGCGGAATACGCAACACGACAAAGATGGCAAAGGGCCTCACCGTTCAGAAATGGTCTGAATGACAGCATCCGGATCCTACAGTGCATGCCACACCCGTGGGCCCGTGCCCAAATGTGGAAGAGCATCGGTGCCGGTGGGCTCTCTGTCTAGTACGTGAGTGGCAGCTTTCATGATTCGGTGCTATGTGGTCAGTAGAAAATTGGGTAGTTAGGCGGTAAACTCTATTTGGCCGTAATACGCCCGCTCACAGTGGAGCGAGCCTGATATTCGAAAGTTACAGTACAGCTGGGCGGCTATCTGATCGGGGTGGCCTACGAGTTACACTAATCGTTACATACGCTGAATATGGGGTACTTCTGATTGAAAATCCGCGACAGATCACGTGGTGCTATGAAACCTCAGTTGATCTACTTAAGGGTGTCCATAGGGTGACAGTCTAGATCACCACTAATGATTAGTGCCCATCTTCATACACCCTCTCTCGTCCGGCAGTAGCGTTTTTACGGGCACTGTTACACTAGCGGGCATGATTTATGTTATTTTCTAAGTACGTCGCGTCCCTATGTTAATGTTCATCGAGATGTGTTTGTA,1535,49.51,Homo sapiens
SEQ_414357,GTCCCCCAGCGCCCGTTTATTGGAAATATAACACATGGGACCACTCCAGGTGGTAGGGGTGACCGTGTTCTATCGCGGCTTTCCACTCTGCACCACTTATTATCACATCCGGAGCGAATAGTTTCAACGGATAACCGGGGGGCCCTGTATGGCTGGGCTGCACCGCCACCGGAGTGTACGTACTGAGAGGGCTACCGCCAGGTCTGGAGTGTCCGTAATTTTCTTTCAGCGTCTGCTGCTAGTCGATTATTGTGCATACGCATGGCCATTATACTCAGTGGTTATGTATCCTATGCCCGGTGCTACCTCTCACGGGCAGATATCACTAGAGCTTGGATTGGTCATTGTGGCTATGAGCCTTTGTGTCGCGGGCAAATCGGGATCTGACGGCCTCTAACGTGGTCGCGATGACTCTTTTTTACCTATTAGCCCCGGCTGCTGATTCTTAACAAATCTGTCCGGGGAACCGGGGTGTGCGTCATCTGGTCAGAGTGATACATTCCGCTGACTTCATTAGAGCACGGCTTTAGCTTGGGTGTGAGAGTATAGGAGGAAAACTTGAGCAATTCCCTTATATTGAAGAGCTACCGATATACCGGTGACATCGCACACCAACGTGAGGATTGCGCTCTCATTAGATTCCGGTCTTCCTGATTAGCATCAGCTTCCATAGATTGCCCTCTTAGTAATCTCCACGTGTAACGTCGATGCTCGTTGCTGCCGAGGACACAAAACCGACTCGTTTCTGGTATCTGTTCCACGACGGATGAAGCCTAATTCTTCAGGATCGACAGGAATATTCCAGTTAATAGTTACCGCCGCGGACTCGCCTGGGATCTCGACAAGATAGGTAAACGCAAAGTAATTTAGTACAGGGCAACCCCACCGCCTCATTGCAGCAGATATGCGGAAACCCCGTAGACCCGTGGTGCATAGGCTGCTTTAAAAAGTAACGCGCGTAGCCGTTCCTTAGATCCCGACTGTGATACACACCACCCCGAGGGAGACCGGTCCACGTCAGATCTTTCTGGACTGTATGGGCCTCTCCTAGTTGTTGTATTAAAGGTAATCACTGGGGACATAATCTCCTTCGTCGGCCATTACGTATTGGATGGATACACTTTCATAGCCCTCGCACAACCTATGTGAATACATACCGTAGCGGGAAAGTCCGTTTGGTTTCGTGCTACAAGACAGCATCCTGGTTGATACAGAGGAACGTGACAGGAACTTCCTTTTTTGGTCTAAGGTTATTTCATCCATATACAGAAAGGCCTCGATAGTATTGAGGACTGGCATACCGACTATACGAGGAGGCACCCTAATTTACGAGCTCCCTTAAAATATTCGGCCACGGGCCAAGTCTGCAATCTATGGTTTGATAACGCATTTAACTGATCGAATAGTTCTACCTTATATCTATCATCTAAGGTGCAAGGTGCGTTCGGAGTTACCTGCTACCTTAGTTTGATATTCAAGGCTCGCAAGTAAGGCGCTGGGGCGCTTTCCATACGACCCCGAGAAATACTGCGATATAAGTTACCAAAAAGATCTCCCAACTAGCCACTTAGCGCGGTCCGACGTGACCGCGCGATGACGTCAGCAATGCACACAACGTTACCGCGGAATAGCAAACCTAATTTGAATCTCCTTTGCAGTGTGAAGCTCCATCGTTAGTAGCCGAATCCCCATCAGACCCGCGCTTGAATTGTTGAATGAGGTGAGAGGGGCCCATTAAGATCGGGATCATGGGTCTATTGCTACTATTACCCTGTTCTATCATAACGACGCGGGCCAGTCTGAAAGTGAATACGAACCGCGAGGCCAAAGCTACCGTTCGTGCAACTAGCAACGCCTGCTCCGTACGTATCAGTCCGTCCGTTTTGACTACTCCAGAAACCGAATTA,1907,49.61,Caenorhabditis elegans
SEQ_761245,AACAAGAGCAGGGGCCGGCGTAGCCCACACGATCATCCTATCATGTCCCGTATGCTAACTTATATAGACAGTCAGGGAATTCACGTAGATACTTCATACGGTCCCGATAGTAGGGATCCCGGTGTGCTTGCACAAGATAAACCATCATATCACGTAAAGCTCAATATCTACTGGCGGCAACTTTAGCGATCTTGTCGTCGCGGGCGGATATTCGTGGCTTACTGATCCAGAGTTTTCTCTTTAAGACTAACACAAGAGGGCAGCCGGACCCAGCCTTACGAGGGCACCGGATTATCACTCCATTTTCCCATTATAGTAGAAGGTGAAAGTTGTAGTAATTTGGTCTGGGAGTTTGAGTATCGAATGACTCCTAGATGAACGTACTAACTTAGTCCAAACCGGCGGAAGAGTTTAGTACGGATCCGCTAAGAGTAACACCCAGTTAGCATTTGTGGTCGTACCGGGTGCCGCAACTTAGAGTGTTACGCTCAGTCAGACAATGGTCACATCATACAGTGCGCCATCCGTCCTATTGGGTTTTGGCTTAATTCTAATGTCCAGATTAAACCTGGATAGAGTTAAAACGCAATCCTGTTTTGCTTTGTTTTGAGCGTAACCGGAAAGCTTTTTAATACGACTCGGCGAGTCTCATGTGACATCGATCGATTCAATGAAGTAGTGTCCTAAATAGCTTAACGGTGCTGCCGGCAAAGAGTCAGGTATAGCGGATGGTCGGTTCACTAAATGATGGACGTCAGGACCGCTTATGTGCCAAACGTCAATCAAAGCAAGCATGTGTAGCAAAAACAACGATCAGTCTCAGCTACAATCGACCCTGACGCGGGAAGATTAAGGTAAGTCTTCCATACCCAGTAACCATCCACTGAGATGATAAGCGCATATAGGTCCGGACGATTACGTCATGTCTTCACCAGTTGCGGCTTCGCCGCATTTCAGCTACTGTGTTTCTAACATGGCTCTCTCTCCAGGCACCTCACCGTCTGCGCTAGAAATGCGCGCTAGTGAACCACGCCCGGACGAAGCAAACTTTCGACGACGGGGAAAAATATAGTACAAGAAGTCGATTCCGTGGACGGGGGGCGCTCCTTCTTGTTGGGGGCGAGACCCTCATAAGTTTAAACACTCTAATTACGCGACGCAAGTTGCTGTGCTTACCGGCGTATAGGATGCTTTTGGTAGAACGCATGATAAGCTTATTCCTACCGTCCTGCAGTTCTACTCCGATCTAGCACGTGGACCCTGGTGGTCACAAGCTCGCATATGGCTTGATCTCCGTGTCACTCTCAGGATGCCAGTTTACTTCTTTAGCGCAGGGCCGTGCCTACTCTGCCGTTGACGTAGAGTAGCGGCGGTAGTAAACTGG,1384,48.63,Mus musculus
SEQ_304099,CGCGGCAAGCCAGTGCTCGCGAGCAAACTGCGGCCAAACATGCCAATCTAGTATCGGACGACGGAGTCGAAAATATGCTCATCGAGCGCACATGCGCCACCCATGGAGCTTTGTATGGGTGGGGAGTCAGGAGAGACGTTAATCCTGCGCCTTTTTGTAAGAAAACATTCTAACCAGACGACCGCCCACAGTTGGATGCAAATCTCTAGAGTCGACGCAGATCTTTTTGGGCCTATGTTTACCGCGGTATTGGGCAGATAGCATATCTATTTGATATGAGACTTGGATCGCTAGCTCATAGCATGTCCCTTTCTGCAATCACTCAGTTGCTCCTTACAGCCAGCGCAAGTTTGACCATGAAATGGACTGCCAGCTTTCTTTCCCCCTTGATTGTTATCGGTTAGTCACCGAACAAATACTGCCGTCAGAATTGGTGATAATACGAAAGAGTATGATTTGACAGGCTAACACTACTTACGTTACTTGGAGTATGCCCGTTCGAATTGCGGTTTTCCGACCATAGCACATTTTACAGGCGCCCCCTGTAGTCCTCGTCAAATGCGAGGCCGTCCGGTCCCCGAGTACATTGTTGGAGACAATTGAATAGTGGGGGCTAACCGGCCTCAGCACCCACTTAGGTTCAGTATTCGGCGCCGACGGGAAGTTTCTCCGGATGTCCATATAGCAGTGTAGCCTGTACGATAATTTTTCCATAAACGTAGACCCACACTGCACCCTGACCTACTTCGCTTGAAGCCGTCGGGACCGAAGGTGAATACCTTTCATGGA,789,49.81,Homo sapiens
SEQ_799681,ACTTAGAATCGCATGGCAGATGGAAGAAGTGTTGTTGAAAATCGCCTGCTGTATGGTCTTCGACTGGTTTGCTTCTGGGTTTTAAATTAAAATCTCGCGTGCTCAGAGGGAAGCAATTCGCTTCACACCCCCTATTAGAGTAACAAAGCAGTTAACTCGGATGTGGGTCGTTAGCAGCGGGCTACCATCGCCACATCTTCGGCATCCAAACTTAGCGTTGCTTGGATTCTCAACCTATTAACCTAATTTCCAACACGTCAATATCGTCATTCATAATGTATCATAATTCTTTTGCGTTCGCCGATAAGAGGCGAAATGCTAATTCACCGACCTCCGGTTGGCCGTTAGGACGTAGATTTCAATGAGTGAGTGTACTGATAACGCGTGTGCTAACCTGCGTATTAAGCGCCAAAACAATTAGGATCCTCTTCTCAGCCACCTACACAGACCTATGAGGATACATACCATCTAGGTTACTTGGCATACAGCTAATTCCAAGGGTCGTTTGCTATTGGTCATTCCGCATAATCGGTGTATTGCCAAACAAGTCTCTTGAAGTAACGTACGACCGTTGCGGGCAGTTGCCTGGCG,591,45.69,Caenorhabditis elegans
SEQ_761736,ATGGATAGAGCCAAAAATGCAGATCACCCGAATACCAGCCAATTGGTTCACAGTCCGTCCTGTGTATCGTATTCAAGATCTGGCGGCCAGGGGTCTGGGGAAGGAGGACCGACCACCTCGGCGATAGCATTCTCGCGGTTCACGAGCGAACGCAGCATCCTAAAGGGCAGGGATTGTGTCATCCGGGAACGACATAAGGAGGTTCAGACATTATAATATTTGATGCTACTGTCAAAGAGCCCTTAGCACGCTGTTCCTGACCTCGAGTATTTAGCACTCCGAGAAGCACACTACCAGATGGCTCAAACCTGCTGTTCCGTACTCTTTTGGAGATATTACGGTCGAGTAGGGGGGTGAGGTTCGGGCATTTCGGGTTCTTTTACTGAGCGAGCTGGTCCGAAGAGTGCCCTCCTTAGATGTCCAGTGGTCTCTATCTGTCAACGAGCAAATAGCATGCGGAAGATCGAAGCGGAACGTTCGACACGATCCGTAGGGTACGGCCTGATTCACAAAGGAAGAATGCGCTCGCGGGTACTCAGTGTTAGCCGTAGACTGGGCCGTTACCTTATGGGCTGTGGCCAACCAAGTGCTCTAAATTTCTCGTCCTATATTCATTTGGCCACCACTCGGGGGTAATCCAGTGGGATGTTGTACGCGAAACTGAATCTTGCCAAACAGCTGCGTGTGCTGGTCTTTCGTTTAGTCCGGAGAAGCCTGCTGATTTCACAGGCGATCGGCTCAATAGTACGGGAATCGGAGTAATTTACGCCTAAGACTACCACTACTGAGTTCTTTAACTCCTTTCGAATCGGTTTATTATTTGCCAATGTGCTGACTCACGTATGCTAGAGCGGAGCGAACGATAGGCCAACCCTGCATGGTATGTTAGTTAGCGATAAACTGACCTGGCCAATTCAGTCGGAGAAACGGTACGGACCTGTTGGGCGATCAGCACTCACCCCGCACGCTTTATGTAGGTCAGTCCGCCCCACCGATCTGGCGGGTTGTCCGACATCAGCTATCGCCGGTGTGGGTTGCGTCCTTTACTACATGTTCTTAGACGTTCCTGACAACACGTGGAGTTACGTGACAGTATGCCCTGTGTAATTCGAGCGAATGCAACATTTTTTGGACCTAGTCAATTCTGCATAGATAGGGCCGCGCTTAGAGGTATGTATATGCTGGCCTTCGCTGCACAGCTACCGTGAATCGATATGAATGCGGCAGAGTAAACCGGAATGGGTATGGATCGTATCGTGAGTATCTTCGCAAGGTGGCGTAGCACGGTGTATAGACCCGTTCAGGATTTAGTCGAATAGTTGATCTAGAGCTAACCTCTCCATGTCACACTATATTATCTACCGTATATCCATACGTGAGGACCCAGCAGAGAGGGTAGGTGGAGCCTGGCCAAATTATAACATCTTAGCGTTCGTCGGATTTGCCACCTCTATGCTC,1458,50.48,Arabidopsis thaliana
SEQ_819617,TTAAGAAAAACCTTGGCTCTTCGCATACTCTGCTGAGTTACCGGTCTCGTAGACGTACGAGGCTGTATCTACTCAATGATACTGGGACACTGTCAAATCAAACAACAGTACGGGTCGTCGCACAAACGACGACTAAGCACGTCCCTGTACTCTAACGGACTCTGTCTCCGTACCTTAATCTCCCACATATCCGCGTAAACAGTATCAAGCCCAGGACCATGCACATACCCTAGTGCCATCATCACCGGGCGTAACTGCAATCGACGTTGACTACCGCTCTATTGAGTTTAAGATGACGACATAATGCGGGGTATCGTCCTGGAAACGGCACGCATACCCACGGTTACCCGACTACACATGTTAAGCCGACGACGCGCGCCTATAGCATCTTCTTGGCGATTTCCCAACATGTACAAAAACGAGAAGCGCTAACGACCTACCCGTACGAGCGAGGGGTCCCTTTGTTGGGGGGGTAGCTCAGAGTCGTAGTTTTGTACGTCCGCGGCATTCCATAAACGAAGTGCGGGCCTGATCTCGTGTTGGCCGTATCCGGGTGAGGAGTGACTTGGTACATGCGAAACTGTTTGAAGTTGGACCAAAACATGGTTGCGGCTGACCTTAAAGAACACTAGCAGTTCGACTGCCCTAGGGTAGCGGTTCCGCGGTGTCATTGGATCTAACATTTGACATGTCGTAGAGAGGGAGGAAGATTGATTATCAATTTCA,726,50.41,Caenorhabditis elegans
SEQ_133791,GACTTTGCTCCTCGTGCCTCGTCGGTCGATCACAAGGCCTCAAAAATATACGGCGTCCCCGACTTGTGCGACTACATTCGTGGTTGTCTTGGTAAAGGGTAGCCTTGCCGGCCCGTCGAGTAATGCCATAGTTCCCAGCTGATGGTCCCCCAGACCTAACGCCGCGCCGTTACAGCTGATATACAAGATCCTTGTAGTTGGCCAGTTGGGGCTCCCGCTAGAGACGCTTCTACTTGACCAGCCAAACATGTGTAAAGGAGTCTCTACTAGGACTAAGATGTTCGCGAACATCCAATACATAAATTCCGACCAATGTCAG,319,52.04,Homo sapiens
SEQ_950709,TCGCTGCTTCTGCATTTTTGCGGATTAAAGGCAGATACATTTTCTCTGGGTTCATGTCCGAGCCTATGCATAACGAAAACAATACGGTGACTCCGTAAACTCAGTGCATTGTGGTGGACTTTAGGGACGTGCGGCGTCTTTGAGACGTCCCTTAATGTTCCCTCATTCCACATATGCGAACGTTGATAATGGCTATCTCAAGATAACGACGTAGGTATGTGAATAATGTATCAGTCAATTGGTAGGGAAGACCAAACACCGATTGATACATAGTACCATTTATAAGTGGACAGAGAGCGGGTAGATCTTGTGCAGTCTAAAGTTGCTAAAATACCCAGGGGTAAAGCCAGTGTACCTTTCCATAGCAGGGCCGTGAAGGAAACTCCCTCAAAGAATATACCCCTGCGCTGAAACTTGTTTCTATATAACATTCTGGTTTAAGAAGCGGTCGTATTCTAGAGTCCAAACTATGATTGGAAGCGCTAGTACGAAGCGGTCCGGCGAGCACCACGATTATCAACCGTTATGAGACATAACGGAGCGTCTCCAAAAAGATGAATTTCTGTGTTTGCAAAGCGGAGAAATACAAGTTGCTGCCGCGTTTAGAAGGCTCAAGTTATTGAGCCACCAATAAGCCTAGCGATAATGTCGACTATCGGAGTTGTATATGTACGCCTTTAGTCCTCGTCTTAGCAGCGTCATACGACCTTACGTACATGCCGCTCGACCTATTGTATGAAATCGAGTTATCTCCCCAGCGATGTCCCTCCGATTTGCTGTTGGAGTCTACCTGTGTGTACACGACTCCTGCACATTGGCGAGGTCCGCGACGGTGTTTACTTAGTGCTATGGTATGGTATCGCATGGTGTCCATTCAACATTCGACCAACGCACGGTCGTGCAACTCACAGCCAGTTTACAGGCAAAGGACAGTAAATATACTTTTTGTTCCCAAAAGTCGAATCCTAGCTGTTGGGTGATGTGACAAGGACGTGCAAAGCTGAGTTCTTAATGGCTCTCCACTGTTCGAGCATGGCTTTGAGGGGCTCCCATCGTAGTGTACCGTCCATGGCCCACGATCGGTCAGTCTTAATTCGTAACATACGAAGAGTTCGGAGAGAGCTCTGCCCTAGAGTAAGAAAGAACACTTAAGACGTTCTAGTATTTGCGAAATAGGTAGGCTGTACGCCCGCTAGTCGACTCACCTGGATCCGAGGCCAAACGCGAAAGTTTAGACGCGTATCTCTATGCTTGCATTATCCCAGTTGTGACAAAGCCTTTGCCACAATCAAACTCTTATTCGTAATCAACGGATGCGCCCGGTCTTTGATTCGCTTCGAATGACTAAGCCCTAAATGGGGTTGGCCACAAACGGAATCGAAAACAAGGCGTCAGCAGTAATCGCCTAGAGTTACTCCCTATCCCTGACGCCTCCCCTGACATCATTATTGGAAGGCTTGTAGTAAGCGTCATCACCAATACGTCACAGATCGGCGCTTATTCGGTCCATCATATTTCTGCCTACGTACAAGCATTCGATAATAAGAGCTTTCTAACATAGACGTTAC,1568,46.56,Homo sapiens
SEQ_873996,CCTCGCTCCCCCATCCAGTAGAATTAAATTGGAGCCAGGCAGTTGCTAGCCGTGTAGGTCTAGTAGTTCAGCTTTAATGCACCGATCTCCAAAACGATAGTGATCACTCCGGCAATGACAATCAAGGACTTTGTATACAGCTCCTGCGCCAGCCTGGCAGTTTAGGGAACACGACGATATTCCATGGCAGAGTCGTCCTACCGATCGACCCGGCGTACGTGGGCTTGGGCAAATATATCAATCGCGTTTTTTGTTATACTATATGTAAGCGGCTTGTTATAGCCTCGTGACGAGGTTTACTGCATGGTTCGCGTTACCTACTGCTGTGCCGAATACTAGCATGATCCCTATTTTAGGGGAACTCTAAAGCTAATATGAGTTTGCTCACGTGCTTTCGCGTGCAATCTTTTATCCCAGTCCGCTGAATACGGATGCTCTCAGATGTAATAGCTTTCGTTGTTGGCTCCCGAACTATTGTGATAGGATTAACATCTCCATTAATACTAGTGCGGTGTTACGAGATTGATTGGGCTGCGTTATGCCGGGGTATAATCCATCCACTTGGCAAGGACATGTAACTAATTGTAGGAAAGACCAGGAAAAGGCTGCGCGAGGAGAATGAGAAATAATAAGAGGAGTAGAGCGGCCCCTCGATTGATTCCACTTAACGTTAAGGCCGTAACACGCTGAATACGGACAGCCTCGTCCGATTAAAATCTGCCATGATCCAATCGAATTCGCGCGTGCACTAGGTTCCGAACCAACATCGACGAGCGTGCAGGACATACTCCCTTGCGAGTTGTTTTTTGGTCTCAAATCGGGGCGCTCTTGAAGTGGGTCTTAATCGGCGGAGGCGTCCGTGAGGCATGTTGACGACGATGACTGTGCGTTGACTTTCAAGAGACACGGAATAAGAACCAGCGTATTGCACGCGTGACTGCTCCGTTCGTGGTAGATGAGCTGGTGCGCGTCGCTGTTCGCAGAGCACTATGCTAGCGGGAGCTTTCAGCGCTTCGCGACCGTGGTCTAGCGCATCGCCTGCTAACTGCGTCGCAACCCACTACTTGTAGTGAGAATGGCCATGTTAGTATCTTCCTTCCTACGAATAGAGAGCTAATACAACGAAGATCTGGACACCTCATTTAGGTCTATTTTCCGTATTGCGAACCACTATAAGTGCTAATTTTCCTGCCGTGGCAAATACTGTGAAGACTGCAGCTGTTTGCGGTTCGGTTTATAAATCTAAAGATTTTTTACGGGTCTCTTGTCTTATCGTGCTACGCTGTTTAATTTAGTTGGCAGGTACAAAGGACAAGAGGTATTCTAGTAATCTGCTATGGGATGCAAGACCCCGAATTAGGTGCCTCAATGGAAAACTGTCCGGACCTCACTTTAGATCACAGATTGTTTGTTTACAGGCGGACATGTCTCATAGGATCGTCCGGCCACTGTCCTGTGCCGTGTAACGTGTGTCGGGAGCACCTCACCGAACGCCGCTAGGCAGCTACTGAAGGTTAAACTTGTTTGCCCAAAGGTATCCCATGTATCTAGCCGCGTCCCCTGTGCCTTAACTGTCC,1577,48.7,Mus musculus
SEQ_697226,GGGACGACCAGCGTTGCCCTCTGTGCAATAATTCCACGATTTGCGTAGTTACCGTGGTACGCGGCAACCTAAGTGTACATCCGCCGAACACATGATTCACGTGTCGTTAAACGCACGGATCCCCGCACTGAGATTCTTCCCCGTTCGATTTCCAGTAGTTCGTTATTTAGAACACACTGATAGTCCTACTCAATCTAGTAGTTGACCCGGGAGGTAGTGGTCTGTGCACGGAGCGTTGACGCACAAAATAATAGAGTCGCCCTTAGACACGGTGGGATATAAACACCATCGTCAAACTGACGTGGCCTACAGCGTAGGTCCAACTATAACACTCGCGAACTTACGTGTACCTTAGCGTATTACCGCTCCTTCCCTAAAGTACGACTGTGATCCACATTGGTATGGCGTCAGTAGTCTTTGGCTATCGAAACCGTTGATCGACCGTGGGGAGGACTAAAGGTGGCCGTCTGCGCTTCTAGGACAGCCCGAGAAAATTGTGCAGGTATCGTAAAATACTGCTAGGAGTCTCGATGTGTGTGGCATGCCGTATGCTCACTGGATATAGTCCACCTCTAGGTGCATGTTCTGAAGAAATGGCTTGGAGACCAGACCCCGCCACATTATACCAAACAGGTAATCGTCAACTTTTGTTAGCTATCACTGTTCGAAGCTTCGCAATAACAAATTCTTAAATCTTTGCGCACGTACAGTTCACTCCCTCAACATTTGTTAGCCATCGGCTGCCATGACCTCGACAGTATTATTATCGAGAAGGTGAGGAAAGCTGATTGGATCCAGGAATCAACGTCTGGTCTGGTGCATCCAAATTGGCAGCGTTTATGTGATAGGATGATGGCTCCTGACCCGCTCCAATATTCTGACTTCGTGCTTTTTGAAGCCCGTACATAAACACTAGTGAACCCCGTCGCGCCGCTTCTAGCTCCAGCTCCAAGCGCATGATGGTGTCATCCGGCACCGGTCTTTCCCATCTACTAGAGCGTCGCTGCCAGCTCTAGGGATTTTTCACCGTGTCTCCTCCCTAGCTAAGCACTCAAATCGGGGTTATAGTTACCATGGAGCCGGACCGTCATCTTGGAATCTCATGTTTGGCACTAAGGCGCGCCATCTACTTACCCGCCATGTATGAACCATGTAGTGTGTACGATTCTAATCTGTCCCACAGTCACGCCCGACTTATGAAAGGGGGCCTCCGCACTCGTGTTCCGTAATAAGGCGGTCTGGGTGTTAGACTACGGAGCATGGAGAACGCTTCGCCCACAACTCAGAATTGCCGGTGTGGGCCCTAAAACGCTGCCAGTCACGGCGTTCAAATAGCGGATAGAGGCATTCTTGATGCATATATACAAAGTTAGAAACACGCATGGTCGATAAATCCCTTGGACGTGAAGTTATGGGAGATGGAATCAGGCGAGGGCATGCATACCGTC,1448,49.93,Escherichia coli
SEQ_522229,TGAAAAACTAATGCTCCAGAGGGGTCGATTACCATGCTAAGTGTGGCCTGGGTAGAAGTGAGCCGTTTTTGTCGTGACTACTTACGCCTGACTGATTTATGGCATAATGATGTCTATTAGCACAAACCGTGACCTGCCGCAGAATGACTCACGCGCAACTCACGGCGTTCCACCGATGTCTCGCTTTCTTAGATCGTTGGAGACCGGCTCGACGTAAATACGCAGGCCTTGTCCCGAACGCAGGTTTTAAGTGCCACCCGGGCGGATATCCGGTGAATCGCTTCAATATGGGGTGCATCCCTAGTCGAGCAGAAACGTTAGCACGCTGCAAAAGCTTTCTTTGAATAGCTGGATACGACTTAAGGCGAGAGTTTCATGCGACTGTACACATCGTGATCTTTCCGAACCTGAAAACAAACCCCGACATCTACTAGGGAAGGAGGCGCCACGGTGTGCTCGGGTCACGTGTCGCATTCAGTCAGTACGTCCTAGGGATGCATCCATGGTCTATATCGCTGCGTACAACACCCGGTAAAAGAGATCTCTAGTAAGCCACCCAGATTCGTTCGGGTCTACTAACCAAGTTTGCCGTGAAGAAACTGTACACCGGAGTACTCAATCTGTGGAATAAAACAGGAACAGGGACTCCTGGACGTTCATGGATAAGATCGTGCCTATACCGGACGTGTCGCTCCTCTTGCGGACAAGATCCGCCGAGGCCTTTTAGCGAAACCAAGGAAACCCGAGCCTCGTATTGAAGCGACATGCTTCAGATGTCAGAGTGTTGCCCTTAATGTCCAGCCTACACTACATCCCGCGTTGGGGTGTCAGCTGTCATAATCGGCGCAACTCGCTCCTACCAATTCGCATCAAGACATGGTGCCGTTGACAAAATGAAGGGGGGTCTGAGGCATCCCGGGGATTTGAGTTGTATTCTCTCCTAGGCGTTGTATGATTCCGCTGCAGAGTCGGGGCTTAGGGCATACATACTCTGTTACGACTGGAATGTCAATGATTATTGCAGATCAATTCATACGGCTGACGCAGTGCGTATGATATAATACGAACTATCGAAACATGCTCTGGGGAGGATTTAGAGCATCCTCGGGGTACTTACGAGGCGCCACGTACTGAGGGGCACCTGAGGGATTGTTCTTGCGGCCCTAAGGTGTAATCACGGTGGGAAACAGGTTGTTCGGTGCGAGGTGTTGAGACCCGACGAAAGACTACGGACCACAACGCGTGGGGGTGGTACACGTTACCATCGCAGGTCCCCCTCTTTCTGGACGACCGATGAGCCTATGTGGACGACGAAAATCCGTGAAGTGAAATCCCAGACATGGAAGCGTCTAAGATGACAGACTATACGTTGCTAATATTCTGACACAACTCCCGGTAAGCGTTATGGCGATGACCTTTGCTAGGTAGCAGTTTACGTAGACTTGGTGATAGCTGAAGAGCCGCTACAAGAGCCCTCCGCAGTTTAAGACGTCTCAGGGGTAGTCAAATGTGTCGCCAGAGATAGCTAGCCGTGATTG,1538,51.11,Saccharomyces cerevisiae
SEQ_379194,ACTTGATTTTATGCAGGCGGACTTGTCTTCCTGCCTGGGGGAGAATAACCAGTACAGGCGAGTCGCTCTCCAGAACCAACAAAGAGACGGTACGTGGCACGATGGCCTACGCTGCCCTAGGTCGCGACGGAACTAGAAATCAAGTACGATAGTCGCTGTGGTGGCTCCTCCTATCTGTCGCACATTTATAAGCTAAGGGGGGTATGTTCAACCTGTACGACTCGAATTTAAGTAAGACTGCGTCGGCGGGACACCGTAGTGAATGTTACAAAGTTGCAATAGAGCGTCTATTACTTCGGTGTCGGACGAGCGCGGTTGTCTGGGCTTAGAATGACTAAAGCGAGGATGAACTGAACTATTCCTAGAAAAGTGCCACCAAAACAGCACAACCATATGCTAGTAATCCTCATAACCCTATAAAATTGCATGCACTCACTTTTCAATTATCGTATTGATCTTCGTGTATGTTGCGTGTCACGTGAACTCCCTAAATCGCCGTCTTTGAATTTTGCTCCTATAACGCACCGCTGATTACCGATTAATCCTTACGTGTACTATTGGTCAGAAGTGTCCATCACTAGATCTTCGAGTAGTACTCCTTGTTATTCTCAGGCAACGCCGCCACACGGAGTAGCTCTATGGTAAGTAGGATAGCAGATCTACATCGTGTTTATCGGCGAAACACACACTTCCTGCATAAACCTAGAGTCTCGTCGAGCTTAATGAGAAAGACGTGTTGAACCGGCGTGTGAAACACCAACACATCCTTGTGTCTTGGCGCATCCATAAGAGTTAACCAATATTGAGATTCAGAATGACATATACTAGTGCTTCGCCGAAGGCGTCAACTAGCTCTACGCACCGTCCCACTCGGTAGTCACGGTCTCCTATGGACCGAATCTTCCGCGATAACCCGTTAGTTGGATTTATCAACTATACCACATATATCACATAACCGGTTCACTTAAATTCTGAAGAGAAAAGGCCGAGGGGACTTGTCAGAAGCATGTGTTATCACGCATCGGGCACACGCTCCGTTTTGCTTCGCTTCCCATCTTGCTTTCCCGAATGCTAAGACAAAAACTGTCA,1089,46.74,Mus musculus
SEQ_867772,TTTGATGGCTGCATAACAAACGCGTTCACCTTACCAGCCGTATGTCTGAGTCGCGGAGGCGCTCTACGAAGTTTTGAGCCAACACAAAGATATGGTGATCCTACAACCGACAATCCTAATCTGGCAAAACTCAACTTCGGCCAGATAGAAAGGCAAATTTATGTATCGTTACATATGTACGAAGGGTGAGCTATCTAGTAAAGCTAAGAGAGGCAAAAATATGCCTCGTCCCCGCTTGGTTCCGGAGCACGCATTGTGAACTGGTGTGACAAACTGGAAAGGACGATCCGAGCTACGGAAATTGACAAACAACTCGCCGGTGCCGAGATGGGCCGTATAAGATCATGCGTTTGTCATTCAACCTGCTATGACTTAGACTCTGTCAGCAGTTAAGGCTTAAGCGCTCTTTCCATTGCAGCCCGGATAGCATAAAAGCAATCCTTAGAGTAAATCAAATAGGCCGCATGGGTAAGGTGTGCGGTGTTGCTAATAGCCTCTAAAACAAGCCCGGGACAGACTCTGCTGCCTGCTCCACACTGATGCCGCAAGAAGATCTCTTTGGTATGGACGCGACGTTTGGAATCACTTGTGATTTGCATTTTGATCTCAAAGGTTCTCGAAAATGTCTAGTCAACCAAATGCAGCTTAGTAGCTGGTTAAATGATACACCCCCACTGTCACGTAGCAGGGGTAGCTTGGTTTCTAATACGTACTC,715,46.85,Homo sapiens
SEQ_540911,ATTAGGTAGCGTACTGTCGATTATGATACATTTCAATTATCCGTCAACTCCATTATAAGGTAGCTGATGAATTAGTGCCACATCTATGCGGTTATACGTCCCAGGGTACCCAAGCTACGGATCAGCATATTGTCGGGATCCCCCGCGCAGTTTTGTTACATGCATT,166,43.98,Arabidopsis thaliana
SEQ_572603,GGTTTCGTTAGCTGCTATACAGAGGCGTATGAGTTCCAGGCTACGTGCCAATATGCTCACTGCAAGTCGATCTTAGGCTCCTACCGCCAGTGTTAAAGAATCGTCTGAGTTATATCGTCTTGTGAACGTTCGCTTACTGCCTCAGTGTCCGCACCAAGGAGAGTTCCGCACAAGCCTGCTTGGATCATAACTTCGGCTCTTATACAGCCAGCGCATTGGGGGTACTGCACAAACCGAGGGGGGTCCACTAGATCTAAATCCGGCCCCCCATCAAATCTTCAACCGTACAAGAAGTCTTCGGCGGAGGGAGGGACATGCGAATGTGGTTACTAGAGATACGGGATATGTTCACAGCTGAGATCGGCGCTTCTATGTGAATTGGTAAGTTTTGATAAACGAAGCTGAGGAGAAGACAGTCAGCCATCGACGAGGGCGGAGAGCCCAAACATGAATACGTACTGATGAGGTCCTTTCTTGTTTGCTTGCGTCTCGCCAATTCTAGTAAACAGTCCACTAGCTAGCGCCAACTCAGCGATCGTACGAACGTACCGGTAACGTCTGCTTGCCCTTCGTCTACAACTAATATCCAAAGGCGGCAACGTCAGGGTATTAGTTAAACGCTGGCAGTTCTCTAGTAAGGTTGGTCTGCCTCCGTCTGCTAGGCTTTTGATCTCGCACGGCCTAAGGCGAGTCTAAGGTGGGGGTTACATCAAGGCATTCCGGCCTTGAGGTCTTACGCTCACTGAAAGCCGTGGTGTCCCTTGCGGGACTGAAGCCGTTTCGTGCTTACGCGTTAGGTGTGCATTGAGTGGAAAGGTTAACTAGATCTTCAATCTCCGGAATTATCCTTCCCTCATTGTTAGCTTCTTCGGATTATCGAACCTACTTAATCTGTAAGTCGGACTTGGTGGACCGTCTAATCCCGCATCCGTTGGTCTAGCATTGAGCCTAGTTGCCAACCAACATTCTCTACATGCAGGGCTTGTCCAAGTATCTTAGGTTTTTGTAGATCACTGGGATAGTTGTATCGCCTGGACACACCGAAACAATCGGTCAGGGGGTAGTAGATCTCGAGGTCTTGCTCTGAGCACATGAGCACGTTAGGGCCTGCGTCATACACCTATCATTCGGCTTCCAGGTCGGAGGTGACGCTCCTCGCGCTGATTCGTCTGTAATGGCTAGGGCCCATAAGTTCGGGGCATCCCCGAAACGAGCCCGTTCTGCAGGTACCCGATCCAAGCAACGTAGACTTCCATTATGCGGTGTCTAGAGATCGCTGGGCGGCGGTGTTGTTATGTTCTCGGACAGTGTATGACACGAGTCTTAAGCCTGTATTCTATTGCGCCAGCAGGCAGGATCACGCTTGCTAATGCTTCGTATTTCGTGTGCACCCCGCTACCGGTCGCCAACAGGGCACGCCAACGTTGATAAACGTCCTCCGGATGCGATTGTGAGCTCCATGATTGCAGTGTTGTAGTCTGGGTGCTGATAACTGAGATCAAAATCAGCTTAGTCTACCAATGGAAAAATCGATTATCAATTAATCTTTGCGTAGATCACGTATCCTGTTTTATGTGCGGACAGCATAATCCAATTTGCCTTCCTAGCAGCTCGCGCAACCTGGACAAGAGTTCCGCTAGCTTTACGTTGAATCTGAGAATTTTCATATTGGCTGCGGTAAGGCCTGTCCCGGTAAGCAGAAACACCCAGCCCTTTGTCTGTTCAGCCATCCTCATAGGTATGCCACTTGACCAATCACCCCTGTCGCGACGCCTATAGCCCCCTCTGCTCGTCAAAACGATGGGGGCGTGACAACTGCGGCC,1823,50.85,Mus musculus
SEQ_358266,TTATCGCGCGGCCTTATCTAATTCCGACTCCGTTATGCTCAGTTGCGTCAAAGTGCCGAGTTAACATATTTACGTGGGGGTAGATGCAGCAATGAGGTCCCCGCGGTACTCTTTGAGCGGAAATCAGAGGGTTCGAGCACCTTGTTCCGCAACCTAGGCGTACCGGATTATTAACGCTGGCCCTTAGGTGATTTGTTAACGCTGCCCCTACCATTTACAAGTAATGAATATAGCCCTTCTACGTAGTATCGATGTGCTCTCCTAGGATTCGATTAGCCCAGCGTGCGGCATGACATTGAGAGACCCATGTAGTCCATTACGCGTTGCACAGCAAGCTCCAGTTTAGCCCAAGCTCTGTTGCGGGTCAAATACATTTCGCTGGAGCGTCCTGAGGTTCTCCGTGTAATCAAGCGTTGTCCAATTGGCTTATCAACATGCCCGAGGAAAGACCTGAGCGGCTCATTAGAGAGATACCTCGAAATTGAGTCCGCGGACTCAAGTGCAGGGAACAAGGTGCATTTCGTTTCGGACACCTCCTCAGTGCTCCGTTTGGGTGGCGTATGCATCAGCAACGGACACCTGCGCTCAACCTGCGCATAACGAAGTAATACTTGTATACCACACGGTGCAGTTAGTAGACTTTACTTGTATAGGACTAATCCCGTCCTACCGCCGCGGATGGGGCACCTGTTAGGAACGTGTAACTGTATTGCTAGGTTGAACACGTTTCGGCTAAACGAGATGTCAGAGTATGCACTACCACTTACAACGGCCATCAGCAGGCCGAGAACATGTAAGGTCCAAGGAAACCTCCAGCGAGCATTTTGAAATCACCTTAATTGCGTTATTAGGTTAGTACTTGCCCGTGCCGCGTGTTACGTCTAAAGCACTAACGCGAACTCGCCAGTGGCAGCGAGTCTGCTGCGTATTGTCCGATGTTGCCTTGGATGGTTCTAATTTCCCGTGATTTAAAACTGAGGGGCGCGTATCATAACTC,997,50.05,Homo sapiens
SEQ_587085,CAGGGTAAAGTGTTAAGCGTTATACCAATGAGTTCTATTGGTCACAGTTCAGCTAAAGGAATATTTTAGCAGGGCAGCGTAATTCCC,87,41.38,Saccharomyces cerevisiae
SEQ_998755,GATGGTGAGCACGGCGTTGTGTAAGCGTTCTTGTATTTGGCTGCCGCGTATCGAAACTACTACTGTGGGTAGGGGACGCACGCCCAGTCCAATGTGGATACGTGTAAAATCTCGACGAAAGCCTCTCAGTCATCGACACCTGTAAACCCCTTGTGACAAATTAACAGGGGACAGGAGGAGCAACGGGACTGCTGCGGCAAAATGGCTTGGTCAGTGTCATGCGCCGTTTAGTAAGCCAAGACTGTGAGCATCACAATCTCCATGCAAACGTTTATCACGCAGGGTAGTCGATATTGGTCCGAACAGGCTTCCTTCAAGCAAGCGCCCGAGGTTTACAAAGAACTTTACCTGGGTAACCGCCATCTCTTAACAGGGCGTTTCTATTCCTCCAGCCAACATATATACAATTTGTCCGACAGCCTGGTAATCCTCGTGCGTACATTGACGGGCCAACATCGTTTGGACTGTGCCTCTTAGTTTGGTTTGGCATGCCTTACTAGAACCCTTCGCGCCTCTAGCGTTGGCTGCTATGTGGGATTGAGAGGTATAACATCCTCAAAATCACTGATCTCACACCCTGTCGTCGACCTATCCAGGTTTCAATATTGCTCAGGATATCCGATTCTGGCACCACTCACACCGAACGGTTACGGTTAAACCTTCTACGAAATTGCCAAGGTGTCACATGTCGGTCTGCGCAGATCTGGCAACTATGACCCTCCTGTTCGTTGAGTGATCTGCTCGCTCCGTACCTTTATACTAACCAAGAGGAGTAAGAGGTAAGTTAGAAGTTTGACGTATGGATGTGGTTCCTCCCGATTCCCTAAACCGGATAGCGGGATCACACCAGATTGATCCTTGGCAACCGCTCTTTTTGAGCAGCTCGACCGATACGTAGGGTCCTTGTTCCAGGGGGAACCGGTTCTTTACCGAGGTTAGGAATAGTTTTTGCATTCTAAATGGCGACGCAAGTGAAGAGCAAATTCGTAGGGGATCGTCATTGCTACCTGAGTAAAACAGCTGATAGAGGACATGGCAGGCCGCCCTCACAAATATAACGTGGATATCGTAGGAGCGTCTCAGACCTACAAGCTTTGTAGTCAGTACACGTCAGGTCTCCGCCAGTCAGACGGTCGGCTCGGCTAGAGTGATCGAGGAATACCTTCATTGCATAAGGTGACGGTCGTGTAGCTACCCACTCTAGGTAGCTGCAGCGGCTGCCT,1223,50.2,Arabidopsis thaliana
SEQ_298455,AGATGGAGGTGTAGAGGCCCACACCCGCTTCACGCACGTTACAGGGCGCTCCAGTTGAGCACTAAGGGGAAGTGTAAGATGCGGGGCTCGGGCTCTGGATTAATAATAAAAATGTGCGCTGAACGAATACGTAAACGACAATTTCGATGCAGGGCGTCCGTGTTACTGCATGCGCTCGAGAACGACGGGGAAGTTGTGGCGACGACTGCTATAGCATCGGGCAGATATGTGCACTAGGTGGGCGCAATCCTAGAGGGGGACCTGCTCTTACAGTGATCGCTTTTTTACCACTTCCACGACATGGTAGCTGTCGCAGTTTGGAGCAGGTTAGTACACGAGGCGTATGCATTGGATTTCATCAATGAAGAGTTGTCCACTTTTCTTGCGCAATTTTATATACTTCAGTGTCACCTCTCTCAGTGGTTAAACTTCGTATGTGGCACGATCAGGATGCGTCTAGGCACGATACTTGATGAACTCTACGGGCTGAAGGTGCTGTGAGCAGTCCCAACTAAGAAACTGCAAAGCGCAATTGCATACCCCGAGCTCAAGCCTTAACTTTCGTTTAATTACGACATCGCGCTGCGGGCACAACTGCGACGGAGAATGTAATACGACGGCCTGTCTCACAGTTAGGAAAACGCTGCGACTAGGAAGCGTGGATATTCATGCGAAACAATCCATACGTCTGCTTATATCTATATCTACTCCTCATGATGCCATGCCGCTAGATGACGACATTACCGAGATGTCCACCGTCCAGGAGATGGGAATGTGGCCGGACGCGGACGAGATTTGTAAATATTCGGATGTATTGCAGCGAAGTCGAACCCTTGAGTCGAGCCGCGTGGTTCGGGCACCACAGGGCCGTGGACTATATTCGCAGTGATCAGACTCTTCTTCATGTCCTCACTATCCGAGGATTCCTAAACTGATTACTCGCTTACTGGCAGACCACCCCGAACTTAGATATGGAGTGGTAAACCAACACATTTTGTTGTTCGATAACTTCGCGTCCTGGTACGGCATTTAAGTACTCGTATGGAGTCACAGCTTTAAAAAGTGATCAACCAGTCGGTAGCGGAACTCCGAGATCTGGGAGCATTTTGCGATCGTGCGCGATTACATATGGACATCCTCTAACGATAATTTTATGACCTCAATAGCATAGACAAAAACTGATATCTGTATCGAGGGTTATCGTTAGAATCAAAATAAAATTCGTTTCCCAAAACAATGTGTGTCGAAGTAAGGCCTCAGTTCGAATTCCTGTCCGGCGTGCGAACGACCGCCAGGGTTAGGAGTACGGTCGGACCGCCCTCCACATCGGTCTAGTGACATCATAACGTCTAACAGGGCACTAATTCGATGCGGCGTAGAGACGCAGGACTAATGTAGCGGAACCGTCACGCTTGGAGTCTCCCTCAATATACAAAGACTACTCGAACTGACTGGTTGATGGTTCCCAACTTTACTATACAGGCATCAGGCATGTCAGGTTTAATAAAATTATCCCGCCGCAGGAAACCTGCCGGTCGATAGCAGTAGCAGGTGGGGGGACCGATAGCATTACCAGAGTTCCGCCGAAGATAGCTTCTACACTGCGGATGCCCGGCTAGTCGACTTTACCCCTATTTACCTG,1642,49.27,Mus musculus
SEQ_367561,TCGCGCCGGTCTGAACTACAGGAGACCCAGTTCTTCAGCCAGTAGTCAGAAGTTTGACATAACCGACATGTTCCGTCAGTACTGGGGCTGACGAAATTGTCACGCAGACATTCGAATCCTTGTAAGGAAATGCCTTGAACCGGTACCAAGCAGGTCTGAAAGGACACCGTCGCCATGGCCAAGGCTATGGTAGCCTAACTAGGAGGATGGTGTCCTTCCAAACGGAACTGGAATCAAGTGGGGGCGCAGTTACCAATCCGATACCATCACCCCGCGGATTTGCGTCAAATGGCCCGTACCAAGTGCCGTCCATAGCCTTATATAGGAACTTTGTTTACCGTAGAGCCAACGCCTTTGTCCCGCTGTTGGATTCCCTGATCAGCCGCGTTTGCAATCCCGGCCAGATTCCCTCCCAAGAAATCTACACTCGACACCTTCCGGAATTACCAATGGTCGTACAGTGGGAGTAAGTGTGCATGGAGAAGTAAGAGTGTTTCACAGAGGATAGGCATGACTAACGTAATGTAGACCAGTACTAGTTCAGATGTAGTGCAGCGGTATCGTTACAACTATGTCTTATCCCGACCGAAACTAGTGGGGAAGCCAAGGTTACCCATAGCAAGATGCCCGTCTTCTACAGAAGGATACGAAAGGTCGTCCTCCCATGCTGTTTGGGACCAGGCGTGGACCGGAGATTAACAACTGAGCCGGTACTACTACCGTTCAACATCCGTCTGACTCCAGGAGTTGTTAAGATAGCCGGATTCACAGTTACCCTGGTGTTTCAGACTTTGGAATTGTCCTTCAATTCGAGCGACCGCCCAGTGGCGGGACGGTATCTTGTCCGAGCTCCCCCCCTCTGTGTTTTCCCTTACACGAACAAAAAATTAACCTACCTTTAAGAGTCCCTTTGGGCGGTATCATCTGACGGCCCTAAGACGACTGGACTCTTGGAATCACAATAAGGATTCCCAGTGCGATGTGTACAGTCGTATAACGGGCCCAACAATATGGAGCCTCAGTCAGTTTGTTCAACGTGAAGACGACTAAGCAGGACCGCAGCTATTCGCGCTGCAAGGAGTCATTATCACTTCCACGCAAAATTCTTCCCAAGTTTCTAGTTAGGTTCCCACCGAAAAGTATGGCGTATGGCTAACTGGAGCCAGGAATTTTTGACGTTCTGCTTTTACCCCCAAGGTAAAACGTAAAGTGGATTTAGTAAATAGTTGTGACACTGACTAAATGAATTAGCTCGTACACAGACCAAGTAACCAATTCACGACTCCGGGGCACACACTGCCATAATTACAACACCATTGAATGGTCCCACCGACACAGGCCAATTATGCCTAATTGCACCAGGATCAGCGAGGCACGATCGTTCTACGGGTTTCCGAGGCAAGGTAACTACGGCGACAAATATACGCTTTAAACGCAATCCTAACGCAATAACGACTCTTTCAGTGAACTGGATCCGGAGGGGGAGGTGCTAATGTAGTGCAAGGAACGTTGGTACCGCCAAGTCAAATCAACCGGAGATGCTCTGCATGAGTGGGCCACTAAATCCTCTCGCTGCCGCTTGGCGACGTTATCCCCCACGCGCATCAATATGGTGAGCAAGTCCGGCCCTAATGGGACCGACGCTGTAGCTCCGTACAGGTGACATCCTGGTGCCTTAGGGTCAACTAACTATTCTTGGGCGCTACTTCCCGGAGCACTTGACAAATGCCTTGCCCTCGGCGAACGTGGTGCTATAACCTACACAAAGAATTGCGAATGATAGAGCGCATTAAGACA,1797,50.03,Mus musculus
SEQ_658869,GCAGAAAACGGTTGATGCTACGTACTCGCATTCGGTAGGTTGTTTATAGACGCTAGGAGTCCAGAAACTCAAAACTGCGGACTCCGCCCTACGTTTATCTATGTCGTAGCAGTTACGAGCAGTACTCAGTAGACAGACTTTGTGGCCACGGTCATCCGGACGCTTGCAAGGGCGGATTATGGGATCAGACCTTGCCCGAAACAACTAAATGGCTAAATTGATCTGTAACTTATCGTACACTTAGTGCATTTAAATAACAGATCGGAAACATTTAGAATGGATGGGGATACCTTCGGACAGGAACGATTGGGCATAGTGGTTCTTTGAACCTTAGCGGACCAGCCTAACCGCGCGAGATCCTAAGGGTTTCTACTCCAAAGGGATTACACATGTCATGATTGTCTCTAGCTCCCTGTGGCCTCACTCAGCAAGGCCGCTTAGCTGACCACGGGAGCTACTGTAGTCGCCAACCCGAGGACCGCCGTACGCTGTACTTGTTCCCAATGGGTGCGTATTCTACACCCGGCCAACCAGTAGTGGGGAAAGGTGCACTAGGGAACCGGGTCGTTTCGAGTTTGAACTAAACAGTAGGCTCTGGCTAATCTAGAATATTATCTGGTAGATCTGTGTCATGCGAGAGACTGTTCTGTCCCATAGTTGGCCCGGGCCACGCTAAAGCACGTCCAATCTACAACCCTATTTGTTTGCCAACGTTTAACATGATGATGACACCACTGGATCTTTTTTTAATACTGTTGTCAACGGACCTTGCTCTTCCAGACACGTCACGGGAGAGCTCTGAAGAGCGAGAGCTCGTGCTTGAAATCACGCCACGTTAATTCAGACAGTGCGTGAGTCCCCGTTTCAAAGTGAGCACTATTCTAATCCAGGTTTGCCCAACCCTCCCGCCCGATAAAGGGATATACCATAAGTAAGCCAAGCCTAGCATACACACCGAAGACCTATCCGACACCTGAGGGTTACTCGCCTTTTTCAACAGTTCTTTTTAATTCGCACAACTTTCATCAGAAATTGCCATTAGGACGATGAATGCCAATGGCGAGCTAACGTATGCCCGTGATCTCCGAGGGCTCGAACCAGCGAGAAGGCCTACGAAATAACGGATAAAGTGTTTTGCCGACCTCTCCGCACGAACCATGTCCCTCGCTGATCAGCGAATAACTCACGTGAGTTCTAGACTAAGATAGAGTTACTACCTTCGATCCGTACGTCGTCCGTTTGCGATACGACTACCGTCCGGACGCTTTCCGTCTAAGAACTACGAATTCTATGTTTTAATGTTCCTTGTCTGGCGGGTTGACGGAGCGCATAGCGAAATAGAGCTAACGCCTCGGTTGGCAGCTACGGTTACGCCGGCCTATGCCCTAAGTAGTCCAACCGATAGGGACTTAGTAGTGTCATCCTCCTAGAGAATCTCCGTTCCCTGGCTTACCCTATAAAACGCAAAACACGAGCTTCCTTTCATACAGAGCTAGTAGCATATGCACATGTGTTTGGGCATGAAACCTAGAGTTACCAATTTATTTCATCTGGGGCATTCATTTGTGTGGACCCTTCCTTGTTGAAAATCGCTCGAGAAATAGCCCTCGTCTGTGCGAACGCAATTAACGGACACCGCGACAGTACCAAGAAAGAATCAACCAGACCGTTCAACTAGTTATTCCCCAAACGAACGCCTAAGAAGAGCTCCGTCTGTCAATGGTAGGAGTTGGAATTTGCAGTGTACCTGAGGGGCTCGTTCCGTTGCCTGAGCGATCTCGGATGTAAATCTCGTCCCACAGCCTTCTCGTATCCATCAAAGCGTATCCGGCCTCATGCAACGGTCTCCGGACCGTACGATGAGGCGAGGAATTACCATTGCGCAACGTCAGAGCTCCCTACCGTGAGAACAGGGGGGGAGGCCCCCCCCTCCGAACGCTGGATGTATAAAGAAAACAGACCAA,1964,49.54,Arabidopsis thaliana
SEQ_186628,AAATGTTTGGGCCGACATATCCTATAGATTACCATTCTCAGTTTAAACACAAAGCCGGCTCGTCATGACGATCTATCAGTCATAACGCCAAGACCTTCTAGCTATGCAACTGACGTGGTGTGTCGACCTAAAAAGGCTTTGATAATGCTTCAGTTGCATGTTTCAGTACTGAGTAGCCGAGCCAATATCGTACATCCTACCAAGGCGGTCTCCCGAAGTAGTTACGTATGATTTTGACAGCTAGGGAATGGGGCTGTCCCCATTTGACAGCGCCAAATACTTAAGTTATCAGGATCCCTCGCTGCATCATGCGGTCTCGATCGGAATATTTCTCTATTGTGGCTCTCCATAATTTTCGACAGTGCCAGGTGCGTGTCCGCTCGCTGAACAGCGGGAACACAGCACGGGTACCGTCTCTATGGTAATGGTGTTTGTCCCCGAGAAACTCTAACGCTGCCACAATAATCGAATTTTCGTTCTTAAGCCTTCCGGTTCCTGTTGCACCGCACTCGCATATCTGCTACGGATCGCGAATTAACACTAGTGCATGCATATAACCTCGATAACGGCCATACTATGTCATGGTCGACGAGGCAACGGATCCCACTTGACCTAGTCTGAGGTAAAAATAAAGCCTGAAAGCCGCGTTAGCCGGTCCCCTGGTCGTAGGAGAATCTCT,679,48.16,Saccharomyces cerevisiae
SEQ_145351,ATAGCCCATGCGCGCTTATGAAGTGGCGCAATTACGCTTATTGATATTATAGTTTGGACCCCTGAGGTCCCGACCAGGCCATGAACAGTAACCATATTTACAAGAACCGGAAGTAGGATAAATTCGTGATGGTCTTAGGCTAGTGCGAAAAGCTTCATCTTATATTAGACGCCCACTTGCCAGTTGCCGCATGATCAAGATAAGAGGTAACGCGCACAGATATGAGCTGTGAGACCCTGTGATTGTGAGGGTTTCCTCCCCGCCCGCAAGAGGCCACCTACTGGGCGGAACTAATGCAGGGGAATGTGTTGATTAATTTTATGGCAATATGTTGATGAGTATATCGTGTGCTCTGTTCGGCAGTGAAACGGCTTATAGTAGGAGGGTAAGGCACCGCTAGTCAGTCCGCTTGTTGACTACCGTTCGAAGAACGCCCCAGTAGTCGTCAGAAATAGTTATAAAAGTGCAAACGATTTAACTTTGCCGCAAAAATTATTAAGATAAGAGCTCTGAGTTTGCATGCAAGGATTCGGGTATAGCACTCCACAACGAGGGCGGTTCGCTTTGACGCCAACCTGAAATAACCGCTCGGTTCGCATGTTTACTTATCAACCCGATGCCCTAGAGCTGAGGCGTCCTGGAAGATCCGGTCAGTACACGCCTAAAAGACCCCGTATACCTTATGCTCGATACATTCTATGCAGAATATCAATCAACATTTTGACACTGTGAACGGGCACGGCACCATGCTCGGCAGGTGAGAACTTTTCTAGGGTATAATAGAGTGGATCATCGACCAGATCAAGCTTCGGTATTGCATGCAGGAGTCTTTCTTCTATTTATTTGCGACACCATAATGATATACACAGTCAAAAGTAGCTCAGAATCACGACGAGTCGGAGCCCAGTCCCTCCACGTCGTAGAACGCTTCAGTCGTAACCTGCTGTATAATATACTTTGATAAACATCCCTTTCTACGCCCGATGAATGATTAATGTCACTTCGTGGCACGGCCGTCCTGTTATAGAGAGCAAGGAGTCGGTTCAACCTCTGACGCCCCCATTATTCTAAGTAGGTACAGTTGAGGAGTCGTTGAAGTGGCCTTAAAGCAACCGACTTTTCAGTACATTAGCCTGCGCAAAGTCTTTAAGGCTATAGCTTGACAGAATTAGGTGTAGGCTCAGTTGCTTGGCTTTATGCTGGTAACTGCAGACACGCCTCGCTAGGGCCATAGATAGATTCTCACAACCCACACCACAACAGTGACACAGTGGAGTATGCGAATGTCTAGCTGCGATCGGCCTCATGTCATCTACTCAGTAGCTCGTTAAAACACTGATGATACAACCGCACAAGCAAGCCCCCTCACCATTGCAGATCGGGTTACATGGTTGTTGGCGGGATAAACCGCTAGTGGCTTACTGCATAGGCGTACCACAAATTGTGATTGCCAGGATACATCTAACGCGAATGGCCTTAGGTAGGTGGTTTGGAGTTAAGTATCGGTGTCACCTGAATTTGTTCCACACGACCCTCGGCGTGCCCCCCCCCTCACGTTTTCCGTGTTCTAACTTGAAGAGCATGCTATCAGGTTATTTCCAAGTGGAAAGCTCAAAAGATTAGCAATATATTATGACCGGTCCAGATGGTCAGTAAGCTTTCTAGAACACGATAATTACCCTAGACTGCGAAACCCCTGCCAAAGCAGGGGGGGCAGCGGCACCGCGACACCAATCTACACTGTTTGGAGAATCTGTGAGGCTAAAGATTAAAAGTAGGGATTTGGGCCGCTATGCACGTGTTCCACTTATGAGGCGATAATATACGATCCAGACTACAACATTGAGCGGGAGGTTACGTTTTCAATTGCCAATAAGACCTCCCTTGCACTTTACTACGCGACCTCGTACTCGCCGTTGTATCCAGCCCCTATAGCAGTCAAGGCAATGTGATACCCATTACATCAAAGGCGATAGCGCTTAAATCCTACGAGTCAT,1997,47.37,Homo sapiens
SEQ_669664,TTCTCCAATGTCCAAGCAATTGCACCGACTTAGGAGGCATGCGAACAGCACATACAACGTCCGGACGGGCAGCTAAACATCTCAATCGTACTGTTGACACGGTACGCTAGGTCCCCCCCCTGGGATTTTAGGGGCTCTTGTAATTGAACTTAATTATAATATCTCTCGACTGGAAACGACACACGAGGACCTGCTATTCTAGAGGGGAACCACCCGACTTTACTCAATATAGGCAATTTGGTCCGGCTGGGCAAAATATTTCCTAGTGCCGCCAACGCCGGTTTCAGTTTGTCTGGGAACGATTTTTTCATGTGGCCCGGTATGGTCCTCCATATGCAACGTGCCACCGGACCGCGTAATGCTTCACCGGCTATTTTGCGTCTTGTGTTCTCCCTTTCACCTAAAAAGACCTAAATGGGAATAACAACGCGCTGGTGCCGATGATACCCAATATATACTACTAGTACCTGCGCCAACGTAGCTCGTCCGCCGACAAGTGATAGGATTGTCTGATCGTAGTGTCGGCTGGTTAGAAATTCTCGACGCAAAAACTAAAAAAGGACTGCTGCTCACCTGTCCGTGTCGAGATGGCTGTTAGCGGTAGATCGACTGCGTGATAGGCCCCGGCCAAATCGTCTCCGAACGGGTAAACTTCTTCGCGAAACCGCTCTCTGTAGTTCACCTATCCGGCGAAGTACTCGCCTATGTTGTCGTATAGAGCTGATGGCCCATCGTGTGCGCACACCACGCTTGATAAAACTAAAGCGACACCAATTCCGCCAATGTGGCCGGAGCCTCAGGACGACTAAATATATCAGCAGAATGCGTCTGGCTCGGTGTGTGCGCGTAGAAAGCAGTCTGTCACATCTTATCAGGATCCGCGAATCCACATTGGGGGCCTCGAGTAGGCCACACATCCTTACGAAATCTACCTTGTAAGACGAGCAATCTAGTAGGTCTGTGTTAGTTAGTTATGATAGATCGACGGCTTACCAGCACATAGGAAATATGTGGAATATCTCGACGGCTCTGGAACCATACGACTCTTCATGGTTAGCGAGTGCGCAGGGCCAATGAGGTCTCCATTAACAGTTTATCGACGCACGGAACCGTACACCTATAGATTCTCGGATGATGAATCACCCTCCACTTTGCCAGTACATACAGATTCTTTGTGAGCGGTTTGCGGCCGCCTCTCGTTGAACCCATGATCGCCCGTGTAAATAACCCCGCAGACGACACTTATTTTGGACTACAATAGGCAGTGGCTAGGCAACTAAATCTACATAGTGCAGCTCGGGAAGGTTCCCACTGGTTTATCGCTGGTCTCGGTAACGCGTCAGCGTGGCCGATCTTTTCCACTCACATCAGCGATTGTGGCCATGCTGGGCAATCCAAGCGAGTCGAATATGGAAAAGCCAAATAAGTTAGAAGTCCGCAAAGCCAAGTAAACTTCTCTGAAAACTGGCAGCTCATTTTGGCCCCGTTATCTCGAGCTGATCAGGTGCCCACGAGTGACCACCAAGATACCGCAGTCTCTGAGCTCAAAGTGCGTGGCGGAACGCAGTGAAACCCGCTCGGATAAAAAGGAAATTCCCCTCATATTTCATCTCGGGCGATATGGGCTTTTGTACACGCTCACTGTGATTATGTGATAATCGTACACGCTTTGTAGATGCCTTACTACGTGTATACAAAAGGTACATATGATGACTTCGGGAGAGAGACATCCCTGAAAGACAGCTCGGGCCTGCACACATGGAGCGGCGCGCACTCACTCAGTGCACTCTTTTCTACCGAGATGCGGAAGAGTTGAACCCGGATTGGACCGAGCGATTACTTTTTTCGTATCGGAGGTCTGAGAGCGTCCTTA,1873,49.97,Saccharomyces cerevisiae
SEQ_155319,GCTATCCAATAGCACGCCTTTAGGCCTATTAGGAACTGCTACTATTTAAAGATAGCGAGGTCTAGTGAGCGTAAGAAGTGACGGGAACCAGTGAGTTTCTGTGCAGAAGCGGTTGATGAATACGACCGGGCTTATCGCCTATTCACGTGATGGGTCCCACGCAGTCGAGTGTTAGACCGACGGGTTATATACGGGAGATACTGAGTTACCTAGTGCTTAGTTTCATTTAGTCAGCGGTCTGATGGTCGTGGTGGGGTCTCAAGATATCGGGGTATCCTTGGTATTTATAGGATGGGCACATTACGGGCTGTAAGATAGCATAGAACGATCCTCTAGGTTTCGCGCTTGCAGCTTAAAGGTGGATTGGTGGGCTGCGAGATGATATGCGAAAGAGTCCCTTTTATAGTGCTACTGATCTTGGGTTCTGAACGATACTTCGACAGTAGCGGTATTTCTAGGACCGAACAAACTCCTAGGAGTTGTCGACCTAAATCCGTCGCTTCGGCGGCCATTGCGACCCTAGGGTAGCATGGGGCGCCAGGATGCGGACTGAAGAAGATCTTTCCGCACGCGAGTAGGTTACACATTGTAGATAACTGTGCTGAAGCGGCCCTGCGCTGAGGGTAGAGTGGCGAACGGGGTCGCCGGTTAAGTTTAAGATCAGGAACTGCATCATGACCCATAGCGGCTCCCCTGCGCCCAAGATGTCGAGGACATTCAGCAGGCCCAGGTTGTCCACTACAGCGCCGACATCTGCCGCGTAGCCCCCATCCACGTGGTGATGCGCACTTGTGAGAGGTGGCCAGCACTACGCCCTTCACTTTCACAATTTTCCTGGAGGCGAAACTTCGTGCCCTATGGGCTATAATCACAGCCGACGACTCTTGTATATCTCCCTCCAAATCGGAGGGTTGGGTAAGACTTGTCAACGCCGTCATATAAGCATTCCTGCCTGTTCATCCCGTTACAACATAAATGCGACTTCGGTGGTCCCCAGAGGATGCGATCAGAGCCAACTGGAGACGAGCCAGGGAATGTGCGCGGTACGCAGCTAACACAGTAACGGCAGCTTGAACCTCACTTCCTCATAACTGGCCGCTTTCTCGAACCAACAAGATGAGTTGAAAGGGAGTGCAGTGGCATGGCACAGCGGACGGGGTCTTAACGCTCGTCCCCTGTATCGCGTTCGCCTACGTAGTGGGCTTGAACCAATTGATGCTCTGCCCTCCGCTTCTAGAGTGAGAGGAATGACAGCATTGCCTCTGTCGCGTTTTCATAGTCGTATACATAATTGGCATGAGTCTGACAAAATCCCCACGAGTTTCGCCAGTGCGGTAAGAAACACAGCCTCATCATGTACCTGTAAGTAAACCTCTTTATCGTAAATATCTAGCCTCAATTTGTGCTTTCAAGTTCTTTTCTAGAGCACAGGACTTAGATCAAAGGGTATAGCTTCACTCGCCATCTTTAACTCGCTTATTTAAATTGTCAACAGTCCCGGCCAAGAGTTTTTGGCCGTAACTAAGTCGGCGTGTGTGTGCCCGTAACCCACATTATCTGTCCAACAGCGGGTACCATAGGATTAGCCCACATGGGGACAAAAGAAGTACGTGGCACCCTTGGTTTCTATCTAGTATGGGGCAGGTGCAGGAACCATGCTATCCCATCAGTGTGAAAGCAGAGTTGGGTGGGTGGCATGTTCCTTCCCCAGTTCTGCAATGGGCGCGCCTGCTGGACGGGGGCAC,1745,51.35,Mus musculus
SEQ_761649,GCAAACGCGTTCACCTCTCGTAAAGTTGCAACCCTTTGGGCGTATAAAGATCTAAGGCTACTACGCAATTTGCTCGAAAGCTCTTCAAGGAAGCCGCGCGTAGAGCATACATTCGACCACTGCTCCACAACCGAACCGTACCCATGACGAGCAAGCTCAATATCCGGACGCGATCCACGTTGTCTCTTTGCCAAATCCTTCGAGAAGCCCTCCACAGAATCTCGCTACCAGCGCAGGTTTGCGGTAGGGACCTGTAGAGCAAGAATGTCTCCAAGCGACGTCTCAATGATTTTAGGTCCCTACAATCGGTGTTGCGGTTCATTGTGCCCTAATTGTGCGAGTTCGAACACCCTAGACCGGAGGAGTACCTCCTACGCCGCCTGTGTAGCCACGGTCTATACGAGATCTGACGCAGGATATCGATTTGTCTCACTATACCCGATTTTCGTGGGGACTCTAGGTAGGTAATGTGATGAGGAAGCGGTATTACATGGGCATAGCTTCCCTTCCCGGTGAAATCTTTGCCAAATTGATGCTCGTAAATTCCTCTATCGCAAAAACGAACTGTGCAGTCAAGGCTACGGGTTGGTCCCTTCCTCGGCCAAGTCGGTGCAGCTATCGTGTATAAACTTTGTCTTGAGCACTAGATCAAACTCTCAGCATGAGCCGGAGTGCTGGATAGTCTATAAGAGATTAGCCCCCGATATCGAGCGACGTCGTAAAAAGCACGGGATTTATGGTGGGGTACTCAACGGATTCCTTTGACCCCTGGTCTCCATCGGTCATGGGAAGCATTGGTTCTCGGTTGCCATACGTGAAATAGTATCTAGGAGGGACTCATAAGGATTCCAAAAGAGATTGCATTGAGCAGTAAGACTTTTCCCAGTCTCTCGAACCG,898,49.89,Caenorhabditis elegans
SEQ_459924,TCGCTTACCGGCCCTCGGCGACATTTCGGCAGGATTCCCGAGTTTACTAATGCTTAAATGTTATCACAGTCAGATCCCAATTAAATGGAATATGTACTTTACCGACGCTATGTCGTCGTTTGTAATTTAAAAACGATTCACTGTATCGTCGGCGTCTGACTGCCGTTGGCGTACTGTTAGTTTCAAAACAGAGGCGATCCCGGGAAAAGAGCATTTGCCAAATGTTTTTAAACAGGTTTGTTCCCGGAGCCTGTAGAACCAATTACCCCTTGTATATTGTCGACTTGAGCCTTTAACTCAACCCGTGGTGGGCGCAAGCCTGACGCTGACGGGTGTCTCTCATATTGAGCTATGATGACGTTTGGATAGTGGAACTATACACGAGGAAATTATGAGGAAACCGCGGAGAGAGTGGGTACTAACCCTCTCATATCCAGATTGCTTTCATTGATGCTCCGTACGGTGGTCGTCGTAGGAACGCTGGCAGTCTAGAGACAACCCGTATGCATTGACCTCCGCCGGACGTTTGGAGTTCCGCCCAGTACCTCCATATGGCGACTACCATGGGGCGCTGCCTGTCGCGTATAACCCACCACTCATCATAAACTGGAATCCCTAAAGACGCACGTTATATACGCACGTTCGATCACGCGCGCGTGCTGAATTAGCGCTGGATTGAAACCTCGGGGAGACGGTCTTGGCCAATCAAGGGGTGACCACATTTAAAAAAGCGCTTTCCTAGTCTTAAAAATTCTGCTACATGTCCCGGCGGGGCTCCTAGTATCACACTTGTCCGGGCGGGTCGCCTAAATTGCTTCTCATTCTACACCAAGGCAGTCTCCAGGCGCTGCAACCAATCCATTTCAGGAGTGCACATCAATTTACACGCTAAGCCAGGATGGCTGAGCATTTAAAAATGTGCCTACCACAGATATGTTGCCTACATAAGTAACTGCTCACCTTCGTCGCTCCTATTGGTACCTCTAACAGCGTGGTCATAACTCGGAGCAGCAATCATAAATCCCATAATAGCCCCTCATACTGCCGGAGCAAGGGATTGAGCTTCGTACGTCAAGCCTACTCGCCGAAGGTTGTCTACACAAGCAACCGTTACTCCGCGATGCCGACTCGGCGAGAACTTTGCGTGCTTGTTTGCAAGATATCGGTTTATTTAGGTCCACCTGCTACGCGTTTTGTCTGCGGCCGAGCTGTGTAGGCATCAAACAACACCACTCTTGGCTACGCACCTAGATTTTTGGACTTGATACGCGACTAACTGCGCCCGGCTCAAATGATCGAAGTGGAGGGGCACCGTAGAGGGCCACCGAATGTTCTTTTGCCTCAAAAGATCTCCCGTCTGCTTCCTTAATTGATCACGTGAGAGGGTAAAGCTGGTATCCCGCCTACGATGCAACTTGCATAGTTGTACCCGGCACCGCCACGCAACCGCGATTAAGATGAGGACAGGTCGAAGGACCTGATCAGCCACGACCCTTGTGTCGAAACCTAGCGATACTTTTCCAGTTTACGTAACTCTCCCAGTGACCACTGAGATCCCAGCTTCCGGTAGGGAGTCTCCCCTTGCTTCCGACTCGAGCTCTTATCCCCGCCACTGCGCCATCCTATGCACCACAA,1635,50.58,Caenorhabditis elegans
SEQ_864927,ACAACAGGTGTCTACCTTTAGGCCGTGGCCCGATCCCGGTGACGGTGGTGGGTATGAAACACTTACTAGCAACCGGTAAAATCTTAGCCCACACTCTTGAACGGTAAATGATTTACTAAGGGCGATGCCCGGGTAGCCGGAAGATAGTGGGCCTTTGCAACGCCAGAGAGCGAAATTGGCGAGCACGACAGTACACCTCACGAAAAGGGTGACTGCTGAGCTTTGGACTGGCCACTGCATGGAACTTCCTAGCGTCGTAGAAAGAGAACATGGTGAAAAACTAGGATGGCCGGCTAGCATACTGTATTGAGAGTCTAGGTTTATCGCCCGCGTGATTCCATGGGGAGGGCACACCCGCCATGCGTCGAACATGGCTGGCTGAGTCCCAGCAGAGGGACCATCTTCTATTCAGACCCCAAGTCCTATGCAAGGTCCATTTTCGTGTCCATCGTAACCATTACCCACCCCCGTGCTGCCTGGCAACACTCTTTAATTAACGATCATCAAGTCGACACCCACTCCAGGAGATAACCGTATTTATAAGTAGGCCTACAATTGGGTATCGCTTCAATGAACCCGAGAGAGGTGGCCCCCACAAGAAGCGATGTGAAAGAAGCTCCCGAAAACGGAGCAGTTGGTTTACGAGTCTTGGTTTGCGAGCTAGTCCTACAACGGTAGAGCCAAAACAACGTATTCTCAATTTACTAATGAGAAGGCGTATCGATTCGATACACCCATTACCTATGGCAGTGTATGACCACTACGGGACAGCGGAACGAAAATGTGCCTGGTCCAACTAACGTTGTACCTCGGAATGGCTGGAATGGGCCATCTTGTTTTAGACGAGATCCCCTCAGCCCAACCTCCGCCAACTCCTCACTACGCGCAACAAACCGGATTTAGTGGGACTATAGTGCCATAGGAGCACAGAGGTTCGTGACGTGGCATGCCTGACAACTCTGACTGTGCGGAGTTGCCAAGCGTGGTAGGGGTCCTTGCGTTTTCCGCGGCGACCTTAGCTACCTGCTGTGCGATCGTTTCTCAGCAGTTGGGACCCACCTGACCTTGCGAGTCCAGCATCCGGCATTAGGAGACTGAGCGCTTGCGCACACTTCGAACAACCCTGGTTGATCACATTGCACTAATCTATTCGAACCAAAAATCGGCACACGTTATCGGGGAGGTCGCAAGTAATCGTGAATACGCCGTGCATCATTACAGAGCGAAGTTGATGGCCTAAAGGAACTGTGAAGTAAGTGGTCCAGGTAGTATTAATACTAAATTATATTCATGCTATATCCTGGTGAAATCCTCTTCGTTACGTAAAGACGAGCGGGGCTGCTCCGGGTAACTAAGTAACGATCTGGCTCGCGTCTGGAGATTTTGGCACGTTCTATTAGCTATATAAATATAGGTTTTTTGCCCAGACCATGTTAACTTAGAATATCCCGTAGTATATTCTTGTAGTCCACTGTTATCTAGCAAAGACCACTCGCCCCGAGCGGCCTACGTGGTACCCCCGCGAGGGGGCCCGAAGCTTTATGGTGCTACATAGGAACTTATTGCGATTGCTGTTCACGTGTAGGCCAAATATTCCATATGAATATTGGAGACGAGGGCTCCATTCCCCCGCCACGGGAATGAATATGACGGAGGCCCATTGGGATTTGCAGGTTGCTGGGCGTCCAGGGTTCGGCGAAGGACCTCGCCCACCACTAGTATACGCATCCAGGCGTGTCCGCTTACGAATGGCTTAAGTTTTCATCTTTTAATGCACCCGACATCTAGTCAACCCATTAGTGGACGCTGTCCCTCAGGTTGCCGTCCCGCTTTGTT,1836,50.87,Saccharomyces cerevisiae
SEQ_203244,AACCCCCGATTTCTGACCGACGCGAACGGTTCACCAAAAATTCGAGATGGATCAAGAGAGAAGGTTGCGCTGTGGCATACCAATGGCCGAACATATTCACTACTTCCTGGTAGCTGTCCAGGCTCGGAGTCGACAATCCGAGAACATCGAGTTCGGTAGGCCTAAGGCCCGCGAAAGTATTTTGTACTATTTCTAATCAGACGAACAGTTTACATGGAAGACATGGTCAACGGGAGCTTGTCGCCCGCCAATATGGCGTATCATCTACTCCAACTCACGCGGGTGCCCGGCCGTATAAGTTTAGAGCTGGGCCTGATAGCACGTACCATTCGTGTAGGCGCATCCGCGCAACGCTCAATCCGCCCGTATCAACCATACTTAGCCTCCTGCAGTCAGTAGTGCGGAACGGCTCGATTGAGCGAGAGTTGGGTGATGAACAAATTATTACCTCGCTAACTGGCGCTCGGATGAATCAACTAGGCGGTGAAGACCTAGGCAGCCGAGCTTGATGCGCTCTACCGGTCTTTCGCTGTGTCCACGTTTCGTCTCAAATCCATCATGCATTTTAACACACGTGCTGCTGCTTATGTACTACTTGCTGTCCTGGTAAGGAGATTAGCTGGACACAAAGGGAGCTCTATAGCTAATAGGCGGTCCTATACGCATTGAACGGTTGGGAAGAAAGCTGCACGGAACGAGGACGGGCCCGGATCTCGATCCTGGCGATTAAGCGCCGTACCCGTGGGACGGACTATCCTAAAACGTTGCTCGCCTAATGTGTCACCCGGCGCACAACGACAGACGGAAGCAGACAGCTAGTGACACGCGCTTCGCGGTATGTACTCTTATAGCACGACGTGCCGACTCTGGAAGACCGGAATTCGGCAAGCGTCTGGGCACCGCCCTCGTCTAGAAACTATTTAACATTCATGACAACACGAATCGAATGCAGTACCCCATATACTTATAGACATGTTTATCCTGCTTCTCTGTGCCCTTAATTTTACGTAGATACCTTATGCCATTTCGTTTACGTCAGGCCAAGTAACGATAGGTATGGAAGGCGTGGGTTCTCAGTGTCTTAGCCGCTGTCGGGCAGCTGTAATAATGGGTGTACCATATCCGCGGCGATACATCCGATTTAAGTATGGCCCTCGTACCTTAGTATAAGCCAATGTGCGCCGACGGATCGCCATGTCTTGATCCTCATACTTATTCTCCGTCCACTTGGTACTTTGCAACGTAGACGCGGATGTCACAACAGTAAAAGAGATCGTGGCATCACTGTTCATTCTATAAAAATAGTCTTCCTTGCCCTTCAGGGTTTCTTTGACTGATTCCCGTTTTTCTTCAGGTGGGGCTACTCGTTGCTGTATTTAGGGGGACGATCAGTTCGCATGCCGCACTAGTTGCATCGGCTAACAGCCGACGTGGCTAATCCCCAAGTCAGGTTGCTACCGGGGCGACAAACGAATAGAGAGGGGCCCCAAGAGATTATGCTGATCCTACTTTTGTGAAGTGAGATAAACCGGGGCTCACCTTCACGTCCTACAGCAATTTGTCAACAATGAAATGTACGCACAGAAGTTTTGGAGCGGGCCGCAAACACCGGTTTACCTTAGGGGCTTAGGCGGTGCCTGCGTCCTTCTTGATTTCTGACTTGGAAATGAGGAAATTATGCTATTCGTCACAAATTAGCGTCGACCCATAAATTGTGTCTGAGGCTCCCAGCGGCGTATCTTGTAGTGTTTCGGGGTCCTAGATGATGCGGTAACCTGTTCTTCACGGCCGCCCGGGCTAACGGCTATGCTCGAGATGCATGTGAACGTCAAGCTGTTTGTA,1842,50.65,Escherichia coli
SEQ_169429,ATCTTTCTATCGTCAGACTGTTGCCCGGAAAGCCCTAAAGGCGATGCACACGGACTACCGGCATTGGTTTCCTAGCTACTGTAAAATATAAGCAGGGACTTAAGAACGACCCGGCAGCATTTGCTAAGTCATAGCCCCACGCCTCAGGTTGAGACGTATCCTTTCCGCGAGTAATCTCTACGTGTCAAGAATTATGCCGTTTCGTTTC,208,48.56,Drosophila melanogaster
SEQ_188276,GAACGGAAGCGAACAATCCCTGGGCGGTTTCCGGATTCCCACTGGCGACGTTATACCTCGGCTTCTACAACACCGGCGAGCGGCGCTAGTAGCCAATACGACCGCTACGTGACAGTCCTGGTGAGTGTTTGTCTGAAGTCCATCCAGCGTGAAATTATCATCAACTGGGCAATCACTATGTCAGGTACATGCGGCCCCCGCACAGACCCGGCCATAGCACTGAAGAACCAATCTGGGATATTGGGGACCGACCCGTTAAATCAGTAATCGTGGACCACAGTTACACCGTTCTCGCAGAAGATACTGTGTCGTTAGACCTATTAATAGGACGCCTTCATAACGTTATCGTTTACTCTAGGGGGAATTACCTCCGCCAGGGTGACGCCACAAGTGGCTCTCCCTCTTCGCCGGAAGGGCAACTTGTGGCCGAGGGGTACGTCTCACGGTTCCGAGGTTAATGTAAAATGATTTTTCCTCGTGCGGAGTCAACTGGACACCTCAAATCTGTACCTCCAACTCTTATTGGGATTCCACAATTTCGTTTTCGTGGTTTTCGCGTCGGCGGTACCTAACTACGTGGTCTCCCGTGGAGACGTGGATAGCCATACATCCACGGCCCTATAAGTCGAGTCCTAGGTCGGTCAACTATCAGTAGAAACGTTATGATGTGGGGTCTACATAGCCGAATAGCCGACAGTCGCTTGAACCATTGTTCTCTTAACCCAGTATTAGCGGCGAGCGATTATCTTTGACCAGCATAGTCCTTGGAACGTTCCCGCCTGAGTTTTTATCTCGGTCTCGTCAATATCGGCTTCTCGAATGAAGACGGTCCTTAGCGGGGCAGTGCCATGCGCGCAATCTTTTGAGCATCTCTGCTCGGTCCATCGAGAGGGGCATACCGGTGCCCGACCGAGGACGTATAGGAGCTAGTATGATGCCCTGCATAACCGTCGCCTTTCTACGTCCACCCGACCGACAGATTACACCCGAATTCTTACCGTTGTCTAAAGTAAGGTTTAGGTGCCTCTATCCCCATGGATAGATAGTACGATGTCAATGGGGGGAAGCTCTCCGTCACTAGAGCTTAGTCCGGGCGCGCCAAAAACTAACAGGGTATTTAAGCACCACAGCACCACTGAACTTTGTTAAAGCTGTTAGGTTAAGGCGTGACTACTTAACTACCCCAACCCAGCGTTCGTGGCGCTGCGTGATGTCATCTTGATTGTTCGAGCCACCAAACGTTTGTTCAGCAATGCAGATAGGGGTACACCCCGCCGATCTGGAGCGTTTAACCAGCTGACCTTGTAATTGGATCTGGTGACCCGGGTCTCTGATGGAATTCGGCCGACGGCGTCCAGCAGCGGCGCGGCACCCCTACCTTCTCGAGCACACCCCATAGCACAGCTCGTCACGTTAAGCGCCGGACGTCTAATTCGAAGCCATTTAGAAGTGCCTAGCTTCAATTGGTCACGGATCGCATTATCGTATACTAGACACTCATGCAATGGCTAAGTACCAGTTAAAGCTTCGGGCTTTAAAGTTCCTGATCAGATTCTTGT,1559,51.76,Escherichia coli
SEQ_915349,CTATTACAGCCGAACGTTGGGCGACAGGAGGTTGTGTACTCACGGACCTACGCTGATATTACGTCTTCCACAAACGTCAATGCCTTTCGGAAATTGCGTAGACCCCCACTCCTTCCGGGTGGGTGCCACCCGCATTTTAATGATATACGTAGAGAACGGCTGATAAACGTGGTTCCGCGGACCTGATGGGCGGCCGGCTCGCATTCAAATTTGTCCAGCGGAACGTTTCCACTCATACTGCATAGTAGCGATTACCGCGCTATCGACACAGATCGCTGGGTGGTCAACGTAAGCCCGTCCCCTTTGCTATCCTTTGAGCCCCCGTCGTCCCTCTTACGGAAGTGTGTCAATCATGCAGAGCGTGGAGGGAACATTTTATGACAATAGGCGGTATCGGCCTCATTTTCCATTGAGCTCTTATTACAGTGCATTCACCTAGGCTAGGGGTGCGCTCCAGGTGGACGGCGGGCCGTCCAGACGGTTAAGGCATTTAGTCAGTTATAGATGCAAAATGTGGCATCATCCGTAAGGTCATAGGCGCATGTAGTGGTCAGTAGGTACATCGATTCTTCGATTACAGAACTTGCTCGAAAAACCTCGTCAAGAATGGGAAAGGATAGACTATGTTATTCACGGGCGATGAACAGCTATTAATATTTTCTGGGCCCTGATCTGTAAAGGTCGGCAAAACTGGCCATGGTCTTAGCTTCCGCGTGGCGGAATATCCTGCATCCTCCGAATAACCTTGAACAGCTCGCGGTCTTCGCCATAGTTCTCTCATCCCGTGTCTTGAGACTTCGAGGAATTGACACGCTCCAGAATATTGCTTAGTCGAAATATCCACACACCCTCAAGACCGAGCGTGCCGAGGATCGTGCCCGCCTGCCGAAAGCCCCCTGGCATGCTGTAGGGGACTTAGTTAGGCTGGGGATGTTAGGAGGGTAATAGGTAGGGGTCGGGCTTGAGACCATTACCAAGCTCACTATGCGGTGGTATACTCACCGGACTGCCGCAACGTGCCACGACGTTGAACGGAAACGATCCGTGGATCGCATGCCAGTACGGTTTAGAGTAAATTTTTGTTCCGTACGGGTTGTTTCGCTACTCGTCGCTCGACCTACCTCTAGTGTGGAAACTGGAGGACAGGTCTTAATTTCTCACCAGAAAACTTGTCGTAGATCGTTCCTGGTTTACTTTCTGAGATCGCTGGAACCTCTCTGTTGCACCTTCTCACATGATTGTATGCATGCACATTCGAGATGAAATGTCGGTAGCGCTACAAATCTGACAAGACAGTCTATTGTGACCGCGATTGATCTTCCCCTCGACGTAACCCCAGGTGAGGCATACGTTAGAACAACCCACTCATCAGACGAATCCAGGTTCACATATAGCGTTATGTTCCCCTAGAAAGACTCACCGAGCGATGAATAGCTCGTACGTCCCTCCACTGCAGACGGGCAGGATTGGGCATCTAAGCCGACAAG,1487,50.98,Saccharomyces cerevisiae
SEQ_550021,CTCTGCCCATGAGCCATTGGTTATACGTTAGGCGAAAGATACACAGCCTGAATGAATTCATGCCTAAAGACCCGCGACCGCGGGGGTTGTGCGTACTGGACGTTATCCCAACCACTACCCTGCTCCTACGGTGTCAACTATTTTGAAAATTTCGGATTGTTTGTCGTCAGCCACGTTCTTCTGAAACTTTAACCGTCCAGGCGGGCGAAAAGCAAGGGGTCAAAGTTAATGACGTCGATAGAATGTATCTCATCGGCTCGCCGACTGCACGTCGTCGCGTTTACGAATAGCAAAGTGCGCTCTTCAAACGCTCTCAGGCACAGACCGAGTTTCCAATCCGCGTGTAAGTCTAGCGCATTCCCTCTGGAATGGATAGATAATTTGTCGACCCGAACTAACGCAGGCTTGCGGGGAGTTTGTTTAATAAGAATAGCTATCCCCGAGCGTTTAACCAGACATGCGCGTAAACTTATTGCCGTAGGTGTGTCTGCGAGTATCTTTAAAACCATATAACTAACAATCACACCGTCATTGCGCCGGGGCACATAGGATTACTGTAGCCCAGTACGTTACCAATCTGAGCTTTAGGTTTTGCTTGAACAGGTGGCAGTAATTTACTTACAAGGGCCATTTGATCGACAGCCCCTATCATGGAGAACAACATGCTTGTGTAAGGATACTTATGTAATACCATCACCGCCGATTCTAGGAGCTAACACCCTGAAAGCGATTCTGGTGCCCTGCTTGTCTTTCGGGCCGAACGCCCTTTCGCTCGATGTACCACTACCCCGTTAGTGAGAAATGAGGGTGATACCATCCCGCAACTATGACTCGCAACCTCATCGCGTGCAATATTACAATAGTCAGATGGATTAGTGGGTCCTGGCTATGACGTCATCCGCCGACACGGTGCGCAGGCGTCAGGAATTAGACTCCATGGATGAGGCCAACCCGAAGTTGGCGAAAGATCCGGCGCACGATACGAATATGTCTCCCATCTCCATGTGTTCTCGACCCAGCAAGAATTATTGTCAGGCCGGCCCGCTTGTATCACACACGCATGCAAGTTCGCGAAATTACTCCCTATGGTGGTATCATGTCGATTGCCCGCGTATTATACGCTATACTCCGACCCACCCGCATAAGCACCGCATCATTAGCACCCTTCTCTGAGATGACCACCCCAATCATCGATAGATAGCGACACGGGGATGCTAACGTATCGACCGAAACGCGGAGAAGATCATGAATACACGGGTCACCGTTGAAATTCGCCCCCTCTCGTAAGAAAGTGGAGGGTCCGTATATAACGACCTTCTGTACGCTGTGGCTACGCAATCTTCACTGCTTCGTCAAACTACATTTGGCTAGCAGACGAGACGTGCGTATTAGAAGCTTTTCCCCTATTAAGCGCATCCCCTCGGTATTAAGTAATTCAAATACC,1444,49.45,Mus musculus
SEQ_806724,GAGCCTAGATGATTTAGTGTCTTCTTATGAAGCCCACATGAACTGCTCCGAATTTGTCAGTGTATAGTGAACCATTTCGTCGTAAACGTAGGGGTATTTAAATAACCTAGGACTTGTACGACCCCGACACACTCGATATACCGTTCTTTACCACAACTATACGGCCCTCTTGAGGAAGCGAGCAGTCACAGTTACGCATGCTACATTGTAGTGTGCGGTGGGTTCGTCAAACGGACGGTTTCCTAGGGGTCCTGGGCTAGTTCTCCCTGGGTATATATACGTGCATTGTCCGACCAGTTAGAAAGGTTTGACCCATGATAAGTGCATCAACCGTCGGGATTTGGAGACAGGTGAGTGGGTTGGCGGTAGAGCGTGCATCCGATCGCGGCACTACAATCTCGTCAGCCCATAGCTAGTTGGCCAATTCGGGTCAGATGATGACTAATTAAAGGAAGTGCTGCTCATCTAGTGTAGCTTCGGGGGAGTCTAGAATCAAGTATGGTGGAAGCCCGTACTTCGCGGAACCGGGCCCATTCTAAGATCGGCATGCGCGTTTGACTCTAAAGATTTAAAACAAACCACTTGGTTAAATGAGCGTAATACTTAAAGCCTGTCGAAATGATCGGATAGAGAGTATAAGCCCACAAGAAGATCTGTCGCTCTGGATTTGCCACACAGCTAAAGGGTAGGTACAATCCGAGATGTACCATCACAGACGGACCGGTGAATGTAGGTCTTCGTGAGAATAAGATACTGCTTGACCAGTACGGAAATGTCGGGTGGAGAATGGTCAAATTGCCTCCCTGTCTTAAGCGCAGGAGGCTTGTATAGTTCTTTATTGCGTCTGAGGCCAGTCCGCTTGCGCTGGCATCTTCATCCCCGCACTTTAAGCCAGCTGTGACGTAAGGGGCAGTTGTCTCTCTAGTAGCACCTAACTGCCTTGCGTTGCAACACCTACTACGACACAAATTCGAGTAGAAATATGGATACGATAGGGAACCCCAAAGTGAGCGAGGGGCACGTCCGTGCGAGGCTTAACCGATCGTCGCGCTGCATTGCGGCGGTTTTCGCCACAGTAAAGTATTCTACCAGCTTTGAGTGGACACTTTTGACGGATGTCATAAGGACTCTGGCATCAGCTTTAGTACGTCCCAGAGGCTCGTCACAAGTTGCTTTAGGAAAGCATTCCGAGCCTGTAGAGGAGTCCCAGGGGGCTCAGCGCGGAGATCTTTTGAGCACCAACCCGGCTTTATGACACGCTATGACTCAGGAATTCATGGGGATAATCCTCATGGTGCCAGGCCAGCCGCTGTTATAATTTAATGGGTGTTGTGCGGAGCGGGTGCTCTTATCGTGACCTGTTGGGGATAACTGTTCCATGTTAGGGCCTGGTTACGTTTCCAATGACCATAACGGGTAACGCGGACCCCCATTCAACGCGTGATAGGAGCCAGACCGGCTAAATAATAAACGACGTTCCGGAATCACCTTGCGCAGTTCGACAATCTGCACAACCAAGTTCATATTGCAGAGTAACGTTTTACTCGCATAAGCCGCAACAAAGAACGTACTAGGTACAGGCTAGATGT,1589,49.47,Mus musculus
SEQ_693395,CAAGGCGTAACCACATGGGTGAGAGAGACATGGCCATACCAATCTGATTAGAACGGTGTAGTGTCACACCAGGTCAGTGAAGTTTTGCGGTCCAGGTATGATGTTGTACACGAAGTTCGAATCACAGTCCCCCAACGAGTTAACACCGGCTTGCCCCCTGATGTTGGTCAGGGGTTGCATTCACGTGGTGAAACGAGTTGCGTGCAGGTGGGACGGGCTCTGTGAATTGAACTGGTCGGCAAACCATGCTTATTATATATGTAGAACCTAAATAATGCTGATGGGGACCAACGAGGCCTGGAGCCCGGGAGTGTTGGGAGGCTCTGACACTGTCGCTTTTCAGAGCTTCAAGTTGGCTTGGATCGGTTGCTCGCTGTTCTTTGTTTGTCCGTGACCCCACCAGGATGAAGAACTCCAAGGGGTTGTATCGTGTCGACTTCAAGCATACATGTGCTTAGCCGCCATCCAAGGTTCAATAATAGTTCATCTTCCGCATTGAGAGGACTATGTAAAAAAGTTCGGTAAAACGAGGTTAGGACCAGGCTAAAGACCGAGTCGGCAAGGGGCACGCCAAGGCCCTGGCCCTAGCCGGGCTAATGCGCATGTGATTCGGAATTTACCTGATTGAAACACGTATATATGGGGCTGAACATATGCGTTAACCTTCCACCCGAGCCGAGTGCCAATGGGAGACCCTGTCTTGCTAACTGACATTTTCTGGCTCTGCAGCTTCCTAACAAAGGGCGGCCCCGGTTGCTAGGGTAGCCTAACGTGGATAAGTTTTCTTAGCAGGGATAATACTACTTTGGACATACGGATGTCAGACGGGCGATTCACATAGATCCGGCGAACATGTCGCGTCTAACAGCCGACGTAGATCTCCCGTCCCGTGCAAACGCAGGTAAAAAACTAAAAGCGCTCAAGTTACGGGCTAAATTGTGCAACCGCTAGAGGCGTTGAGGTTCTCTAGGCCGGCATCGACTCATCGAAAGAAGTCTTTCATGAGATTGGCTTCCCGGGATGGCGGTCTGTTATTGGGGCCAACTCACTTATCCCCCAATTAAGTTAAATGCTGAGTAATACCACGGGAGGGGTTGTTTCACGATATTTACTTTCGCAGCCGAACACTCCGTAGTCGGAGCACATGCGAAGTTTGTTCCGTGAAATTGGCCATCCTTACATACGCCGACATCGTAGCCAAAGGCGCTGCGACGCGTGATACCGTTATCAGTGACAGTCGGCGGGTTATAACGTTGTTGATATGTCGTTTAAGTTGTCGTAACACCGCCAAGTAACAGAACCGGATTCGTTTCCATCCAATTTCTGACTGCACCGCATTGTGTTGTATTATGCTGGATAGGTAGCAGGGTCAGTGTACTCGCCG,1384,50.36,Escherichia coli
SEQ_362454,TGTGAATGGAAATTCAAATTAGGTCCACAGCTAGGGTTCGTAGACGTACGACTGCTCGTCGACTCTCTATTGCTTCTGGGGAGGTATGACGGGAGCATTGCCTAAAATACCGAGATAGGCTGTTTCGAGGCTGAAGCCCTCCTCTCACTAAGACAACGGTAAGGCAGAGGGCCTCCAGAGCATTGTTCAGCTGATATTGGATCTTATATGACCTACCAAGTG,222,48.65,Caenorhabditis elegans
SEQ_922062,TGGCTAAACAGCTGAGGTCTGCTTAAGTACTCTTGCCCTTCTAAGAGACGCACTTAGGGGTGGACTCACGTCCGCGTCACTCGCACCGCCGCCGTACCCGAGTGGCTACTGGAGGGGACTGTATGTACCCGTTACCTGGAGGTGGTACAAGAGTTCCTCCTAGAGTGGGGTCCCAGGGGCATCATTATCTATCAAACTTTCGTGCTCATTGAGAGGATTCAGATAATGCATCTTTGATTAACGCGGGCAAGGACTGCATACTCAGAAAAAGTGGCAGGAAGCTGCTAATCACGGATGTTTCGGGTTCGCCGAATAACGTATGTTCAGTTGATCCCTTTATGAGGGTACGAGCAGACCAGGTAAACTTACCAGCTGAATCGTGGATTCGGGTCAACGGGTGAGGGGGGAACTTTTTCATGATCTTACTAACGAGCTAGTCATTATGTTCCAGCTTCTTGATGAATAGCTCACTTACGTCCTCCAGTGTATACACCTGCCTAAATGGCCGAGTACGGCTCAAGATTACACGAGTTCGCTATGCAACTTTACCGATAAGTACAGTGATAAGC,569,49.21,Mus musculus
SEQ_524949,GTGGGGCTGGATGGCTCCCCCTTTATCTACCGAGGGTCATCTCTTCGGAACGGTCATGAGCGTCAAACCGCCTTCGCTCCACATTCGCACGTAATCCTAAGCAATTAATCGATAACCCGCACGCCTGGACCGCTTCAATAAATTAACTGAATTAATACAGCTTTAGTGGCAAGCCCGGGGAAGAAGGGGCAGAGTGGTACTTCACGTTGGTTTAGCCAATCTGCATTTCAGGCAAGCGTTT,241,50.62,Mus musculus
SEQ_714096,ATACCAGCGTCGACGGTTTGATTTTGGGATGTAAGTATACGACGTTAGAGCGTACACAGGCAGTTTATCCTAATGAGCTGGCTCCGGTGGAGACTGAGAGATGTCCCACCTTGCTACG,118,50.0,Mus musculus
SEQ_805699,TAGCTTCTGGACGCATAGACGACAGGCGGGTTCCTGCTCCGACCCTGATGGTGTTGATTCCACGACCATTTCCGTCAATCCTGCGTTGTAATATATGCTTGGACCTATACATAGTCCAATTCCAGATGTTGGAAAGTAAGGATGCGGACAGTCAGCATTCCTATTAGCGTGCTCCAAGACCCTTCTATTGGCTGCGGGGTCGCTAGATGTTGTGAGAAGTTCCCCTAGTGCTCTCACACTAAGCCCTTACCGTGCACACTTAAAAAGGGACATAGGGCTCGCAGAAGGATCGGCTTTTGTCACCTAGGAGCCAGTACATCGTAAGAGCCTCATTTCCCCACCCGTGCCCAGCTTGCGCTTCTCAAGTTTTGGGTATAGTCAGTACCCCAATGTTAACAACCTCGGGTCCTTCAGTGGATCACAGGGTGGGGCCTCCATCGCACTTAGCTCTATTTTAGAATAGCCCAGGCGTCTTTTCGCAACATGACGGAGCCGCTTGAGGACAGTGCCCACCCTAAGGATGGGCAGTCCGATAGCCGCTCCTTCGCGCACGCAAGGTGTTTCCGTTATAGGGCCGCCGTGGTGTAATACGGGTCTGGTCCGTTACTTATGGTATTAACGGCAATGTGGAAACTTCATAGTGATCCGTATCTCCATGACTCCCGTAGGCCGGCCCCGACTTTTCTACTACGAGGATTTCCCATACGCCTGCTGCCCTAGTTAATCACTGGTGACGCCATCTCCTTACTCACTGGAGGACATCTAACCCGTACTCTTGTAACATGGCTTGCTCGCTATATCCCATTGTCAGGCGTATATGTGCCTTTTATGGCTGAACGGGGTTGTACTTCCCTTATAGCGTCCAGCATTGTAGAGTACAGTACGCCAGGTCTTCGTATAACCATTAACTCCGGCTCCCTTATCGTGGGGTTGTATTATGTACACGCGAAGCATCTTAAGCAAGTTCTCTGCCTATCCAAAGATCGGTGGCTACGCGTCTATAGGTTCGCACAGCACGTCAAGAACGAGAATACGCTTCTTTTGCAGCAACAGCCCAGGGATCAGAACATACGTGACTAATCCTGAACCTGTTCGATCCTTAGGTGTACCAGGTTGTGGGAGTACAATGGGGATTCAGCGTTCCACG,1147,51.0,Caenorhabditis elegans
SEQ_485857,GAACGGTGCAGGTAGATTCCCTTTTTTATACCTAATTCTTGGTACATCTGTTCATTTATCTGACACATACCGCTTGGTGTGGACCTTGGCCCAGTAGGACCACTGACCCGTTGCGT,116,47.41,Escherichia coli
SEQ_810508,TTGCTACTATACCAGTCGCACATATGGCATCGCGATCACATTTACGAAGAGTTCCTTGCGCGCCCGGTAAGTCGTGCACATCCGTTCCGGACTACACGGGGACCTTGCTTACCATCGTATTTGAGGAAGTCCCCAATCTTATCCGAATAGGCACCTATACCTTCCCGAGTTGATGCTTTCCAGTCACCTAAAGATATTTATTCTGACGGATGTCCTATCCGTAGTAGTTCAATGCAGAGAGATGGGGACCCCTGTTCTGTTCAGTGCTTAAAGC,274,48.54,Homo sapiens
SEQ_726716,ATAGCCCTTACACAGGGCGCTGACTGGGACGGGCCGGATAATTAAGGCTTAACATAACACTACTATCGAACCTGTCCAACAAATCGAAATAGGGTTACCTGGGTTAAGAGATCGTTCCAAGCGTCATGAGTGGACTACTCTCCATTTATTAACGAAGAAAGCTCAGGCTCACGCGTCCTAGATCGGGGTACGTTCGTTAGATGACATGCCCATCTCGTGGTTTCCCATCTAGCAAGTTATGGTAACCTATTACATAGGTGTGACTTTTGCTTAAAAGTTGTATTTACAGGAGCCTTATTCGCCTGGTTTCGCCCTTCTAATTAACGAACCAGGCATCAGTATGGCAATCCAATGCTCGCTGCGTACCACGGTTTTCGAACTTAGGCAAATTTTACAATTTCTAAAAGAGCGCCCAGGGTCCGTGCAAGATGGGCTCAGTGGATCGTCATGGTCACCAATTAAAGGCTCCGTTGCCTCGGTGAGATCGAGCAGGGCACACCGATAGAAAGTCCAAGGGTCATGTTGCTGGCGTTTGTTAAATAAAGTTGGGCCGCGTGTGCACCTCCTCGCAGTACTGTGGAGCTAGATTTGCGCTGCGAGGGCT,604,48.51,Mus musculus
SEQ_379527,GGGCAGGACATATTAAGATTAGGACAATGAACGAACAGACGTTTACAATATGTCTCAGCAACTTTGAATATTTCTAGCGGTGTGCGTAAAGCAATTTGATTGGGATGTTTTAAGACACTTAGAGTTGGTTACCTAGTAGAGACCCATGTCTATTCGCTGGATGCATTACAAACAAAAAACCGGGGTAGTTTTTTCGTGTGTGGACGAAAGGGGATCAACAGAACACTACCCGGTACCGTCGAGCGGTACATGAGCGGCATCGCGTTCCGCGCTACTTCACTAGGAAGTTAGTATCGAAGAGTCACGATGCTACTGGCCGAATACCGAGTGTATGAGGGGCTCACGAGTGGGCTCCCCTTGGCGATGAGGGCATGATGAAAGGCAGGGAAAGGCAAACACAAGGCATTTGAACACGGGTAGTGGTTATCAACCTACTCGGTGTCCCCGTCCTTTGTTTGTTGTAAACCAC,469,47.55,Caenorhabditis elegans
SEQ_958701,TGCTATCCCATGTTTTTCATGGACAGGTAGAACTAGCTTGCAAAAGCTGTTGTGGGGCGGATCTGTAAGACTACGTAAAGCGGAAGTCTCGGCCCGGTCGCCGCGTATGGGACGTATTGTTGGGGACTTGAGACAGAGACACTCACCTCTCTGTATCCTAGCGTCCTTTCCGTTGTTCACTCGCAGTATTGCCCAGGACTTAGTTTTCGCGTGTTCCAACAAGGCTGGTCGATTTAGATACAACGGGTTAGAGATTTCGATTCTATGGATTCTATCTCCCAAGTTCCCATCACGGCAACCAAACCGATTAGCTTCAAAACCAGTCTCGGAGGGCGTAGTTAGCAAATCTGTGTGGATTCCCCTGTCCTCACGAGGCTCCTTTTACATGACCGACAATCGTTATCCTCTGCGAAATACGCAGTGTCATTATGTGCCGTCGGCGGGTCGCTCCTCGTGCTTCTACGAACATTCGAACCTGGTGGAGCACCGTTATCACGGGATCCGGGCCACAGTCGGCGGAACCCACCCGATGTCTCGCACCGGGATAATCTGAAACGTCTCCCACAATTAGCGGGTCCCCCAAGAGTGTGGCTCGACACAGGGGTATGAATTCCAGCGCAGCACTAGTGGGACACTTGCATGTACCACTTTTCTAGTGCAAACCGGCGTGCCGGTATGTGCGCTGTGATGTCCGCCACGTCGGATCGTCTTCAGCTTCCCGGCTTGGAAATCACTTTATAGATGTGACAACGAGGAGTCCCCTTCCGCTCAACTTTTGATCCAGGGTCTTCTTAGCGGTCTACCCTGTTTCGAAATCCGTTGCAAAGTGAGGTGAATACAATGCCCTCGCACAATCAACGGACAGTGTATTTTCCAAGTTAGTCTGACGCCTGTATTGCCCACACAATGACGCTCTGTCGGCCGAGGGGCATACAGATTGAGTCCCTTGAAGTAAGCACCTTTTGACTCCATGCGGTAGATGAACGCGAAACGATCGCGTGGAATGAAGGACCTAGCTAAGGCAGCTATACGCGATGATGACACCTTATTCCGGGGCCTTGTAACTCTCCGCCGTCACAGACTCTGTTCGCGGAAAATCACGTTACTTTTTTGGGGCACGAAGATAGATGATCCGATTGCCGCTAGAACAACAACGTAGTTGCGAAAACCCGCTCTAGGGGCCTGTCTTCTCTTGATAGGTCGTCTACAACCTCTTGGACCCTCCACACGACAGAATCTTTAATACTTCTTCGATGAGCGTTCCCCACATGGAGCTCATCTTTAGGGTGGGCGATGTGCTCACCGGCATACACCGGACCTTGGCATGCCCGTAAAAACCGTGGAATATTTTAACATTTAAGTTAGAGACAGCGGTGCATAGCGCTCCGGCTTACTATTTACAAATCGCTCACGCCGGGCGACACGTGAAGTCAGCAGCCATAAGTTTTCCGAAAGCATTTCAAGAGAAGGAGCAACCGTCGGGCAGCTAGTTGGTAGCGAACGACACCCCATCGGGTGACCTAGTTTTCGAACCTTAATAAACTGCAAGGCGGATGTTATTACCTAGGGGGTCAA,1575,51.3,Drosophila melanogaster
SEQ_545082,TACTGTGATCCGGTTCAAACTCAGTCTCAGCCGGCAGAAAGTGTTGCAGAGGCATAGGGTCGTATCGTGTTACCCAGTACTACCTCAGTAAGAATAACAATCTAGCTGTGCTGACCCTCGTCCTGTTGATTTGCGCGGTTATGCTATCATAGTTAGAATAACTTGTTCCAGGCCGACAGCTCATTTCGTCTAGCTGTAGGTAGCGCCGCGTTCCCTACATTGTGCAGGACCAGGCTATTCATCAGTCCTCAAAGGCGGCCGCCGAACCGGTAGGCGGCACCGGTCTGGTCCTTTTCCGAAACGTGACAGGTACGAAGGTCTCCGCACTCCGTGGATGCGCTGATGACTCACGCGGCGTTATAACGCGCCGCCTGAACCACTATCACATCGTACCGGG,397,53.9,Caenorhabditis elegans
SEQ_185429,TGGGCAGGCACGAGATTGCTTGTGTTCTATTCGCGGCGATAACACTGGAATGGGTATTAAACCGCGAACATGACGAGATTTATAGATATATGAGACGAAGGCTAAATTCCGGTAAGATTATGTGGGAGTTTTGCAGTCCGCACAAAATTTGACTAATGATCCGAAATTCCGTCGTTACCCTACCGGACTGTTGGGGCGACATGGACAAGCCCGAATGGCTTAGACTTGATAGAGTGAGGTTAATTAAGGATAGCTAGGGCCCACGAGGGCTAAGGACCCGTTCCCTGCTTTGGGTGCCTTGGAGTCTAGGAGGATGACAACATAGTAATGGAACGAGCAGACGAACACCATCGATCGGCTGCTGGTAAGCGGTAAAATTAAACTTAGTACTATGGCTATTGCTGTACATCTGCCACCCCGCCGAGTTAACTGCGGGAAATCAAGAGAATAGAGTCTTACGAACACACTGTTTGGCGTCGGTACTGCGGCACCTACGCTATCGACTTACTGTGCGGAAGGGGATTCCAACTCCGATCCTATATTCTCGTGACAAAACCAGAGTCCCAGCCCACTACTAGATTTTGAAAGTTGTTGGTCATTAGGCCTGAGGGACATCCCTGATCCGCGACAACCGATGGGTCGCATATGGGTATCTGTAC,659,48.71,Escherichia coli
SEQ_978610,AGTTACGAGGCATTGTGTAATGCTTCAGCGGCGCTTGTTTAGAAAGACGGACTTTGGCATAAAACACTTCTAGAGCTGTGGGGGTTCTGGGCACAGCTCCAGCCGCCAGCGTAGCCCAATGCAACGCCATACTTAGAGTTTATTCTTCTCAGGAATGCCCTACTCCGTATCGTGGTTATCAATGCCTTGAGGATCCAGTCCTATCGTCATCCAGGTCAGAAAGTTTTCGGTGTGAAATTCATGAGAAAGCGGGTGACGAATTTATCAGACAAACGCCCAGTGCTATGAAATAGTTGGTATGATCTGGCCAGAGTCCTATATCTGCCGCTACGCGTGATAGGCGAGAATCGCCGATGTGCGCACTGTTATGAAGAGCTGTGGTCACTTCGCTGTAACAGTACCAACCAATCTTCCTGCTTAGGTTACTTACCCCGTGCCCTGATCCCCATTGGAATACCGGTCGGCTTACATGGTCTATACAGAAAAAACCTGCTACTTGCGCGTGAATGGTAGTTCCTGGACCGGCAAACGGCATTAGGTTCGTCTAGTCAAAACCTTAATGCAGAGCCGTTACATCCGATGAGCCAATAATATGAACGAGTAGGAGTTAGGCTCCAGCAACCATAATTGGGGATATCCCGTAAAAGGGGGAATCGGGATTTATATTGGCGTCGGCACGCTTACCCACTATTCCGTCTCGCATTATCAGACATCGCTAGTCTCGCGACTTCCGAGTTGCTCACAGCGTATCTTTGCATGCTTGCTTAAACTAGATACAGCGTCCACGGACTCACGTACATGTAATGGCTTAGGGTCGTGCCTCTGCTGACGTTAGCCAGAGGTGCCGTTTTTGGTATGCCACTGAGATCTGCACGGGGGTCACAGCGGGCAAGAGGTGTTCTGAGACAGTTAATCACACTACGACGTAACATCTGTGGTTAAATCCTTTAACACACCATATTATGCTCTGCACACGCAAGCGGATTACGGTGCACACTCGGAAAGACTAGTACTTAACGTGTTACAATAC,1030,48.74,Homo sapiens
SEQ_167575,TTATAGTAAATTCGTCGCGGTCCCTTAAATTCCAGTTGAGGCCTCGTCTAAGCTGCATGTCTTACGAAGTTCGTTATCTGTTGTCGAACAGAACGAATGTCGTTAGTCTTTTATGGTATACTGCACAATTTATACCACCACTAGCGCAGCGGCGGGTGTGCACTAGTACATATCGCACAAAAGCAGATGTTTTTGTCGGAGTATGAGCGCAATTTCCCAAACCGTATCTACGTTAGCGATGGCACAACCACGTCCTATTGGCTCCAGCGTGCATGGTTTTGGTTGCGTCACGTAGGACTGTGCATCCTGCATTGACCAGAGAGGAGCGAACGTCAACCGTCCCGGTACAAGCTGTATAGGAGCGAACCGTAGACCCTCTATTGTGAATAAGGCCTCCTGGGTATGTAACTGGGCCTTATTCAAAACAATAAAGCGGATTAAGAATCAGGCCGGGGAGCAGGCATGCATGTCTCGACGAATACCGGCCACGTCTCTGATGGAAGTTGCGGCACCCTCGTTGAAGGCAAACTGAAGCGTGGTCCTTTCTCCTAAATCGGTCATTCGCGCGTTTCCGTTGCCTCGATAGTCGCTGCACCTTGCCAGCTTTTAGCGGTTGTAGCTGGGTGTCAGTTCACTCGCAAAGAGTACATTTTTTTAGGAGCGTGGTTTGGCACGGAGTGTCCAGCAGTAAGCCCTCGCCCGCTATGTGGTCCGTATATAGGTAGTACTCTTGTACATCCTCCCATGATAGCCCTAGTAGCTACAAAAAGAAATCGCACTGGCGCTGTACTATGCAGTTCCGAAATAAGGGTCAAAGAATCGGAAAGGTTAAAATATAGAGGGACTCAACCGCCCCTATACGCCTGGCGGCACCAACTCCCCTTATAGTTGGTTATGTAATTTTCCTTGTGATGATCTACGTCCCAATGCATGAAAAGTGCCAACCTCACGCGGGTGCGATAACCTTGAAAGGTTGCCATCGATAGTCTTTGACGCACATCCTCGCAACAGCTAGAAACAGGTCTTGGTTACTAGATATGGGGGCAAAGGCGTACACTAGTCATGCTTATTTTCACCCACCCTTGGGATGCGGGACGACAGTATTGAATGTTATATCGTCAGACTTTGGAGCCGGCTATACGTTATCCCTCCTTTTTATAAACTGGAAACTGTGTTTTTCAGGTTGTGGCCCATACCTAGATTATTTTGTTGGCCGGCGACTGGTGGCGGCCACCTTGAGTGGAGGAAGGCTGCTTACGTTCATTTTTAGTATACTGGGTGAGTGCCGGAGGGGACCAAACTAGTCAGCCCATCCCTAAGCGCATCTTACAACATCAGTTGGCATTCCGATGCTTATAGTGATGAGCTCACGATTCACCGAACCTGCGATATGTAGTCGAGAACGGGAACCCGGAATGGGACGGTATTACCTGTCTCGAGGCC,1443,49.13,Saccharomyces cerevisiae
SEQ_809810,CGGCCCTCGAATAAAATAGAATGTACTTTCCATCGCAACGTCTGCTGTACGGTTAATACGTGGATCAAGTGAGAGACCATTCGCAGTCCGAGCAGGCGAGAACAGCTGAGGCCTGATTACTATCTGTTATCATCAATTCTGGGAATCTTCATGGGACGGCTTCAAGTATCGTGTAGATTTATGAGAGTACCTGACGGGGGTAGAGATCTGGAGTCCTCGCCGGTGGAACCCCAGTTGTCTGACATTTAAGAGCCAAACTCAATTATGACCCAGTACCCCACTGTAGAGTCGGGATTAGGTAGTCGGGGTGCATCTATGGAGGCAGCTTTGCAGCATAACAAGGCTCCGTTTTGGTTCCGCTTTAGGCATACTCAGAGCTAAACCATCAAGTTCTCAACGCGGGATTGTGGGCTTGGCGCGAGATCACAAACACGGTCTAGGGCGCTTGGCTGCCGTAACGGCGGAACGAGCACGAATATCACGGTTGACGATTAGAAGTAACGTCGAGCGCGGCTCCCTATTGGAGCACATTTCGTACTGAGGGCCCTCCGTCCTCCTTGAGGCACCAACCGGGTGTTGGGCGTGTTGCTGACTTCCAGCGGACCTCTCATTTCGCTACCTATGAAACAAATCAATCTATAACCTCCTGTTTGAACTATACGAGATCATTAACTCTAGTCTTCCTAATTCGATACTATCTCCTGCGAGCCGGGGCAAAGAGAGTCAGGGGGGCGTATCGACTGTCCGTTCTCATTGGGGTTTTACATTTCGTCCGCATGACGGGTAGCCGGGCGTACTGAATGCGGCAGAGCAACAACTCCGTCCTGCAGAAAAATCGAGATAGACAGGGTTCCGATTAGGACCTCACGGCCCACTGATAACGGAACCGGTATAATTCCGTCAACCGAAACCCTCATATCGGGTTGCTTATTTAGGGCACCGGAGTTACGACCGGGTCGGGCATTATGAAGTAACGTCCTTAGCTACATGTCGTGTATACGGTCTTGAGATAGGGGAATCCCCTACCGCAGATAGTTTTATGGTTATGTTCGCGGCATCTGGTACTAACAAGGGCTGTTTCGCTTGGCGTGTCGGCTTTGGTGTTAAATGGTGGAGTTGTCGAGTGCCCCTGGCTTGATCTTGATGTTGGTCATGGTCACTATCTAAGTCCAGGCGCTCTAAAGAAAGTGTCAGGAACCTTAAGGGTTTCCAGATAGGATCATGCGTGGAAGCAGCAAGGTTTTCTATTTGGTGCTACTGGGGTCGCTGGATATCAGAGTAAACAAATTACCAAACGCGGCCCTATCGTCTAGAACCTTCTGTTCAGTTTCAGCTTTCTATATGTTAATCGCTACTACATGGTGGTACACTGTTTTGAAGGACACGAACGGCTAGCGTAGTGCCCAACTGGTGACAACTTTAGTCGCTAACCTCTGGCTACACTCTGAGACCATGAGTGGTCCATTGCCTCTACTCTGTTAACCAGACTTAGGCGAATTAAGTTTTGAACCAAGGGGGGCCGGGGTCAGCCCAAAACCGATCTCCGCGGAGGCATATTGCTAATGAGCTAATACGAAGTCAACACGTCCCTCGGATGAAGCTAAGGAT,1608,50.0,Arabidopsis thaliana
SEQ_487182,CGCTTTAAGAATCCCTTCTCCGTTACTATACTCAGGGTCCGCGGGTCTAACTTCCTTATTCCGTCTTAGACCCTAAGCCATGATTTCAGACGAGTTGGGTTGTACCCCAAACGGTTGGGCCCCTGACGCCAATTGCGAGAACGTGAGCTGCCTTTTTAGTATAATAGTATGCTTCTATCCTGCTTACGAGAACCCGGTCATATACTTGGTAAACGATTGTCACGTGGACCTCCATAAATGGATAGCCTCCTACTAGGCACGGCAAGACGCACGGCGCAAGAGGCAGGAATCAAGGGCCCTCTCACGTTTACGTGACACAAGTCAACTAAGCTATCTCTATGCCAAAGCCGGGTACTCGCATCTTCAGATCCACTGACTCCCAGAGTCTCACTTTTTATATTTTCAAGGGTCGACGCTTGCTTATACCAACTAAGACTCGTGAATCGGGTGATACAGACAGGGTGTGTAAAGTGGGCTATAATCTCAGAGATAGTCTGCCTGCTCCTCCTGGCACTGCAGTATAAGTCACTCCTAACGTTGAAAGGTAAGCAACTTCTTTGACTTTATTAATTCCAAAGATGGCGTCGGAGGGAACTTCGCAGCCGAGGTTTCTGGGCGCACTGCACGGTAAGCCCGTCCGACCGAACCCCCCGATACCACATAGTGTCTGAAGATATATCCTCTAGGAAAGGCACTATGACCACCTCCGTTGCTGTATCTGACCGACAGCTAGCCAAACGCTCGGAATACCCAACGCTGATTCACTTGGTATGACCGTAACTTGGGATAGGATCCGCCGTCTGTACATTAATATTATACCGCGATCTCTTTGTATTACAGAGTTGCAGCATCCGACGTACGCCAGCGGGCACAGCACAAAACAATATTCATACGGAGATCGTAGGAAAGAAGTGCTTAGGTGCGGAGTTGCCGTAGGACGGTTTTCTAACACCAGCTCCACATTACCCTATCATCCCACGAAGGATGACCTGTAACCTGCAGGCTGCAGCATCAGTTTAGCCTTAGAGGCTCCGTGAACAAGTTTCTATTATACTAGTTAACAAGAAGGATGGAATCGGCGTGACTTTCAGCATTGTGAGAAAATGGCGGTCGCCTGTCACGTTATAAACCAGCTGGGTGGTATATTCTTTATATGCGCACGGTATACAAGCCCAAGCGATGAGTAATCCAACGGGACAGGAAGCGGGATTTAAGGTCGTCAGGTTGTTAAATACATCCCGATGCAACGGGATTCAGATGCGCACAACACCTGCTTTGACTCGTCCCATAGTCCGGATAGTTGTCTACGTGTACATAAACGTTCGGTAGACCTTGCCCCCTTCCGCGTTTGTTCCCGTGGCGACTCTCGGGCACTTACTACGGGTGCCGAGGCCACCTCGGTGCGTCGGTCCGAATGCACAAATCGCAAGACTCGGCCGAGAGCTAGACAAGCATGCATTCCCCGGGACTACTCATGTGCGAGATGGCTGAAAAGTTTATGAAAGATAACTCTGATAGCGACATGTGCCAACGCTGTGCAGCTGTCATAAAGTTCAAGGGGGCACTATTTCAATAGGGAGGTCGTTTCCAATGGGCAGTTACTTTTGCTCTGAGGATCGCGGTGGACGTCTGGAAAGTCATTTTGCCCACAGAGAGTCCACTCGTCCAAGGGGACTGTAGATGTAATCCACTTAACCCGCATCCGCACCGCTTACCTACACATGGTAACTTGATATGCTAATCCTACACGACGGATTCTCCACGATTTAGTGTTCCCGGAAGGTCATCAGACTTGAGGTCACAACCTCTATGC,1813,49.59,Arabidopsis thaliana
SEQ_776508,AATCGAAATAGAGGAGTGGTATGAATAGCGAACAGCTATACCACACACGTGCTTGCCGCACTCTGTTTGGTCCGTCCGAGGGCTAAGAGGACGGGTTCTCACGTGTCGATTCCAAAGCGCGAGCATAGAAAGACGACGCCCTTCATAGCCTTCGCAGCAATATTTTACACACTGGGACTCGAATGTTTTGTATCATTGAAATACCACAAGTGATGCATCCGAGAGCGAGCCAAGACACTTTGTGTCCTCTCCTGCTTCGCTATAATGTTCTAGTGTCTCCACAACATGCTGCCATCTCTAAGACTATAGGAGCCCATTCCGTCACAGACTTCCCACCATACTTCCCACTCCAAGTGGTTGTGCATGGTAAGACTGGTGCACGCTTGGCTGCCATAGCTGTAATTGAGTTCTCGCCATACAACTGAGATCAAACGGCCGCAACCCCGGTTCGGCCGCTTAGCCGCGATCGACTTGAGACATCGCGACCCCAGTCATTGGGCGCTCACGTCACTAACGCAATCTGGGCAAAGAGCGGGCTAAGGATGATAAGAATTAGCCGTATCAAAGTTCCATTCCCAATGCTCGTGAAATATCGTATTCCCAACTAGTACGAGACGTTCCCGTGGTCCCCGGAGCGCCGAGAGCGGGATTGTTAAATGCGATGCTGAATTCGCCACGCCCGTCCTTGTGATAAATTTTATCAGGCGGCCTCTTCTTGCTCACACGGGCTAGATGGAACACTGCATTCTCTTAGACATGTGGGCCAAATTATTATTCTTGGGCGCAACTCTTGGATGTAGGTGCCATCGTACTACACTTTGATTATAGCCCTTGGTCGTTGCTATTCGTGTAATTACCCGTCTTTCGAAGCCTACATTAGTCTTCTCAACAACCACTGTTGGTGGGTCCGTCCCGCGCAACCTCCGCCTGTATGTTTCCAGTACTACTTGCTTCCCAGACACGATATCACATTTTTTAGCCTTAGCCATCTCCGCAATGCACACGTCGACCTCATCGTTCACGAACGACATGGCTGGAGGCGAAATTAGTGTACGTCAAGGTCGGAGCTTCCCATATCCTATGAGTTTAACTCATGGCACTATGTTTCCGCGCTACGAGTTACTCGCTGCGCCACGAACGCAAATAAGGGACCGTTCTGGGTCACCATCAAAGTAGCTCCTTCACAGAGGTGAGATGGGAGGACGTCAGACTGAAGTAGAGGAATGAAAGAGTTAGTTAATCAGACCTGATTGATACTGACAAAATCGTAGTCACCTCTTCCTACCTCTCCACTCCAGACGTACAGTTAGACATTATGTATGGCGCATCCATCGGGATCAATTCCCCCCATTCCTGCCCTTGCAGCAGCGTCCGAAGCTACTTCGTCATCACCTACAGAGGTCCATAATTCCCAGACCCGAAGGACTTGGTGTGAGTGCAATTACGTGAGTGTCGTGCTTCTTCTCCTGCTCACTCTAATGCGACCGCACTAGTACGTTCTCACGTTGACTCTTTCAGAAGACCGATAGGAAAGCCCGACAGGCATTTCACGCCGCAGGTAAGGTCTTCACATCGGACATGACGGTGGGTGCAGAATACGGATCAGCGCGCTAGACCGATGTTCACGCTTGAACTAACCGAAATGCTCGTATGGGTACCTACGCTTCATGGAGCCGCTCGAGTAGCTCTGGCAAGCTAAGACCACGTCCTTATTGGTCGCCTGAGCATCCGATTAAAGTGTACATCATGGAGAACTCTCCTTTAGCATTTTAATTGCAAACTGACACCAAGAGTATACCCTCCGTTAATAGGCCGGAGTAACGACAAGGAGCCGTTGTTACATCCATCTTCCGATCGTGCGCAGAGGCTCCCGCCTTTGTATACCCGGGTCCTGACAGTCCCGCGTTTTCAAATACGCAGGGTCCGTAAAAGTGACCAAAGAGCAAC,1947,50.28,Homo sapiens
SEQ_346634,AGGGACTCCTGCGCAATCAACGGTCGCGTGTCTAAAGGACTCCGCAATCCCCTTTTCTGGTTGTACAATGTAATGGCCCTGCGTGATCATACGATTTAGGCCGTTCCCGGTATGGGAGAGCTGGCTGCAGGGAGCTAGGCCATTCACAAGTTCTGCACACTGGCTTCAAAAGGTTACGGAGTCTAAGGCTTCTAGAACTGAACGGAATGCTGGGTGGGTCTTACTGACTCACGATCAGACGCTCGGCATAAAAAACTAGTTAAGCGTTGCAGGCTACCCGTGAGATCTCGGCCAAGCCTGATAGATCGTCGAAACTTTATGTAACATAAACTTAGTTTTGCCTTAACTCCTTCGAACCGTTGTCGGACGTGTAATTTTTGAATTTCCTAACGTAGGCTGACACCGCGGCTCTAACGTCGCTGCTCTAATAACCCGATCTTTTTGGACCAGCACTTCTCTGAGTCGGTGTTCCTCTTAGACAAAGACCCTCATGGGGTTCGAGTGGAGTACGGCATGCCGTCAAACACAAGGATCCGTGATCTCGTACACTGGCTAACCTTTCATACCATTGACAGCAAGTCGTTTTAAACGCAAAACGTTGGCGTGGTTCGCTTCTAGGGTAACGTCTGGTCAGTGTATATAGGCGCCCAGCTGCCGACTTCAGTTTGCATGGCGCTGCACGTAAAGCTGGGAGGTGATGGACAACGTGCTGCGATGGAATAAGGAACTGTTATCCAAAACTAATTCGAGATAGACCGACTGGACCGAGATTGTTTTAAGATGCCAAGTTTTCGGTAGGTAAGGGTTTGTTTGCAATATTCAATGGCCCGCGTGGAACGTTCTACCTAGCTGGTATAGATTATCGCTTTCATTTTAGTTCCTCGGCACTTAAGTCGAGCAATTAGTGTGGAGGTAGAGATGCCGGTCAATCCGGAGTGCGGAAAGAGTATTGCTCGAGGGTGCCCAATGCAAAAGTCAATACGGCTCAGGGGTCTAGGTATACTAATCGACTACGGTGATGCTCGATGTAAGATTTTCTAAGGATAGCCGTACCAATGCTCCATTGACAAGTTTTCCTGAGCCTCAGTAGGAGACTCGAATTCAGGCCGGCACCAGGCGGCCCCCACTCCTACCATGCTGCATAGGTTCTCCATCCGGAGCCGCGTCACTCAAGCAACACCGGCAGTGAGAGACCCACTATGTATAGCGCGATACACGAGTGTCTATTAGATGCAGTTGATGACACCATCATAACACAGTCACTAAAAATTGCCAACAAATA,1282,48.99,Mus musculus
SEQ_990247,CAGGCTCGCGATTGGCACCCTTGAAAGAACCCCGTCTGTTTGTTGTAATTTTGCGATAAGTTCGATGCATCACCTCCAAGCCTCCGCAGTAACACTTTGCTTCGTCCACAATGACATAAATACCCCAAACCGATAGCTCAAACACTTTCGATCCATATACCCGAGGACCACCCGCAACAGACCAAGGGGGCCTCAAAATAAGCTCGCTTCTGATGGCTTGTCAGGTCTAGTAGGTGGTGCATTCGAATAAATCTGGAGTAATCAAGGGGTCCCAGGATCTTCAGGAGCTGTTCAGGTCAGGCAGACCCTTTGGCGGATAGGCCAAGGCAACAGCCCGATCAACCCGGTACACGTCTAGCCGTGACGAGCTATTATACACTATGATATGTCTACTGCTCGATAGGTCTAAATGCGGGCCTTATACTGATTGATCCGGATTGGGCGCGATAACGGCTTGTAATAGGTATAGAAAGCCAAACAGGCCGGGGACACGGGGTCAAACAGTGGTTACTGTACCGGGGCGATACACTCTTACCGGTGCCACGGTTAGCAACATGACATGTTGGGTGGCGGGCCGTACTCTTGATGTGTTAGGTGAACTATCTTGATGTGTAGGGGAGCCAAACTGCGAAAGACTTAGTTACCTAT,648,50.31,Arabidopsis thaliana
SEQ_545811,TTGGCAAGCGTCGCATTTCTCTGACTTAAGTCCTGCTGGACTATCCCACTCCCAACGGTAGCGGGCGAGACTCCTTGGCAAAGTACTAGGCCATTGTTCCTGAGACCAGCTAGTATCA,118,52.54,Escherichia coli
SEQ_561949,TCCGGGAAATGTGCGGATAGGTACATTGCTGATCTGATCAAGGACCTCTATCCAACGAGACTCCATGTTCTAATGCCGATTATGGAGACAATTCGGGACAAGCACGAGTACGTTACGTGGGTGAGTGACGTATTCAACAATCACGCAGATAATAAGAGGACTGCTGAACTAAAGGTAAATGGAATCTCGCTACCGACTCAGCGTCACGTCCCCCACTGCGAACGTCTCATTTATAGAAAGGGTCCCAGATTAAAATCACACTCGCACATCCGTGCTCGCCGTGAAGCTTCTAATGAGGACCGACTCCCTAACAGGGCCGCAAGTCAACTGTTGTTAAGCGTACGAGTTGTGAGGAAGCGTATGACCCTCATCCTCTTCACGTGATCACATTTGCATCCACAGACTTCGACACAACAGTTCCGGTGCCAATTCACGGGCTACGATAATCCTCCGATGCTAAGGCAGGTAGGCACGGGAGCTAAAGTATTCTGCGCGAAAGCTAGCTGAAGGACGTATCGTGTCAAATATCAAGCGAGGGGTGTTCG,545,49.54,Homo sapiens
SEQ_500087,CGTTGTCAAGCAGGTACGCCCCCCTAAGACCGAAGTTGGTTGTTACGGTAGTTGGATCACACGTCATTGTGCTCGGCGCAAGTTGCTTAATGAGGCGAACAAGGCTGCATACAGCCGATATCTCCGATAACACCTTCAGCCCTTTACATTGGAGGGTGGATGCTGGGGCCGCACCGGTCCATTTGTCCTCAGGACAACCGTAGTTCAGTCCGCTGATACCCGAATATAAGCCCCTCCGGGGCGAGGAGTCGTGTATACCAAAGTGCGCT,269,54.65,Caenorhabditis elegans
SEQ_310013,ATCCGACGGAAGGAATTTTTCTGCAGCAACACTGGAGCTTTTTCGAGTCTATCAACTCTGTGGTCCAGGTACTTGTATAGATGCAACATTACAACATCACATATGCCTA,109,42.2,Drosophila melanogaster
SEQ_403972,GTAGCCCCTAATCCCGGGAGATGACCATGTAGGATATTATGCGGATTAGGATCTCTCTATTCCACTTGGACGGAGTAAGTAAGGGGATCTAGTCCCTGAGAAGATCCATAAACTCCTGTCGCTGGGCCAGGCCTTTGCAAGGGCCGTATGACGCCAACATCGGAATACACTGGAAGGCAGAAGAGTCCCCAGAGTAGCCAGGATGGATATACACATATGCGGCTATTATTCGGACCATACACCCTAGGATGCTTGAATTGGAATCAGGGTCAGTCTGGGCCGCTGGTGCTGGTGAACAATCGCAATTGTGAGGAGTCCGAAATGAGGCCGTTTCTGTGAAACTGGCTGACGGGGCTCTTCCAATTGTGTCCACCGTCCATTGTGGGGTTCTAGAACTGTTGTACTACACGAAGATTTGGGAGCTGGCTATACATCGGTCTTTCAGATAATAACGGTAATAAAGAACCATACGAAAACGTCAACGATGGGAGAAATGTTGCGGAGTTCTATGGCAAGCCCCTCATAGCTGGACTTGCTTCCCCCAGCTCTCACCTTATAGCCGCTCACAGCGAGCGAAAGCTTGGTTGTATGACGGACTACGTTAGATCGAGTACCGGGGGATCCGGGTCACCATAGCTTGTCTTGATTTGAGCATAGACCGGTCCCGCATGGACCACCGAAGAACAGCATCGTGACCCCTCGGAGACTGTTTAGTAACTGGCCAGTGGGTGATTACTCGACAACTCCGAGCGAGACACTGCACCATTACCAGACGTTATAATTTGGCAGCGCGGAGATAGCTTCTCCGCCGCTCGCGGACTCCTACGAGGTATTCATCACCACCCTTCTCCAAATAAGTTGGCTTTTAGCCATTGCAAACTAGTAGCGCTTTCAGGGGGGCCCCCCACCAACAGTTCCTAACGCATATGCCTTCTTCAGCCCACGTCGCTCCAGTTTGCTTCGCGGATTGTGAGTATCTACCCGTGGCTGCTGGAGTATTCGAGGATCAACGAATCAACGCCGTAGGAATTGAATTAGAAGCGTGGTGTACATGGCCCTATTT,1063,51.27,Escherichia coli
SEQ_692307,TCAAGTAACTAACGGTCCATGGCCCGGATGGTCTTACTGGTTCTAGGTGCGACGCTATAGCAAATATGACATGTATCAACCATCGATTTAGGCTAGGCTGGCAAAGAGGACTTTTTCGTTGCCCCTCTGAGCTTTAACACAAGACAACTGATAAACGTGTCGGAAATGTCGCCGAAGTGTGGATTGACTCCATTGAGCACGTTACACGCACAGCTTTATACCATCACAGCCACGCTATAGACCCCGCCCAATCATCCGGGGGCTGCAAACCGGGTTAGCTTCCCTGGCTTTCCCTAGTCCACGTTGCGCGTATCTCTGTCGAATCGTCTTGCAGTTTGTATGCGCTTTTTATGATGCTCTTGTAATGATTTACCATGCCCGTAAGGCTGCAGAATCCCGCCTGGCCTTTACGTGCATACGTTGTTTGCATGTTTGCAGTGAATGCGCCTGCCCATCGATCAGGGATCTGATGCGGAGCAGGTGGGGTATAGAAGGGCTCCAGGGGACTCTTACGTAGGTTACCACTTTCAGCACGGAAATTGACTTAAAAAGAGCGCTTGCAGTAGAGCCGACGTGGGTTGGCCTGTGGGATGCACTGAATTTTACATCCCCAGACTTTTAAGGCCTTTTATATGCACAGATTTACTAGTACTTGCGGGTTAAGAAGTCAGTTATGTGGTACCTTCAGCGTTTGGGCATGTGTCGTAAGCGCTGTGACTACTTAACCGGCATTTATCGTGAAAAGTAGGTTCTTGTAAGCACCTCCATGGAATGTGTACACGACCACGGTGACCAAAAGACCAAGTTGAGGGTATCGATAAAAACCAGCCCGACTGTTGCTCACCAGTGAGTGCCAACATCATAAGAAGCGGCACTTACAGCGATGTTCTTCGGGTATCATAGACTAATAGAATTAGTGGGCTCCCACATAGGAGTCGAGTCCTAGCCCAACCTACTGCGATTTTCCGAGCGTTTCTTGCCCATGAGAAACTCAATTGGACGGTGTTCCGTAAACCCCAGTCGGACTTGGGGGCTGTCTCACGCCTCTGCACATCCTAAGAGTGGACATAGGTGGTTATGACATGTATCTCTCAAACCGTACCGACTACCCAGGGGCGCACGTATATGCAGATACGACGACGGTACCGAGGAATAATACGTAACTAGATTGATGTTATCTCGAATGCACCAAGGATCGGTGATTCCATGGTCATATAAGCCACCACTGAGGGCTGTTCACTCCCTCAACACCCCACGACACGTTCCCACCTTCTGTGGATTCCGAAGGGGTAAACCGCTGTAAAGCTGTCATTGTAAAGGCTTTACCCGAAGTCAGGCCGTCTGCACCTCACTATACAATCCCAGCGCCACCGGGGGGCTTAAGAAGTATCTCGATGGCGAGCCTGCGCCCTTTCGAAACCTCGTCAGTTCTCTACCTGTAGATAATGTAGTCAGCGAAAGGAGACAAATCTGGGGCAACTTTTCAACGCACGTTATACTCTCGAAAGCTCGAACACGCGGCGCACCAAGGACCATGCGTCGATCTTTGGACCTTGCGGCGAGGGGCTACCAGCATTGCCGCACAGCTGGTTTAGTGCCGTCCTTAAATGGGCGGATCAGAATATCCATAACTGGGACTGTCGGCTTAAGAGCGAGAATAATACGCTCACACTACACGCCCACGCCGTCAGATAATTGCAGAATTAGATTATGTGCTTTGAACCCGATTCCTTCATCCCAGTGGAGAGCCCCGTTATTATACTAACGGAAGGGGTAAAAATGAATGCCTCCCTATACCTTCCTAACTCTTCTAGAGGGCAAGATACTGCCCTGCAAATGTAGGGTTACCTTAAACTGTATCTAAGATTGCCGAACTAATGAGGGAATGGAGTGTTCACACCGCCGATGCGTCTATTATGGGAGC,1924,49.64,Homo sapiens
SEQ_729727,TCGAGCTTTGCGTGGCTGCGTTTTACCCAGGCTTTAGCGTATTATGTGCAATACGATGGCCGTAGGATGAGACGGTCCTAACCCCATGAATGCAAGATGTAATTGTCCCAATTAGTAAAATGACCGGAGGCACTGGATGGTCTCCGTGTCTAAGGATACCGGGACAAGCCTACACTTTCGTGAAACATCCATCGCGACATTGCCCAACTTGTCACGTGCGATTAGCAGCTTCGAAGTGCTCTTCTTTCGCTCGGGTCTGCCTGCCTACATTAGGACGAAGGTGCTCTTGTGTCCATGGTGAGGTTCCGTTGGCTGCATGTAGCTGGTCATGTACCTCAACTGAGGGCCCGGGACGGGGTCGCCTAATGTGTTTTTGTATATCGACATATTAAAGAAGGGCGTTATGGAGGCGGGCACTGAGGTTGGGGTCATAAACGTTACGAAAGATAAACACAACTAGAGTATTGTTTCCTAAAACGAAGAACGCTTTCACACCCGAGTTGTATATGCAAGCCTGCATTCGCGTATACCCAAGATTCCTGTTAGAATATTATGAGTTCCGCCCGAAACTCGGTCGGCCTGGGGCTTACCTCAGACATACCGCTCAAAGTACTCTTCAATTATGGGACCGAACGGTAGATAAGACTCTGCCTTGTTGAACATGCTGTAGCGACACGCTCGTGAGTTTATTTAGCGTCTAACAGCTGTGATGGGGACAACTTGCTCCCTACGAATGTTTGGTGATCTCTTTAGTATTGCTGCAAAT,766,48.43,Escherichia coli
SEQ_723749,ATGTCACTCGATTTGAAGGAGGGGGTTAACAGGCATCCAGCTCTAAGGCGAGTAAAGGGCCCGTAGACCAAAAGGAGAAGTTACACACAAAGTAGCGCTGTGGGTTAAATGCGGCGTGGTGACACCCTTTAAAGGATTGATTGACTCTTGTCTTTAGTGCCACAATAATTTAGTACCAGTCAGAATACTAGAATAGAACGCAGAATCCAAATGACGACCCCCTTAGAATTGACGTGCTGTATGTCACAAGGTCTTCTTGCCAAAGCGAGTGTTGGTCTAGTTCAACGCCGGCTAGTCACTCACCAAGCAATGTAGACATCCGCAAAAATGAGCTGAAACCGTGCTGAGTCGCGTTCTGTGTCCTGTGTACACAGTCGTTAGGAAATATAAGCGCAAACTAAACCTTCGTTCTATGACCACGGTTTATGAGGATTACGTAACACCGTGCCGAGGGCGAAGGACGACATGCTCTTTGCCACTCGAGCGTCTAGGACTCGATGTCCCAGACGGCCTGATTTGTCACCTCATTAACGGGGTGAGTTCTCCAGTGTGATTTCCTGTGATGTGTCCATGGTAGATTCGCCGACGAATAGACCACCATGTGAAGCCATGATTCTAGAAAGTGCATTTTCTTTCAAA,639,47.26,Homo sapiens
SEQ_125912,GACCAGTGATCTCTATCAAGGGCACTTAAAATTGGGTAGTCGGACGTAAGCGTCAGAACTCGCCTGACTAGTGTAATGCTTATGTACTGGGCGCCGTGGCAACCTAAATTTACTGCTAGCCGCCTTTAGAGCTGGCTAGCGTCTTCCCGAAATCCTCACGATATCAGTTGCACACCTATACTTGCATGAGAGCCCCTCACCGAGTCCGGAGGGCCTAATGTCTGATAGAGTTGCCACATTTCTTGTAGGTTGGGACACTTGCCAACAACAGCTCGCCCACGGTGTCAGTCTAGGTACTAATCGGCCTATTCCGTCGATGACATAGCCCCAAACATCGCCACTGAAGGGTGAATAGATACATGCTCTCTGACGGCGGTCTAAGTTAGCCGAAAACTCTGAACACTAATTGACCGTGTAAGGTTTAGTCCCGCGGTATGTCGTTTGCGGATTCTCTAATTATACAGATCGCCCGTATCTTACGGATAGCCGGAAAAGAAGGACCCCTAGCCAAGCGAAGAACGTGCACCGACAGAACTTTCTACGAGCTCTAAGGGTGCGGAGAAAAAGTGAGGAAGTTCCCGGTTCATGGGCCTCGACTTTATCAACTTGGCACAACTGATATGCGGAGCGCGGTGTGAGCTTGAAACGCGCTGATGAGGTGAGGAAATATTTGCTTGCGCACTGGGCTCTCATGATTCAACCGCCACCCTGAGGCGTTGGAGCTAGAGCGACCCGGATTGTCGCGATGAGCAAAATACTCATCCGTTGCTAATGCCGAGGCGTGGGGTTACGCGCATCTAGTGCTCGCGAGAAAATTCGGGTATGACTCACGCATTGTTAAAACGGCGTACGATCCGGTCTACTGTTTTCCAATTGCCGATAATACCGTCATGGTGTGTCACAGATAGTAACGGCTATGGGATCGAATCCTAGGGTGAGGGTGCCGCTGTTAACTAGTTGAGTTGGGCGTCCTAAAAGGATATTCAGACGAACTGCACTCTGAGGCGTGTATAGGGGGTATGGCTTATTCGTACTTAGGTCACGTTTTGTCTGTCTCTGTTGGGGCGGCCACTAGTCTGACGCGAGTACATAAGGATGCGGCTGTAGCTACGCATCTACCACTCTCTTTCCTATAAGTTCTGAATTGGAAAACTCACCTCCGTGAACACCCTAGCACTCCGTCGTCGCTCTGTCGGGATCGTGATAGCCGCAACATCGTACCGGATTGGGTGGGATCTCTACTGACCTGCACGTTCCACTGTGCGGAACTTGAGGGGAGAACACTATATTGGACTAAAGCCGCTGTCATATATAGAGGAACATTGCAAGGTAATTAAATCAGGTCCTGCCGTTCCGGGAGCTGGGTAGGTTAAGAGAGAGCCAAACTTGTAGTTCTTTTTATGGGATTTTGGTGTTCGCCCGAAGGCATCGTAAGCTTAACCGGTGGGAGTTGCGACGACGTAGAGATGTACACGGGTGTCCAACAACTCCGCCTAACATACGTTAATTGCTGGTGTATAATGGGAGAAGGGCTATGTCACCCGATGCCTTTCCTTGGAGTATGGCCCAAAGCCTACGGATGACATTGCTAATTCGTCAGCCCCTCTTGCGACATGTAGCATGACGGCCAATCGAATGTCTGACGTACTTACTTCTCAACTTAACTCACTGAGTTATTGCAGGGCCACAGCGCGGTGGCCACGAACTTACTCGGCCCCGTGGATTGAGATTCAGGCGGAGTGACGCCACGCTGCAATTCAATTGGTGTCGATCCGAGATGGGGATTGCAGAAAATATTCTACCTAAAATCGATATGCGAGACCATGAGTGACCGGAGCTCTTTCATGGATATACAGTGGGTAGGTACCCATTCTGCTCGGTCCACAATGACCCGTATAGTGGACGAGATTAATTGCTATCTACCTCATACTTCTACATGTGCTACGAGATTCAAGCCTCAGAAT,1964,50.2,Drosophila melanogaster
SEQ_597493,AAAGGTAATTTCTTTGTCATGATTTGCTTAATCGCGCACTACTTACAAATCCGTGGGTTCCGCCTCCACAGTAGACCTTGTGACTTACGATATATCGCGTTGGGCGCCAATAATGACCTAACTTTCACATGCAAGCCGCATAAAGGGCCGCCGAGCAATCCCTCTTTCGTGAAGCCATGAAAGCAATTCAGCTATTCCCGGGTGATTAGCAGCACTGCGTGACTTCCTCTGGATATTGGACCCAGAGAAATAACTGGTTTCGCTTTTTCCCGACGACCCTGTAGTATGTCCCATTTGACTCTAACTACTAAAGAGGACGGGGAGGCCTTCTATACTGACCATCGCGAGGTTCGTATAGCATGCCGACTCACTGCTCTCTGGGGATGTCCCATCTAACTCGTTGGCTAACTTTATGGTTCAGACAAAGATCCTGCCAAACGATCAACGCAGGACCTTGACTGTCGAGTGATTGGTAGTTCTGCTGGGCGCTCAGCATCCGTTTAACGATAATTGAACAGCAAGGAAGACATGGAAAGTCTCCTGCTTTAATGGGCCTTGGAACAGTATGTCGATTGCCGAACGAGATACACACATTATCTTTACACGTGGGCTTGGGCTCGTTTTGCGGCGTATTTCACAAATTGTGACAAAACGAATAGGCTTGTATGCGTTCACTTGGAAGAGCGATTGTGCGAGAGTAATCAGCCAAAGAGCTGCCCACCACTTGCGCCGCGTAGCTCGACGGATTCATAGTGTTCATTTCGGATGTGGACGTGGCCGCATATCTGACTGAATGGGGGGACTCTGGCGGCGAGAGTGAGGATGAAAAGCCTTTAAGTCCAATATGACAAGTCCTTACTGCTTATAACGCGGATGTGCCGTTGACCGTAGTCTCGCTCACCAGTGTGATTTACGACATACCTATTGTAAATCCGCGTGGGATGCTGAGCGTACGTCGTAGAACAAATTCAAAGTTCCAATCCGCTGCTTCGGTGAGTGGCGTAACGGAGCAAGGACCACGGCTGTTCAATACAGCACAAGGTAAGTAACCAGCATGGTATTCAGCCGACCTCGAGTTATTGCCCGATTAAACCAGGAAATGATCTGTCGAACGAGCTGTGTGAGCGGTAACACCTCCATACGAGAATCACCATGCTATTACCGTGGCGGGTTGACATCTCGAACTTGGTTCTCCGCTTTATTATCCCGCCCCCTGGACCGTTCTTGAACCTATTCGGGTCTTATACCTTAGAGCATTTTTACGTGTAGCATCCGGGGTGCTTTTCCCTTCACTTCTCTCTCATGACGCGGCCGGACGGGTCAGCAAAGTAGGCCGCTCACTCCAGACACATGGACCTTGAGGCGTGGTCCCGGGAGTAACGCACCTCACTAAGATACCTCCCACTCAAGATTGCCAGGCCCCGTAACCAACTCGGTAAGCCAGATTCCTCTCGAGGTAGATTGAAATTGCGAATATACCA,1481,49.7,Caenorhabditis elegans
SEQ_275380,TTAGAGCCTATTGCCCTTTATACCGCGCACGATCTCTCGCACTCCCCAACATGGCGGTACCGTAGCTCATTTATATTTTGCGTATGAGCGGATATTCCCTACCTCGTATCACCAAGACTCGTCAAGATCAAATTGGACGACAACATTTTCGTTGGTCACCTCGGAAGTGTTACCGCGACATGGGATCCGCTCAGTCAGGTCTTGCTTGAACTGGGTTTAAGAAGGTGATCCGATCTCGTAGGCAGAGTTACGTTACGATGAAGACGTTAGGGCGCCAACACCGATGAATATCCGACTGATGGCACCCAGGAGCAAGGCGTAGCCATATAGTTTCCGAAACCGCGTCCTACTATCATGAACCCTGTACTGAGGTGTAACAGGCGATGCCATCTGGAGCCGCTCATTCCACCTGCGGAAGTTGTCGGGCGTTCTGGCATTGCTGCTTGGAACTATGCAAGCAATGTGAACTGGAATGCTTACGAAAACAGCCCTTTAAGTTACCAGAGATAGTACACTCACCTGCACCTCGCGACGAAAGTGACCAGAGAGGCGGGACACACGGACTATTGGTGGAGACGTGGTCACTAATTCAGCGGAATAACAGGCGAGTTGGGACCTTGCAGAGCACCACGGGTTTAAACGCTCAAACTGCGATTAAGTAGTCGACCCCCTCCTCGCATCAAACTCTACGAGCTGTAAGTCCGATCGTGAATACATCAGCAAAAATGGTCCGACACGTCTGTTGTTCGTACGCTAAGGTGCCCCCTCTGAATTCGCAGACCATACGGATTGCGCATGTCCGTTACCGATTGCTGGTGGGATTCGGCCCCTACATATATTGTAATCCAAGTACTACTTCTAGTCAAGCTCACCAATATTGGTATTGTGGCTTCTCCCAAGAGACGACGTTCCGCATATCTAGTTGATCATGTGCTAGATATGTCTCACGCCGTAGACAGGTTGGCTGAGGAGGATTCACCGTCGCCGACCACGAGAAGAAGCATTGGCCGAGCTCTTCGCTCTGCTTAGTACATGCCTGCAGCGGGTTAAAGAGAGCACATCTCACGCAATTTGGGTCCAAGTCCCAGGTCTTAGTCGTCCAAGGTTAGCCCACTACGGTACCTCCTAAGGAATGGTCGCCCCTTGAGATCTAATAGTCGGTCGACCTTCCCGACGCTAAC,1181,51.06,Drosophila melanogaster
SEQ_746552,CATATAATGCCCCCCTTTTGCACTGTACCTATGTATGCGCATTGGTCAATTACCCCTTTTTCACCGACGTGAGCACGTTTGGGGGCAGGCCAATGACACTGATTGTGGCAGCTAGATGGAGCAATCACAGCCTCATTCAGCCTAGATGGACTGGTATATCGGGACTATGGACACAGCCCTAGCGTCATTCGAGAAAACGGTGTGGCACCCTTCTTCAAGATCACTCTTCGTGCGCCAGATATGAAGCCATAGAATTTTGGCCCACCCGGCTATGTATATCCACTCGGAGCTTCAGATTCCTTGCCGTCCAGCATTTGAACCCTCCACCTTGGCATGTCTCGAACGATTTCGGAGAAGCGAGTGGAGAGAGTTTACAGGGTTCACAACCGTAGTCGACTTTTTAACAAGACAACAAATGACAACCGCCCCACGTCCATTGATTTTCATTGCGACGGATTAAAAAGTAACGAGCCTAGGTTAAGCGGGCACTACCGTTAAGGCTGTATCTACCGGTGGTTCTACTTGACTACGTCGGCCGAGGTCCTATCCACGCATAACGCTCACTGTATATAACAGGGAAGCGTGGGCGTCCCATGATCAATGTGGTGGATCAGAAATCATTCGACGGGTGATACTTAGGTGACCCGCTAAATGCCACGCTATTTTCTGCCCCCATTCCTACGGATCCTATGTCATGTAACGCCCAGCGGCCTGGCAAGGTCTAATTCACGCACAAGCTTCACCATGCGCATGTTATAATATGTCTACACTCAGAGTAGTGATCGAGCGGACTAGAACTTCACTGCACGTCAATAGAGAAGCCGACCCGTCGGCTCTTATACCAGGACAGTCCTCCACTTGACTTCGGCTTCGATAGTTCAAATCATGGTCATTCATCACGATGTCCCAGTATCGGCTAAGACCGAGTCAATTAGCTGGCTGCCAACTGGAAGATATCGCGCCCGTTACCGTGACGCTGCCTGACAATCGATCGGACTCGTTTTTAGCGTGTCTGCCTTGTTTCCGAGGCTTGGAAGACTTTTTAATTCAAATCAACGAAACGTCGCCCGCTTGTATGCGTTATCCGTAGAGACATGTCACCCAAGCCCAAGCAGACGGAAGTCAAAACTTAGTTTGGCATGCCGCAGCGCGTACCGGATAAGTGATGGGCTCCGCCCCCAAACAGTGCAGCCGACCTGCTTGAAGAACCAGAATACTTATTAAAGCCATACCTTCCGGTATCCACGACATCGTCCTAGGGCCTTGATGCTGGGCCCAGCCAAGTAGAATTGTACAAGCCTCTAGTTAGCCCGTTCGGAATACAGCCGGGTCCCTGCAATTCTAAAGTATAGAACCCCGTATACACTGGCTGACCGAATCGTGATTA,1387,50.25,Escherichia coli
SEQ_126154,TATAAGAAGCTAGAGGCTTTCATCTCTAAGCTAGCGGGTGGTAATGATAGGGGAATTAGCCGTCGACTTTGTTAAAATACCCGACTACTCGTTTAACTGATGGACTAATACACTATCTGTCTTGTGACCCCGGCTCTAAGTATCGATCATAACCCTTTCTGAGTATTCGAGATTAAAATATACACAAGAAATGCGGGCTACTGTGCGATTGGCCTGACAAGGTTTCTAAAAGGGTCTGGACGCAGGTCTCTACGGTCAGATGTAGCGTTTCGGGTGCGACTCAACGACGTATTTTTGATTATAATCGGCTCTAATTATACAACCATTGGCAGCAGCGCTAGCGGGTTCAACCTGAATAGCAGAGCTGACATGCGGTACTTGACACCTTTTGGCATCCCTCTGCCGAGGGTCGGCTGAGGCATATTTCTATAACGTTACCGAACTAGAGTATCACCCGGGCCGATAACAATAGCATTCCAACGTATTCACGGCTACATACATAGAGTGATTTCTTCCGAGGCTCCTTAAGTATCCTAAACACACGGGAATTTCGGCACTCAACCTCTGGCAATCATAAGTTACGTGTTGCTGGCCCTTGGTGTATGGATTAAACGACTAAAAGCGTAATGGAACGGCATTTCCTGTTGTAGTTCACTCGAATTTTACCCGGGTGCTCTGAAGTGATTAGATTGAAATAGGTCACGGAAGTAACTGATCCACTCTGGCGCTATGACTCCTCATTCGGGTGGGTTCACTCTGCAGGGAGTCACTTATCATAGCCATACACAACGCCATGTCAATCACCTTTGTC,811,45.87,Arabidopsis thaliana
SEQ_226800,GGCATTAAAAGTCGCGCCTGTCTCAGAGTAGAACCGGACCAGAGTCGACTGACCGTACTCATGCGTGTAAAAACAGGATTGGCAGCGACTCGTCGACGATAACGATCGTCTTTATCACGCCTGGCGTTGCAGAAAGGAAACAGAGTAAGAGACGTCCGGGAACCCCCAGTTCAAATGCTGTTCTCGCATTGCTGACACGCTCCGCATACTTTTTCAATCCCTATGGGTCAATCACTGATTGATATCGAAAAGCAAACGCGAATTATCGACCGGCTGTCACCCAGCGGTCCCCGGCGGTTGTTGTCCATAGTCGGGTCTTTTTCTGTACCCCAGATCTGTGCCATAATTTCCCTTAGGGTCTCTCGAATCTTCATTGAAACTTTTTCCATATGGCCATAACTAGGTGCAAGCATCTCTCCTTCCGCTGTCGGAAGGAGCTTACCGTCGCTTCTTACTTTACCCCTACTCTGATTAGAGATACGGGTAAGTGTCTACCGTCCTTATCCAAGGGCTAGCTGTCCCCCATCCTACGGTAAGGCGCCTGAAGCTGCAATCAGCCTGAGATCCGATGGCTAGTTTGAATATAGTGGTTTCCACAAAAGTTAATAAGCTTGAATATCACTGGTGACGTGCATCGAAAACGCACCTTCCGCTATAACGCGTCATGCGCCAGGTGCCACATCGCAACCGATAAAGTTGAGTCTTTCCGGCGACCGTCGCTCAGTTCTAAATCACACCGTACGGACTTCTCACATCAAGGTGAGCTTTGCGAGGCCAGGGCTCCGGCAGAGACCCGCCGTCAGAACCATGAGTCGAACGGAATCCTTCTTAATCTGGGAGGAATACGCCTTCGCTCACATCGACGGTCGAGAATATTCGTGCGCATTACTGAGACATTGGAAGCCCCGCCACCGGGGATGGTACAATCCTACTGAGTAGCACGCTTAATCACAATTCGCGGGATATTAGTAGCAGTACAGTAGTGTACAGGCAAAACCCGACGGGCGACAATGAATCAGCCCGAACAAAGATGTTCAGACATGCAGCCTTTGGCTTATGTTGCTGCGAACACTTCTGCAGGTGGCTTCACACGCGCGCGGATAAAAGAAAGTCAAACCTCACTAAAGTGAATGCGTTCAGTGTCAAGACACGCGCGATATGCCCCCTCGGGCGTCTGAGTCTGTGTCTTTCGAGAAACCCCCTGTACGATTAAATCTCCAGGTTTCTCCTATCGAGCACGCGCAGTGCCGCCCATTGGGTGTCTATAGTAGGCAACCCGGGGTTAGACTGACGGCGTTCATGACGATGGGTGAGCACATGACTTGGCATCGTTTGAGCAGAGTGAAGAATAGCACATGGTCCAGGGGCTCGTTCAACCGATCCTCATTAACGGCATTCTTCCGTGCGCCGTCATGAGTTCTAATAACGGGTCTCTCTCGTCGGACGATGTCGGAAGCATAGTATCCTCCCAGCTTGACAACCAACGACCCTATTGGCCCCGAATGTTTAGTGTCGCACTAGGAGATAGAGTGATAGCCAGGCTGGAGATTGGGAGTTCGAAGGCGGGATAGATCCAAAAAACGCGTTAGAGCTGGGTAGCTGGAGTGCAGGTAAGTGGTTCGACCACCCCTCTTGCAAACACCTCGTAAACGGCCGCAAAATCATGGTCGCTAAATCTACCATGCGTTATGCATCCGACTAACGAGAACGGCTATAACTTGCTTCCGGCCGAGAAATAAGCTATGGGGCGCCTTCTGCCGGTCACGTGGACGAGACGCCTAAACGATTGACAGACCAGATCGGAAACATCTGTCTTTGAATGCCGGACATTAATACAAAACAGGCGGTGAGCGGCCCTGCACTGGGATACTAATTCTAGCCACATAATTCCCCGCGTTGTGGATGTCCGAAAGGGATTGAAGTTACACGGTCGGAGCCTGATAACAACAAAATAGACGAATTCCA,1965,51.15,Caenorhabditis elegans
SEQ_598179,ATGAATACACCACTACCACGCGCGTTTTCGTCAACAGCCGGTAGGGCCCGCTATGCCTCAAAGCTATTCAAAGGCTTCCTCCCCGGCTACACTCAATCTATATCACAGTTGTAGTCTTTCCGCCGCTGTATAAGGTTTGGTGAGATGTTAATACGCTCCTTCTCAACCATTTACGTGATTTACGAAAGCCAGGTACGCCTTTAGCGAATGGCTTTTTAGGCAACGGAGTTCCGCGGGCACGAATATTCCAGCCGAACGTCTAATCAATGATAGCAAGCTCTGTTAGTTCCGCAGTACCTGATAACCCGTTGATGAATACCTCACACGTCCGCGCTCACTTGCAAACGACACAGGGTGGATACACGGATAAAGTCTGTACGCCGTTGGAAGAATTCAGACTCAACGTTGTAATCACAGTACAAGTTACCTGCTTGCAGCCTCGTGGGTTGTTTAAAAAAATACTAAAAGATTCGAGCTAAAGCCTCAGGCGAGAAAACTATATTCCTCTAGGAGCGATTCAGGCCTTGCGCAAGGTTGAGTGACAATTTTAAAGCCACGCGTCCTGGGATTAACTATGGGTTACTCATAGCTGCGTCTTGGTGCTCTCCGCCTATAAAGTATCAATCGGCTTTACAAGAAGTTATGTAATTCGCACACGTGGGTAACTGTTTGCACATTAACAATGACCGTATAGGGATTGGCCGGGCAGCCCTACGTCACGTCGAGCTGCATTGCTGCGAAGGGCATTTACAAGGTGCTCACTGTACGCCACTACCGATATCGCTGTGCGCCGTGCAATTAGCGGCGTAACAGGAGCGTTAGCTTTACTGTTATGCTGAAAAGCCAGATGGACGGCCATCACAGCACTACCTTCCAAGGGAGACTTTACGCCAAACACAGATTGCGCTAGTGATTTCGATCGGTGACCTCCAGAATTCTCATTGAGAAAAAGAACAAATGGCGGGAAATAAGACTATCGCGGAGTACCGCGTCTTGCAACAGTATTGACCGCATGGAAGTGGTCCAGTGCAACGAGACGGTCCCAAAAGCTCAATGTATCAGTAACGCCCCTCATTTCCAGGCGAGACACGGGGCGGTTTAGTATTCTCCGTTTGGCCGGCGCCTTCAAGTGATATGGCGCTTAGCGGTGAGCTACTACGCTTATGGAACCCCGCGGTGCTAGAGCTCGTATTTCGCGAATTTCTCCGACGGTTGGAGGCCCGTGGTCTTGCCGGTTGAGGAGGATTAGTGCTGCACAACACAATAGCGTACAAGGTGTTGAACGGACTTAACAACATCGTCCTCGGGCAATCGAAATCTCGCCTATTCCGATAGCGTATCTACGGCCGCTTTTAGAATTCTGTGAGCAACTACCTTGTTTAACTAAACGCCACGCGCCCATGCCCTGTTTTTCTCGCAAATTCCGCGTTCCCTAATGATGGGACAGGAGCTGGCAGCTATACCGTCAGCACACTAGCTTATCCACAGTCCGATACGGATTATAAGTACCCATTTGTCACGTTT,1524,49.28,Saccharomyces cerevisiae
SEQ_870927,AGGACAGATTGTCCTTGCACAGTGAGCTTCCAGAATCGATGCGCTACTAAGCTAGTTAGGTAGGAACCTAAGCTTCCATTGCCGGTATTTTTGAAGCGATAGGGTTTGCTCACCCTGGCGTTTACGTGCTGTGGATCGGGCTGCTAAAGTGATCGATGTTTCGGAACCTGTATGGGTGCAACTGGATATTCACGTGGCCCTTAGCGGGATCGTCATAACGACACCCGTTCTCTGGCCCTTAGCGACTACGCTAGATTAAGCCGCTAACTAGGGCCTCAAAACCCGTAGAATCAGGCGTACATCTGACGTATCTAGGGGGCGCCATACTTTTAAAGGATCAGGATAGCGCTCAACGACTCGGCGCCTTAATTGTCTGGGGCCTCTGGAGTTTTGACATATTAGAGGGAGGGCGGAAATAATACCAATCTATCGCGAAATGTCGTTCCGAGCCGTGCAACGCTGTCAAATATTGCACCAAGATACCGCGGTGGGCTTCACAGACCCTAGGGGCAGTAGCGCCGAGTATGTGATGGAGAATACGGCCAAACACCGCGGCATTCAGACAGAGCATCTTCAAAAAGGCGGGAGTACGGATTAATCTTGTATGGGAGCCCGAACTACCGAGTTGCACGCGCCTGTCTGACCTGTAGCCCTACGTGAGGTTTTTAGTGTTCAACCCCACCGATGGAGAGTTTAATAAAATGGCAAATGCGTAAGACAAGATGTGCC,729,50.89,Caenorhabditis elegans
SEQ_226374,CTCCGTAACTAGCTCATGAGTTGGACTAGGATTATCCCTTAGTTGATCTCCATATCTAGCGAAATCGGAGTCCACCGCGTAGCTCAGACGTAGCGCTATCATCGACACAGGATACACATGTGCGGCCTATGAGGGTAATAGTGGCGTTCTCTTGTCGACCTACAAAGAGACAACACGAGATGCTCAACTGTTCAGCAGGGTTTGTCCTTCAGGGAAGTACGAAAAACTTTGCCTCTAGTTGGGCCCGACACCTCCATAGGTTGCAGTCAGCCCAACCAACCCCAAGGACTAATTAGCACGACTTTCTCTACTTGAGTGTATATGCATATGACGTTACTCAACACTCTACGGTACCCAGATATGTACATGACGCGATACATAGCGGTGAGTGAAACTAAGCTGACAACGAGACTAATAACTCCGAGACTGAGGCTGGAATTTGCGTAATGCTATATAAGCCGCGACGCTAGTGGTGA,476,47.9,Homo sapiens
SEQ_601049,CAAGGGACACAACAACACAGTCGCCTAGGTGGCGGCGCGGGCTAAGTCTAACTGGTGGGACTCTGTTCCAAAGGTCAGATCTGGAGTGGCACTGATTCTTGC,102,55.88,Homo sapiens
SEQ_955007,CGGGTTAGAGGTTATTTTACGCGATTTCACAATCTGTGCGTTAGTCGCTCGCGGCTCATTCGTCGCGTTTGCTGTCACCACAAGTGGAGATCTAGCTTAAAGTCCAAGCTTTTATCGGCATCTATGAGGTGCTGTGCCCACAGGGCTGAAATAGGTCGGGTGACACATGTATACATGACGCCCCTGCAGGCCCTTAGTTGTCAACCTATAATGCGGCCTCAGATAATTCATATATACGCAGTATTCGTGCCTAGCCATTAGTTGGTTCGCCTCTATTTCAACGATCGTCTCTGGTACCGTGCTTGTATGAAACTCGCGCGAACATTTAGCCGTGCGACGGCGAAACTTGAGCAGCACGCCGGCTTGCTGTGGCATGTGGACCTTCGCTTGCCGACTTGAAGGCCCTGGTGTATTGCACCTTTCCGGCTCAAAACTCACCCTGACGCTGGGTCACCATTCTAATATTGCCGTACGGCTGATATAATTGATATTATGCGTCGACCGAGCTCAGCACACTTCATTTTATGGTGATCTTACAGCTTAGTTTTATACGCATATAAGATAAGATTCAAGACTCCGCCCAGGGGTTGGTTATCAAAAGGCGTTCTCCAAAAGCTCGCAATATAGGTAGTGGCTTGGTTTATCGCTAGAGTAGCAGTGGTCGCATACGCTGATCTACTGTCGATTGTCCCCAGTGCTCATCGGCTGATGGTCGATAGACGTATGAATACGTTCATCATCCTATCATGACGAGTGAGGTAGCCGACGAGAATTTTATGTCATTGAGCGGGCCGGGATGAGCACCGACAAACGGTCTGAAACATTTTGTAATATCTTTGCGTTCTAGTCAGGATTAATATATGGTGCAGTGCCGAGAACAAACTACCCTTGGACACATTGAGACCCTTAAGACCGTTTTAGACGTGTCCGACTGTCTACAGCTTGGGCGCCTCCCGCGTATGTGTGCATGAAGAATGAAACTCACCGCCTCTTTCCAAGCAAGTCTCCGGGACTTCTGGCCGAAATCGGTTACGGTCGCAGATAAGCTCCTTGTACTGGGAAACACGGTCTTTGCTGACACACGACTTCCTGAACGGCGGGTGATAATCTGAGCTCCCCGCATCATCTTTAGGCTATATTTACTGCCTTGGCCATGTTGAAACCGATCTCAGAGTCCAGACACATCGATGAGCGATTATTCAGTCTTGGTTCGGCAAACATTATCATGGACAAAATGAGGTACATTTGCTGGCGATAGTTTTACCGACTGTGTCTTACGACTCCTGTATAGCTAGACAACGCGTGTACCAGTGAGGTGAATCTGCAGAAACGAGGCTTTGATTAAATTAACCCGTTCTAAAGCTTTCTTGAACACCTCGTAGTATGAAAACTGTTGTCGGGTCCTTCCGGTAAAAGAATGAAGAGCGAGGT,1431,48.01,Escherichia coli
SEQ_401697,TAGAATCAACGTCTTTTGAAGATCCCAGTGGAACGTCACGCAGGGGTAATGACGCACAGTGCCCCATCCAATGGTAGGATTCCTAAGGTCTGTTTATCCTAGAGATCTGTGGGGGGAACTACTGCCCGCCAAGCTATTACGTAAAGTCCACGCACAGTCGTTCCGGAAAGTGGCAACATGGCCGAAGGTTTGGTCAGCCTATCAGTATCAAGCTTGCGGAGAGCTGAAGCAGAACACTTGGTCCCTGACGGGTCAGCGCCAGGAGAAATTCGCCGTGTGATGGACCAAGCCCTTTTCATAGTTCGTTCCGATTTCGTAGACAATTTGCGCGTATGTACTGATCCAACCAATTTGGACCAGCAGGCGGCAAAGGGGACGAATAACAGTCCAGTCAAAGCATTTGGGCCAGTCCTTCCTATATGAACTCCTCCTTGTCTGGCCGTTTGTGGGGACGCTAGTTGTGTCACCCGTACATTAAAATCCCAAAAGAACGGCCTAAACATTTGGACTAATACCAGGAAGTAATTCCCCTAACTGCGTACAGAGGTTCTCTGAGCACATATCGAAGAGTGTTACAGACAAAAACGAGACGACGCGTCATAGTCAGTCTGGGGAGAGCACGATTGAGGGATATTCAGGCCGATCCGTTTAATTAAAGTTACCACTAGGTTCTTTGCGATTAATATCTCCTGGTTCCACTCTTGCTATTAAAAAGCTGGCAGTCAAGTTACCTAGCTGCTGTCCGTGATTCATAGTCTTAACCAGCTTCGCGCTTCGTTAAGAAACCGACGCCATACGAGAATTTCCAGGACAGCGAGTGGTTATCTCACGACGGTAGGACTAAACTTCATCCCAGGCATAGACGCGTGTTGGGTGGGGCTTATATAAAACCTGTCTTACACGTTACGTTTGAATCGGAATGTAATCAGCTAGTGTTGCATAAGTGTATGCTGGTCCGCGTAGCCCTGCTAAATGGGGAGGAAGCGTACATGGGGTCACGTCGAGTTTATAGATCAATTACTAGGATACGACTTGGGTCGTTCCTAGGCACAACATCCGCTTTTCCGGAGGACGGATAATTTGTAAGGAAAACGGTTAGAGTCCGCCTTGCCCGACGCAGTGCATACACTGCAGTTGCATCCGCGGGCACATGACGTATAGCTGTAAGGGTGTGGCTCCAGCCCGCAGTTGAGCATGTTTAAGTTCCGAACCACCCAAGACGGACTAATTTGTTAAACTTGCCGTGAGAGGTTGATCTCCAGAACCTTAGCAGTCATCCCGTCGTCCTGATGTCCGCGTAGGACCAACACTGAATGTTGTCACGAGTCGCGCATCCCTATCACCGTGCCTTCAAGGGCTCGCTTGTATACAGGAAATGCTACCGAGACGCTTGCCTAGGACGGTGTATCTCAGACCTTCGCCGGCTCGCTACAACTCGCATGGTTAGAACCAACAGTGAAAGCCAGGACGTGCGTCGTGAATGCCGAGCAATTCAATGCGCTTACCTGCCCGAGCTACCAGCTAAGGTTCCATGCCG,1537,50.1,Homo sapiens
SEQ_455571,TCCGCATTTACCACCCATCACTGCGGCGTTTTAGCTTTTGGGGTGTAAAAATCCAGCTGGTGAATATTGAGAAGTGGCCAAAGATCCACCGTAGGCCCGAATCAGCCCCGAGGACCTGAGAATAAAGCCGTTTTGTGGATTCCAGGCAAAGCTCATTCAACTCTGAAATTAAAGGTACCACGCCTTATGGAGCCTTATCCAAATGGACGGATAACGCGTGCGCCCGCCGAGGTACTTTGCTGACTCGGCAGCTCACTGCTCGCGTCTTATCGCCCGGGGTATACACCAGTAGATGAGGCCATAATTTCCGCACGACACTCTTCGTACGCTAACTTACAGTGAGCTGTTAAAAAAATTGTTCGTTTGACGGCATCGTGTAAGTTGCGTGAGGCGTAGACTTTGTGTTAGTTACTGGTCTGCCCCACCGTATGGTCCCCTCATGAAAATCAGTCGACGTTCTGCTTGCCACTACGGGCCCTCACCCGGAAATATGTCATATAGATAGGGCCGACTACATAGCTGGAGCTAAGAGTGGATAACCTGCGGAAGTCCCGGGCCATATAGTACGCAGCGCCCGCAGAGAGGTTTAGCGGGAAGGTTTTAGAAACAAG,611,50.9,Arabidopsis thaliana
SEQ_499829,ATTCCTCAGGGTGTTGACGCCGTGATGTTGCTTTACCATCCTGTATTATTATGTCACCGGTGCGATTCACGAGCGCCACAAACGAGCACAGTCCAATGACACGAGCTACTGTCCCTAGAGACCGCCGTAACCGGGCTAGAACCTTAGCAGTCCGCACCGAGCGGCCGCTAACCAGCGACTTACATCTCAAATCGTCAGGTTCGTTCTCTTAGGCTCGGCTTACCATATCCAGGATTTACCCGTCGGAACCGTTCGTCATATTCCTCAGGTGTCGATAGAAAGATTATGTAACGGAGATTGGTGCGTACTCGTACTGGAGTAACGTACGAGATGGATCAAATTGAGGCCTTGGCATTGTGCTCCAGGGTTCCAGGAACTTAGTTCGGCGAGAGGACCAGCCTGGCAGGTTTCCCGTTACTTTAGGCCGTCCGGGACACTTGCCCGGCAGAGGCATGACTTAGGGAGGATTAGGGTGCAAGCCAACTTGGCTGGATCGTAACTGCTATTACAATTACTTTAGATGTACATCAGGAGTAAAGAGACTGTCTCGATTCTCCTCCCTTATACACAGCTGCATGAAGTAAAGCGTCCGTATGTAAGATCTACATTGCCCCCCGTTATGAGCGATGGGGATAAGTGCTAGGGGAGAAGACCTCGATTCAATGTGAGACGCATTGTCTCTAGGTTAAGTCACAGGGGTTTGATAGTATGCATCGGCAACCAAGTTTAAACGATTGCAATAGGTAGAGATGCTTGGGGGCCGCTACCTCGACACTAGGGTAGTCATCTTAAAGAAACAGACGGTGACCAAGAGGGGTTCGCTTCCTGTGATACTCCTAGTAGTAACATTGGCCGTCATCCAGGACGCGCGTTATGAGTAGCGCTAGAGCATTTTCGGACACCTGTGAGTGGATGCAACCGAGCATGCGAAGTCGAAATATCATACGACCCGACTGATATTCACCAATAAGATGCATGAGGTTGGGACGCTTAGCAACCGCGCATTAGCCTAGCAATAGGCTTGGCTCGCTCCCTGTGTATGAGCCTTCACCCGGATAGGTCTCGGAGCTCCGGTGTTCCGAGTGCGTCGCTGGGGGAGATAATTGATTATGGATACCTCACAAAACGGTCTGCGGATCGACCCTTTCCCCGTACTGATGCATGTTTACTCGGTCATGGTGCCCAGAACGTGAATGTGATGCTCCGCGTTAGAGCTAAGGCGTTCTCAAGTATGTCACGAGAAGGTTAATAATCGCGTATCACAAGCCATTGAGTTGACGGGTACTGATACTAGACACGCGCCGTAGTTGCGCAATGGGATGTGATGGCCGGGAAATACCCTACAATGCAATGTCGCAGCTCGCGGTGGCCCAGGAACTCGCAATTATGTGCCTGATGGGCTCAATGTTCGGGCTGCTTCCGTGTAGTGTGCCAAAAAATCGATTCACGAATTAAAGACGCCCATTGATCTATTTGTACCCCCTGGTGACACTGAGAGCATATCAGTACAATTAAGACCTTGTTTGGTAGTAGGACGTCGTTGGACGTCTTTACGTAACCGGCCGGAGACCCTTTAGATCCAGGTTGGACAGCCCGCTCGGCGAGCGAGTTATCTCACCCCCCGGCTAATTTGTCTCGGTGATGCAGACAATTGCATTTGCGCGCAAACATTCACTATATGGGTTATGATGCATCGGGAGGAGACGCCCCGGTCGCAGACATTTACAGGCGTCTGAGACCAAACCATGGCTATACGCCTGCGGCGGCTTGCAACACGCCTTCATAGCATCTTCTCATCTCGCTCAGGAGTGGCGGTGCATGGATA,1825,51.23,Arabidopsis thaliana
SEQ_564820,TGGAACAGTTAGGCTTCAGTAACACTGGCGTTCGAGTAACAAATCTATCTAAGCTTTGCTCCTTCAGCAATCCTTTGTACTATGCACGCATCTTGGCGGCCTCTGCAGGCTGAAGGCGCTGAGGAGGTTGTTGGATGGCCAGAAGCGGTGCGCAAGCGCTACTCCTTATGCAGGTATGCCGTCTTGTTACTGTAGCGTAGAAAAATCCAATGTTACTCGAGGCGGATCGCCGCCGGAATCAAACCAACCTTACAGCTCACCCTTCCGGCATCGAGCCGTCCTTACAATGGATGCGGCCGTGTGTAATGGACGCGGACCGCGGTGGCGAGGCCCAGGTCAGGCTGTGCACCAAGAGATACACATTTATGTTAACTTTGTTACATCGATAATTCACAGGTCTTGCGGATACAAGGTTAAAAACACCATGATATGACTCGGGCTACGTCGTCACTTCAGACCTGACAGACGCTTCACACCCGTCTAGCCCGCGGACTCTACTACTATCCGAGTCGTAGACAGCCGAGTAATATCTAGGCCTACCAAATTTAAGAACGCGCACCTGAT,564,51.42,Arabidopsis thaliana
SEQ_720237,GCAGGACCCATTATTTCCCGAAACTTCAGTCAACTATATCAATAACCACACTCAGAATACTAATACCGTCTATAATTGAAGGTTGCGTATCACCGTCCATCAAATGCGATTCCGTATTCGATAAAGTGATTACCTGAGAGCTACCGAATTTCACTCAAGCGATCGGAACACCCAATACCAAGTGGTTCATTATCTGCCAGCCGGGGCACGATGGTTTAATGGACCTGGTCTCGGCGAATATCAGGACTTCTAACACTTCCCGGTAATGAATACCTCCGCACACTTCTCTCGGAGGATGAGGATAACGTCGGTTAGGGAGACCTGAGGCGGGGGAAGGGGGGCGCAAAGGGATTAGCCCCTAGCTCGCGCTCATACCTATGATATTAAATTTCGTTGCAAGCAACGGGTTTTTTTCCACGCAGATTGGCGTCACGAAATAGCTACACCGCCGGCAACGGACAGTTCGTCACCAACGATTGATCACGAGAGCCTTTTAGATCCCTGATCCGTTCTATCGGCATGAAACTCATCCTTACATTGGTCCGTGTCTTCCTTCCGTATCTTGTCATAGCCAGCAAACAAGCCTCCCAACGAACACCACATTATAGAGCCCTCCGTGGGTTCTAAGACGATATAGACAAAGAGAAGCCATCTACACTTTACGTACGACCTCCGTATCTCCATAGTGCTGGATCGCTCGTAAGGTGGGAGTGTCACGAAAATTTAAGGGTTCCTACCCTCGACTATAACGTGAATACAAACATTATAGCAGAGGTATGGCCACCGACTCGCTACTCCGGCGAAAGGGACGGCGATGACTACTATAAGGGCGAGTGGATCTCACTGTGCGGTTCTGCATCTGAGCTCTAAGAAGAAAAACCGTATCGAGTTTAGCGTCTGATGGCAATGAGATACCCACTAGGGGGTTAGCAATCCGAGGTTACTACGGCGGGACGACATCGTACCTACAGAATTACTGTTCGACCCCCACAATTCTCCACACTCCCAATAGAATGAGTGCTTTGGTGTAACGTTGCAAATCCGCAAGTGGCGCGGAAAGCCAGGTTAGTTAGAATCGGACACTCACATTGTGGTCAAAGCATCTCTCGCTAACGAGTTTTGGCAGCAATGGTACGACACGTGACCGTGTAGGTCAAATTCGTTTCGAGGTGCCCCGGGGAGCAATTCTTAACGGGTGAGTTTAAGACAAATAGCAGCTTGACTTCCTGACAGCATCTTTGGCTCACTCATAAAGAATGACTGAGCCCCGTATATCTTCTACATACCGGGAACCGCGGACTCTGAATGTCACTACCTAGCTCCCGGGGCGAGGTAATGGAAGCCTATTTAACCTTCGGCTACTACGGACACAGTCGTGTTTGGAACTGGCCTGGGCAGAGTCACGAGACACTGGTCGCACGATGAGACCACGTCTCTTTTACAACGACTCTAGGAACTTGACGGCGAGGGAGGTACCAAGATTATGAATGTAAGTCTTCCCGTAGTTGCCGGAGTTAATTCAGCAAACCGCGACGTTGCAAACCAATTCGCACCTTGCGGCCGTAAAACGATCGTAAGAGCATTAGATTACACTATCTTCTCCTAGGCATACCACATAGCAAGCGTATCGACTAGATAGATCCGCGCTGACCGGGTGCAGTTCGAACTCTTCAAGTAAGGGCCCTATCTGATCACCTGGCTCGTGGCGTGTGAAAAGGCGTTTGACCGGGAATCAATGCACATACGTCAGGGTATCC,1757,49.35,Homo sapiens
SEQ_677368,AGGACAGCCCGGCCCACTCTTCAAGCTCCAGCTCATGATCAACCCTCAAAAAAGCGTAGGTTAGACTCCAGTTCCTAAAGGGTAGAAGATGCACTATCCTAGACTCGGAGAGTTTTTAATGAGCACTCTGGCTGTTCTGTTGGACGCGCCTGGTCAGTGCGAGTAGTGGTCGGGATATCGCGACAAGAACAACCCGCAGTACGTCATGAATCGCGCCCCCATCGTTTAGCCATCGACGAATGTAGAGGGTAGCACGGAGGTTATGGGCGAAAATATTTGTACAAAGCACGAATGGGAGCTGCGTAAACGATCGCCTGGTTTAGAAATCGTACGTCCTTTTTCGGGTATTTTGCCCTCTCCAGCACTGTTGGCATTTACCAACGGGCTGATTTGGTCTCGTTGCGCAATGAA,411,50.61,Drosophila melanogaster
SEQ_563050,GCTGCGTTTGACTACAAGCGGTCCCAACGACCGGCCGCGCATGGATGGCGCTACAGAGTTGTCGGAAAGTGTCTCTTATGACCGCTGTCCGCCGGGTCCCGCTTAACCCTCATGTTGGGTAGACCATGTTGTCATAGGGCAGTAAAACACTCATTCAAGACATGTTGTACTGTTTCGAGTTCTGCTAGCCTATTGCAGACATCGGGGT,208,53.37,Saccharomyces cerevisiae
SEQ_215185,CCACCGCGGATATGACAATGTTGTGTAGGAAGGCGTCTACGAGTAGACCTCGTTGTGGGCTATGTCAGACAGACATGACACCAGACTAAAGCACCGACGGGTATCAAAACGTAGGAGTCGTAGGGGCTATAAGCCCCGGTCGACGATGTGCCATTATATGGCACAACACTGCTGAAAGGACTCTTCGTGGAACATCTAGGCAGGGGGAGATCAGGATCGCTTCATACTCTAAGATCCTTAGGAAAACGTCCGACCCAGTACAGTGTTCATTCCCTTTCTCCGATGTTAGGATCGATCCCGTTAAGTCTATTCTCTCTTACTATAGCTGCGTAAGCGCGTGTCCGTTTGGACTCGTTGGGAATATTAATCCTCGTCACTCTTTGCCATTGGCGTAGACAACAAGCGTCATATTTCTCTTTCTGCTAGCTCCGTTGGGTTTTATTCAGTTCATTCTCGTCAGTTCGTGGGTATTTTGTGCAGGCTTAAGTACCCTACCGAGATATGTGAGAGAGCAAGTAGCTTGCCGGTTTACAAGAGAGGACCACTTTTACTAAAAGTCCTATTCCGGAGAACTAATTGTGTCGGTCTTATCTACATGTATAGGCGCTCGGGATAAGGACCCTCTTTTAGATTGGCGTCGACCCTATCCGCCACCACCTGAAGGGTGGAGTATACAACCAGTGTTAACGCGGCGAGATGACGCGATCCAGCATTGAGGTTTGCCCTAGGACTACGTGAAAATGAGAATCGCTCGAGACTATCCAATGCCATAGGACGGGTTAGTACAGGACAAGCACCAGTATCAGAGCACGGTGTATCGGAACCTCTTAAGTTCGAGAAGTCCGCTACTCACAAATAGGCTGTTACTGGCGATTAAGAGTCCAGAGAACCCTATTGGATCTGACGATTAGACGAAGTCTGTTGGACCCCCGAGTAGATCCTACCGCAAAATATACAGATAAATTTTATAGGACAATCCTTCCTGTAGAAAGTCTAAGGTCATGGCGCGTGATTTTTGGGCCGGGTTGGTTACGGCGAATTTGTCTGTAATGCGCAAAACGTACATCACCCTTTGCGGATAACTCAATGCAATTCTCAATACCTCGATGTTCTTATAGCATTTCGCGCTGTAAGTGGCCTTCAGGGCTATTGACTCTCGTGGGGCTGGCGACCCCGAAGCAACACACCCATATGGGAAACCCCCTTTTCCAAATACAACCCCGTTAAGTCGCTGAGCCTTTTGGAGGCAATGTTCAAAAGGAAGTAGATTTAGAGTTTGAGCATTCCCACAAGTTGCTCTCTCATATAGGGCAATCCCCGATTATCCAGGTCGGGTTCACCATTAGCAACGATCTGAGGTATTGGCAGCTACCATAGTCAACACGACAAATCAACGGCCCGTTGGGTAACGGGTCAAGCGATCTATACGCTCTCCCTGCCCCTGCAATGTTCGGTCGATACGGGAGGGACGATCCCCGTGCGGCTCAACACTCCCAGTAACGTCGCCCCGGGGCTGGAAACCCAAGCCGAAGAGCTATCCCACGGTTTCACGCTGGGCAGGAAAAAATTTACCGTAAGATAAGGCGGGTATGCTATTTGAAAGCTCTTGCTGGCACGGTAATCGTGCATATCATACATTGCAAAATAAGCTTCAGATGGATCAGCTAGGTGGAAATCCCAACCGCTAGTAAACTTTACCACTCTGCCAAGAAGCGTGAAATGCAGCAAAGCTTCCGGTATGAGATAATCCACAGTAGCCCAACAGTAGGTACGATCCGCGACTTCGGCTAATTACAAGGCAACAACCTGATTTGTAGACTAGTGGAACTTTCGCACTGAAC,1841,48.56,Homo sapiens
SEQ_160003,CCTCCCAATATACCACTAATGCTCCGTCAATTGACACAGAAGTATGGGCCCTCGCGTAGAGATGCGAAATGCATGCGCATCCGTTTGAGTACGCTTCCAGGAGGAGATGATCTCAAGGGGAGATCTATAAGAAAGACTCGAGGAGTAGGTAGCAATGGCTACCTCGAGTGTACTGAGGACTGAAATAGAGTGACGCTTAGGAACCATCGTAGTTTCCGAGCGACCAACTTATGCGTGCACGCACGCGTCTTCTTATCTCAAGAGTAGATGCGAGATCCTTGTCGTCGAATTGGCGCCCCAGAAGCCATCGCACGTGAGGTGTAGCTTAATCTGTGCGTTCCGATGGCTAAATTGACGGCGGGAAACTGTAGTGAGCACAGTAAGGGTCATTCCGGCATCTTACCACGCATACAAGGTTTTGGGGGGGTAATGCCTTCCCCCCAGTGACGCGAGTGGCTGGCCTAGGTAGCGGTGCAGACCGCTAAAAGTATATATTCGACATATGGAGCTCGAGTTTTTGACTGCGGCCA,530,51.51,Caenorhabditis elegans
SEQ_739367,CAGCTACCCAGGTAATGTCCGTAAAAGGACTAGCGAAGCAACTTGAACAAGTTCCGAAACTACATCCAGAACATCCACCGCGCAGTCATGTGTCACTGTCCCTGTCCCTTACGCTTTTATTGGCCGGACTATGTTCAAAACGAAGGACATCGGGGGGCAAAATCAGTTTAAGCCTCCTATACGGGACCAGTTTATGGAGGAATGCGAAGCGCACTAGGAACTGATTTTGCAACCCGCAGAATTTCTATGTAATTCCATTCTGATCGAACTTTGTAGAAAAAAACCGCTCTAGCATCCGCCATGTCTATTTTATCCCCACTAACCTATTTGAGGTCAGCCCTTGTCCGAGTTGTACCAATTCAAACAACGCTTTATGGGGGCTCTGCACGCGGCTTGGGTACCTTAGTTAGGAGACTGGCTATCTATAGGATGTTAGCGATCAGGCGATATAGACTCGGCCTTCTCGCTAGCCGAACGGCCCATATAGGCCGCATATATTGGCAGACGTTTAAAATAGTTCAAGAGTAAAACATCGAACTTCCATGCGCATGATCGATGGGCATAATTACAAAGTAGATAGTTCTGGGTTCAGGCAGGACTGTAAGCCGATTTTATGCCCCTGTCCTCCCAATACTTAATAGTCTCAAAG,649,46.38,Mus musculus
SEQ_742242,GAAGGATGTGCGACACGCAGTATGGATGCTCTAAGGAAGAATGGCGAGAGTAGTAGTTTTCCGCAAACCGTCCCTTAACCCGGGGACGTCCATGAATAAGCGGCCAAATTTCGCGCCATTTACCGCGGGTATCGAAGGTCGAACACTAATATGACCAAATATGATACTTGAGCTAGTTCGACTGTATCAGCTGTTGGGGATTCGACTTGAAGGAGATAGGCATTCGCAATGTGAGTAATGCCCGTTTCGTCATCATAGCCGACGCGGTGTTATCGCTGGCGGGTGCGCATGGCGGTCACACACATACACTGCACGTACGTTCTGGCAGGCCGCGATCACGCCTGTAATGAATAGCGGTCGCGCGTAAACTATACCGGAGCTGGGGGGCCCACTCTCGTGTTGATAACTATAATGCCAGAGTGCACAGGCGCTACTCACGACTACCGTGCCCAAAGAGGGAGTTACCATCGAGGCAGGCAAAGAGCAGCGAGATTGAATGACGAAACGTCCGTTCGAAGAGAGAATAACGCGGACACTTTAGGTTGCCAATAGCAGGCCTTGTAGCAGAGCTATGTCACCTATCGAGGATCTGTAGTTGCGAACATACACGAAGATTATGGGTTCGCAATTCACGACATGTCTCGGGTCTCCGAACCCTCGTGGTTGTGAGCGTCCTGATGTGAATGACGATGCGTACCAACTATGCCGCAGGTCACGCTCCACCCAGGTGTTCAAGCCGTCTAGTACCTTCGCGTTAACTACGAGCGAAAGCAGTTGTCCAGGTGCCCCGGTTCTGAATGGTATCGTAGGCTTGGGCTACATAGGGCTGGCGACGGTATCCAAAGAGGGCTGAGGGACCCGCTCCACCATCTCCTCTCTCAAATACAAAGCGGAGGTATCCCACTCTACCCGATGAGTCAATAAGTGATCAGGGGCGGCTCACAGGTTCCCAATCTAGCGGCATAATGGTGATGCGGTCGAAGCGATAGAGGGCACTAGCGCTCCTGTCTGGAGCTTCGTTCGTTCGGTCGGTAAATCTCTGAATTACGACTCGCCGTGATGCAGCCTTTTCAGACCGGTTCAAAGAGGGTCCCGCTTAAACCTGAGTTGACCACGGGGGGACAGTGGCTTTTGGGTAATCACTTGTACGTGTTTATCCCCGCGCCAACACAAGAAATTCACAGTAGGTGTCCTACACGATCCCCCCATCTGAATGTATAGAACTCCTGTCGTCACGATGCACATTTCCGTAAGAGAAGATGGAATTATATTTAACCTTGTAAAGCAGCCAACTGTCGTCGAGGAGTAGAAAGACTTCTGCAGGCGAAGCGGGGAGTTGTATGTTCATTAGCAATTCATCGAGTGGAAGATTAACTAGTAGGGAGTTATCATACCGCCGCCTATGAAAGTACGGTACTAAGCATCCGCCGCGTTGGTCTTGTTTGGAACGCCGCTCGCATGGACCCAACTATAACTGTCTTGGATCTGACTTATTACACCAGGAAGTTCGACTCCTATGAGCGTCTATCTATTCGTAGTTGATTTTTTCTGGGCGCGGCACAAACGCAAGGGAAATGCGTTCGCGTTGATGTAAGTTAGTGTACCAAACCGCAGCGATATAAAGATTACAA,1631,51.01,Homo sapiens
SEQ_561603,TAGACCAACACCCAGATAGTAAATACACCACGCATGTTGTCACGTGCGGAGCCTCCATCGTCTGTTCGCACGTTCCTTATCCGGTTACAACTCTGTTGCTCTCGACAGCTTAATACAATCGACGACAGGGCTGCCAGTTGAGCAGAAAGAAGCAAACTACAAGGAACATACGAAACCAGCGGTTTCATGCTCAGGAGTAAATAAGAACGTTACATTACTGAAAATTGAAGCCAAGGCCATCTCTTACCACACCATGGACGGGGCTTTGCACTGTGATTTTCAACCTCCACAAGTTCCCGGTCGTTATCATGGTGTCCACAAGGACAGAACTAATATTTTCCCCGGCCGCACGATTAGCGGTCACCAGGTCTCAGGGAATAGTGCAAAGAAGGAGGTCGATAAGTAGCGGGCAATGAACTAAGCGGATGGGCCTCGTCTGAAATTAGACGTGGCGCCGGGAACCTCTCGAACGCGCCCTATGCAGTCAAGCGCGGGACTGCTACTATCAGGAGCAAGAACTCGTTTGCTCGAGTCGGAAAAGGATTACTATGACGATGGTGGCCTATTGTAGACGATTTTAATCGGACGATCGGATCACGCACCAGGGATCTCTCCACCAAGTAAACTTTTGACATCGCTGCGGCCAGCCAAGTTGAAGGGACGTACTGATTACCGACTGCCTAAGATGAAGTAACGG,697,49.93,Saccharomyces cerevisiae
SEQ_100064,CCGTGCAAGCCGTAGTCCCTTGCTTATTACGCAAGTGTCCGAATAGCTTTGTGAAGTCCAAGGTATCTAGGGGGTGAAACCCCCTCCGCAATGTCGGTGCAGCTAGTATACGTTAACTTAGACGTACCCATAGGGGCCGCACCCTTCCAATAGGTGCAATAGTCAGGCGCTATTTATCTGGAACGACTCAAGTCGACCTTAGAATTGCTCATAAGCAGGTTCCTACGCTTTGGGCGGGCGCCGGTGAACTTAAGGCACGTCCTGAGAGTTTTACGGAGCCAATATCCTATCACAGGGCGAAAGAATCTGGCACGATTAGCGCTGACTTTGTTACCGGATGTATAGGTAGTTTCCACTACGAGCCCGGCGCGAGAGTGTGCCGGTTGACATGATCCTGTGGTTAGCCTGGCCGT,413,52.3,Saccharomyces cerevisiae
SEQ_166565,ATGCAGCAATGTGGCTTTCAGGTTGACCTGTCCGTTCCTTATCCGGTGGTAAGGGGATCTGGTAACCTCTAGCAAGCTGAAATGCTATCTGCTTTACTAGAAATCAGCACGATTTCTTCAGCTATCCTCGCCGGGGGCAGCAATACAATCTCCAGTCTAGTCGACGGATAGTCATGTTCTGCCATGTGCGTCGGAATGGGTGGTCGCGAGTCGGCCCCGCTCTGGATTACGCGACAGGGATGTACCCCTAG,251,52.99,Drosophila melanogaster
SEQ_427135,GATGCACTCTCGGATAATTGTCGTATAGACGCGGAACGAATAACAATTCTTTCCGCCGTGTTTGCGTAAGGAATGCCATTGCTTCTTTAGCCGACTCATACGTAGCAGGTACCTACAATCCTATGTGCTGATTCCTCTCCAACCCGTTCTTAGGACTCACTTGCGCAAGCGCAACACACGCATGAACTTACGGATAAATCCTCAACTGACAATTCACAACATCAAAATGTTATATCATCCTCGGAATGGTGTGCCGGCTGCGTAGGAGTGCAATGTGAAAAAGTGATAAAGATAATGCTGGTGGCACGCGATTTCTCTCGCAAGGGCGTACTGATCCGTAGCTGCGGATCGAGTTTCCTCTTAAAGGCACATAGGAATGATCATTGAATACGGCTTCTTTGAGGTCCTACTCATGCCTTCCTTTATCCCACCATTAATAACTTGTTTAGTATAGATGCGTCCATTGACCAGTACTCGTTCACATTAACCCCCTGCTCGAACCGAAAAAAGGCTTCGTGCACTCCCTAGCTACCACAAGCAGCGACCTAAGACACAGGACGTACGTGGATTGGAGCTGATTTGAACACAAAACGATATCGAGCGGGGTTCACCTCAGAATATGCCGCGTAACATGGCCAGTATACTTCTTCCTGTCAGAAATATGGCATAGGATGACATTGAATTCAGGGGTACTTGGCAATAGTTGAGTGACCCCTGAAGCAAACGTCACTTGACTGCATGGGGGTAACATTGAGCCCTAGAGGTGGACGTCAAAGCGCACGCAGAGTGACAGCTAAGAAGGTGACGCGTGATAGACTCCCAGGAATTCAGAGCAGGATCAGTCGTATTTCAAGAATACTCCAGACGGGTTACCAGTGTATCACATCTCTTTCATTTGAGGCAGCCGTTGGTCC,914,47.26,Homo sapiens
SEQ_477303,CTCGCGCTTTTTCCTGCCCCAGTACTATGCATAAGGTCAGACGACTTGAGTACCTTTCAAAAACTCCGCGGCCGCCCGCGGATTGCCTTCTTCGTTCCGACCGTTTACCGATGACTAGATGTTACTGCAATCTCCAACAACAATATCGGCAATAGTCCGTCCGGAGTAGTCACAGTAATCTGGGTTGCACTGATAATGCACGTTACCTCCCAAACTGATGCGGGCGATCCCTCGACGTTGTTAATTGTACTTGCAGGGTACGC,263,50.95,Saccharomyces cerevisiae
SEQ_294389,AACCATTGGGAGCTGTGGATTCGTATGGGCCGAATCACCATGGTTGTCGGTTTTCGGTGCGAGGGACCGCCAGTGGAACATCCCTAATAACAGAGTGTTGGGTGCACGTCTGGGAATGCCCTAACCACGTTGCTCTCATATTTGGACATCTCCACAAGCCATTGGCGTGCCAGTGACCTTCCTTATACTCC,191,52.88,Escherichia coli
SEQ_946035,CATAAGGAATGACTTCTCTTGACCACCAAGGAGTCAGGTTCAGTTTATCTGTCACACTCGGCCTGTCGACCGACAGGACCAGATGCTAGTGAGTCCGACGTAAAAGTGCGTAAAAGTATCGCATCTGACACTTACGAAGCCCGGGCCCAGTTGAAAGGCCGACAGATAAAGTATTTCTACAGTGACTAAATTCGTAGGCGTAATCCTCTAACAGCGCGCGGTCGCTGCCATCGTCCCCGAACCATGGCTTTGATAGTATGCTAATTATTAAGATGGGAAAGGTCTGCGCTGCTTAAGGTCTCGCCTTTGGTAGTGAGAAGAGACTCCATTATGCATCCAGCCTCTTCCATTGTCCCTTGGAGGGGGGTACGCGTGGCCCTTTCAGAGCTGAGAAAAAATCACACTGGGCTTGTTTGGGATAGTGTAGACGATGTTCCCGAGATAAGCCTCCTGATACTTCGATGCTTTGGTGGGTAATTATCCCGGCATAAGAGCTTTCCCAACGATTGCCTTCTACTAGCGCCACGACCGTCCCGGTGTCCTTTTCGTAAGCCTATCAAGCTACGCGAATCAAGTTGCAGCGATACACAACTGACACGTGGCCCATTTTGAGTTCATGCCTAGCGGAAACCGGATCTCTCAACGGTCAGTGTAAGAAAACACTAATTCTATCCAGTGGCAGTGAGATTTCCGATACCGCGCGGTGGTGGACCACGCTACCGCAACTCATAGTAGAAAATGGGTCGTCCTGATTGGTATAGATATACGAAATCGTGCGCCAACGGGCACTCGCACCAGAGGAAGCTTATAATTAGTGCCCCCCAACGGAGAGGAATGCAGCCCCATTTCAAGACGTAACGATACGCCGGATCTACGTGAACGGACGGTCGACTCAATGGTGGCGTGTGTTACCGTGTAGTTCGACCGGCCCGCTAATGCGAGAAAAGCAACACGTTTGTCTGCTGAGCAGTGATTATAGATCTAGACTGAACAGCGTTTTTTTAACTACTCCACTCAGAGGCGGGTCCCCCTTAGATTGCGCGCTCTCTTGATCCAGCTGAAGAATAGTACGCGATGATGTGTCATCTTGATATGCCCCCACATGACACCCATGTGATGAAAAACTATACAGTCTTTAGCGTTCGGCGTGCGTCCGCAGCGGGAACAGAGTTAGGTATCCCCACATTGGAGGCAACAATCTGCGATTAATATTCATTGTCAGTAGACCGGTAATTGAACGAGTGGTGGTTGGCGATGTAATATAGCTCCATTGCCGCGGTCTTCTAGTCCATCTATCTTGGACACTTACACCGATGGCGACCTACTAGGAGGGTCCGTTTTACGGCCGTTAGCACGGCTTCATCTTGGGAGGATATTTGGGCCCGGGAAAAGGCTAGTAACGTGCGCTGGTGATTCGAATATAGGAAAAGACGGCCTTCAGTCAGGAACGCAGTGAATCTGCAATCCCCTTCCACCACATAATGTCATCAGCGATTTCGAAACTTACTCTCCGGGAGTGGCCT,1523,50.1,Escherichia coli
SEQ_556661,TGGGATGTGTACTACAATCAGATTCTGTGTACCACAGCCAGTTCAGCCCGGTAAGCGTTCTTTAGTTCGGCCAATGGTGACGTCTTCGACTTCAGAGTCAAATTTTTGACGTGCGCTCGACCACGATGAGTGTGGGGACTCTTTTACGAGACGTGCTCAGAGCAAGCTGAATCTTCCGCCCGGCAGGAACGCCCCACACATCGCTCAAGACCTTCGTACCCTTTGGCGAAACCAGAGGGTAGAAGGGACAAAAATCGGCTGCTCGTGCGGCCTACAAGAGGGCTGCACCGCTCGTATGGCTTCGGACGCATGGAGCAACGACGTACAGCCACCTTGAAGTAGTACTAACGCGTCCTTCCAAAACCCCGCGGGAAACGGTGGTCTAGACCTTCCTTTGAAACCTCGCATAGCTATTCGAGTCGACTAGGGGGGTGGATCAATGATGGCTCGCCGCTACTTGTGCACCTAACTGGGCATATCCCCGAAATGCTGCTGAGATTCCGCAGGAGTGTCAATGCAGTCTTTGTGCGACGTGAATTCCGCCAAACGTTTTGCCGGCGGCCCATCTCCAACCCTATGGAAGACTAGAGGTGGCCCGGCCAGGGTTGCAGTTTCCGAGCTAATGCGAAACGGCTCAGGCATCTATGTCGGGCTTGTCGAATGTGCATAGGACCGCAGTTATCCGTAGAATCCTATACCCTTAGCAGTTGAGATTCACGTCACGCGTGAGTGTACCGCAGATTAGCGCGCTCTATAAAAGCGCGAGAAAGAGCCCCAACGGGCTTCGGAATGTCTTTCCACGCGTGGAGGTAAGTTGGTCCCGCTTTTCGTTCGAGCCTCCAGAGATAGAGTAGACCTGAAGCCAGGGTGCGCACGCGT,879,54.61,Escherichia coli
SEQ_305657,TCACTCACCGATGAACGAGGTCTCGTTCTGCACTTCATTACTCCGTGGCCGCGCATTCGACGGACCTGAAAAGATCCCTAAGACATATCCGTTACACATCTATCTACGGTAACGCCGAGAAACAAACGAGGGAGCAGGTCGACAGCTGCCACGAGCCACCGGCAGATAACCCGCACTTCATGTCGAACGTCGTCCTTTACCAAATGAAGTTCAGTCCTGGATCATAGATGAGCTGTCCACTGCCATGAACTTTTAATCTGCACAATCCCCTCGACCGGGGGCGCCGCGTTCTTTGCATTAAGGACAATGCGCGCGGAAGCCACTCTACGGGGGGGTAGAGTGGTCCCGCTGTCTAGGACGTTTGAGAGTAACGCGCTTACCATTTCGACGATGGCCCTGCTCCAACCTCGAATGTCTTTCGACAGGGAAGAGGACCCTCTACTCAACACACACAACGAACCCATGGAACGCGCCTACGAACCTCGAACTACAGACGATCGTGACGGCAGCCTGACCTATCTGAGGTGTCACGCCTACTAAGAAATTAGATCGTAAAGCCGCTTCTATTAGGCGCATCCCTAATTGGATAACATCGCAAATTTCAGTGGCACTTACACGGAGAAAATGTATCGACAAAAGTCGAGGTCAAACGTACGTGAAAAAGCTGGATCGGCGTTAGGGAATTTATCAGGTTGGGAAAGAAACTCCCAGTCGTACGCTAAAACCCCAATTCCGGTCCGACCACTGTGGCTTGAAGGTCGTCGTAATCAGACGACACCAGCTTGATGTAGGTATTGTTGATCGACTACGGGGCCTAGCCTGTATGTTATAAACGAAATTATTCCTCGTTACTTCCACAGCTAGATGGAAGACATTGCTCGACGCGAACAGTTTTATGTGAGATGCCATCGGTTCCATAAGCAGCAACGTAGGGGTCCCAGAGTTGTCCTCCCCCCCGATCCTCCCCACTGACGCCCCGTACCCGACCGCCAGGACAGGGGCGATCTTCGCGTAGTGATGCGCCCCCTTGGAGCTTAGGAATCGGTCTGGCGGTTAAAGTCAAAGGAACCGACGGCAATTTCAGGCCAAGCCTTATCACTAAGAGGTATGCTGCCGTATTCCAAAAGCCGCCCAAACTGAAGGGATGGCGTAGAACAATTTAATGTAGACAGCTAAGCCGGCCAGGTCAGCGAGGGCCAGAAAGATTCCTGAAATGGAATGAGTAAACGCTACGGTCATGTCTGTATAAGCAATGCCCACGTTGCTCTCAAGACTTGATGACGGCAAGGCAAACGTAGGCCCATAGTTCAGGTCCTCGGGCGACACCTTACTGCAGAACATCTCGTGTGGCATATATGACTGCTAGCCAGTACCCATCTTTCCCTCTGA,1389,51.76,Arabidopsis thaliana
SEQ_293779,TTGCGGCATGGAGGCTTCAATCCGTATCCATTTTCGCTCTGACTGCCCAATAGAACATTTCGCATCCAACCACCCAAATGCCTTATCGGTCGGTGAGGCTCCCGAATAAGGTCTGGAATGTCTGGCCGCCCATACTGCGCAAGCAGTGAGGACGCGCACCATGTTTAGATCTCGTGTATAACTGATGTCAGCTCAAAAGAAACAGTGAGGCCACCTAGCCATCGGAGTCCTATCAATAAATATCATTACCCCTAGGGCTAGGCGGACGTTTGGCCACGGCAAACCCATATTTTGTGGTGTTAAAGTGAACACGGCCCTCCGGGCTGATGGCCGGATCCCCCCAATGTGAAAATTATGCACCATGACGGTGGAATCCCGGCACACGTTTGAGCCCTAGGATCATTTATTGTCAAAGAGTTGAGCTCGCAATCCGCGCACCCTATTAGAGATTCTGGATCCCGTTCTTGGGGGAGAGGCTAATACAGGTCTACGTGGGCCAGCCATGAAGTGCCGACGCTCACGAATTGCAATCGAGTGTGTCCCCTTCATTATAAGCCACCCGGTGCAGGGTGCGGTAACCGCCCTTGGCCTCCGAATGTGTCTGAACACTAGAGTTCTCCTAACCTATAGGCCCGGCCTCTGGTGCGGTCAGACGGCCATTAAACGACCTGTCTACTAAGCGACATAAGAAGCGACCATCGCATGGTTTACCGAGTAGTTTCACCGCGGCTGACTCTAACAGGGAAATCAAGCCATCTCCGCTAGAAAACACCTATTATACCGTATGAGCCGGAGACGCATAGTACGGGATAGCGATGGGCTACTCGACGATTCAATTTCGGACGTTGTTTCCGAGGACAGACGGGTGAACTGTCACTCAATTTGAGACAAGGTTGCACAGGAGGTCAATCGCTGCCCCCAAACTGCTGATTTAAGGAATCATCAGACTGAGAAGGACTAGGATGACCGCCAGCCATAGCTATCAGAAGTCAGCAACTGCTTAGGCACCCCTGTTTCGCCCGACTTCTCGCAGTTTAGTACAGTATGGCAGATACAAGGTTTATAGTTCAGATGCACCCGCGCAAATGCAACTAATTTGGGAGAAACTTATCTGGATCCTCATAAGAGAATCGGTGGGACAATAGACGGCGGTGCACTGCCAACTGGACCCCGCTAAAAGAGACTGTCGCACGTATGCAGGGTGAAGGATGTATAGTTAGGCGGCGAGAAACTAAATCTTCAATCCGGGGGAGATGTGCGGAACGCAGTATCACGTTAGCTTCCTGGCACATGATCCATAGGAACCTGAGGAGAGATAAAAATCAGGCGGAGCATAATCTCGGGGTTATTATCCCTGCCAGCGAATCAACTCAAAATGGCAGTTTGGGCTTAGGGGTGCGACGAGGTGTATTCTCTAGAATGCAAATGGTTGTTCTCGCTTAGCGCCTACGTAGTGTCCGTATCGTGCGTTGCTCTGTATCCTCCAGGACGGATCTGAGTCAGTACGTGGGTTCCACAGTAGACCGCAGTGGAGCGGGTGGACCACGGCGTTTGCTAACGCAGAGCTTCACGCGCAGTGCTGGAATGGATATAACTGACCTTGACACTCCTAACA,1615,51.46,Caenorhabditis elegans
SEQ_836286,CTTGCTAAATCGTCGATGCACAGGATCTGAAACTTCACCCGCATCGGTAATACCGACGGATTCTGAATGACCAAGTGTGAGTGTGGCTGAGCAGTTAACAATCTAGATTATCACGCCTGCTAAAGCTCCGCCTAATACTCATGACTCTCATGTGAAGTCATGTACAGACCAAGATGTTATAACATCCCGATAAAGCGCTTATCATTTCTGTTGCCATTGGGTAAAATAAACTACAACACACGTATAGACCTGTGCAACCCTCATCGTTCGTACATACATGGGATTGGAGTACACCCTGTGATCGAATGTCCTGCGCGTTCGAGAACCCGATGCGACTGGATTATCGCAACCACCATTTGGAACATGTGACTTAAAATTCCAGGCTATTATTGTTTCGCCCTACATTGAACCTTAGAACACCGGTGGAATTAGTATCCTTTACTCACAGCCAAACATACTCAACTCCCACGTGCCAATCTGAATTTGAAAGGGGAATTCGTTCTTCCTCAAAATGAAGATTATCAACGCAGCGCTTTAGAGTCCATTACGGTCCTCGGTGTATTCCTATCGGCCAACCTTGATCGGGCTGGAAGTGGCTCGGATGTTCATCGGCTGCCGTAGGAACTCTCGAAGCATTTTTATGGACAGGAGTCACCAGGGCGGATCTGGAAGCGCGCTTTCCACACGATCGTACCACTCGCAGTAGCGCTCCGAGTCCTCTTTAGGCCCTACGCGACAGCGGGCCCGGATAATCCCTATAATCCCTTACATTTGGCAATGGTACCAATATCCGACTTGGCGAATGTTAAACGTACGGATTACGTTACCTGATCTCAGGCTTCGGGGCATATGCGAGGCAAATGCTGGGCCCAGGACGTATTAGGGCCACGTCTGGAAATGCAGATTTGTCTGTCATCGGACGATAAATTCTAATAAACGTGATAAAACGAAAGAGCCTGGGTAGCCGTCTAGCAGTTTGAAGTAGCCACTAGGAGGCTACGAACAATTCCAGCAGGCTTCGATAAGTTACAGCCGCGTGCCTTGCGGCACGTCGCCACAAACTCGTAGTATTGATCTTACAGGTGGCCAGCCATCTCGCTGTCCCGCCTGAGCCCAGGTGAGAAGCAACATTAACACATGTGGTCATATTATGGTAGTGACAGCCTACTAAGTGTAGCATTATGAAGTTGACGGTGTTTTTTGCTCATCCTGGCGAGGCGCTCCTAGTAACGGCAGTTATTGGGTCAAATGAGCGCATACTTAGGTTGGGTATTGGCGCCTACGACTCTAAATAGGACGTCCCGGAGGCGGGCCACGCAGTTGAATAATTACTGTGAGCTCTAATATGTGGGTTACCTCCAAGATCGAGTACGAAACGACTTTCCGATTAAGACAGGGCGATGTGCACAGTTTGTGAATCACGTTGCCGCTTCGTCGACACCGATTTAGTAACGATTGGTATGCGTTGCATCAGTGTTGTTGTAGGCCCATTATAAACCGCGTTGGACAGCCTGCTGGTGTGAAGCTGCAATCACCCGTATGTAACGTGATTTGTGATGTCCATTTAATAATTCGGTGTATACCCTGGGACCGGTTTCGACCGGTTGAATCGGTTGTAAAACACGTCAATCTGCTACACTAGTTACTATGGGGCAGTGCGTGTCCACGCGGACACGCTACATCGGATTTTTTGTAATTAGTCTCTCTTACGGTTCGATATTCCACCCAGCCATAAGCGGCGTATATTGAACGACAGCCGTAGTTCCATTTTAGTGTACTAATTACCGCCTATCCACAGTCAATACAGGAAATAATGTAAGTCTTACCCTAATTAACCGCGCTGACATCCGGCCGTTTGAGCTTAGGCCTCTATGGTAAGATCACGGATCGCTATGCAAGACCTAAGCATAGTCGTCCGGTAACTTCTGCACGGAAAGTACGAACTTATAATGCTAGACTCATGTAAAAGCGGGCCT,1976,47.82,Homo sapiens
SEQ_515581,TAGACTATAGTTCAATGGGCCTATATGGTAGACGGCTCCTCTTCTACCCTAAGGCCCTGGTCCTTTTCGACTAGCTCCCATGCTCTTTTCATCCTGGGTATCTATCAGTACTACTGGTTTGACACTAGCCCAAGATCACTTGTAAAAGTGAAAATCTCCCTTCTACGTAGGCCCGTAAATCAGCAGAGGGAAGACCATACCCGTTTTCCTCTTCGTACTCTGGAGGCGTAGAGAAGATTAGGTTAAACCTGTATTGCGTTATTCAGGATCAATGGGCGATTCCCGAGGGACCTTATTACGTTCACAAGACTCCCATCGTCTGCAGCTTAATCTTGCGCCAAGGGACGGGTTTAAGCGTATAGCTCTGAGCCAAATTACCATTGGGGGGCCCTCGTGGCAAGACGACTAAGCTTACGACGACCCCATGGGGAAAAGCGTTAGGAGATGATGTGTCGAAGCCCTACGCCAACCTATTGAACTGCCACGTTGTATACGGTATGGAGGCTTAAGACCACGTCACTTATGGAAAGCGTAAGCGGGAACGGGCTGTCGCTCTGTAGCCGCCGGCCCTTGTTTGCTGGTCGTCAGGGACGTTGCCTAGGTGGGTTCTGGGATCGCTTTTTTTGCGATTCGACGGAAATAACCGCATCGTGTAACCAATTGATAATAACAGACGGACGTCCACACGAGAAGCATTTTCCGCGCGGTATGGATTGAATTACAAAGACTCCAGCTACCTAAATAAGGAGAACGGAAAATGCGGCGGGTGCTTTTCGTCTCGGCAGCCGTAACGGGCCCATAAAGTCTGAATATTCAGATTTATGAGTATGGCGCTACCTCTCAACGCTCCATTAGAGATCACGATTCTGCACACACCTCGAAGGAAGCCAACCATCCCTGTGCTGTATCTTTCCTGCCTCATTGGAACGGGGACTAGCGGCTCTCTTATGGGGATCTTGAACACGAGCAAGTGCTCTGCTAATACGTGTGCGTCGAAACTCTGTTGCATGCGCTAATCCAAAATTAGCTATAGTTTGTCCGCTTATATGCTTCAGGGATTCAGGTCCGAGGGAAAGGCCGCATTCTTTGGCCCGCGCGACATAATCCCCACCCTAAGAGATCAAAAATCACAACCTACACATTTCACCCATGGTCCTCCTTGAAGTTTACCACTGTTTATGAAGCTCGTTGGACACGCGGTCCACAGCAACTTGTCAGAACATATGAAACACACGCCAGACTGGGATACTGATCCCCGCACGATTCGGATGTAGATCGGCTATGTCTTTGTGGGATCAAAAACGGAGAAGTCGTTCTTGCCTAAACGTTATACAGACAGGGTTCTGGAATGAAGTCCCTCCACGAAAGGCCTAGTGA,1377,49.38,Escherichia coli
SEQ_878049,GATACACTTTCAAAAAGTAAGCTCCCCCCCCTAATCAAACTCTCGAGGACGCCCCTGTC,59,50.85,Drosophila melanogaster
SEQ_869311,TGTACTATGTAGACGCGAATTCTTTCCTCAGGCTTCTATACCCTGCACCGTATAGCCCGCGTTCAGTCTGTACTTGAACATGGGTGTTTGGCATACTCTGTTCAACCTATGCATATTATGTACGTCAAAGACGCATGAAAATCGGCGACAGATGCCGTAGCTTGTTTGCGAAAGTCCTGACGATACCCGCCTTTCTTAGATTCTCACCCGCTACATCCATGGTCGTGCAA,230,47.39,Homo sapiens
SEQ_516872,ATCACGTTTGTCAAGCCCATGAAATAGCATGGATCATGCGAGGTGAAGAATGGTGAACTTTACACCGCAGAACAGGATTAAAAGTAGCAGGCATAAGAGTCGTTCTCTAGAGTGCTTAGACTTGGCTAGACGCACATAACGAACACTTGGCGGTGGAGCCGGAGTTTTACTCCATTGCCTTAGAAACCCGTAGTAAGCAATCCTCTAGGGAACTGCACCGGGGTCACTCTCGCCAGTCCCACGGCGGTATGTTATTCGTACTACTACCACCGTTGTTGATGGGGTCATAAACTC,294,48.64,Arabidopsis thaliana
SEQ_200655,GAGGCTGCTCCGGCCGAATAAGTGCCCGAAGCATGCGACTTCCTCTTCGATTTTTTGAAAAGGGAATAGGTGCTGTTTCTTTGGTACTTACTAAGGTAGCAACTTGCTCTTTTAATCTCAATTAATTGGGACGTGCACGGCCCGGCGACGAGAAAGTTGATCACCACATGATACGGCGACCAGCATTTAAACTGAGCACAGAGCCTCCAAATCATTTCGCTAACCGAGGTTAATAAGTAGGATTCTAGGTTGTGCATGCAAGTTGCGGCGTATTATATGCACACGACTGCGAAGTTGTGTGTACTGGTCCCTACTTATCCAAATGTACTCGGAATAGGGGCGTCTCACTGTCTCGCTAGGACTACACCCTACGATTAAAAGGGAAGGAAGCCCGCCAGAGTTATGCATTCTGCACCTCGGCGTTGCCTAATCGAGAATTGATAACCGGCCGTCGAGGTTTTATCTTCACGATTATCTCTACCTCAGCGAGATGCGGTAGCCTTATGAGTGACGCTAGTTTCCAGATACACTTCCCCTCTGTTCTTGCTTGATAGCTGGAGAGAGATGCGATGTTCTCCTGAACGTAGAGAATGCTAGACTAACCCCTTTGTGACTGCCTCAGGCGTCTTCGATGTTGCGTTTGTGATTAGGTCAATAGTGGTACCTGTCATGCAATGTCTACGTTCACCTCGTCGCCGGGACCGTACAGAGGAACAATGACGACAGTTTGGGCGCGGCGGAGCCGATCCGGTGTCTGCTGAGGCTGTAGTTCACTATCATGCTACCAGCTACCCCTTTTAATTTTGTGACGCTCTGAATATTATCAGTCCGTTGCTTTTCTGAGTCCCGTATGGTGTGGACGCGTCAGTTTCATGGGACAAGCGTCGTCGTTTACCTAAGCTTGGTGACAAAGTGGCATACTGTCTTTCGCTAAGGGGGGTCCCTTCTAGCCATTCTCCGACGCCAGACTCTGTTCAGGATACGCGTCAACTTAATACAGCAGGCTGAGAGAAACCGCAACCAAACGAGCGACCGATCGTAGCAAGTAAACACTGCGCGGACAGATAGCTTCCGCGACCCCTGCGAATGTCTGCACCGCGGAATCTAGCTACGCGCCGGAGCTAATGGGTGTCCATTCTGGGACGAGGCCCTCTGACATGTTCAAGTTACTACCGCGATTCCTTGGCACGTCCTTGGGCTCCTCAGATCACGCAGGTCCGGTCAGGAAAAAGCCGCAAAGCCTTCTATTTACCTAACCGCCATAGATTAAAAGCACAGCGATAACCTGATGACGTCTCCGGGGTGTAGCGGAGCTATGCATCCCAGTAACCCCGTTTCTACGCCCCCAATGGCGCTGGAACTGTATAATTGAGTGACTAATAATGTGCAAATCTTTTAAAATCATCCGGGGCGTAATCGCCTACCTATGCTATCATGCATCAAACTTGACGAGGCCACATGAAGGTCCATCTTAGACCGCCCTCAATTCCTAGCGTAGTTTCAACTTGCGTAGGCTCGCAGTCACTAGCGACCGCGGTGGCGTTCCTCTGTGCGAGCGTAGTCTAGGTTATCGGTTGGTCGATGGCGCAAGTTAGGTCCGTCCAGGGGTGACAACCTGTATGCCGACCTCCAGTTCATTCTGTTCCAGCTTAAAGAGATGGATGTTCTAGTTGACAGCACCGGGGTATCTATAAACTACTTCAAGGCACATAGTTAGCGAGCGGAGTTTAATAAGACTTTAGGCAATCT,1749,50.26,Arabidopsis thaliana
SEQ_927193,TTAGATCAGAATCGCCACCAACAAATATATGGTACAACACGCATGTGAGCCGGACCTTTTACTTGAGTAATAGTAAACGCCATCTGTGGGGAGTCAAAGCAGAACAGTTGCTGATGCTGTGATACTATTCCTACGAAACCGTCCAGGCAACTCCCTTC,158,45.57,Mus musculus
SEQ_408552,CGATTGCTGTATGATTGTCCTCTGCGTTAGTGGAGGTTTTTGGCACGACGGCAGTTACGTAAACCCTCTTCAAGGATTGCCCTTGGTGCAACAAGGTGGTGATGCAACAGGCCTTTTTCAATATGAGTTACCTCCAGCGCTACGCTGTTGCGGTTAGCTGGGGCCATGTGCTGGAACCTGTCCGATAAGGCACTACAAGGGTCATTACGATGGTTAGTGGAGTTTTAGTATCAGGTACGTGGGCCAGGCTGGCACTAGCCGGTCCCCGTGTGTGGCGTGGAGTTGTTGCCGCGAGGCGAAGGGCCCTCTGTGTTCAGTTCAGAACTCGGTTGCGACTGGCGTTGCCCCGGCGGCGCGTTCGAGTTCTAAGCCTGTCGATGGTCCCGCCCTCCGAGACCTGCATCACAGTGGCACCATTCATAAAATCACTCATCACTTTAGATGGGCACAACCTTGGCCAAAGCCGTGCCCTGTAAATAAGGCGTTTTTTGATCATAAGTCCAACTGATGGCTATCAGGAGAACAATCAAACGCTAGACGGGCAAGGGCCGATGAGATAAATCGCGTTGAGGATGCGATATCCCTGGTCACGTGTCCCCGCGCAGCGCATCAAGCGTTCCTCACCGATCGGCATGGGACAAGTAACCTTTGACGGGACGAACGTACACCGAAGTTCTTAGGGGCATAGTCTAGGGGGGCAGCCTCCGGGATTCCCACTTCCGAAGTATATTAATGTTGGTTGGATACTTCCGTCAATATAGAGGTTGATAGTCATACGAGTATACGAAATCGTAAAATCCACCGCAGTCGTACGCAGCCCACGCAAAGAGAACTCGTGTGGTCATGGCACACTGCATTCGCCCCTCCAATTATGTCCAGGCGGTTGCCGGAACGGCGGCTACAATTCTCATGTACGCCTTGGTATAGACATGGGTATGAGCGCCAGCCAGCTCACCGGGGTGACAAAAGTCAATCAGACGATAATCTCGGATCCAATTTGCTCCAAACATTCGGCACGTGGGACTGGTCTTCGCGGGTACGCCCAGTAGGGTTCTTGGGCGGTTAAAACTGCAGGGATATAGGCGTCTTCCCCGGTGGACGCACCGCGTGATTTCTGCTACAGTCAAATTCTTGGATTAACTGCAGGTAGAGGCTGATGCTGTTGACCGTCCGTGGACATAGGTTCATCTATTATCCATGATCCTCCTCTCTACCCAAACAATACCATTACCATTCGTAAATTGACTCGGTATCTGACACCGCTGACAGAGCGTTGT,1277,52.55,Caenorhabditis elegans
SEQ_349160,AGTCCTGAGACTCGAGTCGCTCACAATTGGTTCCAATCAGCTAGTTGAATGAGTGCTCCTTCATTCAGAACAGGAGCGAGGCCAGTGTATTTCTTGTGTTTCTAGACTTTCAGAACGCCTGCTTCACTTCAGCGCGATCGGCAGGGACTCAGACTTCCGACGCACTTCATTGTTTAAACACGCAGCCTTAGTACAAACTCAGCCCTGGAGCTCTAAGTGATCAAAGGTTAGCAAATAGATCCCAAATCCGTTTGCGACTCTGAACAACTTCGCCCCTGGCACTGTGCTAGTGACGCCTTCCTCCCACTTTGCGCGTACGTGAGTACGTCTGCTCGGTCGCAGCTATTGAGTGCAGCGGCATTTCTTCATCGCCATCAGATAACCACTTTATTCAAGGTGCACGTTACACCACGGGTACAGTTCAATACCAGCGGTAGCTTACGCTAACCTTCATCTCTTATAGTCGCCCAGACAGTTGTTATAGCACGTCTATGGTCGGGGAACATTGGCTCAACAACATGCGATCAGCCCCGTATACCAATATAAACTTAATTCCCGGTAGGTGGAGGGGGCATTTCGTGTCGATCAACCTTCAGCGTTGGTATCAAGTCGTGAGATGAAGGAACCTTCTTAAGGAGGCATGCGCAACCGCCGAGGCGGGTTTAGAAGTTAACCCTGCTTGTCGTCGACTGGGTGCCGCCGGGGCGTGTGTACCACCAGAGCAGCTTGCCCCCGCCGAAGGCTCGTTGTGAAGTCAGCAAAAGTAAAGATAGGCTTAGCTCTCAAACAACTCTCGCTACGGTATAACGCAAGGTGCATAGAGCAGCTCCCACGTAGTGGCCATCCGTACACGGGTGTCCCAACGATGGCACCGCACTCTAATCATCGTGGATCCGCTACGTGAACTGCTCTCCTTAACCGTTGAGTGGT,930,51.61,Mus musculus
SEQ_921167,AGTTTCCATAGTCAAATACAACTAGCTCGATGCCGCCTGGTTTAACACCAATACCATGACTGGGGCATAGCTCGCAACGTACCCCTAACGTACCCTATCCCTATCTTTTGACAGGAATTTTGGTCTGCACCCGTTAGCCCCAATGCAGTGCCTCTTGTAAAGACTGTCCTTCATACGAGGAGGTTGGCGGGACTTGGCTTCTCGAGTGAATTCCCCTGTTCCTCTCGGCCAGCTAAGACAACAAACCCGGGCTTTGTACTTCTGACAATAGATGTATGCTTCTATCGTACTCCGTAGTCGCGGAGGTAGGACATGTAGTTCTTTGCCCCAACTTCCATTAATGCTTGGGTGTCCTATCAGTTAATGCGCTACACAAGAGAATCAGGTGTCTAGTTACAAGAGCGAATACTTGGGTCAGTCAGGGGCGGAGGTCCCGCTAAATGTCGAAGCCTGAGTTGGGAAACAATCGCGCTAGTCAATACACAATAGTTGTCCTTAATCAGTCATTGTCCCAGACCTTCTTCGTGCTCATCCCACTTATAAGAAGAGCGATTCGTAAACCAGCTCTGTATAGTCAGGGAAAGGGTCGATCCTTTCATTTGGATCCAAACTAAGCAGATGAGTGAAGAGCAGGTTCATTTTCTATCAAGAACTGTGAACGCCCGGCTAAGGTCCCCTTTGCGGAAAGTTCCCACATTATGGTTTGAGGAACCGACCTACATAGGGGCTAGGTACATCGGGATGATATTTGCTTGTTCTTGTTCCAGGGTGTCTAAAGGGTGCAGGCCTTCAGTGAAAAGCGTAGTCAGCAGGGTAACGTGTATGTTTGTGGATCTCTGTATAAGTAACCAACGTGTCACCGCAGTGATCTCAGGCTTATGTCCGGAGGGTCGTACGTGAACGCTATGGCTTTATCCGACGATCCACGGGTCTTTCCTGTTCGAGTATCCGACTGGTGCGCCCACTCAGTCGCCTTTCGAGACTCCTTGATTAGTCAAAAACTGTGAAAAG,1011,48.37,Saccharomyces cerevisiae
SEQ_411462,GTACCATTTCTTCGGGGACTTGATTCTAACCCAAGATGAGCCATGCGAGCGCACTAAAAATCTCAAAATTCGCGCTGGTATCCATGTACACCGGCATTCTTGCCGAAACATACCCCAACATTTGTTTGCCCGAACTACATTACACTAGATCGTAA,155,45.16,Escherichia coli
SEQ_499970,GGATGTTCTATGCGCTTGAAGTCCGGTATGTGCTTTGGTCCCCAGAGAACCGGTACCGCAAGAGGGTAGTGATTTCAGGAGGCCTCTACCTACGGCCGTTCGATTCAATTTCATTTAGACAGGTATCCATTACAGCACCTGGCAGCTGCCTGACCTTGATCAAAATGAGCGCGGACTGACGTACTCGATCTAGAATACGCTCATCAATAACCATTCAGAAGATCCATTACCGCTTACGTCGATCAGGCCCACTGTCCGGCGCAGGGAGGGACGGATGAGCAAGATCGTAAGGGGTCCGCCCCTGCATGTAGGCCTGTGCTCTCACCCGGAACATCATGCCAGAACCCACCTTTCAATTCAGTGGTGTGTGGCGCGGAGGCACCGTCAATTCGCCGTTCTCCAGCCTTATGCGGTGCTCGCTGTCTCCATCACGCTCAGAGGCCAGTCGGAGAACTCCAAGGACACCAGACTACACCCTATGACTGGAGCAGCTTTAATATAACCTGGCCCCTGGGTTTTCTAACGGACTGGTGCGATGAGCTGATCCTCTTCTGATCACTCTCAGCCCCGACTTCAGGGTTAAGATTGACTTTCATAAAAACCATATTCACGCCCGGGTGGGCTGACGGCTCAAACAGCTGTGATCTAATCAGAACACAGTCCAAATGCGAACTCTGGTGAGAAGAAGGAGCGGCCATGCGCTATAAACGAATAATAGATAGAGCGTACCACCATCCTGGGCGTTGCTGCCGGCAATCGATGGCGTAAGTCGTCTAAACTATCCATAGTTTGTATCGTCCCTTGGTCCCTGGCAACGACAGCCGTCATACTAAGAATGGGAGCATTGCGAGGTTTCGAGGATTAGTTGTAAGAATACAAACCAAGATGACGGGTGGTTTGCGGGTTTGTTGTCATACCCAGCAGATGAGCTTTAGACAGACCTCATCGGGTGCAAACGCTCGTGGGCTTTTTACGCTCTCTCCTAAAACATGTGGTGGCACTAAATGCAGCCGCGAATGTACTAGGCTCGTGTGGGCACGGGCGTGACGGCGCAGCACACATCAATATGGTCAAAAGATAAATCAGAGACATTAGTCGTTAAATACCACTTTATGCACATCGCCTCTCGATTTTCTCAGGTCCAAACACGGATGGAGCAAGGGCCAGACTCCCCGCAATAATGTAGGAAGGTGTGTCATAATCAACTCATTGCGTTGGATGAAAACGAAGCAAGTGCCTAAGGCTGCAGGTGAAGAATAATCTGCGCTTATCAGCGAGGGATCTATAGCGCCTAAAGCAGGCTGCCGGTCTCGCTTCGTTTGGAAGGAATGCAGAGCATCTTCCCTAGTATTGAGCAATAAGTGTCGAAAACGTCTCGTACTACTTCCAACGGGCATCCGCTTAAGGCGTTGTATACATAAAGAGAGTTGCAGACTCGCGTGCGAAAATACGGGTCCTTGAGCGCTCAAGATCATTATCCGCGTGGGATGGTGATGGTGCAGCTGATATTAGTGTGTCGCTGAGACTCCCTTTACAGCAACGTTTGCTAGAGCGAGCGTACGTCCCTACTCGTAAACCGGCTTTATTGGGCTTGGCCGCAATGATTTCTACGGGTGCAATAGGGCTCCGTCAAAATGCTACTCTTCTCCGACCCGAATACTACCCGAGTCGCGCACATAGCTTCAAAAACATGATGATCTCATATGTGCCACGCGCATGGTTCATTAACTCTTGCAATTTACAAAGACGAACTCGTCCAGGCCCGCGACATGGGATACAAAGTTATCCCAAACCCGA,1797,50.7,Escherichia coli
SEQ_601582,TGAAACTCACTTTCCGCACGCGGGCCGTATCGAGGAGGGCGCCCCTACTTGAAATACAACGTTCGAATATATTCCAATGCTGGTCAGGGAGCCTGCATGTTAACGGATCTTGGTACACACGGACAATGAGGTCGCTCGGTCAAATCGAACGGAATTTAATGACGACTTACACCTGTGTTGTAACCAGCCAGTGGCGCTCGGGCCTAAAGGCAGGTTTGTGCCATACATCATCCCTGCCAATTATAGAATAGGAACAGAATACGGTTCAAGGGTCTCGGCCCTGTGTAGGGAATCTGATGTGAACCTGGGTCGTCGAGCGAAACCCAAGCTACCCACTCTCCTGCCTCGCACGCAAACTCAAGATGTAGGCAGAGAAGAAACACGGATCAAACGTCAGATGTCCCCGCACCTGGTCCCGAATGGCGGCTTACTGAAAGCTTGCTCTATGCCACCCCATGCCTCTGGGCTAGCCTTTGGCCAGAAGGTATATTGCAGTCCTGAGGCAATAAGTTGTGAGCGATTGTGGCCTAAACATGCGGCCAAGCCGGAGGCCAATAAAGATGCGGCTTGAATATCCGTCTTTGTATTCTTGGCATTGCAAGTATCCCCGTAGGTGAACGGAGAAGGTCGGTACAAGCGTAAGGAAAAAGGCCAACTAAATGTTACATTCCCACCTGGGTAGCCAGTTTGTGTCGACCTACAGAATCGATGGGAAATACCGCCCGTCTCCGTGAAATCCGCAGCCCAATGCTTCATAAGGTAAGCTGCGTTATAGAAATATGTCTCCGATTACCGAGACTGCGCATAGGTTAAGATGCAGGCAAAGCCTGGATAAGAACATCGAGGAAATATGTTGTAAAAGTCATTGCATATTTGTGCAATAGGCATGCGGTTAAACCCTACATCTCTGCTCGTGTGATGAATCTTC,928,49.78,Mus musculus
SEQ_823911,TGGGTGTGTCGCGCGAGAAGTTTTAGAGAGCCACCTCCATAGTGCTCATCGTCCTCGCACACTCGTATACGCGATTCACCTAATTATAGTTTCGCGTAAACGGCCTTCGTATCAGTGCAAATTCATAAGTGCTTCAGGCTGGACCGGGTCGCAGGTGCGGCCTGCGTCCGAAGATACCGTTAGGCGTAGCCATTAAGACTCAAGCTCGCCGATGTTACCAGTTTGTCAAGTGCCCGGCACATCGTGGCTCACCTAGGTCTAGACTGTGTGGTTGTGTATCATCGTGCTCAGTGCTGTCAGCTCCTTGTCTGTTTAACGTGTTCATCATCCGGGCTTGCTATACCGAGCGTCTCTACTTGCATTCAACTGGGGCTTTCGAAAGCTGGAAATTAAACGACAGGTCTGTTTCAGAGTAATTTAATTTTGATTATATAGCGTTTCTAGCATGATGATTGAAAATAAGAACCGATGCATCAGCATCCTCTACCTTGTGCGTGAACGAAGCAAACCCATATACCATGCCAATTCTGTTGAGTAGTCGGCCTCGCATGTGCCGTAGCTGTTAGACCCCTTAGTCAATCTCTATCCTCGACTTTTGGTCTCGGTTACCATGAAAGCTTGATCAAAGAGTGCCTGTTCGCGGGGACTAGAAGTTAGAACACTGTGCATCATTTAAGGCGAGGAACTTGTTCCATTTGTACTCCAACATTGGGATAGCGGCCAACTCCGTGGTCAAGTTCCAAGACGGGGCATTGTCCCTGTTTCAAAGCTCACCCTGACTGCGAGCAACTGGATCCGCGTCATACTGTGATTTAGGGCTCCACCCAAAACTTATAGTTTTAGCCAGGTTTAGGCGTCCTGTGAGCGACCAGCGAGCTCTGTAGTTTACCCAAACTGTGTTAATGGATAGGGTCGACGGATTATCAGCCAAATTTTCAGGTATATGAGGTTCGTTCTAAATCTGTATGCATTAGATGTAAGCTTGTACTGTTATAGGGCGCACCTGCTTTAAGTGAATCTCGAAATGCAGTATTAACCGATGCACTGGTTTCGGCGGGAGTAGGATGCAAAGCCGCACCCTCTGCTCTTTGCGAATGGAGAGCCGACTGGCACGCACTGGATTGCCAATGACACACAGCGGGTCCGTATTGTGAATTGATGCCACCTGCGCGGTGTGAACAGCAACTCACTTCCGTTTGCCACAGGATGTCTTCCCGGACGCGCGTTATGGCCATGGAGAATCTCAACCACTTGTACGAAGCTTTACCTCAATGCGTGGATTTTGCGGCATTTACGCCAAGCACAATTATTAGTATGAAATTGAGTGCTAAGTATCTTTAACCGGAAAGAATTGCGGGCTAATCCCCGCATAAGCAGACGTAGGACCCAGTCTTACCTTAGCGACGGTATCGAATATAATATAAAAGCGACCCTCAGTTAGCTTTGAAATCTTCGCGTACTTATAGTAGACCTCTCCGTTGCATTTTCCGTGCTGGGCGGCGGTCTACTGAATGATCGAGGGGTGCGCCGTCGACACCCTCGAACCAGAGTTGTCAAAAGGT,1562,48.59,Escherichia coli
SEQ_123969,CATGTTGATGAGATCAGAAAACAAACACTACAATAAGCGGAATCGAGGCATCGGAAATAAAGTTTGTCCGAGCACGTGACAACTACAGCGGACTCTGAGTGAGTTTTA,108,42.59,Mus musculus
SEQ_654219,ACAAAAGGCCGCGTTCACTCCGACAATGTTCCTTTTAGCGTTGTTCGAAAACTGTGTATTGTAAGGCCACTCACAAGAATTATCGCACAAGATTAGACAATCCGTCTCGTATGTAGTGCAAGACCATCCAGATACTAGAAATCTGACACTTTGCACTGAAGGTGACTGAGATTTGGTGGGATGGTACCGCCCCGCGCCTGCGGGTTGCTCAAGGCTATTGGAGACCGCGCACGGTGGCTCCTTGGAAAGATAGGCGCGTTCGGGGGTGAATCAGGCAATAGAGACCGTTTCTCGTCAGAAGATATTCATGCCCAGAGCACATTCATCGTCATATCACCAAGGTTCTCGA,349,49.57,Drosophila melanogaster
SEQ_496768,CTAAGTGATAGGGACGGATGGGCACGCCCGCCTGCGGTAATGGTAACAGCCATTTTCGTATAGACGTTAGTCGTCAAGCCATGTAAGATACAGGGGACGGGCGGAGGCACAGAGCACAGGAGGCCGCGATCGCGACTCAGCAGCTCGGTGCGTTTCTGGAACCTCATACCTATCGACCAACCATACAGCTACGTGAAGGACTTCACATGTGGGATTAGGAATCGTCTTCACGCGCGGTATGAGTTTGTAAGCCTCACGGTCACGCGGCGCGGAGACAACGGCCGTCGATATTTAACACCTTGGGGGCAAGACTCACTGACAGAAAAGCTATTCAGATACTTGCTGGGCCACACTCTAACGACACATGCTTATCAAATCTTCTCCGAACGGCGAGCCTTTCACTATTGTGTAGCACGGCATTGTTGCGTATCAGCCGGCGAAATGCGTTTGAGCCTGTCCTCTCGGTAGGTCCGACCTATCATGCCTGGGATAGAAACCCGATCTGGTTACGTCCATAACTAGAAACAAGCCCAGACCGATGCAATCAATGAGACGACTAGGCCCAGCCCCCGTCCCATCAGGCAGTTGAAATCCTGCTGAGTCCGTAATTCAGGAGTCTTTGTGAATATTGTATGACGCTAAAGCGCGGCGTCTCGGGCCTTTAATCACTCCCAATCCTGTCTCGGTCGTAGTCGCGGCTGCTGCGTTGCTTAGACTCGGCAAAATCGTCTAGGATTCCCAGGCCCCAAATTTTGTGTTATATATCTTCAAATATTACCACGCTAGTGAACTTAGGGGTACCCCTAAAAGGCAGTGACGATGATCCAAGCGTTGAGTCTTTCGTAGGCACAGCGGACTAGTAGATTCCCTCACTTAACTTAGCTATCAAGCGGGAATCCGAATCGATTGATCCGCATACTTGACGTCAACATGTGAGATGTCATTGTATGCGGCTGGCGATCGGTACGATTCGGCTATACCTGACAGCAGTGAAAAGCGCCAAAATAGCAAATACACCGCGTTCAATGGTTGT,1033,51.11,Homo sapiens
SEQ_226803,AACCCCGGTAGTAACCTAAACAAATCTGTCTTTGGAGCGCGAGGAATGATTCCAGGAGAGAAGGATATCTTGATGCGCGCAGTTTTAGAAGAGACAAATCACTAGGTTGGTCAGTACGCAGGTACCGAAACCTCTGGTCACCTCATCTTAACTGGGCATATCTAGTTTGCGGATATAACACATCGAGCCATCAAATGGCATCCCGTCCGTGTGCTATAAAGGAAGCAAAAATCCAGGGGTCACACTACACACTAGACCACTCTCGGGTTTCAGGTCTTGAGCGACTTTCTTCACTACTAGCCAGCACTGCCCTCTGGCTCCTTTCGCTGCTCTCTGCTCATGACGCGAGAACCCATTAGTATGAATGAATCCCTGCTTGCGTGTCTCAAAAGGACAGACCACGTTTCAGGCGGGTGTTCGGTTATCGTCGTTCACTGTCGGGAAACCAATACCCCCGACTACACGAGTCAGAGCCACTATAAGACAGACGAGATATCTCTCGATTCATTAAAACGTGACTCTTCTGTGACTGCAAGAAAGGTTACACTGAGCGAGCAATACACACGGATAAAGTTCCGCAGGTAAGTAGCCATTTTGATGTGCCTAGAA,609,48.11,Saccharomyces cerevisiae
SEQ_411251,CGTGAATCGTAGTTCATAGATACATCTCACTGCGATGATCTCATAGCGCACGGTCCCACCGGAAACAATGCGGCTCCCTTGGCGAGTCGACTCGCGACTTATGGTTGGTCCGGGAGCTCTGTTATAGAGAATGTATCCGATGTATAGAGAGCTCGCCCAATCGTACTGCCGGTCGTTGGCGACTAACAACTGTTCTCACGCAATAAGATGTCTTCAAGAATTCAGGTCCCGGCCACTATTTTCTGATAATGATGGAGCCTAACGCGACTGGTACCT,276,50.36,Homo sapiens
SEQ_858593,ATACAACCGAAGATGTGATCCATGATGTCCATGGTCTGTGTGACGCCTAGTGATCTCTTATCATTATTGACGGTATGTTGTCTTTCAGCTGGGTTTTTACGCTGGTAGTGTCAACATACAAAACTAACGGGGTTCCCACTATCGCCTCCGTGGGAGCCAGGTCATAACGGGGACTTATACTACTAACTTCAAGTACTTATACTGACCCGAATTTCAGGCCGCGACGCATAGTCGTGCTTCTTTGCCTAGAATCGACACGGACGCGCGTGGATTGAGAGCGGCGTTCAGATTCCTTCTTGTATGTCTTTTCCCGATGCAGTTGCGTACAGCAATGGGCAGATGGTCAGTGGGACGTAAGACGTTTCCTTGGTAATGATTAAGTCCGTGAACTACTGTAGATCCACGGGGCTATACGGTAGCGTCCGGGGGTCCTAAATGTAACGTAGGGTGGAAACTTACAATGGTGGCCCGTTTGATCACGTGCTGTTCGTTGTATGAGGGACTGCTGAAGCTGTACAAGTCAAAGTCCACGAGAGGTGATGGACGGTAATAGGTATATGTGCGTGCCGTGTGCGCCTCTTTCGGCCAGTCGGTAGCGCAATTCTCACCCCTGAACGGGCTGTGGAAGCTCACCCATCCATATGTATTTTTTCTATCATATAATCTCATGTGATTGAATAGAATATCCGACCGAGCCAGGCGTCACCTTTACTGGCTGAGTATTCAATCTGATCCTCGGTACTACGCGTTGCATTCCCTAATTTTTGGGAGTGGCTTAATTGCAACCGAGGGTTGAAATCAGTGATGTTTTACCGTAATGGATAAGTCGCGGGACCTGTTTCGCCTCTCAAAAAATTTGGGGAGCCAGAGACGCCACTACGTTGGTCGCGTGACGAACACAAAGAACTTCGATCTTGCCTGAGACGAAAGCTTCTCCGTCGGACCTGGACTCTGAATGAACTCTATCGGTCTAATGATTAGTGTAATCGCATGCCAGCATTGTCAACGCGCCTTTTCCACGCCACACTCGTGGTTTTCACTGTAGTAGCCGATCGGTAGTGGGGAAGTGTAGCTTCGTAAACAATATGCTAAACGATCCTGCCACCCGAGGGAAGTGTGTCTTGGT,1126,48.85,Mus musculus
SEQ_869907,CTCAAATTAGACTATACGTAACGCTCCGTGCTGTATAGGAGGTACGGTAATCACTGACATGACGAGCTGGTCTTTAACAACGCTCGCATGGGCAGAAAGCCGCCAATCGAGAAAGTCTCCCTTCACTAATCCTCGTGGGGTCTACCTATAGTCGGATGACGCAAACCAAATAGACCAAACAGTCGTAATTTGAATAAAAGAAAATCCCTACGAAGCGAACACAAAGAGCAAGCACCTTTCCGAGTGGAGACGGCGGTGCTACTAAACTATTTTTTCACCGAGTGTTGTCGCTCGTCTAGTACGCGACATCGCTTCCACTCCGGGGGCAGCAGTCACAGGTCTATGGTTTAGCCACTAGCCAAATGTCGCGCGATTTTTCCTCTGAAATGGGGGGCTTTAATCTGCCGCCAGGTGCTACTGGGACAGTTGTATCAGCAAGTATGACTGTTGACTGGGACTGTACCATCGACATTTCTTTGCTTGACACGGGATGAGTATTGCACAAG,506,48.62,Arabidopsis thaliana
SEQ_937636,ATATTCGCAGTGAGGTTTTACGGTTATCCGTCGAAACCTTGGACGCGGGCTCCGGCTCGTTACTGTACCGTGGTTACAGCCTCAATCCTGCTCTCGAATTACGGGAGGGACAGCAAGTCCCCGTTATAGTGACTGCTCTACCGAC,145,53.79,Caenorhabditis elegans
SEQ_273115,ATTTCTGGGACAAAAGGAGTACTGCACTCCTGGCAGCCTATACTACCCCTTGGAACTGCCGATTTCCACTGTTATACAATTTTCCCCGTCGTGCGTGGGTCACACTACAAATCTTAACAACTTCGGCAATTCCTCCATATAGGTATGACGTCGTCACTTGTACCTACAGGATGTGATGTTGCGTCCACACACACTAAGTCGTAACCGATGGATTCGCTCACTTGCTGCTCTGTATCTGTCTCAATGTTACGCCCGGCATTGGCTCACTACCAGAGTTGTAAGCATGTCC,289,48.1,Escherichia coli
SEQ_904209,AGCTCAATTAAATTCAAGATTGCAACAACAATGCTTAAAGGCTCGGAATGTAGTCAGAACTCAACCCCCAAATTGCTGGGCGGAGTTGTGATTAGAAGCCTTCTGGGGGTCACGGGGTGGACAGACCCTCCACCTCCTCCATTGGGATTATAGACTCATAAGACATCCTGGGACGCTGGACCATCTAGCTCTATGTTTCCTTACCGGCGAGTCGGACCCCCTGCAAG,227,50.66,Saccharomyces cerevisiae
SEQ_305104,GTCATGGAAAGGGGAGCCGGGACGTATTCGTCAGAGCATGGTGTGTTATCCGTCCAGTAAGCTCACTTGGTTACCACTGGACGCCATTCTGTAGACTAACACGACTTTAGACAGATACGGCCCGCTAAGCTAAACCCGCTTGGCCAGCCCTAGGAAGGATCTACGTGGCGTTACTTCCTCCTTTTCACTTTTTCGAATAAGACAAATATCTCCTTATCTACGACTCTTTGGGGTTCGGACAAATTGATTTCAATTGTCTCACTTTACAATGTCAACACTATACGGAGGACTCCAGCCCCGCAGCTATCGTAGACCACTGCAGCAAGAGAGCCAATGCGAGGCTAGGTAACACAGGTCCAAGGATCACGCGCCATTCCCATGGCCTTGCGGCAGACCGTCTTGTAACCGGTCGCGAGCCGCTCGTCCTTTCAAACCTTCATCACAAGACAAGATTTCGCTACTATCGAAATCGCGGGTTGACACGATCCTCATGTAAGCTCATTTTATTAACTGCCTAGCAGCAAGGACAGCCGTTAATTTCCATGTGGCGTTCGTTTCATAGAAGTCTACGGAACGTCACATGCAATGCGACATTACGACATGTACCACCTATGCGGCTTGATTAGTCGACATCGCCTACAAAGCATGCGTTGTCCGCAGACAAACACGACTAGGTCACGTCCGCTGGGGTACGCGGCCGATGCAACCGTCCAGCCTTGTATCGGTTGTTGTCGAGTTTATTTCTTCGCTTGCCGTCAGAAGGTCGTTGTACAGGGTCCGCCTTATATTGGAAGGCGTGATTGCCTCTTCGGTTTCTTTGGGCGGATCTATGAATAAAGCGACATTGACCTAGGCGCTCTGCGGGCATGCTTCGTAGGAATGCACGCGCACGCAGCAGTACTTAACTCTGCTCGGCCATATACCAGAAAACCAGTTGAAAATTTGTGGTGAAATTCTGTCCGCCTGTCCGCTGTACGTGCGATAGCTGTTTCTCTGGAGAGAGTACTATGGACGCCCACCGCCGCGCTTCCTACCCGGCCTACTCCCTCAGGCGTCCCGTGATATCCTGGCTACATGCCACGGTAAAATAGTTGTAGGCCTTCCCTCGTCTACGACGCGCCAGAAGTCTTATGTTGACTGCTGGTCCACATTGAACTGACCACTCCCGGTAGATCCACGAACTTTGATTTCCAATGACCCGCACTTTCAGTCCTGAGAAGGGTCACAATCAGGGCGGTTGTATTGCTGATAGTTGCCGCCGCTCGTCTGATTTGTAGCTGGACTCCGTTTTCATGGA,1297,51.27,Drosophila melanogaster
SEQ_257206,GCCTCTAGGGTGGATTTATTTACTTAGGCGTAGCCGGATACTGAACTACGGAGACTTCGCTTCCTGAAGATACAGACACCAAGGCTATTGCGGGCTGTATCACTCTGGAAAGTTGTCTTTGCAGAATCGCTATATCGAGACTGGGAATGAATTCCCCCGATCTCTGGCATTGCACGAACCGAATCGGGGTCCTTGCGGATCCGCGGGTGGGGTCATTTAACTCTGCCAGCTAATGCAAACTCGATGAGGAGCTGATTTTGACTTAGAATATTTCCACGATTCATACGCGATGCGCTGCCATCGCTAAGCTGCGACGAATTGACGTTGTCCGATGCGGTAGGCCGGTCCACCCTAAGGCAAACTCACTATCCTGGCACAGTCCAGCAAACATTGGTTTGATT,401,50.37,Homo sapiens
SEQ_177768,AGCGGGGACCTCCAAGTCGTAACGCAGATCGGGACAGCTGCTTCGTCTAGAGCGTAAAGCTCTACCACGATAAGATTCTGGGCTTTAAGGTGCGCGAATCGGGCCAAGCACTCTGAGACAGAACCGCGATATTCATGACGCGCGTGGCAATTGAGTGTGGTGAACGGGCGGAAGCGTAATAACTGTCGTTTAAACTTACTCCTTTTCGGTGTATTCCTACCTGTCTGTTCCATCACTTCGACTACTGATTGGCTCACTTTATGCGCCTTATCGTAGCTGTATTCTGGCTGACGTAACGGTTTCCCTTTTTGCTTGTAAAGTCGGTCGAAGACCAGAAATGCACTCGCATTCGGGCGCACCGGGCAAGTAAGCCTTACATAGCTCAGTGCTGACAGTCGGTGATACGGAAGTTTACCCCGAATCTGAATACATGGCAATGATGTGATAAGCTATCGATCAAATTTCAGCATGGCTGAGCCGAGTTACGGGCATAGCAATGCTAGCAACCGCTCCCTCTACTACTCGTTCCTGAGCGGATCTACCGATACTTTCACATCTCCACTAGGGTGCCCGCGAGAAGCGCCAAACCGGGAACCGGTCCTCGTGCCGCCAGTAAAGTGGTGGTCTTGACAAATATGGGTCGACAAACGCGATCTGCCCAGTAAACTACTCACTAGATGAGGGAGTACTCTGACTTGTGGCGCTTAGCATACGGCTTTAGCTAACCGGGTGAAAGCCCTGGGCAAACCAAAGCCATTAGGTCAGTGGCCTAAGTCCACGGCGACCCTAAGCTACCGTGGAGAAGCCGGGGGGCCTCGAGTCGATTCTATTTGCGACTCGAAACACACTTTTAACGAAAATAACTGGTCATTTTCTCTTCTGAACGCGGAGTACGTGAATCGCTGCCCGATAAAATGCACTGGACTCGACCGGTCCCCTGAGGAAACGCTCTAGACCTTCACGGGGC,967,51.81,Homo sapiens
SEQ_463167,GGTCTTTGGGGAGATATGAACACGCCCGTACAACTACTTGAGCAATGCGAAGGCGACGACATGACACCTGTTCCGGCACATAAGTAAGTCAAACTTTCGGTAAGAACTCCGACTCAACCAAGAGCATTAAACGGAGGCTCACTACCGTTTACGCTCAGTGGATCCGGCAGAACCGGGAATGACGGATAAGATTCACAATTCAAAAGGTAACACCTGTGGCCGGGATAAGGCGAGTGACGCCACATCCCTAGTACGGGTAGGGACAACACTCAAACTAAGATGTCTAAACTCAGATTGTTGCATTTTGCCGCTCGAGATACTGGGGGCTGTGTTCACACAATCTTGGACTCTTCACTCAGTAGACCTCATTGCACCTCATGCAGCTCCGCTACCAGTGCGATTGTTCCAGATTACTACGCGCGTCTTATCACACCCGACCTGTTAATCCGTGGCAAGCATGG,461,50.11,Mus musculus
SEQ_554638,TATTATTCAGGGCACATGTACCCCCCCGGTCGTTAAGTTGCCCAACCACGTGAACCGCCCCCTAGGAGTTTTTCGATTACCTCTAAGTACGCTGTTTGGAGTTGGTATGTCCTATACAACGCCTTAACTGGAAGCATCACTTCAGGCTCACCACCCCTGCGATCGATGGTCGTGCACCATGTAAAACGGTCGTTTGAAGCCATCACCCCGGGGGAGCGTATTTATCATCCCCCTAGGCTGCGTAGATAGCTCACGTAGCGCCCTGGCGCGAAGAGCCGCCCATGAGACTGCGCCTACAGGTCCTAGCCGTTGCCGTTAATTGCATTCTGCCACTGATACTCCGGCCGTGATTAGCAGGGTCACTCCGGAGGCACGATCAGCATAGAGACCGGCGTGAGCGTTGGTTGACCAATGCTTGTCGCTTTGATCGGCTTAGTAGGGGGAACGCTTTAGACATACCACGAGCACTCATGGGTGTCGACAATGCGCTTTCATTCATCCAAGTGCATCCGAGATCCTTTCACTCCCGTACCTTCATACTAATCGGCAGAGCCAATTTTGACCAAGTATTACTTGAGCTTGTCGAGATGTGCGCGACTCCTCGGCCGACGGAAATCAGAGCTGGATAAGCGAGGTCAGGCTGCGGCCTACCGCAACAATTTTTTGAGATCCTGCCTCGCGGTCTCTATCCGGAAAAACGAGCTCGTCATGAAACGATTGTACGAATGTTGCTCTGAGCTAAATGAATCTATGCGGTAGAGTTATTTGACTTCAAGCTGTCCACTTCCGTGGAAACGGAATACATAACCTTCTTATAAAGTGCAACGACATGCCTATTCAAGTAGCAATCTTTAACACTACGATCTCAAACACCGTGAACAATCTAGTGAATCGGCGCGGACGGATTGCCTCCCCGAGGCCGCCATCTCCCTCATGAGTGGTGATGTTAACCAAGTCATTCTCGTAGGGCGACCTAGCCTCCGTAGGTGAACGGGTCGTAGAGGCGAAGCGAAAACCAAAAAATTCATTTTGAATGGCGTCAAATTCACGGACACTGTTTTACAGTTCTTGGCTCTGCTGTTTAGAATGTGTCAGTGTTCAAGGTCGTAGTTATATTGCTTCGGGCTTCTACGTGGATTATCTAGAGATAATGTACACCGGGTTACTATGTGCTACTAGACGTCGGGATACCCCGAGGGGGTCAAGGAATTTTGTTTCGAGCATTCAAGGGCGATTAGCAACCTATCTCTCTGACAAATTTCCAAGGTTTCTTTGGGATGGTGCGACACACTACAGGCTGTCGTCTGGCCCTTCTATTGCGACGATGTGACAGCTGCCCTACTTAAGACCGGGTCTTCACTGTGACTTGGCGACGTCTGGAGTTCGAAATGTGTTGCGGATGCGTAATGATGGCCGGACTTGTGTCTTAGCCCCTGTGGACCGGCCTCAGTTCCGCACCGCGCGGGCTTTTGGACTCGCGTCGGAGATAAGACGTTCAGACGCCTTCCTGGGGATGGAGCTCCGGAGACAGCCGCAATGCGTGTGCATTAACACCAGGGTACGGCGGGCAGATCAGTGCCGAGAACATGAGACCGTGGATGCTGGAGACAGGCGACGGGGGCCGGGACAGCGGAGATTGATGTTCTATTCGACACGTGGGTAATTCATCAGGCTGCTTTGTTGCCGTTGCCAGGGTGAATGACACCGGCGAAAAGCCCTGATTCAGCCTTTAGCCTCAGCGGTGCTGAGTATATTGATGGATTCTACGACCAACGCAACATATCTGGCAGGGAATCTATGAAACAAAACCGCATTCAATGTGTTGTGTGATCTGCTTGTGTAGTGGGGCACCTGTGCCTATTACTATCATTATTCCGCGGAGTGCTAACAAACATGCCAG,1900,51.53,Mus musculus
SEQ_546333,TAGTAAAGGGGACACCACGGTTTGATCTACGAAGGGATGTCGCGTATATAGAATAATGCCTCCATTGCGGATCTAGCTACGACTGTCCCAGGTGATACACGATCTACGTCTTCCTGGGGGTAAGGGAGTTTA,132,48.48,Drosophila melanogaster
SEQ_992413,GACATTGGGGGTAACCACGGCGCGTGTCGGCCACCCGGCACTTTGGGTTAGTCAAACTTTAGTTGGCAGAAGGTCAGTCACGGTTATCACGAGTAATCATGCCGGAACATAGGGCCGCGGTTAAACTTGGAGAGAGACTGTGGATCGCGGTCTATATGTCTCCCCTGGCTCATTAGTCCCTAATCACTCGACTGCCCAAGTGGACAAGCGATAAATGAGTTCATTCTAACCTGTACTTAGCGGGGATCGTTGCTTGCCGGTAGTTTGCATGGGCGCTTAGCGCGGTCACAGATAGGCAACGCAGGTGCGCAATCCCCGTGCTACACCAACAAGCGAGTGCTGGCTAAAGCAAAATAAGGTGGCCCGCTCAGATCGAGACCCTTCATGTCTTCTCAGACTTGAAATGTA,408,52.7,Escherichia coli
SEQ_114297,TTCATGACACGATCCCGCGTCAGGCTTCAGATGCGCCAAAATCGGTCTATGGGATCACCAGGGCCTTACACAATGCGTTTATGAGGTGTACGAGAGAAGTCGTCCTCACTCACAGTGACCAAAAACTGCTTTAATATGATGGCAGACCGCATCCCTCGTCGCCGGCACTGTTGTACAAACAGTTTCCACATAAACCGATGGGTCTAGAGTGCCTGAGTGGTGTATCAGCCTCGGTACAAGTTCTTCAGGCAACTTCCCACTTCGCTAGGGGCCGTGCCTATCCTACGGTTAGCGATCAGGGAGAGTCCCTTTAGGCGTCCGCAATGTTTGGCGGAGACAGGGTAGTCACGACGGTAATACGCGATCAGCCCTCGGGAGCATCTGCGAGAACGCGTTTACCACTTTCTAAAATAGTGTTTCGGTCTTGGAGGTTATTTTCTTGGTGGGCCAGCGGTTGGGATGATCGCTATCTTGCCTAACGAATCGCAGCTCAGAGCCAGTGCGCGGGTTTGTGGAACTGCCGCTATGTAATAAAAATAGATATGGGTCATGCGTCATCGAGCCTCGGATTCCA,574,51.92,Escherichia coli
SEQ_608533,AACGGGTAAGCCTCTCGATCTGTCCGCCTGCGCAAAGGGTATGACGGTCCAGAGGACCTCAATAGTTCTTCCTTTCGATCATAATCTATCAAGGAATATGAATAATCGTGGACGTGAGATCACCGGGGTAATGATGAGACAGTATGCTCCATGACGTCAAACCCGGATACTGAGCTTGGGATAAACCCCGGCACGTAAATATACACAGTCTCTGTCCCCGCGAAGTGAAATCACTCTAGGCGATCCTTGTTAGGAACGACACCGTCCATGTAGCTGCACTGCTAGTTTCGG,291,49.48,Drosophila melanogaster
SEQ_982610,TGCACAATGATCACGGCACTCATGGCGGAGCTGCTATTTGGTACCAGTGCTAATACTACTGGTAAGCTACCCAAGCCAACTAATATCTAAAGAAGTTTCGACAAACACACCAAAGACGCTCGTGATAAGCTCGTTCAATATTAATCCTGTGGTCTTAAGGAGTTTACTGATTGGTGGGTAGCTCACAGTGAAAATCCACTCCTTCTAAACTCTAACTTATCGCACTTTTAAGTGCCCTAAATAATTCCTGTTTTGCCCTAAGAGCCACGACAGAATTTCATTATACCAACCACCTCGGTCGTTGCAGTCGGTACCCTACCGGTAGGACAAGACCTAGCGAGCAGTGCAGGGCGTGCGTCGGCCTTCAGGCATAAATGGCTGCATGAACGCGTATAAGAGCATTATACTGCTTAATGCGAGGTGTTGGATCTACCATTGCGCGAAGGCATATCCCCTGCTACCGGTGAGCGATGAGTAAAATAGCGTGAGAAGTGAGAAAGTCTGTTGCAGAGGGGTTCTTCTTTCACGGCGAATGGTTTGCAGATACAGTTGGTCCAGCATACTCAGACATATGTCAATCTGGGAGACATGGATTATGATTAGTAAAGCGACCTTTATTGTTCAATGGTGTTTGCCCCCATCTGGGAGGCCGGGACAGCCCTTTGCGATGTTACCCGATGTTTCTAGCGTGTCTGGCATCGTTGACAGCAGCTTGGGCTTTCTATCAGAGAGCTAACATCTTGCGTGAGTACTACTCCGCCGGTACCTACGGACCCTGGAGCACCGATCCTCCGCGGAATTCGTCCCAACATGGTAATTCAGGGGAAGTCAAAGATGAAGATACGGGTGTAGAGACGATGCAAACAAACCACGCCAGTCGGAGACCCTTGTGATTATACTACTTGTGAGCGCTCCAGGGTTGCACTCAAGAAACTCTCAAGTATGTAATGTCATGGAGGGCACATGACGCGGGCATATCGGCCCCAATAAGAGCGTTCAACCCCACCTCGATCTGGGATGGGAGATATATACCTAGGCTCGGGGTTCATGAACAGTAAGATGACGTCATTCGTCTTTATTCATAGCGAATAGCGTTAGCCAGGAGTGTGGTCTCCCTTGGCGTTATTCCACGGGTTGATTGACCATATCACGCAACGTAGCGGCCTCTCACTTCTACCAGACCCTACATTAAAGAATCGCACTACTGTTCCCGGACACGGGGATGTAAGACATACCAGAGAAGGTCCAGAGACAAGTGATCATAGGGCGTTCGTTGAAGCGCCTCCATTTCTGCGCGCCACTCTAATCCAACGAAACGGCTCACGTTTCTAAAGATTATCGGGGCCAACCCATGGAGTTAATACGATAGTGCACGGTCCGCCAGCTCAGGCGTGCATAT,1399,49.11,Mus musculus
SEQ_614484,CCCTGGCAATTAAGCGTCCACCACCGAGGGTTTTTGATCCGTAATGATGGTTTGTCACAATCTACAATAACGTACCGTCACTATTATGTGACTGCCAGACAAGCTGGCTTCCAGCGTAAAGATGATACAAGTCGGCTCTGCTCATGCGAGTGGGATCAGCCATCGTTAGAGATCTTGTCGGAATCTAGGGTGCTGACGATGACAAGGAAAGGAAGGTGAATAGGGGATATCACGTTAATGAGGTAGTAAGCGGCAGCCCATCCCCCTTAATTGTGGTGGAACCCAGGAAAACACTCTGCTGCTGAATCTGAGCAGTAATGGTTCGTGCGGATCCACACGGGGTTAATATAAGTGGCTCTGCCAGATGAAGCCTAAAGTGCGCGTTTGCACGGGGCAAAGGAGTCATGGGCAGTTCGGTGACGTGTTATCTGACATGATTCGGAACCGCGAATCTCCCAGCACAAAAGGAATGCCTTCTTATTGTGATTCAAAATAGCCCTACGTCAATTCCACCCATACCGTCCAACTACGTACGAGATTATTGAGTGTGAAGTATCCTCCATGAAAGATATTTACCTATGAGGCGTTATTGCTCCTCGCGAGCAGTTAGGGAATCGACTGAAGATCAAGTGAGATTCGTTTACTGTTCGGGACGCGAAAGGTCATGCCCGACAGGGAGGCAGAAACTAGAGTCTCTGTATGTTGCGGATGGTAGCAAAACTATCTCCAACAGCGCTCTAACGAGTCCACTTTATATCCATCAGCACGAATGATCCTTGGGCGTAATTTTTATAGTCAGGTCAGAAGCACCCAACCGCTGTATCATCTCAGGAGATGATCACTATGACCTAGAATATTAACGATAGTTGAGCCTCGGCCTCTTGAGCACAGAGGAGCATGGTGTCGACCCGATGCGAAGGTCTGGATTGAAAGATGGATTCGCGGTACACAAAAATAGACAATTCTGCTCGTCGTTTCAGCACAGCTCGCTCAGGAACTTGACGTATGGTTTAGTAAGCGGAACTTTAGACGCTAATTAGGGACCGATTCTCGGGCTGTCAACAGGGAGGCCGTCAACTATCCACGAACTTCAGCAGTACGCAAACTTCCTGAACTTTCCATCATACCAGTGGAGATCAGACAACCAGTATAGGGTGCCGGCCAAGCGACTTGACCTTGGCAACGTTGGATAGGTTCATTTTGATGCTCTAACCTCTATTAACAAAAGCGGATCATAACGCGTCGGAAATTCACAGAGGAAATTGGTGTGGTTCAGTCATCGATAATCGGTAAGCGGGGATCTCATAAGAGCTCCATGCGAGACGGGGCAGAATTTGGGGATACTGCGGTTTGCACGCGGCTCTTTTGACCAACCAACTCCCAGCTCTTTTGAGTTCTCCCGGTTGGTCGCAATCTGTGATACACCAGTCTGGTCTGAACTGAGACGCATACTTCAACAGCGGGCATTTCCACGCAGCGTCATAACCGGTGTTCACTACTTACAGAGTAGTACGGTCGGTCTCCCATGACTAAGAAGACTCTAATAGTAACCCGCTTGGCCCCCGCACGATCAAGAACGCCAATCTACCCCGATTACGCCA,1601,48.78,Caenorhabditis elegans
SEQ_331964,TTGCCGCCGGGTAACAGAACCCTCTTATAGAGTACGACCGTTGACCGAAGAATGGATACTCCGAAGCAAACAACTGCCGCTAGATCTCAGTTGCCGGTAAATACTGTCTTCGGACTTAAGCCATGGATGATAAAGTGTTTCATAAGCACACCATTACCAGCCTTGTCGTCCTGGGAGGCGCAGTCAGTGCACTTATCATGTTTCTTTCTGCTTATGGTAGGAGTAGGTTGAGTAATATCATTATTCTTAGAATGTCGATCGGTACTTGACTTTCCAAAGGAATGAGCATAAATAATAGGTTAGTAACTCCCGCGTAGTTGAATAGATATCGCTCTCGGATGCCGATCACACACTCAGACTCCTTAGTGATTTGCTATACGAGGACTGTTATAGCTAGTCGACCCAAATCAGCAACTATACGGGAGCAGTTTCCGGCGCAGCCGCCGACACTTTTACTCTGTGTGAAGGTTACCTAAAGGGGAAACCGCTCCACACCGAACCCTCTGTCTGGTCTTTGTCCGCTACCGAACCCCCGAGATGCAACCCGATGACGGACGGGTTTATATAGCTGGTCAACACTTATGTGTCTTCTGGCTCCGTGCGATGGTGAGCTGTATTATCCTCTTAATAAAGGTGATGGTCGGTTGCACCAATGTACGATTTCCCGCCATGAGGCTGTGACCTCTCGAGACGTACCATGCCGGATGGAAAAAGTCTGCAGCCATGAAGGGTGTCGCTTAATCAGACTTGCGCTACGTTCGATACCCCGAAGACTGTCAGCTGTATCTGACATCTTATCCGTGTATCAGATCTGTAGTAGGATGGCCCCTATTAATAAAAATGTTGACTTCCAAACCCTGTGCTCCTAGGCCGAGTGAATCCACAGGGAAAACTACCGCCCTTGGCGAATTTTACATCGATTGACAGTGTAACTGACTGAGAAGTCTTAACCCTTTAAAAACCACGAGGGTTGCTAGAGCTAGTGAAGCCTCCGTGATCCCACTGAGAGGATTGTGGCGCCCTTGCTGGTGGAGTCGGTCATTACTCCGTGAGCAAAGACGATCCTCGGCCAGTAAGACGCGCCGAGCTAATCAGGACGTGCAAGTGTCATTAGGCCAAGCACCGTCCGTGGGAGACAGTCAGCTAAGCTAGGTCGTGCCCCAGTAGGTAGCCGAGATCGTATTTCATCTTTGGAAGTTGAAGTCAGTTGCCCCAACGGGACTTGCAGTGACGGTGTGTAGAGGCTTTCTACCATTGTGAATATTTGCTGAGGGATCCGGATAAGGGCAGGTAGTTCTATACCATTACATTCGCGCCAAAGGATATGTCGGGCTACTGTGGGAGTCAAGGGAACGAATTAACTAAGGGCGCCTGGACCTGGTCAGTTTAACACACCACATGAAAGCTAACTAGACCCTCATGGTTTTGTTATCCAACCGTCCCCGAGCGCTGGCGAGCGCTCCTACACCACAGTCAACACCACGCCACGGCTCACGAGCGCATGGGACGCCTGTATCACTATATGATAAAAGATACTAGGACGTTCGCAAGGAAGGTACCCCCGTTTTCATCAGCTTGAAGAACGTCCCATGATCCTAAATTATGGACAACCAAGTGTGCGCTCTGTTGTCTCACTAACCTACTGTTGGGAAATCAACGATCC,1663,49.37,Drosophila melanogaster
SEQ_666010,ATACGCGTAAGCTCCAAGACCCGGAAGACAGGGCCTAACGGGTACAGGCGGACTAGCTTGGGAATGGTCCCCAACTGTCCTCAATTTCACCGGCGATCAGAAATTAATACCACGAGGCGAGTCCAAGCCCGAACAATAAAGCGTCCAAGTCCTGATCCACGGTCGCCATCCCTTTTGCCTTTTCAAAGAATTACCATTAAGACCCAACTTGTACCTGCTTTTGGTATACGATTGAGCCCTACTGCTAGCATTCGGATACAACGTCCGGCATGTCTTTCCTAGAGAACTACGAATACCTCAGCTAGGAGGGTGCGAGTTCAAGGGCTCATACCCTGTAGAGCAGAGACCCAAATTCTTACTAGAGGCGGTGCAATTGGCTCGTACGTCTGGCCCCTGCCTGCCTGAACGGTAGATTATGATTTAGAGCATTTTAGTCTGACCCTATCTGCGCAGGGACTAGCATACGCGTGAGCCGGGACAGCGTCTATGGTCTTAAATGAGGGGACGCTGATGTCGCCCAGGTCTGGCGCCTCGTCTAGAGACCGATAGCCCGATAGCTGATAGGGGCACTCCCTGATAGGGAAGTGGGACTGAGGTATCCGGGAAGATAAACAAAGCCGTCTCGATAGGCCCGGGTATTTTCTCCTAGAAACGCCCAATGAATGCCGAGTGGATGCCCTAAATAACGCGGCTACCCGCAGATCAGTATGAAGTACCAAATTATGTACGCTGTCGACGATGGCCGAATTAATATTAGCATGGGCCGACGTGAGAGGCGTGTACGTTGGAGATATTGTTAGTCGCATCTTCAGTTTGAACTTGGCTTGGTTTTCCGATCCGCGCTCTAATGGATTTCTTCTCCATCCCCAAATAATATACAGACCTTGCTGGGCTAGGATTGTCTCTAAAGGTCTTGAGCCATCCGCACTGCCAATATATTCCGCCAGGCTCGACTAACTAGACCAGAAGTTCTCCGACAAGAACCCCCATCATACCTGGACAAATTATAATTGGCAATCCCTCGTACAGAAATCAGCCATTACTCCCGGGATTTCAGAGCTCGCAAGTCAGGTTCGATGTTCTAGACGCATTGCGGCGTACGTCCAGCTGTACTTTGATGTAATCCCTTTATAACCCTCTCTCTTTTATATACAATCAATATATTCTGTGTCCACTGCAAGTATGCGTTCACCGTTCATATTAACCAGCCGCTTGAGAATCCTTTTAGACAGGGTATGAAGAGACATAGGGGACACGCGCTTTGCAGGCCGTCTTTGGGTGAAAATCTATCATCAGAAGACACATGGGTCACTTGTTGGTCCAAGGATCCCTTTTGCGAAGCAGTTCAGAGAACACACCTGTGGCTGAAATAATTTCGGCTCTAAGACCGACAAATCGGAGGTCCCAGTTGTATGCCGAAAGAAACATGGACCCTCGGTTTCTTTGGGGTCTGCCGCCTTCCTGGTCATAACGAGCCTGACTCGTTACGTTCCGTCGATCGACGCCGGACGGGGCACCTGGCCCAAAGAGTCTGACGCTAATAGTCACTGAATCGATCCCACAATCATAAATCCAGCGCGCACACACGTCTTAAGTAGGCCGTAAGAGTCCCGTGCTAACACTGGATATCGTGCCTACTGCTGCCCTATAAAGCTCCAGCCGTGATCGCGAGCCTAAATATCGATCACGGGTATCATAAAGCATGAATACGACACGGGCTCGTATAAAGCAAGTAGCCGGAGCGAATACCCATCGTAGACAGAACACGCCCGACCTTCTGCGGCCCATAAGACACCAATCCCTTTGATACACCGGGACGCGTTCACTTCGGGCCTAAGGGTATCA,1845,50.3,Caenorhabditis elegans
SEQ_605247,TGAACTCTCACGTCAACCCGGCAGATAACTCCATGTGATCATGTATGCCAAAACCGTGTACTTCCTTCAATGCGCATGTTCGAGACCATTCTCTTCTATCGTCCGAATAGCTCGCCGCGATAGGTATGATCGCCGCTTGCATTCTGCAGACTCACGGATTCGCTTCATTCGGT,173,49.71,Saccharomyces cerevisiae
SEQ_798071,AACACCCCATTTGGTATGCTTGGAATTCTGGGCCATCCAACGACCCTGGCATAATAACCGCTCTGTGATACTTTCTTGAGTCCCTTATGAAATCTTCTTATTAATTTCCAAAATGCTTTTC,121,40.5,Caenorhabditis elegans
SEQ_717513,TGTACACTGTTATGATGCGCAGCCACAGTTAATTAGTATCACATCAGACGCAGTGCAATCAGTACCGTGTAGGGGTGATCTCG,83,46.99,Escherichia coli
SEQ_466188,AGAGATGTCAAACAGGAACTCTGAAGTATTCAGGGAATACGAGTCAACAGTCTTACCGGGGGTTCGTCTCCTACCTACGAATGGAGATGTTCCGACGACTTTTTAGCCTCCGGTTAGTGACCAGTGATTTCGTTCAGGCTCCCCACCGGTGCACGTCAACCGCTTATTATACTTGGTTTGATGGAATATCATGTGCCTGCGTTCAGACGGTCCGGAGCTCAGATAAGTTCCGCTCGTTGTGCAAACCAATCACGAGGCGTGAACTGAATGCCAGTTCGACGTCGCAGGTTATTCGCGATATCGCTGGTCTTAGTCGAATGATACCAGTACACCAAGACGAAGGCCGCTAGAGTACAACGACTTAAAACCGAGAGTTGCTGTGTCAATTCATCCATCTAGCCTCCCGTCTAGAGACCCGTCTTCACATACGATTAGAACTCGAAGCTGGCCAAAACAGCCCAAAAAACTCATTACTAGAGATGTGTAGAGGCCGAGCTCGTCGGTTCGTTTAGGTGTTAAGCCTTGCATGCGGTTAGGTACGCACAAACCGGATGATCTCATGCCGCGGACTAACCTACACTAGGTTATCTCAATTATGGTGCGACATCTTCCATGCCACAAAAGCTAGGATAACGCTCACTTCACCGACTACCACGCGGGTGTGCTTGCCCAAATTGTTCGCTCCCGTGGCAAAATCCGAGAGAGACACACTGGTAGTTCCGGGATTTCGGAGGCGAGGTGTAAACTGCCATGATAGCGGCGCTTCCATACTCGGCGTTATCGATCGGCTTATGTCGCGGCGCTCATTT,809,50.43,Arabidopsis thaliana
SEQ_328988,TACGCATTACGTCTAGACCGAGATACGGCGATACCGTGTTTCCCCCTCTCGAACCTAAGTCACAACCTACTGATAGGGCGGGTTAGTAATGCTAAACTTAATCTAACTAAATCCAGAACGGCCGTTTAGCTGTTTGCTGTGTAATGGCGATTGCTAGGAGCGCGCACGAAAAGTCCTACCTCTTATCGTCACTAAGTCTACACCTTTGTTACTCAGTACCTGTTTGCCTTCCCGCTTTGTTACTCCCCGCGATCTCCATTCCATCGAATTGTGTAAGTTAATCAGGCTGGACCGAGTTTCCCAACTTGAAATTCTACTTTTAACCTTCACCGGCTCGTTCACGGCTGCATGTGAGACGGCAAACTAGCCTGGCCTACCACTGAACTGGTAAGTGCGACTTCAAATTGACTTGTCACATCTCCTCAGACGTTCCAGAAAACCGTGTTTCGGACCCGCGTATTTTGTGAATGAGCTGATCCCCAACCGAATTCAGGCTTGTGTACCCAAAATAGTGTGGGCCTCGCGAGTGGACTGATTATGCCAGCCATTTCTCTTTGAAGAGTTTCGAACAGCCTCCTTTCTAAAATTTTACTAGTCAGTCACACTGGAAGCACATTTTGTGAAAGGAGCTCCGTTAAGTAGATCGACGATAGTCTTTAGCACTAGAACGCAGGATCTATAGCAGTGGTTCGCCGGTTATGCTAAGCTGGAGTGTATAAGTGGACTGTTATGTAGTAGGGGTGAGCTTTGCTTACGGTCTAAATGTCACTGTTGCTTTAGCGCCGCGGCCTCAGACTGGCATGCGTCTCTGACGAGCAACATCCGTTCATGGGTTCTGGGACAAGGAAGGGAGTTTGCGTCTCCAACCTCCGTTATTTATCCCAGCAGGGGGCCTGTTCGGACTACAAGAATTTCGTCAAGATCACCCTATTCGGATACCTTATGTAAATGACGCCAAGGGCGAAAAGCGCAGCTAGGGG,980,48.27,Arabidopsis thaliana
SEQ_273342,GGACGCAATCCCGCGAAGTGGATTTAAAGCTAATACGAAGGGTCCCCCGGCTCCAGTGCGCTCACTCCTGGGTAGGTCACGGAACGCGGTCGGGCTCAGGTAACATCCGTCTGTTTCGGGCAGTCTTGACGTTGGGATTCGTTCGATGTTCCTTCAAAGGACAACTGATCTCTGAGGCGACGAAACTCTCCCTCGCAATTCTGAAGGAAGTGTGAAGTCATCCAACTGCTCGAGGCATTTCCGTTTTTCCTACCCAAACAGCCTACAAGAAGTCATGAATGACCACGACTACCGTTATGTGGTAGGCCACTCGTTGGTTCGCATTGATTCTCGACCTATACTGAGGATTGGACGGTCGCTAAGCGGTAACTCGCGTATCTCTCCCCACATGTCGCCGACGTTACAACATGTTTGCTCTAGATCCTGGAACTCGCAGACCATATTCCTGTGACATAATTTGATTACCACTGGATCTACGATTAGATAAAACCAGTCAGATCAACTCAGGTGGGGAACTCGTCACAGTGTATCTCACCGTAGTTCTGCACACCCTAGTACAGAGGTGCCCCGTAAATCCGGCAGGCAGTTCGGTGCTCCGTCGTTTCCCCTGACAAAGCTGTCACTACATAGAG,632,51.27,Saccharomyces cerevisiae
SEQ_934838,ATCGAGGCCCCCTGCTAGTCAATCCTGCGCGGTGCCTAGCAAGTACTCCGTGCAAGCGTCCAAGTCGCGCCACCCACCAAGGTGCCTGCCACATACTTGCCAACCTGAATCCACAGCACCACGACGAGGCCTACTAGGTTTAGGCTTCATTGAGGGGGGCAGCAAGATTATCTCTGAGCCCTTTATTCGCCTAGATTGGAATTCTTATTAAGGATTCTCTCCTGGACTCCCTCACGAGTTCGTCTAAACGGAGATGCGGGGCTCCGCTTCCCTTCGAAAGGAACGACGCTGTGTTGTGCTCCAATGGCCTTTCCAGTCATAGTGAACTTAATTCTTAAACTTTCGACCGGCATAAACTTTTCCTTGAGGTAACTTCCACTGAATGTCGACCACGCGGAACTGATATCCAACTGCTGCGAAAGAAGATATTATGGGATCACAGCGGCTAGGACTGGAGTGTTTGCATATTAATTCATGTCATTCGACTTAGATACTTAGGGTCACCATCTTAATGAGAATGAAAGCGTATACTAAAAGCATATAAAATGGCAGTCATACGCGATGTATTCGGCGCATATAACAGAACCAGGCAGGCGTTACCCGTTCGCGAGAGGAAAGTCTATCCATAGACAACAATCGGCAAGTCCCGTCTAGGTTGGACGTTCTTACTCTACAAGCCCTGAATTATTGGCTTTTGTAATCCTGCTCGGTTATCCACGACTCAGTCTGTGAAGCGAAATCGCTCAAAAAATTCCTCACTGCTTGTAGGGACTGCGACATTAAATCTCCATTGACCAAA,799,47.81,Escherichia coli
SEQ_964622,ACCATCACAGCTATGTACTCAACTAGCGCAAAGACATAATAGGCTACGGGGCCTATAGTAGTTTTCAATCCATCACCCAACAAGTGATCAGTGGTCTGCTTTTCGCGTTACGGTCGTGGTCCCAGCAAGGCCACGCGGGAACTTAACAAGATAAGCTACTCACAGATACGATGTTCAATTTGGGGTTTTCGAGGACAGATTCAGAGCAACACTGTTAGATGAGAACAAGGCGCTTTCGTGCCGCCATCGTGACACAAGTTTTTTGTAGGACTCATATTTCCCCCTCTAACCTTTTGGTTGACAGTATGGGCTTAGGAGCACGCTCGCCATATCCTGCTATAACGGGCTTAAAGGTAGTAACTTTCGAGCGGTGAGGATATCGCGAGGAAGTTGTTTTACATTGAGGCGGTAACGGAAGGCTACTACCGATAACAACGGTAACCTGTGGGTTGGTCGGCG,459,48.15,Homo sapiens
SEQ_722080,CGCAGCGCTATGCATACGTAACGCGCTGTTATGTTCGCATTGCGTAACTGTCATGCCCACTTTGGCCTGCTAGCGATTAAGGAGCTATACCGATGGACCTCACCGGTCCCGTTTGTCGACTACGTAAGGTGATCTAGCCAGTAAGATATTGTGCTGTATGAATTTGTTGACTGGTCGCGCTGGAGGCGAGAACAAAGGCCGGCGTTTCCCCCACCGTCCCCCGCAGTGTAGATGGGAACGAGTAATATGATCCCGCCGCAAGGGCCAGCGGAACTGTACTCTCAACAGTATTGGCGCGTAGTTACTTAGTTTTTATCCGGTTGATAGAACGTACCCTATATCAAACCCGAAGCGCGAACCACGCTAGCGCAATATACGGGCGTGGGTCCGCCAGACGCAGCGCAGAAAAGGATGGACTACTCAAAGTTACGTTGGGTTGATTTTAATACAATACACGACGCCCAGCCGCAGCCAAAACCTTTGCAAAAGGATGGGAGCTGCGCGTCTTGTAAGCAAAGCGGCACGTTGGCGGGCGCTGGACTACGAGGGCTCAAGTATAGTCGCTCCGCAGTCGTGTTGGCCTATAGTGCCTGTAATTCTGGGAGCAGACTAGGCGGAAGAATCCCTTGAACTCCGGGCGCCGGAGTGTCCTTGTAGCGTCGGAAAAACCGGTACACACCCCGGTTCGATAATCCTTCCGCTCTACGAGATCGCATGACCGCGCCTGATTATAATCCCCAGTGGACACCGGCCCTCGCGGGCGTGATGCTTGCCCCGTGCCAGACTCCTCGAATTTAAGGCATTGCCGTCGGAAAGTGGGCGTCTTTGGATAGTATCGCTGTAGCGTTCCGGCCCATGGCGCTACTGACCCCATTTCAGAATAAGAGTTTCCACATCCTACCGCTTCCCAACTCATGGCGATGAGCACGACCAATAATGATGGAACCAAGGGGTGAATCCCCTGTTTCGAGTAGCGTACGCCTTACGATCACTAGGTCCTTATGCATTTGGTGAGTTCTGGTATTAGCTCGGTGAAGCGTGCCAGACATCGGCAACGGGCCTCCCAGGTAGGTGATGTCAGCCGTTCGATCTGGTGGCGAACTCTGCGCGTCTGTACCGGGCGGGATATCCAGTTTTGACAGGCGGAAATGCCTACGGATGACTAAAATGTTACCACAGTGATGTTAAGGAGGCAGACAGGCGCCTCTACGGGGCTGGAGTACGAAAATGTCGCGTCCGTGGAATTCGCAACCAGTGTCAGTAAAATGGGCGACGTGAGATTATCCATATAAGTGGAGTATAACGGGTATAGGTCGTATTCTCCTGCAAGCGATATGGCCGGGTAGAAAACGTCTTTCTGTCCTATTCATGACTGACGCCACATGTCGGATGAACTGATTGTCGTATGGCGGGCAACTGACGAGGGTGGGCCGCAAGGTCGACGATTTTGGTGGTCCTAGTTGGGTGCACGTTATGGTTCTAAGATCTTCGCCCAACAAGACTATGGTGAAAAGTATCGAATTTACCGCCCCGACCCTTAAGAGGGGTATGGCTCTCTTAATGCAGGCTGACCTAAACTACTGGCTGCAGAGTTTTTAAACAACGCCCCATTGTGGGAAGGATGACCTAAGGGACAGTACACACAGTTCCACGTCGGCCTGTCCTTATTAGTTTATAAGTTCCTATGCGCCATGGGAACGCCGTGCGTCGCTAGTATGGGACGGGAACTAGTTACGTTAGTATACCGGTGAAGATATCCGTTACCCGTCTATCATGAGGGTGAGTGAACGTACACTGGA,1799,52.75,Saccharomyces cerevisiae
SEQ_268367,CTAGCCCTGTGAGCTAAAGTGCGGAACCGGACATACTGTTTTGGGATTCTTGTGGACAACTCAATGCTAATGATAATAATTTGTATGCAAAGGGACCTTCGAATGCGCTGCTAGAGCTAAGTCCTGGTTAGGCTGTTGGGCGTGCCCCAGGAGGTATATGGACATATATTGTGATGTGATGAGTAGGCACGGTAAGGGAACAAGCTTTGCTCTAAGCTTGGAGAGTACATATATTTCGATCGGGTAGTGTGGAAACAATATGCCATATTACAGGGGTGAACGATTATGTTGCCATAGGTATCTGCCGTAGCTGCACCAGGATTAGACCTTATGAACGCGACGAAGAACGCAGGTTCTACCTTTAGTTATTCCCTTCTTCTGTGCGGACTTAAACACTTCGCGGTTTAATCTCAAGAAGCAGTAAAAGGTGTCGGCGCGAATCTGCTGATCTTTATTCTAAGGAGCCAGACGAATCCTTGAGGCGAGGAAGGAACGTAGACAGGTCAACTTTGACCTGCGTATGTTAATTAAGGATTTGCACCCGCTAGTCTTGCAGAGGGACGAGGTACGACGATACTACTGCACTCCTAACTCCGACGGCCCAGTCAGGGGCGGCTTGCGCAGTTTGAACGACCTCGCCAGACTGTTTCCTGATACGACTCGCATAGTTTTCCGCCTCGTCACGAGGCAGGGGTAATAATGTGCCTGTTTTGCCGGTAGCTTTATTGCTGTAGGGAGCCGTGACGTGGGAAGCCCGAAGTTGAGCACTCCGAACTCACCAAAGTTGGAGCAAGCTTTGGCTCAGTGGATATGGCGAGGCTTCTGATGTTCCGAAGGATGGAACGGTCGATCTTTTTTATGAAAATCGAGCAACGGGTAGAACCATATGGGACCATGATGACGTCGGGCCATTGGGCGCAAGCCACGGTAAATATCGAGATGGTGGAATTTGCCGTTGTGTGCTCCAGGGTATAAATACTAACAATACACTTCCCGGTGTCATTACGTGTGGATAGGTGATACGGCGGCGGTTATCTGACTCGAGGGTCTGCGCGCCGAAATCATCTCACACCGGGCGTATAGGAAGGGCGTGGCCACTGTCGACACTTTAGACTTTTGCACTCCGCGTTATGAATCTATAAATCGATGTAAAAAAACCCCCGTACTACTGACTGCGTTGTAGGTAGCTCACCGCGTTAACGAGGCCGTTTGGGCTGGTGTCCTGGTGACCCAGTTGCATCCATATTAAGAAGGGCCTGTGGGCGTTTGTAACCAGGCGCACCTAGTTACCGGGTCACCCCGAAACGCTGCGGTTGGGCGAACGGTTAGCTTCTCTAGTTCCGTTGAGCTCAGGCACGTCGGTCCAGCCCCGTACATTATTATAAATCATGTACCCTTGAGTCGTTCTCGGGTACGGGCACCCTTGTGTACCTATTTGACCGGATTTACTGTGCCTCTAAGCTCTCAAAGTCGATCTAGACTCAATATGAACAGGCGTGCTTATGTTCTTGCGGGCCCACCGTCAGCCAACTTAAAAGTGTCTTGGCCCCTTATAAGCTAGCGGCCCCAAAGTGAGCTGCATGGTTCACCGATTCCTCGGCCCCGTGAGTTGTTCTATCTAACTGACTGCACCCTACCATGTAGCAATTTCCACTAGTTCGACTCCAATGATCAGTTACTACCGGTCCGTCAATGCGCTAGTCAAACTCTTGTGCGTACAGAGAATGCTTGTGTCTGCCGCTGATAACAATTCGGAGGGGAGACTACACAATGCCTCCCACGAAAGATGGAAGTGCTTTTCATGTTTTGAGTCACATCTATCCTATCCGGCCAGCACCTGCATAACACGAGCCCGCCAGTGAGTAAAGGGAGCACATAGGGGCTAGCCAAGGAAGATGTTATCCGATACGGATAAACAGTCCGCTACCACAAG,1933,50.18,Saccharomyces cerevisiae
SEQ_127453,ACGTTCAATTCTCATATAGCGGGGCCGACTCGCCTTGGTGCCGGGGATGGTGGCACTGAGTTGTGTCCGGGTGTTCGTTGAAGATTCTATGGATGGTCACGTCCATACGAGCTACAGCGTTTAGGTTTTAATCCAAGTGTACCTATATAATATTTTCACCCTCACAGGCTCTAAGGTC,178,48.88,Mus musculus
SEQ_854835,TTGCCTCCGTCTTTTATCTCTTTTGTCATCTTGGTGTGTAATTACTTGTCTCTATGCTTATGATTTACGGGTGATGCGAATAATGGGTCGAGTGACCGGAAATTTCACAAGCTTGGATAAGCACAGCGAGTTACGTGACGCGCTCGGGATTACGGGAGCGCGTACGCATTTGTCAGTCGCTGCAACTGGGCCCCATAGGAATAATCAGGGCTCACAGTGCGTACGCTGGTTGTGCATGGTTGGTTCAACGTTTTGCGTAATTGAAGAGCACATCATATACAGTTCCCGAAACGAGCATCCATTTGCGCAATGCCAGACTGTTCCTGTAATTTGCGTATCTTTTTCGCTACGTGGCGACTGAGTCGACGTTAGTTTAGGCTGCCAAACATTGCCGATGAAAGTTAGCACGAATCTGGAAAGTAGGGTCTAGTCAGGGTGTTCCTCTTCAATGTGAGTCTTACGTGGGTTGGCCATTGGCAAGCTGTCGTCACCCTCCTAAGGACATATGTTGCCAGCCGCCTCATAAGTGAAGTGTGTGGCTATAGGATGAGGAGCGCATCTCATGGTCACGACTAGTTGCGTGTATCGTTATCCCGCTTTACGGGCCGGCAGATGCCCAATGAATACATTGGGACTGGAGTACACCTCGGTCCGTCGCCCGGGCAAGCATCTGCGTATGAGCGTACTACATGTACAGAACTTGGGCTAAGAGAGTATGACCCAGTTTGCACGGCAAATGACCGGTTATGCGTATGGGTAACCATGCCGCATGCGACGTGAATGAAGCGTCTATCTCCTGATAACAGGTCTTTATCAGTACTGTTCGAATCCGTGTATGCATCCTTTTTCAGCCGTCCATATGTGCTGTCAGGAATGTTCCCAGTCAGTCCTCGCTGTAGATACCACGCCTTATCGCGCAGCCCACTAAGTTCGCCGACGAGCTTTATGCCCGAGCAACACTGATTAAGCCCGCGTGAAACAAAATGTTCATGTTAGAGAAATACTGTGAGCTGCGTCTGATCAGCTAATATTGGAGCCGGACGCAATTCCGAAACCATTGTCGCGACAGCGGGCGAAAACGTGCGCCCTGGTAGGGTTATGCTGCTGCAATCTGCACCGCGCAACGCCATTGAGCTTTTTCCGACTTGTGTTGATAGGAGCACGATGTGACAGGAGCTTGCACGCGGCCCAGCAAAAAGGGAAGGTTCGCTGTCTGTCAAGCCCTGGTGAACGGGGGCCCCCAGTCGACTTTGGCGAGATCGGTATGGATGCACAGGTAAGTATTAAAGCAAGGAACACCAAAACAGAACCTGTCAATGATCACATCTAAGACTTTGACGGATGGCAGAACTTGCTTTGGAACCGTACCTAGTTGAATTAACGGGCTAACCCCTCTATGCTAAAAGGGATAGCATTCATCATCCATCAATACATTGAACGTGCTACGCAATCGGATTGATGACTTCGGAGCATAGGCGAAATTACTTTGTCTAATCTAACCGTTATCAAGCGTGAACAGTGCATGGATTTACCATTCTCTGTAAGGAGTTGGGTCACGGTCAACTCCGGCTGAGCGATGCTGCTGGCAAAACCATGAGAGGAGGAACAGCTTTCTATCAACGTGAATGACCCAGCGATAAACTGAGGAAACATCACACTATATTGCTACTCGGCAGATCTCTACTTAAATAACCGTCTCCCGGACTGCCTGTTGCTTAATCACCACCGCATGCGTATACGTAAATGAGTTCGTAACCGGCGTATAAGTAATTATGAACTCCCTAGTACTGTGCATAACTCATGTGCAATAATACGCTTTGGCA,1823,48.88,Mus musculus
SEQ_513580,GCAGAAATTGCCTTTTTAAGCGACAATTGGGACCTGTTACTATTGCCTGGGTATCGCCGCTAAAGGTTAACACCACTCGTGTTTGAGTGGGATGCCCCCCAGTGCCTCATGCACCTTAACTTGTCAGAAGGTCCGTAACTTCGCGGCTCTCAGGATTTCTAACCTGAGTAAAGGTTCTTAGCTAAGCCCGAACAAACAAAACCGGTCTTCAAGGCTTGGAGATAATACGAGGCCCGTTAGCGATACGCCATACGGCGTAAATTCAGTGTTATTCATGTCATCGGAACAGAAAGTTGTCTAACCGCTAGTATATGCACCGAGGACTCTTTCTAGCAAGTTTCTTAATCCGACGCTTCTGAGCCTACGGCTATAGCCGAAAATCAAGCTACGTGTTACTGGTTAACTGTTTACGCCTGTCGACTTCCTGGGAAAGGTATCCTGTTGAGCAGTCCCCTAGGGTGGTCTGTAGACGCTCTACTAGGAACTGGATCTGGTGACTTGCTACTTTTTCGCGGGCAATCCTTCCTCCCTATCTTATTCAGAAATGTTTTCGCGGATGATTTGGGAGCTAGGACTGTCCTGGTTACGCGTGGAATAACGCATTTGTCCAGATTAAATCCATGCCGCCAGTTTGATAAAATAAAGACCTGGGGTCTAAAAAGGATAAAAGTTGCTGATGGTTCGTTAGCACTGAGGATGAGAGGGCTCCCAACCGTCCGGGGCAAGCTCGCCTCTGTGAAAAATTGTTAAGCACACCGCCCATCCCTCCCGGTTTCTGTCCACTCGT,787,48.28,Caenorhabditis elegans
SEQ_977095,CCACTTGCAGCAACATGAACAAACCGGGACTGTCGTTACGTTCGAGCCGGTGTGTCTCCGGGCTGTACCGAGATTAAAACGGGCATCCGGCGAGCTGTGGATATGGTTTGTCCTTCCGACTAGCGAGACGCGAGCAACTCTGAGCCCATCTAGAACGTCTGTGCGAACTTGTCGGGGTTAAAAATTAAAGAGGTACAAGTTGGACGCAATGTTTCTAGCCGCCGTGAAAGTTACTGCATCGGATAACTGATCGACTACTCCACTCCTCAAAAGAAGTAGCACCGGTCTTTATGAACCACCAAAGAATCTGGCATGCTGAGACTCGCGGATGCTGGTAATGATAGACAACCTGACTACGACGATGTAGGTCGGAGTATCTGGTGTCAGCCACTACTTATTCAACGGCTCGATGCGTTTGAGGGACGATATCTGATCCGCCGACTACAGCTCTGTGGTCTAGCTGAGTTACACCTGCGGATGGCGACGACGCCGCAAGACAGGAAATTCCCGCAGGCTAGCCATTGCCAAGTCGATGTCGGTGGAGTCGCGGGTGCCAAGCTGGACGACCTGCTAATGAAGATAATACTTGTACCAGTCACTTCGGTTTAATTCGTTCGGAACCACCGTTTGCTCTTCCCCAGGTCATGTGTGGTGCGAGAATCATAAAGCACAAACGGTTCAGGTTCGCGTTTATGCCGCCTTACTGTCCAGATCTATTATAACCATAGGACTCTCGTATAAGAGCATCTAGCATGCGGCTTCCGTGACGTGCCATACCCAGTGAAGGCCCTATTTTAGCGCTACCTATAACCCGATATATGAACTACCCAGCTGATTTGTCAGAACCCTCCTTATCGGTCAATCTGAACCATGATGGTGTCGATCGTTCCGCCGGGTATAGGTGCACTCGTATTTCATGTCGCACAGGTCGGTCTTATTTTCTATTTATTTTATATACTTACGCTAACAGGGGACCAAGTACTAAACTAAAAGACATAGTATTGCGTAGGCTAGGAATTTTTGCCGGGAGATCTTGTTGTTCGTGCTAAACTTAATAGTTTCAACGTGCGCTTACAGTCTTTCAGGTCTAGCTCCTTGGGGGGTTAACTGAGGAAGTTCTTAAAATCATAGTTTGGGCCTGCGGGTGTCGAGAGCATAGCTTTGGGTTGTATATATTTACCTATAAGAGCATAGCACCTAACATTTCAAGGCACTCACTGATTCTCAAGGAATAGCGCGCGAGTGGTCCTTAAGGGAGGTGTTCCATACAGAAGCTGGCAAGGGCTACGGTCGGGCGTAGGCCACAGGCGTAGGGGCCAACTTAATTAACGGATACTGCAGGTGTGCTCACATGATACCTGTCGCAACGTTTGAGCCAAATTACTGAACTTTACCATTAAGCTTCCAGGGCGGATGGCCCCCTTTGCGTCCCAGTCCCTATAATATGTTATTCGGAGATATCATCTCCCAGAATTATCGAAGTGGATACAGCATAGCCATATTTTCTCGAAGACCTAAAGTCCGTTGGTGGCGAGGTGGCCTACAACCGTGATTCAGGTTG,1561,48.75,Escherichia coli
SEQ_320576,ATCTGACCCGCACCGATTCGGTTATAACGCCGGATCTAGGTAAGGGTTGCACCGGCAGCAACCGTCGTCGACGCGACTGACCGATAATATCGCAGAAAAGATAGACTGTCTGTTTAGAGACCAAACCGGTGTACCGGTTAAGCTGCTAGTTCCTAGATGGGGGTCTGGAACCCATTAGTGTGCATTCGCAGTGACCGTGAAGTGGCACAGTTAAAGCACCCGCTGACCGTTGAGAAACCTCACTGATAAAACATGAACCACCACCCCGGGGGGAGGTAGAGACTTCCCGCGACCTCATGAGCTTATTTAGCCACATAAATTGCCTAGATTAGAGTCCAAGGGGCGATTCTGAATACTTTGGCATTCACGGCGCAAATTAAGTTACATTCTGGTACGGGGACCACTTGCCCTGCTCGTGCTAAGCACCAGTCGCACGCATTATTGCTGGCAATGTCTGCCCGGATCGGATTGATACAAATAAAAGAATCACGTCCGGTTTGGATGGGAAGGGGCACATGTAATGAATAATAGTTTCAACCACCATTACGTTCCGAGAGGTAAGCGGTGTGCAGTTAGCTGCGTCGTTAGTTGAGTGGCTCATTTGACGGCGAGTTCATCGTTCTACGTCATTGGTCAATATGTTCTAGGCCAAATCTAGAACGTGCCGTGAGAGACCATCGACGCCCTGTGCCGTGTCCTCCATAAATCTGCTCATGGCTATGCTTGCCGTAGGCCCCTACTGATCCAGGAGAAGACGCGGCGTGTAATTCGCAGCGCGGAACTGTTCCATAAAATGTTTAAGTAGCTAGCGGGCAACAGTAGAAACGACCTAAGGCGCAGCTCGGATATTCAGCTGAACTTACTTTTAAGAAAGTCGCTATGACCCGGCTCGTCAAAGCCCTGGTGGACCGTTGAAGGGCTATCCCTATGCCTATACCCACAGTGCGTCGGATTATATCAACCGCAGGCGTAGGGCAAGCATTCTTCAAATGCCATTAATATGCGGTGGCGTTCACCTTTACCTAGGAGAAGGATGCGCTGCAGATCCCCGGAAACAATTCGATGACTTACTGTCCGCCGAAATGACCATGCTCCACTTCCACGCTTGGACGCAGGGGGTTCCCAATGTCCGGAGCGGGGCCGTATAATCGGACGTTTTGGTTGCCTGCTTAGTCTCGCCAAAGTTTCGGGGTAAATTTGACAAGTCACTTGTTGGACGGAAGGCGGGAGCAATGTTCCCTACGTAACAGTGTTGTTCATTATTTAGGATCTTGTATAATAGCTGTCGGAGAGATAGACGGTTCACACAATCAAAACTACCTGCGCAGTCGTATGGGCAGGAAGCATTTTGCCGAGTCAATAGCCTGCAACCCGCTGACTGCTGAAATTGCAAGGTGAGAGCGAGAGTGGGCTTCGGATGTAAAGGCCACGCACTATGGCTAGTGGGCTTTCCCAATCTTACAAACTTAGTATCTACTGGGAGTTGTCCCTATACAGCAGCCTGGCACCAAGGACTGATCGGACATAGATTAGCCCATGGTCCAATTTAATGGGGATCAACGTTCGTGAGGATAGGGGTCTTCCCCTATTCAAGTTTAAAAGTTATATGACCTTTTCTCGATACCGCGCTGTGGAATTATTGACTTCCCGCGCTTTACTTCGTAACTCTATCTTATCGAACAGTGCCAGCCTCTTCGTCGCCAAGATAGCTTAACTCGTCACTTTTCCCGGATAACTCTTGCTAAGCACTAGGTAGGGTGTCGTTTCGAGTCAAGGCGTGAACACACTCGTACGCTTATATTTGAATGCAGAGTTCTACTATCCCCGTACGCACGTCTAGTTTCTCCCACATGTTGGGCATTTTCGTCCTATTCGGATGCCGCCTAAGGACGAATGACCCATACGACTGTCTTATTGCCTAACATACACAAGTGCTACAATACCCTTGCAATCCCAATCGTTAAACGCGCGTCACAAA,1978,49.54,Caenorhabditis elegans
SEQ_305582,GATCAAATTCGTACCTTTTTCGACATCTTAGTTTGGAGACTGGACGATGTAATTACAGGGATGTCTCGGATCACAGATGACCTGTGGGCAGGACAGGCTAACCAGCCGAAGCAGAGCCATCAAAGCCTAAGTATAACGAAACCCGCTCTGCACTGGACGCCACGATGACGTGAACCCTACTTCAACTCAGATAATCGTTCAAGAGTCGAAGTAAAACTGTATCGTGACCCATTAAGTAAGCTCTATCTGCTCTTACTCACACGGTCTGAACCACTCCGAGTTTCCCCGCGTTCCCCCATGTGCGGTTGCAGACACGGTGAC,321,49.53,Homo sapiens
SEQ_169922,ATCACGCACGCGAACGCGCTCTTGGAAACGTAAAAAGTGCCGACAGACCCGAGCGTGGGTACCGATCCCAGCGACACCCATCTCTATGTCCCGGCCACGTAGGGGTCACTAGTCGTTGAAACGGTTAGGTACCTCCGCACTAATACACTTATCGACTCCCGGGGGATAATTATGACTTTTGGGCGCTTTTCTCCACGTTGAATAGAATAGAGAATCATTAGTTTTTCAGCTCCTCATGGCCCGAGCATATTGCGGATATTCTGTGATAGGAATAGGGGTCATCTAAGTACCCTGATTATTATCGCTCGTCCCTGCTGAATTATTCCTACTCAAAGCTCACCCCTGATCGCATGCTCTTGCGCTTGTTCCCGTAGATCTAAGGCGTCAATTCTATAGGGCCACGTTCTATTCTAAGAATCATAAATGCTCATGCCTCGATTATTCCACTGCCGCAGGTGTGGACGGTGCTCACCGCGACGCATTATGAGGTATATTGCGAGTCGCACGTATATACATCTAAAGGCATGAGCGTAACCGGCATCCGTCAGACACGATACACGCCACCATGTGCCTTGTTGGCTGCCAGCCGTAAAATACAGTTCAGGAGGATCAGTAGCAGATGCAGAACAGAGGGCCCTAAAAACACACAAGCGGTTTCTTCTAGTATGGCTGTCTGTGTATGCGTAACCACCTGAACCTCGGACCATGTCCACTGTGAATTTGGTAAAAAAAGGGGTCCGGGTAGGACTCTAAAGGGTCCCATGTCCAGTAAGGCATACTAATATTGTGCGCTAATCTCAACCGCAACTAGGGCGCTGGGCCGTGCTCGGCGGTACTTGGCGCCTTGCTTGTCGATTAGTGCAAGGAAAATATACCAGCTCGAGTGACATCCAACCCTTGTCGAGCATTTTGGACCTTAGACAAATGCTTAAA,933,49.52,Saccharomyces cerevisiae
SEQ_916599,GCAGGGTAATGTGGCTATTGCAAACTATTTTCGGTTATGCGCAGTGTCCAATGAATTACCTGAGGTGGTGGGGAGCGTCCGGCCACAGGTAAATCGAGGGCTGTATTAGCCTGGGCCGAATTTGTAGCATAGAGCGATGTTGTATTGTATAGTCCTGCGCGCATAGGGGCGAGGGCTGACAGCAGTGCGCCCTTCTCAGTTAGGCCGTGCGGCTTGACTACAGAACGTCCAGGAGGGAAGCCTGAGCCACGTATCTGGACGTTTGTGGAGCGGGCAAACGGGTCATATACGTCTCCATGTCTCCTAGACTACGTCTAAGTAGGTGTGCTGTGATAATGCTAGATATCTTCCGGCGAAGTTCGCTTGGCTGAGTATAGTTGCTGGTACTCGTTTTACGGTTCACATACGACTGAGGGTGGGCGCTGGAGCCCGTCGAAAAGCTTTTATGAAAGCGGAGTCAAGTCCCATCGATAGAGACCTGAACGCCTTCTGGTAGGTACTCAGGTTCAAATGCTGGGTGACACAGAACAAATGTGACGTTAATTTTAATAGCTACGAAATAGGTAACTTCCGGAGGTACTAAATTCTGACAGTCGCTGCCGGTGGGCGCTCCCCGAGCCATCCATTTGCAATCTAGTGAAAACGGTTCAATGTACCATTGGCAACGTGTAACGCGCAAGCGGTTGTAATAGTTACTTTGCGCATTAGCGAATGTCAAGGATCGTTACGCAATATTAAACCAACTTCTGTAAGCGTTCGCCCGAGCGACTTACGCGTTCCCCCATATCGCACATGCCGCATTTACTAGGGTTCTGTTACCCACGGGCTGGTCATTCATGCCGGGTTACTAATCAGGTGTCTTTAGGGAGTACGGACGAGGTCATGAGAAGGTTTTACAAACTTCTAAACAGTAACGGTACCAAATCACGAGGTTGCTTAGATTGATGCGAGCGATTTGAACAGTCTCTAACCAAATATTGCGCTGGAACCAACTGGCCGATACGAACGTGTACAAAGTAGTGGCTCGCAGAAACGAATCCCAAAGATGAGTTTCTAACGGACTTGCTACAGTCGTGCGTTGGTATGTTTACCCAAGTAGTTTGGCGTTTCAGGAACACGAAACGTCGCAGTCGTTGAACTGTCATTACCTAACCCCGCGAAACGGGCTAAGACACAGTAATCGATCCTTAAACTTGACCCTAATCCCTTCGGTCTTAAAGTATTCACGTTTCGCTGATCGTAGAGATACCTAAAGCGTGGTCAAAGCAGCTGATAGGGGCTCAGGGGCGTGATCCTGAATACTGCCTAACGGCTTCCGTAAAATGAGTTGGGAAGTCTTTGACTTGCGTTCACGTTCACATTCGGAGATTAAGATAGTCACTTTCGCAGTCAGCGTGATGTGTCATAAATATTAAGGGCCGAGGCGTCGTCAATTCACTGTGGATTTTATAAGACCCAGCCTTGATACCCCAAAACGTCTTACCAGACCTTCCATCTCGGCTTTAGTTTGCTATCGCCTTAGATGGTGCCGACAATGGCTCCGTGAGTGCGGAGCGTG,1558,48.97,Mus musculus
SEQ_174524,TATACGGGACGTTCGCATACCCTAGCTTCCAGAGTCTAGTTGAGGGACTGTGCCCCCCGATAAGACTTGCGGCTTCATGCGTGCGCAGATATTTTGAGAATGGTCTTAACCCTATAAGTCCGGTGAATCATAGAATGAGTCGTGGAACTACCTACGGAGTGCACCAGGAGGTCCAATCACTGTTACGCACCATGGAGGGCGTCTAAGGCAACAGCCCTGCCACGCCGCCTAGACGAATGGGTTTGGGCCCAGAGTCATGTTCCCCGGTGCTCAAAAATCCAAAAATATATCGGGGATGTATAGCATTCTTCCCTCAACGTCTATTTGTACTCGGTAAGATAGGTATGTTGTCATAACTGTTAGGTTAGATTAGCGGGCTGAGCTGACCCTTTACGGAATTTGAAGTAATTGAACTTGCGTAGGCTGATCATCTTAGATGCCTGTCCCGCATCATTCATCTCCACATCGGACACACGCATGTTGGGGACAAGATCTACCCAGGCGGTGCCTTTTTAACTATGTGATAGGGAGCCAATTGAATCTGACGTAAAGCACTAAGCAAAACGTAAAACTCCATATATCGTCCTTCTGACGTTCAGGCAGAGACGTCTCACACGGTCCTTCCGATTATATAGAGATTAGAGGGACAAATAGGACGTCCGATACACTAGCTGCATGGGATCGTAGCGGGCTTCGTTACTTGATCACGTATCAGTATCCCACTGTATCGAATCTGCCCAGGTTGAATTTAGAGACTATGTAGGTTGATGGTACGATTCGTTTATCAAGTGGAAGCGCTCCTCAAAGAAACGACTCATGTTAGTTACCGGCTCCTTCCGAAAGAGTCAGTATAATACACACGATTGTACCGCAAGCCACCTTGTCTCCAGCCACGCGTGGTGACTCGAGCATAGTGCTGGGAGAGCGTCTGCCCTCCTTACGGGGGATATTGTCACACGAGTATCAATTGCTGCTGGGTATACTAAATCCCGCGTTCCGACATACCAGTGCTGCTCCACAAGTAGCGAACCATGGCGATAGTGATGGAGTCCATCAGAATTCTCGGGGGCCTTCACCCTGTTATGTGTAGTGGGTCCCATCCAGCCGGCGGGTCACCAAGAGGTTATTACTGATCAACGAGGAGGGCGTGTGAAACCGGCAACTATAGATTGCAGGAGCGAGGAAAAGTTTGTCGGCCATAATCAC,1206,49.25,Escherichia coli
SEQ_250216,ACCTGACCTGCGAGCCACTCGAACGCCAGCAACGAAGGCACGAAAGTACCACTGGGAATGAGCTGTATCCATGTACGCGATCCACCTGATTTAACAACAATCATAACTTACTTTGTCACTTGACCTCCCATCGTCGTAGGGCCTTGTCTTCAGACGTGCACGACCAGCCTCGTGCACGGCTACCAAAGCTGTAACTTCGTATGCATTTCGTTAAGTGTACTTACCATGAGTCCATTCGGATTACTTGGGCTGTGAGTAAGACCCTTTTTGTGGAAGACACGCTGGATCCAACCGGACTCACAGGCTTAGAAGGACTGGACGAATGGGAGACCGGACCGGCAACGCGCTGGATGTCCCACCAGGTATTAGCATTTTTACTCTGACATCATACCTCAATGCATTCTACGTTTCGTAGTTACCGCTGATCCGACCGCGAGATCTGCTAGCTGCCGGAGCGGTTAAACTACTGCGGGCCAAAATTGTCAGTCGTGCACACTATGTGAGACATACCAGTTCCACCCGTCCTGTCCACATCCATTCTTCAGAGCTTTCGACTACTTACTTACGTTGGATACTCTTCAGCAATTGTGCGCGCTTAGATACTCCCGAAGGACGCCAGTGCGTTCAATAAGCAAGGGTGATCGGAGAAGACATAAGCTTCTCCTTCATGTGGTTATGACTCGTCTCGGAAATTAGGCTGGTCATGATCATACAGAAACCAGGCAACGCGTCTA,734,50.0,Mus musculus
SEQ_822680,CCTCACCGGATCCACCAACACCCCTCGGGTACGCTGGCATTGACCTAGAGAGCTCATGACGCCTTTTACGGATGGGGACCCGTCTTAAGAACGTCTGAAGTCAACAACAATATAAGAAATTGGTATCCGTCGACTCCGGTACGGGGAACGTACGGCATACTCGATACTCGGACGAATTGAACCACACTCGATCGACGGGCCTACCGAAAAGATTTCTGGTCGAGCCTAATGCACTTGCCTAACCCGCGCCAATCAAAGACAGAACCACGCGATATCCAAACGGCGCTCCTTCCTGGTCTGAGTACCTCAAATGTGATTCCGGGCTGGTATTCCCAGGGGGAGGTATAGAGATAAGCGGATCCGTTTGGCTACTTGTGACTGGCCGATCTCCGGTGTTCATATAGGGAGACCGTGTCGGGTCCCGTAGCTAATAATCGGACGTGTACCCCCGCCAGTACGTCGATGCGGTCTGACACTAAGTCGAGTTACTCGACAGATTCCCCTCTGCAAGAGAATACGACGCTTGGGAGAGACCTAGCGGTTCGGCAAGGTCAGAAGTTTAGCGGCAAGTGGGACATTCAGATCGCTGTCCGCATAGTACTGCCCTGTCTGCTTAGCCGTGTAGTTGTTTCTGGTACGGTGCCTACATAGCATGTGGCGAAAAGGAGGATGGATACAGATGGTTCAGCAGTCTGCACAAGGGCTGCACTTGGTAGTATTGGGGTAGCGGGAAATTAGTCGCAATGACTGGCCAATTTGTCGGGACGTTCATGCCAAACATGAAGCGCCCCCACAAGTCGCGTGGTTAATAATGACCGGTGCAGGTCTGACTTGTTCGTCCTGTCACATCTCTGGACCACCCCCATCGCATTTACCGTGCGTAGCCAAGTACAGTTTCTCAGCTCGTCGTGGTCTCCTCCCCCAACGCATCAACCTCCGGACGGTTGGGAGACCGTGCGACACCTGAGGCGTCTGTTGTGCCGTGCTCATTGTGATAAAAAGTCATCCAAAAGCCAAAGGATCTTTCTTCTAAATGCAATACAGTCTACTAGAGGTACCCTGTTTTGGGAAGAT,1074,52.7,Saccharomyces cerevisiae
SEQ_423791,GTCCTAGCAACCAACAACTCGTGGTTCATAGTATTTGTGTGGGCCGGAGGGTTAAATTGTATAATCTACCAGCATACCTCCATCTGACCAGCCACTATCGAAGTGGCTGAAAGTCCTGCATTACTCGTAATGTTACCCTGGAGGTGAAGCAACCCAATGCTGCGTGCTGGAGTGCTCTTATTACGTTCACTACAGAGCACTACACTCAATGATCAAGATAACGATCCGACCTCGAGTGAAGGCACCTGGTCGGGCGCTTTGGCGTAGCGTCGACGGTCCACCCGACCCCGGATCTGTATGCAGTACATTCTTATGCAAATGCTCCTGCCCAGTTGACAGGAGCACCGACGCGGCTTACCATTGGCCGCGATAGTCACCAATTTTATATACTTTGACCAGGCGGCAATTTTCGCCTTTTGTTTCTTTCGAGCATCAAAGGACTCCGTAATCTAGCAAAGCTGGGCAAAAAGCAAATGCCCAACTCGCAATTCGGCGAGTGGACGATAATTTTAATTAAGCAGCGTGTGCTACAATATAGTGTCAGGACTAGTAATATAGAATTACACTCGCATGGACGGGTCCGTTTCGTAGCGACTGAATTTGGCTCTCTTTCACGGAGCCGCGAGGCCTCGTGCTTCGCTGAACTGGACGGACAACTAATGCTAGGTTAGTCGTGCCCCCTTGCGCTTACTTACGCTCAATGCCTCAAAGCGCAATTCAACCCTCGGACATGACAACGGCCCCCATATTTGCGCCATCGTGAGGGTTTTTGTCAGGCCCTACACTAATTGCCGTGGACAGCAATGTACGGGATAGTGACAAGTTATAGCCCCCTGTCCGGGTCGCATGGCAACCCAACCCTAAGCGTTGCATCCCTCATATGTGGTTGGCCCATCCTGACCCAATATTTTTAGAGAAATGGGGGACTCGCATGTGTGCCATGAGCAACGATGTGATCCGACTTAACACATGGCCACTGAAGGTTTCTGAAAAGCTAATGCCGGGAAAAGTTGTAGCAGGCCTGACGGTCAGTAGGCGAGTCGCAAAGCCTCTTGCTACTCATGATAATCAGGCCTTCCCAAACTCTCTCGCTTCCCTTCGTCGACGGAAGTTCATCGGGTAGTTCATAATAATCGGTCTGTCGGTTACAGGGGACAATCTAATTTAATTCGGCTAAATTGGTTCGGGGAATTTTGGACAAGGAGGCTGATGTCCGCAGTGTTATAAAATGAGACGAGTGCATTACGGGAATGTCCCAATGTTAAGTCTTCT,1272,49.53,Escherichia coli
SEQ_163140,TCGGATTCCAAGGATGTCTCGGGAGATCAAATGTCACGCCCGTGTCAGTCCCCGGCACTTCAACCAGATCTTGGCCTGACATTACTACGCAATAGTAGGATGACTCGCAGATCCGTGGTAGGTCACAGCGTTCGGGTAGCTACAGTTCTACGACTGTCTGGTGCCGATTGGGAGATGAGTGCGCACCAAGCTCTCATGTGCGAGAGAATGCTCAGTGTACGTACAGAGTGCCGTACCTGGTTCCGGTTTGCACGAACAATCTAGACGTGGGGAAGCGGGTGGACGTAAATGGCGTGCACGTGCGGCGCATTCAAAGTCCATAATGTGATTGGATCATAATAAGAGACCCACATGATATTGCGTGGCTAACGTACTAGCACCATCCATCAATCATTTGCCTTTCAGCAGTGTACCTAGGTAGCCATGCAGAGTCATCGTGTGGCGTCCGTCGGTCAGCCCTAAGAAGCGATAGGTGGTACTGTGGTTGTCCTTATGAAGAGCATACATTGTCTATTGAGCGGCAACCAAAGAGTATTACAAAATCTATACCCAGACACCTTTGACAAGACGGCGACGGGCTACGCCGAGTGAAAGCCCTTGGGTTCGCGTGCTTGAAATGGGTAAGAAGTTTTACGCGAACTATAATCCCATACGCTTCAGGTCATATTCTTTCTTAACAGCGGTTGAAAGCGTGTGAACCCCAAGTGATATATCACCTATGGACAACGACGGTGTGCTTTCGAGATTGTATACGGACCTACCACCATGGTAAAAATACGGTGTAAAGGTAGAGAAGCCCGAGCAGTCTTATGAGACTTCCTCTTGTGCTTTTTGGCAGGGCCAAAGCAACCGCGTGGTGGCTCTCGCGAAAGCTGGATTTATCGGTCTAGCTTCGGAATCTGCTCAAATTAGCCAAACCCGCGACACCGCCCGAGCTACCTGGTTCAATCACGTTCGTGACGATCATATAAGTGCGCCACGTAGCTAGCATCACGTCTACCCTAATAAAATATCAAAGCATATTATCGATCTTCCCACGTTGTGAAAGAACTCCCTCATAGCCCTTCCGTAAATGCGGTTCGTGATAAGTAG,1092,49.45,Escherichia coli
SEQ_978065,CTTACACAGTTGAAAACCGAGTTCCCTCCGCGTTAGATAAAAAACACGGTTGCATTCACTTCGGTCTTATGGAGTCTCCGCTTGCGCAAGTCATCAGGCTTACCGCTAGGTATAGTCACGGGGCAATTGCCGCCGGATCGGATACGCTGGTCAGTTCGTGCATACTACGCATCCGTTTTTAAAATTTGCGCAATTAAACAGTTAGGCCACAGAGCAGTTGCTGAGAAATCAGTCGGTTGTCTAAACCAGAAGGGAGCTTAGTTTCCGAGTTATAGAATCCAGCCAAATTGCATGGACTACCTTGGAGCGACTATGGGGTAACAGTCGCACACTGTCGAGTCGAGGATCTGCGTGTTACTAAGGGGCGATTGATTATCCTTTCCTCATGACGCCAGAGCTAGGTCCGTAAATGGGCATAGTTCTCTTGGGAACTAGCAAGAATATTAGGTCGACCGAACCGATAGATATGCTCGGCTTCGGACCTGCGCAGTAAACAGAGATGTAAGTTTCTTCTTATCAGGTATTTTTTACGACAGCATAGCGCTCACGCTGTTAGTTTTGCGGATGGCAGCGCGATATTCTATACGCTCGAACGTCTCGCGACACTGATGGCATTCCGCAGCGGTTGCCCAAGTCATGGATCTAAAGGAAGTTACCAACCCTCTTGATCATTTCTGCTCTCAATATCAGTAGGGCCCCCTACTAGAGGGGGTCAGTCCCGCTAAGCCAACTTCAAAGTATCGCCAGGGAGCGGTGTAGACCTATCTTGGCTTTGGCCTAGGTTCTACGGGGTGCTCATAGACGGAGTGAAATCGACTCGTTCCCCTGGCGTCAATGGTGCCGAGTGGCCTCCGTAAGTACAAAATAAAATATTGAGGCGACAGCGTGCGGGACCCGACTCGGCAAAAAATCAGCGGGCTTAGATCACGGCCCACACAGCACACTTCATTTGTCCTCCCTTAATAGCGCGACTGGGTGGTAATCGGCATCGCATAAACTTGGAGGTCAACACCAGTTTATTCCAACGATTTGATTGGTTACGGACCACCGGTTATGCAAACCTCTAATTCCGATATCCCAGTCATAAAGGAGAGCAGAGTCGGAACAAGCCTCGACTACACCGTGAACTACTTATCATCGTACCCGGACTTTGATTTAGCTCTACAAGTCCGAGCCCATCTTGTCGTCAGTTTGATCCGTCGTCCGATCTGTGTGCGTATATCACTAGACTGTATATAACTCTTGAGAAGTTTAGGTGGACGGCCTCTGCCTCCGCAGAGTACATTAATCATAAATACCGATAAATAAATGGCTTCACGCCTATCGTAGATGCCGGTGGCCACCGTTTTTGATTAATTGTGTGTGAGTTTGCGGTTACCTGTGTGTGACTCTTGTCGGTACTTGATAATGTATCTTTCTGCAATTAGTACGACTCTTAATAGATAGGAATTTGGCGAACATCTAATAAGAGAGACCTTTAATTTCTCAATGGCTGTTAAGATGCGCTTCCTGGTGGCGCACTCTTCTGTTACTGTTAGTCACCGTGCAACGTTGGAGGGACCCTATTTTAGCATATAACGGCTTCGGGGGGCATGAATACGATCGGTAAAGCTGTTGTGTACCGCAATATCGGAATGCAAACCACTAAGGTCC,1653,47.97,Saccharomyces cerevisiae
SEQ_184410,CCCGTAGGGGGACCCGGCCCCTTATCCGTTAGAGACAGACACCCGTTATAGAGACTGACACAGACTTCGCTCTTGACACCCCGTTCTTCGCCTCCCGAAGAAAGGGAGTATAGCGATTGCTCACGCAAAACGTACTTCTGATGTTGCGTAAGTCGAGCAATCTCTATACCCGGACGTTATCCCTTACCGCATCTCTTGGATCATAGCCTTTAGACGGGTTGTGTCGCTCCTCATGAAAGGCTGCAATATGGATCATTGGCCTTGCTCCCTAACTCGCCGGGTGGCCTACACAACCTCTCCTGCTACTGAGGGTAGTGACTGACGGAATCGTCTAAACTATCAAAACACGCCTATGGGTTGAACGGGAACCTCCGACCTCAGCAGACTACGTCATAGGTGGTGCTAGACGAGTCTCATATACTCCCACCCCCCGAGTTTTCAGCTCGGATCATCTCGAGCTTCGGTACTGCAAGCAAGTAAAGGAGAACCAAGTCAACTGGCTGCACAG,508,52.56,Saccharomyces cerevisiae
SEQ_604816,GAATTTCCAAGCTGCTAATTATTAAGCCTACACGATGACTGAGTAACAACACCGGGCGAATTGAACTGGGACGGAGTTTGGCCCTCTGTTTCACTTGTAGACGACCTCTATGTGACGTCACTATAAGTCCATAGTATACCCAATTCTTAACAGCTAATAAGACGGGGAGAGGAGTGTCTTAGAGGCCCGTGTGTAAGTATCCTCATTTCCCATGTTAATAGCCCGATCATCCAAGACCTGTTAATGAATAAGCCTCCCACTAGACCGCGGTTGGCATCTCACGTGCTTCCAAGAATGTGCCACCGGCTATTATGAGTGCCTATAAGGGCCCAACAGTAATAGCACGTGGGTCGGCGGGACCGAAAGACGCTTTCCTAAGGCATGACCGTGATTCAAACCCTTGGGCAGCTATTTTTGACATTGAACTTCCTGTCACTTAATGATCGCATACGGTCTTGCAAATAGCCCATCTTCACAGATACATGGTTGCAAGCGGTTTCTCCGTAGTAGAAATCCGGCCTGGGTTGAGAGTCTGGGTGGGATATCCTTGAGGTCGAACGGCCAGCACCCAGTATAAGAGTCTTTCCTCCAGAACCTGTGTGTGTCGCGCGTCGAACGCAGAATGCAAATTTAACACATAGGGTACACCACTCGCAGGCGCTTTGCATCTGTAGTTTCAAGCCTGAATGCGTATAGCGACTCGTACGGCCACGCACCTCATCGATCGAGCCAAGGGCTGTCCCCTCCTGAATGCCTTTTAGCTCGACGCTGTGTTTCTTATGAATGTAGC,790,49.24,Homo sapiens
SEQ_966929,TTGTATTGACCCTATTAACTTATGACGCTGTTATTTGATACGCCCATGTTTTATACTTTGTAGTGGAACTTAAGCCGCCCCTGGATGCCAGCCTGCGCAAATCAGCCGCAAGAGTCCGGTTCCTGAGGCTTGCGGGGTCGAGTTAGTAAGGAACGATAGTGCTATTAACTTGCCGCAACACACACCTTTGCGAGTGAGGTCGGCGTGGGGTGAAAGTTCTACGAGACTCTTTAGGCGGTGTGCTGGCGTGTGGGGAGGGATATACTGTTGGTGTGACAAGATGGCTATCAGTGTTGCGGTGTGGGTATAGGGGAACGGTTAATCATTAATACCTGTTGGGTGCACTGTACTCTGCTCCGCGTGTCTAACTGGGACGGATTCGATTCTTGGCCCCCCTTTGGCGGCTTGGCTCATTACATACGTGCTGTCAATCCTACCCCTACAAACGCTCCACAGCCTCTGCCGTACACATAATACCCTATACTGTCGGCATGCACACCTCGCATGGGTTGGACCGTTTCTGTTAAGGAAGGAATTCGACCGACGGGCACGTGCGTGTCACAGAGTCGGTTTTTACTACGACGTACTACTAGCGCCCTGCCGGAGTGGACTTATGTTTATTATTGGAAAGGACTACGCTGGTCGACAAACAGGGTTGTAGATCGCTTCCAATGTTCTAATGGGCCAGTCGTGGGGTGTTCGTCGGACTAGGACAGACTACTCAATGATAGGGCTCCCACGTGCACCGTTCACATTACCTTCTGTGCTTGAA,772,51.3,Arabidopsis thaliana
SEQ_898880,CGCGGAAATATCTGCTGCGCAATCGTGTGGAATGTGCTTGCTCGGCGAGGACATATCCCTCTATCACGCGCGGGATCGTACGCATGCGCAAAGATAATAGCTCCATACGTACACACTCCCGGATCCGGATTATTGCAGGCTTTAGTTGTCTCTCCGGTCGCACCAAATATATTCTCACGTATGCGCTGACCGTGATGCGGGTGAGGCGGGGGTGAAGTGCGTTGAGCTGGAATAAATCTGATAGCAGTCGCGCATCAAATACTACGCCCCAGGTGCTTATACGTTCGTTTTTTCTGGATTGAACAGTGTCAGCAAGAGGGTCCTACGACCCAACCGATGTTACCGAGCGCTTAGTCAATCCTCTGTAACACCCTGCCTATTCATAGCCGCACAAGAATTATGTGACTACACGACGCTGCTGCTATGCTTTTCTAGACGAGCAAGCTGCAGCAATGTACATCCCCTTAACGCGCCCAGCTCACGTGACCGCGAGTTTTGGCATCCATATACTAAGCCATGCTACCACTGGACCCCTGTGGAGCGCTCAAAAGTCAGAGGTCACTCAGAGCAGCATCTAGAAGCATTATAGGTAT,593,51.26,Escherichia coli
SEQ_380136,GGGGTCCAACCTCCCAAATTTGTGATCAAACAACAATCGGCCGGTTTACCGGTTCTGGTAGCCTTACGGCACCATCATTCGACCTCTTATTTGAGAGACCTGCGGGAAATTCCGACCACCAACTAGGGACGTGATGATCAAATGACAGCTCGCGACTTGTAATTTCGTACGACGGACCTAGTTTCACGTGCCGCAGACGAATGTATCAATTAAGGCTTATGCAAAGTTTGCACCAAGTTATAAGCACAGGCGTATTGGTGCGATACTTCCGTAACACGCGCTTATCTTTAGGGTGTCAAGCGCACACAACACAGTCAAAAGACACATTCAATGCCGTCGCACGGGAGGAGACGTGGGTAACGTTCAAACCTGGTGACTGTTGCTAA,386,48.7,Caenorhabditis elegans
SEQ_301472,GTCCCCAGGCTTGCTTGGTAAAAGTTTGATCGCTCGTCAGCCCGTAAATATTACTAGAAGACTGGAGAACTGTTCGAACGCTAGGCAATTATCCTGGTGTCGGCGTCACCTCATGGGCGGCCCTCTTATTTGGGGGCAGAGCAAAACACCTTCAGGGCGAAGCTGTGAGGACTATTGTCGAACCCTTCGCCTGTAGGCAGTGTATCCCGGTGACGCCTGGATAGGGCAAATTATTGAACGATAGCACGACTCGCGGGCAGGTCTTATTTAACGTAGTTGTCTCCTACCTCCGGGGACGTACAATAATCTTAATGCCCAAGTATCCGCATAAGCGACAGTCTCGGGTTGCTAATAGAGGGATGTGGATCTAACGTGACGGGTTATGGAGGATACGGGCCCCTACGGGGTTACAGCACTTTAACGTATACGTGGTGCGTTCTGAACCGATTGGCCAACCCTAAGCAGACTACAAATGTTCCGACAGACGCTGGGCAGGCAAGCTGTTGGCAACGGATAGTATGAGGGAGGAAACTGATCCACGCATCGCCGACGCATCCTCATTCGGGTAAATAATTTCCGGCGTGCTCTCGCAACTGGACCCATAATCTCCTTTCCCAGGGCCCCGGCAAAAACCGTACCGGGCAATAGACATTATTCAAACCCCGCCAATTCCACTAAAGCAAACTCCCCGGAGATACTTGTGATAAGGATAGTCGTGCTCACGTACAATCCAAGGGACTTTGGTCACTCATACTCCAGGCCGACGGTAGCCGAAGACAGATTTAGAGAGAGTGGAAGGGTAGTCCCGATTCCTACCGCGGGTAGGTTTAAGGTAGATCTTGGCTGGTCTGTCTCCTCAGCTTAGAGCACATCTAAGTGTGCAGCGTTAGGCGGTTGTAGATTCAGGGCAGGGGTTCGTCTTGCGGATATGTAATTGTTTGTGAAGACCATGGAAACGCGACTGCAAAAGCACTAGTTGCAACAGCTCGTGAGCACGCTGGCGTTACGTCGACTAGGACCGTTATCGTAGTTAACGCAGATACCTGTCGGTAGGGGATCCTCCAGGTGTATCCGGGGGGAAAGATTCGGGAATTTCGTTCCTCACCCGATATGCGTTATTTCGTCCGACAGCAAAAATGAAAGGAAGCCGTACTTTACTTATCACGGAGCCTATGACC,1178,51.44,Mus musculus
SEQ_263779,CCCACACATACAATACCTGGGACTCAACGACAGCGATGGATATGGCTTAGCTCTTGACTGATGTTGTGAAAGTATAAGACCCTAGAACACCGTCCTTGGGCGCACTGAAATCCGTATAATACGCACGTCGCTACCTCAGATACGATTATGAGGGAGCCCCCATAAAGTACAAGGGCATTGTTATCGAATGTTCTAGTCCGCCGCACAGCTCGTCAAGAGGAGACGGTTTGGACTATTAAGATTGCGAAGGGGCCCAGCTCATAGGGCCCAGAACTTCTTATTTCGCTATAGACGTCGGTAGCTTTCCGTCTTTCCAGTCTTCAAAAGCGGCGGCAAAAGCCCGGGGCATTTAGGGCACGATTCTTCGCTTCGACCGCAATGTCTTACCCCAAATAATGACTAAGATGGTCGCACTATTGTGCTTTAGGCTACTAGAGGTTGTTTGGAATATGAACATACCTGACAAATTTGATGTCACTACGAAGTTGGGTTCTAACGCGAGTCTACGAGTATGTGCTGGAACGGCATGAGTGAAACACTCAGTGTCATTCTCGTAACCAGAAGCTCGGTAGGGCACCCGATTGGTACTTAGTAGCAGTGGCTAGTTTACCCAGGGGGCTCTATGAAAGTCTCGCCATTACTAATGTTTGGAGGGTATCGGCGCTAGTCCAACACCACGTTCATGAGTACGATGCCGTAGCACCTACGGAAGTTTTCTTAAGGTCCAATGTCGGCCCCGCATGAAAAGTGGACTTGCATCCTAGTGGGCATCGCATGCTGTCAT,784,48.98,Caenorhabditis elegans
SEQ_395241,GTCTAAATGGTGGAGAGACTAATTCTGTAAGTCCAGACTAAAGAAAACTAAGTTGCGCAGCGAACGATCCCGCGGTACAAATCTATAGCGCCAACAGCATGGCGACCTGGGTGCCTAGACAGCTAGAGGGGGGGTACTCCGATGCCTGTTTGTAAGCCCAATTCATGTTACGGGCTAAAGAGCCTCGTGTTTTGAACGTATTACTCGCACCGATTCAACTCTTTCGCGAATCGCAGTGGAGTATAGCCTCTAGTTATAAGAGCCCAAGTTTAGTCCGGACGCGATTACCTTCACTGACAGATAGAGCCTTACGCGAATTCGGGGGTTGTCCCCTCGAGGTACCTAGATTCAGAGAGGGAGGAAGATTTGCACTTTATAATTGATGAAGTGAGATAGGACTATACCTGTGGTGTCAACGGGTCTAACTGCGCGTTTCCGGTCGAGCGACATGATCACGACACTCGAAAGTTGAGTGTATGTGGAATCAGCGAATTAAGCCGTTTAGCCCCATAGACACGAGACATGACTGCTTGCATGGAGGAGATTGAACAACCAGTGGAAACGACCGTTTTCTCGTGTACTGTGCCTCGATCAGGAGTAAGCCTACGACATGCCGCATTTACATATTGGACGGGCGACACATACGCTACACGATACTGATTCCCGGGTACCCAGTTATTATACCGCTTTATATCCTGTTCATCTTTCAATGCTGTACTAGAGTGTTCTCGGGGGTTTAAATCGTTAAGGAGGGAACCAGCTGCTTTGAGCCAATCCTCAGTAGCGAAGCTGCAGCAGCGACCCACTGGGGCAGTGACATAAGGTTAGTCGAGTGAGGTCTCTATGTAAGATTCGGGAGTCCTAGGGCGAGGATGTCTCACGCGTTTAGATACCTCTACGCAGGAACAGATCTAGGGGCAATCACCTCCTGGACCAAGCGGCCATAAGGAGCACGTTAGATGACACAGAACGCCGAAGCACGACACTACGCTCATATGCCTCAGTTCGACAAATGGGGTACCCTCTAGAGCAGAACACCGGGAACCATGACTACATTGTCGGGGATACGTAGAAAGTCGGACTAATCGCTCTATCGCTATATGGCTCGACACCGTAAGCTTCAGCCCTCTATATGGAGGTCTTCTCATATATCCGCCTCGAGGCGGCGCGTATAATGATGCATAGGACCATTCGGAGAGCTTACCGAGAACAAGTCGTTATTGATACGCCTCAAGGCTTTCATGTGAGAGGCACGTTCTCGCGGGATGGAACCGTCGCGCAGAGGTCGAGCGGTTTAATGGCGTCGAGCGACACACGGGTGCCCACATGCATGCCCTTACCGTGTGAAGTCTGTGGCCAATGCCAGGATACGAAGTTCGGCACAAAATAATCTTGGGCGGCTCTTGGTTGCGACGTGTGACCTCCCCCTCACAGGGAATGTTGTGGGGTTCGGTCACTGTGTATTCTAAGGAAAGCCACGTCTACCCATGCTTCAACCCTGATACGCGGCTGTCGTAATTAACGTTAACCCCTCTATAACAGGTCAGTTTTCTTCCTGAACCTATTAGCGGCCCGACGCCGCTGAACCGAGTATTTGATCGACGCCATGCCCAGTGATACATAGCGTGCCTCTGTGCTTTAGTAGCGTCA,1650,50.85,Escherichia coli
SEQ_712052,ACGGCCAACGTACCGCATAAAAGATGTACATTAACTCTACTGTGTATTTAATTCGAAACGGCCTACACATCCCAAAATTAGAACTGCGCAGCACGGGCCCTTGTGGTTCGTCGGTAATGTATTGCTAGCAGCCCTCGCTCACCTGTCACCAGGGTTACAATAAACTATGATGGAGAGTTAATTCAAAGTGCGTCCGACACTTGTGCATTAAAACTCCCACTTCTGTGCGAGTAGCGTAGAGCTGGCACTAAAGTGTCCTGTAGGGGGTCCGGATCGAACCATTGGGGCACGACCGGTATGGTTCAACCTGAGTCTCATCTTGTATCTGTCATAGCGAATGTCCGCATGCTTGATTGCCAACTTGTCTGCGTGCTCCATCTACCACTGCCAGATGGCGCACCTACCTGTCCCGTTTTATTCTTGACAAGTCGGGAGGGGGCCCGTATGGCTTCTGACTAGGAGGGCGCCCGGTCCATTTCTCTAGATAAGCCGTCCATGATAAGACGTTGCATTGCCAGGCGGGAGCTACTCGAAGCCAGCGATATTCCGAATCATATACGCTGCACTTGGCTGTAACTCGACATCTACCAACGGATCGCTGCCGCTGCGGATGCTTTCTTTCTCTAAAATATTAAAAAGCCATATGCGCTCGGATGGGGTTCCCTACAAGTGAAACGTGGAATATTTTGTTGGTGAAAACTCTTCCCACAGGAGTCACACCCCTTCAATCGCTCCAAGGAATCATCTGAGTAAGCACGCCAGATTTTAGTGGGCCTAATATTCAGCAATTCGTTAAACAAAATCACGGAATTATCTAACCTGTTAACTTATCTGTCACCAAAAACTCCTCTGAGGAAAGTTCTGGGCTGTCTTGACTGCCTGTAAGTCCGAGATTCAAAGAGACGACAAGAGGAACTGGTCGCCCCCTAATCGTTGTCGGACAGTATTTTCTCTACGCCGCAGATACACATCTTATCCGCGAGTCCGCAGTGTGATACATAGGGCTCGCCTAGATGAACGAAAGAAGGAATACGTTTCACGCGTTGTGCCTCGAGGTACGTGGCCACCTCCACAAGATCCGTCTATGGGTTGCTTAGTTACGAGATTGTGCCATGTCGGGCCGTCCGGGCTTCTCAACTGTTGTGATGCCGGGCAATGCGCACCGGCCTCGCCTAGCCAATCCGACAAATACAAATATGTGTTCAGGGCCGTAGTCGTTTCATTCTAAGCGTCTGCAAATGTGTGGCCTCGTCTAGAACACAGGTCAACGATATGGGGTTTCGCTGGGTTTATCGTTAAAGCACGTGGGTAGCTGTGCTTCCCGCTCGGTGTAGAAGCCGCACCTACACTAGCCTACAGAACGCTTCTACCAATTC,1376,49.85,Mus musculus
SEQ_534169,ATGGCGTTACGAACCGCAGTAATCGCCTCTGCTCTTACCTCAACGAAACTGCCTGTAGTCAGGCTCGGAGCGCGAGGCTAGTGTGGAGACATCCTCCAGCCAACGGGCACCCTGATATACTTTATGATCTCAGGAATCAAAATCGCAAACCAGTAATATAAGAAAAACAAGGGCGAAGGAACACTAACCCACGTCGCACCCCTCCCAGACGGAGTGCTGAATCGTTGCACTATGATCTCCATACCATATTACTGAAACATCATCTTAAGGATATAGCACAAGCCATCAAAGTCTCCGCGCCAATGAGCGTCGTTTACGGGGGAGGCTGTGATGGGGTCAAGAGAGGACTTCACTCACTTTTGTCGTTATTTTTACAAAATTAAGCTAATAAACGGCCATGCTTTAAAAGCTCGAACCGAAGTAGACGCCACAGGTCATCAATCGACCGCTATTGCTTCAAACCGACCCCCAAGTCGATAGATTACCGCGGATCCTATTGGGCCCTTGGGGGGATGCAGAGGCACCTCTACCTACCTAAAGTGTCTGCGTGGTCAGCACCGCGCACGCCCTAGCGCATCCTACCGTGGGAGCTGTCCTTCTAACGATTCATCCGAAATAGTTGTATCTACAGACTTACTACTGACTACGTTCGGCCCATCAGAAAATGCGACGCCGGTCGGTCCAAGCCTTGTCTGCTTCGGCTTCAACGTATTACATACAACTTGCCGGTATGCCTCTTGTATGGCCCTGAGTCTACCCATATGCGGAGAATTCCGGGCCATTGATGTGTGTGCCTAAAACTTGTTGATCCTCGGGCCGAGAGTTCACACGCACACCGAACATTCCTGGTCGGTGCTGCCCCGAGCCCGATCTATCGGGTCACCGGGGAATGTTAGTTCTGCACAACCCTGACGGGTTCTTCCCAACAGTTCGACTCTGTGCTAAGACGGGACATTTCTAATGTCAGCGGGGTTGCGACGCGGACTAACTACATAAAGCGAATTGAAATCAACAGCTTTTGGACCTTTTAGCGTTTACCCGTTAACGGCGAGGATATCGTACATAAAATGCTGATTGGTCAAGAAGAGAATTACAGACTCCTTTATACGCGTCAGGTGGGCTTGCAATCGATTAGTATAAAAGGTTAGGCGAGCTGCATCATTACCCACACCGAGCTCTAACCTCTGTGCGGTGCAATCCACATATATACTAAACACGCTCCGTGTGTAATACCGATAGTTGTAAGTCTTTTCCTAGAATCGAT,1264,49.45,Arabidopsis thaliana
SEQ_216183,AGAAGAGCAAAGATTTGTCCCAGAGGAACGGCCTTTAGGTGAACGGCAGCCTGGACTCCGCGCCGCGGAGAAACCCTCGCGGGTGAGATTAAGGTATTGGAATAGATCCGCAAACTCAACGTGAAAGCATCAGCGCAAACTTAAACTGATACTGAGCTGACGGACAATGGCCAATCCGTTTTATAGTTAGTCTAGTGGTTTCCGACTTGGTGCCAGCGCTTCGTCGCACGACGCTATTAGATAGCATAATAGTCCATTCTTCATAAGTCGCCTTCCCGCTGACTATCGATTACTGTCCGGGACAGTGAGAGGGTTACTCAGCGCTGATATTAGTTGGATCGGTT,344,49.71,Escherichia coli
SEQ_127512,AGAGGAACTAAGGACTAAGTGCGCATTTCGCTTGTACTAGTTTGCTACGTTTTGTGAGCATTTCACCTTCAGTTGCTTCGTGGTGAGCCATGCGGTGTGCGTTGGTCACAAGCGCACGTCCTCGTGTGTGCCTTATTTTCGATCCGACTGCAACTCTATTTCCACGGTTGTCATTGTCAATTATTATCACAAGAAGGTCATACGATCTATTAATAAGATCGGCTACAGATAACGTTATTTGTTGTAGTTGTTGTATCGATAGGACGCTCCCGCGGCCCGGCTAATTCCGTAGCCCTCATGCCTGTGCCATAGTACAGTGCCGCAACATTTGTTTCGAATAAGGATGACAAATAATGGGGACTACCCATATGTCCGAAACCCAAGCGACGACGGACACGGCAACAAATGGCTCGCTGCGGCTTCGTATCGTAGACAACCCTGGACCTGGTGTTCCCTGCGAGACCGATCTTTAAAGAGTATGTAAATACTGACTTAATGATATCGTTGCATGGGTGCGCCTACGGAATGTTTCTAGATTTTGGACGCGATTCGAGAGGCAGTTTAAGTAGCCCAAGTTGATAAAGCGATAAGTCATCATTGAGTGGCTCAGTTACGATGCTTGGGAATTTCACTACTCGTGAAGGTTTTTCTTCGAACGGCCAGTGGTTCGTCCGCAATAAAGACACCCCGTGTATCTTGAACTTTTGTAACAGAAAGGTCAATCAGTACCTTGGACTCGGCCTATTGTCGTCTTGATGTTAGCTTGCCTTCGTGCTCTTTGGTTCTTCGATAAGAACGTAGTTGGTTAACCTGATGTCGGGAAAAATAACCAAATGCACATCCGCTCAGAAGATTCGGACAATGCAATCTACCATCGGACTACCGATAGGAGGTGCCCGAGCTCATAAACCCTCCCGCGCAACAAACTTTTATACTGGATACGTCACTGCCGGGGGAGTGTTTCGTCAACCGCTAGTCCGCACTCCGCACCCGCTCGAGGTACGTCGTGCCCAGTGATACATACCAGTTAGGAAGCCAACTGGCGTCAGGCTAGCTCTCTTACCATGACTTCGTCTTAAGCGCTGCATCGCATCAGATTGGTGTGCGATAGATGGACCCACCACACTGACATGCGGAATAAGAAATAGGTCTTCCTACAGCGGCCCTGACACGCGTTGGCGATCACCGATGTTCAGGGTATAACAACCCTCCATAGGGAATCCGTTCGCCACGCCCGTGCCGAGGAGGAGCTATAGCCTCGCGTCCCCCTCGACGTTAAAACCAAGGGTGATACGAAGCAATCCGCGCTACTCCACGCGTCGTGGCCAAAGGGTCCACGGCGATCGGACGGGAATTAGCTCACACGAGTTCCTAAT,1376,49.78,Drosophila melanogaster
SEQ_935768,TAGTGGAGTTTCTAGTCCAGTCTGCTGCAGCCCTCGTGCTACGATGGAGTGCGAGTTTGGTCACCTTACAGATGGTATCTGATGAAGACAGTCCAAATTTCTTCTAGTTCCATCTCCATGGAAGTGTCCATTGGCCTCTGACCGGCATAGGGGACGACGTGTGTGGCGTCTCCTGTATTAAACTGGCTACGTAGGATATCGGAAAGCGCGCGAGGTATGAGGGAGGTCTCCGTCCGCCGCTGCGCTTTACCCGCATCCGTCGCGGCCGCTATAAGGCATGCATGAATGGGCTTGAGCTAAGTTTACATAACCATAGTTTTGATATTCTTCCATTATCGTGGTGATGATTAACACGATCGTCCCGGCACCCTCCGCATGTTCCACCAGAGACGACCATCATTATCTTCACGAATATCCCATGGAAATTTCGGGAGAGTGATGCATGGAACGACAATGCAGGCAGTATTGACACTACCCTCCTGTCTGGACTTTACTCCATATAAGGTTGTAGTGCTCAGTAGCAGCCGGTGAACGTACCAAAAACTAATTTTAACAAACGCTAAGTTACGAATCGCTAGAGGTCCATTCAGGCACGTAGGTAGTATGAACCTCTCAAAATCTAAACCACGATCGCGCTCGGGCTCTCGTCGAACGGCTTCGTTCCTCCTGCATTCACCTTACAGGGTTCCCTAAACTCATGTGATCTCCGGTAGGGTTGAAAGCATGCAACATTGCTGGTTGAAATCCTCCGCTTCCTCTACTAGTCCCGACAGGGCAGAGAGGACAGGCCCGTAGTTAAGTGGCCGGAAGACGTTGCACAAGACTAATGTTTTAGCCAAAGGCGCCTTGTCATCTGCATTTCTGACGTAGAATGAAGTCCAGGGGACTGCAAGGAAGGTTCTAAGTTAACAGGTTCCCACGCAGGTACCAGACACATTACCGCGCTCACGATTACAGACAAGTCTTAAAGAGCGTAGAATGTTACACGAGGCTGACTACTGGCTGTAGTCATTGTACGGCTGTACACCTACCAAATACCCGACGCGACAAACCAGACCCGGAATAATGGTTGCGACGAGAAAGAGAAGGTTCCCGATGAGCAGCACGCCTACCGTTTTCAGGAAAGTGGCGATGTTTACAGTGAGGGAGAAGTTAGCGACGGAGACCAGACGCCCTAAGCAGGTACTCATCAGTTTCAATCTATTACTATAGCCGTCCGCGGGCCACAGATCTGCGAGCCAGAGAATCAATAAACTCATACCTTAGGTCCAGACGCCCCGCTCTTTGTAGTGGTGCTAAAATCCGATGAGATGGCTTTGCGTGGGCCTGTGATCCTTATTCTGGTTGAGGTTACCGGTATCACTTATATAAAAGGCTATGTCGATCTTTGTCTGCCGAGGGCAAAGATCGCCGCTAACCAATAGCTATGTGTTCGTGTGTTTCCACGCGCGGGTTTCGCAACGGAGGAAAACACAGAAATGAGAACATACCCGACGCGCTAGCATCTCGAGCTCATCAACTCACATTTGTGAGCGGTCTGTTAGCAGGGGCGGTCTTTGGCTTCGCGGGGACAAATGGGGCAAGAGACCAAGACAAGGTTACCCCTA,1607,50.22,Caenorhabditis elegans
SEQ_180742,CATTATTTTGGCATGGCGGAGTGGTATGAGCGCAAGGTGCGAGGTCGCATCAGGTGTACCATGTTCAAGCTTTGATAACCCCGAAATCCGTAGCCTGCCGGAACTTCCGTGCTGTACCCTTTAACGTAATTGCTTGGAATCGGTGCGGAGACGATTGTAGGTGTCTCCCTCAAGGACCAATCGAGCTCGCCTCGGTCACTGCCGTCTTACCTATCGAATTATGGGCCATCGACGTCCCTCACAAAGGGGGTACAACAAACGCCATGGTAATGACTGACTTCATTCTTTGAGAGCGTTTCTGCGAACCGTCGTGCTGGGTCCCCCCCAACGGCGTACAAGGCTCCACGGTCTTTTCTGCTGTATGCATATAGCCCCTTACCGAATTGTTGTCGTGCAGTGGTACGCCCTCTGTCGCGTTATACAAACGCTTGTCCGGGGCCTCGGGTCAATTCCGCGTGATCTTTGCTGCACTCATGCGACGACTTCGGTTCTCTCTGGAGAATCGACAGGGTGCTTGAGCAGCAATGTGTGCAGGATTACCACACTCACGTCTCGCTGTGCTTTCCTGTTCGATTCGTGCCCTTTCTTTTTAATTCGACTTGAGAGCACGGCGTACCTCCCCTAAAGCGTTGCCGACCTCTAGTATACCTCAACAAGGGCGCGTGATGGTCAAATCTTCTTGAAAGGATCAACCCCACGCGCACACGGTGAGGACTTTGTACTCACACACACCTTCCCAAGGGAGTTGAAATAGTGGCAACAAAAGGCCCTAAACCTTGCCGTATACAGCGCAAGGGGCCCGTGGGTGGGCCGCATCAGAATCTATCAGTTACCTGGAGCTTCTGCCTGCATGAAGCCTAACATACTCGTACTAAAATTCCACAATTTCAGAACGGGTGCAAGGAGCGGGCAGAAGATCTGGTGGGCATGTTAAGTTTTCGAGAAACACTTCAACAAACATCATGACACTGACTGAAACGGGTCGGAGTACCCATCGGTGAAGATAAAATCATCGCGTGCTTCGCCATACGAATTGCCGGCCGTGATTCACGTTTAATGTTCCCCCGTATGTTGTTAGTCGCTCGCTTTTTGTGTGCGGCCCTCAGCGCGTCTATGTAGTACGAGGTAGACGAGGTTAATTAGTGCATCTGCCGATGCTTGTCTGAGCCCACAAACGACTGACCATCTCTAATTATGGGGAGGAGCGGTAACGTAGGCTTGGTAGAGATCTAGTCTCCGGATTAGTTAGCAGATTTCACAATACTCGGTGTAATAGAGTCAGGGTAGCAGGTGCATAGAATCTTCTCACCGGATTTCCGGACTGCCCTATAAAACTCTAGATACAAGCTGAAGTCTGTTCTATTCTTCCTCGAGACGGAGACGCGGGCTTTACAAGGGAACGGCAAGATGTACGCAGCACGCCGGGCTACCAAGGATGGACCGGGGATGACTGCAACTCGTCCAGTTTCTGCCATATCACTTGTATAGTGGTACTGGCTTACGTGCAAGTCGATACTTTGCTGTACCAACACCATGCCCAACATTACTCGGCCTATATAGGTTCGATATTGCTGACCGCACTTACACGAGTAGATCACGCACCCGGTAGTATTAAGGGCAAACACACGACCTTAGGGCTGATTGATTATCTCTAGAGCAGTAAAACAGCTCGACCTGGATAGACGTGAGTCCATGGCG,1698,51.0,Escherichia coli
SEQ_184109,TTCGAATATACCGTTAATCAAGGCTAACAGGTCATCACGAGCCAATGGTAGTATAGTGGATAACTGGCTGGTCTTATTTAGTTGGGTTTTGAGCACGGGCAGCTCGTACGAGTGCATCGTCCGAGTCTTGTCATCTATTTTAGAGGTAATGAACTGCCACTTAGCGTTTCTCGTCCTAGCTCGAAAGACGGTAACACACAAGCTTTCATGATACACCAAGTAGTCCTCGCGCCAGCGTCGTTCATCATCGCCGGATGTTAGCGACTGTAACTGGCGGCCATTCTGCAGCTTACTGATTTAATACAAAGCGCCGTTACCGCAGTCTCCTCGACCAATTAGAAAGATCTGACCCGTTAAGTCGCTACTGGAAGTGCGGAAACCCTTATCTTCTCGCTCAATTGAGCATTATCCATATCGGTAGCCGTGCGATTGGCAATAACAGTCCCTGTATATGGTTTGTAATGCGGTCTGAGTTATTCTGTATCGATCCGGTACTCAAACGCAACTCACTAACAGGTGGCTTACAGCATGACGATACCCTCCCGATCGCTTAGAGCTTGGACGGAACACAATCACATTGATTGTAGGAAGCAGGGCGTCCTCTGGGGTGTGATTAAATTAAATGTCCCTCACATTTATTCCGGGCGGGTATGATTGTTGCACATTTATCTGCTCCGCGTTTCTACACACGATTTGGATTCCTCTGGTTTCGATGGGCTCCTAAGCAAACGGGAACCCCAATCCTGCATATCCTCTGGCCATCTGATCGCAAAACCATCGAACCGTTAGATACTGAATGGCGGCAGCCAAGAATACAAAACCGACGCGACGAACTGTATCACTGGAGAAGAGTAAACTTTTTCCTGTCAAACTTTAGGATCCCATAGTAATGCACCAAGCAGCCACACTACCTCGCGTATCGTCTTCTCGCGACTCACAAACGCATCACCGCGTCTTCCTTGCTTGTATAGCTGTCGTTCGGTAAATGTCGCCATACGGTTTCAATGATAGCGGGTACCGCCCTGGGCCTCGCTTACGATATGATCGCGTTTGTTGAAAGCTTACAGCGCTTAAGATCGTTAAAGTGGAGGAACTTTCCGTGTAGCCCTTCCGGGCCTAAGACCAGGGGACTTGACTCTGCACAGGACCAGAGAAGCCATTTTTTCCCACAAGGGAGGTGTGCATTCAGCGTCTACTGCGAAGCTTTTCCCGGA,1214,48.6,Saccharomyces cerevisiae
SEQ_720103,AAAAACTTGGGGACGGGGAGCGCTAGACCTCCCTAAGGTGATCTAACTTATGGGCAGATCAAAGAAGCAACGGATATGATCGTACTTCCATCGTGTCCCACGGAGCAGTCGGTAACCCACATTACTACAATCCGAGTCATTTGCGTCCTGTCTTCGTCTAATCCACGGGCGGCTAACTACATTATACAGACGTATGCGAAAGAGTTAGTCGACAATAGTCCTAACATAGGCAAGCAGTTTATCTGGGGATTGTTTCTATGAGCGCCCTACTGCCGCATGGTCACTTTGACACGAACATCGTGGACAGATCTCACTCGTGGCATTGCGAACGGACTAAGCGGTCGGAGTTCTATCGTTTGCTGGTGACACTCCTAAGAGGCATGCGGTAGGCCACTGTGGAGGCGCCCGTCAATCTTTTCCTTGTTTTTAGTTACCCGCTCTACGCTCTAAGCTAGTTGATGAACCTGTTAATGGTATCCACCTGCACCGGGGAGTCAGACACGAATCTAATGAGCTTCATATAATTAGTCGATGTACTAATACTAGTATTACCGCTTTTATCGAGCTTGTGTCTTCCAAGCCCCCTCAACCATGGTCGGCTCGCCCGTTGTTTTTACGGGCAGCGATCACCGTTCGGCCAGGATATGTGCGGTATTCTAGGCAGGCACCAGAAGCCCGACGCATCGGAGATGGGTAGTGTCGAGAGAGCTCAAAATAAGGGATCTGGATACTTGCGCCTGGAGCGATCCCAGCTATTTCGCTGGACGTCGGAATCGTAGCGAGACTTACCGCCCGCTCTACAACTGATTCGGAGGTCGCCGTCGAAGTAACGGTGGCGGGCAGTGGCATACAATCTAATTAGTCATTGTGCAGCTCGTTCGACTTTAACATCTCGGTCTCAAGTTCCAGCGCGAGTTATAGCAGGTCGCAGTTCTAAGGGGAGTGGGCCCCCATCTAGGGGGTCTGGTTCTAATCAACTAAGAAGGACTTGGGGGGTACTTCCTTTCGTGGGTGTCAGCCTGGTCATGTGGTAACAAGCCATAGCCGATTTGTTCTGCTGGGACTATTTACTAGACGAGCACTATGAGTACGTCTGTGCCTCGACTCTGCTTGCTTCCTCTATAAGCCCAGTAAGCGAGGTCGACCAATGGGTGTATGTTTAGAGACGTAGCCTTAACAGCTAAATATGCCCGTCCCCTTACCGGCCCGGCCTGGGACCGCGGTTACTTTCTGTGGGTTAATGATTCGTATCTCATGGTTGTGTTCCTATAATCCGGGAGATTAGGGCTTCTAAAGAGCCTAGCTTCGCTCTCCAGTCGTCGCGTCTAACATTCCAGATAAGAGCGCGACTTAAGTGATCGCACTCATCGTTTAAGCAGGCGATGGGTTGTGCTGACGTAGGTGGCTTGCATAAGCGAACGTCTTATTCAACTTACCGCAGTGGCAAGAGAGTAAGCACGTATGGGGCATCCTCCAGTCGTGTATAATCGACGGCGCTTTTCAATGCTCCACACATTCCGTCCCTCTGATCAGGCGAGCTTTAGCCATGGACGTACAGGACTGCGTAAGCTTGCTCATACTGGCACAGATATCCGGAAGATCCATATGAAACCTAGGCTCGATACTCCTGTTGATGTGTACTACGATAGTATTCGTCACTTCGAAGACTCCGACGGATTTGGCTGACTTCTCGAGCTGAGGGCCGGAATGGGATCGAGCCGTGGCTTGGGGAGTTCACAGGGCTGATCCCATTGGAGTGCTATATACAATACCGCTCCAGCACCGGTGACTCGGCTCAGCGTTACCTATGGTGGCATCGTATGCCAACGTGGGGACCCTTAGAGCACCATTGTGGGCCTATTTGGCGAAAAACGATGGGCGGTGTTTTCACAACATGTGTATAAAGAAGCGGTCACATTTCTACCGTTAAAAATAAAAGCAGTCCATTCGCACGCCGTCTGGCAGAC,1967,50.99,Mus musculus
SEQ_551859,AATTAACCGGAACTTGCCGCTGGGGAGGTATTTGATTTGTCTGATAGTTTAGCTTGGACGTAGCGTTCCGCGTTCTTCCGGAGAGATGATCAGGCATTGCACGTTACCGTGATGGTTCGAAAGGTTATTTGGCTGCTGCCGGCCCCCAGTAGTATCGCCGCCTAGGTGGTGGTAATTGGGTTCCCCTTCTCATGCCCGTGGGGAAAGAAACGTAGACAGTTTGCTGTT,228,51.75,Arabidopsis thaliana
SEQ_161214,GTCATGTGGATTGGCACATACGGCCGTCTCCGTTTCCGAAGTCTTTACAAACGGGGTCGTACCTGTTATGGCTACCCAAAAAGATAGCAGATGCATTAAAAGGTCCAGTTCGGTGGAGATTACCCAGCAATTATACTCAACGCGAGCGAACCTGACGTTTCGAAGTATGGATCGCTTGCTTGTAACACCACGGAGGGACCGCGATGACGCCATTGTGAAACGGGCTCCTCTGAGCTTAGCCTAAGGACGTTCGGTACTCCTACAAGCAACACCTAAGTAACTGAGTAAGTCATTACTCGGGCTGGTGCTAGGGGCAGAACGCTCACGCGGATCGTCAGCTTATCCGTAGTTTCGTTAAACGAACAACAGGACATACGAGTTAAAGGAGTCGGCGGACGTGTCAGTGCTCGCCAATAGATGTTCCGATCTGCGGTTTACCATAGGTTGCGTTGCTTCCGCGGCATATGCATGCCTTGTCTCGCGACTGTCCGGACGCTGTTTATTTAAATGCCTTTTCGGTCTAATATGTCAGCTACTGCATTCCCTCAGTCAAACAAGATTCGCGTTACCCTTAGTGAATTAGGTTACGCAGTAAGAGGCGTGCAGGTGAAGACAAAATACTAGGGAACCTTGCCACAGGTTCACCGCGGACTGTCTCTACCGACGCTGTATTCAGTCTGAGCGGGTGCGTCCCTACGTCAAACCTGCCTCTCTTAACCATGGGAGGGTCCGTCGATGATCCGATCCTGCTCCCCAGCTGTAGTCGCATACTACCCTCATCTTTGGATCAGACCCTTTTGATAGACACCCGAGTGAATGCATCATGGTGCCAGCCAAAGGGCGCCAGACCGCCTGAGTGTTCGCTAATCCTATAGACAAGCTAATTTTGGTGGACGTATACTAAGTGTTGACAACCAGCGTTTCTTAAGCTCGTATGGAGCGTTCTGTTAATTGTAGTTGCGATTTCCCGTGCTGACGTCTCTACATTCCCCTATCGCCCCTATCGTATCTGGGAAGAGTGTCACCAAACCGGCGAGTTGATGATAGGTGTAAAGCATGGGTAGTCGCGGGCTCTATTTGATGTCCTTTATGGGGAGTTATGAGGTTAGCACAGGGTTGTAAGCTGCACGGACTTTTACAGATAAAGACCGAATCCGCTCGATCAGGTGTCCCTCGCAGCGAGGGCTTTTGCTCCTCCCAAAATACTTTAATGTGGGTCCACCAACATTT,1230,50.24,Arabidopsis thaliana
SEQ_301579,CTACAAGGTTGATCACGCTTCGGTTTACACCGAACCACTTATCCCACTACGGCTAGGGTTCTGCTTACTACATAAAGGATTATCTTTCTTGACGTTTAATGTGTAAAGTCCCACTCTATGTCGCAACGATGAGATAGCAGCGTCATTATAAGAGAATGGACGTTAATTTATGGCATGTACAAGATTACGTTGAGCCAGCCTTTATGTATCACTCAATAAGTGCGTAGAGCTAAGCTTGTTTCCTACGTAGTCGTGTTAGGACTGTAGCGTACTAACCTGGCACCTTACGTCTCGTCGGCGCCAGCGATTTCATAAGTTTGTGCCTCACGCATTGAAATAAGTAATCTTCAGCGGCAATGCGTTACACTTCTTTGGGGTCGGAATACGTTCTAGGAGGCAACCGTGATCATCTTCACATCGTGGATGACCCCGGTCGCTACGTGAGTATGAGTATATTCGCAATGCGACCACGTTTACCTCTATATGCATCCTTTGGGTGACTCCGACGTTTAGCGCGCGTGGTCGGCACCTCTCTCACCTAGTAACTCGGAATGAAGTTTCCACATCCGATGGCGTCCTCCGTAGATAAGGTAGAACGTGGCCCAGTGTGTTCTTTCGGTGAAAGCTATATGGCTCTTTGTGAGATATTTAGGGTCGAATGCCCCCCTGTTATGAACCCTCACGACATATTGTGAAAGTTTTTCAGGGCGGACTAAATATTTCAATTCTTGGGCTGGGCGAAACGTACTTTATCGGGGCCCTTCGATACCGTATGACCCGACGTCTGCGCATAATCTTGTTTTAGAGGTAAGCTTCGCTACGAGTTAAAAACTCTACCCTAAAGAAAACCGGCCGAAATAACTCCGCAGAAAGCAGAACTTCCCTCAGCCCGAGGTAGCTAGCATCTACGGTTGTACAGAAGTATAGACGGACTGTCATGAGGCTGTCCACCGTGTTGTCTAAGTGCGGTCAACCAAATATCATATGAGGACTGGGGTCTCATTGCTTGCCTATGAAGACTGTGTATGCGCTCGTGAGTCATTCCCCAGTAATCCGCGAACTAGGGTTGCAGAATCCGTCGTGGCACTGCAATACAGAAATTGCAATCCCGCCGCAAGACATACATTAACCGTTTACGCTCGTACCACAATCATCTCGTTGTTGGCGAAGCATGTTGGGGTGCGCTCTGAAAAGGCTGCCGATACGAACGAGTTTCGTCGTTCCAGGCTTGTCAGGACATAAGTAGCCTTCTTTAGGCAAGCGTGAGAGGGCTATCTCTGTCGCTTAAGGCCTCGCAAGGCGAAGCTCAGCGTCGCTATACGCGTTAACTCCGCCTGTTTAATCACACACCGACTATCATAGGCTAGGTGTGCTCCGATTTCGTCCGTGCATCTCATAGGCGGTGGGATTCCTCCTGGGACGGCCTATTATTTAGAGTCGAGGCAGAATTCGCGGGACACAATTCTTAAAATCGTCTTTGAGCACGTCAGGTGAACGATTGGATTTGAAGAG,1512,48.28,Caenorhabditis elegans
SEQ_194954,AGCCACTTTACAAATGTGCGGATCTACACTAGTGAGATTGTCGCTGCTGATACATCTTGGCCTTAAGGGGAAACCACGAATGGCATAATGCTACATTACTAAGCCAAAAGCGACTCTCGCCCGCAGCAGCTGTCGCACATGCTCCGGCAACGCAAAAGAAGG,162,50.0,Escherichia coli
SEQ_820692,TAAAGGACTTTAGCACGACCAAATACTTGGTAGAGGGGATGTCCGAGTACTTCGTACAAACTCGATGGTGACCCTGATAGACAAACCCGGGTTACGTGAGATTAGGACCACACCACAGCGCCTACCTGTATGAAAACCACCCAATTTCCGATAGACGTAACTGACCCTTCCTATACCGCTAAACCTCGATTTAGCGGGGCACACACCAAAGCGATCCTGTCCAACTCGTGTACTTAACTTACGTATAAAACGCAAAACATCTGGATGCTGACCAGTCCTACATAGAATGTGGTTTACGATTCAGTGATTTAGATGACTGTACTATTAAGGGACGAGCCATAACTAACAATCCAACGTAGTTACGCCAGGCGCCGCTCGGTGCGCTAGACCCTTAATCTCTAGACGTTTTAACGTGAGGCTGACGTACGCAAACGGAATATGCTACTCGACCGTAGAGATGGCTTGTTGGCGTCTTGGACTGAACGTCGCGCGAGGTCACGGAGCGGGTGGTCAGGACGGTTAGGCATTAGTACATTCCGACTAATTCAGGAGCCTCCCAGCGGCAGTATTAAGGCAAATGCTCACAGTATAATCATAGACGGTACACGTACGTTTGACGTTACTAAACTGATTCCGAACTCTTAGTACTAATTCAATTGTGCTCAGTATAGAGTTGGCCCTCCGCAAAAGAGGGAATGTATGCTTCGCTCCGGTTTTTTAAAGACTAAGTGCCGAGTCCTGCGTGCCATCAGAGTGCTAATTACGGGTACACGCAGCAATTTACTAAGCAGTACGTGATCAGGCAGTAAACCGCTCGGTCTACCTGTTAGCGCGGATCGCCGTACAAGCGTGCAAGACTCTAGAGGGGATCTCTCCATAGGAAGGTTCTATGTCAACCAGCATGGGCCTGAGATTTGTTAACAGATTGTGAAGCTCGCCGATTGAGGTATGTTGGAAATGGGCCTTAGTACGGACTTTGTATTCTCCCTACTCGTGATAAGAGTAAGAGACGCGGCGACTATTACTTAAACTTTATGCCACGTTCCTCAGAGCGCAATAGCCTGGCCGC,1069,48.27,Arabidopsis thaliana
SEQ_787296,TTGGTACCGTTTTGACCCATAGTGTTCACGAAGTGCTTGGGTTAGGCTTGGATTGTGGCTCTTCACCAAAAATGAAGGAGTAGCACACTGGAAGGGTTTCCCTAGGTCCTTCAATCCAGTACGGAAGATGGATCTACGGATGCCACAAGCTTGGCGCACCAAGGTATGCGAAAACAAGACACGTCTAGACAAAAGCGGAGAATAGCCTCTGTACGGCCGTTTTACAGCTCTTCTAAGACGTGTGGTGTTGGGTCACCCAACCACCAACCTCACACTAATCAGCCGTCTGCGCTCAAAGCTCCTTGTGGTTAGGGGTCGAGGTCTCTATAAAGCAAATAGTGAGAACACGCCTCATTTTTAGGCAATCACATCAGTTTGTCAGGACATAAACCAAAGCGTCGCGCGGGAACTACAGGCAGCAATCCACACCCGCGTCACGAATGTTCCGTTCTAAAGTGTTGGTTAGACTAAAAGATCACCGGACAATTTCAGTCATATTCAATATAAATTATCGGGTGCAAAACAATTCAAAACGTACTACTTCCCGCTTCGTATACGACTGCGCTATGTCTACTCACAATCCTTCGGCGAATTCCGCATGGGTGTAACGTATGGGCGTCCGGTAACAGCGTTGTAGCTGTTGTTCTCCGAGAGGCGACCGGGGTTAGTCGCGAATGCGTTCATGTATGTGCTGCTATTGCGTAACGGGCCCGAACACCAACCGAAATTATTAAGCCATTAGGCTCTTGGTGTTCCATCTGATCAGGACCTCTGTTTCGGAGACCGTATAACTCACACGGGGGTAGGTAGGTAGCCCCGACCAAGAGTTGGGACGATGCAGTCTTCCTGGCGTCAGCAACTTGCTCTTTGGACTAAATTATGTCCCCACTTCTAAAGTAGAAATTGTCGTTTAATGTAAGACCAGCAAAGCAAACCGGCTTTGCTTCGCAGCGAGGAACTCATTAAGGTAGGTTACACACAGAAATATCCGACACCTCTAGGACACTCTCGATCCACTACGACATTAGCGAGAGCATCCCACGCAACCATGGCTTTGCCTTTGATCAACAGTATATCATTAATTGGTCCATGGTCTGCCGAGATCGCTTGAACGTGCCGAGATATATTGGACGTTAAGCACTGTGATCTCATAGGAGATCTCTAAGTTCCTATTTGTGGAGCTAAGTAACTGGACGGGGGCCGCTTGACGATATGTTAAAGGAGTTGTTTTTGAACAAGAGCTTCTATAGGAAGCTCGAATTATAGCACGGTGCTTAGGGTCGATTAGGAAACGTGTGGTGGAACACGTCTAGATGTGTGTAACAGTGCCGGGATGATCTCCATTAAATTACGACTGGCCCTTGGACCCGGTCGCTGGTAGTCAGCCATCACACAAACATTAACGGGTGTCCTCAGTGTGAT,1422,48.03,Escherichia coli
SEQ_919492,GCCTATGGGTAGTGCTTGTTTCGACGGAGCAAAGCTAGGCTAGCGCACTTCAGAGGTCTCAGGAGTCGGATCACCATAGCACAATTCCGTAACAAGTTGAGTAGTAAGGTGCGGAGATCAGTTGAGTTATTAGTAGTGTGTGCAGATAGCCTGTAGTCGTATGACCCGTGAAGGAGATCGTGCTTCACGAGCACAAAACGCCGCTCCAGGCGGCCGCGGGTTCGTGCCAGACAGGCCGTTAATACACGGTCGTTTCAATACAGTTCTAACTCCTTAAGTATGGTGACCCCGCGGCGCGTGACGCCACCCAGGTTACACACCTACGACCTTTGTCGGCTGCAGACAGCCCGCTTACTTCTACTAATAAACGCTTGGCGGAACACTAGACTGAGTTACGCGTTCGCTTTTCTGAATTGGCATGCTTCCACTAGTATC,435,52.18,Arabidopsis thaliana
SEQ_164040,TCACTAAATGGTATTCTAGTACCACACCACGTGTAAAACACTTCAATCTGTAGTAGGTCCGACGAGGCTTGGGTTTTCTACGAACAAGCCACTCGTGGCCTCAGGTGAGGGCTGTTCATAACTCGATTAGTCACGGCTGCTAACTATGAACGCTCCCCTACGACCTACTGAGTGTACCGTTCGCAGGAAAGTCCGCCGCTCTAGTGCGTCTTGAGCATAGCGACAAGAGTCAACTGTGAGATAGAATTTGGCCCAACGCCTGTGCTGGACGGAGAAAGGCGGACATTCGTCTTAGTTGAACACACAGGCGCGTACGAGATACTTACCAACTTTTACACACGTTCTGGCACTACGAGCTTGAATGCTCCCGCGTGTTAATGCTACAACTGTTTCACAGAAGACCCTCGGAAGGACATTGACTTTGGAAGAGGTTCAGCCACCTCAAATTATTCACAATGCGTAATGTGTGCAGCCGGCTCACCTATAGTTGTTACCGATGATTGAGCATAAGATGGTGGACGTGAGTTAATGAAATTGCGGGTCGTTTCCTGTACACGGTAGGATTCCCTAAACCCTCGACTACGTCATATCCCCCCTCACATCTTTGCTTTGAATGGCAGGATCAGTCAAAGGGCTATTGTTCGTCGCCCCGTTGCATTTGTTTTCTAAAGCTAATCATCTTGCGGCACTCTACCCACTTCTCGCCCTGAGAAGCTAAGACCGGAACCTCTTGCGGAAATCTACGTTTCGACCCTTGCGGTTTGTGCCCGCCGTACACGCGAGTCCGCGGAGCCAGTATCGTAGTGAAAGTTTTCGTATACACATACATTCACCCGGAGACTCAGGCCCTACTATGCATTAGAGGCCATCCGGGTCGATCGCTCTTTTAAAACGTGGGCGACGGTTTCGGCGGAAAAGAGAGACAGGTGTGGCCTAGTAGGACTTAGGGGACTGTATTCGAGCCTCGATCATTCCCCAGGCTAATCTAAGCGTTACGCGGTCGTCCTTTGAACTCCGAGAGGCCGTACTTCCACCTCAGTAACACATCTTTTCCCGGAGGGAGTGTGAGGCAACTTGGAAAGTCTATTAGTGCCTGGGGTGGACGAGTAGATCTCACCCCTATGCGCTTCTTCGGCCCCAAGAATAGCGCTCTTTGTAAAACATCCAGTCGCGTGACCCTCATTAGCAATTTGACACGCCGAGCTTACTGCATTCTTGAAGCGGCCCCCGGCAAGCATGGTTCAAGATAGACACGAAACTCGCCTCGTCATCTTGGAATTGAGTTGTATTTCCGGGAAAGCGCTTCGTTGGTTATGGTGTGTTACCCCAGACGTACTTAATCGAGCCTACAGCGTGGCTAGTTTACGTAATGAATGCAGATTCCGTGAGAGTAGACGTTGGCTACATTGACTGGAATTGGGCTCGCGCAG,1430,50.49,Mus musculus
SEQ_103666,GCTGCTGCCACGACACTTACCATGTCATCACGCACTTCCCGACTCGTTTTATCTCCAGCTAATGCCTGGTGCCATTCTGCTACGAGCTCCGCATACTCGAAGCCGCCGCGACCTAAGGTGATCGAAACTAAGTCGAAATGTTAGCCGATAGAACCGAACGATGGTGATTCTACGCATTTAGTGCCTGAGGGTTGACCGTGGTAGATGGGTATCAACACTGGGAACCCCTGTGTACAGGACTGGAGCCGTGGCGGATAACATTCAGCACAGCCTTACGGGAGGAACCGCCAACTCTCGCTATGGTCAATATTCGGCGCTCAAACCGATACAGGGGGAATACGCTACTTATAGCGGAGAGTTCCGGGGCAAGAATCCAGATACCGGGAGACGGACGTGGCTACATCCCGTTCCCGACGGGTTATCTTAGTGATCGTCTTTATATCGCTAATACGCCGGCCCCTAAAGGAACGTATAGTCTGAATGATCCGAGCCTGAAGGTTGCACAAGTTGTCGGTTCGCATTACCGCCCATAACCTGTAATTTCCGAGTCGCTAAGACTAAGCCCTTTATCGATTATGGAAACACCAAGGCTAACGAACCTCGCTTACTGGCAGAT,616,51.79,Escherichia coli
SEQ_631432,GCATCTACCGACTCTAAGTGCCGTTGAGCGGGATTAGTTACTTCGTAAGGTCCAGACCTCAGTTCGCTGGGTAGGAGTCAGAATAGTGCCGATGACTATTTTCAGAAGTCGGGGCAGAAAGTCTAAACTGGACACCCTAGGTTTTGGGGGAGGGGCTCGCCTCCCAGTTCAGACTAGACTGTATGAACCGTCTACTTTATTGTAATTCACTCCCAGCCATTGTACGGTTGATTCAACCTCGCGCAACCGCGGTATGCCATTCGCGGGCGGTCGCTCGCCTAGTGAACTCCTCGTCGGTAAAAATGTTCGATACAGTCAGAATTGTGCGACGTCCATCCGATGATCCCCATGGAAACCTCCCCAGTTACATGGGTTCCTTGGGAACCAAAACGTATTTTGTCAATCGCTGTCATTACGTGGTATTGGCGTAATTCGGTATTCCGCTTTGAGGTAGTTAGGGTCCGTCGTGGGGGCCGAATGATAACAGAACACTTTGACTGACAGTTTGGTGTCACAAGAACTAATAGAAGTGAGGGACCCTCCCTTCACCCCTGCGAATGATTGAATTTGATCTATATAACCTAAAAGCGAATGTTTCTCAAAAGGCCCGTGAGGGGATGTGTGAGGTCGCCTATTTTTATATCTTGCCGACAATGGGCTCAATGCTATTACCGTCTTTTCCCATAGATAAACATTTGTAGGGTTATTTAGTTAAATAGAGAGTTTGGGGCCCGGTTAGTGTTGCGCCGATCTACCTTGGTCGAAGGACCCTTGTCGCGGGCCAGACCTACCTCAATCGTGATTACTAAAATCCCCGCATAGGTCAGGAAAATGCGAAAGATTCCAAACGCATAGCATGGTCAGTAAACTGTTGCGGACGTACGGACTCCATCTCCTCGGATTGATCACCGGCGTCAATGTGGACGTAATTGTGGGATCAATAGGGTTGTGTTGCCTTCTCCGCACTGTCCCTGACCCTTTTACGACGAACACGGAAGCGGTCTTGGACTTGATCCTGTCCCGACCGTGTGGCGCTAATTGCAGGAGGGTTCAAGAGCCAACGTTTTATTCCTAAACGCCGAGGCTCAAGATATATGGATCGTTTGTATCATCCATAGAACGGTCCAAGTGGAAGTCGGGGGGTCACCCGGTCAAGTCACGGTCCAGCAAGTCAGAACTTGGTGAGACTTTCATGGTCACGCGCTGACAGGTCTAACACTGAGGGGAAGTACCGACCGGGCTGCACACAGACCGGAAAGCCTTCGGTGAATCGCAACCCT,1280,50.08,Drosophila melanogaster
SEQ_133681,ATACGGTTCGTCATGAGATGAGCCACCTGAGGACCGGGGAGTATAAACGGCACTACAAACGGGTGACCTCAAGTTTCGGTAGGTGGTATCTAACTACGTTCAGTCCGACTTTCCGCGTATGTTCGGGGCCCACTTGATCAATTCTTTGCGATCAAATAATATGGTGGCAGTCCACCTCTGTACGCAGCCATCAGGGAGCCGTGGTGAACGGGCGTTCCAGAGACGAAGCATCATGGTGCACCGTGTGTGGTTTTTCATTTTTGTCTCGTCGGTGACTGCATTGTTGGAGACCACTTTGGTACGAACATTCAAGCGATTAGAATGGGCCTCTAACGGCTTCAGAAAGGTTCTTTAAGGTCCATTGCCACCGAAAACCAACTCGCAGGTGCGTCAAGCCCGCGGCCGACAAGACGAGCCTTTATATGCCATGGAATATCCGGATTGTAGCGTGGCGTATCTAGTAGACGAACACCGGCGATACGCCCCTCGGAGCTAGCGTCACCACAAGAGATCGGAGGTCTACCTGGCATCTAAGTTCCCGCATCTGTTACTAGCCCTGTTACTGATTGCGACAGGTTCGGTCCAACGAATATTGCTTAAGATCCCGATAGAGCAGGGGCAACTACCCCTCACGAAAGGCGAAGGACTAGGCTACGACGGTTCGCTAGTGTAACGACGTACTGGCGTATCCGCGGTCCTCCGTAGAAGTAACACTTGTCCCGGACAGACGTAAAGGCCTGTGATCTTGTTAGCCGAAATCAGCGGCTCTCCGAGTTCGC,779,52.63,Drosophila melanogaster
SEQ_190485,CTAGTACTCAGACCGCGCGCATCGACAAGAACCTTCAGCGGCTGATTCCCCCATCCACTTGCATTCTATAAAGGAAGGTTCCAATAGCCATCCTCTGTCTTTGAGGACAAGGACAGAACTAAGGAGTTGGGGCTTTCAACAGGGCCCGTCGTTGAGCTGTTTCGAACCCGGTAGCGGTAAGTCTTCCGGATGTTGGACAATTCGCCGAACGGGATCTCCTTCGTCGGAGCCATTCGGGTCACATGAGCATTCTTAATCGGACTTATCTGCGGGGAATTCTTCCTTGCTGGTGGATTATAAACTTTTTGATGGTTGCGCTGAATGCTTTTAGTCTTCGTATTTCTCGATATCGCCTACACCCCTCGTCCCGGACCGCCCATTGCAAGGACTTTGGATATGCCAGTCGGGAAAGTCTCATGCAATCGAGATTCTTCAGTGCGCACGAGCGATTATTCATTCTATTGACGCCCTAGCATCGCATCACGCTATGGTGGAAAGGCCTAACGTGCTGGAGGCGCAACTGCGGAGACAGTGTTGAATGTATTATTAACAGGAAAAACTTATCTCCTTCCAAAATGTTGGACAGACTTCGCGAGGGGACAGTTAGCCCAGCCTGTTGCTCTAGAACACTAGGACTCGTCATTGATCGGACCCCAGAGATTTAAGTCTCCGAGGCAAATCTGAGTAGGAGCAAATGACTGGTGGCATTAAACATCTACTGGCACGAGGATAATACTGGGATACCGTATACTGTACCAGTCTTATAAGACATATGCAGTAATCAGGGGTTGGATCCGGACCTATAGGGAGTCGAGGTTCCTGACACGGCGATGCCGAGACCCGCGAGCGTGCACTAAACAATATCGCCGTCAACACCGTTTTCCCGCGAGGGAACGCGTGGAGGACCTTTCTAGTCAACCGCGTAAATGAAACCTGGCCCCAGCAGTCTTCTGCAAATAGAGCCACGCTACCAATAAAATCCCCAACGGAACTATAACCCATCTTGAAATGCTCTTAATAGAAGGAGGAGGGCAAGAAATACATTGTCGGTGTTGTCCTGGCGCGTTTACAACGAACAGGTTGCCACTCATCTTCAGCATCGTCCAAATAAGCTGCGAACATCTTTACGGGAGTTAGTCCCTTGAGGTACTAGAGTCAAATACTTCTCATTATCTTCGTACTGCATATGATTTTGATCTTCCTAGACTCGTCGGGCCACCCTCGGGAACGCGTGCCCTAACACTATGAAGGACTTAGGGCGCGACGACCACGTCGCACTAGTCTGGC,1287,49.81,Drosophila melanogaster
SEQ_679194,CTAGCCTTGGTTGTCACCCCCTGAAATGATAGCATTATACCGGATTCTGCGGAATTAATCCAGTGGACTTGACCGCTACTCCTACCCATTTGGCCTCGGCTCCTGTTAGCAAACGATACTTGTGCAGCGTTCTTCGCTGCGTGGATTTCCTCCAATAAGTACGAAGACAGTCCTACCAACAAGTCAATTAAAGCCTGGGCGATTCCGTGGCCTGGGAAACCAAGCGTTGATTGAACACACGAGGGCAACGGTTCTCACAGCTAACTATCGTTGGGGGGTCGTAACAGTTGGCTTTTCTTGCTTCCTGACCCATGGGACAGTGCGCAACCGCGGTTATGAGTTAAGAACGGGGTCAGGTTGTTGATATTACATCATATTCAATCCCGATCAGTCTGTAATCGAGACTTTCTGTAGGGCTCCGCTACTAACTCGCTTGATCACATGCATCTCGCTGGGGTGGACACTTTATCGATTTTTAAATCCGGACCTTCAACTCCAATAGGGTCTGAAGGGATTGCAATATTTTAGCAAGCTAGGACTTAGATAGAATCCCGGTTATTGAACACAATAATTCATTGGGTTGCGAGGATGGGAGCTAAAGGCTATTGCCTAGGTGTGCTGGCCGTTATTGTCCGCACACAGTATGGACCTTTTCCCCGCATGAACATCTCCTTCGAGCTCACTAGTACCACTCTCCGTGGGCACAGAGTTTAACAGCCTCTAACCCGCCGCAGACAAGTCTAACATAGACGCGAAGAAGCTTCACCGGGACGCCATTCGAAATAGTAAAGCTTATTAATGACGGGTTCTTTGTTTCTATTGAGTAGATATGGCGGCAATGACGCCAAGAATTCACGACTCCATTACATATGAAAGCACACAAATCGCACCACGTTCCTAGACCGCAAGTGATGTCGTTTCAAGATGACCAAGTTCACAACGACAAGGCTAGGCGAGGTAGGTAGCGCCGCTAACCTCGGAGCGCGTCAACCCTACCGTGACTGGACTATTTCGATCTGTTATTAGATCCTTCTAGACACCCTCGGCTCTCACCAAGAAGTGCGGTAAGGGTGGGCTTATATTCCCATCGTTGAGACATTTTAGGATCAGGGAGATCAATTAGCTTTTCCCACGCAATTATCGGATTAGAGATACGGTATTATACCTCCATCAGTTGTGGACGGTCTTAAATCAGTGCGATCTCCTTATCCACATGTGGGCTGATACCAGTTCTACAAAGGTGCTCACTCGACTCCCGAATTAGGGATGGTTCACACTCGGTGAGGTGAAGCTGAAGGTAATGATAGATTAGAGGAACCTCCGCCCTGGTGTGCTTATAATGTTAACATAGTATGTATTTTACTATCACCAAGAGGTTTTCCGATCAACACTCAGGCCCTCTTATCGGCCCTGAAATTACCTACGCCCAGATTAATCAAGAAACGATCGACGTACTGCCCGACTCGTGATAGTCGCACTTTCTTCATGCTGTAGATACAGTCTGACAAGCAGTAATATCCCAGAACGCTAGATACAGGGAATGCTGTCTGAGAAGGTCACGGAGTTACCCCAGCGTGACGGGTGATGAGCGGTGGTGGTGTCACCATCGCACTGCTATATGTCCTGCACTTAACTTCGAAAGAACCGGAGTCGAAATAAGTGGATTTCGCGCTCGGCACATTAGGCATGATGGCATTGAAACCAAAAGAAGCCAGGGTTGCCCCATCAGGAGCATTCCCTTACGGTCTTAGCGCGCGGTCAACACTTCACTGGTGTTCCGCTACTAGACCGTGCGCCTATGATGCTCGCTGATAGCAGAATTTTTGAGTTACTCCTTC,1838,48.2,Escherichia coli
SEQ_985468,CGCCAACGGCCATATTGCATGCGTCTAGAGGCCCAAGTGCGTCCTGGGTGCCCCGGACTAATGACGCCGGACGCCTTGGTCCGTAGCTTCAGTGGGGTCACCACTGAAATTTCTCTGCCTTAGCGGCGGCTGACGCATCCGTCGCTGAGTATCTTTACCCATCGACATCAGTACTGTTGAGAACGGTGTTTGAGCTACATCCCTAATCGAGTCCTCTAGACATTGAAACACCTGACGTTGTGTCAACAAGCCCCGAATCATCAAATACAGCACTTAAATGATACGCGTTACTCAGCTTGTCTAGTTCTAGGCACACTACGCGTAGGGGCGAAGGCCACTTGTATGTATAACCAAAATTGCTACGGAGGATGCGCCTCTCTTGAACCTATAGCGACGAGCTGATGTCCGCTTAGGACCCGAAAGCTTCCTTAGCCCTTGACCAACAGTGGGTCTCCTCGTTTATATTCCATAAACTTATGCATCCGCCCCGCAAGTCGCACCTGTCCATAAACGAACAGGATACCCGAATTTTGGGAGGCGCGGACAAAGCAACCTAAACGCAGGTCACCCTTATGGTACAAGTCCCTACGTTTCAGAGATTCATAATGTTAGGGATGCAGTTACGATGAATGATTAAGAGGTCTGCTTACAAACTATGACAACTGTCTTTGCCTCAATACTAACCTAGTTTGCTAACACCACTGAGGGTATGTCGTCAGAGTGTTCCCATCGCCTAGATACGATGCTGTTTGCTGATTAATGATGTACGTGTATGAATGCGAACTATCGGAGAGGGCTTTTAGATCTCTATCGTTGGAATCAAAAGACTGAACTGTGTATGTGCACGAACCCTGAGCCTCAGCGGTAGACTAATATAGTACCTAAGCACACGTTTTATATTGGATTGACCTATGCCATACCCAACAACGATACGCTCGACTACCCTTGAGGTTACCAGTGTAGCCTAAGGCGGTTAACGTAGTGGATCTCCCGCTGAGACCATGTCACTGAAATAATCTCACGCTCAACATATCGTTCTGGTATATAAACTCCTGTAAATAATTACAATGGTCTAGTCACGTATAACGAATGTATCGGACGTTGCCGGAGGTATCTGTGGAATCACCCATTAAAATTAAAGGACTTGGAACTGATCATCATCTTGCTGAACTACACTTACACTGTATGTTCCACGCCACAACGTCTTAAGTGTCGTACACTGCTGGATGCGTGCCGAGCCGGTACTCTGGGCCGCCGAAACGCTGAATTAAAGACCCGCTGTGCAAATTATACAAACATCTTAAAGAGAAGTGGACTGGATGTCTTAGTCATCGTATACATCCGCCGCTCAATATCAGATCAGATTCGGCTAGCCCTTCGAAGCTAGGCCAAATT,1395,47.31,Escherichia coli
SEQ_703778,TGAGTAATCATGATAAAAACAATCACCATCATGCTGAAATTGCTTGAAGATTGAGTTACCTCAAAACGCCAGAACATTCACGCCCCGAACTGGCGGACTATAGCAATTCGACGCTCCTTCGAAACGCTGGATGTCCTAGACTTACAGTCGCGATCCCGTGAAAATCGAATCCACCCATGCCCTTAATACGTCAATATCGAGTGTTAACCACCGGTTATGTATCGACGGTAGCGACATACTAAATTTGTGGGTGTAGGGACCGGGCTATTAGAGCTGCAAAATCCTAGGACGCGCTACTGTACCCGCATACTGAACGGACTTGGTGAGCAACACTCGGGAACTTGGCTGGTCGGGTCTTTTTCCAGTAGCATTTCTCCGTCTGCCCGCTATGCAGGGGTGTGAGGGAGGTTAAAGCCCCGTGCTCTCCCGAGCGACACGTAGCCGAGACGCTCCGTCTACCTATACACCGACGTCCGCAGGGCGATTATAGTCCAATTCGATACTGATGAATAACCGATGAGTCGACTGACCGGGACTTCGGGCAACTATGTATGCGTTTCTACGCAGACAATTGCGCGATTACTTCGGCAGTGTCCGTTTATCTTCTATGACCAGTATCTGTTACGGTCAATACATTTTTCACATCGCCGTGGCTCGACGAGCCTAGGTCTCAGTATGCTCG,682,50.15,Homo sapiens
SEQ_877622,AGGTCCGCCGGAGGTTTACCGCACGACTGTAGTCACCAATAACAGAGCGAAGTAGAACATTGAGTGAGATTATAAGTTCCGTAGCCACTCATAACCATTTTAGTTGCACGAGACATTCGGTTTAGTCGGGCCGTTAACTCCGGGATCTTTAATAACGACTCCGCTCCCGATAGCTATGCCGACTGGCTGGAGGAGACTGGGGTGAGAGCCCTTAAGCGGCGTATGTGTGTTACTACCCTGGCAATTGTACGGTTCCCCTAAACAGTATCTATGCCATTATTACTTGCTCATCAGCTGCTATGTCTGAGCGACTCTAGGGAAGGCCAGTGCTAGCCATGGAGGATGGGTCGTGCGCTTGTTGTGCAGCCGGTCGTAGTCCACCTGTCCCATCATCTCGCGGCCCAGGTAAGTTATGGTGCAAATGTACGGAAGTTGGCGTTAACCAGTCGATGTGATCAATCAGCAGATAGGTCCTATGTAGACTGACCATCTTGTTGTATACAGCTCTGTGACGGCGAGGACCAACTGAATCCAAGCACGCCGGCTTCTGTACCTGCTTAGGCAATAGCTCCTGCATAGCCCACCATAGCTAGATATCTAAGCACCTAATTTTTACGTATAGGTAATGTAACAAATCGAATGGGCACTGGAAGCTTGTCGTGTCCCGCTGGTGACTCTTATTTTAAGCTCGCAACCTACAGAACTCATTCTGCCGTGCACAATATGTCAAACCACGAAGTCTTTTGTTGAGGCAATTCCGTGGCTTAGGTACTGGCACAAGCACACCCCGAACGTCGGTCAGAGTACCACCATCCTGAAGTCAGTTTGAAGTCTATGCGCACACCAAATACGTTGCCTCGAGTAGAGCCGCAGCATCGTGCTGTAAGTTCGAGGGCGCCAACGAGTGATGAAGGACTTTGTTGCACGTGCACATACTTGCAGGACGAGGGACCCCTAATATATTTGTGTGCGAAGAGGCTGTCACCCACGATCTAGGTCCTGCTCGCGCAACTCCTAGATGTCTCCGTATTATGCACTTTATACACATCCAAGAGGTATACCGTACTTCCAGACATTGCAACGACTCTAGGGCGTATGTCCTCTGCCGGGAACAGCCCTAGCCAGCAAGATTCACCCGCGAAACATTTACGGACTATTTGCCCTGACGAGAAGTCGATGTGTAGCGTGAACAAGGAGTGAAGCATAGACCCAAGCCGATACGGTGGAAGCCAGATTCGGCTCACGTCACTTGCCTGACCCCCAGGGACGTGCTTCAGATACCACTACCTTCCAAGGGCCCTATACAATGGCCAGTTTTGGCGAGACCCAGATCCCCTGGTTATAATAACCTAAACTCGGCAGAAGAATGGTGTCGGATAAACGACACACAACAGTCAGTACCAGAAAGGGAATTAGTCCCCTTGAGCAAAGCTGCCGGCGCATCCTCATCTGAGACGTGTTTGCTATCGACACCATCCGAAGTTCCCACAATGATTCTCCCGCGCTGACCCTATAAATACCTAGTGCACGTAAATCCGGTCCATTCGGGGGTAAGTACTATTACCATAAAGCCCAGAAAGTGATTCGATACGCGGCTCAGTCTGAATGAGCCCTAAACAACATGAAGCTCTGGGTGTTTTAAAGCTGACGACTAATTGGCGGTTTCGCGTGGAAACGTGCGCGTTTCCGGCTCGCATCATATACCAGAGCTAATGAGAGGAGGATGGAGACGCAAAAAAGTTTCATTGACCTCCGATCTTCTTCTGGCTAGAAAGCGTCACTGCCCCCAAACTACAAAATATAACTTGCAGGAGTCTAGCAAGGCTACGAAAGTTCGAGAGCGATGGTTCACTCTCAATACACAAATTTGAATGTATAGATACTACCCTATCCCCGGTCACGTATCGATGGGGTGTATAGCGCATGATCGGTATTGTCGAACACGCTATGACAAGTCAATTCCAATCTTGAATACTCAAGGGTAATAGTTCACGGGCCA,1999,49.57,Saccharomyces cerevisiae
SEQ_270980,GAGTAACTCGACCCAAATCACTTCCTGCTTTAACCGCCGTATATCGTATGCCAAGCTAATCCTGTTCATAACACATCAGAATTTCACCGCTTCACTAGTATTCCGTCGTGATAATGCCCCACGTAGGGGTCACGATACAGAATTGCCCAAGTCCGGTTTATAAGACAATCAAATGATTCTGTTCTGATCATCTTACTAATGACTTTC,207,42.51,Drosophila melanogaster
SEQ_197836,GTGGGTCCAAAAGAATTCAAAATGTGATTTGGTCCAGGGCGTCACAAAGAGCTAGCGGCGTCGCAAAGCTGAAGCCATAATTTACGGTTCGACCTCGTGCGTGAACCATGAAGCGTGCGTATCACGCTGTAGAAGTATCGTACCAAGGCCAACCACAGCTGCAGCACACATAGGACAAGCTTGATTTACTTGAACGTAAAGTCGGGAGCTAGCGAGTATCTACTTTTACTTCCCTGCTGTCCAGTAAGCAAAATCTCAGGGTAACGCTACAACATAGCTGGCGACCGTACGCTCGTGAGCCTTCCCACTCGATCCGAAAACTGACGTTTATTTGTCCAACCAGGGCGGTTTCAATCGCCGATAATCTCGATGTCGTGTATTACGGTGTACTTCTAATAATAAGATAGCATGGTGGAGCACCAACGGGTCGCCCACTGCTACCCAGTTGACACCCCCAACCCTTGTTGGCTCAACCATCCATGTGCAGTCAGCGATCACAACGGCACCATAAACACTATAAAGCCCTTGTCGCAACTCGAGCGCTGGCCTGTTATTGATCGCGATGACTTTTCATATACTGCTAAGATACGTTGAGGCCGAAAGTACTTGTAAACTATAATAGCGCCACCAATTTGCGCTAACGCAGATTTGTGACTGACCCCAGGCAGGAAGCTCTACCATTGCATCTAAAGTCAGGCCCTAGAAGGCCGCTCGGTGAATTCTGTAATACACCGGATACGGAAGGTATAAACCTGTAAGTAGAGAAACGGATTTACATCCTGATTTACAAAAGTCCCTTCCCGGGTTCCTAGACCGTCTCTACCCCGCCTAAGTGCTCTTGTGGACTAGATATCCGGGGGGTGCTAGGGATTCTTGGAGCCCTGAAGCTGCATCGAAGAAACATGTAAAAAGGTTTATGCGTCTGGGGCACGTAGATCCTTAGGGAGGGCGGTCGGTGCTCTATTGTTTGTTCTAATAGTTTAATCTCCTAGTACGCTAAGGGGAAACTCCACATCGGGGCTCGGGATTTGAGTCATTGAAATGAATTTCGCCATATTTACACTCCTCCGTGAGTAGGTGATCCCCTATGGGCTTTCCAGATTAGTTTAAATAATAGGCTTACAGAATGCTTGTCCTGCAGTCCGAGAATTGGGTTGAAAGTTCTCTGGCGCTAAGCGTCAGCAACCCTGCATGGCTGTTAAGGCTCATACTGAACCTGAAGTCCCGTACTGTGGATGAGGGGCTCGTGTCAGTCATGCGTTTACTCCGCAAATGACACACAGTTTCGTGAGAAAAAGGTGCTCGAGCGAAGTGAGGTATGCACAACATCTTCATGACCAAGTTGGTAATCCCG,1354,48.6,Escherichia coli
SEQ_608688,TTCCCGGGCCGGCGTTCAGGTTCAGGGGAAACCCACGAGGTGCATGAGAGATCGCACACAAGAATCTCCTTAGACGTACAGGTTGGCAAATTCCAACCGCGTGATAAGGAGGGAACAAGTTTCCGCACTTTGTGGAAGGATTGTGTTCTCGACTACTTCTCCCGGCAATCGGAACAGATTTTCCCTCATCAAAAGGCACTGTTAACCCTGGCAGCATTCGGCTCCAAGGGTGGTTGAACCCTTCTCTAAGGAGTCTCCGTTCAACTTTCTATTCAGATGAGGATACATAGAGTCTATCTACATCGGGGCGTCACTTCAATCTCCATGCAAACGCAAGCGGTGTTTGCCTGCGTTTTCACTTATGTGAAAGCGGATATCCGCACCCTCTGTCTGCCCTCACCTTCCGCTGGTAGATGGATAACGGGAGAGGCCCGTTGGAATGATCCCCAGGTCAAGATCCACTGTTTAGCTGGAAGCTCCGACTAGATTCTTTAGCTTTTGCATAGCTGTCGGTAAAACGATGTGCGATTAACACATGAGTCCGACACTAGAGAGACCGTCCTTTAATTGGCTATTGTTTTCACAAGTGTCCGAGCAGTAACTCGGACCTATTGGGCGGAATCACTCCCGTTGGACGTGAGACAAGATCTTTTTGAGCACTAGCTAGTCTAAAGAACGGTATGGTGGCAACGTGCAGTAACGGTGACTGATTCTTTAGATTTAGTGAATCATGCGATCAGTTACCCGTCAGGGTACTAGCACGCTTTAACGCATGGGCTTGCGACATCGTCCCGACATAGTGGCTACCCAGAGGCGCAAATCCCAACTTAACGACCGCGAAGCCACCTACCCGACGTTAGTGGGGTGATTGATGTCGGGACTCTTCTCAACAACGTCATGTCATCGGTCCTTAGCAATCGCCCTCTATGAATCAGAGGTCAAATACCATCAGGCAGGGCCCCCAGGCGTTTCTGATCCAGAACTCTAGGCAGAATTCGTCTGTAGTCCGCTGCGCTTCAGATCCTCGTAATTACAGCAGCAAATGTACCCACCAGGCCGC,1060,50.57,Mus musculus
SEQ_559045,AGGGATTAACTTTTGCTGACGTCCAGCATAATGAGCTAAGTTATCAGTGGCGAACTTCTTCACAGACCATCCGCTAGTGCGTGTGGCCCAGAAGCGGTAAAATGCCGTTCTAATCGATGTAGAACTGGTGTTCCCTGTGCCTGCGTGAATTAATGTCACACATATTGATGATTAGACGTGACACCATACGTTTGATGGACGTGAACTCAATAAGTCGTAAGATCGACCAGCATATAAAACGACTCGAAATCGGCGACCCGTGCGTAGGAGGCGAGCAACCCAGTGTGCTTTGATGTAGTATATGGATTATAAGGGGGCATTGCACAATTGTTATCTAATTAGAACCTTGTCAAAACGAGAGACACCTCTACCCTCTGGTTTTGAATATTGTAGATCCCTTGCCGAAAAGCCTTCTGGCTGGTTCGTCGCCCGTTTCACGTATTGTGACGGGTCCTACGCTGGTTTGATTTAGGTTCTACCGGTACTTCTCCCAGAAGTACAGGGGGAGCGGCTGTATGCTGAATGGCTGATC,532,47.18,Drosophila melanogaster
SEQ_512651,TTTCGCTATTGCATGGTCGAGGACGGACTACTCGTCTATCTGTGTAGCGGAAACCGGCCCCTAAGTTGCCGGGATACCCGCGCCTGGCGAACAGTAGCATCGTTCCAACAGATCCGTATGATTGAGGTTCAAACCCACAAAGGATGTACCAGCGCCACAAAGGTCTGTCGTCTGATCTTCGCCTGGGTGCTACCAGGGGGGGGCTTAGGTCCCTAGCAGGGAGACAGTCTCAGCACCAGCCAATCACAAAACTGACGGCGGAGGTTATTCCACCTCACGAGCCCCAACACCGTAGGAGCTGGCACAAATACAAGGCGTTGCAGAGGGTGTTTGCTGAGTAACCGCACCACACGTATCGCATGGAGGGCGGGGTGTCGAAAGACAATAGCTGGACTGGCTTCGACCAGTGCAAGTACATAGTCGATCCGATCGCGCGTTCAAACACAAATGATCTGCTTTTGTAAAGGGCATAAAGTGGGACAATTGGTTTCAATTTCAAAACGAGACACGCAGGACGTTCTATATTGTCGGCTGGATCATTTGTGATAGCTTGTTTGCCAGGGGAAGCACAGGTAGTATAAATGCAAACGCGTAAAAGAATGAGGAACCGGGACGACCAGGCTAGTGCGGAGGCTAGTTTTAAGCTTGCGACAAGTGACTGAGCATCGATGCGCGTAACGAACAAAGCAGGTGCCTTTTCTCCACTGTTATTACACGCACCCCCGGTGTAGTTATCACCTAATCGCCTGTTAAACGATGAGGCCCATCTCCTTTGATGCCGAATAGTAGAAGCTCGCTCAACTACACTTCTCATATGAAGCGCTTCGGTGGCACGAATCCCGGTGTTCGGGCACTGTACAGTAGTGCTGATCAAAAGTCTATAAACTAAGGGGGCGCTGACGCAGTAAATCAAAAGCCTATATTCCTGTAGAGACTATCCGTTCAGTGCGGGTAGACACGACGTGGCGGGCGTAGAGAAAACAGGGTTCATGTCTAAGAGGAACCTGGCTTTTTAGAGCAAAGACCAGAAGTACCGGCTTAGTGCGGACGGTCGCAGAGCGGCCAGTGGACGGGTCACGTTGCCTTAAAAACGGCCGGTCGAAACGCGACGAAGGTAGCACCCAGGGGCCCTTTCCCGGCTGCCTCTATCTGAGTAACCATGTACTGGTTTACTTCGCGTACAATGATACGAAGAGCGATCTAACTGTGGATTTGGCGTTTCGTCTCCGAACGTCGAAAGACACTGGGAGTCATCACTTGTGCCGCCCTGAGGAACCAATCACAGAGATAGCATCATGGCCATCTGCGTGCCAGACCGGCGGCAGCTTTCTACCGCTAAGACACGCCGACATATTGGTACCCGCTACATTGTCTGGTGCTAATCCCATACTCACGGAGGAAATCTTAATTATCCTCTGCGATACCTTCTCGCCCACTATCGCGGTCGCCACCTGTCGAACCTTTTGCTCTCGCATCTGTATGAACGCATCTAATGAGTATCTAGCTCCATCTTGTGGATCCCTTCGTAAAGGAGGATATCTCCTGGTTGTCATCAAGTCCGTACAGTAAGACGGGTTCGCGGCTTCGAGGCCATATTGACTTATACATGGTACCTCAGGGGCCCTAATCAGCCTGATTCAGGGCGCCGCAGCTCCCTAAAGTACTGCTGGAGATAAATTAGCTCGAGTGATCTAGGACGTATCTTAG,1707,51.73,Arabidopsis thaliana
SEQ_272845,CGTTTAGGCTATGGACCCAACGCCTAGCCCAATAAGGGAGGTTAGCATATCTTTTATAGCCTAAATGGAACCAGCGAATGTGGCGAACTGAGTTGACACCTTGCAAGTTCGTACGTTCGCTGCAGAATAACGCCCCAGCGAACTCTTGGGGGCACGCTTAATCACACAGGATTTCGGCCTTTTTCGATTGTGCCCAAGGCTTCGCCCTTACTCTACGATTAGCACGTACCTCTAAATCACTGTGGGGCGAAGTATTTTTGCTCCGGGTCTTCCTACAAAGTCAACAACATCGCTTGAGCTCAGTAGTTCTCGGCCCCAGGGGACTCCCCACAACTGATTGTATCAGGTATATTAGCGTTCTGGTCATGGTGTCAAAGGTTAGCCCCGCTCAA,392,50.0,Arabidopsis thaliana
SEQ_866939,ACACACAACTAGGTTAGCCAATTCCAATAAACTAACTGCCTACCAATATTTGCATTCTCGA,61,37.7,Drosophila melanogaster
SEQ_203482,GCGTCGATTCGACATATGTGGAGATCAATTGATGCGGATGCCTTCTGCCGCGGAAGATTTGACCGCCTTGATTAAATACAGTTTGTTGGAGGG,93,48.39,Arabidopsis thaliana
SEQ_332693,GGCGGCTCGCCCGGGTGACGGTCCCCAATCGAGTCGTGAAGCACATTCTTTGCCCCATTCGACGGCTCACAAACCAGATTGGTAGTTTCTTGAGGCTTCCGGAAACTGACACACCACCTATCGTTGTAGAGTTCTACCGGCAAGACTATTTATAACAGCAAGCACAGTGACAAAATTTCTCTGCACGACTGAGGCACTATAACGACCTTACTCATATATCGTCGACGTGACCTGCAAAGGGTTATCAGGCATCCCGCGGGCGCCTAGGGTTAATTGGTCACCGGTCAGTTAGACTCTCAGATAAAGGATAGTCGGGCCCAACCAGGAATCCGACGCGATCTGGGTGTTGGAACGGGAAGTCCTTCTAGACGTAAGGCCGCTGCTTCAGAATTCTGGATGTAGGGCATAGCGCGCTAGGGAACATTCACTTCAGAGAGGAGGATCGTGCCCCAGTCTAAGCCTGCAAACGCTTTCAACGCGACCTCTATGTAAGGATTACCAAAGTCCCACGGGACTAACGGCAACGCTCACCTACTAACGTCACTCCAGAAATCACGACAAGTGTGTGGTAGAACAGCGTTACAGATACAAGAGGTTGGATGTCGGGAGCTCGTGTGATCTATCTCCGCAGCTTCCGATCTAGTATACTTTTGCTTATTCACCATTTCGGCAATCGTCGCGATGCGGGATGTGCCCGGTACTGGCTGAAAGATTCAGATATCCTCAGGTAAGGTTGTATACGTCCGGACTACACGTACGGATAGGGTCTATGAATTGCGTCTGGTAATGGCCTTGAGTCGCCCAGGAGTTGCTCTCACTTTTCAGCCGTGCCCACCTGTTGACCGCGCTATTACCTATGTATATTAGTGATAGATGCGCTCTTTGCGCTGATTTACAGTTAGCAGGCACCGGTCATTACTCTGCAGACCGAAACAGTAGACTCCGTCTTGCTGACCAACTTTTTACGTCGATTTGCTTCCGGCATCCGTGCTATGGATAGGAAGCGCGCTACGGTTCTACTTGGAGCTTATTTATATCGTGGCAGTACACATGCGGCTTTGTATGAGGGTATTTTAGTTAACGCAAGATAAGGCACACCTGCATATACATTCTGCCGGGGGGCCTCGGTCCCAGGCATTGTGCTGATTGGTCAGTATGGACATTCTCTGAATTGTCCCATCAGGCCCAACTTCTCACAGGTTCTTGCGACTTGAGTAGGCATTCTGATCCGTTATTAACTATGATTTCCATGTGCAACGCCATCAATTTGGTAACACTTTTGGTTATAGTGCTTTGGGATTATGAAATTCACCCAGAAAGGACCGGAACAGGGGCTCCGGGGTTAATGAATCGACGAACGCGAATTGCAGAGAACGATTTAGCATTTGGGGACTTGGGCTGAGCGAGTTCCCCAGACCAAACACCATAGTTATTGGGATGTTCAATTCGCGAAGCCGACAGATCCCTGGTTAAATGGTCAAGGATTCCCTAGGTCGGCCCCGTCCCCATAAATAAGGGGACAAACAGAGCTCTGATGCTGACTTGTCCAAACGGGATATAGATTTAACCGTAATAGAATCGGACTCGGGAATTTTCTCAACTTATCACGCAACGCATCGATTTCTACAATCGTGGATAGGTCCTAATAAAGTGATGAAGGGGCTATGTGTGCTGGTGGCGTATGCAGATCGATAAAGCCAGGTACTGTTCCCTAAAAATTGGGAGCACTGGAGCAC,1736,49.31,Arabidopsis thaliana
SEQ_641747,CGATAAAGTAGTTATTCGCAATACGGAAGTTGTGATTGTTTTACGCTGACAGGAGGATTGGGGACATATCCGAAGGAATCGTCCTGGTCGTAGAGTATGTTTAGTAGACTATGGCTTGCCTGACCCTGTATTATGTAACTTATAAGCTTCACTACTAGTAGGCCGGGATACCACACTCCCTTACTTTCCCCCATTCTGTTCTCAAGCAGTTTTAGGTAACCAGCTGAACACCCCCTTGCTATGGATAAGCGCCTAGGACGGACAGAGGAAACAACCACGCACTAGCTGTTTCCAACATCGATCTGATCGGGATGTCCGCCTTCGTTGCGACCAGCCTCACTATGCATAGCTACGCGTTCGCCCCTACTCTCTAATAGAAGAAACGCGGGGCCAAATTCGAGAACGATCGGTGCCCTATTCACTGGGCTCACTAGGGCTGTGCTTAGAGTAGAATCCCGAAAGCAACTATCTGCACATAGGAGGTATTTTAATTGAATATCCCTCGATACCTGCTTAACACTTGAATCAAGGTGGCAAGAACCGGCTTTATGTGAGGATAATTTGTCGCTAGGTGCTTATACCACTGGGCCTGACTTTGACATAGACCAAGGTTCGACCGTTTGATTGCCTGGGATAACGTTGAAGACGCTTAAATGAGGCGCGGAGATTTGTAAATAAGTGACTCGATCTTTCTTACGGGATCATCTATCCTCCCCCTCTCATTGATAGCTATTGGTACGTGGATGCGTAGCAGTACATCTGGTCCAGTTGAGCACAGCACTTTTTGCGGAAAATTAATCTCTGATTGGTACCTGCAAGTGATTAAGTGCCACCGGAGTACTGCGTCATCACTTGTTCGTCGAGTCACGTGTGGTGTAGCGGGCCGTATCTGCCCTCGTCCTTTGATTATCTTATGGAAGAATCGAGTTAGGAGGTAAAAGACAATGGAACTACCACTGGACAGCTCCAGGATGCTCTGCCACTGCTCGTGACTGCTAAAGTATTATAAGCCGGCTACTGCTGATAGACGACGGAGTTTATAGACGCCAGTGGGCATTCTATGATGTTCGGACTATTGTAATCAGGCGCAGAGAGGAATTTCAATGCCCCCCTTCTGGCTATGAGAGTTTCTAAGGGAATCTGTCCCAATACGTGTACCACTATGGTTTGAAATCAGTGCAGTTGGAGCCTCGGGAAACCTTCACCGCCTGAGCAATCATAGCTGCGGGGTGCCTTGAGCGCCCGTGGGGGCTCGACCAGTACAGTCCAAGAACGCACCCAACATGACACATCATTTAAGGGTAAAGACCCTGTAGAACGCCCATTGATTATTTGTGCTCCTGGTAAGTGTCCTCGACAGCTGTAATATTCGCTAACTAGGGGGGCCGTATTCTTACACAAAGGGCGCGCGTGGTTTGAGTGCCGCTAGACCCTCTCCACATTACGCAATAGCAATTGAGTAGTGCAAACTTGGTCAACCCACTATCGTTTTGCGGGCTCTTTCACGTCTACTCAATCTTCAGATATGCTATAGGCACCCACCGGTGGGTCGAAGACGGGTGCTGCTC,1568,48.66,Homo sapiens
SEQ_150657,TGATATGCGAGGTAAGTTCCCGAGTTGCGTAAGTTGCTACAATCTTGGAAGCCCGTCGAAGTTTCTATATGCCTGACCGGACCTGACACTACAGCCTATGGCGGCGGCGTCCAGCAAGAGTCCTGAGTTGGATTTACGAAAGCGTAGTGCAGACTCCCACAGCGGGAAGATTGTTATCCCAGATTTAATGCAGACTCGAATCAGCTAAGCTATTCAAGTGTAGCGATAGTGCCTTCCAGACAACTTTTAGGCCGGTTCCCAAACGGTACGTAAACGGTCCGGCTATGCTCCATTATATAGTATGGAGATGCAAAGGACTGTGCAGGCATCATACACGACTTACCCAGTATGTAGAGAGCTAATCGTTGCCCAATGGACCTGCAAACTTAAACTCTGACACTCTTTCCGTTCGTTCCCTTCCTTCTGGGATGCTAACCGTCTAGACGGCACCTTAAAGTGAAAGTCGGAATCAATCTAGAGAATTCATCCCGCTTGTACCATTTATTATGAATCTGAACAGTCAATGCATTCAGAGGGAAGCGTATATGCGTACATGCGTATCGAGCCGGATAATTCTACGCTATATAGAGGAATTGGTCGCCCATGGCCGTGTGTCTGTGAGACTCAATACAGTCGCTTGTTATACCCCTCGCTTGCAAGGTGTTCCTGCCGTAAGATTAAGTTGAAGCAAATAAAGTCGCAATCTCAATAATTGCTAATGAATCCTTTATCAACGTTGATTTTCGTCTTAGCTCCTGTTATTGGTCAATCGATTTACGAATTTTACCCGCTAGGCACTGTGAGCACGCTAATACGGTGAGGTCCACTGAGGCTAAATGACCGTAAGTTCCAGGGCTGTATTTAAAAATATGTCTCATTGATGGACGTCCGGTCTTGTCACCTGGGGCCCGTGACTCCCGACGTCCTCGCATATTTAAGGGAACGTCGTGTCATAGAGTCCCCCTGCGGAACTAGCTCGCCCTACGTTGTAAGGATTACGCCCCACAACAAACTTGTGGAAAGGCAGCCCAGTTTTTGCTGCCCCGCCCCGATTACTTGTTCGTCAGTCATTGCTACATCTTCCGTTGTT,1090,47.43,Escherichia coli
SEQ_675814,TTCTCCCGAGAGCAACTGGAAGAGGAAACTATACTACTAACCTAGCACCTTTAGTCAGTCAGGCGCTCTACCCCGTATTTAGAACGTTCGATGGCCCTCTAATATTAGCCTATCACGTCGTAAGAGAAGCGCCCTCGTAACCCCTGTGCGGATATAACTGGTGTCTGATCACGCTGCGGCGAGTTCGGGTGTCATTTTCAACGCACAGCAAGAGGCCTAGGTAAGTTGTTAGCTTGACTTAGCATGGTAACCCTCGTAGGGGAGCAGTCTGTTCTACGATCCCTTATTTCTTGGACCAACGTGGCATCAAGCTCTTATCATGACTATACAGTAGGAGAGATTTCTGTGCACAGACCCGCCGGGTGATGAACTCAGCGCCTACATAATATGGGCATTTAGGGTACATACCTTTTTAGGAATTGCCCGGAAAGGGTCTCGATTTACGAACAGTCGGTACACACTGATCCGTGCAAGTCTGCGAGTAATCCGACCGATCTCAGCTGACTTTCCACGCCATACTGTAGTGATCTATCACGGATACGAGCCACTGCAATGGCTTTGGGAGCTACCAATCAGTATTACCTAGTATCCGAGGCGCGATTCTGCGCCTGTAGGCGCTGTAAAAGAAGGTCAGGGGCAAGTGTTGGTAGTAACGGATAGTTGAGTCCTAATGACGGGCGCATGCATAGTCAACTGCCCCCCGAGAGTCTTGGAACTGAAGAATTGGATGTTCTAGCAGACTCTACGCCCTCGATTAATGGCGCCTCGAGTTAGCTGCATGGCCGAGCGCCGCGTGTCCTCGGTGGAGACTTCAAGGGTGGAGTGATACTGTCGCCCAGCTGCAGGTTAGTACTAACGAACACCAGAACATTGCGTCTGCGTGGGCGGGCCTTAAAAATTCCCGCAGCTAAGTATTACGCGTCAGCAGCGGCCAAAACCGGTGAATTATCAAAGTTAAGCGTCTACCAGCCACCGAGGGAGTCCAACAGATCCACGGAAGGGATATAATTCATTAATCTCCTAGCCCATTGTTTGTGCACTCTCTATAAAATGTTGACGTTGCGAGATAATGCAATTTGCCCGGAAAATACCGCCGCACCGCACCAGCG,1109,50.59,Arabidopsis thaliana
SEQ_796087,ATTGACATGCATTGATCTACATGTACTGCACATCCGCTAATACACTCCGTCCGCCAGGTCTTATTAACCTACGGCTGATTTCCATGAGA,89,44.94,Escherichia coli
SEQ_375542,TTGCATAACGGGTCCTATTGCCCTTATCGGCAGCTGCTTCGCAAGCATACGATCACCGCGATACAACCGCCCTGCTCGGCAGCAGGTTTACAAGTATCTTTTTGTTCCCTAGGCCTAATGTGCTAGGGCCCCAATGAGTCCTATTCAACCCGGCAGGGTAAGAAAGCCGCTAATGTGTTGTAGATTCGTGTGGCAGCCATTACCAGAGATCTTCCTTCCGATGTTAGGCAGTCGGCTGATCCGGATCTGTAACTTCCAGAGCACCCCACACCAGACGGGTAATAACGTGTACAGAGATGCGCCGTCTTCTCTTCCGTCTCGTGCGGAGCAGGTTTCTGGTGGGCTTACGCGAGGTAATATATCCACGTTCAATCTCGGTTCGACGTCGCCGTAGGGACCCGGCATCACGGTCGTTCCAGGCGGGGTGACACGGTTGAGGTTCGCATTCGGTATACTGTTATCACCTAACGCTTGTGTCACTACAAAATCCGCTGGAATACCGTCTGGCAACGAGTGCTCAGTGTCCCTCGGTTTACTCAGGTCGGCGCAGGCAACAAACGAGTCAGCATTGGATTAACCACTGACTTCGTGTGTACAGAATGCGGTGCTTAACGTAGAGGGCAATCCGAAGACGGAAGCGCCGGCGCGATGATACGCATTTCCACGCTCCCTAATCTCGTCCGAGGTGGATAGTAGTACAACCGTTCATCTAAGAGAACTACACCCATGGTGAATTACCATCGGCTTCGTTTACAAGGCCTCTATGAGTGGCGGTGCGTCTACTGATGATTTGCCCAGCGCCGTCGACGCTGCAGATAGACCCCTGGATACCTTTAAGGTACAAACATCGTCTGAGACAGCAATGGCGCCGAT,873,53.15,Saccharomyces cerevisiae
SEQ_130963,AGAGTAGCTTGCGTCGATGATGGGCTTAGTTATTGTGGATGGACTTCTACCAGCTCTTCTGTAATGGACGTATGTGGCTAGATGTAGCAAAAATGCGCTGGTGGTTTGTAATCGATGCTCCTCTCCAGATTTGCCAGAATTTCGGCTAGTTCGCACTATTTGCGACTAGGATTACGACGTCTTTTCCTGTATTTGAGGTTGGGAGTAAGTCCATGAATGTGCACGCGCCTCCTCCGTGCCTAAGCAGTAATGTTCTTTGGTTCTTCCGGCTAATGGTACATGACGCGCGTTTCCAGGCCCTTAAGCCCACGGCAGAACTGGGTTCGTTTGATTATATATCAGGGCCTCGTGTGGGCTAAATGTATGCTAGAATCCCACGGAAAGGAGCGTGAAAGATGACAGAGTGGGTCAGTCTTAGTGTACTTAGACCGTAGCTTTCCCGTAGCTAAACGTCATAGAACGCTTTTTTGTTCTTACCAGCGCCTTTCGTAGTTACTCCAGGACACGTCGTTAGAGCCTAATGAGAAACGGCCGACAGAAAGCTCACGGGCATCAGCCTCGGACCAAGGTAGGGTTCAGCCCCTCCCTGCTAGTTCGAGGAGCCAATTCTCAACCGATGAGCGGGGACGTTATATGGTCGAACCAGCAAAGTAGTGGACACACCGTGAGCCCCACAGTCTTGACTATCTAACAGGGTAAGAAATACGAAGGTACTCGGCGGGCAGAAAAGTGCCTCTTTTTCGATAGACTCGCCGTATTTGTGTATTCGAGCATCGAAGGAAGATGGGTGTAATCAAACCGCCGCATGGGAGCAGGCTTCTGGAGCCTCGAAGCGGGGCTTAATTTTCTAGCTTATATTTACATCTTAGCCAACGTCCGAGAGTTGCATATGTGCGAATCAACTCCGGCCACTCCACCACGAACGGTTTTTCTTACGCGTCGTGGTATCTGACCCGGGTAAAACGCGTCTTGAGCCCCGTAGGCGTATTCGCCTCGTCGCACCGTCCTTGATGGATCCGATCTTAACTCGGGTTTAGGCGCGGATTAAGACTGGAAGACGACTGCGTCGGCATTGGAGTATGAGCAGCGCGCTCACGCCGCTCAGGCATATAATGTTTCTTCCTAGATTGTGACTGGTAAGGCCACACTCCTATGCGAGCAGATAAGTGACAAGGCTGCCCCCGATCCTGTCGAGCCCTTCTCAGTACCAATCGAACTGGTCTCGCCTTCAACGCGTAGATGATCGGTGCGCCCGAAGCCGCAACTCAGAACAAGGTTGGCGGACTATCAGTGCCCTCCGTCCTGGCAAAGATAATACGGATTAAAGGCCGTCACTACTACTGGGGCGCCACACTGACACACTGTTTAGC,1370,51.39,Caenorhabditis elegans
SEQ_352759,GTTAATCTAACAACCCGATCAGCCGTAGTACCAAGCGCCATTTACGGGGCGCCCTGTGCTCTTGCACCTAGCCTTGTCGGAGGACTCATACTTGACTCCCGTGCTCAGCCCAAGGTCTACCGTTGACGCAATGCCTCTGAGTAAAGGGCTACGCACACGCCCGGTTGAGTCTGGGGCAAAGTATACGATCCTGTACGGGCCTGAGCGGGCCTAACGAAAACCACCTGAGAGATTAGAAAAACCCGTCAGGATCAACCCACGGCGCACTCCAGTATGGAATTGTACATGTCCACGTGCCAAGTACTTAAACCGCGGGTAAAATGTAAAAAGTGTCCTTAGTTTCGTGTCAGCCGCATGATCGCTAAACAGCTGACGGCTGCCAGTTGCAGAGGCGCTAGTTCAGCCTTCAAGAACAACAATCGCCAAGCACCCAATGTACCCGCTCACCGGGGGGAACCTTTATCTACCCGTTCCCTTCCTAACTTTGTTCATTTGCCGACCTTGTTTACGAAGGGGTTTAATCCCGCCCATGGGGCACGTCTCGCTACATACCGCTTGCCTTCTGTGTAAGGTTGAGTGAGAGTGCGGATTGGGGCAGCCCTGGAGAAGTAACCGCCGACAATGTGTGTGTGATGCCACCGCGCGGCATGGGCAAGTCGTTCTAATTTATATGGGCCGCCTTTGGGGGGTTCAACTGCAGCCGCCAGGCACCACGGGCCGCGCCGCTACAGATAGTATCCTGACGAGCTACGCGAGCGGCTTTTACCAAATTACAAGTTAAAACGAGTTGTCCTGCCTTTTGACTTAGCTTTATTGAGGAGAAAGCTTCTCCGGGGCCCCTCGGGATCGGGAAGACGCAATCGGGGGCTGAACCCAAATAGGGAATCACACAGGGTTGCAGCTTGATATGGGACTCGCGATGTGGAAGTACTGGTACGTATCGGTCGCAATCCTAGTGTTATTTAATTCCTTCCGTAAACATATAACGTAGTTCTAACCGGTCGCTAATCAAATCGCGACTCGACATGTAGCCTTCCTCCGCGTCTTGTTAGTAACCCCTAAGAGCACCAAATGTGCAAGACTATTTGCAGGGAGAGTGTGATCCACCGTTAGATGGAAATTATATATTCAAGCACTCGCACTCTTTTGCATTTCCGCCAGGGCGTTTTCTCGGTGTCATTGTCAAGAAGGGATCTTGTTCATCGAGCTACAGTCGGCTGGGCAATATGACAGGCGAAGCGGTTTGTTCTCGGGGATCTACGCTCGAACTCTGAGGCAGCCTGAAAACACTATTCCGGGCCAATCATCTTATATACAAGTTAGCCTTGAGAATCGACTTGCGACTACGTGACAACCAGCATGGTCCGTCTGTGAAAGTGTAAAGGTGACGCGAACGCGCTCAAAACCTACATACGTTGGGAGTAATAACGCTTGATAACCCCACCCCTACAATTATTCTGAACTGTGGTTTCCAGGCATCCCATATCCGAGAACTAGACTACGGGTTCCGCATCGAGCGAGTTACGTGCAAAAATTGTCCGGATGGACAGCTGTGTGTGCAGGTACCGGCAGCTTTGTAGCATTAAAGATCGCTGTTCCCTCATTCGGATCCACATTCACCAAGCGTCCTGTTAGAACATATAAAGGAAGGTGGGAGTCGGCTCGTAACAGCACACGGGTTTTTCTCGCACCCTAACGCAAAGCGATGGTAGACTACTGGTCTGGCTATTGGCCCAACAGATACGATACGAGATGGC,1757,51.39,Mus musculus
SEQ_395623,GAGGAACACGTCATGTTCTTACGCGTATTGATGGCCCAGGTGAACAGTCTTGTGGACGAATTTTATCCCTCAGAAACTGTGACCCTTCTACCTTGTAATCCTCACTATCCGCCGTTGAAGCAAATGTGGACCAACGGCACCCAGCACATTGACAGTCATGGCGGAACGGACTTTGTATAAGTTTAACGCATTAGTCGGACAGGAATTTATTGCTGGCCGAGGCGACTAAACGTTCTTGGTGGTTAGATGGTCGTTGGAGCCTCCTCCAGATGGGGAAGATGATCGAGCGCTACATAAAGGCGACTGATAGGTCCCCGTACGCCTGACCTAGTAGCACGGGCTCACGAACCTACTCTCACTCGAGCCGTCTCGGATCATCTGTTACACCCACGCCACGTCATACTGTAAACCTCCAAAATAGTGGCAGATGGGATCCAGAGGGGACACTGCCCTAGGACCATCTGAGTCAACTGCTTCATGGGTGATTATTTGTCTCAATGGG,502,50.8,Saccharomyces cerevisiae
SEQ_307556,CCACTCCGTACGTTTTTCCGCCCGCGCCCATTACGAGTCGTAAACTAACGGTGAAGAATATAGTTCAGCTAATACAGCACGTCTTTGTGGCCGCACCTCTTATCACACGGAACTTTTATTATTAGTCCATGCTCAAGCGATCACCTTCGCATATGCGCGATGATTCGAATTGTCATTGCGGCAACAGCACGTAGTTGCCCGGGCTATGGACATTGACTTACCTTGCGGACTCAACTGCTTCATCTCCCGTCGTGAAAACAAACTCCGGCGTCCCTTACGGAAATTTACCATCGTTGATAGAGACTCCGCGCCTGGTCAGCTATTTATGCTCTCCACCTTACAGGATCAGAATACACCGCTAGCGCCTATCGACTTGGTTGAACTCAATTCATTAGTACCCAATGACCATGCATGACTGACTCAATGTGCTCCGGTAAGCTCAAGGGTGGGTAAAAGAAGTAGTCGTTGTACATGGGTCGCAGTCTAATCGCATCGTGGAGGTCGCCAAAAATTCCTTTGGCTTTTTGATGTACAAGAGGTGACAACGTCATGCTCGATCGTGCCAAGAGAACGCTGGGGTGACCACGAAAACGGGAGGTGTGCTCCTTACCACTGCATTGAAGGGGCCAGGAGTTTAGGTCAACGTGTCAGAACGCTGTATATCTGTTAACGTCACTGATAACTACCGATAGCGATCTGTGAACCCTTGAACCCCTGAATGGAGCCGAACTGAGCTCTAACCGTAAACCCTGGCGCGGTCGTCCCGCCGGGTTACATCTACACTGTTCTGATGCGCTATTAATGGCGACGGCCCATCTCGGCATGTTCATCAATATAAACCGCACGGGCTGTCCCACTATAAATTCCTTATTTTCGTCGGCCTCCGGGCTGGCTGAGTACGGCTGTGATATCCCCGACAGCAACTGGCATGGTGCAGATGGGATGCACTGTCAGGCATGAAGAGATAATATGTCTGTAAGCTTACTAAGGCTTACTGTTGCTAACTAGTTATTAATACCCTATTTCAACGTTATTCCGAATTTCCTAGTACGGAGACCGATACTAGCATTTTGCTGATAGATGAGAAATATGTGCCCGTAGATCCAGTCCTTTGTCACTATGGGCCCGTAGACGGAGCCCCATGGCGGTGGTAGGTCCCCCACCAACGATTATCGCGTGGTTTCCGCCCTCGCGTGACTTCAAGGGTAGTCCTGGTAAAGAGATCAGTTAAAACCCTCAATTATGAGGCAGCCAGTCTGATCGGTTTGAGTCTGTTCTTTTGCTAGAGGATAACGGTGCACCTAGCCTTGCACACATTGTTAAGCGTCGTAGCTTTAGCTGCCACGCTTATTCTCAGCAGAGCTGAATTAGGTTACGCAATGGGGCCAAAACACCGATTTTTCCAGCCTTTATCCCGGTATATAGGTCAATATATGATGACTAGCTAGGCAAGGGACCTAAGTACGATCTAAAACGCGAGGATCCATTTCTATTGCAGGGCTCCCTGAAATAAATTTCCAGATAGAACGAAGACCCTGTGCGCGTGACTGGTCACCTAAGTAACGCCATGAAATGAACATCTGGGTATCGTTTATGATAGGCTCTAGATTGTGGTTAGCACTGCTATCCTTAACATCTTGCCCGGTAAATCGCCAAATTAACTAGAATGTCTTTTTCCCTCCGCGAACATAGGCTGTTTGACAATCGCGTGTTCGACAATGCCGAGAGGTTCTGGATACGGAGGCTTAGGCGCAACAGGCCGGATTTTGGGTCTCCTTAGTTCATGGTTTAAAGCGCC,1798,48.61,Mus musculus
SEQ_805839,GGTGAGGAGTCCTGCGACGGACCATAAACGATAGGCTGCCGAGTGTGATGGTGTATCCTATTATGCCCCCGTACTTTGCATAAGGGAGGGTCCTGATTCTCACTATTCCTTATGTCACTCGTACGCTAAAGCACTCTCTCAGGGATATTTTTGCGACTGCATGGTTCAGAGAAACCTTTGCGCCTGCCGATTAGGCATAGTCCGTTCAAGGCAATTTAGAGTTTTATACAAGTGTAGCTTCGCATCTAGATAGTGTGCGGCAGCGCCTATAACAGATTATTGTCGTTGCTCCCCGTTGAACGGTGCGTAAACATAGTCTCCTTTCGCTGCGTGCGTGGCCTTCCTACACCACGGGCAACTGGCCTATGTATTGAATTGATTTACCAGCTATATTCCTGTAGAAGTCCGTGTTAACCCGACCAAGTAGTACGAATAGCAGTACGGGATAGGAATCCAGCCGGATTACAACACGGATTGAATGAGTACATATGTCGATTAAGGCTTACTTAAAGAATACCCAACTTCGCATGGGCCAGCCGACCCCCGAGCAGAATAAACAGACGAGGTCCACTTAAGAGACGGGTGAAAACTTTGTTCTGCTGACGATTCGGGTTCGCCCCCACCAGTATCGAGGAACGATGAAACTCTTACTAGGCGCCCTTCTTCCTTGGCTGCCCCGGCCTTGCACGAGGGCAGAGATTCTTGTGGGTGTCTCCTGATCCACGGTGTCGGCCGCTAATCGCGATGATGGTAGATCTGGGAACACTCTGCGCTTTCGGCGCGAGGATTTTCAGACCAATAACGGAATAGCGAATCAACCTATCGGTCCACTTTTACAACGGACTTTTTCCCGAGATCGTGGTGCCAACGTCGGATCCGATGTAAGAACATTCCTTGAAGAAGGCAGTCAATCGTTTTCGTTGAGCTCACTGTGGCTAGCGACGCGTCGGCAAGGGAGTACGCGTGAGGTTTGCGATGCTGTTCCCCGTTGATAATGATACATAATACAGCACGAGTGTGTCCGCGTACCTGAATAAGTTCACTCCCTCATTGCCAACCACTACTGACATTGAATGGTGTCACAACAGTGACACAATAATGCGTGTTTTTAGCGGTGTATAGATCTCGTTCTATTGTACAACGTTACCGCTCTCCGGTACGAGTTTGGACGTCTAATTTGCCTGCCGAACGCCCAGTAAGAACTATTACCTCTTCCTTTTTGGCGTCCTCCGTGATTGCAACAACTTATGCTTAGTATGGACGGGAAAAGACCGTGCCTAACAGTATGCCAACGGCCCTCGCGTTGTAAAGTGTTTCAACAATGTCAAGTGGTGCATCCGCCGCTAAGATTCGCGTGGCTCCAGGGATGTGATGAAACGGATTTACCAAGGGTGCGTAGCCAGGGGGCTGCCTAGAGCTCATCTCATTACGAAGATTGCGTGACTCCCCTAGTTGTTATGCGAAGAGGAGTATCCTGGATCTGTTCTGCACACGAATAAATACACGGCCTGTGA,1514,49.6,Saccharomyces cerevisiae
SEQ_700112,ATTCAGCTTCTGACGAGTCCGCGCAAACAAAGCCTACCTATAGAAGGGGTGCATTGACTACATAAAGAGTTTTCTGGTTAACCGACTTGATTCATGGAAACCGCTGCACCCGGCACAGACTCAACAAATATACATTCTGCCAGGCGCCTTACAATGACCGCATTGCACCCCTATACCTTTCCTAACAATGCGACTAAAGTGGGACGGGTGACGTCCAGGATTCCTAGGTCCGCGCGCGGTCCTATCCCGGTTTTACGGGGTTCGACCAGCGATCAATACCAAACATACTAGAAGTGACACCTTCCGGATGAGCGTTTGCGTTTGTAGGCGGTTCACCGGGGGGGTACTCTTTGCTCAGCGACGTCCCCGTTCTCGCAAGCCGCTTAGTCTAGTTACCATCGTCCGGCGTGCTCTACGATCTAACCCGCTAGTTTCAAACCAACTCGACCCATCACCGAGTACCGATGCATCGAAGTGGCCTGACGTCCCACTTACGACCACTTTGGTGTACGCTGGGGACCAGCTAGCCCTAAGCTGGGTGGAGTAGCAGGTATAACCTCAAGATAAGTAGGCTTGTCGTGAATCGATCGCACTACACAAATATCGTTACCTGACACATCTGGTAATATATGATCCTCAATACCAAAGGAAACGGCCGGATAAATACAATGATGATGCAATCGGCCAGAATCTTAACGTAGTGAGTGATGTGGTGCGTCCCATTTTCACCGCGTCGCCTGTCGGTATCTAGTAATCGGCCCTGTGTTGTGGACAAGGTTTATCAGAGGTTCCCGCATGCTACCTCATAATGGCACGGGTGAATGTAGAAGGTAGACTCGCCCCCATGTGTCAATCTATAGCAGGTTCTTTAGCATCTCGCCCCTTTGGTGTGAAGGCGCGGAGCTCTTTACGATCAATGTAGTAAAGCATGATCGTATAGCAAGAACTTTAACCGGGGTAGCCTCACTCCGACGTCTACCAGTGGAGGCAAAGACTTGCGAACATCACGCATCGCGTGACCAGACAGCGCGAAACAGCTTACAGCGATACGGGGACTCTGGTTGGCTTGTTCTGAATGTATGGTGGAGGAGCTCACCCGTACCGTGCGTCACGAACCCCTTTCCTGGACATAAAACAATTAGTTCCTGGACGATGCTGACTTGATTACACGCCTCCAGACTTTGCGACTCTAAACTTAAACGAAATATTTGGTCGCAGGTAGTTAATCGACGGCGTTAATCGTCCACATCCAGGTGCTAGGGTGGAGCATATAGATCCCCCATCCTATAAGCTTGTTTAGGCCTATGGTCTCCAGCGCAGTTTAATAAGTTCGGGCGTCTATCAGGCTCCGCATGGGCATACAGAGACTTCCCTGGCACCAGGCCAAGTGGGACATCAGACGTTACGTTCGGGATATCATAAGTGGATAGGACAGGCCGAGGCGTCTGTGCCTCGACAGTTCCACAAGTTCCCGGACTGTCTTAGAGACCCAATAGTAGGAGCGGCCGAGCACCAGCAGACATGTTCCCGTTAGATATGTTGGTGCGACACGCTTAGGACTGCGACGGAAGTTAACATCCGCTCGGACCGTGTTGTTGTGGTAGACTACTTTGACAGGTC,1620,51.23,Caenorhabditis elegans
SEQ_550596,GCGAACGAAAAGGTCTAATGCTGGCCAACCCCAATGGCTTCGTACTCGGCTCGGAGGCGGAAACTTTGACCCCGTCACTCTCGCTGGAAGGCCCTTAATGACTGATGGACCATTAACTACTCTCAGGCTGACTATTGTGCCCGTGCGCTCTTGACCTGAAAAGACCGGATCCTGGTAGTCAATGAGAAACCCGGGGTCAGCGGCATATGAACCTGAGACCCAGCCTTGCTATCTGTCCCCGAATATGTCGTCACCCGATAATGTGGACAGTAAGTATTCAGTCCACGAATCCAGAATCGTAAAAGTCGTGTCTTACACTACGACCCATCGAACGACCATTGGACAAGCGATATAGTGGCTGGTAATTCGAGAAGATGCTGGATAGCGCGCTCCCTTTTCAACCAGAGAATTAAACGCGATCGACGTGGATAACGCGCAACGATGGACTAGGTGGGTAGCAATCCTTCGTTTTTACGTCGTTCGTAAAGTTACGTCCAACAATCTTTTAGGTGGCCGAGTGCAAAGGCCCGATTGTCGGGTCCTTTCCTGAAGGAGTGGCGTCTCTTCTAAGGCAGGTCATTAAGTAACTACATGCGTCCTTGTCAAGTCAGGAGTCGATCCCTACGGCACCAGAAGTTCCATACACTGAGTGGTATCTCCCGACGCCATAACGCGATCAGTAGCCAACGAGCAACATAGTGCAACTAACCTCCCGTTCTCATCGTAACTGTTTTAGCTGCATGTCGAATAGGTGATGTCCCGTGTCTGTTATTTTGTCAAGGCGCCTCAGAGCCTAGGACAAAATCGTGGATCCCCCCAATTGTCCTCCGAAGTTTGGTAACCTAAAGAGTCCCGGAGCACTAGATACTGCATACAACGTTTTATATCTCGTAGGTGCAAGCTCGGTAGATTAGGTCGCCTTAGGACGAAAGCCCTTCTATTGTATCTACACGTTCTAGAACAGAGCTAGGGTGTTCTTCAAGACGTTCAGATGGCCGAAGGGATAGTAGTTCTGGAGATTAATATCAAACGACCCGGTAGTACCTGCTCACTTGGGATGATGAAGTTTGCGCCACTATTCGCAAAGATCTGGGGCCCATGCCTTACCCCATCCTACAGATAACCATACATTTTATGTCGAAACGACTTTATTTATTCTCTCGCGACCGTGTAGGTATCGTTGCCTCAGTTGCTCGGCTTTTTAGCAGACGATGGTTTGTCGCGACCCTAGAATACGGGGCTGTGCGAACCCGATGTAATCTAAGTGGACGTGTGCATATGGCTTTACTCATCACGTGGTGACGGAGTTACTTTTCATCAGTGCGAGAGGGCCAGGTCTTATTTTTCTGTAAAACTTGAGAGCATCGTCAAACGCCGTGCCAGACCTACGGTTATCCGAAGAATAGCCGATAGCACCACTGCCCGCCGGATAAAGTCTAATCGCCAACTCACGCCACCAGGCCGTACCTGCGCAATTGGCCGCCCCATGTGCACACGTCGCCGCCCGGTCATCTTTCAGGAGTTAGCGGCCCTGTGTGATCCGAAGAAATCGCCCGTGATCACCTGGCACACTGGGCCTATGGCATGGGGGTACCCCAGTTCTAACAGTAGCACTGGAGGACGTTGGTTGCCCAATATTAGAGACACCGTATTAGTGGACCTAGAGCCGTCGAAATAGA,1679,50.51,Saccharomyces cerevisiae
SEQ_359912,AGCGGACAGATCTGATTCTTCGGCAATGCACGGGACAAGCTGTGAGGCCCTGGCATGGAATTTTTGAAGTACACACACTGGCTACCCCATAATTGCCACTCGCACTTTACATTCTCGAACATTTTTATGCGAGTGCTTGAAAGTGCTGGGGGACCAACCGCCACGGGCTATTCAACCTGTCTAAACATTCTTCGGCACACGGGAAGGTACCAGCCTCATGCATGAGTGTCATGCTCAATACCAACAGTGTGAGCTCTCGAACAATAGGTAAGGGGTCGGGGTCGCCCCACAGCGATTAGTTCAGAGGATTCAGGATTGCAAACGAGGTGGTCCGGTTGGATGACTAAACAGCGGCGCGTTTCACGCCCCTATCTGATGTCAGGACTTGGAT,391,51.66,Escherichia coli
SEQ_806633,GACAGGCAGCCCGTGGCGACAAAGCTAGATTGCCAGTAGATCTTAAGTGTTCTGTCGTCACCAATTCATGTCTGTAAATCAACTATATTTGGCCGGTGTTTCGACCTTTGCACCTAGCTATTAATGTCAGTATAAACTTTAGCGGTTTTTTAGTACCTGTCAGCCACCTAGGGAGGGAGGGATCTCCTCGGCGATGGTCTAAGGTCACTCCTTTATGCTGGGTGGCAGGAAGTCCACATCCCGGTTCTTGGAATTGAACCAGGCACAGGCGAGAGACTTATAGTATGGCGATCACAGGGGGGGAAATCTCATAATTGCTACTCGGGCGGATTCGCGCGCAATTAATCTGACAAAGCTTGTAGTTCTTTGCCACTTTGGAAGCAATACGAGTGGTGCCATGTCAGCTTGAGAGTTGATAGTGGTATAGTGTGTCCTAAGACCTCATGATCGTTCTTGGAGGCCACCATCGTGCCTCGGGGACGGGGATTTGGCCTATACCGTCTATGGTAAGTATATGTGCTCGTATCCCGTAGTCATTCCTGGTGAGAGCATAAATCACCTGACCCTATGGCATCAAAACTTACTAAAGTTCTTTGGCTGGAAGACTGCCCGCACTCGGCAACTCCAGTGTTAAACTCAGGCCCATTGCGGTTCCAAGGCATATAGGTCTTCCGTCGCTTATGTGATTTCCCCTACAGTGCTAAGGAGGAACGCTAATTATGTGAAGATTGCGTGGCCTTCTATTCGTATAAACCAGAGTATTGGTAACCAGGTGCAATAGGAGACGTGGCCCTCCTATATGGATCATAAGAGTGGTAAGTGAATGTATCACAGCCTCTTTCATCTTAAATTACGCCTCGAGAGGTCTCGTGAGGGCTGAATGCTGTCAAGGCATCTAGTGTTAGCCGCAACGTAGAGCTCTATACGGACTCCTCCGTCGTTCCTAGCTATTTTAAACTGCCAACTTGCCCTCCAGATATTATAATCCTGCCGGGAATAAAGAGCTCTGTTGCTACTAGGATATGAAGCTTTGCGGGCCTCAGTCTCATCTGGTGCTGTAAAAAGCACCTAAGTGAGGTTAAATCCGAGGGCCGACTCGGACCTGAGGGGATACGCCCATATCAGAGTTTTTTTATGGGAGTTGTTAAGAGAGAGAAACCTTAGCTTAGGGCTTCCTTATGGTTCAAGAACCCCCTTTAGGGCCAGCAGTCTGATTCTGATAAGCCCTTCAAGACTGATCCGGAGCCAAGCCGTTCTGTAGGTTCGGTCGTGTCACATGCAGCACATATATAAGTAGCAATGGGCGAAGACCATCACTTCGAAACGCACGTGTAGCTTCGGAGGACCTGATCTAGTGGATACCTGACCGAGTCGTGTGAGAATTAGTCCCTGGACCTCGGATG,1403,48.47,Caenorhabditis elegans
SEQ_765453,AAAACAGCTCCATGATAGTCGGCCTACCTGACTTGTCCCCCGCTCGCCAACTTAAGATCCACGTATCATGGCGTTCCGTGCGCTTACACGCACTTACCGTCGATTATACATCCTTGCTATGGAAGTTGGAGCTGACCTCTTCAGCGTAAGTGATGGTTAGCGCTTTTAAACGTACTGGAGTACATGTATGAGGACAGTCTACGTGGAGAGTGAGGCCCCACAGTATGTCAGTTGTAGTATTGAACATAAGCTACTAAGCCAAAGCCAGCATGAGATTACCAGGTTGTTTCGCTCGACAGGTAAACTCCTACCCCCGTTGAAATGTTATGCAAACAGGCAATTATCGGAATTCCGAGCATTTGAACACAAAGCACACGGCACAGTTCGTCCTCTGCAAGCATGTGGGACCTTTAGACTCCAACCTTCCAGTACGCTGAGTGAGAAGTAAACTACGAAGACTCAGGAACTGGTACCTACTAAATATGTCCGCTAAGTAAACAGGATAGTGTAGAGCTACACCGGATGCACAAGATCAACGCCCGATTGGGCCCAGTTAAGCAGGTAACTCAGAGATCATTCGTTATCTCGATACCAGCTCTGAACAGTACCGCCGCAGTAACTAATACGGACTACGCCAGAATAGTCCCCCCTATCACAGGCCCATGCTTCGGTATAACGGCGTGTGGGAAGAGATTTTCTATCTGGCGGAACTAGACTCTGCCCCTACTTCTTCTGACGCAAGAACCGTAATCGGATATTCGCGCGCTGCTCCTGTTCCCACTCTACCCACGGGGAGTTATGGGGGGACCCATACGGGCTCTTAACTTTACCATGAGTAAGTCGACGGTCAGCGATTACGGCCATACGAAGCCGGTCCTGGTAACATTAATAGATCAAAGTGACTCGACGGGGAGGGTCACTAGAGAATGCCATCCGTGTTGATGCGGGACGATGGCTACAGAATTCTGGACGGACCTGATCTTCTGGGACATACGGGCCCTGAGATGGTTGAACATTTTTAAACCCCCGCTGACAAGCAGGCATTCCTGGTGCTGAATGCTACGAGCATTCACGCCCGAACGCTACAGTTTTGTATAACGGAAGTCGTAAACGCTGTGACTCGCGACAACTATCATGGCTACTAGGGATCAATCATGAATTTCAACGCCCAGCGTCTCGCTGAAAGTGTGACGCCCATTCTTTTTTGACTTTCTCGTCGCCTCTTCACCGAGTGGCTGCCTGACCGAATTAGTGGCTGGGGTTTGTCTCGGTGGGGGCCTTCGCGTAGCAAGCGCTCCTACTAAAGTCACGCCCAAAGCTTGAAAAACGACTCTCAGGGGTGTGCCGTAGAAACCGACGTGAGCTCCTGTGGTACTTCCGTAA,1383,50.47,Escherichia coli
SEQ_900024,TGTAAGAACTAGAGTGTTCCATAAGGTAAGCAGGGTCGTTGCATCAGTACCGTTTAATCCGGCCACGCACTTAAACCTTCTCCTATCTGCCCTGCCATGATTATGTCCGGACTGGCATTGAATAATACAACAGGCGTGAAAGATTATCGCGGGTCTAAGAACTCTAGTTCGGATTAGGTTTTAGACGTCGATCGAGAAGTTAAGTTGCGTGCAAGGGCAGCATTCGACCACCTCATCGCGCTGCTGCCGTGGAAGTTCGTACTTTAAGAAGTTCCAGGGATCATGTGCGTACGTCCCCAGATCTTTGGTCTTGCTGATAGAATCGTGTAGCGGGCAAGCCCTTACCGTGGGGATGAACAAATTCCTTACGTGTGTTTTAGTATTGCACTGTCGAAGCAGTCACCGCTTCCAAAGAACTTCGGTAGTTTGTGTCTGAGCACGATCGGACGTCTGCCTTGAGTAGACTGTAATCCCGGCCCTGAGCCCGAGAACGGTGCCAGCAGGTATGTGGGGCAAGACTAAGATTGGCAGTTATCGAATTTGGGATTTGCATTTACAAGACGTCGGCTCAGGGTACTTTGCCTGTAACGGATCGAGACACGCCCAGGACTGCGATTTGACGATCTCATGTCGAACGGTATAGTTAATGGGGTCGTTTGAAAGTGTGCCACACGGCGGCAGAAAGTGGCACATGCGTATCGTCAAAATCCCCCCCATGGGAGCAACTCAGACTTCGGCTTTAAA,744,49.87,Mus musculus
SEQ_320670,ACCCACTCCGCAGGATGAAACCCAAACGAGACGCCTACGCAGAGTGGCAAATATAAATGACATAGATATCAGCGAGGAAACCGTAGTGTGTTGTTTTTACTCTCGGCGAAAGGGGGAGCAATTTTCGCCATTTGTCATTGAATGACTGAACCCAAACGATGGGAGAATGCTGCGGTGTTCTGTACGATGGGTATATCCTGAAGTTAGCCTGGAGGGCCTAACTGAGCACGACAAGTGCAGCGTGTGAGGATCCCTTTTTAGAAAGTTTGCTGGGAGTATCAATAGGGGAGGCTTATGGATACAAGGCGATCGACATCAAGGCAATAATCCACCATTCCTGGGCAGTCTTGCCGCTAGGTTTCTCGACTATCGTTCGGTGTGCGAACCCCTCAATTAATCATCATGGAAATCTATGGACCGGCTTAGCATAGCTTGGTTGAATCTCACCTGTGTAATGGTGGTGCTGGGTATTCGATAAAGCAATTGTAGTTAAGTGGATTAGACCAAATGTATGCTGGTGAGTGACTAGTCTTCGGATCGCGTGACACCTGCCACCGACTTGGATGTATTTTGCACGAACCGGATCCATATGCTTCAATGAACCGAAGCCTGCTTCGCTATCATTCGTTTTTAAAGCCGTCCCTCAAGACCCGAGAATATCCGGCGACACTTAAGCTAGCCGCCTTCTGCGGTGATTTTAGACGCCTGACCATTCTTATTGTCGGATACCCATGTCCCCCTATTTGTGCGGCGCTCCCATATCACCCTAGAATTTAGGATCCCCGGCACACTTCACAACATCTGCTACACAGTCCTTCCATCCAACCGGTACGGACTGTGTGTCCATCTACAGCCATCACGGGAGTGCCCTCGTAATAAGTAATGCGCTACAGGAGAAGTAGAGTCAAGTACCGAAACTGACCTCTCGCTATTCTTGCTCCAGAGATCATAGGGAAATGACCAACGGGCTCACCGTGCCAGCAGCCTGGGGCGCTGCACAAAGTTCCGTGTGTACGTTCGCTTTCTGTAGTGTCTCTCTGTCCCGGGACCTAAATGTTGCATTGGTTCACGTTAAGCACTCTCCCCGGGGTCAAACCCTCCAAAGAGGCCCACTTTGTGGACATACTACAAGGAGGATCATTACCCCCCTCGTGTTCGGGCTGGGATCTAAACTCGGCAACATAAAGGGGCGTCGTCTATCATAGCTGTCAGATAGACCCAGCGATTCATCCACCATTTGCGAGCGTTGGAGCCTAAAAGTGTCAGGTATCCTATATACCGACCGATCCGGCAGGTTGGCAACAAGACAATGCCGGATGGTCCCTAATGCCATCCCGTTTATTTTCAACGAAACGTATCATCCCTGTGTAATAGAGTCCCGACCTACTTAGGGCTTTAGGTCCTGCCGCACTCAAGCTTAGGTGAGTCGTATGCCTTTGATATAGCGAAATAGTCGGCTACTATGGATAGAGCTAAAAGCGATATTCCCTAGCCCGTAACCCCAGGGAGTTGCGACGCACACATTACTTAATGAGACGTTCCACCCGCTAGGGCCACCTAATGCGCGATTGAAACAGACTTTTTCAGTGGTTTCCTGATCTCGTAACTGCAACTTAAAGACCTATTGTCCTAGGAGGAGAGTATTGATACGACTATGTTTTACGGGGAGCCTGGAATATGCTCTGTTGGTATTTAGGGCGCCCTTGTGACACATGGAACTCAGATGGCGTAGCGGTAGGGTGGGCCTAGTTGTGTGAGCCCGTCGTTAATCC,1772,49.66,Mus musculus
SEQ_933379,TGCATTAAGGAGAGTAAAACCTTGTGAAACATTCCGAGCGGTCCAGGTGGAAAAGGATTCGTCTGGCGCCTGGCTGTCTGGGCCATAGGAGAGTGTGTGCACTAAACTTTTTTTTCCCGAGGCAAGACCGGCTCTAACCGCTTCCTCTATCTCTTGAAGGTTTTTGCGAGGGTCATCAGAACCGCCACAACCGACCCCGACGCCTCCACTCTAGCTAGGAGTATAAACTGACGGACGTTACGCTGAGCTGTTGTGCTCAATATTCGACCCGAGATAGAGTAAGGCATCGATAATACTACTAAATCGTGGGCGTTAGACTTCGCAAAGGGACATGGGCCAAGTAGTTATAAGAACGAGTTCGCAGGAAGTCTGTTAGGTCCTACCCCCGCTGTCCCCTGTGGGGCCGTGGTTCGCGGAAGCCAGAGGACAGTTTTAGCACGAAGCTGCATCTCACAGGGGAAGTCCCGATGTCTGACAGAAAGTCTCCATTAGCAAACGGTATGACGTATTGCACCCCCCTGGAGCAGGATAGGGTGCGGTAGAACCAATAAAACGAGAGACCCCCACGGCGCCACGTTTTGAGGAAACAGCTCTTCACCGTATGGCGATGTGGCAGTCTAGGTAGCCTTATCGCCGGTGGTCCATTCAGCAATTCCGGTTACGAGTTTTAGAAAGTCCTGCCACATCCCTATTGGACTTTCGACTTTAAGCGACATTACAAAAGGCCGAAGGTAGGTTATCGTGCTTGGCCTAAACACTACTGTTCCGATTATATCCTGTGATCCGACCAGCATGTAAGAGTTTCCGTACACGTATTTGACAGATGCAGGGGAAGCGGGGCTCCTTTTACGGCGCTCCCCTCTCGAAGGAGCCTTTGGCTGGACCAAGGGCAACCTATTACGCAAGATTCACCGTCGATCGGAAGAAGTGTACCACCGGTCCCCTGCCCAAAGAAGTTAGCACTATACCTAGAACTAGCTACCATTAGCAGGTGTGACTCGCCATGTCCCGTGACACGGCTTGAAAAGGTTCGTGTTCAGACTGGGAATTTAGCACGATTTAGCGACTTCCTGATAATGTTGAAATGGTGAGTGACGCCAGCTATTGTAATGAGTATAGGCTCTGCAGTCAAGCCAGAGGGCGGATTTTACTGGCGATCCTACCTATCTGTATCTAAACCGATTAATCACCTGATGATACCCTTCAACGCACTGAATGTGTAATCCTGGCACCTGCCGGGGAAGATTCAAAGAC,1254,50.72,Saccharomyces cerevisiae
SEQ_675566,CTATGATAACTGAGGCCTTGTAGAAAGGCGCTGCGTCACAGCGACGTACAACTTGCATGATACGTTAGTCCAAGGACGTTGTACGCCTGACCACGCTTACGTCGATTTTCCTTACCTGGCCCAATGCAATAGCGCAGGAAAAAAGATCGTGCCCTTGTACGCAAGCAGACACGCTTTATCATTACATCGAAAGCCTAGGGGATGGGAAAACAGCGAAGAACTAAGCCAGGTGAATTTTCTTTGCGCGGAAAACTTCCCCCTGAATACCCCGGTCCAGAACTTCTTGGAGTTTGACTCTTTGCGCGGCTACGAGAAATCACAGAGCTAGTATTGATCATGCTTTTCCTTGCAGAAAAATCCTTGATCTTATCCATCCGTGGCCGTCTTGATAACATCGAAAAATTATAGGGGTGATAATCAAAATAGCATACGGTCACGTCCCGGAAGGATCAAATATTTGATGGACCTCCCTAGTAGGTCGGATTTGCATATGAAGACTGGAACTCTGTACGGCCCTGAACGAGTTATTGTTCTATTCGTGATGGACACGACACTGGGCGCAACCAGCTCTGGAAAACCATCCCAGAGAAAACTATCTTTTACGGATATTCAGCTCTACTAACTGGACCTGTTAGAAGCTCCGTGCGAACACACAATCCGGAGTTGCAAACGTCTTCGAACTTGCAGTTGGGACTTTACACTTCCCCAGTAGTTATCGGAGAGTTGTCTCACTATGTATTTAGGGTGCCTGTCGGAGCAGGTTGAGCCACGCGAGTCGTTTGGAATTACTCGAAATTCGACGCACCAAATAATATAATAGTGTGCCCCCTCGCGTTTTTTAAACAAGTCTGGGTTC,856,46.73,Homo sapiens
SEQ_714198,TAGGTACCCAGTATGCGTTTAGGGTCGCTCTAGGAAAGATCGAGCTGATTGGTTGTGAGAGTAGTGCACGGGCTCGGGCGGCCCGTCTTTGAACTTCACAGGGCTGCCTGCAGGCCGTTGCCGAGAAAGTGATCTTAGAGTATACCTGTCGCCACAGCACCGTGTTCGACTATCAACTCGATTCTAACTTACGAATATCTGCCTTTCGCGATGCAAAACGGAGCGAGCCTTGAACTCTAGATAGTCATGCCGATCGTAAGTCTGCTTCTCCTAGTGTGACTTGAACCAGGAATACCGCAGGCCTGGTCTAGTAAGTAGCTGGTTCCTCATGCTGACTGGACGTCTATTTCTTTTTGAGCTGGGGTTTCGACATATTTGCCCCGAACCGTAAAGAATGGCGGGAGGAAACATCGTGTGGTTAGATGTAACAGGGGAATTAAGATCAGTGGAGATCGTGACCCTGGTCTCATTTGCGCCTTGAAGATCGGCTGTTGCCTAGCATCTACTGAATCCTCTCGCCCTCGCCGCGAGTACTTCTCGTTGCACCAGGGCACCGCGATGCCGTTACTCTGCGGCGGCAACAGGGCAGCTCCGCGTGGCGAAGGTCCCTGTCAATCGTGCATGGAACATGCCACAACTTTCTTCGTGGGAACTGCGGACGGACTTTTCGCAAATGATGTGGATTTAACACACAATCGTATAAAGCTCAGGCTCAAGGTATAGGATGGACCCGGCGCAGCGCAGACTACTGAGTAGTATCCCATCTTTGTCGAAGATGTGCAGCCATCGGACCTCAACCTAGGTAACTGATAGCTTACGAATATGCAAGAGCTTGATTTTTCGTTACGGACTAACTTACTACTCAGTTCGCTGCTAATCTATGTGATATTCAAGCAACGAAGCTGTATGGCGGGCCAACGAATTGATAGCAGTGCAAAGTTATTGTAATCCTGCGTATACATAGTCGAGGGGTTATCCCCTAATTCACCGGCTTGTGCACATCCCACCCCCAAATGACCTTCCTTAAGCGGCTCTGAGCGCATGTTATCGCTCTTACCGCGGCGAAGGTGTGAGGCTAAGGCATCCCACGTGCAGCACGCGTAAAGCCTATGGATCACAACACGCATGACGCTTGTCCCGTCTAGCATCCATGTACGAAAAGTGGTTAGACATTTGCAATCAGTAAATGTGGCGTCCACGATATCAAGGGAACGGAAGTACTGTTAGGAACGAGGACAGGGCTTATTGATTCCCTTGTTGCGTACGCTTTATCGTGGACCTGACGAGCTTGCGCCGGAGCCA,1302,51.0,Saccharomyces cerevisiae
SEQ_345228,TCGCAACCCAGCGTTATTTGGAATGCTGTCAACCCTAAATTCTCGACTCGACGGGTTTGTATCCCCTTCCCGTATTTTAGAGCTAAAGGGGATACATTACACCGATATGCCACCCCTTATACAAGTTAACCCATCCATTTAGCATACCCCCAACTACATTCGGAGCCGCAAACCTTCGATAACGCGGTGCCTCGTAGGATCACCCGTTGCGGGAGCTGGCGGCACGAGACCACATGGCTGTAGATGGGTACGTTAAAGAAGGTGTTTGCCATGTTACTGGCCCGACTTAGTATTAAGACCGCAGCACGTAATATGAGTTCGTTACGACATTGCTGACGTTACCGACGCACTCAGGAATCTTAGTAAGCAAAATCCACGTAAAAAAATGGATGGAGCATAGCTCGGGCTCGCATTCCGACATCTCCAACATGGGTGTACTATTTCACGTCGGCACAGCCGGCCGGTCCCGGAGGTTCCCTCTTAAGGTAGACCAGACAGTCCCGACCAGAATCTCTTCTGGAGGTGATGTAGGCGCAACTGAGTTGTAGAGGGTGTGTAACTCAACGGGGTGCAGTATGCCGAGAGAGCGGTGGGCGCGCAGCACCCGGCGACTTCATGAATGAATATCGTTACAAGCTATCCAGGTGAGATTCTCCGCGCCTGTGATGCTAAGGGTTGTTAACCATCACGTGAAGCTGGCGTTCAGTACATTCTAGAATATTTTAAGAGCAAACCAGGTTCCTCTAGCGAAAGGGCAATTCGTGTAATAAAGAATGTATCTATCTCCTACTAAGCGACTTAGGCAACAGTACTGTTAAGAGGTACCTTGGGAACAAGTAATCGAAAACGGGCTTGTCGCGCGCACGTAGGCAGATTTATTCTAGACCTAACGACACCAGCGGTTGGTCACTACTACCAATGCTTGCTGCAGATGCCGAGGTGGTACACCTCGACGCGGTGCTATTCAACGCGAATTAAGACATACAAGCATAGGCGGTCGTGCATGGTGTCCTAACATCCGGAATTCCGACACTACCGCCTATCAGGTAATCAGGTTGGCTATCCAAA,1068,49.91,Homo sapiens
SEQ_252728,ATCAGGAGACACCCGTGCGTTCAAGGCACCCCACCATCGGGTGCCGATTGCCAGGGACATATTAAGGGTCCCTGGTACGATATCCAGCACAACGAAAATGAGAGGAACCAAAATCGCGCCTTACTCTGCGGAATGGTTAAAAGCGACCCTCATCTGTTGGTCCTTTGTCTGGATCGTACACAGGTACCGAGCTGATTGCGGGGGATACCCTATGATGATGATTCCACTTGCTCAGAAATTGCCAAGTATAGGCTGACTGACTGGCTTTGCACTGAGTCATGATCTCGCGTAGTCTTGTTCCTACCATAAGCAGGATTCCAACCCTAGCCCCGAACCAACTCCACACTCCAACCGGACTTGCGCGATTTCCTTCCCGACAGCGATGTAGGTCGACAGTCCCTGAGTTTGAATACGGGGCATTGCGACACCAGCTAACCGGTCTTCACATCTTAAGAATAATCTGCAATAGCCGAAGGGCGACTTAGAGATGCCCCGGACCCTACCAAAGAGGCTTTGCGAGGAGAGCACCGCCACATGTCTAT,542,52.21,Arabidopsis thaliana
SEQ_110680,TCACGTGGTACATCCGCGTTTCTGCAAATGTATCTTCGGCGTATAGATAATGATGCCGTCGAATAGACAGGCTAGTATAACGCACTGAGCGTATGCCTGGCCAGGGTTTTTAGTACAGGGAATCAGCGGACCGCAGCCGTTTTTTAATGGCCGGCGTACGCCGATAGCTTCGGCGATAGCTGCAGTCTTTCTACTCGTCCAAAAAACCCGTCACAAGGCCCGGCCGGCTCCGGCGCAACCGTGATATGGTTGATAACGCACAAGCCTCTCTGTATTTCTGTATCAGTTGTATCGAGTCACTTTGAGAGCGCACGTTAGGATAATACGGTTATATACATGGGTACCCTCCTCCTGGTTTTTGGCGCTAAACAACGACTTGGAAATGAAAACAGCTAGGGTCTCTCAGCTAACAGTCTTTGCCATACTATGCATGAGAGTATCGTAATGGCTTGGAAGGCCATGTGTATACGGGCGGATATGGCGAGGAGAGAGAGAAAGCTCATATCCGTACCTACAGTACGCACTGCCGGAGCAGCAGGATGGTCAGCAATCGTGGCTGGAGCAGTTCACCTCACGACGTTCGACGCGGTGATTCGTAGATGATGACCCGCAATCCGACGACCCTAACCCCGTAAGTACGGACTAAAGAGCACCCGTGAGGCCCCTTACACGCCGTCTTCGTCAAGGTATAAAATTTATTGTGGGTATATCACTGACACACTACTCCGCAGTCGCCTTAGGGCCGGTCACCGCAACGAACATCGTTCATGGTCCGCTCCAGGCATTCTGCTCAAACACACTGCTGAAGACGATACCAAGAAAGTTTCTTTTAGACGCAATGTTCGTGACCAGCACCTCATCTACCCTAACTCGCTAGAGAATTGTACGACATCCAACCACGGGGGCCTGTGCGAATGGGGCGGAAAAGTAACAGTGGTCAACGCTCCGCTTGGAGGGTTCTTTAATTTTGTCAGTTTGACGTACATGAGGATACTGCACCCCCATCGGCTGGAACGAGAAAGAGAGCTTACGACCCGCGTCTGGGACCTGCCTAACGGAGAACATAGACATAAGAAACTATGTAGCAGGACGGGCTGCTTATCAGCCACGACCCTGCTATGGCATGTATAGTTTGGACGCATCGGCCGTTAGCAGAGACCCGTGGTATGATGGTAGAAACGCCTAATACATGTTAGCAAAGTTACACTTGTCTGTGACCGACGCCGTGAGCCTCACACCGTCACGCGCAGATAGCATGTCTATTTT,1266,51.11,Mus musculus
SEQ_683770,TACGGCTCATTCCCCCCGACCTGCTCCCGCAACAGACGTCAACGGGGGACCGATACCTGTGTTGGGCGATGGATCGGTTACTCAAAGAACCATGCGGCCCGGTTCTCCTTAACACCTAAGGCCGGTTTCAGCAGTCTGATGCTGCCGTCTCCCTCGATATGTAACGTCTTTGATGGGGATTATTTGCCCCGGCCCTTCAATGACTAG,207,56.04,Escherichia coli
SEQ_937245,CTCTGCGATTAGTTAAAGGGGTAGCGCAGGCGTGCTGATTCGACCCTGCAGACGTAGAAAGTCCGCTAGGCTACTCTCGACCATCTACTTAGCAAGAATTGTGATCATTTACAAACAGAGAGACTCCCACGTCCAACCCGTTTACTAGGAACTTCGTGAACTTGCACGTCAAGAGCTGAGCGATAACCCCTTGAGAAATGAGCGTGAATCTCTCGAAGTGGAGTCTAGTCCATCACTATCCGCATGTATGAATTTGCTCTTGTACGCGAATGACAAGTTCCCACCCCGCTTGTAGCGTACTCGCTTAAGTGACAGGGGCTCGTATTGATTTGCTTGCCCCTTCTAGGCATTCGGCAAACTGCTGGTTAGAAGGGAACAGTAGTATCCCGCCCTATCCGTTGATGTCGTTCCTGACAAAGTAAAACTAAAATGTGGTTTGTCTCAGCGATTATGTACTGATCGACCGAAAGAAGGGCTGATGAATAGTCGAACGACGGCTTCACAAGACGACCATGTGGCAGACTAGACGAAAGATCCTTCTAGGCTACCGTCACCTAACAGCAGACCCTCGAGATACGAATTAATAAGCCCTAAGCAACCGCCCAGCCAGTGTATACCTAATTATCTATCTACACCATTATGTTGATCGCCCAACCGGTTTGGCAGGCTTCAAACAACATAGGTCACGGGGCAGTTCAGGCTGCGCACTACGAACTAAGGATCTGATTAATACGAGCTACAAGGTTGCCGTTTAGGTATGGCGTCGGAACTGACCAATAAAGGTTAAGTTAAACACTATCCGCGTTCTCGTGATCCTGAAGGAGAGTCGGAATTCGACTCCCGGAACGCTTAGTCGAAGGCGTTTGGCGATGTGGTTACCTGACAGCAATTGCGGCCAATCAAAACACCTTAGGTTCAAGATCATGTCGGGATAACCCCAGAACGGAGCGGTCCCGACACCCTGCGATATTCGGCGCGAGGACAAATGTCACGCGAGTTACTGAGAACCACGCTCAAGCTAATAACGAAGCCACCTAGTGTATCCTGCTTTCTGAGAATGTTTGCACTCCTAGGCTTTCTCCCAATGTCCCGTGTGTGGACTGAGCTGTGCCCAAAACGCGATCTGGGGGTCTACTCGCATATTATGTATGATAAGA,1157,49.01,Saccharomyces cerevisiae
SEQ_869013,GGGCAACGCGTTGGGGATTATGTATGAGTCTAAGAACTAGCTTGGCCGTTCAAGTGACCGCGACAGAATAGTTTGGATTAATAAAGAGTTTTGTGAATCCAGAAGTCAAAGTGCCAATGCTTATGCATACGGTTGCATTATGGTCCTTTCCAGGAGTTTTCGGAACAGCGGGACCAAGCAGAGGGAAGAGTAAAGCGCACTCGATTCTTAACTTAATCTCTGCACCTCAGTGACGTTGCCCGCCAGGGATCTTATCTCGAAGTCCTTTAGCCAAAGTCAACCCACTTATACTGTGTTAAGGCGCGACTTTAAGCTTAGTTTAGGGATACTGCTAGCTCCCCGTTGTGACAATCAGCCCGACAACGAGGGACCGTTGCCATTTTACGCTACAATGCGTTGAACTATACGTTAGGAGGATGAAGCTTATACAATGTGCGACGCAGTATTCCGTTGCCGGGGCGAACGTGATTGAAATTCATGATGGTGGTGCTCATGCGGTATCAAAAGAGATAAGAAACAGCAAGTGGGGTTACGAACACGCGCGGTGAACGGCGGCAATTAAATCTCCCCTTTCGTCTTGGGCTGCAAAGTTCATTCAATGCCCTCCCACCTCCGACTCGATGGCACTGGGAGTAGTGCACGCGTGCCTAGCGAGAGGATAGCTTCCCTAGCTGCAACGAGGCGAAGCAGGGCAACCGCAGCCCGCTATGGGATGGAAGTGTCTCTAGTAAACTTCACGATCGGAAACCGTCCGCACTAAATTTAGTAGCCGGGCGCCATCCCTATGTTGAAGTAAATTACCGATGTGGACCATCTCTTGGCGATAGCCCACTCATAGCATGTCTCAAGGTTGGCACTCAAGTAACCACTGCCTTGCGGGGTCACTATCTCGACTATGACTAGCCTGAGTGCCGCTGGTAGAAAGCGGTTAAAGTGCATGTATTTGAGGTATGAAGACCGCATTTAATCTGAAGGTTGGTGTAACAATGAGCACGTTGTGCATCCGGAAGGCGTTCCGTCAGACAGGGCAAGTACCGGCGATTCGGAGTGTGGACAATGGCTCCTACAGGAACAATAGCGAAAAAATTTGTAGGTTGTCGGCTCTTGATCGGAAGAATAACTGACAATATACTGTTACCCCATGCTCTGATATAAAGTTCTCATACATTACAGCAGGGGCAACGCGTTGCCAGTCTAAAGCCTCTCATCATGTGCGTGCCCAGCTTACGGCTGGGTTTCCTGCCTTGTCACGCGAACCCAGTTCCCCTGAGTACAGCACGTGTAATTAGGGGCCATAAGATTAATCGGGAGCTGGCTTCCGGCCACAAGTACCTAGTAGCTGCACCTCGTTCATTTTCTTGTATAACACGGCCGTAGCCTAAGCTTAGTTGTTCGCTTGGTTTGCTGGGGTCCTCCCGCTAAGGGGTGTGCGACCTTAGGTAGGGTGAGGTCGTTGGTAAGAAACGTCACCACAGAGCACCGAATTTGCAACCCTTAAAAGATGCCACTTGCGATTATAGCACAAAGTCGAGGCAGCTGCTTGGCACATTCGCGCTGTAAGGCAGGAAAAGTTTGCAAGGTATCAATCTTACAGTTCTTTTGCCTTGAGGAGAATGCCTTTGTATACTGGAAATCCATGCCGAAACACAAGGCCGGATTAAACGTCAAACCAAGGTTCGTTATAAACAGTCGTCCTGTTCGCGATAC,1707,49.38,Mus musculus
SEQ_575297,GTATTAATCGCCCTTATGATTACAATCTACTCTGCAGCAACCCGGGTCTGTGGCCAATAGCTCAGATGTGGGGGAACATGCCGATCGGCCTCTTACTTTTAGCTGCTCATCGCCTGCGTAAGCTTCGGGAAGGACGCCTTACGGGACGTCACGCCATGGGTTATAACAGGCACTCTCGACCGTAAAGCGATCGGGTTAGGGGCGCCCAACATCACAAAAGACCGAATAACCTAATCTTAAGGTCATGTTCATAATATCTCTTTCCGACGACTCGTTATCAGTCTAGTCAGCCACCGTGACAAGTGAGCATAGGAGACTACAGTTCTAGAGAATAACACGCTGACGAAGGTTCGTTACGAATGGGTGAGGCCGCATATAGCGCAATGTCAGGAGCTCGTCCAACTAGAAACGACTAAGCGGTTGGAGACTCGCACTGGACGAGTGCTTGTGCGATGTTTATTTAATAGCTTAACTGGGTCTGGGCTTGCCTTCCAGCGGCGACCGCAATGTCAGGCACTTCCGATCTACTATATAATTGATTAGTTATTTGCTGGTTTCTCCATCTTGCAGGATAGACCCCTCAAAATCGTATCTCGCGGCATGGGGAGCTCCGGCGCTATAAGCGACAGGTGCGAAGCTTGCCCAAACGCTGTGCGACCGTAGGTCATGCCTACAGCGGGCAGCGGTATGTGGACTACCTCTGAGGCCGGCGCCAAACTGTCTTCGGCTCAACCTGCAAGAATTCTCACCAGAGTACTTGGTGCGCGGGCGGACGATTAAGCCAGGGCCTAGCTGGTTAGCCCCTTATACCAAGCAGCAACAGCGAATATACAACGTATTAATGAATGAAGGCTACGGTAGTACTTCGTATCAACTTTTTATTGTTGGGCAGACCAGGTTTACAGAGGAGCGGGTTTCGCTGGACTGGCTCTCACTACCACTTGTGTTGCACGCCCACGGGCG,963,51.61,Escherichia coli
SEQ_640415,CAAATGCCTTTTTCAGTAGTAATTCCTTGAATGTTGCTCGGGATTTCCCGCTAGCTATGGGTTAGCACAGAAACTACTTCCTGGCAAGGGGAACACACAGTGCAGGGTGATTCCTTTGAAAGTCTAGATCGGAAAGATAGGGCGTGTTACGCTAAGGCCATGTGGCGCGGCCGGGAGCTTAAGGTTCTACATTTAACCGTTCGTACTCCGTGAGTATCGCTTGTACCCGCGCGACGTTGTGAGTTTCGTAGTACTGAAAAGTCGCGTCGATATTAATTCAGGCATGCGGTAACTTAGTGCGGACAGCATACTGACCGTTTGACTTTAACCACGCTAATTCATGAGCTGATAAGACCTCCTGCCTAGTACTGGATGTTCTACGTCTTCATAGGCTATGTGTTAACGGATCCCATCATGGGGATGCGTCAGTGCATAATGAGTGTGGTCATACCGTCGAATAGGTTTTAACGAGGCCTATCGTGCGCCGTATAGAGGACCGATCCAATGGAGACATTTACTTACGCAGAAGGTCAGCATACTGCCTCATCCGGAGCTTCCAGACTGGGGGACACTATGCTCAGTAAGATCACTCACAGCCAGTTGTTGTACATCGGAGCAACACGAGCCCAGTTATCAACCCCCTCCCCGTGATCTGCATTTCCCGTGCAAACTTGATTAGGTAGGGCCGAGCCTACTAGGCAAACCTGTACTCAGCCGCAGAATTGTGCAGAATCCATCTGCTTTTCATGTAACAAAGGGGTCCGTATACCTACACGAGAAGCAAAATGAGGATCTAGGACGCAGACTTTCTATCTTAACCTTTTCTTGCTTTACCTGAGGTTGTGTGAGCTTCCACGAGCTGGCAGGCGTTGACCAGCTGCGTAAATCTAGAGTCGGTTACGAGGCGTGGATACTGCTCGCGATACGACTTTTCAGCATTGAGATAACCTAAGAACCTTCAATTAAGTTGTGCAACGGCGACAGATGTGGGGCCAACATGTCCCTATTTTAGGCGGTCCCTAGAGTGGGTTAAGACCGCAGCCGTCTCCTTCGACTCTCAGTTTAATTGACGAACTTGAGTATCGGTTGTAGGTAATGGCAGTCTTCATGAATGGATTTTGTCACCATGTGGGGCCTAGACAATCCGAGTCTGATATGCATTCACTGCCGTATTGCTTAAGACGGCACTGCTGGGGCTGATGACCTGACATGGCTGTCTTGGCCGGACAGCCGGGTTGCCCCGTGTGGAGATATGGGTCGCGCGCGTTTGGGTCTAACACGCCCCCGCCCTCACAGGGGCCCATTCAGAAGATTTGGAAGCTGGAAAGTGTCTACCTTTACGAGCCACACGGAGGCGGTTCAACTCACGTGACCGCGCAGCCATTGGGGGCCATCGTCGCCTTTCGTAGGTGTGATTTTCTGTCGGTGGGGCAATTTATTCACCGCGCCTTGTATAGCACCATGGGCGACTGATAGCAACAAGCACCCCAAACACTCTCGGCCAGTAGCGGGCTTGGAACATCCCTGTTAACCACGACTTCGCAGTCGCCACCAGCGTATGCAGCCCCCCGGGTATATGTACGGAGCACATGTATGCAGGAATCGCCTCCTCGGACCGGTCCTAGTTTCCTGAGGGCTACTATTG,1645,51.43,Mus musculus
SEQ_518986,GAGGTAAGCCCAGATGAGCACATACGCGTTAACGATCGGGCATTTTTATTCTAGTGTGAGGGGTGGTCTAATACGTGGCTCGTATGCCTAGCAATTCCTCGATGATTCCCATA,113,47.79,Arabidopsis thaliana
SEQ_830437,TTTCGTATTATTGCCTTAATGGGTACCTCCGATCAACAATGTTACTGCGTTTGGTACTTGCAAAGCGATTGGAACGTAATCCTCCGTGACAACGCGCGTGAGCACAGAATTGTTCCGAATTCGGCCGTCAGGAATTACTAGTAACGTCTAGACGGAAATGAAGTATCAACAGCCGCGCATACGTGGGCTGTCCGGCGGAAATGTTTAGAATGTGACCTCGCACCGTACGAATGAGCTTTGTGGTGCCAGTGGTATTCTAGGAGTTATCGAGCTATAGCCTTCGCGGCAGTACCGTAACAGGCGTGATAAGACCCTAAGCGGCACATCTACGAGGGACCCATATGAGCTCACACATATCGGATCTCTTAGTTCGACGTGTGTGTGCGACGATTACTCTAGAGACACACCAGCTCCAAGAACACAGCCATTCTAGGACCTGTAGGACAAACTGTCCCGTTAAAATCCGGTATTTATCCTGGGCGTTGCGTAACTCCTGACATGTGTCCGCCCTCACCGACCGGAGTAATCGTGACTCTTGATAAGCTAGCTCAGCTCCGAAGACGAGCTATATTTGGGATCTTACATTTGCGCATAATCGCTCTGATTGAGGGGACATAAAGGTTCACCGACACCCTCCTTACGCCTCCGCCTGTCACTTATTCTCCGAGATCGCGATAAAGGCGATAAAGCACCACTTGAAAGAGGCATGCAACTGCCAGAG,721,49.65,Caenorhabditis elegans
SEQ_987582,TTGGTCCGCGGTGTAGCCAATCCACTAAAAGTTGAGCACACACGAAACTTCTTACCCTGCTGCTAACTCGGGTTCGATTTGGGCCTCCTACGGAAAGTCGGCTTAGTAGGGGTTCTGGAGGAACAGCTAATTGTTAGATTAACCTATTCTCACAAGATTCCCTCGTCTTGCGCCAGAGCGCATTCAGTCTCGACGGGACTCGAGTGCTGAACAAAGACAGGGCACTTTCGTATGCGGATGAGAATGTCGTCTGGCTATGGGATAATACCACTCAAGGGATTTCCCATAGATCAGCCAGCGCGTAGGGAATCGCAAGCGACAACCCGTCCGAGTTCGGAACGCTACCTGGTATGTAAAAACAGCGTACCCAGGAGGATTCTCGATACCCTAGACCCCTAAAAATTACCACTAGACATGGCTGTTAGTTAAGGCCAGCTAAGTTTCACTTCTCATATAGGAGTCCGTTATTATAAACACCCATACTAGCGTATTTAGCAGAGAATTCCATCGTGGGAAGGAATGTGGAGTCGGCACAAGGATATTTTTACAGAACTTAAATGTCAAGCCCGCCTGAAGAAAACATGAATTAAATCGAGGAGGGATGTGAGGTTGCCTCAATGCAGGTGGACGAGACTTTGGTACTTCTTCGCCTGAACCCAACTGAAAAATCGCACCGGCCTTAATACACAAATGAGTGCCGGTTTAAGTGCTTTCCACAGCATATTTTCCCACCTAAATGTCACATTCATGCGTGGTTGGAAAGTCAGAGCCACGGCGGTTCCATTCGATCAATAGAATAGCGCATGCTCGCATCGAGAGTTCGGTGAGGTACAGCAAAGAGACACAGCAAAGTGTAATGTCAAATCCAGGAGCGGATGAGCAGAACAGGCGCTATCGTTTGAATACCCGGCTCAGGAAATTCGCATGGCGCCAACTATAATCCTTGTTGACGGGGAGACGGTGTTTGATTTCTGAGGAAAACTGTATATGGTCAGATTGCGCGAACGCAAACGCCTGTCAGAAAGATGACGGATCAGCGGATTCTGTCTTGGGGGTCTCTAGCGCTCACTCGCAGCTCTCAGTCCTCTCTCGCATAGCTCGACACAACACCGAAAGTTCTACCGCTTGTGAAATCAGTTGAATGGATTTCTTTTCCAGCGACCGCGGAATAGATAAGATGCTGAATCCCCTTAAAGTTTGCTCCACACTAGACGTGAGGTTCGCGTGTTCTGCGTACTCATCAAAAACTTTTTGAACTCTTGATGTTAGATAAAGTCGCCGTCCAGTAAGACATTCGCCTTATCGCTGAACAGTGGTCTAATTTACGTGTCTCCGTAAATCATGGACCTACCGGCGCTGTTTATGATACCACGGTTTGGAATAACGAAACTCGCGATCTGAGCATGAGTCCGGTCTGTGTCGTGTC,1426,47.9,Mus musculus
SEQ_214337,CAAATTCAGGACAGGAGCCGAGAAAAGGGCCCGTGCTAGTGACACCATGTGAACCTTCTGTTGTAAACTTTCTGCAAGTCAGGTATAACTATCGCTTAGAAAATAATGACGGAGGCACGCTTCTGTGCTGGCCTACGTTTACTACTATTTTGTACGTGGTGGTTGTTCGAAAAGCGGCGGCACGGGAAAGTACCTAAAACTCAGCTTTCTAACGTTCTGTTTCTTGATGTTTCGATGATATTAGGATCAGTCGTCCCTATGCCCCGAAGGGCGTAGATAGAGTGTCCTGTGTGAATTCACAGCTGAAGTAACGAGACAGTTATTTCTGTTGGCTGTGACTACCATGCCAGCAAATAAGCGAGGTCGGGGGGCATTTACATAGTGGTTCCATACCTTAGATCTTTTGTAGATGTGCTAATAGGAGGGCGTGAATGCTAGACGACCGCACTCCCACAGACTATAGCTAAGAGATTTTTGGACCAGATGAAAATCCTTTAGTTGAAAACTTTGAGCACGATGCCTTTCACGAAGATGTAGCACTCTACTCTAGGTCGCGGCGTCCCTGTGCAAACGCTCTGCTTCCCGATAAGCAGTGCGGTGTATATTCACCCCTTGCGCGAACCGCGTTTGCTGCGGAGGTCCTGGGGCTATTTCCGGGGTATTAGCTGATGTGATATGGCCCGGGTTTACTGCGGAGTTGCCACCACCCGATAAGTATGCCGTGGGGGAAGCACACTATCATGGTACTTGGAATACTCCTTTGTTTG,767,48.37,Saccharomyces cerevisiae
SEQ_690265,GTGGGCATGCGCCAAAGGACACCGGCTAATTGCGTTCGAAAAGGCGTCCGTTAAACTGTCCGGGTGCAAACTCTACTAAAGCGTAGTGTTCCGAGGCGTATGAAGCTGGCACCACTCGACCCGAAAAAGTCATGGGTTACTTTACAACGACACCCTGCCTTATTGACACATAATAGACAGAGGTTTAGAGAAGCACGATCCCCCGGATGTTTATGCGATCTGAATTCTACTGTGAATATGCCGATCCGCTCCTGATATTTGCCCCACGCTTCCCGTGAATAAGCATTTCCCGGTCGTTATGGGGGGA,307,50.49,Arabidopsis thaliana
SEQ_141871,TCCCTGGGGATTGGTCATCCATATCCCAGTTCCCGAGAGAAACCTTTCTCGAAGACACAGTTTCCCGAGCTGACGTTGTATCTAACAGCGACTCGTGAGGCTG,103,52.43,Mus musculus
SEQ_440113,GATCTACTGAAACGGGCCAGCATCAACTTCCCAATCACCGTAACTTGACTGCCTCATGGAAGATCTCAGGTTATGTGGCCAAGCCGTTCAAGGAGGAAGTTAAACCGGGAGCCGCGCCGGCTCCTGCCATGAAGGCCTCAAGTATCCGGGGCCCCCTGCAGCGGATCCTATGTGCGCTGTATCTTTAAGCTTCTGTTACTGTATCGAAGCTTATGTTCGGTGAGGACTCCGGGCACCCCATATGCAACTCGCGATCATAATGCAGCCCTGGCATGCCTGACACAGTCTCAGACCCATCCAACTGGTGAAGTACTTGAGAACCTCCAATGTGTCGGGGGGCAAGGACCACCCAATAGAAGTATTTTTGGTCGCTTCGTCCTGAGTATATTAGACCTCGTGGTGACCCACTCCAAGTTTTAAGGGCTGTCCCAGGATCGGCCGCAAAGCCCAGGGTTTTCAAGACTGACTGATAAACAATTATGGGGTTGACTCGGCGAGTAAAGACGTCGCAGATCAAGGCGGGAGAGAGGCCTCTTAAGACCATCCGGTCGCGCGCCAGGGCAGGTTTACGACCGCGGCTAGGTTGCCTTTAATCTAAACCTGATCCCGGCGTTCCCGCAGATCTCGTGCTCATATTCCTATGGCAGCGACGCGGTCGAGAGCGGTTGACCCCCATTGACTGCGGATTATAATTACCCCAATCTCGCGTTGGGTCTAGGAACATGCGACGGGTTTAGCGTGCCGTCCCCTAAATCATTCAAAGCTGCCGGTGACCGTGCTTTAACCTGTTTATCAGACGCAAGCCCTATCATTACGATATCGGGCGCGGACCTGTTTTCGTGCTCGCGTGTTCAGTTGCCTCATTAAGATATTCTAGGGTACGACAGCAATCGTGTGAGGGAACCCCGACCGCCCGACCACAAAGTGTATCCAGATCGTAATGAGAGTATAGGACCCTGTGGCATACATAGGTAGCCGCCATAAGTCATATAAACCTATCTCGATTACTGTAATGAACATCACAACAGCCTACATGTTTGCTTCCGGGACACTGTGGAGAGGTCCTTTCGCTCGGTTCCTCTGG,1084,52.86,Homo sapiens
SEQ_247818,TGATGGTACGAAGTACAGTAATACCTCACTTTTACTGAGTTGTTATCGTCGGTTCAACACAGGCTCACGGTCTCGCAGATTTCGGTCAGAGCGTTAAGCTCCTTCCCCACGGAAATGAGTCGGTCTCGACGGCCTTGTTTGACCGCGCGCCGGCATTTTGAGACGTTATAGCACCCATATATGCTGGTAACCCACCTAATCCGCACGGTAAGGTTGGTGGACATTGAATGAACTCCGCCTATCAGCAGGCTGGCGTAAGCTCCTCGCTGAAACCGCTGATAGCTCATTGGTGTCACACCCTCATGCTCTCCACTACGCAAGCCCTATTCACCTGTTTCTTGGTATCATGGACCGACCCAATTGTTGCGAGGATTAAAGAATTTGGACGAGACTTGGCATTGCCCACACGCTCGCCCATTCCCCGACACAGGCGTTGGAAGTATCCGTCGCCCCGTCTTTTTCTAATAAAAGCACCCGTTGGTTGTAGTTACATCTGTACATAAACTTTCCAGTGTGAAATGAAGGTGTAATAAACTACTAGACCGTATCTAACCGAAGGCCTATGCTTCAATCAGACCGTGACCCGGCTGGGGTCTTTGGAGTCAGTCCTAGGCCACATGGGATTCGACATGTCGTGAACCGGCCCTCTGCGTAACAGGCGTGTCAATTTAATAACAGTCGTTTAGGCCTTCCGCATGAGGAAAACTGAGCCAACCACGCTTAGGTCTGCCTTTGTCCGAGTCGGGCTAGCGTCCAACAATGACTACTGCGGGGACAGGATGCTCTAGTAGCTTAACCGACTCTAACGCCACAGCTTGGGGGTCAGAAAGAGGCTCTCACATAAACACCGCTCCCACCGTCCGTCCATGCGAGACTTGCGTGCCGTCGTCAGTATGTGCATCCGTAATGATCTGGGTGATGGTTACCCGACACAAGGGGTTATCCTTCTATCTTCTTACATTTTCTCATGTAGGAAAAAATGCGCATCCCACACGTCCAGATCCTGTACCAGCCGGCGGACTAAACCGGCAAAAACTACGGCAGGACATCCCCGCCGACTCTTACTCAATGCCTTCGTTCGGATATGGCCGTGCTAAGGAAATTTCTGGAGAGCATCGGATGCCGCACCCGCTGCAGCCATTCTGGCTGCGGGCTCTGAGCAT,1163,51.93,Escherichia coli
SEQ_105376,CTCTGCCAAGGGCGTATGTTAGTCCGTGGGAGCGACTTCCCTTTCAGTCTGTGTTCGTACTCACTGGGTTATAGCTTTGCAATTGTATAGCTCAAACTCTGGAGAGTGCAAAGGGATACCACTCATACATGCGCCATACCCGATCGACCGCGCTTATACCGGAGGTTGTATTACGACTTTCTAGTAATGCGTCGGACGTCCAACCCTCCATGAGTCACAAACGGACTTTGTTAACGTTCCTCGGGACTCCGGCGGCGCGGCATAACTCCGTCGATCCGATCGGACTCTAAAACTCTGTCAGTACCAATTTAGGCTGCTTTAACCTTGTGCGGCTGATCTACTCTACGGGACTGGAGGGGTCAACTATTGGTCTTGAAGCAAAAGAACGAAGGCCCGAACATGACTCGTCGAAAGCCTCCGGTTACCCATCGCGCGCGCGAAACGGCTCCCCCAGACGCCACCACCCAAACCCAGAAACAATCTATGGCTACGGTCGCCTTCAACGTTAAGTTTAGCATCGAAACTCCTGGACAATGACAGCCCCCGCGTGAGTATTCACATCGTTCAGATACGCTGGCTAGTCGTCGTGACGCCCTAATGGATCAGGGCTTCGTCGGTAAGA,622,52.73,Homo sapiens
SEQ_719861,ACGCATTTCCTCATCCGACGCTGTGCCAGAATTGTTACTACTTATTCTGCAAAGCTCTATGGTTGTCATAGGTTCCTACGGCCAAGTTACCTATCGGTGGTATTAACGAGTAGCACGAAAGCACGTGTCGCTGCGGTGTCATAGAATCACAGTGGCCAGGCGCTCGTATAAATTAGGTCTGGGCGGGCCTCGTGTGACTTAACTTTGTGGTAGCCGAAAAGTAGACGATGAAGACGCGAACCGGGATAGTAAGTACGTCTATTCTGATGTTTGTTAATATGAGCACCGGTTAACTCTACGTGAGCGGTCAATCGAATGTCCTCTCCGCCTCCAGGGCTCCAACCCCTGCGTACGCATGCAGAATCCCGCTCACTGTACAGCACAAACTAGCGGCTAGTTGTAGTGGCCCAGCATATCTAAGACCATGCACTCACCACTCGTATCTAGCTATCTAGATATATGTTATTCCTGCACCCGACCCGTAACGCAGATAAAACGACGATGGTTTGTACCGTCGAATGAGAACTTTTCGCACGCTTAGTTTATGGACCGTAGCTTTTTCAATAAAAGTCGTTGCCCACCTCCGGTACAGCAACTGTGGAACTCGTTCACCGAAATTTTATCAAATAGATTTCATGTGACATATTTTAGCTAAGGGGCGGCGTGGTCACTGCTGCTGCAGGCAAGGCATAAGAACAGTCTTATTACCGTATGTTTTCACGGAAAACAAGTGCAATCTAGTTGCCAGCTCGTGTTGTGGGCTCATAGGCAGAAAATCACTCAACCTTCAATTTGTTGTGGGTAGGCTGTGGAATTTTGGGGGATGTTCTGCGCCGGATGATGGGACCAACGCAGTCACCATGAATCCCGAGTCGTTGTCTACGGCCATGTGTAAAGACACTCGTTAGACCGGCATTTCCTCCGGCGTAGGATCGCAGATGACATTTCTACCCCAGCCTGCGCCACATGGTGCCCTAGCGCATAGCCTCCTGTTCATCGCACTGGATGCAGGTGTGCGGCACCGCCTAGATGCCAGTCATAGGCAACGCGACACAAATCGGCGACAGATGCTCCGCCCTCCAATTTTATAAGTCTCACCTGCATCGGATTTGTTCGCCATTTGCTACTGCAGTTGTATTCTGACAACTAAACCGAGGTAATTTACGTTCGATAGACCCGCAACCAAGTGGTTTTTGACAACCCACGAGCAAACGTCCAGACGGGAGACCAGCTTCCGAGCCAGATAGATCAGCTCCATAACGCCGACTCCACGCCTGAAGCCGCTGCAGGGGAAAGCCCGTCTCAGCATATAGCGGGACTTACACTCGCCATGAGACACAGAGTAGAGACTTAAACAATTTCGTCAGCTTACTCGTGGAGCAGAACGGGAGGGTATGCCGGAGATGTCATAAGACCAGTGTTGAGAAGATCCCACGAAGGGTATCGATGCCCCTTTAAAGGGTTCTTGTGAGGAGCTTCCAGCCCCGCGAACCAAGTTAACCCTTAACGGATTCGGATGTGGATCTCCTACTGTCCAGTTTCGCGCACTCAATTCTAGTCAGATCCGAGCGGTGGGGGCTTTGGCAGGTTTTGGATTTCGGTTAGACGCGTACGCTCTGCTGCTTGCCCATTTCCTCTTGTTACACGATCCAGTTTGAACACCATTCATACAACCCGCCTTCTAATGTTATCACGGTAAAAAGACCGGTGACTATAGTTGACCTGCGGACTGGCCGTCTTTTAGATGGTTCGCTTCGATTTTACGATGATGCAGTACCTTA,1781,49.97,Drosophila melanogaster
SEQ_607326,GGGTTTCTTGCCGGAGAATATCAAGCCAGCCCCCATACGCCAGAAACGCCGAGGTTGGGAAAGATCAATATTCGCGCGGCAATAGCGTCGGGGCTCACGTTATTGACGTTAGCAAACGTCGGGTCCCGAGGCCTGGGCAACCGTTTGCAATTTTGTGTTCTTGTATGTCACAACTCTCCTCTGAGTTTCGTCGATGATTAGCCTCTGTCGGCGTTCTCTCATATGTGTCATCTGATGGTCTGGGAAATTCTGTACGAGATAATTTCATACTCCTACCAGCGGTACAATCATGTACGAAAGCGGTGGTCTATTAACCCCGGCGCCTAGCTTCTGCGCCAGACAGAATCATCCTCACATTCGGAACGAAAGGCCAGTCCACCAAGTCTAATGAACTCAGCGAAAATCAATACTGACAAATACATAAATTATGCCGCGGATGAGCTAATAGAACCTGTTATAATGGCGCCGGGATGTCCGAATTTTCGTTCCTCACTCGATGGGTCCGCACGCGTTCCAAAGCAATTATCTCATATGGGGAGTGACTCCATAGTACTCCAGGTCGGAGTGGCTCTACAGTTTGTCACCGTGAGTTATTGGGTTATTATGCGCCCCCCGCTCATTGACGAACAGCAGCCTAGTAAACAATCCGAAAGGAGTTCGGCCTAGCTAGGAAGGACTGTGACACCGAAGGAATAATTTAGTCCATGCCGGGGCCGCCAAGCCAATAGCCGTAACAGGAGGCCGACCCCGCTGGGTGACGTAGCGGTATATTGCTCCAACTCGCTTCATGATCGCCCCCCTATGGTAAGATACTCGTAGTGGGCAGCTAAGACAGTCGATTCGGAGATGGCAATTGGTCCGTTCGAGAAAGCAAGGTTTTGTACGGTGTTCAACCCCTCGGCCCGAATACCGCTAGTGGCCCACTGTCTAGGCTTCATAGTAGCGTCGGCTGAGGGGAGCTCCGAGCTCGCACGGTTCGCTACTATTGTTAAGTTCTGGCACATTGAATTACCTGCGGTATATCCAAGAGCCGGGAGTCGATCCAGTTTCCCCGTTACCCTATTTAGTGCGGGTTGCCGCTAATTGAAGCGGGCAAAACTGTACGACGGCTTCCCAGCAAGGCTCTCAGATGCCGGAGTTGCGCGGTTAGCTGACGATCGTGACGGGTACGCCACTACGGTAATCGATCTGCAAGTGGTGTATACATAGTGGTGGGTATCGTTGTTTACGCGTCGACAAGGGGTCTGCGTGCCCGACTGCGAAGACCGTAGCGTGCCAAACCCCGTAACACTGAGCCCATTGCCGATACTACATCAGTAGAAGGCGGATTCAACGAACAGTCTCTCAGCCTCCAGGCTCTCGTTGTCAGCGGTCCTCCCAGTCTATTTTCGGCAGAAGTAGCCTACATCGGCTCTTGGATGCGTCTGTTTTACTTCATGGAGTA,1444,52.15,Mus musculus
SEQ_373046,GACCTGCTGTTTTGAGCCGTAAAGGTCGTCGGCGTTCTTAACTCTTGTATCACGGTAGTCGAGGATCGCCTGAGTTCGAAGGTGTCGTCAACGGTCATGACGGGACTGACCTGCCACACTACGTTTCTCGGATTAAGGAGTCGATGAATCGAATCCAACGGACTAACTTGTCCGCTAGGCTTGTAGTGTTGTAGGCAAGCTAGGGCATTTTGTGATAGGTGCCCAGCGGATGATCCCACCGTCTGTTGGCCCCCTGCCTGTGAAGAGGAGCCGGAGCGTTTAGTACATTTTCGTCTGGATAAAGCTCGCAGAGTTGGTCTGTGGCCCTAAGAACCGGTAGAGCTAGCGTACTTCGTCCCTCGATAATCTCTAATTCTCCCAGCCATAAGTGCGTCCGGTATCCTAGTAAGTTGTCTCTTGCCTGCATAATTCGAAAATACTCCAGTGTACAGCCGCCACCCTTGTGCCGCTATCTCCTCTACCACGTAGCACCGCTGCAAGCTATGAATTGCTCCGTCCCGGCAATAAGCCCCACTGCGCGAAATTGAGCTTCCATACGAAATGACGAAAATTCGGGGTCCGACTACACCTCACACTCGATCGAATTTAAAAAGCCGATAGTTGTTCTAAAGTTTGGACTGAGAATGTTGCCATGCGCCTTTTTAGGAACGAAGGAGTACGGGCAACTGGGAAGCGAGGCGAGCCCCCGACTAACCCCGAAAAGGAGGCTGCCTAGAAACGCGAGGTAGAATAGGAAGCGATCTGCACACATAATGTCCGCGCTCTCTCCCCAGGCGGCACCTAGCGCGGAGGGTGAGAGTCGCACAGTGGTTACGTACATTTGGATGTCTGTAACATGTCTTTCCCCTGGACAAGGGTACCCCGTCCCGCACCCCGTGGGCAGGATGCGGCGAATTGGTGTGCATTACCGTGGTTATGTTACAATTCACGCTCGTGATGTTCATAAGATGTAGGCCAGGGAGTCCGGGAGGGGACCCTTCCGAGCCATCGCACGATGAACATGCGGATTGAGTTGTGCGGGACAACGAGGCTTTGTATAGGTTTGAGCGGAACTAGAACTTCCTCTGGGCAGACCACGGAATGCAAATCTCTGGTCAAATCTCCACTCTGCTTTACCAACTTCTTCCGTACGTACCTAACTGCCTGCCGGGCGATAATGCGTGACCCCACGCCGTTCAGCTATTCAAGTGGTGGCCTGTCCTACATATGCAACTACCGCCTAGCCAAGATGCTGAGGTACGGGGGCGCGTCAAAACTAGATGGCGTACCAAGAGAAACCCGGATAGCAAAAAAAAGGGAAGATGCCCCCGGTACGGGACCAGAACTATGAATATACTACGTAGCTTCGCAGGCTACGGGTTTTGTGGATTGTAGGATCCGCCTGTTATACGCGTACTACGTCTTCTTGACCCGATTTATTTATAAATTCACGTCTCCGCAGCCTAAGATCCGATTTGCACTATATGCCGACTCTAACTCGCACGAGAAGTCGATCATTGTGTTGGCGGGTTTGTACGTGTAGGTCCACCCACGCAATATGGCGCCTCTTCGAGTGGCCTCATTGCATTTGTTATGTGGCTGGAGGAT,1608,52.24,Caenorhabditis elegans
SEQ_117323,TGTGCAGAGGAGTCCGGGCTAATGGGTGCAGTGAGTTGTTATTACGACCCTCGATGCGTTCCCGTCTTCGAATCCCCTTTTCTTTCGCAAGCTGTCTGTTGCGGTAAGAGGCCGGGAGCAATAAAACAGCACTGCGGGTGCGTACTCTTTAGGCCATTCTTTTGCTCTCACGTCTCTCGCTAAAATTACTGCGCGTAGAACTAAATCCGAAGGTCGAGCGCTAACGCCGCCGAGTGTATCAGTCATGCGCAAGACTATGGCGCGCCTCAATTCCCTTGGCACTCCTAAGGTGCTGAAGTTGCTTTATAGTTAATACCCCTTAGTATCCATCTTTTTTATCGATGAAGCTAACCGAAGGATTCTAAGAAGTATATAAAAATCGTGATCCAGGGACTACTCCGCTACTTAATCAGTTTATCAACCGCTAGTTTATGTGCGTGACCATTATTATCAGGTTCCTTACGTTGCAATCAATGAAGTATAGCGTAAGCACCGTGCGTCCATCCAATCCTATCACTCGGCGCTCGGCATTCTGCAACTATCAAGATGTCCACCTTGTGTCTTGTTAGAAAATTCTAACTACGACTCGAAAATGCGTCTTAAACTGCTCCTGTATGTGGTTCCTAAAAGCTTACTCCAAACATGCGATCGTAACCTGGTCCAAGCGCAGATATCAGTTCGGGTGATTTCTGGGCTGAGCCAGCACCGACTCAGTAATTAAGGAATTCCATGTGACGACCCCATTTCTTTCCTTTTCCTCACTGTTGCCTTCGGTATCGCATATGCACCATCCTTTTAACCTTCCGAGTGCCCTTCCAAATGCTATTACCAGTCTCAGCCTGTATGCTTGGTGGTTGGTCCAGCGCGATACCAAAACTGCCCGAACGCTATCGCAGCAAGGCAGTGCTTTGCGTATCGCCGAGGATCCGTTCCGGTGTATTGCACACCCTGGTCGGAGATACGAAAAGACCCTATGCTGCAGATCTTTATTCCGACGTGCCCTTTCAGGCGGTCAATGACCAGCGGCCACTATCATGATGCGGAGATGCGTATTCCACGCATGCGCTCACGAACGAATAGCGTTCTAAAAGGTTGGGTCTCCTGTTAGATGAATGTTCAGTCTGTAAGGGATTCATCTCCCCCTCTTGAATGGACCGGGTACCACCCGTGGGATCCAAACATCTGCTCAAATGGAGGTTGGGCCATATGTGAAAGATATATCTTGCGGGCCTAGGGTGTCTTGTGCGTGAGACTTTTCACTTATTGTGTAACATACTTTGAACTGCAATTTCTGACATCCCCGATTGCGAGTACGATTGGCTCATTTCATGCGCTGGGTCAGAGATCTTAAATCAGCGGGCGGATTGTTACCCACCGTGGGGAAATTCTACACTCGGAAACTGAGTTATGACTTCCGCAGACCGAATAACTGTTATGTCTCCATATATTAACGGGTAGAACTTATGTTCTTCGTCCACTTTGGGAGCCTATGGAAGCCCCCCTAAGGTAGCTGCCTAGGACACGAATACCCGTATTGCAAGAGAAGCTTCGAGCTAGTTAACCGGCGAATCAACATTTGGATGAGGGAGGGTGGCTTTAGAATTCTAGACCCAACGGCCCTTTCTCTATGAGCTGCTGGCCCGAGG,1646,48.48,Arabidopsis thaliana
SEQ_616043,CTGGAAGCTAGAAAGCCCCGAGTCCGGTAGACCCATTCAGTTAATCAAGTAATTGTCTGTGACGAGCCGGATTCTGCTCGTAGTTACCTGAGTTCCGGACTCCAAACATTTTAAGAATCGTACCCAGTCCGCTTATATATAGAAAGTCCCGCTGCTAAGCGTAGTTCCAGGGTTATGCTTACTAGAAATATCCTTGGGACCTCGTAGTACTCGCACGTGTTTTAGAATCTATCAGCACCCAACCCCATTGATAGTAATTAATCCTCTTCCCGGTAGACGAGTGCTGATCGAAGCACAGCTCGACGAACATGGCACTCGATGTCGAGTAATATACCGAGGAATCGCCTAGATAACCGTCGAAGCTGGGTCCGGGCCGCTAGCAAGCATATCGGAACCGTAAGCTCAAATCCCTATGGTAGCTATACGCGTGGTAAGGATTTCGCGGATTCTCTAATTGGTGTCGACACAGAGCTCCGACCTTATGCGAGGCAAATTCGGGGCTCTGAATCATCATGCAATTAAACGATTCAGACTGCCCTCCCCCGCGGCTAGGAGGATTACGTACAGTGAACCTGGCTTTTAATGGGTCACTTTCCATCTATCACTGCTACCCAACAGC,619,48.95,Homo sapiens
SEQ_906630,TCAATTGGAGTGGTACCACCGGACTCCCTGAGAGCTGGGGCACTTGTATCGACAGCCCCGATGAGCCGTTAGAGCTGCCTAATGGCTTAAAAAGAAACTCGGGTTCGTGCGGGCCTTTGCATCGTTCAGGGCCGCTATTGCCCACATGGGTCTGATCAAGGGATGCGCCAAATGCGGTTACGCGTTTGCGACGTCTTGTGTTCTAAGATTAAACTCCTCACCGGTAGTTGCGCTTTAGTAATTAGTCCGCCTAGAATGGTCTCTATACAGGTGGCATGTACTTTGGTCCACTCGCCTTTCAGTAAGATTAGCCACCCCAACGTAAGTTAAGAACTCATTTTACTGTGGTAGACATAATAACCTGAGGGAGCGGAAAGTGACTCCTTAGGATCAATAGCGAGTCGGCCCGATTGCACAGGAGCTTAGTGGGACCCTGCAGAGGTGTGTATTAAGGCCGAGAAGCAAGCAGAATACTATTCACGGATTATTGTCACGGGAAAGTGGATCACTCTATAAGAGACGATGTTTGCTCGCTCCCCGAATGATCTGAATCATTACCAGAAAGCGTACCCACTATGCTGTGAAGACACATGGATGAGGCAGGGTATCACTGCTATAAGCTGGACTTCAATATCTAATAGATGCACTGTAGACCTATCTTCCCATCTACTGTTTTAAGCGTTTGTCCTGAGGGGTGATGTCGGGTTCCGCCACACCTGAAAAGAGGCCACATTGTACGTGAGCGCTAGAGATTTCTCGCACCACCACAGCCTGAACTATCCTGAAGGATTTTGTCGACCTCGGGCGATTCGAGGGAAAATCAGAAATAGTCATGGGGAGATCCCGGCCTGAATTGGAAGTCGGCGATAGCTTTCAATCTATCAGTCTCCGAGCGAAAGCAGGTGCACGCATACTTTCTTTGCTCTTGTCTGCTATGGACACACCTTGCAAACCACGAATATGTCTTTCATTGTGATCACACCTCCAAATGTGTTTGGGTACGTCGACATCCGCTCTATTTCTGGAATGTCCGTTTATCTCATGCCAATAGTGTCGTGGGATTGTCCTTACGAAGGATAGTCCTACCCAAGCCGACCCGATGATAGATTCACCCTATATTGAATTTCATCTTCGCTAAGGCCCTCGAGAGCTGGGCGCGATTTGACGAGGTGTGGCGGTCCCTCCTGGGAAATGTAGACAAACAGCCTCCAAGCTCCGCCGCGGATACTACAAACTCAACTAAAAAGCAAGGGCAACGAGCAAAGACCCAGTGGCTCGCAGAACCCGTACGGATTGGAGTTCGATAATGCTCTACAGGCATGGATGGAATGACTAGAGGCACAAAGTATCCACTGCGGTCAATAATAGAATAC,1373,49.09,Escherichia coli
SEQ_504239,CGTACCGCCTTTCGTGCCGTTCCCCGATAACGAAGTTACAGAGTTAACAGGATACTGCCAGTTCACCGTACTAACTGTCATTGCGGACGTAAGCATGATAATTCTGGAAATAATCACGCGTGCGTATCCCTTATGTCGGATGCAGATATGCTAATGACTCTGATTAATACAGCAGCTACTAATGACTCGCTGCCGCACCAGGATACGGAGTGGCGTGCTATGTTAGCACGTGCTTGTTCGCCTAAGTTCCATGGACGCACAAAAGGGCTGTTGGCCCCGAATTCAGAAGGTATAAGAACGATTAGCAATCCGGGGCAATGGGTCGTTATGCTATCGGTTAGTGAGATAGTGATATGAGAAGCTCCCTCTGTAATATTTTTTGGACCGCTCGTGCACAGCCAGGTATGGGTCAGTAAGTGGCTGAATCTACTAGATCTATCGGCGTTGGGGGTTCGAGAGGAAAGTTTAGGTATTGCTTCCGCACATTGCGCAGATCCCTTTGGAAAGTATTTTCTGCTGGGAGGAGTTGACAGATCTACTACGAATCACGATCTGCAGGATCACTAACGTGTCCTTATGACTGTTCTCACAGTATTTGTCCGCTAAACATAATCGCTTCGGGATGGGCCTTTAATTTCTACTAAGCGACGAGCCTGGCTAGCTCCAATCTTCAACCGGTG,680,47.79,Escherichia coli
SEQ_444227,TGAGGCTAGCTACATTTCAGGTTTGCTTTCCAGAAGTTGTATGGCGGATGAGATAAAGCTCCCTACTTCAAAGTCATTAACATTCCTGCTCCGCTTCGTGCCCGGCCAAACGCTGGCCGTTGGGAACAAGGAAAATGGACAACGTCGGCGAATTCGAGGGTCTGAATCGAATGTGCTGACGGCACAACCGTTAAAGACCCGTTCGTTTGTTAACCTAACCGTATTATACGAGATTTGAACCCTCTTGGGGAGGCGTGGTGTTAACAAATGCTGCAGAGGTCGAGGATGTAGTTTCGCTTAACCCCCGCATTCATATTACAATTGCTGTATGGGGACAGCAGGATAGGCCCTACGTTTGACACCAGAGATCGGTTAAATTGTGCTTTAAAAGATTTTATAGAAACGTGTTACGAGGCTCCCAGAGAAGGATGTCTGTCTGGCTCTCCCTGATAATGAATTGGCTACCCGCCGAACTTAGCATAATAGAAATTAGGCTTTCAAAACTCGCATCATATACCGAAGGTCTGTTTACGACACTCGGCATCATCGGCATGGGGGTGCGTCGAGCTACATGGTAATTTGCGGCAACGGGCGGCTCAATTGGAGATCGTAAGAGTTGAGAGCGGTAGAGACCCGCGGGGGTAGGCTCCGGATCTCAAGTACCTCAAGGTAGGAATCGAGCCAACGCGCGCAGGAGCCTCTGTCAATTAGCACGCCTCAGTTGCAATAGTCGTGACATAATGACCCTTTCCGAACATGTCCCACGAACATACGTAAACCGACGGCAATGCCTTTGCCCTAACAGTGATTTACCATCCTTGTGAAATATCAAACAACAGGAGAAACGACGTCTACCTTGCGGTGAACTTTACTGCTTCTACTTTTTAGTACGTCATTCTGTACATTATGCCTATACGATATAAGATCCCCTGTGGGACAGAGTAATTAAATGGTAGTAATTTTGGAACGCAGAGGGTGGCACAAAATGAGCTAGTTGCCGGCATGAACTGAGGCCGGGTTACGACGAATCAACAGTGGGAGCTGGGTCACGCAAGGTCGAGACGTTTGAGCGTCGGATTCTGACAAGTTTGGCCTTCCGTTAACTGGCCCTGGCGGCTATGACTTGCTACGTGGGCTCGGGCTACTCAGCTACGGCTCACGGAGAGGAACTGGAGTAACTAGTTAAAAAAATCGACTCCGCATTCAATGAGCCCGGGTGTATCTCCAGCATAGAATTGATACCGAGCTATAAACCTGCTCATTTTTTATGAATCGGTTCGTCCGAACCGTAGCGTAACGAGTTTCGCCTGCCGAGTGGTCCACAAGTACGCGATTGTTTCACACTGTTCCCCTTTGACACACGTTCTGGTAGTCATTCCTTCTTAGCAATTACAAAGAAGGGTGGGCGACAACGTTCCCACGTGCTGTGGGTAAAAGGGTAGGTGTTATCAACTCTCAAGGCACGGAGGCGGCGGGGCATCTTACACTCAGAGTTCTACGGTAGCAAAGAACCACACATACTCTGCTGCGGAGCCGAATTACGTCGTCTAATACCTCCTCTGACAGGTCCCACTCCACAGCTTCATCGATCCTAAATACGCTCGAGGTTGGCCTGATAGGCCGACCCCGGCCTCGTGTATTTGTCGCGGCCACGGCTGAGCGCCGCCTCGTCGCGAGCACCTGTAACAACATCGCACCCGCACGTCCGAAAGATACGGGGAAACCTGATAGGTCCACCAGTTGGTGAGTTCCAAGCAATCATAAGACACGTCTCACTGGAGCTACAGACCTAAGACGTGCCTCAAGCGCCAACCCGCACCCCCGTTCGCAGGCCAATGTTATACCCA,1847,50.51,Caenorhabditis elegans
SEQ_556620,GTTGACGTAAAATGTACCATTACCACATGCTAGGATGGGCGCAGAAAAGACGTTACGTAAGAAGCGAACACAGGGGACACGTGCTGTCGTTAAGATACGCATGTTTTGCGCAGGTGATTATACCTTGCGACTTGGAAAAGAGCTGAACGCTTGCGACTTCCGCAACGGGTAAACGTAATTAGCGCGACTGTAGAGTGGAAGCCGTGATTACAAGTCAGGAAGAATGCGTAAAAGCCGTTCGAGTAGTGGAGTTCTGCTTATAATATCCCTTATATGCGTGGTATGAGACGGTCCCTCTACACGCAAGATAGCACCTCCCGAAAAGTATCTTATGACTCAACCCGTTCTTTTGATGCCGGAAGGAATGCGTATTGCACATTTAGCCAGCGCCGCAGCTATTGATTCAAGCTGAACCATTGCGGCAAATGCTACCAATCTGGTAACATTTGGTGACTAATCCCTAATAGTGGGTTGGATGTGAGCAGAGGTCGTGTTGCAAAAAATGCTTCAATGTGCTCCACGTGGATTACTAAGGTATACTACCCGAAAGGAGTGAGCCGTTCGGCGCGTATAGTAATATTACTGCCCCGTCAATAGCGGGTCTTCTCAGGCCGAACTTGGCGCCATGTATGAAATCGACTGCTGTCGTTCGAGAGGACACTGAACGGTTCGAGTGGTCAAAGGTGGCGATCACCTTAACTCTCGCGCAAAATTAACATTATAGAATGCTGACAGTGTGCCTGCGGTCTTACACTTTGCTTAATGGTCGAAACTTGCTCAGCCTGAATCTAGTAGACCTGAGGATGGCTCCCATGCAGTACAGTTCCTGCGGTATTTAGATGAAAATACTCTACTAGACAGATGGATCCACCCTTCCTGTCCTTAGTTGTTTTTTACTCCATCGCACACAGCGACCGCAACTCATTCCCCACAAAAACGCGACTGGGCCGTTCTCGCTTGGTACAATGGCATCTGGCCCAATTTTTACTCTCCAAGACTTGAGGTATATCGTTGGCTACGTAAGTGTGAGTCTGTAAATGACGTCTCTTTTAACGGAACGTAATCTACTGGTTGTGGTGTGTTCGATCACGTCCCGAATGTACAAAAACGTCCATAATTCCTCTGTAATAAATTGCATCCAAGCGCATCACTTGTTCGAATTCATGGGTTTTAGGTACTCCCATAACGTAATTGATGAGAGTTAAAAACAAAGCGCTGTTGGCCACGTTTGCCCCGCATGGAGTACCCGGTGTCTGTCTAAACCTACTAATTGCTCATTATGCGGTAAACTCTTCAGTAACGTGCAACGGGCTATTGCCGCGCGGTTGGTTCTCTGAAGGTAAGGACAAGCGTATGATTTTGCCCAACGCACTGAGTCACACCTGTTGCTCTTTGATGAGCAGACCACTCGATAATCTGTGTGCGCCACAGAAACATCCTCCGTTCAAACAGCATTAGTTACAGATGGTAGGCTGGGAAACGAGGTAATGTATTGGGGATCGCACAAGCCTGCCCAATGTTAATTGTTTAACATACGCATGCCTACAGTTAGCTGCTCTACTTAGCAAGAGATCTCATACGATCACTACCCTGTTTATACCTTAGAGGACGGAACCCCGAAACGCTAAGTAGTACCAACTCTGAACGG,1648,46.84,Homo sapiens
SEQ_766069,TGCATTAGCACGTCATTTGCTCCAGAGAAGAAATGCGATTGCAGAGTGTAATAACCTGACATCGCCGGGCCACTATAAGGGCTGTCTTATTGACGAGTCATCTAATGTCGGTAAGGCAAAGGCCACGGATACCACTCAACAACAAGGAAATCTATGCTGCATCAGTAACGCCAATGGCATATTAATCTACTAAGGGGTATATCGAGGTGGTTATTGAGCGAAACTAGCTAGGGGGGATGGTTCCCTCGTCACTGTTTGGTAAAAGTCGGTTCACTGCTGACATGAGATTAGCTAGCATATTTGGTTAAGCCAGGTTCTATCTTAACAGTCTGACAGAGCGTTGAACGAATTCCGGGCAACGCGGGGGAGAGTGACCCGGAAACGTGCCGCGGCGTCAGAGTCCACCTGACTCTGGCGAAAAGAATAGAACGGGCGTGGCTGGAAATATAATTGATGCCTAACGAACATGCCAAGGAAATTGTGCATTCCGTTAGCACACTTCTTTGTGGAGCCATTTGGCCGACGGCGAGATCCACTACCCAGGAAGCAGGGAGACTACTCTGAATCTCGAACTGACGTATGGAGCAGCCAGCTGTCCTGCTGATGGCGTAACAGAAAATTTATTGTGATACGTGCTCTGTCCGCTTTGTACTCATCAGCGGCGGCCTACCACACTTTAGGTATTATGCTTGCACGAGGGACAGATAGCTGACACAACGTAGATGTGAATACAACCTACAATAACAGGTCCTAGTCAGTTCACTTAACCGCGTTCGACGGTCTTAGCAAGCGTCATAAATAAACGCCAATGTCCGCGTTGATAGTTTCAAACCGGCTACACCAGGTAAAGCTTATCACCTGGGCCTAACGGGTTGAGGCCCATGTCGTCTTAGACCCCTCTTTGCGGATTCTCCAATTCTATAATACTTTGATGCAACCCTACGAGAGAATGCATATACGCCTCCTTCCCACATCACGTTACGAAAGGAAAAGTGTTGTGAAGGGGACGCCGCGGCGATGGCGCGGCGAGCGGGTTGCAAACAAGACTGGCTATGTCCCCGCGTTCCAAGTTCATAATCGGCTTGACAGTCCAGAGTAGTCGAAGTAAACTTTGACGCGGCTATCTTCGTGTTGAGAATAGATGGGAATCAAGACTCACTTTGTCGATCCAGGACGGTATTTCACCCCGACCAGGAAGGATGTAGGTCGAGCTACGACGCGACCATGGGATGGGCCCGTAATGTGCGTTTGACGTACACGCGGGGGTTGCAGGCGGCTTATATACTGTTAAGTGATGCGTTTTAGCCCTACCTGTCGGGCCATCAGGGCGACTACTTTTTAAGTCATTACTGCAGAAGTGCCACCCGTGTACCACCATTAGCCCGTCATCTGGCTGCCTTGACGAGCCACCTCACTCAGTCTTTGCAGAACTTCATCATTGTTAATCGACTGCACGTTGCTAAAGCAAAGCGGTAGTGGCCCTCTTACCAAGCCTTTAGTTTTGCCATCGGCCGGCTGACGCTCGACACCTGAGACAACCCAACAATACGGATCACCCCGGCGAGATCAGTTCACGTCGGGAATCATGAGGCAGATTCAGTGCCATTATCTCGGCATCACAAATGATGGTCAAGCTCTAAGGTAACTGTGTTCTCTACCGCTAGCATACTGCTTGTGGATCGAAAGTTAATTCGCACACCCTGGTCCCCGACATTTTCTGTATACTGCGCCCGGCACACTCTAGCAAACCCTGTGTAGAGAGTCAGGCTAAGATAACGGGGATGTACCCGCCGCTGACAAGACGGTTACCGTCAATACTAC,1821,50.19,Saccharomyces cerevisiae
SEQ_880506,AAGAGACAATTTATGATGGCAAATTCGCGCAAAAGAAAGGCCTCCGCTAAGTCGTTTACGGGGGGTGCAGCATTGGCCTATGATCGGAGCATGCCGAATCTTACCATCTACGTATCCATGGGTACATCATGCGGGATTGCTTCGATGTCCCGATTGCGCCCGCTCTCGGTCCTTCGAGTTGCCGTGGGACACACCTACGATTATATTTTACGGCGGCCTTCTCTAGATAAAAATGGTACCTAGGTCTAAAGAAACAAGGGTCATATTGTACAGCGATTCCGCTACTTTACATGCGCCTTTTCGAAGTTATCGTCGAGAATTATCGATACATGACAATCCCGCGGCGAGGTAGCTAAGAAAAAACGACGTTCCCCAGATGCCGAAGAGTATTTTCCACGATCTCTTAGCGCGGATTCCGATATACGTATGATTCTTAGTCGTGATATAGGAACGAGTACTATTAAGGCGACATTGGCCCCATGGCTCCCCGGGGGTTCCGATAAGGAACCCTGGTATTCACTCGTTGCTAGACTGCGTGGAATGTTTTCAGACTGACATAGGTGGGGCTAAGCCCCCCGCCCTGATCGATCAGGGGTGCGGAGATAGGTTCCCTTGGTGCGCTGTATAACTACACCTCAAAATCCGAAAACCCGATGGTTATGGGCTTGATACACTACAATGATGCTATCAGATCGTGGAGTGGTTCTTCACAAACTAGCTAGAAGCTACGTTCCTACATTTACTCAATCCCACTTCTCCGCTGGCGTGCTCTTGATGTCCTTCCCAGACTCAGCCGAAATGATCCGCGGCACGACAAATACGTTGGACGGCCTAGCCGAGTTTGGCGCCCGCACTCCCTGTAGGCACAGTACACCTTAACCGGTCTTAATCCCACAATGCTGTGACACCGCTCTTGGCTACCAAGTAAAAATACACACCTGATCCAGGTGGCTCGTTCTGAGTCTAGATTGTGATCTTAATCCTTCCATAGCGCATCCCTCTCTTTACGTGAGCGAGCGACTCTGGTCCCATTGGGAAGCGGATAACCATCAAGCGCACCCACATAGTTAGGACA,1075,49.95,Arabidopsis thaliana
SEQ_862239,ACTCGTCTCTTGAAAGGTTTGGTGTAACTCCCCCTATACGCAGTGGCGAAACGTCCCACCAACTTTACGTATCATGCATTGCTTAACGCCCCGTAGTGGCGGCGTTTCAGAAGCGAGGACAGGCTAGCACATGCTGTGTACGTCAACACCCATATCGCGATGCGTTCTCCCAGCGACGGTACCTTCTGACGCCCGGGAGTACATCGCGTGCTACTCCGCTACCCTATGTAGGTGATTTTTGTATCGCAGTCGAGCTGATTAGGGGGTTTGATAAGCCTCGAGGGGGCTCGCTCGACGTAATGAGAGCACCCACGGTGCGTCGTGCCACATCATAGGGTGGGGAACCGTCTGTACAGTTCTCTTAAGGAATCACGTCGCAGTATAAAAAAGTGGATACCATTTTTGCGGAAGATCGTAGAATGGATCTACGTTCAGTAAGGCTCATAAAGTCTCAAATTGGTACCATCCAATTGCTGCCCCGTAGCTTAATAGCGCTACACCGCACTGTGGAATTCCGAGGAATTCGGGTTTGCAAACGCCTATTCTGACTCATAGGCTAACGTTAAGAGCCAATCTAAAGCCAATCCGCAATTGTCAGTAAGGAACTGCTCAGATATCGCACGGTAGTCATTCTTCCATTGAGAATATCTCGGAGACACCCAATCGATGCATTCGCATCCGGGCTAGATATTGGTAATCGCTTAGAGAAGATCCAGTAGTCTGTCAGACCCATTAGGACGCACATTCCCGTTGCATCCTATGCAAACATACGTCACGGACAAGCACGCTCGCCCCATTGAGAACAAAGGACCGCAACGAAGTAGTTTAGGGCCCGAGCCCAACCAAAAGCTCAAATATGTGGCCATGCTTCCTAATTTGAAATCGCTATCTCATGTTGCTCGTCCAGAACGGTGCTAGTACTGAAGTAGGGCACCTTATGTGGATCAAATATATCAGTGACTGGGGAACCCCCAATTTGCCAGTACTCATGCTCACGGGGGGGTGTGCCTCCGTGCTAATTCAAAACTTCACATACGCCTTTGACACTCAACAGCGTGGAATAAAAAACATATTGTTGGGTAGTGTTGACTACTAAGGGGTTTCACTCTCAAAAAGACTGTTCGCTAGCATCGCGCCCCGTAAGACACGGCTCCTAAGTCTTGGTCAGTGCGCTTCACAAGAGTTTCTCATCACGGACATCCTTATATGTTTCCGTAATGCTGTGGAGGCTGCAAATCTTGGTGGAATTACAGTGGGGATGTCGCTTTCCGGCACCATCTTCTGGCTTCGTTGACCTTTCGTGGGTGGGTTGCGCTCATATGGTGCCCACATTCGGCATATAGATGCATCGAGCATTTCCAGAAGAGAACTCCTCGGCCGCGTCTCCAGGGGATTCATGGGGCCGAGATTACATTCTAATGAGTTCCCTGCGTTGATTCCCACCACCCAGCAGAGCTACATTAATACTTAACACATCTCAGATTACTAAATGCCTCCAAATGATACACCGTGTTTCCAGAGAAGCCCATCTGCGGCGCCCGATTCGTACAAGGCGACTCTACGACATGTACACTGAAGGCCCAACTCTCTAGCCGATCACGTGACCTCGTCTTGAGTGGTCTCGGAGTAAGCCGGCAGCATTTGCCGCAGCCACACAGCTGAGCTCTTGTGATAAGTGGTAATACATCCTTCCTACTGGGTCGAATGGAGTTGTTGTCCGCACATGCCCAAACATCTTTCGCTAACGAGGTACCTGATGCCTTAAAACCCCATCTGAACCTATCGTCATTCGACCTA,1797,49.81,Homo sapiens
SEQ_495847,CATTTTGACTGCCGTGACCTTATGCTTATGAGGAGCCTGTTTGCGTCATTAGGAAGGTACAAGTAATAAGCTGTAAACCCACTTAACACAGTGCCCATTCGCCGCACTGTAGCATTATCGTCCGTTCCTTGAGGGGACGCATGGTATTAGGCTCAACTGGTACCCAAATACCGTTAATAAGGGGGTCGACGCGGCAGAATACTAATGCTTAGAAACGAGCCCTGCTTGAGCTAATCGCATGATAACTGTACAGTTGAGATATCACAATTGCTGGTCAAGCCCGCCGGAAATTCAACAGTACCAGCGTCAAAATTAAGCGGTGTTGCAGACAAATCCCTAAAGCAACATACCCGGTCCGTCGACAGCAGACCAAGTGTTACTCGCCTATATGGATTGTGGGATAGGAGGGGCAGCCTCCGTTTACCGCAACCACGCCGAACCACGGCGGGGGCGATCAAGCATTAAGGCTCCGATGCAAACCAAATTGGACGACATTCACTATATCGAAAGGATGTCAAGCAGACTCCACCCGGCTGAGGACTGCTTGCACAGGCGCAGTTTGTGATTAAACACTTCTGCATGGAACGATTACAGATTGGAGAGCCGTCAGCATATTCCGCAGATATCTATCAAACCTTGATGTATACTAAGTGCTTTCATCGACGGAAGCGTGTTGAGCGATACGGATCACTCGGCGCCCAAGCCTATCGTCTAATCCTTATTACTAAACGCATTTGGTGTGCCTCGCGCCTCTACGCGCAACTACTTA,769,49.15,Arabidopsis thaliana
SEQ_251673,GGCCGCACATTTTTAATTTCGTCGGGTGGCTACCCCCGGCACTCCATTTAAGCACTGGTAATGAGCCTGAAGATTACTTCCGATAAGACGTCTCTTGTTCGTGTGTACTTAGAACGGAATATTATAGTGTCGACTTCTCATAAGATTGAATCTCAAGACTGCAGCAGCATAAAAACGAACTAATGTCACTTAATCAGCTGGACAAGCCCCTAAATAACGGCGTTCGAGGTTCTTACAAGTACACAAACTCAGGTAGTCACTAAGCGGGTAGCATGGGTTGATTTCCTTCCCGCAGGAACTGGCGCTATTTCTAGAAACGCACTCGATCTGTGTGTCATCGCGAGTTAGATATGTAGGCAGAGTTACGATCGTCCGATATGGGGGTAAGCGCAATTGTGGGAACAAGCACACACAAGCTAACTTGAAAAACTAAGAGGGGGCCCGTTAACAGTCCCAGCGCCGGATACTGTATATAAAGCTGCGTTTCGCTCCTCGAGATTGCACTAAAATCCAGTTGTGGGCAGTGATATCACAGCGGGGTCACGCCTACTAATACAAGATGGTCCATACCGTTTTGATCGTGATGCGTGGTTTATCTTCTAGTTCGCTGAAATCGATTATACTGTCGGCCAGAGGCTGCTCTTTGGACATATGGATTGTGACGAGTAAACTTTAAGCCGTTGTCCTTATCACCACTGGACAGGGTACCAAGTAACTGCTCGTGATGTAAGTGCCTGGGCTGACGACTGGTAGCCAACCTCGAGGCTCCCGAAGTTGAGACTGGAGAAGCAACTTGTGAATTCGCTGGATGCCCTTAACGGGCCCCGGGGCCCCTCGTACGGGTCAGACTCGCGTCTACACTTTCTGAGAGAAACGCTTGACTTTGGGAATGCCTATGCAGATAAGCGTATTTGAGAATAATTTCACCCGATCCATTAGAAGTTATCTGTAGAGGCAAGGATAGATCTAAGGACCAAGGCTAAATGATGAATCTTTGGTAGTAATCCCCTGCAGAGTTTGAGTGCCAAGCTTTCAGTTAACGTCGCACACTAGTACAGCGTCCCACGTGCCCTGTTCTTCGCCGTTGAGGGAGCACGAGCCCATGAGTCTGGTTCCAACACCACTGCTGGAATTGCGTGCCAATACGCTGTAGGGAAATAGGACGCAGCGTAATACCTCGCTCGTCGTAATTAATATCCGCTGGGCCATGGTAAAATCGCTGCAATGTAGCAAGTTCGGGCTCTAACGCGTCACCTCTTAGAGATCGACAGGCTCAGATAAGTGAGTGATGGGTAAGGAATTCAACTACCTATTCCGCGATTCGGGATCCATGGAGCACAGCGGTTCGAACAGTCTAATACCATGTGTTGTCCACATCTGTCAACATGGCTTGGTCCCTTTAGTTTAATGTTAGCTCGACGGGGGAATCGACCTCAGTTCTCGCTTCACATCGGGCCGCGTGAACACGCACGGGAACTGTAACGACCTCCCAGCAGCGACGGGGCTTGGGATCAAACCGGCAGTTGCCAGCGTAGGCGTGAGTATATCGTGCGCCGTAAAAGCTCTGTCAGCTGCTGTAGCGCGTGCTCTTATTTGTGAAACTCGGATCTTTACGTGCCGTGGAAGTGAGCTATCCAGCAAGGTCGCAGGATGGGTGAGACGAACATCCTTGTCGTTCGTCCCACGCATTTCCGGATCGATTCCAATCTATGAAGCGTGACCGATAACGTCAGTCTGCGTCACCAGGACTCGAATGAGTGTATTTATTGCTTGTCATCCGCCCTCCAG,1788,49.72,Mus musculus
SEQ_688666,ACCCAGCATGGTCTCAAGACACTAAACGTAGCTACATGAGGTCCAAAGCGTATCCCACACCCACCTCTGGTTAAACATCCCCAGTCCGGACAATGTGAACTACGCCGCCAGGATTCCTTTACTATTACAAACAAGCGGGTTCGGTCACCACAGTATTCACATATGCGAAGTTCCGTCGCTATATTATGAGAGTCATGAAACCACTATCAAAAGACTCGGCAAATGTGCAGCAAAGTATCCGTCTTTACTATACGACTCACGGTGTAGATGAGCGTGCATTGTAGTTCTCGCCAGGCGACATGCTCCCGCGTCGGCCGTGCTGTCCCGCGTAACTTCATGCGGGTTATAATGTTGCTACCGGCAACCTACGATGAAGCTTATATTGTGTTCGCATAAAAATCACTGGCGAGGCTTCCAACGCGCGACGAGACTATTAGCCGGACGCTCTGAAGTAAGGACTTATTATTGTGATCTCCGCACGACAGCCCATCCAGGGTGATGGCCGTTTCAGCACGGCAATGAAGGGCTTTAAGCGTTGGTCGGTGAAA,548,50.0,Saccharomyces cerevisiae
SEQ_642078,GGCCTTGTAGGATTGACACGCTACCACAACATAGGCATAGATAGCTCGCAGTTCTCGAGTCACCGGAGGCCATTGAGCGACGGGGTCGGCTTCATCCCACGTTACCAGGGACACTTTTTGGGGCCCGCGCCAAGACACCACCTGCTCATTTGTTTGTAAAACATCATGTTGCGTGGCGTCCTTCGCGTCGCCTCTATCGGAGCACTTTAGGTCATATCGTAGGTTTTCGCATATGCGACTGCAGGCGTGAAACGAAACTATGCTTATAAGATATCGGAGGGCGGATGGCCATGAACAGGACCGATTAATTACTGTTGTATCACTAATGTTGCTTGTCACGGACACGGGGCCATTCTACAACTGTCAGGAGAGCCTTGTGGCACTCCTCTAAGTTCGCTGGGCCTAGGTGAACCAGCCGTCCCCTGGGCGATGAACTTGTGTAATTTACCATCGGAGCGTACGAAGTATGAATGGATCCTTATGTTAACAGGTGTGCCAGCTCACCCGATCATCGCTATACGCAGATCTGGCGCCGACACATTCACACTGGGCTATCTTGCCCTCCCCCTGCCAACCGCCCATTGTCGCGTCAAATTCACAGAGCTGCAAGCTCGCTACCTGAACAAGAGGCCCCCGTATAAGGCTGTCCTAGGGTGCGACCGTTTTCTCACGAACATGCTGGCTATGGTCCCAAAATCCAATGCCGGGGCTTGGATTTGCTATAATACACCAAGCAACCTTGAACGCCACGGGCAATCTCACCCATAGAGCAAAAGCCTACGCCGATGTCTGTGAGCTCTTATGCACGAGACGCGGTCTCTATCGATGGTGCTAGGCAAAGAAGTCTCTAAATTTTACCTTCGTACAACGCTTGCGAGGGGCCTTCACACCCCGAAGAGGATATTAACATTAGGAGGATCTTAACGAACGGCTCTAGGGCTCGGGACTTAACCGCCTGAGGCATCAGTTTGGTTAGGTTTGCACAAGATCAACCCCTAGAAAGGTGTAATTGGCTTAATCGCGAGTTAAATACAATATCTCTATAGGCCAGAACGGAAGCGGATGGCGAACAGTGGCCGCGGCCCACCAAGCAGTCAGTGTGTGGAAATAGGGCGGAAAAGAATTACGACAAGTTCGCCAATCAGAATCAGACCGGTTCCGTGCCCCTATGTATGGATACTCGTTTGGATTAGGATGGTTTCCTGCAAGATTCCGATCAGAACTGGGGCAAGGCAAACGTACCAAGTAGTGGTTTGTATCCGCTTTATCTCGTCACTCGCATCCATCACTGGTACGCGCCAAAGCTTAAGAATTCGGTGCTCGGAGTTTCGGTTAGTGGACGGGG,1345,51.6,Caenorhabditis elegans
SEQ_317043,TATTGAGTAACCAAAAACACTTAGCCCGAAGTCTGGGTGTTGCGATACCTCTGGCAACGGCTTAGTCCGATGGGCAACAGTAACGCCGAACACGTTGAGACGCTTTCAAGCCGACCGATCGCGGGCTGCGCATTACCTCATTCAAACATATGCCGTGCCTAGATTTCAGACTCTACGCAGTTTCTTTTACGAATTACACCATCGGCTCTGAATTACGAGGGGGGGATGTTGAAGTTATTGAAACCCCTTCGATTCGCCGATGAGCTCAGCGGCTGAGGGATCGGGTGCTTAAGGTTTGATGCTCGTATCGCTAGGCTTCGGTACGCATAAATTTGAAAGCCGGTTTCGCTCTATAATCTCGAACGTGGGAATCATCCGGCAACCTAGGCGGAGAGCTCAATGGGCGTGTAACGCCATGCATAGTGGTGCGCTGATAGTCATGCACACATTATTTATGAATGGTCTGCCTCGCGGGCACTACCCAAGCTGGCTTAGTGTGTTAAATCCTGTACTTATTTCGATGCTCCACTAAAGCGTTTACCCTTAGAGGGGATATGCGGTTGTGGGTCTTGCTGTAGCCGTAACTAGGTTATATAAACAGATCGGAGTCGTTGGTAGAGTCATGGTTTAGTACGTCATGTTATTGGTTACTGATTTTCACTTACTTGAGTTTCAGGTACGACTCTGCGCCGTGACGCGGTCATCGGT,708,49.01,Escherichia coli
SEQ_622771,TAGCGTGACCACGCCCTACCTATTGCAGTGCGATTATGGCACGACGAAACTCAGTAAATATGAGCGATAATGTTCGATAAAGTATGGTAGGGCGACAGCTAAGCGAGCAGCCATACTAGTCTGGTTTGGTTTCGTACCGATTCACACGCTGGCTCTAAGGCCGGTCGTGTAGGGTATACTCTGGGCGCTCTAACGTGTCGTAAAGCCCTAGATGTGTCCGAATTAGCGGTAGCCGCAAGACCGTGGCCCATATCCCAGCGAGCACACTCATCATTGGCCTTACGCGCGATACTAGCGAGGGGTTCGAGTTTATCTTCAAACTGAAGAGCGCTGCACAGGGATTCGCTGGTAACGGGCGTAACTCACCAAGACCTGGGCTTGGCGCTAGTGGTCTTGAGTATAGAGGAAGATCACGAGGTGTAATCCACTACGAATTACGACAAGCTGTTCCATACGCTTATGGGTTCGCGCCACATGTTTGTAGCGGCAAGGTCTTGTACGACCATTTGTGGTATGGTCTTCAGGCTGCGGACG,534,52.06,Escherichia coli
SEQ_271434,TAGAGAGTAGAGATATGGTAACCGACCAATGGTCGGTGTATCCCATCCGACAACATTCGCGCCGTAGCCGGCAGAGCGTTGATCCCACACGTGCCAGTCGTTACGCTGCAAAGATTCGCAGCCCCTTACAATCTGTACAAATAAGCGTCCCCCGGAAACGCGGTCTTGTTGAGGTAAAGGCACCCGTCGTCACTCACGAGCCGAGCCGTGCCTTCGGCAGGACTTGACCAGATAGTAGATATGCCAAACCGGGAGCCTAGAGTCGGGTAGACGGATTTACTCAGGATGGTTAGCGGTCAGATCGAGAATCCCTATAGCAGAAACCTCTGAAAGTTAAATATTCAGGATATTCCATCACACAATGTGCCAGCCTCAACGTGATACGAGGGTAAGGAGCATTTCAAATATAACATTAGGGTCGGCGCCATAGGTCTTTCCACGAAACCACTCTTTCATCGGGCAATTTGCAGTGGCCGACGCTCTACTCCAGCTGGTAGCACTGGAGGCCCTGTCCCGTTCAGAATACCTTTTTGGGGCTTGGCCACCCCCACGGCGCTACGTGTTTCCATGTAAGGTTTCTTAACAGAGTGGCAATCCGGGCACGCTGGCGGTTGCGTAGCTACTATATAGTATACAAGCTTGTCCGAGGTGAGACTTCGGTGTGATGCTGTTTTGTACAGAAGGCCTGAACGGTTAGGCTACCCTCAGCGGGGAAATTAGAAAAACTTGCTTGTATGGCGTCTTCTACGCTCGGTATATCGATCAGCCGACGCTTGTACGCCTTTCTAGTTTGCCAGGCCGGATTACCCCCGCGAATTTAATATGCCCATCTTTAACGCCCCGATATTTCAATTCCTTTGCCCTAGACGTACGTGAGGCAGCCAAAACCCTAAAGGTCCTACTAGGCTGCATGTCAACACGAATGGGTAGCGGTCCTTCGTGTCTATAAGTTTTCGGGGAAACCAAGTCACTTGCTGGTCCCGTCTGCTTACGTGTTCAGAGGTGTGAGTCTTGACTCGCTAAGCGGTCTGCACGCAAAACGCCACCACACTCCTTGCCAAATTGTATCCGCACCGGTGTACGGTCCCGCCAAGAGTTACGGTTATACCAGTGGACACGTTCCTCGAAGAGCCTACCTTGTACGCAAATTGTCACAATGTCGCGGAGTAGCCCATGCACTTCAGTTACCGCGTCCGCTCTATCAGAGTAAGTGCGTGTC,1219,51.85,Arabidopsis thaliana
SEQ_971288,CTTACGGTTGCACGTGATCAGGCTCAACTATTCATTCATCTACTAGGAAGTCCCGTAACTCTGTCGTATTGACAAACCCATGCCCACTGGAACCTATCCCTAAGAATACCCCGCGGACTCATGTTAATAGGTAATACAACAGGCTGTACGTTTGGATTGTCCCACGACACGCAATACTAGCAATATCGTGATTTACGTTGCCTTTTAAGGGGGGGTGCAGATAACCGGATATGTTCGCAAATCATCTAATGCACACGTCCCAGGGATAGTCCCAGCGGGAAGACCGGATAAGTGAGCGGTCCACGCCTTTTCGCGGAGAGGCTTGGTTGTAGTCACACGTTCATGGGTAGCCTAACACTTCCGCGGAAATCAATTGCGAAGCTTAAAGAAGTGACCGCAGTGTTGATGATCTGGGGGAAAACCCCTGGGCTACGGAGTAGAAGGATTGCGCCCGATGCAGCTTTTAGTCAGGACAGTTATGATAATATATAAAATGGACCGCTCCGGTGCTCCATGGCACTTCAAACCTAAGGACTATATTAGGCTCCTGGTATCGGGGACTAGGATTCTTTTGTAAGGGTAGTATAGTATTTGTTATAGAAGATATGCGGTCCAGCGTGACGGCATTCTCCCAAACAATCGTGGACCGGCCATAGGAAACCGCCCTCGTCGCTACAGAATACCCAGATGATAGCAAGTCGCCAGCATTTTCACGGTGAAAAAATTGCATGTATCCGTCATACCTGAATCGTACAGTGGAACGCTCGCGGCGCTGAACGTCGTATGGCGGTTGTGACTGAGAAATCACGCGACGGAGGATTTCCATTATGTGTGCGCCTTGACCGCTTTTTTATGACCCAAGTCTGCATGTCGGTGTACTACTCCATAACACTGAGCGGCGTGCACTCAATCTTCGGAACTTCCTTACGCCCAGACTCCCGGACCCCGACACCGCCGCATACGTTGTATTCTCTGAGGGATCAAACGGATATAGATACCATCATAATGGTGGTTGACACTTCCCTGTAATGTGGAGTGTCCGTCGTGGTCTAATATGGGGTTTCCTTTTACGGGTTGTGGCTTGGTGCACGGCTTTGCGACCCAAGGGGCCGCCACCAACCCGCCCCCCTTGCGATACAAGAGTGGGGACATCGCCCCACGCAAGTCATATGGTCCGCTCTTTTCTAGTACCCTCGGCAATTGCCGTTGGCAACGAAGGTCTCCCGTCGCTGCCTCGTGGGCACGCGAAAGCTCACCTGTTCGGAATCCCGCGAGATTTCCGCGGACTGACTCCCGGAAACTAAGACATTCGCTGGGGCTGAGATTCGATCACACTACCGGTGGATGAGGATATTGCGAGCCATGGGGTTGAATTCTAGCTGTTGACAATAAGAAATCTCGAGGTGCATGCTACGTCAGAATGAGTATCCAATGTATGCGGCAGCATTCAGAGGACGCCGAAAAACTGTTTACTACGCATTAAAGCAACGAGCTTTCCCACGTGGGCGGTCGTGTGACCGCAAGGCTTCTCCACACCTAGGGTGAACAGGTATAGACTAACCAGTTCACCTCTCATCGTGACCGGAGATAAAGGTAGGTACTAGGAGGCCCCCACTACTTGTATTTTTTTAGGGGGCAGAACCAAGTTCTAGGGATAGTGCGTAGGTCATCTTACACAAGGTAAAGACGGAATCGCCACTCCATAACAACTCTGCAACTAAAAGAAATACATGCTGAATCAAATTATTTATAGTCTGGTTTAGTGAAAACGAACGTCATATACTATGCTCCAACACAGCCGCAATAAAGTCCGTAAGTATACGCTGTATGCCCACGCCCTTAGATATAACGTCTAAGGGGTCGCATTTATCTCAGAGGATGGGGGCTATCGACGAACCCACAAACCGGTGCTACTCTTTATAGCAATAATGGTTCTACATCTGTTGTACGCATTAAAGGC,1960,49.59,Saccharomyces cerevisiae
SEQ_932774,AACATCTTGGCTTACGAACCGGTTCATATACCGCCTCTTAGCACACGGTGGACTTATCTGCAGTCGACGAGGACTGTTTGGGCACATCCGGTTACTCACGCCCAGACTTAAGATCCAGGTTTCTTCTGAGAGCTAAAACAAAAGCCTCGAGCGCAGGCGCGCAACCATTTTCCCCCGTCCAGTCCAGCGCGGTACTAAGTACATCTAAAAACCTCTAATTTCGATTTACGTCGCGGCTGCGTGGAATGCGACGCCGACCAGTAACACAATTGAAGAGCACGCGCGAAGAACAGTAATGCGCTGTTGGGTGGACCAGGGTGATGGCTCTGGTCCAGCCTCCGGGGCAGGTTTATGCTCAATAATCGATGCGACGCGGAAGCACGATATGCCATGAGGCCTGGAGGAGCATGCACTACACTAAGAACGTCCTCCAGATTTCAGGCTAAGTATGATGAAATGCGGAATTGTACGTAGTCCGGTTCTACTCGGAAGGTCGATATCAAATGTGCTATATGCCAAAAAGCGTGCGTCCGTTTTCCTTAACGGCGCGTCGATTATTTAATCAAACGTAGTGTGCTCCCACCATGCGCGGGCCTCACCGCTGCACACCCTTACATCGCGAGCTTGCCGAGTAAACCCGTTGTCGGGACGACAAGAATGCCCTAACGCTTTTTCGCACCTGCCCATTAATCAGTAGTAAAAGGAAGCCCAGCTTGGAGTCCTAAAAAGCGGAGGGCACCCGCCTAGGACGGTGTCTATTTTTGACTCGCAAAGAAGGATATAGATAATTCCTCTCATGAATAGACCTTGTCACCGCTGGGGCAAGCAGTGGAGGGGGACGCGTATCTTTTATGCCTAACCCGAAGTATGTCAATATGAGAAGCGCTATATCGAGTTGTGGGTTCGGACATCATGATTCGATTGACAGCCTCCAAGACCAAAAAATGGACGCGACGCTTCTGGAGGCCTCTT,972,51.23,Arabidopsis thaliana
SEQ_716869,GCGGCGGACTTAATGGATGCAAGGGGCGAGAGCTCTTGCGTTCGCAGCTTCGAACATCACATAATGCGTCGCTTGAAAACTAATCGTGACCAAAATATGGAACTGCCTGTACCCTCTCGAAACTTGACCCATAATACACCAGTGATATCCTCCAACTGGTTTAGCTCGAACAGGTTCCATCTCCTACACTCTTGCCGTTTCTCGGCTCAGTTGCAGGACATCTCGTAACTTACGCGCGGTGCCCCAATGAAACAGGCTAGAGCTCAACTGTAATTTGATGAATACAGCAAAGCCACAGGTCTGGAGAAATGGCCCGGATCATGTGTCCGGTATAGCTGCTGCGCGAGGCAATTGTATACGAGTTCCGACCGGCGAACCGGTATCCGTGGAAGGGTAGACAACCCCACCTTAAATCTAGAGTCTCGGCCGCGAAAGTCTTCCTCGGAGGACTCATTAGGCGTGCTAGGCTGGGCACGCCCTGTCAATAGTCCTGGTGCCCCTCTTAACTTCAGGTTATCCGTGGTGGGGAGTTTAATATTCTATCTTCGTCGTGCACCTAGTAGCTACCCAATGTGGTCCCTTAATTATGGACCAATAAGCTTCCGTGGATTGAAACTCATTAACCGAGGGACCGCGGAAGTCCCCAGAGGAGCAACGTGCTTGTTGGCGATAGCATCTGGCGAATACCACCATAACGCAATTTTGCAGTTCGTATCCCATCATTGGCAAAGCCGTATTGC,740,50.95,Drosophila melanogaster
SEQ_614162,TGCACTGACGCAAGTACAAAGCCAACGCAGACGAACCCCCCGCTGATTGCCTTTCTCGAAGAACTTTCCGTGTACAGTTCGCTCACCACGTTTACAGAGGGGACGGTAGATTGGAAGCTACCACTAATGCGGAGAATGAAATCCTCCCAACTCGAGCGTGATGCTGTTCAGGGTTCCAGGCAACCTCATAGAACTAAGAAACAACAGAAGTTTCCGACTGATCGAGACCGGGCGTTCTACGTTGATAAACCGGCGTGATCCGTGCATCTCGCAATATACCTAATATTGTGGAGCGTCCGTTCCCGTTCACCCGTAATGTTCCTAACACTCGGACTGAAACATTATGTGTTCAACCCTAAATCAGGTACTTAGTGAGGGGTTCAAGAGCTGTAATGTCCGTGAGGTCAGAGACTCTGCGGTGCCTTGCCTGGAGAAAGATTATATGTGACGCCGTCAGATATTCGTAGTGATACACGGAGTGTCGTTAGCATATAAGGTGTCAATGGTATCAACTTGAATAGGCCAGACCTCGTCACTGCCGTCCACCCACTATCCTTTTCGAGCTCGGTGGCTCTAGCGGGGTCTCTCCAGGTCCACTCTCCAGTGATTTGTCGCAGAGTTGAGCTTTCGTTGATCTTTAAATCAACCTACAAACGTCCTAATGCAAAAAGACATCGACAGACCAAATCTTGGGACTATCGCGATGCACGATATCATGTGGCACAGCAGAGTGCGATCATAGATATTCTGTTCTTGTCCCGAAGGTAGGTGAAGAGTTTTGAAACCGGGTCGTAAGATCCGATTAAATGCCTAGTCGAGCAGTACCTCCGCTACAGGGATAGCGTGTTCAGGTCTTGCGTCTCTCACCATGAAAGAGTGATCCGCCGGATTGCGCCGCGCTCAAGTGGCTCCTATCAGGATGGGATAAGCCCTTCAGTACACCATTTCTCGCTACGACAAGGACAGGTAATGAGACAGCAATCCGGTAATTAGGCGATGACTATGGTCCCTTGTCTAGCTGATGTCTGAGTATTAAGTCTGTGTGTGGTGGGAAATGCGACCCCCCGGTAGCCACAGTTGCGATTGAATTTTCCACTGCATCGGCGATCAAAAAGGAAAGTTCACGGCCTCGGCGGATGCGAGAATCTCACCGACATAAGAGTCTCACACGCAAGAGCTGCCCTTAACCTTTCACGTTCAACCGGGTAGCGTGTACGCCGCGAGGCGCCACCTCCAGAATAGACGCGAGGGGCCCTTTCCAATGGATGGATACATTTAGGTTGTTTTGCGCCATACCAGTTTTAAGGGTCACCCTATTCCTAAAAAACTACGT,1333,49.89,Escherichia coli
SEQ_313108,GGCGCCTCTAGTACTACGAAGAGATAAGTATTGGCGGGCATGCCCGGAGAAACCATAATAGTTCCAATCAATACAAAGCCAGCTCTCTGCCATATCCAATAACCATCACGAGATTGTTCACTGGGATCCACCTGCGCGTATCTTATGATTTGTAGCAGTGCGCCTGCTTGATGCTTCCTACACGTTCGCGCCTTACGCTAATTGTACGCCACTTAGTTATCTGAATTGTTAGTTGCTCGTTCAGCAATTTTACGGTCCGTAAAAATAGTGAGCGGTACAATGGCACCTCGAGGTAGCGATTTAATGATCGTCACCTTTGTCCAATAGCAACAACCTTAAACCTCATAGTAGCAGTGCATCCTCGACAAGTACGCCTAGGTCAGTTGGCACTCTGCCAATGAAGATCGCATGCCAGAAGCGGGATAG,426,47.18,Arabidopsis thaliana
SEQ_642846,GCCACATTTGAAATGATGCCTGATGTGGCATTGGCGTGCCAAGCCCTCGGCCCGGGGGCTCCCGTCCAACCCAATTTCAATATCCGGTCGCCTGTTGTCCAGCGGGGGAGTGTGGAAGTGCCATTGAAGATGCGGGATGCCCGAGTGTGGCATTGCCGCCTTTCGGTTGTCAGATTAACTGTGTGGCGCGAGTTCGCCTAGAATAACCGAAGGGAAAATATGTACTGCACCACGTCGTCGCCGAAATGTACAACTCAGCATGTACGCCTGAGATTGCTGAACATTAGGCGAGCCGTCTGAGGCGGCTTTACTTTTAACGACCCGCGATTGCCCGGACATATGGGCCGGAGGATCACGACAAGCCGGAGATGGGTAACCATAATCAAATGAGGTTGAGTAAAACCTCTATTTTCCACAAGGAACCTCCCCTGTTTGAATGAGGATCCGTCTTTGCTACCGCCGCTAAATTTAATGCGATCTATACGTGTAGGCACACCGTCCCGGTGGCCAAAATTCAGCTGGTTACACAAACTTGTGGTGCAAGGCGCTATGTCATGTCGGCCCTGTAATAGTGTGTGGATAGATAAGTCGGCGAAGCACTCCAAACCATAGTTCATTCCAACCTGCGTCTAACTCCGCTGAGTCCCCGGAACCACAGCCCATAAACGGTGCGTGGCGATGACTGCCCGGAGTCCTCGAAGCGGTTCAGTTTTAGCCTGAGCGTCGTAGTACTATAAAGTCTATAGGACTTAATCGGAATGTTACACACATATCATTCAAATCATTTGTTGAGGGGCACGCCATACGACTACTGCCGGGAAACGGCCACGTGCAGTTCCGGTCCGAACCCCTGACTGGGTATTGCGTATATTGGGAACCTGTTGCGTTCGCCTTGCCCTTGGATGCGAAGCGTAGGGGGCCATAGTGGCATTCTTCCAGTCGTTAGGTTGCATGCTCCTTACTCACCATCCCAGAAGGTAACTTAGGACGCTCTCTTTGTACTTTTACGTC,1011,52.23,Drosophila melanogaster
SEQ_498378,GTCAGGGTTCAGATCGCGACATGAGTTCAGCGGCTCGGGGCCCGACACACTTAGACCCTTGTGCACCACTGTCCGAATGTAACATCAAATGCACAAAATGGACGTTCCCCGGGCATAAGCTTGTTGTTGTTTCATGCAGTTGCTGGTTCCTCCGTAACCTGCTCGTTTGCATCAGTTGTTCCAAGGGAGACCTGACACATACGGTCCAGCCGTTACCAGGATGGTAAATCTCACGGGCCGTTACAAGAAATCTAGGGAACATTACTGAACCTGGCCAGTCCCCCAACGGGTCGCACGTTAGCTTCAGGCCTCACGTACCTGGAACAATTGCTAAGCACCCCACATCACGAGGCCTTTGTCCACGACAGTACCACTACCTGGTCGAACCCCCGCCTTCGTTGGGTTTTGCTAAGAGGTTAGAGGTAGATGAGCAAGACCTACGATTGGCGCTCAGCGTAGACGTAATAAGGTAAGTGGCTTGATACCATTGACACGACACGGCGGTTTCCCTTAACTTAGGTACTAGTGTCCCTTACTGATAGGTTTGGGCCGAGCGCACTCCTTTTAGCAACCGATTCAACCAACCTATGGACAGTTCGACGAGAATCCGGTACGCAACGGGAATGGACGCAGTTGCAGGCGAGCCTCTCGAACACTGTGCTTGACGACCCCTCTGGCTACTGAGATCCGTGTGACGTCCCGCGAGAGCGCCCCTTTCAACAATCTCATGATGCTGCAAGCCACGACCAAATTACGACGGAGGTGGACTCCTCCCTGCTAGACTTATTCGATTAGCAATTGCTCCCGCTTCCAGTCGAAAGTTGGCGTACCAAAGTGAATCTAGCACGAACACCGTTATTGCTGGTTCGGAAAAATGCTTGGTCTATTAACAGTCCAATCCTTTATAGCCGAGGTGACCCAGCTCACAGCAACGGCGAATGTGTATCGTCGAGCGGCATTTAGAGAATGATGAACAAAAGCCAGAATCAGCAGACATGGCCGCGACCGACGTGATCCTTTACATGTTTTGGACGACTAAAAAGTTCCTGGCTTCGATGTAATGGTCCTAGACCCAGTAAGGAGACGGAGACCAAATGGCCGGCTAAGGACGGCCGTGACCTTTCCTGTCACACGCTTTTAAACCTAACGAAGTATGAGAAGCTTCTGCCGTGATATGTCTACCGGTTAACTAGTTTCGGAGGAGGGCCGGGACAGTATTTGTTCAACGATCACAGTCTACATAGGCCATAGTGCTACTGCGCGCTATATACCGAACGTCGTGCCCGAAATGACTCAATGGATATTAGTAGTGGGAATTGGCCCTAAGCCCCTGACGCTTTACATTAGAATGTCCG,1355,51.29,Escherichia coli
SEQ_896736,GCATTAAAACGTTGGGAGGCGGGATCCCGACTCCTAGCCCAGGTGGTAGGGCGCGTTTACACAAACAGGGGCGCCGCGAGCCCTACATGTTTAACATCGGTGGGACTACTCTACCCAGGACTTGCCCGGAGTAACCTTATACGTTATCGGTCAACAACTTAGTATTGTAACTTGTTATGATTCCCTGGCTTTAAACATCAGAACGATTCGTCTGGCTGGCACTAGGTGCTCTTTTGCTATGCTGTGACTTTCTTATTACAGCGCATATAGGTTTTGAGCTTCCAAGGTCATATGTGCTCGGTTCCACGGCCCCGACTGGCAAAGGGGCCCCTGTCCGACTAGCATAGTGGGCGGACCCATCCTGGAGACAGAAAACAGCACGCGACGTTAGCAAAGCAACAAAACAAGAGAAGCATTGATTGGCACTCTTACTGAATCTAGATAGCAAGAAGGCGTACCCATGGGACATGTTTTGACGTTCGCGCCAAGAAGAAGGTCTGGTCCACCGGTAATACTGAACGCAGGACTACAGACGTAGGGGTAGACGGATTTTGCACGGTTACTGACTCTTCTATGTGACAGATACCTGTGTAAATCAACGTCTAGGGGGAGCGCGTGAACTGAATGTATCCGACT,636,50.31,Mus musculus
SEQ_591482,ATGCTTCCCGTGTTTCTCGCCTTGTCTTGGGGGGGCTGCTTAACCTTTATGTATGCAAAAGGGAATAGGGTCCTGTGCTTCCGGACACTGAAGTTCGGGAGGTCTATACGTGCATGACGGAGACGGCGAAGTCGACGCCTGGTTGCACACCCGCGAATGTTCTAAGAAAAACAGAGAACCAATATTGATGAAAGGTTCACGCTTCACACGGGTAATGTTTGTGCCCTTGCAAATACGGTAGTAATAATTAGGTATTCGTTGCTACTTATTTTAGATAGACTGCCAATTCTA,291,46.39,Caenorhabditis elegans
SEQ_404059,GGCTTGTAAAATCCCATCCTTGCTCCTTCAGCAACTTACCTGCGAAATCCTCCCCGTTTGGGGGTTGCTAATCGAAATGCGGGCAGGGCGCAGATCTGCGACATTCTGGTAGTTAGGTGTTTAGCGCAGGGTTGATTTTCGTCTCCGACACGACGCGACAACCCGTGGTTGTGAGAACACGCTGAGGCCAGTGGTGATGCCCTTCCGGCTCCAGCATCGTGCTGCCATGCTCACGATTGAATTGAGTGATCATTTACCTCCCAACCAGCGGTCAGAGCGCATCTGAGGGTTTACGCATTAGGGACCAGTTGGGCGTATGAGTAGTCTACGGGTTCGGCCCACTATCTGCACTATAGGGTTGAACCATACCGAATCTCCCGAGTATAGAGCCGAGGTTTTGTATAATTGAGTAACGATTTGCAGGTATCTATGGTCTAAAATTTCGCAAATCCAGGGCCTACCCTTCCGAGGACGAAATTCTCTCCTTGTTGGGGAGATCCTAAGTGATGCGGGCTAGTCGCTTGGATACGCTACTCTCGTAATGGCCTAACACGAGTATTTCCGGACACTTGCCAATCTAAGCAGCATTGCCCTTGCCACATGGGACACGCAGTCATTCATTACATCTAGAATCTAGCGTAGCTCCTCAACAGGAACCCAATATGGAGCCGCGGGTAGGGATTAAAACCCCCCGGGCAAGTTCCCGTAAAAGGTCCTCAAATTCAAAAAAGGGCTTTGCCGTAGATTCTGAAGGATGAACCCTAACAAACGCTAAAGCCCTTTGGACTTTCTCGAAGTGGGTGTTTGATAGGTCGAGTAGCTCGATCACAATTCTGTTTCCTGTGATCTCATGCCACGGGAATATGAATTCGTACCCTGGTATCCAAGTTCAATGTCCAATGGCGCTCCGCGCTTGGATAAGCTCCACTCCTTCTTTCCGGTCCATTATGTGGAGTTTAGGCGGAACTCACACCCCTTCACCTCTGATCATAGTGGCCTCTGGAATAGGAGACCTACTGCCTTAGCATTGCCTCCGTTGAAGCATTTCACGGGCAATAGGGAGTCGGTTATAACGGCGCTTAATAGATGGGGTCAATCAACGAAAGTTCCACGAGGGGGATTTTTTAGTCATTTCTCCCAGCCTGTCTTGACTTCGATAGGCGGGAGTCACACTTGTGTGCTAACGGCCCACTACTCACTTAGTACTGAGAGGTACGACCATTTCTTTAATCACGAAACGCTTAATGTTGTTGCGCCTATTTAGGTGATACGACTGAGGAAGGCCTAGCTTCATGGGTGGCAACTG,1306,49.92,Homo sapiens
SEQ_241656,AGAAATGACATAACGCCGTCGGAGCGGACCTGAGCGGCTTTTAATTCCAGCTCGTGTGCCAACTCTGATACGTATTCTAGTTACTGAATGCCCCACGTCGTGCTTCGAGCCACAACCGTCCGCAAGTGAGTCAGTGGAGTCGACTTCCATCCTTCAGATGGACGCCTATGGATAAGGGCGGCGCAGAACCTGGACAGTTCAGTCGTGTTATAGTCTTGCGTTGGAGCCAGTCAAAAGGAGTACTAGTCGAGCGAGTTGCTCTGTTAGCGGTCAAGAATGTAATCGCTGGAATGTCGGAATCACTCATGTATGTATCCACGGCTGAAACTGATGTGTCCTACAGGACGCCGGTCGTCGACACGCATAGATAATCGAATTGGGAGGAGAAGGACGCCCGCGAGGGTGAGGTGTCTCCTCGCCATCAATTCTGTGACAGAGGCACCTCGTGACCTGGGTATGGGTTCCATACTCTTGGAGGGAGTACGTCAGAGCGTGTGTTTATGGTGCCTCTTTAGATTGCGACCAAAGGTTATTGTGCCGAAACAAGAACTTAGCGAGGTAAGCGCTTCAATGGTCTTATGATTTCAGCGGTGGTGGCCCTGTCCTCCTTCCTTACTAAGCCACCAAGCAACCAATCAGGGTGCAAAGTCGCCGCATTCATTTATGCATAGTGGGTCGAAGTCTTCAGCCACGAAACTTAAAGCAGCAGCGCCGGACGCGGATCTGTCGTTGGCTATAAATACGTCTAGGCCCGTACCAGACCGCGCACGCCCAGGGAACAATGGTGACTCAACCGCGCGCTCGGAACAAAAGGGCTCTGTTGACCCGCACGTGTTGTGTCCTCGTTTGTTTAGTACTAGTCTCAAGGGCTTATATCAGAGCGTTGGGTTCCTTCATCGTAAACGGGTTAACACAAAACAGTGAAGGGTTCTGGCAGTCTAAATGTCCCGCGGCAGGATCTGTACACAGATTTCGGGCGCCAGTACACCCCCGGTTATCTGTAGGCGATTATAAACGGAAAAATCCCAAATGGTAGGCCTACCTCTGGGGCGCCAGCGGCGTGAGATACAACTGTGCAGATGGGGTCGACTCAACATTCAATCCTATCCACTCTTGTCTAGGTCACGACCTAATTTTGGAGCGCGGTAGAGCGTCACGTAGTATGAATTTATAATAACCGACAATAAATCCGTTTCTCTCTATTTGGTCAAAGTGGTAAACAAAGGTCCGCTAGTATTGGTATGTATCTAAGCCGACCCGCTGTAATACGATGCGAGCGGAGAGCCCATTGAGATTCAGCGAATCTTGCCGCGCCGGACGAGCCCGGGTCTCTCCTGTTCCGGTTTTCACGAGCTCAAAAAGGTGTAGCTGCAGCGCACTGTGACGGTAACACCCGGACGACTGACAGTTTGGATATCTTCGTTCTCTTATTCACACCCACGGTTTCATACGAGCATAACCGCGGCGGCCTGCCGGTGGTAAGGCGGAGCACCTTGGGGCAAGTCTCGCGTGTGACGGTACTTCAACTACCCCGTGGTATTCGAATTCCTTTGGCTGGTGACAGCTGCGATTGCCGAACCGACATACCAGGCGCCTGCTCCCGAAGTCGTCGCTAATCTACGTATGGCTTATCTGCGACCTCTGCAAGACGCCTACGTCGCTGAAGACGCAGTGGATAACAAACCCTGCGGATGATCCAGCAGCCATGAATACGCTCGAGTCGTCCGGT,1729,52.52,Saccharomyces cerevisiae
SEQ_596803,GAGGCCCCGGCATTTCAGATAAGTTCGTAGGAACCCCAACTCAACGCGTATCGCACCCGGGACTCGGACCCCAATTAAGAGGGGGTGATACAAAGCACCATCGCTCCCTCCCGCACTAGGAGGCGGCCACGAGATCGACAGTGTATAAGAAATGGGCTCCTCCTCTGGCTAGCGTTATATATACCACCAAGTATCACTCAGGTCTCCGGAAAGTAAAGCACTCATCGTATTTTCAAGATGGTTTATGGGCCCCTATGTGGTCGGCGCTCCATGGGAGACGCGATAGATGAACTTCAGGCAATCTTATTTCCCAGTCGCCCTCGTCACGAAAGACACTGTGATCAAGACAATAGACATGTAGCTACCATGTAGCCTCGCACAAAACGGGTGACGCTATGTCAAATTGAGAAGCAGGATGGTATGTTTCAAACGGAACGAATCTATACAATCGGACATAAAATATGACGGAGGCCTGATCATCAAGCTTTATAGTGTGCCCTGCAACAGCAAGTTTAGTACTGAGTACACACGTTCTCCTTAACGCGTACGAGCGGCGGGCCAGCGCCAGTAGCCATCACCGTTTGACGCCATAGTTGTCGGCAGCTCCAATTACCCTGCACCTGGGGTGATGTCCTTAAAGACGCGTAAAACGAAGCCGGTTGAATTATGGGACACATCGACAGCGCAATACTGTCCGTAAACACTCCTGACACTAAATCTTCAAAACACAGTGCGCAATCTGCGTCATGAGACCAGGCATCGCAGATATCCTATGTTCAGGTTGGTTA,788,50.0,Homo sapiens
SEQ_693651,AAGAAGTATCAGTTGGGGAGGAATGGCGCCCTCCTATTAAGGATAATTTTCGGAACGCCTTAAGACATAAGGCCCCTCTAGACACAAAAAAGACGTACGGTACTGCTCAACAGTGGACACGTGAATACCGGGTGACATGATCCACGTTGAGTCCATGATCGGCGAGCCCTAATGAGCTGGAAGGTGGCTTCCGGGCCGTCCTTTTTATACGGGAATGATACGCGGTAAACAGGCCATGGAAAACCGCGTGGTCCCTCATCCATATACCTCCGGTTGCCGAAAGCTACCCCAGCGTTCACTATCCTGCAGTACTCTGTGGCTAAGACAGTTCTAGGGGTTTTTTCTAGAGTCTATCTATTCGGACAGAAAGACCCGTCCAGACTGTTGAGACGCTAAGCACTTGTCCTAGATCGTTAACTCGCACACGCTTTTCATCAACGTCATACTGTTACAAGAATCGTTACTAGTCGGCTATCTATAAGCACATATGCGTGGCTCAACTCGGCGTGTCTGCCTCGTGGTGTCTTTGATTCCCGATTCCCATAGACCAATGATTCCTTGGACCACGTACCCAGGCGCCCATGTAAATAGTAGGCTCACCCCTCATTCGTCATCACAGGAGTGGAAGCGGGCTGTAGGTAAATGAGGATCTCTCTTGTAACGATTAAGACGTCAGGCACCGCACTACTGATCTTCCTGACGATCTGTCCAATTCCGATCGCGCTACTGCACTAAGGGTAGGGCTTATTCAAGAGTGG,758,49.87,Homo sapiens
SEQ_195980,TAACTTCGGCAGTCTACGTGCGCACGGCGGCGGAGTATGACCTTAGTTATGTTTTTAGTTCGTTGCGACAGGAGATGCATTCCGAGTGTTAAGTGGATGCGAAAGTCAAGTAAGCTCCTGCAACTAGGCTCCAGGAAGGTACTGTCAATGATAAGGCTGAGCCTATACCCATGGGCTGGACGGCGAGCTTCAAGGGCCCCTAGATCGTACGGAATGCGGCAGATCCTAATGTCGCATTGCTTGAAAGGACGACTTACCATAGCGTCTCTGGCTCGAGACGGCAGGACCTTCACAAGCCATACCTCACCTCGGCATTAGTTGGCCACGTATCTTCTGTCAGATCTGCTACGATTTCATTTCGTCACGACTATACATCTGCGCGAATCTGAGCGGGCACTGGGCCCGTCAGCACGAGTTGCCGACGGTAACCAGAGCCCGCTGGTAGTCTGTCAAACATGGAAACCTCCTCACTGGAAAGCAGGTTGGGGATCTCGGTGTTTCCGCGCACCCGGAGCTCCTGCTATTACGTCTCCCTGACAAGGTTCACTCAGAACCGGCACGTGGCCCCCGTCCTATCCATAAAACACCCGCAAAGGACTTCAGCCAATCTCGGACAAACCCCAA,624,54.01,Mus musculus
SEQ_264019,CAAATCGAGCACCTATTGGTTTAGATCGGATCGTTGAATGCCCATGATACACTTGTTAGGGTGCTGCAATACAAGCGCGAGCAGGAGTGTAGCTAATGGGAAAATGTAGTGCGTGACGCCTGCCAGCCCCTGCGCCCGGGCGCTCGGCCTCTAAATCGTAGGGGTTTACTCGTAGGGGGGCGTCTTTTACGGTACCTACGTAGGCCAAGTGTGCCTTCTGTAAGAGGCGCTGTGCCCCTGTCTATGTAGAAGCGTCCTATGTCAGATGTAGTGTGCCACTCTTTATAAGCAATGTCGGAGCGCGTGTGTTATCGCCAGGAAGACCGCCAGATGCGCGGCTCGCTCACCTGAGGCGGGCATTTTTAGTACGTATAAAACCTGGAGGTTGGCGAAGAGCCATGTATCGTATGCCTCTACCAGAGAGCATTCTGAGTGTCCGAAACAGGTTCTGATAATGCGGGTTTCTAATCATTATTGGTAGTTCCCCGTTGCGCCTCAGTCATGTCATAGTGACCCCAGATGAATGGGGTCCCGTCTATGGGGTATTAACGGGGGCCTGAAACATTTCTGGCTTGGAAGTGGCCGCTGCTCAAACACTCCAACACTTAGAACCTCGACTTAACCCGATGAACACACTGTATACAGTTGCCCCACTAGGAACGCTCTAATCACCGAGAGGTTGTCAGTGGCGGGCGCAAGGAGGTTCCGGTCCTGATGAGTCTACTTCCTCTAGTAACCCAGTGAGGTGCAGCAGTATAAAAGCTAGGTCAAGGTTTGCGTGTGATTTCCTCTAATGATTTGAACCCAAAGGCCCGGGGGGTAAGATGCGCTGAAAGGCATACCCGGGCTCCAATAGCATCCAAACGCTCTTCGAAAGGTGATCCTCGATATGTCGGACTTCAGCGTAGGGGCGCGGTATGAACGATAAACGCAGCAGGCGACGGGACACATAAGAATAGGGGTATGTGTTGTTACAAATTGAACGAGTTGCCGGCGCAGCTGAATCCTATAGCAAACATATGCCGATAACTCCCGCTGAATCCGCGTAGCTACCTTGAGCCGCGGTCCAGATCAAGGGCCGCTGCCGACCCTACAGTTGTGCGCACGCAATTTGGCATGGTCAATTATTCGCCTTGTTTAGAACTGTTTATCACGTGCGATGCTGCAGGTTCTTCCAACTCCATACACTCATTGTCTCGGAGGAACGTATACAAGAGTTTGAGTATTCGGGTCAGGCTTTAAGAGTGGCTGTACGGGGTGATGTGGTCAGGTTTAGGAAATCTGTATTTGAAATTCTGGATGTAATAATGATTTTGCCCTTATCCGGTGAAGCGCAGCCCGGGAAGCAGGCTTCTGAGCCTGGTACAGCTCCATCTATGGGAAGTACGGTAGGTGTAGAGCGCTTTATAGCACCAGTCCACTTGCGCGTTGGGGTAAACGGAAACCACAAAGTATAGGTCCCGCGACCGGTTCTCTGATTGGCGCTGAGCAGGTTCTATATCATGCGGACTTTGCGTGAAATTGGTGAGTTAGAGCCGAACATCCATTGTACACGGGTAGGACTTGAGGAGTGCACGACCCTATCGCGTGTGTCGTAGAAGAGGTTAGCTATGGCACCAGCTCCAGTGCTTAACCCAAGTTCCTTGGCTTCAGGGACAACACAGAGCTCCTATGAAATTTCTAATGGAAAGGGGTACCCCTGCAGTAGAGTGTTCCGATTCCTAACAGCAATCACGGAGGAACAGGATGTGG,1752,51.37,Caenorhabditis elegans
SEQ_733020,CGCGTCTGCAAAAGGTAAGTAGGAACGTGCCTATGCGATTGGTACTCTATGGGTACCCACTTTAGTCGTCTTGGGCCTTTGGACTCTGCATTGGGCGGTAAACAGTCGTGGCTGTCACCAATACTGCCGTCAGAGTCAGACTAATATTTTGCGCCAATCCCGGAGTACAGCTGCTGCCCGCTCTCTGAACACGTAGGCGCCGCGGGGAGCACATGGCCGTATGAGATACGTATAACTCGTCCGACGTGTCGCTTAATGGAGTCCCTGTGGGCATGCGCCAGATGGCCAGACCCGAAATAGCTACTATTCGTCTATTAAAACACGCTTGAAACACAGTGGGACCTTCCAGGGGTGCGTCTGCGGTGTGTGGAGCACCTTGACAGCTGTAACGACGCCCGGCTTATGATTACCCGACACGTCCCTCTACTCGTAAGCGGTTAACCTTCGGCCGGCAAGCGTGGTTATGCTTGCAGGTGTATGATGTCAGGGTTCCCAGAATAATGACAAGTTATCAGTGCGCATGAGTTGTTATGATGTA,538,52.97,Homo sapiens
SEQ_632169,CCGTGGTATGGCTAGCCTCGTTACGGTACTCTTCAGCAGAAGCATTGGGATACCCGATTGCTCTCTCAGCGAGAAGCACAGTGTTAAAGACCCAATGTACCGGCCGAAAGCGACGCACTCGGACGCAGTCGAAAGTGGCCGGTACCATCCTGTGAGGTGAGGAAAGCAGTCCTTTCGTTCGTGCTAGCCCTAGTTCTTGGTGTTACGACGACAGCTTAACTCACAGACAGACTGGCACGTACCTGCGTGCTGCGCCGGTACGGCGCGCCGGAACCTGTATTGAACTCGAGCTTCCTCGAACATGCGGGTGTGATTTAAATACCGAGACTCCAGAGTAGTGTTGTCTTTTCTCCTAACCACGTAATTCACTACTAGGTGCAGAACTCCGGCAGCATCTACTCGGTACAGCCAAATGAACAATCGGGCGAGTAAACACATCTATACGTCTTTCCGCCTTTCCTCGTCGGCGAGTTGTGTGCAGGATGTAGCCGCAGCAAGCGCCGTGAACTTCGTACCCGAACCCACGCCAGGAGGAGTACGCATGTGGTTATGTACAGTTTCGATTCGGTCAGAGCGGCATCTCTACCCATAACGTCGCCGCAGTTTGACTCCGTAATACCCGCTCGATTATACGTATCTTGTCTCAGCAACATCAACAGTCAGATCAGAGTGGACTCCGCTTGGTGGGACATCCTATATCGAAGTCTTCTGGAGCGCCTGTGGAGCCGCCAGTTCGGATGGGCCCACCCCATGGGGACGAGCGTAGACATACCAGGGCCACGTCGGAGGCGGGCGTTGATTTTCTTTCCCCGTCGGAATTCAAATGCGTATCCACCAGAGCGCAAAGCAACTGGGTCAAGGCTTAAGTTGCGCCGGAACGCCACCGGCGAGCCATCGGCAGCGGACTCTTCTGTAGGAGAGCTTCATAACAACGGACATTTTAATGATGGATCCAAGGTAGGTCTTTCGTGATTCCTCTTCGTCTAGTCCAAAGTGTAAAGGCCAGACACCGGTTTCCTCAGGATGAGGGCTTGAGTTAATCCAGTGTAGGCGTGTATTTCGCTTCGACACAGGAGAGCTGTACTCCTCTAATTGCACGAATAAGATGTTACCGGAACCCTGGGAGGCGTCATATCAAGTCTCCCAGTTGTATCGCTAGTCCAAGAAATCCTCGGAAGTTCAGATGTCACTACAGTACTTGCGTCCCGTCTTCCATCATTGGGTACACAAGATCGCCATCGGACGTGCACCCTTTACTCGGGCACATTAGGTTCTAGACGTAGTTCCCCCGACGTTACCTGATGTTGGTCCGAAACCTTAAGTTAAAATAGGCCGTAGAGAGCTCCACGTACCCTTGGATTTAGGCAGTCTCTCGAGCAAGCGATATGCGAGCTTGAAGACTCGTGGAATCGCTCCTAAAGGGCGGAATAGGTGCCTGTATGCAAAGGAGCGACCGTGGCGGCAGGCAGGCGAACAGTGGGGCCCATCACATATCTATTTCAAGCAGAAACTTCGAGTCTATCCACCGTTAAATGACATTATACCGTCTATCGTATCTACGCAAGCTCTAGAGGATTAATAGTCGATAGAAGCAATTATGCTTACCAGTATGTAGCGTTCATCAATCAAGAACCCTGGGGGTGTCAGACGTAGCCTAAAAGGATCAAAAGTCTAGTCAGCATGCCCTCGAATGGACTAATTTCGAAAAGGTGAGGTTTTGACTAATCGGTACGAGGCAAGCCCTAGGAGAGCGCGCCTGCTACAGCTAGTTCGGTTTCTGTTACTTTGTGCCCGCTTAGTATAAGCTCAGCCGGCTCTAGGCAAGAATATTCCTGAGGGGATCGGATAGGCACAAGGGTACTTCTATGTAACCAACGAGTGTAGCAGAGGTAGCTCTCTCCTCTGGTGGATCTGCGTTAGTGTACAACTTGATCTGCCGTCTCAATTTTCCGAGAAGCCGTTGCCTTCCCCATTGCTGTTCATAG,1985,51.54,Caenorhabditis elegans
SEQ_768601,CGGGGTATTGATCATACTCTGAACGTGTTTGTGTCTGCTGGCTGGTGTCAAAGTTCTGACAAAATATTTTACAGTTACGTTTTTTAGCTGCGTACATGGCGACCGCGTGCGATCACGTTGGGCCAACCTACCCGGCTTAGCCGGTGTGTATCTGCGCTATAACCCCCTTGTGATACGTGATCCTGGCATACACCCGTGGCCCTGCTTACCCGCGTCCTGTAC,222,52.25,Mus musculus
SEQ_997589,CGTGGGATAGTATCACTCAAAATCACGCTCGGCGCTCTCCTCTACTACGGTCACGAGACTACGGAATTAAATTACAGCCGTAATGTTCCATAGCAGTGGGCAATCGGGCCAGACGCAGGACGGTTCTTACTTGGCCAAGGGTTCGAGTATCAATATGTACGAGAGTGCGTAAGGTTCTGCAAACGTCCCTTAAAGGTGGGGGCGGAGTAAGTTCTTCAGGGCACGACCTAGCTAATAAGAAAATAAAGCGTCGGGGAGAGTTATTGCTCTTCATCTTGCGTACGGGGCGAGTAGACCGACAGCGCGTGTATTTCTTGTAGCCTCCGGCAAAAGAAGACTGCTACACCACTTCAGCTACGTACAATTATGTCCTGGAAGTGAACAGCAGTTCTGGTGGTCATCACAGCGATAGGTGAACGCTCGACGCCGACAAGAAATCGTGAGCCCACCATCCATGCGTCGACATTCTCTAGATGCGACGAATTGAAGCCTGTTGCTCACTTTCCTAGGATATTATGGCGCCGTGCCGTCTTCGAGGAAAGTCCGCAGCATTGCGAGAAATATATCACCACTGTCCCGTGAATCTACCGCCACGGAATTAGCCTCTGGATGAATTTTACGAATAACTCAGGCAACTCAATGAGTAAGTCACACATCGTGCAAACGCATAAGTGCAGCAGCACTCGGAAACTTGCCTTGCCCCCAGACACATATGACGGCGTGCTTCCTGTTTTGTTAAGGTGTGGCTACTCCACTACCAGTCCATCTCGGAACATCTGTGATATACAGGGGATTAAATGACGATGTCCCACTAAGACAA,820,49.63,Caenorhabditis elegans
SEQ_858580,ATCGCGAATGATAGGGTCGGTATACGTTGTCTCACACATTTTTCAGACCGGCGGTTTTAAGTTACTGGTCTCGGTGCAGTTTCATGACATTTTAGACAGTGATAGTGTCATGCGAAGATTGGAGATAACATACAAAAAAGGGTATAGTAAGACCGATGAGTGGCTTGTGTTCACCTCTGTTAAAGGAATTAAATCCGGCCAGTCAATAGATTAAGCATACGTCAGGACATAAGTAACGCCGAATTATGTGGAAAATAAGTAGAGTGAACCTAATAGCGTGAACAGCGCTTATCCAAATTATGAGCTAATATTCGGGATTTGATCTAGGCAGTCACCCGCATGACGGAGGACTCGTCATCTGTACGATGGTGGCTCCATAGCGGAATTTCGAAGTTGTTCAATGGTAAAGAAGTGACCCTCCACATTCCAGAGTGCCATTGTCAATCCACCATAGTGCACTTATATAATCGCGGTCAGACGCATTGGTTGGCACCCTTAATATATCATGCGAATCGCCGCGCGTTATCTGACCGAACACGCGTAGTGGACAAGTACCAGGTATTTTTATATGATCGCTCAAACCCGACCCGTATAGTGTGATTGCAGTAAATAGAATTAGTGTTTGCTATACGAGGTAGTATTGGGATTTCGTTGATAAAGTCCGCGCGAACACGGCTCCGCAAAAGCGTATACTTCCCTCCGAAAACGTGGAGCTGTTTCATGTGTTTACACTTGACGTCTGCAAGGGTGGAGACTCAGTTTTTGCTCTGCGTATATAGAGGGTCTAAGAGCAAAGTCATCCAGAGACTCCGGAGGGTGTTTGCATCCTTATAATCGCCCGGCGTTGGTGACTAAATGTCTCTACCGTACGACGCGCGCAGTGCCAATTGCACGCCAGCTTTATTATTCGTTATATCCCGTGAATGCTTTCAGACCGCACTTGGAAAATTCCCGTAACGGGAAGCAATTAATAGTAAAGGTCATCCTTTGGATAAGAATCGCCGATGACATTCCCTTTCAGTCCCCAGCATCAATTCGGCTTACAATATAGTAATTGTCCGGTATGTGGGTCAATTCTTTAGTTACGGCTTTGCCAGACGCGCGGTAGTCCAC,1113,45.28,Mus musculus
SEQ_250220,CTTAGGATGCATTAGAGGGAAGCCGTACTGAAAAGCCTAGCCTGCTTGGGAGAACACCTATGCCGCGTCGCTTTCGGCGTGTTTGCGGAGGCGCACTTGCGAATACGATGTACGAAACGCGTGGAAGGAATCCCTTGGGAAAGTACACTCTACCGTCAAGATGTCCATGTTCGTCAGACACATATGCCGTTCAGCATCACACGCAGTGGGTACTACTTTAGATATATAGTCGGGGCTTGTCCTATACAAACGGATCCAGCGCCTGCGACTCTGCGTTGCGGGTTGCAAATCTTTTCGGGATTCTTCGCCCCCGGTAAAGAAGGAGGAACTCTGCGGCGTAGGAAGTCTCCACCTAGTGATTCCTGAATCAAACCCTAGTGCTTCACAGACAAGTCCGCCCGTCAGTTAACGAGATATGCACCCACGGTATAGGCAAGTATAAGGTCGTTGTGGACTCAAAGGGGGCTCGGCTGCTTCGGCACGGGCCGATATCTACTAAGCTGCGTCCTAGGTATCTTTTCACCCCGCTACTTACTCCATACGTAGGTCGTGGTCGGCTTCAGCTATAATCTCCAGATGGTAGTATCCCCTTCTTCATTTTAGACCAGTTCAGTGTAGACCGAGCGGATTTACGTGTCTAGATTAGCTTGCCGCCCATGTTCCTGCGGGTCCTGCACCCGTGGATGTTAACAATCTCTAGGATAATGGAGAGCATCCGTAGCTATGCGAAGCGACCTGGGAGGGTGCAGAAATCATGCTTTACTACACCCAGGTCGCGAACTACTCAAGTGAGTGTTCGACCCCAAATCCACTGTAGTTTCAAGGCACTTCCTTAAGAGAGGACAGTCGCGAGGCAGGACCAGGGGCTATTCCAGACAAGTGTCCAGTAGGCAGAGTTCAAATACGTCTTCTATTGAATTAGACCCTCGAAAGGATCGTATAAGTAGTGGTTCCAGAAGATCACAGTTAGCGATTTCTATGTGGCCAATTGCACAACCCCCTTACGAGTTGTGAAGGCGCTTACATAAAGCTTCCATTCGACATTTATCATTGAAGAGAGAGCTGTGGGGATCTGGATATCACGGAGACCTATTACTTTGCTAAATTCCCCAATCCTGATTACATTTTGCGTGTAGCTTAACGGTGTACTTTACTTCACATTAAAGTACTACATGAGGTTGGCTCTTCCAGGACCTAGTATGTCGTAGCCACGGCACTGCGACTGCAGGCAGATCCGTCCTAACTGTCCTGCGGCTGCAGTCCGTCACGCATAGAAGGTTAAGCGAATGTTCCATACCGTCCAGATAACATTGCGGCGGGCCTCTACGTAGGCAAAACAACGAGTTCGCTTGGTGATTCAGATCTAGCCTAGTACGAGTTATATACGTACGAATTATGCTAGTTGGCATAAAAAACAATCGCTAATGCATTGAATCATCCCGTCGCCACCAAGGTGGGTCATCGACGGGGTAGCACTTCGGCAGATCGCTCAGTAGATCAGAGGCATCAGCCAAGACTCCTTATCTTAGCGTTTTATACAACGCTTTTTGTAACTAGGATGTTATACATCCTAACTCCTAGACATAGGAACGTTAAACCGTGAGACTTTCAGGCTAAAGTGGCGAATTGAAATAGGAGATTGTAGGACATGAAGACCGACTGGTGGAACTAGCGCGTGTAAGGAGGCCCTCATCTTTGGACGAGAAGCTTATCGGTTAATGGGACGCGGTTTGCCTCCCGTTCCTCCCAGGTGATACCGCATTAAATTTAGGTCTTTGACTATGCTGTCATTAAGTAACGGGGGCTTCCGAGAGGTTTTCGAAGAAATAGGCCTGATCCTAATGAGAATTGCATCGCGGCTGATCTGTTGAAGGAGCGACCAGCAATAATCCTTATATCCCCGAACATGTGAGGAGACACCAGAAAGCACAATGGACGCTAGGAGTTGAATATATCGGGGCCGTTGAA,1968,48.88,Caenorhabditis elegans
SEQ_583106,GGTTTTACATCGGCCCATGCGCAGATTAACAGGCGAAATTACGGCCGCGACCGGC,55,58.18,Homo sapiens
SEQ_430553,GCTGCACCCAGTAGATCCTAGGTCATTATCATGGATTCAGCAGCGACCATATCCGAGCAGTTATCGAAACTTCACCCATCTCCGCGGTGCTGTATCTTTGACGGGCTTACTTGCAAATACGCGGTGTCTTATAGCGTGCCACAGTGAGGCGCGTTTTCTGAATGTAGGGTGTCTGTTCCTGTTCGACTACGAGCAGATTTTGCAGTTAGAGGAATAAAATACTGTCTTATCGTATCCAGGCTCCTGCGTCTTTACATATGGGACGGTGCAATATTATTAGATGCCAGTCCAGAGAGACTCCTATGTCTCCGGCGGATTAGTGCCAAATGGCTAGAGGGTGCAACTAGTCTGTGGCTTATGTGACGAGGTAATGCCGAGCGTCGCGGGAAATTTATACACCACCGCAGACACTTACCGACGGTATCGAAAGGGTCGAAAAATGAAGCCGAATCCATGATTAAGAAAAATAGTCAAATTATAAACTGTCCGTGTTTCCCGTGCAAATTATTTTAGTGCTGATACTGCCCCCCTACAGCGGCACAGAGCAATACACAAGTCCCAGGAGTGCGGCGTGCGTGGTACTATCTCCG,590,48.31,Saccharomyces cerevisiae
SEQ_944842,GCCAACATCTCATTTTGGTCCCAGATTCGACCGCTAGCAAGGGCATAACCTTAAAGACTAACGTACCCCCCGTTACCTGTACATGAAGCCTTAACATTACCACGACTCAATATCTCTACTTGGTGAATATCCGTATCCTGCGGAATCATAGGGCTAAGGGTTATCCGGCAGCACGTGGTCTTCATGCAGCCGGTCGATGCGGTACAGAGACTACCCTCCATGAGACGTAGGGGCTCGGTCCAGTTTCACTGAGAACCACCCGGCCAAAATTTATCTCAAGTTCCATTCTACTGAGTCCTGGTTAATAGGTGAATCATGCAGGGTCTACTGCCACTGATGAAACATTATCCACTAGCTCACTAATTGACACAACATCTTTGCTATTTTTCTCAACGCGCGAGTTCATATCGGCCCCCTCCTCACACGCGATCTGAGGAGAATTGTAGCCATGACACATTCCTCCCTGTACTTATTATCCTAGGTGCAAGCCCCATTAAGCGAGATGCACCGTTATCACATGAACGTAGTCAGATCGCACGGTGGCAATATTAGATAGCGTGCTGACGAATCGGATGCTTACAGGCGGGCAGCGCGGACTTATGATTCACATACTAGAGCTGTAAGAATCGAGTACGCTTCAATAAGACGGGGGGGCTTATTAGAATACCACTCCACCAGATGGTTAACTGCTAGAGCCAGCCCTTTGCGTAAAGCCCAGCCGAGCCCCGGACTTAAGATTCCAAAGGCGATAGCTTGAAAACTCTGTAAACTTAGCGTGAGCGTCACGAAATCTAATAGTATGAATTTCTGGCACTAATGTGCTTAATCGTATACGCATTGTGCCTTACTTGCTGGATTTATCATACCTCGGGTGCACAAGCATCGAATGGCGGCGAATGTGATTGTCAGGTCCGGCCCGTATTTGGCGTTCCATAGTATAACAGCTCTCGTGCTGCTTGACTCCGAAAACGGTCGACCCGGATCCTTGGGTCACTGTATTTCATACGCCTCATCGCACCCAGGGGTGCTGCTCACCATAAAATTGAGAGACCACGATTGCTCTACGAGTCTAGCGGCTACGCGTTTGACAGCTGAGTAGACGGGGGGGTATCA,1113,49.15,Caenorhabditis elegans
SEQ_296653,GACCAGTGGATGTTAAACCGCCGTGCTGGGTGGGAGGTCAGGAGATGCTAACGTGACATTGATGGATGTGTGGTTGGCAGGGCATTAAAGTATACCT,97,51.55,Saccharomyces cerevisiae
SEQ_870197,TGTAGTTGCTCACAAATACAGAACGTCTCTTTACACTAGCCTGAAATACTGATTTATCATTGCTTATTCTGATAGAGCGAGATTCGGCTACCGCAATCGTGTCCACGTTCACCTACTACTCAAGGGGTATGGGCTGCCCAGAACTAGCAAAAAACACCCCTACATTAGACTAAACCAGTTTTTTGACCCTTCTGCAACAGGCTGGCGGCGCAACGATAAACCCAACGGAGGAATATGTATCATCTGGGAGTCGCGTCGGCGATTGTATGAACAGAGTGCGCGCAACTTTAGGGCCAAAATCGCACAATTACTAATCTTCAGACCCACTCTTGGAGCAGACCAGTGGACAGACGAGGAATCGCCATGCGCCCAGAATTGATACGACTCTGTGGAGGGATCACACTGTGGACGGGCCTAAGCCTTCACTATTCAACAGTGTCACCTATACGAACCAGAAAGAGTTATACCTTTCTGGCCAGACGTATCAGAGACCAGCAAAAGCGTAATATACCATAAAAATGCGCCGTACTTGGGTTACGCTTGCTAAAGAGGCGATTAGAGTCGCTTAACGACTTGTCCCCGGTGAACGGGCAGTGCACGCCAGGCTAGAGACACTACTGGATTACACGCACATATGAAGGTGGACTCGCGACTGATCATGCGGGGCCTCAAACAAGGGAATGTCGGGTCTCTCGACTCTGAGAGTCAAGCACATGTGACGTCGAAGAGACTGTCGCGTTACGTGTAGGAGGTTGCCCCTAGACTCGCATCGTCTAAGAGCAGCTAGGCCCTTCCGGTTTATCGTACACTACACAGAACGGACTTATCTCACAACAGAAGCCGGAGGTCTTTAGGCGCTACGTCAGGATTCGTAATTGTGCCGTCAACTACGTGGTTGTCTACGGGGATAGAAAAATTAACCGGAGTCTCAAATGACCATTCATCCAGCGTCCCTGTAAAATCGGTCCAACCGTACGCGATGGAGTACTGCACTTTACCCATGATAGCCATCCGGGGCATG,1021,49.76,Saccharomyces cerevisiae
SEQ_848298,CCTAGTCGCCGGTCTCGCGGTACGATAGTGGGTTGTCCTTTATATATATAGTCAATTTGGGCAAGGCTACATAGGGTGAGCATAGTTACGCGTCGTATCCGGTCTGAGAACAAGGCAGAGGAAAACCCGAAAAACCTCAACGACAAACCTGTCTAAAGCTCGGCTCCGGGCGCGAGTCGTTCACCGGGTTAGAGGCATTAGCGACTGGGTCGTGACAACATAACCCAGTTGACTATTTGCGTCGGCCTCGTCGGAATGTGTACTGACAGTTACAAATGGTTATCGTACGAGGGGCCGGTGCACCAGTCGACCTGGCCCGCAAATCACGGGTAAGACTCGTGCATGACTATCCTAAGGGCTTACTCGCTAAATCACCTAACCGACATTGTGCCCTCTTTGGTCTTACGTATGGACATAAGGACAGTGTTGGCCTAGGTATTTGTTCCACCGATGGTTTCATGCTTGCTTCCATAGGTCGCTAGGAATTCTCCTCCCTTGGTTTAGAGCGCTGCGTCTTTGTTGCTATACGTAACGATCAATGCGACAAGTACGTCTTCCAATGATAGTATTGGAGAATCTTGACAGTCTCAAGACGTGCAGGACGAAAGAACACCCTAATCTGTATGAAGCGGTCGCAGGCTGGTTAAAGGGGCTCTCTGTGCCAAAAGGGGCCCCGTTCTAATGCTAGCCCACATACAAGTGATCCGTCCAGCAACAAACCAGTGACAATGGCTTCAATTCAGCACAAAAAACGTGTGTCAAGTCATATAAACAAGTAGACGCTGTTAGAGATATGGCTGGCAGAAATTGAGACAGCTGCCGTCCAATGATTGAGGCAATTTCCTGCCTACGACCACCGTATGAAACCAAGACAGGCTTCCACCCGACCCAGACATACTCGGGTCTTCTAGCTTTAACTGACACAGGATAGAAATCCTTTTCCATCAACTCCCGTCACACATAGTCGTGTGGGTGGAGATGGGTCTATGGCCTATCTTTACGACCAATTGTTGGAGATCAACAACGCGTCAGGCTGGATACAAAAATCTTGTCGCTGTACGGGAACGAGCGGTTACGGCGGCAAGAGGCTAGGGATGCAAGCTTGCTACAGTCAACGCGTTCCGGGGGACGCTTGACAATCAGCCGACCTAAGGATGGCATAATACAACCGTATTGAGACCCACAGATCCGCTGATAGCACAGGCTCCGGCCGGGATG,1218,50.33,Mus musculus
SEQ_198141,TAGAGCAGCGTGTGAATCGGGGAGAGCAGGCCTATCTGTACCTTATAAGACGAGGTAACCCCAATCCGTGATTATTGACAACATGGTCGATTTCCCGGACGTCCTTAGTTGGGTTTGAATCTTCTTTCGAGCGCCAAGACACAAGTTGACAATACAAAACCTTTCCCATATCTCGCCCAACGCGACGGTAGCAGCAGGGTAGATGCTTCGCATTGTTGAGCTATCGACCTGCCCGGTGACCCCGTGCTCACGCTTTCTTACCGGGTCAATCGTGGCCACCAAAAATACTCGAGCGTAACGCTCCTAATACCCGCCAGTATGTGTAATGTGAATAGGATTCGATTAATATGTGAAGTATACGGGTCATGGCTCTGCTAATCTGATTCTAACGATCGGTAATTTACTAAATTGCAAATACAAAGGTCACGTTACACCAGCTCGCCGTGCCAAAAGATAGCTGCGTTTCTACTTTGAGTATGCGTGCAGCTCCTCGCCAGAATGGCGAGAAACTACCATAACCTTAGCATGCAACTGTAAGTGCGTGTTTAGAAGTCGCTCTTGGCACTAGCATATTGAGTCCAAATACGCACTCTCTTTGGGTGAATGTCTCCCGGTATCGCCGACAAGGAAATCTTGGACGGCGAACTGATCGCACAACGACTAAGCCTTGACTACAAAAGATAGCAACAGACAGTTGGTACTAGATACGAGGTTTTCTGCGCTAGGATTGGGGCGTTACCATGCGATGGGCTTAGCATGGTTTTCAGAAACAAACAGGGTTCCCGCCTCTTATGTGCTAAGTGTGGTTCTCTGCACTACTGATCCCGAAGTCAATATAGCAAGGGAGAGCAGTTTCTGGTCAGGTTGAACTGTGTGGGGTTGATGGTCTCCGCGCACGTTTACATCCGACGGCAATCTTAGACCAAGATATAGGCAAATAAGCGATTCCCCTCTTAGGTGCATCGGTTACGTCGTCTGTGTGCAATCCATCGCAGCATCGACCACACGATCCGCCATGAAAGCCTTTTAACCGTTCCATCGTACAAAAAAGATGCCAGCTGTTTGCTTCGACCCTTATAGAGAGCGACTTGCACGCTAACGAGTTAGGGCGTGTATCAGGTTTCGGACCCCCATTCTCTTACCAA,1145,48.47,Arabidopsis thaliana
SEQ_835789,TGTGAGAAAAGAGTAAGCCATAAACGCAAAGATGTATTACGTTCTTTAACAATATGCACGGTATTTGGCGGAGACTCCGTATGTTTGTATTTACAGTATTATCCGGACATCAACTAAGCGGGCGTAACCTTGTATCAGCGATTCGAGCTTTGTTCTGCCAGGAGATGTGAGCGGCCTTATCTGGCTATCTTTATTGCAGTTCATTTAGCAGCTTACAAGTGATGTTTTAGTCTTGCGGCTTTTCCTGCTAATCAGCGAGGTCTACTTTCGATCCCGAGTAATAGACTCGGGCTCGGTTGCAAATCTTCACGTACTGGTTATCGCCGCTGATTCAACCGTACAGGAGTGAACTCATTATGCGTGTGCGTAGGTTCTGGATGTCCTAATACGATACGCTCAGGCAGCAGCACATCGGCGCGATCCATAGGATATTGTCATTCATGTTCCCTTGAAGCGTCGAAGCTCCGATACGCTAGTGTCTCTGGGCAATGATGACCCCTTGTGTCAAGTTGCGAAGTGGTTTCATAAACTTGAGTGCACCTAAAAGTTATCGACATCGCTATACACGTCTGCCGCTAGGGGGGCAGCACAAACAGGTAACGTAGGCGGTTATAGGAAACATCGCCGTCGTGAACGCGCCGCAGGCTTGTAGCTGCCTTCTCAGACAGGTCTCAGCACTCTGTTGCCGAATTTGAGGCTAAAGGTCTTTCGTGTTGACTCCTCTCAGATGGGTGCCGAATCATGCGAAACACTGCTCTGCATTTAGAGGCTCCTGCTAGAGCCTACGCTGGCTACCCATTGGGGATAACCGCAATTATGAAACGTCCGGTAGACCCAGATACTCCAAATTTTCGCCGCAGTCTGATTAGATCTGCACGCTTGCCTTAGCGCGAATATAACCGTCCTCGGCTCCAGCTAGGCACTACACCGAACGTCTTTATAGCGGTCCACCAACGAAGCTCACGCCACGAGCCGTAACGTTTGAGACCACGAACTTCTGAGGCTTGTGAGGGTTCACTGGTAACCCGAACCACAACTACATTTATTTTTTTAATTTAGGAAGCACTGGTAACGTTCTGGGCGCCACGGCCTGCGCAAAGCACGGGGGGTATTATAGCGGCTCCACCGACAACCAACTGTCCTCGGCGAGTAGCGTGAGGAGTCCCCTGGTGGATAGAGCTCTTCTCTTACGTGCTTCCGGTCCACACGGTGCATTGACGATTGTTGACTATCAACAAGATTAACGGCGCGCCGAAGCGCACAGGAACTTGTCGTATATAGGTGCTGTTAGGCCCCCGGTGGGGAGTAGTCCCTGCGTGCTGACTCATG,1329,50.41,Mus musculus
SEQ_816162,TTCATCGCTTCGTAAATCTGAGCTCGCATTCCAAGGATAATCGGTACGTATCCGTTCTTCATGCACAACGGTAGCGGCCTTAACACAGGTG,91,48.35,Caenorhabditis elegans
SEQ_267499,GACGAGAGCCCCCAATGCCCGAGTGATCAACTAAATATTACATTTGATATTAGGCACGCTCTCCTTCATAGAACGGCGGAAAACAAGCCCAGCACTAAGGCAACTCGCTTTAGTCACAAGGCTTACGTTGTTCAAGCAATAGTTTTCCATATGCGCCTGTCGTCCTTTCTGCACCCTTATGGGCATATCTAGCAATACTCCCCCATAATAACCGCGTCAGCAACATACTCTTTATTTCTACCGCCGAGACTTCGGATACAGCTGTTTGAGAACGCGCTCAGAGCTGGCACATCTTTGATATTTCTGTAGACGTCTTAGATGGCCAACCTGGAGCCGTCTAATAAGAACGATCTCTCCTTGTGCTTGTTGCAGAAGGTTTTAGCTCAAAAAGCTGTACTGAGCAGTTGCCCCTGCGTCGAACGGATGAGAGCCTTAGGAACGATTACGCCGTCTGTTCATTCGGACCGCCGTGTGGCGCTTCTTCTTACTACCTATTGTGCCTTTGACCAATAAATCCAAGCAACCTAGTGCCAGGTCCCCATAGCTGGCAGGTAGGGCAGGCCTTCGTCTCGCGACTTAAGTGATAAGATGCTGGCGGGAATAATTGACGCCTCTTAGTGGTTACACCTTGGAACCCTAGAGCGATAGCATAAGCAGGTACGTACTGACCCGTGCTTTCAACGTAGTATGTCGCCCGTTTATCCGATGCGCCAACCGGATAGCTCATACATTATGCAGGTTCCATCGGACGAAATTCAAAAAGGCGGCTCGGTTCAATCCAGCGCACATAACAAAAGTCTCGTAGCATACTCTGTTATGACTGGAGTATCGGGGGCCATGGTCGTGTGGGGACAGCGGGAGGAAATTACCCCATTATATCTCCCAAGTGAGTGTCATGACGTGCTGCGTTCATAGGGCGCTAACAGAAGCGGCTACTGCTGCGGACGTTGTTATGTGCTAGTAGAGAAATACCGCCAGAAGACGGACGTATTTCTTCCCCTGTGTAAGAAAAACTGGTATCACCAGTAGAGTGGGCCCTAACAAGGCGAGCGGAATAATCTGTGGGTTCATTATTGTGCTCCGCGGAGAAACTCGTGCCGGGTACTGCTGGCGGTGTTCGACCAAGCAGGATTAGTAGCCCCGGATCAGATGGACCGGGGTCTCAGGGGGGGAGGCCGTGGCCAGCTAAAAAGTACGTCAGACAAGTGTTCCCCCTGAGAAGCAATCGGCACGGCTCTTGTCGCCAAGAGTGGCCGCCGATAACCCCGGACCTTCAATACGCGAGATAAAACCCCCGACGGCATTACATGATCAAATACTCGGTCATCTACTGTATAGGTGATCTTTATAGATTGCCCGAAGGAAGGACCCTTGACTGCCCCTTTTCCGTACCAATATTACGACCCAGTGTGGATCCAGTTTATTTGATTTCTGAATTTGAGCAG,1445,50.31,Homo sapiens
SEQ_669536,CGTAATCAACCCCTTAGTGTGCATCAGCAATGCCCCACCTAATACAATAGAGGATGTGTAGGTCGTGCGTGGTTCCGGACTAGCGTCGGCTTTAGTATAAATGCAATATTGAAATAGCTAGTGCAGTACAGACACCCGAGCCCTGTACAGGGAGCTTCTCGTTGAAATGCGGGATGTCGTTTGGCCGTTGTACGCGTATAACCACGAATCTGATGTCGAGAGATTCTTATGTATTATGGGACCCCAAACTCTGCATTGTGCACGGATAAAGGTTCTGGAAATTAGGTGCGGGTCGCGATGAAACGGCGCGACTGTCCCGAGAGTTAGAGGAAATACATGTATTACAACATAGTTTATGCATCCATCGCACCCATTCCCATCGTCGATTGCCATCTCCCACCTGATACTTACTGAATGGAGTCCCGGGGTACCGAAAGTAAGTGTACTCGCGAAGCTACTCCGGGAACGCCGTCTTGCGACTGGTACGGGGAAGTTTCTGGGGGTTTCGGTGCCTTGACCGTCCTCGTCGGCTGTGTTATGGTTAGCCGGGCTATTAGCAAGCAAACCGTTTGATAAAAATCACCAACTAAAGAACTAGCAATATGGGACATCGGGGATCTTGTATTACTCTACACCAGCTGACCTGCCCAAACGAGTCTGCAGTTCCGCGGATAGTGAATGTCAATCGTACCGTCGTTACCTGT,704,49.43,Escherichia coli
SEQ_455234,GGTTGTGCAAATTACCGAGCCACTAACGATATATTCGCATCCAAACACCGGTGTCTACGATCTGTTCCTGCATCGAGTTTGCATAGGCTTTGGCTCTATGGTACTTACAACCTGTCCTTATTGTAGGTTTCCTGTCTGATGGCCCTGTCACGCGTAATCAATATGGTGGTTTGTCCACCTATCTATTAGCAAGCAGCTTCGCCGGCCGGATTAGTTCTATGTGCATCTTGCAATGCGGGAAGATATCACCGATGAGACCACAAAGTTAGAAGTTTAAACTGATCGGACTATGGGGGAAGCCCAACTGTTCAGTGGTAGAATAACGAGGTCTCTGGATACACTGCTACGTGACGTCGGGACTCCTAAACCATATTCCCGTATCCTACATCATTAACTGTTCTGAACCCAATCCGCTCTTATCGACGTACTATCTAAATGGACTGGATCAGCGAACGTAGCATAAAGAGGAGCTGGACATGAAATAAATGAGAGATTACAAGGCCTTTTGTTCTTGTTTCATTAACGGAGGGACGGGCATAGTCTTCTACACTGCATGCAAGCGATGCACGGTAAGGTTCACAATGTAACTTCGTGTACGTGCGATACCCCCCCAGTAATTATCGGAGCCAACTAGATGTTTCTCAGACCTTGATATTTAGACCCATGATGTGGGGAATTGTGTGGGGAATAGTTTGATCCTGCCCACCTTGTTTACGCAGTGTATTAGTCATGCTCGAGTCTATGAGTGTTCGGCCCTTAGAGGCTGGATTTATTCTGAGGACCGGGGGACATCTAGGGTAAACGTCTACATCTAATTACAACCGGGACGAGATACTGGCCGCGCGGCTAATTTTAAAATTTGAGCTCCTGAGCGTCAGGCCTCCCGGGCATGCTACATGACAGACGGGCACGGGGGGTTCAACGCAGCCACTGGTCGTGAACGGTAAGTGAAGCTAATCTCGAATGAGACGATACTGTATCACCCGGACTTCCGGACTTCATCGATCGGGCCTCAATTCCTGATCGGACGCCGTTTGTGAAAACACCGTGTGAATCATACTTCCACTCAGTCAGATCTGGTTTTCGAAGACGGTCGAAACGCCCGGCATCTTGTGTCAACTAGGAGGCTCACGGATTCTTAGCACCGAGAGTTGTGATCCCCATCGGCCACCAGTGTCGCAGGTAAACCCAGTTCCAGTTTAAGAGGGTCAGACTCGAGTAGTGCCTACCTATTAAATTTTCTATGATTAGAGTGAGATGGTCGCGCGACCTTTGTTGGCCTTTCCCGCCCTGTTGAAATCGTTTCATTGGCTTGCGGCTTCTACGAGGGACCGATGTGGGCCCGGTGTGGCGACGAGCAACTCAACTTAATTATAGCATTTATAAAGCTCACCCCATAATTGTAGTGGTCCTTGCCGAAGACAGAACCGAAAAGACATATTCGACGATACGCAGCATGTAGCCCCCTATGACGTAAGGCTAAAAATGACTATTCAGCTTCGTAAGCGTGGGTGGGCTTGCGCCACCATAGACTTCTACCTTGGATCAAGCTCCGTCGTAAAGAATCTTACAAATAGCTTTGATCGAACGGCTCGGTTTAACCCCTTCGCAACTGTGGACTTTCGAGAAACACCCATATAACCATCCCCCCAAAAAACATTATGAGCTGTAAGGATTAGCGCGTCATACCCCGCTCAGCTCCAAGTCATTAACTATCATGCAATGTCAATCTCCGACAAACTGTTGCAGCCGTGAAAATTGTCATTTAACTCCGGATTGTCCGCTGGCAAGGACATACGAGCGAACGGCATGCCTTACAAGCGTAAAGGGATAGTCATCTCTTATTGCTCTCGTGGTATTTATGATTGTTCACGAGAAGGAACCG,1885,48.01,Escherichia coli
SEQ_733455,CTAGACGTGAGGGACCTTAGCGTTATACCCGTGCCACATTAAGCCATGACCCATTTCTATCGTCTTACTATATGGCACATCCTTAAATGTACTCCAGTGAGACAGAAGCATGAACTGCTAACACTAGAGGTTGTGTGCTTCAACATCAGCTCTCGGATCAACGGTCATATTTAATCCTCCCGCTCATGTTTAACAAGTCCTCACGCATAACAAAACTGTTCAAATACGTGTCAGATCATGGCTTCTGGTGCGAGGGCTTTTTCCAGTACTCTCGTATATGTGCCAAACTCTAGCTCGCCCGCCGGAAGTAATCTTGTGGATAAATCCTCCACTCACGCTGGGGGCATGAGCATGACGGGGCAGCCAAACCGATGCACCTGTATTCCAGTGACTGGGAATGTGCACGCAGTTTCAGGCTATTAGTGTTCGTGCGATCACGGGGCACGAAATCTTTTGCCGGCCACTCAAACCCCCTAACAGTTGGTACAGGTGTCAGATTTCCTTCCGGGCACTGGCGGGCAGCTTAGTACCAGGAAATCTTCGATGTAAGTAT,553,49.01,Arabidopsis thaliana
SEQ_545437,TCGCCGTGAGTTCGTCCGTGGCGTTGCGAAGTGCCAGTGGAGACGGACCTTACTTTTGTTTGTCTGGTCTGGAACGTGAACCCTAACCTGGAGATAAATCGGGATACTCATTACACGTAGTATCATAGTGGAGAACCCTTCTTCTATACTGCTTTGTGAAGGGCAATGTTCGTGCCCGAAGTTGACTGACATCCCTGAGGTAGGACCTTGTCACGTTGCGGCAAACTTGTGCATAGCTTAAATATAAGAATCTACGAATCAACGAGAAGGGTTACTTCGGTGTCTCGCCAGAAGGCCCCGGTCCAGACGCCACCGGAGGG,320,50.94,Caenorhabditis elegans
SEQ_434095,ACCAGTTGCTGTACCGGTCCTAGTCCACACCGAGCATTAGCCTAATTTCTTTAATCTCTTCCATGCTCCCGTTGGAGTCATTAAACGGGACAAGGTTTTACGTAAAAATCGACTTGTACCCTCCGACATCTCTCTCTAATAGACCCCTAGTGAAGCATGTTGTACGCCCTTACGTGCAATCGTGACACTCTCGTTTTACAAAGGGTATTCGATGACCTCCCACACACCGCGCCAGCATCCCGACAGATTATAGGCGCCTTGAACCAGAGTGTTTATGACGCCGAGATGCGTTCTCATGAAGTAATCCGTGTAGCTAGCCATAGAGAGGAGCCGGCGCAACCGTCGTCGTCTTTGCTCGTACGCTAGGAATGAAGCTGGGAGTAAATTCCAAGCGATCCACCAAAGGGTGATCTTTACTCGTCATGTTTAACGGCTGGCTTACGTTTACCCATAGAGTCTGCACAATACTTGGGAACTTAACTCGTCTAACGTCAAAGCTCTGCATCTAGGGTGGTTTAGTCCAGTTCCGGCAGATACCTTGTGATAACATTACACTTTTTGGAGGAGCCGAGCGCTTGTGCTAAACGTACAACGGGCCCATTACATACGAGCGCCCGAATGAACTGATCCGAGTATTCTGGGGCAGCAGTTTGAAAGTAATACTACCGACTCTGTGTGCACTGAGTTTAATACGCATCTATGGAATAGAACTGTCTTCCAATCAACGAGATGCATAAAAAGACGACCCACTATGCGCGGAAAACCAATATCGCAGCACGGTAGGAACGATCACTGCTGGCGCAGCCAGCTTGGACTACACCACACGCTGAATCTGCAGGGGATAAATCACTTGCAATCCACCCTTGAATCTACGGCGTAGGGTTAGGTTTCACCGGACCGCCCACTGCTAACCTTGGTCCGGACTCCCGTAGACTCTGTTCGGCGTGTTGCGGGGGGTATATCGTTCTAGGCAAAAGGCATGAAATATAGGTGATTCTGTGAACTGGACTCACTACCAAGTATATCTATAGGATTGGGCGTGGTTGGTTCCTCAACGATGACGTAGTGTTCCTTGAATCGCGGCACTCCACCGGACTTGCGGGACCTATGGCGAGAGACTTGAGTATGCTTTCAGGCGGCAGAAGCGAGTGGCGCAAATGCCCCTAGTTCCTGGCTCACGTTACTTCCACGATCAGTCCAGAAAGTGCGCCTCTCCCGTTTGGATCGTGGAGAGGATTTCATACGTGCATTATAATCCAGAAAGGCTGTGGTACGAGCGCTTCATGAAAGCCTGCACAGTCCGGCACGTACGTAATACCAACGACAACTTAAGTATGAACAACACTAGAGTGATTTGCGGGTTTGACGGATTACTTGCTCCTGCGATGGGAAGCGCAGCGCAGTGCCGGATCGGTCGAGACTAATAATGAAGTGCCCGGTGCACCCAATGTTATTTTGGCGTCGAGACGTTTTGGTACATACGCGATGGCATCGTCAGCCCCCGGCTCATAGGTCAAGG,1519,50.3,Escherichia coli
SEQ_690669,TATACTTGTACGCCTTATAGTCATAGTTTGCCCATCCGCACGGTATTAGGAGGTGAGATACTTTACTTTGATAGCAGGGACCAATGTAGCAGGTCGGACTGAATAGTCCGCCACTTGAGCAAATCTGAGCGAGGCCGCACTACCCTCGTGGCAGGCGCTAGATGTCCCAGGATAGTCGCTAGCACGCGGTAATCAGATCTCATCCAGCATCAGCGCAGTCTCCACCACAACCTATAACCTCGTCCCAAGGAGCGAGAGGGCGCAAGTGACAAAGGTGCTACTTAGATTTTTAGCGTCTGCTTTATCTAGATAATGTTCCAAGCACAGATGTGTCTAGCAGGTGTGTTTTGTGTGTCACGAGTTGATAAATATAGCATGTATCGATATTACACCGAGTATTAGGGTTTTGGTCACTCCTTGGAACATAGAACCACCCGCGGTTCAGCTGAATTAGATGATCGGCGACGGCGTGCGGAGTTAGATATAGTACACATCGTTTGCCACGTTATTCCACATGAGCGGACTCAAACCCTACTCCTCCTTTAACCGTAGCTCGCCTTGTTCGACACATCTAAGGGACGCTACCCTTCGTGTCACGGCTTACCGCCAAACACGCAGCGAGCATCACATGCTAAGAATTAGGGTACACGCAGCGTCGTCTGGATGTTGGGCCCGTTCAAACGTCGGGCTCAGGGCGACACCTGCGGGACAGGCTCTTCGGCGACTGCGTGTAATTACAA,740,50.68,Caenorhabditis elegans
SEQ_890524,AGACATTTCGTTCCTCCCACTCCTACACTACGATTATATAGAGTTGTTTGCTCTCGCAATGCCCTGAAGTTACCCACACCCTCGGTTGCTCTCATACTACAGTTTGAAGCCCTCATTTGAAGCGATACGAACGGTCGACTTGTGACGCTCAATTACGAACAGCCATGCGATCTGACGTAGTGGAAGATATGCACACACTCAGCGGCATCCCGCGTCAGTTTAATCCGTTGTACGGCCGACTACTCCAGGCGTGGCCCTGTGCCCTTTTCTCCCCCACTCTATTGGCCAACCAACCATCTAATGTCGTACCGTAACTAAAGGAGATGTCTTAGCTCATGTCTGATGAAAGACGTCTTGGTCGCTTGTCGAGTTAATAACTATCGAACGAGATGGCGCATAGGTTTACCCGTACTGTTTCCGTTGAAGCTGCCGTGCTTTGGTAGAGACGTATTTCATAATTATTTAACAGAATAGTGATGAGAAGGCGTGACTACGCCCAACTCGGATTCAGTTGTTACAAACATCGCCCAATTCAAGCGTGAGGCATGGTCCGTATAAGATAATATTCTCTGACCCTGTATTGCGAACGCTTCCTCAATAATTTGCTGATTTTGTATTCTTCGTTCTTTCGCACTGAGGGGGACAGCCCCGTACCCGATCAACACGAGTCGTCTGGAGATGAGTCAGAATACAGGACCTGATAAACGTGCCTGGCTGC,718,47.91,Saccharomyces cerevisiae
SEQ_767234,GTTACTCAATTCGTAACTTCGCACCTATGCTCGTGCATGGTGAGGGCTATCTAGCCCATGGC,62,51.61,Homo sapiens
SEQ_283525,TTTCCCGTCCGGGACATGAGTTCTTCTCGTGCACCGCCACCGGGGGACCCCCATGGGCTGTCTTAGTGGATCATGCAGACAGATGCCCTAATTGGCACGTCTCAGATAAGGACGAAGAGTCTGAGATATTGCTTTATCTCAGGCTCCCGTATTGGTTTACCACTGCTAGTACATCTGAGACTGTTAATATTACATCCACCCATTTTCGGGGCGTTGCACGCGCGAGAGAGTGCCCCAGTGACCTTGTCTCAAACACCTGCCGTATCCGTCGCTTCTGATATCCGTACGAAATAGTTCAAAAATACCATATACCCAGATGATGAGCGAGGGGTGGTCATCCACTGCCCTCCAGTTGAGTCATTACTGTAGTTCCATCGTCACGTTGCGTTCCGATGGTCTACGACTCCCCATAGCGAAACCTCTGCCCATTTTAGCGACTGATCATGGCCAAGGCCGCCGCCAGACTCTCCAGTGCTGGGCTTACTCATGGTACAGCGAGACCTCAGGTGGAAACTTTGTACCTGATGATGTCACCTACGCAAATGCCGCTGCGACTGTCCTACTTTTGTAACTTGCTTGCCCTGAACTATCTCCTACCCAAATGTAGCAGCCTTCGTCCGGGTTAACACATCGCGACCTCGAACCTTTTCGGTGCTTAGTGCTGTCCACGTACGAGGTTTGCAAGGGGCTGTGACCTGGCCCAAACATCATGGTATTTAGATGCACCTTAGGACCCGAATGGGGGAGGTCTACATCGACAATGTTTCCCGGAACGTTACGTTGGAAAAAATAGAGTCTTGGCCCTTATCCATCTCGGTTAGCAGGGATTGATTAGGGAATCTGATAGTGGTTCGATGAACTGAGGGCTCGTAAACCTACCAACGTTAAGTTCGGAGACTAGGAGCCCCACATTGCTAATCTTCCCCGTCAGGTTCAGGAGGTTAGGCTGTCAACTCTTCTTCACCGCACGATGTGACACGCGGCTTCTAGTCAGTCGGTCTTACTCAGTTTATGCGCTCGGTACCCGGTTCTGACTGTCTGTAGTGAGTCCGGTATCGACCCGTTATGATGTCATTACTAGACCTAGTCTTGAACGGCGAGCGTTCTGTAATGGGGACGACGCATTTCTGTAATAGGGGATGATTCTTTAAGGGGCCAGATCGGACGGATTATTGAGCCCTTACATCAAACAGCCCCGCTTCTCGACGCGACTTAGCGGCTATAGGTACGAGTATGATTTTCATACAGCGTGCGAGAGTGTGGCAATCAGACACAGGACCAGGGTCTCACACCAGCGCGCAGGGACTTTCTCTAGGGCCTGCGGTTAGAGCAAAAAGGGATAGTCTCAATCAAGTCCAGAGACCAATAGCCACGACCCAGTATCCTAATTTTATATCTAACATCACCAGATTGGTGTGGCTCTGCCTTCCCCCTTCTGTACCCGTTCCCTCTGCCGGCCAAATCGGTTCCCCGGTTATGATCCGGACCTACAGGACATGTCGACCGCTATAACCTGGAATCTTGGCTTACAGGGAATTCCTCAGAAAAGCGCTGAGATCCGGGGTACCGCCAAAGGAAATTACGGCTCGCAATTGGGGACTCTTAAGCCACGTACTCTATTGCCAGCTCTCTCGTTGGGCAGAACGTTTAGCCTGGAGGAGCAGGATCTGAGAGTACAGCCGCTCGGACACCGAGGCGAACAAAATGGGCCGGGATAGGAAGCATTGCGTGCGGTGATGATCATGCCAATGCATCCTGTCTTCCTGGCGACTCAAATTTCCATCTCTTAAACTGTACGCACTTACACGTTCTAGTCACTTCTACCCGGGATCAATTCATCTCAACATGACACAAGTCCTACGGCATCCAGAATCCCTGGACCCACGCGGTGCGAGCGCTTTATCCGTTTACTCACGTGGG,1920,51.67,Escherichia coli
SEQ_591908,CCAGGCTTTTAAACCGCGACTGGGTAACTTCCTGCCCGATGGCTTGAGCATCTTTTGGGTTAAAATAGGTGAAGCAACATATCATGATGATTTTGCTGCATATGCTCCGATGTCCATTGTACACCATCGATAAAAATCATCATGGGCACTTTATGGCATACCTTCAGTGTAGAAAATAACAAATCGTTATGCCACACCATGCCGTAGAGCCCAGGTACCTTCACAGAGCACGATTGCGAGTAACCGGAAGCGGCCTCACGATCTTACCTGGTATAGTTCGCCAGCCTGGGGTTCCATCTGGTCCTTTATTAGAGCAAGATTCAGGCACAACGCAACATTAAAGTAGAAGGCGCAAGGGATCAAGGGTATATATCGCCAAATCTGCCTACACTCAGTGAGTTGGCAGTAGTGAGAAAAGGTGTATGGAGGTACTGCAAAGAGTCGACTAGTGTAACTGCGGTGTTCCAATTACGAATCCTGTAGGTGCTGGCATTGGAGACCGCGTCAGAATTGCGAGTGTACGCTGTGCCAAGCCGTCGACATTGAATTATCTTCCGGTAGTAAGCTGCTTAGCGCGGACAAGGCCTGCGATGCATGTCCACTTCTTAGCAGGCGCAAGAACCTATCATCTAGTGTAAGGTAGAGTCCTGGTGTCCGATCCCACAGGCGCCGTACATCCTTGGAGTCGGCCGGGAGGACTCGAGCTAATTGGATCGCGGCCGTCTACGTGTAAATTATCAGATAGCATGCACAGTTGTGTCATTTAGGCACCAATTTTCTAGGTTCACCTACTGGCGCAGCATAG,805,48.94,Caenorhabditis elegans
SEQ_588907,TGACTTAAGTTAGTCTGCGCAATCTTGTGCCATGCCTCCACGCTAGCTGATCTCTTCAGCCCAGAAGCCCGCGATGACGTTTTTCGCTGTTAACGTGGTTCCAGTCGAACACCTCGTATATACAAATAAGAGTTCCTATCGCTTCCCGTAAGTCATCATCATGTAGCCCCCACCTTTGAATGTCGATCACCAGGGGATGAGACCGTCAGGGCTGCAGGTACACAGCATCTGGAAATAGATTTAACCAAAACACGGGTTTGGGGCAACGTTGATCGGCGGCAACTGGGTCCGTATTTAGCAAAACTTAGTGATCCTGTTGAACGCCTGAGCAAAGCACGGAGACTAGAGGGAGGAGCGGTGAGGTAGGTAGCAGGCTCCGTGTCCAGGTTCTCGGGGGGCGCCAAATCCTACGAATTAACTCTCCGTACTGACTTGAGACCTGACGGACGAAACAGGACCTTCAGGAAGTCACCTTTTTCGTAGCCCGAGCTGTAATTCGCGTGCCGGTAAAAATGTTAGATGTCATATAGTTGCGCGGAATTTCTGGCGACGATAGTGCATGTAGATTTGCCTCCGATAGTTGCTTGTCTTTTCGAGAGAGCGCACCGTCACGGCTGCTCCCTCCGCCTTGCCAACACTAATTTGATCTTTGTAACAGGACGTTTCGTTTCTCTGGTGTCTGACCAAATGCCCCTGGTCGCAAGTTGATACTTGGCGCTAACACCCGGCAACCAGTGCTGCATATATGTTTTTTCGTATGGGAGAACTTTGCCATTGAACTCATCAACTCAGCGCCTGCGCACGCCATTTAAGTTTACCTTCGTCGACTTTATCACGCTTGCTTCAATCACGGGCTCGGTTCGATATCCATGCGTCCGTTGATGGCTCGCTATAAAACTCTCACACGCGCTCCGCACATAAGAAGCTGGAAACGATCGTCCTTCACTATTGCTTGATAATACGATCAAGGAACATAGATCGGTCGTACTTATGTTGTGCCATAACCACAGCTTGACTCCTGCATACAATACTGCCATATAATCACATTCCTTTGGCGAATATAGGCGTGGCTAGGTAATA,1080,49.26,Drosophila melanogaster
SEQ_918792,CAACGAAGCGTGCAAAACCAGTTTTTAGTGAATTTGTTAAGGCGAATAGCCACGGGCCAAGACATGGTAGGACACAGGATCCGCTCTGCTCTTCGGTTTTCAATGTCGACTTGCGCAGCGGAGCAACTGAGGAAGAAACAAGCCATAAGATGCCGTTCCTGCCGCGAAGACCGACGATGGCACTGTCGAAGCAGTGCTCTAATTTCAGGAGGTGCGGCCGTACAAAGAATGTAGTTTAGTACATGGAAACGGATGTATAAAAGGCCACTGAGTGCCCGGGAGTACAAGCTTTGAGTCTCGCAGCA,305,50.49,Caenorhabditis elegans
SEQ_141275,CACCGCACGGCAACAGCTACTCCATATCCATCGTCTCTGAGGCAGCTTCACGCCTGATCATTGTGGCCGAAAGACGAAGCGGACGCAACGAAGGGCTAGATCCGGTATGTGACGGGGCGACGGGAGTTAAACGTCGAGCACCCGTTACCTCAAAGCGTACCGACTGGTTCCGCACGTAGCCATGCATGTAGCTTCTCCTCGAAGTTAGGCCAATCAATCTGCCTCACTCGCATACC,236,56.36,Homo sapiens
SEQ_784871,GGGCTAGAACGTTGTTCTACATATCCACCTATGCAACTATCATCGTACGATGAGTGTCATAGCTTTTGCGAGCCTATGTACACCGAGTCGGGGACACCGAAGATCGATGCGCTATTTAGGGCCGGTGGCCGCGGGCCCGTCAAAACAAAATGAATAAATAAAGTCATTACCCAACTCAGGGAATGGTTCTTGTTGCAAGCCCGGAGAAAGTTAAAATCAGTATTTGGCTTCGTTACCTATATCCTCAGTGAGGCAGGGTCAAGAATTAGTTAATACGCGTCCTGGCCTGCGGCGCGTACCAACATAGCTCACCTAATTACGTTACCGCCCTTGGGTAAGGACGCACTAGTCTCGCCGTGGAATTGATGTATGATCGGTTTCTTCGGGCATAATTACTGTGCAACGCAGCGCGCCTCTTTGATACGTCCTCACCGAGGAAAGAGTGCTCGTTAGGGGGTCCCGACACGAAAATGCGTACCCGCATAAGCCGCCTGCGAATCATATCATGATGGTGGACGATCCATATTCCCGCACTCTACCTTGACAGAGCGGCATGTCAGGGATCAGTTACCTTGCGTTAGCAGTACCCGACCAATCCAACGGTTACTCTGGGAGTCGAGCTTCCAGGCGGCTAGACACCTTTGCCACTAAAATGGTAGCGGGCTGTGCTTGGTGCGGGCACGTGTCCCCACTATTAGTCGTTTACACTACAGTAGGCGACATAGTTGCAGTGGTCGACTAGCCGATAGTGTTATGTGACTTCGCGTCTATTTCACGGCCGGAGCAGGAACGGATCCTCAGTTCAGATGCAGGAGAGGCACTGACATTCTAGTACCTGCTCCGTAGAACGGGCGACGCTAGTTTGTGCAATTCCCGTGTCCAGGACGCTATCCTTAGCCTCCTTGTCTCGCTTAT,915,51.58,Escherichia coli
SEQ_480707,TGTAGCTCGATTGAATTGATACACATTCACACTTGGGTGCAAGTTAGACAACACTCGAGCAGAAAATCAAAGGGTCATATCGACACAATGCACAGCTCACTGATAGGATGCTATCCTGGCATAGGGGGCTCCAAGCCTACGTTGGTCCGGAGGCGGTCTTGATGCGCTGTAAAAGTAGCCTCTGATTCTGCCGCATCAATCCTCACATGCGGAGCGGCCAATCAACAATGTTTTATGTTTCCCAGCAAAGGACGCGGTAGATATGACCACATACTAAACTCAGGATGACTAGGAGTTCTAACATCGGGGTGATGCGTCCCGTCAATGCTATCATAACGCTTGCCTAACCATTACCCTTAGTTTGCGCGAGCATGGTTTAATCTCGCCCAAGGGGTACTTGCCGCGAGTGAGGCCAAAGCTTCGAAAGGCTGTGTACCAACGCGTCGAGGACGTCGGGACGTACGAATATGCCCACTATATGATCATTCCAGGCTTTGAGCCCCAGGATTGATCACCACAAACGAAGATGCCCTATGTGTGCGAGATCGTCCGTGTAGGTAAGTCCGACAGTACATCCGCATACGCATTATTCCTAGCGGTAGACCGTTTTTAGGAACTTGAGCTTATCCAATTCGAGATTCGGTTGGCACTCCAGCAATTGTCAGCTTGCACCCGAATACCTGACGTTAATAAAACCCACTTTAGAAGGACGATATGGTATTAGCATTTTCCATATAAGCCGAGTGCCGTAGATATTGTCTCAACTGGCTCTGATTATGAGCCCCTTTCCCCCCTTGACGTCAGAAAAGACTTCAAGCTCGCGCTGTTGGCATCCTCGCCCTGGGCATTGCACCTGATAATGAGTACACGTCGCGAATTAACTTCACGTTCCTAGCATCCACGGCCGATTTTTATCATGGTCTGACTGGCCTTATGGTTCACCGGGGTTGTTCAAAGGATTTGATTATTAGTTAACTCCAACGAGTTGTACAGCCGCCCCACTTCCTCATATGGTGTTTCCCGTGATGCCCGACGGGTGCGCCGACCTATTTCCGGGAATCTGTTGCTTATGTCATTTGATTAGCTTCGGGGTAGCAGGAGTGTCCCGGCCCGGTTAGGCGTGGAAGGTAGAACCTGCTCCTCGCTATTGCATAGCTACACTGTGCGTCACTATTCGGAAGGAGCTTTGGTGAGGCAATTCGGACTTTGACGTTAAGGCATCGGGTCCTGTACAGCCCAGGGCTAGCCAATCACAACCAATTGTTCGCACCAGGGGCATTGACATCATATATATCAACGTGCAACAACCCATATGGGGGGCTGCCAGCTGCCTCTCTAAGGACCGAGTTCTTCATTAGTTGACTGACCACAAAGGCTCATAGGCTCTTTCTGTTATTTAACGAAGCAAGTATGGACCACCCGATACACTCGGAGAATCCCCATTGTGGGTCGACTAACAAGGATGTTGGCATACACTACTAGCTCCGTAGAATGGGGAAGGTACATTCGTATCAGGTTCCGGCCAAATTATCGTCCTACCGTTCGAAGTGCTACTGTTCTAACTGGCCAGAATACCCATACGCTATCTGTAAGTGTGACGACCTACGTCAAGTTCCGCTCGACGCGAAAATCTTGTAGGAGAATAGCCACCCAGGACGAGCGGTTATCGGGGAATTGCTGTTGTTAGGCGGGAATCCTCCAACTGCAGCCCTATGATAAAGGCCGCCGTATGTGTCTATCAGACACAACCGCGGGGCACATACTACTGCTGGGTGGATATTTCCTACGAGATAGATTGGTAGGATTCACTCAAGGAAGTAGGATCACATTCTATCGGTCGACAGTAGGACTATCCACGTTTGTTCTGATCCAGTTTGAGGCCCGTAGATTTACGTCACATTCAGCGAACTGGGCGACACGGTCATGTGTACCAGCTAGGTACATGCCAGAGCTTCGCTCGTGACTTACTAGACGCCGCAGGTCAACCTAC,1990,49.8,Arabidopsis thaliana
SEQ_498072,ACTGCATCGGCGCGCACCTGGTGAGTCGGTCGCCGAAAGCAACGTTTGGCATCAATACCACCACCTCGTCGAA,73,58.9,Drosophila melanogaster
SEQ_785389,CATTCAAGTATCTTCCTCGCTGGGTGACATTGACTATCAGAACTCACCTCCGTATGGGCTTTGAAGTCTTTATGGGTTGGCACAACTGGGACCTTCTGTAAGAGAAGGGGGCGAACTGCCTAGAAAACCGCGTTTCCTAATGGGTTACTTCACGTACGGATACATCTGAGGGTCACATTCACAGAGGGACAGAGCCCCAATGGCGGATTCCCCTTCCGGTGATGGTGCAGTACCCTGGCGTATCTGGGGGGGGTTCTTAATTTCTCGCATTTTGCGGCGCCTCAATAAGAAATAGAGTGCAAGGGGCTATGAGACTATCAAAGCTTTCTACGTCATCAATTTGAACTAACAACGATAGAATTAATCAGGAACACAATCCAAGGTGTTAATATTGTCTTGACTAATCAGT,409,46.7,Mus musculus
SEQ_187873,CGTTGCCAAGACCAAGCGGTTGGACTATCTCTGCCTCTCTTTCCTTAACCTCAACATGGTATTTTGACTGACGGGGCGAAAACTAACGCGTTGGGCTGTTGAGTTCAACGAATCAAGATTCGAATTTGTTGAAAATCTTGGGTCAGGACTAGCCAGCTATGTTTGTAGTTCGCGTGCACCTAATGATCTTAGTGTCGGGTAAGTGCCCTTGGTCTTGACTGGTGGGGAGGGCTGCGCGCACTAACTCCGGCGCCTTTGCCACCGGTACCAGCGACTCTAAAACTCCCCAACCTAGGCACGCGTCGCACCAAGTCGTGTCTTAAGTCGCACGCGACTCCGCTCCTCGGCCGACCGCCACTGCCAGGCTGACAGCGCATAGTTTTTAGCTACACATTCTAAAGTCAAGAAAGAAAGACAGTTCCGGACTTTATTGATCTACTAATCACTGTATAGTTTTAACTGCGCTCGCATTTGTAGGCCCGGACCAGTGTTTTTTGGTAGCCCTAGCAATCACTTCTGACGGGGTTCCATCTCAGCGCAAAATCGGTCAATGCTGCTCCTCATGAGGTGAATGCTCAAAGTTAAAACTCATCTATCAATTGAGACCACCTGCGGCTGCTGCAACCGGCGGCCAAACCCGGTGTACATCTTGGTTTGCCCTTCAGGCAAGTAAGTGCCCGATCGGATGACTTAGCAGACGTGCGGCTCGTGAAGACCCGCTTGGCTGGCTATTGATTATCCTAATCACAACACCCACGTATTCTTGGGCCGGTGATAGATGCAGGCCCCTAGGACAGTCCACCGACGCCATAGTCATGGGCTCCCCTACGATAGCTTAAAACCGGGGTTGATTGACGAACAGCCAAGGCGGCGTAACGTTGCTTCGCGCCCACCCAGTGGAAAATTCTAAAACCTTATCACGGGCATTCGCCGAGACACCGGGTCATAGGCTGCATTTCATACAGTGACGAGCGCCAGGCTAAGCCTTTCGAAGCGAAACCAGATCGGCTACCATACTGGAATGCCGTACTCTTGTGAGGCTGCACACGACGACCAGATCGTGGTTGCCCTGAGTCAAATTTGCCGTAGGACAGTGGAGGTGGGATTTCTGTCAAATCCGAAGGATTATCAGCTACGCGAATAATTATCCGACAGCTGATCACGAGGTGCCGCTAGAGGATCTCTGTCACCGAATCGACCCCACAAGAAGGGGTTTTTTGAAGCCAGCGGGTCCATGGCTACGCCTACAGCAGTTGAATAAACTGGCGTTACTAGACGGGGCCTTTCTGGCAACTATCCCGCCGCCGGCCGGTATTAGAAGTTAAAGAGAAGGCGGGTTTGCTGGGGCTGGCTAACTGGGGGAACCCTCAGGCGCGCTCCGTCCATTTGGAGTGCACCTGCGGAATAGTATTACCTTCTGTCGTACCACACCGATGACGCGCTACAGACCGGCACAGTACGAGGAGTAGGCCAACCAAGAGCAGGTGCATGCATAACATGTGTTGCTTACA,1511,52.81,Caenorhabditis elegans
SEQ_269007,CGACCACCAATGGGGTGTCCACTCAACACTACGTAAGAGACTCATACTAAGAAGTGTTCTTGTTAGCGTTGCATCTATATACACTTGAAAGTGAGACCATTTTCGCCTTGTCGTGAAATGAACACTCATGTGGCCGGTCGAACAGGATTTGGCGACGAGTACCATTTGTGTGAACGTCACAATTGTGCCCTTTGTAGGGCCAACCGCAGTGTCAGAGAGTTCTCACGGGAACCGCTCTCTG,241,48.55,Mus musculus
SEQ_185253,ATATCTAAGCTAGGGCTGCACCCGATGTAGATTGCCCAGTAATGTCAGAGATATGGGATACGCCTCAAACGCTGCCTGTACCGACCGGCTTATGCTCCCACGTACGAGGATGATGGTCAAGACGTCGCCATTCTAGTACTCGTAACGAGGGAGTCCTACCCGTTTCGAACTCATGTATGAGCGATCGCTGAGATTATCACGCTCTCTAAAGGACTGCTCCACACTTTGCCGCCCCACTAGAGTAACCAATTTTCAGTCCGGCGCAAAATGGGACCAATCGAAGTTGTTGGCTGAGTGTACTTTATGTAACTTGCCCCTTTTACTATCGTCGCCGCCTTTCCCCCTAGCATACCTCTCTCCGTTTGTTAAGTATGCCCGCTCCATCTAGCGTCCAGCGGGGGTAGCTTGTGCTGACCTTCTCTCAGTGCACCGCCGCGGTATTCTTTGTTAGGTATTCTCCAATAGGGTGCACTTCATGAACAGTCCCATCGCCAAGAATCACGCCGAGCACCCCGAATTCTAGTCCTCGGGACTCTCTATAGGCCTGTCTTTATGTAACATTACTAAAACTATGCACGTCCTTCCCGAACAGGAAATAGGAACAAGGAGGAGGCCGACTGAACAGACGATCTGCCACAGATGATCACAGCCAAAAGCGACCAGAAGCAGTAATGCCGTAAGTAGTTTACCACCGATCCCTGGTTTAGACGTTTCGCACTTTGGTTAGAGTGGCCTAGAACGCGCTGCGAACAAGACTTAGTCCTTGTTAAGGAGACTCCTCCAGGTGGATACATGTCGCATGATGATTACCCCCCGGATTACGTGGGAGATCTACTCGTTTCACATCATAACCTGTCTGAACCAGGTTGAGCTGGTACCATCCCGTTGGAACCACAAATCTCATTCCCAACATCTTCCTAGCTCTATGGTCTTCATAAGAGTACTTCCTCCAGCATCCGTCATCAACTGGCCTACCGTCTTCTGGCGGCGCTCTAATCAAGTCTACGCGGTAAACAGCCTTTTGAGAGCAGTGAGGATGTGACTTAACCTTTACTCAGCGTTAGGGCCCATTCTTCTCCTCGGTCTCCGGAGACGCTTAACAGGGTGGTTTGTTCTCCCTAGTGGGGAGGTACACCCGATGATATACCGGCCTAAGTCCATATAATTTCGGAGAGTGGTATATCTCAGCTTCAGATCAACGACTTTCA,1208,50.08,Mus musculus
SEQ_574334,TGACATGGCAGAAAGCCACGGCAGTAGTGTACTTGCGCACTGATCCGTCACAGACCGTTGGGACGTACTGAGAAGATAGCGTTTTAGAAGCACTCAAATTCAACTATCAGGACATGGGGCAACCTGCGCTAACCGGAAAATATGCATAGAACCTTGATCTAATTCACGCTAGAGAATCCGCCAGTTTGGTGCGATCATTTCGGGGAGTGTGCGCAGCCCTCCTCGAGTTCGTGGCAGCAGTCGCCGAAATTAGGACCTTGGGACGACAGCCCAGAGCCGGACGGTCGCCAACATACTCCGTAAAACCTAGATAGTCCGCGACTACCATTCCGATAACGATCCGTCCTCCAGATTCCGGGTGCCGAGTTTACAAAAGTAGAACATGCGAAAGGATAAGTTTGCTGTAACATTCGTATTGAAGGGGTCAAATCAGGAGCCGTCGTGTGTTTACTTTAATGATCGGTAGTCACGGTAGTTTGGGTATAGGTGGGAGGAAGCCGACTTAAGCGCGCTCTCATTCGACCCTACCCTTCTTGTTCTATATCCTGGTGACAGACGGTTTTTCCCGCATAGACCTATACTAGACGGCAAGGGTTTGTTACATTAGATCCTCCAGACGGGAGTGCCTACGGTTACGTAACCGAGAACACGGCAACGGGTACAATGTCGGGAACGAATTATCCTAAAGTATTTACCATAGGCAATAGCAGGGCCCGTTTTGACTTTGGAAATCCAAGAGGCATGTGGGAATGGAATTGACCTACGCCTGGAGCTGGATACTTCCTGTGTAGAATGAGGTC,800,49.75,Homo sapiens
SEQ_216794,AATCGTAGTAGCGCGAGCCAATAGATAGTATACAATATCAGCCTCGTGATATTTTAATGAAATATCCCGCACCGCCATGTGAAGTCCGATAGTACCGTCCGGTAAACTTCTCAGGAATCCTTTTTAGCAACCTATTGCAGGTGTGCTCAACGCGGTCCGCTTATTTCAGCATGCGCTAGTGTTAATTTCGGGCTAGCCCCGATAGCTATAATGCCGTATTGACCTCGCCCGGCTGATGCATCAGACCCGTCGGATCTCCTCCCCCCTTAGGATTTATCTAAACCAAGGTCTCATGAGGTAGGCCGCGCGCAAGGTCCTCAGATCTACGCATAATTAATCGGTAAGCGTCCAGACCTACGGTATTTAATCCACCCTGACTAGGGAAACCAAGCCTGTTGGACATTAACAATCCCTCAATTTAAGGCCGGGTTCGTCACACCATAACATTTGGACATCAGAGTTGCTCTGAAGCTCCTAGGCACTTTTAGTTAGACACCGTTAGGCTCCGATGAAAGTTATGAAATTTGCGGTGTCGACGTCTGAAGAGAGGATCCTGCTAACGCGCAAGTGCTCCCTTACCCTATTGACCCTTATGCCAGACAGTATATTGATACATGCCGAGCTGTGTCGCGCCCTCCGGTTTCGATATGCCCTATCCTTGGCTCCAGTACTAGCTTCATAAGCCCTGCGACCTTCTTAGTTTTAGTGACACAACCCGGGGTGCGGCCGCAGTCAATCCCGTAGAATAAGCGAACTACGGGGCCTCCGCTATCGATATCGCCTTAAATTCTGCACCTCGTTAAATCGAGCCATTTGTCGCTAGGATTGTTCGGGCAGTCCAGTTAGGGTATAACAACGCCGACCAAGCGAGTGGTTGCAGGCATTGGCGCGTCATGAATCAGTTGGAGGTCAACGGCTCCCGACTACGGTCAACGCCGTGAGCCGATGAGCGATCCCCCTGCGAGTTGACGTCTGAGAGTTGCAACAGGCATGCTCTTCTCTGATGGGCGAAATTATGCAATGATCCACGGAACGGACCGCCGTGGTACGAGGAAATGACGCGCATCTTCATCCACTATCATTTGACCAGCGAATTTACCTACCCACTATTTTCCTCTCCAGAAGGTTTCAAATTATACTTAAGAGTGTCCGCTTAAAGTCCTTCGGATCGCTGGGTTGGGTCCAACCGTGCTTGCCCCGTTGCCATTTGTGTGATTGCTCCTACACTCAACCTGAGTTTGCTCTTCGGATGATGCGGGCACAACAGAAAGGGACCACAGTGATGGCATATATTCGCCTTGAAATTGCGAGACTATTTTCTCTCCTACACTCCCGCTTACAACTTCTCTGGACCTTTGCGGACATCCCAACCACTGAACCCGACCACTCTTAAGAATCCGTATGCCGGGTTGGAGCACACCATTGTTCCAATGAACTCTGGGCATGAAACCCCCCTGTTTACAATATCATTGACCTCAAAGGACTGGTTTTCAACGATCGCGCCTATCTACAGAGCTAGATAGTGTGTAACCTTACTAACCACGGACCAAATTACCCACGAACCCTCCGCTCTACTAGGCGACATAAGCATGGAGATCTTTTCGTGGTAATGACAGCTGGTGTCATCACAGCCAAGCAGCGGGTACGCCAAGTTCTAGGTTTGCATCTGGGCTTCAGCTGTAGGCCGGAATGGTTTAATTCGCCTTCAGGTACTCCTTGACGCTAGGGAAACGCAACAATCATTATGCGGAGGTACAAGC,1760,50.0,Escherichia coli
SEQ_537061,TGACGGCATCCACACTTAAGTCCGTGAATCACCTTACGAGAAAGCGCCCAGAGCAGATCTTATTCTCACACGATCTGTTAGGCTGACTATTGCGCTTATTCAGGTAGTTGGTCGCTCTCAATTCCTGTTGAACGCAGCGAGCGTGGTCCGGTTGAATTCTTCAAATGTCGGTTATAGGGCGCTTGGTGTATGCCGACTCTGTAAGCAAGGTCCGCGCGTGCGAACTGTAGCAAATAGGTGATCGCTCGTTACCGTTCGTGATGCAGGGGCCTACGTTTACAGTTCCAGTCCAAATACTTTGGTCTTGGACATATGCTACTCTACCAACCCGTCTCAGTTCAAACACAATAGAATGATTTACCACTGGCTAGCTGCCCTGTCGCGTCAACGCGCTCATACTTGATCGGTTGATCCCATCGATAACGTCTCGACAAAACCCGCAACCTCCAACTATCTAACCCCGTCCGCGCACCGTATCTAACCCCAAAAGCTCCATCATCCCGAAGTCCGCGTGTGGTGAGTTCCCCTCTATGTTCGTCGAATAACCCACGAAAAATACTAGCTCAATTCTTAATCACAAAAGCCCCTTCCTATGATTAACTTAAGGATTACAATGTAAGTTACACTATAGTGAAGTGTACTGCTGTGATTACTATGTCGTCAACGCCCGGGGAGCATTCCTCGTCTCTAATACGTTCTCTTGGTAGCCGCGATACTCACCCGATATGCGCGGATAGGACAACACGGTGAGATTGAAGGCGAGTAGTCTATCTCGTACATTGACGGTGACGCACGCGTCCTATGTAAACATGCCGTGTGGCGACACTGCGTGATCCACGATCTGGGTGTGCGGGGTTTCTAAGCCGACCCGTGAAAATCTTCGCGGTTGCCGATGACTCTTACACCAAAACGGTTGGCGAAATTCGTCAACAATACTCGATCTCTGGTCCACGCGCTCTCCGACGGGACCGACCTTTGCAAGGTTTACAAGCCTCAAGGTATCCCCTAAGATTGGTCGTTAACGCCTTTCAGAGATCGATGCCCCGCAAACAGTACAGGTTATGTAGTCGC,1071,49.95,Arabidopsis thaliana
SEQ_206577,CGGCAGACTGTGACCGATACACCCGGTAAGCTAGCGAAATCTCTCAAGCATAAGAGAGGTGACTTGCGGTTACGATCCAAGCGCAGTGAATGTCCCCTAATCCGTCTATAAATCGGAAAGATCCCGCATATACAAGGACCGAGCGGTTTGCAACTGTTCCGAGAGTAACCGCAATTGGCGTTCGACTCAGTTCCATGTGGATCAGAGAGGAGGACTCTAATCGGCTTGAGAAAAAAGTCGTTATATCAGGAACTGCGCATGCAGTATTCGCAGTGAACCGATTGAGTAAGCGTAAGACGATCGCACCTCCGTAATGCTAAAACATCGCCGGCTTACCATGAGACAACATCGCAGTGCCGTGGTCCCACCCATCGGACTACCGTTCTTCCGAAACTCACGTTGTCGGCACCTTGTCGGCTACTGTCGGGCAGAGGGGTACACTCCGCCAAATCGTTGAGCCCTGTCAGATCCAGTCGCAGGGAATTATAAGAACCCTACTTCATTGGAGACCACCCT,516,51.55,Homo sapiens
SEQ_761321,TCGCATTTAATGATACCTAACGGAGTCTAGTTTCGTGGCCCCGAATCTGGTAATGTGCTGAGGATCGA,68,47.06,Caenorhabditis elegans
SEQ_976692,GAACTTATCAGTTAGGGGTAAACACAGTGTCCCGGTCTCCTGAACATTGAGACGC,55,49.09,Escherichia coli
SEQ_234984,TCTAGTTTTCGAATTAAGTCACCGTAATACAAGTTGACGGCTAGCGGATCGGGCAGCCCGACTAAGTAATAGGGAGTCCCCACTTTGAATCAGGATACAGATGGATCCAGTACCCGTGTTAGCCGCGTACAGTGACTATAGCTGCAAAATATCCCGAATTACACGAGTGGGAGTATGACCTTGCTATGAAAGCCATTTTACGCTTAATAGTGAATAGATCGATAACGATACCTGTGCCGTTACTCCCTCTCGTCAAAAAGCGGAAGGGTAAATCTTCCCAAGTCCTCTCAGATAGTCTAAGTAGTACGGGGTATTCGCCGGAAGATTCCATCTCTCGTGAGCGCGCCAAAAAGAGCGTAGGCTTGTCGTTAGTGCCCACTAGGAGAATGTCGAAACGTATTGATGCCCCGTCGTGCGTTCATAGCCGGTGCAAGATGTACGTAGGACTGCTGGAGACCGGCGACCGATGACCCGACTCTCCAAAACTATGGTGACGGCTGCGCGGCGTTGCAAATAAGAAGCGGATGATGTCCCTCCGTACAGCTGTGAAATCCGGTGACCTCTGCAATGTCAGTACTGGGTATCTCCCAATCGACTCTGCGAATCCCCGACTACTTTGAGTTAAACGCTGCAGAGTCACCGTACGAACGGACGCATTCACCGGCATGAGTAATTGGCATACTGGTAGCCCGTTGAATCTCCCTGTCCACCTGGCTACCTCATGCCAAATTGAGATTTGCTTTTCATAGGGGGATTAGTGGCCGATGACATGCTTGGCCTCAATTCTTTATGATGGACCATAGAATGAAACCATGGTGCATGCAATAGGGTGTATCTCCGTCCCTTCGACGGCCATTATTATCGACTGATGAATAACGTCGAGGGGTGACGGGAGGTCTCCCTCAGACCAGTTGACCTTGGTGGGACTAGGCGTTACATTGCAACTCCCAACCCTGCCGAGCATTGTAATTCGAGACCTAGATAATTCAGCCGTAATGGGGACAATTCGCTAGCACAGCTT,1021,49.95,Caenorhabditis elegans
SEQ_647557,ATCGAGCGCCATGTGGCCATGTCGTTGCGCCCTCTATTGTCCCTACTCGACGTAACACTGCCAAGAGTTTGAGGATGTCTCCGTAAGAAGTGCCCGCTTTAAGGCCTTGATCAGAGGCCCTGCCAAACACGTTGAAATCCAGACCTCAGGAAATTGCTGAACACTTGCGGACCTTTGACAACGGTTCCATAAGCCTGGCGTGAAACCAATTCTTAAACTGTTTATTGTCCTCCCTTTGATCCTCCTTGTCTTATGGTGCGGGTAGCGTTGAGCCTCTCACGGCAGGCTATAAGCTTGCCATCGTTTAGCAAGGCGGGGTATTTGCATTCTGCCTATGGTCTTACCCACCTAGCTCCCGCTAACTGCGTACCATATGCGCCGTACCTGATGTGCGATGTAATTATTGGCCGTGGGCTGGAACTGAATCTTTGGGGGTTACCATTCTGTAGATTCCCCTTGCCTCTCTTCAACGGGTTAAGTATGCTAACCGTGTCGAAGAGGTTAAGCGGCCAGGCAAGCGCGGTCACGTCTCATGAGGAGCCAGGGGCAAATACCCACCGGAGTGTCCCCGGTTTTTTCGCTTAAGTCTTTGTGTTTCCCTACCATGTACACTCGTATTAGAGTTTTGCCCTCTTGCAAACTGGCGCGCCGTGATCATTAAAAACCCACCTTCATGGAAGGCGAACTGCGGAAGAACTCTGCTGTCGTTCCATTCCGGTAAGTAATTG,728,51.1,Escherichia coli
SEQ_889824,CGGGATACGACTCTTGAGAGGTCAATGGGGCAGCTCCATCCTATCGTTTGAGGTGGTGGTTTGGGAGCAATTATCGATCCCGGAAATGGCTGGATCCTAATGACAACCGTGATCGGCTTCCTATCATCATCGATGAGCACCGAGGTAGCAGGTTCGCCTCCTGGGAGCGTCGCATCTGCTATTTACTATCATGTGACAGCCCCCACAAGTTGGTCTTTTTTCCGATTACGTATTTGCCTCCACGGTTACACCCGTAAGCACCGGTACCACTCCACGGATGACCCGGGGGCGATTAGTCTTCTGATTGTTACCATGTAGGAGCTCGAGATCCGCCAGCATCTAATCTTATAAATCGGATAGAACTCATGTTTACAGAAAACGTTGTACCGCGAGGTTAGCTCTGACCTAACCGAATGTATTAATAGCATCCCATCGTACAGACCACGCTGGAACGAAATTGATACAGCCTCCTCGGCTCTCGCCTTTACCTATAAAGAGTCGCGGGCGTTTCATACACACGATTTTGTAACCCGCCCAAACGGTACGTCTTGATCAGTTCCTATAATACTCCGTTGACATGAAGAAGAATAGAGATACAAAGAAAAAAAGGGAATCACATGTTCCTGCAGGGCAGGAGGTATAGTCTTTGGTTGTCGTAGGTCATGAGACGTAGAAACATCCAGTCGGAATTCGGAGGGAAGCTGTCGTGGGCCTAGCCCGAGTAGCTTTGTACCGGGTCATGACAACGTATCGACCATAATCGCCTCGTGTACCTGGCACTTTGCCGGAAGAGCCAAAGTTGCAAGAATCAGTCACACGAAGGTTTTACGTTGCGAGATAAGCCCCTCGGATTATCATGGGCTAAAATATCCCTATTGTTTTCGAATAAATTTAACCGCGCCAGGTCACTCCACGATACAGGACATATTCGCCTATTGACTCGCTCGCGGTGGTGTACAAGTGGCAGACGGCGCATGGAGGTGACCCTGAGCTTGAACCTTGATACCGAGCAAGCTATAACGAACGTTGTGGGTTCACTTGTAAAATATAGAGTAGGGAATCATTAATGGTTGTGAGCGGAATATCACCTCGATGGTGCATGGTGCTCCTCCCCTTATGCCCCGTCTGGGTTGCCGCCTTTTTTTAGGTGCCAGGCCTTTAGAACCGCCAGCCAATGCGACAACACCGCATTGGACCGCCGAACGGCTATGCACGACTGCGTTATGACGGACGAGGGCTTGGCGTTCATGGATTCGCAATGGTCAGGGCCTGGCAGGGAGCCGACATGACATACGGATCAGCTTACGACATCGACGGATGGCACGTAGATGTAGTTCGATCCACGTTCGTGCCGTAGTACACTATTGACTGGGGATTGAACCAATCGAGTAAGTACACGAGAGTCGTCAAGCTAGAAGTTAGACATGGAATTCACCAATCCTCCAATAGTTAGATTGACGATATCCGATTCTCCTTATTTTGTTATATCCTCATCCGGTTTTGACAACGATACAGTAGTGAGCCTGTCTTGGGCCAAACTGAAACGTCCGACGCGCAGTATAAGCGCAATCCTCGTTAAGTACTTAGCTAGAGCCTAGGACAGCGTAGTTGTACGCACCCGCGCAATGCCAGGGCACCTACTGGCTAACAGACATACGGACGATTGCAAGAGGAGTAGGAACTAACTATTATTGC,1695,49.5,Arabidopsis thaliana
SEQ_323727,TATCCAGGCCACTAATCGATTTACTTAGCCTTAATCCCTAGGAGAAAGGTGAAGGCGCGAACCCATACATCACCGCTTACCTGCGGTCGTATACTCACTAACCTTGTCGAAGGTCCATATACCAGATGGATAACGAAGCACGGAAAGATTTAGGATAACACCTCTAGAGCTGGAGCCAGCCCTATGGTAGCCGCGATTTTTAGCAGCATAGGTGACCGCGCTGTTGACATTGGTAGCGCAGCAAGCCGCGAACCTCGATCCTGGGCATTGTGTAGGTGAGTTATTGAGATGTGGAAGTGTTTAGCCAACTTACAGGCAATTTGAAATAACTCCCTCCAATGACGCCTATACTTAGCGCCGACACCATTCCCACTCTAACAGCTAAAATGTTAGTAACCTCTTGTCCTCGAATGTGGAACGCTGCTTTCGAAAAGACGAGGCTCATCCCCCTTCTGCTCGCGTCTCCACGATATCTTCACAATTACACGGCTGACACCATCGTGCAGGCTTGGAGCCCAAAAGAATTTGCCCACTCAAACAAGTGCGCTGCGCGCGAGTTCAGTGCCTACAAATATGCTGCTATCCCAGCAGTCACTCCCCTTATTCGGTAGCCGGGCCTCGATGATCACGGCATCCCTTTTTGGCACCATAAAGCGTCTCCGGGTAGTTGCGTCAATGCCCTACGAAAAGGAAGGAGTACACACCAGAGTACTGGACTAGCGCCCCCACCACCACTTACAGGATTAAACATCCACATTCCCTGCCAAGATCAAATACCCACTTGCTTTCCCTAAGCTGCCCGTTCTCCGTTGAGGGGCCATTACAGCTTTGTCTCAAGCAATGAAATATTAGCTTGGACAGTGCTCAGTGCAGTTGCTGGATCAGCGCGTGAGATTACCAAAGAAAGCTATGGCGAAGCCTACAGATTAGCAGCTGGATAAAACTGGGCGCGTACGGTAGTCGTGCGAAGCCCGAGGCGTCGACAAACTCTTCACGGGGTCGTATAAGATTACAACAATAGGAGTGTGCATCAACCTATACCCCTCAGCTCAGTAAATATACCTTCGTCCCTTACACGATCAACTACGGGTGAGGACAATAGTAAGGAGAACGGATCACCGTCCGTAGTAACTAAGATTTTGCGGCGGGTTCGGCTGTATCGTGGGTCAGGTGCGTTGCCTGGGACCGACGCGAAAGTCTCTCCGTGTAATGTTATCCCTGCCAGTACCGAGGTCCTAAGAGGTGTGATCCTTGGTCGTCTATGTCCCGGCATCGTCTACGAAGAGTCCGCGTCCTACAGTCCCAGGCCCGCGCATAGGCATGGAGGGTACCTCCTATCAGGTTGAGGGGCTGATGCAAACAGTGTAAGTTTAATTACGGACATCGCACAAACCTAACCGTCCGTGAGTACCATGGACCTCATAATTAGGCGTCCGATAGGGGGCGGTACCGTTTTTCAAGCCCCCTGTTAGCGAGGTGTACCTCTTATCTCGCCTTACGGCCCACACCGCAGACTGGACATGTCAACAGGTGGAATACCGGACGTCCGACACGCAGTTACGTCACATATCTTTGAACAGCCTAGGATCAAATTCGACGTGAATCTGCTGACTATAAAGGATTGGATGGAAATTACAAGATGTCAGGAGGCACGGGATCCGTGCTCGCGGGCTAACTATTTGACCCTGAATAGCTCGTGACGTGACATGCCTTCACACAGATAGTTTTCCGTATAGGGA,1739,50.95,Escherichia coli
SEQ_340312,ATCCCTATGCGTTAGTCGAGCTCCACGTACGAGTCTGTCCACTTGGACTGAAGCAAGCCTGGTGACGGTGGCGGTAAGGATCAAGGTTGGTCCCGAAGATGCTAATCATGACATCTAGATTTGAGAGCATCTGCGGGAGGGCGATGGGAGTGACGTCAATCTAGTATCCTCAGAGGGATTAACGCACCATCCTTCCCTTCTTTAAGTGGCATCCAATAAGATGAGGGTAGGTACGTTATTTACATAGAAATTTCAGGCCGCATTCATGATTCGCAAGGCCGGCCTGTTCTAGTATCAATCCGGTGGAGCCTTGGCCTACCAAACGAGATGACGTACCACTCGACGATCAATTCTTGAAGACCGTATCGTAAGGTGTTCTAAGATTCAGTACTGAGTAGGGACGTCTTGGCTCCCCCTCTATGGTCCGATCTCGCACCCGGATTGTATAAGACAGAGGGTCCTGATTGATGCTGCTCTTGGGGATCCTGTAGAACCATCAAGCCACATGTATCGTTGTGCGACAGACAGAAGCCAGCCCTCTGACTGGTCGGAAAACAGTTATTTCCCGGGTCGGAAGCTTCCCCGGCAGATTCGCTCGGATTTCACCGCGCGGTTAATGATTGACTAACTGACTCAATAAGTCTAACTTACCGAAATGACCTTCTGTGCAACCGCTCTAAGATCGCCTCGCGGTTATTCCCGTATGGGCCTTGCGATGTCTAACCCGGTTCAATTCGGAGGTCGGGAACGAACACATTCTTGACATTCCCTTTCAGTCATGCTATGGTGGAGCAAAACGCCAGAAGGGCGAGATGTGAGATTTTGCACCAGGAAGTCGATTCTAGGCCTCATCTCCCCACATTGAGTATTTAGAATCCACCGCCAGCAGGTCCCTTAGATACTGTTCTGGCACGGGACCCCCAGTAGGTATGAGCGGGTCGGACCATTGGTCTTTTTAGGCCCGAAAAGAACGCCGATACTCGCCTCCGCGGGACCCCTACGACTCCACGACTTAAGTGGGGGATAAAGTGTAAACAAAATTGTCCGATTGCTAAAGTGGTCAAACCGCTAAGATACTCTCCTCACGTCTTATATCCATTTCAACCTCAATCA,1113,50.31,Saccharomyces cerevisiae
SEQ_431572,TTGCAAGCGCCCGTTCTCTGAGTGAAGTTTTGCCAAATGGGCTTGAACGACCTGAGCGCTGCCTACTCACCTCTTCGGCGGCATCCGTCTCGTGCGCGCGCGTCACCTGCTGGGTCGCGACGATTTTCGCGCTGGTCAACGACAGAGAACCGCTCGTGACAGAACTGCGGCGAATCGACTAATCAGCCCGGCCGCCCACAGAGGAGAGATGGATTTCGCCCGACTAGAACTAAGTATAATGATGCGTGGCGGCGGGTAGAGTGAATTTCAAGTACGACCTTAGTTATGCAGGTAGCAAGCCATTAGTAGTCAGCTGCCTTGACCTTGATAATCAAGATCTTGAAAGCCGCTCACCTGGGTGTACTTCCTAAACATATTCTCATACGCCTCTCCAAGAATATATGGCCTACTTGCCGTCCGCTTCGACGCATCCGGCCTTTTTAACAACCTTCAGATTCTGCATTCCTTCTGGGTACGTCGGAGTGCTTGCCTCTACGTAAACCCCTCCTTTTAGAGCGGCCCTTACTACGCCGTGAGTCTGGTCCTAGGAGCACTAGATGTTCGGCCCACACCCTCTCAACCGTGCAAGCATATTCTCGACGCACGGTTAGGAGTACATAGGAACTAACTTTGCTGAGACGGACGAATTCAGTCTTAGTCAACGTGACAGCTCCCTATCCGCTGCGATTTTGTCTTGTAGGGACCAAACGTGTCTTTGCAGTGAGATCCCAGTTCAACATAACACCTACAGAACCTTGGTTAACGCCCCCAACTCATATAACCCCAATCGATAGAATGGGGTATATAACCACCATATAATAATCGCAGCGGCTAGGTCTTGAGTAGAGTTGAACCTAGCATGTCCGAGACCGTACATAGCGCTGTCCATCCAGGACAGAACCATATAGTGCCGCATAATACAGGGGCTTCGACGTCTCTTCCGATACTTTACCTACCTGCGTATTGAAGGGGTACCCCTAGCAACAAATTGTGACGTACTTAGCACCGATACGTCAATGGGCCTGTTGGACTAAGAAAACTCAACGTCAGTATGATTATGGAAGTCCAAGCGGAGTTAGAATGCAATACTCGTGAGTAGGCCCACCAAGAAACAACCGTACATTGCTCTAGGTTCAACCAAAACCGCCAGGGCCCTGCGAAACAACGTGGCCAAACATCTGTCCCCCACGTCCATCACTCCGACGCACATGCCTCCAAGGCAGTGGTCGCCGCCACATTGGAACTACATCGCTCGTCGCCTAAGTACCCTCATAGAGCAGCTACTATGAAGCGGGTCATAGAGACTACGAACGGGCAGACGGTCCACGAGAAACCGCTTCTGAGTCCCCGTTGAAGCAAGCAGTTCAGGCCCGACTAGAACCTGCGGTAAGGCGGTTGTGTAGTCAACACCCCTCAAACATTCGTACTGATCCAGAGAGGTAGAGAACGACTAAGTGCTTGACTTTAGTACCTATTGCTTAATCTCCGGACTTATGAGGTTGATAACCTCTGGGTCCTATGTGAATGCTGATGATCGCTGTTTCGGTGGGCGCTCCTAGGTGACACTTACATGGTCGTCCGGGTTATAAGCAGGTTTGAGAGCAGCTTGCTAGTGGAGCGATCAACGCAAATGGTCGAGATGATTCTCCCGCTTTACAAAATGCAGGTGTATAAATGGCGCGCGGTTACGCATTAGTCTCTCTCACGCGACAGCAACTTTTAAGCTGGTCTGTGTATTACATGGTACGTCGAAAACGGAGGGGCCCTTGCCGTCCGTCGCTTCATACAGGGGTCAATTGGTAGCTTTTATATACCGCATGCGAAAAGCCGAATATAACT,1839,50.9,Homo sapiens
SEQ_476088,TCGTCGCCACGCGCACTCGGCAACACAGCGGAGTGCCCCTGTCAAATCGAAAGTGTAATGCCAACCGGAATGGTCATGCGAAGTTCCATACTGCATGAGTTATCAACAGCAGTAGGACGGACTCATATCTATTCACTTATGGACCAAGGGCTTCGGTAATTCCAATAGCTGCGTAGAATCGTCAGCTGATTCGAAGCGCGTTCCTGGCTCTAGCGGGTTTCGCTTGATACTCATCTTCTCTGCATTGTGCGGACCAATTGTCTAGCACCTTGACCCTCCTTATGACATGTCAGTTGCTTGGAAACGCCCTCGAAGCGGATTCGGTGAGAGGGACATTTATACGAATCTTATCGTAACAGCAGACGGAGGTTAATGCGCCTAGTTTTCCGTTCGTTAGAGTTATTCTGACCTAGGTAGGGTTATATGCAACGAACTCGCCGTGTACGCTCAAGGGGAGGGGGCATGGAAGCCAGCCCATATAGTTAGCAGCTAAGGTCAAACTGTCCCTGATTTGCTATAACTGCAGCTAGCAAGAGGAATGCTGTCAGGGAGGGCATGTATAGGGACTCTGCCGACTGAACGCGAGACTATACCAAAAACCGTACGGGCACGAACGTAGATGACTTGCTGGCTTGTGATACTCGGCTCATGGGTAGAATGACCGATACTGCCACTATGGTTCATCGCAATTCCACCGGCTTACCATTCACTGTGGTGGCTCGTAACGTGCCGAGTGCATGAACCTGGCGCAGCCATTAGCCAGTTATCTGTCGGCTTGTCTGGGGCTGTGGTCATCGGTTGAGCCCCTGAGATCCAGTATGCTGACTCCATCAATACAGGTCCACAGGAATGAAGGTCTTGTGAAGAGCGAAGGGCGTTGAAGCACTACGTGTTTAAAATGCCTATCTGATCTAGCACAGAGTAATCAGTTCCTCGAACGAGTTGCGGTGCAACGGAAAGGAGCCATTTAATGTTGCCTGCGAGTGCATCGCGGTTGTTGGGACCTTTTCGAAGTGTCTTAGTACGGTGCAAAGGCAACGAAGAAGATAGACGCCATCCCGACATACCGCTTATTAGTTCCACTTGTAAGACTTCTGCCAGGTTAGATCACGCCGGGACTCGAAGCAGATATAAGCAGGCCTACAACGCTGTGAACATGTGGGGGTGGATATCGCCAATGGGAAGCAACTGGGGTTTTAATGTGGTATATAGTACCTCTCATGCCTTGGAAGGCGCATACCAAAGCGGCCGATCTGTAAGTTCAAACACTGCTGAAAATGGCTAAAGCGGAGCCATGGGTTTGCTTAGGCGCAGACTACGTATTGATGCCCCACAGAGTTAGCACCCGTCCGGGTCTTGCCGCAGAATGGCAGATGCTCAGTGCTAATCACCCACCTATTCAAAGACGTTTATGAGGAACGCAACGCAGACGACTGATATTGCGTAGGTGCTGATCGCCCTAGTGGCAGATACAACCTAGGCGGAAGTGAGAAGAGGCGCTCGAGTGGATGGGGAACTGTCGACAGTGGCCAAAGGTTTGTTTTAATGTACCTCTCTTCTGGGCGTACAGCAGGCGGACTTCACAGGATGAGTCGCCTAAAATATGAGCCACCTCCACACTCTTCTGCATCATCAGCAGGGCGACAATAAGGTCTGGAGCAACGACGCAGGTCTCTTTCCTATGTGAGGGGAATGCAGGAATGTATGCCTCGTAGTTCAGATTAGAGCTTTGATCTACGATTCCATCGTAAAGCCTCGCGGGGCAAGTAAGGCGAGCTTGTATGAAACTAGCTCGGTTTGATTATGAGCCAGCGTGTCCGTTGCGCACTGTTATCTTTTACGGCAAATGAAGTCATGCCAAGTTTCTCGACGCGAGATGAATCATCTCTTGCCTTGGTGCAGAGGAGCCAGCTCAGGTTATTGTTGCGACCTATTCACCTGTTCGCCTGTACATGCTACCTTGCGTCACAAGGGCCTA,1978,50.71,Drosophila melanogaster
SEQ_150004,CTAAATTAGACGCGAAATTGCGTCTGCACTACTCTCCACAGGGGGGCTGCACTCTGGGAGAGTGACGTGTCCCGGGATCCTGTTCTTCTGGGGTAAAAACGCGGCACCATATACCAGTTTAGTCTACAGCTATACAGCCCCTCGCAGGCTCCGATTTGAATATTCAACAGGCGGTGGCATCGTCCATTTTTGCGCCCGTGCAAAAATGATCACCCTCACTCCTTCCACCCTGTGCTCACGTCGTGACGTCGCAAATTTAGAATTAAACGTGATCGGGGAGGAGAGCCGTTTCTCTTCAACTAGAACCGTCCCTAGGCACTGACGTACAATAATAGAGACAAAAGAACCGCGGAAATCTATCTCTAGGCAGAACGTAAGGAAACTAGACTGTCTGAGCCGCGGTGTGACAGCATCTAGATCTCATCATTGATAGAATGAAGACTCTGCCACACCATCCTTGAACTGCAAACTGTTCAGTCTAGCACTTAGCATCTACCTCAAAATGCGAGGGCACACTCCCTTCGTACAAAGTTACCCCACAGCTTACGAGTTCCGAGTTTGGAAGCCAGGGGGTCGCCAGGAAAACATCACCGGACTATCCCTGATTTGATCTGTCGGGATGATGCGATGTTCCCTTTGGTTTGGTTAGAAAATGAGGAACGACGGTTTGACCTATACGCTCTGTTTAACCTGCCGTCCCTCTCTGTGTAAGCGCTACAACGCGGCTAGTATATGCAACCACAATGAAGGCACTTCGCAGGTCTCCTAGTCAGACCTATATTCGGCAGCTCAGAACACCCGTTCCCGTCGCCCAAACACGCTGCCATCCTACTCCAGCAAGAGTCCTTCTGACACTTGCCCCCCGGAACCTCATCGTTTCAAAGAACGGCGAGG,894,50.89,Homo sapiens
SEQ_964728,CTGAAAGAAGCTCCAATTGCCGCCAGCCGATACGGGAGGCACGATTGGTTCGCGAATGGTAGGTACACTATGTACGGTCTGCCTAGCTACCAAGAACTACCCGTATTGGTAAATACTCCTTACTTGGCGCACTCACATCACCTCTTACGTCTCGGTGTTCAAACCATTTTTCCACCGCAGCAAAGGTTTCTTCAGGGAAAGAAAACGCTACCTGCAGTATGCTATAGCGCTCTCCCTCACAACCAAGCCTCGCGAAGCCGGGGCAGGTAATTCTTTTCAATGGACTAATCTTCCCCATGGAATGCGCACCTATCTAACACCTAACACCAAGCAATATGACACTTTGCGAGGACCGATGCTGAACTGCTACCCCACGTGATCCCCGTCCTTTGCTTGCTAAATTAAATTGGAAGAGGAAACCACCTATAATTTGATCTGTCCAATACATCACTAGAGGTCTGACAGCAGTCAATTGCTACCGATATGTGATTTGTGAACCTCACATCTCACCTTCGACTTCAGAAATCTTCCGAGTATGTCTTCCTCCAAGTCATAAAAGAAGGCCGAGTAATATCTCGCGACGCCCCTAGGATTATTTTTCTCTCAGGAGTCCTAGTTTATGCCCTTCCGTCTGCGAATTGTCTACCACCGACATGTGAAGGCGAGGGACAAGGGGTTCATTGCGTCGGGCAGTCAGCCAACTTACTGCTATGAACGGAAGGTTAGTCGGTTACCAAGCAACGCCATATGTCTTTTATCTGGTTCTATTTATTTAGCAAGAATGTAGCCCTGATTTTCTTATAGGTCTTGATAGATACCAACACCACGGAAGTTTGTTGGCAGTTACCGCGGATTGGGTACGACCATTCAACGATGCGAAATTGAATTAGTGATGGTATAGGAGCTTACATCCACACTATGCCGGACCCCGCAGGCGTGGACTGCCCGGTAAGAAGAAAGCGGTAGTCAGTGTACTTAACTGCTAAAAAGGACGGAGCACTGATGCTTGAACAAAAGCGTGTGCAGACCCATATCGGGACGCTTTTAGGCCTTTGGATTCTTTAAGTGGTGCCGAAGGGCCAAACGATGATGAAATGCCAACACTGAACCCTCAACTGACATGAAGAAATGGGACAGAAGGAGGCACCGTGTCCTATAGTGATAA,1165,47.47,Drosophila melanogaster
SEQ_647002,TTAGTCTATTGGCGTGAATTCTATGTTACCTTGGACAGCACCACTTTGATGAGAAAATGCCTTACGGATTGTGGTTGAAATTATTTACGCCTTGAGGTGACCAGGCCCGATCGACTGGGGCTTCTTTTGTGTATCCAACCCATACTCACTGGCGCAGATAGCAAAAGCGACTAATGCAAGCCCCTAGTGTGGCGCGGCGCCCCATAGACGGGTGCCCTACGTTACTCCGCTCGTAAGTGACAGTCCACGTGGCACTAGGCAGGCCTGCCTTAGCCCGGGGTTAGGGTTAGTTTCGGTCGAAGGGAGTGGACTGTGGGACACATCCGTGAAAAATCGGGTTGGTGCGGAAAGCA,353,52.97,Drosophila melanogaster
SEQ_781152,CCTCCAGGACTAAGGTCTCGTAGAACATTAAGAACGCTCTTGTTGTTGCATATGATTGGGGTGACGTTCACCATCCTGCTTAGTCACCCGTCCTCGTGGATCTGCGGAGTGTATTAAGCTTGACCTTCTCCTA,133,48.87,Caenorhabditis elegans
SEQ_906953,GGCTTGCAGAAGTAAGCTGATGCATCCTCAGAAAACAGACATTAATACCAGTGGGAGTTGTTTATCGCTACTACAACTAGTTTTATACATTTGGAGCCATTCGCAGAGAACTTTGCTTACGTTTCGTAGCCCATCGAGCCTAAGTTCAACCCCGCTTAAATAAAACCTGGAGGAATCATAATAACATGGTTTGGTGATACGGAGGCACGAGAGGGGAAGTTACAAATCCGAACAGTAAACATACTGTACTAAATACCGGTTTAGTACTCGTTGGTGAGACACCGACGTTAAATAAATCAACTCTAATTCGGCTCGTTATACGCCCTCAGCTCAGACGCGCCGACTAGAACATGGGGAGTTTTCTAAGGCGCAGCTTATGGTTCTGGACAGTGACTTGGGCAGGCTACCTACGTGCCAATTTCTAACGGGGATGGGGTGCCCACTTTAGCCGCGAGACTGACTGGACCTGTACCTGCGAGTCATCTTGTTTGAAATGGCCTCATTACTTGGCGAACCCTGCGTGTCAAATGCGATCGGACTGTGCAATGTTGGAGGAACACGACAACAAACAGTGCAATCTAATCGAAATATTTTCCCTCAGGCATGTAGACTGAGGAGTGTGTGTCTCCTTTTTCCTAGTCGGTGTCAATGCCGTCCACCGGGTTCCGGGAGCTCCTATCGACCATATTATCAAAATCTCCCCTACAACTTTTTTCTTTAGATTGAGATTGTAAAAACCAGGCGAATAGCGTTTATGTACTAGGTGGAAAATTCCTATTCGAGACTCTTGGATTTGCCCTCTATGCCTCATATACAGCACGACTTCCGTTTATACCGCTGTAAAGGGCACGCCTGCACGTAGTACCTCCATGGCAGCAATGATCTTGGTGTGATTGGGTCATTCAGGCTATTTAGCCCCGGATGACCTATTCGAAGCTTTCATCATACAATCTGAACGGCATTATACTATGTGTGCTGGAAATCACAGGCCGACTTGGAAACTTCTTCCCTTAGTTCCCCCGCCGTTTTCTCTACCATTCTATTTGGGGAGACGAGATACAAGGCGACGACCTCATAGGAATTTCTGGCGGACCACTTTTGGCTTAAGGGTGACGCTTAAAATACAGCTTCTGGAATGTCTACATTAGAAAGCTAATAACCACCATCAACCGACCAGCTCTTACGCTACAAACACGGCAAGCGAGTTAGGTAAATACATCTTCTCGAGTCGAGTTTTAGTTGCAATTCTGACGCTTACTGATAACCGCAGATTCGGCTGGGGCACAGTAACTACCATTAGGACATCTGTTGTCCAGCTACACGCCGACACTACGCTAGCCATTTTTAGGGCTGCTTGATGCCTTTCATCGCGGAGATCTCTAACCCATAATTCGTCTATCGGAGCTGGGACCAGACTATGTACACGGTGGTAGTGTGTTAGCGAACTCTAGCGCATGCTCAGGGTCCCGCGTGCTAGTGGTAATAGACCTCCACCGTATATGAAATTACATATTCTTCCCTAGATCACCCATGTCGAAACAGACAGCGGAAAAAGTCTCTC,1561,46.7,Saccharomyces cerevisiae
SEQ_100641,CGTGTATCCTTTGATCTCGACAAAATAGTCTATGTCCACTTCTCGCCATGTGGGCCGGTGCCATTGGGTCTGCTCCTCAACGTCTCAGCGCTGT,94,53.19,Escherichia coli
SEQ_751267,CCCTGAAACCTTTTTAAACCGATTCAACATTCCAGAGACATTGACCCGGCAATCACCAATTCGTCGGACCAGAAGCCATATCCACCGTACCATATTGGCAGACAACTATCCGGGGGCCTATTCGATTACTTCACTCCCACTTCACGAGCTTTTGATCGCGTTTTTACGATGGGGGGTACGCCTCATCTAGAAAGTTCTTGAACAGACGCTTGTGTGGCCCCGCTTTTGACGCCACACCGTGTCCACCCACTAGCACGTCCGTAACCTATGTCTGATATTCGGGGAAACACTGTACAAGCCCTTGGCGATTTAATGGACAGGGACCGCGTAAATACGGTAGACAGGTGTGCTTGCAACAAGATGGGAATCCCTCATAACGGAGCCGGCTCCATTTCTTTGTGGTCCCCAATGTGGGACCAAAGGACGCGCAGCCGCACGCAGTGACTTTGTGGCGATCCGCTCAAATATGCTAACCTCATAGCGCTGTGCCCGAACTCAATGAATTCTGAAGTGAGAGTCATGGGTATAAAGCATAAATTGCATACGGGTCTTGCTGGATAGGGGGATGTGCTATCCTCGGTACCTACGAGCTGTGTCGGCATCTGCTTCGACTGTCTAACCTAGGCTCCACTCCTCTCACGAGTGTTGAGTGTAAATTGGCTTTTACGGCTTGTAGACAGCCCTAACAAGGGTTAAGGCGTTAATTACTCGCCCTGATCTAATTACGATATGACAAATACGTAAAACATGCCGTGTGTAACACAGCCGGTCGGAGGCCGACTTCACTGCTAGTTTTAGCAAAGTTGCATACCAGTTACTGCTTTCTCGACCTTTCCACCCTCAACTGGGCTCCCTGAGCCTGAGCCTTCCACGCCACCGTCATTCCTCTTTGCACTACACCGGCTGTTTAGGGTCGTCTACCATAATTTAGAGCCTAGATTTGTAGACGTGCCTGCTCGCTCAGGCTACTCATGCGCGGTCTCGTAGGTGCAGTTGGTAGAACCCTGGTCCTACACCTGCAACCCTTTTAGTCTCTGTCGGGGTCGCTAAACCTCTAGTACGAAAGTTTTCGCTGCTTGCTGCGATGTCTGCTTTTCGAAAACGTCTAGGTAGTTTCAGTAGATTCCTTCTGGCCTAAGCGGGGTAAGTTCACGCCTAAAATATAGCAAACCCATAAGCAATGGTCAAAGTGCTTAACCGGGGCTTTGGTTGACACCGTCTAGATATGGTGCACAGCACACCATGGTACCCGCTAAGAACTCCTTGCACCTGGATTTGACTTAATGAACACCGCAGCTACTGGATGGGCGTATGGCCATGGACTAGCGGATGGCAACTCGACGAATTCGACATAGCGCCTAACGCATCCTATACTGCCTTGTTGGTACACAGAGCGGTAGAGGAATCTCGCCGCACCGACAGGAGTTACGGACTCGCCTGCTGATTAAGCACGACTCCAGACCGGTCCACCCCTGAAAGCGAATTCGCCTGTT,1493,50.9,Homo sapiens
SEQ_369350,ATGTTACAACGCAGCCGCGTGAGTGTAGTTCATGTCGAGCCAACCGCCTGAACAAGTCCAGGAGGCATGACCGGACTACGGTGCCTCTGCACGGACGAGAAAGCGGTCCCCGCATGACTTCGTACGGAAGGTTATCTTGCGTCTGAATAGACACGTATCGCGATTGGCTCTTAGATGGACTGGAAATAAAGGCGGCCGCCAGCATCGGCTATACTGCGAAGCTAAGTCAAATGCAAAGTGTCGCTTTGCGATGAAGAACGCTGGGGCGGATAACGTCTTATAGGGATGCAACCTTGCTGTTGGTCGAGAATCCGCTTTCGGCCTGCTAGAACCTAAGAGTTGCTAATAGATGCGATCTCGCGTCCTCATTAAGACGGAGCTAGGTTATTGGGAACAATGACAGTAACACCTGCTGAGCGGGAATATGGATTGAGGGTGTGATGCGCGTATAGGGTTTCGCGGACCTTGTTAGATCGTGACTACTTGTAGCTTCGTGGGCGGTATAGTACATTTCATGTAACGGAAGTACCAAGCGGGTTGTCATGGGGACGGCAATACCTGGTAGGGACCCAGCTCGACAAGCTAGCATCTAATCGATCCCAAGCGTTGACTCGTCACCGCTGTGTGCCGATGGGGTCTCATCTACCTCGATGATGACTGTGTAACAGCGGCAATCCCTGGGTGACACATAGTGTCCCGCGACAGGCCCGCTTGCTCACTTCCTCTATATTGCAGTGTCAGATACGCCGGCCCTAAAGAATTACCCGGCGATCCTGCCATTCAGGTAGTGAACACTCTAACGTTACACGGCAGGGAGGCGCTAGCGTTGACAACTGGGTAGAGTTCCTCTGGTGGCCTCCGCTGGGTACGATTATCGTTCGAGCCCAGGGCTGTAGCCCGGTCCTAACCAGCCAGCCTGCATTTGCCCGCTGGACCATGGACAGCAAATTTGGTTCAATACGGAGGAAGCCAACCGATCATATCCGGGCCCTTCAATTCGCACAGGGATTGGGATTTGCTATGCCTGAGAGTGACGGGGAGGGCACGTGATCTAAAGCCACGCGGTATGTTCTGTTAGTTTGCTCCCGGTGCCACTTGCACATGAGCATATCCCTAGCGCCATGGTGTAGTCTTGGAAGGCTACTTCTTATGTGGGGCCTGTACGTGGGGTACGTACCCAAAGCCCACTGTAACGTCTTCTTGCCCAGCGGTAAGCAGGTCCCGAATGCCCGTTCGCCCAAGACAGTATCGCTAGCCGGCGACATGGAGGAGCCCGTATTCACTTGGCTCACTAATTTGACTAATTGCCATGGCAAAATTCTATAGCCAACGCGCATTCGAATGACATCGAAAAAAAATTCGGGCAATTCGAGCTAATGTGTGCCCGATTTAGCTAGGGAAGATATCCACGAGCCGTACGTGATCCTTTCTCCCGGCAGCTCTAACCTTAGACACGAGAACCTGGCTTTTATCTGAAGGGGACTGAAGGTTGCAGTA,1497,52.97,Escherichia coli
SEQ_100013,GGTACACGGATCTGGTTACAAATACGTACGCGGATCCAGGATAGATGACATTAGGACTCTCCTGTGGGTGCTGTAAGACTGGCAAAATTCAGAGAGCTCCGGAGGCGTGCACTGGCGGCTCACTTTCAGCAAGAGACTTAAAATACCAATATAAAGGGATTC,162,48.15,Homo sapiens
SEQ_346928,GCCAGTCCCAAGGAGTGCCCCCGAGGATCTCATGTACTCCAGCCCTAGCTTCAGCGTGTCCGAAAAGAGCGTCGTAATTTGACGTACTACCCCGTAAGAATTAATACACAACGTGTCGTTCTGGACGGAACCAACTTAACTGTATGTCTGGTGGAATGATGTACGGGCAGTGACGCAAGTACTGGTCAAGAATAAGTCGCGGCTGAACTATGTCTGCCGCTTGGTAGGAAAGGCCTTGTGCGTCCCAGAATCAAAATCTTGTTGTACCGAAATGTACAGCTTCATGTAATAGGCGGTGTAACACACAGTACACGCTGGGCACGTGCCTTCCCGTAGTCCAATGGCGATACATGCAGTGGCCATCTCGATTTCGTACCCTGCCACAAGACTTGACCGTTGTCCGTATTCGTTTCTCGCTCACACTATCAATGAGGGCCCGATATTTAACAGTCCAGCCTTACGCGTACTCCGTGAGAACTCCTGCGAAATGGAGTGAAAGAAGGCACTACTAAGTCCAGGGGAAGTGCTCCGCAAAACTCTGCTCGTATGCATCCGTGGGTTATGCTGGTCTTTCCTACATCCTTTCGGACGATTCGATCGCGAGCAATAGGGCGGTAGAACATCATATGGGACACACGGATAGGGACGGATACTATCATAGGATTAAGGGTCAAAAAGGACTCCACATGATGAGCACACATTAATCTATTAAGTTCGAGCATGTTCATACGTGGACACACCTACACAAAGGTCAGTAAAGTATACTGGCAGGTCACGCAGCCGTCTTGGACGAGCCCGTCTAGACTATAAGACTTGAACAGCGGACTGGAAATGAATGACTATGACTAAATAGGAAGTTAGTACGGGCCCATAGACCCGGATACTTACACATATTCACGTGGAGTACCATCGTCGTCTGCGGACCTTGGCAAGAAC,936,49.25,Drosophila melanogaster
SEQ_359734,GTCTCATTCCGCGCTAGGAGAAACCCTCAGATTGTCTAGAACGTGCAGCACACCTTTCGCACCCGATTCTGAGGGGCTGGAACGAAAACTCTCTGGTCTCAT,102,52.94,Drosophila melanogaster
SEQ_822785,GGATTAGGCTTAACTAACAGAGTCCGTAACGTCTTTCACGAGGCGGCAAAGTTGGTAGATCCGTTCAGGTCGTTTGTTTAATAGTCATGCATCCTGTACAAGTCGCACTTCCTAAGGTATCGTGCCATAGATCCAATCTTTCGCTTGAGGCCCTTGCAATAAACCTCTGTTCCTGATCGCGTTTTTTTCATATCATTCGTCTGTACATCGAGGGGTAATCAACGACATCAACTTGATTATTATTGTCGGTCGTATTTTATATACGTTAGGGGATCCGCGACTCAGTTTAAACTACGCGAGAGTAGGGAGATGGTGGGTTAGATGACGTTAAAGGACCTAGAGATGCGACTCTTTGTTTTATCCTTGTACCCCGAAGTTGATAGCGATGTCTAACAAGATACGCGTTCTATCTCAGGCCCTAATAGTGGAGAGTCCGCCATAGGTGGCGTTGACATTACGCGGTCTCTGGTGGGAAATTCGGGGAAACGTATGCGATTGTATTACATTACCTGCCTGACACCAAGGCGAATCACCTGATTAAAGACAAGGCACGTGCGCGAAAGTGTTAAGCCGGATAGACAGGAAGTGAGGGGGTAATGACAGAAGACGATTTCTTACGCCAGAGCATTTATCCCAGGCGCTTGCCGTTGTGAGGACGGCGTGGGGTACCGTAGCGGAAAAAAATGGCTGGCAAGCCTCTGTTCAGGCAATTGAACGACTTAACAGTTGTCCGGTCGAGTCTCAGGCGAGTTTAGGCTGTTCTTTCTGTCGAACGTTCTATAGTCTACACATTCGGGCGCGACTAAACGCTGTGAGAAAAGTCAACATCTCCCTGTATCATACGTGGGAAGTGTCTAGGGGTGAACAGACGAAACCAAACTAGGACTCTCCATCCTTGATGTATGGCGGGGGATACGCAAGTGGGGCCAGTCGTATGTGGCTCCCATATACTACAAGTAAATCTATGTGCACCACTGAACTGCTGCACAATGCCCATAAGGTCGGAGGGGAATTGCTTAATAGTTTTGCGACGATCTCGTCACGTACCTCGCCGAGGGCAGTCAACGGTTGAAGGCGTCCTGAACATTATAGGCTAATCTGTCAGCAGCTCACTATTATGGAATGTCCGGAGGTTTATGGACACTGGACAATGGAGAGGTGAAACCTGGCACAAAGTCAAAATGGCTGCCCATCTTACGCAGCTACATATAGGGTTCAGCCGAGACGCATATAAGGATTGGGGAGCAGTGCCGATATGACGATCATCGCTGACACAAGTGTAAATATCAAGTACTGGGTTAGCTAGAGCTTGACCCATTGACAGTTGTTGCTTGAACGAGGTAGTTGCGCCCCCGCGAACCGGTATCTTGTTGTGTATGTCTGGCCGATGAGACGGGAAACATTTAGGACTTATGCGGTCACCATCGCACTGTCTCAGCTATAAGGGCCAACCCTGGGGGACACGATTATCCGGTCTGGTGGCACGGGGGTCCCCAACACAGGGTAGCCATCTGGCCTCAGTTTCTACAACGCTTGACAGTTGTTCGAGACGTTGCAGTGATTTATATTGGCCCCAGTTTGGAAGTAGATTTAGCATAATGATGACCGCGACCGCGGGTGGGTAAACTTCAGGACTGTGGTAGCACCGTTGTTAGGGGAGATTTAACGGTACCTAACACTCAATACAAAGTCTACCGACGGAGGGGCCTACGGGTACGTAAACGCACTCGCGATCATTGGCTGGCACTTTCGATAAACATCCTTTGCGTACATCTTCTATCAATTAGTTT,1790,48.72,Homo sapiens
SEQ_133325,TAATCAGAGCTCGCTTGTAATGATCACAAATTGGGGGGGCCCACAGGTCAGTGCACACGGATCGTCTCACCCCTAGTATAAACCCGTCAAACTTTTAAGTGCTCTTAATCGTTTGCAGCACGGCTTTAGCATGCATCCAGGCACAAAATACCAATTATTCGTACTGCCAATTTCCCGGATTATGGCGGGGCAACCTAAAACGGGGCAGAAAACTTACTATGAGGAAGACCGACCTGGACCACAGTCGCCTATATGCGGTTCGGCAACCGTACCAGGTTTGCGGGTCGGGCTAGTACAAAATAACCTTCAAGCATCTGCGCGTAAACCTCAATCTAAGCTCTGTTTCGCCCACAGATTGGCTCTTCATCATTATTAGTACTCAAAACCCATCGAGATAGTTTGAGCGCGCGGCTCAAATACGTGGACCCGCGACACATATGACTCTCGATTCTGGGGGACATTACATTAGCCATATAAGTTAGAGACCAGACCAGCAGGGCAATCCTGAGTATTTGCTAGCACTAATATGCGCGGGGCCTCCCCTAGAGAGGCTTGTCGCCTAAGTGAATTTAGAGGTATCGGGTTGTTTAACCGATTGTAGAGTAGAACTGTGACTGGGATGTACACGCAATTTACCTTAAAGTCCGGTTTTATCACGAGGCACACTAGTGTAGTCACTGCTCCAAGTAGTCCAGTCCGTCAGGACACACCGCTTAATTACGCGGGTT,728,48.49,Escherichia coli
SEQ_481886,CACAAAAGAGATGAGGGGTACTTGACATGCGAGTGGGTTGGTTTTACGTTAAAACGCGAGAGCCCACTTTCAGGTCGGGCCACTTAAAAATGGGTATGGCCCCACCAGGCATTCCGTACAGGGGCAGTTATTGCTAATTAATATCGGGACGTTTCACGCCCTGCGCCCTACTAGGACTACTGGACGAGAGGCTATGTCCTGTCCCGTTATCCCAGTCCAATTCCCGGAACACGCGAGAGAGGTATCTGTACCGCGAGCTGGCCGCGGCTAAATTGATGGGGGTCAATTTAATTGGTCCGTGGATGAGAACTTCCACCAATCAAATTAGGATATCCTCCGACTGTGCCAACGGCTTGATTCAATAGGCAAGGAGCGCGGTTCTGACGCCCATATTGACGACCGGATGGTCACTCAGATAGAGGAGAAAATCAACGATACCCGTAAATGGCCCGGGCATTGTTCTGGCGTATGGCGTCTGACTTAATGTTGCACGTCCAATGGGAGAACAAATTACCGCCCTTGGATATCTGTCCATCCCTGCTTCTGTAGCTCGAACCCAACTATGTCATAGTCTTCCCTGCGTGGCACCCTATTACCATGTCTTGATGCCTACCACAGTTCGTCTGCTTTATACCTATTCATGCGAGAGAAATTGGATACTCTGGTCTAGTGTTTCGCGCTTCGGGATTCAGTTGTGCGAGTGGATTAACCGATGATGACAAGGCGAACTTGGTGTGTGGATAACCCTATCGTTATAGATGGAGGCAACGTCGCGTCTTACTCCGCTGGACCCCGTATGCTGCTGAGGATAATCACACCCAAGCCCCTCAATCATACCGCTACCTAACTACATGGGTGAGGAATTGGGGTTACATTGAGGTCCTAGATGG,890,50.56,Drosophila melanogaster
SEQ_171558,ATAACCTGAAGGACGGTAGTGAGGCTATGCATTGCGATCTCAAAGGGTCCGTCGACTAGGTACCCAAAGTAGATATGGATTCGATTCGTTTCTCGTTTCTATCCCTTACGATCATCAGTAAGGGATACGGTACTCTATCCCGCTTCAGTGGATGTCTATGGACCCGCCATGGATAACCACTGGATTTGCTATATCTTAGGCACACAAGAATCGTGCACGGCCTCTAGCACTGCTGCATTTACGAGTATGGCCGCTTTATTTTGTCACAGCAGGTACGAAGCTACTTGCCCAGCGAGTCACGTGCCTGTGACCATTCGAGGACGGCACCATGGAATACCGACAACCGTATGCTGCCTGTTCATATTAGATCGATATTAAATAGTGCCTAAGTGGTAGGTCCAGTTGTTACGTTAAACGTATACTCATACTGTTGCCGGGGAGACGTAGCGTGTTCAGGAGGGACAGTCTGTTTGAGTCCCGATACAAGAGTGGAACCCTAGGTTCGAGCTTGAGGCGCTGGTGCTCATTCTGCTATGACCCCGTCAGCTCAATGGGCAAGCTGCCTCTCTACTTCCATCGGACGGGCTTGCTCTAAGTTTAAGTCGGCCTTCCACTTATATACTTCATCGACGGGGGGATACCAGTAGCCGTGAAATGTATGCATGCCTCCGGGTAGCCGAGGTGCAGACAAATAATCGCGAACGAAAGACACCTTATAAATTAAGCCCTCCACAACTTAGCGTTTGCGCTGGCAGGTTGGAGTCAGATCCCTGTGACAGCGGCACTACGCCATCGCAGTCAGAAAGTGACTCGGTTCACCGACACATAGCAATCTCGTACGTTAAGGTTGGGCAGCGTCCCAATCTTCCGTACGCACCCTTGACGGGGTGCCGGCTACTCCCACGCAGTCACCGATATAACCCCCATTCCTACCCACTAACGTTGAGGACGGGAGACGAAATTCCCCTACCGACCTGACTCTCAGGGCAAGTATGGTAACATCCGGAGTATCCAAAAATTCTGAGTTATGAATGAATAGACTTCCGAGGGTCGGCCTCGGATTTGATGGGGAGGTCCGTCGGCGTCGTTCGGGTTGATGGCTTAGTGACACTATAAAATTTCCAGAACCGGCAATGAAGAACGGACCCCGTATATGGT,1158,50.86,Drosophila melanogaster
SEQ_429211,TATTACTCAAGAACCGAAAGGCATTTTGCGCAATACGAAGTGTATCTTCGAACTTTTCCGTCTATTCCAGCCTGGCCATGGAAGCAGGCATTATCCGGTAGTTTAGATGGTTTGCATCTTCCCATTCTTATTTCCCAAACTCGCGCGAAACCGAACTTCAAACGGCAACGAAAAGGTTAGATGTTCGCGTGAGCCCACATCATACCGACCTGGTGGAAACGGGATCGAAGCAGTCTCGGGATCCGCCGGTAGCGAAGGAAGCGTGGTTGCAGTCTAGGAAAGTAGGCCGGTTAGCCGTTACTCCCCAGCCCTAGCTACCGGACACTCGTTCGTTATCAATGAGATGATTTCCGAATCGTGATGTGATGCTAGTCAGGCTTTACTATTGGAGGTCATCGGGTCGGATTATTGGGCCAGTGCGCAATGCCGAGTGCTGGTCGATTCATGCCATACAGCTGCTGTCCGATTGTAGAATCTTCGGGCGGAGCGTGATTTAGTGCCTTTTGTGATGACTCTGCACCGTCCAATGGCCGTGTCAGGTTAAGAGAACCGGACTCGAGACTAGCCTTGGCTGCGCGATGTTCTGGCCCGTATCAGAAATCCGAACCGGGTTTCGGCCACCAGCTGCACACCACATCACTGCAACTCTCACTCTTCCATCATATGCAAGCAGGGCATATCCGGATGCGTGAGGAGTTATCTAACTCATAACGGCATTACTCTACGGCTCTTTGAAAACGTAGTCGCAACCACCTTACGCCATCTGCTTGGTTAACCATACTACTTCCGCGATGGTCGATGAACGGCTCTCAAGGCCGCGGTAAACATTAGCTTCGCGTAGACCCCTGCGTTTTGTCTATGGCAGGCTTCTCCCGGACTCCGTAAGGAACTCTGTCACTTACACTCTGAAGGCCCGAACGGGAAGCTCCGCGACACCACTTCGCGATTGTTCGGGCACCCACGGCAGTAGCGCGTATTAGATCGAGAGCAGAACAGACTAGTGCCTTTATTGGTGCGCGGAGCCGCACGTGGATAATTGTTAGGGGTGGGTAGACACCTCTGTGCGATTACTAAGCCGTGTTATATTCCGGCTTACACTTCGGAATACGCCATTTAACCCGCAAGAAGTCACGGATCCCGCGATCCGCGCGTCGAACCAAGGCAGCTCGGGTACTTATTGGCACGGAGTGACCGCGACTGGTCCGGTCATATTTAAGTTTCACGGGCGCTTCTAGCTGCTAGACGGTGCTGCTAAGCGCCGCAATGTACCGAGCGATTGAAAGAGGTTGACGTGTCTGATGATGTACGAGAAAGATTGACGAACGGTGATCGCACACAATGACGGGTAATACCCATAACTACCCGCCTCTTCGCCGCATGGACAGTATCGTTGTGGTGGTGACCCTATGTGTGTATGAGGGCTTCCTGCCCCGCGTTGATCGCATGTTTACATAAAAATCGCCTGGTCAAAATTCAAGCCCATCCCGTGGGGCAAGTCTTCCCTCGAAATGGACTTAACGTGTATAGAGGGCGCTCTTCGGATGATATGTATTAATAGATGTAGTTATGTGCAAATCTTCGACCCATGTCTAAACATCATCCCTATCCCCAAATTACTCTCCCACTTAAGACTCCTCTACACGTAAGGCGGCTCTCCGACGGCCACAGCGCCGCAACGAGAACTTAAATATGGTCCGCCACCGAAAATTCCGTTTAGGGGGTTAAAC,1727,51.71,Escherichia coli
SEQ_302146,TTTTATCCAGGGGAAATGGTCGGGAGAGAAAGGGGCGCAGAACCGCAGTATCGTTAGCACTAGCACCTCCATTCTCTGCTCCCCCA,86,54.65,Arabidopsis thaliana
SEQ_332990,GGCCTAGAGAGCTTCTGGTGTTAAGCTTGAGCTCTCTGTCCTTCGATTCGTCAGGCTACAACAGGCGGGCGTACGGATCCGCGGTCCTGTATCGCAGTCAGGTACCCACATTGGATATTGCCTGCGATGGACATGGACACCATATGGACCACGCCATTTCCTTCGCACGACTGGTGATGTACTAAGGCTTTGGCAACTACGATCTAACAGACTATGGGTCACTTGACAGCGCCTCACCGGACCCTGATGGACCTTCCAATTTTCCTTTACGAAACCCCCAACTCCGCGTGGGTGTTACCCTGAGAGGATCGGGCGCAACCGATGGTGGGGAACGTGAGTAACTCACTATTGCTTGGCAGCACCATTAGCGTTGTAACGCAACTGTGATTCTCAAACTCCACTGCCCACGACAGAATTGAAGACGTTTATAAAAAGATTACCCAAAATAAAATCCGTCCGGCGCTGACGTCCGCCCGCAAGTCTGATTCCACCAATTACAGCAGGTGGCGGTAAGCACAGGGCGTTAGCGTTTTTGGCATTACCTGGAAACAGCCATATTAAGAACCATGAAAGCGTCGATGGACGACGGTGGTTCGATATATCACTTGTTGCTATCCCGCCGGCAGATCCCTGGAACCTTTAAAGGGGGTGGTCCTCCATACGTCGTTGGGATCGGTTCCCAACATTGGTCACTCAATTGTAGATAGGATTAAATCACAGCTACGGCTGTGAGCAGCGTGCTCGACATATCGCTGCTATCATCACATGCCCACCCCGGACTCAATTTCAGAGTCGGCATG,800,51.75,Arabidopsis thaliana
SEQ_690116,CGGGGTATGTGACATTCCGAATTGACAGGATCTTTTTACTACTGGTATTACACTTTCTGATGGCCAAATTATGGGGCCATGCAGTTACTTCCCGTACAATATATATGATCGAAAACCGTGCCGATGCGGACATCTTTTAGTACATAGCTGCTTTACACAATTCGGGTGCCATTTGATTCCGGCCCCAGCCGAACGCTACAGGATTTTATTGCATGGAATACGCAGGCATAAACCTCATCCTTCGTATGGGCGCGAGGGTAGTCTAGGTGGACAGTACATAACATCGGAGGCCGCAGAAGTAAATGGGCTCTCTATGCAGTGGTCAGACCGCAATTGGTCGGAACTTAATTAACGGCGAGTTGGGTGCCAGACCGAATAACTAGCCACGGACTCGTAAATTAGTTACACAGCGCAGGCATCTTCCGACCGTTGTACAGTTAATCTGAACCCGCGTTTCCACTTCAGCACACCCCGATAGGGTTCTACCGGGCAACGGCCAACCTCAGAAGTGCCCCGTTTGCCTCTCTGAACAGTCTTAGGTAATATCGGCAACAGATATTAGTCTCCATTCGTCTCGTTTGCCGAGATGTCTGTATTCTATAACGCACGCTCTTAAGTGGGAGCGACAGCAAAGAACCCAGAAAGATGCGTCGCACCCAACCGGTTGGAAGTATAGTGGGTACTCTGAATTACTTTAGAGTGGTAGTCAGATGCCAAAACACCCCGGACAGCTTTGAAGCGCTAAGCGATTACATTGTGTGACAAAACAGGACCTTCACTCGTTGCATTTGTTATGTCATGACGAATCGTGATTGTACGAATAGGCGTTACGGTCTACTGGGTTTCTAACTACAAGAAATCCCTCCGTATGCGTCATGGTTCCCGAATGCCATAGCTCCCTCAATGCAAGCGTCTCCAGCCTGACGTTGGCATTCTTCGGCTATGTTACCGTGCAAGACGATGGTTGCCCGTAACCCCCGACACACCCAAGCGCGTGTCTCCCGACGGCTCAGATCGATCCAGTTAGCCCAATAGCGCCTTAGTCCGGCTCTTACCAGATATAGTCTTGGATAGGAGGCAAATTGTTCGAATCAGACTCTGGCGTATTTAGCACAAAGTATTTAGGCCGCAGATTTGACCCAATGTCCCCGTCCTTATCCACCTATCGCGAAACCGCTGGACGCGCCATAGTCGGACTCTCCCGTCCTGCACTATCGGTTGATCATAACAGGGGCCCGATTATTTAGCTTTTTCGATCGGGTTTCTAGTCATAACGAAGACGTTGACATCCCTACAGCAGTTGCCTTGCGATTGCGACAGCTTTTGAAGACACCTTTGAACCACAAAGGACAAGAACAGAAGCTCGGAGGCCGCTCCTATCTACGTGCAATCTGAGTTAGCCAACCAAGCTCGGTTGATCCCTCCGGGGATCCGAACGCATCACTGAGACCACATATCCCATCCTGGTGAGAGCGCTTAGGTACGTTCCATAGCTTTGCGGGGTGCAGCATCAAGGCGCCAATTATGATAAGGTTATGCCTAAGAGTGGCTAAGACTTATGACCCTACCTATCCCTGTTCGGCACCACCCTGACTCGGCGCCTGCATGAGGTCAAGCTCACTTATCCTCTCTGCTGCATAGTGCATGCGGTGGATCTTGGGGGTTGCGGGGGTTCCTATCTGTAACGGGTGCACGTGGGCTACTGGTAGTGATCTTACTATCCTAGGAAACCACAAACGCCGCGGTACGGCCCAGCTGTTTAGTCGACATCGAGGTGTGGGCATGATGAATTAACCAATACCCGAGCAGACTTAGACCCCAAAGTTACCGGGATAGCATCGATTTCGGCCGGACGCTTGGACCCGTTAGCGGAAACGCGATTGGGGATTCGGACCGCGCGCT,1902,50.89,Drosophila melanogaster
SEQ_137803,GTTCGAAAGTCAAATCTCAAATATACTTTAATATTATGGGTGATGCGGAACGTTCTCTAGCCCACAAGTGCTTCAGAATCGCCTAATGGGGGTTCCGCTCTGCGAATGTGCCCACCGAATGAGTCTGGCTGCTATAGGAACAACAGCTTTTGCCTTGCATGGTGAGGGGAAAGCCCGTTAGAAATGCGTCATGGCTATTTCCAATCCCAATCAGTCCGTCCCTGTGTCCGGTATTGCATGTCTTTGTTCTGTGCGGACTGGCCATAGTGGCGAGTGTCTTTACCGGGTTAACATCGAAACAAATGGTCGAACATGTATAGAACATGTAGTCCAGCAGGAAGTCCCTGACGAGTCGGTAAAATAAATTTATTGACTTAACCGGGGTGATTGAACGGTACCACGTTTACGTACCCAGACCAGATAAAGTCATCGAAAGAGGTGAGTTTCATGAGTCCATGTGTATGGACGAATGAATCCGCAAGATATTACCACGCCAACGTCGTTACCCTCAGCGTGCGTCAATCCGTTACTAAACATCTACGGGTGGGTTCTCAATCGATTGCCCACTCGTTTCCAAGAATACGTTGTGTGCGAATCCCGTTGGAAGACATCGCCCATAGTCCAATAATACCATCCGGTTCGTCTTTCCTCATAAGTGTGTTGCGATCATTCCATCACCCAAAACTATTCAAAATAGTCAATCTCCTTTAGGAATTCATTGGGCTTTCAATATGGAGACCGAGACGGCGCGATCAAGACGATTCACTTACCGGATCGTTGTTTCCCGGATAGGTGTTCCGGGCACAGCGTGGTTATCGAGTGTTCGCACGCAGTGGCTCAGCATAAATCAGCATTTCAGCGTGCTG,866,47.34,Mus musculus
SEQ_218489,TCGGGATAAGAGGCATGAACAAAGAAGCTTAAATGCAGCCGCTTAGATCGACTCCTTCCCTTGACACGGGTAGGACTTATCCCGGTGTGATTGAGGAACACGATAGGGGTGTCCACTCCTCCCTTAGTCCCCACGGGCCGATTACCTCAATCGTCTGCACGCACCAATCTTCTTTTCGCGCAGCAGTGGCGGTATCGTTTCCAGCACCGTCGTCTAAAGGTGAACGCGCGAAGTTCTCTGGCCGCACACCGCGATGCCACGCGGATCGGGGAAGATTGTTCGTCTCGGGCGGTCGAGTTCCGGTCTTGCGTAATAAAAGCTCACTGCCCTCACCGTGGGTAATGGGAAGTTCATGCCCGAGGCGGAAGAGGAAACTAGCCGTTACGCCTGGATAGTTCGCTCGTTTTATCGATCCATTGAGCAACGGGCAGAACTTGAAAAGAAGCTGGTCCGACACGAACTCAAGACTAGTGGCTAGGCACATTAATCTGGGTGCATTCGTGGTACTGGTTATTTGTAGTTGTTTTAGCTGAGTGGGCCACTAAGTTGTTGCTCCTGTGGTTGTGTTGAAAGGAAGTCCTCCCTATGGCGACCCTTAGGCTCTTTTCCGATCTCTTCGACCAGCCTTAGACTGATCGTTGGTATTATATTCACCGCGAACTTACCAGGCATTCACACAACAATCAAGCGACGCGGGTGCTCTGGAGCATGCTTAATGCCAATGTGGACTACGATCTAGGAATAGCCTACCGCTGAGGGAGGTAGCTCCCTACTGCAACGCCCACCTCTATAATGTGCTCTTATGCTCTTATTTTCGTAGAGTTTGCGGTAGCTCCGTACGTTTTTTTTCTATGGTACACGCCGGCTCATGTCGATCCGAAACACGCAGCAATGTCTCATGCGCATAGATACGTCTAAGTCGGTCACGACGTACCGATATCGTGGCAGTACGACGTCCCTACCACTGCGAAAATGCTTTGAAAGGGGTTTTACCAGAGATGTAGCATACACACGTACAAAGGACGGACGGCTCTACTCGATTGATCAAAGTACTAGCCACTTGCCCCTTATAGGCTAGTTTGTTGCTCACGGCTGGCGCTTTCCGATACTGGGAGTTAGTCGCTCTCACGGTGCTCGTCTTAAGAAGTGATAAATGCAACTCTAAGTTGACTACTGTACGCTCAGTACATCG,1192,51.01,Mus musculus
SEQ_220991,AAAGGTTAGTTTAATGTTGCGGGGACGATACTGATTCTACTAACATATGAGCCCACAAGGTTGCCTCCCGCCTTCAAGAGACTGTCAGCCGTTATTGCCGGGTCCTAGGCATCTATCATAACGCGTGGAAAGTCTTCCTACACGCATCTGCCGCACATCTTCAAGCAATACCTGGTAAGCATGTCCTATGAAGGATCTAGTTAGGTTCGCAAAGCAACTTAGTACGGGTCGTTATTCTTTAGTTAGCGAGTCCGAATACACGCTAGCTGTTGAATAGTGCTTGGGTAAGCATGCAAAGGGAAGGCCTAGCGCTGATTGTGTTTCTCTAAATAGATTGCAGTCAAAGGTGGAATAGTTGCAAGCTTACTTCTCTGTGCTAATTTAGCAGGATACTAGCAGTAAGCGAAACCTGACTAGACCGCACCAGCATAATCCGTCTTTACTCGGTTGTGGTCCCGATGTTAGAGGGATGACTACTCTCAGAAGGTTACGCTTTGATACGGGGCATCACCCTCAAAATGACTGGCCGCCGTATCCTGTGAGTCCCATTCCAAACGGGACTCTATAAGCCTTGCAAAAGATTTGCGATCCGCAGTGATGGAGACTCAACTCCGAGGAAATCTACGGCCGAACGGTCATCACGAATGGGGGCGAGTCGTTGTACGGCCTCATATGCAACAGTGGAATGCCGTGTGCAGTGCAGCGTATACAGCGTAGTATGCCTCAGAGCACGAACGGCTAGTGTTTGAGAACAAATGACGTGGAAGTAGTTGCGAGCATGGTTGAACCGGAGCTGGGACGAGTATAAAACATGCGTGCCGTGGAGCCCAATAGTAGGAATCGCGCTTTTCATGAGTGCCCGCAGCACCAGCCAAGAGTCTGTTCTCGCCGCGTCGACTGCTGCGCGGGTAAGTCGTATATATATATGCGCATGACGGGCTTATTAACAATCTTTCCCAATAACCGCATCACGCAGATAATACCTTTTCATATGGAGCATTCTGCGGTAAAGGTTCCTATGACGATGACTTACGCATATAAGACTGTCGTCGTTCCAGACTGAGTTATGGAGGAAATGTCATAGTTAATAGACGTGAACACGAGTTAGATTTAGTCATCCCCAGTTCCGGTGACCTATGCTACCTGGAAAAGCGGGTGTAGTGAGTAGTTTAGGACACATTCGAGGCAACGCATCTTTGTTGAAATTCAGTCTAGTACTACCCGACGTGAGATAACAAGACTTTGCCCTAAAATACGGCTACCTTTAACGTTCACTAGTCTAGCTATTAAGTTACACCGTATCGCGAGTGATGGGAAGAGATCACACGCGTCTTGTTACAGTCATACGTTCAGACGTGAGACGACAAAATATATTGGGCTACTCTAGCCTAGGGGTTGTCGGTTCCCATCGATATTCGAAGGAATTAATCATGACCAT,1438,47.43,Caenorhabditis elegans
SEQ_597509,CCTCTGCAGTCGCGTTGTCTGGCCGGTGCGTATCTAAACCAATTTGGGGCAGCCTCCGATTATGGCGGAAGTAAGATTAACTGAATACAAGGGGCCGCCTCTTTCCCAACAAGCGAGTACCCTGTCCCAGTATCAGCCCGGAAGCTCGGTCCTAGGCAGGATTAGAGCAGGTGAACCCAGTCAACCGCAAGTTCCAAGACCGGTGGACAACGATGCGATCCAGAGTACGATAAGTCCTATGTTTGCGCCGATGAAAAGCTCCTAGCTCGAGGACACTGGACTCCCTGAGTATTATATTATTAATGCGGGGTTGCAACTCGATTTGAACAATTTTGCCAAACGCATTATTAGTCTTTGTCGTCCGGCTGCAGTACATACCCAGTTACCGTGGATTTAACCCGACACGTCGGCTGACAGCTGCAGGCCCCAGCTTGACCAATGCCTGACATCGCAGCTCCCCCAGTCATCGACTTGAGTGGGGGGTCAAAGAAGGCCAAGAGGCTGTCCCCCTTTACCTGGACGGACTACAAATAATTGCGGCTCTACACGGATTGACTTGCTGAGGCCCGGAATACTTATTAATCACATGGTGTGAAGGTTTGATCCGTCACATGGAGAGCACCAACCCGCCGTAGCCCCGTGAACGCTAGGGGACATCACACAAGTTGTTCCAAAGGCAATAGCGTTTAGGGAATGTAACACCAGGGCAGGGGTCATCAACCCTCACTTAGTGCGATTTATGCACACCGTGCCGTTTTAGGCGATGAATCACCATCTGACATGAGCCACAAGAAAAAAGCTCTTACGACGGATAGATCAACGATCTCTAGAGACGACCGGGTTGGCGGCTCGATAACACGGACCGAGGGCGCTATAGTACCCAAGTGAACCGGCGGTAAAGCCGAGGTGACCTATTAGATAGTTGTCACTCTGCTCTGCTCTACTGAGACCGTCAGCTCACTCTCCACAAGTGCTGAGCGCAACGCGTATTTGGTAGTAAACGCTGTTAAGACGGAATGGAAGATACATCGCGAGCCAATTCACCACTATTAGGCAAGTTCCTGAATACCGGCACTGGAGTATCTCCTGAGTGGACGATCGGGACAACAGTATGTCGTTTTCCTGGTCAACCATGTCGCTTAAATCTATATCAGCTGCCACGCCTTGCGAATCTGCGATGACTAGGGCCAGACGATCCTTGGTGCATCCGCAGACATCCATTACACTGGCTGCCTTCTCAATGTTAGGCCTGCCTGATACCATCTAAAATCGAGGATCATTCCCTGGCGGCTATTGAAACTCATTTTGTAGCAGTACACACTTCTATCGTTATCGGGTCACTGAGACTTGAATGCACGCACGACAACAAACCTCTCGTCTTAACGTGCGCAAGTCT,1396,51.15,Mus musculus
SEQ_446742,ACTACAGCTTCAAGGGAGGTGAAGCCTCGAGACGCCTCAATCTCCATAGTGTCAAGTCGATAAGAGACCGGTTAGTATGTCCGCTCTGTTGACTCCGTCCGTTTGCGCGCCTCTTGTCCACAACGGTAGCAAGGCGGTGTGTTGATTATGGTCCCCTCAACTGACATTTGGAACCAGACACCTTTCTCCTGAGGTGATAGGGAGCATAAGTAAACTACATTTGTCTCAATCGTAGCCCCCAAATATATAGTGACAGCACGACAGTAGTTCTACAGTTTATTCAAATCTCACGCGTCGGGTAACCCATTACTGTTTATACGTTATTCAGACAATTGCACGTGTTGGTCACCGCTAACACAAAGCCGTTTAATGCCATTGACACGGCAAATCGCGAGTTTCATCCGTGGAGTCGGATAAGTACGATTGGATAATTGGTGCTGGGACCCTTTACGGTCAGAGGTGCTTAAACTTAAGGAGTTTTCTGATTGCATTGAATTAAGACGATACTCAGATCCCCACTATGCCAAAGGCTCTGCCACCACGATGGAGCACTGTTCGCCGCTTCATTTCTGGGCTCGCGCCGATAATCTAGCCCGTTCGCCAGGAGAGCTGTATAGCTTTTTCTGTCAGCCAAGGTTTTTGGGCCGCGGGAGTGACACCTCGCCATGTGACTAAATCAACTACCATCCGCACCTGGGTGACTGGTAAGATCGATAGGAGCGATATTGAGGCGATCAACCGGGCCACTGATTCTAGAAACGTGTTAATCACTTTCTGAAGTCATCGATGGGCAGTACCAGTATGAATAATTGCCGGAACATTGGGACACTTGCCGAGCGTCGCCGGAGACAGGGCGAGTGATTATATTCTTTATGTTGGAATAAATAGCGCGTAGCTGCGCACTGCGGGCCCGCGTGGCCAGAGTTTGACTCGGATTGTTGGATAGCAGAACGTATACTAAATCGACTCAAAACCCAAACCATAACCCAGTCCCGCAGATTGGCCATGGTCATCCTTTTCTTGCCGAATAAGCAAGAAATTTTGCACATCGTGAGTGATACCCTTGAAAAGGTGGGGCCTGTCAATGTACCATGGAGCACTTCTACGCAATAATAATACGACGTTATACCGGCAATACGAGGTTCTCAGTTGCATTTCACCTAATTGGCCTATGAGAAGAAGATTACAGGAATGTAGGTCCGGACTCCCGACTGAGCCCTCCGAGGGTGATGCTAGTGTAACGATCTCCGCCGTGCTGGTGCCCAGCCAGCGTCTTTGCGTCATGTGAGGAGACTCGCCTGTCGGGTGACGCCTAAAAGTTGTGCTTTACCCAGACGGGTTCCGGGCGCACACTGATTCTGCCATGAGAGCTAGCTTGCGCCAAGGGCGAGAACACCCCATTCATGTACGTGCAAGAGCTCCTACCTAAAGTAATGCACAAACGTCATAGCGAACCCGTAGGAATAGCTAGTACTCCTTTGTATAAAGGCTAAACAAGAAAGTTTTGTAGTGCACAGCAGCGAGCACAGCCTACATAGCATCAGCTAAGTTTTGACTAGGGACTTGAGGTCAACCTTGCTCCCTACGGAAGAGAGACTAATATCAGACTATCAGGACCCAGAGCTGAATAAGCTCATCAGGTTGAGCCCTCAGGATGCGAGACGCGATAGCCCGGCGTATTGGGTTCCGCTTAATCCTCCGACGTATAACCGATTAGGCGACGAGTTACCAACCATGTCTTAATGGAGATAATTGAACTGTCGAAATAACATCCTGGTACGGGCTTACCATAGAAATAAGGGCGGCATAATGTTGGCAGTCACCCCATGCCTATTTCACTCTCCGTCGAATACGACCCGTGTTTCTACCAATGAAAGCGGCTCATAGACGCATTAAACCCGCCCGGCTCTAGTGGGTCCCAAAATGTATGCCAAATTCGT,1940,49.23,Homo sapiens
SEQ_666183,AGTATGGGTTTAGATTACTGCAACACGGTCTTAGTTGCATCGCCTGGGACCAGATCTGGTACTCCGTCATAAAAAACCTATCATTGCACAAGTAGATCAATCCGAACACGCTCGTGAAGATGTATGGTCCTCTCGCTGTATAGCGGTAAGGGAGCCACCCGATCTAAAAGGCCGCGCCAGCTGCGTCATATATGTAGGAACTCTACTCAGTTTGCAGAGGAGCCCACTAACTCTAGATGACACACCAGTCAAGGTCCGAATCTCTGTACTTGGGCTCGTCCCCCCGGCTGAACCATACGTCGTACTCAATTGAAACGCTTGCCGAACGCAAAAATTTGGGACATAACACTACCGGGCGTTCGTGCATTGGACCTCGGAAGAGGTGCTGGCTTCAGGCCGGGACCATAGGGCGGCAAGAATATTGGATGTTCTTGGTGGTTTTACTCCATTAACAAGCCATCGAAATGCGAGCGGATATTGTTACATCGAGTAGTACTGTCGTACGGCGAAGAGTGTGTATGTCCAAATCCTGACTACGGCTCTATCCGGCGCTAGGTTGAACTCAACAACACGAGGCAGCTGCCTATAGAACTCTGTTCTACTCAGTAGCCTCTGGGTTAAGACTTGCAGCCTCCCGGTGTATTTAAGGTTGCTATATCATAAAACGTGGGCAAAGCTCGATGAAGAGTGTTTACTCCACCAGGTTACGTACTCTGCGATTCGAACGTGCACACGACATGTTATCTACACAGCATCCGCGTGTTATTCTGTAACAAGACTCCAGAAGCTAAAGGACTTATATGGTAGGTAATATTAAAACAAGTGCTGGACTTACCAAGCAAGGGAGGTCTTGAGTAGCTCAATAATGGCTCCGATCATATTGGCGTGCCGGTATTTACCGTCTGACGTTAGCTACCTAAAGGCCTCTCGATGGCCGCCCCTATAGTGAGTGCCATGCCGTGAGTTTTTCAGCTATGATGGGGTTTCGACGGACAACAGCCACCTTCGACAGCCCCCGACTGTCCATGGAAGTGCAACACTATCTCGTTCCATGAGCAGGTATTAAAGCCATGGAGTTCTACTTCAGACGTAAGCTGGCCCCTGTGTTTTTACCGGAATGAGCGAATATAACACCTGAGCACTACAACGAATATACATCCCCCTGTTAAAACAGCACAACCTCGGACTTCATACCACCCAGGTCGAGGACGGGGCCGCTCAAGCTGGAATACGACACGGCTCTTGGGGTTTCGTACTGGCCTAAATACTAGGTCTATCGAGTTATCAGGCCTTGGACGCCCCGACCAGTAATTAAGATAAACACACATCTCGGCACTAGAACGGAATACGTCCTTATTCAAGGATAGAGAATTGTCACATGTGCACATACGCAACTCTTGCATGGTCTTTTGTCGTCGGCGCGCGATC,1428,49.16,Arabidopsis thaliana
SEQ_802264,CAGGTTCAGCAACGCAGGCGGTTCGCCGTGGTCCAAAGGCGAAACGAGTGGAGCGCGCTGCTTTTCGAGTGTACATACACCCGTAGGATAGGCGTTTCCCACACACAGTTTCATTGAGAAGTCGCTTTTACCGTA,135,54.07,Caenorhabditis elegans
SEQ_562381,GGACGGTATGATGATCGACTTCCACATGCACAGAAACATGCCGACGACCCGATCTTGGATGACTGCAGCATGTTCCCTTGCTCGATCTTTAACGGAGCGCCGAAGAGGTTCAGGTCCTTAGACTTTAGAGGATCAAGCAAAATCCCTTGTTGGCGTAGATAGGTTGTGGGATGCCGCCTGGTTCTGTCTGCGGGCAGACCGAGTTTGTCTCCTTGAACCGTTCCACCGGAAGCGGACACCTCCAGAATAGTTCCATATCTAAACATATCGATAGCCACTCTGTGTCCATTTAGGGGGTTTAGGTGCCCCGGCAAGCCCATCACTGAAAGCTAATCCATTATTGCAGTGACATAGCAATTTGTTAGTTGAAACGTTAGATGCCTCCCCCTAGGTTACTATGAATTAGTGCTCTGTCTTGGAGGGAGCAGAGTAGGTCGAGTCTACGCGCGCGTCCGGACAGGACGCCGAAGTTCCTACACAAGACTTTTATAACGTCTACATACCCATAGTTGTGGGTAAAAGTTCTGCGAGTGACGGGTTCTTTCAGCAGGCTTAGGACTGCGTTCAAGAACTTCAGCTTACGAAGGTAGGTGCAGAAGTCGGTGGAAGAGACAACCGGGGTGCTTCAGTGTTAGAACGCGGATCTGGCGTTGAGGCCTGGGTCGCGCGCTTTACCGGAGAATGTTTCGATCAGTGATCCGTCTCTCTTGGCGCAATATGGTCACTCCTTGCCAGTATCAGAACGTATATGCTGACGGCAATGGCCCCGCGCTAGCCCGAACACCATTCGACGGTAAGAGATAGGAGCTGGATCCCAACTTCCTTACCTAACGCCGGCTATCTGCACCTTCCTCACCACCCGTTCAGCCCTTAGCGGTTCACAAGGCGCTCCAAGCTGCGGACACTTCTATTACGCCAAGGTTTTCCCCCATAGCGAGGCCGCGTATCGTGGGGAGTGCCCAGTAGTTCTGGCAATGCCTACGTTCTGGGCGCAGGGTTAGTGTGGGGTATTCGTTCGTATATTTCCTCTGTATACGGGGACGTACTTTCCAAAACCTACTCTATAGACGAGTAGTGAGCCTCTTGAGCCGCCACCTAGTGTATAAACGAGGGATCCATTTAGTAAGTAGTGCCTAGACAATGGTAGCGACTGGCGTTGACGCCCCTAGACTAAGTCTCTAAAGGCTATTGACTTCAATGCGTTGATAGAGTTCCACCGACAAGCTCAGTCTCCCCACTTATCCCTAACACGCGAAGAGGTCCCAGGGCGACAGTGAGGCTCACCTCGCAATCCTTTTAGAGAGTCCGGCTCTTAGCCCCGAGCGTGGACACCGCGGTGTAAAGGCCATGCATCTAGGAATAATTGTGACGGTGGGTCTCGTTGCCGTGCCCCTACAGGGAGATTACACATACCTGATGATCGAAGGATTGCAGCAGCTTATTTTATCTATATGATGATTGACTGGATAGTTGCATGTAGGCGCGGTGACCCCGCAGCAGCCTCGGCGCACGGACCGCTGTTTCGAGTCGAGGAAATTTATGGCAGGCCCGGCTCCGGTATCGTTAAATTACCACGCAGGCAAGCTGGATCCCCGATCGCTCACAGGGTACCTCAGTGCGACATGGACTCCTCTGCCTCGTCAGTCAGCTGGACTGGATAACGACACGGGCATCGATCCGGTATAATGTAGCCGATCCCACGACTCAAGTAGTTTACGCGCCCATAAGTTTGCCGAAAAGATGTTAGGTTACCTGAAAAGTGGCCGGATACGATGGAGAGATTCCGACACTACCGTGCACGTTAGTTGCGAATCAGTTGACGGTACGGGGCGAAAGTTTCACATC,1845,52.41,Homo sapiens
SEQ_518055,CCGGCCGGCAAATCACGTGGACTTGCAGCACCGCCTGACAAGAGGGACGATGGGTCCACGTTGCCGCTAGTGGCCTGCCGCTCTCTGGTTGGGCGGTGAAGGGTAACCTAGTCGCGCGGTCTCGCACCGCCGATGTTACCGTTTGCGGGGTTACCGCTAGGATGTTACCGGATAAACTGATAACTTGCTGAGAAAGCGCGCAGCTCCCTGACATCGCACGCCTAAACAGCATGATATCCCAATCCTCCATGTTCAATTCAATTCCACGGTACCCTTCTAGTGCATACGGCCTGAGTCGTTCTGGAACATCCTCCTGTCTGACCCTTTGACCCTCCAGGCCTCGTCTCTGAAACCGACATCATTTCAGTCTCTTCAAAGTGGGCGAGGTATCTTAACTGTCTCTCCGACCGATGCTTTACGTAGAACGCTTGCATGCGCTAGGGGTGAAATGTTCAAGACCAGTACGGTGTCGGGTCCACGGGACGGCTCATGAGTTTGCTCATTATATCGCCTTTACGCCGACGTCCAAAAGTTCTTCCCAGTCCCGAGTCTCTGGCCGGATTAGCCCTTGTAAAATGTTCTGACAGAGCGGTCATAGGCGCCCGCCACCGAGGGTACACCCTCGGACCGCGAGTACCGCCCTCCCTGTATCAGCTATACAAGCGTGCTCTGCCGTGCTCACCTGCGCCGAATTGCTCATGAAGAGAGTCCTGACTTCTATGGCGGCACCTCGTGTACACACTAGGAGACGATACGTTCTAAGCTTCTAGCCCAGTCTGCCACCATAATGACAC,794,55.42,Mus musculus
SEQ_931581,CCTCTAGAAGCGACACTGACCGGTCATCAAAGTAGTGTCCTCACGTGCCGTTCTTAAAACGTACCTGGTGATAAAAATCAAACCTTTAAGGATGACAGTATAAGCGAAGTGACGCATGTTTTATCATTCGTAACCGAGTTTAATGGGCTGATTCTCAAAACCACGCGAGAGAGAGTGAGGTTTTGTCGCGCTAGCCTCGTAACCTTTCGTAGGGGTTGTTAGTCAGTGCTTCGGAATACTACCAACACTTAAACAACCTCGTCATTATATCTCCATTTACAGAAAGGGGCCCCTGTGCTCCAGCGCGCCACCGGGGGAACACTGAGACTAGAACGCATTTGTTTCTAGTCGGGCGTAGGCTTACTTGCGAGGGACGAAAGTTCATTTTATCGTGTAGCATTCTGGTTATCGCGATGAGCTCGATCTTATGCTCGTAATAAAAGTATTAATGGGTAGGAACACTAGTTTGTGGGTGGACCCACTTATATGCGGTTATTCCATCCGTTTGATTCTTGTGTACAGGCGCGATCGCCATTGGCGTCTGCAGGGAAAGTTTGAACTCCTAGATTACCATCGGGGTTAAAGTCACTGGCCACACTGGTTAAACCGGTTGTGTCGCCGTCCCGCACCTGGTTCTCTGATCCCCGGCGGTTCCCTAGTAACACATAGAGACAGCTTGCACGTATCCCAACTAATTTGGTACCGAGTCCGCACCAACGGTGAGACTACTGTGACCGGCCCTTCCTGTGAGGTCGCGGGACGCATCAGCACAAGGAGTAGGTAATGGTCGTAGTTGTAGATTCGGACGAATATCATCCCGCACTAGGTCATCTGCAGCAAGCTGATCGAGTGGTAGGCACGACACCAGGACGCGATTCAGGTAGAGGCTATCTCGTCTAGTGAGAATGGCTGGCTCATGTTGTTAGAAACTTATAACTGTAGCCCGGCCGGGGTTCACACGAAGTGACATCTTGCGAGGGGACAGATCCCGGGGCGGACACTGACGTGGATAAAGCCAGTGTGATCGACTAGGTGGAAGGGGGCCAAAATGCCAGAACAAGACTAGGCCGTTCGCCATACGCA,1083,50.42,Saccharomyces cerevisiae
SEQ_612453,CTTGAAGACAGGAGTGTCCGCGTCTTCGTTCCATGGCCTTCTAAGGGCGTGACCCAAAGTGCTCTTGCCATTGTATTCATGTAACTCAACGCGGCACGGGAACCACGGTTGAACATGTAGAGGGCAAACTATCTTTAAGCCACCTCAGAATTCGAGATAGAATAATACTCATCGGCGGTCTTATATCTTAGGGTCTAATTAACGGCGAGCTATCCTCGCGTAATTACAATGAGCTCGTAACGTCCTCTGCTGCGGGCACGTCGCTTACTCAAACTGTATTACACAGCTCATGGGCCTGTATTATTGTCATTTACCCTGAAATCGTGCTTGATAGAAGGGTTTTTCACTATTGGAAGTGCCGGGAGGTTTCGACGTCCTATGAAGTGCAGTGAAGCCTGAGGCGCGTACCACGTGGCTCCATGTGGGGGGTGCAGTTCGTCTTACTGGATAAACCCGCCCTTAGATACTTGCAGTCGCCCGGCTAAGCGCAACACAGTAACCACGTTGTGAGCTCTTCAGACTCGAGGCGACTCAAAACCGTTTCTAACAAGAGAACTCTGACTACCGTAGGGACAAATTGGATTCACAATGTTGTACCAACAAGCGGGGTCTTGTCCCACCCACTTGAAGCTGCTCTAAGTATGTTGATGACTACTCTACCGGGTACGTTTTGGGAGGTGAACCGTGCCTCAGTGGTGGCACCGCCCCCTTTATGCGAATTCGAAGCTTTGAGATAGTCGTCTAAGTAGTGATACCCACGTACCGCGAAAACGGTGGAGCCCTTGAATGAATATAAAGGACATAGCGAGAGAAGCTATCCGTGATTGGTAGAGTAGTGATGCAGCTGACGTCCTTGCCAACGCTTCCCTGCACTCACAGCGCTACTTTTCCATAATACGCCGCCCTAGCTGATTTACAACTGTCGAATAGGGGCTAAACCAAGCGTTCGTCACATTCGGCCTAACAGTTTAAGAAGACAAGGCGCGAATATATCAGCTAGAGAGGTATAATGGAGGTGTTCTAACATGCGTGGCGTTCTAATTGGCTCCATGCGTAGTGTTTAGGACCTCCACTAATATGGACGCCTGATATACCCATCGCCTGGACTCAGTTCCCCGCATGGGCGCCGCGTTCCGGCAATGCTATAGCTCATGAGCGTAGCAATGGCGACAACGACGCGCACGCCATTCTCGTGTGTAGGGGTGTATCGTGTCCAGTTTCTAATGCCTTACTAAGGCACATCCTTC,1247,50.04,Caenorhabditis elegans
SEQ_841682,GAGATGAGGGAACCAACCAGGATGACTAGCGAATAGGTTGACAGGCCTTTCATCTTTGCGGGGGCGGGTCCGATGGTGAGGCTACTTAAATCGCGCGCATGGAGGAACTGATATCGTGACGAAACCACCAAGAGGGCGCTATATTCGTAAGAGCAAGACTTCTTCTCCCCAGAAGGCTAGCTGCGTTTCGCAGGCAAACACTCCCAAGTCAGGAGTAAACCGCTATGGTGAAATACCCATACACCTCACCCGACACATAGCAAACACAAGCTTCGGAGGCACCTTAGTACACGCTACCCAGGCTTCTCGGCTGTCCTTACTGATGACACCTATTCGACGGGGCTTTTTCTTGCATAGCTCGCCCGATGCTGCAGAAGACGGAGCTGTTAAGCGACTATAACGGACATATCCCAATGATGAGCACGTACCAGTTTTAATCCCCCATCGCGGTTTTTTGGTGTTTATCTATATACTTTTACATTAAGTAAGGTGCCGTCTCGAGCATTTCTAATCTGCTGGTGTCGGCAGACAGATCGTGCCTACCCAAATGATAAGCACTCTGGTTTCCGAGTGACCGCGACCTCCCTCCCGGGGAATCAGAGGACTAAATCTCAGCCACATCTTCTGATTTTTCTAATACTCGAAGCGTTACACTAAACCTACGTCGACTATATACGTTAGAGATTCCCTAAAGTCATGCAGGAACTGAGGCAATGGTTCGCTTCCCTTGTTCATCAATTAAACGAAGCTCTAACCATAGCTTAGTGGTTGGCTATAGGCTGTCCACGTATTGATCAGCCTTCGTTGTAGGTTTATCGGAAAGATTTGGTCATGCGATGCCGATACCATGCCGCGTGCCAATTTCACGAAGTCCTGCTGCGGCCTTTTCCTCGCGATTGAGGGCATCAGGCAATCTCTGGCATCTCCTGAATCCAACTAGAACCAGACGGACGCCACCGAAATTATCAAAGTGTGACGATAAAATCGATGGCGACTTGTT,1000,49.0,Saccharomyces cerevisiae
SEQ_127473,TGTATGGTTAAAATTGTAACGCTGTCCGGGCGCGTGGGGGGGGTTGAGCGCAGCGACATTCTTTGGTAATCCTCATAACCCTACCATGGTGCACGAATGAAATCTCGACATACGGTCTTCACTTCAAACCTGACAACATATCGGACGGGGGCAGTGATCTTCGATCTTTTTTGAGGGCACGCGGCGAACACTTGCACTTACCGTAGTTAGGAACTCACCTTGTTTGAAGACCAACAGCGCTGGGTGATAAACATCAGCATCTTTGACTGAATCACACGCTGTTGTATGTCTTACTGATCAGCGTCACTAACACTCTTTCGATATAGTGTGGACAGTTCCCTCCTAAGGCCGAATTTTCTCAGTTACCCGGTACCACGGCAACTTTGAACTGTATTCCATAACTTATGGCTCGTCTGGACAGCTAGCAGTATGCTACTTACACTGTACGAGCTTATCGGAACCAGGAGTCTGGATTTGCGGGTCGTTCGGATGTTCCGTATAAACGAGGATAGTGGACACAGCCACGCTAGAGGCCACTATGAGACCTTTAAGAGTAGGGTACCATTTACGTTTCAACACCCTGATGACTTACGGGCATACTGATATCCAGCTCTCCCCCCCTATTAGACGATACAGGAGAAAACAAGGCCGTGAAATTTCATGCGGCTCCTAAAAGTATTACAGAGGGATGTATTACGTGAACATCGCAGTCCCCTAAAATCTGATAATTCAGCGGACCCAAAAGGTGTTGTTTGTTACAAGGCACAAGGCTTACAAGGTTCGAGGGTGTATTGCGCCTTGTGGTAACGGTAGAACGTGGAGACAGGCGGGAGGCTGAGGGCGGACTTCTAGTTGGTCTCTGGTACGGCCGCGGTTCCATCTGTGGTAGGACGAATGACTACCCTTAACCGAATGTATCGAATAAGAGTGTATTATAGGTAAGGAGGACCAATTAAGAACAATCAGATATTAAATGCACTTAGTTCGTTAGCAGTCATCCGGATTATCTAGCATTAGGGTCCGTGGACGGAGTCCCCATAGTAGATGCAATGCTGTATTGCATGCAATTGATCGAGGGCCGATCTAAGTAGTCCAGCTCCAGGTGTCAGAGAGGTGGTCTCTCCGATTCAGAGACACATACATCCAACAGCGCTGCCTGTTTGGCGACATAAGGCATTAAGTATCTACGGAGCCCACTGGCCACCCGCGTCGACCATATTTAACAATATGGAAGACGGTGCATCATCACAACAGTCACCGCCAATCCGTTCCAACAGGGGAGTAACGGCCTGGGTTGCCCACCCCTACCGCTTTTCGCTGGCCGACGGTATCAGTTGTACATAGAAAAATTAAAACAACACATTGGGAAAGCAGCCATCCGTCAAATCGTGAAAGTGATCACAATTTGAGTGGTCTATGGCCCGCTCGTCTTCAATGGGCGCTGTC,1446,48.55,Saccharomyces cerevisiae
SEQ_372834,TAGAAGAGTTTTGGTACGCAACATGGTCATCATATCGTTCACACTGTATATATCTCCGAGAAGTCGCTCCAAGAGGAGATGCGAAATGTTACTCATGAGGGAGCTTGGTACGTCGGGCGACGGGCCCCCTCCGCGTGGTACCTCCGACTTAACTGGGTGGAGGGCAACTTGGCTGGATTCAGTTCGGAAAAGCGTGCCTAGCGAGATATTCCTGCAACACTAGGCAAACAACCAGTTTTTAGAGTGTATGTATCTTTTTGGTTAGAGATCCTATGAAGGATAATCTCGACCCCTCTGTCAGGGGACTAACGGTCGGGCACAGTGAAATGGTGAGAACCTATTAATCAGTGCAGCAATGATTGAGTGCCGGATTGGACAACAAAAGCATCCATGAATAATGGCACCATCCTTCCGGGTCACGGTACCATTACCTCAATTCACATTAGGAAACCGTTCTGCCGTTCCTAGTAAATCGTTAGGCGGTTCGCCCTCCACCAATTCGACTCGCCGCGTATAGCGAATCGGATGTACTAGCCCTATGAAAAATCGTGAGAGTTCGGGTCGCAACGTAAGATCTATTGAGGGCCAGTACGTTTCTATGTTCGGTTCAAACTGTCCAATGTACTCCAACCGGGGAGATGCGGTATCCCTGTAGGTTTCGTCGTTAGAAACATTGCTCCCCTATTGGGGAAAAGAGTCTACACGTACGTCAACCCAAACACAACCGCCCGAGCAGACGTACACGACCGCCCGCTGATAGTTCGTGTGCCCTTTGCTCTCTTCCCAGCCCTGCTATCGGTATGTTATGGTCCTTTCACAGTAACTCGCGGTACGGGTGGTAAAGCAACGAGTAACGCCTTCATGTCTTATGATACTGAGAATAGAGGGAGACACTAACTCCATGGCCCGTAGGGATTTAGAAAGCAGGTTAACACAGCGACTACAATTCCGGGCAAGGTATCGCGTAGCATCTCGAGTTATAACAGCTGGGCTCGGCACTAGGACTTGGCTCCATATCGCCACTCGCGCAGTACCCTCGGATATATCACCAAGTTGTGACACAGTACCAGCAGAGAAGGTCGCGGCAGAGACCTGGATCGCTCACTACTCCTCGACGCGCAACCACCCCGCATTCGGGTGACTTGAAGATGATCTTCCTAAGCGTGAACCCTTCGAATGCAATGAGAATTCCAGCACGATATTATTAGTAGGACGTACATCGCGCTTGGTGACAGAGCCATAATGTCGGTCCATGCTTTATCGGAGCGGTATTTATACCACTCCATGGGGACATCGGGAGCGCCCACGTAAGCGTTGAGACCCGCCGCGAGCTTATCACTGTTTGTGCCACTGGCACCTAAGCGCATTCTGTCTAGACGCGCCGTGGTCACGCTCGACCCAGGTGGCAAAGCAAGCTTTGCCCTGTAAACGTCCCATGTGAGGAAATTCCAGGCAGGTGCAAGATTTACCGAGGGGCACGGCGCATCTTCCCAATAAATTTCGTATGTAGAGCAGTGAGGGCAGTTAGTAGCCAAGGGTAAGGAATACGAAGGAGGCAATTCAGTCGCCAGTTGTACTCAACTTTGTACCTTTCCTTAGACATCTAACCTTAAGGGTCGGTCACGTGACCTGTAACTACCATTTGCCACTGTGTCACCATTTAACCCACCTCCTGCGATTAAGCCTGTGGTTGGAGGGAGATTGATCTGCACCTGTACTGATGTTAGGAACAATTATGTGTCTGTTTTGAGCCAGAAATGAAGAGGTTGCTTTCGTTGCTCCATTCAACGGATCCATTACTGGGTTGCAGAGAGGCAATATTCAGCGAGCGTTATGGTAACTCGCGCGACGACACCACGGCATCC,1865,50.51,Escherichia coli
SEQ_961636,CTCATCTTGCCATAGAGCCGCCCCCCGGAAGGGTGCGTTTGACTTACAGCTACCAATCTTCATGAGCAAGGAAAAGTTTGCGATAAGCCAGGACACCTTTGTTCTATCTCGGCTACCTCAGTATGCTCTTTTATATATACGTAAGTGATAACGTGATCCAGAAGACCGGTCTCCTCCCTTACGCGTGAATTGTACACAGGGGCTCGGGGTAAGCAGGTCTGATGAACAGCGACCGGGAATTGCGCTGTGGCGCTAATAGTCGAGTCACATATCGCTTGTCGTTCGTCAAACGAACCTCATACATGGACGCTTTATACATTATTAGGCGGGGCGCCAAATTCATGATAAACACGCAGTGAGTTGAGAAAGTCCGAGACCAAGTGGGGAAGATATCATACTAACTACCAAAGTCCTGTCGCAACATCGTGCGACTGTTTACGGTGTTATCCTATTTTAGATGAACAGGAGATCAGTAAGCTCTGTGGTGGTAGCTACTCCATGGCTCTTGAGCGGCTAGGCACAGCGTTAGAACGGTATAGGCAACATTTCACGTCTAAATTGCGCCAATTAGGGGGAGAAACAGCCATGCGAGGGGGAGACGGGTCATTGATGACTGAGCTACGTCCCG,628,49.2,Caenorhabditis elegans
SEQ_670089,ATTTTGACGTGACCGGCGCAGTACGAATTTATTGCCCGCGCCTTTAACCTCGCCTTGACACACGTTATCAATATACTTAGTGGCGGGTGTTTTCTAGCAGACCCCCGCAGGTCCGCCACAGGCTTCGCACAGACACGGTTCCGGCGGATTACGACTGAAACGGCGTTCACGATACCAGGGCTACCAGCAAGTGCGCCGTAACAGGAGGTGAACTTAACGTCCAGAGCGGCCATAGCGCTCGAAAAGGTTTAACGCCCGATATCCTACGGTTTATCCAGTAAAACATGGCTTCCCGTGCCTATCATCTCGAGTGCGTCTAGATGGAAGGATCTGTGAATTGGAAGAAAGCCGGTA,354,52.82,Homo sapiens
SEQ_861512,CGCACGGGATTCGCGTAGCAAAAACCGATTAGGAGGCCTGTGCTCGCGGGCTCGGGTAACGCCGAGCTCGGTAAGTGTGGATTAGAAGGCAGACCACGGCACATATGCTCTTTTATCACTGGTCTCAGTCACGACCTCGTATGGCCGCGCAAAAGCCTCGTTATAGGCGAAGAGTGACAAAATTCCGGTGACTATACCAAATCCGAACGTTTCAGTAAACAAACAGTTCATCTTGCGTTTCCGCTCTGTCTACCACGGGTATGCAATGGTACCCTAGGGAAGATATTACCCCACACGGTAACCTTTAGGTAAGAGTACCATGTGAA,326,50.61,Saccharomyces cerevisiae
SEQ_109403,ATCCTGTCTAAGGCTTACAGCTATGTGTCATGTGCTCCAAACGGCAGCTCCACATTTTTACGTATGACCGTTTGCTATCGAATAAGGTCGGACCTTCGCAGCGTGCTGTCGGGGTAGACATGCAGATGTAAGTCAAACGCTACCACAACGCAAACGTTGGCCCGCTCGGTCCTTAGACTACCCCACCTAAGCAGTTATTACGGCCCTGCCATCGTGACAATAAAATCAATCAGATACTAAAAACCGCTACGCTCTCTGAAGTTTCTTGTTACAATCGTGAACTCTAGACGAGAATGGCCTCTTAGTTAATCACGGTCTACTACAAGTGGTCATGTGAGAAGATATAGTCAACGTGTACAGTGCTGACGTCCGTGTATATCTCGCACCACTGAAAAATTCTTGGAAAGATATAAGACACTCCGAGTGGGTACGTGAGTCCGCTAGCTTTGAGTGGGAGAGGGTTATGCAGCGACTACATACTACCCACCAAGAAGCATAGTACGCACTGCCGCGCCGGGGCGATGTCGGTAGCAAGCCACAGCACACAGCCGTGTAATCACTCAGGATATTATTAAGTTTTGGCCGCACAATCGCACGCTCTCAAGATCCTTGGTCCCACCCTGCCGTCATGAACGTCGGCCAGAGTTCGACTACGGCTGAACGACTACAATCCTACACTACTGTTGCAGACCGTCCTGTATAGTCTACTCCAACCCCTCCCGCCACTGCTTTTCTATTTGTACGATATTGCGTCTTGGGTCCTTTTCAAGAGAGGCTCGTGCCTAGTCCGTAGCTGTTTGGTTTAGAAAGATGACGTGGACACCCTTTACTATTCCGACTTCCAGCTCTAGGTGCTGAGCCTTGTAATCATGCTCGAACATAAACCGGCGGTATTACGGAACACTAATATGCCCATCATTCCCTGCTATGGGATATTTAATCCCAACCTGCGGTGTGTAGTCTACCAAAATAGGCCCGTTATAGGGTAACTTTCTACCTTTATTTGGAGCTAGACCCCTGTGGTATAGAATCTAGGCCTGATTTAATCTACAATCGATCTGTGTCGACCGTGGTCAGCCGACTCTATATCTACTTTTCTGATTAGTAAACCATATAAGTGATCTATACGCATATCAGACAACTTATGTACTAGTAAAAGGCTACAGACAACTCGAATTCGCTGACTCTGTGCTCCGGCGGTTTCGAATAATAGATCTCTTTAGATACAATGGAGATCTAGAGGTTGGAGCTTAGAGACGGTTTGATATACACTGTGGCCGCCCGCAGTCGTAGGGTCTACGAGACATGTACTCAGTGAAGAAAATCTTGCCCGTCGTTGGCCTTTAGATCTCCCTATGCACGAAACATCGCGGTTTCGCTGACTACCAGACTCGTTGCGTAGGACAAACCCAACACAACAGGGAATAAAATTGCTTACGGTGGGTCGTTGGTTCCCCCAACAAGAAGGGGCCGTCGTTCGTCCTAAGGTCCAAGAGAACCCCCGACCAAGGGCCTTG,1517,48.12,Homo sapiens
SEQ_295162,CAAAGTGTATCTCATAAAGCTCCCGGCAAGATGGCCAGTTCCATTACTGAGACGTTCCGAGTCTTCGAAGAGTGCAATCGAACTCCCTTAATCTAGGACTGTTTTCGGAACTATCAAGGTCAGTTCAGCATAGGACTGTATGGTCGCAGGGATGTATTAAAACTTCAGTAATTGTGAACTACATTCTCGTGTGCATCAAAACGGCGATGGGCCCGGTCGGTTCGATCCCGGGCCTGCACTATCCCACCCCGAGATGTGAAACACGCGGGGGTTCAGCACTCCGTGAATCGTGCCTAGCAATTTAGGCTATATGGTAGAAATGGACAAGGCCATAACTGTGCAAGCAACGCACACTTGCAAACACACGTCACAGAACCAGAGTCCTACTGGTACCTCTGTGATAAGCTTACTACCCGGCGAGGGCGGTCGGACCAGAGACAGCCTGAGCTAATGGTGGCCCACACCGAACCTATAACTCCACCTCCCGCTCAATGAGCGGGACATTCAAGTTGCATGAATCCGCGGCTTCGGACATATGAACCTTCCCTGCCAAAAAGCTATTTGCACGTACCGTTGCAATACATTTTGCGTGGAGCAAAATATTTATGTGGGCCCCTGAGACAGTTGAAGTTCCGGCTCGGGTTGAGGCTATTCTTCGTACGTGGTTCCAGAAGGAAACTATGTGCTTCCGCCGAACGGTACTCATGTAATCAGGAACACAGAGGGGAGATGAGGATTATGAATGATTGTATCCGTCAGGTGCCGCAAACATCCCCGCGGGCCAAACGATGAATTGCTTCTCATAGTGCACGGGATCAATCCGGCTTAAGTCCCTGTAAATTATCGCGCTCTTGAGAGTCCGACCCGTGATTTCATATTTTTTAAGGTCACCAAAAGATAAATAATAGGACGACAGAGCCAGGGGTTTTCAACTGGTTGCCGAAGAAGAACAGTCGAACGGTCTTAGCTAGGTGTAGGAGTGTTTGAATCTTTAACTTCGGCTCCGTGGATTCCCGGTTAACGCTAACTAGTATAGTTTTACGTCCTTAGGTATGAAGCCGAGGTCAATTTAGGTTATTAGTTACCAGTCGAGTGGCGTCGATGTGTCAAAATGCCGTCTAACGTCGAACCCTGTTGAACTCTACGAATCAAAATCACAGGGGGGAAATGAAACCCTCAGCCTCCTAGCCTGGATCCAACTGGGTTAGTAGCCGCATCCCACCTTGTGGCCCCATACCCTTCGGAGGTCTCAACCTGTAAGCTTTGTTTCATACGTTGGGCCTTGATCCAAGACTACAGAAACTTCTGGACATAATTGTGATATACATATCGCACACGATAATTAACACGGAGGCCTCCCTGCCATTAGCAGACCGGCGCGAGCCCATTTAGCTAAACCATCCATTCCTCTCTGGACCGCAAGGGGGGAACCCGCCTCAGATGGTCACATTCCGTCTTTAGTAGGACTCAGAACACTGGTACCGTAAGACCGCGGTGAACCACAGACAAGCTGAGACTGTTTCGGGCTTAAGATGGGTGTTTGATGCCCTGACAACCTACTCGCATCCTCCCGCTACTAGGATAAGTATACACTGCTATAGCGAAGGCACCATCTAGTTGAGCGTACGTGTCATGTCTCCAGGAGTTGGCCCGGACAGGGCAAAGGGATGCGGCCGCATGATGTGTGGCAAGGGATCCTCTGACCGCCTA,1710,50.06,Caenorhabditis elegans
SEQ_521917,GGGTTTAGTCGCGATTCGCACGTCCCCACTCCAGGTAACTCGTATCACCTTTAAAAACGCAATCCACTTGCCTCTGCCATTACTGCGTTGCTAATGCGCCAATTTAGACAGTTATCAGTGCCCGAACACAGTTAAAAAAGACCCTTACTGCCGTTTAGCCAATTAATCTAAAGGGGAACTCAGGAAAATGCAATTTCACGGCGCTCAGATTACGTAATCCGACCAACCCCGGGCTGGTCCCCCTATAGGAAACTTGTCCGGCACCCCTAGAGAGGAGCGTGTGACCCCGGGCAACCCAGAGAGGATCATAGTCCTAGATCGGCTATGAGAGAACGATTGGTCCCGCCCGGCGGCTTCTAGCACGTCTGGGATCAAGGTTCCACGCTCACCTCTAATTGTGCTAAAAGGCATACTCCTTGGACTTTGTCCCGTGTAGAACGATGAGGAATACTGACCCTTGACGTTGACTAAGCACCATACTATAGTGGAGAGCCCCGATCTTAGCATTCACGTGTCGATAATCGGCCGCGACAAACTCTCATTGTAGAGCTTGGGGTCGATAGACCGGCATTCTCTTGTTAGAGCAGAGCTCCGACCTCCAGATATTGCTCCACGGTACCGGTACTACTTTGGGTCCCCCCCTGCGATGGGGACTGGGGCGGAACAGTCGCCCATCTGCAAGCTACTAGGCTTACTCGGTCAGTACGGTATGCGGAAAAGGTATGCTGGAGATTACTTGGTCCTTCCCAGGGCGTTCAGCCTCGCCTTAGACAATTGTCCGTAAATTATAGATTGGGCCGACTTTCACACTACGAGCGTGCTACAACCCGTTTCGATTTTAGATCCGTCGAGATGCTTAACTCCTGGAGCCCCTGTTAGTCTGATCGCAGGCGCCCAGCTTAATCCATAGCAGGACTAGGAGTGACTGTATGTTTAGGTTTATCGACCTTTACTGGAAACCTGACGCTCGTAGTGTGTCTTAAGTTAGTACGCCCGGCCGTGCAGAGAATACGAGCGCAACAGTCGCACGCCGTCCGTGTGACCAGTGTGTGCTAGCTATGGATTGCAGTCAGTTTTACCTTCATGTTATACCACCAATGGGGGACGCCCTGGAAAGCTCGACCAATCTCGACGCGTGGGTGCGGTATTAGTACTAGGCAAAGTTGTAAATGTAGTTAGCCCGGATGCCATGGTTCTCAATGTAATGCATCCAATTAGATTCTCATAAGACGGATCACGACTCGGGTCTATGAACACGTATTTAACGCGCTCCCATGCGGAAACCCAAGGTACTCGCGGCCATGTAGGAGGCAAGATGGAACTCGCACTGCCGCCGTTAGACGTAAATGTTTTACGTTAGGGTTATCTATTAAGGTGTAGCGAGACATCGGTTCAAATACAGATGGGAGCTAATGCTAGCGAGTCATCAAGTAAGCATCATGCTCGCAGCCTTTTGTCACCGTGAAAGCGCTCTGGCAACGACGCCTTGAGGGGTTGGGTCGCATTACACACGGCCCAGGGCCCTGGGACCACAATAGGACTCTAATGGACTGTAGGATTAGCATGTGAGGCAACAGCTTGGTCTAAAGGCGTTAGCATAGAGCTAATATGGTCCAGAAAAGACAACTGCCTCGCAGGCTATATCCCTATAGGGTGCAGAAGGGTGACAGTC,1672,51.2,Saccharomyces cerevisiae
SEQ_142235,CTTATTTTCCGCCTATGAGACAGCACGCCTACCTTTTCCTCTATGGAGCATCCATACACAAGCGATTCACTGCACTGACAACGGGTTGGAATCTAAGCGTACGATGTGGCCAGCACCTAATAGTTCAAACAAGCCTTATTTAAAGAGTAACTTTTTT,157,43.31,Saccharomyces cerevisiae
SEQ_454347,TGAATCAGTTGTCGGCGCAGGTTATGATCTCTTCATCCACAGAAACAGGCTCTGATCTAGCTTGTTTTACGACAGAAGTTTCGCGCTCCTATCGAGTCGCGTGCGGCTTACCTATTG,117,48.72,Escherichia coli
SEQ_421742,ATGTGAGTCTCTATGCACCCCAGACGGGGAGGATATGGCTGCATAAGCAAAACCTTGTATTACGCACCGATGAGGGTGAACTCGTGGTACCAGTTAGTCGTCACTCACGAATCCCGCTCTAGGGACGGCCCCTTTCGTATAGAATAGGCGAGATGTCATGCTGTGCCAGCCCAAGGGGGGTCCAGGGCATCGCCAGGCCTAGCCCATAGTATTGAGAGTTTGAAGCATGTAGCATCTGGTACCAAGCCTTTTACCCAACAGCGTTCCAACCGCACGGAACTAGCTAATCGACGTCGCTATAACGGAGGTGCGGGGCGATTTCTACCGGTCTTTACCCAACGCGGGGCGTTCCTAGCACCTAAAGGGCTTACTCAGAAAAGGCACCCAGGCGGATATACATAAAATCTGATGATCGGTCCTTCATAGTCCGACTCCAAAACCACGGCAAGCCTAGGACGGACCTCCCCGTGACATCAAACCGTTATATCACCACTGTAGCATGGTTACAATTTCACGCCTAGTTGAGAGGAAAGCACAGTTATTTGTACCTCCTCTCTTTGCGATTGGATTTCACCACGACAAGCTCTCCCCTTTTAAGAACGCGTTGCATGTGTATGCTTACGGATTGGCTTCTCTTGACAAGACGTCGTTCAGGAAAATGCTGGCAGGTGGGAGCCCAGCTGAAACCTCTCACCTACGCATTATGCGGGGTGAGGCCAGACACGTGGCTAAGCCGAGAGCGGTGTGCCGATACACCCGTTGTGTTGTGTTGTCAGATGCCGGACAAGTGCGTATTGCGTACGCACCACAAGGTTGGCTGACTAGGGGGAGGACCGTAACCGGTAAGTTATTGACAAGCTGAATTCGCGCGGAGCGGGCTTTGGTCTATGTTGGATGGATTCTGAAGACTGATCGCCTGGTTGCCTTCAAGACACTAACTATAGCACACTCTGCGTCGAGCTCACCTGACAATAACAGGCGTCGGCCGACTCTAATATCACTTACTTCACGCCCGCGACATCTAGAGGTCGTATTCGAACATAAGCGTTCATTCCGGTTACCAGCAAATAATGAGGCACTAATCGGGTACCTCACAATCCACCCCGACTGTAAAATCCCAATCGAACGGTCACACGAAGGTGCCACTGTAAACCTGTCGACTCACGCACAGTGTTCTCTCGGTATAACGCTTTGGATCTCGGGCCTGGTCCAACAGAAGTTGAATTGAAAAGCATCTATAACGAATGGCACTGCGATATCGCGAGTAAAGCACAAGAAAGTTAAATGTATGTACCACCCGTACACTGGCGTGAGCTGTATGCCTACGAGACACAGAGTAAGGAATCTGGCGCCTCGCGTTTAGGCTGGCTTCAAGGTGCCACTAGTCTCATCATGGAAATCGATAAGTCTCCTGATCTTGTCTGGATTAATTAGCGCTCATTCAAAGAACTGTGTACCTGATCTCCTTACGGGTCCGGGTATAGGCTAGGGCGACACTGGATCTCGAGTTGATATTTTC,1519,50.95,Escherichia coli
SEQ_686820,AGATTGTACTTATATTGGAAGTTGTTGTGTACCTCTTTTTGCCTAGCTAAGAACAGCACGCCTGTGATTATAAAAACAAGTACCATACCCAACAGCCGTCGACGACTATGTATCCTGCCTTCGTTACCTGAATCGGAGTGGTCGGCGAGGGGTCCTAGTGGAAAATACTTCAACACTAGCCCCTCAAATGCCACGGCCGATCCTGGCATAAAATGTCATACCTATATTGACTAATTAAACAGCCTATCCTTCGTGCTGTGTATTTAAGTAACACCGTAATGGGACCAGGAATACTTCAGTGTCGCTCCTAGAAGCCGGTGGCTACTCCCTGTCGAAGTCGTCCGAGGCGTGCCACACACAAGTAAGTGCTTGGTGAGTAGAATGGGCTTCCTGAGGGGCCATGGAGGAGGTCAGGATATACAATTTCCTAAAAGCAGCAGGAGCCCATGCTGAAACGAACCGACACGACTTTGGACGTAATTGCCTAAAAACGATGAGCGGTGGAGGGCGAACTTCTGTCGCGTACGTACCATACACAACCATCCTAAGAAACATGCCAGTTCCGGTCTGTTTGTTGCCGACGGGCACTAAGTGAAGTAGATTATATGTTGTTCGACACAAATGTCCGTTACCAGTAAACCCCGTACCGAACCACCAATTCTTGGACTGTTTCCCAGGAGTAGAATCCACGAATGAAATCCACTTGTGCGACTATGGAGCCTAAGCGTCGTAATCACGTACTTAGCACCTGAGCGAACCCAGCGGGCAGCCGAGAGCTATATCGGTACGCAGAATTGCTCCCAATATTTCTGTTACAACTTTATGCTCAAGACCTCGATGCCGGAAAAGCATATTCGAGGATTCTGATAGTCATCCGGTTGTCCGGTACTTACCATAATGTGCGGTCTAGGCTAAATTCACAACCCATCGGCATAACGGTGAAGAACGATGTGTGCACAACAGGCCGACCTCAATCGAAACGAATGTTCCAAATGCAGAAACCTGAGCGGGGCGCCGAATGAACTTCCATACTTGTGTCATCCGCGAGAACGGCCTAATGTAACTCGCGGAATAGTACATCGAGTTTGTACCTCTCGCTGCTTCTACGATCTTGCATTTTGCTGCCGAATCAGCTTACGTGGGGGAGGATTGAAAGGGCATTGTCTCCACTTTGCATATGGGGGAGTAACCGCCTGAGAGTCGTGGTCGAGAGCCAGCCACGATCACTCTGTAACCAGGCGTTCCATGGGCCAGCTCAAATCAACTCAACAAATTTCGCACTTCGTATACACCGGTCGTTTTGACGTCCGTGCACGAAAGAGAGGGAACCAGGGATAACGCACTGACCCGCGTGCATGGCTGTTGCGACGTCAGTGATGACGGGCATTACCCCAGGGGTGGCACTCTTCTTGCTAGAATCTAATTGGCAAATTAAGACCCTTGGTATTTCTGCACCCACTAATCCATACACGTCTCACTGTTGACCGCCAAGATTTATTAAGAATAACTGCCTGACACGTGCGGTTCCCTGTAAATACGGGGTGGGCTCGAATGGTCGACAAAATGGCTCGGGTGCTATCCCTGCCGTATTGCCAACAAGTAAGAGTGCCAGATCGGGTCCCCCTCCAGCAC,1632,49.63,Arabidopsis thaliana
SEQ_292923,TTGTTTGTATTTCTGGTCACATTCAGGCCATGAAAAGAGCTACCTCATGTACCTTCAGAAATAAGTGCAGTATCTCTTACATTAGTGATAGCTTCTTTGGTTAAAAAGACGGCTACCTACGGGATCCCAAGAAGAGAAGATCTCGACGTCTCACTTGCTTTCGCCTGCTGCAACAAACCATATTAGGATATTTACAGCGGCGCCAGAAAGCCAGTCTAATTAGAAGTGTGGCCCAGTTCGGCTGTTTAGACGCGTCCCCGGGTACAGCGTTTCTTCCGATGTCTACCACAGAGCAACACGCACATGCTGGTAAGTGACGCCACGCTTTGCCGCGTACACATGTACTCTTAAGAGGATCCTCCTTCTGGAGGAACACTGACAGACCGAATCACTGTACGGAGTCTAAGTTAATTTTCAACTAATGAGCAGGATGCAACGCTGACATAGGGAGGAGATGACAATAGACTCCTTATATGTCCTAGTATCTCGGATTCGATTTAGGCTAATAACGAGTTTGTGAGCGTGCTACTACCTGATTTTTGCACAACGATTTACCAGGATCATTGACTAGATAATCATACAACAGTTCATTGTTTGCGCGTGTATATGTACAGCACTAGTTCGATTCCGCTCTGGCCGATAAATGCTGATAATACCATATAGAGTAATAATGAGGACTCCGACGGGCTTCGAGCCGATAGTCGCGGTGACGAACGACCATCAAGCTCAAAGCAGGGGTCACGTGATGACTGCACAGAAGGCGTTATCCCTGTGACGTCACCTGGAAGGTTCAACGGTCGTCCCAGTACGTAACTGTTCGCGTCGCATTGGTCGTCGCCCTAATTCCTACCTAGGTTAGTTCATGTAGCCGAGACGATTTCAAACAACGAGACCTGTGGAAACGCCAGCTCACAATTGCAATCAATGCATCCGACAGTGCCTGGCATGCCGTTCGCATCGTAACTGTACGTCTTGCGGTCTTGTTTCCTCAAAACACCGAATTCTAGAACGTTCGTGATGAAATCCGACGTGATTATTCAGCTCCAGCGGATGCGCATCACTAGGGGATTAGCACTACACGCGCTCGAACGTGCACAGCGAGTTCTGCCTATTCGCTGTGGACATTCGGGACTTTTCAGAAGCCGTCCATCAATCGGATGGTACACGACGCTATGCAGGATTCCTTGAGAATACAAAAGCATGGAGAAAACTGCACGTCCGTAACTTCACTCCCAACCATGGGCTATTATAGCTTGCTGTTTTTAACGAAATGATACCCGCTCCCGCACGAGCACGTACGACCACCTGCATCACTAGAGGCGCCTGCACATCTGCGAGCGAGCAAGCAACGTCCGTACCCTAGGTCCTATGCGCCAGTTGCAAATGTGGAGTGAACCCCGCCGCACCTGGTAGGATGAGCTCTAACGAATGAGGATACAGTGCTAAATTGTTATAGTCCAGAATCAATCAGCTCCTTACAGATACAGGGGCCGGTGGGTGTCGAAAGGGAAAAATGGTATGAAACATATAGTAGCGCTAGTCTGGACGTCAGAGAATTGACATTTGGAGGTGACCGCAGTCGCCAATGTGTTAGAAGTTTTTTAATAGGTAACTTTGTCGCGTTGATCTATCAACGGATAACCCCTAGGACTTGGACGCCTGAACGCAGCTACAAAGTAACGGTCTCATATAGCCTAATAGAGGAATGTACTGACTGCTCGCGAGTGTTAAGATGAAAGGGTTGTGTAAA,1750,47.89,Escherichia coli
SEQ_140458,GTGTAGGACAAATGGTACGTCTAGTGGAGCATTGTATACGTCTAGACTCATAAGAACGTCTAGATTCCCTTACAGAACATAAGTCTAATAGCAGTTAGACCACCGGCCGGGCGCGGTGTCTCGGGGGACTCACACCTGATACAAGAAGTTACCGGTACGCAGTCCTAAGGTGTCAATCTTCATACGGTGCGTCTGTTCATCCTAAATTCTACACAGACGGACCCGTACGCGTCAAAACAGAGAAATGGAGTTAGCGACCATACTCAGGTAAATTAAAGTAATCGCCTTGTAAGAGGAAAGATAAGATGTATGGCTTTTCAGGTCATCAACAATGACGATTCAGACGTGTGCTAAGGCTGATATGTTCGGTGCTTAGTTAATTGGCCGAGAGGGAATGCCCGCCTTGGAACGGATGTGGACGCTAACCTAACTGTATGGAAAGGAATCTAATTCCCAAGTCCCAATTTGGTTATAGCACGCAAGAGTGCGTCGGCGAGTAGCGCAGATGGCAAGGGGCTGATACCCATATAATCCTGGGTGGCTAACCTTGACCGGGGGGTGCAGCGATGAATCTACACACCTGCTTTGTTTTGGCCT,597,48.07,Escherichia coli
SEQ_624339,AGTGGCCGATAAGCTCACTTAAGTAAACGATGGGGTTTTTTCTGCAACGAACCCGACCTATCCTCAGAATGAAAGGATTAATAAGATAGTCAGCAGGGTCACTAGTAGTTAATTTTTCCCAGATCGGATTGTATGAGTTACAGCAAGTCATATGGGCGTTTTATTCAATAAGCTTCTGCGCGTCCTAAGAGTAGCTTATGAGTAACAAATATAATTAACTACAACCGTCTACAAGACGATTGTACCCTTCGAGCCTTAGTGCAAAACCAC,270,40.74,Arabidopsis thaliana
SEQ_327271,AGGTCTGGGTGCCGTTGCGAAAGGCTCTCTCTGATGGTTAAAACCAACTACGTCCTTCGGTTGGATTGGTCTTCCCGAATTGTTGACGGTGGAGAGTCGGTTTCGGCTAACATCGCCGGAGTGGGTAATAGCGTGCATATGATTTCGTTCCGGCAGCTACTATGGTGTGATGATATCTAGGGCTAGCTGCTGGGGTTGGAATTTGACTTGCGGCTTGCGTTGTAATACCACTAGCTCAAGTCCCAACGGGCACCCATCCATTGTAGTAGCTACTATTGCACTCGATACAAGCAGTGCCTGCTATGGGAGCGACGCCCTTTAACCTAGTAAAAATTAGGCTTCCCAAGATTTAGTCTCACCGTTTCGATTCGCTGAGTGATGCAGGCTAGAGTAGGTAATTGTCATGTAAAATAAGCGCGTTTTTTCTCGAGACGTCCACCTGAAATGCACTCCCCCGGCACGTGAGCCAATTGTCCCTAACCCTCTCTGTAACATGAAATGTTGCGCGTCCTTGTTTGACCACCACGACACGAACCAGGATAGATTTCGAAACGATGCTCTTTATTGGAGAAGCAGCTCACTATTGGTGCTGTTCAAAATGGAACCAACCTAGACCCAGCTATGAGTCTCAATTCGTCGGATTAGATTCTTTAGGGATATTTCTCATCCTGTGGAGACTCCGAACCTCACGGAGTGGGAAAGATAATAAATTTGGGCGTAGCTTACGTCCAGCATACCAGTAGCCCGTGGGTAACTTACAATGACCAGGGGTCACACCCTGGACCGCGGTAGCTTCAACAGTTTCCCGGAGAGTTAACTGTTCGGGTAGGTATGCATCAATCTGTCCTATCAGCACGACCAACGCTGAAAAACAGGGAGTTACTGATGATCGCGCAATTAACGTTGTCCATCGGGGAGCAGCGTGCCAACCAGTCCGACTCGATTTCGGCCAACACACTGCGTACCTGAGTATATGCAGGTTCGAGTCGGTTGGATTAGAATTGGGGTGCACCCAAGCAATCTAGTCCTTAGGGAGCCATAGGCCCTGGAGTTTGCGAGCAATCGACCGCGTACCCGGATGGATTCGATGGTGTCTTCTCCA,1102,49.91,Saccharomyces cerevisiae
SEQ_972174,ATGCAGACACCTGTCATGAACGCCAACCACGTTCTGGAGGTAGGTCATTTTGATGTAACCGATAACATGAAAAATTTTGGGGACTGAGCCACCGGTACATGAGGAGGGCTTTATTATATTAGTTAAGGGTTATATGACATTGATCAGACTTATTAGCCTTGATGAAATCTGCCATCGGGATCCGCCATGATACAAAGTGTATTAAGCCTTCCTAATTTCGCCGTTGTGGTCAAGGGTCGCAATGGGGTTGCATTATTGCACCGAGAGTTGGCCTAGTCTCGGAATTGTTTTTTCGCCGTGGCTCAAATCTGCCATAGGACGATTCACCGGTTAGGCACGCGCCAGTGGGAGTTGATGAGACACAACCAGCTCTCGAGAAGTAATGCCGACGCGGGCCGAGGAGAAAAGTGTGCTGGAACCTCTCGCAGAGTTATCCAAGAACAGTTCATCGTCAAATCCAGGTGAGGGATGAACAATTGCGAATAAATGTCGTCAGGGGCACACAGCTTTTCATGACGATTGGAGCTGCAGCGGTAGTCTTTTGCATTCAGAAACGCCGAAGCTAACCTACGACTACATACATGATTATCTATTGGGATGTTCCTACCTGCCCATTTTAATTGTCTTGCCAGTCTTACCATTTTACTTGAGAGCTCCGTCTTAGGGCCGGGAATATAAATTACAGGGGGAGAGATTCCCCCTCAGGACGGGAAGTTTCAGACTACACTACTAATCAAATTCATCAAACACCGGTGCCAGGTGTTGTGATTTGATGGGCCAGTAGGGAAATAGCTTATCAACTAGACTCCACATCGTCCTGTCATCGTTTATCTGTAGTCATTATAGCATTTTGATACCAAAACTTCACTTGGCCATTCGACGTTTCGAACGTATGTCCGGGAATTAGCTTCGCTTCTAAGTATGCACTCGTACGTGCTCAGTAGAGACCGTAAAATCACTCATTTCGGAGCGCAGGAGCAAGATTCCCCGATGTGGCCGTGCTCGACCCACTCGCCGTTCAATAAACCCATTAAAAGAGACGACTCATAAAATGGCGGCTATTAGTGCCACGTATAAGATAACGGTTGAACTGTCTTTCCCTGTGGTAAGCTAGACAATAGTTGCGAGACTAGTCCTTGCCGATGTTTGCGAAGTAGACAATTTCACGTAGAATACTCGCCACGCCAATGGACAGGTGAATGGCTGTTGAGTATACCCGAGGCTTATTATGATTTCCTTGCTTTCATGATGGGACTGCACCGGCCCAGCGGTGCGAACAACAGGCCCGAAAACAAACGCCACTTCGTATCTTGGTGGCGTGCGTCTCATACCAAAAGTAAACTGATACATTACTGGTGCACTTAGTCTAACCAATAGGCACGATGGGGGGATGCTCTGCGCATACCGTGCCTGCGCGACCTACCTATATGTGGAGCTGCTTTATAAAGATTTGGAGGTCATTTAGAGGTTGTCCCCTATTATGATACTTCTGAGAAACGAATCCGGTCTTAATTGACTGAGGGGCGACGCATCAGCATCTCGGACGTGTCGCGGGCTTCGGGCCCGCTCCTGAAGACGCACCTTGCCAAGCCTAATCTACGAATACCCAGTTCTAGGGTT,1620,47.65,Homo sapiens
SEQ_993013,CTCGCGTGTAATTGCCCGCTACGCTATACATCTTCGGGTACGGGTACTTGAGTTAGTAGGAAATGAACGAGGCACCAAGGCACCTTTCAAGAGATCCGTCGTGATAAATCCGTACAATCAACACCGTTTGCTAATCTAACCATATATCATGCCGAACTCGGCACCGCAACAACGTGTCATCTCACATTATGGTCCTACAGACATCGTAGGGAAACGGTCGAGGTAATCTGCCCTTATGGATATCACGCAACCCAAGTTATGGTACTCGGCTGCGGCGCCCTGCATTGGGATCCAAGTACCATTCAGTGGATGGATTACGGAACACGACCGGACTGCTCACTTATCGCGGGTTTGCTATGAATTGACTGAAAGCAAGTTAGTTGGATTAGTTGTGAGAGGAGGTTTACAACAAAATTCAACTTGTCCACGTTGTTTTAATATTTGTGACCTTGCGCGCTGCGCTGTATGCAGTTTCAGGGGCAAGTCCATGGGAATGAATTTTGCAGCCTTTGACTGTCAAGCCGGGCTCGACGATCTTATACGCATGCAAATCTGGACGAGTGTCGGATACGAAGTCCCACTGTTCCTACTGTTGCATGCTGTATATACGCAACTATGTGCCGGCGACAAAGAAAAAGCTCTTGGCATATCCACAAGTATACCACTTACATGGGACTCGTGCTCCACGGGCGAGCACAACTTCTTATCTCTACAAAAGGCCAACGTGAGAGACGACCGAAAATGCTTGTGGTACAGAACTTTGCGACTTGAGCTGAGCATTACGGTTTAATGGAATTCCTAAGCCAAAGGTTACGTACGGGTTCAGCTCCCAATCACGTACGGTTTCAAACGCCCTACGTGGGTCCACATCGGTGAAGTGGATACAAACCATTGGTCGGATTCCTTGAGGGCGTAACATCTTACCCTCATCGTCTGTGGCCATAGGGTAAAGGATTCGGATGGTCGACAGGTACGGGCTCTTCTTGTAATCGCTGGGGTCTACATCAATTAGGGAAGTTAACATAGTCTGCTAGAAGTACATGCCCACAACTACAATCACTTTCTCTAGCGTTCCACGCGTCAACTTACCCGTTAATCGGCCGGGCCACAAGAGATAATATAGATGTACTTCTAAGGGGAATCACAGAGTAATGTGTCGTTCAGGTAGATGGTAGCCCTAATGACATTGCGGCTATAGTTCGTGTTGTATGTGCGGTGTGATGCAGGACTGCCTAAAATTTCGGTTCGGATAGAAACCACTAGCCAACTTGGGCCGGGAGACAATGCTCCCTAACCGAGGGTATGTCATATGTTCCATCACATGGTGTTTGACGCGTATGGAGCCATCGAGACCTGATGTCAATTTAACACAATTTGGCGACCGGGCAGATATCTTGGACAGTCAGGTTACCGCTTCTAGGCGCTAAGTTGTGCAAAGTGATGAACCGGACGTTTCGCTGGTCCGTTAGTGATGCATACTCGTTAAGTTTAGCGCTGCCTGGAATGCCAAGGGTGATTTCACACAAGGTGCTATGGCGGTCCCGCTTAATTACACCACGAGGGGTGGAGCCCTTTGAGAGATGTTCTCGCAGGGCTAACTGTTTGTGCCCGGCACCGGCGCTTGTTATAGGGGCATGAGATACCTGTTGCGATGTCACTGTCGCAATTCGAAGTATTCTCAGTTGACTACCAAGGTGTTCCTGTTGTGTGGGTAATACACCTACCGGCTTAATCGCTGATGTTTCCGCAGGAAGTCTTTAGTCACCTTATTTCGTGGGCTGTGTAGCCTACGCCTGACAGAGACAGAAAGGTTCCAACTTTGCAGATTCAGATCCTGCTCATCTCAGGGTGATTAGGCTAAAAGGTCTCTGCCGAATTCATAAAAGCTGTCACAATAGTGTTATTCTAGACGCACGGTAGATTATCGTATAGGGCGCTCACTTCGACGTAGACCTGTCGGCGCGCCATGTCGACGCGTGCAGC,1983,48.76,Saccharomyces cerevisiae
SEQ_972656,ATGGTCCGCCCAACCCGGAGGGGCTGCCGATAGATAAATCCTGGATAACAGCCCCGCGATCGTGATTTGGAGGGGGACTGGCTCCCGTATAAGGTAACAGGTTCAGCGACACCTCGGTCCATTGTAACTCGCGTCTAACTTCTACCGAACCATGGATCATTACTAGTTGAAATCACAGAAGGGTTGACCTTCTTCTCTTATCAGCCCTCGAGAGCATCGTGTATTCAAAATCTTAAATAGGAGGTTGTCTCGCCACTAGAAAAGCTGAATTGCGGAGATACCTGAATATCCGCATCCTCACAAGTAATACGCCTCCGATTAATGCAGGCATCCGATTTTCGGGAGCTCATCAACCCAGGCTGCTGTTGTCAACTTTAGGCACCGGGACCGACTTCTTGCGACGATTTTGCTTGTTAAGCATTTAACGGATACCTCAGTCGTATTTATATGCCTAACCTCCTGTCGTTCTAACACCTCCTTGGTAGATA,488,48.36,Arabidopsis thaliana
SEQ_531437,GAACGCTTGGGGTCGTAGTCTATATTCGTATATATTAGCTTCCCAGAGTACACTCGTCTCCCGACTGTACGCTCCTCACACTGAGCATTAGAAGCGGGAGCCATGTAGATCTGGAACGAATCCGAACGTCCCCGAGCTAGTAACGGCGTCAATTTTACTAAACTGCATCCCTGTTTCTAAGCTTGACAATACCCACCGCTGCGCTACTCGCTGCCCACATATAAATCTGGGAAGTTCTACCCGCGGAACATTGCTCCCGATAGGTGGGCCTATTTAACGAATCGGCGCGTTGAGCTGTATCTTCTCCCTATCCTGGACGTATCCTATAAAGGAGCCCTGCATGAAAAGCTACAGGTCGTGTTTTACTAGAGACATTCCCCGATCTACTAACCTTGAGCTTTTGACAAGGTTGGGCGTAGAGTATTGTCTTCCCTAAAAGCCTCCTCTCAAGAGAACTGATACGCGTCTTGGTAGATCACGGTAACCCACGACGCCACACTTCGGTATGGCTTCCAGAGAACTTAGCCCATTGCATTCTTCGGGGACCGGGTGCCGGCCAATTACGAATACGTTGTTCGCAAAGAGACATAGTAGATCAACTTATCGGTATTACGATTGTCTTATTTTTTGCTACCATTCACTTAATTGAGTGGTTCCGCTACGTTTTGCAGATTGCGCAGGAGTGATGTGTACTAAGGGCACCGAAAGGCCGGAGGGGTTCCTAGGAGACCCTGTGGACCGAGGTCCTTAATTATTAACTTCCTGCGCAATAAAGCGTGCCTGAGTGCGTCGCACTTCTTAATATGTTCGCATTTACGGACGAGTAAGGTCTGGGTGGGGGTTGATGTGGCAAGAGCGTTGTTGTGGTCGCCCGTGATATATGAGTCGGGGAATTAGGAGGTATTGGGATATCATTAGCAGTACTTCATCTTAGTGCGTCTTGGAATGCATCTACGTTAGCAGTCTAAGGCTAAACCCATCGAGTGCTCAGCGGAAGTATGACAACCGGGTGATGCCACGTGAACCCATTCTTGGTCACAGATTCCTGCTGGTATGTGGGGCGTTGTTAGACGGTCACGACCTCCGGTGACTGTAGAAATAACAGGTTGGGGGCGCTTACCTTTGCCCAGGCGCAACAGCAATTGGACTTCGGTCGATAAAGTGGTTGTAGCAGCCGTAAAAGCCACCCTGCCGCCCCGGTGCCCACTTTGGGCTTCCCGTTGGCCGATCTTACCTACGATGTCCTCTAGAAGGATGCGCATATTCCTTGAGAAGGGATTAACTTGCCCGGGGTTAATGTCATATTTGCTGGAAAAGGAATTCGAACCTGTCAGTAGTGGCGTATTGATGAACCGTCCAATAGTGTATACGGCACCGGCTGCGCGTTTTTGACAATGCATCGAGACGGCCTCATTCCTTTAGAGTTCGGTCAATCCCTCGATATGCCTATTTTACCGAGGCGCCTACGCTTGTAAACAGTGTGTCAGGAGATTGATTGCGACAGGCTGGATTGATAGAATCGTCTATGAGGTAGGAGAACGACCTCCAGACACAGACGGTCATGGGAGCTACATAGAGATAAAGTAGTGAGTCAGAGTGCTCAACATTGACGACCGAGCCTTTAACTATGACTCAAAACCCCAGTCCAGGCCTGGTCCTAGCTACGGCTTTTTCCAGGCACCTTATGGGGCAGGCACCACAGGGGACAGAGCCGAATGATATGTAGTTGTGACTCCATATGTGTAGCCGCCGAAATTATCCGGTGGTGCCTCAAAATCGCTAATCCTGCTGAGCTTCTACCTGGATATGCGCTACGTGA,1819,49.92,Arabidopsis thaliana
SEQ_875526,ACCAGCCAGAATATACAAGTTGATTATTTCCCTGCCGCTGAGCATGTGCCTTGGGCTGGCACAACGTCCCAAATACGGGCGGCTCTCCGAGGTAAACACCAGGAGTCGAATGAAATCATGATACAGTTACCTGTACCATGCGGGGCCCTCTTAAGTACGCCGGACTGGGTCATTAGGTTAGTTAGCTCGGGTCCACCCTATGCAAAGTCAAGTACCCATTGTTCCGTTTCCACCCGCCCTAATCAGGTCGTATTGACTCAATATGTCTCGTGCTCCGGGGGGGGGCGATGCCCCCATGGTGTGAGGAGGACACTGGTTCCTTTGGATGAAGTGAAGGATTAAAATTGTATGGGCTGGGAATGTAGTGAGCTTGCACTATAGCAAGCCGAAGAAAATATACGTTCGGGTGCCCACGTTTTATTGTCGGATGTGGAATAGAACCGTGTCAGTGATCACCTGAAGATATGCAGCAAGTGCGTGTGAATAATACGAGACTCACAGTGAACCGTAGGCGCGCGACTGTACACAGTATTAGTTAATAATCAGTTATATAGGGTGAGCTTCGGTTTTTCGCCCATGTGAGGGTTGTCTGGGATATGGTGCTATTAATTCGGTTCTGTAATGGAAATCGTAAGCATGGTAGTATTGTTTACCGGCCTTACTCGCGCCCGGAGTAATACTCACTTACGCTACATGCGTCCTGGACAACCACGCCGAGCAGGGAGATAACTATTTATATTGACAAATCAATTTGAGCAGTGAGGTTTTTGCTCCTGTGTTTCGTGAAAGGGGCACAGACTTCCATACCCATAGAAGATGTGGTTACCAGAGGTTTCCGGTAGAGTTGAAGCTCTGTCAGTGGAAATCAACTGTGACGCGTAGGGATCAGGTTCGTGGTAGGCAAAGATGACCGATTTCCGTGACATTTCGTTCTATATTATTGTTGATCCCGTTGCCCCGACTCTGTCGCTTGAATTGGCTCGAGTTAACGGGGCGCCGCAATCGTTACGTGAAACTATGATAGATATAGTGCTTTTTCATTAGGAGTGATCGCTTCTTCTATGAACATCGTGGATTGAACTACCTCCGGTACCATAAATACATGAGTCGATGAGAGGCTGACAGGCCGGAGGTCTTGCTATAATCACTACAGAAAGTCTAACAACCGTGATGTGGACCATGTTGACCGCTGTCATCTTACTCCCCTTCTTTGCGAGTCACTTAACCAGGATGCTCATGGAGTCAAAACCACTCTACCCGGCTTGTAACACAGTAACAGCGGGGGGGAACACTAGTAATCCAACATCCTGGCTGGTCTTTTTCAAATACGGTCCTAGGCAGCTTGGCTCCCATACCTGGCAAAGCCTATCTGCGGGGTCGCTCCATATATCTAACGAAGACGTTTCTAAGAGACGACGTCATCGAGCCATCTATTCCTCTAAGGTGGATACGCTTCTCCACGGATCTAAGCAGTGCTCTGATACCCGTATCTTCTGCTTGTCCTGACGTAGCGCTGTTCTTGTTTCGCAACCATGAGGGATGCGTATCGT,1550,48.39,Caenorhabditis elegans
SEQ_187944,ACAACTGGCCCGTGCCACAGTTTAGGCCAACTCTATGTGGCTGGGCTTAACACGTCGATCTGTAACGCCCTATCGTAGTGCATGATGTTCAATATCAGGTGTTGAGGCATTCCGATCACCCACGGATCATCCGATATGAAGTCATGGCCCGTAGGGCGCTTACCAGGATTCGGTGCGTACTACAGTACAATTGACACACCTACGGTACCGGTTCACGGAAGGAAAAAAAGCATCCTGTCTCGAGCTGTGGGCGGAAGCCCAAGTTTCGCGCTCCGTACCCGTACCCCATCTCTACTCCGTGGGGCTGTGAAATACCGACTTTTACCACACAGTCACCCTCGAATGTCTACACACACGTCGACGGGGGAGGGCAAGAACATCTGTAATTCTTAACCGTTTACCGTCTCATGAAGATGCCGTCAATTCGCGACCTGCTCTAATTCCCTTCTCAGCTTTGTCCACAGGGACATGTTGCAACACGTTGGGCCCCGCCACCCGGGTACGAATCGACCAGTATCCTGGCCAGTACTTCACGAAACGGTTACCGTCGAAAACCTTTCGAGCTCCTGCCCGGCATCAGCGTGGAGGAAGAAAAAGAGCCCCTGCGATAGTAACGAAATGGATACCTGTCGTGTGTTACCCACTGCTTCCAGTGACTTAGTCGCGAGTTCTATAAGATCAGAATAGGGTCACTTGAGTTATTGTACAATAGAACATCCTAGATACACCGCGTCTGGACATGCCGAAGGGCTAATACGCTTGGAGCATAGTGCTAACACGAAATGACCTACATACGCAAAAGTCACCGTACACTCCACGAAAAACATGCAAATAATAGCCTTCGTGATTTGCAACGACCGACGGTCCCAGTCCCTTTCTTATAGCCGTGCCCATCGAAATCTAGATCGGGTGAGTATGTATACACCAGTGCTGGTACTCAGGGGTACCGCTTAACTGTGGTATTGACAAGGCCTGGAGGACATCCGTGTCTAACTGCCGCATGGTATGACTCGCCGACAAACCAATCCGGTAGCTAGCTGCCTAGCGCACACGCAGCTCCCATCGAAGACTTTCTTAAATTAGAGAATTATCCCACTAAAAGTTCGTAGCCACCTGAAGGCAGCTTAATGGTGGATTGCGGGCTTCGTTCGCAACATAGTGCCGTTGCATCCATTGACTAGCCTAATTAAGCCGTATGGTGTACGTTCTCTTACTTCTTTACGCAGATTTGCGACACGATAATCCATATCTCTAACGCTAGGTATTATTTTACATGTTGCCCAATCTATGTGTAGCACTCGGCGAGATTCGACAAAGATATGGGTTATATTTTTAGTCGAGATATCATGATGATTGTGTTCTAGGGGCGCCTATATCCATAACCTAGTCCCGGCGTAGGGAAGCATTGCGGAACTAAGCACGGCCGGAACTTGAGGGGGAAACCGGAGTCTCTAAACTGAATCGACTTCCCGACCGATTGACAGCAACGCTAGA,1494,49.73,Drosophila melanogaster
SEQ_271097,GATGGCTGGGGTACTTCGATTCCGAAGGCAACATCGTAGCTACCGCGGCGCTAGCCTCGAATTAGCAGGACTTTAATCTCAAGTTGCTCTCTCGGTTACATACGTTCAACCGGCGACAGATTAGACCTAGTCGAGATGGTATCTATGAGTGTTACTAGAGACTACCTGTCTCCGCCTCAGTCCAACTATGGTAAGTCTTATCGAATAAGTATATGTCTGTATACCTACTTTTGCTTACCACTTGACCCTATTCATCTACGCTCGTTTTTGGTAGAGGGCCGGTCAGCCGTTAGCCGCGGTAGCCCCAACTTGCCTGTAGCCTGGGTAGGTGGTCGTAGACAAAGGTAGAAGTCCTTTCCTGGAGTGCGAAGAGTTGGAAAAATGGTAAGTATTGTGTGATGTGTTAATATTAGAGAGCAGCTATTGTGGTTAAGAGTTCGCTGGTGTCCCTCTGTCATTCCAGAACGCGTACACATTTATCAATTTTGACTCAATCGCATGCAATAGCGCGAATTCTAAGAAAATGCCTATATCCGCGACCTGCTGCCTGAGGTTGCTGAAGAACACACGTACAGTAACTGCGGGAGTCCCATGACTTACGATACCACAATCGAGCCCCGCAACATTCATCTAGTATCTTGCAAGAAGGGCGGGTAATCAGGCTGTGAGTCACGGGATGGGCAAGGCAGCAGCTAGGACCGCAGAGTCTAGACTAGATTCGCTGGAAGCACGTTTCCTGGAACATATCGGAATTGGACTAGCCAGTTTCAACGCGGCTACGGAATAAAAGGGGCGCTCAGCGGCAGGCTAAATGCGGTGGGTGGCATTCGTATTTATCCCTGAACTAATTTGAGGTACCATTTTGATTAGTCCCTTTTTAGCCCCCGCGACTCGATAACGAAGACAGGGAAACGCCTGGTTACCAATCCGGCCACGCCCGAGCAAGTATCCCTAGCGAGGGCAACCCATTTCGCCGTTAAATAACAATGGATCAGATGGGGCAGATGGGTTATAAGTCAATTTTATATAACGCTCTGATATCCATCGTAGTACGCGGCAACAATGATTATTAAAAGACCTCTGCGCCTCAAGTATGGTGATACGATCTCTTCCGAGGCGGAATGTACACTTGGAGCAAACGAGTAAGCCACCGCGCATGTAGTCACCTGTCGTGAAAACGGCTGTGCATGAAGGGGGTCTGATCGCTATTGACTTTCTCATTATACGCATAAGGTGTACTGACATTTCCTGCGTGCATCACTACGATCGCACTTTAATCCTCGGCAACTCCGGCGACGCACAGGGTTGAGCGTTTAAATTGAGTTCATATTATGGCGGGTGGAAATAGCCTACAGTACTTGTCCCTCTGAACTCATGCATCCTTATCTCACAAAGCCAGGAATCGTATGACTGCTTAAAACGATGGTTTTCGGGGGATATGCAAGTTCGGCCTAGATGCATCAAATCACTAGACGGATGTTAGATTAAAGTTGTTACACTCGCGGCACAAAGATACACTTTATTCTGACATCCTATATTGGGTTTCTAAGCTCAGGTAGGTAGATGGCACTGGCTCTTACATCGCTTATATGAAAACTCGAGTCCGCATAACGAAAAAGGTGGACAGGTCAATGTCCAGGAGGTACTTCGTGCCCAGCGGCAGGCATCACTCGTATGTCAGGTCAACAGCGCCTCAGCGTGACTCTGAAAGAATCCACGGTATCTGGGCAAC,1732,48.15,Drosophila melanogaster
SEQ_218665,TTTCCACAGATGTGAACTTCGATTTTTGTAATAGAGCAGCACAGGCCGAGTTCGCTATTAGCGGGCAGTGAGAGTGAGGGACTATTCCAGGATGACGGGGGCCCTGTACGTCTTGGTACACAGCCTAGTTAGACAGCATGAACGCGTCTCGGTTGTACTCAACGTGTTATATTAGTTAGACGTGTCGGAATATAACCGGCACCGTTGAAGTCGCGGTTTGATAGCAGAGTCTGTTACAACTCAAAACTAGGCCGCAGATCCGTGAGTAATCGTAGTATCAGACGAAGTGCGGTATTTCGTACGCGTCGTGCGAATGGGAGGTAAATCGTTGAGTGTGCACTCTAAACGCGAGTGTCGTTTACAATACGATCGCAATTTCCCTTCAGGACAATTCCTGCGTGTGACCTCGCCTCCGACCAAGTACGGCAGAGTAAACATGGAGTCTCTGCGCCTCTGCGATTCATCTGCCTGGCGACTGGATCAGTTAATCGCGTCTACCGCATGCCATGATATGCAGACCCGTAGGTTCGCTCTCGTGTGCCTACCACGCTTACCTGGAGGTCTCCTTCCCCGGCCTATTGTGCGTTCAAGAATTTGAAGACAACAATTCACATCGATACATTATTTATACTATCGGGGAGGCCAGCCCAAAGATTTACGAGACATAAATCTCCTCACACGCCCGGATTGACTGGCATTACCCCGCAAAAGGGGTGTGTTTCGAGACCGCCCGGTAAAAGTATGTTTTGGTAGCTGTCTTGACGAGAGAGACGTCCTTCTTAAAACCCTTTTTGGACCGGGGGGACAACGTCCTGTGACTTTAGCTCGCCCACGGTAAAAGTATCTATTTCCCCGCTCAATTTATAGCACAAACCATGTATTATATTCTCCTTAAATTGCTCAGGATACATTAAAGTGTGTCGTTTACAGCACAGGTGCAAACTGCGAATAGCCGTCGAACAGTGTTACCATTACACGACACCTACGCCTGGTCACGGTGATGCGTTGGTGAATCGCTATGGTGACTAGCGCATACTCGCAGACAAGAGACTGAATGGCCACCTAACTAAGCCCAAAGTCACCTCGACATATCTTGGCCATCCCTACTCTTTGCAAATTAACATCACCGGTACCCCTACGTATAGGCGGGGACTTTTAAAGGTGCTGGAACTACACCCGCCCCGGCATGGTAACTAATTGGACCGGTAGTAGAATGGTGTGTCAAAGTCGAGCGCAGAGAAACTGAGAGACAGCAAACAAGGCTGATACGACTGTTTAATTTCGGCAAGGCTACTGGATAGAAAATCAGGCCCTCT,1316,49.01,Saccharomyces cerevisiae
SEQ_921834,TCACTAGTCGAGACATGAGTTCAACTACCTAATCGAGAAGTCTCGAATGAGGATTCTGCACGCTGATCTACCACGTCCAAACACGATTCTGGGCGCCGACTACCTTCTAACCTCAAAGTGTGTTACCAATGGCGCGTGTGTATAAGTAAGTCTCTCCGGTTGGTTGCCAAGATTGTACCTAGTCGCTCATCGGGCACGGGAGTTTTTGTTTTGGTCAGAACGGAGACCTCGTGTTGTCCTCCGACCCCGGCGAGATCTAGCCTCCAGATTCGTTCTGGGCCTTAACCATCGCGGTATCGGTTTGTTAGGCGTTCTCACAGAGGGGAATACTTATTGTGGATAAGGACCCGAAGTCTGCTTATTATCCTGACGCCCATTTCTAGTTAATCTTACGGGCAGAGCTATGTGGGAGGAGCAAGGCGGGGGAGAATGCCATAAGCTTTCATTGTACGCACATCTCACGAGACGGATGACATTAGAACTCTCCTGGTTACCAATTCAATGTATGTTACTACAATGGAATACACATTTTTGACTTGAGATCTAGTGAAAAGATTAAATTATCCCAAGATATACACGGACCGATCAACGTCTAATGGTTTGGTATTACATGAAGTCTACTAGATCCGACTAGTTAAATCGTGTAATATACACCTAACCACTTCTCTGAAGGAATACAGTATCCATTAGGGGGCCTTCCCAAATCCCATTACCTCTGCTTCTCCTGGTCCCCCTCCCGTGGGGGGGCTGTCAATCCCTCCGTGAGAAATAACCTCCGTTACCCGTTTGTTCCTTAGACAGTTATGACTATCCTGCCTAATCATGGTCTGCCACGATCTCTCTACTCCGCGAGTACGACGACCGAAAATCGTCGCGTAAACCGTTTCACGAAAAGTCTCGCTTCCAGAGACCACTAGAATAACCGCGCCTTCTCAGCTGCCTAGTACGCGGCTCTATTAGTTAATTTATATGGTGTAATCAATCAGGTATGCGGTCGCCGTACGGGCACCTGTGTAACGCTTGAAGTATTTCGTCCTAACTCTGAACAACTTGGTTCTTCTGGAGCTCTCCTTGCGGCTCCACATTTGACCCAGCGCACGCCTATCTCGCCCTCAGGTATAAAAATGTCCAGAACGGGTACCAAACCGAAGCTTAGTCTCGGGAACCCAATTCAGGGGATCGCTTGAGTGACGCCTTAACTGTTTTTGTCGTCTTCCATCGGGTTATCTATAGAAGAGCTCTAGAGTAATCGTGTTATTTAGATGGGTTCCTCTCCCCCTGTGAGAGTACTGGCAATGAATGATATATAGAACTGTTACGACGTCTGATGTTCGAGAAAGATAGGTAGTAAAAAGAAACGTTCCGTTGGGGACAGTTCCACCTCAATCGGCGTATTATGATCCTAGCGAGAGATTCGCGGTCGGGGTAGTACTCGTCTGGTATCTTCGAAGTTCCTAATGTTCATAATTATCGGACACTGCTGCCACTAGGAAGGGTAGGGTACTTAGCATGCATTTCAGCTAAAAATGTTACTCAGGTCTCGTTGCCGTCGCTTAACACATATTCGTACGCCACTATTCTTATCGGCTCTCTCGTCCGGGTCGCAAATCACTAGACCCCCTTCTCCTGTGGATCGCTATGAAATAGCCCCTTCGTCCTAAGTTGCCAAAGCGTTCGACGGAGAAT,1686,47.57,Caenorhabditis elegans
SEQ_987097,TAGCCTCTCAGCCTCGACCGTACGTAGAACTCCTACTAGTACGCGGACAGTGTCCGAACAATTAGTGTCTCCCTGGAGTATTCCGGGCTTAGATCGAGAACAAGGGCCAACATCGGCGCGAAGAATTGCAGTTGGCCTAGGCCAACGTCCTGTCTGAGCCTTAGGCCGGATAGAGCTCGGCTACATGCTGCAAGATCAATGACGTCTCCAGCGGGTGGCAAGCTCGCGGTACGCGGGGCCCCTCTAAATGACGCCGCCTGAGTACTATCACTTCCGCTAAGGCTGGCCAGCGAGATAATTCACCACCGTCCCTCGCGTTTGTACTTTACTCCACCCCGAAAGCCACCGAATGTCACTCGCCCAACCTTGGGGGACCATCCGGCGGCGAGCTAACATGCGGAAGCCAAGTCAGGACCCATGGACTACATCGTACCTTTGACAGGAGACGACGCTTACTTTATCGGGAGACAAAAAAGACCAAAATCGTGGGCCAAAAAAGGCTATATCACAGCCACCGGGGCTATGTCAGGTGGGGACATAGACATCGCCAGAGCCGAGTATGTGTTGCGGGGAGTCCTATCACTTTGGGGCCGCTGAAAGTCGGGAAAGACTGTGGCTAATTCATGGCATGTGATTCGGCACAGAGAGGAAAGCATGTACGCGTCGTTAACAGTATACGATGGCCTCCTCTGCTAGACTTTTGCGTTGTTTAAAATGGAGCCTCTAATAGTCAAGTACCTGGGACAGATAACCAGTTTCCCGGGACATGCAGCATGAAGCCCAATCCACTACACAAGAATGCATAAAAGACGTCGGCGGTTGAAATGTACAGCAACCACGTATCGACTGAACTATTCGTGTGCCCTGTAGACTGCCGAAGCGGCACGGGGCGACGAACTCTTTGATTGTACCAGTTTTGGTCCGGATGCTTGGTGCAACGTTGT,944,53.39,Escherichia coli
SEQ_717145,TGATTAGACCAACACAAGGATACGGATACAAGGGGGAGGACCCAGGATACTCTTCAGAACACTCAGGGTGGCTCAATACAACGACCCTCACCAATACAGTCGCGGTAGACTCGGGGCTTTGGGCCGCCATGTTCAACGAGTAGTTGGCAAAGCACGCCGGAGCACAACTGGTTAACACCGCCCGGGTTAGTATATCACCTTTGGTATGCGGTGCGAGCTTACCGTCAATCGGTGGGTCTACGGGTGATATATTTCTA,257,52.53,Arabidopsis thaliana
SEQ_295123,GATTCACATGCCGCCCTGTCTTAAGAGTTACACTGTCTTCCTGCGGATGGCCGGTGCAATGTACACGCCATTGATCGGCACGTGCGGTGGCCCCCGAACTCCGATCGAGCGGCCCCCTGAGGGGCGAACATTAAGTGGCCCGCTAATTACTTGAAGCAAAATGGTCTCATCTTCTGCGACCCCACGTTGAACTGGTATCTAGGGTTCGGCAGGATTATTCGCTGTTGATTGGAGAACCCTGAAGGAATGAATGCTGCCAGATCGGCGCTTATGTCACATAGAATTGTAACTAGCCTATCCAACGTGATATTAATTACTTAAAGAGGATAGCCGTTGCTAGGTACTAGGTGTGAGGCCGCGCGCGACTCCGGCATCGAATGGACCTTCGCTTCACAAGCACGGAGAGCGGAACCCATCCGCTACCACTTCAGGTACGCATGGACCGAATAGTGTTCCCTCGCCTGACCTCGATTTTAATCTTAAGGAGGTTCTCATAGTTCGGATGGTCAGGGGTTACGGTCTGCCCCGTGC,531,53.11,Homo sapiens
SEQ_311478,GCACCTCCTTGGTGAGTCTGTTTGTGCATTCGAGCTGTTCTCCTGGGCTCCGTTTTATGGGTCCAGCTTTGGCGAGCTCGTGCTACCGCTCATAAACGCTCCCAAGAAAAGCCAGCAGGTTGTTGCATCTGGCCCTCTGATGTTCAATCCATTGACGC,158,53.8,Mus musculus
SEQ_349934,GACGGTACACCGGGAGAGCTCAACAGTCTAAGTTGAAGTTTTGGACTCGAAGAACCCTCAGGACAAAGTTTGCGTACTCCTTATGCTCGCTGCACTGTGCCTCTGAGGAAATCACAGTTGATACTACCACCACTTTCCAGCTAGTCCTGGTTCATATTACGTACTCCGGGTCGAATAAGCCACGCCTGCCGTAGTAGATGAATCTAATCGCATCACGCCTTCTTTTTAAATCACTAGAACGTGGATTCATTAAAGCCAATGCCGACGCTACCGCCGGCACAGCCCCCTTGACAGACACGGCTGATTCGGAACTTTTACTGGAAAGTAAAGGCCATGGTTTATTCACAGGCCTAAGGACATGATCAAACAACCTATACACCGCCCAGGGCCCCGACATCTCAGCATCGTTGGTCTTTGCAGTACAGAACTGCAAATAAATTTTAATTTCGAGATATGAATTGTATACCGTGTTCAGAGGGTAACGCTGGTTAGTACCCATCGGACCGAGGACCATCCAGATCTTCCATTTTTGAGGTGTCTACTTAGAGCACTAGGATGGAGGGTAAAATGATGCCTAACTACTTGCGTGATCGAGTCTCCTCGCTAGAGGTAGGTATGATAGTTGTACAGTTGAACTAATGGCACGAAGCGTACACCGGTCCCACCGGCCGCGTAAGCGTCCGGTTTTAGGCGCTGCTCTTTATATAGGCATAATCCCGTCTTTCCTATACAATCCTAACCGGTAGTAAAGTAAGATATACCGGGATGTCTTTAGCGACAAAACCTTGCATGGAACCCGGCGCTTTCCTGTCGAGGTTATAGGTGGTTACTAACCCATGCTGTACTGTCTCATGAACATACACGGCACCATGACTGGTCCTCTGGCTATTGGCCATCCGGATATAAGTCATCGGTCCTCAGCCTCCGAGTCGGCGTTCAATAGGTGCAAATGTTGGCCTCCGACAATGGACCTCCTAGTTTTGGTCTGGATTTCGATGGATAAACGATGCGGTACATGCCTTTGCGCACACGCATCTCCCCCTTTGCGTGCCCCAGTGTGAGGTCGCACCATTCTGGTGTAACTAGGACAATGGGTGAGTGCGATTGCAGAAAGTTCCATAATTAGCCAACTTGTCCCACGTCCCGATAGAACCGAACTCTATTTGAGAGTCGGCTCACGCGGATCGGACCAACCACACTTCAGCCCTCCCGCTTAGACTCAATTAAGACTTCCCGACTACGATCAGTGGCGTCTTAGGACCGAAGGCGAACAGCGCGTGCGCGCGAGCGACGGTACCGTTTTAACTGTTAGATGTCTCCGGGCTTGGCTAGTCGCAGGCGGGGGACTGGGGCGAGCTGCGCTCAATGTAAGGAAGAAGTAGATACTCAATTGCCATCTCGGAATGGGTCTTCGGAAATCAACCCAGTGCTCTATTATTGGTCGTGGTGGCAGCCCGCACTCAATGCAGAGTGTTCAGGAGGATTAATCTCGGGCATCGAGATGGGGTGTGGCCCTACTGTTCAGAGACTGGCGTTCACCTTTAATTGGACTACCAAGTCACCTTCTGTGTTGGCCGAAGTACCAATTCGTCCTTGCGGCAAGTTTCCAGGCTACAACATGTCCGCGGTGTATCATTATCCGGACCAGATCTAGCATCCACCAACCTCCTTAATCGGCTCTGGTACCCGGGCACGAGCTTCGCGCCATTAAGCGCTGTATCCGTCGACATCTTGAATGGACATTCG,1746,50.69,Homo sapiens
SEQ_898464,AATAATTGGACTCTGGCTTCGGAAGGTGAAGGGCGGGAACGGGGGGATGCTGAACTGTTACGATAGATTCTCTTCCCGCGGCAGAACGTTTTCAAGATGGCTATCACCGCGCTTCCGGTCGCTCTAGAACGCTACTTCTCTTCTCAGAAAACTGTAGGGGAATCTCGGCAGAATTTACTTTTTGAATTGAAACGGCTCTGGGCCCCACGTTCTTCCTAGGCGTAGTTCAACCGTGTCAGAGTTTGCCCGGAAGAAACGTCTTTTCATCTTGCAAAGGTCGGCCGTAGGGGGTGTATCCATCTTTCGAATGCCAAATGTTGCTTAAAAGGCTTCAGCGGTATTGTTCGCTATCCCTATGATCAGAGCGACACTCCTCCGGGTGCGGCTCGGGCATGGCCCCTTATAGGACGGTAAATAAGCCCCGAGCAGCCTTCAGGACTGTGGATGAAAAGCTAATATGTTGGCTTAATACTAGTTCCACCGCACGACTCGTACTCTTTAAGATCCATCCTATCGCTCTAGTTCATCATTCGTCAATACGTGCAGTTATAACCGCGGCCACAGACCGCTTGGTTACCATGAAGAGTCACGCACTTCCTGCCGTTACCAGGACGTCATACCTCTCTCCCCCGGGCTCATGCCGTGTTATCTTTCGCAGTCACTCATGGCCGTAACCGGCCGAGGCCGCCCATGTTTTCCGTAGACTTTTTTACTATGAATTGTCACCTAATAGACTCTCCGCAGGCCTTGTCCGCCCTAATGTAAAGCTAAAGGCCGTTCGCTGAGATGCAAGAGGTACCTCTCTACGATTGACGCGTGTAGAATTATATAGCGAGCCTTGCCGCTCAAATAGCCTGTGCTTCATCTGAGTACCAGCTAATGCAGGATTCCGAATTCGTGGACTTCGGAGCCTCATACCGTGAGTGCGCAGGGCAGATACTCATTCAGCATAGAACAGCCAGTTGATCTGCCAGTCACCAATATGGGCTACCTGAAACGACGGGAATGTTATACATCGGGTTTACGCGCACTGGGACTTTAACGAGCCGCTGGACAGCAAGGTGACGGGGTGCGGTAGTTGGCATACTTCTCCAGACCGACCCTAGTAGCTTTAATTCAGCACAGTAGTATATGTAATTCTCCGATCCATGGTTGATTGTGACACTGAGTAGGTTTCGCTAGCTGTGTTTTCACAGACCTCGCCCCTTCTATAACCACACACTGAGCAATCACACCTATTAACGATCTCTACTCTGCTTTTCATGGCTAGACGAGTAGGGTCGAACAGGACTCCGGAAGGATAGCCGACATTAATTTGCGGACTACGTATCTGAGAGTGAGAGTCACAAGACCTTAATTGAATGTCCCTTAGCTGCACTGGCCCCTGTACGCTACCGTCCGTAGAACTCCTGAACTATTTCTAACTTTCAGTCAAGCCCATTACAGAAGACTTGGAAAGTGGACATTCGCTAGGGTTGACAATGGATGCTGGTCCTTATATTCTCCCCAGATTATCGTCACAGATAACGTCATTGAGAGAGTAGAGCACGACAATACCGCTCTATGATTCGTAATATAAATCGTCTTACTGCATGCTCGTTCGACTTGCACAGAACTACCGATAACGAATTCACAAGCTGTGTTGTACGTGGGGCTAACAGAGGGGCCGAGACTTTGCCGCCATGCGGTCACTTATGTGTTAATCTCCGACGCCGATCGGATCAGTGTTTCAACCAGCTAAAACTGACTTAGGCGCTTTAAGGATGGACGGGTCCTCCCTTCTGCCAATATTACCGCCCGAAACCGTACCTACCTATACCAGCACGAGGCATACTATCCCCATTCAGACAAGGATGAATCTCAGCTA,1867,49.49,Caenorhabditis elegans
SEQ_687390,AAATAATCTATGCTAGCCTCCAGAACACGATAGAGACGTGCAACAAACGGGCACATTGTTCTACGCATACTGATAATGGAACTAGCTGTACAGGCACCTCCACGGTCTCTTCCCCATCAGTCCGTTCCAGATCGGAATTACACCTGAATTAAGTTCCCCAAGGGGAGGCTAACAGTGTTGCTTCACAGTATACAACTAATGCTGATTGGTAATCTTGTCGCATTCTTAACTCCGGAACACAGTTGCAGCGCTCCGGACCTACGTTGTTCGTATCCGGTATAGAATGAACTGGGATATTCCTAGGCCTAAGAATGTTATGCACACCGCGGAATGGTCCTCAGGGGCTCCAAACAATCTATATCGGCGGCGTTCCGAGGAGTCTAGGTTTTCATCAACGGTCCCTAACGAGGAGAATAAGTCAGGTAGTCGATCTAACAACGGCGCTCCATAAGCGACTATCACTACGGACCCCAAGCATTCCCAGTAGGTCGCTGCTCCCTTGATGATAGACAAGTTGTCCCTTCGGTATAAACCACGATAGCCGAGCCGAATGTTCGTACATATGGAAAGGTTTAACGTTGTCACAGCATAGAACTGTACAGTAAAGATTAGGTAACCAGTGACCAAAAAGGCTCTGTACAGGCGAGCATGGGCACAAGTTCCCTGCTGACAAGAGCAACGGCACATGTGATGATGGAAGGGCCCCATTGGCATTGGTTTAGATGAAAAACCGGTCACTCAAGCGGCTCTCGGATAATTTTGGGGTCCATGATAATATCCATCCAATTCGTATTCAAAGGTATCGGAGCCCATTCTGAAATAGCAAATGATATAGCTCCTGTACACCTCCCCGTTATGGCCACGAAGGATAGCACTCCAGAAGGGATATAGCTTGACTGAGGATAGATGTATTGGCAGCAAATACACCGACTTGCTTGTACAGGATGCCTTAGGATTGGATCCAAGAAGCATCCAGAAAACGGCGGCCTTCTCCATGTTGGCATACTCAACCAGTTGAGGTTCTGATCGCGCTATTAATTCCACGCTGGGACGGAAATATTGGCACCCTTTTGATTGGATCTGAAGGTACCTGATGTGATAGACAAGGAACATTTAACAATTACTAGTTCAGTCTGACAGTATATGTAATGGCCCGCCTTTATCCATGGTCCCCAATGGAAAACATATGACGATCGCTAGATGTTGAGTAAGTGTATTAAATGGTAATGTTGAGTTGATTTGCCAGATACGTTACTTGACATAGCCGATAAGTCGAACTTGCATATTG,1288,46.2,Caenorhabditis elegans
SEQ_234841,CATGTGGGCCCATTAGTCCTACCGGTTTAAGCAAACTTGGACGCCCTCGGTTAGCAAGCTTGCTAATGTTGGGCAAACAAAAGTGCTATAAAGACAGTAGTGTACGTTTGATAACCATGGCTTATCCTGTTGCGAAGACTTGCTAAGTATAAGTGTAGGTATGATGATACGATTATTTCTGGGAAACACAACGAAAGGACAACCTGCAATGGACCGTTAGGACACCTATTATCAAGTATTTGCCGAACGAAAGGTGACGGATTCTTGGCCGAGTGCGCGAGATTAAAAAACGGGACACTCGGAAGGCACCAAGTGCAATTCTGGTACTTGCAGACCCGGGCGATGGGGGCCAGTGGGAGCTCCTCGTATCTGATCCAGCGTCTCGGCCGACATCTTTAGGGTCTTTGTGACCGTATCTCACCGACTGGGAGATATTGAGTCGAGTTGCCACATAGGTCAAAGAGAATTAAGAGCTATGGCGCCCAGTCGATGATCTCAACAATAGATCATCTCTCGCCGTTCGAAAGCCCGTTGACGGTAGGCAGGAGTGACGCTGGCGGTCGGCGACATAGATCTCTGTGGGCACAAACACGTTGATGGGGGGCTGCAGGTGACTTAACCTTTTGTGGACTGGAGTAGCCTGCATGTGCGTTGTGCTGATCAGTTAGTCGCGAGTGTATACCAAAGCGCGTTAAAGACATGTCTATCATGGATCTACAGCAGCGGGTTAGCATGTGGATCGTCAGACAGTGGACCCTGAAT,762,49.87,Homo sapiens
SEQ_299012,TATCCAAAGGAAGTGTTTTTCGGGATGACACTCATATGCAAGTCAAGCCGTCACGTAGTCTATTATGGTCCGGAATGGGATAGTTTCTGGCCCTCTGTAGAAAATGCCGTTATCGGCAGACTTCTCTTACAACGGTCCGGTCTACAATACTATCAGAGTCTTATTATCTCATAAGGGCTACTTGTAGCTACACAGTAGATGTTCTAGCCCGCAGGCGGCTGTCGAACCTCGTCTGTCGTTGGGGGGAAGATAGTTACGTGGTTAAATGCATTGTGTCCGCAATGGTGCTAAGTTAGCAGACTGGAATGCGCGTCTCAAGATACCCCAGTTCCCTCGGATGTTCGTCGCTAGCTAGGCCTGGGGAAAATGATGGTTTCCGACACAACGACTACGATTCATGGGTTCCCTTGCTAAGGAGCTCATGCCTGCACATCAGCGATGGCCAGCATTCGCGGTGCAGACATTCAAGGCATCCTGTTTTCGCGACATCAGTGTGTCGAGATCTATCCGGCATGGAGACGTGTTGCGAACCAATGCCTCGTAGGGATTCGACGCGCTAGCTGTAATTTGGAAACTACGCGAGCGGCCTGGTCTCAGTCGCCGCAACGCACACACCGAAGTGGGGGGCTGTAACTAGGCCTTGCACGTGGTTAGCCTGCGGATAATCCTCCCATTCTCTAGTCATCATCCCATCCCCAGATTTGGGGTAAGACGTCGATTAGGTGTAAAAGGGGAATGCTCGCTTGGTTAAGTCCCCGATTTCCCTTATCCTTTAACGTTGTGGGGTGAAAGTAATCGGGTCGGTCTGCAGATAGTGGAAGTATCAGAGCACGTCAGGGATCTTCTCGTCGTGTTGCAAATGCGCACTCCCGCCGAGACCGATATAACACTTTGTAATATTAGGCGCATGCTGTGATATTTTAGAGGTGAACCCGGGGCCGCTGTATCGGGCAATTCCTCGCAGACTTGATCTTGTACGGTCCCATACTCACGCCAAACCGTGTCGATGGGCAAACGGCGGTCATTCTGAACAGGGACGAGGTCAGCAGACAGGGCCAGTGTTTCGGCTACCACTCCGCATCCTCGGCAACGTTCTGCTAGAGCAGACTAGACGTGGCCGCTATGCTCATCGACATAGGAGGGACATTACGATTATATCATCGCATCAGCTAGGAAACCTCGCACTTGCGCGGCTGACATTGTGACTATAAGATGTGCACGCATTTCATCTAATGAGGGTGACGATGAATATAGTAGAGGACAGAGGTGACTCGCTCGATCCGGGAGATTTCTACAGCTGTCAGCCGAACGCAGGACTCATTGAACCTATCTGATGCAAAGGAGTGGGCGTGTGGGAAACCATTAGAGCGGAAGGGTGCACGATACTCGGGACACACTCTTATGTTCTGTGAGTGGAACGGCTTGAGTATTAACCTAGTATGCGTAAT,1448,51.17,Arabidopsis thaliana
SEQ_246252,GAATTACACTTCACGCGGACCTTGCCGAGTGGTGAGTTCAAGCGCGTTAGGCAATTCGACTTCAGTTGCAAGAGATGACCCCTTCGGAATTGCTCGAGAACGGTTGCGCATAGTTCACGGTCGACGCTATACCCGGTGCGCCCCATGAAGTGATCACCGTACCTGTCTGGATGTCCGGTAGAATTAGCCTGTC,193,53.89,Homo sapiens
SEQ_999935,GATAATTTGAAGGTCAAATCCGGCTATTAACTTAAAACCTTTTACTTTTGCGTGTACGGCCGCGTTAGTTCCTAGAATTACTTAAAGTCTCTCCATCTAACGTCTGCTTACCTACACGTGGTGCGGGGTTCCGTTTTAGAACGGTAGGGATCTCGAATTGCTTTGTGATTTCTTCCCCATTGGGTAGGGTTCATTAAGTAGAACATAATGGCTACACCGAACCTGCTCTTCCCCTCTTGCCAAAAAGATAGAGGGATCCTTTCCGCCATGGGTTCCCGCTACACCCGAAGAGATTAGCATGGTTAGCACCAGGCTCTTGCTATACCTGGTCACGGGTACCGTGTACCTGAAATTACCCCAGAGTGCCAAAACAGGCTATCTCGTCTTTGCCTCATCGGTCATTCTTCGAAGTGAGCTAAAGGGAAATGACTACACTAGTCATCGCTACAGAGAGTACCTAATCTACCCAATATCTGGTATCACGGGTCTTAAGCGTCGCACTGATACTGGTTCAAGACGCCGTTCTCAACGGATGCAGCAACTCAACGCCATACCTGGACACCGTTATTAAAGAGGCTATCCCTGTTCGGTGCCCAACAAGGAATCCCCGTTGTTTCATCGCATGCTTAGTTGCGGATCCCCTTCTGAGATATCTACCGACCCCGCCCTAACGGTCGCTATCAAAGTTCGGCAAGCTCAAACTGCCCACGGAAATCTCCTTCAACACAGCAAGACTAGAGTACTTCATTCCACAAAATAGCAGAAGAGCCTCATTGAAACAGCACTGCAGTTGGAAGCACTATAGTAGAACCCTCCCA,818,47.8,Arabidopsis thaliana
SEQ_657331,TTAGCCATCCCAATCCTTTCAAATTCCTACACAGAGCCGGAGCGTCAACCCCACTGGCGTGACAGTAAAAAGGTATAGCCCCGTAAGAGGGGTCCCATTTCCCTGGGCGGGACAGCCTAGATGGTGCCTTAACTTGATCATGAGCCCTAGAAGGGAGGACAGAGAGATAAATGAAAAACCATTGCTACAATTTAAAGCGTCATTCATACCTGCAGACCCAGAGACTTGAAACTCACGACAACTCCGCTAGTGCCGTTTCTCGCACTTATCAACTTTGGATCTAGTCTTGGGCTCAACTGGGCTGGTGAAATATGGCCCGTAAAGTGGTCTCGGTTAAGCGACTGGTCGTCAACCTGAATTAACTGAGGGAGGAAGCAAAGTGTTTCTGCTTAGCCAACCTGCCAGGGAATTACCTTCTGTGGCTAATATCAAGATGTTTAACACAATCCTTCTGCCACTTGACATCCAAGTGCTTAGCGCAACGAGAAGTCATGCTTATTCTAGCAGCTGTATAACCCGCTCACGCATGATAGCCCGGCCGGGTTAATCGGAATCGTAGCGACAGTAGTGTGCAAGTTATGAGTCTGGCCGGCAATGCAAGAACGAACCGACGGCTTCCGGCTGGCGTGATCGATAAAGTGAGTCCCAGCCCCCCAGCTCACTGAGTCCTGGGGACGACGCCGTGTCCCGCATTCAGAGCTGGCGCCGTTGGGGGAATCCCTGTCTTTCGACGAACTTTATTCGCGCCTTTCACGCCCCAATATCCGGCCTATTTATAACACAAGTCCTATTATGTAGGTAGCCATACGACAATCTTCAACGGGGGGAGCCCCCCGCTGATAGCCATGGACAGCACCGCTGCATATCAGGATCTCATTGGAGACTCGTTCCCGGCAAAGTCCTAGCAATAGCCAAACTTAGTCCTTCTAAAGGGCGTAGTATACAGTGCGAGAATTACGGGTAGGTTGGCTCACCCGGGTATGGTGCGGCTAGTTCGGGAGATAAAATGTCTATTTCACGGTGGGTAATTCATGTTTACATGGGCACAGTGAACACCGACTAGTAACAAGAAGGTGGGCACCATCTGGGCGCCTCTACAGCGGATCCACAGTTACTAGCTGTTTCACTCGCTGGCAGGCCGCCATGTGACGACTGCTACCATAGGTTACAAGAGTCTGCGTCCTACTGTACTTCCCTTGAGTTGGACGAGATTCGAGGGGCATCGCTATCGGTTGCTGCGGCCACCACTTAGCGATCAGACGAGTGCACATGCATCCAAAAGTGAACATCCGTGTGGGAGAAAAATGAACGGCGCAATGCTCACCCCGGTTCCACGCAAAAACTCACTTATAGTGAGGCTATTGA,1365,51.36,Saccharomyces cerevisiae
SEQ_986074,AAGTACTCCACTTGGCGCGTCTGAGAGAACCCCAGTGTCTTTGTTACGTTGGGTCAAATAATAGAGTCGGGCGCATTCGTGGATTACCACGGTGCCACTGAGCCTTCAGTCTCTGTCCCCGTATTCCAGGCAAATGATGGTCGTTAGTACTTCACCAAGATCCGTATAAGGTGACTCCATGCTCTTAGCCTCGGCTAACCCGCAAGGGGCAAGGTCCTACAGATCGTCGGCGGTTGATATCATGTGGTAGGGTTATGCGCTGTACCAGTCTCTCTGGGTCCTATGATCGACTTATAACATTCATAACCATCCCCTGATGAACTGGCAAAATCGCTTTTGGTCACCGCTGTCAGGGCGTCGAAAGAGAGTCAAAACAGCAACTTCATTGTCGAAAATGGAATTTGCGCCAAATTGGCCCTTTACAGCCCGAGCCATTCCAGATTGTTCGCGTTATCTCCCTCACCTCACAAATTTCAATATCTGGGCCGTGTAGAGTGGAACCCACGTGCGCTTACTTGGCACTGGAGTAAGAAGCCCGGTTGGGGCCTCGTCCGTCGAAATCAGACGCAATATTACACCCGGGTGGATCTACGTAATCCTTCCGACGAGAGCGTATTCTCTAGCG,625,50.88,Caenorhabditis elegans
SEQ_126556,ACTATGAAAACATAATGGGCCGGGCGATAGGCGTCCATAATTTCGGAAGCAAGATACGATCGGCCCTAATGCGGGGCCGAGGCCCCAGAGAGCCCGGGACTAGTCGGTGGCAGATTAGGCTCCCACCAGTCCGCCCTCTAATTGTCATTACGGTATTGGTCTAGCAGATCCGACTAGACCGTTAAAATTTTCCTACATCACGCTCTCTTTTTATGAAACGGGGGAAACTAAGGAGACCATACTGCAGGTATGATTCGACCCAGGAAGAGTCCGATTGAGTCCCTACTGCGACGAATCATAGTTCCGCCCGTGCCTTCTGTGTTCCCCTCACGGTGATAACAAATAATGGGTTGGGAAGGAGCGCAGTTCCTGTACCGCATTACGACCGGTAGTAGGCGAGGCAGGGTGCGGTTCTAGGTGCATGGAAAATGTTTCCTCTGCGGGGTTTTATCTTTCCGGACGGCTCCATGATGGCGTGAGATATATGATTTCTCGGATAATTGGTCGGAAAAGTAATTGGGAAATTGGTGATACTGGCCGTGAGGATTCAAAAGATCCGGGTGAGCGAACGTATGCAAAGCAAACGATCTATTCAACTTCTCGGACGCACCTAACCTTCACCAACATAAGGGACGCTTCGTCTAGTACGCGTGGGCGATTGGGGTCCTGCTGGCAATAGCCTGGGCAAGGTATTGGTGTTCGACGCCTGCGAAGGTTTGAGTTTCCCGCGGGGTCATATTTGATCGACCGGTCGTTGCGCAGAAGGGACCTTTACTTTTACCCAGACCGCAGGCGACATGGTGCTGGCCCTGAGACTAAT,820,51.95,Drosophila melanogaster
SEQ_802194,AGTCGCCGCTCTTAAGCTTTCAGGCCCCTGTTCTCGTCATGTAATTAATAGCGCGCACAAGGTCAAAGATCATGTAAAGTGTTTGAGCTATTTGCAATGCCGCATAAATACAATGTATCTAAATATAGCATAAGTGGCGTATTGACCAAACACCCACCACTAGGGATCCGGTGGTGTATCTGATCATCTAGAATCTCGCGCAGAAGACTTGGGCGCCGTACTAGTGGCTCGTCGCAGCCTTGTTTCACCCGACTCTTGGCTTACAGAGTTCTCTTTTCAGGTTCACCCGGGATGAAAGCGTCTCCTAGACCAACACTACTTTAATCACATACGGAACGGCCAGTGGGCGCCAGAGTCCCGAAACGCTCTGAGCCTTGGTCAACATGCGCACGGGCTAATTTACTTTGAAAAATTCTAGAGGACTGGTAATTACCTAGCACCCGGATAATCACAAGGTGCCGCCCTTAAAACCTTGGTAGGGGTCCTACGTCTCGTTGGGCCAGGTGGCCGTCGGCTAGATTTCACATGGGGCTTGCGTTATGCAGTAAATTTTCGTCCGCATCCGTTGCGACACCGCGGAACAGTAGTGTCCAAGGGGCGTCTCCGCTCCCCAAACTGGCCAAGGGGACTGTCTGCGAGTTAGGCTGCACTACCAAACTCGACCGTGTATTTTGGGACAAGTCTACCTGCTTCGGTTCTGTATTCTTCTCCCGAAATCCGTGATCTGACTTCCATGAGTCTGGGCACGCCCCTACACCGACACGGCAATACCTGCATTCATGTGACAGCCACTTATGTGTTCCGCTCTCTAAGGCGGTCATGGTGTCCGTTGCTTTGAGGGTAGAGTGGCTGACTCCTCCTAGTATGCTTTTATTGGTAGGAACGGTTTGAGTTTCACTCCGCTCAACTGAGACCGGGCAGGACTCGCAGGTAGCCCCAATTGCTCCATAAAGCCTCACTTTACCCCGAGACGAACCGGGCTCTGCTTCAGCTCTTTCCACGGTGTTGACGGAAAGGATGTTGGTATCAGCTAGGGTCGCCTCGCTGTGGTTTGGACTCGACGTTAGATCTACTGTAATCAGGTGCTTCAGTTCACCGTCAAAATGCGTTGCTACGGAGTTTTTCAGTGGCCACAGCGGACGCCTCGTGATCACTAATTCGTGTTCTTGGCGTTGTCATG,1180,51.53,Homo sapiens
SEQ_918911,GCCAAAGGGCCCTATACACAGCGAGGACTAACTGGCCGTGGTGCGAGGTAGTGGCCAAAGCTGTGGCGCGGGCATTTCGTCTAATCTGCGGCACGACTGCGTACCATCGCTCACTGGGCGCTCGTTTCCCAGAAAAGAGCTCTGGGAAGCATAAGGTTCCGTCGCGCTGGTGCGACCGGGGGTATGATCCTTATTGGAGTGAAGGTGCGTCTTATTTTATGCTACGTTCGAGCTAACCGCCACGCGTCTCCCTACATGCTTCACGCCAGCCCGCAAGAAAGGGTTCGCAAGGCGGGACGCTGGCGTGTGATGTCCGCCTTGAACTTTTGTGTACTATAAAACATTCTTAGACCTCTAGCAAACTAGTCAGAGTTGGTCGGATCAATCCCCAGCGCATAGGCACCCTACTTGGAGCTTCCCTTTTCTCAGCTACATTACTGGTTTTGTGTCAGCGAGATACTCCTTGTAACCGCAATCCTCTACTACCCGCGCCTTTGTGGTGGCGTTAGCTGGCTGCGGGCCCAGAACGCAAAACGCAATCTTTCGTTTGGCCGGTGTCTCCTGCTCGTGGGTGCGACTCCTTTGTGCCGAAATAACTGCGCGGACAGCGTAGCCCAAGAGTCCCTTTCTGCTGCGCCTGAAGAACTATTGCGGACAATACGGCATGCAAAAAAATTGCCCTCTATATGGACGACCCTAGACATCACCTCCATTTGAGAAGTCACTGTACGGCCGTGCCCAATATTCCGTATATTCGCAGTTTTGAATGCGAGGCCTGCAGTGATCGTACGACACGGGGATCATAATTACTCGGCTGGTCAATGTCATCTGAGATCCAATCGCGTTTTTATAATACTTTACCATCGTTCCGCGGAAAGGGGCGCAGCGTGGCCGCACGGTCGTCTAAAGAGCGGTAAATAGGGGTCCAAAATCTGTGATGAACCCAGCACCATTCATAACGGACGTGGAGGGCGCGGCCTATCCGGCAACACGATGCCCTTTTATGAGCCCAGATAGCTGTAAATCCCCCACCTCATCGCGCAGGGTCTGAAAGCTGGGTCGGACCCCTTCGATAGGTTATGCGAACGGCTACAAGGGTCTCATTATTTCCGCACCCAGTAAAAATAGCTGGATTTGGCGGACGGCGAACCGACGCCATCTATCCATGAGAACTTCATAAAAAAATGGCTCAGCACGGACAGACCATTCGAATTTCGATCTAAAGAGATCTTGACGCGATCAAGTGTACGGGGCACGGAGACTGACCCCAAGGAAACACAGCTTGAGATAAGGATTTTATTATTAAATGAATCCGCCTGCAGCATCGTTCCGTGGCCTATGTCCTGGTGTCCTTTATGGGCGATTCCTATGCTCTCCAGGCCCATAACCTAATGAACCGCCCACGTAGGTCTTTCAAGCCAGTCCTCCATGGCCTCAATACACACGTGACCCGGCGAATTAAGACGAATGCCAGCTGTATGGCGGCTTGGTCTATTTGGTTGATTGTACAATGCGCGCTCTTTGAGTAAAATCAGGTAGCAATATACCTACTCGATGCATCCGTGATCACTACTCGCCGAGATCGACGCCCGAAAGGCTTCGGGTAGGTCTTC,1613,52.39,Saccharomyces cerevisiae
SEQ_242391,CGGATGGGCTCAGAGAACTATAAGCTACATCAGTGCCAGGAAGCCGCCCGGCGCTACGTGACCTATAACAATATGTTCCGGGCATAGACATCTGAAACACGTGAATATCTCTGGTATGGAGAACACTCCCAAGCACGCAGGAAACTGGTTAACGGTAGAACTCCTAGTCCGTACGGGACTGCATCGAGTGTCGAGATGCACCGGCCGTCCAGGTCGCCAGCGCTGGTAATATCCGAATAGAGACACTACGAAACTTTACTTTCAAGAACTGACCGTTGCTACTCAGACGTCCTCAGTTATAGATCGATATATCTAAAGCCATATGCCATCGTGAATGGGCGCTAGCCGAACCCACATGCGGGTGTAATATTCGAGTTCCTCGGTCAAACCAGAAACAATGCGACGTCAGGTCCCAGTGGTACTGCTCTCTGCATATTTAGGTTCCAAGAAGGTGCCTGGAACTGATATCTCGAGGTAGGCGACTTCTCCTCCAGTTGAAGGGCAAATGCGTTCGGAGATCTCTGCGTCAGTTACTGAGCTCCTCTTCAATGATACCCCACAAACCAGTCTCCTCTCCAACGAGTCCGGAGGGGTAGGCCAGATCACAGGCTCGGGTTGTAGCACACTAATCAAGAGGGATTGTCGACGCGCGGAATTCCGACTTCCCAGAGGATATGAATGATGCATATCGCGGGTTAGGACAGATGAGATAAAAATATCAAACAAGAGATATTGTCTCTATGTAGTTGCAACACAACCC,760,49.87,Caenorhabditis elegans
SEQ_499453,CCGCGAGCGCCTGCTACGCGTCTGAACTCGTGCTGTACTGCGGCGCCTAAACTGAGTCTCGGCCTTAGGTACCAACCCAATGTAACACAGAATAGAACTTCACAATGCCTGTAAGAGCGTAGATTTCCGCGTGTTAGAGTGCTTTCGACCTAAAACGTTCCCAACTTGAGTTAGGCCTTACTGTCCAAATGGATTTGTCTAAGTGGCCGCTTTGCATAAGTATATTTAATTCATTCTTCGATAGATTGTTTTATCCTTTAGAGCGTTTGATGCGGTATAATGCTCTCGCGATCGTGGAGGCTGTCTCCGTGTCCCGCAACACCTGGATGCGGTACATCCGAGTGAAAACGTACAAGATCTTAATGCGCTAGGCAAGGGTTTACCGGTTGTTCTGGCAGGCTAGATAGTTTACAAATCCATCAAGTTATGATAGTACGCCAATTAAAGCTTCGCCTCCAGAAAGCTATTGCGTGGTCCGCATAAAGAGTTTTCGGCCTGTCAACAGTTGGAATGTTTGTTAATGACAGTGAAGGTCTAATAGTCCTCTTTCTAAAGGGCAGAAGCGGTGTTCTATCACTGCGCGAGTAATCTTGTCGACTCAACGAATGCACAGCCGTACCCAATTTCCAGAGCCTTACGCGCATCCCACGTTCCCGCCGTTCGTAGGCGAAGGGCTCTTGACTAGGTGAGCGACTGACTAGAACATCCAATTACCTGCGCCGAACCGGAGGATTAGTCTACGACGAGGCGCGCTCGCGCTGAACAGACTTGCAATATATCACGCTGCCGCCCATCCTTTACGCAGACTTTAGTTGTGCATACTGCGGGTGGGTGTTCCTTCCCCTTCGCAGGTGGCTATACTAAATTTAGTTCGAACCGCCCTGGCTTCCTGCGACAGTCTTGAAGGCCAAAGGTCCACCTTGTTGGCAACGGACAGGGATTTCTATCGCCTCAATGCACCAAGATTGGTTCTGGCCCGGGGACCCCACAGAGCTCGCATCTGCGACCTCTCTACGCTTACACAGCGGTGAGGCCCTGCTGCCACGAGATTGTCAAGCGGAGTGGTCGCTGCCTTTCTAGACACCATATCCTTTGGAACGACGTCGCAAAGATGTCTTACCGTGAAAGGCTCTATTGGGGCTAATATCTGGTAACGCTCGTGCTCCCAGAGCTGTGAGCATTTCTATCTTCACTTTGCCTGTTCTGGCTTTAGTAAGGGACACTTCATCCGGTGCCGGTGGAGAGCTTACGCCTGGCAAGCGTGCGGAGCGCTTCATGGACGCTTCACTTTGTCCCGAAGCCTGCAGCGCCAAACTTTGTTTCACATACCACACCTCGGAGGTAATCTTTAGCTGTACAGATTGTTCATTGCCAGGACGCACCAGGAAGGCCATCGGTGGCTACAGACATAAAATCGTGGCGAGAACCCATTATAGTGCAAGACTGTAGAGCTGTGGACTACTAGCCAAATCTCTCCCGGAAC,1483,50.91,Homo sapiens
SEQ_587850,TTAATTCAGCTGTCTGCTTTTACATACTTTTCGAGGCATGTAACTTTAAATCGACAAAGCCTCTATACAAGTTGGCACCACGCGATATGTCCGCCGAGGATGTTCAAGACACATTATCTTGTGTAATCTACTGCATAGTAGCAACGGGGGTCGCCCTTGCGTCATTGACACCTCGGCAACCGCGAGGCTCCAGCGAAACACCGTTGTAATTACTTGTACGGGCGACAATGGATCACTCTATGAGGTGTGAATCTGCTAAAAGGAGGTGGGTCCCAGTATGCATCAGCAAACCGTTAGGTTTCCTCGGCCGGCGCCATAGCTTGTGGGTTTAACGCTTACGGTAGGAGCCATGACGGGCGATAGCCTGACGATCCTGCTTACCCGCTTTGAAGCTCCTGAGATGCTAGTCTAGAGCGTATCCGTAGTGTGTGAACCCCTAGTCTCCCACCAGTACTCTACCTACAGGCGCGAGCTAACTCCCCAAGACCGAGATCCAACCAGCGGGCCCGCGTGCAAATCTTTCGGTAGCTATATTGTACTGTGGACTAATACTTCTTGGGGGTAATTGAGAGTAGTACCGGTAGCACTGTCTCTTTACGTGTCACGAGAGACTCAATGTCGATTGAAGTCTAATTAACTTTTTTTAAGATTTTAAAGCCC,660,48.94,Drosophila melanogaster
SEQ_513957,TGACCCTAAGCTCTCAAATGACCCTAGTGTGTCCAATACTAATGCACCTTCTGTGTTCCAGATATCCTAAGATGAGTCCTCGACGGACTCAGAAGCCTCAACTGATACGATCGAATAAGGTGTGAATGAGACTCCGCGTCAACACCACCGATATGCACGCAGCAGCGTATTTGACATGGCTAGGGCTAGGTTTCGAATGGGCGGCTGTTACTGCCGTGGAAGGGTCTGGGCTTGAAGGCTGATTGCTCCTCACCGTACCTAAACCCCAGATCGGACTGTTACACCTGTTGCAAGGCTCTAGGCTGTCGTCTATCTGACCAGGGCAAAGGCGTAGTGTCGATTAAGTTAGTCCGAGGCCGTGTCGGTCTAACCACTGTCAACTTTATTGCGGGCATAAAGGGGAGCGAG,408,51.72,Mus musculus
SEQ_403447,GGATCGCCCAAGACGTGAAATCCCTCCCTGCCGTTGATGCCCATAATTTACCGCACCAACATTGTAGTTAAGATAAAAGCCGATGGTTTTCCCATGGTCACTATGACATGGAATGTACGTGATCCATAGGCATCCCCAGTATCCCAGTATACACTAGGAGGCACCCCCACCTTTTTGGCTATGGCCTATTGCAATGCAGATATGGGGAGCCTGCGCTAAACAGTCAACCCTTAGACCAAATTCTTCCAGAAGAAGCCCTCGGTTTCCGACCCTCAAATTCCGGCCAGGTCTGTCATCACTGTACTGGGGTCCCGGTTCCCGACTGCTCTGTGTTCGAGCCTCTTTCATATTGCAGCCGTACTCCGATGCCACCAGGGCGTCGTCGATTTATACTCATTATATGACTGTGGCATATAAAAGTAGGACTCTCAGACCTACGTGTGTGCCGAAAGCGAAGAGCCCTTAGGAAGATTGAGTCTAGAATTGGGCTATATATAAGCCTTCACACCGTCTCTATCTGGGGAGTTTGTACCACTAGGACAGAATCATTCGTTTGCCTGAACAGCGGCTCATACCTCATCGGTTGACGAACATCGAGCTACACATCACCCAAGGGACCATTCCTTCCTGGTTCAAACTAGCCTCCGTCACAACGGAACACACCGCATGCCGGTCAATGAGGCGTCTCCAGGATTACAGGCACGGGCTCAGCGGGGATATACACCGCCAATTGGGTCCGTTTCACAAGACGTCCAATTACCTTGCCCCTTCTCGGGTACTGAATCCGCCCTATCCCTAAATCAGGTCAGGTACAGACGTTGAGAGCGCGTGTTCACCGCCGGAGACCGACGTCACTACCGTTCAAAGTCGGTAAAATATACAGCAGCCTACCGCTTAGTCTCCTGACTTGAACATTCCAGCTCCGGACTGAGTGAGGGTCCGGTAGTCGGTTAAATGGGACATATATATGCGAGTCAGCACAGGCGGGGCTTAAATTTCCAAGTCAGTGTACCCAACATGGCACCTCTGCCTGCGCAGCAGCTGACCGGGTCACCTTACTGAGAGCGGTTACATAGGTAATCCTGTTAGGACGCGTCACCGCCGGCAGGCTTCGGAAGCTTGCTAAAGCCTGCGTCGGGTCCCCACTTTGTCGCGAAACGCGCAGCCCTCCTGTATATTCTGTAGTTTGCGATCGCCGGAATAGGAATACGTTACAGAAGCACATCCCGTCTGCGCACCGACCCCTGGGGCTTCAAGCGCTTGCTCCACAAAAACTGGGACTACTTATCACGAGTCACGACGTTAAGAAATCACAAGTACGGT,1323,52.15,Homo sapiens
SEQ_822314,ATTTTAGCGGTCGGCCGTTTACGGCAACCCGGGCAGGATACGACTGCATCATAGGTCACTAAATTGTGTACGATACCTTTCCGAGCATGTCCCGCGTCCACCACTTAATCTTAATGCCCGCCGGTACTCACTCGGATAAAGGTGATGCGGATAAATACTGTTACTTCCAATTAAAGAACGCGACCCGAAGCGTCATATAAATATCTACTTTTCGTTCAAATTCGGGGACTTGCTGCGCCACTTCTGACCCCGGCGAGAAACGCCATGTCTTCGACATGCACTCCTGGCAGCGCGCACGTCTAGAAATCTGTAATTCCCTTTTTGCTCCTCTGCTCTCGTAAGATTAGATGATAAGGGTTCCTGTACGTTCCCCGCACCCTTTACCAGCATTGCGATGCGGCGGACGCTTGGAAGCCGGGATCGATCACGTGTCAACTCCCGACCGGGCGTACGTTCATATGTAAACCAGTGTTCGCCTTCCCTATTAATTGAGAGGCGGTCAAGCCCGCCCTCAAACTGCAGTTCTCAGACGTTCCCGCTATGTATTACGTACTGGAGTTTGGTTCGGTAACGTTGCTCGGTCCACTACATCCCTCTGTAGTGCGCCAGGTGGCAGAATTTGCCGGCCACATGGGCAAATAGGACCTCCACTGCTGGGGTAAACTTCACCGGCGCTTGGCCATTGGCTAGCAAGGGTAACTCATTGAAATCTAAGTAAACCTCCAAATGCACGCGCCAATAGCCGAGGTTGCGTGTAGCCAGAAAGCCGACAAGTACCCGCTTGCATGTTAGACCTTTGCTCTTTATATTATAATTCTTCCATACTTTCTATTTTTTGGTGGTAACCGCTGAAATCATGGTCGAGAGCGCCCCTGAGCCCTAGGAGATCTAGGTACCTCGTGTGACCAGTTCGTGTCTGCGATCTGAAGTGAACCGGCTCACTCATTTTAGGGTCCGTGTTAGTGGGGGATGATGGTGGTGACTACCTATCCATCCAGCCTGACATTAGGCTAACTTGCCACTCCCGCGGTCATCCCGCGCATGGCGATGAAACAATAATCCTGGCACCTACTGTGCCCGGTTGC,1085,51.52,Mus musculus
SEQ_375464,CGTAACATTGCGACTATTAGGTGCTATACTAGGCAGCTATGCATTGCTCAGGAGTGGAAACCCGCTCCTCACCATGACCGTGTGACTGGAACGCGTCTTAAGATCTGCAGCGTTTCACGCGCCTTTAAGACCTCCCCCTATCCGACGCTGCTCTGTGCCACTATGCCATTCGCTGACTGGAAGCATTTGTGTTGCCCGGTGTAGCATCCATTCGTCCTTAGAAATGGACTATTAACGGATGAAAAGACGATTTGACTACGGCCCAGATGGTACTCAATCATATCTATTGACCGGCTTTATCTCTGGAAACGCAACGTATGGGAGTCACCTGTCGGATCAGGAGTGCTGTTGAACGCCGCCATTATCTTCCAACGAACATTCCTCTTCGGGGTCTTCCGTACTCTTTAGATTTATCGACTATTCTTACCGACGCTTCATGCACCTGGAACACTATATACCCGCGCCTGTTTGTACTATACGCCGCCCCAATGACAGTACAGAGCTCCATATTTGTGCTTGGGGTAGGCCTCAAAGCAAGTCAGCGAAGTCTTTAGAAAGACTTAAGCCAGAGTAAAGCATCCCGATCTGGCGTAAGTGGCTCCAACCTATAATATTGATCATTTACTACGGTTCCAGCCGACACCGACCGATTACAACGTCAACTGTGAACCTGCTGATGTCACGTGTGAGTCGAATTTCCCTGGGACAAATAAATCCCCCAGGCAATTTTTCTCCTAATTACTCTATTCTTGCCGACGGCTCCCCTAGTTCGTAGCTCCTATTAAAGCGCGAAACTGTACGTAGGCGGGTATGGCGTTACTGACCGGGGACTATGATCTCCCAAGTCCGAATACCTGTTAAATACTTAGAAGCAGGTCCGAAATTCGGAATCGTTGGTGCAACATGGCGAATGTAAGGGCATGCAGGTGGCTTTATGACTATAGCGTGATCGGAAGCAACCATTGTTCCCAATCGAATGGACGTAATGGCTGCAAAGCCTATCCCATCCCACCCACCGATCTGTCTAAAACGCGGGAAGCTTATCCATAATACCACGGTGTGCTCCACCCTGTTATTGACGGAGGGCGCGTTGATAGATGCATGATACGGATGCCCTCATCTTCACGACATAAACCGGATTGCAACTTTGTTCTAAAAATAGATTGCGCGGCCATTTTATTGTCCACGTGATTTCCATGCAGAAATAAAATGT,1213,48.15,Homo sapiens
SEQ_114754,TGCTTTCGGCCACATTCGCATCGGTGACTGAAACAATCACTTAAATGTTGTGCCTGTCTCGATGCACAAGACAGGACGTGCGACCTAGAACGATCAAAGCTAGCATTTCTGCCAGTGAGCGTGTTTACAAGGGTGTCAGTACAGCTAGTCACGACCAGTCTTTCTGCAGGATCGTGTCGTCCCCAAGCCTATATTTTTACCCGTGAAGATCTTGCATCATTAATTTTTTATATCAGCTGCGCCTGATTATTCCCCCCGGGTGCCCGTTGGTGGTAATGATAGTAAAGTAGCCGCGGGCGTGAGGAGTTGACTATCGTCGGTAATCTTTTTCCTTAGAAGAGCGTCGGGGCTGCGGAAAGAATGTTGTGCGGTATCCATTCTCCGCAGAAAGCTTCCGCGCTAGCGAGCCGTAATTTGTAATCCTTTGAAATGAGACATACGCGGCACCCGTTGGATGACCCGAGTTTGGGTTATCTCCTGGATCGATAGTCATGGTCACATGCCAACATCATGATGGGCAAAATTATGTTAGAGGGCCAATCCAAATGGTTTCTCCAGGATGGCTTGCGAC,571,48.86,Drosophila melanogaster
SEQ_340762,TCGAGTGTAGGAGATCATAGTGAAAGAAATTAAGGCCCAATGAAAATTTACCCACCAAGACAGTATGCCAACCTGCATGACCGTCTGGGACCTGCACATCTCGAACTGTTAACGCGCCACCTGATGATATTTATGAGGGTACTACACGCACATTAGCCTAAACGCGATACAGGGATACCGCGAAATTCAGTACCACCGCCTCTGCAAACAGTTTGTTCGATTCGCCGTCGACGGTACACGCCTCAACTCTCGCCTTTGGATATGCGCGACGACTTGCCTAATGGGGATTTGGTTGTCTTGCTCCACCTCACAACTATTCCATGTCGATAGGATGACATATGTATGTATCACTAATTTACAACTTGTGGTTATGTTGACATGTTTGTACAGTCCCGACCCGGTAGCTGGGATTAGCAAGGGGCGCAAACGTTCCATGGCCTACGTACTTCTACTGGATTTCGAAGACGGTTCAAGGGTTCTGCATCGCGCACGGCGCCTCCGCTGCTATGGGAACTAGCTCCTAGCACGGTTGAACTGCCGAAAGTCCAAGAAGAATACACAGGTCTCCGTGCCTAGCAACTGAGGCCTCGCTTTATTGACGCCCTGGAATTCATACGCAACGGCACCTCCACTTGGGGGCGCCTTGCTCCGGAAGTATAAACCGATTCGCCAATTTCATGTGTGTAGTGCCTGCACAAACGAGCTTAGGCGAAGTTGGTACCAGTTCAACACAGCCTGGGCCCAAATCACGGCTTTCATTGAACTCAATGTTGTGGCAGAAGCGTTTGACAACTGAATCGTGCAGTTCGCCAGGTTTCAGGCGTTGCTCTGAGCCGCTCATCTGGCTTTGACCAGAGCATTTGTCCTTTATAATTTGCGGAATCCAACCCCCCATCTAACCAGGAAGGCAGTGCTGGCGGGAACCACCCAGACTGTTAAGATTTGTATAGGTGGTCGTGGGTACAAAAACGACCGGGATGCTGGCAAGCTGGCATAAACTCTCATAGGAGGGAGTCTTTTGCTCATCGATCCGGCCTCTTGCGCGGTGGTAATGGGCTGGTATCGGTTTCTTCTTGGCCTGCCCTTATCCATCTGAGGAACGCCACTCGAGTCAGGAGGCTCGGCTTCTCATTGATCTGTGACTTGTCACAGGGTCGGGTACTTCGCACGTACGACTCGACGGGGGCGACCAACGAGCACTGAGGGTTCAATGCAAGTAAGGCTGAACGAATCACGACTGTGAATGGCGTCACATCTTGCCGCACGTCTCACATGGTTGCGAATGCTCGATAGCGCATGAGTCTTGCATAAAGACATACCCAACGTTGCCCCGTTTATAGGGCAAGCGGACCTTTTTGTAGCTAAATTGCTCAGTCAGTCACGACACCTTGCGTCGCCGTTTTATTGTGTATAGGATGTACACCTGTTCCATAAAAATGCTCGAGGTCGAGTTAGCTTTGAGACGCACTTGGGTACAATAAGTGAACCGCAAAAGCGCAACGCCGCTTAGGAGTTAGGGAGCGAGCCACTAACGGAAAAAATATACCTCATAGGTTGTCTTACAAACGCGTGTTACACTTGTGTTGGATCTCCCAGCCATGCTCCGACTACCAAGGATCCGCGGTCACGTCTATTTAAGCCCTTCCGGCTCGCTCGGGCGAGTAGC,1666,51.08,Arabidopsis thaliana
SEQ_448314,ACCGGAGGCGGAGGTCTGATTGAGCCCGGGGATGATATTGCTACTAATGCCATAGTCGGGCAGGCCCCATCTGAACGTCCCACAGGTCCTCACCTTAGCCTGGTTCTTTGTCCTTTAGCCCACAGCAGGGACCACAGCTTAGCTCCTCTGAGCCGGTAAGAAAGCGAACATTTTGGGCGACGGCCCGGCTGAGCTAACCCATGGTCCTTAGCGGCTGAAGGGAGTTGCAGAAGCGACCCAGTCTGTTCGAAAATTGAAGATGTATGGTTTCTTGAAAGGCGGGGAAGGCTGTGATAGAGTGAACGACCCTGTCTAGTTGGCTCTCGGCGCTGGACCCCTTGTTACCGCTCGTGTGCTCGATTGAATGGGTCCCCGGAGGGAACTGTCTGACAACATGGAGAACGCAGTATCGGTGTTAAAACTGTAGGGTCATCAGCTTCTTCCTATTAACAATTCCCGGGAGGTGAGGTTGGAATTTGACGGTCATGGTTATAACGGCGTTACATCGATATGTAACTGGATGTACTAAACCAGGTCTTGATGAGGTAAAAAGAACTAAGGGTCGGGTACAGATCCTATATACGGACCCATGTTTGGCGGGTTGTTATGTGCTAACCTCCTTTCTGCTCTTGGTGTCTGTTCGTTGAAGACTCGATAGAGCTATAAATCAATTCAATAATGTAGTGGCAGGCTATGTAATTGGTGACACTGGCAGGTTATGCGAGCGCCAGGTCATACACGAATGGAAAGGGCAGTC,757,50.73,Mus musculus
SEQ_499823,TAAAAAAGCAGCAGATTTGAATGAGAGCCAACTGGTACTAGGCTAATCCCAATTACCTAAAGATCTTTCCTGAATGATCACGTACAGGCTAGGTTCGTTCATTCACTTTTCTACGCTAGGACCGGTCTATTCCCATACATTTTCGGGTCTGGTTAGAAGGTGTCATTATGGAGCAGCACTTACTTCTTGCACGTGAATGCTTTCACCATACGCGCGGTCAGTGCTAAACTGTCGCCCTCATGAACGCGTGGGTGACGCACGTTTTTTTTATTCCCGTCACTCTAATTGGTTCGGTTCCCCAAATCCTCGAAGACGCACCATCGTTACGGGATGTCGCTGTCGAGAGAGTGGTTCAGCACATCTGTTCCAGCCCGTGTAGAATTGTTTGCTCAGCTTAAGTTGTCTTTTCAAGTCCGTCAAGAGGTGGAACGTCAGGCCAGGCTAACCCAGAAAAGTGCTCACGTGAAGGTTATTTGAGGGCACAGAATGGTACGATCGCAATCGAGGGAGTTGCTAAAGAATTCACGAAGTGACGCCGTGATTCATACGGTCGTTCAAGCGAAATGCAGGTCTCAACAGAAAGGTATTTTATCTCCCGCCGAGTTAGAATGAATGTGACTCCACTAGCATTCGCGACTAGTGCCCTTAGCGGAGGACACAGTCTTTAACTCTGACCAACAATTGATCGAGTCTTTATTCATCGCGGGTAGAATACCTGATTCCAAACGAGGGGGTCACTAGTCATAAATCGTACCATATAAGCCACGTCGAC,772,47.15,Arabidopsis thaliana
SEQ_488640,AGAATGAGAATGAATCATTAATGGAATTGAATTTATCCTACATGCGTGAATTTACCTTGACTTGTCCTGCGTTTGTTTGGAGGTCAAAATAGCCACTTCGGGGCAGAGTGACACTCCGGTGTCGTCGCTATCTATGCCCCGCACTAACCATCGCGTGGCTAGTCTGTCGCCACA,174,47.13,Saccharomyces cerevisiae
SEQ_564442,TTGTAATCTTGGCGTGCCAGGACCGTGTAACCTCCGCACTCCCACGCGCGTCGATAGAACTGCTTTGGCCCACAGCTTAACGTCTCGGTAACAAACGTCTGGTGACAACGGTCTCCCCGGGTCCTTAGAACATAAAACACCTACGGAATAGTCCCCCATACTTCGGAAGACTTCCGAGCACCGGCACGACTTCGGCTTGAGGCATGCCTTGGCTGCGCACGGCCTGTGTTCTTGGTGTATAACATGGATAGCTATCTCTTTGGCCCTTGCACTTGTCACTAGGATGATGTCTCCTATTAGAACACTCTCGTAAATGGGAAGCTACCAAAAGCCTGCTTTTTCAGCCCCCCGACGCGATGCAGGCCTTAACCGTGTTGTAAGAATACGGAAATCACACTATAAATAGTCGATCGGAGTTGAATGATCAATACTACCCTGGTCATGCAGTCATCGGTCAGCTATGCATGAGGAGGTGGTAACTCGACGCATTATATAAGAGGCGAACAAAATTTCTTTAACTCCGTCACGCAGAACTGGTGCTAGGTCTGTCATAGTTCTAATGTAAGATTTTGTATTTTTCTTCTACTCGTCAAGACAGCTGGATGAGTGCACAGTCAGGCTACCGAGCGTTATGTAGTATTTAATTACCTATTCCCTTCCGATTTACATACGCTCGGCAAAGCGTTGCAGTAGACGCCTGGGTTTTTAGCTATCCCCGCCGGGCCGGGTAACATATGGGGCATGTCAGGTCGGTCGCCAGTGATGCGGGAATCAAATTCAGACTGCAAGCTAAGATCCGCCTCAATATCGCGAGCCCTCCTAAGGCTGATTATATGAGATTATTTCACACCTTGCTACTAAATTCTAGGTCATGGTATTCTGACCAGATCGGAGGATGAGACTGAGATAATATCACTGCTGGTGCATCAACATAAGATCGAATTATGTAGAGGCCCGAAGGGTCTACAACAAGACGCATCAGAGCCTGCCCTGTCCGGTGGCGGGTGTAGCCCAAGAGGAAGATGCTGAGCGCTCAGATTCAGATAGAAGAATTAACAAATCTAACTGATTAAGATTCCATCAGAACAGCGGTGACGAATCCAACCATCACAATTACGTTCCCTGTGAGTTGTGTGAGGCTGTTTCTTGGAGCGTTTCAGTACAGTTGATGACGAGCGTCTTTTTTGGAGAGTCTACCCGCATCTGCGTAGTCGGAGTCAAAGCGAAAAGAATAAGGCACCAGTGCGGCACTGCCCGTAAAGACTACGCGAAATGGGGCCTTAAACGATAATCCATGCCCATTTTTGGCGGAGCCAGGCGTGGAGGCCTCACCGAACCTGTGGGGATGGTGCGCCTTAGTGTAGTTGGCCAGGAGCCCAGCAAGAAGTTGGCCATTAGGAATGGCTGACGTCTCATGTCACCAGTCGGGCTGTCTGCTATGCACTTCAGCGAGTGGATCCACCTGAACGTTGTACCGTCTCGTATGATGTCTCGCTATGAGGAATAGTCCTGCTGGTGTCACGCAACGCTCCCAACATGCACTCA,1545,49.71,Drosophila melanogaster
SEQ_167987,CATAGCGATGACGATCGCATCCCTTTGCTGAAGACTTCATTGTGTGCTTTATATCCCGGTAAATACCGGGGAAATGAAGCGGAGAGCATAGGTTAACCTCCCCATCATGTACGTGTATTGCAATTCAGACACCACGTTGTCATCGTAATCAAACCTCCTTAGCATCAGGGTCGCCGAAGCCTTAATCATCCCTATAGCGTTAAGACTGTAGGTAATATTAAGAATAACTTTACTGGCCTGATAGCTCGAGACATGCCATAGCCACTACATGCCGATGATATGACATTCGCATGTAAAAAATCACCATTTATGGCTCGTACGATCCGGCATCAGTAACCGGGGCAGCCAAATCGGCCGCTGGGCAGGAGGAATTTTAACTATTACGTCTTGTCTCGCGTCCACCGCGAACGCACTCTTTAACCCCGCAACCCCTTGTTATAAAGCTCGGTAGCTGTATCATGTATGAGTTCCACGTCTTCGCCAAAAAGAACCAATCCCC,499,47.09,Saccharomyces cerevisiae
SEQ_502156,TAAGTTATAATCGAATTGTCGGTCTCGCAACAATTGCTTTAAGTTCGGACATAACATGGTACCGATCCCGGTAGCAGGCACTCACAGCATCAAGGAAGACCAGCCTCTTTTTACCAACTAAGGACGCACAGGCAAAAAAACGGTGTCACATTAGGCGTGACGACCACCCAGTAGACAATCTTCTGTACGTACCGTCAGACTCAATCCACAGCAGGCTGTTCACCTTTACATTCCTACCAATATGAGCAATCTGGAGCGGCTTACATCGCGGAAGGGATGAATGTCCCTTAGGGGATTTTACGGTTACCAACGTTATTGGGCTACTTTCGCTGCCATTCGGGACGGTCAAGATGGACGTCGACAGAAGCGGATTAGATTGTGACGGTCAACAACTGGAGCGGGGGGGCGGGCAAACGTA,418,49.52,Arabidopsis thaliana
SEQ_538263,ACCCTGACTTGTGTAGTAACCTATTGCATAGGTGGCGCAGCGGGCTTTTCTGGAGTGGCATATTACTTTATATGACGTGACTTCAGCGTGTGGGCGCCCAAATACTACGGATCTGGCCGAAAATTGCGGATGTCATGTCTGAATGCTGGAGCATCAGTCCAAACCATCTATCAAGGGAAGTACCGTGCAGCATACGCTTCGTTCATCCATTGGTGGTCTGGAGATAAACCGCATCTGGGATCTTGAGCAAGGAATCCCTCGAATACAATCGGAAGACGTTTGAGAGGTCGATCTCGGGGAGTTCAGTCAAGACGCCTGGACCAGTTTAATGCACTTATAGCTTATTACTCGGGATGGTTACGTGGCGAGAGCTTGCAGCTTGATGCGTTACAACCGGAAGTTGAGGTACTGACATGTGAAAATCTGGAGTATCTTGAGTAGTGCTCACTCTGCCGATTGTGCTTTTAGAACACTGCGTTTGAACGCAGTCCAAGACACTCCCAACGGATCAATAAAATACCAGGTGCCAGCTTTCTATACAAAGCACACTGATGCATTGGCCCCGGACAGGTATCGCTCCCCTATGGCTTTACACTGGTGGCGTAATTATGGGAGGCTCCTGGGAGATATATTATAATTAGGTCCTCAGTGTCCATCTGCAAGCTGGCCTGAGTAATCAGTCAAAATATGACTGTCCAAGCTGTCTTTATAATTAAAATGCATGGGCTCCGGTTAGCCCTTAAGAACGGAACCCCCGCGGATAAAAAAACCCGAGCGGCCGATTACCACATGAAGCCCCTGGCCCAAGCTAGACCGTCGTCTGAGAATTAGCTATTCATACCAGCACGCCTTTAGGTAATAGTACACTGGAGAATAGCTCAGGCGCGAGACTGCGGTTCAATAGGCTATACTTCGTGAGAGTATGGTGCCGGAGAAGTTCATGCTTGCCATGGCCTTATGCGCGATCCTATGTTCACATGTGCGGTAACTGCGGAGCGCGTATGGTTCAGATGGTGTATCAGAGTAGCAGTCGCGCTATCCA,1042,49.04,Saccharomyces cerevisiae
SEQ_605250,GCTCATTTGCCCTTGCTAACAGGATAAACACGACTTGTTCAAGAATATAGACATGACAGGCCGTTCTTTGTAAGTTAATTATCCGACCTGGCATACCTGGGGAGACATCTCCCAGTTAATGCGCCTGATCAGCAAGCCGCCTGCATGCCTACCTTACTACATTTCGTCTCATTCCCCGAACCCGGTTCAGCAAGGATGGAACTCTGGATGCTCGCTCGTCGTTCGCGGCTTGGTATGTACCAAATAGGCGTATTACAACTGTGCCAGAGCAGTCATGCGGGATACCGAGTCCTTTTGTACGTAAAGAGGTATTCGCAAAGTTCAGATTGTCGATCAATAAACCAGGTCATTGCACACGTCACTGAGCTTGATCGGTAACACTCATCCCGATAGGAAGCAGCGACTCGTATTCGTGAAAAGATCTGTGCCACATGAAGCAGGTGTGACCTCACACAGATTTTAATGGATTCACGAACTGATACTCAACTAAATTACTTTAATAGGTGCCCCGCTATCGCGGAAGTTCTGTAGGCCCACTTCTCTAATTCGGACCCCATCAACAGTGTGCTTGTAGTCATGGCTACCGCTAACGCACATGCCGACCCTAGTCAGAATTGGTCGCACACTGGATAGGGAGGATAAGGACAGAAGAGTCGATCCTTATATTAGTCCGCATTGAGCAGTGATGCGTACAAGTGGATGCGCGCGGCACAAAATATTTGAGCAAATGATAGTTAGAAAAATGAATGCATTGCATCACTTCGTGTGAGTCTGTCCGCGAGCCAAATCACCAGGCGTCACCTTGTATGCTGAATAAGTGACGATCAAACGTATTAATATTGCTCCCAAGTTTTAGTTCCCAGGAATAGTACACCAATCTTCATGCGGGTAAACCCGGTAACAGTAAAACATTCTATGGTCAGCCCAAACTGAGAATAGGCTATTGCATAGGAATCAGCGGTACTGACAGCTACTATCCCTTTAGTTCATTGCCCCACACGGCCCTTTGCTGGCAC,1016,47.05,Mus musculus
SEQ_626011,GTCAACTCGTTTAAACGTTCTAGCTCCAAATCATTGTGATGACCGCGTTCTATTCGGCTCCGAACCCGTCTAGCTGCAAAGACTGTAGTCCGTGACTGTCACTGTGTGTAAGCAGAGTCAGTATAGATGAAGGAGGGTGCGGGTCGGAACTGTTTGACCGGGTGGTGACATGGCCCGGCGGTTACGGATACCAGACTACGATGAGTTAAAGTAAACTAGTTCACAAGGCGAGAACTGACTGCCCAATGGCCTGAAGGTACGAAAAAACTAATCTGGTCTTGACCATGCCAGGGGTACCATAAACACCAGATTACGGAGAAGCTGATAAGAAAGGCTCAAAACGCACGAGGTCGAATTGAGCCGCCAAAGCATCGGTGCATGACCAGAAATCTATCCCCTTGTTGAACGAGCATCCGGAGGTTGTCAAACTGGACTCCCTCGCACCAGTACGATCGCTCGTTTTGTCCTTGCCTAAGTAAGTATCTATATTCGTGGTGGACGGGATTCCTGGTGGCCTAGCTCCTTGATCGTATCACTTTGGCTACTTCGAGCCAATTAGCGGAGTCATGTCGGGTGGCCATAGCATTGGGCCCTTTGTATGTTGAGGTAGGAGCGGGGGAAGAATGTATCAACATAGTCATGACGCGTTTGAACTCCCTATTGGAGGATAAGAAGTTGAATCGGCAGACACTTTCGGCATTGCAGCACTTCTCATACGCCTTGGGGCATTAGTTAGATGTGGAACCTGACACTTTCCAAAGCTAGTTTGACCAACGCCGACCTTAGCAGTCGGCTTTCACAACCCTCGAGCCCCATGCCATATCATGCTCGAGTACCACTCGAGCTGTCCCCTGTGCTAGCGCCTACATGAACACAAAGGCACCAAGGCATTTCAACGTTTAAAAGATGAGAACTCAAGGGCACCGGAGTCCTTGTCCCACTGTGGGGGATAATTAGTACTCCGGTTCTGTGGATGGCATCCTACTCCCCTACGTACTGAGGGCCGAATGTTCGGGTCGACGCTTCCAGATCCTCACGCGCCTATATACGAAGGAGGTTAAGCAACGAGTCTGCCAAGAACTAATTATCAATGCCTTCTAGGGTTATCGGGTGTCACTGGCTTTGATAGGTCCTATTTCTACTCTGTTGGCCCAGTCCTGTGCTACGATCCCTGACATCCCGCAGGCGATCAAGTCACATAAATTAGACCGAGTACGGGTCTTGGCTTTCTTTCTCAACCAGCATTTGCTAGTACACATACCCGGTTTGGTACGAATGATGGCTCCCTGTATCTAGACGAGAGGCGCGAACCGCAACACTGTGCTTTAGGTCCCAAAAGACTTGTCCGTCATCATTCCCTAAAGTTATCTCCGTAGCTGGACGCATTTTCACCAAAAGTCACGAAGAGCTAATCATTTTCATTAAGTAAAAATGTTGTGCTCTGGGGCGCTCGTTCAAGCACCTGCTCAAAAATAGATCCAGATGCACTACGAGAATAGCAGTGTGCACATGACCTGGGCGAAGCGCCTACACGCATTAGAAGTCCGATGGCGACTGCTTTCTTCGAAGCAACAGGGTGGTGTTCAGCCACGAAACGAAGCGAGAACTAGCACTATAAATTCTACCATTCGGGTCCACTGTTCAACAACTCCTCTGTAGTCGTGCACATGGTAATTACTGCCGGTGCACCAGGGACGCAGAATCTGGACGCCGCCCGTCGAGAGCACGGGGAATTGCCGAAGGAAATTGATCACAACGTGCCGCTGAGTCCAAGCCATTGCGTATCGGGGCGACAACTTGGTCGTACTAATGCGG,1815,50.36,Drosophila melanogaster
SEQ_361132,TCTGGAACGACACACTCAGACAGGATCTAATCTTACTTTGGTGCTAATACCCAGTTCCAACCAAATAACCGTGGGAAAAAAGTCAAGTATGGATTGCTGGTCCCCGGGGGTCTGGAGTACCCCTTCCGTGCGTGTTATCCTGTAGATTCTTTTGGTTCACCGGCGTACTGAATTACACCGATTTATGGTTACAATCAACAAAGATCGAATATCGAAACCAGATGTCCGCCAACTCCTTGGCGGCGGCGATAAAGGTCGGAGCGTAGTCCATGTCGTTAAATCGCAACGAGCAGCGGGTGCCGGTCATCCTATCAGGCTTCATACAACCAATTATAGTCCACAGAGCCTGCAGTTTAATGGTCCGTCCATGTGAGCAGTGGTCGTGTTCGATCCACCCTTCCGGCTTATGCTTGTTAGAGCCGATGAAGTGGGCCTCCACGTCGCCGCCCTCCTCTCATTACATTGTAACCCGAGCCGGGTAGCCGCAATTCCTAGACGAATCTCCACGAAGGAAGTGCACGATAGTCGGATGTGTTAAAATTTCGGCGAATCATGGTCGGCTTAAGTACACTTCTCGACTAGGTGCGCCCAGGATAACGTATACTTAGCTTGTTTGAGGCATCATAACCTTCGCTGGAAACACTTCATCCCAAGCTGGTCTTCCTAAAGATAGAAACAGCTGAAGCTATACACAGATCAAAACGTGGGATTAGATCAGCGGTCGGATGACGCACTCATCCGCGTTTACTACAAACTCCGTGGTGCCATGGGTCATGTTAAAACCGAACACCTAGGCGCGTCAAACCGTGCCACCACGAGCTATCAGGAACCTCCT,835,49.94,Homo sapiens
SEQ_675720,TTCCTCATATGGCCTCCCAAGGATAACTTCGGTTACACACCGAGCCTTCTACCGCCCTGCCTTGATTAAATCGGATGATCAGACACATTTGCTCCTTAACGGAATTTGGTACTTCGCTATGAGTTAGGTTGATGGGAGACCGATGTGTTTAGAGATGTGTTGGACTTAATCGCGGGAGCGTCGTAATCACCAACTCTACTGCGGTGATCCAAAATTGGTTAAATTCAGTCTTATAAAAAGGCCGTGTACAAGGTAACCCGGTCTTGTGCTGGGTATGTTGCTTCGTAGAGGAATTGTTTTCCTGACACCTGAAAGCCACCGCCACCTGTACACCGCGAGTCATCGTTCTCCGTGGGCAGCGTTCTTGCAGACGAGCGGCATGCGTTGCGGAACACGAGTCCTCGCCCGCACACGCACTAGCTAGATTAAGGAAGTGAAGAGCTACTGTCCCCAGTACACAGAGAGGAGCTGCAGTAGGCGGAGCTACCCGGCGGAAGGTGTCGCCGGCCCGCCAATACACGCCTTGTTAAGGGGAAGAGCGGATATCGCAGCAGGTGACCTGTCTTCCACGTCGACGACACCCGGGAGCAAAAGTAATTAGCCTGTAACACCGTTTAGTAGGGCCTACTTGTCGGCGACACGACCGCATTTGTTGTTTTTCTTTAACCCCAAACTACACGCTTGCCTCTACCAGCCACGGCGGATAAGCGTAAGTTCTGCCCGATCACTTCTTGGCGTTCGCTGTTAATTTAACGTTTTAAGGCTGTCGTTAGGTGTGACATTTTTCATATTGGGACCAAGCAAACAAGTGAATGTTGTGATAAGGCATCGCAATTACGGATACGCCGTAAAGTTGTATGATTGAAAATATGCCCAACACTTGATTTACCGAGGCAAGAGTAGCTACCACATCCGAGTGACCGCGTTTGCGCTACGGACCTCCGGCGGGTTTTGCTCTCGATCACCACTGTTGCTCTAAGACTTTGTTGAGGATGTGAACTCCGGATCTGTCAGTACACCCAGCGATGTTACTCTGTCTTGCTTGCTTGGATCGGTAAGGAGGACTCCTTCGGCCTAGACACTCTAAGGGCCCTTGCCAGTGATGCGGCCGGGGAAAGTAAACATCTCTCCATAGTGCGCTAGCACGAGACCCGTTTGTCTTTCCCTTTGTCCTTAACCTTTTTCCAAACATAGTACTGAAAGGGCTTCTGCGTCGGGTCAAGCCGCTGATCCATGCAAGATTTAGAATCTGCGCAGTACTCCCAGTGGGAGGGACTAGTGTTACACAGTATGCCTGCATCAAACAGGAAGGCCATTATTGTCAAGAGGTTCTTGGATCTAGCCCCGTTGAAATGTGTCTTTCTAAAGGTGCCATCCCTTTAATCGGTCGTCAGATATTCGCTGGATACGAATTCTAGGACTGCCTAGGTCTTGTGCAAGCGTATTCACGGGAGGGCTAATTTAATGTAAGGAAGGATTGTGGCCTCGCCGACGCCCCCCCACGTCATTTTTTCCTCGATAGGGGTCCACTTTCGGATTACTTAGCGCGAACGAAAGAACTCTACTGTAGGCGGCCGGAAGCCATCCTTAAAATAACCCACAAACGTGAGTGCGCCTAGAACCGTGGTTGGAA,1633,50.4,Arabidopsis thaliana
SEQ_263699,AGTCTGGCTTCTGAATAGCATGAGTCGGTTAATTAAACCCAAATCGTCCAAATAAACCTCGAGATAACCACACCAATCGAAGCCGATCGGGGTGAACCGCACCAATGAGTACCCACGTCAAAGGGGGGCACCAATGGACGAGGGTATGTAGGACACAATAATCCCTTCCGTGTTACGTCTAATAGACCGAGAGGGAGTCTGATAAGTCGTCTATGCACTAAGCAGCTAGGTAACTTTGAGGGGACGGAGGATTTGCCCGCTTCTTACCGTCGCGTAGGTGTACCCGCGGATCTCGTATGCGTGCGCTCAGAGTCCCCTCATAACAGTGAGCAAAAGTAGTGGCTGGACCCCTCGTCCAAGGAGACCACCTAGCCCCTGAGGGTCGGCATTCAGTCCCACCTTTAAGCCCGTATCCCTCAAGCCCCATGTACGGGGCTGCAATATAAGACGAGCCTGTAGTCGGCGAGAAATTATCGCGGATGCGTTACATATCTTCTGCTACTTTGTAACTTAAACCATATGTCACTCGCAGGAGAATCTTAACTAAACTAACAGTGCGTTAGTTTTCACGAAATAAAGCTGGGCTTGTCAACGCAAAGTCCGGCACTCTTACTCTGTGCTGCCCGCATCTCAGTGGATCGTATGACGTATCTGTTGATAGGTTCCAGGCGTTTGGCAAGTAGTTTATAAGCCTCATTGTCCTGAGAGCTAAGCGAAGGTTCGTAGGGTACGCGCGTTATTAGGTGGAGGGACTAAGTCGTTCACTGACCTTTGCTGCAATCGCCCGCGGCCTATGATATTCCGGCCCCGTGCCCATCTCGCGTTAAAGATACGAGGCCGTCAGCCTACCCCATCGAAAGCAAATAAGCAGGTCGCAATGTGTTGCTATGGCTTCCCCTAAAGTCGCACCAGCATCGAAATTTGGAGGACATATGTCATCATAGATGCCTTGACTGAGCTTTCACTCCGTTATTCAGTGGCCAATCGGCGTGCTTTCTCCCGCTTCCCAGCCGTGCCTTCATTACCGTACCGACGGCCTGATTCGCCCGGAACTGCCGCATGTTGAGGCCAGAATCTAGTATCGCGTTTGGAAAACCCCTCGCTACGGCCCGCGATCCAAAGAGTTATTATACCTGATCACTCTATCTCGAGGCGAGTGTGTCTGCAAATGTGCTATCCAGCAGTCCGTCCAGCCCCGTCGGCGGCTCGGAGTCAAGGCTTACTGCACCTCTCTAGCAGTCCGACGCTCCAATTTTTTGTCAGCGACAGATCGTTGGTTAGACGTACTCCTTGCTACGACGATAGGACTACCAGGGAGTACTATGTCAGCATTAATAATGTGGATGTTACGGCTCGGAATACCTAG,1366,51.46,Homo sapiens
SEQ_975452,CAGACGTTTGTCTGTGTAAGGGGAGGTGTCCGGTGCCTTACCCTCGTCACAACAGTATTTCATACAACCTCGTGGGAGGAACTCCTATCCCGGCTCTCCGTCCTTGCTCACCGCATCGGAAATAGCAATCACTCGACTGGTTGATCGACATCAACCTATTTTAAAACGGTCATTCGGTGACCAGATTTCTGAAAGATTACACCTCCCGGAGTAATCAATAGAGCCTCTCGGGGGGTAGGTGGCCCAAAGTCGTCTAGTGTAAGTGGATTGAATGGACTGGTGATCTACAACAACGGCCCTCTTTTTTGTGCCACTCTTAACAGCCAGCTGGGTTCAGAGCCGTAGTAGTCGATCGCGCGCACTGCTAGCCCAAAGACACAATGAGAACCCGTGACGGAGTGAAGGGACGCGACACGTTTCGATGTATGCCCTTTTTGCCTTCATCTAAGCAAGTAGTGGCGCGCCTTTAGCGGCTTGAACCGAGATATGAAAGGCTAGAATCCACAAGAAGGTCGATCCTCGGGTTCCACAATAGCGCGTCCACGGCCGGACGAATGGACGGCTAGCCCGATGACCGTACAGCACGCCGTTTTACTTAC,599,52.25,Drosophila melanogaster
SEQ_828216,CCTATTGTGGCGCGCCCTCCCTTTGCCCCCATCTTAGATGCTCAACCAATAGGTGCAGCTAATTCAGGCGCTCCGGGGACGATTATCAGTAAATTAGCTAATAGACGTCCCGTGCAGCCACGCGCCGGTTGCTTACGCGGCACGTCCGTGTTAAGCCATACCGCAAGTATGAGTTTAGAGCTTGGTAGAGACCCTAAGATAAGCGACGAAGAAATGACCCAATCAGCCCTTCACGTGCCTTTTTGTCATTGCTGATTGCGGCTATGAAGCAGGTGCTTACAACACATAACCTCTGTTTCGGCGAATGGATTAAATCCGCATTCGTTGTCCGAATAACTAAACCCCAAAACATGTGCTACCACTCGCGGCGACACCAACGGTGTAAAGTCCTGTACCCCCCCGCTCCTGAATGCCCCCGCCCCTGCTTTACCCTTTTACGGAACGGCTCCCAGGCGAATCGTCGTTAAATCAAGATTAATGGAGCCTGAGCCAGTTAATTCTTGCTGGGTACGCCGTCGGTCCCGCGTTACTAAGTGATGAGTTAAACGATTAAGCTACTTTCTATAGGCGGTCACCGTACTAACCTTTGAATTGCTTCCTCTATCATACTGCACACTAGAGCAGGGGTGAGAAGTAATCACAAGGGGGGGGATAGCGGGACGCGCGATGACAAAAACCTGCCTAAGGCGATACCGTTAAAGCGGTTGAAACCGCCCCCCTCACGACGCGCTATACCATTATCGAGCTCGCATGGAAAATAGAACAATCCTGTTTACCATTTCCTAGATGACTCCTTGAAACAGATGAATGAGAACGGCAGGGAACAGGGCATATCATCCTGAGACGCGTTTGGAGGCTGCCTCATGACTCTTGAAGGACCATAAGGGTTGCGAACGGCTCGGGTTCGAACTTGTGGGCCCTATTGTTCGCAAGCGTGACAAATGTATATCCTAAAGGAATGCAGTGTTCTGTTAGTGTATCTCCTCTGCAGACAATCGCACAGAGTCCTAAGTTTTACGAGAACAATCTCCACACGTAGGCTAGTCCGTATAGGTCGACTGGATCGAGCAGTCCACTTAACGCAGCGGGGCCACAAAACATCGATTTGTTTTGCGTGAGTTGGGTCGAGGATTATTTCACACAGGAGAAACTTAGGAGTGCCCACAATACCCCCGGCGCACCTGAGCTCCATACCCCG,1198,50.75,Caenorhabditis elegans
SEQ_559403,GCTGTCCCCTGCGAGCCCATGACATTCGAGCATGTTGTCATACTAATAGTGTTGCAAAATGAAGCGCAACAATAATGTCTGGAATATAAACAAGATCTTGTGCCGGTTCTCTTTTGTGAGTGAGGTTCACACTCTACGTGATGAGTAATGTGCCGGATAAGGGGATACTACATTAGGGCGCATTCGGCCTCTAAGACAGGGTCGTAGCCTAGCCACTATAGTAGTTATGACCGGAAGGGGTTACGGTCATCAAAGTGCCGCTAAAAGACTAACATCTACCCAGCGAGGCTGGTAGTATCAGAACCCTCTAAGCGCACTGAGCTGGACTCCCCAGCTTTCCGGTCGATTTTTATGTACGTAAGGTTCATATTGTCACCCCACCCAAGTACAATAGACATGGTTGAGTGGCTAGAGTCGGCGATAAATTTTGGCCAGCGCCAAACGCGGAAGGAGTGTCATCTGACGCAGGTCCTAAGCTTCACTGAGCGAACCGCCTTCGTCACGTATTAGAGCCGAACCCTGAAACAAATCACCATTTCGAATCATTTAGTGCTAACGGGCTGCTTGTAGAAATGCAGAGTCAATATCCGACTGGTATAATCCCTTTAGCTTGATAACGCAGGGTGTTCCTCCGGGAATTACCGAAACCAACCCCCTTCTGAGCAGTATTGCTCCCCCACGGTAGAATTTCAGCCGAGACGGCAACCAGAAATTACAGTATGTTCGTACGACGGAACCGTGGAAATGGATGCCACGGGAGCCTGTTTTACCACTACCAACTGGTGGCGCAGTGTCTGCCCTTACACGCCCTAGCAGGGCCTTCGAAACTCGTCCGTAATTTACCCATCCCAGTGATACCCTACTGAAGGACATGGCGGTGAATGGAATGAGTGCCCGAGCATCTGTTAGATCCGCTGTATATATCGCGGGGGGTGTAATAGCCCATAAAAGGGAAAAAGGACGACTGTCCGGCCCGACAAGGGCAGCATGACACAGCCCACTCGGCAACCAGGCCTACCCCCGCAAGAGTATAAGTCTCTTCTGAGATGAATTAACCACTAGTAGGTATCGACGCTCGGTTTAGTATCGTCCAGCGCATTATGGACCTTATGATCAACTACGAGCCCGAAATTCCCCGCTCCGGGTTGTCCCTCGGGTACGACAGGTGCCACGTCATTAGGTTGGCCAGATTAGGTAAAATGTACCGGATAGTAAATTAAAGTCCTCTACCACGCAGGGGCGATGAAATAAGCTCGAAGTGCGTCAGCGCGAGCGTCTCCCGCATTAATCCGAATGCCAACTTCCCCCGAAGCCTTCTTTGTATGTTTCTTGCCTGAACGTATGGGGGCCCGACCATGAATGGTATACCCTCATTTATTGGCCGCCCGGTTCCATGGATCAGCGGATTAATGGCTCAGCGTGAAGCGAAGCACGTCTCTACGAATGTTCAGCGCGTTTTATACAGGGAGTTAGCGATCCGCAGTGCAGAGTACGTTTCAGAGTACATGGCATTCTAGATGCGGGGATAGTTCCAAGGCTCTAAAATCTACTCAGCAATAGGCGGCTCCCAGCTGGTTGAGGGAACCTTGCAACTCCCCATCGTTACTTGCTGATCGCAGCATGGCAATGCATCTAGCTAGTATCGCAGTTCCAAATCAAAAGCCAGGTTGCAGAAAACTACACAAACCAGTTGCTGGTGGGCTA,1704,50.41,Mus musculus
SEQ_750318,TGCATTCTATTCGGGCGCACCTGACACGCCTATGTCCCCCTAGTTAGCCTATTGGCAGGCGGACCCACAATTAGAAAGTACAGGGTACGTGTGGAACGTCAGGTGGTCCCGGTCAATACTCCATGACATAGAACGGTCCTTGTACTTCGACATAAGCCTCCTCAAACAGGGATCCGCCTGGGAACCGTCCTGTGGCTTTGGGCGGCAATTTACAAACGGGTACCTCCAGATTTAAACCAACTTTGATATCGGCTGACTTGCGAGTAAGCATATAGGGGCGAAGACAACGACTAGAAGTACAACTCACGCAAAGAATGCAAAGAAAGAAACAGTTCCTCCTTCCGCTCATTCGTCTGCTCCTTGGGCCGATTTTTACAATTGTCCGGCACTCAGTGACCAATGCCTCAGTAACGAGAGCCCAGCCGTCCGCGACACCCACATAGGGTACCGCCCCTGCTCCGTAGCGACTATTAGTGCGACGGAACTTTTAATCCCGACGATAATCTACCTTTATTCCCGTTAGCACAGGGGCACTATGTTGTATAGAACCTAAGGTGCGCGCACAGGTGGATTCAGTCGAACCTCTGTCCGCGATTAAATTGACGTGCGGTGTGTTACCTGAAGGATCGAAACTGACTTGTTTTCTTAGTCTTTGCTTGGCGCTGTTGGCCTCTTTCTCTGCAGTCCACGTTTGTGAGGACACCAGCACCATGCTTGAACCTGCTTGTTCTGGCGCCTTTATTCAATACCGGGCCAACGGGCTGCCCTAAACGCTCCAAGTTGCCCCCCACAGCAGGCCGGCTCGTATCAGTTAATAAGTGAAGGTGGTTTAAGCGTCTGCTTTGGTGAATTCCAAAATACGTGCACTCTGAACAATAATACTAGATGCCGTTTAAGGAATCTATATTCTCATTAAGGATAGATTATTAAACGTTCAAATTCGATCTGCCGTGGGAGAACTTGGCCGAGAAGGTCGAAGTTGCCTTTCATCAGGCGGCAGCGTCCTTGTCCACTTTCTGGAACGTGCAAGCAAAAAGAATCGTTGGCACAGCTAGCTTGTCGTCTGGTCGCCGCACTGCGGTGGAAAGACGGGTATCCACCCGATTTTTAGTCGGTAAATATGCAAAACAGGTCAGATGGCAAGAGAACGATACATGGGGAACCGAGGGGATTACGTTTGCCGAGCCAATTCTACACAAATAATTGTTTGAGACAATAATTTGTACCGGCGCCTACGTCCAAGGCCGAACAATTGAACTGGGACTAAGGCTTACCTCCCAGGCCCATTCGGTGCGGCCGGCCGGGGACAAATTACCGTACCGGACGGAAACATTCATGTCCTCGTACTTAATGCTAGACGGACGTAGCACCCGATCTATAGGATCAGGGGTCGACAGGTCCCAATATTCCTTCACTTCAGGCCGATGGGTTGACCGTCCCTATTTCGTTTATAATTCGCCGAGACGGGAACGGTGAGCTACTCCGGTAACCCTGATAAGTCCAACTGCCCCCCAAATCATGTACGCGGCGACTCCTCACTAATCGCAGCCGGGAGCTCCTTCAATAGCGACGTCATGGTATTACGGCCCCCATC,1594,50.82,Drosophila melanogaster
SEQ_807542,TTAGATTTGGCGTGCATGCTGGTACGGGTTCAATGCAGGTCTTAGCTAGACATCTACCCTTAGCACCTTCCGCGGCCGTGTCAGGCCTTCGCGCTATTTTGCCTCCCACCTCTGCCCCCACACTTAGTTTGTGGAACATACGCTTTTGAGAGTGATGCTGGGTCGAGATTTAGTTACTAGTATCAGGCATATAGGATCGCAGCAAGGGGTGTGTAGACCTTCGAAACCGAACATTGCGAAGCTTGTTACATTGGTCCAACTCTTCCAGGATTCGGCAGCGAAGTACCACTAACCTTCCATTGTAATTGTAATGGACGTGAAAACTAACGCGCTAGAGTCTACAGGACCTCACCAGGATTGCTCGGGTTACTAGAAGGAATGTGAAGGGTTACGACAGAAAGATGAACCTTGAAGAGGGTATAGTGAAGTTCTTCAGAACCTAGCGTAGAGGAATGAGAATTGGGTCTATTTCACTCGGTTGGGTCGAACCAAGTGTCCAACGTCTTAACCACTGCGCCCCTTGCTTAATCGATCGATTCTAGTTACGTGTGACCCCAGACAGGGTGGTGGGGCGCCCAAACGACGGCATTTCCCCGCTGGCGGGTATCTCGACCCGCAAGCCATTTGTGTATGCATGCTGGTGGGCACACCTGGCTATTGCTGCGTGGAGATGCAC,676,50.89,Mus musculus
SEQ_253555,GAGCCAAATATTATCAGCATTTGAAGACCTATTCTCAAAACTTCATGCACCTGACGTAAAAATCCGGTATAGGCCACATGGTTGACTGGGGTAGGATTACCTTTCCCTCAAAGTGGCGCCTGTTCCTGCTCATCCAGTATATCGTGTTGTTGCGCCCGGTGCACCGTTGTCCTGTAACTGCATAGAGCCAACAGACTGAAGTATCTTAAAGCCCGGTCGGTCAGACTGAACCCGCAGCTACTAACCTATTGGGTCAGACGTATCCCCACGAGCAATTAAGTGGCAGGCGGGGGCCGACTTCCCGCTATCTAAACGCTGGTTCCAATTGGTGTGAGTTGGGCAGTGCGCTCGTTGTACATAACACGTCTCAGCGCCCGGACACGGTGGCGGGGATAAATCGCACAGCTGAAGTCATCCAAGTAGATCTGGCATTTGCGAGCTGTGCCGCATCGTACAGTCCTGCATATTTCATATTCAGCACGTGGATGGCTCGACCTGTCTCACGGATAGTTAACGCGCGAGGCTACGTTAGACCCAGAATGCATCATTATGATAATCAAGTAGCACAATCTGCCGCTAGTCGTCAGTTCATCAGTCGTATGGTAAGGACAGCACGACATTTGTCTGGCATTCAGATGACATAATGGGAGTCCGTCCGTCTGCATAATGATCGCACATTATGCCCCAGTGGTTCATTTCATGTCGGTAAACGACTCCTATGTAATTGTCGTTCAGTGATGTGAGCTCGCCAGTCAGTGGGCGGTGCTCTCCATCCCATGAATGTGCTTCCTAAGACGTCCCAGTTTGCCGACAATGCCTCCAGGCTAGTACGGATGGAGCTACAGAGGACCAAGAGGGAAGGTAATGGGATTCCTCTCCATTGTCCGTAGAGCCCTAGGTGCGCGCACTCTGTGCACCGCCTTCATGTGATGACGTGAAGGGGGGCATCATGAAGCGAGGCACACAGAGGTCCATTGGGGTATGTGTTGGGGTTAGTGGGGATCAACAATGAGGAAATTCTCGTAACCTGTAGACCTCCTATTGAGTGATTTTGTAGGTCACGTAAGATATATGACTGATCGCGTAACTGGGTGGACGCAATGCTGGAATCCTTGCCGTACTCCTGGTTCGTACCTCAGAAGTTAACTATCTTCCGGTTCCCGACGAAGCGGTTCGCAATTCACAAGCGAGGGCCCTCCGGTCTCGAAGGCCTGTCGGGTATGGACTTGCTCCGGACATTCATTCCTGCCTTCTGGACTTGCTAGGCCGATTTTCAGGTTCTCACTAACGCGTATGGTGACGGCGTCGGACGTTTCGGTACCTCTTATACTTAGTCATAGGTAGACATTTTTCGAAAATATGCTCCACTCGTTGAAAAACGGAAGCCGTATGGGTAACTGATGCCCATTCCTGGGACGCAG,1421,51.09,Homo sapiens
SEQ_425432,CCCACCCTCCTTTTCCTGCTTGTATATTGTTAATGGGAGTTTAATCAAGCGACATCTTCAAACACGGCACGATACAAATAGGTACCCCCGACTACCGCTAAATACCTATCCGGGGAGAGTCCATAGAAACGCCATATGATAAGCCCGGGGTCGATCTGTTCCGACGTAACCTCCTCACACCTGATGAGCCAGTATGCTTCCTTTAGGATCGACCTAAATAGTTCGTCTGGGCAAGTTATCTTAGCGCGGTCGCTGTATGGTGCAGTGTCCCAATAGGCCACCTTGAGCTTAGCCAATTTGCAGCTATGCCACACAATCTGATCTACGGCCTACCTGACTCGTTTTGGCGTCGGACTGTATTACTGGCATATCCGCGCAAGGAACACGTACACCGACAGCCTCCGCGGTAAGCAGCTTTAGTGTGCGTATGGTGCGAAACTTAACTACATAAGCGGAGCCAGGGGCTTAAAAAGTGACACAAGCCCCTATTA,491,49.9,Caenorhabditis elegans
SEQ_256871,ACCGTCACGCACAGATCGCAGGGGTTTCAGTCCTCTCGGGCAAGTATAGTGGCGGAAAACGGTCTATGCCTAACTTTTGACAACCTAAACACAACCAGTATTAAGTTTTCTGGTCCCGTAGACGGTAAGCCATTCTAATAGAACTACGGCCCTTGGGTACTCGGCTAT,168,48.81,Mus musculus
SEQ_720782,GAAGAAGTCCCACTCGGGTTTGTCACGGTCAAAGAACTTACACATTTACGCCCTCAAAACGAAAACGTGATAGCATCTTCACATCCCTGATCATGGCCAACGCAGAGCGGACTCGTTGGCCACTCGGGCATCGTGGAATGGGAGACACCTTATGCCTGCTCACACTATACAATGAAGTTTTCAGTAACAAAGCTTTCTGTCATACGCTCTTATTACGGTTAGCCTACATGGCAATATGAGTGGATAGTCGCAGAATAAGAGATCGTAGAAGGGTGACACTGTCCGGTATCGCATCTTTATAGTTACGATTTCAATTAAATGATGTACCCGACGCACCGGCGGCAGCGGACGGTACCTTCTCCAAGCACCGCTTTTGGCTCCCCCGCAGGGGCTACTGTAAAAGGGGGGAGATTGCAAGGACGCGTACCGCTGGGCCCTTGTTACCTGTCCGCAATAGAGTGTAAGTCATTACTCTGAGAGCACCTCGTC,489,50.1,Mus musculus
SEQ_972448,GCGTTCGGAGGCATGAGAGCGCAAGAATTGTTTCGATTCCTCCATGACATCTGCGAAACTACACGGCAAATTATCCCGTATAAGTTGCGGCGCTGGGGTAATCAGACGATAACACGTTTACTTCCACGATCTCCATCGGCACACTCCAAAACGTTTCGCTCGACGGCCATCGACATGATACTGAGGCGACCAGCAGTTCGTAGTTAGCGTTTGGGA,216,50.93,Caenorhabditis elegans
SEQ_780069,TGTTCACAAGTGCCGTGCTCCATAAGAATAAGGGGTCGATAGGTTAGCGATAATCATGTTCGATAAGACCGAACGCCGATGAACTGGGACGATGAAAATGTCGCTGAGACATACCCGGTTGGCAACACGTCGTATGCTGGGTCAACTCTTTGCCGCTGTGCTTTGCACAGCCCTTCTAACCAAAAATGCTCGTCATCACGATACTAGGATTGAAGCTACACGTCCCTTAAAGTTATTTGGTGTGTGTTAAACCATGTAGTCTTGCGGCGTCGGATACCTCTAGTATTAACAGGGTTACGCGGTAGCGGGATGTGATG,317,47.95,Arabidopsis thaliana
SEQ_936365,CGCACGGGCCAGGGCCACGACACTACCCCCCGGTGTTGAAAATGTTTGCGCAGCTAAAGAACTTGAGAACGGAATTGCTATAGGGGGACGATTAAGACGGTGGAGGACCCGACTTATGTCGATGACCCAGCATAATTCGTGTCCGGATAAAGAAGGTAGAAAGGGTTAGATCGAATTGAGTTCCGGGGGTCACATGGATTTCTTTGGGGCAGGTTCTAATCTCAGAGAGAAGAGGTCCTGAACATTAAGGGTAATACAGCGTTAGTGAACAAAGTGCTGGGTTAATGTTT,290,48.62,Mus musculus
SEQ_404843,TCCCGCTATCTCGCCCCAAGTCCTTCGGGGAATGGTGGGCACCTTCTGGCTGTACGACCATCGGTGGCGGTGCCTGGTGTATGATTTTTAGCAGTTGTTCAAACCTTAAGTTCTACGCTGTATTTAGCTGGGAAGATTTGTAATCATCCATTATATATGCAAGTGCCATACGCGCCCGTCCCTGCCTCTAACTGGTTCGATGAAGCGGCTACATTGTCACCTTGAGCTCCGTAAAATATATCGAACAATACCACGCACTCATTTTTAGTCTAGCGAGAGAGACGTCAAGTGTTCATTAGCGTCGACTGATGCGGCAGAGGACCTGCTAGTGTGTGAGTCAGGTGCAAGATCGCAGGGAACCAGGGATAAAAAGGCTGCCAGAGCCTTTATCAAGAAGCCATCACCCATAGCGCATTAGGGAGGATGACAACCGTAGGCGCACGTGAACATCGCGACATCCTGTAGTCTCTGGCGAGTTACAGCAGTAGTGATCCCCTGTAAACCACAGACACGGACATATCGACATGCTAGAATTTACCACAAACAGTTAGGAGCAATTCCGTACTTGTCTCCGAGAAATTATCGTCACTATGTGATTCCATCCTTGCGGGATATTGAATATCTTCGTTGACCTCTTAACGGGGTAAGGGTGCTTCGTCTAAGCATGACGTCATTCGGGGAAGACCAGTGACCTAAGCCCATAACCCATCCAAAGTTCAACGTGCATTAGATTAACAGGGATAGACGTCAAAAGTACTGCGCCCTGGGATTCACACGAAATCCGTCAAGCGTCGCAGACGTTCCGGTAACTAATGGCGCCTAAAGGCTAACGGGGGTCTTTAATTAAAGGGAGGCTTCGGAGTGAAACTATATTAGTACATAACGATGGGCCCGAGTCGGACGCCAGCCAGATAAACATGGAAGGATTACACTTTCGTGTCAACGTTCCCCCTCGGATCCAGTAATGTGTGCTCCTAAGGTGGGTCACTTTATAAGAGGCGGGAGACTGTACCCCAATAAGAAGATGTCGGACTCAGCTTTGGGGGACTTGTATGTGTGCGTCGTGCCTAAACGAATTCGGGCAAATATCATGGGGTGGTTGCGGCCGCACAATATACTTGCAGCAGG,1128,49.29,Mus musculus
SEQ_718095,TGTTACATCATGCGCCTTACCGCCTGCAATGTCCTGTATATTGGGTCAAAACCGTAGGCGTGTTGGGTTAACACGTGTAACTGAGCAGACTTTTCCACGGGCCTTTTGAACTATCAAAGTAAGACATTCTTAAGTGGGGGTATATTCCTGCTACATGGTGTGATTTCGTCGATCCCTTAGCGACGTTATAAATCGCCTTGTAATACGTCGTAGCATTCCTGTCACAGGGCTGCCCACCTCAGTTAAACTGCGTTGCCAGTGTCGGAATAATCTCTTCTCGTCTCACTCAAAGTCCCGTTCTCCCCGTAAAATGGGCAAGTCCTCAATTACTAGTTAATGCTAGACATCCCCCTGACCGGACCCGCCTGACGTAGGCCACGTTGAACTTCCCCTATGTCCGTGCCTGCCCTGCCGGAATCTCTAGGGTAACTCTTCTTGAGGCGTAGCAAGAGTGTACTTCCCCAGCGTTCTGCCTTCTCGGGCTGGTCAAGTAACCGTATTACGCGTGACCACGGTGATTTGGATGAACCTCCTTTGTGCAATCCGGGGAGCTTGCATCCCGATAGCGAGAGGTGATTAGGCTTCTCGAACAAATGCATAGACCCTCCGCGGGTATCTCCGAGTCCGCGGCATTTCAGGGTAAGTTATTTCCTCCTGGAAACTGTGATTCGGGAGTTGACTGCCATAGATGGGGCTTGCGCTCAGCGCTATCCGCAAGCGTCGGGCGCTA,730,51.64,Homo sapiens
SEQ_181279,CCATCGGTCATATCGGTCAACTTGAACTGGTATGAGGTCTGCCTCTATTGCAAGGCACTGAGATTTGTTCGCTCAACCAGCACGAAATTCAGACGTAACTACACTTTTAGACAATACATAACAGACGGTTAGTGTACGTGTGCAGTCTGCATTCAGGCGGCAGTTAGAGCTCAGGGGGTGGCGAAACTAAGATAGTTGCCTATTAGTGAAAATATCTCCGTATGAACCCGCGCTTCTGCTGCAGCTGGAGTTCATTATTCGCCTACATTTTGGCTCGCAGGCAAATACTGGCCATAGCTGACCTGGCATGCGGCCGAACCTGTCGTACCTTCAGTAAACGTCTAGACTTAGCTAGTCTAAGATGTGTGGGCCCCTAGCCAACGCGTAGCGGGGTGGAGCCTATCTGTACTCGTGATATCCGCACTTTGACACGGCAGGCCAGGTGGGCGCGGGAGTTCACTAGAGTCGACGGTGCGAACTCGTACCCGAATGGTGGTCGCGTTTTCTGGCACAAAGTATGTACTGGATCATTGCTCCGGGTAGTTGGAACTCCATCCAACACCGGTTGCTAGGCGAGGACATTTCATCGGCGTGTATGGACAAGGAACGATGTATTCGATAACAATGTACTTTGTTTGAGCATTTTTCCAAGAGTCGAAACATCCGACTCTGAATGCGGTCAAGCAACTTGCATCACCGTGACCAGCGCCAGTGATATCGTAAGTTCGACCAGGATAATGCAGCGCTGGTCGCCCCTATCAGTGATGACGCGGTTTTACGAAGACGGTGCACCTAAGAGACATTGTGCCTATCCACTATGGAGAATGATCGAATGGAATGGTTAGGAGGGAGCTGGAAATTCTATTAGGCGTGGCGGATATATACGAAGGGGGGGGATCGCGTCTCTTGCCACTGCCTACCATACCCAGTACCAGGGTCTTTCGTTGTCTGAATCAATCATCGCGTACCTGAGATAATGATAACATCTGTCCCGACCGGAATATTAGACTACACATCCAGCGAAGACTAGATTGGGATAAACATACAGTGGCTTACGTGGCTTCGTCCTGGCTCGATAGAAGCTCGACAGTATAGTTACGAAATCAAGATGAAACATACACACGGGTCAGGAGCGTCTCACAGTTCAGATTGCCAGGCCGCCT,1163,49.96,Mus musculus
SEQ_910650,TCGTTGAGCCCGCTCATTCCGATCCAAGACCCTGCATTTAATTGATCCCAGGCCGACCCTAATGCGGTTCTGACCATGAGTACTGGAATCACGTTGTGCCGCCTGCGTTAAGCTAATCGTAAGTCTATGGTTGAGCTGAACATCATTTGGTCCCTGTGCAATAAGATGCTAGTTCGGATGTGGGCATAGATCAGCGATAACAGGGACCGTCCCGACATGATATCTTTAACTTGAACCATCCAAACGGTGAGCGGCCAGGTGCTCCCCATGGAGCTCGAGGATCCGGAATCTGTCTTCTCATCCACTCGATCAGGGTGTCATAGCCGTTTATGTAACGGGATTACAGTATTCACCGCACTGCAAGACCCTTTACCACACTTCGTAGTCCCGTAATCGGCTGATGTACGAACCATGGAACCCAAAAATATGAGAAAACCAAATGCGAAAGCCGCGGGATGAACCCTCACGATCAAAAAAGAACGTCTCGATCATACGCACCCCGTGGAATGTGATACCGGGATTCCTATATAGTACCTGGGCGAGATTTACAGTCGCATTTAACTCGGCCTTGTTGCTATCCAATTTAGGAGAGGTATGCGACATCATGCATGATCAGGCATTTGAACAGACGAGTCGTCCCTCGGCTAAAAAGAATTGGGTAGACCATATTCCGACATGGAGGAGGGAAAATATATCTGGTATGATCCCCTCATGCCCCAGACTGGTGTATGCCAACCACATCGTCGTGCTCCGTGTTTCTTTAATATTGTATCCAAGTGCGGGTGAACTGACATAGGGAAACTGATATGGGAAGAGTATCGAAAAGGGTTCCCACGCTCAGTAAGAGCCTTCACAATTGGCGAATGCTCACCTATCTAAGATGTTAACAGCCGGATGTGAATGTTTCTCGCAGCCAAGAACCATCTTGCTCTTTGGTGCTCCGCTTTTAGAAGGCGTGTGTGCTAATAGTTGAAACACGCCCAGCTATTGCGATCCTAGATTCTCAGTAAGTGCCCGATCTACTTTTAATCGTGACGATGGGTGACACTGCAGTCGTCCTTCAGTGCCGAGCTCTTCTACGAGAGGCGCCTCCGCATGACCTCAAACGTTGTGGCGGAGCATTCGTCTTCTCGGCTATTGCGCGGCCGAGGCTAAAGGCGAATTAATTTCCCATCGTATGCCAACACCTCTGTTGTAGTTTGGGACAATGGCTCAGGTGGGCTAGTCCCAGGGCAATACCCAGGTACAACTAGCGCAGACTAACGACGTTTCAGCCAGTCCTTTATACAGGGCACCCTCCAGACAGATTTCTCCGGAGGGGTATGGACTCCGTGCGACTCAGATTAGCGAGAAAAAATGCCCCGTGCAACGGACAGTTATCTAATTCTTCTCCTACCCCGATAAACTCCCAACTTAGCCGCCAATGTATTCAAGTTGATCTAACAAGGCGACCGCCGCGAGCTCGTGGTCTAAGATAAAGACTCATATTTGCAGTCAAGAAGATTCATGGGGCTGGTTGCGATACCACAGTCACCCTGCATGTATTCATCGCTCTCACAGAAGCTACATAGAGCTCAATGTGTAACGAGGCCCAATGAGACATTATC,1607,49.22,Arabidopsis thaliana
SEQ_157907,GAGCGTGGGACTACTGCTCGAACATTTTATAGGGGATGCTCGCAACCAGATGGCTACTGTGGAGTTGTAGATGGAGTCATCAATTAAGGCAAAAAATACTGAGCTTTGGATAAAGGATTGAGCACATGTTTGCCGGAGGGCGCGAAAAAGTCAGAGCGAGTATGGAATCGTAGCGGCGGAAGAGTGTTATTACTCGTTGACAGGGAGGTCCGCGGGGATCTGAAAGCGACGCAATCGATGACATGCCACGGCTTTTACAACACCTAAATGTGCGTTTTTTTACTCTTATATTAGGCGGGTTACCGGTTCATACAGGTACATCGGCTAAAGGACGTCTAGCCGGTATATATCAATCGAGGCAGCGTCAAGCGTCTGTGACTATTATGGGCTTTTTATTCGTGTCATCCAAGAGTAGCACCGATGGGTTGGTATACGCCTCTAGCCGCAGTTATCCACCAAAGTTACGTAGGAACGCCTGCGGATGCCAGAATTACATCCAGTGAGAGCAGCCGGTCAGATGATACTGTCCCGTCGATCTGACTGAGCCTTATTCGTGTTGGGGCCCTGGTACCGTGTCGAGTAATTTTGTGTAGTCGCGCATTAGACTGTTCCAGTTCGTCCTGGATAAACGCCAAAGTTTAGTAAGCACCCGACAGTGGGCCAGTCGTTTTACCGACTGGGGTATTTTCGCGCACTGTCGACGTCTAACACCTCGTCTCTCTTAATGAACGTCGGCGTTCTTAAGCGCCGGCCAGACCAGGTCGACTTAGGCGATCCAGTATGTTTTCATCACCGTCCAGGCAGTTACCTTGCCTAGTGATAAAGTGGTAGCCTCAGCCTACGATGCTAGAGGGAGTGGGTCTGTTGAGATGCGCGCCCCTCTTAGAGCACTTTCTTCACCCGGGAAACATGGGCCTCAGCGTACCCTGATTGCTTCCTCTGTCCGAATGTCCCGTAGCCTGGTCTAAGCCGCGTATCCGAGAGCAACATCAATGTTATCCCCTCGGACTTTTCCGACGTTTAGCCGATTGCCAGAAAGATGCGTCGGGTGATTACCAGGAGCTTGTTTCAAATGTTTTATGGGTATATCCGTATGACGCCCAGACTTCCGGATGGCGGAGCTAAAACTTTGGGCTCACCTTACCTCCCTTTTGTATATGGTGCCCCCGGTATCGCATCTAATGAGAAACCTAAAATACTACCCTGAGCTAACGAAACGGGTAGTG,1226,50.33,Caenorhabditis elegans
SEQ_345479,TTTGAGCTATGTTTTCGTAGCGTTTCTCGGGGCAGGACCGGTAGCATGTGATAACGAGTTCAAGTGCCCGAAACGAGAGGGGTTGCGAGTAGAAATCAACGCACCGGCGGGGTCAAGGCCGTATCCTAACCTCACCGTGCCAGACGGCCTGAGTCAGTGGGACATTGTTATCTAGCGTCTGG,182,54.95,Saccharomyces cerevisiae
SEQ_641409,TCTATCCTTTTGAACAACGGATTCCGGTCCGTTTCAATCTATGACCGTATAACGAACATAGATTTCTCTTGGTTCCGAGGCCTCTCACTTAGGGCCGCGGGGTGGGAACTTGCGCCCGCAGCAGGACACCTCGCGTCTTACGAGTGCGTTATGCTTTCGTACTCGATACAGTAGTGGTGTAGCAGGATAGATGTAGTTATTAACTTTCTCCGGGCCGCGAGAAGAATCGGCGCGCTCGCTCTACTGATTCAAACTCCCACATTTTTTGCAATGCGCTTTTTCCCTGTTGATCTCGAGCGCACACTGAATTATCCGTCCTGCGAGATCCTTCCAGTGCTAAATAGCGTGACTCCAGCCTAACGTACAACTAAACCTGTAGACCGATATGACTATATAGCATCTTCTTCCCATGGCCCCTATCTGCAATCCTGGTGTGATACCATACGCACTTGAAGTGTCATATAGGTTGTTGTAAACGCTGCTAAGTTATGTTTAAAACCGAACGGGTATATAACCACCGGGAGCGTAAGCTTCGAGGGCGCATTGCCGACGCATACCAACACGTCACGGCCACAAAAACACGATAAAAGTGCGTGTTCCATACCGTATAAGTAATTAAAAATACGTGGGATGACACACTTCTACATTAGACAAATAGAATAAGGAACTACGAAGTTACAAATAGTTCGGGGGAGAAGGTGGTTTTATGCCGCTGCCCTTCATGCTTCAGCTGAGAGGCGCCGTCAGTGCCGATAAGCAATCTTTTATTCGTGTTCGGAATCCGTCCATATGAGCTAGTCATCCATCGGAAGCTGGCCCTCGAAAGCTGGCCGATTATTTGTGGCATCCTTGAAATAAGCCGGAACTACACA,872,47.59,Arabidopsis thaliana
SEQ_909908,TTCTAAAAGTCTTGCCCGCCGCTGTCATATGTTGCAAAAGAACATGGCCGAATGAGACTTTCACATATGAAAGCTTGAAGACATGGCGCTTGATATGTCTCCCCCGAAGCCCATGCTCAATGTCCTCCCAGGGCCAAAGACCTGGCCATGACAGGTTTTGACGCGCCATGGTATTTAATTCCCACTTGCATAACGTCAATCATTCCCTCCGCCATAACAGGCCTACGGCCGAAACGGCAGATCGAATTCCAAAGAGCACGAAAACGTGATGTAGTTAGGTCTTAAGTCCTTCTACGTGATAACATACATAGGGCCATAGCGAGGACCACGTGTTAATTTTCTCACCTGAAGAACTCTCGGCTTGTGTCATTGTCAAAATGGGAGATCCAAAATTC,395,47.09,Drosophila melanogaster
SEQ_424974,TTTAGCTTTACATGACGCTCATAACAATGATGCTACAGTATCATATCGCTTGAGCAAGAGGAATGGGTGACTCTCGACACGCAGCCCAACACCTTAATCTTGTCACGACGGCCCCGTAGAGAATTCGGCTTGGGACACCCAACATCGAGGTATGATCATAGTGTGCACTGTCCCGCACCCTCTCGTGGACGTCCGCGCTTTCGACCTACAAACGCGAAACCCGAAACGGGGAAATGTAGCTTTCCGGAGTACCGATGTGCCTCGACTACCCCATAGCCGCCCTCGAAACGAGCCTCATACCGGGGGCACGAATTAGCCTGTATGGTGTCAACAAAACGCGCCACGTCAGTTTAGGGACCTAATTGCCCCAAATCCAAGCGAGCAGGAGCGTGTGGCGTATTCTATAAAAATGATTCCAGCACCTTACAACCACGCGCTACGTGCTGAATTGCCGGCGTTACTCTTTACTTATCATTCCGGCATGTGTCCGGAGAAGCTAGGGTCCTCGATGCACGCGGTACAGTTTGTTTATAAATACCGGATCGACATAGTAGGGTTTCAGGTGTTCCAGACTCATTACGATAAAGGAGGTGATGATAAGGATCCCGCCCACGTCCAGGCCGAGCGGGTTGACCTACGGGAACGAGGACCAGGATCGCTTAAGGAAGTGGACGAACTTTGCACGCTCCTCTGAATCCTCCAGGCGGTACATAACAGATTCATTGCTGATTCCGTTTAAGCATCTGAGACGCCTCGACTCCCGGTATACATTGTACATTACCTATGCCCCTGCTTACGTGTCCTACCGGGAGGTGTCGGTACCCACTAACTGGGCATTCCGATCTGTCTAGTAGTGTTATCCGCTCGCGATCAAGGTTTTCATCGTCATTATACAGGTCCGAGCGGGGGTTACCGGTATTCCAATTCAGGGACATGCCGACCTCTACCACCGGCCGATCGGTACGAATTGAGTGATCACTGCGTAGCTTACCAGCAGGGTTGACTCTATAACAACCAATTGGATAGACCCCATCGTGTATGGTTCTAAGCGGGTGTTGGCTTGTGCACCCGGTGACCATGATCCACGGATCAGCGAGTAGGTAGGG,1106,52.17,Escherichia coli
SEQ_437791,ATCCTCAGTTGTTTAGTCTGAGATGATCTATGCAGGTAGTTGATGACTTATCTAGACCGATAGGGGTCGTGGGCTACGCAACAAAGTTCCACTCACGTGCAAATGAAGACCCAGATAGTGCATCTAGATTCAGGCAGTTGTCCATGCCTATTATTGTGTACTTGGACACTATAACAACAGGAGATCGTCACTACTGTAAAACCTGCAAAAGCAACGTTAGCAGGGGTGTAAGTCAATGGGCGAACACTACCAGTCTAACATCGAATGCTCCGCGAGGTTACGGTTAGGCTCCCAGCCGCTTCACGTATGAACCAGGAGCTGCTGCCAGGCGCGCTCATACTGATCCAGGCTGCACCAAATAATTCGCGGGGCACTCTCGCGTCATATGGATACACGAATCACGCACGCAATGGCCAGGAGCGACTCCTACGCACGTCCCTGCGATAGAGCACGCCCTTAAACACGCAGCAACTCGAGTAGGTACTACGGGGCCTGCCTGTCGAGTGCCGTGGACCTTAGACGTACCAGATCGGAGTAGTACTTAAGCATGTGCGGTAATCGAAGTACGTTTTCTCCTCGGAGGAGAAGGACCTCCCTATACGACGCTACGCCGCCTTTTCCCCGCCGATCCGGCAATCCGGTGTACCTAC,650,52.46,Caenorhabditis elegans
SEQ_175242,TTCAGTAAACAATGTTACGAGCCTGGGCCCCTTGGGGCACTATAGGCAGCCCGAATGCGTTTATGAGGGAGTTGTCATCAGTGTGATTAGTGGGACCAATCAGTTATTATTAACTTTCTTGCGTAGCCGAGTCGTACCAGATGGCTCGCTCCGTCTCTAGCACCCAATACGTGCGCGGTTGACTACCGTAACCGTGATGAACTATGGTGAAGGTAGGGGAAATGAAGGATATAAAATACGGAAGGTCTAACATATCGAATTTTCTGATATTACACATTTTAACCGGAATTCTCAGGTCTCACTCCAAAACCTCCGTCTCTTGCTCGAAAAAGCTTTGGGATAATAAGTATTCGAGATCCGTTCAAATTCTGGAAGCGAACCTCCAGGCATCCGGGGGCCAGATTAGCTGCAAGCTTTTCCTATTCCCAAGCCCAAACTAGCCTGAGTCTCGGGTGGCAGGGCTGTCCTTCAAGGGTGGCGGCGGCCCGGGTGAGCTGAGCGGAGCATGTAGGCCTGTGATAGTTTCGCGAGCAAGCTAAAAGTATAAGTCCAAGTAACACTAGTTAGTGTAGGCGCTACAAACTCTGTTACAGAAGGGGCTGCTAGCCTCCCTATTGTAGATTGCAGCAGCATCCGCTTAAGGAGATTGCGATCTGTCATGTAAGATGGTTTGACGAAACTGCGAATGGGATGACGAGCAAAAAATGTGAGGGCATAGTAGTTGAATATGGGAATCTCCTGGATTACCTTTCGCAAGGAGGAAGCGCAGTGAGCCACACATCTTTCCATAGACGATTTACAGTATTTCCCACCGGGAATACTAGGATGGCTAGGGGTAGCTAACATAACACTCCTTACTTACTTCAAATAATTTTCAATAGACGACACTCAGATCATTATTTGTAGAATCATGGTATCATTGAGAAGTCATGTCGCAGCCCGTAGCATGGTTGCATGACCCCACCAGCGTGTAGGGCGTGTGACCTGGGATCGGTAACCATAGAGGGGATGCCAGTGGATTGCCCTGCGGTGCTAGAGTAAAAGACAACCCGGAGCACGCTAAATTGTGCTAGCAAACGATGACTACACGCGTAAGCGGTCGGACTCAAACCCCTCTATTTAGAGGGCCGTCTATAGAGGCCATAACGGCGATTAGAGTCTATACTGGTCAGTCTGGCGTGTTCGCTTCGAGCCCGTTGCGTGATCAGGCACAATGCGCAAGCGCCTCTGCGTGCCGGCCCAAAACGGCCTACTGGTAATACAATAGGCCACGGCGACATCCTCTTAGGAAGTGGCAACTCGTCTCGTG,1309,49.35,Saccharomyces cerevisiae
SEQ_480777,GGACTACAGGGTCAACCACGCGTTAAATTGTAGTGATCGGCCTATAAATTTTGTTGACCTTGGTTATAAAAGCAGTCTCCCCATTTGTAACATTTGCAACCGACTGTTGTTAGGAGGATCGACGAGTCCCAACTACATAGACGCCACTCCGGTGCACCGATCAACGTCTGTACAAACCCCAAACACGAACAAAGAGTCAGTTGTCGAGGTTTGCCACCGGATTTTTACTTGGTCCGCTTATAGAGCACTAGGCACCATTAGAACTTCGCGCTACTGACTTCGCGTAGTTCGTGTGACGATAGAACCGAAAAGACCGAAATGTACGTTATGCGATCCCCGTACCTACAAAATGATAAAGACATCACAGAATGCTGGTCTAAAGGGAGTTCACTATTGATCATAGCTGCTATCCTACCTGTCATTTCCGTTTGTTGCTGCTAGTCACGGTCGGTCACCGACGGGTACGAGATGGTCAGTAGTCCGCCGTTTAAAGGTAGCGTAGAAAGAAGAGCCACCAGATTACCAGGAACAGAAGTGGTGTATTGACTAGTCCTGTACGTGTCGACAACCGCCTCAACGTACGAGCGGCCAGTCG,595,48.07,Mus musculus
SEQ_415703,AGCGACTCTACACGTCCAGTGAGAGGCTGTGTCTAATGGGGGCTCCAAATTCCTTAGTGTTTGCACATTCCTTCCTCAAATGATTTACATGTGAGGGCATCCAAGTGTTTATCTCTACGAGATTTAGAGGGCGTACAGGGGCTACTAAGGTGTAGGAGGCGAAGCCCCCTCCTGATAAGAGGGAAAGGTTGGCGGATGATCTAGAATCGACCATTCGATATTTCAGCATTTGCTCCCATATAGATCATTTACTGTGCAGACAGCAGATAGAGAGTAGAGAAATACAAGCTGTGGTTGGTGGTCGTCCTTGCAGGCCCCGAATCCAGGAAGGAATAGTTAGAACCTGCAAAGCCCTTACTGGCATAGAATATTGCAAGCCTCTCCTCTGAGGGACTCCTCGACGCTCAAAGCCTCTCACGACAGAATACAGGACTTTTAATGGCTAGTTCGCCCATTGTGGCTACTTTTTTTAAACGTTGTATTGCTCGAGGCTCCACAAGCTGTGGCCAGGTGCTAGATGCCCTCGGGTTATGCTTACCGAGCGAAGAGACAGAACAGACTTTTCAATCGCTTCCACCACTATATCCTTAAGCCTTGCCGGTTTGAAACGAACCTCCATTCCTCTTACAATGTGAGTTCCAATCTAAGGCTGTATACCGAGATGTGTAACTCGCATAAGTTGCCTGCACACGGATTAATTTGCTGACCGGTAAAAGAGTATATTCGCCTCAAAGAAATGCACTTCAATTATAGGCCAGGCGCTCGTACCAATAGCTAACGTCATCCTTGTCATTTTTAAGTGAAAACTGAGCCCAGTTGAGTGGAGGACAATGTTTCATCTGTCTACTCGCTTCTTTACAACTAGTGCTGTAATAGGCGCACAGCGGAAGGGCACCTCTCTGCCGTCTTCTTTCGTGAGTACCCATGTATCTCTTGGATACCGGGGGGTCAAGCATAGATCAATTGATTGCTACCTCTTACCCGCGTACTGGCGAATATAAGACACATGGACTTGCTTCCACATCGCTTATCTTTGGGGCATTTAAACATGCTAACGCCACTAGATTTCACATAGCAGATCGCACGCCGCTTTCTCGAACTGCATCAATGTCGGGGAAGGAACCTACATTGGAGAGAATGCCGCTATGCGCTGTTTCCGAATAGAAGACTTTAGTTGCTCGGTTAGACAATAATCCCGCGCAAATTTCGTTAGTCTAAACCGCAGCTCTAGTTGGAAATGTTCGTGTCTTAACGATTGATCTTCAAGCTCTGTCTGAGGCTGTTAAGGGAACAGACCCCACGAGAAGTCTCTATCGTTCACCCGCCATTCTTGGGCGTGCGCGGAGCATTCTTGTCCTCTGCGCCTGCCTTCAAGTGACGAACAGTGACGAAGTGATCACAGCGCACTCCTCCTCAGGCCGCACAGCATTAAACGCCCCTCTATGAGTTTTGGGAGGTGTCGTGGTTGACCCGCACGTAGCAGCTCGCTCGGGAAGACTATTTAGTGACGAAGCTTCCTTCTTCATGAACTACACTGTGATGAGACCGAGGGAGTCCAGAGTAATAGAGTCCGGTAACACTTGTCAACCTTTTCCTGGGTAAGAACGCGCATTTCTGCGGAACGATTTGATAGTCTTTATGTGAGCCTAACAAGAAGTGTTAAAGATTACTGTATC,1676,47.73,Escherichia coli
SEQ_558550,TGTAGATCGAAACAAGACCGCATAGCTGAGGGAAATGGTAACCGTTAACCTCATCCCAGTTGGGCAGCTAGGTTCTGCATCACCCAGCTACGAATGATTCAGCCTTTTCACCAGCGCGGCGGACTTCAACTTGCAATAGTGTACTATTACGACGTAAGTACGGGGTGAAAGATGGACGATTTTCAGTCGTAACTCGTTCTTAACGCGCCCAGGTGACACTTACCGAACGTCGGAGTAGAAGGTGGTCTGAAGTCCACGACTCGTCTTAGCAGGTTTGATATAATACTATATCCAACTCGGTTTGCCAGGGCAGCAGTATGACTGATTCGCCAAGTACCTCGCCGGGCAGCCTGACAAACAAGAATATAGGCATGCACGTCCGACACCATTATGACTGTACTCGCGGGACTGAGTTGGCGGAAAGATAGTAGGTATTTCGTTGCTTTGGTGGATCCGCCCTGAGCAGATAGGACACAGTCATAGCGGCTTTGTCACATACCAACGAACTATAGAAGCAAATGCAGCATGTTGATGGAGCCAGTGCCGGCCATCACAGTCCTTCTCGCATCACAGACTTGACGGGGATAGTATAAACTACTCATAGTTGCGTGCTTACTTGAATACCAACCCAATCTAAGTACTTGGCGGTGCATCATATGCTAGAGTGGAAGATTTAAGAAGCCTATAATGGGTGAGGCTAGATAGTAGAGAGAATACAGTTGGTCCTGTCATGGATCTGTCTCGTCGACTCACAAGCGCAGCGGAAGGTGGAAATACTCTATAACGTACTAGAATCTAACGTATGGTCAGGAATGCATACAATTACCCTATCTGAGTGATTGCAGGGTGGTGTGTTGACGAATCATGGAGCAAGTCCCCCCTAGTTAAAAGTTCGGACTCAAGTCCTAAGGCTTAACTGCCAACTTCGTACCGAGGCCAAACGCCCAGACGATCTCGCGCTCTTATACCCGCTGCGGATCTGCAATAGATCCAAATATGTTGCACTTTGCGTAGGCATACGAGACGTACGTACAGGCCACGCGTTTAACACGATGTATACAGATTCGGGCGGAGGTGCCTCTGCTGCAGCGCCATACATAGGTGCGAGTACTTCCCCGTGTCTTTAAGAGGAACTCGTGCTCAGGCCTGGGGTGGATAGGTGGTAGAGGCTCAGCTTGCGATTCGTTCAACTTAATGGGACTCAGTTTAGTTGAGCGCGGTCTCGGAGTCAGAAATCAACAAACCGCCGGGGCCCCTGACGGACCCCTAGCGGTCCCAGGCTAGCCAATGGAGGTCTCCGTCCACCTATGACCTTCTCTCCGAACCAGAGTCCTATGAGGTATGGCGCCAACCTGTTCAGTTTGCGCTTGACCCTATCTAGCTACCCCAGAACATCCAATTAGTCTCATCTAGAAAGGTAGACTCTGGACTGATTCAACATGATCTTGCAGAGGAGTGACCCCAAGAGTCGGGAGGACACTGTTCATCCTCAGAAGAATTTTATCAGTATTCCAGAAAAATATCCGAGACTCTGCTTAACCCAACAGAGAAGTATAGCAGCGCGCACCGTTGAGCTTGGACTCGTTTTCGCGGCACCATGCCCCCTTTGCCGGTAAGCGGTTGAAATTTCACGCATAAGAAGCATTGGGACAGTAAAACAGGTTACATAGCCCGTCCGCGAGCACCCACCCAGTCGATTCGCCAACATATTTGCGTTCCGTCGTGGATGGACCCGAGAGTATGCCGTTGATCAGCCTTTTGCTCGCTTGGATACGGTCGGTCATTAGATAGGCCATGGTGAAGAGTGCAGCGCT,1814,50.22,Arabidopsis thaliana
SEQ_294088,ATACCGCCCTAGGCACTACAAGGCTACTCATATGGGACGACCGGGTCCGAAGAGACAACCTC,62,56.45,Mus musculus
SEQ_286617,TGATATAGTAACGGTCGTCCCCCCCTCGAGATGAAAACGGCCAATTACCGCGCCTTGTAGCTGACAGAGCCCCTGTTGCTAAGGTAAATGTACGGGTGAATCAGATGTGAGTCGTCACTGCAGATCTGCCATGGGCCAACCTTGTCATCACGCAGTCGAAAATGCTTGAAACAAGAAGTCTTGATGCGACTGCTAGGAGGAGTCGAGCCTAATAAGGCAACGTTTGGGCGACGAGACGTGAAACTAGATGACAGCAATCGATTTACAATGTGGAAGTCGTACATTATTACCAGCAGAGAGAACGGGGCACGTGTCCCGCAAGAACGACTGGCTGGAGCCACTTTAGGTGGCCCAATCAAATCCCTGAAGGTAGTTAACATGTCATGCTTGGACCGGGTGCTCGAGCACTGCTGATTAGCCCCACAATTGATTTTTGCCGATGTTCGGGGATATCGGGGCAAACCGCGAAAGGCTATCCAATTATCGTGGACGGCGAGCAGTAACAGTGCCGTTTCAAGTCTGCCAGCCCAATGGTGCTCAAGAACACTTTAAGGTGCAGCGAGGCCATATTAATTAATACATTGGGTCATGTGCTTTGTCGACGAATCAGCAGGCGGGCTGAGAGA,626,50.64,Saccharomyces cerevisiae
SEQ_674140,CTTCCGAAACGCCTAAGAAGGTAATTGGTCCATTCGGCTAGCGCTCGCGCACGGTCTAACTTATTCCTCCGTGTTCTGTCATCGTACATTTACAGCGGCTCCATCACAAGGCACGCGCAGCTATGCGGTAGTACATCTTCGCGAGTCTCGTGTACAGCGGGTTATCTAGGACATACGAGCGCACTCCGCGCAAATCTTCGCCGTAGTGACCCCTAAGATGCGTGTTCGGAGGTGCAGGACTCGGAATCGACGTGGCCCCCCAATCCCAGAATCGGACCCAAGTTGAATGCATCTTAGTGGACGAGCTCAGGTCCACGGAGCCCTCATGCGATAGATTAATCCCTGTATGTCTCGCCCGTGGCCGATATACATGACAAACAGTTAC,385,54.03,Mus musculus
SEQ_791771,CTGCAATGTCTGGACAATGTGAAAATCCGAGCCGACTATGGTAATCAGCGTCCCTCCTAAAATACCCGGCGTCATCTTGGACTCCTCGCATACTTCTAGAAGTAAGAGCTGAACGTCCATCCGGAATTGTGAATACCTAAAAAAGAACGAACCTCCAGAGAGTGGTGTTGCTAGATATGGTCCCATCTTCGCATGAAGGAATCGCTGTAGTCCCTTGCTCCCATCAATAAACTGGTGTAGACCAGATTACTTATAGAATCAGTAGCAGATATGCGGAGGTGTTAAATCGGTTCCGTTGGACTTTCGTCAGTATGTGCGGATCCGGTCAAAAGATCCTAGGAGAGATCACCAAGGGTCTGCGGCAGCCCGACCCCGCTTGTGCGGGTGTCCTACCAGGCACTTGCAAGGACGATACATTAGTTGACCAGGTCATCCGGCCTCTTGTGCTATAAATATTTAGAACACACGTCCGGGTAGCGATTTAGCCTTGGTCAAAGTTTTGCACGCGCTTGTAAGTAGGCTGCTTAGGCACCCTCTGTCAACCGTCTTTGCAGTCGTTCATACTCGCGACGTAATCCGTCTGGCTTCGAGTAGAGCAAACGCTGATGCTTGATATTCCGTGGGCGGAGTAGCTGAGTCCTTTTCTAACCTTCACGGGGAAGAAACTGCGCCAACGTCCACCACATGCAACTCGAGTTGCAAAGTGAAGTCGCGCAGTAAATCCGTACGGGATCAGCTACACGATTGCTGGGGCAGAGTTAGGGTACCAATATAACTAATCGCAAGAACTGCGTATGCAGATGTTCACTGGAACCCCAGGATTAGAAGCCCTCCCAAATGGTGGCCAATATACCCGGACACGCGAATCGTGTTAATGGGGTCACCCCAGCTAACAGTGCGTGTTGTTCATATAGACCACGCCCAGGATGCGCCTGCGATTTTAGCACCAATGGTCAGAAGGCCTAGTGAGGGGTAGACACCCCGTAAAGAACTGGGTGACCGAACGGCGCTGGGTTGGGCTCCCCAACTCTTCGACCCAGGGTTTAGGTGCTGGCTACGGTAGCGCAGTAGGGGTGACTTAGTGCTGATCCCGGATTTACACTCGTAATTTGAATACTACTTGAGGTCCTTTCTTATAACGCTCCCGTCCCTGCTACCGTTTATCTGTAGTACCACTGCCCAAAATCCAATACGGGGTCTTCTGTGTCTCACTCACCACCCTAACGCTGGCACCATATGTGCAATCCAATGGCTTTAGAAACTCTACGGTCAGCTTCCAGGGGCACGGACTATAACGTCGGCTTGTACGTAGAAAACGTGACTCCCGCGGGAACGGCACATAGACCTACGAGTTTTAGGTTTAATACATGAATGGGTATCGAACCATCTGGTCCGAGCGGTCACATCACGAACGCCTGGGGGAAGGCGACAAGCTCGGAATTGTATGGACGGCTGATCTCCTTGTTACAGTCGTTGCAAGTTGCGAAATCTCTCACTTTGTACTATAGATGGTATCGGATCCCCTCAGACTCTCGGCCTTATGAGATGGACCACGTCGGAGGACTCGAGTATAGAAATGGCGTGTAGCTTCGTGGATAGCTTTAGGCTGTTCTTATGGAAGCAGTGATAAATAGATTAGTTCCGGGGTCACCCGATCCTGACCAGCTTACTGCGAGCATTGCTCCAAAGTGGTCCTGGGTTTGGGAAGTTTTCGTGGTATCGCGTTCTTGGTTGAGCGGCGTAGAGATGACAAGAAAGGTATAAGTGAGGGAATGTGGAGCGTATACTACCAAGCCTCCTGTCAAATGTTTTCGGTCATTAGTGAACCAGAAACTCTGCTTCGTCTAAAACAACAAAAGAAGGGGTAACACATACCGTCAAGGACTACTTTGAGAGATAAACTCGAGTCATGACTCGAAAGGGTGCATACTACTTAGGAAGAAC,1944,49.85,Saccharomyces cerevisiae
SEQ_396379,CTCTAGTGGATTATGTTAGCTGAGCGTGCGTAACTTGCGTCAGTCAGCGTTTGAGCTGGCGCACCCCGATGGGTGTCTATTGTTCGCGCCAGTACAAAGTTCACAAGTTGACAAGAAATACAGGACTAAGCGTTCGGACCGCGATTTCCATTAGTGAGGACGGGAGGTGCATTCCTACATCTAGGTTGAAACTAATATTAGTGTCTCTCTCTACTGCAGAAGGGACCCGAGAGTGCAACGGTGTGGCGCTACGCCTTCAAATCCGGGAAATGATATGGGCCTAGAGCATACGTGGGCGCTGTAGACCTGTTAGTTAAATCTCAGCGGGTCGATAGTATGACTTAGTAGGACAGTTATTCACCCGGACAGCCAGCTACACGGATACGATCTCTCAGCAACGCCTTTACCCAAACCAGGCTAATGCCCCTAAGAAGTAGTAGCTACCATCGGGGAACGGACTTCAGTGATGACTCGCGCATGTAAAAAGGTGGAGGCCAGTCTCTAACAACTTCAGTGATACCTCGAAGCAATTGTACAAAAAGACCAGGCGTTCACGTATTACATCACCCAGTGTTTTCAGCAGTTTCGACCATACGATCATCAACGCTTTTAGGCTTCGGAACTTTGCGCTGTCATCGTTCGGCTAGATAGTGTCGGCGTCGTCGGAGCCGAGGCAAGCGAGTACTGGATACACAGGTCTATAGGAGCTCGTACCACACACCTACAACAGCGACAAATGGAAATGTATCTCCCGGGTCACCCGCAGATTACTAAGGCGACTCAAGATATAGGACTGCAGGCGGATAACGCGGATCTTACTTAGTCCCCACAAGAGGCTCAAAGAACGAACGCAAAGCATGAATGTATCTTCTCTTCACAGAGATGTGATACAAGAACGAAGTGATAACATGCTCTAGACACGACCTCTGGAGCATAGGGACGTAGATAGAAGG,953,49.32,Drosophila melanogaster
SEQ_899055,AGAGACACCCCGGGCGTTTCCGTCTCCTCGGGAGGCGAGCTCAGTCTATCCCGTGTGGTGGCAAGGGTGTCGACCAACGACGTGCCGTACTCTGGTCAACGGCAGAGCATGTACCAGTGGCCTTACACATCTATACGCCCAAACCAGCATAGTTTAACCGGGCAGGTACTCTCCCGCGAGGCCATAAGATTCATCTTCGCTTCATCCGTGCCAGTTTCATCCACTGATCAGGAACGATTCCCGGGCCGTAGCAAATGACCGGCCTGTTGCAAACCGATGAGTCCCGCACCATGTCCCTTGCCAGCTGCGGGTTACAGCGCAGGTCGCTTTGCACTGCATATTTCTGGTAATGCCACTTAAGGAATGCGGTGGATCTAGGATAAGCACCAGAGGCGGTTCAAGCCTGCGCGTAATCGGAAAACCCTTCCAACTGCAGCTGAATTATTCGAAGTGGGGAAGCATTACGTCCAACTCATGTACTGACATGAAGTGACGCACCTTCTGTCGTTCGCGCTCGATCATCACTTTCTGCATCTCTGTCATAGCAGGTAACAGT,556,54.14,Escherichia coli
SEQ_554681,CACTTGTTAATGCCAAACGGTGCCGAATCTTCTAAGAGATACGCCGACCCCTAGGGCCTTCGTGGAGACTGGTATCGTTGGCTCCGGTTGTCTAAGAATTGGGCTATTTTCAGACGATTATGGAGCCGCAGTACGGGTATAATGACTAAGGTAACTGATAGGACCTTACCGCTAACTTCGTTTTGTCGACCTCTGGTATATTTCAGTTTCATATTTATTATGGGTCGGTTAGCTGTGGACAAGATCGCGGTATGTCAGCAATTTATCTAAGACAACGCCCCCAGCGGCGACACCCGTCATTTTATTAGCAACGTTAAGGCAGCTCCGTTAAGCCGAAACTTTATCAGTTGCATGTACAATCCGTCAGACTATCAGTCACATGTTCGTTGCGATTCGTTCAGGCAAGAGGGAGGGATCTACAATGAACTAAGAGCTGCCATACGGCCCAGCAGATGCTGCAGTTAGTAGATTTTTTGACCTGGCCGTAACCCCGAGGATAGCGGGCTTGATGGCCGCAGAACGGTCTACATCGCAAGGGAGCGAGAACGGAGATCCTGTTGAGGCATTTCGCGATGATTAAGCCTTAGTAGCCGAGCGATTATTACCGCTGCGTCTATTATCCTCCTCCGGCGGATACTAAGGGATCGTCACGGCTACACGCACTTCGACTCACGGTCAAGATTCCTTTAATTAAGATTAAACAGGGACTTGAGCCATGTCTTCGAATAGCCGCACATGATCCTCACAGTGAACATGGGCATGATACAGAGGAGCGGGTGCTACTCACAAGATCTCTGGATCCAAATTCCGCCTAGTACAACCAATAACTATTAGCGTGCGCGCATGCGGCGCCTATCTCGGACGTAGAGAGCCGTCGGCCCGGACATTTTTAGGTAAGACCCCGCGTACATTCATTGTACCTCGGGTTCAATATGGATGGACAAATTACTTCGCCGTTGTATCGCTGCAGCCGTATTCACAATGCCCCCACTGCTTTCGTGAAACGGTCCGGTCGGGAAGGATTGTCTTTATAAGCACGAATATCCTGTTAACTCCCTGATTGCTATCCCTGGCAAGAAGGCGGTCTAGGATGGATTGAGATAAGGTCGGATATTCCGATGGAAAACCAGGAATATATCGCCTACAGAGGCGCGGGAGATTGAAGCATTGATTTCGAATTCATTTCCTGTGATGTGTTTGGTAGTCCCCTGGGAGCATTGGAACTGGCTATGCCGCAACCTGGATACCACTCTTCAGCTGAAATTAAGGTTCTTAAGCGGTATATGTGAGCTACACTGATGGACTCACAGCCATGTTCGGCCCTTTAACGAGGGTTACCGTCCTGAGGCTCGCGAGGGATCGACGGGGGACTACTGCTTGTCCTTCCTCGCCCGCATCCAAAATCAAGGGCTCACTCGGTCCTGAATTGCTCGCTCGAGTCTGGAACAGTCATGGGAATCTAGCCTGAGTGGCCGACTATGGTGGAGCCGTTGCTTGTTATGCTGAGTTTCACAGAATCATCCACCAAATCAGTGGCCGACGGAGACGACATAATTACTAAGCGTTAGGAGTAAAGTTCCCATCCCGATCCACCCTTAGGAGCTCCCCTCAGACCCACGAGCAGGAGGCTCTGAGGTATTATCTCATAGACTGTGGTTGGGAGTACACGTGGATACACTACTTCCAGATCATTTGACCAGGACCCGAACTTAACACTGCTTCAGGTAAACTCACGAGACTGCTTAGGAGTGAACGTATAGTTTTTCCCAATATATCATGCTACATGAATGACTACG,1796,49.44,Drosophila melanogaster
SEQ_432386,TTAGTTATGCTGAGATCCATGCAAAGTTAGATGCGCGTCACCTCTCGAGGGTTACGTAAAGCCAGACAATTACAGGGTAGATACGCTGCATGGCAAAAAACCTTGAAACTGTCGGCGAGGTGACAGGTGTCGCATTCGATGCGGTTTGACCATTAATAACTGACCCCGAGAGTACATAGGCAGCACGGGCCTATAATACTAGACGGTGTTTCCCTAGGCGGATGCTGCTAGAGTAGTGCCTCCAGAAACGTCGTCCGGTAGTATTACTAGTACGAGGGGGGCGGCGTCGTGCAGTCGGTCAGCGCATTGTTAATGGGGAACAGCTAGGCCGTTTCACAGCAAACACTTTACCGTGAATCCTGAGTTCGCCGGGCCACCTGAACTGTAGGATGGGGTCAGGTCTAGGCTTGCATGATGGGCCAGCCTGGTCCAACGTCAAAGATCCGTACGCGGGAACTTTAGTATTGCATACAAACCCTGGAGGAAGAACCAGCATTTTTCCACGGATATGTTGTCGATATTGCGAACATCACGGGTACTGTCGTGCTCTCATCGTGCTACAGAACACTGTTGGGGACCGCTAGGCACCGACAGCGCAAGTCACAGCGGGAAACACATAGTCGCGCCCGTTAGCATTGGCATAAGCCGTATTCGACTGGAGTTACATTTGGGTCCAGAAGCAGAATAGGGAGAAGTGTGCCGTTCTGTCATCACTCGTTCGTGGCGGATTCCGCCTCTTGAGTAACATACGTGTGTCTGATGGTTCACCGATTTGAGTTCGTACCATATGTGGACGTAGAGTAAAATTGGGCGCAAATGCTACCGGGATGTCTGCATTAATACAAATATGGCAGTA,856,50.93,Saccharomyces cerevisiae
SEQ_350326,CAGACGGGAAATCGGTCCTACAAACTGGAAGTTGTGGAGTGATGCCTGAGGACTAAAGGGCGTCGTTGAAACCAGTTCCAGCCAATACAAAGCCTTATCTCATTCATGAAATACCCATCCATTACGTCTGTTTAGACGCTCGCTAGCAGCGAACGCATGAACTGACCTCTAAAGTTCGTCAGACATAGAGTCACTCTCTTCATTCAGGAGACGTTATTGCAATTTGGCTCGCGTTGACTTGTGCCAACTATCCCAAGCTACGCGACTAAGTAAGGACGTATTCGAGGGCCTGGTATGCATAAAGTTTAGGGTATCTTTCCACATCAGCTCCCCGTGGTCGTAACCCAATCTCCATAACGTAGAGTCATTCTACTGGAAGTTAATATGATCAGTTACTTTAGTGGTCCCAGTGGTAGATTTCAGCGGCCACGACGTATTGGTGAAAAGATTGGAGTCTCGCTGCGCTCAACCGCCTAAGGCTCCACTTATACTAGGTCTGTCCTCTGTAAAAATTGGCTCTGCTCATGATCGAAGCTCTGTTTCCTACGTGCAGCACTTTCAGAGATGCAGAAGCGCCGCAATTTCTTGGTCTCTTTAATGGGGTTGTAGCTAGGGTACGTCCGAGACTTGTGCCACGGAACTGTTATCTAGTTCTTAGGACTAACCCGGCTACCATGTGTCCTCAGACCTGGTCCACGACGAGGGTCTATCGTTACATTCAGCACCTTATCGGCCCATAACTCAAGAGCCAGAGAACGTCTTAGTACCCGTGGGGCAACTGGGCCGTGACTTCGTACGTCTGTATCAATGTCATTACACATGGGCTCCCAGCGCTTTCCCGGTGGGCGTGGCACGCCGTGTCGTTGCGTTCAACCCCATGCCCCTATGGGCAGTCTCGAGCGTGGACTACCCGTTGACGAAACTCTGCGACTATAGCACCACATGAAAGACGATGGGTGAGCGGCATGAGTTTTCAATACGAGAGGCGCGGATCATGTCTAGTGGCGTGGAACCAACTACCTCCAGTTCACTGTACCCCTGCGTGCGGGAGTCGGGACCACGCTCGCGGTTGGAGCGGTTCCCGTTCGAAGCAACAGACAATACCTCACTCGCAGCCATCTGATCTATCCGAATTACATCGACTAGAGACCAAATCCAATTAGAAGTTGGATCAGCCCCGCCTAAGAACACCCGGAAGTGGCATTAGACGGTTCCGTGTAAAGTCTGCCAAGAAGAGTCACTACGCGTGCTTCATGTCTCATTAAGAAGATTGGTGTCATCCACGCGTTGAAATTTATAACTCCTCAATTGAGAATAGGGTTGAAGGTCTCACGATGCCTGGTATCCTGCTTATCAATTACACCCTGAACGAACGCACGGGCATATTCTATGCCCTTAGTATGCACGAAGGCTGTCTACTCCTTGCTCCTTGCGTATTGTGGCCAGTGCATAT,1453,50.17,Caenorhabditis elegans
SEQ_950603,ACACGACATCATCACTCACGATGAGCGCGTCTACACAATTGGCTAGCAGGATTCTATACATCAAGTCTAGGCGCGTCTCGAAAGGCTACAGATCTTAGGGAGCAAAAGCACGTCTGATCCGTGATCGAGAGGCGCAGGTGCACCACTGTAGCTCTACTCTCAGAGTGAGAGTTGTAAGGAGGTGAACTAGACGGCTCTAATACGGAAGTCAACATATGCGCAAAGGATCTCCCCCCGGCACCAGCACCCCGGCTGAGCTCGGCGCCACTATGTGCCGAAAGTATTCTCCTAACGCTTTCCTGCCCACAGTGGTGGCTAGTAGACTCTTGGAGGGTGAGGTTGTAAGTACGCTTTAGTCTTACTGCGGGAGAACATACGAATAGTAGTTATCACTCCGCCTTCGGGTGTCGCAACGGCACCGCGAGTCAAATCAAGTCCTAATAAATGCAGGGAACGTGGAGTTAGGCAGTTCGCGCGGTATGGTGTGCTAAAGAAGGTTATGCTATACTGGTCACAACACTACCTCTAGACTCAAGGTTTAACCATTGCAATAGCACGGCTCCACCTATACAGACGCCCGGATTGCCATTAATGTATGACTTCAGGATTCGGGGTAAGTACAATTCCGAAATCGGGAGACCCTCTGAGGCAGGCTCCCGGGGTAGAAGTCTACGATTAACAGGTGGGCTGCAAGTTCCTTCACGTGGGGGTCCAGCACGTGATCGCGCGGAAGTTAGTGTCAAATCGTGCTGAGCGCTCGGCCTTCCGCAATCGCTTCTCGCTCCCGGGGGTGTGAACACGGACTGGGTGTGCGGAGATGCGCTTTATGTTCTAAGAGCAACAGTTATTGCTGGTAGAACCAACACCAGTAACCCGCCCCGTATTTGGCGCCTAGATTCTCTATCCGCTAATAAAATGTTTTTCGCAAGCTGTTTCGTCTTGACGCTGAGGGTGGCAGCCATATACTGTTTTTCGCGGTTTCGGGATTTAACGCATGGGACGAGTTTCGGAACCTTGAAAGTCCTGCCTAGTCCCGCTATAACAACTGTCCAAATACCCCTAGGGTATTCAGCTGACGCTGCAGCTGGGCAGTTCCAGCAAACCTTAAGTATTGGGCCAAAGTCCTTAATTCGTGAGTGGCTCTCCTTTGAGTTGCCACTGCCTCGCAATCGGAGGCGTTGCACTGAATGATGTCTCAGCTAAAGAGGACTCGTCCACCAGGAGCAGAGCCCTGATATGTCAAAATTCCGAGTTTTTTTGGACATTAACCTGAGACATGTTTGGTAACGTCCCGCTGGGGCTCCCGCCGAGCTCTCCTCTTAGAGAATTTCAGTCTGCAGCAAGATGTAATTACTTGCTAGTCTACTAACCCTAAACCCTCGATCTTGCAAGCCCATGGTCCGTAAAGTACGACACCCACTTTTCAGGCCCAATCTTGGACACAATGCCCAGCAGAGATATGTCTCCTTGGAGCGATATCACCACTGAATCGAGTTATGCGATATTCTCGGACAAAATACCTAACGAGTTACGTCAGATTCAGAAAGCTCGCCTAAGCGTAGAACGGTTATCCTCTGAGGGGCTTCCGCCGCCCGGTAGGTCATCCGCATGAGTCAAGTAGAATTGATGGCGCCAACACTCTAAAAACTCGGATTTCGCGACGTCTGCTGCCCTCAACGAAATGGCTGGATTGCACCAGGGCTTGATACTTAACAGGACAGTCGGCCATGACATGCGGGATGGTCCTATAGGCCGCGAGATTCTCCGAGTGCTGACTGGCGCCTGAAAGGTGAGAGCTCTAAGTTTGAGCTGCGGCCCTCCGCGTGGTTCGGTATGATTCCATCGTCACGCCCGTGG,1857,51.75,Saccharomyces cerevisiae
SEQ_977065,ACTTAGGTTCCTATCTCTCTTACATGAGGGAAGACCTTTGCTTCGTTATCTAATGCCCTCAAATATTGCTAATGTACTTTATATGATCTGGTGAAGATCACATACTGCCTTTGACAAACTTTTGCTGGCCTTACCTCGTTAATGGAATGAGCTGCAGAAACTGGACCCTCGCAATGTGGTCAGATTTTGTTTTTTGTGCGGTCGAACCTATCATGGTTTAGAATCATCACACCGCCGGCTGCGACGTGGAGGAATAGTGGATTGGTCAACAGTCTCAAGGACAGGGAAGGATAATTGTAAGTAGTCCCCACTAAAACTATAAATCAGACCGTGAGACGCAAAGGGATTCTTACCCGGTATGTTTCAGCACATTCACTCAAACGCAGTTAACGTGCCGTAAGGTACGCTTGTACCGGTAAGCTGCACAAGTCAAAATAGTTTCCTGTTCGGGTCCTAGCACTACAGCGGGTCTAGACTCAGTTCTAATTTTTCAACCCCCTAGACCTATGGTTGCCCATTGTGGCTACGCTTGGTGCCCTATGACAACGGATCCCCACGTGCACGTAAGGAGTATAGGCGTTAGACGGCAAGCTATGTATCACAAACCCTAGTCCAGGAATCATTCTAGGCGTTATTCCCGGGAGAAATGTATCGGTCGAGCCATTAGGCCAACTTGAATTTTTAAACTCGTTGTGGGCCCCAGTGTTTTCTCGACGCGCCCCGCGTTAAAACAGAATAAGGGCCCAATTAAGTGGACTGCCAGCACACCCCAATAATCCCCAGACGCCGAACACTTTCAATGTCGCTGATCGCTTTTGAGCAAGACACCGTGTGAAGAACGCGTTAGGGCACGCTACGCACCACGAGGTTGTGTGCTACAAGGACAGTTAACGCCAGGGCCTATTTGATCCCCAATCCACGGAAATAGTTCGTCGAGTTGACAGAGTTTGGCACTATAGGGAGTTCGTGTTAAATAAACCGGGCGAGTGGCCAGGGATTGCACTCGGTTGATGATTCGGGGTCTACTCAATGCACCGATCCGGGAATTTGAACCGGAATCGAATGTTTCAAGTATGAAACGGCAAAACGACACCTTGGACATACGGTCCCCTAAGTTTATACATCGGTATAGCTGCTAGCAGTTGCCGTTTATAAGTTACCATCGACACGCACTGCACAAAGATACGAGGCCATTAACCGTGCCAAAACGAATGCGAGGGCGTGCCCCGAGAACCAAGCGTGGCCACGCGTCATCGTCGGACGAACAAGCAGCCCTCTGGAGCCACCGGCGACGGGGTCCCCGCATAAGGATTACCCCGAGACGCCTTACTACTCGGCTATCGAATCGCCATAGCATGATATGCACCACGCCGGGTTCCTGATTTAAACCTAGGTCTACACATAACCGATTCACAAATACCCAACGTCATTCCGGACCGGGGTCAACAGCAAACTCAACTGTACAGGCAAATTGAACCGCGGCTTGATAGAGCAGTGTTTATTTCTTGTTAAAGAATATGTATAGACATAGTACCCACGTGATGGTTTCTGTCTCCGTATGAGCTACACAGGCGCTCAATTCTGATTTTGTTCCCATGAGATATACCTTCGATGTGTCCGTACTGAATCGGAACAACTGATAGCTACTGGTGCATCCTGCCGTGGAGAATTGACGACGGACTCTGCTCAGATATTGGGACCATTTGATAGGCATTCCATAATTACCTGTATAGTTTAGGGGAGCAGAAGCTCATTGGTGAAAAGTGGCGCGCGCTCGCGAAAGCGATACAACTCCCATTGCGCGCACGGTGTTTGCCTGGTTATTTCGCCTCTCACCACGTCAATCTGCGCAAGAGAGCGTGTGTAGATCACCGCTACAT,1880,48.88,Homo sapiens
SEQ_933317,TTAACGGCCCACTCAATGCGAGGCAAGATCATGGATGGAGAGTACCATACAAAAAAAATATTGTGTGACAATAACGGTATCCCAGATCCACGAATCGAAGCTCGATAGCGCTGCGTAATGGGTCAAAGAATTACAGGATGAATATACTTTTCGCATCCTTGGCTATAGTTCGAGCTTATACTAACGTCACTCTGCCTTGAGACCAGGCACGCGAAATCATCGCTCCGTAGTCGGAAGTAAGCATATAAGCAGCTGATCGTGGTGACTGTGGTCGAGTAATGAATCCGGCAATAGTGTAACGGTGCCTCTGCTGAGACCAATCAGCGTGTCCAAGACTTGGTATGTCGCACGCACTCCACGAGTCCTTTGAACGCGACAATTAGTGTCCCCAAGTCGGTCCCACAAGACTGACGTTGCTTTCCAGTCGAATGGTGGGACGGGTTGTTAGACACTGACTGACGTAAAACCCGCTAGCGGTTAGAGTAATGCTTCGGACCGCGCGTAGTGATGTTGTTGGTTTGCGACCTGCTTAAGTTTCAATCGACATGCGGACTTTTCCATATACAGAAGTATGAAGACGCTGCTGATAGCGGAGGCGGAAAACTTGATGAAAGGTCCGATTATATTAGGGAACTACGACGTGGTGATGGGTCCGTCCGATACGCTGGTTACACGATTTATAC,683,48.17,Arabidopsis thaliana
SEQ_812515,TTCATGAGCTGTTTTCGGACCGTTGAAAGAGAAAACAACCACGTGCATTGCTAAATGAGCAACGAGCGGGCCTGGATAATGCGCATAACAGCATGTCGACCGGTAGCCTACCGTCTCCCCACTCTCTCCTTAATACTAGCTGACGCATTGATATATATCGTTACCCGTCGTCCATCAGAACAACACTAGAACAGGGACCTTGTAGTAGCTTGCCCTTAATCCTTACTCGTGAGCGGCACCGATAACCCAGGCTCCAAGCAGTAGGGTTTAAGCCGGCCTCCACTATTAGGTAGAACCGACGAAAGAGCATGCATGCAAACTAAATCACAACATCTCTATGGGCCTTGACTTGATACAGCTTGGCGTTCCATAGTGAAGGTACGCAATGTCTCCTTCGCAGGTGGTAGTTCTGTCATGTCCGACTGGTCATCAGGGTCCAGCCAGTTTGATCCCCAACCACACCAACTAGTCCTCCAAACGTGCTCGAGCCAGGGCATCTTCCAAGCAAATGCTGTAAAAGGTCCATTCACACTGTCTCCACGGGAAGTTCAACGAGGAACATAGTCGACAAACCCGTCGTAGAGGGGCTAAGTGTCATCGCCCCGATATGGTAGCCTGACGTGCGCACCGGGAGCCCGTGCGGATCGCGCCCCAAGCGTGCATTCTTTGAGCCTAAAGAGCTTTAATCAAGTAGCTTTTAACGTCGAAGCATTCAGATAGAGAGGTAGAAGCTGTCGGTCTTGCAGTATTCTCTATTCTTACCGAAGACTTCAAGCCCCGCGGCGCTACTTAACAGACCTGCGCTTGATTACATATCGCAACAGCCCAGCGTTGGAATATTCTACCCCTCTCTTTCAATCAACTCTGACTAATTATGAAACAACAGGTCACGCATTTTTCGAGTTCATCACGCAGGACTCACAGTAAGCCGTAGGAATAGCTGTTAGTGGCCTCGCCTCGGTTGGCGGGCTTCCGTTAGGTACCGATTGTAAGTTGCGTTACATCAATAGGCAGCTAAACGTGCAACTCAACCATGTGATTTCCCATATAGCGTAACGGACAGGACATTACTGACACCGCGTCATATTGATTTTTTTGCGGTTGCGGTCACGCACCGTGTAATGTGAGGAGCGGTGCCAAGAGTCTTCCACTCCTTGCGAATGAGCTATAGGTGACAATGCGTGTGAGCAGGCAAATTGGTGGATGCCCTGTTACCCTGTACGAGCAACGTGGGCAGCAATTTAGTTATACTGCCTTACGTACGCGCTAGTACTCTCACTTCTAAGAAGAATCTAGAACCCGCTGTTAATAAAAGTTGTACTAGTTGCT,1329,49.36,Saccharomyces cerevisiae
SEQ_248971,CCCCATTTTTCGTCGATGTGTCGTCTGCTTTCTAGACTATGTTTCCTGTGACGGCTAACCAGCAATCTCCTTACGATTTTCTGGGGGACCCTAGTTTCACACGTGGTAATACAAGCGCTGACGCCTATCCATAGGCCACACTACATTGTTATGCCACCCACTACTGATGCCAGGTCTCGTGCCAAGAAAGTATCTAAACGAGAAGACATCCAATCCTCTCCAACGTGGTTGCTTAAAGAGGTGTAGGGTCGAGTCTCATCTGGGTCACTACTGTTTAATGCATCTTACTGCCAGGCGTCTAGGAGGCTACGGACCTTGTACTGGGCCGTAATAAAACCATCAAAGTTCGCAAGCAACGTTTCGTCCAAAAGTATAAACTCCGAGCGAACCATACACCAGTTCTAACGGGAACCGGTGTCTTCAGTGCGAGAAGAAGTGCCTAGTTTTGCGCTTGCGAAAAGCGACAAGCACCCCGATAGTTGATTTTATGCTATAGATCTAAGTCCTCGGGTTCAGTTGTCCCCATGGAATTACCCATAGGAGGCGATGAGAGGTCTTCATGCGCTTTAAAATGGGCGGCGTCACGAGGATGCCGTTCTCCACGAGGGTTGGGGACGCCCTCGAGTTGGCCAAGTTAACTGTCCAATGACAGTTGAGGCCCGATTTTAGGGTGGGACAGTTAAACAACTCCCCAGGTTGCGACGCTGTGAAGTATGCCCATTGAGCTTTCCATCCTCGGAATCTCAAGATACCGCGCGGATATGTACCTAATTCACAGGGGAGCTTAATCAGTGGATTGGAATCGTCGGTACGTTCCCCACTCCCCGGGGGCTGATGTCATTAGGATATCTAGGATATCGGAACGATGCTCTTACAATAGCATATTTCGCAGCTGACATGACGCGTTGGACACCGTCGGCTGGATTTACACGTAGAATGGCTAGGATGATAGGTAAACGCTCACATGATAAAGTAGTGTTTACCTGCTGTTAGATGTAGCAATATGAAGAGACGGGCAACGGCCCCTCAGTGCATGCAGGCGCTAATACGACGGGGGACGATGTCCACAGTCGTGCAAAAGACTATTGGCCATCTAGGCGAGCATGGGAGCAGCCTGACAAAGAGCAAGCTTGGCCGGCCGGGCAATTTAAATATCTCACGGTCGAGTCTGCGGATAGCTTTTTTAGTCGTCGTATCGGGAAATTATTCTATGGCGAGAATTGGTGACACCAGTGATGTTTCCAATCTGTCAGAACAAGGACATTCGCTCAGCACTGTGGGCCCGCCCCGAATCAGATCTCTCTTCTTGTCCTCTTATAACTCTAGGTTGGGACGCAGCGCTTGCCATGGTAACCACGCAAATGTGTACTTCGCGAGCACATCTATTATTGTCTCCTAGCTTTTAACGCATAGAGCGGCGGACGGAGGCATTGATTCGTCTGAGATTAGTTGATCGACCACCGCTTGCGATCCCTCATATGGCCATCGGAACTCCGACTTGTCATTGAATTTGGAGTAAGAAGCCACGTTGGGTACTTATATAACCGGCGGTAAAGACGACACTGCGAAATTAACGCTGATGAAGACGACTGCAGTGCAGTCCTTTCCCTGTCGAAACGCAATGGTAAACATAAATGGCGGACGAATCGGTAGGGGTACAGACATTGTCTGAGAGAGAGTAGTGACGCAGCTTCTCAGGTACGCTTTCCCCCTCCTGCCGCGGTTGGAATGTCCGGACGATCGAGCCCTCTTATTCGACCAGCCCAATGATCGGTTCGGACGTCCAAATTGATGATTGCAGGATTTAGACGAGGGTAAACGAATGGGGCAGGGTTGCCGCCCGGAGACGGCTTGCGGGTCTATCACCATCTGCTTCGGGTATGTGCTGTGTTGGGGCCCACCCCACATATCGGATCCCTTTAAATCGAGACCCGACCAAACTACATGGTGGTATACCTGTAAATCGTAAACC,1972,50.35,Caenorhabditis elegans
SEQ_808860,TTTCTAAGCCTTAGGTGCAAAGGTTACCGCGGGTGCCATCCCGAGAGAAGGCGGTCCCCAGCTGATATCGGGCCTAACTTGCTTAACAAGACAATAAATAGGGACAAAGGCTGTTTTGGAATGAGCTGACCTTCGCAACAATGAACGGCCTCCATAGACAACGATGTAACCGTAAGGACATCTCAGCGGAAGCCTCTCATACTACGGTTTTGTTGGGTAATGCCTAACCCTCATGTTTGGGGGATTTGCTCATTTGATTATTCGACAGCTGAAATTTCAAGCAGCGATTCAGCGCTTTTCGGGACGGTTTCGGTCGACGATCCTGGGCAAATGTGTACTGCTGTTGGTTGGCCTCGTGTATGTACTGATCTCTCCTTAGGACGTCAGCAGGAAAAGGGAGATGGAGATAGGAGACATGGGAAATTCCGCACTTGATCGCAAAGAGCATCGTCTGGTATGTCATGTCTCGCTAACCTTACGAGCTCTAACGCCGCGTCCTACTATCAGTAGGAACCAGGGTACGCCTGCAACAGTCCTAGGACAGCTCTGCCTGGAGACGGTCCTTCACGCTCTAGCAGGTGGCTAATGATATAGTCGTGTATCCACAGTCATCGGTAGACGTTGCAATACTAAGGAATTTCTAGATCTGCCGATTGGCGAAAGATGTCCTTCGTTGTCCATTGCAGTCGGGTTGAAGCGCACTACCCCAGGGTCGTGCCTGGGACATCAAGAATTTGATTGGGCACAACCATTTGGAGTACGTGACCCGTAATTCTTTTCTGGCATCGCAGTTGAAAGTTGCAAGAGGGTGTCGTGAATTTCGTTAGCAATGACTTCATCATAACTGTCAGTGCTAGTGTTTTCTTACAGGCGGCGTGTTGTCGCGTAAGACATTATTCTCGAGATGTGATATACATGGCACATCGAGTTGCGCGAGAACAGGAGTATTGCTGCCATCGAGGCGGAAGCCACTCTACGCATAAGATGGGTAATCGCTGTAACGGTTCCGCGTGGTGTACGTCGGCACGCGGTGCAGGAACCGTGCCCGTTGTCGAAGGATCTGCTCAGGCGCTATATTACAAGTTGCCCAGCGGTATTCACCATGTAAAATCTGGTAATTCGAGAGGAATGTTAGGCAGTCATCGACCACTTGGGATACCTCGCATGTGTTATGACAGGATACATTCGTCTGAGAACGTACGTAAATGCGGTTGGAAATTAAATTCCTCCCCATCAGACAATGGCGAACTCCCGCGTTTAACCACTCGTCGTTTCGCCCACATGAGACTATTCCCGCAGCTCCTACGCGTTTAAACGCCGTTTCATTGACGCATAGAGAGTTCGTGGCGTCATAAGTGTAGACTACTTGAGCAATCCAACAACAGAGCCCGACATTCGGGCGAAGTGTACTGAGGCTTCCCGGACATTTCAGATTGAGTTTTTGGCCGTAGGAAAGCTCGTAGTCCAGCGTTGTGTTGTCGCCCCATATATGCGATGACAAAGACCGTCGCAGCTAACCGCGCAATGACTTTGAGCTTCCGGCGACATGTCCCCGGCAGACCCACAAAGGAAAAACTAGCCTGTATTACTATCCATTAGTAACCTTTGACCTAGACGTAAGTGGCTTCTGGCTGAAATTTTTTCCACTCGCCTCTGGCTCA,1661,49.67,Caenorhabditis elegans
SEQ_751662,AGTCTTGACGCTGAGTGATTAATACCGCAACAGGGACTAGCTTGAGTCGGCCACTAACTACGCATGCCCCTAAAGCACTCCAATGGTTATATCTACACCGTCTATTCACATGATGCGTAATATAACTTCTACCGGGTAGACTTCTTTCGTAAAAGACTCAACCATGTCGGGAATAGAAATCTGGGACGATAAATCCATCGAGCTATCCGTATTTTCGCATTGCTCGCATCCTTCAGGTTAGAAACTGCAAATCGGAATATCTTGTATCCTTCGTATTTTCCTTGGCCGCGCGTCGCCATCGGGCGGTCAGGGATGACTGCGCCGTATTAGAGGGCGCGTTTTCGAGCCCTAGTTAGCGACGTTAACATGCGTTTCGAGGCGGATGAACACTCACCTGTCTGTCTCCAAACCGACGGACTTGGGGTCCCATAAACTTTAACTGGAGACCCGGGGGGTCGCCACAGTTTTTTGTCTTATTTGCGACACGCCGCCGGAATTAGCACGAGCCCGATTTTTTTCAATCAAAAGAATAATTAACACCAGGGCGCGATTTTTATTGGGGCGGGCTAGTCTGGTCGGCCTACCGGATACTAGCGCTGTGCCGACCCAAAGGCCAAACTTTCGTAACGTAATTCTATACAGTAGGCTCTACTCTGAGCTCTTATTTTTGGATAGGACGAGGCTCACAGTCAGAACAAGTGATCAACGAACGCGGGCCCGGCTTTGAGCTACATCAATACGAGCTTTAGTGTCTACTGCTCGGTCTGACTGTCGAGACCTACCCGTCGATTCTAGAATTAGCATTTGCGTCTGATTTTAGTAGGGGCGAAGAACGTCCCCACGTCGACCCGGGCGTTTGTTGTTACGACTGAGTCAATGTCGAGCATTCTATGTAATGTGGTACAGGATCGCCAGTTGCATAGACTTAACTAATCTGGGCGGGCTTCAGTCAGGGCTGCGACTGTCCTTTCGAGATCCGCATCATGGGTTGTCGAAGGTCACAGAAATCTATCGATCCCATGTCCGGATATTGGGTTTCTGAGGTGAAGATGCGGATTAGTAGCCTGCAATTATTCGCAGAGTCGGGGAGTGTTCTGGGGAGCCCATAGAGTCTTTCCCATCTCGCCTCGAGTGTTTGCTCAATGTGGCGATAACCTATAGAACCACTGCACGCCACTGGTTAAACTTATATGGGCTAATTTAACGCCGATGGTGTTGTTGAATGTAAAGAAGGTCATTGATATCACAACGCAGCGGTTGCCTCAATACCTCAGTGTTCCGACGGATCACTTGGGATCCCTTCCCCAAGTGATTATATCGGGACCAGGTTCCTGGTTAATCGTAGGGACAAACTTAAGGCGGCGCCGGACGGTAAAAAGCATACAATACTTTTTATACATCGCAATGCGGTATTGGAGAATATCGTGGCAACTGCTGTTCGGCAGTTTGTTCTATTTCTTCAATGGAAAGATTGCAGACATCATATAAATAAAAACGAGTGCGGACGGACGGGTTCGCATAGGAGGCCCCCCTGTTGATGACTAGTGCCCGTGCGTTCACACCGGTAGTTGTTGGGCAAAGAGTTATCAACGATGTCCTCTCTAGTGGGACGAGCTTCCGAAGTATACAATTCGAACCCTCTTGGACCGGACTGACCCATTTACGTCTGGGATCTGAATCCTATTATACGTGATCTGTGCGGTACGGAATCGCAGGGTGGACCCCTACTACCTGGCTTAATTACGGTCCGCAGAGCCCACTAGGCGTCGTTCCCACCGCAGGACGCTTGAGGTGTACGTCGCATGGTTTTAAGGTCACCTCTGACTTTGTAACTTCGCAAGGGTGTTATGGACTCCGCAACCTATTTAGCCCCAGACCCACGTCATAAAGCGGCGTGGAAGGGTTACG,1908,49.53,Homo sapiens
SEQ_142905,TATGTTTCACTTTCCGGCCAACCCATCAAGATGTCCAAATTAATGGATCAGGAGTGGGCCTAGCCGTCATATGGCACACTAAATCTTGAATTCGTCTACGCGTACGTTCGCCCTGTGTATATCGGGCAAAAACACAATATACTTCGGCGTCAAATACCACACACTAAACAAGGATACTTGGGATAGAGATAGGAGTGTGTAACTTTCTTTGCCGGCTAGATTGATCTAAGTATTATGTTTTCGGATGAAATCATAGCACTAACTTAGTTAGCCCTAAGGGGCTCTGGTCACCGCAGAG,298,43.96,Caenorhabditis elegans
SEQ_326551,CAACCTAATAGGGGCTATACCGTCGTGCTAAGGCTATGTATTCGCAGCAAACCAGCGGGTCGTTGAAAGTGGCATCCCTCTTGAATTGTCTGCCACGTGTAATAGTACAGCCTACGTTGGACGAGGACAAAGGACATTCTCACCGATTACTCGGCGATTGCAACTTGAAAGCTTGCGGGCTGAGTAAGGAGCCTAACTTTCCAGTGGTGCGCGTTGCGGCCCGTCCCTTTTCCAAATCCTGCCCCCATCTTAGGCCCGGTCTCGTTGGACGGGGGTCCGCGTAACACCTTGTGTTGGTAGGCTTTGACGACTATTCGTAAGCCGTTGCTGAACATCCAGAGCTGCCCACTAGTCCGCCTCCCTTACCATGCAACACCGCTCGATCCCCACCGGGGAACAGGTGAACTCAGTTGTGCGAACATGCTATAACAGAAGTAGACAGCTCGAGATATCTACGCCAATCGGGAACGAGCATTCATTTTAGGATTACTAGCCGTCGGTTCCTATCTCGGCGGTACAATTCCATCATAATTGTACAATGCCTACACCTATAGAACAAGGCGACTTGAGCAAACCTAACCTCCGGTCGAGTAAACGAGCTATCCCCCTTGTGGGTTAAGATTAACTCGCTTAGAATTTCTACAGGTTATCTTACTTTTACTTCACGACTATGAAGTTCCTAATTCGGCAGTATGCGGTCTGCTCTGTGGCAGGTTAATCGAGCGAGTGTCCCTACGTTCACTCCGGTGTGTAACTCAGGCATCCGATCGATAGGACTTTCGGGCGTTGTGTTACCTTGGTCAAGCAATCCCCTGCTGGTGGTGTCCAGCGAGCACCTGGTCGTTTTTTCCTAATCCGGTTTTTGTTGGGGGATCGTCATTCTACGTCCTTTCTGTCATTGATGGGAATGATGAGAGTTTTGTAGATAGGACCCGAAATGTCAATAGCGGGGAGGGCGGACTGGCTATACGAGACGTGCCTAGCAATTAATTCCTAACCGGTCAGCAGTCAAGGCTAGTGCCCTGGACTAGCAAACCCGCCCGGAATGGGTAATCCCCGAAGGTTGCAATCTGGCTTCTTTGAACTTGACGTACTGGTATGCTGCCAGATGGTAGTAGCGTACGTTACGCACTCTTAAAATTCGCGCTTGTGCGTGGCGGCATTATTCGTCTCAATCCTTCACGAAATACAATTTGAGTTCTTTCGTGCGGTTCACTTGGGGATATGTGTATA,1233,50.2,Escherichia coli
SEQ_298081,AATCGCCAGCGCGTAAGGTTAATACATCCGTCAGGGTCATTAACCTGGACGATGCAACAAGCCTGTTTGGGGTAGGCCCCGACATAGCCGCGGTAACCAGATGCAGCCTCTCGACCCGAGAAGGTTGATTACTAAACTCATACACTCAATGTAACACAAATTGATCGTCTGCCAGTGGGAGTGTTTTACTAGTAAGATCAGAATTAATCTAGTGCTTTGCGAGCTTGCGCAATACGGAAGCTATGTAACGGACGGGATAAAAGCTGACTGCAAGGGATATACTTAGACACTGGATCTTAAGCCGAGCCTGCCCCAAAGATTTCTTTTATGCAGATGGCAAATTGGACCAACCGTATTTAACGCGAAGCGACCCGAGGAAGTCACTTCAAAAGGTTTATGCTTTGTTGCACCTAGCTTCCGGACAATATCAGGGAGGTGGATAACTGGATTGTCTACGAAAGGCGTGCGCGGAAGGATGATCTTATCATGGTCGTGGAGAAGCTTGTGGACTCGCTTGAGTTTCAAAGCCTCCTCGGAGTCGGAGGGAGCTTCATTTAATAGAAACTTCCACTGTTCCGCGCTGGGCAGAGGGGCGGGACAGGGGCGTGACAGTGGAAACCAGTACCATAATAGCTTTGTGCTTCGACCGCCCATCACTGCTTTAAACGCATTCCAGAGTATGAGACCCACTTATGACTATGCGTTTCAGAGCGCTTTTTGTAGCGTGCACAAAATAGGGCCTGTCGGCGCTTGGTTATGACTACCAAGTTGCAGCGAAGCTGGTATTGTCCTGCGCGTCTCAACTTGTACTGAATGGATAATTACCTTCCCTAACGCATAAACAGAAATAGGAGCTGTAATCCAGCACCCCAAGAGCCGTCAACGTTCAACGAATGTGTCTTCGAAACGCCCTCGCTCGTACGAGTGGACCTGTCTGCAAGGTCTACTGTTCACGTCCGGGACAACTGTACCCAATATTGCTCTACTCACTCCGGCATATGTGGTCAACTCAGTTGACTCCATGACGTAGTGTTGGCTCGCGGTGTGAACTGAACGACAGGCGACTACACCCTAAAACACTATTGAGATGGTAGGCATCCCGGTGCACGTTAGAATAAGGTAATTCTAGTTGGCCATTCAATCGGGCTAACTTTGCTTCGCTTGAAACACTATAGAGACCCTTAGAAGTCACCTAGTTTCGGCTCTAAGTCGGTGTACGAGGTTGTAGCACTACGGAGGTGTCCCGATCCTCCAGGTCCATCGGGACCCCTACAGGCGACGGACCCCAGCACGCGCGGTTTACCTCCCTCACCCCTTCAGGACGCGCGGCCAAGTTGATGAAGTACCGGCGTGCTACTCCTGATCGCCTGGGTTGCTTCAGTTGAGGTGATGGAAAATTCGATCGTACATTGGCTATACCGGAGGGGTCAAAATGGATGACTAGAGAATCAACGATAATGTGAGAATTATGAAAGGCGCTG,1481,49.97,Escherichia coli
SEQ_659856,CGTTCGTCCAACTTCCGAAGGCTGTGAGGCAGCAACCGAAAGAAAACAACCGTAGGCCTTGGTTAACATATCATCTTGGGGGAAATGTTTCAAACTATCCAGCAAGGGGCCCACCTAGGGCATGCTTGTCAAATAGCAGAAAACGGAATAGATGTGAAGTCCATGCGGTTAGTAAAGATTGAGCGGAAAGTACAGGTGAT,200,47.0,Caenorhabditis elegans
SEQ_880002,TATAATCGGAGCCTGGACTTCTCCATAGGTGGTTGCCCGTGTCATCACGGCGGGTCTTCATGTGTCGCTTCGCTTTACTATGCAGGTCGGGCAGAACGCGGTCATTTAAGCAACATGCCGATCCACCTATCCCGGAAGACTTTGTACAACGCTGTTATCTGGGTGCGCAGTCAGACAATGGCGTCCGAAGTAAGCCGTTTCATCAGACTCTAGCAGATATGTCGTATGGCTGTGATTTGCACGCACTTCAACAAGCATTGGTGGTGCCTCGCGCCACATAGGATGCTCAGGGATGGAAGCGTAGTCAAGGCATGATGAAAGCCATAGACAGACGTAACAAATACCAACCCAAGACCGCGAACTAATAGAGAGTGATTAAGATCCCCCCCGTAGTTTAATGGTTCTACACTCGGGGAATACCTGGTCTGTAGGGGATATCACATATTACGAGGATAGCGGGACGTTCATACGATGCGGACGGACTGCCCGGGAACCCCCCGAGATTGGTTCCTTTCTGTCACCTCGGGAGATAACCAGCGGTTCGGCTTGTTGTTTGAGGTTTCTAACGAGGATCGTACGTCCCCCCAACCCCCCCAGACCGCCGCTGGACTATGGGCGGGCTATGGAATCACGTATGGAGGGAATTCTTTGACGCAGTTCATCGGGTATCCTACGCCTCCCACCGCCTAGTCCCATAATATTACTACCGGCATGTAATACTTCGCGGGGAAATATATCCCCTCCATAAAGGGACTATTGAAACGACTCTGACTTGCTCACTTATTACGTGCATTAGTTAACGCGATTAAGACCGATGAGTCACTACTTGATAACATTATGACTGTACAGGTCGCAATGCATTTTGTGATCCCAAAGTAGATGCCGAATAATTTTGCGCTGAATCTACATGGATCCAGATTGCCCAAATGGACGAACAAAGGAATATCGTGCGTCAATTTCTTGTTACCATTTGTTACATGCGCTTACCTTGACAACGTTATCTGTTGCCAAAAATTGGCTCGTTTTACAGTCTAGGGCGCGTCTATCTGTATCATATTACACATTTCCTCACGCACGGGACGGCATTACCCAACCCTCCTATTCCATACAATAGGCCGTCAGGCGGAGATTCATCCGTATGCGGCTACACAGGTTTAGCAGA,1162,49.14,Homo sapiens
SEQ_100588,CGCACTCGTGGGTACCTGATTATTGATCCTAGCTTACATTCACGCTATAAGGTTAATTAGCTTTGGTGATGCAAACTCTCATCTACTAGCTTATGACTTAGAGAATTCTGCGAGCAGGATCTAGACTGCCAGTCTACCCATAGCAGGCAGAGAACATGCTCCGTACACCGGTTTTCAATAAAAGAAAATCTTTAGCCCTATTAGCTTTGTGGAGGCGAACCTCTACAACGACGAATCCCTCAGGATTTGCACTTAACCGTCTAACGCAAGAGCCAGTTCGGGTTAGAATTTAATCACAACGGAACCCGATCGGTGATTGTGCCAATAATAATCAGACCGGCCCTGGGTAGAATTAACGTC,360,45.0,Caenorhabditis elegans
SEQ_400981,CTCTGTCAGAGAACCGGACGAAGACCGAGAGACCTGCAAACTCGCAACTCACCCCAACGGATTGGCATCTATATTTTAGCAGATTAGTAGGTGTCGCCCCAAATAGGGATGCGTTGATTCGCGCTGCGAGGGTAGCCTTATTAGTCTGTCTGGTATGACTCTTTGTGGCCAGGACAAGCACGAGGGAAGCCCTAGCGGAAAAAAGAAGCTTGTTGCCCAGCTACCACTGCGATGGCGCCAAGACGTGCTACAAAGGGAGCGAGATCCCAGGGTAGGCCATGTCACCAGTAGGTCACTAACTTAACGAGGGAATTTGATAACATCTTTCTTCGCCTCATATCTCGTTTAGTTAAGAAGCATCGCCGGCGCATAGCGAAGGGTTAACCGCCCCTACCTTCCAATATGGATGTCGTAGGGGCTGACTGGATCTGTGTATTAGCCGTGTGGCTGTACTGCCAATGAGTACCGGGAACGTTGAACCTTCGTTTATCCACGTCTATTTCTTA,506,50.79,Arabidopsis thaliana
SEQ_492140,GTGTATCGAATATAGGCGCTAAAGCCTATGCGCCCCGGACCCCTACTGCGAACCAGTTCTGGAGGAGGGCTCGTTCTTTCCGGCATGGTAACAGTTAACCGGATGAACGTGGGCAATGGAGACCCAGACCTATTTCTGCTTAGCAAGCTCGCATTTCCAAGTGGGTAGTTAATCTGTTAAGAAGTTGGGATCGGGATGGACGGCGAGGATGCAGCAGCATATGATCTTCTGGGTCACTCAGCCTTTATAGCTTTTACTCATGGACGGTCTAAAGAGGCAGAGGCGCGATAGTCACTCGATTGCCACAGCTGAGTTAGCGCGACTTAAAGTTCAATAGGACCCAAGAGGGGCCGGCCCTGTGCG,363,52.62,Escherichia coli
SEQ_996140,AACTTAGATAACTAGACCTCTGGTGGCGGAAGTTACATCACGCTGCCATGAAAGCGCTAACTAACAAGTGTGATCCTGCCGTAGACTGTAGAGACCGGTGCTGTTACATATTCTCGAGATGGGCCAGCATGGGAGTCGGAACTATGATGTCAGCATATGGTGGTCTGGGATCGTCGTGGGCCAGCAGCAGCCAGGCGCCTCTAGTCACTGGCCAGTGTAGCGACCTTTAGTATCGATTTCGTAACAAATTATACCTATGATTGTATGGACTAATCGCGGAAATCTCGTGAAACCATCGGTGAGCCCCAGCACCTAGTCCCGAGTGGGCATGTGGACATTTATTAAGTATCCGGGGGCCTCCCAACCCAAACTCTGGGGAAGGAGCCTGCGGAGTCGACATACGAGGGCACGCGGAAACAGGATTTATTGGTGAGTGACTAGACTCAGACAACTAAGAGGTTGCCCAAGTAGCAACCGTTTCTCGGCCGGTGTGATCTTAAGTGGCAAAAAGCTAATTGGCAAACGGGAACCAGGCGTAGTGAGGTTGCAGTAGATGCCAGGGGGGCTAAATACGCATAAAGGAAAGATCGCTAAATCACTATTCGGATACCGTCGACGGGACGGCAATCTTTTTATGGTGTAACACGGCCTCGCATGCATCGCGGGTAAGTAGTATCCCGGTCTCAGATGATGGTTAATGAGTTTCCGGAAATTGAGATCGCGTCGGTGGCCAATCTCTCAAGCCGACGAAACAATTACTTACAAGGAGTATAGAATTCTACATCTTTTCCTAGGTGCAACGTAGCCATGGGACTATACTTGGTATATGCTGGGTGCCCGGGTGCAATCATTCCAATCCCCTCCTGCCTTGCTAGGAGGGCTCCCACACTGCCTGAACATCAACGTGGCATCCCTCGTGTGTAGGGGGAGGAATAGTCTCCTCCAGATGACAACTATGTGTAGGGTATCGCATATGGCAACATCAGCCATTCATACTGGGGGATCAATTGCACTCACTAGACTAGCCGAGATCGAGATATAGATAACCCCGAGCCTCCGACTAATCTTGTAAAGCTGGTAGAGTATGCTTTAGGCCGCTTGTTGATGAGCGAGTTTGAGCGCAGGGCGGTCTAAGAGGCCTCGTGTCAACTACTAAGATAATTACCCCGGTTTGCACCTAAACTACGAGCGGACCGACTGTACGGATTTGGACTGCCTTGGTTTTTACTTTCAACTGGCACTGTGGCTGCATGAACGAAGAATTTGAACGATCACGTTGTGACATGTGAATCGATAGCCCCAGAAACAACAAACCTACGCCAGAAGAAGGTTCGTTCTGAAAGCGCGTAGATCTACGCTGTTCACGGAGCGAGGGACAGGGTGTCTTCGCTGGACCTTTGAGAGTGCTTACAGGCGGGTTGCTTATGTAACTCGTCGGTCGTGTCCTTTAAACCTGAGTGCTGGTTCGGGATAATTTTCTTCCGATACACGCGACGGGGGGAATGAAGAGGGCCATGCGTAGTTCTGCTCTCGAGATTGACCTAAGTATCCAATATGGCTTGAGTTACCTCGGACTCACCCTCCATCCAACTGTATGTTATGGACCTTTTTCTCGCAAATATACTGATGGACAACCTGCACATGTTAGAGAAAAATAGCGCAAGCATTACCCCGTTACTCAAAAGATAGAGGCGTGAGAGCTTGCGATAAGTGGACCCCTAACGGTCCCCAGAGATCTGTCTCCCAGTCAGTACTGAGCCCGGCAGGCCACCAAGTAATTACTATGGCGAAACCAGGTATGCAC,1804,50.06,Mus musculus
SEQ_737893,GATGGCTCTGAAGCCTGTGTACTAGTTAGCCGCCCATCGATGCGTCTAAAAAGTGTGCATCGAGGATTAGGTGGCAAACTTGAGAGGGGAAAGATACAACATTTACTCGCTCGCCGTCCACCAAGGAGGAAAGACGGATCAGGCTCCGCAGATCTCACATTCTAAAAGTGTGGAATGACATGACTATCAGATTGGCCTACGAGCATTCTCCACTGCTTATGGGTCACACATAAATTTGCAAACCATCATGGGCGCCGAACAGAATTTAGACCCACGACCAACGCAATGTCGACGCTGGAAGACAAACTAAGAAATCAGACCCATACAGTTACTAACATTGTTCCGTCAGTCATCTCCTGTAGTATTCGTCATATCGACCACTGTATTAGCTGGTGCTAGGCGCGACTTCAACGTTATATCAATGGAAGGTGTGCCCTCAAGCCGTGTCCCCTACTGCGGGTTTTCCACAGCCTTCCACCGATAGCTCAGCAATTACCGTAGGGATTTACCATTCGCCTCTGTCATCCAGACCCTGAACCAGCACGTTATATGCGGACTTATTTAACCAACGGCTCCCTGATGTGAAGGCCAGTCTTCTACTAGGCGTACATCCGAGAGACATCGCTTTAGCAAGACGAAACCTTTTCGGTAATGCCGGTGAATCCCTCACCGAGTAGCGGAGGGTTGGTAAATAATTTTGCATTGGACCGAGGTCGTATTGATATTCAGCGCTAGGTCGATGGCGTGGGGTGGAACTAGAACCAGCACAACTGTCGCCATCTTCCGCCCTGAAGCTAATGCTTCCCAACCCGGGTAGCCAGTCGTGCCCTTAGTAGCATTTGCTGCGGCTTCGTACTGGGCGGAATGGGTACCAACCTTTATGCCGCTCACCACTTTCAAACCATAGAATGTTGTTGCATTGGTAGATCTCACGTCAAGGACTGTGTTTTTGTGGACCTGTCCGCCCATACCAACTAAGGTACCGTAGCTGATGATCTAGAGCCAGGTACAAACGCGACGTACTGTCTTCCTTGACAGCCAGCAAGGACGAGGAACAATTAATCTCAATTCATACACGACCGCACATATGATGTTTT,1097,49.23,Arabidopsis thaliana
SEQ_925473,TCATAGTCTCATAGGTGCGGATGGAGCTCGAACGTAGCTGTGACTAAAGGAGTCTCAATATATTATTCACTTCGGGTTAGGTACCAGTCGCAGCTGCCGCGTCACAGCGTCGGGCACTCGAAGGTAAGCCCCACAAATTTCACTCCACGTATCTTAAGCACAATTAACCTGACCATCACTGCACGGGCTCACCCCCACTAGAAGGAGGGTATTCAAGCGGACCCTGGGGAGCCATGGTACTTGGCAAGGTGCGCTGTACCGCCGCGCATCGCCATTCGGGGGGGGTCCTTATAGAACCCACCCCAGTGAATGTTCACGGTCAGCCGAATCTACGCGGCAGATGTGTGATGCCCCAAGAAAGTCCAAAGAAGCCACAAGAGACTGATATAGCTCACCGTTGGACTCCTAGAGTGAATACGGGCCCGATGTTCCTACGCACCGATAACCAACTATATTCTCTCTTAAAGAAATCTGAATGTAGCACGACACCCCGATATGCCTACGTACCCAACGCCTGAGTAATTCCGTCATTCTAGCAATTGCACGCTGCGCTATGTCAGACCGGTCTGAAGCTCTGTCGAGGACTACCCGGGCACGGTGTCGTCGCTTGCGGAAGACCTGGTACTGCCGCGGAGTCCGCGACTACTCAGTGTCTTGGAAATTCGACGCTTGCTTAAATCCCCGCTAGAGGTTGGGCAGGTAGGCGTCAGTACGACAAGATAGTATATTAGCAAGAAAAATATGGCGGTAATAGTACAAGGATAACACAGCGGTTTGCTGGCTCACTGACGGATAATAATCCTTACGGTGAGTCCCAAAGTCCCTGACCTGCCATTTCCCCGTAGATCAAAACATAGACTTTCGAACCATACTAGTTGGGAATCTGATACTCGGAGCTCTAGCATGTACTACCAGTTGACCGACTATAGCGACGTCCCTGCTCACCATCACGCGTGGGTTTTAATTTGAGTGACGCATAATATAGTCGTGCGGATGAAGAGTGCTATGGCATAGTTCCTCCGCAGTGTAGAGGGAGGTATTCCCCGCGCTATCTAAGCCTAAGGCGGCCGGAAATAAGCGAAAGGTTCTTCCAGAGTAGCCAACTTCGCCCCGAGAGCGGTGGCGGATATGAACAACAAAAGGGTAATAGCTCTCTCTTAGCAATGCGAGATTAGTTCACCGGAACTACCATCCAGCAGATTACATCAACAGCCTCTTCTGCTTTAGATTGAAATGCTGCGCTTAGTGTGGGACTACGTTTTTGCGACTGATCAGACCCGTTCTAGGAAGAGCTAGATCTTCTACTGGGTACGACTAGGCGCAGTATCTTTGGGTTGCTTGAACAGTCGGACAGTCCGCGCCATGCGAGTGTCAAAATTCGGCCTTAGAGTGAGCAAGGCAACTAAGGGCTGCTAGTGCTCTTTAGTGCGCATCCAGCAATCGTAGAGGGCCGCCACTTTAGAGGCCAGTAGGTAAGTATCAACTCTCGTGCTTGGGGCTACTCTACCTCCCCGTAATGGGGGTTCAATCTGACCCAGGGATTATCTTATGTTTAGTCGCCTGGATCGCAGGCTAGTGATGGGAGCCCCTCTAGAGACCGCTGCTGAGTCCGGCTAAAGCTGAGACATAAGCTCTAGGCTTGGGAGGTCTCCCATAGGGAACAGCCTCCAATGGGCGCCGGCGAAAGGTGTCCACATTAGGCATTCCTCCTCATTGTTATCTAACTTCTCGTGTATTGGTAT,1742,51.44,Caenorhabditis elegans
SEQ_821808,GGCGCGCGATGACCAGTGCAGGGGCTGTCCGCATCGACGTAAATCGCAATAAGGTACGCTATCATACACTACTAAATGGAGCATTCAGCGGGAGTTTTCGCCACCGCAAGCACTATTTATAGCCGGAGTTCCGTAACATTAATCGAAAACACGCCGAGGCCATCGATGGTATGTACCACTATCCCGGTTAGGTAAGCGCAGGCCTCAGGTTCGTACGACCGTATTCCTCCCTGCAGGATTGAGGCGGCCAGACACAAGACCCTTATGCATCAATCTGTCGAGACCACTCCGGTAGAGAAGCCGCTGGCCCTACAGGGTCTTGTGTCGGCTTACCTACCGAGAATGAACCCTCGACACGCTACCTCACTGCGCGTGGACAAATTCAAGCTCAGCCACCTTGTCATATTTCAGCCGAGGCATTAAAGTGTGCCTTTCTCAGTCAGCACACACGTTGACCACCCGTCGGTGTCAGTTGGTGCTAGCCAAGTATAATCTATCATAATGTGCACCAGGGCATCCGTATCTTTCTCTACGGCGTTTGGTGCCTGTCGCTCCAGCCCAGCATGTGTGGCGTCCATTGCCCCGGCGGCGTAACTCTTCCGGGGTCCTTGACAGAATAAGTCTTGGATGCAGTCCTTCATCTTGTCTCGATAAACTCGATCACACTCTTAATTATCCACGAAGGTGCTGATTAGTGAACGAACTAGGGTCAGCGGCTGATCCAAAGGTAATGCCAGGAGACCATAACTACACAACCCCGGTCTTAACTTTGACATGATGCAAAGATCGGTCCATTAATTAGAGAGTCATGTAATTCATGGAATAGTCGCGGAGGCCATGTTCTGCTTGACCCACACCTGACTGTGATATACAATCAATAGTCTTATACGCAGCTG,896,51.0,Arabidopsis thaliana
SEQ_567208,CTAGGGTACGTTTGCCCGGAGCCGCGCCGAGCGAAAGAGAGCATTCAGATGCGGCGATTATGTTGGGTTGAACAAGGTTAACTGACGCTATATTTCGATAGCTGTTTCGTACTTATCTGAGTGGAAACGAAGTAGTAACTCAGGGTTAGAGTAAAGCTAGCAAACGCCCCCGCTGTGTCGAGTCCTACTAGAATCCGTAGGAGTTACCATACTAGTCTGTACTATGATTTTATCTTAGAGGGGGGG,246,47.97,Drosophila melanogaster
SEQ_292676,CCTCGCCCCACAGGGTAGTAGAACTGCATGAATCCGTGCCTGGCGCTTCGAGCCGGATGCGGGCGATCCACAAAGGTTTTGGCCATCCCTGGGGTCGCGGTTTTATGCTGGATCCCTTGCATTATTTGTCTTTGAGTACGGTGATCCTGCTCGCTACCGTCTACCTGTGGACATCGAATCAAATACTCTAGCGAGCAGCCAGGTTTGATAATTAGCAGAATGCAGTGACGCCGCGAGTCGCTTTAAACCCTGGAATTCCGGCCGAGTAAAATATCACACGGGCCGTTGCCCGCCCGGGGTAAGGGATCCATCGCTCGATCTTCGTGGCGGAAATCGACTTGATCAGAAATTTTCTCAGAGAAAGGGTTGGTTTTAGGGAAGTTATGTACTACCATTGCAACCCGCTGTTTGCTTCACCGATACTGCGCTTAATTACTCCATCGCAACAGTCTTTCCAGCCCTATTAGTTGGTGAGCCCGATGTTTCGTAATGTTTCCATACCCGATAGAGCCGACTCTAGTATCGAGGAGTCTGTTCGTCGTTGCCAGAGATGTAGCGTAGTCATATACATGTCCAAACGCAACACTGCTGTTACCCGGTAAGACACCTCGACGTGTGTTGCTTGATATAGGATCGCAGTACGACGCCCTGTAAAGCCACACATGGAGTCATATGTAACGACACTGGCACGACTGTGTAAACAGTATTCGTGCCCCTACCGACTTGCTTAGTCGCGGCACCCCTCGTACCATTCGTGCCCCATTTTATCCTCAATCAATTAGTTAAAGCTAGATACGAGCTCGCGGACTCCCACTGCACGCTCCATCGCCGCAATTTGTCGGCAAGTGACAAAGGTGGCAGACAGGTATATTTTACCAGTCCGGTTCTCGGTACTTGGTACAGGTCAATCATGAGGTCAGCTTTCAACTCGTCTGGTACACCTCTATATAGGAGAGACTATCGGTAAGGTCTCAAGGCATTCAAATCAAATTCCAGACG,999,50.35,Homo sapiens
SEQ_293125,TAGTGCAAGTGTAGAATATCTAAGCAAGATCGGATGTTGCGTGGGCGGATAGGGGATCGCGTCTAGCTAGTCAGGGGGTCAAGCAACGTTGCGCCTGGATTGATTAGGTGAGCGTGTTTGATCCCTCTTTGGCGATCGTCATGCCTGAATGTCCAGCCTTTTAAATCTGGATCTCCCATCGCTTACTTGTGATCACTATGTTCAACTCATGTATCATAGCCATGTCTACGGTCGAGGTTCACCTGCCCAGCAATAGGCCTGATGTCGGGACTGTGTCAGTTATTAACAATGGTGTGAACCTAGGGTTCTTCTATACTTACCCGGTTGACGAAACTACTAAAAGGAAAACCAGGTCGCAAACCTGACCCGACGGCTTGAATGGGTGTACCGGGGGCTGTAATAAGTCACAATTTCCTCTGCAAGGTGGTTATCATTACATGAACGGACTGAATCAGAAGGCATTAAGGCGCTATAAGTTCTATGGCCGTCATAATGATGCTACTTCTATCACCACTGACGTCTGGCTGAAGCTTCGGTCGCAGGGGTTAATCCGTTTAAGAACACTAAAACGGAGTGTAACTACAAGGTTCAGTGGTCGTCGCCGCAGCCGGGATCCTCCCCACAAGGGTAAGATTACTTCGGCGCATTTCAGACGGTTGGTTCATGCGCTGATGGATGTTGTCGCTTCCGAGTGACCTGGCGTCATGTGTTGATTTGGTTAGGGGGATCGCTTACGTTGTTACGTATTAAGGGTGACTATAGAGCGGGTCATCGGAGACCCGACCAGAGTCACGTATTCTAGGAGGCCTAGGGCGGTTCC,820,49.63,Caenorhabditis elegans
SEQ_147999,GGCCCCGACGTCCACGGCTTTACCGGTGTAGGAACGTAAAAAGCTTTCAACGGGTCCGCCACGAATATGAACCTACGAAAGCGTGTCCGATAAGACCCCACGCTATTTAGATCTTGGCGGTTAAAGGTTTTGAAAGGCCCGGGCCACTTAACCAAGTTGGTATTCACGCGTTGGCGCGAAAGGTTACTCGCCTCACTAATGTCCTAGTGCTCCTCATGATCCCCGGTGCTCGTGCAAGGCGCTACCGTTATGCATTCTACGGGACAATCGCCCCTCATGTTTCAGCTCGGTGTTTAGCATATCCCAGGCAGCTACACTCAGCTACCCACTCGGGCATCTCGAACTATCCCACACGGGGTGGTGAAAATTACAATTACAAGGTCAGCCAACTATAATGGTTTTGGGACGTCTTGAATAGTAAAGCATTTAGCCACACAGGTAATTATCTACCAGCCTGAGACGTGAGGACAGTCATAGCGCATACCCTCCAAGACTAGCTTGTAGGAACCCCGTGTAATGGGGAGATGTTTACTCATAGCCAATGGGCAACGGCGGAAGCTCTGGAACACTCATTTACGAGCATTACATGGTACGAGACTGCCCCTTACTCTGCGGCCGACGTGATTGGCGTACGGGGCTATATGTCCGCGCCAACCTCAGACAGTTTACAGCACTAGCAATCTTATGGATACACCTTTATTTTAATAGCCCACACTACTTGATAGGAGGATTCGGACGGGCTCTTGGCCAGGAGTTCAACCTGGAATCAGGATTGTCCGATGAGAGATATGAGCGCTGGGCCTAGTAACTTCGTAAAATCTGGGGATTTGGCGTTCTCGGTGTTCTCGGTCACACCCGCAGAGGTGTATCTATAGGACCGGGCGAAAGCACATGCAGTCACTATCTGTCGTAGCAACTCCTAACGGACTATTGATTGTCCGCTGATTACGGGGCATGCCAATAGGATCTATCTCGCCACAGCGTCACTGCGGTGTGTATTTAATGTGTACTATCCCCCTCGGCTTTCGTCTCAAATATATTTATGGTCTGACTTTGTCTTAAGCTTCCTCGCACGGCACTGTCCATCCAGCAAGGGTCAAAAGTACGCTCGGCATACTAACT,1122,50.36,Mus musculus
SEQ_578528,ACCTATCGTCCATGAAGGGGAAACGGCCCGGGTACTAGATGACACACGGTCTTCACTGAGTACTCGACCACGCGCCGCGCGCTAGGGACCGCACATTCTCAGCAGTACTCAA,112,58.04,Saccharomyces cerevisiae
SEQ_645962,TCGGATTTCAAAACGCTACAGGATGCTTTCTCGTATCAGACCCTAAGAACCGTCGACGGCTGGCGTCTCACGATCGTTTCCATCTAGTAATACTTGCAGGGCTTGGGTCATGTTACCATTGCACACCTCTTTGCGCGTTCGAGCCCCGGGTCATCAAAGCGCCACCCGTGCAAGCGCGCGGCGAGCACGGAACACCGGTTGGACACCGCATTGATCTCTCTGGTGAAACACAGAGGTATACACCTTCTAATTTGCTCAGGAATTTAACGTGGTATTTAAAATAGGGTTAGAGAACAGACACATGTCCTGACAGGGCACCCCCCCGGCTACGTGTATGTACAGGATATGAAAACTAACATACGAGAACCATTGAAATATCCTTTTTTGATGAATTTTCCGTTGAGAACCCATACCGGGACACGTGGCATTGTGATAATCAGCTCCCGGCGTTACGCTGACGAGCACCCCTTGCTGCTCTCCTCTTGCCAGTCGGTCCGTGTAACGAGTCGGTAGCGCACTGCCATGAGAAAACAACTACCTGTTTCTAGCTAAATCTACTGTAACTCTAGGAGGGAACTTAACCCACGGACGCGTAGTTGAGTTTATGCAAAACCGTGCCTAGTCTGTATTGAAAAGGTCGGCACGGGAGACAAGCAGGCACTTTGGAGACTGCATGGGAGCGCTTTCGTGCATAAAACCCTGACGTGTCAACCACGGCACCCCGTTACAGTGCATATTTGCGTAACACGATCTAGCTATCTAGATTAGGCGCATAGTGGGAGCCGTAAGATCCAGATCTGACCACCGCCGAAGGGCAGGTGGTCAAGAAAGCGCCGTCGGCCAGGAGAATCGTTTGCATAAGGAAAGTGTCTCGAAATCGATCCTTGCTAGAGTAACTCCCACATATTGCCAATGAAGCGATCCTACGGAAAAAGGCTTCGCCGCCAAACACTACCTTGGCTGGTTTCTCGAGCGCACATGGGGACCTGGATCGGTTCATCTTGCACGAGTTTGTGGCATACCATTGACCTCTCCGTAAACATCTTTACTCAGGATTGGTCCAGCCCACCGTAAACCCGTCCTCTCGTTCCATGCACGCCGGATAGTCTCGGATAGTGACACCTGACTGCTGGAAACGCCAAGGGCTGATAGCCCATGCACTGTCTTTGACAGGAGTCGGCACAGGTCTGTAATTCCAGGTATCCGTAGAACCCTAGCTAGATTAGGTTCCCGCTGTGACATGCCTGGGTCGTTCAGGGATTGCCGGTTTTAGGTTGTACAACCTATATACACCCTAGATCGAATGGTAATTCATTTCTTGTTCGCACACATTGTAAAAGAGGACCGTCTGGTATGATCTAAGGTGGTCTTAAGAATCTGGGTGCGATAAACTCCACCTTTGTCAGCGCTCCCGATGACCCAACATCAGCGCGTGT,1436,50.7,Escherichia coli
SEQ_903553,TGCTTCTGGTATGTAGGGCGTTGCACCATCTAGTGTCGACCATTGCCTGGTACGAACTCGTATCGCAA,68,51.47,Mus musculus
SEQ_905744,GAGATACGGTCCCCCGGCGACTTTGCACGAACTTATTCAGGGTATTGTACTATCAGCGCTGAGCGGAGGGTACAAACATCGTCGTCGTCTAAACTCACTTCGCGTCCGCTTCAGTGCGCCGTAAGCCTGATCTTAATTGTAAGGTCCAACACTGGTGCCTGGAGGCTCAGCCTATTCTGTTAAAGCGCAGTAAACGTGCGGGTGAAACGCCGCTGCATTCCCGGGATCAGTGATTGAATTTGCTCTCGGAAACTGATTCGTACAAGATCCGGACAGTTCTCGCAGTTAAAAGTTCCCAAAACTCGCGCTGGGGGACCTAACTGCGTTATAGAGCGGTCACCCGAGATGACTTCGGTAATCCCTCCATAGTGTGCACTATTTTGAACCAAAAAGGCCAGCCTGAGTAATTTGGCCTTGCTGCTCGTATTGTATCGACACGGCGTATTAAACACATGCTGGTATCGAAATGCAGGCGGTGAGATGAGGTAAAACAGGTACACCGAAGAAACCCGTGAGCCTGACTCCAGAAGTCGCTGGCCTGCTTGAAAGTATCCGCCCTTGTAAATCCGACGCCTACGGCTTCCCAGTGTGCTCAAGGCCACGATAGTTCCTTGCGGTTTTAAGCAATACAGGTTAAATAGCGATTACGAAAAATGCCCCTTGGGTGACCGTCGCGCCGAGCATGACCAGATGATGACCGGGCCCACGCATATCTTGCTGGACACGAACCGACCCTACTAGGGCTTTTAGCACGCAAATAACGCTACCAGTCAGCTGCATTGTACTACTCACGGGGCCTCCTCATAGAACCTTGCGCCCCATAAAT,826,51.57,Arabidopsis thaliana
SEQ_328945,AGTATCGTATCTCCTTACCAGAATTATTCTTAAGTCCTTCACTACCTTTGCCTCATAGGATTTTATACGAAGTATTGTATAGTAAGGAGGTATTCCGTTAAAACATTGGGGATTATGCGGGGAATCGGGTTAGGTTCTCCAAAACGCGAATCTCGTGCACCGACTATATTAACTCGTCAAAACGATATGCCCCGACTCCTTTTAAAGGAATTTGTTGGTCCGGACTCCCGCCACTGAGCGAGTGTTTCATCGGGAGGCATTTTTCCCCGTCGCAGGCCACTTAACTCAACGATACCACAGCAGAACCAACGGAACACGGTAAGGTAGAACGGATGCATATTTCAACGTTATATCCATAGGAGCACTAACCAGTAAGATGGGACATACGAATACTACTAAGCCCTCGCCCAGCAACTACGACGGACGGCCATGGCCCCCAAACGCTTCATGAGACTCTCCAAACTTTTAGGTGTGTAATGTTTCTCCCTTGTCTCGGGTGAAATGCTCGGACAGTAGTCTATTTTACTCGTCGTGGAGAGTATCAAGTTC,549,46.08,Mus musculus
SEQ_804895,ACTGACACATAGGGATCTCGTGTTAGTAGCTCACCCTCAGCGTTCTCTAACACCACGCAAGACAAGTCCGATAGAGTAGGCCTTTAAGCCCGCTTACACAAAGCGGGCCGAAGTCGAGTATAAAGCTTTGCATACTTTGAGGCCAGTTCCAACCTTTCGGGTTAAGTCCGTACCAAAAGTTTGGGCCATTATGAAATCAGCCGGACTGACAGATTCGCCTTCGCGGACGAACCAGCGAAGCGGATTTCCGCACTCTTACGGACCCCTGTGGACTGGTAGTACGAAGATCTAGGCTTGACATCGACATTGAGGCTGTACCGTAACTCAAGTCAAATCCCCATTCCTGTCGTCGAAAGCCACATACAGCTGAGAACAGTGCGATTGTGTCAAAATTGATCAAACATGAGGCTGAAGAACCCCGGGGACTCTTTCTTTCAAGACGATACATCCTAAAAAGATCCCTAGGGATAATTGCGTGAGAGCGCCTTTCAACAGGAAGTATGACTTTATCATAGAGCAGAAACGCGTTGGGCAGCCCTCCACCAGACCACGGACTTGGCTAAAATTGGTCGTTACGACGAAGCGGTTGGCATCCGACTTATTAGTCGTTGTGTACCTGAAGCGATGCAAAACGTGGTATCTCGCTTACATATAGGAAGGTACTACCATACCAAGCTGCCACCAACCTTTAACGAATACTGAGAAGAAGTAGCGACAGTTTCAACACATAGAAGTTTAAAGGTCCATCCGAACAAAATAGAACGAAAACGTGCAGAGTACTTAGCCTAGGTACACTAGAAGAGGTGACTATATAATAGTACTTTTCCCTTACACAACATGAGATTCTTATTCTGGGCAGTGTTTTACATAAGCTAGGGAATGAAGCTCCATGTTCAATTAGCGAGTGAGGGATTTTAGTTCCCTCCCCCCTGGTGGGTACCATGGGACACGAAGCTCAGTGACTACACAATACATAACTAAGCTCTCAGGGTAGACAGTCACGTGTTTCGGAGTCCCATGCAAGAGAATGACAGCAAAGGTAAGGGTTTACGCTCCTCGGCGTGATTGGTCGAGATGTTAAATAGCGGCTATACCTCGTCGTAATATACGTTGTCCTCGTATCCTGGGCAAGTACACCACCTCGCGGACAGCACTCCCAGGAGTGTGTGTAGATCGTCGTCGTCGTAGCCCAAGGCGGCGAATGCTTGACCGACAGCTGTCCGCGCGACCACCGTAGGTCTCAATTTAATCCCAGCTATTCCTAGTACTCGGACGTTGTTCCAGACGATTTAGGGCTGTCGTGATGGCAGAA,1312,48.32,Caenorhabditis elegans
SEQ_428468,GAGTCGTATTATATGATTCACCGGAGGTTAGTGCTCTGGAGTTAGCCGGATCGCCCAGCATAAATCGGGGGATCGAGTGCATCTGGGACTTCCCCATTAGTCCCCTACGAGCTGTGAGTGCCTACCCCGCATAGATATAATATCATTAGTATCTGGTTGCACGGCTCATCAGGCTAATGTCCTCGACCTTCCCGAAGGTCTTCCGTTGCGCTGTGATAGTGTAGTTGATAGATTAGCGGAGCGAGTTTCTTTGATCCCGGATGGCAGGTAAACCAAAATAGGCGAAGGAATTTACGAGTGGAGGATAGCCGGCCACTTATTGCGGGTAATTCGTAGTCTTACGTGCGATACAGTACACCGACAGTAGTGGTACCGCCTGGAATTTCAAGCACGTCTGGAAGACAACCATCTAATATATACTCTGCTATATGCCGTGAAGACTTACAAAGAGGGTGAGGGTACCTAGACTCAGAAGGACCCGCCAAACTTGAATCATGTTTGCGCCGATCAGCCGTCATCTAAGGAACGGAGGTCCTGATCTGTTTGCCATTGACTTCATCCCGGACGGAGTGTTATCACTTAAAAGCTCTCATTCCTGCAAATTCTCATTCTCGACTTCCCGACTACATCTTCTATCCTGTATTTGTCCAACTCTCAGCTGTGTAGGGTGTCAAATTAATGAACTTCGGTCAATCGAACCCATGACTCATATCTGGTGCGCAATTCGTGGAAATCTACTGTCGCATGAGTAATGGTTGCTTCCTGGGATTTACTGGGAGAAGGATCCACGCTTTCAAAGTGGCTTTGCATGAGTAACTATGCGACGTAAACATTCGCGTTAATGAGGGTTCCTGAAGGGACGCTTCTATCCCGATCACAGCGACGGTTGTTGACTGCTTAGAAATTAAATCCCACTCTCAAGTTAGACGGAAACGCAGGGCCGACTCTGCTTGGAATAATTCAGTCCGGATACCCATCTACGACTCGCACCCGCCGTCGGCGGAGGCATAACCACCATCTAGATGATTTCCTCATGACTATTCGTGGTACGCGAACTGGTGACACGCAGGCGGTACCAACCCCCCTAATCGGTCTCCCACGCCTAGTCTTTACAGCACCGCAACGTCAGAGCTGGAACCTTCGGTACTGCGTCAGCGGTGTTGGAAGAACAACCGAAGAATATCGGTGGACAGGGGCTTAGATGGTCCTACGTACATGCTTTGCGAGCCTTATTCCATCAACGACTCGGATATAGCCTATATCGCAGACGCCCTGCGCGAGCATCTTGATACGCTCAAGTGAACCGGGCCGGAGCTGCAGTCCGTTCACGAGGGTATACAACCGTTGAGGTGTGATTCCTATTGATGTCTCTGTAATTAGGCAAGGACTCAAGACCCCCAAGAGTTTCGAATGCTACGCAGTGATTCGGCCTTTCAGATGCCAATACGGTACACGTGGCCGGGTACCGGCTGGGCTTCTTTCCCTGGGAGCTCAGCTTTGCATTGCAAGGCGGGAGCTGGTTCCTCCTGTAACGAAGCAATTTGTGGAATTCTATGATATAGAATCATAGGCAACCTTATCACTACCCGAGTGGCGAGATTG,1602,49.94,Mus musculus
SEQ_306068,GCGTTTACGTGCTTATCAAGTGCTCCCTGCAATAACGCGGACGGCGGCTCCAAGTTTCCCTGCTGACAGTTAGGGCGGAGCATATACCTGCCAGGAGGTCGTGTATAACCAGCGGTGTACGCGATAGATAAAACAGCCTGAATTTACGGGCCTTTGCTGGCATGCTAGAATTACTTGTATTGCGCCTTCGTAGGGGCCGGCAAGCGTCATATACTTCGGTGGTTGGATTATCCAAGTAGTGGGCCACTAGCTGCTGCGAAGAGGCCGGAAACGCGATGAGTAAGGCGGCATTCACCACGCATAACATCTTTTTAGGTTATATGAGTTCTGAATATCTACAACGGAGTAAATCCCCTGGAGACGAATGGTAGCCTCAAAAATCAAGCGCTGCTATCGACCGCATTTGATCAACAAAATTATGCCTGCGACTGACAAAAAAGTCTTCTGCGCAGGAAACCACTAATTTGACGCGTCTGATCATCGTGCCAGCCTCCGACTGGTTGTAGACTTAACTTTTGCACCAGGGTCGCCTTGGCGAAGTTCGAGGACATCATCCCGAACCGCTTCGCGGAGGCTCGGTGGATTCTAATCCTCTGTACTTGACTCTGCACGACTAAACAGCCAGCCCGCGAATTGCTCCGTGACAGGTCATGAATTACGCCCTATTGTACCGCGCCCAGCACCTATTCGACACGCGTAATTGGATAGCGGTATAGGGCAAACTAAATGAGAATTATGTGTATGCCGGGGCATTAACGTAATCATATTAAGGCCGCTAAGATATTAATCCAGGGCCTTTCTTTACAGCGTTTGATCATACAATAGATGCATGTGTAACACTGAGCGTATACGGCACGTATGCCCACCTCGATGTAATGCAATAGAGCCGATCAAACGCGGCGTAGTAATCGCACGATATAGACCGGGTAATGTCCTCATTTCAACCTAGCGAGCATACCGAAATGCTATGAAATCGTGTTTGTAGTACCCTTTACTCTCGAGGATTTGTTGACCGAGTCTGCCATGTGAGCCAGCCCCTTAACAAGGCAGTAGCTGGGTGTTCCGCGACAACACTTCGAAAACACCATCACTTGGAGCTCATGAACTTTACAGCATGAGCATAGAAGGCACGCTGCGATTCAGCGTCGTTGTAATTCCGCTGAATGTCGCGGCAAGCATTATCTTGTTATAATACCAGTGAGAAGCAGCAGCGAGCTAATTCTAGCGTTAAGCACAAAACGCGGACGTTGGTGGAGTCTGCGAAGGTTTGTGGAATTCTGCAGCAAGCGAAAACCGATGGTATGTGAGCTGTCCATACAATGGTTTCCATAAAGCAAATGATGTTAAGGGGGCCGCCAATGCATGCGTAGGGGGATACCGGTGCAGCGACCAGAATCTGCGGTCTGTGAGGCCTGCCACGCTTACATGCGCTCTCAAGGCACTCCGCTATACCAGCGGTAAAAATGTTCCAAACTAGCTTAACACTGTCATAGGCGTTTGCCTGTCGGAGGCCTTGGTGGGCCCAATGCTACAGGAGACATAGACGTTGCACCCGCAAATCTAAACCTCAAGAT,1574,49.56,Drosophila melanogaster
SEQ_853786,GAGCTTCTTTTTCTAACTGTAGTAGTGAGCAGCGCGACCGAACGAGTCGTCGCTTAGGTATGGAAGTTATCCCCAATTATAGGGTAATAGACCTTAGACAACCACGGAACCGCGTACCGTAGGGTAACTTCGTATTCCGACCTGGGGCCAGTTATTAATTCTATGGCCCATTCCGTGACGGGGGCCTATTGGCCAAGCCCGGTTTAACGTATTATAGTATACATGTTCGTGCTTTACCCGTTCAATGCTCTCCCATTTTGAGCAAGTTCTTAGGTCGGTGGACTCAAACGCGGTAAGTCATTTCAGCCAGTATTGCACTGACGCGGCTATACGTCTTACAATCCCCTGAGATTTACGTCTTGTGCGCAAAACATAGCAATTAAGGGCGTTCGGCCACCCGGTAAGGCTCAAACTCGTAGATGCCCTGCCACCGTGGTGGCGTAGTAACCGAATTAGGCCCCGGGGTCCGAGCATACTGCTGGCCAGGTATTTTTACATAAGTTGTAGAATATGATCTATCGACTAAGATATCTACGATGATGATAATTCATCACTACGAGGCATACCAGTGAGTTGAGGCTAGATCTAGGCCCGCCAAGAATGAGCGCGGCAAGAGCATGACGGCTTTCAAGATGAGTCTGGTTTAAACGTGCATCGGGTAGTGCTTGCGTTCTTCTTGTTCTTTAGCGTCATTACCGATTAAAAGAGTAGTTGTGATGCAAAGTTGCATCGGGTCTTCAATACGGTCGTGCACAATACACCTAAACCCCTGTCGGTACAATGGTGACGGAGGGGGGCACAGCAACCTGTTCGCGATGAGTCCGGATTGGGCCGTTAGCGACTGGACTAGCACACATCTTGACAAACGCTAGGCAGAGCAGCTTGTGAGGTTGTGAAAGTCACACGATTAAAGGAAGAACGTTGCCAGTTACCATGTGGAACATACTTGATCTTGGCGCACGCGATAACTTAACTTAGCTACGCTGAAGCACCATAAACCCCAGGACATTACTGAGTTTTACAAAAGCTATAGCGTGTCGTATGCTTTTCGTGAGAAATTCAATCATTTCACTCGTTGAAAACTGGAGTTTGGGTACCACGTGAACTTGTCCCTCTACGACACCTGAATTGCGACTAGTATGGTTAACCTAGTTGTCAGCAGGTGAACCTAGAATATATCAAGAGCATTGACAAGCTAAATGATTCTCCTAGCCGTATGGTCGCACGCTTTGTCCCGGGATCTTACACATAGTACGGAAAGCGCAGTATAATGGTCTGGGGACCACATGTACCTACAATAAAAACAGTGTATCTCGACCTGACCGAGGGAAAACGGGTCTTATAGATAAAGAAGGACCACCTCCACTGAATACTAGTTCGTCTCTTGGACGCGGGGGTCGGGAAAAAGAATATACCAACCACGAAGTAATTGACGAAACGATTTTTGCGAAATCGCGAATAGTTTGTAGTGGTTCGGCCCTCCAGCGCCATTTATCTACGCCTGGGAGTCACCGTGTGCGTCGATTGGTCTAGAACCGAGGCATAAGAAATACCCGTGCCCTAGAGAGAACATCAGGAACCTCGGCATGGGGTGTTAAAGAGCAGGATCATGCTCCCCATCATTCAAGGGCGTCTTTTGGACGTCGATCCACTCGGATACTGCCAAGCTGACGTGGCGCTACCCCCGACTAGACGGTTATCGGTTAAATCTAACACAAATGTGGGCATGGGATTGGAAGGTGGTGGCCGATTAAGTAACCAAGCGGCGACGACGTCGGCTTACATCTC,1788,48.43,Drosophila melanogaster
SEQ_435035,TTACCGGGTAAACTTCACCTGGCTCGATTCCGGCCTTAGGAGGACTCTGAATGCCAATGGATCGGCCTAGAAGCTGGGCTATTTACGTTCAAAGTACACAACAATAGTGTTGCCGCAAGCGGCCCTTCTGTCTTAACAGTCGTCTACGGGAATTAGGACATTGGCCAAGTCAACAGGTTACGCATAAAGCTATGCAGTATATATGAATACGCCATGGAGGAAACGGCGTAAGGCGAGATCAGCCAACAAGGCACCTACGCGGTTGTGTAGCACTCAGACGTGAGCCCTGACCGAGAACGTCAGTGAGAGAAAACCGCTAAGTCATGGTATCTCGACACGCCTATGGGGTAACGCTGGTTCATATAGATTATTCCGCATCACGGAGGGCAGTAAGGGCCGAATGAAAAACTCAGCCTCACGGCCCTTCGGCGAAACATGAGCGAGGCGTCCCTGACATCATACGAGGGTCGCCGAAGCGGTGACCATCCCACGCATAACTGACACAAAGGGATGTCGGACCATCATCGTACGAGATGGAGGGATTTCTCGTGACTTCCATGAAGCGAGACCAAGCACTATAGATACTGCTCGGAACTGTCTCGTTTATTTCTCCGCGGTAGCAATCGATTTTAGTAGCGCGGTCCGATAGCTAATGACGCGAGACATGGTAGTGAGATGGTAAGGACCGATAGTTTGTGTGACATCTACATGTATAGGGTCATTTTCGACGACACATATATCGGGACCACGCCCCGCCTGCGGGGACTTCAGAGGACGCCCGCTTGGTACCTTAGGCTTAGCCATCCGGCGCAGGACACCAGCGCCATGTTTCGATGCGTCGCGTGGATGAGCGCGGTCCTACCCTGCTCCAATCCGCTCATCCAATTTTCTGCTGCGCGCCACCGCAAGGATATCATCCTACTCCCCGTCTTTCGCAACTGGCTTCGCTAGACCGCTGTGGCCTGGCCGATGCCGTAGAGACCCGGGCGGCGAGTCTGCCATAGACCCATACGGGGTCAGTTTTGGTCGTTCGGCAAGGATCTTACGGTACCGCATTACACATCGTCGTCCCCTGTTGTATCCCAGCGTTCTCGGCTGGGCTACTAACGCCGCCACCATTGAACTTGCGGGTACAATGGGCAACAGATATGAGCTAATTCGCCTTAGTTACCATTTGACAGGACGATACAACGGCCAATCGCCGGGTTCCGCCCCTGAGTAGGATAGTTCTGGGAAAACGGCGGCACGGCATGTGCAGGTTACACGCCGCCGCTGGAGTGTAAATATGGCGGGCGACTTGAAGGGACGTACCTTGAAATTAGTACGAAGGCCAGTTGTGGGTCGGTGGCCGATTGCTCACCTCCCAAAGTTTACGCCTAGCTGCGAAGTC,1390,54.17,Drosophila melanogaster
SEQ_584509,TGAGACACAACACACGTGTCTAGCGAGGTAACATACTCTGCCGAAAAGGCGTCTCAGGGTAGACAGCTTGGTGTCGCCCGAGATGTTACCCCGATTCAAAGTAAGGGAAAGACGTTATCTTCGCAAACACGGGGTCAGGCCAGTAGGTACTAAATCAACTCAATAAGGGAGGCTCAAATGGAACAACTGGCCAGCCACCACTGATGGCGCCCCGTTGAAGACATAACCCTCCAGTATCTCTATCCATCAGACGCATCAGGTACATTTTTGCCAGAACAATTTGACAGCACGTACCTATGTAACCGGGAGAATCGGGTGAAATGTGTTATGATTCTCCATCCAGCTGTTGGGAGCATAGGGCACGCTACTGCTCCACCGGGTACGCCGCTATAATCAAGTGCCTGCACAACCGCTAACCCTCGAAATGCACAAAAAACATTGCTAATTAGCGGTTCATAACTACTGAAAGTGATGGATGAATTTTTGCGTTGAGACTCATCCAACAGATTGACGAATCACAAATATGACACACGACAAATGTGGGATTCTAGGGCCTTACAATACTAAGAGACCCTCTCTTGAAACCCGGCCAAGTCGCTTACGCACGTGCTGCAACGCTTGCTTGATTCAGACTGGTTAAGGTAAGCGACCAACCACCACAGGAGACTAGTATCTGCCCGGTGCTAATAGATTTCCCTACTCACGGCCTAGCTTAACATGACATAGCTTTTCGCACCATTATCCATTCTGATGTCAGTACGTGGCGTCTCGAGACTGCGTAGGCTCAACCACAGCTTACTATTATAACTATAGCGCTAGTATATTCAGCAGAATTATAACTGCTCGTAAACCGTCCACCTCGTCACATGGGAGTGGCGGACAGTCAATCGGTAAAGCCGACTCGCGTTAGATCGTGTGTTAGCTACATAAAGTATTCCGTGAAAGATAAATGCTTGCAAGGACTGCTGTGTAAAATAGCTAACCGTGCCAGCACCCGTATAAGTGAAGCCCTATTCGCGGCGACCACCTCTGGATTTCTTCAGTACCTATCATTAAAAATAGAACCTTGCAGTCGATGTAGTTGTGATATGTAAACACGGTGCCAATTATCAGCTTAGAGGTTAGGCAGGTCTGCCCCATGCAGGGTGTATACTATAAAGGCTCCCATTCACGTTCGGGCTTTTTGCTCATGCTCCACCGTCATTTTAACTCGCAAAGTTGGGAGCTCTTGGAAACCGGACCAGGTGGGCGGGGGTGAGGTACCATTCTGCTGTTCCAGCGCTGGACCATACTCGCCGCCTGTGCCAACTAACTGTGAATCATTCGGTTGGCAGTCCGTGTATCTGTGTAGTAGCGTGCGCTAGCCAGCCGTGATCAATGCACTATCACACTCGCCTAGCAAAAAATGTGGCATAACAATGTTCGCGGTACGGGGTCCATGACCCTATCGCCGCAGCTTGTGAAGACGGCGCAGTTTCGCACCTGGG,1487,48.96,Mus musculus
SEQ_505477,CTCGGCATCCGCATCGACGTCCGAGAAGGCCCCGGGTGAGAGGAAACGAAACGGACTGTCCTGTCGTAGAGACTGATGGGCGAAATCCCGCACACTAAGAGAAAACTCGGCTTTACTAAACAGGACTCGGATCCTTCCGTAGTGATGGGTAGTGATCGTAGAGCAATTAACGGCTTTGCCAATGCAGGAGCCAAACGATCTAGTACTCACGCTATTCCCACTGGCGAGAGAGTACCTCTTCAAATAGCTATCAAGGTTACCTCTCTTTGGTAGACTAAAGAGTTGATCCTCAAGACTTCAGGGGCATTTCAAGTGAGTGGTAACCTAGGCTCCGCAGGGACTACGCGACGGTTACCGGGGTGTCGGCTCGCAGGTGATTCACGAGAGTGACTCGGCGATACTGCCACGACCGCACCGGTATCTCCTCACGCCGCTGTGTCTCCAGTGCCAATTCCTGTGATACCTAACTTTGGAGAGAGAGGAGGGCCAGCGCTGTTTCCGCATCAGGCAGTCTTACACAACGTCGGCTTCAATTGCCAATCGTCAGTTTCCTTAGCAGGGTACTCCAAGATACCCCGTTCGCTCGCGACCGCCGTAGTCGATGCTAGATACGAGACTCATACGTCGTGTAAAAGTGCGGCATCAAGTTTGGTATTCCCATAATGTCTCGTATCATCGCTGCGATAGGGGGTTTAACTCCTGGCGT,706,52.97,Caenorhabditis elegans
SEQ_846011,TAATGCCATCAGCCTTGGATGTTTCTTAACCCATATCGTGGAAATTTCGAGAAAGTGAAACCACATCAGCAGCCGGTTAGTGTGCCCACTTACATACTGACCAGTCAATGACCCCCAGTGAGATGCAATTAGGACCTCAGACGTTAGAGAAAACGCTCCTTCAGCAATCGCCCTCGTGACATCCCCGGCGACGTACTACTCTGGTCGATAAGGATGGATTTCCACTCCCAGGTGTGAGTGCTGGGCTGCCGTTCCAGCTGAGTAGTATATAACCAACTGTCCAGCTAAGCATCAAATCTTAATTGGCGGCGGCCGGCGACTCCGTCGATCTCCTCCCTTAGTATGGATAAACCAATCTGTCCGGTCGGAGAAGGATCTCGCCAACTAAGGGTATGAAACATGGTCAGACGGACTAGCTATGCTCCCGGACCTGCATTGATGCTTAAACCCCCCCGCATCGGCTATACCGCCTACCGGCGGTATCTAGGATCTTAACTCTGTCTCGACAGACTGCCGTTGGTAAGGGCGTTCCCTACTATGTAGTCAGACCTGTACAGTTACATCCATAGTGCGCTCACACGCTCTGGTGAAGTAAACCAAAGCCCAATAATAGATGCCAACAAACCATACTGCGCGGTCATAGCTCAATCTCTTGCAGGAGTAACTCATGTACTTCCGCTCCGAGCTACACATAAGACGTGTTTTGAAGGGCGACTATCGTTTTATCAGTGATCTATTGCTTAAATCATATTAAAACCTAACCTGGAGGGCAAGGCCGTGTCAGCTCCCGGTACACCAGTCCAGGGTCCGTTTGGAGGACGTGCTTATGCTGTAAGACGAAACTCCTTCGGGCATTTTGGGATTGGCGCGACATAGCTTAAGTATTTTTGTTACTGTACCGTGTGGGCAAAACGCATGGCCTTCAGATACATTGTAAGCCTCACGCGCCAAAGGTCTCATGAATACTCAACGTATTAACCCCTGTTGATGTATTGCGCTGGTCTTGTTCGGTGGTTAATTGAGCTCGTTCGGACGAGGCCCGGGTGAACTTGGTGGTATCCCTTGCCGCTACCGGTCGAGAACACTGACCCGCCCAAAAATATGAAGATTACTCGTGATCGATTAAAGCCAGAAGTGCGGACAACCTTTCTCTAAATCTATATTTAGAGCCATATACAGAAACTAATATACACGCGTTTATCTTAATGCTTGGTGGAATGTCACCCGGGCCGAATAGTAACTGAAGTATCGCCGAGGCAGGGAGATCCAACACTCCTAACTAAGTTACCCACTGAACAGATCAGCATTGAGTATCCTATACTGTAAATAGAGCACCCTAGACATGCCCCATTCCTCGAGAAACAGACTACTTTCGCTCGACACCCGCCATGGGAGCCGCAAGGCGGTCGAAAACCCACCCTAAACTAGTCGAGCTGCTTTCCTGTTCTTCAAATCTCCTTTTGGATGTCGGGTGATTGAAGGTCTTTTTACCGAATGCCAACCAGTCAAGAGTTTGGCTCGAGCAGGTCCGTGCGATTAAGTAAATCACCCAGAATGTCGCGGAGTACTGCTAGGCTTATACTAATGACGAATTATTCCATATTTCCTGGGGTCAAATAACTTTTAGGAAAGGTTTGTGCAAGATCACCGCAAAATGACTCTTACCCACTTGGAATTGAGGTACCGACCAGGAGACTTTGCTGAAGGGTCTAGATCTGACAGATCACGAGACTCATAATGC,1741,48.36,Homo sapiens
SEQ_521265,CATTCCGCGGATCAGGGTATGAGATAATGCATAGCCGCAAAAAACGCGACACGCACGAGTTCGCTCGGGAGCTCGCTCGAATGCTTCATTTAAGGGCATCGCTTTCAGGACCAAACTCAAGATTATACCCCACCGCTTAGAAAAGCTTGTCA,152,50.0,Drosophila melanogaster
SEQ_112394,TTTCGAGAGAGGCCCCCTTAGCATCACTAACCCAAATAATTTGACTGTTGTGGATCAGCGCTCAGGACGGCCGTCTCGCTATGGGCTGCTGACGGACACAGAGGTGTCGGCACGTACGGTGTATACCTGTGTGGTATGAGATTAACGTAAATAGGTGCACATCAGTGAAATGAAACTAAACTGCGGACTCATATGTAGGAGAGTCAAATTCTCCCAGTACGCAGGTTCCGACAGGGACCTATGACTAGAGTCTAACATTGTTGGCGTCCCTCCTTGGATGCTGTCGTTGCTCATCAACGTAGTACTATTACGTCTATTTGTATGCGTTCACCTGAGGGCCTCACGGAAGGCTGTTAGTGTAAAAGTAGGCTATGATCTTCACGTTCGATGCCAATTCGATATGTGGTTTATCATGTACCATACCTGATCACACAGAACCCGGTAGCGCAGACATGGCCTGACTTTTACTATTATCG,476,47.69,Escherichia coli
SEQ_198736,CAGCCCGTCCAAGGTTTCTGAGCGGGGTAGCCACTGCTCCCAACACATGAAGTCACGGGGATTTTGTCAAGATTCTAATGTTACTCGTACGCCCCAGACAGTCGCCAAAGGATCGTTTGGATTGTGGTTGAGAGACCCATCGGACCAGACGACACCGTGAAAATAATAAGGATAGCTCTTCATCATGCACGCCTGTGACCGTGGACGGCCGCAGGCATCCCACATAGAAGATTAACTGGACTCCTCCGTCGTTCCAACTGCCCAAGAGTTACAGAGCCGCTTGATTGAACACTCACTTGAAAGGGCGGCACGGACTCGGGGTCATCATCGTCTTCAAGTTGCTAGGTTCCGTTCTAACCCCCATATGTGGCTCGTGTGAGCAGAATTGGTGCACAACCCGTTATCAGTCGCTATTCCCTGCTCCCTAAATTCGATGTATGCTTCGTAGGTGGGTCTACTGGCCGGTCTATGGAAGCCCGCCTCAGTGTGGCAATCGACACGGTAAAGTATAACGCCCGTGCCCTGGAATCCAGGATATTCGGAGCCTCGTGTTCCAGGTAGATGATATTTCGGCAGAAATCTTGGTCTGGTAGACATAGTATCACGATATAATGAAGCGGTGATGTGGCGGGTTAAGTTGGCTGCCCTTCGTACTTGTATGCTCGAAGTATGAAGCCGGCCACCAGGCTTCAACCGCTTCCACAAAAAGACTATTGACTGAACCTACTAGTGCCAGTGGGTTTCGTCAGACCAGATAACGTCGCTAGTTTTATGCGTGAAAATTTTCTCGGACAATTGCCCCCCGTAGGGTATCCGGCGTCGGCCCTGGACAGCCAAAATGGCAACTCGGTGCAGCAGCGTAAACAGTTTCTGACCGACGTCAGCGATGAG,891,51.96,Mus musculus
SEQ_784445,TTGTCCCGCCTTAAGTGTTAAAATAATAACAAACCCCTGTTCCATTCACAGACTTTGCCATCTAACATGATCGAATTGACGCAGAACGTCGATCTTGCATGTGATTGACTTGCCCGCTAAAGTGTTTAGCCCGAATCATGTCGGAAGTGGACACGTGGCGTGATTCGCCAAACAATAGCTCGGGCTATACCAAGGGCTCCAAATCATGGCGAGGTACTCATATCAGCTTTTCTC,234,46.15,Caenorhabditis elegans
SEQ_978455,CAGAAGGAAGCTATCCTGTCCGTAGGCGCGGAGGAGTCACCACGTTGAGCAACGACACCGGAATTCAGCTCAAAGGAAGTCGACGCTTGGCGGACCCGAGACGTCGGATGAGAATTACGCAAATTCCCCCTCATGGAGCGCACGGAGAACTGTCTCAAATTAATTTTCACGTGTCAACGGATTAGGGACACAGTGGCACGGTGTACATTTACGCCAAGCCATTAGAATGCGAATCTCAATTTGTTCCGGTGCGACATTAATGACAGTGGCGCTTAGCGACTAGACGACCATGAACTTATAGGTGCTGTATCTATGCTAGGAAGGCAGCTATGCACCGTCACTGCATGTATTACAATTCTCTGCTTATGAAACACGAGCTTAAAGAATAGCGTGGAGTCTATATCGACGACGAGGATTCCGTAAGGAATAAATGAATGTGCTCAGCCGTCTCTCGTGATCCGGTAGGCGCACCCCCCATGGCTGTGTGAGACAGAGGCGCGTAGATTCCTTGACGCGGATCAAGGCACTACAGGGGGCGAGTCGTCGCCTGGTGGGCACGGCGTGGCACGGCACAAAGTTTTCACTCGGATACCAGTTATATGCCACATGTGTTGGAACATAGAGGTCATCGTAAAGCAGCAACCTCTTCCTCACATCGGGAAAACATTAGGCCTTAGGTAAATAAGACTCCACGTAGGCTAGTTCCGACAGTGCACAGTGAGATTCTCCCATGCAACCACCTCGAAACAATCACGATGTGTTATGGAGCGGCCAGAAAAGAGTTGTCGGGAGTACGGCTAAAAGTCCTCGGTTAGGATAAGATGTGTTTACGTTTGAACAGTACTAACGACGCCAGATTAGAATGAACTGTTATCACTTGTTCACTCCCAAAGCCCATCAAGTTATATAAATAGTAGCCCCTGAAAAGGCCTCCGAAACATGAGATGGGTGCTCACTAGGCCCAGTGCGTGCATAGGTAGGCTCTCCCCAATAGGAAGACATGAATGGATAAACAAGGGCGCCGCCTAGGAGGAACTTAGCAAGTATGCGAGTATTGGCCGGCGATTACCCAAACTGCACGAACCACAGATTTTTGTAACTGCTCAAAGGTCCACTGT,1118,49.64,Mus musculus
SEQ_617973,GCGCATATCCGTCATGATGGGGGAATAGTAACCCTCATTTGATCCTCGCGTCGTCGTAAAGCCTTAATAGCATAAAAGACGGTATCGTGGCGCAGGTCGCCTGGGTTCCCGTGCACAAACCTATAGAACAGCTGGAAGGGCTGAGTAGCAAGAGCGGAGTAGTAGTCCCTCACGCACCGGTTTGGGCATCCCTAAGCCAACTCGTATCAATGCCTGCGGGTAAACGTCTATGGCGAGAGAAAGCGTTACCAATCAGTTTACCGCTCGCTGCAACAGTTGGTGAAGGCAGTAATTAAGGGCGTGGTTCCGACCGCCTGGACTTTTGGATCGTGCAGGTTACAAAAAGGAGCTCGTGTCAGAATTAGCTAGAAGCTTTGCCCATCTAGGAAGAAGTACGGATTGTAACACCTTGTCGCGTATTTAATTAGGTTGAAATTAAGCGTACGCTCGAATAGGCAAAAAGTTTGATAACATTCGATTGGGCAATTTTAGATTTAATCGGGGGCGTAGGCGCGAACCGATAGTCGCTCGTGGACCGTACTATGAATGAACAGTAACGCAACTGGCCATAGCAGATCCATTATGCATCTCAAATGATCATATGGTTGTTATGAGTAGAATGGCGATTTAGCTTCCGAAGCTTCAGCCACGGATTTACCCCCGCCTGCAGCCGACGGTAATCAATATGGTCTCCTTGCTCTAACGCTGTGTCGCAGTCTCTCGGCCCAACTTTGGTATCAACTAGCAGCCTCAGATCGATAAAGCCGCTGAATGCTCGTGCCTGAGACAGTACGCCATCAAGCAAGGAATTTGCGGAGTTAAAATTGCCAGGTGTTTCGAGTCTAAAATTTTGAGGTGGCAGCCGTGGGAATTATTTGGTATGCGCTGGGACGGGGGTTTGGTGAGACTATTCGGGGTATATTTCCGGTGGTTATTGTCGAAGGTGATATTAAGACTCTCATGCTATTTGCCGTCCTTGCACGCAGTCGATTAATTTGTGCTATATCATCCCAGTATGACGTACTTCTCTTACCTTTGGCTTGACAGTTCGAGAGGCATTCGTCAAAACGAGGTACCCTCCAGCTTGTTTTTTGCAGGGGATGGACGCAGTCACTTGCAGCTAACTTTATGTAAAGATTAACGAATACTATGGCAGTTAGCCTTCCACTGCATAAAACTGCGCGCCGTTTCGATATTCCGTCCTCGATAGAACCCGGCGCCTTGCCAACGATGTGATACGCAATTTACATACATGTTAGCATCGATTTGTATTCTCCTGGCGCTCTGTTGACCCCTCCTGTCCAGACTTATCACAGCTCACAAATTTCCTGGAGAAATACATCCGCAATCAAGCTTTCAAACAGCTACACCAAACCCCTTTTTACACGGACAAATGAGGGTTTAGTTAGGCACAGCTAGAACTGGAGGATTTTTTTGTATGGGCCTGAACGCAAACACGCTACGTATCGAACTGAGCCGAATTGATAGTCTAGTTGAATGTCTCATACCAAAGTGGGATAAGAAAACTCGCGTTCTCAGTGCTCTACGCGTACTGGCCTGATTCTTAGTCCAGGCGGGATTGAGAATGTCTTGCTCGTGATCCTCGCTCATACTGCCTCAGGCCAGTTCACTTGCGAACTTCACAAAGAATTGGCCGATTCAAGTTATAGTACGCCTTCGGCGAATGAGGGGGTCACACAACCTGCATTCCGTGCGCACTCCCTCCGTCATCACTAAAAGCGTCGCAACCGCT,1753,48.09,Homo sapiens
SEQ_211141,GTTAGGTTTCATACCAGTCTGGGCCGCATCGTCTATACTTCTAGACGGACTAGGAAGTACTTCCTCCGTCCTTGAGCGACCTGGCATTGATAACTGCGTCCCGACTAGATTCCAGAACCGGTCCAGCGTGCTCGTCTCGTGGCGGTTGTATTCTGTCGCAGCCACCTTGAGACCCATTCCTCAGGGGGCCGGACTGCTCGGAAGTCCTGGCTACAAGGGAACTCTCATATTAGTGCTCAATGATGTCCGGCCGATTCATTGAGCCTTATTCACCCGGATGAATTCATGAAGAACTTAATCAAATTCATGCATACAAGACCATGCAGTAGCAATGTGGGCTGCTAGGCTTTATGCTCTGTTTATCGAGACTACCCTTCCTCTCGTGAATCGACGTATAACTACTGAGGCAGCTCCCAAGCCAATCAAATCGGCACAGCTTAGGCATATCTCCGTAACTGGAAAGCCGGTGTAACAGCAACTAGTATGCTAGCGGATAGTACATATAGCGGGGAGACCTCGGTACTTTTTCCGGCTGGCAAATGCGTCTTTCGAGGATACCATACTACATTATTTAGTTGATTTAATGAAGTTTCTCCCATCTCCCCGTCCTGATGAGCCGCCTTCCGTTTCCTCTTCCAATGACGGTGCACCCGGCTCCACATTTCGCCGTACCCGAACGCCTAGCTCTCCGGCAGACGCATCCGTAAGCATTCCTATAAAACGAAACCGAACAACTACCTGGGGACCTAGCAGCGAGTTCGGCGACTTGCTACAACTTACGAGGGGTGCGTAGTAGTACCTATGGCACAGCCTTCCTTCGAGTCGTTGGCATGCAACACACTCCACGGGCGCATAAACGTGAGTTGGAAATGTCTCACCCGTCACGACACTTCAACTTGCGCGACATTATATAGTAGGGACTATATGTGTTAGTAAGTACAGTTGGGGCACTGTACACCCCGCAGGTTTATACGGCAAGTCCATCAAA,988,50.51,Arabidopsis thaliana
SEQ_479288,AAGGGCAGAAGGAAAGGATATCCAGGGAAAACTCGCTGTAATTTCTGGAACTGCTACGATTGTGTTCGGCCTGACTTTTCTTATAATTAACATGCCCGAGCTATACTAGTAACAACGTGGTTCGGAGGACTACTTAGGCGGGCAATCACATTCCTGTCTACGGACTGAGTCTGGAAGCGCTACGAAGCGAAGACTGTAGATTTGCCTTACGACTCTTCAAACGTTGGTAAGCGGGTTCATTGTAATATATTATTGCGAGGGTACGAAACCTTGCTGGAAAGATGTACCGTGGTTTAGTGGTGTGGCCAAAATTCCCACTTGACCACTGCGAGATCTTCTTCAGTGATACGGTTTGTGGCCTGCCGGACTCCGTGGAATTTGGGTGGGATTATAAAACGGTGTATGTTACTGGACAAGACGGAACACCACTGAACTGCGTGATTGGTGTACCACGAAATCATGTCAGATTAAGTTGCCTCCCAGTAACAAACCCATAGGTTGGCAAGTGAAGAATAGAGAAGTTTTCCCACAATTTCCCGAGCATCCAACGAGTCACAGTGTCTTTAGATTCTAGGTCAGATTGGGACCGGTAGCTACTAGACGATTCACGTCTGCGCCCAGCAGAGCTGTGGGCCTAGTTTGGCTTGAGCCTCCAAGTGGTTTATGGCCGTAAGCTTCCCGCGGAGTCTTAAATAAGGGCGAACACACTTGTATGATGGTACCCGGAGAACGTGATAGTAGTGCCGTCGTCCAAAGTCTCTCGCACGTGTGTTGGAACCGTTTTCGATCCTACGCCGCCGAAACAAACACTATCAAACATAGGAACGTGACCAAGGTTAATGATTGACCTGCTTCGACGGATGGCTCGGCCACACTTTCACGCGGTGTCTGGGGTCGTCCCTCTAACGAGTTTAAATATAGCCCACTCGAATCCAACCCGTTCGAAGTGCCTTCGATAAGCATAAAGATCAGTGCAGCTCATTTCACGCCATTTGGCATGCATGGTCCCCTACCAGCATTCGTGCTCCATAGGACAGAATCTCGCCAGATCCCTTAGGAAAGAAGTCTCCATGCCCCGGAATAGCTAGACTCGCCATTCGGTAAGCTACAAAGCGAATCTAAACATTAAAAACACTGGGAGACGATTTAGGGATTGCTGGCTTAAAATTTATCGGCAGGTCTGACGCAAATAGCTGGTTAAGTATCCGTACTTGTTGGAGATATTAGGAAGCGCCTACCGATCTCCTATGCATGATTTAACTAACGCCACTGGAAGGTGACATTGGAAGGATTAGTTGTACGAAGCTCTGTACTCCGTCCGCCACAAGTTGTTGGACTCTCATGCATACAGCCAACCAGGAGTCAGTTTGTTGGAGCGCCTTCCTCGAACCTTG,1394,48.21,Drosophila melanogaster
SEQ_468732,TATATCACTTTGATGGCCTGGGGCGTAGCCCTCGGTGCAACCTTGTTTTACGGCCTCAAGCATCGGGACAGACTACCCTGCATGATTGCGGAGCGAGCATCGGTTGCGATCATCCTTTTACATAAGATGAATAAACTAGTCAGCTTGTACAAGGTCATTAATCGGCCTCCTATTACAACTAGATGTCTCTCAGAAACTTCACGTACTAATCGTCTCTTGCCGGAGTGACACTCCGTTTGTAACTTGGTTTACATGCCGGCCGTGGTATTCTAAGTGACCTTCTGACACCGATATGCCGGCGCGTAGTATCGATCTATGCCGCAAGGTAGGCCTAAGACAACATGGACAGGCTACCTTTGTGTGCTGCTGAACGGACATAGCGAACGCGTTCCAATCTTTTCTAACTCTTACACGGCACTACCATGCTACCCAACAGAGGCTGGGTGCACTGGGCCTGCGCGGTTAATACGGCCTGTAATGAAGGGCGAACTGCCTGGCGCTAAAATGTGTGACTTCTCCGGCTCTCACCCTTTCCTACTCGAGTTTACCGCGTACGGTGGGTATTATCGGGTGTAGGACCAAGACACTAGAGTTCGCAACTATGCCGCTCAAAGGCTACGCTACCGTTAACTGAAATTCACAATTTGAGTCAGGCCGTGGGAGTGAGCTGGGGAAGCTTTTTTGTGTGCCATCCCGGTTAGACGCCAAATTCTCGAGTGACATAGATATTGGACTTCCGTACGACTCGCAGGGAAACTGTAGGTAGTGACGTCGTACAAATTGGAACCTTTGAGGATGCCAAAGCGACGTTCTGCGGATGTCAATGTTTTGGGGGGCAACGCGTTCCAACAGCAGGCTATGGGGTTCAACCGGTGCGTGGCACCCACTATCAAGGCGACTCTTCTGGACTTGGCCAATGAGCGGGATCCGCATCGATCACGTTCTCGTGGACAAATAGGGGCAAGTTAGCAGGTCAACACGCGTACTAATAGGCGACTTTCGCCTCGAGTCGGTCGCAGCTACACAAGTACCCCGTTATTCGAAGACTCTCAAACGGCAGTATCATGAGCTAACTTTGTGTAGGAATTCCGA,1092,51.01,Caenorhabditis elegans
SEQ_687345,CGAGGACCTTTTGGTTTGGGGAGGATTTGACGGAGAGTGGGCTACCAGCACCTGATATGCGCCGCAGCGCACGTTTCAGTGTTACAAGATGCGTCCAGGAGAAACCTCGTGTTTTGGTACCCTTTATACTCCATAATGAGATGTTACTAACGATCATTGTCGAACTATTAGACAAGCTCGACTGAGTGTTTGCGGTTTCCACGGGTGAACTGATTGCAATTCTAGTTATGGGTCAGACCCTGAAGAGACTTTGATAGCGATATTGCAAGCGTATTGTAACGGATTCAGAACCGAGTCGCTCGTTCGTCTATACAAAATACTCCCACTGGTATACGTTGCGGTTAGCAAACCGGTGGCGGGTCTCTGATCCATTTGACTCTACGCATAGGCCCCAACCCCTCACGTGTTCTTAGAAGGATGTGTCGCCGTACATCGGTCAGTGACCACGACGCAATCAGGAGGCGGACTCATACGGATCCCACGAAGGAGGAACGAATATCATGGGGTCGGGACCAAACAAGACTCCCCTGTGGCCAGTATACGACAGTTTTACCCCAGCGAGGCGTCCTAATAGCTCAGACGAACCGTAATATCGCCGGAGCTGCGATATATCTTGCAGGAAGAGGCGCACTTTTATAAAATTCTGCATGTATGGAACCTGAGGCTAACGACTTAACTCCTCCGAATAGGGTAATCAATTAAATCGTCATGAAACTGACGCGATTGTGACGTGGGAATGATAGATCGCAATGACGCTCGACGAGATTTCGATATGCATCTCCTCCGGACCTTTGTATAGCTTTCGGTGTGTTAGCCCCCTCCCTACCGGCGCTCACTCGAACCATTTAGACCAAGCAAATTGCACTTGGAGGTCTTCTAAGCCGCCACGTAGCTCGACGTCTCAACAGAACCAGCTTCCCACCGGAATGCAACCTGCGCCGCTCCCCAAACCTTAGCTAGAACCAACTGCTGCTAGTTTGAACCGGTAGTAGAACGGAGGGTTGCGAACAATCTTTGGATAATCAATTGGTATACCACCCGGCGCTTCGGTTCAACGATGGATCTCAACGTGCTGCTGATGCATCGCAAGGATCACGATCAGCGAGGCCGTAATACAGAAAGCGAGATGATCCTCGACTGATATTTACGTACGGACTCACTGTGGCGAAATCTTAGCAAGCACCGAACTGCGGGTTTGTCAGCCATCCACAGCTCGACCAGGTGGAAGGTATCGGTCATTGCGCCTATATCACCAATTAACATTAAATCTACTCCACTTGGCACGAGAAAAATAGTCATTGAGGGAACCCGCGCCTGTGCCCACGATGGCCAAGACGCGAACGTTAGATCGGAACATAGGCCTTTACGCTCGCCGGGTTGTTAACCGTGCCTAGTCCGAACGGCTTGCCGCATGTAAGTTCCGGATTACGCCCCACGCTTGTTTCTACACTATCGCCTCGTAGTAACCCTTTAAGCAGTCCAGAAACCGTGCTCTTCCTAGATTACTCGAACTACCACACTTCCTCGTACGCGCCCATATCATTGGCAACGGAATAATATTAACTTGTTACAGGACGTGATAAACCCCCAGTGTGCAGGACCATTAGGGGACGTCGCTAACCCGCCCGGATGGGCCAGTGCAAAGGATCGACACCTGCTTGGTAGCACACAGTTAATTGTGATAAGATACCCTAGCGAAGCATTTTCCATGTGGGAAGGTGTTGCCGACCATCTCGGAATTTTCATCGGATAACCGTGGCATCGACTCACCTTTAGACGTGTCTTCAGCGTGCTAGAAGCCAAAGGCCTTTAGCGGGTTGCC,1822,50.49,Escherichia coli
SEQ_555334,CGAGCCCGGAGTGCAAAGACATCTATAATTACCATTAGCTTACGGTCAAAATTTCGCCTACGAGTTCATCGCCTGGGTGGCCAGACACTCAAAATCCCTGGGCCAATCTTAAGTATCTGGATGAGAGACGCCATAAGACACGACTATGCTACCTAGGCACTAGCGTGCATGAAACAATCTAGTCTCCAGGTCCCATCACAACGGCAACTCCAAAAACACTGATGAGGGTGCGTGTGGGGGGCACCCGAAGTAAGGTTTAACTTGCTTAAAAAGAGAATCCCCGTATGTCGGCGGTAGATTTTCCAGTGGTGAAGATGCCGTCCATACTCGTTTACTCATTCGAACGTGGCACTGAGGAAAGGCTTTCATCTCAGAAGGACATTAGCCATGTAGGGAATTTTGGCACGATACTAGCCGGAAAAAAGGCTGGTATTAGCATAGTCAACTCTACTATCCTGAACCGGGTAGGCTTGGCTAGCTCGAGATGTCCCGACACCCATAAGTAACCAGTATTGAGGCCAACTTGCCCTTAGCACCCGTTCCGACGCACATCTGTGATTATTACTTGGGATGGCTGAGATCCGCCATAATCTCTGGTAGAGTGCTAGTGGTCTACACGCATGAAAACTGCATCACTCGTCAAAAAGTTGGATTCTCTCCGTTCGACGACCCATAGTGAGATCTGTCACACACAATGGACTACAAGCTGCGCTATAGCGTGGTTGCGACGTAGATTGATCATACGGGTTTAATGGATTACAGTTCTTTCCCGCGCGCCGATAGGCAGGTACCGATACAGTACTGTCGACCGAGAACT,817,48.84,Escherichia coli
SEQ_722670,CTTCACCCTCTGACTGGCCACGATTCATACTCATCCACAGCGCCTCGTGCTTTCTGTTTAATCACTCGAGAGACTTTCCCCTACCACGGGAACATTTGGATGGACATGCAACTAAGTGTCAATGCGCAGTTCTGAACACAAGTCGGAATACATGTCAAAATCAGCAGACTCCATTGAGAACGTGCCTAACGCGTTTGGACACAACGAATCGTAGGTAGAGAGCATCGGTCGGAACGATAGGTCAGACACAGGATCCTAAGTGTAAAAGCGTAAATCGAGTATAAACACTACTTTCCGTAGGACCAACCAAGGATCATATGAATTATGCCGCTTCGGGCAAGGGCGCAATTGTAGGCATCGAAAATAGTC,369,47.15,Homo sapiens
SEQ_832267,GTAGGCACTCTGATGGGACGAACATCCTAGAATCTAGACCGGCCAGCACGCACATAATTTTTAAAGATTAATGACTGAGGCCAGTTGTACTGTATGTAAAATAAGGCTAGCGATTACTCTTAGTGAACTAGAAGTCACATTCAACATTGACGCCCAAAGAGTTGCACCCCCGACAGTACTCTGTCTCCGCGAAAGGATCCGAAGGCAAAATTGGCTCGTACATCGCCGACGACCGGTGGAGCTCAACATATTATAACCGTATATTTCCACTTCCGTTTGTCCACGTTGAGCAATGAGCCACGTCCATGGAGCAGGAGTTCTAACGATACGGGTTTTATCACGACCCGACGGAAAATGCTGGATGGGACTAGGATTCAACATCTGAAGTCATCTACTTCTATATAATAAAACACCGGGTGTGGTGAGTCGCACAATTTGCCCCGCCTCCCTAGGCGAAATGACACACAAGGCCCATCTCTACATTGCTGACTCGTAAAACCCACGGCTTGTATGCCAGCACACGGGGATAAACATAAATCCTCTACTCTGATTTTGAAAGCTTGATTTGATCTGGCGGGGTGTATGTCTAGACAGGTTTGGCGATGCGGAACGCGCAAGCGA,621,47.67,Escherichia coli
SEQ_767904,TTAGAGCAAGCCCTTCCGGGTTGATTAACCGACATTAACGAACCCTCCTTCGGTTGCTATCAGTTTGCATCTTCACCGTCTTGGCGCTTAGCCAAGGCAGTGCCCAAAAGGCACCCCGCAGATTAGAGGGACTTCACACACAGCTACTACAGGTTCAATCCACCCGCTCTGCTTGACCATGAAGTGGTTCTTCCAACCGATCGCATATTACGATTTAGACTCCCAACGATCGACTAGACTCCGGTCGGGCTGAGCACCGATCCCATCCGAGGAGGGTCGTGCTACGCTCGCTAATATGACCCCAGTAGGGGAGGGGATGTTCCGGAACGAGGAGGTAATGTGACCTAGACTCATAATGCTACCATCATACCATGCGCACAGAGAGCGCAGTGCTTCCCCTGTTACGTAGTTAGAATGTACTACAAGCTATCATGTCCCATTCAAGACTGAGTTTTATCCAGCTTTCTCCTCCAAGTATGAAGGGTCCGGCGTTGTGGTAATAAATTTTATAAAACTGCGTACCAATTCATCTCGGAGAGGTATCGCTCCGGTTAACTCCAAGCGCTAAACACTGAAATTCCCTTTGATTTTCTACCCAGGCTCCCCCTCTGCGAAAGGAATTATTTGACCGCTGGTCGATGTTTCGCAAATAGAAGCGCAATCCGCGAAACATTATAATAGAGTTGGGGGAATTGTCGATAACTTAGATACGGACGTAATGCTTTGGGCAATCGTGCGTGCTTTGGCTCGTCTACCAGTGGGGCTCCTAACAACAATAAGTGAAGAGGAACCGCGAGCCCGAACCGTTATAAGCAGCTGAGGCGGAAAAATATTCTTAAGATGAACATTTTTTGGCCCGATCGGCCCCATCGGCGTTTATAGCCCGAAGGAAGCCGATCCCTATTATGTTCATGAGATCATATAGGACAGCACGAACATCATAACAAACTAGACGTGGGCCCATTTATTTTCGCGCATCCACAGTATTTACACCGTGGAGTGTTCGAGCACTGGAGTAGATGGCTGCTTGTATTGGTGGCACACTCAGGTAACTGTAATCCCTAACCAACCTTCGAACCGGCGGGGTCTCAAGGGCGCACGCCGACATTGGCCTGAGTAAGCGTACGAGATGTACGTCCTGGCCTAATGGATCGCGGCGGTCGTACCAAGTTAGCGCGGTGGCGGTCCGCCACCAGGAAGCGTTACGCTTATGTATTATAGAAGCATTACCGAACGTCCTTCTCGAGAAGCGCAACTTTTGGTGTACGAAGCGGCCGTTCGGCGCTCCATTTGGCGTCTAAATGTGAAGCCTACCAGAGCGCATCATGCGGTGAGGAGCCGGCTCGGGAAAAAAGTCGGCACTGAATCCCACGGACTTGCTTCAAGGTCCTTGTGCCGCCCTCCGCGTTACCTAGAATGTGCCCAGATTCTTCATGGCTTTAAGAGGGTGATTTCAAGAAATATTCAGAGTAAGCTGTATTGATTGTCCAAAGAAACTCCGATTGTGGTATGTACGCTGTTGTTCTCGGGTGTGAGGCTTGGAACTTCGAACTTGGCATGTACTCCCTACATCCTCCCCCCTCGGGTCCTCACAGTGAGGGAAGCGTACTTAGCTTTAGTGCATGGAGGTCTTCGCGGGCGCAAGAAGGATGCAGTGATCCAGCCCTCCATCATTCTTATAAGCGCAGATTTAACACT,1698,50.41,Caenorhabditis elegans
SEQ_101873,CGCGGCGCGTGCAACAACTGACTGTAGTCAGACCGTACAGACCCAGGCATATGAATGTCCCGTGTAGAACGGGGCGTGGTACTGTACCGGGCGGGGACAGCAGAGGAGGGTCAGCAACAGATGCTTAAGAGAACGTTGTGATCCAGTCTATACCATGCTGTACGTGGTCGTTCATTTCGGGTGGGGTTTGTAGCCGTCCGGCCCTTACAGTAATGGGTAGAGACGCACGGGTCAACGCTATCTGATTTTCGTGCTGTGTTGCTCGCAGAGCAGTGCTCCCGTGTCCCGCAATTTTATCTAGCCCCTACTACCCTACGGAAGGGCGGTGTCAGTATAGCAGCGGCGCCGCCATAAAACTACACTGTCATACTGGCATCCCTGGTGCGTAGTCCCAGGGAGTAAGAATTATCCCCCGATCGTGTCCTCACACCGGCGGCAAATTCCGTCCGCCAGCACAGACTTCTCAGTCGGCATTCGAACGCCATCCCGCTAACCGATGTCTTTGGACGGCCCAACCATCGTAGGAAATCGGCCGGGAGGACTTCGTGCCCTGGAGCTGAGCTACTCTTTCCCCTTGACCCTGAGAGCAAGTACGTTCACACTATCCACCCACGGCTCTTGCTAAACGTCATTCTAATTACTCAGAGGCTTGCCGGTCTGTATGTAGCTGGCCTACACCGTAAAATAGGTCCGCTATCGCCCCCCCCGTACCCTCTAATAACGCCGCCATATCGGACCCATCTTGTAGGGCCTCTTTTTCTTAAATAGGCCATAACACTCTAGTCACCCTTCCTTATTTTTACGCCAATGCCCGCTAGCACCGAGGTATCCAAACGGATATGACAGGATGTGCTTCGCTAGCGGGAAAGCCACCACTGAATGAGCCATACCCGCCACCCCTAAAAGTGTATATACGATAGCTTTTCGACTTGGAACCCATTGCGCATCGAGCCTAAATGCCTGTGCACTCTACGGTTAGGCATAGGCGCTTACCGGGTTCGCAACGTGTTTGGTTCTGGCCCGGATTGCGTTTGGAAACAGAAATCGGAACCGCTTTTACGAGCGTTAGATTCAAGGACATTTAAATTGTTATCAACCTAGTTACTCTTGCAGATGTTGGGGGATTTGGCTGGGCCCGGAGGTAACCCCGGACACACATTGAGTGCTCGCCTAAAGGCTAGCGACACGGATTCTCGCACGTGGGGTACGTGGACGTTGAACATGGACCTGGTTCAGGTTGTCCGCCTGAAGGGGCGACGGGTAACTCCCAAATGATATACCTATGACAATGGTGGACATACAATCTGTATAGGGCTCGTCAGAGCCTGCACACCGGAGTAGTATCTTAATTGTCGCGCGGGAGGGCGATTATATCTTACGTATCGGCTTCCGTAATTGATTGGTTTCCTTCTTTTGTCAAATGATTCCCTAAGATGGTTTGGGGAGGATTTTCGGCACAACGTATATTTGCGCTACTTAGTACACGAGAACGAGCTGAAGGCGGGGGATTCGGGAAGTGACGTGGATTGTTGCGCTTTGATAACGGTGTTCAAAGTAAAAACCACGCCGGGGGATCCATATAGCCACAATGGTTCACCATAAGTGGCAAGCTCATAAATCAGCAAACGTTGGTCTGCTTAATCGATCCACCACAAGACACCAGGTCGGGCTACATTCGAAAGCTCACAATGTTTACGTTCGGACTGGAGCACGGCATTGTATGTCTTTGAACTGATAAACAGTTGTGGAATGCGTAATGGCCGCAGTTGATACGCGGATACGGCAGAGAATCTTGTAGTAGATTGGTAAGAGAC,1814,51.71,Saccharomyces cerevisiae
SEQ_152292,ACTCTGCTGTAGTTCTCCTACACCGGAGAGGATTTGTCATAACTTAGATCGACACGCGTCATGTTCTTCAGAGAGGGATTCCTTCACCTGCCTTTATGGTGCCCCCGCTACGATTCTAGTAAGGCACAGGCGCCTATTATACGTCCTTAGGGCTTCGTCTGACGTGCGCGCCCTGTTGCACCCCCATTCCCGTCAAGGAGCTTATGGAGTCGTCTGCGATCCACGAGCCAACAGACTACATCGAAATTCATCGTCGGCTCTCTGAACTGGAAGCGTGCATTCCATACTGATAGCGGGTTGGTTACGTACATCTTCTCAAAGCAACATCGGTGGCACTCTTGCTCTGCAACAAATGCCCGCACGGCTAGGATTCCTATTGCCCATACCGGACGGGGGGGGCCTAGAGTATTACTCTCTAAAATCACATACGATGCTCGGACCCTGCCTACGGATCTGAGCCACATTCAGAATGAGTCACATTTAGCGGGAAGAAGCCACTTACGCT,505,52.08,Mus musculus
SEQ_388028,TCGGTTGTTATCGGTGCAACGGGATTAACCCCGTTCTAGTTGTTTTTACTATTGAGGATTAACGCCGCCAATATGACCCCACGCTGTCGTCCGGTGGACGACCCTACCAACTGAATAAAACACGACATCCAGTATAAATCTCCATGTATTAGGCATTGTATGAAAGATTGCCTTTTCGCAAAAAACCCAAACACATTAGGCTAAGTGGTCGCCATTTCGATAGGACCCTTTTTAATGTCGCGCAGGGCTAACATTGCCTATTCAGACCGTTTGCTTGGCTATCGAGTTAGTGTGATACGGCCCACGGGGTTAATAAACTTCTTCCCTGGAGGATACAGGTTTTGAGGAGTCACGCCGGGGCTAGCAACTCACAAAACCTATTGAAGTTAGGGTGCCGCACGCCTTTGAGTCTCTCCCATCAAATGTTGCGACTCACAAGAGAGGTAACGTGCTTGGCCAATTTTTAGGCCCGTTGTATACATCGTTAACCATTAAGCACAATAGTTACATGGCCTAACGACCATTTCAATGAAAATATAAGAAGTCTGGCGCCCCTCAGATAAGCATGGATGGTTACTCAGAAATATAGTGTAGCCTGTATGGCATCGAGGTGTGCTTGTGATAAACTGGCGGTCAAGCTCCTCGACATCTAGGCACAGACAGCGATAGGCTAATGGCGATGTAGTGAAGTAGCGTACCACCGACTCTCACCTACTAGTAGACTCCGTTGGGCCCGACTCCAAAGTTCTCCAACACAAGACTGCCGATATCAGAAGCGCTAGATCACTGCGCTTACTGTGAAGTTTTAACTATGTATAGCCCATTCCTCTAGGCTGGGATTGGTCATTTTTACATAACGGGATGTCCTGGGTATTTGCCATCGTTGGGGCCAATTGAAGGGAGTAGGGTTCGCTCATGTGGGAAAAACGAAGGAGTTGTCTCGGACTGTGATAAGGCGAGGTGGCCATTGAGGTCGGGTTAGCGGCAGACACGCGAGTTTCCAATAGCGAACACACTGCATTGTCTAAGCGTCTAAAGTGGCCTAGTGACACGAAACAAATATTGAGGCGTGGGATGCGCAATCTAAGGTTCGTGGTCAAGCCAGACGTGGCCGTAGCGTAGTCGACGCGCTTTGACGTGGAAGCTCATAGATAGTGGAATATAACTACCACCAGCCCCGGTTTTCGGACAGTCAGCCGACGCAGGCGATTCAAGTTTCAACCCATATAGACGAAGGATGAGCATCCTCGAAGACCCTAACTGCGCTTGGAGATTACACTGTTCTCATTGACTTGTATCCAAATTCGCGAAGAAGTGCAGCATTTAGCCGAATTTTTTTGTAACGTGCCAGCAAAGAGTGGCCGAGGA,1368,48.1,Caenorhabditis elegans
SEQ_209688,TCGGCCATACATAATGGGCGGTTATCTTCCCAGTTCGACTGTCACCAGTAATCAATCCTTTACTGTCTAAGGGTTCGCCCCTACGTATATCCACCCCCACATCAGCTGATATCCTGGAAAAGTGTCGCATATGAGCGCTTGTGAACGGTCCGGTCTCGGGCCCTGACCCCAAGTTTCCAAATGTAGAATGTGATGCGGGTTCGAAGCGAGGTGCCTGCTTTTACATCAGCCCAGATGACGGGGCACGCAATGAGTTAAGCTTGCTTCAACGTATTTACTACTTCCCTTCCTTTATTGAAGAGCCTGAAAACCCGCCGAGATACTACTGGAAAGCATAGTGTACCAATGATGATATGAGGTGCTACGCATAGCTTTGTTCGTCTTTGACGTCTTATATTACCGGACCTTGATGCTCAGCTCGTACGGGTTGATTAGACATTACAGAATTCAGACTCGAGTTGTGCGGAGACTACGGGACCTCGTAAAGCCTCCGTTTAGCGGACGGTGGTGTATGCGCCACTGACCTTTAGTCGTAATACGCGTACCCGCAAGAAGCGATATACGATCCCGGTGAATCAAGCACGTCCTCCGTAATAACCCTGGATAGCATCTCCTTCTGAAGCCCGCCTCGCTGACCGTCGGACTAAGCTGGCTAAAAGGTAACTACCATTTCCTTGCAGCTTATGTTGACGCTGACATATAAGGCCATATGCTATCGAGGACGAGGGCCTGAGCCGCGGCTAATATTAAAGACCCCATGAGTATGAGCTTGAAGCCTCCTAATCGTCCCCCCCATTACCGTCTCTGCCGCTATCGTTTTTGCCGCCCCGTGGACAGTAGCATCGAGAAATCTGCCGCCGGCTCACGTACCCCTCTAATAATCTTGCGGTTGACGTAGTTGTGCTTTTAAGCTTGAGTAATAGGTCTAGCGATGTACCGAGGCTCGGCGTATACAAGTTTTTTGAAGGCCAGTCCTCCTGATCGGTGAAGCGTTATTATTCCTGAAATACAAGGTCCGCTGCCAACGGCTATTAATTTGGATGATTGATGTGTTCCGGTCGGTCTTGAGTGCAGTATGCTAGATTGCCTAACGCTATTCTAGAAATCTAAGGCGATATGGTCCGGCTTCACCGTCTAGGAGGAAGGGACGGCTTAGATTAGTGTTCACGGTGCGTTCTGGCGTAGTCTGCCGGTACGTTTCCCTAAAAGCAGTCACTTACAAGGAGTTCTACTAGATAATCTGCCAGTGTTGAGCAAC,1258,49.6,Escherichia coli
SEQ_676259,ACTCCATAACAAGAACTCCGCCCACTCAACTCGCTAGGGGGCGGAAGAATTGTGGGAACGCCATCTAATAGTCCTCAGCAAAACCAGCTTTTTTCAGCTGCTCACAGGCACTGTACCATGGTCCACGACAGGGGACTACAGAATGGCCGTCCCATACACAATCTCCACATTTCAAATAAAGCGGAGTGTGGGGAAGGCCCATGGTATAGCCTCCCGCAGGGTCACAAGCGTCCCTGCACCCTTGCGAATGTGAATAAGATAAGTACTAATCTCTGGTAAGTTCGATGCACGTTGCGACAGAGAGGAGTATCTGGGTTAAACGTTAGCACAGGCTGATCCATTTAAGAAAGGAAGGTAAACGGTCTGACAAGCCTGCTGCCATGAACCGTATCGCATACGCTTGCAATCTACGTAGATAACGACTCTCAAACTGGCTAACTCTTATAATATCTCGAGGGAGTGCGAATCGTGTGATATGACTCGAACGCGGTAACACGGTACTCTATACACGGAGCAGACATTACGGCGACTGCAACCAATTGAACGCGCGGTAAGGATACTAATGACCTTCCGCTGCAACGACATATCTTATCAAAATCTTAAACGAACGCTTGGGGCCCAGCCCGTCGTCGACGTCCAACAAATGCTTTGGGTGCTGTAAGTCTCCCCGGTCAACAGATCCCTTCCCACCGGAGCTCCCCCGACGGCAGGGCGGGCAGGCAGTTTGGGGATCGGATAATTATCAACTGCACCTACATGAACCGAAGTAAACGTATGTTTACTGAGATTTAAGGGTCGTTAGGATGTGATTTCCGCCGTATCCATCCGCTGGTAATGAAACTTCCAGAGTCCGCAGATATGCCATGTACCTGATAACACCCCCGGACGTCAAGAGGGTCATCCGGGTCGTGCATCGTATGATGGTGTAGTGAAGTTGATGACTGTTCTGCCCTATCAACTCATAGACTAACAAATAGGTCTGAATTTACCTAACTTCCGGGGAGCCAAAACTGTGCCTCGGCGGTAATTGATGCCTCTGTCGTCACACACTCTTGTCCCAGTGGCCCGTTTTCTATAGCGGCATTAACGATAGTGTTACAGGTGAGATATGTGCGGATTAAAGCCGTTGTGCGGTTTAACGTGGTACACGGAGAGCTTACCGGCACCCCGGCCCTTGCCCTCCCAGTCGATGCCTGTGTCAGACACCATCAAAGTTCTGGCCGAACAGGACTCCGACGCATCCATCTCGGGCTGCACTGACGACTAACAGCGGTGACGGGAATTCAGAGAATACACGGTTACTGCCGCCGACACAATCTATCCCCTGGGCCTACGCTACTTTG,1343,51.08,Drosophila melanogaster
SEQ_659864,GCCTGCGTATCTCATAGCCACATCTCTTAAGACACCTTTCCCGTTTCAATGTCACAGTGCTAGCACTGTATGACATGCACGAGACACGGGAGATGTTCCTACGTCTATATTATCTATTGATATGTTGTAACCAAGGTGGAGAGGTTCAGTGTAGACTATTACAAACCCACCGCGTGGGCCCTGACCGATCCGGCCCGTTCCCAATACGACTGGGTCTAACCCTAACTCTTTCGTAGGGCAGGTGGCATTTGCTGGAAACTATGCCGGTCCACTTAGATCGAGCGAATTTCATTTGGTAGTGCGAATATACGACCTAATTGTTAGAACGTAATTTCCGGGTTGGTTATTTGAGGATGCTTGCACATTGGGCATGATAATAACCCG,384,47.14,Mus musculus
SEQ_507513,CTAGACAGGTTTGTCAGAGGGTTGCGGCCGCCCTATCGAGCCACGCTTACAAATCCTGTTCTCTCGGGGTCCGGGTCACTTGCGAGCTCACGAAGTAGGTCGCTCTGGCGAGTTCCAGCCATTGACTACAGGGGGACACGGCTAAACGTCCATTGCAGCGTGTGCTTTCGTCACTGGGGCCCGCCGGTCAAACTGTTCTTTAAGTGTTCAACTTCATGTGGGAGATAACCCTAACGCCGCCGAAAATGACAATTACCCTACCCGTGTCAACTTCAAATCGAAGCGCG,287,55.05,Escherichia coli
SEQ_366034,CTATTTCGCCTACAACCAGCTACTAGCCCATGAGAGCAGTCTTGATGGAGCGTGAGGTATGCGTGATCCCCATTCGTAAAGCTAGGAAGTCAACTTGGAAGGGGCATCTAACAGCATAGTTGTATACCTAGCCCTCACGTTTTAGAAGAAGACACTACCCTCGGGTTACTCGTGGGTGCACCCTGTCCTTACGTCGTGTGGGAAGGGCGAGGCCCGGATCCTTCGATTTGTCTAGTGGTCCACCGTGGTGCTACACACCCTAGTGTTCTAAAGAGATTTCGCCTGAGACCTAGGCTAGTCTCGTGCCCGGTAAACCCGGGTGAGTTCCCCATAATAGACTTACCCCCTACGATGGGCGCCATCTAATAAACCAGAGCAC,379,52.51,Saccharomyces cerevisiae
SEQ_576817,GGCACCTAGTCGCTCACCTGTACAATTAGCTGTGGATTTCTGTGGGCGAAACCTACACCAGCCGCAGTTGTTTCCTTGGTGGTGATCAGTAAGCCGCATATATTATCATTTATAGATTGGCGCGGGTATCAACCCCACTGCGTTCGTAATTGGATACATACAATCTGCCTGGGCAACGAGTCATATCGCGAGTCTTTACCGTACTTCAATAATTGGTCAGCTCAGCAGAACGTACACAGCGGTGAACCGGGGCGCCACTGGGCCTGCAGGGCAGAACGGGCTTCTGCTAGAAATTCTATATGCAGTGACGCTGCCTTAATGTAACAGAGGAGTGCGTCAAGTGTCGGGCATAGGAGACAATGACTTCAATCCGTACCTGTATTTACACTCTTTCACGCAGCGTAGTTATAATGCTGCCGCACTCTGGTGCTCCGGGAAGTGATCGACCCGCCGAATCAATCGGGGGGTCTTGGAGGCTATCGAATCCATGTCCCCCACTTCAATTCATGTGGGCATGTCAATGAGGGAGATTCAGGTTACGCAACGACACCTAAAAACACTCGGAGAAACGTTATTCATTGACGCTAGAGGACACCCTGGGCATGACGGACTAGCGCCGTTACCTTTGATATATAAGTTGGAGCCTGGGAGAGGAGAAGGCTACACGCATATGATGGCCTCACTCACTCCAATTCTGCGCTGCGCGGTCATCTAAGGGCACGTGCGGTAGGAGCCTCGATTAAGGCTGGTGTCGCACCGCACTTGTGAACTTTTAGGGTAGTTACAATCGGATTATGACTGAAGTTTGCCATGAATGTTCTCTAGTAACACTAATCGTGGACAACCGACTGATGTTTATCATCTCCCTTTGCCTGACAGAATTGCGCTAGGCGGCATACTAGCCACCCCCAAGTGTTCATACTTTAGCAACACTACGTCTCCCCAAACCTCACCTGATCCAGAGCCGTCGAGGCGGTCCCTCTCGGCACAAGATCCAAAGTTGGACTG,1008,50.79,Escherichia coli
SEQ_730246,ACAGGAAAGCTGGATACCTGAGGACAATTATCATAGCGCACAGACTAGATGCACCTTGTGAGACTATCAGGACCTCGGATTTCGTCTAATACCGTGAGACAGTTCGACAAAGGTTCATCAAATTAACATCTTGTCGCCAAATATGCATCTCCACTGGTGTTTGGATTAGCGAGAACTTGCCAAATGGTCTCCGGAAGAACAATTGGCATATCATAAATTATCATTGTGTCGGCCGCCATAGTTAGTGTGGCTCAGTCTAGTGAGCTCGATAGCCTTTCCCCAATTCTGATCCACTAGAACTTACTAGATATGCAGGGGCAGGCTGCAATATGAGTGGTCTCAAATATGCAATGGCCTAGCCATGAAAGGCCTGGAACAGCCCGAGTCAATCGTTTTTAGCCGACTCCTTCCATCCCATTCTTCTTGACTCCCTGCCGATTTCACTATCAATACGACGCTAATGCGTCTAGTCGACGCCGAGATGTTCAATAATATTCGTTGACAAGGGTGATACACCTATTTAGACAACTGGTCAGTTCCGCTTCAACTACTTCGTAAAATACTCGCTCTTGCCGTATAGATCGAGATATCCCGTAGAGTCTATCGGTGTCCACAATCTGCCTAAGCGTTATGGTGAGAAGAAAGTAGACATATTGGTAGAAATGTATTATTTAAATGCGTATAGGTGTTTCTCCGCTGGCCTATTAGAACCGAGCATAAATGTTGTACTAGATGTCTACGTCGGCGTCCGTCGGACGCTTGTATACGATCACAGGGGCTAACCTCTAAAGCGCGAGCGCCATCTCAGAAAGGGGGCACTCAGAATGGTATCGGGAACTTACGAACGCCCAT,852,45.89,Mus musculus
SEQ_639848,ACCTTACCACCCTTAACCGGCATGGTCGTCGTTGCTGGCGGATGGCACTGGAGCGGTATTCTTTATTTTTCTTGATCTTCCAACTAACATATTGAAGCGTGAGGTCCCAGCGCTGGAGGGATCTATGCATTTACATGTAGCGTGAGCTACGTTTCTTAAATAAATCTATAAGTTTAATAAAACTCGGATCGTCCGCCATAAATCACTCGTAACCTGCAGTCCCTGTGGTTCAGCCCCTGTGGGAATTACTTGTACGCCGGGTATCCTGCTTCCGGGCCCGACCAGCACAAACAGAAAGGCAATCACGGTATAACAAACCTAGTTCCCGGAGTGAATCTCCACAGAGTAGGTTCAGCTCAAAAAGGCAAACTGTGGATTCTTCCGAACTTTGTCGAGCGCCCGGCACAAGCTGCAAGTTAACACGACCATCTGACGCTTATAGAGACTGGCCGGATGTTAGTGATTCCAGCTGAACCATCAGAGGCGGTATCCCCATACTTTGCGTACTGATGATATGAGCCCAGGCAGAGGCATGTTATCGGGAGCCGGCGACTCGAAAACTAGTCACCATCACACTTCAGAGTTCGACATCGCTGGGGGTATAATTGTCATCGGCCATTATTCAGGTGTAAACAACCTGGGGCAGCGCCATAACAACACAGATTACTAAGGGTAACGCGATGGAGCTCCCGAGCCCCCACAATACGTTTCACGCACTCGACCAAAACCAAGAGAGTAAGCGGGCGCAGCCCTATTAATTATTTAGCATATAAGGTTGTAAACCACTATTCCTGGCACGCGCCCTAAGCGAGGCCCTAGATGACGTATCGCGGACGCATCTCACCGACACGAATCGTACTAGCTCACTTTATATTTTGAGGCGGCGCGACGCATTCTGCCGGAGCCTCGAAACCACCACAATTGTCAATCCTAGCATTTTCAGACATCGGCAGTGAGTTTTTAGCAGTGTCATAAAGCGCGTGTATCGGACGGCTACGTGCTTTTCATAAGCCCGCAACTCTGAAACGCATCGGTGGTAACCGCGTGAAGACGCGATCCGATCTTGATTCTTAATACTAAAACGGTTATCGCCCCGACCTGTCAACTAGTGTATGGCGTAGCATTTAATAGCGCCAGGTTCTTGGGCGCTTCCACCGTTAGTGTCGTCGACGTTAGGCCATGATACGGATTTTCGAGGGCTAATAGAATTAACAATAATGTACGTGGGGGACCTTATATGGCCGAGGGTACTTAAATCGCGGGGCAGAAGGCCGGGCCGAGTCATTACGCTTATGAGTTTAAACCATGGAATAAAGCAGTTTCGAGGGCTGCTTGGCCCTGTTTTGTAACGTTCGGGACCGAGAGAGTGCCTAATGAGTATATGGTAGCAAGGACTCTTAGACGATTGCGGAAGGGAGCTTTTTGGCGTAGCCCAAATAGGTCTTCACCGCTGGTGCGGAGCGACGATATGTTAGATGCTCGTGATTTCGTGGGTGGTAAGACTAAAATTGCAATAATCTCTCGTCGAACGAGCTAATATTACAAGCTCGCACGTCACGGTGCCCGTGACACAGAAAGTCCGGACAACCCACGCTTAGAACGACCTCCACGGCCCCTAAGCCGCTTGGATGGGTCTGGGCTTATGTGCTTTGCGTAGGGAGGGAGAACAACCACCGTATGCGCATACTAGTCGAACACGTACCTGACTTCCAAACTTTCATCATTACCGATTTCCGGGCGTTAATTAGAGCAGTTCGGTGAAGCGCAAGTCACGTAACTATTTTTGATAGCGGAAAATTTCTGCCATACAACTACCTTCATTGCACGTTGGCCGTTGTTGCGGACCTTAACCAGATAGCGCGTGGAAGCCGGTGCTCCTCCTACAGCGACGGAGAGTTTATTGGGATGTTGTACAGGCGACTTTACGATAAGTTTAAGAATGCATGGAC,1949,49.72,Drosophila melanogaster
SEQ_625767,CGGGGCGGGTGCTTGGCCTCATGTAGTATGAATTCCACTATGTATTACCGCGGCCTTATATAAGATCTACTCCTAGGTACCACTAACTATTCAACAAAGGTCGGTCAACAACCCCCAACCCGACGGCGTCAATTTAAGAGGCCGCCTAGCACCTAACAGAACTTGAGCAATAGTAAAGTCACATGAGTCAGTATACAGCGGGATGTGCCACAAAGTCAAACGCAGATGATATTGGAACCCTATTTGATATCGATTATCTATCGATTGCGCTCCCTACTTTTAATCATCTTAATACGCGGCAACGGGTGACACAGGAACACCACTGTGAATCATGCAGGTATAGCTGGAACTAATTAGCATGCCACGATTAGCGCTGGAATGGGGTTTGGCCTTTCAGAATGAGGACATTACTGTTATTCGGATCCCCGTAGCACAATTGCCTCTCCGCCTGGACGCATTAGTAGGCGTACAACTTGCGAAGGGCGGAGCAAGTGGATGGGCGATATACTCACGCGTGTTGAACCCGGTGCCACTCAAGCCTCTGTCCAAATGTTGAGAGTACCACTGAACAATCTTGTGATTGTTGCAGAGCACGGTATCGGGTTTGTCTTCGATACCGCTATCATATTCAATGGTATACGGCAACAGATTAGAACCCGCGGTATGAGTTCTCACTGCAAAACCTGTATGCCGTCTAACATTCTATTTGGTGTCGAACGAGTTACCTAGCCGACTTGCCTAGGCACTACCCGGCACCCGAAGTAAGACTCAAAAATGCATTGCAGGCCTGACACTCCACTCCTATAACATGAATCGAAACCAATTGTATTACAACTTAAAGGACTTACCAGAATGTGTATGGCGGGTCGTTTGCGGCGTGCTGGGTTCGTTATCTCGCCGCAAGACAGCTCCTCAGAGAGGCCATGAGGATAGCACAATGTGTCCGCACTCTGCCACGTCGTAACTCTTATCCGGATTGCTACCGTCGGTATGCAAGAAACCTTCACTTCAGGAAGAGATAAAGACGTAAAGAACTCAAAAGACCCCAAATCGTATTCCCCAATGCGGATTGACCTCCCAGGTTAGAGGAGCGAACATCGCGCAGTGTGAATAAGGTTGGCGTTATTTTGTATTTGGCAGTACCGTGACACAGGTCAGGTGAAGACTGTGAATTTGAGCGTAGCGGGCGAGCAAGCTTGTCCCGACTACCACGCAAAAGGGACGAGAGGGTTATAGCGACCAGCACGTTAGCGCGATCACCAGAACATCTTGAAAGAGTAGAGTTACCGCAGTATCTTAATATACAGCAGCAACCGATATACTTAGAGCATTTATACGTGGAAGCAGTATCTGCTAGTCAATCTTTCGCGGAACGGCGTCATCTTAGGTCGGTGTGTTCAGTACACGAGCTCAGAGTGGGGATACTAACTATGCGCGATGTGCGCGATCACTGGCGACACGCAAGTCTTATTTGCACTGGATATGATGAAAGTGTCCTAGACGCTTTCAGATCCTAGACCGAGTCATCGCTGTATACACAAACATTGACTACTATCCAATGACGGTTATTGACCTGGCAAGGGCAATGTGACGCCGTAACAGAGTGGGGATCAAGGAACACACCTCCTTCGAGAACAAATAAAGGGGTCAGAATCGCGGAAACAGAAATGTGCTAAGGTGCGTTTATTACTCCGACATACTTACGTCCTCCCCACCAGATATGTAAACTTCCATTACCCGACTACACTTAAGTTCCATACCTTCGTATGGCAAATAGAGACCGTTCATGGTGACATAAAATCCTTTTCTTGTAATACGACTCAAATGATACACAGGCTCCGCATATCAGCTTTGAGACGTCATCTAAATCACTAGGGTCTACCCAGGATTGGCCCCCCAGCACCGGCCCAACCCAGTTACCGCTATCGTGTATGCCAGACAGCCCATTGCGGCCGCTGTTCGATTAGTATACGAAGGACTTAGACAGCTATTAACTT,1997,47.87,Saccharomyces cerevisiae
SEQ_147113,GGCAAAAGCCCGGGGGATAAGGCAGCTAACGGGTCTCAACACTTGGACGGCCTAATTAGGAAATCGTATAGCCTCTCCGCGGTCAGCAAGGGTACCTTGCCAAGGACCGTGGCGGGACCTTGTCCCTCTTTACGTATGGAAAGAGAACCGGGCGCGCAACATTGGCTTGCTTTGTCTTGTGTGGGAGTATCACTGGTGATATCGAGGGTCTAGTAATGATCGCTATGGATAACCGTCTAGTAACTGCATCCAGGGCTCTATTGGCAGTGCCGAAATACCATCGTAAGGTGATTCTCGCGAAATATTTTGCGTGCGTCCCACCGTCTCGAACATCCCGCCGACATCGAGCCGGCTCACCCGCCGTAGGCTAACCGGATTGCTTAGGAAACTTGTTCGAACGCTAACTCCCCTGAACGCGAACTAGGTCTAACAAGCTCGATTATGTTCTGTCGCGGGTTCGGTTGGGCCTCGTGCGGAACTTCCAAGAATGGGGTGGCGACTCGGATGAAAGAGCGACATTCTACATGTCATTGTAGGTCTCACGGTATACTCGCCGGAAACTATACATGCGCTTTAGGTCTACAGTCGGGTTTTTAATAGCCAGACCCGATGAACAACTGCTTGGTCAGACTTGGTGCAAGATGAACCTGCTACCAAATCCAATCTTGTTAGAGAGTGCGTGCAGTAGCTGCGCGATACCCGAGCCTAGGTTGGAAATCGGCACGGGCCCGGGCACAAGTTCCTAATCGAGATGTCTCCCCGAGTATCGCGAGCACTCTCGATCATCTAGATACAGCCTTGCACAATGCACGCACTTCGTCTCGAGTAATGCTGAGTAACTTCATACCAGGTGTTTTTATAGGCGGATCACTCGGCTGAAGGTGGGATAGCGCGCTCACATACACGCAGTCCGTCGTGAGTCGCTTCCTGAGCCCTGATTCGTTACCCTTTTCGGTGTGCAGGAGTCGCGCCTGAGTAGATTTACCTCACATGACGGAGAGGGGAGGCGGGCGAATTTAAGAAGTGCCTCTCAACCTTCGATAACCGGGCATATTACTTAGACCCATGTCTTGGTATAGCCAAGTGTACCTCTCGAACCGGCTGTATCCGGGCACTGATGGGACGTACTAGCCCCTGCGGTACACCCTATCTTCAACGCGGAAGTGCCGAACCGACGCCGTCCCTTTGTATAGACTTAGTCACGTGGCATTATTTGAAGTTCATCGAGCCCTAGGAGCCCGCGTGCCGTAGGGTAGGGGGGGATTGCCGTACCGATGCAGCCACTCGCGATTACATGCACCAGACAAAAGTCATACTGCCACGTTTAGGCGTTCGACAATCCACTTCTAGAGGTTATCCGCACGCAAATGTCATGCCCATCACTCTCCGCAATCGCCCGCATGCCGAAGAAGAAACTAATTAGCATTTCATTTTGATGGGCTGATTCACGGGGTTCCCATGAGCGCATCTAGCTCTGTGAGCGCTTGACGGAAACCAATGGTCGGAAATGACATGTTTGCCATATCACACTGTATGGGTGACTGGCTAGTCGCGACATCGGTGGGTAATCCTGCTCACTACTGATAGTAGTAGAACTCACTTGCCACATCTGCAGTCACTCCGACTAGATTACACTCAGGTTTTGGAATTGAGCAATTAAGTTATCCAACTCGTGATAAGGACCCGATTGGCCCATACCGGAACGTTTCTGGCGTGTCATAACTGCGACATGCTGATTAACCCTCGCATTAGGAGGCATCGGGTTTTGACTGATTTAGATGGTACTCGAGATTGCTCGATCGTCCACCATTTCACGTTATTAGATCACAGCGTGAGTCGACGGCTATTTTGCTGCATGACGAGTGTGGGCGGCCTTTTCCGCAAAGCTACTTTTTTCGTGAGCCCAGGGGAGGATACCTCTCCCATAATCTCTATGGGCAGAGCTATCCCTGTTATACGAGCACCTACTTCCTTTGGGGCCCTGCCACCCG,1991,52.08,Drosophila melanogaster
SEQ_264570,CTAATTATACGTATCCTGAAAGTCCTCGCAGGGGGCACAGCTCACCGTGGTGGCTAGTTCAGGTTCTAGAAAGACCACGGTGCATGCGTCAACTCCTGAACATCCAATGCGTTTGAACATTTCTACTCTGGATGAGGCTCCAGGCATTAATTGGAAGCCCCGCTGCCCCGCTACTAGCGGGGCAGCAGATATTATTGGAAAGATAGACGCCTTGCCTAGGCTGATACGCACGAATCCAAGGCCAAGAAGTCCGAATCACACAAACGCTTATTATTCTTGCTCTGGACCGTTCACCCTTGATCAATCAACCATGTAATTTCGGGCACGGGATCCCCTAGCCTAAAAACGAGTATAACCAAAAGTCCCGCACGGTTTTTTCCGCTATTCAGGTTAAGGAACTTTAGGTGAGTTTTTGCAAGTGTTCACAAGGGTAGCTGCGTGCATATTCCGAGTGGTACAAACGATGTGATACAAAGATACATGAACATTAAACGTATCACTAACTGCCGGTTATATCCGGATTTAATACTAGAGAAGAAATAACTACAAATTAATGCCTACTTCCCTCTATAGATTTGATTTTCGGTGATATGACCCGGCTCCCTTCTGGAGGGCTATTCAACACGACCCATCTACGTTGTTTACACTTCCTCTGGTGGCCCCAAACTAATATAAACCTAGGGCTCGTGTCTTACAACACCAGTGCTAATGATGAGACTTAGGGCTAACATTCTCGTTAACTCAGTTACCCCCTCAACCAACTTGAGCCGGATACTTTAGCCAGTAGTTGTATCGACAGTAGGGTCCAGAGGCCACTGTTTTCTCTAGTCCCCGCACCCTCCTTGGGTGTCGCTGAGTGTGTGTGCGCGCTAACAGAAATCGATGGGATCCATCTCGATTCTGCATATCGCTCTCCACCACTTTAGAACATCCATATTACTATTTTTTTGGGATAGTTTTTATTGTCTCTGCTTAAGAGGAACGTTGTTCGTGCAAGGATTACGTCATGCTGTTAGGTCAGCCACGGCGATTCAAGAGACATTACGGCCGGCTAACTCTCGCTGTTCTTAAGCAATAGCCTTGGTCCGATTGTAGAACACGGACAAAGAATATCGAAGGTAAGGCGCCAGTAGTCCCCATGCGTTAGTTAGCTCTGACCAATGTGATGGTCCGGCTCATGTCTCAACACGCAAGGTTTTGAGTACATTATTGCCATAAGTATACAAATCTGCTCAATAGGGAAGTCATGACCCCTTTTTCAGCACGCTGGGAGTCTCCCCACCCCAACCCTCCCCATCGCGGCTTCGTAATCTAAATTCCCCCTCACTACAAGCTATTGCCCACGTTTGCCTAAGCCAGTGCTAAATCTTATCTAGGAGCAGATTCACCACAGTTAAATTTTTTAGTGACAAGCTTACGAATGTTTGTGACAATACACCACATTGATGGCTGCATAACCTGATACCTAGGGATAGCCCGGCGTGGGATGTTCCTGACCAAGAAGGGAATTGGGCTCATTATTGTACATCTT,1531,46.51,Arabidopsis thaliana
SEQ_145122,ATAAGACGCGCAGGAGGATTTCGTAGGATATATTGGCCCGGGACCAAGGGATCGCAACCACTCAGATTTTGAGTTCGAAATATCTGCCTTCTTTTTCGGAGATACCTTATGGCGATAATCGCACATATTTTCTGCCGCCTACTCCGTCAGGCGAATTTTCTAATGATTAAAAGACTGACTGTTAAGGTGGCTAGACAACCTTAACCCCAGGAAATTTAGCGCTTGGCGCAAGGCGTCTCTTTAAAGGAGGTCAAAACCCGCCACCCAGGACCCCAGACGATCGTCGATAACTCCAGCCGCAAAGGGGATTCGGGGAGCAGGTTGCTAGGTCTTCACCTACGACAGTGGGGTAACGTGGTGGGCCAGGCATCCAAGTATGGCTGAATATACACTAATCTGCGAATGATTAAGATGAGAGCTATACCGCTTATTCGATTTCTGGGTGCCCCCGCTCTTAGTGGTAGCTAGCGAAAGCGGTTCCACGGCCTGCAGTCCAAGGTAAGATGGCAAGCTTAACCTAGTAGCCGGATCAAATTTACTAACTTTCGGAACTTCCTAGCACTTAGGTAGGGAGAGGCGATGGTCCAATGCGTTATTAATGACTTGTACGTCGATATGGAGATTCAAAAGGCGCTTTGTTCATTTGACGTGGTTCCTATTAGTCAACTCTGACCTTATATGGCGGACACAGCAGGATTTATCCGTATTTTCAGGGAGCAAGGATAGACACCGAGCTCGCGTGATGGACTGGGTGTCTATCTGTTGTACAACGCTCTAGATCGTACTTCAACAGACAACCCTTGGTCTGGACTAAACATTAG,821,48.11,Homo sapiens
SEQ_695341,GGGGAGGGGAGGCGGCTGACGTAAGACGGGCTTGCACGAAAAATGTGAGAGCGTTAACAGTAAGGTTACCAATTACTTGACAAAACTTCTGCGTTGCACGGATGCCGAACACTGATCCGGTCGTATAAAGGTGATTGCATCAACTCATACTACATGGGACCACCACTCTTAAGCCATTCAATTGGAGTAATATTCATGAGCGGTAGGAGAGGAGCTCAGGGGGCTCATCGGACGAGTGTGGTGCATCATGCTATGTCGCAATCTTATGGGTGCAAAGCTGTACCCTATCATACGTCAACATCGTGAGTGATCATCGACGAGTATTACTTCCAGCCGCGTAGCACAATTTTGTGAAGCCGCCATTAAACTGACATCCGTTCGTTGCAGGTAATGTCAGGGCGTGACGGATTGAATTAACTCGGTGACGCTCCTCCGTAAGGAGGTCCTCCCTACAAGCACGATCGCCCATTACCCAAGGAGCACCTACTTCATGGAATGTTAAGACCGAAAGGGAGGATCCGCCACCAGCCACCGTGGTTTGGTTTCTTGGCCGCGATGATGAACGATATCATTAGGATGAGCGCGGATTCAAGGCGCTACCCTCTCCTCCACCTTAGTCGTTTCTGGCCAAAATCAACATAATAGTCGATCTATTTCCCAAGCAATCCGTTCTGAAGTAATTCTTAGATGTAACGGACTATCATGGCCTCAGGGGGCTGGTGAGTCCCTCGCGCCAGTTGCGCTTCTGCAAGCGCGTGCTACAGATCCCCCGACTCCCAACTGAGGACGGGCCCTACTGAACCTGGGATTCAGTGGCGTTTTACGATAAGCAACACCCCATACCACCGGAGCTAAGTAAGGTATTATTGGCCACATTTGAATCGCCATAGCGCTACGTGGTCTTCTTCTACTGAAGGTCTTTAATCTTAAACAGTAGCTAACAAGATACGAGTGCACACGTGCTAGTCGCTCTAAGAGACCCAAACTCGCGGAAACCGATTTAAAATGAGCTTAATTACAGACACTCGTTGCGAGCTGGCAAGCTACTAACTTCGTGACCTTGTCCGTGATCCTACAATAATATCCACTTCCGATTCGATTACTATAAGAGAGTTGAGGCACTACTGTAATACGCGATGCCCGCAAACAGTCCCACCTCGAGCGCCCGGACGAGCGCTTTCACGCTGTACATCCGGGGTTCTTCAAGGGACGTAAGGTCCGGACGTCCGTGAAGCCCGGGTAACAGCCAATTATCTAGAAGCACCGGGCCTGTGACCTTAGTCCAATAAGTAGATCAGTAGATACGAAGCAATAAACTTTTGCCGCCACCACTCACGCACAGTTTCCCCGCTGCGATGCCGCTCTTTGGTGGAGCAAACTCGTG,1384,50.43,Saccharomyces cerevisiae
SEQ_928835,CGGGCGTCACTATAAATACAGTTCCAGTTGTGTCACCGACCCGAGGCGTCCCAATACAAGTCCGGATCGCAAAAGGTCTAAACACTTTGAAGCTCTGTTGCCTATTTTAAGACCTCTTTGTAAGAGACCAAGGGCGCGGATCGAGCGGCTCCCAGAGAATTCTCTGGGTTGCTAAATGACAAGGGAGACTTCCGAATACTTGAGCGGGCCCCAGAATCGTCCACCCTGGGTGGTATGACGAACGGTGCTGAGGTACTGGGAAGAGCCCCATTGTTGTTGGCAGATGAGTAAAAAGGGTAGGTCAGACAAGCCCGTTACGCAAATAATCGGTAGTGTCGTATTTATTAGTGATTCGGAAAGTAAGGCTGAAAAAGACTAGGGGAAAAGGAAAGAAAAACAGTTAAAGGTCTTTTCCATGGCCTAGACGACGGTTGCCGACTCGATTCAATATCAAGGTAAAAGCACGATAGCATAGTGTAACTAAAACTCTATTCCCAGTTTGTGAAGCCGGAGGCCATATTTTACTATCGGCGTGAAGATATACCCCAAGGCACGCGGTCACAGTCGTATTAAACGCTTGAATACATAGACCTAACGCGAAGCGATTTATCAAAAGACCTCGTTTCTCGTCTGCCACACGATTACGTTATACGTCTTAATGGATTTGAAGTCTTCCGCCGGAGCACGCCTACCTGACGTTCTGAATAATTCCGTGTGTTTGTCCCGCTACCATTACTGAATTTAGCCCCGGCAGTGCCCTATCAAAATTAGGGACTGTCGGCAATATAATCATTGTAAGCCATAATCTTTGCCGGAAGCTCGTGAACCGAAGAAAGCCTGTCCGTCATACTGCCATCTGTTGTAGTCTTGGCTATCTGGAGAACTGTGATACGGCGATAATGGGGGTCGATAGGAGGGCTACGATTCTATAGTACTGCTCGTATCCCAACGCAGGTTAGCTAGAATCGCCCATTTAATCCCCACTCACTCTCTACTCCTCCACCGGAAACA,1011,47.48,Arabidopsis thaliana
SEQ_428255,CTAATCCATATTGGACTATCGCTGTACGCCTGCAGATTATACATGGGAAACAGGTCGGTAACTTTGGTAGTATAATCGTCAAGGCGCCTATAGCGTCGGGACGAACTAAGCCATTGTTGTCAGATCCCTACTTCATACCGTCCGTCGATTCCGATCCGCGAATCATCCTTTCTGATGGGTTCTAAAGTACGTACGTCGTCTGCAGGGAACTCGGCGGCCAGCATAAAGCTGTGCGGACGTGGGGGAGGATACCCTGAGTACTGCTTTCGGTCGAATGCCCTGGTCATTCTCTCAATGTTACTTTGCTGATAATGGTGAACCCTCGCCAAAGATACCCGTTTATCTATTTGATTATTAGGAGAGGGCTGCAGGTTAGATTTTTCTCGGGTCTGTCTGAAGCACTAGATT,408,48.28,Drosophila melanogaster
SEQ_212035,CAGTCTTAGTTGGTATTCCGCGGCGTAATCGTCCTCGTACCGGTAAGTGCAGATCACTATACTCATGCTCGCAGTCGTAGAGGACCGGCATCA,93,52.69,Arabidopsis thaliana
SEQ_977760,AGGTATCCCTGATGGCGGTTGTGGTCATCAACACCCGTGTTAGATTAAAGAGGTGGTTAACTTCCTCCTCCATCATGTTTAACATAGTGTTTCGTACGCGTGCCGATGAGCTGGCAAATAGAGGCGACCTTTATCATTTAGGTCTAAAGAGCATTGAAGTAACGATCTCACTTGACCTGACTGAGGTAAGTAACGCTTCATGCGAGTCTGGTCCGTGGCGGGGCTGTAGAGAGGTTCCGTACGGTACCGTAGCGATTTGAGGGCCTTACTCTTCTCAAACTGATAGAGGAGATGAGATTCGTATAGCGAGGGAGAGTTTTCGTCTATCCCACACACTGACTCCGCGCTTACTTCGATGGCCTAGGCCACAAAGAGGATTTGGGGGCACAAAACAGCCTACGACTTTCCGTGCTTCCAATCTAGGGGAATTTGCGACTTCTTGAATGCTAGCACTATGGGATGAGCAGCAGTTGAACTAAATGCTAGGTGTGAAATGGATAGCTTTGACCAATCATCATGCTATCCGTACGCCCTTTGGCTCAGTGGTGCTAACACGACCCCAAGGGGACGTACTGAGGAGACCCTGGCCGGCGTGGTATTTGCGCCTACAATAGGCGGGAACGTGTTGCGTTCACCGGACAGTATTACTCATGTCCGAGCTAGTAATAAACCTTGCGGTGTAGAGGACGAGTTCACTGGCCCGATAGGAGAAAGGTCCATCCGCCTTGTGTTCTTTACAACGTCGTCATTATATAGATAGTGGTCTATACCCGCGGATCGGGGTGAGAGGGAAGCAATAACTGAATACAACGGATTATCAACGCATAA,828,49.28,Arabidopsis thaliana
SEQ_748760,ACGGGTTGGTTGATTCTCAATTATTCGTAAGAACCGTAACGCGAACCCGGCAGAACATAATCTTCTGTTGATTACGGGGATGGCGACCACCTACACTTTTTGTCCCCGGGCACTGATGCGAGCTCCTACTATAGTGAGTTAGGCAACATTGAGGCAGCGCGGTAGATGAAACCTCAAAGCTTTCTCTGTCTTGAACATGCCCGTCCGGAAACAACTTAAACCTACAGTCGTCGTGCGTTAAACCGCGTTCAGATTAGTCCTCTGACATTTAAGTAAAGCAATATTACGTATAATGGTTGGCAGGTCTATCGGCGATGGGAGGGGGATTTACGTACGGTCCTTGGTGTGATACCGGATCAGTTGTCCGAGCTCGAAGTGGGTTCATATGGCGCGAAGTTCGAGCGCATCGCGTGCAAGGCCGGATTCTGCTTGTTTGTTGAAACTATCCGCGACCTTCCCCGCGATAAGATTCAGCGCGGACAAGAGCCGGCAAATGTGCCTGTGCTACAGTTCTATCACAGGTTCGGATTACAGAAATGAACGCGAAGGATGACAGCTATATTCCGACGAGGATCTTCATGTGAACGAGGCAACCCGACGTGTCAGACTCAGCCGCTATGCACTGCTGTCAATGTAACTAGGAGCGGCTCTTATAGCACGCTGGAGCTCTGTGGTTTCGCACCATTCCGATGCGTGCCTGGGGGGCCCTATCTGCATGCGGGTTGCAATACTCCGGGATTTGCGTGTGCTCTGACAGGATGAAAATAGGGCCTGAGCGACTGCAAAAGTAACCTCTAACAAAAATCTCCGCCACGTTGGAACGCATGACTACTATTTGAGGAACACTCGATAGTTGATCGTCTTTAAAATTTAGTTAATCTACCGGCATGAGGGCTATAGGATAGAAATCAATTGTATGGGCCCTTGTATTCAACGTTTATGATAGACGAACAATCGCATGCGCGAGCATGTAGAAGATAGGTACGAACAAGATTTACCAAGGATCAAAACCATTTGAGTCGGCGATCTCAGCTACAGTATGCGATTGGAGTGGTAATACCTGAGACGCCTTTATGCGTTATCTAGTATTAAGCGCTGGAACACATAAGTACCCGGAATAATTACTTATGCTTCAGTGAATCACTCCCGCTCGCCTAAGAGGGCTCTGATCGATTGTAACATGGCGTTCGTCGTAACCCATCGAGACTCCCGTTGAGAGACAAAATCTTTCAAACCAGCATCGCGATCGAGATTAACTGCCTCTGTAGGACTAAATGAGGTTTCGTGCGTCAGAGCACCCAGGTAACTGCCCTAGTTGCGGTACCGCTGTTGTAGGAATATTATGCACCAATGCGCATCGCCTTTGATCATTCCGCGTTAAACTTACCAACTGGATCGGGTAACATATTGTAAATCCAGGATGCTTTGGGTACACGTCTTATTAGTAAATTCGGATCGGTTTTCAGCCGCGGGCCTACATTATCTATCACATTCCATATAGCTTTATAGGATTCTCGTGAGGTTAGACACTACTTCTGCATTACTGTAGCCAACCGCTAACCCGCCCACGGGGAAGGGCCCTAGGTCACTACGCGCGTGGCGCCAGAAAGGTCCGTCGGTATATATAAGCTCGCTCCGAGCGTTGGTATCAACGTTCGTGCAATACAATTGATGTATCAGACGTAGCTGTATGTTAGAATGTTCATTCCCCGTTAGTACCCTCCTGAGGATTAGATTTGCGATAACTTTCGAGCTCAACCACCCTACAACTCTGTCCATATTGCAGGAGCCGGTAGCAGGGCAGGATACGTTAGTTACACGATGTGCCGGGCGAGCACAGCCATAGGAGGAGGACTATAAAGCTTTTCACCGTCTTGAGCTCCACCGAAACGACGTGCAGAGCGAC,1906,48.64,Homo sapiens
SEQ_641701,TCACTGACGCACCGTCCGATCTATCCCGACATCGGCGGGTAAAGTGTGATGCCGAAGGGTACCTAGGTCTCGCTCTCGCGTGTACATCTGCGAGATCCATCGGGCGCATCTTATACTACTCCTGGATCTTCATCGCTGCATCATGATGGAACTACTCAATAACGCCGTCTCACCTACTTCTCTATGGAAATAACAGGTCGAAACTTTCTCGCTTGGTCATACGCTTCCATCATCATTGGCGACATACAATACTCTGTTGTACGAGACGGCCCAGGTGCCTGAAAACCTTAGGTAAGTGCGTTGAGCGAAAGTAGCACAAGTATTAGTGCTCCGCACGGATGTCGCTTCCGGCCCGTGCATTCGAGAAAAGTGCTGCCCGGACAGGCGCGACCGAGCCGGCAGAGTCGGAACGGGTGAGAGTATGTGCAGTAAAAAGTAGGGAGACGGTGTTAGACCTGGACTGTAATGTCCGCTTTCAGGAATGAGTGTATCACATGTTAGGGTATCCGTTCCACCAGGTGACAAGCCCAAATACACAAGGCCCTTCAGGTAACGAGTCCTCGACCTAGGATTAGGCACTGAATACACTGATCTGACTTGAACTCTATTCGTGATTATCCGTTAGCAGGGATGAGCCCGCCTGGGAACACCTGTGGTTACCTTTACATTGAATTACAGGATTTAAACTGCGGTTCCTGAATTTATGTTTGTGCCCCTATGAGGGAATTAGATACATAACA,740,49.86,Mus musculus
SEQ_676656,ACTTAGCGGGATGGTACAGAACTCCAAGTAACATAGCGAATTGCTTAGTGTTATTCGCGCCAGCGAACATTTTACCTACAGCCGCTGTGTGGGCGCCTGATCGGTTTCTGGAGGGGACAAAGAATAGGTACCTATAGTTGAGACATATGCGATCTCTCGTTTATGGTGTTTCAAAGTGGTTCCCCGGAGTCCAGAGTCTTGTGACTTGAGGCCGGAGCCGGTTACTAAAGTTCTGCGGCTGTGATATCAACTCCATTTGGCCTAACACTTTATTATACGTTTTTTCGCGCTATTACATCGGCTCAGGACGCAAGACATCTGAGGAACGCAGAGGGACTACGCATTAGTTGTTCGTCTAATGTCAAATATTCAACGTACCCATGGGCCGCGAGCTCGGAATGTGATCCACTTCTCCCAATCGGACAGCCTTTAGTGGCACTCAAGAACGGATCTTTATCTTTTAATCTTGTTACTGGAGAACAATTGGATGGAAATATCAGGAACTAGGTCACACGTAATCATGGATAGGATCAACTTATATGGCGCCTAATCGCGTCCACCGCTAACCTTCCCTCCTGATAGCGTATTCTACGTATCTTGCGGTCAGTTGCATTAAGTAGGTTCGTAGAGCCATGCGAACTCACTTGGAGCGGTAATGCTCGTGGTATCGAAATATCATTGCAATCCTTACGACTCGTTGTCGCTACTGTGCCGAGAACAGGGTTGTCGGGTTGTCTTATTTTGGTACTGGATCTAGGTCAGGGATGGAACACGAAAGATATGTACTGAGAGTGCCTTAAGTCATGATCTTTTAGGTGTTGATATTAGGACCCCTGACTTTCACTCATGGCCGATTAATTAACCTAGGTCGAGACTACAAAACCATTGAGGCGCCATACGAAAGGGCTTTCAAACCCATAATACGGATGTGGAACTATGATAACAACAAGAAGCGTATTATGGCCATCCGGATTGGATGCGTCGCCAGGGAACAGGCTCACCTCCAGCTATACGACTGTATCATACACTCTATGGCACAGGGGTGATGGGAAGCATCGACCCTAACCTTCCGCTAACGCAGCCGTAGCTGAGGGTCCGAGCGAAAGTATGCCCCCCGTCTGACCCTCCCAGTTGCTATTCACTAATACGGTGTCAAGCAAACCACTAGCAGACATGGATCTGATGGTCGAGCCGTAAGGTCCGATTGACTACAGATGCTCGTCTTCTGAACACCTTGAGCGCCCGCCGATTGAAAGTGTTCTGGAATCGCGCAGTAGCGTGTATAGTATGCTGGAGCTAAGACGATCCTCAGCAGGAACCCTCCGGTGCGTCAGCCCTTAAGTCGTTAGGGGTAGCCTTCTCTATCTGGATCCTCGTTTCGACCACCTCGTTGTCGAATTCTTCGTAGTAATGCCACAACTGCACGCGCCGGGGCGTCGAGGGGATGCCATCAGACATAGAGGCCGCGACTGGGTCTATAATAGGATACCTTTCTTTGAAAAGAAGTGACGAGTGCTGGATAAGTCCGAAGGTGTAACCCTACCAGTACTTCCTAGGCCACGCCGCATTGCGTCCCTTGACCCTGGGACAATGACTGATCTCTACATATCATGCTATGTTGATGGGAGCGAGGGAGCCTCATGCTTTTAAGGCGGCGTGCTAGATCTGTCCATACGCGACATCGCCCGAAGATATTCAGTATATGTCCGTGTCACTTTAGGCAATTAATTGTTGGTCCCGCGTTTCTCGCATTATATCGTGTCTTGCGTTATGCCAAATTTGTGTTACGTTGGAGAGGGGTTACGGACAAGACCGGA,1817,48.98,Arabidopsis thaliana
SEQ_123910,GGGGCCGTATCGCGATACTGCTTTAGCGGACAACAATCGTTTCCCTACACACTATTAACTGCCAATTTTGCATTCCGCCACCGTTTAATTTGTAGCCAGGGGTAACACATCCGACACAACACCAGTCATGTGGTGAGGTGCGTGACCACCTGCGTAATTAGTTTGACATGGGGCCCCCTTTGACCCTGTTACGTTATGACGCTATGTCGCTGGATGTTGCCTGTCGGAACAATAGCCGATGTCTCAATACCCATTCGACATTTATAATCGCTCGGCCTCTCTACGCGAAACTTCTAAACTGGAGAGTCTCTTTCTTGGAGCTAAATCGATAACACTGACGAATGACCAGTATTGATGCACTTCGTAGTCCTACCACTACTCCAAAACCAATTGATGTCATAGAACTGGCTTAGATTGGTTGCTGGTTTCTGCTTCGATCCCTGAGTGCGGGAACTAGGTTAACGGGTAAGGAACTAGTCACTATTCTCCCCGCGCGCCCCTCACTGACCTCCGCGGGTTGACTTAGGCCCCCCTCC,536,49.81,Caenorhabditis elegans
SEQ_748387,TTTATCATTCATAAGAACTTGCCGTATCTGCCACACTAAAGGACGCCCTATCCTCCAAATGCGTAATACTAAGCGCACTGGCTAACTCTTCTGACGTTCGGCGTAACAACCGGTATACCGGGAAGCTGACCCGAGGCCACTAGCAAGCAGTTCACCGTCCTCGAGGAGCCCTCCCGATAATCAAGATAAGTTACCGCCCCGACGCCGGGATCCGTTAGTATCCTCTCAGAAACTTTCCGCCGACGAGTATCGTACTGTCGGTGTTAGTTCGGCTACA,277,51.99,Arabidopsis thaliana
SEQ_148211,CGACGGTTACTATATATCGCATAGTTTACCCTTGACCAAGGTTGAAGGAAGCATGTCGGTTCGCCCCCCGTGGACTCACCTGATGCAGTATAACCCGTAGTAGTAGCCCGGCCTTCGGTCCAAGCTTGTCAAAAGCAGATCCACATTACAGAACCATCTCCCTCCCTCGAACTAGGCTTTATTTAAGGGGCGGCACAAGCTACGGATTCTCTACTCTCAGCTACTCTTTGTAGATGAAGGAACCGCAATTATTTCTTGCCGATAGTAAGGGCTTGATTAGTGGCTCCCGTTATAGCAGTTTTATTTACCTACGCGGTTGGTTTATTCTCGGATCTTCCTGGCAACCCAGAGTAAGTCTCTACCATGATAAGCCTCAGAGGACTGGGTTTATTGCTCGTTTTTTATTGATCACTTGAAGGCAAAGGGAGTTCCCTACGTAGTAAAGCAGGAAATCACGACCGAAGCGCCATTGTCGAGCCTTGAATCGATAACGCGGATAGGTTCCTCTATCCCACCTGGTCAGTTCCTTAGTAGGAGCTATACGGCACCCGTCGCTACGGACATAAAAGAAAATTATTTGGGTGGCTGGCCTGTCTAACATCTAACTACACTGCAATCTCCCAATACGTAACAACCATTATGGTAGCTTGCGCTTCGCGTAATTCCAGTGAGTAGACTTGACGCGCCAGCCTGACGCATAATAGTGTGCTGGCATTCGAGTTCTACCTTTGCTGGGATCAAAATGAACTTCTACCGGATCCTCAAGTCCGTATAAGTTAAAATACGTAGGTAATCAGGCAGCATGCCGAGTACGTCTTAAGGCCCTGTGGAACTTCCAACCGCACGCAAATAAAAAGCAAGGGGGAGTAGCCGATTAATGCTAGACACACGTATTCGTTGTTAAGCCGGCCCCACGAGGGCTTCGTTGGTATGAGTGTGGTCACAGAGCGAAAGTAGCTGGCGCTGACATTTCAGACCGCAAGCTGCTCCCTAAAAGCATACACTTTGGATTGGAATGAACGGCATCTGAACGGGATATGTATATCGTGGGGCGACGGGGCTTGTAGAAAGGAGCGTAAATCGGAGCTCGATGCGGCAATGATTGTAAATAAGATGGCAGAACAAGAGGTTAATCAGCCAATTTCGCGTCAATACGTTAGACCCTAGAAATAATTTTACGAAACCAA,1187,47.51,Saccharomyces cerevisiae
SEQ_550924,TTTCCTTTGCCTGTCCCAGAGTGGCATGCTTTATTAGAGTCAACCGGCAGGAGCGTGATACACGGACCGGCGCTCACTATGAGCCCGCAGCGATGACATCAAAGAGCTAGCGCGAAAGCGCACCCTC,127,56.69,Escherichia coli
SEQ_893894,TAAGCGGTTCAACATAGTGGCTTTAGCCTCGGGAATGCCCTGACTGGCGCCCCAACTACCTTATGCAGTTGACGCAGTGTGGCCGGCCGTTCCAAAGTTCGCGAGGGACGCCCGGTGTTAGTTTTAGTTCATTCTGTAGCGAGACTATCTGAATGCACCCTGGTTATCAGAGCCGGGCCGTTAGATGTGCTGATTGTGTAGAATCCATCGGCCATAAGCGCAATACTGCCGACGAGGATTGGGGTTGAGGAGCCTTCAAGCCTGTCAACTAGCTTGTCTTTACAGGCCCTCGTCTTAAGTAACCTCTTCGACAGTCAATCGCAGCATCTAATCGGGTCGTCGTACAAACTTGGGCAAGTCTAATCTGGTCAAGCCGTAACAGCGGGCAGATTAGGCTTCACGTTCACGACAATACACTGATGGAAGTGACTTCCATAACTCATAAACGTAACGGATAGCCGCCAATCTACATGACCCGGCTCGTTCTGTTATTCTTTTGATCACGGGTTATGAGCAATAATGTTGTCAGGCGCCAGGAGACTTTCTCCTCCAATTGTCCTCCGCCTGAGCACGATACAATCTCGGAGTCAGTGGAGGCGACATGTAGGCGCTCTATCGCGTCCCTTATTGGACTTGTGTTACCGGTAGCCTGTATACATGGTTTGAGCTTTTCTGTGAACGCTCAGTTCAGGGCGACTCTGCACCTGGAACCACTAAACGCGCACATCATCCTTTAGTAGGAACTGAATGGTAGAGTGAGTGGAAGCGGCAATACTACCCCTGGCTCATGGAGACAGGTTCCCTACCTTATCGCCCGAAACTATAATAGCACCGACGGCAGCCAGGTGTTACTCCCGAAGAGTCGTGGTTTACCCAAGAATTTCCGTGCCTTATCAATACATTTTCGACACGTCCGCAATCCTCGTTTTGGGGAGTGTGTATAGAGCACACCGGTCGCTGACGGATTGGCTCAGATAAATCAACCCATAGGGAGATCGAGAAGGGCCCACCATGGCAATTGCTCTTGCTCCCTTACCACAATATTTGCGATATATCAGCTCGTAGAGGTCTACCACGCCGCCAATAGGCGGTTAACGCCCATATACGTCGTAAAGGTGCAGCAGCCACTTCGCCTCGGCAGACACTATCGCGTAATGATGAGTTCTTTCAGACCCGAGCGAGAAGAGGGCACTCGTAAAGCAATGCAGGGCACGGGCCTCTGGGTCTCTAGCCGCAGCTGCTACGAGCCACACCTCGACAGCTCGTGACGTTTTCGAGCGGGTGGCGTCGACTGGTCTTTCTTGCAGTGGAGGGCCTTTGCTTTGA,1326,52.04,Mus musculus
SEQ_980334,ATCTCGATGAACACGAGGATATTAACCCCGGAAACAGAGCGATCGTAGAGTGGATATCGCAAACCAGCAAGCGCATAAGCGGTCCCAGACGCCGGGAACCGGGTTCATCGAGTAACGGACAATGACATGGGAGAGTTCTGAGAGTATAGAAAACCCAGTATCCTGGGGTCACTAAGTGGGGTGATGGAAAGGCCTTGTTAAGATATGGTATACATATTAGACATTTAGTTATTCGCTCGAGCTAACCAACCAGATGACCGTCAGAGTTTGGCGACTCGAAGGCTTACTAGCTGACATTTTCCTTGTCCGTATGCTGCTAAACCATAGGTCTTGATGGATGTAGGGTTTTGTAATGTTATCGCAACGAATCCGACTGAAGAGACTAACCCAGTCGTTGGAGGGGGCGAATCGACTGTTATGATGCATTAGGGAATTTGCTGATGAGCCGCGCGATCCATCTTCGCGTGAACGCGGAATCGAGAACCTCTGGCAAAGTTCAGCTTGAGAG,508,48.43,Saccharomyces cerevisiae
SEQ_999885,AACTCACCAGATACGACGTGTGCACGGCGCACTGCTCCAACGTGGCCCCTCACCGAGAGTCTACTTAACAATCAGTAGGTCTATACGCGTCAAGGCATTGAACGATGGTCCCGCCCGAGCTACCCGCTTACAGTGGGGCCAACAGGTGCTTTCAAATCCCTACCCGTTGGTCGTCAGAAAGGCGGTCTTCCTGGATAAGGGCAGCGGTCCCAGCCCCGTATGCATGGTCTTGGGCACGTACATCAGCTTTTATGACTCATATACCTTTGGCATTATAACCTCAATGAAAAGTTGATGACTTCCTAAGCTGTTCACTCGTGTATTTATGACCCTTATCTATAAATTTTAGTCGAGGAGACACAAGAAGCATGAAAATGGGGCCGTCCATGAACAAGTGTTCGTCATTAGAGTCTACTGGAAGGCACTACATAGCGTGTCAGGAGACAGCAATCGGGCTTAGCGTTTCCGCGTGCTCTAATTCGCGGATATCTACCTTGCGAATGACTTGTATATATCCAGTTTAACAACGAGTGAGCGATGTGGCAAGCTCGGCAAATCAAAAATTATTAGAATAGTGCTAGATTGTATTCATCCCCGTACTCGACATCTCCCCCGTTTCACCTCGGCTTTCCCGGCCTTATATGGACCTCTTAAGGACATAAAAACAGGTGGCATTTATCTATAATCATTTGTCACAGACGCAGCTCTTGCGTTTAAGCACCCGAGCAAACAGATACCACGGTGAAGACTTACTTAGGCTCGAGGGTGCGTGTACTGGGGAGTCCTGCTTATATAAAAACACTCCCACGGTCGTAGGTCGGCACAGGGCACTTGATGGTACTCGGTTCACTGATAAAACAGACACGGATTGGCGGGTGTTGGACGTCGCAGGAGACGGAGCATTCCGCCGTTCACCATGATATACAAGGCTAGCGAGCACCGGCTGCACTAAAGCCATGCGTCATACCGTCGATAAGAATAGTACTAGAGTAGGTAACAACCCAGGTCAACCTTCGTCACTATTCTTTTTACGGCCTAGCACCATTTCTCGCTCATATAATAGCGCTTAACTTGTACCAGAGAGAGCTGTCCAGACCGTATATCCAGATGGGAGGAATCGGTATCACGAATTATCGGTATTCTGCGGTAGCGTAAAGCATCATCTAGATCCTTAAAAAGCTTTAATAATCGGGCACTAGCGTGCGTTCTAACCGCCAAAGTGCCACGGGGCTAGCGTATGATCCGGTGCATTTAGTCGTAGCCTATAGAAGCAGCTTAGATGCATGCGACGGTCGGGAGGGATATGTACTCCTACCCGTAATCAAGCGGCCATGATAACGCATTTAGCCAAATGGTGGTCTCACTTTACGCAGGGACTTAACGGCCCGCGTTGATAGTTTTATTGAACCCCAAGTATCAGACTAGAAAGGCACACTAACTTTCATTTAACGTCACTAGCCTGCAGATATAGTAGCACATGGCAAGAAGCCTTATAACCGCGACCAACGTAGATCGGATGCCGTCATTTCGGCGCCGGTATATGTCTAGCATCCACGCGTGATATTCGATCATGACACGATATCTCAGATTTTGGAGGGGCGGCATCAAAACGATTGCCCGTGAAGAGACCCCCCGGTCCCAAGTCCTATTGCGCCCAGTTATGCCTAGTATGCGTACTGCTGCAGCGTTTGCCCTCCGCCCCCTCCAAATGATGACAGTACCCGATTTAGCATCCTGTTGAAATCGATGGTCAACAGGTTGGCCTGGTAGAGGATCAGGTGATGCGTAATGTTATTGTTACATTTAAACTCTCGATAGTGAAATCT,1826,48.58,Mus musculus
SEQ_277345,TTCAGACATTGGAAGTGAAAATAATAAAACACCTCCACACACGAATTCTTTCTCGAGTAGCGTTGCCACAGGCCTCTAATTTGGTAAGTTCGCAAGCGTTCGCAATGTAGAATCCATATTTAACTCCTTCCGGGAAGGTTGTATTGCCTTTATAAAACCCCGCGCGCGTCTAGCGGACACCGCGGTGAGTTACACGGATTTACCCTCAGGAACATACCTTGTCCACGTCATGGAGACGCCAGTAATTACTCATTGAATATCGTGAGAGACACATCTATAAGTATACGAATCTACGATACTAAGTCTTAAAGATCCTGCGTGTGGATCTGCACTATTCCACGACAGACGGTGGACAGTCTAGAGTCGGACTAACATCATCAACATTCCTCACCCAAGGTCTACACTCGAATCCTCGAGATCCGTAATCAGACCCTACGGATCCGGATTCTATTTCATACGTCAAGCTCTGAGTATCGTAGTTGCTGGAGTGGCTGGGGCTTTTGTTGCTTGGCGAACGCGCTGTCCACTACGACCTCAAACCAGGTACTCATGTTGGTCGGGATGGCATGGTAATGTCGAAGTAGCGATTAACAGCTATACTGTTAATGAAAGTATCAGACTTGTTCCCGGGGGTCCGGTGGGAGCTCAACGTGAGCCCTTATAAGTTCTTTTGAAATGATTGTCCGTGGGAACCCTTACGCCTTTCCAGCGTGCGCCTTTAGAGAGAGGGTTTGTAGACGTACCTGGTGCATGCAGACTAAGTACTTCTCGCAATGTTCTCCGACGGTTAAATTATGCGGACCGTCTTTGATGGGGTGCAATGGTTAACTATGCAACACGCGTTTAGACTTTACAGGGTTA,861,47.15,Mus musculus
SEQ_360669,GAGCACTACCTCCATTGCTTAGGTTAGGCACATAGCCAAGAATCGAACGAAATGGTGGAACAAGATCGATTGCTCGGAATTCCGCATAAGTATGGCGGAAAAACCGTCGTCCACTACTTGCAGTCTAGACGCACCTTGGCCGTTTCTCAATTACAGGGGGCCATCACTGAGGGGATTTCGTCTGCTAGTGTAGCCGTCCGGCGTGTCCCTCATCCAATCAGGTCGATGGTGGAGTCTAGTTGATAGCTGATAGACCAGGGAGGGCCCAGGCAAAGCCTGTCCATCCGGCTGCTGAAACGCATAATAGCCTTTTCGTAGGTTGGGAACCTTACAGGCACCAACTGAAAGGGCCTAGCAAGTACGTAGGCTACTATAGATACCTACTTTCCTAATATAGATACCACTTCCTAAAAGGCTAGGATTACGGGGGTATACCCTGTCGGGACACCTCGCATGCTATTTTATAGTCTATAAACAGTGTTGTGCGGTAGTATGGGCCCCGATGACCTTTCCGCCGATTTATATGACAAGTTGCCTCTCAGTTCGATACCCAATAAGCCAACACTTGAATGGCCCGGGACACTACGCGGCTTGGTCTGTCACCCTCGGCCTTGCGCCGTCCGCGGCCTTGCCGTAGTTGATTTGTAGGAGCCAAATTACGCCCTCGTCTGACGCCAGGTACACTTTTCTACTTGACCGAGAGACCCCACCTGCTCGAGTGGCGTACGAATCAAGCCGGAAGGTGCGACCGGTGCTGTGTGCACGGCTAACGGGTCGAACCAGCCTACCCGTTATCGGACAAAACCTATCATAATGCACGGATATCAGCCGTGTGCCTCGACGTCAATAACCCTGGATCCCTTCCCAACTCCGGTACGCTCCCATGCCAACCACTGGTCTCCCATCACCAACGAGCTCTCTATCAGTGGCATTTATTCTCGTTACAGCAGAGCTCAGCATCAAGTCCCAGTTAATGCTCAGATCAGCGTCGGAATCTCGGCATAGCTCATCAATAGCATATTACTGACTCGCCAGCTGCGGTCAAAGATAAGGATCACGAAATCGTCCCTTGACCTGTTCCGGTGTTGACCAGAAGGTCCATGGGGCTTTGGCCGAGCATCCTCTCATACTATCTTCTGGACCATATGAGGCATTTCAGTGGCGAGTTAACCTAAGATACCGTTTGAGATCCCCATCAACAGCCTGAATAATCTCCCCGAGATTTGTTGCGGATATACGCTACGGGAGTATCCACCCAAGCCTGAGGCGAGTCAAGAGCTATCATTGAGCGTTCTAGTTTAACTTCTAATCTCGTGTATTACAACACGACCATATCTAGCCAAAAGGCACGCCGTAAGAGCAGGCGGGCAGAAAGTTCACCCGATAGTTTGACAGAGGAATACTTATAGCTCATCAACGAGCGCCGAGCGATACTACCTCTGCATCTAGCTCTAGCAGAGGTGGGTCTAACGGGTGATAGTCGCTAATCCGGCTCTCTCCCCTAGAAACGGTCGCGACGAAGCCTCAATGCGGAATCGGTGAACACTCAGCTTAGCCCCGTCAACGCAAAAGGAACAGAAGCCCGGGTCGCGTGGCACGAGCAGGCGGCGTCCTGGTAAGAGATTTTGCTGCACAGGGTAGAAAACAGCTCTTAACCAGAGCGTTCTTAACAGTAGCCGTGATCCGGGTCCCCTTTCACCCTTGCCAGAATCTCGCCATGGGCGAGCACCCCTTAGACAACGGCTAGCTCCCTTTCTGGCACCGATAGTGCATGTCTAAGGTGCCTTGGACTCTTATCCATCAATCTAGGCGGGATGAAGGGAAATCCTGTACTCTATCGGGCACGCCTCGACTGAGACATCAGCCCGACCAGTCTAACAATATAAGATAGAAGAGTCACTCGCGAGTATGGGAAGGTCG,1920,52.08,Caenorhabditis elegans
SEQ_211709,TTACAATCTCTTATATTTGCGTGTTCAAAGAAAAGCCTCATTATGACGGAGTCCTTCCATCTGGTTACCTTCAGGACATCTACAAATCGTGATACTCCCTTAGAACTCTGGGGCATACGGACTCCGTAGCCGGTGCCATCGTCATCCCCTTTGAGGGAATACACCGAGTACAGTTAGGAGGTCCCGTCCAGCTTGCGGTACAATGCCAACAGCGCCCGTTTACAGAAATAAGTCCGTGGTTTACATGACGACTCGACTGCACGAACAATTGCGACGTGTTCCGTTGCCGCTAACGCCGAAGGGAAGCGTGTTCGTCGCCCTATGCTTCACATGGTTTTATCGGTAATGGTCGGTCACGTACTGTAACTAAGATGCACGCCCAATGTGGTACTCCGGCAAGTAAGGGGACAGCACAAACTTGAAGTATCGCTTCGTTATATCCGGGCTGACGGTCCTTTCACCTTCGGGAACTAGGTCCGCGTTAACCTAG,490,50.41,Arabidopsis thaliana
SEQ_413407,TCCGCTGTATTGGGGATTACCCGGTTGGCGTAATGGCGAAACCGTCCGGCGGTATGCTCAGGGTCGTCATACCCATTAGGTGACGGTTTGTGTTCTAGAAGCTTAGGCGCGTGCCTTCAACTCGTAGCCGCCCCCAGAGATCAGCAATCGTAAATACACTGGACTAGGGACCTCAGTTAAGTGCTACTCTCGCAATGCGATCCTCGGTGTGGCGCGATGGCGTGTTCAACACGGCAGCCGCAGACTTCTTCGTGACCGAATGTGGGCTACTCGTCCAATTATGTGTAATTCCTTGTTACTTGCCAATCTGGGGGCAGAGATGCGACCTTGACTTAGTACCTTAGTCCATTAGAGGGAAGCTAGAACCGGCCGGTTGTCAAAGCCACATTTGGATGGGTCCTATACTTACAAGACTTCGCCAGAGGCGGCTAATCCCGCTGCGTGCGAGTATCCCATGAGCTTTAAGTTCGGAGCCGGTCGAAATTTGGAATGAAAGGCACCCAGGTACAATCCGCATTGATATAATCTGGGCCCGCGAGGGAGGCAACTTAAATAAAGGCCCTATACTACGCGAGACAGAGTTCGGCAGAGTTCCCAAGCTGCAGGTGGCGATCGTGGACAGGTACGCCACCTCGTAGGAAGATCGACTAGCTAAATACGGGTAAATAAACCTTCATTGGTTCTTGCTGAATCAAATCACGGTCCTCATGTCGTGGCCAGCCTGGGCCAGTGCCGCTGGGGGGAATTTTGGGAAGCGAAAATGTGCTCATTTCGTCGCCAATAGTGATCTACGTTGTCATCAACATATCTGTCGATTCTTTCAGTAGAGGGCAGCGGGCTTGCCTACACTTTGACCCCAGAGCGGATGTTCGGATTCGGAACCAGCAGTGAACCCTGTGAGGTTATTTTATCGATCCTGTCACCGCGCATCTCGTAGCTGCGCCAATAGACAAAGGGTCTAAGAGATCCTGGTAAGATCGTAAGTGTTTACGCCGAATCGGACGATGTGAGCAAATTAGTACCCCCCCACCAGCCGGATGATGCTTCAACTGGCTATCTGATCCAGTTTTACAGACGCAGGATCCGTTCAGGACAACTCTAATTTGTGATTTCTTGTGGGCAGGTTACGGGTAGTGAAGCACGACGTTATCACCCGCCTCTACTTTTCTGCGTTGCGGGCGCGTCCTCAGAAAGTAAGATATTGGTGCAAATACCTGGCGAATCTTCTCGTACAAAGTGCTGGACCTGAACCATACAACGTTCTACGTGGAGACCCGGCACAAGGATGCCGCATACAAATTCGCAAAGTACTCGACTCACATAGTCCGGCACTATTGATGTCCGGAAAAGCGTGGTACAGTATGTACTTGCTATGGCTTCGAGAATCTCTATCTGCCGCAATCAGCTTCCTCACCAACACGACAGGCTAAGGATAGGGATCTACAACCAGTCGAGTCCATCTAAACTTGCGTAGCC,1476,51.22,Caenorhabditis elegans
SEQ_631378,AACCACCTGGGGTTTCTTTGCACTACAAGTACATCTTTTTTGATACTGCCTGGTGAATTTACGTAGTGCACACGTTATCAATAAACCGTCTGTGACGCGGCACGCCTGATCTCCCACCCAATAGGATGCTTAACGCGTAGCAACTCTTGTATGCTAATGTTCTACCAAGGCTGTTGACGAGGTTCTGTTAAGCAAAACACGGGACCGCGCATGCGATCAAGGGTCGGCATCGAGGGTCACTCTTGGTTGATGAGAACGGCCGCTACTGGCCGGCTTGTCTCCCCGACGCCGTAGAACCTGACAAGTCCGCCGCTCCTATAACCTAGAAAGCGACACACAAATGAATTAATCGCCGGTCTTGACGTAAGCAATTCCTATGCCTAGCTCGACTCCCTTCACTGAGCTGCAGTGTCAGCTACCGAACCTGATATCGTGCAACGACGTAGGGCAGGTTGCTAGACGTAAGCATGATGTCATATGTGCCTAATTCTGAATCATAGATATAGAATGCTCTCTGTATCCTATTTCCCCTGACGATCGATTCTAATGTATTCATGCGACCAAGACTACTAGAATGTGTCTCAGTCTTTGCCGTCACTGCAGCGGCCCGGGATATGTGAACAACTAACAGGCGGCCTTGGGTGACTTTACAGGTCATCTGTGAGTTAATTGATTTAACTTTTAAGAACAGGAGTGCTTAGCCCCTCATCCTGAGCTCACACTCCAAAGTCAGAAGCATCCACCGTGGAGATCACCGCTTTGACGGAATCGACACGCGCAGATCTGACAGTTAGCGAGGCTCCATCCCTGATAAACATACAGCTGCGGTGCCAATTGTGACTAGAGTCAAGCCCAGGGCAATCCGCCGGCTTGGCCCCTTATCCGCAGAATAGAACGTGGCGCCAGCATATGACATTCGCCACAAAACGGATTTAAGTATAACACGTCAATGGCTTAAGCGTAGTTCCCTATCCGACTACATTTATCAACGATATTCCAAGTTTGCCGTTCTGGCAGCAGATCGCACCTCAGGGGGGCTCCTGGGCTGTGTTATTACTCACCAGTATGAGCCGGATCGCCTTTCCAACGCATACTTTAACTCCGCGTAAACAAGTCGCCCGAGGGTCGCCATGCCGTCATCAGTCAAGAGGATAGTCATGGTACACTCCGTACTCATTCGTTCTTGAACTTATGAAGATCATAGACGCCAAGGCACGATGAGCGAGGAACGCTAGCATAAAATTGCGGGCATTGCACTGGGTGCTGTTCTAAGCCTCCAGTCC,1283,49.96,Saccharomyces cerevisiae
SEQ_339974,GCGTACTCCCCCGCTTAAGTGATAAGTATTTGATATGTAGAAGATGTACCGTTTCCCAGCAATTGAAAACCTTGCCGTGATCTAGTCTCCAAATCATCCGGTGAGTTCCCGCATGGTTTCATCTTCTAATCAGCTTAAAAGGCAGGAGTAAGGGACACATTTAGCCATTTCTATCGGAAACTAGACATCAGAAGGTAGGCAAGAGTCCCTTGGCGTACTTGTCCGGTTAGCCGTGTATTTCTTGGGATGACGGTGTTGTGTCCACGCGGTTCTAGTGGGCAGAGTACCTCTCCGTAACTTCTCGAGTAGACAGATGGGTCTTCTAGGAAGCTGGGAAGCCTATCGACAACATATCACAGGGACACAAATAATATACTACGAGGTTGGACGCTTAGCGTCAACCCGCAAGACGAGATACGGGCAAACTACCAGTCAAGCCAACTCCGCGTTACCAGGAACCACTCGCCTACTTCTAATCCACCCCTTGAGATATGCCATCCGCTCTGGACGTTACTGTGGCTTGGGATACAGCCATAGCATGTGCTGGATTGGAGTTCCCAGATAAACGGCGGTGCTCCCCGAGGTTGCTGTCACAACACGGGTTCGCAGCCAATAACTGTCGGCTGTTTTACCTACTCGCTTAGTCATTGAGTTAATTTTAAAAGGCCGTCTGCCGTATTACCCCATAGGGTTAACCTTCTAATACCACTGCCCCTTCGGCAAAGTTATACGGGCAACGTACTCATGGATACT,753,48.87,Escherichia coli
SEQ_981286,TTTTGACAAAGTCATACCCACCCGGCCTAGGAACCATGTAAACTATGTCTTCCTGCGGACATTGACGAGCAAGATCGGACCGTTACTTGGAAATTGCCGGAAGTGCCGTACTTCTTATGTCGCACTCCCCCGCTAGTGCCTTTTTACAGGCACACAGCGGGTGCACGCCCGCACGTACCACACGTTAAAATCGGCGGGACTTCCCTCCCCGGGACGGGCAATAGAGGCCATCTTAAAGCTGCGCACATTCCTGCACCATTGGAGGGGGCTGTTGCTGATAAGTACAAATTGGGGAATCTAGATCATGTAATAACTGCCATCGCTTGGATGTCAGCGCCAAGGCCTTATTCCTGAGGGGCAGTGCTATATCCTACGGCTTGTGGCGCTCTAGTCCCCCCTAAGAGCTATGCTGATCACTAGCATGGATGCACAGAGATATGCGGGGCTGATCTCTCGGTTATTAAGTATAGGGTTATGTGAATAAACACCGTTAACTGATCTGACCGATGAACTGGAATAAAAGCACAGAGGGCTGAGACAAATAACACACTTAATAATTAGCGTCACGTTCGGGTGGCTCCGTTATGAGGATAGCCTAAAACTGCGACTCAAAAGGTATGCACTAGCAGTACTGGGCATGTTTAACTTTGGCAAATAGAGGCTTTCGCTCATCCCGTTTGAAGGAGGGGGAAAACTACCGTAATTGTCTGCAACGAGTCAGCACTACAACTAGCCAGGGCCGAAAATTTATTGGTCGGCCGGCATTACTGGTGGCAACCTGCATGCCTGGCGGCGCTCTAGAACACTTAGTAGGATAGCCTCCTGCCGAGTCTTGAGCCTTTTAACTTGAAGTAAAGTCCCCGTGAAGGACCTTATTTTACGCCTCATTTCGGGGCCAGGTCGGCCTCCGATATGCCGCAGCACTGCACATATCGATTCGCAAAGGCTTATGGCAGACACAGAACCGGACGGCATGGGAATTTGGGTGATACCTGAGCATAAATTTAGGAACGGACCGCAAAGAGAGTCGCGTGTCGGGATGTCTACTCGCTGGGGCCGTTATAATGTCA,1070,50.65,Saccharomyces cerevisiae
SEQ_635888,AATACTACCCACTCCTCAGTTGGAAGTGGTAAACGGTATCTATCTCAAATACTCCGGTTTTTCAACACGCTTGGAGTGTTGCCAGCTGTAAAGAGCTGTGTTGCGACCCCTGGCTAGTTCCATAGGCGTTCACGTGCGAATAACACCTTCTGCGATTATCTTCGTGTCTTCGGGTGAGACTGTCCTTGTTTTCGCACGTGTACACCTGTTATGACCTCGTTAATTTGAGGGTCCAATAAAGGACAATAATCCCTGACCTACGCGTCGTTGTAATGTGCTTTTACGCACTATGAAACGCTTTACATAGATCTAGCCGTTAACCACCTCTCCGAATCGTAGGCCCTACTTAGCCTTTGATACAATCGCCGAGCCTACCGTAGCCCTCCGTTACGCACAGGATCTCTGCTGCTGTCGCCCGGATGGCCGTAACCTGACAGCTTGCAGGAACTACCATAATGGTAGTCGTCCCTCGTTGATTTCATTAACGACCGGTAACCCGCCCTTAAACCCGTGTTGGTAAAGTGCGATTTACCATTTTAAGCTTAATGAAGCTGCTGAACTCAAGGTCTCTGGCGGGGAGTGCACTATTAATCAGGGGTGTGAATAATCAGCTAAGTTAGGTCCGCATGTAGCACCAGGAACAATGCACGATGAAATGAACCGGAACCATAACCCTACCTAACCTACGGCTCCCGCTTACGGATACGCAGTGTGGGTAAAATGATACGCAGGACATGACTAATTGAGCACGGGAGTCATGCGTAGATCGCTCGTTCCCGTCATGGCCTTTGGTCGGTGGTATTATTTTATCCATTGTAGTGGCTGTATACTGACTGTCCCCTACCATTATCTCTAAAAAATAATAGATCGTAGTGCCGAATCTTATGGTAGTAAATCATCGGTACACGCGGGCTTGTAGGTGTCGCTTAGCTAGACGCCACAAGTGTTGCCTCAAAGACACCGGCTCTTGTCTGATCTCGTGGCAGGCCGAGACCGGCAGCTCCCTTAGGGTCATATTCCTTATCATCTTGAAGATCTATGTAAGACTCAGACGCGGAGCCCTTCCTGACAGGCCCATTCTATCAACGCATGTAATTCACTCTACTTGTACCGGGCCCCGGCAATGACTTAGGCGAAGGCAGCCTGTCCATGGTCTTCCAGCGCCGGGTCTGGGTAGTACCTATGGGCTGCAAAACTAAACGGCCACAGGACAGGAATCCTACAGGTGAGACGCTTTCCCGATGTATAACCGGACAGTACAGGGCATAGATCGAGAGTTGTTAGATTTGGAGATTACAACCTTGGGTTATAAAACTCTTTACGGCTACAGGTGTCCTCTCCGTTCTATTGACGGCGACCCCTACCTTGGACCTTGCTCTCAACTCGTCACGTATAGTAGGGTGGACGCTACTATCATTATACCGCAGATGGATTGCACGCTTAGCATATACAGGCGTTACTATGTATCAACTACGGTCACTACGGCAACACACGTGCATATTAAGAGTTAGACAGATTGCACTCTGAAACCACCGAGGCAAGCAGTACCCTAATGGTCGCTGGCCTATAAACCTAGCCTATTATAAGCAATGGGACGTTACGTCGACCCAAATTCGGGACTTACGATGCTCGACTATTAACGACGGGACTACGTCACCTGGTTGGCATGGACCGGTGATTCAAATCTACAGTAAGGTATCGCCCTTAATCAGGACTGTCTATCCTAGGAGTGGTGCAACAGAAAGCTATCTGGGTGTTGCCGATAGTC,1768,48.87,Caenorhabditis elegans
SEQ_153857,TAACGAATCCCCAAAGGCTTCATACACCAGCCTGCAATGGATGCTAATGCCAATCCAGAGGTCCACTCGACGCTTCACAGCATATGATGCAGTGAATAATAAGTGACAATTACCTGCGTAAGAGGGCCGCGTGGTATGTACAGTCACAAGAAGGGGGTAAACTCGCCACCAGTAAAAGTTATCCCGTCAACTAGTAGCGGTGGATGTGGTAGGATTGCCTGACCAACCGCGCATAGGCCAAAAATAACCCTCCCGTCTGCTCCTCAGAGAGGCTTAGACACGACAAGGATTATTGACAACATTCTGTACGACACCAAACTCCCGGAATTAATGACGGTCTTTCTTACCTGGTTTCTCTC,359,48.47,Drosophila melanogaster
SEQ_436959,CGGAAGCAGACACTAAGTCAAATCCGATCAATTCATAGAGGGCGACGACATCACAGTCTATTCCAAGGGTTCCCCTGGATGTCTCTGGGGTGATACTCGGTAATAACCGACCCAGTCACTGAGTCCCTCGATCGAGCCTGCCCTATCGTAAAATATATGCGGGAGCGCCTATGGAAAAGACAATCGCATGGTACCAGGTTCACCACCGAGACCGTTCATAAGGCTCACACCTGTACCATTTCTCCTCGGCGTCTTCAAGTAGGACTGACCGTCCAGCTTGATTGAGACGTAGGCAGCTCAAATGCAGTTCAGACTGCGCGGTTTCGAAGGCGGATCCCCCAAGTGCCTTCTCATTTGGCCTGACGACAATATAGATTTCAGCTGATTCCCATCTGGCCGATGGTCGCCCTTGATCATCGTGTGTCGCCCAACTTCGACCGAGTGGAGGTAAAGCTTTTTCGGCCATTCGTGGTTAACATCTGGTAACGATCTGTTCGTTAAGTCAACCAGACAAAACTGCTAGAGAAAATAAGTTTTTATCTGGAATTGTGGTGTATTGTCACCTCCGTTACGGAGAGCACGAGGTAGGATGTTGACGACGTATAGTCATGGGTTCGATCAACAAACTCAGAATATTCTCGTTTGCCCTGGCCGCTCGCCGTAATGGGGCATCGACGGCAGCATGTGCTTCGATACCATCTAACGTTGCGCCAAACTCGGGGTGGAACTGTGGTAATTAGCGAGTACACTAGTCACGGTGCCTACTCCACTAAAGACCAAATAATACCCCGCATGTGGGGGGAAGTTTCTTTGCGTAACAGGTGTAACGGCGATCACGTGAAACTTACCGGCCAACCTGCACCCTTTCGATCTGAAATACGCTCCAGAAGATCGGTCTTGTAGCGGCGTTGGGACCCAGACGACGAACGTGGAGCATAATGGGAGTGCCGAACCTCCTATACGGGAGCATTGAGTCTCATGAACCTGTTAATACTTGCCGCAGTGTCTTAATATCCCAGATGTGAGGCGGAAGTGGTAATCCTGCGACAACTTAACGACTGCGCAATAGCTAAGGGTGTGATCCTTCGCCCGGTCAGCCGCAGTTAAAACCGCGAATTTGCCATTATGAGATGGCACACACCGAACGGTTTGTTACACCTGCTTCCCAAGCGTGCTAGCGCATAATATATTTCCGGGACCGAGAATCGAGAATGCTAGCTAGTGTCGATTAGAACCGAGTCGATCAATGGTAGACACGTCATGTGGCCTGATGTCTCGTTGCGCAACGGGTAACGACCGGTTCCAGTATTACCATTGAAACAGGAAGTCCACTAAGAAATTACCGTCTACTAATTCCCTTCACTAACGTCCGGCTCACCGGTTGAGGAGGTGGTTCGGACCCTTGCACATCCTTCAATAACATATCTGTCTGTATCTTGGTCTTGCTGAAACTAGGACTTAAGAGGGCATGGGGGTTATGCGGCACGCAAATCCGCCATTTGGGTCTCATCCGATCTTCAGAAACAAGTGGTATAAATCTTAAACCGACACCGACCTGGACGCTCCTCGAATCCCCAACGTGATCCAAGACTGGATGTGCTTCTGGGTGGCATGTTCGACTGAGTGGCTGCCATCCATCAGTATATGCAGCTGACGGACTGTTGGTAGGCTCAGTACTTCATTATGGATGGGTCTCGGATCCAATTGAAAAGTATGTATATATGGAGGGAGGAGGCAAATACGGGAAATCTTACAACGAGGCTTTCCATAAAAGGTGTGGTACAAGGGTTGTCGGTCTGAGTAAGGGTTAGGCTGCGTCCTCCCGAGACAGCTCCGGATGTCCCCAAAAGCACACCTAACCCTGCTTCCCCTCACAAAGCTTCTCAGAGCGTTTGCGGTCATGATGAAAAATGACGAACCGTTTAGTCAGATTTCAACTTGCCACTAGTTGGGCCCCTACATAAGGCATCATAAGACCCTGGGGAGATGCGACCA,1995,50.13,Saccharomyces cerevisiae
SEQ_491845,CTTAGCATCCCAATCCTGAGTACACAGACAACATGGTGCACTGTAACAGGGACCCTTCAAGTATAGGCGGCAAGTGCTTGTCGGTTCCTCAATTTGGGTGGCAGGACCATTTTGGTTGTAGTGGACCCACTCGGGTTGGGTCATACGCGGATGATATCGCAGTAACATGCCTCTGGCCCCCTCCGAAGAGGTGGTCTTAACGAAAGGATTGCGAGGAAGAGGTAGCGTAATTCGCCTCGGTGATGTCGTTGGTCAAAACGTTAGAGTGTCCAGTTTTAAAAGAGGAGCGGCTCATCCGGCGGTGGTCACAGGTACAGGGCGATCGCGCGTCCACGCCCGCGACAAGACCGGACCCTATGTCGCCTAAAACATTGCTCGGTGTTAGGACCCTGGCCAATTTTTACAACTCTGCTGTGTTATGGAAGTCTAACTTGCGCTCTATCAAAACCTTAACGTAAACTAACATATAGGGAATGAATATGAATTAGCCCGCGGTGAATACATGAACTCATATATGCACAAGACACCTTGAGTTGGTTCTTACTTTGCGTGTTATTGTGTGTGCCTAGGGGGAGATACGAGCCGGACTGCGACATCTGTATCTCTGCTAGCCGAGCCTAAGGGAAACTTTGTAACTTCGTTGACAGTGGGTTGTCACCTGAAAACTATTGTATTGGGGTAAACATAACAATTTTTTATGCCACCCAAGGAATAACAAAAGTAACAGCTATCAGAAGGACGCCACGCATGCTACAGTCCAAAATGAAAGCAACGCTGGCCTTTGCCATCCAAAGTATTGGGTAAAAGAATAATAGGTAAGAGGTCTCAGTGAGTCGGCCTCGTGTTTTCCCACTGGCCGCTAATCCTGGGAGTCCACTCGCTGTGGCCAAAACGGGGGAACTACCACGTTTTGGCGGGGACTATGGCCATACCACGATGACGAAAAATTTTAGTAAAAAGTGGCACGGACGGCGTACTTCTCGGCCCAACCCCGCGCTAAACCAATGCTTCCCGTTAATCCCCTGTCGTAGGACCGGCTGACAATTCTAGGGGTAACAAGCCGTTGGATATAACTGCAATAAGCGTAGGCCCGGTGCTTACAGCGGGGAGATAGCTACGAAATAAATAGGGTACGCAAGAGTTCCTACAAATTCACCTGCGCGCGGTCCTCGCTCAAACGGGTCCTGCAATAATAATTCGAAGGTACCGTATCGATGGAGAGTGGTTAAAGGAACACCGAGAGTTCATTATCGGTATGCCAGGACGATAGTTACCACCTTGGCTTGGACGGAACACGCCGAACCTAGGAATGGCCACCGCGTTGTACGCCTTGCCAGCCTGATATAGTAGCGACAAGTTGCCAGAATGCTAGGTAATAGGGGTAGCAAACCACACAAAAGGGTGGGCCTAATGACGGTTTCCCCTCCCCTTAATATGTCGACGAATCTA,1449,49.69,Drosophila melanogaster
SEQ_893972,GATGCCGCAAGGCACCGCTGGTTGGACGGTTTCCATGAACCATGTACGATCAGTCTGTAGAAAGTTGCCTGGGAGCACGGTCGCCTTAAGTCCCCAAATCCGTAAGCGGGTTAGAGTATGGTAGTGTGACGCCGTAGAAGTCCAGGCCTGTGGAGCAGGTCTTTTAAATGTCTCGGGACTTCGCAAATTGCATGGTCGTAGTGGTTGGCTCTCCAGGGGGCGTCTGCGCTGAAAATTGTTGGCAAACGACCCCTCACTGTACTCTTACCAAGATTTTAGTATGACCAACTCGACTAACGCAGAATTAACCCTAACACAGGGCTTTATTGGCGGTTTTCTCTCACTCCTCTGGCGAGTTAAATGGACTTCATCCCAGGGAATCTGCCTTCTTGTGTGCACGATCCTCACTTGGGGAGCTCGATGGTACAGCATAAGCCGATGGGCCTTCGGAAGCTCTCTAATTAGAACGCCTACTTCATCTAAAAAACAAGGTCTACGCCGATAGGTCTGGCTTCGTATACCCAAGCCTGCGCAAGTTCAGCGGAAACTTAACATTCACTGTGGCGACGTATCATACGCCAGTTCATAGAACAAGGATACGGGAGATCTCTTACATATGTATCGTACTACAGTTAAACTTCAGTCACATTTCCCAGCTGGTACCGTTCCATGCCCCTTACGGGTCTGTCTACCAGGGTTCCGGATGAGTTTGCAGACGTAGTGACGTTAACCTGAATAACTACACTCACCACAGCGGACGCTCGGCATTTATAAATGGGGTGTGGAACGCGACCAAGTTCACAACTGAGGGTACATCATGATAATGTCGAAGCAACACCGCGTGGAACGCTTCACCCATTCATTTTAGGGGTAGTATGCATCCGTGAAGCTGGAGAGGAACTAATTGTTAGTAAGATTATAGAACATATTATAGTGAAGCACGTTTTTACGAGCCGAAATACTTGTGAGTATACTGTTGAAAGTCGTCTCACGAAAGGTTGCTATTAGCCGTTACACGAGTCCACGCGTGGATCGCCTTCCGGAGATCTAGAAACATCGTCGGCGGCATTTACAGGATACTACGACCATGGTTGTGAGTATGAATCGACACACCATAGTAAGGTCGGGCTGTTAAGTTGAGCAAGACGTTGTTGTGAGTCTGAGACCTTGCCGGTACCCTGTGAACACATGAGTGACTAGGGACTCTGGTCAGGGAGGCGTCGCTCGCAGTGACCCGGCCTCGCTCGGCTGATTGGAAGCATGACCCACATTGTCGACGATGTTTTTAAGCTTCTGACCCGTGTTGCAACCTATTGGGACTTCGCGTACACACCTGCGGACTCACTAATTTATGGTCTAATATACGCAAATAGCCGTTCGTACATCGCATTATACCCATCCAAGCACAACCACCCCAAGTTTAATTCCTACTTAATGCCTCCTCCGTCAGTTGAGGTTCAGGGGCAGGCTACAAACTGGGTGGAGTACAAAAATGACTTTTGTGGGCGCCCCTCCGGTAACTGATTAACGTTATCCGCCACTCTGGGCGTAGTCACGCACGTACAGAAACAAGGATTCCGTTACAAACGTTGCCCAAGTAACATTCGTTGGTAGGGCCAGGTATTGATCGACCAAACCCAACTCGTGGTAGCACTAGAATTTCTTAAACGGCGAATCTGTGCAGTGCGGGAGGCTTAAGCTGTCCCCGAACTCCTAGCCATAACTCCTGTCAATGGAGGACCATCGCGCCCGCGAGTTGGTATATGCATTGGTATAACCGTAAGCGCTAGATGCAAGAATAGGTGCATCTCCGCGCCTCAGGGGGGCCACGTTTTCATGACTCTAGTGACAGCTAATACAGACATTCGGTTATCTCAAGGAACATCATCGACCTAAGACGCATTTCTCCGCCTCAGGACTCCCTCTCTCGTACCCTGTGGTGTGAGAAAAG,1951,49.56,Arabidopsis thaliana
SEQ_444034,CCCCGGCGCGGGAGACTTATCAGGGCTATCGATGCTCGGAGGAAGGCCGTTCCAGCCATTATTGGACTGTGAGGATACTTTAGGTTCCTATTCGGAGCCGCTGAGCCTTCCGCGAATGCGAGTGAATAGTCCCGTGTCTTCCTATATCAGTTTGAAACCTCTTCGCTGACGAGACTGTTTGAGCTTAACAGACCGGCTTATCCTTCCCTCGATACGAGCGGCTGACATTTAGCTGCAGGGCCTCAACCCTGGTTACAGTGTCGTGGCTCAAATCGTTATGAAATCAGGCAGTATAATGGTTCAAATTTCGGAAGCAGCTGACCAACAGCATCATAAGAGGTTGGGAACTGTACTGTACCAAATGCAAGCCCGACATCCAGGCCCACGGACAAGTCCACCCGGAGCAAGTGTGAGAGCAGCATATCGAGTTTGTAACTTCAGTGCTTCTACATTGCATATGCGGATTAGACAGATGAGCTGCCAATACGCGATTTGGCAATCCTGCACGTCGGGTTTTCGTGGACTAAAGGATACTACCTGGCTAACAACACACGGCACTATTGATTCCCTGCGAAGAAGTTGAGATGTTGCCACGCTTCTTGAGACTTATTCATCTGGTGTTTTGGTTGGGGTGTACGGGGAAGTTTGCCTAGGTGACCAATATGTTACAAACGTTCGGCAGATCGTAAGATGCAGCCCTCTTAATTGGCGAAAAATGAAAAGGCACTTCATATGACGTTCCCCCGGGTAGGCGTACTAAGGTACAGGAATAGTGTTTACGGTAATAAGAGTCTGCTGTGGCAGGTCCCAAACCGTGTAATGAACACTACCGCATACTATACGTACAGAGACTATCTACAAATATATCTTGCGGATATAATAGCCCGTAATACTCCTACTCCGCTTCTCTGGGATGAAACAGCACGCGCGGAGTTCCCCGCAATACTTTCTCTCTTATCTCAGCGAATATTGGTCTAGGCCGTCACGCGTCTAGACCACAAGTAAATGATTACAAGATAGACCCATGTTCGTTTTAAAGCAATACTTGGATGCCCAGCTATCGCATATATATTACAAACTTGTATCCTGCAATAAAGGTAAGAGCTCCCACGCCTTACTATTGGCCCTCTTCCATTGCCGATCCGATAGTAGGCTGATGCCGAGTCAACTATATGGCATGTCGTATAACGACCATTACTGGCCCTACTAGAAGTTTGTTAAAAAGGGTATGCTTTGTGCCCCGTGAAAAACCAAATCAAGTATTTAAAGGACGAGTAAAATAGGGAGCCACGCTAACCGCGAATCTACCGGAGTAAGGGGTCTTCAAGAAAGAAATTAGGATATGGC,1347,47.22,Escherichia coli
SEQ_127982,ATCCTCTTGCACTCGCAGGGCCTAGGTATTGCAGTCTGCGAGTATAGTATGTTCCTCTTGCTCAGACAGGAAGCAGTTGGGACAGAACTCCTTGCATGTGCCGGACCTGAACGCTTCCTCCAACCGCCACCCGCCTCCGCCGCTATCCGACATTCTGATGAGGCAGACGCCTCAAGCAGTTATAAGAATAGACGTTGTCGACCCGAGGAAGTCCGGTGTAGTCATCGCCGCAGCATCCCCCGCTTCTTCCACGGCCATATAATGTATCCACTGCCCTTAGTGGACTTGCGCTACAGGAGTAATGCGATAAGGCACTACCGAGACCATGGTGGTAAGCTATGGCGCTAGTCAGAATAGGTGACGCTTCAAAGAAAGAAGGGAACGTAGTTACTTTTAATGTGTCACGGGACTTGCAGGAGAGTTCACTATTTTGACGCCGTAGGCGCAGTTCTAGTGAGAGAAATGAAAGACACGTATGGGGTGGTTTCACAACAAGTGAAGTTAGCGCCCCTCGTACACGAATCGTTAAACGGACTTAAATGGAGGGCATGCGCCGGTAGACACAAGAACACGGAACACTGCCCCCCAAATATGAGCTCGCGTCGTCTCTTGAGCA,616,52.11,Caenorhabditis elegans
SEQ_982785,ACTAAATGGTCCTAAGTCGTTTCCGTGACTGAGGCGAAACCGAATCTCGCTGTGATATCTTTGCCAGTCATATCTCGAAGCCCGGGACTTTAGGTAGAGCTGATGGCGATCATGTAATATCAAATACCAGATTGCGAATGGATGACATGAAGAGTTAAGCAGATAGAAACCCGTATGTCACAATGTAGCGCTCCCTGTGGGCAGCGAACATGCTCACAAAAGTGGGGTACATGTTAAGTGAGGATATGGTATGTCCGTGCGCGTTAATAGTTTCGGTTGGCGCGTCTAGCGGTATAATGGGGCTGACTCAGTATAGTATCAGGCGGTCTATAACAAGTCTAGCTCCTGTGGAATCTAGCAATACGTACGTGGCTTCGCACTTGATGCCGGCTACACACCTAGGATCGGCACACTAAATTGCTCCTGTCGTAGTCATCCAAGCATGTCTCAGTCCTATCGTTAGACTGTAATTAGTCCTAGAGTTAGCTGAGCTAAATCTCAGTTCGTGGCCTCGACTTTCCGAGTGACAGACCCGGTTATGGCAATTGCTTGCACTCCAACTTTATTCTCTTAATAATTTCACCAGACTCCGTTCGTTTCCAATTGTCATAAGATACTCTTCTTTCGAACAATTGGCTTTATCTCGACGATATTGCTTGAGTATTTTCTGCGACCACATAATAGCCCGAATACATTACGCCGGGTCGATTTTTCGTGATATCCTCTGAGTTGTAAAACTATCCGATTTGAAGCAAACGTACTCGCTTTCCGCTTCCTCAGGTCTGGCGCGATATTGTTGACGTGGCGGAGATATTGGTTCGGAGCTGCTTTAACGACTTGGGCACGAGGATCCCGTACGTATTTCTAATAGGTCACCCTCCCCGAAGATTTCGACCTTTTGAGTTTCTAGTGTCAGCAATTTAAAGCTCCAAGGCCTTGAAACGAGAGATTCTACACTCCGCCCTCTCGGCGTGGTCTTAGCCTGCGGACGAGACTGTACAAAGCAGTCCTTGTTTTCTTTACTGCAATTACAAGCTGCTGCTGCGGTTTAGCCTAGTGTGAGGTTAGTAGTCTTCGGCCCTAACGAAAGTAGATTGCTCGATGCCGAACATAGGAGATACAAGGATCCTAGGTACCTTGGATTTCGGACCTCTAGTAAGCTCGGATGCGACTCAGGTTAACCAGAGTTCAAGTGAAGAACGCTTTTTTACAGCGATCAATCGACGATGTATCATGCACATACATGAGCCAGTTACTGCAGGGAGCATTCTGCCCTGACTGTTCCACTTTTGGACTCTTCGGTGATGCCTCGGATACGTCCCCTCAACCATAGCAGCTTGACTACGGCGCATTCGACAGAACCTATTCCAATGCTTCACCCCATAGCAAATCATCCGTGATTAGCCCAGCCATACTGACTGACGCCTGGTCTATAGCACACAGCAATGTGCAGTAGTAACTGTCCGAAATAGCATTGCACGGCGTTGTAGCGAGTTAGACCGTCAGTCTGCTAATTGTGCTGCGAGGTTTCTTCGGAAGCAAGCCGTACTCTTTCCCGATAACCATGCGTAAAC,1574,47.4,Mus musculus
SEQ_460499,TCAGTCCCTTGCGGCATGGATAACTTGTAGACTTGACGACAGCACTTGATGCTTCAACATCTCCAGTACTTTCAGACCTCCTGGAAAACACCCTCAATGTATACGACAAACCGTTAAGAACTTTCACTCCTGGATATTTCAAGATTTAAGAGAAATCCGTCAGGTGAAGCTTCCAGCAGTCTGGTATGAATGGGTACTAATGCCAAGACCTAGCACGGCTGAAGGGCATACTGATTGTACCCCGAGCGGGGGGCTGTTATACTGAACCGATAGGCACAGCGAACTCGAGGCTTGACTAAGCTGAAGTAGATCTTTGACGGCGAATACGTATTTACTTGCACGCTATAGGGTGACCATGCATGATATCCTCGACGTGTTACTTGCGGCGGGGTAGGACCCTGTT,403,48.14,Drosophila melanogaster
SEQ_518849,ACTTATGGCCGCAAGTTAGTTGCTTGAGCTCCGTCTGCAGGCTCGTCAAAGACGCATCAGATGGAGTCGGATCTTTTAACTGTGAAGATGGACTGTGTACGGTTACCAGCAGGACCTCACTACACAAGGACAGAATTTTTACACGCCAACATATGAGGAACTCAGCCCAGATACGTCACGTCCCGGTCGTTGTCATAAACTGGGTGAGTCGACTTCGAACCTAACTAGTACTCATGGCTCTCGGAACGAACAGGCCGCGAACGACGCCATGTACAAGTCGTTCGATTAAACTCATCATGGCCCGGGCTTCTCATGTGTACGTGATGCCAAGTCGAACCTTGCTCCGTTGTTAATTGCTCTACATTCTTTCACCGCTTTACTGTATGGACTGTTCTCCCGAGTTCCCACTACTGGCCAGTTTTTGACGGAGAGAACGTGATAGACCACAGGCACTCGAAAAAACGAGAGCTTAGGAACTACTTATGACTCGAGCCCGATTATAGTTGCGATAAAAGAAAGCAGGTCGCGCCACAGAAGTAATGATGTGACTTTCGTTGGTGCGGGGTGCTCTCCCGTAGGGGACCTACGTTATTTTGGGGGCAACACCGGGAGACGTCTCGCGCAACAGTCACTCATCAACGAACTGTACGGTGCGAGCTAGCTTGCGCCCCATTTAGGTCCATCGCCTTATCTATTTAGAATCTCAGGGTGAGTATCCTGGTATTGTGTAAAATGGTCCCTCCCGCGTGTCTTTAACTCCTTGGTGGACAGTACCTGCATAGGATACTTGTTACTGCCGGGGCGGTACTTACTTTTACATCGGTCTTCTCTTGGAGCAAACGGCGCGGTCCAATAGCCTTTAAATATGTGGCCTTTCATAACCCGAGTACCAATACGCTCCCATTAGACGGTTCTTGCCCGTTACTGTCTGTGTAATACCGAGTCAGATGTTATAACTGCACTTACGCTACGTGACGGAGATCGAGATCGACGTAATTCAAATAGTAAGCGCGCAATTATTGATTGCATGTACTGGCATAGTAGTATGTCTATGGGACCCTTCCTAAATGTTCATCCACATTAAGGACGGTGTGACAAGGGCTGGATGGACTATCTTTTTCGCAGTTCATGTTACGTGAAGCGTAGATTCAAGCGATAATCAAATCATCCATTATGATGAGCGGCAAGTATAAATCCACTGACCTCGCCGACAAAGCGTCATGCACGCGAGCTGTTAGACCCAGACGCACAGTCCAGAACATCCACCATTCTTATGAGCCGCGTAGGCAGGGTAATCTCGTCGTATTCGCCCCGCGATAATCGCGAGACAGCCGTTGACAGCCGAGCACCCCAAGCGCGTCTCGAAATTTTGGGGTTTTATAATCGGATCGCCTGCGTTTTATGAAATCGCGAACAGGCTTATTCAAACGTATTCATTCACCCGGCCATAATACGTCGGGTTTGCTAACCTGTTCCTTTGGCACAGCAGCTAGGCCCGAACGCGGGTGGAGAACAACATCAATCGCTCTGAACAGACATTAGGGGTTATACGTGCCCTAGCCGAAGGTATGGGCGCTTGTATACTCAATAATCCACCTTGGCGAGGTGCATATACAGGCGGGTGATCGACTCGGTCCACTGAGGGGGCGTGCTGTCGCAGAAACACAAGCCAGCAATCAAGTTTATCCCTATCGCCTACCACCGGTTAGATGTAACCTTCTAGTATTGTGTCAAGTGAAGATCACGCGACACCAAATTTTTGGAAAGTAGATGACAGGATGCCGATAGTTGCTATGGAACGATTCTGCAACACGCAGGGTCTAACGGACAGCACCGATCACTGGCCTCTTCACCAACCCTAGCAAAATTGGGCAGTCACAATTGATTGAATAATTCGTCGAAACTTATTCAAAAGGTCCTCTCTTCAGCGACGGAAAGAGCCGGGGAAAGCTACAGTTGAAGAGAATATATTTTCCGGATCTTT,1984,48.84,Drosophila melanogaster
SEQ_733653,AAGCAGAGGCAGAACCCAAGCTTTCAGTCATGGCTATCCGCTAGCAATGTAGTGCCTGCCTTGTAATTAGGAACACTAAAAGTCTGGGTAGCTTCGCCGATGCACTTAACTTCCCTCGACCGTCATCACGTCTCTAGCTCATTGATGCGAACTACTGCCGGTGTCAGGCACCCCGAATATGTTCGCGAAGTACGTAAGACAGAGCAGGCCGACTCAGACACCCCCGCAGTAAATCTTGTCCGGAGGCGAGACAACAAGTGGCTATTCAGGTATTGACTCCACACGCTGTATACCGGCGCAAACGGAGTCAGGCCTAGGGTTCTCGGACCTGTATAGAGAATACACGTACTGGGACCAACAGAATAGAAGTACCCATATCGTCTCAGTCGCGTGTGTGGCACATAATCAAATGTTAACGCAGGGTCATCTGCTGACAGTGACAATGGCATAATGAGGTATACAAATCACCCATCTTATTGCTAGTATTGAGCACGCATTAAGGTCCGGGATTTGCCATAGTATGTCATAGCACGGGGGACAGTCCATGTGAATGTTTACTTGAGATCTTCCCGGCTATTCGTGATGGTCTAACCCCCTTTTGTCGTCGCCATTTACGAGAAGGTATAGCCGGAAGTTTGACGACACATACTACGAAAACTGCCTTACGACACCACGTGAAAGATGATAAGCTGGTTCCACTATAGGCCTCTGACGATCACGTCAGGACTGCGTTGTTCCAACGTCCCTCCGACGCCCGGGTGAGCCCAAC,769,50.2,Saccharomyces cerevisiae
SEQ_847870,ATCGAGACGATCTGAGACCAGGTTCCGACGTTCGTGGTATAAAGGAAATAGATTTCTAAGAATCAGCCTTGGCTAAAGTGTAAGAGTTCTCCTACCGATAACTCGCCGGGAGGCTTTCAGCAATCCTGCAGCTATACCGACATCGACAACGTCTCGCGTAAGTTAGAACGGATCTGTTACGTCTGATTATACAGGCCGGTTCTGATTATTGTGTGGTGTTCGACAAGGAGCTAAATGAGATACCGTGACTGGGGAGGCACCTTGGATTCGATGCCTCTCTTGCAGTCGTGGATACAGGGCAAGCGACACAGAGGATTCACCGCCCCAATATTAGATTTTCACACCAGGTAAATGCCCGGAGAGACATGAGAGATGTCGTTAGTCGTTCACAAGTGCGGCCTAGGGTTTACGGCGAAGACGCACGGGCACATTTCATTGTCACGGGGCGCAGCCCTTGAACAAACACGTTTTTACCGTTCCAACGCACATCAACGGCTCGGAGGATATGTACAGTTCTGGCCCGTCTCTTTAACGATGCGGTCGACCTTATGTGTGTTCACGGATATACCTTGAAGTTAGGAGGCTACAGATCGAACCTATATCATAATTACGCCTACGAAGCGCCTTCTGGGCCACACAATGGAACAGGCCGTGGACCACGCGCGCAGACATAGAAACCCGGAAGTTGCTAAGAGTCTGCAAAGGGGATTTTCGGGCTCCGTTTATGGTGTGGGGCTCCGAGTTGCCGCAAATGTTGGGGGCTCTCCAAATTCAAACCGCAATAGTGGTCTTCTAGGGGGGCCTGGTTGATTTGTACCATAATTGTGCACGGCATATATACTACAGGGCAATGACAGTATTTCTGCCCGATCAACGTGATAGTAAGGGGTGCGGGCAGATGTTGATAGTTTGCGTACACTGCCCAACGTTTGACAGCCGAAACCAAACGAGCCGACCTCTGGAGAACCCCCACGGCGCGATGTAACGCTTCTATGAGAGGTAAAAACGGAAGCAATCGCCCTG,1023,50.73,Mus musculus
SEQ_929138,CGTCATGTGGTACTTTGTCTAAATGGTCGTTCCCTCTCCGAACGTTCTGCGTACGCGCTCTAATACGCGTCAGCTTTAAATATAACAGAGAACACACAGTGTTCTGTTGTGTCATTTTCTTTCGATGGCTCTTAAGCTTTCGTATGGACCCCCTAGGAGGATGTTAAGTGAGCCGGCCCAAGCGAGGTAGTAATAAACGGCCACGGTCCTAAGTTGTATAAAAGAAGCTATGTATTTCGTAACAAGGGGAACAGTACTCGTCCATGTATCGTAGTTGCATTTTGTAGTTTCTTCGCGCGGGAGTACAGTGATCAAGTGCACGTCGTACCTGTATGCCAATGGGGGACTGGCGGAGATGTAGGATGATGATGGCCTAAAGCAGATAGGAGTACCTGCTACTTACCCTCCACACTTTCGCGCGTCGCTCGGGCTCGTGACGTTCGGGAGCGAAAGGTGATACTGCTAATTATACATAGCGTCTCCAAACGGCGATGTGAGCGTGAGCATGATGCACTGCCATTGTAACAGACGCCAACGTGAGACAGGGTCCCATTTGGCGGTTGTTCTCAATATTCTAAATAATCGCAATTGCACGCGTCCTACTTCATATCAGACCTCCATGATGAGTGTAGTCAGAGGATCGGGGAAGAAAACGTGTTTCTGGGACGTAAATATACGAATATTCTAGCACCCACCATATTACGGGGCCACGGTTTAAATTTGGCA,726,47.8,Caenorhabditis elegans
SEQ_247127,GACAGGTTGCCTATCAAATCATGCTAATATCCTAGAATAAATCACCTGAGGTGGGGAACTTTAAGTACGAGGACTAGCAGGCCCTATAATGATATCTGAAGGCTAGACTTAACGGGATTTCAGCAGCCTAAACGTACTAACAATAGGCCGCGATGGGAGGCGCGTGCGAAGTGGAAGGCTTTAGATCGTTCTCTAGCAGGTGGGAATTATGACGCTACCGTTTAGCACATTTTACATCTGCAACACTCGTCTACTCTGTTGTTCATTTATTATAAGAGGCTGAGTCCCAACGGCACCAGTTGACTCGCAATCCGTGGTGCCTCGCCATACGTCTTCTTCAACTCGGAGTACGATCAACCGAGTAACACTATAATCTAGTGAGGCCCGGATCTTTGTCGATACCAGGGTTGCAATTACGGAGACGGGCGGGGACTGCCTGATCCTGCTCCGGCCAGCCAGCAGCCGGGTGCAGTTTTTGAATGTCTTGATTGCAAATGTAACTTTCTTAGGCACCCTGATACTACTATTTACCTATGGTATTCGGAGGCCTTCGCGCCCAAATACGAGTGAGGCAGTTCGTTGGCATGACAAGACACCCAAATCAACTGTTTGCAGTGAGATAAACGGACTAACAATGTAAGGTATCACCATCACGCAAGGAGGTCACAAACGATTGCTAGTACCCATTCTCCCACACGATCGACTCACCGAGTGACTAGTCTTAGTGTCGTACAGGGTATTTGGTGTAGCCGCCAATTCCCAAATCTATAAATTAACGCGGTCTCCCAAGCTGTCCGATCCGTGCAACCATCGAGAGGACGTCGATGCTGAACTTTTCGGCGCCGGGCCAAAACTGTCTTATCCCATCCTGACGGTCGCTGTTGGGGCGGGGTGCTTCACACTAAAGAACACCCCATACACCCATCGTCCAGTTCAGAGTCCTGCGCTGTAAAGGGACCGTCATTCTGCTGCATGGTCCGTTTCCGCCTCTCCACCTTGCTCCGGAACAGATCCAGCTATCCTGCGCTGCCGGTAAGATAAAGCGGTTCACCCAAACAGTTCAGCAAATAGCCTGGTACTGGATACTTAGACTGAGAACTTTTCTACGAACCACGCTAAGAGATCGGGCCAAACCAGCGAGGCAGTAGGACGTTAGTGAGCAAAGTTAGAGAATTGATGTATGTGCTACACCTAAACGTAGTCACGACTTTGTATCAAGCTCGGCAATACAAGGGACGACACGGAGCCGTGGCTTACGACTAATCAATCTATCCCTT,1277,49.57,Arabidopsis thaliana
SEQ_659600,GGGTCTATCAAAGGCAGACCCATATTTAGTGACGATAATCACTAGAGTAACAGTGATGTCAGGAACGAACGTAAGGCCGACCCACAACAGTGTCAGGGACCCTGGTATGAGATCTCAGCCAGCGCCGCCTGCACAGAGACGCTTCTGGAAGTTTCCCGGGGTTGCTTCATGGCTTGCGCATTGAGACTTTTCGAATCGCCTGGAAGGCTACCTCGTGGCTGTACGTAGTCATATCGTCGTAGTCTGACTACTATCTCCGCAGAAACCTGTGCGCCCTCCGACCGGTACGTTCTAAGTCTGTTACAGATATAACGGTCTAGACATGAGCATCTGATAGAAACGTACAGCCTCTTTTTTCCATGCCGGTACACTACGTTGAAACTGCTGTATGTTACAAACAAAATAGCCAAGATAACACCGAGGGTCCTGATGGTTGCTAATTCTCGGTTGATCTTCGAAGTGCAGGATGGGTACCTGGGCTCCGCGCTGTGGCTGGACGGGGTTGGAAGACGGCTGGACTGAATTGCCCCAACCTACCTGCTTTTGGGAATGTGGATGGGCAAAAAAGCTTACATGCTTAGTGCGGACACGGACTTTTATTGAGTTGCGCAACGTGCACACGGCTGACGCGTAGCCCCGCTTGACCCTAATCGAGTGATCTAGATGGCCTAAAGCCTACACCTAGCGAGGTAACTGCGACTGGGGTCAACAGGTCACCCGCCAGTGCTGTTAACGAGATAAGGAAATAGATGTAACGCGCTTCATCCCAATGGATAACACGGTACAAGGTACTCCCATGCGGTGCGCGAGATGTCTAAAGGGTGCATAACAGTTAGTGTATCCGTCTACGGGTGCTTGCTATTACTTTGTGTTGTACGAGCATACATCAATCAAGACATATGATAAAGTGCGTATACCTGTCCTTTTAGCGGCACAGCTCTTACGAGAGCCTGTCACGCTGTTCTGAACTTGAATTGGACAAGACGTCGAGCCCCGGACAGGATTAAACGGATAGCCGTGGACTGCCTCTGTACGCGCGCGTGGCACGCGGATGCAGAGGATAATCCAGTCTCGCCCAATTTCCTGCTTGATACAACGGTTGACTTCAATCTGGACTTGTGGAAACGTTTCGTTCTCTCGAGTGTCACGTATTGTACGTTCAGCATTGAGAGCTGTACCTTGGATCTGTAAGACTTTGGCGTGTGCCAGTAGCAATGTCTAACTTTTCACCGTCACGCACAAACAGCGCTCAGCATTTCAGAACTTGGATGAGCAGTAAGGTATTGGTGGACCGTATGCACCTATATCTCTGTCGGTAGCAATAGCTTATGCTCCTGATGGCAATACCTGTGGAGTCTTGTAGTCCTGCATCCTATGAAACATTTTTACTGCCACGTCTCCGTTGAGCTCGCCTCCAACGTAGTTAACCTCCGTCCATTGTCCTTCCCCGA,1451,50.17,Saccharomyces cerevisiae
SEQ_177820,AAGCTCCTTATAAGCAGAGATTTGGGGCTCGTAGTACGGTTATTTAGAACGGGTCTAGCGTCTGCGAAGAAATGGTATACCAGGTACGAACCCAGAGAACGGGAATGTGATCACAGAAGCGACTTAATGTTCGACACTCGCACTCGTTCCGGAGACACATGGAAGACGGAACGGTAGGCATCCCCAAGTGGTGACCTTGTCCACTATATGCAAGATGAGAACTTGTACCCCGGTCTCTTGGACGTCTATGACGCAATAAGTACATTTAAACGATAAAGAGCTGAAACATCAGACGATTGGCCTTGGTGCGCAATAGAGTGGAGAGTGGCAATCGAAAATCAGCCAGCGCGTCGCGCTCCGATACGAGGGAGCGAAGAACGACCTTTGAGTGTTTCGATACACCTTAACAACTCCGCTTATCGCTTAACTAGCCCTACGAACTTAAGTCACATGAACCTGTGCCTCTTAGCCCATAGAAATTCCTTGCCCCACTATTAATTCCCGAAATCTCTTGCAGTGTGGTATCTAGCTACACATCTTATGCATAATTTTAGTGCCGGAACTCTCTTCCAATGATCACGGCGTCCTTTATCTATCCAGTTTCATACTAGTGTGTGTTGTCGCTCCACGGGCGGTATGCCCGCAGTCAACTGTCTCTAGTAAAGGTAACTAAAGCGTGTACAACAACCAGTAGAGTGACACTAATTGGCCGTCAGAGACACAAGAGCGACGGCGAAAATATATTCTAGTGAAACTTTAAATACAGAGTACCGACAGGCGGCCTATACGGAACTTTGCACTACTTATAACGCTGCTCGGTCACGGCCGCGTCGATCTTTATTCAAGCTCAAGTGTCTGAGCAGTACCGCGGAGTCCATTAGTGTAGCTGCCAATTACTACGTTATATATCTATTGACCCTCTTCTTTGTTCAACCCGGAAATCGATGTCTGATACCCTCTGGACTCCTGCATCCGACGCTATACTGGTTCGCACTCCGGAACGCTACGTTGATTTCTGGCAAACCAACAGC,1031,47.53,Saccharomyces cerevisiae
SEQ_589661,TACCAAGATCCGCTGTAGATAACCATACGTCTGTATAACTAGAGCCCCATGCCCACGGGCCGTAGTATAGAATAAGTCACCGCCTGAGGGTAACTCGGGGTGTTGTTAGGTGAGCATGAAGGGGCATCGTGTGAGCTGCAACGTAAACGGCCGCGGGTGACGTGGGAAACGCTTCAACTACACCCATGGCGCTCACGAGCCAGAGTCCTGCCATGGTGCACATTGGCATTGGTCAATTTTACATTGCTGACCATGGTGATCTACCGCGCCTGACCCCTGATTGTAGTAGGCATTCTGGCCTGTGATCATTCCAAATTCCTCAGAAACTAGGAATGGCCTAAACGCCGCTCGGTCATGGAGGGTAAGTGGTAGCGCTGGTGGTATGAATGGCGTCTAGATGGCGCATAATCCCGTTAGTTAGTATGCCATAAGCCCGGCCTTATGCTGGTAGCTATTCAATTACAGACGGGCTTTGGCGTCCCTGTTCGAGAGTACAGGAGCTAGTAGCAGTGTAGCCCTGCTCAGTTGAATCGGTAGTACACTTAGAAAAACACCGATCACAACTATAGCGGAAATTCTAGCCATCTAAGTCACAAACGGATCTAAGCGGCCAAGCGTCGGTGTGTATACCTCGTTATCGTTCAGTCAATACCCAAGACCCCCCGTCATGTCTCGTCTATCCTAAATCACCTAACGTCCCTTACTCGACCTCGTGCTAATCTCTTACAAACCTATCCGCGATGGTGAAAAAAGAATGAGGATGGGAGACGAAGAGTTAGCGGTCCGATGGGAAGCTATATGTCTAAACCGGGCCTCATTTCTCTCGTGAGAACCTCGCTGCGGCGCAAGGTTGACCTGTTGGCGCAGTGGCAATTGGTTACAAGGGTCCGGGTCTCACACAGAGCTCTCAGCAGGACAACCCCTGCGTGGCGCCCGAGAAGACAAAGACTAAGTTATGCCGACATCGAATATACGCATTATATGTGACTACAGTATTGCGTGCATACCTGCAGCTCGGATTTGGTTATTCATCGATTAGTGTGATCGTTACTTACGATGTGCGGCATAATTGCCTTACCCCGCCCTAATGGACAGAACCGCGGGCCTTCTGCCTTGATTGCACCATCCTTGGCCCCTACACTATTGATGCGAGATCTAAATGTAGTAGGAAATAGGTTCCAGACAACTGTCTGAACGTACTTATGTCCCAACAACTCTCCTGACCCGGGTGCAACCTTCCTAAGCTTACCCATTTTATCATCAGGCACAGAATCTTGACGGCACGTTGCGTTGCCTGTGAGCTGACCAGTTCTGCACGTAGAAGAGCGACGGCTTGTGTTGGACCTGACAAAAGCTTCTAGACAAAAATGTATGAGGCCTCGTTGCATCATACTCAAGAAACCCTCGTGATAGCGAAGGCGGTCT,1425,50.46,Arabidopsis thaliana
SEQ_560313,TCTCAGGCACTAGTTCAGCCCATAATTTAGCAACTTCGAAGTTACGTCGCACCGTTCTCACAGCTCCTACGGCTATGGGTATCTGCTGATGAAACACCCGATACCATCAGGCTCTGTACCGAGGCAACAGCGCTTGGGGATTAATTTTCTATGTACAAACCGGAGTTACATCTGACTCTCATGACTCCCGGTATGACCGTCTGCGACGCGTCGCGAAATTGGCGCTTAGTACCCGATGAGTGAGAGCAGCGTCATTCATGTGGCTGCAACTCTGGGTAGCATTGTAAGAACGCTGAAGCCCCATCAGTCCTCAAGTGTATGGCGGTCGAGCTCCTCCCAAGCTCTCAGAGCTTAGCTAAGTAATTCTAGCGTAATTCTGCGGCAACGTAGGCTGCAGTTAAAACCTCGCCTGTGTTTGTTCACTGACATTACACTGAAATCGCTGCAGAAGCTGACCATGCCTACGTTCCGGGATGCCCAATACTATGCACCACAGTCGCCAGCATTGTATTATGAAAGGGCTATGTAAGACAGGCACCCGGCGTCTCCGCCAGGCACAACCTTCTCGATTGCGAAACCGAGGGGAGTCGTTTTAGCCTATACAGTACACGCCCACGACATTAGACGACGAATTTGGCGCCTATACGCGGGCGGAAGAGGCTAACGATTGCTGGGCCTTTCATCATTAAGTTCATATCTAGCACGCAAGCTTCGCCGCGCGTACGAGAGACCTATCAGGCCCGATTACTTTATTGCTCTTATAGCGGACGGTCTGAGGGCGTATCGATCCCGGCTCTCGCTGACGGTCTCACTTAGTGTGAGAGATGTTCGCAGCCGTGGGCCATCATAATGAGCAAAACACTATCCGTCCGCTCTGATGCGAACCATTGTAACACATTGTGAAAGGCTGAGTCGTGGCGAGCGATGATAGGCGCAACAGGATTGAGGAATCAACTGCTGGTAGCCATGCTAAGCGCCCATGGTGACGCGTCGGGACAACCCTAGATCACTTGGTGTACAACAAACCCACTGACTCCTTCTGAGACAACCTCTTTTTCTACTATGCACGGAAAAGGAATACAAATCATTGGGATGGCAGTATCCAGCGAGTCGAGTGCACATAATCACTTGTGTTAGTACGGCTTGGTATTCCAAAAAGCCACCCTGATGAGTCTAATAAGGGAGTCTTGATTTCGCACACGGCAGTGGTTCGAACCCCGGCCCCATTGCCTGTCCGGTGTCGGCCGGAGGACGAAGTAGTGCGTAAGAATACCAAGCTGATCAGTTTCACACTTTGTCAATCATCCCGTTGCGTCCGTGTTTGGATCTACGGACAAAAGCCCTTGGCATAAAGCTTGGGGCTTATCGACGATACAGCACGATGGCTTCGTCAAAAGTGGACGACGATATCACATTGGGCCTTGATTGGCTGAACTAGCTGAACAAGTGGAGTAAAAATTATGCGGATACTCCAAGAATTGGATTGTAATTCTTCGACGTAATCAACGCGCCTAGCTAGGTCGTGCCTCCGCGTTGCCGATTGATTTGTCATTGGTCCTGAGATGAATCCTTGGGTCCGGCGACCAATGTGCAGCCAACTGGCCGACGGTTCGCTGCGCGCATATAGAAACGAGTGAAGTGTGCCCTCCACAAGTCGTCTTTAAGGTATTATGTTTCTTTTTGTCTATCTCAGTAACCAGGGTTGACAACATATTTTCGTTC,1722,50.46,Homo sapiens
SEQ_990644,CGTTTAACTACGGAGTTGCGACCCGGTGGAGTCCCCTTGAGTTAGCCTAATTGAGCTCGGTAGGGAGTCCCACGTGTCTGGCTGGGTGATTTACCGCTTTTGTCAGTTGGGTACCGGCCCGACGCGGTTTGTGGTCAAGACGGGCCCCTTCACGTGCACAACGTTGATCACGACCGCATGCCCGTTATCTGCAGTCCGACGCTTACTTATAGACCAGGCGACCTAAGTGCGACAGGGTTTAACCCCGGCTTGCCCGGCAGTAACCCGGGCAAAAAGTCAACGTGACTGTGCTAGAAAACAAGGGCCTCGTCGGTGTCACCCGAGGTTTAACGTACCGCTGGATATTCCAGTTTTTTCGCACTAAGGGCGGTGATCCGGGCTGGCAGCCCGATTGCCTCCCATACGTCGTGAGGACCTAGGCATGACAGGA,430,56.98,Homo sapiens
SEQ_940336,GCGAGACCTCGTAAGATTTCGGCAATGCGAGCAGGGTCCAGAATACGCGCGAACTTACTCGAGCATGTCCGGAGCCGCTAGGTGGCTGTCGGCGGAGGAAGGGCTCATCATCGGATAGATGACGTCGTTTAATATACGTCACTAGGCTCTTTGAGCAGGGTCATCCTGACCGCTCCAGGTATACTTTATCGCGCTGTGAATAAACCCTGATGCGAGGGTCTTAGTGTAGATCGACACTGTTCATATAAGATTACTTACAACGCCTGGAGGTCGGCCGCTGACAAGCGATCAAGATAGACCTCCGCAGCCGCTGGAGTAGAGAGCGCTGATAAGACGCTTGCTGACATAATAGTCATGACAAACGAATCGTCTTTAGTTCCTCTGAGAGAGAGGCCGAGTACCGCCCGTCTCTAGCCCTACAAACTTAACTACATAACCAGAACCAGTGCCAGAAGCACTGAACACCCTCAGAGGAAGTTAGTGTTCGGTCTTAAACGGCGTCCTAAGCAATTGCTGTAACGGGCTTCCAGGTGAAAAGTTAAGGAGCCATTTAGGTCCAGCCGAGGTGCCTATACGGTCCTTGCTAAAGTAACCTCCGCTTCTACATATATGTGTCACGGTCGTCCTCGACTCTGCCACACAGAAACCGAGAATTCCCCCGCGACGCGTGCGTCCGACAAAACACCAGCGGCCCAGTTAATTATGCTCCCCCCGATAGCTAAACAAAGTTGGCGTAACAACAAGGTGACGAAGCTAAGCACTAACCTAGTCAACGCATCAAAAGGGAATCCACTCGCTCATAGTCGCGGAGCGTACTCATCGCTTGAGTAGGCGATGCGCTGTGATCGTTCGATGTACGCCCAGATGGCTATTACTTACGCTCCATAATGATGATGCCATCTGACTAGTCGAGCCTTTTTCTTCAGCCATATCACAGCAGTACCAAGGCAGCCATCCGCAGATTTATGTTAGAGATGTAATTGCCAAGAGAGTTGCCT,998,50.8,Drosophila melanogaster
SEQ_989048,TGTCGCGTTCGTCTCATGCTCTCCCTGTAATCCTGTAAAATGAATAAGGAGTTGTTACCCAGATCTGACCCCAGATGCAGGAACTGCGAAACCGCGTCTTGCTGATATGTTCTTGTTCAGACACACAGCTTGAATTGACGTGTACCTGTAGCGTATTTACAACAAGCGTTATCACTAGCCGGTGCCCACACCATAGATTCCCGAACAAAAAGGAGCGCTATGGAGCCGACGCAGCTGTCCAGTTGTCGGCCGAAAGTTATTTACTCTCTATGAGTTTTGTCAGACCTCGTGGGGGTATAACGCTCGGGCTCCGTACACCAGCGCAAATTCACGAGGTCTTACCATAGGGGATCCTGTGTCTTGCGGATTCCGGCCCGCTACAGGAGCCCGGAGAAGTCTAATGGTGCCACAGCACGGAACGTTCAGTTCCCCACTGATTTAAGTGTGCGGAGCACTCACGCGCACCTCGAACGATTAAGTAACGATGTTTATAACTCGAGTATAACCCCGCCGGGGCACAGCAGGAATAACGCCTTTCCCTCTGGTTTCCTCAAAGAAGCCGTGGTCCTTATAATAGCAGGATCAGTCTGGGAGGAACAGCAGCACATTCTTACTCGCATACTCCGGCGGCCGCAGCCGCTGCGTCGCCTACGCGCTCATATCAGAAGGCAACATACGTTCGTTTATCGTGTGAAACGGGTGATAACCAACAGGAATTTACGGGGATCGAAACAAGCATTTGCTCCCTTGCGGCGTCAGTCCTCAAATACCGGATAAGAGGTAGGTGGTACGGTCTAGAGTCGCCAGCAAACCGCACGGGACCGCTCTACCGGGGTTATCTAGGACATGTCGGATCATCCACAATGGATGATATCAGACGCTGCTACATTAAGGCGCACTCCTTGGATCCAACATATAGGTCGCTCCCCCAAATATCTGGGGTTGTGAGGTTCAAACTTGCATAGGGGTTCGAGATGTCACCCAACCAATACACAGCCTCAAGTAAGAGTTGAGGCATCGGGGGTCAGCAAAATCGTCGGATGCAGCTGTCTGCAATCCGGCTTCCCGATGCTTCATCAAGGATTGGGGCGCGTAGCGGGCCAACCTCTGCCAACCGCTCAACCAATGTGACGCCCGCGATCTACATAAGACTTCACAAGACCAGGCGATCAATATGGCAGTCTGATCCTCTGTCCAGTCTCCCCCGGTATTTCATCCATACAGCTATATTGATGCACTATTACATAGCAGTGACCCATGGAATCGCTAGAGCGGTAAGCCGCTTCTTGTGCACAACAAGCAAAACTAGAACTCGAAGTGAGATGTCGAGGACCTAGTCGTTAGGTGAAGAAATCGATAATAGAAACAGCCCGTTATCAATTCGATCTAGGGGGCGTGCAAGGGGTAGAGCATTCGCCAGGCTCGAAAGTCTTACTTTGCAGAACATATGGGTCTTAATTCTCGATTTGTGGCGTAGAAAAACATACGACAGTACGGTCACTCTGCCAGCGGCGGTAGACACTCCACAAATATGTCCTCTCGGAACTCCTCTCACACAGCCTTCTCTCCACGGTAGCTGCGCGGCCCGTGTATTTGCGGGACTGTGCTCATGGAAGCATCTTGCTTCATGTTGATGGAGTTCAAGGGATGACGA,1654,51.33,Saccharomyces cerevisiae
SEQ_680561,TCCGGTTCAAGTCCGGGTAACCGGTTTACCACTTGTCGGGTGCGTCCGATATCTTTTATAAATCCCTAATGTTCGGTTTGCTGATATCCCGCAGGGTACATACACGGTAGTGTCTTTAAACCCTCCGAGTGGCACATTGTACCGTTATCACCTCATAACCTACTCCTTACAGACTTGCGGTGCGCCTAAGATCCAGGTAGATAACTCCCGTAGGCCCGACTAGGATACTTTTCTTGTCCGACTCACTAGTGAACTGGTTGCGAGCATCCGACTTATCGCTTAAGCCCAACTGTGGCTACTGTCGGATCCCAACCCCCTCGGGCTCACGTCTCTGGTAAAGTCTTGTCAACCTAGCCGTTTTAACTTACACCGCCGGTGATCTGACTGCGATTAAGGGTTGAACGCAACGGCGGCTTATGCTAGTTGCACTGCAAACCGGAGTACCCGATTAAGGCCAAGTTGTCTCTGTGTATCCCTTTCATGACAACCCGCCTCGGAATATGTATCCATTAGTACTCGCCCGATTAGTTGGGCCTATTAAGCTAAGCGGATGTTCACAACACTCGTGAAATGGCATAAAGAGCAAAGCTTCGCGAGTGTGGCTCTACCCTTTCTGCGCACCGTACTTGAGTAAGATCCACATCCGTAAACCCCGCTCTTTCTAACTGACTCCAGCCTCGTCCATATTTAGTTGGTACAGAGTTGCGCAATTCGCGCAGGAGCTCAGTTGAATCTGGATACGGCCCGACTCAATAGGATAGGTCGTCCTAGGCATTGTCGCCCAGACCCCCGAAAGGTACGGTTCTATTCCGTGGAGCTTAATAAGAGGAGGTTTTTACATATAGAGCTCTGAAGGCGTCATGACCATCTAACTGATAAGTTATTACATGAAGTGACTGCCAGGATTTTGGGTTCATAAGTCGAGACTGGAGAGACCGAGTGGAGGCCTGCTGCGTTTCGTCCAAGAATTAACCATTGTGCCGTGGCCGCATCACAAGGAAAGTTTGCACCGGGGTGTCGATTGGGCGTGACCATGCATCACATCACGCACATCGAGGGCGTTTGACTTTTCTATGGACAACGCCCTCCGTGGCCACTGTTAGTCTTGCTCCCAAAAGCGACTCCGATGTAGAATACTGCCAGGAAACTAGTAGTTAATCGCAGATAGCAAATCATTGTACGCTCAGCCACTTTGACATTTCATCCTTGTTTGACAGGGGCGATT,1225,49.71,Drosophila melanogaster
SEQ_822557,TTTGAGTTGGGAACGGCAAGTGCGCCTAAGGGATACTCAGCGTTTGTCATGGGAAGTGAGTCTATATGTCTCACCCGCACACTTACCATGCCAGTTCCCTATTTGGCGGACGTTAAACTACCGTTGGTTTCATCAAATGTTGCCATAGTAACCGATTCGATGCGTGTAAACACTCCTATCTATGAAATGTCGTGGCATATGCTGGGGGGCGTAACGAGAAGGCGGCTTGATGCAGGCACCCTTGACTCAAAAACAGTGGTTTCATATAAGCCGCGTGGAGGGTAATGAGTTATCTGAACTCGCCAGCCCATGCCGATTTGTGAGCACTGGATTCGTGGGGTTCGTACCCAAAGTACTCCATGCTATCGTTCGACCTCAACTATCTGACCTGTCGGCTTGGCCTTTTCTGTAGCCCATTAATCGACGGACCCACCCTCTATTACACGGACAAGTACCTTGCTTAAGAACCCAGCGAGTGCCCGATGTTAACGCCTCGATATTCCGCGTCATCCCGAGCCGATGCGTTATGACGCGTAGCAACGTCACATGGGCTATGGCAAGAGGCTCGCCCTTGGGTGAGGATTCCCAGACTATCCATAATACCATTGCGACCTAATTATATCGGACTGCGAAAATCGTATTAAGTAACACGGTCGCCTCCACCCTGAGGGGCAGTTCTCAGATCAGGTTATTGTACTTTCAA,703,50.07,Escherichia coli
SEQ_767714,AATATCTACTTATCTTCATGTACCATCGGCCAAATAACTAAAAAACCCGGCCAAGGGACTGCCGACATAATCCGTGGAGCGGACATCTAGTACCTCCATATTCCACTAGTGATTGCCCGTGCATGTTTGTAGAGGTCGGTGATGATTACGTTGCTTTCACCTTACCTGACGCCACTACTCCTCGGGGATTGAAGCTGCGTGCCACTATATCTCCGATCAGGCTGACCCACCCGCTTATATCGAGCACCCCAGAGCATTGCCCATATGGGTTATGCTGATGTACATGGTATTCATGCTCGCCACCTTTATCTGCCTAGAGTCCCTGATAACGCCTTAAGCCAATCTGCCGCATTACGCATGTGCTGCGGGACTGATTCGCGGGTTAGCGGGGCTCCAGGTAAGCAGTAATTCATAGGCGACTACTGCTAGACGCCAAAAGTCAAAACAGTCATCGACAAGCTTCGCGCACAATCGTACGGAGGTACATTTCTCCCGGGGCATACATCTGC,509,50.69,Escherichia coli
SEQ_447808,AAAGGAGTTTTAACCTTGGACCACCCAACGGGCTAATAGGTCATTGTCACCTGCAGCCGTGGGGCCGTGCAGTTGAAAAAGCAGTGACCTGTTACTCTTACGGACCTTTGCCAGCTTGGAGCGGACAGTGAGCCGATTCGTCGAATATCTGAGACCCCTGCGCAAGTACGTCTTCATAGTCCGCTACGAGATTCTGAAAGTCTGCTGATTGCCTATATCACCGGCCTCACTGGTTAGTATCTAGTAAAAGCCAACCGGCGAACTCGCTCAAGTTAACCGCTCAATCCCTTCTAGCGACGGCCTTGCCTAGTTAATTAAACGATAGCTTAGGGGTCCTGGTCTTTAATGACCAATCTGTAAGTACCGTATATTACGAGTAGATATTGACACCATACGGTCAGTTATGCTCTTGATCTCGCATCAGTGAATCCACGGTCGCGCAATACAGTTCAAGGTAGAAATGACCTCAGACGGGCATACAGTCTCCCAGTGCTGGGGAGGGTATCTACTCCCCACTAGGAGCCCTTCTCCATTTGTAAATGTTGTTGAGCTCTCTTCTTAGGTTGACGTCTCAAGTTTCTAACTGAAATGCTTCATCGTTCGCGAGTGGTTTTACCAGCAGCCTTGCCGAAGTATCTCAGAAGTCAACCATCGCGACTCCCCCATAGGTAAGCGGAAAGGGAAATTAATGTCTTGGACCGAGAAGACAACACCAGCGTTCATGACCTAGGCTTCACCCAACTTCAAGAGTGTCTTTCCGTTGAAACGCTAAGTAGGGTGCCCTTAGTTGCGTGGCGAGCTGGTTCCACAGTGGAAATAATACTAAGCCGGGAGTCTTCACAGACTTGTAAACAACCCTCGGGGTTCTCGGACCTTTTAAGCTGTCACGGCTCCAGGACTACTACTAATAAGAGGCTGAGGCCCAAGTCGTGCATAGACCGTCACAAACTATCTTTCACGTCAATGAGCATCTTACGCGAAAGTTATCATTTACGGTAGACCTATGTACTTACAACGTCAACCCATCGGCTCGCTTGAATACAGTCATCCAATCAGACTATAAAGGCTGGACCGT,1075,48.47,Homo sapiens
SEQ_495259,CAAGGGACCCTACTTGACTGGACTGGCATATGTCGCTACCCAGTTGAAAATGAAGAGGTCCTTGTGCCATCAACGGCTAGGAAAGGCAGTCGGTTTAAAGCCTATCTTGCTTTCCGTATCTACAGCCC,128,50.0,Homo sapiens
SEQ_463506,GCCGATTCCGGGCTGGTCGACTTGGTCACACGCTGCGTCCCCTTTAGTGAGGATGGATGTTGGTTGTATGTCATGTTATTTTTTTATAACCGCAATCAGCACCCCAAAAAAAGGCTCATCACCATTGCTATACTCCAACGAGGCGAGCAGGACAAACTCACTTACTGTATAACTACGAATAACGGTCGGAGTTTTTCGTACACGATAGCCAAGCGGCCCTAAGTCTCCATATTTGCTTCAAGCGACTAGGCTCGCCGGGCCAGAAGTATTGGTTGTGAGCGGAGAGAGCCAAAGTGTGAGATGGTATGATTCCACCTCGCTGAGAGACTTCGGGACTAAATAAGGCGCGCACTAGCACATCGCGACGATGTGCGTATTTTCCGAGCTGTAAGTCGATATATCGCCATCGTATTAGACGGCCCAACAAGGGAGGCCGTTCCAAGGTAAGAGGAATTAGCTTATCCTATCACACGAGTCGCGTATATCAGCGGGGCGACGCCACGTGACACCTGCCCCTACCGCAGCCTTGGGTAGTTTTATATCGGGACTACGGTTGGTTAGTATCGAACCGGCCATCTGATTTTGTATGATAAAGTTTCGTACCACACGCATTAGAAGCGGTCGACAGTCGGGAATCGCTACGATATTTTGTATGCAATCAAAGTAACCGGTTAACCTTTGAGTTAGGAATAAAAACCAGGGCGGAAGTTTCTAGTTTGTCCCCTAGAGTTGCACAAACAAATGCATACCTGAACGGACGGTCGGTCGCTTTATCGGATCGGATACGTAGAGCCAATAACCGCCTCTGACGTGGCGGAGTTCCACAGCCTAGGGAGGACAACCCCAAAAAGGATCGCTCAGGATCACCTGACATCTTGGTGGGTCTAATACTTCAATCCGTCTAGATTATAGACCCCCCAACAAGTACCAGCTTTATACCG,941,49.31,Mus musculus
SEQ_625746,GTCAGGCCTCGCTGCACCCTTCTCTTCTTTACAGTTCAGGTAGGGCTGGGGTCGAAGTTCCGACTGGACGCACCGGAGTCTTGTTAAACAGCTAGACCACGGAACTTGGTGAGACTATTACCCCCAACCCCGCGCAAGCGCACTAGATGCAGGGGAGTTGTTGTAAGTTCATCCATGCTCAGGACTCTAGGTTAGCGTAAATTATGAAGCGTCGTATAACTGAACTCGAGCACGATACCATGTGCGTGTGCTCAGCCGATAGCCTTTATCGGAGAGATTGGCATATTACCTCTAGATAGCGCACGAACACGTTACCAGCACAATGCTAGTTAGAGTATAATTCACGACCTTTTCCGTAGCCGGGATGTATAGTGATGACACTGAGGGCTTTAGCATATCTTTGTGGTTTACGGCCATACCAGCAGTAAGGAGAATTCGCGCAGCGGGGGACTATGGTAGCCTCATTTCATCTCATCTTGCCAACAGTCTCAGTGCACATTTAGTACTCGCGTCGTCACGGGTGAGTAGGCGAGCCAAGGGATCCCCTAATTTTGTTCGAGTCCACTCTGATTAGCCACCTACAGAATCCCTAGGACTTTGAGGCAGCACAGACCCGCCTAACACGTCGCCGGAGTATCCTGACATTTCAGGCAATGAAGCTTGCCCGGTGACAGCTAAAGATCAGAATAGGGCTGATA,698,50.57,Homo sapiens
SEQ_946468,CCTCTCACGAGGCGTATCTCGTTGTAGGTCGGCCCGCATATATATGGCCCATTTTCAGCACGGCAAGGCTCTCATTAGGAAGCTGTTATTATATACCTTGACTAGTTGGTCCGTACGGAGAAGTGCGAAACCGGAAAGCTAGGATAACATTTTAGCTGTCATTAAGTAGCAAGTTGTTTGGGTAAAGCGACGTCTCCCGACCTGTTCGGTCCCAAGCGGCGCTCAACAGCGCTATGGGGAGTTTGGCCATCGTGTCTTAGGTATGTGATCTCATCAATACGACCATATCTACACCCCTACTGCGGCAATAGTCGCGCCACGGTGAGTGATCGGACGGGACGCGACCATGGAGCGAACTGCCGAGAAGACGATCAACAGTATCGGGTCGTAGATTTGTTACAGAATCAGGTCCCACGTGGGCGCCTCCATTCAAGCAAAATGGAGCCCTGTCGCTGATACTAAGGTGATATTCTCTCAAAGACTCTTTGCGTGCGCATGAATGAGAAGAGCACCATCGCTTGATCTATAGAGCTCAAGCCGGCGGTGCACTAGCACGCACCAGGGGGCCCGTGTCCCACCAGGGAGACAGGTTGTTCTGTTCATATGCCCGCGTGGAGGGGTCGACACTATTTACATCCGGTTGTTTGCTTGTAATAATTACCACAGCAGGCGCGCACGCACTGGTAGTTCTTAAGGGCAAGCAATTCACACTCTTATCACCTCCGAGCGTGCACCGAACGGGCCGCTGGCGGTCGCGAAGAAGCGATTGCTCGTTATACAAGGGTATCGAATATGACGCGTGAATAATCCATAATTTTCTACTTTTGCTCCTGACTTGGGTCGCTAGGTTCCAATTCGCTGGCGGATCACAAGACTTCTGGTGCAACGCGCTGCCATTGGTTGGCAATTGAATATGTATAAAAGCCCTGTTTTTATTCCATTTGAAATTGCGGTTTTATACGTCTATAATTTTCCTCCATTACCTTTTCGTCCCCGAGCGAGCCCCGAAAGACGATCGCTTCTCTAACTTATCCTGTATGCCTAGAAGGCCACGAGAATGATGAAGTGCGTTCACTTGATCGCAGCGGGAAGATGCAAATCAAGTAATATGATAGTTTACGCTGGCGCTAGAGCTCGGAACGTCCAGTGGCTCCTTTCCCTCTTGGTAGTCTTTCAGATAAATTTGTGACTGAAGCCGTTTCCATCATACCCCATTCGCATCACCGCCACCGATCAGGCCGATGAGTCACAGGCTGACGCCTCGTGCCAAGGGCCGATCCTCTTCACCAGCCCTTTGCTCGAGATTCGCATGAATAAATCTGACGGATAACGGAGTTTTTACAGATGTTGCCCTTACTACCAAACGCCGCACTGAGGTGAAGGAACCATGCTGCA,1395,50.54,Homo sapiens
SEQ_434328,CCCCCTCGAACATACCATTACCTTCCCCCCAGCAACCTCCCACGCAGCAAGTTGACACTTTTAGTGCTCGTTCTGTAGAAAGTGCAGTCT,90,52.22,Escherichia coli
SEQ_205170,CACTGCAGGAGAAAATCGATTGGCTCAACTATGATGATTAGAGGTCGCGACGCGAGGGAAGCTACCCTCCAGAGGACACAACGGTGATCCCCTCGTTGGGTGGTCTGAAGGTGATCTGCTATGCGCTGACACTACACAACAGTAGCTAGACCAAACAAAAGTAGCCTCCTGGTAAACCGCGTATGCGTTCTTATTCATAATATGGGGCAGGCCATAACACTTGCGGGGCGAGTCGACGGGCGCAAGCGAGTTCGCTCAGCGACAGCCTTGCATCCTGCCCGGGCGGCAGAACAGCGCATCGCGCACTTATTGCTTCACTGGTTCAGCAGTAGACGTATAGATGCTGCGGCCGACCGAAAAGGCTTTGGACGGACGCCCTGGGGATCTCTCAGCTGTTGTGACAGTGGGTACGCGACGCCTCAGTGCTTAATGCGTGTTGAATCCCGCCATCTTTCTTAATCGAGAAAGTGAATGAAACTGGCGCGGTCAGAACCGCGGCAAAGTGTGGTTCACCCCATACGATGTCCGCCCACCAACCTCTGAGCAGTTTGCCTAACATTCGGATTTGATCATACCCTACACCAGTACGACTCCATAGCTTTGATACAGCCTGTTTAGCGCCAGAATGCTCCCTATTGTTTGTGACCGGCGGTTAATTCGAATCGCGCCGGAACGGACACTGGAAGTAGACTAAGACTGTCAATGGGAACCCGTCGTACTGCGAATACGGAACACGAAATCGATAGGGTAAAGCATTAATGGCCTTACTACATCTTGCGTATGCTCCATCCAGACTAAGTAGTGTGGAACACCCCACTGGGAACGCGGAAGTGTGTTGGTCCCACGAAGGAATAGCTCGGAATAACTCCCTGTCACCATACTTACGGACAATTAGTAGATCCCCCCATCTTCGGCTTGCTCAATTTTGCCCGGCCATGAGCGCCACAGTTAACCTTTGCTCTCGCTTGAATAAGGATCGTAAT,983,52.29,Mus musculus
SEQ_223789,GGGGTAGCAGTATAGCCCTGATGCTAAGAACTTGGGGTGACAAACCGGTAACACAAGGTGCTACAGAGTGGGAAAACCCTCAGGCTCAGTGTGCACGATTTACGAGGAACCCCAGCAGAACGCCATACGTCGACCCCGTGCCAGACCAGCACTTTAGCCTCATTCCAGCTTCTACAGCTATGCCTATTTCCAAAGGGGGGTAGGACGGGATTCCACACCCCAACCCACGTGGGGAGCTTCTCTATTGTTGCCGACCGCGGAATTCCGCAACCCAGTCGATCGTCAAATGATCGCCATTCCCCGTGCCTGTGTTGGAATGGGATGTAGCGCGTCTTGTTGCGGGCCCTAATGGGAAGATTTGTATTTCGGTGGAACAGTGCCCTCTCGCTATCCTAAAGTATGGGGACCAATAACCCGCCCATCATGCAGGGGGCATAAACGCTTGAGCCGGAATTGGAGGGGGTTCGTGTAATCGTTACCTATGCGCCCCTGTATCGCAGGGATGATGACTCCCCTATGCTGCCGATCCGTCCACAAGGACTGGGTCCGGATAGCCACGGCGAGCTACCTTACTGTACTTATAAGGCCTGGGCGCTCTCGCCCAGAAAACGCAGTGGTCATAAATCGTCTTGGCGCAAAGAGAACTTTTAGGGGGACCTGGTACCTTTTCTACCGGCAGCACCTACGGTCATGCCGAGAGAGGATGAAGGCTTTTTTACTGCTCATAAGTGCCACGACTAAGATCCGCTGTTACAGCTTGGTTTTAGAAAGACCTGGGTCTGAGACTCGTGCTATTTTATAAATTCCCACCCCCTGTAACGTTTGGTAGGAGAGCTATACAAAGCGACTTCTGAGGAACAGTAAAGCCTAGGGGACTGGTGGCAGAGTGGCAATCACAGCCACGCCGCACCCAGGGGTCGCGGTAACTGTCTTCATATGACAAACGGTGTCGACCACTTGATTGGATCCTCAAGAATTGCACCGGAGTCGCACCTACGCGTCGAGGTGCCCTGTGCTAGCTTGAGAAGTTGAGACCCCGACCGAATCGCACAGGGTTTCTGAGAACGTGCAACTTGTGCCCAATATGAATGTGAGCCGGGCATGTGGTTTGAGGGGTGAAGTTTTCGGCAACCAAAACAGCCAATAAAGATCCAATTCACGCTGCGTGGGGGACGTAAAGGGCTTCACTTAGTCTGAAACCAACGCCAGTTAACCGTACTACACGTGCCTCCAAGTTCATTTGTAACGCGACGACTGTCGGGAAAATCACGTGGGTACCCGGGACAACGTTTGGAGCCGGTTCGAGCGTGACCTCCTAAATAGATCATGCCTAAGGATCAGTCCCACCCGCTTGCTACACTAAGCACGATCGTCGCACGGGCAATTCCAATAGCACATCAGGAAGAATGTAGGGCCGATAATGCTTTGCGTATTACTGGTGCTGATGCACAATATATGTAAGGAAGACGGGATTTAGTGAATGGAGACTACAGGACCGGGACGTAGGTTTTGCAGATGTACCGATCTCGGCGGTTGAGCCTCCATTTGGGTTAGGATACA,1560,52.69,Caenorhabditis elegans
SEQ_445263,ATTGTCTTTCGATTTCGCAACTAGTTGCCTATGTTTACGTGGCTTTCGATCAGGTTGAAGTGTATAAAAGCTATGAGTACTCACTCCCGCCGGTGCCCCGGTCTCGTGTAGGGAGGTGAGCGTCGGCTGGGATACACCTTGATTGCCCACCCATCCGTATCACAGCGTTAGCGCCATGCGAGCAAATGTTCAGTGAGCAGTTAGGCCCCTCCTTTGGTGTGGAACGCTTCCTGAGTTCGAATTGTCTATGGTTTGTGCCTCGTACGCTACGGGAGCGCCCGTAGGCTGCATACGC,295,53.56,Arabidopsis thaliana
SEQ_294524,TACTGGGGGGCAATAACTAATAGTGCGCACACACGATAATGAGGTCTAAGTGGCGGGGCACTTTCCAAGTAACAACGCACCCTATCAGTAATGTTACTATCACTTGATAGGATCTGTATCGGGAAATTCTCCCCGGAGCGGTGGCTGGCTCAGGATTTATATACTTTCGTAGTAAACGTCGTAGTGGCGTGTCGCCTGCCCCGGATTGACAATTGTGGCAGTAGGGCGACGTCAAGGGACGGCCGTTCGAAACAACACATTTTGTCATTACGAGTAATAGCCTCCCAGCTTTGGTTAGACTGTAGAAAACTGAATGTTGCGTTCGGTAAGCATGGCTACCGTCACCACGCATCTTATACGAGGGGATCTGTTAAATAGTTCCTCTCATTATGTCGACGTGAATCAGCTGTGTAGATAGTTATCTACTTTTGCGGCACACAGATAATCAGCAGCTTCCGGAAGTTTCGGCACCTAAGCGCCTTGGGCGACTATTGGTGCCCACTGATACGTACTCGGGTGTCAGGCCGTGCGTGAGGAGATAGTTTGAGCCGAGGATTACAGTTCGCAGTCCCACACGGTTCCATGCTTCCCCTACGGTCCACGTGATTAGTGACCCAAAACTTATAAGTAGTTTGTAATTACATAATTGCCTACAGCCTCTATACCATGTCCTGTAATGCTGCAAAAGTGTCCCGCCGATCCTCGTCGGCGAGACGCAATCCACACGATCTTCCGACGTGAGAGGCAAACTATACATGCTCCCAACCGAGATGGGGTATTCCATCTCGTCCACTGACAATGGCTCTGAAGTCGCAACAAAAGATTCTGACCTGCCGAGAATGTAGGGGAATTGAATGGGAGGAACTTATCCCCTTCAGTCAGCCTCGGAATAAGTAGCGTGTACAATCGGTTCAAACATAGACACACGAGGTCCCGTAGTTCATTAGCGAAATTAGAAACAAATACTTACACCTCGTATTCGGTATTACGCTTCACACAACGATCATCTTCTTCGGTTATGTGCGATCAATTGCGGTGAAACAGCCCCCGCCGGTAGACAGGGGGAAGGAGTTAATCTGTGCGCTCCACTACCTATAATAGTATGCGGGATCCCTGCTGGCGGACAAGATTAGAATAAAACTCAGTCTCTACGGACTCCGAACCTAGCGCACCGGCCTACCGCCCTGCGCTAAGATTTAATAACACGCAAGTTTGATATCTTTCCAGTGACGCACTTTATGAGCCAATTAGAAGATTCGCAGTCCGGAAGTCTCTCACGCACAGTAATGTGTCGTTATCGTGTGCAGGCATTTCGTCGGCATCCGATGGGCCAACAGACCCTCTCGTCCTCAGGGTAGTATCATGACCGCACATGGCTTAGAGTTAACTGGTTGATTATCAGAATTTACGCATTCATTATATGAGCCGATTGTGGTGAGCACTCACATATCCTAGGCCGACGGTAGCAAAAACGGTGTGTGTAATTTATAGTACTAGGAGACTCCCGGAAGCTACTCGAGGGGTCGTGATAGCTTGCGATCCGCCGCATTCGTCTGCAGTTGATAGGAAGATACCCCGGCTTACTGCAGGCGAGGTGCAATGCGTGGCTGGCCGCCACGGTGGATAACAGGTCTGTTATGTCCGCCGAGTTAGGCACGGCTGGGGCGAATCCTGGACAGTTTCTTCTGCATGGGTATCGATTTTGCAGCGCATTTGCCAAGTCCTCTGACAGATATGTGCAGCCCCTTAGGACGATTCTAAAAAAGGTGATTAACAGAATGCGTGCATATGCAGGAGCCCACCATCA,1807,49.42,Saccharomyces cerevisiae
SEQ_484044,CGGTCCGAACATTTTTTTAGGCAACGAGTTACCATCCCCTGGATTCGAGACACATTTTGTTGCGCCACGACATGAGCTTACCTTGAGACAACGATGCCACAAGAGAGCACGATAGCTAACTTCGAACGCATAGATTCGACTTGAGGGATACTGGTGTCGCTCCCGACTAGATGTGCGAGTCTCAAACTGAGACCTTCGCGAGGGTGAGAAGCAGTCTAGGGGCTATGGAACTGGCAGTCGTGGCACGGGCAAGAAGGCAAGAAGTTGAGCGTGTCTGCGAACGATAAAGTACACACTCTAATGTGACACCAAAACCAGATAGGCTTTGATTCGTCGATGCAGCTGAAGTTAGTGACCTTCTTTGAAGCAGAAAGTTCGGTGCATCCCATACGTAGCGATGCCATGATTGCGAGAGACGGTCATCTTTCGGCTGACAAGGGACCTGTGAAACC,452,50.22,Escherichia coli
SEQ_648409,CGCAAAGTTAAACGTTCCCCAGTCCGACTCGGAACGCGGGTACCGATGGGAGTGGCCGTACAATAGAGTGCGGACTGATCGGGCTATATGACTGCATAACGATCAGTACCAATAGCATAAAGCTCCACCTCCGTAATTTTCGGTCACGCTTCCATCCCCTCTCGGACAATGGGTCGTGCACGTACGATTGATACCAGGACTCCACAAGATTAGGACAGATATGATCTCAGGGCCGTGGGATATCTTGATATGTCGCTATCCATAGTTCTTCATCTGTTATTTCGCTAGCTGTGGAGTATACGCAGCGCGGCTCGGACACGTACAATGTAGCCCCGGCCTCAGCCCGGCGCTACGAACACTACCCTATCCAATTGAGACTCCCTTACTTACGGATTGGAGCCTGAATCGGTCTACAGACAACTCGGAATCGCGGAAGTCTCTTGCTATATTCCTAGAATAGCAAGTGGATCCTCCTTATTTGTAACAACAAAGCATTTATGGGCTTCTTCTACGCATCGCTTCCCGTATGTAGAGCCTGCATTATTAGCGGCAGGGGAATCCCTAGTCACCCCCGAGATTGAGGGGAAGTAATGTCCCTTGACGCTGATGCTGGCGAGCGTACGAAGATTGGCGCATCGGAGTGTGGTACAAGGCGGTCGCTGGGTATGAATTTTCTGTCAGGAAGTGATATCACTTACGCCATTATAACCACAAACGAACCCCTGATGCCTGGACGGCGCCTCTCCATGACATAATAATCCATCTTGTATCCCCCCAGCAAGGGTAATTGCCGTCTCGGGGGTACGACGACAGACGGTACATGTCGGGGGGGTTTCGTTACCCTGCTCTACTATTGGACGGTAAAAACCATAAGGTGGCAGACTATTGGCAGACAAGCTATGTTACGGATACATGGTCCATAGTGCCAACTTTCGGAGAGGATCAGTAAAGCAGTCAGCGTTCATCGGCGTGAACGCTAACGGCATTGTGGGACAGGGGGTTTCTAGCATGAGCGGTGCCTGAGTACTGCTCTCATGCGCGACAGCTCGTTCGTCGCCGATATTGATGACAACTGAAA,1078,51.21,Mus musculus
SEQ_362483,GTTGACCAAGGTCGAGCCTTTTAGAACACCCCCATAGCGGATATATTGAGGCATCTAGTCGTGCGCGCTAGGAACCCGGGCGCGCCACGCCTGAAGCCACAGATATGACTATTGGGGTTGTCTACAGATCGGTTGTTAGGGGTACAAAAAGTTAATGTGATTCTGTCACCGTGCAGTCTTTTCTGCGTGCTCAACTGGAGTACCAAGAGCTCACTGCCTCGACTGCGAAGGGAGTTGACTTACATGAATCCTGCCTCGAACGGGTATGGATACCTGTCTACTCGTGGCATACCGTGTTACAAGATGAAGAATCAATTGAATGCCGGACGCACCAGCCCCTTTGATATTGGAAAGAAACAAATCGCAGTTATAGGGATCGTCGATTTCTCAAACACTAGAGGCAACCGCGGACCAACGAGCAAGTGCGTAATCAAACAGGGGACGAAACATACCAGCAGATAGGGACCCCTTGGCTCTCTTTAATGATAACCCACCAATACCGAATACTTTAACAGTAAGGACGTAAGACTCTACATTCTCGCCGCTTTGTACCCTTCCGGAGTACGTGTCGGATGGG,577,49.57,Caenorhabditis elegans
SEQ_787146,GGGCATTACGTTAGACCCAAGGCCCGAAGCAACGATAGACCTCTGTCTCGCTATTAGGAATACTAGATTAGCCAAGGGTCTAAAGGTATGTAGCTTACGCAGAATCGCATCCAGTACCATAGCCTAATGTGATCTCAATCGTGGATGTCCATCGCGATTTACTCGCGTAGGGTACTCCCAGTACGTATCCAAAGTTCCGGGGGTTGGACATTGGTATAGACAGGTGGTGAGCTCTTTCTAAGGTGTTCATCAGACCCGACAGTGGCCGGTACATATATTCCGAACCACAGGCTAAAAGCACTTGGCTCTCTATTCTCTCCACGGACCCATTTGATCACCTCTAAGGATGAGACGTCACAATCCTCAACTGTGGGGCATTGGGCCAACCCAGCAGACTCACCATGCAAGACTCGATTTGGAACGGGCCTTCGCTGTTTGACCTTGGCTTGGGCTGACGGGCGCGGAACCGAAGCCTACGGTATCGCTTTGTTCACTATTGAGCTGGGCTTATCTTAGGATTGTATCCTATACACGATCAGTGGCCGTAATCCATTAGACCGATCGCCGTCTGATTAAAGCGCAGCCGAGATAGGTCTCTTAGGAGACTACTATCGCTTTTGGCAAAGGGGGTTGTGGGTCCTCGTACTTGACCGGTTAAATCCCACAGCTCTTTTTTTCGGTCCCCGTTCTCTAAACAACTATCAAAAGGTGAGTGACGGACGCTATAGTGGCCATACACGTCTAAACCCTTGCATTAGAAGCTGGAGTCCACCCTTAGCTATTCGCAATAGAGGCTCAACTGCTGAGAGGCCTATTCCGTACCACTGCGCAGCACCACAGCCCCCGCCGTCACGACGGGATAGCAAACAGGTACATTTTAGTCAGTCTCCGTGTCCCCGCTCGATACGTTTGTACTACATTCGCAAGACGCACCGGAGTCAATTCTACAGCGGTATGTATTCTACCAAGAACAGAACGTAGTATGAAGGGTTATACTAATGGTTGGTTTCGGGAATACTTGTCGCCCTGGTCATACACTATTGGCCGTGATAAGTCGGATCGCTGTCAGCTCGTCAGTCCTCAT,1084,50.18,Caenorhabditis elegans
SEQ_425265,TCTTCCCGATCCGGGCCCTGAAACTAATGCGGAACCCGGAAATTCCTTGCATCGTCGCCGCGGGGTCGCTCTGGGCTATCGTAAAATTAAAAGGGTAGGTTCGCCCTTATGGCGCGTAGTGTCAGCAGTCGGTGAATATAGGATGCAACCCTAAGGTAATGCACAAGAGACGTGCTGCCCCCGTCCTTAGGCCTTCACGCAACAGATCCTTCTAGAACTCGTGCCTATCGGTCTGATGTGACTACCAGAGGTGAGGGCTTGCGTTCTCAGCAGACGCTCCGTCCAATCCCAAACGCGGATTTCTTTGATCCCGGGTGACCTTCTAAAAGCAGTGTTATTCTGTCCCTCCGATATGATTTAGTGCCGGGCCGTTTGATATCTATGTGGCCCGGTAGGCTAGGTTAAAACTATGCTCAGGATGCAGTTGCAAGCGGGGGATAGTAGTTGAGCGGTTCACGGGGGGAATAGCACGAGTCAGGGATCTCTTTTATCACAAGACCAAGGTGTGTGCCCGTAGAGCGGAGGACACTTCGGGGTGAGGTGGCAAGATGTTTCTATGCCTACGCATCTAGGGCCCGCATCCGGTCTCGATAACGAATGTCCTAGAAGTGTCCGTTACTCTTGCAGTTCATCATGGCCAACTGTCCAT,649,53.0,Mus musculus
SEQ_778208,TACTTGTGCGTGGGCCTTTCGTGGGTTTATAGAATATGTGCGCTATTATACGGCAGACCCTCTGACCTTCAGAAGAGCTCAAACAGACACCACGGGGAGGGGGGAGTCAGGCAAGAATGTCGCATGATTAGCAAATAGAACAGAATATGTAAGAAATTCCGACCCTTATAAATCAACGTTCCGCTACATGGTTTACCCTTCCCAGCAGTCCTCACGGGGAGAGCTTGTCCTAAACGAGTCCTGTCCGGTTGTCTTCCTCGGCCCGAACAACACATCAACGTCACGCGAAGATGTGGACTTCCTTGACTTACCTGGGGACTCGTGTTAGAGACTTATCCGCCCCATGGATAGGTAGACGAGCTGCATTCATCGTTGCACCCGACTTTTTACAGGTAGAACGTAACAAGGATAGATAGGTGCTAATCGCGGTCTCTCAAAAAAGCAACGTGCACTCTTGGGCAGGAATCTACTCTGAAGATCAAGTCATGGGTCGAAATTCGATGTGCGACGCAGGCGGTTAATTCGATAGATCGACGCGCTCTAGAGCGATTAAACGTTGTGCACGTTAATGCTCATTGGTCGAGAGTATGATAAGGGAACTTCGGGTGAAGACAAGTTGTTTTGTCTTTCTCTCTCTCCTGCTAATATTGGATTTATCTCTAGGGCTACAACCTGGAGTCTATGGCAAGTCCAGACGAACGGATTACGAACTCAACCATTCCTACCATCACTAACAGTGTCATCTAGCCTAGAGTTGCTGTACGGGATCAGGTACAATTACGGTCGATCGCAGCGTAAAAACGGGGACATTTGATACTGCCCTGGTGGGTTACTGCTACGAAAGCTTTCGCTCCGTTAACCACTAATTGGTGGTACTCGTGGAATGATGATTTGGGGCATGTGATCATGTGGGCGTTAGTGGGGGCGACTACACGTTATGAAGTCCACGGGCTGAATCAATCGCTCGACACTAACTAAATCCATCGTCCCGGACTAATGAATGGCCGGACACGCGACGTAGTATTGACCGTCAGTAAGCGCGATAGAGGAACCTAGGCGTACAACTCCATAATGCCCCACGGATGT,1086,48.8,Mus musculus
SEQ_860467,AAGACACTTCAATGCTAGGCCGAGTATAACTTGTTCCTAGAGGTTAGCAATCATATAAAGGGGCTCCCCTCACCCTTTGAATGCGGTGTGACCTGACGTGCCACCCATCACGCATACCAGCAAGTATGGATCCAACGCCAATGCACCTAGGGAACTACTGGCAACCTATGGTGCACGTGACTGTCCACAAGACGATCGCCTGCCTTGCGGTTTGAGTTGATGGCGTTCATATTTTTATGAACTGAACGGGTCGTATCGCCAATTACCTCATAACAAAGCCTATCCCACTTTGAAGGAACCTCATGGTTCGGGACGAGCTTGTCTCAGCCACGTTCAAGTAATAGGGATGCTATGCCAAGACGCTCTAAAATTCAGTTAGGCCCGGTTCACCTCTCCTTATTCAATTAGAGACGGGGACGCGACTTGCTGTATACGGAACAGTTATAGGGCCTAACCCCGCGGTCGTCATATTTTCACTGCTTTTCTAGGCTGCATACTTAAACTCAATAAATGGGTATTCGCGTCACCGCGAGGTATTGCAGTTAGTACGTCCCTCACACAAAGTGGACACCAACGCACACCTACTTCCCGATATGCTTTGGCTGTAACTGGCGCGTGCCTCGGTACCTCCCTCCCGCCCCTTGTGCTCGATGGAACCTAGACTTGGTGTCTTGCAGCTCCCGCCATAGACAGACCCTAATTAGTGCATACGATAAGCGCCCATGAGAACAAGTGATGTTTGGGCAGGAACTGGGAACTAGGAACTAAGAGTCATGGGCTTGGTGTGGCAGGCTTCTGCCCTCAACGGCCTTGTGGACTGCGGCGTTACACGCAGGTTCGCCCTTGTGTCCCGCCGTATCCTTTGACCCCTTGCTCAACTAGCGTTTTGTCCGAACGAAAAATGCAACCTCCTGAACAGATCGGTCAATCCGCTACTAGTTCCCTCCCCGTTCAGGAGCGTACCTTGAACGGCCCCCCCTCCAATGTTTTTTCAGAATTGGGGGGCAAAGGATTCACGTTTTCATGTGTCAACTTGCTTCACTTACTCAAATAACGTCGGGCAAATAGGCTAGGTCGATCGGTAGCCTTGCACGCCGACACCTGCAACTGTAAGTCGGGGTTAAGGATTCCTGGACTACGTCAGAAGCAATAGACCCCCACAAGTGAGCCAGTAAGCAAACACTATGTGGAATACTACCAGAAATCGCAAAACCGTAGCTACGAGGGCTTATTAAAGGAAGCCCATACAGCCTCGACAACGAAGATTGCCATAAGGCGGTGGGGAAAAGTGTATGTAGATACTAGAGGGAGGGTGGCAAGCAATAGATTCGATCAGCGCTGTTTTATAACAAGCCCGTGTTCGATACCGCGTCGGGTGTCAGGTTGAGATAAACAATGAGAAACTGTCATCATCTTTCTCGAGTTCACTTTTCCGTCCTTTTTTAAGCCGTTATTACACTCAGTTAGGTAACCAGCCTACGCTTGGCTGCTCGAAATCGGCAATTTTCCCGCTGACCTCGGTTACCCGAACGTCGCGGTATCACCCATGCGCTGTTATTGA,1561,50.22,Arabidopsis thaliana
SEQ_199683,GGAGCGACGACTCTGCAGTCGGACATGTATGGATCCACCGAGTGTCTAATAGTGTTAATGTGCGAACGACAGACGCGTTTGGGCGAAATTTGTCCTCACATGGCGTACTTCGGACTCAGAAGCGGCCACAAACGAAGCACCAGCACTGAAGTATATCCCTGAGTGTAAAGTCACTACCTTGGGCCCGAATAAAAGTAACCTATATGAGATCCTACCGCTTGCATCAGGCATGCACACTGTGTGGACGTTGGGTGGAGAGACGATGTCATCGTGCCGCATCGAGGCTGTCCAACTTCCGCTCGCATAACCACTAAAAAGCTATACAGGTGCTAGTTAATGTGCTACATGGGTTCCCTTCAGACAATTACTCAAACGTAGGGCTATTACGATCCTTTGAGAGCAGAATATCGTAGTGTTGAGATTACTGAGCTAGTAGTACGATTCGGCAGAGTTCAAGTGAGCGGACTATTAATGGGCTGCTATA,484,48.35,Caenorhabditis elegans
SEQ_143415,GCATCCTAACAGGATAGGAAGATCTGGCCCCGCAGTGATCCGTACTAGGAGGTTAATGCATGTCGAATGATTATCGAGTAGTGCTGCCCGTTTCTAGTACCTGGCGCGCGGCAAATGTATCAAAAGGTAAATGACGAGACCAAAAGACGTGCTTTGAGTGATGAACAGTTGCATAATTACGGTTCTGTTGCATGTCAACATCATTACTACTCTATCGGCTTCACCATTTGCTAGACCTTTCTCAAGGCAACAAGGGGCGTAATCCGGAGTTCTTCGTAGGACTCTAGTTGTCTGAACAGAGCAAATTCACGAAAATCCAGCCCGGCTTCAACCTAGTCGCCATAGTCCTTGAAACGGACTGGAAGGAATCCTATGGATCCCGGGAACAAGCGCTTCTATAGCGCGCTCGGCAATCATGCGGATATTACCGTGTAGTTTAGGAACGCATCCGAATTGTAAGAGAGGCTCAGTAATTTTTTCAGAGTCTAACCCATTCGAATTCGACTATGGCGCCCTCAGATGGTAGGGCCCTGTCTGAGAGTTGATAACCCGGGTCTCTCCACCTTTATACAGACCGTGCAGAAAACTGTGCAGACGCTAAGTTTATAATTACCTCCTTGTTGCACGCAATGTTACGCTTAGATGACCACGCATCTAGGTTTGGAATCCGCCGATTACGCCGTCATTGAACAGTAACGAGGGCATCCGTGTGGTCTATAAGGTCATTAATAGCGCGATTCTATCTTTTAGTAGTAGCTGTTCAATTTAGCCGTGAGGCGGAAGCCTTTTCCGCGAGCTGCGGGTGCGAAAAATATTCCAGCGCAGCCCGAACCATCCTTTGATGCTCAACGTCCGCAGTGTATATGCAAGATATCAACGTCTCATACGCTTTCAAGTACGTGTTTGGGCAATAGTCTCTTCAGTATTTACGTACTTTTCGAACGCCAGTGAACGAGGAGTTAAACCGCCGTTTGGAATTGACCGGCAGTGGAATCCCGACGATAGAGAAAAGTAGCCTAGCTGTGGTGCTCTGCTTTATGAGTTGATATACCAATTCTCACGAAGCCAAGAAGGACGGGTTTTAGATGCAGACTCGTGATTACACTGACGGTAAATGTGGAGGGGGCGACTTTGATGTCCCTCCTACCATCTTTGGTTCCCCCGCACCCGGATTAGTAAGCACTGGCACGATTGCAAGTCATTGATTTGACACAATTCCTTGGACAGACCATGGTATTGTGAGTTAGAGGCACGTTAACGCGATTATAAGATGAGTGTGCCCACTCCCACGGTTTTATCCCCTCTTTCGCGAGCTAGCGACCCAACAGCACGCTC,1335,48.01,Homo sapiens
SEQ_167843,AGTCATCAGGTAGCGTCTCTCTGGTAAGGAGATGGTAATGGTGGATGGTTTCGACTTTTAGACCTAATTATGAGAAACAGCGGCCCACAGCACCC,95,48.42,Saccharomyces cerevisiae
SEQ_682683,ACTGCGCGCGTGCTTTGTAACAGCAAAGCAGGCTCGTGATTGGGTATCGCCGTAAAATATATTTTGGATTTCCGCGGCTGATCGGTGATTTTTGGGGCAACTGTACTAATATCGCGATCTGGCTCCTATGAATCGTCGGGACCCTTAGTGATTCTACATAATTTGAGCTCGGGAAGTGCGCAACGACGGGGGACCGCGTTAGCGCCATCAACGCAAGAATAAGTCGCTCGGCAATCCATCGTAAAGTGGTCAATTCTGACCGTGTGCGTAAATAATACTACATTCCAGCGCGCTCCCGCGCGCCAGGGGAGGTGAGATGTCTTATGTGCCGGTACGTCTTCCACGAGCTTATTAGCACTCTGTAGGTAATTACAACCGTCGAAATAGCAAGCTTTTGCCAGGTCGTCAGTTATGGTGACATAACGTGCCACTTAACCCTCTTGTAGGGGAAAGTTGGTGTCGAACCTTCTCGACATGTCCCTACGTCATGCTCCGTCCATCGAACCAGGTGCCTGACGAATCTGGCCGCCGAGGATTCGCCCTGACAGTGTCAGCCTCAAAGCGCCGAGACAAGGCATATTACGTAGAGTGGAGCGTTAGACTCACACCGAGACCTATCGGGCCCGCTAACACATCCGATATCCTAATTTACTAGCAGTAGCTCTATGCCAGTTATCGGCCAGGGTTTAGCAACTGAGCTTGTTCAGGGGCACAGGACCCTCTCGTTTAGCTCCAGATGACAGTTTTTAGTCCTTTTTTTCGGGATCTCGACGTCGGATGACCGCCACCGAGAAGTGAGTCGTGATGCTAAGCTACCTACTGTGGCTATAATACCAAATCGAAGAGGTCCCTTTGATGTGGTCGATTCTCTCAAGATTGCCCACAAGCCTACCCCGACACCGATCCTCATTTTGTGGGCCAGGTACTCCGCCTCCTCTAAGCGTGTTGTTTACCTCATCCCACCCTCCACCCCGGTGATGAATAACTACC,990,51.52,Homo sapiens
SEQ_637531,AGAAGCAGATAATGTCGGTGAGGCCACAGGATAGTATCCGGATGTGCAGACGTCACGAACTTTTCAGATTACGTTGTGGGGGTGAAGCCAAAGAGGAGCACTGGGGAGGCAATCATGTATCTACTAATTTCAGCTATTAGAGTCATGATACATTTGGTCTAAACTTCTATGAAATCCCTTTGGAAATTTGGTTGACCATACATGGTCTCCGCCACTATGCCCCGGTTTGCATGATAATGTAACCTTCCAAAAGCCCGCCCCGACCCTCCCACACTACTTAGAAGATTTTGAAGACTTTCTATAAGAATACCAGGTTGCGGAGGAGATGGAACCGCAGCAGACTATCCTACTGGCACTGCCCAGGAGGTTTCCAGAGTTAATAACAGAGAGGCACTTAAACGGGTCAGCCGCCCGAGACGCACTAGGATAGTGCTATGCGGGGTTGAGTGATGTATCCGCTCCCCTCACTTTGGTAATCATGCTTTCGTAGCTGAAGGGTTCGGCACTACGTCTTGGCTAGACCGAGTCTAGTCACGGCTTGCTGGAGACAGACGGATAGCAGACCATACATGTAGCGGTG,580,49.14,Mus musculus
SEQ_699446,AGCAATTACAGCAACCCGGTAAGATTACTATAGAGTTGCTTCGGGGTAGGAATTTTCGACCCACGGGGGACTGGGTATTAGCCTCGAAAAGTCCGTTCACCCTCGTAGGTAAAATTAGATTGCTTCTCCTCCCGTCCGAAAGGAGTCTTGTTTATTTGACTCAAGCGTTTCCACGCGAGGAACACGACCTGGGAAAGGCTCGGATGGCGCTATCTCGGGGGCGGCTCCGATAGAATGCGTCTAGGTGGGTCATCGGGTCGCATTCGGCCATGGACATGGATTAGCTTTAGGTAGCCTGCAGGCACTCAAGACTTGGAACATCATTAAGGAGTACCGAGGGATGTCACTTGCTCGACTACGCCAAAGGCTTAAGGCCGCTCAATAACATGGCGACTTTCATTTGTCCATCTCTCCAACGTTCAGGGACAGTCAGCTGGGCCAGCCCCTCCCCTCGACTCCGGATGGGTCATAGCCACCGTACTATCTTCTATGAGGAGATCGGAGAGCGGCTCCTCGTTGTATTGCCAGGCATTACCCCACTGGCACCATCCGTAGTCTTTTTGAAGCAGTTGCTTGATTCTCGTCGAAAGAATCCACGATTCATTATATAGCAATCAACCGTCTCAGACTCAGTATCTCCCGCCTACTATTACCGTCAAAGGAAACCTGTTTGCCGCTCCGGTAGGAGACGAAGAACGGGGGGATCCGCACTGACGCCAAGAACCTGAGCAGTCTTTGCAGAGGCGGCTTTTCAACTGTATCAGCTAACCTAGGACAGTCTGAGATCTCAGTGGATACTTCTATTTTTCGGAGAATAGCGTAGGAGATGCAAAATCAACTCGCGATAGTTGTGGACCCTTTTATCTCAATCCATCTGTACAATTCAGACCCCATGTGACCCGCCCCAATGCGGCAGGACAGCATTTCCAGAGCCAAACACTTATGGGGTCGGGGCTTGCTTCCGTTTAGAAGTAGATTTTCACCTTAAGACGGATCGTTCTGTTTATAATCACTCGAAGACGTGTCGTATGTATGTGGTACATTCCCCGGGTCTCGTTGCATTCTCTACGAAAATCGTTAGGCAACTTGCTAGGTCGCCACTGGATTGGCCTAGGGTGGTTCTACGATTGCGTCATACTCAGAGGTTTACAGATATGTGGAATGATGAACAGTACACTGCGGTGCTACGTAATAATCAGGCCCTGTCACCCCCAAGGACAAACTGTTGCAAATGTATACATGTAGACTAGTGATATAGCGCCATTCGGCACTGTAAAGCCTGCGCCGTAATCTACTTACACAATTCTCTCCACCCAGTGTAGCTATCAAACCCGTCTCTACGTTCTCTACTCTGAAAGTGCAACACTGTGGTTGGTTTGTCTGGGGCGAAGGTTGACAGCTCTAATAAAGTGTCTATTTCGAGTGCAGCCTGCGTACAACTTGCCAGATTTACCTGCGGTTCTGGGAATCGAGTAATTTATGTAGGACATGAGGAACTTGCCTCCGGCTGGGTCTGTGGAGTCATAAATTACTCCCGTTCGATAACAGAAGACTAAGTTTTCATCGCGCGACCGCCACATCGC,1583,49.59,Escherichia coli
SEQ_846831,TTACCGAGTCATGAAGCATGCAGGTCTTTAGGAGGCAGAAAGCCTCTTTTGTCTTGCGGACGATTCCGGATGCTTCACTCTCGGTACAACTTCTATGCACGCCTACTAGAGGCGCTATAATCCCCTCAAGCTTCCATCTCAAGAGAGTAGACGGACGTGATACTATAGGTCTTCCAATGTCTCAACTCTCGATCGGGGCCTCGCAAACACTTGCATATCGCACGAACACTTCTGCTTTAGTATCTACCGGAGGCGTGTGCACTTCCCATTCGGAATGCCCCGGCAACTTTATGCCGTTGTCTACATGGGAGTGTATATTCCTCCCGCGCAGTTTGCACACAAGCCCATCAGCTTGAGGTAGCCGTACCTATGGCGGGCGGGGTATGATAACGATACATCACACCTGATAACTACAAGAGTTACGGCCCTTCGAGGTTGATCGATCGTCGCATTAGTCGTGCGGTTGGATGGTCTATCTTAACTGCTATAGGTTGAGTGTTCACGAGGGGCTTTGAGAGGCCGGTTAATCAACGTGGGCCCATGAAGATCCTACGTATTCTCACATACGAATGAAAACTATGCCCCCATGCGCATCTCTGTTTTAAGGTCCCAGTTAGTATTAAGGACTTTCCGATTCCTTATATTTACCTGTCAGTTGAACATCGCCATGACCATGGTCCCTTTAGAGACCTCCCCGCAGATAATCCATCAGTTCCCTCGGATCGAGTAGAAATGAATAGTCTGGTTCCTGGTCGGGGACTCCTCAGCGGGGGCGTACGGCCGATCACATGACTCTATTACTATTCGGACGGAAATCTTTATCGACAATACATTGCAGCGGCTCATCGAATTG,853,49.47,Caenorhabditis elegans
SEQ_507450,ACGTTCAGGTGGTCCCTGAATATAAGACGTGCTCGAGGGGAGTCCGAACTCCAACTCTAAGGTAGCTATCGCTATGGGGGGAGGCGCACCGGGTACTGATCGTCGTATGGTCCTTTGGGTAGGTAGCATCCGCGCGAGTACACATTGCAAAAAAACCAAGGCGTGAGGTCGGGGGGAGGTATACCAGAATAGCTCCTAAGGTCACCGGTGAGGCTTGGCATCAGCATTTAGTGCTAACCGGTGGTGCGCATAATCCTAGAGCTCACACACATGAGTTATTGCGAGGGCTTGAGCTTAGACCGGCCAAGGACGTCGATCAAACCAGTAGACTAGGGGTGCAGCAATCTAGTGTTAGGACAGTGGTGCAGCTGTGCCGGCTTACAGGGGTTCCCGCGAACCGCAACGACGCATATTGGGGCCAAGGTCCGGCTGCCCGTCAGTGGGTCAAGGACGATTACGGACGTACGCCGCCGTAAGAAAAATTAGATGTTGGAACTGGATCAGTAAAGAAGGTGGAATTGGGACATACGGGGATGTGTCGGAAGTTTCCGGAGTGGCGTAAACCATATGTTTATTATCCCCATTCAACGTCTTTATGGTCGAATGGGCCGGGTTAATTTTAAGAGAACCTCCTTCTCGCTCCTATGCATAAACTTAACTACCGAAAGCACCCAATGATGGGTCCCCATTGACTTTCTAACACTCTGGATCTGGGCCTAATCTTTTCCCAAGGAGGATGCTCTATAAAGCCTGCACATCAGTCTCGATGTTATGTCGCATCTTGCTGGGGTAGTACGTGCTGACTCGTCTGTTGATTCACCCCTACGGTGACGGGTCTGAGCCTCTGGCTGACAATAGTTGTTCTTTCATATACCAAACCTACCTACTGTTGATTCGATAACCTAAAGCTGGTTGAGCCCAGCTTCAATGTTAGCAGCAGGATAAAAGGTGCCTCCATGCCGAGGAGTTGAAATATTCCTGGGCTCTCTCTCATGGCTTTGTCTATGAGGTTTACCAGTTACAATATACTAAAGTGACACATTATTCTGCGCTTATATAACGGTTAGGGCAGATGTCACTCGCGCAAACCTCATCAACATGGTGTAAGCCGGACCAAACTACCCCTTGCACTGTGTTTCTCTATTGGATATCAGGAACGCTTGATTTCTGAGCTCGCCGGAGGCGAGGATCGTGGGCATATGATTTTACAAACGCCACTATACGCGACTTACTCGAAGAATAATCGCGAGTGTGCGTAAATAGGTATATGACCGTCAATAAAGGTACGACAGACATAAACTACCTTCGTTAATATACGACAACTAAGTTAGCACGATGTGGTCGCTAATGGTCTCTACTCAACATTCACTGTGTTCCCCTTGTATCTTAGCGGTTCGGTCATCGCGTACCTTTTTAGCGTGGACACACTACCGGCGGTAGTGCAAATGAGTGCCATTTGACCTTGCGACACAGTATTTTCAAACTATTTGGTACGTCAGGTCATGCGACATATCGCCTATACGCTGGAATTGAAGAAAAAGACCGGCGATCCCTGCCGTCAGATCGTTCATGGCTTACAGCTACGGGAACAGAGTACTCGCTCTACGATGAACCACTAGTAACAATGCCCGGATACACAGCTACCGGTGTAAGCGGACCGCAAGTCCCCGCTCACATACACGTGACTCAAGGCCATTCTAAGGGAGATAAGGTGGCACACGAAACGTTACC,1731,49.28,Drosophila melanogaster
SEQ_128167,ACCGAGCTTTCCCCACTTCTCCCCTATCGCCACAGTGTCGAGAGTAGTGATCTGGGGAGGCTCACTGGGCACGCCCGGGGGCCGAGGGCTGATAGCCTTATAGCTTGTGGTCTTTAGATTAATCTTGTGGACCCGTTTTCTACGCTCCCGGCATTGGTACTATCGCAACGTTAATGGTCGTGAATCTCTACTAGTAGAATCACTCGAGGAGCTCAGCTGTTACGCCCTTACCTTCTTGTTCCTGTCTGAAGATGGGATCACTCCTCCGCAGACTTGCGTATCATCCCAGTTGAGAGAAGGTACGCTCGGACGGAACAACAACTTCCAACCACGCGCATGTCCTCCGCTCATAAGCGTATACGTCCCCGTATCGTAAATACACTTTGTATATCGGCTGTACTTATCTGTGGGGCTTAAGTGGCGGTCCTGTGACAAAGAGATGCTTGCGCAACGTACCGGCTGTGCTTTCCTAGCTTAGAGACATAGTAATACAGCAGATCGTCCACCTTACCGCGGCCTGTCTGATGTGATGTTTAGTATATTTCATAAAGAATTCCGTCCGATGGAGTCGTAGACAACGGGAGCTTGAGCAATAAGAGTTAAGACGGGTGCTCTTTTTATTGTCTCTCATCGGGGACTGGTCGCGGGTCGACAACAGACTGATAGAAGATTCTCGGGTCGTTACTTTAATTTTAGGCTAAATGGCGCATAGATTATACCAATTCTGCTAACAGCCCCTGGAATCTTCTGCGGCACTGGTGATCAAATAGCTGGCCCCCGCCACCGCAGAGAAGCATGGACGGCCGAGTATGAGATCAGGTGACAGAAAGCTACTTTTTCGGCTGCATTCGAGGCAGGAGGGGACATGCAGTGAAGGCTTACCACGGCCCGCCTCCGTGAAACAACACAACTGTACAGTTTTAGTGGCCTACAAGGGCGGGGAGCTGACCATCGTCTAGGCAAGCATTACTGTGGGGCCTTCTCGATAGGTTAAACTTGACCAACGCAAAACGACGCACGCGAGAGACTTCTGCGCTCTGCAATCGTCCTCTCAGTTAGCCTCGTGCCATTTAAGCACTCTTCCAGCATATTCCACGCTAATGCACCCTACCGGGACGCATGTACATATCGCTTTGAATAAATCTAGTCGGGAATGCCCCTGGTGGCCCAGAATAGTTCTCGCCAGCTGTCTGAAGCGAGTTGTGGGGCCTTAATGTTCAATGGAGCTGCTGTTCCGTCGTAGTCCCCATCTACCACAGACTTAGTGTCCCGAACCCAGTCACGATACTACTAGCCTCGATGCCCGTCTACGACTGATCGATCACTGTCGAGAAGGCAGGGTTCTAGCGCTGGAACCCCTAGAACAAGGGTGGGACATCTAACTTGTGGCTGGAGACTTGGAGACAGTAGTAGTCGAATCCGGTCTTTAGTGCTCTGTACGGATTCAGGATGTAAATCGACTTACGTAAGGGGCTACACGAGCGTCGTCCCCCTTCCTACACCTACAACGATTACATCCCTCCTTAAAGACGCGGAGAGAAT,1542,51.43,Saccharomyces cerevisiae
SEQ_560135,TCATGTGTAACCTATCGGCCAGAGCTTGTGAGAAGACATAGCGTTCGAAATGATCCTGTTGTCTGTACCAACCAAGATTCCCTCGGTGCTTTTGGGCTGTGATGGCTCACCGCGCAGTCCTCTCTATATGTGAACTCAGCGTAGCTTGGGAATTCATCCTCACCACCTGCGATGTATAGATACGTCGGCAAGCTTGCGTTCTATCAATCACGGGGTTCTGCAGTAGATAGTGGGGACAGGACACAGAGACGGAGGAATCGTTTACATTGGCTTCCATAAGTGAGCAGCTCGCCTTCGTAGGCAGTCAATTTAGTCTTGAGCGCGCCAGGGCGTTATAGGTACGATCCAATATAGAGCGGACAACGACAGAATCTGTATCACTGGGGCCTCAATCAGGAGTGTCCACCGGCAATGGAATCTAGCTATTATCGGACACCCTGCAACGTGAGTTGTTCGGAACAAACCGCGACTCCTAGCCGGGCGGGGGAACACACATATTTCTGCAGTACGTGTCAGTGGCATCGCGAGCGTCACCTGTCAAGTCCCCTCGCACACCGCGAATCCTTGGAGATTACAAATTGCGGCTCCTGCCTATATAAACTTATGTCTACCTTTATCGTCAAGACTTGGCCATCAGACCCCCCGGCTTTTACTTGCCGATAGTCACTGTGAAGAGTTCAGTAATATGCTACACACGCGATAAGATCAACATAGCAAGTGCTGGGGGGAGGTAGGAGACCGATCGGTGTTGGGTACCGTACGATATTCGCCGGCAGGCTGGTCCACAACTTTGGAATATATATGACAGAGATTTTTAGTCTGACCGACTTTATGGGATACAAACGGTTCTGTAGTCCCGTCGACATGCGGTGTCCGATCCTCGGCTATGGCATCGAAAAGGAGACAGTGTGGTGAGAATCCATATTGGAGGTCCCTGGGTACCTGGTTAAAGCCCCCTCTCCGCGTC,967,51.09,Mus musculus
SEQ_680891,CAATAGTTTGGGGGGGTTATGTCAGCGGGACGATCATGAGTATCCTCGAGTGGAGGGGACGGAATGGCCAAAGAAAGACGGAAGCATTAGTCGGGGGAAGCAGCTCCGCCACGCCAGGGTTGGAGGGGAGTGTACCTTGGTTCTAAATACCACGTAACCGCGCCACCCCACTTTCTGTACATAGAAATAGTCCGGAACGCGATTCTAGATTTATCGGATTCTAGAGAGTAGGCTGTGCAATGGGCAACTCATTAATGAGTGATTGAGTTGCCAAGGTGGTAAGGCTCGCGCTCGCGTGACCCTCGTGTACGAGTACTGTAGAGTTATACATGGCGGAGACTATTGCGGGCCAACATACAACCGGCTCGGCGTGCGACCTACACTTACTCATCCAGCGCCCAGTATGGTGTCGATCACCCGTGGACTGAAGAAAGTCTTGGCCTCAGTCCCTCGATTCAAAGCAGCTTGGCCTCGCACGGTGGGACCAGCGCTAACGACGCTGGTAGGCTTGGGTCTCTCCTGTCGCGCATGTTGCTACCTGATGCCCACGGGCCCGTATGGAGTAGGAAGCCGGCAACAGTTCTAACCAAGTGTCTAGGAATTCCTTACTGCTTACTCGTAGGTGTTGGCTAGGAATCCTATGGGGGACTATCCGTGAACTGAGTGAGTAGCATAGAGTTGCAGCATTGGGGTGCCCAGACGGACTCGACTTGCTGGGCAACGGACAAAAGCCGATCGGTGGACTTCTACAGGTAAGAGGCAAAGGGAGTGATGTCGAATAGCATGGGTCCTTT,794,54.03,Mus musculus
SEQ_681731,AGATGCGTGGTTCACTCACCTACTACCTGACAAACCCCGGCGTATGAGCCTGCTTTGATCGCCCCTAACCAGCGTAAGCGTATAGCACATTTACTACCCAGAATCTACACTCCCGAGATTTGGTGACCGGGACCCAACCGACAAGCTCGCTTGCATATCAGCGTGGCGATAATATTCATGCAAGTGTGTTAGTCTAAAGCGTTGGCATATGTGTTGCACACCCATTGTTGGAAGAACCCACGCGAACCCACAAACGGCGCATGCCAGCCTAAAACTGGCACATATGGAGACAGGGCTGGGCACCAAGAATGAAATCGCTCTAACCGCGGGACAATCTCTGCAACGTCTGCCTGCTGTCAACTGGCCGAAGGTATAGATGCCGTAGTAGTGTACCTTTCTCAGATGGCGGGACGAGGTCGGTAAGGACAGAGCCAGTGGGCACCACGACCCGTGCCCTTCTGAATCACCAACCGCCAGACAGACCTCTTATGACATTATTCTAGGCTGCACCTAGTTACTCACACATAGCAACGGAGGCACCAATATTCCGGCCGGAGTCAGGAAGCACGTGATAGATCGTATGGGCCCGATGTAAATAAGTGACCCCATCATCCAGTGTCTTAGCGTTGTACAGTATCCCACGGAGACCCTCGCCAACAATACGCTGATTAACCGTAGAAAATCCTACCAGCCGACCCGATCATGCACCGACTCTACTCGGCTAACATGTAATGGCTTAACGGTGGCAGGTCGACTACTCATCATCATGCTCCTTGGATTGCAGCAATGAGCTGGGCACTACCTCTTGACTGTCCATTAGGAGCGTCCACAATTCGATTGGTAGGAGCACTGCCTGATCTCGACTGATCACACCGACGGTATGGTGTCGCCTGGTGGGGCTTGTTGGCGCCACTTGTAGTGTCTGAGAACTGATGTGACTCTAAATGCAGCCACCACTTAACCGCATAGGACTCTGGTGCTAGTAGCCTCTAGCAGCCC,999,52.55,Drosophila melanogaster
SEQ_171471,TGGTTTAGGGGGAATGAGCGTATCACAGGTCAATAGGTTTACTCCACTCTGCGCGGATATCTGTCTTAATATTATTGTCGGGATAGGATCACATTCTCCTTCTCGTTGACGAATCCGAAGGCGCGCACGCCTCTGCTGCGTGATTTGCTTAGGCCAGATGTTATACGGTCGTGTCGACTCTGACTCTTCTGAGCACCCTTTTCGTCCGT,209,49.76,Homo sapiens
SEQ_719327,CGATTGAATGCAAAATTAGTACCCTTCTCCAACGACACTGACCCTGAAAGGCCCGCTTAGACGGCAGTGATAGGAGCCTCAGGGTCAATGGTCTTCGCTTAATTCACAAGCACATGCCAAAGTTTATCAAACGCCTAGCATGCCGCTCGTCCGGAACACCATGACGTACATTCGTCTATCTTAGTTAGCTCATTTTCTTTTAGGCCCCGATGCCGTCGTGTCTGTTAGTGACATGGTCTCTCCGGACTAGAAGGCTCGGAAATGTCCCCCGGCCAGCCAGTGCGGTGTGCTGAAGAATGAAATATAGGGTGCCCAAACCATGGGCATTCCATTTTAACGATCGAGTACTATGCGGCCCCCATCATTTAAACCCGTGTGGCCCACATACTTTACAGACTCACTTACGTATGGTTCTCTCTGTACGTGGGAGCCGTGTAATCAATTATGGTTCGCGGGTGTAGGCACATGAATCTGGCCTACCATAACTGGAGAGCTCAGCGATGCGAGTGGCTGAGGGAATCAATACAGCTCCTATCCTCACTTAGCTGTACTAACCCGGTATATTTTGCTCCAGTAGTTTTTGTGAGCGAAACACAGGGGCGTAACCGAATTCGAGCGACAGGCACACCAGGTTGTGTGCAATCTTATTCTTACATACTGAACATCTACGCAGATGCGCACGCGTGGCTAATCAAACGATCTCTCGTGAGAGGATGTGGGCATTGGATGGGTGTCAAAAACATTTCCACACGTTCCCTCGGCCCCTGTGACTGCGAGAGACTGACGTCGGATTGACCCTGACAAAATAATGGGCTCGTCCCGTCAAATGCCTTAAAAAATCACAAAATACAGAAAACCAGCACGTCGAATTAGTGTTAAAACCCGGTTCAAGTCGGACAGGCTTCAACGCGTGCTTAAACGCGTTGGATGATGGGAGACGTCGTGTGAGAGAACCTATATAGTCTTCAAAGTACAACTGATAATTCCCGTCTGGGCATGTGCCGCCCAGTTGCCGACCTTACGCATCGCATCCAGCTTAGGACCTTCTGGTTTCAACTGACAACTGCTGGGTCGCGATAAGTGTTCCGGCATTACGGAACCGTGACTAGAAACATGGGGCCAAAGCGCGAGTCGCTGAAGTAGGAATGGCGAAAGCGGCGAGCGGGCAGCTGTTTTTTCGTACCGAGCGCAACTCGTTATAGTGAACCCTGTTGACGGGTAGACATCAAAGGAAGTATATAGACCCGACAAATCATGGGTCCGTCCCACGGTACCATTGTTCTATACAAGTTTCGTAACCTGCTCTAAATGCCTAAGTGCGGGGGTGGTCCATCGCCTCTCGACGGGTGGAACTTCCGAATTTGCAGAGTAAGGTCCTGATTAACAGAGGAAGATCCCGTACCCGCTACCTGACTAACTCCATATCTCACCGTTCCGCCCGAGCTCTTGCGACAACCTATCACGTGAGGCAGACCAATTCTGTTCATTTCCTCTCGAAGGGACCCAGATGAGTAGGACTTACCCCCATGTTTATATCAGGTAAGACTCGTAGTCCCTACATCCGGACCAACCGGAACGTTGGCACCATACGTATGCGTCTGTCCGCGATCCCAAGCCGAAAAGGACCGTGAACGCAGCTAGGTTCGCCAGCCGCGGTTGCACCACACCGTGGCTCTCTAGCCTGTTATAATGTTCGCACTAACGCCAACGCTTTGCTGGAAAGAAGCCGCAACTTAGCGTGGTAAGTATCTCACTCTTGATCAT,1764,50.68,Saccharomyces cerevisiae
SEQ_474350,AAGTGGCAAGGATAAATCAGATGGAGGCGTCCTGGTTTGTGCGCGCCGTCTACTCAGGTCAGCTATATGGACCGGACCATCTCGTGAGCATGAATGCAAGGTCGCTTCGCACAACCGCGGGAAGAGTAAAAAGGGCCCTTTCCGCTTTCTTCCGATCTCCTCAATCCAAACCCCTATCTCTTTCGTCGCACCTGGGTCCCTGTTTACTCACCATATCCATGCGAGAGCATGAAAGCGTGCTCGAGTTACTGTTTTTCTTCAGTAACTAGACGAGAGCACATAAATTAATAACTATCTCATCCCTACAAGTACATTCGGTGTGCAGTCTGAAGCGCCTAATCCGGACATTACGGCATTGGTTTGCAACTGTACAATGGATCCCCCTAATTGCTCCAGGGGGTCGGTTCCGCGCCCGACGCCCAAAGCGTTCCTGGATGGAGACCGGCCCCTTGCAGGACTAAAGATTCCGCTGATAGGGGAGCTAAAGCTCCGAACTACACCCAGGTGGACCGAATCGGTGGCCGCATAATTCAGGCCCGGAGCTGACCGGCAGCGGGCTGAATCCTATTTCGCGGGGTGTTAGCGAACTCGCAGAATAAACTAACCCCGGGGGTTAACCGTACCACCTAAATGTTGTCTCGACGCTATGGCATCGCAGTGCAGGAAGGTTGCTTCCTTGCATATCCACGTTCCTCCTACCTCAGTGAAAAGAGTCAACGGGCCCCCATATAAGGGTGAGCCAAGAGAGAGGGATAATCTTAGGCGGTGCAAGTGAACTGTTTCCGCGTTAAGATCCAGGATCGGGTCTCCAAAACCCCGCGTCTAGACTAGTTAGAATTCGGCGTACAGGTGTACGGGAATGGGATTTGCAAGTTTGGCGACAATGAATCTCAAGCTAGATCTGAGTGACTCATAGATACTAGAGGGTGGGTATCCAGTGGCAACAGTAAGCTAATCTGCTCGACTGACAACCTCCCGAGCGGAATAAGGAAAGCCCTTTCATTGCTATTAAGTAGGTTTCGACAGTAGTATATGTAACCCGGCATCTCAATTGACTCGCGGGTATCTTTAGCCACCGATCCCAAGATCCCCGACGTCCTGTTACCCCTACAGTGCCTTATCGGTGCGATTGTCTGCATGGAAAAGAAGTTTTCCTAAGCTCGGAGAGTCACCTTCTGCGTCAACGAGCTCTAAGGCACCTACGCCGTCAGACCGATGAGCCATCTCTCGTAGCGCACCTGATGTCTTCCAGGAGACTCCCCCCCTAGAAACTACCAACAATAA,1284,51.71,Arabidopsis thaliana
SEQ_168542,GTGGAATAACTTTCACTATCTGGAAGGAGTCCCGTTTGGCCTCCCTCGATAATTAATTGTGGCTAAAGCCGTTGGTTTAAAATCCGGTGTTGTACATCCTTCGAGGTCCTGCGTGCGGTTAAAATCTTCCGACCGGAAGCATATGCGCAAGCGGTACTATCAAGAAACGCGTACGCGCAGTAGCCGGCAGTTTCCTCCTGTTCTATCCCTGCCAGATTACGACGTAGCGGTCGTACACATTTGCGAATTTGCTTGTGTGGCTCGTCAGTCCACAGGATCCCTATGCTGCGCCGTAGCCACAGCAGATTCAGTTGATGTGCACAGGGACGGAGCTAACATACGCTAGTGTAGCTGTAGCGATTGCCTGTCCACACCCAGGAATACAGACGATATGAGGTCACCATCCTGGCGTGCAACTTAACGATCGGATTCAGTTGTCGTACCTGCGTATTACGATGTCTTTTACCAAACGCATGTCCATAAGAATCAGCTGCATCGAGGAGTCTTGCACTAGAGTCGCAGGGCCGAGGATCGGCACCCCCTTTTGGTGTATGGAATTCGGTCAACACTACCACTGCTTCGGGGAGCTGATGCCTCATTCCACGGCCCTACGTGCTCAAGGGGCGTGCGCACCGACTATACTTCTAGTGTCGTGAAGAGCGAACACAACTGAGGTGGGTGATGTTGCTCCAATACGTCGCCCCTTCGTAGTTAGTGACGATAACCTACCTATTTCCAGGAAGAGCGCTATAATTCTTCGACGGAGATTAGCGGCTTTTACAGACACACTCTTTGTACCAATGTGGTTGCGCAGCGGTTAACGATTAGTATGTGTACACTAGCGGCTCGATTCCTGAGGGGTGCCTCAAAGTTCTCCGATCCATACGTATTCACGCTAGTCGCTCCGCTTTCGTCCTACTCTGAACGAGGAAGCTTATAGAAGCGCTGACATGGGTAGCATTCTCATTCGATCTTTCTGCTTTGGCTCTAGATGACGGCCATTGTTCGGCCACGCACGCGGTTTTTCGTTTAGTGCTGAGCGTCTCGCGTTCGGCAGAGCCCGTGCGTTCTAGAGTCGCTTAAGTTTATGTGGCGTCCTTGCACACAGG,1109,51.49,Mus musculus
SEQ_608217,AATCGTTAGAGGCCATACGGGATTGACAGGGCCACATCCTTTACAATCATCAACGTTATCCGAGTAGCCTCGAAGAAGTAAGTCTATACCGGTGTACCCCCTGTCCTACGTGCAGAGGCTGCGGATTAAAATTTTAGCTCCATTCCAATTCTATTAAGCAGTAGGGCGGCGCCGCCGACTTATTACGATTTGCAGTTGTTGTCTGAGCAGCTCGTCTGTGTGAGACCAAAAGCCGCAGGGCAGGTGGTAAGCTGGATAAATGGCGTAGTGGTAACATCGTGTGTGTTGTTGGGGACGTGACGCCACCTTGGACCCCCTGTCCGGCGGCCCAAACCATCAAAATCCACGTGGAGGAAGCCTAAGTCGTGCGTCTATACTAGGACCTGGTTTCCAAGATGACGCGGTAGGACTCATTCCGGGTATTGCTTCATATGTTTATAGGATCTTTGCTTGGCGCGTACCAAGTCAACCGTTCGCAAGCATGAGGCTTCCTTGGCGCCTGCCTATTCTGGACGGCGGTGTTGTTCGTCAACTTACATAGTGGACCTGAGTCTCTTGAGGCTATCCTGTCGCTAGCTTTGGATCCATCGTATTCTGCCATACGCTCCTCCCTAGATGATATCGCGTGCTTACAAGACTTTTCCGAGGTTTAGGCACAATGTATACGTGCGACGTAGCACCTGGATAGGCCGATCGTTTCCCGTTTCCGAACTCGTATTAAATCCACCAGCGAGGACGTTGCAAAGCACCCACACAAGCCCATTCGGTCCCGTGCTAACTCTATAGCCCGTATAACATAAAGACCATAAGCGACTGAACCACGGAAGTAAGGGGGCAGATTTACTTCCTGGGGCCTCAAGAAAGTCACGCCCAAAAGGGATACGGGTAGCTTCTAAGTGCCGCGAAACTCCACTCTCGCTCTTCGCTGCAGTCGCAATCCTACTTCGAATGGCCAGCTTAACGAATCCCGAAAGGTAGGTTATAACTGTAATGCAGGGAAAATGTGCACACTACGTCCGCAGCTTCTCAGCTCTTTAGGTGATGATGTACACTCCGTCCCTGCCGATTCTCAACAGAACCGAACACCTGCTTTTATTCATTCGCACTGTGGCGCCACCGACTTCCTCCCGGCTCGTGTTCGCTCGCCTCTGATATTACAGAGCGTCCACGGCAGGCCTCTGAACGGGAGAGTCCTCATAGCAACAAGCCAGGATATGTCTCACAGGAATTTGTAACCATAGACTCGCCTCAGTATCAGACGACCAGGTTATAAAGTAGACAGTGCCGACTCGTGGCAGATGCGACCTCTCCGTACAGTTATGGTACGTAGCGGTAGGAGGAGCTGAGGGCGAGCCCGGCTCGAGTAGTGACGTTAAAAGATACTTGCATTAAAATCTACATCATTCTTAATTTTTAGATGTGCCAACGACCTAACGGTTCGTAACAGTCTTAATCTTCGTATACGTACGCGTTGCACGGTCGCATGGCGGGACACATTACCGAAAATACGCAACTGACTGTGAGTCGTCCGTTGAAGTCGGCAACCTTCACACTGTCACCGCGAAAGTAGCCCGTAGTTACCTGAGGACTAAACTGAAATTTCCATGGACTGACGCAATTGGCCTTTAACCGACTGCGTGCTAAACCCGTCCCAGCATCGTGCACATGCCCTTGCAGGTCTGTCAGCTAAAATGCCTGACGAATATTTGTGAGTC,1715,50.79,Caenorhabditis elegans
SEQ_755000,AGTATAAGTGTCAGGGACATCTAAAGGGCTTCGATCTATCCCTACTAGTTGACACTATACGCTCACTCAAGAGTTATACGGATAGGCCTCGGGCGTGTCCCCAGCGAGTAATCTAACGGAGCAGTGGCCTATTTTTGCACCATTTGATGCGGACGGGGTATAATACAACGCTCGCTACTTCCTACTCATTCCTTGTTCCCGTGCAGTTAAGATCGAACACTCTCTTGAATGCCCCTTGCAAGGGAGGCAAGGGGTTCTTCCTACCCTCCATCTACCTCCGGGGCCTAAACCAACACGAGGGGAGTTCGCGAACCTAACTGGGGTGTGAACTACGGTACATTGTAAGCGCAGCTATTTACTTGTGATCCACTGGATGTAGCCGGCAGTTTCGCCTGCGCCTGTCCAGACCTTTATTTAACGGTGTTAGGACTCGAGCTGTGCTAGCACTGTCAATCGGGTAGTCGTGAAGTTGGCCATTGTAGGCAGACCGGGAAACAATACGAACGGACAGGTTGCGCCTGAGCCGCACTGCCGAGTCTAACGGGCGAAGGCGGCTGTTTCAACGTGTAGTAGCAAAACAAAACCTGGCTTTCCAGACTCAAATCAAAGTCATCCTGGCTGGAGAGAAGTCCCCAGACGATGGGTGAGACTCGATTAGATCGGTCGCGGAGGTTGTATAATGATTGTGACCGCCTCCTAAATTGTAAGCAGGCGTGCTACCCGACCTCTAAACGCTAAACACGACATTGACTGCCACGACGGCCATCACTATTGTGGGACTTCGGGTATATGCGCTTCGATGTCGACTGTGTACAGCCTCTAGAGAAACAACACGTTAGCCGCTAACAAATGGCTGACTCCGCACACATCCAGTGCATTCATCTGCGCGTAGGTGGTCCATGTCAGTGGCGCGATAAAAGCCGCTATACAGAGTATTACATTTCGTGGTGCTCTCCGTCCTGATTAGGCATG,972,51.44,Mus musculus
SEQ_971476,GTTGCACTATCGCGACTCGTTCCCCGCAGTATACTTCGCCGCTTTCTTCTATTTGCCCACTGCGTGCGGCGCAAATACGTAGCATCGACTAAACCTAATTTGTCTCTATATAGGCAATACAGCACCTTTTAAACCAGACCCACTAGCCACTCCTGGCCGGGCCGCCCTACAATAAAACTACTTCGGAGGTACGCGGAAGAGTTCGATTTCCATTGCAGTACACTAAAGGGCCCCACAGAAGCACGGGAGTCTATGGCTTTACAGTTGCCCTCGTTTAGCTGGCTCCGAAAGGCCTGGACAGAGGGGGCAGTGCCAATTTCAATACCACTCGCGATCCTGATCGATTTAGCTACCTATCAGTGCCAGTCATCCGGGTGTGTTACGGAGAATCTCTAGAGCGCCCGAGGCCAAGTCTAGATGTCGACCAACCATCGACCCCGAGTGCGTAGCAGACAGCGAAGCCCCCTTGCAAATGCAACCCCTTGCAAGCAACCGGCCGACAAGCGTCATCCTGTAGCGACAGACGTGGTCGATGCCCGAGTTACCTGACTCCTTACGGTTGTTCCCCGATCAAATAATTTGTCGGCCTCCCTCGGGTCCATCCGGCTCGACCATCATGATGCGTGAGATCAGCCGGCCTGAATCTCTCTGCGGCATATACTAATATGCTCCGCTCTCCCATCTCGCAGGGGTACGTATTTGACCGAAGTACAATAAACAAAAGGTAACCTCCGGGTATCCCTGTTCACTTCCTTAGCCTGTTACGTCCACCGATGCGTAGATTTTTACCGGGAGATCCGCTGGCCCGCGCGTCAGCTACGCTAGAACGAACTTAGTACGCTTGAGGAAAGTAAGTGGCAGGAAATGCTCACCTTGCGGGTGCGGCTGCGTTTAGCCCTTACTTGGGGGTGTGGCCGATAGCGGACGCGAGCGGGATCCACCTAGCCCACTTTTAGTTACAACATGGGCTGCCGTAGTTCGTCGGGTCCTGGAGAGGTTTCTTCAGACAGAGGATGAAATATACCGGTTGGGGCGCGATCGCAGAATACCTAACTCCGATTTTCAATCAGCAACACATGGTACCCAGGTGTTGCGTGCGTGGCCCCGCCGCACCAAGTCCCAGCTGGTGCTGATGTGGATCATCACGAAGACACGGGATCCCCGGATTCCACGTCTAGGCGCTACGCAGACGGGCTATTGTCCATACATTTCAATATCGAGACAGTGAATTTTTCCTCGATTTCCGAATCAACTCACTAGAGGAGCTTAGTTTGCATAACGACTTTGGCCTGTCGCCAGCATAGAGAGCCGTCCTTAGGCATGATTCGAGATGTTTAATTGTGCGCTGATCGTCACAGCTTATGCTCGAAGCGGATATCATGACCAACAAATGAAGCTGTACTTGCAGCGTTATGTCGAACTCCCTCCCGGCTTCGGCCCAGAATAGCAAACATTGCGCGTCGTCCGCTAGGAAGCCGACGCAGTACGTGATGATGTGCACTCATCAATCAGTTAAGTCCCCCGAGCCGTGGTGGTGCGCCGACACACCTCTACGCAGATATGCATCTCAACGGTACGGACGTCCAAG,1588,53.53,Saccharomyces cerevisiae
SEQ_634067,ACGACAAACTTGCCGCCGCACTGCTCTTGGCTCGAAACACTTTATAGTATGATACACCTTAAGCTCCACACATTCTAGTTTTACCCTGTATCCCTTCAAGCCTGCATACGGTGAAGTCGCATAGTTTCCGAAGCGTTACATACACGTAGACCACCCAGGGAGTGGTTTGCTTTGCCTGAAGTCCCCGGGGAGTAGCTTAGCAACTGGCACTAGTCCACACCGCAAAGACACCTAAGGCGCCGACCTTCATCTGTATACTGCGACAACGTCGTTATGAGTGCCGTACGAATGGTGTATGCTCTCGGTTTGATCAGAAACGTAACCAAGAGATGCGCGAGGGAACCATGGCTAAGAGTAATAGCTATCTTTACGAAATGCTTCCTACCATATTGTAATAGTTTACCCCGTCCCCCATCGTGATACACCCGTGAACCCGTTCGGCCAGATTATTCCGGTGGTATACTGCTCGCGTTCGGAAGGAATGCAGACAAATTCAATGTGCGAAGATAAGTCAGTTTGGGCTTAGCTAGACAGCCGGCTAGCTTATCTTTAGCAGATGGGTTCCGACGCCGTCACATCTTTAGCAATCTGGGTATGATTCGTCACACGTGGAGGGTCGCTGACAATCTTTGTGTGAATGTCCCAATCGCGCTTCGCCAGCGCGGAGTCAAAGAAGTGCGAGCAGGGTGGGAACACGACAGGAGTTCCGCACGTCTACCGATATAGATGATACTGTGTCAGGATATGTGTAATATCCAACGCTCTTCTGGGGCCCACTGTCATGCTGGACCTTAGAGCGGTCGCGATCTGTGCCTGCAGACGCCCACCACACGTAGGGATTCTAGTTAACCGAAGTCACTTAGTAGAGAATTATGTTTGACGCTCCCCAAGTTTTCTGAGTCGGTAGTAGGGGACGGATAGGGAGGTTAAACTCAGAAACTCGAAAACTTCAAAGTCGAGGCGCGTTTCGTGGCCCCTAGACGCTTGCCCAAACTCCCCGGTTAGTTTTCGCAGGACCCGAAACGGAATGGGAACCGTTTATACAACTCTTAGACGCAAGCAGTTTGGTGATGCCTTGAGTCGAACAATAGCTATGAAAACACTGCCGACAGGGACGGCCAGACAGCTCAGTATATCCCATCACGCTTAGCATTCGCCATCACGTGGATAGCGATTCATCGTTTTTGTCCGGTGCGGAGGAAACCCAATCGGAGGCTTGGCAGTTATCGGCGATGTGAATCCTCAGATAGAGTTAGGTGTTACATGAACAGGACGGGCAGCTCTAGTGAGGGTCGCTTTCGCACTCATCAAAGTCGTAACATGAGCAGACTTTATGCGTTTGAAACAGCTTGTATGGCAGGGACTCTGCATTCCAGTCCGCTGCATAAGGGCACCACTATTGATTGTCAGTTGGATTTTAAAGATCCAGGCTTCCGATGAAAGACTCTCTTTAAATCGTACAAGTTTGAGGTGGCGACGCACCGCGGGGCTTTACCCAATATGCCCCGGTAAGGCAGTAACATACCACCCCGGGACCAAAACAAATTCGTCGTATCTCTGTTCGCGACTTTCACTCTATAAGAAACCTTCAGCAATCCCATACTGATTCGCTCTTGGCGACGGCTTTATCGGGCCTGGACAAAACGCGTCACGTGTGGGCAGTATTTCTACGGGTCGCTGGTTTTAGGAACATACGCCCCGGATACGGTATATCTTATGTGTGCCTTCCGAGCCGTAACCGTTGGACGGCATAGTGTCCATCCGACACTTTTCAACGACGTTGGTGTAAGTCAAGTTAGGCGACGACCTCGTGCAGTAAGCATCATGCTCTAATGCGGTAAAAAAACCTAACGGTTTGTCCTGGCCTTCAGGAACACCGCTTGGAGGTGCACTGGGGTCCAACGT,1905,50.34,Caenorhabditis elegans
SEQ_841306,CGACTTTGTTATGGGACTCCGATTGCGAACTGGGTTCTAGTCGAAACTAGTCGATCCTAAGTCCTCAATTCCCGTGTGCGATTCAGGGCTATGAGTACGTAACTAGACCCTAGATATGCCCAAGTAAGTTCAGGGGATGCGGTGTGTGCCTCAGAAGACCTGAATTCTTAGAGTGACGACCGGCTGTCCAAAAAGTGTGCAGGTAGGCCTGGCCTTCACCACCACGAAGCACGCTTCCATACGCTCATGACAAAATGATAGAATCACTCATCGCGGAACCGTCGCCGGAACGGAGAGTAACCGTTACAGTTGCGGTTGAGCGTAACCGGTGGCGAGAGGTAAGAGAAGACGACTGATATCCGGACTCGTCTGACTCGAATGGTCCTTTTCTAATCGAAAGCCATACGACCCATACACTTTAGGGCGGAGAGTGCAGTGTATCTTAATTGCATTTGTAGCCACGATAGTAGCGACGCGACTATGTCGCTGAACGATCGATACTGGGTCGATTTAGCGCGTTGAATGTTCTAGCAATGGTGAGTCACGTACAACTTTCGGAAACCGTCCAAGAATATTGGTACGGACCGATACTGGGCCCAGAGTTCATCCGGTTAAAAGATAGGCTGAAATCTCGTGTTGATTTACAAGGATTTCTATATATTGACACGCAGGTGCTCATAATTACGTACTCTTAACCTAGTGCAATTCAAGTTCAGGACATCCAGTCCAGAAAAGAAGGGGGTGGTCGTGTCCCCGCAGCCTTGCATAAGGACCGT,776,48.97,Saccharomyces cerevisiae
SEQ_947980,AGCTTGCTCTCCCCCTAGCAATTCCAGTGATTAGGAAGGGACTAGTATTATCAGCAATACAGGACACAGCATTCTGGAATTGCAGTGCACAAACAAGGGCTCG,103,47.57,Drosophila melanogaster
SEQ_274057,GACAGAGACCATCGTGGTCCCTTAGAGCGACCCACAGCGAGAGAAGCACCACCACAAATCACTAGGAAAAGTCTGACCGGGCGCCGCCCGTCCACGCTTCTGGTTGGACTTTGCGCAGAGGCGTTGAGGGGTCACGCTCAGCATCGGTTTAGCTTGCGAGGTCTTTTTGGAAACCGCTCAGTCTAACTGGTTCAGCTCAGAGTAGCAACAAGCGCTACAACCGTAGAAACTCCGGTGAAATATGATCACGTGCGGATTCTAAGCGATCCCTTGCCGTGTGTCACAAGCGCTGCCACAAATGTCCTCTTAATCTGAAAGCGATTGTACACGTGTGTCCATGTGGTGCGAGTGTAAACGCACGCGGCTGTATTTCCGTATTCGACAGATATCGGGGGACCTGCAAGTCGTCACGAGTAAAAGCTACCCGGAACTATCGTCACTCATCGCATACGATCACCCGAGATGTCCAAGGGTTTACCGGACTAGTTGTACCTTATGCGTCTTGTGCACGAATAGAACCAATCGCGTCAAGTGCCGTTGTACGATAGATTTAATGATCACACCTGGGGATAAGTCGGTGTTCGGACGCAACTTAATCCTATGAGATTACACAGGGTTGCTGAAGACTAATGGCATTCTGGGAGGGTAATCCCAGAAGCGCCCCTTGCTCCTGATTCACATAAGGTAAACTGTCGCAACACTGATTGCCTACAACCGAAGCCCAACACGGTGGTTTGCTCACGTGCTACAGGATAACTCGAACTTAAAGAGCTTAAGGGCACCCCCGCCAACAAGCTAATCATGTTTATGACTTTCGTGGTTATAGGAGGATCTCACTTAGACAGACTACGCCCTCTCAGCCTAGGTGTTCGATGGCCGACGACGACAGGGTGATAAGTTTATACTTTATAGGTCGATCTCTATAGGCACCGGGCATGCCCTTAAGTCCCCTAAATTTCATATTGTCCAGTAAGAATACGGCAGCTCTTTGGCATATCCAAAACTGTCCGAACAACACTGCGAGTGCAAAATGGTTGGAGAAAAACTTCTGAGTTCTGTCACTATAGCCGGTTACCTACTGTTCTTCGCGGAAACCCCCAAACGAACGTCCGCTGTAGTTCCGAATTATGACCTAAGGTACCGGAGCTTGGGCTCTGAAGTTCACGGGGTTCTTCAAAGAGAGGGTTCACCGAATCCGACGTTTTGCCGCTAATGTAACCAAAATACGACCATTAGCTTGTTAGCCGGCAGATGTCCGCCCAGAGTTTCTTATCTATTCACCCTCGCTCAGATGTAATTACCAAGAGCCCATAAAGTGACAAGAAGCTAAAATCAACTGTTAAATATCGGTGGAGGCGTGGCCGACACGCTACTGCACGTAAGCTGCTATTTCCTTAAATGGAGTGATGCGGTTGTAATACTGAAGACGCATTGTAACAATATAAGGGATAGCTCCGATTCGCTAGCCGCTTCCATCTACCTACCTCTTGGCTCTTGAGCGCGACTGACGGATGGAAAATCCCGCGAAGGCTTGCGGTCGAGCGAATCTTAGCGTCAAAAGCCCGTTTCTTTCCGGTGGTTCCCGTGGAGTATCAGGATTAGTAGCGGGCGAAGGGAGGCCGCCCGTCTTAACTCATCCTGGTTAACGGTGTGTCAAGAATAAGATAGGTCACATGTTTCCTGAGACGGAGTTCGAGCTCATGCATGAGTAAATCAAGAAATGTTACGGCGTCGGCCTGATGTCATGATGGACGATAAACGTGGCGCAAGTAAACGCAGCTTACACTCATTAACCTACCCTCGGTGAGAAAGCCAGACGGTTTCACGTTTGGTCCGAGACCAAAGAGGTCCTCCTGCGGAGGGCTACAGGCCCTCGTTTGTCTTATCACAAGCTGCCTACACAGCATTCGGAAAAAGCGGGTCT,1924,49.9,Saccharomyces cerevisiae
SEQ_294118,GGGACTTGAACCGTCCTGAAAAGAAACTCGATACAGTGCGGGGGGAGGCGAAGAAAACGCCTCCCAAACGTCGGCGCGGGGGCAACCTTATCCCGTTTTCAAAGAGGTGGCTCGGTATATTCCTCGATACGACAATCTCTGCATCATTACTGACTACTTGTTGGGCGCGCGTAACGAATCGGCAAGGCTGGGGACAATATCTGGGTATCTGCACAGCTGTAGGGGTAAATTTGGGCAGTCATGAACCGATGCGTATTACCGCCGGTGGGCTTCAGTGCTGCACACCAACCTCAACAACGGCACTCGCGTCCAGGAAGAGCTGTTCTAGTAGACGTGCAGGTGACATCTTAATGAAGCGACTCAATTCTCTACGTAGGGAACGGGTGCTCAGAAAAATTAAACTTAAGTCCCTAAAAATTGATCCCTCGCTTGTTTCAACGTGGTCATAATCATAGTCTTAGTGCCACAAGAGACAGTCGCACAATTCGGGTGACAGCCAATGTTTTACCTTGGTTCCCAAGAAATAGGTCACCACCCGCCCAACTGTCCCATGTCATCCCACAACGTCCTATTGGATGTCACCTTTGTTAGTCCTCCCGACGGAAGTACGCACCGCATATGTCCTTTGTCCATGGCCCTATGCTCTTTCCCTAGTTTGCAAGTCGCGCGCCGATTGAGTGCCTTTATAATAAGCGCATGTCGTACCGTCGACCGAAGTCTACCTGAACACCATTGAAGATCCAGTCTCGACCATCGAGTCCGTGCGTCACTACGCGACTTATGACAAGGGTCCAGAGTAGGGTCGGCGCTTTGGATCGACGTTCTGGGATTTGGAAGGGTCGTCAACCCTATTTGGTGAGGTCTCAGCCGGGATAGTTCATTCGGAAGGTCGTTAGTAGAGGGCTATAACAACGCCCGTTCCCGTCAAACGTACAATCAAGAACATCCGGAAGAGGATCCACACGCAAAACTAATGAGTTGGGCCGCGAATACCAACTCATTGTCCTCAGATAGCGAGAGGGTACATGGGCTTTTCCGTGATCACTGTAGCCCTCTTTGTGGAGATCTACACGGATGCCGTTTCTACCTACGCAAACCGCCAAGCACCCTCCGCCCATTATAAAGTTTCCCACAAGCATCACGTGAGAGAGCATGTGTGCAGATGCGTCCAGCTCTACGGAGGATCAGTGCATACCCACATACCGGACACGCGGTTGCTAGTCACGAGGCATTGGCAACCACGAATCCAGGGCCCAGACCGAAGATACTTTAACTCGACTGCTTTCCTGAGTCGGTTGAAATCGAGGGCATTATAAGGAACTACATCGTCAGTTCCAAAATAGGTGTATTGACCGAACGAAGAAGCGTGAGGAAGGTTAGTCCCCAAGTCCAAATTGCCAGAGAGCCCTATTTCCGCATTCTCGTCACCTTGGTTAAATTGATTAACCTTAACGATCATGAAGTTCGTTGCTGATGCATGAGAGTCAACTCATTGACCTGTACTGAAATAGTCCATTCAAAATGACTTCAGTACAGACCCATCATAGTAGTAATGAGGTATGCACTCTATTCGGCCTACACAGCGTATTTAAAGAATATATGTAGGAAACCGTGAGCCTATTGTCTTACTACTAAGCTCCAAACGGAACTAGTTTCTTGCGTCCAGAAGTAAATCCGGCCTCTAGTTCAGAAAGGGCCGCTCCCGCAGATTGAGATTCGATCAACCGATCATGGATTTCTCCTTACCGACAGCCCGTGATTATGACGCGGTAGGTCCCTTTCTGAACTCAAGACGCTTAAACGACTTACGACTGTACACT,1820,49.45,Drosophila melanogaster
SEQ_139103,CCCTATTCCTGTGACGTTGCGATTAAAAGTCCCCTAGTTGATGGGATTGCCCTGCGCCCTAACTAGAACGGTCCGTCGGGAAAGGCCTTAGAATGTCAAGCTGCGACTCGCAGTCTATTCCCACACCTAAGTCCCAAGATCTAGAGAAAAAGTTACCCTAGATGCTGGATCAAAGTAAGTAAGCATGGGCCTTTCTAGAGTCCGAATGGTCGCAGATCGGTGCTAAGCGGTGAACACCACGCTATTTAGGTCAACTCAGTCATGCATTCGTAAAAACACTCATGTCGATCTCCATTACGTATAGTAAATCGCGGTTCTCCGTTTAAAAATAAGTTTCGTTGCAGAAACGCTCCCTGACTGTAGATTGAATAACTCGTGTCCATCACTAGGAGTCCCGTATACCCTACTAGCTGTGTTCATATTTAGAGAACGAGAGGCGCCCAA,444,46.85,Saccharomyces cerevisiae
SEQ_487969,CATCGTACGTGTTCCAGAGGATGAGCCGAAGTTGAGGTATCTGTGATCAGTTTGCTGCGGCATCCACGAAAGGGTTCGCGGTACTGGACTTTGTGGTGTTCCTTTAGGTGTTATGTTCCGTTGCAGAACACGCAGCCTGATTACATTCTGCCAGACAGGGTTGGTAATGGTATCCGAAGCCCTAGTTGATTATCCTCTTCCTGGGTATACGGGTAGTGATCAATCTCTGGCTCACATCTCATCATTGCCTAGTCTTTAACCGCCATTAGACGAACGGCTTAAGGTTGTTGGTTATGCTAAAGGTAATTTGCCCACCATTCTGGAGTGACCGGCTAGGCGTTTCTTTGAATTCTGCTAACCCGGAGATGGAAGTGAGGCTCCAGCTGATCATAGCTAGTGACGATCAAAGAGTGGGTAGAACACGGTGTGTTGGTAATTTCCGCCTTCCGCTAGTGTAACCAACTTATGAAATTGCATTCCAATGATATTACGCTTCATGATGTATAATTATCGACAAACTGAAGCTCAGAACTTCGGCTATCGGCACCCGACCTTCCCCACTCGTCGACCATTCTAATGCCAATATGAAGCTCCAACTCTCTGGGAACTTTCTGTTTATCGTGGGATCATTGCTACCCGGTAAGCCAGAACGCAGGTGGCGTCCTATAGACAGGGTCGACTAAGGAAGGTACGTAAAAGGGATAACCTACTTGCCCCCACACAACCACCGCAATTAGCTCCTGTAGGTACAATCAGCCAAAAGGCATCATGATATAGACACCAAGGCTCTTTGGTGGAAGCCTTTTCCATTACGCTTTCAGATTGGAGACTGCGTGTTCTGAGATTACCGAAGTATTACCGTACGCGAATCGCTGTTCCAAGATATCAGCCACGGTATGTATGTGAGCCCAGGGAGCGAGTGATCACATTACATCACAATCGCGGTACGTAGCACCTACAATACGCCCTTCCTCGCATCAACGGTCTTTTATGCCTAGTCTAGTATTCAAAGTTTCAAAAGGATCTCAAAACGAATACTCCAGGCAGAGATTTGTCTTTCCACAT,1065,47.14,Homo sapiens
SEQ_349394,AAGTGCATGTCTGTGTGAATTGGACTATAAGAAACCACCCCGAGGGTTGGTGATACTTATTGTTCGACCCTGTATGACAGGACGCTTCTGGGAATAGGAATTTTATATCGCTTGAAGGTGTGGGTTAACCCTGCCTACTGGCGAGAGCGGACACTC,156,48.08,Mus musculus
SEQ_808168,TATGGGGCTGCTTATCTTGTTGACACAATGGCGACTCAATAAGCATCATTGCGGCTCACCGGACCCGGCCTGTCGTCGTTTAGGATACTGTCCGCCGTATGTCGGGTTGAGGTACCAACCTAGACACTAAGTTTCGGCGGAATTCGGGGATAGACATCGAAGGCCTACGCGACTCGCGAGGGTCCTGAGCAGCTCGCAGATCAACATACCCGGATGTACACCGAGCCCGTGCGACCCACATTCCGGCACGTTACCTGGAATTTTAGAACTAGTTACTAGATTTGCGCGATTGACCGGCCGACTGAGTGGGAGATAAAGGGGATGTACGAATCCAGGTAGCCGCGAAAGGCGCATCGGTGCGGGAAGTACTGCGCCCAGTGCCTGGACTTCACGACCTGCTGTGTCCGACAACGACCAG,418,55.98,Caenorhabditis elegans
SEQ_283961,AGTTGCTTTAGCAGAATACTTAATGTGCCGCTCCACTTAGGCCCATACGTCCGAGCAGGAACAGGGGCAATCTTCTATCACGCCATACGTCCGCCCGGAACATGCCGGTAATATGGTTATTGCCGTGTGATCAGGCTAGATCCGCAAATAGTGCCGAGTTTGCTCAGAGCTTTGAATCCCGGGAAGGGAGCTATCAATACGACGGTGTCATGCAAAATTACAATGCACCCTTTCCTCGTCGATCTCCATGTTGACAGGCAACTTCCTCCTGTCGCTTTACGGTACAACACAGCGCTCAGCCCGCAAATCCACACTGACAATCCCGAGAGGGGAGGACAACGATGGTACAGGAAGAGAGTTGAATGTACAAAGGTGGTTTGTTAGATAGGCACGTTGAAGGCTTAACGGTTCGACTCGCCCAGCCCCTGCAACGTAGGTTAGTTCCGCAATCGCTTATTAATGCGAGCCAGCATTAACAGTCACGGACTCAAGTGGGAAGCTCTCAACGACTCCGTAAGCAGACGAGACATGTGCCCTTCTTGACGTCAGTCAAGCTGTAAATCAGTTTGCCGCGCGTTCGCCCTAGAAGCGAGGCTGTGTATGCGGCGTCGTCTTACATTTTAAACAATTGTGTAGAGGCTTCAGGGTACACTCGCGGCAGTCCTGAAGGAATTAGAGCTCACATTGCTAAGATAACATACACCATGTCATTTCCTTTAAGGGAACTTACAACGCGCAGCCGAAGTTCTAGCCCTCACTGGCAAGACGGCGACAATGAACTTACGGTGGATACTTGGGCGACCTCTTGGTTGTGGTAGCCGGGTACGCTGAGCGCCAAACTAGGCTGTGTACATGTCCTTTAAGATGTTGCGCCCTGTATCGACGTCACAGCCCATGTAGTTCACTTGGATTGCCTATAGAGCCGGAGCCTATTATATCT,940,50.64,Homo sapiens
SEQ_138542,TGTGAGAGGACCGTTTCTAACGGACAGTTCAATTCGCAAGATAGACATCAGCGTTTATGACGCGTGCCAACCCGCTTTTGACGTAGCAGTTCGACGCTATCCTGTTGTAGCCCAGCGAGCTCGGGAACCCTGGTTAAGGGTAAGCAAAACCGTCTGGTGGAGGGGAGCATTCGTGTGACTCGCGGGATAAGTATGCATACTAGTTAGAGCAGCAGTCAGACCAACGGATAGTACGCTCGTCGGTCACACCACAGATGCTTCTGTTTTGGATGCGCCACCTAGTCGTATTGAACTGAAACGCTTAGCTACCTAGATATGTATACGATTCATTGAATCCGCGTTAAGGCCCCCTTGGGTGTAACGAATTTAGTCCTTGTTTCAGTTGATCGCCGCTTCAGGAACACTGTGTAGGCGGGGCGCACCCTAGAAAGAGGGGCATATCCACGTTCGACGATCCTGGCGCAATAAACGTAATCTGCGCATAGGGTAAAACGATGTCCTGGTATCTGTGTGGGCGACTGCACGCCTCGTAATGTCTCTGGTGGAGGTTAGGGTTCGAAGTTTCCTGAGAGATCCGGATCCTCTCTGATCACTTTCTAACGGAGTTCTCGCACCTAAGGTATCGAACTGACGGGGTGTTTAGTCATACGGGGGGTCTGTAGGATTTACGGCCTACCGCCTGAAAAGATTCTTAAAACCGTGTGAAGCGTGTGTCCCAACGAATCTAAATCTCGTGTTCACCGATTGGTCCGCAGTCTCGCTTTAGATTGTGGGACGCTGTCTACAGGGTACAGTGACGTATCTTGCCAGTCGTAAGACAGTGTGTCTCGTTCACTTTTCACTAAAATACTTCAGTCCCAGGACTTCGAGACCGGATTAAGGTAACTTAGCGTTCTGGAGGATAGGCCTCTACCAGCTGGCCGGCACTGGCCATTCTCGAAGGCATGTCGATCTAATCACGATTAACCTCGTAGTCAAGGCCAGCTACCTTTCGACCAGTCTGTCTCAGAGCTCTCGACTTGCCGGACGGCGTATTTAGGAAGTTAGACACGTCCGACAGAACCCTATGCAGTAGGGTTAGTGGAGAGCTTCACGAGAAGAAACTCCTGTGGGTCATACGTCCGCTAGAGAGCATTAAGCACGTACCCATCATTCAAAAGATGTGCGAGGTTCGTTTGCCAAATCCAACGGTAGGGGGCAAGGTATACGTATATACGATGCTGGGCTACTGTTGCGACAAAATAGGCTCTCGCAGAAA,1258,50.48,Arabidopsis thaliana
SEQ_772273,ACTGCGTGTGAGGTAGCAGTCAGGTGCCCATCACTGGAGCGTCAGTAAAAGTCTCAAGCCTAACGCCTCCTCCAAGAGTTCCAAAGCAGGCTTCAATTATCAGGCATTAGGAAGTAGGAGTTAATCCCGGTCTCTCTCTTCGGTATACGACCGCGTCATGGGGGCCCTATATATGTCTACTGCAGGTGATGGGACGTTGTCGTCAAATAGCGACTAAATTAAACTTTCTTTATGAAAAGGGAACGCCGTTATATAGGCCCCGCTTTAGTGGCAATTACTACGGTTGTTAACGTATCGTTGCGTGCGACTAACCACGTCTTGATGTCCCGTATGCCAGACCCCGATAACCTATTATACAGGAGAAAGCTGGGTGTGCCCACGTCATCGTGACCATCCATTTCAAACTGTTGTCAAGTAAAGCTTCCATTGGCTGAGGTCGGTGCTTACAGCCACCCTGCTGTTTATTTAATGGCTGGCTATTCGTACCGGTTCGTACTTAGCGTGGGTACCCTATCCAATAGGACTTGTCTACGCCGTTATCAACAACGATACAATTAAAATTCATTCTCCGCCAGCGCTACAACCTGTCCGTTTTATGGTAGGCTACATCACGATCACTCAGAAGCCAGTGTGAGGGCAAAATTCAGGGAGTTAACTGGTCAATAAGCTGAATCAACAAAGCACCCGCCGGAAAGGCTTCAATCACCCTAATATATAACGGAAGTCACATGTAGATGCAGAAGATACCTGGCGAGACCTGTGTGAGCTATCAATTGCTCGCAATTACTTATTAGCGGCCCTAATGAAGTAATACGCCGGAACCCGGGATATACGATAACAAGCTTACCGATACTCAAGACCTGGACTTTTGAGGAAGCGCTAAGTAAGCCGACAAACTAAGTAGTAGTTCGTACTGTAGTAGGCCATGTTAATTGCCCAGCGACGCATAAGCTGAGTACATATGTACATAATAGACCTATGGGACTGATATGCCGAACAATCCGGCAAAGCGTCACGTCGCTACCGGGTTGTCGGCGTGGACTCGGAGATCAACCCTAAATTGTATTGGAGTTCGTCTACAAGGTACAAAAAGAGTCCGCCGAGGAGGCTTGACGGATAAGTTGGATAGATGTCGTCATCTTCCATATGAGGTAGCGTCGCGTTTGGACCAACCCAAACTTGCCTGGCCTTAGAGCATAGGTGCCGACGGGATCAGGCGGCTAAGACGTATTGATCGAATACGTGGGTCATTCAGTACAGCAAGGCACCCATCGAATGATCGATGCCAGCACCACGATCTCTCCTATAGATTGTTTACCAACCCCTTCAGGGGCTCTCGTAAACATCACTCAGAGGCAGTGGTTGTCGGGCGGACTTTGGACCGACCAGGATGTTTAAGTGTGTAGAATCTAATGGCAGTCGCTGACAACGTTCCCGACGTTTTGGATCTGAGTCACCACGCACACATCGAATAGTTTCAGGTGGCTAGAGTACCAAGGTAGACGAACCCGTTTCGCTGCCCATGTAGTTGCTGAGAGAAGGACGCGGCCTTCTCTTTAACCGCCGCGGCACTTCTTTGCCCACTTGAAATCGCTCAGAGCTATGAATGGATTAAAGGGAATGCGACACCGTTACGCCCCCCTCATATCAAGAAGCGACCTGGGTCCACCAAGAACAGTTATTCTGACTAGGTAACGGCAGGTTGATTGAGGACTTTATGGTAACCCCACGGGAGGTATATGCAGCTTGAGTCAGCCTGGGCCGAATTTTACTCATCGAACGAACAGAAGAGT,1793,48.8,Mus musculus
SEQ_165754,TAGGAAGCAGACCTGTATTGGGCTCACATGTTAGAGATCCTAGACCATCATATGCTCAATACCTAGCTAGAGTAGTATATCCATTTGTCCGCCTACGTATAGGCCAGCTGTAATGCTCGCATCATAAGATATATGCTCACCTTCGAGTTGGCATTCGTGGAGAACTACCGCCCGCGCCGGTCCGACTTCCCCAAGGCAAGCGCACTAGCGAACCAGCCTTCGATTTCCAATGAACGCAGCTAGAACCACAGCCCGTTAGTTTCGGAGCTAAACGTAGCAACGCCAATTATAATTAGCACTAACAACTTGTCCACAAGAGCGTGTGCTCCCATAAATTACTAAAAGCCCTGACTCCAAGACGTAATGAGCCTGGAGTCGTATAGGCTACGGGCCAACTGCACTCCTGCTTAAAATATAATCCTCGGTTGGAGGTTGGTTCCCACTAACATCATGATTCCAGGATGGCCATCCGCTAGTAATACACTACGGACCGAGGGTGAATAGGGTCCCTGCGTCACTCGCCAGTACGCCGCCATAATGTATCGGGGTCAATGTTATAGAGATGACCATGGATCGGTATTTTGACTCGGCGGTCCTGAACCGTGTTTCTCTGGAGTTTTGGCAAAGTCTCCAGGGATGAAAGATGATTGCGCAGTGCACGCATAATTCTGTATTCTGGCCTCGTAGGAAGCCGGTTCGACGGAAAGCCCAGGGTTATCCGCGATTAGTGATCGGCACTAATCACTGTTCGGAGCGGCTTAGTCGTCCACACTCTGCGAAACCCAAAACCTGGTCGAAGGGGGGCTACTTGAATGGAACCAATCATCAACCAATTTCCGGCTGATAGGAAGACCGGCGGTTTTGTTACGTAGCTATCTCTGTGCTTATCAAGATCCATTACCGAGGGGACTCGCACTGGCTTCGTGGACTAATATTGTCAATAGCTTGGCCGACTATGTCGGGCAAGGACCCACCCCCGGTTGAAATGATCGGATACAGACCAGGGAACATCTCTCGGCGCGTTCATGAACTCCATGAGCGACGCGGCGTTGCCGATTAGTCATTCTTACCCCTGAGTACAGATACATCGTCGCGACGCTATTACGCCCATCAATATAGGAGAAAACCTACGAGTGACTCCCTTTTTTACCAGGATGATTCCCTTGTGCTGACTCAGGATAAAAAAAGT,1189,49.87,Saccharomyces cerevisiae
SEQ_758777,ATGACGAGGCGCGACGGGCTAGCGCGTCGGTTAGGGGGTAGGCCATCTGGAGATCAGCGAGTAGAATAGACCTGTCCAAGGAGGTGTAGAAGCGAGCTCAAGCCAAGTTGACACTTCGAGGCATACTAGGAGCACAGGGTCGTCGGACCTAGATAATACAAGCCTCATGACCACATCTCCAGTGACACGTATGGGATAGTTGACTTGCGTACGTTCCAGTGAGCCCTTATAGCGCGGCCTGTGCGATCACAATCCCCTTAACCTAGTGCCATAACCCCGCTAGATACGCTGTACGGGTCGGACGGACATAACCAATTTCAGGTTTGGTAAGGTAACCTGGGCGGCGCATGCCTTGCTTAAATGTACAGCTCTCCGCGAGCATATCAAACATAACACAACCATCACCCTTCTGACCATAAAATCTGAGTTATTGGAGGAAGGGCGGCCAAAAGGCCCTTTCGGGGTCCTATGCAGCGACTGATAAGTCCCTAGCTATGATTCAGTATGGATTGCGAACGGATAGACGGACAACCTTAGACAGCACTACTGTGTAGCCATTAACTCACTAAGTATTTACTTGCGAAAGCGGGGGGTAAACACTTAGCCCGAGCATTTACAAGGCCAGGCGAACGCAGCCT,638,51.72,Escherichia coli
SEQ_383068,TCTACAAACCTGTACTTCCGAAGGGAGTGCAGCATTTTGAGAGCCAAAGAGAGAGGTTGGTAAACCCGTCCAGACGGAACTGATCACTAAGCCCGGCTCAATTGCCATGTTTGGAACTGATGGAGCATAGAGTAGTCTTTATGTCCCAGTACTTCGCAAATGCGATGTGGTGATTTGTCTGTTGGTTTCTGAAAATCGCGACGGATGAGGGTTTAGCGCTAGTCTTGCAACGTGT,235,47.66,Arabidopsis thaliana
SEQ_132167,GGACAGGCTTGTCTCCAGCGCCATGATCGCACGTAGCCGCCTCCAAACAGGGGAGTGAAACGCTCATTCGTTTAGGCGTAAGATAGTTTTTGGGCTAAATATCCTTGTGTGCCAAGTCACGGAGGTTCTAAGCGATTGAGCCCAGAGGCACTTATCCGTATAGCCGACATATAGAGGCGGCGTCGCAGGGTAAAGGGGAGTACGTTGGGCATTCTGACCCTTAACTCGATGAATGTCCTAGCCGCCGGCAGCCTACACAGCATCGAATTATACCTCGCCCGACCATCATTTATGTCGTCCACTGACGTTCCTGGACTTAACTAACTCTGCTCCTACCTCTCATGAGCATTATTGCAAAGTTGGCATCCCGTGTCATTAGCATACCGCGGTAGAACACAGTGAGCCTCCCAGCCTGATAGGTGGCGAACTTACCAGGCTTCACTCGAGTCGATGGCAGCGAGTACCTATTGCCCCTGGTCCTTGGGGAGACCCTACCGTTTCTCACTTTCCAGCCACGTGGTGATCTTAAGCGAAAATTTAACTCCTCGGGGATTCGTTGTAAGCGAGTATGCATTTAACTCCCACTATACTGGCACTCCTGGCATGTGCTGCTGCACATGGGATCCAGTCCTGCTATATCCTATGCTAAAGATCGTGACGGTCGCACATTTGATTGAACCCATCTCAGATCTGTCAGCAATTCAAGGAGCGATAGGCGATCCCTTAAACCGACGTTGTACGTTCTCCTCCCCTCAGTATAAATCCGCAATTGGCACCGCTATTATAACCCGGAAAGCAGTAGGATCCAGGCAGTCTGCCTCATCTTAGCTCTTAGCTGCTTGCCACAAGGTGTTAATTCACCTCACACCGTGACAATGTCTCTGTGCAGTTCCTCAAAAGGTATCGGCGCATCATAGGGCCCGACAATTACCGCTCCGTGGCCCCGACGGTGTCCTTGATTTGTAGGCTCCAATATTTCGACATTTTCCGTTTCGTTGCTGACTACATCGCGACAATCTTGC,1022,51.08,Saccharomyces cerevisiae
SEQ_307354,GTCCGCTTTCTACAGAAAATGTCTCGGCGCATGACTCATCTGCCTACCTCGGACGGATAGCAGCGTGAAAGGCGCATGCGCGTCAAAGATGTCCGCAATTCCCTTTGTTGGGATGAGCCAGGTTAGTAACCCGTTTATCTTGAATGCTCTCCAGATACCCCATTTGCTCTGCTATGCGTCCAAAGTAGCCCGAGGACCGGGTACTATGGCAAGTTACTCGTGCAGTGGGTACGTCACTGCACCGGGGCGAGTTAAGGCGACACCAAACGCCTATCCCGTTCGTTCATGATTCCGATAGTATTTGCTTAGGGACTAACTAGCGTTCCCGATACGATGCAGAACAATCAGGTATAAAGAAATTGGTGATGGATCGGAATTCGCCTATCCGGAGATCTTATTGTCAGCAACCAAGCAATATTTCTGCCGCGTCTGAGCTGTGCGGGCGGATATGGATGGTTCAACGCTAGTCAACTTAACAGTCCGAGGGCTTTCCATTGATGAATAGTGAAGGGATATACTACCCGGGGGGCCCTCATCCTAGCTGCTGGGTCGATAAGTGGAGTTTAACTACGTGAGAATGTAGCCTTATAGACTTTTACTGTAGAGGTGAGTATCTTGATGCTCGGTGCACAACTCGAAACCATAAAACGTATGGTGTTAGACATGAGCAGCAC,674,49.41,Saccharomyces cerevisiae
SEQ_802862,ATTCCATTTACCGGGGGGCAGAACAGCGGTGTTCGACTACTTACGATACGTGTGATGGGAGTGGTACGTCATTATAATTGGCTTCAATCCTTTTCAATACCATCGTTTGCGTTCCATCCACTCTTCTGCTCTAATCGGGTCTACTACTAAGATGGAACCAGTGAGTAAATCGCTCTCCGGA,181,46.41,Saccharomyces cerevisiae
SEQ_879054,CGAGCTAGATCCTTACGGTATCGGTTACCGCGATGTTCACCCAAATATGTACTTTGGATTCTCACAAAGTATGCATAAGCCGGTCCCCGTCCCGGATATGATATTTTTCCTGAATGCCAATTAAGACGCAAACGCTTCAGGAACCCCTAGGCGATGATAGCAACGGTACCGGAAGTAGATGCAACTCCTCCAATGGATTAACGGGTCAAGTTGAAAGCCCTACCAACGGCCGGCAGCGGTTTCTCTGCTCTCAGGTACCATCAATCGTCGAACCCGTCGCCTGTTGAGCATAAGTCGGGTTTCCCGCAGGAGTACATAGGAACGCATGCCCTACTATAAGCAGCCTTAGGGGTCTCGATATTTCGTGTTCCTCAACCTCAATCGGTGTGAGTATACAACATTTGCCTGTGTCATTATAATGGAATGGTTGGCCATAGAGGGGTAGACCGTCATGCACTACAGGATGGGGTCCTTCGCGATTACACTAGCGGACGCCGCTGGTGTTGCTGGTATGTTATAACAGAAACACGGCGCGTTCACAGGGTTTGTATTACGATATGTAAGTACTCGGGTAGGTAGAACTTGACATCGACTACATCCTTCCTGAAGGTAATGTAAGATTGAAGTTATTCTTCCAACCCTTGCTTGCGCTAGTCTGCTCCTTTCCCACTTCCATGTGATGTTTCGTTCAGATAAATAGGCACTTACCTCATGGTAGACATTCTAAACCGCAACAGTACACCCACTAACACGGAGCGTGTTAGAGCTCACGGAGTAGACCCCATAAGCCCGTTTAAACCGGCCATCACGACTTAGAATCGCGCTTTATTATAAGTGATGGATGCAACTATACATTGAACGCCCAAGGCCGGCAGTATGGGTCCTGGGCCTGGGGCACTAAATACGATGAAAGGTAAACAGCTGTCGGTGACGAGATGGTAGACCTTCGGCATCCTGAAATGTCTCATAATAAGATATATTGCCTCCGAACGCTGTAAGATGTTGAGAGCAAGCAGAGATTTTGCAATGCCGTGTAGATGTATTCACAAGTGAATAATCGATCTGCGCCGGATTTGGGATAATTGCGGTTCATTTGGTCCTGGGGGATAGCGGCGATGCAACAATGATAACTTAGGAAACTGTGTGTGGGCCGCGAAAGAAATATTCGAGAAGGCATGCGACGCCACCTGCTGCGAAGGATGGCGAACCACCCTAACTCCCTGTAGGTCGCTATTAGCGGCTCTAATTTCGCGCTGGTAAGCTAACCAACAGCAGTTAATTATGTCATCGTCGCCAAGAACTTGGAGATCCGCTACGTCGAAAGATGAAGACGAAGCATGGGCGTTGAGCGAGGGCAGGGTTGGAGCAGCTTTTAGTCGACTTACTTGTCCATTGGCGCTAAATGTAGATCGCGCACTTCGCAAAGTCATTGGTGGGACCTAAACGTCATGCAGGGATTAACCGTTTCCTTCATGTATGTGTAGAGATCGAAAGGGAATTCTGATACAGTCGGTGTGCACTACTGTCAAATGCCTTCTTTATTTACCTGAGCCTATGGTGGGATATGTAATGTAGGCCATTTGTGAGTGATCCACGGATAGCCAACATCGACAACACGGTCTTGGATCGAACCATTCAGCGTAGGCTCGCGTCCGTTTGGTGTTGTTGGTTCTCAAGGGATAAGCCCAATTTACATATGGTCCTGTTGTCTTGGTAGAA,1719,48.17,Saccharomyces cerevisiae
SEQ_722126,CCGCCGCTGAAGCTAATCCTAGCAATGACATCAGTAGACTCCCGCATTCAGCAACGAGATCCGAGGTTCCACCATTAATTGTAAAAATGTTCTTCTATTTAGAAGCGGTCGACAGCTAAACCAGTCTAAAGACAACGTCGTAGGGGGCAGGAGCCAGCCGCCTTAACTACTATTTGCGGATATAGGAGAGACCTTCAAACGCACTACCAAACGTGACCCACGCAAAGCTAAGTACGCATCCCTTGGGGACGAGCGATTTGTAGGAAACTGGTAGTCGAAAAGGTTCCATGTATTCACGCCCATCCTCTACCCAGGCGGGGACGATCAAGGTCTCTTCCGGTAGATAAAGGCAATCTATTATGCAAGAAGTGGGGCCTCGCACACGCACTGCATTGAGAATTCCCTGAAGCTAGTTAATCCCTCATCTTCAGGTAGCCCCAGAGGCTTTTAGTAAAATCTCCTCAGCTAGACAAGAGAGACTAAATACCACGTCTGTGGGTGTGTTCAGTAGACATCACCTCTTTGGCGCGATCCGCGGTGCTGTCGCGATAAACTTTCCTACCTTTGTGGCAGCTGCCCTCGATTATTTTTGGACGTGTGGGACCTATATGTGAACATTCGGGGGCCTAGTTCGAGGTTTTTGCAAAAATTCGTCGAGACTGTGACGGTATTTAGCTGCGTTACGCGCTGTAGAGCCGAGACCACAACTGTTTCGCGCGATGGATTAGGCACTGTGAACGGATCCAACAATGAAGTTTAGCAAGTCCGCTACATTTCCTGGGCCAGGAACGTATAACATTTCATTGGAACCGGCCAGACGTCTTATAGTTCCCTTGGGTTTTGAACGGAGATTGGCGTTTCTGTCTAGAAAATGCGAGTACTCTGTTGATAAACATTGTCTCTGTACATTTAACTGGCCTGAAGAATTGATAACGCGCCGCTGTGTAACTTATCACATGTCTTGGTGATCAGACATATAACGCCCGACCATCACTTTAACCAGGTTTACACTCGCACTGGTTAGCTGCCCGGATCAGGACGCAACTACAACTCGGGGACCTTTGAACGACAACTATTACCGCTTCGGTAGCGGCGCCCCACCAAAACACATTTACCCCGAACTAAATAGCGCTGACGGGGACTCTAGAAACGATGGCATGGGCTTCTTTAATTGCTTTGGAGAAAGCGAAGTAACCTACTTTCCATTGGCCCTATCAAAGTCGTATAAGCGTTCCATCTGTTATATGGCCGCATTGTTGGGGCGGTCTTAACGTAGCTCTCAAGCTTGGGTCCCGCGTTGATGAGCCTCCCCCGGTACAAACAAAGAACTGAAGCTACGATCTCCTACCCTGTACTGATCGTGCTGGTGAGCATGGTTGATCGCGTTGCGTCGTCAGTTAGATTTCGGGTGGAGGTAAAAGGGTCTCCCTTTGGGTATTGATCGGTAACACGGACTTGGTTCTGGTGTTTTCCCGGCCAGACAGGACTCGTTTACGACGTCTTTAATACAACAATCCCGCTAGGCGTTTGAAGCCTGCGCGCTCTGAACCTCTCGTCCT,1559,49.26,Saccharomyces cerevisiae
SEQ_343143,CGATCAAGACTGCGCTAGTTGTACAGGCTCTCACGCCTACTAGATGAGAACTGTCCCTCTCACTCTCGTCGGAGGAGTTTTCCATTAAGCGGGTTCGAGGGAACCCCTCTTGTAAACCTTAGTCGATCTTGTCGGATGGTAACACTTGGGATCCCACGTTATATTAGTTGCAATCGTAGCTAGGGATAAATAGGGCGACGCAACTGTATAAGTCTGGAGCCATATTTTGATTAGCGCCCTGAAGGCACGTCTGAAAACCTGACACTAACCTTACACACTGCACCTGAAAAAGCCGTACTTCGCTGTCTTCATTTTGAGCTATTATGGCATCTTACTACATCTCATCAGTTACATTGGACCCGCGGCCTTGACACTAGGAGATTGCAGTACGGAAGGATGGAATTTCCATGCAACTCGGGGCAGAACTGTGTAAAACGGTCAACTTATATAATGGACAACGTCGACACTAGGTTCTTTAGTCGCTTTAGTCGTTTGCA,497,46.68,Caenorhabditis elegans
SEQ_885419,GGTTGCTACGCTTTGATCACCCCTGGCAGCACAATATAGGAGCTCGCCATTCCCCGTGTTCATTACTCAGGTTAGTGTTGCATATTCTGCGATCGTGGGGGTTATGTGGCGGGATTGCGTAGCTACTACGGCGGATTCCGCGTATATATGCGCATGGCTTCCTTTGTCCATTACTTAGCGAGGGCACTACATTCTAAGAGAATGTACTTACTAGTGCATGAGTGTCTTAGACGAGGGACCGCAATGTCTTTTGTGATAAAAGGTGTGATCACTACTAATGACTAATGTGGTACGCTTAACTCAACCGACTTACAAGTTCCTTAAGTGTGATAGTCCAAATACGTAAGTCTTACATTTTTACAATTTGACTGTTCATTCGTAGAACGGGGCCGTTAAAGACCCCCTTAAGAAAGTTGGTCCATACCCCTAGTATACTACCACGCCCGAAAGAGCTACTCGCGCCTGTTATCCTACTGGCTCGTTTG,485,46.19,Drosophila melanogaster
SEQ_560907,ATCATGGGCACGTTGTTTACTGGAAGGACGTGTTGTGTCTTTAAATAGGGGACTGGTATGGGACTACAAAGACCTGCTCAATATGCACCCCATGATTCCGCATGCGATGTTATTCGCAAGCTTGCAGGCTTGAACTCATGTAGCTTTACCACCGTCGATACACGTTTTCAGTGCAGACGCGGGGCGAACTAACAGGGGGAAAATTCGCCTGACCTTCGACATCGATTACTTTGTCAGGTAATAGTGACTATTTTGGCCAGGACCGTGCCTTATGTTGGCTTTTGGATCGTGTGCCATCGTTACACCCTCTCATCCGGATGTTGCCTGTGGACTAAAGCACGCACAGGCTGAGGCGGCGGCGATGGGTACTTCAAACATCCCTGCGGAAGCCTTTATGGCTTCTGCAGGACGTGAAAGTTATCTTAGAAAATGTGAGTTCGAGACCAAAGGTTGGCGAATGGCCAGTCACCAAGCGTGAGTGTCCAGTTTGGGAGGGATAGTCGTCAAATGTATGTCCTATTGTATATCAGCAGATATAGAAATGTGAAAAGTACTATACTCTTCTAACGCCAAATCCACACGGCAGGT,588,48.3,Mus musculus
SEQ_935813,AAGAGGATGAATTATCTTGCGTTTGCATATCACCGCCGAATAGGGTGGGCTTTTAGGTTGATCTTACCGCAATCCTCAATCAATGGTAGCCTTGCCAATGAGAGAGGGGGTAGGCTGGCGTGATTTAGCAAATGGAATCTCAGTATCACCCTACCCAGCACCCATGCCGCCCAAAGCATACACTGGAAGGAACTGTCCGGCACGTTGAGTTTCTCAAAGGATCGATATTGCATTTGTCTGTTGACGACCAACTACTGTGTGCGGCAAGGGCGCGCTCACTCCCCTAGAATGTCTTGCTTAAGGTAGGGAGTTTCACATCGCACCTAAGTTAGTGCAACTCAAGCACGCCGCAGCCGCAAGAATCCGCGGAATGAGCGTTCTTGAATACGTATTACTTTAGCTCAGACCCAGGCATCGCGAGATAATCTAATCGCGCTCCACAGGGAGCAGCTACCCTGAGAATAGTTTTTGCGTATCCTATACAGGCCTTGGATACATGACATATTAATAAACTTTTCACTCTAGTAGCGTTGATCAGGGATACTTGTCTGAAGAGCTATAGGCGCTTACACCTCGGAGTCAAAGTCAATAGCCATCTTACCAGACACGTAGCGTAGGGCTCACATGCTCCACCGGGAAGTCAAGCCCTCCAGGGGATCCGCGGGACGCGCTTGCGTGATGGCAGCACCACTGATTAGTCGGAGGACCCGCACAACTCGTCATACGCAGACGGATGGGATATTGCTCTCCGCTCTGTGCTGCTTAGTCTCACCTACCTTCAGGGGTAGGTGTTTTACCTAGACTGTGACCTACACCGCTTGGGGATGCAAAGACTATTTCGTTCTTTTAAGTTTTTAACAGGTCGTGACGTAGTAGGAGCGGGAGGGAAACTCCGTGCGCTACCGACTTCTAGGAGCGATTCAATTCAATTTGATGAGCATGACGTCCGTCTGTAGGTCTACAAATCAACATTCGGGCTTAACAGCCATTACTGAGGCATGGCCATGGGTAGAAGGGTAGGCACCGGTAGTTAAAAATAGTTTTTCATGAATACCTCACTTTCGACACCTGCCCAAGTCGGCTTTTAGTGATTTGGTGTTTCACGCTAAGTATCGCGAGGTAACCCTACTTCCTTCTTGGATCAGGTAGACGACCTTAGCTGAGCTCGCGATGACCCTCTTATGAGGGCGCGGGTCCGATTACTAATATTGTGTTAACCGAGTCATGTTACTTAAGCTTAAGCGTCCGTGCTGTGAGATCAACATGTCCACTAACGTCAGGAAATAGCGTCCGCCCGCCCAGTTATTAGGATCGGACAATTACCGGCCTGTCTTGCGAACTTCGTCAATCTCCAGCGCGAACTGTCTTCGACATCCGGAACGGTATAAGGAGGTGGTTCAGCCTCTGCAGGTCCTGTTTTAAACGCACAGATCAATCTCCTTCAAGCCCGGATATTGTTTTAGAAACCACACCGGTAAATAGTTCGCGAGCAGTTTGAAGTAGTGCTCTGAGTTGGCTGAAACGATGCCCCTGCATGCATCCTCACGCATACCAGGGGTATTAGACCGGTGTGTTCGTTACTTGGTTTTTCCCCTTTCGGCCGCTGCTAGCGCTTCAGCTGCATTACGAGCCTGGATATATATCTCTGATTACGCGTCCGGGAGGTTGAACAGAAGGCACATAATCTGCCCTTCAGAGAAACTCTCCCTTATGCGTGTATCTGCTCCGGCTCGCATACACTGACTTCCGCTCATAGCCCGGCGTCGGGCGACTCAACCGTAATAGGAATACATCCCAGTGGCGAAGTCTCTCCCGTACAAGCAAGGCGGATTCACCGTCCCACAACACATTTCCA,1855,50.19,Escherichia coli
SEQ_540755,GGAAGTAGTAATCTCGCTATAGCTCCGGAGTGCTAGGTGACATAACGGCGTTTTATGAGGGTCCATATGGAGACGCTAGAAGTTGAGATACAAAATGACGTAGATGCGGGTTTCGACTTACACCGCCGGTCTCACGCCCCTCATCAAGGGCCGTTACTTGTCACCCCTGGTGAGTGTAAGACTAGCATTCACCATTCGGAGGAACGAGGTCTCCCCCCTAAGGAAGGTTAGTATATGAAGATAACACGCGGCGCCCGGCGCCACACCAGTTCGATTTTGGTCGAGCCCTCACCAGACAAGCACTACATTTAGTATCTCCAGTTGCCTGCCATAGCTTGGGTAAGCTTAAAGTTGGAGCACCGTTTTATCTGGTGACTCCGGATGATCCTATCCCACATCGCGAAACCAAGGGGCCGATGTACGCCTGATAGACGTTGGATCCTTTTTGATCCTGAAATCGTGGTCCTGTGAGCGATCATTGTTTAGGTGATTGATTACGATAATGAGGGACACGCCGCAGGTTGCTCTCTCCCTATGATACTTTTGTATAGGAAACTGAGTTGTTACTAGCCAATCGCATCATTATTACTTCGAAATTATATCTAAAACACACCTACAAATTCCAGCGCGAATCCCCTACGGCGCCCTTCCCCTAATTCCCACCGTGAACTGCGGTTAGCGATCACGGCATCTTTATGCACTACGGGCAACATCACTACGCGACGAGTTCCCTGAGTTACAGTCTTGATCAGTAGCACTCAAACCGCCACGTCCCATGGAAACTCATGCTGCTCGGAAAGAATGGGGAACATTTAATTACCCTGCCCCAATGCAAAGGACCGGGAGTCGTCTACAATTCTCTGGATCGTTCTTATATATGGCGAATGCCTTCCGGACGGAGGGTGACAAGAGGGTCGTAGAGACGGACGGAGTGAAACGTTAAACGGCTCTGAACTGGATCCTCAGGGGAACCTGCGAGCCACTTCGTACTCTGTAAATCCGCGGGGCTGCAACGTTCGTTCGCAGCAATTCCTAAATTTCCGGTAATGCAGATTCTTCTACTACTCAGCGAGAAGGTCGCATTATGCGCCTTCCTACCCTAAGATAAAGGATCCTGCCTGCAGATCTCGAGCCGATCAAAGCTGTACCGCGTGTGTGGTATTAGGCAGTTCACCCGCCGCTTCGAAGTTAACCCATTAGACTCAGGTATACCCAAAGTTTTGTCCCCAGGTGTGTATGCTCTACTCCCCTTTCCCCCCGTTGCACGTCGCTTGCCTACCTATTGTCGTCCGGTCGAGCGGCCCGGTCAAATTTTTTGAATAGTCGCACCTATTGATCAGCTGGAGAATTATGGACAGTCTGACACTTGAAGGACACGGCCTCTCTCTTCCTCGCACGAATGTGCCCCATGGTGTGTTCAGTCGGCCCCACCGGACTGAATCTCCTGTTAGAATCGAAGCAATCCTTATCACGCCGGCGCGGTTTCAACTAGTATTTACCCGTAGCCGAGCGTTGTACGCAGATGTCTTCCTGTAGGACTTTATGTTAACTGAAACCAAGCAACCAGAGCCAATCTCGTATAGCGGGTTCCACACATGTATGGCTGGTAGAGGTACATGAAGTTACAAGTAGTTATCGGATGCTACACTATATCCTTTCCTCCAAGAAGGCTCCCTGCATCGACAATCGTATATTCGGAGTGATCGCTACACCCCCGTTGCATACTATGGCGTAGGGCGCTGCCGTAGCGTAGATTACCGGGCCAGAGTCACACCTACCGAATGTAC,1787,50.48,Caenorhabditis elegans
SEQ_464779,GCGCTCCTAGCTCACGCAAGTCCGCGGTATCCACAGTGTGACAACGAAGCACATTCTCTCACCCGGTCCAAAGGAATGATTGTCCACGCCCAGGTCTATGCTGCCTTCCTAGCCACTAACAATCATGAGACCTCCCCCACGACGAGAATTATATCATCTTAATTGACAATAGATGACTTTTGCTGACTGTCAAACTACCAAACGCGCCAGGATAAGACGATTCCCACCTAACCACAGTGTCTGTGGGCCTCATCACTGCTCGATGTAGACCTGTCACTTAAATGCTTTGGTGAGACTTTATATGACGCCGCTTTAACTGATTAGTGGCTAGTATCTTCTTAAGCAGGGATGCGGACGTTGACTGCTGCCCGACCACCATCCGATTACAGGTGGGCAAAAGTGCTATTTAGGGGTCTCAATACTATCAAACGAATTGACTTGGAAATTCTCTTGAGACTGCTTGCTACAGGGGTGTGTGCTGAGGCACTGCAAGACCAGTCATACTCATCACTGGTGGGTGCTTTAACAGATCTGGTGTTACCCATGTTAGATTCGTTATGTGACCGAGAAACAAACGGACGTGCGCCACCGCTTCGCGTATTTCAATAGAGGTCTAGAGAAAACGTGGAATAGTTGTGGTAAGCACGAGTGGTGTTTAAAGACCTGATCTATCAATCTACGACGAACACTATTGTACTGGTTGTCGTCCGTCGCTATGGTGGGGTAAAGGCCTCGCCGACAACGGCTCCCATGAGTCAAGAATATCGATCCATAGTTGTCGCCACGATCTCATCGAGAAGTCTTGCTTCCTAGGCATGGAACATGGAGTCGTATTATAAGCATTTGCAGGTTCTGCGTGCATCAGTTATGCCAGTAGTTATCTAGGACACCCGCTTGTGCGAACAAGCGAACACACTTAGATACGGGCAATTGTCCATGAGTCCTTGATGAGAGTTAGTTCATCGGACTTCATCTGGCTATCCGGGTAAGTGGGTGGGCCCACGCAATACTGTGACTATGACATAGCCAAGCACGGATATTGATTGTCGATCAGTCGTCACCGCTCGATCTCATGCCTTCCTTGATCCACCGACTGTGTAGAATTTATCGTCTATTTCGCGACTGAGACGATTAACGGAAAGGAGCCCACGAACAGTTTAGTTGAGGTGTACACAAAATAAAGCCCTACCAAGTCGGGTTGATCATGCGGACTCCAATAGGTATCAGTCTAATACCCTCGTTATGATGCAACGTGTCCACCTTGTATTGTCTTAATCCCTTTCATGGTTTTTAATTTATCCACGCAATCACCGAGAAGCAGACCGATGCTCGTGGTGCATTCTGATCGAAGAGAGGCACAGAGGCGGTCAATCACCTAGTGCGGATCTCTCTACACCGTGGAATGCGCGCTAAAGGGGCAGTGCCAGCGGGCAAACAAACACCATTTGTGCTATTCATTGCCTTCTAAGATTAGTTCAAAGTGCCGCAAACCTTCGCCTTTGTTAAAGATAATCAATGTTGAAATCCGGTCTAGTTTCCTGGGAGCACTTTTCTCTGAACGATGATGGGAGCCTCGTTATAGTAAGGCGTTGTCAGAAACGGTTGACCCCCTGACGCCGAGGAGGGACGCAGTCCTCCGAAGAGCATTTTGCGCGACTCGATATCGGCCCACTTAGTGTTGGTTGGCGGCAAGCACAATACTTGTTCGATAAGTGCTTCAGTATGTTTAAGGAGCCCCTTACGGCGTTTACCTTCTCACGGTTTAACGCGCGCTTTCCCGGCGCATCGTATAATCTTCTCGACTTGCCTGGCGTTAAGATTAATGAGGAGACGCGGACATAGTGCTGCAATCTGAAACATAACCGCTGAGCTGTTCATTGTTCCCACTTATAGGAACGTTAGGAAAGGTGCCAAAGTGACACCTAAACTCATCCATT,1937,48.17,Homo sapiens
SEQ_296215,TATTCGGCCTGATTTACGGCTTGCTACTCGTCTGAAGGCGTTGGGTACCCTAGTCGGCGATCCGGCGATATCCGTCCACAACTAATACCGCGGCGCGGTCCCATGGATCTTATACTCCTAACAGAAGTTGTGCCACGATGTGGTGTGCCCGTGCTCTGCGGGTCCTGTTACTTGGAGGGCCGAGACAGTCGCGTTCATCGACGTCTGTTGCATCTGATGATACTCAAAGTACAAATACTAACTACAGATGCGATAGGCCCAACAACTCTTTCTAGCCTCCGAGACCAACTCTGATTTCGCCCTTGGAGAGACGATGTGTCACCTGGGAAACACTTGTATAGATAGTCTAACACGTTGCCGCTAACCAGTAACTTATTACCCTTAGGACCTTTAGTCCGAGACTAGAGCGACCTTTGGACTAGGTGCTACGTCTATTCTGTTGGACGCACTGTCCAAGACGACCCCTTTTCTTTTGCTCACCGTAGCCCCGAGCCGGGTGTGCCAATGGCAGAGGCCCTAGTTGCGAGAGGTTCAAGCATGTTGGAGGTGGCCAGGGGCACAACACAAGAAGTGTCATAACACCTACCCGCGTTTTTGAAACACGTTCACTACCTCGCTCGGGTTTACGGCAAGTGCACGAGGCTCCAAAGCTACCATTCCCGCGTATTTCGCAGCCAGGATTTGAATGGCCGAGACTCGCAGGCAGAGACCCATAGGACCCTCTAACAGCTTGCTGAGACATGGTGGTCAAGGAATGGTCGTTTGTGCAATACCGCTGAAACAACGTATTTAGTTAGAATGAGAAAATAATCCCGCAAGGCCTGGCTTCTGCACCAGGGGCAGCTCGTTGCATAGGTAGCAGCAGTTCAGCCTCTGTCCTAGGTCCTATTTGCGAAATTCTCGGCGTGCTGATCGATCTAACGTCGGAGATGCGGCGACCGTGCAGTCTTGTTGTACCAAAAAAAATGGTGAAGGGAGGAGGACGCACAACCCCTCTCTCTGGGAGTCAGACACCAGTCGGACCCAATTTGCGTTCGTCAAACGTTCCTGACGGACTGGGTATCGGTCCTTCAGCTGGCTCGGTAGATTAGATCGCACAGGTCCCACCCCTATGGGCGGAGTAACGCCACTTTTCAGCGGCTTAGTCGCGCTCTGCTGGGGTTCATGGTTTGCGGTTTAAGATCAATGATATCTATAGCGTTCACGTCTTAGAGCGACCTTGTGGTGCGTTGCCTCGTGCGTTTCTGCTGATAGAGTAACGCATTTGTTACGAGCATTCGGTTGTCTATTTGAGGGCCGGACTCACAATCTTCCCCAGGCACCAGGGATACTCCCTGCCGATCTACTTGTGAGGGCACGTAGTCCCCTCTCGGTACCTACACAGACATCGTCCGGTATCTCAGAAAGCATCAGAACCGTGTCGATGTTTACGTTACGGCGACCTCCGATCCCCAGCACAAGTGGCGTGCTTTAGTCCCGTGTTGACAAGCCCATCCAAGACAGGGATGTTCCGAGTGACGTACATTGGTTGCGCAGATCAGCCATGCTTCTTTG,1554,52.77,Caenorhabditis elegans
SEQ_472849,GCCAATTAGTATGCTGCAGGAAATGCAAATTGCGAGCCCGGGACCTTAATTAAACGAGAGATGGTACCAATTAATTAGAATTCAAACGAGATTCTTCGGAAAACGGGTATCGGCACGAGTTTAAAGGGAGCGGTGATTAGCAGATTCGATTCCATCGTCGCTGGGGCCGCGCCCGGGCAACTTGCAGCCTGGAGGTAGGCTGATTCCGAATGTACAAAAATACCATGGAGTAGGCATACCCGGTGTCAAATAGGAGCTCGTGGTGGGGTACCGAGAGGTGCGTCAGTACACTCAGCACTGACTATGCAAGTCGGCCGTAGGTCGGCTCCTGTTCGGACTACTGAATACCTTGGTTAGGCCATTAATCAATATCTTATATTACATGACGCCTGTCTAACTTAGTAGTATCATCGAGAGTGAGCGGTATGAGGCTGTTTTGGTGAGCGTCGAAAAGAAGGAGGCCATGTAATTCGAGCTAGCTCGTCTGCATCTCACTCAACCAGACATATAGCTACGCG,518,49.03,Caenorhabditis elegans
SEQ_229525,CGGCTCCGTATTTACCAGGGGGCACGACGAGGGACATGGCCAGACCAGTTGCTAATTGTGCAGAGGCACCCGTGTTAAGTAATCTACCTCGTAACCTAGCGGTACGTTAGTGAACAGCTCCAAGGCTAGCTCGTGTGTCAGCATCGCTTGTCGCAAGCAAAGCACCCATAGGTCCCGGCTACACGACAACCCCCTTGCTTCAGACAAATGATATGACCCGACACTGAACTTACTGCTAAACACTAAGCCCTCCAGCTATCTCAGGCTAAAGTGGACGTGCTATCGTAACTACAAAATCAGCACATTATGGCTAGCCTGCGTCCGCATGAATTTCCTGTAGGCTCAAATAACTTCACGCGTTACGAACATGCGCAATCCCACACCATCATGTTGTAAGAAGGAACGAAAAGCGTCGACCGATTAAACTTCCAGGCAACAAATGCAACTGGGGAAGAAAGTGTCCGCTCGTGTGTTCCTTTCCAATGTAGTGCCTCTTTTTGAGCACAGCGGACCTCAGGTAATGCATGCTTGCTATGATTTAGCCACCGACAGGTAGCAAGCCGAAGAACAACGTAGAACAGGGCGAGGCGA,591,50.42,Caenorhabditis elegans
SEQ_175785,CTCCCCACATAGCATTCCCTCGAGAAGATCCATTACTAGCGTAAGTTGGGGAGACTTCAAGCCTTGCTGAACCCGTACCCCCCCAATACACGCGACAAAGCCATCGCTGCGATTACATGATTAAATGCAGGATGGCCTGGAACCCGTGAAACACATTGATATCACTAGTCGAGGGAGCTCTGTAGCTAGTTCGTACAGCGTTAGAGTACACCAGCCTTCAGTC,223,50.67,Escherichia coli
SEQ_668780,TCTACAAGGAGAAGCATATAGAAACTTTTAGCCTCTCGAATGTATGCGGGTTGTGGAAACTAGGTCCGTGCAGCGGGACGTATGCCAGGTCGTTCAGAGATATACTACGTTGGTTCGTCTACCGGTGGATGGGGCAATTTTCTGTCGATTGTCATATTCCACCGTCTGTCAGGCTCCTCTGGAGAGCTTTTATGCTACAGCCGAGCGCGTTGAATCTATCCCCATCGTGCGTACCCACCGCACGACCTGTCAAATACGCTGCGAGGAAGTAATACGGACGGTGACTAGTGATACCCAACGGATCATGGGCTAAACGGTTCTACTTTCGGCGCTCATCAATTCCGACATTTGGGTGTGTTTTATAAACTATTTCCGAGACCCACAGCGACCAAATTAAGCTTGTTGGTAGTCTGGGTCATTGTTCAAACCCTCTCTTTCAAAGCCGGCATATACTAGAAAAGGTTCCTTGCGCCGTAACCAGCACAAAGTCTTACATGTTATTAATCCTAACGAGTCATAGCTAAAGAAAACCGGATCCAAGTGGCTTCTGTGTGCTATGTGGGCCATACAGAGTCGACACCTCAATGGTACTACGGCATTATTGTAAATCACGCGTCTGATACTCTCTCCCCGGTGACGAGACCGTGGTCGGGGGCGAGAAGCCCTAAGACGAAGCTTCGTCCCTTCTATGTACATGCACAATCGATAGCCCTTTAGATCCCCCCCCGCGAGCATCCGTCGGGCCCACCGTTCTGGGCCTTTTTGGACGTAGGCAATTCGCGGCGAATCCGTCAAACAAGTTGACGTTCACATATCGTTGCCTATTGCTCAACCCCGTAAGATGTGCATGGACGAAGAGTGTGGATTAACCTGACAGTGATAGAGGTTGCGGTGTCTTGTTTCGCTCTAACCTGCAGTACCGGTGCATAGTGTTACACGGGCCTCACGAACCAGCGATCTATTTAGGCCCCGTCGGATTGTGGCCCCCTGGGGAGCGTTGGTTTTGTCCTAGCAGGTAGAGCGGATGGGGGGGGGACTTGCGCGAGGGTAACGATGTAGGCTCCTGACTTGCTTACCCACAGAGGTATTTAAACTGAACGTATAGTCGGCCCCCGAGTCATGCATCCGGTACCCGGCGGCACCTTATAGCACCATCGCTTTTGAGCGCCCCGGATTGTATAGTGTATCGCGGGCCTAGAGGGTGCCCCATTTTGGCGTATGTGCTCGCCGCTAAGCCGCGAGCTCACTTCACCCCCCGATCATGGGCCGTTCACTGTCTGTAGTCAAGCGTCCGTTTAGGGCTCGTTGGGACCTACCAAATGCGTCGCTCAATCCTCGCGACAATCTCCGTCATAGTGCGGTAGGAACGCTTCACTAGCTAGATCGCTCACCGCCCGCAATTCGAGTGAGGGAGGACGGCCGTACTACTCAGCTGAAGTGGGATGTTAACGGCCGGGGTATACTGGAGCACTAATTGATTCCCTTCTAAAACCATAAACCATTGGCGTTCAGTCACGGCGATCATCATGGAACGGTTCAAAATGTCACCAGGGGTCGACCTTCCAATGCCTCGCGTGGAGACATACATAATCTCGACGGAATTCCTAACGGAGTTGTGGTCCCAGGTGCTATAACGCTGCCTATACGATATACACAGTCGTTCACTGAGTAAGGTCCCGCCCATCGAACAACCGCGTGGCAAATAGGTTTGACTCGGGCGGGTTAACCATATAAGAGTCATGTACCTTGTGCCCACAGTCTCGCAGCCGTTTGTTGGGAAACAAAGGAATGGTACA,1796,52.17,Drosophila melanogaster
SEQ_882649,GAGTGGCAATGGATGCTTGGACAACTGAGTGGCCCCGCCTTGGCGTTACTATATCACAAACTAGTTTCTCAGATAAATTGCGCCGGT,87,49.43,Homo sapiens
SEQ_198181,TTTTGGTCGACCCCGGGGTTTTAGAAGTGGGGGTGAGTTTTGTAGGCGAGGGCCGCTGCCTTTCCCGATTATCTGGCCCGTTCGTCTGCAAATGTAATTCATAAAACTATGCGCCTGTTCCTTCTATGTGACCACTCGCGTTGCGATACCAGCACAGCCCGAACTACATCGGATCCTATGACCAGCCAAGGGCACTCCCAACATAGAACCAGGCGCTGTGTAAAGAACGGGCCCTTAGGTTCCGTCTACGTCACGCGTCCCGCATCTGGGGAAACCCAATCTAATGCGTATCAGTCTCTGATGTCAAGACGCCACGGATTCTCATGCCCTCTATCCGATCAAACGAGCTATTGTTGCCCCTATCGTTTAGACCAAGCATCTACAACTGAGGGGACCTTCGATCCTGGATCCCATGAAGACTTAAATGGATGGTGCGTACCTTGTATTGGCGAGAGACTCGACCGGTAGAAAGTCACCCTGGAGTAGAAACTGATTTGCAGGGAGGGTTCGAATAGCGGTTATCCTACCAATATCCTTTCGCGCATTCCACCGCACCGACGAATCGACCCTTATCACGTGCGCAATCACAGTATTCGTT,598,51.67,Drosophila melanogaster
SEQ_705177,GCCGAATCACCTTACGAACCTCGCTGGCTTAGGTGACAAGTAGTTGGCCAACTACCCATTTGATACGCCAATTCTAGGACCAGCTGCCATCAATACTTCCACATTACGCGGCTGTCGATTGTACAGGGCACCAGATGCAAGCGACGCCATATTGCTGTACCACCAAAACAACCGGAGTGCCTCGCGTAGGCTGGGACAGCAAAGTTGTATGGATTAAACAGCAGGAGTGGACCACATGCTTCTAAAAGCCACGCGCGAAGGAAGACGCTGAGATCTTTATGGTGGCCTGGGTGCCTAAATCAATAGAACCCCCCGCAAGCAACTGATGTATTTCCGCTTAAAGCCCAGTATGCAGCCCCGAAAGCGATATGACCGTGAATGCCTCATAATCCGACTTAACCACGCCGATGGAGCGTAACGCCTCTTCTAGTGAAGGACCGGGCGCGAAATTTATACCATTGTGAAGCGGGACCAAATCTGGTTCTAACACGGCAAGTATACAACAGAACCCACGCACTATCGCTTACCAAACCCTGGGAAGGATGATCAGTTACTGGAAACACCCGTGGGGGATCGTAGGTCATAAATGTACTCTGGTAAAACAGGATACTCGCGCGAACGACGAGTTTTGCAACGTCAGACCTCAACCCTGCCCCGCTGGAGGCCGTCGTCTACGGAGCGCCTCTTTGCGAGGTACGCTGCGCTGGAGGATTTAAAGGCTCGGTAATCGTCTCCTGACTAGCGCCGTCCCGAGTGCAGGCGTACATTATGGAAAGGGAAACTGCGCTTGAACTTCAATGGAGGTTAATAGGGTCGATGGTTATTCGAGTAGGTGCTGGTCATCTCGCATCAAATAGAAGACATAGCAAGCCGCGGATACGCCACTGTCACAGCCGTGGATTTCCGCTAGCTGGAGCGCTTTCGCTACTCGGCCGTCCCCAGCGCTGAACATAGCTCCATCTAGAAAATGCTTCTCGGTACAGAAGCTTTTACAACAGCAGGCTGCATACCGCTGGATTCATAACATACAGAGCAATAAAATGAATCGAGCGACAACTCTAGCGCGGGCTCGCTAATACCCGACTCAACATAGTCAGTAAATATAAGAGCCCAAGAACCTGGTCGTAGCACAATTATTGATGACCCTCCACGCCTCAATCTACGTAGCGAGTAGTCCCGTGGGATCCAACTCGTGAGTGACGCTTAAGAACTCCATGTTAGGGGAGGAACGCACCCACACTACTTCATCTTCGCGGCTCACCCGAAACGTCCTCTTTTCGCTATCCTCCCGTATCACATTACTCCTGTCTTGTAAGAAAACAAGCGGAAAAGT,1333,51.24,Drosophila melanogaster
SEQ_544578,TGATGGTAGCAGGAGTCAAGGTTGCAGGCTGCGCGGCGTCCGGCTTAGACTGCATGTGGTGATCATCAAACTCCCATCTCCCAAGCGGGACTGTAAAGGGGGTGCCAATGCTTGATCTTTTCCTTACGCTGCAAAATTAGAAAGCTACGTATACACCTACTGGTCCAGCAGGGTAGAGTGCCATCACGCCCTTAATTTACTTTTCCTACTGGTTTTAGCGCATTGCGGACATCGAGCCTGTATAAAAATCAGACGGTAATTATGGCGTGTCCTAGTTAGTCCCGCCACTCCGTCGAATAACTAGGACATCTAATGTTTTACCGTCCTTTTAGCTTGCTGAATACAGCGGTCGGGAATGTAAAGGATATGTTGGGTACCTGGGTCTTCCAGATCGACTGCTCTGGCGTACTAACATCCAATTGACTGAAGAGAGAGAAGGTCTCGACAATGCCTTGGAAGCCGCATTAGCTTTGCGTTATGTTGGATCGCAAGGAAAGAGTCGCTTTACGAACTCGCTAACAGCTGCAGTAATAAATGGACACGACTCTAAGTACTCGGAAACTCAGAGCCCGCAGGTGTCAGAATACGGCGCCGGGGTGCGTATTTGGACCTAGACTCTAAAGGTGCGTTTCCAACCTTGTGGCTGGCTCGTATCGTTGCCCGATGGCTCCAATTCCGGAGGCAGCAGTTTTGTACACCGTATGGCTCAAGTAAATCATTACCAGTATGGAAAACTTGGTAGCCTTGCTGTAATAGTTTGGCCCGCTCAACAGCTAGAGATAAGGCCCCGGCCAACATATGCGGCCGGCTCCAGTGCTTAGATTGGATATGCATTTCCCCTGTGTCCGAACCGATGCTTCTTACCTCGTGTGGCTTTTGAATGGGATAGAGATGGACGCTCCGTTGTCCTTTCTCCTATAGAAGAGATATTTTAACGTGAAGCACTCGTGCACTGGATCCCGACGGGCATTAGGTATAGCAACCTGT,987,49.44,Escherichia coli
SEQ_483383,ATAGCATGAGTAGTTAACACTTGTGCAGTAGACGGACGTCCAGGCATTGGGGGGGAGATGAGA,63,50.79,Saccharomyces cerevisiae
SEQ_354194,GCTATGCTCGTGGACAAAACTGGCAGGAGGGCCCGAATCTTGACTCATTCACACAAACTCCCGGAGACTTCTGAGAGATTTATACTGAAGGACCGAAGGCTACCTTACAT,110,49.09,Caenorhabditis elegans
SEQ_976874,GCACTTATCCGGATGCAATATAATGTAGACCCTCTTCCACACCAATAGTGTCGCTCTGTAAAGTTATTAGGGGGCAAATTATGTGTAGAGCTTTTGCAATAGGTAATGGATGTTGACAGGTGACAGGCAACCGACCCGGTGTCTAGCCAGACCTCACTAACTGCCGAACCAGAACGAGTTCAGTACGGTGATAAGGATGGTATTGTCTTAATCAATGAGGAAGGGCAATTAGCTTCCGTACATTACCGCCTCACGTATGTCCACTCTTAAGTGTTGAGACACCCGTTGTGTGGCTCGTGGGAACAACTGGTCACGCTGGTTTTCTCTGGGGGTTAACACCAACAGCATATCAAAGCATAGAAAATACTCCCCCCGCACATACCAAAGCCGTCTTCACCACGAATGATCTTCTTTCTCCGCAAGCTACGCTTGAGGTACCGTGCCCCCTGATGTCGTGGACTCCAAGCTTAGCTCTGGTCAATGTACCCTCCCCGTGGAACGTCCTTCGGCGGTACACGCTGACCTCTCCCCTATTTTCAGCGCGCCCGCTATCGCATTAGAGCGTACATCTTTGCAATGACTGATAGCTTCTCTCTAGGACTAATTACCGGTTAGAAGGAACAGGCGTAAGGTACCAACGGCGGCTAAGTAAGACTCTCGACCTCCGAGTAACTGTATTAAGCTCTTTACAGGCTGCCACCGAACAAGAAGGATTGTGTTGGAGGACCAACGGGATTGGGTTGCACCATGCCCTTCTATTCGGTGGCGATGCTTGTCCCCGGCACATCAAATCCTTCAATGACTCGATAGTGCAGGTAACGTTTACTGGTTTCACCAGACACCGTTAAGGGACGCCGTCGTAAAGCGTCATATCTGCCATCCGCTAATCCATCTTCGGGGGGCACCATCTTATTTGTATGAGATGCCATCGGACTCCACCGATCTAACACGATGCGCTTTTGCAGAGAAGCGCACGTCTCTGAAGGGTACATGACTGGTAACCTTCGCCACATACAACATTGTCCTCAATACATCAACGTCATACTCTTCTGCGACACTGTGTAGGTCCTGACAGGTTAAGGTAAACTCGGCCAAGCCAATCCCGACAAACGCAAACCTCACGACAAGCTTACTTGCTCTGCGTCGTGCCGTTGTAATAAACTGTAGTATACGTAGGAGGCCCAGAGTTCTGTCTCGAAATCCATAACTTATCTGTTTGCCGACATATGGCTCCTGGCGGCGAGCACCGTAAAAAGGACCCAATAATCGTGGGCGGAGGGGCGCTACCCCATCCAAGGGAATCAAGCAGTTGTGCGCATATACCATTTTATTATGGCTGCTAACCTACTAATGTCAGAAGCCGCTCTGCTGAGCGAGCGGTCTCCCTCTATACCGGCATGTCAGCTGGATTGAAGCGATGGAATCCGCGGGAGTGATTCAATAGAATTGTCGAAAATAGTCGGTTGTGCCCTACAAGCAGTCCATGTACTGGTTACCCAACGTGAAAAACGGATGGCGTTTCATGGCCCGATGACCAAAAGGTCTCGCCAGTGTCGCATGTGTTTCTAGGCAATCCTTATATCCAGAGTGTGCGATTAAAAGTTTTGTAAAGGAGAGGTTCCTGCAAGAGAATGCTTAGAAATAAGTGAGGAATAGGTTTCAGTAACCTACGTTAATCTCTCGACTACTGC,1691,49.26,Saccharomyces cerevisiae
SEQ_662841,TTTGCTCTCTCAAACACCCCGCTTCGCATAGGCGGTGATGAACAGTTGCTTAATACCTCCGCTCCCAGACTGCTTGATCAGGTTTATGGCTACTCCATGAGGCGTGAGTAGCCTTTGCGGGATTACGTATCGGATTTTTAAACGAAATGCCATTAGCGGGCGATCCGCGCAGGCCTTGGATGTCAAGCTACTGCAGCGAGTTTTGTGGTAAATGTAGAGCAACGGTAGCGCTAGAATTGTGACTACGGTGCCGATAACGTGCATTGAAAGGAAAACATCTGGTAAATCTATTACCACTATCTTAAAGCCCAGAGATCTAACGCGGTACCCCGTTTGCAGTTAAAGGTACTCCCAGGGCACAGGTCCAAAAGAAGACCATCCCGCTCCCTTTTTTTCGTTCGCAGCAATGGATTCTTCCCACCTGGCGTGTGCCTATATTGTTGATCTAGCGCTGGCACCCCTATATTCTGGTCTCTGGGGATTCCCTAAGACGCAACACGCCTAATATGCATACCGGGCTATTTACGAATGGGTGGATTAGCCGAGACCGACGGTCTACTGATATTGATGATCATTGAGGGGGTTTCTTCTTAAAACACCACTGTTTGTGGGGCCTAGTACTGTTACAGAATCCAAGGGCAATCCTTTATTGTCCGGGTTCTGGACACCGCCCCACTCGTAAACTTAAATATAAGAGCTTGAGTCGTGGGTTGGCCTGACCCCTCAGGAGAGAAAGGTCACCGGAGAGGACTCATCCACCGTCCCCTTGCCGCTTAGACTGGCCCTGAGGACGTAGGCATAATATGCGAAGAACATCAATGACGGTCACGCGGGCGAGTAGAAAGCCAATTGTAGAATGAGCACGAGGCCGAGTTGCGCGAAAGATCCGAGCTGGTTACGGTGTGATGACTTATGCTAGTACATTTATACGTGAGGTGGGGTCACGAAGCTCTAGTCCGGTCAGGACTAGGCAACACATTAGGAGTCAGGCCCTTACAGTTACATCCTCCTCCGGCAGAAATCATTGCCCTGCCCCAGGATTGAATCTTCGACGCTTGGGGTGAACCTTGTCTCGAATAACAGGAGGGTTCAACTAAGAGGAAGGGGGGCAGTGATCTTTCCGACAGTTTGCATTGCATCCACTTGGTCGGCACGTATCAAATGAGAGTTGTCGTTAGTTGGAAACAGTCGCCAGGTAGAGTCCTGCCTCGGGCTTCTTATAGGTGGCATACAAGCCTTTTTCGGATATGATCAGACCTGCGGAGACAACCCTGCCTTGAGCGCCACAAGCTCAAATCTTTCTTGGAATCTTAAGATCGCATAGCCGAGTATTGACATGGGAACTCGCCACGGAATCGGGGAACCGATCTGAAGTTCAAATTGGTTAACCCCCAGCAGATAAAACTCAACGGGATATTGGACTGAGTCATGATAAATCCGCCTCAAACTGACTCCTGTTATCAGATAGAGAGAACTGCATGCAGAACCCCCTAGGCTGGCATCGGGGTACCCACGCAAGGAGAAAGATACACACGGGCCGAATATCCCCAGGGACTAGAGTGCGACTAATCACGGCATATGCTATACGGGCGTCGTTTCGGAACCCGGGCTACGTGGGTTGATGAACGTGTGACCCATACCGGCTACAAAAACTTGAACGTGCGGGCGCTTTAGTGTTAAGAGGGTGTCATACCCCACTA,1700,50.47,Arabidopsis thaliana
SEQ_475620,GTCCGTTGAATAAGCGTTCACGCTGTCCAATACGAAAGGGTAATACTGGGTGGATTTTCATCGTTGCTACAGATGCAGCTTCTTCCTCTGCGACAGCTGGCCCGTCGCTTTGGCCAGCTGGAAGACGATGGAAGCGACATCTACACCTCCTTGGAATAGCGCGATATTCTCACTGGGCCAATTAGGTAGCAGGATTCAACCTCCGAGCGCTTCTAACGGGCTAGAGTTTCCTAAGAGGGCGTCCATCGCACTGAATAAAAGGGCTCTGGTAACACTGCGTGAAGAGAACGAGCGCTCTAGCGTGCATGCCACTTTCTTAAATGTTACATCTCCTCTACTGCCGAAATATGTCGTGCAGCAGACAGAGGGCATAAGTGTTGTGGGGCCGCTAAGCTCCCCTGAAATCGCACAACTCTTCATACCGAGTCACTTAGAGAATGGTATTCATATACTAATAGTCCGTCGGGATGGTCCCGCGCAATCTAATATACGCGTCGGGCCGCCATTAGAACATAATATTGCATAGATATTAGACCGACTCCGCCTTGTCACACGTGGACCTCTTCGGCCCGCTCTGGTTCAATGCGTTACCGCCATTCTCACGCCGTCTCGAAGTCTAAACACGTTCAATTAGTTTGTTGTACAATGCTGGTAATATCTGCGAAGTCTGTTTACGGCTATCTCTCAGGACTATTCGGCCTGAATTGCCAGCTAACCTAAGTTCATTATCACATGCAAGAGGGATCCATACGATACGGAGTGGCCCCTTGGGTAGCGGATGCAACTGTATCGCCGTGTTCCATTATCAGTCGGGATCGGACACGCGAGGGCTTAGAACAATGCGAGGTCAAGCGATAATATGGTTCTGATGCAGTGCGGTTTTACAGAGGAATAATCTGGGTCGCGCCCAACTACGGGGCCCGGTCCCTCCTAGTACATAAAGTGAGACGATATAACTATTGTTCATAAAACCTTTTCAGTCCGGTCGTCGGATGAGCCTCATGAAAGGCGTGTTTCCGGTGTATGGTACCTAGTTTTCTCGTACGCTCGCCTTAATCTTTATGGAATCTTCTTAAGGCGATAGCAGTTAGCAATAACTACGTTGCTTGCCGTTCTATCTTTAAATCTATCTTCTGGCGGGCACGGCCCCGCCCATGAGTAGTAGTAGAGTGATATCATTTAGTGGATAAGCTTTACTTCCGTTCACTACGAAGTCTTTGCTGTGTTCCAGACGAGCAGCCGGTTTGCAACCTTTCAAAATAGTATATCCGAGAATAGGATCTCAGCGGCATTCGATGGCTAGAGCGTTTCTTTAGTCCACAAAAGAGGAGTTACGGGATATCGTATGAGCGAAGGTAGAGTCTATAGGAAATAGAGGAGATAAAGTTGGACTCAGCGATTCAAGACCACATGGCGCGGCTCAAGCGTAGACCTCTCACAGGAGGTAACTGCCCAGCTAACGTGCGAGGAACCTCTTAAGATTTAAGTCGATACCCACTACGGTAAACGAAACCCGAATAATAGATAGAGAGTCATTGAACCAGACGCACTCTGAGTAAGAAGCGTCGCTGACGAGCTCCGAAATCTCGAACGGAGCTATGCTCCTTCGACAACATCCGTTTGATCCCCCGGTAGAATGTCGAACTGAATTGAGCCGGTGCTTTTCAATCGTCCGACCTCACTCCATGATGATACCACCCCATTAGAGCACAGCCCCTCATACTTTGGCCAGCGCGTCTGTGTCTGGCGACTGCCACTAAACTAGGATTTCAAGAATGGCTAAGTTGCTAAAAGTACGTAGTTCTGGCAAAATGCGGAATCTCTAGCGGATAGGTTTTCGTGGTTTACCAGCCAGATTTCAGGTAACTTGTACACATGTTGGATCGGTA,1889,48.49,Mus musculus
SEQ_648146,TACAAACCGGCGTGACGTCTATTAGGCGTATTCGGACCCGCTTCGCCGACGCGTACTGGGTGCAATGTTTATCTAGGCATTCTGCGCGAATTAGATCGGAGAAACATAGGCATCCTTAATTCGGTTGGTCACGTAGCTCTCAATCAGTCTTATTCTGTACCTGGGCAAATTTTTCAACTCATTTATACGGCGTTCTGTCACATAAAGCACACTACCCACGACAGAGGGCCCCGTAAAGCAATTTGGCTGGGTGTCAGTCCTACCAAGCAGGTAGCGTCGGTGAAGCGCATGCTCACAGATGGTTTCAAACGACACCTGTATTCGTCGTAATTTAATGTGGGCACTCTGGAACTCGCGCGACATCGTGGCTCGACAAACAAGTAGAGAAATATCGATTCACCCTGGGCGGAGATATCTTTGTATGCGGACGTGACAGTCAGTAAGAGGACTGAACATGATGTGGTCTCCAGAACCGTCAGAACTGATCGATATAGAGGAAATCAAGCACGAGTCTTTGCGATGGCTACTGTGTAGATACCTAATCGGTAAAAACTCTGACCGATAGCGAACTATAATAGATTGCGGGACAAGTTATCTCACATAGCACTGGACCGGGTGAGTAGATTTTCCTAGGCTGTCGCGCCGTAAAGCAGAGCTCCTTAACGCACAGATGCAGGGTTGCGACGTCCAAATTTCCTATACTAAATTTATCCCCATTGAATAGCTGGTATCGCGGGAGTAAACAAACTATCTATGTCGGTAATCAATGCTTGCGGGTGTTTTTACATGGTATATAGGGTTTTTTGCGGGCCGTCACTGCGAATCTTCGCTTGGCTCCAGGGCAAAGGATCCGCGCTCTTCGGCAATAACGTTGGGCTTATGGTAATTAGGCTGTTAGATATTTCATCAGAAGATGGCCCGTGATAACCTTAGAGACCAATGAGGTCCAGTGTCCGATGAGCTGGAAGGCGATCTTGGTAGTTCAATAGATTGGTAGAATTATCCTCGGGAGACTGAGTCGTGCGAATCCTATGCTTTAGCCTAACATCTGCATATCTAAATTTTTACTATAGGCAGAATGAGATTAAGATACACAGTTCGTCTTCCACGATCTGGGAGATGTTCAAACCAGGGTCACGCTTCCCGGTTGTTAAGTTCAACAACGACGGAAAGAAGTGCAGCTGACGGTCAACGTGTCAAGTGATCTGTTACAGCGTATGTTATTACCTCTGACGCAAAAATGCACTAGGACGGGTGCCAAGAATTTCACCACATCGAGTGCACCGTTCACTTTTAGGACAGCAAATGCCATTCCTGATCTGTGATGTGTTTTTCCCGTGGTGAGGTGTACAAAGCGATTTAAACTAAAACGCTCTCATCGAAATACCTTGAATAAGGTGCCTGCAAGATCCAAGGTTTGGAAGACGACGCCTTACTGTTATCTTGGGATTACGCTTCGTTCTAGCTCTGACAGACCCGCTTGCTATGTAATACTCTCCTGCGACCTCGCATGCTAAGACGTTCCGTTACGCTCCGGCTTCAGGGGGCCGTACTTAACGAAATCACCAGCCGAGTTGGCCACACTTACATTCAATACCGCTTGTAATATCGTGAGGGATGCAAGTTGAATTTCATAGGAGCGCTCCTAAGGTTATCCAAGCAATCGACTATGACTACGATCCCGCTACCTGACTCCCGAGCATAAATATGGCGAGTCCGAACGTAGGTGGGTCTTCCGTGATGGGATTTTAGACCGCGATTGGGGAGAGCTAGAGTGGGGAGCCAACGAATAGTCGGGAGACTTTGGAGCCCCATCAGAATTATGTCCGTGGCTGTATGGGCAACGGGCCACGAGCGGTACAGTGGGTGTAGTGACGCTCACCGCGGTACTTTAAAGCCGGTTTCCTCTGTTACGACTATGCCCTCAACGTGAGTCCAAGCAGAGGAACCGGCTCGTGAATGGACCTGAGCTAAACCCAAGTC,1983,48.26,Saccharomyces cerevisiae
SEQ_149410,ACACCGACGACTCGCGTCAACTCTCTCGCTCGCAAACGGGATATCGGGGAGTCTCTACAGCCTCCTCAAAGCTATCCGTAGGTCACTAAGTACCCGTGCGCCCGATGTGCAACTGGACGCTAACAGACTATCCTCAGTTACGATTATCAAAACGTGCATAGGGTTTTGCGTGACGATCGGCCGCTGCTGCATCAATGGACGCTACGCGACACAGGAGCGGGGCACAGGTACGGATCATTCCGCCGCAACGCATTTCATTAGACGGCCGCCTTGGCTAAACTAGACGCAGTACTGAAGCTGATCAACTTAGACCTAACGTTTGCGGAATTACGGATTGATCAATCATTATCGGGGTGCAGGCCATGTACTGCGTATTAAGCGCCCATTGGTAATTCTGCTTTGTACTTTTGACGTCAACCACATAGCATGATGGCTTTCCATGATCTCACCGGATCTGCACGAAGCCGTTGGTGCGAGAAGTGACTGTAGCCTAATACTCGGAGTTCCGGTCGAGTTTAGGCAGCATGTGGGAACTCTGCACACGAGACTAGTGTAAGTCCACTGACGGTGCTAATCACGTTATACACACTCTTTCCCATCAGGAAGCTGTGGAACAAGCGGAGATACCCAAGTTTGGACCGGGCTTTTCAGCTTCTTCTGAGAATGTTGCTCCACAAAAGTTGCCATGATTCCTGGGTCAATAAAGTCAAACTGATCACGTAGCCGCGGCAAGATATTTACGAGGTGTACTGAATAAAGTTCTAGATCTAACAGTATAGCCTATAGTTTACTGTAGTCAGACAGACTTTAAGAGTCGCGACTTTTCGTCGGTTGTGTCCTCTCCCGCAAATGGCCAGGGCTCAGGCCACGTACTACTCGCTCGATGGCGGCGCCACAGGACGTTCCCCGACGCGAGGAAAGAAACAGGAGCCTATGTGCTAGCAGGTGGACACGGACCTTGAATGGATTGGGATACCACTGACATAATACCAATACCCTAAAGATCACCTGACGTTCTATATGTATGGGGATCAC,1035,50.34,Escherichia coli
SEQ_685247,GCGACCTAAAAGGGCCGAGGGTCGAAACCTAGTATTAGAGCATGCAGTAATCATCACAATCGTACAACGAGTCAAGACTCGCTGGTGGTCCGTTAAGGCCTCCTTACTTCTTACTGACTCGTAACTTCGCCGGTATCGGGATGTGCATCGGGAGCGCTTTGTGGTCACAGGCTTCGTCCCCTTTGAACTTTCTCACCTCGGGAAAACTTAACGTACTAAACATCTTTAGCTGCTCTGAACATATATGGCGCCGTTAAGTG,260,49.23,Saccharomyces cerevisiae
SEQ_310389,CTCAGTCAGTGATTCCCCTAAGTCATATCTTGGCGTAGGACGAGGCTTTAGGTCATAGTCCTAATCTATTCCTACGGACTGAGACAGCGGATCACCTCCACGGACCTCGGAACCGCCGCTGACCACATGGTGGTGGTGGAATATCGTTCCTCCTGGGGAACAGATTGGTAGGTACAGCGGATCGTGTACTCTCTCTTTTCGACTGTTGACCGGCCAGTCGCGTGCGCAAGCTGCAGGTTGTTAAGTCAGATTTACCACCCGTAGTGTTCTAAAGCCTTTACCAGAAACCATGTCTTAACAAGGTGCATACTTAATCCACGAACTGTGTCTGGGTGTACAGGAGGGGTAGAGTGCGATTGGAGCTTAGGCTAGGTGAGATCTCGTGGGGTCCCTAGGGCTCTTTGATCGTGTTATCCAATAGGCTTAATCGGTTGGTCGGCGCTCGTCTAAGAGGAGTCGTGCAGGCTCCACATATGATACTCAGTAGTGCGCTGTCATACGTACAGCTATAGTCGGTGCTTATGATGTAGCACCATCCCATAGTGGTAACGCAAAGGTATACCATTTATCCACGATAATAATCTTAAGACAGGCTAGCACATCCTGCTCTAATTTAGTCATCTCTAACAGTGGACTTGAGGCTTAATACGGTGGCAGAGTGCTGCTCCAATCTCTCGGGGTCTCTTTTCAGTAAGCCGGAGACGGCTAAGACATGTCTTTGGCAAGCTTCGTATTGTACTCTCAGCAGATTTTCACGGAAGTGATCGCGGCTACACCTGCCCGTCAGCCCCTAATTCGGCAACCGAGGACTGGGTTAAGATCTACGAGGCTGTCGTCGATGGGGGGTGTACTTCCGCCCGAGTTCTCGCTGCCTGGAGCGGTGAGAATTATCGTAAGGGTAGGGGTCTTGCACGGTTCTGGGATTACTCGCAGCAGACCTAAGTATGTTGTATTCCTCCGAGGGGCTATTTTGCCACGCTATCAACGTTCCTCTACCCCACGGTGCTCCGCATGCCGTCTTGATCATTTGGCCTTATGGTTGGAATACGATGAGGACTTAACTAGCCCGCGCCTAACGCACTCCTTTTACATTGCAGTCTATCATCGGAGAAACACTCATAAGTAGACTAAACCTCAACGTAAGTCAAGTCGGACGATGGGTCTGTTGATAACATGATATTCTGAGCAAGTAGCCCCACGCTTCGACGTCGTATAGTGCGGTTTCATAATCCGGATGTCTGTAGGTGTGCCTGATTTCCGCTCCACTATCGCCTATCAGCATTACGCAAGTAAGGGTTATAAGCGTAAGTTAGCCAGATCACACGAAAGAGCGGATCATCATGCCAGACGACTCGTAAACGCGATGCTCTTGAAATTGTTGATGACAGTTTTGTTATAGTTACCCGACGTACCCAGAAAGTTGTTATTCGACCGATAACGAACATAGATTTAAATGAATTCTACTACCAGACTGCTCATCATGAAAAAGAGTCGCAACCTCTGACTTCCTGTA,1513,49.04,Drosophila melanogaster
SEQ_407167,GGGGTCAACAAGTCTTAACCTGAATGCACATGCCACCATCCCCGCCTGACACCTAACGCCTGGCGGCGTGTGTGTGGCTCGGGCGCACCGTCCTATCTATATGTGACTCACAAGTTGTAAGAAAGAAAGTTGTGACCGAATCCAGTAGTGCTCCTACATCCTGCTACTTGCCGACGTGTTAGCGTAAAAAGTCAAACCTGAGATCTTTCACTCAGGCCTTATTGGCATAGACAAATGAAGCCGTCACTCGGTCTCATCAAGCACGACGCTGAGACTAAGTATCGTACAAGAGGGTCCTTCGGTTGCCATGCGCACTCTC,319,51.41,Escherichia coli
SEQ_126260,CACAGGAGTACCCCGACGATCGTCGCGGTCCCACCTAAGTTTCTGCCATATTGCTTTTACTGCCTGAAATGGGTATCGTGAGACTTCTTGCGCCAGTACGCTGCAGCGCCGCTTATCGCACTCTAGGCTTCTAGCTTGTATGTGACGCAAGACCGTTTGTCTATGATTATCCAAGCCGCTTCAAGCCAGGTCTTGACAATTAATCACTTAAGACCCCGTTGATCATAGGTACGCAGAAAAGTTCCCAGTTTCCTTTATCAAGGGCCCACATGCATATGGTATGAAATCCTGTCCACCATCTTTGATGAAGGGTTACTGGACTTTGCACACAACCTCAATACGTATATGTCTGTAGTAGGCTAAAGCGTCCGACCATGAATATTGAGCTATGGGCTCGACAACATCACGACAGAATGTGGGCAGTTCGGCCATGGTCCAGCGAAAGGCGGGCTCTCTTGTTTTGGTTCACGTTGCTGCCATTTATTGCAGTACTAGGGCCGGTCTCTAATTCTCCTGTAGGGCCCTATTTTTCTAGACGATGGTCCCGACATGTCCGTGGGGCTGAGCAATTGGCTTGTCCGACTACTCAGTTTGGTGTCTCGGGTGAACGACAATCGTCTTTGGTACGGATGCTATCTGCTCGTTTCGGCGTTATCTGACGGCGGCCAAAACATGTCGGCAGCCAGGCATCACCTTATCTGTATCGACGACTGGCTATGGCGCATATGAAGTTCAGTGCTTGGTTAAGCCCACGTGGTTAGGACGCTCACAAACACTGCTAGCCGTGCCAGTAGTGATTAACTACCAAACACTTGCATGGCTCATGACGCCGCATTTAATCCGTAATATTTCAAATTCAAGGAGGGGGAATACTGAACTTTAGAAGAAGGACCGCCTCAGCCATGTTGGTTCACGCTCGGATAAATATCGAAACAGGTCCTAATCGGCTGCGGCGTGTGGCATGTTCACCCGGGCGACCGACTCCTGATAGGTTAATTTGTATTATCATAACCTCTCGAATCGCCCAAAGCCGGCGGTCATTCAGTTGTGCTGCCCATCCCTTGTAGTAC,1070,49.81,Saccharomyces cerevisiae
SEQ_739187,ACTCTCGACGGTAAGGGTGGCTTTACTTCCTCCCCCACACGAGAACTATTGGGATCGAATCCTTCGGTTTGTACTGTCTAGAATGAAGCAAAGTGGTAATTTCGCAGCATCTTGCCCCGTGAGCAAGAAGGCCCATCGGGGGTAGCATTCTGCGCCGTGCTGTAACTAATCTAGGCGGGAGTGGAAGGGAGCGTTATTGGACACAGGCAGGACAGAGACTATCTGCGCTTAGGCAGGCACTACCCAGCGCATTCTTCATAACAGTCCCTCTTGGCGACAAAGATTCAAATGCCATCCTGTTCCCACATATCACCAAACTCGCGTAAGCAATCGTATTGATTTAAAAGTGGTAAGGCAAATCTGGTCCGCACGTTTTATGGGAGCCGTAAGGGAAAAGACCTTTTTCCGGCAGCCGTTGATATGTTCCGACATGCGCGTGTACATAGATCATCATGTCGCTAGGGTCAGCATGGGGGTTACGTGCCGTCTTATGTTACGTCTGTACAGCGGTTCGACATTTTGGAACTTCATGTCACACCTAATTCTTATGGCAGGAAGGTCTGCTAAGGTTACACGCTGTCGACTGATTGTTGGCTCCTCCTCTCATCTTATGGCGATTCTCAGACACCCTGCTATAGCTAACGTTTAAGCCGGTGCTGCAAGGGCGCTTATTTTCGGCAAGGGTAGAATCGTGTTTCGCGATCACCAGTTTACCACATTAATTTATTGGTTTCGGTGACCTATTTATTGTGATGGGCCCACACGACCTATGCATTCAGGGTGACGCGACCCGTAGGCAAGACTAAACGTTATTCTGTCATGGAAGCTTGAGCCCTCATGAGTCACTGGGTATGTACGACGGCGTTATATACACCATCGTATAGGAACCCCGTGTTCGGTGAGGTACTTTGCTATAAGTCAGAGTGGGTGCTGGAATATAGGGCGACCGCATTAGGCTGGTCATCAAACGCGCATAGGCAATTGCCAAGGCTCTATTCGGTAGGCGATAACCCAAAATTTAGCGATCGTGTGGTCGTGTAAATTCGCAGTACGAGATTGTCTTCATTTCCACCCGGGAGCGCAGACCACGAAAACAAGTAAGCGGCATTCCTACGCTCATTAAGCCAATCTAGCATGCGCAAAGCAGTTTATCATAGTGTCTTGCCGTCGTGGCACAATTCTTGACTCCATGCGAATTTCTACATTCGTTTTAAGTAGCCACGTAAAAGTGTGTCACGCAGCCAGGTGTAAAAGCGACAAGCAGGGATGACCCTGACCGCGCTCCGAGCACGACTAACGCCTTACGGCTACAATTGCACAGTGATCTACGGCGATCCGCTCGCATTTTGTATGGGTGTTGCTTTCCAGGGTAGCTCTAAAATGAACGGAACCCGGGTCCAGCGATGGCTCAAGCACTCACGCGAGGTGCGTTAAAACACCGCAAGGTCGCTGCGCGGAACACGGTTAGCTTACTCTGTGGTTTGGGGCGCAAAACAGTAGGGAGCGGAATGAACCGCTACTGCTCGCTAGGTTGATTCGACCAGAGATCCGCGATGGAATAAGTCCGGTCACGGACTGTCCCCTGAAGCAGGATTGGCTCCCTTTGTGTCCGTACGCGATCTTAACCGCAGATCCCGCACCGCCCCCCGCCAGAACGGATTAAGCTCAGACCATGCGAGTCAGGCTATGCTTGTGTTCGGTTAATCTCCCTCCGCGGGAGCCAACGCGCACAAAAACCACGTCAAGACAACCACAATACCGTATGGAGCCCTGTCACCAAATGGACCCAATGACGTCGACCTAATTATTCTTGATCTTAGTCATATGGACCTCAACCGTTACGAGTTTCACCCCGATTGAGCCAGACCAAATAACGTGTTCCGTGTAAAAATGAAGGATTACTAAAAACCAGTAGATCTGCTAGTTCTAACACATGAACAGGTCGCAATCGTGCAAAAGTGGACGAA,1967,50.23,Homo sapiens
SEQ_251239,GGGTACTCCATATCGGCGACTCCCGGTGCCCAGTAGGATGTAGTAGCGGAAGCTTCCAACTGCCGGTGGATTAAGTAATTCCCCTGCGGCTTGCTCATATGCTTACCGACCATTACTGAGTAGGAACCTGGGTGAATCTTTTACTAGTGTGTTTAAGTAAATACTATATGACTTCGCCAATGTCCGTTGAACTTGCGGTCCCGTTTACTGCGCGAGTTGTATCCTCTAGACGTGAGGGCCCCTGGAAATTTGTCACGTTTAGATTATTGATCACCCTGGGACCCGGGGAGTCTCCCCAGAGGCAATTTTTTGAGCCACGCCCCCCTGTTATTGATTCTCCTATCGGGTAGGCTGAGCTACCGAAGAGGTGTCGGTTTTCTCATGCTTATGCACGGTCCTTTCACGTTTTGTCCATGGCTGTCAAGCAGCATGCCTTTGGTTTCACTCGGGACAGTGGACGATACCCGAAGGGAGTCATGAATGTCTGAGCATGGCATCACCACGTGGTCGACTTTACCCCGGTGGATCTGGGTCGTCTCGACCATCGGTGCTATTTAACCGCACAAAACTAGTGTCCTAAAGGAGATGTGATTGGTTGTACAACTTCATGCTGCCCGTACTGTGGTGATTGAAGACAGGGAGGAGAGACTCAAAGGTCATCTACAGGGATCGCGAGATAGACGTAGTTCTCGACATGATCGCCCTGAGTTTCTTCGACACAACTAGATGCAACGCACGCCCTGTTAATCTGCACAGTCTCGCGCTGGACCTAAGTTTTACCCACAAGAGGAATCGTTTCCGTGTGCCGGCGCAACCAAGAAAAACTAATTTCTGGTCCGTAGTCGGTCGTGCTATGACGTCGAGGTTGTCGTAACCGAGCGGCCTCATTCAAACAACGGGGTTAATAGAAAACATCCCCCCGGTTGTGTCCGGCACAGCTCACTGTTCTTTGGCCGTGGCTTCTATCGTCAATAGAGGGGATTCTGCTTTTAGCTCCAATAGTGCATGAACATACCCATTAAGCTATTTGGTGACTCATCTCATCTGTATGTAATTATACAGTAAACAACGAGATATCTTCAGACGCTGTTCCTGATCTTTAGAGGGGAGCTTTGTGCTAGATATCAGCTCCTTCAGGGAATCGGCAACAGCTAATCGCGTCCGGACACTATGGTTTTTAAAGAACGAGGTGATAAATCACCATCACCAGGGCCCGGAAAGGAACTAGGTCCAAAGTCCTTGCCTAGACTGTATTTCCATTGTTTACAGACCGGTATCCTGCTATCTAGGGCTCAGCAGTGAACGCTGTATCGCACGGAATACTATGCTGAAGATAGTCGATCGTCAGAATCCCATAGGACAGGCAACGCCCGCTTGCACTCATGTCTGCCCACTCATGGAGACAGGCCCGATTCTCTAATTATCTTCGGCATCTGGACACAGCTGGCCTGATACCGAGTAGACCACAGCCTTTCGTCGACACCCTTTGACTCCCACGTGTCCCGTTTATGGCTACTAAGATTGTACTGCGATGTTGAAGCATTAATAGTTTATCTAGTGGTTGAATATTATAGTGGCTGTGCTTCGTGGGCGCCTCTCTGGTAAAAACTTCCCTGTCGATACGTGTGCTACACCTAAAAGCTTTACACAGGCTAGAAGATTCTTCCCATTCTCTCCTCGGCCGCAACTGTGACTGATACTTTCTTGGTCATGAGTCTTAGACTCGCGACGAGTGAAGGCTTCGCTTGTGAACACTTTTTATTGTCTTAGCTCATTAGCTTGTCAATGCTACTGAATTCAACATAAAAGGA,1811,48.7,Saccharomyces cerevisiae
SEQ_744641,AAGAACGTATTGATGACATCGTCGTAGTGGGCTTCAAGTCCTGGAGACAGCAACCCTATTGTTTGAAGATGATCCGCCCCGTCTGGTGTTGAGCATTACCCCATACGCGGTCTTATTTGCTATATCATCAGTTCCGTCGGATTAATGGCTGCCCAGGGTAAATTAACACCGAAGAGTATATAGCGCCGGAGGATGGTGTAATAGTGGTCAGATGGGACTTGGTAAGAGCTCGCATAGACTAATTTCTTTTACGCGACCGAGCGTCACGAAATCGTAAGTTCGTTAATTGTGAGCGTGCTTCTGAATAGGAAGTTACAGGATCCTTGTTTACCTCATGCTAACTGGAAAAACCCAAACGCTTCATCATCGTGCCACACGCCCATAAATGGTGACATACACCACTTAAGAATCGACGGGCTATGACCTATATTTGTTTTAAATAAACATAATCCCTGAACCAGGTGGAGAAGCTTGTTAACCCACGTGATAACGACAGAATCTTACAGTCACTTAGATTACAGCGGCAAAACTGGAGACGAATCAAGGATAATTTATATCCGCAGCGACTCCCGGGCGCAGATAGGTTTCGGCGTAATAACCTATCAACACGATTCCATCGTTTCAGCCATTAGACCGTGTACCGACCCGAGTCAGTCGGAAACTATCATTACATTTCTCTTCGTTACCTGGTAACGGGAGAACCGTTTTCGTGCAGCACGTCGGACAGGGCGAGATGTGGGGCCCCGCGCCGCGCCCATTGGCTCACATTTCAGTCTGTATACCCGCACGAGCCAACGCAGATGAACGCACAAGAGTGCAAAAGACATGATTCGTGGTTGCCGGAAGCGAGCGCGTTGACTCCCTTGCACTTGTCTGCGGGTGGTATTGCAGGAAGAGTGGCATTATGACTCGGTGTATCAGCAGGGTTAAGTACATTTTGTATTAACACCGGTCGGATCGTTAAACGCGACTATTCACGAAAAACTCGATTCGATCCGAAGGACATTCGATCTCTGCCTTTTCAGTGGATAGATTTCCCCATCCAGTACTGTGAATGGACTCTTTTAAACAAGGTAGCCCGTGACACTTTATGCGTAATTATCCTGTAGTTGAGTTAGTACCACCAAGCCTGAGGAGTTAGACCCTAGCATTGAAAGATAACCTCCTACGCGCTCACGAATCATGTCCTGCTCTCAACGCTATGTTAGGTAGATAGTTCCGAGCCACAATGCATCTCCCCGACGGTAAAATCGGCCGCCGTATATTCCATACTGACCCCCCGTTTGAAAATTTTTTTGGTTTAGTTTAGCATGCCGTAGCGACCCAGATCACTCAGGTAAGATCCTCAAGGAATGAATCGAGTCTGAGGTAGTGGTCGTGGAAGTGAATTGCAACCTGCACCGGCCCTGGGTCGCGGGGCTCAGAAGAACTTGCTCGACGGGCGCCCATTTGCGGTTGGCCTTCATGCTTGTCGCGAGTCGCCGTAAGAAGCGTCTGACTTTACCGGAAAAGCTCTTAGAATATCGCTTGGAACCAGTACGTAGATCCACCGAAGCCCAAATCTGTATAGTTTGGCTAGCATTCTTATCGGGGCAGAGGATGAGTCAGCGCACTCAAAGAAGTCACTATTCGCACGAAAACGTTCAGCGTTGACGCAGAGTTCTGAGGAGTAACCACTGAGTACTGGGTCAAACGTAACTCGGGTCTTAAGCACTCCCTCGTCTGACTCTCCTCTTGGTCACGAATTTAACGGGACCTCGATCGCTGTTCGTTGATCTCGTACAGCTAACCCCTCTAGTCCGGCCGTCATGGGAAATAAGGGCTGCAATGTAGAGAGTGCTCCTGTTACTGATCCGCCGTGAATGC,1866,48.82,Drosophila melanogaster
SEQ_458712,AGACTTTGCACTGAAGTCCTTGACTTGCACACAGAGGTTTTAACACTTGCGATCGTACTGAAAATGTATAGCGTGAGTCAAGAATGTATGTATGTACAGTGTCGTATCGACATTCGCTAGGCCCGTTAAGGATCATCAATACAAAAGTATCCGCCCGTCTACTGGGTAATCGGGCGACCTCTATATTGGGTTCCTTTAGCCATTACAAGGGCTGAGGATCAGGTGCTGGGCACAATGTGTAGTTTACACTAGTAACTCCACTGGGCTTTCCTGAACCCAATTCCCCGTGATACACTCCCGCCTATTGTTGAAGTTGCCCCTAGTCTCTTCAAGATTTCTTCATCTTATTCGTACGGCCATTCGAGTCGATGACGTGTGCATGCGACTGGACATACGTTTACTGCCAACCGAGTATAGCCTAGGTTGAGAGTGAGAAGGTACGTTTGATTGACCCGCGTCCTCTGTGCTAGCTGCGGGACATGATTTTTTTCGCGAGTACAGTAGCTGTTTAGGATATAGTTGCTGTCAAGCGTGGTTCTCCCTGATCAATGCAGTGCACTTACGGTGCTGACATCCCATGTGGCTAGGAGCGAGGCAAGTATCTGGATAGATCCCTCCGTGACCACCCAAGGCTGAAAAATCGCAGGAAATGTGTCTGGCAAAATCAGTCATATTTGAACCGAGCATCAACGTACCATACTTTTGTGCATCGGCATGCCTATCGATCGGACGCGCCTTCAGGTGGTCGCATCCCTAAGAACTTACGTTGACGCGTTTGTACCCTAGTACACCGCTACACTGGTATATACGTATGCTTTAGGGGCGGAGACCGAGGGCAAATGGAGGTAGCATCAGTCCCGCGGACTCGGCGTTGCGCCCGGGCTGACGAAGATACTATTAACGACATGAATCTCTTACTTTTATCGGCGCGTAAGTGCCCGGATCGCAACCGTCCGTGCGGAGGAAATCTACGGAACGGCAGACTGTCACAGGGTTTGCTACCCAATTAACAACCGCCATCTATGATAGGAGGCCAGCAAGGCAGGGCAATAACTTTGAGGGAAGTCTCACGAGAGTTCACATCTCTGTCACTCTTTGTGCCTCCTGTGACGCGTCGTCAGGATAGGCGAAGCCCGAGACAGAGCAATACCCATTCCGACCATACTATCTGTATAGATCTTAACAGAATGTTTTGAACGTAGGATCCCGGTCATGCAGAAGAATGTAATCACAAACTCGGCGTTTGCGTTGGAGCGTTGTAGTCGAGGCCGGCAATGAGTCGTCGTGTACGCCTAACGCTGCTCTTAGTGTCGGTCTTCCTGCCCCACCGGGTGATTACCTATTCTTGTTATTATACTCTGCTCCACATGGTGAGCCTGATGGCGCCAGGTACTGTTGATGTCCCTCAGAAAAACCAGCCCTATCAGACGGAAACGGCAGCCATCTGGACGTACGACACGCTCACCACAGCAATCGCTGAGGACTGGAGCTTAAAGCAGA,1500,50.2,Saccharomyces cerevisiae
SEQ_339726,TCCACCGCGCCACGCCAGGTTGAACCAATCCAGATCGATCTCCGACGAAGTAGTTGTTCACTAAAGTAATTCGGGCATATATTTCTAAAGACGCGTCCCCGACACAACATCTTATTCTATAGTCCGGCTTCTGTCCCTATCTAGGTTCAACTAAAGGCAACTTGCCGGTCTATGTCGGTAAATTACTACTAGAACCGCAAGTAACGGTTCTTTAACCACTCAAGCGCCGTACGTTTGCGTTTCAGAAGCCAACGGGCGCACAGACTTGTGTGGTCTTCAACCCTTTTGCCTTAGGCTCGTTTGTACACGTGGTGCACGGGGGTTTACATTACACTCTAAATCGAAACGCGCTAGCCATAAAACACTTTCGACATGAACCAACATGTCTGCAATTCCCTTCGATTTCTCTCTTATGTAAGTGTGCGTTCCGCGTGTGGGATTAAGGAAAACTTTAGCCGCCTCCTAAGTGTGATTGTTGCTGTGTAGACTACTTTCATGAAACAGTTGGCGGTTCATGATCTCGGTCAGTCCTATTTAGCGGCTCATAGTCTCATTCGATGAACCTCTCACTGTACCATACTCAACAACAGGCCCCTGTAACTACCATTCCATGCAGCCACGATACAATTAAGACTTTCTAATGATATACACCTACGCCCACCAACGAATGCCAATAACTAGGGACAATAAATTACTCCAAGAGTTTACCTCTGTGCAACATGTGATCCATACTGCTTTTTGTTTTTTGGAGGGAAGCACACCATTGCGATGTAGACCGGAGTCTTGTAGCTGTCGCATTACGACCTATTGGGCCACAGTTCCGAAATCAGCTTATTGGGACGCCAATACAATGAGATGAGATCTTATCGATCCCGGCATTAGGTGCAGCTGACCGAACCGGCCATTAATAGGCGACTTTTTGCGACGCCCCGCACAAGAAGCCCCGAACAGATGAAAGCCCAATTAGTGGCAGATGCATGCAGAACAATAAGCACTTGCCTCCGTGGAGCATAAGGACAATGACTGACACAGCAGATTTTTTCGTATCATCTTCGCGAAATCGCCGTACCAGCGCGCTAGAATGCGGAGAAGCAGTGTCCGGGATTGGCAATTCGAGGAGCGAAAGGAGAATACTATAGGAAGAGGGCACCAAAAAACAGTGCACTGAGTCTCCCTGACTCTGCTGGGATCAGCACATTAAACTGATAAAGAAAGGCTGTCGATACTTGACGTCCCGCGAGAACCCGCTTCGGACATACGAACAGCGGCAACCCGCGAGTGGAAACCTTCACCAACCCGGGGTTTTATGCCCGGCGCCGCTGTGAAGGCTAAATCACTTGTGTAACGGACTCATTTGTCTCCGTCCGCGATAGTGCCAGGAGGGTGAGCCAGGTATCAAATAAACCAGTTGTATGATCACCCCCAACCTCGGACCTATTTTCGACACCCGCTAGAAGACTTCGTACTCCTTAAGGCACTTATGGAGCTGTGCCGCGTTCTTTGGGTTGTGCAAACGCAGCGTTTAAAAGGTGTACCGCAGTAAGCCAGTACGGTCAATTCGTTGTGTGGGCCGCGGCCCGTTGAAACCGGACTGACCCATGAATCCAAAGGTTGGTTCTGCTCAATCGTTTCAGGCGCTCACCTGCGACCCCCCAGGGGCATAAGCCGCGTCCTAGTTCTGCGGGATCGAATAGCTGTATAGCACCGAGTACCTTCTCGGGCGAGCAGCCGCCTCGCAGTTTATCCGAGCCTGTAGTAATTAAGCTGCTGTACTAGTCCCGGACGTGGCTCGTGGCGAGGTAGATGTTTGCCCATCTGCCCGTATCTGATGGGCGTAATTCCATTGTGGCTGTACTCGACTTCTTTACTGATTAATCGTCGGTTGCGTGCGGTATGGACCAACCGTGACCTGCTGTAGATGCAACATAAAACGGTTCACGGCATTAACACGCGGGACCCTGTGAAGAAGAGCTAGG,1976,49.95,Arabidopsis thaliana
SEQ_870024,CGTACCACAATTGTTGGAGGCATGGCCCCTTTGTTTGCGCTTTCTGCCAGGAGAGAGGTTTTCACTGGACGGGTGGGCTGCAAGCTACACCGTATAGGTTGAAAGTCCCGTTAAAGGTTATACTGATTGACTTAGCAACAATGTTATGGCGTTCTTTCCCTAGTTTGTTGCATGATCTATTCCTATTCAAAAAATCTTCACTAAACAGAGAGCCTCTCAACGCGGGGTAGTGGTGCCTTAGTTAAGCTTACGGAACAAGGACTTTTAGTCAGTGCGATAAACGCCACGAAACACGGTCATGCCTTGAAGTTCGCGTAGGAGGAACCCACACCTGCGTTAGATGCGGGATTCCCCCGCGTAGGCACCGCCAAAGGGAATCGTTCAGTAACGTTGGAAAACCCAGTAAAGAATTGGCAATTAGCGATTACAGACCCCTACGGGCCAATCCCTACCCTCTTCGACTCGCCGCATATCGAGCAAGAACCGCTGGGTTTCATCATGTATCGACCGAAGCTACTTGACCGGCCGAGCTACATACCTGTGCCGTGCCTGGCATGCTCACAGCGGGAGGACTAGAGTTATTTTGCTTCGTCTCCGACTTATCGACGAGCGGCCAGCACTGTAAATTCGATATTGCCGGGTGGAGGCAATTCGGAGAACCGTAGTTAGTCGTGTACGTCTTTACCAGCCAGTCTTCCGGTGCAACGACTTTGTGGTCGACCACACCCTCGCCTCACGCTCAGGCATTTCTCCTTCTCTTATATCAAAGTTCGACGAGAGCGCGAGACCCCTTAAATCGGTCGTGGACTCGGACGGAGACAGAGGTTCGCGGAAGCGTACGTACATAATCGCCTCCGCCAAGGCCGCCGCTCGCTACCGAGCATCTAAGGGGTATGCGGTTCGACAGTGCCAGGAGGGCGATACTATGCTCTCACGCGTTGTTTTCCCTCATCCTATGTCCCGATCTTTAGCCGACCCTACGTAGATTTAGCTTAAGCCTTTGGTTACGAAGGGACATTATCATGTTCCGCGTAGTGCCAGCTAAGAGCGGAGACGTTTCGTCGTTTATACAGCCGGTGGCTTATCTATGACCCCTTACCTGTTGTCTCACGTCATCGTCGACCACAACATCTGCCTTAACTGTGGGTGCTCAACAACTGCATCGTGGCCACAAACAGGCGTGGGGAAGAATCGATTGAATTACACTCCTTATTGAGTCGTTGGACGCACATGCCTAGTCTGTGACAATCTAGATTTACCCTTGCGGCTGCCTTTGTTATAGCGGAAGCCACGACGGAATCTGGATATACTCCCTGAGTTTAACGGGACGGGTGCCAACATAGGGGCTCGGCCATGCACGTTTATGGACGACTACACCTAGGCCCTGCTGGGACAAATGCCGAAGCAGCGAATATCCTAGACCTTCTGTCTGGGGTCCAATTACTCATGCGTCCTCATTAGACTATACAGCTGCCCAACTGAAGAACCTGC,1491,51.71,Homo sapiens
SEQ_598805,CGCCAACGAGCGGGAATGGTCTCGCCGCTTGGTTCGTAGAGCAATCAACGCAGGCAAAGTACGTAATAAAAAGGTATTCTAGCGGCCTCATCACGTGCCAGGCACAGTATGTTCAGCAGCTGGTAGACAGGCTGCTATTTGTGGTATTTCGGGCTAAGTTGAAAGTAGAGTGGCTCAATCCGTACCAAACTATAGCGGGCCCAGCTGTGCTTCAATTAGTCTAGTACTAAAGCTGGAACACGGCATTGAGATGTTCGCACATGCTTATGGTTTGAGCAGGGCTGTATGGTCTCAGTAGGGGCAACACCCGATCGAGGTCGCCTAAATGACGAGCCCACCAGAAGCTATATCGGCGCCGCCAAAGGGAGAAAGGGCCTATATTTTCTAATCTAGGTCATTGCTGCCACAACAACTAGCAGCCCGCATAATCACCAATCAAATAAGCGTCGTATGCGCAGTATGCCGTCACCGATTCAGTGTATGTCGCCCATATTTTCAAATGATTGGGGGAGGATAAACGCATATCGTTGGAACACACTCCAAAGCGCTGCGCCTCGCGATACGCCCCCTACATGATTAGTAGTGGTATGTGAGTATATCACTAGAAGCCAAAAGGCGCGCGTGCAGACCAACCGGAGTAGACGTTGCCGATCTTATGCAGATTTACCGGGCTTAGTCGTAGGTAAAACGTGAGTGGTCGTAGGGCAGGATCGTGATCTAA,721,50.21,Caenorhabditis elegans
SEQ_928425,GTCTGGTTCGTGGGCGAAGTGAGGCACTCTGTGGCTAGTGCCTTCCCATATAATGATAGTGTACAATGAAGCGGTAAAACGTTTGCAGTGGAAACGTCCGTACGTCCACACGGTACAGCGTCGGCGCGTAGCAGAAGCGATAATAAGCTCGGTCGGCACACTAACGCCCGAATTTACCGAGTAAGGTCTACAAGTTAATTAAAAAGTGGTTAGGCCTTCTTTCGGTACTAAGTTAGCGGTGGAGTATAGTGATA,254,48.43,Mus musculus
SEQ_273041,GTCCCTCATCTGAACAAATCATACCTAGTGAGGGCTGACCGACTCCAGAGTATGTGCTGGAGCTACAAGAACGCCTTTAGGGCTAAGGTATCAAACGTTGCACCCGTTTTGAGCATCTCTGAGCCTCCTTACGGCATGACCCGTAACCGTTTCCCTAAGAGGCGTAGCGAGATAAGTAGTTATGCAATCGGCTTATATCACCGTGTAAACAGTGTATAGCCTTAATTGCATAAGGTAGACAGCAAAACTGTGTTACAATAACGAAGGCAAAACTTCGTGGCGGGATCATACCTATATTTATTTTTCCCATTAGAAGTGCGCCCGCTGAGAGCCCCTAATAGGAGGTGCAACCAGTCCAAGGAAATCAATTAGTGCCATGGGTGTCTACACCAAAAACCGGGATTCGCGGGTGGGATCTGTCCTACACGTTATGGCACTCCTAAAAAACTGATGTCATTCCGTACGACCCCCCAGTTGGAAACCAAGTAAGGCACCAGACCCTCCGGTGTAATAGAAAGCTTTATGGGCAGACCAAAGAGATGTCATTTCAGCTCGGCACCAGTCGCGGGGTGTCGGAAAGAGAGAGGGCAAGATACGTGCGGTAGGTCGGATATAATATAAATACTACGCTGAGAGGAGGGCTTGAAGCT,650,48.31,Drosophila melanogaster
SEQ_420899,TTGCCACGACACGAACTAGGCAGTTGATGATGCCAGGGACTGGTTGTTCCATGTCCATCCGACCGTCGCCCCACTAAGGAAAATAATCTGTATGTGACAAAGGTTTGGACATGCTCGGGTTGTTACGGAAATATTAGATATCACTACCAATATGGACAAGCGGCGTCTAGTAGATTTATCTAAAGTGAGTTCCACGAGCGTAACATAGGAAATGGACTGGCGAACGTGTCGGAGCGAGAGGCGTGGGACGTAGTAGCGTATCGAAGGCGGTTAAGAGTGTAGCCTTCACACAAGAGACCGTCACTTGCGCCGATGAAGGGTAGTCATGTGTCAGGTGCACTCTATACTACTCGAGGCACTGGGGTTGACTTAACCGCCATCAGTACGCTGCCGTTAAACATAGGAATCTGTGCCTTAGCTCAGATAGTCCAAGTACTATGAACGTCGACGCTCAGGTCTCCGATATCCTATGAAGAGGTAAGGAGTCCTCCGGAAGCGATCCCTATGATTGGCCAGACCGGCCACTGTGACCTTTGCAAACAGTCCTTGCTGTTAAGCAGTGCATTTTTCTTCAGACTCTTATGGCAGAGGAGTTCGGCCTTACGGCCTTTTGTTACTAAGAAAACCTTATACTTGTCTAACTGCTACGTGCAAGAGGATGTGCCGAGAGAGAATGGGCATATTCGCTTTTAAGCAAAGACCAGTGGCGCCGCACTACGCCTGAATGCTTAGCTGGCTCCGCTTTAGAGCGGCAAATTCGACCTCAAAGAAGAATGGGAGACGGTGCCCCAGATTGAAACGAGAGGCGTGTCCCTCTTACCGTCCTTAGAGTTCCCCAACAAAGACTTTGTCTATATGATGCCATAGTACTTATGGGGCGTGAACCTTGTTTGGAGAACACCAACGACCATTAGAGTTTACAGCCCCACGCTACGGCCACTATTTTAGACAGTC,954,49.27,Saccharomyces cerevisiae
SEQ_305923,AGACTTTGTTCAATCCCTCTTCCTTTTATACTGCTAGTAGTGCAGAGACGATTTTCAAGAGTCCGGCGGGGTCAGCGTTGGTCTACTTTCACGGCGTGAACCGTCTTGATTACGACGGTAGGACCGCCATGTATCCGGTCGCATATGGATGGTAAACTACAAAAAGGTCTCGAATTCCCTGATCTGACAGGAAGGCGAGTCTTAGAGAAGATAAGGGTCGTTCTACTACAAATTTGAAGAAGCGCTTGGAGAGCATGATAT,261,46.74,Homo sapiens
SEQ_836868,GAATGCAGATAGAACTACCGCACCGAGAAAGGAGCCGTAAACCGCTACGGCACGTGTCTTGACCCTGTGCCTCCTGCAATGAGCATATCTACCCTGAGATCAAATTAAGCTACTGACAGACCGTAGCGCCACGCAACTGGCTTCGTTTTTGCTGATGACGCCTCGCGTCCACTCTCGGATGGGAATCACTCTGTAGGGAAGCACGATCTGGGGCCGGCAATGTTTTCTTCTTGGTATTATCTGACTGTTTTGGCGGGCTGCTCTTTGGTGTACGTTGCTTAATATGACAAATTAATCAGGCTTAGTAGAATAAAGGAAAGTTCAAACTCACTAACAATCTCACGTAAGCTACTCATCTATCAGAATCATTGGGCATGATCCCAACCACTGGCTTAATACTTCCAGCGCGTGCTACTGGTCAAACATTGCTGGATACGCCAGTTAGAAATTTACCCCTGACAGATACTACACAACTCAATACCTGGAGGGCCTAATGCCCATAAATCCATTCCAAGTACGTGATGGTGTCTTATTTTATCATTTAGGATACGGCCTTCCGTGGCCCGATATACTAATGCCCGCTATTCACCCGAGCCGTCTTAGTAGGTAACTCTTTGTACCTAAAGCCTATAGCGGCGCGGCCACTGTCGAATAGTACCCCCCGATCAGCTGTCTAACCATTCGCCTAAGCTCTAAGCTTCCGCTACAAAAGGGTGTTCTATCATCGCTAACCTGTACCAAGAGCGAGATGCTTCTGGACCGAAATTTAAGCGTGACTAGGGATCGTTGAGGATACAGCAAGTTCCGCGTACCAAAATACATGCG,825,47.76,Escherichia coli
SEQ_830706,TAAGGGGCCTCTAGGCCGCTGTGACCAGGGCGGCAACTGTGCTTTATTCTTCCGTGGGAACCCGACCAACCGGACACTATCATCTTATGAACCAGTGCACGACAGTCTTCTAACTGTTAGGGCATTTCCTTACTGAAATAAAAGACTATATCCACCCTCGCCTGACCACCTGCCATGGCAATAGTGGAGGAAGTAAGGTTGAAAGATTACGTGTGTCCGCCTACAAACGGGGTCCACAGTTGAACCCAGTCCGAGATGTCGCAGGGATCGTCCGTCAGACCTGGCATACCCGCCAGGCATGGTCCCGGTCCCTTCCTTGCAGGGGGCGGTAACGGTCAAGCAGGGCAGGGGCCTTGTGTCAGTTGGGTAATTGGAAATATTGACTTGCGCACATACGTGCATCAGCCATCAACAGAATTCTGTTCCCTTTCGTCGGTAGTTGCATCCAACCCAGACCTGATGCCCGGCCAACACTCTTGTAATATTTGAATATTAGGCCGCTTAATAATGCACCGCTATAGACGTGCTCGCTCCAATACGAGTTCGCTTATGCTTGAATCGGCTACGACCTCATAATGCTTAGCATATGAGTAAAACAAGGAGCCCCTACCCCCCCTACAGACTTGAAGTCGGGAGGAAAGGCTGGATCTGAGGTCGAGCCTCCCCAGTCTCAGTCCCGGGTCGAACGGAACATGTTTGAGTTGGATATACTAATACCATAAGAGTCGTAGCCAATTACTCAGTAGGTCTCCTAAATAGAACGAAACGAGTAGTAGCCCACCGTTCGACCTAAATGTCCCCTGTGCTCCTCTGGAAACGAGGTTCTACAACCCAAGGCACGCCTCCTTAAACTCTGACCATCTCTTGGGACTGCTTCAGCCTCCCTTTTCGCGCGTACACTATGTGTACTAGGCGGCATTTAAGCCTTTTCATGACTTTGCACCAACTCCGGTTGAGAGGTCCTACCACCACAAGTTGGTACGGTATGCGCCGGCCGGGAAATGCGGTGCAAATGAGTGCTGATCTAAAATGCACCACTAGCCCGCATGCTTATTTGGTGTGGAAAGTGGCCTCACACGCTGTCGCACGGGCGCTAGGGCCGGGTAAGCCTCAAGCTTCTGCGTATTTCACGATCGCGTGTTGGCTGTGCGCCGGTCACAATAAATGGAACGGCAGAGTACAGTAAGGTTAGGTAGTGCATTCAGCCTCACACTACCCATCAATAAGAGGTGAAATCTCCCGGATGTATCATGATCTCCGTACGCTTGTAGAGCACGGTGTTCTAAATCGCCCAGAGTGTTTAAAACGGGGTAGATTGCTCCTTACACTTGCTGCACTCACCCTTAGAACGTGGCCCGGCCTTCGGCACCGCAGATAACGACGGTGTGGTCCGGTAGGCTTCAGTTTAACTCCCGGAGGTGACATGCGAACATAACAAGCACCGATCCCAGGTAAGTATCTTGGGCGGCTTTACCACAATAATGGAGGGATGGTTTACAATCCATGCCTAGAACGCGGCGTCGGCGTACAAGCTTATTGTAATCATCGGTAGGCTACTATCCTTCTATGGCTGTCGAAGTGAGGCTACTCGACGATGAAGCGCCACTCGGACCTTTGTACCGACACCGGCCCAAGACTAATATATTTACCAAGGTTTGTTGTGCCGTGGAATTGGTACCTCCTCACTGTATTAGTGAGCAGCAGCTTAGGAAAACTGGCGGGGGTGCTAGTCGACTGTAAGGTCGGCAACGCCATTGGCGCCCATTCCCGTTGGCCCGTTGGGCCGCCACAAGGTGTGGTTCCTGAACGCATCTGCTCACAATGGCTTTCACAGACATAGTTTGCTTCGAGGCCAAGCGCGTACGTTAGGACTCCAATACACCGGTCAGCCCGATCCAGTCCCCCAGCTTCGTG,1914,52.4,Saccharomyces cerevisiae
SEQ_215219,AACAAAGGGGTGTTGGGGGCGACCAAAAATTGCACTCCCATCGCGGATGCCGCAGCTGAGCGCACCGTATTTCTTAGTACTCACTTTATCGATGCACGCATTGCTAAAAACCGGCCTTATTGACTCGAACGTCATGGAAACCTTGGCCCGTAAGGACTAATGAAATCGATAATTGTAAATCGCTAATAATGACTAATTTAGGATATTTCTCGGAGCCATGGAAGTGCATAGAATGAATCTAACGTCGTGCAATTTCTCTTTATGCTCGCGTGTCGTTCACGTTGCTTTTCGTAACATCTTGAGTAGCACACTTATGTATGTTCCGATACGACGTAACAATGGTAGTGGATCCACCCGCTCAGCACTGTGGTCGGTCATTTCAGTTACCTGCTAAAAGAGGAAACGTAATACAAGGTCAAAGCTGTATAATGGGTATAGGACGTAGATCTTACCGTCGTGGACCCTTTTTCAGACGATTACTTGAACACTCTTTAACAGGCTGTCAACTAGGGCACCACGGTGTGCTAAGAACGAGGGTTGGTGAATCCATCACAACCGTCCGTCATTGTGCTGGTTACGGTTGGGGAGTCTGTAACCTGCTGATCTATTGGCCAGCTTATCTAGTCCCTCACTCAGGGCCATCCACTTGTCGTTGTTCCTGGCAGGGCGATACCGAGTAGTTTCTATAAATACTGATAACTATGTCATAAGGTGGCAACAGCCGCTGCCCGGGACGATTGCATCACTCCTTTTACACCTGCTCATAACTAATTTTCAGCGCGTACACGCTACTATATCCTACATAGATCGTGCGCACCCGGCTTGGGTAATTGCACTAGACACTTAATCTTAGAGGATTAACCTAGCGAGCTAGTCCCGCGTACGGTCTCTACTAGTCTCATTTTGTCTATATGCGTAGATACAGGCCAGGATCGTGTCCCAAGAATCCATAGGATACTGAGTGATGCACCTCAAGCTCAGCACACATCACGGTTAGGCCGTATGTTGGATCGACACTTTGGCGAACTGCACTGTTAAACCGTCGTGTATCATTGCTGAATCATCATGGGTGGCACTCCCTCATCTTTTAAGGTTGGCTAGTAACTTTCTTTGTTCTTCTACTCGCCCTCTCATGCTCAAATTAGTTTGGGAGGTCTGTCGTTTCTCCGAAGCGTCTGCCGTTAAACGATCGGGATAAACGTTCAATATAGAACACCTACCCCGCAGTAAATACGACAGACTCTCTTCGAGCATCTTCGACTGACTGTGAGCTAAACTCCAAGAGCGTATGCAGTCAGAGGAAATTATAGGCCTCCGCCCGAACTTGGTCCGTCGCGAGCGCACTATTATTTAAGAGCCCAGGAGTCCGAAGGGAAGTATCTACGGCAAACGTGACGTCTGAACTGTTGGAGTAAAGCCGCTGTGCCCCCAACTTTGCGGCTGAACAACAGTGCTCTCTGCTCACGTAGATATGGTCTATCTTCTCTTTTTAAGTCAGTCGCAATCCTCGCGCAAGTATACTCATCTCCAGGATTAATAGCGCATACGCCACCCGCAGAGGCTTAACGCTCGAACGAGGATCCAGCCAGCTCAGCAGCGTTTGTGGTTTAAGCGGGGGGGCGCTCACGGGAGTGACGGACTTCTTGTACAGTGACCACTTAGTGGTGTAGTGGAACGAGAATCATCCAATTAAATACAGATGAAGGTAGAAGCTGATAGCGCTTCGTCCCTGGGCAAAATGCGAACTGTTGCCACGTTCACTGCACAAATCTGAATTAACCGAGTTCAGATGCAGTCCAT,1800,47.89,Homo sapiens
SEQ_132430,GTCTAGAACGTGATGAGTTGGAAGTGAGTCATTTATATGGAGGTTGTCGCCGGCGTACCAATAGTTAACTCGACTTGACCCTAGTAGCCAGAGACTTGGGTGTCTAGCCCTGTCTACACTGGTGGGGTGATAGTGATTGCAGATCGAATGCCTTACGCATGCGAAGCGCAGACTTATCTCCCGTAATTGTGAAGACCAGATCAAGTCTGATAAATCTCCTCCTTTGATTCCGGCCTCTCGGA,242,48.76,Escherichia coli
SEQ_978176,CCCGTGTTCAACTAACGGAGACACTCCGGTGTTCACATGGGTATAAACATACAAATTGTACACGTCTATCTACGATATAACAGCTGCCTCAGATTCCATCCCGCCCCCTTGGCCGATGTCCGTGGATGGAAAGGTTGGATGTGCGAGTACTGGACCAATTCTCTGGTTACGCGACGGTTGGCTATGTCCGCCATGACAGGACGCTCAATGCAATGGGCAGCTGACGACGAAGTGGCCACACCCCTGCTAGCGTGTTGTGCATGCCTGTGTTTCCGAGGGGCGGTCACTTTTCCATGCTCGGTGGGTAGTTGGTACAAACCAGGGCCAGCCTACAAACGCCAGGCCGACGCCCCCAACGCTTCCAACCGGTGGCTAAACCCTGGAAACTGTCGCCTGACGGACAGTTGGTCTTCTCTAGGTTTTTTCGTTTTAACATGAGGCCTACGGCATCGGCGAACATACTACTTGCATCGAACCGATCTTAGCACAATAATTGGCA,499,53.51,Saccharomyces cerevisiae
SEQ_870660,ATACGGCACTTGACCCAATGCCTCCTTCTAGGTTTATACGTTATTGAACCTGGACGCTCTGTGTTCTAACCCATACCGGAGACTTAAGTAACTATGATCGGCTGGTCGCCGTATAACCTCTATGTTCCTGTCAACAACGATCCAGCGCAATTCGACGTAGTGACGCTAGGTGGACCCGACCGATCCTGCTAGGTTTTTGGCGCGCCCCGCTCTACCTGCTACTTTGAGGCCAACTGCACAGTCCTCACACAACCTGATTAGATAGGAATACCAACGAATCCATGAAGGACCGATATGTTCGCAAGTGTGGTCAAGCTGCAACGTTTGAAGTTCCAGAGAAGTGCACTCCCTGGCAACTGTTCAACTTCTATCTAAACTTGGTACCGCGGAGCGCATAACTGCCACTGAGGATAGACTCATATTGCCTCCACTTGACACATCTATCGCACGTTGCTCCCCCGTTTTAGTTTTGAACGTCAGCGATGAATTTAGACACATTTGCTATGGTCTCAGCTTGAAAGTTGCCCGGTGGATGGTACGAACATAACCGTGATACAGGCCTGTATTACTTAAACTCGGACGGTCTCGACTGTGACCTACAACGGCCCGTTACAATGCGTCGGTGCATTTCTGAATCTGCGGGGCCTGACTTACATACATAGTGGCGACCGGCACTCGTAATCACGTTTAAAGTACGTTTACTTCCGCTCGATGAAGGATTGGTAAATGCTTCGCGTACGTCTTAAACAATACGTCTTCACTCCAGTTAGGGGGAGTTTCTGGCT,785,48.92,Saccharomyces cerevisiae
SEQ_870825,TGGACTGGGCGTGGATGAATGGAAGCCGGTACGCTGTCCGTAGGTTCTTGCCAGCCTTGGATCGTGGAACTGCTTCAAAGATTAATCCGGGACTGCCTAGACTTTAATTCCCGTGTGCTATTAAGCACGGTAGCATCTTGTTGTCACGTACCAGCCGCGCACTGCCCAGAGGTACACGCTTTAGCATTCTTTTTACCTGTTAGTTAGCGCCACTTCCGCTTCAGCTGGACGTAAACGTAGCTAGACTTTCGCTCTCCCCGAGTGCGGTTCGCGCTAGCAAGGACGGGCAACCGATTTAAGTAGACTTGGTCTCGGTGTTCCTACGGCGACATGTGGAACCTCACAAATGCTAAGTTTCCGCTGCCTAAAGCGAGGTACACTAGCCCCCACCTATGTATATGGGCTAGCACGAGGGTCCTGCAATGAACGTCAATTTGTGCTGTACTCCTCAGATTGTGCACGAGTGTTATACCCGCGTTCCTGGCCGGCGTTTACGTGGTAGCAAGAGGCAGACACTCGAGGCCTATGGCCAACACAAGACACTGCTACCGTCCTTAGCCGGACCCGCTAGCAAGGTTTCCCCTGTGCAGGTGAGCCAGACTTTATGTATGGATACACGCCTAACTCGGAGTCGCGGCGAACTTGCGGAGATGACTTGCGAATCAGTTGCCTATACAACGGCGACGTATTGAGACCAACGCTATTTCCCTAGGTTAGGTGTTGAATGAGTATGGGTCGGGTAGATGTCATCACTCCAAATGCTTCTTCGATCAGCGGCACGAACACGGGGGTACATAATTTAGCCAGTCTGAGTTTTAGAAACGCGCTTGATCGTCGAAATGCACATACCGATCCTTTTGTGTGCCAGCCGTATGCTGACGTTAAGGCATATATCTGCGGCCCTATTTATCGACTTTCTTTTTAGAGGCACACTATCTCTCCCTATCTACATCCACAGGCCCTGCTGTTCAGGTCCATTAGCGATAGCGATCTATGCAATGCTTCTTCTCCTACTCAGAAGTAAGAAACGAGGACCATCGTAATCTTTGATCGTCGGTTCAGTCATATAGTACAGAATAGCAGACCGGAATATCCCTTCGTCAATATTCAGTCATATTGCTTATATTGTATCATATGAGGCGGGCGGCAAAGGCTCTAGTGGAGTTGCGTGATCGCCGGTCCATGTTCTAGCAAACAACGCTTGCCAAAGCTTGCATTGTATACAGTCATTCAGAATATCTTTCTAAATGACATATGTGAACGAGTCGAACCATGGGCGAGACCTTAAAAGATACTAGCTTCGGAGCTGGCATACGTCCTGAGCGTGCCGGTTGTAGGTCGCCGTACCGGGTTAAGACGCGTGGAGTATGGTGCGGCTCAGCAAATCGGTTCATTCATGAGAGTGCAATTGGACTATTGTCCTTTAGCACCACGCTCAGT,1440,50.0,Escherichia coli
SEQ_362225,ATAGTCCCTCCGCTAGGCGGTGACTCCGATACATGGAACTCGACTAGAATAGGGATGCAGGTTATAGGTGCGAGACAGATCGGACCATTAAGTCTACCTTCCCATAAGGCTACATTTGAAAGCTCCTGAGCACTGACAACCCAAGACCCAGCACACCGTGCCTGGGGTTTGGAAGCCATAACCAGAAGGGACATTGGCACACCGTTTGAGACCATTACGGGCGCCGCGAGCTAATAGGTGCCCCAGCTCATCCCTGACAGTCAATCTATGACCGACTCGCAAAAGGCGCTGTGGCTTCCACCGACGTCTTTAACTGATCAGTTAATTATTTCACACAGGTTTTCGGCTAGGGGCCTTGCTGTGAGTATGGGCACAATCCATCCCCGATTACCAGGTTTGGTGCTTGTGACTACAACTTCTTACCAGAAGCTTTTGGCTAGTAGCGATGTAAAATCAGACTGTCACCCTGCTCTGGGTCGCTACGTTAGCAATCGAGTTGTGGATCACTATAAGAGCGCGCAACAGTGAGGCTACGTGATACTGGTAGACCGTTGCAGACGATGTCGAACGTGGATCCTGAATGTTATGGCACAACGGTAGCGCAATTTCAGAATCGCTCCGACATATAGAATAAGATTTTTAGGCCGGCAATTCCAGCGCCATGTCAACCCACGCTGTGTTTGGGTAGTTCTATAAGAAAACACAATGACAAAGCAACCCGCGTGTTCGCGCATCATGCGAGCAGTTGTCAAGAGTGCTGCGTAGAG,767,50.33,Escherichia coli
SEQ_390121,GCTTACCTAGGCGATGCAAGGAAACGCTAAAGGGCTCTGAGGTGCGTTGATCTCAACAAAAACAAAAATGAACCTGCCATTACTAATCCCTATCAGCGAACGTTTACAGCAGTGAGGATTGATCGCTCCTACCTTGGGCGTTTGGCAACGAAGACACAAGGCTCGCCAGGTTTACGCAGTCACAACACCGCGCGGCGCTATGACTGGAATGTTGTATAAAGTCCGCGGGCTAATTCCAGCAAGCTAATGATCTATCAACTGGGATTACGGAAACCACGAAAGAGATGTCCCGTCTGACAGTCAAGGCAACTTAAAAGTTCTTGTAGGAAACTGGCAAGACCCTGAAACCGATAGAAAGGCTTGGCATGGTAGGGCTTTCGTTTCGAAAAAACTTTGTGAATTTTGTGGTTGGAGGTCATTATATGTACAGGGACATAGATAACCACTCCCCGCAACGCCGTACACTATCTCTCTCAAGTAGTAGTTGCCGGGTGTCGTTAAACGATCAGAATCGTGTCTTAGGTAAGTCCGAAAGCGTCTCTTACCCAGTACAGTCGGGGCGTATGTGTAGGGGTGCCATTACCCACATTAAAGGCGTTAACAAGGTATGCCAAAGACTCCTCTCTATTAGTGGCCTGTAATTAGGGTAGAAACCTGGCTCTCTTCGGTCCTATGAAGCTGGATGATGGGCAAGCCCACCTCAGGCATCCTGTTCCTCTCCAAGTTCACTGTCAGGTCGTCGCTCTTTTTAGCGTTTATAGACGCGGTGGCGGGACTCTCCTGTAGTCTTCTCAAGTGTAACTAATACTGCTGGTACGGATTCGGTCTTTAATGAGAGTTGGTGACTCCGGCCTGAGATCCTTGACCAAATTTCAATCGAAAGATCAATTGAATTTTCGGGACTAGCTCGCGATAACGTTACAAAAGGATGCAACTCGAACGAGCACCGGGCGAGTGGCTCTAGCAGGCTAGGACACGCGTAATGGAACTTAGTTCCACGCGTCATTCGGACAACGGTCATGTTAGGTCCCGTTCAGCTTTGACTACAACGCTAGGAGAGGGGAGGAACGGGGCTCGTAACAGGTCCACGGGTCGTCCTACACTCAGGGACGCGCTGTATGAGATTTCGA,1130,49.2,Arabidopsis thaliana
SEQ_267920,TCTTGGGTCGCGTACGCGCAGATACCGATTAATGGTAGGTGTACGCGAACGGTAATCTGAATATTCTTGTATTGCGCTACCGCGGACGCGTAATAGTAGGCCGCCCGTCGGGCTAGAGCCTTAGAAGAGATGCGTAAGCATCGAAGGAAGGAGCGTTAAGTGGTTCCGACTTCGACTTAAACCGCCTTCATGCCTCCCGCATGGGCGACGCGATAAAACAGATGGTAGTGACCTGTGAGCGCGCAGTGCGTGACATCTACGGGTGTCCGCCAACAGATAAGTACAAAGTGGGGCAACACTTGCTCTCCTGAATTTGTTGGCGGTGTAGGGTTCGTGTAACAGCAGTGTCTGGATAAAGTACCGAGAACCTCCGACGTTGTGCGCTACCGGGCCGCCGTTCCCTATTAAGATGGTCGCTGTCGGTGCATATGAATGATAACCATCCCCGCTGCTCTTGATAGAGGGAGACATCGCTGACTCAGCGGGCCTGTAACAAGAAAGAAGAAGCACATGTCGCGGCAAATCTTACACCTTTTCTCTCTTGGGCATCAGTTCCGTTCGCAGTTTGAGGTGACATGGGAGATAACCCAAATTGAAAGAGCTATTTCACTTTACCGGACAGAGGCGCTGAACAAAGCCTCACCCTCGCGCGCCCACATGGAACTTGAAATGATGTGCGGGAACACGGTCTCTGCATATCTTACGAATAGTCGGAGGCAAATGTGCAGAGACGACGCCAGAGCTCTCCGGAACGTCGGTCCAGCGCTCCATCGACGTCCTATTTTGTCTGACGGGCCTTTAAAAGTGGTCTAAAACCTAGTAGGCTCAGCGTAGTGTGGTATTACGATAGCTAAGTTAATGATTTTTGGATTATCGAGCCCAGGGCGGACAAATCAGTTTGTTAACGAGTCATAAGTCGAAAAACAGACTTCAAAGACGCCTCGATGCGAAGAATGACAGCGGTCCGAGGTCCGCACTCTAAGTATTCACTATGTAGCATGAGCGGATGGGACCAACAGTCCCCACATAACTCGGCTTGCCCGAATAACCTGACCCCCCCGGGAACAACAGCGATCGCCGGCTACAAGGTAGCAGCGTACACAGATCGGTTCTAGCGTAGGTAACCGCACGTACTGGGGTCCCCGCGTCCGGTGGTGGTCTACCGATATTAGATACATCCAAAAAGTGAGAGTGAAAAGTAGTGGCCCACGAGGGCGATGCGCATCCAGCTTTACCAGTGATCGTTACTCGTCAGATTAGAAGCCTATTTAACACCGGTGGAGCTTCGCAGCAGGGACTCGCTGCCAAATCAGTACGCCCGACCCAATGGGATGGCAGTTGAGGTGAATGTGCGGGGGCCTGTTCTGGATCTCGGAAAGAGTCTTGAGGCTTTCCTAGAGGCGGGAGAATCAACACGGACGTTCGCACAGGTTCCCTAGCGTTAACCGCTCGACGAAATTCTATATGAAGTGGTTAGGCAAGGACCATGACCGTTACAGCCTCCCAAGAGGACTAACACGTCGATCATACGACCCGCGCGATTAGGTAGAAGGCTCCGCTTGCAATAGTCGGTGATTACTAGTACAGTTAGTGTATCTCTGTGTGTCCTTATACGATTCGCATGGTTTACCTGGACACTCGTCAGTATCGCTGGTAATACACTGGTATATGCACCTTGGTCGAGGGGCGGAGGGCTGTATTTCGTGCTCAACACCTCTGAAGCAGTTTCAGCCAAGGAATAGGCAGATCCGCCTACTGACTGGCGCAACAGCTAC,1775,52.11,Arabidopsis thaliana
SEQ_196613,GCCACTAACGCGCGCGGGTCTCCAATCGGACGCCCCTGTTCCAGAAGGCGAGAGGGATGGGGGTCGGCCGGTCTCGGGCCGCGCAGTAACAGACAGTTAGCTCTGGGTGCTGTACACCGTCAAATTATCTGAGGGGACTACACAGCTCTCTGCGTGTTGTGCGATCCTCAA,171,60.82,Escherichia coli
SEQ_850212,AGTTTACCGCGGTCACATGAAGTCCCTCGGACTTTCTCCCTTGCCCCTTCGCTTCACGGTGCAGGAGCGGGCGGAAAAGTGCAAGGGGATCACTGACATAGTCCTGAGAGAACGGAAACAAAGGAGACGATCTCGTGGACGGCCCGGGGCTACTCCAACACCACTGTCAATCCTAAACGTGCGTAAATCCCCAGCAGCCTTCAAGCGGGGCAGGTCTTTACTCAAGGGTAGATGCGATTGCTGTAGGGTTGGATCCCGAGCGAGGATTAGTGTTACATTTCTCGCACGAACTTACGAGTTAATTGTGGATGTCCCTCACGTATATCAAGTGGGAGCGTACACGCCCCGACGGTACGAACGAGGTAAACTGATCTTGGGTGGCCAATAGGGGGAAGAGGTAGAACTCCTGGTCTTATCGAACGACGTATGTTCATTTTTGAACCACCTTAGTGAGGGACTCGCATGCAATCCACTCACCTTTTTGTATTGTCGCTCCCTTCGCATAGCCATTCAGTCGTGCTGCACCTCCATAGGGCAGTAGCCACGCGCTCGAAGAGTCCTCTTCGCGACCGTTGATTAAACAATATGGCCCAACTACTATCCGTCCACTTAGACAGATATTTCGTGCCTTCTCGCGGCTGCATACTTACCGACCAATGTAATCAAACGTGGAACGGGACTACTATTAACCTGTCACTGCCACCCTCTACTAATACAAGGTCTTCAACGGTCTAGACTAATGATTATCCTTAGCTGGATGTTTCCTCTGAACTACGAACTACGGGACGTGCCATGTTAGTTATTGCCTCGTAA,813,50.68,Drosophila melanogaster
SEQ_400546,TGCCCGTGCCATTGCGATCGGAAGCGCCTGGTACGCGCGGTGGTAATTAAGGTTGGACTCGTCCGTAATAAATTATGGGACAATCTCCACGTAGGTCATCAGTACATACACCGATGGAACTGGGACGGCGCCCCAACACCTGAACCCTCCAAACGCTGTCGTGATCGGGCATCAGCGACACGCCGGCCGGAGTTGGAATCGCAATATCGGATCTAGCCGCGCTTTACGAGAACCCGACTAGTGTGCCCGCATTGTCTCTGACTATTTATGGGAGGGGCGGGATTATTCTGATATTCAATCGTCCGCATGAGGAACCACGTCCTTTCGAGGGGACACACCTTAAGCTGGTTCTCCTAATGAGGGCTACGATTGTTGATCGGGTGCATTCAGATCCTGGGGTACGTAAGTTTACAAAAAGATGTGAGGTACAACAACTTGCTAAACTCTCCAAATTGAGTAATTACGAGACCGACTTTAATAAGCTGAGCACGTCTCGTCAGACCGATGTCCCGTCTTAGCTACTCTTGTGTAAGCGCATAGCATGGGATGGTGTGTACTCACTTCGTGCAGGTGCAATCTACCAACAACAATTTTGAGACCTGCAGGTCGTCGAGCTAGGGGCTGTCTTTGGATGCAAGAAACGTCCGGCGCCCCAGATTTTGCCAGGGGGGTCCACATGCTATAAGTTTGTGGACAACCTTTCTCTACTGCTGGTGTAGTCCCGGTGCCTGCTCGGTACTTATTCCAAGGTGAGTCACCATGAGTCCCATTTCCCGAGGACGTCGGTTCTCGGCACCCCAATTGGCTTGTAGAAAAATGTCGGCACCGGTAGTGCTTGCTCCCCACCCACTAAGCGAATACAATGGGTTAGAGGGGGTAGA,881,51.99,Saccharomyces cerevisiae
SEQ_808848,TACGTCTATTCTGACCCACATGTTTATCTGGGTCATGCGTCCAATTGGCACGCTCGCAAAAGCACATGCCAATTGTCCGAAAGTGGGCGGGTGGCACCAGACGATGATGCCTGTTTGGGAGATTCCAGGGCTCTTAGGTCGTGCTTCCGTTAAGCGTACTCAGGGGATGGGTGAGTTTCCAGAGACTTTTTTACCGGTCTATGAAGTGTGCGTTCAGGTGCTTGCGTACGCTTCTCAGCCATTCTTGCCAGTGATAACCCCCGAGCCCGGCACGTCCACCGTACCAGAGGCAAAATGGGTCGCGAACAAGTGAATCGTGTCCCACTCATGAGGTTGCCGTTTGCCGACGTGAAGTGTGGCTATAAGTTATTACCGACGGGAGCTTATGTACAAGGACAGCCACGCCGCCTCTCAGTGTGTGAGCATGAGAGTACCGAGAGGCTCCGGGGATTGGACCAAGTCAACAGAGTCTGCATACTATAGGCGGCCACACAGCCAGCACTCGGACTATCGCATGCCGTCAAGCATTCACCTACGTGGGAATAGGTGCTGCGTGAAACCCATAATATTAGCGGGCAAAGTAAGAATGTTCAGCTGCTGCCGGTGACGTTGACGCGTCATCATATGGAGAATCACCTCTACGGGAATATGATGCAAGGATGTCTAGATGGTTGGATGACA,681,52.72,Drosophila melanogaster
SEQ_183704,CCCGTCTCTGCGGGGACCCCCAAAGTATTGCCTCACACTTGGGCTACAATGCTATGCTTGTTACAACAGCTTAGCCAGCACTGCGATCTACAATGAAATATCTCCTAACGCGCTATCCCAACGTGGGTAACATAGAAATTACATTCTTCCGGTAGTAAATCCATCTTCTACCAGCAATAGTGACACGCAACATTCATCGCCCCGAAGGAGCAACACACCCAGGACCATTTAAGGATCATTCTATACGTCGTTCGCAGCGTGCGACGGTGTATCACGGTCTATTCGCGTGGGAATCGTGCTCGAGGGTAGTGACGGGCGGACAGGCGCTTTTCTGAAGGCATTTCAACTTTAATGGATACATTCGACCACCAGGCCGAGGATTAGTGGTTTCCACTGTCGTGTTAACTACAGGCTTTCATGCACTTGAAACCCGCCGGTGAACACCCTATAATAAGGACCCCACAACCCACACCGAAATCCCGCTCAAACGTGCCGTGTACTTACCGATCCGTGGTAGTTAAAAAAAACAACGCTCAAAGAACGATACTCGAGCATCATCACATAGTCCCTAGGAACCACAGGTATCTGGATGCTAACTTTCATAACTCGAAGCTGTCCTGAAATGGCACAGCCATCTAGTATCTATACAGCGATGGTCAAAGCCTGTACAGCACATCCCGACGAACGGAGACGCACTGAGGTATTTCATATCAGGAGTCCCATTTGGACTATCCCGTGCGGCGGCCTTAATTTACGGTAGACTAGCCGGGGGGGTTGTAAAGCTCTCAGCCACCCCGTGGTCAACGTATTTGATATCAGGCCGCGCGTCCGTGCGCACGCGGGTTTGACGGAAGTGGGTGTAAGCGGTAGATTCCGTGGTCGGCCGGAAGATACCTGCGTTCCATGCGTCGAACTAGCTGAGAGCGGACGTTCCTAAGGTCACCCGGATGGCTCGGCCGATGGACGTCAAATTTCCGAGCAATTGAGCTATCCGTACCGCTCCAAGAGTGGTCGAGCAGCCACACCGGTATGTCTGAAGTGGATGTCTGTTCGCGCGTAGATCTTCGTCATGTATTACAACCTAGGATGAACGCTTGGCCCAT,1103,51.59,Caenorhabditis elegans
SEQ_397135,CGTGCACATTAGTCATACCGAGGGCAGGCATCCTAGCAAGAGTACGAAGTTATGCGGTAGCTACACGAACCGAAACAAGGTTGAAAAGGCATGAATGTAAGGGGACTCGTGACTAATGGCCGCGGGGTGGCCTGGAGAGCGAATTACAGATCTCAATACGTTAGGCGCTTACGACCATGCGCCACTCTGAATCCGCCTCAAGAGACCTTTCAGAGTATGTCACTTTGGGCTTCTCCCAAGACTCTGGTATATGGTCAAACTCAGAGTACGAAATACCTGTATAGTATTTAGCAGGCTCCGTTCTGATATGCTTTCGTCGGGCATCCAGGGATTTGAAGCACCTCCATACTAGCGTACTATTCCGCAGGAGTCTCGTAACCGTGGTTAAGATCCCGGTCGGCGGGGCGCACGCAAACGACCTAAGGAGAGGAGCGACAGCTCGTCCGCCGTATTAGGCAGTGGCTTCGTGTTACCTCCGCCTCGCCTCACTCTACGCTTGTCGATAGCCATCTATGTGCGGAGTGCGCTATCTGCCTAGCAGCGCTATAGCTTTTCCTGGCATAGGATCCACCACAGAACGGATGTGAGATGAGCCCACGCTATGGGGGACTTATCGGGGAATGCTGTTTACAGCCTAAGCTAACAAGGAGTCCGTTTCGGCTCTGTGAGTACAAAAACGCTCGAGCAAGACCCTCTTCGGGCGCGTTCGTGCTACGTCATGACAGTTCAAATTTAACAGATCAGCTCGCAAATAGAGGAAGTCCCGTCTCCTGCTGGAACGGGCATCGTCAGCAGGACAGTTGCAGAAAGTTATCAGGCTTCACAAATCAACAACGTTCACCAACCGGAATTCATATTACCCTCTGACATGGCCACGCTCCACCAAAGCTCTGTCGAAGTTTGCGTGCTCACCCTCTCCCACTTAATGCCCTGGTGGCAACAGTCGGGGGCGGCTTGAACCGTGATGTGCCCCATCTTTTCCATAAGTTGAACCCAGGAGAATGGCCTTGGACTTAGGATACCGTTACACAGACTACCACTCGGTGTCCGTTGGAAAGAGCCGATAGCTGAGCTTGAGCGGAGAGCCACTGATACTAATGCCCTGACCACCCTTGGATGGTCGGGTCCCAAACTTTGTGTAGGGGATATCG,1151,52.56,Escherichia coli
SEQ_794724,TGCCGTTGAGGTATGAAATAAGTAGTGGTCGTTATAAGCGTCACTACGGGGAATCGTTTCGTGGTTAGTGATAGAACCGACTTACCTGATCGGACGACCGTCACTTCGTCGCTATCTGCTATGCATGTGTGTGTGCCAGCCCAAACCGAGACCACCTAATACTGCAGCCCAATACTTCAGACGCAACGCTAACCGAGGTCGTTACCACCTGAGTGGCAATATCGGTTGAACCTATGGCTTGACCGGTTGGAGCGGTCGGCTTACGATCACGAGTAGGTTGAGGTTTCATTATCATTGACCGTGAAGGTGTAACGGCCTAAATGTCTTAGTTCTGGTTTCCGGGGTAGGAAGCACCTGCTAGCGGCCCAGCCCTCGGATTTTCAGGTCTCCATCTACTACGACCTTCACTAGACTACTTGATCGGTGTAGTAATGCGGCGGACTAATGCTGCTCACCGGTACAATCTGTGGCGCGGAAAGTATTGAGGTCATTCGTGAATCAGAAGAGCTTACGGATCACTGGTCAAGTTAGTCCGTTTGCGGCCAGTGATGTCACCCCGTCCGCAACTCAGGCGGGTGGGAATCTGTAAAGGAGGGAATAACAGAGAATGCTCAAAGTCTTGAAGACAAGCGGCCGCGTTAGCCCGTGGGTAATACTCGACCCAGCTTTCCCATATTGATAGAGGGGCTCATCATTTCAAAGATAACAAGAGCTCAGAACTGGTTGTGTTCCTCCTGTCAAATACACACCGTAAAAACCATAACGGTCTCGGGGTCAAGATTTCCTGAACCGGCACGGACTCTGTACGTGGGTAGAACAAATTGTGCCTGTCGAGCTGCAAGAACCGCCCGGTTCTGCCGAGAGACAAGTGCGGAGGGCTTAAGGGCAATGCCGTCAGCTGGAGCTTAGTGTCCAAGGGTTGCACTAATTCTACTGGGGTTGGATAACGCTTGCTAGCTTCGAGGGCGAAGATACGCTCTGGCCTGTTGGTGGTTGTTGTAGCGAGAGAAATTCGACGATCGAGGACATACCAGTGATTAGGAATTTTCCTTCATTACATTGAGCGCCAAGTCTTAATAGAGGGAGGCTCGGCTATTACGAGTATTTTAAGGGCAAGGGTTCAGGGAGATAACTATGGGGCCAAGAGCATTAACCAGTTCGGGGCACAGTG,1171,50.73,Homo sapiens
SEQ_969646,CGATTGTGGACCTGCGAATCACCGGTCATATAGATGACTTCCCCTGGGGACGGAAAATGATCTGGTGTTAATGTTGTAACTTATAACTCCCTTCATCACCGAGAACCGCACTCATGTACTATCACTAGATTTCAGCAGACCGCAACGGGCCCACGCGGTGTTATGCAGCGTGCGCCTTACGGCATTGAACAGTGTTCTATCGTAATGCAGACTCTTGGCTCGTATAATCCGTATAGCTTGTTCTTCCAGTTGACATCAGTGAGATGCGGAACAAGGAATAGTTATTGGC,289,47.75,Mus musculus
SEQ_394837,GACAGAAGAAGGTAATCTGGAAAGCCGATTTCTCCTACAGCATATGGGATCCAAACATGAGTCGGGGATGCGGAGGGGAATGAGCCTTAGAACCGGCTACCCTCTGTCCGACAGGTCACCGCCGCGGTTCAGACGTTCCACTATGACGAAGTGGCTGAGCGTCCATTTTTTGCGATCCCGGTACGAAGTCACCCTAAAGGAGATGTTCTCTATTAGCGGTACTGTTGCCTAATCAGGGTCTAGGCGTGGCGTTATAGCGCTAGACGCACAGCTGGAGCTGGCGTTTCGGATTGAACCCATGATGAACAAACGTCCCGGCAGGCGCACCATTATCACAGTCAAATTACCCTAGCACTATGGAGCTCATACGGCGCTTGATGCTCGTAGGGGGATGCACATTTCCCACAGCTCGGAATTCAAAGAGTTGAATTAACTGAAGGAATATACCATGAACTGCTTCTATAGTATAGCATTACTGTGAGATCGTATCTCGGACTACGGAGAACTAGTTGGTGAGAAGACTGTCGCTATGCAGGACCCATGGATCTGCACTTTCGTCTATCAAGTACCGAAGTCTCAGCAAGTCGAGATCACTTTGAGCTTCAGACCGTTCCTTTCCTTCCCCAGCACATTCCTTTAAGGAGACATCGTTCACCGTACCCCCTGGACGTGTCTTCAACTTCGGACTTGAAAGCCCCCGCCAGAAACGGTTTTCTTATTTATAGCCAAGCTACTATAAAAAGCGCCCACTACACGGATGTCCGTGCGGAGCAGGGTGGCTAGCTTCTGGAAGTAACGTTTCCCCCCCCAAAGTGGGTGCGGAACCTTGTATGCAGAGAGGCGGGGTTCCTACAAAACAGGCGTACACGTTATCCCCTGCGCACAGTTTGATCATCGAGGTAATAGACAGTGGGCCAGTTAGATTTAACAGAGCGTGGTCCCCAGCGTCTGGCAACCATACCTATGGCAGACTGTCCTAATCAATCCGGGCAGATGTCGGGCTGTTAAGTCATCCTAGCACGCAAAATCTATGACTTACCAGCGGAAAAAGTGTGGGAAGGCATCGTATTTCTGCTTTGTTTTTCGATGTGTAACCGTCTTATTCTTGAGCCCGCCTGTGTGGGGCTCTCATGTTCCCACCTCTATACGAACGATAAATTTTAGTAAAATATGAAACACCACTATAATGATGGTCATCGCAGGTTCAG,1208,49.67,Mus musculus
SEQ_918931,TACATAGAGCGACGGCTAGATTTGATCGTCTTAATATGAGCTATGACGAGATTTTATGTGGCGGATGCCTCGCCATGCCTCCCATATCCGCTAACGGAGCTTGCGAAGATTCTAAGAGTGCACACATTTTTATAAAAGCGCAGTGATGCTGGACCGCTGCCCTCGTCTGCCAAAAAACTGATACTTTTCGGGGAACGTCGGAGGCTTCGTTGGGTACTGCTACCGTCTGGAGACGTTGCAGGCATGAAGTCCCCCGGGTGGGTGAGACCGGAAAGCACAACAATTCCGGACTGATTGACAGGTGGCGTCTTCGGAGCTGGACCGTATCGCCACAGGCGGATATCGACATTCCTCGGTGTCATGGCCGCCGTCCCGAGCGTCAAATGCTACGAGGTACAGAAGATTAGCAGGCTGCCCATCCAATAGGACTAGTCTCGGTAAGATCGTCGCAACAGTTGGGGCGAGGCAACCTGCTACTGCGCGCGGCCCGCACAGGCGCAGGTAGACCATTCATAGGACGAGGCCAGGTCGTCTTCCGTCACCCAAAAACTACCGTGGACAGTGTGCAGTCTGTTGCTGATTCGCTTCGAGAGCAGATCGCCAGGGCGTTGTTATACCAACCGACCCGGATCGAATTATAACACTGTTGGATATCATGCCAGGGAACGAGGAAAATTTGACCCGGCGACAACCGAACAGTCCCTAGTAGAACCGGATACTAAGTAGTGGAGTCGGGCTACGCAGAAGCAACCGATGTGTATCCCGCCCCGCCTCACAGGTATTTATTTTATTGTATAACAATCGCTCATTTAACCCTAAAGGACGTAATGCAGTTGACTCTATTTTGTTAAGACCGCCGACAGAGGGCAACCTAATGCAGCGTCCTTCGTGTTAGGTACGTCGCTCAATTGGTTAACCGACGATCCAAGGTTGTGAGATTTACGTAAGAGCGTAGGTACGGCATCAGATAGGTGCTCGGTATGAGTGACCGGTTCGCATCACGTCATTGTCAGTCAAACTTGGAGTGATATCAGTTTCCCCATGATGCGGTTAATACAGCTACAGCCGCTAGGGGTTTGCTTATTAGGATCATGTGCACAGAAGGAAATTACGTCGTCAGGTATTCATCCTGGAATGATAACTACCCTGCATCAAAAACTTAAGTACAGGGCTGTCGTATTATCTAAAGAGACGATGTTCCGGGACTTA,1209,50.79,Arabidopsis thaliana
SEQ_454806,ACAGTGATGGTGTTGGCCGTTGAAAGGTGGCGTGTTATAGCCGAAATGGTTGCGGGCGTAGCAGGGCAGCGTAAACAGATTGCCGCGCATGCTCAGTGAACTATGGAAGATACCGTAGC,119,53.78,Homo sapiens
SEQ_429470,AATTAACTTTAATCTCATGCGCTCGACTAAATTGCTGCGCTCACGCATCCTCCAATGTAGTAAATCTGTCACCGAAGGAACCGCGCGTACTGAACGGGGACGTGGAATCGTTTGTTACCGCCCCTGTCTGCGTTCTCTAGGGAGATGTGTTTTTGGGCTGACGCGATAGTGCCCATCGGTAGGAAGTGTCAGGAAAGCAATGCGTTGTATCCTTGCGACTGTAATTAAGGCAGGTTCGGTTGGTTACGTGAATTCTGCCGGATGGCTACGTGTGCTGTTGGCACTGCAAACTTACATCTTCATGTAATCGGTAACTCAGAATTCGGACATCTCGAATTACTACAGAAGGCTAATCAGACCAATACTATCGTCGGGGCGTTACACCGCACACATAGCAACAAACGCGCCCCATTCTATGGATTGACAGAAATGTGTAGACTAATTACAAATTCTGCGAACATTACGATCGCACGCTTGACGAGGTCCGACCACGACGCCGTACGGAGTTCCTGTTTTAACTTATTCTTGGGACTCATTCCCTCAAGCTGGCTAGCCGACAAAATCCTGGAGAGAGCAATTGCGTTGCCGAGTTCTAGGGCATCTGCGAGTTATCTCCGGTTATTCTAGAAGGCTCTTGCAAACTCCCGCTGTTATTATAGCCCCAGCCGCTTAACACACAAATCGGATTGAATTTTAGCAGCGCATGTATGGTCGACATTTCTGGCAATCGAAACTGCGCTAGAGTTCACTCACTGGCGACATCCGGGGTGTCCCACGTTGGTCTTTCTACGGCACGCAATTGACGTGAGTATCTCTCTGTCGCCGCGGCGCGAGTACGTAATGTCAACTGATACGCAAACTCTGCGCAGTTACGTTCACTCCGGAGAGCTACTGGAGTGCAATTATGCACTAAGACTAGTGCTAGTACATCCAGCCGTAGTTAGTTGTAGTAAATCGACTCTTAAGTGTCGTCCGCCGAGATTCATGCTAGAGGGTACCTAGTGACAGGTCTCGTGTAATAATATCCGCTGTAGCACAAATGAGTTGGGGCACTGGCTTCCATATCCCCCTCGACGTACCAGAGAGTTGCGCAAGCGCCTCCAATAACTACAGAGAGGGGAGTTTCGCCCGCTTTTAGACATGTGGATATGACAGTCGTCGATTCATTAACCAGATTGTCTTCCAGCTGGTGGACGAGGGGTGTAGA,1207,49.3,Homo sapiens
SEQ_687804,TATCCCGCAAATGTGGTGAGCTTAATCAGGGTCCAGAACGGGTTATTTCCGCTGGCGGTACAAAGTAGCGAGACACCCAAAGATCAACTGGTTAACTACGGAAACCCATATGTTTTTCTACTTAGTCAGCTCTAACAGAGGACTACTCCTAGCACAACAACTATTGGACCAAACAAACCGGCTCGGAAGTCGTTGTCGATCTGGACCAGTTTGCTCTTGGAGTCTTGTTAGAGCATAATGTACGGATACGGTAACGTCTCAGGAATAGCGCGACTTACGCAAAACAATGAAGAGTTACAGCGCTGCATGCGTTGAGGTCTAACCTCCCTTACAATGCACAGTAGCTGATATACGGAGACACCTCTAGGGGAGACGAATGTTTCGGAACCCTAAGGGTAGCTGAGGATGTGGCCTACTCTCGCTTCTATCTTCTTTCGCGACTGACAACCGACTCCGACGATGGATTCTCT,470,48.09,Drosophila melanogaster
SEQ_925562,TGACGAGACCGTGAATACCACAATGCAAGTGCAGGCTTACGAGCGATGGAATTGGGTTATAACTATAGACGTGAGGTAGCATAATGGACAGCTACCGGAACTCCTACGAGTAGGATTCCCATGGCGACAACCACCGCTAGAGCTCGGACCCTACCAATCCAGGTACCTGAGTAGTCATTCATCCCACCAACATCTCCGTCACCACTTAGGAAAGACTCATCAGGTCAACGTGGAGTCCCGGCGTTCTTGTCGCTGCTCCCTCGCCCCCAAGAACGCCACCCATCTCGTTGTGCTCTCATAAGAGGCCGGACGCTCCGTCGGCCGTAGTCCTGTATATAAGATAACTGGCTAGAATAGGTAAAGTTTGCTGTAATCCATTTACGATTTGTGTGTCTCCTATCTATAGTTAACAATGTGCCGAGTAAATCAATTTCGAGTAGGCGACTCTTGTAAACAATACGACACACGCTTTTAAATCCATGAACGTTCCGGAGTCGGACGGACAATTACTGAGTAATTCGGCTGAGAACATACTACATAATCACCTAGATGACTGGCTCATCCGTCGCATCTTATTGGCCCAGCAAGCCAATACGCGCAGAGTCAATGCTTCTAGAAATATGTAGTTATTCGCAATTGCGCGGTCAAAAAGTCACGGGTCCTTCCAATTACGGTCGGACTTTAAGGCGTTTGTAACCATTAGCTCTGTAAGAAGGCTGAAGAAGCGAGGGCCCTTCGGCTTCTATACAGACCACCGCAGCCGGGTGAATAACTTGCGGTAAGCAACCCCGTACGCGCAGTTGTTGGAGAAGCCGCCCCACCTGTAGCTCGTCAGGTGCGTCCAGTCTGATGCTGGCTGGCTCCTCAAGCAAGTAACGGACCCGGGTACACTATCTTCTTGGTCGTGCGTGGTATTGGGATTAAACGTCTGTGCATTCGGTTATTGATGCTACTTTCATGGTCTGCGTAGAATACATCCAAGGATATAATCGATACTCGGGACCAATGGCCACTACGTGTTCTCGTTCGACCGTTCAATAGCCACGGGTGCGCAAATGGCGATTCATTTGGGATTCAGATGCATGTGGTAAGGTAACTGATTGCTGAAAGTCGGACGCACTAGCAGCAGCACAGGTCCTTGCCATCTAAGGGTCAAGCTGCTTTTGGCTCGCGGGCGACAACGGGGTGGGCGGGGCTTTTTGCCCTTCAGAACGACTGAGAGATAACCTTACGTTGCGAAGACGCTGAGCCCACGTGGAATTCGGATGTGCCTTGTCGAGGTACGCGGTATTGGTCCACGACCTAGCCAAAGGCTGAGGAAATTGGTCAAGTCACAGCAACCGTTGTCAGCCGTACTATATTTCTTATACGCGGTTGAGCGCTTTAGACCAAAGCGGTAAAGTAGCCGACTCGTGAACGGAACACGGTGAAGGCTTGTTCGGAGCCCCCAGTCATACCCACATCTGTACTGGGTACGCCCAGAAATACGTGAGTTGATCAGCCGAAAGACGAAACCGTCCTTTACCTCAGTGGATGGTAGGTAAACCGGACCCATTGGAGTTTCCATAAGAGCTGGTGATTGAAGATACCGGTCCAATGCAGTGCGGACTGGGTGCTAATACTAAGAGAGTACAGACAACAAGTAGAGCGCAGATCTTGAGAACACGCGGTAGGTCAAACGCATGGTGTGTTGGCTGGGCTTACAACCCTAGGTTCTATCTACTCCCCTTCTGAGCGTCTAGTTGTAAAGACGGGAGATGGCGAAAACCAATACTGAGTGAGAATGTTAGGAAGTCGCCCCGATCACGAAGCTGCCATCGACAAGATTATCTAGCTAGTCACTAACTCATTCCGCCACTTCCGGCTGTCTC,1871,50.51,Saccharomyces cerevisiae
SEQ_264945,TGAGTGATGTATACCATGAAGAGACGAGGGGTGTTCTTTGTATCTGTACGGAATATCATATTCCACGGCTGGTGACTGGCCACGGTCTAAACCCCTCTTGCCACGGTTGCAGATCAAAGTCAGACTCATCAGCCCAGCGTGGGTGTAACACTATTCTGCGGTAATACTAATATATGGTATATGGCTATAGGACTTAAACAAGATAAGCCGATACACATCGTGTTCCCCTCTAAAAGTGATGCATGTCCCTTCAGAGAAAACTTACGATTTACGGCAGGAGGTACGCAACCTCGTCTTACATGCCCTAAGCTCGTTTCTGGAGTATCTGACAGGGCCGGGACGCTGGATGTCAATGGCCTCAGCTAAGAGCCTACCTGGCTGGTGCGTACTCGATGAAGTCCTGATTAACAAAAGTGCTGACGAGTCAGCGCAACAGACGGAGAATGGGGGAGCATCAATGTGTATTAGGTGCCAAGATCGCCTTGAGGAACAGGACTAGCCCTGAACATGCATAATCGTGTGAACCTAGACTCACTAATCAACCTCGTTCCTTAGTTACTTTATACGAGCATTCGTTGGTCGCACAGAACGCACCCCCCGGGCAGACGATAGTTAGGCGCGTCCCGGATAGAAGCATTTTTGAGTGTCTATGCGCGCTTATCACCAGGGCCTCCTTTGTCTAGGAAGTGTCAAGACTCGCAACGTATAGCCATATTACTACACAGGCGCGTAACCACGGGCAGGTGTCTCTCCTGATAGAGTGCGCCTAAC,771,49.55,Drosophila melanogaster
SEQ_122594,GCGCACCCCGTTCGTGTGTTGATACGGTTACGAACCCTAGAAATGGCCTCTCATGGTATCGATTCGACGGCGGGGACCTGAGAGACCCCCAGCTAGAGATCAAACGTAAATGTATTGCGTTTGCACTCAAGGCCATGAAGTAAACTCCAATAATTTCAGATCCGGGAATGCCCGCCGACCGCCTCTACTAGGTTCGCTGGACAGTTAGCTGCAATTTCAACTGATGTGTTGAGGAAGCCGGCGTTCCACCGCGTCAAACAACCAAGATGTCCTTAGTATGGGTTGAGAGAAGAAGAGCACGCGTCGTCCCTGATATGGGAGTGGTTGTCTTGAAAGAGCACGATAGATCGACAGCTGCGGAGTACGGATGGTCGTGGTTGGCCCAACACGCCGGTCGAGTTAGTCAGGATGCCTGGGCCATGCTCCGGTTTACTGAAGGTTTACTTTAAGTGTGCATACGATCCGACTGGCTATTTGGATACGATTCGTATCGTACGGGGCTCCGATGCCGGGAGGTGTGAAGACCCCCGCCACTATGCATTCTAGTCGCGATGCGGGCGTTTGCGTTTACTGAGGACGGCCTTTTGACTTAATATACTCACCAAAAAGATCTGTAGCAAAAAAAGCTACGATGTTAAAATGCAACTAATCCATTTATCAATGGTCTACTCACACTTTGTTAGGTTCTTCGGGCCGGACACTAAAAAGATTCTTTTGCCCTGGGCGAGTAGAATCGCTCGCAAGTACTAACCAGTAGTCTACCAGAGACTTTTTGGGGTTTAGCATCATGGACAGTGTTACATGTACTCGACATGAATCCGATTCCTAGATCTTGAGCCGCTGAATCAGGGGGCTTTGGGAACTCATGGCATAGATTTGACACTGCAAGTCTTTTTTTGTTACGGACCGGGCTGGCGCGCTGGCTCGAATAGACTCAGACTTCGCCAACTCTTATAAAGCTCAAACAGGATGGACCCAAGTAATCAAGGAGCCTCATGTGCTTAGTACCTGAGGATAGCCTCTATGGCTGCGATACAACATAGTATGACCCACGGAAGGAGTGTCTGGGACAGAGGGGTACTCGACAGTGGGAAGGAGCCTGAAGGGTCTCTGTATCTCGGACTGACAGCGCCTGTCACTGGATCGTTCATCGGGAACGAATGGCGGATAACTGTGACGCAGCCAGAACCGAACTCAGATATCTACTCACTTATCGGGTACATCTCTCCACACAGCTCTGTAATACAGGAAGCCAATCTAGGAGGCCTACAGCTGGATAACTGTACGCGTGCCGATTTTGGAAAATGGCTTAAGGTTAGTGAGCGCGCGAGACAGGGACTTGTCATATACCGCGCGAGCAAACTAAGCACTTAAAAATAGTAGATTCACTACCCTAGAGCATTCGGCCGTGGCCAGGCTGCTCTAATGTAGTGTCA,1436,50.0,Arabidopsis thaliana
SEQ_986339,CATACTAGCGTTTACTTCCCAGGAGACAGAAATCAATCCTAGTCTCCTGCCCTTCTGCTACCTGAATGACATTTTCTGAGATTAAGTTACTGGCAGAAGGCCGGGGGACCTTGAGCGATCTAGGCTATCTGCAAAGTCTGCGGATATCCTTCCACCCTAAACCTACCATCGGAAGCTATCGATTTGCACATGGAGGTTATACGATACCTGCTCGCGCAGCTACAGACTACGGACGTCAGTGAGTCGGGGTCGTAGACTCAATGCAAACTACGCTTGGAGTACACATACGTGATGTAAGGACGTAAGGTCCTGTGTAGCCGGTATACGACAGGACGAGTAGACTCGGGTCCTCGCGCTGCTATTCACATGAGCTGCGCTAGTTTTGGAGATTCTAGTTCGGCATTGGCAGGTCAAACCGTGAATGGCACTGGAGCATGTGCTCAAATGCCTTATGCCCCATTCGACATCTCGCTGTACCTCACGCGACAATAGAATCTTCGCGTCGACTCTGCACAATCGCTGCGGAACTATTAAGCCACTGATCTTACGCCTCATCGGCCCCCTTATTTCCGCTGACAAAGGCGGTCGTTCCCTAAGCCTGACGAGAAAAAACACACAATCAATATTCTCCAATCGCAAGAATGCCTTTACCGCGATCAATTTGGAGGTCACGGAACAAGGTTGCTAGTACAAGCTGGAGACTACACCCCCATGGCACGCTCAGTTATTTTTGATTCCATGGATCGCGACACCTGATCATTCAATGGATAACATTCTGCCCACATGCTACCTCTCGATGGATTCCGTCCCAAGATTATACTCTGGGATCGGAGCGGGCTCTTGCATTTATCCATAAGGTCACGTTCATCTCCCCCCTGGATATCAACCATCTCATAATGGGGACGTTTTATTATGAGTACCGAGAAAACCGGGATAAACATACCAATTCGCCAATTAAGGCTCCCGGTCGATGTCTCACTTACAGACACCCTGTGCCTTTCAGGTCTGCGATATATGCAAGTCCTATAAAAGGTAGGAATGCTTCGTAGAACCCATCCGATACTGCTAGTTCGGGCGCCTGCTATGAACTATATGACGCAATTTCAGAGCCACAGTTTATAATGAGGGGAGAGCTCCTCAGCTGCAGCCCTATATTTGACATCCAACTTGCGCTACGGACCGCCTCTTGACCCTCTCTGTCACACGCATTCGTTGCCCGACGGTACGCTGTGAGCCAAGATTCCCCTGATCCAAGGCGAGAACTAACTGATATAAGGGATACCGGGTGACCTCTAAACGGCGACGGATTTGTAACGGGGAATTAATATGGCAGGGCGCGACAGTCGATCGAAGGAAGACACGGCGCTCCGACCCTTAACCCGTATTGTGGGGGGGTCGCAAACCAAATAATCTGAGAATTGTGATTCATGCGTGACCACTATCCTTCGTACCTCAAGAAAGTCTACAGGTCATGAGTTTATTGCCCCTCCGCCTCTGAGCCACAATACTTGCTGCGTCTTTTCTGAACTGCGGGATACGAAATAATTGGACCATCCGGGA,1560,49.74,Escherichia coli
SEQ_331665,TTGCGACCTACATGGTACCGCTTTCTACTTTTCTAAACACAATTCTACACTTGCTGTGGGGGAAAGACCACGATTCGGGTTTAACGACGACACTGGTCAGCAGCGGAACAAATTGGAGACTGCGGTTCCGGCTGTGCCCATGCCTCCTTATTGAGCAACACCGCATTAACGTGTGACGGGCACATCAATACCGCCTGCGCATGGAGTATTGCCCTGTAGTATCCTTTTGTTGGTGAGACGACTTAACTTCCCACCCGTCTTATATGGGATCCGATGTTAGTTTGGTCCTGCGAAGGGCGCTGATTTGCCTCTCGGTTCGCAAGGAAGACTTGTCTATATAAATATGTGTCCCTCGCGATAGTAGAGTACATAGGTACACTGCCGCTGGTCATACGCCCACACCTTGCAGAGATATACTAGACGAAAGGCGGGAGTGGTAGGAGCCAGTTATTTCACTCTGCCTCTGCAATCCTGCCTACCACGCAGGCTTATGTGACTAGGTAGCATGGAGTTAAGTGACAACGGCACGTTCTGTTCTAACAAAGTGGGCTATCTCCTGAGAGGTATCTTTACACCCATCTCGTGTTCACACTTTCACCGAGGCGCGTCATTTGTTGTCGTTGGACAGGCAGCTCTGCAGACATGCCAGGAGGGCAAACCCTTTAACATCAACAGTAATGTCGAGCTGCGTTCGCGTGGGGTACTTTCCGCAAATCGTAGTAACGTCGCCGCCTGCGTCTAGCCCGATGACCACGAATCGTTGGCTGGGGGATTCTCGGATCCCAAGTTCACGTAAGGACGTGGTAACAAACTGGAGAATTAAGGTACGACCCAAGAGGCGTAAACCCAACCCTCATCGGTCATGACGGTGTGGTGTCGCAATCAACGCACCCTTTGGATCCGTCATTGCAATCAGTTCAGAGTGGCAAACAACTTGGATACTGATCCCGACGTGTTAGGGAAGTTTATCAGAAAACGCCTATCACGCCCGTTGGTTAGCGGGTAACTGGGCCGCCTAGCCGTTTACGGTTATCCATTGTATTGCCCTTGCAACTTCGGACAACTATCGTACGCAATTGATTGCGTGTGCTGATGATTGGTATCCACGCCTGGGTGCACTATCCTTATCGAGTGGTGTGTCTGTCCCTGTATCCCGCTCTCGAGATTAGCAACGCACAGATACGGTCAGGGTACAGATACCGATTTATGGACCATGTTCACCAAAGGGAATCACAGTCCAAAATCTGAGTTCTTGACTGGTGCTAGGTGAGGGCGGGTTCGACGATGGGCAATAGCGTCGTAAACGAACGTCTGTCTCCAGTGGGATACCCGCTACCAACGCGTAAGAACGGGACCGCTCCGGCTTTGCAGGGTGCACTGTTTAAGCGCAGTTGACCTGAAGTATCTATCGTCATGCCGTCAGTCTGAGGAAGCGCATTTCGTTCCGACCCCGCATATGAGAAGATTTCAGGCACTAAATCGCGCTCCACTTGAAGCGCTACTCCTCCCCGACTTTTGGCCGGGCCTAGTTGTACCTTTGTTATTCCGGAACCAGTACTCGGTCGGCTGCAGCTTAAACCGATTTAACCTTTGTCCTATTGTGCCGGCTTTCCGGGTAGGCCGGTCATTGACTCAAATGAGAA,1643,51.37,Arabidopsis thaliana
SEQ_194220,AGGACTAGCACGTTGACAGATACGCGATGTGCTGCTTAGCTCGTGCACCAGAGGAGACCAGGATCTAGAGCCCGCCAAACTAGACTTACACATATCGATAATGATGCATTCGCATGCATAACGGTGGGAACAATTTTATGGGGAGCGAGTATCAGGCTACCTGCATCGCCGTGTGACCGAGTCATTATAAGGCCGTGGGGGGGGACCGTACATTAGGACGCTACTAGTCCTAGTTTTGGTCCGTCCAATGAGACACCTGCATGGTGAATGAGCCATTGGAACGCTAAACCTTATATACTCGAATTGCATGTGTTGTATGATCTGTACCCGCAGATCGTCTTTGATACTAAGACACGTCCCAATTGTCCTTTCGAAGTAACCAATCCATGTTTTGCGCGATCCTCATGACATTAAGCGGAAACAATAAAGTACACCTCTCACCCGCACATGTGTCAGTTCGCGCCCCGTATGCTATGACAGCGTAAAATACCTAAGCGAATTAGTGTCGATCTGAAATGATCCCTGTTGAAAAAGAGCGCCACTAGGCTCAGTGACACTGCGGGTATTAAGTATATCGGTACAGTGCGAGGGAGGCCTTTGTGAGTTTCGACCCCCGTAACGCCCGCAGTCTCTTCCAATTAGTATACTCATCTGTATTGACCTAAAATAGAAGTCTCATGCGACGGGAAGACTGCGGTTCGGAACTGCGTGCTTTTAGGCACCGTTTATGGCAGGTTGGCAATTCTTGATGCGGCAAAGGCGTGGTAGATGTCCTCATGAGCCCCTTACAAGACGGACCCCTATTCTATTGGACCGGATTATAGCTTGTGAGCCCAGAACCTTGCCCCCCCGGGCAAGCTTTCGGGCTCTGCACTACTTTCGGTTCACCCTAACCCAAACAATGTGTCGCCACGGTCTGCTTGCTCTAGTACGCCGCTCATCAGAAAATTCCTGATACCTACCAGCAAGCTCCGGTGCTCGAAGACGGATGGCTCAATAAATAACAAAGACCTTCGGTCTCACTTGCATGCCTGACTTGTCCTGTCCATAAATGGTACCGCATTTGCATCTGCGAAATCAATTTGCCAGCCAGTGTGATATACTGGTTCAACGGCAGTCTGCATACGACGATTGGCTAGAGTGTTGGAAAGTCATGATAAGCTATACCTGTTTGGCAATATTACGAGCCGAAACGGGTGACTGGGTACGACCGATTGCACTGGGTCGTGGGTTTGAGAACCTATGAAGACATCACACCAGCTTATGTTATTCGGACAAAGCGCATCCTGGAAAACCGTTCGGACCCGATGCCGAGGGAACGAATAGGGAAAAATACAACCTCCTTGACGCGGACGTCAGCGTTAAGCCCAAGATAACAATCTGTGAGACACGTGGCGGTGACGAGGCGCATAAAGACCACGGGGAAACTACCTCGGGTCGATCGAATAAGATCCCAATATTTAAGCTGGTATCATATATATCAAATTCACTTGAACATCCCGATCTCGCCGGCCGGCGCACAGTGTAAGCTTTTTCGTGTGCTCTTTATCCGAGGTACACCCAAACTTGTATTGGAATCGATTCAAACGGTAATAAACGGCCAACACGGTCAACCCGTTAGAGGCCTCGGTCATAGCCTCTACAACTCCTATGAGTAGGCAATTGCGTTCATGTGTACCACCTTGTAACGCTCAGGTTTGTCATATACGGGAAGGGGCGTCCTCGTTCACGGCATGCACATTAGTGCGGGAGTAATCTTATAGTGGCACTCGCCCAGCGCAGGAACGTCGCACAGACTTGAATGACCCCTCTAAGGGCCACTACGATTTGCAAGAGCCTTGGGTATTACGTGCAGCACTAATCGGTACAGGGACGCAAGAAGCCATCGCTTCTGACCTGTTAC,1903,49.61,Caenorhabditis elegans
SEQ_733102,CGTATAGCCGTAAGTGGGGGTCCGTGTAGTACATCGGAATAATGGAAAACGGCACAATGAGCACTTCAGTGCGGCTAGAGTCCCCGTAGGACTCTTTTTTTGTCGCAGGAGGCACTGAAATGCATTAGCTCACAAGCCCCGACATGCAGATTAACCGCTTAAGGTCCCCGTGAGGTATTTATGCACGCAAACTTTCAACGAGCAGGAGTGTGTGCTGGGTCTTGCACTCGGGGAACCCTGTTACGATACTGTCGAACCTTCCAACATTTTCCCTCGCGCGGAACTACTCATCACCTTGCACAGGACGGGCTGCAACTAACGTCTTGGATAATAAGGAGTCAGGGTTGAAGCTTAAGAGTACCAGGGCAGGGGTATCTTGGTGGTGAGACCTGCGCGTTTCGCGGTTTACTTTCTGGAGTAAGCCCCCTTGTGAGCTATGTCAGGAGTTCTATAACGCACGCGCAGTGCGCGAAATTATGGCGGATACAGCGCAAAGCAATCATGCGATCAAACCAAAATTTTTTCTCAGGGCAGTCAGTCTATATGTACGCCGCTGAAAGGATCCGAAAGAGCCCTACCTGTCCGTTTCGGAGCCACACGGCACAGTTACAGAGCGGCACGTAGACCTTATAGCATACCTGTAAGTCTCCCCCCTGTTCACTGAGGGTATCACCTGGAATTAAGGATCATTTTCCGAGGAATCTTGATAGTCATAGCGTTATTTATGACCAGGTCAACTGTAGCTTAGAGTATCACTTTCACGAAAACGTCCTGGGGCCTGAGAGCATCTCTTCTCAAACCTCGGGCAAGGCGCCACCTTGTGTCGTAACCGTAGGTCGGATGAGCTAAAACGTGTCGGTACATACTATTGGCGAACTGTCCAAAATTGGGCAGACGCAGTGGAATGCATAGAGGTTTGCATAATGACGCTGTCGAAAGCCGT,943,50.27,Arabidopsis thaliana
SEQ_695309,GTAACGCAACAACGCTCGTTGACAATCATTAGCAAGCGGGAGCGGATCCGTTTTTCTTTTGGGCGTAATATCGAGACTCGACGGCCAGTATTCAAAGGCATTAGGACGCGTAGAGGACGCAGGAGGGAACTTGGTTCAGCTTCAGGGTAGACTCTGCCACTGCTTAGTCACGGCGTGCTGCGATCATATTGGCACCTCCCATGTTCAGCAATGACAGTGAGAATAACCTCCCTCCCGTCTAGCGCGGCCCGACAAGTAGACAAGGTTGGAGGGACAACCAATGGAAACACTCTTAAGGGGCGTGGTTATCACGTACACAACCCGCGGCTCCTCTCGTTCGGACGCAATTGTAGCCAGATCATTTCTAGCCCGATGATCGGCCCAAGCCGAGTAGATCCGTACTGCCATAATGCTCCTAAGTCGCATCTCGAAGAGAACGTTGTCCACTCCTGCATTTGTGACTTGCCTTGTTACGATGAATACTATGGACATACAGCTCGGGGGGATCATGGCACGGTCTGAGAACCTAATCTGTGGTTTTGCAAACTCCCGGCTATCCCAGTCATCTAGCGACATCCCTGATCTCCGGTGTTCTTTGCCTTCTACCTCTAGAGTAATTGTGGGCGATACATCGTTGGCATGGGTGGGTCTTCTGCACGTTTTGCCCGTCCCTTCGCAGGATTAATACCTCTTTACATCCGATGACGCTTATCGTGGTGATCTGGGCGGGTATAGACGACGTCGATGCTTCCGCTTTGGTATTGGCTGCATCACGGTGGCGCGCCCCACGAGTGTGCTCGATACACTAGGAGATTGTTAACCTAGCTGCCATAAGATGCCAAAAAACTACAAGGCCGGCAAAGCGGCCGCTCCTGGCCGCGCTGTATAAGAAACGCACCTCCCACGTCTGGCTTTCCGACCTAGCCTGGCCCCACGGCACACAGTCTTAGTTTCTAGGTCCCCATTCGGAATCCAACGGAATACCTTAAGGCGACCCATCACGACGGGCTTGGATAAAGTCAGTCCTTGACTTCTC,1036,52.99,Mus musculus
SEQ_166580,GAAAATAACAATGAAGAAGTACTTCTCGGTCCTAAAACTGGGGGCGACCCCTAGGTCTTGCCTCATGATTGGCCACCACCTGGCTAGCCTACAGGTATATCTGATTTATACCCTCATGCCCGCAAAGAACTTAGCTGGGGGTATGTACCTCGTACCATAAGTCATGTGATATGCAGTCTTACCTTGAGTCCGGATTCCCTATACTTTTCTGCGCGAAGCTCTCTGGGCGTCCTCGTACTTTGGGTGAATGCTCAAGGACGCAGTCACGCCAGCTTCCCGTGAGATTCTGAAGAGTAGCGGTATTATCATATCGAAATTAAGCAATGAAATCCTGGCCCAGCGTGCAAAGGAAAAGAAGCGCTCGGACTTCGCCTACACCCCCGACGACCGGTCCTCATTGAGCCGCAAAAGACGGAAGTGACCGCGATGGGGTAGGATTCGGTCGCCTTATGCCAGTCAGTAGACTTGAGTGTAGGTTTTGGGATGTACAGATTGATCCCCCAAAGCCGCACTACGCTAACCGTTGCAGCAATATCAAGTCTCACTATCGTGGTCTTGGAAAAAGAGCGCTCGGCATAGAATAGAGTTTAGCATGTGCGTCAGCACATATATGTGAATCTACTCGGGCTCCCTGGCCCGCAATCCTTCTTACAAGTTTGCGGTCCCCTTTTGTCGTATCAAGTAAAACTCAAAGTCCGGTAATGCCGAACAGTCAGTGCGAGCTGGAGATGCCGATGATGAAGTGTTGAAGTCCGAATCTCACCACAGCAATGGAAGGTCAAACTTTCACGGTGGTTTTTAGTATAGATCGACTATATGCGACACCAGGCAGGCGGCAGTCTGTCCCTCCTTAGCTGAAGACCTTTTGGTGGATCACCTCAATCCTCTCTCACGTAGGCCGAACCTCAGTCCTGATCAGAATCGGCATCTAGGTTGATCGGATCAGTTGCTCCTTCCGCTGCCTTTGAATCGTGTGCACTTAGAGGCAGGTTATTGTATAACCGAGGTAACACGGGTACGTGATAAACACATTTG,1035,49.66,Mus musculus
SEQ_943093,GTATGGGTGATACACAAATGGTAACACGACAAATCTTCTTGGGGAAGGTCCTCGGAGTGGGGCACATAGGTGCGATACACGGAAGGCTCCTAGACAAAAGGGAGAGTACGACGATTACTCCACTGCAGATTGGTCGTCACGCTGCGGGGCCCATGTCCTTAGTTCATTCCCATGTGGTATTTGTGCCCGGGATCTGTTTATCAGTCTCTCGTAATTCTTTCGGATCTTCGCGTAATTTTTCGGTCGGGAGTCCAAAACGTGGCCGCCGATCGTCTGCGGGGCACCATATCCGCTCGGCGGCTGTGCATAGAGGATGACGCCCCTGGTCCTTGACATAAGGCAAGCAAAGGAGAACACTGATTAGAGTAAGTGCCTTAGAGACGATGGGCTGCCGCGAAGGTCGTCCACCGGACTAGCTATCACAAATCTTGGGACCTGGACTCTATGGGGGGAGGGTGTGGTAAGCCGTCCCCATGGCGATCTTGGCCCAACGTCCCGCTTTGGAACGACGCGTACCTGGTATACACGGAAACCCCCAGGCTGGGAGCCTTCAACGTGAAGTGTTCATTAAAAACTGTGGATCATGGCATAGCGACAACGCATTTTAAGGTGCAGAGTCTGAACAATAGGGTTTAAATTTGGGATGAACGGAACGGGTTACACCCCATTAGTGTCGGGACGATTTCCCTAAGATACCATCGGTGCTATACACCCCTCCTCCAGACACTACATCGACGGTATAATGTCCAAATTGAAACCTTACAGACGGGCCACAACGTTGTGCCTCCAATGTACGTCCACACATGGTGCCAAGCAACAGTAGTACACCCTCCAATCCTGCTTTGAGGCAGTCAGCTCGAGGAGGGGCAGTTCATTTTGTCCACGGTTTTGTACTTAATAGCCAGCTTGGCAACCTTCCGCATAGGACGTTCAACCTATACCGTTCTCCCCACATATAAGATTGATGAGCGCACTCGAGACTCTCCGGATAAATACCTACGTGTCACTATGACCCACGCCCTATCAGGATTTAATCAGAAATGCATCCTTTCATTCAAGGCGATCACGAAATCTCTCCTGCCTCCTGGGCTATCCCGCTTGGAACTCTCTATAACGGGGAGTGGAAGAGCTCTTTTGACGATATTGGTAAGCGTGCCGAGCAAACTGTCAGACCGGCAGTAGGTGCTTTACAATTCTATGCATTCTCTTATATGTGTGCCGCGCTTGGCTCTGTAGGTATTTCGCGTATTCATGAAACCAATCCGGATACTGGAAGGCGGGAAACGTTGCTTCATACCAATCCAGTGAAGAAGCCTGCCTTACCGAGTGATTCCTGAAAATGCCTGTCTCATAACCTAATTAATATGATAAGTGCGGGTATCAGGCGTCGCACATGCAGAATTAACCTATACAACTGCAGATGGAAGGGCATCCGCTACATTCACGCTCTACCCAACAGTTTATTGGGAGTCTACGAAAAATAAGCACGTATGCTGGGGGTGCCTACGTTTGGTTGGATTGTGTCCGCGGAAAGTAGCATTAGGGAGCCGTG,1552,50.32,Saccharomyces cerevisiae
SEQ_844510,TAGGGGAACGAAACTGGACTTATGGCATTGCTGGTTGGACCCGGAGGGGCTGAACTTTCGCGGACTCTGACTTGAGGGTTCCCTTACAATATATGTTCCTGGGGGTCCGACCGGATGGCAAACTGTCGGTGTCCTGAAGTTCTGGAACACGTAAACTACGAAAAAATGACCTCAAGATAGATTCTTCTGCCTCTCATACCCGGGCGATGGCTTTCCATAGGTAGTACAGCACGATCTCCCTGTAATGCCATGATCCCACTGCTACTACGAGTAGCCAAACTCCCAACTCTGGAGGATCCTCCCCCTCGATACCTCCTAATGTTGCCTGAGATAGTTCCACAAGTGGTTATACCCCAGAATTATGATCGGTTCGCGGACGACACAAGATAGTCGTTCAAGCACCAACCAGAAGGCCCTGTCGGTTAGGCTTCTGCCAAAGGGGCTGTATATTTCTTTTTAACAGGCCTTGTCTGTGCGAGTTTTACCGCTGGTAGAATAAAATCATTATCCCGTTAACCGGGTCCCGCTTCGCTTACCTATGGAATTGGCGTATCATGCTAGCCAATATCTGTCACATTCAATATAGACATTCACGATTAACCCGCCTCTTGCTCCCATACGCCATGACTTCTTCGTGAGTGACCCAGTAGGTCATGGATTTAGTGGGAGAGAGTGTGCTGAGTTCCATTTAAAGTATGATGGCTCCGGTGAGTAGTTGTTACTTGTACAACCACCCTCCTGTCCGGCTCACATGCCTCCCTCTAGCAGCAGTAAATTATGCATCGCAACAAAACGAGGACCGGATTGAGCTTGGAGGTGCGTTACGACATCTAAGACCAATGGCCTCCCACGAACGCCATAGCAGCACTGAAGTGCCGGTCAGGGCATGGCGGCATAGCCCCTGCTGGCAGGGGGTCATCATCGCGATTGTGCCGTGCGGACTACTGTTAAGAGAACTATGTATGGAGCCCGCCTGCAAGTAAGTTACACCTGTGACGTTAGTATCTAGAGCATAGCTACAGGGAACAGGACGTTAAGAATCCAGGACATCTCCACCTAGGTTCGTCATATGCGCGAGGGAATTCGCGAGTATGACCTGATGATGATGGGGCATCAAAGTGTGTTAGCGGTAAAGAGTAAATCCTTGGATCAATCCGGAGAATGAGTAGTGATGTCTTGGACTCACAATTACTCCTTATATACCTGTAGAGTCGTAGCGACTTTTACAAATGCGGTGTGGTAATACGTAAAAATCGCCAGGTTTAGTTAGCTCCCTAGTTTTTTAGGACATGGTCGTCATGATGTAGGGTTTGATCATGAGTCGTTCCTTCTTCCTGCCGGATGGAGCGAGAAGACATCCCAAAGTTAAGAGGAGCAATGTAGTGCGGAAGCTTGTTCATTAAGCGTCCGACATGCTGTCATGCCGCTTCTTAAGCCAAAATATTAACCGGGTGCAAGGCGAAGTGCTCAATGATATGAATGCGGCATGAGCCCCCGTGTGGACTACGGAAGACCCGGGTAATCGAATTTAGCCACAATCGTACCTAGTGCGGTCCCTCAAAATTGATGCACAAACCCTGCCTCTGGAGATTAGTCAGTGAAGAGCAGCGTGCGAACCGGTAGCGGGGACTAC,1633,49.42,Homo sapiens
SEQ_512771,TGTGCGAATTATCGGAGGGCTCCGGAACTAATAACTGGAAATAGGCAACGCATACCAGATTATTCCTGCCGTTTCGTGCTGACCGTTTTGGAGGACTTCAGCGTG,105,49.52,Caenorhabditis elegans
SEQ_584477,ATTAGATAGAAAGCGAACGAAACGTACGACGGGGCATAGAACCAATGCGAAGGACGCCATGCCCCACCAAAGCTCACAAGGAGAGTTAGACACTGGAGCACATATTAAGATGAGTGGAACAGCGTACCATCATTGCGTCGCCTAAATCGATCCAACGTGCGTACGCGTCTAGTGGTCGGCGTCTCAGGAGGCATTCGCCATTTGCATCCCAGTTAATTTCTCGATGCCTTATCTTTGAGATGGTGCCAGATGCCTAGCGTGTTAGACCTTCTGGAAGGAGTTGATTAGTGTAGCAAAGGCCTTGTGTAGGGGTGGAACGTGCCTTAGATTCGAGACTCTTCGCCTTTGACCTCCTGGTCCTCTAAATCTCGCTTTCTAGACATT,384,49.48,Mus musculus
SEQ_632024,CGCATTATGACCTGGACATGTCTGTGAGATATGATAATCTATCACCGCCTGTTTTTTGGGGCGAGCTCGTGCGTACTTCAAGTAAGAACGAGCGATAGGCTAGGTATCAGCACAAAGTTATCGAAGAGTCCTCACGGTACGGGTACCATAGAAAACGGGTGCGCTTCCTGAACGCGGGAGGGCTCAACGCTTTCGATACGGCCTTGGGTACACTAGCTGCAATGCCATAAGTCGCACGGACATCTCGTATTCGACCGGGGAACGACAACCGGCGTGGACACCATTAGGGCATACAGGAGACCCAGCCCAGCCCTAAACACCTTGAGAACCCTTCATTCTCTTAACAAACAGAGAACATAAAGGTTCAGATGCTATAGAAACGGGGCCTAGTATGATCTCTTACGGGGGGATCGTAAACTGAGGTTTGACCGGTACCAATTGCAGGAATATTGATCGGGCGTCCAGTTTCACTCTCATGGATGAGGCCGTAATTCGTCAATCCTCAAGGGTGTCTTATCTTTACTTACTTAACCATATGGCCCGCCAGACGTCGGCGCCGCCGCAGCGCATCTCATCGCTGTAATCAAGATATCAAATGATCTCCGGGTTTCGCCGTTGGAAGACATTTGGCGTACGGATGACGAGGGTCGACTTACTATCTTCCCCACTTAATTGCGTAATGTGATCTCGCGAATGTTTGGCGCGGGAAACAACGTCACACGGTCCAATTACAAGCACCTTGGACTCTCCAGGACTATTGCTGCAATTAGGGGATCACACACAGGACGGGCAGGTGGCATTACCTTGGCTTCGCCCGTTATCGCGTCCGTCCTATATGAACGAGGAGGTACAACTATATTCTCAAAGCCTCTCTAGTGCTTTGAGCGCCCACGCGTCGGACTTGGACAAGACCATGTTCTCAGGCAAGGGATACGCACGATCAATCAATCAGCTTTGCACATAACTACCGTCCCCCCATCTATCAATGTTTTAGATATTGCTTTGAAGACCCTCTCTCAACACCCGTGCGGCCGCGTACACGATAGACTAATCTCAGCTCTCATACGGTGGTGATGGAGGCTAGTTTCAACTGGTAGAAGTACATTCCTGGGACAGATTGACAGAGTTGGGTCATGGATAATTCGGGTTCAAGGACTTTTATGCACACACCACGCAGCTTACACCTGGAACTACATCGTGACATCTTTGACCAGTTCCACTATCGGACCGGCTCCCAGGCAGATGCCGATGTGGGGGACCTTTGCGCGACGCGTGTAGCGGCGAAACCTATGGAGATTGGCAAACACTAGTAGCCTCATAACCCGGCGCGGATTTTTTCAAGGCTGGGCATGGAGGATGTGCTTATTTCCATAGCGCTTTGGGCCCAGTGGTTCGTAAAGAAGAATGAGGGCAGGCTTTCTGGCCTACAGCCACTGAGTTTTAAATCTGGCCTGTCACTGCTGAGCGCACTACATGACGCACGGGGGCAGCTTTAGGATTTCTGGGGGGCAAAGTTAATCTTGACATGAAGACGACCACGATAGCGTTACGATTTCACAAATTCTGTTAAGACCTAAATTTTTAAGACCCTATAACATTCCACCGGTGACCTTCAACGCAAAATAGCATCGGATTAGTCCGAATACAAGTGCTCTTTTCAATTGTCCACACAAGATTGCATCTTGCGGCTTGTCCTGACGGATCCGTGACGCGCGCCCGTGTGACTGCGACCGTACTAATCACTCAAAGTTTCATAGATCGGACAGAGATAAATAGTGTGCGCGCAGGTGTTACCACGTGGATCAGTTCTTATCCTACCGGAGCAGCGCAAAAAGTACAGACCCAGCCGATTGGCGTCCTGTCCGCCTAAATGCCCAATATCATCTGATATGCTAATCGCTCCTGTCTCGGACAGGCTATCCTTGGCCAGAACAAACACGCCGAGCTTCGACACACAACGACA,1963,50.33,Homo sapiens
SEQ_225236,CACGAGTACGCCGGGACTCTTCGACCGACCACAATAAAAAATCATCACAGCACGCGAAGCGAAAGCTGTGCCCTCGGTTGCTTGCAATAAGTAGACGGCCGGCACATACCACCTTGTTGCGGCTCTCTGTTATTTAATCTAAGAGTAAAACTGTAGGGGAGTAGCGAGACGGTTGTGGTCGCATTCGCATGAAGGAGATTCGTAGGTTCTATATTAGCCGCTTGGGTGAGAAATGGCAGCCGGACTTTACAGTGCTACGCGGTGATCGAAGCAAAGTCATTCCGCGCATAATTTCCGATTCGGGGCGCCCTTTCATTCGGAAGGCCGCTGTGAGTCTACGATAACGATGGCATTAGTTGATAGTGTCATCCGCCAGTGTATATATAGACGGTCCGTTAAATCTTCGCATATAATATCACACTATGCCTGTCAATTTAGTAGTAGATACTCCCATGTCCGGTTTTGCTATAGGAACAGGTATGGGCGTCGAACTCTCCCAGGCCGTGGTGTTCGCGACGTGGAGGGACGGTCGGGCAACCACGAGACTATCCTCCGCTTACCGATACGTCACTATTGTGTTGAAGGTTCAACACTGGCAGACAAGCTCCGTCAGTCGTGGCCGTTCCGGGCGCATCGACATTTTGATTCGAATTCATCGCACTCCGGAGCGATACCGACAAATGACGATAATTTTCAGATGAAAGGTGATAGGTTATCAATGCCCGACACTATCCAACGATAGCTACAGGTAGGTCCGGCTTAGGAGAGCGCTGACTTATCGAACGCATACTCCCATCTCCGTGCGTCACGGTCCTCACCTATCCGCCAAGCGTGATATAAACGGCTACTTATTTTCCACGAGTATTCGACGCCACCGCCCGGCGGCCCGGTTCGATGCCCTAACCTCATAACGGTTTCTATTAAGACGCCCCGTCACTCGCTGGTCGCCAGTTACGTTAGAAGTGCCAATGTGCACGCTC,980,51.33,Arabidopsis thaliana
SEQ_620769,CTCCTTAAGCCTGTGCATCACAATGATAAAATCTCCGAGAAATTCCGATTTGAGAATTCAGTTGCAACATTTGCTTCCTGAGTCTCAAAGTGTCTCAACCAACAAGAGATGTGTCAACTTCGGAGTGATGCTTATCTGCGTTGCGTGACAATTGCGCTCTGGCTCTGCCGTAACGTCCGGGAATCTCGACCAACATGTCCATTGAAAAAGAACTTGACGCCTGGGGCACCCACGAAACGTGACAACCATGGCATTCGATATATATTACGAGAATGTTGGAGTACTTGGCGGTATCAGAACGAGCCCAATGCGGGACTGATTCTTTTATGTATGCGGTACGGTTAAAGTGAAACGACTCTGGGGCATCAAGATGTATCAAGTGGTAGCGCTATATGCTAGTCTGCGAGCGCGATTCTGACGTGGGTACGTGTTTGGTCATGTCGCGACGGAGTGAAGAACCACCGGTAGGACGACCCACAGCAGGTAGAGGTCCGCCTAAACCGATCGCCTGTGGCACGTTAGATGTGAGAGCATTTGGCCGAAACAGCTAGCTTGGTTAGTAAAACTGACTTAGCCAATACTAGCCGTTTTTATTCGGG,599,48.41,Caenorhabditis elegans
SEQ_497391,AAGGCGCGTACACTTCCAGGATAGACGATGTGTCTGGTGCATAAAGGCAAGACCTCGCACGCCTGGATCCGGGCTAGTACTTACCTCGTTTGCTGGTCCGCCGCAGAGCGCAAGTATACAACGAGGCAGCCAGGTAGAGTCTCATTGGGAACGAACCAACGTCTACCCCGTTAG,174,55.75,Mus musculus
SEQ_676967,AGGAGCCTCTTTGGTCCCCCTCAACGAGTAGAAAACGGGTTAGCCGAAAGTCCCAATAAGAGGCAATTCCAAACTACTAGCCATTGTCTTCTGTGCTACAGCAGCTTATTATATTCTTTCGAGGCCTCACTGAACCCTGGGCTCAAGTTCATAGCGGAGTGGAAAAACACTATCCCAGTCATATA,185,46.49,Saccharomyces cerevisiae
SEQ_567581,GTTCCGATGGGCGAAGATGGTGTAACGCCCGCTTATACAAATTTATCTGCAGTGATGACTCTCGACAGTACGCCGCCGAGCGAGTGTCATAAGGCCACTAGGATCAGTTTGGCTTTCTCCCAGAACAGCTGGCCACCAATCGACTATTGAGGTAGGAGGCGTCCCTATTGACCCCTACGCCTGTGCGATGAGACAACGCACCCAGTTCCTCGGAACACCGTAGGGCTGCAAGCCCTGCTGGTCTACTGGATATAATTTTATCGTTGAATTAACCGCGCTAGAGCTCGTTTTCACATACTATGTGCTGTGGCAGACGGGTATATGAAAATATTTTGCTGGTCCGATATCGTATTGTCTTTCAACGCAACGACATGTACAATCCCATCAATCAACATGAACCAATTCCTCCGGAATGGGGCGTCGGGCATAGTGACCAACGACTCCTTGTTTGCCATTCGTCAAGCATATGTAACGCTTTCATGTCCATGCTCATGTGCACTTTCAGAACAACGCGAATTTGCCACTTGCACAAGCTGTTTCGAGTCCGTACTCATCTAAGAGGTTTCGCCGCAGCCCGCGCTTCGAAATATTGCTGCGCCACGCAGGCTCCACCGACCCTTCTTTTCGCTTGGTTAACGCCTATTCTCCTAGATAGGCCGGGGAATCGGCCGTCCTTTCGGTGCTATGCTGTTGTCTAGTCCGGCTAGGCATGAGGCACGGCGTCTAAGTCTTTTATCCGCCGCTTCCTTCATAGTAATAGAACACTGTCGAACGGTATGGAATGTTCATCTGGGGGAGTGGACGGTTACTTATATCGCGGAGCATCACCGTTGAGGCCGGTTCATATCGCCGATGTATACCGGACTAGTCGCTCAGAATTAGCCGCAAGGTGGATCCTACAGAATAGGCTGGGCCGTTTGGTGGTCATGA,930,51.08,Mus musculus
SEQ_931164,ACCGGGGATCAGCCTGCGTTCGGTCTCCTACCGACATCAGAGAACCCTTGCCCGTTCTTTATCGTTCTGCGCGTAGAATAGATTTAGGAGGGGACGTCGCCTTGCATGGGTTAAGTAGCCTAGACGCTAAAAACGTTAACCGAACCATGGGTAACGTATCGAGAGTGACACTATATAGAAAGGGGGGACAGCTACCTCTTAAGGAAAGACACAAACCGGAGATTATCTTTCTGTAGACATGCCATGTGTCGTGAATGTTTTTGGGAAGTCAAGTGAGAGTCACTGACAGTGTCCTCACTACTTCATGCGCGTCGGGCGCATACGCTTTCCGAGTCTCAGCTCTCTGACAGTCGCGTGTGGGGGCATCTACCTTGGCGACATACCCTTTATGGCGTGCCATGACAATGAGCTACTCCCAGGGCCTGGGCGTCGCCTAGTGGGCCGAGAAGGACGCGCGGACAGATACAGCTAGAGGGAGGAAGATTAGGAGGCCGCGCGATCTGTCGGAGGAGGGCTGTGAAGGATGACGCCTCAACTAAGTCTGAGTGTAGATACTGTGAGAACTGAAGGTGGCGTTACCTTTACGGTCTTTAGACCCACCGCTATCTTCGCTATTGAGCACTTGGAGATCTCCCCGTTAGGGGTCATAGTTGTGGGGGGTCATTCTGACGCTTTGCTTTCGCCGCGGCTGGCGCCTACTAAACTTAAGCCGCATTTTCGACCCATTTAGCCAACAATTTGAATGCCAAGATCCGCAGTTGATTCATCACCCAAAGAATAAAACTACGTAGTCTTCTAGTATTATACAAGCACCAGGACATGAGAATCTTTGCAATCGATCGCTACGTCGTATGAGAAAAATTCAAGCCCCGCAGGGTTATAAGCGCGGCCATGTCGACAGGTTGCAGCCTCATCAATATATATGCAGATACGGCTCCAAGGCATCAATGTCCAAATACCGTAGACGGCAGTTGGGTAAGAGCATCTGGGGGATTGAGGATACATAAAGATTCGAGTTTTATTCTTGGGGACTACAGGGGACTTTGCTTGACTGATGCTCGACGCCCATCAATTTGTTTTGATGTGGCTCTTTGGAGCTGGAAGTTGCAGCCGCGGTCCTAAGCGGAGAAGGGCTCTAATAGCGGCGACTGCTATATCAACCATGGGATAAGTAGCGTGGCCACGAGTATTTTTCACGTACTTGACAGGCCGTTACTTCACCAAGAACAGCGGAGGCCCGAGTGAGAGCGACTAACTTACTGTAACCCACGGGGCAACAACAGACCCTCCAATCACAGCGCACGTTCGCCTGCTGTTGAGAAAGGGTTAAGCTCAACAAGCATAAGCCAAACGTAAGCAATTAGAGGGAGCTTAAGGCCCCGAGCGACCTCGTACCTCCTCCGGTGCGTGCTTAAAGGGCATGCCCATATACCGCAAGCATTGCCAGAAGGGATGAGCTTTCTCACCCACGAAGGGTAGCGGCCATCGGAAGTTAAGGGTCCCAAGCGATAACGCCATTCTCTAAAACGGAAGGTTCATGGGCCCAACGAGGGGTTCGCTTTCATCCCTAAATCGTACGTATAGTCTTTCTCCGTCGACATACCTTAACTGTGGATCAAATTCAATACAGCTTGTAAGAAGCTCATCTACTCCTTAATGTCG,1662,50.72,Drosophila melanogaster
SEQ_540854,TCCTACGTCGCCGCGGATCAACTCCGTGAGTGGTCGGCTTAGGGTATGAGTTCGTCGAAATTGCGCTATCGGAGCCAGTCGGCATGCGATAGGTGACGTATGCGCCGTTGGGTCCAAATCTGGATACCCAAATCTAGAGGCGGGTCATGGAGCTGGGGCCTGATATGTACCACTGGTATGTTCGGACTCGCGTTCCACTCAAAGCTCCCGCCGTCTTAGATAAGCTTACTTGAAAGTCTAGTAAGCTACTACCCATGTTTGTTTATGTTATCTTAGGGTCCTGTCCGGTGTTGGTATTAGATCCGTCAATCGGACTAACCCAGGTGTATACGATGAGTCGCCGGAGAAAAGTTGCAGGACCAACTGACAAACACAAACAATGGGGTGTGGCAAAATGCACGGACCCGACGATCGGGTCAATTTTGTAGCAATGAAGGCTGCGCTCATTGTAGAATAGAGGGTCGTCCCTCGACCAGTGCCTTCTACCTCGGTGCTAGTTAGTAAACTGACCACAAGACTCGGGACCGGTCATTACTTGCCATTTGTTCACTGGGCTGGGAAAGAACCGCTGCGACTACTCTAGATCCAATTTGCCTTGGTTCCACGTTTATGCCTTGGTCAATAAGGATAGGAGGTGCTTTAATTGCGACGGACGGGCGACCTTACGAGCCAACAATTCGGCGCCCCTCCGCGTAATCGTGTCCCCAATGGATCAAGGGGTAGCACCAGCCTCCAGAGTAGGGGACGACGTCTGTACACGTGGCGCATGGGCCGGCAGGGGCTGATGCGCGCCAACGTTAGGCCTATCGTCGAGAGGAGAGACGGCAGATAAGTGAGGGGGGAATCGTCCCCAAGTTAACCCCCATAACGCAGTCGCGACTCAAAGCCTACACTCTTCGAACTCAGAATCGCTGTGTCAGACTTGTGACGATAGCTTGGGAGACGAATGTAAACCGGATCAATGTGGAAGTCCAGACACGATTGACTTGAGAAGTGAAAATCTCTCGCCTCGATTAAGTGCCATAGCACCTAGACGACTATGGAATAGCAATGGACAACTTTTTTGTAATCTGGAAATCTGGTACATGTTGTAATACTTTGTTAAGACTACGCTGGATTTCTCCTGGGCCTCTGCTTAAGCAGGCGTTAGGTCAATATCAATGCACTTTGTCGCCATCAGCGATGTCTCCGGGTTCGCTTGGGAGGTCGACCAGCTCTAGTGATAAGCCTAGCTGACAGAGCCAGAACGTCCCTGGCAGACTGTGTGCGTATATTGCGTAATCCGACGCTTCGACAAACCCCAGCATTTGGTGTCTGACCCTATATCAGCTTACGAAGCCGATGCAAATAACCAGACGGACAGAGCAACCGTCCCCGACTCCAACTCCGCAACGCGAAACACAACTTTGAAACTCCCGTAACCGTTAAGCAATGAATTTGCTTTAGAGCGGCTCGTTGGCTCTGGCGTCCACGTAATTGTGTCACAGTTAAGAAATTTTAGATAATCTCAGCTTTCTCAAAAAAAAACTTGAAGTCAGCGTGGCGTATAGCACCGAGCCAGGTCTTTCCCGATTTAAAGCGCGACGGTCCAGGAATTGTCCGGAAGGTCTGTCGCTAAAGCTATTCTTATACGGAGACTCGGCTCTAGCCCAGCACTATCGTCGTCTTTTGGAGTTCACATCTGTGGTTTAAGCGTCCCCAATACGCACGGTGCGGTATCGAGGCTTGAATTGGTAATTGTGTTACTAAGCCTCCTATGAGTCATTGTACACGGAGAGCTTATTTCAGTGAGCGGTTTTGATAGCGAGGACATAACCACTGTTGGTGCTCATGTTAAAACGGGCCATAATCTAGCATAGGACCTGGCTATCCCCACGCCGCGTAAATTACCAGAACACCGCTTTTAAATTAGAGTGGAAATTGTCCCGGGTTGTCGATTGCCACGTCATCAAGCTGTCTGAGCTAGAACCTAGTGCCTCGAA,1982,50.35,Arabidopsis thaliana
SEQ_534127,TAAAAGAGCCTGCGCATGTTGGGAGCACATGCCAACTGGCCGAAACATGAAGGGGACCGCATGTCAAGGTTCCAATGTCGTAGAACTAATGTCTTTGATAAACGCCTAGCTGCACAACTACGTGATTACCTTAATTTATCATACTACCTGATCTTAATTACTCTTACCGCCCGTTGAGCGTGATGAAGAGTGCCACATAGTTACCGGGACCCCAGTCTTCCCCAACGCTTAATTGGAAATATAAGTATAACATTTTGTTCATCATCGGCAGTTGGTGCAATGGGGAGGCAACTATCTAATAGAAACCCTGCAATCGAATTACATCAATAGCGGGCATGACGTGGGTGCTATGATTAAGGGCTGCCTGCCTCTCAGTGTATGCTTTGCGCTCTATTAGAGATCGCGGAGCCGAATGGCCTCGTGGATACATGAGAGCTACCGATCATTGGTTTAAGGAACTCCGCAGGGCTACAGGCGCGGACGTTGCCATGATTATTTGGAACCCTGTACTGATGGGACCTTAAAGACTCTGCTTTTCCACGTAGTATACAGACATCTACCTTCGACGCCCAACAGGCCATGAGGTCCTAACCAGGCTTGGAGGATGGCGAACTGTCGTACGATCCATTAAGTCTCCCGGCATTACGAACATCACACCCGGCCAGGCACTTCTACTTGTCAAACGCCCGAGACACATTCGT,701,48.64,Caenorhabditis elegans
SEQ_478924,GCGTGTCTTGCCTCAGCTCGGGTGAGAGATACCAATGTATGCCAATCTGTGGACTTTGGGGACATCACCGTGTAATGGAGGTTCGTACGCGAGAGTACATGTTGAGGGAGATGTGGTTTGGTGAATATACCTGAATTTTGACAATTATGAGGCCGTTCATCAGCTCCAACTGATTATGAGAAAAGGGTCCAAAGTACATCGTGCAAATCGCTCTATCGCGTTTCGTCGGGCTAGGATGTCCTGTCTTACGCGCGGGTGATCAGCACGATGCTGGGGTGTCCCGATGTGTACTACTTAATGTAGTGGATTAATGTTATAGTACACGAGCTTTAAAGCGGGTGGACACTAATAACAAATGGGCAAGCAAAAGACTCGAAGGCATCAGAAATAAGGAATGATTCCAGTGCCAAGGGCTTACAGAACGTACGCCCTTCTTAAGCGAGGGGATGCTCACCGAAGTCCACACACGGCTAGTCGTGGATGGGGGTCCCTAGTCAAGTTTAGTGCCAGCTATACGTCCCATGTGGGGGGGGCCGTTATAGAAAATGTGATTCACCACCGCCATAATTGCTATTGTGGAGTAATATGTGGATCGTACACCTACGGACTGTGTTTTCATAAAAGTAAAATCTGCCATTAGGTTTCCAGACCGTTTCAAAGTTATTGCTTATCTAGGGAATGCTTTAGGAGAACTACCGTTGGTTGGGACGTGCATGTGTGCAATACGCACTTATGACCGTTGCACTTCGTTCC,753,47.41,Drosophila melanogaster
SEQ_908730,TGATGGTTGTTTCAGGAGGACCCCGATGGAAGCCGGTGCTCAACACTAACTACCGGGGGACTAGGAGCAAAATGAACATGGGCCACGAAATACAAGGATACTGCTAAGGAATAAGCCCCTTGCAATACAGACCGGGGTGCGGTGGGGATTCCCTACTTCATCCAGTTGCAGCCACTATATGGTCACGATTGGACGGATGACAGTGTAGTGTTCCGCTGCGAGTCCGCCGTTAAAAATTATACGACTGGTGGGAAACTCCTTAGTCACGTCTGGGGTCAGTTTTCTACGAGAAGTTAGGTGTTGAGATATTACCCTCCTCGGCCACATTATCATAAGAAGTGACATCACTATTCATTCTGGTGATGCGCCGCGGACTGTTCTTCGTTAACTTGGGGATCTCTTGATCTTAGCTGACGCAGCGACTGTTCCCAAATCCAAAAATACACAGTTGAACCAGTCTAAGTCTGGCGTATCGTGGAAGATCCAAAATCATACGCTCAGATCGATCGAGTCCTACCCTATGCTCCGTTATCATCGTGTTGATACAGTAGGCGGATGCTGGATGGTGCCAAGGATGGACCGCACCCGACGGTGTACTATGTTTCACATTTTAGCGCCTCCAACGCAAGAAAGATAGGTATGCTCGATTGCATCTACAAGCTGTCTCGTGAACCCTATCCGTAGGATCGGATGGAGGACTTTAGCTTTTAACATTGAATGATGTCGAGATCACAGCGTTGTGGGGGTATGAGGCTAAATCCAGGGATGCAACGGGACCAGCTTAGTGCATACATCGAAGATCCCTCTTAACCTGCAAACGGGGTCTCGACCTCGGATGATTAACGTC,847,49.11,Escherichia coli
SEQ_385241,AATGCCTTTGCAGGCGCTGATCATTACTACTTAAGGCTGATTAGTCCGGATTTCTATGGCTCATGGCGCCGTTGCTACAGCAGACATTTCGGTCTCACTCAGGAAAAAATCGTTACCGTCTTTGGACGTCCTGGCTGCCGATACATACGAGGATACTGTCTTATTCATAGTATTCTCCCGAAGGGACAATAACTTTTTCATTTTCGAACAAATGGACACACGGTTATTTAATAGTGAAACGCCAAGCGAGAGAATTCCAAATTGGTCCTATGACCCATACTTAGTTTCTCCTTAACCGCGTTCTCTTAAAGGATCTTTAGGCCAGGGCCGAACACGTAACGATATGAAGGGGTGTGCTAGAGACGCATTCTGAGGGCCTTCACAAGCGGCCTGGACCGGTATGCAGTGAGGTAACGTAAGACGGGTCACACGCTTGGAGACGCTGTTTGACTTCGGACAAACCCTGTTACGGTTGCTGCGTGGTTACTGGGTGAGACTACTGCTATACATCCCGCTTCGTGCGTAGCGAACGTCGTGGCGCGATCACGCAATCCCGAGCAATAGTCAAGTACGACTATTCATGCCGTTACGACACAGGGTGTTAGGTTGGAGCCAACGCAACATTGCAAATAGTCACTCGCTCGTGGTAAAAGGGGTTAACGGCACAGGTAAAATTTTTCAGGTCACTTTATGCGGACCCCTCGATGTAGAGCGTTCCGAGTACAAGGCTCATCGAGACGCACTCACTGAGAGGCGAAACAACAGGTGCACTACGCCGTAGGCATACGTACGATGAATAGTACGCTTGACCAATTTTGGATAGTCTAACGTCCGAGCACACTAATAGAGAGGACCATAACAGGTCAGCTACAACCATTACGTGTAAGAGTCCTTTATCCGAAGGCATC,908,48.57,Drosophila melanogaster
SEQ_534177,TTTAGGGACGCGAAGGTCGGACCAGCGTCACCCAAACAGCATTGCGTATAGGCCGCCCAATTCGTGCGGCAGCTAGGCTCAATAAAGAACGTTGAAGGTCTCAGAGACTCCGTTATCTTCCCTGGAGCCCCGGAAGAAGTTGGCTCGTCAGCCGAATGCTTTCCGAATTATCTCCAAGTTATCTAGCTGCTAATAAGCAGCGTTAAGGGGTGCGAGGGTAACAGTTATGGTGCAGTGTCCGCTCACCTGTGTCAATAGTATGGGGTGGTTTCTCGGCCAAAGCGACCGACATCGTTGACCATAATAGGCCCCAATTGCTAGATATCCGGGAGAAGAATGTACACCTAGATCGGTTCTTATATTCAGTCTTGGGGATGGATTTCATAGCTCGTGTGTGCGTCTCATAAGGAGCTTTGCTAGTGGACACTCAGGAGAACATTACCTCACTTGGCAAATGCTAATGCACCGGACTGCCACGA,479,50.52,Caenorhabditis elegans
SEQ_246394,CGACCCCAATACAAGCTATCACCCAGTAAACGTGAAATTCGGCAATCCGGCAGATAATCAACAGACGGATTACTGTCTCGCGTAAGTTGATCGACAGTACAGCCTGAGGGGAAGAAAGTTAATGTCTAACTGCTGAGAGCGCGGGACGATCTCCGCGAGTAGACCACCTACTGTCGTCTAAGGAAAATGCCTC,193,49.74,Mus musculus
SEQ_239331,GTTTCCACGGCGCCATTCGTGCGCGAAATGGATCCGCGGAGTTGCAGAAACAGTATCTATTCAACAGATAATGCCATTCTGCCGATCGGTCCTGGTCTGAAATCGTGTCATAGGTAACCTGTTAAAGAGCTGCGACAGCTTTCCATCAGCTTACTGGTCGCACATGGTTATTTTCTGCCACTTCTGAGTTAGAACTGATATCAGGCCCTCGAGTTGCAGACTGTGTCGTGTACATCCAA,239,48.54,Mus musculus
SEQ_618975,ACACTGAAGCTGCTTAAATATAGTCCCGAGCATATAGGGCTCGTGTAACTCGGGCTCCCTATGCCACTAGGTGGTTTGGATCCTGATACAAGAGAGTGGCCGGCACCCAGGAGGGTACTCTACGGATGAGCTAATGTTTTGTCAGTCCGCTGTCAGTGATGGCGTCCACATCAAGGGCAGACTGCGTGCTAGGATTCTCGGCTGCTTTAATCGTCTAATGCAGGTAGCTGGACCCGCCGGGCAAAATTGCACTCTAACTAGCTTGGGGCACTTTGCCGTCTGTCTTTCCATGGATGTCTCTGCTCCAGCTGGGAGAACCAAGACAAGCGGATGTAGGGTCACTCTATATTCCCGGTCCTTTAGGCTCTGCGTCGCTATGGTGGCATCGTGCCAGGGCAAACTCAGCCACTTTAGCCGGGCGCCGTAATTGCCACAGAAAGACGAAACGAAACACTCGCTATCGATACAAGACCCGCGCAGCAGTAAACGGAGCTGTCCCTGTTACGGTAGGCATGAATTACGATCGGCGTGTGCGACCAGGGTGTGACCCTGTCGCAGCGGCGGGATCCTCTACCTGCATAGGCCAGATATTCAGGGTCCGTCGGGTAGTCAGCGTTGTCGAACAGTATACCAACTT,637,54.32,Caenorhabditis elegans
SEQ_138060,GCGGCCCAAGTATGTCCGAGTGCTCGTTCTTGCTCAGGAATGAATTAATGGGATCCCTCACTTCGCTTGCGTGTCCTCTATAAGCCACACTACGTTTGGAGATCAT,106,50.0,Arabidopsis thaliana
SEQ_776678,GTACGGACACTCTAGTCGGACTGGTCTATCTACCGTAATTTTTGTGAAAGTTAATCACGCTCCCGCGCGAATGCTCCTCGAAACAGTTCATCGCCGCGAGCCTTCGGTTCATAAATAGTAAAGCTTGGTACTGAAGTAGATCGCTCGCAGTAGGCACCGGCAGATAATAACGCGCGTTTACTCGCGAGAGGGTTACTCCCCCTATAGTTCAGCATCAGTACAGGCCTTTAACAAACTTCTACGCGATTTCCCTGCTTTCCAATCAACTTTCACGAAAGGTGGAACGCTCCGCTCCTTCTGTATGTCCCAAGGGTGGACAGGCTGAACCTACACCACTCAAATTTGTAGCAGAGCTGTAGTCTAGTTAAACTTCTTAACAGTATCTAGGAATACTAGAACTATACTCAGAGCGACGGAGGTCGGGTCTCATTAGCCAACTGGTAAAAGACATGACTAGGGCGAGATTAGAATTCTGATCCCAATCCGAAACGTAATGCCGTGAGCGCCTGGAGGAGCCGAGACCTGTACCAAGTAAACTCCTTCTTCATCGAACTAGTTCTGGCTGATCACTGAAGTTTGAACGATTATGTACCACAAAGATAAGGTGCCTTCGTGACCGTAACCAGTGCACGAATCAGGTCTTTTCGGTTAGCGGAGAATAACAGAATGCCCCTGTTCGCATAGAAGAAAACGTTTCTGATACATCACCGGTGTGATGGCAGGCAGAGGTGACTGTGTGCCACACGATACCGCGCGGAAGGCTTCCCGCTATAAAGTAGTCTTAACTTTAGCAGCACGGGACTCACATCGTGTACCTTCGAGCCCATGTCCCTATCGGGTATTGCTCGCGCCTAGGCGAGAAGTATGTCAAGCTACCTGCCCGTCTCGTTACGTCGGAGGGAGGTATGACAATTTTTCCCGCAGCGCAAGCGTTGTAAAATACTC,945,48.99,Homo sapiens
SEQ_535804,GGCGTTACTTCTGCCCTTAAGACCCTCGTGGAAAAAGAAGTGCGTACACGGAGGCGAGGCGCTCGGACCATCCACAATTTGAATGCTGCGGACTATCATCAATAGCGGCCGCGCCTGGTACTTATCTCCAGTACAGCGTTCCATCGGCATATTTGGTGGGCAAGTTCGCGAGTTAGACCTTTAATCACCTTTACTCTACTCCCAATGAATGTCGTTAAGGCCTCATATTCCATGATAATTAAAAACTTAAGGAGCATGACGTAGGATACGGTTTGCACAGCAGGGCACCTGCCCCCGCAGACCAGTTCATGGCCGAGAGGACAGTCGACGGAATACATTTGTATTCGTTTTGAAGAGTTACGTCTATTTTGAGGTATCCACGACTTTTCCAGCGATACATCACGCAGGTTGGCATGCACAGGTAGGCACCAAAAGTGGCTTTCAAAGCTTTAGGCGAACAGATTTCGACATTTAGTCCTAGCTACCCATAATCAAGCTATTTCACAAAAAATTTTCCTGTATACTACTATACGAAATAACACACCGAGTGAAAATTATACATTCATCAGGATACTCGAGTACAATGGAGGGCAGCCTATTCTGTCGTAGTCACGTTGAGCATTTAGCTTCTCCGTGTTTCTATATCGCATGGTCGTTATAGATCCGTTCAGAGGGCCGGTGGGAACTTAGTGAGGTTTCGCTGTACACCAACAAAATCTGTTCCTCTTGGGCGACAGTCAATCGTGTGGTGGATTTACGTCGCACACTTCGCCTCGCTGGTACGGGGTCCCGGCGCGCTCGGATTGAAGGTGGCGGGGGCTCGATAGCAAAGCGTTGGATGCTTTACAGGTAAGGTACATCGCCGAAAGTCCTTAACGTGCCATGCGGCAATATTGAGTGCCCAGGCCTGATACTCAGGGAGCTGCTTACCCAATTTTCATGACCAACAAGCCAAGTTCAAATAAGGTTGTCTTTTACGCCGGACAGTTGTAGACGCTAACAACATCGGCTTAATGCACGCGAGTGCTCCATCGACGGAAACCGCGTAAGAGTCATTTTCTTCGGGGAATAACGATCTACGCGGTGTGCGTGAGGGACTACTTAATATCTCCAATTCGTCAGGAAATGCGGAAATACTCTAGATCGGTGGCCACTGCTCCGACAAAACGCCTGCCTTCAGGTTCTACCCTCCCCAATGCACCATGAAACTGGAAGCCTCGCCAGGACAGCATGCCCATGCACCGAATGCGAAGTCGAATGGGGAAGTACCAAGCAGACTTGGAGCCTAAAGTC,1293,49.11,Arabidopsis thaliana
SEQ_325571,AATGCGCATCTGAACACAAGCCGTGACCCTCCGGACCCCTACTTCTAATCCTACGTTACGCAAGCCAATATCCATGTGTAATATAAACACCGATGAGTGTCAGGCGCTACGTTACCGCTCATTTACATGGTAGCGGTGAGACAAGCAGGACGCAAGAGCCCAAGTTAGCAATTCCCCGTCTTAGCTAGAATCTGCAACAGTGGTGGAGTACCCATATAGCGTATAAATACGCGGGGGTGCGCTCCGCTCCTCACCTGTCACGCCTCTGTTTCCGTAAGAAGGAACGTAGCTTGACGACTCAACTACGGACCATGTTGCTTTCCTGTATCGAGCGCCGTCTCTCCGCAGCGTCTTCCAGCTACGATGGGAATCGCCGCGCTCAAGCCTTTCGTTTGCTCGCTTTCATCAGCCCTCGCGCACCCCCTTCGACGCTGACTACGTATCCCGCCCACGGCCACACATAAGAAAAGACATAAACGAGTGCTAATCCTTAGATTGTCATGCGGGCTAGATATAACGCACAGAGAGCCTTACGCGCTAGTACGGATTCCACATTCTCTTGTTCAGGTAGCTCAGGGAACGACGAATTTTAACACATTGCTGTCACAAAATGGTGAAATCCACTATCCCTGCGTCTTTTAGACCGCTTCAAATACCGCTTATGTGACGCTACCACGTTTTTCCGCCGCCGTCATCCTAAGTCGATCTTTACTAGCGACGCCACATCACCTGCATACAGGGGCTGTGCGGTCGTTGCCGCTATCGAATAAGTACCCTGTCGCTTATGTGATAACTATGATATGACGGACTTCCGGTAGTTCACTAGCGCTCACCGCGCGGACTGGGCGGGGGAAAAGCCGTCGTACCCAACAGTTCTCCTTTTGCGCATCCCGTTTCTCATAGCAGGTTCTAGACCGTCATCTCATAGAGGGCGTGCATCAAAGATTATCCACGGGAACATCTACGAGAGTCTCGGTATATAGGGAATCCACACAACAAAATCACGGCGCTTTCGTCAGGGTCAGGTAACTATAGTGAGCCAGTACCGAAAGCCCGCAGGGTCCCTAGAGCAAACTGTTCTTCCGCTATGGGCTCATACACTAGGACTGAGCTTCTGTTATGGGGCCCACGCTGACTGAACCTACTATTACTCTCAGGATGTGTTGGCCGATGTTGTGTGACTAAGGCGAGAGCTAATTGAACGCGGAAGAATGACGATACGTTCAACGGAAATGTGTTGGACGTCATTACGTTAGCCTTTACCACGCCGATTAGGAAACGATGGCGGCCTTAGCGACCTATCACCCTTCCTAAGCCCTGGGCTGATGGAGAAAAGGGGCACTCCCATGAGACACCCGCTCACCGCTCTGTAGTTCGGTTCCCTCATGGGACTGCCCCTTTGCGTGAAGCTCTTGCCGTGTCCATACACGCCATTAGGACCCCTTCATGCGATCTCGTTTAATCACAGGGTTAACGTTTTGAACGAAAATACCTTCGTGCACCCGTAGAATTAGACCAT,1519,51.55,Mus musculus
SEQ_616742,GTAGATGCAATCGAAACGCCATTTAACTTCCATTACTGCTATTTTCAGGGTGCATATCCGTGAGCCTTTCGATGAAATGCTGTCTAGACATCCTACAGAGGGGGACCATGAATAATACCAAACCCTTCTATGAAAATCACCAACGTAGCACATGGAGCACAGCAGGTAGGAATAATTACCGAACCCGGCATGGAAGGATCAAATAGCGCGACCAGGCCTGCTGGCATGGCTGCTTGAAAAGCTATTCACACGTACCACACGATCCAGAGTGGCATCCCGCGAGTCGATGCAG,292,48.63,Saccharomyces cerevisiae
SEQ_191936,AAAGCAAAGTGTTACGCACTGCTTCCGAATGGCAAGATTGTCGTTAGGATACGGCGTAACTAACCACTGAAAGGTCATGATCGATCCCCGGGCTTGGGCGGGGTTCTGCACATCAGTCCCTGTGCGAGTTTACTGTTTAAACCAACCGGGATCGAACGAAAAGGATGCTTTTGTTCAGCAAGATCTGCGAACCGCGACTTCAAGTTTCGCAGGTTGACTCAAAAAGGGCTCCATAAGACGAGATCCCGACTTCTTACAAGTTAGCTGATTCAGCTACCGAGGTAGGGAGTGTCCCTGTTCGATCGGTCTTTGATCTCGCACATCATTATACGTATCTTGGGCCATTTATATTTCAAATAGCGGAATGAACCCATGTTTTGAACAGATGCCACCACACGAGAGCCCACAGCTTTATACGCGAGCCACAAAATTATGTTGCGTGACTTAAACGAAATGCCACGTGGCCTACGGCAGAAAAGGGCGTTCGACTGTTTCGCTCAATCATGGAGCGTCCCAGCGCATCTAAGAGGACGATTAAGTGGAAACACATCGAGCCAATTTCCAGCAGCTCCGATGGGGTACCACTTGCTAGCGCGAGCGCGTAGAGTCGTCCGGACCCTAGGGAGGGTATTCATACGACTGCGAGTGTGGAGTCCCTATGGGCAACCGGAACTCACTTACATGACGGCAGCTATACTACTTAACAAACCGCCCGCTTCGATCCGGTGGCCCTGACCTCCCGGCAGAAATGTAGTCGAATACACGTGCTGTCCAAGTCATTTTCAAAACCTTGGCTCCAGCACCCTGTCGGTGATGGTTCGAGCTTCACTCATTTGTAGGTATCCTCGTAACTACGCAGTGTATCATAACTCTCGGTGGTAGAAGTCGAGGGTTAGAGAGCTCAAAGGGCTTCACGACGATAATTTACGCATGATCTCCGTCATCTGACGCCTAGGGCTGCAGTAAGCTGGGGGTTTAATAATTAGCCCATACTGTACTGGATGGCAATGCCACACGTCTAGGCCTTGACTACCGCTCCCTAAGTATCCTTATTGACCGAGGAATAACCGTCCTAGTAGCTCCCTGTAGGAAGTTTTAACGCGGAGATATCGTCACTCCCCTGCGGGTTCGTGGAGCCTTGAGGGTGCCTAACATGGTTCGTTAGACCGGGACAAGGAAGCAACGTCCCAGGTGTTCTAACATGGACGGAATGCACAACGGCTTAAAACCTACTAGATAAGTAATTCCGCACTGTGGAAAGTACGGAGTACCGATTGCGGGAACGGTGTAAGACGGAATGTGATCTTTATGCAGCCAGGTCAAGGCTATAATCAAGCATAACTTGCGGTTGTCGGTTGGTTCTAGTGGAAGAAAGCCGCGACGTGTTCGCTCAACACTGT,1400,50.21,Mus musculus
SEQ_980298,AAGTCGGCAAATGCTGGATGGATTAAGAGTCTACTCGCAAAAATAGAGGGTAAATCTAAAAGTTTTCTCCGCCATCAGTAGCAAGGATTACGGTGGGATATCTAGCTTAGCGCCACGACCCAATGTTTACCTAGCTAAACTGTTGGTTATGAGTTCAGCAGCCTTGGAGCGCTAGCGGTGATGAAAAACTCAATAAACGTAAACACGGGCTGACAGGGCCGCATCCCCTCCACATTGCTCGGGAAATGCAGTCTGGAAGAATTAATATCAATGCAATTCGATATTTTAAAATAGCAATCTCCAGAGTTCCGAGTAGCCTAGCCCAGTGTAACAACTTTTACCTAGATCCTGATTGAACGCGGTCTCTGAAGAATAATTCCGTTTTGCCTCGGTCTCGGACTTTTATTCAGGAACAATTCCGTTAAACCGCCCACTACCCCTCCGTATTATACGGATCGTTTGCCTCACTGCCACTCACTCTCCGTAGCGGGGTGACCAGTACTTGTCGGCGACCAAGTTGTCAAAAGAGTGTAT,534,46.07,Homo sapiens
SEQ_732112,CTACACCGTACGAGTCCTTTTGGCGCCCCTTGTTGCACGATGTCGCATGTGAAGACGAATGTGATTAGAGGTTATCTTAGTACTGAACACACACATTTGTGGGTTGCTAGCAATGGTGAGTAGCGTGACTCTATTCACCATTAATACTGATTTTTCCCGGTAGGCGACACAACTACTCTATATGTGATTAAGAACGGAGACCTTTGATCAAGTGCAATGGACGCGCGCGCTGCACTTACGCACCAAAGGGAAGGGTCGACCAAAAGAAATACTCCTCCCTGTAAAGCTCCGTCATGACGATTCTACCTGACATTAGGTGGTGAGAGGGCCAGTTGAACCTTGCCATTGAGGTCTTTCCGCCCTCCTTCGACGCGAGGCTAG,381,49.08,Saccharomyces cerevisiae
SEQ_389186,CCTCCGGCCGCCATAAGGCCTTGTCCCTTGTAATCTAACACACACCTAAGGATAGTGATAAAACGGAAGTGTTTACGTCGAAACCGATCTACAGAACGGAGTTCGGTGTCCACGAGTCGACGAGAACTATGTAAATGTTGGAGTAGCCCTATACCTTCGGGGTGATCCGACGGCCCAACGTAACAATGGGATCCCTCGTATAACTTAACGATCCACTAGCTCGCATTGGCACCCCCTTCACTGATACCATGCTCTACTTGCCAGGTAAGTATAAGTTGTTATCACGCACACGCGAGAATACTAGCGGGTATAGAGGTGCCGTTAGCCCACAAGGTGCGTGCCAGACTCAATCCCCCCTAACACCCGTGTACCATAGATTAAGTCACGGTCTCGAGATTGGGATCTCCTTGCATACTGCTGGGACGCGCTCCTGAATATAAGCTCCCTCGTCAAGGTTGGTGGAGGACGACCACAACTGCAATGATATATCCGCAGGGCATAGGAGGGCCAGTCTGAGGGTAAGGCTTGTTATTAAGTCGTTAATAACAATTTTCGCACAGAGTCGCCGGCCTTGCCTCGTTATCGGTTGCGACTTGCAAGCGAGGAATCATCATGCATTCACTTCGGTCGGAGGGATTCAGCGTCGAGGCCTACTTCGCGTACACTGACTAAGCGCATCCCGGCGCTAATTATGGCGGCCACAGACTGCCGACGTGGTGGTTCCCGCCGAGGAACCCTTAATAGGATGATCGTTCACGGCCAATTAGGACCGCGTCGGAATATCGGCGATCAGTTAAGGGTGCTGACCGTGGTAGTTCGTGAATGAGGTGTTCTAATATACCATGTAACCCGGTTGGGCTCA,862,51.97,Arabidopsis thaliana
SEQ_531721,CTGAATGGACATTCAACAGAGTATCTCCAGCCGCCACGATCGTACTGCTACGATGAATGACAAGTTCCTCAGCTCCCTTCTCCGATGGCAGTGTAATTTATAATGCCCCTTCCTGAAAAGGTTTGTAACTCGCCATCTTTTTATCTGCTGGCGACGGCCAAACCGGAATATTGGGACAGGCTGGGATCTCGTAGAGCTAGATTCTAACGGGCCGTGGCGCAACTTTCTGAATATCAGGACATCCAAGTCCCAATCGCTGGCCTGACCAGAGTAGAAACACATACAATGAAAAGTAAAACCGTTACTCCTGACGCCATCATCATGCTAGGTCTCAGGGCAAAGGAGGAATAAAAAACGAGCCGCGCGTGCAATGCTTGGCCGAGATGTGAATTAGTCCGCAATATGGCCGTCAAGAAGGTATTTTCCACAGGAATGGACCAACTGAGGTCGCAGATGGAGGTGTGGTGCCTGGCGACTTCGTAGAAAACGTGCCATTACTACTGCACTGGAAAATTTGCGACGCAAAGTCTTTTCAGCTTGGGGATGACGTCATAAATAAACTCTTGTTGAGTTCGGCTACGGTCATAGCGGCTTAGCTCGTTATAATTTTCGTCCTTGTAGCGAAGGTGCTACCTTCTTAACGCAAGCTCTAAAGGTCGGTTTACTCCCCTTTAAGAGTACACGTTGACCAGAATAGTGGCTGGCGAAGCTTAAGAGGTTGTATTTTGGCACGACCCTGCTTCGGTCCGTGTGACGCAGTTGGGAGGCCTTGATTATGCCGAAGCGCTGCACCTCGATAACAGACAGTCCCCTTAAGACAGACGCATGCACTTAGGAGAGGTGTCCTTTACTACAAGAAGACTCTTACACCGCGAAGGTCCCGTCGGGGATTAAGTCTTCCTTTCCAAGAGGCTTCCTCACCATTTTCGCCTCCCCATACAATCAACGGGAACCGTCGGGGCCTTCGTACCATACTCATAGCGGCATGATCTGATGTGGAAATGCGGGGTAGTAGGGTAGGGCTCAGGCGATTATGAAAAAGGGCGAGCTTCTTGCATCGGGTGCTCTGCAGCTACTATGCGTGCCCGCTACTCTGGCGGCTGTGCAGAGTTCGTGCATGAGGGGCGGTTAATATCTAGACATGCTATCTCCGCGTCCGCTTACATCATAAATCTTAAATGGCCTGTTCACCGATGGTCCCCAGAGACTACTGGGTAACTATACGCAAGCCCTCCGCTAACTTCCTTACATGACGTGGAGGCTAACAATCTCATAGAGTGACCAACCATAGGTACCGACCCCCACACTGCCCTGCTCCTCCTCCAGCATAAGCTTAGTGATTATAAACTTTAGGGATCTGTAATGCTTCCCGAGGTAAATGACCGTCCCGTACTGTGTAGTTCTTGGCTAGCCCCGAGAGAGCAGCAACGTCAGGATAAGCGGCCTTTAAAACAACAGGCACATGTAGGGTTATGTTAAATGATGCACGGCTCCGTTGCAATGCTCATGAGCGTAAGTATACAACCGGCATGCGTTTCGGTCTCTACCATCGGTACCTACTTTCGGCCAGATTCGAGTGATCAATGGATACTCTAAAACTATTTTCTAGCCTCTCTCTGCATTGTGACTCCCTCGACTCTCCCATAAGACTTAAAAGATCTTGCGCGCTTGTCCACTAATAAAGAAAATCA,1691,49.38,Mus musculus
SEQ_183681,AAAATTAAAGTAAGGACTGTGCGTCTCCCTCGTAAAATCCCAAAGCAGGACGAATCAAGCCCCCGGATGTTCAAAGAAGACAGTGTGGTCATAAGGCAGAAAAGCTACGAAACGTCCACTAAATCGCAGCGCTTCCATTGAAAGAGACTGGGCGAAAAGCTTTAAAACAATCAAGTCGTTTTGTTCGGGAGCGGGAAGCACGGGTACCTGCATACGACTGGACTGTCGAGAAACTGTGTGGTCCCCGTTGGTGCATCAACGGATACATTAGCACGTTAGTCCGCGGGTAGGGTGTGAAACGTGTACAGAAGACCTTTTTACATTACCCATCGAGCGGAAGCAAACACACGCACAGCTCGTTTAGTTACCTCTGGCCGACAGAGTACCCCGACGGTTCCGACAAAGGTCCCTGTACACATATCACTGGCGAACCCCCTGGGAGCCTTCCTTCCTATCTATCTCTCAATAAGGAAGGCGCTCCTAGCCCTAGTGCGCGGATCACAGTCGGTAGTGTCAGACCCCGTTTCGGCCGAAATTAAGATCGACCTCACTAACATTCGTATTATCCAGTTAGCCACGGGCTCAGTAGTAATCTTATTACACACAGTGAAAGATCGCAGTTGACCCTGCGGGCAGCCGGCCTAATTAAGGTACTAAACAGAGACTTCGACTCCGCGTAAAAGTTTGTGCTACAGGGGCGGGCTTTTAGATTCCAGTGTGCTCAGGACGCCCAGAACTTAAACGCCACCGCATGGAGTTATGTAGATGAAGTGCTACGATCCGCTCAGCTACAGGGGTCTTAGGCTTATAATTAAGGTACTGCATTTCAGACATAAGTGCTGGTATCTTATATCGTATTGGATGTCGCACCTGACGACTGGCGGCCCTCGACCGGGTGGTAGACTCAAACTTCACTACTCCGATACCAATAGACCGGGTATAGGGAAAATGTACACGTTGGCGATAACGTGAGGGGCCCTTAATCACTTCGCGGTACTTCACGATTTAAGGATTGTGGCGCTCGGTCGTTCAAATCCTCGCTCCCTTGGTATGTTGCCTTAAGAGTCACGGGTCGCTCCCCTCGTGTCGATTCGCTGCTTTGAAGAGATCTGACCTCGTCCTAGC,1125,50.4,Drosophila melanogaster
SEQ_961365,CTGCTAAACGCGTTGCTAGGACCCCCCCCAAATTGTCCGTGAAACTTTTACACTGGATTGCCCAATGGTCTCTCCACGGTAAACGCCATGCGGCAATCCCACGCCGCTCGTAACCATGTCTACACTTATTAGCTATCTCGACAAGCTGG,149,52.35,Caenorhabditis elegans
SEQ_867933,AAACACCCGTACCTTGGAAAGTCTACGTTAGCTGGACTATTTGAAACAGGTCTCAGGGGTTATGGTACTACATCCGATGAATAAATGTTCACATAGGGACAAAACTCTACAACTATTTATGGTCGTAGTCCACATGGTAGTTATACCCTGGCCAGTGCCGGATCAAGCGAGTGACATGTAAGCCGAGTGGGAATCTATGTCAGGTCTCTTACGACCTTGGGGTCCCAGACATGCACCTTCAAAAAACTTAGCGTCCCGGCGTCAGCACTCAGCAATTCGCGGCAGATTGTACACGGCCTCCAAGAAAGTCCATCTGAGTCAGGAGATAGATATATTTTCACGGCCGTCGTCACTCTGATCGGTGAGGAGTGGCTAAAAACACATTGGACCTGACGCCGGCCTCTTTTGGCTGATAGGTTACCGCCGAGAGTCTAGTCCCATACGTGATAAACTAATGCACCGTTGCCACCAATTGTGTTGGCCGGGTCCCTCGGATAACCTAAGCCTCTCGGCATCACAGCTGTTCTAATGTGTGTTTTAGACAGCTTCAGGTAGCTGTCTCAAGTTCCTCGGGCCCGTGAGGCCGTTTAGCTGCCTGCCATCTCGCCAAAGGAAGAATGGACACAATTATCCCCATACGGGTCGGTCGCTGGCCCAGCGTTTGCTAGAGTGTTCGGGCTTTGAACCGCACTCGCTCTGACTGCGATGGTGACATCGGGCTAGGGCTTGGGTGTAAGTATCCTGCGGAGGATTCCAATATTAATATCCAGCGTTGCACAAATCCAAAACCCTATCTCTCCTTAAATTTACACTACGCCAGGGCCGCGTATGATTCAAGTGTGTATATCTGGGCCCCAGAATGGGGATCCGCACCGACTTCAATTAGACCCGGTCCCTAAGCCCTCCGTGGGGCCTATTTGCGCATTGTTCTGCTCCATCACGGGCTAAGCGCTGGACGTGCCGTAATAGTAGTCATACACTGCTCTGTGTCAAGTGAGTAGCCCAGTAACACCCACCTCTCATCCCTCTCAACAGGGCGCGATCGTCGGGGCTATTTCCGGGAAGTTAATTTCTGATGCGCATCTTGCGGCTTGGACACGGGGACACATAGATGGGCCTGGAGTGTCAAAATGAAAATCTCTCATCTTGCAGAGGGTATTTCATACTGCGGAGGGTGTCAAAAGTTTGTCCGGGGGCTGGCGCCAGATGCCTAGCAGAACGCTTTTCGTGAGGATACTGACTCGGTACAGCA,1252,51.52,Mus musculus
SEQ_489204,GTCCTCTGCAGACGAGTTATCGTCGTTTAAAGTGTGTCTATGTAAAAGTTGCCTAAGGGGAAAAATTACGTTAGGAGGTGGACGTTGAGGCAAGCTTAGTTACGTAGTGCCTTGAGCGCGCGGATGAGGTCCCTCCTAGCACACGGATCCAGTAAACCACGCAACAGCCAAGTAGGTTCATGCAAATACTGGCTATCGCCACGGCACGGGATGGAACCCAAATCATCTATAAACTGTAATGGGATCAGCTGGTGTCAACGATAGAAATTATAAGGACTGTGGGTATAAACGGATAAGTTAAAGCACGTTCGATCCACGATCGACGACAAGAAGACTGGCTTTAAAGCGGTATTCGTGTCGGGATCTGGCCGAATTCTCAGCTGGACGGTCTTAACCTCAGTGTGCGAGTACCTTGTTCGACGTACCGCGTAGCGCGCAAAGCCGCAACGACATATTCGGTCCTCGTCGTAACTCGTCCTCGCATCACAGATCCACCCTGGATGACTTTCCCAGAGGCTGAACTTACGGCACCGGCACCATTGTCGATTGAAAAACTGCCGTATCTAAGCGACGCTGTTGACGCAGGCACAGCCACGCCGCTGCGGTTTTGATCGGGTCAAGTGGGCCTGGCACCAGGAGGCCTGGGCCTGCGGGGTGACCTACATCATAAGCCTAACAAAGAATAGCAGCTCAGTAACATAGTCCTTAATAGGCGCTCGATAGGAATGTTTCAAGTGTCTTATAGCATGGCTTTCCCCGTATTCTGTCAGACTCACGATAGTTTTGAAGGTTTAAGGCACGTTTTGCTCAGCCCGTATGTATTAAAGCGACTCGGGATACTACAAATGGGAGTACCGCCTTTAGTGCTGATTGTTAAGCGAATGAATAAGGATTGAGACGTCTCTCGCGTGGATGATACTCAGCTTCGGATGTCATTTACAAGGCCTATGAATTCCGGCTTTTACCATAGCA,972,49.49,Drosophila melanogaster
SEQ_542243,GCGTCCTGGGCTCCCTTCTCTGCATTGAATTTTCTTCTTTTGGCCGCGCTATCCAGGCCGGTCATCGCTGGGCTCTGTAATGGAGAAAGTCATAATCGGATGCGTTTGTGAAACTGTCTGCCATCTCTACTTACACCGCGTGATACTCGATCGAAGAGATGCTTCGGGAAGGTTCCGTACGCTTTCACCCCCAGCATCACTTAACAGGGGTCACTTTGAACATTTTTGCAATTCCGCCAAATTCTGCGGGAACTCATCGTTCACGGAGCGCAAACCCTGCTAGTTTGTAAGGTGTAATTTAGGGGGCGCCGCACGTAGCACGGATACAAGCAGATTTCGGCTCTTCCACGGATCGCGCCATCACCCGTCGGCAAAGTAATACCATACAGCGTGAAAACTCCCTCTTCGACATTCGGGCGCTTTAATCGGGGTTCCGCTAAGGCGATATACATAAGAGTTGCTTGGACAGTAGGTGCCTTGGTTTAGAATGCATTATGGCCATTGGCTGCGGGCAAGCTCCCACACACGTACCCGTGATATCAGTAACCACGAGTGATCAGGACAACCAAAGTCCCCACATGGTCCCCTGACGGGGAGGAGTACTTAGCACCACTCCTGTGCGTACCTTCCCATGTGTCAAGCGGTGCTGGTAGCCGTCTGGTCTGACTGACTGCGGGCCCTTACTCGGACCCAGTCACTTGCACAAAAATTCGCTAGGCTTCACCAGACTCAGACTGGATCCAGGATCGGTCATACGCGTACGGATGCAGCAAGTCGAATTTGCCATAATCCATGACCATAGGAATTTTATGAGAGGGCCGTAGGTAGCAAGCGTTTATGACCTACCACGAATCTGATCTTGTCAATGGTCCGTGATATGGGCTGAGTAGGGGCCTGAAATGCTTATCTTGCCCCACTTTCTATTGGAAGCTCAAGGTACAAGGGCGTGCCCGTTTTCTGGCGAAATGGTGACACGCCCGTAATAAATCACATTGCGGTTACAGCCTGAAACTGGAACGGTATTGGAACTGGCATCAGCACTGGCTCTCAGGATTACAGAAATCACACGAGGGCTCGCCTTTATATGGGAAGTTCAGGCAATGGCGCGCCAAGGTATAAATGCCGCTCCTTATCCCAGTCAGTCCGGAGTGAATTCCGGTCAACTAACTTATGCCAGTGCTATCGCCACTCTTACTACGCGTTCGTACGGTGTCCAGAATCGTCCATCTTATCAACTAGTTCACTGACCGTGGAAAAAGAGTATGCGTTTGTCTCGACATAACCCTGGGAAGGGTTGGGTAATTCCGTAAACCAGAATGCCTGGAGCACCAAAACGTTCATTGCAATGTGAGCGACGGTATAGAAAGCCCTGG,1373,51.13,Mus musculus
SEQ_293178,TCCGGCAAAACGCCACGAAGTCGTCACATGTTACGTTCACTTACAACGACGAGCGGACTCTCCTCCCCGAAACACAAGTTTGGCGAAGGACGAGATCTTCAACGAAAGGAGTCGGCGTGAGATCGAGTACGGCGGCTATTTATCTCGCTGTCGGAGCTATCACCCAGCTGTGGACCGATAGGTAGACCCATGCATTGACCCCCTTACGTCGACCATTCTTATAACTGTCGGGGCATTCAGCAGGTAAAGGGCCCGAGGATCTCAAGAACTAACCGCGTCACTGCTTGAAACTATTTCGGATGAACAGCGGGTACACCCTCATGACAAAGAGGGCCTACGACGTGTAGAACACCTCAAACTTTAGTGGGCCGGGTACTGGTGAAGTGCTATCTCTTGAGTTTTACCTTTGCTGGAGCTTTACTTCAGCTCAGACGACTCCCCAGAGCAGTCTCCTCAAACATGCCTCTTCCAACGTCTCCTTATCATAGCCACCGTCGCTCCACGCATGGCTGACTCCAATCATTGAGGCAAAAATTTGGAGTGTGTGTTAGGTTTTAGTCAGCTAGCTAAGAGCAATTTCTTCTCGTCTCTTGCAAAATGGGGTCCGCCTTCATATGGTACCTGTTAGGAGCTTATCTCCAGGGACTAAACGAATGTACACCTCTGAGGCACGGTGTTGGCCGAGCAAGTGAGACTCCTGTCGTTACTCATTAATGTAGGAGAGTCGGTCGAGATCTGGGATGGTCTACACTCGGTCGGGGCAGTTCGAGGTGACGAAGGGATTTGCCGGATGAAATCTGCGGTCAACATTGAAAGACCACGTACTCTTTAGTATTCACGCGTGAACAGGGGCTAGATCTACCCAGGCTACGAGCATGGTTTTCTTCTACCCTAATGAAGTGCGCGATACCGATCATGCGGTGATGTCGATCGAGTCGCCTTGTGTACTTACACCGTCTAAGTGTGGAATTTGTCGCAGCACCTACGCGACCAAACTCTGCGAATCGCTACTGTGCACCTCCTGACTTGGTACTGGTGGGGTCCAAACCATTCACAACTTGCATTTCCGCATCGTGTGCGTAATCAATTTGAGGTGCTTCGGCCTGCTGGATTATTGCGTTGCTCACATTTCATAGACGCTTTGAGTCGGTGGTGGGCGAACCGTCCAACCGTACGTGGGCATTTTTCTTGCTGTACAAGGCTATGACGATTAGATGCCAGATTTCCGTATCTAAGCGGATTTCGTCGCCTTTTGCACCCCTCGCTCTGCGCTCCCTGGCCTCCTC,1286,51.24,Drosophila melanogaster
SEQ_721475,TAAAGTACTCCAACTGTTCTACCCGCCGACGCACATGTAGCTAGCCCCTTCCTTCACAGCTGGCCAGATTGGTGCTGAACCGGAGGAATGGTAATTAAGCTAGCGAAATCACTACAACTATTAACACGCCTCAGTCAAGATGTACCTAGCCTCAAGATGGTTATGGGCTACGACTACACAGCACAGACTCAAGATCATTAATGAGCATTTGTTGTAGATGTTACTGTATTACAACAGTAGGAGTATGACATGCAAGATCCAATACTGAACGCTAAGATTTTTAGACCACCAGATAATAGGGGGCTGCGACGACTTGATGTGCGTAGTTTCCAGGACAGAGCCACGTCTCACCGTAGACGCCGATCCCCGCCTTTGGGCCGGAATGTACGCTCAAGACACGACAACCGCACACGACATAATTGGACAGTCAGGCTGGGGTGATGCACAGGTAACAGCGTAGGTGAATACCTCCACCCATATGCCCCTGGGTATTAATGCGCTGGTAGGTTTTAGATACATTCCAGTCCGTAAGCC,534,48.69,Saccharomyces cerevisiae
SEQ_939485,ATCATCAACCCCGCTTCGGAGCTGCTTCGGTAATGGGGGATATGTCATTCTCCAAGCGTTTACAAAACCATGTGAAGAAATAGATCATTCCTATACTAGGGGCTACCACCCGGCCCAATCTAAGAGAAGCTCCAGTCCCACGTGTACCCACTACCTTGCTCGCCGAGACTCTCTGGCAGGATTACCAGTAACATGCACCGTCGGTTGTCTCAATCAAGATAAACCGTAACAAAAATCCCTGGACCTCACCGGGGAGGGAACAGTCCGCTCTGGAATTTAACCACTCGGCTCGTAGTCTACCTACGTCAGCTTATGGTCGACACTTTTAAGACATGCGTGGCTCGCCCATCAGAGGACTACAGTTGCCATCCTTCTTCCTGCGTTAGGGTCTCCGCCCTTCACCGGTCGACTTTGGATGGAGTTGCATTTGACCCAAACGTGCGACGCCTACTGTTGGATACATGGGGTACAAGACCGATCCTGGATGTATTAGTTTCGTCCGCTGCATCCAGCTCAGGCGCCTTGTTGCGGTGCATCGACGTATGATAACAACTATTAGCACAGCTGGTGGCTTGCGCCACAAAGCATGGTTATCGCGCTGATTGAAGGCTTCTACGTCCCATAAGATGACTAGAACCCCGAGGTGACCAGCGGAATTTCCAAGGTCTCCACCTGCATGGAGTATCGGGCCCATTAACTGCGAAGTTCCGCAACGAGACGCATACAAATCGCGTCGGTCTGTAACTGAAAAAACTCAAGACCGACAGCCCCATGCCTCCATCTCATGCTCTAGCCGAGGGGCCATGTGAGCGTTATTTGTGCTCATTTCATACAGGGTGACTCTGGATCTCGCGGCGAATCAATCCAACAACATTGCTTGCAGATCCTTTTTAGTGCCGTCGGATGCTATGCAATTATCTTAACGTGTTTGCTTTTACCCTTAGCCATTCCCCATCCCTCATTTTGGTCGATGCCTGGGCAGATTTGGACTGGTGTCAGGAGCCCACCGGACCTTCCGTTTGCAAAGTCCTTACACGCCACTTCATTTTACCCTACGCTTATGTCGAGCTCCTATCGCTGAAGGTACTTTCTGGGGCTTGGAAACACTCTTTCCCAGCACTGAGTAATATGTCTTGTGGCTATTACATGCATTGTCGTCAAGCGATTTCGCATCATACCGGTACCCAAATTTGTCCCGCCAAGTCTAAGCGGTATTTCCCGCCAGACTCGTTTAAATGACGGAATAATGGCGTTATATGCGCTACCTACATAGTACCCATCATGGATTGTCCAAATTGAATAAGGGAATGTGGAGGGTAAGGTTTAATTATCAGGCCTTTTCTGGACCCTACCTTTGAAACGTATGGCCTCTCGTCAATCCGAATTAGGGAACGTGCTCGTGCAAAACCCCGCTGTGCACGGTACTTGAGGACAAATGGGCAAAAAAAGGGCACTGGGCACTGTGGGATTAAGGGGCGCGTAAGCTCTTGCAAACTTCAATCTCATTTGGATCTTGTAGAGGATAACTGCACTTATCACAAGTTTACAGTTGGCCAAAAGTCGTTCGCTC,1570,49.68,Homo sapiens
SEQ_127710,CGATCAAAACAGCGGATACACGAGAATACGGGTCAAGCCATGAATTCCTGGCACCACTTGAACTTAAAGGCGGAAAAGCCGGACAATTCAGCTCCGATGTTGCTATATTTTTTCGAGGACTGCTCATCGCGCAGCATCTCCCGAGAGTATAGCGGCCCAATCCGCCCATTACAAACGTCCCCGAATCGTGTGCCTTGTCATATTCCATCCCAACGGCAATCATACATTCACGCACCTTGTTGCACTTGTCGGTAAGCAGATTTGAGACTCGATCAAGAAAATTCAGGTGAAAGAGTTATGTAGTCCGAATAGGTTAGGCGATTGAATGGCCACCTTAGGCCCTCCCCTATAGGTCCTGGAAATGAGCTCGAGGTAATCAATCCAATACGATCAACAAGACCCAGTAACCCACATTTTAGGTGGTTATAAAGGCAAAGACCCGCCTATTTGTATCCGCTCCTTTCTATTCGTCGGGGCCAGGATACGAGGCCTAGAGAGCGTACATGACAGACGAGGCCGTCACTACATTATAGCTTTCACCTGTCGAACTCTCTAGAACGTCAGATAGGTCGTTAACTTCGTTGCCATACCGCCAACACAGATAGCTTAAATTAGCGCGAGACCGGTTTTAGATGTGTGTGTTATGACAGCGCCTGATCGTTGTGCTGAACATAGCCTTGGAAGGGGGTGCTGTTTTTCTCGCCCCAAGGCAGA,714,48.6,Caenorhabditis elegans
SEQ_309621,AATGGCGAAGAGCATAATTGCCAAGGATTAACTTGAGCCCACCAATCAGACGAGCACTTCCTGCATCGTTCCTTGAAGCAAATTAAAGGCCGGAATTCCCTCTTTGGTTGGTCACACACTTGAACATCAGATAGGCAATAAAGGGGTAACCCAGGGATCCGCGGTTGGCGTTAGCGTGGTGGGCGCATCGGTCTCGGGAAGTGACCTGGAAGAATAATCGAACAGAACCTTTGCGGAGCAAACGCGGATTCCCCGCAATGCTGGCTGCAGCATGTGACAGCTAACTATCGATTGCCTTAAAACTTTGCCTATGTACGGCCCTGCATTCAGGTAACTTACGCCCATTTGTTCCGAGATAAGACATACCCATAGACGAGGATCCGGGACCCCCCCTTAGTAGTTCCCTTTCGTCACCTGACTAAGGGCCGGCACCTCGTAGCAAACCCGGAACCTAGGAGTCGCCTAGAATGTGCATTAACCGTTTATATATCCGCATCGTCGGAATTCGCATACCCTCGTAAGAGCTCTAGCCACATCCTAATCTTTTTGTGAGGCCTTCCCTTAGGGTGCTACTGTTGGTGACTTGCTCCTCTATATCGGCATAACCGTTTGCCTTGCGCCTAAACTGACGTTGAATGTGTGGTACCTGATTGGACCTGTCGGTATCATGAGTGGCTAATCCAAAGCACTTGGGATGACGCGAGGGGCGTCAGAACCCGGAGAATGGCTTCACCTGCTACTGTTAATGGCCTGGACGCCATGTTGCCACATTGAGACCCCTAGGTGGGACCTAGGTGAGCAAAAGCGTGTGGTAAACGTCCTAGAACCCAAGAGCTCATCTGAGTAGCCTTCTACATATTATTAACGACATGAGCACACAGGCGTTACGTCCTGTAGGAATCCGTACACTGAACCATCGCGCTCCACTTGCTTCGCTCCCGTAAATCGGCGTCAAAGATAGCCTTCGGAAGTCATCATGTTGAACGTGAAGTCGTCCCAAACTGCTAGTAGAGCCCACAGTTTCCGCCCGGCCTATACGACAGAAGGTTGTGTCCGGTGCCCTTCTTATTTCCTTCACGAGTTTCGAGCACTAATCACGATATCCACCGATGTCTGAGATCACTGCCCTTTCGTGCAAATTCCATACATATAACTTGCAGTGAGCGCTTCGGCTTTTGCGGCCAATCTGGTGTGCAATTACATCTATGTTTTGCTGCTGCTACCGCTGATCTGCATCGTGTCTATCAGGTGGTTGAGGGCCCAACCATGGGGCCTCACAGTAAGGATCACAATTCACCATGGTACGAGGCTTGGTATTTTAAGTGCATAATGACGTACCTTTGTAAGTAGCTAAGGCCCATTCAAATAAACCTACAGGTCGCTGTAACGGTGGTTTACTCGCGCGGCTCTAACAAGAGCAGAGGCACAGTACACTTCACGACGAGGTTAGTTTCTCTTGCGACCACTCGAAGAGTTTTGTCGTACATTCAACGTCTTTGTACCGTTTCGAAGTGACACGCCCGCAGGAGTTTACATGGGAAATTCATAGAAACCGGTCATTTGAGCCCTAGGATTAAAACGAACCGAAGGCAGCTACGGACGCCCCAGAATTCCCCCCCATCATAACCGTGGTCAACTATTAAGAGGCGCGTCAGGAATATACCTGGCTACAGTGAACGAACCCCTGTCCCGGTCTCATCATGAAGGACCTGCTCTAAAGGAGCTTAGGCCGTCCACTCCCTGAAGGAGATGCCTATTGTAAGTTTGTCCCGTCACGTTGGTCGGAGCGGATGTGGCACAGTGGGAGTACGGAGGGTTGCAGTACAAGGGGTTATCGGTCACATGTCGTGTGCGGTAAGTGTTAATATGCACACATTCAAGTGGAATAACATCGAACATAGGGGGGGCTGGACCGGTCGCGACACGCCACGTGTTGAGTATTGCACATGGTCATACGGGG,1960,50.71,Saccharomyces cerevisiae
SEQ_895706,GACTAGGCTTGAGCCGGAAAGTATCGGGCTATCCTAAAGCGCTTGAGGCCTGGTGGCTTGGTTCTTTTCGTTGCCTACACTACTAAACGGCCGCAAAAGCCAGCTTCACTAGCAAACCCGCGGACCTGAGAAATCCTGGCCCATGAGGTCAGTGTCACTGCCATTTCATAACGGGGTTGCATGATCCCAGCTCGCGCTCACCATCACGTGCCGGTTAGGGCGTACGAGCAAAAAGAAAGTTCGGAATAAGTTAGCGCTCTGAGGCCAAACAGTGTACCCCTCCAAGACCACTTTCCAATGAGCGACACAATGAGCAAGTCATTGACCGAAGCCTAGCCCG,340,53.53,Saccharomyces cerevisiae
SEQ_401849,CGAACTCAATACATCGCCTTGCCCCGCAGCTCGTGACATCGTCATGCAATTACTACTGAGATCTGATCTGAAAAGAGTTCCCCCTACTCAGCGTAGTACCACACATTTAGTTACATCCTGGTTTCCATCCCTGACAGAGAACCCAATTCATGAAGTTAAGTCGAGCCACGAACAGGTTATCTCGCCTTTCCGCATTGGGCGTCTTTCTTGTTCTTTGCACACTAAGTGCGCGCCTTGCTGGCACTCTCGTTTAAGCCGACTTACATGTGATGATACAGGCACATGCAGCAATGGGGCGGGGGTAACGCGTACGTGATGAGCACCAATGTAGACTACGAGGAACTGAGATTGCTCTTGTGTGGATAACGTCATAACGAACCTCCCAGACGTATGGAGCACGCCAGCATGATCAGAGCATGGTGCACGTATTCCCAGTCTTGAGGTCACCGCGACAACTACGGCAGTCCACTTTGCGCTCGAGGTTAATATGCCTAGGCGTACGAACCAAAAAAAACTTATTTCAGGCTATTGTCCGGACGCGTCGAAGAGATTTTCGAATCCAGCTTACACCTTCGTATGGGGCTCACTAGCAGGAATCCGGCAATATGCATAGAAAGCATCTGTGGGAAGTCGGGTTCCACCACATTCCAGAAGCTAGACGACACTGTGCGAGTTTTCGAGCATGCCACATCCCCAAATAGTTCTTGAACCTTTCAAGTCTGATAAAGCCTGAGGTGGCCAAGAACATACTCTGTATTCACTCATGCCTACCCACATGTAAAG,783,49.17,Drosophila melanogaster
SEQ_716414,TGTGCTAAGTAAGAATGTGAAAACCATGCGGCGAAAGGGTGGGTTGGGAACTAAACACGTCGTTATGTATCCTGCCGTTAGGGAACCGGTCCCTTTGTCCTCTATTTTGGCCACTACTCGTGGGAATACTCAATTATCCACTCTGGGCCGCGAACTCTGCTCCTCGTAGTATGAGATTTTAATTGACAAGGAGCTCCAGTTGGTTGGGAAGCGACTCTTTTGATCCTGCACGAAGGCTGCAAACGTCTAGTGAGTACGCGACAAGGCTAAGTACTCGAAGGCATGATCGTGTACAGTGGATCGGCTTATAAACCATTACCGGAAGATTGCTGTGATCTATACGGTGGGTTTCTAATACGGGGCCACGCGAAAGGACCTAGCCAAAGGGGCAACCTTATTTAGGGGTAATTTCGATTCTCGTGTCCCGAGTGTTGCTATGGTCGCCGTCAGGTCATGGTCTATAGCTCGAATACCCAAACGGAGATCGGCTTTATCGGAGAATTAGGGGTCCTCCATGCTATCCACGCTCGAATTAAGAGCCAGTGGTGCGCGGCATTCATCACACCTTGCCCGCCGCGGGGACTTGACAGAAGTCCGGACTTAGGTTCCTTAATCTAGGCAGTAAGTTTAGAATGAAGCGTTATTTTAAGGTTTATGAGCACTGCAGCCTCTGACCGCAGTTCCTCTCCTAAGACTATAACGCGGCGGAGTTATTGTTTGATAAAGAACCGACAGGCGCCACCGCGCGATTACTCCTCGTGGAACCGCAGAAGTACAAGACGGCACTAGAGCGACG,796,50.25,Escherichia coli
SEQ_229858,AAAGTTTGGTTAAGTATTTCGAGCATAGTATGAACCCTAGGACGTACCAGCGCCGCTGTACGTATAAATTGGCGGCAGCTGTGGACTGGTTAGCTGTATTACACCTATTAAGGCTTCTGATCCCGGACGGCGTCACTCGCTCCAAACCGTCTGCCAATAGACCTTACGCTAATAAATTTCCCCTAAATCGGAACTTCTACTGTCTTAGTATCTTAGACAGGCACGCAAAGAGCAGCCTGTTATAATTTAAAGAGCGCCCCTTATCGCAGTAACATGAACCGTAATGGCCATCAGGTCATGTGCTAGAGATGCAGTGCTTAAAGCATTACCCCATGGAGGTCTCGTTATGCTGGCGTAGGTTCGACGGGACAGGATAATACAATAGTAACCAAAATATGTCGGCACGCGCGTTGATTAGAGAGTCATCGGCCGAGAATCCCTGAATCTGGCGACTGGTTGAGGAGTTGGATATTATGTGCTGTATGTTGATTGGATGTGATTGCCTCGTATCCCACATTCTGGTCAAACTGAATCGGTCAGATCAAGTGTTATAGATTCTGACTTGGATGACACTCATCCGATAACCCGTGGCAGAAGCCGGTTGACGAAAAAGACCCAGCGTCCATTGCATCGTGCTAGACCGAGTAATCCTATAGTAGCGCTTTCCCGTCCATATATCATTCCCCACCACGCAAGCCGGTGTTAATTTCTGTGATAGTTTACCCGGCCAATTCTGTGCATGTTTCCGAGGGACACAAGACAATGACCGAAGACCCGTATTCCATGGAATATAAAATCCACCACACCGCAGAATTAAACACAAGGGACGGGAGTTCTAGAAGCACGCATCGTCAAAAGCTGTAGACGGTCCCATTGCGCGGATGAACAGTTTCATAGGGCTGCCTGAGCTGCCCGACCCCGTTCATATACAACCGTAAAGTCATTCATAGGAGTGTATAAGCAACCAGGGCACCTCCCCCAGTCCCACTACTAAATTGGCCACTGATATTTGGTGGATGGATCAAGATCTAACGAAGTACCGTTGTTGCCAATCCGGGACGCATATCCAGGTCTTGGGGACCGATATTGAATTGGAGGTATCCATGAGGAAAGCCCATCGCACCATTTTTCGTGCTGAATGTGCAGTGCGAATGTATCCATTGCCAAGCGGCATCACGCCTTACGCGAAATGTTGAGAGTGTCGGACCCGCGGGACGTTCTATCATATCACCACGCGGGCGCAATGTCA,1249,48.52,Homo sapiens
SEQ_785613,GCAAAGAGCTCACGTTCCTAGACCAGCAGACCTTGAGGCCTCCATTATGTGGTGCTGTGGGGCATGAGGACGATAACCGGGCCATTGACGGGGCGCTCAATTGTTGCTTCTGCTTGTCCGCGTTCACACCTGAGTCGTCGGCATATCCGTTAGCATTTTAGGCATCGGATATCTTCCACTTAAAGGCGTGGATCCTCCGAAACGGGGACTTCCAATCTGACGTGTTACGCCGACGCGTCGGAGCCGTACTCGTAGCTACCAAAAGAACAGAAGATG,276,53.99,Caenorhabditis elegans
SEQ_595238,CAAGTCTAAGTCTGATTTGTTATCATAGGTAGTTGTGAATCTAAACTATTGGTACAATTAGTGGCCGCACGAGAGCCTTGCAGCGCATTGCGTTCAACCCTGCTGCTCGGAAAAGCACGCTGGTCTCCAGCCATGGGGACTTTTAGTTTGGGGTAGCCTCAGTGCTGATGGTAGCGAGCATTGACGATCGTACAATTAGTGTCCATGCTAGGCTCTTCACGGTGTGATCTTTCATTCATGAAGATTGTGCACGATGCACAATCGGAGCTTAAGTACAGCCATGAGAGTGGAGGCATTGCCCACGCCGTTGGCTGGTACCGATGTACAGTAGGACAGTGTATAAGACCAACGTAGCGTTGAGTACTACATGCCTTGCCCCTCGTGTGTTGAAGCATTAGATCGACATAACATAGCTGACACGGCAATAGGTAATACGCCAGCGTTAAGCATTTCTATTGCGTTCTTTGCTGTGGACTTCCAAATACATCGAGGCCGAAGGGCCTTACCACATCGCTGTGCTTAATTCGATCTCTTGCTGACGACGGTGGGATCAAGCTGGAGAATTATTTGGCGGTGCTCTTAAGGGCTGTGTCGTATGACGGGCACAGTAGATTACCATATTACTACAATAGCTCGTCTGGAATGTTCGTGTGTAGGAAAATGGTGTGCTGACACGGTTTTGTTGGCGGAACGTTAGGACATGGCTACTACAACCCCTCATACGACAGCAGTAAATCAGAGCATCGTACCATTCCATCTGCCATTTCAAGGCCTTCCTCTGGTGAAATCTCTTAGTCACAACGTTGTTTGGTATATTAATCAGTGAGGTTCTCATTTTC,839,47.32,Homo sapiens
SEQ_547751,CCACTCGGCACGGTCTGCTGAAAGTGAGTAAGGAGGTATCGATGGTTCCATGATCGCAAGCATGTGTGTCCCGTACATAGTCGTAGAACGATCAGCTTATCAAATGCCCTCAGGGCATCTGGCTCGACGACCCCATGAGGATTTTCCCGCTTCCCACTCTTCCCATGGACACACATAAATAACATAAGGACTCTGGGGCTCCCCACCGAACTGGATTCCAATATGGGAAGCCAAGGAGTGTCTTTTTCTTTGTAGCTGGCTAACGACGCCTTCCAATCCGAGGCCGGCGTCGTGCTCTAGAGATGGCGTGGCGCAGTGGCCAGGAACCCTACCAACTGCACACCACCTACGGCCTTAGTTCGCCCCCTACGGTTTATCCCGCGTATGCATTGGTTGAGGTATTACGCAAGGCAGGAAGAGTCTTAGGAAGGCACCCACAGCAACCTTACGCCTACACGCTGGCTGACTTTTGGGTAGCCACTTTGCGAAAATCCTTGATAACATATTGATGGGAATATCGTAGGACGACTGAGCGCACGACTACTGTCCGCTCGGCGCCGTGTGCCAGAACATAGGGAGCCCGGCGTTAGGGTCCAACCTATCATTCATCGTCGCTTTCTAGCCCCACCTGTTACCAGTCTACTTGCACGCAATGCGTCGTTTACGTATCACGGACCAGAGCACGTCGGAGTATTCAAGCGGGTCCGGCTACTGGCCCTTTTAGTGGCTTCGCGGAAATTAGCAGATAATCAACAGTGTGCGAGTCCAATGTGGTCTAGGAGGCTCTCGGTAGTCCCTCACGATGCCCGTGCCAATCATGTATGTTTGGGTCATTTTCACGACGAATGACATTATTATGACCGAAGCCACGCCATATTGCATGGGAATTCCCAGCTGCGATGTTACTCACTTCTATACACCTTATTCATGCTCAATCAAGGACCAGAATATGAAATTGTACAGTGGAGAGAGGGTGCATCAATGGAATCTGGGGCCTACAACCGGTCGGAAGTACGTAGATTGGGCGGCAGGACGGTGTCCGTAACTGTTGTCAGAAAACTGCTTAACGACCGTCACAGGTGCTAACCCTCGGGTTCAGACGTTTTACAGGTAGGACAAGATCTGTCCCCCGCAGGGCCATGGCGACACGATCGAACGAGGGGCGGACGATAATGTATAGAAGAAGAACCCCATGTAACGAGCCGCCCGTGGCAATTCTTTGCAATCCCACGGTCACGGACACGCTAGGGCATCTGACTCGGGCCTGTGAGATCCAATCCATCGTGCCATCCGGCAAGGGGACGGAACAGAATCCCCAGTAACTGTTAGGCGGCCGACTGGGAGTATGGGGTGGCAACCGATCACTGGTCATTTAGTGAATTGAGTCGTTAGGAACGCGGAATATACGGCCGCGTAGCTGGCTCTACTGTGATATAGAATAGAGGCGGGA,1450,53.03,Arabidopsis thaliana
SEQ_910515,ACGGCGATAATCTGCTTGTGTTGTTGGATTAACATGCGCAACGAGTATTTCGAGTAGATCTCATGATAATCCAGCGGATACGGCGAGGCTAGGATCAGATGCTACCCTCCAGACTCGATGAAACTCGGTCAGGACCCGAATCAAAAAAGGCAGTCTTCTACTCCTCGATAATTGGTGTAATTTGCTCCCGAAGTCAGCTCAGACTCAACAGCTACCTTTCCCGAAAGACGCTCTTCCTCGAGTACGAGGACACTCAGTATAAAAATCCCTTCCTAGAGGACTTTAGCACCGCGCACCATTTAGGCCCTTCACATGCCCAGACTGGAGGGACGGAAGCGTCGGACGATAACTGCTATTAGAAATATTCTTTCCATGTATCCGTCACGAATAAGCGCCCGTCCCATTAGCTCGTGTAAACCATTCTTGGTTCACACTTTAAGCCTTCGCCCGGCATAATATGATGGCTGCTCCAAACTAGGTGAATGTCTGCTAAAGGTTACGAGACTCAACATTAGAGTAAAGTGATAAAAACCATCCCCCATACTTAGCTCCGTGTACTTCTACCGCCCTCTAGACTAAATAGTCCTGAGCCTTCATTTTGGGACTG,607,47.28,Drosophila melanogaster
SEQ_583447,ACGACCCTACGTCACTCCTAGGGTAGTAGACGTCCACGGGGACTAAACACCGCACCTCCCCCTAACTGAAAGCGACGACGCGGTACAGAAATGTTTTATTAGACATGGTCACTCGAGAAAACGGGATCACCGTAAGTAACTGGAACGCTAAGTACGAACGAGTTAGAGAGCCAATGCTTGAATCTGGCAATCACCAATTAAACCATCACCAACTTTGTCAACTGTAGGGTCGTAAAAGAACATCCGATCAGCTACATTGTTTTTTGCTCGGTCCGTGCACTTGCGTAAGTTATTTCTGCTCAGTAAGTGTACCTAAAACCCAGCGTATAATTTCTGTTTATAGGATCGACCCCCACGAGGTAGCACAATGTGGGTGACGCATTGGCGTTATTATGGCCTCATGCGCTGAAAGGCACCGAAATGATTTCATGCGTGATGTAGATCTAAAGCTTTGAGCGGACAAAAGCTTTTCCGAAAGGAGACTCCCAGTTGTCCGAAGGGTTTGTCCTAACTGAGAGTAGTGGCCAGGGGTGGTCTGGCCTCCTCTCTCACATTAATGGATGTTTCCATTTGATGGTAATGGGCACAAGGAACCATACATAGTCAAGTCTGAAAAGCTTTGAGACGATCACGCAGCGGGTCTGTACACTGCCGGGTTGTTCCGCTCGTAGGACGCGTCTCGGTTCTTCAGGCCCCATTCTACGGAATGTCTTCACGCTACTCATGAGAGTCAGGGCGGCTTTGAAGTATGCCGCATGTGCACCTATGGAGGGCTCAGGCCAAAATACCTCACGAGGCTTGTCTGTCTCCTCTCCCCGAGGCTTCACCACAAAGATTAGAGCGGAATTCCGAGCCCGGGATAAGTTGCGTACAAACTTGGACGCAGAATGCGTCGTAGTTGGCGACTAGCTGGAAAAAGCCCAAGGCAGTGCAGTAGTCGGGTGTCAGCCCAAACACTATGATTATCAAATGTACTTAAGTTGCCATTCCATCAGTCCGATTGGCCCGTCCGCGCATTATCTAGCGTCCGACTTGCGCGACTCCAACTGGGTCCTCCCTGTAGCAAACGTCCCCGGGGACAAATGTAGTGGTGCCCCGAGTAAGAGCATGTCGTCGAAGCAGGTGGACAAGACTGACGCCTTGTGGCTACGGGGGCTCCCCGGGAGCCTGGGAGGCTAAGTGTATGGGATAAGTCCCGCGCAGTTACAACGTCAGTCCGAATGCTACATCTGGACGTAGATAGCAATGTCTGCTTGCGAGCACGGTATAACATCCTAGGATGGTGCGTGGACGTTTTTGCAACTGTTTAATAGGGTAAGAAGCCGTGTCCTCAGTTTGTACACAAACCCCATAGGTAGAGGATGTATTTAAGAGTCCAAGCTTAATCCCCTACAGGGATTAGACTGAGTTTCAGTATGTACGTCTTACGAAGACAGACGGAATAGTACTTATACTGCTCAGATTCATCTAATATTATTTACATGAAGAGAGCCCACGTTTAGAAACAGAGTTCATGAGTGGTGAGTCGGCTAAGGTTGGGAAATGAGCCGCCGCGATATGCGCGGGCGCATTACCTAATTTATCCCTCTTCAGATAGGAATTGGTAGATATAAGGGTAGTTTCGACCATTTTAATAAAATATGTTGGTCGCTGTGATCGCAAGCTCTGGCGGGACAATTTACATACTATTCATGCATCTGGGAGCGCTGTGCCACCACCCACATGAATACGAGATGTATCCCGGCACAATACTAAAAATTAGCAATTAAGTTTATGTGAAATCTGTAGCTTCTGCCTGGGCTTTAGCGACCATTGAGTCCACAGAATGGTATTCGCTCCTGGATCTCCACCCGGTTGGCCTTAGCGACGTTCCCGTTCAGA,1881,49.02,Homo sapiens
SEQ_777426,CGGCAACAGTTAGATTATTCAGCAGTACGCCGTCAACGACTCGTCTAGCAAAGTGGCTTTTCCGACCGGGACCGAGAAACGTACTCTTTAGTTTGCCTTAGTGCTCGGTTAAGCCGTACTACATGAACGAACCCATAATGGATGAGACGGCCGAACGAACCGACCCTGTTTATCCCTCTAAAATGCACACATCGAAGATTCCGTCCCACCAGAGATCCTTGAAGATGCACTGGCGCCGACCTGTTCAGCCCACCGTCGAGTTTCACGTGCCCAGGCCTGGCAGAGCATGTCTGGCACGTTGGGAACGAGAAAGAGAGGCGATACAGCGTTCTTTCAGACATCAGCCTTTATTGCTGTAGTTGAGGAAACCCGAGCACCATCTGGGGGTAAGCCTAGTCTAGCGACACAATCCTTCTCCCACCTCAAGCGGGTGCATCCCTCGGACAAATGCAGCGGTCCTG,461,53.36,Arabidopsis thaliana
SEQ_115557,GACCATTTCTACATTCCACAGCGTTAAACTCAGTCTCTGGACTAGTACTGAACTAACTAAGTTGGGGATCGACGTGTGTCAGAGTACTCGGACCGTGTTCCTCCTAAGCTGGAGGATGGCTTCGAACAAGAGTGGCGTGAGCAGACAGCGCACTCGGTCATTACCTTCTACACTCTAGTTTGCGATCTTATCTAGGGTCTAACACTTGCATCCAGGTCCGTATTTCGTACGCACCCCATGCATACATTAGAATTGTATTCGCTAGTGGTCACGTCCCGAATAGAGATCGCGCGAGTCTAATACAGTTTTGATGTCCTGGCGATAGCCGAGTGTTTGCGCATTGGCGCCTGACATTAGTACAAGTTACAGTGTAGGACTGTCTGTCAGACGGTCTCGCGTAACAACGCAACTGTCCATAGCTACACGATATGGGGACGTAATCTGAAGTTCGCTTCGATTTTGTAGCCTTAATCGGGATATTCGCCAAGATTATGTCTTGACGTCCCATGGGAACATTCGCCATGTCATACCTTGCAGAGGCCCTGATTTCAAAGTTGGACAGGCCTGACACGTAGATATGATGACCGGTTCGTGCTCCGTTAGAGTGAAGTAGGGATAGAAGAGTTGGAGTTCCTTGCCAACGTAATCGTTGGAACCACATGAACATGCCAGTATTCCACATGGGGCATCCTTAGGCAGGTGGGATAAACCCAAGAGACAACGAGATGATAGATCGTAAAGCGACGTGGCGCCCTGGAGACTCCTTGGGTTACAATCCTTGTCTGCCGACGGTCTTCGCCACATTGCCAATAGTTTTCCTTCTACTCTTGCCATGAGTGAACATGGACGCACTTCTTCTTTCTCAACGTCTAACTCAAACGTGAGTCCCGTTAACTCAGCTCCCATTGCTTCCTGACTGTTTAGATCGACGATGATAGCGAATCCCCACAGGCCTGGGCACAGTCGGGAAGGGCACATAATATGTGGCTTTTGTCAGTACCCACTATCTCGGACTGAACCTCCATTGCGCTGGGTGGACACTGCCTACTCGGGTTCGGCTTACATCGTAACGCTAGCTGGGGAATTTCTTTGGCCTGTATTTTCTCTGCCTTTGTAACAGTACGACGTGAGCATCTCAATACTAACTGCACTGAACAATGGCACAGGTTGAACCTTTACACGAATCGTGCCAATGGACAATATCAACGCTACGCGTACTCTTGTCGATGATCCCACAAATACTTTGCGTAACACCG,1256,48.81,Caenorhabditis elegans
SEQ_358849,GCGATCGTGAGTCGGGACTAGAGCCGTTGCACCTCGTAATGCTTCCTTGAACTGTGCAAAGACCGGATAGATTTTCGTACATACCAGGGCCTCGCGCCTATTTCGTCCGCGCCCGCTAGTAATTAAGTGAATTCCCGCGCTCGGGTAATCAAGCTATGAATACCAACCGGACGTTAGGTTTCAGATACGTTATGCATACCTCGCGGTATGTGCTTCACCCTTACGGCAGGCTTACAACAGCGACTGGGAGCTCTATAATTGGGGCTTTTACACTTGACGTGAGCACGTCGGAAATATTTAAATGAACCCCGTTTTCAAAAGTAGCGCGTCCATTAAACACGTACTCATTAGATTACGCTGTGCGGAAAACCTAATCATCGGGGGCGGATCTGACTCTCGACTAAGTATTTAGCAGAACCTTCCCTAGTGCCTTACGAACAAGGCGATTCTCTCATACCCACGATTGCTACCCATCCCTATCTATGTAAGGTGTTTGAAGCTATCTAGAGCGCCGCTTCGTCCATACTAGTCTGACCTATCATACTAAGAGAGAGGCACGGATTGGTGTTTCCAGGGGTTAGCGCGTAGCCTTGGGTACAATAGTAGCT,608,48.85,Mus musculus
SEQ_166871,GTCCAGAGAGTAACTGCTAGTCATATCCATTTGTGGTCGTATACCCTAGTCTAAGCTTTATGAGACTGACCACACCAGGGGTACATTGACGGGTAGCATACGTCATCATTCGGTCGCTTTTGAAATCTAGAGCCGCACCCGAAAACGTCGGCTGAGTCTATTAGATGTTACACTGTGGTGATAGAACGCAGGGGTTACTTCGCAATCCAGTTCACACAGAGTATTTCTTCACATCGGATCGTCCGAGATATTGTTTGCCGAATGCTTTCTCCATCTACCGGTCTTAGTCATTGAGAACGTCGGCTCATCTACCGGACAGTAAGCCTTCAGGTCATGTTCCCAGATAGCGTTTAGGATTGCGACAGCGACTAGACGCGAAAGATAGCCTCTTTTCCACCTAGCAAATTTGCGAGGGAAGAGCGTTAACCAGGCCCCCGCCCGGCACCTTAGTCACTACGCAGTGCTGTAGGCACCTGGACGGTCGATCCTACCT,493,49.9,Escherichia coli
SEQ_898677,CTGCTCCTGAGCTCGAGGAATAGCACGCGATATTAGTTCCGTTACTTTAACGCCAGCATGTGCGGTCTTTCGCATCTTCCAGCCCTCAAACCGACCGTGCTCTAGTTATTTCTTCTCCAACCGGTGAGCGGATATGCGGCAC,142,52.82,Mus musculus
SEQ_271631,TGGTCCTTTGGTTGGGGGGTCCCCTCCCATAAATTGATTCACTTATTGGCCGGCGTATAGCATAGATTCCGCGGGGATTTCCTATTAGTTCCCAGGCCATCCTGAACATAGAATTAATAACTGCGTTGAAGAGATCTTATCCCAGGGGTCTAAGGTTATCGAGAGACAGGCCGCGCGATCACTTTAGACTGGATTTTATATGGACCATATGCTTGATATAAGCACTAGGGGGACGCAGCAGGTTCAGAGGTACCAGTTTCGGCCGCGGTAGTACGCAACAGTCGGGTGGTGTCGTCACCTTACGCCGCGCTTGCCGAGTTTTTCCATTTTAGCGCCTGAAAACGACACCCGTATGCGATGCAGAATCGAGTGTCTGAACCGTTCATTTTGGACCGGCATGGTGAGACTATAATTACAGCGGCGGGGGGGGCAGGCAGTACACCCTAACCGGCGTTGACTATGGGGATCGTTGCGAGACACCGAAAATTATAGAAGGTATTCTAAGCACATTCCGATATGAAGTAATGTTACATCCAGGCCGACTTAAGTGACTCGAAATACTGTAAGTAACGGTCGACATGTTGGCTATGTATGACCGTGTACGCGTCATCTAGTAGATCGCGTTCGCCTTGCTACCACCCTTGACCGATCACTCTTCTAGAGATTCGAGCAACGTGAACGACTTCTTATTGAAAAAGGGTGAAGTGTCGTAATTGATTCGGCCGTTTGTTCACCAGCGAGAAGGACGTTCGTCGCCTACCTTGGAATCACACCGCATTGACTTAGGCCTGCCTGCCACGATTTATCGTATACGGTACCCGGCAATACGGACAGATACAAACCTATTGATTAAACAAATTCACTATGTTTATGGGTATTGCCTTCAGCGGGTTACGATTGCCTTTCATTTTGACGATCACTCAATTGGTCAGAGTGTCAACGGGAGCCCCTCATTGTCATCTGCTTTAGACCATTACAAAGAGTCGGATCTTGGCTAAAGGCTTAGGAACCTATTTTTGGGGAAGATCTTCGCTATAGCGAATCGCCATGATGTAGCCCGCCAAGTCATGCTCATGCTGCGTAGTGATTGTACTACCTAACAAGCGATTAAACGAGGCAGATAAGGTGGTAGGTTAGCGATGGTTCCGCATTCTGTTCAAACAGCGACTATGCGAATGCAATAAGATGCGTATGTGGCTGGCGTATTCACTGCGTGAAGCTTCTTGTCTCTTCTGGCTGGTGTAATGGAAAGTTTACCAATCTTGCAGAATGACTAATCACCTTACGGGGGAGCACGACACATGAATTACCGCTGTTCCGGGTAGGGCGTATGCAAGCGACAAGTTTGCGATGAAGGCAAGCGGCTGGGAGTTCCCTTACAGAGCGCAGGGTTGATCACGATTCGGTTTTGCTTCTTAACTCGGCCGATGCGAACTTTCGAGGCGCCTGGTCCACCATCTTGATCGCAGACGAATATCATTGTTGCCCCTCACGTGTCTGCCCAGGGGCGCGGGTCTACTCTTATTCGATGGACTGGCGACGACTACGGCAGGGTCCTTCGCATCTTAGGGTGCATCCCCGCACTCGTTGGTGAAG,1596,49.56,Arabidopsis thaliana
SEQ_152279,TGAACTCTTATCTCGCACAGAGTCCTGCATCCGCCGGTAGATAGCCATGCTCAGCTCCCGGGGTGTAAGATAGGCTATCGGCACAGACCTGACATAAGTGTATCTAACCTATGATAGAACTGAAGATTGAAGGAATGGGGAGGACGGAGGCTCACAACTTCTCTCTAATTCTGAATGATATTTATAATACCGCATGTTTCAAACGCACGGCTCAAGGCAGTTGTCTTCGCAGTTGACCATCACACCATAGTGTATCTTGTCCACTCTGGAGACGCTCACAATCTTATCAAGCTGGCCTTTGTCCCATAGATAGTCGTAAACGGAGGGTGCGGCAGGTTAAGACGTCAGACGCCCAAAGGGCCAGTGAGCATCCATGACCAGCAGATCTGAGTTCTAGCCCATTTGCGACAAAAGGGCAATCTAACCCCGCCACCTCCCCAGTACTAGCCTCCGCTATCACGAGGATCTGGCTTTATTACAGATTGACTACCTGTTCAGAGGATAGACTGCTTTCAGAAGGGCCTACGTTAGTAGTGTTCCTAGGAGGGGTAAGCTGAAAACGTAAAACTACTTTGGTACCGGAAGTATACCAGTCCACCACACAAAGGTAAGTCATGAATGGCTGAGACTCACCTGGCCTGATTAAGAGCGTCCCACCTCCTAAATATTTTCGTAAGTTCATGCCTCTGCGTTCCACTTAGATAGATGTATCATGCGACCTAAGATATAAGACCTGTATTATCCTGCTATAATACCACTCCACCCTGCTCGGAGCCCGGTGCCTCACTGGTTGCGGCCAAACCATATGGGGCTCTTGGGCAACCGGGCACGGTTACGACAGCCTACTTCTGAGGATAAATAAACATAACGTGTCAGGACTACTTTTTGACTAGCGGTTTAGGGATCCATCCCTGTACCCCAGGATACTGTCCATTATTGGTGGGGTCCTAAACTGTCTGGGAAAGTTAGGCAGAGAAAAACATGATGCTGCCTGATTATAGCCGCAGCTCTTGG,1014,48.62,Arabidopsis thaliana
SEQ_656667,CGCGAAAGTCTTATGGGAGTGGGGGTAGCGCAGGGGTTCTTTGATAAGCGTCAGGTTTAAGAAGCGAGGTGTGGCCTCAGCTAGCTGGCTGTGAAACTAATCTAGTACCCTAGGTTGACCAAGGCCTGCAACAGCTAATAAGTAGCTTTGATTTGCGTAATGGTTGAACTCGAGCCGCGCTACTCACCACTTGGAATCCGCAACACAGACTATGCTTTGGATGCGACGTCCCGGGGAGACGTGCTCGCGGACTGACCTCGGGAATAGGAGGGCAGCCCACGAAACGTAAGCCCGGGGCATGGGGTAGCTCAGTCCGTCGATGACTCGTGTATCTGAAATCCATGAAAGTAGAGTCTGGCAGGAACTGTCGTAAAAGGTGATGGCCATAAGGTGAATCTTACATCGTGCGTAAGCGTAATTGGAAAATGCCTCTATGATAGGGCGATTATCTGATTTCCGAAGTCCTCTCTTTATTCACAGACGTCTGGATAGGGGTGTATTCGGCCTTGTATCGACACTGAACTCCCGATGAGACATAGCGACTGTCCTCTTTGGACTAATAACGCCCACTTCAGATTCGTAGTCTGCGAATCGTAAAACGATTCTCCACTCACGGTAGCGTAAGGCTCCTCCGAGCTTCTTAGAGGTCTAATCCTACTAACATACGGTTATATCAGAACAGGAGTGTTGGCAACATGCTTGGTTTTGTGATACAAGTGGTAGCGACATTCAGTGCCGTGCTAAATCATTAGGAGGGGCGTCCTGATGGCACCTATTCCCGCAGAAGCAAGGGGTATAAGTATTTTTGGTCGATCGGGATCTACATACAACTGGGCTTCTACCTTAACCGGAGACACTTTGCGAATCCATAAAACCTAGACAATATGCAAGGGTGTGAAAAGCGATACTGCCAGTATTATACTTATTGGGGGGGACGGGTTGCTCCTCAGTTTACGGTATGAAGTCGATCAGATGCCCAAAGAGGGCTATATATCAATGCATACGTTAAAAGCGTTAGCAGTGAATCGAAACCCACGATCGCGAGTGCTCAAAGGTCCACTGTTTAACCCCATTGCAAAGACGGAGGTGCCTAGCTGGTAGTATGTTAGGGCGGTACCAAGCGGCCGTTCAGTATTTTCCCCGAAGCGCGTAGGAAGAGGGCACCGCCCAGGGTGTCGCATAGACGGCTGGGAGACGTTATCTGAATCGCGGGGATCACAGCATGGTATGTTTGGTGCGCATCTCGCGCCTAAATGCGCCCCTTTCCTGTCATAAAACTACCTGGCCAGGACTTGGCCATTATATCAGGCAGACAAGCAGGACCTTATCACCTGAGCTCTGTTCAAGCAGCGTTACCTTATCGCCCTATGATTGCTCTGAACAGGCAAAACGTAATACGATGACATTTAAGGGCACGACATGATTTAAGCATAGTAGGTTCGACGCTAGCA,1451,49.62,Escherichia coli
SEQ_858609,ACCCCAAGGTCCTACAAGACGGCACACACTACGGCTTCACCGTGGGGACCGCTTTGAAGTCCTCTAGGTGGCCGCTGGGTTGACTTCTTCCTGTCCGTAACTAATGTAATAGCGAGTATCGGATGAACAATTACATTCTGGAAGTATCTATTGATGGACAGGACCGTTGAATAAAGCACAACAAAAAAGTCCCAATTATATAGCCTACACGTTCAGTGCGCATAGATACAATCACAACAGATCTTGCCGACATGGGCGGATACGAAGATATTGCGGATTCGCTTGTTATCGTTTGGTAAGACACCGGATGACACAGCTGTGACCGCGAGATAGCCATGGGACTCTGGAAGTATCTGGCTTAAATGTTGCTGCTTTTCCCGAGTATGCTTGCCTAGCTTCTAATAACTGTGTGGCTGGCAGGAACTCAGTTATGGGCATCAAGTAAGTGTGCAGTTCCTATAGGACACCGAGGGAGGTACCGTAAGACCTTAGAGTGCATTGTCTTTGCGTTACATCTGACCAGCCATTGGGTCGAGAAATTTGCATCCGGCTTATGTATTAAGTATGCAAAAATCATCACGCATGCAAAACCGTCGCGAGAGCATTAACTACTTCACGTTGATGAGGGCAATCTTGTGGACACAGCTTCCTACAAGTCGGTATTCTACTTAGGGGCTACCGACAGGCTAAGAAACTTTACGATACATAAATTGACTGGTCCAGTAACGCAACAGGAGCAACGTTGCTCTGCGGAATGCTCTGGATGACCGGAGTTGATGCCCCGGGACCCCTACATACACAGAATCCGCACTTGTTCGTGTGTTCGACACGAGACGTACCGCCCGGTAAAGCAGGGGTATGGGGCTCTCAGGCGCTCCGAAAGGGCCCATGGACACTGATGTGCAGCGATACGTAATAAGGCATAAGGGGATAGTCCATAGTCAACTTTTGCTCCTACGGAGTCTTTTATACGGGCCCGCCGCTAAGTTATTGTCACAAGATCCTCATATAGTCCCTAGGGAATATAGTGCAGGCAACTAAGAGGCAAGGCCTCTCGGATATGTCTATACGACCGACGGTATCCGTTGACTCGGGTGGCTCGGACTCGGCCAGGGCAG,1118,49.37,Homo sapiens
SEQ_862546,GCAGCCGACATCACCCATAACCCAACAGTTCTGTGTGACGGGTTTCGGTCCGAAAATCGGCTGGTAACTGCTCTGCTTGGGAGGATCTAGGCGAAAATTCGTACCCTTCACAGAGGTGTTTGAGCCCCTAACGGCATTGCGTGCGAAAACCCGTCCGGCTTTGAACTCGCTACTCGGAGTCCTAGCCAACGCGTTTTCGTCCAGGGTGGTCCCCGCCTGTTGGATAAAGCTACTACGCTGCCTTAGTCCTTATCATAGTCGCGTCCAAGTGTATACCAATTATCTATTATCTAAACGCTATTATGACACCTCGGAGATCTAGGTTTGTGTAGTAAGTAAAGGCAGGTCTGCTCGAGGCAGTGTCAACTGTTCCCCTAACCAGGCGTTAGTCGTTTACGCCCGTACATGGCCATCGAATTACAAGGCGAGTGAATTTTCCTCGTACGTCTGGATGGATTTTGTACGGTGTGAGCTTTAATAGAGCTATAAAAGCTCATTGCAGTAAGCTTCTTGGTTCCGAGAAATAAAACTTGTTATCTAAACAAGTCGCAAAACGGGAGGACGATTAGTCATAACGCGCCAAGTGAAAGAAGCCGCAGATGAAATTTAGGCCCGATGATACACTGTCATTAAAATAAAACTCGGAGTTACTGACCCCAAGAAATTCGACTACGACCTACACTGTTACAAGATGTGTGAGAACTAGCATCAGTTGTCGAGTCCCCGATTTATTTAGACAGGATACCCACCAACACTCAAGGGAG,764,47.25,Drosophila melanogaster
SEQ_326417,AAGATGTCGGTTTAAATGAAGGCAGTCACCGTCCACTTTTGGACAAGAGGTTAACATGGAAATGCTGTGTACGCGGCAGAGACTTGTTAACCGCAGCACCTACTGGCGAGTATACATATGTCAGACATCGAGTTCTCAGTGGGTTAGTCCCTCTAAAGCAGTTACGCGAGACACGCGTGCTAGGAGTCGGTTGACACGACCCTTGTCGCAGATGCCCACCACCACCAGTGGTCTTGCGGCATTTGGCTGTTTAGGCGACGAATCCGTAAAGTCGTGAGTCGCGATCCGGCGTTACTATACTCGGACTGAAGGTGTGGTTCTGGTTCGCACAGGTAGATTGAAGAGGTGCTCTACGTTTTGAATTTGAGGAGGCGTGGGCGATCGGGGCGTACTGAACTGCAAGACTACTTGACTTTCATAACTCCAATGACGTAACTGCAGTGACAATCGAGCCGCGGCAGTTTTTGAGGAGTTGCGTCACCTCATGAGGTACTC,495,51.31,Saccharomyces cerevisiae
SEQ_190250,TCGTGGAAGTTAGGCACCTCGGCGCCGATCCTTCCCTGCGTGTTTCCATATACCCCCACGATGGGCGCGAAGAATACCTGATGTTGGCCCCCGAAAGAATTACCGTCCCACTAGAACTTCACGTGCTTGTGTCTATATTTGGCGTCCTATGAGCGGAGAGGAACAGAGTGGTCTAAGTCGACCTCTACCCGCTCTGATCAAGGTACGTTTGCGACGAATGGCTATATACCAGCTTAGCGGAAGAATAACAGTCAGTACGAACCACATTACACATCGGTATACGAAATTATCTCCCAAGAAAGGTGTCCTTCACGGTTCTATCTGCATATAATGGGTTCGACATGTGTGTTAGTTAATTTTTGGTGTCACAGGTCTATGATCTTCGAGTTTCGGCGCACAACGTCTAGGCGTCTTTAATAGTGTGCCAACAAGGGCGTCGCAACAAGAGGATGCTCAAAACTCCTACAGCGCGTTACCCCTTCTATTACGCTCGATATAAGAAATTTCCTGCCATACTCTGTATTATTGAGAGGACGACCCTGTGGGCAATCAGTAGTAGTCGCGTTTAAGTGGTCATTCCATCATTAATTCGATCTCAATTGTAGATTCAGATGTCCGAAATGTTCCGGTGCTTTGGCACCATCGCTAGATGAGCCCACTGGCTTTTTCCGAGCTCAA,678,47.49,Saccharomyces cerevisiae
SEQ_524435,AGTATGTGTCTATATATGTTGAAAAGCCTATTGCTAATCAGTGGCTTTAATATCTTTGGTTTACCAGCGCCATCAGGTAGGCAAAGACCATTTGATAATGGGGTTAACCGTTAGTCAATGAGTGCACGGAATCTGAGACCTTCGGGCGCTCCCGGGAAAATTGCATCGATTCTATGAGAGCGGTCCGGCCGATTGGTCTTGAGCGCCCAACTACCCCGTGATTAGGAATACTTGCGCCGATGAAGGGTCGCAAAGTTTCCAACTACCTAGCCAACATGAGGCCATACGAGCTATGGGACGGCTGTTGCCTGCTGCGCTGTCGGTCCTCTATCATCCACCCCCAAAAGCAAACGTGTAAGTGCTTTCACGTGATAAGATCCAGTTATTCTTTACTTGAGTATCCATGACATGTCAGCAAACCAAGAACGCTCTGATAGATTTTTGTGGATACCCTGGGAGCTAGGCGGCGTTACT,474,48.1,Caenorhabditis elegans
SEQ_525784,CACGCAACGGCCTGCATAGTCAACCGACAGCAAAGGGCTCAGCCGTCTTATGTAATCAGCTGGCTTTCGTGCAAGCAGTAATAAGAGCTCTTACTGTCGCATCGACCACTCTTAGGCGCCGAACGGCGTATTTAGGGGATAGGTTGCTAAGACCGCCCTTACCCTAAATGCTACCAGTCGGCGGGTCTCGTTCCACGGGTGGTAACGCACGCTATGGCCCACAAACGATCGACGTGTCCTCCTCGATCGATTTCTTGCGCTCCGATTCTCACCGCTTGGCGATAGCTTTCTTTGCTGACCGTTTCCTTTGTCTACTTGACGATTCTATACATAATATAGGTGGTGCGTGGTATCTATGGTTCGTTTAAGACGGCCTAGGCTAGATCCTCCGGTTGACTAACGGATGGAGCCTAATGTACATTCGAAATTGATTGTTTCAGACTGTGGTGACAAAAGACCCTTGCGCGAGTGAACTTGACTCCTCCAGCGTGGAGATCCGTAGCCAATTGCAAGCCGTGACGTGCTTGCTGCGACGCTCGAACTTTCGGTGTGCGAACTAACTCATGGCGTCTGCGCGCCCTTTTCGATGATAAGCCCTGTAAAACGACACGTAGGGACAAAGAGAAAAAGGGGCACCAATTGGGTTCAGTAGCCATTGTAAACTGGCCCAATTACTTCAGAGCTGAGGGCGGGGTTAGCGGCTTATTATGGGATCACCGTGAACAACTATATGTGGCGAATCGCCCCAAGGCGTTTGCTAAGGGAAATGGCTTTCCGGTCCGTCGCAGCCTCCAGCACTGTCTTGGGTCGTATCAAGGTAGGATTTGGCTTCAACACAGTACTGTCGTGCGGCCGGAAGACTCAATGACTCACAAGGCGGGGGAGGCTCGATGCAAATCACCTGTTGGCTACCAACAACCGTGGCCAAGGAACCAGCGTCCTTTAACCACTGTTTAAATAGTAGTAGAATCACCAACACACCCAGTACCATCAAGCCCTCAAAGGGAAAGACCTTGTGTCATCGCGACTAGGCTGAAGAGACTAGACGAAGCTGACGCCGCAACATGCCTATGAAGTCCATGTCAGGGCCCCCTCGTTAGGTGTTCCTAGGAAGCGGAACTTGCATACTCGCCTTTACTTCCCCGCAGCACAAAATAGGAGCCACCTGAGTCCCTAACCGGGGATTCGCCCTACAAATGCCTACTCACAACGAATCTGTGGAAATTACTGGAGCCATTCACGAAAGTGGAACGCCAAACAGTGATAGGTACCGCGGGCCTGCCTTCCGTTCAATGTTCTATGAGATCCAGAGAAAAATGGTGTGAACCATCAGATACTTCAGCGGCCGGCGCTGCAGTGCATTATGAGTATAACCGCCCCAAAGCAGCGACAGGGTTCTTTGCCCGGGGTTTATCAAAGGGGACAGTGCATCGACCTTACGTGACTAACAGAGAGCCAGACCATGGAGATTAATACAATGTGAGCCCGGAAGCGGCGGCAAAACTGGTTTGACGGGGTTCGACCTAACGGCATTTATTAGGAGGAATGACCGTCGTGTGCTGTTTTCCGTCCTTCATCCCGGCGGTCACATAACCCCGGCACGCCGGACTCAGGGCATGCGGCCGCGAGCGCCTTTATTAGTAGGTCCCAAAACTCTCGAGAGTAGGCCGTGTCGCTTTGGATGACTAGCCTCCGATTAGGGGGCCGCTGGCTCTAGTGGCTCAACGCCTTCACGGCGGGCACTACTCGTCTCTATTCCTGTCGTTGGGCGGAAAACATATCTCGGAAGAGAAAATTGGCAGAGCTACCATC,1812,52.7,Caenorhabditis elegans
SEQ_655881,CTTGACGGTCTTAGTTCGCTCGGCGCCATCACCCTAATCTGCGCTTTAGTCTAGTAGGAACTCTTCTCTAATGTTGCGCTCCCACGTTAAGGTAGACGAGAACGGCGACTTTCCCCAACCATGTGTGGCCACAGTATGGCATTTCTTAGAGGCAGACCATCCCTACTGACACCGCTACACCCTAGTGAGCCCGGTCCTATATGCGTCCTCTGGATACGGCCCATCGGACAAGTAAACTGAAGAATCTAGGGTCAAAGTACAGTGTGAGTTGCTCATCTCATCTCGCGCCTACCCTGCATGGAAGGTAACCCGATTGGACTCAGAACATACGTCACACGAACGATGAATCTTTGGCGTTGAAAGAGCCTGCTCGTATGCTGTTTCTTGGTCTTACGATTGACGCTACTTTGTAGTTTTCCGACCTGACGTTGATTCGGACTTATATGAAGTCTTACCCCGCGGATGCGCGCCCAGAACATGACGCTGCGTTTAACTTCAGGAAGAAATTACACAACGACGTCATGACGTTGAGGAGCGTAAGGAACCAGATCATTATCTCTCATGTAAGGCAAATGTTCACGTCGGACGCTGACAGGTAGGAGGGGCGCTGCCTTGCGACTTCGAAGCTCTACAAGAAAAACTGTGGGATCTCTGACACTAACTCGCTACTCGGATAAATCCTCGGTCAAACCTGTACCGCAACACTCGTACTAAAGTAGACTGAGACTCATGGTAGTCCAGTTACCTCGGAGTTTGCATTGAGTAGCAACGTACTCACCGCACAAGTTAAGCCTTACAGACTGCACAGTCGTTAGGTCGAGGCCGAGTCCACTGTTTACAACGGGGAGGGAACCGGGACGTAGTCCATTAGGACAGACAAAACGTGACACCCCGGTTTTAACACCTCTTGATCGGAACACCAGGTCAGACTAGACAACCGGACCTTGATCGGCTCCTTCGTTTAGATCAGTGACTCCTGCCAATAGGCAACGCCACTGTAGACATGTTTGTGCCCAGTGGGCGCGATGGGGTCAAAAATTTATGATTCTACGTAAATGAATCTTCATCCTCTGCTCGCTCCGCGAACAACCATAGGCTAAAGGCCTTTCTACGAGTAGCTGTGGTTGATCTATGAGAGTCGAGAACCACGCATCAATCGACAGAGCACGTTGCTGAAACATGTGGTTCTTAACGGTATAGGCCTTACAGCACCACTACCTCTATTTATCAATGTTCGTTCATGACCACGAGGTGCGCCGATCTAATGGTCGTCTTGCCTCATGTTGGTAGCGTGCGGACAGTCGAGCAGGGGATACACATATCGCCGAAGAAACAGATACGCGTCTGCGTCACATTAGCGTCGGATCCCGGTTATGACACTACAAAGCCCGACTTCACACCCAGATAGCGGGCGAGACTTGATGAACTTTATGATTGATCTCTGACTGAGGGCGCTCGCTAAGAAAGTCACTAGCTTGCACATTAACAAGGTTCGGTGTCTCAATTGAAGAGGGAGGAGTAACCAAGCTTCCCTATAAGCCAGCCGGATATCACCTCTGACCCACTGTCGTGCGTGAACATTTCATAAGCGGTAACGA,1598,49.94,Mus musculus
SEQ_567193,TCCAGATCAATGGGGTCAAGCGTACAGGATGCTTGACGTAGTTAATCAAACTAGGCCCGCAACGCGGCACGCAAGGCAGGCAAACTCCGATGTTCCTTATCACGACCGTCGGATTGATATTTATGATCTCACTAGTGTCTGCCACCACGCACTGCGGGCGGGTAAACGAGGATTCCACTCGCGTTCTTTTCTGCGTGGACGCGACGGTACGTGAACAGGTCCGCGTAGATGGGACGGAGAAAAGCTCAGTGGTACCTGCTCGTGTGCGAGCCGTGTGGTGCCACGGAGTCAAAGATCTATCTGCCTCAGTTGCAGTATGAAGGGCCCGATGTTACATGTTCTCTCGGATACAGACCTCCGAGTTCATTAGGCCGAAAAACGAGTGTGGGACTATTAATGATCGGGACCCTCCATGCTCATGAAACATGCGCGGAGCTAGCACGGGCTTCAAGTGTCGTTATGACCCCAAGCCACTCCGATTATGGCGTGGTAGATCCGAGCAGCAGTGGAAAGACAAGCCTTCAGAGGTACTTTTCCTACATCTTTAAATAGTGCACATATTTTAATGCGGAATTCTTGGGGAGCTGTTTCGGAGCGATGCGCATGCTCTCAGGTTTTCTACGGGAAACCGAGACCATATGACGTCCGATACGTAGCCCTTGTACAAGTGGGAACCAAGCGGACGGGCACATACGAATGTATTGACCCAAGTGCAGTTGGACTATATTTGGTGGAAAGTCCCATGGACCAACTGGGGGCTGTGCATAGTGGGGATCTTTATACTAGAGGCCAGTGTAGGATGCTTCTAGTATGTGGTGCCTTCCGATGCCGGTTACCTCGTATGGCGGACTGGTCAGCCACTCACTAAGCGCATCCCCTATGTGAGACTCCGAAGCCGGATTTGCTTTATTCGAATAGACATTTGGCGAAACTTATGCAAGCGGTTGATTTTTACGCCCATGTTTGAGTACCGTGGATTCGTTCTGCGGGGAACCCCGCTGTCCCTAATTCCTAGCACGACCATGCTGTCTAAAATAGATCGGCCGCATGTCGAATGGCTCATGGGTCAAGAACGAAGTGCGCTATCCCACTCTTCGTCAATACTCATCAAGTAGTGCCTTCGAAGGATTAGGTTGCGCCACAATTGGCGATGACAAGAGGGGACGACTGCCCGTCCGAAGAAGGTCCACGTACCTAACCATCGATGGCTAGTAATATCGAATATCCTCTCCCTTGACCCTGACGCGCGCTCCCCGGCCCCCGGCCGTCCTCCTTGAAGAAATGGCTGGGTACTTCGACCGTGGCCAGAGAACTCCACCCTGTTATTTGTACGAGCGTATTTCTTCTCGGATAGGCACTTTCGCATCGCAGGCCTGCCATCTCTGTCTTGTAAGTCGGGACCTTGAAAGTGCAGCTAAGGGCCTCAAGCGGTGACCCCGGCGCGGGGTCTGGTAGTTGACCGCAATGCGAGCAAGGCAGTCATTCGGGGTGGTCTGATAGAAAAAACCTCAATGGAGCTGGTTGTTCGC,1529,52.71,Drosophila melanogaster
SEQ_198598,GCGTAGAATGTTCGCTATGACTTGTCCGCTGGCTTAAGCTCTTAGGAACGGA,52,50.0,Homo sapiens
SEQ_583559,CCCATCTGGCTTCATATCCCCCTTTGCTCACAAGGGGCTATTGGTACTTTACTTAGGACCGCTTGCGACTTTTTATGTCAGGCTCGAAGGTCGTAGTCCCAAATCTTAGCCCCCCGCAAGGGACGCAACTTGCTAGTTGGTGAATTTCACTACTCGAACCGCCTGGCCTGCGAACTATGTCGGGGGCTACGATCGGCCTATGCATATCTGCGCGTATGCATTAGCCGTAACTGCTTGAAGATTTGACACCGATTAACTTTAGTCGTGCGGGAGTATAGTTATTGATCTCATCCAGGGCGGTACATCCTGACCTACTCTTTCCCATTGGTCAAGCCGCTAGAGAGTCGGGTGTGGGGTGGACCTCGGGTATACCGAAGAAACTCCATCGATTTACTTCACTAACTACGTTACATGTCCGCAAGTGATACATACAAGTGAACCTGAACAGTGGTTGTGTGAACTATTAGGCATCCTCCTATAATATTTTAGAGCGCAGCCGTTAAGGGCGAATGAGCCAAACGCCTCGTGGACGGTGTCGAGCGTTTCTTCATATGGCGTGAGGGTCGATGATGCAGGCCTAGGTTCCTCGCACACTCCGGCGTCCTATTACGCAGTTCGGACACCAATTTGGCTGCGAAGGGTTGCGGCTATTCGGCCATCTGAGCGCAATTAGTACACGCACTTATAAGAGAAATACTGAAGCAATATCGCCAGTTATCCAGAGGAATAGACGAGTCTCGATCTCGGAGAACTGGAAGTCCTTGCCCCGCTGGAGAGATGAAAAAAAGAGATCCCGGCAGCACCATTGTAACTCGGAGGGCCCCCCTCCCGAAATTGGGGTCGATACACCGGTACTGTCTGAGCCGTCCGTCTAATAATAGATGCATAGCCAGAAGGCCTTTCATCATAGTACCAAAGGAGACGACTGTGGTTATTGGCGTCGTACTGTTCAACACAGGTGAGCTTGCAATGGAAGTACAGAATAGATAACCCA,994,50.3,Arabidopsis thaliana
SEQ_291489,AGTCACTTAAACGGCATCAGACATTCGATGTTTCAGGAATTCGAGCTGCTATCTAGAGACCGTTATACCCTTTGTCTAGACCCTGTCTCAATCCCTTCATCCGCAGTTGCGATCTGGAAATACAAAGAATTCTGACCGTCTAAAAGAATCCATTCCCTAGGGTACCTCCAAGTACGGCGGGCTATCTGTCATGTAGATCGGGTTTGAAATTGCATGATAGTAGAGCCGTATTTAAATTCTTACTCAGCGCTCGTGCCCTGTTTGGTCGAGGAGGTGGCCTTGAGTAGAAGAAATAAGTCCCGGGGCATGGCTAGCCTGAGCCCACTACCAGTAGTGTCGATCGCTTGATAATGACGGGGTTCGTCAGGAAGGTAGCATGTAGTTATTTGTCCTAGCCATGTCTGGCGATCGGTCATTGCCCCATACCACAGTGTGGATCAAGTGAGCGTACATAGTTTAGCCCTACCGTGAACGTCTTTCCGAAGAAAGTAACGGGGCCGGATTACTGAAAAGTCCGGTAATATCGTAACCTTCTAAGGATACACTTGGTCGTCACAGGCAGTCAGCACCCCGTGATGCGAATCGGACGACCGATGCCGGGAATAATGCTTCACTTACCATGCTGTTCTCCTGATAGATGGCTGCCGTTGTCGCATTGTCTACAGTCGGTTAGAGTCGGATTGAATCCAGGTCAGCCTCTGGCCGGACTGAAGGATACGATGGTAACATAAGTCAGATTCCATTCGAACGTGTCGGTAACCGCCCGAGGTTCTAGGGGGGATCCGCGGATCTGAGACCGACCGGTAGATGTTAGGTTCTGATGTTTCACCCGCTGCATACGTAGGCCCTTGGTTGTTTTAAGGCCACCTCGGATGAGAGCATCGTGCTTCGGTCAGATTTCAGTTAGAAATGGTTTACCACGTGTAGCTGTCAGAGATTTACCGACGACCTTCCATTCCGGTCGCTAAATAACCCCGTATCTAGATTGGAAGCACAAGTGCGGCCCGTTGGGAGTGCTGTTTAACTGAGTGAATTGGCGGTCGATGTCGGGTTCCAAAGATCCTATTTGAGCTGTACGAATGAGGAGAAAGCAGAGAAGGTACGCTTCAGGTGGTCAACATACTCGTATACCTCCGTTCCCACGGGTGACTCGAAGCAAATGGTGCGCGCCCCAGAGAGTGCCAAACGCGTGCAGATTTCTAGGATTGCGCTATACCGGCTTAAATTCGGGGCTTACGTTAGCGTCCGGGCCCGATCTAATAAGTACTCTCAACTTTGATCAAAACGAACTAGACGTGTAGTACTCTTAGATCGGCTCGTATCCACATGCAACGGATCTGCCATCCCTTAGAGTACCTATATAAGCAACCTCAAAGGAGCAAGGAAGTGGTCTAGAGGTGATGCGAAAAACGCCTTCAAGCACAGCTCTCAACCATTTGTTAGAGGCGCAGAGCAACGCAATGCGGGGCATCGTCTACGACTAGGCATCTCCGTATCCTTCCTTAAGCTTTTAGTGCTTCCCCGGGCTCTGGGTGCTCCAATTTGACGCATCACGAAACCCTAATAAACTGATAAAACAATTGTGGCGGTCCCAGTATCCCCGTTTTCTCAAATAACTCTAATATGAATAAGGGGATCCTGTGGCACCCTCTGCCCGCCAAGGCC,1665,49.85,Drosophila melanogaster
SEQ_366892,ACGTGCAAGGCTATATGTCTTTTTAAAGATACGCGCACTGGTCCCTTTTTGCTGTGGGAGCCACTCCTAGGTCACTCCAGTTGCACTTAGGCGTAGTAGCCTGTGATGTACGACGTTTTTATAGTAGAGAGTAACGCGAATTTATCTGTACATACTGGCCGCAGTTCATAGCAGCCGTTTCATGACAAACTAGTACTGAAGATCCTACCGATTACTACAAGCTTTAGGGGTAGCCG,236,46.19,Arabidopsis thaliana
SEQ_163445,AAACTATTTGTCCCGGGATACATTAGCCGACACAGCACGGCGGTAGTATAGCACTCTGGCCTGACATAAACTGTTATATTTAATCAAAAGTGAAATGGACTCGATGCCAGGTCGTGCGCCGGGTACAGGCCTGCAAATCCCTACCCCTTTGATA,154,48.05,Escherichia coli
SEQ_754103,CCACAAGATAATAGTGGATGCTACGCAGACTCATGTCTCTTGAAATTGAAGTGACCCATAACTTCGCGAGCCTTGCCACACTCTTCGGGTCCTGCCAGACGAGCAAAGGCCTGTAGCGTCCACTGGGGTCCTCCCGGCGATTTAGTAGCTTCCCTGATCAGCGACGACCACAGCATTTCCTCGCTAGGGATGTTCCCATACGATTTGAGTGTGAATCTTGAGCTCAAATCCTCATCCCAGAGACTTTCTGGTGGGATGAACCCTATCGTAGCTTTTGATTTACTTGCGCGGTAGATGCGCCCGGTCACACCCACAACTGGCGCCGAGTTCGCATTGTATATGATCTACGGCGTGGAGGTTCCACAAACTGGAGGCGGCTCTCGAAACCTAGAGACGTTTCTAAGCGAGCGGTTACCTTAGGACAGCAATCAACTGAGCACGTTTCTTCTCAGGCCGGTGGAACTACTAGTTCCACCGAATGCCCTCATGCTCCTATCGTTAGGTAGATCAATTCATACGACGGAACCTCTGTCTATTTGGCTGTACCCAAGAATGGCACTGTTTATGAACCACCACTTAGACTGCAGATACGTGAACATTGAAAACTACCCCAACCGATTAGCCATCGCTGAGACATAGATCGACGGTTAGTCATGACTGGTGCGTTATCTCCTAGCGGGCACCCTTTTCCGGCGTACGCAGACCCCGAGTACAGTGTAACTTCCGAAAACGCGCAACGCCTCATGGATATCTGTATACTTTACAAGCGGTGATGTGAGCCGGCGCCGCGGCAAACCCTAACAATAGCACGGCTATATCGCTATTGCACCATCGAATTACATGGCCGCGGAGCGGGCCGCCCCTGGCATTATAAATCT,878,51.59,Escherichia coli
SEQ_214862,AAAGGTGTAAAAGAATTCTTTTCCCGTATAGCTCATTTTGTGCATTTACTCGTCCTGAACACACGGGTTCGCCTCTGTGCTGCGTTTCTATCGACGTCAAGCGCAGCCATGCTGGTACCATTTGGTGGACGCCCTCAACTGCCTGTTACGACTCTAGTAGGCTAGACTAGTGTCAAGCGCCTTGCGGACCCCGCGACCGACGATGGCAGTCATACCTAGTCTTCAGTTGTGCATGCACCTTTGTTACCGGGTTCTTTTAGGTATCACAAGGTGTGCTTCTCATTCAGAACCGGCTCCATGACGTCCTCGGGTACCCTTATCAGTTCTTGGCACAGTTATGTTGTAATCGTTCGTGGTCACGGGTGCACTAGACATTTGCAGGTCCCTATCGCGCCTATCATCGCCCGGTATACCCTTGCCTCGGGACGCGGACATGGACGCTTCCTACGAACAGCAAGTCAAACACGTTTATGATATCTATGTACAGGTACTTCGTGAAACGTTCCATCGCCCGGCCTCATATTAATTTTGCGCTGCAGTAAGCTCGCCTTGGCGGCCAGGATTGGCTCCAGTCCTTGACATCGAGCAACAGCGGCAAGCGTGCACAATCGAGATCGACCTGAACTTTAGGCTCGCTCTACTGTTGCTCCTGAGAGGATTCTCGACTTGGGACGGCGACAACAAATAGACTGCAATAAACGAGCTCGGCCAGGAGAGGTCCTGAATCTTCGCTTACGCTACATATTCCCCCTTCATGACGATCACAGAGAAGTTCACGGGTCAGCGCGTAACCATAGCCATGCGGATCGATAGAAAAAACGTTCTCGACCGATAGAAGCCTTGCCTACAGGGTGATACAAATTTTTACCTTAACTGATGACGTTGGAATGCTCATGTAACAACGACCCACGGCACGCTGGGAGTACGAACTTGTCGCCTTTTCAACCGTCCGTTCTTTATCCGTATGTGCTTCCGGGTGAAATGAATCAAACTTGCCCGTGGCTTGCTATGACTCTTCTCGGCTTTACATGAACTCATTGGG,1042,50.67,Mus musculus
SEQ_763047,TGACTGTGCCATCGACCGCCTATTGACAGAACGGTACGCACGTATCCTTCCCTTATTAGAATTAGACAGGGTTTGCTAGAGCGCGTATGGGGAAGATTACTAGCAACTTAGACGCCGAGGGGCCGCTCATTGATTTCATTTTACCGGTTGGAACTTGTCAGACCTACCCCCTGTAGTAGCCATCTAGTCCGGGACGTCTTACGAACCAAAATCTCAGCCCGCACAGGAGTGTATCGCTGTCCACTTTATTGTATCAGGCATCTTGCGAGTAACTAAAAGGGCAGACGCGGCTATACGTCATTCAACAGGGTTACCACATGTCCGACGCGTTGAGATAACTAGCATGTTTGCCTATTCTTCGATAGGTTAGCTGTCGTTGGATGGTGGTCTCATTCAGAATGATTACGATATCAGGCAGGGCGTAAGCAGAGTTGTCGACACGGCCATCCCGCTACTCTTAAGAACTTTTTGGGTAAGGTGCGTTTCCGAGAGGCGGTGTTGCTTCGGACCAGGTATGGTTTATCTGCACGAGGATACGTAGTAGACCAGGATATAAGGCATAGATGGGCTTCCCGCCAAGGCTTCCGGTTAGAAGAAAGTGCGATTATAACTATTCGCCGCTCTTAGGGAGGACACACTTCGATTGCCATTCCGCTTGCCCTTGATTGGGAAGGGACGTTCCGTAACATAGCGGATTAACGGGTGGAGAACTATGGGTTTCCCAAGGGCGCGTAATCTCTGGTCATATGCTGCTGTCTGGAATTCACAATTGGTATATCTCGAGTTGTGTTTGGTTCTTATGTGCGGAGCAACGCTAAGCGTATATTGATGGCGGGTCGATGCCATCGTAGCGGGCGGCAGGGTCTCATGCCTGTCAAGAGCGAGCCCTGCGTCTGGGGCTACACATACAGTACTAGGGCCTATCCCTGCGTGCCCACCGAGAATAATGTTTGAGAGGGAAGGGGATATCTTGGTGCAACTAACCAATTGTCATATGGACCGTATACGCGTGGGTAACGGATGATTCGTTCCTAGGAGTTTATACAAGATAAAGCCAGGGCATCACACTAGCAGAGGCTGCAAAATGTGGTTTTGACGATACGGGGGATCACGCGTGAGGGAAATTGTTTTGGTCTGATACATATGTCGACGAACAGGTTGCCTTTAGCGCTGTAAGAGTGACATAACAATAGCCTGTTCATCCCGATACGTTTCATCCAGTTCTCCCACCCAGCAGACTAGTCACTACGCATCAGCACATCCATCCGTGGGGGCTGCAATATAACTGTACGTGGTCACGGCAAAGAGAACAGTGCCCGTTGCGGGTGAGGACACAAGATCCTCTTGACTAAGACCCCCGCGGCGATGTCTTGCACTCGTTACTGTTCTGCCAGATCCTAAAGGTAGGCGATCTCAGACAAACACGGAACCACATCACTCAGAGTCCTAACGGCAAAGGATCATCTGAGCTCAAGAGCTTTGACGACACGTGAG,1494,50.27,Homo sapiens
SEQ_616608,CCCGAATCGTGTGTATAAAGACATCTAAGTAGGTTATTTTGACGGGCGAGCCTCCAAAGTTGCGCGGAACAACAGCCCTTTGTGCGGCCACTGGACTTTACGCATGCGTCGATCCTGATGTGCCCTACCCATATGTGTTGATGTTTCTTAACGAGGCCGCAGGCAGTCACGGCAGTGCGCAGGACTCCGTAAGTCAGGTGTTGACAACGCCGGCCCCGTCAACATCGCCTGTCTACGTCGAATAGAAGCAAGAGGGGGTGGCATGTGGGTCACTAGGTGCAGCGAAGAGTAGGTATCCCTGGAGGGGACACGGAACAATCATTAAATTCCGCCGCAGCATGAGGAGCGCCAGATTAACACTGCCAGGAGATCAACGATGGCGACATTCGGCACCAAGTGCTGGTTGGGCACTGCGGGTATGACTGAAACACTATGGGCGACTTGTTCGACCAATTACAGAGGAGTCACAAGCACTCAGACGTAAGGATGCTCAATATATTGACATCAGGCCCAACATGTCCGACTGGTTGTTGATAGCAATAACCACATGATCGTTTTGACACACTTCCGTGCTCTATCTTAAGCTACCACCAAGGGCTCGACCTATCGGTAAATGATTTACAGATCGGCAAATTACTTGGGTCCAAGCCGACGTCGATAGATCTAGAGGGTTTATAGTGGCAATATTAACGTTTTGTAGAGCAAGATACCCGATTACTGCTCGTGTAGCTTGCTCGCGAAGTAGCTCACAAACCTCCCTTTCAAAGTCTGGAAAACCGCCGGTCGTCGTCCTTAGAAATATACACGGTTCGCGCTAGCTCTGCCAAAAGAATTCTACCATGGAGTGGATTTTACATCACAAGAACTGCGAAGGAGCCAATTGGATGCTATAAAACCTTCACAAGTTACTCGGTCCTGGGTAAGCGGCTGCCGACCAACTCCCCTGCCTCAAGCCTCATCAAAACACTCGGTTCCGTCGTTACGATCAACCCGTTGTCTAATTATGTATGTATGGAGAACTGGACCATGTTAAGGCATCCTAAAACCACTCCCTCCCAGAGGGGTATCAAGGCCCCCACAAGGCGTAAACACGGAGCACCGGCAATATTACATCCACGCAAGAGTTCATCAATCCCCTTAGTGTTGGCTTTACGCGGACGCATGCGCCCCACACAGAAGCGAGTCACCCCCGGGCGCGTACAGCGCTTGCGATCTTTGCTACCTTAAATCCCTGACCGTGGAAATAGTTGAATATTTAGTCTTCGTGACACCTTAGACATCTGCCTGTAGTGTAACCGTTGAGTAACTATACAGGGCAGATGGCTGCTCTCCTAGGCCTTGCAAGCAATGGGGATGTTGCTGTCGCGCCTGTCCCGACTGTTTTATGTATAGTCGACGTGTCGCTTATCATCGGTCTTTGTGAACTTTAACTCGGTTTGTGTCCTTTTCTGACCTCGGAGATGTTCTGTGAGATGAGCAATCTTGGGCTGCCAATGCTGGCTGCCGATAGGCTTCTGCGAGCTCAGCGGGGGATAACTCTATCTTATTGCGGCATGCCCCATCGCGGTGAGGGGGATATGTTGTCGTGGATAATCCTTCGCGATCGCTACCGCAATCGACGGTATTTACGCACTTCCCCGCATTGCGGTAAAAAATACCACAGCATTTCAGGACTATTCCATCAGCCAACTCTATCCCAGCGACAGCTATAGAATACCGCTGTTGCCTTATCATCTTGTAAGGTCTTCGTACCTCAGATTAAGTGAACGGTGGACTCACGTGGAATAAAGTTCTTACACGGCACACTTCCTCCAATGGTCTACTCAAATAGCTACTGGCTAGCGTAACATGAGCGCGTTATCGGGGATCGAGGTACTGACTGTATCAGTGGGAGAAAGTTATTGTAGGTTCTTCCGAAGAATGGTTTACTACGACCGAGAGGATGGGGGCA,1951,50.18,Drosophila melanogaster
SEQ_865656,ATGGTCTCTGTACAGTCTTACCCGCCCTACTGACAAAGTTGCTAGATATGCATACGGTATTCGAGTTCGCCGGACCTAACGTGGAGACACGCCCAGATTTCCTTGGTAGAATGGGTTACTCAGACTCGCACAGCTGATTCGAGAAGAACTGCGGCTGTTATCCATCAAGAAAAGGAAAAAGCAGATCCTTCCTATGCAGAGTATAATCATCAATGGTGCAAGTATTCTAGATATCTGGCCATTCACCGAGCCTCCGGTCATCATATAATGTCCTAGCTCGTGCCTCCCCTTACAATATGTGGTACACGGGACGCAACAGAAGCCAAATCATCGGGACACATCTGTACCGCGGTTCTACTTCGGCCGGCGACTCTCACAAGTTCGTGCCGGT,391,49.36,Arabidopsis thaliana
SEQ_860276,CACAGCAAGCGACGCCCAGGCCGCTAAAGCAGAACGTGAAACACGCCCGTGCTCCGATTTAAAACATGCTAGAAGAAAAGCAATCCGCCAGCGGGATGGGAATAAACGGTTACGGACATGGTGTGCGCCTCATGGACAGAAGAGCGATGCCCTTCAAATAGTCCACGCCTGGCCGCTATCTACAGGAGCTCTAAACGGCTCGTCGGAAAGTATCAAAATCAATGGACTAAATGAGATTGGACCACTAATGTCTTGCTAGTCGCCATTAGTTCCCACCAGATGGGAGGGTCTTCACTAGGGATCGCCTTACACCTCAGACTTCCTCACGCCATGTCCACTAGCGCGTGGCCCCCGACTTATTTTCATGCCACGGGACGGAAGGCAAGGCTTAAGGTAAGATGCCGATTCCAGTACTTATGCGATCGGTTCACCAAGCCTTCCTAGAAGTATTCGCGACTCCTCGATACTCTCCCACGCACTGTCGACCGGCCATCTCACATAGCGTTCAAGGTCCGTCCTAACGCGCGCTTTCCTATGCCCAACATGACATCCCCCAATTTGGAACCGTCCATAGTGCCTAATGTACGTGGTTTATGGGCCAGAACATGGTTTTGGCGCATAACATCCGTGACTGAATGCTTATGGCAAGGATTGGCCAAGGCAACGTGCCGCAAACCTATAAGATAAAAAATCCGTAGTTCCTATGGACCATAAGCGTAAGGCTAATTTCACTGGGCCGAAGGGCGATCGTTCATCTCCGAAACTTTTGCGATCGGTAACAGTGTTTGACTCAATATTAGCGCAAGAGCAAATCAAAGCATGTGTAGGCCAGGTAGACCTCTCTGCCCCCACACAGTTCAACCTATCACGCAAATCTATCTCGGTAGAAGCTCGATCGCTCAGTCTCCTGTCGATTGGCCCCGTACACCTGTGCATAGGCAAGGTCGTCAGGAAATAACCGAGGCTCGGAATGCCTTTCCATACTGACTGTGCTCGCTCCGATGCAGGTTTGCACCCAATGGCGAGATGGGGCCACGTGGGGGCGTACTTGCTCAAGGAGTTGGTTAATCGCAATTCGCACCAGCTAGAGGGAAGACATATAGCTAGTCTTGAGCCAACTTGGTCTTGGAAGGGTAGACGAGCGACGCACATATAGATCATACCTCAGTTCTACCCACGAATTCGAACAACGACAAAGCCTGATAAAATTCAACAGACGTAGAAGGTTATGTTGTATTCAAGCAGTTGTGACTTACTCGTACGAGTACCGTAAGATATTGGAGTAGTGGCGATACCCCTTGGTGGCTGGCTCGAGTTGTTAGCGTTTTTGAGGCACCCTACGCTTAATAGGTTAACCGGATCACGCGATCCTTCAAGGCTACACAATCAATAGGGGAGTGGTACATCGAGGGTTGTGGGCGCAATATGAAGAAGAGACCTCTAAAAAAACAAGGACCCCGTTCAGGTTGCAGATGGTGCACCGTT,1485,50.51,Homo sapiens
SEQ_130312,AACTCACAGTCTCCCGAATAGTTCGAGTAGCGTCGCTACCAGGGGTTTGTAAGCCGCGGTATAGCTTCGTGATGCAACCGCGTACCATCTGCTCGTTGATCCGTCCTTTCTTCTGCGTCCGATTGTCCGGCGCAAAGGTTCCGTTGTATTACGAACAAACTGGAGTATGCGAAGCATGCTGCCGATATCCTGTGACAGCATTAGGATCAGAAACCGCAAGTCGAAGGGCACTTATGTATGAGGTCATGGGCAGGGCGGGAGGTTGAGTCTATGATAAGCAAATCGACCGCTGTTCAAAAAAGTAGAAGGACCAGAGACTCAAATACGAATTGTATATTCGACGTTGTAGAACAATAGCATTTGCGGCTAATAAGTGCCTTCGCCTCTCCTAAGGATGAAGTTCTCAGACGAGTGTTCACGATCGTCTAAATTCCCCAGCGGCGCGGGCTCATAGGGCGGTTTGGGTTGCTAAAGGCTGAAGGTCGCCCCGTTGCTCTGTGTTAAGGCGGTCGAATGACCGTTCACATGAGACGTGCAGAAAAGCATATGGGAGTGGAGATCGTAGCTAGCGCAGCGGTGAAATGAGCCGGCTCAGTAATTTGCAGCCGGGCCGAGTAGACGTGGACTGATGAAGGTAGAATCGAAGCAAATGGCAGGTTCTGGGTTGTTGTTTTAAAACGGTCCGCAAGGTGAGAAAACGGTTATGACTATAAAAGATCTCAGACCAGATCCCGGAGGTTTACACTTTGAACAAATCGGTTTTCAAAGTTATAGCTCCCGGCATCAGCCGGATTATAGCGCGCGCATAAATTCATAGTGATTACTCCACCATTGGACCTATTGACTCCGATTTGCGGCCCCCTATGGGGCCGCATACATGTCTCAGTTAGATTTGCCTTACATAGAAAGCGGCTCTTGTAAAATCGCGGCGCCCATCCATTGTCCTATTACTTGTCCTATTCCAGTCCCCGAGGGGTTCTCCATGCGAATCAGGGAATGCATGGGCATTCTCCGCAAGGTATGTGGACCGCGGTGTTGGCGCAGACGAAACTTTAGTAGCCCAAACGAGCCAAATGGACCGTTTACGCCGTCGATACTACCCACTTTTGCGCGAAATAATAAGAGCGTGGAAATGGAGTTTAGAGTTCTCACACCTCTTGACCGATACAACAACGTGTAGTCACCTAGACATTATGCCATGTTGGTGCATTAAATGGCTTACCTTGGATACGCAGGCCCCATTACCAGTATCTAATACGGGATCACTTCACCACTCCTTTATCACATCGTGGGTACCTGGTCAACTTCGAGAGGCAAATAGATCTCATTCGCTATGCCGAACCGTCTTAGGATGGTTGTTCGACTTCACCTGCGCGCTCGGGGTCTTCAGAGATTGTTGCTCCGACAGCCAGTGGTGCTCAATGGCGGAATATCGTGTCCAACATCGGTCAGCTCATATTCCGTATGCCGTCCTTACATTGAG,1483,49.7,Saccharomyces cerevisiae
SEQ_521993,TTACCTGCATTATGCTAACTATTCGTGCGTCTTTTAAGTAAGGATTATGTTAGAGGATCCACATGCGCTACCGGCTGTCACCCGTCGAAGCCCCTGCCTTCTAGCCATTAGTCTCTCTCGTTGTTAGCCCTGATTCTTGATATGTTATGAAGACGAAGACAAGCATAGCTCGGTCCGCTCTGAAACATGCTGGCTCTCCGTTGGTACGACCGTCCGCTAACAATCTACCGAGTCCTTAGCCGCTTGCAAAAAAGTGGGATGGCCGTGAAATGTTGAGCCTGAAGTCTTTTCAGTAAGTAGTCGTGATGCCCGGTCTGGAGGGTTCATGAAAATCGTAGCTTTGTGTAATTGTCTCCATTACAAGGAACTAAGGCGCAGGCATCCAACATCATTTTCTATGATAGCCATGTAATGAGGCTCATGAAGTTAATCATAAGCTCTCTCCAACAAAACAAGGTCGGGGTATCCCGCTGTTTACGGCCACTGATCTTACGTCCCCGCTCACGATTTTATTTTCGTAAGCGTCAGCTCGGGCGAACTC,541,47.5,Drosophila melanogaster
SEQ_103509,TGGTAGGAGGACAGGCGACACACTGTCGATGCTACTCGCTACGAGCTTGCGTAGTTTGCTTGCATGTTTGTGTACATCTTGACATAAAATAGAGCCCTCGACGGTTGGCACTTCCTCAGCCTAGCTATGGCAGGATCTAGCGGGCCTGAACATGTAAGGCTACCCTTTCGGAAACGTCTGACGATTCTTGTGGCTTTCCCCGCAGATCACTTGACAGTGATGCAGCCCAGGGGATACGAGGTAGCTATGATCGTCGTAGCGAACTCTAAGCGATAATATGGCCGCAGAGCATCCTTATGAAGACTCGAGTCTCGACCTTGCATCATGTGTCACACCATACATGCGTTCCTTGTTCGCTGGTTTTTACCACTTTCAGCGGTGGATCTGACCCTTATGAGCAGGGCCGGGGTGTCTGGCTTCATGTAACAAAAATTAGTACGCTGCTAGGCCTCAATGAAGCTTCCTGCTTCAGTCAACGTGCGGAATTCCACCGATTGGCGCAACGGCTGGATGGGTCTAGGGAGCCAGCTATGGCTAGGAGCGCGTGGGGGTCTCTCCAAACTGTAGCGGGAGATCGTACGTTCTTCTCTGACGGCTGAACTTACGTAGCTCGCACTCCTTGACGTATCATATCTGCAATCTGCCATGGAGGCGCCCGAGGATGACCGTTTTTGCTCTCCTCTGCATCGATCGCGCTGAGGACGAATCACCTTCGGACCCAAAAGAAGGGTATTGGGTATGCTAAATGAGACATTCGCTGATAAGCAGTATTCTGTTAGCAGATTGAAGTATGTTCTACTTACTTATAACTTGGCTCTACACACGTGAATACGTCCGGCCTACTCAGTAAGCCTACCTCTTAAGGACGCTGCTCACTCTGTACGCTTGCTGGCGAAAGGTTCTTGCCTATTAGCGTAATACTCACCACACGAAACTCCGGCAGCTGCGTTTGGACTCCCTGGATGTATCCGGCACAGTACCGTCGGCCTCCGGTAACTAAAACATGTACAGCGCAGTCGTGATCTTAAGGCCGAAATCTCTTCCTTGCTATAGATAAGTACTTCCGACGTCGTACATACTAGTCCCTCAACCGTCGAGGCGACAAATGTGATTAGCATTGTGTGTGTTCACATGCCGATGCCCTAGAGTAGAGGTTTATTATAGCAGCAGTTAACCCCACGTCAACAGACCAAATGCAGGTGTTCGAGCCATGCAAACCTGATTGATTTGCAAGGGCTGAAAACTACGGTAGCCGATCGACCGTATAGGAAAGGTCCACCTATCGGCAGAGCTGGCATAAGCTGCTAAATCGGGGAATGATCCCGTGCCCAGAACTAGACGTATTTATTCGGATTCCAGGAGCCCACTTCCGATATTCGGTGGCACCCTCCTGGTAATAGGCTGGTTTTTCGTCTGCATGATGCTTCACCTAATCTGGAGTTCATGGTTGGGCTTTCTACATCGTCCCGTGATTAACGGGGGAGCAGAACCTGTTTCAAAGACGCATGCGGACTGAGCTTGTCATGTGCCACGATTCCTTAGACGACCATAGGACAACTTT,1561,50.54,Homo sapiens
SEQ_239422,AAGCCACCCCGCTTTACAAAGCCCACCTAGAAGTTAATCCTGTACACCTGGTCTTCCTCCGATGAGCATAGCGCAATACTAAACCTGGGAATAAACGCGCGTAGCATTGATATCGATTCATCTGCTTCCGACCCACCGCCACGCGGACTGAGCCTGCGTCCGAAAACAGGAGTTTCGTATTGGGCCCAGGTATGATTAGTGCAAAGTACAAAGTAAGATTCATTTATCTTTTAACGCCTCCGCTCCCAGACCT,253,49.41,Drosophila melanogaster
SEQ_801206,AATTTCCGCTCATAAGCAAAGCAGAAAGTCCTGAGTCCAGCACTCATAATATAACCGGATTAATCTCTCTGTGTGTTCCCTCAGGATAACAAACCATTAACTTCCCCGGACGCTATCCACCCTGGAACGAACGTCCCTCTACCTCTCAGTTGGACAACACTAAGCCTATATAGGACCAGGTCCTTAGAAGAAACTTATACGAGACCTAGATCGTCACGGTCAGACTATCACTCTAGAGTCGTTAGGCAACTGAACTGTACAGGAAGTGAGCGTAGTACACAAGAAAATCCGAACCAGGCGGACAAAAGGTATGGAATGCAATATGATAGAAGCCCGCGAATGGAAAAGTACTTCGAATCCTCGTTCGGTACACCATAAACCCCGCCTCGCCCAGATATGTCCCGCGAGCGGACAAAGAGGGAAGACTTCTCTTTCTGAGGAAATTCACCGGAATCTTTCATACTGGGTAGTAAGATAAGCATTGCGAGTATTTCACTCGACTGCGACGCTCATTTTAGAGCATTGTTCGCAGCCCCAAAGATCATCCCGAGAGATAATATCGACGAGCATAGTTAGTACTCTTCGCGAAATACTACGTATGTTGTACGTATCAAGAGTGGCTTCACATGTGATGGCGTGCGCCTCTATCTTGTTTGACAGCGGGTGTTCTGGGTGATCTGCAGGGCGCCAGGTGACGTTGAGTGACAGAGCAAAGAAATGGAGGGGCTACACAAGGGGGTCCTGCCAGTGTAATGGGCTATTCTTGTTACGTGACATGGAAATTCAGTCACTCTACACTAACCGGATATGCCTCGCCACCACCGACTACCGCCGTCGACGCAACAACAAATCTCAACCTGAGTTGGAGGGTAAAGTCTCTCAGGATATTACTATTTTCGCTTTACGGAGATGTCATC,917,47.66,Saccharomyces cerevisiae
SEQ_780337,ATGAACGTCTGATTGCTCACCATCTGAATTGAGATCAGATGTCCTCGCGGGGGTCTGGGGACATCGATCACCAGATATGGTTTAGACTTAATGGAAATAGACCCGGCTATGATCACCCCTCAAGACTTAAATAAGCGACCGCCGGCTACACGAGAATTTGCACCGCTTGCATGATTCGTGATCATCATACAATCCAGTGCTCAAACTAAGATAGTGACCTCGGGATCGCTTGATCATGTCGTTAAAACATCTGCGTTTCGTTGTACGTCGCGGGAACGTGCGGACTTTACCCGTGGTCGTCCATGTTTCTTCACCTCAGGACCACCAAATGCTAGAGAGGGAAGCTGGTGCTTACATACCGCCGCTATTGTTAGGGGGAGGAATGCCGACTATCGAAGCGATAGCAAGGCGTCCCGTTCCAGCCAAGCAGACGTCGGGCTTGGTTATTACGTAAACATGATCATTTAGGGCGATCGCGGAGCTTATGGACGATCTGCATCCCCCGCTTCGTTACTGTGAGGTGTCGTCAAAAAATGCCTGTACGCTATTTTTGTATAATCTTGTATTTTATGACATTACACTAGCGGCAAGTACCTGAGGGAGTTTCAAGGCGCTTTCGTTTAAATAAGACCAGTGCGAGTCTAAGCTGCGAGAGGACTTGGGGCGGGGCCGGTTGTTGACATACCGCTACTTCAGTTGCAGTAAATTGCCCTGCCGGGAGATTTCTCGGGCGTGACTATCCTGCAATCATTAGGGTGCGGTTGTGAGGGATGGGAGTCCAGCTGGTTGCCCGTAATATTCTATAACAGGTAGTCTGGTATGCAGCACTAGGATCAGACTTTTCATACAGAAATGTCAGGGCCTTTCTAGCACCATTGCGTCGTAGCTGGCCGAAGTTGGCCGACTCAACGCGACTGGGAGAGGATGCCTCCAACCCGATATGTAGTCCGCCGCGAGAGCAATTAGACTTAGTAACTAGTCCCGTCATATGTCCGGGAAACAACCGTTGGTTTGATTCGGCGCCGTGCTGACTTCGCCCAGCTTATTATGCCTCGAGACACGTTTTATCCCCTTCTTGGATGCATTTAAAAGAAATCTGTCGGTTGCGCGCGTGGTGTCGCCAATGAAGGTGCGATACAATCGAATTGTTCTTGGACAAACTT,1163,49.87,Caenorhabditis elegans
SEQ_732621,GGCTGGCTGTCGTTGGTTGGGTGATCCCATTACAAAACGATATTGTCATCTTGCGCAGTGGAAAACATACTGGTGCAATTTTACGCATTAAGTATATTGGTCGTTCGCGGACCTGAATTAGAGGAAACCGGTGAGGATTTTTCTTAAAGGCGACTGGAGCCAGCAGGGATCGGCGGTGACGCGATCCCATCAATATGGCTCGGCGGGTGTACATTCCCT,219,49.77,Homo sapiens
SEQ_772555,CCTATTTACGCCCACTGCGCTAAACTCAGCACGGGGCCAGAGGACGCAAGGGCGACTTATTGGTTAAACTAGTTTTACTCCTCGTAGCCACATGTAAAGCCTCCTTATATTTAGTTGAGAGTGCCAACACCGGGGAGAACTGTTCATTGTGTA,153,48.37,Drosophila melanogaster
SEQ_863023,TGAAGATCCTGATGCAGGCTAGTAGGATTGCCGTACAACCCGAGCCCTCACGGCCGGTGTTGCTTCCCCAACCGCCCTTCTATCGTTGTATCCCCGCTGTTGGCCCGTCCAGAGTGAGAGCTACTACACCCACTAAGATGGTTCTGTTGTACGTGGTTCCCTCTGATCTAGGGTTAGGTCGATAGGCCGTTAGAAAACTGATTGGACGGTGACAGAAACGAAAACCTTGACTTATGTAGGAAAAGAACAATCCAGGTGGTATGTATGCTCGCTACTTCGTCCTCTGCTCGTCTGGTCTACAGACTCAGCATAAACCAACACTTGGAGACGAGATCGAAAGACGCCGTCCAAAACATAGAGTCATGAATCAATACCTCAAGATACTCCCAGAGTAGGACCACCCACGAACATTTGACTTCACCCTCTAGTCTCGTCTTCCCATCCTCGTTCAAAGCACAGATTAGTCGGTGCAAGTCGATGAGAAAAGGGCAGGGATGAATCTACACTCAACTCGGCGATCCAAAGTACCTTCCGGCCGCGACGGCAAGTAAACCACGGGATAAGTGAGCAGTGCTTTCATTGTCAACGAACACATAAGATAGCTTAGAGCCTGCAAGCTTTAAGAAGATTCAACCAGCGTATACGAGCCGTGATCAGTTGCAGACCCATCATGATGCTTGAGTCCCAAACCCTGAATAGTGCACGTACCGATCATTTAGCACAACAGTGACCGGAGTTCGTACACTGAAAAAGATGTACT,760,49.08,Caenorhabditis elegans
SEQ_284044,TCGAAGCCCTCGATTCAGCGATTAGAAGGACTCCGCGCCGCCCAGGCACGCGGTGAGAACCTGGTCCTAGGGACCCCTATGGAGCTCAGTCTTCGTGGCTCCAGTTGATAATTGGTACGGGCCGAGGAGGTTCTGCTTTGGCTTATATGCCCATATGTAGCTAGTGCGGCCTCGGAGTATCATACTACACACACCCGTCCCCAATATAGTTACGTACACATGTGTCTAAACTCCTGCTCAACCTCTGCGATACGGCAAGGATGGTTATAGACAGTACAGACGACGTCGACAGTTTGCGGCATTTATACACGACCGTCGGATCACAGAGAAAGGGGCTGCGAAGTACGACGTGCAATTCTTGTTTAAAGGCCATGCAATCAGACATGTGAGCAGGACCGATTCATGGGCTAAACCGTTCTTTGAGCCTGTTGTCGGGCAAACTAATGGCGCTCGGGAAAAGGTAGATCATCTAGTGAATTTCTC,483,51.55,Escherichia coli
SEQ_777938,ATGTTAGTAACCTAATGCCTGTAGTTTATAGAGCCAGTAAGAGCCGGAGGAGTATAGCGAGAGTCATGGTTATCTCTGGAGTCTACGAGTGTTTACCCAAGGGCTCATCGGGAAAGGTACGCTGACTGACAGAATTTGCAAACATAGTAGCATAGTGACGTACCGGTTACACGGTGCCGCGTGAACCACCATTGTAAGTGTTTTCTTTGTGCTCAGGCTTAACCACAGCCTAGTACCTTTAAAGGAAGAGGACTATACCAAAGTAAGCCACTCCCAGTCGGGAATCTCAGATGACTTAAAATCTACGTAAATGCACTCATTACACGGGTCAAATCCACT,339,45.43,Escherichia coli
SEQ_412038,GCATTCGAGGATCCCCTGCCTAGTGCTGTCAGTCGTTATATTATTGTGCTACCTTCTGGCGCTTGAAGTACCCTCTGAGCAATGGTCTTTCTGGTTGTGAGTAAAAGGAG,110,48.18,Saccharomyces cerevisiae
SEQ_829752,CTTGAAGTATCCTGTGGCGTGATTAATAATCGTCGAATGCTCTTGCGTTGGCCTAGACTCGGCCAATGGCAACACACATGCTGTGAATATTATCGTAGGGGGACACGAACAGGGTATTGTTCGTGTGAGCGCTAGAACTTTCCGAAAAGGTAGTCGGCCGAGAGCAATTCTAGTATAGCCAGGAGTGGCAAGATGCAGGCTGACTGTGGTGGATAGTACGCTGCATACTGATCTTGAATTTGAGAAGAGACTTGACGTGCCATCCTCACTCCAGATAGCGAGGAGGATACATTTTCGACTCGTTCAGGCCAGCCATCACTCCTTGACACCACCTACGCTCACGCCCAGTTCCTCCACTTTGGCCTGACTACGCCATCGCGGTACCGACCTTAAGCGCCTGACTATGCATTGCCTAAGATCGAAGCAACATTAGGTTTTTACGTTTCTTAGTTCTACTTGTCAAAGTAGTTAGATCTGGTGACTTTCCAAAGCTCGCGGAGAGGGTGAATGATCGCGACTCTATGAATTTACATACACACATTCCAGTTCTGGTTGGGGTCACCTAAATAGCCGCTTTTGGGGTGATCTCGGAATCACGCCCTTTGGGTGAAATATGCAGTATGCGCTGGAGTGAAGATAAATAACGCAGAAGGCAACCCAACGATCTTTGGGAAGGAACATACCAGCAGCTGAGATCGTTCTGCTTCGCATTCAATTGTAGACTCACTCGTTGCGCTCTTTTCGATAGGGGAACTAAGGATTCACCTTAGGACCGTGCAACGTAACGTACCTTAGTATGTGGCATCCGCCGGAAGCAAACGCACTTCTGCGCGTGCATATCATCCGGATATATAGTTTATTACAGACAAATCGTACGCCGATTCGATGACCTGCTTGACTCCCCAACAAAGAAAAGTACACCTGGCGCAATATCATATTGGTTACCGCCACTTTTGGGATCTATTTGTGATGGATTGAGGATCTTATCAACGGAACTGCACGCCCGCGAAAGGTCAAACTGCGGGTAGGAGACGTCCACTCCTACGACTTAATTAGGGTAACTGTCCGGTATTTGAAGCTGGATAGACCTCCAGTTGAGGCAGCCAGTGCAAGAAATTCGGCGGGGATCCAGTAAAGACATGTATCGTGACGGAAGCTAAGCCTGCCTCCCCATGTAGCCTCTCTTGCCCGCGACATAGCAAAACTTGGTATACGCCTCCTCCTTACCGGATCGTACCTCCCTGTAATTGGAGGCGCGCATACGTTAAACTCTATCGCAATTTGATGAGGCTAAGTACTTAACGACGGGACTGTGCTCCTGGAAGGCGTGACTGGTGGCAAGGCAACAAGTCCATTCAACAAAGAGAAGTCGAGACTCGTCGCGTCCCCGAGCGCGTCTCCGCGAAAAACCGAGCTAATTAGTTGGGTCGTTGTAATTCCTTAACACAACGCTGTGCGTCCTCACGTAGCTTAGGTGCCCAGTAGCACTCCGCTAACAACGCGTGTGATAAGTTGTGCACAGGGTCGGGATCGTCCCGTTGATGTAGACCACCTGGCCCAAGCCGCTCCGGTTTGGTGCCCATTAAGTCAACATGACCCGGGTCGGCAGCAGAGGATATGGGCGGAACTAAGCCGAGTGAGAGAATTCCTGTCTGCCTATTCGAGCTGAAGGCGGGAATGCTCAAAGAGCGATTGACTTCACACGATTCCCGGCAACAGATAAACCGGGGGGCGACAATTCGCCTTGAAGGTGGCCCGAGGGGGTTATACTCTGCTATTTACGATTCGCAGGACGATACCGGGGACGCAAGATTAT,1816,50.5,Mus musculus
SEQ_427692,ATGCCTCAGAAGCGGAGATAGACCTTGCACTTAGCAAGAAAAGGCGAGCGGGGGGTAGAGTCCATGGGGCCTGATTGTAATTCTACTAGGGCTTTCAAAGCGGAATGGAGTACACACCTCAGTCATAAGATGTACACGGGGCGCTAAGAGGGCGAGCGGCTTGATTGCCTGTTTGGTTAATAACTCTTAGTCTAGATGAATCCAGCTCGTTATATAGGCGACTTGAGTCAACAAGGATTCGTAGGTCGGGTTATCGGGCTGTATCCAGCGCCCGATACGGAGGTCTAGTGTTAGAGCAATTGGGGGTTTCTGGGCGGTGTTCTGTCCCGGACTACCTATGATTGAATATCAATACCATGAGATAGGGTAACCTAAGCGCTGGAACTCTTTTATGCATACTAGCCGCTCGGTAGGCCTGGTAAGAGCTTGCCGCTGCCTATGATGCGCCGCCAGAATCTATGGTATATCACGTCTCGCAGGCAACAACCGGTCGCCCTCAAACCGGTGACAGTTCTTTTCACGCATTCGACAGACCAAGATACCGGAACCCGTAACTTTCGTCGCGGTAGAGCGGTTTGACCAAAGTTTTTTGGGGTACTACTCCTAGAGTTGTTTAGGTGTAACGTACCCACCGGATTAAGTTTTGGTTAGATGACGATATTATGACGGGCATAGACCGGAATCGTGCGTTACATCAAAGGCTTCGATCGCAAAGAGTACCGTATCAGCTGGGGGCGGT,739,50.2,Caenorhabditis elegans
SEQ_492892,GAAGAGCTCCGACTTATGATTCTTCATCCTCTCGCAAGAAATTAAATTTTTCTTAGTGAGACTTCTACTTCTTCTTCAGACGACTGCTCAATCTTGTCTAGTATAGTTTGCGTCCAACTTGAAACTCTAGTACTAGTCTGGCGAAATAGCTGAATGTTTGGAAAAACGATTGTGACCAGATCTCCTCTCGCTCAGGCCATCTTGCACGGTGGGAATCTCCGTTCAGGGAAGCGAGTAACGCTCCCTGGGAACTGTGACGCTAGGCCATGAATAAACGCTGCTTTCGAACCTAGATCTTTTGAAGACATACATGGAAATTGCTTGTCTTACTTATTTGGAGGCTCCTAAACCTTATGACCAGAGCGGGAGCCTTAATTCGAGGACCCCGACCAAATGACCCATACGGGTCTTAGGTGGGCATGTTACTTTGGTCTTGGGTCTAATACCATCTCGTCTTCTCCGATCAAAAGAGGACGTCGGCTTTATGGAATAATCTTGTATGTACAAAAAATACGCGTCCGCATACCAGGCTTGACCGTGAGAGTCCGAGGAGAGTGTTGCTCCCTGACGTTGCATTACGTTTATACTAGGTGTAACACAAATGTTGGCCCATCTCTTGACCAGTCCAAGCAACCGTTAGAGGACCACACCCAGCAATACACTCAACTCGTGTTTAGATCGATAGCTCTGTTTAAGTTCTTCAGTAAAAAAATCAAGCCTGGTCGTCGATAGCGTCTGATGTACAAATGCTCCGTTTGGGGGTACCTAAGGAGGTGTCAATAACATTTCTCACCGCCATACGGTCTATTGGACCCCATCGTGGTTTCCCGAAACCCGCATACTATTTACTTCTAGCACGCCCACCGAGGCAAGCCGCCGCCAACTGTTTTGCAAAGAAAACCACTCACCCTCGGACGAGGAACCAACCTTACCCGTCACAAGGGTTGCACCGATTATGAGAAGCATGTTTCTAGCATAATATTTAAGAGGCCGGGGTCTACCGGATTCAATACTTGGACCAATACTTTAGAATGTGGCCATTCGTTGTTTAATTGGGTTTGTAATGTCAGATAGTCATGAACTTACATAGGACTGTGCGGGCTTGAGGTTTGCGGGAGAGAGCGTAGTGCGGCCCTTCCATAGTATTTATCGGTCAGGTAGTGAGGCCGTTAGCGTATGTCCGACCCGAGCAGACGACAGTCTAAAACGTTTTTTTTAAGGAGCATTGCAGGCACGCTATAGTCACCCCCACGCTGCCCTAGTACCAATAACCGCCTTACGTGCCTTAACAGAGTCATTTCCCCCTGGCAGTCCCCATTCATCACGGGGACACTTGCAGGCCTGTGGAGCAGACCAGGAACAGCGGAAAGTGTTTAATTTTGCGGTAGTTCAGAGGCGACCCTCGCAGGGACCCAACCACCACCGGAGGCGACCGCATTGACGTCTCGTCCATGCCGACTGTCACTTGAGTATGGACATCCATACTCCTAACAGCGCGTGAAAATTTCACGCCACGCTATAAGGCTAAACAGCTACTCGGCAGCTGGAGCGGAGTAACTCCAACCCGTAAGACTCTCGCGTGTTAAGAATAAAATTGTGGCCAGTGTCCATCACACGCGAAGCTCATGAGAAAGCAGTTATATTGATTGCACTAAAAAAGAAAGCATTGCTGGTCTCCAAATAAGTCGATCGTAAATAAAAGCAGATTGTGGGCCACGTGGGTCGGTGGGGGT,1733,48.18,Caenorhabditis elegans
SEQ_811443,ACGCAACTGATGGGAGGATTAGTGCAGAACAACCAATTACCGTGCGTTTTAGACTGAAAGTACGCCCGTGCGTGCGTCGTCCTGGAGTGTTCAATTTCCAGGCGATTGGATGTGGTGAAAGATTTGTGGTGCGCGTTCTTCCATTAGGGTATCTAATAGGATATACCGACCCTCCACAAGCACTGTTGTTCAACCCCAGCTCAGCTCCCTATACACGCATGGACACCAAGATGCTACTCGATCATCGGGGAGTCTCCCTGGCGTGCCAGACGACTGGGCTCGATCAGGGCCATTGGCCTGCTTACTGGTTTCGAGAACAATACGCGATGTTCGCGGATACGCCAGGCCGGGTAGCCTAGATTAACCTTCCGTCAAACCGATCGGGATGCTACTCGCGTCGGTCTAGCATGGCTAGCGGGCCTGGTCTGATAACTCACATCAACTCGTCTGCACGTAACTCGGCGGTCGTTATCGTTGTCAGTCCAACATCTGAGGGTCAGACGTTAGCCTTGGGATCGGGTATACTGCGTGTCGGAGACTGTACCAGAATTATGATACTATCTCAACACTAGCCACTAAAAAAAAGTGTAGCGCCTCCCCATACTAGGGCAAGTCCAGAGCTTGTGTACAGGTCATCCACCTGGCCCTATTCGACAGACCAGCTCAGATCACCAGGCGTAACCGTGTGGATGGGGCATCAGGACCTCATTTGAGGCAGCAACACTAACATCGTGAGGTAGCTGTATGTTCGTACATGACAAACGAAAAGAGTTGGATTATTCCGCAACACCTCCCAGAGGGGTTTCAGCGAATTTGAGTTTCTGAATTTTTAAGAGTCTGCGAGGAATATATTTCGAAGCCCGGACCCGTCCCGCTCCATTAGGTATATATCGTCAGTAGAAGTCAAATTGTCCCATGCAGCCTAGCGCTGTGTCTTGTATTCGGCTTCTTTCAGTCTGCAACGGACGCTGGTCTGCCGGTGCAGACAGCTTGGTTAAGGAGCTTACTAACTAGCAGCGAACCCCAGAGCCTCGACTTAGAGCCGCTTTAATTTACGTTACCGGCCACATCCAGAATTATCCCACTCTGCCAATGACGGTGGTTGAATTTTATGAGGTGCTAGAAGTCTACGTACCTAAGAAGGAATTACAATGTGGCAGGTTGACATTAGGTTCGTTAACGGGTACATCACGCGACTCGATAAGAACCGGTTGGAAGACTGCCCGAGTAAATACACCATGAAATAGGTCGCGTGCTAAATTTAGACGACTACGCGAAGTACCCACGAAGTATGCTCCACCTACCCTTGGCAGAAGGGATGCAAATTTAGTACTTGGAACATGGATCGGCGCTATCTGTCAGCCCAAATCAACATCGTGGGGAAACATGAACCTACATCTTACAGGCCCGAGAAACGCCGCCCATAAAACGAGAATCAGAACACACTGTCCGCGGCCCCTCTGCTTAACAAGCGCGTAGCCTTCGCTTTTAAATTTAAAAGCTTGAAGACTAAATGGGCTTCGCGGGGGAACATCCTCACGGATAGCAACAAGTTAGCCCGGGCGTTGGCCACTTCGTTGCCTATAAAGAGGCGACAAAACATATCTGAAACGCTCCCACTAGGTAGTTCTATTGTATGGGATACTGTGGTTTCCGGCTTATAGCAGCGAGAAAGCCAATACATCCATACGTCGTGTCGGTAGCTCTTGGGGTGTATCCAGCCGTTCGTGTGCCGATAGTTCACGTATTGGAGCCTAGGTCCTATAAGCGTGCCTCGGCCCTCAATGCTGACACCGTCAATCCGGTCATAATCCGCTGAGCTTGCGAGTACAACCCTTCTCGCGCGGCTCGCATCTGTACAAAATGAACGAACTCAAAACTCAATGCCCCCTTTAAGACAGCAACGGTTTGCTAT,1915,50.34,Caenorhabditis elegans
SEQ_984430,CTAAGTGCACTTTTTCCTATAAATGATAGATGGAGAGATTCTCGCCGTCGGTATTACCGAGATCCGCCTTAAGAATTTTTCAACATTTCGCCAGCGTCGAATATTACGCCGACTTCGCCGTGGCACTGCGGGCGGGCTCTTGTGTCCCATGCCGTCGTCTGAGCGGCCTCTTGTATTACGCCCATTAAATCCCACCGAAATGCACATGAGCAGATTGGCTACAACAGCGGTAAGACCCCAATGCTTAAGAGATAGCGCTATGATCGGATCCGCATAACGGTATGACAGCCTTGCCCGGAGCCAAGAACACTCGGCTCTGGTGTTCATAGTCGTTTATTCAATGGCGTCACACCCTCAAACGGTCATCGGTCATTCATTTATAAACGGTTCGCTAAAGATAATCAGCTGCATAAAGCTCGCAAACCGAGTTTGATTGTTACCCACCGAACTCTAAGGCTAATATCGGCATCGACGATCAGTGCCATCACCTACCGGACGCCACGAATGGTTTCTTGTCCTAAAATCCCGCCTTAGGTTTTATGTCGATCGCTCGTGGTGGTTCGGATTGACACACTCCGTCGTGTCGTCTGATCGATTAATAGCGCACTTGGGTCACGCCCGTTGGGGATACCGTGCGTTTAGCTCAACTGGGCCCACCTTGGTGGAATACTAGTACGTACGCCAGGCTCACTAATCAAAAGAAGAACACGCGCCATGGACCATATTCATTTGATCTTGGTGTATTGTGATGCCAGTTGCTATAACCGAGCGCGAAGAGCGATATCCATGCGTCCCGAAGAACTGCCGGGGGGACTACGTTCGCTCGAGGAGTTTGCACCTTCTCCAGCAAGGCCCGCATACACTGATTGCCACTGGTGCCTGCACTGTCGATGGAGGCGAAACGCGCGTGCAGGATGAACCGCAGTCGTCACGTTGCAGTCGCCGTCGGTGGCATTCGGACGTTCATATTGTAGACGCACTCAACAATCGTTCTAGACCACAGCACTGAGGCCACACATATTGCGAATGCCCCAAAATACATAGATAGTAGCCTGCAGGAATCCTCAACACTAGACATAGGTCCTCAATTCTATCCCTAGGGAGATGTGCGCCCCACCAGTAATGCTCAGCAATTCCCGCAAACGGTAACATTACTTCTTGAGGATAAACGCAAGACTTAGGTGCAGATCGTATGCTGTATCAATGTGATACGCAAGGGATGTTCTCTCTATCCGGTCGTCGTATTATTGTAAGTTCACTATATTTTTGTGCTGGACATAGGGACTCCTTCGAAATGTTTATGCTATCCCAGCTCTGCGGTAGTACAGATCGCGCCCTGGCGGTACACCCACTCGGTCACCATGCGTGAGGCTTATCGGTCAGACCGACTCAGGTATACAGGAACCGGACATTTGACACCCCAGCTGCGTACCCATCTGTAATAGATGGTGCGAGCTAGGATCGACATGCCCGGACAAAGAGGCGATCCGAACCTATAGTTTCTGGACCTGTATCTGAAAGTACTATGGACTGGCCATGAGGGAGGGGCTTAAATTAGAAACCCACTTCGCCCACAGCTGCCGGACTGGGCGATTCGGGATCAAGAAGGCAACACACTGGCCGTGGTTAAACGAACACGCTTAAGACCCCACTGTATGAGAGCTCTGTAGGGTGGTGCCATATCAGTGCGTGAAGGGAGCCGGGCCTTTAGGAGTG,1716,51.17,Drosophila melanogaster
SEQ_696977,GAGGCGTACTTCATCCAGCTGAGTGATAACTTAAGCTACTCCTTTTACCTCACCGGCGCCAGATCCGAAACCTCACGCCGATGAATTTGGCCATCTGGCCGTCAGCGGGGACCGTTATTTATTTGCGCGGTGAACCGTGTGGATACATTTCAGCCTACCGGTAACATCCGGACCAATAAAAGAGCGAACGGTTGAAGTCATGGTCAGATGGAAACGAGACATTTACATATCCTCGTGATGCCGAACCTCGGTCAGTCACAGATTGTACAGACCCGACCCCTAATCGTCTTTTTACTAGGAGTACGCACTTCCCGAGATAAACGTCGTGAAGGGGGCTGGGTGTTATGGACTTAGGGGTCAAATCGGTAGTTGATTCATGGGCGGTGAAACCCCTAAGCTGTTTTGAATCGTTATTCATTCGACGAGTTCATCTGTACTCCACAGATACGGCGAGTAATTGTCTAGACGGCGATGCCCTGGTAATCTGGTACGGCTGACGGGTCGTTCCTCTTTGAGCTTCGGTTCAGGAACCTTTAGGCCCGCAGGTCAAGACGCTTTGGACTGTAACTCAGCCGCGGGCCCGTTGCTAAGTCGATTTGCTGCCATTAACGAATTGAACGTGAAATACTGTTCGTAGTATGAATGGCCCCCTGTATCTGTAATTTGACACCAGTTTACCAGATTGTAATGACGTGCAAAATGGTACGAGGGACGGTGGACTTCCTAGGGACTGATTCTCGTTGGCTGGTGGGTTGGATTAGTAAACACTCACTAGTAGTCCACCACAAGGGTCAATTTAGGCTAATCAAAAGGTACTGGATGTCTTAGAAATCGGTATCCTAACGCTGCCCGAAACGACTGTCATAATATAACCAGATGCGCTTCCCAACCGACCGCTTGTCAGGGGTCGAATCGGCTAGGTTCAAAGCCGGTACGTTACATAATCGGTTGTCGAGCAATTCGTGTGAGTGCCATTGCGAAACTTTCAGGACCAGCTGTATCTAGCTTCCCTAGCATGGGAACATACAGTCTGGCAACTAGATATCCTAATACGTACTTCCCGAGGTCGCAGGCCTGGAATATGGTATTCTCGTGGTCTTTGTTGTTGCTGGAAAGCATACAAACCATTTGCCGGGATGCCAAGCGCGACGCCCTACGTTTAACGGAGACGGTGTGATATAGACCCAACGCATTTTGCGACCGTGCATACAAGGTTGTCTCTTCTAAGATATGGGGTCTTATTGTTCACATTCCGTGTGGGGTGTTTCAGCGCGTGAATTGCCTCGTCTCTCACCCGAGTGTGTTAGGTTCGGACAACATACGTCACTTTAGGCTCCGTTGATAGACAAGTCATTCTCTTCCACAAGCCTTGGATCAGAAAATTATATGCTTGTGACCATACACGTGTATCATTATATAAATGGGAGCGATGCGGGTATACTGAGCTATTGGGTAACATCAGCTGCCGGTGGCACCCAGCCCCTGACAGCATCGCAGGTTTTTCTCGAACTCGGACGAAAGCCCGCATCGGATATAATAATTGTGGTGATGGGGTGCTTAACCGTTGTAAGGCTGGCGTACGTCTAAGAGTGGGGTAAACAATAGGGAAAGTAACGATTTCGTAACAGTAGGTCACTATGAGGGATTAGGATCCTTACGAAC,1662,48.74,Caenorhabditis elegans
SEQ_808316,CTGGGGTCGGGACCCTTCCCGCCTATGCCAAGTGTTTAGTATGGGATGCGCCGGGGAACTAAGAGAGTTACATTTTTTTGACCCGGGTCCGCGCGTTCCAAGGGAAAGCGTATCACCCATCAGTCGAATGTGTTTCCATGGATCTGTCACTGGTTATGCCTACATCCTTTTCGGTGGCTAGGTTCTTTGAAGAATTGCCAAGAATTGTAGCATTAGCAAGGTGAGGAGAGTGCCTACTCCCAGAGGCTGTGTAAGTCCGGTTCTGTACTAGCTGCTAAGGCAACTGTTAGTGACTGTATACACCGGTTAGAGACCCAGTCTTAGTTTGGAGAACACCAGTATGGCTGGCCACCCAACCCCATGCTACGGTCAACGCGGTTCCTTCGGCCACATACGGACATTCGCGCAGTGATCTCCTACCCACAACTGGGCAGCGGTAATATAACGATGAACTAGCGTCAAATTAATTCCAGATGATGCTCACACTGTCTGTCCCTAGTACTTGGCGTAAAAGCTCCCCTTTGGTATACCTTTTTCTAAGTACACTTCCAATATATAAAGGTACAGAAAGCGCGTTCGAACACACTTGTGTAGCCATGGCAATCCCATTGGCTCCATGGAGTGATCCGTAGGTGGCTCCACTCCCCACGCCCCCTAATCGATCCGGCGTAGCAGCAAGAAAGAGACGACTCGGCGTTCAGACCTAACCCTATTGCGCCCATGGTTCGTTGTCCGTGCAGAACATCTGGACTTAAGCCTCACTGCTCACCGTACTCACCGACCTAGACAAGCCCGTCACAGACCACAAGGCGGAATGATAGGTATGTGTACTCGGCAGTACTTGCCCCTTTCTTTGTTAAGTCCCCGGCAGGCAAATGTCGACGCCTTCTGAGTAATCTGACCAGCCAGCCAGTTCCATCTTTAATGTCCGGAACAGTGAGACCGTCGTGTGGCCCGCGTTGGATGACGTATGATGTCACTCAGGTCTGGAGAGGTAGTTAGGACCGCGCGCCCACGAGCCCACTGCCAATAGATTGATGACCCATCTACCGGTATGGGACGCGCGACATGGACGTTGAAATCGGGTAACGGCCTAAGGCTGCACAAGTAGCATGCAATGTTGCTGAAATGGCGAAATCTCGTAATACTATGAATGGTGAGCCATTTCTCTTCTTCTGTCAGCGCTTAAGAGACATGGGTTAAAACCGGTCTTGCTTCGGTGGGGTGCTAGTCTCAGAGACTTCCGTACAGTCGCAATTGAGTCCAACTGCGGCTGGGAACGTGAAGAGCACATACAAGTTACCATGTTACTCTCGTTTAGTAGGGGTAATGAAGTACAAGAGCTCGATCATTACTGATGTGCAAGATTCGCGAAGCATCGGGTCGCCCAGGGGAAATTGTAACCAAAGCAGACAGTCTCATATAAATACGGTCTGACGTGACGAGATATGTAGATTGAAATGACCCTTGCTTACATGGGCAATGCCTCGAACCCCATGAGCCAGCGAACGTGCTAACGCTAGGCAACCTCGTTTGGCCAGAACATGAGAAAGTTTGGGTAAAAACGTCAATTAACGGCTCGACGACCTAAAGCGGCCGGCAAGCATCAGCTTCCCGACATTGGGGGTCTCATCGCCCTGCTAAGGTCAAAATGTTGGAGACCTCTGAGAACCTCCTTCTACGAGTCTGAGAGAGTATTGGGACGGCCCAGCGGTGTGACCTTCTCTGCAACTGCG,1736,51.21,Arabidopsis thaliana
SEQ_836134,CTGTAGCGATTACTCACACATTCTTGTCCCGGATGCAGGCCAGTTATACGGAATATCCTACATCTACTCTCATGCCACTAGTATACTCGGGGGCCTATCATGACAAATTTATTGAGCATCCTCTGTAATCTCGATGGTGATGAGGGATAGCGCTTTAGTATGAAGCGCCATTTAGGTTTTAAGCGTGACGCTATTGATTTACAAAGGGAACCCGGGGCCACAGAAAGTCCGTGCAACTCAGATGTAAAGTCCCCACTGCCAAAATGTGCTTCCAGAAGCCCGTCTCAACAGCCTTTGGCCCGCAATTGTGGTCTACGTCTAAGAACACTACCCAGAAGATAGGCGCGCATTCAATGCGTGGGTCCTCCCCGATCTTTCAATGCAACAAGTAGTCGAGAAAAGATGACCGAACATTAGCGACCTACTGTGCCCTAAAATCGTCTCGTTCTGTGTTCAGGGAGAAGCGAAGACCACATTGCCTGATCGCATACTCACCACCAATGCCGTAAAGCAGCCGGCTCGAAGCCTTCTAGAGTCTGGCGGTCACTTGCCGCAACTGAGCCTCCTAACCGTCAGCATCGAACTGAGGTCAGATCACAGCAAATCTACGCTCGCGCAGACGTTCTAGACTAAGCTTAAGGTACACGCGCCGGACTTATTAACTTCGCTTGGCGTGTCTGACACGCCCCAATCGGAACTACTGCGGGAATCGAGCCCTTCATTTTATAAGGAGAAATACGCGGGTGTGCTCTTTGAAGTGGCAAAGAGACTCTGGGGAGCGTCGGGTGAGCGCTAACATCTATCATATCAGAGCTCCCAACGTCACTATTTCGAGCATTCCGATTGGGTCTGGTTGCAACATTGAAGAACAAGATCGCCGCGACGGACTTAGCGTACCACTTTTTAAGCCTCTCGCGCCAGCTAACAGCGCCCTGTGGTTTCCCCCGGCAAAACATGCCAGGACACGGCCGAACTCCGTACTTTCACAATTGAAGTGTAATTTAAGTTTTAAATCCTAGCAGTGCCGTACAACATTCAAAAAGTCAACCTGCTATCTCCTCTTATACTACATGGGACTATGCATGTGCACCCGTCGTCGCAGCTCAGTACGAGAGGGCCCGGTCGCCCTTTTAATAATTTCTGACTCTGCTCAACTGCTTCGACGCGTTAGACCGTCTCAAGCATAAGGATAACTAGGTCAACTCGAACTGAAACACCGATGCGTACAGGCGTGTTAAAACGCACATTCTATAAGAATGTGGAGCCGACGTGACCACTGGAGCGTTCTACGTGATTTACACTTACAAATCGGCCTCAACACCCGTGGCAATATGCTACTATCTCAAGACGTGCGTGGTTCAAAAGGGAGGCTGGCATCTTCGTATATCATCTCTCGTGATTGAATAACAGATGGTTGACAGCAAGCACCGGTAAACATTTATTCAGGATTTACTTACCTATTGCTCGTACGTATATCCACGTAAACGTTACTCTCTATCAAGAATACTGGCAAACCACATGACCCGATGGTCGTTGCATACTGCGTATCTAATAAAAACCCGCGCGCGAATGGTTAGCAACTGGTTGAATGTGTCACCTGGTTCCGGACCTTGTGTGAGTGCCGGGTTGGATCCCAATTTATTGCCTTAATGTAGGCGCGCCGCCACAGCCGTGTATCGGCGACTAAAGAGTTCGCCGCATTTCGCTATGTGTTCAAACTTCACCCTATTAATTAGACCCAGCCTTTGATTTCTATTCGCGTCCGTCACGTTCGGAATAACTCCGTTTAC,1790,48.88,Mus musculus
SEQ_291321,TTGCTACGTAGACGTTCCGATTCTCGGTACTTCCAGTCAATTGTAGCAGAGAAATCCTACCGCGTCTTTAAAGCTACCGATGATGCCGGAACCGCAACATTACTTCAAAGATAGTGGTGCCTTTGGTGGGCGAGGATACCTTTGCCGATCCTACTAGTGTACGACGAACTGTTAGCGCTCGAGTGCCCAAGCTACGTGCACCCGTCGTATTACGCATGAGATAGCATAAGACCGTTTCCTTGAAGTTCGCAGGGCAATCGCGTGACTGTACTCCGAACTTGTCGCAACGAGAGAGAGGATATGGGACGAGCTTTGCCTGGTGTGAGTCGCAAGAGAACGGGTTGGACTACCAAGAGGGGCGAGATATAAGGACTAAAAAGTGTACTACATCTGAATGAAATTGAATGGGTGAGTAATACTCGCTAATTTGACCTATGCTTACTAGACATCACTCGCGGAAAATCCGGAACTAGTTTGCACTGGCGGTTTTCACAGCCATTAAGTCGTTGGCGGAAAGGCCGGGCATGGTCTCTATCCCGTAATTGCCATAGATGTAGGTATTGGAGGACACGCCAATAGCAAACCCCAGCGTCTTGCATACGGCTAATGTCGACTTAATCAGGTTGATAACGCCATAGGTGTACGAATCACAGTCTGTCCGATTTATCGGATAACCTCGACTCATAGCTATTAAGAAAGGGGTACTTGGGCGGAGGCGGAGTAGTCGAGCCAGCGGTATTTTTAGACGACAAATTACCAACGCTCTGTCCCTGTCCGAACTTCGCCCGGGCCCAGGTCTGTGGGTAGTTAGGTTACTTAGAAGAATGTCCGTGTGGAATATGCCCAGCACCATCGTTGTCGTAGTCGCGACGAGCATTTTTTATATAGTATCGTTGTCCTGATACGCGGGCCCAGTTACAGTGGTTCCCGCGAAGATACTTTTTACAGAGTGTAGCAGAAGCCGTACGAGAGGGGAGGACCTAGTGGCTTACTGATCGAACGTCTTAGCCTGCGATCACCGCGCAGGGTTCATTTCCGGGGACTGGCGTATCGATTGGTGGCCCAAACTAACGGGAGAAATTACATAAACGTCACGGACGAAATCGCGAGTAGGTTCCACTCTTCCTGAACATGGCCGGACGCTCACACCGCCCCCTCTAGTTTCAAAGTTTCAGTCGTCCGAGCCCCGCTTATTATCTTGAATGCTAATTCGGTCTTTTAGCGGGCCATTGCGTGGAGTCCCACGCAGCTGAATTCGATCCTTGCCGTCCCCAGAGGCAACTCGGTTACATATACTCTACACTCGCTGCTCTTGGAGCAACTCTCACGTCCTGCTGTCAGAGTTCCGAAGCAGGACCTCAAAGGGTGTTTCATCACAATGTTGCGTTGTGTGGTGTATTTATGAGAGGAATTTAGATCATCCCGTAGAGTCATACTAAGTTAGAGCGCTGCTATACTTTGCCCGTAATCATCGTGGCCGGAAGCCTGTAGAAAGTCCAGCTCCCCACACCGGTACTCCTCGTCCTCGCGTTGCGAGTGTGTTCTAGTCAGGTTATGAGGTAGAAGCATCCGATCTCCTCCACGTATATGGTTGATATCACCATAATGACCGCCTTGGGTAAGTTTCGCTGACGGTCCATTTGT,1644,50.12,Escherichia coli
SEQ_241524,CCCTATGCTAGGGTACTCCTGACGGGGACGTCTACTTTCGCTCGAGCAGGCCGTTTCAATAAGCGAGAGGACGAATCGGAAGAAGTCCTACTAGTCCCGTTGAAAAAAATTCAAAATCCTCAAGGGGATTTTCGTAACACAAGCCTGCTCGGTATCAGTGTGGCGGATGTTTGTATCTCAGCTTCGCGGGAGATCTGTACGAGATCGAAACGTAACACGTAGCTCATACACATGCTATGGTTTATCATCGATTAAGTTGCTGACTCGTTAACGCCCAACGATATTGATCATTCGGCAAACAACAGGGCGTGACCCTGAGGCCGGATTATTCTGGTCCGACGCACCACTATAGGTCGGAACCTAAGTGATTTTAAGAACATTCCCTGACCCCCGATTCACAATCTTATCCCCTGCTATATGCAAAATCGGATAGTCGTGCGAGCGTATGGGGGGTCCCTTCACGTGGTGGCGTATCGATATCGACTGCAGCATACGGGAGGGTGGAGTGTGACCCGACGATACCACATTTCTAGAACCATACATGGACGACAGTGCTTTTTGAAACTGGACTACGTTTACTGAGCAGCATTGAGGGTGAAATCTAGGCCTCGGTCCGGTTGAGAGCGTTGATGAGTGCTTATTATACGCGCAATGTTCACGACAAACGGGATCAGGAATAGGGAAGGCCGCCCGACAGGATCACCCACAACCGAGCTA,717,49.93,Escherichia coli
SEQ_452525,AAGTACTCAGGCAATTAATTCCTCTTACCTCACGGCTCCTATAGTCTGCCGAGGGGTATCTCATCTCCAATTACTTTCGTTATCCTAGAAGGGTGCCTTCAAAAAGAGCGAGTTGTCCCTACGGGCCAGTCAAGTGTTCTGACTGATCCGATCAACTTGGCACAATGGGGAACCTAAGTAATTGACCTGTCCCCGGCTGGTGACCTCCAATTAGTACGCCAGATCCCTTTCAATTATTCCGTCATAAGGGCCCCCCCAATTGCCGACACTAATTTGCTCTTCGGTTTCCCACATCATACTAAAGCACGTACTTGATAGAGCTAACTGTACACGCCCCCCTCTTCGCGATAGCTGCAGACGCGGTCCGTTGACACACCGGTAAGATCGAATGACGCGGGATTCAGCATGAACGGAAAATCGATAGCGCATAATGGTATACAGGTGATGCCCGTGCACCTAACCACAGTCCGGATGTTCTTAGTAACATTGTAACATGAGTCCTAGGGCTGGGTACTAGTATCTGGCATGCCCTGACTTCCGACTATTTATATATCACTACAAGTCTCGTGGCTTGTTAATCTGCCGGTAAAAACTAGAACCCTTACCGGCTACGTAATCCCAGATCCTCCGGGGTATGCGGTCAGTTAACTCTGAGTAGTGCGATACGGTACGTACACTGTTAAGACTGAACATGCTTAGAACTCTCGTGAGACCGTAGTGGGTCCCCCGGTCGGACCTACACGCCCCCCGCCGACATAGCTGTGGTCCTCGTGTAGTGAGTGACCCAAGTATTTAGGCCAGTTATAAGACGGCCGGATTCAAACAGGAGCTCGAGTTGTTCGTCTTGGGAACATTTCTATAAGCACTATGGACGACTTTGCAGACCCTCGTGTGAGCGTGAATTATAGCCCCTGCGTTTCGTTCTCAAAACCTCGCCCGTGCGAATAGCTCGAGAAAAATTCTTGTTAGCCAAACAGTTTATCGCAGTTACGAACGCTACAAAGCGATCTGGTACGCCACCTAGCTTATCGGTCGTTACATCGAGAGCATGGACTTTAGACGAGAAGTACCGGTGACAATGTCGAGTACAGCATTCGTAGAGCAACAGTCAGCTGACCCGAATTAGGAAGATATGGTGTGACGCCTGTCTCGGCTGCGCCATTCTAGCCCTACCGGTACTTATCCTGATGCATGACTATTTACCTACCCCCAAGGCCCCCTGTCGGACAGTCGTTGCGGCGTGGGACCGCCGCCACTCCGTGGAATTCGCAGGGAGTCCCGATACTAACGACGGACTGTCCCCGTATCGT,1310,50.76,Caenorhabditis elegans
SEQ_996233,ACGAAAGTCCACCATAATTACGCAGCCCAGACGGTAACATGGCACTATAATCCTACCTGATGCTGAACAATATCAAATCCTCACTGTTTGATGCTTAAGTGTAACGAGGGCCCAAAAATGTATGGCAGCCGTCCCACCTTTAGATAAATCCTATATTGGACGTATAGACTGCCCCTTAATACACATGTCCATTTCCGCGCTGTAATTATTTACGCTACCAAGGCGAGTTCCTAGTAGGTCCCTGAACAGTCTTGCCCGCGGCTTGGGTAAAAAATGATCGCGAACCGCCCGCAAGAATTTAAGTGCATACGCGTCCACATCCGTGCCTAACAAAAGACTTGTGGGCTTTGCAGTTAAAACGGCTGATGTTCTCTGTAATCGTATTCACACTCTAAGGTCGACTCTTCTCGGAGATTAGCTCTAAAGCTATGGTGATACTCTAGCGCCAATTGTCAGTCAAGTACGCTAACGGCAAGGTAGAAGCTAGATCGGCCATCGATCATAATCAGACAGAAATGGTAAGGATAAGTCTTCGTATGATAGTCATATTGAGGCACCCGATGCAGCAACCTTAATGACCCGGAAGCGAGCGTGGCCCATAGCGACCCCCTCTACGAAACCCCAAAGAATTTAGGAGAATAAGCGGTCACGGGTTAAGCCATTGGTGATACGGCTTCCTATTCTTTACTCTATGGAGCCACGTCGCGTGTGCGCTGCTTGGCGCCTCGAGCTAGCCACCCCTTGATATCGTCCGCCCGCATTGTTCAAATGGATGCTCAGCAGTGGAACCGACAGCTGTGAGATCGTGGCTACGGTGGTGCGAAAAATGTACGTTTTAAGCCGTCTTCTGAATTAGACATACCCCCAATCTGTCACTATCTCGTGCCACTGCTGCGCGCGCGGCGCCGCGACTTCTTCACGCATTGTCAGGACTGCTACTTGCGGAGTGTTGTTCACGACATGAGGGCTCCTAGTGTGGTATTAAAGCAAATAGACCAGGCTCCGCCTGGGGATCGCTATCACTAGTGATACCGGGAAGGAGCATAGAGCACCGAGTCAAGCATATTCGATTGGATCACTAAGTACGGACATTTGAAGGCCGGATCTTTGAATAGCGCTTACTTCGGGCTCTCACTGCGCGGTCCAACTTTCAACTAGACTATATGAAGAAAGGGCGCGGGCTTAGCAAATCGCACAGGAGCTCTATCACGCTCTTGTATCTCTGCTCCTTGGCTCAGGAGGGTCGACATTTTACGGTAAACTAGTCTGTCTAAACGACACCCTACCGAAGGGGTAGCCGAGTACATTTTGTGGGTGTGCCTGGCGCCGGCACGAACGGCGAAGTGAGTGGTCTATAAATATTAGCTTGGAACTTTGTTGGTTTGGCTGTTTTTCTAGCGCCTTAGATTTTCCCATGACTTTCATTGTAGACTCCGTTTTAGGTTTTTTATTTGCGGCGCGGAGCGACCTCTTTCAATCATAGGGGAGTCGGTAACTATACACACGGTTCACAAGTAACGCCAGTGTGAATAAGGATATATCGCGGGTCAGAAGTTGTACAGGCTCTTTCCCGACTTAGTGATTTAGTGAGTGCGTAGCAGTACCTTGG,1609,48.97,Mus musculus
SEQ_208959,AGTGCTCCGGTTCGCGCTGTGGGAAGCGGCAATTGAGGAATCGGGCAAACAAGCCGGGGGCCGCCGATGGAACGCTTCTTGATTCAGACTCGTGGTATAACTTTGTTGCTTCTGCTCGAAAGCTTTCATAACCTCGTCGAAATTGTTCGCGAGGTAAGAACTATAGTAACACTGATCGCAGTGAACACGCTTGGTTGCGAACTAAGCGGAGGATAAGCACCTTGAGGAGGAATTACAATCCAATTTTAAGCCGACGGGTAGTACATGCAGGCTATTATGTATGGCGAAACAGGAACAGTACGTGGGCGGATCCTCAGCACACCGGCTCCGGGGTTGAGTCAGCGGACGAAGCTTGTTCAAACCTGGAAGACCTAGCGTTCGCGACGGGGTTGCGACTACGTTTCTTGCACGCCCCGCATCGCGCAGGATGACGGATGGCGCCCGGTTTTGATGTCACATCCGTTCGAGTGTAACGTTATGCTGCTGGATAAGCTGATTCCAGTACAGGCGCCTCAGCGATAAATAT,526,52.66,Caenorhabditis elegans
SEQ_470699,GGGACAGATCTGCAGGGCCAACGCAATAGCGAGGTGATCCGAGACAGTCAGGGGGAAACGCACGCAATGAATCGTTAAAACAAAGCACAAAAGCCAAGTCGGGAACGGTCAGTTGGCCTGTCCTCTTATCTGGGTCGAAGATCAGCAGGTACCTCACCGACGAACTGTCATTCATTTACTGTGCCTGCTTTGCCACACTCTAGATCAGAGCATACCATCGTGGCTCCAGACTGTGTAGTCGTGTCCCCCTCACGGAGCGAACGCGCAATGAAGTACAGCGCGCCTCTTTCCAACTCATGAGTAGGCCCTAACAAGGGCGGTAACCAGCATGCCGCTAAAAGGTCACAGCCCCTTCACGAACACTGTTTTCGTGTGTTTCAAGCAACGCCGAACATTAGCTTTGGCGGGCCGTCGCAAAGTAAAATCATTTAGGGTGAAGGGTGTAGGTAGAAAGTCTCCATGAAATGTCATCATGCTAGTAGGCTACCGACTCATTTTCAGTAGATGCTCTTACAAACCACGGAGGTTGTGCAATAGGCCTTAGAAAGTATGAGGTGTATACATTTAAGACGGACTTTGAAAGGAACCCCGCTGCAAACGTGTCTGTCTCATCATTGTGTATACGAGCCGCCCCCCCACGCGAG,644,50.93,Arabidopsis thaliana
SEQ_951306,CCCTTGAGTGCCCGCAGGGTTCACTCGCAACCTGACGTTGGCTGATTTATGTTGAAAGTTATTCTATCCACGCAGTTGATTCTCCCCGATAAGGACTTTGCTACGGTTGACCCGTGGAACAGTCATTAGCGATGGGGATAGGGGCGTGTCCCACCTAGAATAGTGTCGGGGCGGGGTGGTAGCCAGGGCTAATAACGAAATGGTGACCTTACATCGCGTAGGACACTTCTCTGCGCCCTTGCCTACATTGCAGGACTCAATGACCAGGATTAGAATTCCTTGTTAGAGACTGAGCAAACAGGCAGTCAGGGATTTACTCTCCTTTAGAACGTAAGTATAGCTTCGCTGCATCCGGCGTCCTAAAGGGTTCTCGCCGCCCCGTTGGAGTTTTCGTTCGGCCGGCAAGCCAGACATTTAACAACTTGTAGTGCTTCACCAGAGTTGCACCCGCTTAAGGTGACCCAGGGAGAGTGACAAGTCTCGCACTTTCACCGCGACCTGGGAGAGCTCCTCAAAAGTGACGTAAGCGGCTTCGACTCGCGGTTACCATGCTTTGATGAAGCGTTCACTTGGCTTTGTGGGTCGGCCCTCTTGTGATTTATTCGGTCTCCAGCCACGTTTGTAGTGTTGATTCCATCGTGTTTTAAAGGTCCCCGATCCAGTGTGCGAAAATACGAAACACATTCTGCTAGCGGGTAGAGCTGTCACTCTACCCATCCGAAGGCCGTCGGCTAGTCAATATAAATGCCTAGCCATTGATGAATACTGATTTGACGGGGATAGCAACATTTAGTGCGTTCAGGCGGGGAAACCCACGGTCAAAGTCGTGGCTCCTTGTCATGCACCCGACAACAGAACACAAAGAAGGGACAGAAGAAGCCGCTACCGTGTCACCTTACCACGACCAGAACCTAAGGTTCATTTTCTAACCACAGGAGCTATGGGTTCTACGACTACTTGACGCTGCACATGTCTAAGGCTAGAGAGGAGAAGAAAGTCACCACCGTCCGAGTGCAGGGGCCTCTGTCCACCGATCACTGTAACTTGACGGGAAGAACTGCTAATGTGGATCTCCTGGAGTTGACTGCATTGTCCTTCACGAACCTGTGATGCTCCTGTGAGCACTAGCCCATCGTGCACCAGTACGATCGTAACGGTGTTAGGATTTAGCCATCGCCACCATCGTAACTTACTATGTTTTTTTAAGGTGTTGGCCTTCCTACGATGCAGACCGAGCTTATCAGCAGGTTCGATGATCCAGGTAAGATCAATCATAGACGGTAGAGCGAGCGACAAGGATAGTCAGGGTGTAGTATGACCATGTCACCTTCGCGAGCATACCTTCGGACCAGCCTGCGCAATGGGTGTACCCGATCATATGGCTTACCAGGGCCTACCTGGTTGCAACGCGCTATGAGGTAAATAATGGCTGGGTGGTGCTTCGTTGTCTGACCCGTTGGGTGTGGCGTATCAGCCCAGGGT,1482,51.62,Escherichia coli
SEQ_455742,AGCTGCTTAATACTACATCAGTGAGTCATTAGAAAACTCCAACCGTTCACAGAGACGCGTAGATGCTTTAGCGGGACATGCGAACGGAAGAAGAGACGAGTGGCCGGTGGAAGCGTATCTCCCGAAGTCCGTCTTTCCACCGGTGACCCGGCCCAATTGACTTCTACTAGAATACCATATTAGGGAGTGCGTAGCACAATCCTTGGGGGGCTATCAAAGTAATATACGGTCTAGTCGAGCGCCCCTTGACGGCCATGCGGGAAGTGCAAAATTTGGATCGGCAGCACCCGGCCAGCTCCATTGCTGTGGTGTCTTCTCGACTATATCTACTTCCAAAAAGTGAGGTCGAATTAGGGTATCAGTACGAAAGCCGGTGAAAAAAAAGTTCTGTCTACGGACAGGAAAAACGACTCCTATAGAGTATCTTACCGCCTCTTATATACCGAATCCAATAATATTTCACGGCTCTACTCTGGAGAATACCTTACCGATCGCCCGGGGTACTTTTGATTGTTAGTCTACTATATATCTGTGGCCTGACGACCCATTCCCTGAGGAGTAACTAAACAGTCTAGGCGTACAATGCCGCATTGGCTTGCTATCATCCGGTGGGTGGAGATTATCGAAGACGTAACGTATGAGCAGAAATCATGGAATGCCCCGAACCAAAAAGTTATAGACACACGGACGCTCTCCGATAATCGTAGCAGCCTCTAAGCTGATAACCTAAGTTTATCCAGTATGGTTAAAGGAAACCTCGTAACACTTGCATAGCCAGATCAATACGCGACCTCGCTTAGAGGTAGAAGCGCGCCGTATTACTGTATACACCGTTATGCGGTCGTGCCGCAGCGGAGATAAGCAGGCGGCTAAACTGCGGTCTCTTCGAACAATAGCACAAAGTTTTGTGAGTCTTACGACGGATTTGTAGTCGCCACACTACCATGCGGGGGTTGGGAACGGCGTGTAGCAGACGATTCGGTTTATCACTCTCGCCAACGCCATATCTCGGTATTAGATACTGTTCCCGTAGATTACTGTGAGCTGAAGTTATGTAGTCCTACGCCGAGCAAGGCTATTAAAAGACTGCCACATTCGAATGCAAATCTGTATGTTTCTGCAGAGCCGTCATGAGGCCCTCAGGAATGGAGCCTTGCGTGGTTGGGATACGCCCGGCGGTAAGCGGCGAGTGGTGAGGTGTATGCTTCGTTATTGGTTTGTATCGAATGCCGCCCTAGTTCGACTAAGTGGAAAATTAATCTGTACGAAGCCCCCCTTGACCCAGTGCGGCGCGGGATTCCGAACGAGAATTAGCCCATGCGGTGAAGGGGCTTTGGGCTCGTAATATGGAATTACTGAGAAGACGATACCGCGGGTGACGATTCGAATCAGAAGACAGAGTCGCCCATAGTAGCGGTTGCCTCCAGGTAAGCACTCGATGACCACCGCGACGACATCCAGCGATTTTTACTTGCGAGAAACAGCTCAACCTAGTAGGATTACCGGTAGAGCGAGACA,1518,49.6,Escherichia coli
SEQ_377512,CCTGTTCTTGACGGCGTACAGACGGCACGGTTGTCCCCACGCAGCACAACCAGGCGCAAACATGCTGTAGCCAGAATATCAATAGGTTCTGCTGCTGGCACCATATCCTGTATCAGGAATACTCTGATCCTCGCCAAGATCAGTCTAGTTAGAGAGTATTGTATAGATTACCATCAATCCGCCCGTGGAGTTACCTTATGGTCCCCTCGTAAAAAAAAGGGGTTATATCAGTATGCTGCGAGCTCAAGTTAGACGATAAGCTGACTGATACGACGCCTGGCCTGTAAATCGTATTCTCGACATGTGCAGCGTTCGAAAAAAGAGGTT,327,48.01,Arabidopsis thaliana
SEQ_785689,CGGTAAATTTTTGGAGTTGAGCCTCGGGACGTATTATTCATAGTAGGACTCATCAGTCCTTAGAGAAGAATCGCGTATTGCCAAAGCTATCCGTGGAGCCTGTTACTCTAGTTGTGTATCACAACGACGGAGGGCGGCGTTATGACAGCGTGCGGCAAATCATTCACCCAGCTGATTCACGCCAATATTCGGGAGTCAGGGCCTACTGCCACGGGTAAGTGAGTATTTTCACCTCGCGGACAGGAAATTGCCCGCAGATAAATGGGCGTTATTGAGTCCTCGGACCTGATTTTATTGCGGTTGTTGGCGTACCAATAAAACCCGCCACCTCTCATATATAACTGGCAGGGGGGTCTACATCTAGGTGCTGTATCGAGCATGCAACAACCCACTTAAGTACCTTCGCGCGTCGGCTCCAAGCATCTGCACGGAAGCTTAGATATCCTCAGTGGGATCATTACGTTGTGAAGCCCTCTTGGTTGGGCGGACAGACACAATTCACGGGCCTCTTGGTCTCGATGTCGTTGTACTCATCCATTATTAAAGCAGCGCTAATGATGTACTTGATGCTAGGATAGAGGGACGGCAGAACTAATCTGTTCTGACTTGAATCCGTACTAGGCTCGTATTGACCATCTACTCGTACAAAACGATGGCGTACCCCCACACATTGACTCTTAGATTCTAAGCGACCCCTAGCCAAAGACGAAGATCACTGGATGCTACTCGTTAGCTTCTGCAGGTAAGTGTTAGCATAGGATCCATCTGGCCTTATACGGCTACTGGAGGCAGTCTTATTAAATTGAGGCATCTTTCACCGGCCACTTTCGTCTGTTTGTTATGAGGAGCTATTACAAGTAGCTTGACGAACACCGTCGAGCATCATAGTTCGGTGTACGAGCGGAAGGCGATTCCTGGAGGCAAATACAAGTTGTCTCTCGATCAAACGTATTGTGCCTATGTGCACTCGTTAGAGCGCGACCAGCGCAGGAAACCAAAGATAACATGGACTTAGAACAGAACGCCTACGCACTTTTTTCAATTTAGCCACGGTGGGTAAATCGGTCACCGTGTCAATCTCTATGAGGGAGTCAGGAGCCAGGACTCACCGCCGCTGGCACATCACACCCTAATTGCTGCCCGTGCCCGGTCATCATGCCTTGATTTGTAGGCCCGAGCCAAGCTGAAAATATTAAGATAGGCATGGCCAGAGCAATCAGATGTATGTTAGCCGAATACCGGGATCGCTACGGGAGCGCTTATCAGTGTGCTGTTCGTTAGACCGCCTAAGGGAACGGACCTACGAATGTGCTCGGTAGGAGCTTTACGGTCGCGGGGGCTCTGAGACGTATTGCCGTATTTAATAGGCCTAGTTGCAGCACCATAAATTCGCTCCAAAGCGATAGCCGTTACGTCCCCGCGACCGGTGGAGTTATAATATAATGGGGAGTGGAGATACCACCGAGAGGGACAGGTATAGAGTTTAGTAAGAATACAGAGCGGTGACTC,1509,49.7,Escherichia coli
SEQ_249524,AAAACGAACGACTAGCGTGGGATCGGTTCTCAAGTACCGTTGGCATCATAATAGTGGGCGAGAATTGGACTAAGTAAGCATGGCTGAGGTCTTTTTCCTTCCGAGGGGAATCTTGGTTGACGTGTACCCTCGTCCCCTATCCTCCGTGTCGCCTCGGACCGGTGGACTCGAAGGGAGGGCGTTAAACATAAGAGTGCAGAACTTTATGTTACTCGACCCAAGTGGCTCTGACAGAATTAGTGGCTGTCTTGGCGAGTTAGGGTTAAACCTGAACAGGGGACAGCCGCGAGGTGGACGCTGTGGACCGCTGGAGATGCTCTCTGTTTCAATTCAATCACGTAAACGCCCAGCGATTTGCCTGCGATGTAGGAACACAGAAAGATGTGGGCTGGTTTGAGACTTCTATCAGCCAAGGTCCCTGCACGGGTCTTGGAGATCGGGGTACTTCTTAGATGTATGTGTTCTGATTTACGCGTCTTCACTGTGCAATAGTCATAAGGGGCAACTATAGCCCGCCGTCAATTAGTAAGGCCTGCGATTTAGACGGATGATCTACAAGCATCTGTTACCTTACAGAAGGTCCATAGGCTCCGACACGAAAACATGCTCCCTCCTCACACGAAGGTGCTACATTGATATCTAGCAAAAAGTACCCGAACGAGGATGACCAGG,672,50.45,Arabidopsis thaliana
SEQ_580310,AACAGTGCTAGTGATAGGTAGTTTGGGTTTGCATTGTATCCACGAACTGCCGCTCCAATGAGGGCCAGATCGCGATACGCAATTTTATGAAAGAGCTGTGATGACGGTGATGCATCCTAATCTAAGGCCTCTTACTTAACTTATCTTTCTGTGGGAATACTCAAAGAGAAGGCGCGTAGTTTGGTTGATGGCGTATGCGTTTTAGAGGCAGC,212,45.75,Mus musculus
SEQ_351060,TAAAGGACCCGATCGCCTAACCGCTGCTATGGTCATGTGTTATTTGCAAACCACGTTGGTGTTCGAAATTACTGTCGCGGGGGCGAATCCGCCCATTGCCTAAAGGCAAGAGGCCGCTTAAAGAGCGCACCCCGTATGTTCCGCTGCGCAAGCGACGCACCCGCGTTCTCATGAGACCGTAAAAACAGAGAACATATTTCCCATCTGGCCATGGTAAGATCCCAAAATATGTGCGCACTAAGATGTAAGGGGTTTCGCATTTTCTGTGTTTCAACGCTCGGCATCCATATCTGCAATTCTATCGTATAGTTGACGGGTGACCGTTGTGGCGGGTGTTGGGGAATCCTGACTTGCCTTTGATGCTTGCTTGCAGGGTTATCCCTATCACCAAACCACTTCGCAAGAGGTTTCTCTCTATACTCCAGTCACTCTCGTTACTGTTACCTTATATATGCTACTTCTCCAGAAGGCACCCCTCCAGAAGATTGAGCCGGTACGAACCACAAACCTTAAGCGAATTGCCTGTAAATGCGCAGGATGCTTTTTGTCACACTAGTCAATCAATATCTCAGTTGGGAGAGATGCCTGAGAATTGCGAGAGTATCACGTCAACCATTGCCTCAGTCTGTTGGGGTGTGCAGTTAGAATGAGGCGCACCGCCTTGCAGAGCGAGTCAGTTTCTCCAAGAAACGATCTAAGTACGGGGTTCAACGACCTTCGGCGTCGGGAATCCTATCAATCGGACAAGAATAATTCGAAGATATTGGGCCAGCTACCACTGCGGCCTTCTCGTCGATGGATCCTCAGTGTTCCAGCTCTTTGATAGATAAGGGACCTGTCCGGGCAACCTTGTGCGGTCTGGCATGGTTGATACGAAGGACGTGCATGGTCATCACGAAAAA,902,49.78,Drosophila melanogaster
SEQ_762205,GCGCCGTTGCATTGTAGGCGGTGCCTAGGTCGTGAGAATGCGCCTGGGAAGCTCCAGGGTTCTTCATACATGAATCCGACGGGACCTAAAAATGCGGTAGCGAAGGTGAGATAAGACCGACCATAGTCCGATTGTGGCGATGTAACCATCAAATGTAAGGTTCGCCACAGTGAAAGTACCCATGGCATCTGTTGCCAGTAGGTGCTCACCCATGTTTCGTGGTGGCGCTCGGCGGATCCCTAATAGTGTGAAGTGGGGTCAGCTGACCCAGGTGGGTGCGTCTCTCACAAACACCAAGTCGCACCTGTTCATCGGGGGCGCCTGGGTATTTGTCCTGTTTGAATCGTATCTTTGTGTACACCGACATAGCACATTCCTCATTTGCAAGCCTCTCTCGGGTTCATATTCGCCAGATCTTACCTGAAACGGACGCCGAGTTCGGTATCGGTCCCGTTCTCGTAATGTAAACGATACGAAACTCTGTCAATCGACGGCTTGAGCTCAGCAAGGCATTTATCAGTGAGACGGGCTACCAGATCACGAGTACTATTCTGTTTATGATTGTGCAAAGACTATGCTGCTCATCAGGGCCCGAGCAATCAAATTCGGTCTGGTCCGGGTACTTTACTAAAGCCACTAGACAGTTGAGTGACCTAACTTGCGGTGCCCCGGGTCTTAGCAGAGGATTGTGGAGATCTCAAGTGACATTGTAATGATATAGTGCACCTATCGCCCCTCCCCTTTATCGGGGCTATCATAGAAATACAAGTACCTTCACGTAGGTTATCTGGCCATATTATTTCGCGTATAGTCAGAGACATGGGGCAGGATCCGTCTCCCAGAGTTCGGGGATAATGATGTGCTATTTTACACACGTCATCGCTGCTTGGCTTGTTCCACCACTTTCTAATCGCAACAATGCCAGCTTCCGATTCCTAAAAGCTCCTAAATCGCGCAGTTCGCCTGTCGTGGTACCTGTGCTGGGGTAGTGCGAGATGGTCTTCTTCGATTGGCGGCTGTTGTACTCGGATGGTGTAAGTACCGCTATGTAGCTTTTCGGATGTTTGGCATATGTAAACATAGCGTGACTATTCCACTCTGCATACCTCATGTCTCTATGAGGACCCCTAAAATTGTCTCCCAATTCTCGCTAGCCCAGCAAAGACGACAAACATTCCGGCTGTGGTACTTCGTGCCCTAGTTTTAGAACCTCAACAGTTGTAGTAATTACTATGGACTTTGGACGCGACCTTGAGAACGAATCGACCATGAATAATATTCTTGGCCCGTCTTGTCGTCATTAGATGAGGTCTTCCTTGTTTAACATAAGTGGTCGCGCAATTTTCCTATGTGTAGGCCATTAGGAACATGCTTAACCTTACGCGGAGGGCGGGACGGTGCAATCTTCGGGATGTGCGGGTGGGGGCCTGCCATGACAACGCGAAAGGTGAACAACTGGCCATAATCTAGCTGTGTCAAGCGACGAGTCTGGTAGAACGTGTAACTTTGTGGGTCCCGACGTCTCAAGAATTTACTGCGTACCTAAACTCGATGGGTCGAAGAGCGTGAGCGTTC,1575,49.78,Mus musculus
SEQ_949432,TCATATACCTATTTAAGCAAGATCTTGAACTAATCTGAGCACTGACGGCCCTGAGTCCGGACAGTGATCAGGTTCATTTAACAGGGATAGTATGCTGCAGAAATCCCTCGTCGTCCTAATTATATCAGGACGGAGTGGAGGCTGGAGGGTCGGATGAGGTGTTAAGATGGATATTTCGAAGAAACGCAGGCGCATTGGCGAAGGTCACAGCGGAACCTATGAAGCTCGTCACACTTTGTGACAAAGAACCGTGGCACCACGAGAAGCCGGGGCAAGAGCCGGAAAGTCAGTACCGGACGCTGGAGATAAGCAAGAACAACTTTTAGTGCGTATCCATCCAATTCGACATCTCCGTAGCTCTCATAACGGCTCGCAAGCTTCCTTAACGAGCTGCCCGCCAGTTCCAGGCAAACACATTAACCCTATTTTCCCCCGAAGAACATCAGTTTGTCGTCCAAGGTTTCCCACGGTGAGCAACTTTCCTTTCAGTGGGAGCCGTGATTTTGTGGTGCTACCAAAGAGGGACGGACCATCGAAGAAAAATTATATAACCACGCCCCCTACTCCTCTCGAATCAGACGTCACGCTTTCCACGATAGTTATTGTTGTAGGCCCGATAGTGAATCTCAATGGTGTGAGACAGTACGACACCCTCCTAGCTAAATCTCCCTGTGCGCCTCCTGCGCGCGGGCTCATGGTCGAAGCAACGGCCCGCACCATGGACCGCTTAAGGCTACGTGGGAGTTGGGTTTATGGCCTTTCAAGCGGAGATACTCCAGAGGGGTAATAATTACTCACGATCAATCTATGCGGCCGGCAGGTTTACCTTCCCTCGTAAAGCCCCCTAGCTGGTCCAACAATCAAACTTTCGAACACACCAAACGCCTTATGTTATCCAATAACGTCGGCACTGTGACTGACCAGAGGACAATGGAATTGCCAGGGTCGAAAGGGTCATGGTGAACTAGAGCGAAAGCAATAGAGATGGGCCTACGAACCGTGTACTTGCGCGACTTGGGAACGACTACTGTGCCCTCCCTGCCCGGGGGGCATGCGCTGGCTCCGCCAAAGCCGGTACGATTTTAGAACCGTAGAACATCCTTTGCGACTGAGATTTGAATAGCATTGCTTCTCCGAGAATGGCGTATAACGTAATAGCGGACACTTGTGACTTAAGTAGTAACCAACTAAGAGCTCAATACTTGCTGCTCGTGATGGGTTTTGGGGAG,1229,50.77,Arabidopsis thaliana
SEQ_155867,CCCGATAATTGACATACATTCTACCGTACTTTGTACGCTCTTCAACCCTCAGGACGGCACGAAGTTGCAACTTGATTTATAGTATTGCGAAGCGGGAGAGCGCATTAACCGGTAAATTCCTGGCAAATCGTAACCACCTGCTACAACTATATGCAATCCAACTGATTGCACTCGAATGGAGTACGCCGAGGTTTCACGGCCCCAAGTGTGACGTGAGATAAATACGGGATTACCTCGGGTACGTCGTAGACCCTAGATGTGTATGTTTCAATAGCTCTCAACACTGAGCCAATGATTAGCAATCTGTATTGAAATTGGCTAACGAAATTAATATCTGGTATTCCGAGTTCGTATAGTGCCTCTAAATTCACCACTAATTCAGCCGTTCTGATTGAGCTGAGGACGGGAAATACTTGCTTCTCTTAGGCCGTGAGAGGAGAGCGTACCGACTTAGAAATCATAAGTCACTCGCTCTGTTTTGGTCAGTCATTTGTTGTATGCTAGCCATACACAGGAGCAGATGATCCGAGATAACATGCTCCATTTCAAGTCGCGGGCGTTAGGCCGCATTACACGACACTCTCAATCTGAACTATTATGGCCGTAGGTACGAACACTATGCTGGCACGCTGATGGTTATGACAGACTACATCATCATTCAATCGTCCCCCTACACGCCCTTCAACGGACACCGCTAATACTCTCGTTTCTCGAAGATGTTATCTAATGGGCGAGTTGTGAGACAGAAAGAGATAATGTCAGGGTCTCCCCTTGACATATACACTATACGTCCATTGACAGGCACAGAGAGCATAAATATTAGGTTCCACGCCATCTTGCTACAGGGGATAAGGGTCCCTCGTTCAGCAAACTGCACTAACGTTGTGCGGTGGATTAGGGACGGATTCCACTTCAAATACGACAATTTCTTTCCAAAGCCTATGTTCCAATCCATGAGTGTTGCCGAGTTCTGTTTTCTTAAGCATACTTAAGATTGCCAGTGTCGAGGAGCATATTTTATAAATATACATTTAGGGCTAGTTTTTCCACTTTTGCTATGGAAGTAATTATTAGAGCGTCATTCGAGTATGTTACTGGGCGTAAAATCAAAGGGTTATTACACCCAGGGAGATTCACGGCATAATCAATTATAGCGCCTAGAGAGACGCAGACGAAAGGTGACTAGACTGACGTTAACGCTCGGTCTTCTTCTAATCAGTTCTCCAAAACCGACACATGGTCAGACTTACAGGGCGAAAGAAGCCCGATCTGCTATTTCTTGGCCATACCTATAGGTGTTTGTTTACCTGTCAGTGCTCAAATCTATAAATAGCCTGCCCCACAAGAAGGAACTCCTTTTAATAAACTCTGCGGGTATCCATTTCACAACAAGGTTCCCGATGACTTCTAAATTTCGACGAACCTATAAGAAACAGCGCAGACGGGCTGGTAGGTCATATAAACTGAGGC,1470,44.63,Homo sapiens
SEQ_405474,TCCCTCGACGCGTCAGACCCCTGACCCAAAACTCGTTGTCAACTGCTGTTCTCTACTGTCGCGGGCAAATCGTATCAGTCGAGAATCTCGTATCAGACTAATCTAGCAACATCTCAAACTCCCACGACGCACCCGACCGCTGTGAACTTACCCCGGAGGCGGACGCATATCGCTTTGTATCTTCGCGATACACCGTCCAGGCAGCTCGGCTTGGACAGGGCCGACTGCCTACACCTATCAAGGCCCATCTACGTCCTGGCATGCTAGCTTATATACAATTTAGTCATCAGGATGACTTTCATACCCTATAACGTCGCTACTCCGAGGATTCTGGTCCATGTATGTGCTTCGGCCGTGAGGACCGCGGGGACGGACTGTGCTGGCGCATCATCAGATCCCGAGCTTCGGTAATTGTGCGCAGCAACCAATGTAAACGTACCGGCGAGGCGTACCGGGCATTAATTTTGGGGTCTCGTATGTTACATCATACTCATGCACGGAACGGCGGATGCCAGTTTGGTTGACTAAGCTGACTGGGAGTACGGGAAATGTAAGGCGGGTCAAGCTGTGTGCTTCCGATTCAAGTCATACAGCCTCTGCCTGCAGGCGACTAGTACACCGTCACTTCGTCTTAGAGGCCTCGAACTTAAAACTATAAGTACCGGACACACTTCTACCAGGAGTCTGAAGGTCACTTAGACACGAGGTTGAAAAGGGCCCATGACTCTCGATATGATGCAAACATCGAGACGAGGATAGTATCGGTACTTGCCCCCTCGAGTGTTAGAAAGAGTTTTCTTGTCGGTTTATTTTTCTATCAAGTACTGGAACTTTGATTTAATCGTAAAGGCGGTTCAATATTGTAGGAGGAGCCGTGTGGTAGAACCTGATAAGGACAGGAATCTTAATCTTACTCACTCCGCTTCGCATATGGGCGCATCCGCTAT,947,50.58,Drosophila melanogaster
SEQ_522160,GAATTACAGTCGAGAGGCCGTGCGCTCTAAGTGCGTGATCATTTGTTCCATGAAAAGGGCCTGATCCCTCTGACCAGTCATTTGATCCCGGGGGGCGGAGACTTTGGGAATCTATTGACCTCCGTGATCCAATAGACATACTAGGCGAATTCACAAGCGGCGCCGGATGTGATAATTCTGAAGTTGATAACTGCGAAGGACCGTGCCGGATGACTGCGGGTATCTAAACCCGCCGTCGCCACTCCCAGCATTCCTGGCTCCAGTGCTGTCAACAAGATCGGCTTACGTTTGCTCCTGAGTTAGTGATGTATAAGCATGAAAGCGGCGCATGCCCGTAGAGTTGTGGCTTCTTTCATGGCGAATTTTAAAATAGGGTTCTACGACACGTGTATTAGCTATCAAGCCCTAATTGGTCATGATGTAAGCCCCCCCTA,434,50.46,Escherichia coli
SEQ_310096,GCATTCCTGGATTGACACCCTATTGCCCATGCAGTGCATCTGTAAATCAATAGGCCCAGCCTTAATCCTCGATGTTGAAAGTTAACGCCCATTTCTACAAAATGTAGGTCAAACACAAAGATCTGCAAGTACAAGTGCACGACTTGTCGATTAGGGCATAAACTCCGTCATTCAAGGTAGACGTTTGTAAATACCCACCTTACTCCGTCGGTAGAAATACACTACAAGGTCCCAGCTCCGGATCTCGAGTTATGTCAACTCCTTTAGATTCCGTCTTTACGCCACAAGGGTTTTAGAAGAGGCGTTTCTCAAATAACACATCCAGACGGTTCTCTATTGCCTCACCTTTCACTATATGATATGTCTTCACATTGGAAGGCCCACGACCGGAGGAGAAATTCGGGTCCTCGTAGACACAGAGCTCGATATCCTTCCCGTCGTCGATGCAAACGTAAATAGGGCTCTATGCCGCCCGATGATGTTCGGGTGAAAGTTACAGAACCGACGTCAGGCGAAAGGGAGCGAACCCCGGCTGCTGAGCAACAACTTCCACGATTCTATAAATAACTGTTCTTTAAGTGGGGCCGTTTATCCAAGAGGCATCATGGGAGAAAGTGCTTCCCGGATAGTCTATAAGTCAAACCCCAGGATGGTAAACGAGGCAGTGGCATATCCACCACTCTCCGTCCCCTGGACTCCAGGTATCTCCATTACGTGGAGTAGCATCAGAGTGTATGGGTCGCTCATTCGGGGTGAACACGAGTCGGCTACTCTCCGCTCACTTCGCCGCGCGCCATACCCCAACTACTATAGAGAGCGTATTTATGTCCGCGCAGGACTGCAAACTATACCGCCGCGGATATAGCATAAACAGAGCTGGGTGGCGTCATCTCCCGGAATACTGTCACTTTCTTCCTCGGGTAAGCCCTATTTTCTTCACCGCCTAGTCACAGTCGCCACGATGGAGCCCTTTGCGACTGTATCTCAATTTACGAAACCCGCCGCGGGTTCTTTTCACCTTGACTGTGGGACTCGCGGCGGCGTGTTTTCAATATGCCGCCCACGCATGCGTAAACGAGCTCTTGAGCCTCTACAAATTTCATCTGGTCACGGGGAATTCAAGTCTTCAATTTATCCCTTCACACACGCATCCCTCATTAATTGCGCGCCATCCGGGGTGGAGTCCATCAGAGTTGTATCAATAACGCTCACACCGCACGGTAGTGCTTCGGTGGATTTAAGGTCCTCAACCATTACAGTTCGGCCTGGTCGGAGTTTCCGCCGAGTCTCGCTCTCTCCGGTAGTCCGAAACCCCGCCCCGCCCCATCAAAAACTGTGACTGGACGGAATGCGCCTGGTCGTAACTACTTAATGTACTATGAGAAGTTGTCTGCAGCGATGATTCGGAATCCTACGTATCAAAAAGAAGTTGGCCCTCCCTGTGACTATAAAATGATACGCGGTCCGCGAAAGGCTATTCACTCTAGCTCAAGTAAGTTGATCCGTTCGCCACTTAATGGCCGAAAGGTAGGGTAGCGATATTACCGACGCGGAGAGCAGCCTAAGCTGTGTCAGAGAAACCTCC,1585,50.35,Arabidopsis thaliana
SEQ_587990,GTGTCAACCTAAATCTTCGTTAAACTGACCACTGGGTATAGGGCCTAACTTTGTTCACTTCTCTGGTGCGTGGTAACGTGGGCGCCTACTCTGCAAAGGTGTCTTCGAACTGTGTGACAGTCCGAAGAGACCGATACGCAGGAAAGGCCGCATTTTAGAGGACTATTACGGGGGCCTGGGGAAGAGAGTTATCTGGCTACCTGTATTGGGTTGTTGACCTACTCGGTCTTGATGACCAGGGTCGGACT,248,51.21,Caenorhabditis elegans
SEQ_444631,AGCCTTGGAGCATTTAGTTGTTTCCTCGAGGAATAAAGGAAAAGAGGGTCTCCTGGGACCGACCTGCCTTGCAGATTAGGTTAATACTGTCAGAGACCAGATCGCCATGCGCTGCAGCCCGGGCCTTACTTACACGTTGGGGAGGTTGGTGCAAGGAACATACAGAGTCGGTACACTAGGGCCTTGGACACAACCTCCGGAATTACGTCTCTGCACGCTCAAGTCTATCTTGCCTGGTCTGTTAGAGAGGACCGACATAACACAATCACACCTCACTGTTTCGCTCAAAAGCCAATATCAGTCACTCGATGCGGGTCCTTCCAATCGGGGGATTAAGGCTTCAGGAAGGGAGTGAGCACAGTAGTACGCAGTATGGTACTGATGACCGGCGACCGTAAACGATTAGTTGGTTCTTCTCATGCGAACACACCACTTGAGTAGTAGAACCCATATCTTCTAGCTAGGGGCACTCGGATGGATTCCCCGGCAGAGCTTGACGAGGCTAGCGCATACTACAATTCATACTTACGCGGTCTCGTGGGACTCCGCAAAGCCCGGCCAATTGATTCACCGCCATGCTGGAGTTCGTAGGCTGAGAAGCAAGGACGTCTCTTCACAAGTGTCAAGGAAGCTATAAGATCGATCCTGAAGTAGGTCAAAGGGAACAGATAAACCACAGGCGCTCACCCTTTCCCGTTCGCGCAACCAGTCTTTAGACGAGGTACCGTACAAAGACTCGGCGCTAATGCGTAGCGAATGTCCGCGATACGCA,772,51.81,Mus musculus
SEQ_916577,AACGCGTTGTGAGGCGCTCGGTTGAGCCCTTATTTGACGCGTGCCGGTGAACCGCTTTAGAATTGTTGGAAGGGGAAACCGGGAACTTGTTCATATGTTCCTGTGAGGGGTGCCCCTGTAGCGGCGGATAGCTCTGGGGGCTAGTGGTCACCGTGAAGCCAGGAGTCGACCGTTTCTCTATCCCCACTGCGTTTTCTTGAGTACCATAATTGTTCATGGAGGATCAAAACATGGACCCAAGCTAGGCGAGTCTTTGCCTACTCAGTCCTCAATGCAGGAGCGATCTGTGTTAGTCTTCGGCTAACATGCTATTTGCTAATGGTTGATCGTAGACAGCTCGTTGATGCTGTAGCAAGCAACGATCGCAGTCGACGACTGCCATGGGCGGCCAAATTCCTGGTGGGGGCCGCAACAAGCGTCCCATTCAGGTCAAGTACATGGTCGTCCACGATCTTACGGATCTTCCGCACGTATGAACTTACTAATGTAATACTCTTCTCCGCCGATAAATTTCCGCGATCCCCGACGTGATCACCATAATCGGCCTGTGATCTACCCCATCCCGACACCTATGGAAAATGAAGTCATCCAGAGAATAATGTCAACAAGGGTCGAAGCCGTAAGGTTGGTCGTCCCCATGAGAACTGTCGATTCTTATTGCGTCCACCTCGTCGGCTCAATTTCCGAATGCGCTAGCTTTGTTAGAGGGGTCTAATCGAGATTGGTGGCTGACTTTCGCGTTCGATCTCAGCGTGCCTAAATTTTAAGAGCTGTCCGTCGACTAGTCGATTCACGGCAGTCTCCAAGGGAACACCGAATCCTGACTCGCGGATCTCCTGCTAATATGGCGCTACTTCCTTCATGCTTCACCCTGGACATGGCACCTATGGCGTGGACCTGGGGTCCGCTCTTTTTCGTTACCGATGCGCAAGCCGGGGACGCAAGATGGCTTCAGCCCCGTTAACCGACACTTGAGCAGACATCCAACGAGCCACATGCCAGTGTCCCTTTAACAAAAGAAACTTCAT,1028,52.04,Caenorhabditis elegans
SEQ_840979,GTACGTACAAGGGTGGCAATCACGTCTCGTGTGACGAGCATACAAGTCTGAGCCCGCATGGCACGACGCGCGCAGAGTCCATACAACTAAACCTAACGTGCTTACTAGCATGCTACTCCCGGACCGTCAGCCCAAACCCCGACAGTCCGAAACCGAGCGCCGATTAAAAAGAAACGCTCTGCAACTCATGACTCTCTTTGCAGCTAAAGGGACCTTGTTCCTAAATACAAATAAACGGCTTTTGTCTTGAGAATCATATGCGCTGAGGTGAGTCACGAGCACGGAGATCGCGCTGGACAGTAGCCCGGTTTGATGCAGGATCGGCGAGCCGGGTCTAACACGATCGTCGCCGTCCCGTGTAGGATGTATTTCGTGCATCTATACAGTTATGGCGTTGCTGATTACATGTCCAGATCAACGGAGCTAGTCTTTTCAATCTATTGCCATTAGATTATTACTGTGACAATTACATGCTCGTCCGAGCGCGGCCATTTGACCGCGTGACTGTGTATGATAAAGTGAACGGGTGTCGTAGGCGGCACCGGTCCTATAATCAGTTAATTACTCTCGCGGCCGAACTGTTGCTGCAGTATTTTACCCTCGGTCAAGCATACGGGCCCCCCCATCAATGCGGGTCTTCGGCGGCGAAATTATCAGGCGCGGTGGGCCGAATCCTTAGGGAGAGAGCTGTTTGCCTAGCACGTTTGCCCCACGGCGCGTGTAGATTACATAATTGCTATGTTTGTTGTATACTCCGAATCATGATTCGCCTCAGTACCGCTATACCAGGCATAAGCCTGGAGTGTGGGGTCTAGGTTCGTGCCCATTTGATTGTTACGATCCCACGTATTTAAAAATCATGCGGGGGATCCGTCCTTAAAGCCCCTAAAGACGGTCTTGCTCGAGCTAGTATGGTTTCTTGGTCATACCATTGAACCTAAACCCGGGCCTCGTATACAACACCACAGTGAGGTTTATAAGTAGGTATCTCCCGTAAAAAAACCATTATGACCTACGTTTGCCATGTCAAGACGTCAGGCCTCTTCTCGCCCTGGGGCCAGATACTCCACTTATGATGTTAGTACATGCGCGTCTTTGGGAGATTCACGGAATGATGGGTTATGTGCCACACTCGTTCAAGAATTATAAAAATCTCC,1157,49.96,Homo sapiens
SEQ_620114,GTAAAAAGTCCACAACGACCGAGATGGCGGACAGAGTATGTTAAGAGTCTTTACAACATAGCTAGTCGTAACCAACGCTGTTATACTATTACCGAACGAATAAGAATTACTGCCTTTCCGGAGCTATCAGAGGAAGCGCACAGCCCTAGAAATTGAGCTCAAGGTGCAAAAGCCTGACGACTATGTCACGGACATACTTTCCTTCAAGTGGCAGAGTAACTTGAGAGCATCATACGTCGAGCCGATAATGCAGCAAGGAGTGGATTTAGACTATACATAACGATTCAGTGCGCGCAAGTTCACCGAATTTTACTCATTCGTCAGGGTTCCATGAGTGCGCTATCGTTGCAATAGTCTACCCCTCGCTCTAAGACTTCTGCCGGTAGCTGGAGCAAAGGACGAACACGCACTGAGGGACTTTTATGGACTAAAATAAAGGAGGATGCCGGGGACCGGAATCGATCGGTAAATTTGTGAAATCTCGCAGCCTCGTTTTTGACCGGGCTCCGCACGCTTTAAGCGGAACAAGCTTCGACGAATCGAGCTCACGAGAAACTACTGTGGCGGCTAACAGCAAACGCTTGGCTTCCGAGCATGATTAGCGATACAATTTACGTGCGTGTATTGCCAATCGGTGGGAAAGAGGGTCTATCGCAGGCCTCGCCGAGACTCATTCGTGCAATCGAATCGACTAGTTGCTAGCTACCCGCACCCCGGGTATCCCAAGTTATGTTGAAGTGGAACGATCCTTGTGTGTCACTTACGTAAAACCCGGTCTACGGTATCTCTCTAGTTCGGCGTCGGAATTCTCGATATCAGATATTCTACGGGATCTGCGATACCAGACTCTCCATGTACAAGATACAGAGCGCGATTATCATGCCGCGTCAGCGTCGATAGCTACGGGAAAGCAAGTCTTGGAGTTTAGCCCGCCTGCATTATCTGCGCACGAAGATTTCAGAACGATTTAGCTCATGGTTCTCAAGATAACTTGCTACTCTGAAAATAGGGCGAGGCATCATCTGGATGTCGAACAGGACATCGCTTTTCCGCTCGACAGGTTGGCTGCACGCGTCAAAACCGGCGTGCTTGTAGCAGGTAGACCAAATACTACATGTAAATCCCCAATTAGTTGTACAGTTCCCCTCCCGTATATTCATGTCTGCCGTGGCAGAGGGGATGACCTAAAGGCCCTTCTTTATGCAGCCCCGTTGAAACACACTTCTATTAACCGCTCCCTCCTGTTCAAGCCTAAGACAGGCGACCCTAACGATAGCCGCTTTCCCCCGTGAGACCTCATGGTATTCCAACGCCGACATCTGGCAGTCCGCTGGCCGTACCGTTATCCATGCCACGGAGCTAGTCCAGCTTGGCCGGATAAGTACCATAAGTTGTACTAAATTAAAGTTCGATCGGCGCAACTTCCACCTGTGGGTACGCTGTTCGCGGTTAGAACCGCGCCTTCTTAAGCAGTTTGTGGAAGTTAGGCGGTTGCGCGCAAATCCCGATAACCGACACGACCAACCATTCAGGAGCAGAGTCAACTTCACGACATTGGCCGCCGCTCCTTGCGCTACCGTAGTGACTCGTGTCGCCAGCGGAAAATGCGTTAGGACGGTCAATTGCTACGGTTATGAAGAGTAGGCCAGCCGCAAGAGGGGCCCGCGTCACTAAACACGAAGGTCGCTAGGTCCCAGGTCCCGCTGCGGCTCC,1713,50.96,Arabidopsis thaliana
SEQ_885984,TCTAGGCCAGTGTCATGAGCACGGCACTGACACTTAGTGATCGCAGCTGGCGTAAATCTCCAACACCGTACGGGTAACCGTACGGCGAGGACTGAACTGAATAGCATTATGTCTTACGAGTGCACGTGTATAATACCTGTAAAAGAATACTCCCTAGCTGTATAATCAGGCGATTTTCCTACCATAACTTAAAATCTAGTCTAAGCGGATGTGGTTCGAAAGGATGTGTTTATGAACGACGTCATCCGCGAGGTTAGCACCTCTGTGGACGCCAGTTAGTGATAACACAGCGTGCTCGCATCCCTGCGTTCAAGGCCCCAATCCTATTACATGGTTCGGACGTGCGACCTCGGCTAATACTCGGGTAGCGCTTTCGGTACGTCACAACCTATACGCCCTGTTTTAGCACCTCACTATGAGTATGCTGAGGGATTCGGGTCCGGTCAGATATGTGCGTGCTTCAAGATATGACGTCGAACGTGCGCATAGTTGGCTTTATTACATGATAGCTACTTCCCACCGCAACCGGGTCCCCCTTCAACGCGGTCGCCATAAGACTCCGCGACCAGCTGGGAGGAGGATTTCTTTCCTTTGACGCATACAGGTGTCTCGCAGTCATTCGAAATCAGAGCCAGACCGGCATGTTTTCGCTCTTCAACTTACTCTAGACATACCTCCTGTTGCTGGGATCCATTTAGCACATCATGTTATCGCCTCGCTCATACTACACGCCGTGCCTGCGTATGCGTGGTAGAGTCCGACCCTTTTGTCCCATACTCGCCCTTCGTTCGGCGGCGAAGTACGAATACATTGTGATGCCTATTAGAAAATCATCTACAAACCGGAGCTCCTCAGAGTTGATTAGTCATGATTAACACTGCTATACAGGATCTCAGCTGCACTTCATATAGTATGACCGAAGAACCCACGGATGAGTGGTCACATGGACTCCACCATGTCGCTCGCAGCAACCGTGATTTTTATTTTTAACACCCGCTAGGCGCATTCCAATCTTTCCTTCCCGGGACCAATTTTATAACACATGTTGCTCGTTTCAGTAGCTCAGGATAGAAGTTTTTGTCGTGAGCGAGGTATTACGTATGTCCCAACATTAATCGGTCCTAGAAATCGACCCCAGTATAGATAAATATTTAACGCTGTTCGGTAAGATCTAATTAATATACGATTCTGTGGGACCGTGCCTACCGATGCACGCTATTGGTGTCACATATCTATAGGCGCAGATCCGGAGGAGCCCCTTTTTTTCAGCTTAGCAACAGGACGAGTTCACGGCACGAGGATGCCCTTCGATTCGCGCCAGGACAAGGTGCTTCGGTTCTGACCGACACAGAAGTTGATCGCATCTTAAGTATCCGGTCTTAGATGGAAACATTTCGCTTGGTACGCTTTCTGTATGCGCCTCATCAGTAGACGTCTCCACATATTGCATTCGGCCGAGGCCGCAGGTTGTGCATTTTTATACGAGAACCACTCCGGGCAGAGATATACAAGCCACGGAAGTCATCACACTTGGGCTCCTACAAAACCACCGGACGTGCATTCCAGAAGTCATTATTATCAATGAGACTTTTCTTGGGGCACGGTGAGTGATCAAGCGGGCAACGTAATGAGTGAGCATGAACTGTCCAACATACTATGTCATATCTG,1668,48.56,Saccharomyces cerevisiae
SEQ_266554,CCATCGAGGTATCCGTTAGCTGATCGACCGACAATTCATCGGTAGCGAGCAGAGCCGATGCCACGGAGACTAACTCAGAAATGCTTCGGTCTCTATGCCACGTCTAATCATGGTGGGCGCAGGCGGAGCCGTCGCCGTAAAACCGAACTCAGAGCGCCCCTAATGTTCCTCAAATAACGGTTAAAAAATGGGTAACTAGGTAACTAAGCCATCCTCGGATGTTGAGGATGTTGGGCAAATTCGAATCAGACCAGTGAGGCCTACGGAATACACAAGACCGGACCATGGTATATGTCGGGACAAGTGCCGACACGCGGTATCTTTATCAGCTCGGTTCATAGGTCTTTGACCTAGCGAATGGGGGCTGACACGGTCATTCTAACCCACCCTGACCTAGTCGTTTGCTAACGCGTATAAAGACACAGTCGTGAAATAACAGCCCGTAACGACTCGAGCAAGACAAGGGCAAATCATTGCGCGAGGTCGAGACTCACGTGCCCAAAGATAGGTCTGCTCTAGTGATCACCAGATAGGCGGCTCAGGCGGCGCCAAGCATGACATATACACGCGGTTGTATTCGAAGGTCCGTGGAGCCGAATTGCGCCCCTGACTCCGCATCAAGAACAGATGCGCGCCCACGTTTCTGACAGCTGCAAAGCGCATCAGGAGCGGTCATCTTTATCTTTACTGATCGATTCCGAGTCGAATCTGCGGGAGACGTTTTTGCGTTTTACGCTCGTATACTCGAACCTCGGATAGCTCGTCGATTGCACTGAAGATATGATCATAACCTTCTCCAACTGAGCCATATAAT,814,51.35,Mus musculus
SEQ_490700,GTGCTCCTGACGTGTACCGGTTATGGTTTTAGTCGCTTTGATGATTTCTCCCTTGGGCTTTGATGGTCTCTAGAAATCACAACTCAAAGGAGCTAACAACCCAACAGAGCAATTTAACCCAAGCGGTCTCCAACAGGGCAGAAATCTTCGAGCAACAATCTGCTACGTCTACAGGCACCCCTCAATACGCGAATGTCGGTTCTTAGTGTGCGAACGGCAAACGCTGACTCCGTCCATCTGTATGAACCGGGTCCTTGGATGAGTTGCAACAAACGCGTTAAAAAAAAAGTGGATCGCCTTCCCACTTGTTCATTAGAAGTCTGTGGGGCGTTCCCAGAAACATCTTCGCATACCAAAATGGCAGACGCGTATGCGCCAACCACTGACCTTGAGTGAAAGCTTTGGTTGCAACATGAATTACAAAACTCGTCGTATTAAGAAGCGCGGGAAGCTTACAGCCAAATTAAGATCAGGCTGTGGATTAGATGGGCCCCCAGCTGAAAACATCCCCACGGTCATCATGGTCCGCAGGAAGATTTTCTATGCAAACGCAACTACTTCCGATTCCACATTCTGACGCGTCACTTGCCGCCCGTTGCAGTACGTTGAACATTACTGTCCCTAATAGTCCCATTGCCGTGGCTTTTAAGAGATAAGAACAACTCAAA,668,47.75,Mus musculus
SEQ_173118,ACTAATCATTGAACCCATATCTATGTATTCGCGGGTTGCGATTATCGCCTTTTAAGTTCGGGTCGGCTAGTTAATTAGCGTGGGGTCCAGGGTATGAGGACCCGGCAAGTCCTATAGACCCGATACACCAGCCCTACCGATTTCCTTCATCTAAAATGATTATAGCGTAGAGTCTGGGGGACAGTGGTCAGTGCGAATCTTGACTTATCACTGGGTAGTGCGATCTTGATTAGATCTGATCTACCTCCGACGCCGTATTATAGGTTCTTCACTGTATCGGCCAGTCCTGTAATGATTAACTGTGTAACCCCATACAAGATGAGACACGTGCGGACGGCCCCAGAAAGTTGTAAAGACCCTACATGGCAAGAACTTTAAGACCATCCCAAAGTCGCCGGAGTATTAGCTCTGCGAGGTCGGGGCTCAGTGTTTCTCAGCAATGTAAAAGGTGACCTGTACAAGTTATGTTAAAATGTTGTTGGGGCTCGAACTGAGGCTACTCACAATCCGATGTTTGCAGAAACCCTTCTGTACGCGCGAGCCGAAAGACTGGTGATTGACCTAACATCCCACGGAGCTGCCCCGAAGCAAGTTAAACCTCAACCTGGCACCCTGGACCCCAACTGTACAGTATGAGGCTCCTCTTTCAGAGCACCCATGTAGGAACGGTCAACTGCTGCAGCGTAGTGAGGTACGCTCGTTATATCGTCCACGTCAAAGGTACGGCGGGACATCGAAACCTGGTTGAGAGTCGTGGATGCTGTTGACAGTTGAAATTCCCTGGTGAGCTCCGGACACAACAGGTGTATCACTCGAGATACCGATCTTCGTTGAATCACTGGGGACGTGAAAAAGAAAAGTTGCACACATGCTTATACTTCCCCAACTAGACACAGGTTCCGATCAGCCTGCACGTTACGACATTAGGGGGCGAGTCTAGGGACGGCCAAATTCAATACGCGGATGCTGAATGGCGAAGTTAACACAGAGCATATATTTCCATTAGTGCCAGCAATATCCCGTGTATGACTTAACTCGTTCGTTGGTGCCGTTGATCACCGCGGACGATGCGTGATTTGTCCGCAGCTTGGTCTCCCTATCTCAAAATGGGGATCCGTCTATGTCGGTGTTATATGTCACCCCCAGCTTGACCCCAGAACCAGTACCATTTAGTCATCAGGCTTTTCATTACCGTACGCTAAAGATCTCGACATTTTAGCAGGTAAAGTGGTTATTATCCTTATGTTTTACCGATTAACAAACCCGCTCGGCATTGACCAA,1281,48.63,Homo sapiens
SEQ_924064,AGCTGGGTCCAGTAAGTGACCGGTCAGCCGTGAGCGAAGCTAAGGAACCGATGAATCCTTCAGGTGGTCAAAGGCGATCTCGACGAAGCCCATACCAGCAGTCTCGACTTATGCCGTCGCCCGTAGCTGGAGGATGCTTGTAGGCCTCGGTATCAAAGGAGCCCCCTATTGGGTCGTCCGGTGGTTACGTTGGTGTCACGTTCTATCACGCAGGGACTCTACGCACCATAAAGCCTTGACCTAAGGCCATGAGCAGGACGATTTGATTTGGATACCGACCTTAACCGACTTACAAATGTAGTACTAAACCACGGTACAAGGTTGTCATTCGGGTTGGAATGTGAGCGCCTGCTACTTAAAGTCGCATCCTTTGCCGCGAGTGGCCGAACATACACCCTCTATTTCTTCACACACAAGTTAAGGAGCCCCTGTCGCAAAGTATGGAGCAGTCAAGCAGAGCGTTCCATGAGGTCTGTCGAAGCAACTGCGTGTCCGACTGGATTGCGACGCGCTGTTATGGTTGCGTCGGTGTACAGTACTTCCTCCGTTAATTTTTATACAGAGGCCTAAGGAGTGCTCAGGCATACTGTGCCTCCAAACAGAGGGCTACGCCACTATCCAGGTCCGGTTGATGATCGCCCATAATAGGAAGGAAGGGATTTGAAACCAGAGGAGTTCATCGTTCCATCTGATGCAAGTTTTGCCAGGTGTATGAGTTTACGAAATTCCTTCAAAGATCTTATTGTCGATAAAGTGAAAACAATAAAGCGAAGTCCGGAGGCGACCTATTCTCTCGCAGGGGAATACAGAGACCTCGATAACAGAATTGATTTCGTGTTAGAGTTGGGAAGATGCATACTCTGCATTTCATTTTCCAGCATCACGGTGCCGTGGTCTGGAGTTAACAAGGCTCGGCGTCGGACTCGTTCGCGGGCACCGATCGAGCCCACGTTCATTCAATTATAGAGTAAGTAGCGTCTGCACGCTTGTTGGCCAAGCCAGCTTTATATAATTAAGGCGCGAGATGCTCTCTATTTCGCCTTACTAACCTAGTCCGATCCTATAATTATGTGTACTTGAAATTGGTGACGACAGGAATCTTCGTAGCAATCTTTCGGAGCCCACTTATTAACACGCTCAAATGCTGGAAACCAGTTAATAGTGGTAGGAAATGGCGGAGGTTATTCCGTCGCTAAATGTGTTTCGTGCGCCCACTGGTGGCATATAGGTAAGTAGTAAGCCCTTCGTAGCAGTGGGAACCCATCGGGCTCCCCAACAGTTCTTGTGGGCCAATCACACTTGCGCGACTAGACCGTCTGAGGTGACGGCAGGCAATTGTACTACTACTCGCTTCCCGTATGCAGCCTACGTCTACCGTCTACGACTGCTATGGCCCAATCGTACCCACGAAAGAATATTCACAATACGCACAGGCGCTTAAGCCCGGGGCTAACACGACGATGTACAACGCTAAGTTCGACTAGTAGGACCGCCCTGCTCCGGAGCACAAAGTAGCGCTCAGCTTAAATACTGTTATAATATTGGAAACGGTCGCGGCACGCGTCTGTAAATATCCTTTCTGATTGTATTCCCATAATGTTCGGTGATTGGGCGGTTAAAGCGAGGTGAAATTCTCGTTCACCCGAAATGTTGATCACTTAGCTAATGAGTAAGCACGACGCATGAAGGCCCACGCGTACCTTTTAAGGCTTAAATTGCACGCCACGCCGGAATTTGGCCCTCGCTAAGGTTGGTAGGGAGCCTTTTTATTGACTGTACGTGCACCGACATTCATGCTCAGCCGGGGCTGGTGCCGG,1817,50.03,Escherichia coli
SEQ_182647,TCTAACAGAGAGGGATTCTGGTATAGTGATCCAAGAGTGTTTAAGGAGCAAGACACTAACCCTAAAGTCTGACTCGCGATCCCGCCGTCCGTTACATTCTCGTATCGCACTTGAAACTCGGCGAGTGAAGAAAAAACCTAATATTAGAATGCTGACCATTTCCGAGCCCCCCATCTGGTAACGTCTGCAGTATAAGGTAGTACTGAGTCAACCAGGTGATGTGCACGAAAATATGTAGCAATCACGGGTTGACGGGAGCTCGGTTTCTCGTAGTCACTGACAAACACATCAGTTATAGAAGTTTGCATCGCTCTACGTTCGTTGTGTACCCTATCATACGGCTGCCGAAGAGCAAATCGGTGGAGCGTTGGACGAGAGCCTTGGCTTTCCTGGCACAGGTGTTACCCTGTACATAGTAGTATTCATTATATTTTGCCTCCTTGGTTCTGAAGCGAAGTCCCAAGTAAACTGAAGTCGCTTTGGGGGAAGTCTGCACCGAGCGACACTTTGGACACGCAAACGGACGTCAGTCAGAAAACATGCCTCTGAAGCAGGCACTACTGATGAGACGTGCAGGACGGTGGTCTAGACCGCAAACGGAAGCGTGAGGAATTGATAGTCTCTCGATCTCGAGTGCGCCAAGCCAGGCAAGGCTATACGCCTCATTTTTCGTACGCCGCGCCGAAATGAATTCTCTGATGCCTTGCGGTTGTGTAGCCCTGATTCGATCTTGGCAGCCAGCGGGACGTTAACAGCGAGCGCGGGTGTGAGTGAAGCTAATGGTGGGCCTTAATGAATTAAACATGCGCCCTGGCATGTGAGGTTGCCGGGCGTATTCTTTCTAGTGAACA,851,50.06,Drosophila melanogaster
SEQ_601920,TAGCGAGAAGTTTATTAGCAGTCACTACCCTGTAAAGTTCTAGATGTGGACTATTAGTCTGGGACCGGGAGGAGATGACCCGCGAGCAACTAGCAGGACCCGCCAAAAGCCGATGCGTATGGAGTCCTCCACTCGTTGTCATTGCTAACAGCACTTGGGAAGTCTTTTCTCAGCCTCTATGCGTTCCACGTAGC,194,51.03,Escherichia coli
SEQ_798341,ATGTTCGGCATTGCATAGTAGTGAGTAGCCTTAACTTACCGCGACGAGAAATTGGATTGGTTGATCCTTAGATTAGGATTATGATTGGCAGAGATAATTGACGAGGGTCAGAGGATCCTTCCCCATCGGCCATGGTCTGACAGTCGTACGGCAGCAACAATTCGCCGTCGTTCGTTACCCGGTTAACATTAACACATTATGTGTTGGTCGAGGGAGTCAGGCATCCTCTTTGTTCAAAGATTTTTACGAGGCGTAGGCACGCGCCTCCAAATGTGACTACCACGTTAAGGCGTGAAGTGGGAGAACTATGGCCACAACGATAACCTGGCAGGAATGTTTGTACACCCACTTTTGCACGCTCGAAAACACGGTAATGGATTCACCCTTAGGGGTCCTCGGGGTGTAGATTAAATCCGCAATCGAATGGTCATGGGTAGTAGTAGATTCGTTTACTTCCACTTCATGCCCCCGGCGGCCGGTACATCTATCAGATCGTCAGGGCCTCGCAGGGTGATCGTGGAATTTTATCCGAGGGGTTAGGCAGTAGCCTACAACCGTCGGCCGCAACATGGTCCAGCCACCCAATCTATTCGATCGGTACGACGCACATCCGCGGCTGCGGTAGAGTAGCGACCTTTAAACAGTACTGGAATATGGGGCAGGTCCGCCCATCAGATGCTATGATACCATCTCGAGACAACTTCTTATGGGTTCAACTACACTAGCCCTCCGTTTTCCTGTCGTTCCGGTCCGGAAAACAATTTGGGCTAACGAAGGTGTCTTTATAGACCGATAGTATGGTACTTCGCCAGATGAGGCTGGACGAATCATGAAGTCTAGGGTACTGGATGAGGAATCCAGGGCTAATACTCGAAATAGACCTTTGACTTTATCCAGACTAGTATTATGCGTATGGACTTTTTGACTCGGCGACGTCCGACTTAGGAGCATATAGGTGCACGCAGCGGTGGCGGGAGTGTCTGGTAAAAATTCCGAGTCCTGTCCCATCTAGACCTGGCCTCCTTAGGGCAGTAACGGGAGAACTGGGCCTACGGCGATTACCTTGGCGCAATTCCGACCTAGTAATCAATGCGGACTGCCACCTCAAAAGAGCCAGTTTAAGACACGACTGTCCAAGGCGAGAAGACGGCTCCGGCATCCCATCAGGGCGAGTCGCAATAAATCTCACAATCCACGGTTTCTTCATCATTTCGAGTTGTCAAAAAATATTCAATGGCGATGTGGCTTGAGTCTCTGGCATCTGTCTCTTAGTGGGTCACACGGGCGTCGAACCCTCTGTACAACCACAGGTAAAACGGTAGTCCTTATATAGCATACCTCGCCTAACGTGGAAGATCGGCAATCCGGGTTCTTTGCCGTACCTAGTTTATCCCTATAGTATCTGCCACGATGGACGTTTCACGCAATGGGAGACACAAAGTGATGCCATCGTTCCAGTCAGTC,1464,50.07,Mus musculus
SEQ_235971,TCTGAGCTCATTGGCGCAGCGGAGGACATTAGGGTCCTTTGCTGGTCTGCATCGTGTTTGACCGCTGGCGGGCTTAAGAAATTAGAAGCGGCCCCGGTTGAGCAGATGACTGGTAAGGAGTAGAACAGCAATCCAGGTCGGATGCGCCCAAGGAATATAAGAGGCCGGGCAATAATGCGCCTTCGCCCCGGGGTTGTCAATGTAAGAAGTCATACACGTTGGAAAGAGCTTCTCTATCTTGTTAGCAACTTTACGCACTCACAGATTAATGAATGCGGGCAGCAATCAGCCTCCCCACTCAGGGTCGAAGTATCTCGGCGATCCCCACCGCATTGGACCCAACTCGAAACAGTGTGTGAGTTCGCCGTTCGAAATTGAGTCCAAGCCGCCCACCAAGGCTTGACTTACCCGCTTTGCAAAATTTGATATCGGTATTCAAGTATATCCGCATGTAGGGTAGGACTGGTGCCGATCCTGGTGCGCGGGCCGAGTTTTCCTTCAAACGCTATGACGTAGTAAGTATTAAGTCCCTGCGCTGCCTCCATCACAGTGTTTTAGCGCCGGGGTGTCTAGTCCCCATGAGTTTGCAATGACCTAATTGCAATTGCGCCGGACTACGCAAATCTGAGCCTCACGGATTGCGTCGGCTCCGAGTGACCTCGTCACTGTTACGTGAGTACATACCGGAGCCCATGCTTAAATGGGTCGTCACTTTAGCTTTTGCGGATTCTAACCCTTTGCTCGGTTGCACATGGCCCGGTCAGGTGAAGACCGGATTCGTTATAGTGAGTGCGCTTCACTGCGTGCAAGCCTAAGCCTGTTTTCTGCCCCCGGCGATTGAGTGTGTTCGGTTGAGTGGGATTGCACTCGTGCGACATTATAATCTGAAGTTAAGATCTCCGAATTACGTGCACCGTTTTTGCTATAAACTTCTTCAGAGACTGCCGCCTTGTTTCCGATCAACTAGCTTCGCCGATCCAAGAGACAAACCTAGGCCTGTATGTCTGCCCATGATTCAGAG,1021,51.71,Escherichia coli
SEQ_203391,TATCGGGGGTGCAGGATGACAGAGTCATACACTGCCGGTATGCGGAGCTTCTCCATTTAATCTAGATGGCGGATGGATTAACAGAAGGGCATCCCTACGTCTGCCGACCGAGTAGTTTATGGCGATATGAGCATGGCTGGAATTCACGCTGTCGTGGGCTACTGGTATGAGGAGGCGAGTATGGATGATCCGATCCTTCGTATTCCTACAATTCGGAGGCAGGCTAGATCTCAATGTTGGCCGTTGCGTGAGTAGATCTATTGCATTTGCCCGTTTTCCTCCTACGATTGATGGACTGCTCCTGAGGTCATCAGCTAGTAACGCTAGTCTGAGAGTATCATAACGTTCGGCCCAGAACACACTCTTAACGTCACTATAAGGGTTGTTGGTGACAATATCGGAGCCATAACTCCCTGGCTGAGGCTCTATGCTTCTCCATTACCCTAGTCCAATCAAGGGAAATATCTACGCTTAAACTTGACAGATACCACGGATATTGTCCCGGCGCAGGGCTTAGGGAATCCCATTGCCGAGTCGGTTCCCATAGTATCTCAAAAGAGGGTACGCAGGCCGCCCTGCCTAATCTGGGTAGGACGAGTATTCTAAGATAATCACCATACACAAACAATCCTGAGTTAGCAAGGCAGAGTGTCTCGAACAAGCATATCAATCCGTAAGGACCTACAGTCGCAATGCCGAGTGGCCCTGTTTCGCTCTCTCGTAGCTCTGCCGCTTAATTTCTCTAGCGAAGCACCTGTTCGCA,763,49.8,Mus musculus
SEQ_988890,CGCAACCATGAAGCCTATCGCCTACACACCATACGCAGTCGTACTCGAGCCTATAGCTGTCCGATTATTCGGTTACCCTACCCTGCGCGCTCCCACGGTTAGAAGGCTATCTGCCCAAAGGGAGGGTCGTATGACGCTGCCTTATAGACGATAAAAACGTTCCAAATGAGACTTCGCCTCTGGCGAAACTGACAGAGCTCAGGCAGGCTTGCTGGCAATTGGATCTATACTGAAGATTTGATCAAGCGAAGGGCGCGTAATGGACCTCCCGAAACCCCCCGACACGTAAGCCCGGTGTGATACGGAGGGAACATCGCTCCGCCTCTCCTCTAGCTTATGCGTCATCCTTCAGTAATAACCACTGATAAAACGACCTCTCAATCCAGAGTAGCCTGATGTACTTACGAGGGGAAGTCGAATGGGTCGTTCCGAGTTTGCGAAGCCTAGGAATCGTCCATTGAGCTCGCATGAGAACGTAAAAATAGAACGCCTTCACTTGGTTGAGGTCAGGCTTCACTTTATTTGTTTGTCTGTGGTCACTCTTCCGTTTAGCGGTGCGTTGCATAGCAAACAACCTGAACAACCAGCGCTCGGCCGGGCCTAACGGGGGGACTTTCGGCTCTTATATTTGTCACCTCTGACCAACGGAGCAACGGTCGTCACGCCGTACGCTGCGGCTGAACCTTATGGGAGTCACGCAATAACGTCCGAAAGCTTAGTCCACTAGTATCGGGGCATTTCACTGTTGGAAAGGAGCGGTTGAGGAAAGGGTAGCGCAACGAAAGCAGATGGAACGTTAGAGCTCCTACTGGGGGCGGGGTGACGCGTTAGAGTTTAAACCAGGACCCGAGTGCCCTATGAACCGCTGTAAGATTGTTCGTAAGGGGATGTCGAATGAAGCTGCACAAACCGTGGGCTGCCGCGCTGGATGTTAATAGGACGCCCTTAAGTGTGCCACCCAGATCGAGCGGTGCTAAGTTCCTTCTGGCTCTACACTGTGGCTGAGACTGCCGCCGCTGGCTAGCACTGTGGTACGAGGCGGCTCCCATAGGTGATTGCCTGACGCCGGCCAGATGCTTACTCACCTCCTAATCGCTCGAAAGGGAGTCTACGGGATACTGCTTGGCTAGAACACGCTCTTGAATAGCGAGTACACATGGGCTGCCATATTGTAACGCCGTCTCCAGAACTATGAGGGCGGATGCGACCACCAGACAAGCGTATTTGCACCTGTACAAGATTTGGGCGAGAGGCAGGTTTCCGACTTGAATCATCCCTGACTAAATAGTGTAAGCCGCCGCAGGGACATTGTATTCGCAGAGGTCACAGCGCCCCCGACCGAATCAGCGTAGGCTACCTCCGATTGTATTCATAACCGTTCAAAGATTCCCTCAGAGGCCAGAGTTACTATACACGAGAGCTAAAGATTTCTGGTTAAGTAACCACTATTCGTCTATTCACCATTATCTAATGTGGGAATCGGAACAGACCGTCTTCTGCGAGACACCTGACGCCGCGCCGAAACGCCATGCTACTTCGTCCCAATACTGTGGTGGGGTCAGAAGCGCGCGCGTGTTAGAGCGTTCCAATATTGATTCCGCTACCTCCTTCGATTTTGTCCCCGGTGTCTGTCG,1634,52.88,Caenorhabditis elegans
SEQ_191600,AGTCGGCTCTCGGCAGCTTATCTGCGCGGTCCTAAGCATTTAGTTCTTTCTGAATTGCGTGTTTGAGATAGATTGTGTTTCAACATGGGAATTCTAGCAGTGATGGCGGCTCCAGGTTAGAGGCGATACAGAATGTAAATTAGCCGCCGTAAGCGTACAAGGTCTACGAATTCGGAAGGAGAGTGATAGAAAGAGCGTAAGAGATGCTCCTTATCAAGCTTACTCTCGTAATCAGTTGCATATCATTCCCTTGTCCTGTTATTGATCCTTACGGAACGTCGACTATGACTGTCCTCATCTCACTTAGTGATAATTCCTTTTTTGAGATTGGAAAACTACGTCTGCTATTACGCAAACCACGGCGTACCCGTTTGGTTGACAACTCGGGGCTAAAGCGAGACTGCAGGCGTGATAAAGTTGAAGGTCGGTGTACTTACGGCGGTACTCACTACACCATCCAAACGTAATTATCAGCCGCACCGATTTTGTTTCCGGAATGGACAGCTACCATGTAAGGCACCTGGTCTTTCCTCCCGATCACGCCAGACACATTCGCAGCCTACTTGCCTTGTGATTACGAGGCTAGGAGCCCCCACGGGTACCGCTCATTCGTCTCATGAAGACTCTCCTGAGGTCATTAATTGTGTACGCTGAACGATCCAGAACGCAAACTCCGTTGTGCTGACCTTTTATTGGATATACTCGTTTGGGATACGTGCTACAATCGCGCTGCCCTGTACATGATACGTCTTAGTCCGGTAGGATGGTCTCGTCGCTCCCGCTCGTGAATAGGCCTCTCAGATTGCGCAGTCGTGATGGTGCTTAGCCCGTAGTGTTCGAATTCATGTTTATGCCCGGGGCCTTGATA,868,48.62,Caenorhabditis elegans
SEQ_617398,GCTTCTCCTCATATCTACGGTTTGACATCTCATGATCATGTAGTCATTGACCCAACCCGGAAAACCGATGCCGACGGAGTTTCTGAAGATGCAGTCGGGTACCCATCGGCGCCCCTTTTTTGCGTGTGCAATAGGCATTACGCTTCGAGGCAAGAGGTCCTCCTTAGGCTCGCAAGTTATACAATAGGCAACTGGACATGGGACGATCATGCATGATAAGACGGAAAACAGCGTTAAGGGCTTGTCCGGTATAGTAGCCGCAGACGTTGTCCGTGAGGCATTAGGTATCGGGTCCGTAGAGTGTTGTCGCTCAAGCTCGACGCCGCACACCTGTGCTTGCGCTTAGATCGAGTCCCGTCACATTTGGCTGGAGCCCCGCTTCACATTCTCTGAGGCGTGTTGGGGCGTCAGGATCATGCGTGTTTGAGTTAGGGTTAAAGGCCTCTAA,448,52.68,Saccharomyces cerevisiae
SEQ_487972,GATACAGACTAAACATGTATTACCTTTTCGATGTGCGGACCAGGCATTTACAATCACACAAGGGCGCTGACACTAAGTATGCAGGGTATTGTTAACAGCGCTTGTTGATTCTAACCAAGCCACGTTCCCGGAAAGCTGGTTTGGGCTATTGCCGACATGAAGTGCGGCAGTCGATTACATTGCATTTAGAAGCCGGAAATCGGTGGCTGTTTCCATTTCGATGTTTTCAACAGCATGTGTGGTGTTTCTTGTGATAGCGAGTCGTACTTGCACTGGGGTGTTCAGTGCGTAGACTCGCTACGACTTCATCTTGGGCTACTGTCTATCAAGACCGCTGATACGGACACCGGGTACGGTTGTTGTATCATTGGTGCTCTCTATAAGTGAGGACTACATACGCTATCAAGACCACCGGAGCTCTGTTGACCTCGTCCCGGAGCCGGCAAGCGGATATTCATTAAGCCCCGAACAGGTGGCATTTCGCCGCACGAATAGTCAACCAA,503,49.11,Escherichia coli
SEQ_634947,GACAAGCACTCCCCTTAGGCGGGTACTCAGGTAAAGATGTTCGTAGCTCCACGTACTACATAACGCCCTGACTACTACTTCTACCGGCCAATATGGGTAAAGGAGTTTAGGACCTAAGCCCCGCAAAGGTGTAGGTAAACAGCGACATTTGGACTCAAGCGTACCTTTGAACATAAAGATAAAGTGTTAGTCGTCTCACGATTGTGTAAACCCGGGGAGTCTCCTACCACTCGCTTATACGGCTCAACGGGCATGATCAGGTTTCGAGACCATCCCAATGCGACTTGCGTGGTTTCCGACGAGAGCATTATCCACCGTGCGGATTAACAAGCCAACACGTGATTACGATGCAGTTTACGACTGCGGCTGTGCGAGGATCCAGGAAGCTTTTAAGGATATAAGCTGATTCATGAAACCGGAGTTCATCAAAAGTGGAGTAATCTAGCATGAGTACTTTGACGGCGCGATCTTACCATTCCGGGGATCCTACGCAGGAGGCCTCACCTGAGGGCCACAGGAGATTCCAACTTAATGTATCTTTTCATTCTCAGGTACACGATCCTCCTTAGACATATAACCAGCCGTGCGGACGAAAGCTCCGATGTTATGGCGCAACCGAGGAATGGGACCAACCCCAAGGACCACGTTTGGCCCAAGTAAAACAAGATCGCTATTGCAAGGTAGCAGTTCGGTGCCTACAACACGGTCACATAGACGCACTAGCATCGCGTTATGTCCCTGCTTTAGACCATCTGGAACTCGTGGCTTGAAAACTTGCTGAGTGCGTCGAAGTGACATTCCTTCTAATAAGGTCCCCACAGGCTGCAAATAATCGCTTAGTGGCGGGATGGCGTACAGTCTCCTGGCGATAGTGTAGCCACCAGTAGCATAATGTCTGAACTTTATCTCACGGAACGTGATACAGTCTTCCCGATGCTAGGAATAACAATACGGAGTTCATCTATTTCACTTTCGAGCATAGTGTACATGTATGTGGCCTCTTTGCACCCGTCCTCGGTGCAGTCGCACAAGGCGCAATTCGGTTCGGCCCTCCTATACTCCTTCCCCTTCCGAAAAACAGTGTTCAGGGTTTGTCGCCTGTACGATCTGTAGATTCCTTCTATGATGTACGCTGTTATGCAACGAGATCGAGTAGAGAACCAGTTTATAGCGACATCTGTCGAGCACTTTCATGCTCCCTGTATGTTATGCCCAGATTGAACGAGTGAAGATCGCTTCTTCTGTACCTGATTACGCGACTTTACCTACCAACTCCCGATCAGGGTGGCCCCTCATCACTGCTCATAATGCCACATATATAGTAACGCCGCGCAGTTTTATCGATGGTCACCACATTGAGTCTAATACATGGATCGGCGTTACGGCCGTTGGAACGTCAGCCTATGCTTTGTAGCTACTCCTCGTGCATACGTGCAGTACTTCGCTAAATACTTTGCTCCAATGTAAAGTTTGAGGTTCACCGCCACGCAGCGAATCCAAATAGAATTACTCACCCTCTGAGGTGTAGGACATTCAGATCGGTTGGTCTATAATCTTGCATAATCAGCCCGGGGAAATGTGCCAGGTTTGACATTGTCATTGCTCCGTAGTACCGTTGTATTGGCGCGACTCCCATCGGTGGGAGGTGATTGTCCGTGTAGGGGGGCTGTTTAACAGACAAATATGCTTGTGGTGGGCAGGTGGGCCCTGAGAAGAACAATAATTACCAAGCGCTATGATAATGTTTTTGAACTGATTTGTAAGACGGGCTTATTTTGATTACATTTCTCTGAGTACTTGCCCCGCTGAGAAGTTGGGTCACAAAGCTAGTGCATTGAAACCCGCCAGATTAACGTCTGCCACTTCAATAGTAAAATTCTCATAGTTGTCGCTACACTGTCACAATGCCTGCGCAGAGGTGTAGGGTCTGGGATGAGTGGGCGTTCTTCATAG,1953,48.49,Caenorhabditis elegans
SEQ_801609,ATGAATTGTCGCTTATTCAATAGCGTGAAGTTCCACTCCGCGACGGATGACTCGTCGATCGATTTCCGATCTAATGCCTGAGCTGTGTAGGAGGCTACAGACCCGATAACTTTGGTGATAACTCGTAAACGACGTAAGCAACTCTCACTGGGATATTTTAATCTGGACACGGTGCAGGCGTAAGACTCGTCGGTCAATCACTGGCCAGCAGCTTATCGGAAGAAAACATAGTATAGAGCTTTCGATTCGCTCATAGAGCAATAAGCCCTAGACTTAACTGTCTAAGACTCGGATAGAGCACCGATGTCAGCACGCTTGTATGTGATGTTAAAGGGACAGTGGCTAAGGACGGCCATTCCACGGAAACTGCCCCGTCTAAAACTCAAAAGCAAGTGATATTTGAGATGCGAAAAACGGCCGTGTGATGAAAGAGTCCCCGACTAGATATTGCCAGACGTCTTATCTGTACAAAAAGATGCGACTCGCTAGGTTTACGTTACAGTTTGGACTCTAAATTCGTGCTTAGTAGAGTACGCGTCAAACCCATGTGGATTGATCGCGTATGCGGTGAGTTGCACATGCGGCACCTTAACGTCGTATGCATCCGTTGTCGTGTTTAGGAATAGTACGGTAATTTGACCTTAACTCGTTGTATTCCACTCTTCCCGTTACAGTCGCGTCGAGGAGAGGCTGATCTTCGGTGACAGGACTCTACAGGCCCAAGCCACCGTTTTTAGATCCTGAAGCACGCCACCAATATAAGAAAATAGAGTTGCCTTGAGATGCCCGCTATCTGTAAATTTAGAATAGGGACGAGTTAAAGAGCGCTGACCAGCCTGGAATTTTAGCCCCGCACTCGTCAGGGAACCGGTTTCGACTGGGGTGACACCTATTGAATCGGTGCCACGCGGTTTATAGACGGCGCATCTTAGGGGTCACCTAGGAACGCCTAACCCCCGACTACGATGGCAACAGGGTTGCCTAATGGATAGTGTTGGAGGTTTGCCCCATTGACGAGCCATTACGGCCACCGTCATCCTCGATACGTGACGTTTTGCGCAGTTCCGCCTGATCATTCCCGAAAGGATCGGGATTTCGGCCTCTAGGGAGCAGACTCTAATGTACGGCTGCCGCCTGTGCAGTGAGGACGCGGTTAGGGTTTCTACATCAGAACCCCGATGTGGTGGATGATGAAAGCAGGTCTTCTGAGACTAGTATATACAAGGGACGCGTCACCCGCTTCCTAC,1247,49.64,Saccharomyces cerevisiae
SEQ_458323,CACATTACTCTGTTTCATCTGCGGTGATTCTATGCATATCCCCTAAGACGTTTCAACTTAGAAGTCCATCTCGATAGGGGGTGTAAGCAACTCGGGCAAGATCGAGGGCGGTTGCGACCGACGCCGCTCGCAGGAGTGCACAAGATCCTAAACTGGGAGCACCGCTCCGTCCTCACAAAAGAGGGCCCGTTGGACATTTGCTTCCAAGCAAACCCGCCTCAAATAATGATTGTCATTCTCGGTAGCTCCAGGCCGTGAGCCCTAGGCCCTACCTAGATTCCCCACGTCCAGTCTTGGGTACATGTCAGAGAGGCCCTGACTTCTAGCGCGTCTTGTTATGACAGGCTATCTTTCTGCAGTTGACTGACCCGGGCTATAGGGCTGCTGGGATAGGTGGTGAGGGCTGGCTATCTCCTGCTTTACCCCAATAGGATAGAAGGAGTGCCCAAGCTAGAGATCCGAACAAAACGGACACTCTGATTTACTCATATCCGGGCTGTGGTCGAAGCTCCGACTAGAACAGTGAATTTTGGCGCTCCGCCTTGCACTGGTGTCAATGGGCAGTTGCAAATTATTAAATGCGTAGCCTACCGGGCTTTTAACTAAAAGTGTATAATTTAAATGCGCTTTGCGGCTTGGCCGCTGCCGAACACACAGCTACTGGCGCCGATACGTGTCAATCCACGTATGCAAAAGTTGAGGTTATGTCCATTGACCCAAGCGTGATCTTCCTCGAAACAAAGGCATAGCTCGGCAGATCTGTTTCCGTGAGGGGGCGTGAAAGTCGCGATCCCAACGTGGGTGTCCTTGTCTGTGAGTGACTCCTGCCCCAGAGGGATCTACTATCATGAAGTAGTAGGGGAGCAACACTTCGACCAATGAACTTTGGCGTCGGATTCACGAGTCCGGGTTTCGACGTTTACCACAACGGACCAGGCGGTTCGGACAACCGTCCTGTTGCCCAGCGTAGAGGGGCTCGTTAATATGAGTGGTTATTAAAAGGACGTGTCCACCCGAGTGGTCGCTTAAAACATCTCGTATGCGGTGGAGGAACCGAGTACGAAACAGATTATTACCCTGCTTCAACCTACCGTTACCTACATCTGATTC,1110,51.8,Mus musculus
SEQ_417758,GTATCGGTTGACATTCCCCCCCCAGGATCTCGAGTGTTTCCAGAGGATCGATATTCTTTCATAGGTCCTATCTGATAACCGACTGGATATGAGTAGGCGCAAGAAAATACGCCAGGGTTTATACCATTATACCCCTTCCATCGTAAGCACTTAAACTGCACCTTCGATATGGCGGGCCTTGTCCCGTATTCGTGATTACTAAACTCCTCAAATCCGAATAGCGTGGTCGGTTTCTGGCCTCCGGGATCTAGGACTACGTCCATAGCAAAATCTACGACCGAATGAAGGAAGTGTCCGCTCCCTCGTTCTGGCTGGACCGACTTAGCAGTAGCTGCTCTCAAGTAGAGCTCATCTGCAGTTTCGTCGCTTACAGGGATCAGCTTCGGCCCGGATGATGCACATTATGAAGTCCTCGTTCTAGGTCATGTGCGTGAGAACACACGCTCTAAGTTCAGCGTCTCTACACTCATAGAACCGATGCATTAATGTTTAGA,494,48.79,Drosophila melanogaster
SEQ_197687,GTCGTAACTCACCGCAGATCTTAGCATATCTCAGAACATTGTCAGGAGTCTCGACATGTCTATACAAGCGCGCACTTTTCCGTGTAAGCAATATAGCGTGCCCTGAAGAAGATACGCAGAGGGTATAATATACCCCGACGTGGTACCGCGGAGGAAATGAAGCCCCAAAATTGTTTTGGATAAGCAGACATTCAATATATAGATCAGGTGGTCAGCAAGTCGCGTGCGTATTCTGGGGCCCCGCTACACCTTCGACAAGCCCGATCCACCTTTGCAAGTCAATGATTAAATAGTCTAACAAGGTGCATAGGGGCCTAGCCTCTCGAGATCAACCGCCGGGCCGGGCACTCCAAGCGGGTCTACTCGTCAAGTAAGAGCACCATGGTTCCAGCACTTTGGAAGTGACCGGTATTGTTACTCATAGGTTTTTGAGGACCGAACTACTAAACTCGCGCCACCGAGCCTTAGCTTGATTGTCCCTGTACAGGATCAAAGGCTGCATGGGCCTATTTCACCCGACAATCGCTTGGATAGCACGTCCCTCTCAACAGCGAGAGTTGCTGAACAGTTTCTATTCCGAGTGGA,585,50.09,Mus musculus
SEQ_244498,AATTATTGTGCATTAATTGCACTGAAGTACTGGAGGTGTATCTCCAAGCCTTCTATATCGCCGCGGGTAACTCTACAGAAGTGCGGGGAGTCATCCGTTCTTGCGGACTGTACAGTCTAGAGGTATATCGTTGGGGTAATCGACATGTTAATCAGCGCGGTGCTACAACTACTCATAGGCATGCGACCCGTATGAGAGGTTAGAATTCTGTGGAAAAAAATGGGTAGGATCGCCGGTTTCCCTCGCCCCAGACTTCGTAATCACATCCGGATCCCATCTGATTGAAGTAGCCGGACAGATCGGAGAGTGGACGTAAGATGCCAAGAACCTCCCGCTGACACAAGTACTTGGTAGGTTCCAACTTTTGGTTCCTGGACGCTTGTCCTTAGTCGCCGCGCGTTGCTCAGGCCTCTAAAGTTCGTCTTCACGATGCAGGGAACATTCCGAATCACTCCCTACTTGCGATATGGTTGCTCCTCTGTTCACGGAGCACCTTATGAATATTACCTCGCCTTAATGTCACCGTGCATCCTTTTGCAGGGAAGCTAATACGCCCTACTTTCTCTGTCTGATCACCTGGCTTTTCTCCTAGCACTGAAACTTTGGCAAACTCCAACTACATTTACTATTACCGCCAGCCTCCCAGCCGGGAAGTTAATGTCTGTTTGGCGTCATTGTTTCCAGGGAGCGGTAAAAGCTGGTAGCACATCGTAGACATTGCCGTAATGTGACCGTCCTAACACGACCCCCGACCGCGCTGTCCCCGATGAGTATCCCGTGCCGGTAGAGTGGACACGAACACCCACGGATCAGCGTCTATCAACCGGGCTCAGTAATATCTGATGAGTTCTCTCTAAACCCCGTTTTGAATCCAACC,877,50.29,Drosophila melanogaster
SEQ_251659,GTACGCGATACGGGCAGCTATACCACAATTGAAAATTAGGTGGGGACGTTTGAAGATCTTTATGAGTGTGCAAAGGTCCCTGCGCTACCGTGAACCAGCGGAAATCATCGCATTTATGCGTTGGCGGTCACTATATGAGTGAAACTCGCCATCTGGCTCGGCGGTCCTCAGGTAAGCGGGCAAGGAATCTGGGAGGGTTCTGCATGGTTTTCACCAGAGTAACTTACTAGAAACCGGGGCCCAACCCCCTGTCACTAACAAGGCACTGGCGTTTCCCCAGTCGGAGTTTCCTCAATAGAGACCCTCTAGTATCCCGCACCATTACGATGGTTAATCGTGAATTCCGGATCATACGTGCTACTTTCGCTCGGAACGTAACTATGCCAGCTTCCTCGACGCTCGCATGATAGGCCTTTATTTAGTAGTGTGGATTCCGCGTAGACTGATTCATGAATCGTGAGAGGCGTAACGCTAGAAGAGGCCCCGGGCTTCTCGCTAAAGGCCAACGTTGGAGTAGGACGTAAGGAGCAACTTGTTTTAAGCAGGTGCAGCTCTTGTGTTTAGTGCTTATGTGCAAAGGGGTCGATACGCTGGTCGGGGGCTGCAGGATTCCATAGA,618,51.29,Escherichia coli
SEQ_316763,GGCAACTTGTACCACTATAACAGCGTGTTCAATTACGGCGCGTCACGATCACGATAACCTGAGAGGGGAGTCCTATCTTGTGGGGATCTTATCTATTGTGACTCGGACATGACGTCTTTTGCGCCATGGGTCAGGCGGCGTGTAGTTTATACGTTTTGAGCGCAAGTAGCACATGGCCGTATCACTACTCCAGTCATCGGGGGTATACCTAGAGGTGACGTAAGTAATTTTCCGGACTCGCAAAACATACGGCTACTGCCGTTTCCGGGACCTAGTCTAATGTGGGCAAGAGAGCGGTTGCGCAAGCCAGCCTCCAGTGCGAGAGAATGGAGTTCGGAAATGCTCTTGATTCTGGAGTACTTCCAAAGCGAAGCTGGCGGTGATATTGTTGGCCCGCACTTGGAATTCGAACGGTGTACGGCCGCGCGAAAATACCCGATACATCTAGATCTGAAATATCATAATAGCGGCAAAACCCTAAGAACTTAGTTAGCGCATGAGTATTTTAGAGCCGGTAGCGCCACTTGCAAAAAAATACTTAGATGCTGACTCCATAGTGCCGGGAGGGCTTCTCTTAATGAATGTTAGTCCTGCTGTTAATATTGGGTAAAGTCTCATGCATACTTCTCTAAAAAGTCGAACCCGTAGAAATGAGGCGATTCTTTATAGAAGGGCTACCATTCGCGGAGTACTACCGGTGACAATATTCCCTGATCTCGGTTTCAGGCAGCCAGCTAATGTGGCACGAGTTGAGTAGTCTTTTGCAGTGCCGGAATAACCATGGCGTGAGGGGACCTTTTATCTATAAGCGTGTGGCACCGGAACCGAGCACGTAAAACACAGCCATCTGCGCGTATGAAGTCTATTCACCGAGCCTCTCGTATGCG,887,48.93,Caenorhabditis elegans
SEQ_890617,GAAAGCCGTCAGGCGGCAAATACTGAATTGTCCTCGGTAATGAAAAAGTGAATATGACGTGCGCACTGTAACCGCCGCAGCCTCACGGTAGCATTCGTCCGCATTATCTGCCGCACTCGTTCCAGAGTCCGCTGAGATAAGGTGAGCCATTGTAATCCTCTGCATCGCGGCATGACGGGGTACGTCCTTTGCTCATGTCCGCCCACTTTCCGGAGGCCGGCTGATGGTTACTTCGTTGCGTCTTACACCCCCCCACTCAAGGATCCCGGTAACTTTGTGGTCTCTCCAGAGAGACGGGGCACTCCGAAAATAAAAGTTCCATCCTAGTCCTACTGTAACACTTGAGCCTAGACCCAGGTATGACGGAAGGAGTATCGTCGAGCGAGTATAGTGTTCACGATCGAGATCTTCTCCAGGCGTTAACACCAGGGACGGAGGCTACTGCAATACCATAAATTCAAAATGGGGTTTTCACACGAAAGTCGAGCGACACAACGAACGCTGGCGGTGAGGATTAGTGTGATCCGGGTAGTAGACTTGCATTCGCGACGCAGTGAAGAAATTCTGAACCTAGTAGTCAACCCGAGACCATAAATAAGATGGAATTCACCATTGTCTAGATATGATGCAGAGTCCAAGTCCGGAGGGTCACCAGGAACCCGTGAATGGCTCTCCTGCCTCGTAAAATCAAGTAGCTAGGGGCTCGTTTTTCATCTAAGACGGTACACCATTATGCGCCTAGCACACGTCATCGCTGATGCGATGAATCGCTTAAGTCCACGAACCCGTATGTTCTATTCACGCCTCAGTGGTTTTATCCTGGGGTTCCAAAATGGGAAGTCGGCACACAAGAATATCACATTAATGCCCTGCCTCCAGCAGCGCCATGGATGCCCTAGTGTAACTCGAAAACCAGGCTCACAAC,925,50.92,Arabidopsis thaliana
SEQ_729828,CAAAGTCTCATACGGGTCCTCTGCGGGTCTGAGACTGAAGGTTACTTGCCCTCTGATTGGATACACCCGCAATCCGGGACTAAACTAAGCCTCATTACGCGCTTAACAGAACGCCCAATTAGGACCTTTCCATCTCGGTGTCATGAGCTTGTCGGATGACACTTGGAATGGCTTGCTTGGAGATTCGTATCAACAATGAGGGGCTGGTCGGGACACACAGAAGATCAGCAAGTGGCCGATTCTTTCACGAGTCGCGCTACACTCGACCTTTGTGCCACAGGATGTGGCGCTTCTATACAGCGAGCTCATTGGCGATCGCAGCTCACCTTGCTTTAGCTGGGCCAGCACACCGATAACGTCTTAAAGTCTCGAACACTCATGTTGGCTAACGTAAATAGCTAATGCGTCACATCACATAGAGTAGAAATCTGCGAGTCGCCCGCGTAGACTTTACCGGCGCGAATTTGTTTCCAGAAATTGATGCGACAGCCATGTCCGGCAAGCCTATCGAGGGACGCCAACCACGGAGGTACGTGGGTACCCCTTACACGGGGAGGCCTTTGGATACTCCAATACACCTCTATAAGGTATACGAGTGCTCGTTTAATTGACAAGGACAGCGCAGTGTAAAAGGTCCACGTGAAGGGACGGAGGGCGTACAAGCTAGCGTATCACCTGGGAGGCTACCGGTAGCGCCCATAACTATGTTACAGTAGCTTGTCGGGGACTTCTTCACGCAGAGTCCCGTAGATCAGGCTAGCAGACTCAGCTCACAACGCGTTTACGCACAACCGTAACGAGTGCTCCACCCAGTATCTCTAGACCCATCTCATATATAAAGAGGCGTCCAGGCATTATGAGCACACCTCACCGCTAGTATAGTGACAGCCCACGTTCGAGTTATAGTGCCCCTACTTCATCAGGTTGGCTGCCTTTCCGCCTTCGAGACTCGCAGTCATGTCGTGATAATGCTGTCAGCCCAAGCTATAGATAGTGTCCCCATATGAAATCTCTATAAATAGATCGTGAGACTTGCGGCTATGGTCTTCATGTGTGTGGTCGACACTATACCCTAGTGGTGGACGCCATGGCTGCTAGATATACCTGGAAGGCAATAGTACAAAGAACCTCTTTATGTGAAGTGCAATTCTCCCTCTGAAACCTCTTTCTAGGGGTAACGACCGTGTAGAGCCGATCCTTACGACGCCTGCGGGAAGGACCGCAGTAATTATCAGCAAATGCGGCTGTTTTGTTAACGTACGTGATGAATTACCCAAGACGCCCCAGCTAGTAAGGAAAAGTATAAGCTCCCTCTTGGACGAGGAGACCGGGTAAACCGTTCTCACAGGGCACGGGCCTCGTCAGCCATATCCGTACAAGCGCACCCCTAGGACTAGGGGGTTTTCGGGCATTCAAGATCCATCCTCCGTGGTACCGGCGGACCCTTCGGTGTAGGGAAACTGACATGAGCTAGTCAATGGACCGGGGAGATGTGAGAGTCCACAGCTTTCTGTTTTAAGTAACTCTAACGGCGTGCATTATTTCGGTAACAAGTATACCTTGTACTGAAAAGCCAAACAATTGAGAAGCAGACTCGAATCATGCGCTTTTATGCATAGCTCGCTCGTGGATCTCATGACTTTTTACTGAAGAGGCGGATGTTTTGAATTTCGCCCCTAGCGGTGTAGATCTGCGCGGCTTCTCTTACTACCTGGGGGAGGACTGCGAATGTCATGTGGGGGCTGTCGGCGTGCTCTTAAGATCTTCTATCCGTGTGAAAGACTTATCCACTTAAGCATACAGGCTGTAT,1810,50.66,Drosophila melanogaster
SEQ_900262,CCACGGATCTGATTACTAAGCTCCTATCGACTCCACCCAAGTAGACCCATGCGCAAGCGTGAAATGAAGCCGCGGTGACGGCGAAGTGGTGACGATTGTACATTGTGCGCGCCTGTTGGGGATCTATTAATAACCATCGTATGCCCGTGCGGATGCTAAAACGTTGTTGATA,172,51.16,Mus musculus
SEQ_948819,CCACGCCCTTCTAGCAGCCAGGGCTTCGCTGATCTGCCGCCGAGTCAAGATGAGATGTTGGCGCTAGTAATATAGTGCATAGGTATGGACAATTCACACCACCGTTTCGATGATCGAGGCGTGGGCCCTGGTTATATGCTTTCGTGAAAAAATGGGCAACCCAGGAGCAGGCTGATTGAATCCCAACCCAACGTCAAGTTCGGGGTAGGTTTAGTGTCTATCTCACGTCCTGGGTAGCCGATTGGAGATTAGTCGCTAGAATGGTCAAACGAACTAAGTCCCATGCTCGATAAGATAATACCCTTTTGTTGGTGTAATTCGCCCCCAGCCTGTCACATAAGGCGCGGGGATCTAGTTACGCAGCGAGCACGATGCTCCCGCTCTCATAATAATGATGCGCATGACGTGAAGTGCGTACTATGGGTTCCGCTTCACGAGGGGTTGGAAGTTTTTCGCATTGTGATCCTCGGAAAAGTGTGTATCTATGGGACCAGCAACAAAAGCATCTCAGATACCCCAACTTTGCCTATAGACGTGTGGGCCTTTCAGAGCCGAAGAGGCTACTTACGAATAGTACATGACAAGGTCTTAGAAAGAGTAAGTTGATTTAGTATCAGGGGTCCTGTCTCCGTTTATTGAGTCTAGACATTTCGTAAACCGGGTAGCCCCTCTTCCTCGAGTCGAAGCTACTGGCCGTATTAATATGCAAATGAGTCAACTGGAACAACATGTAACCTCGGAAAGAGCGACACACAGTACCAGTAACAGCCGTGATGAGTGGATCAAGCAGCTGCGGAAACGGGTGTCGCGAAATGTGTAACCCACGCGAGGGCGATGTTGTTTGGAGGTGCGACGATCCGGTTGTTACGACTGGCAAGTCACAAGTCTCCATATAACCGACATCATCTTGGCTCACAACGCTAACAAGGGACAATGAAAGGCTGCAAAATAGCTCTATAGTTACGATCGACGTCTTCTTCTGCTCCCGGCATGCCGGGATTATACGCACGGAGGGAGTGTCCGTCCAAAATCAGTGCTGAATACGGGGGAGCTGCTACGTAAAAGTCAAACAGGCTCTGCAGCATAGAGATCCTGACGCAACAGTCGGTCAAACCTCACTGTTGACGAGGCGGACAAAGCGTGGGAACGATTGGAGTGTGAAAGCTTTGTAGTTAGGAACTCCTCACTGCCACACGTAGACAAGAGCCACTACAAAGTGTGCGTCGGCTTTCTGTGTGTCTCGTGGTTTGCCCTATGCACCAGAGGTTGTAGCTCATGGTAAACCTCCATCGATGAATTGGTATACAGGAGCCTGACGTACTACAGTCAATGATTTTTGACTTTTCTTGCTTCACTGACTTGCTAGTGGGATGCTGGACGCCGTCTTAGCACTCCGCTGACTGAATCAAAGGGAAAACTAGCATTAAGGAAAAAGTTCGTATTTTCCATCTTATCACACTTAGCGTCTGGTATATTCCGCAAATCTTCCCAACCAATGCGGCCGTAACCAGACCCGGGGCTCCGGCAACCTAGATCTTAACCGGAACGTCAGGCTCACCTCCGTTCTTATCAATCTCTACACCATATCTTTCATAGATGCTTGCTTCTTTTGGTGTTGGTATGTAGCCCGCCCGACCTTACAGCTGGGAGGCGCAAGGCTCTCGCGAGTAACGCCTTGTAGACAGCTTAGGAACACATTCTGTGATCCGAATGGCAGTTTACTCTGCTCTAGGCTCTATTACTGGCCCTCCAGAGTCCCCAGCCCGTTCTATACAAATACGCGAGTAGTCCGTGAGCAGAGAGTAATGCATTGTTACAATGAACATTTAATGAGTGATCTGATTGAGGTGTGTAT,1855,49.16,Caenorhabditis elegans
SEQ_227847,GAACCGCACGCTGTGGGTTGAGCTGAAGAGGCATCAGTCGCTCGATCCAAGAGGCAGCTACTTCACATGGGCTACGCGACGAGGGTTCACGAATAGTTGCTACTGCCCGTGATCAGAGAATGGACAATTATAGTGACTCT,140,52.86,Saccharomyces cerevisiae
SEQ_878911,GGCGAATTCTAATGGCTAGAAGCGCGGACCCGACAGCCTTATGCCATAAAGGAGTTTAACCTTGTCGACATACCCGGGCTGGCAACCCGGCCTTTCTGCGCACCTGTCATGCGGTGAATTAGCGCTGCAGACCAGATTTCAGGATCCTTGCCGAATTGGAGAACAGAACTTGAGTCGCGGGACTGTGCTTCCTTGTAATTTGTTAGCAGCCAGAACCATCTAAATGATGTCGGTGCGCAGGGTATCTGAGTCAAATGAGCCTTAATAGAATCGTCTCGACAGAGATTCCCCTGAACAGGTTCACTGCACCACGTTCCCTTGCGGCATTCCGGTCCTATCTCAGGAATCAATTAGAGATGAATACCTCTGACGCCTTCACTATTCGGTGATCCAGGATAGCATTCTGCCCCCAATTTCACGATACGCTCACATGATGACACCGGGTGGTTATTATGGCCATGCACCGCGAAATGCGAGATCCGTGCTATTTTAGGAAATCAGCGCAATAGTTCCGACAGCAGAATCGAAGACCCCCCATGCCGTGTTTTTAGCTCTGAGCAAGTGAGGTTTTGTCCAGGACCTGCATGGATCGTACCCTAGGCGTGCTGTAGTTTACTGCGGAACATAACTTGAGTTGATCTTGCTGCGGACCATCGGTTTGCGGGCGCATACCACCTTGAGTAGGGGATGTGAGCGAAGCCCATGGGATGTGCACGTTGGGAAGGGATCTATTCATTCGTACACATCGGTGATCCAAAGGTCCTTCTGTGCGGCCACACTGGAAGGGAGCCTTTCCCCTTACGACAATGATCCTAAGAGGAGGCTCACCACCGATGAAATT,841,51.25,Saccharomyces cerevisiae
SEQ_586506,AACAACATGACGACATGTCTTTTAAAATACGCACGTCTGTCAAAGCTGGCCAGGTTAAAAGGCATGGAGTAATACGGTATTACATTAGCAGGAGATATCGCTGTATTGAGCCACTTTACAATTGGACAGCCCCAAGGATATGAGCTGTATACGCTCAGTCTCACTGGTTTGTCCTCACGATAAGTTCCTATTCTAGAACCCCTCAAGCGGGGAAAAGACCAGAGTTGTGAAACTCCTAAGATGGGCATTCATAGTTCGAATTTGATAGGGATTCTCCAACGGGGGGTACAAGCAACGTTGCGTGTATGCGGTACGGCTTGCGAACGTTATCTGATCGGCGGGCAGGGGCTGCGCGCTGTAAAGCTTCACGCACGTGCCAACAGCTGCACCCTACAGTCGGGGTGCCACAGATTCTCACTATCGATGAGTTGAAGAGACCTCTATGCAGTGGAACACATGAAGGATTGCATCATGTCCTTTGATCATTGTCTTTCCGCGGAAGATGCGGACGTCGTAGGAAACAAGTCATCTAGGGTCGAGACGTTATTAACATACTGATTAGAACACCGAACTGCTGTAGCGGCGTTCGGCCTATTTCAAACCTGCCCCGCCGGAAGACGGTTTTCTTATTCTCAGGTTCTGGCCAGGGACCAGGACCCTAGAGGAACGCTGTATGGCTTAGTTGCGACCGACCCCCACCCGTAACTACGGACTCAGAGATAGACTTATTGGTATGTAGACGTGGAATCGATGCTAATGGCCATTTACCCGTCGACCATGCATGCCCAGTCCGAAGTGGAGGTCTAGCCGGGTTTGCTCCTACTGACTTCGCTGTGACCCAACGGGGGTGGGGTCCGTCACCGAGCCCTGTATCATAGTGTGTTACTGCATGGAACTACAGC,902,50.67,Homo sapiens
SEQ_134173,CGCGACGCTAGTCTTTGTATGCAGTTGACCACACAAGAAGCGTCAGTAATAGTAGTCTGTTAATAGATCCGTTTACTCCATTCCCAGCCGGT,92,46.74,Mus musculus
SEQ_861915,GTTAAAGCCCAGCGTTAATCGCATTCCAGCATGTGGGGGGGGTGCCTTCATTGACTAATATCCTTCTCGTTACTCACTGCTCACGTCGGGCAGCGCATTCCCAGAGGTGTCACTGTATCGGGCGACCCTAGATGAGATAATACCCCTCACCTAGTGCGCCATAGGCATTACTGCTCAACCGCGAATTCGCACCGGTAGGCAAGCCCTAGGCCTCTCGCGCCTATCGAAACGGTATGGAAGCTTACTAAACCGCGCGATATCCAGATTGGCGAGAAGCGATTAGGGTGCGTCTTTCGGAAATACTGTTGCTCTAATCCTTAATTCGAGGAGGCACGAGTGTCGGGCGGCTGTGTCATGCGCCGCGTCTGACAAGGGTTCACATGTAGCGTGCGAGCAGAAAACCATGTATTCAGAGTCACCAGTGTCTTGGATCCAAACAAGAACCGGCTATTGAAGTCTGATTTAAGGTCGTGCCGACCGTATCCTTTAAATTCTCGGTGCATGAAGGTAGTTACCCTCAAGGGGGCCTGAAGTGTCATGAGAATGAGAATTACTCTTAGCCTGAATGCGTTCACTGTCCGTGGCGAAGGTATCCAAGAAATGTATGCTGGTGAATTTGCATTGAGTCAAGTTTGAGCTAGCAACGCCACTTTTTAAAGTTTGCCCAAGACCTATGGTATCGCACACCAGGCTAAGCACCATCCTCTAGATCGCTTGCCTAGATCTAGCATGGGTGTTCACCTTTCACTAGTCAATGGATTGCTCAACGTCGGGCAAAGCTGGAGGGTGATTGGCGGTTGACCAGCTTCAGAGTCTCTCCGCGGGCGGAGGTGCTTTTCAGACTACTAGTAACATAGGTGAGAACAGGGGCCATGAAAACCTGATAGTCAAAACTGGTTGAGCATGGTAATCTGGAATGGGTGCCTAGCTTACACGAGTAACGACTGTCGAACTCTCAAGTTAGATGAGATAAGGGCCTGTCTGTAGGGTGTCATTCTATTCGTCATACTATGCTGTTGGCCGGGCCTCACTGAACATTGCCGGATGAACGAAGCTGAAATATGCGGCCTCCGGTAGACGGTCAACCGAATTTTATGTGCCCTTAATGGTGACCCGGCGCTGAGACGAGGTAAGCTTGATGTCTGCTTTCTCCGCCTTCGACAGGACCGTGGGCGCACTTGCCACAGTACTAATTTCCACATCGTTATCTCAGACTCAAACCCACCGTCGTGTTGACAGTTTCTTACTTTTGTTGGCGGATGAGCATGTGTCATATGAGACTGCCCTTACAGGGAGCCACGATCATCAAGTTCGTCACGTGGTGACTGTACGCACTGTATGTCCGAATAAGGAAAACGTAGGGAGATGATGCTTCCCGGCTCAAAGGGAAGTAAGATTCCAAACTTAGCACGAGTGACCTGGCGAAGTCCGCACTTGTGATCCAGTATGCAGCATTTCGTATCTTGTGAGCGTCATCATCAGGCCTTGGCGTCTCTAAGAGCAGAGAAGGAGACATCCCGAACCAAGAGCTAGGTTACGGCTGTATAAGACACGAGTCGGTTCTCCAGTCTGACATACTCGTATATTGTAGAGGACCAGAGTAACCAAGGCCATAACTCGGGAGGAATCCGAACAGGTGGCTCGAGCGCCCTGGTCACCTGGTTGCCACGTCCA,1674,50.78,Escherichia coli
SEQ_469523,CATGGGGATGTGCGCAGCCACCCCGTCTGACATGACTCAAGCGCAGGTGCTTAAAACCCATGGAACCTATACTGGGCACACGTGAAATCATTAACTAGGTTGTAGCCACTTGGGTGGGATTTAACTACTTAATGGGGGTAACGCTGCCGACATTCAGTAAGTCATCGTGTGATGAAGTAAGCTTTAAACTTCGCCTCTCTTCTAGTCTTTGTGTAATCTCTGAGCAAGAGCAAGTAACAATTAGTGCTGGCCGCAACTGCATAGTTACGATCTGGGATAATTAATAAACCTGCGTTCCATTCACTCAATCTATTAAGATGTCGGGGGATCACCTGCATCAGAAATCGCGACGATAAGTACCGTTTCAACACTCAGGGTGTCGAAATGCCCAAACTTCTTAGGTCCCTTTACTACATGGCAGGTACTCCGAGCGAGTACCTTAGACAGGGAAGTTCCCGGCGGGAGCCGAAGGGGATGCAAATGCCGATCTGCTCAGCTTTTCCCCTAAGTCACGCCCTTGATTTTTCCTTGAGCTTTGCCATTACAGTAGGTGTTGATCAATTCTTAGAAGGGGCCATGTAAAATTGATTGTGAGGGGCCTGGTAACGCGTTACTGGAGCGGCAACACCTCGATCCAGTAACGACGGCATCTAAAGATAGGTTACGAGAAGGCCTGGAAGAGCATCGCCTGTACCTGCGCGTATACCTGGCCATTAATACCTCTCCCGAGTGCTTCCTCGCGCTACTCCGGGACATTGGGCCCTCTACCAGCAGCTATAGAGTCGGCAGTTACGTCCTAGCGACGCATATACGCGCCCAGCCCCACTAGATGGACCGTAGGAGTCACTCCTACTCTCTTGCTTACTAACGGTCTATATTTGATCTCTCTAGTCTAGAGTAAGAATGCAGATAAGACTCGACACGGTTTAACACAGACTATTCCGTGCTTGGCGCCGTGGTACTCCAAGGATGGGAACGACAGGGACACAAACGCCTGTTTCTGTCCAAACATGCACAATTCGCAGTGCCCACTCTTGCCCGAGGGCAGAGGTGGGCGTTCACGCATGCTCTAGCTGCGGTTTTTCTCGCGAGCTTTTTGTTGAGAAGACGAAACCTCAGGGTACAGTCCCGTTAAATAGGTAATGAATAATCCGCAGACCAGATATAGACCGAATTAATGCTACGACTCTGGAGGTGGCAATATCCAACGTGTAAGCGCCATTCGCTTTCTAAGGTCGGTAGCGCAATCAAACGGAAAGTATGTAGCACCGTTCCATCAACTATATAGTGTATTGTAGGATCAAGTAGTCGCCGCGGTGGCATTGGAAGTCCCGACAAGACTTGGGTCGCAATCATTATGAAAGCCAGTCTTAGCTGGTGTGTTGTATGACCAGTTTTATGTGAAGCGATAATACTGCCCCTACAATAGAAAGGCATTCTCACTTGTGTCACGGACAGTGCCTTCAATGTTCTCGCGATAGCCTTACACCTCTTAAAGCGGCTCAAGCCAATGGATTGTCTCAAAGTCCTTACCCGAATGCCCGCCTCAGTATTTATTAACTCTGCATGTTCTAATCTACACGGTCCGGTCCGTACATCTCGAGGAACCTACTATCGTACACGGGCTTCGTCTATCTCTGAATCGGTCAGCCCGTAGTATGAAAAGAATAATATACTCTCAACCATGCATCAAATCTTCGCAATGCCGATGTATCGCTTGTCATCTCAGATCCAGAGCATCCACGAGAATGGACTTCAAAATACGCACATCCCACACGAG,1780,48.6,Arabidopsis thaliana
SEQ_712572,TCCGTGAATTCAGCAGCATGGGTACTGCCCATTCACTAGCCCCGCTCTAAAGAACAAAAGGGATTCATCAGTGCCATCCGCCCCTCTTTGCGACACATACACGCTCATCCACCTTGCGGACTGAGTATTCCAAAGACGCTTCTAGAGGAGTTCAATGGCACTATGCCGCGGTCGGATCCTGGGTTCGAAATGACCATATAGAACGCGATACTTTTAAAAATTAACGTACGATCGAAAACGTTCAGCGAGAAATCTGCTCGCGCGATGTACTCAATTTCGGGTCGGTATACGAGCGCCGCGTACCGGTCGCGATCGTTCTCATTCACGACACCATATGCGTGAAAAAGTTGTTTGTTCAT,359,49.3,Mus musculus
SEQ_115306,ATGAAACAAGTGACGAATCGATCGAATCGTGTAATTGGTGACTCGGGTCAACATGTCTGGCATAGTGTCAACCAAACGAACTGCATGTTTGTGTACTGCGAGAAGTACAGGTGTGGTAGTTCTTAGGCTCGTAGATCGGCAAGTCAA,147,45.58,Mus musculus
SEQ_881243,ACGGTCCCTATCTACAATGACGAATAAGGAGAGTGGCCGACGAAAATTGTCGTGCGTCTCTACATGTCTTCGCAATATATAGAGGTATCAGGTAGTTCCATGAAGTTGGGCTAGTCGTACTGTTGATGGCCCTGCGCCGCTGGTTTTCAGATCCTGAGTTGAGGTCCAACAGTAATGACTGAAAGTGCAAGCACTGCTTTCGTGCCCAACAATTGGTGCCCCATTAGGTCGATGCTCTAAAGGCAGCAATCGCCCTTGCAACCGTTTGGTTTTCATCGTTGACGCATCTTAGAACGCACTTCTAGTGCTCGGTCTGATTTCAGCTCGTTCAAAGGTTTATGCGCAGACGTTAAAAAACATCCCCTCCGCTGTAGGGAAAGAACCTTTGACTCCCGTGCTGAACCATCTAAGCCCTCTTGAAGTCGTGGCGACAAAGTTGGAGTAGCCTACGGTCCATGAGTTACACTTTCTTAAAGTTGCCGATTCTAGAATGTGCGGCCCGACAGCCGAGGCAACACTATCCATGGTCCCAAATGGGGTGGAGTTACATCTACATCTGCAGCCTCAGCATATGACGATTAAGGGGACGAGATGACTTGATTCCCGGCGCCGACCATTCTATGCCGAGGGTTAGAGACTATCTCTGGATCACTTGGAATTGCGAGTTAGGGGCGGCATTGTATGATCTCGGGCCACGTAATTTTACGCAGGCCGCCGGCATCAGCGTGTCCTTCAAATGTTATTATGGAACCCTCGTTTTAACACTGATGCTCTAGGAATGAATGAATCGCGTACCGCAGGGTATCGCGCCCTAAGTGGAGCAAGGTGCGTTAAGTGCGTCGTTTCCTATGTTCTCGGCCATACACGTTGCATTCTGCGCCAAATTATCCATCCAGGTATCAATTTCTCACGCGATATTAAGACATATGTTGACTAACCGGGTTAGTACTGACTCAACCTATAGGTCCAATTCCCGGAGTGTACATAGCCAACAAGGGGATTGCCCATCGAACGCCCGCGCTGTTATGATAGAACCACGTTCAGAAATTCCGGCTTTAATCCGTGGTTGATATATGTTTAATATGCATTAATTGGTATGGAAGTGACAGGAAAGCACGCCGTTCCACTGTGGGGAGATCGCGGTTAGGGTGTTCAGACACGCCCAGCGTTCCGCCGGCACTTTCGCAAGAGATACGAGGCCTATCCAATGTCAGGTGTCAATCAATCATAAAGGAATCTCCCAGCGGCCCCGATTTTGTTATGGACCAGGCCGAAGTGTAGCGAAATGTTCTATACTCAGGCAACCGTGACCATGGTCCCTGCTAGGATCGGAGTATCGAGATCCGCTCAGAGCTAGAACTCTTCACCCTGGGTGCGAAACATCGATAAATCGATCGGGTCACGCTTACGTGAGATCTTTCAA,1423,49.4,Saccharomyces cerevisiae
SEQ_674602,TAGTCGTTTCGCACGGATGTTTATGATTGGCGGGTCCCGCGCATCGGTTGGTTGGATTCCAACTCCGAGACGTCCGGCGGGTAGACGATCGTCTTATGGACCTCGATAGTATATTTTGAAGTTTTCGACCTGCATGCCAAAGTGCGTCGATGCAAGGGGCGATTAATGCAAGTAGCCAGCGGGCCCTAGAACGGTCTAATTTTAGTACCCCCCAGACACACAAGAGGAATTAGAGACCTAAGGATTACTAACACGGTCCGCCCTATGTAAGTGCCTGTGAGAAGTAGTGCTACATGTTGTACATATTAGGCCCCTTGTAATGGCAGCATAACCGCTTAGACACAGGTTTGTCTACATCGGGCGCGGTCTGTCGTCTCGAACGTGGTGTTGAGCGGAGCGTGCGCTAGCCTACTTACTGAGCGTAAAAACCTTAAACTGACTATCTGTGTTTGGCTCCCTGTACTATTCGGCCTTGGTTAGGTAAGGCTCAGGGTAAGGAGTCGCGTTCAAAAAACCGACTAAATCGTTGTAATGTAGAATCGTTAGATTGTAACACGTCAACGTTGTACTGACCGTCCCATACGGAAGGCCACGGTTGTAGAAGATGCAAGGGGGTATGTCTCACGTTCTGCCGTTGATCGAAAAGCGCAACTCGGCGCATAACGCCCAGTTTTCCTGTCTTTTGAGCCTTCTTGCCAGCTGGTATACAGGATCCGCCAGCCGGGGAGGGTCCAAAGATCTACATGTAAGCTTTATCGGTGGCAGGAGGAATTGCGGAATCCTAGGGCGCCTCGCCCGAGTACATGTAGGTCGTGCTCCAGTATCGGCAGGGCCGTTAATCTTTTACCTAATACGAGGCGGCGGTCCTGGAGATCGGACAGACACGCTGATACGCAACCGTTGCTAGGGCGAGGAGCGTACCGCGACCTTAAGTGCGAAAGGTATATGGTGGTGCATCTTCAGGCAGGCCGCCTCATACCGCTGCCGTTCAACGCGCATGCAATAGATATACTAATGGAGGTCCCATCGGAGTGAAAAGGATCCCGTAGCAGTCTTCCTACCTCGCAACTTCTAGGGTCTTTAGAAATTAAAAACCAGACACAGATCTCGTGTTATGGTAGGAGAGAATGCTAACGTAAGCACATACAGATCATCCAGCTTTTGCGAGGGTACTCATCCGAGACACGACCGACTAAGCAATCCGGCTTCCAATACACATACGGGTTCGATATGGGCCTGACAACAACACTTCCATCTGTCAATTGGACGTGGTGTATGATGCAGTACGCGACCTCTGTGGAGACTGAGTGTGCAAGCCTATCTAATCAAATTCCAGCAAAGCTAGCACCTGTCCTTGTCCCAAATAGGGCTCTTCCGTCCGCTCAAACGGGGCCGGTGACCGGTTGGATCTGGACGAGGGATGCACCAGATTTTTGGCTTCCTTTTACGTGGTCAGCATCACGTCGGGCCTTCTTAGCGGCACGACCCGCTTAGCTTTAGGCGTGCTTCGCGGAATCTTGTGTCCGCTACAGTCCGTGTGAGCCTGGTGTTGCCACCCCTATCACGCTCCTAGATTAAGAGATACTTCGCCCACATGTTGTAGCGCACAGACAAGGACTTTAAGGCGCAACCAAGTGTCGCTTCTCAGGAGGAAGGAATAAAGAACACTTTGATGTGACCACATACGCCGGGAGTGCCAGCGAGACTTCTTGCAACCTAATGATTAAACCCGTGGTCCTCCCCCTATGGTAAG,1753,51.51,Escherichia coli
SEQ_412111,ACGGTCGCGGGCAGATCTGATCGCCGTTCCACATTCACGTTATTACATGCTGGGATTCTCTTAAACATCCCGATATTCGCCGCCAACTACCTTTCTCAATATAATCGGCTCTTACTACGGATCCCCGCAAGTACGGCGGGATCGGGTGGATAACGCCGATAGTCGTTAGGGATGTAGTCGTACAACTGTAGGACTAACAGACAGATATAGTTCGAGATGACGTGCTAGAAACGATACCCTCCTATAGCCATCTTGCGCTTGCCTAACAAGATAGCTCTGGTAAGACAGACTAGCTTGTCGCTCTCTCATATCACAGTTCTCATATCGTGAATTCGTGCATTATATACTCACTACCTCCCTATTTTTCTAGCGAATTAGAGGACCGGGAGCAATACAAGCGCGACCCTGACCTGCCATGGGTTCTCATTATCATATTTCGAACGTCGTGGTTGCCAATCAATAGGTATGTTGACGAGAATGTAGGACAGGCCGCTCCCTACTACAGTACGCACGTCCGTCTCAGCTTAGTTTGTGTGAAAGTTGCTCGGGTGGCTATGCGCCACGAGGATCGGTGTACGGTTGCCATCGCAAAATTGTTCTGTTTTTGCCCATTATCGAACCATTTTCTTGTGCGAGCCGTACTTCCATAAAACTTGCGTCTCCCAGTGGGCCTATTTTCGATTGAGAGAGTGGTACCGACCTGCACAGCCAGGGGGTTATTCAGCGCCGAATGCCTCAAGTACTCTAGGAACCCCTGTCGTGCGTGACTGAAGCAAAAATAAGGCTCCAAAAGCTGTGCTACGAATCTCTATTCGCTCCCTGGGTGATGCTCTGATCCTTGCACTCGGATGCGCAAAGAAGCCTGTCCATATCGACTGGCATGAGCAGGGGTTTCAATAGAAAGGCCCCGTCTGACAGATTCGGTCT,927,49.41,Homo sapiens
SEQ_273158,GGCAGACGGCCCTGCCGAGCCTGAACGCCATTAAATAAACATCGCGTATACCGGCATTCACATCGAAAATATCGCCGCACAATAACCGGTCTGGAATTTCCCCGGATGATATGAAGATCAACCCTCTTCAAAACCTGTTCAACGCATAACTATTGGGATAATGCGCAATGGCCGCACCCCGATACGACGGACAATGTGAAAATTCCATCTGGCCATACGAGCAGAAATACGTAACCCTTTACGAGACAATCAAACCCGAGTGTATGGGTGATTCGGCGCGTTAGATGTGGTTAAATAAGCGAAGCCCGGTTACCTTCGAAGATATTCCTATGCCGTCCTAGCAACATCACTCGGAGTGTCAAGGCATGGTTGTCGGTTCTGGAGCGTGCCAGGAGGCAAGTCGCCTGGGCTTAGAGGCGGCTTGCAACCATTATTTTGATGGCCTTAACTCCGCATTGGGGAGGGAGCTGCTCAATCGACGTGTACAGTGCTAATGTCCGCCGCTTGTAGGCATCTCTCTAGCTTTTTGATTTCTCGAGTTTCGGACTCGATTAACCGCCCTCGAAGCCTTCGTTCCTCTTGCGACACTTCCTCCTTTCTGAAGGATTGCGCCTTTGTTCCTCGGCTTTCGCACGCACGCACCTTCGGACTATAAATACTGTCTAGTCGCAGCCCCATGGGCTTGGAAGCACTAGTAGTGCTACGACTGAGTACATTGGCGTCTGTGGTTCCGCGCGCTGGAAGAAGCATCGAGAGACTATCTTTCCGGAAAGTGGACACGACTCCAGAATGGTATATTCAACTTGGGATACGTAACACCCTAATCCGTTGCCACTAGGAATAAAATTTGGCAGTTAGTCAATCAACAAATACGTCGCAAGCCATGGAACAAGGGGAGGAGCCGCGCGACTGGCCAATACGTGTAAAGGTAACGATGTCGCCCTCTTAATAACCACCTCGGTGTGGCGGGGGTAAATGGTCTGAACAGAACCTTACGCTGTAAATGCCCGGGACTGTTGGGGAGTTAGGAGAATACGGAACTCGCTGCGATAAGCTTAGAAGGCTAGCCAGCGGGCTGTGCAAGCACAGATGCATAAGAGACCTAGTAATAGGAGCGGACATCGCTCCATCGCGTTAAGGAATAGTTCGCCGTGTAAACCTGCATGAAACGTTGAGCAGCAGCCAATACGATGAGTGTGTGAGGGTGAAGTTGAGGACATATAGCTTAATACCCGTCGACTCATGACCAGACAACGTACCTACCCCCTCACCGGCTATCGTGGGTGGCAACGGGCACACGGCCCAAGTTGGCCACGCTTCATGACCCAAAGACGGTACGTGCCATTGCTGCGTGGGCCCATGGAGAAGCCCAGCGTGCTCGAACCGTTCGTCTGACAGTGAGCGCATCTCCGATGCCTTCATTGCGGGGGCCTCAACGCCTGGTAGGGGCGATCCTTGTAGAGCATTATTCGATCTGTACTAATAGCAACACATGGCTGGTCGCCGACCTGAAGTTGACGGTATCTGCAACGGTCACGACGGCTTCAAGTTGAGTAGTGAGTACGCGTGATCCGCCCCTTTAAGCATCGCCAGGTTTTTAGAAAATATAGTCCAATGCTTCCCTGTGAACTGTATCCGGAATAGGTAACTGGAAAGATGTTGCGGTGGGTGTATTCATTACATGTGAATTTACAGCAGCTATTACATACGACCCGAGAAGCATACGGTCAGAAGTACGAGTGGGTTGATGAGGCGCCACGATGCTTTGTGCGGCGTTTGAAGGATAGCCAACG,1793,51.48,Mus musculus
SEQ_698528,TGAGTGTTGAAAGTCTATAACCGTGGATTCGGAGCAACGATCTCGGTTGACTTGATGCGGCCCCCAGTTCATTGTGGAACGTAAAGTAATACCTCCTTGCTGGTCAGGCCCTACCACCGCAAATGGCGTGAACGCTGTGATGGCTCCGGCCGCAGTCCCAGACCCGCGTTAGAGTCTTCGGTGATGCACGTCAGTACAACTTAGGACCCGTCTCTTTGGTGCGCTGAGGAAGAACGCGAGCCCATCAGTCCGTCTCGCGCATCGGAGGGCCGTGACAACGAAGTGATGGTCCTTGGTGGAAACTGCCTTAGCTGTAAGTTTGTGAGAGATCCCTAGTGGCTCCTTAGTGGAGCAACATTAGCAGGCTCGCCGTGCCCCATACAAGCTATCAAGACGAGCAAGATCGTAGCTCGGAGCGAGCTAGGTATCCAACTCAATGCATGCATCACCAGGCGGTGCGTCATATCTCGTCATGGCCGGATATGGCGTTCGCCTCCCCACGTAGAAAAAAATAGTCGACTGCAGAGATTGGTGCACCTGACCTCGCGTAACACACGGATTATACGTTTCTCCCACCTTGCCGCAATCTGGCCGCCCTAATACTCAATCAATACCGAGCTTGACATTATAGATATACGTGCGACGCTTCTCGCTCCAAGCAAAGCCAGACTCTTGTATGCATAATAGGCACATGAGCTATTCAAGATCACTTGGGTCGGGGGCTGGCTAGCCCCTACCGCATGGGTCTATGGATTATTAATAACATTTGACCATCGGAGACCTGCCTGATCGGGACATCACCCAGGCAGGAGATTATGGCAGCTCTATGTTAGAACGAGACGCTTCGTTATATACCCGGGTAGCAGGTTACAGACTGTCAAAGCATGCAATTCCCCCCACAGAGGGCGAGACCGCTGTTGAGGTTCGGTTCATTAAAGGGGCATTAGATCGTCAGCACGCCTAGTAGCGGCGCTCATCGGGCTGGTAGGCATTCCGTCGCTAATTTTACAATTGTAATTCCGATAGGAGGTTGCGAAACAAACGAAGGGACAGTCGTTATAAGTCGCCGCTCTTGTCGTCGAGGCTCGAATCTATCTTATAGACCGCTGATGAGGATCAGTTCGAGCAGACGTACTCAGGCTTGCGAACCCCAATAAATAGCCTGAACCAGTCGGCCCCCTCGTACATCCTCCATTGCCCTACCGACCTCATGACTCGCGCACACCGTGCGCATACTTACGAACTACTTCCGTCTCCGCCGGAGTTCGATATCAGTGATACGGCCCAACATAGCTCGCGATTCTTCGCTAGAATTCCAAGTTGCGCTTTTTGACAGAGCACATAGGAAAAAGACGTGTCTGATATTCCGGTGGCGTAGTCTAAAAATTAGTTTAGAACCATTCGGTGACAGCATGGGCTGGCATATTGTCATAACTACCCATTTTACTCGTCAAAGATTCAGCGAGGGTCTAAAGTGCAAGAAGTTAACGACAGCATCGCTACATGGCTAGCCCTTAACAAAGGGGCAGGACCAGTTAC,1539,51.53,Caenorhabditis elegans
SEQ_559678,ATGGGAAATGTAAAAGCACAGTCCAGTTCTCCGGGACCTTTTGGAATACCTACGAACGAGTGACTTCAGCCTGGTTATACCACGCATAAGCTCAATAAAGAGCCTTTGGGACCGTAAGCTATACGGCCGGAGCACTGCAGCAGGCCTGAATCATACTCAGCCTCCTACTCCGAGAGACTAAATGCTGGAAGTGGGTGAAACTCGTAACATGTCTATAGTTCTCCTTTAGGACGCTAACCATTCAATGTATCGACACCGATCTACCGGCGT,270,48.52,Arabidopsis thaliana
SEQ_511119,ACTACGGTAGCGGGTGTTTTACCCGGGCGTACCAATAATACATCTAGCCCCTGCTAAGTACTTGTTATGATCTCCTACACTGGATAGGGACTAGTATACTAGGTGCATTCTTGTTCTGCTGGACAGGTCAGGCGGCTGTTGAACGTCGGTCGAGCTACGCGCGCCGCTTATCTTCTAAACGCCGGCCAGTGGTTGACGTAGGTCCGTTCCCATAAGGGCCGGAACAACGCGAATGTCCAGTGTCGCCCCCCACTCAATAGCTGACGGATATGGGTCGTCCGCAGTCAGCGGGGGATTTTATCGGTGAGAACGGGA,315,54.6,Arabidopsis thaliana
SEQ_315674,TCAATTCAATTTTCAAGTGGCTACCCGAGAGAGTATGGTGGCCGAAGAAATTGATGGGCTGCCCCTCCTATAAGGGAAACTCACATTAGATGGGTTGCACAAGAGGCGCATGTCGAGAAGATAGAAGGCAGCGTCCCCGTAACCATTGCCGGGTACTCGCCGTAATACAGCAATCAACAGAGACCTTATAGTGCATGCACCGCGTACTTAATAGATGCACCACTGGCCGAGTCCCCGAATTATTCGTTTGGTGAAACATCCCAGTCAAGACACAACGCGGATGTACTTCTTGCGTGTTTTCACCTTTGAAACTTTAGAAACGAGGAACGACTACTATCAAAGGGTGCACCGTGACCACCTTCGCCTCAAGTACACCACACCACAGAACGCCTCCAATTCGACAATTTGAAAGTGACGACCTGTCCCAGTAGATTTGACCCTCACCTTCCTGGCCGTACCTCGTCGGGAAGCGACACCCCGTGCCTAACGCCTACATGGTCTCACTTATCTATTTCGCCTAAATGCAGGTTGACGTGTTCTTCCCAGATCACTGAAAGTGGCTGACTTCGCGATACGGTGGTCTTTCTGTAGCCTTTAAATTGCTTGCACCGCTGCTCTGGTTGGTTTCGCCGTAATGGACTAACATCGTCTGGTGACTCCGCCTTGTACTTCTCATGATGTAACAATTCTCTTGGAGACTCAATCTTTGAGTGGCTCCTTACACTCTGCTGTGATGCACGATACTAACTACGAAATGGATCGCGAAACGCTGCCTCAAGAACGATGTCTGAGCGCGTCTTGCAAGGCTACTGGATAACAGAGCGCAACGGACTGCGCCGTGAGAAAATCATACGTGCTTAACGCCAGATCGATCCGCTAGGAGAAGACAACCGCTCAACGATGATTACACGAGTTCTAGATAGGAGCAACAAGGACCAAGGGGTAGGCTGCCCCATTATCAAGGTCAAATGCGAAACACGTTTGGCGCTCGACACGTTATAACTTTTCTGTAGCTACGGCGAGGGGCTCAAGCGCGGATCAGCGTCGGATCGGCACGGACTACCGTATTTCTCGATTCTTCATCTCCTCCCACGCTAGATCGCGGGCACGCAAGAATTAGATAGTTTAGAGATACGGGCCCTTCGGCTCTCTCGGTGTCAGGAGTCGCTGGACGTATTGTCTGACACACTCCGTAGAGCCAGTGCAGGATGTAGATTGTATTCTGGGTCAGGATAAGCCGCGTTCCTGGGTGATCAATCGCTACGAGTCGTAGGGGACTTGCGTTAGGAATAAGGCCGATGAAACTCACCAGTCTACTATGCCATAACACAAAGGCCCCGCGATATCGTATGACCGGAATCCTAGCGCCTTCTCGGGAATTTATTGCTCGAACATTATATGACTGGGTTCCCGCCCTCATTAAGAAGAGTGGACGAGCCCGCATAGCACGACTGTTAAGGAACGGAGTAGGGCAATTATTGTCGTATCCCAGCTATCTTAGTTTGACGAAACGTGTGTGCGCGACCAAGGCGACGATAGCCCGTAGTATAGCCGAGACATTCGGTGTCCGCGCGGGCTGCGACTTTGTAGACTTAGAGACGCGATGGACAGGTGCACAGCGCACTCGCCCGTACTCATAACTGCAACCGCCATGCCTTAAAGCGGTAGCTTACGCTACCGATCGGAAAATTGGACTTCGTCAAGCCTCTCCAAGATCCAAAAATGTAAACAAGGTATGGTCTCGGGTTGATGGCGTTTGTACGCGCTTACATCGTGGGCTTATTGGCACCCCCCACCAGTTAACGCACCTGGGTACCTCGGAAATTGTGAGCAGTGCTCCACAGTCATGAACTTGGTATAGACCTTAATTCAGGTACGCCTGTTAGGCGTCTTCCGTTTTAGCAGAGGGTTCGAATATCCTCCACCAGGT,1930,50.93,Saccharomyces cerevisiae
SEQ_328536,CGATAGCATGGCTCACATAAAGGCGTAGTAGTCCCGGCGTGTATTCGGCCGCTAAATTCGGTCATTCCTCGAATCTCTGGTGCTTGCTTTTGGGCTCCACCGGCGACTTTAAACGCGTTCGCTACGGTCGCGTTTTGAGGCAGGGTGCATGGATGGTCTGATCATTTGTGACTCACGAACTCCGCGTGAAAGCGCGAACCTAGGCGCCGTCGTTCTAGTTGGCAGGACCGGGGCGGAGTCTCACCACCAACGTTTTGCGCGGTGCTTGGTGGCCCCGACAAAAGTTTCGACTGCTCCTACCACTCATCGAAGGACGATCCTGAATGAGATTTTGGATAGGGTCTAAGAAAGTATTTGTGAAGGGACGGTCCGGAGAGGATGCTGATAACGGCAGTACAATAGGTCTAGTATCGAGGTGGTTCACCGCCTCTGAAAGGCATTGCCAACAGCCGGGCGGCTCCGCCATTAAGCGGTGAATACGAGCCCTGGCGTGAAAATGTGACCTGGAGAGACGAACTTAAGTGTACAATTGTGGTCAAAGTCCGGCTGTGCATCAAACAGCGAACAGATTATACTCAAACGGTCAAGAGATCTGTAATGGCCGCGGATGCGCACTCTCGGCCCATGCCGAGTCCGCGGAAGTTACAATCGGTAATAGATATCGTAAATGGCAGGCGGCGACCCTAAGTTTCGCGTTTCCTAACGACCGGAGCCTGGTAGAGATCCGTCACCGCCCGGCATCCAGTATAAGGGTGAATCGAAATTCAATAGTTCACGATGAACCCCTCCGGATACTCCTTCCGCATTGTGAAGTGGTACGTCACATCCTGGTGGAGTTACTCAAGGTACTCACCTCGTAAACAACGAAGAGGCTATGAGATACAAGGTAACTGTCTTGTACCGTCAATTGTCTGTTACCCCCACAAGCAATTCAAGACCCCGAACGGCGACGAGCCTGGGTCACGATATCATGAGAGGAGGATGGCCTCATTCATTGTTCAGCGCCAAAGAAGGCGGCTCAGCGTCTTCCTCGTATCCGATGGCTACTAGGACGTTTTACGACATACCACAAGGACCCAAAAAGACTCCGCAGAGGTGCTTAAATCGGGAGACCATCGTTGGCTATACATAGTGGTATCCAGGAAGCGTCGGGTACGTTTCGGACGCAGAAGCTTTGGAT,1180,52.54,Mus musculus
SEQ_309681,TACGACTTCTACGAGACATTCAGATTGTGCAATTCGTAAGCTAGGAGAGGCCCATAGCACAGCCTCTGCTGCAGTTCTGATGATCCAGTCTCTGGTACCATCAAATTCAGCCATCCTCTTTTCTAGGCATTGCATCGACAGTTTTCGAGTCTCCGATACACTTTTGCCAACTCCGAGTTAGATACCTCCTTCCGGAGCGTTCGGTTGGTGGTCAATATCCCGGATATAACGGAAGCGTATGTGGCACAGGAATTCAAGCGACGAGGTCTCGCTTACCATGGAGAACACTACTCAATGCGTTCTCAACCACAGGGCCGGAGGATCTGTTAGGTCGGCAACAAGCAGCATATAACCATCATAAGAACGACACCCTTTAAGGCCGCTACCGAATTGGTTTGGGGGTGACAGGCGAACAAAATGATTGCACTTAGGGCACTCCCTTCAACGCGCGGGAAACGCAGATGGCGACCTCAGGCTCCCCGTGAAATCTACTAGTGAATCCGGAATTTCATGGCTACAGTCAACAATGGTAGATAGCACTCCTAGATTTCGCGTATGAAAACCTGCGCTTAAACTTCTAATCACTGTCACCAAGAGGCCATGTGCCCCCGAACCGCGCATCTCCGGAGGTAGAATTACTATCGTCGATGTGTTTCGTCGGCTCTCGACTCGGACTCCCACCGACAT,687,50.36,Drosophila melanogaster
SEQ_605777,CTTCATAGTGGGAAAATTGCGTAAACTGGCTGGGTATGTCGATCTGTGGGGAAACCCGGATCGACCGCCCCGCGCGCCTTGCTTACAGGATAAGACGTCTGGCCACTTGCGATCTCCCTATGAATACGAGCTTGTGCTTAAAAGACGATCGGTGATAGAAAGGACACAACGGTGCATTTTAGGTGTTGGACTGATACGCACAGAGCGTGCGGATTGTTTGTAATGCAGTCTCCCTCTAGAAGGATAGCGCTGAGATCATTGATTTTATGACTTGGCGCAACGCCTACTTGTGAACGGCGCCTCATGACGAGTAAAATTCTGCGGCCCGACGATGTAGAGAAGGGTCGGGCTCCCCGCGTGTGCGTAAGGCTCGGCAGCCGCGCAGGGGAGGCGGTACTCCTGTCCAATGCTGGCCGTTTCGACGGGGGTCACCTGCGAGTGGCGGCGAGCATTGTAGTATTAAAGCAATTTTTATCAACCCAAACGACGCCATCCATACCAAATGACCGCACATTACGTGGTGGAGAGGAGATTCCTACTTACATATGTGTATGCTGAGCTGCAACGGTCCCCGAATACCACCTTGGTTCAAGGAGGTGTTGCCAGGTGGCGAGCTCACAACACTGATACACGTGTATATTCAGCTGGCGACGACTTTGAGACCCCTCAAGCCCGCGCGCCGGACGAGTCAACGCTGAAAAGGCATAAGCCAAGATCTCAATTTAGTATAAAATGCCCCACGGGAACCCGGGGCCTCACTCGGAATTAGACGTGGCGGAAAGACGACTGGCTTGATATTTTGATCAGTTGACCTAACCCAGGCACGGTACGGATAATAGAGCAGAAGGTATAAACTACTATCCTCATTAGATATGGTTGAACAAAGGTTATACTTGGAACCGTTTATGCCAACACCAAGAAGACCGAGGGAACCCCAGGAAACCGACTGAGTGAAGGGAATCCACCGTATACAAACCAAGTAGGCAGACTACCGTTGGTCTATTCTTTAACGCCCGCTTCGTACGATGTGAATAGTCGGGCGTGTTTCATATTCACGTAGACTATATTAGTTCATCATTATCAACTAGCAGAGCATGAATGGAAGCAGTATGATTCTCCCTGGTAGTACATGCGTGAGAATATGTTAGTTGAAACGCTTCGAGAACGGAAGATCCTTGAGAATCAACAGCCCCACGGCGACCACGACACTCATTCTGAAGAATTTAGTATCTCATGAACCTGATTGTAGAAGCAGCCTGGGTATCGAGCTCCTCGCTTGGCAAATTCACTGCTAAACGGAGACTAAATAATGTCGATGGCGCTTGAGCCACTTCATTGAACCATGTTTTCTACAGTGTGCGTTTTAGGGCACAACCACAAACCCTACCGCTCGCCACTATTGCTTCGATCCAGTTTCCCCAACATGTTCACCGCTGTCATCTCAACCACTGCGTGCTAGAACTTGGATGGCAGCGGCGGGAACTTCTTGAATATCATTCCTCGGTTGCTAGCGTAGGCGATAGAGGACGCCCCCGAACCCGTATATAGTAACAGAACCCCTTCGCGGCAGGGGGAAGAGTGCTCCTCTGCCGACCCGAATTTCAGCGCAGAAATTGTTAATTAGCCGCGTCTGATAAACCCCGCATCACCGTCCAATGTCCTACAGTATGGTTAAGTTTAGGAAGCA,1687,50.21,Mus musculus
SEQ_533486,TAGGACCCAAGCTGTAGGCAGCCCCTGCATAGCTAAAATAGTTCGGGCTCTCCTGTGCGA,60,55.0,Saccharomyces cerevisiae
SEQ_976287,CGCATTCTCTTGGAGCCCTGCGGTCGAGGTCGTTCATAAAGACTATCCCTTGTGCTGCGACGTGTTGAAGGGCTCTAAGACCCGACCTGCTTTCCCGTTGTCGGCCATGAAGAGCTTCGCCACCCACACGCTCTGCCGCCCTACTTCATCACGACACTCTCGGACCCACTAATAGCGCACTCTCTTCGTTTTAACACCCGCCAATGAATACACCCTCGCTCAAACTCAATAGGGCCATCCAACGTTACCTAGGTTGTTTGTGTGGCTACCACCTCATAGGAGATTTAGATTTGGCTGTCCTCGCTCAACATTAACGAGTTTATTCGAAGAAACTTACCGGTGTGAGCGGTTCCGGCCGCCCGAGTGAACCTAACCGTTCGCAGCGAGGACCGGGTGGCCGGCCGTAGGTATGCCTACAAGAATTTCAGAGGGAAATTCGTAGAGAGTGATCTCCCAGGACTTTCCTGGGTAATTCAAAACCTCCTGAATTGGACGGCTGCCAACTTCAGTCCAGAACGCGCGAGCGTCGTCGCAGTTCTCCGGTAATCGAATTAGGACTGTGTTTTTCGATGCTTTTTTCAGGTGAGGGGTCGAGCCCAGCAATAAGTTTACCATTGCATGCCTCTTATTAACCCTTGTACTTAAGAGTAAACACCAATTACATGTACGACACTCGTATCCACAGTGGAGTACACTACATGCATAAGCAAAAGAATCCGACGCGGCGACCAGCTCCTTATTCATGCGCAGATAGGCGCGTCACTTGCGGAGTGGAGACAGACGCAGAACTCTAAGTCTTTATAAGGCTGTAAACACGCATACTGTCGTCGTAAAAAGGGTGAACCAATGTAAGAGCCGCCCGCTTAAACTTCATGACATCTAATCAATACAATGGACACTTTTGGACGTGGGGGGGCTTAGCGTGATTGTGTGTATAAAGGAAGTTAGCCACTCAGAAGCCACCGTAACTGTTGCACGTAACCCCAGGTTCATGTGGATGCCAGAAAAAACCGTGCGCGGCAGATCGGCTTAGTGCGATTAGCCGACCTTAGCCTACCCTCCCGGGACTAAGAGAGTGGAGTAGATAAAAGGGAATATAGTGTTACAAAGTGTGCGTAAATAAGTGATAAAAGGTCAGCGACTGTATCCCCGATGGGATCTCGGGCCATACTTCGTTATTACAGACGCGGATCTACGAGTCTCGTCATTACAGGGCGTAGAATAGATTGATACCCATGGCAGATGTTAGGGCACCGCAATAGGGCCATGAGAGTAATGCTCGTAGGTGAGGAACGACATACATAATTTCCGGTCGACGATCAGCCTGGCAATTCGTTAGAGAATGGGTCCGCAGGTACTAAGTTTGCTTATAATCTAGCACATCCGTGGGACACACTGGTTTGCGTTTCTTCACTTTTTGGGTGTCCATCTATTATACATTCGTCCGAGCAGGACATCACCCCTAAAACTCTCATGACTTGATAAGAGCTCTGTACGTATTTAACATGGG,1510,49.27,Homo sapiens
SEQ_548809,AGTTAACACAAACCGCCGGGGGAAATTCCCAGCAATACTGCCCAACTAGGGACGGGTGGCACAGACAGTGGGGCTACGACCCGGTGCACGTGCAATGGAGAGATTCACTAATTTAACTCGTCCCTCTCGGAAACCCGGAACACACACGCAATTTAATGCGTCGCACCGTGCGATGACCACCGTGTATTCCTTAGGATCGAGCTCCCTGGTCATCGCAAGGTCAAGGAATTTCGCGTAGTAATTTGTAATGCGGTGTAAAGCACAAAGCCAGGCCATAGGCTTCTTAAAAAGGGAGGCCTACATACCATTCATCGATCTTGTCTACTGGTCCCTTACTATGGCATTAAGCTCATCGAATTGCCGGCAGCATTATAGGGCTGACACATCGAGATCACACGCACTATGACCCTGATACTTGTAGTTCCTGGTGGCCAGGACTGCAGTACCCTGCCAGATCCCTATCAGAACGCTGGGAGACGGCCATGGCCCTCAAGGTGCTTACGGATCAGTCACGCCGCTCTCGCGTCGTTAAAAAAATCTTACCGTGGTGTCATTCGGATCCAAACACTACTACGCACAACTCTCTTCCGTAGCTATCGTTGTCGATAACCAGAGCCTTAAGAATAGTTATGTAGATTCTTGGCAATTCGTTAATTGTCTTCAACGGCCCGCGTGTCGGAGTTCATTCTATGTAGTGCCGCGATCCATCACTAAATTGATCCGCCCGAATGCGCCCTCTTAATACGTGAAGCGTGGTCTTATTACCACCTATCCTCTGGTACTCGCAACAGCCTCGCAATAGCTAGTCGAGCCAGAGCTTCTTTATTGAGGGGGGGAATTTGTGTTTGTGCCGCAGTGTGCGACCCTCAGGCTACGATATTAAAGCAAAGTTCGGCCTCCATTGAGGCCCCTTCCGTAGTTCTTGGATGTTCACACAAAACTCTTACGGTGGAACTCGAACCTCGCTGGGGCTATATAGGCTTGCGATACCGTGGCC,997,50.75,Homo sapiens
SEQ_360978,GTACTTACTGCAGACACTTTTATCGCCTTTTCGACGTCGAACATTTTGCGTTCGAACCTGCGATGGTAAGTCAACCGACTCCCGTGCAAGACACTATCGTTACTACCAAGAGCAGCGGTCCGTACTCAGAGCAGTTCGTTCCATCGCTCTGAGTAAACAAATTGCTCAAGCCCTGATTGGCGGAATGAACTTCTTTAGATAAACCCTTGCCGAAGTTCAGGGTTCTCAGGTGTTCGTGAAGAGTAACGTCCAGACTGTGCGCTTCCACCTGGGCAATTAGGCTCTAACCTCATACTACATAATGACATTAATCATCACGACATAGCAATACAAGGACAGTTGCGCGTTTAACGTGTGATCCTCCCGCGTTACCAATGAGCTGCATGCTGCGTGCTCTACGTTACCGGCTTAAATGGCACAATTCCGTCTATTAAGGGATGAGAACGCTGCCAGGAGCACAGGCATGCCACATAATGCCCTGTGTCTGTTTAACCCTTCATTCTTGTGGCAGGAAGCTATCTTTCCCATCATGTTAGTTCTACCGACCGCGTGTACAGTTGTATAAGAACTTATGAGGAGTACGTAGAAACATGAGGTAGGAGGGGAGGCTGTACGAACGCATCTCGAGCTCCACGCGGGAATTACGGATCGGTTGGTAGTGTTGAGCTGAGTTGTTATGGGCAACCCGCGCACCAGCAGTTAGGTCAGGCCGTCTGCTGTTGAAGGCCTCCTGACAATGACATCCATTTTAATGCGGGACTATCGCATACGAATAAGAGGCCTGATAACCGACATTCGGCTCAAA,805,48.94,Drosophila melanogaster
SEQ_560541,CATTGACCGGTGGCCGCTTCGAGCGAACCGATGATAAATCCTATTTTAATGGGAGACCCTAGTATCCAGATCACGGCCAGCTTTCTGGATGGTAAGATACGTTGTATCCGCGCAGGGTCATTCGATATCTGTAGGTGGCCCAACTATAATGGGCCCACACTAGGGCTAAGACGCCGTTTCCGTTGTATGCGTATTTAACCGGCATTTTACCCTAGAGGTTTGTTGACAACATAGCTTGTGGGGTACGATGGCACGCTTGAGTGGCGAAGCTACAGAGAGACGAGACGTTGAAGTTAGTCGTGTTCCGTTCATATGACGGGGAGATGCGAGACGCAAAACACGAAGGAACAGGGGAAGTTAGGCTCAACGGGTGCACCGTTAATAGTCGGTCAGTAGCTTCATAAGTTTGATTTGAGTAGCTAACGTCATCTTTTACTTATGTCACCTGTTACTTATCTTATAGACAATTCGCGTCCGTTTACACAATCCCGGCTAAGTCCGTGTACTATCCCGAAATATCCTTACTATAGCTCCTTATAAATTCTATACCGCTTACCGATCACTATAGGCGAATGGGAGTCAATGCTCAAATTCCATAATCGGCACGCTGAATACGACTGCCATCGGGTCTAAATGTTAAACATCGACTGGACGATCATTCTACTCTCCCGCACATTAGAGGAACAGACACCGGGGACTACCTGTAGTGCACCGGAACAAGGTGGACACACGGAATACTGCTGTTTACTCGTGGCGCACAAGTAGAACGTCTCATGCCTTCATTCGTCTCAACTTAGGTAGATGTTCTAGGTCCTAGCCGGGCTACACTAGATGCACAACTAGACGTCAGAGACGAGATTGTAGGTGGGATCACTACGAATGTGTGTCGCTTCTGCCCGTCCGCTGCTTTGCCGGCGTAAAGCAATTAGGTTAATGGGGGGGCAAGGGCTCCACCATTGTCCATGCTGAGCCCTGCCCC,979,48.93,Saccharomyces cerevisiae
SEQ_277691,TTTCGGTGGGTCTGTAAGAGGCTCGAGCCGGTAAAGTATCAGTTAGTCTTACGCATGGATCAGTAGGGGTAGTGTGATCAATACCTAGGGAGAGGAGCGTTAAGGAGTGTGCCGTCAGGTGGCCACCCCGCCGCGCTGAGGGCGATCAACGTACCGCCATGGCTCCCTTATGCGATGATACAGCTGCTGGATACGTTTACTGGTTGGTCCTAAGCGTGCTTCCCCGTGGTAATGGACGGATAGTATTAGGGGGTTTTTGTGGACGGGGATCAGGTAGAGGCCCTTATACCTCTTTTTTTAAGGATAACGAAAAACTATGTTGCGCCCTTACGGAGTTAACATAGCGATGTAAGTATGTGTCCAGCTCGCCCCACTGCCCGCCATTGTGCGGGACAAATAGGC,402,52.49,Escherichia coli
SEQ_494500,ATGGGTAAAGAGCTTGGGAAACCCCGGCCAGACGACCAGTGCCTGAGCAATCCGGAGATGATATCACAAATCAAAAAGAGGGCAGGGAGTTTATGAGCAGAAAAGACCTTCCTTCTAGGTTATGTAGGACGTAGTAAACAATTACTCTGGTCTGACTATTTTTTGCCTATAGGAAGAAATACGATACCTGTATTAGCCTATTGTTGCGTACATGCCAGACTACTCGGTATGTGTCGCCGCTAGGTTCTTACGGGAAGGGGGAGTTTATTGGGCAGATAACCAATCATGGTACGATTTAGCTGAATACTACTTCTGCGGTCAAATTAAGGGACGAAGCGGTTATCGAAGGCGGATAGGAGGAAGTGAGAGCGGTATTCAATCATAGCAGCGGCCTTGTTAGTAATCGTAGAATTGCACGAGTCCACTGCCCATCTGCGGGTTCGGTGCGGGCACCCGTTTTGGAAATAAAATAGAATCGGTGCCACCAATCAAAGTTAATATCGGACCTAATAAATGTCCGTAGCCGGGTTCTCTTCTTGGTAGTTGTGGATCCTGTTGCCGGGTAAGTTAATCCGGTGGGCCCGCAATGCGATTTTCAGTGGGGTGGCTCGGGCCAGTCTACCTGAAACCTAGCCTTGCTACTTTCGTCATGCAACACTACCCCCGGAGAGACAGGGGCCCACGCTACTCTTCCGCCGACTTCTGCATGTGTTATTTGAAAGATAAAACAACACGGACTGGACTGCAGTTACTGTTTCATGGAAGGCCGTGCCGGCCGTAGGGTAAGTGTAAGATCACTCGTATGGGAAACGGGCTGAACCCTGGCACTCGTAATTCTCGTCACGAGACTCGAGTGCGAGGTGACTCCGCGGTCCCCATGTTGGTGCAAAACGATCAGTGCCTTGTCCTCTAGCTGAGCCTATTCGATTAGCCACCGCAGCATACTAGACTGCGCGTTCTATTGACTGAAATGGGCATTGAACGAAAACTGTACCAGCGTAGCCCTACACGTAAAATAGAAGCGGTCCATACGCCTTTCATCCCCTATCTCGGCTGAGGCTATATGATAGATTGTATACTCGCTTAGTAGTGCAGGGGAAAACCAGCTAGTAGACTGTATCTCCAGTAACTCATCGCCTAGAACTAAACGAACGTTGTATGCCTCACCAAGACACGTCGAGTCAAGGACGCGATATAAGCCTGGTACCCGCCGAACATAGCGCTTGGTATGTATCCATTCTGACACACCCACGGCGGGAATCCGACACTTCACCCTCGGACCACCACGTCTTGCACTCTAGGCAGTACAAGACCCTTTGCAATGACGAAGCAACTCAAATGAGAGTCGTCATCCGGTAGTCTCTCTAAGGACAAAAGTGCGAAACACATTATGCG,1395,49.53,Caenorhabditis elegans
SEQ_648872,CCGCGACACGCACTAGGTTCCACGGGAGAAGGGTAAATGCCTCGTGGACTTTTACATAAAGCCGTTGGATTAGGAGGTTCCAGGTGGGGTAAATATAAACTTGCGTAAGACCGAATCAACGAAATTCAGCACTACACCTTGACCGGTGACGTTTCCGTTTTGACCTCTGCGCCCACAGTGTCTGCAGAGTGGTCGGAAACTGGTTGACCGACCATTACGTCCTTCTGCTGAGAGCGGAGTACGGACTGTTGGACGGCAGGACGGACTACCCTCTGAAACGATGATTCCAAAAAGTATCTATAGTGGGTAGGTACACACTAGAGATACAGTCACATTTCCAGCTCCCCTTCATGCAGCACCGTCATACGGTGCTGCGGGGCCACTGGGCCCCAAGGTTACCAGTTGCGAGATGCTTTTATAACCGTCAGATAGAAATCCTGGCTGCACACTTATGAGTCGCAGACAACACTGGCACGTTCAAAACTTTTTCAAGTTTTAAGACGGTGTAGACGATCAATAGCATCCAAGTTGGCGTATAAACCATTCACGCCGTCTACATAACGGTTCAAGCTTGTCGGACGGGTGTCTGCGGGTCGGATGACAAACGTTACTTCCATATGACCTGTCGTGAATACCCTAGTTGAACGCGCATTACTCCTCTCCGACGCCTCATTGTGTTAATGCATTATACCACTCGAAATAAACTTAAAACTCACTAATCGACAGGAAGTTGAAGGTATTGCTGAGCGCTCGAATCGCCTCCTCCCGTCCCCAGATAAGCTAATAAAAGATCTTTGTACCGGGTACACCTCTATACATCTAAGGTGACCTTGAGTAGCACCAAGTTTCGACAGGTCTCGCGGCAATTAACTATGGGCTACCATGACAAAAACGCCGACAATGGGGCACATCTTGTTGCCTGGGTTAACGCCGATCTAATGTCGTACATGTTGCGAGGCTTAGCAGAGTAAAGTATAGTAAGTATAAAAGGATGGCGGCCATGACAAGCATAGCTGGGGAGCTGCTCATGAGCAATCGCCAATTGGGATCGTATTCGCCATCGACAGGGCTATATCAAGCGTTGGGCTCTGCCTCGCGCAATGAGCCGAATAAGCGAATAACCCCTCTGTCTTGGACACTATCACGAAGTGACCGGGTTCGAGCCTCGACTAGGACGCGGAGGTTCAAACGCGAAACCACCCTCCATTATTGTGGCAAACGGATGCTGGTAAGTTGGCGGAAAACGAACTGCATAGGGCTCTGCTCGACTGGCGGCTCTAAACTGCCCCACGCGGAGTCATACCTTCCCGCTCGAGCCACTCATGCCGGCCGGTAGCTATCACCCAGCTAACCATGTAAGAGTTGCTGCGTCATGAAAACATCTCACGACAATACGGACCGAGGTCTGCTTCTAGGGTATTCTCGCAGGGAGCCATTGCTGGTCAAAGAGAACTAAAGAAAAATTGAGCGTGCAGGGGTGAACAAATACTCTGGCAATGCACCCCAGAACATTAGTATACAAGATAGACTACAGGTTTAACCCGACAGCCTGATTGAAATGTGCGGCAACAGAAATCCCTATGATTTTAGCCAACGGGTCCCCAGTTCCCGGTTGCAGTTTCCGTCGATGCAGCAGGGGTACAGTCCAGGATGGTCCGATAGTACGAGTATTGGGCCCGACTGAGTCCCCTTCTAATATCGGGCCACCGTCTTGGTGCTTTTCTAGCCAGTTCTATCAGAGCCGGATTCGTATCCGCATGAAAATGTGGCGAACCCCAGGAACACACGTG,1790,50.39,Escherichia coli
SEQ_111536,TCCCGTGAACCTACTATGTTGACATCAACCTACTCCGTTAATAGTAACCCGGGTCCACAGTTTGGTCCAAGCATCGTTGTATTCGCTTGCCTATTAAGGACCTTCGATTGTCAGAGATGCTTGGCCCCAAAAGGACAAATGAGAGGTGGTAATGGATAAGACGTAAACAATTTCCTTGGCGGAGGCCAGACTCGCGACCCGCGGCGTGTCTTTTTTTATCGTATCGCCCAACGGCTCCATCCAAGGGATCAACTTTGCGTATTGGGGTTTGATTCCTCGACAAACCTATCTAGGATCAGCAAATGCATACACATTCTTAGATATGATATGGCTCAACTAGGATAGGAGAACAGCTGGGAGCAAAGTATTTACACTCCCCCAAGCCGCCGACCACTAGGCAAGGAACGTGGGGGTGGTTGTCGCCGGTTTCGCTAGGAAGTATCAGCGGTACCACCTCTAGATCGGATTATGGCTGCCACTTCGCACCAGCTTAGCACACAATGTCGGAAAGGCTGAATAGGGCTCACGGAGATTTTTAATATTAATCCCCCTCGATTTGAACATTCACAACATCCGAGGCCGTCTAGCAATGATCCTAAAAGCCTCCACGCTAATCCCGGGTTGGAACCCTCACGGGAGCTCTGCAGTGACTGAACAAAGTTTGCATCAAAGTCGACCTATCAGACACTTATTCACGTTTAGACACGAATTGCACATCTCGTGTGTAAGGGTGAGCGAGGTATACCGATCTGACTTGGGCGGTGGGAACGCTACACTGCTCTTCAGTTGTACAAAACTGCTACGGCGCAGATGCCCCTAGCGTGAATGTCCACAAACTCTAGGACCACATAAGACCGATTTCTGACCCGGTGAGAACGACCAAGCAACGCGTAGTCATCATGCTGCTCATACAAACCACCACGGGGCACAAGCAGCATCTTGCATCCTACCCGGATGGTCTACCGGCCTAAACAATCGACTCGCGTACTTCTACATCCGGTCATTATGGCGTTTCCCCCAGATCTTTAAAGGAGTATAGTCTAGCTCTTCGGCTCCTTCGCCTCTGTATGGCGACCACTGTACTTGGAGAGGTCAACCCGAATGTTCCGTCTAACAGCGCTGGCCTCAACCTGAAAGTGTAGGACCAAATTTTACATCAAACTCATGCACTATCCGTCGAAGGAAATTTCCCG,1193,49.71,Drosophila melanogaster
SEQ_590327,GAGAGTGTCCCCTTTGTAGCTCATACAAATCTTGGGGCTCCACCTGGGCCCTATCTAACCGACACTGTATTTCAGAGGGGACAAAGCGAGACGATGTGAACTACCTGGCGCCGGACCCCTAGTAATGCGTGACCCTATAGCAGACTTGATTACTGTCGCAATTATATAATGTATCAAGGCCAGTACCGGCAGGGTCCGAGAAGGATACTATAGCTCCGACTATCTACCGAGAACCAAACGAACAAATGGAGCCCGAGTGCTACTTCGTATGGCGCGAAGGTTAAAGCGGGCGCCGCGATCTCGACAGGCCGCTCCAGAGAATATTTCCTTGCGACTCG,338,52.37,Homo sapiens
SEQ_349371,TTACGCGATGTTAGTGGCTCCCGGTCCATCGACTAGAGGATAATGGTCCATATTCCCTGGTGGTGACAGGTATTGTGAGCTGAACGGATTAGCCCTGAAGAAGAGGATTTACGAGACAACCTCGTACATCGAAGGTGTATCTAGGGTTGTACAGAGAGGAGAACTCGTCGATGCAAAGCTACTCTTGAGGGCGTCTGCATCCATAGCCGTGCGATAAACATATTACGCAGGCTTTAGCGCAGTACTCCCCTCCCGGTCTGGAACATGGATGGCTTCCTCGAACGTGATAGTAGCGTGGTTCGTATACGCGCTT,313,50.8,Drosophila melanogaster
SEQ_448231,GGGGACTACCAAGAGGATTTCTCTGCTGTCTATAAGGTGCTCTATCTTCAACTCCGAGAGCATTCCATGATCGATCTTACTTACCCTGATGGCCGGTCAATTCCGCTTGGTTGGCGTAGATACCTCTCCGGGGCTTGTTTGGCGCAAAACCGAGACTGTCAAGCACCTGTAGGACTAATTGGGGATTTCCAAGGCGGGATAGCAGCTAGGTTTATATTGGAACTACGGAATGAAGGCCTAAGCTGTTCAGAAGTAGAAGACGTACTCGATCGATTACAGATACTTTAGTATAAGTCGAGGATATTTTAACCGGGATTGCAACCAGCCCCGCCAATGGGTTTTACGAGGAATACATCGCCGAAGGGCAAAACTACTCCTCTTGTTGGCACGATATGTTGTCTTCTCGAACTCCGCCCTGCACTTTTAAAGCTGATTATATCTTATGATATCATGCACTAGTACCCGATCGTTGAGCGTCCGCTCCCTACGCAAACTTCAGTGCCCATTAGCCCCTCACTAAGGAGCACGTATGGAGAGTGCAGGTAGTTTGCACCAGAGAACAATCCTTACGTGTGTTTTACACCCAGCTCGCAGTGTATGCCGATCACAGCCCCGCTGGTTTCCCACTTTGACGGCGAGATGTTTGGCATTTGTGACGATAGTATGTGCAAGTATCAAAAGTTCCATCTTCACCAACTTTCCCGAACAGATGTGGCCGTTTAACGGTATCCAAATATTCGCCGCTCTAGAAAGGTGCATTTCCCATTAGTGGTAGACAACTATGGGAGAGCGATTATATTAAACCTACTAGCCCCTTGAGCGGAGCAGTAGCATAGGGCCACACGAGATATTAGCTCAGAGCAGCTGTCTTCGAGAAAGTCAGAGAGAGAGTATCTACTGCCATCGTGTGGTGCCGAGCGGAACCGCAGTTTTTAACCGCGAAGGGTAATGGGGCATCAACAGAATTGGCTGGAGTCGGAAAGCTGTTATCGAAGCCGATCCGTTCATAGTACGGTCTGTCGGCCAGTGTGGAGTGGTCGGTATTCCTATTGTGCTTGTAGCAAACCTATATAGCAGGTGATTAATGTGAGCAATGTAAAGTCGAAGGCCCACGTTCCGGACTTACAGGGAGCAACAAATACTGGCTGAGGCGGGCTTGGGTATCTGGGCTGCGTACTACTTTCACCTGGCACGGCCTGCGGAACCTGATTATCAGGCCGGATCCACTTATAGAAGATTAGCGTAATCCGACAAGATCCATATGTAAACAGGTTTGATGGGGGCCCTTACGGCGTACTCGTATAGACGTCGACTGTCTCACACTATTGTGTAGGCTGATCGGCATCGAACGGGTGCGTAAGCCCCGACAGTCGCTCGATGGCTGGATGGACCGGCTGAGCGAAGTGATTTAA,1412,49.43,Homo sapiens
SEQ_646446,CTTCAACCAATTTGGTCAAGTCCATCTGTGGCGGTGCCTAATCCTACTATAATCTTGGTAGATGAGCTGCCAGCGTTTGTTCCACTAGATGCGCTTAGCTAAGACGACACGACTACTGATAGCGCACAGAATGGCATATCGCCCGCTGGCTATGTCGAAACAAGTTGCAGCTCTCGGCGTACCGTGCCCGAGTTCAAATGACAGTGTTTAGCGGGGACAGACTGCATACTGAAGCCTTGAGTAATGCCTAGCGTGTTTTTTGTAGGCCTCACTGGAAAACGTGCCTATTTTCGTAGTACAGTAATTCTTCACACCGCCTTTAACTTGTGATCTCTTCCGGATCCCCAGGCATACCGACGAGTAATTTCCGGAGAACAAAGCTCGAAAGCGTTATGGACCATGGTGAACGACGCGCATCCATATGCATTGCATTGCAATGCCCCGCGCTTATCTCTGAGTTGGAAGGTTAGCTGCACTGGTCAAAAGTTCCAGAAAGCTTTGGATAATGTGTACGCGATGGCCTAATCACTTAAGTAAAGGCCAGCCCTACCCTTTACTTTCAACGGCGATGTAGCACCGCCACCCCCGCGCAATACATTGTGCGGCGGTGCCGCTGGCCCGTTATTTCTGAGTCCCCGCTGCAAACTGCCACTGTAGCAACGGCCAACGTGAAAAAGGGTAACAATAGTTCCCACCTTCGGAAGTTTAGACAACATTTCGAGGTTTTATTCACACCCATGGATTCCTCGTGCGTATGATACGGAATTCTACGCAACCTCGAGAGACAGCTCACGCAGCGGTTTAGAAAAACTAGCTTACTCCCGTTCTGTCCGGTCGACATACGTAGTGCAGCACTTCTAGCAGGTCGACCAAGGTTGAAGAGTGTTTGAGGAGACCGAAAGCTCCAGCCTGACTTCTTCAACCGGGATTACGAGATAATTACGGCTCGTTTACCGCCAAATATCATCACCCTACTAGGAGCACGACGCATTGACCGACAGACTATTGCTAGTGTCTACATTCTGCGCTATTTCGTAACGTACATCGCCTCACCTCGCAAAAATTTGCTTAAACGATCGATG,1082,49.35,Drosophila melanogaster
SEQ_321226,CGTAAAGCCGTTCCTGGGGGTGCCCACCAAAACGCCAACCTCCGGGATCCCCCAGATTGACGCCGGGCTAGACTAACGTTAGGGCAGTAGGCCTAATCCCCTACATATAAATACTCGCGGTGGCATGACGGCAGGGTAGTCTTTATGACACGGTCCCTATCCGCGGAATTTCCTTCTGAATGGAATCATGAATGAACCTCTCCGCCCCTTGGAACTGCCTTACAAGTCCTGTGTGTACCCTAAAATCGAAGAACGCCCCTCTTGTAGTTAAGGATGCTTGTGTTGACATCATAGTGACGGATATAGTTGCTCTGGGAATCCGGCTCTAGTAACATCCACCTATACGTCCGTCGTAACAGCTGAAGGGAAACATCGGCTTGACTGCGTTTGTTTGTGTGTACACAAGTAGCCGGGCAATTTTCGACTCGTGCACGGTGTCCTCAGTGACCGGGGTTGCTCGCCCTACCGTGGTCTATTTATTTGACGTATAACCCCCCAACTTGTCGGGCGGTGGCTGCGGATTCCTAAGCGGCGAGCAACAACCGACATTCGGGTCAGCCTTCGTTAAACGGCTTGGCTCTGGGGTAGAGGTTGCTGAATAGAGCGAAGCCAGACCTGTCATTGCCCTTCGCGCGTTGAGTACCTCCTACATCGCCACGCACCCGCGAAGGAGCTTCATATGAACCGTCCGAGGACCGCTGTCATCCAGGAGTCTGAGAGGCTTGTACCAGAGTTCTTTCTGCTGGAATATAGCCTCTTCAGTGTCAGTTGGGAGGGGGCGCGGCTGAGTAGCATTCTTACAACCGAAAGTGAAGTGGCTGGGCCGGTCGTGGGACATTATCTGGTGGGCGAGTATCACGATCCGGGCTCGCGCAGTGGCTGCCCAGCTCGACCCTGCGTAAGTCTAAGATTTAGTCAGTTCGAGTGTCCTCAGGTATTTTATCCACAACGCTAGGGTCTTCGGCATGCTCATGGTTGTAGAATGAGCCGAAGAACTGGATACTCTAGCATAGGCCCGCAAGGTCTGCCCAAAAAACATACCTTTCATACCCTTTATGCGGAACTTATGTGCGGGCTCTCGACTAGAAGCGCAGTCCAAACAGCTCTGTGCAGGCCAGCCACGGTGGGGCTAGAAGCTGCCTACTTTTTTCTTCAGAATAACTCATCATGGGATCTCGCTGATCGTCGGAGCTAAGCAGAGCAAGACGTCGTTTGCTTTCATGTGAATGTTACTGTAAGGCTGCCGTTAAGACCTAGAATGGTCGGTAAGATGGTCACACTCAACGGTCTATTCAGTGGTTTTCCCATAGAGGGGACTAGGTTAATAACTGGGAGCCAGGCAGGCAGACCGATCTGCGGTAGAACCCACATCTGTGTCACTGCCGTAAGTACGGAATGCCGTTGGGAGCTCTACCTTCCCGCGACCCGCTGTGTTCGAACCAACGCCCTGGAGGTGACCGGCGGTTATGAATATAAGATTCATTAAAGTGTCCTTAATTTTGCCCTCCATTTGATCAAAATTTGTCTTTGGATTGTCGTGTTCACGACGAGCGCAGGGCTCCTACAGGTTCGTATCAAATGGCCCGGTGTGTTTCTCTACTGTTCATAGAGGCTCGCTTT,1620,52.35,Saccharomyces cerevisiae
SEQ_870926,TGCATTAATCTTGAACATGCTTACGGGCTGAATGGTGCATTAACGTGTAATTGCGGTATTACAGGATACCGAGGATAGTAGCTAATACTG,90,41.11,Homo sapiens
SEQ_700670,TTATCTCAAGCCAGAGGGCATGTTGTCGCACCGGCTAATTGCGAGCTCTTTGTCAGCTGTGCCTCCAAATCTCTGGAGTAGGCCACGCGGAAGCCCCCGTAGCAATCCAATTCGACGGTAAGAGGATTTCCTTTTCTGGTGGCACGTTTTCGGGTCTTACGGGTGACACTCGCTATCTCTTGGGGTGTACGGCGGAAAGCGATCGTAGGAAACGTTTTTTTAACTTTACCGACATGCCGCCGCTCGAAATGGGGCGCAGTGATTGGAATGCCACGGACCGTGATTCTGAAGGGGGTGGGACACTGTGGCTGTGAATGGGCCGTTAGGTATACAGTGAGATGCCTACCCTTA,351,53.56,Saccharomyces cerevisiae
SEQ_808781,AGCAGTACGATCTTTAGTGGACACAACATAAACGCTTGGCAGTGAAACCCAATGAACCTCCCAGTCCAGGCAAAGCGCTTCACCAAGAAGGCCGGCCGGTTGGACCAACGAGCTAGAATTCTGGGCTGCTATCCCCAGTCAGGTCTCATCACTTTAGTGGGCCCGTATGCAGGGAGCACGCCATACTCAATTATTGTTACTACTCCTACCTCGATCAAGATGTTGCGTGACCTGATGCGGTGAAACTGAAGCATATCTACCGTTTGGAGCGGCCTCTCAATCGATAAGTTACCACTGAACCACGATGGTCCGTAATAAAAGTTAAGTCTATGTGCGCGCATGCATCCTATCTACAACACAATCGTTCCGTGCACCTCAGTGGGCCTCCTCAAATCTGGGAAACTCGTTTTCGCTCTGACCCTCTTACCCTGCCAGCATGTGCTTGGCCTGAATAAACAAAGTCACACCGTCCCACTTTGCCGCTGGACCGACCTAACCTTTTAAATACCCGTACAGAGTCCATTGAGCGTAACATGAATGTACGCACGATTGTTCGCGACAGGTACCGTTGGCATCGGATGCCATTGCTACCTTCTGAAAGAATTCTAGGGATATGCAAGCTCATCATTCACAGCGGCAGCATCTGGCCGCGGCCTGTGCCGACCTATATGCTCTTGCAGGAACGTAGGTTTGGCTGACTAGTTGTGCGCGCAGAGTTAGTTCGGGCTATGGTTCCGAGGGATAAGTATAAGACATGTCGCACCCTCTTTCAGCAAGCCTCTTATAAGAGAAGATACTTCACCCGGGTAGCGTCGCACAGTGCGCTTTCCGTCGTGAGTCGGCTCGGACAACCGTAAGATAGGCTTCGTACGGGGTCCTATCTATCGTTCTCGCATTTAGGGCGATTGATTTGAGAGTATGGCACTCCAAGGCCATACGTGATGCAGGGACCGGCTCCTGCACAATAAATGCTGTTCCGACGCTTTTTGGATGGGTACGACTATTGAATCAAGGGTACAGTTAAGAACGCTGATCTTATTCGGTCCTCCTTCCAGTGCGCACAAAGAATGGGGCCACTGTGGAACCCAACGTGACCGTCATCTGCCCGACCTTATTCAGCGACTATAGCGATATGTTTTCTCGCCCTTAGAGATCACTGGCACTTCAGCGTAAACTATTTAAGGCTTAATCTGGCCTTGTCGTCGGGCTTCCTGGAGATCGGATTGGACACCCTATGGCCTTGACTTCATGAGCTTAATCAGTGCCCCTATCACCGCGGGTCAGTACCAGTCTCAATGTTACGGTAACGTGTCTCAGGAACAGGTGCGCCGTTGGTCTAGCGCCGCTCAACTAGTCTACACGAGAACACTGTCTTTCTAGCGCTGTGCCAATCCAGACTTGGGAAGGGGTATAACCCTTTCACCTCTAAAGGTCAGCCACAGCTTTTAAATAGGCGCTATACCTGATTTAACATAATCAGCGACCGAGCGTAAGTGA,1497,50.63,Caenorhabditis elegans
SEQ_397484,AATTTTAGATACGCTACTAATTTGTGATGGCTAACAAACTCACAAATGCGCACTTCTAGACGAATGGCTAAGCAGTTTGGTTTCTGCCCGGGAGGATATTGGTGGTGGACTCCCAGCAAGCTCCGCTTGCTGGGTGTCCTTGTTAATCAGAACTCTCTGGGTGGGCCGCACTTCAATGCGGCAAGGAGTGACGATCGGACAGGCAGGGAGGAAACAAGCGGACCGTCTCCTATTAATCCGTTACCTTGCAAGTATCGTTTTGTCATTTCGCGCCACGACTTAATCAGATGATAAAGCTGTCCTCGTCCTCCCTCGCGACATGGGCTGAGCCAATGCTTTATTATCTGGGCAGCCACCAGACGAGCTAGAATTCTTAACTTCTCCTACGGTCGGGTTAAGGAGTGGCCAAACCGTGGTCTGTTTCGGGATTAAGTTCCCATACTCCTAGGTCTCATAATCGTATGGTCTGTTTTACCATTGAAAGGGAGAACAACTATATCATGACGGTAGTACGTGGGGGCCGTCATTTATAACCCGCGTAAGCAGGCCCATGTCCGACGCGGGTATAAGATCCGAAAGGTTCCGGCACGCTCGGCGCCTATCATCGGCGTGTTACTCGTGTACGTGAGCGCGTGAGAGACTGAGAACCCGCCCGCTCTGGAAGGCCCGGCCACTCGTTAACAATATTTCCTAAGCCGGCGACTCATTGGTATGCGCTGGAGTCTGCAGGGGTGTCCGGCCGCGTTTGGCCGAGAATGGGTGACAATAAGGCAAAGGATCCCTATAAGCGCCACAGCATTATTTCGCAGCTAGCCGAAGTAGAGTAGGCACTGGTGTCAGCGTCTTACATAACTAGTACGCAACTATTGGGGTAAGCAACTGAATCCGTAACGCTGGGCCAGAGGGACTTTCTTTCCCTGTAATTATATACTTTGTGGTGTGGGTTAAACTCAGTCATATTGTACGCGATAAACCCCTTTGCAGTGTGGTCACGTTTTCCCGAACAATCGGTGGTATCATCCTTTAGCCGTGGCAACGCTCCGGAATGAAGGACGTCTGTCTCCAGAATCGTTTAAACTGCCGACCTCATGCTGCTACAGGTATGCGGTAGCGGCCGGACCTACTTTGGCACTGCCGAGAAAACAA,1146,51.22,Saccharomyces cerevisiae
SEQ_408499,TTAGAAGAGCAAACGCCATCCTGGGGGTCAAGCGTAGAGACACACGAACGATATAGCATGGCAAACAAAGAGGGAATAGTGTGCGGGCCCCACTACGAAGCACCATGGGGATATCAACTGTTTCGCTTGGACAAGGTTTACCTGGTCTGCTCGATTCTAGTTATTCCGTACCCGTACCGCGCTTAACGGGGGCCTTGCACGTTCCAAACGGACAGGAACGCGATCCATTTCCGACCTATGCCCTATTGACGTGTACTGATATAGTTTAACCCCTACGTGCGGGTGCAGAGCGACGCTGCCCCCGTCGGAGATACGTACGCGCAACACAATCAAGTATGCCTTAGATGCTAAGTGATAGGCGAGGGTGATAAGCAGTGCGGACCGCACATTAGTTATCGAATAGTTTACTTCCGACTCTGGTCGGGGATTTCAATCGTGGAGTACTAGCCACACATATGTCTGGTAGATTGGGATGGAGGGCGGTTCAAACAATACATTGATGCTCATTCTACGGGCTACAGAGAACTCACTAATGAACAGAACCATCGAGGCCTTCCGTTAACACAATAGGTTATTGTTGGCAATTCGTCTGCGGGATCTAATTCACCATAACCGGCGGGCATTCCCATTGATGGCATTTTAAGCGCACCGAAAGCATTAACGACGCAAAGACCTTGGAGAAGTGAAACCCACTGTATCCGATCGATCAAGCGGACGCATAGAACGTACTTAAAGCATGGAGCAACATACGCATCGCGAGGCGTTCCGAAATCTTTTGGAGCGCCAAGATCTTGCGAGCTGAAAAGCAACAAGTCGGCCGTGTTAGGTCCCACTCGTATAAGTCATTACCTTAACGGATTGGTGCGAAGGCCGGCCAACCCAGCAAGGAGGAAGGAGATCCGCGTTACCGCGGAAGCGTCTACGTGACTAGGGCAGCCTACGTGCTGGCACGCGGTGAAAAGCGGATTTAACCGAGGAACCTATGGATGGCCCGCCTCGTCCAGGTTACCTACGCGACTGGATGTAGACCAGTCCAACACGACGCTCTCAAAGTAAACGAGGTTCAACCTGGACGTACTGTTTAGAAGACAGCCGTACTGACGACCAGCCTACTCCATCACAATATTTTAGTGCCACTTGGTCGTCAGTACTCCTTCTGTGGTCCGCAGTGTGGACACTGTTAACTGTGTGGTTAGGCGCAGGGTTATCGCAGCCAGGCACATTCACATAGGTCAGATCAGGCGGTCCTGAAGACCTCGTTCCTCACGAGGGCTGAGAGCCTGGCTTCTATCGAGCTTCAATTCGTGTCACACTCTTATGATGGGCGAGCTTCACGATCGCTCCACCTCTTCTTTTACACTAGTTCCATCTACGGTCACTTGGTTCCTGCTGTAAAGTGGGTGGACACAACAACCTAACAAAGGCATCGTGTACCCGGTGATCCGGTATGGATAGAATCGGTCTCTACGTGCACGTCAGAAAACGAGCTTAGGCCGCGTCCATATTAACTACTGCGCATGATTAATCGACCATGACTCAAGGTGCACCTTAACTGACCCGGCAACCATGAGAGGAAAGCGGTGGTTGCTTCGT,1593,51.35,Mus musculus
SEQ_452557,ACCCTGCAAACGTGTTGGGAAGGGAACCGCTGTGGCATATGTCGCTGTGGTATCGTGGAACGTCCAGCTGAATCTGGGTTAGACTGCGTCAATCAGAAAAGTAGTAGCTAGCCAGAATAATGCATAACGATAGTATGCGTGCGAGGCGGGGACTGTCTTAGGTACTGAATCTCTGTTTACACAATTCACTGGCTGTCACGGCCATGCGCGAGTTAATATGCTGGTCTTGTGTACTGTAATGATGGACCATAAGCGATGAGCTGTTACGGACGCGTATATTCTGTGTGCGTGCAGGTATAAAGACGTTGCCCCGCGACGATCCTCGGTATTCACCGTCGTAGATGCAATTTACGGCTGGGTAGGTAAGGCCCGCGACCATCTACGTCACTAGGGTACCTTTCGCGCTTAGGAGGCGTGTGAGTGGGAGTGACAAGCTCCATTTCATCAGCGGTTGGCTTTTCGGCTAGTCCTGCCCTGATATTGGCTTTTCGAGACCTGTTATCGGTATTCGGGGGACACGATCATTGCCGGTTCGACCCTCACGACCTGGTTCCGGTCTAGATTCTATGGTCTTCTTAGTTCTTGAACCTGAGGGTGCGCTGCCTACCATTCGGCTGGGCGAATTGTGGTACATCGCGGGTGAATACTACGTGTATCTCGTGGCATTGGAGTTCAGCTGTCTCTGGGACCTTGCCTCAGTTCAGTTTGTTGGCATAGGGCTCAGTCAGCTCCATGTGCTACCCTAGGACTTAGGGGGAAACCTGATAAGTTGAACTGAGATATTTCTTTCTCGTCCAACTCATTCCCCATTACTCCCCAAGCGTTATGTGGCAGATAAGGGGTGTCAGTTCTGGTGTAACTTTAAGTGTGATTCGTGCGGCCGAAGTCAGCAGCAAATTGCCCACATGCCAAAGCACCTACCTAGGCCGAACTAACGGTAACGCTACCTCAGTCTCATGTCCGACGATATCTGTGGGACGGTGCGTCTGAGTGCCTAAGAATCATGACGGTCAACAACGCTGCTAACCCACACTCGCGATAAAGACTCTCGGACGTCGGAGCTGAGACAAGAGTGTCGAACTTAACCTGCTGATAATCGCTGAGAGAAGATTTAAACATAAGGTTCTTACAGCCAATGTCCAACTAGATCCGTGATGTCTTAGCCGGGCGGGACGGACGTGGCTTATGCGGCCTATCGACGACACCCTGAGCTAGATGGTGTTGGTCCGACCATGTGAGGCTTGGGCGCGCTAGTGACGCTACGGAACGTTAGCAGCGCTGTATCTTTTGCGGACTGTGTGTTCCGTCCCTACCCGCGTCTAGCGGATACCCGAGGTTCGGTTCAATGTTACCTGGGGAAGGCTCATGCTGGGCGGTGGGGACGAGCGATAGCTTTCACGGAAGTGTTGACAGAGGCAGCATCCCCGAGCTTGAGGTCTCCAGTCGTGTTAACCGAGCCAGACAGAGATGCACTTCCATCAGCCGGATTGAGCACCAACTCTGGTGGAGGGACAATGAGGGATGAGCGAATGTAACCTACTAACGTCAGTCATAGTTCCAAATAAATGGTACTAAACCGAACCGAGACCTTAGATGCACAGACCTCTCCTGCAAATATTACTGACAATTAGACCTACCAATTGGTCGACCAGTAGCTTCACCCACCGGCCGTATGGTTGGAGGAATAAACTGGATGCCCTAATGCTCGACCGTCCCGATTCGTATGCCGTCCAGGCTCTTACCACTGGTATTGCCGAATGCTGGTCATCATCCTTAGGGT,1780,51.97,Mus musculus
SEQ_679519,AGAGTCACGTTTGTCGTTCTAGTGTCGCCGATCTCTCGCTCCATGAATTGAAGGATGGTGTTACACATAAGCGAATTCACCCTACGAATTAATAACCTAACTCGTACGGGGGACACATAAACAGAGCTTAGTGCACGGTCCTGTTTTGTACCATCCGTATCTAGCCAGACGGGACAGCGCTTGTATAGGGCCGCTAATCGTTGAGGAAGACCTAGACGGGTGTGGTACTCCCCCAGAGGAGTATTTCGACCGAAACTAGGGCTACTTTGCAACAGGCCCTGGCTCGCATACGAATCTATGCTGCCGCTCGCACCAGATATGAGCTAAAGGTTGGGCGAAGCGCTGCGCCCGTATATCTGGCTTCGGGTTCCTAAGTCGCAACCATGCAGGCAGGGGGGTCGAGATAGCCTTTAGGATCAGTGGAATCCGGGACCAAACTGCGGGATTGACAATGTGCTTCCACATGACAACGTCACCACGGCGTAATAGCCCGAAAATGGAATATCTCTATGTTCAACAGTTGATGCAAATCTCGGACTATCCATTACCGACATCGCGGAGTCACATGGTTTTGAGCACTGAGTCATCGCCTTTCTCCCAGCACGATCACACTTTCGATCCCGCAGCACGATCCGACCAGCATCGAGCGGCGCATCGTCTATGATAGTCTCCAAAAGTACGCGTTAATCTTCGGCCGGATATTCGCTGAATTAAGTATTGTACATGGCATCCCCAGGGACGGAGCATCACATAGAGAGGGAGGCGAGATCTGGCAATTTGTACATTGTGCTCACACCATCCCGCTTAAATGGAGGGCCAGAGCCCTATCCAGTGGCGTGCCGGTGTCG,848,52.0,Caenorhabditis elegans
SEQ_176255,ACCTTTCTGAGCAAAACTGGATTTGTCTCCTGTCGCCGTTTTAAAGCAAGAATCCACGTGTAGTAAACTACGCAATAGTACTTGGCCGACAGCCGTTACGCTGGGGGCCGAGCGACTACAAACTTCCTAGGATCGATTGGATGGGAGAACTTCGAACAGACGGTCGGAACATTAGTGTAAGAGTTCCACTCTGATCACAATCCGGGTACCGACATTTTAGGAAGGTGGCCGTCAATAACGAGTTCCTACGCAGCCACGTGCCGCAAGACGAGCGCTATTGCCAATTTTAGGGAACCTTTGCGATTCTAAGGGCCGCGCTACGATCTGGGTTCTCCACCTTTAACTTTCATTGACACCGTAAACGCGCCTCTTTAAATTGAGGGCACTCTTCCGCAGTAAGGACCGTGAAACAACGCGCAGGCTCACGATATGAGAGCTGATAGATGGGCATGTCCCTGGAACAATCGTACCACAACTCTGTGTTATATTGCTGTCGTTAAGCCAGATGGACGGCTAGAGCGTCTCAGACTTAAGTGGGTAGGGAAGCACGAGACGTACTAAGGGAGGGGCTCCCAGCCTGCCCAGGATTAGCGTGGTGTGACTTGATAGAAATAGGAAGCAACGCGTGTACATTGCAATGAGAACGGTTTGTTCATCGATATGAGAAACAATGCCTTGCTGAATCTAAGCACAGAACGGCGTTGATGAAACTACTTCGCCCGTCCAATGAAAGT,734,49.59,Arabidopsis thaliana
SEQ_125261,ACCCCGGGAGAACCCTAGGTCACGGACAAGCGCAGTATAGGTTGACGTTTCGAAACCGGTAATACCCCGACCTATCGAGCCTATTAAAGATTAGCAAATCGACAGAACAAACACACATCGCAATCCGTAGTTGAAAGGGGCCTCACGTGATCGCACCATCCGATTTGAATCAGCAATAGCCTTTCAGGATTAGTAACCCAGTCGTGGGACACGGCTACGTGAAAAGTGGAGCATCGAATTTAGTACAACCTTTGGGCGCGATGGTATACTAGGAAACGTCCCGCGAGTAGTCTCTACGTCGATTACCGCAGCGTTCAGATCTTCATGTTAAGTAGTCTGGTATTACATACAAGAACGACTCCGATCAGCAGGACTTTAACGTGCCGTCATGGCCTGAGTGTCCTGTTCTAGGTTAACAAAGGGGAGGACCCCCGAATCTTTGAGATTACTAGCCAAAAAAATCAGGAGTTCGCCAGCAATAAGTGCCCCCCCGCCATGCGAACCGGGACTGTGTGGGCATCATAGTAATTCAGGTTTGGCAACGTGAATTCTAACTAAGAAGGTGCGGAGTAAGCAAACCGTATGCGGGTGAAGGTTTGAGCGGATTGCCACGCACCGTGCCCAACTAAGGATAAAATTCGGCTAGAGCGCTAGTTGTGTGTTGGATAGCATGACTGCCGTTCAAGTCCGAAGGCGCTCTGGTTTCCCTTGCCGGTTCGGCACCAAGGATGGACCGTGATTACATAGCCGTTTATGTGCGCA,762,50.13,Mus musculus
SEQ_276097,TAGCTAGTTTGTGCCCGCCAGCGTACATGCTAGAAAATTATAGTAGGCCTACAAACGTTCACCGCGTGGACATACATTAAGACTAGTGGGAGGCGATAAGCCTCGTGGAGGTTCGAAGCCTTACTATGACAAAGGCCCTAGCGGCGAAGACAAGCTTATCTACTAAACGACTGCGAAAGCGGCCATGAGAGCCCGATTCCTGTCGAATTGTCAGGGATGAGCCATCACACCAAGATCCTGTGATAGCGAGGGCTCCACTTGTCGTGTCTTCGTGTAACACCAATACACGCACAAGTGTTCACGAAAAAGCTTGTTCGCGGACGCGTCACCACGGTATCTTTATTACGTTCCGCGATAGAGGGAACGAACTTAACGCAATATAGATCCTGCTTCGCTTTGTCGGTAGATTACATCACGTCAGCTTCACGATACCCTGGAACTAAAAACCACCGGGACGGACACGAGATCGGGCGTCCACAGAAGAACTTACAATCCTACGAATACTACAAGTCCTCGCAGCCGAGACTTGTCTGAGCGTACTATATCGGGACAGGCAGTGGGTAGACGTGCGTGGGGAATATACGTGTGTTATGCCACTGCTTCTAAAGTGCCAGTGATCTCAGCGCTTGTGGTCTGCAACTTAGCTCCTCCTGGGATTGGGCGGTAGATCGTGAAGCGGAAGGTTGAGGATTCAGATTGCTACGCGCTTTCAACTGGCCGAATTCCCATCACCCAATCACTCTACGTGGGCGTACACGGAGTCAGATGTGCAAAATTCCAAATCATAATTGTGAACCAGCGTTTAATTAAACCATACACAATTAGGCATACCGCGACGGAACAGGCGGAACCTGACTCCCGCACCGACAATCCTAGGAGGAGGTTGGGTGACTTATTAAGCCGAATTGCGCTGAGCTGACCTTGGAAGTGCAAGAGGTATCCGTATCCCACTTTTGCTCGAATGATTTTCGATGTTTGTGTCGCCGTGCGCTAACCTTGTGACTCTCTAATGTGAGACATCACTCGTCGCGCAAGTACAAAAACCAGTGAGGTTTCAGATACTGAGGTCAGGCATTGTAGGTCAAACGTCCCTGTTGACACACAAGGTTTTAGCGGCCCGCTTACCCGGTCCCCCCAAATAGAACCATACCAAGGACGTTGTAATGATTCTTGTGTACGAGAAATCGGGGTCACAGTGAACTGTACGGGCTTGTTGGGTATCAAAGTCTCGTCCACCTTGTCTTCCAG,1248,49.92,Drosophila melanogaster
SEQ_845082,AAACTGAACCGTGCGCTAACCCAGCGTAAACTAGCTTCTGGTTGGGCCGGCTTATCTTTCGATGATTTCGGCGTCTTCTCTTAATCGCCCCGAAGCCATACATAATACAAGGTCCGTATCCAGGGAATCGTCCGGGTCCGAAAGCAACTCAATACGCATACCTAAGAAAAACGTGTACCACCGTATACGTCTCCGGCGCCCAGTCAATTACCATTAAACCTAGGATCGCGGCTGCTGCCATGGTGGTCCATCGGTCCGGCAGTAGTCCTCCCGTGAAAGTTGACATTGAACAGATAAAGTCGGCCAGTAATTGCGAGCACCAACCATGCCGGGCGTAAGGCGTAAAAAGAACCGAGTATTCCGCGTATTGGCCCGCCATCGTCAATTGTTTGTTATATATGGAATGGTCGCCGTGAAATTGGTGCATTTACAAGTCCACCCCATCCGATCCATTAAATTTCTACGTCGCCCGGACGTACGGGCCAGCCAGGGAAGAAAGAGTCTCCGTTATTTCTATTGATGAAAAGCTATCTATTGTCAAGGGTGTCTGTTGAGAGCCGTTGAGAGACATGGCGACATAGGTGTAACCTGGGCGAGCATATGAGCGTTCTGACCTCCCACGGGGAGCCCCGGGGAAAAAAAAACGATGTAAATCATCACGAGTGTTCTGTCTTTTTCCCCTGCTATCGGGATGGCGCTGATCGAACGCAAAGTAGGCCTATGCGTATCCTGCAAAAGGAGTCTATTTAGCTACTGTCAAGCCACCCGACAACTTCGATCGGGTGTGCGCAACTGCTTCCGCCGAGGCTTTGTTCAGACACGTCGGTATCACCGTGCGCTTTTCTTCAAGTAGGAGCGTGGTGTTAAAGTATTCATTTCACTCGAAAGAATCGTATTGTCTTATAAAGACGGAGACAATTGCGGGACGTGGGTCCCAGTATTTACGTTGAGGAGTGACGACTAAGCATTTGCCTGTAAACTCCCTCTATCACCCCTCGGACGCTCGTCATAAATGTGCTAATTAGGGGTTGAAAAATTGCTTCTTCTAAACTAAAGGAGGACTTAATGTTCAGGGTATTTTTCTTACTCCTGATCAGTGAAGTTTCGCACAAGGAGCAAGGCTGAGGCAGTCGACCCGGAATAGTTGGTCACACGGCTCTAGGAGAAGGCAAGTCGAACGATGCCGGGACACCAGGAGCCGACAGGGCTAGCACCGTGGACCTTGGATCCGTCGTGAGT,1239,50.04,Drosophila melanogaster
SEQ_640420,GTCGGATTTCCTGAGCGAAGGATAAAGCATGGAGAGCTGCTTAGATGCTGGTTACGATCGGGGAGCATATATAGCGCAATTCAGCAAGAATGGCTAGCTCTTTCGATGTGAGACTTCTGAGAGCGCGAAACCTGTGGAACTCAGTACTTCAATCTGCAAGAACCTGTGTAAAAGTGGCGGGGCCGTGTCAACTGGTTGTTAAACAGCGGTGGATAGGTTATACTACGAACGTCTACAATCTCGTTTCCGTTGCAAATGGTAGTGCTAAGGAAGACGTTGGGGCACCAAAACATTCGTTGTTCACACAGGGCTGTTTCGTCCCTCTCAACTAGACCGTGACAGCGCCGAGGATAAGGCATTTCGCTGTTAGTTGACGGGTTATAGTCGCATATGGTAGTTACCAGAGAAGAGTTCTAACCGGTTTGGATGACACGCCCCGCGTGGGTAGGGGTACGGATTCCCTATAGAACGTCTAACGACAACTTGTAGCAATTTGATGGCACCCGGCCGTAGTGCCTTTACAATGAGTGGACGCCTTCATACTCAACAGACAATACCCGCGCCAACTCCAGCAATCCTCAGACCGTTATGGCCAATCGCTGAAAGGCTCAAAGAACTAGCGCCGTCCGTTGGGCCGCGGTATCCGCTCAATAACAATTCCCGCGCTCAAATGTGTGTTCAGACTGTGTTGTACGCGAAATCTTTGAACGGCCACGCTTACGAGGCACTGAGCCTTTTGGCGTCGAGCGCAATTACCGGACAGTGAAGTAACATGGGATTTAATTTTCAATTTAGCATGGGGTCTTGGGTAGTGGGAGTGAAGAGCACATCCGGGGGCGTGCTAGCCGTGTCTCTCTGTTAAATCCCTAGGCTGTCTAGCATCTGCGTTTCTAAGTTTTAACTGAATTTTCTACGAAGTGCAAACAAGGCCATAGCTATCGTGTAACCTCACTTGATTAACAAGACAGGAGAAAAACCCGTGGTCGTGCGACGGCGAGATTTCCACCAACAGTCTGCCAGCTGGCGTACCGAATCCCTTCAAACTCGGAGCTGAACCGGGAGAATAACGGTTGTTCCCTTCACCATCATTCTGGGCATCTGTTGACGCCCGTAACATAGGCTATGCCCACAGGGATACACACGATTGTTCGACTGTGACGCGGTCTCACAACACGGAGGGGATAGGACTAATTTGTAAAAGCCCTGGTAGAGTAGGGGACTCGTTTATG,1229,50.04,Caenorhabditis elegans
SEQ_144591,GAAACGTTTACGCCGGATGTCATGTATATAGCACGATGTAACCGGCAGGCTCGTGACGGCGGGCTGCCGTAATTTAAATGACTTCTCCCCTACCCGCGATAATATATATGACACCTAAGGACAGCGCGAGGCCATCAGCATCAGATCCGAGGCCGCGTAATTCATGAATCCGAGTCCCACTAGGTACATTGTCCACTCCTACGGACTACAGGGTAGCTCACTTCAGATTAGGTGCTCCAAAACTTCTCAAGTCGGGAAAATAGGGCCCAGGCGGCTGATACTAATACCTGCCTGGCCGAGAGGTTGAGACATAGGTAATTATCGAAGTCCTTCGCGCATTTCTGGCTATACCGCTGTACATTCAAGCTGAATGAATGTTTGGTTTACCA,389,49.61,Arabidopsis thaliana
SEQ_565189,CGTCTCATCGGCGAAAAGACCTCCAAAAGCAACTAGTATGTGCATGGGCAACCTTCTGTCCCCCAGGGCTTATTTTCAAGGCCAGCCTGTGAGTACAGACAGAAAGCTGCGTATCGACTTATGTGATGATTGTTTGCGGGGACGCCGATGTGAAAGGGCATTGTAGGCCATTGAAGTAGTCAGTTGTGTGACCAAACTCAGGAGGCGGGGTGAACCGGCAACGCTCTGAGCCTGCGTCTTTAAGTAGTAAACAGCTCGTTGATCAAACAAATCAATGATATTGCCTAACACGTGGCTGTCTCAACCCGAACAGTATCCGTCGAGGAAAATAAGACTTCAAGGTATAAACCGTGCCAGCTCACAACGCCAAGCCATTGCGACGATTACCTTAAATAATCCGCCCGTTCAGTGGGTAGGGAAATCTCTAAATACCTAGTCTCCTTGGGTTTTTGTTAATGTCTGGTTTTATCTGCTGCAGATGCAAGGGCGGATACCAGAGAAAACGGAGGGGCTACCCGGCCGTTGGCATAAAAATGTGCCAACGCGAGACCCGACACGCAGCTCGATGGAATAGAATACACGATGTCCGCGAGTATGGATTATGCATCGGGTCGCCTGGGGTTTACCTAAGACTTGAGCGGTAATCACACCGCTTGTGAGCCAAGGAAATGGCGTTTGCACACTTCCAAACTGTCTGACCGTCCCTTTCAACAAGATTCTGTAACCGGTCT,731,49.52,Escherichia coli
SEQ_693819,ATCTCCTCGGCCTTACACGTGACTATAGAAGCGTGGGATCGGTTAATTGTTGCAATCCTCCTGGAGGACGGCATCTGAATTTCAGTGTGAATTAGGTCGCACCTAGGACGTAAGATCTAGTTATCTCAATCACCGGTTTTCGTATGCACTACGGTGTCTTCCCCGCAAGTTTCATAATGTTGCCAAGGGGTCGGTGGCCAGACGCCGGACCAAGGCCCATCGCGGGGAGTCCATTACCTAGATGCCAGTGGTGATCTTTACATCATGCGACTAATCCGGGCCAGTAAGCTGGGTATCCACGTTGGGTCGAGTCTCAGAGAATTCCCCCTAACGAAAGATTCTCGGGATCAACCGACACCAATGTTCAAATCCCGCGCTTTCTTAATGAGCTCTGACCGACAATAGGTCTTAGGGTAAGGAAGATTAGTAATGTAGGTGAACGGCTTATCTTGAGTAGCCTTTCATTTCAGCGCTCCTCACACGCCGTACCTATCTGCCTGTAAATGGCGCAGTGTTGGTGTTAGAGTATCTTA,533,49.53,Homo sapiens
SEQ_797726,CACATCGTCGGGGCAACGCGCACTAATGCGCAGTTGCTCAAGTTCACCGAACTCGAAACGCCTTCGATGACGCAGGTACTTGGTAGTTAGCGCGTTGCGTCTGAATTGCTAGCCTAATGCAGTGGAGCGGTGCAGGAAGTTGTTCCTATTATTCGTTAGTGGCGGCCGAGGAAGGTGCACAATGTGCCGACTGAAAATGCTGACCTTTCTAGACTTTTCTAGTCTAACGTTGGCTCGTACATTACCTTGTGAACGGGCCTGCAGAAAAATTAGTAGGTGCGCGGAGGCAGTTTGTTATACGCATGGGTGGTATTCCGGCAACTTACGAACATGCATAAATGACTCAGAGTCTAGATGACCACAAAGCTTCGCGAAGGCCGGGGGCTTACGAGGCTGAGAATGTGGATCGGAGAAACATTATGCGCATAGCAGCTTAGCTTCATGGTCTCTCGGGTGCCCGTCTCCGTTCTCGATATGTCACCCAGGGATTTCTAAACGCCACCAGTCTTCCACTGCATTAGCGACGTTCTTTTAAGAGTGCCGTTGGCAATTCCCACAGGCAATACGAACCGTAGAGTACTGGGTCATCGAGTGGGGTCGAGAACCGTCCTATAACTCGTCCTTCGGCTTTGCCCAATGAACGAATGGAGACTCACGAACGGCGACGTCCACACTCATTCTGCTGAGACCGAATTTAAGACCATCTAAAACTTCGATGCGGTAGTCGTTATAGCGTACTATCTGCCCACTTCCGGACTCTACGAGCTTGCGCGAACCTTTTAAAGTCATGTGTTGAATACTAGCACAGCCTAAGCTGGTTTTCTTGGCTGACGTTTGCAAGCGCTCGGCTTTCGATAAAAACAGGTCGTATGTGACCACTGCCAAGTCTTAGCAAGGGGTATATACGAGAACGGCACTCATCTTCGTATGAAGGGAAACTGGGAGTGTTGGCAGGACCGTCAGCCGTTAACTGCCGGGTCAGGTCATTGTATGGCTAGTAACGCCAGAGTTCTCGGAGAGATTATAGCATTCCTCAAGCCTTACCGATCGGTGTGGGGTGACCTAACCCCCTCGCAAGCGCCGTATCGACCGCTAATGTTCTACCCTGCCATGTTACTAGGGGTTTCACTCGAGGAATTCCCGCAAGAGAAGCACAACATTAATCTCTCTCCATGGATAGGACGCCGGCTGGGGCATTGAGC,1202,51.08,Homo sapiens
SEQ_948629,TAGTCTTTGCCTAATCTCCGTGAATGCACAGTTCCCCAGTCGGGAAAAATGTACGGCGAACAGATTCGGACGACTTAAAGTCGCACACCGAAGGGGACATACTCGTGCACCTAAGCAGTGAAATAAACGGAAAGCGCATCAACTAGTCGATTTCGGACGTAACCACAACATGTCCGTAGAGGCTGAAGCTAACGTTCAATAACCTGTTGAAGGGGGGGTCGATCTGTAAACTATCTATAGCTCGAGACTATTACGTTTGAAAGTGCGCTGCCCCCTGTGTACTTTCTGCCATCCCAATACAGAACAAATTAGCAATCAGCCCTTGCACCACAATGTTTTGCGAAAAGAACATAGGAAAAACGACATTCCCGGTGTCTTGAGAATTTGGTATTTAACTGGTTGACCTGGCCGAGACATATTTGTCACCATCCGCGGCGAAGTTCCGCCGTAGCGTGCTATGCTATGGTGGCAAATAAAACTGGGATCGCTGACCAGTAGTTCCATTATGTTCAAGCCTTGGCGGTTCACATATCGAAAATTGTATCCGTGTCTTACTCGGAATGTAAAAATCGAGTAGAGCACGTGCGCAGACATTTGTACTTCCTATGTCTCCGGATACAACTGGCGGGAGTGAATGCATGCACTAGGCCGGATGCGTTCTTGCGAAAGAATCTGGTGTAGAACTCCTATCACGCGCGTTGCTGGACACTGCGACTGCGGGCCACACCCTCTTACGGAAGTCGTAGTGGTCAGGTCGGTTCCATTTTGCGCATAATTCGATAGAAGTCCCTCAAGTCCATAAGCCAAACACTCGCTGGTCATCACCCGCCAAAAGAGGATTTTCTAGCAACTGCAAACCCAATCATCGCCCACTGGAACGAATCGCTCTTAATGACATCTTGACTGCTAGGGTTCACCTACCAGCCGCGAGAAACACGGACAGGGTTCACCACTTGTGCCTCTTGACTTAGATTTCGAACATATCTTACGCCACCAGACTTAATCGGCTTGAATCCAGACAAGTATAGAGACGCTAGTCCGAATGTCCTGCAGCATATTCTGTATGAGTGCAGCCTCCAGTGTACTAGGCAAATGGCCGCCATATCAATGAAGTGTCACGAGCCCCTCAAGTAGAACAGGACTTTCCCTACGTTGCGTGGGCTGTACCCGTGAATGGCAGACCACAAACCCCTTACCACGCCATTGCAATTTACGCAATGCTGGGACCGTGTAAATCTTAGACCGGTTGGTGCTCTTTGTATATAGGACGTGCCGGTCGCCCACTCATGTGTCCGCCCGTGTTCATTAAATTTGCCAGTTATCAGCTAAGCGGCTGCCGAGGTGCCCCGATCGTCTCCTGGTTGAGTGGGTTGTCTATACAGTCCATTTCTTGAACAGCAACCTGGGGACGCTATTAATTCATCCTCGGAGTTAAGCGCAGGATTTATCCGCTGAAACGCCCCTTTTTGTACTACTACGATAATGGACCAACAGTGATCAAGTCGTTTAACGGGGTGCAACCGACTATACTGACCTGCGGTAACGCC,1547,49.13,Caenorhabditis elegans
SEQ_309521,TCTTCTATGGGCTTGCCGCGTAGTGTGGCATCGCCACCATTTACCCTGACGTCCTATGGGTAAGGGCGCCCTGGAGTATGTAGGAACGTTGAAATAGTCATTGTTGGCTAGGCTGTCTGCTAAGAGTGAAACGGATCACGGTCCGCATAGAAATTCGACTTCAGAAGGTATGATGAGATTGAGTTTAGTATCACTTGATCAGACAAGTAATCAAATGTTATACTTGTCAGGACTTTGAGTAGAATTACCCCTAGACAGGTGGGTAAGGTTAGTTCTTAACCTACCAAGTATTCTCTATGGATTTGTCTGGCAAATATATAGTGTGACCTTCTGGTATGGTTTAAAGTCCAGTAGCCCCGTCTAGAGGTTGGTCGATGGAGTAAGTAATTGTCCCCCAACATGAAGAGCGCGGGTGATTGCTCCTCTCAGGTCCCGACAGATAAAGTACAGGAGGTTTTCCATGACACGAAGTTTTCCCTTGCGTAGCCCGACGCGCCTTGCCTTCAACATGCTTGAACAATCTATGCACGTTCGTTCTTTGGCACTCCTGCCAGTGGTTACAAACCAGGTAACTAAGAGCTAGGCAATCTCGGAGAATATACTTTCGAGACTAACTCGATGATGGAAGGAGTTGATTCCCGAGATCGTTCTGCTAGGTTCTAATAGGCCTTGACACAGACTCTCATATAATCTGGCCGAGGGACGGCGGCAACAGAAGTGCTCTCTGGCTCTCTAGTTATAGACCCGTCTTTAAAGCTCTAATCTTAGCCTAATCACGTACAGTATATGCGTTGCACTAGGACGACCCTATCGTAAAAGAGCGTCTAAGGCTGGATCAATTGCGACCGGAACGACAGGGAAGCCCCGTTGACCGAATCTTAGAGATTGCAATCCAGTGCCCCAAAATTGTAGCAAACCAAGACTCCGACGGCAGAGCGACTGTGTCCCACACATGATA,958,47.29,Escherichia coli
SEQ_549878,ATTTAGATTTTATTTCTTGGGTGCAAGCCGAAAACTAGCGCGACGCTAGCTGACCCTAATTGAACATATGACTCCGATATCAGACAGGAAATTGCTGTAGTACTTTCTAGACCCGTGCTCTTTTGTCCGCCACCCTCTTTAAGGCGAAGAACACCTCCAGAAGCTTCGCAATCTCGGACGAACTGTCAGTTAGACTAGCTGTCCTAGTTACGTAGCGTACTCCTACCCGAAACTGTTTTCACATTACTAGATAACGTGCCGGTCAGCATTCCCCCGTACGCGCCAATTACCTGTTGTAGGAGTACGCTTACCTTATCAAATCGCACCCTGTTGCCGTCTGGGCTATCTGATGGTAAAAGTCCGCATAATGCTCCCCACTAGAGGTTGTGGATGGGCTTATGAAAGGAGCTTGATTCCTGCTTCTCTGAGGTAAAAGTGCCGATGCATTGTCAAGTAATATTCCAACCGTTATCTAGGATGTTTAACGGCCATAGGCGCAAACTGTGGACGAAGGATGATTGACCTATACAAATTGGAATTAAAGACGATGCTCATATCTTGGGGGCGCGGTTGTAGTTTGGAGGCACTGTGACCTGCCATCCTGGACTGTCCAGGAGTCCGATACGGCAGAACATATAGTCCACCCTGTATACGGCCCCGTAAAACGGGGGTGATTTTAAGGAAGAATAACCAAGTCAATTACAATCAGGCGCGAAGTGTCACCGCTACATACAGTATTGGTAGATTTCCTGGACGAACTCCAACTCACACCATACGAGCGCCCAACAGTAGCCGCGACGCTGACATGTAGTTTGCTACATCGGTAAGACCCGGTAGGGTCTTCAATCAAGCGCATGCGACAAGCTTTAATTCAATAGTTTCACTGCAAACAATGCTTCACGCATGTGTTGTGAAAGCGAATTGTTGTAACTATTCCGCACCGAATTGACTGAGCCTGGATACATTGCTCGCTACTCCTGCTAAGTAGCCCTCGGGCAGAAGGTAACTCCGAGGCCGGGGTAATCGCATTTTAGGGAGCGTCTCTTTGGAAGGTCCAGAGAGAGCCTAAGGGAGTAAGAGCACTATCTCATCCCGAGTCGTTAATAAAGGCTGTCTTCACTAATGCATACGTTAAGGCCAAGCGAATGGAGGAACAGACACGCCGAGGATGCAGAAAGTTATTAGTTAAACGACGCAAAAAAAAAAGCTCCCTATCTGCCGTCGGGACGCCTAACGATTGTGTCCCAGATCATAGTACGCTCTCGCACAGTGAGGAGGGGACACTTTGCCTTTGACCCCCTCAAAGCTGTCTTAGCCTTACCATGCACTAATGTAACAGACTGAGGAAAATAATGGTAACCATAATGTGTCAGGCCAGTGGCAGCGTGTGGCTTTGTCCAATGCGGAGACTGTCTGGGGTGCCATTACTGAAGTACAGTTCGAAATTAACTGCAACATTTTAATTGAGATTTTCGGGTATGGGGTACCGGAAACGCAGTCACTTCGGTGAACCTTACTAATGTATGGCAGTAAGAGGCCGTCGACCACAAAGTA,1554,47.81,Drosophila melanogaster
SEQ_284714,AGACAGAACCCCTCGCCCATAGCACGAATCGATGTGGGTTATGCTTGACCAAGTCACGCGGTGCCGCTCACCGAAACCGACGGAGGATGCGACCGTGCCGGGAATGGAAAACATCGAATCCTGGAAACAGTACTTGTACCTCGAGACTCCCCCCGATCAGGAGTGTTGAGTTGCATGGTGCCCGACGGCTTGTACCGCTAGAACGACGAAGTGTCTACAAGGCGCGTTGTACTTTAATACTTTCTGGAGTGGATGATCCAGGACCAGCAGGATTTTGATATCCTGACATGCCTACGCTACATCGTGCCACAGCTCATCGGAAAGCCATTTATCGGCGTCGCTTCCAGTATTATTGCAGACCAACGCACATGCTGTATGAGACCTTACGCCCGTGTCCACTGGATTCCGGTTAATAAGTAGGTTGCAGCTTCGAGTCTCCTTGGACGAAGCGAGTTGCCTGGATGAGTCTACGCCAGGTGGCTGTCCCCTTCCTATTGTGCGCGACTACGGCCCGCGTGGCAAACTTTAGGGTTAAGCTCCGACGCGCAGGGACTGCATATGGGCGGAACACTCGGTATGAAACCGATGGCGAGAGGGCCCACCCAGAGCTACGAACGAGGACTAAGCATGACTGTGAGTACTGGCTAGGCTGTTGCGTTTCAAACCCGGGCTTTTAGCTTTTGTACTATTGTTCGTTATTCTTGGTCGAGCACTGGAAACTTTCCCGCGTCGCGCGAGCGTGTCTTTACTCGCAGATAGGCCGCCCTACAGTACAGATGAGGAATGCATCAATGCTGTGTGCTCAGTTTCCGCAGGTCGGCCTTTTCAATGCCCTTCCCCTTTGCGTTAGCCGCTCCATGCAGACAGATTTATTCCGATCACTGGAACCCCAAAGCTGGCCTCCCAGAATACCATGCAGTCCCGATCATGAATACTAGAGGGTCCCGCGATTGCCCTGAAGGTCCTAGCCAGTCCGGCATTGAACGCATTGAGATGTCTCCGACTCTAGGTCTACTCCCAGTAACTCGGGCTTTCGGCACACTACAAGGAAGTGCCCCATATTGGAGGTTATAAGGAGCATGTCAAAGATGTACGACAGGGCGGCCACAATGATTCGGGGCTCGCTCCTTAAATAAGCTTATACGCCTCAAGCAACAAGTGTGTTCAGAACGGTCTCCATACGTGTGTAGTTGCAATTACTAGACCCACGGGACAAGGTACGAAACCTCCGTATCAATGCTTTCTATGCGTAGAGGGTTGTTCTCAGACGGAAAACACAGATAGATATAGTCAACTCGGGTTACCTTGTTGGCGCGCAAGACGCGTCTGGTGGAAAGGAGTATAACGAGCGTCTGCCGTGTGAATAAGTGGCGACCGAGTGTCTATGGATTTCAACGAGGGAAGATCTAGCAACCAGCACCATCTTTCCGCTAATCCGACGGGCGGTTCTTGGACTAGCCTGTAGACGGGAATATTGAATACACGTTATGGGCCGACTACTTTGCGTCAACCTTGTTGACCTGAGCTGCGACAGAATACAGCTCTCCTCTTACCAGTTGCTGATCCGACTAGGTTTCTGGTTGAGAGGAGTCTGCGAGCCCAGCCGGTTCTTCCGGTATCATATAACACGTGTAGTCGCCAGTGGCGCCGCTAATTGATGGCGCAAACATTTAGTGAATCCGCACTTCTATCAGTATTACCAGGACAATCCCTTAGGTACTTTGTCGTCTTGACTCGCTAAGGTACAGCTTGAGCTCTAACCAATCCACAATTACCCAACTCGGACTATTATAGGATAGATAATGACCAACTGCCTCGCCTGGAGCCTGAACGACACCATCATATCCTCGGCTCTGCCCGTCTGGTTGTCAGTTCGAGACCTCAATGAGAGTGTCCTCGGTGAGCCTTCTGTGGCGCGAG,1920,52.14,Drosophila melanogaster
SEQ_648128,CCGTTGATCACCGGTGGCGAGATCCGAGCCGAAAAAGCAAACATATTCAGATCGAGACAGACTCACGCCGAATGCGAACTGAACTTAACAAAAACGCGTTCAGGCCTCGTGAAAGCCACGCTAGTTAACCTTGCCGAAGTGGCCGTGCGGCAGAGACAATGCAGAGACCATTCGCGGTCTGCGCATCCGGTGACTGGCCAGATCCTTGGGCCAGCAGCACGTATCGGGCCGTAGGGGTGGAGTTCTATGCAATAGTACAAACTTCAAACCTCTTGAAGATTTTTCCCGCCAGCGGATGAATTTTCCAAATCAGACTTTCGATTACACTGACCCG,334,52.4,Saccharomyces cerevisiae
SEQ_968588,AGTTTGTCTGTTCGCTAGACCTGCGGTAATTTAGACCGGAGTGTGAGTCCCGGAATTTCCGGCAGGACCCAAAGCACCAGCAAACTGGGGGACGTGCGGGGAAATTCCGGCACTAGATAGGGAAACTATATTAAACTTAGATATTATTGCCTGGCCATTAGACTTCAATGTGATTCTAGTCCTTAGTAGTTATTATATCTGGTGCGAACGATTGAAGTCTACCCCTCTTAGTCCCGGCAGCCTCCCTGCATATGGATGCTCGTCTTGAGTAGGCCAAGACGCAATGTATCCCCTAAGTGTTCGGATGATCCCCTCACGCTTAGTGCGGTTTCCCGTGACTCGTGTACGATACTCCATGACTTGGCGTAATACCGGGCTGCTTTGGAAGTGAATGGTACATCTGGTTAGTGGTGCAAGCGCGGTTCTAAACTACGGTCGGACTGGCGTAAGCTCCAGCGCACTTCACTACACGAATATCGAACATGTATTCATCACTTACCTAATGACCGGTAATTGTCGGAGGGCGACTAAACTTCAGGTGGACAACAGGGGGAACTCGGGGTTTCCGTAAAAGTACTTGAATCATAGTAAAGGCCTCCCACATACAGACCATTTGAAATAGTTAGGAGGTTGTCAAGACTTCTTAATCCCTGTAGTTATGGGCCAGCGTTAGACATCACTATAAGCTGATAAAATCATGAACGCAGATAACGGGATATATTCTACAATGTCCCGTGTCTGTCTGTGACCATAGTGATATGTCCGTGTCTAAAGAGAAGTACATTGTGGATAGTTACCAAGCTCCATATCGGTTCCGGGCTCTTAGAGGCAGAGCGTGCAAAGACGTGTTTTGCCGAATGGCCGTACGCGAAGTCATGCCGCAAGGGTACATCTCATGTCTACGACCTTTGCAGGTTAAGCGGGCGCGAACTTTGCCTAAGGGCTTCTGGTTTAGTAGTCTCAATGTGAAGATGACGGACCAAAGTGAAGCATTATTACAGTATTACGTAGTTCTTGAGCTTCGTCATCGCGTCGTCTTCCATGATTGACTATGGCTTTGTATCTACATAATTCCGACAGCCGACAGTGTAAATAATAACAATGCCCATAACATAATCGCTCTTCATCAGATGAACAACAGCCGAGGGAG,1150,46.96,Saccharomyces cerevisiae
SEQ_764805,GTGGCTCCCACCCGTACACTGAACAGGAACCAGGCACACAAGAAGGCCAGTTCTTGCAAGATCGTAACTTGACTCTCATTGCTTGATGTGCTTCTCCGTCGGTTACTAGTATCTGACACAAGCTTTTTATTACATTCTTGGCAGAGAGTCGCAGGTCGTGTTTCGTTAGAGGAATCCCCATAGCGGCCCCCCTCCGCAGTTACGTGAGCCAGTAAATGGTCTCGGCCGGGCTACCGTCGTTTCTTTGATCGCACAGTTACGCAAAATCCTGTCTCGAAGGACTAGGTCTATTTATGGCTTTTTGTCCAAAGATTATTTTGACACTTTGAAAGCGCGAGGTTTCAAGACTATTTACACCTTACGCGTGCGGATGTTGCGACAACCTTGCAGGAGACACGGCTGACAAACTTCTATACTGAAGTGGCTAGCAATATATTAAAAAGGTATGAGCTTCGGGAAATTTGCTGAACATTCGGAAGGGGGTCTGAGATTCATTCTAATAAGGCATACTTGCCCTAACGGACCGCGATCAAGTCAGAGTAAGGGAGATAAAGTTTAGTTCCAGCATATCACCCCACCTCTGATGAGGTAAGGTAGCCTCCTGGAGAAGAGAGATGGATTACATGCCAACATAGCGAGAAAGGTAGTTCCATTCTATAATCACTGCATCTTACTTTCGTTTCTTAGGTTGCTAGCGAGTGCGAGGGAGGATCGATAGTACCGACGTGCCATTAAAGTCAGGACTCTTTACAAGAAGACCTGGTTAGTCTAAGAACATGTAGTTGGTATTCAGGCTGGAAGACACCGTT,809,46.48,Saccharomyces cerevisiae
SEQ_178789,ACCTTGCAATGACGCTGGTGTGGACTCTTCAGGCGCAATCTGGGATTCTTTCACTCTTCTGCTTTATTAAGGCCCCGTATCCACTTACGGCGATGTAAGAACATCATATGAGGGACTGTTCTCGCACCTGGCCGTAACTCGCAAAAGGCATCGGGCTCAACACACCGTGTATTTTTCAAGTACAGTTCCCATTTTGGGTTAGAACCTTTTCCGGCCGGCTAGGCCTCTGAATTGACGCGACTCGAGATGCTTAGCGATCGCACGCTGTCGAGACGTCAAAATATAGGATGAAACTCTCTCGGCTCGATGATACATAGGATCTCGGGGCTTGGATCTAGCCTGTGGAATTAGTATAAAGGCTTCCGAAAGTACACGATGTTGGACACAGTGAAATCCCGCGCTGTGCGTCCCCCACGTTCGATTGGCCTTACTCCTGGGATGTGTGATTAGGATTGGAGACGGCGCGCATCGATCGGTGGTACATAGATGTCGTGCGAGCGCACACCCTAATGATAGGACCTCGAGTGGCGCTCACGAAGCTAGTTAATCCTTGGAGTATCAAGTCTCGTCCCTTGTAACGCTATGCATGCCCTGAGGATCTAGGGATATGGACTTACCACACTAACTACGCGCGTATAGCAAGTATGAGCACCCGTACTTACCTAGAATGAAAACATGGCGCTATCACAGTTTAGGCCTGATAGCTTCGCAAGCCCAGTGCTTTTGAACTTCCCGCGCTCTCCCAAGCATTAGGACACAGTGCTTCTTGATCCTTCCGGGGTTTTAAGGGTCGGGGCGTATTCCGATAGTATTCTTCCGCCCTCTGCTTTCACGCCAAGGTCCCGTCTTCTTAATCCAACTTGTCCGTTACCTGATAAACTCTAACCAGATAGAGCGCGTGTCAAGCAAATGGGAGGCGTCTAGATCATGTGAACTGGGTACCCGGAAGCGAACCGGGATTACTTGATCCACTCTATTTCCCCT,984,50.61,Caenorhabditis elegans
SEQ_596258,CCGGAGATTTGGAATACTAAGTTGCGACTTGAAGGTCTGCGTATTCTAAGACGGTAAGAGCCAACTCAATACGGACGGGACAACAGCCACCCTCGCAGACCGATTCAGGAATAATGCTGTCGGAGACGCCATCTCACCTCGGGCCAGCGTGTATCGTGAGTCATCTAATCCGCGTCATTTAGCCCTTCGAACTACTCAAGTTCCGAATACGTATCCAATGTCCACTCGACGAGGGTAAGCTTATGTGCACGCCACGGCGCGTATAAGGTCCCTGTCAGCTATGGACTGTGTAACCGTTTTAGCAGGGGGAACCCTGGCGTATACTGCACCCCTCGGGGCTGGTGACCTAATAAGTTTTCAATACGGGCCGGTCTAACGTCGAAATATTACCAAGGCATAGTTTGCTCGACTAGCTATTCTGGGGTGGTTAGCGCGCGCTGCAGTCAATCTCGAGGGTTAAATCTCTAACCTCGATCCCATAAAGCTCTGCATACTGTTCACTCATCACCAATAGAGCTATTCATTAGGGTTAGGTTCACTACAGTAAGTATAAGCGAAAGCGGGGCCGACCTTTCAGGCACAGGTTGGAGGAGCTAATAAATGCTTAGGTTTTTAGTCTTATAAATTTGACGGAATTATCAATATGGGGACTTGTGAACGTACTTGAGCAGGCGGCGAGTAGGCCTTGCTACCATCGACAGTACAGTCCTATGGAGCCATGAACTACATTGTACGATGATCATCAGTCTTAGTGCACCACTATGGGATGACAGTAACCACCCCGGGACGTCCTGCTTGTTAACCCTCGGCACGATGTGGGTTCATGTGTCCTTCCAAACATTAATACATCCTTGCCGTTTTTGCTAAGGCGGACATTCTTCTAACTAAGCAGAGGGAGTTTCCAACCGTCACCGTAACGTCGGACCGGCC,930,49.46,Arabidopsis thaliana
SEQ_629145,CGGGGCACAGCGGCACTTGAGTTGATTTCCACGCGCGCGATAAATAGCGCCTGGAAACTTCCTCAGACACAACTAGGGTGGACGAGCGGGAACACGGCCTAACCTTACGAGGTTAAAATAACTTGAGGCCATGGACCGGGGAGGCTCCGGCAGCCCACCGGTTCGACGTATAGGGGGGAGTCTTGTTTAAGTGTGAGGACTCATCGATTCCTTGGGAATGATTCTTACTATCCTTGACCTCTTGTCGTGTAGACTTCCGGGGTGAACCGACTCGCACAAGAGATCTAGGAAACGGGCCTAAGGTTGACAGAAACCGAAAACGCCGTAGGCGTGGCGCCGAACTCAAAGTAAGCCAACTTTGTGACGGAATCCTACGATAGTCCTCAGGGTACCTTGTTCTGGAACGGTGTGATTTTGTTTACCTCATTATTCTCTCAGCGTGCTATTCCTAAACCTGACGTAGCTTGGTAGTACTTCCCTCTGTACTACAAAAGCGAGGTGCGGGCGCGAGGAAGTACATTTTCACTGACCAGGGCGGGCTAGCAAGCGAATTGAGGAGACGAGGGGCTCTGAGTTCCTATCTTCTCAAGTCTCTGTAGTCTTATCCGATTGAGGTCGAATTCGCAGAAACTGGTGCTACCCGCAGTTAGGTCGCTTGAGTGTGCGTACCTTTAAGTTTACCCTACACAAAAGCGATTCTGTCTTCCCGCGGCGCCCTCTAATGCAGGTCGCAAAGTGGTACAATTAGACCGGAGATTCCCCGCCTTAAGTTGGTATCCATGGAGCACCATGCTAGGTTTGATAGCGGTTTGTATACTCTTAGATGCTTGCAACAAGGCAGTCCCACCAGTAACCTCTAGATTGGCTTAGTCCGTGCTACTACCAAAATATTTGTACCGAGGATAGTAAACCCATCACCTTGCATGAGCAAAGTATCACGACATAAGGCTCCAATCCAGATCGCAGAGGTTTAATGCACCGACTATGGCAATCTCTGGCGAGAGATTGCAATACTTCCGATCATCGCGCAGCTCCGCCCTCAGCCTACTCTCAAAGTCATGGTCGTGTACGCTAGAAAGACCAAGTTCATACTCTCTGTGGAGCTGCTCGCGACATATCTTAACACACA,1129,50.49,Caenorhabditis elegans
SEQ_889049,GTTTTTTGCAGTGATGACATGTCCTATAACTCGTTATCTCCGTGAACAAAGTCTTTTCGTAGCAGATCTACGTAAACTCTTCTCTCTCATACCCGTTCTCACGAACTTCACGTGGCGCCAGCATTCAGCAACGGCAGTTAGTCGGCGCGCTTACGCAAAGCTGAATTTATGGACGCCGCACGGGGGCGGGCGGTTGGAGTTTGGTGTTACGCTGGGGCGTTACTGTCCATTTACGTCCCCGAACTCTTCTGGAGGTGCAACTAGGCAGTGCCCAAACTTTCACCCAGTGAGTCCCGTGCTCCAACCATGTTTGCACACCCCTTATTTGGGGCCCCAAATGCCCGTTTCAAGCTTAGTGTCACTTAAGTTGCGGCAGAATGCCATTAATATGTAGCCTCCTACCCACCCGCTGAGGACAGTCTTCAATGTGGGGCGGTCACTGAGTCAGGCTATTTTAGGTCATGACTCGTTCACAGTACCCTGTTGGCTTCA,492,51.63,Drosophila melanogaster
SEQ_339740,GGTCCATATTGACGTAGCACCGGCAGCCTGACCTTAATAGCCCTCAATCTCCGAAGAGATAACTCCGCATCGAGAGTATCTTCTCGTTCACGTGTGCTAACTCTATGGGGTAATCTCGGATATGTTTTTAGCCGACATAATGTCAGGCTCTCGCAGTCCCGAGCTTGAACCCTCGGGGGCGAGTCAGGAGAACTGCTTCCATGCCTGGATAGCTCGAGACACAAGGCAATAGTATAATGCACCACTCTCTTAGGGCGGGACGCACGGGTCTGCCAACAATTCAAGACTCTGCATTGCCGGGATTAGCGTCTGAAGACTGTACAGCCCAGGTTCCAATCACTTCCAAGTAGGCATTCCCAGCCTTTATTGCCCACTTTTTCCTGCTGTTTAAG,392,51.02,Escherichia coli
SEQ_961621,CTCCTCCGGAGCGTTTACAATGACATTTGAGTCTGCATGTGTATGGGTATCTAGAGTATAGGATGTACTCTACGAAACTAAGAGAAGGTCAAACAACGCATTGCGTTATGCGACATTTGGCCGATAGCACGCGCACTCAGAGATGCGACAGGCTGAACCCGGCTAGAACCTAGGCAACGCCCTCGAACAAAGAAGTGGCTTCGGGGTATAAGACGTATAAGTATTAGATATCTCGGACTCTTGTCCGACTCTGAACTAGAATTTACCAATTCGAAGATTGGATGTTATACTATCTGAAGCGGATCCGAGACGCAACTGCCGTACTAGAATAATCGCTTTGTCCTGATCTTTCGAAGTCTGGGACGATCTCCTCACAATCCTGCTGACGATTGGGTGGTCGCTTAACTGAGTCCTCCTCCAAAGATCTATTTCTCCGGTTGGGTGCGTGGTCAAATTCAACATCCAACAAACCTCCGCGGCATGGCCTCTTAGTCTTGGCATGATGTCACGCGCTGGCCCCAGACCAAGGGTGCAACTGACTCAATCTACTCAAACAAGTGCCCGACGCCGTATAAAGCTGGCGATAGATACATGGAAGCCCCCGGCTCGCCCAACCTAGCCATCTACGTCTGGTAATTAGAACATGTGACCCATACGACACTTTCACAGTTTGAGCCCGAGCGCCGACGGCCGAGTAGTCGTCGTCCTAGCAAGGTCTCTACGAGGGACTAGATGACACTTTATGTCCTAGGAGACATTTCAGATCAAGGGTTGAACTTCACTTAACCTGAAGGTCGAATTAACGTTTCATGCTTTATCGTTGACCTTACCTACATGTTTCAACACTCTCTGGCTGATAGGTTTGCGGTGGGGTGTATCCCTACAGCTCTTGAGATGGGACTTTAACGACAATGAACCCTTATGATCACTTGAGTTACTCAGCGGTCATGTAAAAATGTGCTTGAAACCATGGCAAGCATCATGATGCGCCGCTGACGCTGAAGCTCGAAAGGCTACACACCGCATGTGAGCTTACCTCGCTTGTGGGCGGGATCCAAATCCAGCTGCTGTGCTGACGTAACGGTGGTTTTCTCCGAAAGTTCGCAAGCGGAATAGTGGCCCGTATGGGCGTTCGGGTGGAAGCCAATGCGTCCTGACCGGCCCGGCGGGACATGAACTAAGACATCGTCTATAATAAGTCAGTTGTGTACCGCCGTTAGAGGATTGTTCATAGAACACTACGGTAGAAGCGTAAGTTCTCGTAGGATTACGTCCTCACACTATTAATTGCTTTGCGGTTCTCTTAGGGCTTAATA,1316,49.16,Homo sapiens
SEQ_219834,GAATAGAGTGCTCGGTCCCGACATTAGGCACTGAGCCGTTCCTGGATGATGAGCGGAGATAGGGTAGCGGCCTTAACATAGGTGTGTGTTGGGTTCTTGCAGACGGTGTTAGAAGCGGAATGTGGTGTGGCGTCTACCGCAACTACAAGCGCCGGTGTTTCTTCTAGTAGATATATCCATAGGCCGCATCCCTTGAACTCCTGCAAGTGACTGAAGCCTAAGTCCTTTTACCCGTCTTCTCCTGACGGTCTACACCCGCCATTCGGGCGTACTCAAGTGCCAATACCGTCAATCATATAAAGCGCTCCTGGTGTTAACGCTTACGATGTGGTGTTGGACCGCACAAAGATCCACTGGTAGTGCATGCCTTAGGGAGTTCTCGTAAGGTCCGGTACCGGGGATGGTAGACCTATGTGACGGGAGACGGACCGGCTTCATCTTGTTCTTTTCCCCAATTACAATGGAATGGTGACCTTATTCCCGGCTGTTCACCTCCGCCACGCGGTCCATAAAAGTG,517,52.42,Saccharomyces cerevisiae
SEQ_271692,TCCGGTTCTAAGACAGATAGGCCGAATGATAACCCGAAAAGTGACGGCTATTCACGTGTAGAATGGGCATTCCGCGATGCGGGAGGTAATCAACGCTAAGTTATGGGCATGGGGACGATTGGGAAGCGGCTTCCACATAGTGTTGGCGTCAACGCACGAACTTCGCAGGCCCGGTCAGTCGATAATACGGTACCTGCCGCGGGCTTTAGAGCTGTTCGGTGGAGCCCTACCAATGGTTTACGTCTCAGGAGCCCACATCAGAGCGGGTAGAATGAGGTACCTATGGACTGTGGCAGTTTCATCATATTAGCGCAGGGGGACCGGAGGGCAGTTGGCTCCCTAATCAGCCTATTATATAACACCTCAGCTGACATAACGAGGCTCCTTGATGCCCGATAGTGTTACACGCCTATTTTCATTACGAGCAGGTTGTACTCTTATAAACAAATGGAAAGACATAGTCTGCATGGGCAAGCAGTGCCCCCATAACGGTACCGTTATCTGGCAAGACCCATTTCCCAGTGTGCGGTTCCTTACCACCGATCCCGCGCTGACGTGTTTAATAGGGAGCCGCGTATTGAGCAGAGGTACCAAACCTGGATGGGTATATAATCGCTTGTGTGAGCGATAACGAATTGCGCCGAATGCTGTCATTCCT,658,51.52,Drosophila melanogaster
SEQ_718980,CTTGCAGGGTGACTCTGAGCGCGCACTGTACGGCGCAATCCAAACACAGAACTAATCTAGCTGCAACCAGGAGCCTAGTTAGCGTTTTAATCCAAGGTTGGGTAGTACTCATACTGGTCGAGGTTCTATTATACACTAGCCGGTAAGCCATGGGCGGCAAGTTTTACACTATGTAACTAAATACGTCAATGCTGATGACTCAATTGCCCAAGACTGAGGCGTGCCCTCGGCCACGAGATTCATGACGGGATTCGAGGCGACCGATGGTAGTGCATTCAAAGGAGCGCCATGCACTTCCTGCGAATGATCTCTAGACGGAGAGCACCCCTAAAAATGGGAATGCGTGCCATCTGTGCCAGGGTTTCCCCCTTAGAGAGGCATAGGCATCACGCGAATTACAAAGCGTAAAAATGGTTGCTCGTCGTAGGTGTAACGGACAGAGTGAAAGAATACCTCGGTTTGAGCACAGACAAGAATTTCCGAGGCTGTCTGTGTGCAATGGGCACCATTTCAAACACCTTGAAATTTTCTGCGTTTTCCTGTCCTTTAACGTACCGCATCCTAGGGCTAAATCGTATGCATTCTTGCCCCTGTGACGTAGACCAAAGTCAAAAGCAGCGGTACTCGTACCAACCTGACTTTGGGCGCCTCGGGTCCAACTACCTTACTAGTACTCTTGGCGGTTCGTGACCCGGATTTTCTAACAAAAGGAGCTCCCTATGTCGGTCGCCAGAAGAGGGCGAACGTGTGCGACACTGCGGAACGCAGGTTGCTGTCAGCTTAACCCCTGCTGAGCCAGGAGGGCTGGGACGAATCAAGTGACTATGCATACTTTCATATAAGTTTCGCGTATCCTGTTACATAGTGGCTAGCCCAATGCATACAGTGCTAGGTACGCTCATTGAGGAGGCAATCGTAGATTCCTAGCCCCATTCTAATCACCACATCGCGGAGCGAACAACCCACTCCGGAAGCTCACCACAGAGCATCTGCTCAGTTATAGCTAGAAT,1010,50.4,Caenorhabditis elegans
SEQ_781583,ACATGCCAAACCGTCATCTCAGGTCTAGCCCCTCTAGTATGATCCGAAGGAGTGTCAGGCACATAGAACTCGTACCCGGTTTTCTTACCCTGTTGAGTATTATGATTACTTCGCATCCAAGCATCCGCGTCATAGGAGGACGTGCAAGCTGCCACGACTCCACGGAAAGCACCGCACCCACACACAAAGTTAACGCAGGCCCAGCTGTACACCCGCGCAGTTGCGAGATTGTATTGGTCGTGCGTGTAGGCTATTACTGGGTACTGCAGACAGTAGCGTTGGAGCGAATGCGGACCGTTGCTTTTGCATTAATACGTGGGGGTGTTGAGAAAGGGAACGTGTACGGGGGTGTTCCCTGCAGGAGGTGCGCGCCTGGTACTGTGGTCTGTCTGTCATAATGCGCTTGTACTGAATCCAGACTGAGAAGACTCTGTGGACGCCTTTCACTAACAAAGATTAACCGAGAATGTAGCCGCGATCCGATGTGTAACCCGGGTAAGCTTGGCATTGATTGGTGGGTGTTACCAGGCTATGTTGGGGTGGCATAACACCCAAGAATCTAAAAATCTTCGCCGTCTGCACCGCTACCGTTTCGCGCCGCTGTTAAAAGCGAGTGATGTAATGACCTTTGGCTGGCCGGTA,642,52.34,Drosophila melanogaster
SEQ_352122,TTTGGGGCATACAATTGAGCAATCGCTATCGTTCATGAAAAGTATACCGTGATCCCGAAGTCGGTGCAATCCATAAAACATATGCTGCTAGCGACCTCCACACCAGGGTGCTAAAGGTTGGGCCTACATCGCTTGAACAAACTTTAGTAGGACTGCACTGGGGCTACGCTCCCTTGTCCCCCACGATTGATCTCGCAAGATGGTGTTACCTGAGGTTATTACTGGAACTTGAGGCGAGCCGTCTACCCAACAGGCCACCGCCGGGTTCCGGGTCGGTTCGACAATGGACGAAGTGTTCCTTTGATTCACGATCTCAGAAGTCTATTAGCCCCGCTAGAATTACATTATTATCACACAACCCGGGCAGGCTACCCCACGCTCACACTTACTCTCCCCAAGGGTTCGAGTGTACGGATTATGGTGGGTACTGTTTATGATTACATGCCGGGTGGTATCCATCGTCCATGACCTCTGCCATTAAAGTTGGTTGTGACGCTGTCCTTCTATCATCTGGATATTTCTGGCGCCAATTCTGGCAAACCATCCCACAGGCCACTAGTGACTGGTTGGAACGTATTATATAGAGAGTGTCGAGATGTCTCAGCTCATCTTCCATAACTCCACGGTAAACGTTGTAG,638,49.53,Arabidopsis thaliana
SEQ_496103,GGGGGGTTTTCGCGCTGTTGTCACGTTAAAAAGCTGCACCACATCCAACACCTGAGAAGCCTGTCAGCTAGGCGGTATAACAACTCAAGAAAGTATTACAGTCGCATTCATAGATGACTCAGTCAATGCGCGCGATGGGCGTGAAATGTCTTGCACGCTGAGGGTCACCGTCGATAAGGGTCGTTTATCGGTAGTGGTGCATCATGATACGACAGGTGTTACTCACCCTCTATTTATAGCTACCCCTCTACAAGCCTTCCAAGCACCTTGTGTGGCTTGTCACCATTGAACGACGCCAACGTCAGCGAATAAACTACGCCCTATACAGTATCAACTCGCAGCACTGGGAGAACTCCGAGTCATCCACTTAGTTTTGTATCCGTCCGCAGATTCACCACCAAATTCTACGTACTACCAACGCCTGCTAAAGTACGCGTTACTTGCAGTGGACGTGGCGGGAAGGATTCCGGAGAAGAGAGCCGCTCAATTAACCACTTGATCCAGTTTACTCAGTTCATCCAACAGTCGGAGGTGTCCGGACGGCGTAGCTGCAGTGATTAATCCTGTTTTTGATACTCCCATTGGTGATACTTGCTGAAGACGCACAACTCAGACTCGGACGGCTATGGTGGATTTAACCCTTCTGAGTGCTTTGACGGATAACCGACACTCTCTATACGGGTCCCAATTACAGGTCTCATATAGCCATACTCGCCGGAAATAGTGTGATGAAATTAGATAGAATGGAACAGGGTGGCGTGACATGATCACATTCGTTTGGCGATGTTAGGGACTCTCGACAGCATTAACCCACAAGCTAGCGAGCACGGACAATATTGTAAACGAGCATTGATACCCCAGGTTGGGAGCACACGGAATACGGCCGTTCAAAGACTAACTGTCCAGCGCATTCGCAAATAGGATACGGTGGATTCCAGTAAAGTAGAATGTTTTGTGTCCGCGTACACGACGCAAAAAACACTCGAATTGTCATGGGAAAGGTGAGACGCCTAAAAGAGGGGTGAAGATTGAAGTTAGAAGGTCCGTCGATGGGAACATTACCACTGGATGATCGACCATGTGATAGACTTCTACGAATGACTAAAGGGTCCATGCGGTAGGTCTTCCCCGGACTGGAGCTGCCTATTAATCCAAACACTGATTCCTGGGGTGGATGAATAGTGGGAGAGATTTACCCACCTAACTTTAGCGACTAGCTAACTGTATCCAACACGGACTGAAAGATGTACCGCGTCGGAAAACTCCATCTGCCTGGAGGGGTCGGCTGCTCAAAGGTTGTCCTGCACCGAAGAGACGACGCAGATTGTGCTCGTAGTGTCAGGGGCTGGGCCAGCGATGGGGAGGACTTGGTGCTGTTCACTAATGTAGCCCCTTTTCACAATCTTAATTCTAGATTCAGGGACGTTGTGCAACACCGGAATATCCTTGTCGTGAAAGCTGGTGAAAGTGACGGAACGTTTCCTGCGCCTCATACAGGTAAATTGATTTCCATTAGGAGTCCTTTGCATTAGCCGGGAGTACCGCATCGCATCCTCCATACCACTAAACCGAATGAACTTAATCTTTATACGTGCGTACTTTAAAGACTTATCACTGATCATCATGTCGACGCCGGCTGCGTTAGCCGTATGATGGTTGTGCACCTGTTGAGTTGTAATTCATTCGTCGTCCCCTATTCTCGCCAAATGAGGCAGTGACGACCCAGTTGGTAAGGCCGGGAGCGGACGGCATCAGGATAGTTCATCATCGCGGTTGAGCCTCTCATCAAGTGGTACCAAAACTGTCTGCAACCGGCATCCATGTTCATCACACTGATAC,1839,49.1,Caenorhabditis elegans
SEQ_336444,GGGCAAAATCCAGATGCATCGTTGTTAAAGCTGCGGATCACCCCCCCGGACCAGAGGCTATCCGTCGATCAACCCTCACCATTATACTTCCTTAGAGCGAACTCGAGCTAGCCGCAACGATGTAACGAACTCATTCCCAGTACGCCGACTAGAACTACGCACTTACCTCTGGGCTCATTAAGACAGCTTATCACAGGCTAGGAAGGTATAGCATGCAAATAATACCTCAGAACTTAACTTCAGTACTGAGTCGGCAGAGCTTAGATATGCTTGCTTTGAAGTTGCTCTGATACTTGCAAACGACACGTGGTTTACCAACGCCTCTTAAGTTGCTTGGCGGACGGTATTCCGGGGGTCCCCCTGGGGCAAGATGAATTGAATGTGTGAAAGGTACTGTGGCTGCTGCGGTTATATAGAGAACGTATACCCGCACACCGTGGGGTGTGCCGGACCATGTGAATGTGTGG,467,50.32,Mus musculus
SEQ_185700,CCACTGTGTTTTTTCGCACAAAGCAAACCGGGCACGGAGGTCGAATAACTCCTAGTTGTGAGGATATCTCGCGGGGTGGTCACTTTACCCAAGTAGTAGAAGTATGAGACCTGCGGGGTGTAATGGGGAAGACCCAGGGGGCCACGCAAGAATTTATCAAGTTTGTCCGAGACTGGCAAGACTGGTCTTGCCGTGAATGTGCGTAATATATAGACCTTACGAACTCGATATATCTACCGGGGAACTTCGAAGATTTCCCAAGCAGGTGCCGTTTGGTGAGAGCCCCTTACCTCATGGGGGAATGCATTCATCGTAGGAGCATTGGTTAGAACGTCCGAAAGTAGGACAAGGAGCCTTTTGCATGCTACGTCACCAGGTGTAAACGCGTGCGCTTGACTGTTAACATGTAGGACTGGCTTCACAAGGCCGGTGTGAACAGTGACGAAAGACGTACACCCACGAGTGGGAAGTCCGTCGTACATTAACGAGGGCTCGTATGAGATAATCCCGCTAATCAGTCCGTGAAGTATTTGTTTGTTCACTGTCCATAAA,552,49.64,Saccharomyces cerevisiae
SEQ_116659,CTGGAGGGGACGGGGGGTTATGTCGATACGGTCTGCACAAATGGGGGTGCGAAATAAGGGGCAGGAGCATATTCCTTTCCGATTCGGTCTTTTCGTACATACGGTATGTCGCACTATATTCTTGAGCCTAATGCACTAGGCCCTCTCACTTTGAAGTATCGCTACGCTCACCTCACACTATTTTCTCGTCGCATGGGTACTGCACGAGGTTCTTCTTGCCGGCTGCTCAGCCTACCCCGGCGGCAACATCGACCGTAAAAGAAAGTTTTCAGCTCCATTCAATCTAAAAACTAAGACAGGACTTACGCTTAAAAATCTGATAACGTAGACCGCGTCTAATTCATCGCCAACAGCCTGCTTCATTTGGCGCGAGCGGTAGGCCGGATGATAAGTTGATGGTCTAGCTGGTTCTGTGTCGAATATAGTGTGAGCTGTCAAATCCCGCCTAATAGACGGAATGCCCCACGCTAACACACGTTCAAAAGCATTCCAAGGCCTGCCACTTGTGTTGAACGGCATTACGTTTTGACCTACTATCCCCACTGGTCTCTTACGCTACGAGTGTAATCATGCTCGTGGGAAGAACCTGAATCCTTGGTACGTGACGCTTGTGTCGAACGGCCCAGTTGCCAAAAGCCCGTCTCCGCGAAAGTGGTCTTTTTTGCCATCCTCGAATGTTGCGCACGTTCTATTAGTAACGGATTAAGTAATACGGAGGTCCTCGCTCCCTTGCGCTAGCAACAAAAGTATGCCTCTCTCCCGACGCCCCGCGCGCTGATGTATACTTAGATTCGTATAGCCTTGGCTTGCGGTTTCTTTCACACTTCAACCCTGAGCGCTATAGGGAGAAGTGTGCTCGAAGAAAACACCACCTGTAGGGCGAAGTACCTTAGTGGACGCTCAACTATCAACCCTCAAGTTGATACTACAAGTCTGGAGGGGACGCAGATTCTCCAACCGGGTTGGTTGTTCCTTAAGAGCCATTCATTAGGATCACGGACTCCCCACTATCATGGCCATTCGCGGTGGATCTTCAGGTAAAAAGACAAACTTAAGTACTGGGGGCGCGCTTGCGGCATCGTGTAGAGGGAACTCACGCGTCTCCAATGTTTAATTTCCCTGTTAGCCGGACCCGAGCGCCTTCCGGGGAAGATATTAGCACGGGACTGCTAGAGAGTGAAAGTCTAGAGCCGAGTCCTTCGTATGTGGTTTTTATGGAAAACTCACCCTTAGTTGGCTCGTCTACAATACGGTTCGCAGTGATGCCTAGAATCTAATTCCACTAGCTAGCTTAACCGTCTCCCAATACTCGTCATTGCGCTTCCGTAACACAAAAATGTATTCAACCCAGTTGGTCAACCGGATCTGAGTGGTTTAATGTTTCCCCGATTGCCAACCAGCATAATTACTCTTACATAAAGCTTAGCCTTTCTCTGTTATGAAATCTAGCGGACTATCACGACTCTTACCTGCAGCCCCAAAGGCCTTGCGTATCGACGCGATACAGTGTTATTACCTCCCAGCGACTGGTGCCTAACGTGAAAGTGAACATGTGCCCAGCGGGGCGGCGTTTGCTTGAGTGGTTACGTGACCCTATGATGGCCCTATTCGCTAATACTGCCGATTGATACGTCGCATAAGCCGTGGGGTAACCCCTCGATCGACCGGCGATTTATATTTGTGCGTCATCTATGCTCCCATAACTATAACCGCCAAAGACTTAGTTTTAACTGAAGCCGCATTATTCGTACCGATTCACAGCGTTCGGCACAACCTTTAGCCAGGGTTGGGGGGGTCGTGCGTACTGATCGATGTATAGGACAGATGCAGTCATTGTATAAACCTACGTTACATCTTAAACTTTCTATGAGAGGAATAAGCAAGAAAGGCGGGTAAACATGAGGTGTATAAGAAGCGCTGCCAGCTGGGACAAGAAAGTAAATTGACGTGGGCCATGGCAGGCGTCATAGGTTCAGCA,1978,49.29,Arabidopsis thaliana
SEQ_265218,TTCGCACGACGAGATACAGCATCCTCGTTCTACAAAATGAGTTGCAGGGTAAAGCACCGTAAGAGGTTTTACCACGGGACTTTTTAAAGATTCCGTCTTGATGTGGACGCCTCACAGCCCGGATGGGTCGCGGTCCACGGGACCCGTACATAGTATCGGGGCTGCCTGATTACTCCACCCTCTCGGGCTTGCCATGCGAATCTATCCTACTTATCAGAACCCATGTGCGGTGTTCGGAACGCAATACCACGGTCTAAACTTATTAGAGACAGATATTCAACAAGCTGGAGGCACTAGCCGGGCAAACAAGTCACCCCGTATCTAATAAATATCGAGTGCCGCGTACGACCAGGCGTGCCCCATATGATATAATGGAGAATTTATGAACAAGGTCGGGTGCATTCCGTTGTATGGCAGGCAAGGACTCGTGGACAGGCACTCCTGCGCCTTCTGAAACGGTTTACGAAGTTTGGCCCTGTGAGCAGGTGCCGAGTTAGTTTCAGGGTAGAAATTTCTCACCTACTTCTCGGTGCCAGTCGAACATGCGTCACGTAGACATGGCCGATGCCGATTGAGACGGTCCATACGCGGCCGTGGGTATATTCATATGAAACTTAGTTACGTGGCGCCGGTCATGAGTGTTATTCTGTAATCGAACTCACCCAGTAATGTCGCTGTCGTCCCTCGAAACCATTCGGGCCTACCGGGAACCACCCGGAGGACCGTAAGGCGTGGACCCTGCGGGTTACACTATGATGTACACAGACTCACGGGTTTCCCGGCCTTAAAGTCACGACTCAGAGCGTCAGTGTTGGGCAGTTGAGTAACTCGTCCCAGGATCTCCGGTATATCTTTCAAGTATCCTACTGGTCGGTGCCGCGCCGACCTGTAGTTAACTGACCCCGTCTTCCTGGAAGCGGAGATGTTCGCATAGACAAGGTGAACTGAGCCGACGTGTTCAGTCCTTGCCGTATTGTACGTGGCCCTGCAGTGAGGTATTGAACTGATGTGGGGAACCGTCAGTTTAGTTCATTCTTTTAAGAAGCCCCACGGAGCCCTGGGTTGATGGCTATTCTGCCACACTAGGTGCTTCTGCTATAATCATACTTAGGCGAACGGGCCCGACAGCCGTGCGTTGGATGTGGACATAGGAAGTAAGACCCGTTATCGAGGGGATATGGGAAAAAGACGTTCCCATCGCCGCCGACACCTGTTGACGTGGTTGGTCGGACGTCGTTTATAATTTCCTTCGTGGAACCCCTACAGCGGAGCAACATGACCGGGGCTAAAGTGAAACTGCCGTGCCTAGTCTCAACTCATCAAATGGATAATCCGACACATTATGTTGATGATGGAATAACATCTGCCATTGCTACGCCGAAATAGTGGTGAGGTGTCAGTGGTTTTCGGTAGTCATGAACAACCTCGAATTAGGCGAATGAGCACTCCCGTCGACCTTCTGCTCCTCTAACCGATTGAAAGGAAGCATACCACGCCTGTTAGTCACCGGTGGGGAAAAGCCGATTAGTTGTAGGGATCTCCAGGGTCTAACGCCTGCACGTCTATTAGCATTGGACACAAGACTTAAAGCTCGTTAACTGAGTTCCGGCGGATAAGGACGGCCTGTCACACGCGGAGCATTGGTGAAGTGCAATAAGGTCATTTCTGGCTGGAAGGATGCGGGTCACGATCCACTGCGAGCATTCTCGAATGGCGGCTGTCCTCTAACAACGAAGAGGCCAACCAGGCAGATTCGCTCAATATCACGGGGGTATCGACGATGGAGTACAGGCAAAGTAGTTATTAGATGGCCTTGATCATCTATGTAGGTCTCGCCCGCCGAACACGAGGGTTCGGCTCTAACATCGCGCAGCTTGAGTATTACGCAGAACGGCGCCGATGATCCTACGGATCACCTACTAAGGTCATTAGAAGTAACTCGGCCTGTGCTATGGCAGTATCAAAACGCC,1970,51.83,Homo sapiens
SEQ_832107,TTGTCCAAGAGGATAGTGTCTCACCGAAAATCTCGAGACGATTAGAGAGTAAGGTACCCGTTCAGGCAGTCACCCCCTGGTCCTCGGCAGTTGTGGTGACGAAAATAAACAGTTTAAAGCGTTAAGCAATTGTGTGAAGGCTATCCCTTCAGCGCCGGTCATACCAGTAGCCAGACACTAGTCTTGTTATTTTTTGTATCCACCTGCTCCTTGAGTCAGGCTGATGGTCTTAATCCGCGACAATGAAGTCCGAGGATGGCGGGACCCCAACTGCGCCACATGGCATCCTGCTCGATTGGTCCATCAGCTATCCAGCTCGACAGTCCAAACGAGCGAG,337,51.04,Homo sapiens
SEQ_924393,TTAAGTCCGGGACAAGGGGTCAGGGACTCCATTAGGAAGAGTGTCTCCGTACCCAATCGACGCGCGTAAGGCGGGTCCTTGAGTCTGTCTGTTGTGGGCCTTACCCTTCACTGCGGGCGCAATCGACACCGTATCTTAAGGTACAAGCGTGGCTATAGATGACTGGAGCGTTGTCCTACGTGCGCTGCGAAAGAGATCAAGAGCAAACGTAGGGGCTCTCTTGCGCATCTGAAAAGCGGCGCTGGGCCCTATGACATTAACGACGCTAATTTAACGGCTATATAAATCGGAAAAACCGCGAAAAGTGCAACGTTGACCTAGGCGAACCCCCGTCTCGTCTAAGGGGCGGCACTGTACCGGCTGCGAAGAGGTAGTCTTTCGAGCTCCAAATGTTTTACCGGAAGCTTTACTGGCTAGGCATAGGACAAGGTGCCTGATTCCTCACACTGGTACGAACGCGTTACCAAGGGCCTAGGACTCGACTGGGGGCAGCATAAGACAGTTGGGTCCATTCCCCTTGCTAACGGCATTTCGTACTCGTCGTTTGTTATGGATTACGCGTTAAGCCGATCAACACCTTCCCGGATAGAGGGAGGCTCCAACAACCCTACTGTCCGGCCGCATTCACCCACGCAATCGTGGCTCTCTCTTTAAAAATTGGCCCTCACGGGGACTTAAAGTTCAAGTAATGATCAACAGTAATTAGCCACGAGGCACCCACAATAGGAGTATGGGCAAAGCCTACCGGTAAAGTCCAACAGCCAAACGGCGGGTGAGCTGCGCGATACACGCAGTCACGTACCTCAGGCTCACTATCTATCGTACTAACGACTCCCCACTCGTTGCGTCGCACCCAAGACGACCGGACGATTAGCAATCTTAGATGTTTTAGCAGTCGAGAGGTTGCCTGAGGTCCTGTGACGCTCCGTACAAAAAGTTGCTTCGCATTTACTTCTCCATCTTTCTAGAGCGAGTTGACATGCCTGAGAAATGGGATCATATCGTTGAAGCAGCAATCCGCTGCTCTACTCCTCATGCTCGCAAAGCAGGGCTTAAGTAGAATTCAGCAGTTTGGGCTGTTTCCGTGGCTATCAGTTTCTTTTTCTTCAAAGTGGGCACCTAATTCGACCATGCGTTCCTAGGCTGCATGTCAGCGCATCCCTGTGAGCCATCAAAATAAATTGGCAGACGCCGGCCGCGGCAACGTCCCCTTACCCGGATGGCCAAGCTAAATACATAGAATTCAGGCCAAGGAGCAGATAGTACCTTACATAAGGTCAGGAAGAGCGACACTCGGTAAAAGGGGAACTCACAGGAGTTGAATCAGGGCGACCAAGGAGAGGTCCTAACGCGGCCTTCACCCCTGGACCAAGACCCATGCTACTCCGAACTGTTGAACTGGGAGCCGGTCATCTCTGTATCTAAAGGCAAAGAGAC,1437,52.19,Arabidopsis thaliana
SEQ_627382,GATCGAGGAATATGGGCTATGTCCAAGCACGCCTGGCGGAAGTTAAGTCGCAGGTTGGTCTACGCTGATCCTCGACGCGTACGGACTCAAGGCATCGCGAATTAACACATTGTTTGTGGGTGAAAACTAATGTCGGTATGGACATCGTACAATTCCGTCGACACAAGATGTTGGCACCGTTAAGACGATACTAAGTGGGCGATTCCCAGCCAACGGGTTTGCAGTAGGTGAGTCATGAAGTCAGAATTGTTCTGCTCTTTCCTTTACGACCGCCAAAATTTACGGGAGGCCAAGAAATCCACAGCGTGATCTTATTAAAGAAAGAGCGGGCAACGTCCGTAGAAAGAGGTGTTCTGGCACCGCTTTCCAACCCGTAGCTCGCGAATCTGGTTCTGACCGCCGTCGCAAGTCATCGCTTCTCCAGGGTGGGTCTTGATAGCTATGGCACAGGGGTATCCAGCCGTAGACCCAATTCACTAGGACACCATAGCGTCGCGATCGGATCTTGTCCCCATCGGTATTCATTCCCATAGTGAGGGACTTCACCCCATTACGTCATCAGGTTCTCCGTAATGCCAGTGGTAAAAGTCACTAAGGTATAGATCTCTGGGGGGCGGGGGTTCTGGGTGCTTACAAAGTACACCGCTTGGTCGTTCCGCCTAGAACTCGCGAGATCTGCTGACTTTCTACAATGTGTTACTTGTCCCCTCCCTTGGAGGATAACGAAATAATCGTCTAGCAGCTGAAATCACCACCGTCCCTTCCAGGTAAAAAAAGGCCGCCTGACCTCGTTGATGTGCATCGACCCCCAATTAAGCCTTTTGAAGAACCAACGCGAAGGCAGAAACCCCGCTTCTCCTACTGTCAAGGATTCTTTAGATCAAATCTGTTTGTAAGCAATACCACTAACACTATTAAAAAATTTTATGTCCAGGAGATTGTTCCGTCTGACATGGGAGTATACATTGTTTCAGCACGGTTCCGCTTGAAAGTAGCACTAGGTGATAAGATCTACGGCAATGAATTACG,1029,48.98,Caenorhabditis elegans
SEQ_404440,TCCTCGCCGCAACGCCACATAAGCCGAAGGGTTGAACGAGAGAGGTGTATGAGCTTGACACGAACTTGCGGTGACGGCCATTGTACCTGGGCAATACTTGGCATCCCTCGTAGTGAACCGGTCTATTTGGTTCTGCGTTCCGGTCGACTGGGACGCCGGATGGGTCACTCGGTATAGGATCTCGGCTCGGGCTTGAAAAGATAATTATGAGTAAGCATACACCGTAATACTAATGTAGCGGTTAGTGAGGTGTGCAAGAGTAACGGGCTGAAGAACTGTAACTATTCGACAGCCCACAGAAGTCTGAGGTTCATATCGCAATAGGTTTTTACCAGCGTAAATCGCTGTTTACGGGGAGGT,360,50.56,Escherichia coli
SEQ_186471,GCTGAGGGTCTCACCATTCCTCGTACTGGAGAGGAGGTAACACTAGCCCTCCCCCACTACAAGCTCCGAGTCCGCTCCCTAAACACGTGGTATCGTTAAGTGTAGAAAACGTGTGAAAGCAGGCGTAGGGCTGCTAACGATACTTAAGCGAGCCCCAGGCCGGGCTGCAGGAGCCTCGACATAATTTACGATGCGTTCGCTGGGTAATATGACCACTTAAGCTAACTGGGGAAACTACTGGGAACTGTGCGCGGACATGAGTCGGATGTCCATTCGCTGTGATTCACGCCGATTCCGTAGACTCCAGGGGACTCGATACTCCAGAAAAGTCATACGAGCTCTTCGTCTCGCAATCCGGTGCGGACCCCCATATTATCCCAGTGTAAGTGGAATTATGAAAGGGTTATCAGTTCAAACTCTCATACGATTGCCAAACCTCGTGACTCGGAGATGGGGAGATCACAACCCCTTGTTTTAGGGGCTACCACGTTTACTTGCGGGCTGCGTGGCATCTAACTTTTCATCTAGGATTAGTATAGCTACCCCGGGGTGAGTCTTTTATACCGCTGGCGATATGTTTTCGTTATCGCCAAAGGTATTCTGCGTAGCTAGTTGGACCTCATGATCACCAGGGTTAGTGGGCGAGTGGCAGGTAGTCTGTTGTTCGCATGCCGGCCTTATGTTTTGGCGACTTACAGCGCGAGTTCTATGCCTGCTGGATGCAACTACGAGGCCTATCCGTATAGAGGGATCGCAAGGTGATATAGTACATTATCATGTGTCTACTACGATGTGTAATCTAATCAATAACTACGTAGGTATCGCACTTTATTCGGGTAGGCTAGCACTTCTGATCACAGCCCTTCAGCCCCGTAGAGAACGACGGGTGCACATAACGCCCTACATGACGACATAAGAACTAGTACCAATCTTGTGAGGTGATCACCAAGTTCAATTAAACCTTTTTACCCTTAGAGTTAAAGGTACAGTCCTTGCTATGCGGTCTGATGGAGCGTGCGGTGCGCAAGCGGGAAGAAGTCCACCGGTGGTCATAGCTTACTACATGCGAACTCGAAGATGGATCGTGGCACGCGATGCGACGATTATGCGTACAACGCTAATAATTACTTGGCGCATACATCTTCATACGTCTTAAGTAATGGGAACCGTGTGTACTTTGCGGATGCGTGGCCCTTGGTGCGATGCTCGCAGGAAAGTCGCCCATTTGGGCGGACTCGAAGGAGTTGGTCCCTCCAAGGGATCTTTGGAGAATGAATTGGTCAGCGGGACAGCTTCACAACATGCTAATTAAATAGGCGGAATCATATTCACCAATAAGCTTCTAGGTTACGGCGAACCAGGAGCTCTATATCGCCCGGATATGGCGTATAGTGGTCCTGACGGGCCCATGGGGTTCTACACCGCAGAAACACGGCTTTCAAGTAACTAACAACGGCCCGGCCCGTGTACATACGATCGTTTCGCCACATGCTTGCGCCTGACAGATGGGTTTTGGCTGTTACGTCGTGAGTTACGTACACCTGCTTTGTTGGACCGTTTCGCAGATGCTTCGGAAGACATGTGTGAATCCCTTGAGAGTCTCATACTTGGGTCATTCCCGGTAGAGGGGCTGCAACATACTCTCAGTTCTGCACACTAAAACCACCCGCCAGTTCTAGCGATGTCAAGCAGGACGCTGTTTGTGCTGCGAGTCCCTACCCAAAAGGATATACGCAGCGTGTTAACTCACCCAAAATCCGTCCGCCGGCAGCCCATCTCCTTGGCCAGAACCCGTACATTATTTGCTACCATACCCACACCCCTTCTACCGGTTGGTTTTCGCGAACGCGGGGAATAGCCGAGACTTGAGGCGTGCGTCGGTATCGGCACGCGT,1894,51.16,Escherichia coli
SEQ_774449,AAACAAAGGGATGATAATGAACAGAGCAGGTGTCGTAGTATGGACGCTCTACGAGGGATTAAGAATTAGATCTCTTGACATTATTACTATTCGTTCCAGGTACCTCGCGCGTGTATTGGATGGGAGGTTGTCCTACTGGTGGCCTTCTCGTTTGTATGTCAGATTATAACACTCAGATGTGACCCGTGAATTCCCAGTCCCTTTCCAATTGGCAGCACTACCAGACGTTCGCCACCTCTCATCGTATTTGCGACTGGCATCAGTACTGGCCCATACCCTAAAGTCATATGGCCCGTCCACCTGGAACGAATATAGCTACCAGGTAGAAATATGACGAGCTGTTGAACTGTATCTTCCACCCATTGCGCTAGCAGGCGTTCTAAGATTGTTCCCCTCGTCACATGCTATATCGCTTGACGTACATCGATTCTCTCAATCTCAGACAGCATGATGAATAATATTGATACGAAGTACCGCGGCACCAAGTGTCGTTGTTTTGGTTTTGCCGAAGGCAGTTGGCGGACTCCCATATACGTGTAAGCTTAACTACTAAAAGTTTGGCTCTATCGGCTCTCAAAGGCGCGGAGTGTAAGGGTTTACCCGAACCTGATAGGATTGTAACGAACAGGTAGTTGAGGCAACTGGGAGTGGGCCGCGTCGCCTAATGGAAATAACGAATTACACCTAGCACAGAGATTAAGTGAAGAGGTCGCCTGGCTTTGGACGCTTTGTGCGCGCTTCTAGCCAGCTATCTCGTATCAGCCTACTCCCAAAAGTGTCCTTGTCCACTTCACGCGGCCAAAATCGCGTCCACTGTGGCGACCACGGCGCTCCGATCACCGAGAACTCGGCACCAAACGACATATAACAGCTCGTCAAGGGGCCTGGCCTTCCGCCTGGTTGGTATTTTCGGGGGTTGTTGCACGCGCAGGATTCACAGATTCACGGCCTCTGAAGTAGGATTTACGAGTTTGTCGCACCTTGAGCGTAACACGTTCTGTGATAGATTCTTTAACGACTCGCGTCGCCCATGTGTTATGACAGGATGGGCGTCATGATGTCCGTGAGCTCCCACCGACACCGTTCCTTATGGATATTGAAACTCGAGCACCCCAGGAGAGTGACGTCTCCCGTTTCTTCTTGTCGAACAACCAGTTGAAGATTATCCAGAAATCAGATCTCCGTAGACATTGGTTGTGATCCCGGCGAACGTGGCTTGCATATGGCGATTCTAGCTCTGGTTTGT,1246,49.68,Mus musculus
SEQ_146758,AGTGCCGCGCCCTGAGGGTAGACAATAAAGCACGCTATTTTCTATTCACGGGAGACTACCATCTATTACACTAAGCAATGCAGTCAACGATAATGTGAATTGCGAGTGGTGGTCATGCCAAGTTCAGGTAGAGGCACTGCGGTCCGAGGCCTTTCTTTTAGAACACCTTTTAGTTGTCGATTGCAAAGCGTACCGGTTGTAACCTTTTCCGTTATGGTCCAGGGACTTGTTTAACGCTGGTACCGACATCAATCCTTGGTGCGTTGAAAGCGACGAGGAGGACGGGGAAGAGGGGACCATACTATGCGGAAGGCACATACAGACCCCAGCTACTATGGTTATAAGGGTACTCGCTTCTCTTCAATACGCGATCGATATTCGAGATTTGGCTGTCAGAATTAACCTAGGTGCCTGTAGCAACACGCCAACTCTTGTATCTTATTAATAAAATTGTCAGCGTGGATTACTCAGATCGCCCGCGATTCCTTGGCCGTCAGCGGACAGCTGTCGAACTTACGCTTTTCATGCATCCTAAGGGTGTGGTCCCCACGGTCGGCACTGCGGTGCTGTGGTGTACCTCCGGCCTGACAGCCGGGGACATTGTTGGGCCTTCCAATCTCTATACTCTACAGCTCTACACTCCAAAGGGCTAGTAACTGGTAATCTCTCCGAGAATTTGGCTTCTTCAGCAAAAAGTGCACCTCTGTTGAAAACATAGGAGGAAAAAGTTGACATCCTGCCCGGCGCAGAACGGCCCGGGATACAATGACCAGTAAAGTCCATACTTGGTCCATAAGAAAGAACACAATGGCACTGTCAAAGGACCCTTTTGACTCCAATGACTTTTAAGCCGAGGCTGACGATACAACGTCTGAAGTTAGGTCGTAGCGTTTTTTCCGGAATATGAGAAAACTAATACAAGGGGGCTTCGAAATCAATGGACGGCAGCCAGCATTAAGTACTTGGTGTGGTTACGGGAGTAGAACTGGGTTATTGCCCAAACTAATTTCGGCGGGAGTTACGGGCAGGACAGTCGATTACTCCCGACGACGTCCTAAGATGTCCGGCTGCCATAACGTTGGTTAAATGCCATGATTGATTTAGCCTTAGTGTTTTATCTTCCGTCTTCTGGAGTCCATAGCACCAGGAGAGGCTTAATTAATCTACATGACTTAGAATCATCCGGGAGTAAGTATGCATTTGGCAAACTGCCTTCTGGGGTCACGAGGTTCAGGCGAGAGCATAGTCGCCCACTCTTTCGGCCGAGAGAAGCTTTCATGTGACGAT,1287,48.64,Escherichia coli
SEQ_608817,CATGCGACGTATCATTACAGAATGATCGGGAACTCGCCCAACTAAGTCTAAGAGGTATTGAGTTTTGATGCCGCGCCTCAGCGTCATTGGGTGCCCACCAGGATTAGAGGCGACGTACCAATCCAAGTACGTTACTAGACTAGCAGCTGAGGCGCAGATATCAGTAACGGTAAATAGTTAGAAGAATTGAGAGCCTGCGTGCGTTTATCCCTATGCGAGAGATCCAATCGACTGAGAGACCATCCGAGTCCACGACTCGTCAAGGCCTGGGCGCTATGGTGACCGCACGTAGTAACGAGTCGCTTGAGTACCACCCTCATTTTGACACATCCAGAATATTCTCTTAACACAAAGGGACTTAGTAACGTAGTATTGTATTAAGTACGCGTCTGATGTGAACTTATTGGTGCTCCGGCAATTTGTGTACTCATACCTGCAGCGCGGTAGATTCGAGCACGGGGTCTCGCATAAGCTTGTAATAATTTTGAACCTCGCTGTAGTCTTTGTATCTACGAGACGAATTTAAAAGCACGGTAGCATGAATAGCTGCCTACATTAGTTAGGCATACTTGAGCACAAGAAGCTATGCGTCCTCATGTGATTAGTGTACTAAGATGCACGTAGTAAACTTCTTACCCTTGATGTCCCCATGCCCTATTGAATTGTAGTGAACTCTTATAGTACGCGATCGTGACGAAGCAGAAAACCGTAAATCGCCGTTCGGCGCTGAAAGCCCGTCATGACCCCCATGGCACAGGGCCGCGCCCCCTAACGCTAAACTAAACCGATAGTAGGTGTTCCGGTAGGAACTGATCCAATGGGAGATGGGCGTACATTCCGTGAGCGCCATGGCTCCAGACTGGTGTAGAAGGGGTACCAATCTTTGGCGATGACCAGCGCGTCCCCTTTAATGTACGGCGAAGGAGGACTAATCACTGATAGAATGGAGTCCATGAGGACTTAATACCAGACTAGATGGTAGTCTTCGTACGGGCTAGAGTGTGCACAGGCTGAGCATATGACCCAGGCGGCTGATATACTTTTTTGAGCTCCCACCATCTGTAACATAATTGCAGAGCGAACGAAGGAGCAAAGAGAGGGACCCCTAATTAAAAGACTCACCACTGTCCCCGTACCCCATCTTCTCAGTGCGGAAGGCTGGTCCAGTCATCAGGTCACACGGCGAAAATCGAGCACTCATGTAGTGATAGAGGGAGCGGAAGGCTAATTTAGCCTTTCGAGAGTTGGGCTAGGTGAAATGGTGACCTGTAGAGGTTGACATTATATGTGAAACGTTGGCTCCCTTGTTAGGAGACTGGGCGGCCTACGCATGTTACTCCGGCATTATAATGCATACGTAGTATCTCAGGGACGACATAAAGGCTGCGCGGTACCCTCCCTAGCTGACGTTTGGTGTGGTGCTCCTTGTGCACCAGATGCTTTGAGACAGATCGTCGGCTTCCTTGCATTTAGCAACCGCGGACTTGGTCGCTCGCTCGACCTCAGTCCCTCCTCGGCGACTTAGCTCCCCCGAGCCTGAGAGCGAGGGTATAAGGTCCCCTTTGCCGAGCTTT,1574,50.19,Drosophila melanogaster
SEQ_639072,CAGGATTCCAAGTATCAAGCACCGAGAAGGTCGCTTAATGTTCGAATTGGTTCATGTCTCTAAATCCCGGGCCTTAAGTGTTTGTTAACAGCGCACCAGCAAGTAAGGATTCTGCGTATGAAAGCATGACGATACAACCTACCCGAGGGAGACGAAATAGCTGTAGGAAGCAGCCACGAGCCGGACCCTTCTCTCTCTCCGACTTCTTCGTTTAGGGCCATATCCACCTCAATTCGATGATAATTCGGATACGGCCATTAAGGCTGACGCACGCAAACCCGTCCCCTCCAAAAGAATATACACAAAGTACGGTTTTATATACAAAAAAAGGATCAGCCTCTCCCGACTGATGGCTTGTAAAGAGTACAATGGGAAGTCTGGGCTAGATCGTGCAAGACCAACGTAATGTGTGGGAGCCCCGAGCTCTACGTCGCCTATTTCCGATATGTCGCGTTGAATTGAGAGAAATCGAATGTTGTAATGAAACATGTTGGTAAGGGACTCGGCCCGGTAAGATGTCGGAGTCTGTCATCGTTAGGTTTCCTTCGAGTTTTAAAAGATTGGCTTCTGTTCACAGTTTGGGAGTACAATGCAATCGGCCCCACGGATTAGGGTCAAAGTAAGAATCAGCGGTTGACGATGTACTTGGCTTTAGCCAGTTGCTATATGGCCAATCGATGGATGCTAAGTATGACTGCCCATGGAGATCCAATCGATTTCAGACGTAGCTTCGTAACTAGACTATTGAGCGGATGCGACGTCCATTATTCGCGCCGGGCCGATCTTCGATCATGCTAACCCCTACCTTCCGAGAATTACCAGATTGCCGTTTGAATAGAACGTTCTGAATAAACTCGCCTTTCGAGTTGTTGAGCAACCAATTGTTCGTTGCGCAGATGGGTCTGAACCCTCTCCAGGAGGGGAGCGTAGCTACCTTGGTATACACGTATAGCCTGTTCGAATCCGGTTGGGCGCCTCTTACCGGATGCTCCTTCTGACCTGTTCATTGCCACCAGGTCGCGCTCTAAGTGCAGTTTTTAATCTCTTCGATGACCCATCAATTGAATAGAGCCGCCCCCTTCATTACTAGGAGTGGTCG,1099,48.32,Caenorhabditis elegans
SEQ_508424,CGCTTCCAAGCCCATGAGCAACTACTGTATTGGAAAATAGGCCTAAACCGGAATTATCGAAGTCTAACTTTTAGATGCTTAACAGTGCCGTGTGTAGCTAGCGTTTTCGTTTTTCTGCGTCCGTTCCGGAATCTTAGACATCCGTTGATGGTTTGCCGCTCTCGCGGCGCGTCCTGATCTTAAAAGTGGACACGTACTAACTTGGCGACCAACTAGGTGTAAAAATCTTCTCGGCTTCGCCTGCCAATATCTTAGATTGACACCCTGTACCAGCTCGATCAGCGGAGCGGTAATTCGTGGCCCGTTAGGGCTTACCGACGTTGTATCGTGACATTTACCGACTGGGAGGACAGATGTTCTATAAAGCTATTAGACTTTCCAAGATGTTTTCCTCGACCCCGACAGTTGAGCTAATCCAACGTGCGCCAGTCACCCCATGTTGTATTATGGACGCGGTACGAGCAAAACCATATCTTAAGAGTGCGCATTGCCTCTCCTCCCTAATCAATTCCGCCATCCGCCAGTCTCCCAATTAGGATCTGATCCTGAACCATCTCCTGAAGATTTGTAAACAATACTGAGTTCTTACCGGCGCGCTGTGTTGCAAGCGGTTCGTTGTATCTAATGTGCCCGACATTGGAAGGCAGACCCGATCAGGGCATATCTTTAAGTAGCTATGAATAACGAGGGGAGTGGAGCTACCGACCGGAGGTAATAAGGATATGGCAACTTTTTCGCCACCAGCATGATATCCGCCGAGGTTGCCAAATGAACATTCGGCTGAACGGGTAAAATACCTTGGCATTTTGGGATGCAGGGCAGCGCCATGAGTGTATCATTTAGACTTCGACTAGTTTACATTAGGCTTAGACGGTGGCATCGAAATGGGGCACTGCTCTTTGTAATCGCGACCGAATGGATTTGCCCTACCAGATTGCAGATACCTGTTCCGTTAAGAATGACTTGTTATACCAACATCCCTGAAGCTCTAAAGAACCTGACCGATTTGGGTAACTGGGCTCTAGAAATAGGTGAAACCGGAGTTACAGGGTCCTGGACCTACACTTTCTAAGTATTTATCCGACGTGCTTAGGTTACTAGGTCGAATCGTCATACGCGGTCATCGCCGTATCTACGCTCCGCCCGATCGACTTCCCTAACCACTGCAGTATAATATGGGTCGAATCACGAGCGGATAGCGGTATTAAGCAACCCTCTATTCTTTAAGTGAGTGAATCCCAGATACTACCTAGTGTGGACATGCACTGGCAGCGGTAGCCGTTAGGCGGTAAGAACTAGTCAAACCGTCGCAATTAATCTCCACAATACCTGCAAAAGAGAGATAGGCAGGAGTTAATCCGGGAAAGCGTAGGTGAGTCCATTATTGGCCCCACTATCGTTCGCGTTATAAGAAGTCAGTAGTGCCCGTGTTTCGACACGTGCTTGCTTGTGGACGTCCTAAGCAGAAGCAGTAACTTAACTCCCAAAGCGGTCACTTAATGTAAAACACTTTGGATGCACTAAAACATAACGACTCCCATGCCAGTAGTATCGATGAATTAATTGGCCGTATGATGAGTCGTGCAGATGTCAGTGATCCGCCCCCTACATCTCTTCCGGCCATCGATCCAGACAGAGGTCAGGGGACCTAAACGACCTCAGAACTCGAGCACGCCAGGCTTACTGGAAGCCGTGAGGATAACCGCTTAAGACATGCTATTGAGGCGACCAATCTTGAGTGGTCGGTTTCGGGCAGAGTGTCCAGCATACGAGCCTGACTTGCAACACAATCTAGAGTGCTCGAAGTGC,1809,48.59,Homo sapiens
SEQ_380170,TTCCTCCACCCCCATGAGCGATCCGATCCCATAAGGGCGTTCAGTGCACCACTAATACCCGCAGGCGATTGGTTGTCGAGGTGTTTGGGAGCTCACTGTAGATGTAAACTACCTACATGTTCAATGCGCCTGTCTTAGTTACCGAACTGTCGCGGTTCGCTCTCATCCCGGTAGCTTACTCTGGCATTGTGTGTAATAAAAGGTGGACCGGTGGTCTCTCTCGTCCAGGTCGTCCATTAGTGCTGAAGGCCACCGCGCTACGGGGGTGACCGGCTCGGTTATCTCACCGGAAAAAACCAGGCCCCGCCGGGCTCATGCTCGGACGGTATGTGACACGAGGCGCATGCACCGCCAACCGACTCGGTTAGTTGCTGTGCGCTCGTGTCCTGGCGTATGCCAGCATACGTCGCCATGTAGAGGGCGACGTAGTTAATTGAATTCGCAAGCCACAAGGTAACCACTTTGGGACTGGATGATTCCACTGCTGTCCAACCGAGGCGGTTAACGGATGGCAGCGACTTTTGGCCAACAGTCATTAGATTAGAAAATAAGCACATGACGTCATCATAACTTAGCTAATGCATAAATGGTTAGGATTCATAGCGAGCATACAGCCTCTGACACTGGTACCCCGAACGGCGTGTTGTCCAAGGGTACGCCGCCAACCGACATATCGTTTATATAGGTATGCTTGGATGAATACCGGACGCTGACACAGGACCACCAGCGCACTCTAACACCAGGAGAACCGGACGAGGAACATGACCTATATGTCTTAGACATCGATGCAGTCGACGAGAATTTGCAATCCGCTCTTCCGGGAAACACACTCACGCTACATTCCCCAGATTTTGATACGTGCTGTAATAAAGTAAAAAACAGGCTGCATGTTCTAGAATTTAGTATCGTTATGTCGCTGAGCGTCAATGACCACCCCGGACCGTCGAGACGATATTTGCTGGACTAAGTTTTGTTATATATATTCCCCTTTGGGAATTCACAGTTTTTCGCGCTAACTCTTCCCCGTTAATGACACACAGTTGCAGCTAAATTGTCA,1057,50.61,Caenorhabditis elegans
SEQ_817432,CGCTCCTGGAGTGTTTCGATAGCCGTGGTATCCTTCCCTAAGTTCGTTCTAGTCGCTTGATTAAAGGCCCCCTAGATAAAGAAGCCGGCTATCAATTGACCTTGTTGAAGTAAGAACGGAAAAAAAATTACTCGAGACAGTGTAGATCAATCACAGCCCCGTATGGCCCGGGTGCTATCCGCGACAATCATCGGGTCAAAATGGTCATACAGACCCCGATACAAATCAGACGATAGACGAATGGTTACTAATCTGTTTAATATTCTGTTATCGGAAGACGGCTTTGCTTCTGCTTAATATAGGAGCTCGTACGAATGGATCTACCTCAATTAAACGTACAGACTTCAGTCCTTAAAAGCCAACAATCATTTGGTGTTGCCGTCCTCAAAGATACGTTATAGGTCACACACGGAAGTGTTACACTCGACCCATCGGGGTTACAGTCCAAAATATGATCCACCGATAGGCTGGTAGTCACAGGCTCGTAGTGCAAAGCTCAGGCGCACTTCCTGAAGACGGTAGATCAAAAGCGGGATATCACTTGGCGCGGAATACAAACCGCGCTACGACTAATATATACAACAACCGCCTAAGGCACTTGCAACCCCCGTATCCAGACTCCTCTGGGAGTCGAGAGGCTAAGAGAGGATATTCACCCGTCCTGTACTCGCTATCAGAGAATGTAAGCAATTTTTCGTCAGTTAAACTCGTGCTTGTCTGAACGCTCCTTAACTAGTTAGAAAAAGGCGTTGCCCCGAACAATGAATCGACTACGAAACCAGCCTATTTGACCTGCGTAATAAGGCGTTGCCGCCGTCGTTATATCAAAATGGACCTGAAGGGTCGGAGATACAAGGTCCTTGCATATGACTCTATATCTATGTACTCGTTATTCGTCGCCGCTAACGAGGTCTTGCTATGAAGTGGGCCAATCATAGACTTCAAACATTCCTAGAATCTGCTGAACCTCTCCCCATACGCTCTTTTCGCTCGTGACCTGGTCTGGGTGAATTAAAAACAAGACCGGTCGAGATGAGGCTGTTTAGAACTGCTGCAACGATAACGCACATTGCGCGATAAGGCGATTCCCTCGTCTCTTTTGCATGCGCCGAAGAGCCTGTAAAGATGCCGGAACCCAAAGTCTTAAACAGAATTTATATACGCCGACCCAGTATCATATGACCCGGCTCTAGGGCCTCATACCGCAAGAACGAAGGAACAGTGCATTATACTATTTGGCAGCCCGACAGGTTGTGCAAGTCAAATAGCTATTCCAAGTATATAAGAATCACTCGGGGGTAGGGCTTCGATCCTGTACTTATAGTAATTTGCTTAGGAAATCCCACAGACTCTTTTAACTTCGCGTACGAGACGTAGCGCTTCTCCCCAATCCACTATTTATGCTGCAACTTACCCGGATCCCCCCACAACTGTACATTTGTCCAATTACGTGCGATCAAATTCACATATTATAGGTGCCGTCCCCTCTATCAGAGGTGGAAGTACCCCTCAATTAGTATCAGATG,1526,46.53,Escherichia coli
SEQ_157893,TCGACGTAGTCTCGATGACGGTCGCGCCGCTCTGGCCCCGGAGTACAAATACGGCCAAGACGCTCGTGGCAGTATCTCGTTCCGTGCACTATAAGATTGTTTGTAAGACGTCGTTGGTGTTCGCCCCTCTTCGTGAGACTATTAATACCAGATAACTGCTTGGGATCGGGCCAGTGAGCAGCATAGCAATGATTTGCAGCGCTAGATGCATGGATGAATCCAAGGGGAGTCCGCCACGGGTGTAAGGTACGGGAAGCAACAAGCCAGTTGTCCCACTGAACCATCTGAGCAGAAGATTCTGTATTTGGCTCGTCGAATTGCCTCAGCTCAAATGCAGGGGACTACAGCTGACACCGTAGGTAAGTCGTTCAGGCGCGCTATCGCCATGAGGCCTACCCTTTAAATCTACGTACGTGTGTCAATTTTCAGCCAGTGAGGTAATTGGTTTATTTAGAGTAGGGCCCACATTGGGAAGGTTGCTCTTCGCGAAAGTCAGGGGTCCCTCCGAAGAAGTGCAAGTAGAATTTACCCCATTTTCCACAGCCATGGTGGGCTAAATTAAGGTCAACTAGCTAGCACCAGGAACCTACTTACAGATAGGGGGTATTGTTCTTCCATATTCTCAATCGATTACGAAGTCCATCTTTATCGCAACTCCCGTTTCAGCAGCCGAAAAGCGTTGGGCTGCGTCGTGTAAGAATTCTCGACCATGACACGATAACGCTCTCACCCACGGGGTTGACGCTATTTCTTCCCCTACGTCCTATGAAGTTATGCATTCACCTCCCCATTCTTGGTCAAGGTTGAAAGAGTTTTCTACCTCAGAAGCGGGATAGACGCTGTCTCCAAATTTGACGAGCGGTTCAGCGAGCGTGGATCCCTCGTGTGAAAAGTCTTTCAAAGAATCCAGCGCCGCAATTACTTCCCTGGAGCTAACCACCATCACT,947,50.16,Mus musculus
SEQ_319881,ATTGTTTTGTTCGTATAAGAGTTCTGGACATAGCCCCCATTCCGCGCTCCCTCGTGTCTCATCCATTTTAAATAACTTATCACTCTAGTCTGAAGTTAGGGGTATAATCGGAATTAAAAAAGATAATTATACCTTACGGTTATTGATTAGAGGCCTATGCACACCCCGAATCCGGCAGTGCGGTGCACGAATGTACCGCCCAAAACTACTCGGCCCGAGAATGTGCATACAGACTAGACGTCAGCAACCTAACCGTTACACCGAGAGTAAGCCTATTTGTCCTTTGTCTCTCTTTCTACCTCGCGCGGTTTTCTGCTCCGTATTAATTATTTGAGCGGAAATCTCGACCACTAAGATACACGTAGCGCCAGACCCTTAAGCATGGAGCTGTAGGATCTACGTGCCGCCTGGTAAAAATAGGCTAGGTGCCCACAAAATCATGTGGTGGGTGAGCCGAGATTCACCTCTAGGTTCATGACGCTCAATCGCGTGACGAAGGGTTCGTGATTGCGATGTGGACGACCGATGACGGTATTCCCACGCAAAAAAACCGCTGTTCCCGATCTGTCGTGCCATGACTGTATTGAAGCAGCGGGGACTGGGTCCTGTGGTGTCGGTGATGCTTGCTTCCCTTGAATTTCTAGAAACAATGTGCCCCCATCTGTGCTCCCGAGAGTTGCGAACCAGCCCGCTTTCTCTCTAGCATATGCCGAAGTAAACGCCGGCAAGACAATAAACTGAGTTTGACAGTAAAGAGGCTAACTGCTGATGGCTATATTGGTCTACATATGTAATTGGCCTGCGTGTGCGGCATGTAGGTGCGCGAAATCCTTCATAGAGGTTGGATGCTACAGGTACAACAAACGGTTATAAAAATATGTCTGGATTTTGTTGCGTTTTTTCGGATAAAAATTGTTTTCCTGGTGGATAAATTCGTCCTACATTATCATTCGTGTGTCATTCAAGCCGAGACTGGTGACGAGCTAACGGAAGGCGACCACTACGTTTGGAGTTGTCCTTGTTCTTCGGAGATTGGGTGGACTACGCAATAGTGGGAGTTATTCCGGACAGCACATCAACTACCGCTTGGCCCACGCAAGCTCCGTAATTCTAGTTGGGGCGACTCTTAAGAACCTTAATTCTGCATTACCGGGGAAGAAAACCCAACACCTGCAGGCGGTAAAGACTTTGCGGCCATAGCTTTACTAAATGGAACGGCCCATGCCAATAACTATT,1236,47.57,Escherichia coli
SEQ_971744,CATGATCTTGAAACGATCGGAATATTCACAAAACATAAAAAACTTCATGACCTAGGGGGGTCATTAGTGGCCCGTCTTCTAGGCCTGGGCCGCACAAGTAACCTTTACTGATTATCGTAGCCTCCTTCTCCATCTCAGCCTCTCAGGACTAGGGTAGTCGGAAGACGCGCAAGGCGAGGTCACGGCGCAGAAGTTCGTCGATAACTCAATACGTCCGGATAACGTGCTCTCCATTATTGGCTAACACTGATCGAATGAAAATCGCTAATGAGACCTGACGCTTACTGGAACAGTCTGACCTGACGTAAACCTCTTTCGCATTTGCATTCGCCGCCTACGATCATGTTGATCAGATGATAATATATCCGGTCACTGGAGTCACCCTCTGGCGCTGCACCCAAACACCCGTAAGTGTCGCCGCACCCTGGCTCCTGATCGCATTGACTGTAATTCGTCAGAGTCCATACTACGAGAGCGAATGAATTCTAGAACCTTGCCGCGTAGTTTGCATGTCGCGACCCTAAAGGCGTGTGTTGATAACGATATTGGTCTTTCGTTGTCCAGATGAAGAGCACGTGTCCAGGTTACCCCCGTTGCAACCAGAAACAGCGACTACGCTCCCGTGCCCACGCATTCAGAGTACCGGCGTAAGTAAGCCGGCACTTTCGATACAGAAGGACTAAACTCTGGATATAGCCTCCCTTAATGCTCCGAGCCCTTACTTCGACTCAAGCAAGGTAACGAGCTTTCCAGAACGTTAACTCTACCGGAATTAAGCTTGACGTTCCGTAGCAGCTCGGGAACATCGTAGTATCACAAGTGCATGATTAGTTAAACCCTCCCGTAATAATGCACTTAATTTGGACCTGTGAGACATGTCGTATCTTTACCTTCAACTCCGTCCACAGAGATTATAGTGTGCACCGCCATCAGTGGTCGCGTGCTCCACATGACGTCTAAAAATTAAGTTGCAATGCGCAACTTCGCTTAAGTTCTTGCAGCACTGGTTCTTAATCAAGGGGTCCGACGTCTAAAATCTTTGTGCCCATACCGTGGATCTTGCGCAGCAACTAAGCTTCACATAGGGTCTGGGCATGGGGAGTCTTAGTCTTGTAGTCGGAAAAGCCTGGCACTGGAGAGACTCACATGTCAACTGTGGGGTAGTTTGCACCTCGTCCGCGAGCTGCTCTGGGCAACTAACATCTATGAATAAGAGGGACCTACATGCGCACTGCCCTTCATTCCATTCACACATCCTAACTATGCGGTATGCGCAGGCGAGTCAAAGCATGCCACAGGGGAGCTCCCACCATCTTTCGGCACTTCACGTGGAAGTACGGACCGAAACCTTAGTCACGCCAACAGGCCAGAAAAAGGTATGACTCCGTGCACCGCTCTACAGGCGGGTCATCGTGATAGATCTATGTCCGGGGTCATAATCAGCTAACTGCTAACATACTGATAAAGACTTACTACAACAGCCGGCAGCCGTAGTGTGTCTATACTGTCAACGACAGAGTGGACGCCGACACAGACTTTTACACGCTGGCGCGGGAGGTCTGCAAACCTAGACTTGGACCATATTGGAACAGCGGTGCATAAAACGCCATGCCTGCACTGTCGGATGATGTACATGTAGGGAGAATAGTTCCACACTACCTCTATCTAGAACCCTGGAGGCGGCATAAAGACAGT,1695,49.91,Escherichia coli
SEQ_576224,TCAAGAAGGCTGAAAAGAAACCACCACATGTACGCTGTTGACGGTACGACTACATCCGGACCAATGAGGCAGTACCCTAGAACCTGATTCCCAGTAGTTGGGTGCCGGAACGTGTTTCCTCTATCGGAACCTTGATTATACTGAGGTGCCACCAGAAAATCAGACTGCATTGAAGGCCGGTGGGTAGGCATCTAGAGATCCCTGTCGTATCAGGTCAGACAGCCTAGTGTTCAGCGGTCATATGTCTGCTCCGATCTCATATACCCTTCGACAACGGAGTGCTAAAGGGTTTCTGCGGCGGCGGCTCGTTTATCTATATAACTTTCTAGTGCTAACGTATTGCACAAGAAGCCTTTTCCCGACGTCCCGTTCTCCGGCAATGCCAAGCAGGTCCTCATAAGGATGCCCTAGCTGGAAATTAATGTCCACATGGAAACCTCTGCTGAGAAAGAAATTCCTTTTCGGTTTATATGCGGTGACACCGCTCCGATAGGCACGGTAACGTCGTAGCCCGTTCTTCTGGTCGAGATACCGACGGACAGTAGCCCTAACCTAAGCAATCTACGACGGAGCTTATACAAAAGACAAGCAAAGAATCCAAGTCCATTTCACTTGCCCAACAATAAGAGCATGGTTTACTGACAGCACTATAACCTTCTTGAGCTGCAGTAAAACCCTATCGCTGTGTATACGGCCTGCCGCGTCGAGGGCCTTTGGACCGCCTTTCAGGGACCTCTAGTCCATTCGGTAGGTCCGACATGCAGTATCGAGCGGACGACACACTCAAGAAGCTTGGGTGTATAGGCGTTAACAACTACGATTCGGCACTGAACAATATAGTGGATAACAGCGCCTGACTCTTAAGAAGTTAGCATCTGTTCTCTTTCGTCAGGAAACAAAATACCTCTGTAGACCATGGAATGGGAAGTCCTAATCAGAGCAGTGGTCGTCGACTGGATTTCTAAGCCGGTTAAAGCTAATTCCAGCAGGGGTCACAGTATAAGAGAGGCCCGTATATCGCCTTAGCACCTTCAAACTGCTCGGAGTATACTTCGCCAGAATATGCCGGCTTGATACCGGGAACGTGTGGAAAATCCTACACGGAAGGACCGTGGGTAAAATTCCCGCACACCATGTGAGTTACAGCACTAAGGGTCGGGTCGACAAAGGGGTAGAGTCGAGCTGTTTAATCCAATCACAATGTATACTCGGCAAGGGACAGTGCCCCGCTCGGGTTGACTCGAAGGCCTTGGTAATTGTCTCCCTCCCAAAGAGTACAGTGTCGGTCAACAGCAATAACGGTGTCCTATCCGACCCCAATCGCGTGCCTCCACGTCCCTGACTGGTTCCGACCGAGACCATCTAACATTCACGTTTCTCTGGCCACACTTTCCTACAATTCTTGGGTTTACTCTTTCTTATGTGAAGAAGGAACGGACCACCTTCTCAGCGCGAGAGGACTCCCCTCTCTAAAGGTGGGTGTCTTCATAGACGAACTATGCCGATCGAGTTGAAACCCTCCTCAGCATTGCTCTTGCTAGCCCTCTCTTCGGGCATTCATTCCGGAAGACTAGTCAAGGGACCATGATACAGCTATGGGCCGAAGTAAGGCACGATAATGAAGTGCTTCACCAGGAATACGCGTTTGGCACTCT,1655,49.97,Saccharomyces cerevisiae
SEQ_665800,GTGTTTAGCTCTAGGTCGTTATTACCGATAGTAGTAATAATCTGATCCCCCTACTCGTCGTGAAAACGGAGTGATCCCTTGTGTCCAGTTGTAGATCCGGACGCAGTATATGCTTCATGCATCTGCTGTCACCAGGCGTCGTTAAAGAGT,150,46.67,Arabidopsis thaliana
SEQ_226753,GACTTTCAGGCGTCGGTTGATTATGACAGTCATCACCGGTATTTACAGCATCGTCTAACTAGTTATTTTACCCCCCCCTCTCCAAAATGTCGCAACTGTCGCCCGAGTTCATACTGTGACATCAATCGAGCTCAAAGCTCTAATCCAATCATTCCGGAGCCCATGAACGTCAAAGTGGGACGCGTTCGATTAGCAGACATAGGCTGTTTGGCCTGCCATTTAGATGACGGGCACGCAGCCATTTCCAACGTATATAAGCATGCACCGGTGTTCTGCGTTGTATAGTGTAGGGCCGCTAGGCGTCTACTCTTAGGCATCCGCGCGACCGGCCCCTCCGTCTAAATCCTCACTATTCGTGACAGTTGACTATGTCCGCATAAGTTGGAACCATATCATGCACTGTCTGCATCACCTCTCGACAGCCGGCGCTCGGCCTGTCAAGTTAAATAGTACCACAGGTTATTAGCCGTGGCTTTGGACTTTTATGAGCTGGATATGTTCGTGCGTAGACGTTCAGTACGTAGGGAAGGGTGGGCAGAGTTACGCCGGGATAGTTGTAATAAGTAGGCAGTCAGTAACAAATTCGTTGGAGACAGTAGTAACCACATGTCAGTTGTGTGGTGAATGATAGCCTAATCGTGTGAATCCCCAGGAAGGAGACGCTATATTCCTAGGTTTACTCGAAATCGGCTTTACAGCACATCTTGTGCACGCAAACCCGGAACGGCTAATGGTTGCCGTTAAAGAGCGTTTCGAGGGCCCAAGATTGCCGGTACCTGCCGCTCGCGAAGATACGTTTCACGGTATAGGAGGTGTTCTCCGGTAAGCCCCCGCAAGCGAGGATTTGACAGGTACGTTGGCGGTGGTGGCAGTCGTGACTCCTTATTGAGAATAAATCATGGTCCGCGGTTCCACCAAGTCTAGGTTGCCAAGTGATGACAGTCTGGACACACTGCCCCGCACAAGATTCACATCTGGAGAACACGCAGCCCTTTTATTCTATTTCCGATTGATAGTGAGGGGGGAGTTATAGTTCACAAATCTTGCTGACGCGTACTGGCAGTGGCTATAATGCTTATAACCTCCTTGTAGAGGGAGTGTCCATTGCCATCATTTCGCTTGGACATGCTACCTGCCCCATTAGGATCTGCCAGCTCCCCGCTATTCTCATATAAATGGCGATAGCGACCCTCGGTGCCAGGCGGTGAATAGGACATCTCAAAGCTGACTGTGCAATGATTCGATACTAATACCAGACGATACCCTACGGGGTGGCTGGAACTCCTATTTGCCAAACACGCGG,1303,50.27,Mus musculus
SEQ_441264,GACGCGTGGTGCTTGCGAGAGCGTACTAGGGTATTGTGACTAATCGGATTCAGCCGGCAGATGTGCTCAAGAAACGGACGCTCGAGTTAGTTAGGATATTGCGTCTCGACAGAATACTCCTCAGTATTGTCTGAGATCCGTGGTGTGCAAAGAACCTAACTAAATCTCTACAACCGACGCTCGGTTCCTGTGAAATGCGGACAGGTTGATCGACAGGGTGCATCGCGCTGACTTCAGTATAGCTATGCTACTTCCCATCGGCTCGTACCTACCGGACTGACGGATTCCGGGAAAGATGCCGACTAAAAAATACTCACCTTTCTACACGGAAACCTTGGCTTTGAATTCGGTCTCTAATGACGGTAGCGCTACGGCTTCCGTTTGCGGCAATGAGCTGGGGAACATATATTCGTACACTGAAGGATCGCAGACATTTGGGTAAAGAGGGTGGAATAGTTCTGGTTTGTATGTTAAAGACGATTGATAGAGC,490,48.78,Saccharomyces cerevisiae
SEQ_774642,TTTATGCCATATTGTACCGTGACAGGAAAGCGGTAACCTTCTCTCAGGTCAGGCAGTTTTTAGTTGTTGGTGGAAACCGCCTATCCACTTCGCATTTACTCCTTGCGCTTCCTTGTCAGTCCTTCCTCTGTCTTCACTCGTCCTACCGATGGTTTGTCAGTGCTAACTACATGGCATTGGGTCCCATAACTAGCTCTGTGCGAAGCCAGATCCCACCCGCGGGCAGCGTACCTATGCTCGTAATCCAGTACACGAGCCCATTGATAATTAGGTGCCGGGTGGACTATCGGAACGCGAGCCTTAATTACTGTGACACAGATGCAGCCATTCCCCAATGTGCGGCGCACCGCTCAGCAGATGGTGATTTTTGACCCACAAGCTCTATCTCTAACTTTGTGAGAACAACCACACTTAGTTTCCAATCCGGGTACAATCCATTGACCTGATTCCCTGGTAACTTCCTATATAGAATACCGAACAGGTGATGCGAGCTGATGCCTATGGTGTTGATCTACTTGCCACAAGTGGGCGCGGAACCCATCCACTTTGTCCTGAGTGGCCTGTCTGCTCCGCCGGGGTCCCAGCGCCTAAGAGGTAGTGTGTCAGCTTGTTGCCTGCAGGTATTGAACAAGGGAACAGCGTAAATACTGGCGACTTACCCAGGCAACCCGTATCCACGTGATAAGTTAAATCTTTAGATTTCTGGTTTATCTAGTAAACGCTCCGGTGTCAGCAGTCATTTGCGGAAGCGTCCGGGGTTACTGGCCTATAATACGTGGTCGCAATCCGGTGACCCAATCGACTCCTCAGACCTTAGGTCTATGGCCGTTGTTTGTTTCCTGCACCAGGGCCGTACAGCCAAGGCGGACTACCTCCGCCTTACAAAAATTTCGTTCAGAACAAGCAGCGGCACTAACTTTCTATCGACCAGCACGTACGATGATTTCCAGTATGCCCCACATCAAAACAGATCAATTTGGGGGATTAGCAGTTCGCCTGCGAGGTGCCATGTGGGCCTCCTGAGGGATCCCGCAACCGTCCTCTGCTGACGATTGGCGTCTGACTCGCCTCAGCGCTAGGGGGCCCTTGTCGGGCATGTGGGTCTCTCACTCGACGGAGTAAAGGTGGTGATCGATTGCCCATACGGAGGCTGCGGCTTTTCAAAGAACTTTGCCAGAACCTCGGTTAGACGTATGAGGAAATCCCATGGAAAATAGTCGTCGGAGTCCATGATTTGCGCCCGTGCCGTCGCGGGAGATGCCTTATTTCTTAGGGTTCGTCCCTGTTCCTCGGTCGACGGTTCGCGCCACAGAACGCGGACCACAAACGACAAAAACTCGTAGGGTCTTGAACCATGCGCCTGACTCGACTAGGCGCTGATCAATTATTTTTACTTAAGATCTATACGTAGGCATCCGTTAGGACTTTAGGTAAAGCAGTGATAACTAAATGCTGTAGAGCTACCGGCCCAGGCCTGGTGTCACTCGGGTACGCGCACAGGCACTCTTGTAGTACTGGCATGGAACA,1527,51.93,Caenorhabditis elegans
SEQ_221872,TAGTTCGTTTAACTACTATCATCACGCCAGTCTATTGCAGAGTTTTGAAGTTCGCCAAATTATTCGAGAGCCTTTGCTTCTACTTTCATCCTCGGGAGTATGATTAAACCGTGATTTTCTGAGATGGCTAACGGTCTCCTACCTTGTTCGAGCAGAGTCAGTAGTGGTCTCTTTGGTCTTCGTCCTTCCTGGTCTTCTCAAAAAACAAAACCCTGACGTTTTCCACTAATCTGAACAACATAAGCGCCAAGTGTAGCTCATTTAGCTTCCTTTCATAAAAAGGTGATTTAGTCTCCTGCGGAAGAAACAACTCTAGCACCTCCAATATTCGGTGGAGAACACAAGTAAATTATCCGAGCCCGTGAGAGAGGACGAGGAGACACTTGCAAGCACTTCGCCTGACTGCCATGCGGCAAGGTTATGGTCTCGCAAGAATGATAATTTAGCCCGCTTTTGGATCGGATTTTGGCGACTCGCCCTAGAGGTCTATAACCGGGGACATACCCTTGTGGGCGTGCAAGAGAACTACATATGAAACGAACTTTGAAATAAATGCATGCACGTATTACTGTTTATTCGAAAAATCGAGCGCTGCGGACATAGTGTCAAGGATATGTGCATCCCACCAGCCACGGAAGTTTAAAGTGCTTGGCGGTAACCGTTAAAGACCGACTCCGTCTGCATCTGACATCCAGAGTAGCCTCTCTGTCGTTTTTCGCGACCGTTGCCCTGGCAGAAAACCCCGAGAAAGCTGTGGGATACGTACACGCCGTGTTCTAATCGATGATGCCACTCTTGCCATTGCGGTGGAGGGTTCAATAAATAAAAAAAAACCTGCACGGTGTAGTCACGCAGGCCCTCTTGTATCATTCCAATTTTTGAAACCAAGTGAGTTGGTAGCCAACCCCCGTTAGGACTCCGTCCTCACACCCCCGACTTATGGAACCCGGCCGTCCAAACTTCAGTTTGGTGGCAGAAACGTCGACTGCGTAGCGTTATCTGCCGGAATTCGAGTGAGGGAATCTATATATGCCGCGAAAAAGTCAGCGCGTTCCGAGTCCCTATTTATTTGCCTGCAGACATTGACTCGTTTATGTTTTGACTGTTGGAATCGTAATAATCCCAGCAATCTAATACATTATCTCTGATACGTATCCCGGGACAGCATCGCTCTGCAACTCGCTCGTCTTGACCATGGTTGGCCTGCGTTGCTTTCGCCATTCTAATTTATATGATGACAGGCACTCTAACACATACGTTTTGCTTGATAACGGCAAAAGCCGCACACTGCGCGGTGGAGAAGTGCGGGGCAAGCTCAAATTGACTCATCCTAATCTAGATTTCAAGATGTGAGAGGTGGACAATCAACAAGGAAGATACCTTCAAGCAACGATGCGGAGGGCCGTGTGGAACCCTGACCATAGACCCGGATAGAGCGCAGTCTCAAGAGGTCGGATGGCGATTGGGTTCCTGCCCGCGATCATGTTCTCACGACATGCATTCTGGATACGTGCATGTAGCCTGCCACGAGGATACCGCAGGCATTGCGACCCCGTCGTGTAGATGCTGGGCATACATGGCTCCAGTCTAGGCTAAACAAGGGCGAGTCCAACACTCGGCTGTGGTGATGCACTA,1635,48.56,Homo sapiens
SEQ_679985,CTTTAGGTAGGGATTATGCCGCGTATAGATTAGAGCACGCGATGAATTATCCAGATCCATCCTGTGGCGTAAAGGCTCAGGATATCGATGGTTAGTCTTCTCACCGATGGTATTGTAAGTACCGGTTCCAGGATCTGCGCGATCGCCTACGCAACGTTTCAACTTGGCGTACCTCACCTGGTGGCTGCTTAAACTGCTGACGCCGACCCACGACTATCGCCGACTGAACTCCTGGGGTATCATGCCCAACTACTCCGTCTAACTGTCCATCCCATTAACTCGCCCTACTGTAAGAGATTACCCAAAGCTATTTGGTAATCTTCTCCACGGTAATTAGTCCTCCCAAACAACCTACGCTATCAGCTGTTCCCATCGAATTATGCGAGGGCGCTATGAATATACTGTAAGCCACTCGACAAATCTTGTCGACAGGCGAGGCTCGGTGTCTAACTCTATGTATCCCACGTGTCAGACCCATAGACGCGGCGCATTTATTTGGGTTGTTCTGTCGTGTAATGATCGGGTTTAATAGTTGCGCTGGAGTTCAGCCACAAAGTCAGCCTGAGACCAGTGTGCCAATTATACCTTAGCCGTAGGATAGCGAAAGAGGGACATGCAAGGAACG,625,49.44,Arabidopsis thaliana
SEQ_935078,GGGATATGATGCTTATGGAGTTAGATATCTCAAGCAGTTCTCTATTTAGCCTCGCACGCCAAGTCGTCTGCTGTCACTTACAACTTGGCCTGCTACCTAGGTCACTAATCTTGCTTGCTTATTATTTGTTAAAGACTTGGCTTTCGTAAATCATTGACATGATCCACAGTAGATTTAAGTGCCGTCAGTTATAGCCGTTCTGCCGCGGATCTCAACACCCCAGCTGAAGACCATGTAGCACATGGGGCTATTCACCCGAACCGAACCGATTAGTCATCTGCTAGCTTCAATTACCCATTTAGGGCGCAACGCTTCCAACTAGCTTCCTTCACCTCAATAACGTCGTCGGCGTCTCCTCGGTTATTACACCTCGCCGCAGAAGTTAATAGTGTTACCCTGGCCGTTTCTTAGCGTCTATTTCAATTACTCCTAACCAACGCAATAACAGGCCTGGTTTACGAAATCTCGAATGTGACTAATGTCCACGGTGCGGTGCTGCACGGCTCTAGTGCTGCCCATCGGATTCACGAGTCCAGGAGCGAACGCTCAGAACTATGTTTGAAGGCCTGGCGCAGGCGCGAATGGAATGTCAGCGGTACAACCATGGTTGGCCGCCGGAGTGCGGAAGCGAAGACCATTGCAACAGCGTGTCACCTCGACGGCGTTCTGAACCGGGAAATTCCAGTGTTCCGTAGAGAAACTTAATTTTCAGTTCTGGTTAACCAATCGTGAATCGTTCAAGTCGGCCTCTTTCAAAGGTCGCCAGACCAAATGCCACGGGGTAAAGAACGTATTTGGTTTATTTCCCTTGTTTGGCGCTAGGCTGATTTCGCTGACCTTCAATAGGTATTAGGAAGAGTTTGACCCCTGTCTGACAAGCTGATATTATTCCCAGTGCTAAACGCTAGCGCCGACCTGCAGCACCCGTCTCCCCTAACATCCGTGTAGAAATACTCAAACAACGAGCTAGGACAAGACCTACTCTTCTCTCATGCTCGAACCATTTTGCTCACGTGACGATGGAGACATTCACCGTTTTCTTAATTGGGGTGAATAGGGGTTCCTTGCTGGGTGCTACAGGACAAAGTCGGTTCTCTGTGCGAGATGGACTAGAGGGTCCAGCAGGCAAAAATTGCGATAACGGTCTGAATTACGAGTAGTTGGGGAATACTTTCAGAATCCCCCGAGCCTGGGTCGAGAGGGCAATATGTGCTATGCGTTGCCTGCCATTAATGACGCGTATATTCATGTTCGAACTGATGCCAGAACTGCGAGTAGAGCTTGAATGAAGGCTTTTGGACCACAGGCATACTAACGATGCGCTCTTATAATAATGAGTAATAGACTTGCACTAGCAGACGGAAACAATCACGGTTCATCTGGACTTTCCCCCGTTGCTAGCCACGCATCGCCATACCGCCACGTCGCTATGCAACACAGCGCGTTGTCAAACTCCGATTATGCCACCGTACTAATCTCTTAATAGCAAACGTTCAAACGATGCTGTTCGGTTAATTTGCAACCGACAAGATTACCACAATGAATGAGATGCACCCCCTCTCCATGTCGAGGCTGGCGGTTCCCGAAGTTAGATTGAGCATCACTTGATTATGGATACGTATGCAGTCGTATATTCGGGCACGCTCTATCCACGTGCCACGCGAATTTAGGGCCCATTAGTCTATAAGTAGCACACCGGGTGCACCCTGACGATCCATGCCGGTCCCAATCATC,1734,48.96,Drosophila melanogaster
SEQ_885195,CTATGCTCACAGGATTCACGACGTGTCTGGCCCGTCAATCGAGTGCCCCGAAAGCCATCGGGGAAAAAGGTAGTAGCCTCACAGCGGCTACTTCGGTGGTCGTCCACTCTCCCCCAGAACTGGTGCGCACGATTCGAAGAACTGACGAACTCCATCACCCCATGGAAAAAGGAAACAACCTGTGATAAGACGTGTACAGATCTGGAGCCGGTGTCAGTACAGGGCAGGACCCCGTGGCCGCAAAATATTGTCGACGCACACCACCCCGCCGACTCGCATCGCTAGTTTTCCGTCGTCGGGGATGTAGGAGTCCTGCTAAGGCTTCGAACGCCCTCAAGGCCTACAGCAAAAGACGTCCTACACGTATTGATTCCACTGCCTAGCCATTCTGGGAATGGCGGAGAGCCCCGGCGATAGACACATCGTGAATCGACTTCGGAGACTTACCGAGCAGCCTTGGCTACTAGCAAACGAAATAACGGATCATCGTAGGTGGACTGCACTGAAGGACGGGGGCCGACGCTCAGAAATCGCCCAGCTCCGACTAAAGAGACATCAGCCGTGGCATGGAAGACGCTGTCCCGTTAGAATCATCATATAAGGCTGTTCAAATCAGTGATATTCGTAGGGTGTTGTTGGGGGTGATTTTTTCGGACTCTTTTATCCTGGCTATTACTAGTGGTGGCATAAACTATGGGGCCTCAAGTCGCTGATGACGTTCCACATACGGCTTCTACAACCACAGGGGGACTATTGGTCCTACCTGTTAAAGCATTCCCGCATCACGGCACGGTAGGCTAGTCTCGGTGCACTGGTATTGAGCCCATCAAGAATATGAGTAGACGGACATAGTTATGCGCCTACTGGCCGGCCCGGGGTGGTACCTTAAAGATCTAGATAGTCTTATACTAACCTTGCCTACTGTTGCTACTGTGGCATACCTAGAAAAGCGCACAATTCTGCCCGAACACAGAGCGTACGCCACCTATTTCCTCTTTACTTCGATATCTCCTAACCGACTATATAATCTGCTTCAACCCTCGTTCCATTTGAGGCTAATTAGTTCCTTAGGAATCGATAGTATACTCCATTACATGGTCTAGGCTTGTTGTGTTCAAGTTTCATTCTGCCGGCACTTTGTGCTTTGCTAAGCTATTTAGTCACTGATTGATCGGACACAGTGCTGCACCTATTAGGTTCCAGACTAGGTCAAAGATTCGAGGCACCGCATAACTCGGGAAATGGGGCGCGGTGGTAGAGAGACCGCGCCCTTTTGCCATACTGGTTTCGCCGTCGCACTATAGTCCAGTAAGGAGGCTGGGTCTGAGACTGCTCGATCGGAGTCTCTAAGGCTGGCCCGTGGGAGCCGCGGGTACGCTCCGGGTCTGGCTGCGAAGACTAATGGACTGGACCGTGGTCGCTATCCGTCGTTAAGAGCGCTCGGTGTTCGAGGCATAAATCTATATGCACGCCGTTAGACTAATCCTGCCCCTTCCACACCCAACTTCGTAGACTTAATCTCCCTCCATGGTATCGTGGACACGTCTGTGAGAAATGGCACGGGTTTGAACTTGCGTGAGTTAGAGGCGCAAACACGGACCCGGTTCAGCGGTCTTATCTACGGGGCGCTCCATGAGCGTACCGCACCGTGTCTGACGCGTTCGGATTACCGAGGGCCCGCAGAGGAAGAATGAGGATAGCTTGACACGTCGGGCTATATATTGAATTCCGACGTGTTGTCGCGGGGTGCGTGCGCTCCCACTAGTGGCGAGGCGCTTGGTTTAGCCACTGT,1792,52.96,Escherichia coli
SEQ_604633,TTCTATATGACTTAGAGCGCACCTAACTGCGAAAGACGTGTCCAAAACCCTATTTACTTATAACTGACTCATGCAATACCTAACTGTTGGCCTCATGACAGAGCATCCAAATGTGAGTAATCGACACTCTACTCAGAGGGCGTAAGAGTGTGAAGGTGGCCTTCTTTGGACGATGCGGACCTTCGCCAAAACAGAAGGGTTCCAACGTTTGTGTTGGAAAACGTAGAGTCCCGCCTTAGCAAAATATCCATTTCGGTACCAACACCGGTGGCGCTGTAAATCCTAATTTTGACCATTGTTGTTCTAA,307,44.95,Arabidopsis thaliana
SEQ_446297,GTGCCGTAAACTAGTTTGGTATGAGGAACCGCCGCGCCTTCCAGCCCCCTGCGTGTCGGGTTTCGCCTGCCCCTAATTAGCCCATCATATGACATTCCGTACCCTCGAAGGCCAGAGCACACACGGCGATCCTTATGGCTCGTCGCCGGATCGAGTTCCGACGCGCCCATATTTAAAGCACGCGAGCAGCGGCAAATATTCTAAATAAAGGACCCGACGCAGTCCTCATCTAGCTTGTTCACCCTCAGCATGCCAGGTGTACCATCCTCGCACTGAAAGAGCTATAATTCAACCTCTTTATTAGTGGCGGGTTGTGGTGAACTTGGGTGACGGGTGGGTATACATGACGACCCACGTCCTTAAAAAATATACGACTCATCAGCCCGCTCAAGTGAGGGGTGCCGTGATAACTACTTCCGGTCTTCGGAAGTTAAATTACTAGCTCGGTTTCCCTTCAAACGATAACGCGTTTAGAAATGGCTTAAGGATGGGTCTTGGTTACAGAAATTAGTTACAGCAATCAATACCTCTCACAAGAGAGTGTTACAGACGATCTCTCGTATTATATTCTCAGGATTCTTGCTAGCGGCTCAGCGAACTGGTTTTAATTCTAGCACATCATTGTTATGCTAAGCACCTTAATGCTCCAGCATCTCCCGCCACCTTGAATGACCACCACGTTGAGCGGTCGCCTTGTTCCGAAAAGTACTATCCGAAATGGTACCTTGACACTGTTTTCGTAACGATACTCCCTTCCCGAGACGGGCCTCATGCGTCTCTGATCTTAACACAAGTGCCCACGATTAGCTGATTGGAACGCCGGGTATGTGTAGGACGCCTACTTGACTTACCTAATTCCATCCGCGGGTTGAGGCGCCAGTCACGGTGGTGTCTCAATTAGGTAACGAGTGAGCACTGACGAATTCATCCTCAGCTACAGTAAACAATATAACGGATCTGGATAGATACATAGCGCACTCAGCTTATGCTTACAATCTTAATGCTAAGAGATCCATGCCGGAAGATGGGGCCTTCAGCAGATGTACAGGTTGCGATGCATAGCCAATATACTGTAGTTTTCCATTACGCACCCACTTTCTCGCGGTGTGCTAGT,1114,49.01,Escherichia coli
SEQ_637094,TTTGCGGTAAGGTGCTCTAATTTGACTATAACATATGCGGGCTGGGCTAGAGTGACAGGAGATACGGGTCGAGCGCTGGCTACCTGCCTACTCATCAAATGTTCAGGGTTGAACGTCCCCCTAAATAGGGTCACACAAACATTGCAACGGTACGGTCAAACGTTGAGGCATTCCGTCCCGAAAGCTGGAGACCCTGTAGTGTGGGATCGGGGTGTGCAAATTGTCCTATCCACGGCAATCCGGCGCTGCCTCTTAACTGGAAATGGAGACCGCAAGATAGAGTGACACAGAAGGAATCGTCATCGTTGCTCTCTGTTCGTGAGGGCTTATGATCACGTAAACCAATGTCACGTTGTTTGGGCAATATGTGTCATTCTCGAGCCGTCTAGAATCGATAATCTCCTTGGCACCCGCGTTGATTTATTCCAACATGCACACCTAGGCGTTCATGACCAGTTCCGGTACATTGGAACATGACTGGCCCGAAATCGAATATGAAACATTTACGTATGCCTTGTAGGTTGTACAACGGCCGCGCCCCTCGACGAAGGTACTACGCAATTCACGTTGCCACATAACATAAAGTGGCGATACGTCTAGCCGAGTGGGTACAGATGACGAGTACTTCGTTCATGATTTGTATGATAGGCATCAATGTGCAGTATCGCGGCGATGCCCAGGACGCGTCGCTCAAGTACGGCGTAATGAACCAGCTACAGTCTGGTCTCAAGGGCATACTGTATTTTATCGACACAACATTCCATGGGCTGTTCTAACGAGGGTATGAAGACGCGTTAACCGTTGCTCCCTTACTACGCTTGTGTATTTCGCTACCTAAATCACTACTGCCGCAGCATCGCACCGACTTTGGCGCGCCCGACCCGAACTCATGGACATGACCTTCCTCGGAGCCGGTTCGTTCTAGGATAGATAGGCAGGAGTCTGCTGCTAGTAGCCAACTTGTCCCGTCCGGACGCTACTAGGGCGACCTGCGAACGATAAGAGCATTCAGAGGTGGATGTCCATTCACCATCGGGGACTACGCTTGTCTCGTACGCACCTAGCCCGACCCAGTGGCGATTGTGGTCTTCAACCCTTGAGTAGCTCGGTTGGCGAACCCGGAAAGGGCACCCAGTGGATAGGTGGCGGCATGACGGTCAAGCCAGCGCTTAGTGCGTCATGACGCGGATCTTCATTTCTAAAAATCTGAGGGGTAGACGTTCTCACGTTACTCATCAGCATGCTGGCTCCGCCAGGACCCGTCATACGGTAGGTTATTAAATATTTCCCGATCACATTTCAATGCCTGCTTTACTGTCAGAAAACCAAGAGTGACAGATTCGCTTTGCCAAGCTCAGATATGTACGCGGGTCTCCTCCCAGGGAGTTTTCGTCAGTCAGTAAGGAGGCCGAAATAGTGCCCAGGTATCGAGCTACTAGCCACGTAAGGCATAAACGGTATCTCACAGAGACAACAGCAGTGTGGAAATTCTTCCTATATGCCCGATAAGAGGTATCACGGAGATCGTCAAAGCGCTTCAATTAAGGGTACTGACCCCGGGAGTGCGGTTTACGGCGTAATCCTATGGTTTCTGATAAGCAAGAACGCTACGCTCTTGAGACAATATCCCCATTAGCGCTGTACTAATGCCAGTGTAGTGCTTGTGCTTAAGTGGGGATTCTGCCAATTACGCCCGTCCTACATGGTACATTGCACCATGGTGGGAGATGATGAATTTGGACGTGATGTTTGAGAAGATGTAATTTACATTATGTAACATGATGG,1785,50.31,Homo sapiens
SEQ_324701,GCAACGGTAGCACCTGTCAGCGTCGGCCAGTGTAGAAGGTCAAGTGGTCTACCCTCGTCACCTCGGCTTCTGTCGCCAGGCGTTTGACTGCTACAAAAGCGCTTGGAAGGCTCTCCGGAACATGACTTAGACTTAGAAGGCTGGAGTAAACAAACTTTCGTGCGTGAGAATGGACGAGGTCAAAAGCCCCACCGCCCACGCTGTGGTTCATGATTAGATGGTTAGGCTAAAAGCCTGCTCGGTTTCACTTGAGCGCCTATGCTCTCGAAGTCCCCACACTCATATGGCCGTCTGATTAGGGATGAGTGTCAATCATATTATCCTCGGTGATGACAGTTAATGTAGTCGGTTCGAAGGCCAGTGCAGATGATGACCAATGCTCCGCAACAAGTACCAGGCTCCTTACCTTGGCCGTGGTGGCCGATCATATGGGGTAAGCATCACAGGGCAAAGATCATTAAATCATGGTAGGACCTACTATTTAACGCCCTTACAGCCGACCATCGGATACGAAGCGGTGGGATGAACAAAAAGGCCTTGGTTCAATGAGACCAATTCTCCAGAGCAGTGGTGCGGTAAACGCCTTTCTCACAAGGGGCCTTATGAAAAACCCACTTCCACCCAATTGTTCAGTCTCAGTCGCCACATGCGTCTACTTACCTATTATGGTCCCATTAGGGACGCGATCTTTATTAGCCGTCGCGGAACCAAAAAATCCGCAGTTAATAAGGCCACCATATACTTCACCTTCTCGATCTAAAGGCTAGATGCTTACATTCCCGATAGTTGCCGATAACGAAGCCGGATTTCAACAATTCTGTTGCGACGTTAAGTCGACCCTATCGAAAGGTCCAGCGGACATATCGGAGTTAACCGGCGGACGATAAAGTCAGGATCGCACGCAGAGACAATGCAAAAGGAATCTATAGGGGTGGTCGCATGCCATACCAGGATAGGTATAGTTCAGCAGCACCGCGATTCAGGCTCTACGTGCGCGCCGACCTAGTCTCGTTCTCCGTCTTCCCGCTACTATTAGCGGCGTCTGTACCCTAGTACTGGGGCGATTTTAGTTGGCGTCCTCAGGGTTGGATCAAGATGGAGAAGTACAGTGTAACTAGGACAATAACCTACGTTCTTAGAGGAAGTTCAGTCACCTTAGTCTTTGTGCTGTCTCGCTCGCAGTTCGGTGAGGTCCGCTCTGGAGGCTGACCACCTAGAATAGTGTTGTAAGGAGCGGCAAGCTGATACATTTAGGGTGATCGTGTCTTACAGCGTCCGCTACAGATGTCCATCCGAAAGTGAAAGGAAGACGAAGGGGCAATGCCGGTCTACAGGGGCGCCCTTGACAGGTACTGTTAGAACCGACGCTCAGTGGACCACTCTATGAGAGCCTTTGGGTACGCAACGCTCCCCGGACAGATCCGGGTTGCACCATTGTGATACTAGCAGTTCTGTAATAACGGGTATCTGCTCAGCACACTTCGGATGTGTAGAGGGGATTCCAGATTGGGCGTAAGGAGATCGCTTTGTCTTTATGCACTCAACCGGAGCGCCGTCGTGCCAAACTTGGCTAGCATACCCTTGTAT,1587,51.04,Drosophila melanogaster
SEQ_330581,GATCTGAAGTTGTTCGTAAGCGCTCAGCCGATACCCCGCCGTGGACCAAAACAGTGTATCACTGCCGTCGGAGGCCTGCTGAGAGCCCTGGCTAGCTGAAACGACTTATGTACACTCCGTTCCTTGCCAACTCATGATATCCAGCCGCACCGTACGGCCAGACTCAAACAAGTTGCAAGGCCCTCTCTCTCTTTCTATTCCGGGCGAGCCCCATTTTGCCTGCCCCACTTTGTACCTTCTGCCAGGCATCATGTAGTCGGCCGTTCTTTTTCTGACCACCAGGCTTACCGGCAGTCGTTGTATGCTACCATTCTACACGGGTGCTCTACGCTCTGGGACCTACGAAAGGCGAAACGACATGTGACTAAGCTTGGGTATGGATTAATGACTCTTTATGTGCACGGTTGACACTGATTTTTATGATTCTCACACGTCAGGATCACCATCCCCAGGGCACTCCTCACCTTCGCATAACTTCGATGAATATATGTCCCGCAATAATAGGACTATACCTGGGACGAACCTTCCCGCTGTTAAAAAAGTAGCCCTGAGCATAAGCCTCGCCGTCCAGATTATCTCTTCTACTCTTATGGCTGCGACTGTACTTTGGGAAGCGGCGACAGCAGACCACCAGAATCATTTGTACCTCTAACTCATCCTACATTCACTGACCCAGCCTTAAAAAGAAAACGGGCAGGTGCGAAGCCCGGACGCCTCAGACACGCTAGCATAAACCATCTGGCACCTAGTTTTCGTGATGTTCATTGTGCCTGGTACTAAGCGCTACGCCACAGGTATAGAGAGATCGCTATTTCGCCGTTAGCCTATTCAGCCGGGCAAGCTGTTCTGGCACAGACTCAAGGTAGCCAGTCGTATCTCATAATAGGTCTTCCTATTGACCTTCGAGTAATCGCTTTACAGGACGGTCCTGTTAGTGTCTCTAACTTCATAATATTCTTACGCCGGCCCTCATGGCTTGTCATGTAGACAGCATAAGACCTCTACCAGTCTCTGCACTATGTGTTGCGCGCATTAGTTATTCTGCTGGCAGCCCTCACATCACGCCTTTCTTGCGCTACACCTGCCTCGCAAATAAGTGAACTCTCTCAGACAACCCCCGTACGATGTTTTCTATCACGCTCAGGGCAATGCCGGCGGAGGCATATGGGCACTGACGGGCGGCTATAGCTCTAGTGTTTGATATTGCTTACTTCAAAATCATCCTCACTAAGCATGACGCGGTCCCGTATGTGCGGATGTCAACTAGTAGACGAAAGAACGTGCCTCAATCGACCCTCCAGTGTCGAACTTACTCAGGCCCAATTTTCTGCTGAAACTTGAGGCCTTGGGCGCTTTCTAAGTTTGCGATCAAATTACTAAAGCACATGCAGTGCTGACGGTAGTGATATTCAGCAAACCCCTTTTACTTGTTTAGCTTTGCACCGCACTCCCATGCTTTGATATGACGGTACTAAAGGGTATGTCA,1486,49.87,Caenorhabditis elegans
SEQ_758117,TATGCACACCATTGGGGTCCACCACCTATCGGTCCCACAGGACGACTCTAACGATTTCCCCCAAAGGTAAGATGGGCCTAGGAGCAATAGGGCTGGCACTGTACTCCAGACCGCATTAATGGTCGCCTAAAAACCTTTCATAAACATTAGTTCACATAGAGATCTGGTGGCCATTGTTCTAGACCCAGATGAGCGTAGACACTGGTCACTTTTCGGTTTGACCCAGCGTGGCATA,235,49.79,Mus musculus
SEQ_464090,ACTTCGGAATCCGTAGGCGATGATTAGGTCGGAAATAAGCCCTAATCTATGGGGGGGCGTGGCGCGGTAATTAAGCCACCTCAGCCCGCCAGCGGGCCCGTCCGAACACTCTGCCATCAAACTGGCCATACTTCGGTACGATATTTTATCTAGTAAATCGATCTGACTGTTTGAGCCCACGCGTGGGACCATGAAAATACGACAGGGGTTAATACCTGTTTCGTCTCTGTCTGCACACAGGTAGTTGGCACGCAAGAATGCAATCTTCGATTGGCTAAGGAGTCAATCACGCAGGAGCGATCCCGTCTTGTAGGTAAGTGGCTGCTTACTCCTTGTCATCGTATCAGACAGCACTGTAAGTCGCCATACGCTGACCTTACACTTCGTCGCACACACGCCATATAGAATCTGGGGCTTGCTAAGATTGATCCGTTTCATTGGTGAAACACGTACAGTAACATAGTCGCTTTTCTGCATTACTTACCTAACAATCTGTGAGGCAAGACGAAGTAGAACTAAGTTTCAAATGACTTCATCTGCTTTCCTTGGAGCCCTGCAGGGGGCCTTTCCTCGACTTATCAAGGATGGACGCATGAACGGCTCACGGTGCCATCA,615,49.59,Caenorhabditis elegans
SEQ_244946,TTACGATTCGTTTGAAGGTAGCAGGTATACACCTTATTTGTCCTTGGCACTCGACGGCGAATCCCGCTAGAATCATATACCAAATGCATGTGCCTGGGGCGGTTAAGGTCCACAAACCGGCTCATATGTTGTAACCTCTCTGCAACGGTAGATGTCGCTATTGGTGTCTTCCGCACGCACGGACAGGGGGATGGCTCTCTGACGATCCGGCAACAGTAAGGGTCGATAGGGCCGGTCGGTGCCCTTACCGGGATTGGACAATTGACATAAACGTATATGCAAATTTCGCATGGAAGCGCTCTCGCAAAAAAAGGGTTGATTGCCATCTGATTTCTTAATCCCCCGCGACAGCTGCTGTACAACACATCGCCACCCCGTATGGCTGCCGAGTAGGACGCTCCTCGGTCTAACATAATTTCGCGTATGCAACCCTCTGCCGTGCTGAGCATTCTGCATGACAATCCAGCAATATCAGCATGAATTCATAACCTTCAGGTACAACCTTAAAGCGCTATTCGCAGTGGTTGCTCCTTAACTGGCAGTGAAGAAACGGACGTGTCTAGCATTTGTTAGTTCGATGAAGACGTCCAGTGCATGACGGCCAGGGAGACGTCAATCTCAGTTAGATAGCACCAGAACCTCCCATGCAAAGTTTAAAAGGGTCATGATATTCGAGCGGCCGTAAGGAAATTTAATATGAAAGTCACTCCATTGCTTACTTTAAGCGGCCTTTTACCCCCACACCGCACTTCCCGGCCACAACAAGTAGTAAACGTGGGTGCCAACGTAATACCGCCGAGCAAGCCCTATCGCCCATGGCACGGCCGACAGGCAACGTAATATATGTTTTCGGCATATTGTGTGTACTAGACAAGACCATCTGTGGGAAGCCTTGCCGCATCTGGCCGATCTTAGTACGGATGGTCGTACCGAAGGCTAGAGGCTACCTACTCCCCACTACCCTTGCACTTACCGGGAAAAGCGTATTAACGCTTTCCTAATTTGAGGACTACTAGGCAGCCGGGTGCAGTGATAATTGTTATGAATAGTCCTCCCTAGGGTTGCCCCGTTTCCTTAAATG,1081,49.95,Caenorhabditis elegans
SEQ_101496,GCGGCAAAGCTAAACGCGCAAGCGTCACCTCGATCCTGACGCGCGCCAGTACGGAGAGGGATGACTCAGAACCGTAGGATAGCCTTTCATATTTGCCGCAGAGGACTGGCCGTCACCGTAGACAAGTAGGTGTTTCGTGGTTGCCTCAGTCTGGCTGTCATGCCCATTGTTGCCGGGTGGCACAACTGGTCTGAATGGAAATGCCAGGGGGTGCGGAGTGTTGGCTCACGGTAGTTAGCATCGACACGCAGAATCGACTTCCCCATCGGTATCGCGTGCAGTGTGCTACAACCGCGCGTGCGGTCGACACTCTCTAAGACCTGCGAAATTCAGAGTGGCACGTACCCGTATTTTAGGGACGGGCAAGGGGTAAGTAGTAATCTGCATTGAGGGTTGCTTTGGATAAGTGTGGGCGGCACCGATGGTTGTCCCCCTAGTAGGGTTCCTGCCAGGTCCCGGCATATGGAACCGTCCCGCGAACCGGCCGCATTCAAACCTACCCTGCAGGGAGTCTGTGGAAAACAAATTTCGGCGCGTGTGTAGTACGAACTGTCAGGTCCGTATGTGACAGTTTCTGGCGGTATGAATTCCAAGTCTCACTACCACTTGCACAAATCCTCATGTAAGGACCTTTTTGTAAACCCGCTAACAATAGAACGGTGGCCTCATCGGGTGGAAGCTGCGCGTATGTGCCTTGGCTTATCTTCATTGCAAGCCGCAACACAGCTTGAAACGAGTAAGTGAAAGGTGTCGAAAAATGACGGGGCGACCTTGCACACCGAGTGCCAAAGGCAGAGAAGAATCCTTATCGATTCAGGTACCCAATGGTGAGTGCCATGGTCGCAACTGGGGCAGGCGCCATCAAAGTTGAGTTTCTTAGGTCACAATCTGTACCGGAGGGCAACCATGCTAACGGACGTCCTCCACCAGTATGTCATCATATCAAG,947,53.75,Mus musculus
SEQ_587002,GATCGTTGAAAAGATGAACGCTTCGAGCAGTCGGGGCACTAGTCGCTAAGATATAACGATGAGTCAAGCGTGTCGTAAGACAGTACCCACCACCCGACAGCATCAGTTTGCAGAATCACTTACCAGTGCTATTACGG,137,48.91,Drosophila melanogaster
SEQ_374695,CTGGGCTGAGTGTTAAATAGTTTGGGGTATTCCTCGGGTTTCTTATCGTGAGCAGGGTCATTCGTAAGATACTAAGACGAATTTCTCGACATAGATCTGTCCTTTCGCGCATGCCACCGGATAAAAACCGTTAAGACTCTCCCAAAGCGAAGCCAGTGGCGGATTAACAGTGTTTCCATTTTACAGAACCAAGAAAGTCCGCGGTCGATATAAGGATCACTTCGACTAGATATGACCATTGTGATAAACTCGTTGGGTCCTTTATGTTAAATGCAGGAAGATGCACACTTAATCAGCACTAAGTTGAAAAAGCGATGTCCGTCATTGTCTACGTAATAAACAACGAATTCAGATTTTCAATAGACCTGTGCTAGCTTCGGGGGCTCATCGTCGTGCACTTTTATAGCCTACAAGCGTTGTTAGCGTGTACTGAAGCATTGTAACGGAGAATTGCGTCGTCTAGTTGACGATCTATGGGGTAGCCCAATCGATAAGAATATATGGGTGAGCCCTTCGGGGTGAAGATACCGACGTCCAAACGTAATTTTAAGACTGCGTCCCCGGATATAGGTCGTACGTGGGCGTCTTTACGAAGCGACGTACTTATGCTATGATTGGGCAAGTTCGAAGTCTTAAAGTGTTGTGGTGAGAAAGAGCTACGACATGTAGCTTATACCGGAGACCTATGGCAGATTTATAGCTGACGCGATATACCCCGTCCGAACGATGTGTCTCCTTCGGAATGATTTGCGCGGCGGTACGTCGCAACTAGCACTGATAGCGGCGACACCATAACAGGGTCCGCAAAAATATCGATAATGATCCGCAATCAATCTGAGTCCAGTAGAGAGAGTGTAGTGTCTAGGTCTCGCAAAGTTAGCCGAAAGGCATTCTCTAGTGTTCGCTCCGCTTTAGTCGTACTACTGTCGGCGTCAGTCTCCAAATGATTGCACCGGATCGTTAAACCGGGCCGCACCTGTTTCATCTCTTAGCTTTAACTGGCCTGGATAATTATGGATGAAAAATAGGGGAAAAGCGTCCCCACTCCTTGTTCGACCATTCAGCAATTTCGAATTGTCTGTAGCCCGATTCGACAATAATGCGAGAGAGAGGAGATAGAGTGGTAAGTTTAGCTAACGTGAACGGGGTCGAAAAGGCCAGGCACATACTGATCCGTCACAGCCACAAGGATACAACGGGTATGGCGACGTGCACATACAGTCAAACCACTCAGACGGTTCGATACCCCTGCAATACATACCGATTTGTTTAAGTAGCCTAACCGCGACATGGCATCGCGTTTCTAGAAGTGGGAAAACTACTAGGGATTTTACGGTCGTCCCGTTGTAGCTAACTTAGACTACGCACTGCTGTGAGCGCTCTTTGCCTCTACTTACACTAATGCGTGCTTCAGCCGAACCTCATTATCAAACGCAGGGATTTGGTGTAACGACCCACATTAGCTGCACATGAACGAAGCTTGCGGATGTCGCGCGAATCTGTTTGGGAGCGATGCCCGTCCGGTACTGACTGGCGGACGCCGGGCCTTCTGCTGAGTAGTCTCATTTAAAAAGCTATATCGGCAACCACTAGTGCCATAGGTGCTCGCTGTATGAGCCATATCATTCATCCACCAGCATGTCGTTTCGATTGTATGACTGGCCCTCTTT,1670,47.6,Homo sapiens
SEQ_247755,CACTAAAAAGCGTTAATTTACTCCCACCACCTTGACCCATCGAGATGAACGATGCCGCTGCAGTGGGATGTAGAAGGTGGCTGGACGTAAATGCCCACAGGAGCACTTTCTGTATTGCGGGGTACAGTTATCAAATGGCTGCGGCAGTAAATGAAATGCCGCTAGGAGCGTACTGTAATCAAATCAACATGGGGTGTATTATGCCTCAGACCCACCAGGAAGACGGTAAAACACGGGGGACAGCAGGGGT,250,50.4,Mus musculus
SEQ_590506,CTTGGCCTTCTTAGCGTGACTATTTTGACTGTCGTGATTGAGGGTGTTGAACCTCGGCGATACGTAGGACATTTAGGTGTATGGGAAGAGCCTTCTCAGCTTGTTTCTTTCTGAAGCGGTGGCCCTTGTGCGTGCCACCCCTTGGGACATTAGTAAACAAGCAATACAACGCAAATCTCCAGTACCCAATGGGCCCAGGACAATTCCGGTGGGTGGTTTGCTTTCAAGATTGGTTATTGCATGATCGGCCATCCGCGGAGCTCAGGGTATAATTTGTTCAATCTCCTAGGTGTCAGGTGCGTTAAATGCGCGGCGCGATCCCGACCCACTACATCTGCTACTGCTCGACCTCATGTTGTAGTTACATTCTCTACTGTCCGTCGTTAACAAGACAAGTGATTCTGGAAGGTCACAGGAGGAAACCGTTTCCTGTTACATTCTTGTGACTTGGGGATCTTATAACCTCCGCGGCGCCCTCAGACGAACCCCTTCGGGATGACCGCAACTCAAGATATATGGACAGTAATGGTCTTCTCCGCTGTAACTATACTAGCTTGTTTGATACAAAGTAGGTGAAAGGGTGAGGTCAAGCACTATAAAGCTTCTTAGGCTTGGGTGCCCCGCTGCTCTGGGGAAGAGCCCCACCTGACGAGGAGTAACCCCGACAAAGCTAGAGTGCCACTTTTAGTTTATTCCGATATAGTCGATGCAACTGAACGGCGTCCAGATTCATATTCGCTTATGAAATATCGGTACATCCCTTGATGGGGGACTAAGCGCCGGTGAACCAGGTCCTCACCCCCGGAAGACTGGGGACCTCCGGAACTTTAGTAGAATTGCTCCCCTGGACATTGTTCTCGGTTGGGTTTCGTAGCGTACGATAGCAGCTCTACATTTTAGGAGGGCAGGAATAGCAGGGGTAATCCTTTAGCTGGGGTAGGCATTTGCTCTTGCCTCGTTTACAGGGGGCGTGAGGGCGAAGTAATAGAGACCCCGAATCTTGAGCGAAAACGAAAGGAAATTACCCGCGAGTATCCCAAAGCAGTCCAAGGATAGTCCTACCAACGGCAGACTGTGGGTGGTACGAGTAGCTCCGCTAGCCTAGCGTTTACGTACCAATTCTTGGAATTACTCTTCCCAAC,1142,50.26,Saccharomyces cerevisiae
SEQ_518756,GGAGCAGGTGTGACAAACGCAGCATTAGTCATCCCCCCGGCGTTCCCGAATACTCTGAAACTGCCCATCAATATAGGGAGTAGGTTACCATCACGTCATGGTGGTACCACCTGCGTATACTAAATTCAAAACTTTTCGCCAATTCTTAATAACACCTAATCATACTTCGGCTTCTTTATGGACCTTGGGTGGTTGGAATTCACGAACACGTCAATAAGTCCAGTTAATCAGAACTTTATGCCGCGCCGCATTCCAGGCACCCTGTAGGTGTTTATAGTGTATTGTCAGGAATTTTATAAACAGTTTGGTGAGTCACGGCGTTTTCATGGTAGTCAAACTGTAGTGGCGAGGCGGTTATTCGCATCAGGCGCTATCTAAAGGATCCTGCCTTTAAACGCGATGAGAGATGTACGTGGAACGAAGACCTATCCCTAACGCATGTATCAGCTCGTTACGCACATTTTATTCGGGATCCTGATTCGTCACCGTGTGGATCATCATGTGTTATCGCTATACGCGCACGTGGCTGGCCTGCTCATGCATACCGCCCCGTTTAACCGTGACGGGGGCGCTTCCTATCAGGGCGAGACCGCTCCATTGCCCCCTTGCCCAAGGAAGCGGCAAGTTCGACCCTTATTACGGTCAGAGTAACCCCAATGCATGCCTAGGATCTGCGGTTCGTAAAACGGTTCCAAGCGCAGAAGCTTTGTTTGAGGGAATATCCTTTGAGGCCAGAATGGCGCCAGACTAGTCGACGGCACGGACTAATTTGATTATTTACTATGTCACTCGTTTTGTATGGCAAGACTCAACAGTGGATAAAGCGGAACCCTAATATAGATGGGATTGGAATATTTAGCGTGAGTGGAGCCTTCTTAAATTGATTTAGACTAATGGGGACTTTCAACCGGTACCTTCTTGCTAGGGTGCGAAAGCGAGGGCTATTCTATGTCTATACTTTCCTCGGTAAGCTGAATTGTCACAAAGTTGACGCATAGCGACTGAGGGTTCCATTCAATTCAATCTTAGACGTTCGTTGTCTTTCGGCCCAGAACCTCGCTTTATCAGGATGCATCTGTTAATCAGCCACACAGTATTGTGTTCAACACGTGGAACCTCATCGAACGGTGTCGACTATCCGCAATTCACACCGACTTCGTTCGACTGCGAGGTGCGGGCCTTAAAGAGTACTTGGCCGGTTGCGCTACTGATGCCGCCCGTCAGCAGCTA,1230,48.37,Mus musculus
SEQ_594515,GGGATGTCTGGAGGCTCATGCCGCTCTTAATCCCTACACGGTTTCGTTAGATCCGGTCCCGTGACAGCCCAAAAACCGACATTGCGCTCACGTATTCCTAAATTGAACCGGCAATAATGCAGGATAGAGTGGAGTCTTGGTACTAAACAATCCGGCTCCTAATGGCGATGGCATAGAAGTCCCGCAGGCCTATGAATGGGCGTGAGGTGAACAGAGGCCTGAGACGCATGTGCCCCGAGTTGGCGGGCCCCGTGATCGACTTCCTGCCTTTACGGGCGAAGGTTCCCGATCCCATGGTCTGCTGCATAAAGCATGGGGCTTAAATGGTGCGTAACGGGAAAGCTCCTAAAGTAGGTTGGGACGTGCCGAAGGTGTGGATTACACAGC,387,54.52,Escherichia coli
SEQ_248037,CAGGCGGCGTCTTGAGATGTGACGTACACCTCCCGAACTACGTGACAGCTCTTGTAGTTTACAAGGGACGTTGAGTGGGAAAAGTGCCGATTCGTCTCGAAGGGGCGTTTATTTGTCTAATGCCCGTGGGAGAGAGTCACATGGTCATGGGCGCGTATAATACGCATAGACCTCGAGAAAT,181,51.38,Arabidopsis thaliana
SEQ_358591,GAGGTTTGCATAATTTACTGGATACATCCGTCTCACTACCCACCTGCGGACGTACAGTCTGGGCGCTGCATAACAGCATTTTTACTAGGCTTCTAGATCCCTCATAAAAGACTTGGATTTTCCCGCATAGACTCTCTTCTTAAATTCGTTCCTTCACTCCCGTTTTCATACACAACAGACCACGCCGGAATGACCGGTCGCCCGTTTATCTTTGATGCACTGGAGCATGATGAAATTGTTCTAGAAATTAGGCACACTTTGTACTCACTAGCGGAGGGCAAATGAGAAAAAGCCGTGTGCTAACTATAAAATGGCTCGAACTGGTTACCAGTCGGCCCGTCTGCCGAGCGTTAGGAGGGTCAGTTGGTCCACTCCAATGTCGTAGTTTTGAATGGAGAAAATCTCTATACCACCCCTAGATGCTTCTATTCGCCAACCTGCCCGGGTACCCGGCTTTTTATAGAGGAACCAGCTTATGGTCTACTACTAATGCCAAGCCGATATTAGTTCATGAATATTGGTATTCAGCCGGCTCCTCCGCTATAGGAGACACAGATTATTCGTAGGCGCCCGATGCGAACAAGAGATTATTAACCAAGTTACCTGGCTTATAATCATAATCTAGGACCTACACTCATATGTCTAGAGAACTCTTTAGCGACGGACTGACATGTAGAAGCGCTAAGAGCTGCGGTGCACCCTGTTTCTTGGCAGATGATAGGTTGGGAGTCTTGCACCCTTTGAGCAATGTACTAGTCCCTATCTTACATTCGGTTTTATAAATCCGAGCGCTCCTAATGAGATTGCGCGCTACTAGACGCACTACGATTGTATAGAGCCCTCTCTAAGCCCTGCGGATGTTCCAATGTACAATCTTTTGAAACCGACCAACGGGCTTATGGGCGATAAACTGCGCCTTGGGAAGACTTTTCGGATGTCCTCCTCCTTGGTAACTAACGTACACCACATAAAAGATGTGCAGTTTGTTGGAACTCCACTCACCAGGTGGTCGGTCATTTTATCACCCATAAAATGATCATGGTTCATGACGTGACACACTCGGAGTTATAGTGGTTAGTTGCACGGCTTCCCTTATTGTCGCGAAGGCGACTAATTGCGTGGAACTCAGCCCATTGGCTTCGCTAAGTGAACATTACTACCTCTTAAGCTATAATTAAATCTATTTGGATTTACTTCAGGCTAAGCGAGCAACAATTTTGGTCAGTATCGAGTGGACAGAGATAGACTTCAAAATCAACGGCTTATACCTTGGAAATATCACTGAGGGTGACGGCACTAGTTCAGACTTCTAGCTCCTCTTATGTCGTGAAACATGTCATAAATTCATCACACTTTGAACCAGTTCCCGCTCATCACCTTCGAAGTAAATTATATACTAATGGATATTATTTTACGTGAGGCCCAATGGTATGAGTAGGCCAACCCAGCCTCTGAGGACACGCGCGTCACCAATAACTAGACCCTGCGTTCAACAACGGAAGGCAGTATACACCAAAGAAACTACGTGGCGTGTCCTCGGTGCCAGAGATCTATCAACCGCTGAACCCGTTA,1572,45.87,Homo sapiens
SEQ_485754,GCGGATAAATACTCTCATGCACCCACGACGCTAATGGTAAACTGCAAGCGACGAATCTATTGCAGAGGGTCGACGAGCTTTTAGCAGTCCGCACATTGGCCTAGTACGAGTGATCTCCGAGCCTTACTGCTCAAGTGTATGGTACTTAAGTCTACACCAGTGTAACTGTCACGACAGAGGTTCGGAGTTAGAGCGGATACGCAGACTCCTCGAGTCCCAGGGTACTAGTAATATACAAGAAGCCTCCGTCCAACTAGCCATTTTCAGAGTCGCATTACGACACAAGGTCCTCATATATTGTCTGTCGAGTACACGAGTTGGGGCATCTTAAATCGGCCTCTAACGCGTTAGGTCCGACTTTTGGGTTGTGCAGTCAAACTCGTGATGGCCGTGATCTCCTCATAGACACCGCTACAACCTGATCCCACACCTTGGATCATCTCTATTAACGCCCAACGCGAGAATATGCCTTGACCTATGTTACCGCTTCTTGCTGAACTACGATTCCGTGGAGGCGTGGGGTCGCAATATCCAGGGTGCAACGACCTTAGTTTCTGGCCCTTACGGGTCTCAAGAGAAAAGTAATGAGAGGTCTGTGCGTGCGGCACAGCCCTCGAATGTCGGTGGGCGTATATTTCTCAAAAGTGGCAATACATACTCAAATACCAGTGCAGAGGTGCAGCGCGGGTGGGTAGCAGCAAACGAAAGGTGGCCGGCGCTTGGACAGCCTAAC,733,51.02,Saccharomyces cerevisiae
SEQ_348987,AGAATCTGAAGCGTGCTTGGCGTTGGGTCCGGAAGGTGGTGCGTCCCTCAAGGCCTGCTTACTGCGTCTAATATAAGCGAAGTGCATAACCGGTGACGGTACCTCTGGAAGGTTACATGGGAAGTCCTTCCAAACAAAATCCCGTTATACCGAGAGCGTGTGGGTGTCGCGATTAATTAAGTGATGTCAGATCGTACCGTAGGCTGGCAGACATGGATACGGTTCTCCGATCTGATACAAGTTTCGCCATTCGCAGTTAGAAGTCTGCAGAACCATAGCATAACACCTCCGTAAGCACTACATGGCGAGGGGGGCGGCTACTGTCTTGATGGATTCTTTGCACGTTCTCGTCACGAAGAAAGGTACGACATGTTGATTACATGATGTTGTGTGCGCTGGGTATTGGATAAGTGCTAGCATGTCGCTCAACCTACAATGATATATGCCACTCAGATGGCACGGAGCGATGGTAGGAGTTAACAGGCACACACCGGGAGTTGACTTACAACTGTCCGTGCGCCATGGTCCCGTCATTGTTAGCGGAAACTTAGAGATTCCTTTCGAACACGCTTCTTGCATTCCTCCCGTGGTACAAGTAGGAGAAGGCCAACTGCGAACCCGGAAATACCTTTAGGTACAGATCGATTAGGTAAGTTAGCACCTACAATGTTGCAGCAAATACCGGGAATGTATCCCTCAGCGTATTAGAAGAGGCAAGATACAGCCTATGCGAGGCTATGGTATTGCGGAGTATAGATTAAAAGGATGTCTGATGAGTAAACTTTTCAGATCCTTCCGGAGCGGCATGGGCTGAGAACCGCCCCGCGCGCGCTTAGAGTTGGTAGGATAATGGAGCACGATACAACTGAATGCAAGTGGTTAACCTTTGTGTAACAAAAAAGCTAATTGGGCACTCAAGCTCCACTACAGGCGGAGGGGAAAGATCCCCACACATATAGATTATGCCCGGGGTAACCTGAATAACCGCGTCCTCAACACCACCGTCGTGTGGACAGCACCGGTCCAATAATCAATATATCTGGCGTTCCCTGGACACGCCAAGGCATTAGCCCCAGACAACAGGGTAGGCCCCAGGAAGTCCTACCCCACGCCGAACTATGGTGGCCTCACGTGTCTTTTTTGATTAACTTCACATTAGAAGCCACTCGGAGAGAAGCGCTTGTAGCCCGAGCGCAGTCGGAGGGACTCTCTGAAGTTATGCGTCGACCTTGGACGCAATTTCGTCCCCACCGAGTAAGCGATTACTGCGCTCATCGGGCTAGGTAATTGATTACAACCTACGCAGCCTCCCTCCCCGCAGACTCCTGGCTCGACAGACAGTCTCGGGAGGTTGCGGTATCTCCGCCTTTCAGGCGGAGATGCTAACGGGCTCATAGCATCTTAATTGACCACAGAGTCCTTATGGCTACCGCGTGCATGCGTCATCGGCATCTGCAACTCGATAAAACTTTAAAACTGATGTGGGAGAGTTGCTGGCTTTCGATTAGTCTTCACGATTCTGAGAGTCTGCGACTAATTACTAGCCATGAGAGGATAAGGGGCTCGAGCTATCGTACTCTTGGCAACGCAATTGCCACACAAATTCCCTCGGAGCAAGTTCGACCGCGGTAAGCCATGAGAAAATAGACGACACGAAAAATTGAACGCCAACGATCTGTAGAAACCCCCAGGCGCGCCTGATTATGAGTGTTATGACGGAAGCTTCAATATTCGTTTTCCTCATGCCTTAATGGACGTTGTTAGCTAGTGCAATGCTATCGCGAGAGATGGAGGTTCCAGGTGGGGTCAAGGGCGTTATGC,1821,50.47,Arabidopsis thaliana
SEQ_765374,TGTCCCGTGCACCCGGTTCCTAAGCTTCATTCCCACCCTGTCCTCCGCGGACCCCGTCAGCTTAAGCTGCCCTGGTAGCAATTCACAGCTGAGACTCCCCGGACGGTTATCCGAGCGCTCACCGCTTTTTTATTGACGCGCCGATCCAAGTTCTAGATCATTAGGTTAATGGGGTCAGGTCACCTCGGCGTTATGGGAGCCACTCAACGTGATGACAACAGAATCGAGCAAGAGTTCTTCACTTCCTTTGCTACGCATCTATGTCCGCGGCAGTGACTCGTTAGTACCGGGGTCAGCGGGCTTTGTTTCGGTGCTCTGCTATATTTCGTTGGTGGGCTCTTCCTATCATTTCTTCTCATATGTGACGTTGTCAGGCGGTCTTGTCGCGCACTAACAAAACGGAACTCTGAGTATTGTCCCGGTAGGTACGTCTGTCATCTTGAACATATCCCAACAACTCACCCTGGATCCTGAGTTGGGATCCGCCTCCCACTTCCCTGTTCTATGTTCATTTTTTCGGTGTGACGTGTCATGGGATGGAAACACGTATCGGAGGGATACGGAAGCAGCACTCAAGATCTACGATGTTGGACACATCCCGAGGGACCATGGCAGGGTCAACGACGGGCTGCAATTTGCTGCAGCATCATCCCTCATAGGGCGTAGACCTACACACTAAGATCTACCTATCTTATAGCCAAGATTGATCCTGCTTTTCGTTTGCTATAGAGATACTTCGGCTACTTTCTTTCCAACATGGTTACGTTACTCCCCTTTCATCTTACGGAATAGGTCATTCTCAGGTTCGTACCTTACCAGAAGGACGTTAGTCACGCAGGGCATAAACGAGAGTGCAGATAATGCTATGGCATCATCACCGTTATAGCCTGTG,892,50.45,Homo sapiens
SEQ_657121,CTGACCACTGTAGCAAGCCGATGGGCATACAACTCACGCGCGACGGTTCGACACCACCGTCGGGAGATTAGGATAGTCAATTAGAAGTAGGAGCCGACACGAGCGCGGATTGCGATCTGCGGTATCCTGGCACCTCGATAGAAACCTTTTGCGTCCAAAGAGTTAACACCGGGTAGCCGAGGGAGTGCTCCCGACAGGGCAGTATATCCCAATCGTGAACAAGCTAGTCACGGTTCGATCAGAGGGTATGAAACGCTCAAACCGTAGACTCCTTAATATGGTACGCACCCTGGCTCGCTAGCAGACCTATATGCTGGCTTCCGAAAACATATGCCTTCATAACCATGGGCTATTCGAGGTCCCTTGTCCAAAAGGAAAGGGGGTGCTACCGACGGCAATAGACCTTAGGACCATGGGCTACCCACTACTCTGGTAGTATAAGGGATGGAGCTCTAGGCTACAGATCACGGGAAGGTGCTACAAGCAAGATGATGGTCTTCTCGCCAAGAGCAGTCCCCTCCACTTGATAGGCAGAATGTCGGTCCGCGTTCTGGTAGTATAGTAATGGCGACACACTAAATCATCAGATCCATTCGAAATCCAAGAGAAAGTGCGGCGTCGGTGGCTACGGCGAAAGACTACGAAGGTATGCATACTGGATGGTCAGCTATCGCGGGTCACTGGAGCCGATGGCCGTGTACTCACTGCTGAACCCGGAACAAATTTGAATGACCACCGCACGCATCACAAGTAAAATTGCGCGGCTCAGAGAAGACTATAATGGCGGAGGCGGTGTCCTCCAGCACAATGGCCGTGAAACTCGAGCATTTCCACGCCAATTAAGGACTTTACTACTATGAACTGCTGGACTACACATGGGTGGTGATATGAACAATAGGGTGGGGTTAAATTGCTTTCCTTAATATGTGTTTCAGGTCCGCCCAAGTGCTTATAGTCATTACAGGTAAGGCTCACGATATGTCTTCTCCCAAGCCGCCCGTTCATACACGC,1011,51.34,Escherichia coli
SEQ_785337,ACTCCGATATCACGAAGATTAACTTTGTAAGGACGTTAAAGACAGTAATGAGCCTAGCGTGTGGGCACGACCGTTCGTCTTTACCCGAAACACCGGTGTTTTTGTTGCTACCGTGTCGGAATGAGGGGGCCTTCAGGTCACGAAGGGGGTTTTTGGCCGATATGTTCGGATCCAAAGGTTTCAATAAAATACTTTGAAACACACTTTCTGACTCAAAGTTTGCCTGATACCGTAGCCCCCGGGCCTTACTTAGACACACACTGTGACTGGGGCTGAACGAGAACTCCAGGGCTGAGGGGCTAGCTCGCATTCGGGTCGCCAGCCTACTTGCCTTCTATTCG,341,50.44,Arabidopsis thaliana
SEQ_599609,AACTAGTATACCTGCTACGTATCCTGCTGCGGCGGGGACGGACTGTTGTCCCTGCACCGTGTGATGGCCACCATGGTTAACTCTCAGAGTTTAACTCCTTCAAGGACGGACTTAATACCTATCATTTACGCTCAGTTCCCAACCAGAGAGCTTGGCATGTGGACTGTGAGACCGGGAAAGCAGACTAGCACTCACCTACACGCTCGAACAGCCCTGTAAAACACTTCAGTAAGGTCGGTTTCCGCTGAGTAATGATCGTGTCGCGGTGATTCAACCCTACTTATCTAGCAATTTTGGAGCCGATCCTAACGGCAGTCTTAATCGCCTCGTCCGGCTTTTGCGCGATTCCCCTTATCTTGAGCTGGACTTTTAGCCACCTTTTCCAAAAAGTCTAACGCGAGACCCGCCGACGGCAATCACCAGTGCTATGACCAATTTTATGGAGCGCACGTGATGGAGAGGTCTGAGTGATGGCTTAGCCTCTCGGGATGCACCAAGATATATTGATATTATTGTCTTATTCGCGCGCCTAGTGCACCTCGATCTCTGGTGTTTAAAGGGGACCACATAACCGCGAACGCGCCTCGCCCTGGAGCGAACGGATGCACTCTCGGGGAACCCTGACCACCCGTAGCAGATAACAATGTCGCGAATAAGCTTCGACCCTCACTATCGCTAGGCCCAGAAGTGATATGCAGCGTGCTAACATTCCTTAGCGGCCTCCGTGGCTGGCTTATTCGGAAGCTTAGTTCGCGTGGGGCGACTGGCTCTTTCGCTAAGGGAAGGCGTACCTTGTTGCACAATTCCGTGATACCGCTCTTAGCTGAACCCGCCAAACCTCATGGCATCCCAGCGAGGGAGGTCCCTTTGCTGATGGATCTTTCGACTAGAATCGCGGATAAGTTTGGCACTTGAGTCCAGAACCAATGACGTCTCGTGAGTGTTGCGTACCACGTCATGTTTATGACATCAGGAGACACGGTGTGACTTGAGAGATTATTGTTCCTTCACGTCTCAGATGAAAGTGTATTTTTCTTTCGGAAAGCAAGGTAAAACAGGATACCCTGCGTTGCCGGACCTAATGGTATCCCTAAGTACCGTTAACTGGTTTGATGGTAGATGCTTACTTACGAACGCGTAACTATTCGTACGGGACATTGCTTGTCTTTTATGCTAACGACCGAGTTTACCACAGATGGTTGCCTTT,1207,50.46,Drosophila melanogaster
SEQ_193768,CGCTGCCCCAGTGAGGTGAACATGATGCCTAAATTTATAATTTTCTCCGGTGGATTGTGAATCTTAAGCGCGGACCACGACAAAACCCAAGGGAAGAATACCGCCTGCTGTGGGAATTCTGCCCAAAGAACTACTTGCGTCGGGAAAGAGGCCTCCGAAGCGGCCAAGACCTGACGCCGGGTATATCAAATACTCAAAAATATAATTTGCAAGAATGCTGCCACTCAAGTATAAGTGCCGCCGTGAACTAGGTACTGGGACTCTGGGCTTAATCTCTCTTAGGGTATAAGAAAGGTAAGTTCATGGAACATGTAGACATCGACGTCGCATACGTCCTCTTCGACTATCACATGTCTCACTTCGTAGGTTTAGCTATGCGGGTCAATATAACTTTGTTCAACAGGTGGGGCCATCAATCCAAAGCGGCATGATCTGCGCCGGAAAACGCAGTTGGTGCACCTTGTCAAACGCAATCTCACACTTTAACACACACTCTCGCCTTTATTCTACGCCTTTCTAGCACAGCGACTCCGCCCTAACGAGTTTACGGGTCCTCCGTTACCGGTTCCCGTGCGAAAGGT,581,48.88,Arabidopsis thaliana
SEQ_345956,AGCGAGGTAGTGAACTATGTTGCTAAATAAGCACTTGCGAGTTTTGCGTAACGGTAGTATCATGTTCGCGCCCCCACCGTCTCTGGTCTTGGTTCTATAGATGCGGTAGGCATTGGTAAAGTGAACCTGCGTTCTCCGCCCAAGGTCGTATAATGTTCGGTCATGTTGAGCATACCCGGGTTCGCAACCCGTGGTAACACGATGATCGGCACCCGTTTGCTGTTCTTACATGATTAACTGTTACGAACGCCCTTCGATCATAATTCCCGGCGAATCATTCCGTAAGCTTCGGCCGGTAGTCTTGGACCAGATGGAGACAACGACAGCGTATAACGACCTACAGCATTAACAATTGTACCGTGGTTCAGTCACATGTTCGGAATCTTTTGGAAGTAGCGACGTCCACTCGGGGCGATGTAACCTAGTAAGGGGTTTTAACGTAGAAGAGATATTTTCAGTATGCGAGATGACGCCGTCCGATGGCGTGAGAACTAAACCAGATGCCCGAGGGAGTTACGTCGTAAAAGTAATCCAAAATTTCTGGTCAGAACTCGCTGGCAGCCTTGTGGTAACTCTCGTGCGCCTAAATCAACGTCACATCCAGTGGCATCTCCTACATTGGCTCTGAACCCATTTCAGAAACATTCGTAAGGACTTGACAAGATTGCGCGGGTTTATATTTGAATGGGATCTTCTGGCAGTCCGCTTGGCTTCCAGCAGGAATTTCGCTTAAGACATTTGGTGAAGGGGGATAACCCCGACTCGCGCTGGAGGCCCCCTACTATAATGGCTTACTCTCGATAAGAATTATGGCCATCAGATCGTACACCACCCGAGCACCGCAGACCGTGCGAGTGCATACGATCTGCTCTCCGGTTTCCCGTTACACCCCCGCTACTACTCATGTGGCCACGGGATTAGATAATACTAAGTGTTTTTTTAGAAAGTCCCTAGACGTCTAGATCGCTGATGTAGACCTAGTAAATGAAGCCTACAGATTAACATTACAGCTAGTAGAAACCCACTTTCATATAAACGGAGGGGGGTAGGACGACAAAACGCTGCTCTTCCGACTTTCGATGCCCACGCCTACCACTCTGTTTTCTGTGTCGGTCTTTAGAGAACGTCTTTAATGTGGCACCGCGGTTGCCCAAAGCAATTCGTTATAGGGATTCATTCTACAGTCCCCGTACGACAGCCTCTAACGGTCGCCAGAACACGGCAACGCTTCACATAATCTCCAGCTTGAGCTTTATCTCAACATGCCGTTAACACAAGTGATAGATGACGATAGGTGGCAGATTATGCGATTCTGAAGGGATGGTTGCCTCGCCGGTTCTCCATAGGTTAAAATCTCGACAACCCCGTTTCAAACTTTCTGGAAGACTAACTGAGTGGGCCACTTGCGACTTCCTAGCTGCTGCTGCGCGGCGCCACAGAAACTGAATGGCACCCCACCTTCATGTACACCACGCT,1476,49.19,Caenorhabditis elegans
SEQ_163908,ATCAGATTTGTTGAAAGGTACAGTGTGCCCGCATATGCTTACCGACCATTTCATACGTTGCGAAACCTAATCGGACCTTCTTTTGACAGATATGGGGGCCGTACTTGCGGTTGCGCCTCTGCTCTGGCCGTTACTTTGATATACCCAAAGGCTCTCTTAAAATAGCCGGATACTGCGATCAGTAAGTAAACGCCATTAAGAGGGGCCTCTTCAGAGACCGCCTGTACATGCCTAGGACCGAATACAAAGCATTATGCACTCATGCCCTACTGTAGCTGAGTGCTTCCGTAGATCCCTGAAGGCTGGCAAGTCTAAACCTAGTGTCAGTCCTAGTTGATGTCTTATAGTCTTCGGTCAAGCTTCGCACGCCAAAAAGTAAGGAGTAAACGCCCTGCTCGGAATCTACCGAGGGTTAAACTCCGAGAACCGGTAGCGGGAGGCGCACGCGCACGTAGCCTATAAGGCGTAGGACTCCAATGGGTCTCTTAACACGAACCTAAGCGAGATATTTTTGCACAACGGAGCAGAGGTGCGTAGACACTTTGATGTTCCTTTCAATAGGAGACTGGATCGGGGCCATGTCCGTCTTGCGGCTCCGTGACAAAGCTGTCATAAATCTAAGGTGAATAATCGTCTATAAAGTATGGTGTTCGACCGCCCTTGTGCTCACGAGGATCCTTAAGTTTGACGAGTGAAGCTCAGAAGCTTTCTGTAGCGGGCCTGGTCGCTATTCGACGCGCTGTAAGAGATCCAGCAGCGCCGTGTGCTCGGCCCTGCACCCGTTCAGTAGACGCCGGAACGTAAAAGTTGAGGGACACGGGCTAGGGCTGTTTCAACACAGACTAATCGCAGGCTACAGCCTATTAGGTTTGTAGGAAGGCACGTTCGCTTG,892,50.78,Caenorhabditis elegans
SEQ_733115,CCTTGCCAACCCCGTTAACACACTAACGGGTAGGTCGCTCCCTGACTTATCAAAAGTAAGTCCAACAGAATGTTAGGGTTCCCCTGATGATACCATGGACAAGAGCCAAGATCAGCGATACTGCACACTGTCTTAACACCCCCGATTGTCGTGGTCCCCTCAGACATACGTCTTACAACTAGGCGGTCCTTCATCTCTAGTTGTGGCAGCTAAAGTTACCGCAGTAGTACCGTTCCAGAGCCTCCAGGGATCACACCTGTCGAAAACTACTCTACTCACGATTGTTCAATTCCTCGCCGCTCTAGCAATAAAGCAGTACTAGAATCGCCGTAGGAGACAAATCCACCGACAAGTCACGCCTAAAGAAAACAAACCACTGGGAGAACATGGGAGTTGATGGTTCTCCCCGAATATAGAATTACTTCTGGGCTGAAGTGAATGGTCCTGACGTAGCCCGTCTAGCAAAAAGAGCAGAACCTCATCGAAGAGTCGCCTCGCTGCACAGTCATGCGAGTGTTGTAATACCTAACTTGGCAATGTCCCACTGCGACAGCTCGTGGGAGAACACAACATACTTACGCTACGATGCTCCGGAGCAAACCTTATAAAGTAGTATGCGGATAAATACACCCTGTGAATCCGTCGGTTCTGTCACAGTTGTAAATAATTGGTATTCTTGCGTACACAGAGTTGGAGCGGTTTGCTTATGAAGTCGCGATATAATAGCCCAAAGATCACAAGATGGCCACTAAAGTCGAGACTAGGAACCATCCCACAGACTTATAAGAAGTTCTCCGTCAATGTCATCTGTCCAGGCACCGTTTCGTATCCGTGTCCCAGACGCGTCTGCGTTCGCGCCCTTCCTAGGATATCAGCAACAAGGGATCATTGGATTTCGCTCCAGCGACCATGGCGTTTCATTGGTACCTACAGGGAATTAACTCAAAGGCAAACTATATCTACGAAACCTTCCCTGGCAAACCAACAATCCCCGCGCGGGGACCCGCCCGGAGTTATGGCACGAGTCAAATCCCAAAGTTTCCGGGCTATGGCAAAGGGCAAGAAGGTAGGTCGCGCACGAGGATAATTAATAGACGGAGAGCAGCATTAACGAGAATGACAAAAATGGGCTCGATCGGGAACGAGGTCCTCTACGAAGTACCGGGAGACTCGAGCACAACACCAGCACCCGTCACAGCTGGGGGCCACCTGAACAGCCCTCTCTATACAACGGAAGCCTGGAGTTGTGAG,1251,49.96,Mus musculus
SEQ_550367,CGAGCTTAGGACATCCAAATACGCATTCTGAAGCCCGCCTTTCTTCACATACTTTTGGCGCCCAGCAGGCATTGACAACATTTGCTCACAACACTTTGAGTATTACGGGCGCGCCGCCATCAATACACAGATCTTAACAGCGTAGGCTGCTTATCTAGTCCGACTGCTCAAGTGTACAATTAACACATTTGTCGCTCTTATCCCCGTATTAGTGGCGAAGGTGATTCCCAACTAGGGAATCGACTTCCAAACGAAGGTTTTGAGAAGCAATGAGATGGCGTCAGCGCATCGATCTATTCTCCCAGAATATAGGAGCCGACAGAATCGACGCGAGCAGTTGCTCCGACTAAAGTTGGTATAGGGATCTAGGGGGCAGTAAGTGGTACTAGCCAGTCTGTTTACTATGTTATAATGTGGCCGCAAGTGGGCTAAGCATGCTAGCACAAAGAAGATCAGATCTCAACTTTAGGTTTAGCCCATCGAGGGGACGCCAATCGACCGCTTCCAGCGCCATCACCGTCGCTTGGGCACTAACGTAAGTGTAAAGGGTATACGGGTGGTCCGGCTACATGGGATTTCATTCTAATCCAAGTTTGGTATGTGCCAACGGCAGCTCCGTTGGCTGATATAAACAATCCAGTAGGTCCCTAGCGGTGTGATGCACCAGAATCAGAATTTGTCGGGTCTAGAATCGCGCGCGGGCCCTGGCCCGAGGAAAACCTCTTGGCATAATGAGGCTGAGATTACCTGTATTCAAGCAGACTTTCTACGATTAGTTGAGACATGGCTTGACTCCCACTCCCATCATGTAATATGCGCGTACCCCTGAGTGTTACTTATTGCACCGCAGGCCGCGCACCCATAGGGGATTCACATTCTGCCGCGTCTAGTTTTATGTGCGTTGAACTATAGTATGCGGAACTCTAGGATCCGAATCGGATAGAGGTAGTAAACCCACGAAAGCGATCACGATCCTACACCAAGGAAGAGTCATATGGAATGAATTGAGTTAGACTGGCACCCGTAGTGTCAATTAGGCTGCCCCTATGCGTAGCACTAGCCTACGGAGGCGGCGTGTTGTGTGATTGCATCCCCGGTCCCACGCTAGACTCTGCCCTTAGGAATGAAGGATCAGTCAAAAATGGGCTAGGCGCATGCCCGCCGTAATGGTCCATGTGGCATCTGTGTACGTCCTGGTACAACACGGCCTATATTTCTTCTATCCCGCTCGCCGCCGATCAACAAATTAACTGGCCTGATGTTAGTCCATGGGTCCGCTTCATGACGCGTACTATTTTCTATACAGACGTGGTCTGCGCCTATACAAAATTACCGCACGCTACTTGGTCTATGAGCACACGAGTCAAGCGATAAGGCATTGCGTTCTTTGTTCTTGTATCGGCCTACAGTCCAAGCAGGCGCCGCGACTGCTTCCAAATACCCAGCGCAAACAGACATTAGACATCGCAATATGGAAACGCTGTCAACCCGCGACACGGAGTGCGCAGTATATTGAGACCTGGGACAACGAATCGCCCACTCACTGTCTTACCTGATAGACTTTAAATTTCCGCGACGTAGCGTGAGAGAGAATCTCGGCCCCTAAATTTGTTACATCCTTTCGCGTTCAAGAAGTACTTTGATCTAATATGATCCCGGCTCTTAGCATGCATGGCTAACACGTCGAAAACACTTCAATCCCCGTGAGCGCGGTATGGGCATAGACGGCCGTTGGTTTTAAAATCCTATACCGCTCGCAAAAGCG,1765,49.8,Saccharomyces cerevisiae
SEQ_818962,AACATAAACGAAAGGTAGCTCTCTCGAATCCCCGTGACGGTCAAGCGTTCAGATGTACTGCCATAATCCCCGGGAGACCCTCGAGTAGCAATTCAGCTCAGTCTCCAAAAGGAGTAGTGTGGAAGGCTCACTGTCGTTCGAGTCGGGCAGCTTACGTATAACCCAATAAGTCAAGGATGGAACACTTCTGAAGTCTTCATCTCTCATGTTGAGGGTTAAGCAGCAT,226,48.67,Drosophila melanogaster
SEQ_312932,AACGAGTTTACGGGGAGAATAATAACATTCGACGCTTCAAGGTAATCGGCAGGAACACCCAATATAGGCGTCGTCCGTTTCCATTCAATTCCCACATCAATCGGGGCGTGTGATCTGAACATGAGCCGTCTGTAAAAAATAGGGTTCGCAAGCGAAGTAGAATTATGGGAGGCAGCTCTACTTTTGTTCATAGTAACATGGCTCCCATCAGTTATTTGACAAGGAACTTGTAAATCAGCCGGAAGTCGCCCTCGAGCTCCTGATATATGACTTAGATGACTCGTCCTTTCCCCAGGCCTGTTGTTCGTAGTTTAATCGACGGCCAACTTCTCAGGCAGAGGTCGTTGTAGCGCTCCTATGGGTATCGTCTTTAGCCGAACTTGGTCCCTTTTTCCAGATTGGACGCGGAAACGCTTGTTTGACAGCACTGTTGACGAATGTATAGGCCGTCCGAACCAAGTACAAGAGCGGTAAACTCCCATAGTCATTTGCATCCCTATATGCTTGTAACAAGTTATAGGAACAGACATCTTAAGAATCCTACTGTGCCCCACAATCCTCACGGACATTTAAGGGCAGCTATTGTCGTTTGTGTAACCAAATTGACCGGAAATTGAATCCAAGCCATTCGAATGCCGTGATTGAAAGCGAGGGCCTGCCGGAATAGCACGTGGTCCTAAACTGTTCACGCTAAGTATCATGCAAGTAACCAATTGTGTGCCCAGAATTTGCAGGGATCGTACTCAAAGGCAATACCCAACAAACGTGTGAGGCCGCATTTAAAAGTCGGTCCCACGGTGAGTGCTAGTCTTTTTGACACAATAATCTTGCGTGTTGTTACACATAAAAACCCGCGCTGGCCCAGTCAAATTCAGCAGCTCTACCGAGCAAGGAAGAGGTCCGTCATAGGTACGTAAGCTCTTAATGGCCAAGCATACTTGAGTCCTGAATCTCGGTAGATCATGGCGTCGTCGGCGTAGCCCAGGGCGGGCGGTGCCCCGGCAGGGTCGAGAGGGATTTTCGATCTTAGGATTGTATTGTGTGCGGGTACGGGTCTGCTAGCACGCGGGTTCGTTCAAAGGGTAAACAGAGAGGTTATACCGCCGGCCGCATTGTTTTAAATAGTTATACAAGGCGACGGACGGGCGCGGGTCATTAACTCAGTACTCTAGGCATGCTAGCCGGTACTAATTACCTCTTCTAAAGGAGGTTCTTGGGCAGTGTTATACCGCTCGGAATCCCATGCACTCTCCGGGCCAAGAACTTGAGAAAAGAAAACACGGATCTGATGGTCCGGGCGCCCTATACGGGTCGCCAAAGACCGTTCTACAGTTTCTTTACTTCGTGACAAACTAGCCGCGTACGACTTTATACCGATCAAGACTAGATTCGCAGGGGTCCGGCTAGTCGTACTTTCAGCTTAAGCCAATCGTACGTCCACGAGGACGAGGGTCCCCCAGTGATCTGCCCACAGGGCGCAAGAGCCATCGTGGGTGCCCATGGACATTTTAAATCTATTCACGGTACCCTATAAAAACATTGGCGCTAATGTTGACGCCCAAGTAAAGTAAGAGAAAACAACTCATGTACACAACGGGGTGCGTGTCCTCGGTCCTGCTCGAGTGCACCAGCGTCACTACGCGAGGACAGGACTTGAGCATGCACACGAATTACTATGAACTTTGGCGACAGACGTGAGCTGATACGGGATGCCTTGTGAGGAGGAAAGGGTAGCCTTCACAGAAGGTGCGTTAGTGTGTCTTGGATCGGCCGGTTCTGATTCCTCCGAATACACGTCAATCTTTAGGTACGGACTGAGTCGCAAGCCCATAGGAAGAAACGG,1843,49.7,Mus musculus
SEQ_527947,GAGATCGAACAGGTGAGTAATATCGGCTGCGGGGTTTCCAATCTCGTTCATAGTCGGGGAGGGCGAGCCGATTGCGATTCTGAGTGTTAATACGGCCATCTGATTAGACCACTCGGCTAGTTTTTAACCCATATGATACGTAATCATGTGACAGCAAGGTAACTGTCGAGAAACAAGTAGCGCCAAGTAGGTAGTCGCTACTCTGGGGCATGTGTGTCTTCGACACGTGGTCAGAATATACGAGTTGTAGCGTTGAAGCTTGCTTCGGTCTGCCTCACCTATGACATCCAGATGAAAGAGTTCGAACGATCCACGTAGCTGATCCCCGCCTTTTTTATCTAAGCCACAGACCGGGCGATCAACTGCGGCATTGGACTTACGTCGTCCTAGTCCAGGGAATAGCTTACGTTGTGTTATGGAGATTCTTCTGAGGATTTTTCGTGGGTTCGGTAGCACCTCGCGGATCAAAGGTTTCGTGTCTGGGCGTCGTATCATTTCCCGAAAGTTCGTCGGAAATAAACTGCGCGACTCGATATGACTGGTATGCAGACGG,553,49.55,Arabidopsis thaliana
SEQ_387181,TCTCTCTGACGCACGCGACTGCTTCCCGTACATTTAATTGGAGCGTCCCTCCTCATTTCTTGATGTTGTAGGGTATTTTAATGTGGACTCGGGATCGCCGCGCCCCCGCCTGCAGGACTAAGAAGGTCAATCGTGATAAGGGCAGGGGAAGCCGTGAATTCTGCGTGAAAAGGTGGTCGGAATCTCTGAATTAAAGCTCCACAACTCGGGAACGTTATTCAACAGTGGCTTAACGCGGTATGATCTTGGCGACCCGAATGGTAACAATACATGTTACAAATTTCCTTCACCTGCGGGTAATGCGGTCCCGCCATTCTAGTAGCGTAACGAGCACCGGAATATCTAGATCAAGATCTACCCCCACTTGGTTGAACAACTTATGTGGACCACACCTACTACGGACAGGATGTTACTCGTGCCTTCAGCATTAGTATGTTCAGGTCTCTTGTTCTGGTTCCACCTGGATGATAACGGCCGCAGCACATTGTCGTACGTACAGGACAATGAACCTATGGCACCCGTATTTAAGGGATGTCAAACGGGCAGGGCGCCACGAGGAAGCGCCTGTTTAGTCGGCTATGCTTCTAAAACACCGACCGCAGACTCATAGTTTGCGCTTATCTGATCATCTTCTGTCCATGCTATCCCACGTGTTACAGCGTACTATCGCCTGGATGGGTAAGTGTAGGCGGACCGATCACCGAATTTGCCCATGCTCACACACTGTGAGGAGTTGCATATTCATCCGTCACGAAGCTCGCTCCAGTTACCGGCGGCAGCCTATATTCCCCCTCGCGGGTGCCTCCAGGTAACGATCAAAGCTTAACTGCCAATACGATGAACGTCCTACCGTTGACTAGCGATCTAACTGGCCGTGTCCCAACGCTGTTAAAGTCTCAAACTCTATGAGTAGGCCTTAAAAGATCGCAGTTAACTCACCGGTTGCCTCTCTGTATTCTACCTCGTCACGAGTAACGGTCGGCCTCAAGCACGTTTTCTGTGACCGACCCATTCCATCTGGCTTAGGTCGTTTGGCCTTGGACGGGGCAATTCTGACTTTGTATCTCTCTCAGTCTGACAATGTGCGGTTGCGACCGACTTCTGGGCAGCATCTGAGGCTGAGCAACTTCTGCTAGCCATTGTTAAGAATGATGGCGTTTGCCCTACCCTAGTGATTCAGGGATCAGCCATCCCCTTAGCCTTCTCGGATGGGTTACTGGTTCTCTGCTTCTAACGACAATGGGTAGTTAACTACTCCGGATCAGAAGTTAAGCGCGAGGGCCCGCGCTCACAAAACATCGTTTGGCACTAAGAGCCTTCGACCGATAGCAGACAGGTACGTTTGTAAAGTACGTCATTTTCTCGAGCAAGTGAGTGTAGTCCATGTGACGGCACACAATCCGTATCACGGTACAGTAATTTTTCTATGCATCTTTTCTACCCGTTCGAATGGGCAGCCATAAATTCAGAACTTAAATGCGCAGTTCACGAAACGTGAAGACCCATAGGCGAGAGACCTCACTGCGGCTGACCTTCCTCGTGGAGTGCTGTTGGTCACGCCCCCGGCAAGGTTTTTGACTGGTACTCCCTGACTTTCAAACATGAAGTCCGTGTTCTTAAGTTAAGATCTAGATCTAGCTTTCATATATAGAGGAGAGAAGAGCAAGCGGCCAGCGTACAGAGCCTAGCCAATCGTTGCGAATACATCTACGAATTCCAACGCGGATTGTTTATCTCTGCCTTGCCTCTATGGCGTCCTGGCGGTATTGAAGACAGTTGGTTGCGAGCAAGACGGCGATCTTGGTGGCCGGCTATAAGAGCATAGCCTGTGTCTGCACTTGTCATAATTTTTCCTTATAGCCGAACCCATTTACGTTTACCACAGAATAA,1890,49.89,Caenorhabditis elegans
SEQ_262168,GCTGGTCAAGGTGGATAAAAAAACGTACCAGAACCAGACAAACAGCGTTCGTCGAGCT,58,48.28,Caenorhabditis elegans
SEQ_694866,TAAGTAACGCATACTATGTCCTCCATCTACCTCACTCGGGTCCTCGATCCCACACACGGTGAGGCTGGCACTCTCTCAGTTTCGCCGGAACGGAAAGTCTGTTAGTTCAAACCGTTCGCCGGTTCCATTGTGTTCACCGTATACCCACCTAGCTACGACCTTTAATAAGTTAGCTCCAACCCTAACCCAGCGTGTTAGCTTCCGAATATCAGCGTACTTCCCGCCCGTTTCACGGTCCACTATTAAGTATCCGTATCCCTGCCACTAATCCAGGATCGGACAAAAACGCATTTACATCCAGATTTCGCGGAGTATTGCTTGAGAAGGTCTAATTTTGTTCAAGGTGCCATTACCTGCCCGCCGATTACGCCACTGCCTAGGGATAGAGTTAGCAAATCCAAGCCTACGATCCTGGATAAAGTCACTACGCAATCATATCACGACACAACTGACGTGATGGGGCGGGGCCCCCCTACCAGACGAGACCGACCATGCGAATGTGGGTATCCGATGGTCCTAGTACCGCGTCTATAGCAAATGGCCATCGCGTACGTCTTCGATTACTTATCCATTTCCGGATCTAGTAAGACTCGGTGGGATTTAAGCTTTACGGGAGTGTCTATCAAACTGACGCTTAGCCAAAAAGCCCAACTCTAAAAGTCTAACTTACTGACGTCTAGGGTAAATCCGAAGGGATCGCCCTGACCTCGTCATGAATCTAGATATGCCCAGACACTGTATTTGAGTCACTTATTGATAGGGGGACGGTAGGAACAGTGAGGTTGTCAACCTAACTAATTCGATTAGCGGCAACAAAG,818,48.9,Escherichia coli
SEQ_242496,ATTCCCTGGGGATACTTTAAGCACTTGTGTCCCCAACTTGTACTAGGCAAGGGGAGGTGTCCCGATACGGAGGTCACACCGCGTTTTCAGTACGATACTAGGGTATCGGGGTTGAAATAGGCAATAGGCGCGTATGACGAGCGGATTAGCCATGCCTGTTCCGTCCCCGGAGGACTTCGCGAACGTGGCGCGGAGGCGTTAGGTTCAACGGTGACATACGGGGTATACTGAGTCGCAAATGAACACGTTACAGTGCGCACGTCTTCGGTATGGAGGTCTGGTCGGCGGCCCATACGGCGATCGAGTGGATAAGACGATCGCGTAAGTTTGGTTGATGTCTAGGAAGCGGGTACAATAAGTACCCCTGAGGCACAACATGCAGCCCCCCAGAAAGTCCACTATTCAACTTTTGCACCTTCGCTATGGTCAACTTTCCCATGAGGGGTTTACCTCCCGCCGACCTTCGTAGTCCGCGCCCGTCGTCCAAGTAGTCAGAAGCAGTTCAATGTTGCTCTTCATGCCCAGTATTCTCAATTCTCTGTACTCTATTAGGGTAAGAGCCAATACGCCTAGGTTCAGAGGGAAACCGTCGTTCCGGCGACGGCTTGTCCATACTACCAGTAAAGCCACTGCGGCTGGTGGTTAGAGCTATATTATCCATAGAGACGCTCTACCTAGGGCCGGGCATAAAGTAGCACCCAGAATAGCTAATCTACACGTTGGGCCAACGAAGTGCAGTTAAGGGTCCTAGGACATTGAGGTCCCAGCTCGCCCGTAATATTAGCAAACACCTCGGAGGACTTATGAGTGGATGGATCTTATGTGCGGCACTCTAGATCAGCGGCCCTTTAGGTTACTTAATAATATCAATCGAATAGTGGCTATCTGCTCTGAGGTAGAGTAAATGAAATGTATGGAAAATTTGGTGCGACAGCATAATGGAGTACAACCCTACGCGTGGGCTCTCTTGTCCACAACCTAGAAACTAGCTCTCTTCAACAAAGACTTGCCAAGTTCTACGCTGCAGACCGTGTTTATGTAAGGACTGAATTTCCTCGGGGATCGGCTTGGCCAGGAATCTCACATCTCGTAATCCACAATGATGCGCGACGGCAGGTCACGCCGGGCGAGAATGGTTGAGCTCACCTCATCCCTACTACTACATGGAAAATAGCTTGAACGTGATCGCGTGACCTCAATCCGAGCTACTTGCACGAGCCTCCGGCTGCCTGATCCATGACTAGTGAATTGTTTTCAGGATCTCTGACTGAGGTTCTTGTTCGCGTGGGGCGATGGCAGCGTGTGCCATACTTTTGTATCCCATTAAAGTACAAAATCATCCCAAGAATTAGTTCCGGATTGGGCTACCTGCCTAGAAGGTGAGTAACATGTCCGTCAGGGACAAGGAGCCTTCCGTGCTACGGAACGTCGGCAAATCGTAGCCGCGCGTCGCGTACCCACTGTGCCGCAGACGGTATATTGAGAGATCGTAAAATTGTGTTTTACGAAAGAAAGTGACTTACAAAATCGAGTGACATAGGG,1542,50.78,Escherichia coli
SEQ_413418,AGGGCCGGGGGATGGGATCCGTTGTCCTGCCGCGCTATCACAAGAAGTAGATTAATTACACGAGTCCAATAGGAAACATAGTCGAGCGCGGGTTAGGTTGGACACACACCGGCATCCCACCAGGGCCAAAACGAGCGTAGCGTACTTCGACTACCCGGATGCGAAGCAGTACAAAGCCCACATAGCGTGGCCGGGCTCCACGAAAAGATACACGTGGTATGGTTGGGCCGGTGTATCCCACAGTCCTCGAAATTAGACGCTACGCCCAACCCCGAGACAACCATCGCCGACAGTTTACACATATTTGGTCAAGATGATAGGCTTACCACTCGCTTCGTAAGTAGAACTAGCGGGATCTGCCTAGAAGAGGCATCCTTTCCCCTCTCTAATGATCCGCTACGTCAACCAGTAGTGTGATATCCATTTTTATTACAACACACATTGGTCCATGATTCCAAAGCCTCTTGGCCGCGCCTTAGTGATTGGACCTACGAACAAGATGCCCCACGAGACTCGTCAATTATGCAGACTCCCTGTTGCATTTTGCAACTGAATATAAGGGGGGCCGGATGGCGCCATTAGGATCCCGGTTGTCTTGTGTGTTAATTTAAGGGTTGGGCTAAACCTGATGATGCTCTACAAGGTGCCAGTTGCACCACGTCTTAGCCCCTCGCCGTAGAGCGTCGGGTGTTCTGCACCAGATGTGCAAGGACAGGCTAAGCGTTACGGCGTTTCACCTCCAGTATGGTGCGTGAATATGAAGGGGTCTAGTAGTTAGTTGCTGCCGTATTTTGGAAGCACCGTCCAGAACTATTAACGCACCATCTCGGAGGAACTGAAGCCGTACAAGCTCTGTTGCGCGACTCAGAAAATAATCCCTAACAGCTCGGACACCAGTACGCTACTATACTCCTTACCCCACGCTCGTCTAGCTCACACCGATCCACTCGGCATGAATTCAGTCTAAGCCTATCAATCCTTTACAAGGCCGAACAAATAATAGTGCGTTGGTATCTACACCGCGCAGGACTCAGAGTCCAAGCTCCTTTAGTCGACGGGACAAAGTTTCTCAAGTCATCCATGACATGAAGACATTGATCGCCGTGATGCCGCGCGCTAAATCCCATATTTCCATCTCTCTCCGAGGGGTCCGACGGTATCGGCACATGCCGCGTTCGCCCCTATAACACCCACAGACGTGGCTAACTAACCCATAAATCCGGGCCGCAGAGCCTGCCTAAGATCCGAGAGACTTGAGGGCCCGAAACCTTCATACACTAAGGCTGCGGTTGTAAAGGTCCAGCAGCTAGCAACGAATAGTAACATGGGGGGAAGAGGATAACACAAACAGCGAGCTGTTGTGGAACTACAGAATGGTATACAAGGATATTGCAAACGTACCTAGGATAACAGACTAATTGGTATCGTTGTCGGCGCGGATGCGCGCAGCAGGTGGTTAACGAGTCACTTACCTGTGTGTTAGCGTCGGACAAAGTGAATTTTCACGCGCTGTGTAACACCGCTTTAGGCCGACAGTGCCTATCAATTGATATGCAGGTAGGGTAATGGAGTTCA,1575,51.11,Mus musculus
SEQ_625784,TTGCGGGGCATTACATCTAACTAAGTGTTCCGTGCTGCAGTACTACCAGTAATTCGAGAGCCAACACTACAATGTGTACCTGCTTGGTAATCTCGCCTAAAGAAATGTGTTCCTTGCCGGAATAAAACGATCATTCTATAACCGCTCGTAGGATGCCGAAAGGCAACACTTGTATCGCGCTTGCAGAATAAGAGTATCGGAGGTATTCAGCTCAGCGATGCGGAAACTTACTACGGAGTGCGCTAGCGGGTTCAGTTCCCCTTGAACTAGCTGGCTTGGCTGTCCGCCCGGCACTTGACGTGGGCTCGGTACCTCATAGTTGATGGACTGCTGAAGGGAAATCCAGTGATAGGAGACAAGTAGGGGTTACGAACATGCTGGTGTAACACGTGTCCACCCCCACTCTGTTCTAACGCTTAGCCATATGTGCATCGTTACGGATTAATGAAGAATTTATATGGTTGCTATAACGAGAGAATAAATAATAGTCGACCGGCACCCGACCGCCAGTTGCCAGTAGAGCCCCTACGGACTGTTATATGTTCCTCGGAATTATGGTATTCATTCCGGTCCATGGCAACTTGTGTCGACGATACTGCATGAGGTTATAGAAAAAAACTTACCGCCTTTAACGAGCGGTCCATAGTCGCTCGACAAGTTTGGACCATACCGTGGCCTATGGTCGTGTTTGTAATGATCTTCTGGCTAAGCAAGATACCCAAACTGCCTGATCATTGCCGTAGTGCTTTCGGCGCTAAATTACGATAGGAAGGGTTTAACTCGGAGCTTCAGGCTACTATGGTTGCTCTGACCCGACCTCATGTAAATTCCTGGCCGGAATTAACCGAGCGGGTTACTGGAACCCAGGTAAACCGAACAACGCCCTTGCGTCGCTCGTGATGAAGGGTGCACGTGCGCGCGTACCTACCCTCTGGCGTGGGATTTATCTTTGAAAAAGAAACATTGAGAACTCTTACTCGGCCGGCGTAGGGCCAAATAATCGTGCGTGCGACACCGCATTCTACGGTGATTATGTAGTAGTACCTCACGATACCGCTGTCCGACACTTTATGACATGAAGACTGCGTGACTCTCGTGGCAAGTTCAGCAGGGCTCATCCCTCAAGCACCGTCTAGGACCCCGTTTAATAGGCTACCTTAAGTGTCTCATGCGCTGCCACGCGTTTAGTATCAGCGAGGAGGGTTTCACTCTGCGGGGTGCCTATCGCTCACAACATCATCCCCCAGAACTGGTGCTGTTTTACAACCCCCACCACTCGTTGAATGCATACCGTCAATGAGCACAAACCGCAGGCCCGGGACTTGCCCCTGTTGT,1335,50.26,Mus musculus
SEQ_886405,TCTTCAAAATTTGGCACCCTCAATCTAGCCACTACACTTTAGTTGGCTAGCATATACGTAACCCGACCTAGTACATTGTAGGAGATGGATCCTAAACCGTCCCCCGGGGGCAACGCTCCGAACATTACGTGTTCCCAACGTTCTCGAATCCTTATCGTGTTCGAGTAATCGCAAAGGCCCGGAGGCCCAGAGTGAGGGAGACGCATAGAAAAGATGGGGGCAACGCTATGCTCTCTTGGGCGAAGTCTCCGCTATTGTTTATCGAAGACTAACGGGGTGAACTTCATGTGACGATTCAGGGATTTTACTCATGCTCTGTTCGGTTTTTAACGGACATTGCCAGATGCTACTGTCGCGAGCCGGATTCATTCTTAACATCAGTATCAATCCTAACACAGTGGAGGACACTTCACGCAAAAAACCCGCTAGGCCTGGGCAGTTGAGGAAACTACCGTTTCTGCGGTGTAGAGCCTGCCAGTTGTTCCTATTTCCAATTATGTTATTGTTCTACAGCAGTAACCCTTGATTACATGTCCATTCAACCTGCTGAAGATCAATCACCACTAAGTCTTATCGTAGTCTGGCATCGGAGCGATTGAGACTGGTGGCCATGGGCGTGCTTACAGCGTCACAATACTTCTGTCATTGAATGTATCCAAACACTGGCTATGGTATATCGGTTTAAGCGGGCTCACATCTAGAATCTGCTAGTTACAGGAAGACACTGGGGCGTGCGTACGGGAGTCCTGACGAGCTTAAGAACTCCGTGCGGGAAGTACCCTGGTTGACTCATCCGTTGAGTTTTTACGTGGCCAGATGGAGCAGGAAAGCGACTCTGTTAGTGAGTAAATACGACGCGATCAACGCGTCCTGTTGGTCGT,881,48.81,Homo sapiens
SEQ_858949,AAACAAATTGCCACGGGATACGCCAGGTCGTTGCCCGATGCGCGAGGACAGGCCCCAAGTGGAGTCGCACCAATGCTAATCAATGCGAAGCCTGTTAATAGTAAGCTAATAAGTCCGTAAAGTCTAACCCCCCCGGCATGAAATATTTAACTGAGTAGACCTTCGCACCGCTGACGATTTTCGTCTGGTAATTTCCAGCAGCTATTGTCCAAGACTTGGTGCTAGCATGCCTGCACTTACGAGCCGGGCGTACATGCTGCATAACGACACTGAACTGCGGTGAGGTGCGATCAGGGATGCGTGAGTTTCTAATCCCCAGCTCACGGGAGAGGTTCCCACTCACATGTCCCTCTTGGGATCGAAAAAGTAACCGCGCTCGTTTCTCCGAAGGACTCTTGTTCGTTGTATGCTAACAGTCACTTAGATACAGATTACATTTTCGATCCACATTTACGTAGAACGATTGAAGAGAACCCGAAGGTCTATCGCAGCCTAACTTGCGGGTAACCTCGCATGAACCTAATCCGTTCTACACCCATCTTCCTCAGAGCTGTGTCGATATGAGTAACCGCCTTCCGTATTCGGGGAAGGCGCCCTGGCACCGTGATACGTAAGCCAGACTGGAAATATGAATTCCTGGACGACATGCCTCCACGATTGAGGCGTTTGGTCGTTGTAGAGTAGATTGCATCATATCCTCTTGCCGAAATTGGGATGGACTTTCTT,726,49.86,Escherichia coli
SEQ_746636,ACTCAAATTCCGCTCCCCCGCTGCTTCGTAGTTAAGGTAAATAGGCACTTACGCATCGGTCCCCCCAGCGCATCAGAGTCTGCTTGCCTACCTAACGGATATCCGCTATTCGGAATGGGTGATTACTATGTCTTTGCCCACTTTCGGTGATCACATGCTCATTGGAGACCGTCATAGGAATGACCCTTCAGATTGGCTAGAGGGGCGTTCACTACCCGGCTCTGATTCTACATACTCGTAAATAGACTGAAGGCCATGTCGGCAGTTGAGAGAGACGTGTAGTCATGAAGCCCCTCGCGTGAATAATGGGACGAAGCGCCCTGCTGGCCTAGTGTCGCACGCACAGTACATGCCTGCATGAGCTCGATTGCGGTTCACAGGCAACCCCCGCAACACAAAAGCAACCATTCGCTTTACGGCTGGGGACTGGTGCGCAAACCCTCGAGTACTTACTTACTACTTTGTTATGACACACTCCATAGCTATTG,488,51.84,Arabidopsis thaliana
SEQ_715754,GATTAATATTCGGAGAATCACTCCCGTAGAAAATTGTACAGGATTTCGCGACTCGAATCGGGTTTAGCTCGATGAGTCATGCGTTATTAGACTAGACTTCTTACCCCTGTACCACGCGGTAGCAGATGCAGAAAAAGCGATTGGTTAGCACCCTAGACGAATAAGGAGGCTAGCACACTGTTCGTGGGGACAGACTCGTAAGTGGCTTGAACTACGCTTCAAGCCAACCGAATCCCCTGACAAGGACCTGGAATTAGTTTGTTGTAGTTCCATCATAAGGGGCGTTGCGTTGTCTCGCGCTTTTCTGCAGTGTACAACGAGAAAAGCGGGGCATTCTGGCGTCTAAGCAGCTTAGTCCGTCGCATAATTTCACTGGTTTTATCGCAAGTTAGTCTTTGAACAGTTTATATCAGCCCTACCCAGCTCCGGTGTGACTGTATGCGGCAATGTTGCCGCAACAGTGAAAAAACATGATATTCAGCCCGAGCTGGCTTGCGATGTTGATCGACATCCGTTTAAACACATGTAGCTTTCAATACCCAGTACTCGTTACGTCAATTTGGGCCACTCCGATCTAGTCTATAACCAGTATGTTTATATTGACCGCGCTGATGGAATCAAGCTGTGCCTCCGGCCCACGTACCGAGACAATTACGCTTACCCAGGCGGTGACAGGGGAAATCAGATTAGGGTCGATGGGTTGCCTAGCGGGATGTAGCGTAGAACGACTACGGTGGCCTACACGCTCCTCTTGCGATTGCCTCAAGGCTTATATTGTTCGTCTATACAGCGCGCTAACATGATAGCCTTAACCTGGATAAATGAACTACAATCACGGCGGAACGGGCCCGATTGCGCAAAGTGCTGAAAGTCTACGACCCCAAAACGCGTATGAGGTCGGTGCAAGGGAACATCGTGCTTTTTATAATAGTCCCGGAGCGAGCATACGATCGCTTTCCTGTCAAAATAGCGACACAGTTGGACGTAGCCTGAAACTGCTTGGACAAGCGTTCTCGTTCGCTGGGTTTTTTCCACCCGTCCAAAAATCTCGCTGCTTTATTTCTCAGTGTATGATGGTGGGCCTATGCGCTCTCTACATGTCAAACCACTGATTCGTCCCCTCGCGATGTTGGACTAACTGGGATGTTACGCCAAGTTGGAGAACACTTCTTCTTACTAGAATTTCCTTGAAATCGCAACAATGTGTGAGTGACTTGAACTGACTCTTGACATTCCTGGGGTACTCATTACTTTAACGCGCACGCTGCTAGGACTAATGGATATTCCACTGCTTCGCATCGCGAGTCTGATGCACCAGGCAGCTCAGGTGCCCGAACCGAGTTTAGCGCGATCGAACACTAACCACCGATAAGATTGTAGAACCTCTCTGTTGTCCTTGAGCCCAGCGACCAGTCAGGGGCCCACTGCATACTTTCCGCCTACAGAAGGGCTGACAACTGACTGTAAGCTCTACAACTTACTGCGCGGGTTTCGGTCATTCTAAGCTTGTTTTATACAACTTGTTTCCAAAGCTGCACATCTCGAGACTTCCGCATG,1557,48.88,Caenorhabditis elegans
SEQ_734605,CACTCGACGTCTATGCCCCGATGCGCTTCTGAACTTCAGCTTCACAATTTCTGACTTTCGTCTCTATACCTTGTGATAGCGTTCGTGGGCGTATTTTCAATCCAGCATTCGCTAGCCCAGGCGTGCTAATTTTCGCTAATAGGGAGCCTGGTAGGCCTAGCGAGACCTGCACAAACGGCGTAGGTGGATCAAAGAAATAATACTCTCTCCTCAGCGACCGACGTTAACCAGAGTCACTGTTTGGTCTTGTATGATGCAATGTTTTAACGTAATAGTACGTCGATTAGCCGAATAAGGCCCTTTCCACGACGTTTATTGTAGTGAGCTCATTGGCGATTAGCGAGGTACCGCTGAAGCCTTGCCTCTGATAGATAATGCCACATGGGGTGCACAGCGAGACGCCGCACCGAGCAGCGACCGGGAGTGGATCCCTCCTAGTCACTGTCCCCGTCCCTTCGAGAGTGTTCATCGGGCGAGTGCGGTTATATCAACGCAGTTCTTAAAATTGCTGCCGATTTGACTGGTCTACGCACGCACCGGGTGGGCTGTACGATTCAGGATGTATACATGTAACCTCTGTCCATTGCCGGGACAGTTGTGACAGACTGGACCTTGCCTGGTTTCGGTGTAGGGACAGCGACTAATTGATCCCGCGTGCAACTCGCTGCGTAGAGCGCCGGGGTATGGGCTGCGGCATGAACACACGTTCTGATGTGTGCAGGGGATGCGTAGACAGCCTAACGAGCGCACTCATTGGCAGCCCGAATCCTTACACACACACCCGAGCCGGGGCCGACATTGCCAAGGCCAGCCGCACAGACGAGAATATGAACAGGATTGGGTCGCAACTTCAACAGGTTTGAATATCGTCCTACGTTCTTCCGACCTTTTAACGTACAGTTGGTCTATGAGTTTGTTCCTAGCTGCGCCTAGTGACCCACTCCTTAAAACCGGATACGATAGAGTCTAGGCTGTTCCGAATTCGGTTCCGCCAGTACTGATCTCTTGAAAACATGTTTATCTCGGATTGGCTCCTCATTTTAAAGCAATAACACTTCCACTCAGCTACCCACGTTGAGAAATACCCAAGGATGCGGCGAAGCATCTTGAACCTTCCACAAGAAGGGAGGGCTGCATCCTGTTAGTTTGTAGAACTCGCGACTGGCGATCAATCTGGTTCGGGTTGAAAAAAAGGGGCGGTTCTTAATTTGAACCTATAGGAGGAACCCGTATCCCCATAGTAGACGAGAGGTAGCACTCGTACGATCGGCGATCAACGGTCCGCCATTGGAACTAACATGCCAGCCGTCTCAAAGTTCTTCCATGGTCCAGTCCTAGTAACCCTAATCTCGCCGGATTATATGCTGCCCCTCGGTAATTGACCACGGATACCAGGTGCTCTTCTGGATAGACATAGTACAAATTGAGTATGATATAAGGCTGTCCATCCACAAGATGGCAGTACTCTGTTCCCTCATCCTTGGACAGACTTGAAGAGGAACACGTGAACCGGGTCTCAGCGTGAGCTAATCTCATGGCATAAGACCCGCTAATCTTCGAGCTTCCCCAGGTTTACTCTTGTCATCCTTGGATGGTAACACGTACGTGTGGGGAGCGGGTATAT,1624,50.92,Caenorhabditis elegans
SEQ_580852,CTGCTTGGCAAATAACCGACTCATAATGTTGCCGTCAAGTCTGAGCCTTGCTAGAACTTGGTACTTAGAGGCACGATCCCCAATAAGAGTGAGCACGTCAATACCTGTGGATCCAGGAGATAATCCCCGGGCATTGAGTCAGGTGGAATGTCTGATTGCATAACATCAGCTCTCCAGCTGCACTACCCTGTCTACGGTTACATACTCCCAGCTTTAAGGATTCTAAGCACAGAGCCCTTACTGGTTCAAGATAACTTACCTCTATGAAAGGCACTTGAGTACCGAGTTAAGGCCACAGTCCCTGAGTGCCAAAGACGCATCGGTGTGACCGATGGTAGGGGCTCTCTCTAGGAATCGTCAATAACGCATTAAATCCGCATGCTGACTACCTCATGCGCTTAATACCGTATATCTGGCTGTGTTAGGTACTTATTTGTATTGCATCACGCACACCCATGTTGCACGTAAGGGAAACGACTCCCCCTCGGATCGTTGGCGACCATACCTTAATATGATAGGGTGTGCAATGAACGACCCGTTTGACTGATGCCGGGTCAGCTGTTCTATCATATCGGTAGATCATTTTTATCATTTTGCTTCGATACCTCCAGGAAATCTCAATGATGCTAGACTTGATCATGCCCCGCCGGTCCAGAAGCCAATTAGATTTGTTGAACAGTGACCGGTGCACGTCCCCGCGCCAAAAGGACGCTTACTATCTAGTGAGACGCTCGAACACACATTTGACCTGCGCACTAGTTATCACGATGGAGCCACAGCCCTCCTCTCATGGGTGATTGGGACATTGCCTAGCCGAGTT,820,48.78,Drosophila melanogaster
SEQ_901162,AGATATAACGAAGGCTGTCAAGTGATTACATAGTGAACTTTAAATGGATGAGCTCATACTGTGTTGTCATTCAAAGCTAGCTTACCTGGTCAGTTCCCCGCGTAGTCCCATGTCGACGCACTCGCCATGGCGCATGGCTGCGCCGAGCGCGGACCTAGAGCTACCGACTCCAGATGTTAGTGTTTCCAGTACGATTTTTAACCAGGACTAGAATGATAGGGACCTACGTTCTTGAGTGTACGGATCCACGCGCTGTCCCCGACCCTGCCCCTAATAGCACTCCAGTTTGGAGATGTCATCGGGATAACCCAGAGAATGCCTGCGCCCGTTATGACAGTCTTTGTCGTTCAGACCTAGTACTTCGAACGTGAGAGGGCATTCGACTCCCGATATTAGATGGCTAGAGCCCATGGCGTTTCACCGGACACATTTGTAATCGGGTGTCAGGGGGCACGAGATAATACCAGGGTTCTTTGTCTACTCTCGTGGTGAAAGACTTGGGAAGGCCGGAAAAAACACGTTTCATGATGATTGGCCACTTGAGCACGAACGCCGACCGAAAATGAATACGCTCAGCTTTATAATACGGGTCTACGGTACGGAATCAGGTGAATGGTGTACTAACGAGAGTAGGAAGACATGAGACCGTGTTTAGTTTTTCTCGTCGACTTGAACACCAGAAGCCAGAACAATGTAACGGTGCCGATGGAAAACAGATTTTGCCTTTAGAACGCGCTATGAACCGGCACCCTTAGGTTCATAAAAGCCGGGCCACATGAGGTGCATGTAGCCCCTACAATCATACTTATCCGTCGAGTTCAAAAGAATTGCCAATCTTGAATCCTCGTAGTGTTCCGACAACATTACGAGATGCTTTAACGGGCTCGCGACCGATCACTGTGGTGCCGAATCGGTAGACACCATCACATGGCTTTTACGGTGCTTTTATTTACCTGTGGGTGCGTACCCGGACCCAAAATTAGCTCAATGCTGGTGTGGGGGCGAATAGGGGTTCTGGCGGATGCTAAGCTATCATAGGTCGCACATTGAAGCACCTTCCGTCAAAGTCTTTCGATGCGGTCCATTATTCCTCTCAGAACCTCTGAAGGTCGTGGAGGCTCCATTAGAGCGAATGAGTTGTCGAGAACTTGCGGGAAAAATATGGTTAGCGGCTTGCGCCTTAGTCTTTAAACTGGGTGGTAGTAATTATTACCATTGGATAGACTGTATTGGGAATGATGTCATTTAGCCTCTGCAGCGCTGTGGGCTTTATGAACAGCGGTCGTGGCCCTGTGTCCACCGGGTGGTATTAAGTTAAGGTTACTACACTGTAGTGAAGCTTTCAACCGATTTCGATCAGATATTCCTCGGGAATAGTCAGCCTAGGTCCACACATTATTTGCCCAGAGTTACTGCGTACGTCGCGGTATGCACTTTTCCCCTGTCGGCGCCTTGACCCGTCAAGGGCAACTGGC,1475,49.42,Caenorhabditis elegans
SEQ_521603,ATGCGGTTCAGACCTACGACTCATAGAGAAAAAACATCTCACGGCGTCTATGGAATTACACAGGTATTTTCGTCAAACTCTAGAACTGAGGGTAGTTACTTCAACTCCCATGCCTGACCCTTGGAGTGCATCGCATCGTTGTTCCATATGATTAGTAAAGGTGAAATTGTCGGCTATCCTAGGCTCCGAGCTATAAGAAACGTTTTCCGTTCAAATGTCTTAGAACCCTTCTGGGGCAGCGGACAGGAACTCAAGCCCATTAGAAATAAATCCTTGAGCGAGGAATAACCGTGCTGGGGTATGACCTCATAATAGACCAGTCAAGAGGGACCGACGCCTGAGAAAGCTAACTCAGTCCCTGATGAGTGGACAGAAATCATCACCTATTAAGCGTCGCGGGTTTGACAGTAACAAGGATTGTTTTGGTGACGCATCTCCGGCAACATAATGGGCCACCGCTTTAGCCACAACTGTCACTTGCGTGACACGGCCCATACAGGTACGGGAGAGTGGAATCACATATTTGGAGGCGACAATTGAGGGCTACAGTTTTCGACTTCATATCAAGGTATACGAAGGGCCCAAAGGTGACTAACTCTCCGAGCACCATAGGAATAACAGATCTCCATTGCCATGAGCCGCCCTTCCCTGACCACCTAGACAAGGCGCAGCATTTTCTCGTAGCTTGTCACTCTTTGAGGGACGGAATTCAAAGTGCTCGTTGCCTTCTGCAAAAACCCATCAACCACGCACGATCTGCCTGGAAGCACTCTCTGCGCTGCTCCGCACATGTTGTATTCTCCCTCAGTTCGAGAAGGCTGAATGTGTACTGGTATAAACAGGCGACAATTAAGGGTGTCCAATTCCTCCAACTCATACGCCCATCCTGATAGTATACGAGAAGGCCTGAAGAATCGTACCGCTCCTTCAGAGTAGGCTTGTCTTTACTTTCCTTCGAGTAACCATTCGACTACTGTATTAGCCAAGAAAGCATCTAAAAATGACTTTCCTGCGGGAGTGGGAAAGTAATCTCATAAGTGTCAGGACTTCTGGGACACCTTTCCCGTGTAACCTGAGCCCCGATAAACTGATGACGGCTTATAACCGTGTAAGAGGAAAGCCGGAAATGCACATAGTGGGATCAGGTACCCATCGGGTCACATGATCCGGATATTGGTACGGACTAGTGGCGTAATTTTGGTCAGCGGGTGGAGTAATAGAGGAGTTGCTTATTGCGCCGCCATCCAGTGGTAGTACCGGGACAGAGACGCGGGACTGAATAATTGTGTGATCGAGGAGGCCCTAGTTCACTACATATCTCAGGCAGCGGCTCCCGTTTATGCTGTCAAGGCCTTTTGACCTCCACGAGATC,1372,48.76,Drosophila melanogaster
SEQ_933784,CCAGATCACGGACACAATGTATACAATTGACCCATTGAGTAATCTTCTACGATGGCTGTTACGCGGACTGCAATACTCATAGACTGATCCTAGTTTCGACGGTACCATATGTGCCCGCAACGCGGGTCGAGGCTTCGTGCGCGGGCAGCTATATTTTAATGGGCCTACAAAGGTGTCGAGCTTATACCGGATAGCATACGTAGACCGTTTGGGAACTATGTCTTGGCATCGAGCGCCATAAACGTGTATCGACTGACATCGGGGTTTTTGAGGTAGGTTCCGCGGCGCGGAAAGTTCGGTTAAAGGGAACAATTATTGAGTACTACCTAGGACTGATGATACATCTGGTGCGCTACCCGACCTTCGACCTCATTGAATTACATTTGCCTTATGAAATACATATTCCAGGAGCCTACGGCCTTCCGGTCGTAGGTCACCTGTGAGCCGGCAAGCCTACGCCGTAGCAACACGCTTATTCCGGGGCGCGTGTTCGGGGCGTGGCGTCTGGTAGTACGCGCATTTGGATAAGACTCGCTGAGTACACGTGTTGCGCGAAGTCATTCGCCCAGTATGGTAAGAACTAGGTAGACTCAACACGGCCCGAACAGTTTAAAAGTAGGACTGTTACCCCGGGCTCGGCCACGTGTGCCCCTGCGATTTAGTTTGCCTTATAATTTACCGCTGAGACTGCATTGGCGCCTCTGCTCTGACACAGTCTTATCTCTAGGTTGTTTAATAGCAGGATGTTATGCCACTTGATCTTTTTTCGTCGGTAACTCTGCTGATGTACTATCCTCAGCACGACCCATATTCTTTCGCTACTATTTTAGGCGCCCAGGGCTCTTTCCCAAAAAGAAGTGGATGACAAAAAGTCAAAGTTGAGGCTTCCCGAAAGGGAGAATCTCGACGACGAACGTTCTGAATACTAATTCCTTCTAGACGGCAAGTTCTCTCGGCGATAAAAAGACGCGTCCCTGCGGAGAGGGTGAGGTGCGTATGCACTCGTAGTTCCTCGATAGGTCTAACGATTTTGGGCATTTGTATCTAACGG,1051,49.76,Escherichia coli
SEQ_528553,TTACTACTTTACTCGGAGGACTGACTCACTGTCGTGATGTCCTGTAACAGGACGTACATCGTGGGTGCAAGAGGGAGGACGCGCGTTGGACAAACAATACTAATTGAAAGCCTATCCTCATGCTGAGTTAAATACTAACTACAGTTATAACGTTTCGGGCAGCACTAACCATAATTATCGGATTTCATCACACGCAGACAGTGCACTAGAGCCGTCACGATTACAGGCCGTAATATAAATCCTGCATGATACAAGTCGGAACCGGAGCGAGCTTGGCCCTTATCATTGTCCTCAATATTGTTAGTCCCAAAGCGGAGGGGATAAAACTGGCTTTGCCACGTGTACTATTGAAATTACGCTGAATGGTCCTCACGGGGACTTACGTATTAAGAGGAGAGCCATATTACTATGGCCCGCAAGATCACTCCATAGATTTCAGCTGGGTCGTTTTGGCTGTTAGTGACGTACACCCCCCTCCAGCGAGGCACCTGATAATCTCCCCGGCGCCCTGGCGCCAAGAATAGGGGCTGAGAGTATAATTTGGCATGCTCCCGTCTGCGGGTGGTGTGATATTTGTTAGTGTCTGCGCTCATATTTTGTAGATAATCAACTATTGGAAACCAGAAAGGAAGTATTGGCTTGTTCGTTATGCCCTAGCTAGCATTCGTAGCTGATTGTTACGACGAGGCCTGGAGCCAATAAACTAGCGCTCCTGAGCGTCAGGTGTCCAGAACACGATTTGTATGCACCCACATACGTATATATAGTCTAGCCTTGCTCCATAGTTGCGCGGACATCCCCATAAAACCAGTCCGATACTCCGGGCTGATTTGAATCCGATCCGTTAAGGTTAAGCTATCCGTTGAGCTGCCTCTGCCCCTCGTAGGGCGTATGGCCTCAAATGAAGCACTCTGCCATAGACCAAATAACCTGTCGATCCACTTTCCGGTATACGGCTACTTAGTTGGATTAACATATATTGAGTGGGTTGGGTACCCGTTATCGTCCTGGGAAGATTGACGCGGGGTCAGGGCTCGACGAGGAGCCCGACCACCGCTGAAGGTGTTTGTGGAAACTTATAGACTAGGGATCGCAGCCTTACATCTTTTAAGTTAGCACACCCGCGGGACTTACCACCAGTTGTCTCTGCTTACTGACCGAGATCCACCTCTACGAGGGTAATCCAGGAAGTGGAACAGGGTCCCTGGACTATGGCTCGTACACTCAGTAACTATTATGGTTCCGTTCAATGCCACGGAGTATGCACCCAGTTGCAGTAATCTCAGGGATGATCGCCCGGGGTCACTTGTTGCGAACTGTGTCTTGCTATCGGTCGCCGGAGCGGCATGAGCGATAAACATTTGTACGGATGGACACATGAGCGTTAGCGGCCATCGCGAATCAGGTGGTTGCAAGCCCGGCCTTTCTGTCGGGGTCGCACTGGCAGCGGTACAATCTGAGGACGGCGGCAACCATAGAGACGCTGTTTTCGATAGCCATCGGCCGGAGCTGCGCCGCCCAGTATATCTAAACTTACGAAACGAAATCAGCCTCAGGGGGCTTTACTTACCGCTCAACGTCCCGCTTTTCTTATGTCTCCCGGGATAAAAAAGAGCACTTTAAAGCTGGCATTAGGAAATGTTGCTCTAATTCCATAGATTCGGGCGTAGAACACCCGTAAGCCTAACGGGATTACGCCGGATGCTGTCGAGTCCTATGACAAACTTGGACGAATATCAGTGGTATTTTCCTCGATTCTAAACTTGCCCGCCGGCGTGACGAAACAGAGCTGCGGTCATGAAGGCCACCGGGCGTCTTTGCTCGGATTTATTTC,1834,50.22,Saccharomyces cerevisiae
SEQ_661261,TACAACTCGGGGCTTAGAACTCGGGTCACACCAATTCCCCATACGGGGTGGTTTGCACGACTGTTGCGTGAGGTTGGTTTTCTCGCACTATCGTTGTGATACCCTCCGTTTTTGAGTGCCATTAAAAGGGTTCATGGTAAGCAGAAGTCGCGAAATAACCGGCAAAGATCCCTACTGATTTAGTGTGTCACTTGCACGTGGCATCGATGAAATTCCTGTTACTACGAAAGTCGCTGCATGTTCTCCTAGTAGCGTGCTAAAGACGGGGGTTGGGTGGTGCTAAAGAATGTCTCAGCCTTGCAATACGGGAAAGACGCACGAGATCACTTCCTGCCTGCGTATAGTTAGTGGGCCCAATAGCTGTTCTGTCACGCACCAATGAATATAATATGTAACATATGAGAACGACATTCCTGAATTTATAGCTCTCCCCCTTATTAATTAAAGCGATCGGGGGATATTCGCATAATAATGACTTCAAAACTACCGGACGTCATGGGATTCCAGTCCAACCTTAAGAACGTTCCGAACTGATTTTACAGCTACTTCGTCCTTCATGTGATCCCGGTCGAATCGCTAAAGCTCCGCGGCATGCGGCGCTAGTGGGCTTGCGCCCATTACCTTCAGAATGCAACAATAACATTAGGCAAAGAACCACCCGGTTATAAAAGAGTCTACAGAAGCTCTGAGGGTTGGCAGGATATCGTCTAGGCTTACCGCTATTATTTGCCCCGAAATACGACTGTAAAATTCATTGTTAAAAGGTCTCTAACGGTTAGTGCTTAGTACTTCCAAAGTATCTATACGGTCCAACAATCTAACCCTACCACAGAAATGCCGGGCACAACTTGTTCCCTACGCAGCTTGCGTTGCCACCAACCTGCTTGCAAAGAGTCAAATAATGTATTCTTATCGTTCGACTAGTCATTCTCGAACGACTTTCATAGGGGGAAATTTTAATGGATTCACAGCGTACGAAAGACCTCCACGTACTGTTCTGGTTCAATTGCGACGAGGCTTATTCCGTTAGGTAATTGCGTTAATTGTGGGAAAGCGATTTGCTGTGATTAGGGTTCACCAAACGAAGGAGGGCATTTTCCGTGCTTGAAGACTGACTTAGTGCACCGGTCGCTCCTGTAACTGCGTTCTGGGTGGACCCTTACTGCTGATAGTATGCCAATTTATTGGCTCGTCATCCTGTTATATTCCGTCCACACTAGCCAGACTTCCTCTGCTCCGCAACCGTACTGGTCATGGGACTGGTTTACCCGTGACTGCCATGAGCCCTCCCTGCTATGATATAAGCATCACGTTTGGAGTACTGGATTTAATCCATTCAACTCACTTTTGGCCTAAGATGCTAAGTTAAACCCCCTATATTCACCCATGAGATATGATTGCACCAGGACGTGACCAAATTGCTTTGATTTGACAGTGTAAGAAGGATCGGCATGTAGGACCTACGAGGACTGCGACGTTGCTCAGTTCCTGGAACTGTCGATCAATCTAAACATGATGAGTCTCACGTATATTGCGAGCCCTTTCTCGCAGGCCACGGTGCGAGGTAGAGGCGTTATCTAACATTTCGTGAACTATGGACAGAAAAACCACGGAAGTCATGCCGTTGTACACGTGAGTGTCGTAGTTTAAATGTTAACAGGCAGTCAGGCTATATGCGGAGAGTAGAATAACGGCCGCTACCCCCACCATACGTTTGCCATTTCCGATCTAAGTTTTCGGGGATAAGCGTTCTGCTATAAGAATACATCACACCTATGCTGCGTATTA,1788,46.48,Escherichia coli
SEQ_550933,TTTTCGAGTCTCGAAAGACCCTACGTGATCATGCGTCGGAGGAGTTGAACCCGAGTGGCAGGTAGCACACCTCCCTATGTCGGTACAGCCAACGGGCGCTAGGGAAAGTGCACAGCCGTTGAAGCAGCAGGTGGGATCTACACATTATGAGATAGCTTCCACTCACTGTCTAGCACGGAGTATCTAGAGGTGAAGGATTTAGTCTGAACCGAGCTCTAGAAGTCCATGCAAGGACAAATTCATAGAACTTCGGTACCGATCGCTGGGTTAGTTGTTTTCGGGCAGCGCTCATGTGACAGTTAGTCTCCCCAAAGCAACCTTCAGTGGGTGAACAAATTTCACATGCTGGATAAGTAAAAAAGAGTAGTGTGGATCTCCAATGGGTAACTTCTTAAATAGAATTGCTGACGACCGATACGACTCACGTAATGGCAGGAGGGTATAAACGAAATCACGTATGCAACCGACGCTTGAGGTACTGAAAGCGGCAGGTTATCGTCACTAGCCAATAGACATCGGCGTTCTGGTGTCGACCCTAGAGCGAGAGATATTTCTATCGTGCCATCCGAGTCCCACTCAGCGCCGAATTGCTGTTAGCGAGACCGGCCAGTCCGAAAGTATCGGTCAGAGAACTCTTTAGGAACCATAACCATGGGGCTGACTAGGAGATTGGCAAGTAATTATCAGCCCCGCATCAATCCGAAAACGGTTATTGGTCGACCATTCGGCTGATTCGAGTCTGATGTAGGCTCTAACACTGCGGGTGTAGCTAA,773,49.42,Saccharomyces cerevisiae
SEQ_155379,TATTCCCGCAGTTGTGGGCGCCCGACTCAGTCGGCACAACCAAGCAAACGGTATCTTGGTGTGGATGTAAGCACCTGAATTTCTCATCTATCAATCATGTTACCCTATGGAAATCACAGTCATTCATCCTCCTTTATGGAGCGCACGTAAGCAACTCCAGCTGAGTTTGCCGAAACAGTGCACTGGTGCAGAATCGCGACCTGCGACCCCAGACATACTTGCACGCCCTGAGTTTGTGCCATTCATGAGGCTCCCGGTGCCAAGGTCCTCACCTACAAACCTCATACCTCGCGCGTAGCCCATATCTCCGGCTTCAGAATTCAGAATGCTCTGGCCCACAGTTGGAGCAGCAGCTATAATGACTTTCAAAATCTTAATAGGTGGCGAGAAAAGGCGTTGTCCATACATTGTCAGCGACATTATCCAACGAGTTTTAACCCTGTTACAGGCTCTCGGAGGAATGCAAATTCCGCTCACATGTTCGCGCGTTCCTGCCATGCCCCGACGATTAGCATGCCTCCTTACATCTGGAGATAGGCTATCTCTAGGTGACTTTTTTGTAGTTAGCTGGATCACGTCAGCGCTCTCGACAGGCTTGATGTTAATCTTGCCGGCGTCTGGTGCCTAATAGAACAATTGACTCGGTTAGGTGCATCCGTCGAGCGACATTGTCTACTTCTCTGAGGGAGTTCTATTCAATTACTTCGGTTTTTTCTTTCGTAATAGACCAATAGCGGAAACTATGTGATGACCGTAAAGCTTTGGGTCCAAATATGCCACGCCGCCATTGTTGTTAGCCCTCGAACTACGTAAATTTTTACCACCGCTCTTGATGGGACTTGACTGAGGGAAATTTTTGCTCTTTAATTGTGATAAAGATCGGACAAGGAAGTGTGTAGTTTCAAGGTACTGGACACGCATTAATAGATCGACTAGACATTAGTTCGGTTTTTATGAGGTCAGGCCAACCATTGCATTAAGGCCATGTCCGCATCGTTAGGTTGCCACCTCACAAGCCGCACAGAACCAGACCCATTTCCTCGTAGGGGTCTCAGAAGCTGCGCTTGATGGCTGATCCTATAAGCGCAGCTCGGTAGTTGACAGATGGTGGC,1112,48.47,Mus musculus
SEQ_579852,GGTCCAAGTATTGTTCAGGGTCGCTGTATGACGTAAATATTAGCAAACTAATTAGTCACCGAATCTATGCAGGGTCAAGCAAGCAGTTTAGGCTTTAACGACAGGGTTTAAGGCCTGCGGAGAGCCTCTCTGAGGCCAGAACATGTAAGCCTAGGTGTTTCTAAAGAGCGATATCTAGAATAACTATATTGAATACACAGACGCCCACAAAGTTTAACAATGCTGACTACACGCATGCACACCATCCATCTAAGCTAGATGCCGCCTCATGCGATCAGGGAGTGTGTCTGGGGTCTGCTCACGCTGGGTCCATTAAATATTGGATCCATACTCGCGTAAAGCTGAGTCACAATTAACGGGCACGCTCCAGATAAAAAGGCGGGGATGCTAACCGAATCCGAATGCACTCCGCACAAGAAGCAATGTCGTAGACCAGTATTCTACAAGATAAAAGATACGGCGGCTCTGGGCTTCGCCCCTGTCCCCGCTGATGGATCTTGCAGGAATACGAATGGCCTACGTGGGCGGCGAAAGGATCACTCTCAGGCCCAGTCATCCCTGCCACTCGTCACGACTACTGACGACGGAGTCGAGAAAGCGACAGCAGTGGGCGCAAGTGCAATGGGGCACACTAGAAGGGCATAGGAAGTGAGCCCCAGGCCTTATGACGAAAAATCTGCTATAACATTACAACCTCGTCACGTCCCCTGCCATCACACAGTCCCTCATGCGAAACTATACTTGCTCATATCCGAGGTCCGCGAGGGGAATAGCTAAGTTGCAGCGAAGTTGCAGAACAATTGTAGACCTCGCTCCTTTCAACATCAGTTGGGCAAGTGAGGTTGGCATTCCTTGGGGCCGGTAGTCCTTCCACGCGTCTGGCCACGCACATCTACCAAACTACCTTTTACTGTCTCTGCTTCTTGGTTCCTTGTTCAAATCAGGCCCCACTGAAATGACCTATACGCCGTCCGCTCAAAGGGGCCTTGTTTTAGCGATCGTCCTTCCCCCCTCTGCACTGGCCCCTCATCGGTATGCCACTGAACTAGTAGGTTACAGCGCTAGCTTGTCGAGTAAGTATGTATGAA,1088,50.74,Drosophila melanogaster
SEQ_492245,TTTTAAGCGAAACGCTTATGACTGACGGTGATGTAACTAGAGCGTTTTACCAACGGACGAGGTGTACTCACCGTTTTCTTGAAAAGCTCAGCATTTTTAAAGCACCTTAGGATGGTAGTTCAAATTTAGAAAATGGAAGTCCATTGGGCGCATAGGGCCCCTGGTGGGTGTCGACTGGAAAGTCTACGCACTGCGTCTTTACACGGTTAGGTAATCCCCCCAGGAGCGAGCCATTTGCCTTTGTGTGTTCTCAGTGGGCCTCCGAGAGAAGTATGTGTGGGTTCGGCAGAGTTCAGCGTTATTCTGGCTTTATCTGCACATGAAACACGGCACGAGCTGATACGGCTTCTTCAGCGTTATAACACGTACAGGGAATAAAACTTGGGGGTTCTGT,394,47.97,Arabidopsis thaliana
SEQ_245239,ACCGCACAGAGCAAAGGTAAACCCCAAACTCGTATTACATATAAACCCCAACTCACTACTATGGACACTCCACGCTTCCAGTGGCTCGACCCAAACTCCCTAGGAGTCTGCGGCCTTTGCTGTCACTAGTATGTGCGTAGCGAGTGGTTGGAACGTCATACAAGTTCTTTGTATAGTTGTGAACCTGACTTCACCTCCTAGCCTTAGTGACTCACCGCGTGCGGCGCCGGTGTCTCGCATAATAGTCTCCGGAAGTTATGTAAATTCGGGGTTGCAATCGCGTTTGTGGGTCGCGGACGCAGATGACTGCGACGGTCAAGGATGGGGTCAGAATGTACTCCGCCAGCGTGATACGACTGATATTCTCGATTTGAAAGTTTTCTATGGGCTGAGCGTGGATTAGATTGGTTCTTACAATTTAGGTTCTTTAGCCTCCTTGAGGCCAAAGCTGTTAACCCATGTGACAGCGCTCTAGCAGATTAGTCGCTGATGACTGGGATCAGCGCGACCATCGAAGCCACTGATTGGTGCCGCCTAAACGCGGACTTACGCCGCCTCGTTATCGCGCTGATAATAAAAGGGCCACGCGTGCCTCACAAGCGCGAAGTTGCGCCGTAGCAATCACGCCTAGTCGTCAGATTTCGGTGGCTCGTAGCTACTTCTGTTCTGACTTGTGTGGAGCGAGACATTGCGAAGAGCCAAGGAACGAACAGCGGAATGTATACCTTTCATATGTAAGGACAATCATAGCCTCCCGCGCCGAAAATCTAAGACCACTGCCTCAAGTGTCTTGGCATGATCTTCGACCCACGGCTCATACACGTTATCTCCCCGAGGAGCGGTAGAGGACCTGAAGTGCGACCTCACGGTATTGGCTCCAGGTTAACCATGGGAGTGGAAGTAGTATTTAATCTTAATGACTAGAACAGCGTCGGCTCCCATGGAAACTCATTTGGGGTAGGAATCGGTGTACGTACGGTTGCGGCGCTCCGCCCGCTTGGATCCACTAAAAATAATCGGGTTGGTAGCTCCATAGCTCGTCATAATCCGTAAGATCCTGGAACAAGGAAGAAAGGATCTAACGTTGAGGCCACTCCACACGCGTCGTGTGATGCCAGATTTTTTGCCGGAAGCCTCCCCATTGAGACTACAGGTCTGCTGCTACGTCTCAGCGCTCCGGCTGTAGACGGAAAAACTCCATTTCAGAACAGCGAGGTTGTGGACGTGGAGCAAAAAAGCAGATGTAGGTTAGTCCCCGCGAACAAGAGACGCCGCCGATGAGGGCCACAAAGTCTTCTTCGTTTGCACTACGTCGCGTAGGAGCGTTAGAGGCAATATCTTACTGGGTATAGCTATTGTTAGCAGTGATGTGGACAGGCCCTCGTAAGTGCCCGTGATGACGATTACTGACCCCTGCGGTCGTACGCGCCCCCATGACCCAGACCTCACTTTCCTCCCAGTTGCTACCATTATGATTGTACCATAAAACCTGCTCATGACGTCGGTACGTGCCGTTCCGGTTTGATTAGCATCAAGGTACTCGCATCCGCAGCCCCACTGTGACATTTTTCAAGCACTGTGATCAGCAATAAAGGTGTCGTGGAGCGAGGAGAAACGCACGCGCCGTGGTATGACCCTGCTAAGTCATGCAAGATAACAGACTTACATTTAGTCGGTGAGAAGACTCCACACACAATGTAATGGATATAGCGGGAGGGCTCGCTGTGCTACGGAAGATAACTTCGCAAGTGAATCGTGGAATGGCTTAGAAGCTCCGGCATCATCGTCTGTGCATCCGGGTGCTCAGTACAACTGACTATTCGTGGCTGTTCTCGCCACTGATACTCGAAACGAACTCGACGATTCGTACATAGTTTATCCATGGGAACTACGTTTAATTGGAGCTCTCGTCACGGCCACTTGCTATTCCGTCAAGGCTAGGTGAGTGCCCAGCTGAACAGTACCGATT,1969,51.35,Drosophila melanogaster
SEQ_542624,ACCTGTTAGCTGTAGGCCTCTTTGCCCACGTCGGAGCACGGTGTAGAAACTCGCTTGATATGCCCAGCGCAGGGGGAGGTGGGAGAACCTCGCCGATATTATGTTATGTTGGCGAAGGCATAGGACCACCAATAGAGCAAAGGTCACCACATCCAACGGGGGGGAGTATTGTGGATGACGATCAGATTACGGTTATTATTGGCCATGACATCGCCTGACCTAAGGCCATGCTAACGACGCTAACGGATCGCACGCCTCGACCTCAACTACTACTACCATGAATAGAAGGACAGCCCCATAATCCAGGTATCTATGGTGCCCTGTAATTCGACATTCGGGCGCTACACTCGGATACCATTCTGCTTGAGTCATACCTGTCGATCCTCATCCAACCGGTGAACAACACAATTCTGCAGAACTGCCGTCAACCTCTTCTCTACCTCTCGTATATCTATTGGTTGCCTCTACTTCCCCCAAGGTTGGCACCGAATGAGTGACAATCGGTTAAGACTAAAAGTGGCATGTCAAATTAGGAGCCCTATATGCCAGACTATAGCCGGCCAATATCAGGCCGTTATCGTATATCTTATTAACCGACTAAAGACTATACCGTCCTTCAGGTTTCATTGACCTTCTGGCCGATGTGGCGACGCACAGACTCGGAGTTATGGTATCGGGTCGTCGCAGGTCAAGGCGTACCGCTCCATACTGTCTACGAAGAGTTATCCGCTCCACTGTTTGACCTAACCCTGTATCGAAAATGCAGCTGCATGTGAAACCATGAGAGGCCCATTGGCCGCATGGATTGGCTGCTTTGTCCTCTTTGAAGTACGGAGATCCTTAGTATGACCAAAATCATCTCTCTCAAGGCCCCTAGGTCTGCTAACTGCAAAGTGGGCTAGGAGGTTTGCCAACGGTCCGCCCTTTGTCTTCTGAAGCTTCGGGCTAGTGGTGTTTAGACGGTTGGATTATGGTCAAACTCTAAGCGGAATGATGCTACCCTCTCAGTACATGTGCGGGCAGTGATTATTGACCGGACCGGACTCTGAGTGAACGGTTGGCGGAGTGTAAAGAAAGGGTACTTAGTCAAATGAGCCCGGACAAGCCTACGAGAGATCACCGCGCCCTATCGCTTGCGGACTGCCTCTTCTATCAAGCATAGCTTGACCCATGTGCCGCAAGGCAATCCGCTCTGTGGCGGCCTACTCCCAAAAATTGCCAATTTTTCTGCACACTAATTCTAAATTATATCATCAGTGTGAGCTGGTCTAAAGAGGGGGAAGGGCTACGCCGAACGTACTGTGCTGGGCTTTTCGGCGATAAAAATTATCTAGGGCGCAGTTGGTCCACAGCGCTGACAACGCTTAGTTTGATTATCCTACCGGGACGTCCACTTCATAATGTTAATGAAAGACAGCGTTCAATTAGCCCTCACTTCAGTTCAAACAGCGCCGACTCTGACTAATGGCTGGACGGCGAGATCGTTTTGCACGTTCTCGCCGGTAAGTGGGTTGTCTCACTAAAGCTGTTAACGAATCGCTTGCATTGAGATCTTACAGACGTGGGTACAAGATCTCAGGGTTTTCAGGGTCTTCGAGACAACTAGCGCATAAAAGTTCCGGCGAGTCCTTGTGGTTCCAGCCTAGGT,1648,50.12,Saccharomyces cerevisiae
SEQ_998199,ACTATACTCTATATGGGTGGCGCGTAGTGTTGAGGTGTAGATACCCTTACGTTTAGAGTTCAGGAGCCGGTGCCCAGTCGAACAACCCCGCAGAGAGCCGGTCCAGAGGATTCCTACGTAGGGAAAAACCAAGGAGCAGTCACTAGCGCGGCCCCAGGTTATTTAAGGCTGGCGGCTCTGAGACAGTCGCTTACACCCAGGGCGCGCGACAGATGAGGCCTATCATCCAGCTGATAGACTGGCCCTGGAGGCGGCTTACATGACATCCCACAGCTGTACTTGGCTGCATTTTCGCCCTACTGCTATAGCGAGTCGCCGCTTTCCTCGAGCAACAGCGAAAACTCAGCCAGGTTTTGTGTTTTTAAGTGCCTTATTTCACAAATACTACTTCATAGGGTGCTGGTGGTAGTCGGTACCCTTTCTTATTAGATAGTTCCTTAATACCGCTTAAATCGCTTTTTCTAAGCAGATGTGCTATAATCCCTGAACCGCAAAGTCTTGGAAAGGGTTGCAGAACAACGCATGCATTTGCTGGGCACACGCCTACTAGACCGTTATCTATGCAGCCCGATATTTTATCGTGGTTGGTAATAGAAGCTCAACAGTGAGGGCAGTCTTCCTTGACTAATATCCGACTTATTAAGACCAGGAACCCGCCTTCTAAAGGATTTGTGAGAGGATAATCTACTGAGTAGTCTATAAGGACTATATGAGTCTCTCGCGGAGAACTTAGATCTAAGCAGCATTAACCAGTTCTTGGGTCCGGAAGGCGAATCTACGCCACCTCAATTGGATCGACGGCCATCACTGGTGCCCTCTTGATTGCGAGAGGTAACCAGTCGTGACCTGACGGGTTTTATTTCCTCTCTATCGAAGTACGAAATCCGCATCCGTTCCCAAGAGATGGAGTCACGACAAAGGCGTTTTGCCTGATCCCCCATAGAAACCAGAGCTCTGGAGACCCGTAGGAACGCTTTTGTCCTATATCTGGACACATTGAAACCCTTTGCCTACCAGAACCAGCTCCCTGCTGATAGGACCATAACTCAGGTAAAACAATCTTTATAGAACACGAGAAAACATATGTGCACGTTAATCAGGTTTCAGTCTCGAAGCTTTAGTTCTATCCCAGCACTAAGCGCTTTTCCCGATCGATCCAGCTGACAATAAGTGATTTACGCACTAGAAATAACAACCTGTTCATTTTTCCTTTACTCGAGTCCAAATCTCCGTAAACTAGGACTGCCTAGTAAATACTGGTAACGCGCCTGAGATTACGCACTTGGGGCCCCGTCATACAATGGGCTTGCGCAGTAGTAGTTTTATAGCTTCTCGCTCACAACACTTGGGCTCACGTTCACAGCACGCCTTAATAGATGAAATTGTGATCGCCAGCGAGAGCCGCGTCCAGTATGACTAGGTTGCAACCGGCAATGCTTCTCGTTCTAACGACTTCACGCTTATTACGCTCATAAGTGATAAGTATAAGGCGTTTTGGTCGGTTGCGACGTGCGGTGGTATACGGATCCTATTACCCATGACGGGTATACGGCAGTCGGCGGTCTTTTTAGTAAGAGTCCATTGTCCCTAAAGGCCGCGCGTCGCACAATCAGGTAGTCCGTCCACCAACCCCGAGGCATGGGTGAAGATGCAAGCCCATCAAGAGTCGGGAATTTACAACAGCACATAGCCTTCACGTGCTATCCAGAAGTATCCATGATGTACAGCGGAAGCAGTGCAGCAAGGATTGAGTAGGG,1757,48.78,Escherichia coli
SEQ_460788,CTGGTACTTGTCGCGTGAAATCATCGCGTTTGATCCACGGTCATAGATGAGCTGGCGCTACGGATTGTGCTGACAGCACCAACCGCTGGGGTTACGTGCTGATGGTGATATTTATGGAAACCTATACCTTCTGTTTTCGCGCACCAGCACCGTTGATCAAAGATGGAACGCTGGAAACATATGATGTGCCCCAGAATGAGTCGCGATAGCAACTGCTAGTATCGATGGGCGTAGGCGGGAGACGCTCGCTGACCGGACCGTAAAAGTGAACGCGAGGCGGAATAAAAGCGTAGCTCGCAACGTATGTGGAGGTACAAAATTGAAATGTTCCAAAACTAATGATGACCCGACGCGGATTTTGGTCTTCCTAAAAAATATTTAGGAGAGCGACTCTTCGAAAATTATTCGTAACAAAGTAAACAGCGTGTACAAATTCCATCGTAATACCTATAAGCCCGGGTATTACCGTGAGTGCAATATGTTAATGACCCGGGTAGATAGTGCAACTTAATACCCACTACCCTGTGGGACCGTGCAGACGCCGGTAGCTCACGCAGTCAGTTCCCTTTAACGTTTGATATACTCCCAACCTTCAATGTCTTTCGGACGACGAAGAACATGTGCAAGGTCGCTAGGCGGGACAATCGGTACCGCGAAGGTGTTCAGGACATGCCCTCGAGGAACGTCCCCAGACTGCTCAGGCGGGAGGCGACACGGCCAACGAGGACGCGCATGTTACTCGGGTTAAATTTCGGTCTAGGTGCGAGGACAATTCATGAGTAATTATGACTGACGAATACATTTCAACGGTCCTGATGTTACAACCCATCAATCGGGCCTTCCGCCAACGTCCTTTCGAGAATCTTTCCTTACCCCCTTGGATACGAACATGTATGGAACAGATAATTTCCGATGTACGATTTATCCACGAAGGTCGCCTAACGTCCGGTGGCGGATGTTGCGTCTTCCCGCACCGTGGGTGAGTCGTGATGAAACATACCTCGTTATTACGGGACTCTAAAAAGTATATGTCTCGTTATGGGCCATTCAGGCCTTTGAGTGGATATCCACCCCCGATGGCGACCACAAGCTTTGTCCATCATCTAAGCTCGCAAGAGCGGGGTTGTGTTCATTGCAGACTTCCCCAGCGTGCGGTCTGACCTATCGAAGCGATTATCCTGTAC,1184,49.75,Mus musculus
SEQ_425469,CCCATTACTCATTAGACTCAATCTCGCACGTTTTAACGACAATTATTAGGGAAATGCTCCTGTCGTGTGTCTTATCCTGCTATGGGCCCCATATCGGTCTCATACACGAGCAGGTGATGGCAAATTGTCGAGGATGCGCTGTATCAAACATAATAGGCAGACCTGCCGGTTCAGCCTCCTCGTCGAGAGTTTCTCGGTTACTGGAGAATGCTGCTTGCGAGAGGTAGTTACCCGCCGTTAACCGACTCTCAGTGCTAATACGGCAGTTCGAGACCAGGTGGCGTTTGGTACGCTCGAATGGCGGGTCGAATGGCCTTCGAGGAACATCGTTAGTTAACATCCGTCTTCATCTCTGGTTTATATTCTAATCTCTCAGGGATGGGATAACGGATCCTACCATCCGAAAAAAGCTCGGTTCCTCTGATTCCCTGGTCGGTTAAATCTCATCGGTCCAGCACGTCTCGCCCGTACCCATGACTTCAATGGAAAGTTTAAAAACGGGCGTTAGTTTCGTGGCTAATTACACTTGTCGAACCCAGGGGGCCCCTCCTAATGCGGGGGTGCTAGTTACTTACACCCTCATGATAGAAGTCACCCTCTCTTTCTGTTTGCGGGGTAAACGATTACCCTTCTGATTACCTAAAGATCGGGATAATCAAATAAAGGGTCCGTACGTGAGCTAAGTGTCGCTCTTCTACTAGTAAACGATTGTATGGCTATATACAAAGGAGCCTCGTCCAGCAGAATTAGGGCTTAACATTACGTTCAACGTCGGCACCCTAGGAGTGCCTATAACAAATAGTCTTCCCTTGTGGCTTGGGGTGAATACGGAAATCGGTGCGTGTTGTTGACCGATCGACCCGCCCAGTCTTGGGTAAAGCGTAGATGAGATTGAAAGAGATGACTCTGATACAACTCTTGTAAACGCCAAGTGGCATGCTGCCTCTTGACTAGAGGCCCGTGAGACCATTACCACTTCCCGTTAACATCCCAATGCTCGGCCTCGGCGGTTTATTTATCCGGACTTGGATGGATCGCGGCCAAGAAAATACATGGGGGTGCAATCTTGACGGAGGGGATCTTCAGCGAGGTTACGATCTAGGGTTTATGGCATTAGCTGGTTCCGCCGGTCCTGGAGCAAACTCTCTAGGATGTGCCAGACGTGTACCACACTGGACGGTGCTAGATTGAACCAGGATGACATGTTTACGCTCCATCGCTGTCTCCAAAAGACGGGAGACTAATCCATAAGGACAGTGGAGTAACTGATTCGAGGTACCGCATAGTATATATCAATGATCAACGTATTGGACTACGGGGAATCTAAGAAAATGTGCTCTTATAGTACTCTGTGGATTTATAACTAGCCTCAGCGGTCGCGCGCGGATTGAACACATAGGCCCCAGGAAAGCCATTGCCTCGCCCACACGTACATGTACCTCCATTAATTCAAAGTGTCGCCTATTTTTCCTCCCAGTCTCCCGGCACCAGTCAATACAATTACTGTTGGTGCACAGTCATACGACTGGTACTACGATAACAGTGGCCGACGATTATAGTCAGATATACGCCACCTAATTGCCGTAAGCTCCAAGTCTAGCGCCCGACACCCGGAGGCCTCGAGGTCCGCGGCCAACAACCCAAACAGCTTTCCCACCCATCTCAAAAAGGGCAACCTCTGACGTACGAGATACGCCGCGCTTGTAGATGTGCCCCGATCACCCTGCATGCCAAAAGCGCTGCGGTGACGAACAAGCGATGCTGATTCTTGGTGGCCCGTTTTCGCGACCTGATTATAAGCGAGAAATTTTTTGACTGAAACTTGCGTAACTCACTCAAGACTCGCGAATCTCGATGCGGTACGTGATTGTACCGACCATCTTGGTAG,1888,49.68,Homo sapiens
SEQ_302254,CGTGCACCGTGTAACCCACCGAGAGTCCGTGAATCACAACCCGCACGGATGCAAACCGATAGGACTCAGTGTCCCGGGCGCTCGGTCCATAACGGACGTCGTGTGCACGGACGAGACTCCCGGGCATATAACAGCGTATTAAGATGCTAATGCATCATATTCCGGGGCTCGGGAGCTGCTTTCTCTCGCCATAACTCGAATAAAAATCAAATGTAGTTCCCTTATCATGCGTATAAGCCTGACCATGCCATTCGTCTTTTGCGCGCGTGAGGACAGGTACCTGCGAAGCTTACAAATCGCTAGATTAACTAAAACAGTCTTTATCTCAGTCGCAGCAGTAATTGGGTGCGTGGCCTCGGTATTATCTATCGCCGCGCGGGTACCGCAGGGCGTTTTGACACATCTAGTAATACCGACGTGCAGCACGGCTTCCGCACAATTAGTCGGCGTAAAGTCAAGCACCTATAACAGAAATATCCTAAATGACATCGCCCGCCCTACGCAACGCATTGTTTTCATCGAATTGCCAATTCGCGCCCTGAATGGAGAATCGTCCGCGGTTTTACTGGGATTGAACTCGCTCTGAGCGCGTAAGCCCACTACAGTCAGTCCCGTTACTGAGGACCGTAGATCGGCGAAAAACGACAGGACTTACCCTTATTGTCGGAGGTTTCAAATCGCATAATACTTGCCGACGCGTTTCAATAATATGCGAAGAGCCGGTTGTTAAGCGCTTATGTGTAAAACTTCCATCGCTCCGGGAGGGAAAAAATGCAGTTAGTGCCTTTGCGGCGCGCAACGTCTTATGATTCTCATCGCGGCGAATTTTCGAGTGTCGAGATAACCCGGCGGATAAAATCACTCCCGCTAGCAGCGGTATAGCCTTATAAACGGCTCTCCCACACTGCAACTCGCTTGCG,920,50.98,Escherichia coli
SEQ_273785,CTGGTGATGAGGAATGGCAGTTATTAGACGAGTGACACGGCAAATAGCGCGGTGTTGTCCGTTTCTGATGCTAAATCGAGTACCGGATTTTGAACTATTCATCTCTACAGAGAGAGGAAGCGGAATACGCCACAGATACCGCGCAGGGCCAGGGGATATGAACAACGGGCCCTGCCGCTAGAAGCAGACTAACACCAAGCATTCACAGTAATATAGGTTGTGGAGGGATATGCTTACGGACGGAACGGTCTCCAGATTAACTCTACCCGACCTGCCGGGCAAGAAGGGTCGCTGAATCTGCACTAGGGAACATAGCACTGTTCCTCAATACTAGACAGAGTATTCTTGTCCTGATGTCAAGTATTCGTGTTAGGGATGTGCACCCTAGACCGGCTGTTCTGTCGCTAAACTACTTAGGCGCGTGGGACCATTAACAAAGCGATACTGATGTTAGTGTCCAGCACCGACGTCGGAACTATAAACCTTACTATTCTACCGGATCGCGATTTATACTAATGGCTGAGGCTGGTAAGCTGGTGTTTCATCGTAGCCCAGGAGAACTGACCAGCCTATAACGTTTAGAGTCCATCACAAAATCTTTGAGAAGGGCATAATAAGCCTGCATACCTGTATCGGTTCTAGTTAGAAACCCTGGCCCCGTCGCTTCATGTAAGCGCTTAGGACCATTTCTCCAGTGAACCTCCGACTGGCTGAAGTAATATAGGTCTACCGGCTTCGGCACCCAGACGATTTCGACAATTATATCCATCGGATACTGGGTCGTCCGACCTCGATATCGAGCCGAAAGACCACCTCCTGTCCAGCTATCAAACATATAGTGGATCCCGCATGCCACCAGGCGTGCCAGTAGGCCCTGTTCAATGCCGTGCTAAACAACATATGTCCCTTAGAAGATCAGCACAGAAGATCGTGTGTAGCATGCACAACGTTCCGCTCGCCGCTCGCACCCCATAGCCCATGCAAATACTAAGCCGTAAGCCCTCTCGTCTAGGGTGACCG,1020,50.2,Drosophila melanogaster
SEQ_592321,CGGCCGCGGATTAGTTTCTTGGTAATCGATACAGATGTCAACCCTATATCAAGATTAAACGTCGGAAAGCGGAAGGTTAGTCTACGTGGTTTAAGTTAAAGACCAAGGCCTACAATGTTGCAATAAGACACACGCATTCGAGCGAACTTGACTGGGGCCTGCTTCAAACGAATGCACTGTAGTGTGTGTCTGATATACTAGGGCAACGGTAGCGAAGGTAGTCAAATCATACCAATACCTAGGGGCCAAACGTATAACGTGTGGTGGAGTGAGAGGTGTTGACTTGCCTTCCCACCTATCAAGCCACCGTGGAGATGGTGTGGCCCTAAGTGTAAGACCCATTGCAGGTTGACCGGACAAATGACTAAGTGCCGTAGGTGAGGGCACTTGTGATCAACACCCGATGAGAACGCCTCAGGTGACAATCCGTTGTTGAGGGTAATCCGTCTTGGGCTCATGCTGTTTCCGCGTAATCCGCCTCTATCCAGCTAATCACGGGCGCCGGAGCAAGCGGGTTAATAGTAGTCTCCGACTGTTCCCCTTATAGGCTACCATCGGAGCCATTCGTTGAGAGGAGCGAATGCGTTAAAAACGACCGCGAGAACCCGGGGATCCCGGTTTACTCTGTGTAGTTAAGTAGCCTCACGAAATTCGGTACGCACACCTTATACACCATCACTAGGCCAGCGAATGGGTCTGACTGTTTCCCATTTAATAGACGTACGCTCATGGTCGTTGGTGGACGTGGCAGATTTCGTACATCTTGGTGCCCGATTGAGCCCGATTTGATACCGCATATACTATGGCACGCGGAAACTACATCTACTCGACAATCCGACAAGGTTCAGTGCACGGTTTTTAACAGCAGTCAACGTGCATTAGTGAAGTCAACCCGACTGCATGACACTCAGGGTTATGATCTGGTCCGCCGTGACTAGGAAGTCCCAGTAGCGCCCACTCGCTAACGTCGCGTTGTCACCTTTAGGCAACGCGTCTTAAAATGGCACAACTAACATCTCTGACCCAGTCAGGTGCCGTCGTAACACTACGTATTAGTGGTGAGTTGCGCGTGTATGCGAATCCACGCAGCCCTGAGAATATGCACCCTTACATCCGGGCCTTTAATCCGAATACCCCTAGACTGGGCGGCCTATCGGTAGAGGTCTAAAGTTCCTTCTCGCATAGCAAGAAAGCTGAGTGCAACAAGTTGTCATGTTCACAGAACAACGGGCAGGCGTGCAGTCCCAAATTCGTGGATGTCACTAAGACAAATATCCAATTATTTTGTATCACCTACCTTCAATCCTGGTGCTTGTATGGTGAGACCTCGCCTCGCGCAGTTTCGCGCAGGTTGGATTAGCCCTTGCCAGGATACCAACTGCCGATTCTATTAACTTACCCCCCAAGGAAGCCCTTTTCTTTCGAGGGCCTTAACTGGGGATATAAGAAGGACGTAGACGTTGGGGCCCGTCAAGGGGGATATTAGAGTTAAGCTAATTAGGCAGAACTGTACACTGCTTACTGCGCGGTATTCAACGTGGATAAGGAACTGGTCCCAGGATGGTGTAAGTCAGCCGACTTCGCTCAGGTAGAAGGGCGGGGCTCATCATCCTGGGTCACTTGCTCCGAGCGTTTATGCTAGGGCATTTCACCACGGATCTATATACGAGAAGCAGCTGGTAAATTTGGTGACCAGCCCTCTTTCAAGAGTGATACATCCAGAGGCTTACGACTTGCCTGCAGTATAGGACCGGGGGAACCAATACATCCTAGGAGTGGGCTATCGACTCCCGGATTGCTCGACTTTTAGCGGCAGTGCTGTATCTGGAATTGTAACAGAATTCGAGTTACGTCCGAATCCCGGGCTGTGAGCCCTCCACCGATATTGTAATGGCACTACGCCGTTATCACGCAATGGTAGATCCGCCTGGCGATG,1936,50.62,Homo sapiens
SEQ_708345,GTCTAGGCCGCGGTTCCACCAAGCATACTGACACGTCCATGCTATGTGTAGAATACGGTATGGGTACAAGTGAACTAATTGCAAATGCAAGAAGGGCGTCAGGGGCCGGCAATTCACACCATTACAGCTCATACCTATACCTCTCCTAAACAGAGGTTGCTTATCTGTTTTCAACCAGTAACAGCAGCGGAACAATTCACTGGCTGGTAGG,211,48.34,Caenorhabditis elegans
SEQ_849256,CAAATCTACATAATCGTATCCGCACCTCTGAGCCATGGGACTGTCTTCACCACAATATGTATATCCCCTAGTTCTTACGTCGGGGGAGTAATCGCCGAGTGACTGGGACATCCCATTCGCCGAGATGAGAGCTTGTTGATAGCATAAGGCTTCAATCATGGCTTATTAGGTAGAATTCGTGAGCTCAAGATGGATCAACCTGTGTACAGCGGTCCTAGGTCCTATCTGACTAACACTTTCCCTAACTCTGATATAAGACTCGCCGAGGTTGCAGCTAATCGCAAGCCGAATAGGCCCTTAAAAAATCGAACCTGTCGGACTGCAGGATTGGCATGGACGTAACGTGTGCCATCTGGTTGACATTATATCATGACATGTCTGCTGATATACACGCTCCCAAAAATAACAAGCTAAGGGTGAAACAGTAACTTCGACGAAATTCCCCCCCATTAATTCGATCGAACCTAGAGAGCAACAATTCTTCTTGTTACAATAGAGGCGGCCGGTATAACA,513,46.0,Mus musculus
SEQ_829556,TTGAGCAATGGGCCAACGAAAGAGAGCCGCACGACCCCTATCTAGGCCACAGAAAAGGCACCGAGTCAGGTTCAATATCCTCGCCACGGCCCACGCTCTATCGCTTTATAAGCTTGTCTCAAGAGAAAACGGTTGCTTCAATATATGGAATGAGAAGGCGTTCATATGACGGAACAATATAATGAATCCAGCTTTGACTTCTGAGTAACCGGTTAGAAGGCGTATGTGGTTCCTGTGTGTCTTGTTATACCCGAAAGATGTTTACTGACTAGACTGTAAGTCTAACATGGTAAAGAGACATGATAGCAAATAACTGTTACTTTTTCTTTGACTATGCTTACTGCATCCGATTAACTGGTCGTTCAAAAACATTGGAATATCGGCGTAATCCCCTTCGTTTCGGGTTCTCGGTAGCCGAGTCAAATTGCATTTCTCACCGAATACAACGGCTAGGTAGGGTGATCCATGAACTACCGTAAACAGGGGAGCAGGAATGTACGCGGCAGGACTTCGTCAAGGCCGTATGCCACATAGCGATGCATAGAGTTCTTCGAGTTCTCAGGTCACTTCGAGTACAGCATGAGCCCGTACCGGCTGCTAATTTTGCGACGTGGTTCGTGACCTCAACCAGTCGTCGGCCAGACCTAAACCACTGGGTTAACTGCGATTGGAGTCGATTAGTCAGCTGCGATTCAACGGTAGGGACGTTATTGTGCGGTCCCGCGTATACCCTAGCCGCGCTGCCCGTATTCTTGCGGATCGCATTAATATATATTGCATTACTGCCGCGGGCCGCTCACTAAGGATCAGCTGCGCACGTACAGTGATCAATCGTTAACCGATAGGAGGTCATGCTCAAGCAATGAAACTCTAGGCCACCACAGCCGTGGCCAGCGACACTAACCTGACTTCTTCTCTTCAGGTGCCGGCCGTCCCATCTTATGTGACGATAGTTGACAGGCTAGCGTGAGCCCCCGGCAACCAATAGTCGCCGTCCGTCGGGGCCTCTTACACGCGTTCCAATGCACATAATGGAATAATCAAGGTGAAGTGACCATCTACTAACACGTGCCACAGTTGCGTGATGTGTGCTTTCGTGATACCATAGGCTAGATGAGGCTGTTGCAACGCTGAAGCATGCTAGCCGTCGCTGCGATCAATATTCACCGTTGATTCCGGGTTGCGACAAATGTCACGCGCAGTCCAAAGCGGACCCCCGATGTGGGTATCAGCAA,1235,50.04,Mus musculus
SEQ_684365,AAGGAAATCAGTTATTACGAGGGACGGTAGGGCCCCACCGGCCGATACCATTATCCCTACAAATATCAGTCCCGTGACTTTAAGCTTGCTTGTTTGGAACATGGGACCCTCTCCGCCTTTATCGTCCTTTATTGCCCGACATGTAACTTATAAGTGACTGTGCTGACTGCACCCGACCTTGGCCGATCCTCTGAAGCAACTGGTTAAATCACGAGTTTTCTCTCCCCTTTCCCCGTGGGCAGAAAGCGTCTGATATGCGTCGTCCAGGAATATGGAACGCCTCGTCGTTTTTATACTTTTACACCCGAGCCACGCGTTTCCTAACGAAGGCTGCATATTTATTAGGAGGCTCGATTTACTGGTTCGATGGCGAGGAGTGAAAATGCGGAGGCAAATCGAACAAGATGACCCTGATAGACACTCAACTTATCCCCCCTCAGGTAGATCTTAACAACGGGAGTACGGTCTTTTATCCAGTTAGGTTGATCGCCCCCCAGGCACGTCTCTCACGACCCATGCCCTTCTTCCTGAGGGGAACGGAGCATTATTCTATTATCGTAGAAGACTCAATAGCGGGTCCGTAAAGATGAAGCTCCCAGGCGTTAACCCGCATTTGTCT,619,49.6,Mus musculus
SEQ_336462,GCATGCTTATACATTATAGTCTATTACCTTCGGGGACCCCGTCAACGGGCGTGGCTCTGAGTCGGCCGCAGGGACTTGTACTAGTCTATCGTCCCTGGCGGAGGCGCTAAGAGACCTACGACGAAGGCTTGAGCATTGCCCGTGCAGAACGCTCGTTCCCTGGGGTTGACCGCCGTAGAAGCCTGGGGCCTGGCAACGAAGTGAATATTCAGCGGCTACCGTATATGGGCCCCGGGGCCCGATGAGCTACAAACTGCCGCCCAGACGTCTCATACTGGTTTTATCACCGCGTTTGTAATAACGCACTACAACGCAAGAGGTGACGACTTAGGCGATAACGTCCCCAACCACACGCATTCATTCTTTCGATAGAGAACTCGTTGTTACCCGCCAACGGCACGGATGAACATGATGTGATATTCTGCCCTGGGACCCCGGGATACGTGAACCACTGTAACGTTGACCCCTTAATCTTTGTCGATACTTTCCTTCCGAAGGCAACTGGTTTAATACGGCTTCAAGCGACAGCTGGTCACAAAGCAGACCTAGATAAAACTAGAAGTGATTGCCTAAGCGCAAGACCATTCCCAAAACAGTCAAGAATGACTTTTGTCTTATCCTGGCACCTATACCCTGAGCAGAAGGACCCGTCCTCGCTCTTGTCGCATCGAAAAGGTCCCTCGTCCCTCTCTGAGTGTTGCTTGAATGAAGACAGGTACTGACCTCCGGCACCCGACTTTCCCAGGATTAATGCACCCTACCGCTGCGGGGAAACTATTTTTACAACCGGCGGAGCGACTATCGCCCTCAATGGTAGTAACCAGCGAAGAGCATTCGGGGCAGAAATGCGTTACATTCCTAGTCAACACAGTCCCACCATACCGCGTTTCTTTCGATGCTGGCGCCGTCACTACATGTCACATACGGTAGAGCACCTCGGTCGGGACTGAGCATCCGTATGAACGATATCTGATTTCAAAGTTTTTTACCGCCCGCACGGCAAGATTCTAATTCTTAAGGTGACGATGTGGTATTAATCCATGTATAAGAACCCCTCCATCGATCTCCCGTCATCTTGCAGGTTCACCTAGTCGGGTACAAGTATTCGCAGCCGCACCCCGTATGCTTGGCGTGGACGAGACTTGGTGAGAAATGCCTTTACTGTCCCCTCCAGGGACAACCTAACCGGAAGTTCACATCTAAAGAGCGACAGTCTATTGTACATACACGGGGCGTTTACAGTAGCGTGTTGCAAGACTCCAGGTTCTAAGCGTCATCGTGCGGGTGCAAACCGTTAGTCGATGCAACGGGCGTTATGGTCATGAGATTACTTGGGTCGCGGAATTCCTCCCACTCAGCCCTGGCAGGCTTGTTTCAGTAACAACTGTCATCTATTCTGGGTCTGAGACGTCAACCTGGCGAGATTATGATCCATGGATAATAAAGAAGAGACCTCATAACTCGTCGGTGATATTTTTTGTCACCCAAGTTTATTAGACTAACAGAGGTCTAAATCGCGCGTCTTGGCTGATTGCCTCGCTGCAGTTGAAACCTAACGTGAGTGCCCAGTTGACTGCCTCGTAAGCCAAAATACACTCTTAATCGATGAGTGCAAGTCACGGAGCCCCACAAAAACCTCGCTTACTGGGCGTCGCCAGTGAGGGTCGGCTTCGGGAATACCGTTAAGATCGTTTAGATGCGCCATGACGCTCGGAGGAGGGAATTGGACGACTACTGTAATCATAATCCTTTGCTGATAATCTCACGAAATCATACGGCAAATGCGATCAAGCATGTGCAGGACAAGGTCCTAACAGCGTCCGAACTCCCGAGCCCTACGTGCCAAATTGCGTTGATCGGGCGTCAGCTTCTGGTGCTTGTGTGTACGAAGACGACCACCGATGGGTCCGTCGCGGAGTAAAAAGTAAATTGGGTCCGTGTGGCGCGTGCAGGTCGTTACGGCTCCAGACCCCCA,1975,51.59,Mus musculus
SEQ_706422,TTGATGCACAATTCCATACTAGTGCGTGCTCCGAGGCCCGGTAAGCATGGAACAGTTGACGTGACCGAGTGTCATGGAGTCTATACAGCGAAGTACTAAAGTAATTATCCCGAGTTATCGGTGCCTCCTGGTGAGGGGTTAAAGTCACTAGTCGCTGTGTATACATAAGATCATTAGGATCTTGGGTGGTTATAGAGACAAGACGGAACGGCTTTACCACTGCATTCCGTCGCAAATCCCAGTGGGTAAAGATCCGCAAGCAACTTTAAAAACATCTCCTGATGGCCAGGAATACACTTGTACGGCGGGCGGTGTTTCCGGCCGTCGCAAGAGACTCTGGTGAGCGGTTGTGCGACGTGTAGCACACTAATACAAAGAGTATGATTAGCAAAGAATTCACAAGATGCTCAGAATCTACTAGCTGCTTCTTTTCTCGGATGACTATCTTGTCTGGCGCTATTTGAAATTACGTATACCGGGGAGCATGCCCCCATCGGATGTTATCCGGTAGTGCAAATGGTCTTGCTAGCTTATTTGGCGATACCCCGAGGGAGTTCTCAATACGAATGGGAAATATTGTTATTGTGCAACTCTGTACATTACTGGCGGGACTTCTCGATCTTAGACCTACACCGACGAAGGAACGAAGGGCGGAGTGTACTACGTGTCTCGTCGGAGCAACCAGCCG,688,48.4,Caenorhabditis elegans
SEQ_562811,AAAAACAAGCTAAACTCTACAGCCGCCCACTGCAGAGACAACACAAGCCATTTTCAGCTCCGGTTAGGCGGTGTCTTGTAACGACTCGAGCTAGTCGCGGCCACCGCTAAAAGGTCTCGATATGCTATGAGTTTGACGGTGGCCCCCATGTTAGTCTCTATGCGAAGGGGGCAGCGGTTGGCGTGGAGTAGGGTCTGCCCAGACACGAAGATCGTCCTTTTTCTACCAATATAAACATATTCAATCGAAAGGGGGCGGCATGATGAAAAGTAGGTGATAGCAGTTCGATCCGATTACAAGGAGGAACTGCAAATCATCCTCCGGGCATTCATGCTCCTCCTATAGTAAGCTATATCCACGGAACTCTAACATAGTCCCGAGAATACGCAAAATGTGTCGTTGGCGCCTCGCCAGTAAACCATCGCAGTGACTATGGGACTTGCGA,445,50.11,Drosophila melanogaster
SEQ_435957,CATCTCCTGTCCTTCGGCGTAAATATCGCTTGCTTCTCGGTTACCGACTGCGGTTTGCATCTAGCAGGCTTAGTTCGGGGCTATGCAGCGCTTATGCTTTCCGTTCAGCCCAGACAGGCATGAAGAACTGGTTCCCATCAATAGCTGTCTTAGAGAAGACAGTTCGGGCCGCCTCCCCGGGTATTATGGCTGATAACAGACAGCCCTCCCGACCACATGACAGTGACTCTTATCTTCGTCGGAATTCGGTCGCTTCCGACTGAGTCCATGAGTCTTCCGGCATTGGATTTGCAGGGCACAGTACTTAGATATCGCCTGCAACTCAGACGCCTCGTCCGGTGAAATTTCCGCATTAGTCCGTTGTTCGACCGCGTTCCCACTATCTAAGCAAACGACTGCGGCCGGGGGTTGGTGCCCTCAGCCCGGGTGACTCTCTCACCATATGGAGCCGGTGGACTTAGGCGACCGGCAAGACCGCACTCTGGTTTGGATGCGTAATTCGCGCCGGACGCTGT,515,55.53,Drosophila melanogaster
SEQ_242632,GGCAGGTCCTTAACATCTCTGGACTTTCTGAACGAAACTGCTGTTTAGTGCCGACAAGCGTCCTAGGATCTTACTCCCTCGAGATAGTGGTTGAAATGATTACACAGAAAGGGGTCCAAAGTCTCGTAAAGCTCACATATACCCATGTATACCTGAGTCGCTGTAATACCCTAGTCACTCTTTTAAGAGTAGGATATATTACGATCTTAGGTAGATGGGAGCGAAGGGTTAGATCCTAGGTTTTGAGAGGCGGGTCCCTCACGTCTGCGTCATACTGTATCTCCTGGTAAGTCAGGCACGTGGGAGAAACGCGGCAAAGAGGACAGTCCACCCGGAGGCTAGGGTAGTTGTTTTCCATGAAGGAGTCACACACTTTGGAAAATTCCGCAATCACCCTGGCGGGAACTACAAATTCAATGGGGCTCGAGGAGCATGAGAATGCGCTATAGAAGTGTATATTTGATTTTATGTACCGATAAAGGTAACAGCCACGAGGGCGTGGCGGGTTGACGTTTACATAGCCCACCGCTGGGGCGCTGTACGGATTTTTTAGGTGCGGGTATCTCCTTTTCCTACCAGCGGGACACGTCCAGGCGGGCTTTTAGTCTTCTTGGCGAGACGTGACATGGCACAATCCTGACACCAAGGCTTCCGTCAACTCAGGGCGCACTGCTCTAGCGCCTAATTCATGATCTTGTGGATGTATCACAGTGAAGGTGGTGCATTCGCGGTGGGATAGCATGACGGTGCTCCTTGCCCCGATGTGCGTCTACTTAATTGTTATTCCAGGACGAGGTGTTATGCCCAGCAACTCTCGTCGCGAAGGATATAAAATACAGGGGCCTCCATCCTGTGCTATATCTAGTGAGCCATCTTGCCTCCAATCCGGGAAAATACGTCGGTTAATTGATGGGCTAGTATGGGTTTCGACTACAACCATCTTAGACACGTACCTTTGCCATGGGATCAGTGCTTACAGGGTGATGAGGTGGTGCGAGTTGGACTCGATACAACGTGTATATGCAGGTCTATAACTGTGATAAATCTGTAGGGGGGTCGAAGATCAGGCAATGTTGTTCCGCGAGCCAAGGGGTTTCACCGAGCCCGGCTAATGGATAGGCAGGTTATATGCTCGCCTGGCGAACCTTCTGATCCTTTGCATGATTTAGCCACAG,1175,49.87,Mus musculus
SEQ_356677,CATCCTGTTAAACACCTCAGCCTCCAAACTACCAGACAAGTCATCAAGCTAAGGCTGTGCGTGCATCAGAATTCTTTCAGAATATGTCCACATAGTTTCCGATTATGTCAATGATGCCCTCCGTGCTCACTGTCCCCTGTACCCTAGTAGTCGCTTGTGGACGTTTGAATTTCCGCTAGTGAGCCATGGTAAATTCCATTTGCGCGTTCTAGCAACTTGCTACCTATGTGAGACATGACGACCACTCTGCTAAATTGGCAGTAAGGTAGGAGAAAATAACGGATTGCCAACATCGCAGGTTAGTTGCTCCGGGTCACGCCGCCCCCAGAGCACCACTTCGAGGAGTGAGAGGCCCTTGTGCTAGTGTGGGCGCCTCATGTGTACGAGTCCATGTGCGATGTCTCGACTGCAGACACGACGGTGATGCACAGTGGAAGGCTCCAGAATAGTGTGGGCGATATACCGATATGGTAGCATTTGCCGGGCGGTTCCCAAGCGTGTGTGTAGTGGCAGCTTCTCCTTGGGCCTTCCCTACGCGCTGCGGTAATGACGCGATCCGACTAACCATTGTTAGGACTGACGTCCCGGACATAAATTACGAGCGGCGTGTCACACCACACCAACCGGCTCCAGGCGGATATGTCTAAACAAACTGCTCCTTCCTTTAACGCCACAGAGGACAGCTGGCAAGTGCTCATGCCCGGTGTTTATATGGGTAATAGCGGCCCTACCGCCGTCCTGATTAGCTCCTACAAGATGACCACATTTCACCGGAGACTAACAGCCCGTCATGCTGGCAGTTACCGAACACATCCAACAACATGATTAGCAGGTTTCACCCTATTCCTAGACAGAGGTATCTAAGATGTATGAGCATCCGACAGCCGAACGCCGCTGCTTCCCAGCCGTAAGTGACGATAATAGACTAAACCCCATTAAACAAACACAGTTACTGCGGCTGGACTTCTTGTGCCCATCAATTTTTACTGTATGATCGTGCCTTCCGAAATTTTATGATGCTGGTTTAATGACGCAAAACTTTTGTGCAGGCCGCCGACGGCCGCCTGTCACACGGTGCTCACCGGGCAGTTTTCCGGGAAGGGGTGCGATCTGGTCACTTTTCTTTTCTAAACCGGAACGATTAACTCTTCGGTTCACTGTGATGGAGCCTTGTTGTATCAAGCAGTGATACGCGTGATTCCCCATAGGTGGTCCGCAGTGCAGATAATGGGTATCGAATACGCACTACTTGTACGAAGATCATCGGACCTCGGATAGCGGGCATCTTAACTAATGTGCGTACCGGGCAGAATCCTAAAGTGCTCTCACGATCTAATAGGTACACACGGTTGCGCGATCCAGAACTGAAGGCGGTGTTGAGACGAGCTCGAAAATCTTCGTGATCTGAGATCTTCCGGAGATGCAACGATATGCAGGTAAGCAAGAGTATGCAACCCACGTGTTAACCTGAGGATAGACGCAGATCACGATGAAGACTTAGTCGTACCGGCGGTTTTCTCAATTCAAGAACGCGGATATTTTATTATTTTAGACCTCGGTGGGCTCTATTGTCTAGAGTAGCTTGTGTGCCCCAATAGTCGTTCAGAATTGCCTCTTACCCAGTAGAAAACCAACGACGATTGCCACTAGCGAGAGAACAGACGCCTGTGTCCTGTTATCGCATGACCCATAGTCCCGTTCTCCACTGGACCGCTGTTGATCAAGCATTCCGTATGAATATCGATTCGGATGGAGAGCTTCGAACTGCCTTATTAAATGTAGAATTAGCCGCCTTGATGATTTAGGATTCTGACACAGTTAGCGCTGTATGAACCACACTATTGCCGAGGACATCCGTATCCCTACGTACTACACTAGGTCTTGGAATCGGGGCCTACCGGGTTGGGATTGCCCCTATCCTCGCCCATACTGCGGCGGACCGTTATACTGTGTCGCACACCTAACGGACCTTTGACAGCCCCGTGTTGTCGTAGTCGAA,1999,50.38,Mus musculus
SEQ_395677,GGCTATACAGTAATGGGCTTATTGGCGGCAATGTCATCTATAGAACATGAAGGAAGCCTGGTTTATCGTATCCAGGGGCTCTCAATCCGACGTCAGTACATCCTCCAGATGTGAGGTAAAGACAGCAGCCATTGAGCCCTACCTGCGCATTATGCTGCCAGGAGTATAATCGTCATAGCTCCCACAATACTATAATGAGGGTAATTACTCTCTTTGCAGACTATTGTCTTCGACGGCTTGGCTGGGAGAAGTCCTCTCGATTTGTTCGCGGTCGTCGCGTAAATAGGCAGGGGGCCAGAGCCCTCACAACCGTCATTTAAACAACCCGTCTCAAGACCGTGCGATCTTACATTCTAACGTCGCACTGGCCATGACTACATCGATCTCCCACAGGGATGGGCAGTAGTACTACGGTGTGTATTCCCAGGACACATGCAAAACCGTTACAGTCCGAAGCGGTGGAGAACGTTTAGTTGAAGGGCGACGGACAGGGGGTGCCATCCAATGGGAGAGCTTTAATCGTCGGCTGTGATCTTTACCTAATGCCAGGACATAACTACTGCTCTACATAGTTACCGTGCCGCTATGGTACCCATCGCGGTGCTGTCTTGGCCGTATTTAAGTTAAGATGTCCAGGACCCCTCGCGGTGAGATTATTGACTACTGCGCGATCACTAAAACAGTATGGAGTGCTTTGAGTCTGGGCTCCAGCTTGTGTGTAGCTAGCTCAGGTTAGTGGGAGGCGGATGTATGCTTTGCTCTAGAGAGCTCGAATTAGTCAGGGAAACTCGTGATGGTATCGTGCCGTTTGTTGGCACTATTTTAACCACTAGTTATAAGGTGGTAAGCGCCTAATGGCTCAGCTCAGTGGTCGAACAAAGCCCATTGTCATGTAAATGGGATCTTGCGTATTGAGGACTACCTCGTACTCTCTACCACAATGATCTGGAGGCGTTCGTTTACGTACCCCTCGTTACGTAATTTCGATCCACTTGCTATCCTTACCTCAGTCAAGAAGTTGTACATTCAAGACACAAGCTTAATCTCTAATAGAGTGTTCTCGGTTTCATGTGAGGTGCCGAATAACCGGCATTCCGCGGGGTGCAGGGAATGAAACGCCCTCTCTACAGGTGCGGCATAGACGTAATACGATGCATGCTGGTGAATAGCCTCTTCGTGAACAAACGTCAGGACGGGGTAGGTTCGTAAGTGTACCTTCCGATTTATAAACGAACCCGACTGATTGGGTTACAGTCGCAGTGGGCAAAGAGCTGTTAGGACCTGGACTGGGCCCTATGTGATAACAGCACCTTTCCTAGAAACTGGCTAGAAGTAACGAGGTGCCTTGCTCGAGCGTGGTTGAGTTACCAATTTGTCCCCTCCTGCATTTGCTGGAGAAAGAAGCTGGCGGACTTGTTCGAGTTGACTCTTGCACACACGTGACATCGAGGAAAAAACACTCCCTTGAGTACGACAGAGCTACCTCCAACGCGGGTCATTCCGCGTTGAATCTTGACCACCTCAGCCAAGCTTCAGGGCGTTCTATAATCTTGGCCCACACCTCGGAGTAAGTCTAAAACTCGATAGAGAGAAAACACCACCAGTTACTCATTTCTTTCACAATCTTTAGTAAAGGAAAGTGATCAGCCACATATGATGACGCAAAGGTCACAAACTCATTTTTCGCATCCTCGCAAGGGCATTCCATGCCCCCCCACTTCAAGACCTGGACCGACTGTCAGCCGGTGGTCTAGGCTGTTAAGGCCTACATAGTACGAGGTTTCAAGTTGAATTTCGCTATGTGC,1805,49.2,Arabidopsis thaliana
SEQ_909362,TGCCAGTGACGCAAACTCGACCCCTTGACCATAACAGAGGGTTCCTTCTAGGGCATGCTTCGCCGAACTGGTTGAGAGCCCGTTTCTCGCTGACGGGGAGCTATACGAAATTATCGATAATGCGTTGCACAGCACGGACCATTGACGTCCGCACGGTCAAGGGCGGAACGCACAAACGGTGGCCTCTCTTTGCGTAGCTCCGGCCTAAGCGTAACAAGAGCAAGGCCTGCACTAAAAATGACTCTACGGCGGCAATTAACGGCCATTGGAAGCGGGAATACCCCTCACGGTCTGTAATGAACAGTATAGTAGCGACGCTAGGGTTCCTGTCCCACTAGCCCAATGCCATTCTTAATGATCAATAAAAACTGGAACCGCTTCCATGACACGTTGCCCATGGTGTAGGGGATGCAAGAATCCATCATCGGAATCTGACTCAAAGTTCATCGGAGCGTTAGATACGTTGCACGGCTCTAAGCAGACTCGGGGCTCTAACCTACATCAACTCGCCGATTTAACAATCGGGGAC,529,52.17,Arabidopsis thaliana
SEQ_444623,AAACGTGCCTCCTGCTGACCTGCTATCGAATTCCGCTAACTTACATCACTGGACCGAGTGGAGCACGATTTAAAGGTTGCGGGTATTTGCTGGAGAGGGCCAGAACAA,108,50.93,Escherichia coli
SEQ_928073,GGGAAACGAAGAAGCCTTCGCCCGATCCCCAAAGCGATCTTATTTGGCACAGCTTTACGTGGGAGGCTTGGGGTGACCGGCATTTGAGACCTCTAGTACCACAGGACGCTGGTACGCGGTGTTTGCAGTTCTGATGCCGGAAAGTGACTGGAATACAAGGGCCCAATCTGTCCACATGTTACCAATGGTGTCCGTAGATCGACTTCTACAGATATGCCTGCCAATCCTCACTCCAGCCATCCTTTTCAATCGCACTCGGAGGACTAGGTACCGAATGCGAAAATCATGAGGCAAATTCCACCCTTGCTGAACGATCGTAGCAACAGAGTGTAACTCAGTGCAGTATTTACTCCTCACCGGTATTATCTGCGGTACATTTATCTCTGTAAGGTTCCCGCGACAGCGATTACTGCAGCTTAAGGAACAATCGTTCGCCCAAGGGTCTTCCGCGCACGAACTACTTATTAGGAGACAGCTGGCAACGCTGATGGGCCCTGGCTCCAGGTCCAGTGACCACCGTGGACAGTTGTGTCCCGGGGCGTCAAAGCATCCAGACTCATAGTGCAAGGCAAAGCGGCAGGGTATAGTAGGCTTTCAGAACGAACCTAAGGCTGACCGTCGAAACACTTAGAGGATGATGACCGAGACGTGCTCAGGGTCGCGCTTAGGATGTTCGAGTTGATTCATACGCCTGGACTATGGAAAAAGGTTAGCGGAGTTGTGCCAACACTTTGTGGTATCTCAACCCGGTTCTATGGGCTTGCATCGGTGCAAGGGTTAATTTCAATACGTCATACCTGTAGTCGTATATATTATCTCTTCACATTAGATCCTGACAGGGCCCTCTCGAGCTAACCTATTTAGGGGGCGCCGGGTCCCGCTCACGCCTAGGCCAGATTAAAGAGATGACGCGGCGATATATTTGCGACTGTGTCGGAACACGTTGGACTCTAGCCGCTTTCGGGGGCCACTGGCTCATGGGATTGCCTGCATCATACTATGTGTAAGGGCCACCTCTCCTGCCCGTCGGGCTCAGCTAGTTGTGAGACAAGAGTCGTATCACGATTATTTTATTCGATTCCTGCTGAACGGTGCTCATCTACTATCATTACACCGTTGACGAGACTCCGTCAACCACACGCACTAGATCGCACAACCGGGTAGAGGATCTCCACGTGCTTCACTTTTATTTTACGTTAGCGGCCAACAAGTCTGTTCGACCTTAACATGCGGTCTCAAGAGAGCACCCGTAGGCCTCTTACCAGCATGTTACTGAAAAACAAAGACTAGCAGTTAAGGATTTACTATGACGTCGCCAATGTAGCAACCGTCGCAAACAGCATTTGAACGTACTTCCAATATTATGTCGTCCGAGGCACTCGTCCGAAGTGCAAGGTCAGTCCGCCAAGGAACGATCAGTGGGCTGTGCTTAACTGTGTTGATAGCTGACTGTTTCGAAACCTGTTACTCCGCGTTGCCGTTCCCGCAAGGTCCTATATGGAGTACGGAGAGGTTCTTGTACTAGCTCTAATTCGTCAACGCCGCTTTCCAGCTCTAACTACACCCCATGGTAGGTCGCCCCAGAGTTCACCGTGTAGAGGCCATAGTCTAACAAGGGTATCGATAACGGCCTGAAACACCCACGTACCGAACAGGGCAAACGCT,1665,51.11,Escherichia coli
SEQ_875867,TTAACGGCTGATACTAAGGCGACACCGTTACAGATAAAGGCCTGCCTTGCTCTGTTTCGTATGACAGCCTAGCAAGGCCACCCAACTAGTATATTAACACCTACACGAGCCTTCTGTCCCTCGGTCCTTCAAAAGTCCCGAGGTTTATAATACGAGATCTCACGGAAGGGTCAGTGACCGAGCTCTTCTGACGGGAAACCACACGCCCCATTCCCGCCACAGTCTAGGCTGAAATTGGAGTTCGTTAGTGAAGTCCATTTGAGTTGATGCCGCGTGTTGCCTTTGCTCGACATAGCGCTTAGCAAGAGCAGTTTTGCATAAAAGATTTCCCATTCTTTCTACCGTCTAGGTTT,353,48.73,Arabidopsis thaliana
SEQ_217903,CGCATCGAACTGCATGCACCCTGCCCATAACGTTAACAACGGATGCAAACGTCTGGGCCCGCGCGGATTCCTATTCACTTCCGGGGTTCGAGTGCTAGGGTAAGTATAGTGACTGCCTACATTTCATAACGGCGCGCGGTACTAGCCTCAAATCGGGTCGTTTCAGATGCATCCGTCCCGTACCAATTGCGGCCGCAATCTGCGCTATAAGGGACGAGAGAGAGCAATAGTGATACGGTGCAGCTGTTTGGTAAGTCTACTCATCTCGTAGGGACTTAGAATCGTTAACGGTGCATGCTATTCGTATTGAAAAGTTGCTCGACTTCGACGCGACGGTGAATAGGGTGACGGGGTGAGCGCCCAATAAACTGAAACGTCTCTCTCCAGTTTGGCACCAAAACGCCTATGTGTCATCGGTCCTCAACTTCCACACTCGACGAGTAGGCCGTGATTAGTGATTTACAGAGCGTTAAACCCATCGTCTGCCCGTTGAAGTAGGAGGGGAGAAATTGTGGGTCACCGGCCACTACACAGGTACGATAATAAGTGAACTCCTTTTACTTCATCCAGGGAACCCTGTTTCTCGACCCAGCCAAAGGAGCCGACAACGGCCCAGTGCCCAGTCTCAAACCGTTCTGGTAGGATGAGTACTGACCGGGAAAACCGGAAGGGTGCCCCAAGCTGCAGATACACGGTGAGTCTCGGATTGTAGTCCCTGGGGAATCCGCCTCCTGTTATGCTGGTTTAGGCATCAAGTC,758,52.51,Homo sapiens
SEQ_372177,ACGCCGGTCAGGTGTCAGTGAAACAGGCTCGCTTAGCACTTTAGACGATCCTGTCAGCACAACATATAGGCGAGGAGGCCAAGGACGTGCGAAGTAAGGAGATGTTGGAATTGGATTCTGTTTGCGCATTCTAGGCCGCCTCGACCCCGCACGTATGACATTGCACCTAAAGCCGCATTGGAGTCTTACTCCTTGGCAGGAGGGCCAGGGTTTTGTCTTCGGCGTACCGTTACTGTTCGTCCGACTTTCACTGCGTAGCGGTTGGACAGACGAAGTCCTAACCTGTTGTAAATATCGTGCGTGATATCAGAATAGGTAAGTACAAACTCCATTAGGACCCCTCCAGAAGTACAGTAGTCTCAACGGTCTCCCGACGATCCATGGAAAGGTCGGGCGCCCTCAACCGTTTGCTCCCAATTGAAATCCAGGTCGAGCATACTAACGCACAGTACCATGCTCCTATCTCACGGTTTATCGAGACAATCGGGAGCGATTTTCTCGTACGAATGTAAAGGCTGCTCCCTGACCCTAATGCTATACAGCCCGCTGGAAGCGAATAGACAAAGTCAGAACCAAGTTCACGGCAGTTCACCAGCCATTCACTCCTCCGGCTCCTCGCACGGCGTCGGTGGCAAGAAGGTGTAGGGGGCGTGGTTATTCGCCATTGACGGAAATACTAGAAGCTACGACAGATAAATGGCAGACCTGCTATTGGTTGGCCGGGCCTGGAAA,732,52.32,Drosophila melanogaster
SEQ_836225,ACTCATACCTTTACATGTACCAGGTAGAAGAGATTACATGCCTTTCGACCTCCCGTCTATACCTACCTAGGGCTCCGTTTGTCGGCAACCTGCATCGCCGGGTATCCTTCGGCTCAGATCTACGAAGTCTCAAAAGTTGGGCCGAAATAGGATCGTGTGTAGAAGACGTTAAGAGTGTACGGCGGTTAGGGCGATAAAACAACAACGCAGGCTCCACCATATTGC,225,49.78,Homo sapiens
SEQ_804828,CACCGCTGAATTTACTCGGCCGGCACTTAGAGACCGGGGCGACCGTTGCCACAACTTCACTGGGCGAACACCTACACAAGTTTCCCAATTGTACTAGGTCATCCCTATCATGCCACTCGCTGGATCGTGAGCCGGCACGGTTCTCTTGTGCTCCCTACTATCGTAAGGTGGTTAAAGTTTAGGATCGCGTTGATTTGAAATCTTCACACCTCCGCGTCAGCCCTCCCAAATATACAGCGGTGAAAATCTCCACCCAACGACGTGGAAAGCGGGCCTTCTGAATGAAAT,288,52.08,Saccharomyces cerevisiae
SEQ_863896,GTCCGGGGAGTGAAGTACCAGGGCTCAAGTGACTAGATACCGCCCATATGGGTATTTGCGGATCTAGCTTGACATATAGATTACCCCGGGAGGGTTGAGGTCGGACACGCGTAGGCTCTCATTCGGTATTTCGATTCACGATATTGGAGTTACGGTGAGCGAAAGGACATTCTGCCGAGGACCCGGTTGACAGAACTCACGAAGCCGCTATATCACACCTATTCATTTGTTTGGGCGACGATCCATTCCCACGTTTCTGTAAACCTACTCTGTTTGGATTAACCACGATCGAGAGTGGGCGGTCTGGATCTGACCCGCGGAAGCCTCCGCGAGGTCAACGACATCGGAGGATACTGGTTAGGTGTACAACACAAGACTTTGAATCCTATGTACCGCGTGACCTGCGGACACTCAATTAACCTGCCATTAGAATGAGGTGTAACTTTTGCGTGATCCAGGTACTTAAGTCGGCCTAAAGCGAACCACTAACGAGACCTTATGATTACGATT,510,50.0,Homo sapiens
SEQ_338666,TTTGCATCGATTGGAAAGCGTACGTGCAATGCCACCGGATGGGTGGGCGCCGGTACTCGGAGGAATATTAGCATTACACGGCCTATTGCGTGTACTAGTTGTGCCAGGTTACATTCTCTAGAACAGAACAGAGATAGCAAGGAGTACGGGGTTTGCCTCAGGGTCCGTACATGCCCCAATTGGTGCGTCGCCCCAGTTGCGATACTCTAACGTCGATCGCCCAATTGGACATCATCCCTGTCGATTTAGCCTCCCTGCTATCTCCAGTTCTGGTGCCGTGAACTTGGCTGTTGACCGGGCGGCTCAGTAACCCCTGACGGTTGCATACTTGTCCCGGTTCGAAAACGGGAAACAAGATTAATTTACTCGGTTAGTCAATAGGTTCCCCGATAGCCTAACGGCCAGAAGGCTCGCGGGAGAGTCCCGAATAGTGGGAAGCGCGTGTCATGCTGAAGTGAACAAAACAGGAAGATCCGTCGGAATAGGGGTAAAGAGAGGACTGACTGAAGAGAGGGGTCCGTGATGGTGGGCTTTGCCTGAATTGTGACGCGCGTGTTAAGCGCGTCCTTCCTAACCCCACCTCGGCGATGTCTAGGAACTGGGTGGCGTGGGACTCACCAGACAAATGAAGTAAGATACTCTTCAGATGCGGGTGTGTGGATGGTATATGCGTGCTAGGAGCAGTCCAACTAAGTGTGAATTAAACTGGTACCACATAATTTTGCTCGGACATATGTACAAATTTATGGACTGCTTAGGTACCTGACTCCGCGGAACCACGAAGTCTTGTGTAAACTCTTAGCGTTGTTGCACCGAAAACCTCTAACAGATTCCACTGTTAAACACTGCAGGAACAGATTCTTCACCATTCTATTCTAGGACGCGGTATGGTTCGATACCTTCCCGCGATTAAGCTTGCACCGACCTGCTCTAAATGCATGGGGAGGGACCCAGTCTGTCTACCCACATAAATTCTTCGCTCAGCTCATTCTGTCTCGCGTTTGGGATAACTTTAGTGACCTTTACCCTGCCCGATGTATGGTCAGATGTAGCGACAAGATGTTTTTGTGGTCAGCTATGTCGCCAAATATCCAGCTAATCCGAAGCTGTTACTGACATGTTCCCAGCACTGGGCGTACATTGTGGAACCCACAGGTTGTATTCTATGGACCGCTGTGGATTTATAGAATGTTCCACGCACATCATTCGCACGGTTCCATACCTAAGCCACCAACCTGTACCCTCACCGCAGTTGTGTCTGGCTGAACCCCTAGGTAGGTTCGGATGGCAAAAGAAGCTCTATCCTCCTATGTGAGAATGTTTACCGACGTGCGCTGTCACGCTCGGGCGTTCTGTTTTGAGTACTAAGTGAAGTGCGGCGAACCGCTTAGTCGGTCACGCTGAGTTGTGTCCTACACATCATTGCGACTATAGTGGGGCTGCGAGAAGAAATCTTATACCAGTACTGAGACATGCGGGCCGTACTTATTCAAATAGTGATTTTACGTAATGGACAGACGTAGGTGTGACCATACGATGGTAGTTACGGGATAACCTTGGATGTTACTACTCCGATCCAAGGTTCTCGGACCTGATCCAATTTGGGCGGTTTGACAACTGATTGGGTACGAAGTCAATCATAAAGTGCGCTTGGGTGCTTGTGGGTGCCCACCCTCATCAACCACTCTTGCTTCCCTTTCGCCACGCTGAGTAACGCCGGAATCGAATGATATCGACACACTTCAGGACAGTACAAGACCTTTGTTACACGTACAAATTAGTTATCTAATACTGCTTAACTGTTGTCAAA,1810,49.5,Mus musculus
SEQ_149421,ATCACAGGTTTTACCTGGAGCAAAACTGCTCTGATGCCAAACAGCTTAGGCATTCTGGACGATCTCCTAACACAGTCGAAAACTTTAGCATGTCCCTCCTTCAGCAAGTATTGGAGTGTTGACTTAGCCCTACTGATACGAGTGCATAAATCTTGAAAATCTCTCGGGTGACTGTACAATCGTTGGGGCTTGTATAACCTATTCAAACTTCCGTTCCGACGCGGCTGTACACAAACTAGCTCCAGTGCTCTCCGAATTTCGCTACCTTCCTTAGTTTTTCATTGGTAGGGAAGGAAAGAGGAACAACAAGGAAGGAAATAGGCTTTAGCCCCTACTAATGGCCACAGCCAGTGGTCATTTCTATGGGGGTCGAACGGACACAGGCATGTACCTGCTCGTCCACTCCGCTAAATGGCGATCTGAACAGTAGAGTGTATTGAGTGGGAACTCGCTTACCATGGTTGCCTCGTCGAATGCCTAAGGGCATCTAATTCACGCAGGCACAATTAGTGACGGGGAGTATCAAATAAAGGCCGGCCTTTTTGTCGCTAGCACCGAGGCCTCGGAAGCTCTAGTGCCCTCTACCTTGAGAATTAGGGAAGGACAGGGGCGAGGGGGAATCGTCATTGTATGTCCCACTTGTAACTCATAACTTGAGAAGCGCTGCTCATTGAACATATCGGAGATTCGAGTTCGGAGTAAAGGGTAGTTACCCAATTGGCGTCGAGAACCGTTCTACCGGGGAGCTCGGCCGCCCTGTCGGGCAGTCAGCGTTCGACCCTATTGACGCGGAAACTAGAAAGGCCAAGTACTATCTATTCGCTCAGAAGGCGACATATCAAGCTGACGTGGATTAGCGTTGATGTATAACTGACTATCTCGCGACGTA,889,49.27,Drosophila melanogaster
SEQ_169374,TAGCTTAACTTACTTCATCGTGATTCTGCCTACAATTGCACTGTTCTACTTAGATTTCAAATTTCCAGGATAATTGGGGGGCATCGCGCAGTTGTCAATCGCTGGGTTTCCATCGGAAGTTCAGACTACAGAGGATCACGGAATTCGAGGAACTGTCTCCCCAGAGGTTCAAACGACCGGGGGCACCACACGTATCCGGGACTCTAGGCACCGAGTAGAGAAGTAAAGGCGGCATAGTGGCATAATTTACGATTTGCGATATTCGAGGCTGGTGCTTGCGTGATGTATAGTCAGGGTAGTTGAGGCGGTCGTTGGATCTGGATCCGCTTGATCATTGGGCAACGGGGCTTGCCCCCGGCGACTCACATTCCCCATGTGGCTCCTTGGAAGGCTGAATAAAGAGACGGTTCCGCGGGCTGACACCCTCCACATGATGCTTCGCGCGGGATTTAGCCAAGTCCGTTTTGACGCGTGATGCCGCCCCCGGGTCCATCGATGGTTCGTTAGAAGAATATGGGCTGTGAGATAGCGCGTGACGGTTGCGCGATTTCCAAAGCGGCCACTGGTGGGGGGCCGTCGGTCTCTGAAGACTAGCAAACACTTACGGTTCTAACCGGCTAACGTTATGTACTTAGGGTTGTAGTTACAGCTGTGTGTGAGTAAGAGTTACTTCGATCCGTCGTCTTCCAGTGTCCTTGGCTGGATTCGCTCCAGCGCGAATTCAATCTACACAAATAAGATGTTGCCCTAGGGGAAAATAATGCGGGAATCTGCATCTAAAGTCTAAACTGACGCCAGGTATCAGAAAACTCACAGGGTAGGACGATCGAAAGACCATGTGGCTTCTGCGGGCTAAAACACGTGTCGCACATCGCCTGGATACAGGTAGGCGATGTATACCTGGCGGGGTGAGTTCTTCGTGACAAAAATCGGCCCGCTAAAAGGGCCTAAGCTATCTTCCCGCATGGGACGCATGAACAGTCTTACCGGCGAGCTGGCTCAGACGCTGAAATTCAGTTATGCGCGGCTATATCCGAGGCTCTTAGCCCGTGTGACCGAGTGAGGTATTAGTCTCTCTTATACAATTGCTGCAGACCTACCTTCCCCAGCACTTCGAGCAGGGTGCTGAAGATCAACAGCCCTTTTCCCCACTAGACCGTCCCCTTAGTGTGGCGCGGGTCCCCAGGATCATAATAATAGTAGGCGAATCATTTTCGGCCCATGCACCGGAAGACTTTTGGGCAGGCGGTTGCACGACGGATTAGGTATCAAATTTTGGATAGAGCGAAGCTGGTCCCAAGGCAACGTCCGCAGAGAAAGGCGATGACGTTGGCTGGCCTACTAATTAGCGGGTCCACCCGTCCCAGGCAGTATCATCGTCTAAGCCCCAGGATAAAACGTTTTCACACACCGAACAAGATGATGCGTTTGGACACAGACTTGTTTCAGCCTCTAACTCCTAGTCGATCTGCGAGACTTTGTGCCCTTTTGTAGCCCAATGTACCTTTCTCCAAAGTTTTAAAAAGTCCTACGGGATATACATCCTGGAATATAATTAATCGGTTACGCGGCTGACTCTTATGACTCTCCAACCCCACGCCGATCATCCA,1610,51.49,Drosophila melanogaster
SEQ_209168,ACGCTTCCCGCGGATTATCTTTCATGGGCAACACAGTAAACCTCGCGCGATTCGTGCGGTTCGATGAGACGCATACGCGGATCTGAGCTCTATTACCGTCACGGAACTAGCCGAGCCTCAATTCAAAGAACAAGGCATGCGAAAGGCAACACCGTCTGACGAATGGAGTCAACTAAAGTGGTGAATAGTCAAAAGAAGGGAGTCCTCCCACAACGACCCTGACACACAACCCTCTAAACAACTGTATTGACTAGAGAGGTCTTAGGCTGGGGATAGCGCAAAAAAAGCGACACTGGCAAACAACATTCTAGCTTTGTCATTCGGAGTGCAAGGCCGAAGGTGCCACCATGGAAATAAGGGGTACACGTTTTGCATGTTGGTTATGACAATATTTTATGCCGGGCCCAATACGAGTCCCCATACTTACGTAGCACGACTTGTCGACTTCGTGCGTAGACTGGCTCCACTTCTTTCAGAGTTGACTTTCGCAGTTTCCTGCTCCCTACTTGGTTTCGAAGTATCTAAGCAGCCGGAGACCGCGTCCCGACGGCAAGGGTTATCAGATGGGAAATAACCCCTAAGGGTGAAAGTAAAATATATGCTTGTGTGCCTTAGGTGATCACAGTTGGGTGGTACCGACACAAGCCCACTCACGCGTTACCTATGGATTGTTCCGCTCGCACGAGTCCCAGGATTAGTGAGGGGAGTGCTTTACGAAAGGTATCGTATCATGCGGGGTTACGTGCAACAGAACACTAACGTTGTAACGTCCGAACCATTTACCATGCGAGGTCATAATAGCACATACTAGGGCCTG,817,49.57,Arabidopsis thaliana
SEQ_847116,CACTAGGAATTTGGACACGCAGAATTTAAGACAGCACGAAAGGAAATCGAGCTAGTAATACAACTTTCTCGAAGAGCGTGGAGGACGGAACGCGTTAAGTGAGACCTGGCTGATACTAATGGCGGTTTTTAGTTGGGTCGCTTTCACTGGATCGTATCTCGTAAACATAGACTTCGTTTCCGATCAACTCACGGCTTTCCCTGACTCGCCTCATGTTCAGCCTCTTGGCCGCACGGGGCGGGGTTGGCGTTCAGATTACTGCCGCGGCGAGAGGTGCCCCGATGCAACTGACCGACCTTGTTGCGATAGAGTCTCGGATCAGAGCGATAAGAGCTCCCATTCCGTCCCGGGTGTATCATGTCGACGGCCAAGGCGTATTGGATCTTCATATCGGATAAAGCACTACCGTCGACTGGTGCCAGGGGTTTTTGGGATCAAACGAAACCTGACATTCGGACTCGGGAAAATGTATGAGGAAAAAGTACGCGTCCGAACGGGAAGATGGCAATTATTATGTTGCCGGCCGATTTCGCCTAGTCGAATAGGTAGACCGTGTTGAAGGATCGACCTGTAACCCAAGTTCCATGCCCCATTGGTAGTTAGTCTGTATAGCATGGAGAGCCTTTTATAGCAGCATGAAAGATTCCGGCGACTAAGCCTCCCCCACCAAACTAGGGAATCTCTAGAGTGAAATGAGTAACAGTACGAACAAACGGCTACACGTCTGGTACCCTCCATTCAGCAATCACACGGCGTGACTGCCTAACTTTATGATATAGAAGGACTATCGAGTATAAACTGATTCTAGAGCCCACGACGCAATAGGTTTGCAAGCAGACGAAGGCGGGTTAGGAAAACCGCTGTTGTAGATGACACCTACACTATCGGTATACCAATACTAATTTGCGGATAGCACGGAGCGCGTTGTCGCTTTGGAGAGTCCTTGCAAAGCGCCACGTCCTGCCGAGGGTGCGAGCCTAACCTACACCCCTCTGGCTCGCGAACCATTTCTCGGTTCCCCAGAATGATGAAGCACTAAGCCTCCTACGTAGTCCATTTCCGGCACGAATTGGCAACCTCACCGCAACACGGCATGCACAGAGACTAGTATAAGGAGCGGCTCCGTGACTGTGAGGAATCAGTGTGCGACTACGTAAGGCCCGCCAAAAGCGGACACCGGTTCAACAAGAGTTTCCCAGCGATCAACGCTTTGTATTTACGGCACTTCGATAATGGAACTCGTCGTCATCAATCCGATCATCTTAGGACATGCTGCCAATGTTACGCCTTTTCACACGTCCTAGACCGAGCCTTTACCGCGCTAAAGTCGTCATAGGGGTTTCTTTAGCCCTTTTTAGCATCTAAGGTGCATATAGCTGAGAAGTTGTCCGTAGTTCTGAACACCAAACGGTA,1413,50.39,Saccharomyces cerevisiae
SEQ_873176,CACCGGAGTTAACTTACAAGAGATTCGCTATAGGTCGCTGCCTCACGTATACAACGACCTCGGGAGGCTTTTGGCCCAGGCTTTTGCGTCTCCTCGTGTGTCCTGTACCGCGATAAAGAACGATAATTGCCCAATAGGCGCGGTAACCCCGATCTACTGCGCTCGGACGAAAACTAGCCTTGTAGCGATGGCCGCACGTTACTCCGGCAAATAGACGCTACGTGAATCCTGCTCCCGGGCCATCAGCTTCA,251,54.58,Escherichia coli
SEQ_508627,CCGATACCTCACGTGCCGCCCGTCGGCTCTATAGTTTCAAATACTAAGCTTAGACGGGAGTTATCAGACTCGGGGGAGCATTTCTCCCGAGAAACTGGCAAAGTAGCCAATCTCAGTCAGTCATCTCAGTTAATGCTCCCCCCCGGAACTACCAGGATTATAGGTGTTCTTTGAAGCTATACAACCAACTCAAAGTGAAAACTCGGAGTGGTCGACAGTCCCGTGCCCTAGGCCGAGCCGAGAAAGCAAGTAGGCTATACAATCAGGCCCAAGTAAAGATCCTACTACGGTTGAACTCCCAACACATTCCACACTATGAAACATTACTAAAATTATATGTCTCTCGATAACGCCTCCCCTTGCGTGGCTCTGCAGCAATACTAAATCCCTGTGGCATCAGGGCACCACCCCCCTAAACTCTGACGTGACGGCCGAGTCGGATTATATTAATGTCCGGATATGTTTTCTGGTAGCTCAGGTCGCATCCAACATATAGGTATCCTTCCGGAATGGCCGTTACGGTGCCAATTTCGAGAAGTCGAACCTAGCGAATAGTTTAAGAGTTGAGCATTTGATGGTATCGACGTACGTCGTTCCGAGAGCTATCCCAGCGGAGCTCTTCGACGTCGATGTTAGTAGAGAACCGAGTTTCGAAAACGCACTGAGCCGTGTCCTTTGCAGGTGCCTTTAAACACTGCATATGAATCTGAGGATTAACTGAGGTTTAAATAGATTCGCTCTTGTACCAAGGTGAGTGCGCTATGTTATAGGTAAGTCTGTCAATCCTCGAACACTCGACGGCTAACTTAGCTTGCGTTCGTCCAAGTCCCTCCGCTACTTCTGGCCTTTCGATGGCAGAAGGATGAGCAATGCTTTCCCCCACTAGCTACTAATACTTACCGCGGTACGCTCGTTATGGATGTATCTTCCGAACGAGCGTTCTCTCTACGAGTTATATACATCTCCCGAGCGGCATTAGGCAGCCGTGTAAATAGACCAGGGACAATTCGGAAACCGGCTAGTGACGAAATAGGTCCCTGGTCAAGCTTGCCACAATTGTCGCCACCGATCCGACCTTCTCCCTTGTTTATCTATCGAGATCGCATTTCATCTCACCAACGGTATTCGACTCTAGCATGGAAGTAGCAACCCATTTACCCAAATAGTTAATGTTTTCCGGCTTGGGAACCCTCGGTTATTTCAACGAACTAACACTAAGCAATCATTTTGGTGGTCACAAAGCTAGTACGCACGCAGTGGCTACTTAGTAGACTTAAGAAAGGAAGGGAGCAATGGGTCAGAGTAGATCCGTACCCAACGCATTCACGGGAATGATGACCCCGATAGAGTGCTTCTCCTCGTCTAGGTCCATCCGGACATGTAGCAGTCGCTCAGTGTCAATATAGAGTATTTTGAATTAGTTATCAAGCACGAATACGATGTAAGCCGTCTCCCTCTGCCTACAGTTATTACCGGAACTGCTTAGAGGAGTCTCCATTCGTATGTGGATAAACCAGCTTTATCTCGTGGGCAGTATCGGGTGATTCAGACAGTGTCACGGAATGCTGAGTGTCATTGGCAGAGCGCACTAGCTG,1595,48.15,Saccharomyces cerevisiae
SEQ_199162,GAGGGGGAACCTGCATACACAGTGGCAAAATCTACCGCGTGATCCTTGAACGAACAACCTACAACTGTGCAATGAGAAGATCGGTTTCGCATCCCTATGCTGCGTTATTTATACGACAACCGCAGGCAGTCAGATCATAATGATGGTTACCGGTGAGAGCACTGATCGCAGCCTACTCGTCCGTGGTCTGCCTTTAAGGAGCTAGCATTTTGGTTAACCCAGTAAGGGGCGTTACCCAGAGACTCCTACTTTTGGCAACTAATACATTCACGGCATGAGACATATAACGTATTTGCCAGACTTGAGCGGAGCAAAAGCGCTAAGATCGCCTAAAAACACGGAAATTATGAACCTATTAATACGCACATGTGCCGTCTACCTATACGAAAATCTAGACATTAGCGGGTCGACGGTATGAGGTAAGTAG,427,46.84,Escherichia coli
SEQ_792456,ATACAAACTAATAGGCTCGAGACCCAGGTGTATTACGTTACTGATTATGAGGAGCATTTGTGGAATCCCCCGACGGATAGACGCTTTACGATCCTTGAATGCGTGTATCTTCCGTCAATTTTGGTTGTTGCTTGCCGGCCGAGCAATCCAATACTTTCCTGCGCAGCGATCGTTGCTCCAGCAACGATCCGTCCTTAGAGGCCATTTCCGTGCAAACATTGTTATGCTACTGGTTAAAGGGGAAAACGCTTGTCGTACACAGACTTGGCGCGTAGGTTCCCTTTAGTAAAACGAAGGACAGCACCGACTAAGAATAAATTCGTGGGGCTAACTCTGCGCTGCAACGTAAGCTACCTC,357,48.18,Saccharomyces cerevisiae
SEQ_859557,AGCCCTCGAACGCACCCGACGCACTCCCTCTGATCGTGTACCTGTAGTGTTAGAAGTGTTTTGTTCGGGCCCTGGCTTTGTCGACCACACCCAATCGGCACGTCAGCACGCGAAACTTCTCAGAACGAGTAGTAGCCGGAGGCATTCCGAAGTCATCTTGAAATAAGTCAGTTGCGAATGGAGTCTACTCGTGTATAGCCAGATGGTTGTGTTTCATAATTCAAAACCCGTAGCCGCTTTCAGGCGAATACAGACCGTCAACACGCCTGGTAGACAGACTCTATTATATGCCGTGGAGTAATTAGGCGGCGGCTCAATCTCCTCTACGAGCCCTATCGCGTAACGCTCCAACGCCTATTGTTTCCAGTAATCCCCCCTCCCTCGAACGCTCAAGTCATGTCCAAACTGGGCATTAGAGA,419,51.55,Caenorhabditis elegans
SEQ_781355,CGCAGGGTTTCCTAACGTTGGAAACCTTAGATAACGTCGTCGCGTAGTGCGTCGCCGACGCTAGCACCCTAACAGCTCTTCCGGAAAGGTCCATATATATTATTTGACGGTATGCCGGCCTCATTCTAGAGGTAATGGGACACCACTAATATTTTTAGTTAGTACGCCATCCTTGTGTAGACATTTTTTCACAGCAGCCTCAGGCGCCCCGACAAAGTGTGTGGCAGAGCGCAGAGTGACTCGCCATAACCACGGAAAACGATTCCTCTAGAAACTGTTCCACATCGCCCAAGAGTTTAATCATTCTGTTAACAGGAGGGCAACACACCGAGACATATAAAAGTCGCTTATAAGCTCATAGTTCACAAGATAGGAAGTGGTTGGTACACGAACACCAAAAGGTGCGCCGAAAGTGTCAGAGCGCCATCGCATTTGGCTTATGTTCACAACGTGAGGCATTTGTGCCGATTCCG,473,48.2,Drosophila melanogaster
SEQ_871050,TCGTATGGCTCGCGCATTTGCATCGTGCATCTTCAAAGTTCGCTCTGTTTAAGTTCGAGTCTTTGCGCGACCAGGGCCCATGTAGGACGGCCTCATTATTCAGTAGATAACTCTGATCTCGGACAGACTAGAAAGTAATCCCCCCGACCTAAGACACAAGACTAGGTTCAGCGCCTTGGGTAGGCGGTAATGGCTCAAGAGCAACGGACAGTAGTTTACACGTAATTTTAAGGTTACTTCTCGCAAGTACGTTGCTCATAGGGCACGTGGCGCGGGCAGGAGATAAAGGACTATAGTGGTCACTGGATTTGAGGCACGACTTTCGCTGTCTTTACAAATGCAAATACTACCGTATAATCGCTATCGCGGGAAGCGCTGTTCCCCCTCCCAGAATTGGACTTAGCGGACCCTGGACTGAAGAGGAACAATTGACAGTGTGGTCGTCCAAGTCTATCAGACTCTAACGTCATTCTTGGGCACCGCGTTTGATAGAAAGTGTGCCACTTCCAGTCTCGCTGAAAGCGGCCTTCAGCCGAACTTCACGCATTTAAGAAGCATGAAACGCGTTGATAAGACCGAGGTGATGACTTGCGCGACTCGCACCATTAAATAGAGTAAGCACAGTACCCACGGTGAGATCCAACGGGTGAAAACCCCTGTGCTTAGCCAAGCTCGTAGAGTAGTTTTCCACGTTTTTGATAGCCTGAACAGATAACCTTCATAGCACGCAATTAAGAGAAACTTGCACCGGAAGATCTGTCCAGTGTCTCGGCATGGCTAAAGGTTCATTCCCTATCTTCAAGTGATACCTTTAACACTCCTGTCATGCTGCAACATATGGCAAACAACTCTCGTCGGGTTGGGCGAAAAGGACCCGCACTAGACACTTACTAGCCCCTACTACACTCCCGGGGGGCCTCTGCTTATACCTGTCCGGGGGCTATGAAACAGAATATTGGACTTCCGTACAGTGTCGTCGTGTCGCATTTTGAAGAGGTCGTATAAGTTGGATAGACAGGAGGCAGTTACATCAAATTTGGCAACAATGCTATTGTATTTCTGAGGACCTCAACTGACGTGCACACACCTTCTGATTCTAGAATGTGAACACCCCTCCGTTATGTGCATGGTTGAACGATTTAGGTGCTTAACACTAAGTGAATTTAAGGCAAGAAAGGGCTAAGGACGCATGTTCCCCTTTGCGGATACCGATCTTATGGGTTGAGTGAGGGTCTCAGCAGCGTAACTATATCGGGGTGAGGATGAGGAGCTTGACCCGCTTGTGGAGCATGAACCCCACTCCCGCGTACGATAGTCACGTCACGAGGGACATATCACACAATCACTGCCGTATGATTTCAATCCGTATGACCAAAGTGACCCGTCGGACTGATACTGCCATCTTAGCATCCCCCCGGGGAGTGGACTGTATCTGTGAAGGGATCGTGTGTTAATGCATGCGTGTATTCCTGCGGCTCATTGTGGTGATTATCAAGTGAGAGTTGGTCAGATCCCGGCTGTAAGCTTTCCCCTCATAGGTAATTCGTGGGGGCCCCGAGCTCGGGTCCTGAAATTGATACCCACTACGTTTACACATAGGAGGTGAGC,1608,49.38,Drosophila melanogaster
SEQ_606179,ACATTCATAACCACAGACCGCGAAGCCAACAACCGCCGGAGAGGGGTGTGTCCCGAATTAATGGGATACTCAAAGGCAAGTCCAGGCTCCGGGCTCAAGCGAGATGCACGTGAAGTTACAGCATGGGTGTTGTTGGCAGCTACTGCCGGATGCAATACCCTGTTCTCTTGTTGAAAATGCAGCCAGGCAGCACTGTAAGGGGTACCCTCGGGGCTCACACCCGTACTTATAGGCTCGTCAGGTTGGAGCTACAGATAGGGAATCACTTTCTAGACCGGACACGGTTGCTCAGTTCGGGACGACCGGGGGGAGCGTCGGTTTTGCTTACCTTATTTCCTCAGACTCTTACAACGTTGATTGACCTTTTAAGTGCTCTTTGGCCTTCGACTAAACCTTGTCCTGTATGTCCGAGCATTTGGTCTACAGAATCAGCATTCGGTCCTGCGAGTAAACTCATATTCCTATGACTGGAGTTACAGCCTACAATTATCCTTCACGCTGATCGACAGAATCGGTTGATCGGCCCACGGACATTGGACGGAGTCTAATGAACGCCTCTGCAGGAGAGCCTAGAAGCATGCGGGTTGTCAAACTCCCGGGAATCACTGATCACCAGAAGGCACTCTCCCGAGGAATCTTAAATCTTTGCTCATAGATGTGATTTCCCTGCGTAACATCTTTTGAACGAACTGAAGAGTCACCTGACGTTTGTAGCATTGCTAAAGCTAGGCAAGACATGACAGAATCGCATCTACCCAACATCGACGCGTAGCCCTTGACCCCCAAAATAATAGTTTGCACTCGTAAGGGCAGTGATTTCTAAATGGCGTTGCTACCCTCTCGAACATTGTCAAGGGGTGGACGCGTGCTAACTGAGGGCCTCCGTACACGCCAGTGGACAACTCCTAACGCCCTGGTTGAGGAAAGCTGGTTCCCCGTGCTATGGGGGTCGTGCCTTAA,960,51.15,Arabidopsis thaliana
SEQ_904110,AATATTGCGCCTCTATGGATAGGGAAGTAAAGTCAACTACTACTGCCTTTGATAGTATGAAATCGAATACCAAAGAATGGACTTTTAACACCCTGTATCTGAGAAGTGCCATGGTCATCTTTCCATACTCTACGAAGGACGAAGGAATACTCATCCTCGACAAGGTCGACAGTTGCATTTCCATAGTGGCACTACAGTCGCTTGCGGATGCTTCCGACTACTTATTCTGTCTAATCCGTCGCCTTTCTACTCCGGCTTATGGTTCACGTACCCTTAGTTTAGGATACTCCACCGACCCATCTTAGTATGTCACTACCAGGCGACAATATCCGACGATAGGTTGTATGGTGTATTCCATAGACCAATGTTCCCCCACTTTCGTGACTAAAACTAGGTGACTTTTGGATGATACTGGTAAACATCCCCGGGAGGCGGATGCTCTGCTGAAGAGGGCCGTCGTGCCTGGCCGTTCATGAATCGTATTGTTGCAGGACCTTCTGATGGCATATTTAATTTGCAAACTTGAGACATCTGAACCCTGCCCGATGCAGATTGTGCACACTTCTATTGCTTGTTTAGACTTGTCAAATTTATCCAGACCGCTTACCGAAACCAAGTTATCACACGGCCACTCGCGGTCACGGCTGAGAAAATCGAAACTGGGTCCATACGCAATACCTTACAAGCACCCCCTCTCGAACACCCCGGCAGGAGCTGTATCACTTGAGGACAACAGGTTACCGTCAGCTCGGTTCTTACGACTTTTAGATTTTCCTGGCGATGATTCGTCACTCTTCGTACGTAAGAGCAGCGGCCGCACCCCACTGGAGAGCTAGCGCCACGGTTTTTACATATCATAGGGGTCCGGGCGCGGAGTCCATACATCGTCCAGTCGCAATACGAGGCTTCACTGTTGAACAC,921,48.32,Saccharomyces cerevisiae
SEQ_855899,GCTGCATGAAATTCACTACGGAACACAATGTTGTGGAACGATACCACGGATAACTTATTATTAAGTGGACGACGATACAGGACAGACGGAAAGCGAGTGCCTATCGTTTCAGAATGATATAATATTTCAATACGTTAACTTATGGATCTTTATGTCGAGATTGGGTGCCAACACCGGTCTCTACGCCGTGCTGATCAAAATGTTTTAGGATATGGGGTTCTTACACGTGTCTACATCCCTTTTTTTTAGGCGCGTTTTTACTATAGCATAGGAACAGAGAATAGCGAACCAGTTATAATTGGAAGTTCTGCACTGGGTCCACACCCTTAAATGCTACTAAAAATCATTCTTTGCATCATTACCTATGGCCTGGTGGGCATGTGCCACTGTGAAACACTGTTCTCGACCAGCAGAATCTGCGCGGTGGCCTAGCAGCTAGAGT,442,43.44,Arabidopsis thaliana
SEQ_416386,AATTTACGCCACGCTGCTATAGAGGGGGCGGTACCGTCCTACAAGCATCAACTTATTCCTTCCGTAACTTCCTCTTTCAGCGGCAAGAACGATCTATACACCAAAGCAGGACGAGGATCTACGGTCGTGTCATCCAGTTTATGCTAGAAATATGCTGTTCTGTCCTGGGATTCGAGCGATCCCACGATAGCTGGCGAACCCCAGAGGTGAGAACAGCGTCGGGTTCCGGCGTAGCATGCTTTCCGTCAGCATAATGGAAACTAGCTATACGGTGACCTCTGGATAAGCTTATACGATTCTGCTAATAACGTCATGGTGACCGATCATCATTCGCTGATTCCCGATATATCCAGCTAGGTTGAGATAAAGCGAGGCGAAGGGCCAGCTGACGCGTTGCAGTTACCCACAGGCCATCCGATCTTGCTCATACAAGATATGCCTAACTATCGTAGATAGTCGCTGCGAATTACCCCCATTTTTTTCAACGCGGCAGACCCCGTAGGTTACTCCTCGGCCTGCCTCAGTTTAACGCTAGTATTGTCCCCCATTCAGTATTCACCCTCAAGTTACAATCGATGATCTATCGAGGCGTCACTTGGTCTCGAGGGCCTCGCAGCGACAGTGCCTGCACTAGCCGACGCCTCAATCGAAAGTACAATCCACGGAACCTTTTGATCGCTGTTGAGTACGGTGATCAACAAATCGACTTCCGAGCCCGACTATTTCTTAAGAATTCGCCTATATCCCGAGCTGCGATTACGATACGGGCTTCTTTACAGTTAGGGACGTGTCACGGGTATATCTCTTCACTGCCGCCACTATAATATGCAGCCCTACATGGTTATAATCTTGTACAAGTCACAGCACTTAGAAAGTACACAGATTGTTGGGGCCCCCATGAAGGTTGAGCTTTTTGAAGCCGTTCTCGAAGGGGCAAGAACCCACAGCAATCATTTGCCCCCATGGGCGGGACAATAGTAAACTCAAACACATCCCCCCAGAAATTCCTCGGCTCCGGCTGTGTTGCCTAGAAGGCAAATTCAAGGTTGCGGTATAGGGTGCCCCACGTCCCTATTGGGTTGTACGTTCGTGTTAGTAACTGACGATAAAGTCTGGCTTTATAGCTAAATGGTAGAGATGGTAACTTACTCCGTCAAGGGCTGGTGCCCTTAAAGACGGTACACGCTTCAACTATTCTTTCGTTTACGAATTTTCACCTCTTACAGGGCGCCATCCATGTGTTACGGCCGTGGTGCCCCGCTCGCTACTTCGACCCCGTTATAGGGGGAAGGACACCATCACAAGGCAGTTGGTGTGCTAGGTGCCAGTTGCTCGCCCTGAAGCCGGCTGGAAATCGGGGACTAACAGATGCCCCGGTAGTAATACCAGATATGGAATCCGCAAGTATACATGTGTAGGAACTCTTTGGGGCCTCGAT,1438,50.21,Drosophila melanogaster
SEQ_293016,GCTCACCACCACCCCAAATTAGAATGGGGTCGTGTTACTAGAAGGGGAGACGATAGCGGATAGCGTGAGGAACGTCGTATGGATATGCATTGATCGGCGCAAAGTTCTTCGCTGCTCATATTAGTAACGCTCATGCTGCAAATCTAAAATAACGGAGGTAGAACCGCCCCTTATAGAATGCTTCTCTTTGAAATTACCGTAAGAGCAACCGGTACACATAGTACGGGGTACTCGCAGCAGTAAAAGGACGCGTCCACATGCACGTGGGAAGGTAAGCCTACTATAGCATGTATAGGAATCACATGCGGGGCTCTAAAGTAGGTATTGTAGTCAGCCGCGCAGGTCTGTTAAGCCCGCTGCCGGGGAGACTTTTGAGACGGCTTGAATGAGGACGCTGATGTTATCAATTTCAGACCTCCGCTTTTAGAGGTGGTCGTATCCAATGTAGTTCTAAGATTCATCTCCCGGGCATTATGCCAAGGGCGTCCAGGAGGAGTTGTTCTGGGTATTACCCGCCATAACCATTGAATCATATGACACTCTAGTGAGGAAGGTTGAGGGGAGATCGATACCAGACCTTTGATACGCAAAACGAAAAATTCCGTATGGCGCTCCATCCAGCAGCCAAGGGGCACCTACAACTAGCTGATGTAAAACAGCTCGGATGTCCGTTCATAGACTGCACACATTAAGTAGACAGTACGGCACATAACCCGCCAAGCTGCTCGCGAGTGATGCCAAAGATGAAAGCTACAAATACTGTGGCGTCGGGCTACTAAGAAGCGTAGTGAGTGGCGACGGGAGATAGTTTCTTTGGTTAGAAAGCCATTCCCTGAAAAGTGCCAATTTAGGAAGCGTCAAAAATGATCGCAGCTCCTTCACGCGGTTAGGTCCTACGAGGCCGTACGCGAAGCTTTTGCCGTTGGCACTGTCATGAGGAATGCCCGTTAATACTGGAGCGCATCCTTATTCTCACTTCTTTGACAGTGGCTTCTCTATCTGGCCCCCCGAGGAGACTAAGCACATTGTCCGATGGACAAAATACGTCTCGCTTCTTTCGTTCAACATACCGGGCCTCATACGACAGGGGCACCAGAGACCAAGCGTTAGCAGAAACCACCAGCCTACACCCAAGTTTATCTTGCTACATGCATATGGCTATCTTACACATTTGTGGTTGGGGCACGAGAGTCCTTAGCTCGAGAATACAACACCCAGCTACGATAGTTCCCACGAAGTTAATGGTGGAGAGGTGGTACAAAAGAAGCGCGTGGGTGATACTCGTGTCCTGTGGCTTGCTAGGCATCGTTCCCACGCGCAGCGGGTCATACACATTCCTTAACGCGGCCGAAGAGCCACCACGATTTTTCTCCCTCCTAGGGTCACCATAAAGGCAAACGTCTGCCTATCCGTCAGAGTCAAAACATGGGTTATCCGATATATAAGTGTCTTTTAACTTTAAACTTACCGATGGGTC,1477,49.36,Caenorhabditis elegans
SEQ_830688,CTGGGGTGAATGGTTGAGTTTGATTGGAAGCCTTATGGAGTACTAGTACGTCAGGTATCATGGGCCGATGTCAGACATATTTGCCAGAGGGCATGTACACGACCACTAAGGATACGTTACAGCTGTTCGCGCTCGTAGACTACTGCATAAAGGTCCCTTCATCACAAGTAGAGAGAGTAGGATTGTGCGTCCGCGACCTTGTGTAAGATTTCCCCTCAAAGCTTTCAGTAGTCGGCGCTGCTATTACGCGGTGACTAATAAATCATGTACTACAATTGAACTCACCGCAAAGGTATAAGCTTGGTGTTTCAATTTCCGATGGTTTGGGCTATCGAGCCAAGTCGACATGTTGTCCGGAATTAGGTTATGGGCTGGGCGGCAGACGCAGCGCGCTGACAGTGTGATCGACCTTAGCAGGGTTCGGGCTGACATAATGGAGGACCCCCTTTCCGTGTCGCTTACATACTCCGGGGACATCAGGAGACGATACTTAGGATACTTCGCCGCCCACCGACGTCCTCAAACAGTGACCTCACACTTTCAGGGAACTTTACGTTGTTACATGATTTAGCAGATCGGAACCTAAGAACACGGGGATATAAGATAAAGGGAAGCAAAGTCAACCGCTTTGGGAGGATTCAAGTTATGCAGATTTCCTAGGTGCTGACTCGCTCACAGGCGAAAATTACCTATAAATACCAGTACGTGACGGGGGCGCCAGCGCTTTTCTGGCAGCCCCCCCATCTAAAACGTGCAGCTTGCGTGTTATCGAATACTCTGTGACCACTCTTCAACTTTTATAGTAGCTCAGATCGATCAACAGCACGGGGGACAATTGGCATCGGTCTTAGAGGTGTTTAGACACATCCCTCACATCCAGACAGAGTAGAAGAGCATTTCCTCCGGCGGAATGATACGGGGAACTAGCGAGGGCACCGGACATGACTCCACTTTCGACCTTGTCAGCCCGACACCTTTCGCATGGCATGTCTCCTCCACCGCAAGGACGGATCGCTTCATGACACTGTTGATGTCATGAGGCTTTCCACGATACACCCAAAAAAGTGTCCATGGTGGTCGACATTGGGCGGTGCAAGCCGTTGCTACATCCATCGCACAAGGCAGACTCGACGAACGTGTCGCGAGACGACCAATCAAGTACTTGCAGCGTTCAAGGATTTAGCGCAATACATCCGGCAGGACGCTTCTGGTTAACCCACCCCCTAAAGCCTAAAAGGCGGCAAGGGGCTTGTCATAGGATCTAGCTGTTTAGGGGTAAAAACGGTGGTAGACTTATTGTGCAGGTAAGCACTACTCCGCCTATCAGTGGGGAGTTTTTTACCATGGCTTATTTCAAACGTTATAGTGTCAACCTTACTGGGCAGTAAAGCCAGGAAGGCCTCAGCACGCAGTTACCAACGGCGGTTCCATAAGGTTTAGATAGCCGGGCGGCCATAGTATGTTGCGCGGTGGTTTACCTAAGTTACACACACAGCAAGGGCGTTATACCGAGAGACTACGACGATGCTAGAAATCGGACCATCAGTAGGATTCTTCTTCTCTCCGGACAACCTTGAACTAATTAGCTGTGAACGTTGGCGTG,1603,50.16,Caenorhabditis elegans
SEQ_165068,CGACTCTGGTCGAGGTGAATGTAACTCCCGTGTATCGGCAAATAGCGAAACGAAAGGTACGTTATAAGACTGATAGGTGAGTCAAACGATCTGCATATGAAGTTGCGGTGCTTTCATTTCACTCAGTCACCGTAGGGTCTTGTCATTGAACCGCATTCACAGTTCTGTAGAGAACGGAGGCCCCGTTCTTGGCATGCTCCTCTGCTCACATATCACTCTTCTACACTCAGTGTTTCACAACGCGCCTACCCTTGCACTCGGTCTTATCCGAGTCGAGTTTATCCCAACGTAATAAAACTAACCAAGGGCGACGCACGCTAAGCTTGTCGCGCTTCTATTACGCATGACCCAGTTAGATCTTAAAGGGCATGTGCGCTGGCGATGTGGGTTTGAGATCACGACCCTGGCTCAAAAATTAGTTTCGGGCCACCTGGGCACGGGAAAGATCTAACTGATTAGTCGGCGCGCATGAAATCGCTAGTGAATCCCCACCCATCCTACTACGTCCCGCCGGGGAACTGCCTGACCGTTGTGCCGATACGCAATTTATGCGGAGTCACTGCCCGCAGAAGGGGCTGACTTCCGATACCGACTCCGTGGTTTCACCCCTTGCAAGTAGTGTACTGAAGGTTCATAGGACCATAAGCGGACGGGCTTCTGTCTTGCAACATCTCAGACTGCGCATGCTGTGAAGCCAGATGTTTGGGCAGCCCACAAGGGGCGGGATCTACGGTGCTGTCCTACCAGCGAAGCACTATGCGTCAGACGGATGATACCTCAATCTCTGTCCGTACGTTGCTCAGGCCTGTTGGGCATGAGCGAGGGCGATAGTATGGGTTCGGAATCGGGTTCCCTATCCTAGGTACCAGGTCATGTGTTCTTAAGTCGGTGATGATACTTCTCGGATCGGTGTGTCTAACTAGTTCGGTCATAAACCACTGTATATTAGCAGCGCCTTCTACTTATAGCACTGCCAAGGGGCACGATGATGATCCTTTGCCTGACGAGCTCTCCTCTTAACCCCACCTCTTCATCTGTGAAAACTACTTGATACGTGCGTGGACGCTATTCGGCATATGCTTAAACCGTAGATAATCTGGCAGGATGCATTGGTTATCCGCCCACAGCCCATATTTTGAACAATGGCAGTGACCCGATCCTCGAGGAATTTTGGCGAGCCTATACTCAGGGTAGCCCCGAGAACCGCATACACTGTTCTAGGCAACTCTGTGGTCGGGTCCAGACCAACTCCCCCATTAACTCTCGCATAGTACTTTAGTTCTGTATGTATATCGCAAATCCATTACAGTGCCCGATGGCAATTCTTTGACTTGTGTATCATACCTCCGCTAGGTGGCCAACGCGCAAGCGCTCTATCGATAATCGCGACGTAGATAAGGAACTGTAATTATACTACTCAATGGCAGCTGCTTTCCGCCGACTTGAATGATCGAGTTTATCGTCAACTTTATGGGCCACCGATCGGTAAATCACTGAATTGTTGATCAAGATGCTTGTGGCGTAAGTTATCACCGTTTATTTCTAAAGCTATCAGAAAGTTGAAGGTCCAGTGATGGGATTGGGCCCGTTGTGTTGGGAATACCTATGTGAGTTCAAATCACAATGTTTCAAGTTTCGTTGCGCCAAGTCCATCTGCTCACAAAGTCCTATATCCGTTCCACTGAATCCCACACCTGCAGCGTGCAGGAGAATGCCGACAGCTCACTTGGTGTTAATGGTTTGG,1744,49.77,Escherichia coli
SEQ_839246,GGAAACCAGAGCCTGCACGTAAGTTCAGAGCGATGTAGTATACTGTAAACATTACCGCTGAAAGAGGTTTCAGATGAGATCGCTTGAACGGTCGGCCCACCGTTGTTCCCTTGCGTAATCCGACACCCCAAAAAGGTAAGGCAAGAAAGTGAATGGGGGCGTGGCCACCAGCACCTTTGTGGAAGGTTAGAACACCTTTAAAGCGGGTGCGGGCAGACATGGTCGAATCCGCTTGCTCGCGCTTTAACTTCTGTTAAACGAAGAAGAGAGCGACCCATTAAACTCCCCGCACGTAGGAAAGTGGTCCGTAGCCTCATGAAATAGATGCGAGCCGAGGATAACACACGTCCAACCTTGCTCAGTCTCCGTAGTTCATGAGTTACACGGGGGAGGGTCGATTGGGTTTGACGTCCTAGCTCGGCATCTTCCAGCTCTGCTAGTCGTCAACGTGGAGTTGACATGGTAGGTTGGGTTTCCTACGGTCAGAATGAGTGTCCATGTACTCTATACGATCTCAGCGCGCGATGGAACCGTGGTGAAGCGACGATTTCAATTATGGATTGAGCGACGTATACCTCTCATAGGATCTTACACAGGATGACACCTCCAAGACGGAGGTAGCCGCTGACCGGTACGCGTAGAACTTTCTTTACCAGGGTTGGGCAGCTCGCTCACTATAATTGATGGTAACGGTGATGTGTCACGTATGGCCCTTACGCACCGGTCCTTTAAAGTTAGGAGTGCCTAGATACTAATTCCTGATGACGCTTTAAGACAATTGGTTGCACTGCAAGTCAGCTAATATTGCGGTTAATGGCAACTTAGTGTCCTAAAACTTCTGGGTAGGATGGCGGCCATATACTAGGCATTCTTACGATCATAAAAGTGGCGAGCCCGTGAGGCTCCAAGTAACGATACAGATCCAGCGTTCACCACCTCCGATTTTGCGTCGTTCCTCGAAGGCTGCGGGATGTCCGTGGCGTTAGTAACCACAAAAAAGTTTGATGGTCGCCGAGAGTGCCAGTAAAAGGACCTTGTGCGTAACTTGGTGGCCCCTACAATACGTCCGAATATCCTGGATCAACCTATACTGACCTGGATCCTGCTGCGCTGCCCGTTCGAGGCATCGCATATTCCATTTTCGGTCTGCTGCGCCGCCGTGCTAAGGACGCCTTGGTCATAGTCGCCATACTGGCTTGTACATTAATACTTATATATAACGGTAGGGAACATGGGAATGTCAGTCGTAGGCCTGGCGAGCAAGGTGCTGTGAGCGCGAGGGTTTAGTAGCTGCTTATGTGAGGACCTCTTGGTCCGGGAGCCCTATATCAAATTCTGCACACTCCCAACGATGGAAAGATCAACGGGCAGAGGTAGCGTCATCGGGTCTATGAGCCATGTTCTATGACATGATAAGCCGTAACGCCGTGCTCGGTCGATTACAATAACGATACTCTAGAGGACTTCTGGAAAACTCTGAGACGTTTGCTAATGGCTTGCGTGCAGGATAATGCGCCAAGATGGCTGCTGTGAACCCATTGATCCGGAAGC,1551,50.68,Caenorhabditis elegans
SEQ_167739,TGCATATGTGCTTGGCCTTGGTGACGATTTACCGCCTTCCAATCGGTCGAGGATTCTGCACTTTGCCGCAACTGTGGGTTCTGTACGGCACTAACGGCAACTGCGGTTGTGCTCGGGGGAGTTCCTAACAGCTACAGCCGAGCTGTCCTAGCCTAAAGTCAACATTATGTGTAACGATCAAGCCTTCCTCACCAGTAGAGCGCCGTCAAAGCCTTCGCTTCCCTCGTAGGTGCGATGATCGCATGAAAGTTAGATAAGAGCAGTTGACCCGCACGGTGAGAGCTCATAAGCAGGACTTCGTCACTTCCAGAATCGAGGCAAGTGATACTACGTGGGGTAACACATCTAGCCCTGCCACAATTATGTCATCCTCATGATCTGCAAGATAAGGGTCACTTAAACGGATCATCGCACTCTGTAAACAGAAAGACCAAATGCCTGAGTGTGCCATTAATAGTGATTACCCCACGACCATTTACAATTGAGTATTCGAAAAAAAGGTCACGGACCCCTGCTATATCCGGCTAGCACGAGGGCACGGGTTTTCCACTACAGGTTGGATTCTCCAACTACTTCTAAGGCGAGGCCAGGCTTCCCGATTGGACACCGCCTCTGGCCCAGCGTCATGAGCTGGCCGTAGGATCACAACCGTTCTCGCAGTGGGGCGGCGGCGCCCCGTGCACAACTGCTTCTCGAATTTACTTGCTGAGCACGCGAGAAAAGCAACGTTGCCTTCCTGTTATATGAACAAGGTTAAAAGCGTGCAAAACGCCAGATGACCCTCTAAATCTACAAACATGACCAACGTCGCCGTTAGGTTCCGTTGCGTGACTTCTATGCTCTGCTCCAAAGTAAATAGACACTATACACTGGTATGGCAGAGCTCCGAGTAAGGTAAAACCCAAGCTCCGACCCACAGCATGGGCCCAGCTTCTCGGGCAAGTAAAGCAAACTGTCTGGTCATGATCTTAGTAGCTGAGCAATGTACCTCCGCATACGGGAACCGCCCAAGCCTCGGTGAGGCTGCTAACTTCCGCGCCTGATAAGAGTGTCTCTAAATTCAGGAAGATCAGGCTACTTTATCTCGCCTGAAGCTATTGGTTCCTTCATACTTATATCGCCCCTCTCGGTACCGTATAATTAGAGCAATCGAGTCTGAAGACGGTTGACGGCCTTGCCCCGCGGGGCTGCGCAACTTCTCGATCTTTCCTGTGTGTGATGGCCATTGCATTCTCCCAAACGCACGAGGACGGGGAGGCCAACTTTCGGGCTAGCACGTGCATAATGTGACTTTACGCTACGCTCCAAAGTTGATTTTTCGAGTGGTGGGTCTTACATAAGTCGCAGAGCCGTCCATTTGAAGCCTCTTTAATTTATCTAACAATGCATTGGACCAATCCTGTGGCATCATCCACTAGCTTTACTTACCGCGAACATTCGGCTTCAGCTTTAAGGAGTTTTCTCACTCTTCTCCCAAGTTCTAGACGATCGAGAACACCTGGCTAGTTGTGCTTTCACGGACCACATTGGTGCGTTCTGGACACCGCTATTATTGACAACGACAAACTTGCCCTCACCTCACACCGTCTACCTCAGAATGACTATGGCCTTAATATTAGATCAGCAGTCCTGGCTATTACTTCGCTAAAGACTCAGTCCTGAGATTCAAATGTGGCCTGGTAGACCTAGATATCATATGTTGACTAAATCTATCTGCGTATCCGCGAAACAATTCGTGTGCTCACCGTATCTCGTCTGGGTCTATTCAAAGCACTGAAGAGACAGCGCCCGATAGCTGGTAGAGAGGCACAATGTGCCCGCAAAATAGTCAATGGCGACGGGATTGTCTGCAATAGAATGTCTAGGTTCTGGTAACGGCTTAGGCCTACCCCGTGAAGCGAGA,1903,50.03,Drosophila melanogaster
SEQ_642783,GGACCGCGAGTTAATTTCGCAGCAGAGAGAGATCCTGCACCCAGGATGGCCAGTGCGGCCAACGACGCATGATGCCACCTAAGAGTTTGAGAATATATCGTTTGACTAAATTGTGAGGGTAGGTACATAGGATTTATAGCTGCTGTCGCCGCAGAATTAGGACAATACGACAAAGAAGATAGTCGGACGGGGACCCTCAAATGAGCACCAACCCGAGGGAGATATTTGAATTCAGGTGTAAGTAGTGTCGAGAACCAACTTTGTTAGCACGGGCCAAGGTTTTCTCATCTAGCGCGAATACGATGCCGTACTCTGCAGCGCTGCTTTGGCAGAACCTGTCCTGGCTGCGTCATCGGGTGTGGAGGGATGCGCATCGGTTGGGCGTGGGTCTCCGGTCGCTCCGGCATGGCCTGAGTGATGCGTAGACCAAACGAACTCAATAAGTAGTCATCAGGATTGGCCCGCATTGGAAGGTGAAGCAGCCGGTATAGCATCCATCTAATGATCAACTACACCTTAGGCTGACGCTACGCCCTATTGATAAACTCCCTCAGTTGGCCCAATGATTTGTTGAGCCCCTTGCGGGAAGAGATACCACTGGCCGAATCATAAGCAACTAGCGAGAAGGTACTGCGGAATGTATCCAGCAACCGTAAGCGCGCACCTAGGTACCATGCCAAGGCTAGGGCTGCTGGTTGCTGGGTGAGCCGACTAGTCCGCACCAAGTTGCTGCAGAGAGAAACGATCCAGGCGTTGTCGTTTACTCTTAACTAAGGTGGGTCTTGACTCAGATCCCATCCATGACCTACCGTCATGGGTACACCATTTAGAGTAATCGGTTAAATGCATGGAGCTTGGACCACATGCGTACGATGAAAACGTAAAAATGCTCTCTCCAGCAGTCGTAGCCTGCATGAGTTGGACCAGTTCTACTCGGATACCCCACTAGGCAACCCACCCTCAGGGCACCAGATTACGGACCTGACTTGCCTGTTTGATGTATTAAAACGTAGAACAGGGGTATGAATCCCTAACAATAGAGAGTTCTTGGCCGCTGGTTACTTTTGAAGAGGCTTAAACGAGGTTAGGTGAAGCTCGTCGGTTCTTTCCACTTAGAGTGCACCTGAAGGTCGATGTTTTTAAGGGGACAAATCAGTAGCGTCGGCGTGCGTCGCCAGTAGACATCAACAGGAGGCATTTTCCGTACCCATCCTCATCTGCAAGGAGTCAGGGCTATATTCACAACTCTCTCTAGTGTCCGCCAGCCGGACCCGCGGACGACAGTTGCAAAGTAAGTGGCGAAGATTAGTTGGTAGATGGCAATAACTATTAGATGTTAGGTTTGTCTAGACCCCGGTCAGACCAGGCTTTTTGGTCGTTAACTGAATCAAAGTTTCCTTGTCTGTTTGGTATAGGGAACGTTTCATGTAGTCGTCGTGATTTGGTCCCCTGTCCCACTCACTACCAGTGCTCATTGTGTAGGCCGACAATTATGAATGCGCTCCACAAGGCCCTCACCTGGGGCCGACTTCCGCATCCCACGTCCATCTCGTGTCTGGTATGTAGGATTGCCCCATACCAGATGCTATATTCTGGCCGGAATACAAGTAGATCCTTGGGCAACGGAGTCTCTCAAAGTAGGCGCTTAAATCAACACCACAATCCTAGCGCAACCGACCTGTTAAACATTTGCTTAGCACCCCCACCTAGAAAGTAAGACGAGTCGGTACTCAGCACTCCAACTGTAGACGCATTTGTACCAAATCATCTGCTGGCAGATCATAGTAGAAGATCGGCCAATCACAGTCGACAGTGCATCATAACGACCAATTTGGCGAACTTATACTAGGGCGTCTGCCCGTTCACCAAAGTTCAGAAATATCGGTGA,1888,50.26,Homo sapiens
SEQ_792330,CTGACATCGATGCAAGTCATAGAACTTTGGTAGACCGGAAAAGGAAATCTCAAGGCGCCAGAGCACCACATTGGAGGCTATAACTCGGTCCTGGTAAATTATCGGCTTCGTACATGGGTTGAATGTGAGCGTATCAATAACTATTTTGCAGGGCATCTCGGAGCATCCCTAATAAAGACTGCACCGCTATCGTGCCGGCAATGAAACAGGACTAAGCGAGCGGTCGTCTTTTTTGGCTAATGCACCTATGAGATCTTGACAAAAGACTTCGCGGGGCATCCACGCTGAATTGGGTCGGTGAGTGCCTGACAGGTGTTCTGTAAGGGTAAAAACGGTAGTTGGTCTGGCCGGTTACAGCATTTGCCTACTTCGGCTCAGTGTGTCAGCTGGAGTATCGAGGACGTATCACACGTAAGCGCGGCGTCGCGCGTAGTAGGAATATAGTAATTGGGGCGTGGAAGAGAGATGCAGGCTCTGGATCCGTGTAGAATGGGTTCGCACTAGGAACGGAGCTGTTCACGGACCGTTCAATTTGTCTCATTTTAAGAGTGACGGCTATGGCTCGTTTGTCTATCTCGTGCCAGCCACCTTGTGTCCATACTACCTGCCGCGTTCCACGCTATGGCAGGCATCCTCATACCCGTCTGAGAGTGCTGAGATACCATGTAGTCAGACACGCTAATCTTTGCCTACGTCTAAGATGGTGGGGACTCTATTTCACTGAGAATCGGAGACCAACAGTCCATGCGCTTTGCTCTACTACACGTTGGTCAGGGTACTAGGGATTCGTGCTGCCCCATTGGCTGAAATCTCCACGTCAATGTCGAATCTGAGCATTTAGTGTCAACTAAGAGAAGATCCAGTCAGTGTGCGCTCAAGCCTAAATAACGCGCGAGGTTTGACCGAAATGGCAGGTTTGGGAGCCTGTATAGAAGGGCGAAGCCCACGAGGGAATGCCGTACGCCGTATAGTTGTCTCGTCACAAACTATCCGATTAGGGGACCATACGGATGGGCGGTGAACTTACCGTGTCCGACATGCATCGTGCAGCACAGTTCGAAACG,1064,50.94,Arabidopsis thaliana
SEQ_656551,CCGGCTTCCGACGTTATGCAGTTGCAGAACCTATACCAGGTACATGCGTGTCCACCCATAACCTCACGTATAGCGGCAGATGAATAACTAGCAAGGATGCATGATCTTATGAAGGTCGGCACTATCCTAATTGCCGCGTAGCACCCCCGAATCTGAACATGCCTTGATTTACCGATCTGAACTATGGCCGTGTTCTAATATGGCGTGGCACAAATAGGCAGCCCTTTGATTGCGTCTGTTGGTTTATCTCTCTGTCTAGTGTTGACACCTCGATCAAACCCTTTCAAGCAAGATCGTAGCTAAGCACAGGGGTGGCGCCGCGAAAGTTCGGGAAAATGACTGGTTGTGAACGGGCTCCAATCAAACAAGCGCCTCCTCCTGTCAAAAGTGAGCTCATATCCACTAGACTATTCTAGTTCGCTCTTAGAACGGTTTCATTGTAAACGAGGGTTCATCATTGATCAGTAAGTCACCCTTAAGAGGCCCCCTTTGTAACTACCCTTGAGGCGGTATCGCTTCGACTTACCCGCATCCACCCAGCTATTGTGAAAACTTACGCCGATGTTGCATAGGTACTCACGCACGCTTCATCGGCAGCAATCTTTAGGCAACTGGCTAAACGGGTGTTGGACTTATTCTGGAATACACATCCGCTGCAGTGCAGTATCGCAGTACGTCCTAGAACCCTAAGTTCTGATAAAAATTTATTTCGGTCGCAGGACTCGTCTATATGGGTGACTGAGGAACGCTAGAGTAGTGCTAACGTGAGGCGATGCAGTTGTAATGTACTTTATCGCACCACGGCGGTACTTTCTAGCCCAACACCCGGGCTATCGGTTATCTGCCCGCGACAGTTA,857,48.89,Homo sapiens
SEQ_617256,CACTATTACGGTAGGCGTTAGGATTTGCCATTCAAGATACGCTAACAGCCAACGTCTTGCGCCTAGAACGAGTGGCCGGCGCCCGCAGCGACACCAGTCCGCCAATACAGCCGCTGCGGTGACCATCTCGTTTCCGAGGGTATACTATCCATCGGAGACTTTGGAGGGGGCGTATTAGAACCCTATGCTGATCAACTCAGATTCGAGATGTCATTGGGTAGGTTGTCAAGATTAGTCGCCGGTTCTTAGCATGGTACGGCATAGTGTAAGATACTTCGGCCGTCTACTGAGGACGATCTTTACCCGTAATATTCGGCAAGGCTGGGAAAATACGGATGTTTCGTGCTGTTCCTAGTGCGGGTCCCATCCGGCTACGCAGTATTAGACTCTGACAAAAGAGCGTGGCGTATCCCGGGACATTCGCGATTAGCCCAGAGGATTCCTCGGCAATTTTTTAACCGCACGGTATTCAATCTTGATCATCGAGAGACAAGGACGCAACTTGGCAACGACAGGCGTCGTTATGCTCATCCGGAACCGATCGTGACCTGGGAATGTGTATGACATATATCGTTGGAAGAACAGGCCGGAATGCCAGTGCCAAATGTGACAAACGTCCTCGGCTGTCTGTCCGAAGACTGAAAGTTCAAGGGCCTGGCATTACCTATAGCGGCGACAAACAGCTGCACAGGAGCACGGGTTTCGGTCCCACGGAATTCCACAACTAAAAAACCGGAAGGTCAGTCTCCGAATCCTATCGCGCAGTACGGATTATGGGTCACTCAATCTCCAGCCGTAGTTTTTGAAAGCCTCCTAACCCCGAGCGGTAGCCCATCGGGATGGACGGCATCAGCCTACAACTGGGATAACGAGTACCAGATTCGTGACTTAGTCGGTCGGGGCCATCTTATCTATGATATGCTTAGTGTTTGGATCGGATGGTACAAACGAGCAGGATGTTCTGTTTTTTAAGATAAGTAAGAATCCGAGCACTTCGGCGGGCGAACAGTCCGGTTATCGGTTACCTCTAGGAGGCAGTCCCATACGAGACGTGATATTGTAACGAACAGAATGGGAAACTCGGGGAGATCATCTAGAACGTCGACATCCGGTACCGAAAGAAACCTTGTCTAGATAGATGCGAAGGGAATAACCGGATTATTCCTTCACCGTGCTTCCTTAATGTAGGTGTCCACTTTTTATTTAAGATATCCCTACTAAGTTCCCCTCAAAGCCGGAGGCCTTCAACCGCTACCGGAATCGCAGGTCAGTACGATACTAGTATCCCGGAGCTCAAGTCATCGTGGATCGATATCCGGTCTCTATTAAGGTACGGGCGCCGGTGCAACTAACATGCGACAGACACCAGGAGATGGACCTCTAACGAACCCCTTTGCTTCTGTATGTAATGAAGATGACTCGCGGACCTTGTACAACTTATGTGGCAGGCCTTTCTGCAAAATTACGGATGATGCGCTCAGATTTATGTTACTAACGGCTCATGGAAGCTGGGACGGCAAGGCCTCCTATAATCCAGGCGAATCGCCGGTGCGCGCAGGCGCTCCGCTAAGCTGACGACGGGCGTTGATGATCTAATACAGACGAATCGAGAGAGCTCCCTCGCGGACTTTGTTCGCTTTTAGTCTCTACATCACAACTGGATCCCACATGTGACCATTTAACGAGGCTGGCGTGTCGACATAGATTCTTTCGACGTTACCCGGATAGTAACTACCCCCCCTCGTCAGGGACCAGAGCAAATATATGCTATCGACGTAATGTTAG,1785,50.64,Mus musculus
SEQ_463215,AACTGCAGTAGGGGAGTTAGTAACCTGGCACCGTAGATCAGGTCCCAAGTAGCCTTCGGACCGCAGAGGCGGTTAGGGCTTAACAGAGTTGTTACATGAATGTCAATAGCGCTTATAACATGGCTGTCCACACTCCAAGCAAATTACCCAACGGTAAGCCATCTAAATGAGTGTATGTGAACCGGGTCCGGAATACTGAACACGTATTTGAGAATTGTCCTTCTTGGCTTAACTAACGACTTGCTTGCTACCATGGAGTCGTAAAGGAGACACGCGATCATCCCCAGCTAATTTCACACTGTGCAAACCTTTAGAAGTCTTGCGTTGCACGTGCTGGCAGGGAAATGACAGTTACACTTAATGAGCATCAGTTTGAAGCCCGCTACAGCCTTTCTGGCATGATAAATCAAGAGGAGAGGCCCATGGTACACATCTAAATTGAATAGTACGCCTTCCGACAGAAGACAAATGCCTCCGGCTCGTATATAGAGTCAAAGCGCCGATTCGTCGGTTACCCGTAGCAGTGGCACTTATTGGCGGATACGAATGGTATATCAATATTTTTCATGTTGGTTTCGATAAGATCCTGATACTTTAGCTAGTGCACAGGCTATAGGTGAAGATGAGTGCTGGGGGGGAGATTGGGATTTTCCTTAGACTTGACTCATGGGATGTCAGCGTAGGAGAGTTGCCAGGTCCGTGGCGAGTCGTGATGCGCCACGCCCCATGTAGCCTTTGTAATCTACGTGAGTCTCACTGATTTTAAAATCCCCCCTCAAAATTTACAGGTCTCACACTGTCGACAGTACTCCGTGTCTATGCTACAGCCATCATAGAAACGCATGTGTTGTCCCGCGCCTATACTCTACAAGTACGTCATCCACCAAACTTGAGAGCCACCGAGAGTTCATCTATGCACGACTCCAGTCTACATATTCGCGCACGAGCTTCAGCACTGTTGTTTTGGATCACAAAATCCGAAAGTTGCACATCATATATGAGGAGGGACCATCGTGGGGTAAGGCGCGGCATCGTTGGCAAGAAATTCTGTGTGGTAGATCCTGGCTTGTT,1071,47.71,Escherichia coli
SEQ_244544,ATTTGAGAACAGGGGATGGTAAACCTCCGTTCGTTGCACTCATGTTATGTTTATCAGTAAAAAGCCGAATGCACAGTGCGGGCGGGAGTTATAACTGCATTAATCAGTATCTGTAGGGACCGTGTGACGCATGCCGTTAAGTACAAGCTCGACAATTTATATTTCCACTGTCAACCCGATCAATTCGGCCAAGGAACTAGGGTCTCCTTCTAGTGAGGCGTTGACCTCTCAAACCTTGACCCCGCGCGTTGAGCCATTGCCTAATCTCAGTATAGAGCCGAGTAACTATCCGGGGCTTCCCGTTCTGAGGAGGTTTACCACGTCTAACCATGGCATGCTTGGTCGGGTGATTACCCCTGCCGCGGGCTTTCTGTGAAAGATAGAGGCCCAAGGGAACGGCCAATTGATGACATTCCGACTCCGAATAGTGCCGAGTTTAATCACCGTCCCATCGACTCTCACGATTCCCGATTGCGTTAATGTAGGTACGACTCCTCGCCCGGCATTAATTATGAATTTCCGTACAAGAGCTTTAACAAGACGATGCTACAGCAACGTCCACTGTTCAGTGTAAAGTAGCCTCGGAAAGTAGGGCATCCTAGGTACTTAACTTACGTGTAGATAAGTGCCCGTATTACTTCGGGTCTAGGTGGTCGGACCATTAACCGCAA,671,49.03,Saccharomyces cerevisiae
SEQ_864428,GTGATTTCCAAGTTTGCGACCTCGGTATATCCGCCTCTGTTGTCTGTGTCTGTATGATAGCAACCTCTACGAGTGCGGCTTACATCTGAAACGAGGAGTCAATTCGGACTACCAGCGGTGGACAATCTTTACGAAAGCTACATCGAACTTGCTTTCACATTACAGTCCCTCCTCCATATAAACGTCTATGTGCTGATTGAGCTCACATCTGGTTAAGATGCAAAGTTTCGGTAGTGTATTATTAAAGTACACTGTAAAGAACCGATACTACCCTCCCGTGGAAGCTTGACATATGGGCCGTCGGCTTCGTGAAGCAATTTACACGCATGATTGACGTTGCGACAAGGCACCTGGGGAACGATGGACATCCCCAGACGAATCGGTGCGATATGTGCACGCTTTGGCCAAACCTACGGAATCTACCCTCTCTCACTCGCACTAGTCGTAACAAGGGCGACTGAATATCTTTCCAAATGTACTGCATGGGTTAGACGGCAGCAGTAAGCTCCGTAGATCCTGCCCGTTGGTTTCTACGCTACGTCGTGAGAATACGACCAGGTAGCGCCTGGTACTTTGGCGTTAGAAGATATAAAGAGCCAAAACACAAAAAGCCAATTGGGCTAATAGGGACTTAAGCTCAGCCTGCCCCTACTTGGCCGGTATGTAGAATGTTGCCGATTCACTCACGGAGTTGGCAAATATTCCTCCCCCTTTCTATGGCAATCGAGCGTTCTATACGATACAGAGACTATTGTCCACTCCTCACATGCTCCTTTGTGATGAACGTAGTTCTCCGATCTAGTCTAGCTGGACGGGATGTGTTAGTTTATTCCAAGAGATTACGGTAGAACCCCCCACTGGTCTTCTAGCAGACTTAGTTAAGTACAGCCCGTCGAGTTTATAGCCTATTACGCCGGACGGCGGGGCGATAGCTTCGCATCGTTCCGTAACAGGGACAAAAACCAGCGCATCTATAGCCGGACATCAACTTTGCATGTGTGGGGCTAGGCTGTACCCCGCACCCTGTCGAAGAGTAGGGCAAAATTTACCCTCTTAATTAGGACAACCCATGACAAGAGAAGCCATTTTCCGTTGGCAGGTAATGACAGTCCAGGTCCTTTTGTAACTCTCCCAGAACGCTTTAATGGTCGTCAAGCCAGAGGGCGCGGCAATACTGCAGTTGAATGCTTAATTTAGTACCAGACGAAGTCCCGGTGCGATTTACTTCGTCTAGGGAATCTAACTTGATTGACATTCCTGGTGAAACGTATAAAGTAATCTTTATGCGGAACTTTCACCAGTCCGACCGGGCGGTGCACATAACGATCGTGTCGATTACTATTGTAGACAGCAGGCAACGGCTAATAGCATGCTATTTCTTCACTCAGGGCTATGGGATTGGGTAGTCGGCTGCGGTCTTCGCGGTGCTGATAGGGTCTCAATAGGTTAGAATTCTTTTGACCCCAGGTTCGCATAGGTCGCGTATTACGCAGCACTAGCTACGTGGTTATGTGACTGAAGCTACCACAACGGTCCTCGGAGCACTGTCCAAAGGGCAAAGCAGCTCTGGACCGCTCCAAGTCATGGTGGCATTTTGCACCTACGCATCTAACAACTGACGCGCATCCAACGCTGCGTTCGCGTTGATTGCTATCAGACATTCGGGACAAACTCGCGAATCCCTACCTTTGTGAGGAGCAGAGTGAATCACTATACTGTGTGAGCTCTGAGCTAAGAACCAGTAGAGTTTTTCTTCTTGAACGAAGCGCTATATCCATATGGGTCTAACGCGAATTCCCAACCCCGATTTAAAGGCTGACCAGACAGAAAGAATCATGGCAGAGTTCGAACGGCAAAACGTC,1862,48.66,Escherichia coli
SEQ_941727,CCACGATGACTCCAGCATCAAGAAGCATTTCCAGTTTTAGTGAAAGCAAACCTGGGCAATCTCTCCCACGGTGCGAAAGGCGCGCTGCTTCTAGTATAATCAGCTCATTTGCTCAGCGTATCCCAATCTTAGCCTACAGCACTCACGCGGTGCGCGCACACTGTCTTTATGCGCACGCAATTTCACTAAGACGTATAGACCGTCTCTCATGAATCTAGCAGTCATAGGCGCAGTGTCGCGCATCCGTACGTCGATGGGTCGAGGGCAACTGCGCATGGGCTAGGGGCGAGGGGCTGACAGTAATTTTGGAAAGAAATTGTCAATCTCACTGGCGGGACTTGTTCGTTCGGACACTAGGTTCCGCAGTCCACATTCAGATGCACTAATCTTACCGGTCCGAATAGTGTGAGTACTCTCAGCCTTCTTTGAGATCATTTGGAAATATGTCTTCGAGACAGTATAAAAGCTCGGTGCCCGGTGGACCCTATATGTGCGATCCGTAAAAGGCGAACGAACAATATGCGACCCGTTTGAAGACAGACATTAGAACCTGTCGTTGCCCTATAACTTAACAGTCTCTGGGTGCGTCCGTACTAAACACAGAGTCAGTCCTCTATTACAATGTGAGGATCTTCTAGTTGCATACCTAGAAACCGAC,658,49.24,Drosophila melanogaster
SEQ_638107,ACGGCTCGGCATCCTAGCACTACTATGTCGTCCCGCATGCGCATCCGTCTTAAGGCGTCCCGTGTTCCCTCTAAGGCCAGCTACGAGTTCTGGACCTGCATAATGGCGGCAACAACCATCCTTTAAAATTCTCAGCATCTTGGATTAGATTAGCTGAGACAGATTGGATCGGCTCCTACTGAGATATGAAAGGGCTTGTGGGCAAGTACATCAGGCCAGGAGAATGCCCTAAGCTTTAACTAGTCCGCTGTCAATAACGGGGACTTACTACGAAGCGGTACCTATTATCACCTCTCTAAGCCTACAACGGCGACCGAGAGCTCACGTGGGTTAAGAATTGACTGAGGGCGGGATACCTTTGAAGGGGACGTTTTCTTATTCCTCGTAGCCGACATATCGATTCATTAAGAGTTACAGGTCTGTTGTTAAACCCGACGTCGCACTTCCATAAGAACTTAAATTCGACCAGGACTAGCCAGTTCACCCATTTTGGTTCCTTGCTGGTTCGGACATAGTGATGAGGGCCACGTAGATCAGGAGTGTGGAGTATATGATAGAAACCGTGGTGCGACGTGTATACCCAATTTTTAGAGGGGTAGGGCAGCACTCGCTTCGGACCTTATAGGAATCGCAGGTAGCAGTCGATTAGGGCTAATACACAGAGTACAACTCCTGCACTTTCACCCAATCGTATCGTGTCTTGATTTCCGGCCAGCCTACATACGTGCTTCCTGGTTTCCCTTCCGATACTATGTCAATACGCTACACGTGCTGATGTGACGGGCGTTCCTTAAGGAGGAGTTAACATTGGTGCGTGTTGGAGGTCCCTCGAGCTCCCCGAGTCCACTTGGCGCCGTATACTAAGGGTAACCAACCTATCTAGGATAGGGGCCTCCTCCTCTGGGTAATACTTGCGGCAAAACCCTCTTGGTGATCATATTATGCAGGTGCACCTCAGTAGTGACCAAATATTTCCGAGGTAACTGTGGTTCCTACACAGGTTTCACATACCGCTTGGTGGAGAGGCTACATTAGTGAACCTGACCACTATTATACCCATTGTTGTGGTAGTACCTTGTTTTATTGAGCAGAACCTGAACAGATACTTCCATGCCTATATTGGAAGCCTGTGTCCGAAAATATACGTCGTGGCGGCGACCATTGGATAGCAACCGTGTACACAACTGGCAACACAGGCAAAAGCAAGTCAAGATCTCCTGACGACTTGAAGTCGGAAGGAAATCTGATCATCTGATTATAGTTATTACTCCAAGAAAGCTCCAATTACAGAACGACGACAAGTTCGGAGTGTTCGGGCCGAATAGCTGAACTTCTAACGTCTCTCTACATCAGCCGTTTGTGAGTAACAGGCGTCGAAAGTGTTGACATCCTCGCGTTCCAATCAGTGGACAAGACTGGTTATCCAAGCGATTCGAAACTTCTGGAGATCTTGGTGCCACGTGAGGAAATGGATGAGTACCCCAGTTTCGCCCGGAAATCTCTATTCCTAAAACCAATCACGAGGTTGCCTTGACTAATGGGTACACCCACTGGAATATACGGTACGTCTCTACCTGATGGGGTCCCACCGGCAACCCACAAGGGCCGGACGCAGTA,1617,48.92,Arabidopsis thaliana
SEQ_493070,GGGTCTCGGTCCGCTGCTGGTGTTCGATCGGAACGTAGGAGCTTATCTACCTTTGGAGAAGCGAGGTCGCCACTCAATCGACAACAGCACGGGTACATGTACAACGCTTACGGTGAGGATCAGTTCCGCGGGTGAGGTCCTAGCAAATGTTCTCATTGGATGTCAACCCGTTTGAGACTCATAAGAAATTATCTCTAATTTCACCCACCTCGCAATTGATTAGAAGACCAAATCCTAGAAAGCTGCGTTCAATCGGGTCGCTTGCTCGGTGAAGACAACGTCTGTGAATGACCGCTTGCTTTGACTTCTGACCAAGACCTGCATGTACCAGAAATTTGAACTTATTGGAGAGGTGATTATACCTTGTGAGGCTTCGTCCAGTTTTCCATGAACCTTGGCACGGCTATATGAGGTATCCTATATATCGTACCCTACGCGATAGAGACACGGCTAATGAAGAATACTGCGGTGAACTCCTTACAGACTCCTACTCAATGAAAATTAGCTAAAGTACTAAGTAATTTCCCTGTAGCTTGAACGACGACGAAACTAGCGACCAGTTGTTCCTAATTAGACCAGTGGAACGAGTCTGCATTCTACTCCGCTCCGCGAAAGACGATCATATCTTCCCTCGTTTGGACTAAATGGCGAGAACCGAGTACATTAAACTCGCGAACTTTCTAGGGACGGAAGGAAGAGAGA,702,46.87,Caenorhabditis elegans
SEQ_440455,TAAACACATCTCTTTTCATTACAGATAAGCTACGATGGCGTGCGGACCCGAGCAGTGGTAGTAGTAGCGCGGATAGGACCCGTTACTGCCTCGCGAACATGCCCGAACAACCTCTTCGGCCGGTAGTCCCAGTCTACGTGTTGCTCGTCCTGAAGAGTCAGGTTATGCTAGAATAACGAGCCTAGATAGACGCCCTGCGGGGTATCCAGTTATGGTATCAAAACGACAGCCTAAAGACGAATGCGACAAATGTGCGCGTTTAAAGCAGGCTAGCAATTCGCGCGCCTCAAGTATGCGTTGTATGGTGATACTGGCGATACTCACACGTTGCTTCTAAACTCCGAGATCCTGCCATCGACAACCTCTCTATGCAATGCAAACTTAATACGTACGGAAGAGCATGGATTCTCAGCACCCCCCTTCAGTTGCTGACGCCTGCGCCGTAGTCGATCTCTGCTTCAGTTTAGGCATCCTGCACCATCGGTTTTTGCGTACCAGAACCTGTGCACGGTGAATTCTATACAATCTCAGGATTATTGACAAGACATCGATAAGAATGGCTTCTTCTACATATGCTCGCTATTCTTCTAACTCCCGGAAATCACCGAAAGATGGAGCCAATCTGACACAGTGGATCACGACCAAGCGCAGTAAGGAGAATTACATTATAGTCTCTGGATCCCGATAGATACTCTTGACTAAGCTGAGTCGAACTGCCCTTAGTCGCGAGGTCGGGTCACTTTAGTGAGTCTGATACATGCCCGTAGGATTTCGCCACTGCAACGAGGACACCGTTCCGTAACGGGGAATTTCTCGTATCACAGGGGGACTTTACCCTAGCGATATCCCCGGATGAAATTTCTATTAATAGACGCCCTGTAAATCTAAATGCCCATTATGTCGTTCAAAAGGCAGGCCCCTTCGGAGAATCGGGACTTGTCACAGCCGGAGTGCGTGTCCGGCTCATGTACGGGTGGCCGGTGTCGTTGCTGATGAAGCGGTTGGGTTCGCCAACGTGATAACTTCCCAGAATGGTAACGGGCGTGTAGCTTTTGTCCGCATTTGAAGGCACCGTCTTCAGCGCCCACTAAATCGCGGTCGTTTAACGGCTATACTGTAATTTAACTTGCAAATCGAGCTGATTTGCCACGAGATGAGCCTAGCTCTGGTCCCCTGGAGGGTGCGTCCTGTCTCGAAGTTAATTCGTTGTTCCCAGTGTTGGGCGGTTCTTCAGCCTGTGTCCTCAGCTCCTATGTTAGCCCCTTTAGGGCATTGGTGGGCTAGATTGTAGCTATAGCTTCAATATGATTTGTGCTGCCAGTCAGCTGGGACCGGACGTATGCAACCACCTTTTCGCATTCTATGAAACACGTCGATATACTCAAGTTTCAGGATAATGGGAGATAGACGATCGGACTTGAATTTTTGTCTCGACTCTAACTGGACCAAGAACGCAACGTT,1461,49.62,Caenorhabditis elegans
SEQ_538856,CACCCCAGTATAACAAGCCTGTAGGGGGGTCCAACCATCATCGATGACGAGATGGTTTCGTGGCAGCACGCTCACCTCTATCCGTATCCACCTTTCCAAATGGTGAAAAAGTGTCTCGACGACACTCAAATGGAAGCCTGCGCATCATGACGTCGGGCGGGTGTGAAAGCAGTTGGTTCAGACACCTTTGGTACAATTACGACTCAAGAGCAAGAAAATTCTATCTTTAAACTTGGGAACGCAATCCGGGTCCTCCTGAATCTGTAACCATAAATCGAGTATGTTCGGTATCCCTCAAGTATCCACTGTGTGCGCGGAGAATGGTTCATCTTGACCGCGAACCCCTATTTATAAGGGATAATGCATGGCGTCAGGTTATTATGAGGACTAAAGATACGGATCATCTCGATGGGGCCTCAGCTTTATAATTCGATATGAGAATGTGCTCCGCGCAGAACTATGAAGACGATTGGTTTCCCACCCGGCAGTTAGCGCTCACTACCCGGTTTTATGCCTCCCATCCACGCACTACAGCCGCCGAAACATTACGCGTCTTGCAGTACACTGCGCGATGCGTATACACGTTCTCGCTAGTAGGGTTTAAATGCAGTGCAGTTGTTTACGATAGCCTCCTTTTATACGTAGAGTAACTGACTCTTCGAACACCAGTTACATTCTATGAGTCTATCTCACAGGATGGATCGTACCCATTGATCAAAACATCGGCTGATCGCGTTAGTATACGCCGGGGGGATAGCTATGCCCAATCACCTGCCGCTAGGGCCGAGGGTGATCACGGGGTGCCCGTTCATCAACGATATGATGATAGATAATAAGTGTATCGGGTGTGGCTACTCCCCCATATCTGCTGCAAAGATCGAATTGGGGCGTGTATTCCCCCCGGCGAACAGGAAGAGGATTAGGCATCCAGGTTTAGAGTCGTCTCAGATTGAGTGTTGCCTTTTACGTAGGGTGTGGTATTCACACCCGTTAGTGACCCGGTGCTGGTTTCAGGGCTCGAGGGGTAGAGCTTTCCCTCTGAAGATCATAACACAGGTGACACGTTGAACGTGCGCCGTTTCCTCTAAGGCGCTCGCCTTTAACATTAAGCACAGCGTGCTTGATATCTACTCATGACTACCAGTCATGCTGCGTACACCCGTAGGTTCCCCGCGCTCCCCTTCGTGTAGCGGCAATTCAGGATTTCACTGCCAGCTAAATGCAGTCCGGACCAATGTGTGCTCGTTCTAGCAGTCTAGCTTCGACCAGTGATTATCCTCGTCAAGATTTGATTGTCGGATATCAAGCAAGGGTCTCGTAGCGACTAGTCCAGACACGAATAAGGCGGCACACTTACGGCTTAGTTCGCTGCGTCCCCGGT,1381,50.18,Mus musculus
SEQ_354881,GTCGACATAACTGTTTATGCAAATTTTAATTGTCCTGCACGTCTTCAAATAGAGCTGCGCTATGTCTCTGGCATGGTATACCGGTCGTGTCGGAGAAGATCCAGGTGAGGAGGGAAAGCTGCAGCTCGCAGACCTAGAGTAGGCTCTAATAAATCCGAACGCGCCGCGGTCCTTGGACGTCTTACTTGCTTACCCCCTCTGCGGACTAATCGGACACTCCAAGGCGGTACGGCTCCTACTAGTCACCACTTTGACGTTTAGACCTAGACCCCACGCAATTTGCCTTGCTGACCAGACCCCTTTGACCTATAACTTCGAGCCGAAATCCCTCAACTCGGCCGATATGTAGAATCCATGCAACATCTGTGATGCGTATCCGCTCGAACCCTAGATATTACTTATACATCAGCGGTATACTGTGGTATGCTTGATTCCAGTTCATGTCATAATAACACGAGGGTGTACGAATTAGTTGCCATTATGTCACCCCAGAGGCAGGGAGAGCGAATAATTAGACTAACGTGCAGCTCAGAAAATAGAAAACACTCCGCCGATATGAATTAGCGTAAACACAACACCCCAAGCCACTACACCCCTCAAATCCATCATGCAGACGAATCAATAATGAGGCGCTCTACCCACTTGCAGTTATGCAACTCAGGCCTATTCTCACCCCCCGTGACAACTGTCCCACCACCTCTACTTCGGGTAGCAGGATGTTTGAATAAGGTGGCGTCTCTCCGTGTAGTGCCTACGTAACATATACCATCCCGATATCTAGGCCAGATGAACGTCCGAGCGGAGGGCCGATTCGCATAGAGCGCGGCAGAACAGTCTTCACCGCGGGCGGTTCCGGGTGGGGACAAACCTTATTATAAGAAGTAACGACTGTCGTCAGTCTGGCCCAGTGCAGCTTGAATACCTTGTTTCCCTTGCCATATTTAACTATTGATCCCCATGTGGTATATTCCCATCGGCAAGCTGAATAAG,990,49.49,Caenorhabditis elegans
SEQ_608731,TCACGACTGGGAGGGGTTTGAGAGTACCCCCCTTGGGGGTATGTGGATGACAGTAGCAAAAGATATCTTCCTACTTGGTCCGCCGGTTTCCGCAGACACTTTTGACTGTTGCGGTACATGCATAATGTCCAACCGGCTCAGGCAAATAGCGACCGGAGGCTCCGAAGGACCAACTATGTAAGCTGTCGGGACACAGACTAGTCTCCCTAGCAGCACGAATGGCTCACCTGAAAGAGGATTGTGGGTGTCCTAGAGTACGAACGTTCCCTACAGCGAAAGTTCGCAGCAGCTGGCGCCATCGGGCTCTCATGACGGCGTGACCTTTCCACAGAGGTTACTCCTTCGACGGCCAATCCCTCATTCTCCAAGTGCTAGAGGGATAAACACTGGCAGTAGGGTTAGGGTTTGAACTGCATTCTCCCTCCCCGCTCGGGAGTCGAGGCTGGACCTTCGTTACGACCATAAGGACCTAACAAGCTCTTAGAATTCGCGTCGTTATCACTTGCGGAGAGCTTCCCCCCCGGTTACCCGACTCAGCGTGCAGCGTAGGTTCTACAATACTCTTGACAGCAGGTATACCCAAGCTTTTAGGTGCACTAAGGTCGAGCTCTCATGCCAACACGCGTTTCGCCTTAACTTGAAGCTTTAAGTCGGACTGTTCGGGTTGGTTATTTGGTCCGGTTATTCTATTACGTTCTAACCTATCTGGTCTGGGTATTAGGTGGATTAACTGACATACTGGCCAGTTGCCAAAACCTTGTTTTCCGTTTAAACTCGTAGCGCGCCATGGAAGACATAGCAGTCCTGTCGAGAGGGCCCTACAGGGGGAATTGGCAGCGGCGCCAGATCCGAAGGAGCTCAATGGTTGGCAGTAACGTATCAGCCTGCCGAAACCTAGCGAATCGACGGAAGAATGCTATAAATTGATTACGGGGCAAACTGGGGCGATTGAAAACGCTGCAAGGACTACCAGGGTAAGTAGTGACTCTAAAAAGATAAAACGCGGCGGCTTGTTTTTGAAGGCTCGTGTGTTCCAACCCGCTTAGTCACTTAGGTACGATAGGGAGTATTAAGTTAGGGGTCTTTAAGACGCTCTGTGTAGTGATCGCTCTGGGTGTCGAGTCCCGATATCTGTACTTCTTTATTCGGCAGAGCCGCGGCGACGTAGTACATAAATATTATACCTTCAACGATCCATAACGCGGTGACGCGAACCGTTCCGTAACTACAAACATCATTGCTTCGGGATGCTCTGTGATGATACGCAAGTGCGCCCTTGCAAAGACGTTGGAATCTACCCACCCGCATCCTGCGTTTTATGGTAATGAGGAAGGCCAAACATAAAACCGCGTAAAGAGCGAAGCCCCAAGAGACCTGAAGCGCTCTTTTTGATATAGTCCAAGATGCTCCGGCGCTCACAAAAGGCATATCATCGTACTCCAATCGATGTTCCGTGGCTGTCCACGATAGAATTGGCAAATACCTGCCATACCTTAATTAGCACTACGAACCATGTTTAGAGCTCTCCGCGTTCGTCTAATCCAACAACTTCCTGCTTGGCACGTTCTTGGCGTGTTGGCTGTTTAACTAGCTGTTGCCGTGTGCCGCTTGCACGTATGGCAGGCTATCCGAGCCCTCAACTACGAAATTACCGAGTCTTGGGCCAAATACCCAAACAGTTTTAGCCGTTAGCTCATTCCAGCTACGTCGCACCTCTGT,1719,50.73,Escherichia coli
SEQ_139379,AGCAATGCTCAAGACCGCCGGGAACACTCGGCAATCGGCGGCGGGAAGCGCCTATATTATGCCGGTCTGTAGTGACCAACGGTCGTTTCTCGTGGGACTCTTTTATGCAGTCACAGGCCCCTAATTTTCGTTGGGAGGCACGCAACTGTAAGTATCTACCGACGCCCAATTTCATACAACC,181,53.59,Mus musculus
SEQ_755441,GGTCATGACATCAACACCTCGGGCGCTTTGCAGGGGCGCAAGACCGCCAAATGGCTACGATCTCAATACTTCCTATTTAACCGTTACGCTCGTGTACATAGACAGCAAGCCATGAATTTCCCTCCTGCGTACGCGCTGGTTTGCATGCCGGATTTATCCGATTGCAAACTTACCTAATCCAGGTTTAAAGAGGGGTACGATCCGAGTGATTCTCGGCCATTATCAGGACGGGCAGTATCACGGCCTACCTTTGAGTAGCCACCCTCACATCGTGAAACCCTTTATGCCCCAGCCGGCCCTGTATCAGCAATACATACGGTGATGCGCAGCCTAGGATAAGGTAACATGATCTTAGCTGTACGGGCTAATCGATCTGGACTGACCCCCGCGAAATCTTGCTCCTGTGGGGTATGAGTGAGACAGGAAGCCTTTCCTGTTTACGGATTTACAGTTCAACCTTCCGAATGGTCCGAGAACACCTTCGGGCTCAAAGTACCTGAAGCGATGTTCCTTGGAATCTAATGGAAGGCGACTCGGGACGATGCTCTTGGATGTTAAGCATATCGACCGGCCCGTCCCTACGTCCTGACCGATCACTTGCCGTACTCAACTTCGCTTCATCAAGCTACGTGAGCGGGAGCGACGACTGATGACCTACAAACCTTAGACGCCGCAGCAACCGGGACTCTAAGGTCCGATGCGAATACTCCAGGCTGGGTCCTGGAATCAGGAACGTTGGCAGCTGTTAGGGGTAGCGCACAACCTACTCTACGTGCCACGTGAATGAGAGCGGGCCATGTCTGGTTCCCTATAAAACTCCGATAGAAGCCACCCGGAAACTAGTGCACGGGCTAATGCAAGTTCAATTTACGTGCTGGACTGTATCTGGTCCGATGGGACCTCGGGAGGTTTTTGAGCCGAATAAGGGGCGGTCGTGTACTACGCGGCTACTTTCTCATAAGCGGGATATCTTTCGCTGGGAGGCGTTCCAGCAGGCCTTTCTTCACTTATTAACATCGCTGATATGCAGCTATCAGTTGTTTGTGAAATAGTCAATAATGCCCCGATTCGGGCAGGGGCACCGACCGTTAGGCCGACGGCTACATGAAGTCCGACGATCGGTGTACTGAGGAGCGCCCATGCAGTGTAAAAGAACCGACGGCGGCGGGGTTCGTGACAGTGTAATTGAGATGTGTACATGACTGTAAGAACTATAGCGTTCACCAAAATCCAGAGTTAGATTTTATACAAGGTGCAAGGGGCTACCACCGCGATAACAGAATCATAATTCTGCGTGGCACACACTTGTATCACACGAAGGAAACGACCGCTCCACAATCTATCGTCCGCATCGGACCCGACCAGTACTTGTGCGGATACCAAGTCAGCGGTAAATGAACCTATTTTGTTTGGAAATCACGGACACCGCACTGCGACTTGGACGAGCGCTAATCTTTAACGTCATTGGAATGCGAGTCGTGTGAGTGAATACCGTCTGAATGTTATATGCATTCTTATATGAAATGTGTCGTGACCCTAACTAGTGTCAGCCCAAACACTGTAAACGATGTCCGTACAGGGTGGGTCACCTTTCAACTGCTAAATATAGTAGTCGGTAGGAGAGGCTTCTCGACTTCCTAGGGCCGCTTCCCGTACGCAGACAGAGAAAACTTGATTGGCTAAAAAGGAATCTGGCCAAAAGTGCATCAGAACGCTGTAGTGTGTGTTCGGCTGTACGACACGACGATTAGGGTCGCCCGGTCCAGGAGCTTGTGCGGTGGCATCGCGGGAGGGACCTCCAGCGCCTTCGGCATCGAGGAATTGATGTTCACTCGAGGCTGGTCCCGGCCACAATGTGAGTCCTCTTATCAAGAATAACCCATTCCAATATACCGATAGACAAATCTCCATTGGACTTTCATGACGCCTTCGTGTGTAAGAAGCTCCGGCGTATGAC,1957,51.25,Homo sapiens
SEQ_195100,CTCTAAACGCTCGAGCGTGACGAGCTGGCGTGGGGGCTCCTAACTCGTTGGGCCGCCCTGTATTGAACTCCATTTCACGTGAATCAGCTGCGGCGATGTACATAGCACGTCACGCCGATTAGGATAGTAATTGAGCGAGTTAGTTCCTACGATCAACTGTATCAAAGGTGAATGTCCTCGGTGCTGTTCGCCCCTTGACATCTCTCCCCAATTGAGGTCACAGGCCCTGACCAGAGGACAGACCACATGTATAGAATATGTCTTAGTGCTCGGTTATCCCTAGCGTACGGCCGTTCATAGGGTACCCGCAGCCGACTTGTGTCAGAATCCTGCGGGTGAAAAGACCCCCCGCCCTTCGTTCCCGATGGCTAGACTCGGAGCTAGCTATTCACCTCCGACGCTGGTCATTGGAGTGGACGCGTGGGTGTTGCCCATAACTGCACTAAGCTGCGATGGGTCAAATTTGACCCAGAGTCTGGTAGAGTCCAAGCCTTCGTGATGCCCAAGGACGCTCCCCTGTGCCTTTACGCAATTTTGAAACGACTACACTCTGGCCAATCTTTTGCTATCAAGTGCAAAAGTCTACCAGAGCCCGCTTCGGGTGCCAGCAACGGAACAATATTGACACCAAGCCTAGGAGGAGAGCGTGCTTAAACTCGTGCCGCGCTACCTGACTTCGTTCCAGATCAGCCCTTTGGTCGAGCGACGAGGCAGATGCGAATATCTGTTCGTCAAACATTGGAACGAACAATTGTCTTCAACACCGCATTATCAAACTCTTTGGTTTTCATGGGTCCCCTGTGTGGTAACTACCGTGGTGTGGTCGAGGAATCGGGGTTGTCTTTCGTTTGTGGTGTCAGTAGCATTATGCCAGAAGCGTCGCAGATGATTCGCGTCAGGTTCAGGATAACCGAACGGTCCGTCTTAAGTGGCTGTCTTTACCTGTAGGTGAGCTCGATGCACTAATCAGTATGGTCCTATACATGCAGTTTGTAGGCTGCACACATGAACCATCTCCGATGCAATGTAAAACACCGCGACAGCAAAAGCATGTCGGTATCCGGTAAGACACAATAGTCACAAGGAATCGTAATGCGCGTGGAGCAGGAGGTTGGACCCCCCTTTAGGATAAGTACAGCGATTTAGGGACATGAGACAGGTGGCATGTCCATTCGTTATAAACTAAACATAGGGTAAAGGGAACCAACCTATGCATATAAAGTCTGGCAATGTGAGGGTATTCGCAGTTGGTGAATTCCCATTTCCTACGTTTACCTCCCACGAATACTGGATACTTCCCACCTTAAAACCACGTCATCTTTGGTCATCGCCGTGGTAGTACCGCCTGTAGGACCGGTCGAACTCATCTTAAAAATGCCAGGGAACTCACCCATATCGGGCTGTAGTTAGTGGAGACTAGCCCTAGTATCTTATATTTACACAGATGCGTAATCAGAATGCGTATCACGTGTTACTTAGTGTTACATTCGATTCGTCCCGTTTATAATCCTGGCCTCCGGCGCCACACCTGAGGGGCGCCCTATGAGACAAATGCCAATCAAGTAACTAGTATCACTGGTCGGGAGCACACACCCAAGGGCATACATCTCACTATTAACTTATAACCCATTGTTCCATGAATACCCGGTCTATCTAGAAGCTACCATGCCTGACAGACACGGAT,1684,50.06,Escherichia coli
SEQ_328335,GCTACACCCTGGACGCCTTCCTTGGGGCGGCGATTACGATACAGCCCCCCCATCAAAAAGAGATCTGTGATAATCTGTGAACTAACGCGCACATACTGGTCTTAGGCGGCTAGTGAGATTGGGATTGACTACAGGTCCAGAAGTTCCATTTGTTCCGCCGGACAACCTTGCCCGCGCCTCGGACCTGGACAGTCAGTAGCTTGCGCGGTTTTGAGGTTGCAGAAGCTTCAAGCACTCTCTGCACTTCCCCGACTTGATTGGGGCGAAGAATTGAGCACGACAGACATTCCAGGTTAATATCCAATTAGTACAGCCCCGTGGGTCGCCACTCAGTATGTGAATTGTAGGTCTTCTCTGTTGAAAATAGTGGCTGGAAGACAATCCTTTTGTTTTTCGTTCTGCCTAACTGGTCCCTCATACAAAAAACCCTCATGTACTCTACCGACTTGCAAAACTCTGTTCCGCCTGATTAAGGCGGTCGATATGTCCTGGACGGCAATGTTGGAGAATTAATGCATAGACCGCGTTGAAATGGCAACAGAACGACCTGAGGCCTGTGCTTCATCGACCCCTGTCGGATA,581,50.43,Caenorhabditis elegans
SEQ_485355,ATCTTGAGTCTCGTATCATTTTTGGGAGATTTGGGCGCCCGGGTTAATGCTGTTTTCCTAGTGTGTTATGAGGCTCGCGTTGGCCCAGAGTTGTAGACGGCGACACAGAATGTAGACACTCTTTCTAGTAAATGAGGATCAAAGCGCAGATATCATGTCCGTGATGGAGATAAAACCGAGCATGTATTGATCTTCTACTAAATAGGGGAAGAGTATGTTACGACCACCCCAATTTATGTATCCATTGGCCGGTCGGGACTCTTTAGTGAGTAGTATCCATTTAACCCCGGCTGCAATGCC,300,46.0,Arabidopsis thaliana
SEQ_956491,CCACGACTAAAGAGGGCACCGCTGGCGGACAAAAGACCAATGATATTGCATATTAAGGTCGTATAGATATCCTCAGAACCGAACCGCGGAAATCCCTCACCAAGGAGTTGAACCCAGTATCCACCATGGCCTATGTTCATTTAGCTGGACCATCTGTGACGATTGGCGCCTCGATCATGCAATAGGTGGCCGAAGGATAACGCAGATGTAGGCTACCGAACCGGCGTTCTCGCAGACCGTAGAATCATACGTAAAATCTATGAATCCCATTTGCTCGAACGGCTGTGGGCGTGCATACGGCGTACTAGGCTTTTAGCGCACTCGAACGGCGCCGATTAGATCGACGCCGATTAGCAGTGTTTACGTTGTAGACTTTAGTCGAAGCTTATCGGCTCATTGATTCTCTTGATGCAGGTGCTGAACCATTTAAGACCCCTGATGGAGAGCTGCTCAGAAGAGGGTCGGGCCGTGTGTTCCTGCAAGTTGTGCCGTAGACTAACAATTAATACAGCTGCGACTACGTGGGCATCAAAGTGCCTGGTACGGCACATTTGTGTACTAAGAGTTATTATGCTTTTGTACGTCTGACGTTA,593,49.41,Arabidopsis thaliana
SEQ_706447,AGGTTTCTCGTAGGACATCTTAGTACGTCGTGAAGCACATATTGGGCGGGTGTAGGACCGCAGCCGACGAATACTGTGACACAATAGCGTAGAGGTGCCATAAATTGTATAGCCCAGTGGCTGGGGTCGGGAATATGGGCGTTTAAGCACGACGCGCGTTTCACGGCCTTACTACTCTCGAAGCGGACTAGACTGTAAAAGTTGCCGGCGAGCATTTCAACACCGTCACTGTGCCCGCATTTTACTGTACGCCCCCGCTAAGGAGGGCCTGGGTGCTCGCATAGGGCCCGCGTACCTAGATTACCCATAATGAGGGAGTTACCCTGTGTGAGAATAACATGCAAATAAACTACAACTAGCTTTCTAGCGTTCCAAATCTGAGTCTGCGCCGCCGCTAGTCACGACGAAATGCGGAGCTTAGTGTTTGAGTGACAGGAGGCGTTCAGTCAGGGGAGGAAGGTGGCCTCTAAACTCGGCAAACAGGACTTGGCCGTTGCAGTTAGCAATACTGTTGGACTATGCATCAACAGGCGCGACAGTGGGTAATAGGATATCCCGGGCTCTGGGATTCTATAGCATTATATCATGTTCTCCGTTGAATATGGTGGCGGGGAAAATCCCACTGAGTATCCGTATATGCTCAATACTATCTTACCAGCATTGGTTAAGGATTTGTAGTCCTCCTAATCGCCGGGTAATCCGCACTTTGATCCGCTTAGCTCAGCACGAGGTTTAGGCACATTTGGGATAATAGGGTATCGCGCTCGACCAACGCAAGGGCCATACCTAGTGCAGATGGACGTAAGATGCTGTCAGTGTGCGTAGTACCCCCAAGAAATCTACAAGGTTAAGTCTCAGAAAGTCCATGACCCCCACATAGTGGTGTCGGCAAACAAACGAGCACATTGAGATAAATCAAGAGTCATTGGGTCACATTTGCACAGGACCGCAAGGGAGTGCCGTGAAGAGTGATAGGTGTCCTTCGCCTGAAGCTGCCGTGTTCACGACAGCTTAGGTGCGCGTTCTACCGCCAACCCAGCACAGCATGGCCGCTAGTTCGTTATTCACGGATCGTGC,1077,51.25,Escherichia coli
SEQ_612727,ATGACGTTTTTGGAAGTACAGGTGTCTCGAAGGGTGGTAGTTTTATGGTTGTTCTATACGATCTTAATTGTCCCGATGCAGTACGATCGACTACGCCAGTCCAAGTCAAATAGCTCATCTCTGCTATTATTCAGCCGGAT,140,43.57,Drosophila melanogaster
SEQ_985844,GGTTAATCCTGTTTCAAGGCAGCGCCGATTGTTCATGCCCGATAAAGAACAAGGCAAGGTAGGAACAGAGTCCCCGTGATCTCCCGTTACTACGTGATGTCGGGAACTGAGTGGTGAGTTGTTCAACTCCAGCTACGAAATCATCTCCTCAGGCTACAGAAGGGTGTTCGGGGTATAGCGGGATCGTCTACGAGACAGCAGCATTAGTCAGGGGGTATTTCCAAAATTAGGTGTGCCGGGATCTTAGCCGCACATCATCGCGTAAGTTCCCTTCGTCTACCCTGCAAGATGTTCCTACCCGTCTTTAGATAAACACCAATTCGCCTGCCATAGTACACCATTCGTTTGGGCAAATGGCGGGTCATAAGGAGTATGGTACGACGTTGTAAGGGGCTAACGAATGAACTGGCAATGTCCAGGACTCACACGTCGGGGGGACTAACTCGGTGATAGTACCTGGCTAGACTCGGGAGCGACATTGCGAGAAGGCTTAGGCCCCAAAAATG,506,51.19,Homo sapiens
SEQ_887749,AGCGGTTGTTTAATGCTTGGAGAGTGGCCCGTGTACCTGTGGGCAGGCGTTGCAAACTAACAAATCTTACCAATGTCTACAAGCTTGCATATTCTGCACCTCTTAGCGACCCCAAGTCACAATGAAGATTTATGTCAGGGTGGCACCCGTTGCGACATTTATCAAGCCTAATGGTCAACCAGAGTTCTCTAACCCTAAATCCCGTTCGATCGAAGCGTGGGAAGGTACGTCTCGCAATCTGCGGTCGAGGCCTTGTAGGGAACCGAGGTCAACTGGACCGGATAGGTGTCACGCAGCTGTAAAGAGCATTTCCAGATCTTCACATACATCGCCGACATATAGCTACCCCTATTGCCACTTACCCGGGGAGGGCGTTCACCAGAGTGCCGTCAAGGTCGCAGGCAATAAATTGGCTGGCCGAATAAATTAGCTTCCATATTTGAACCACCTAGGGTATTTTTCATGCTCTGCTGTATGCCGTCACTTGATAGTTGGTAATCATGGAGTACCAGCCTCGGCTGGTTGACGGCTTTGTGAAAACTTTGTTGACATTATGGGTGCCGCTACTTTGGTTGCAGAGTAAGCTAGAATTGGAGTACTGGTAGGTTGGGCGTACTTTGAAGTTTCACCGAAGTGACCTATGTAGTAGCAGACAAACGCAAATGTGCCTGGCCTGTTATTTGTCCTAGCAAATATCGGGCGGGTCGTATGCCTACTAGGACTCGTTCGCGTTGCTCAAGATGTGGGGCCTACCAGGATACCCGATCTGTTGGTCCGTACGACGCACGAAAGGAGGCTAACGCTAACAACGTCCCACACTTGTGGTTCCTCACACCGGCGGATTCTAACACCGCAATTACCCTCGACAAGTCTAGGGACGCAGCGGCTCGTTGCGACAAGTTACGTTAGGATTGGTGAGGCAAGGGGTACTCAGAAATTTGACTAAGGTTACTATTCCAGTACACGACCTAGCTCCAAACGCAATAAGCGAGACTACAGAACGGCTGGAGAAGAAGTCAGATAGCTTGGCTGATACAGCGGCGGGGTTATTCCGTTATTGTTGGTATCTACAGGTGACAGAAACATCACTAGGTTCGGATCTCGGTTTTTCGAAGGGTCCCCCTTAGAGGTTGTTATTTGTCTGAACAGTGTGGCCGTTTAAGCATGGTTTCGGAGCACGATTCGTCGACTTCTATGAATGCATGGTGCCGCCGAACCCCTTGCCTGTGCCACGGGAACACCCTAAATGGGGGTGCAACCTAGCGATGACAGCAAGTCGCTGGAACGTGGCGTCCTTTTCTAGTAGTCACAGTAAATTCAGTTTCCACATTCATTTGTGATAGGCTCGCTGGAGTGAGAGCAGGTGCAGCGGTATTGCAATCGCAAAGGCCTCAGCAAACTGCCAACGCTCCGGACGGGCTTGATCGTGCGCAATAGGAACGCTAAACGCGTGCATCAGGTCTTTTCATCTGGTCCTCATGGGGTCTAGTGGCCTTATTCTGGAAGCAGTCGCTAGTCTGTAAATGCCCGACAGAACCCGAGCCCCCCCTACACACTAGATTCTGTTCTGGGGTACAACAGACTTGCCTGAGCCAATT,1598,50.63,Homo sapiens
SEQ_855514,GAGCAAGACACGCCGTTGAACTTTTGAGTCTTGCACACCGGGAAGAACCACAGTCATTATGACGGAAGGAACTCGTCTCTCGAAACGGGGCGGAAGGCGGCGAATCGATCGGATTTAGAATGATACTAAACACCATGAATCGCTTTTAGTTCTATCTTTGTTACGAGGCCATAGGGAGATCGATCGTCAAACTCCTTTCCTGAGCGGGCGGTTCCGATTCTGCGTTTGAATAGCTGCAGCAACAGGAGGAAACACCTGCTTGCGTATGGCACGATTGGTAACGGGGATTACAGGTAAATCAACTAGTTGGGCACCTCATCGACCTCGCCGTGTCCACTCAAAGTGAGCGCTACTTTCCACGTTGCAAAAGTGAGGGTGACTTTAGCACTAGCGCCATAGTCTTCGACTAATTTGAAATCGTGAGTATTGAATATGCGCAATCCCCCGAGCATTCCATCCATTGTAAGACGGGGAAAGTGTTCATTGGCGTTGAAGAGCCGAGGCGCAGGCTATTGCGGTCGTCTTTTTGTGCTCCGGGGGAATTATTTAGTAGGCATCGCATCGGTTTTGGTATGACCGGTCGTTTCCAACTGAATGACCGCGATGGCCTCGCTATCGTTAGCTAAGCAAAAATAGCTCAAGTGGTCACCAGACGTCATTGGATGTTACTGGATGGCTGTATCGCTAGTGCTATCCATTCCGGAAGCTCGGCCTAGCTCGAACTG,725,49.79,Arabidopsis thaliana
SEQ_232750,CTACTACGGCTGTGTCTAAGGGCCCAGGTACTTTAAAGTGACACTCTACAAAGATAGATCTAAAGCTTCTCCATGAACTTCCGCCACTCTCCCACCCGATGTAAAGCGGGAAGAACAGAAATCGCCAGTTATCCTTGGACGTTTTTGCACATTGCCATTACGCTTGTGGAACCCAGGCCCGGATGTCTGAATTGGCTGAGGCACTAAGCTACTCAAATTGCTTAAACATGGTCAGTGTGACTCGGACCAGTATAACTGTGGGTCATAAGACCGCCACAATGTGCAAGCTTTGCGACGACAGCCTCCTAGAATATTAGACACCGCGCCCCACCTACCAAAGACTGTGTATCGGGTCATAGTTCCCCAATGACGTTTTTGGCTACGGTACTGGTAAGCACGGGAAATCTCAGGAATGGATGACCCCCGCCTTGCCACAAATGGCATCGGGGATACATCAGATCCCTCTCATCTGAGTTGAGTCCCCTGTCTTGGTAGGGCGGAATGTCTGTTGGGCCGGCCTGTTATTAGAGTGGTTCACCTAATTTTCCAGGATTTACGGCAATAGCGGAACCACATAGTTGTATTCGAATAGGGTCTCGGAACAGCTAACACTAGCTGACTTCATGATCTTCTCGTTCCTTGTGTGAAGGCTTCAACATGAGCTGGTCTCTAGCCAGAATCATAGCGATCCCGCAGCTCTCGAACCCGCAACAAATGATAACGTCGAAGTACGAAAGTACTTCTATACCCCTAGTAAAAGAGCAAGCGCACCCGTGACCAACTTGCCCGACGGTCAAAAGACACCGGCTCGGTCGTGTGATGTTGCGCCCCCCCTGTGGAGGATACGATTCCTTGGTTTTCGTACGTCACAGTTGACTGGTCACATTAACTACCCTTATCAGCAGACTGTAGGTTATACGTCCGAGTTTTTTCGGGCTAGGCCAATCATTGGTCTTACGGCTTTTCGCCAAGATAGAGAAGTGGTTCAACACTAAGCGATCGGATGCAATAGTATAATCACACTAAAAAAGAGTACGCAATGGGCAACGATTTCCAATAAGTGCTAGAGTAGCAAAACTCCTATGGGCTGCGTGTAGTGAAGAGTACAATAAAAAGAATTTTGTAAGTGTTGTCATATGGGACCCCGGTCTCTTTAGATACGTGCGGCCTGAGGAGACAAAGGTAGCACTTTCAGACCCCTACCATCCGCTATTTGCATAAGCTATAAGGCTATAGATCTGTACGGCTGTGCTCGAAGTTTGGCCCCTGTCTGTTGTGATCTGGGGAAAGTTGACTCGACACAGGTCGCCATTAAAGTGGTTAAGCCTCTTCAAGAGGATCTTGACTCAACGGTATGACGCAGCCATTCGACTGCGACCCCCTATAGGATTCCTATCGTTTTTTTTCCAAGAGACAAGTACCAAGCACAATTCCGAAAAGTGCAGGTGCCTGCTGGGATACCCGACGGGACAGGGTGGGGGCAACCACTAAGGGCAGTTGTGGTTACGGATACAACATGCCTGAAGGTCTTGGACTGCCCCGCGAAGCGAAGTCCCCCCCCTCGGTGACCGCAGTATCTCTTATCTGACTCTACCCGGGTTGATACCGTCTCAGGAATCAACCACGTGGCGTATG,1635,49.42,Escherichia coli
SEQ_409478,GGGGTCTTGTAGTGTCGACATCTGCAGATAAATGTCCCCCACTGCTCACAATCCCTCGGTCTAGTGGAATGAATCGCATAACCGGTTACCTCATGAAGATTTAGTCACGCGGACATAGCTGAGGGTCAGTCACCCTGTCGTCCGGCTCGAATTCCGTGAGATAGAAGCTCATCGTTCCCGAGGCTAGTTTTCGAGATCCATACGGAGAGCTTTGGGCCCGTTCGCCGCATCACGTTTGTGTCAGCTATATCACTTCGAAACAATCTCTCGAAGGTCTCGTAACTCACATGTAGCCATTTTCAGTGTACGTCCGACTA,317,50.47,Homo sapiens
SEQ_575334,GTTTTCCCGCTAGCGAGAGGGGGTCTCTAGTACTGTCGAGTCTCGGTAACTGGAGGTACGAGGGTAGAAGTAAAAGTTATAAATTGCAATAGCTAACGCGATGGGGCTAGTAATATCGTCGAAAATTACTCAGTCCAGATTCTTTCTAACGGTTGGGTCCGTATGATGTTCTGGCCTTCGCTATGTATCGCCGATTGACAGTACGGCAGCGGGAAGATGCACGCTACGTCATCTAAGACGACGGTACTCCGCGTGCCGTCAATGCACTCGACCTGAACAGGCTGTCCGAGAGTGGCGAAGGCAAGTGAGTTAAACTCAGTGACGTAACGCGAAGCGAGCAAAATGAGTCGTGAGCCGGATCCCTGTCCGATTCGACCACTACCTTGGCATATATCACTACTATGTCGGGACATTCATGTGGCATTGGGATACTAGAGTGCAGGCAATCACAACACAGCTGCTGCGCATTGCGGTTGGTAGCCGAACGAGGTCCCGAACAAGCAAGTTCATCTACTTCACACCGAAGATCAGTGCATACTGTCAGCAGCCTGGGAGCTCTCTCCTACAACCCTTGCCCTTACCAATATCGGCGCCTCTGAGGTCGCCTCCATTGATGCGCCTCTTAGGCTTGCGAAGTATACTGTGCTGTGCAGGCATGTGAGAGCGCGTAGAAATCCCCGCTGCTCTGAGCCCGTCACTGGGCTTGGGTGTAGCACTCCGTGTCTAAACACGGCTTCGTCTATGAAAAATTCTTCCTCGTCTAATTCCAGCGTAGCTGGCGGGGGACTTCGCGCGTAAGAC,801,52.56,Arabidopsis thaliana
SEQ_110035,TTAACCTGCAGTAAAAAAATTGGCTAAAAGTGATGCTAGTCGTACTTCGGGTGGCCTCCATATAAGTCCCCACGTGAGTGTACTTCATTTACAGAAGTTAGCACAGCCTCCACGATACGTCCAGGTCAAGTCTGGTGTACAACTATAGATCCCACTACTCCCTCCTCGGGGTAGAGTACGAAGCACACGGACCTCGATATAGCCTTGACAGAGGTTACGCTGGCCCAGATGATAGGACTGCTCTAGATCACGGTTAGTGGTGCCACAGTGCAGCCGTATCAGCAACCCGATCTATACTCGTGTCATTCTACTATCAAATAAGTTGCATAGAACAACGCTAGTTCCAGTAAAGTCAAGAAAAAGGCGTAAAACAATGGACTGCCTACGTATACCTAAATAGATAGGCCAAGTATGGATCGTGCGTTGTTACACTACTATAGGTGCTGACCCCCGAGGCCCTCCACATTTTCGAAGCTGCGACCCCGATAAAGGAAAGAAGTATAGTGAGGCAGCTAGCGAGCTTGAGATTCTGAGCATCGGCCTAGGGTACCCTTGCATGAAACTTGATCATCGGCCACGGTTCCGGAGACTGGGAAAGGTGCTTCGGTCCCTAATTTATCAGAGGGTACTAGTAAAACTTTCGGAATTAGACTGCCCGCAACTCCCGAGACCGTCGACATGGTATCCCTCTAGTACACTATAAATATTATAACAGAGCCACTACTCGCATCTCCCAATCACTC,743,47.78,Homo sapiens
SEQ_405927,CAATCAGCAGCACCTTTTGCTTATAGATGGTTCTCTGGGCGTATAGCGAGTCATTTCACGTCTCGTTGGGGTAGTGACCCTCATGCCAAACTGGTTCACGGGCACTTTATTGATTAGAGCAACATTCCGCGACTTTAACCGTTACAGTGAAAAGCTGATAAGTGTGGACAGGATGGGTAGCTGCCACGCGCTGATACTCGGACGTTACTGCGTAAATGTTCTCCCGTCGATGTATCTTGACAGGGCATCGTTCCCCGTTTGCCGCGTCAACCCCGCCGCGCATCATGCCGCTATCTGCCCTCTAGCGAGTCAAAAGATGTAATGTAGGTACACTGAGTACTAGACTATTATAGTGTTTCTTTGCTACTTATAGCGTCGACTATATCAGATTGCGCAAAAGTACTTGCAGTCCAATGTCGACGCAAACAGGCCCACGACGCAAATACGAACAAGTTTAGATAAGGTGTTTCCCGGCATTTGTGAGGTTCTGGGAGTGAATTGATGCGGCTTTCAATAAAGCTTGGCGGGGTAAGTAACTCGGGGGTCGCGATATAAAAATTGGAATTCGGCAAACGCTGCTTTAGACGCTGCCCCTAGGTCGCACATGGTCCCTCCAAATCCTACGAGTTATGACGCACCTTAAGCTGCTGAACCTTGGCCGTGGCCGGGTTCTGTGTCAACGGACAAAGCCTCTAGGACATACAAGATGTCTTCTCGACGACCGCACTCTTCCCACCCGCGGGTAAAAACCAAGAAGGTGCCATGCTACAGATACATCGCTCCTAAGATAGAAGCAGGGCTTCTCACTCACGCAGCCGATTAAATAGGGATTCATAGACAGAACCCCAGGGAAGCGGTCCCCCTAAACATCTTACGTCCAGAGGGGTTACCCTAATGCCCCGTCTGTAAGTCTCATGACCATCTATATGCATGTATGCCTGAACGTCCTGGCGGAAATTCAGTCGGAACCTAACAGAAATACCAGGAGTGGTACTTCGGTCGCCTCTGCATTGTATGCAATTGAACCTCCACGAAATTGTACAGAATGTTCAGGTGACTAGTGTATCTGAGGCTGGACGATGAAAGGTCCACGTATGTCTAGTGATTTTCATGTACAGGCGTCCCTAGAAGTTTGCGCTGTCATCTACGAACCCTAGGCCCCTTGTCTATCTTCATAGACGGCTCCCTAAAAAGCTTACGAACTACGATCCAAATGGCGTCCTAGACTCGGGTGGCAAGGAAATCGCTACGACAGGCCTCACCCATCGCTCCACGTCCTATCAAAAGGGACGCTACGTAGTGTGCCACATGGAGACAGAAGTCTCGTAGATTAATGTCGGTAAAAATCCAGTTGTGTAACGCCTTAGACACCAAACGTTCCCACAGTGACTCCGCAAGCTGGACATACACTATACATCACTGGCGCGGGG,1430,49.72,Caenorhabditis elegans
SEQ_850813,GGGGTTTCAACAAGGTCCTCATACTAATATGGCGATTTTATCAGTTAGCCTCCCTTCAAATGTTGGCAACTCCATCAATATTAATTCTTCCCAGATTTGAACTTGTCCATTGCAAATCACACAATAAATTCCCCTTCCAACAACGGACGCCAGACTCCGAATTATACACGACCTCGCGCAACCCTTGCTCAAGACTGAGCCCTGCAGGACGCTTAAGCAGCAACATCTCTGGAATGCGGATCACGCCGATATTGGGGATGCTGGTGTTCAGGAATCCCTGAATTAAGGTTGGTACGGTTACTCGGGTAGGTCGATGGGCAACATCTAGGCGGAGGCTGATATGTAGTCAGTGCGCTGAGACACAGCGCAACTTTTATCACTTCGCAATCACCCCTGGCGTTTGGGACTGCACCGTGCGATATGGTACTGAGTGGGG,436,49.31,Caenorhabditis elegans
SEQ_378201,GCCAGACTTATCGGCGCCGAGTCCGTAGAGGTACTACGTATGAGGGGTGTATTTGGCTTTACTTTCATATGTTTTGTCCACCCTACTAGTCAGCCATCCCAACATAAAGAAGGTATTGACGGCTATGTTGGGTACACCCCTATAACGCCCCCCGAGGAGTGGACGCCCCCGGGCGCCAGACAGCACTTTGCTTCTTGCGGACGAGCAATCCAGCTCCTGCGTGCCTTTTGGGCATGCAAAAGTGAACTCTTGCTCACCGCTGACCTTGCCGAGTACTAT,279,53.76,Saccharomyces cerevisiae
SEQ_398191,CCTGCTACACGCACATGACGGGCTACACGAGAGTTATCGGGGCATGGATTACGCCTCCGCAAAGCAAATCAGTGGCTCGGATATAGCGCCACTGAAGTGGCTTAAATAACCGCGTTCGCGTTTAAGATCACTGTGTTGGGATAGGTGAGCAATAGGCTCTTTAAATACCGACTGGTTACATGTAGGTATCCACTTACCGCAGGTTACTTCGAAACGCCCGCAAAATGATGTTTACATTTTGCTAGGCAGAATTTAGGTTCTTTGAAACCTAAACGTGCCTTACGGCGCGACTGAGCAGACAATGGACAACCAGCCATGGCATACTATTGAAAGGGGATCGTGTCCGGGAAACGTACAGATACACAAGACATCAAATTTACTACGCGCTTCGGCCCCAATCCATAAACTTATGCTTAAAAAACCGGGATGCGAGCGCCAGGAGGCTACTCGGGCTCCTCGATAGTGAGTTGCGCCCTGACTTATACTGGCCAGTGCAGATGAAGGGTCCCCTTGTGCAAGGCAACAACTCCCCAGCGCAAGCTCATCTGTGGCATAAAAAGCCACGTAATTTCAATGGCGTCCGCCGACACTCAGGACGTACACTATTGACCAGGGCGCAGGGTGCATGTTCGACCGTAAACTCCATTGATGTTCCCTAACTAAGACTGGCCCGATGTCTGCATATAATGCCCGTTAGTTAATACGTCGCACGCAGACGAAATGCTGTAGAGAGCCGTCGCGCAATTTGGAGTTATCCCTCGAGTGTCGTATCCGCTCGAGTCCCTGTTACCTGATAACCCTTACACGTCCTGTTGTATTATCAGTCTTACTAGCTCCATATTTGCGTAGTACGTGGATTAGGGTCGGTGCTACTATGAAGACGACTTGCGTGGATGACAACTGTATACAAAATACCTCAACATAGTCGACGGCAGGGTAGTCACATGTCTAGAGGTGGAATACTGTTGGTGGCTGTCTCTGGGGGTTGCGGATCACTGCCGCAATGGAAGCTTGCGCCTCCTGCTATCTGACGGGGTCGGCAAATACTTTTCTGATTTTAGACGACTGTGTGTGGCTAGGCAGGGAGGCACAGAACCCGAGGCGGCGCGTAACAATATCTTAATCACATCAACTTCGTGAGGGAACGGCAGATATTCGTTTCACAGGCCGGATAGGGGCCTGTTACACCTTATGAATGCGCCGCGAAAATCCAGGCGTACTCCCTGGCGGGGAAACTTCCTATATTCACCCGCGACCGAGCAGGACTCCTGCTTATACGGATTTAGTAGGGTATACGGC,1299,50.58,Mus musculus
SEQ_801020,CTGGGATGTAGATCCACCCCCAAAATGGTATGGCCGCCCGTCGCCCGTGCCACCCGTGTCAGTATGTCGCAAAACGCAGAAAAGCAGGCGATCTGACTGAATCTCCGTAGCATCGGTGCCAAGCTGACCCTGACTTAACGCGGACGAGCAAATGGCGGTCAGCAAGTTTTAGGGCCCGCATGATAGGCTCAGAGTCGGAGGGGACTCGAACCATCGGTTAACCACCTCTCCACTTATCCTCCCATGGAAGCGCATGAGGCCGACGTACTTGTCAGTGTATTATAGACAATAGCGTCGCAGTAAGCAACCAGTGTCTGCAGCAGTTACATTGGAGGGGTCACTTGGTAAACCATTGCTTATACTTCGTTGGCTGAG,375,53.87,Homo sapiens
SEQ_907991,CTGATCCCGTAAGGGGCGAGGAATTAGAGCCCGGTGCGTTTAATCGAATTCTTAGTTGTCCTCGCGCTCGCTCCGCAGAGCACTCGACCTGTATGAGCTTCTGGTTAGCACACTCTATGAGGGAGACTATCCGGCCATGCGAGGATCCATTTTATGCTAAAAACGAAGGAACGGCGGAACTGTCAATTCCCGATAGGGTGGAAAGGTCATCGAGTTTATGACGGGAAGCTCATACGTGTACAATATTGGGCTCGCGGCCTTTAGCATTATGGTAACGCGGTCCTGTCCACCACTGATAGGGGAACCACGTCAGCACCTGGGTATGAATCAAAAGGTTATCCCCGTCGGACAACATAGACCGCAGAGGGGGTGCGTCGGTAGGCCAAAGCTACTCGACCTCGCCCATCAACGAAGAACAGGCAACCGTTGTCGCTGCCCGTGGACTGCGCGTTTCATGCCGCCCTCTCGAGTTCATCTTTACGAGGCGGGTGTGAGGGCGAGATCATCTAGAGGGAGACCAAGATTGGCCAGCGGAAAAGCCCATTATACCGCGAGATATAGTCATGTCGGGCTGCCCTTTTTGGACAACACCCCCAAAACGCCAAACATGGTGACCAACAAAAGTCATGGGCACTCATGGGATACGGGGGTAGCATTGGAAGACCCACAATTCATCCCTAGGTTCGTAGGTTTCGAGACAGAGCTCAATCAGCCACCCCATTGCTTGCACTGGCGAAAACGGTTTAGCGGAGATTTGAGCCGTGTTTAGGCGTGCTAGCCGAACCAGTGCATACAACTGCTATGACGGTAGTTATGGCTTTGATCCCCGGTCCGAAAGTTTATTGGGAGCTGTTGACGCGCTACTGAT,868,53.11,Drosophila melanogaster
SEQ_360845,AATCGTTACCCTGTATTCGTGGGTCGATGCGACTTGTGGGAGATATGAACAATCACATTTGCTTCAGTGTAGGTGCTCATCATACAATCTAATTCGGACTGAACCAAGTGAGCTTCAAGGACAAGCAAATTGCCTGAGTTGGGCGCGGCTCTCACCGAGGGTATCGCCACTTAAGCCAGTCTGCGGAGACTGAGGTTTCGCCCCAAGTGAACCCCTATTGCGTTTACACCTGTGCATCTTAATACGGGTGCTGCGATGTTCTAATGATGTAAGGCATAACTTAACTCCCATACATCTGATCTACTTCACTCCAATGAGTAAAGACTTGGCCGTTCCGGGAGAGTTGCTCCCGTCCACCCGAGGATA,366,48.91,Caenorhabditis elegans
SEQ_780878,GTGCCGCACATTGGGAACCTAAAGAGTAGGTTCGGCGCTAGATGCAGCATAGGAGAATTATTTCCCCGGTTCTAGGGATCGAGAGTATGAGATGGCCCGCCCCCCGCGATTTTCCTTAGTCATAGGATCTGCATGGCGAAATGCAGTACCAAGTCAGGTGTCCGTTCATCTGTAAGTTTCACTAGCGCCGACTGCATAACTAGAACCTCGAACGAGCGGCGCTACCTGACTGTTGGACTCGCTCTTGGTCCCCATGTCTCTGCCTTGGTCACTTCTGCACTACTCTCATGGCAACCAAGACCCTTGCCATCTTTACCGATCAGGCAGTCTTCAGGATTGACCAAACTCAGGAACAACTATTTAGCGTATAGATGAAGAAACCCATCTATTCGGCCCTGAGTATGGATAGCCTCTCTCATCTACCAATTAGCCTCTTGACGTAACCGAACACTCAATGTACCGATATAGTAAAATTCCAGCGTAACGCAGATACGTCAAACGCAGTTTAGTGTAATTGTGGATCAACGCGACCGGCAGGCACTGACCAGGGCGCCATAGACCCATTTCATCACTTGTTTAAGGAAGACCTAGGGACGTGCGGTATGCTCACCTCATCACGCTGTTAATGCTTTTGCTCTCATGTAGATACCGGACACATTATAAAGCAAACGGCGGGGACAGCGGAAGTGTAATTCTACTCAGACTGAGGACCGATAAGGACGAACTCCCAGCTCGTGCATGACGTGGGAATGGCCGAACTCCTTTCGCGCAGGCGTGTTCCTCAAAGTAAGTGACTCCCCAACGCGTTGAAAGCTGTAGCCCAGCACTCATAACCTCTTTTCCCATGCTGGTCTGGGTTGGCGGTCCAGGTCAAGGGCGTGTTGGAAAATATTCCCGGGACCACAGCCTCCTGTCACGCGCCCAACACGGAGTTAGTTGCCTACATAGGGTTACGCCACATGCAGATTTAACGAGCAGCAGGTATAGCTGACGCCAATTGAGGACCCGGTCCACTCTGGCTATGATATTTAGGAGGTATATCTCTGCGAGACACGCAAACTCATTTGGGATCGGCGACCACGCGCTTGGGAGCCGTGTTCGCACTAGACTTTTTGAGAATGTATTACATCCTCTAAGCGCCCAAATTGAAGTAGTCTGATAAATTCTCCGCATGTTAACCTAGTCTGCGTAAAAGTGCCAGCCTGCGGTGTCATGTCAAGGGATGCCTGTTGTAAGTGTCAGGACTGAAAAGATCACCACAACTTATCGCAAATGGAGAGAAGGCATTTC,1290,50.23,Mus musculus
SEQ_815459,CAGTATCCCCGCAGCTAGCTATGCTGGCGTTTTGCCGTAAGAACCCTACTGCGCCGGAGAGACATTATGTAATCTGTTGATCTCTCTGATGAGATTCACTATCCTCGGCTTTAGGGCCTTGACGCAGTCTGTTCCCACAAGAATGTTGTACACGGCCCACTCGCTCGACCCTGTAGTTTACTGTTATTAGTAGATTAGGGAATGATTAGACCGCTTTCCATCCGCTTAGATCTCTCACGAGGAGCTAGCGAGCGAACTGTCCATTGTCAATTTTGTGTGCTTCGTTGACTTATTGTTTAATAACTTCATTCAGCTGGACTAAGTGCTGCTTCTGATTTGCAGTCTTGTTCCTACCCAGATCCTATCTATAGTGAAGAGCTCCGTCGATCGACCTCGCCGTGTCCGAGGCGAGCAATCTTTGTAGAAGCTACCCTCTTATAGCATACACTCGATGTCCTGGATTCTCAAACTAGAACCACACCTAGCGATACTATGGGACTATAACCAAAATCTCCTTTCAACTAGCCATGGTGACCTACATTGTTGCTACGACGGCGTTGCAAGCGTAACTAGGCAGACTGCGTCCATAACTCTCAAAGTAAATCCTGTCCTAGTGCTCTTTGGGCAGTTGTGTTCTGAGCACAGTTGCGGCCAGACCCGCCAATGGTTCCACAGATAAAAGAACGAGGTATAGTCGTAATCTCCTACCAATCGCTCGTTGACCGGCCTTTTGCGCGCTCAATTCATACACAATTGTCCTGTATGATTCGGATGCTGATTTGCGACGCAAGAGGACAAATTAAGTGTGCTGTGTGGACTGACATTGCGTGCCGGTGTAGGCCTA,844,47.87,Drosophila melanogaster
SEQ_282300,GAGCATCTATGCCTCGACCACGCGCCCTACGGCACAAGTAGAGCAGGCTAGTCGCAAAATTGAATTCCCAGGCGATATGAAAGTGTACCTGAATAATAGGGTACTGCTGCTGCCGGTTTCAACTGGTTGACAAGACCCGTTGATGTGTTTAAATAACGTACGCACTAGTCTTTGCTCGGTGAGTCGAGGGGTCCGTGTTAGCACTAATCTCCTACAAAAAGAACGATTTATCTAACGCCGCCGTCCTTTTTATTCTGGTCGCTACTGATGGTCGGGAGGGGAGCACGGGGATCCTCGCGAAAACTTTCTTTGGCGCGTAGGTAATCTGTCTTGAATATCGGGTGAAAAAAAACCGAGTAGTCCATGTTATTTGCGCCGCGATAAGGGACGCCCGGTTTTTTCTCTTTAGACCCGTACAACCAGGGCCTGCGTGCCACAGTCCCGCATCCACCCCTATTGCGTCCTATGCATCCCAGCCACAGATAAACCTTCTCGGCGTAGCGGCATGCAATTGGTTCGGGATACCAGGAAGCGACTCATGTGGCTTCGATTCGAAGCGGTGCAGCACCTCGAGAGGTACGATCCTGAACATCGAGGAGCAACGGGTGCTGAGTGGCTGTCTCCGCCTTGTCGTTAATGAGAGGTCGGAAAAGTCCCAAACACTTCTAATGGTCGCAAAAATGGAGTTTCGCGGAATCAACTTTAAAGCTTGGGAGATTTCTTTGGACCCTGGCCGGTACTGAGTTCTGCCTACGAGCGATCTGTATTTGGATTGCTATGCCAATCATGGGGCCTTGGCTAGGGTCAATCTACATGCGTGCGGATATCACTTCACGCATCTAATCCTTGTACACCGAGTTTGCTCAAAGAATTTGTTTATCTGATTCGCCTTGGATAGTTACTAGTCGCATGTTTTAACATCGCGTTTGTCCATCCGCTTTTGAACAGCTTAACAAACGCCATCATAACGCAATTCCTGGCTCCTCCGCTGCAGCATTGCACACTCAACTCATTGGTAGAGGTGGGACTTGTTGTCACGCGCACGGAGCAGCCTCTGGTGAAAGACAGTTACAAAGTCAAGGAAAAATGGATGCAATACCGTGTGCGGCCCGAGCAAAGAACCCCGATCAAATCATGGGGTCTCTCCGAGCTCCGCGTTACTTCATGCCAGGTACACGATACGGCCCGGGGTTGTGCTGCACAAGATTTAAACAAACGACCAATGATAAACCGTATGTTTTGACTGCTATCTAGACCGTTCCAGCGTGTTTTCGGACAGGGGCGTTGCTCCCCACATTAGATACGCAGTGCACCCTGTAGTCATCTATGAAAGAAGCGCCCGCACGCCCGCGGTGGCCAAGTAAGGTGCAACGCTGAAGAGCTGGGCGTACATTAAGGCGT,1401,50.82,Arabidopsis thaliana
SEQ_635092,TATGGAGCCTCGTGAATAGCTAATATAACAGATGCCCAGTTCCCACTGTACTCTAGATCTGCTCTGCTCAACTGTTTGATGGTAATTTCCCTTGTTGTTAGGGGTGTTAAGGGTGGAAGTGATATAACACCCGCATGTCAAGACCAAGACATACGAGTTGATAGATGTTCGTCATTCGAGCACGTGCAGTCTCCCTCACGCGGTAGAATCTTAAAATGCGTGGATAGAGGTTTAAAACGCCACTGTTTGCTTGGTGCGCTGACTGAAGACGCCGGAAGTGTCCCGTGAGCGCCAATGTCCGTCCTTGCAGTCTCTGTCTACTAACTGCCCAAGGCTTGTACATCATCCGCAGAGTGATTAGACGATACGAACAGGAATTATATGTAATTAACGCTTCTTAAATTGCTATCTGCGCCCCACTCATCCAGTTACCGGGGTCTATCCAGTTGCGACACATTTTTAAGGTGCAAAATTTCTGGCTTGCGCGTTGATAGCGTAATAAGGGGGTCGTAGTATACTGTTATCTGCTTGGATCACCCCTACTATTTTCAAGCAAGGTAGGAGACCAGTTTTTTTCAGCTCGCTTCCGGGAGCCCCTGGTCTCAAAGTATGACCTGACCCTGTCCCGCTCATAAACAGTATCACTGTTAAGAGAAAACGAACTGGGTACACTAGTTGCGCCATGAGCTTGAAGGGCACCCGTGCTCAGAATTGTACTTCGGGTGTTGGAAATACGCGCGCGTGTCGCTCTAAGACGCTCTATCCCGCAGCGAGAAGACGGATCTTGGAGCAGCAAAAGTTCAAATCCGGTCATAATTGCCCAGTACTTGCACGACAGACGCGGCATCCCACAATAGCAGTATGCGTAGACATGGAACGGGTCCCGCTTCGACCGACGGCTTGCGACAATGGTGGATAGTCGTGTCTTAAAACTGCGTGGGCGTTCGAACTTCATACCCCGTGATCTGGCCCAGTCGCTAGCGATGTTTGCTAATAGTACATAGTTCTTTTGGTGGCTGATGCACGCACCGACTCACCTAAAGGAAAACGGAAGTTCTTATCGAGTTCAATCAGTGTTGATCCGTAGCATAATTGCCCATACTGTCCCGAACCTGGCTGAGATATTGAATATGCTGTGCTAACTGCTGTGAAGGAATAGCACAAGATAAGAATTTAATTAAAACAGTCCTTAGGTCGTAATTTCGTGTTTAATGAGCATCCTCGAGTCGCCATGAGCTACCGACGAGGGAAGACAGCTCAGAGGACCTGATTATCGTTCCAGTCGCGGATAACTTCAATTGAAGTTTCCAACACTGACAACAGGGGCAAATCTGGAAGTTGCAGGGACTCCTTACCTTCCTTGCCCTGGTGACATCTATCGCACTCAATGGTCTGTT,1397,48.03,Caenorhabditis elegans
SEQ_960159,CCTCAGCTAGACGTAAACTCGTCCTGACTATGCCCCTGCCACAGCCAACTGCAGCTTGAGGGGAGCGATGTCTCCGTGCTGATATGTAAGCGACCCGTACGATTAGCGAGGCTACTGGTTTCCGGGACCCGTTTATATCTTGGTCTTTGATTCGTATGATTTCTGACTAACGAGGTCGCCCGTCAGCGACCTTTCATGTCACGAGCACCGAGAAGACACGCCCCCCTTGGACGTCCCAGGGCCATCCAACTCCCTGAGAAGAAGTTTTTCGAAGGCTGATTGCATTGGGCAGCACTGTTGCGATTTGCGCGCGTTCAACCGTCAAGCGAGGCTTGCGAGCTTCGCCTCGGGGACGTGAGTTGAGGGAGTCCTTTCCGGGCTCTCGGCCCGCAACATCAAGATAGGATTCAACGGGCCACAGATCGAGGCTCCGTCCGCGAATGATCTACTTCGGAATTAATTCTGACCTACCCGACGGTAAGGGGATTCTTGCCCTACAATGTGCTGACGTGGGGAGGGGATGGGCCCGTTTCCTCACCGGTGGACTGCGTATAAGAACGGAGCTGAGGTATCTCTAATATTGCGTAATCCAGCGGGGTTAAAACTATCCCTCTTGTAAAATCCGGTGTTGCGGGGTACTTGAGCTGCATATCGATTGGATCCCATGGCGGCAGGGTCAATCCGCTACTGCTGTATAGGGGATTAGAGTACGCTGAAAAGGCCTAGGTAAGAGGCACGGTCCGTACCAGGAGCGGAAGTTGATCGCCATTTATGCACCCAGGTCTCGTCCAAGTGAACAATAACAGTTCCCTGGAATCGATTGCACCTTATTTAAACAGAAGACAGGAAAGCGAGATGCAGCGTATCCTTATTTCCCTTCACGCATATCTAACTCCTTCAAATTTTCTTTGCGGGATGAGGTGGAGGCAAACTCAGGAGTTACGGGCGTGAACCGCGGGTTATACCCTTCCAGACAATCGGACTGCCAGTCAGCCGAAGGGTCAACCACCAGCCGCATGGTTGAGGCCACTTGAGGAGGTAAACCAGACTAGGGTCAGGAGCAAATCACAAAAGCTTGGTTATCCAAGACACCTATATCATGGCCAGGCGGCGGATGTCGGGCAGCCTCCAGGTGCTTCTCTAAAATATAGGACTCAGTACGTTTACTTAATGTACTTCCCAGCTGACCGCCAATCCGCCATTATAGATTAGTGGTCAAAGCTACACAAGATACGATAG,1239,52.46,Arabidopsis thaliana
SEQ_515673,AACTAGTCGTTATCAAAACCGGCGATAGGCGCGGAGATCGCTGTGAGTAACTTGTACCACGTCAAGGTCTTTTACGTAGGCAGTGATAAAATACTTAGCCTACGAACTCATATCCCATCATCATCTCATTTCGATATTCGTACTGGCTTGGGGTTGCAAACAAGCATGCCCACACTTCTTTTACCTACCCCGCGGAGACCAGGGATTCTATGCTACTGTAATCTGCTCGTGACAATCCAAAACCTGATGAATCGGCACAGTTAGGAGCCCGGGAGGGACTCCTATCTCGTTCCAATAATTTATTAAGAGACGGTCACAATTGTCGCTAAAAGCCTTTTAGAGGATTGCTATTACGCTTTTTTGACGAACACAAACATCTAAAATCCAAAGTGCCCTATATGGCGGATCTATTGGCTATGATGCTATCTCCGGGCACACCAAATTATGCTTACACTTGGACCAACACTGACTAATTCGCATCGGGTCAGCGAATAGTGTGCGGTTTGACATTAGAGAAACGAACTTAAGTTTTCCTCATCGACCTGGGTTTCTCAGACACACAGTGTTCTATATAGCGAACTTGAACATCACCCATAACAATTAAGGGTAGAAAACCGGGCGAGTCCTATTTGCACGTCGAGCGTGCGTACATGACCCCTTTAGTTGCGTCTTATAATTACGTTTCTTCATAGTGTGTAACAAAGGGAGCATCAAGAGG,718,44.57,Escherichia coli
SEQ_410638,CTCGGTTATAATGACCGCCTACTGCACACCAGTAGGCCCTCGTCCAGGGGTTACGCGTTGTGTGACGCCATAGCTAGGTGTCCTCGGGACGACAGCGACCGCGAACTTGGTGACGATACTTAATTGGTGGTTTTACAGAGGGCCAAGAGTACGCATTCGAATCATTGATCTGCAAGAGAGTTCCCCTGTCCTACAACCACTCTCAAAACCCGACGGGAAAAAGTTCAACCCCAGACAGAAGTATCGTCTCCTATGTACTCGTGATGACCGGAATAATCAGGAAATCCCACCCCGGGAGGAATAGACCAGATAGTGGTCAACCAGTTGACTATTCTCTCCAAGCTTCGCTCTCTAAGAACTCAAGAAACTCGCACAACAACCAGGTGGATTGGCTATTAAGATGAGTCCGGTTTGATGGAGCTCCGATTAAAGCTCTGGCGATACCCGGGGCTAACTTTAGGCTGCCCGAACGATAACGTGGCCCTTTCACCGTGCACGTTTTAAGATTCCTGCGGATAGAGCGCTCCTGCTTAGTGTCGTAGAAGACAGTTGCTCACACAAACTATTATCCGGCATAGCAAACACAGCAGACACATTGATTGACGATAAGCCGTGGCCGGAACCGTCCGATTACCGTGGCCAGTAGGGTACAGGAACGCCTGTCGGCAGACCACGACTTCGGGCCTAGAGGGACAACAGAATAACGCCGAAGGTGAAGCTTATAGTAGACAAACTTTAGAGTCAGAAGTACAAAGCACACTCTTCATGTACGGCTAGAGATCGTCGTCTGCTCTGTAGCATGGCTCAGGAGCCCACGAAAATACCGATCAGCCTTACTCCCCCTGTTGGCGGCACAAAGTGCAGTCCCTACATGACAAAGTCATGGACCATGGCCAGGGTCAAATCGTAGGTGACAATTCCACGGCTGATGGGAATAACGCTCAGTTTCCCAATCACAATAAGAGAATACTCACAGTCATGCAACGCGAGATTCTGGCCTGTCCCTGTTATCCACCAGGCCTTCCTTGTATCGCACACTTCGTGGTCGATACGAGCTCGGGGCCAGCGCGTTGCACCACGTCGCCCGATGGATTAACGTCCGGCTGCAGAACCGATTCCACAAAGTTGCATCAGATAGCATATAGAACGTGGGCGCAGGACCGGCAGTTTGCGAGGGTTCAGGCAGCGCAGCTTACTTCCGAAGTTAGGATAAGCCTAAGGTAACTGCCGGCAAGAACGTGGCTGGGGACACTTCTCGCATCACAACACTAAAGCGGCCATAGGATCTTATCTTAATATTAATTAGACGCTTCCCCCCGCAAGAAAGAGTAGAACAGACGATGTTCACAAAGAAGTAGCTAATCACGGGGGTTAATTACACTGGCCACCCCTTAGGGCAGTGGTGAAAGGCACATGTTTGAGGAGGTGAATGTTATGTCTGTGATACTAGTATTAAGGGCACGCCATCGGGTATGTCCGTAGCGGTAGGGTCCTCTCTGTATCGACGGAGACCCTAGAAGTTACTAGATGGCTTTGCTATGTCATAGATATCTCGCGTTACAACGCACAAACCCCACATAAACGGTCTCACTCTTCGGGTTAGTTGTCGGATGAGAGTGGTAATGTCTCTTTTGCAGAAATAGTTGAAGCATCAACGGCTATCTGTAGAGGTACTCGGTGCTCGGCTTACAAAGGGCCAGTGAGCGGACGCACGTGTGTTCAAATAGGAAATCCTTAAATCGGTGTGTCATTACGATCGACATCTATGATAGGAGTTAGGGTTCCGAATCTCACTCCGTCGACCTATCTGCGTCTCCCCTTGAGCTGTAGCATCTCGAAAGCCATTGGCTTCACGACCTCATACGCCGCGTAATGGACCGCGCGTATATTAATTTCGAACCCAATCCACCGCAACCCATATTCTATTTTCCGTATTCGGTCAGCTAAACTCATGATTACCGATTG,1965,50.28,Caenorhabditis elegans
SEQ_846352,CAGATCGACGGAAACTCCGACAGAAGCGGCGGCCAGGTCGGGCAACGCCTGTCCATTCTTGCTCATAGTTATGATTTAACGCGGATCGTGACTAAGTTACCGCCTTAGGTACGTGATTCTGGGCCCTCCCTCCGGCCTAACCCTATCAACCGGTCAGGTGAATAGAGCTTTGAGTTGCCGAGCCAAATGTGGCATGTTCTTCTTGCTACCTTCTTTAACAGGCGTAAATAGCTTGACTTTTCGGGTTGTTTTGATCATGTTGGTAGGGATACGGTGAGAGTAGTCTGTCAAGATACGCTGTCCGCTAATGAGCTGTTACCATGCATGTTTATAAGACTACGCAGCATCCGTGGGCTCGTGCCCGGCAGGTTTCTGTCGACACCTAAGTTTTGAGACACGTTTTACAGCCAAGAGTGACACGCTCGGTTCGTCGACCGAGAGTAACGGCGTGATACTGGGACGTAGATGCGTGTGGTCCCTTTCATAATTGCAAGAGAGCGGATAATCCTCGAAGCTACCGTGGTAATCGGCAAATATAGGAGGTCACTGGCCGGTGTTGTACTACTAAGTCGGCGGGAACGACTACGTTTTCAGTACTATATTAACTTGCATACGGGCAGTCCTCCTTGAACACTCTGGGTGAATGCTAAGGAACGAGACAGCTGACCCGTCTGGGATATGAGGGAACTGTGGTTTATCGGCTCGACGTCCCGTTGGACCGGCCCACCGTGTGTACTCTGCTTTTCTATCACAGTACCTCCCGGACCATCCCAAACAAGCGAGGTCTCGCATTATTAATACCCATATTGGGATTAAGAAAGGTGACTCGGGACTGATCTCTTGCCCTCGAGGCAACGGTCCAATCTGTACCGAATGCTCAAAGAGGATGCTCTACTACCCCCTAGTCTATAAAACATACGAGATAGGCTACCAGATTTTGCCTTGCATGACTGCGGCAGAACGTCACAATACGTCCTAACTGGTATCAAAAGAGCGTGAA,1000,50.2,Escherichia coli
SEQ_140283,TGTGCGTAAAGGTCACGTTACGAAGATTCATAAGTGCGTCAACGCGATGGGGGCTAAACACTACGGCTTGCATCTCCACGGCTAACACATCAACAAGTTATGTCCCCTTCCTCTCATACGGACCTTTGACCGATCCACACAGATGACGCTTCTCTGCACCTAGAGCGACCTCAAAGAGAGGGTTCGCATGTACACCAGGAGCAACGCAGTTCCTCATGGTACTGTAGTTCGCATATAGTTTCTGTCGATAACAGTACTCGATAGTGGATACCGGCTTGTAATGCTTAGATGAACTTGCCTACTAAACTAATATTATTAGTTCAACGGCTAGCGACCGACTGTACAGCATCGCTATCCAGTGCTAACTAAATGCATACATTGCGCAAATAGCCGGACAAAGCAGGTCTAGAATGGGGCCTGGCGCTAGAAAATTAGTCTGTCGTCTTCCAGCAGGCTTCGAGTTTTCTGTGGAAAAGAGTCAAACTTAAGCGGACTAAGCAAAGAAAGTGCCGGCTTCGAAGAACGACCCCTACGTATCTCTCTCGAACTGGCCGTCGCAGCTTAAGCACATCGTGCTTGCTTCCCTGGCTTGTAATGTGACCTACTTACGTGACACTACAGGGATCGTCACCGCGTCGCACTTTCTTCATCCTAATCGGAAAGTAACTCACGGGCTCCGAATGAGTGACAATGGCATAAGTGGAGCGGAGTGGGAAAAACCGCTGTCCATAAGAGCTCGTTAGCCGCGAGGAACGGCGACGGCGACTTATGCTGCTTCACCTACAATACACACAAGCTCTAACCATGCCCCGAGGTACGCACATTTCGAAGTATTGTGACGGGTTTAGCAGGTTTGTAGGCGCCCGATCGTCGTGCCTTCCATTATAGCTGACCGCCAGTAATTGGGCCCTCACGAGCTTTCTTGATTATGCAGTCATTGATCAAGCAGGCAGAACGCCACCGGCTCATGGGACATCTCGCGACTCGGCATACAGAAACAGTACTGTGGTCTCCAGTTACGTATCCAAAAGATAACTGCCCCAGCACAGGAATTTCGATGGCTCGAGTCTGTCAAATGCGTCCTGCTGTGGCGTTCAAGGATAAAATGGCACTGTTAATTTAGTCACTCAGAAGAGCACTGGAGGCCCACGTCAACGACCATCCGATTCAGTACTGTCCGACTATTCGCTCCAGATCCATTTATCTTGAGCGTTGGCCGTTCTATCCCTAGTAATTCCCGAGTGAGACGGTGCGGCTAGCCCGAAGCTACTCACTCTCCACAAGGGTAAATAGTTCACATAGTTTCGGATCTGAAACAGCCGTGCAACCTGCTTGAATTTCAGTTGACTACCATGTACCAAGGGCCCACTCTGCCATTATATCATATTAAATCACGTGGGAGTCCCCACGCGTTAAGAATATTCTACAGGAGTTAAGGCGCCGGCCATCTTTGAATAGCAACAACCCAATTATGAGAGGTGCGGAACGTAATGAACAAATATTTTCTCATCCAGATTGCCTTCATTGCAACTCTGGTAAACCGCCAGATACTTGTAAGCAGTTGGGGTTCCAAATAGCTATCAAGGGGCGACTTATGCTGTCGGAGGAAGGGATTTCATTTGGAAGCCTACGATCGGTCGTGAAATGGCACCTGGC,1656,49.09,Saccharomyces cerevisiae
SEQ_612827,AGCACCAGTTCGTGGGTAATGTAATTTGCGTAATGCCTCGTCGGGGGGTACCCTGATAACCCGGCTGTCAGCCTGATTGCCAACCTGGTATCGTTGGTCCTTTTTGCCCAGTATAGAGAGGTGGCATAAATACAACCGCATCGAGGGTGCCGTGACTCAGACAGTCTCTGACGGTTTCCGATCCTAATTTCCTCAGTACTCATAACTAGCTTTGTTGTGCCCTTGCGCCCGATTCATGTATAAGCGCGATGTACTGTTCGATTGACGCGCAACGTGGGGCAGGAGGCCCATCTTTACTTTGCAGACACCGTATGGTCAAGTCAACCAAGCCGCTTGCTCAGTGTAACCGTCCTATCGCTCCAGTAGCGTTTGGCGTGCACGCGGACACATACACTGGAGCTTCCGCAGTTTCATCCTAGCGATAAGCTTGGGGCGCCCTACAGACTAGGATATCTTCACTAC,462,52.38,Arabidopsis thaliana
SEQ_793384,AGAGCTAACTTTCGCCCCGCTGAATTGCTCTCCAGTCCGCCTCGCTGTGCCCCCATTCTAAGGGGGACACTGGGATCTACACATATGAATTTTACGGAGGACAGGATCACCGTGAGTATGCACACCAAATACGATCGTGCCTTTTCTCAGAATGCATCATATATTGTGCATGCAACCGTCTTGAGTAAATGTTTCCCATCGTTTATGTCCGTGGGAGAATGTTTCTCTGCCGCCCAATTTAGGTAGGCATAGATAAGAGAACCGTTCTGATCATATAGCCTAGTTTGGTAACCCGACCTATCAACCTATACACGACGGGTTGGAGTCAGCCCAATTCCAGGCCGTTACGGCCGGATCTGGTACGCTGGAGATCTTCCGAATCAAGGCGGAGGTCTCTCTACCCTCAGGGACTAGCCTGGCGAAGCCGTGAGTTGAACCGATCGTCGTTGCCAGTAGGCGTCTACCTTGGCCCCAAAGCAGGGAATAATTAATACGACCGTCTGCTGCGAGATTAGTGATTTGTATCAAGTGACAAGGTGCATGAAGGTCCAGGATATGTTTTGCGCCTATGCCAGCACTGGTCGTGAAAAACGGTAGTAATTAGAATTTGGTGACAATTCAGCGGAGTCAGTTTTGTAAGTCGTGCAGGGTACCGCACTGTGATTTGGAGCGCTGCCCACTGCTCTTTGCGTAATTTAGGATCTGGCCTTACATCTAGTGGTGGCACCCCTTAGCGGTAACAGCCAGATAGGACATGACAGATTAACCAGCCAGCCTTTCTTATAGTACGTGGCAGAAATGGACATAGTTGTGTAGGAAAACGATCCGGTACTGGCCAAGCTGACGCCAACCTGTCGCAGAAGCTTGTTCCCTACGCACCGTTATGGCGCGCGGATCGCTAATCGGAACTACGACAAGCCTACATATTGTAGTCAAAGTAGCGCGGCCTTATTATTTTCGGATGGCCGGGCCGTCACTGTCTCTGCGTGATGTCAGGCCGAAGGGGGCTGCACCCAAGGCGATGTGGATCTCTACGGAGTGCGATGCGGAGCTCATGTATCGCCGTTACAAATCGAGTGACATAGGTACGAGTGAATGACGTAGTACTTCCAAGAAGCAAAAATGTACCCGATACAAAATTTCTACCGTCGGACGCACCAGTCCAACCGAATAGCCAGTCACACACGACTCGGTGTAGGTTAGTGGCGAAGTGATTACGGTCTACAGCAAGTGCGAGAGTCTTATAGAAACAGGAATAAGTATCTCGTTGTTGTGGAAGAGTCAAGCATAGCGGATAACAGGTCAAGCAGGAGGGAAGGGCAATATTCGCTGCGGGCTGCATGAAGTGCCAACAGCCGGCGATTTATAACTTTTACAAGAGCAATTGGCTGTACGTGACATAACTGGGTACGCACTCCCTATTTGAGACTACGGATGCGACCAAGCCCAACCAGAGTCAAGAATGCTATCTGAACGTGAAAATGAGGCGTCCGCTCACCACCCGTCTCGAC,1511,50.3,Arabidopsis thaliana
SEQ_553645,ATGAAGTGCTTCTCAGAATGAGTACTTCCTTTGATCTATATCACTTAGAATTACGTCAATCCAGTGCGGCTCTAGTGTTAATTTTGCAATACAGCCCTAGGCAGCTGAGGATAACACGAGAGACGTTGAAATTTTCAACCCGCCGTGCTGTCGCCACAGTGTTATTGACACTCAAAGGGGGCAATGAGGTCAGTCTGTGCCAAGTCCTGACAAGCAACAAAGTAGACGGAGGCAACTCCAGGAGGACGGTCCAGGATGTCATTAGGAAGACGGAGCAGCTTCGAACAGCTAGGGACCACAAGTGGCATAGCCAGTGCTCCGATGCAAAGCTTCTTCCCATTTGCCAGGGGGATTACGTACGCCCAGCAGCGGGGAGCGCTTCTGTAATAACTCCCTCATATCCAATCCCCGGAAGGACGAGATCTAACATTAGGAAGACGCAGACCTCATTCCATGGAAGTTGCCAGAATAAAGTTAAGCCAGCCATAGTACGTAGCGCCGCTTGGGAGGTCAGCGTGAGGCCTAAATGTCTGTTCCAGGACAGCAATTCGACCAAAGGTTGACACCTGATGTATGTAGATCAGTCTTTGGACGCATGAGATAAGGTCCCCCGGGAATTCCCTCTATAATGGTGTCTTGCGTATGTACGTGCCTGCGCCACACATTAGCTAAAACATTTTCTACCACAGTTGCTATACTAGCATTCCCTTGAAGCCACGCTACTTTGCGGTGGTATTCAAAGCAACAGGGCAGATCGATCCAAGACGCAGTTAGGCGTCCGGTAGGGTGCGTTCCTAACGATAGTGTCCGTGACTTCTGGCCCCGCTATAAGCGGGGCTCCGGAGTAATGCCCTCGTTCAAAGTGTGGTAGGGATTCAACTCTGACAGACATGAAGCACAATGGTATCGCGAATGAGAAATTACTTGGAACGTGGGTAAGTTGAGGTCTTGCTCCACACTGGCTATTATTTTTCCTATAACGGTATGATCGACCGGGAAGAGCCCAATTAAAACCCCTAGTGAAATGAAGAGGAAAAACCGCTATTGGGTTCCTATCAAATAGAGACACTGGTGAATCTAAAATTCTGACCCGTAATTGCTTATGCTTGTCGCGTAGGCTCAACTGTTTACCACTGGGCCTTAGGCATACTAGAGTTCTCCTGTATGCCTGAGTCGCGCGGGGAAATGCTTGGTATTCAGACGACAGCAGCCACATCAACTGCATTGACCTCTGAACGGTCCGTTAACACCTCATAATATGTGCCGCCTTACTCTGGGTGGGTGTGAATAGCGTGGGGGATTTATCCTGTAGTCGTCTTTGGGGCACATGCGAACGGTCGTACGTGCGGACTACGCCCCGCAGTGTCACCCCGCGGAAACTCTCCGGAATCGGGCCGGTGCTTAAGTAGCCCGCTCAGCTATCCTCACCTACCTGGAGATAAGTTGAGCTCCAGCTATGACTTTGGGGATCCGAGTTTTTGTGGTGTTAGCTTGGGGATTCCTTGTCGTAGTTGATACGATCGCGAATACTTGTGGCACAATTATGTGTAGTTTATATTATTTCGTCTTAGCCATCCAACCCCGAATGCATCTGTAACTGGACTTCCATGAAAGTGCCAGTCTTCTTATGTTCAGTTCGGCGAGGCACAGGGCCGGCAGACCGTACACCCTACCTTCGCCCGGCTCATGGTCAGCGCAACGATCGAGTTGTTGCGGCTTGGATCGGATTAAGTAACAAAGGATGATAAAGTGGGAGGCGAATCGAAATGATAAGCTGAAAGAACAACAACATCTGACCATATTGATCCCACGCGCTTCGTCGGGAAACCGCGGTCCACGGTATGCTTGCCGAGTCTTCAACAGATAGATTTTGGGACGGGGTTTAGATACTTCCATGCATCGCTCCGTGTGGCTATTCTTCTAGTCATGGCTAGTGGAGCTGTCAGACGCAGCGACGTAGAAGCCGGAGCCCGAGTTCACGTTTTGGTAGCT,1992,50.05,Escherichia coli
SEQ_894903,TCCCTGCGGGCCTTGCCATCCAGGAAGTGAGTGACGGAGATCAGCTCGCGCGGATGTCGTGCATACAGAACAGCCACCCATGCTAACCCATGTTTACAGAGAAACTCTCCATCTCGTGCCTGAATGTGAAATAACAGATGGGCATCGCCTTCACAGAATAGTTTTCACCTGCTGATCTGCCTAGATCGATCAGGTAATAGGTTGGGTGGCTCTGTTGAACCGGGTTCGTTAAATCGTCCAGAGAGACCTGGAGTGACTCAACGGGCAGTGGGGAACGATAGGCGGCATATTGACGCCTAAGAGCCTGTCTGTACCTACAGGAATATGCACTCCCAAATTCCGGGTCTCCACTGACCTGGGCGGGCTCGTGATTGAGGGGAGTTTGGATATGGTCTTTGCGTGAAAACTAAGACCCCCACTCTCGTTTGGAGGCTTTACGGGGCCTGGTGGGCGTTATTATGAAATGAGGAACCCTCTTATTGCCATGATCCTGTTCTTAAAGCTAGTAGGTTTTTTTTGTCGTCGCCCGTCGGTATCGACATACACGCGATGGAGATAGGTGCCTAGGTCACTCTAAATATTCGTAACTCGTCGTATCGTCCGGAGATAGAAAGAATAACTGTGGTACTAACTGTGTGCGACGTTGTTATAAATTCTACGTCACTAGATCGACGTTTTTTTGTGCGCTGACATAAATTGCTCACCATAGCGGGTTTGTGTACTATTGCGTCGCCTGAGATTAGGGATGCTTTATTCACGCGGATTACCGAATGTCTCCTACCCAGTCTTCTGACGGGCAATGTTAGAACAAAGTATCGCTTCGCGACCTTGGTTTTACGCGGTCCATAGAATTTAAAGTGATGCTTCCGGACCACTCCGGACCACTGCAGTAGGACAACACACTCAACTACAGTCGAATCCATTCAGTCCGGTCGGTTCCACCAACTCAAATTGTTGTCTGGACCTGACCTCTTGGCATCCGCACGAGAGAGAACAGTCCGCATACAGGCACAT,1014,49.61,Caenorhabditis elegans
SEQ_111017,TCTCAATCCTTGATATATCTGCAAAGGCTCAGCATCAGCGTAAATGATTTATTGCATATATTTCTGCTCTCACTAACATACCTTCAAACGAGCATGGGACCACGCCTGCGAGAAGGCTCTTACGGGCCTGGCGGTTTTACTATCCAAGAATATCCGCTGCCGGTTTACTACGACGTGTGGCGACCAGGCCGACTGTTGTTGTCCCGTGGGAAATAAAAACTTAATATACGGTAACCCTAAGCAAACCATTGAGGGTAGCGCACATATGAGAAGCAACTGGTGAAATGATCCCTGGGTGAGCTTTAGCAAAAAACCCGCAAAGAGATAGAGTATCACTTGTCTAGGGCCTTGTCGTATGTACTATCCTGCCCGCCTAACCATAATTCAAAATCTCAACTCAAAATACTAGAATTTGAAATCGCAGCACCGGTGCTTCCCCGACTACATGTACCCCGGCGGGCCTGAGGATCTTCAAGTTAACCCTATCTCCGGCGCCCCGCGGTGACACAATAGTTTGGAACCTGCCACGAATTCACGACGATCCTTGGGGAGGTATATCTAGTAGTAGTACTCTTTTCGGGGGTCCAGTAGGGCCGTGGACCGGTTAAGCCTCGACTCTCGACGTCATTAACCTCCGTGACTGAGGCAACGAAGAACAATTTTTGGGGCAATATACCCAGTGGACACGGTGGTATCGAATTCCGTGTGAAAGCCTATATATGCGCCTTAGTGCGTGTGTCCTCAAAGCTGATCAAGGTCAGGCTAGACTTATTCAATTCAATATTCGGAGTCTGCCATAAGGCGCAATTCTAATGTACAAGTTAAATAGACTAGGCTTTCAGCCGCGCGAACAGCGCTCAGTCTTTGACATCTTGCGGGCGTGCCTCTTTGGACGCCCTTTTAGCAGAAAGGCCCTATATCCATCTGAGGGCAATTCAACGCACGCTACGCTCCACACAGTGCACCAGAAATAGCAGTAGGCTAATTTGCCATAGTAACTGACCCAGACAGGCGGCTTGAAGGCCAGTATACGAATGCCATGTCCATCCTGCCGCTCACTTTGCTGTACCCTGAAGGATTGGACAAACTTATGTGTTAGTATCGGCGGTACCAAGTCCACCTGGCATATACGACCATTATATAACCAGTCTAAACTCAAGATTCCTGGTGGGCTAAAACAGATCCTAACCTATACTAGAATAGAACTTGTTACTTGGGATCCGTTGCTGTACCAGTCATAAAAGATCACAAAGGGCCCCTTCACGGTTCGTCCTTAATCGGGTTAAGTTGTTGCCTGGCGTCGCGAACAAAACCTGTGACGCGAAAGGGTCCCATTGCTACGTTAAAGCCTGGCGATACGGCGTAGTAAGGCGAAGAGTCGCTTAACGATTGATGGGAATCTAAGAATGTTTCATGAACGACGCACCGAATATTGTACGTTTGATCAGATTATGACACACGCAGTATATGTGATTGACACCTTCTAGCGAAAAAAGTAGCTCGGGAGAAAGCACAAATGATTCATCCTATTTCTTTGCGGCAGTGGGCGAAAGCTGGCACCCTGCGGATTGTGAAACCCGAATTC,1585,47.82,Escherichia coli
SEQ_292584,GTTAATATCATAGTAAGAGACAGAGCTGTCTCGTTCTCACTTGGCTGGACGTGGCTGGTGCAAGTCAAGACGGGCTCGGGGCGTACGGGATTGTGCTAGCCCCGTTCTCTCGATCGTGCCGACGCACGACGGGTCGGAACTTCCTCCTTAGGTCGTAGAGTGAAACTGCCCGGCATTTGGTGGTGTCATAAGTTGCACCCCGGTGGACAGTTTTGTTTGGTTGGAATGACTAGAGGTCCTCAGAACGGCCAAGGCGTAACCCATCGGTTTTGGGACCATGACGCGCGTCATTATGTCACACGGTTAAGCGCTCAGCGACAGGTTAAACCGCAAAGTACCAGTCAGAAATCGGGATGCCCAGAGACGTACACTGAAGCTTCTGAGGGACACTCACCGGGCTCCCATCAAAATAACATAATGCGTCGTGTATTGCTAGCGGTGCACTGGGCGGAGCAAGCAACTATCTCTTTCGCGCATTTTGGGACGATGCCCTAGTCCAAAGCAAACCGTTTATAAGCTCTAGTACATATAACGATGTCTGTTTCATCACGCAGCGCGACCGGAGATTCCGCCGGGCCTGATTGTCAGCTGGATACCTAGGCGGACACCGGACCCAGTATCCGTGGAGTGCGCGAAAAGTTGGCGCGCAATGAGTTAGCATGAAGATTTGAGATCAAGGACATCGGAGACACTGCGAGCGGCATGTTTCGTTGATCAGCGAGGTGTGTTCATAAAGGATGGGCGTCGAAATCATAATCAGCTTGCGGTCTCCTATGCGCCAACCTGAGATACGTTGGTGGTCACGTCTAGACAAACGCCTTGATTGGTCCACAGATGGCATTTGCCTTTATGACATTTGAGGCGCACGGACGACAGGGTCTACAGACGATTAATGGCACTCGCAACATCAGGTGTTCCAGCGAGCTATCCAGATCAAAGTTCCGGAACTCAAATGCAACCGGCGAGGTCTCGCTTTCGAGGCCGTCGAGCACCGCTATTCTCACGTTAGACGGTCCAGCTGTTACAATACCGAATACATCAGAACCGTTATAACTATCTGCCGAGCACTTCATGATTGTGTCGTTTCAAATAGATCCCTCTCGAGGGGCTCCGTTGGCGGACATGAATTTTGTACAGCGCCAGCTCCTCTTTGGACCAATACTTCCGGTACCCCATACCGAACGTCACTACTGAGACACCTGCGATACTCACCAGGATGTTCACCGGGCGGCCTCAAATTAAGTCTTTTTCTAACCCTCTCGCTTATCAGTTATCTCCCATATACACATTACAGAGATTCTGTCTGGACCGCATCGTTACTCAGAAGCAATATGTGTACGTGCTCATTACTTTTGGCTTGATGGGACGTTGAGGCCTCGTAAGTAACTTCTTCTCTTCCCCGGGTCTCTCATTTCAGCCTAGTATTGCAGGGGGTGTAGCCTTGATGCAAAGGTGCATGAAACCAGGCCTTAAGCTAAGACGGCCCAA,1488,51.41,Mus musculus
SEQ_603613,GCTGAGGAACATCTATCTCCTCCGTCGTTCGTCCCGCAGCCTACAATCTAGTTGCGCGACCTGCGTTGCATCTTGCTCCCTTTATTGTATTACATTAATCGGCCGGAGCAGAGGATAACGGATCAGTTTGCTTAGTACGTAATACCGCCGAGTGCGCGACAATTAGGGTTCGCGCTCCTCTGAAAATGTCCACCTCCTCGCCGGCGTACATACAATCCGCCCGTGTATATCGACCTATCTAGTAAAGATGCTCCGAGACTACACACAACTCGGGAACGCGCGAGAAACCAAGCTTTTGCTCCGTCAGCTGAGCGTTCATATACGGTAGCTCTCTTTAGGAATAGCTATATACAGTCACGGCCCCGACGAGACGGTTGGCGCTCACTCATACTCAGGTATCCAGTTTACACCACGGAAGTTTGAAAGCGCAAAGAGTCCCGAGGGGTTCCTCCAGACGTGTAGAACTTGCCTATTTGCGCCGTAGACAGACCTTTCACATCAGAGAACCAAGGGCTGCGTTTTGATCAGACAGAAGCAAATGAGTAAAGGCTAAACAAGACCTCAAGTGATCAACAACCAACTGGCGGCAAATCACTATGTAATGGCAGGCCGGGCCCAACGAGCTCCGAGAAGGCAGTCCGTTTCACGTGAGCCTACATTCATGGCCCGTAATGCATCGAGCGTTTGAACCCCTAATTTTAACTTCATCGGTGAAACGACTCTGAGCCGCACTTTTTACCATGTAAAATTAACTTGTCGTTATGTAGCCTACCATCACTGCTGAGGACTTTGACTTACAGCGCACTTACACACCTAAAGAGTGACGCAGCAAATTCCCAGTACGCAGGAAGTTTTCATCTCGTTGTACAAAGATGTTGGGGCGTGACTGAGGCTTCTGATTTGGGGCATGAGGACACCATCTAATGTCGAGGCTCAAACAAGGTACCGTGCTTGCATT,958,49.69,Mus musculus
SEQ_701466,CGGAGGATCCCCGAATGCCGGGATACGCTGCGATGCCCCACGAGCAATCCCCTATTATGTTCTACGTAAATTAAGTGTTAGCCCTCAGATTCTAAGGCATAGTATAAAACGCATCCTGGGTCCAGAGGCTCTATCTTGATGTAAGACCGGTTATTGAACTCGGCCAATCTAGGAAGCGCCTGCCATGACTGGAGGACTGAGAGAGTCATGCCCGCTATGTCAGAACGCGACCAGCACGGATAGTTCATTTATCATCCCTTCAAGCGAGTGGCCATCGACCAGCCCTGGTAGGCATATATTTACATTGAGATCTTTCCGTATTACCCAATGGCGTCTGTACAAGCGAACTTCCTCAGCACTCCGGCAATCAATTGTTATTGTAAAGACGATTTTCGATCGACTGATAATACGAGCTACACTACTACGGCCTACTGGCCGGACAGCCCATAATTAAACCAGCGCCATACAATTGGCACTGACATCTGTCGCACAGAGATTCGATGTAGATGCGACTTAAGTCTAATTTAAAACGCGCCGGCTACCCTCTGCATACTTCATGCACGTCTAGATAAGCTCTAACTAACTGACCAGACTTCGTTTGTCTAGATACCATTCCTAACTAGCGTCTCTCCAAGCTCTATTTGGAATGCTGTAATGGAAACTGATCCAGACTTCGCAGCCGCTACGTAACACGCAAATGAAAAGGAAGAGCTAAGAGTAGGGACCCATGTACTCACGATCACACTTGCATTTGTACCCCTTTACCTAACTTATACAACACTAGGTGTTATTTAACCCAGAGTCGGACACTCGGTAGGGCCCAAATCTAGCAGGCCACTACTCCCTTGGATATCTGTTCGGGATAGTAGTTCCCACTCGTACATACACGACGCGAGACAGCGTTTTCCACGTAGTGGTTCACGGGTACCAATGGCAATATGGCGCCTAAAAGTCCCCCAGTC,962,48.02,Mus musculus
SEQ_228404,TTTCTCCGCCGTGTATGGGCATTTTCGTACAGCTCGCTATTCACGTTCCCAGTTGGGCTATTTGCCTCCTCCCTATAACAACGGCTCAAATCTTGCGAGGTAGGTCACTCCAACCAAACCGCCAATTAACTCAAGAATGTGAATCAGCGCTCACATACATTGTCGTGCTCTGTGGGGCATAGTACCGAAGGAATTCAAGGAGAGCATGTGCAAATGGTGTAAGGTTTGTGAGAACCCTTAGTGATCGTATACCAACCCCCGCTCCTGCGACGAACTGCCACCCCGACAGCTTAGCGGCCCATGGATTTCCTGTCATACCAAAAAGGTAGGCGCCCAGATCACGAAGTACTTAGTTAGTCTAGCAGCCCCGAACGAAGCATGCGCTACACATGCCGCTGTGCTGGCGCCTGCTCGCGGAAGTTATACTGGAGCATCCGAGCTTCATTATGTTCAAGACCGCATGCACCGGCGAGTGCATGAAGACAGCATAACGTTTGCCTTAGTCCCTCCAATTAGCGATCTATTCGTTTCCGTTATTTTTGTAATGAGCTCTCGGACATGACCCAGCTTCTGGATCTGCAGATCCAATTACCGCTTGGGCGGAACTGAACAGGCCGTGGGTTACCAGGTCCTGCTCATGATGGAAATGCATTCAAATATTCAACTACAGTGCCATTTTGTTTCGCGACATGCTAGGTATACGAACCCATCGAACGCGTAGACTTAGCTCGTTTTGAGAGCCGCAGGCCGGACTGATTGGGTTTTGAGTACGATTTTAAACTTGCGGGCCAAGTGCGTCTCAGGAAACAAAGATACTCTCTAGGCCGGAACCTGCTCGCGAGGAGACCCAACTGAGTAGGCGTCAAACCTTCATGACTAGGAAATTAGGTTTTACTTTCATTGCCGCTCCTCAGGCTGTTCCGGGCACGCTTTTGGCTAATCCGGTAACTGGCGTGGTACGCCGGGTGGTCGTTCATTCATTGCCGAAAGGGACGACAGCCTTCACCACCACTTGGCCGCGGTTGAGTTGCGTTCGCTACAATGATGAGCAGAACTGCCAGATAGACTCAAAACTCTTTGTTAATTTTAGCGGCGCATCGGACCCGTGGTCATGAAATACTAACTCTCTATGCTTGGGATCTAAGTTCGGATCACGCCCTAAAGGCTCCTTCTGGGCAGTCTTGACTCATCTTACGATGCATTTAATGGGTGGTGTTACGAAGCACATGGCGATCAAAACAGGTATCTGTCCCGCCGCGTTCATTGGCCAGTCGCCACTCGGGTAACCCTTGGCCCGACGTCGTAAGTTACTTATGAGCTCGGTGAAGTATAGACCTCCTGCAGCATGGTCAGCCTCACTACCTGAACTGTAAATGTGTGCGGTGCGTGTTAAGGTGAGCGAAATCAGGACCTGACAAAGCAAGGTGTTCCTGCGACTAGACTTCCAAAGTATCCGGTACAGTAAGTGTCGCTCTTAAACTTACGTAG,1488,50.6,Escherichia coli
SEQ_493426,CACACTCCACGCCGGCAAGCCGCGTCGAATCCGTACTACCAGCTGATCCTCAGCCAAACTACTAGGTCGCGGACTGTAGACTTGCGCAATATAGACAAGGTCTACCTGCAAATTTTTGGCTACTTCGGACTCTTTTCTCAAGGGGATGAAATGATCCCATGGGATTCGACGGTGTAATCGCGATATAACTTTTCCAGTCTAGCGAACGCTTCTGGAGTCCCCACCCGGTTTACCAACGGTCGCTCGAAATTTACTTAAAGGGCCGTGGCGAGTTTATGCCTTATATAGTTATTCGGACTACCTATCCGCCGCTATGGTCTGTGAACCCCCACAGCAAGGAGTCGTATGGGAGAGCAGGGACGCACCCGAAATGTACTGAGCGCGGAGTTGAGGCGAGTACAGCCTGTGCCACGAGGTGCCGGGGCGCTACTCAATCTGACTCAGGTCCGTATGAACGCAAAGAGGGGGGGCCTACGCGTCTTTGCAGGTCTACGCACACGGTAACATAACCTCCATGCTGGGCCATTATGTTATATGCACACGTCTTGTACATGAGTCAAACGCCGCGATGAAACGCCCGATACACCACTCTACACCCACCGATTGACAATGTCAATCGCGCTTCGAAGGGTACAGTGTCAAGTTCTGACAAGTATACCAGACCATATGCTCAACACAACCAAGGTAATTGCCATCTCAATTCTCTAATGACAACCTACCTTAGACTGACCCTCAGTGCGAAGCCTCCAAGAGACCTGGTAGACCATATGAACGATGAGGCAATGACAGTCAGGCTTCCGGGACTACGCCAAGTGCTTCTACAGTGTCTGTGTGTTCTATATGGCATGGGATACTGGGCTAGAATAATATTGTACTTATGAAAAGAATTCATCAAATACTAATTTAGCTCTG,912,49.89,Caenorhabditis elegans
SEQ_644188,GTCGACGCCCAGGTGGGAGATTGGATCCCCTCTAACGTATCACCATGCGGCATAAGACGAGACGTTCAACTCGCTTTCATGCGACTTTATTAGTAAGCCGGAGTCACTACGTAAGACGACCCCGATAAAACACCTCAGTCGAGGGAATGTCGAGATTTCGTTAAGGCTCGGTGGTTCTTACATGAGCTTCGGGGGCCTATTTTGCTCTTACCGTGATCTATCTCAAATCCAAGATTGTGATACGATGCACTCCAGCCTTGTCGACGGGGGAGTAGACGTTTGTATAGCCTTGAGCAGATCTGGTAAGGCAACTGGCGGGTTGCCGACAAATCGTCCATGTCCCCGAAACATCGTGAGACCGTTAGGTTCAAGTAGATGTGCGGTAACTACGGGCCGATTTTTATTAATAACATGACACTCCCATGGAGTAGGTAAGCCGTTACCCTGCGGTTTCACCTTTCCGGATTTGTTATGAGCTGTCTGGTGTTAGACACGTGGGAGTGTGTTCTTCACATGTGGATGAAGAGGTAGGGAAAAGACCTGACACAGACCGCACGCCGATTAAGGCTGTTGATAGTAGATGCCTCCAAGCGCCCGCTCCCAGGTTGAGAATTAGAGTTAACAATGGAGGAACCGACGTCGGTAGGCGAGCACAGCTCTATACCATGAACCTTTAAGTGGGGAAGTCCTTTAATGGGCCTGGGTCTCTATCATCGTTCTCGTAGACGCATGGCAGTCCCCTCTAGCTGTTGGAAACTGCGTACAACGGATCCAATTTCGGTGGACTATACTGCTTTTCAGGGAGCCTCGTTCCCGGGGAGGAGTGTCAACGTCAAGGGTTATGCCGGACAAGTGGGACGGGTGATCCCCCCTTGGACCCATGACTATTTAGGAGGACAGACAAGCCAAACGCTCATTGGCACACACAGGGGTGCTGTACTTGAGGTGAAAGCTTATTTAATATCAAGTTGCCACTCTCCCGATTGTGAAGGCCATCTGAGGTCAGAGAGCAACTCATGAAATGGCATAACCAACGAGAAGATGATGAAGATGGTGGGGTTCGAGGTCAGGACTCGATAGAGCTGTATTCCCGAGCTGGCAGATGCTAGCCGAGCACGTCCCAGTTAGTCAAACTGGTGGCGGACTACAGCGATACTCCTGTGACGAGCCCCTCGGGGGGTGCAATGCCCCCGCTGGCTGTACGCTTGGATAGAGCCGGAGTAATGAGTAGGCTAAGTACATGTGCACCCTACGTTGGTTTGGTTAATGTTGAGAGACGGTTGTTCGTGTCTGCGTATTGAGTACCGGACTACGTCGAAGGCCGCCCCTTATGGCTTTGATCACTGTTTTATGACAGGGTCAGTATCATGGAGCTCTTTCTTGCCTTGAATACTGCAACAG,1401,51.18,Homo sapiens
SEQ_688575,GACCACCAACGTCTGACATCTTTTGCCTAAACCCGGGTTCCATCGCTTGCTACGTGCGAGACAAATTCCAATAATTACGTGTTCCTAGTAAGATTGAGGATGTCTGAGCGGGTTTCGGATCTACCTGGCAAGTTTGACGTATTCCCCCTGAACCAACCTACCCGAATTATTCGTCCGAATCAATTAGTAAGAATTCCACTGGTTGTTAGTGAGCCCAGAAGTATGTAAGTATCACGCGAAAACTTCCACTATTCGCACGACGTGGATCCCAATGTAACGACATCCGGAGACCGGCGAACGCTGGAGGTAATCTCTAGGTACAGCGGCCGGGATGGGCTTTAGCATGTTGGGCTTTTTCAGGCAAGTCTTCACCGCCACCGCGCTTCGGCAGACTTTGCGGGTTAGACGCGAAGAAAATGGCAACGTCTGATGTCTTACCATGGTGGAAGGGATGTAGCCCCCATATCCGAAGTCATATTTTCTACGCAGGGAGGGCCTCTTCCACACGTCGAACCCATAGGGCGAGCTGTGTTAATGTTGGAGTGAGTGACTTGCTTGGGTTTCTGGGACGGCTCACGTGTTCCCGATGCTAAGGAGACTTGATCCTGTTGCATCTAGAGTCCTGGCGGATTTCAAAGCCCCCTATCCTCTCGTTACCCTTGAGATCAGTAAGACTAATACGGGTTGGGGTTGTCTCTTGATACTATTGAGTTCGTGATCCCTTCGACAGTCCGACTCTGAGACAGTCGCGTGTTTAAAGCAGTGAACACGAAGTGAACCGCTTCCCCATTTGCCGGCTCGGGGCTGATCATTAAAGGAAGGATATGATCAATCGTGGATCCGCACTAACTGACGTGCGTAGAGTGCCAGCCCCAAAGATCTAAAGATAACTTTCCATGCCAACGGTTGGCCCTTTAATCCCTCCGACCGACATGAAGAACCTTCGGGTGCGCATGCATGAAGTGCTTCGGAGGTGCGGAGTACTTGTCGAACGCTGTAACTACTGGCCGATCTAAATTACTTCTCAGATCAGTTATGTGAAACAGATTTCCGTAGAATTAGTGATCCTCCCTCCCGATTAATCAGACCTCTCGGCACCTTAAGGACGGCAACTGTTGGCATTTTCACTATAACCAAGACCGACGCCCCCAATTATATTCCACAGACTATTTTAAAAATTGATCTACCGCGGCCTCGTCTAGTAGTAGGTAAGCCTGGTCGAACCATACAAACGGGAGTTGGGACGCACCAGCAGGGGGCTGCCTCTCTCACCTTGCATAGTGATGTATTGGTGGGTCTCTGTTAGCCTTGTCCGGTGGTCTCACGAATTGGCCCGGCGCGGCCTAAGAGAAGTCCAATCCCCGTGGCAGGTGGCGCAGTCAGACTAGTGACCCGAACGGACTCCTATAATCCGACACATCATGTGTATGATACCTTAGGGAGATGGGCTCGGGCGCGCAATCGTGTGAGACTATCTTTTCCTGCCCTGGGAATGCGTAATTGGTTTGAGTCAGAGCGACTAAGTACTCCTTCCAATGCTATGGTCTGTAAGTTATCAAGTGTGTAATTGTATTCCTCAACAGAAGGGACTCGGCTTAGACGGTAAGGCTAAGACTGCTATTATGATCAAAAAGACAGGACTAATGCAGTATTCGGTAAACTGTGCTATCAAGCAAAAAGCTTGACATGCCGGGACGGATGTGTGTGAGTCTTCACGTTGGTCTTGGGTAACAATCCACTACACGTTTAATACCGCGTGCTTGTCCTCTTAACGCAGTTGCCTAGAAATGACACA,1795,49.64,Mus musculus
SEQ_178105,AGTCGTCCATGTAGCTAGAAGACTTGTGAACCTGTCCACCGCCGCCCCGTCTGTCGACGCAAAAAGTTACAGTGTGGGCAGGCACCATTTCGATCATACTACAGGGTTTCCCACGTTTGGGGTGAGGAAAAGAAAGGAAAGATTATGCCAGGTAATCCCAAGATAACAGAATACCTTTTATTATTGGGAGAGTTGCACAAACATGGGGCTTTGCAGGACAAGATTAGAAGGGCAAGGGATTATGTTTTGGCACCATTGTGCTCGCCCGAAGGCCTCTGCGTATATCAAATGAAACCAAGCTTAGATGTCTCATAGCTTGGCTACTTAGTGACATATTGGCAAAACACTGACATGCCTAGCTGAGCAATGTCCTACGCCCCTCCTTTCCGCCTTGAACCAAGGTGTAAACACTGGCATCCGTGTATGCTAGTTGCAGAGCTAGGCGAAACTGTTCTCCAGCTTCTGACTATAAAATATCGGGCTCCTGTCAAAATCCGAGCAATAACCAGCCGCGACGAAGTCATAGTTGACATCCTCGAATGTAATCGCTGATACGTTGCCGGTGATGTACAATCTGAATCCCGCCCCCGGCCCGTCTGCCGTGAAAGCAGCAACGCAGTGTTTCCAAAAAAAAGTCAGGATGGGAAGGCCAATACAAGCTACGCCTAACAACGTGGAGTCGCTATAGTTAACACTCTAAGCATATCTGCTGGGTCCGTGCTTTCACCTAACAGATAATAAGGTGCGCGTTGTAATTAATTGAACTGATTCGGATTTCCCCATAGGGTTAGTATCTAGATTTATAATAAAAGGGGCGCAGTACGGCCACGATGATCCTGATCCGCTCGGGGGGGATTAGCAGCACTTCCTCCAATGAACCATATGTCTACGCTGAGCCTTCTGAGTGCCTTCGATGCAAAGTGGAAACGAGTTTGGTTGAAGTTGAGGCAGGTAATCAAATACTTAACCAGGGTCCGTATCGCTACTGCATAGGCGATACTTTTGATAGGATACGCATTTACCGTTAGACAGATCACCTCGTGGGTGGTCAGCGGTGCTGACCCGGTCGCTGTCGAGGGTGTCTGGAACCTTTCTCGGTTAGTTAGGATGAACCTAGAAACTAACTTCGGTGTGAGCCTAGTGAGCTGGTAGCTATAGTCGGAGAGCCGACGGGTCAACCTATTGTGTGGAGTAGCAATTAAATATTCTGAACTCA,1216,48.03,Escherichia coli
SEQ_758004,CGACAGTGGGGCAGCAGACAATTAAGTGACTTTCATATATTGTATCCTAAGTGTGTCCCCTTAGACTCTGAGCATAATTGCTAGTTTTATACTGTTCACGCCGTGCGATGGTGGCAAAACCTAGAGGGAATATCAAATTGTCAATAGTATAAGCGTTACCTCCCCGTAACGTCGCTTATATCGATTATAGGGCTCTACTGAATTCACGATTTAGGCTCCACACCACCATCAGCCCAACCAGGCTTCTAAGCTCCGGTAATGGCCAAATGGCTCTGTCACGGCGGAGAGCACTGGAACGATGGACTTGTAATGCGCTCTTCTCAGTGTACCACACCGTCACAGGTTAAGGTTTCAAAGAAAATAGTCTTACTCTATAAATACCTAGGAGGCGCCAGTCTCGGACACCTCTCAAAATTCGATTCACTTTACAGGGGCAGGACTAGTAACTTTTAGCCTTACCCCACCTATCCGAATCCGCGGCTGACGCTTGTATCCGCGTAGTCGACCCCCCGGAAGCTGTATTACCCCTGCTAATATGCGAGCAGTTCCTTGAGATAACTCACCTTTCCGGTACGGAAGGGACTATCTTATCCCCTATATCTGGTAAAGGTAGGTCAATTTTAGTACTGATATTTGAGGGAACGGGGTCTCCAGCCTTATAACCAGGTGGCGGTCAGCTAGGGTGGTATTATATGTGTGCATGAACACGCTGCACAAGCCGAGTTGTTAGAATCTGACTCGTATATCGCCTAGGTTCAGACAGCAGACTGGCCTCAAAGTCAAATTAATATGTACAGCGCCCGCGTAGTGTATATAATACCCAAATGCAGGAGGTGTATGGGGGGCGCAGGCCGGTTCTAGGGTAGTTCCGGCGCTGCCTGCTTGCCTATCCATTCAAGGACCGGTGGCTTCCCGTCACGGATAGCTATTGATGTTCATTAATACGGCCATTCTTAGTTCGATGGACCCGTAATTCGCGCACTGGTTCATAACTGGATAGGTGGGAGTGAAGACAACCGAAGGCAGACACCATAAATAACTCATAAGAATAACCTTTCCGTTGCTAAGGCTGGTCAAATGAATACCGAACTTTGCAGTCCCACCGTTGACACGCTGGGTTGAAGCGCACATACGCGTTATGATCAAATGCGCTTAAGTGTATTATTCGGCACTGTATCAAACCCGGGTTTCTTTCACTTGCTGCCGTCCCAGCTAGGATTGCCTATTCGCTTGTTAGATGTAAGTTACGGTTCATCATTGCGGAGTAGATTGCCCCGTACATAGACGTCGCCACTTCCGTAGGCCCAGGCTGAGCTTCCTGTGCGCTCGCACTATAGCCTTTCATTAACTCTACAAGAAAGCTCTGCTGAAAGTACCCAGCATCCTTTTACACTACGTAACCAAAACCGCAAAAATCCAGGAATATTCATTGGGGACAAGTGGGTACGCCGTTCAGCTTCAGACGGAGTCCAG,1473,48.2,Saccharomyces cerevisiae
SEQ_451240,GTGGCGACACCGGTTAGTAGGTATCAGCTGGTGAGTGTCTTCCATGTCATCGACTCCCAACTATCGACTACGGGGTTGGATACGCTGAGCTCCATACTTGGCTCACCGGGGTTGCGTAGGATCGTGTGCGTGAGAATTGGGCTTGTCCGGAGTATTATGGGTGGTTTAGATCTCGGTTGTAGTAGGAGTGTACAGTTACAGGGAGGAGGGTGGGTA,216,53.24,Caenorhabditis elegans
SEQ_722277,TTTGCATCGGACATGGTAGCAAAGTACCAAGAAGTCGCCAGGGTAAGGCCCTCAGGCCCTGGCACCTCCTCTATACCCTAATAGGACTTGCTGAGATAAGTAGTGGGTAGAAGGCACGTCAGAGGCCACCGCTGCCCTTTTTCTGCGGACGAAGCATTGCCAATCACTGTGACCATTAAGGTACACGTCTTATAATTACACCTTTTAACCGCTAGCGCTCGATACTGCAGAAGTGCGCACGGCTCTAATGTATAGAGAGACCGGTGGAGAGTATAAATTCCCGTACTTACAGGAAGGCTCGGTTGATGTCTGGCCTCGTTCAAGGCTAATACCGGAGTCTAAAAAGGAATGAAAAATTAGCCGCGACACCAATTAAGTATATGGGGATTCACAGTGCCACCGCCACAGATAAATTCATAGGCCGCAACATCGACGGGCTTCAGACACTATCTGAACAGTAATCTGCATTAGCTAGCGCTGAAACTTAGAGCGCTACTAGGCTATATAAGAGCCTTGGAACAATGGAGAGGTGCGTCGTCAAATGGTCAAGGATAGCAAT,559,48.3,Saccharomyces cerevisiae
SEQ_307698,CTGTGCATCTAACGCAAAGTCACTGGGTGAGTGTTCAGACATCTCTTACACGTACTTCATAGTATCCCCAGAATACCCGAATAACGTCGTCTCCAATGACCAGCGGTCGGGTTTATTATTCTGAAGTCACCTGCAGTGTACTAAACCGATTCACTTTGCGGGTGTCGCGGTAGTCGTCAAAGTAGGGTTCAACCACTTGTGGCGTGAGTACGGTTATGCAATCCACCACTGGGCCTCTTGTAGTGTCAGCTAAAAACAACCATCCCTATGTCAGCCACTGTAAACATCTCGATCCAGGCCTCAGTTGCCCTGAGGATAAATTACTGAGTTAAAGAGCTAGCTGGTTCACATAGTCGCGGGTTCCTGTTACTTTCTACAAGTATTAGTCATTACCAGAGTGGGGAGCACTATTCCCGCCAGTGTGCCTGAGCTAGCTCATCGGTAATCTAGAGTAAAACATCCCAAAGACATCTCAGTTTGCGTTCACGTATGTCTGGAGCTGTGGTGTCAGCAAATAGAGCGCCTGGGAATCCTCTCCATGTCTATGCAAAACAGGAAAGCCAATACGCAGCATTATAGTGCCTAACGCAGGCGCTCAAGGTGGACCTGGTACTCATGGTGTACTATATTGGAGAATTCCGATATGAATGGAGCGTCTTCGCATGCGATCAGCTTTCAATGTACCTGCCATGGACAGTAGGGACCTCGACTAAAGTAACTCGTTCTAATTCGTATTCTTCGCAGTCCGCGAACGACCGGTTGTCATGTCCCTTGTACGTCCTTCTCAAGAGTTAAGACTTAAAGATGGGCTTGACATGATCAAGGTTCAAGCAGGTTCTCACACAGATCTCATAAACAAGTGGGTCACTCTTATTTAACAATACGTTTCCTCCTCCGTCACGTTCGCAAAAAGACTAGATCCTAATACACGCAGATATAGTCATGAGTAAGGCAGGAAGCGCGTAGGTTTGGTCAGAACAACCATTCGCACGCCAAACTGTTTTTACAGGACCTGTCTGGGGATACACTCCGGCAACCGCACAATCTGTCCTGGACTAAAAGGACGTTTGTTGCGTATAGCGCTTAGCTATCACCTTTTTCAACCACAGTGCAGCAAACATCGAGTTTAGTGTAGATTGATACAAGCGAACAGGAGTCACAACAAATCTACCTCAGTGAGGGACCTGCAACCGGGATGCAATTGTTAGCGAAGAAAGTTTCCAACACGTCCAAAATAAGGATTTAGAGCAGCGCTCATTACACCGACAACTGAATGCTTTAGCAACGACAAACCTATATGCCGGAATGTATTTAGGGGTCCTTAATAACCACAAATCCAAGACCACATATGTTCCCATCTTAATCCCCCGGGTACACAATGCAATCTTTGTGTACAACAACTTGCACTGTTTAGCGAACACAGGTCA,1427,46.32,Homo sapiens
SEQ_151605,GCTCGTCAGAACTTGGCAATCACACCATTTTTTGTTGCGCGAAGGCTCAATCATGCATTTTTACTCTAAAACCCGGCGCTTAGGTACCTAGCTTAGCAAGGGACGGTCGCTCGGGCCCGGCGGTAGAGAGCGTGTACCCTGTACGGTGGCTCATAGCTTGTTGATAGGCCTGCTATCGATAAGACTCAACTTGCGAGAGAGCCCGAATGCATGGCGTAGACCCAGGACAGAAGGTCCACACTACGACAAATCCGGCTTTTATATAATTTGCAACCGTAACACCAGATAGAGCCATTGATTCGGACGCGGCAGGTCTCTCGTGGGTCTTTAACGGTCTCAGATCTGTCCGTCGGATTTAGGACCTCCCGCTGTCGTACTAAAGAAGGTCCGGTTGAGCGACTTGGATGAGAAGATTCGCATAGTAAGGATTTCTATTAAGGAGGCGCTCTAAATAACTAAGAGCGGCGGCGCGGAGGCTCGGCAGCCTGTCGTTCGGGGCGAATACGTTGGTCTGCACTGGCTATGTCTGCCAGAGAGTGTATTAAACGTTGCATTGCGTAACGGCCACAATAACGCTGTCTGATTACCTCATTATGCTTAACGGTTCAACACCGCTCCCAGCTTTCCAGAAGAAGGCGAGCCATACGGGAGTTCCTGTATTAGGACATTTACTCCGCAGTCTCTTGCTCTTAAATGCGTGACAAGACGTTGTGAAGGTGGATACCGTTGTGCGTGACGTAGGTGCCGCTCTACGAACGTTCGCCCACGCGACCCCCCCGCATCCTTAAATGAGTTTCGATG,801,51.81,Arabidopsis thaliana
SEQ_702047,TATTCACAACCAAAGCCACGCCTATGAGTCACCGAATCCAAGAGCAATCCCTGTCAGGAACTATCTAGGCTGATAAATCAATGACTCAAAGGAATAAGTATGCTACCAGCGAAGCTGCCGCTCGTATCCAGACGCCCTTGAATCACGGTAGGTTGTGGTGGGGATCTACCCCCTCCAAGTTGTCAGGTGCGGTGGCTAAGGTAAGGACATATCCGGTTATTGGTCGTTCATACTTCCTACGGGCAACCGCCATATGACCAATGGACAAGTCGAAGGACAGCGTCTATTAGGCTAATTTGATAATGCCTCACCGAAACGCTAAAAGCTATGCGCGGCTATTTTAGGCGCCAACGACATCCAAGTCGAAAGTGCCATTGCACGTCATTCGCGGTCTGGAGACTGCGGTACCTTGTGACGAGAGACTGCCGTTTATCGGGCCCACACAAGACTTGAACTAACTCCATGAGCAGTACGGCGGTAAAGGACCCCGCTCCACCGATGACAATATGTT,511,50.49,Escherichia coli
SEQ_196134,CCGAGCGCAAGTGTCGAGAAGCCAAGATTGATATTAGTCATATTGTCCGTACTTGAGTTGCACAAACTTGTAGAAGTTAGCGCGACCGGACGGGTAACGTTTGCGATGCTGTACCGATGGGCGGCCCATGGGGTGTAGGCGCTTTTCAGCAGCAGGCGGTCCCTGGAACCAATACAGACATTCGCCTCCTAGCTTGGGGAATGCTGCGCTTCTCCCTTTCATCTAAGACCCATCGGAGCAATTTCATTTTGTATTGGGTACTCCCCTGAGTGACTCGTCCGTATACCCGGCACAGCAATTGGGCAACCGGTACTCTAGTGTGATAAGTCTTGGGCATGCTATAAGGGCATAGTAGTTATGCAAGTGATCTCGCCAGGTAATTAATAGATCAAATGTGGCCGCTGTTCCTGACCGCGAAGGTAGATTCGAGACGACTATGAACGTTGCGGATGTGGGCTGAATACGTAGCTTGCAGAGACAGCGCCCGGTGAGCGCCCAGTTTCCACCTGGTACGCCACGCCCCTATCTTGTTAGCGCGTCTACGCCTTTCAAAGCACCCAATCCTGACCAAGCTTGCGGGTGTATACTTGAACCTGCTGTGCTCCACTAATTGGTTACGCGCGTATCTAGACGTGTCGTAAGAGTACTAAGCAGGCCGATCAGCTCCGGCCATAAATTAACCCTTGAGGGTCTCAGCTCTCCCCATGCGAATTAGTTGGGGAATAGCAAGCGAATACGGACTCCCGGGACAATTTTGTTTCTACCCATTCAGTGTAAGGTCCAAGTTTCACGATTAATCAAAACCCGCAATACATAGAGTGATTTGTTAAGCACTGATCTAGCATAACGGGGCGGATGCCCGTTTACCCATTGATTTGGTGTACCGGACCAACCTCCGATGATCGCCTACGGGTGCGTGATGCAGCAAGAGATCAGGCTAAGACTGTGAGTAATGTATAAGACGAGACCGCCGCAACATGCCCAGATTGGCAGGGTCCCATCACTCGAGATCAATCCCACGATCTAACCGACCTTGCGTCAATAGATTATCTCATTCGGGTATGGGTTATCTGATCAACTCATATGGAACTCGACAATTGGAATAGGTTGTTAATACAGCGCGACACCAATATTCATTTTCAACCGCAAGAATTGCGCAGCCTTAGAATAGCATTCCCAATCAGCTACCTTTCGTTGCTGTTCGCACGCCTTAAATGACCGTTCTTACCAATAACTTACACTGCACTTTAGCTGATTCAGTGCAAGGCCAATCAGATGAAATACGCGCTTCGGATATATTGGCTAGTTGCCCCCAAGCTGCATATTGTGGAATGTATTATCCACTCACTTAGCCTTACGAGTGTAATTGGATGTAGTATTCATATGTGTGAGGCGATCTAAGTAATTAGGCCCAACGAATCGAGGATTCCTATCGAGATACACGAAACGGTCAAATGCTGCATTTGTGTGTGGTTTGCCGAAGTTGGTAACCAATCAACCGGTGTGGACATAGCCACGGGACAACGTCCTCTCCGTCAAAGCAGATGCCCGTCGTTCCCTATAAGTACGGAAGCCGCGGACGACCATTAAATGATTCATTCAATCTGGGGCATG,1614,48.95,Escherichia coli
SEQ_361462,ACCCACTTTTTAAAAGACGTTCCCGAGTTTTCATAGATCAGTAGTGGGTGTTATTCAAGCCTTCGCTTCCCGTATCCTCGGGCCGAGTCTCTATAGGTCTAATTAATAAACATATATGCGGTTATTCCGCGTATAGGCGCAAGTAGAATATCATTATGTGCATGCGACCAATACTAGAATTGAAAGCCCTGCATCCCAGGTACAGGTCCTCACCCTAGCAGGCATTGGAATACCTTCAGGAGCACGACTGGTATACTGTGTTCTGTTGCATACACTCTCAACCGGACGTCAGGAACCTTGTACCCCAGCTACGTATTTTAGCAATACTTAAAGGGGATGTCGTGAGGGATGCTAGTGCTCATCCAACCTCCTACTTAGCCCGGGACTTTGAGGAATAAGCGTGCAACAGTTACTGACGGGTCACCCGAGTTCGCTGGCCAGAATGTAGCCTGGGACGGGCCTCGGTGCCCGAGCATCTGTAGACCGCCCGTATCGTCTCTATGATACTGTGTTTAGTAATGCGCCAGCGGTGCAGGAAATCACTAACACGATAGGTCACTGTGATTCGCGTAATTCGCTTTTAGTATATACCCCGGTACACCATTGACTAAGTAGTAGCCCCTACTAATACTGGGTTAACATGCTCCTCCCCAATTCACTACCGCTTACCAGCAAGGCACCGGGAAGGAGGGCAGTGACCACCGCTTATCAAGAGCAAAACCGGTGGGGTTGCGCGTAATCTTCCTAGGTCTTCGGCCTAGTCGGATCAGCGCTTAGTTTGCGGCCCGGCCATGTACACAATTGAAGGGGCAGTAGAATGTACGGGCTTGGAGAATCTGTCAGCGAGTCCACCGACTGTCAACGAACTCGTCACAACTAAATAGTTAGGGGCCTGGAGAAACCGCCAGGTAGCGATTAAAATAAGGGTCCGAAAGACTGACAAACGAGCGAGAGCAT,957,50.05,Escherichia coli
SEQ_216498,CCAGTTTCCTCGAGACTAGCCAGACTTACAGAGTTGGACGCCTCTTTTGCGAGCGATTACGGCTCCAAAGGGACCCCGCATTACAGGGACTCGTCATCGCATATGAATGGATAGCGCAGCCGGGGATCTCCTCCGCATGAGAGTTGGGTCTAAGGCAGCGCCGGTCTAAGACTCGCTATGTCCAAGGCGCCAGCGGACCCGCTTTAACGAATGAGATTCCGAGCAAGCCGTGGTGCCTCGGTCTGAAAAATAGACCGCGTTAAATAGAGACCCGTGCTAGATCTCCTGGAAGGTGTAAGATACGAAAGCCATACGTAAGTTGACAATTCCAAAAGCACCGGTCACAGAGGCCCAAGGAGGTGCCCTACGTCAACAAACTCGCGGCGCACTGAATTGTGCCCACACCACGAGTCGAGTGGTGGTGAGAACCACTCGGTCGTCACAACATAGGCCCGATATCAGCAGGCCCATTATATACTTTTAAAGTAGATAGGAGGGTGACTATGGAAAGAATTGGGAGCCCTATATCGGATTGATTGAATACACCTGCGACTTGGCCGGCAACTTATTCAAGCAAAAATTCATGTCCTCCAACTAAGACCTGCTCATATGCTTATGAGTCTGACCCCGGCTCTAATCTCCCGATCCTGTATCAATTCCGTGACCCGCTTCTGGGGTGTGCGGGCCCTGTAGGACGATCCGCCTTCGGGTTTCCCCGTGGCTTCGCTGGTCTAGTAATGACCGCACAATTCCTGAGAGGGAACACTCGTTTTAACGACGCCAGCACTGGGGGGCTTGCCAGGGTGCTACGTTGGCCTGGCGAATTTACTTTTTGGCACTTCAGCAGTATCACAACGCGAAGTTCTTTTCATACGTACCGGGGGAGCCCCACTACACTAGCCCATACAAATATGTTTCCAAAAGTTCCCGTGCTTTGTGAGGGCATGGCTAATTGACCTTCTCGGCCCTCGATTCTAGGGCCCAGGCAACGGATAATGCTCTCTCGGCCGGCCTGGCCCGGCCGGCTACTAGGGATTTTCGCAGCGGGTTCCCTGTCGCAGACGACTAGAAAGCTCAGTGATGCGAACCTCATACGGCTGAGGTAGAGGATGGTGCCTGCGTTGAAAGTCAGGATGCCGGGAGCTTCTTCTGACATGATTACAAAGCAGCTTGGGCGGTGCACGAGGGTTGATAGTATCACAGGCCCGAAATTAGAAAGCCGACGTGACTGCGGAGTTGCGGTCGTTCTGCAGTTGTGGAATGGAACGGATAGATTGTAAGCAACCGCGTTAATCCCATCCGTTGCTCGAGACTA,1315,53.38,Saccharomyces cerevisiae
SEQ_349996,TTAAGACTTGTTGGTATCGTGCCACTCCTATACCGATGTTTGTGAGTGCGTTGCTACTGATGTTGGCACTCATGAACATAGGGCTGGAATTGATGCACCGTCGGCGCCGGGGTTAATGATACAGCCATTACCTGGATGTATGGTAGAGCTGGATAGAGATGGCAGCAGCTCATGCCATCCAAGGGGTGCGAAATAGTAATTACGGGTCTGTACATCTTACTCATAGACCCAATACCCAGACGGACTTTCTTGTAAAGAAGGATGAAATTTATCAAGCGCCTACGTCTGAAAATATAATTGTCGCAGTGCGCGGCCGGCCAATCCACTCAGATCTAGACATCCCGACAACTCCGTGTGCGACTACGACGGGTGACTTGGTTCCGATGCTACGCCCTCACCTCGAGCAGTTTGGGTTTCCTATAGGGCGGGTTACCGACAATTTGAAGGGAACACGACAATGGCCAAAACATGATAACTAATACTGTTTCAATCAGCGTTCATCTCCCTTGGATAAAGGCCACTCCAAAGTGCACGCGTTGACCTACCGCCAGGTTTAGGGATCCAGTAAAGGAATTATAACGGCGATTTTCGCCCCGATACTTGTAGAATTTCTTTTTCTTCCTCGTCTCCATTTGGATCTGTCATAACCTTTAGACCTTCAGATGCCTCAGTATCTGGAACGCTTCCCTCTATTTGACACGGAGCTTGACTAATCTTACCGTGCATATCACCACCCGTAACGCGGTCGTCTCGAAAATACATCAAAAAAGGCGACTGGTCAGCAGCTGCCCTAGGTCAGAGGGTCCTACAGTCCGTCACATTTCACAGTTTTATCTCAAGAAATTCTGTCAAGGTTTCAACGTCTTTCTTCACGGTGATTGAATAGAATCAGAAGAGTCCTAAAACTTCTATAAATTGCCGTCTAATAGCAGATGTAAAGCCCCTTTGTACACTATCCCCGCGTGGGTCCAATACGAACGATCTCTTCTGATCCGTTCTGGACGTCGCGAAACCTTAGGATGAACCGGGCGGCATCCCCCGCATCGTGTCGATGGAAGCTTCCCTCGGAAGTTAGCCATGCTTACAAGCCACCGTAATCTCTGAACTCATTATTCGTTCGGGGCGACCGACATCGCATATATCAATCTTTGTACATTAACATCCAGATAGACTGATAGCGTATGTTGACTCCCTTCCTGAGGCAATTAAAAATTTCTGCACTGTTTAATGTTCCAATGCCAATTGACAATAAAGGGGTCCGTGAACTATTGATTCTTAGTTTTGCTCTCCATATGGTTACATAACGTCCGTCTCTGCGGCAAGGGCCTGACCCTTCTGTAAGAGGTGAGTCAGTACCTCAAATGGATACCCAGCCACAGCGTACGAGAAGAATCGAGTGGAACAGTGTATCGATTTGTCTCGACGAGTTCAAATACGTTGAATTCCCGCGGTCATGCATCACTTGCCAATCGGACACCGCTCGGTGGGGTCTGGAGCCTTGCTCGGCGCAGCTCAACAACAAATCGTTTGCGTCGGGTAGGAATTGTAGTGTGAACCAACACCATGCAGCGGTCCCGTCCGACACGAAAGCCGCCGTCTATGCGAAAGAGCGCTTCGCATCCCCTAATTAACCTGCGTTAGTTGCGACTCTTTCGTGCCTCTGCGAGGACTGCGAAACTGTGAAAGCATCAGTTACGCCTGCACCCTTAGAGCAACACAAACGCCAGTACGATTGACCTGCACTCCTGTAAGACAGATCCGTCTCAGTCAAGCTAATTGAAATTCGGTATGGCAAGAGGCCAGTACGTTTCTAGTCTAGGCGTTGATGGGCCGACTAATTCGCCTACACCGACCAAAGGGGAGTTCGAAGACCAACCTGTGATGTCTTAGGTCCACGTGAACTGCCGGTATGGCCCATTATGTCTACAATCCCTGGG,1937,48.63,Drosophila melanogaster
SEQ_687547,GATCCCTACTACAAATATGAGGGCACTGAGTTGCCCCCTCGCCACGGAAACCAGAGCATGCGTTCGCGAGACTGGGCGAGCCCCAATTTGGCTTCAAAACCAAACATGCATTATCCCTACATACGACGGCAAATCTATCTTACTGTAAAGAAATTGAACACTCATGCAGCTCACCTGAGAGTCACTGTGGAGTCGACTCGAAGCTCTAACTTAAGTTTCACCTGTACGTATTGTAGAGTGGTGTGCTTGAGTCGTCTAGCCGATGAGATATACCCGCTCTTATTTGCTCAACGTGATCTAGCGGCCTATAAGATGGTGGTGCCCTCCGTATAAATTTCATCACGGAATCTTCTCTGTTAACCTATGCAAGTG,372,47.31,Escherichia coli
SEQ_218526,ACAAAAAGATATCAGATGCGCCATTTTATTCACGCTAGATGAGTCTCGGGCGTAGGGTAGTATCAACTGGTTGGAGAAGCAAACGTCGTATAAGCCCCCGCAATTGGCCGGTAAAAACCGATATTAGTCATAGCGACCTCATTCCGTTCAACACTGTCCAGGGAATGCACCGATTTTTTCTATAATATAAGGCAGCTTAAGTGGTTGCTAGGAGGTGGCTTTACCTAGCCGATAACCTATCTCTTCGTGGACTCGATTCGATTAGGACTGCGTCATAAAAACCGAACGTTACAACCCGTTGCGCACCCAGTATAAGACCTTGGACTACCGCGCACGTCGAATTCAGTCCTCAGTAAGGGCTTTCCACTACTAAAGTGAGGGCAGTTTGCGCGTAGGCTGTGAGCAACTAGACATTGTGGCCCACGCCTCGACGGCCCTACGTGAGTACTTCTCTGTAATAATGCGAGCGTATCTATCGAGCCCCGTTGTTAACGGCGGGCTACAGACGACTTCGGGAGATCAGTTACGGATACTTCCTTAAGCTCGCCATGTTCACGGACCTTTCCGTGATTAAGCGGCAACTAAAGGACTAAAAACCCTACGAGCCTTAGATGTGGTGTCCCGACAATGACGGTGGACGGCCACATAAGCTCAGACGCGGGATGAAGTAGGCGAGGTAATAGCTGACAACTCGAACGCAACAGGGTGCACTACTAGTGAGGACACATCCCCTTTCAGACGGTGTGGCTGGTTCTACCTATGCACGCCACTTTTCGATTAACCATGGAGTCGCGAGCGATGAGGTAACTAGCTTCACCCGCAACATTTATACACCAACTCCAGCCCTGAATAGCCTGAGTTGGCTTACGGACCCAACATTCCGATGTGCTCTTAATTGGGTGCAGGTTCCTATATCTAAATACAAGCTCATACGTCGTTATTACATATGAGGAGCGGGCTAAGGGCAAGGCACAGGGACTCCCAGGACGAATGTCTGATCGCTGTGAGGGCTCCCGGGTAGACTTTAAGAATACGACGAAGAATACAATCGACGCAGGGGGGGTCACAGGCTTTAATCTTCCGTGGCCTAAGTGACCGACACAGATGCGCCCTAAACTTGTGGTACTTGGAGCGATTTAAGCCTCTCATGTGAAGTTCCATGGCACCGCCAAATGGGTGCCCAAAGGTAGATGTCTCCTAGTCCCTTTTATAGCACAAGGGGCTTATTCAGGAGGATCTGGATCTCATGAATCACCTCCAATGCAATGGATCGTGTGTTTATTCGCGCGAGTATGCTCTAATTCGAGGGCTCTTTGTTAGAGTATGAGGGTTGTAAGTGTGCCAGGTCTCAGAGCCTCAAT,1361,49.74,Saccharomyces cerevisiae
SEQ_867822,ACTCCAAGAGCAAAGAGTCCGCATGCAACACACTAGCTGTTGCTGCAGAGATCCGATGTCACCTGTGGGCTTGAAGGTTAGGCGTGGGTATCTCAATGGTGTGATGTTGCTGGTCGAATCATATATGGCAGACCAGCTCTTACCCAGGGTCAGCCTGACACTCGGGCTCAGGTCGGAGCTCGACAACATGTTCCGCTGGAGGCGACGAAAGAAGTGACATCGCTAAGCACATACATTTCCTTAGTCTCTAGTGTGCACTAAAGCCGAAACTGCACACTTCGCTTACACGTGGAAGGGTGTGAGCAAGGTCGATCCCGTTACGTCATGTTGTGTGCAGAAATGTTTACGATAGTTTGTGCAGGACTCATGTTGTTCCTCGGCAGAGTCGACTCCTTGTCACCTGGTGACACCTCATCAGGGTTATGTCGTTCTGGAGTCAGACCCCGGTCTCTGGCGCGTATAGGATAAATTTGTAGGCCAGGTATTGGATCCCGGGTGGCCCCGATCTCTGCTCCCGTCGGTATATTAACTATGTTCTGCTTCCGAGGTGCTTTACCTCTACATTGAGCGGCGCTAAAAAGCCTGAGGACGGTCCGAGGGCAATCAGCGGTAGACGTGACAAATCTTAACTACAGGGACTATCTTTTTTAAAAGCTGTATCAGACTTAGCGTCGGCCATAGTGTTCTTTGCTTGAAGAATTTAAATACCCCGTCGGGCGTCCAGTAACGGCCCATCAGCGCGAGGTAGGCTTGGAACCACCCGCACCATAGGTACAGTGTTTCTCGGTTTGGACCACCGGAACTAGTCGCCGTTCTCATGGGAACGATGTGAGCGTTCAACATTATATGTCCCCTTATAACAAAGCCTATTCGCAACTCGAGGTTTATACGGTTTTAATTGGGAGGTATGAGGATCCTACTAGTAGGGAATCTATTGCTACTTACTGTTGGCCGGTAAAAAAATCGGAGCCAGGTGATGCTATCAGACTTTAGGGATTAATGTTCAACGCGTCCAGTATGCTTTAGGCAGGGCTGTGGTCTGACTTTATAAGGTCAAAACTAGATTCGGGATAAGATGAGCAGTTTCTAGCTCTCTATCGTCCCCAGTGTCTAAAGACAGTAACGGCGCTTATCCAGTTTCAGTACCTGCTGCGGAAATGACGGAATGTCAGAGTACGCAAGCTTTTGGAGGAACCCACAGGTCGTTGAGTAACCCTCACGGTAGTCGTCTGGGTGACGGAAGGAACCCACTTGTGTATACTCACAAGGGTTCATAAGCAGAGCTTCAGCCGCCCCGGGTGACCGTTGGCCCCTGTAAGCCTATCACGATGGGTTGCGTATACGAACTGCCTCATAAGATGATTGGGCAGGGGTCTAGAGCCCGCGCCAGGAAAACTTTAGCGGTAGCTTGTCTTGGTAGGATCATTGGCGCTGACCACGTCTACTGAATTTGAACTGGCACACGACCCGCACATACGTTCATCTCGCGCATAGATGTGACTGGGCATTGGTTCGTGTTCAGAATGTGGAGCAACGCACAGTTTACGTGGTACTCCAAGATAGTCCTAAATGTGGCTCCGGATAAAAGGCTGGGCCAACAACGGCGTCCCAACCGAGGGTTCTGACTGCGCGTTGAGAGTACCAGAATATTGACTGGCCAACAAGGGACCGATTGGAAGGTTAATCGAGAAGGTTAATCGCTTTCGTTCCTCCTATG,1717,50.38,Arabidopsis thaliana
SEQ_809760,GTAGGCATATTCTTACTCCCCTTGGCAACGCACATTTGGACACGCATCAATAAAGCTCAGTGTAGCCTGTTCCGGTGACCTGCGGGCACCGCAGGGGGGTCACACTGTGACGTCCTCTAAACAGGGCGGGTATTTAGACCACAAGGGGCTCCGCTAGAACGAATCTGCCCAGATTAGAGGGCGGTTGCAACTTCCACGGCTCTCCGGTAAACGACACACCTGCATGATCCCAGCATCGAACTATCTAATATTCATGCGTGATGTAGTGGGTACTATGTTGGGGGAAATCACTATCATAATTTACGCTGCATGAACTAGATGTGCTATTGCCGCCATGCGGTTATTGATGCAAGCACAATATAGCTTGGAAAACCACGCCGTCTGTGTTGATATCTATTACACGCAGTTTATGGCAGAGCACATAGAGAGTCCCTCACTCTATGGCCCTACACAACGGCATTGTATGACACGTGGCGGTGCAGCACAGAGAAATGCTGTGAAGCCTCCTCCGATAGGCGCTTTATGTCCACATAAGACCTATGTCGTGGCTTCAAGTGCGACGACATGTCGCCCCTTATGTTCCAAACATCTCAGAAGTGGATACCTGAACCTCCATCGCGATCAGATCATAGGGAACAGGTGGAGTAAAACCGATACGTTCGTCTTCCTAAGAGTAGATAGTGTCGTGTCTAAACGTTATCTCCGGCTTCAATATGAGCGGATTGAGACGCGACAGCAATACTGTGAGACATCGGTATCCCTCTGGAGGTGGAGGGGGATAAAATTCT,788,49.62,Arabidopsis thaliana
SEQ_229264,TAGGTGCCACTAGCAGTTGTGCTTTCCCCATACCGCACCCCGATCTAGAGAACCGTAAGACTATCAAATTGCGGAATTATATGCATATGGACCTACTCGAAGGTGAACATTTATACACTGGATGCGTTGAATATCTGACCCTGACCAAGATTGACACCAGTCTTCATCAATTAATGCGACCGCAAGGAGGGTCCTTAGAGGCGGCATAGCAGGGACCTAGGTCTGAGCTAGACTAGAGTTTCAGAATTGTACATTTTAGGTTTAGTTGTTGTTCAAGCACCCCAGGAAATATGATGCGAGGAACGCTCCGAAATAGCTAACAGACACATAGGGTGACATACGGCACAATACTTTAGATGATCTCGACGTCGTAAGATCGGTGTATGTTCGGCAAGAACGGGGAAAAAATTTTTAAGGGACGAAATGCCCCTATTCCAGCAATCTATCCTCTGGGTTACATTCATAGGACGGACCGGTGACATTTCTGCGGCGCCTTTCAGCCTTTCCTGTTATTTTTAAACCCCAATGAGCGTTCACGCTCCCGGGAATGCACAATTAAGAGAAATACGTATCGCTAGGATTCCTGCCGGGAGTAAAAAACACGGTACTTGAATGTGTCGTCCATGAAGGACGCCATCCGCTATGGTATCTAATCAAACCCCTGACCTCTGGATGCAAAATAAGTCCGGCCCGTGTGTAATCTGCGGTATCTCATTATAGGCACCCCACCAGTAAAAGAACGGCCTTTCCAGCTGGCGCGAACCCACACGGACTTGTGAGCGTATAGTCACTATTCATAGTGCGCTAATGGACGACTCATTTTGCCCGATGTCACGAGACTAGCTTCCCGAATGTTGAGGCGTCCCAGCAGAGGCTAAACCGACGGACGGATGTTGATCCCGGCAATTGAACTGTGCCTCGACAGAATAGAGAGCGCGACTAACATGTCTCGATGCGAATGGGGTTCTTCTACCGTACCCAAGGAATAACCTAGATAAGCCATGAGCCGGGCCCAGTAATCCTTCGCAGGAATTAATTCAAAGTTCACGCTGGGGAGGCCTAAACCGCGGATGCCAGGGAATACAGGCTCCGTCACGCTTCGCAGTGGATCCTGCGGCGGTGTAATTTCTAAATGTGTTA,1140,48.68,Arabidopsis thaliana
SEQ_162436,AACAGGGCAGGCGGTATCGCCCACCTGGTTCTCGTTAGGCTCCGGACAATGTTGGTCTACCCCCAACGATAGGATCGCATTAAGATTAGTGACGATGCTTAAGCGTGTTAGTGTCTTGGTACGTTACCAATAAGCGTGAAAGCATGCCGGTAACTATGACTGCGTTGACACTAGATGTAAACCTATGTCCGGCTACGTTCCACAGTAACGTCCTCGCGCTGCCGGCATGTTTGTGCCGATCCTTGCCTTACCCGGTGGACTATTGGGGATACCGGTTCGTCTAAACCTGCGTTTGAGAACCTGCGTAGACTTATAACCAAGCCTTCATCGCAGGCGAGTCTACGTTCGAATGCTTTTCTAAGCCCGGTGAATTACTCGGCGGGGGGTGGAATAGGACGTCTAACCCTGGAAAAAGGGGTCGGGATAAGTAAGATTTCATGATATGTTGTCGATTACTTTAACTGTACGTAATCTAGAGACGGCGGACCGAGGGCTCTAGCCACCTTATACG,511,50.49,Caenorhabditis elegans
SEQ_839680,TGCTTCTAGAAAGCATTGGGAGCCGACGACTGTTACATAGGACCGAAACCCTTAAGAAATAGCACTTAATCCTGGTTCCGCTCACCTTGGCCGAAGTTTGTCTAAATTGTCGGCGTGATGCAACAGCACCACACTGGGGTCTCCTGGGGGGGTACTCGCTGTATCTTAAGTAGCGCCGAGACCGAATCTATGCTCTGGACTGAGTCTCACATTGTGTCCAAAGGTAGTGCACCGATCCCAAAGATACCACCCAGCAACGCAGGTAAGCGTACTGCACGCGCCGTCGAGATTCTAGATAGACCTGTATCGCTCATAAGCCGGGTCTATACTTCAAGGCCATAAGCCGATTCGGTAGTGAATAACAACTCGGGTCATCTGCTGTGAGATCATCGAGATTGGACGAAGCTTATTAATCTGACAAAGAGGTCCAGCGTAGAGGAAAATTCAGTTTAAATCCTGTCCGTTACTTGTAGTTTGGAATCTAGATGCCTTTGCCTGGGCGACTTATACAACCGAACCGTGGTTACACACAGTCGGTCCGTGCTCACGAGTTTCTCCAAGCCTCTCAAGAGATACAGCGGGACGTTTACTACCCCTCATGCAACTATGAGGGACACCTACTCTCACCGCCCGCACCCAGAACTGCGAATCATGTTATCTTTTTAAATACCCGTGCTGAATCTACTCCGATGCCTTGCCTCCATATACTGTGTACAGTTAAACGTGGACACCAAATCAGATGCCAGCTTCTTCTTGCAGGGTGCATGAGTATGACGCTGAATATAAGTGAGGATCCAATCGCTCTCATTCGAAAGATATTAGCTCGGCACTCTAACTTGTACTGAATGGACAAAGTGCCCCATAAGGACGCGGAGGACTTCCGTGTCTTATAACTAGTCTCTAAAGCGGACTGTCGTACATCCTGAATGATAGTGCAGTTGAGGTACGAA,950,48.42,Caenorhabditis elegans
SEQ_878679,CCCCATCTTGCCATTGCAAAAGACATTAAAACTATAGCCCTATCGTCGGGTTGTGCTATGTCTTGGTTCCACTTCATAGGGACTCAGGAGGGCACTTGCCTACTCATAAAGTTTCCGCGAAACACAGGTACTCTTGTCATTTAATCGTGTTTCCCCTGCGAAATGGGCCGGGTAACGGGCTGTTCTGCGTTCCTGTCTTGTCTAGGAAAACCCCGCCATATTATTTAACGCGAACACTGAAGGTGGATATCGGACCTTGGTATCACTTAGCAGGTCAGATGGTTTACGGCACACAAGAGGCGCTTATCCAGTAAATACCCTAAGCCGTCTCAGCTTGACCCCAATATGTAACATGATAACAATAAAGTCGGGTTGTGTAACTATACGGCGGTAATACGAGACTACTTACATATCACTACATGCTCTGGCAATTAAGAATCACGGCTATTCCCAGTTCTCCGAGCATATCATCAAGAGTCCTTTGATCTGAAATCACCCGCGGCGATCGCGATGGTGACGATAGTGGCCATAGCTACTTCGTTTATGTGTCTCTCAGTCGGTACTTTTGCTGGTGCCGCATCCGAACAAGAAAGCTACGAGGATGGGACCCGCTTGGGGGCGAGCCTAAAGGGGCGACGCCTCGGATTGGCCCGAATCAAGGGTACCCATTTTGGAGAAAGGCAGACCGATCTCATCAGACGGCGCGGACGAGATATAGCACATCTAATTTTGCGACTGAACGTTCTTACCCTGTTGAACAGTGGCGGACATTTAATCATTGCATGGCGGTGGACGTTGCTCTAGAAGCCTGCCACTCAGAACAGGGGTTTAAATCCGCCAATTGATCCTAGAGAAACGTAAAGAGGCGCCCTGGTGATTGGCCCGCGCCGAAGGAGCGTCTATCCGATCTTCAGATGATTGTGCTACATCGTTAGAACACTCGATCCCAGCCTATCTAGGTAACCGAAGGTGCCTTCGGGCTAATTGAAGCTTGGAGCGTTTATCCAGCTGACAGTTCCGGCTATAACTAAGCAAGCACTATTTGTAGAAGCGGACCCTCGTATATTCAGTGTTCCGGTGGGGAACTGGACAGTACAATAGAGCCTTAAATCCCCATAACTAACCGATGTATGATGACACCTATTCCGTAGGAGCCCTGGAAAGTGGTGTGACCCCCTCGAGGAGACTAACGTAGTCTTGAGCCTAGCTCATAGGTAATACTCGTATTCTGCGTTCCCGCGACAATTATTTTTACGAAGGGAAATAGAACCGATCACATTAGTTCTTCATAGGCCTCAGGCCTGATAAGACTTGTAGGCCATGGGTATGACCATAATGCACGTCTGCGGATTGACCCGCACCCGGGGCGCCCAGCGCCTCACGGCTCAGGGTGGAGTCATATGTTTAAAAATATCCACATATCAGGTTCAGGGTGTATTCTCGTCAACACTCTAATGACACGACACATGGGAAATTCACGTAGTTTGCGGAACAGTTGCGGGACCACCAATCGCCGCGAGACATCCGTATCAACTGGTATTGCGCGTTGACCGATTATGTATGTGTATAGGTCCAATGCGATCACTGATTCAGTTGCAGAATGTTCGTGGATGAGCTTGACTGCTCCGCAATAAATCGTCCATAGGGGAAGTTATTATGTAAAAGCTACGAGGGTGCAGTACCGATGTAGCGAGCTGCCTAAGCCTCGAGAGAGTGGATGGCGGCGCCCAAT,1732,49.31,Arabidopsis thaliana
SEQ_909209,AGGGGGGTCTGGAAAAATATTTCAGCGTCCTTATCCTGCTGGAAAGCTGGCATGTAATCATAGGAGGCGTACATTTCCCTCTTTGAGCATCTGCTCAGCCGGTGAGACGTACTGCAATAAGCCCGTAGCCTAGATGGCGGCGGCCTGACTGCTAGAGTTGACGATTTTATCTGAAAGAATCGTCCGCGTCCGTGACCCTACATGACGTCAGTCTACCGACCCCGGATCGAATTGTCCCAACGATGTGATACACGGATGGATGATTGACCCCTGCCCAGATCATCAGCATTTTGAGCCGGGGTGAACGGCGTGAGTCACCCCCGCTGGGAATATGTCTCATGTTACATTGAACCT,354,52.26,Caenorhabditis elegans
SEQ_690009,TGTCGGCTGAGCGTTAAGTTTGGCCACACCACGACTTATGTAGATGTGGGCACAAGGTAGGCAACCGTGGCGTTGATGCCTGCGCAAACCGCAGATATATCGACAGTCATCAAGGGGAAGGCTTGGACCAGGTTATGGGGATGAGGCATCGACGCAGCCTTGAGGCCATGACCGGCACAGGTGGGAGAGGCTCTTAGCGTAACACTCCTGGGATGTCGACGATATTCCCGATGGAGGGAGATGAATAGCCTGAGTATAATCGGCCAATCGGGCGCCGGGCGACTTGTCGAAGCGCGCCCAGTTGTTCGTCCTCTTTACGCTACCGCAAGCGTAGGTGTCAGGCCTAACGTTTCATTTGGAGTAACAAATTCACTATAAATAGCATCGATCGAATAACGAGATAGACTTTGCGATCCGCTACGAAGTCGCTATCTTAGTGATCGCCTCTGATGAATTAAGTCTCGGTAACATTAAAGCCTAGCGCGTGAATGGACCGACTTAAGAACCGATACGTCAGTTGTATGGCGTAGCGACGATAATTCGTGAAACCTCCGACCTAGAATACTAAATGAACCTAGTAATCGAAGGACAAAGGGACAGTCATAGAGAACAATCCAGGATTCACGGGGGGTCCAGTCTGACATGAGGAGCTACCGAAGAAGCCGTGTAAGTATCAACCGTAGAGCGCGCGAGTGTTTAACGTGATGTAGTCTCCGAGAGTGTTGACATTGCGATGACCGGCGTTATCAAAATACACATCATGGCGTCCGCCCTAGCGGCAGTCCCGGAAAGCCGCTATCCTTCGCACTGCATTAGACCCCCGGAATGCGCACGTGGTTATTGGTTGATACACACGCGCGGTCAA,865,51.56,Caenorhabditis elegans
SEQ_283770,CCGAAACTAGAACCCAGTCCCTTCCGTCTTAATTTGGGAGCGAGTTAGAGGCCCGACACTTCGCCATGTAGCTTTACGATCAAGCTCGATGCGATATACCTACGGTGCTAAAAGGGGTCACCTGTAACGACTATGCACCTAGTTTGGAATCTGGGCGCATTGAAGAGGGACCTACTGCTGGACTCTTCTGGGTCCTCTTTAGACTCCGGCCTCGTCTCTTGTTTAATGTACGAGAGCTACTTTCGGGCTATTACCCCACCCGCGTAATAGCCTGCCAATTATCCATCTGCTAGCCTTCCTCGTGTGAGGTGTGTGTCATACATGAGAGCTTTATGTGCCCCAACCAAACTCCGACGAGCGCTCGTACAGTCGTTGCGCTATTCGGCGAAGACACATTTCATACAGCGACGCGGTTCATGTCGCCGATGTCTCCATGCGGCTTAGCCCATCGTTTCAAGTTCAACTCCAGGGGTCCACGCAAAGTGATGTAGTAAAGGATGATCGGTGTTATCCCCCAAGCGTCTCGTGATAATACGCGTACTAGCTTGCTGTGGATTTTCCGCAAAGGTACACGCGACATAATTTAACAACCGTAAAGCAGTAGACAGACCAGGTTCCATATTGGTACAATATCTATGTGGTGAATCGCCAACAGCTGACGAGTACAGAGGCCATATGAAGCACCAGACGTACTTGGCGTGTGCTGAGTACATTCACTTGCTCT,724,50.14,Drosophila melanogaster
SEQ_145389,CGTGTCCGAAGCTGCTAAACAATGAGAGCGCGAGTCTGCGGACACAATTACAAAGCGATCAGTTCCGTTACTCATAAATCCTCGACATGCACCCTCTTCACTGGCAAACGTACGACGTAGAAATTAGGCAGCCTAGTCAATCGGAAGACTCACTCAGTGGCCTTCGCCCACTTCCATTAAAGCCTTTATGATGATGCCGCTCACGGATCCTTATTTGCCCCGCCGTAAACTCCCACCGCTAGCAGTATCGGCGAGGACACCAAATGTTCAGAAACCGCATGACCGAAGACGATGTCACGTGGAAATGCTTACGCAAGTTGTCGTGTAGTCGAACGGCTTCGTA,343,50.73,Caenorhabditis elegans
SEQ_328242,AGTAGAGCGCTCTCGGTCGCGCTGCCCAAGCACAGTTTGCGCAACCTTGTGTGAGATCAAATCAGCGAGACTTTACTAACAGAATGAAGGGATTAGGTCCCTTGGACAGTCCCCAATGATACCGCAAGTCAGCCGGCAATGCCTGATGCGACGCCTCTACTAACGTGGTATTAATGTCTCTATAGTCGGCACCCAATTTTGTTCTCAGACACAACGTATTAATCTATGGAGTTCGCCGACAGACCGAGTATTTGCTCGAGGTTATCGTTATGGACGCAGAGGTGTCAGCGGCTAGGGTTGGAGTTTGTGGAGCTGGGGCACTCTGGCTCATGGGATTACAGAGATAACCATCTTAGCACATTCCCGGTTCAGGCACCGCGGTCAGGCATTCGG,393,51.65,Caenorhabditis elegans
SEQ_509312,GGGGTGCCGCTAGGCCTGCCGAATGGCGCCTGTGGCGACTATATTCAGACATTCATGGTGGGGATGCCCGGCCTCGGCGGACTCACGGGTTTCCTTCGATGTTACAGCATTGCACCCCTGAGAGTCGAATTATTAGATCTAAGCGATCAAAGGCACGCAAGTAGCCAGGGGGCAGGCCACATGCTACTATCGAAGCATGTTCGCCGGCGGGGGCCGCTCTCCCTACCCACCATATCATATAAACAGTTAACAGTAAACCCCGCATACTACTATGGTGTATAGGTATTAACCGAAAACCCATCACGGGCGGTTCTATAGTGATTAGACGGGAAACATGTGACCCAAGTCGGGGGTCCGAGTCACGACAAATATATCGTACTCGGAGCATTGCTCGACAGGGGACAGCCATTCTGCTTAGTTTCCTTCAAACCAAACTCGAATCGCGCTTTAGTGTGCGGAGAACACGGATAGCCACAGTCCGTACGGTAAGTCTTGAACATGGAGTTCGGGATGTTAAAGGCCCACATTGAATACCCTAGAATGATGGAGACCCGAAATTGTCCAGAGGGTGGGACAACCATGGAGTTAGTCTTGCGCTGACTTTCAAACAATGAAGGACCAGAAAATCTCTACCTGCGCTCTTGCTGCTTCTATACAGATTGAAGAGGCTTTGAAATAGGCGAGAAGCGACCCATTCCCATGCGACGGAAGGTAGATAATTTGATCCTCGACCAATTATATTCAAAGCGGTTCATCACGCATGGTTCAATATATGAAAGACCGGCTGCCTTCTGACAGGCTCCATTGTAGAATGGACTCCTAGCTTTTGACTACTTGTGTACGATACCCTAAGATGTCATCTTAACGGGTATAGTAGGCGCCCGCGCGGTAGAAAATGACCGGACTACGTTGGTTGTCGTCCAGAGCCAAAGCGGACCGACGAAACGAGTTTGATCGTGACGCTAACTCGTTAATTCGCATAGTCGTGCTGTGGAGCAAACTGCGCGTTAGACACAACATCGATAATAGAAAGAAAACAGCTTCCCTACGGACATATGTACATGATGCAATCAGATGCTTAGCTTGCAATGCTAAAGCGGCGATTGCCCCTCTCGTTGTAATGAGCCCCGAGCCTTTAGCGAGAAGTGAATGGACCTCCCTCGCGCCCCGACCTGGCACAGCATAATCGTGTTATTTTCGAACATTATAGTTTCGTGCTTCAGAGAAGGCGGGCTCACATCTTCATGATCATCGCTGGGC,1260,49.92,Saccharomyces cerevisiae
SEQ_698783,AGCATTGTCTGATATTTGGGGGTGCGTGGCCTCCACGTTCATAAATGCCACTCACACGACTCTCATGTCGGCAATTGCATAAGCTCCAGTAGAACCGGTGCCCCTCCAACCTGATCTAAAGCTCGCGAGCCCGGGTCTGGCGGTGTATAACTGGTTCGCCCAGCGACCCCAAATACCGGTTCACGTCGAGCTTGTTCCATTCTATGTGCGAGAAATAGTTTTCTTCAAGACGTCTAAGGAGCATGGCTTAGCCGAGTTATCCAAGATCTACACATCATCTCAGCTGCCTGGTGGCAGGTCCCGCGAACGCGTGCCGGACTGGCAAAGTGATCTCAGTCAAGACCTATCTGCGGCTAACGCCTGAACTCTTCAATTGTCGGAGTCCCCTTATATTAGGGTCAGGCTCTGATAATAAGGTCCAAAGCGTTAGGAAGTGCGAACTGGTAATATATACTGGAGAACACCGCTGGACCTTCACGCACTCGGCACGGTCGCAGAGGGCTAGAGAGCAGCGCAGGTATGTACTCACCCGGACCATATGCTACAGCCCTCCATACTCGCATAAGGAAAGCGAGGAGACGCGTCCGTCTGAGCGCATTTAACGGGCTGCCGTCCTAGCAGACTCCAGTCATGATGGTACATGGTTCAACGCCCTTATAGTCCACTGAGAGGCTTGGGAGCGTACCAATAGGGATGGGGCTCCGATGGTCGTAAACAATCTCGCATAGATAAGACAAATTCGAAGAGTGAGCGAGTTGCGAGAGATACAGCAAGCTCTTGCTAATACGCCTCTGTCCCGCTGTACATTAGAGACCCACACCCACCTCTAGATTTTCATCCCGGGAGAAACCCACGCGAAGATACGCAATCTAGGAATGATTTACTTCGGACCACGTGCGTGGTGGAGTTTGGGTGAATCCGCGACCATTGCACCGGCCCTCACGCGGTCAAAAGTTCGATTACGGGGCCAGTAGTAGGAGGAACGGTGGCGTTGCGGGTATTCAGCAGATGTGGAAGCAGGACCCGTATTGGCGAGATGAGTGGGCGCCCGACGTCGCCCGCAGGGGTTAATAGACCCGGGCGCTGCTTGTCCCGGACTGCGCTGACTGCTCCTTTATGTGAGTCAGGACTTGAGAGCTGATAGAATAGAGTTCAGATCTTCTATCGCTTTTGCGTCAAAGCGAAAGAACGAAGTACTTAGTGCGCAGTTTGGGCCCCACGAATGTCAGAACCGACATCACCATTTTGTTAACGGGCAAAGAAGCCCGAACGGGGGATAAAGAA,1284,53.19,Drosophila melanogaster
SEQ_824265,CCCCTGTGCTCCAGGCATTAAATTGTCGATCCCTCGGTGTCTTGTGGACAGCATGCAGGGTCCCTATGTACTTCAGCTGGCCAATTCAACGATTTTAGTCTGGCGTAGACGGAGCGGACAGTTTGCGCGTTGTCAGTGCCTAACCTAAGTACATTTCAAAGATACTGCCGTTAATAACTTTGGGATCCTGATATACGCGATTATTCCTGGCAGTGGTTATGCGAATACCTAATTAACAACGTCGGTACTGCGTGCGGAGTGTTCACATCTATCGGGGCGGCGGGGGTACGATCTCGTAGTCTAACACGCTGTAAATAGAAACTAGCTTCGCCCAAAGCTGTACCAATTCCCACTGATTTCAAATCCTTTTTTCCGTTCTGATCATCTTCTTCAGAGACTCGACGCGTGAAGAAACCAAGTTCAATAACCGCAAAGACTTCACTACTCTTGTGGAGTT,457,47.26,Drosophila melanogaster
SEQ_944207,TACAATCTTAGAGCAGAACTTCGTCGATAATGCGCATAGGTAGACGTTTTCCTTGTGTTCGAACGGATTGCCGCCGCATGGGTACGGTCGCTGCATCAGGTACGGAAACTTACCGATCAGATCCACTAGACGTGGCGGAGGACATATGGGTAAGAAGATGTTTCTCAGGGAGCAGTCTTCACCAGTTCGTACAACGGTTCGGGCTTGCACACCTTCGATTGCACATATCTGTGGATCCTGGCTGTTCCGAGCTCCTATGTCAGAGGGTGCAGCACGGAGTCGGGGGTGAAGTGTAGTAGTAGATTGTGAAATATCTGGGAAGCATATATCACGTCCATCTGAAGCCCCAGATCTCCCCCACCGATCATTAAATACATCTAAATTGGAAAACCCCATTAGATCTATAGGTCGGTACGATATCCCCGTAGCATTGATCTGGTCCCGAAGAAATAATTTTAGTGTTTTCATAGGGGTGCCAGTAGTCGATGGGGTTCTTAAACAACACTGGCATACCGAATCGCG,522,48.47,Caenorhabditis elegans
SEQ_258264,CCCTTCACGAGGGCGACTTGCAAATCTGTTTCCGCTTGCCGCCCTATGAGGGTAAGCACTTTGTCGATATCGGCGAGCCTAACCTGATCCTATCACTCAGAGCGACTGGCCGACACTAGAGGAAGGGGGTTAATGTTACCCAGTCGCCTTGACTAGAGTACAACGCCAGGTTTGTACGATTCAGCGATACTTGCGGCAGGGGCAGGACGATCAA,214,54.21,Saccharomyces cerevisiae
SEQ_629038,CGTGGCATCAATGGTTCAGGTATCGAAGTATCCAGACAGAGTTGGGAACGACGATATTAAGTCTAGCTAGAAAAGGATTGTATTTAGGATATGACGATCTCAGCAGCAGGAATTGCAAGAGGGAGCGATGAAGAATCCTAAGAGAACAGCACCTCGGGCGTCTCTCAAATAGGACACTTAGAAGCACTGATACTCCTGAACGCCCTGATCTGATTCATAAGTCTTGTCCTAGATGGGTGA,240,45.42,Homo sapiens
SEQ_464290,TGGGGGGTGGGTGTTGTGTGACTCCCCGACTTATACGTTTACTATCAATTACGAGAGGAGATTTGTGTTGGAATCAAGGAATTTTGGTCCTGGTCACGAGCGGAAACTCATCCCTAGTAAAGTTCAAACTCATACTTATTACATCAACTAATAGTATCGGAATCCAGGTACTACAGATACGATGATGGCTACTTACCATAGAGTCAGCTAAACCCCGTAATAAATTTAGCTAGATTACATATAATCGAAATGACACGGTGTGGCCCGGGACTATGATACGTTCCGCGTACTTTAGTTAACGGTCTGAATGCTAGTCGCAAGGCCGCTTCAGAATCCTGATTAGCGGGCACGACGGCACGCATGGTACCGCTTGCAGGCGCGTAACGGCCCATAGCCGATGCCAGTCGCCCTGCTCGCGTTCCGACGGGTTGATACTCGACGTATTTGGCGCGGTGATCTTACGCCGGACGTCTCTTCCGGTCCAGGGTCCGTCAGCTAGTTAAGTGTGGCGTTTGAACATATCCTGCCCTTCTCAGAACTATCACAGAATGTCGATATCAACAACGCGTAGCCATCAACCCACGATATTCTAAGGCGGGTTACTCCTTGA,610,49.02,Escherichia coli
SEQ_818578,ATGGTGGGAGCATATAGGAGGTCAGTTAGTGCCAAACCTTGGCGGCTGCCAAGAACGTTACGGGGATCCACATATCAGACTTCGTAGACAACGCGTCACGTGTGTCTTGGTGGTATGAGGAGAGCAGCGACGGAACAATCTCTCGAAGCATTACCTAGCTGGGTTGGGCTAGCCCAATAAGAGGTCAGCATTCGTTTAAAACGGATAGAGGTTAGAAGCAGTTCGACGGCTAGACCCTGTCCGTGATGTAGGTATGAGGTTAAGTGGTGAGGTACCTCTGTGCGTCAAGTCGCGAGAATTTTGCAGATGGAGCGCGCTATAGCTCAATTACAGTATGGCTATTGGGGAGCGAGAAATCCAATCATATGAAGCGAGTCTGCCGTAATGAACATGATCCTTTGGAGTATCCGGTGTGATACTGACGCAGACAATTCATACGTGTAGAGGCGTTAATTCCAATGGGCATGCCTTGCGTCCGTGTCCGTTTCTCGTTCTGTCCCCGCGGCAACGCCTGTTGCGTGATATCAACGAGAAGATGGTGGAAGGACGAGATCGGAGCCGTGTGTACATTGATTTGAATAATCAAGCGCGCTGCATGCTCTGGTCTAGAACGATATCCTATTGTCAAATGTGACACAGGCTTCCGAGCGGAAATCGCGTCGGAGGAAGTGTTCCATGCTATTAACATTTCAGCTGTATCTGACCGTAAGGCTTAGTGCTGGAATAAGTTCGGCTGACCGAGGCGCCTAACGCAAGAGAGCGCATATTGTCTGGCCTGCTGCGCGTTGTTAGAAGTGCCCGGGGTAGCGTGGTGATTGAAGTATATAGCTGCCTTACCCTCAGACAACCAGAATTACAACATATGGCTCAGACGGCCTCGTCTGTTACTACTAGCAAGCTCCACCACAGCGTCAAGCCATGTGTCGTCATAGGAAATCAGGGAGCGAACTGGAGACTTGTTTCTATACTTCTTCCCTCAGAAATATTTAGTCAGTACACTGGTCAGAAGTCAGACAGAGCTGACTGTTAATGCTGAATGTACTGAGTACGCACATCCCAATCCGGACACGATGGGCAAACGTGCGCTTTATGACTTGCCTAAATACCCTGGAGGACACTTTACATCCGTGGTATATTGTTCACCCTGT,1148,49.48,Escherichia coli
SEQ_193900,GTAGGAGTGAGCGTGTATTACCCCTCTTGTTTCAATTATGCCGTCATACTTACACCTATGGAAAAGCAGTACCGACTCGACTCCCGTTGCCGGTATCCCGCTTAGAGCCCTTTCTACTCAAACATCCAGCTGCATATCTTTCGCCAGTACAGCAAATCTATACGTCCTCCGCAGTGCCTTACAAAGTGCTATACGACGCAATTCACACACAGACGTAATATCGGTGTGTATGCTGTCGATGGGGAAATTATGTAGTATGTCCACGGACGGTGATGGTTGAACGATAGCAGCGCTTTCGGACCCCTGTATCTTGTTCAATTAATCACAGAACACGTTGCGGTAAGAATGAGAAACCTGTACAGGCTCGGAAATCCACCGTTAACATTGCATTTAGACCCTATCTCGAATTGCTACCTTAGCGAGGGAGCTCTTATCTACTCGGGTAGATAGTGCTGCTAC,459,47.06,Drosophila melanogaster
SEQ_772365,GCGAGAAACCAAGTATAGATTTACACTATTTTGCTAAGGTCAGCAGTGTGTCTCGATAGATGTACGTTCTAACAGAGCGGCAAAAAAGGCGGTAAAAATGAAACACAATGCCGAGAGATTTGGGACGATTAATACCTATACAAGTTGATTAACAAAGCCGGCTTGCCCCTGCGAGGCTAATGGCCGGCTGCTAAATGCCTGTATCATAGGCGTTTTGACCCAGGTTCTCCTCCAAAGTCTCACACTTTTTCTCGAATTGTTCCGCAACGAGGAGGCAGCCAATGATGGCTTTAATCAGTTGCAGACGACAAATTTAAACCCCCACCCCCCACTTCAGCTTTAATTAGACCGCGTAGACGTTTAGGCCAGAGGGTCAGCCGTGCGTCCGGCTTCGGGGGCGTTGAAACAATGTATCCAGGCAGACTGCTCAAAACCCGGACACCTTGAATAACCAATGGCACCGTGGTCAGTCGTCTTTATCAATGAATTCGTGTGATTACGACTAAGGAAGTGAGCGGTTCCTTGCTCTTGGTATTAGCGGAGGACTGGCCATTGACTCACAATCCACCCATGCGAATTCCCATGAAGTTGAGCGGTCCAGTTTGCTACCTGACTCCATTGTCCTCTCAGTCGCATACAAAGTTTAGTGGTGGCAAACACACTAGTTCTGACTGCCACCGAAGAGTGAAGGTAGTGACCGGTGGGGAAGTTATTGTACGTCAAGTTCTGAGCAGTTCTCCCGCGATCTGGGTGAGTTTCTCCAACATGGGTTTACTAAGGAGAAACCTTTTCTGCTGTCAGTATAGGCCGCGGTGCCCCCGAAAAGCTATGTAAGAGTGTATTCTTTTGGTCATAACATAATTTATGCCAACCCTAGATCCCTTCAAGCATGGACACTTTCGAATGGAGGGTGCCACCTGATTAAGTAAAACCTCT,936,47.76,Homo sapiens
SEQ_501008,CCTTTGCGCGTCCCAGATCGCTCCACGCTTCGCGCATGGGGTGTCAGTTGTGCGTCTCACTAGGGAACTAGGCCTTCACCCATGGAATAATAAGTTCGATGGCCGTCCAAAGTAACGACAAGCACATGGCTGATCGCTCATTTGTAAATCTAGAGGCTGGCAACGGTCTCTTGTCGGAGTTCTCTGTCTCTATTGGCCTGTCTTACGAGTGTCTGAAGGCATGGCTTACTTCTGGCCAGGGCCGGAATACTAGTTCCTCCCGTCAGTATGCTCGCAGTGCTAGGCCGAGAATTGGGGTAAGGAGGTTCTATAGGAACAATCGTGGTGGAAAGAGGCTAACAGATACCGAAAGCTTGTCTGGTGTCTTTTGTGTTTATGATGGTACGGAGAATAGCGTGATAGAGGTGGTTTTTCGAGTGTATATGCACGTTCTTCGTCCATGAACTAACCGCAAAAGCCCATGCGGTATTGGATTTCTCGAGTAGTTGAGCATTTGTCAAGAGAATATCGCCTCAAGCGATACAGTTTTGGCTCGTCGTCGCGTA,545,49.72,Saccharomyces cerevisiae
SEQ_599254,CTGCTGTCCGGTTCAACAGGGTGCTCGAAGAGCTCCAAGAGTTGCACCGTTTCTGTTCTCCACGAGACGCTATAACGTGTCGTACTAAGTCTAATTTGGGCCCTGACGAGCAAGCTAAGAGTCGAGTAAGCCTATCCGTGGTCTTGTGTAGTCCCCGGTACAGGCGTCTTAGGACAAGACGCATCGGAACAAGAGGTGACTCTATGCTTAGTCGTCTATAGGGGGATGTGAGTTAAAGAATATAGAGTTTCTGGTAGTAGGAAGTTAGCCACGTGTCCCGGGGACTTAATACACTTTCAAGAACTTACGCGACGCTTACGAACTGTCACATAGCAGGCGGTGGTACGCGTAAACGGGCCCGACCAGTCCCTTCGCCTAGTAGCCAGCGAGCTGTCGCTAGACCTTACGCTCTCGAGACATTGATGGCCCCAACTGTCGGTTTAATCTAACCGCCCGCGCTGGCAGAGACCTCCCACACGATACCGTGTTTTGACTAGGTTTGTTGGAGGGGCCTACGCAAGTTTACGGCTGCGAAACTGTAGGACCAGCTAAAACGCGGGTCTAGCCCAACGCTACGTCGCAGGTTTGTCGATAGCATGGCACAACGTCGTGATTGTGACCGCAACACAGCTAATGAGCACGGTCGGCTTGTGATAATACTCCCTTGCTTGTGCAAGTTCTCAAGGGTCCCACTCCACGGACGTGGGCATAGAAGACAATTGGAATTCCCCTGACAACTACTTTTTACTTCCATCAGTATGCACCGTTGACTGAACATAATTGCTAAGTTTGAGTCCCTCAGTATGTGGATGCAGCGTCTTAAATGAAACAGAGCCACGTTACGTGAGTGCCGTGGATAAATAAGTACGAGTATTGTTATCGCCAAACGGATCAAGTCCGAACCGCGATCCGTGTGTCAGCTGAACTCGAACTACAAGGGACAATGTCACCCTTTCGCGCACCCTTATATACGACAGGTGGTGATATTCCTCTGTTCAATATGGCTTTGCTCGTGCAGGTTCATCGCCTAGCGCGCGCGCGAGTGAATTGGTCGTTTTTGGTTGGTATCAGAAACTCAAGATAGAATCATAGGGTCTTTTAGCCTGCGAGTGCTTCTGCCGATATAGCCCAAGAACTTTTGACTCATTAGACCGGTAGCGGCCAAACGGGCCGAGCTGCTTATTCCTCGTCCACAAACAAACTTGGATGCAAAGGATAGGTTCATGAATAGCTCGCTTTTTGCACATCCTACGTTGCACCGCAATTTGATGGAGTGGGTACGGAAGTGAAAGTCCCGATTCAGCCTCCACGAGACTCTGCTCCACTCGATAAACGTGACACAGCCATAAGTCTCATTAGGCTATGTGAAGGATGGGATCCGATACGCGACAACTTGAGGCGTCGGTACGGGATCAGGCCGGCAAGGCGGTTGACACATAACTAGCACCCCTCCCGGACGGGTCAATAGATGAGTGCGTACGTAGTAAACCTTGTAAGAGGTGCGCCTGTCGTTTTCCCGGGTTTCTTTGCCGGCACCCAGATCAAGAACGTGCTCATGAGTGTCCTGACAAAACGATTGT,1580,50.89,Saccharomyces cerevisiae
SEQ_112380,AAACAGGGTCCGTTCCAAAGCGCGTGATTCTACATGCTCAGCACGTCTTTGATACCAGGGCTAGGGATTTAGTACTTTTAAAGTAACATCGGTTTTTCGTGACGGGCACTGAAAGGATTCCCCTCAGAGTGTGCCTTAGGGAATTCAGGGTGCCGTTTGAAGAATAATCCCTTTTTCGTCCCTCTAGGTAGCAAGATAATCGGTTTGGGGGGGTCCAAGCTGCCTTCCTACTGATTGTTTTGTGAGCCATGAGTAAACATGGAAATGCAGGGTAGCCTTACTTAAGAACGGCCGCTGCGGCATCTACTATCGCTTATGGGTATGTAGCATGGGCATGACACTGCCCACAAAGTGCGCTGGCTAGGCACATAGTCGGAATGGTCGTGTGGACGAACTCTTGTGGCTCCCATAAGTCCAAGCGATACAGGCGGTTTGGAATCCAAAATCCTACGGATACATACAGCAACTCAGTGTAGGCATTCAAAGCCCTTCCGACGTTCGCTGTTCGTAACACATAGAAGTAGCATGGCTGTTCATACCTAGAGGAGCGGAACAGCGAACTCTTTCTTGTTCCACCGTTTGAAACGCCCATGCTAAGCTACTTACGTGCAGGGGACCTCCTCTTCGTTAATCCTCAGGACCGACACGGCGCTACACCGTAACCCATGTTGTCCGGCAGCACCAAAGATCCATCCCGCCTCCTTTTATCAGGGTCGCGGGTTGGGGGAAAATACTTCCAGTGCCTGGGGTTGTCCGGTCATCGGACGGTCAAGCAATCATCCCTGCTCAAACTGCCAACACGGCAAACTGAAGCCATTAGACTACAGGAACCGAGAATGTCTCAGACTCACAGACACAATGTTGAAAATAGTCCTCTTGACTAGGCGTCTAACATTACCATTGGAAGAAGCCAACCCTCTTGAGGTTTGGCGATCTTCGAAAATGAACCTTGCGTTTAATGGACAAGTCAAAGTCACGGTCGCCTTGGTCCTATTCTTGATCCAATCCGCCTCGAGATCTGTCTAAAACACCTCGCTGGTGGATGCCCTTGCGTCTTGAGTGCGTATCTACAGCTATGGTACACAAAATTGGAACCATTCGCTCCAGTGATTTATTATTATGCATGGGGAGCAGGTACACGAAATTGCCCAACGCACAACCCTAACGTACCGGGAGTTAGCTGGGTCGTATTACGCTGGCTTTTTATATCCCTTTTCTACATTGGGGGCTCTTTCTGCGCAGTCGAACATCCCCATTGACCCACGTCCGATAACGATACTTCACCCAACGTATTTCTCTTCGGCAACGTCTCCCTATGGCTATGACCGTGGCTGTACGAGCACGGTGACGCTTCGGATCCGTGAATGTTCCCCTCGGTTCACTAGCAACCTCACCCTGTTTCTCGGCCGATTAATTCACTGGTATGGCTAAAGACGGGTGGCCTCACACTTTAAGAGCTAAACTAACAGTTCTGATCCAGACTGAAGGAATGACCGTCTGTGACCCGACACCCATGGGGTAAACTCGGCCGCAGTCAACAGAAGGCCACTTTGGCTCTGGTGCGTTTTAGTTTAGATTACTTAAGTGCAGCTAATGCAGTGACCATAGCCTGGCGTGTCAGGGGACTATTAAGAGCTTGTCCCGCGCTAGAGTATACAGGGTCCAGTCAATCGTATGTGACGCACATCCCCTTGAGGCCCTATGCGGTACA,1711,50.15,Arabidopsis thaliana
SEQ_728012,CTGGAAGATTCATACGTTGAAGAGAGTATGGTCAGCCGCCTATAAGTCGTTCAACACCGGATTCTGACCTTTCACCTACCCAACCAGTTTCTTCAACGAAACTTACGTGACTCCTCTCCATAACTGCACGCGTGGTACCGACCCAATGTGCACGATTCCTGGCTCCGGCCTCTCGTGGATCACGCACTGGATTTGTCGAGAGCAACGCTAAATAAGAACTAGTCGTATTTGGTGCCTACTCACCAATCCCAATATTTTAC,260,48.46,Drosophila melanogaster
SEQ_364132,CAACCCTTTGAGGCAGCAGAACGTGTACTTATCGCCTAACAAGAGGTGACGAGCCCGCAAGGCTGTCCGTAGAATTGATCTATGACATGTTTCAGGCGCACGGCATTCCAAGTTGGCAGTGCGGTACACGCATGCAAGGTTGTGAGATACGCCGGGTTCGGGCGAATACAGACGTATGGGAAAAATTTTGGAGGATGCCGGAACCTCGTCATGCTGTAGGGCTTTCGAGACGTACTTGTATACGCAGCGGCGCATTCGTGAAATCGAAAGACATCCCTGGGGAATGTCGCAACGACTGTGTGAGGGTGTCTCAACTGCACCACGAACGACGGCCTGTTCCTCCGATAGCCCGAATGGAGAGAGAACGTGTGTGACGTGCTTCAACCCCCCTGACTCTGTCCAGCGAAGAACATAATGACGCTTAGGCCGGGTGAGTGTGTGGGCATAGCGGACTTGTAGAAGCAGAGGTGAGTGGTCAGGAAGTTATTGGCACGACTCGTGTGACCCGGGTGAGCCTGAGGGTGAAATGAGCCGGGTCGCTGACATTATCTTGGAGTGGAGGCACCAGGCGGCATCCTGTCGGCCTGAATTCGCGGATCGTGCCATCATTTCCAGACACGTCGTAGGTAGTAATAGTAAAGTCATGGTCGTACATTCACACAAGCTCTAATGGGGTATCGTCCACGCTAGGCACATACGTTGGACGCTCCAGTTGCATAGGATACGGAACACTATATCGTTTCGACTCGGCTTCGTTACGTTTATGCATGAACCATTAATACCATGATGGACCAAATCTAGGATTCAGGCCGGCTG,816,52.82,Caenorhabditis elegans
SEQ_225823,CCAGGAACATATCCCGTTATCTGGGGGATCATTTACCTGTAAGGCTGTTAATAATTATTGAGAACGGTTAAGAATTTCACTAATGCGGTGGTTCAATGGCCATTGGGATGTGCGACTTCCAGCACTTTAAACTTAAAATTGGTCGCTGTTCATAACTGCAATTATAAGACGTGACTATAGGACTGACTCCCATTACAGATAAGTCGCAACAGCATGTTATTTCACGCAAATGGAAAGCACCACTAGGGCCTCTCTTTCCTTAGACGCAGTCGTAGTGATGCACATCCTCGACTTCCCCCGTTTGGGTGAAGA,312,43.91,Caenorhabditis elegans
SEQ_575941,GACCAATGCTGGCGAAAGATAGCAGCGCGTACAGCCTCCTGCCTATATCCATCCACTAATCATCTTTTTCAAACCTGCTACCCCATGCGTCTTGGTCCTCCCTACGTGTTACTACGCCTTGCCGGCAAATCTGCGCAAACGGAGGCAGCAACTAGCTCCCTGAGATCAATATACCGCCACTTGCACCTTTCATCTCTATCGATGGGTGATCACATTCGGCTCCACCCATACACGACCGGAGCGTCGGGGCTACATCTATCCGTACATACACAAATCGTGAGGAGCCATATAGCGCACTTTATGACTGGTTCAGCACGCTATAATACGAATGAAATCACATTTTTACGCTATGTGACATCTCAATGATTAATTATCGGGAATTTAAAGCGATCTACCCTATCGACTTTCATGTCAAGATGCAGCGTCGTCTGGCTAGTTGTGAACGTTGGAGCCTTCTACACTGAAAGGTCTCTTCCGATTAATCTGGGTAAGCTCGGTGGTTACGTTAGCCTTCGGTGCTACCAGCCTGAAAGGCGTCCGGCGGTAAACACATCTTCCGTATAAGTCAATCCAAACGGTACACCGAACTCGTAACACCACGATTAAAAGGATGGGGCGCCTCAACGTGATGAATGTAAACTGGTTCTGAGCTATTTAATAAAAATCACCCGTATTGTAGGGCAACGTGAGTCACAAGTCTGGCTCTCTCGGAGCCTAGAACTCATTTACCTGCCGCTGTCACTAATTCCCTACAAGCGGCGGAGGGCACTGTCCCATAGGTTAGCCTAATACCCCTAATAAGCCTAACCTTTAGTGTGTCACCGAAATTCGTGACCTGGCAGCATAACCTGTGTGGAGACTATAGAGCCGGGAGTCTAATGGATCGCCCGTTTGTCTAGGCAAACGCCCCTGAGAAAATCGTCAGTAGTTTGCAAGCGCGTGGACCTTAAAGTAACCCATCGACTGAAATTGCGAGACCTCTGGTCAACCTGAGCGGTGACACGTGGCGAACTGTCGTTGGGCGCTGGATTCCTAGGTGTCTGACGCCAACGGTACCATGGAAAGGAGGAGCCAGCCGTACCTGAGCTACCCAAAGCGGGCCTTGCATCGCCCTTCCTCATTGAGTTATTAAACCTGGTTACAGCGATAGACCAACCAGCGTGCGGATTGCAGCGTAACGACACGGCTACAATGACGGTAGAAGGCCAACGCCTGCTCCGGTCCCGTCGGCGACTAGCGAGAGGCCGAGTAGAGTCTCCGAAATCCACCCGCAAGGTAGACAGCGAACAGGATTTCGTAATTAAGTGACCCTTTACCACAGATGATTTCGGGAAATCCTATGATTTGATGCACGGCAGTGCTTACACTCATGGCGAAACGCATTGGTACAAACAGAAACATAGTGATCCACAAGTTACAAAGAACAATTAAACAAAGCGAGCTTCCGACTGTTGTTGGAAAAGTAATCTTCTAAGCCTCATCGCACAGGCTGGTCTGCGTAGCCCAACCGTAAGGGCGATGATCAAGCACCTTGGGCTGTGGTAAGGAGCCGAGAGTCGAAATCTTGATGTTATCGAGCTACAGTGGGACCCCTCGGCATGTACGTTTTTGTGCCAACTGGATGAATTAAAGGCACTTTAGTTTCAGCATCGTGTATTAGTACCCCGCGCCCAAGCTAAAGCTTTATAGCATCTCGAAATACCCATGACCCGAGTAGGGCACCTGCCTTCGAACCGCAAGATTTCCTAAGCGAGGCCGATGTTAGCTGTTCTTTCCTCACCAGACTCACTGGCCCCTTTCAGACTCCGCTTTGCTGCTCCGGCTTGCCGT,1830,50.22,Arabidopsis thaliana
SEQ_823499,CCTGTGAATGTGTCTGACGTAAGGAGTCATTATTTTCTCCTTCACGAAAAGAAACGAGGACTATATCAGCAACTACGTTAAGCCGAACCTGAACCAACTCCTTGGGACCGTCGGCATTCATTCCGTATCCCAAAGGAGTGGGCCCCATTGACATAACAAGGCATGTAGGCGTAAGGCCCACCGGTCAGGTGTGTCCAGGCTGCGATCAGGTCCCACACTACACGATAATCCCCTCGGGTCACTCTGGACTCCACAGAATTTTTCACCCTACAGGAAAAACAGGGAAACACACGATAGGCAAAAGTGGGTCCTCTGGATGGCGTGGCTTTAGGCTTGTACGTAGCAGTCCATAAGCGCGCGGTTTGGCGCATATCGCACACTTCCTGCCGCCCAGCACCGTGGTCCGTAGGAGTTGTCCCAAATGTACTATTACAAGCGCTACGAGGCCAGGCACCCAGCTCAGTACACACAGAAAGGTCTGTCAGGGTATCGGGTGCGGACCTAGTACAGCGTGTTGTTAAGGAGGTTATTCATTGGGAACATACTGGCCTGTAAACGACGACTCCAGTAGAATTCTTACTCAGAAGCCATCGGGAAGGACAGCGCGTTTTAGGAACGTCCTTATACGGCTTTGAAACACACATGATTTCCGCACGCTCGGCTGCCACCGGGTTGAGTGGAATGACGTGACCGGGGTAGTCGGAAGGCCCTGTGTCAACAATTGGCCCGGTTAGCCTGATTATCTTCCAGTTGAGGATCCCACGGGAAGGTGCGATGTTCTCGCGCCAGCTGTTAACCTGGCCCATAGCCGACGTTCTTATAGACGCATCAAGTGGTACGCGGCCGAAAACTCATCAAGCCTTCGTCTGGGAATGTTCACGGTGTAATGCCGTGGGTACTCGCATCATCGCATAGATAGCCTTATAGCTCAGAGAGAGTGCCATTGACAGGCGTATCGTGCAG,963,52.65,Escherichia coli
SEQ_623834,CCCTAAAGGTGTTGGGAGCTACCGATTCGGCCATAGCAATTTAAGTAACGGGAGTACCATATAGTAGGTCAGGCTATTGAACGAGGCACGAATGACCGTATGGTGCGCACCTTCGGATTTAATTCCGCCTATCAGCGGATACACACACATGACTTTTGGTCTGTCTGCGATCTACTACGCAGAGATAGCTTAAGCAGGCAATTGACGATCTTTACGTGAGTCACGGCCACCTTTCCGTACGCAAGCTTCTGAATCTGCTTGGGT,264,48.86,Mus musculus
SEQ_481945,GCATTAAAAGGGCCCCCAGGCTCCGCCACGTCCAATTGATGGGCTGTCTAACGAAGACAATGACAGATACTATACCC,77,51.95,Homo sapiens
SEQ_602887,CGCTCTGAGATACTACCAATCTGCATTATCTTAGTTATATCCCTAGGTGATCGAGGAAAGTGACCTGGACTTAGAGATGAAAGACCCGGTCTCTCGACCACGACGGCAACCTTAGGGGAGATTTAATTAACGCGGTTAGTATGAAGTCACTTTATAGCTGTAAGTCCGTAGTGAGCAGAAGCTAAGTCACAACGAAGGTGTCGGGCTCTAGTTTAGTGGCGGGTTCGGATAACGTTTGAATACTCCGGACAGCACGGATGGACCAACCAGTGTTTCCCCGGACCGCAGGATATTAGCACGTTTGATTTACTGACCGACGCGAGAATTGGCCCACCGCTAGGGCTATGAATTTCTCATTCTTTAGCTGCCCTCCCGAAGTCGAGGCTCGTTTAATGCGGTCTTGCCTGCTTTGCAACAAGTCAGTTGTCAAACTGCATAAGTGTGAACAGTTTACTATGCCTCAGGTATATGTGCGGGACATGACGTATTCGGGCCGAATGGCACTACTTAGGCCGAATAAGGTTGCCGGCGCTGAAGTAGATCTGGGCTGTATTGTTTACACTTAATTCCCGCAGCGCAATTAACAACTCCAGATCATCTCCATCATAGCCTGTGCGAATATCCCATGGCGCTGTGACCTACGAATCACCTTGTTACGAGGACGGGCA,668,48.95,Drosophila melanogaster
SEQ_118558,GATCCAAATTTTAAAGATGGTACGAAGACCTCCAAAAAATGTCTACACCTCTCCACAGACACCAGCGGATTGTACCGGAGCTAACTCGCTCATAGCTCGGCTTGAGGGACGTAACTGACATTGACTCATGGCGTAATTTTTATTGGATGGACGGCTGTAGAGCAACCCCAGCGCGATGGAACCCCCTCACACTCAGGCTCCGCAAGGTATTCGGCCGGATCGAGTGATTTTACAAAAGATGGCGTCAAACTTCAACCGTCTTTCGGATTTTTTTGACTAGACTCAAAGTGGTAAGGACGTAATCGGGCCGATGTTTCTCGTGGGCGCAGCCGGTCAGTAGTATGTATTATGTCGGGCACCCGAAATCTGCATCGTCAGGCAGGCTAAACATTACACATGGCTTACATACGGATTCGAGGTCAAATTGCGGTTAATACCACTGACTGAATAGCGAGCTGGTGGCGACACGGGGGGCGTGCTTCGCCCCCCCCAAACCTAGGCGAGTACCAGCACAATCCTAGTCCTGCGTTCTTTGGCGGCTCGGAAGACCTTCGCGGGTCTTAACCGTTGGGCGCTTTACCTACCATCCCTAAATTGAACGGTCCGGGCACGAGCAGCCCTTTAGGTGTCCCCTGACTGTAAATAGCGGGGAACACTGGTCCTAGTTGAATCACACTGACCACGATCGTAGTTAAGCTCGGAGTGCGGGATAGTTGATAAAATAAACCTGGTTCCCCCCTGAGGACTATATATACGAGCTTTTTTAGCATTTGAGCCATTTACGGCCTTAAAGGCGGGAACCTTCAATCCAGTTCACAACTGCCTGTGTCCAGGGTCGCGGTGTTGAGAGTCCTAGTGGCGCTGTACCTACAAAAAATCGTGTAGATGAGTCTTGAGTCTAAGCGTGGGGATTGGCGGGACTCCCTTGCGTCCCATCTCTCCTGATGATCGGCGCCGATTCCAGTCCTCACCGTTATAACGTCGTTATTCTCTCGGCTCTGGATGGACCGATACTACGCACGCTTTGACTTCGGAAGATTTTCTGGCATTCCGAGGTTTCTAACAGGGGTGACGCGCTTGTCCACATATAAATAGGAAAAATATGACACTCCACACTCTGTCTGTATCTCATGGTCAAGAAGGTTTGACAACTCACTCCAGAAGAAAAATTAACTGCAGGTCTTACAGATCAGGCAAAGCGAGATGATGCACTCGGGAGCGGTGTCGCGGATCCTCCCTCCCAAGCTCCCACGACATGTGGAATCTGGCCGTCTGTGAAGGCTGTTACAAACATTGGAGCTGGAACACTGTAGGGCCAGCCCGGATGCTTTCCACACAAAGTTTAAAACAAAGGATCTGCGTATGACACGTAGACGTTAGGACAAATGCAACCGATATACCTTGGTCCCTATAAACTCACGAATTTAAGCCCACGTCGTTGGATGGCGATGCGGGCGCAGATGTGATCCACGGTCAGATACCGCTGATAACACGAAATTCCTCGTAAGGGTAAGCGTTCTCCCGTTGCTTG,1531,50.62,Arabidopsis thaliana
SEQ_678346,GTGTCGGAATCAGCGTGAACGCAATCGGTCGACGTTACGGGATCAAACCTTCCGGGCGCAGACCTATGTGAAACGTTCTAGTCGGCTCCCTGTAGAGTTAGAAGTACCAGGGCCCTACTTTCTGGTTAAGGGTGGCATGCCCTGCTGCAACTTGATCACTTCCTATCTCTGCTAAACCGGCCTTTCCGGACCGTATAACCGGAGTGGTCATTCCTTGAGTAGGCCCGTTACACAGGGTGGTCGCGGATTAGGTCTTGTTACCAATAGCACGTGCCGCTTAATGGCGACGCATAGAGAAACTGGGCGCGATTGAAATATTCCCGCAAGTGTGCGATCGAATTCTCTTCTCAGTCGGGATCTCTGATTGTTCGTTGACTGCCGTGCAGGATGTCGCGACCGTGGCGTCCGGTGTTTTGGACGCAGTTATGTGGCACGGCGGTCAATACGTGTGGTACTAGAGGCACACTTAAACGCTGCCAATATCTAGAATCGTCTGGCCCCTAAACACGTTCCCGATCGCTGGTACGACCTCCGCTTTGCACTGTA,546,53.48,Mus musculus
SEQ_131850,TTAAGGTTCTCCAGTACTGGGATTAGATCGCGGAGCATACATCCCGTATTCAATGTAATTGCAGAGTCGGATTAACTTCGCATAGCTTGGAAATTCGGCTGGCTTGAGCCGAGAAATGCGCGACCGCTGGAGCCCGGGCAGCACAAGAGGCGTCCCTGACTGAAGTTTAGAATGCCCTACCTAATGGAAGCGGGCCTTCCCCCTGCCTGGTGGTCATTTCTGATTGCCACCGCAGTACTCTTACCGTGCGGGGGAGTGGATCTTCCAACTGGTCTGCCAGATTACAGAATGTACGGCACCAAGGGGTTCACTGCAGCCAGTATTAGCTATAGCATATCTTCCCAATAATTAAATACGCGGAGAGGTGAGGGACAGATAGACCTCTGAATTGCTAACCACTAAACGTTCAACCGAACGCAGCTAGGCTGAGCCCCGTACACGTTAGTGATTGATTCTTAGCTCGCCGCTAGACATCCATAACTATAGAAATGCTTATAGCCTAACGATTTCTCTGACTTGACAAGATTTGCAGGAATCTTTCCTGTCCTTGGATCCATATCAGTGAACGAGGATCTGAGTCATAGGTCCCGATGATACCACCATATAACGACGTCATTCGGAATTTAGCGGAAGATACCAGCTTCGCAATGCCATGACCACAAGTTAGGACCACCCCAAAGGGGGTTGTCGTTTCGAAAAGCTAAGAATCGTGCACAAATACGGTAGGATTGGCCCGCTTCCGTGACGCTTGCTCCTCTTCAGTGCAAAGTAATAAACTTGTCACTGCGACTTGTTTGCTTTGACTTAATAAGA,813,48.46,Drosophila melanogaster
SEQ_282126,TAGGCACCACGAGGAGAAGGAACCTAGAGAATTCTCGGGTCAAAGCCGGGGGATGCGAAGGCTAGGCACTAATGGCCCGGCATGGCTATTTGTCCTGAATGCAACA,106,54.72,Caenorhabditis elegans
SEQ_158449,TCGCTCCTGACGATATATAACGTGTTACACGTTACTGGCAGCGAAGCGAGTTGTGCAATTAATGGCGGTGGGAGTACCAACTTTGACGGGTCGGCTTGAGTTATTGGGTAACCGATGAACGATTGCAAGGTACATTACTCATGCTAGTTTCCCACAACCATATGTGGCTCACCTGTAATTTGTGAACCTCAACCGAGCACTGTGGCGGTCCAGATGATAAAGGGACACAAAATCATTGTTGAAGTGCTTGCCGCATCCGAGCAGGTCAGTTTGCTGTGCGAATAAGCTATGCATCACTGTATAATCCGCCAATGGGGCCCCAAAGAACACGGACGCCATTGTCGCCTCGTGTGCACAGCCAACACAGGAACGGACATCGGGGGAAGAGTTATTGGTTACTGCGTAACAGGTAGCATACGTTGCACTGGATAGTGAAAGTCAAAGGCTGCAGTAAAAGGGCTTAAATTCGCAGAGAAGAACATAAATTGCAGCTTCTATCGAGCCTTGATGAGCATAGCCGATATGGGGATCAAAGGCGGTCCTTTCCCCTTCACCCGTATAAAGAAGCTGGCAAATACCAGATCTTGGCAAAGTACACCCCGGTTGTTCCAGGGATAAGAAACCGGTTTACTGGTCTTCATGACACGTTACATCTCCCGGCTCCGGGTGGGTATATGTTCGTTATAGCCAACCGAAACACGCCGCACTTCCTTTGCCCTCGGTAATCTGGGACATCCAATCCGACAGCTACGTAGTGGATTATTCGAAGCCAATTCAGTGGCATAGCAGCTTTTGCTTGCTACCCCGGACGATGCCGCTAATAACGTGGGCAGACTGAATAATTGGGGTCAGGAAGCCCCGTACACCCATAACCTGAGGATGACTTTGTCTCCTGGGGCTTACCTTAACTAAGGGTCTATGTGCAGGAATGTTTCTGCCGACGCTGCATCCTTAAGCTCCCGGTAGGTCCTATAGTTCCTACGAGATGTGGGTAGTTGGATAGCTATATCTTCACGGCAAGTTTCCGCTCGTGTCACCAATACATGCACGTGTGCGAAGTCGGCAATATAATTGATAGATCAAGAAACCGAGGTCGCTTTGTTAGATCTATGTCAGACGTGCTGCTGCTATGATTCTAGTATTTACCCATAATGATGACCCGATCGGCAGGTCGTCGCTTCAGTGCTGGAAAATTGCAACGAGGGCTTGTAAGAAAGTCGACTGCAGGGGTACACCAGGGGTGATCGGAAAATGCGTCAGTTGTTTCAGGTTTCACACTCATGCGAAAAATCTGACGACCCCAAATAATTCAATGAATTAAAATCTGTGCTATGAAAAATAGCTAGCCCGTCACACGTCTGCATATCTGATGAAACCTGACCGAGACGCTATTTAATAATGATCTGAACCCAAGTTATGTAACTGAGAGTGGTCGAAACCCGCAAGTTGTGTGCTACGATTAAGAGCTTAGCTAGTGCCATGTTTTTTGTAGGCTAGCCTCTGGCTAAGCCAAGGCTGATGTGAGGAATTTAATTCCTAAATCGGAGCACGTCAGTTAGC,1560,47.82,Saccharomyces cerevisiae
SEQ_270670,CGACAGCACACGGGCGTTAGGTAATGCCCTACTATAGCCCAACTATTCAGATACTATATTCGATGAACATAAATTATAATTGTGTAGCGCAGCATCTCTCCACCGAAAGACGACCACGGTTCGTACTACCCTGTGCCCTTGTCTCCTATATTCCTAGCGCCAGCGGTAGCGTATAATGGGAACTACGGGACAGGCACTACCTATTGAGCGCCAAACATAACAGAATTTTGGATTGCGATCGAGGTTAGACCGCTTCCCCAGTGCTAGACACTAAATCAAATGACCCGATCCCGCCCGCTTGACTTGGAACGTCCAGTTGCTCAAGTACTGCGCTACTCATGAATGCATGACGTCACGGTATATGCAGAGCTATCTACGATGAGTTTGTGGATCAATCTTGTCAAGGCATGTTAGGGAAGATTCTCAGCCAACCGTGGAGATACAACGTCAATTCGGCAAATTGAGGTATGGCATGGGTTGTTTCCGGCCTCGTTCGTCCGACCTTCGAGACAGGGACACCCACGTGTTTCCGAACGGTCGGCTACTGTCTGTCAAACGACATTGAACAGACTAACCTAATCCAGACTGTCTTGGGCAGTCTTCCTGTTAGTACGGGTTCCTAGGCACTGGCATCTCCGAACGGGGCAAACATTCCGTGATCTTAGTTGTCATATGGCTGTCATTTTCAGGATTGGTGGTTCAATACCCATAAGAAAATCAAGCGCTTACGCACAACTCATTTGTATGGCCCCGCCTGGAACTCGTAGCAACTCTGTTGTGTTGCTTTAACTTCGCGACTCGTCGACTCCGGAGACTCACGAATGCGCCGTTTCCAAAAGAAGCGCGGGGGGTTTTTTCAGCTCTGAAAATCCTAACGATGAAGCTGGGGGAAGCGAATCCTGCTAGATTAACGCGGGCGATCTAGCCAATGCCAAATCGTCGAATTGCATCTTGGGGTGACTCCACATAGATGGAGCTAGCCTCTATAGATGGTACGTCCGCGAGTATAGCGAGCACTCCCCCTATAACGTGGTTCTAGATTGGTAGGGGGTTGTGGACTCTTAAGGCCCTGAGTGTATTACCTCAAGATGACTACGCTTGATGGCACGTATACACGCTGCTAAGTATGACTGTTAGTCGGGTGACCCTCCCAAATCTAATCTCTACTGACCTGACGCCCACCTAATAGAATAAATAGTTGCGGTTCAATTGGCCTAGCTTTCGCCTTCAAACGCAACCTTCAGTCAAATAGTCCTGACGACGAGCGGTTGCCTTTCGATGCTGCAACA,1289,49.26,Arabidopsis thaliana
SEQ_356744,ATTACGCGGGGTAGCTGATTAAAGGATGTATTCGGGCAAATAATCCCACGATTTTCTGACGTAAAGTCATTTGTGGCTGTTAACACCTCGGGGTGGTTAATGAACGATGTCGGTGCACGTAGAACATCGCACACCCCTCGGCCCCCCGTACATGTCTCCGATCCTCATGTCGCACGCAACAAAAGTTAAAGAAGATTCCGCCGTCGATCAATCAGCGTGGTATTGTGTCTAGTCACGCGTTGGTTGTGGAGAATCGTCATAAGACTCTTTGAAGGCGGAACTACCCGGAGTAGCTGCTTGGAACAGCATTACACTCATAATCTTACGTTATACTTTTCATTACTGTAGGAACGGGTCTTAGTTGGCGGGACGCTTGATTTAATCGGCTCAATTGCCAAGAAGTGGGCTGCATAAAATCAGTAGCGGTTGAAAACACGAGAGTGACCACTACATCGGCCAGTGTATAATAATATAGCAGAGTATCCGGCCGATTACATCTACCTCCTATGTCAGCTCATATGAACGTGTAGTCTGTAAATTTAACTCCTTAAATGGACCTCGCACATATCTTATCTACCGTTATGGATTATCAACTCACTTATGATGAACTCACAGTTAATGCTGGGAAAGTAAATCTA,638,44.67,Homo sapiens
SEQ_890027,TCGTACACACTCGCTTGAGACAGCGGGTGAGGTACTCAATATGCTATTGATCGCAAATGGGCCACAAGGACCCGTAATCCTGTACTGAATCTATGAGTGAACGGAGCTATTGCTTATGGAAGGAATCCCGTGAAGTTGAGAAAGTCCGTCAGGTTCGTGTATGTTTACTGATGTCTGGTATAGCGCTGTGATGCAACCGCTACAGCTAACCCACGAGGTCTCCCGCCCTTATATCCCGGCACCACGCTTCCTTAGCCCCCAGCTCTAAAGGAAGCGTCAACGGATTGCTTAATTTGCGTCGGCCACCCGATGGCAGTGTATCAGCCTGCGCACATCTGACCGCTAGTGTCCCGCCGCAACAAAGCCCGCTACTATTTAAAGTCATTCATGTAAGCCAAGTATACCTGTTAATTGGCTCGGGCTGATTGCTCACAAATCCCATTTCGTGAAGGTCAATACTGCACTCGACACCTTGCGATGAGCTCGCAAAGGAATTTTATTCCCAGAAAACAGGCAATTGGTCAGCGATAGGTGATGGTGAAGGAAGTAAAGCACTACCTCCCAGTCACTTGTCGATTACTCCGCGGCCCCCAACGCATAACCACTAATCCGGGTGATCTTTAAGGGGTTGCTTACGTGAATGTTCTGCACTAAATGGCAAGGGGTCAGCAGCGAAAGCTATGATTTGGCCACATCCGTGTGGTCGTTGGTGACATCTCGTAGGACCTTAGTCTACGGGTCACGATCGTTCAGGCTCCCAGAAGCGTAGTCCTAATGCCCTGATGAGTAAGTAGCCGATCTTTCACCTCGGCTACCTCAGTTTGTACGCACTAACGTCACCGATGCGCCCTAGTAAGTCAAACGAGACCCCCCTCCCTTAGCCTGAGTCTGGCGGTAGTCACTAATCCGTGGCCGTCTTTTACCCCGTACAAGACTGTCCTAAACTTCAATGCATCACTAATACAACATAAAGGTGACCATCATCATCGGGGTATATCAGAGGGGATGATTGGAGACGTCTGGAAATGTTTAGGGGCGTAGTCGGGCTATGATGCACGGGATTCCACACCTTTACCAGTTCGACTGCGATTCGGCTGGAGTATAACGGCGAGCATGCTCCGAGTCAATTATTGTACGTTCGCATCTTGAAGGTTATAAAGGACCTATTGTCCCCAGCATTTAGGCCAGGAAATTAGGTCCTACCTGCATTCTGCTGCATCAGCGCACCAATGGCCCTAGCAGCCAACTTCATACTATCCTCGTCTAAGTGGGTACGACTCTCAACAAGAATTTCACTTTCCGC,1303,50.12,Escherichia coli
SEQ_671711,GCGAATAAGCATCCCAACCCATCGATTCTACCCCCGGCACGCAAAGAGCACCGGTTTCACTAAGATCCCCTCATGTAGTAAATTGAGGCGCGGTTGGTCGTGAGGGAAGGCAGCAAAACGCGATCGAAACAGACGAATCAAGCTGACTCCCTTACTCTTCGAATTTCCTTGCGACGGAATCACACGTGACCGACGTCGCGGCTT,204,53.43,Homo sapiens
SEQ_881520,CTCGGGAGGGTCCTCTAAGAGGTAATCTGTTCCGGTATCCATTGAGCTAGCCCAACGATATGCCCACAACTGGAGTCCAGCGCCGGGCCCTAGATGGTGCTGTGGAGAGCATCCAACCCCGATTCTGTATGCTCTTTCTAAGCTCTCTGAGACACGGAATCTTATGCCTAAAATTTCTAAGAAACCTAGGTCAGTGTAGGGCGTTCACGGTAGCTCTAACTATAATTCAGCACCTAAATTAAGGATAGGCGGAAGAAGTATAGCGACCTGGCATATTACGAAACTAATATGGGCACCCTACACGACACCTCGGTGCAAGGGGTGATTGTCGATCAGATAATGCCGTACCCCTTACCGCCAAGTTTGGAAGATGTCACACCTCTGCTAAGCTATAGGAGTGAAGCGAGGCAGTTCTACTCAGAAAAATTTAGGGCAATGGCCAATGGGATACGCCACACTCGTTTATCGCAAACCGCATCTGAAGCCGAAGAGTACATTGAACACATAAGGGCCGCACTGCCAATTGTAACTGGCTTCGTGGCCAGCTGCTTGCAACGTACACGTAGCTCCGGAGATCCTTCGGGGGCTTTGGGGGTACACGTCGCGTACGCTGAATATAGCTTAAAGTGTGACAGGCCACGCTCCCGTCCTATAATAGTATCGCCTAGACGACCATTGCATGATATCCGCGCTCCAGAAAGCGCGTCACCTGGTGCAATTATGTAACTGCTCCCACGGATTACTATCGGCAGTATTATTCCTCGAAATACGTCACGCACAGATCGGGGACGCAGAGTCGCTCCGTAGAGAAGACCGTGTTATTAAGCACTGTCGCAGGGGAAAATTCGTCTGAAGTATACCTAAGACGAGGGCAATCGGCCATATCTGAAGCCGCATAAATTATTACTTAGAGTCTCCTCAATTTAAACAGGGGGCATATTCAATATGGTTCCGTATATGTTTACCCCGTCTTAGAGTCACGTAACACTATTGCAAGCGGCGAGAATAATCCAGTCGTCCCTCTCGCTGAGAACCTTCTAAAACGTCAATCCCTTAGTAATAACAGCACGCAGGCTCTCCCCACTTCCAGTGTTATAGGCCAAGATGGTCGCCGTTGTTCTGTGATCTGGAAGCTCGATAAAGGGGATTTATAAAGCCGTTGGACGACCGAGGCCTCTGCTTATCGCGAGCCTGATGAAGGTAATATGGGGAGACGCTCGTGAAATTGTGTGGGATCTCGTGTAATCTCATGGTCTTCATATTGCATCGCGCATTGATGGGCCCTTAAGAACTAGACGTAGGCGCGAAGCGTTATCCTAAGTAGGCATTCCCTATTATCCGACCCCCGTGGCTGCAGGCCGCTATCATGGTGCCGCTCGTTCACGTTTATGCCGTGGTACCGTAGAGAGGGCGCAGATAATGCCGCACTGGAAGTACTTCG,1441,49.97,Drosophila melanogaster
SEQ_820448,TGTCTCATAGTCATGCTGACGCGGACCGTTCTCGGTCAAGTGACTTATATTCACATTTTTGGCCCTGGTGTAGGAACGAAGCCGGATCCAAAGAGAACTGTTCTGCAGAGACTAGACCGCACAAGGCCATCTCACTAAGCATGGGGCTCCTGCCCCTCCTGCGCAAAAGTGCGCCTCTTAGTCCGTACCAGTCCTCGCGTAAATAGCGTGGCAAAGTAATACAGAAGAGAATGTGATTTGCCCAGCCTCAGACGTCGGAGCATACATGATTAGAGTTGACCTGCGGACCTCTCGGATTGACATAAACTGAGTAATCTAGTATATGGAACTGGTGCCTGTCGGTACGGGCATTTCTCTGACTTAGCACCGTGTAAATCCATAATGATAGGAACATAAGTCACGGTCATGTTGAGGATCGACTACCTTTTAGGGCCATGGTTGAGGCCCCTATGAACTAGGTCACCAGTGCTATCCCTATAGGTTCTTATGGCAGAGGCTCAGAAGTGTCCAATACTTCGTACACTGGGCTCCGCATAGGCTTTACAATACCTGATACTGACGCGGACCATCACGTTACGTCAACTGCTACAGGTTATTAATTGGGCCACCCCAGATCTGAAACTTTTAGGGCTTGTCGTCCCATGACCGACTTTATCTTAGGACCCGATGGCTTATCAAATTAACATATCGGTACATTGTTTAATATC,707,47.95,Saccharomyces cerevisiae
SEQ_333422,GGCCCGGTACGAAAGCACCAAGTGCTATCAAATCTAGCGAGAACTCAGAGCTCACGTGAGCTTTAGCTAGTAGTTGACTTAGACGGATACCGGGAGACTTCGTCGACGTTGTCAGGACCCGCGCTCAAATGCTATCCTCGCTAACCAAATGCTTGGTTCCAGTAGTACTCCCTGGTAGGCGACTTCTGATGGGAACGTTGGCCCGACAACTCAATTGCTAGGTTCTCTAGTTTTGAACAGGTACATCATTGGGCTACCAAATATGCGTAGGGCGGACCCCTCAGAATCAACCCCGTTATGCCTCACCGCTTCCCCAAATCGAACGCGTTCCACTCCGTAGAGCCGCATATGTCACGTAAGCAGACGGGTGATAAACCGATCGCACACTCTTCCTGTTTCGCGGATATTGTCGACGATACCCAATTGTACTAAAACACTGACGGATGGCTGAGGCTATTGGGTAGGCAGCGGACAGTACTATACCGCATACCGTCTTTTCAATTATAGCATTCGTAGTTACTCCGTGTTACCCAACACGATGTGGATTCGACGGATCAGGTTAACGATCTGCGTTTCTTACGGCCAGGAGAAAGTATTCCGCTGTCTTGATTCGTAGTATGGACATTTATAGCGGCGATGAGCGGCGACTGTTTCCGTATAGGTGTGTGGTAAGCATGATCAAAAGGGATTGCCACGGCGCACATAGACATGCCGAAGGTGTTCTCCCAATTGTGAGGTATATGCCAAATATTATATTGCAAGATGGTGACCCTATGACTTACTGGCAGCAGAAGTATATAGCGAGCTCATGACCTCCCCAAGTCTCTCAATTTACATATTACATTACCCATCTGGCGTGACGGTTGGGAGCAACGGGAGAGTTCCCACGAAGAACCTCGCTGCCTCGGTAGGCGCGATAGAATGCAAGTGTCGCTGGAATTGTATGCTCGGCAGTTCACGTACGTTTTAAGTGTCAAGTGAAAAGACCAACAGCAGACCCAAGCCGGACGCGTGTATTGGACCCCCTGTAACTGATCAGGACAAGTAGTATAAGATTCCAGGCAAGAGAGTCGTACGGTCTCCTCGTGTTAAATCACTATCGTGGGCAAATAAAGTGCTGGTGATCTGGTTTTCGGATTTTTAACCCTGCAATTTTACCCTCGCGTGCCATCTAAGCACAGTCATACCGTGCTATAGGGTCAGAGAGGAAGACGACGAAAGCGCGCCGTGCCAGGAAACTTAGCGTGAGACCAGACTTAGCGTAATAGTCCCTACCTGCGGGAACATGCCGCTTAAGCCCCTCATAAAACACGTTTGCCGGATTAGACCCGCCGACGCAAAGGGTCACGTCTTATTTAACTTCGGTGTCAGCAAGGCGTGACTTAGGTATATTCTCGTGCATGTTGGTCTTCGCCACGGACATGGGTCATGTATCATGAGTAGATCAGGTGGCAGACACGAACTAGGATCTAATTCAAACACGCACGTAGGCGACGTGTGCTGTGCAAGCTTTGCTAAATATAACGAGCGATAAGCGGTGGCTCCGATCCGGACGAAATGAAGACTGCTCAGCATTTCGAAAAGGATAACTAGCGCTTCA,1600,49.56,Caenorhabditis elegans
SEQ_401436,GTTAAAAGCGCTCGGAACAACGAGCCGACATTCGATTGAGCTGACCGTTGGTGCAACCCCCAGGTTCGTATTTATGCTCAATGGTAGGCTACCAGGTTCCATGCCAAGTCGGGCGCTTTTGATTTTATCCTCTACAGAAGCGAGGCTACCGACAGAGCGCCTAGCTGTGGTGTCTACAACGCTTCGACGACTAGGACGGAGGCGATACAGGTGCTTCCCTCGCGACTGGCAACAGTATAGAGTTCTTCTGGGGGAGGACACCTGTCCACATCATCAGGTACCGCTTCGTCGTGTTAACCAATCTTAATACTGACAACTTGCCGTTGAGAGCACGCCCTTCCACTTTGTCTCGAGCTGAACATTACCGGCAAAGATTAGCCCTGCTTCTCGCTCGGGTCGGGAAGCCTCGCATCAGCCGAACGGTGATAAAGTGTTGAGCACTCGCTAAGAAGTCGATGTATACGCACGGCGCTCAGGGGGGTGGGGGTGAGCGGCAATGCCTCGGCGTTAAGGGAAGCGTAATGTCATGAATTTTGGCCGGACGGTTATATGGTAGGCCGACCGAGTGCAACCCAGGGGAGCATCGAGGAGTAGGGCATGCTCGAGGGGAAGGCCACGGATATGCTACAATGAGCGCGCAAAAAGAAAGTTCGCCGCAAGGGGCCGGTCCAAAGCAACTCAGCGAGTAGGCGCTTATCCAGGCTACGCGGACTCCCAGATTTCGGGCTCTAATCGCTAGAATAAGGCGGGTACATAGAACGCTTGACCGTGCCGGCGCAGGTTGGCAAGTTATTCCACCATCCGCAAACACGGCTTCTCGCCGAACAAGATACAGCACGTCGGCGGGCTACACTATACAGTCACTTAAAAGAAGTTTAATTTCCGAACTAGAACAGAGTCGAATCCCACACTTCATAGTGTAGGCCTACGTAGTCCACCGTCGCCAAAAACAGCCGCCGAGGAGTGTTAGTTGTCGATCGTTTGGACTGTCTTAATAGTTCGAGGAGGCTTAGAAAGTCTAAAATTTTCATGTGTGCTCGACCCGTGCCTTAGGAGCGCTCTG,1063,53.53,Arabidopsis thaliana
SEQ_446379,TCAAGAGAGGCACTATGCTCGCTGCACCGGGAACAGGTCGATGTATTCATCTCGCGCTGAATCGTAGTGATTGAGTTTTCCGAATCCTATAATGCGAGGCAAATATGCAGGATGTAACACCTTTCGGTTAGAATCAACATCGTCGGTAGACTGCTTTACGACGACTCCGGCCCGCTCGCAGTCAACGTGGTATTGCCCTCGAAACTTAGCACGATTTAAATTAGCGACTGGGCACTTCCGTTGTCGGTGTTTCGCCAAGTCCCCAAGAGCAAGCTGCTTGCAAGTGCTAAAAATTAGATTTTTTTCGTAGATCCTAGAGACTCGAGGGCGCGCTAATCGCAGTAGTGGGAAGATCTCCAGGTGCTTTCCCCAGCAGCCATTCGGGTCGGATGAATGCGCAGATGAGCCGCGCTCAGTCCGCGCCTCTACGGCGCAGCGGATCGAGTACGGAACCGCCATTGCGCGGGACATGGAAGCATAGGTACAAGCAGCAATGATTGACCTCCATTGCTAATGCCTTGGGTAACAACTGTAGTGCTCTCCAGTTAGTGCTACTTTACCGGTCCTCGGCTCCACTCGGCCCCGCTATTGCGACAGACGCAGATAATTCCCATAATAATCATACAATAGGCCCCTTCTCTGTACCATGATTCGGTACCACCACCCCGCAGAATTGACTCACCGCGCCTGGTGGTGTGTTCTGCGGGGGCAAGCTCCGAGAGTGTTGATGCTCACCCCGCGTATGCGTGGCCAAGTTCTTCCCTGTAGCCTACTAATCAGAAAAAACTAGGAACAACATAAGTTGCGATTGTCCGCTGGGACCTTGGGCTACACCGTAGATACTGCAAGGCCGGTGTCAAATCCCTTGGCACTATCGTTACCTTTAGGAGTACTACGTCTCTGCGACCCGAAAGTCCAACT,921,52.33,Caenorhabditis elegans
SEQ_808313,GCGTGGATGATACACTGTGCGGATTTTTGCCCGAAAATTTATGGACGTCCACTTAAGGTTGGTGTCCATCACTCCCGGGTTCCGCCCAGTGAGTAGATGACTCCAAATGTGACATGCGCGAGGCCCCCAGGACCGGCGATTCGAGATCAACTCAGCTGCAGAAAGCGCTAAGTGACTCCGTCCATACTGGACCACTATACGCATAACCGACTTAACACACAGCCCTCTGAAAACAGAGTCATCAAGTTCCTATGGGACGTTATAAAATCGGCATGAAACGATGTCTTTAGCCTCCTGCCCAAGCGCTGCGTCTGCCTATGCGTCTACCCCATTCTAATAAATTTGGCCTAGCGTAGGCCACAGGAATCCAGAGTCTCTCAGGAATATCTCACGGGAGAGAGTGGTTGGCTCTATCGATAGTAACCTCTATAAAAATATATATTTCTCTGTAGTTGATAGCATACGAGCTTCCAGTGATAGAATGTGTGCCGACCTGTCCTTAGGAGTTCGTACAACCTGCCACCGTGCCTTTATGCTATGATCCTGTACCTGGAAACTAGATGCTGGTGATCGTTCGCCAGACTACCGCCGTGGGAGGGGAAG,603,49.75,Drosophila melanogaster
SEQ_197685,GCGCACGGTGGAATATAAAAAGTACGGGCACGGGGTCCTGTCGCTTAGATGTGCTTGTTGATAAGCACAGTGACTATATCCGGTCAACCGGAGTGAGATTAAGTTTGACCTGGGGTAGGTTGTAAATTAATCGGCGACAGTAAGTACCATCTTGCCGGCTGGTATGGACTTCGCAATCGACGTTGAACGCTAGACGAGGTACCGCCTAAACTGCGTGGGT,220,50.45,Mus musculus
SEQ_994731,AGTGCAACGCCAGGGCACGCCGTTCGGCAAGGGAAGGCAATTTTTCATGTCGGTACGACCGGGCGCTCGGTAATACGGCGTAGCTGTTTCTTCGGGATCTGGTTCTCATCCTGTTTAATAGCCACCAATGGAGATAGCATTTCCGTTTGCCCAGTGCGCCAGTTCAGGACTGGCCACAAATCTACGGGCTTGAGTATGGCCCATGGACATCGTCAGCATCACCTTCAGATGAATGGGATATAGCTATGCGTCGAGGTCGGTAGGATTAACTTGTCCTGAGGGTTCTAGACTTCATGTGGGGAGCGAAATACTAACGATTTCTCGGGCTGCCCAGTATAATGAATAATTAGCTTTCGTCGCTGACGCTCTTCGCTGTGTACTTCTCCTTATGACATTCAATGACTGTTTGAGGATAGCTTCGGTAGCACTACCTCAAACACCGGGTTGAAGTTAACGGTCCTGCATACGTGACTCCTGGATTTTTGAGGTCGCTTATGCCTTGTCCCGACAAAAGGCCGCACACTCTTCCGTGCCCAATCTGAGGACTCCAGCCTATCTGTCGGGCAGTTCTAAGTCTTCAGATTCAGAACTCGATCTGAAACACCGAATCACCGAGACGAGCCTGCAATACTCAAGATCCTGTTTCAGCTCCAACTCGATTGATCTGAATCGAGAAGCCACGTCTGGGACAAAGAAGAAGGGCGCCCAATGTCTCCCTGATAAGAGCAAATCTGTGCACGGGAGGACTATGTCCGCTGGGCTGCGCGTCCCGCTAGGCTGAGGACTACCGTGCGGCCACACCAGAACGACGACAGCACAGGCCCTGGTCCGGGTGCACCTTTCCAGGCGGAGATCTGGCCTGAAGACCCGGTACTCAGGTGTTCCGGCACGGCCCTTTATACCCTCACTTTTGGCTAATTGCGCCATCGCGCTTTGATACTATCAGTTTTTTGCATTAAGTGCATATAACCCAATCGCCACACATAAGCGATCCCCCACGCGAGGTCTGCAGAACCACCCATTACACATGGTGCCATCCGGTTCCCGTGTCGAAGGCCAGTCAATACTCTTACTGCTGTTGTTTGGCCCACGCCGAATTTTATGTTAATTGTAACTGCAGGCCTATGTGGTTAGCCCAGTCCTATCTCACTAACTCCGGGAAGTTACGGCATGCTATGTGATATGAGACTACATTGGCCACCACGTAGGTAACCATTCCTTCTTTAACACTCACATATTATAACAAAAATCGGGATAGCGTCAAGTTACTAGTGGCAGATGACTTTATCGACTAT,1295,50.81,Homo sapiens
SEQ_751546,TGCAATCAATTTGCGCGAGCGCTTCGAGGAAAAGAGTATATAGATTCGGAAATTGTCGGCGTTCTGTCCTACAGCGACCCCGCTCGGAGATGGTAACTTACAAGCGCTACATCATGTTCATAACTCTTAGAGAATGATGGTGCTCAGGGCCTCTAACTAATATCCCTGCAGATGTGTGCGGAAGCCCTCTCTCTTATATTAATGTCTTGGATCCTACATAAAACATCCCATATTCTCGATCCCCTAAGCAACCGGACTCCGTAGACGATCTATCCAGGGTTCTCGTGATGGGATTCAAGCTGCCACAATAAGCCATGAATGTCTGAAGAGTCGACGTATTTATGCCGCTCAGTGGCAATTTAGTTTGAGGTAATACAGCGCAGCCTCGAACTTAGCACATATCCAGTCCGGCTCGGCATTCCAACCCTCGGAGCATCGAAACCGCCGGGCCGGCCGACCGTTATATTCTCAGTCCATTACGCTATAGCAGGTCCTGTTAATTTCTAAGGTCGCACTTTGCCGGTCCCGGCTAGACACCGTCCCCCTGATTCGATCTCCCTAACAGTCAAGGTATTACGATCCGTGCACTTGTGCCCGATCCGGCAGGTTACCGACTCGGGCTCAGGGGCGCCGAATCTTGTGCGGGACGCGGACTCCCGGCGGCAAAAATCGTCGAACTCGTATTTACCTCCCCGAGTAATCTTCAGAATTATCAGCGACTCGCCATGGCCCTCAGGAGGCTTGTGTGGGCTTGATTGGGTAGCGTGTATGTCGTGGGCCGGCGGAGTCCCGTTCCTTCTTAGATGCTCAATTTAACCTAAGGGTCACGACCTACACCGTCGTGGTGGGTCCGGTCAGTGTTTCAGAAGCAAATAGCGCTCGACGCACTAGCTATGAAAATAACTCAATCATTTCGGATGCTCCGCTAACCCGGCTATACTAAGGATATAGGCTTTTCTTCCCTATATTAACCGCAGACTCGCCGAAGCCTGCAGAGTTAAACTACGCCAGAGGAGACCGCGATATTTCCTTCAAATCTTAAGGCGAACCCCCGACCGAACGGATTCTACCTTTATAGCTTATTTCGTGCATCCTGGGACTTTGGTGACACTTGACTTCAAGGGTAATTTGAAATGGACTGCCAGCGTGATTCGTGACTCCTAACTTGCCACCCCCGGCCATCCTGAAAGCCCTTTGGCATCAATGCAAAGGAGCTCGTTCACTGTATGTGGCATCAAGGCACATGGTCAGAGGCAGAACCCACTATGCACCTGAAAGCTCTTTCCACGCCCTCCGAGGCTCAAGTGCGACAATGCATCGCTGTCTTCCTTGGGACCCTGGCAAGTACCGTCTCCATGATCTAAACCACGTTCCACGGTTCTTTCTCCCAGATTATGAAATTTGCCACCCGACGATTCCGCCAATGTGCGGCAATTTGTCTTGATCAACCATTGCCGATCGATACCCTCCGACAGCATGACCTTTCCATTCTCAGTGTCCCGTCCACGCTCCCGTTCTCCGCGCGTCATTTGTTGCTTTCATGACACTAGGAATTGACCTCCAACGCACCGGGTTGTCCAACAATCCTACGACCAAGCGGATCACCCATAGACGCGCTAACCTTGTCAGGAGTCATGCATCGCCATCTGAAAAATCGAAAGAGTGTTCTCCGGGGGGATCAGATTAGGGCTGAATCTTGATCTCCTGCTGGTACACAATTTTCGGGAATGTGGGGCCCTGTCTTCTTGGCAAACTTTCGCTAGACCTATCAGACCAATACTGGATCTGTCCGCTACAGGTCACCTAAAACTTGCATGAGTTACTGCAC,1828,51.15,Escherichia coli
SEQ_581847,CGTTACTGTGCGAACCTATGGGCATTCACAGGTTTCATGATATTGGTGTAGTTCTTAAGATTTCTCCTCCGCGCGCCAGCTACTGTACCCAAACACATTTTACTCGCTTGCATGTGTACCATGTATAGGTTTCGGGAGGACCACATGGAAACAGGAGTATTGTCCCAATAGGCGAGTATTGAGCATGAAGGGCGTTGATCAGGTTAAGTAATTTGCCGACCGGTGAGCTGTTATTTTGCACCACTGAAATCGTCACACCATTTATGCGGCCTGAACGGATGTGCTGCTTGGTGTAGACTGTTAATGAGCTCTGACCAGGGGCTATGAACACTGCGTTCATGTAAAAGCAGTATACTATAAAATAGCTCAAGGTTCATTTCGGATGGCGGTAACTAAATG,399,45.61,Mus musculus
SEQ_795373,GGGATCGTAGCCAAACAGAAACGTCCCTTTACACAAAAATCCTACCGGAGATTTACGGCACTAAATTCCGTCTAGACACTCACGTCTAGGATTTCTGCGTTTGATCCCTGTCAGGGATGCTTGGCGAAGGCTGCCAAGGACACCTTCCGAGGGGCCCGGAGATCTCGCTATCCCTGAATTCGTATCGGAGTATCTTGGGGTTTGTTCGTGCACGCAGTATGGGAAGCCTGTGAACGTTCAATGACCCTCCATGACGGGCTTCTTACTATTAAGGCCGGCCAGACTGGTCCCCCGTACTAAGTACATCTGCAATTGCCGAGGCCCGACATAACTAGGACAGCCCACGAATGCTGCAGATTGTAGACACGCGGGGTTTCATCCATATGACTAGGTATCCCCTTCACGTAGTCGGGAAGTTAAACGCGCCATACCCGATGCGCCCGCCACGCGATAGGTCCACTGTAATCGCGAAACCAATAAACAAATGTCGTCCTCCCAGGCTGAAACCCGGTTAGCTAAAAGGTGAGGCAGGCGACTCTGACAGTGGACCGGTATGGACACAGCGGTGGCCCTAGAGTGACAGCGCTGCAGAGATAGTTGAAGGGAAGGTTCTAGAAAGTCTATCATCGTTTCGCCCAGTAAAACTTGACGGGTCGTACCACCCGCTCTAATATGTATTTACACTAAAGAACTAGGAGATGTGTGATGTTGTCTTCACCCAGCATACTGTCGCTCGTAAAAGCGGACTCGACGAGCAGGGTAACCATTTTATTCGATCGGTCAGAGTTGATTCTGGAGTTCCGTGTAAACTTAGAGTGATTTTGCAATCTTTCGTGGACTGATGGGCGATTAACTCTGACAATGCGTCACTGGAGACCTGATCAGGACACAACCGATCGTCACAATACCTTTGCTGTTCTTTGAGTCGGTGAGGACTGCAACCTCGTACCCCTGAAGAGACATGTTATCTCAGGCGCTACGAGGAAAGGTACGTGTAGAGAATCTGATAGAACCGTCAATAGGAATCTGATATATCAGGCTTTGATGCTGAATAGACTACCTTTTTTGAACTGTCGAATTACGCAGTACTTTATCATACCCGCATTCATAGAGATTATGAAGTAAAAGCTCTCAAAAGGGCCTAGTTTTCGGTCCGTGAGAAATATAGGGTATTTGTCAGCTCTTACGTGGGATCTGAACTTGTGGCGAGTGTAGTCTGCTTAGGGCTACTTCCCTGCCTGGAAAAGACGTG,1252,49.04,Escherichia coli
SEQ_662645,AGCGGTTGATTCTTGAAAGCTCATGTGACCCCCTCAATGCAGTTCGGAGCACATCAGACAGGCCGCACCTCTCGACGGTGGGGACTTCATGGGTCACCAATCCGTATTTTGTGTATCGGACGAGGACCACTAAGTTCGCATATCGAATCAAAACTTAGATAACTGATGCGATCCATCTCTGTGCTGAACCTTTACACGATCATTTTTACCCTAGCTCATAAGTACGCCTGGAGAACTTAGAGACTTGTAAGCACGGGTCGTACCGTGGGCGCCTTTGTCGCGGCAAAGAACTAATACCACACAGGTCTCTTGGATGGTAACATAAGTAAGGGAGAATTATCGTTGATAGGAGGTCACGTTCACACCACGTAAGACGGGATTTAAAAAGACTAGGTCCGGACTATTCATGCTTCGACATGACAGCTGCTCTACTCGAGTAATGTCTTCCATTATTGATCCAGTATCGACAGCTCGGCGGCATGTTGAGTTCAACGGCAATGCTCGCATTCGCGGCAGTGATGCGGGGTACGATTGTACAAGATCGTGTGGAGAATACCTGACCAATTGCTCTGTTTTGCCTCGGGCTAATCGCGGAAATACTCCGGAGTTAGAACAGGGTAAAGCGTTTTCAAAGGCTTATCGGTCTTTCGACACGGATCCTTATAGTGATCATCATTGGGACGCTACCTGTGAGTTCTATTAAGTGTTCTTCACGAATTGACCAGCCGAAATGGTTGGTGCCTATGCCTTTCGTCTCTCGAACTAACGTCTCGCACAGACTCTGGGTCTTCGCACTGATGTGAGTATATAGCTACAGCGAGCCTTGGGGCCGAATTTTGCCGTAGCAGAAATAACTTAGAGTAGGTATATAAGTTGACTGCAGTGGGCCCGAGCGCCTTTGCTTCTTTGGGGGGATTTCGTGCAGACTTGCTGACCTCCGGAATGGCGTCACATGTCATCTTGAAGGTGCAGTTCTGGAGGCTACGCGAAGTGTCGGCGGATAAATATCCTTTAAGAATACAAGAGTTAGACACAGGATTGGCGGGTTCAGTGAGACCCGATGGTACTTGTTACGCATTGCTTTTCACCTCGTCGAAAGAGCGACTGAGCAACTATAGTGGCAATCAGTTCACTAACTCCTTTCATGCGTATTGTTGCGACGGGTCCATTGCATACACTAGGTTGTTCCGAACCCACACTGCGATTCTTTGCACGATACAGGCTCACCGACATAACTCATTTCGCCGGGGAAGAGCACTTCGGTT,1265,48.62,Drosophila melanogaster
SEQ_751919,CGTGATCACAAGCGACGCTTACTCTACACGCTTCATAAGAGACACGTCGCTTCGTACCATGCGAGATTTGATCAAGTCAGCAATTCGTGCCTGTTATCATTCATTCCTGGCTATCTGGGATATTCCCTTCCCCTCCATGTTGGCAGACAACGTATGTGCCAGCTCTTGGACTAACACGCGAGTTGGCTGACAAATTACGGCTACGGGGATATCAAGTAGTCACGTTCTGTAATCTCCTTTCGCGTGGCTACGCAATAGAATTAGCGTCTGGTTGCATGCAGCAGATTTAATTGAGGGCGTTCCTGTGGGGGTACTCCGCGCCTCGCGGACTGTCGAGCTTTACTTTTATTCTTATATATTAGTAACGTCTTTAGCGCTTGATCTCTCTGTAGGTCGCGCGTTTTTAACGCACCACTGTAAAACGGACGCCCTTCTTTGCCGAGCCCGATAATAGGGGCCGTTTAGTTTGCCTCTGTCATGCTGCACTCACGGCACGGATAGGGCATTGGTATGTTCTTGTAACCATGACTTGTTTTTCTAGTCCGACCCGATAGTAGACCATCCGGCCAGGTATCTCAAAGAATCTATCTAATATGGCTGTGATGTTTATCAGCCGTGAACAAAGTAGACCCTCACCTAGGTTTGTGGCTAATCATAGAGAGGTCTAATTTTTCAGGATATAAGGGATCGGATCACCTTCTTCCTTATACCTCTCGCTGAAGTGAACACGTTCTGTCTTTTCCGGCCGCGACGTGTTGTGAAAAGCAGCCACACACGCGGGTAATCAACGTTGGTCCCAAGCCCACAGACGGAGGTGATCCGCAAAAACGCTCTGCCGAACTCTCCTCTAGCCACATAAAGGGGACTTTTCGTACAGCCGGAGACCAAACGGTTGGTCCATAATCTACCCACTGACACCAATGACTGTGACTACGTCCAATCCATAATCTCCATGCGAGATGATGATGACTTGGATTAGTCCTTCTCCGGGGTCCTTATTTGTGAGGGTAGCTATAATTATAGTAGTCCGGACAGGTATGTGTGCAAGTCCTTTGTTATAAGCACAGGTTAATGTCCACCTCTATTCAATACGGGAGTCGGTTCCAGTGATTATTGGGGAAAACACCCAGCTACATTCTAGCACAGGGAGCCCTGCCCGACTATCGTGATGTGCTTTTACGCAGTGAACTCAAGGGGATCGTAGCTAGAAGTGTGCCCAGGAACATTTTATGCAAATAGCAGATGCTCACAACGGCCTGTGTTTTCTATTTTAACGCTGAACTCGGGGGCCAATTCCCGTATAGTAGGCAGAGAACGGCCGAGAGGGCTTTGATGTTATTGGACATAGACCCGACCGCCTCTCTAACTCAACGTCACCGACCTCTTTTCGGAATCGTAGTCCGAGTCTCGATGGTGTCAAAAAACCCAGGCGCAGCCTCTGCAGAAGTCATAGATTCATAATTTGTTGCCCCCAAGGACAATATGGATAAAGTAAGCGACGTTCGTGGGCGAATTAGATGCCGACGCCACCGACCGCGATAAATCCCGGTACTGGGCTCTCCCTAGTAACTCCTCTACGTGACATCTCTGTTGGTATTCAAGTAATTTAAGGTCTACGGAAGGGGTTAATAGACGCACCGCCGGCTATGTGAATCTATTACCTTGTTAGGACAATTGAAACGGGTGAGACCAAAGTGAGTAAACTTCTCGGTA,1713,48.34,Arabidopsis thaliana
SEQ_925478,TGCGAGCCAACCCGCGATATGGTACGTACTAAGGTCCCACCCCGCGGGGGATACGTTCGGTCGCACGATTACCGACTGAATCATGAAAACGCCGGCTGCCCCAAGGTGCGATCCGGACTCGCGGTTCAACATAACGGAGTGGTTTTGAGGGAGGATCTCGCACGCTGTCGGTCCCCATTGGAATTCCGTTTTGGTCAATTAGCCGAAAGATTTGGGTCCTAGACATCGACGACGTCCCGTGCAGCGAGACCTTCCAACGGCATTTCGAGGTGCGGAATGCGCTTCGAAGACGAAGGACCCGGGGTACCCAGGACGGCTTATGACTAAGTCGTGAGGGATCGTGACTTGCCGAGTGAGTGAGGGGCGTCGCAGCACTAGTATAAATAGGAGGCCATCATGGCTCAACCCTCATGCATCAGATCCGCGCCGGTTCTGAACCCTATCGGTACTGTGTCACCATGTTCTTCGGCATGGTAGATAGATATAGCGTTACGAAAATCGAAGCCTGACTCGGCAGCCACTACTGCCCGGTTCGTTCCATCAGTCAGTCCCAGACTGAAAAGCATCGAAAAACGTGTAGAAGAACCCTTCAACGGAGCACCCTCGTGATTGGTAGCCCCTCGGTACGTATAGTACAGGAGTCAGTTCACGTTACCCTCGATGGCACTTCGTGCGGGCCCAATCGGGCCTCAGTCAATTGACATACGTAGCTAGGGATTTACCATATGTGTGGCACGGCAGCTTGACCGGTGGCATACCTTCCCGTTTTGGACTCTTAGCGTCGCGCAGCGTCACCATGTGAGACATCAGAGGCAGTCGGCGCTTAGCTAGGGAAAATTTGTTAAGTAGTAATCCGATTAAACAAAATACCCCTGGCAGTCGAACGCGTCGGGCTATTTGCAACCTTCGTGGAACCTCGGGTATTGAAGCGGGGAGCAGCTTCTCTAATCGTCACGACTGACCCGAAGTATCGCTCGTACCATTCCGCTTCGAGTCAGAGTATACAGAGGGACGAATGGATTAGAAGTAAAAGGTTGCTCTGCTTTATACATTATGCAGATATGTGGGCGGTGAAGTTACAACGGGCGTTTATGTACGAGCATAAACGAGACAACGTAAGGATGCTTGTGTGCGCCGTAGTCCCTGCTAATCGGACGCGAGATGTACAGCGTATATACGACGGCCTAGTAAGTCTAGGGCATCTGGTAATTAGGTGTCCTACTTCGCCGCTCCCACTACGAGGATGACATATCCTTTAGTCCGCAAGCGTTCCGGACGCTACGAGCTCCGATTATATCCAATCGGAGTCCTTGGGCGGAGCTTAGGGTTTGTACTGGAAGATTGCCGACCTAACTGGTGATTACTGTCTACGTCCAAGGCCCCGCCTGGCCTTTATGATTCTTAAGGACCCGGGGTGTCTTACGGGTTCGCTCCCTGGAAGTACGTACTATACCCTCCGAAGGTGACTAGCACGGAAGAGTCCTCGTAGCCTTCTAGGCTGTTGAGTCTTGGTGGCCACAACTTATCCATGAGTCGGCACGTGGAGATCCTCCAGGTTGTCCACCCGGTGAACATGTGATGGACCTTCGGCAACTACGAGACTATCGGACGCAGTGGATGGCAACATACCAACATAGGTTATATATTGGATAGGCTGGTGATGCCAATTGAGTCGTGAAAGA,1682,52.79,Homo sapiens
SEQ_699718,TCGCAACCGAATAATACTAATACTGTTGTTCGCTTACGGGTTTGCAGAGCTTTAGCCAGTTTCGGCGTCCCAATTTGTATGTTGCAAACGAATCCTACGTAGCTACGTTGTGGCCGATTGAGAAGGTGGGCCGTACCTCGGCATCTTCCAAACTATTGAGTAGCTAAATAAAGTGCAGTCACCTCGACCCCTCATTCAGTACACTGTGTGCTTTTATACCAGCGATGGAGCGAGGACTCCCTGGGAGCCCGCGCCTAGAGCAGATCTCCGGCGAGGCTATATCTAATCTTTTCTGTGTTTGGCCCAAACCTTGGTTTCTGTCTGAAGCTTAGCCGTACCGGTGTAGTTCGCCAGACCACGTTGCATCCTCTATAATTATTGAACAAATAACGATTAACTGTGTTCGATCTAATGGGGATTGGGTACGGGGGACTCAATGTCGGTTTCTCGTGTTTGGATTCAATAAGTTTGCGATTAGGAAAAATACTTGGGTATTCACCCAGAATGTTCACGGAAAGCATGGTCTGAAAGCTATTACTAGCATGTTCGAGAGGTTTTCCTAGGATAAGCCACTACGGGA,580,46.72,Arabidopsis thaliana
SEQ_887670,CACGTTGGGGTAACGTAAACTTCTTCACTCATCTTAATGATGTCCGTTCCAGGGTACTTATTGTCGAAGCGTTCGGCTAGCTCAGGACAGGCTAAGTCAGTCCTTAAACCATGATCCGTTGGACATTTCTAGTCCACTTACGTCAATGCATCGCTAGAATCGTGTCGAGTGACCATCTCATTCCAATTCTTTATGGTCAAATCTTAGACTTTAGTTAAGCGCTTAATCCGGAGGAACGCCAGTAGAGCTTCGGGCCAACAGACAGGCTCCTAAAGCTCGGCACACTGATTTATCGCAGACGTCAGCGAAGCTTAGGAGCGGACTTGTGTCGCGGGGGATTCGTGCGTACTGGGCGAGGCAGGGGTCCTGAGCTGGAGTTGCAAGGGTACGGGTCAGACTCCCGGCATACTTCCTGGCCGCAAGATTGGGATGAACTATTATTGTTTATGATCATAAGGCAATTGGACACCTCTCTGCGATCGACTCGTGTACGGTGTGTCGGATAAGGCGTTGAATGTCCAGTGGCCTATGCGGTGCCGCACTCTACCCGGGGCCAGTTCCGTTTAGCCTTGTCCCTTTAGACCCGGTTTCTCTTGCGAGCTGTCTGATATAGCTCGGGCAGGGAGAATTAGCTCGTTGCGGATGTTGCGGCAGCCGGTAAACTGATAGGTAGTGTCCTCTCTTATATCCTACGCAGCGCGGTGGCTCATTATTTTATTATTGGCTGGCCAATGTTTCCTTTCGTCCTATTTGCCGCACCATCTGCATGCGCCATTCGGCTGCAAGGTAAGCTGCCGCTCATCGATACGGGGTATAGTTGCCCGTAGACGCATAGGCCCACCTCTAACCATGAGAGACGGTATTTGGGTCCCACTCTCGTCCACACATCGACAATTATCGGAACACGAAGATGCCTACTAATCGTGAACAGACCAACGATAATCCCCGAAAATCTAGCCGTAGCTATGACGTTCGCGGGCGTATCGTGAGGGCTCTGGTCCCTGTATGCTCCGCATAAGAAGTCCGAGTTCTGAGGCCAGCGACATCATCTCAACACTTCTAACGTAGGGCTTGTCCATAGGTTTACTGGAACGTATCACAATCATTTTATGAGTCCTGATTAAGGCTGTAGTAGCCACTTCACTCACACAAGACTTTTTCTCTAACCTTTGTCAATACTTTAAATCAAGCTCTTCTAGCCCCGACTGGCACATGTTAGTACGCGTAGCTTACTATCGTGGCTGTTACACAAGTTGCGTCATGGGAATGGGCACCCGTTTCTCGATGGTTGAAATGACGGCATACACCAGAAGAGACTGGATGCCCAGTGATGCATGCAAGTTGAGCATGGGAATTTGAGTAGACCGGATGTTGCCCAAGGGTTTCACAAACGTCAATTAAGCAAGCGGATCATTGGGCTACACGACCAACATAGGAACTCAATGGTAACTTATTACCTCTACATCCAAAGATATCCCGAGATTCCGTTGGTTGGCAAAACCGTCTCAGACAGCTGTCGTTTGATGTGTAGAACAGTCT,1539,49.64,Mus musculus
SEQ_317258,AGATTCGAGGTTTAAGGTCTCGCTATTCAAGTTCGATTATGAGGCGTGATGACGAACCCAATGGATTGGGTTGCCGGTCATAAATGATCTGCCAGTCTGGAGCGTACTGGGGCACCGACTTCAATGACGAGCACTGGCTGGATTCACTGCGCTCTAAATCACAGATCGCACGCGAACTCTTACCACGGTCATGGATCAGCAGCTTGCGAAATGGCGCGGTTTTAGGTTATTAGTATTGTATAATGTATTAGCTGAAATAAGATCTGATACTCTATGGTTGCGAACGTTTATCACTCGATGAACAACTCATCGATACTCGCAATGTGTGAGCCCGAATCAAATGTTCAACTAGCCTTCAGTGGTAACTTACCGAAAATTGTGGAAGCATGAGAGTCCGAGGAACCCTCTAACAAGCTGGCGCGGGCTTTTGAGACTATAAGGACCCGGTTCGGGTTTCAATCCGATTGCCAAAATTGATTACCATACGCTGCGGCCGTCACCCGTTACAGCGCTGCGCAGGTCATGTATCATTTTCGGACTAACGTTAACCACTGTCCTACTATCGATTGCGGCATTACCGAAATGATACGGAAAATCGAAAAGAAAATCATTGTATATATGGTGCGCATGCCCACTCGCACAGTCCCCATTTTTCAATCATGAAGAGGTAAACCCAACACAGATTTCCCGGTATTTCTCCAAACCGGGTCAACCTGATTGCGCTTGTCCATGACAGCGGTTGTAGTGCTAGCTGTTGCAAGAGCAACACCAGTTCTGCAGAGCGGGGGCAGTATCACGACACATTGGTGAAGCGGGGATTGTGAGGTTCGACGTGTACCCCGGGTGGAGCGGATCGGCTACGACTGGACACCTCCGGCCAGGCTATGTGTATTTCCTCCAGTGATGAAAAATTTGAGTAAATGCTCACATCTGAAACCATCCCCAAAGCTCTTACTTCAGTACGAATCTCAAGCGACGGCTCGATTCCAGGGGCCATGGCCATTCCCTGGACTACATAAGCACCCTAATAACGTTTTACCACTCTAAGGAGGGTGCGCACAGAGCGAGCGATGTGTAATAAGCACAACTCCGCCGGCTTTCAGTGGCTCGGGGTCCTCTGTCACACCACTGGCGGTTCGCCTGGATGTTTGCACAATCAGAAACAATAGCTAAGATCTCGTCAGCCAGTCATCTAAGCTCCAGTTATAAACTGTGTCAATATGGTTATCTTGTTGCGATGACTACTTATAAGTGCAGAGGTCCCTTAGAGCCTAAAGGGCGCCCTATCAGAGCCGGATATCATGTGACTACCGTTTCTGGGATCAATCTCTCTTATACACTCTCGGGGTCCCGACCCACATCGCGCATGTGGTA,1374,48.91,Homo sapiens
SEQ_271521,ATGAACTTCAACACGTTTGTGCAACCCTTCCAAAATAAGTGTTTGGTGTGGCGGATACAATTAGTTAGGGGCGATGGTTAAGATTCCCGTGGTAGGGGGTGAGGTAACAGTCGCGTGAGGGCTTGGTATGCACTGATACCGAAGTCCCGCTAAGTTTTCATGACGGGTCTTAGGAGCCCGACATCGCCGGACACGAATAGTTACTCGTTTGTAGCGCATCTGAGGCGTACGCTATTTCCACTAACGACTTCGTCGAACCCCCGACTTATACACTGTCAGGGCAAGCTCGAGTGAGGTGAGTGTGTGTGCGAGTGGAAATCAACCGCCTGTCCTCTCACTCAATTACTGGATAGAGGTGTGCAAGGACCGGCTCCCAGAACAGCCTTTATAAACTCCTAACTCTACGACCCCTGATCGTGATTCCCACGATCCCAAGGTGCGTGGTTTAGTTGATCTCCCAAGGGAGTCCCATTTCTCCAAGACAACATATCCCAATCCCGAAACTGTAATAAAAAGAGACTACCCGTACTAACGTTTGTAGGGATCGATGTGGGCGTTTGTCAGATGTTTCTGTTCACCTTTTGTTGATAGCATACAAGTTAGACGCACGTAGTAAGAGAACGGTCGTCGGGACGGTTGAGAAGACTCTTTATTGGTACGACGGGGTATACGCGCACATGAAATTCGAGTCAGTAACCGTTTTTATCACATTGTGTGTATTCTAGTTGCGCCCATTAATCTACGAGTCCGCCGTCTGCCCATAGTCACTGATTTCACCTACGTCGCGGCCCAGCCATCAAATACCTATGTCCAATACAAAACGCGTGTCGCT,832,48.92,Homo sapiens
SEQ_706870,TCTCTTACCCACCGTTGGCAACTTTCTATCTTTTCCAAGCTGTAGAGTATAGCCGCTCACCGGCTAAGGATGAAAATTCGGACGGTGATTTCCTTCTGGCTAGCGTCGGATGGCTGAATATATATGGTTCTTACAGGGCATGGGACCAAGGGTATAATTAGAACCCACTCGTAAAAACTCTCACCCTCCATCCGGAGACATCAGCTCCCGGCGGCCTACCCCCGCGTTCCTACAAATCGCATACCCTCCACCAGGCCCCCACTTCAGTCCCCAGTTTGACAAGAGGGAAAGATCAATATTAAAATCCACGTTTGCACCTTTTATGCCTTAACTCAACTGCGCGAAGCATGGTTGTGATCCCGGTTGAGGCCTTCGGGGTTAGCTGCCGCCTCACAACCGGGCTTGCTTAGTCTAACTGTCGTGTGGTACCAACATATTCTACTTTTCTGTCTCAAACTATTGATTGGCTTCGGCGTGGTTAATCCTTAGAGAATCTAGTCCTTCAAGCCAGCAGTTTGTGAAGATGACAAGCACCCCGCCTGCTATTTCATGGCG,555,49.73,Escherichia coli
SEQ_543593,TGGACAACGAGTATTGAAGTATAAAGCGAGAAGACGGCCGAAATCGTTAGCCATTGGAGCGATGACCTGTTCACGGTCGGCTGTAGAATTCAGGACGACATAATACGTGCAAGCAGTACCTCCGACGAGAACTGATTCAGCAACGCGTCTGGACTAAGTACGTAAAAGTAGCGACAGGGATGGTGCCCCTTGCTAAAATCGAATACGTGATCTGAGACGATGGGCCATCCCGATTCTGCCGATTCGCGGGGGGGTGAAGAGGACGATAACTCGTTCTTTAACCGTACCTTGTCAGGAAAAGCAGTAAAAATCACGAGGGGCAGGTGAAGTCCCTCAGGAGTTGAACGCGGCTAGGATGTACAGATACTTTTATGGAAGGGGTATTTTAGTCGACAACTAGGCGTGCGGTGAGACTTCTCATGTATCCGGTGCATTTAAATCACCATTCCTACGGTCCGCCGTGCAGTCGTCTTT,474,49.79,Escherichia coli
SEQ_248642,TTCTACTATGGGGCGGTAATCCGCTTGACTTAACTTCGAGCGTAGAAAGAGACCCGGCAATTCGTACAAATTGAACACCGCGCGCTTGTTCGTACAACTGTTGAGTCGCGCCGGCGCTTAAGCCTATGTCTTGCATTCTAAGAAGTCTGAGACCTTGACTAAAATGGCTTCGTTAATAGTTGCGGTTTTTGAATATTCGTACGTGACATCTGATGATGAGTGCCAGAGCGAGCCTTGCTGGCTTTCCCACCCGAAGCGTAAGGGCGCTAAAATCTCGTCCCCATTACGTTAAATGAGGTACGGGTATGTCATTGGTTAATTGCCTTCAAGTGATATATACATCGCATCCATGTGCACCCCATAAGCTCGGCTAATATTGCTTCCAGAAGACGAGTACCGGCCTAATGACTCAATATGGTTCTATAGCGCGTCAAGGGGATGTCGGACTCGCACCTGTCAGGAGCAAAGTCTCCCGACCTGTTTACAATTGTTCACGGAGCCCGTGGAGTTTGCAATAGATCCGAGCCCCGGATATCTGGTGAATGGTTTGTAAGAAACCTCACCGACGCGACCGCGTTTGATGGCTCCGGCACAAATGGACATAACACCCTAAGGATATGTTACCCAGAAGCCCAGTGTACGTACGCATACAAGTGTGCAATTAAACGCCGACTACACATCTTCAATTTTCTAGTGGCATTTGCCGTACGGGATGGACCTGCATGGTTCAAGACAATTATGGTAACGGGCCTGAGTCCACCATACGTTCCGTCCGTACCACTGGGTCAACAATAGCATGTTTTACAGGAGAACCTTGCAAGCATTGATACCCACGGCCTAAAGAATGCTGCCGCAATGCTGCGCCAAGTACTTGGATAACGATTGGTGATATCCGCATAACGACTATCGTTACGTTCCCACAATCGACATTTCTTACTCATTGGGCAGTCTTGCGTCCGTATAATGATACGTTTTCCGGTGACCTGCCGGTCAAAACGCCTCAACCGTGCCATTTTGGGGCAAATCAGCGGATCTATAGGGTGCGCTTGAAGTTCCGTGAACGGTTGAAGCGCCATCGGCGTGCGTAGTCTCCGTAGCCCAATCTAGTTTGGCCGTCTGACGTTGGCTCCGTTCAGGTTACGCCATCGGATCTTCGCGGTTCCTCCAAGTCATTTGGCCGGTAGATTTGGGCAACTGTGAGTATAACTTCTTGAGGGACTCTACACTATCATTCTCCGTGTGGGAAAGTAGGTGTAACCTACTAGTAAATTATATAGAATCGGTTATTCTTCCGCTGACGACACTCGT,1308,48.93,Arabidopsis thaliana
SEQ_852911,ATGTTTCTGCCGATTGCCGTCGAAGCTGTGATACTAGTAACCTTGTCGAGGGTTGACTATGATTGTGCAGGTGTGTGTAATGACTAAAACAAATTATCCCTACAGCTGGGCGAATAGAGTGCGAGGATAACCGCGCCCTCCCGAGTCAAAATTGTGAGGCGCCCCAACTTATATATGCCGGATTTCCTGAGTAAAATTGTTGATCGTGAGCGCGAGTCACTTGTCAACTTACGCAGACTCGCGCTTCTTTGAATCCTCAAAGCACACATCCGACAGGGGCTCTATATATCGTGTTTGGGAGTTTACTTAAGGATAGGATTAGTTTTATGGGAGGGTCATGACGTGAGAAACCGGTCCTTGTACTGAGAGTCAGGAAGGAGTCGCGGGATTAACGTTGCAGCGAACTAACGTCTGGGGACCACACCCAGAAAATGGGAGGCAGCCCCTTGCCATGTATCTTACAGTCGATCCCATGTATCATTTCTGAGGACCTTCTGCCACGGCCTGGTGCGTTATTAAATGTGAATCACGGACTGTGATTATAACCCTGCATAAGTCGCATTAACGCCGAGAAAACCGCGCTGGGACAAAGCGAACATCCCGGAGGAATCAGCTTTATCTCGAAAATGCCGGGTATTGACGTGGTTTGTCCCTAGTTCGATGGGTCGTGACGGTTTCCGAATGAACTAACGCGTCCGTGATTTGGTTTTCTAATTGGCGGCTCTTTACTGGACCTTAGACAGGTTGCAATGGTGGGGCATTAACAAACGGTACCGGACGGTCTTCTGGATAGGCCGTAATCGGCGTACAGTACCCGCACCTCCCCTGTAGAATGTCAGCTCGTGCGCGTTCTGACCGATCGCGTAACTAACGATGATCCCCGAATGACTGGGTTACCCCGCATTATGCAGTAACCAGATACAGGGGTGCGGCGGAAGGGAGGAGTGTGAAAGCCAGCGGATGAAACTTGCCGAACGAAATCACATCTAATACAGTCACCCGCAGGGCTGGTGCTAACGGATAGGATGCCGTGTCTAGGGGGTGGAGTCTACAGCTGGCTCAATACATCTAGCGGGGTGACGTGCGTTCGTGAACCGTATCCTTAATTCCCCTGAACGGCTGCCGGATGGTCACACTGCTAGTGTGATTGCGGAAGCAGAGATTCATGGTGGGCGACCGTACTAGTATGATGCCCTCTTGCTCATTGACTTACCCCTTTATATGGACATCGAGAATGCTCCTCGTT,1246,50.72,Mus musculus
SEQ_996132,ATTCACTGCCAATCTTTCGACTTCAAACACTGGCAGTGTATAATTAAAGTCTGAATGTCGCTGCCGTCAGTTCGTAGAGGTAAACTCTTAGCTATCATGCTACGTGCATACAGCTGCATTCTGTCCGACCACGTTCCCGTAGTGCTTGTCCAGACGATAGACTTTACTACCCATTTATTACCAACTCGCGGTGTACTAAGCGTCAGTCGGAGGCTTTAGATATCTCTTACGAGGTTTCCTTCTTTAAACGATACCTTCCCCACTAATCTACTGTTCCCTACTCCTAGAAGAATAGATGTATGCTAAAAAATAAATGTCCCATACTGGAGTTGGCTCCTCGTTCCCTTGCCGTGTCACGGGCCAGGTGGGCACCCCGGGCGGAACAAGGCGAACCTTTCGCTCGAATCATCTTGTTACATACATGCCTCTAGGTGAATCGAATAGGATAGAACATCGCGTACGGTGGAGCTCAGCAACGGTGGCCGCTCTGCACCCGATGTGATTGTCTACCTCTCTTGACCAGTCTCCATTGGCCCCCACGGACTTAGGCCCAGAATCATGTCATGTCCAATGATGAAGCAGTATTGTAGTTTGAATCGGCTCCATGCCACGCACATACTATGCGTTCCTTGTAGTAAAAGAATGATCATGGTGGCACCAACCGAGCTTCAACACCGCCGTTGACGAACTGTCAAGCAATCTTGCCAGACGCCGTACTTATTCAGTTGCCGGGGGGTGAGTCTGCCCTTGTCAGTGTCCTAATGCTGTTGGCCATCGCACCGACCTACGGGGTGCCATAGCCGTAGCTAAGTATGGGTAAAGGGTTCATATGGACTGAATATATGAAATCATTCATCGGAACTTTGAGTTTTGCTGACGCGATCGAAACAGGCGACACCGTTTTGGCCCGAGTGCGTAGCTCGTCTTCATGGTGACCATCTAGAATTGCACCTTCAAGACCACACAGCAGGGCCGGCGGCTCTAACTATGCTATTAACAATGTAGGTAACAGACTTATCGTTAGTCGGTGTATCGCATAAACTACAAAGGGGACCGACCGTGTATCAAGATCAATGGGGTCATTCAGCAAGACCTCCGTGATAAGCCTTCACAGTCCGCTTGATGAGACTCCAGAGGATGGGTCGGTACATTAGGTTAATCCTATGACCATTTCACCCTGAAATAACACGGCGTACAACATTCAGGTTAGCAAGCCCTCTCCTTGCTAGAGTAGCTTAATATTACGGTGAGCGACTCCCGTCAGATTGATCAGGTCGTTCGCTATGCAGACTTTGACTGAGGAGTCAGGTAGTCATTTGCCGTAGGCGAGTGGGGAGAGAGCGTTAATTCTTTATCGTTGGACATTATCCGATAGGTAATTCTGTGTGGATCCTGAAGAGAAAACCCACGACGCGACCTCTTTTAAATATGACAATCTATGCAAGTATGAAGATATATATACCCGTTCCTTAAACAACTACTCCTCTCCGGAGGACTGGCATGTCGTGGAGGGCCACATGCAATGACACCAACTGACGTGGGTGGATGTCCCAAACCTTGCTGGAAATTGATGTGGCTGTTAATGGTTCCTCGCTCCACAAGATGTTATTGAAGCGAATCCGTCGTACATCCGCTTCGTGCTGGACCCAAGATGTTTTGTAGTTGATGCCGATGGTCGATATATAAGCGTGTCGCCCCATAGGTGGCGGACACATACGGGGATACTTCCTACTGTACTCTAGGTGTTGGCCGTACACGGAGTGGCTAGGAATGACGCATTCCTACCGCACCCTACCCCGG,1800,48.89,Arabidopsis thaliana
SEQ_397350,AGTTATAGCCTTTCATCGTTCAAAATATTTGCCTATGATAATTGCTGTTCCGCCGAATATACGTTGCGAACGTTGCGTGCGGCTACGTCGTTGAGCCCATAGATGATACGGGATATCAGCTATATAGTTGTAATACGTTCGCAAGTCGAGTGATGGGATTATCGTATTTAAGGAGCACTAATTGAGGTTAACCGACCGGGTCCACTTTAATTGAGTGATCCCTGCCTGGCCACGTGGCCTGTGAACAGTCAGGAAGTGATGGAGACCCCAGACAATTCCTCAACCTCTGAAGCCGTAACTAATCTTAAAGAACAATCTGTCCTCTTGGGACTGCGCTAGACTCGGACTTAGTACCGTGGCCACGGGCAGCCTA,373,47.45,Arabidopsis thaliana
SEQ_472273,TCATATGAGACTCACAACTATATCGGCCTCATTTCACACGCTCCAAAGTCCTTGCTTTTGCAGAATTTACTTACCTCGAGCCCATAGACCATTCGGGTGGGTACCGATGTGTGTCCCGCTGAACGAGCAACGTTGTTACAACACACTCATCAAAAGCCGCAGGTGCGAAGGGCAAAGGCCGGATTTGAAATTATACGTCGTAGTCAAGGGTGGCCTGCAACTCTAGCTCTAATGCGGTGGGAACGCACAGCAACCTGTTGGAGGACCTGTGGCATCACTGGGACCTATCCCCACTATAGATTTTAGCAATGTATACGAGATTACAGGTGGTGGGTGTGGATAGAGGTCTATCGAGCCTAACTAATACATCTAACACCTCGTTGCATTACTAGGCCAATGCTATTAATTGCTCTGTTACGTTATTCGAGTACTAGCCACAGGCCTAAATCTCCTGTTTACCTGTGGGAACTTGACGACTTCTGCCGACTGTTAACGATCGACAGATAGGTGCTATTAGTACACGGGTATCGGATATACCGATATCTATCGCCTATTGGACCTCTTACCACGCGTTGTTGGTCGGATCCCGGTCGACAGCTGTGATACTAGGCCATGCTCTAAAAGCGCCGACGAATCTAGCAGCGTTCAATTACTTCGGCTATGTGATCCTTGTTGAAAACACGACCCGCGATGGGGACATGATAAGTATTCCGGGCTTTTCGCACGGAAAACTCTCTAATTACCAGTACCCGCACCTCAAATGTCGAAAGAGGAAACTTACACATTGGGTTAACATATCCTGATATCACTAACAAACGAACTGTCTAACGCTGGCACTTCGGGGCAAACCCTAGCATTTTCGCGACAATGCACTCGGGAATTAATGATTGATGGAGTTCCGAGTCGTCCGCGGGTCTTAGGTTTGGGGATCAGCGGTCCGTTAGTCCTCACCTGCGTTTTGCCAAACTTTATTAGCTGACACCATGACTACCTGACTCTACACGGAGGTGATGCCGATCCAGTCTAACTTTGGTTCATAGGCTACCGACTGGCCGTACCGTATCCGTGCCCTGACGCAACTAGACGAGCATAGTGAAGCGAGTGCGGCAGTGTGTGGTACGCGTAAGCAATTCGTCTTAAATTGCAAGTACCAAGCGCTTGGTAAGTACATAATGAAGCACTTAATACGTTGAAGAACGCACGTCGAAGACCACACTTACGAGTTTGATACAGCATTAGTTATAGACTCAAAAACTTTGCTGCCGTGAAATCGGTGTCAGTATCTTCTACATCGTGTCGGGCTCGCTATTCGCCCTATTGGGAGGCTCAGCCACGGCCCGGCCATGAGGTTAGTACCGTCGGGGATCCGTCTTATTGCTCAATCCGTATGGCAGTTGTAGATCTATAGGGTTGAGGTCTGGTTACGATCTTTGTACTCCTAGACAACAAGATATCTGGGTCGTTCGATGAATGATATCGGCATTGCTAAAAATTCCCTACGCTTCCAGTTACCGGATCTTATTAAAGTCCCAACAAACGCTGATCAGTGCCCTTACCCCTTCAGATATAAAGGGTCCATGCCCACGCGTGCGCCACTCTAGGCGACAGTACGACTATAGTGCACTCCAAAAACCTAGCCGCTTAGACACAGCCGTGTGACGCATCAGACGGAGGGCATACCCGCAATCCGCGCACTCCACCGACAGCCTTCTACTGGATGGTTGCCAACATCTCGGGACTCCTGCATGGAAGCGCGTTAGGGTCAATTCAAGTTGAGAAAACGACACGCCTAGACGCATGCTCTTGAGTCCACATCAATGCCAAGGCTAATTGTGTGGTTTTACGCATACTCAGGTATCGAAAGGGGCTCATGTTTATATCGCCCGGCCTCCCCGGATCCTTAGTCTTTCCGCGTACTTCTTCGTAGTTTGTGATCTA,1938,49.02,Mus musculus
SEQ_632630,CCGCGTCTCAAGAACCCAGAAGAGCTGCTTTTCTCCCTTATCGCGATATCTGTCTCAGATGTCTCGTTGACACAGCCTTTCACCGGGAACTCTACCCCCTTGGAGGTGGAAGGTCTTCGTGGCAGACCATCCAATTTTGTCTCCTGGACCGTTGACATT,159,52.2,Mus musculus
SEQ_414210,ACAGTAATTACCGGGCAGGACTAATCTTTGTGAATTATGGCTGATAGCGCGATCTTTTTTGTTCATAAAGCATGCCTACAAGTGGGTACGGGTGCATCCGGGTCGCTTCATCGATCGCGGAATCGGCGATGCTCCCTCTGAGTTAACACCGCGCATAGAAACTGAGATTAACAGGTTCGGAATCCCTTACGTCCCTGTTCGTTGGGATCGCGTTTTCCCTAAATCTGCGACGCAGGTACCCATTTGTAAAAGCGTTGTCCACAGACATCACAAATCCACGTGGACTCGTAAGGACAATAATATACGTACACCGGCGGGTATTAGATAAATGAGGATACGGTTTATTTGATCGCAACCCCATGCTCGATGTTCAGTTCTTCACAAGGCTGGCGGTTGAGTGTTCGGGCTGGTAGTACCGCAGACCTGCACCGGTGCAGCGGCAGGGTGAGTACTAAGCCATGCTCTCATTACAAAAATAATAATGAGCA,488,48.57,Caenorhabditis elegans
SEQ_653328,ACGTTCTAATGAGGCCACTAAGTACTATTAAAGAGTCATGTCCGTTGCTTTGTATGTCGCGCGGTTTAAATGCTGGGAGTGCTTCCTGATTAGCTGGTTGGGATCATAGGTGTACGTACAGGTATCTCAGTGACTCGAGTAAAGAAATGGTGATGGGTGAGGCGTTCAGTGCTTACTTTCCGGGTTGCACCATCTCTCTGAAGCTGTCGCCCTGGCCGAGCAGGCCACCTTTGGAAAGAGCGTAGCTACTAATGTAGGCCTAGAGGGGCACAGCCGCAGAACGCCAACATGCTTTTAGTCGTCGCTGCTACACCTTTTATCAATTATCTTTATTGAACCATAATGGTACAATTTCAGTTGTATCGCGGTTCGCGTAACGCAGTGATCATACGGAAGGGGGGAGTTACATCCGCGCTCTGTTAAGAAGACGCATTGATATAGCCCGTATCGTGTAAAGTAGTTTTTTTTTAATCTGGAGTGTACAGCAAATACACTTCTCCGCCCTGTTCATCGTATTACAGGCTTAGTTGTCAACCCTAACGGACAACTATGGGCGTCCCCCTGTCATTCACTGGATACAAATTGTTTCAACGTTCCCAGCATGGTTTATATAATTCACACCACGAATATCGCATTAATGACAGACTTGCTGGCGCCCCGGCGTCCAAGCGGGCGGCTTTACGCATGACTGAGGGGGTTTGCTTGCGCGAGGTGTATTCTTCGTGAGTCGGAAGCTGATAACCGTTCGGTCGTTGCACCGATGGCAATTAGCGTGACGGGAGGCCGTTGACGGCTGTTTACGTGCCTACAGCGAAGAGTGGATCAGCGCTTGCTGGTACAACGTTGGTCAACAGTTGAGTGTATACTGCCATCTTCTGTTTGTACAAGATACTGCTAGGTCTCGTGTATATCCCTGGGGTCGGGATACTGAGAACTGAGCTAGGCCATAGTAACAAAGGTCATTTCCCAGTACGTGGGGCTTGGTTGGTTAGGTCTATCGACGGGATGTCTGGCTAGTGGAGCACACGCGATTAATGATCAGACGTGTGGATCGCCTTATAAGGGGTGACAGTTACCCATACTGTTCCTTTCACGGAGAGTCGACCCTAAGTCCCGAGCATACGAGGACTCTCACGC,1137,49.43,Saccharomyces cerevisiae
SEQ_601852,CCTGGACGTATCTCATACGAAACTCTACGTAGCAAGGTACGGTGCGCATCGTTGGGGCCCGCCATACGCGATTGATGTAAGATCTGGCCAATAATGAGCATATTCGACCTTATAGCCCTCGTGCGCAGCCCAGATTGCTAAAGATTGTACTCAACCTTACGTTAAAAATAATTACTCGGCCCTAGAGTCGACCTCGATCTCAAATGTTTGTACCTCTACGGATTGATTCAGGCAGGAGAAAATGAGCTGGGCAACAAGTAAAACTCCTGGCTCAGTGGGTTCACTCGTTTCTCCGTACCAGCTTGGGACCTACACTCGATGGCTTTTATGACCTTCGTGGATCGCGCTGAGTAACTGGGCAGTAAACACTTCACTCTCCTACGGCCTCCGCTGCTAACAACCTGATGACCTGGCAACATAGAGTAATACGCAGAAACCATGGAGGCTCTGTAACCGTTTCTTAACCTGAGGGGACGGAAATCAAGAGTACCTTTAATAGACCACTCGGGTCACGAACTGAGCTGCGAATACAAGCTCAACTACTGCAGTAACAAATAGCAAAAGCGCCCCGTACGATGGCCGGAGTTGCAAGGATTTCTGCAACCCTGGTATGTACCTAGTAGTCTCGCAGCATTCGCAGCCTTGGCCGTTTAACCAATTGTAAATGGTTACTAGCTTAGCGAATTGCGTAGCCACTTTCCGAAAAATTTTTCAGTCGGGAGTTCGGTGATTTATCTTGGGGCGAGCGAAGGGCCCTTCGGCCAGCGTGGTGCAGAGAGTAGCATTTCATGTCTGCGTTGGTTGTACCCCCCTCTTCTTATTCGATGGTCGAGGATTTATTAAAGATATCAGGCAACATTCAAGTGTAACATCTCGAGCGTCACGTTCTTTCCGGGACAGTGATAGATCAGTGTCCGTTGAACGCAGCACTTGATCCATATGCAATAGGACGTAGCTACGTACTGCTTCCCGTTGTTGTCTCTGTGTAGGCCTACCGA,998,48.8,Escherichia coli
SEQ_860819,TTTTATGTGACTCATGGAGCGGTTCGGCTATGCGTTTTAAGCCTCTCCTTAGGTGCCACATGCATAGCCGAATCGAGGTGTCTTCGCAGGTC,92,51.09,Saccharomyces cerevisiae
SEQ_862148,GCGAACCGTCGAGTAGTAGTTTGGTTACCCGAGCGCGGTACCTGCCGACATGCGTGTGGTGGTTGTGCAAACTGTCATTGTAACAGCGTACCTCCGCAAGAGAACGACATGACAGGGACGAACTTATGCCCATAAAGAAATTGGGAAAATTGGCGTCGAGTAAACCTGTCACATCCCAATCTTCGAGGTCTTCCACACTGAGCGGAGCGGCCGCCGAAACTGAGGGGGAAATAACTCTTTCTTTATTTAAGTTCATAATCCACTGAATGCAGAGTTATGTCTTACAGGAGGACATTTATACCTGCTGACCCGTCTACCTACTATGAAATGATCTTACGGGTATTCAGGCGAGTTTCGCCGGGGCAACAACTCCAGCTGGTTATTAACCAGGTCATAGGTACGAGATCGACGTACACTCGCACCGCTGAATTTTAGCACTTATAGACTACCTAATTTAACTTACTATGTCCGCTAATCCAGCTATAACTGAGGGTGAATGCACCATATAAGATAGCCTGAAGGGAGGCCGGTCCTTCCTCAGAGTGCTTCCGTGGGCACGTCTTGTGTATGGGCTGTTGTCCAATCGACAAAGGCACGATGCAATCGTCTAACTATCACGTCTCACCTCGGTCACCAAGGCGATTGATATAGATGCATCCCGTTGCGTTCCCCAGGACCCAAGACACCGGGTAAACGCCGTGTCCTACACTTATGCAGGCTCGTTGATTCTTCGATCGGGACCAAGGCTTCACAGGTTCCTAACTAATGGGCTCTATATAGATCGGAGTCCGCAGGCGGAGTGCTCGGAAATGTCCCGGGTTCGACCCCCAAACGATCGAAACCAGCTCCTACGTTTACTGCTAGGGTGTTGCCTAACTCAACCGCTTCATAGCGGAACAGCGAGAAGTGAGTAGGGCTGTTTACTATCATAAAAGATTGTCATCATCCCAAACTTGATGATCTTCGTCACTTCACCCAGGTACGGCGGCGTGAGGGGAATTCGATGACCTTCCCGTATAAGTTATCTGATACCTAATCACTCAAATAGGCTTAGATTATTTCCTGTCAAAGGAGAATCCCAACTGAACGCATGTATGAAAGTCACAGTATCACCAAAAGATGCTGGTATATGAGATTATGGCCTCTTGTAACTGCGAATAGACCCCAAAAGGGCCCCACACAAGTCTTAGGACCAAACAGCCTCGACGCGGGAACAGTATGGACTTTGATTCAGGATCTAAGGCTTGAGATTATATATTTAAATTCGACGGGCGGCGACGATCAAACTGTGGTCCTGCCGATTCGGGCGGCGTAAGAGCACATTGAAAGCTCACGCAAAGATGCCCGATGCCGTGAGTGGACTCCGCTATAGGCTATACTTAGCTTTGCTAAACCTGAATAGTAATTTAACTGCTCACGATGTGGGCCTCCGACTTGGAATTTAGATCGCTTTTCCCCAGTCTGTCCACTGGCCTGTCTTCGACTAGTGGTAGATTCCCATACATATGATGGACCTCGCTCCGTGTTGATACTGTGCCTCAGGAATATTCGGACCCACAGTACGAGAAAGAAGATGAACCCACAACCCCGCAAACCGAGCTTGAAAGTATCCGACTGTCCAGAAGAAGTACGATACACTCTCCTACGAGGGCCAACTCCGCTAAAACTGAACCTGAAACGTTACAACAGTGCAATACTGTCTGCTCACCAAATCTCTTCACTGTTGCAACGGCCAGACACTCAGCAGCTGAGGGGCCCCGACAGAACTTTCGGGCGGGAGATGCGCTAGGTTGGCGGTGCACAACGTAATCCCCGGGGTGTCAGGCCCTTT,1831,49.43,Escherichia coli
SEQ_355489,ATAAGATCTGCGACCGCACGGAGAACACCGTTATTTATGAGTACTAGCCGGTGTGTATGTTTATAGTCTTAGATTTGAGCAATTTCAGCGGGACTAATCGAAACCGTGGAGTAACTCGAACCTTAAAAACTGTCATAGCTTCACTATGTCAATCGCTGAAGTTCAGTTCCTTATCACCCGCTAACCACGCTCAATCCTATTGCCCTGTGCTCGGGCGAGTCCGTATAATGTCACTTAGGAAGCCATAATGCGAAGGGCCTTGCTCGCAGTTACTGCGAGGCCAATTCGGCCAAGATGCAGAGATGCCTATTTCGTTCCAGGGCGAGGGTTCATTTAATATCCAGTAGGGCCACCGGAGGGCTTTCTCGGGCTGGTAGCCTGGATATGGAATCGAAAAGGTATCTTGGGTTGCGCTAGTAAGCCCCGGGAACTAGCAGTGTTGCGCAACCTCCGATAATCAATGGCATGTAAGAGACATGCTTACGTGAAACTCCACGCACCACATCAGTGGTCCAACTACCGTAGTGCTGGATGCCCGGTGAGAAAAGCCTAAGAGGAAAGCGTCTTCTTGTGACACCCCAGTATTTCATGGAAGAGAATGCCTGACGGAATACGGCTACAAGACCCACGCTATAGACGAAACCCATCGACTCTCAAGGTTGTCAGTTGAGAGGTTCTGCTAGTGAGCTCTGGCAGAGCATGCGCTCCAAACGGCTACCGAGAACCTGAATTCATAAGCTGAATCTAGTCAGCTCATTCGATTTGGTGTGTTGACGAGAATCTCCGTCGAAGATGAGGTAGTTCCTAGCTATATGCTAGTGGGGTAGACTCTTGGTCGCAGTGGGCTATACGGATTTATCTTACTTGTTGGGGAAGGACCCGTTTGACGAAGTTGCAATTCCCGCAACCAGGGTGCTTTCCATATGAGGGTCGCATTAGGGCTAAAATACATTAATGGCATCCGTCAGAGACTATGCTCTGCTTTTATTCTACTTCAAAAAATTGTATATTCCAGCTCCACGTGGTTCGTCGCGTGGGAGAATGCGCGTGAAGTCGTGTAGGATCTGACGTAGGCGGCTCCGGCGACTGGCCCATTGGGTAAGCTCGCTTACCATCGGAATATTACGCAAAGATGTGACTTCGGGTTATTCCTGAAGGAGCGCTCTAGAAAGTCGAGACGGGGTATAATCTAGTATATTTTATTTTGACACTCAAGTCGTAACAACACAAGAAAGCCCGAATTGGACATGACCTGGGTACGCCCGGGCGCCCGCAGACTTCAATTAGCCTC,1291,49.03,Caenorhabditis elegans
SEQ_590404,TATCTTCCCCAAGGTCAGGCACGGGGCCTTCCATGCCGTGGGCACACTCAGCTTGCGACTCTCAGATATTATTTCATGTGCGTCGGCCTCGCTAAGCGTTTAGCAGGGATATACTAGGGATACCTTTCGGAACTTTGCGCGAGTATCCGGGGTCTGTA,158,53.8,Homo sapiens
SEQ_865019,CAGCTGCTATCACGTGTCGAAGGAACACGATTAAAAGTTCCGCAAAAAAGAATTCTGCACACCGTAAGCCCCCTCTGTGCCGTGGCGCCCTGTCAGTACAAGATAGGTGGCTCGCAAGATAGATTGGGAGCATTTGCACGCTCCGCTAAAGGATGCCAATTGGAAGCTTTTGAAAGTAACCAACCGTTAACGTCTCATGTAGTGATAAGTGCGATCCTCTAGAATGGACTTATGCCGCCCGTGGGGTAGTTTTACGATGAGTTCAAAAGCTCGTGTTTAACTTGCTAACGATTGCGACATTCGACGTAGCCAGCCAGTTTTGTACATTCTGTGGCGGGCCTTTTCTCCAGGGCACGGCCTGGCGCAGTGTGATAGAACGGGAGCTGTCATCTATGTAAGGCTTAACACGAGCTCGTTCATATGACCGAAGGCACGTTTTCTGGACGTGAAATTTAGATAAGGACAGGGAGTCACTGGAAGCTAAATGGGCCATTCGGAGGATCGGTACCAAACATCCCTCAGAAAACGGGGACATCCTCAAGCAGGGTGATATCGACCAAGCGAGAGGACCACGTCGAGGTCAGTAAGAGGGTGAGCGATTCGGAAGCGAAGACATTGACCCATCGGTTCTTGGGCGACTGAGTGGATGGGACTTTAACTACCTAGAAGTCCGTCTAAGCGGATGGCCCTGCTCTGCATGGAAATGAGCCCCCCACAAACTTGGTCGGGCACCAGAGATAGAGGATAGTGGCGTGCATGGAAATTCTCCATTGGTCATTCACCTCGACGCGTCGGATGGGAATAGCATTCCAGCTTTGTATGTCAAACTGGTTTTGCCGGCATGAGTCACTGAGAAACACTATCGTTACTTCCATTCTGTTCATGTTGTTGGTTCTCTAAGAGTGCCAAATGTTTTATGCTAGCCCGACTAGACCGATTCCTGTAGAGTACCTACTGTTTTGACGCTTCCAGGTATTCAGTCACGAATATCGTTCTAATCGCTAACTAGCCACTAGCTCTAGGGTCAGACACCGAGCTCTGCGTTCATGCGAAAATACGACTTGGGTATCAAAGACGTAGCGACTGTCTCTTCAAGGATACTTGGCAAAGGTTAACGACAATGAACGTACACAGTAGCAGGCAACGGCCCAGACACATCGGGCTTTTTTTAGTAAGAGCAAGCCACTATCGGACGAGAGGATACCGTGCCTCGGTCAGCGGGAAGACCCCGAAGCGAAGAACAAACCATAACGTAGACTACGAATTTCTTCGTAGGGCTGCCT,1283,49.65,Drosophila melanogaster
SEQ_560176,TCAACACCATGCAAACGAGTTAAACGTAACGCTACGCGTATATAGTGCGTGTCCACTCAAATTTGGGCACGCCTACTAGTGCCCCGTGGGGAAGCGTTAATTGATCGGATGCTCCACCGTCAATACGTGTGCCTTTAATGCGCCGAAGGCATGTCATGCCAATTACGTCGCCACTCCGTCACTCTGGCCATGTTTTTTGATAATGTAGTGTTTTTGACTTATCTTTGAGCATTTCTACGCGCACGAGATGGCTCTCTATTACGTGCGAGTGGGGGTTGGGCTACTGGGCTCGGCAGCAAGAGCGCGCCGCTTAACGTGAAGTCGTTGTGCCGGCATGATTCTACCGTGGCTCCAAGCAGTCATGCTACACCTTATCTAGCGCCTGGTAGTTGGCACGGTAATCAACACGGAATGTTACTCCCATAAGAGGTCAACGTGCAGTGAACCGCAGCTAGACCCAGATGCAAGGAAGCTAAACCTCGTTTATCTGATGAGTGTGCGGTGATAAACTGGTCCTCTGGTGGTACGAGGTTCTACGAGAATTTGGGTAAAGATATTTAATTAATGCTAGTCATAGGGGTCTAAAAAGTTTACTAACCTGAATGTTAAGATTCTGTGATCAACCTGACCAGAGACTACGAGCCAAAAATCGGGCTGTATCGCTATTCAACTTTATATTCAGGAGTCATCCCTGCTTCAATACCTCAGCGTCCTGGCGTCACCCTTGGGGAAGCGCCGCGCCCGGCTCAGTCAACTTTGGTCGTGTATGCGACTAAAGACGATGCAAGACCGAGTGTGCCTAATCTAGCGTCTGCTCCAGAGGTCCAACGATGACTGCGTATAAGGAGCCTCGAATCCCTGTACGTGAACGAAGCCCCTCAATTACCATCTAACTAAGATAGGTGAGTTATGAGCGAAGGAAAGGGCGTGTACATAACGCATAGAGCTTCTCCTGCTTCGGGACACGCGAATCCGGCTAGTTACAATTTTCGGGAGGGTCAGAGGTGCCATGGGGCTCCAGTGTTGGTCCACCCAATCGCCCTGTCTTACTGCTGCATCCTAGAGCCGATATTCAGGCGAGCGTCTGCCGCTATAATTGTGTGACTATGCTGCGGTCCATGCCAACGAGTATCACTTCGGTGCCGGGTCAACACGTCACATACTTCGTTCAACTAGTGTTGGACAGTCCGCAGTGCCTACAAAACTCCCACTAGTAAAGGGCCACTCTAATTCACGTCGACACCAGCAACGTAGGGCTGTGGGATTTAAAGTCGTATATAGGGTACCTAGCAAGCCACGAAGCCACTTGTCCTACGAGTCCCAGCGTGCCCGGATCACTTGTCTGCTCCAGTGTTACCAGCGCTATTCCTCTTCGTGGATGAACCGTCCCTGAGTACATATTAGTAATCGCAAAACTTTGCGGCTTAGTTTCGTTTTATGACATAGCTGCGGGTTAGGTGTTCACATCAATGCACCCAGCTGATGTTGTGACAGGTAGCGCGTGCTACATTCAGAATGCCCCTATTTGCGGCTGCTGGTAATCTTGTGCAGCACGCCCACGGCTTGTGCCACTGCGCAGACGCCGAGCCTGTGTTGCCAATTTTAGGCCCCGGGCCCCTATGGCCTAACTCCTTTTTCTAGTTCCTTGATTATACCAGTAAGGGATTTCGGCTCGCGTGACCCCAGGATCAACTACACGACGCCCAACGGGCTAATCGCTCAAACTGTTTCACAGGTATTTTCACAATGAGAGTTCATAGCGTGCTTTAACAAACGTGAGGCTCCTCAGTCAGACAGTAAGACCAGGGCACACGCTTTGGTGCGACTCAGATGCGCGAAACACTGGTCACGCGATCCTTGCCGTGTATGGCCATTCGGGGAGCCTCTCAGGCTCTTGCCTCGCAAGTGTCCACCTCAGAGACCCGGAGGCAAAACTTGGCGGGTGGTTGTCCTAGATATCACCAATCGGAGGCATTACCACATCTCTTTATCACGTA,1997,51.13,Escherichia coli
SEQ_400216,TTCTAGCTCATTCGATAATTGCAATGAGAGCCAAACCATTCCAGCATTCGGTTCTCTAGTCCGCGCAGGGCATGGTGTAGTTACGGAAAGTTTAACACACTATATCACTTACTTGGTCCTGAGTACCGCCTAGCAAGGCGAGCTGTGATGTGTTTAGTTGGAAGGCTTCGCGGTTACTGTTAAGATGGACTCGTTTCGGCCGAGGGCCCTATTACCAGGCATAAGAGTCATACATTATACCTAATTCTTTAAAAGTGGTGCGAGGGTTGCACCGGACGCGATCGAAATGAAGGGTCACCAAACGCGATTTCCTCCTAACATTTAACTCACTCGCTCCATATACCCGATGGTGCTATTATTAATTATTAATGTATGACTGCGTCAAAGTATAACGGGATGCGCGCCCTCGTCAACGTCGCAAAATAGGCCACCCCGGTTTTAAACAGGGTGATAGAAAGTCGACGTCCCTTGTGCCGCACGTCGGCTCAGTACTACCCCCCCGAATCTGCTAAGGTTCGGCGTGGTCACTGCCCCCCAAAATCTTGCAGACAGCTTAACGCTAGGGTTAATGTATTCCAAGTGCCACGCCGCGAGCTCCAGAAAACTGACACGATTTCAACTTCGAGTTCCACCGATTTCCCAAGTCTGCTCTCCTCAGCTAGGGGTCGGCGTGTACCAAAGGTTGACTGAACTTTCAACGAAGAGCTGACAAGTAAGTCATGATTGATGGCGCACTAATCACACAGAGCAGATTTCGTGGACGAGTGTCCTAATGAGGCGTGTATGTCACTAGATTTGCGGCTACAGCCTTTACCGTCAGTCGCTAATTGTAGCGGACATTCCCAATAGGCAGGTTACCTTTCCTGCCCTATTCCCTTCTTACCGCGTGTGTTGATAGGCGTAGGTCAAT,910,49.01,Saccharomyces cerevisiae
SEQ_875863,TCTCGGGTCGAGCGGTTAATCCCGTGAGCCGTAGTGCATCATGAAGCCACTTAGCCAAACTCCGTGTGCTGTTACGAGTTTTCGCTTATCCTGTCGCCGGGCGCTGTTTATTTACTAGGATTTCCGCTTCCCAGCTACTGGTTGTGCCTAATAGCTATGCCCTACAAGAATCCAGGACTGAACCGGGGTCCCTGGGTTTAGTGATCAAATGGTTTATGCACTTTCCGGGTCGCTATCTACCACAAGCTCCCTCTAGAACTTGACCACGGCATGCCTGTGACATTCCAATGCCGACTTGTGTTCCTTAGGCTGGCATGTTTTCCCGCCTACTTTCTAAGATGATACATCCTCCTAACGCGAAGTGGTACCTTGGGTTTGGACGGTATCCTATCATCGAGATCCGGGGGAGGTTGAAGTAGCTAGCTCTGCCAGAGGTCCAAACCTGGCATCTTAATGGATTGTTCGATATTTGCAACCTTTTTAGGAGGGTCTCGCCATCATAGTCGATACCGTTAAGAGATTTGTCGAATTAACCGTAGTCCGTCGTAAGGGAGTAAACATGAGTGTCTTTCGATCGCGGGCTCATGAGGAAGCGGGATCCGTGTGCCAGAAGTGAATGTTTCCAGCGCTGGTAAATAGCTAGGAGACTCCTAGAGCTTAGCTGTTGCTGGAGCTTTTGCGTACACGAACCTGAATGATCAGAAGCAACTCCGCGAGCAGGAATAAAAAGCGCGCGGCCGTGTTCCATGGTACCGGAATCGGATTTCGAATTAGCATATGCAGAGATCGAGGCGCGGCTCTCAGCGTGGAAATTGCAGACTTAAGCATATTCCAGCTGGATGGCAACCTTACTGAAGCCCTTAACGATCTTACATAGCAGTTGGGCACTCAATTAACGGACCGGGTCGTTTACAAA,916,49.89,Arabidopsis thaliana
SEQ_216675,TCAGAGTTCTTTCGATCCGAATCGCGCGTTGAACACTGATCCTGTCCTGCTAAGTCAGCCCTTAACGCTATCGCTGCACAGCTAATAGCGTTGTTGAAGGTGCTGGATATACTTCTGGAAATCGGGGGGACGATGTCGCCCCTGAAGTTCGCTCTGTTATTCAATCCGTTTACTAGCCTATCAATGTCTACAATTCCCTTGCGTCTCTTTTTCATAATGGACGGATTTTATGCTCGGAGGTGCCACAGATACGGCCTCGAAATGCGGTGCCTGACGGTCAGTGTCTTCATCTCAAGCTTAGACATAATTTCATTGGCGCATATCATCGTTATGTAAACATTCTGTCCTCCGAGTCTTTGGGGTCCAGAAGTTGGGAGTGACGCACACACCTCTTCCGAGGGTGAACCATAATTCTCGATCCGCTACTAGTATCTTTCATACTAATGCTGAAGCTTTCAATCGCACCTGGCAATCCTAACGATCCCTAAGCACAGTCGGGATGCACATTCCGCCAGGGAGATCATATTCAAATGTTTTTAATCCAGTCCCACAGTGTTTAATACGTTGCCAGTCAGCACAGCCTAAAGGAATCACTCCATGATCCAATGCAGAGGTGCAACTGTTTGCCACTTGATCGTTTTGCGAGATTGCGACCTTGAGAACCTGGGGTATGGCCACAAGAGGCGCACGGATCTAACCGACATAACTGAAGCATGCACACAGTAAGGGAATTGCTCTCTCACTCACAAACCCTCACGTCGTTGGGTCAGTGGTATGTTTGTGTTTCATGAATGGCCCAAAGGCCTAATCGCTGCTAATGGCCAGCTCCCTGTTCGCTGTGCCCTGGGAGAGAAAATGCATGTAAGATGATTCGAGACTTGATACAACTGCAAGTCGTGCTCCAAGGCCACGAAAGCGGGCCGGGGAACAGGTTTGAATTACTCGGATTTTACCAGTTTATCACTCATTTACGACCTCACCCGCAGGTGCTTGGAGCCCAGTATGAATGTAGAGACCCGATGCCTAATCAGGACAGGTTAGATGATGGAGTGGGCTCCAAGCGTTGGCCAGTCAGACATGCGT,1083,48.85,Saccharomyces cerevisiae
SEQ_579262,CCGGGAAAGGACTTACCTAATGTCGTGGATTACAGTAGAGTACGATAGCCGTTCTTAGTTTACACAGATGTAGAGAGATAGACATACTAGAGGGTCCTGACAGAGTGTTCGATGTCTCTAAGGGAGCGGATACCCACACAGATGCGATTCGAACGGATGGGGGTTGCGGACCCCCAGCTACATCCGGTGTACAGGGGATGAACGACGAGCCGCTGTAGTTAGCGTTACAGTATCGAAAATTGTTTGGTAGACAGTTTTACCTTCCATAATAGTTGTTTCCCCAAAATCAAGACGTATGAGATAGCGGAAGGCCATCTCAACGAGATAATGCGAGATTCGTGATAGAGGCACAATGCTTAACCGAAAGGTACTGAGTTCCCTTTGTAGGACGGACATGCTCGGCTGATCATCCAAAGCTGCTATTCTCAACGAAATAGTCCGGCAACTACGCCCGGTCACAAAATCGTCTTGGTTACCAGCTGTATATGGGCAATATATACGATTCTCAGCGTCAACGTTCTCTCCCCACGCGAGACGGTATGCGAACGCTTAGGGTATGCAAGAAAGGAGTCGCAGAAATTAGTTCTAACAGCTAACCTGTAGCCGAGGAACGTACACTCATCACTTGATGGTCGAAATACACCACGTCA,650,47.69,Caenorhabditis elegans
SEQ_487274,GCGCAGGCTTTGGAACCGGGGTCTTCGGGTGCCCTAAAAACTGCAATGATCGAAGTGAACATGACAGGAATCCATAGCCCCGAGCATTACGTCCCCCTATTGTCTGGACGCGGGGATTAGGTTTGGGCTCGTAGGGTGAGTGTAAGATTCCCGTATTCCCCACTACCCTCGCCGAATGGATGGTCAAGAGTTCTTTATTATATCACTACTCTGAATCACCCCCCTGGGGTCGGGGGTTGTTCAGCTCATGT,251,52.99,Escherichia coli
SEQ_431587,AGGACTCGAACTTGATCAAATTGCTTGTGCTTCAACAAGGACCGTGTCATGCTTACCCGAGCCTGATTTGCTTACTGAATCGAATTGGTATTTGATAAGTCAGCCGCGGATCCGATTGCTAACCCGATTTGAGTTATTCAGGGTTTGGACAGGCCTGCTCCACTATTGACCCTGAAGGGAACCAGTAAAGCCTGTGCTTCTGACACCCTCCAGTGCGGCCGAGTGTCAGTCGACGACAGATATGGCTCTTTAGTCAGACATCGGCGGTATGCTTCAGGACCGTTCCTATATCATACATGCCCTCCGATATTGTGGGGAATCACTGCCCCGTCCCATATGAATCAGCGTGACGTTCGTCCCCATAATCACCTTTACTCAGTGTTCCCAACGCGTCCGGATTATAGGAGGAGACATGAACGAATGAGTCCAGCAGACTTTTCTAACTTCCTGGGACTACGTTTTTTGCCTCGGCAGCTGCTTGGGGGCTTTGAGCTGTACGCGGGTTGGGATGTGGTATGTTGTTTCGGGTAGGAAATACAATGTCCGGTTTACCGAAAGGTCCGGTCTCGCTCAATGTTTCTGGACGAATGAATCCGTTTCCTTTGGGCCAGATTGATGCTTTTATGGTATATCACACGGCGGTCCATAACCATGGGCGGACAGGGTTACCATGCAGGCCGAAGAACTGCCTGTCCCGGAGATGTAGGCTATAGCACTGGCTCAAATTGCATAAGTGGATCTCACGCCCAAGCCAGCCGACTTCACAATTGCCTCCATTACCAAACCCCGTTGATTCATAAGGGCGATATTCCGTAGCAGCACTTGGACGGATAAGGATCCAGAGGTGAAGTCGTGGTCAGTCCGGTCAGTAAAGCTCTTGGTGTATATACTGCATTTCTCGCCATTTCAGCAGCTGAGGCTCTCTGATTGAAGCTCCATGCAAACACTAAACAACTGAACCGCTTTACTTTAACCCCAAGTCGCGCGGAAGCCAACAATGCAGATGGAACATCTTTATGAACGGTCCGACCATAGATACCAAGGTATATGTTGTCCGATTCAAGACACCTACGCAGCTACGTACAGGGTCCGAGTTCCCTTTCCGCTCCCCTCCCTCGAGTACAGAAACTCTCTCCCACACCGGCGTTAACACTATTATAGAAAAGCCGACCACCACGTGACCGTAAATAGAGGATAAAGTTCATAACGACATCGTC,1217,49.79,Saccharomyces cerevisiae
SEQ_725829,CGGAGTTTTAGGACGGCAATCGGGAGTTGCGATCGCCTTGTGTGAATGCGGAAGACAGGCGCCTTAATGAACGGAAAAATGTGTGATCATGCGTGCTGAAATGCCGCGTTCTCCCCATTCCACCGGGACCTGCACGCGCCATAGGACGGAAGCATGCGAGACGTCCAGGCGGTCCTATCGGCCTGCAGGATTCCATTTGTTGGTCGCTTGCAGATAATTCGCTATCTCGAAAGCTCAAATGCTGTAGCGCTATTGTGACCCGTTGGACTGGGTTATGAATACCCAAGATAAGACCTGTAATGAGGCCGGATCGGGTGCAGAAACCCTGCTCTGTGCCTATTGCGGGTAAGCGCTTATCGACGAATGTAACAGAATACATCGATCTAAGCCATTCCCGCTCGTTAGACGTCGTCGGACTTCACGGAGTCTTTAATGCAGCTATCCCTACTGAAATTCTGAAGCTCGGGGACTGATGCGAAAGTTGCTAACATAGGCCTAGACCTCGAATAGCGTGCCTATCTAACCTTTTTAACCGGGGAGGTGTGGACGGTTACGCTCAATTGATCATGGAGTGAAAACACCGGTTTAACTTCGGCAGACCACAACCCGCTGTGCCCGGGCACTTGTCATGACTTATCTGCAGCCACCGTCTAGTTTAGACTTAGAACATCCTCGGTGAGA,681,51.54,Arabidopsis thaliana
SEQ_329806,TGACCCTTGTAGGGATACCCATTCGAGTCTATTAGACACGGGGTGCGAGCTATGCGTGTCCATCACCACGCGGGTGCCGATCACCTAATCGCTACCCGGTGGTTACCGACCGAGCTCTCAACTCATCCCTGTGTTATAGATCAAAAGAAGAACTAGGTCCCACTACCTGAATGGGTTACGTACTACGGGTACAGGCCATTTTTGCCGCATTGCGACTTCGCTGATATTCCGTTCTGAGGTTGGAACTACTAACTAGCTCAGACTATAGCGCATATCTCGAAGTCTTGAGATCTGTACAGGGCATGGCAAGTAGTGGATTATAAGTGCGTGAATAGATCCATGGGTGCCACCTATTACCTTCATTTGCTATCTATTAGCCCTTGCGGTCAGGACAAATGCGGAGATTCCGAAATGCCTGTCCTCTGGCTTGGTTGGTGAGGAAGCGTTTTTTTTCTGAGACCCTACTCTATACACTAATTTATATAGAGGACCAAATAGCGTACATCTGGGTAGTAAAGTAGCGACAAAAAAGGTCTCGGCTACCAGGCTCTACACCGTTAGATTGAAGGTAAGCCTAGCTAGACGCGAAAGATCCTTACAGCGTAACCGCATTAGAGTCGATAGGCCGGATCGTTTTTGACGAACTCTCATGCCCTGTTACGATGAAAGGACGTAACGGTCTTGGCTCTCTGTACCTGCCAGCGGCGATTAGTCCTTCGGATTCGGTCGGCAGAAGTCTGTATAAGATCTACACTAATCCTACCGTATACGCTACGTAGCCGGCGTTGGGGACTAGCCTTAACGACGTCGAAGGGGTAAGAAAGTGGTCATTAAAACCATGGAGATTGCACGGCTGTTGTACGGGACGTGCCGCGAGTTAAGCGCATACCGCATTTCGCCACGGGAGGAAGTCCAGGGCGCGCTCCTTTTTGGGCTGCACTCCCCGAAGCCCTGAAGGGAACGGGATGATACAAGTTACACAGTGGCAGTCGTGCTTTTGAACGGCGTATAACTGTGTGCTTAACTTACGGAAACGAATTCGGATCCGGCATCAAGGACAAAATTCATGACCCACGCAACACCACTACCGCTGAGGAGCAGCGCTTTCTGACTATGCCCTGATGTCGCCGACAATTGATTGGTCAAACCATGGAATGCTCTATCTCCTTAAGCCTGATACGTTCCAAAAGCAGCCTGAATTGTCAAAGCCCAACTACATAGTTGATCTTCATTTATAGTTTTCAGCTGCGCTGTAAGAGGTATTTACCAATCCTCGTCCACGAGCCTTCGGTATTGCCAAGTCGCGCAGCCTTCCTCCTCACACCGACGCAATGATATTGCTTCTTCCCCTTCGACCGCTGGCAACCCGTCTGGCGAGCTTACCCGACGTTCGCAACCCCTGGGCCCCGCATTAATGTGTACCAAGTTGAACGCCTCGTATCAATATACCGGCGCTCTTCCACTTTTATGTACGACATTATCAAGGGAGCCCGGATGAAGTTGACTGGTCTCCGGACTTGGCCTCGACTGGTTAATTTCGCCGCGCACGGAGCAACCAACGGCATGTTATTTACTATTCATGGCCGCCGGGCTCAATTCGGGAGACAAGGCCGCGTAGTCAGGACCGTAGTGCTCCCGGGAGAAGCATTCTCGTTTCGTGAATACATGCCCCCACTGGACCAC,1683,50.8,Arabidopsis thaliana
SEQ_886906,CCACGGGATAGACGCTTGTGCTATCACTCTCATTCCTACACGCTGTTGCCCTGGGTGGTGCTAGGTACCAGGTAGTTCCGCTCGGTGAATGTGTAATTGTTAATCGTTCAACAACAACTAATACCTCATTCAAGGAACCGGTCTGCGACTGGTGTCTGGGGCATCCTCGACTGCCTGGGAAGAATTGCCTCACGTACCAGTCCTTACCAAAAGGTCATCGCGGCTACAGGTCCTCAGAACGACCTGTCACATAACGGGTTCCGTTCGCGTCAAGGTACCGGTCGCCAAGGTTGGAGCTATCAATCTTGCCCGCAGTCACGACCTTTCCCGGGGATTCACACGCACTTAGGTTTCCTGTTACCACCAGCCGTTAATGCGAAAGTAACACCGTCTCGCTGCC,400,53.5,Arabidopsis thaliana
SEQ_236472,ACAAACTTGCCATATTTATGTGGGGAGAGATCTCGTTCAGACCTAGTGAAAAAATCGTGCTACGGTACTTGGTTGAAATGTGGTGTCCGTGTTTTGAGTCAACGCTACGTAGTCGTGTGCATAAATCAGAACCGGCCTTAGA,142,44.37,Saccharomyces cerevisiae
SEQ_589430,ACCTATAAGTCGGGGAGTTTAATTCGCCTAATATCCTGTGAACCTGCGTGCCGATCGTTGGCTGAATCACGTTTACTGTCACCGCGGAAAGCGTGGAATGCAATTTGACTGTGGGCTTCGTTAATCGGACGAGGAAGATTACTTTCTCAGTAGCTCTAGAAGTACGGCATGTATAGACTGCGGCAAGAGAGAGCTTGCCGCCCATCGTACTTTTCCCCACTACTGAGACAGACGAATTTTGAGGCCCCCCCCTAGGTCTGTCGAGAGGATCACAAGATCTTCATCTGTATTACTGGAGAAATACGGTCTTTGTAAGCGGATTGTTACGTATCTTTGGTGGTGTTTCCTCGGTGTTTAGTCCTCACCCAATCTTTAGAGGAGGCGAGGGGTTCAAGGGGTGCTATCGTTAGAACCATCGACGGATCATATCTTCACGATATACTTGACACAAGAGTAACTATTGTCGAGCGGTGAGTATCGATCTGGCCATGCCATGGTTTATACTTGTTCATAGAAAGAGCCCCACCGCGTGGGTCGTAATTCAGCTTTTCCCAGTCCTTGGTATACGTGTGCGGGACTTTTCCATCCATCTGGATGTTCGCCCTGGTGTCCGTAGTCCGAAACCTCAATTAGTCGGAGCGGTGGAAATAACAGACGACAATTACACAGGATACATGCGCCTGCAGAACCCTGAGGCCATGGAAACCCGTTAACGTCCCATACCTATCGTGGGGGGATTAAATAGGCAACCCCGCATAGGACAGCTTCATGAGCTCACTTCTCATAGTACTTAGACACTCAAACGGCGGGGTATAGGTACATCTTACATAACCCTATTATCAGCGAGCGGCATGAACCCCCTATAGGAGAATTATTCTTTTGTCGCTTATGTCCTGAATGCAAATAAGGGTAACGTACCGTATGTAAATTAGACAGAACCGTCTTATTTCGTTGATTCCGCATCTGGCGTCAATCGTGTCTCTTCTTTCCCGCGCGCAGGAGCGAACGATCGATTTCAGTTTGCTTTTATAAGTGTACACCTGTGCTCGAGACCAATCGCTGATACGAATTAGCTCCCTGCACCCAGGATCCAAGT,1096,48.08,Homo sapiens
SEQ_569508,GTTACCGATGGTAATCAATTCACAGTGTTTTAGATCGGCAGAGTTGATCTAGAGCCCCGACAGTATTGGCCATAATCCATGGGGCATATCGCGTAGCTCCGTCAATTTCGGTGCGCGAGGCCAGCCCTCCCATGACCAATAAATCGCGTCGTGTATATATCAGAAGTTGTAGGGATTGTTATACCCACGATTTTTACGGACCTAGATTTTCGCTGCCCAAAATCCTAGGACTATGGATAAAGCGGTAATCACTTTGTATGCAAAATAGCATTGCACCCTTGCGCAGGATATCCCCGGTAAGGTGGTAACAGTTTTTGTGCGCTGAGTATCAGGTCAAGGCTCGATCGCTAACATTTTTTGGGGCATGATAGTGTAAGCATAGGCGTAAATCAGGAGAACCAGATTTGAGTCCGGACCCACAGATAGCCGAATGGTAACCCATGGCAAACTGCCGCTTGTGTACGGCGCCCTGTAAGAGGTGTTTGCGGGCCAGTGCGGGAATGGGCCAACAAAGTCTTGTGAAATCTGTAGGCACAGCAGCGAGCCAAAACCAAATTCCTATCGTATTGTGGTTGCCTACAAATTCCATCATACCTAAGTCGTCAATCACCAAAACTTCCATGCTAGTGACAGTTGTTAGGATGACAAGTAGGTAGTCAACCGTGCATTTTTAACTAATTTTGCTCCTTCGGGGGTCAGACCTAAAGCCAAATCCTTTCGTTATAAGTAATTCTGGACAGCCCTGTCGTAAAGTTTCAAGGTTTGAAGTCCACTGTACTCTCTGTTATATAGAACCACCAATCAGGTAGTTAGCCTAAGCTGATCGAAGGCTCGTGTTGGGTCGCACTAATAAGATCTACTACGTGCAGAACCAGTATCAAGGGAGTCTATCCGGTGAATGACCTTACACTTCAAAGTCATGGATCGTTTTTGCTATGCTGTAAGCGGGTAAATTGTACAGCGAGATGAGCACATGTCCCAAAATTTTGAGTTTGCAGCTCTGCGGTCTTATAGACCTCCCGTCTCGTGGGGAAGGGGTATAGACCAGCCAACGGGTACTCACCTAGGCGACTAGGTCAATGTAGATGTTCGCCAAGGTCAGGCTGTTTCGGTCTGATATTGTAAGGGAGAATTGGCTAAATTGACCTGGCACTAGCGTAGCCTCAATTGGAGAAACGCGGAGAACCAACCCACGGTCACTTGAATTAGTCGATGAAAAAGCCACGATGGTCGGCTGACCGCTCGTGTCCGAAAGAGTAGGTGGCAGTGATATCAAAGACCAAGATTGTGCCTGGACAACCGGCTGAATGAGTTTGCACGGTAGGGGCGTAGAGTGCCCGAACAGGAAGTTCCCTTTAGAGTATATCCAAGGCACTTAAAACCGCAGCTTTTCAATAGGTATCTCGAAGCTGCAAGTTACGACGATGTAAGATTGATCGGAATGAGAAACCCGAAAACATGCCAGTTACTTGTGGCAAGGGCGCCCCGCGTGCACATGGAGCTAACTAAATTGAACGCGATCCATATGCACCCCATGTGGAGGACCGAACTAGGTTCCCATAGAACATATTGAATATCTTTTTCGTTAACACTTAAGGGAAATGGGGTCTGATTTTCACAAGTTGCCTAGCAGCAGGTTCACTCTTAGACCCGTCGTCTGCGGGGAGATTGCCGTACTATCGTGTCGCGGGGTGGCGTTGCAAGAGATTTCTGGCACTATGCTTGTCTTCCGTCGGTTGCCAACTCTGTCGCTTACATTGGAGTCGTGCGCTGTCCTTGCTTGCTAGTAATGTATTGCGAACATACCTAGTGGTTGGGCCTCAGCACTTCACTTTGCTCGGGTCGAACAAGCGATGATAAGATA,1864,47.8,Arabidopsis thaliana
SEQ_875128,TTGGGTGAGTAAAACGCGGGTATCTATATCCAAACTATTGATATGCGATCTAACGTGGTCCAA,63,41.27,Caenorhabditis elegans
SEQ_970536,GCCCGACCACCTCATTCCTCGTTGCGACGTTTAAGACCTATTGGATCAGATTAGTCGGGCACCAACAGCGCAAGAGTCTTAGTGAGGAGTGTTGAGGACCACGATTGAAATGTCGGACGTCGCGTTGCGGCCGCCGCGGTCGAGGGCTGAACGCACCACTCAACGGGAAGGGCACCCGTCCCGGGCTCGTCTACGGTAAATCAGTTACTTACGCGCCGAAGTACATCCCATAACGGGAGAGAGTTACCGCATTCCCCGCACTAGCAGCTACGGACACGTCGATTCATCAGGGTGTTGCCGGGTCCCAGAATCATACGTCCACCCTCTAGTCGTGTGCCAGAATTCTTGGTCGTCATCAAAGAAATTATACTGACGATCATATGATCGTGTCACAGATGTGTCTGTGTCAGTTAGTGTATGGAGCAGAATGTGAATAAGGGTACCCTTAGTACCAAGGAGAAGTTCGTCGGTTCAGCGTTTATCCGGCCAGGTGCCTGATGTATACGGTTTATCTGAGATGCGTAGAGACTCAGGATCGGGTAGTGAGATTCCTTAGTGCGCAGGCCACCTATTGCACTACCTTGAACGACGGAACCGAGCACCGGAGGTATCCTCCAGCCCTGACGGACGTACCGGGGTCTATTATACGCGCATAGGAAAGCATTCCGGTATGTTGGTACAGTCGGAACGTGCAATCGAGGTGCAATAGGCTATGATAAGTCAGATGTGTAATTACTAGTGATTAGCATGCATCGCGAACGACACAGGTTTTATGGGACTCACTACGGCCCCGACTACAGGCGGTTCGAATCTGGACAGTTTGCGATGATTTTGCAAAGCTCTCAGAGTGTCGATGGGCGGGTCTGCGTGTTCCATTATTACACCATATGTTATTCGCGTCCTTTCTGGATCTCGTATATGCAGATATAGTCAACAATGGTTGCGTAGCGACCGTCATACAGACAAAGACGACAACCCGAGGAGATTGCAACTACCCGTTCTATTCTACTACTTCAATTCATGAATTTCCCATCATGGCCAGTCCGTTGAACAAAGGTAGACTTCCGCGGTCCCGTACTCATTCCCAATTTTGTTTGAGTCGTTGCTTAAGTTTTATTATCGGCGTTCACCAACCTGTAACGATGGAGATCCAAATCCCATGAACCTTCTCGTACCCGCACCTCAGACTGATATAGTCTCTCTGGCTTGAAAGGAACCCTCGGGAAGGTCTACACAGTCAAAATGGGTGAAACGTACCCTCCGTTGTTGGATGCCCCCACCTGTCCACACTGGTATGCCCGTCGACATATGGCGCGTCGCGATCGTAGGTTTGACGCTGATCAAGGCGATTTGGGGTATGTCCATCCGTCTCTGCCGCCTGAGTAAGATCGTTAGGACTACCATTCCCCTGCTAACAAGGGTAAAAACCCTGCTAGTTTAGTGAGAGAGGCGCCGATAGCTTTACCCCCGCAAAGCTCCAGAACCCCTAGGCGTAAACGACCCTGTATACACACTGTCCACGCAACATTCAGTCACAAATGGTGACTACGTCCGTAGCTGTGTAGCTAATGGTCTGGCGTGGGAAATAGTAGCTCGCCTTTGAATGTCCGCGAACAAAGAGCATGATCCGTCTACAGGGTGTATTTAAAATCGCCACGGGTCAGTGCCCT,1670,50.9,Escherichia coli
SEQ_184541,ACTTGGTTGTGGTACGACACGACCCCCTAGAGTGGCCAAGCGTAAGGTGCACAGCGTCTTTCTATCACATACCTCGTTCGGTTTTCTCAAGCTTTGTGATAATCTAGATCGTGCTACTCCTATATGTGTAAAGCAGGCTATGATAGGAATTGTTGCGAGACGCCGCTCGAAGATTACAATGGAGAGCTCTACGCTGTGGATTTAGTGCAACGTGGTTGGGTGGGCTGATCTCAATTTCAACGAAGTGATCGCATTCCAAGATTATAGCGTTACTAGTTACCTATTGAGCCTATACAAGAGAGTTAATTCGAGAACTAGTAGCGCAGCCCCCTGGTGGAGTAATCTTAAGTCTCATGATTGTCTGGCCTGTGTAATTTGTCAACTACCCCCCGATGATTTCCGAGAGGCGCTCGCCATAGGACGACTAGAGTTTTATCATATGTACCATAACAGCGGCATCAGCCATACAATGGCCATCCTCCAATTTGGGGTTGCGTAACAGACGATAACGCCTACTTCAGTCTAATCGACGAATAAATGTCAGCGAAGGGCAAAAACAAATATGGGACAATAGCGGGAACCCGGCTGCCACCCCATTAGTAGAAGGAGCGCAGATTCGCTGAAAGTCGTCCCCTCAGAAAAACGACGGACCGCCTGCGGACGGGTCCCCGTGTCTGTCGTTAAGGAGAGAGTCCTACGGGGCGGGGAACCCTAGAAAGCCTCGCGCTTCAGGCGGAATGGTCCGTGTTGACCCGGGGGAGAGAACTGCAGGAATCACGATGGTGCTGTTTGACCGTTCGTGCGTGATTGTCAATCTCCGGGGTACCTCGATGGTGTATAGTACGTTTGCTCTGAATATGGGTCTTTTGCCTTAGCATCAATATCTATGTGTCAGGTTATGTGTGCATACCCAAAGATCACACTTACAAAACTGTAGGTGGTCTTCGGCATAGTTGGCAGATCTCATGGTTACCTTAAGATATACCATATAACCATGGGACGGCTGGTAAAGATGAGGTAGACCGGGAGATGTATTAATTTGCATCGGCGTGGGTCATCAGCGTGTAGGCCCTTGCCTAACATCTCTCTGGTATGAGGGATACAAAGGCACTTCGCGGATACACAGCAGTCGGACTCATCATGCCATTCAGTTGGGGCTCTACGGCATTTCATGGATGCCCGCCGATCTTGAAGAATGCACGCGGGAGGGAACACGGTGGTGGTGCACACCCAAGAGCTTCATAGCCCATGAGTCTCGGCATCCACGACCGCAGGCCCAGAAGATGAGATTGGGTTTCTCGAACATAAATATAGGATCATTAGGAGAAGACTTCCAAAACCGTTAAGCCACAAGCAGACTGAAATCGTGCTGCCTGGTTTTGCAGACCTGACTACTGGGAAAACCATTTAGTGAGGCACGTCATATTGCCCGGTCCCTCAATTATAATGGACTCTGACAGCCTCAGCCAATTAAACTTGCCTCCGTAACGCACTTATGCCTAGTCATTCGACTTGTCTGGTTAGCAGAAC,1530,49.35,Escherichia coli
SEQ_344178,ATTCGTCAGTGAGACGAGCACACCAAGCCTCTTTAGATCGAGACGATTTCTGCAATGAATCGCGCTGGAGATAAGATCGAGGGTCTACGGGGAGGTATTATGCCTCACCGCGTGGCTCGTAGAGAGCGTACAGGTACAAACATCGGTTCCCTGACTATAGTAGCTAACAGGGATTACGGCAGTCCCAAGATGTTAGAGTCCGCAATTACCATATCAGTAAACAAGGCGCCTTTGTACCAATAGACGTCCTGGATTAAGAGACCTTGCGACTTAT,274,48.54,Saccharomyces cerevisiae
SEQ_373604,TCTTTGACGGATGGCTGACCAGTGGTGCGGGTGGCTATATGTGTTGTCTTTCTTGCATGCGGCAGATAAAGTGCGCCTGATTGGCAACTAAGTATTTTAGGGGGCGTCCTGTCCGTACCATGTAGGATTGATACCAATACTGTAATCTTCGATAAACCCCGCAAAGAAAAGGCCGTCCTTGACGCGCTACCTACGGATCACACTCGTGAGACTCGCCTATGCATATCTTCGTTCCATTCCATATCAACCCAATTCCTCCGTATACCCTTCACCCTACTAAGATGACGAATAAACCGTAATCTTACGTTAGGTTAAACGCCGTACATTTAGGCAGTTGACTTCGATACGGTGATTCACCGGACCGAGGCAACAAAGTTAATCAGACTCAGGGCGGCCCCTAGTGCGACGAGCGAGGAACGGTGATTGGCGGCGGCGGTCGAGAGTGATGGAGACCAATGAGCTGAGCGGCTCCTGATGATGTCCCGCAGCCGTCGCGCTGGACTGCCAGCCGGAAGGTCGAGGGAACCGGGTCCAACCAAGCAGTATAGACTTGGGTACCGGGGGTGAGATAAGACAGTGTCAGAACAAGGGTGCGTATCACGACAGGCAAATACGCAGAGTAAACTATTACATGTTCTAACTAAAGAATCCGCAGGTGGCGGGCACGTCGGATAAGTATGCTAAGGAGTGATCCCGATAACACGGATTGGAAGAGGCGTCCAACTATCCCAGGCGGGTTTTGAACGTTATCGGATCTGCCGCCCATCTCCCGTATAGTCATTTACTAGCCTGAGCCTTCAAGAAGGTTGTTAAAGGTCTACCGTGTACGTTTTCTTTAGGGTAAACATGTGCCTCTGCTAGTTGAATTCACTTGCGTTTTTAGTTGTTTTCCTATCTTAACCGAGCGTCTCGGGGTAACCCGCGTGATAGCATATGAGATCGCTTGCGCGATCTGCCCCTAGCTATGGCCGAGCTGCACTTTTGGCGCAAGATGCTGCAGCTGATGTACTGGTTACACTTATAACATAGTACTTATGTTTAAAGATGTAAAGGCACGCCAAGTACGGTGGGCTGTAAGACGATGACCCGCAGAAGTTAGATTGGGCAGGGGACCCTTAAAGGAGTAAGCGAGGAATCGGCACCCAGGAATCATCGTCCGAACATTATGCAAAATTATCTTAGACAGTATTTCAACACTGAGACCTAAAGTTAAAACATTAGAGCTTTACGTTAGTTGTTACAATGGTTGCGTCGGGAACGGTCAATAGGAGGCGGTCGCGGTTAGCTAATAACTGTATATGTCCCGTCAACGACTTAGCTCAGTTTGAGAATTCATTCACAGAAAATTGACCTGGTTATAGCTGTTGTCGGACGTATGGGCGGTGGGTACCCAGGGATATGCATCCTCTCCGTCCCTTGG,1420,49.37,Drosophila melanogaster
SEQ_104089,CCCACGATGCAAAAGTTCTGGAAACCTGAGTCAATCCAGCTAGACAAGATGACGGATATGAGCTAAGTCAAACTTATTGAGGGGTAGGTCGACACTACGCAACATATCGGGCGTGGGAAGGGAGGCATATGCACACTAGGCCTTCAGCGTGTTTGAGATTTATAACCCTGTTTCTCACCCGGGCAGCTTCAATTAACTCTGCCAAAACTCTGACTTGGTGAGTGCATTCGAAATTGGAAGCCACGTCTGAATAATAACTCCAGTAACTTCCGATTCGAGTTACTCGTGAATACACTACCGGAAGGCCGTGCGACGCTAATACGTCCCTGACTTTTTATAGCGTATCAACGACTGCCCCAGTAACGTTATATTGATCCACCTTATGTGTGCAACCGGGTCCAGCACCTTATATGCATTGAGAAGGCCAAGGAAGCCAGGTCGTGAATGAAAACACTCGTAGTATCTTTTCGCTTTCTGCATGGGTCTGGCCACCCCGTATGCTAACTATTTACATCTGTCAGGGAAGCTTTTCTATTAAGTTGCTTTATCCATAACTGGCAGTAATCTGCGCCATCCACTATCGCGCCTGGTGCTCAATTGGGTAACCCGGGCTCCAGAAGTGTTTAGTTGTCCCAGTCACCGACAAATCTAGTTCCTTCCCAGCAGGCAAGGAGTGTGACCGCCACCGGGAGGTGGCCGGGTAAGCCATTGTAAAACCGATGATTTGCCCCGCCAAATCTTCATCACCCACGGCGATACATATGGCGAATCATTCCAACCCCTACGCGAGGGGCTGGGGTTTAGTAACTACATATAAGTTCACCACTTCTCAAAATCATTCATACAGATCTACCTTGATACAGAGAACCGCGCGATTTACTAACGAGGGGGAGTGCGCACGGAGCACTGTGGTCACTCAATCGTATACAGAGTGTTATCGGTTTTGCAAGAGATAGGGAGCGGACCTCTCCTATCTGCCTCTCTCGTCCGCCGTGAGCTTGGGAATTCCAGCCGCTCGAAAACTATACCG,1030,49.13,Escherichia coli
SEQ_786091,CGATATGTTGACGAGACCTCCATTCGGGTCCGCCACGGATGGCTCTCGCACCATAAAAATAGACAGCTCGGAAGCGAACATCCAGTCCACATGAACGGGTCTCTCTAATTCGTAGCAGACAGAATATAACAGCTAACATTCGACAAGAACGGCGTCACTTTCCATTTCTGAGCAATGCTTACGACGTTCATAGGGGCTACCGCTATCGTCTCTAGCAAGCTCGCGGCAGCAACAACTCCAATTTGGGGACTGTGGAGGAGTGCAGGGAGGTCTCAATCATAAAAACGGTGTGGATAAAAGATACCCACCCCCTAGCTGAGGCGCAATTTTGGTACTATAATTTAAGATGCTCTCGGCTCCTAACCTAGGTATAAAAATCGACAAGGCCTACTAATGTACCCACTATATTTTCCATTGGACCGCACTGCAATGCGTTTCTGCGATTGCCGCACGGTGCACAATGTATCGCTGTTATCGTGACCGGACGTGTCGTACCCGACCGATCTAGCTATCTGGTAATGAGCGCGCAGCTGAGACATAGAGTCTCGTGGGGAGTGAGCTTTAAACCAGGCCACTTTACTTCAGATTTCAACAAGCCTCGCCCCGGCCCGTGCTGAGATCGGATGAAACGTGCTCCATGAGTCTATACTACGCTCTGGTACGGATTCTCCTTCGGATCACTTTCGATTCCGCACCTGTTGGTGAAGTTTTATACTACTACGCGGTGTCGGTCAGTTCTGCCAAACACTAGGGGCCCTGTCATCAGCGTTCGCGTTTTGCTATAACATAATGTATCCCCCCGCCCCCTGCGTTCATCGGCGGTATTACAGATGATATGGAACAAGTACGGAACGCCCTGTAGTACTCAATCGACTCTTACACAAATACCTTGTCCCAGGGCTAAGTGTCTGTACGTCCTCTTACCGCACGGTATAGACCTAGAGTTTATGGTTTAATAGTAGGGGGTGAGTGAAAGTCATTGCAACCTCTCCTTCCCTTCTCCCAATCACCGATGCATTAGACGAAGGTCTCAACGGGTCAAGAGGTTTTCGACTCACGATGCACCCACAAATGAAGCCAGCGCGCACCTAGCACAAAGGAGGCGGCCTTATGCGAATGACACAGCTGCCTTGGTACTCTGGCAGACATGTGTTGCACCGATGGGAACGCGAAATTAATCAAGCTCTGACTGCCATATCGGCGGCGACATCGAGTCCCGCCTACTTCTCTGGCAACCATTATCTATGCTTAATCACCTCTTGGTAATGCGTTGAATCATGAGCCTAGGATGTTGCCGAGCTATCGGTTAGCGCAGACAAAAAGCCTACGGTAATGGGCGACGGCTTGACTACACAGGAGGGTGGACGGGAGTGACACATTGACCGGGATCAGGGACATAAGTGTATTAGAACAAGGTTCTCCTTATAAGAAATATGGGTACGTTGATACGTCTGTACGTTAAGATGTTGCCGTGTCTACCACCAGCCTGCTCATAAGTATAACCAGCGGTCTACACGTTATGTCGATCCTTCCTGAAGATTCGAAGCCGCACCGGTCCCCGCACTTCGACGAGGCGGCCGAGATCACCCTTTAGCCCCTCAAACCCGCAGCGGCAATCACAGGCTAACGGCGCGGGGTTGAAACGCGCTCTCTATCACGGAGGGTTGAACTCACTGTACAGAAATCGAGTAATTGGTCAACTGGTGTGCTTAAAGTAATTCAGAAGTGTTAGATTCGACACGATGCTGAGGAGTAGGGACCCCAAAATTTGCCAGGCTCGCGCGGACCTTTCAGTGCATTCTGATTTGCATACCTG,1816,50.44,Arabidopsis thaliana
SEQ_372010,GATAAGTAGGGGCACTTCCGGGAAATCACTTCAGAACACGATCATGGGCCTCCTAAAGCTGAACGGGTTGGCGTTCCGATTCGGAGCAGATCCGCCAGTGCCGCCACTCCGGCGGGCATTGCTTAGGCACCCACGACCAATTAGGAGATGTCATTTATGCTCTCGCGCTGACCCAATGTTACTGCGGAAGCATGCACGCCGGCCAGGTGAGTGCCACTCTGAGAATCTTCGCTGCAAGCGGTTCAAGTTTACCGCGGCTTGAAGCAGCGGCGTTGGATGCCAAGGAAGCACTCGTTTGTATCCTATGACCTGGGAGTGTGCATCGTGGAGCGAGAAGCCAAGTAAAATGGGCTGGCATTAACACGTTGGAGCCAAATACCACAGTCTCAGCCCAGGTCAACAATTTCTCTCCGTATGTAAACCCTGAAGCCCTCCTAGCGACCCGCAGGTCCTATGATTTCATAATCATAACGTTTAACACAGAAGGTGCGTCAGTATATTCGTGCCTACCTAGGCATCCGCCCCCGTAAAGTACACGTGCTAACGCTAACAGCCGGGGCCGCCTCACCGTGCCAAAAGTGTAAACCGCTCTATGGATGTACTTCGTACGCCGTAATAATCCCTTTCCAACAATCTCCGAGTATTAGGGTAACCGCCTGACTCTACGGTCGCCTGCATAAGTTACCTAGTGAACAGCAATAGTGTCCTGAGCTCTACTCGGGCCGGGAGCCTCAGTCGCTGCTGCTCGCGTTGTAGCGCTCACCCCCGAGTATGATCAGGACGATGGTACGCCCATTTCGCAC,803,54.05,Homo sapiens
SEQ_374162,CTTATCTCGACTCTCGAGACTGGATTGACACGTGAGTTTGTTAGTTGAAACCGTTTTTAAACACGTTCGCTAGCCCGTAGGAGATTCGGCTAGGATTGTAACATTCTGACCTACATAAATCCATTAAGTCGATTAAGCGGCTGAGCCGCGCAGTTGGTAGCTTGTATTACGCTGGCGACTCATGTTTCCAGCGACTTACTGAGGTCCTCGATACCTTCCATCTTGCATACTAGCCTATCATGAAACGAATATCGATGGATTCTAATTACGCCATAACTCCTGTCTTCCCATATAGTCTAGGGCGAGGACAGTTACTCGCCAGAGCAAGCAGCTCCTTGGCGCTCTATACTGAACCGGACGCGTCGAAGCTACGTTACACATTTGACGGTAGCTCTAGCTAGCTGCAGAGAACCCGCGGGGAGGTGGCCTTTGGATGTGGGATTTGTAGCGGACAAGGAATTCTGGACTTACTATGAAAGCAGTGCAAAGATCAGTTCGCGAAGAGCGCGCGATGTGTGTTTATCTGGGTCATTCTTTTCGCAACGCCTGAACCCAACATCTACCAAAGCATTTATTCCGGGCGTGTCGTAGAATATACACCACCTAGGTGCTATTATACT,620,47.9,Drosophila melanogaster
SEQ_819569,TCAGACAATCTATTGCTAACGAACTTCGATAGGGGTATCAACTAAAAGCTACTAATGATTGAGAGAGCGTAGTCTGCCCCGTAAGTTAGAAGGGCGGCAGTTAGCAAGGCCTGGCGGCATTTGCGTGTCATTCTACCTTTATATGGCATGAATGGGCCGTAGGCGTGCTTTTGTCCTAGTGATTTTCTAACGCTCGATGGAATGTAGGGGTAGTCGGGACGGGGTGGGATGCGAGGACACCATGTAGGGACACATCTCCGGTCCATTGCCATGATTACCTTCCGCCTAAAAATTATCGCCTGTGTTCTGGGCTCCGGGTGAATTGATGAGTCACCTAATTGTAATTCCGTCTGTAAAAGTAATTATTTTTGACGACGCTTAGTGAATGACTTATCGCCTCATAGATCATACTCGGCTATACAGGGTGAGTAAGACAGATGCTACAAGAACAAGGATAGGGTGAGGATGCTACAGTTTCGGACTCTTAAACTTTTACCCAAGCAGACCTCGGGCAGCTGTGGTCCAGTGCTCAGCGAGATCTTCCTGGACCGAAAGAATATTTTCATCCCGTAGCATCAGGACGCGTGGGTGAACGACGGAAGAATTTAGGACAGAGTAGATACGATGACGTGATGGAGCCTTTTAAAGCAACAAAACACACGTTGGTATTTCATTTGTGGCATTGTCGTACGGAGCTTGCTCAGTCTTAGAGGAACAGTACAATTACATCGGGCAGGCAACATTCATCACCGACTTCTAAGGCTGTCAAGTGAGGAGGATTAACCCGGTAGTCCTAGGGACACGTTTATACGCTGGAGCCGCGCAAGACCCAATCAACGTTGCCTGCTCGAATTAAAAGTAAAATCTACAGTGGGGCGTTTTACTTAACGCTACCAATATAGCTGTATCTGACTTTCGGTTAATCGTCTGCTGGCCCGGATCCCGGACACAAGCAGATGTCTGAAGCATGGCGAGGTCCGCTCGCAGGCCGTCGCAACAAGCGACCTCCCTTGGATAGTCCAGAGTGCACCTGCGACGTCCAGACAGTCTTGCATCCATAAGTGCCTAATACTGGTACAGCGTGTCCCAGTCCCGTAGTCGCGTCGGGTTCCACGGGATTCGCTGGTTTGCGTAGGCCCGCGGACGCAAG,1150,49.65,Drosophila melanogaster
SEQ_678010,CCAACAATCGAATAAACTTGATATTGCTACTAGTTTCGTGACTGCGGTACCCTAAATTTGTGAGATTATAATGACACTATGTATTGGGCTATGTGTGGAGGGAAGCGGTTGCCTTACACGAGTCTGACTACAAATCGGTTACTATAGCGTGGACGAGCATCTTCATGGATTTTACCAATCATAAATTTTGTTTCTTACTGAGGATGGTATGCCCCTTATTGCATACTCTCGGGGACAAAGGTGAACGCGTCGTGATCCGCTCGAGTTAAAGAAGGTACGTCCATAGTATATAAATCCATCTCATCCCAGCTATGCTCCGTAGTCACCAACTAGGTCGAATGGTAGCCATGTTGCTCTACCCCCCATAACATGAAAGGTTTCGCCTCCCACCAAGAGTGTGTTCCGAGCACTCTACGAAATCAAGGACAACATTACTGCTTTCGTAAATGTTCCGATTGTCTTCAACAGCGTTAGTCCCATAAAATCGTGCACCCAGAATCTTGTCCGAGAGGCAACATCGAAAGTGGGGCTAAGCAGTCAGCTATCAATACACCTCATGAACTCAGGGGAGCTAATGCTCCAATACGACGGCATGCCGGCACTCTGGACTGTATGACCCATCTAGACACTCAGCATGATTTCCCCGCACAATAGGGAGTGCTGGCTGCCTTATCATTTGAGCCTCGCCTACAGATAGCCCTTTGGAAACGTCTGCTATCCTACACAACTACAATGAGATCTCGGAGTAGGTTGTAGGCTCGGAATTGCTTCTCATTACCTCAATATAAGCGAACTAAGATGCAGCGGATCATTTATATGCTTGGTCTGGAAGCCCTTACTTGGTTGAGCCGTGATGAGCCGAGTTTAAGTGGCCTTTATGCACGGAGCCCGTCACAATAGTGTCTCGTTTCACAAGCACCTAAATCTGGTGCCCGACACGCTCTGCTCTCCCCCTCATCACTTCGACGCCAAGGCAGACAGGGGTTCAGGAGAGAGTTGAGGGACCGGTGACTGATGTTAGGCTAAGTCTCCTTCCGCGCCGCCTATATTCGGTCGGAGAGAGCTCGAGAACCACTCCCATATGTCTGTTGGAACTTTACAAGACGCGAGCTCGAACCTCGCATGGGAAAATAGGGAACGGTAGTCCTTTAAAAGCTATGATATCCTCTTGGCGCAGCGTATGTGATACGCCCCGGACGGCACACCACATCGTTCTGTACCTACCCCCAAGCCTCAGTACACTTTGTTAGATCCACGGCGAGTGCCTGGCCGCAACTGTGCTTCCTCAGCCCCAGGAACGCCCACACTGGGTTCCAATCACGGTGAAGATCACGGGTGTATGATCTGGCGTTGTCCTCTCGCCGGCTACCAATATACCTATTTGGAAAACGACACTCTACTGTCAGCCTAAGTTCTGTGTGTCCGCTGCTAAGGGCGTCCCTTTCGTTGGGAAAACTAGTTACGAACGACCTATAGGATTTCGGTGCGGCACACTTCCGCAAAAAGCGATTTGCAATGGTCAGTCACGCGGCCACAAGCTCGTTTGCTGAGATCTTGTCGCCAAGACCTGGCGCGCTGCTAACGCCTAGCCAGATATCAGACGTATCGCGTACCGATCGACAAAATAAGTCGATAGAAGATGCGCAGGGTGGTTCCGGCATTCCGGGTCCATCGCCCAGTGGAACCGGCCTAGGCAAACTGTACGTGCCATGCAGCTCGGAATGGAGATTCACCTAGCGTGAACCGAGCCGCATCCTAGTGTGGGGAACATGTGGTTAATGGGCCACGCTCGCAGATAGTCAGTTCCCGCGGCCTGTAATGAGACG,1826,50.66,Caenorhabditis elegans
SEQ_564124,GCTTGATCTAATACAGACTTCGCTGTGCTGGCCACTTGGGGGCACCGGCCACAGTGGCGGTGAAGGAAGGGTCGCAGACTGGCCAGCACATCTTTCGCGCGGCCGAATATGTAGCGAGAAGTTACCCGAGGGCACTCCCAACTATATGCCATATGGGTGCTTGCCGCCGCAGCCTGCTCCATTCCTTTCTTGAGTACACCAATATATCAACATCGGCGTTTAGCAGACCTTGTATCCGGTTCGCTGGCACTGCAGCTGGCAGACCAGCGACATCTTCTCTGTACTTCGCGTGTACAATCAAAACCGGGTTATGGATACTGCTAGACGGGATATGGTAGTAGACGCGTATGATCGGTTTCATGCCTTCGTATTCTTCGCAATACATACATCATTTCAGCCAGTCTGGCTCGTTGAACCCTCATATAAATTGGGACGCCTAGTCATCGATTCGCCCCGTTGAAAGGTAATGGGAGACAATACAGAGTATACTGCTACCGCCCACCATGGAAGGAGCCAACCCGCAAATCGACCGTACCACGCACGTGGCGTGATTAGTATGCGTGCGGTCGTGAGTAGTATTCGAGATCTCACTTCTAGACACGTCCGCTGTGTGCACCAGCTTCGGGTAGAAGGGGCCAAATCTAATACGCCCACATACGCTGTCGTGCGCATATTGATTATGGAAAGAAGAAGGGTAACGTCCCATCGTCGGCCGAAAGTACTATCCATTGGGATTCCCGCTATCCCTGGTCTGCTATTATGCTACGAGTACTAGCGCTTTCTATTCCGAGCCGACATGCGATTTAAGTATCGTGGCTGGGCTTTGATGTTCTCGAAGCGACCCTGTGAAGCTGGCTTCGGTGATTGGCAATATTTCCGTTTCAGTCCGATACGGGGCCAAATCAGCTATGACGTCTAGCCGAGAACCTAGAATCCGTTTCTCCCCACTGTAACACAGGCGTCGGCTCCTCATTACAGGTCTAAACCCGATTTAGCGCGGGATTCTGAGCAGCAAATTAACAACGGTCACGTGCTGAGGAACCTTATTGTGTTCCACGCAGGTTAAGCCCGGCGGGGATTAGTCGTGGATGTAACGAGCTACCGCTGGTCCTACAGCGTGGTCGTCTCACAAAGTGAACGTTGAATTTAGGAGCAATTCCGTCTAAAGCTGTGTAACTTGATTCCCACCCATGGGTTAAAACGCTCTAGCCTTGTCTTGATTCACGGGCTCCAGTGGCTCCCTGTGGCCAGTGTTAAGAGGATCACGGGTGGATTGATGATGCTGATGATAGGGAAGTAAGGAGACCCACCCAGAAACGGACCAGTCGAAGATGACTTGATCTCTGTGGCGGAGGCAGCAAGGTC,1365,51.87,Saccharomyces cerevisiae
SEQ_308885,GATTTGCGCTGCTTAATTGAGAAACCAAGAGATACGCCCATGAAATTGCTTGCTTAAAAACGTGCAACTCTGGGTTCACGGTGGGGCGGACACTAAATCTGCCTCCGGTCTAGTGGATTTAGTTTACCCAACCTCGTTCTACTCCGCTGGCCGGTGTTCTGACCAGCAGTCGAATCGACGAACACGTCTCCAGCCCGAAAGAATTACCACGATCAATAATTCCCGGGACCACGAGATTCGGCTCTTGTCCGGCGCTGGCAGACAGTTGAAGTTGGATGTCGTGTCGATAGTTTAAATTCTATCGAGGACAAGCGACGTACAAGATTGTATGCAGAATAAGCCAGAAGCAGCGAATCTAATTGGGGACCCGTAGAAACCGTTTTAAGGAAGCTTCATCCAGGGGCATAGACTAGTGATGGATTCCGATTGTGATCGTTCCAGTTGTCCTTATGCCGTAGTCTGTTGGAACAACGCTCCCCGCAGAGTCGAGTACCCACGGACTTTCTTGTTCAGTGTAAGCCTAGAACTACCGTTGCAAGCATCTTTCAACTGACTCCCCGACGCCCCGGTTTGACTAGTCGAATCTAGGCTTTAATCTAAGTGTCGCCAGTTATAGGCTCACCTAGAAGTAACGAAACCGTCACACAGCGCAGTAATGAGGGGCGCTATGTTCAGTTTTATATGAGGCCCAACGTATATTAGGTACGAGATTAGCGCACGATAACGCTCTTTATTTTATGACGTGTAATGAGGTGACATGCGGGCGGGCGAGGCCTCACTCATCGGGGCAGTCGTTCGTGTAATGCACCTTCGGAACTGCCTTGGTACTGAGAATACTGGACAATACCCCTGAATGTCGACAAGCCTACGCACTTATCCGTTGATTAAACTTCGTCGTTGATCGTAATATACTGCGAAAGCTCTATTCTATCGATCTTGTCGCATTGGGTGACCAGCTGTAAGCGAGCCAAATCATGAAAGACACCGGACTTACAGTTGAGCAACCGCTTCACGCCGACCGCCGGCGCCCTCAGAAAACTGAAACACCGGCGGACTCAATGTATTCATGTGTCACCGAACACGTTGCAGAGCCGCCAACTGGTCCACGTTTAGCGGGGGCTGGTGGATCCCTAATCGATTGTGGGTGTCTCAATTATAGCCTCTGTTCCTAATCCGTAAATGCCTGCACAAGAAATCCGTTGTGCAGGCGCATGCTAACGCTCTCACAGCCCGTCATACAAAGTGCCGCACCCTGTAAGCTTTGTATTGAAGGCGCTAATTATTCCACCACCTCGCCGTTCGGGTGTTGTGTTAAGTACTTAGGATACCCCAACA,1335,49.74,Caenorhabditis elegans
SEQ_878295,AACCTGCCAACGTATCGTCTACCCCATGCATCACGGTTATACAATTTTGACCTCGTTGCCGGAAGAATCCTTGTAGTGGTAGACTAGTGACGCGCACGCGACCACTATACCAGGCAGGATAAATTCGATTTCCCTTAGCAAGACACCGTATGATCGATCCTCTTAACGGTTCGCCCTTATTCGGTCTGTTACACAATGCATCAAAGACGAGCTTTCGAACCTGTGAACGTTACGGATCCTGCTCTTCATTGCTTGTTAGCAACAGCCAGTGGCAGCTGGAACGGACGTAATCACTGATGCGGCGACGATGCAGCGAACAGGACTACGGCTCCCACCTGGTGTGGTGGGCTTGCTAGACCGTCGATGCGTTATATGACTGGTAGGGCTGACCTCGCTCGTTGAATTATTGATGCACGCCGATTGCCCTTGAATCATCGACGTCAAAAGGTACTTAATGTTTCTTTGGTGATATTCGGTTGCAAGAACCTTACTACCCAATGCCCCTGTATGGAGCTAAAGCGAATTCAAAAACAACCGAAGAACCGTTATCAGATCTATGAACGACCTCATTTGATGGGCGTTCTGAAATGCTTCAACAAACACTAGTA,608,48.03,Arabidopsis thaliana
SEQ_679775,CATAGGGAGTCCTAAAACGTAACTCACGGTCCTCACATACTAGACGAGACAGGCTCCCGAAAGTCAAAACATGATTCCCCAATCGCGTACACTTTTTAAGCCCCTACGGACGCTCGCGGGCAATGGGGCTGCGCATGTCGCACCGCAGGACCGGAAGTTCTTGGCATGTTGTGCTCATAATACCACACGGAAACATAGCGACCACTTTAATGGGGGTGTTTTAACAAAGCCTATCATGCAATCTGGGCATACGGCTTCGGTGATACTCGCGGGCTTTTTGAGTTATCCTAAGCGCACCAAATTCTACTGTAGGCGACCCAGTCCGACAAGAGTGGTCGAACGATCGTAAAACATCACCCACAATGAGGACAACGCCAGTGTGGTGCGACCCGGGTGGCAATCCGTTTTGAGAATAAGGGGTCGAGTTCCCCGAATAGGCTAGTCATATCACGACCTATAATCGAGGTAGTCCACCTAGATACTCGGTAGCTCCAAATACCGCGCATGTGACGATGGCTAGAAGCCAGAGCTTTCGATCGTCCAATCCAATTTCTCGAGACTGTCCCCTCCTGTACACTACACAAACTAGAATCGAGGTACGGTCTAATGACTGTTACCCTGAGCGTGCTCAGATTCATCCTGGCCGAACCCCACCAGCCTCAGATGGTAAACGCCAACGAAAGACGGTCCTGAGTTTTGTGGGATTCACAGTAGTGAACGTTGGGAACAACTGGGATGGACCCTAATCTCGAAGCCTAATCAACCATTTCCAGGCGTAATGCTTCGAACTTGTTGCTTACTCGGAGTGCGTACGTAAGCACTTAGTCTGAGTGCCGCGTAGCGGAGGGGTCGCGCCGAAGCTTCTTTTGGTCTCGCTATCCGCATCTCGTCTCTCTAGTGGGATAGGGACAGCTTTAATGCAAGCACAGGCCAAATCCGTTATCCAAAAGCGTTGGAGGTTTTCACCCAGATATATTTGTTGCCGCGTACTGGTTGTACGCCCCAACTGACATACATCTAGGAGCCTCCCACTCGGCGGCTGACTTGATTTTCCTGATTTTGCTGAACAGGAGGCCGAGATAAGTCTATGTTCTGTTTCCAGTGCAGGCATGGGATCTTCGCAAGGGTATACGACCACTGACATAAATTCCGGGAAGATAGGGGCTCAGACTTCGTCTACCCCGACTAGCAATGCAATCTGGTGGCGGGGTCCGACCATCAACCGACATCGCTCAAGCCCTCTACCCGCGGTTCCGGATGGTGAACTCGCAGTTCTATACGGTGGCGAGGCCTTTTGCCGTCCAACTTAGTCGAATAAGCGCCTGTTATTTCTGCAAAAACGAGGATCTCCCGAGCTGGCAATGCTCTGACCCAATGGTTGCTATCTAGCAGGCCGAGACCGCCTCGCTTTC,1412,51.84,Caenorhabditis elegans
SEQ_248526,ACTTCTCATTAGTTTTCAGAGTAAGATCACATTTGCTCACGGATCGGTGACACTGTATACGTGGCGCACCACGACGGTACACCCTCCGCATGGATAATCGACCGCGTCGGCTCCTGGTGAGTGTCGGGCCTTCCAATTGATGCACGGTTTAATAAGGGGTTTTTGGCCGCGTATGAACATTACAGGTTAGTACGTTGCGAACTGCTGGAAGCTGAGGATGATCGTGTCCAGCAAGACATGCGTTCCCATTTGACCCGAAGACTACCAATAGCCCCTACTCCGACCTCGGCGTAAAATACGAATTCGGAGAAAGTTCTGCTGTCGGGCTTCGTCTACCGTAAAAGATAACGCACTGTGGACAACTAGGGTCTTGCAGTTAGGAGGCAGAATAACAATCTACTATTACGACCGTGTGCCAGTTTGCGAGAGTGACAGAAACAGCGGTTACTCTGAGTGGGGCACATCCTGGCCCGACTTTGCACCTATTGATATGAAGTTTGTCGCATAGCCGACCAAACCCTAGGATTTAAGCAGCCATGCCATGTAGTGGGCTTCGCCGAGCATCGAGCGCGCCGGACTTGAGACTACAGGAGCTCCAACGGGCTGCTGGGTCTGTAAGTAGTTGCAGCAAATCTGTAGCTCACAAGGCTCACTTAATGCTCAAGCTCCTTCGGAGAGATATTGTCGCGGGTTTTTACCGGACAGGCACGTCCCCCCTACTGCGGGTATTTTTGATTTAGAGCTTGAACGGCTACGGCCTTAAGTACTTAAGTCTTCTTGGCTACCCAATTGATACGTAAGTGTGGGCGGTACGGTGTTGAAGATCCTCGTTCTAAGTTAGGGAGTTTCTCAATACATCTGCACCGTATGCAATCCTTGGCGTATGTTACTTTACCTGCTAAGCAGCATAGTAAGAGTCAAAACAGCCAAAGAACGCTAATAACGAGCGAACACTATTCAGCTGTGTTACGGACGGCGCCTACGTTACGGCCTGCTCATCGATAACATGATACGAGACTGTACCCGACTTGACCTTCATGGTAGCCACTATACTGTCACGTCAAAATCTATGGAACTACAGTTAACATGACCCCGGTACCTTGAGGTACAACGCATGCTATCTGCATGCAATCCCGCTCGACGGTGGGCTTTCCCGACAGTCAACAAGTGTGTACGAAAGAATGCCAAGTATGTCATCGCTTCCCATGTGGTCGACGACCCCGCTGTTCGTCCTCATTTTCAGACCTGCGTCTGCACCTCTCAGAATTTGGTCATCCTAGACCGATGCAAGTCAAGTTAGGGAACCAGCACCCCGCATGAATATACGGACGTGAACCAACCGAATTCCCACAGCACTAAGACTGCGCTTAGGCTGGTCCAACCAGTTTATACTCTAGCGGCTAGCGATATCCTCTCCGCGAGCCACTCAGCTATCGCGAAGGGATCGCACTAAGTCGATACTCGTGGAGGCAGGATCAGTGTCCCTCGCCTCATATCTTCGCTCGCGGCACCTGTGTGCGGATCATAGAGAATTGCATCTCTCCTGCTAAGCCAGTTGGGCTC,1563,50.8,Drosophila melanogaster
SEQ_282929,GATGACCGGCTCCGGACTCTCTGAGGTGTAACTAACTAGCTTTTTCGACCGGTTACATTTCATTCGAGCGGTGAACTTGTAATTGCGGTCGTTAACATCAATATTTTCATCGCGCGAAACGAAAGGACAGTAAAATTAACGAGCAATTACGATCGGGCACAATTTTTGCGCGCGTCGTTTTCACTAATCGGTGCTAAATAGAACAGCTCGGATACCTCGTTCTCTTTCCCTGGGGTCCGACGTCTTGGCATATCTTATCAGTTTGCCATCGGCTAACGGCTAGCCTACCAGGAAGGGAGAATCCAGAACCCACTTCAATCTCTGCGGTTGTGACCATGCGCTGAGTAACGGCATCTGGAGCCTCCCCTCATGATGCCATACTAGTGATTCTAGGCCGCGATAAAATACCGTAGGCAAAGGGACATGAGCCATGATAACAAGAAAATGTATGATCAAAAAGTAATGGTACGACAGCCATTAGGTCGATTCCTATTCCTCATACGATATGTCCTTTGTCCATTTATTCCCAGCAGTCACGCCGAGAACGCGGGCACAGTGCTCTACGTGTAACTCAGCTCACGTGCATAGTTCAGGGCAGCCCGGCAGACTGGCCCACATATAGTTCCACAAATGGAAACTTTACCTCCCCGTCGGCAGATGGGCGTTAAAGCTCTGGGATACTCGCGAACATAGAGACGCTATACTGCGTCGTAACGCTACCGAATATCTATTCTTCGCGAACAGGAGTGTTCAATCAAACTCATTATTAGGGGTTCTAGTGCGAGGGTTAAAACTCACCTCCGTGACAACAGGGGCCAGACACTTAGGTAGCGCTCCCCTCATAAGGAACACGCCAACAGTGCAAAGGTTCCGACTAATCCGAGATATCTTACCTCAGTCGGTGCAACTCGGCCAGAGGCACAGCAAGCCGTCTATTGACGGCTGTATTTCTGCTAACGGAGGCGCAGAGCACGCACAAACATTTGGTGCGTGACGAGGGCGGGGATTTTGAAAATTATGTCCTACACGTCGTCACGCAAGAAACACGCTAGGCGTCATGGGACCACCCTTCTTTTAATGGACGAACATGGCATATGTGAGGGACAGACACATGCCAGCCCCCGTCCATCAATCCAGGATCGTAAAACTGTTTCCAGTGACGATATCAACAATCGTGGGTCCATTGGAAGTCATCCCCAAATTCCGATGTTCGGTTCGAAAATTCATCATTAGTGGCTCCGGGCGGAAGTGTTAACAACCCTAGCCGCCCGGATTCCCATGAGATGATTAAAGAGC,1296,49.38,Drosophila melanogaster
SEQ_176534,GGAATGAGTGGCTAATTCTAGCCGAATCAAGCAGAAAGCTGTAACTCCCAGTCGCATCCCCGAGCCGGTAGCGTGCTCTTGCCTAGCACGGTTCAAATCAATCCCCAGTACGATAGTCGATTGTTCCGTGGACATTACTGCGTAAGCTCCGATAAGCTAAACAATCAGTAGAAATGCGGAAGACTTCGCCCCTAGAGTACCCAGTAACCGTAAGAGGACGGTAACTGGAGTTAGGCTCCACGTGACCGGGGCGCTAGACTCTTGTAAGCAACGAGTTGCAAAAGAGCACAGTTCGGTGTGCGTTTCGTACTATGTCGCATGTTCTGTAGTGTACCTAAAAACCACCCCAATAAATCGAAACAAGGTGCGGCTAAAGCTGCGCGGGCCCACTACCCGTACACTGCGCACGTCCAAAAGGTATATCTACCTCAGAGCGATAGAGTACAACGGAACTTTACAGATCGGAGCTCTCCCTCTATTAGCCTCTTGGAGGAGCTTTGTCGGTTTCAGTCTCGTACTCGAAGCTATTATACCGAGTCCTCTATGTACTCATGAACAAGTCATCCTGGAAGGGGCTGTTCACATAGTCTTTGATAACCGCAGCGTGCGAACTTAGAGTACCGTCCGCGCTGACAACGTTTAGTCAAGCGTATAGACTGTTCCCTAGTATTCAATGCAGCAAAAAGAGCCCGGCAACTTGCACTTGTCAGTAAGTGGAAGCCTCGATACCCCCGATTATTGTCTGGATAGAATTGCGCGTTCTGGAGGAGGAGCTTTGAAGATTGGGCGGCCATCACTTCTGCTTTGTAATCGCGCGTGTCCTGCACAGATAAATGAACTTAAAAAATCACGTTGCTTTATCAGTTGGATCTACCTATCGATCAAGGCACTTTCCATCTAGCTCGTCATGCTTGATTCACAGCGATTATAGTCCAGTAAGGCAAAGTACAATGGATCCGTCCTGAAAGAGGGCGATACCAGGCTACGCGATTGTGGGATAGACTGCATGGCACACGTCCCTTAGGACTTACGAGAATTCCTGTCTGCAACCCCGCTCCACACCACTACCGTGGTCTCTCAAGAGTCTAGCGATCGGAGCGGATCCCATGCGCTTAGTACACCTGCAGGTGGACAATGCGGCTTAATATTAACGAGAGCGCTCTTTGTTGGCAAATAGACTCATTCGCGGGGGTGACTGTTTGGGCTAAAAAAGACAGCGACTACATCACCGGACCCAATCCACGACTAGGAAGCGAGGGGAATTTCCACGGGTACCGCCAGGGGCTGTGCTCTCGCATCAAGTGTAAGCGTTCTATGCACACTCCAATCCCTGGGCCTATTTACTACATAGAAGAGCATGGCAAGCTCACTGGCCTTGCATTATCAGATTGAAACTTACGTTAGTCGTAAGGGTGTGCCGTTAGACACATGTACCCCATACCAACAGTGCTCCTGGCTATCGCCTACTTCAGATGCCAGATTAGGGGGGAACATTCATGAGGGGCGTTGATGACTCTAGTCAAGGTATCGAGAGGTGAACTGCAACGTCTCACGAAGACCTCGCCTGCGGTGAGTGTAAGCTCGGAATCACCACCGGTTACCACCTTCAACTACATGGTATGGGCGCACCTAGGAGTCTACCCTGCCGCGCACTGCTCGGCGTGGCGAATAAGCATCAAGGATGCTGCCTACTTTGGGTATCTGGAACGAGTGTCTTGTCGTCGTCCCTGCACACGACGGGTTTCCTTCCTGTGGTCTCCTTGTAGGGTCCCACACTCTTTCGTTTAGTTGGTAAGGCACCCCGACTAGCAATCTATGGTCTCTCAGGTGA,1831,50.74,Homo sapiens
SEQ_284558,CCATCATTAGGCGCGAATTCCATCCAAATGTATGTTGCTCGCACCAGCGTAAATACGCACGCGGCATTACTTACCGACCTTTGGTGCCTTATCCCATAGCGCATGCCCATCAGTGTTGTTCTCGTTCTGAGGATATCTGGTGCTTGTACTTGATTATGTGTCTGTAACTTCGTACTACGCATTACTCTGTACTGTGAGCCGACAAAGGGACCGCGACCCTAGGACACAGGCCAAATTCGCGTCCTTGGGGAATACTTGCGGCTATCTGACCCGTAGATTGAGCTTCTACGCCCTCGGGGGCACCACGTGATCCGGTGGATCAAAGGCTGTCTCCTCCAGGCATCACCCTGCAAAGAGAGCTATGCTTCGCCCGCGCGTCAAAATGGGTGGCCTATGTATTTTGCTCCCGGACCGACGGATGAAAGCGAATGCGCGCCCAGCAAACCAGGTCATCCCTTGCCTCCTACGATATTGCGACTGGTCTCCGCTCGACATGACGAATCCTACCGCTAGTTCGATAGATTATGAACTTCCCTAGTGCTTTATCTGGCGCTGGCTCTTTTTTGATACACTCTGAATCACTACCACTCTGATGACTGGTGCTCACCCATGGACTTGCTAACCGGGATGCGTGTCCTCTCCTTCCATCGGAGCCCGGGAGATTCTGTGTCTGCAGCATTACAACTTTGCATAGTATATATCAAGGCAGACGTTGCCGTGAATTGTTTCACTATACCATGAGCTATGTCATAGAATCGCACCTACTGTTTTTGGGCTACCCCCCCTCTAGCGCTCTCAAGAGTTCAAGGCCCACACGGGACAGACAGCGTACCTGCCACGAATTGTAATCACATCCTAAAAGCGAATGCAAGGTCAGAACGTTATCGCATCTACCGTCGTCAAAAAGGTTTTCTTAGTATTTGCAAATGATATAGGGATTATAATCAAGAACATCTGTAATCCCCATACTTGTGAGTTAGGTTATATTTAGCTCCTCCTACTGTTAAACATGCCTCATATAAGATCGCGCTTGCCGGGTGTAGGACACTCAACTTCAACTTGCCACCCCAGTAGAAAACTTGGGCATGCGTTAGGGCGCCCTAATTTACTTGATTATGTGGTCCAGGATTCGGATCAAGGCAACAGCGGCGTTAAATACGGTTTCAACGATTCAGTAGACTAACGACCCCACCGCTCGAGTTATAGGTTGGACAATCACCTTTAGTATCGGCACCGCGCTCTTCCTCGAGGGAACTAACGATAGTGCTGGTACGCAACACTAAGGTAAACTAATCAAATCAACAGATCACCCCTTAGGACGATGCGAATGGATCAGGTAGCTGTCACCAGTCAACTTAACGTCAGTGCGCTACGACTATATGAGCGCGGTACAACTGCACAAGTTTACTAAGGCCTGTTGAAACTGAAGGTGAGGCTAAGGAACGCTTTATCCTCACTCTTTTATTATGACGGCAGAGACCATTAGAGCAGTCAACTGAATATTAAATCGCCGAGCCATCAGTTTAGCTTGTACGAACTCTCGTTGCCTGTCTTATTTAACCTC,1564,48.53,Mus musculus
SEQ_641844,GCCCTGAGGCTCTAAGATAAGTCTTTTGGAGGTGAGACTTGAATGGGCCAGAAGCATGTGGGCACGGGATGATGGGGGAACCCGGCCAAAGTAGCGAGGGTATACGGCTTTAATTCAACGTTAGATTGGCTGTTTCTGTAATGGCCAAACCCGGAGTTCCCACAGACCAACTGTCCGTCTATTATTGGGGGAATGGTCTCGATGATGGCCGCCCCACTTGCTGGGGGAACAAGTGGTATCTCGTACCCCATGAACTGACTAGGTTTGATAGGCCACGCCTCGGCCCTCAGTATGCTCCACAGGTCGTTAGTTCCAAGCCCATCTCGATTATGAGAAGCAATCGACGGTTCGGGCTCAAAAGACCAGTTCTCCACAAAGCTCGGCCCGTTGTCCTGCGGTGGTGTCAGGGGCCTTAAATGGCAGATGCGCTTTTAGTCATTCTGTCATAGGCCTAGATGCTTAACCAGATAGGCGCAGTTACCCCTGGGCTTTAATGATACCTTAGTAGTCTGAGTATTAGACGTGGCCTAAGGATGTTGCATTAGTGGACCACAGCCCGTCGAATTTTCATATTCTCGGGCTGGCGCGTCATCGTATTGGGTGATAAAAGTACAAAATGTATTTTTAAGTCGGATCAATAGATCAAATCGCAGTGTGTAGATTAGGTTTTTGAACTACACAAGGGTCGCTGCACACCAAGCGTACCCGCATGCCTCCTAGCAATATGCGGACAACTGCCCTCCCTCAATGGTTTTCGCTGCGCGGCGAATGCACAGGTACATGTTTTACAATCGTCTAATTAATAACGCCCTGCCTGGGAACACGGCTCTAGGCCTAGTGACCTCGGTCCGCCGATATTAGACTTGGGCGGAACCACTGGTATTAGATACGACTAGCGGTGGGCGATGTGAACTAGGTCGTTAGATAACAGGGTCAGGTGTGCTATGCGGTGGGTCGTAGGTTGGAACGATACTTGCGACAGACAAAGCGACTAAGGAGTGAGGTGCTGTAATGGCAATAGCCCCCCCATGGCGGCCACGGGGCGCGGCTCCGTACACGAGGATTTGCGGCTTCCAAGCAGCAAAGCGACAAAAATTTACTTGACTTGACTGGATAGCCCGGCAGAATGGCTGTAGAGGCTTGATGTCCCTTAATTTAGATACCGAAAGAGAACACCGTTGGTCCGTATGGGGTATACGGGCCCCAAGCAATTTATTGCCCCAACAGCGGTTACGATCAAATCTGCAGACCCGCAATCCAATAAACGACCGGAAATTCCTCTCGAGCTAGAACGGTAACCTGATCCCACATGATTCGTATTCAGCGCTGGGGGCCCGCAAACTTATTGATCGACGTCTGTGTATCGTACGACCCTTTGTCTTCCGCGCCCAGGTCAACGAATTGACGATATGATGCCGCTTCTAACAGATCACCGTTCCATGGGCCACGAGGGCACCTAA,1460,51.44,Mus musculus
SEQ_965986,AATAAAAAAGTGCGAACATGAGCACTGTAGGCCTCCTCGCGAACGCTCCTGCGACTGACTGATCATAACTACGCGGAACCTCACGCCTGCTAAGGCGCATTAAAACCATATCTGTGGCACATGAGCCGGTCTGTTTGTCAGTTAGTAGGTTGCTTCGTTGCCAGCCTGTCAATAGACTATACACCTCAAAACTCTCCTAAGGAAATTCTTAGACAGACCCATTAACCGCCTCGTTGTTCGATGCCATTACGTAAAAGGTGCAGCCACTGTCACTAGACCGAGAATGAATGAAAATACAACCGTGCTAAGTTGCTGAACTTTCCCACGTTTGGATAATTGCTTGATAGGCTTCTCGGCTTCGTTGGCTGGGTGAGCTGACTGTAGGAATAGGAGGGCCTTCTCAGTGGCGGGACGCCTTTGGTTCGGTTCGCCATATTGTCCACGCTTGAGAGAGTAATTGGGATCACGCTTGATTTCTTGCCCCTGGTGCGAGGGGCCATCTAAATACGTTCCGCGACCTAATGCGGCACATTAGCAAATTAACGTATGACTGCAAAAGTGCAGGACTTACCCGGTACAAACTCCCCAATAACGGGTCTGATCATCATCCTTTTAGCTTCGAACGCCAATCAATGCGTGCAAGGCGACCCATGTACTACGTACCTGCATACAATGGTTTGGAGGAATTTCTC,692,48.7,Drosophila melanogaster
SEQ_746787,AACCATATGCATTACGGCTGAGGCAACTCGGCCTTGCTGTCCACCTGGATCCGATAAGGTTCTGAATACTAAGCAGCCCTGGCGAGGGTTCGATAATCCAGCTTAGTTTCGCACGGGAAGATGAAGCGGTACAGAGTGAGTTCAGGGCACCCGAGCGGGACAGTGAGGTAGCCCAAATTTTTTCGGGTACAATGTGTGACCGTCCTGCGGGGTCGAGCTACATCTACGTTAGCCCGTTCGATCTTAATCAACGTCTCGGGAACCGATATACCACCCTTCAGGAGCCTTAGAAGTGGTGTTATGTACTTAGAGTAAGGACAGCAGCGTGGAATACGTGTGGTCGTTTGACAGGCATTTACACAAAATCTTGTTGCGCCCCCTCTAACCGGGATTCGGCCCGCCTTTGGTTCCCGGCCTATAGCGATTTGAAGGTGGAATGATGAGGGGTATCACGATTGGTGCAGGAAACGAATGGAGATATAGCTTTATAAAACCGTGCGGCCGGATCTTAGGTGGCTTTTACAGTGTACATCTTACTCCGTCGCTCATTCGTGCTGTCGACCGCTTCTCAAAAAGTAGCGATGTAACGGTACTACAAAAGTCCATTTGTAAGCAACCAAGAAGTCTGGTACTCAGAGCACCAGTGGGCACAGACGTAGATTCGACAGGGCCAATTTTCCAAATTCTTTCTCCCTTACGGCAAATGGAGACCTGGGGGACCTCACAATGCGGGGAACTGGTATTTACCTTACTGGGGCAGGCCTTCTCCTGTCATACCCCTGCTATTCCAAGACTATTGGGTTCCTCGCGCGCCCGCGCACCATGGCCCAAGGCAGTTGCACGCTGGGAGAGACCGTAGCGGTTATGACTCCGTCCATAAATCAAATGGCGGTGTCGTTTGTTATGGACCGTAATGTCGGCGAGGAATAGTAGATCCATCTTAACTCCATGTCGTTTCTGTGTGGCTACATAACCATACGGTAGGATGACCTAAGTAATTTGAAGCCCACGTAGACAGTGGTTTAGATCCGGTGCGGGGGTGCAAATTGCGGGGAATAGAACCTAGCGACTGACCCTGTTTGCACGTAAAGGAGGTCGCTGGGTCCCCTCAGAGACAGTTTAGTAGTTCCGCGCCACCGAGGGTGAGAGACCATTTTTTCGGACGATACGCCTAAACATCAGTGATAGGGTGAACAGTTCAAGTCAAAGATGCTTATATCTCCTTTGGACCACTATGTTCAATCACTCCCCGCTCGGTCGTACGTCATCTCTGCAACGCTTAAAATCGAGGACCCCCGAGTGGTCCTCCAGCGCTTGGTATGTCACGAACCTGGTCGATTATGAAGGTGAGGCGAGCTTTCGCCCTACATTGTCCAGCGGGGCAGGGTAACATCACCCGAACGCCACATGTTGGGTAATAGTTTGGTGTCCACTAACGCGTCCAAGACAACCTGGTAATTCGAAAAGGAGTCAAGTGCCCCATGGCAATGAGCCAGAACATACTGCTAAACGTTCTAGTAGGATATTGTTGAGGCCCCTTGCACCTAATATCCTCACTCGTAGCCTTACTTTAGCGAAGACCACCTGATTCGTTCCGGTGGGTCCCCTGGCGCATCCCTCGCCCTCGCAATTAAGGCTGCTGGTGTTAATAGGGGTACCGCTGTAAACATTATCTGCGGGGACGACCAGGAACACTGGTTATCGTGGGGCTGGGCCGGTCCTCCCTGCATTAGATTCGCATGTGTAA,1747,51.52,Homo sapiens
SEQ_917860,TATTTACATCATTTTTTTGTTCTCATTCGCCCACGGGTTGGTACTAAAGGCTACGCCGCCAGGGCGACATGACAAACTGGAACAGACCCTGAACAGTGCCCCCTTTTCAACTTTCTGTCATTAATTTGGGCACGATGAGAAGTCCCTCAACCAGCTCCGCTCCGAGAGCTAAGTCCGGAGCCTCCCACCGTTAATAAGCTGAATCAACTATACTAGAAATATGGCGGTGTTACCCTCGGGGATGCGCGTATCGGTTGAATGATCGCATAGCTTTACGGATGTCATATGGAAGAGACGCTGCGAGATCTCGGATCGCATTAGTTAGCAACGCACTGAGTTCGTGTGCTAGGGGGGTGCTGTTTGGGTGCAAGCGACAGGATTAACTTTGTTGCAAGACTTTGTGCTGTTGCGACGACCCGTAAAGTAAGAGACCGCCGGGCACAGTCTTATCGTTGGGGGGGGTACTTTCCGGGCATTTTTCCGTTAGCAAGATTGCTTGACATCCACTCTTGTAAAACGTGTCACTCCAAGAATACTAATGAACGCCATGACTAAGATTTATTGCCCCTGAAGTCAGAAGCGGCGCTTCAATTTAATGACTACTCGTCACGTAGTTCCTGAACGGGGACTGTGCTTTGCTTCCTTCTTCAGGGGGACATGACCCTCGGGCCGATCAAAGAAGGTTACATGTTTACTGCTAGCTAGATGGACTTGTAACCCGGGGCCACACGATTTGGATAGCTGTAGACCGACAGATTTTTTTGCGATACGGCCGACCTCGTTCTTGCTCCGGCTAAAACATATCCTGAGTGGTGTCTTAATAGCATGGGGTATACAATAATAGCGGCGGTGGGATCTAACAATATCACGAAACGTACTAATAACACAGGATATAGCATTCATATCCGTGGGCAAAGTAAGGGAAGATCCGTGCTAAGCTCAGGCAAATCAGCTCCGTTTTATCGACCTATAGGTGGTTAGACTGTTCAGCTCACCCATTTCGGCGACAGCGCCCAGTGTTAAGTGTCGGCTACCTTGGTTTGCTTCTATCCGAGGTGATCTTTACTTGAGAGCTACGCGATGATGATCAAGATCCGTATATACAGAGTCCCTTGGGCGGCGCCTGTCGACACCTTGTAACTTTCCGACTGCAGGGCAGCGTGGGACACACGTTACCCCACAGATCTCCACCCGAGCTCCGCGTGATGTTAGCAGTATTCGTGCTCAGCTGACAAGGTTGTTACGGCAGGATATAAGAGCAATCTCATGTAACGTGCGAAGTCCATAGTCCAAAGAGCAACTTTAGACGGAGTAGGCTCACATACACATAAACTAAAGAATTGACATTCTACTTGAGTTTATCCTGTATTCCTAAGTCGAGTTTGAAGGTTATACGCAAATCCCACGTCATTACCAGGATAGCCGGAAAGTATGCTGATCACAGCATCGACCCTGCATGGCCCAAGTGGTAATACCCTCCTTGGCCTGGTGAAACGGATTCGGGGTCGAACTCGGAGCATACGAGAAGCAACTCTTGGCGGAGTAGATTCAACTAGTTCTAGTATCCTACGAGGCACTCTTGACTACGGAAATTTA,1596,48.56,Mus musculus
SEQ_794104,TAAATCGTCTTCCCGCAACCGCCAGTTGTCATGCTTTTTTCGAGGTCTCGATTACAGGCCGTGCTCACGAGGGCACGTGATTGAGTAGAATAGTGTACTACCGGAACAATGATATAAAATTTCGAGGAGCACGGAGGTGACGTTCCCATGGGAA,154,48.7,Escherichia coli
SEQ_771011,AACTATGCATACTACCAGCATGCCCCAGAGGCATAGAGTTACCACAGCTCTACAGCTAATTGTCTAGGGTCATTGGCGCAAACGGGAGCATTTGATGAGTTCAGTCCCAGTGAACGTTTTTGCCCACAAAGGCCTCGCTTCAACCACCGACGCCCTGGTTTTAACACCGAGTTGAATTTGGACGTAAATGGGGGCCGCGTGCACTACATTACAGCTAGCAAGTCCATAGAGCCCTCGGAAGACACCATTCAGGTCCAAGGGGGCTCACAAGGTTAAAGATTCACTACAGCAGGGCCTTAAGCTCATCTCTTACGGGTCGTGACTGGAATGACATGCAGCACGTTTATCGATTATAACCCCCACAACAACCCCTAATTGCCTTGAGGCTCTGTCGGCAGGGCCCTATCAGCTCGATAGGATGAGAGATGGTAGTATCCAGGCCGAGTCGTCCCCACACCTCCGTCCGTAGTCAGTGCGCTAGAATTTACGTTACGCGGATTCATATCGTTAACTCGTGCAACTGTTCTGTACGCGAATTGTATCGGACCAGGAGTCATGTGTATACGAAAATTGAAGGTAACCTCCTCGCAAAGCGGCATAAGTTTGTCAACAGATCAGATTTTGCACGACTGGGTAACCGGTGAACAGTCGACAGTTAGCGATTCTGGTGCTCATGCATGTGCGATCTTTGGTTCCTCGATAGAAGCGGTTAAAAATGTAAACAAGGTTTTCTGTCCATGCAAACTAGGATTAATTTCTCCAGACACACGGCTCCATCTTTGCCAAAGTTGGCATGCCGGA,801,49.19,Homo sapiens
SEQ_974327,GCAACGCTGCTCTCCAGATATAGCTACTCACGCGTAACGATGGATAGCGCCGTGACCATCCACATCCAGGCTATACCAAAGACCCATCAGCATGCAGGTTGGAGCACTAATAGCGGGTTTGGGAACCGGGCAAAGTAATTGCTTGGCCGTGAATTGCGACCCATATGTGATAACACTGGGACGCCCCCTTGGAGCTAGGTCGCAGGTACGTGC,213,54.46,Saccharomyces cerevisiae
SEQ_594587,AGCGTATCCGCAAGCTAGAAAGCAGGCTTCCATGTGACTTGTCGTGCACTGGGCTCTTCATTAGGAGTCTAGCACATGGAACTTAGTTTTGCTATTAAAGACCCGACAACCGCGCGGTTTTCCGATTAGCGGCAAGTATTGAACGGCGCGAATCGCTCGATTTATCCGAACCTCCCCGGGCTTTAGCGAATACGGGTGGCTAATAC,206,50.97,Drosophila melanogaster
SEQ_375588,TGTCGACCCGATACCGGCTTTTGGAGGGAACTCAACTGTTAAATGCCTGTGCCATCGAATTGGCCCTACGCACCATTCGACGATCTCATCCAGGAATCCTATCTAACTCCTTCAAGAATGAGGTCTCTTACAATTTGCTATGGGGTCTCGGTGACGCTCATGGACTGGAATCGGCCGCGCAGGTCCCGACATAGGGATTCGACCATAACGTCAGTATACCCGCCAGCATCCACAACATACGCTCCTTCAAGTCAATTTAAAGAGGCACCGCCATTCACATCAATCATAAGTCTTTTGGTTAGTACACCGGTTTGTAATCTCGTGGGCGAACCCGTGATCCAGGGTATGCTGACCCAACGTCCCCCGGGCATACGTCCCTAGTCTGCCGCGATGTCCTAGCCTGTAGAGACCTATGTCTACCCCTCGAAGGCCGGCTAAGATGTCTCTGTATTACCGTTTACGATCTACCTGGTGTCGTTCGTCTCGGTGATGGACGGTGGTCTTAGCGGCAGGTGTTCGTGATAAATGAGGGTTACCCAGTCTGACCGGGGGCGCGTAGTAAAAGTCGTATGTTGCTCGTCGCCGAAGGTGCAATCTTTGAGCTAGCTTGCGGAGCTGTCCGTCCGTCAACACGTTCGTTCCGGTAGCAATTGGAAAGCGTCGTCCTTCAGCGACGAATATTCTAGGTCATGCCGTTTATAAGCCGGCCTTCTGAAGACTTTCCTGGAGACGTTCCTGGTGCCGGCGCCCGTCGAGTCAGAGCGATCGGATCACCCCCTTCCTAACTCTTACCCTTATGGGTTAGTTCTGTCCCAGGGGTCAAAAAACAAGGTCACAGCATCAGGCACGGCGTTAATCTCGAAGAAATTCGGAAGACGGGACCTACGTGAAGATTAAGTATGCTGAACATAGGTTATGAATTGAACCCTCTAAGCGTGCGGTCCATAATCACCGGCGCAGGAGCTTAAAATGGTTCGTTAAAGTCCATTCTTAGCAATAAACGGTTGGAAATCAGGGTAACTCTTATATGAATGGGGAATTTCGGAGAGGCTAGCACGACCCTCCGGCTACGCCGTCCCACCCCACCCGCGCAGCCAACTCTGGCGTTTTCGTTCTCGAAAAGGATCGTCGATTAAGATCGCCGACTCTCGGGAGGCTCCAGCTTATTACCCTCTCCAGCCTCCCCGGCGCTTGTCCCCGCCCTATCGCAGTTAGGGGGGTAATAGATCGAAAACTTGAGCCCGGGCATCTAAGTCAAGACTCTATATTGTTCTGCAATAACAAAGCAATACCATGGCGAAATTCCTAGACAGAACTTTAATAAATCCGCTGCGATGGTCGTCGGAACAAGGGGTCTTTTTTTGAGTAGGCCGGGAAATCGGGGAGTTCCTATGTTGTTGGCGAAATCTGATTTGGGTGACCTCGTTCGGGGTTGAATTCGGGTATAATAGTGGTCACTCTCTTCATACGGCAGGTGATCTCGGTGATCCACCTTGGACCGCTCGTGTATAGACTTCAGTAGACCTCGAAGTTGTAACAGTTAACAGGGCTCATCCACCATGTGACCTCATTGCCTGCTACAATTGCTGGCGCACAACTCCAAAGCTATGGGTTTCCTGACGAACCATAGAGGGCTGTATGGTTCCCACTCAACAGAGCGGATTGGCGCCGTTCTTGGGAGACACCGCCCCGTTATGGCGGTTGGCGATGACGTAGTCTTTACAGTTGGCTGAGAAGACGTACAGTACGGTGTTAAGTACGGTCAGACGGCACGAACGCTAACTAACATGTCGGATCGAGGAGCCCACCATGAACCGCGGCAGCTCAAATGGCTAATCCGGACAGCTTGCACTAGGAAAACCGACGTCATACCAC,1875,51.84,Arabidopsis thaliana
SEQ_836605,CCGTGGACAAAGCCACCCATTCAAAGCTCTTAACAAGTTCCACACGTGCTTCGGAAATGCGGGCGAGAAGGGCCGTTAGCATCGCAGTCAAGACCACCACTGCATGGACTCCAATTATAGGTTATCTGTGAGGCATTACCCGATATATACACACCTTTTATGAATATCGCATACCCAAAGCTGTCTGATTTTCTTACGAGCATTCGGTTACGTTAGTGCTTCACAACAAGTAGCGTATATTAGCTAATGGGAGGAAAGTGCGCGCAGGTCTGTTTTCAGTCACCGTATACACGCGGCAGTAGTGAAGGCATAAAGATCCAGTCGGTAAGCGGTACTTAAAATGCCATTTTGCCTCTCTCCGCCGACGGCCTGTCGCAGTGCATTGTTAGCATACCATGGATTGCTAACACCTGGCTAAATGTG,423,47.75,Drosophila melanogaster
SEQ_929932,CACCGGCCGTAGGTCACGACATAGTGCATAGGCCCGGAACTATGATGAAGCGAATGCTCCTATCTGTATCTGGACAAACGATTAAATCCTAAGTCACGTAGTGTGGGACGCCCCGAGCAAAATGGTGCTGGTTAGGCTTTCTCATGACCACCTAGATTCGGGCGTGCCGTGGACAAATCATCTATTTACTAAATGGGGTATAGAAGTGTCCGAATGAAGGGGGCGTGGCGCACAAATCGCGAAGACTCGTATAATCCCGGTGTTTGGGCCCAGCTTTCCGATTACTCCCGCGTATAGGTAGGGAAAGGGTGTATTCGGCAACATTACAAACGGCCGTCCGAAGATGCGGCAAAATACCGGCAAGTTCATGTACGCCATAATCCGGTCCTTTTAGGTGTAAACAACTTAGCGTAAAGGAGATCACGGATGGAGTAGTACTATATCTTCAACTATGTACCAGACGCATGCGCACCCCAGTGCCATTCTACGCAGCCTCATGTAGGTTCCGGTGCCAGCTCCGCCAGGCCGTGGATTGTTGGTTCACAC,546,51.1,Mus musculus
SEQ_771122,CCGAGTTGTTTTTCAACTTGCCATGTAAAGAACGAGGCAAAGACAGGTAAGTCTATGTAGGTCCGGTCTTGAAACTGACCACCTCCATTTCCGCCACTTATAGATGGTCGTTGTTATTTATACCACTCGTTTGCATGGCCGCTACTGGGTGCGCCGCCTAGTATCGGTCACCTAGAGACAATACAGACGTTCTCGGTCTTTCACACGGTTACGCTACTAAAATGTGGCCACCTTAGTAACGCCGTGGGTCACCACAAGTAACCTGACGATTAGGGAAAAACCCTAGTTTACATCGCAAGACTGAGACAATACATTTATTTACCCAAACTCAGTGATTTACCCGTCAATACGCCGGGTGACGTGGTGTATGGCGAATTGAGTTCGGCGCAGACACTTCATACGCCTCTGGATTACGCCCTACCTGCAGATACCTGTTATTAGTTCTGGAATGACGCTAAACGGGACTATGCTGATATTACGAGCATCGCCCTACTCAATTTGTGATATGGGACATGAAGCGACCGGGTTATCCAAACGCCTCATCCATTCCCTAAGCTTGATAGTATAGGGGCCCGTCGTTTCTATGGCCTCCATTACCTATCGATTGCTTCGAGTATGCAACTTCCGAATCCTAAGTTGGTCGGCTAACCGTTTAAACTATTCGTTCCGTCTAAGGACCCACATAAACGTGTTTCTCTTATGTCCGGGTGTTATGCCAGCTAATGGCCGATAGGTTTTGACCTCTCGGACCTTTAAAGCGATCGGAACTGTTGCTCTATTGATGAACCGAACAAATTCCTCAACCTCCGTGCGTGATGATGCGCAGGGCGAGCAAGATGCCTTCCACGTTCTCTTTACAAGTCTCTCGTGAGACGCGTAAGGGCAATCTGACTTGAACAGAGAGATTAAAGGATTAGCCATCTCAAATACCCAAGAAGACCCTGCTTCGAGAGGGTCTCAGCTTCCGGAGCACGCATAGCCGCGCTGCTGGCCGATGGTTGTCGCCGGCTTCGTAAATTCTTGTCACAGCGCGGAAAGCATCGAGGCAACAGTAGTCCAGAGAACGCCTCCTGCTCGAATGGTGGGGCAATCACTCCATGCAAGTCGTTACTTAATCGGGAACGACATGGGTACCCCTCAACCTAAAAGTACCGCCGTGGTCAGGCCACCAGTGACCCTAAAAGGTGTTAGCTTAAATGTTCACCTGATCTTGAACCGCTACGCATCACAGCGGCAAAATCGTGCGCACCATGCCTTATCTTCACCGCGCAGTAAACTCTCAATCTGTGTATCAGAGTTTTCCCAGGGGTTCCAAAGAAGTCCTGAGCTGCGTACTTTACCATCCAGTCTGACGAACACCAATTGGCCCAAATGACACTTTTAGTCGCGTTGGGCTGGAGCACCCTAGCGCGGCGTGGTAATGCACGATTCGTACCCGCGGATTCATCGATACAAGAGCATTGGTAGGCATAATTCTTCTAATTATAAGGCAGCAGAATAAGAGCATATTCTTGGTGCTTTAGGTTGGACCAGCCTGGGGCTCATACGCACATAAGTGCCGGGTACACTGCAGATCTACCCCGATCCGGGAGGGTTGGAGCCAGCCTAACGCCATGGTAACGGACACGACTCCCGTGCCTGTTAGAAACACCTCGGAGGGTTATCCGTA,1669,49.85,Escherichia coli
SEQ_718898,TGAACGGTAAGAAGGCCTCCAGAAGATAGGCTCAAATGGTCATAAGTCATGGCGCATAGGACATATGGTGCCTCTACAGGCCTCCACTACACACGTAAGTCGTGCACTGCTATCGATTAAAGGCAAAATTTATTCTGATAAATTGGCTAAGTCTCCGGCCACGGATATGCCCAAACACAAACCCAACATAATTATACGGCCCCGGTCAATATTAACGAGTTGGCGGGGCTCATTGCGGGACTGCGCTTCTAGGAGGAACCATGGAATACCTGTCCACGCCGTGAAACAATTGCCAATGTGCATGACGATGGACGCTCGAGATTAGTGACGCGTGCTCTTCGCTCGTTGGATCTACCGCATGAAGTTCGTGGCCGTATCGGGACAGTGACACGTTACGCACCCGGGGGTCAAGTCTGCTCGTACCCTCTGTAGTTAGTAGATCTTCGAACCGTGATCATTTATCTGGCCGCAGGACGAGATAATTACGACGATCCTGCGTGTTTACGGAACCTATTGACGAGGGAGCTCGCCATAACGTACATCTGGGGCAGCTTCAGGACTGCTACCTACATAAATAACACGGTGAGCTTCACGATTGAGAGCCGAAAGAAGTCTGCCTTAACGATGCTGTCTATTCGAAGTTATGTAGTATGATCGGTTTACAGCTCTGTCGGCAGCCCAAAAAAGGTTCAGGCATGTAACCCGGTCCCGAGGCGAAGCCTCCAGTGAAGATTGCAATTTGATCAGGCCGGGAGAAGAAGGGGTCTCGTTAGGCCGTACGCAGCAATGGATATAAGTCACTCCTGGCATTCCTACATCCACCAGCGGAACGTAACAGTTATCCCCAATACGGAAATGGTTCTATAACTGCCAGTACGTTAGAAGAGTGTTGTCACTGCGACTACATTACTTACTTACTTAAGCCGGGTTCTACTCAATCTTAAAATGACTGCTGGTAGGTGTAGTAGGCGAGGACACTGGAGACCGTATACAGCATCCCAAAGTTTTGAAGATGACAATTGCGCGTCGAAGTACCCAGCTGCCGTCACAGGGAAG,1056,49.53,Escherichia coli
SEQ_878975,ATATTTCTTTGCATGATGTTTACGCGTCCCACCCCAATACTGTGGGGGGTGACGGTAACAGTAATGAAGACCAGTTCTGTAGTGCCAAATATTCATGTCTAGATAGCCCGGGGTCGATTTACAGCTTAGCCACCACGGGAAAGTTCTCTTCCTCCACGTCAACAGAATGTTACCATCGCGGGATTCAGCGTACAGTTGCAAGACGCCGAATAGAGTTGCAATTGACTTTAGGTATATCACGTCGCTCTATTCAACGATATATTGACTAAAGCGCTGTTCGCTTGCGACAGGGGTTCTGGGACTCAGTCGCTAAACAGGTCTGCACATCTCAGAGCCATTAAGATGTTCTGGGACAACACGATCCGTGAATTAGATTAATGATAACCCTATTATGGGATGCGGCATTACCTTAGTGTTTGGGCCGCTTATCGATCTCCCGCCGAGCTGGCATTAGGTCATGGGCTTCCTTCAAGAAAATCTCTGGATTTTGGGAACTCTGCTACACTATAGTAGATCGTTCCCAGAGTCACTCACTGTTACGCTGTATGCCAGAAGGATTTGCTGTACTCCACAAAGGCAAGTCATACTAAAATTGCGGTAGTCCGGGTCTATGGATACGCCGACGTGAGAGAACGCACTAGCATTGGCATTCTACGTTCGGAAACCGCCCGGAACGTTGACTGGGTTAGCTAACTTTACTAACTTTTTAAACGATACTTATTAAATTCAGGTGGCAAGTGGTGATACGTGCAGCCCAGGCCTGGTCTGCCTTAGCAAGTATTCCCGTTAAGCGATTCAGAGCTCACCGTGACGCGTCTCAAGGCGCCTCCGTGTCGGTCAGCGGTACTCGTCGTAGGTACTACAACCAACCCAAAGACATTATTTCTTGAGGCATCCGAACGTGGGCTGATCATACCACAGTACCTCCGACCCGGCCAGAGGAACGCCAAACTGTACCTACCCACCCCGATTTCCGCCGTGCCCGAAGTCACTCACCTCGGTGAGAGTAGCCTGGTTCCGAGGAACCGTTCATCGCTATGCAATCGGAATACAAAACTCTCAAAACGAATATTGGAATAAAGACAATCATCCGACTACCGGAGCGATATAGATAACCGCCGAATATATCATCACGCATGCTGGGCAGTTGCAGAACGGACTAACTCAAAGCTAGTCACTTCTGGCCCCGGAGTTTCTCTCATGGAGGTGCAGGTACCGCATCTGTACGTGTGTCGGTGCGCCGGTATTGAATAACAAGCTATTGTTAAAGGGCGTTCTATCAGTTGGAACCACCTTTTGGCGAGTGCACCGCCGACAAATTGCTAAGTTGGACAGGAAAGCCCCTAGATTGCAACCGATGTCGAGGAGAGGTCACGTCCGGATACGGGGTACAGATACGTTTGCCAGTACTTAACCTTTAACATGTAATGTTAGGTTGCATTGCCCTAAAGGCTCATGCCGTCCTGCTCAACGGGACTCTGCACTTGTTTGCTTCGTGACCAAAAGGTCCTTGATGGGTATACCGGATATTGGTTACTTAATGGCGCATGGGTGGGTGCGAGACCGCGATTCCCTGCAAAGGATCCTATGCCCTTCTCTCTCACCAGACTTACCTGCACTTTGAACCTTCTCGCCGGATCTGCAGCGGTCCCGTTGCTACGGATGTTCCTGGTAGACTGTATCACTTTCGATGCACAGGAGGCTTAGTGCTCGGGAGGATTAGCCGTTCGCAGGTACACTCGCACTTGAGCCTGGGGGATAAAACGGCGCAGGAAGGGTGATGGACTTTAAGCCATAATTCTTTCCCCACTCAAAGTGGGGTGGCATATGTGACCGCGGCCGGAGACCATCTTTCCGGACTCCTTCTTAGTCTTAGTACGGGATT,1885,50.03,Escherichia coli
SEQ_470167,CTGTAGTATGAATACCGCGCCCGTAGCTGAATGCTCTCAAGAACTCTTCACCGACATCATGTCGTATTTCACTGCGAAGTTCCTCCAAACTAGCAGAGGGTAGTAAATGTTCTCTCCGGAAATGTCCATCGTTATCCGTCGCCCCGGGGCTTATCCCCTCGCAACCATGGAATAGTGGTTGCGCGCTGAGTTAAAGCTAAGTATTTAACTTACGATGTTCCCTCGGTAGTGTCCTGTACCTATAACCGCGTAATCGATAACCCTTACTATTGCGTTGGAATACGGGCCCTCTGAAAACTTGTCGCACAGACCGAACCATCGCCCAAGGTCCCAGATGTCGTGCTCCATAGCTCCTATGAGTCGTAGCACCCAAGTGAGCGCCCTAGGTGGTATAGGCATCTATTCATCCCATATAACGGTCGTTGGGCGGCACGCCGGAAGACCCGATCGTCGAGCAGTGCTTATACTCTCTGCGGCCCAGATGTCGCACCTGACAACGATTATATTCGCAATTCGCCGCCGGCTCTAACCTCAACCTCTTGGGTTAGCTGTCATAATGGTTCCTCAGATGGCGGAGAAGCTCCTCCTTCCGGACAGCATGATGCAGTTTACATCATGTGAGTAACGCTATTGGATCATGTCGTCGCCGGGTCGACATGCCTATTTGCTGATTTCCA,677,51.26,Saccharomyces cerevisiae
SEQ_694858,TGGGACACGCTAGCGCCGCCGTTTATAGTAGCTTGTAGCGCCTTATCGACGTACCGGACCGTAAAAATGTAACTTGACTCGCCGATAGAAAGTTAGCACCCTTTCTCGCCCAGTACCCAAGAGTAACTGTGCCTATTCCTTTGCCCCGGTCCTCGGCGGCGATCACAGTAGCAATTCGCCATTCTCAATGCTGTAACTCTCCCTTGAGTATCGAACCCCTATAGCGGCGCACCTAAGAATTCATCGCGGTTCAAGTGTCTCTATTACATTAGTGGCGAACGGATTGTACGAGTAGGCTAGAGCTTTTTCGAGAACATACAACGACGTCGCACTCCAAATGTCGGATACGACGTCGTTGTCGTGGATGACGTGAGGCAAGTACGAGGAATGCTACGTAATTACTGAGATTTCATCGTTGCCAGACCGTGCTAATGCTGTATGATCTACTGCTACGTTTACAAAAGCCAGCCTTGTGTCAGTAGCCTCGGTTCTTCTCATAGCGTCGAACAGCCATGAAATTCCGAGTCAATTATCAAGCGTCCCGTTTCGGTTTATATTCTTCC,563,48.85,Saccharomyces cerevisiae
SEQ_513003,TTGGTGAAATGCCCCAAGTGTCCAATATTCACGCGTATAAACTGAGAGTATGCTTTAGTTCGCTAGGTCCGCTCGGGAGGGGTACTCGGAGGGAACAGATTAGGGCTCCGATGATCAGGGTCCTCAATTGATGAAATACCGGTCCACTGCGTGGCTCCTCCACCAACGGCACCACGGACGGACTATCGGTAACAA,195,52.82,Mus musculus
SEQ_689858,GATTATGCTTCCGTGATCTCATTAGACCAAAGCGCCTTAGGACCCGTTACAATAGTCCAGGAGGTCAGTATGTTGAGAATATTACGTTGAGGTGTTCGATCATTCTCTCGAGGCTGGCGTGTTCACGCGGAATTGGATCCGCTTAAGCAGACCAGAGGTAGAAAGTCGAGCATGGGGCGCCCGACTTATGGTTTTGTTAACAGTCCAGTTGGTGGGAAGGAAAAGGGAGCCCTATTGTACAACGTTAAACGTACTGCTAGCGGACATTCCTAATTTGATATTGGTAAGATCCTGTGCATAGACATATACTGTCGACATGACTTAGACTCGTACAAGCAACCGTACAAACAAGTTGTGTTCACCGTACGTAAACCTTACTCTGCAACCACGCGAGGATGCATATAGAGCAGAGACACCGACTAAGCCTGGGAGGCCAGCCATATGATTTATTGTGTGGCCTCGTGTATCTCAGGTCACTCTCTCCTGAGCGTGCCGTCACAAGGTTACTAGATCTTTCGCCACTTCTTGCAGGAATTAACTGGTCGTAGCACTGCTCGCTTGGACGTTGCTGTGAGTCTTGGTGAGCTTTTCACCTGTAGATGGACCTCTGTGATGGCAGACCGCTGGCTGGAGTCCGTACGTTCTAAATCCCCCTACTACCCTATCACCCTTTGAAGTACGTGGTCCGCCCATGCCGACCCTGCGATCAGTCGGCGGTTGTCCGGACTGAGTGGTACGCATGGATGTCGCAATGTCGCTACCTAGAGGCTGACCTCATCAACCAAAGAGGTGAGTTCGGTATCCTGGTCACATCTGACTGGCCACCAGGTCCAACCGCATCGTCTGTCAGAGAGGCCCGTATAATAGAAATCTACTAACCGAGCGCTCGATACCAAATACGCATCGCGAGTGACGCTCAGATTCCAAATAAGTACAAATGCTTTTGCCCCCCTGATGAGTTCTGACTCTTCGCACGAAGGACACAAGAGCACCTTAGTATGGCACTCTTAGGGAATTGCAAGAATCCCCGTCGGACTGGACGGTAGTTAGGCGATTTCAGTATGCGGACATATCAGACATGCTCGGACGCTATTATAGGACGGCAATAGATGTAACCACGTTAAGGCCCCAGACATGATGGTCAATCATAGGCGCTCTGGGCGCTAAGGTGAAAAAGGCTGCCTGATACCTGCTGACGGTCGAACCGTAATGTTCGGAGGCTCTGGGGAGGTACCTGTAGTCGGCGAATGCACACAGCTAAAGTGGTCTGCTGGCAGCCCGCTTGGGACGCTTGCCTATGGCTTTATCTTGTTTGTTAATAACGCTGCGCAACCGGTATGGCACCCTGACGACGATGGGCAGCGTTGGCCGTCGCAGGGTCGAAGATTCTGAACTATGAGATCCCAAGGGTAAATACGCTATTGGCAGGTTTCATTCACGTGCTCGTACGAATCCCGCGTTGCACAAGTAAATCTGAAATTATGGACTTGGACACACGTCCGGGTGGACTACCTCCACTATTAGTGCCCAGGGTAGGATTTTCATTTGCCCCCACGTAGTTGCAAGTTCCCGCAACGCTAGTTTACATATGAGATTACTTAATAGGTTTGTAACAATCTTGGAGCAAGGGTCACAAGTGCTCACAAATGGTTGTATCTTGCCTACAGCGTCTACGTCTGCTATGGGGCATGTTTGATCCTGCACGAGTGGTGGGCACTATCAGGCCACCCACGCTCGCGAGTAAGGACCATAATACCGTCAAGCACATTCCTGCCGGAGAGGCTCGCGGTTAGCCGATATGGCACTCAGCTATGGGGGATTTTGTAATTTATGCATGCGGTCTTGACGCCCTCATTTGACAATTTATATACAGTCGATTTGTATCAATACATGGATTTGAATCCATATGCGCGGAGGAAGAATGACTTATCAAAGGCTAGTATACACCCTGCCGGTTTCACATGAGTACCCCCCACAAAA,1980,50.05,Mus musculus
SEQ_196764,CGCACGCCTGGAGAGAGTCGCTAACTGCCAGTTTCTCAAATTTCGTGCAACTGGCTAAGAGGAGCACTGGTGTGTCATCCGTTCATTTGTGTAGCGCGCCGTACTGATTATATAAGCAGACGAATCTTGATACTATCGGCGTCAAAGACACGTGAATGGTAATAGGTCTCCCCACAGGCCCCCTTTAATTCAACAGGCCGTATCCTGCGTCAAAAGACCACCCGCAGGTGCTACAACAGTTAGCCCATTACAGTATGACCATGGCGGACAAACGCGGAAATTAGATACCAGCGAGAGCACTGGCGAACATCTGTGATAGACCCAGTGGATTTAGCGCAGTAATTAATCTCGGGCTTGTCACACGAGTGGTCGTCTACGTGCATACCTTGAAATCGAAGTAGCCTTGCCCGGATGATGGTCTTGTTGCGATTACGCTACTGTGATCTGGACAATCAAGAAATACGAAGCTGGCCATTTCGAACTTTTGAGTAACACCAGAAACGTGTGTAGCATATCTCGTAACTGGTGCACCTATTGTGCCTTGGGCCGTGTCTATGTCCTACGGAGTATCTCAGAAGTGTGACCAATGAGTCGCTGTCTGATGTTTCTCAACTTACATTACTTGGTCCCTTTACTACCGGTCTGGGATCCGTAACATCGCCACAACCGCGTCAAGTGGGAACCATGCTTACAGGGTGGCCAACGTTCCTTGTCCATGTTGCTCCGTGTACCCGCATCTTCAAGGTAGGTGAGTTATGAGTAACAAATCACTCCCGAACCCCTCAAGATCTATTTCGCGGATCTCCAGACCCGTGGACACAAAGTACCACGCGCACCCACCGGGAGCGGTGGCCAACGGTTGCGGGGAGCCGATAATAGCGGGGATTTGGTCCTCGACTCGTGCATTCGGGCTTCAAGAGAACGAGGTCAGCTTGTTGGGAGAGGAGCTGCTAATTTTACCCTAGCCGCTCATCCGGCTTTCCACCTGGAATACCAGACTTCCCATCGTTCGTCCCGGTATGCGGTAATTATGAAACACCGGGATACCACTTCGGGCCACATAGTGGCGGGGGTATAGCTACGGAGATAGATGACACATGCCGCATTCGTTGGTGGCCATAAGAGGC,1127,51.38,Arabidopsis thaliana
SEQ_133301,GTCGGGCTCACGAGCACGTGACCTCCGTATCGTAGGTTTCCGCTTAAGCACCTAGTTGGAACTCCTTCAGTGATGGGGATGGCGCGAGAGGTAAGGAATACCATTGTATTTTCATGCTAGCTCCGGATGACCTACCGACTTGCATAGAATGGGACTTCCACTATCGGTGCCCGGGAAAGGTTCATCAACCACGTCTACCATCACGGCATGCCCTTGCATATGTTCAAATACTCCCTCTCGGTAGAATCTGATTCACTCTGCTCGGCCGAACCCTATTCACAATTCATGAACCGTATGGTGCATCGACTCCGCTAGCAACGAGCTTAATGTACCAATTTTCTGATTGGACGACCTGAATCAATAAACGTCGTTCACCCGGCGGGCGCATGCCCTAGTAACCCTCGTGTCACAGGTCCTGATCCTTAGGAGGGGTCCAGTTCGGGCTATGAAACGTTATATAAATTGGCAGGGCCCACCTGAAATTTCAAGCCCTAATATCACAAAGTTTGCACGTTGTCTGACCTACCATGGTACGGTATAAGGTGTACGTGATATACAACGGAGCGATTGCCTTCTGATCCTTCTGTCACAGCAAGGCGTTACATTTCCACGATCACGTCAGGTGGTGTCCTCTTATGTAAATGGCAGGAAGCATCTTGTGGTTCAATTGAGCGCCATCTCAGAGTAGTCGCGCCTCGTCCCGCGGTTGCCACCTGGCAGCGTAAATGTGATGCGGAACCACAGATCCGGTCCCCACAATGTCGACTTAGTAGGGCCCCGGCGGTTCCGCTTCTACGCAGTCTATGGTTATAGGAGGATTCCCTCTAGCAACGTGTTTTAGGATGTGGACTACGTGTTGTTCCCTGACATTTGTCACATGAATGTTGCTCTGCGCGTAATCAAATGTCATTAGTATGGGGGCCCTATTTCCGAATGCGATTAAGTCAAAATGATCACCGCTCCAGCCGAGTCCGGCCCCTTAATACTAAGAACATATTACCGGCGAGATAGTGCGGACGCGTAAGAAACCTAAATGCTTCCCGTAATCGCTTGCTAGATTAACATCTAGGGCCCCCTGTACGGAC,1085,50.32,Escherichia coli
SEQ_433352,TTTGTAACATGCCACTGGAGTAACGATAGTGCGTCAGGGGATGTAGCTTGGGCCCTCTGCCAATGACAGCCATTTGCTCATTTTCGTGTAAGCACCTTTAAGTTGCGTTGCTTTATTGTGTTCCTCATGGTCCGACGCAACGGGCGGATCGATGAAGTTAGGCATAGGGCCATAACCTCAAGCTGGCAAAGTTGAGTAGAAAGTAATAGATACTCGCACGTCCCTAAGCTTAACACTCTATAATACTAGAGCACCCGATCCTATACGGAGTCCTTTCACTGCGCTGGAGAGCAGAGCCATTGTGGATCCTTTAATACGTTCTTGGTGACACTAGTGTACGACGCAAACGGCAGGTCTTTATTCAATAGGGTGAATTGATCCCCGCTCGTATGCGCGTTTTGAACGTGGACGATCCTGGACGACGGCGATGGGAGACTAGATTCACTCGTGATTCCCTGTCAGGACGACCAGTCCCACTTCTGTAAAGCGTGCATGTGGGACTAGAGGGGAGTACTACTTGAGCGTGTGGCAGAGCGTAGACTGGACCATTTGGCTTTACAGAGCCGTTTGCTAGCCTCCCTCTTAGCCCTAAATCCACGCACGTGCGTTTTCCGTTCATCCCTATATCAGCTTCGGCTTATTTGTCAATGAGGTATCAGATCGATCAGGCTGTTCGAAATTTCGTCGGCCGGGTTTTACATGATGACAGCTGTGATGTTCGTATCTACTTAGACATGCTTCACTGATTGAGGACCATTAGACCGAGCTAACTCATATAATATCCATGGGATGACATGACTATTTCCAGTCTTGCCGGGCCCAGTGGAGGAGAGGCAAAAACGCAAGACAGCACCAACAAC,860,48.95,Escherichia coli
SEQ_237988,TACCTAACAGGCGTAAAAGAACAGGTGAGCTGGCAGGATGTTCTTCTCGCCTCCGGCAACAAAATTCTAGGCACTTTCTTGTCCCCACATTTCGGCACACTTATTCGTCTAACCACTCCTACTATTGAGGGTCTTTTGTCTTATAACATATACACATATTGCACCCACAAGGGCCCAGTCATATCATTGTGACATCTTACAGGTTGCATTCTGGGGCCCTCCCATAAATAGCCAATCCCGGAACCATCCCGATACTAACTCCCATTCTGTCCGGACGCCTTGCCACTCAACTGTTCCCCATAGGCGTGCATAGAGCTGGGAAGTCATAATCCTCCTTGTCCAGCGTAGAGGAGTTTATGTCAAAGCGGGGAAAACGCGTCAGGTACACCTTATGTAGTCTTTCTACAGGCATCCTGCCGAA,421,48.46,Escherichia coli
SEQ_107052,TGGTCCTCACGACGTCGGATTGCCTCAGGTCCTATTGACGCTTAGAGGGGGAAACAGTCTCAAGCGTACATGCACAGACAGGGGAAAACATTGTACATTTTACGGCCTCCGTGGGCTGGGAGAGCTGGGCGATTCTACACTCCCCTTCACTTAGTAGCCGCCCGGCCTTAAAGTTAGATGGGTCCCAAGCGACCTGATCGTCGTTTTACAGCCCCGAGTCATTCGTCCCGGAGCAGTCTCCGCAGGTTAAGTCGATGTACCACAACCAAACTCCTAAGCGAGGCATCCCTTGGCAAGTTCCTGATTGTACGGCGTCTGCGATGGATAATCATTAAACAGGAACGGAGGAGTCGCGGGAACTGTGAGCCAGCGTGACACTTTGTCAAGAAGTTCCTACACATTCCCCATCTCGTGAACCGATTTATTCCGGGCAATGGTACAGGTGGAACGATATGTATACACGGGTAGGACCAGGAGACCGGCGCGCACGTCAGATTCTTAAATGACGTGGCAGGTATGTTCTTGTAGCAAAACGTTATGTGTTTGTACCAAAGCTACCGTTCGTTTGTACGTCCGACTGCGTCCTGATGTCCTGCCTTAGGCTGGAGGCTTCAGGACCACCTAACGAGTGGACTAATAGGTGGGACCACCCTCAGATGGCGTTGTTCTGGTGGTCCAGCCATAGAGTTGGTCGCGGTACATGAGCCTGACTAATAGTCGTGGAGGATCACCAGAAGCCAGACGTCCCACATATTAACTAC,761,52.56,Homo sapiens
SEQ_309709,CATAAATTCCCTTTGATTAACTCATGCCGCCGCCCACACTTCTTTTCAATGCTTCTGCACCTTTCTTGACCGACACGAGGAGTTTTGCAATGCGCACGCATATTACGAAGCCCAACGCTTCAAGCAGGGCGTTGTCAAATGCCCGCAGGTGGTCTCATGGTACCGCCTACTCTGGTAACCATTTGGAACCCATAAGAAACGCTATTACGGCATATCCACATTTCGCCGAATGTCCGATCATTAAATAAAATACGGACGCAGACAGGAAGGTTCAAGAGCCCGTGGTGAAATGTCAGGGTGGCGCCGGCCTATGTCTGTCGCTGCGACTAGTCAGGACCGTGTTCAAATGGTAGCCGATTATTGCTCGGTGAGTGCCACTAGCCGTTGCCAGGAAACCGAAAACAGTCAGTCCCTAAGGCCGAGATTGAACGTTGGTCTGCCGGTAGTCAGCCTCTTAGATGCAAATGGATTGGCGGGATTATTTCACGTCTTCAGATCCATAGGAAGGCCTCCTTTGAGAAAATGTCCAAGCCCAGCTTTCACAAAATTCCTTGGATGTTTGTATTTTCTACCTAGTTAGTAGTGGCCGGACTGAAGACCTGACTAACACGTACCTACTGCGCTTAATGTTACACGCCCACTTAGTGCTCACGGAAGTCATGGGTGACATGAAACTCCTCTGGAAGTGATATATTGTACCGTATGGGTCCAGCATTGTGGCTCTGCACAGTTAGTTTAAGTGCTGTTCAAACCGTGTGGGCG,762,49.08,Drosophila melanogaster
SEQ_130244,CGCTTTCCGAGAACAAACACCAGTACGCGCCGGTACCTACGGTTCCGACCGAATATGCTATGCTTAGCGTGCGAAGCACGCAGACATGGGCGAACCTGGAGCCTGAGAAATTCCTTTTAGCCATGGAATTAGGCCCGGACTCTCCTGAGTAATTTTGCTGACCTTCCTCTTCACCCCGGTACGTAATCACTAGTAATGTCTCTTCAAGTATCGTAGGGCGTACTACTACGCGGTCGCTTACTCTCAAACCTAATTGTTGTGCAGCAAATTCTCGCCCACCGAAATACGTGTAAGTGATTAGTAATCTCATCGAAAGCGCTCGATCAATCCCTTGCGTTTGCCACATACCTGTCAACATTTCGAGTTAGCGTGACCGTAGCCTTCGGTATTCATATCCATTATCTTCAAGCGCACCTCCTAGATGAAGGGCCTGTAAATGGAATAATACGGAAAGGGACGGTTGTCTCCACACACTGACGCCGCAGCCAGCCTCATAATAGGGGAGTGAGGGCCATGCGCAGAATCGACCTGACGGAGATGTGAGAAGAGACACGACCTTTATACTGCCAGTAGAAAATACTATAGTGCTAGCCAGCCCTCCATGGCTGAGCGTTTCCGGCCTTGCGACCCTAGCCCTTGTGACCAAAATATAGTCCTTCCTATTATAAGCGTCACACTTTGGCCGAATAAACCGACGTTTTATTAGATAGTTGCCAAGGAAGACACAGCTGTCGAGAGGCCCCGTTTGCACGTGTGAGTGAGTCTCCTCATCCGCGCTATTCTTATGGTTTCAAAGAAGGAGCCGAGACTACCTCGCGACTTTTCCGTTGTCTGCGGCTTTACTTCATGGGAAATAAAGTTACACTGACTCAGCACTTCTCGGCAGGTGTTCTGCAAAGTTCTCGTAAGGTTATGCTTATCGCACCCCGTACTACAGATACGCCGGTCGAACGGATACTTGGTCTGCTGGCTTGTATTTTTTGGAGTTCTACCAACTGCGGTACGTGGTATGCCACGGTCCTCCTATTTAGTACCAATGACCAGCGTGACCAGCCTATGAAGACTGGCATATGGAATACACGAGTGGCCGATACTCTCTTTCAGCGTGCCTGCGATCCTCAACTTTGGGAGGTACGATGAGCTCGTGCAAGGATCTTACTCGGTTCACCGAACGCAGCTGGGATCCCGAGTGAGATGTTAGTCGAGTCTGACATCTTAGACTGTTGCTCTCTCAAGTCCCTACGGAGATATGCAGAAATCAGCACGATCAACGTATATGGAGGTTCCGGGCACACACAGCTGTCGGGGTGATGGATCTTCCGTGCGAGGTACTAAGGCCTTCCACCACAGTGTAGCTGGACGACCAGCTAGTAGCTAGGTACACGCGGACACTTAAAGTTGTGGCTTAGCCACAAGTGTAAATTCCTCTAGCAGGAGTCTGTTAAATTCTGCCGGCCCTAGCTCGTCCACCGACGGATTCGTTACTGCGAGCTGTGAAGGAAAGCCTAGGTACTTACGCTTTCGCTCTGGAGCTTTCTGGCCTTCGTCATGTTAGATGG,1559,50.35,Mus musculus
SEQ_879429,TGCGTCGGAATCTCCCCTCGACATTTGTGATCTTTAGGGGTGCTCAAGCATGTGGCATAAACACTCCCTAGGAAAGACGTTATGTATCTTGGGGCAGATGGTCAGTAAGCGCACGCTGTGAACTAT,126,49.21,Escherichia coli
SEQ_246778,GCATGATCAGATCTCTCTGACGTTCGAAGAGCCAAAAGGGGTCCAAGCAACTTTTTTAACAGTCGTCCACTAACCGTAAAGTCGTCCGGTGCGAGCGTGTTCATACCTATTCGATCCCGTGAACTTATCTGGTCTTCGACCACTGACGCAAAGATCTTAGTTTGAGAAGGTTCAGATTTTCTACCTATTAAATGTTAGCACATATGACTAGGGACTACAGTCAGCTTTCTTCTCATTTGTAAGCCTCAAATTTCTCCTAATGATTAGTCCGCAAATGCTGTGTACCAATTTAAGTCTACTTCTGCCTTCCATGGCGCTGACCATAAAGTCAGCGCCTCTGGACCGGCAGAGAATTACTCCGTAGATCGAAGCTACCTAAGTCCCCCTGGACCCCGCGCCTATAAGCGTGTGTGCCTACCAATCAAGAATTCATCTGCTACGATCCCTCGGAGGGGAACGCGAACGCTCCTGGCGTCGATCCGACCATAATTGTACAAGATGCTCTTGGTATTACATCAGCCCGCTACGAAATCGCTGTCCTTGGGCCATTGATCTGTTCCCCCATCCCTCTCGAGGATCAAATGGACGATCGGAGCGTGCCGTAGTTAAGCGCATGGTATGGTGGATGGCCACTATCGAGCCCTAGAACATTTAGGAATCAGTTTCGGCCGAGTTAAATTACCCTTAGGCTACACCGCCTCATGGTCAATTTCGGAATCCTATGTCGGCGATCCTTCGACTGGCACTGTGGGGGTTGTTTGCTCTCCAACCCATGGGGACTTGGATGTTTTCGACTTATACTCAGTCGCAAGATACCGTTATCTGGATCATGGTCCTTTGTCGGTGACAATGGTATTTGACGTTTCTTAGAGGCCCCTAAGCTCAAAGACGCCTTGTCGTTGGAGGGACTAGCGGTATATACTAGATCTCTTGCCCCCTAGCGTGAAGGAGTTTACTGGTCCTAGTGCAATCTCGCTCAAATGGTCTATTGATTTAATCAGCAAGGAATAATTCAAGTTGGC,1022,48.24,Homo sapiens
SEQ_177706,CTTCCGACGCTCCAGAGACAATCCTATACCCTTTGTATGACACCTGGCGTAGCATAGTCGGCGGATCTAGGAACTCGATAGATTTTCCCAGAGAGGCGACTTCTTATTATAGAGATAGCCCTGCGCTGACATGTACCCCATGCATTGGCACGATTCCCAAGTTAACGGGGACTGCGATGTTTGTGTGGAGTCCCTGTGCTATAATTTTACAGTAGGAGTCACTATGCCTTGCTTGGGGGGGCGATACATGAAGGAGTGAACCTTCAAAAATATCTTTGCTAGCTTCATAGGTTCACATTGAAATAAGATCCTAACGTCACTCCGAGGGCACCTCCAGAAGCATACTTTTCATGCAGTTTCCTCATGCAGATTGTCCGTCAGCGCGGTCGGTTTTAATTTACTGAGCGTAATCTATGCATCTCTAATGCGTCTAGGATTTGCTGGCATGTTGCAATTAGGCCTGTGGCTGAGCAGTACGCAGTGATTTCGACACGGACTGGGCGGGTCTGGTTCCAGTCAAGGAATGCACGGTAAGAGAAATCCGACTCCGAGCGTTTGCAGCATTGTTCGCTGTGCGCTGTTCAATATGGCACTAGATTCATGCACTTGATCACTCTTGTGACAACTCTGTGACTTATCTGCGCAGTTCTGTCAAAAAAAGACGGCCACGGTTTTGCGCGACTGGTTCGAACTCCCAGGCTATTGAATGCGCGGTTGATCGGTGTCCGATATGTGTTTAAATGTGCTATTGTCGGCCACTATGGAACCTCCCGGGAATATTCTCGGTGATATATGCGCAAGCTACCCCTCGTGACCTGGCTCACTTAGGCGATCAGCTGTTAGGGATCCTACCCAACGTCGTTCGAGCGTCACATTATGTCGCTTCGAAATTTAGCAAGACCCCTCGCGACTCACGGCACGATAGCAAACCGCGTGACCCCCAAGAGGCTGGCTTCTAGCACTCGCTCATATAGTAGCGCGAACTCACTCAGGTAAAGCGCCTTCAATAGTAAACCACAAGATCGAAGCTTTCTTAGAACCCACAAAACCATAAAATAGGTCCCTAGGGCGAAGTCAGTACGGCTGCAAACGCCCCCGTCATATGCCACCGATCTTATCAGCAATACAGGCTCTTGCCCCAGTACGAAACAACAGAGATAGCGACGCTACATCAAATGCTCAGGACCCTGCGCGAGAGGGCACCTGCTGGGTACAACCGGTATCTCGGAAATTTCACCTGTTGCGGTGCCC,1251,50.12,Caenorhabditis elegans
SEQ_744747,ATGCAGGCACAGGGAGATACTCGAAGCGGTCACTCTTTCCAATAGTTACGCATCACTCACGTGTTCTGATTTACATACAGGGACGGAAGCCCGTCTCATTTGTTTTTGTCATTTACGGCTGTCGGGCTAAAGGCATCGTCGCGTTCTTGCTACCGTGTAGGACCATCGCGAACGATTATATATATGGAGGCAAAGTGGAGGTATTGACTGTCTGCGAACATTAAACAATACCACATTGGGGTCCTTGGTACGCGGGGCCCAGCACCAACCCCCTGACTCTCTGTTAAATTTATAGGCTGAGCCTTGTTCCCCACTATTCGTGGAATCATAGGTCGCATGTGAATTAATAAGACATTGTACCGTAGGGAGGTATTCCGGCCCTTGAGTTTGCTGCTCGAACGCATTCGGTGACTGAGTGGCTTCTGTAGCCAGGCGAAGACTACCGGACATTGCGAGTCCGTCCATGTCGATGATCGGACCTACGTCGCGCGTACCCCTTCCAGAAGTATCTGAGAGAACAGTCAAACTCTAGGAGCGCTGATCAGACATCCTGGAATGGTTAATACCCCCCTAGTTAGCAACAGGTCATTTTTGAGTTGAGAGCGCTCTGGCATGGAAATGCTGGCGTACTTTGCAGTCCTGGCCTTGCGCCCTCAGTCGTATCTTGGAAGAGTTCGCCAACCGCCCGCGTTGGGTTATCTTAGTACCTAGGCGCTGCCGATGAACCTCTAAA,733,50.75,Homo sapiens
SEQ_234817,AGTTGCTCTTGCCAGTGTACAAGTTCTGGGAATCGCTCATTCTGCTATAATCTCGTGGTGTCACTACGCCGACTGCTCACTTCGCAGAGGCTCTAGGGGTCTCGAGTCTATTATTTTTTTTATCATGCGCTAGAATGTCTGCTTGGCAGTACAGGAGCCGACCAGGTTCGAGGTTAATCTCACGCAAGGGCCGGCAAGCTCGTCGGGCACTCAAGAGTTAAATCTCAACTAGCCACAGAGCATCAACACAGGCGTTAGTTTACGTCGCATCGGCGTTTAGTACAATTTGAGCAATTTATCGTCTGCATATCTACATTGCGAACTTGGTTGGAGTTCTCACCACCCTAACGCCCAGTCGCCTTCTTCAGGTAATCTCACATAGGGCAACAAAGCGTTCCTGAGAGCTTGAACTTCTGACTCGGTATGTGAATGTCCGACTTCAAAAGTGTGGTCCCCCGATTGTGTTCTGGGCATATTAGTCGACCGTGCAAGAAACTCCAGAGTTGTAGATTCGTTCCTAGATCTTGTTACGTCAAACAGATTGTCTTTCTAGTCTCGCTTTCATAGACGGGGGATACGAAGCAATTAGCGTGAAGAGCACTACCTCCCACGGGCCCTCCCCACAATACGGCGCCTCGCCCTAATGCCTCTAGCCTGAGCAAGCATGAAACTGTCTAGGCAGGTTAGTTGATCCAGCATGCACTATGACATTAACTATCTCGCGTTCGGCGACCAGCCTTGCTCTCTGGAAGTTAGAAACTTTGAATCCCCCTCGAACTTAAAGAACGTTGTAAGGGAGTGATCGGACACCCCGGCCTTGATCAACCGCGCGAGTTGGGGAGATGACCTCACGTGAAAGTCACGACCGACGGCAGGTGAATTTGGTCCAAATTAGTGCTAAGGTGGTTGCCACGCAGTACTCCGGCTTCAAATTCCCGTCTATTAAATCGTAGCCGTTATACAAAATGTTCAGCATGTGCATAACATTGATGTCCCGAGAAGTTGCTCGGGCGTGCTGTTCACCCCTTTTCGGGTAGAGCGTTAAGTCCATGTGGATGAAGTGTTCTACAACGGCTATCAAGGGATAAGGCCCTAATGGACTAAACCGGGGGATGTCTGTAGATTGAACCCGTTTGTTAGGGGCCCTCCACCACTTAAATATGTATGACGCGACCAGCCGGGCAATCACCACCATGCTGATTCTGCTGCGTCGTTACGTTTTTCGCTACCGGGCCTAGATCTTTCTCAGAATAT,1254,49.52,Saccharomyces cerevisiae
SEQ_947597,ATCGACGAGCAGATGTCATTAAGTAAAAGCCCGCTCTGCCAAGCTTTTTCTTCGATGACGCTTGCCTTCCGTTATTTTTACACGGAGGATCCCCGGATAGCTGCACATATTGTGCAAATGGACAGCAGACCCCTATCTTCTGCCGAACCTGAACGCAATGGTTTAAACAGGTATCGATGACTTGACGGGGCTCTATCTCTACATTCTTCAAGTCGAGGTGCTTTGCAGATCTGACTAAAAGACGGCGGCCACAGTCGCTATACGCTCGGGCTCGGGTGATTGCCTACTATGCCCGCGTAGTACAGTCAACCACTTTAAAAATCAGGCGCGCGAAATGGTGGGTCTCCGACTTTTCTGACATATTAATGTACCTAGTCCCGCCAGAAAAGCCCGTATAGATTCTATCGACTCGATTTGTCTCGCTGGACCTGTATCAAGAATGGTGTTATATGGTGATGAAGTCGCCCGTGTTTCAAGTAGGAGGAAAGCAGCGAAATAATGCGACTCGCGGTCGGGAAATGCTTCATCTCTAGCAATTCTTATCCCTTCCGTCTCCTTTGGGCACAAGGACCAGTAGTAGTTGTATTCTCGTCTTTGCTAAAGCATTAACTGGGTGACCGTCCGGACGAGAGGGCCTCAGCTGTTCTCAACAAAGACCATCGTAGCTTAGATTACTGTCTAGTG,684,48.39,Escherichia coli
SEQ_418568,TTGTTGTTTAGTGCGAGCAGCAGTAACCATCCTACCCGTTGTAATATAGCATATGGGACTCGAGTAGTCTGTATGAATTTTCCAGTAGAGCGGCAGCTTGCCGCCGTAAGCCAACGCTGTAAAGAACCTTTCTAGCGAAGCCCCATTCCGTACGTGGAGCGTGAGCAGCTAGACCGGCAGGATCCTCCCTTCGGGGGCGCCGCGGGGTAATCGGCGAAACGCCTAATGAGAAACTGTCAAAAATTTACGGACGACGTATCTGAAAAATTTGTGAACTACCCTTATGTTTATACACGTATTGTACAAGGGCCATGCTAACGGAATTAATATCTATCAATGAATGAAGGTCCGCGGTTAACCGCCCAGACAAACCGCGTGACCTACGCGGGAAAAACTTTACGGTATAGAGCGTCTACAAAGTCCCAACCGCGACTCTTCATTAGTGATACTGTTAACCAGGATATTAAAACACCGTCGTAGTTGGATGTCCAACCCTCGTCTAAATATTGCATATCAGAGATATCGGTCCTCTCTATGCTGAGACGGACGAGCAACCATTGCTTGAGACCTCGTAAGAGGTGAGATATTGTGTGATTCCACCCACTCCGTGAGGGTTAATTTATGCGCGCGTGCGAAGCGGTCTGGTGCACGCTTTAACGTATGTGACGGGACATCTCTGGTCAATGTGCCCAATGTGGTTTAGAGGGGCTTTGGATGCAATCCGACGTACGTTTGCTATGAACGTGCTTGGCGGATCCTCCCTATTCCGGATGCCGACCTCCATCACCGATCCCATCGTTTAGCGGACAGTGCCGGAAGATCGACAGCTAAGGGCCCAGGTCAACCTCCCGAGCGGTTGCCTAGGGATGTATCAGAGAAGGCACAGTGCACTTGTCTCTGGCAACGCAACGAGACAACGCGTTTGCCCTTCAACCATGCGTTTTTGTAATTAGGGGGTTCTATGGAAAGTTTCAGGCCCTATAGTGTGACCGACTGCGGGCATCTCCTCAGATGGCCTGGATAAATCCTTGCTGGTCCGGACCTGCCTTCGGACCGCGCGCGGTACGCTAGGTCAACTTTGGCAACAATTCCCACCACAATCTCAGAGAAGAGCACGGATTATGGCGATCAAGCACGTTAAGGGATCCCTTCTTTGCAAACCTAATTATGCACTTTTTGACAGTCTACTCGCCCAGCTTATTTCCGTGCTGTCCATTTTCCCGACCACTATCTCATCAGCGCGTGTTCCTCAGACCGTAGGTCTTAAACGCAAAAGTTGTCTGGACTCATACGGCCCACGCTCGGATTCAAACTGGTTGTGCCAGATCTATCTTTTTCGTTTAAATACCCGGGCATGCAGATAGTCGATCG,1371,50.26,Homo sapiens
SEQ_627111,CATCGGGATTACAATCCCCTCGCTAAATCCGTGACTCGTCACACGCTGAATTACGTTTCCCACCTTATCACAAGGCGACTATCAATATTTAAACACTTGGTTTAAGCGTTAAAGTACCGGGGGGAGAGGGAAATTATTATATTGCCTTATACGCTCGACCATTGTCAGGCCTTATCGGCGAAAAGTGCATGAACTGTCTCAAGCTGCACAGATTCATTCAGGCGTCGCGGCAAGATAGGGCTATAGACACTATAACGCCCGAGTATTGTAGTGCGTACTAATGTCCCTAGTAGAGGTAAGCGCCACAATATAAGCGTCTAACCGTTGGCAC,331,46.53,Mus musculus
SEQ_727735,GTCGGCGCTCCTGTAACCTCTCCCATGGCCCGGGGTAGTTATTTGCGCATTTACACACTGACATGCACGTCAGTAAGGCGGTACAAATTGAACATTTATTCCCGTCTTGAGGTGGCCTGACTGATGGATCTAAGATAGACTAGCGCCGGTGCCAGTGCTAATCATCTTGCGGTGATGACTGACCTCATTGGGACGGGACGGAGACAACGCACACGTTGATACGTGCCTATGCGCTATACGAAGCCGCCCGCACGAATACTGCCCGTGCATTAACCGTCTTGGTTCTGAAAGCCATCGACGGTGGATAGTATTTCAACATTCGTCCTCAAGCCGACTGCCGCACCCGTGTTACTGGCACGAACCACGTTTCGCGGGTTATGAGATTCTGAAGTTGGCAATCATGCACTTATACAAAACTTACCTCCCACCCAGCCCTACTGTTGGCCATTAGGAATATCT,459,51.63,Caenorhabditis elegans
SEQ_608709,TCTCGGTAGTAGGGACAGGTGAATTGTAGGTTTCAAGTATCGCCTATATAGTTAGCTTAGTTTGGGTTTTAGACGATACTGTGCTGGCGAATTAGGCTTCGTGTGGCCTTGTTCGAACATGGCTCTCTTTTATACCCGTAGCTCATAGAATCGACTCTAAACACTGATCCAATTTGTAGCACAATTCAGTCTGAACAATTAGTTCTGTTCTATGAAGCATTATTCCCTAGACCGTCCAGGAATGATGCGATAGAATTCGGTTTACGTTTGAAAAGGTGCTTCCGTGCCATAAAACGACTCATACTTTGGAATGTATAACGTACACATCACCTAATATGAGGACTCTAATCCTGATTTGTAATTAATATAGGGTGCTCTGATATCGACTGGTTTTGGTAATCATCGTGGGATCAATGTAGGCTACCTTTAACTCTTCGCGGTTGGCCCACCTGTCCGAAACGAGTTAGGTGGCCACCCTGGGATATAATGGTATTTTACCTCACCTGATCCTGATGCGACAACTCTCGGGTGTTTGGGCAGTCGAATAAAGAAATCCTTGATTGCGCCTGACGAAATTCATGCCGCCTGTGGAAAAGAATAGATGACACATCGAGTTTTAGGCCTTTGCGGGCAATTAGTTGCCTTGCTGCCAACTGTTCCGACAGTACGGGCGCTGGAGTCGGCATCACCAGACTTGTGGACCACGGCATCGAGATTGAGAGCGCAGTCCCGGGAAATCGCAGCAAAAAGCCCGGCCTGTAAGTCGCTTGTTCCCTGCCCGACTTATGTTCACGGGAGCAAAGACATAGTACGAGAGTGTAGTAGATGCACGCCAATACGAGAAACCGACTGCACAGAAAACCGGGCATCTCCCTGTTCAATAGCCTTATAGCAGATATCTGCCGGGTCGTTCTGCTATATCGCACTCCCTACTCAGCACAGTTGCATGCTTTGCTTTGCATAGGTTGGTAGAACGGTATGTGGTCGCTAATGCCGGTGTGTCATTAGATCCGGTTACACGTTATATGCGCCATTCCGGACTCAGATACGAACCTCCGTCAGTTACACCGGTGCGGTTGTCACAATCCGGATTATCATGCCCAGCGACCTTCTCCCACAGGTGCGGGATAATCGTTTATTGAATGATATTTTCGAATGATACAACACTAATGGTCGAGACCCGCCGACGTTGGAAGTTAACAGAATTGTGGGAGGATCATCCGTAAATGAGGACGAACTTGGGATCGCCTAGAGGGGGGGACGGGCTGTCAAGTGGCAAGAAGCACTCCACTGAAGGCGGGCAGGTTCTCTCGCCTGGCTGTCGACTTCTTGGGACGTCTTGGTTCCAGGATTGTTTGGTTGGTTCTGCGCTCGTCTGGACGCTTACACTACACCGGGGGCAGGTGAGCTATTAGTAAAACGCCACATCTTGCAGATGGGTTGGCCTTCCGGTTGAGACTTATTATGCCTCTTTTGCCTGCTTTATGAACCTCCACTGACCCTGTCAACCTGGTAACACAGGGCTACGGCGTCTGGTAGTATCTTGATTATCCCCACTAACAGCTCCAGAAGCGACTGGAATCAGCCTTACCCCTCTGTCGAAAAAACTCAGTTCAGCCAAAAAATTACCGAGATTAGGCCGACTACATTTTGCAGCTCATTGACCTAACGTTTTCCCAACTTTAGGTCACTGCCTCATGCAACTAGTCTGTTCAGTCTCCCTGGCCTTTGATAGAGCAATTGGACGTACATCCGATACGAAAACGACACCCTTTGGCTGGACGCGACGAT,1791,48.52,Arabidopsis thaliana
SEQ_238553,AGTCTGAGACGAATGGACGGAACCAACTCTAATATACTGTTGCTGCAATGCGCAGCGGAGTCCGTGGCTAACTACCCATTCATAGGATGGAATGGGAGCTATACCGTCGAAGGCCCTTTCCAAAGCACTGTGAGACGGCGGGTAAGCGGCCCAACATGACCCGATATAGCACCGCGCTTCTAGTAACCATGTATGGGAGCTGGAATATAAGACAAACACAGCCCCCTGCGGACCCCTATGAGGGTCCTCGGGTATAAGTCATAACCCACCGACGCAGTATCCACGTATGGTATCGATCTTCGGCGGTTTTCTGGAGTAACAGTTGATGTCGACACTCTAACCGCAAAAAAAGCGACGGGTGGCCCCGGTCCGCGGCGCGGGTAAAGGATCGGTGATTGACTAGACGCACTCGTACCGACTTGGCAATTGTCTTGGATCCTGCCTATGACTCGGCTTGCCATTGATAAGTCGGGGCACGCAATGATGTGATCCTACGAGCGCAAGTGTCCATATACTGGGATGGTACGTGTGCCTGCACGAGTTCAGGGACACCCGCGCTCCTGGGACGTGGCTT,574,54.36,Drosophila melanogaster
SEQ_779009,GGGCGAGTTCGTTTCATGAAAAAATGATAAAGAGCACCGCAGTCCAAACACTTCCCGCATGGGGAAGAACAAATCGTGTTATAATTGACTCGAGAGTTGCCTTCAATGTTAGACCGGAAGCCATAAAAGTGTGTGCATCGGAGTCCGGAACGTAGCGTCATCTCCACGTCAGCAACCACAGGAGTGGTAAGGTCCGAGCCGAAACCGGCCCTTAATCGGCCAGCTTCCAGTTGAAAGCGCAAAGCCGCCTCTACCCCCTCGAGGCAGGCATAGGATAGCGATCCTAGAGCTTCAACTTTGAACACATTCGATCAGAGGATTTCATCACTCGCACTATCGTAACACGGTTCGTCAAATATACCGTGGGGTGTCAGAGCGGGTGCCAGGTTAACCAGTAACAGCGAAGGGGATCTACAACTAGGTCGTCTCGGAGTTAAGAAGAACATAATAGCTATCACCTATCTCAGCTAGCCACAAGACAGCAGACGAGGAAATCAAGATTATACCCATTCTTACGGCCTGTGGGGAGAATGTCATGACCGTAGTTTCTAAGCCGAACGGTCTATTGAAATCGATGTTCCATGCTCTCCTCGATGCGGTTCGATTCCATTGCGCGCCTTCTGTCTCCCTACTGCGTTTTCGGGGCAAGCTTATGGCTCAGTGCCGACTCGTGCAGTGATAGCCTGAGAAAGCCGTAGTCATTGAATGTGGGGAAGTATGACTTGTCATGGTCTTGCCTTATGTTTGATAAATCTAGTCCCGCGTCCTTTATACAGCCAGTCGCACGTATGATGAACCGCATGTGTTCAACTATTAGGCCAGCATCTGAACCTGCTATGCGCTTAGGATGAATTGGGACCCGGCACGACACCTCGCCAAATGCCGTAGTGCGCGTATTCTCAACTCGGATTAGCTCCCTTCCTTGAATACAGACGGGCGGTAGCAAACTTCGTTTCTTACAGTCGGACCAAAGATTCCTCAAGCGATGCGAGGGAGTTTTGCAGTCTCTTAAGGGCTGACTGGTATTCTATAAGTAAGGTTGATGTGACGAGATCGTCATTCGGTAGGTTACAGACATGTAGAGTGCACTGAGTGATAGGATTCAATAAACTAGGGCGTTTACCCCACTAAGACGCTACAACTGTGTTGAATCTTCCCTAATGCGGTGCCGATGCAGCATGTCCCACCCTGGCTACCCAAGTTCCCACTGCCGACCTTCGGCGCTGGAAAAGTCTCCCTTGACCAGACGCCTTACTGCCAGGGGAAACGATATTTCATAAAAATGCCATGGCATTCTCGAGAATCCCCACCACAAAGACATGGGTTAAAGGTATTTAGACGGTATGTTCACTCTTATCTCGGGCCCAGAACCTCGAAACATTCGGTGTCAGGAGGTAACAGTCAGTGCCCCTTCCGATTCGCGCGAGAATTAGACATGGTTACGTGTCTGGCGAACGGGAGCCGAGACCTCTGCTTGTGACTAAATCATTCCACCAGGCTCGGAGGGGTCAACACAGTTGACCATGGGAACTCGGCTACTTCCTTTGCGAGTTGTCACCGCATGAAGGCCGTACCTATGCTCGATATAGTATCTGAGCTGCACGGAGTCTGTGTGTTGGCATGAGAAAATGCCCGTCGTCATCTACGATGGACACAACTATAACAGTTACGAACAAACCTTCTCGCGCAACGCAGTGATTCAAGAGTTCCTAACGTTATTATTGCCGAGAACCGTAATACACATAGCTGTCATAGACATATGAGGCGTGGATTCAATAACCAGCTCGCCTTGTGCATATAGCCTTTATAGAATTTCTCGGTTGAACCTAGTACCTTTCGCCATATGTCGAAACGCGAAGGTGCAGGTCAGCAAGATTTATTAAGCGGCACAATTTGGTTCGTACACTTTCTACATAAGGAAAGGGCTATGAAACAGACGTTCCTGTTTCTAAAATCTGACACGACCGTAGCCGGGCAGAGCGGCATATGT,1990,49.1,Mus musculus
SEQ_252234,CCGCGGCCACAACTCTGCTCTCCTTGACAGCGCAGAGATCTGAAATCCAAAAGTTAGCTCAAGTCTTGACCCGGCGGGTATAATAGGATAGCTTCTACGAGCAAAGATTCGAGGCACACCGGGTAGCGCTCCTCTGAATCCCAGCGTCATCGGGCGCACTTTAGCAAAATCTTGGCGTTCGACGATGTCGGCCCGAGGATACCCTGATAACCGCGAGAGCCCTAATTGATGACTCGCACGGCTTGAGGCTTTGATATGGGGTCAAAAGATGATGTGCTATCAGTTCACACAAGCTGTATAGGAGTGCAACCTCTAGGGACTTGGTCTTGTATTCCTATTTTCTGATGATCAATAGGACCGGCCTAGGACTTATCACAACACTGATTGATCACCGCATTCATTTAAATAGTGCTTGTTAGACTTGGCGCGATCCACCACGGAGAATACGTAAAGTGTTACGATATTATGGGGAGGACGCGCTCGGTAACCAGTAGTCCCATCGAAGCACGTAGCTTGCCTATACGCTAATTGATTACTGTGCATTCACAATCCTTACCAAGCTCTACAGCGGCGTTGGACGCTTACCACATCGGCCTATCATGGCGGAAAGCAAGCGGCCCGACCAGGGAGCAGCGTCTACGGACTCGCGATGCGAATTTTTGACCAGGACATTGCTGCGTGACACCGAGGGGCGGCCCCAGCTTACCCCTGACACAACCTGACGTTCCACTTAACGACTCTTGTTCGGCGTGACTCTGGCCCACGTGAACACCACAACCATCGCAGCGTTCATGAGTGCCGAGTGCATCGGCCCGATATTGTCCCCCCGTTTTATTGGGGATGCAAAGGCGGGAGCAGACTCGATCCTACTCCTAAAGTGTCCCTACTACTGTGGTCTGTATGGGCGTGCAGAATATCCGGTATTTTAGACATAAGGTTGAGATCTGAACACGAAAGTACAACCTACCCCCCTGCTAGATTGACGGTTTAGGGAGACTGAGTAGTATTCACGAGGGTCTCTGAGTTATCGGAGTCTTTGTTCACTTTGCTGTATTTCTCACGACGGAAGAAGCACTGCCATAACGATTTCTAACGAGTTCGATACTATTTTCTATTACCGACTTATAAGTGTGACGTAATTTGGCAACCAGCATTAGAAGTGCGATCAAAGCAAAGCTCAAGCTAAGATGAGCCTTGCCACGTCTGTGAGCTCACCTAACCGCTGAGCGACACCTAAGGCTTTAGTGGAGCCTCTCTAAGGAATCAATTGCGCAAAACATGTCCACTAAGTTTTCTGAACGGTAATCACTGAGATATCCTGGTCATCGCCTGCTGATTAGTAGTCTATAGTTTGCCCCCTAGCCATGTACGGTTACTGCGTCATATCCGGCAGTTCCACGGCGTCCGTCGAGCGCGTAACGAAGTGAGGCCTTTAGATCGGCGTTCATGTCCGCTACTGGCTTTTGCGAGACGATAATGTAATCTTGCCGATGACTGGACACAAGCGGACGCAATTTGCACGCACTTAGACTAGTGTGGACCATTGGGTCGGCCCCCTCCCGCCCGCACAACGTAGTGATCTCGATGAGCGACTGAGTGATGTTGTGAGTAATGGATCGGCGCCCTTGCCCGCAGGTCACCTTGATGGCCAAAGCTGGCAGGTCGGATCG,1670,51.08,Mus musculus
SEQ_351669,TGCTGGACATATATAATGCAGGACGGATAACCAATTCGCTTGTGCTCACGTGTGGTTAGTCGTTTGCGTAAAATTCAACGAACGCTGCCCCTGAGTGCATACGTACTGAAAGACACGTCGGGGTGATCAAGTTGTCTCCTAAAGCACCGCGTCTCACGGCTCCTTAACCCTTTCGAGAAGAATGACCGAGTAGATGTCGTCTTCTTTATAGTTTTTGAACAAAAATCCTGTGTAATGTTGTATACTATAATAAACGTCTATACGACCCAGGTACAGCTAGACGAGGGTCAATGATCGGCCCAACTTCATTGTTGCAAAGGGGGTTCCATTCGTCTGCGACTAATCGTTACAACTCCAAGTTGTACTCCTCCTCTGCTATGCTCATATTCCCGTCGATGAAATTCGTGGCTATTTCGTTTAACAGCAGTCCCCCTGAGAAGTCAGGTTAGAGCAACATTAGAGAAAACATGGGTGAAAAATTGGCCTACCTCACATCTAAATCAGAACCTTTTTTAGTCCTATACGATACGTAAGTAGCTACCTAGCAGCGTCCATCAAATCCGGGCATAGGTTTAGGGTAAACGAACTTGACGCATCCACAGTCGAATGCGGCAAATAGCAAAGTACAAGACTCACCTATCAGGTCGTCACTACCCCGCTCATGTGTGTAGAGCTCTGGCACAAGTCTAGCTATGCCTCAGCACGCAGGAGGAAACGGACGTGTTCGAACAACGTCCTACCTCGAGATAGTCAGTCCTGAGACTTGCGTTCACATCGGTAACCCAGTTCCAGGGTAAAATCTCACATATCCGTCAGCTTACCTCTGTCAACGTAATATGGCTCCCGTCTTAAAACTTCGCCAAAAAATGACTCGGCATGATTCGTTCGGATATCACTAAAGTAAGTGAGAAGGCGGATTTGCCTATGCAGTAAACCAGATGTGAGTGCATTTAATACCGCATTCGACCTCAAATAATCTGACCGGGTAATGCGTATTGCATCTTAAGCGATCTACAGCGCCGACTAGATCACGGCTGTCTGGCGGTGATCAGGGGGCTCTTCCCTGGTCTTCCAGTCTGTCTCGGCGTTCTCGTTATAAAATCACATGAGTCACTCCGATTGCCCCCGTAAGACTCAAT,1139,46.71,Arabidopsis thaliana
SEQ_729924,GGGTAAAATCCGATCAACACATGCCCCAGAGATATGCGATCACTAACCCCCCTCGGGTTCCTGCTGTATGCAGTGCAGGGGTAGCAGTGCGTTTTAACATTGGATAATGGTCATTGGAGCATTCCGCCAATGCATTGCTAAGTGCCGTGTGTGAAGAACTAGCATTAAGGGAGACGGCTGGCCGATCGATTTATGCGCGCCTACCAAACGTGCAAACTGTCCGTACCAACCCAAGGGAATCCTGCTCAGGGAGGAAGTGGGCAATGCTCGCTGTCCAGTCGGGACTCACAGACACCATGCAGTCTTCGATGTCCGAGTGACGTCTCTGTGACTCCTATGCAGGACCCGTCAAGTTTCTGTTAAGGCCGTCGCTGACATATTACACTAATACTTCGCTTTACACTTAATTAAATTTCTAGTGCCTGCCATCGGCGTAGTATAGCGACGTAAATTCTATGATCACCAATTGGCACGATCATTGCTCCCGCTTCTTCAGGGTGGATTGAAATTGAGCGGGAATGGCGAGAGTTGTGCAAACGCCCCATGCGTATTTGATGCAGGCAGCCCTGCAAGTCACCCAAGGCTCCTCCCCTTCAAAAGGCCTCCAAGCATATACGGCGGCAGACGTTTCTCTTACAAGAGGTAGGGTCCTAGCCCACATACGGACGCTACCGTTGTCGTGCTGCTTTGCTAGCCTGGTGTACCACGGATCGTGGTGTGCACACTCAAAATTTAAACTGTTTTCGGTCCTTGACCCTAGTAAGCACCTACCCGGACCATCCAGTTGAACCTGCCTTCCGTCTCGGCCCCTTCCATTGCAACTAGAGTGTTCTATCACTTATAGAGTCAAGGCCAGTCTAGCCTTTCTAGGGTGAAGGCATACGGGGGATCGATGCGTTGTGACTCAGTAGTATAAGAAGTCCTGTGACTATTCGCCGCTCCACGATCATTGCGCTTAAGTACCAACTAAAATTTAGACCACTATTTGTGTTGCGATGCCTGTGCGTCGTGGGTAGCTTTCAGTTCGATGTGCCTAAGCTATATATAGCTGAAAGCTTACGACATGTAGCCCCTAATCAGGGTGAGGTCCGATGGGAGTATAGTTCTAACGCGTGCGCGGTTGATTGTCAGATTTCGGTCCGGGCTAGTCTCCACTATCGCCTGCTATGGCTGGGGGACCTGGTAATCCGTCTAATCGGGATGGGAGACCGTGGGGGAGTTCCTGCACGTATTTCGCTACCACAGGTACTGTTGATGTTTAGAGTCTGCTCCAATTCCGTATGGCTAAGTATAAATAGGGAACGACAAGGGCCACTGGTGGTAACGTATCCGACCCGCTGAACTTGGTCATTGGTATGGCAATTGCGATACGGCCTCTTTAATCGGTCATGAGTGATCCGGTTTTTTACTATTTGGACGCGCCGCGAGCTCTATATCTCTGTGCACAAGCGGGCAAAGCCGACACACGTCCATGCCCCAAAAAAACGGGCATTCACAGGAAACATGAAGGTTAGCTTCCGTACTGGCAGCAGAATCACGTGAAACCCCGGTCTCCGGGACCTTTAGTTCTTGAGCAGATTCCCCAACTATATTGGGACGTATTAAGAGTAGATCAAAATAATCTTTACGCTGGTGAGTCCAGATCATAACCCGATGCTGAGGGGCGTGTAAATGAGTTGACGATGATTCACTCGGCTTGGACCGTACTCCGTGTCATA,1718,50.47,Saccharomyces cerevisiae
SEQ_631800,ATACGCCGGCCGCCAGAGACTGAACCTCATTTGCGCTATCACGCGATCTAAGTAGAATACTCTAGATTGACGTGAGTCCCGGATGTGAGTCAACTCCAAAATGAGGAATCGTACGGCGGAGTGAGTAATAACATCATCAAAACGGATGAAAAGTGGGCAGTTAAATGGAATCTCAAATTCACAGGCCATCGTTATCGGACCGGTTGCTTGAAACCGAGTAAAACCCCACACCTTAACTAAGTACTCCGGTGCGCCAGGGGGGCTAAGTCGACCGAACTGTTTCAACGGGCATTTTTATCGCCATATAGGACCCACTGTACCGAGGGCTTTACCTTGGTGCACTTTGCGGCCTCTTGGGCACTCCGACTTAACGGACTACC,380,50.0,Mus musculus
SEQ_331174,TATACTAGAAGGTAATGGCCGCTGACATCCTTGCGTAAAGCGAAGCAGCTCATCCGGCCCAACCAGGAACGTAGACTCCCATAACTTCGTCATGTTGTCCCTAACACGCAAGGATTACCTCCTTGGACTGAAGATAGGACCTCGTTAACACTCTTTCACGAACGGTCGAACGGTTCAACTTCTAGATCAGCCCGGTGCTGTAAATCGGATGTGGCGACAGACGGAGCCGTACAGGCCGTTGACAGAGGCTCGCTACTGGGGCGTTACTTTGCAAATTAAGTCATGCAAATGTATGCGGACTGCGTGCGATCCGGCTTTAATTCAACTAGGCTAGCTGGCTGTACTCGCGCCAGGGTTAGTGAAACGCCTCCTTACACGACCGAGCCGTGATAATCGGTGAGGGGAATACTTGGAAATATAGAAACATGGTACATCGCAACTCGTACAGTTCGAGCTACTTCCGCTCGCTAATATGAAAAGCTGGTTTCGGGTGGTTCCTAGCCCCATGGTCCCGAAAAAAGTAAATGATATGTCAATTTCTGCACCCCGTGATACCAGTATACGAATACATCAATGTAAGAACAGTTGTCTACGTCATCAAAGAGAGCTTATTACACTCAGCATCGGTATGCGATTCGCGCAACAGCGGGGAAAACAACCAGGTTTAGACCGTGATATAGAATTCGCGAGTGCCAACAAACGTTTGTGTTGGCGCGGGTGCGGTGCACATGTCGGCAAGGTCCATATGGCTGTCAGTAACCCTTGAGACAGGACGCCGCACTCGACCTCCTGACTAATGATTAGGTCCCACATCGTTAGTCCTTACGAGAGTCTAATATTGGATGTACGTCACTAATGATCTCTGGCTAGCAGGCCACAGTCGCTCAGCCTCGCGGTTCCGGAAGCAGGGATAGCGCCGCCTGGTGCCGACGCAACTTTTTTACAAGCATGGTGCTGTAAAAGTTCTGATATCTCTACTACCCAACAT,988,49.9,Escherichia coli
SEQ_762710,TCGGAGGAGCTGTGGTCCACGACACAGACAAAACTATCGGGCTCTGCCCACTATCCCAACGGAGCTGTGGAGATAACTCCCCTTGCACTATATGATCTCGGCAATGCTTTTGGTCACGGTGACTCAGACGCGGAGGTCTCGCACATCAGAGACTATAAGATACCGGGCACCGACACTGAGGTGACCCATTGGACTCAGCATTTAGGGCAGCTGGCAATATGCTACGTCTCCGTGAATATCGTGAGTCCGTCAGGGGAACAAATATCACCGAAGATGTGGTAACAGCATGACGACGCCGTATGCCCATCTTGGGTGCTTCTCGATCTGTGCGATTTCGGTCGCTTCCGCTTACAAGCGAATGGAGCGTGAAGCACCTATGTCCTTCCTGCTAGGCGTGCTAGGGATACTTTAAAGACGAAACTACTCTTCACGATTGTTATAAGCAATTGAGGAGGGGAAACCTCGGCATAGCAGTTCTTGCCTCATACTTTTCGATTCGCGCAGCCGTGTTCCAACTTTCGCATGTTCCTAATAGGCCGTTTCAAACCATATCGTAAACAAAGGGTTACCTACACCGCCCCACTGGAAATTTATCGATCACGTTCCATTTTGGCTATTGCTACATGCAGGCACAAATCGTGGTGAACGGCGCCCCTACTCTATTTAAACTCGTCGCAGACATATTCTCTAATGTCGGAGGTTGTCCCTACTACATGGTGGGCGTGCCTTTAAAACCCATCCTATCTGATGTGATTATGGGTGCTAATGAGCGCGGTATTACCGGAGTCACAGTGTGCGCTCCGACACACAGCGACCACGATGCACCAATAATGATGTAGGATGCTATCCGTTGCCCCCACTTTCACCCGGAGTCAGGAACTCGATAGGATTTGATGTTAAGGTGCATGTGGAGTTGCGGTGTGTATTCGTTTAGATCTTTCGGTTAGACCCCTGTAATGAGTGTCCAAGCGGGCCCACCGATACTACTTTACCGAAACAACAGGGTCATAACGCACTGAAGAAACATTCCGCAAACAATAATACTGCCGGCAGCGAAACTGACAAAAATTCATTGTTTTCTTAAGATTGAATTGGAGACCGCCGCAGCACGTTCCTTTTGCTGCTAAATGCTCCACGGGTTTTCGTTCCCTGTAAGGTAAAACTACAGTCCAGGTTGTAACGAATTCGAAATTCGTCGTTCTGGTGCAAGTGATCAACTGAATTCGGCTGCGTAACGTCTTAAGGAATTACCCCGTGAGACTGGCATCGGTAGCTGATGGCCGCCAGCGTGTGTTGTAAATGCATAATCAGTGATCAGTTCTGTCTCACTGGAACCCGCATAATGTGTAGTTGAATTCACACATGTACGAGGGAGCAGATCAGCAAACACGGTAACTGCAGCTCGATCCGGCACTTTAACGGAGCTACAGAAACTTGGTGACCTGGAATCTGCGGTGCCGGATCAGCAGTGGAAACGCTCCGACTAGAAATATCTCTCCCCATCGATGAGGAGCGAAGCCAGTCCACAAGGACATTTCTCTCGCGAGTACTTTCCGTTTTACCCGATTGTTCCT,1574,49.24,Homo sapiens
SEQ_815620,CGCACTGGTGCATGTGGTCCCTCCGCAAAGGCGCAAATTCCACATATAAGAACGCAAAGCCTACCGTCTTGAGCTCATAACGCCTAAGCTCCCACTCTGAAAGCTGCTCCACGGATTAATAGTTGTAGTTACCTCCACTTAAAATTTGCGAGTCGCAGTCCCGAACACGTAGTGCTATATCGCGTATTCTCAACACTGAGAGCCTTGGCAAGCGCACATGGGTACGCTGATGGGACACCCAAAACGAGGACTTGCCCTTCTGTGGGGTGGATTCCATCGACCCGAATGTCTGTCGGTCCCGAACCACTGAGCGTCGCCCGATATATTCTTGGTCGGAGGACGCCAGTTAATACTTACCGGGGTTGTCTGCAAAGTTTTTTGCCCAAAGATTCCGTGACGTCTTTACGCTTATGTGATGAGCACAGCCGTGGGCTGGCTTGATAGTTATATGTTGCCCATGAACTATCGGTTAGATTTCCGCTCAAACCCGGTGAGCCAAGGTTAACATTGAGAACGGGGATTCGTGCTCATACCAACTTTATCCCCCCAGCCGGAAGGAACCCTATCCACCTATGCTGTGTCTAGGACAGCGCGCGGTCACGTCTTGGTGGGCGGACGCAATATGATGGACTCTCGAACGCCGAGCCCTGGAAGTGAAAAGTTTCGCGCGTTCATATACTCAATCAGACGACAGGTGTTAAAAAGATGACGATCGGGCAATAGGCCGGATGGTGGAATTAACCGAAGCCCTGGAAAACTCGCTTGGTTTGGTACATTGGAAAAGATGCACCTCAATTGTAGGTATGACCATGCCGTTAGCAGCACGCGCTAAAATCAGATGATATTTGTGTGGCGATGCCATACTGCATCCCAATACCACTGCCGTATGGACCATCCCGCTCATCCAGGTGGGTCTCCACTCTTGTTGTCACCATAGCAGGGCGGCTTATTTGATCGAATTGGGACTCAATAGCTTAGATGTGGTCAGTATTGACCTACATCTGGCGGGAATGAGCGCTTATGGCCCCGGCTTTGTGATATTTCGCGAAGAGTGGACTTTTTAAGAGCCGCTTAGGCATTTACTCACGTAGCTCTACTTGGCGATTATGGTTACCAAGCAGTACGTGGGCAAAAGATTACGGGTGATGCCGCTCGACTGTTTTGAGTAGTGGTTCACTTCGCCAGCCGTGCCCTGACGCGTTAGACTCCGATTCGTAAGGTGGAGGGTATTTGCCGTCCCCAATTCACAATAATCCATTCCTGT,1264,50.71,Drosophila melanogaster
SEQ_641434,TCGGATAGCGGTTCTCCTAAAACCAGTCGTACAAGCCATAAAACGTACATAGTCGTCATTAAAGCACACTTGCTATTACGTCTTCAACAACTTCAGGGGCGAGTTCACAGCTTACGACCGCCTACACGCTGGGTCACAGGGCGTTACTAGACCCACTCACCTTCGTCCGCCGGAGACCTAGCGGTTCCAAACTCATAGAGTGAGATTAGTGTTTTGGACTCGGATGCTGAACAAGAGTGTCAGTTCAGCATCCGCCCGTCTGGGTTCAGTGGAGTCGGGTCGAATGTTGGAGGATACCTCACACCGCAGTTCTACGGCGACGCCTATTCACAACATACCAGGAAGGAAGGCGTACGCGAGATTCTAGATGGTGGTCTGGATTTGCTAGAACCAAGACAAAGATGCGCGTAGCTATCAAGTCGTATTATAAAGCACAGACCTTGAGCCGGAGACCGACGAACTCAACAGCATCAAGCTACCAGAAAAGATTTACCATGGCGTTGAATCCATGTTACACATGGAGTTAACTAGATTTAGGGTTACGGCGCATGTGCTCACCTGGGAAATGAGCACCTTCGCGATTAATGTTTTCTGGTATTGCGGTAGGGCGTCGCTGGGCTCGAGGAGCTATTGTAAGCCCGCTAAGCTTATATATGCGGCTAATCGCCGGCTATGTAGTTGTTAAGAGATGCACATGCTCGCATTGGGAATTATTGTCCGTACTCTCTTACCGTTCTCAACGGCTAAATTAAACAGGCCTCTTGGAGGACCTTCCTAGTATGCACGGCCGCTTGAGACGGACGCGTAGTATGGCGTCGAACGGAAGCGTAAAGAGGTGGGGACCGCGACCGGGCAGAGATCGTGGTGTTCGCGCTATCGCTAAGGCTGAAGCCGCCGCTATTGCGCGAGTGACCCCTAAAGTGCTTCCTGATTGATTGTGTGCGTCAACAACGATAAAGAGTAGAGTTGAGGGAAAATAAGTCGCGACCCGACTCACCTCGCAGCCATTGTCTGACAGCCAACCTCAGATGATTTCTTGGCTGAATTTTGCATGACCTCGCCCTTAGAAACCTCGTGAATACATCAAGCGGTGACAGTACTCGCTGCATGTGCCCATTCCGGATTTCCGCTGTCGTAAACTTCGGGAGCCCGCCTCGAGTTTTGATCGAAGGCTCGGGCCCAACGTCTCATCTAACTAGACTCATACATATTGGACATGATAGGACTCCGCTCGAAATATTACTCGTCCAGTAGTCCAGCGGCCGGTCCGACGAGAAATACTTGGGCTTCCTACATCGCGTTGGAAAACCTACTAATAGACAACTGTTCTAGTGAGGACTGTTATCCAATAGATAGGATTTGGGAACTCATCCCCACGCACAACGTACAAGCTTAGATGTTCAAATAGAAGCAAACTATATACTTAGGGCTAGAGGCGTAGGCGCGTCCTAACCGCAGAACTAGGCACATAGCCATGGATGGGCAATGGCCATTCATACCTGACGTGGC,1509,50.36,Drosophila melanogaster
SEQ_848857,GCGAGTCCTTGGATTCGACGTTAGCATCCGCTCCTTGTTCGTAAGGAGCGGGCTCCTGCAAGCGGAGCATAGTTTCATCAGGGACGACAACGGCAGGACTGGGCACTTCTTTCCAGTCTATGCGAGGCGCGTCGGATCACACAGTGCGCCGTGCG,155,59.35,Saccharomyces cerevisiae
SEQ_587321,GTTGCATTATTGCGATCATCGATACCTTGTACAACATATCATTCTAACCAATTTGTGATGTTATACCCACCTATGCCTCTGTGGTACCACTTTGGGTAGAGTGTGGATACTTCAGGACTCTGGCTAATGATAAGTCCTTGCGCTAATATCAAGCGGATCAGCCCCACCTCGCATATATAAATTTCTCTTTTCCATGGTAGTGACGTCTGGCGTCAGCGACTATCTTTGAACATTCAAGTTCTTAATGAATGACGTGACTTGGAGTATTGGCGTAGCCAGCTAGATACTCTGCTGTAATCTATTCGGTTAAGTGTTAACGTTGGTCTCCATGTCTCACATGTGGGTGTCACTTTTTCCCAATGGATCCTCTGGAATTACGGTGGGACCTACTCCTGCTTCGCGTGGACAACTGTCGTGAAATCGAAGGGTCGGCCAAGATTGATCACCAACGCTCGGGCTGTGTTAACAAGCCATCCTGGTGCCCACATACGTGACTTTTTGTGACTTTGTCCGCTGCTCAGATCTGCCTAGCCTGCTCGCAGTCTCTGTTGCACCTTTGCTAAGCACGCACACGTCGTGTTCCATCTGTTACTTGCAGCTGGTTCGCTGGCAAGAACTCGGGCGCCCTCATGAAATGGGGCCTTATCCGTCGACGAGGATGAACTGTATGTCCGGCGCATGACTCCTAGTACCACTGAATCGCTGGTTAACTACAGTACCTAGCAAGGGTACTCCCGCGTTGGGTACCACTTGAACGAAGCGCGGACATTGACAGAATATGATGTAGCGTCCGATAGGCTGGCTCGTATAATTAACGTAACCTCGGTGACAGTTAATCGGAAGTTATAGTGCTGACTCTTTTTCGACTCAACCAATAGGGTGCCGCGGGTAGCTGTATACCGGGGCTTTACGGTACCCCGATCTAGATCACCGGGTCCCTATAGCGCACGCGAATGACGGGCCTTTCGAACGCCCCTAACAGCTAACTCCATGCAAGGCAATCTTCGCAGTGATCGCCCGCCTCGGCATATCCTCAATAGAAACCCTGACATAGGGGGGGGATAAGAGGTTCAGTTAGCTAGTGGGTGTCATGGAATCGCCCCACAGACAGGAAATGCGCCCTATCATGCAGGCTGTGTTGGAAAACGCGGATACTAATGCGTCCACCCGATACCCCCCCAGTGAGGCGTTGTAACCGGGGGAGCTTGAGCACGAAGTACATTGTTCCGTAGGATGACTCTATACCCCACGAAACAAATGCTTCGATAGGGCATACCACACCTGACTACTATGAAATCACCCGCGCAGTGTACCCCCTTACCGATCACTGATGGCTCCGTGTCTTGCGCTTGACGAACCGCTGCACTAACAGTTGCGCCCAGCTTTCAAAAAATTGCACAGTAGAGGAGCTGGAGGTACCATCCAGTCGCACCGCCGCCTCTCCCAGCTACTCCGACTATCATTTTATGAATGCATTGTGTAGCCTTAGCTGCGTACCGACTTGGCAGATCGACCGACTTTAGAGGGCGCTCCTCCTGTATGCAGCTTGTCCACAAGCAACGACGTTCTTAAAAGACGTGTTAGAGCGGCCTGTTATACTTCCATTAGATATAGCTATAGGCCCTGTCCACAATGGCAACCAGCGAAAACGTATTGGTAACTCTAATATAAGAGCTCCAAACCTCCCCCGCTGCTGGTCATATGCCACGATCGGGCCAATTTCACTACAGTCGGGACTGCATGCCCTCTGTTTTGAGATTGGTCACATGTTGGAGAGCGACCCATTTCCCTAATG,1795,50.53,Mus musculus
SEQ_736124,ACTCATAAGTGTGGAATGGAAACTTATTCGCTCAAGTCAAGGTTTCCACACCTTTCGTGTCGAAGTAAGTAAAAAGCCATCAACACTGATTAGCTCCTTTTGTCTCATCCTGTTTTCCTGAACCGGATACGGCCGCTTTCTTAGGGCTGTTATGTCTGGGCAAAGAACGTTTCCGGGCCTTACTGTATCACGGTTGAGTCCGCCCAGCCTAGGCCCACTCCAAGGTCTGAAAGCCAGGACGAACAATGGTTTTGTAAAGCACACACGGACGAGCTGCCAGTTTGGCGTGCCCACCCTCCTACAAGGAATAGTCTCTAGTCAACTAGAGGATACTACTCAGCTACGGTCGAAGGATTGGTGGGGCCTGGCCTACACATGTCAGTCTCGTTTATTCTACTAGGCTCAGTACGGATCGACCATGATACGCGGCCCTAAAAATTTAATCGCGCGCCGCATAATTCTAAGCGCTCGCTACCTGGCCAAGGGACGGAGCAAATGCATAGGTATCGACAGACTGTGAGGGGGCCTAATCAGTAAGATCGTCTCACGAATTCTCGCACATTGAACTACGCCTACTACATCTTGCCCAACTCCTGATTCCACTACTCAACACACCTCCAGAGCGAGGATACGGACATGTGTGGAACCCGTTATGTCCTTCACCCTTCGATTACCACACCAGGCCTGCATGAGTAACGCGGAACGAGGCCACTTCCCTTAGTCCTACCTAGGACCTGCTCTGACTCGCATCCAAGCTCAGTCTTTTGTGTTTGGAAACAATGATAATAGTTGGAGACGTCGTATCAGGCACGCCTCGGCTGCTAGAAACATCCTTGCACGGCCAAGTAGTTACATGCAGCACGTACTCCGGGGGGTGTAACTATAGTGCCGTTTGCTCTGACGCTGTTACATGACGGCGCGTTGTACAGTGCGCTTACCGTTGCAATAAACATGGCCCGCGGATCGTTGCCTAACTGGTTACGCATTCCCCCCAACCCAGGTGTATCCGCCCTGACGTCTCTGCGGTTTTGCATCAAAACGTCATAAGTGAGAAAGCAAAAATGGGGTATCCAAAGAACTCACGCGCTAGGATGTCCACACACGGGATGTACTGGTCTTACAAGCCTGCTCTAGTCCTCCAGGCCTCGTAGGCGTAGTGTAGCGTACGCTACTATGCCCTTGCTCTGCAAGTCCGTTAATGTCGCTGGACCCGCGACAGTTGCCAACTATAGGTGTAAGCTGAAGTGCGGCATGCCCTGAACAAGTTATCCGGTACGGCGATGTCTTAAATCTCCGGAGAGCCCGTAAGAGAGGCATAGAGACCAGTGGACTGTGGGAAAGCTGGAGTCTTGACTCCTCGCACTTGCCCTATCCGGCGAATAGATCCATGAAATGAGGCGGTCGCGCGGATTTGATACGGCAGAAAGACATCGAGA,1436,51.67,Escherichia coli
SEQ_276458,TCAATAATGCGTAATTCTACATCAGCATGAGAGTTTTTTCCGTGTAGGATCACCAATTAGGTCGGGTAATTCGCATGTTCCCGCAAAACACTACTCTTAAAGTCTAGAGGTTAGTGGGAGACTTCCTGGAATATCGGAGTATTGCGAGGCAAGTAACTCTTAGCCCAGTATAGTATAAAAACCGGATTGCATCTACGTCATAATCCTGTAATGAGAGACCCCAACCGTACCGCTACGGCTGCGGAGTGATGCATACAAAGCTTGTGACAAGAGGACTTCGCCGCTGAAGCGTACCGGTAGGGTTATACGACCAGGTCAATCGAACTTGTGATTGCATACAGGAACGTCTGTGTGCTCGGTCCTGTGTGCTTCCTACTTCATCAAATGACAAAGAGGATTCCCCCAAAGAGTTACAATTAGCGCCTACGTCACAAAGGGAGTTACCGTCTAGAGCATACTTAAATATTAGTGTTCCTGGCTGGAGTAACTCGGGTTCGTTGGTTGGTACGTTTTGTTGGACTAGATCTAAAGCACCGAAGCCGTATTTATTTGAGCCAGTTTTTGCGGGCACTGGTCCTTTAAACCTGCTAGAACAAACCGCCCTTGCCCGATTAGGCTTACGCCTTCAGCAGCGCCCGAACGGGGATGATTGTAAGAGTGCGTTATAGGATAAATTGCGTGCTTGGGTCATCTAGGATTGCCCTCGACGTATTGTCCCAGCGTCCGGGTCACATCCAATCCATCTGGCTAGGCGCCCAGTCCCGCCCAGCTGGCCGCACCTGGAACCTAGTATCCGGTAACCGCGCTTGCTTACGCCCGCTCTATGAGTCGTTCCTATCGTTGTTCCTTGGGATTAAGACTTAATCCCGTCTCTTACAGCGGACTGGGTGGTGAGCGCCTATGACAGATGAACAGTGTACCCTTGATATTCCGGCCCCAGGTCACTATCCGGTAGGAAAGAGCTCGGCGGGGTTATCAAAGAACGCTACCTGAGCGTTTGGTGGCTTTTATCTAACTCCATTGCTTCGATTTACACTGAACTCACGGGCTCGCCGTAGTTTCACGGTTAGGTCGACACGAGAGTGCAGAGCTAGTATTTCACGCTCGGCACTCACCGGGAGGACGATGGCATCGCTTGTATTTAGTTATCGCAGAGCCTTTGGATGTTAGCAAGGCAAAACGGTGTACTGCATGCGGTATCTGAGGATTGAGACTAGACCAACGTCTGAGTGTTCCAATATCCCAAGCTTGAGTTATCTTTACGCATGGCAAGATCCAGAAAGCCTGCATAGAAGTAAATAAAACTGGGGCTGGGCGATTTTAATCAATACTGTTGCGAGAGTCTCTAACAATCGAGAATCCAAGCATGTAGGCAATCCGTACATCAATACGAAGACGACAGATAAAAAGGCGAGTTTGAGGCGCGGGGGCATAAGTTGCATATCCGGGAAAACCCTTCAACAGATTTCTTCCTGACCGATATGTTTTCCTTAGTTAAACGAGGTGCGGAAGTGGGGCTTAACTCGGCACTCGTCCTGAAAATCCCCATAACACCCAGCCGAAAACAAAAGTGCAGCCAGCATATGAGTGCTCTGAAATGCGTGCTGATCATCATGAGTACCAGGTGCACTATTCACCCTCAACGTAGCTAAGTGTTCGTGCCGAGTTACAC,1672,48.8,Drosophila melanogaster
SEQ_839792,CCCGGGAGCGTCAAAAATTTTCATCGCGGGAATTGAGGGGCTATGCGAATTAAGAAGTTGCAAGGCTATATTATCCTCCCTGAAATATGTAAGCACGAGCGGCGTTTAGTCATGGAAGTAGCATAGGCGAAGGCAGGATTACTTGTTGGGGGATGTGTTCATTCCTGGCAAAGCACGGGTGTCAATTACACAAAAGCCATTTGTGCACGCTCTGATCACCATAATGTGAGAGGAACACCAAAGCGCCAAGAACGCCCTCAGCGCTTATGCGCGTGCTTCTAAAAGTAATGTATAGACCAGTTACGATCGCAGGAAGCACCTTTTGCTTTGGCCGGTGCAGGATCTCTGTCTACAAACCATGAAGCAATTGTGGCCGTTACCATCTTCTCACTAACGCGGCTAGTTGCAGCCGACTCGGGTGAGATAAACACCTTCCATGTGGGCTGGCACCCAAACATGTCGGTACCTTGCGCGCCGAGACAGAGTACCCGTGATGCCGGAACGGACGTGGATGCACATTGCACTTGCTCATAGTTGGCGGTGTGGTTCATCTCTAATACCGCTCCTTACGGGCGGCGTCGTAGCATTCCGATAATGACGAACGCTACATCGGCCCTTCCCGACGCCATAACCATCCAAAATAAAGGTGGGAGATCATCAGTATATTCAAGGCCCTCCCATTAAACACAAAGGAGATTCACATATACACCTGTTTTGAGAAGGAATGTACGAAAATGGACCAGACTGATCTTAAGCGCATCACCATACTGTTACTCAAGAAAGGTGAGTTCTGAGAACTTGGACCCGTTGCATTAAGCGCGTTGAGCGAAAAGTGGGTGGAATTCCATTTAGATGAGCAGTTCA,864,48.96,Drosophila melanogaster
SEQ_820368,GCTTCGTAAGTTTCCCACAATGATTTAGACGCCAGTTTGGGCACTGCCAGCCATGGATCACGTAAGCACAAGACTAAGATAGAGTTAGTTGAGTGGACCTTGCTTGGTAGATAGCACATACCGTGCATGTCCCGTGCACTATGGCTTCCACCTGAGACGCGTATTACTTGGTTTAGGTCTGTAGATACGGATGAGGTCCCATTAGGACTTCAGCTTTCGCGCGGGTAGATCACCTGGGGTACCGTGAT,248,50.0,Arabidopsis thaliana
SEQ_461029,TTCATTGCAAGAGAAGACCACGATTTATTAGCGCACCGTGATGCGCAAGTTAATTTATCGCGACTGTTGCGTAAGTCCGCTTACACTGATCGGATCAGGCCCATTGAAAGAGCCGTATTACGAGTCACTCCTCACACTGGCCTGGGACTTAAATTAGAGACCCTATGGGGTGAGAACGCGTGGTACTAGATTCACAGTCAAATAACCATCTTATATCCTGCTAACAAGTTTATGCGGAGCTCATGTGAGCACTCTGGGTACCATTACGTGTAGGGACACGACCCGAGCCATATCCTAGGGTTGTTCTAACGTTACGAGTTACGGAGATGCACATACAGAGTTGTTTCACGGCCCAGTTACTATATAAGGGTCGAAGTAATGTCCACGGGTTTACGGCTCGTGGTGGCATCTACATAGCGCAGAGCTGGTGAGGGGTCCCAAGATCTCCATCCCACGTTATTCTGGCCACGAGATGTCAGTATCCCACTAGAATCGGGGGGTTGTAGAGAGTGGCGCGTTCAGCCCGACCCGTCCTAATTAAGGCATATCGACTCACGGTGTGACGACTGTGCTTTGTGCCCCACTTTCAACCAGATGACCCAAAAGCAGCTTGACAATACGCGGAACGAACTAATGGAATATGTAACGATACAGACCTTAAGTGTCTGAACTTATTTAGGTCACCGGGACGAAGGGGGTACTACGCCTCTAATTCAAACAGGTTCAGGTTACCCGACAGTGTGCGTCCTTAATAACCCCCGTCTGTATGCGTTGTGTGAGAATATCGCGGACGCGAGGCACAGTAACCTTACCGCTATACGTTCCTTCAAACGCAGTCACATTTTTATGGCCGGATATACTAGACTTGCACAACCACTGTTAAAGTGGACCCAAAACGTCCCCCGAACAGGTTCGGTTAAGCTGACATCATCACCACTTTGAGGTTTCAGTCGTTTACGCGGGACCAGACTTTGAACAGCGGGGACTACAGAATAACGTCAGTTTTTAATGAGTCATTTACATAGGTCGCGAGTGTAATGCGTAACGGCTTAAGAACAGAGGAGACGATGACAGTTTCCTAAGTGAATCAAAAGGATTTTACAGAACGAGCACTATCACGTAGGCGTAGTTGACTCGTTGTCCATAAACGGAAGGCGCTTAGAGTGACGGGTTTAGGCTGCTGTGGACTTCGCAGATTTATAAAGGGGGTGCTGCGCAAAAGGTCTTAGCTGTAATGTGACTGTATACTTGTGGGTCTGACCACGGAGTCCATT,1274,48.27,Homo sapiens
SEQ_534185,GATCCAGTAGAAAGTTGCCCGCTCCCAAGCTGTGTGTGTTCAAACTAGCATCCATGAATCGTGTAACTGAAGGTCCTACCCTCGCCCAGCTCAACCTCATCAGACGGTCCAAATCTCGGACGCGCCTAGGCTGGGGTAGATTTCCCGAATGAAATAATCGCGAACCACATCGTACGTATTGCCTGCAGACGCCACATTATGGATCTTATGGCGGGTTTATTCGCACTCCTATTCAAACAGCGTCTTATGGGTAGTAAAGAGGTACTGGGGGTTCCCTCACGTAAGCACCAGGTGTAGTCCAGAATTAGTTTACGACTGCACCTTGCGTTCGGATCCGGTGTCGAAGATCTGTAACTATCCATAGCGGATGTTAAGCTGTCAGTTCAACTAGAGAACAGCAGCAACAGCTGGATTAAAGGGGTAGGTTTTACCCGGCAAAATCGCATACGGACGCTAGCCATCTTATTCCCCCTGTGGCTACCTTATGAAGGCACACCGTTCGTGGCTTCAGCTCGCCCTCCTGTAAGGACGGTTTAGCACCCCACGGCGAAGTCCAGTCAGGCGCCTCGCACATTTGTGCTCCAATGCAATAAGAACTACTCAGATATGAGCGTGTAAATCCTGCAACTTACGGGCACGTCGGTGAAGTTTAATGACATCGAGGGCTTAACCTCCCTAGCGAAGCCGTAACATGACGATGAAGCGTAATCACCTCGCAGGGCTTGCGAACTGCTTTGTAGGACTTTCAGCACCACTAAATCTGAGCGAGTCCCTAAGCTGGTGCGCTATGCGGATTCTAATATATTCCCGGCCAGAAGCATCATTGAAACGGACCTAAGGCTGTTTATGTATCCACGAGAGTGTTG,866,50.35,Drosophila melanogaster
SEQ_490513,AATCTATAGCAGTGTCTGACCAATCCCGACGGAAAAGACTTTCAAATCATGGTAAGTACTGTAAGTGACTCGAGTTGATGTATCAAGCAGACATGGTGGCTTCTGATGAGGATTAGGCATAGAGTTTCAGCGAGCGAATCCCCTAGCTATCGAACGGAGCTCCGTAGTACGGCTACAAAGCCTTAGATCGGCGAGTCTTCAAACTTTGGAAAGGTATACTGTGCTATCTTACGCATCTCGCCCAGGAACGAACCAACTACCCTGTGCCTACATAGGGAAACAGCTCTAGCATCAGATAAGTCACTGCATTTGTAACACTATTGATAAGAGTTTTCTCTGGCGTGACAATGGTACGGGATCGCTAAAGTGTGCGTACGTAGTCGTGTGCTCTGGAACATCCTGTTCGTCTTCCGCAGCGCCTCTCTCTATATTGAGCAACTTCATCCCCCTTCCTCTGTCCCCCATCGCTCAAAACTGACCTTACCAAATACTGACCGATGTACAATTTCGCATTAATAAAGGAAAAGCATTTGCCCCGAGTCCAGCGGGAAATTTGATGTCTGGGGTTTGTCAACGATCATAGGCGAGTACGTCTTTCCGATTCACAGAGTCCTACGAGTCGTTGTAGCTTCATGGGATACAATCGAACGAATATCAGATATTGCCGATTCGCTGATCCGTTCCGGCCGTTGCTTGGCTCACTAGCAACTCCAACTCCCCTTGCCGAGATTCCCTCGTGTTTCGAAGTATGAGCTTAAGCTGTTGCCTCCACTTCTCGCGGACATCTCCCTAAATGACTGCATACTAGTTAAAGAAGAAGATATGTCCAGAACACCCTATCAGGCTTCAAACGAGGTACACGAAATGGTGTCCTTAAATATGGTCCACTGAGACCCGAGTAAAAATCGAAGTGACTCTGTGTCAAACCGTGATCTCCCCCTGGCCAACTCCGATAGTGCCCGCCTCCGGTCCGGGCAGATAACTGCGTACGTCGTGGCCCCCAGACGTACTACTCGACATGTGTGGTCGCGTCGCACGATGTCCCGGATAACATTATAACTCCCTACTCTGCCATTGTTTTATAGGACCCGGCCGGGTTTGGCTAAATTAGCCTGCACGGCATCTCATTCAGTGAGGGTGCGGAATTTAATCTCCATCACCTATATGGTTCGACCTGGACATCAATCAGCAAGCTGCTGAGACAAGTGGCGACATATAGTCTGTGGACGGTGCAGTCTTCCTCAGCGAGACGTAACTCTCGAGCTTTACTTGGCTCAAACCGTCTTAATAGAGCAGGCTCGAGTTCCACATAAGTGAGGCGACAGAGTAAATCAGCGGTGTGAGTAGAGGACATTTCTTTCCCCCTTAGGCTCGCAGAGGAACGGGTCCACTCCATTGAGACAGAATCGTAGTGGAACAAACCAATCCTTAATTAGGATACTGTTTAACGCAAGTAGGGTCAGGCTCCACTGGAATTCCTTTACGGCAAGAGTCTCATCGCCAACCGACAGGCATGTATCGGCAGCCGCTCATGAGGAGATCCTCAAGGGTTTTTACCCCACGGCCAGGAGCCATGTCGTACACCTTCTACTTTCTGCATAGAGGCTTAAAATCTGACTGATTAGGTAAGGAGTGAGCTCTCCGGTGTAAGATGTGGCAGAGAGGAATCAGCTTCTTCCCGCATCCAGGCTTGCAGCTTGTACCTCCCAGGTGCTGACTGCCAATATGATGATCTCTACAAAGCGCGGCAAAGCGTCACTCACACCCCCGTAAGATGCTTCACCTCCTGTCAAGACACACGTGTGGTTTTCTTCAAGTGTTTCGGCTGCTAACACTTCCGGCTAACGAACTACGAGTCGTGACAATTCAATAGTCCAACCCGAGTAGAAGCTAAACTGGGCACGGAACAACCATGTCTTTGCGGCTGATCAGGCGTATTCGAGGACCTCCCGTATG,1956,49.44,Escherichia coli
SEQ_328295,GCAAGACGTGAAAAGGAGGGCTAGAATGATCAGAGTCCGCTTTGGAAGGTGGCGACATGGGAAGGGGCATAGATTCTCCTCCCGATGGGGGCCTGCTCGCTAGGCGGGGAAGGTTGAAGGCTCGGTCAGGCGCCGCTTAAGACTGAATTTGATGCAGCGGCAAAACATTAACAGAACCTGCAACGTAAAGTCGGAACGGACAGATGATGATCAGATTACGCTCCTTACGCGAGGTGGCATTTAGAGCTGCTAGTCCGCACGCTCACCCAAGACGAAATAACGTGGCGCCCTGCCCCGAATGCTCATGGACTCTCTAGTTCTTCTGTTCTGGATACGCAGAGTAACCTCCGTGGACAGTGGAGGGCGCAAACAAGCCAAGGGGTATCACAATCCGTACGACGGCCGATCCGAGAGAAAGCTAAAACGCACTTGCTATCGATTCTCGCTCCGCCTCGGGCCAATATGCTTACGGATAACTACGCGGTCATCACCCTCAAGACTAAATACGAAAGACACACCACATACGTTAGAGGACGATATATATAGGCTGCGGTAGTTCAGCCGATCTCATTTCCCCTGGTACATCCCTATGACTCTTAGCCATTACATGAGATTGCGTTCTACCAGATCAGAGGAATTCCTATGGCCTGGGACCCTTGGTCATAACTGCTACAAGGTTCAACTACATTATTACCTATACACGTCGTTAGGGTTGAAGGCTTAACCCTTCTAAAACTCGATCCAACATTAAAACTCTGCCATACGGATTATAATCGGTGGGCGGGAACCTCTACCGTGAACGTAGGTTGTGGAAGGTGGGTGATTACAGCATTGGTGAGAGTTTTAAGACGAAGTACTTA,860,50.12,Arabidopsis thaliana
SEQ_799677,CAGATGTATTCGACTGGCGTACCGCCGCATGTGCGAAACGGACTTATGGTCTGTCACGTAGGCAGGAAACAAGGTGATGGTTGAGCTGCCCCCTCGACCGAAGGTATATTGATCGGGAACTTGGTTTAACCCCGCTTTAAATTAAATCAATAAACTGTGATAGATCGCCAATACATCCGTGCTAGAATCTTCTTGTGGGTTTTCAATCAAGTGGACCGAACCATCCCGTGCAGAGTCGACACTAGGATAGCACATCACGGCGAGCTGACCGTCGCTTAACTGCTCTCTAATGCCACGAGCATGATAGCGTACTTGGTCTGGCCCCAGGATAATGGACAGCGACTGAGAGCCTTCAGAGACTATGAACACCCCATATGCAGTTGTAAACACCCCGATTTCTCCTACTGGTCCGAGACCAGGAATTAGGCGGTAGATTGGAGGACAAGAGTTATAGAGTGACCGCAAAGACCCGAATTTGGAAGCTTACAATAACCCCTCGGATCCTAACGCTTGTACGCTATATAGGTAGTTTACACATGCAATTTGCATAGGGTGCACTCTACGCCTGAAAATAAATAGCCCCGACTAACACGGTTTCGGACGCGCCATCACAGCCGCCGCGGAACACAGCAGCTTGTGCTGGTCCGCAGACAGACCTTTAGGGAAAAAATTGTCTGCCATACGGGCTGTCGACTGAAATCGTCAGGAGACAACCTAAGCAAACCTATGGACTACGAAAAGTGGGGAGGGATAATGAGTTATGCCAAGTGATTTACCCGTTGGGCGGAATCGGATGCTCATCCCGCAACAGATCATCGGATAAGTGCGTTGGAAAACGGGGGAAGTCAGGCCGAAAACTGACTCCAAAGCTCTATGTATATCTCTGGCATAGCCGGGACGATATCGATGTTGGAACGGTCGAGCCGCTTTGCTCTGGCCCATCAGCAACCGAGCCTCGACCTGGTGTTTTCGGTCATTCCCTAGAAGCTTTGGTCCAGATTCGCAGGAGCCTCCTAGGTACGCTATCCCCGCCTCATTCTCCGATGGCCCACCTGACATTCTCAGGCTGAGGTTTAGTCGTCCGGTAGCGACGGTTCTTCGATGTCAGGACTTAAGCGGTGTGTCAGGGACCTATGCTACTGGTCCGCTGCAGTGATCAAGTGGAAGTGTACACTTGGACAGAAAGGCTGTCTGTACCTTTCCTGTATGAGCGGTCGAAGGCTGATAGACTGGGGCCGATTGTAACAGTCAAGAAGGGCAGCCCTGCCCGTTCTCTTGCTTGAGCAATGGCCTCATGACGAAACTCGCAACGAAAACGTTGCAGTTGTCTACGACAAGAAGTAGTGGAGACTCTGGACCTCTTGTGGTTTGGTACCGATTTACCACCCATTTTCTCGCACTCGCATTACTAGGCTTTTGCGGA,1423,51.09,Escherichia coli
SEQ_605267,GTGAAGGTAATATTCGCAGGGTTAGTACCCGTAATAGGCCGTACTAGCGTGCTCTTTTTGTATAGCGGAGGTAAGACTGACAGCGGCCTACTTGGGTTAGACACGCGTTCTGCGTTAAGGAATGACTTTCTATATCATTCCGACGAGGACGTGTATTGTGCGACTCAATATCTTGTCTTCGGCGATCGGGACACTAACCCAGCCATTGGCTGACAAAGTGCCCATGAGCGACTGCTTTCAGGGTTTCTCACTCGCAAGGACCTGGGCTACCGGCAGCTAATGAGGCATTTGGCGTCACGTCTCTTCCAATACGATCACCGCTAAACCACGGTGTAGGTACAGCCATCGCTCCGACGTTATGGCTAACAGCGGGTCAGACTTGACCCAACGCATACGCTATGTTGCCACGGATTTACGTTATGGGACTGTGTGATTTGAAGGATTGAGGACAGTAGCTAGTCACATAAAACGCAATGCTGCTTTTTAAAGTCCTACTCTTCTGAGTACCAAGCCCGGATACGGCGAATCGAAGATGCGGGGCATTTGAACTACCAATAGATCAAGGGAAAAGGGACAGGTATCTTTTCGACTTTCCAGGCACTAAAAAATCACTTGGATACTGAAGGCTTTCTTCTCAGGAGTCGTTCCACTATTTTTCAGTTAGAAAACTCCATATGGACACCTCGGCGTTTCGGCCTCGTTCCATCGATCATGCTCTCGGCGACATCCTGTTAGGTGTCATTAATAACGCTGCTTTATTTCTAATTACCCCTACCAACGTCATCAGGAAGGGTTAGCGCATACAATAGAACAAGGCCACCTTAAAATAAAACGAGCAACCCGATAGCGCCGAATTTTTCTGCAGGGCGTATGAAAGGCTGAGATAGTCCAGCCCTCGGTTTGAACTTAATTCAAGACACCATATCCGTCGACGACTGCCCAGATTGGCACCTGAAATTTGGCAACATGTCCCTCTCCCCTGCGCGGTAAGGAATTAGACCCCC,1004,48.51,Mus musculus
SEQ_358485,GCCTTAGCACTCTATGTACTGGTGCGCGAATGATCATTGCCATTAATTCCGTGGGGCCTAAACTATGTCCTACCTTAAAGGGTCCAGGAGCCTCTTCCAGCAGACCCGGAGCCCTGAGCGACCGTGGACGAGCAATACGTATCCTCGACTCCGTATGTCGAGTATCCAACACTAGGCGAGGCAATATCGCGACGCTGCTAACGGGACCGATTAAAGCCTAGCTTCCACCAATGAATCACCGAGTATGATTCGTGTGAGGTATCCGACACGTGGTGTCGACGGTCATGAATCCTCGCAAGGTTATTCGCCTTGCTGCTCCTCACCCTGCCTGGCGAGTGAGGTTGGATGACGAGAGAGCGGAATTGAGAGAGGCTGAGTACTGAAGACCTAAACGCACCATAAGAGCCCGCCAGACCCGCGAACGCGGGCCCACATTACCTGCAGACTTAACAATTGCAGCAATGGCTTAAATGTCGACTGACCCGGAAGGCTAGTCGAACCTCAGCTGATCTGTGTTAGAACTGTCGATCCTCTTAGATTAACATGGCCTCCTGTCGAATACGATACGCACTGTGCGGGTTAGGCGAGCACGACCGAGACCAAAGCAAGTCCGGTGATGTCCACCCGTACTCCACATAACAACAAGGTCCGGCACTGGAATGGCTATCGTGAACGTTTAGCATCAAAGTTTCGATGCGACGACGCTTGACTTTTTGGCAATAAGGAAGCGGGAGTTCTTGCTGTTTGAATGTTGAAGCCGGCAGCATCACACGTACTTTTCCTATTTTGTTACAGAACATGCTCTACTGTGGACCACGCAATTTATTCAAGAGATTGTTTTTTTGCTCTGCAACCATGGGCAAGAAGAATGAACTCCGGGTCTCGTTACTCTGGAGTTAGTGATCCAAGGGACAGCACTTTACATGTCAATGATTCCCATCCGTGTGGTAAGACTAGAACTCACTGCAAGCCAAGGACCAGTCGGGATTCTGCCCTATGCAGGCGTATCTAGTTATCCAGACGTGTCCCCAACCAGCAAACATGTCAGGCTGTGATGCCGAGCGTCACGAAACCCCGTGACTAGAATAGAACAGGATCTTAGCATCACGTAAGTTGAACAAGAAAATGTTTACGCTTGTTGCGAATGAGAAGTTACTTCGAAACCCATTTAGTATGCTCTGAGCTGAAGCGCCTGCGTCAGGTCTTTCGAACCCTACGTGTGTCCGTTCGGCCTCATTCAAGCAACGTTAGCCCGCGGGTAGAGATGGTCAGACATTTGAAGTTGAATACGTCGTTAACGGATACGAGGCTGATAACTTACATTATATTTACGAGCGATAGTGGCGGACAAATATGAATATAGCAATATGGGACCAGGTAATCCGCTTGAAAAGCAGCGGTCACGCGCTGAGTTCCCCACTTAACTTTAACACTAGTGGCAGCATCGGTATTCTTAACAATAGTACCTCGATGCCCTTAGTAGAGGTCCTAATTTGGAATGCACACCGAAT,1511,49.44,Mus musculus
SEQ_255669,TGGGCAAGCCGGGGGGTCCCACGCGCCCCTCGAAGTCGTATTAACCACTCATGCTGGGCACTCGTGTCCATGCTGACTATTAGCAGACAGAATAAGCACTCGCAAGATCCTCGAGATCGATCACACCAATCACTTAGGGTAATCAATGGGGCCGGAGAGTATTCATTTTAAGCATAGGGGAGGGGCAATTTTGTTCAACTTACCCTGCTTAGAGGCACCAGAGACCACGCCTAATCATTCGCTGGAAGGTTTACGGTTAGCTAGGGCTGTAGAATGCGATCGGCCAGTCGAGTCGGTGAACGATACAAATGCCTCTAGGAGAGCATCAGTATACGAACCGAGCCTATCTCACAATCCTGTCCTTTTTTTAACGACTGGATCTTCTGGCCCTTCCTGGTTATTTGGCAAGTTAAACGGGGATCCGAGCCGGTGGCCGAGCCGGTCGTGCAGCTCTTTGTCCGATGCGGTCGAGTCCCCGTATAATTCGACTCAACGAAAGTCTGGGTTGCAGGAACACAGTAACTGGAACCCGTGGAGACCTTGTACGAGTGGCGAAC,557,52.42,Drosophila melanogaster
SEQ_354485,ACCTGGGAGAGAGGGCCTACCACTGCTGAATTTCTGATTAAGTCAGAACACTACCTTGCAGACGCGATCCCCAAGGTGTAGGGTAGCGATCCGGCGTGCGGCGCATCCGCAAAACTGTGAGTGTGTTCCCGG,132,56.82,Saccharomyces cerevisiae
SEQ_552304,CGGTGTCGTATAGGTTAATTATCACGAGACACGGTAGATGGTTGGCTAAACTATCGTATTATTAGCCAGGTACATTGCTTTTCCGATCGTGCCTAATCTGAGAGTAGAGGGGCAGGAGGAAGGCCCATGTTTCAAGTGTTCTGGTCTTTCCACCGGAGGGGTTGGAGACGTATACGTGAGAATCCTTTGGGAAGGTGAGCCTAATCAGCTATACACAACAGTACGGCCTGAAATGCGAGGTGGCCTCGCTTTCGAATTACATCCGCCTGTCTTGGATATGGAACAATTAGAGAGTGAATTAGTTTTAAGCGGGTGTGTACCATGCTGATGCGATCGGAAGTTCTGGTCAGAAGACTGCGACCCTAGTCGGCCCTACTCGTTGGTCCGAAGATCTGAGGATCACGGATCGCATCCTGCATTATCACTACAGGTCGGGCCCCCCGTACGCAATGTTTGTACCACCCACACCTTTCCAGGTGAGATTCACGCCTAAGTAGAGGAACAGACTTTACCTGACTCGCCTATAGATTGCGTACGAGGTCTCCCCAATGAGTGATCCTCTCCGCGACGAGCTAAGAATAATTGCTAGATTGGGACGCAGCATTCTCTGGCGCATGAGTACATGAGATGATCATTCTCTTGAAGTATACTACGGTGCCCGAGTAACAAATCTCAAGGACGAAGGGCCTTCCCGGTTGCCCGCCCGCCATCACTACGGAGACTGCTCTGAAACCAGAAGCGGGGAAGGGGCCGCAGGCAAAGGTGCGCCCTCCCTAATCAATTCCCGCCACGAAGCGCGTCGTATATATAATCACGAGCTTCCCCCTCCTCGGATATTCACTTCGCATGGCATTAATGCGAGCATGCCATGGTCAACCTTTGTTGTCCAAGAATATATGTATATGTTCACCAGCCCTCTGGGACGGTTGTTGCAGTGCACCAAGAATAACCCTGGCGATATTCCTCTCTATTACTTCAATGATTCTGAGCTGTATCCATCGATTAGCCAATGTCGGAACGGGATCTGACTTATAATCCTTTAACTCTTGTAGGTAACTGAATATTAGGTTGCGTAGAGACCTATTATCTCGAACGATTGCGCCTTAATTTTGGCGGTGCGTTACTCCGGGCTCCCATGGTGAACGTCCTGCTGTAGAACGACGCATTAGCTAAGACAACTTCATGTGTAGGTCCGTAGTTAAAGTTGCCCATGGCCTCACATGCCGACGACGATTGTGCGCCGCCGCCGGGCCCTGCACCACCACTCGATCATTAGCTATCTCAATTGTGGGCGGACTCGGATTTGGTGTAAGTAGATTGCGATTCCGTTCCTCACTCCAGGGGTGCACACTACGCTATATGGAGTTTATTTGCATGATGTTCTTGTGGCTAACCCGCTTTAAAGCCTATGTATGCCACTGGCAACGGGGGCCGTCCCGGCCCTCGGGTGAGGCGGCGCAGGGCGAGCTGGCGTACAAAGGACTTGGTCTCTGCCAGTACGGGCCCATGATCTATATCCTACAGACCACGGTAGTTCACCTCGGCGGCGCCATGATCTGATGAGCGCTCGATATAGGCTCTGAAACTTCGCAGGCCCCGCTGGTCTTGCACCTCACTTCACAGTGACGACGTTCAAAGTGGCATCTCGGCAAGAGATTTACGGTGCACAATATTCAGGGGGTCCTTCTGTTCGCGGCCTCAACGTCCGGTGACAGCAAAAGTCTTAGTCGGGCCGGGGCGATACCCAAAGCCACCTTGCCCTGCCATCCGGTGTCTTAAATATAAAGTTTCCGTGCGTGCAAGTCACGGATGTCACTGCTTGCGCC,1826,51.86,Caenorhabditis elegans
SEQ_898565,GGGTGGCACCTAAGAGGAAAATCGTGCTACCATTGTACGGTCATTGATTCACCGGACTTTAGAAGTCGGGTGAGAAAGGCTCCGTACCGCATATAGGATGCCCTTAAATGACGCCGATTTCTCAATTTGATCTGTCATAATGTTACCACTAATGACCCCAGGACGGGCATGTGCTAGTTTTTTATGCCCATATTTGTGTTCTCAGTATAAGGGTGATGTTTGCTTGCAACTCAACGTTGATGCTATGCGAGAGAGTGTGCTACGGGCTCACCCTAGCAGTGCGGACGCATACTGTAACTACCGTCGGACTTGACTAACGTCGCGCTTAAAAGCGTTCGGGCTAGGAACCCCCTCCACAAACAGAGTCTGAATTCCCTATTTTGCGGGTCGCAGTCGAAGCGCCTCAGCCCGATCTGTCATCTAATGTCGCCATCGGCTCCTCATGCGCTAATGGACTCCCCAATCGGTGAATTACGGGGGGCCATACTCATTGAATCCGTGAGCCAAAGTGGCAATATGTACTTAAAACTTGGACTACCCCTTACTATCGTAAGAGCTGCAATAAATTGTCTAGGACTAAGACGCAACTAGAGAAGTATTAGTTCGTCCGTACAAAATAGTACTGTGGCGCACCGCTCGCTTACATCTAGAGTATTAGCGTCGCATGTGGGGTTCCTATCGCAGTACTATCTGTGAGTAGCGGGCTGCTTGAAAACCTTCGTGCCAGACATCTGCATCAAAGGTCAACAGGTTTCGTCTCGCATTGCTCTAGACCCGGTCCGTTATCACCTTGAGTGGGCGATAAGAATGTTGCTTCGCTCGGTCATCGGGACCAGATATAATCCGGAACGTTAGATCCCGAACTGACCGGAAACCCGGCCTTCGGGCGGGAGACCAGCGCAAGATGTTTTGAATAGACTTTTCCGAATACGTAGCTGTGCCGATAACCGTTGCCGAAACGCCCTGAAAACACGCATAAACAGAGGCGACTACGTCACCAAGACGCCCTTATGGTCTCAGCGGGTCCCAACCCTATTTGTCGGACGTAATCGGATTAAGAATTACCGTGTGGAGTTTGCTTTTGTTGTTACTTCACTGGGGCGCGTGCCCAGACTTTACTCTAACGCTTTAGAGGATTATAGCATATGGCTAGGAGCAGACTATTTCCAAAAGAGTTCAATACCGAGTCTCTCCGAAAATGCGAACCAATTCAAGAACTCGACCCCATGTCCGTACGAGAGTAATGACCTCGAGTGTCGACTATGCCAAACCGTGAGAGCACCGCAAGCCAGCCGAAGTAACACCAGTGTCGCAGGCTCCTTGCTCTTGGTGACTGAGCCGTCAATAACACGGATCAAAGCCATACACCACGGCGTCGGGCGAATCAGATCATGCAGTAACGCGATGCCGTAGCGCGGACTTCAGTTGATGAGAAAACCATAAATTGAGTCCACTACGTCCGACCTGAACTGAATCTATAAATGGCCTGTAAAAACGTTGGGGTCACGCCCCTGAAATTTCAAAGCTAATTGGCTTAGGGTCATATTACGCTGTCTGGAGTCGAATCAAGGTTACGGATGAAACCGTAAGGGAACTCCTGAAAAGGC,1607,49.41,Caenorhabditis elegans
SEQ_212540,ACAAGGGCCTTCGCCAAAAGCGCTAATTTCGCGGTCTCCTCCCAGCGATGGTGCGGACAGGGATGATGAGAGAGCAGTTACTCATTCTATATGGTAAATGGAACCTAGTTAGCGAATGGTCAGTCTATAATCTTCTAAGATGGGCGTGTAGCCGAGAGATTGTCGCCGTGAAAGTCATTGGTGGGCCCTCTTGCCCCGGCGTGAGTGCTGTCCGTCCCGGACATATACGTAGGGAGCTCGGTGCATAGACTGTAAGCAAGTGGAGTTCGGTATGTAGCCTGCGATTGGAACGCAGCCTGCATGTATAGACGTAGCACTTGCTTGTCCGGAGATGTGCACTCTATAGTGAGTGGCGTGTGTTGCCATGAAGACTAGTCGTAAATGCCTGGCCACTCGCATGACCCAGTCCACGCGAAGCGCTCGTCTATGAAGCCTTAGATCTATAAGTTGTTGGCGTTATAACCACTAGTGGTTATTCACGCCTTCGGCAAGTCCCTTTAGAAACCGGCCTTCATGGGAACGTTGTCTTTCAAAGTAAGATAGTTGCGTGAACCACTCGGGAGAAAGACATGGGGTTGCTCAACCCCTAAACTCTTACATTCTTCTGGCCGCGTCTGTTGAATTAAACTTAGCAACCAGAGGTTTAATAGGGGGGGTTGCAACACCACGCCGCCAGATATTGCAACAGATACGAATATCCCCGGAGCAAAAAAAGAGGTGTACGGGTGTGCGCGATCGGCCTTATGGGTGCCGCAATGATGCAAACTCATGCACCCTCGGAGTCTGACTTAGTAAAGAGGTCTAAGAACATATGCACACAACTTAGCCTGACGTGCTTGTCATGGTGTGAGCCAAAGAGCGCTGTAGACTTCAGAGACTCGTTTACGTCCTCTGTTTAATTTTCTGGAACGTGGGGCGAGGCGCCCACTCCATTAGAGAACGTACTTGATCTGTCCCCTGCTTATGTACTTTGACCAACGCCGCCGGCCGTAATTGAGTAGCCGTGTACACCGTCCCCCCCTGCCTACAGACGAGGTTACAGCAGGCTACCTAATTCAATCAGTCTATCCACATTTCATTGTAGCGAGATCTCGGTAGTAGGGCCGAATAGTTCCTTCATCTTTCTAGTTCATCGACCTTGATTGAGAAATCGGACTACCGGAAGCGCAGAAGGAGATTTGGTGTAGCGATTATGGATCACACCTCGCGTAGACGTGCAACATCGCAGATCCCCGCGAAAGACGTCATGGGATTGAGGAGCGTCTTGGCAGGGTCCAAGTGGCCCCGGAGAGAAGAGAGCTGCCCCGTCTGACTGCCCCGTATCCCCAAGGTCCAGCCCTTGATTCCGTACACTTGGGGACACCAAGAGACTCGTTAAATCACAGCATCTCCATTTGACCTGAACGCCGCTCAAATGGCTACCACCAATTTAGCCCGGAGGATGCATGACAAAATGTCCGCGTGATGGTCTTGGTCTCTCTAAAGGGTCTTGAGCGTCACACAGAAGGTAGAGTAGGTTTTTGGTACTTCTACCTTTCGGCAGGAAGGTGCTAACTTTCAGTACTCGTCAAAGGTGTCATACACCCCCTTCTGCTTCTCAACCCTCGTCCCCACTAAGAGGCGCCCTGTGCACCGTTGTCAGCAGACGGAATATCCTAGGTTATAGATAATATATTCAGGGGGACTGGAAAGGTGCAACTCCACTTTTTACCTGATCAGCGCGGTCATCGGAACCGACCAGAGAGCTCCTAAGTATCGGAGCCGTGCGCCAGTCCGGGATGATCGAAGCCCGCGTGAATGAGAGGCCCCATTTTGCTTTCAGCCAGCAGAGAACATCAGTCTCACCGTAGTAAGTTGAT,1859,51.37,Caenorhabditis elegans
SEQ_272185,ACAAACAAGAAGTCGCGTTGACGTACCTTTTCTTATCGTTATAATTATACAGAGCAAGAAACAGTTATATCACGATCATTGCGCATATATGGGATATGTGAGAAAGTATACTCGCGGGCCGGGCTGCAACGCGGGTATGCCAGTAAGAGTAATGGTCGTGTTTACGTGCTAATTGTCGGCATTAGTCTTCTCCATCAATTAAGTATGTCTTCATCCAGAGATTTTGGATCATAACGCGATAAGGCAACCCATTCAAGAAGACGCCAAATCGAGGAAGGGGTAGGATAAGGATTCAGACTGTATCATAGATATGCCGTTTCTTCAAAGTGGCATTGATACTTGTCGGCCAGAGGCATACTCGAACGAGGAATCATCAGGTCTTTCGGGATCCATACATTTAAGACCCAATTGTATAGCAAAACCCTCACGGAGCGCTGTCATGTAATACAACAGTAGCGGCACACGACCTGCTCCCGGGCTTATCTTGATTGATTGAAAGCGACATTGCCCTAACAGTATTGCGCGTGGACGGGCCATCGAATGATGGGCTTGCTGCTTCGGCATAGTACGCCTGGAGAGAATGGGGCCACCGGGTAACCAGTGTTCAAAGTCTTTGGCGTGATTTCGCACGTTAAGCGCAATAGGCCCAAAACAGGTAGGCAAATCCTATTACAGGGGCGGTACTTCTTTGGTCTCTACGAAAGTCGTCCCTCGTGCATTGGACTGACCCTCGGAGGGCTCATGGAGTATAATCTTTCCCGCTGCCCATCCGGTCGTCACATATTCGTCCTTAGTGATATATTAATAGGCACAGCATGCGCAGCAAACATCCGGCGTTTTACTCCTGCAGAGGAACGGCACCATTAACCAAAGATCTTCGAGGCGCTACTCGCAGAGCCAACCTCAAACCTCATCGCCACTAATCTATACGTATGAGCCGCAGACAAAATGCTACATGAGCGTGCAACTTGAAGTACTGAGTTTGAAATTTCTGGACCGCACAGTGAGGGAAACGACGGAGTGCACAATCATTCCGGTAACTTTACACTCCGGTGTTGATCTTCCGTACGGCAACATTCGTTGCACGTCGCTGATTTTTACACTAATGATCGATTGACACAGTTTACCCCAAATGGCCAGCACCTCGATCCGCCGACGCGAAAACGGAGCAAACGTGGCGTGCTACCTACTGAGGACCATCCCGATGAGTGCCAAGCCCTAGAACGTTAT,1230,48.29,Saccharomyces cerevisiae
SEQ_761160,CGTGGCGAAGAATCTAGTACACTTGTATACTAGGGTTAGACCTCAAGAGCCCAGAGGAATGTTCCGTCTCCCCAAGGTTTGTCGGACTGCAGCGAAACCTCGTCCAAGTACAGATCTCCTGGAAGTGTCTCCGGCCACGGAGATGTTTCGGTCAGGGCACTCGCGTGTCATTGAAAATCCGCACCCGAGCCTGAGATTAGGAAGCGGCGTCGACTCTTGGTGCAATTGCAATCAAATCTTCATGGTTTCTCGTCAAGAAATTGTCGACCGGAACGCTCGCATCTAAACCTCGCGGTTAAATCGGGCATTCTACTTGGAAGTATGCCCCGACTGGTCAGCAATACGGTTTTCTAGTTGCTTCCAACTCTGTACACGAAACACATCTGCAGGGCGGCATTCAAGCTCAGCAGTCTCGTGGAATGGTCCTCTCAGGGAATGAACACACCTCGCTTGCTGGTGGTCAAAGGATCCCTTGTATACGCCGTAACATACTACCGTCGGAACGTAGATAATACTAGCGCCGCCTCAAATAATCCTCGCGTCGCAGGCGGACAGACCAGGGGCGCTGTCAAAGAAAACATTGCATATGTATATCAGGCTAGGTGGGTGAGGGATAACGCTCATATCCGTTAAAACGCCTAACCTTGGATGAGATTTAGCAGTTAAGTAATAAAAATCGGCGTCTAGGAACGTCTTATTCCGAACTGCGGCCGGGAGCCCGCGGTAGGTGGCCTCAACGTGTAATGTTGTTACCATAAATATTCGCGATTCAGCCAGCCGCCGAACTGCTACACATAGTACATTAAGTAACAGGACCACGTCTCAGCTATTGGCCGGATAATCACAGGGTTCTGGGACGTACGTAGCGGTGAGGGTGTAGGGCGACGAAAGAAACTCAGGGTGCGTAAGCGGAGGATACGTTACATGACCTGACGTCGGCTCGCTTATCTGGGCCCAGCAATCCATAGAACCACAATGCGCCCACGATTGACCAATTTTCCTTGGAGTATTTGGCCTTGGGTGCAAATTGGCATTACATGTGTCACGCTGCGAGATATCCCAAGCTCGCAACGTGATAATCAAACTGGAGTTGTCAGTTCTGGGGGTTACAATCAGGTGCTGAATAGTGTGTGTTTCAATATCCCCTTATGTGATAATAAGTGCCGATTTCGCTCATCATGTTGGAACATCTATAGACCGGTATTTCGATCGTACAAACAACAGCATGGATCAATTCTACTCGCGCTTGATACCCCTTGTATTTCCCGGTCGATTACGGGTCTGAATGGTTACTGTAGCCCTACAGCACTCTTGCTATAGTTGTCTTTTGAGAATCGCAAATTCTGGTCGGGGACGGGCATCCTAAAGCAACAGTACCAATACGATGTCCCCCGTGCGTTGATAACAGATACATGCGGGTACTGCGCAGCATTCAGGCCGGGTCAAGTCTAAACAGAGATTCATTTATACAAATCTATAACCTTCAGGGAAGGTGCTAAGAGAATATATAAGTAGCAGAGTTACCGATGTTAGGCCAGGTACGAAGTTACGGTTCGACCCCAAAATGTGCCTTATCGGCCGCGTTGCAAATGTAAACGCCAAGGACTTTTTCCAGTCCGTTCTACTACGTTTATGAGGTTACGTCGATTAACCATTAAATGATTTGCCCTGTCCGGAGCCAGCGAGGGGAGGGGCGCAGCATCCTGCTAAATGATTTCGATCCGCAAGACTACTTGCTAGGCTAAAAAGTCTAGTGCTGTGATGCGGACGATGTCGATCTAATCAACCAGTAGAGTTCCAAGGGCAGTATAACCGGCGGACCAATCATGCTTGAGATGGAAAGTGAAAAGGCTTTATCGTTCCATGGCTCGATCTTTCAA,1880,48.83,Caenorhabditis elegans
SEQ_194348,TTCGTAATGGGTTACTCGGATTGACGGTTAGCAATTTCGCTACTGCCCCAGTTCGACATGTTTTCTCTAGCCGACGACCCCTGTAGTTAAACGCCGAGATCCAGCTTTCACCTTCTTGTC,120,49.17,Saccharomyces cerevisiae
SEQ_492684,CAAGAATAAGTAACAGACTGTCTAATCTCCCTCTTCCCCGGGAAACCATGCCTCGATTCTGCTAAAGAAGTAGCTTAGGCGGTCGGGAATAGGAAGAATATCAGGCCAGCTCCGTCGCCTCATTACTAGCGAAACTAAAAGGCATACTCCCCGTACCACACCGGTACGGATCCATAGTATCATTTAAGGACGGCCCGTGGGGATGAATGGCCTAGCCGCTTTACGGCTCTGGAGCTTTCCTCTCAAACCGCTTCAGCTGATATACCAGAGGATATACAAACCGTCTTCCGCCATTTCTTTCACGGGCTACTACTGGGGCTAAGGCAAGCGTTACCGGCTGATTATGTGGGGTCATTATATCGCCCTACCACGGTTATATATACTAGAATACTAATGAACACTCTAAGGGGCCGTCCACAGAGGCGTAGGTATATTACTATCATGCCGCCGTATTCTCTACCCGGTGACCGGAACCGGAACGTATGTGCGCATGGGAACGGCCTTGCCTGAAATGTGACCACAGTGGAGGAAGGACGACTTTAATAAGAGCCAGAAGACCCTGTTCAATCCACTCTCAAGTAGACGGAGACTCCCCCTCTCTTCGGACTTCCTGCACTTCCTCCCGTTTTATATTGTCACCCGTCAGGTACCTCCTGTACTAAAGGGAAGTCTGGGTCAAAGTATGCACTCCGGGCTACATCGAAGCATCCAACCTCAGAGCAAGAATCTTACGTCCTTTACCAATTGCGTGATTAGAACAAGAGAATCATCCTAACGAATCTTTGAAGTCTCAATCACCTGGGGCATTTAGATGAAGTATGAGCCAAGACATGTGCTGTACGAGGAATTGTATTCATGAGGACCTCTCCTTTATCGTGAGTGTAACTTGCAGTTGGCCTTCTGAACCAAACCATATCTGTCGCCAGCCCTCATCTAAACTATGTCGATTCTGTCAAGGGTCTATTCTATCGGGTCAATAGGTACAAGAAAGCATGGTGATTTGCCCAAGGACTACGTCAAGTCCCTAATCCGCCTAGTTGCTACGTATCGTTCGGTATGGGCGATG,1066,48.59,Saccharomyces cerevisiae
SEQ_593777,ATTTTGCCACCTAAAGACTGTAGTGGCCGTCATTCCAAGTGCACTACAGCGGTGTAGGAATTTGCGCGTAGACGGTAATGGCTGGTAGAGCCTCGGGTCACTATCCCTACCGATTGTGTTCTGCTGTCAGAGTGGGCTGATTATCAGTCTTCTGTGCTATCAGCCAGCGCCGGATTGAAGAGGCTAGAATTGGCACATACTACATTACAGATGCAACAATAATGATTTAGACGTTACTTGTGATTAATTTTACCGTGGTGAAATTCGGATGAGGGTCTTACGCAGAGCTTGCACAGGCCACAACTCCATGAGTCGCTATATTTCTTCCCTTGTCTTCGTATTGGGATATGTGAAGACAGTTCCACATACTGCGTGAACAACGCTAAAACCCTGGGAACAGACTACTATAAAACCCTAGACGCTGGATTTGTCGAGAAACCCCTATTCTAGAGCATCATGCGAGACGGGCGCCGTCGTGGTTTTCACTCATAATATGTATATTGTGCCCAACTCAAGCGGGGTGACCTGATGCTCTCGTTGGTCAGGCGCATATTCGGACGGAGAAGCACGTGTACCCTTTCTTATCAAGTTTGAACTGGAACCTAGGCAACTTGTTGTCGCTGGATACGTCGTTGTTAACGCCAGTGTGAACGGCCGATCGACACCATCCTTTGGTGAGTGGAAGCCCTCGAAATAATCGCTGTGCGGCTACGCCCGCATCGGATGCTCGTGCGGGTTGGGGTTCGCAGCAGACGACGTTGCGAATATCACCCGAAGGCTTGCTTTCTGCATGCGGTGATTCTTACATAACGAAGGGTATTTTCGGCCTCGCACATCTTGTACCCACGAGTAGGGGAGGGAAACACTTTGTGAATAGATCTCCGTGCTATTTATGGCTAAGTTCTTTTAGCACCCTATATATGTCACTTAATGCCGCAACTAGGACTTCTCCGGTAACCGTTGACTACACTCGCGCAACCTTCCACCATATACTAGGGTGACTCAGGCGTTAAACTGGGGCTTCGCTAGCCCTACACGTTATGTTAAGTGCACACGGGTCTTTCGCCCTACCAACTGAATAGGAGAAGTTCGCAGTGACGAGTTCAACATTCATACCCGAGTATCTGACGACGCTCGATAGTAGGAGATCAACCGACAGTGCTAACCAATGCGACTGTCACTGCGGTGAGCACCGTGCAGTAAAAGGAAAACTCCATCCTTGATGCAATTAAGGGGCAATTTGTTTGCACTGTGTCAACAAATTCTCCGTTGACCCACTCCGGGGATCTAGGTTCCCACTAGACGCGAATTTACGGGCGTTAGCACAGTCGGCGTGCGTCTAAAAGGGTCAGCAGGAGTGTTTTAGTTCCAGCGGGGGACTATAGCCAGCTGCTCATTTCGGGCAGCATTATGTGTTCCCCCACCGGAACTCGTGTCTTCTCTGAAGAT,1449,49.55,Homo sapiens
SEQ_951945,GCAGGATACGTATTGAAGTATGACCCAGTATGCTGAGCATACTGGTAGGTTCGCAAGTATAGATCTAAAAAATAAGTATGCCTGTTTAATACTATTAGAAAGCTCCTCCGTATCCGACGCGCTGGCGGGGGCAATGCGCTTTGGAGAGGATCTACGGGAAATCTACTTCCGATCATGACCTTC,183,45.9,Caenorhabditis elegans
SEQ_102494,TATTTTAACGCTAAGGTAACGGGCTGTGGGGATTTAAGCCTATTGTCTTGCGCCTACTGACACGTAGTGACTGAGTCTTTTTAGGGACGGTAGGAGAGTGCAGCGCTCTACCATTTTGAAGATCGCTTCCCGAAAACCGCTAAAGCTTGTACTCTCTCTTAGTAGCCTATGACCGCCGGCGAGCTCTGGAGCATGCCCGATGCCTGGGCCTATATTTAGGCCGACCGCTACTTGGCACCGATTGTGCTGTTCAGCCGATGGAAACGCAACTTGTTAGCCGAGATAATGATCTCTTGTATAAAAGAACATAAGGAAGTAGCAGAAAACTTCATGTGCATAGCTTTAATTCCCTATTGGCCTGACCTGCTCATCGGGATTCCGCGCTCATGCTGCGTTATAGACTTTGTCAATGAAGAACTTGGATCATGTCAAGCGTGAACATAAAGAGGTCGACATGTTGAGGGGAAGTAACAGCAGCTACCACGAAACTAGAATGGGCTCAAGCTCGTCTATCCTTATATGCCTTCTCCCACATAGCGGTGCTTAGTTGGGGCTAGCCCACAACGGATGATAATCGTTATGTATGCGAGCGGATTAGGATTTACGAGCCCCGTTTGTTAGCTGGTTTAAAAATCAAGCAGTTCGTAGTGACTCAACAAGCTGCATCTCTGTATCACAAACCGAAAATTGGCGGCGCCACGAGGGGAGAAGCGTCTGCCTATGAATAAACGTGTACACATTTTGGTGAGTTCGCCAACAACAATGTGTAAAC,772,47.41,Homo sapiens
SEQ_269401,GGGCAGACGGGAGATTCCGGCTCCAACGGCCGATCCGTGCAGCCCGTTTTACGAGTGTTGAACGCGATTTCCTCGCGTTCCACACGTGATTAAATTAAACTTGACCTGCTTAATGGTCTGTGGGGCGGGCAACCTAGATGCCCTGCCCCCCGCGAGTGGGCCTGGAACCTGAGCTGTTCTCCCCAGTCCGGCAGGCTATGAACCAGAAGTAATCAGACACATATCGACTGGTCCAACTATGCTGTGGGGAACGAATAATGTCCTCACGAAACCAGTGCGTTCTGCTAAAGGCAGTTCGTTTATTAAGCGACGGCGGAAAAAATGTCGTCAGGACAACATCGTCCCACTCCACTGCTCCCCCCCTGACTCGGTTGGTTGATGAGTCATATTTGCTTTCGATCCTTGGTTGCCTCAGTCATTGGTGTTTGAGGGCTGAAGCCTGCTGGAGATAGGTAGCGAAGAGCCGCTGTGACGCATGCTAGTCTAGCCAGACAGGAACGAGGAGGATTAATGCTGACTCTGAGGCGCGTACGCCCCTTATACGCGCGTTGTCCTGGTAATTGGCCAGGTCGTTGCACAAGACCCCCTGGTAGGTGATTGATGAAGGTGTCAGGTATAGGATGCCACAGCCCGATACTGACGATGGTATCTGATACCCATTGAAGTTTAATCAGTATCCCTCAAATCTTCGTCAATGACGTCTGCTACACGTCGTTTTGATAACTTGACACAACTGCAGTCTATGGGCACGGTCTTCAGGGGGGCATGCCGCGAGTAATTCGCTCCACGGGGGGCCCCGCGGACGGAAAAAGGAAGTGAATCCCTTGCAAATGGTTCCAGGTGGCCTAGCGGATAGATGCTTAGGTGTATGACATTAGTTAATCACTGGAGCGTAAAGTGCGCCGTTATCCATCTGCGATGGCCAAATTGGGCGATTCTGAAGTTGATGAGAGCGATATTAGAAGATCACTAAGATCAGGGCGCTTGCCAGACAGTGACAGCAATTCGACGAAGGCTTTTAAGTTTGAACTCGACAACTGAGATATCGAAACAACGGGCTCCGCTGGGCGCTTATTCATTGAAGCGATACTACTGAGCGAGTGAGGCCGGGCACTTCTCTATCTATGGGTGTAGGGTGCGGTTGAAT,1147,52.14,Drosophila melanogaster
SEQ_826370,GTAAGAAGTATGACGCCATAAACACGTCGTTTCTCAGACTTTATAATCTATTTCATCTGGTGAAGTCACTTTTAGGGTAGGAGGTGTGCGGGCAGTTCCTTTAATTGGACTGTCGTATATCAGTTTCTGAACATGGCTTGCCTAAGATAAGAAGGCAATGCAGCAACTGATCGGCTCAATTGTTATCGAAGTGCATTGACGCTCTTTGGATTAATCTCTATATAAGTTCTCTCCCACATGCGTAGTGACGACAGGCTCGAGGCTTCTAAATGATCGTCACCCGCCGGTTACGAGACTAATGCATTCCAAGGCAGATTAGGTAGGATTCGCCACTGGTATTACTGACAACTGCTGCGTTCGACAAGCGAGATCGGCCTCAGGGTGACAACTGCTTGAACAGTGTATTTGAGTGGCTCGCAGAATGCAGGAAACTCAGAATGCGGCCATGTCTCGTCTGTGTACGGATGCAAACTATATGCACCGAACGCTCGAAAGTCAGAATTTATGGGTGCTCGAAGCCAAGAGACGTTGATGCAGGTTCGTTAAGCAGCTGGTCGTCACGTTTACGTACTTCTGGCCGTGTGCAAATGATACCTACGTCCGAAGCATCTCAAACGTTTAGGTATAAGATGGTCAGGGGGGAGATGACTATATTAAACCTCTAAGACGAACTTTGGAGTTACTGTTTTCCGGCGTCGTAGCCGAGTGATGGTCGAGTGCCCCATCTCAATGGGATTGTCATTACCTGGTGCGTGTCCGAAATTGGCGGTGAACAAACTGTAACCTTCCCGACAAGGGTTAAATCTTGCCAAATCAGCAGAAAGAAGCACGAGGGTAAAG,840,47.02,Drosophila melanogaster
SEQ_623626,GTTGTTGAACTACAGCAATGAGACGGCTCGGCACGATACCAATATGTCGCCGCCGTGAGCGGCACCTCCCCAAACAAGTCGCTAGCCCTAAGGTCAGCGTGCTAGTCCCTTTCGCAAAGTGGGATCGTATCAGAACGGCATTGGGGGTTTCCAGAGCTAGAGGGTATAATTCGAGGGCCTAGCGCTCGTCCGAGGGGAAGATCCTGAGAACCCGCCTTCGGCACGCGGAAGACAAATCGGACAATGCCCTTCAACACCGTTTAATAGGAACTAACGGTCCAGCGCAGGCTTATTTGTGGAGGTCCTATAAGCATCCTGGGGTCCTGCACGCCAATCCAAGCGACCTTAGGAGGTGGCACCTACTCGAACATGACAAGGCTTCGTTCCGAAGCCGTAACGTGAGTGAGGGTATTATCATTCTGGCGTAGGTGCGCCGTTCAGTCCCATCAACGAAAATGAGACGTCGCTGTTGATCTGAACTTTAGACCAGCATCAAGCTCTCACAGTATAGTAACAGTGTTCCCTTCCCCAATTCCAACCTAACCACTTTACGTTCGACTACGAATGACGGGAAAGTTGTCATGCCGCCCTAAGTGCGCACACTTATATAATAGGGAACATCCGGAGGCATTACGAGTGTTGATACCTTAAATCTAGCATCAGACTCATCTGGATAAACGTGGGCGACCATGAAAATAATTGTAAAATGACCTTTGCTTGCAGCGCTGCTCCGCGACTGATGCCAGGGGATCTAAATACCCAATGTAAGTTAGTCCCTTTGCCCCACACTGCTAGGGTGAAGGACTGTTTTACTGAGGAAATATGAGTGGTAGTTCGCAAAAGGACGAGATGTTTTCCGCCCGACAGAGGGCCTGAGCAACTACAGCCAATAGTGGGACAGGTATCGACGAACCACGCCAAGAGCGTCACTTTGGTCAGGACAACATATACGTCGCTTCACTTGTATTGGGACCGGATATTCTATTTTTTGAGGGGCCCTTCACGTATTATGCAGTCAGTTGGTCCCACCCGCAGCATCTCTTTCAAACGTTCAGGGAGCACACTCACTTACCAGGGCGTTAACGATCTCTGTAGCGTACCAACTCCTGACCGGTAAAAAGGGTCTTCGTGATCTCAGGTCAGTTACAATGTCCTTATTTGCCCATGTGCTACAGAGCCGAAAGAGTGGTCGTGTGAATGATAACGCATCAAAAGAGGGTCAGTTGCCGCGGACAGTAGTGGCTTAGAGTAACTATGCGATTTTCCGTTAGGATGCCTAACCATCAAATAGCCTAAAGAGGGGTCTATTCTAGACTGTATTCGAGCAAGGCGACAGAATTGACGTCATGTTCACGCCCTAAGTTCAGTATCTTCTCACACTGGGGTATAATATCCTGGTACCCCCCAGACCAATGGTTGTAGGGAATCACGCTCGTCGGTGACCCCCATAGCTTAGACACCGCACCGCATCACCATCCGTAGCTAAGGGAAGACGCGAGTTCTACCTTACGGGATAAAGTCATCCGCACGCAGACCCAAGTAGTCATGCACTTGCACACCGGGGGTTTGATAAGAGGATCGAGCCGACGTGACGTCCATTCAAGACTATGGATATGATATTCGGGGATTGATCACAGGAAATGTCGCATTATTTTTGTGTAACCCTCGCTTTATTTGAGCAAGAGCTAGACATCGCGCCGGGGAACGGGTTGTTGGGGAGCTCTAAGAGAGTATTAACAACTCCAAGCTACCATGACCGATCACTATAGAGCGGGCGGCTACTGTCGAGGTATCTATTCGCCACT,1805,50.14,Caenorhabditis elegans
SEQ_250142,ACAGACCTGTGCGTGTTAGTTCGTATATGCGAAACTTCTCACTACTAAGCGGGTCTACATAACAAATTTGGAAGTACTCCTTCTTAGGGTACTCTGCTCAGAGTTGTCGACGTACCGTGGCTAAACTCTCCAGGTTTAGGAAGGTCAATTAGAGGCTAACGCATGAGATGGATGTTTTCGCTGGGATGTGTCCTTTAAGCTTAGTTCCCGTCTGCTGCATCTGCCGCCATTCCGTCCCAATTAGAAATTTGCATTCGCCCTTACAGTTAAACCATGAGGAAACATAGGATCACAACCATGCTAATGGTGAACCTAATGAAGTGGTCGTTAGCCCTCTAATTTGCCCCCCGCAGTCAAGCTACTCCACTCACTCCTACTTTCCCAACTCCACCATTTGGGGAAATGGGTCCCGAGGTGCATTGCATTCGACGTGCAGCCATGACCTCGCTGTACTAGACACAATGCTCCTGAATTCAAATCGTCCCGATATTAACCTCTAGCTCCGACTAAGGAGTCGGACTGGCGCTATGAATCAGACAGAATAAGGCCGGGCGAGAAAGACGTCATAAGGCAATGAGACTCTAACCCGCTGGACGACGACTCTTAGATTACCAGATGGAGAACGTATCGTGGTGCATGAGCGCGTCCCTTATCCATGCTTGCAGCTTGTTCAGGAACCGGGGCTACTTTCATTTCTGACCTATTAAGTCAGCTACGGCGTACTGATGAATTGCTGCTAATCAGTAGGCCAAACGTAGGAATTATATGATATCATAAATTATATGATCACAAGTTCTCTAGTGTGGGTCGAAGAGGGGGAGTTTCTCAGTATATGCATATGATACAGGGGAACTCATCCGCTGAGGCTTATACTACGCCGGTTAAAGTCTGTGGGGGTATCTTTATGTGCTTTTCCTCCTACTGACGATGGTGCTCCAGGCTCGCCGTTGGAACAAGCCTAATACAGGACGATCAGGATAGAACTAGCATACTGACGATTTCTACGGGTAGATACATCTAAATTTACTCCGTGTCAGATTAATATCTTGACCTCTACCATAGAACGGCCTCGCTGGACACCCCCCGGCCCACGATCGGAAATGCTTACCATTGTAGCGGCCACCGGTCTAGTTAAGTTAAGTGGGCCTAGACCACACGTTTTCGTCCGGACCTGGTTTTAATCCGTGCCGATATAAAATTCCCCTCCGTCAACATCCCTAAGAAGGGCTCCCTCAGTGATACTTGCTTGGTCCTCCCGCCATGACCAAGTAACGACTGTGTGTGATGTAAACATTGTTACTGTGCACGACCACTTAACTTGGACGCGTACTTGTTTTTCAATGGCCCGCGATCCAACTACAGGTCACCGGGCTGGAGTGCTCAGGCACTCTGTCCGAAATAGAACTCTGAAGTGCGCGGTCAAACCTCGATGATCGTGCAGTGGGCATGGGCCCGAGACTTAACGACCTGCTAAGATGAACCAATTTTGCATTTTCGCGTTAGGGCATATGCCCTACTACAATAGGAGAACGGCATATAGTTTTGCGTGTTCTCTTGCTCCGGCCCCCTCCAGACACACCACGTGAGAAGCCCTTCTCTCCGCTAGTAACTACAACGCAGTAGACTACGTAAAAGTAAGTTT,1642,48.48,Homo sapiens
SEQ_438850,GACGTACGGAGGAAAAATGTTATGGATGGACTTTCGAAACTCGAAAGACAAAGACATCCGACGGGTAGTTCTACAATCCAGAACAATTAGTACTTGTAGAGACCCCCCATGTCTCAAGCCATCGGCCACGATTCACATTGGAGCCCCGACCCGGTACCGAGGTTTACCCCTTCAGCCCTTTAATCTATACAAAACGATCCTTCAGAGCTGAGGCAAGGAGATAGAATTTCGTGACGGCGTGTCATAACGAAGAAGATATACGGCCTTCTGGGTACGGGAACGGGGAGCACCGCGATGGGTGAACATTCGGGCCCGCCTGACCCGTCAAGCCCTTCGGAAGGGCGGGGAAGTAGTCTTAGCTGGAACAAGGCTCCAGCTTTCCGCATACTACCACGACGGGGAGACCCATTCAGACCATTTTGACTGGCAGTGAAGCTAGTGCGGCTCACTACGCAAGCTGGATGAGCCAAACAACCGGGACTGCACCTGTGATTTCGACAACCGCAAGCAGAGGATGGTACTCTGTTCGGGGGCGGCCGGCCACATGATGCAAGTGACATATTGTTTACGGTTCGTCCGTAGAGCGACGAGATCCGGGCGAGCGTGATGTCTACATGATCTATGGTGCGCGAACCGATGCTGATACACGCCTGCAGGTCTGCTCAGGAAGCTGTCCGAGGAAGCTTCTGCACCCGTTACTCTAATCGTTACGTTTAAAGCTATATTTCAAAATGTTACTGGATGGGAGCGCGAGCCCCACACCGGACAGGCGGCCATTTTTGTCTGTTGCCGCCGCGCGAAACTACGCTGAATTCATATAGTGTATTTGATTGCGACAGGCATCATCTGCTGCCTAGAGCAATCCGATTTACCTGACTAGGGAAAGAAGGGAAGAGAAACCTTGACAACTCAACTAATAGTGCGCGATTACTTCCCGAGCAGTCCCATCCATAGGTCCACCCGCGTTCTATCTGGCTAAGAGGGCAACCAGCACATCTTGATTGCGTATCGGTTCCTTGGTAGTTTGTCCGAGACGGACCGTTTCAAAAATTCGAACTCCACCGAGGCCCAGACCGAGGTATGTTTATGCTCGGAGATTCATAACTACGCCACTCCGGAGCATCGGTATTCCGTGTAGAAGCGAGATTTAATCCTATCCACGGTTCAGAGCGGCCAAGACAGATAAAGAAAAGTGCCCGGCAGGTACCCTCGCTGCCTGAATGCAGCTTTCGCGATTAACCACAATTCACTCTAGCTGACACATCCGCGCACAATAATACTCCCTAATGAGTGAATCGCGCCTTGGAGAGTATTGCCCATCCACAAGTCGGGGCGTTCCCATTCTTATGATCTCCTCAATCTCGTTGGCAGGGCTTAGCGAGACGAGAAACCCGAATGAAAGACCGCATGACGTCCTACATGGCGATTTTTGTCGCGGCTGTACCTGGATTGCTTCACTCTACGAAGCTCATAATATCAAGGGTACCAGGATGAATCACAATTGATAGCTGCAGGCCCTTAGACTAGCTGTGGGCGATCTGATATTCCTCCCTGGGAGGGCTGGGAACGAACGTCTTTTTGAAGTTCAAGAGCATGCTGGAACTTTAACCGCCGCACGGCTGGTAATCGGCTAAGCACCGCGGGTACGTGAGCCTACCCATCATCGTCCTTTTGATTTGAAACGGTTCCACAAGAGAAAACCGTGCATGTTGGCGGCCTCGATTGTCTTTACATGATAT,1739,51.58,Homo sapiens
SEQ_454959,TGCACACACTAATTATAGTCGTTGTATTTTTCACCATCCGTATCCAGGCAGGCAAGTAGCTTTAGACTACAGTTGGCCCCCAGCATTAGTATTCCCCATGCCACTTAAACGCGGTTGCGGGCATTTCGTTGCATTACGAACGCGAACACAAACACTCTAGTTGGATTGCGCGTTTCTGGATGACAAGATAGTACGACCAGCTGCCGGACAGTAGCCGGCTTCGGCGGTATGTAGAGACTTTTTCAATGAACAAGTCCCAAGACTACCAGCACTATACGAACCGTAGAAGGGGAAACTTGGCGTCCTCGCGGTCGCTTACAATCCTTCCCTACCAGACCTGCACTGATGCTGTGCTAATCCTATGTCGCATTATGTGGGCGCTATAGTGGACACCTAGCCAAACACGTCCTGCGAGAGGCCTTTCCCGTTCCAAGTCATATACAGCGATATTTCATGTTAATTCCAATAGGTCAGAACGACCCCACTAGATTCTGGGGTATCCCATCGCTGGCCTGGCTGCAGTAACTGTGA,531,49.72,Homo sapiens
SEQ_176001,ACCATGCCCGGGATAAGGACCCACTACAATCAGCTGATTCCCCTATCACCTGCTCTCTATAGGCGTTGATACCGATGCGCACACGCTGCGAGAGTAGTATCCCGGGACAATAGCTGGTGTGTAAAGAAATACCAATTCATAAATGCAGACAATTTGACTCGGTGCCGGCAGCACGGCAGTCGGT,184,51.63,Homo sapiens
SEQ_749393,GGCTAGAAAACATATGCCAAATGCCAGTCGAAGCCTGATTGTCGACGAACTCGCAAGACCCTGTCTGGGTCTGCTTCGACCAGACAAATAGCGCTCTCCTCAGCATTTAGTCGGCCCGATCTTTGATTGGACGCGCGGTCGCCCTGTGGTGGTCTGGCCTGGGTTGAGGGCAACGGTACCTCCGGTCTAGGAGCTGCCACAACTTTTTGGCGAGGAGGGGCCATTGAGCCTTTGTCCAATCGCATCAAACAGAACTCTTTGTCGATAACGCGTGGTCGCTAGCTCGCACGGCGGGACAACATCTTGCCGACGCTTGTGACTTTAGAGTCTGATTCTCAAAGCGTAAGGATAGTCATATAGCTATCCGTCTAAAGACCAACCTCTGCACCACAGATATTTGATAACTTCAGGGAGTTACCACCCAGCCTATACCGTGATCGGGGTTGTTGAAATCCACGTGTATCTGGCTTCAGTGTCTGGCAGATCCTCCCTCCTAGTTCGCAAAGAATAGCTCAGTGGAGCAAGCCTGTATCCCCATTATATAGTCTGGCCGTAGCTACGTTTAATCAGAGTATCAGACAGACAGCGTGGGTCGAGTCGCCATACAGTGTTGGGGACGACTACAGATTCCAATCAACTCGCGATGTCTGGAAGGCCTCTGATTTCTACGCATTGACCCTAGTAGTGGGCAGAAATTGCGGTAGGAGATGCATCCTCAGTTCTGGATAATGCAGAGGATACGGAATTTCCTCCTCGACCATGTGTCCACACAGTTTGCATTCATATTATTTGGTTTTAAATAGGTCTGTCTTACCTGTCAGTGTCCACCCTGAGTGTACACGTTCCACTCTGGTATGCGGGAACGGCCAATCGTCGACAGTTTAACCTCTTAAGGTTGAGCGACATTGTTTCGTGACTTGTGCGGCACTCTCTTTAGTTAGGTCTATGTGCGGCTGGAGCAACGTCTAAATAGACACGGAGGTATAGGATTATGGAATCGAAGCGATATGTGGTGTAAAAGCTGTGCTTCAAAGGTTCCAGTACGGAACGATTTTGAAATGCTGCCAAACGGGTTGAACTTGTAACATGCATAACGCATTGCGCATTTTCGACGGCTATTGCCACATTGATACCATTGGTTACCTACCCTCACGAGTCTGCGGCACCAGCTCGGGGCGCCCCAGACCAGCGGGAAGGCCCGCTCAGATGATACGGTTGGGGACCAATCACCCAGCACATCATGACAACGGCCC,1253,50.68,Drosophila melanogaster
SEQ_962980,CTTATAGCAGTAGGATTGTGCTGTGACAGGGGATTTAGGTGATCGTCAGCCGCTCGGTAGCACAGGATCTCGAGCGGATGGAGCCATCGGTCGTAGTGTCTCCAGTTCATCTAACAGAGGTATCATTGTGGAGCATACTATGACGAGTGATCGGGAGCCAGGACGACTCCGACACCTCCCTTGCGTACACGGGCGCGTAGACTCCTCGTCGCCTGCGCAAATTGCAGGCGGGAAAGAAAGGTAAAGCCTGATGCCTGAGTTAACTAGCGACCATACGTGTCGCACAATGCTGGACACGAGTCTTTGTCTACATTTATATGACAAGGACCGTGTCTAATCGAAAGACCTTGACCCCTCAAAAAGCCGTGACATTGCAGTTCATCGAACAGGCCTCTTTATAACGCTGCTAACGGAAGTATTAACGGTCTGAGCGTGTGCAGCATCATACGATAGCTATAGATCGTCGAAATCGCAGAAGGCGTGAGACCGATGAGCAGTAGATAAAGTATACGGGACCTTTTTTCACGTGGACGTTTATCGCTACTCACGCAGATTGCAGCCCAATGAGTACGAGTGTGGGAACTCATCCGTTCACCATCACATAACTGACTGGAAGGTTTTGCGAGTGTGCGACAAGCAGACGTAATCGAGTAAAGTTAAGCCTCCCAGCTCGGAGGGTAGGCTATCTGCGAAGTACAATGTAACATGCTTATTATTAGCACCGGACAAGACCAGAGACCTTGAGTGGGAGCTACCTACAAAACTGTGCGGTGAGCTACCGAGGCGCCGAAACGACTGGGTAACGTTTGGGACTTCTCGAAAAACCTCAACATTTGCCATATTAGCATTAGCCGTTCATTGGTGTGCACCGAATCTTCTGTCCCTCCACAACGTAAATTACCTCTCC,907,49.83,Saccharomyces cerevisiae
SEQ_173440,TCGACCGGGCATCACTCGAACACCTAAAGAAGTGGCACAGGTTAACACAGCTGATAGCCTGCTTTCCAACTTTAGAAGTTGAACTACCGCCGAGGGGGCGGGCCCTGGCAACCGAGAATTGACACCTTTCATGATTTATAAGGACAAAGCGAATCCATATTACCGCGGTAGGCCGCGATTGACGTCCTGAATCATGCCAGTAACCGCCAGATTTACTCTGCCAAACGGACTATAACCTTAAGCCTAGTTCACAAGAGTGCGTTGTGCCCGCCCTGCAGCTTGGGCCTTTCGTGGCAACCCTAGAGCAGATAGTCCGGACTATAATACGCGGGCGCATATGAGGTTATCTCTCTAGCCCACACGGGTGGTCAAGATCCAAGGCATTAGAAGTAGTATAATCAAAGTTACCAAAGAGACAGTTTGTCATACAACCCCGCCCCGACCAGGCGATGTTTGGAAAACTACGACGAGTCGCAGCGAGGCGTTCGGTGCTGCACGTTCGCTGGAGATTCATGAGGACTTAGGCAAATAATTAATAATCCTGATCGCGATCGGCATTCTAGTCATTGCAGTCGTGTACCAATATTACACAAACAGGCATACATTTGCCACTGCGTGACTATTAAGGATAGTACCCAGAGATTCTGGCCT,651,49.62,Escherichia coli
SEQ_317437,TATTCTTCAAGTCCGTGCCCCGTCGCCAGGGCCAGTGCAGAGGTGCCGTCCGTTTACGCCTTCTTTCTGAATATACGGTAACCTGGGTCTCACTCGAAACCCCGGTACTTCCCGGGAATGCACTATGAAGTCCTCGATTAATGACGTTGGATTGCGAACCTCACTGTCGCTACGCATAGGACACAACTCTGGTGCTGAGTACACAGTTGAAGTGCCCTCCCGAAGTATGATTGGGTGCCCGGTTCCTGTGCGAGTCGCCATGGTTGCGGAGGTGAAGTTACGCCACTTCCTTGGAGGGTGCATGACGCGTGGGGGGTCAAGCTAGCCGCTGAGTCTGGAAACGAGCGGCAATTATCTTAGCGGAATTAACCACATGCAGAAGCGTGGCTTGTATGCCAGGTGTTCATATCATTCTGTGGAGTGGTCGCAATGTATCTCAGGAACTCTCATTCAGATTGCCGTTGCACTAAAACCTGAAGTTCCTTTGCCTTGACAACGTATCCGTCTAAGTTACGCGCAACAAGGAAAAACCAGCGTACCTCAACCCTGAGAAAACTGTTCTTTACTGCAAAGCACAAACATTGATGTCGCGGTATGGAAATGAGTAGACCACATCGTCAAGGACCGGGGAGCCAGTTCGTCCTCACTAAGTAAAGCTCAAATCCTACTGCTAGATCGGCCCCCTTAATGTCCTTTAACTTCCGCGAAAGACCCCCCTGGTACCTCACGGGGTAAGTTACCAACAGAGAGCAGCCGGTTTAATATGTTCTGAAATAACCGGTGATGTGGCTCTTGATGCATTTTGGAACACCCTATTCATTGATGCCAAGATTATAAGAGGCTTGACACGTTCCGGGTGCGGTAAT,866,50.46,Saccharomyces cerevisiae
SEQ_527611,GCTCATAGTGAGAATTGTTATAGGCCACATGTGCGAGATGAGACACGGCGGGTTAACGGCCGGGGAGTTCTGGCCTGAACCGTCAAAACGGAACCATCTGCCATCGACGGTAACCCTCTTAGTTTGCCACATGTGTAATCCAGTAGCTCGATCTCATGATCAGAAGCCTTTAAAGTCTCTACTGAGAAGCCTCCGTAGCCACACGCGATGTCGCCCAGCCGGATCCGGAATGTTAAACCCTACCTGGTTCGAGGTATCAAACTGATTCTGTACTCAGGAATGCACCGTGTTCTCGGACCGTGCTTCGGACGAATCGCCTGGTCTTTCATATCTGAACGCCCGTCAGAGCTCAAATGAGTCTCCATTGTCCACGGAGCGCACGCCCAAAGCCAAAAACGTTTGTTCTCATAATCACTGTAAGGAGATTTACGGGAAGACTGATCTAAACGTAGCTCTTTGGTAGCCTACGAATGATCTCGCATTGCTCAAGTCCGACTATACCCAGGATCTAATGCCAGGACCTGATTTCGCCAGAATGTACGGTTCATAACCAGTTGTAGTAGCAATCCATTTTTCTGAGGTGCCAGGACTTGGCAAGGATGACACAGTCGATACTAAGTGGGAAAACTTAAAAGTGCCTGGTTGGGGCTGTCTTATTCTTCCAGTATAATAGGAGCTTTATCACCCCAATTACCTCCCGATTATCCGCTGCCGGAAGCACCAGATAACATTCTTATCTACCAGTCGTACGCTCGGCTAAGTATTCGAGCCTAGCGATAGCTCCTTGAAAGTACCCGTTTAGCCGGGAGCTTCCCCCGGAGTACTCTGGCAGGCTCAGGCATGCATGTGACGTGTCATGGCACAATCCCAAATGGTGGTAATAGCTGCCGGCTGAGACGGGTAAATTGCTGCTCAAA,917,49.84,Drosophila melanogaster
SEQ_410898,GTGACCCGTCTTATTTCCCAGCACGGTGCCTAACGTTGGTACCCGTGGGTTGGTGTCGTCCATGGTGGTAACCGGTACAATCTAGATGGTACAAAGATCGCCGACATAAATGGCCCCCTAAACTCTCGCGTACACACAACCTAATCCGTTAAGGGGACCCGATGTTCTCCGATGGGCTCCTTTCCTATAGTCCAAGATTAACCAACTCACCTGGCAGTAACACGCCTGTTCTGCAACAGATATCAACTCAGCGTTTACCACTGTGAGATACCCTGCTGAGTGGCAGGCTGACCCGGGGTGCAATTCTCGCGAGGACAACGGCTCCCAGTGTCTGCGGGATCGAGGTGACTTCGACCCATGTCTATCGCTGCG,372,54.03,Homo sapiens
SEQ_930610,GTGTGCATACTACAGTGGTGGTTTCGAAAGTAACCCGTCCAGGATAATGGTGGACGTTGATACCTCCGCTTGTTTGAACTTAAAGTCCTGTGCTCTGCGTCAAAATGCACTCAAAGTTATCTTGATACATGAGGGGCATTAGGCCGCGTTACATGGTTGCGCGGAACAGTCTCGCTTATGCTTTAACGCCATACCCTTGGAGATGAGTCAAACCCTGCTCTGAATCCTTGTCTCCACTCGGTTCCCGAACGATATGGGGCACACTGTCAGCGTCATGGTAAATCGATCTTCAGACATGCATCCCAGGGCAGAGAAGTGCCCTAACCGTCCGGGAGGTATATCTGTCCTCCGAATCATAAAGGGACCGAGGTGAAAGCGACTGGCGACGCAGAAGAGCCTCCAGTATGCTATTATGTTACAGACCATTGGGGTCCTCCACTAGGGCTCCAATCAGGTCCACATAAATTCTCTTGGATGCGAATTTAGAACTCGGTCTAGAGCGACACGAAGATCCGTCAAGCTTTATAACTGGTG,534,49.63,Drosophila melanogaster
SEQ_485533,GTCCACGCATAGGTATTAATCGTCTGAGAGAGCTGTCCATAGCAGCACGAACAGCCATCAGAATGTGACAGAGTTGGTTTCCTTGGTTCACGGAAGACGCTCACCCCTGTGTCATTGCCTAACACCATTGTAACAAACTTTTCAGTAGATATGCGTCACAACCGGCTCTTACAGGAACAATCAAGCGTCGATCGGTCGGTAGTTGGGTTTGCAGTTGCCAGTATGAGACTCTGACGTCCCCGTTCTGTCACAAGTACTAACAGAGACAGTCGCGACACATTTCCGAGCGTGTCTTTCGAGGTAGTGCGCAACTTGAGAGTCCTCCTGCGGTTCAAAGAGCCTTGGAGCAGTAAACTATAGATACAAACGTACAGCCTGA,379,49.08,Escherichia coli
SEQ_841112,AGGTGTTTGGCCCAATACCGCGACCACTGGCCCTTTGCCGAGTTCTCAATACTAGCCCTCCGTGGCATGAGTATGGTCTCAGGAAAAATGGAGCACGCCTACAGGATATCGCGGGGGAGGATACATTGTAGGCCTGCGAAAAGGCCCATGTCTTTCCCCCCCTCGACTAGAGGGCTTCAAGCTGTGCTTTGCAAGCAGTGGCTTAATGGTATTATGCTGAGGCCTTAAGAATGTCTTATCTGGAAGGTGCTGTTCGCGTACGGTTACAAATTTCGATTTGGTTGAGACGAACACGTCCTCAGCTCCTTGTCACTCTTGCCTGCATCATAAAAAATCGGAATAACTGTTTATTTATTTAATTCGACATGTGCCCCGTAACCGGGTGTCACACGGGTCTGCTGGCGCTTGTGTTCACACCTTTTGGGCATTGAACCATGCTGGGCTAAGTAAAGACCACAGTTTCATACGAACCCTAGGTTCCCTGCCGGGAGTAACGGCCCCGATGCGTCTGTGACAGACGCTGTATTTTGCCACGATAGAGTAGAACTCGAAGATGGTCAAGTGTTCCTTACCCCATGTGGACTAGACGCCCCACTAAGTAGTGTTTCGAACTTACAGTCCGAATAAGAGGGCCAAAACATGTGTTCTTTGGTCCTTAACCGTGATGTAAAATCTCGAAGTAAAGCCACTACTATTGGTTTCTCTATCATTGCTCCGAGTACGTTCTGTGTAACCTTTGGCCTACAATCCTTTTAGTTCATCAGTAACTCACGCTAGTTGCGAGTTTTACCTAAACCGGTCACAAATTATACTCGCCCAAATCGGAGAGTTTACGACGTCAGGGGGTGGACAGTCCGAGTGGCTATCATACCCGGTGCGTTCCGCTCACTGGTCAGGAAACCCCTACGTTTCCCTGCTGGACTCTGTCTTAGACGGACGTCACTGGACAACCATTTTAAGGTTGAGTTTTTTCTCAGCCGCCGAAGAATGATCGACCCACAGCTGATACCAAGTCTAGCCTAAGGAGAGCGAATAGCGAGAACTCTAGATTGGTATAAGGCCTCGGTGTTCCCGTGAAACTCCCGTGATGCCAAAATTAGAGTCCTCTCTTCTAAGTTATGTAATGGGGCCGTGCTGAATTTATATTGTGCTCCCGGTTAGTCTTGATAGACGTCGGGACCCGGGGTCGGATAGATACATTTTGAATTAGTTTTGCAGTTACCGTACTGGGACATATCCTTTAAACCACCCAACCTGTGGGTCCGATCTGCTCAGAACGGACCA,1284,48.75,Saccharomyces cerevisiae
SEQ_779660,GTACCCCATCTCAGATCCCGTTGGGAAGCATGGGCCCTGGCTAGTTGATAGTACTATATGGGTCCTATCAACACTACTTTGGCAGTGAGCCGGGCAGCTGCTATCTGCGCGATCCGAAAGAACGACGCCGGAGCGGTGTGCAAGCTGGGCGCGCTATTTGGGATGTATCGTCTCCGACAGATGAGTCGCGCTAATTCCTAACCGAGAGTCGTACACGGTTACCGTCACACCCTGCTGACGATCTCGTTGTGGGTTTAAACGTTTGGTAGACAGATTATTGCGGTCGTCTTAAAATGGAGTATATGCGTAAATGACAAGAGGGCGCTAATTACGGCAATTTGCAATCGTGTGTAATTCTTCACGCTCCTGTTTCCCATTTACTCGACTGTCTCTCATGATAAAAGGGAAGTGAGCATAGACTGGGCCGTATAGGCTGTTGTTATTAAAGGCTCAAAGTGCTAGTCATATATCGACTGAAGAGGTCAACTAGTGTATTAACGAATGCTTGCGGGGGGCCCAGTTTGGCGACAGTTTTGGGACGCGCAATCTTTTCTTCCGCTCTAGAATTGTGGCCAAATGTGATGTCTGTAACTAGGTATCCGAGCCTCGGAGCTTCCGGAGTGTGTGGCCGGACCCTTCGGCACGGAGAGCGCCTGAGGGACGTAGGCCTTACTGCTCCCTTCAAACTCCACTTCGTGCTAATCCTTAAAGTCCAGTTTGACTTCCAGCTCGCCCTACTGTCGGTGCGTGTAACCCTGTCCGCTTTGTTGATAATCATTACATAAACTAAACACTGACACTATTCAAAAACGTAAAGGGGTAGGCTCAAATTTACCGCGAACTGCACCAAGTGAATATGCTCCTGGAACAAGGAATACCCAAATTGTCCAAGTCCAAAGTTAGAGAAACTACCGAACCCTAGAATGCATTCTAATTTCTTGGATTGAGAACCTATGACCATTGCAGCGGGTTACCCTCCTTATACGCGGTAGGTATGAATTCTTCCGACAAATCAGGCGGTTCTTGTGATACAGCACGGCGCATGATGAGATACACAGAAATATCAGAGAGAACGTAGTGTGAATACACAAAGGGAAGGATTAAAATCCAACCGGACTCTCGCGTATACTTCTCAGCTAATCTAGATACAGTTATGATCAAGAAATGTGCGCCACGCGTAGTCTGACCG,1189,48.02,Drosophila melanogaster
SEQ_609732,CATGTCTTGCAATTTGCGCTTAACTGAACGGGACGTAATGCGGGAATGTGGGGAATGATTCAAGCTGTGTTCCAGGCCTCTCCGGGACATGATGAGCGCCCTCACCCGGGGTGAGAAAGAGGGCTAGACAAGTCGCGTAAACTCGTCATTGGCATTTCCCCCTAATTACCCGACTGATTAAATGCGGCTCCACGCGTGTGTAAGCTAAGCCAGTCTGATAATTTGTAGCAAACGGCCTCGGCCGGTTTATTTCATTACGTTGATTAAAGATCCCCTAATATCACCTAGTTGTTGGTAACAGCTAACGCCTATCCCCACCCGCGGTCCCAGTGCTGAACATGGAGTCATAAGACCTGGATGCGACTATGATCCTACTTTACGGATAAGACGCAGTAATAACTGATGAGCAAGGGATTAACCGGACGCAGAAAGGATTCCTCCAATAGTTGACAGTTCGTTAAGGCATGTGGGCCGTCAGATCGCGGTGGTGGTACGATACTAGTGGACAGGATGAGAGGCTCACCATGACGAAGGCTGTTAGTGGTATGGTGCGGCAACTTCATCTCCGACTGTCGTATTCATCGTGCAGCAGCGAACAACGAGTTCTAGTAATAAGAATGCGACTACAGTCACAAGCCTGTCGGACGCCGAGTTACCTCGCGGATGCTGATCGCTCGTGCCTTCGAATAGTAAAAGATGGGGTAGGAATGACCATATACATGTAACAGCCGAGCGACGTGCAATTATAGCAGTATATCCGGGGGCCGACGAACGTGCCCTAGATACACGGACGACACACTCGGAAAGCTTAAATAACCGGCGGTACAAAGTTAACGCGTATAACCCATGTTCGGCTTCATGGCTCTGATAATGTACGCTAAAGCACTTGTCCCTTACTGCTTTAGGGTTTTGGAGATCAGTATCAGTTGGAGAACACAAAATGAGTGTAGGTTTCTTGGATTGCACCAAAGCATAGTTATAAGACCGACTCAAAGGACATGATCTAGTTTTAGGTACTTGATCCTAGTTTACGTGCCGG,1039,48.7,Escherichia coli
SEQ_827619,TTAATGCACTGACCATGCGATATACATCGAGCGCGCAACCGTGCTCCTCGCACGACTGATTATGTCTGCCCCCCCGATTGGAGCTGCGACAAGAATGTTCCCGGACCGCAATGCTGACTGCGCGCCTTGTCAATATTTGAGCCTCGGGCTGCACTCGCGTGGGAGTCCTAGCCGCTACATGAATGCTGAGCCTTGTGCGAGCTATATTTGCTTGATGGATGAAAGATACTGCAGGTACGACGAATTTGGCGGAGCCACAGACGCACAGTCACGTGTCACACGAGGTCTATGCTACACTGCAGGTACTCGAAGTAATGGATTTCCCAACCGAGAGCTGCCGACCTTTGCTCATACACTGATCGGCTTCTATCTATTAGCGGTCTCTATTGGGATGGAAAGGGGGTTAGACGGTTAATGCTTGGGGATATGTTACCTGAACTGGAATTCCGGATATCACCAAGTGAGGAACCGGGAAGGTAGAGTGGCTGAAAACTGATTTAGGTGATCTCACCCAATATCTGAAACAATCGATTGTCCCGGCATATTCCACTACTCATTCTGGCTAATATTACGTAGTGCAATTTACCTAACTCCAAAATTTCCTACAACCCTTCTTATATCTCTCGAGGTGCCCCTTGGTCCCATATTTTTTTTTCATCTCGTACGCCCCAGGTTACTGGTTTCTTAGCTGATACGTTAGCGTCATGGGTGTCGCGACGCGACATACTAGGTCCGTCGTTGGCTTAAATCGTTGTACAAGGCACGCGAGGCCCAGACTGGTCAGCACTATTTCCTGGGGCCGCGCCGTGGGGTTCAGGTTACTCTCAGCTAGTCACCAGAAGAATGATAAGAGAGCACCATCAACGGCCTACCACACCGC,880,50.57,Escherichia coli
SEQ_187619,GAAGTCTATAAGGTGGTAGGTATAATTGAAAGGCACGAAATCCTCTTCTATCGGGCCGAAGAAGCCTGAAGGATAAGAGCACTCACCCGGTGTTCTTAATTAGGTGCAGTCGTCCTTTTGAAGTATAGCGACAGGCATTCCAAATTCGATAGTGCATCGTGCGCTGGGTAGACAATCGGGGGTAGAGTAAGAAACGAGTCTATGGGTTAACTACTAAACTGCGCATTCTCCGAGCCGGACTGACAAGATGGTATTGATGTAAGGGACAGCCTGTGACTTCTCCTACCTCGCGCAACACTTTGACACACGGATTTAAGTATTTAAACAGCTCCGTGTGCAGGCCGCTGAATGGGCAACGGCAGTAGGGAGAAGGGTGGCCCTGTTCTATTTCGCTTTTACTATCCTACCAAACCTATTTTGTAAAAGGTGAGCTGCTTGGGTTGCCTCATATTTTAACTGCGATCTCTGTCCTGCCTGTGTTGTTTTCCGGTCTCTTGCAAGGTGTGTAGGGTTGCTAGACCCAATGCAGCGTCTATATCGGTTAGTTTTCCCTGACTATTACGCCCGGCATCGTCCCCGTTTCATGAAGGACAGACCAGTCACTGAACCCACTGGAGGTAGGCACCGAACCAGCAACAGAATTGGGCAAACCCGGGCGTTCCTTCAGCCGGGGGGGGAAGTGCGCTTGAGAACCATTTAGCCCAAGTCCCCCGGTCCTAATTCAATGCCGGGATTACTAGGGTCGCCTCTTGCGCTCTACATGCCTGGAAACAACACGGGCGCTTGGAAGACCCTAGGCTAGGTTACCTGAGGTTGTCCAGGGAGGGGCGGTGTACTAACTTTTGATAAGGTGTAACGCTCACACGGCGCTTGACTTAGCCCATGAATCCGGAGTCCGAATTTATGAGTATGAGATAGGTAATGAGCCCTGAGCCGCAAAAAGAGAGGCACCCAATCAACAATCACCCACTTGTGCCTACACATGATGTCCAGGCAACAGGGCTGCCTTCTCCTTCACATCCACCTTCGTTACACTAACGAATTGTTTCCAGTTGGAAGGAGCCAGTGCGTAAAGGCGACTTTGGTTCGGAGGAAACGACTTCCACTCTACTGCCTAACGTGCCTCGACATGATCGCTAACATGGACCAATAGCTAGCTCGCAATAGCAAGCTCGTGCCAGTGGAAATAGAAGTGGCGGCCGCCTCCTAGAGATAAGGTTTAGACGTTCGTCCGCCGTGAGTCGGCCGTCTATAATCGTACCGCTACTACGGCGCGCTACCCATTCCACTCGTATTTGGCTATGAAGCCGCGGGGTTGATTGGGATCTCACATGCTCAGCTCTTACTTAATCGAGGAAGACTTTAAAGCACTGATAACGCCGCCGCGAACCCTGCTATTTTAGTAATTCATCCGTCGGGCTCGTCTAAAGTAGGGGTTACAAAATTATCGGCGTTCATTGCGAACCGCCAGCGGGCACGTGAATACTAAACCGTTACAGTCTAGCCTTCTCCTGCCCCTAGGCAGAGTAACCGGTTGCTAAATACTCGTCGTACCCCGAGTAGCAACGTACAAGAGGAAAACGAGGTCAAGGCACTGACTTCCGCGAACAGAGTGCATGAACATGCGAGATGCATTAACAGTCGCCAGCTACAACTACAGCGGTGTGCAGATGCATAACGGTTTACTCAGATCAAAGTCCCGTATGTTTATTCACGGGCATTGGCAGCCAGTAGGATCAAGTCTTCCCGACTTTTGTAAATAACTCGGTTGGTG,1774,50.62,Arabidopsis thaliana
SEQ_553851,GGGCTAATAGCCATCGTCTCATCACGGTGTTCATGGGGCTGTCCATAGACACATGGAATCTCTCAAAGCACCTCCAAAATCGGCCGTGTCTAGCTAGACGTACGCTTCTTAGTAAGTTAAGCGTGCCGACTCTCGGTTGGGGGGTTTATTCAGACCACACGGTTATGCGTACCGCAGCACCCGGTGGGATGATTCTTTCCTTGGTAATTGTCAGCAAAAAGGTGCAAGGAACCTTACCCTTGTGTCTCAAAGGTGCTGAGCTAACATACCACGTGACCACCAGTGCTTGAATTATAGATTAGGTTCTCTGCGCCCCAACCAGAGAAGTGGGGTACGCCTGAGCTACTTGGCAGACATTTGATTGTACGGTATACGTCATTGTTAGCGACTGTCAGGGCATTTCAACTGCAGGGCGAACGAGCCATGTGATGGAGGCTGAGCGGTAACTCGGAGTATCCTGCCTGCCCCGCGGCCAAGATTAGTTACAAGATACAAGTCGTTTACGGGTCATGCGCGGTAACTTGTGGCAACACCCTGGCGAGTTCGATTGCCGTTCTTCTAGTGTAACCGTACGGGGGTTCAAGTAGCGCAGATGACAATAACGATATGAGAATCGCCGATTGGGACTAAAAACTTCGTTGTCAAACTATGGGGTGTAGCTTAGGGAAATTGAGAACAAAGTCAGGACAAATGCGTGGAAACTTACGTTGGTATACCATGGTAGCGACAAATAGGAATATGTTGCGGATATAAGTGCGGTTGTATTACCGGGCTATATTTGAGATATTTAGTTTACTACCCGGTCCAATCACGTGCCGGACCCAGGGATCCAATTGGACGCGTCAAGGGCCACGTGGACCCGTCCGCAATCCTGTGACCAAAGAATTCCCTATTACTGCGGCGCCCTTCGTTCGGGATACCTCTCACCCCAACAGCGGAATTGGATCGATTCCAATGGCTTTGTGGCTCTCCCTGCATGTATCAACTCACGTACACCCCATCGCTGTCGGCGGCGGATTGGGACCCCCTATTAGATTAAGATAGGAACTGCAACTCTCGCGCAGCATGAACCCATCTCTGAGAGCTATGAGTATCGGCCTCGCGACTGCTGTGGAGTTTCTCATTGGGTTCTATCCATTCTTGGGACCATGATGATTACCAGACGATATTGATGCTCGCCGCGATGCGCGCCAATTCGGAATGCGATACCGGTGTTCGGTATATCAGCTATTCCTCCCGAGGCCTCCTGTTCTTAGTGGATCAACCTACTCTGGGTACGCTC,1282,50.78,Arabidopsis thaliana
SEQ_332884,CGTCCGTATTGAAAGGTACTCTGGGAAGGCATGTATAAGCCCGGTAGGACTCAACCTAGCCGACTTCTCCGACACACAAACGATCCATCGTATTGACTACTAGACGATGTATGCACGAGTTCAATATCAGAAGTATCAGGAAGCATGTCTGGCCGAATCGTTCTCATTGCGATTGCTAGACCCTTACGCTTTTACCAACCGCAGCGATTCGAGCCTCGCAACCCGCCGTATACAGCGCCGCTCTGCCCTTGACCTGCATATCGCTTGTTGGCCGATGTGTGCACTCAGGGCAGTCAACAGCAACAGTCATCGATCCATTACAACAATAACGATGTATGAGATTTCAGAAACGTTGGGGTATTATGATATTAACGCTAATTAATGTTTGCGACTTTAGGCTGTGGTCGGTCTGAGGTGTGGAAGCCGAACGTGATTTAAGGTGAACTATGCGATAGTAACGGGAGGAGAGAATTGAGTCCCGCTTTTGATGTTTGACGGCAAAATTCGGTCGCGTCATTGAAAGACAGACTTAACTGCAGGATTTTCGCGGC,551,48.09,Drosophila melanogaster
SEQ_924708,AGATCGGGGTTTCCTTACAAGAGGAGCACAATTTTGGCCTATCGGAAGATAGGCCTTGATCTTTGATACTCCGCTCGTACTACAGGTGAGTCAATGAGACATGCTGTGCTGTCTAATCCCAGAAACACCAGAACATCACCGGGTACGTAAACGGTTCAAGCAGGTCCTCCGTCAACGCAT,180,48.89,Saccharomyces cerevisiae
SEQ_711029,TAACGGGCGCTCTACCGGCAATGAGGTGCTCTCTCTTCTTATATGTGAACGCGCTGTTAAAGTAACTACAGGACTGGATTACTTAGTTGTTGGATCGTCAATCTCAGTGACTCTTC,116,45.69,Drosophila melanogaster
SEQ_531486,CACTGCGCCGCTGTACTACTTTACTGACCATTTTAACGATTCCCCTGGCGAAACGGTGTCTCGTAAGGTCCGTAGAGTACTCCTTATCTCGGTGTTCGTAAAATGCTCACGATCTCCGTCCGCAGCCTCCACAACCTCTGTGCTCAGGGGAATTCCGTAGTACTCGCTAGAGCGGGATCCGCGTCAGAGAATACGGTGGCGACCATAGGTGGAGGCGCCATAGCGCGAAAGAGTCGTCTACCAGAACCTCCGTGCTTGCGTCGCTTTCGAGGACCGTCCGCTGATCCGACTCCCCCCCTGACAAGCCGTGTTAAGGCCTCCCCCTGGTGGTGAATACGCATAACTATACGCGGGCCTTATCCGATCATAAGGCGTGCAATAATAACAACATCTTGCTATTGAGATGCCTACGGAGTATATGTCAATAAAGAAGTTAACGGGATGAGTGTACGTTGGTCAAGGCAGGGTGGGAGAACGCGAGGGTAGGCCAGCCCCGCCCAAATTGGTGACTACGAATTCTTGACTGTGGCGCTTAGTTGCAATTCAGTACTGTTTCGATGTCGGTGCTAGTTCGAGATCTGCGACATGTGATTATCAAGACGCCGCCGTAGGCGCGGCGCTGAGTCAAGGAGGAAAAGAAGGTTATGTAAGGCGAACGAGATCGGGCA,668,53.44,Arabidopsis thaliana
SEQ_528173,CGATACCTTTACACTCGATGCTCCGCTTTTGTCAGCTACTTGTGGACCATATGATACTGTTTTTGGAACTGGCCCTGTCTTACACACTCCATGTGGTGTCGAGTTTGAAGGCACCAGGTCCACGCATAGAAGCGTGTTTAGAGCGTCTTGTGTACTCACTATTCAAACGCAACTGGTTGTCTTACGTTCCCCCCACTAATTTTATAGCACACCGTGGACGACCAGTCGACTACCTATACATGTTACGATGCAACCAATCCGCAACTGTCAACTCAACATTCGCGGGAGAAACCCGGCGGAGCCTCCTGCGCCCTACTCCTGGGGCCGTGACATGTCATGTTGAGCTCTGTGCTGGAAAAAAGAAATATCTGACATCAAGTAAACATGCCGACTTCACGCACCTTTAGCTGCACTTCAAGACATGCCCCCAAACAAACTGGGTCAAAGACGATGTTAGCAGGACTCGGGCTTGTCCCCCAACCGTACAGGGGCGCGTATTGGCCCCGGGTAGCGTCCGTGACGGACTCGCAACTTATCACGCCACGTGGCCTACAAGCTGGATGACAGAGAGGCAACTTCTGATGTCGTCGAGACGAACCCTCTAAACATCTACCTACCCTTAAAGACAGCTTGGCCTACCGCTTACAGTTAGCCGCAATCATCTCGATCGCGTGATCTCTTCACGTCTAAGCATACCCCCGGATTCTAGGCACTCTTGGGACCCACGGGCTTAATGCAATCGCGTGCATCGGGTTCCTGTGTATGGATGCTGGCTACGGTGGTGTAACAGGGCTGACAGCAATAACTACCCTTAACCTTACGCTAGTAGCGATGAATGAAATACTGGCGGTCCCTGTACGTGGCCCCGAAAAACGTTGTGCGGGAATTATAATTGCGTACAGAATCATTAGTTTTACAATTCTTGGGTTCTCTCAAGTCATAAGCAAACAGAAGCTATTGACGCCCACTGTCAGGCCAGCCCACCCACGTAAAGGACTACTTGGGATGCAGTATAAGTCCATTAGTATATCTCATCCTTGGTATGGTCTAACCGAGTGAGTGGCATCTAAGGAAGAGATTCAAGAGTGCCCGACAGTTT,1099,50.23,Escherichia coli
SEQ_903563,GCCGTCTCATAGCAAGATTCGGCCACTTCCACCACCGGCGTAGTGGCTAAGATTTTCTGTCCAACAAAGCATCCACTACATCCAACCAGTGAACGAGCCGTGGGCGTCCTAGGAT,115,53.91,Mus musculus
SEQ_595568,CTAAACTTCCGCTCAATGTCGCTGGGAGTCGAAGATGCTACCTTAGTGAGCTTCGGACGGTATGGTACAATCTGGTGTGCCCCGTTGAAAGGTCCTCTAGAAGCAGTCAGTACCTACAATACATCCTCATCACCGCGAACACTCGTCTCCCGAAATTAAGACCGAAGG,168,50.6,Arabidopsis thaliana
SEQ_533762,CGCTCGCTTCTAATAGCTCAGGTTAGCCTATTAGTTTCGTTGAGGGGTTGCATGATAATGAACAGGAAGCACTTGGGGTGGTGGTAGAGGGTCGGACAAGTCATCAGGGTGCACTTAGTATGGTCCCTTCACGAGGTCCCCAACTCATTGCTAGTCTTTTCCTTGATGTGACCTCTGCGCCATCAACCGCACTTTCCCTATGTTGGTCAGGCAGCGAGGCACGTTTACGTGTGACCTCCACCTGCGAGCCCGGCTCAAAACAGGAACCTTAAGCGATATCGAAAACTCGTGTCGTAATTATCCCACCAAGTATGGGTAATTTGGCACTCTTGATGCGAATAGGCAAGGACCTGCCAGTCGCCGCTCGGTTAAGCGTCGTCCCGGAACCGCGAGCAGAATTGGTGCATCGACGCTGTATGGTTCCCCCGTGCAGCACAACAGTCGGCTTTCAACCGAGCCAGTTTCCGTAGTTAGTCGTAGCCTTATATTCTTGCTATTGTCAAGGACAGTAATATGCAGTGCATGACGTGCCTTTCTAGACCAATGTAGGCAGTTGCGCCGACCAAGGTTGTCGTAGCGACTCGGTGCTGTGGGCAATATGGTGATCGCAGAGGGGTTGTAGCTTGCCGGTACTCAAGCGGCAGATTGGAGGTTGGAACATGCTGATGAGTAAAGGGTGCAGGTAATCCTGTACATAGCATACTTAAAGTTGTGGTTAGGGAGCCGCCTTCGTGATATTGCGTGATCTTGGG,752,51.73,Saccharomyces cerevisiae
SEQ_426424,TCTTCTGACGAACCACTGATATTCCGCGTATCACACAGCTTGGTTATGAGGCTGGTTAGAGCCCAGTAAACACGTAACGATGTCCGCCGCGGATATTGCTAATGCAACGGCTCGGCTGGAGGCGCGTAGGTGTCTCTTTATCAAGAAAAAGTCGTCAAATGATAGACGGGGGCCATGAAAGCTCGAGTTTCGAGTACAGGCACCTTGCCCGCGAGGGCACCAAGCGAGAGACACTGCGATAGTTCAACCGACGATAGTACCGTGTGAAGTAAGAAGCTGTGTTCCTATTTGGCACCTTGGGACAGACTGGGGAGGTAAAGGCCAGCGGTGGCGCCTAAGAAAATACTGAAGAAGCGGCGACCCATATCCCCTTGCGTCCTGTCGGGATGTGGTGTGCAGGCCTCCCTCAATGGGCCATTCCCCCTCCACCGGGATAAGCGGGCTCGCTATTGGGGGCGGGTAATCCGCTGCGTCACTTCCTCGTATTGCTTTCCTCATGCCAGCTACGTTAAAACGCTGTCCGCAATGGTACCCGTTTAGCCAAGACACTGGG,553,54.79,Mus musculus
SEQ_726062,TCTGCAATGCTATCCTTAGAGCTAAGGATTAATGGCAGCTCACCCTCCGCACGAGAAAACACTTGCTCCAGCGTCGAATAATGCTCAATAAGCCGCCGTTGAAAGAGACAACGGTGTAGTTCTTGTCCACTAAAGGGCAGATAGCCAGGCTAGCACTCCGGGTAAAGTATCTCACAGAGAGTTCACGTCATCTTATCTAGCAAGACAGCTGTTTTCCTGCACCTGCGAGGGAATTTACGGCCCCGACCCCCACGGAGTGTGGCACTCGCTGGAGAGTGACAATTTTATCAAACGTCAGCCTAGGAATACGAGTCTGTTCTGTGAGTCTAGTGTATATTTGAATGCTATTTCATTGAAAGGAATTTATGATTGGGACATCAAGTGCCACTCCTTGTGTTTCTCATGAGAGGCTTCAGGTGAGCCCTCTAGCTATCATCAACCGCTTTCCCCCCACTACAGCTCGAGCTCAAATGGGACGGCAATTAAGAGCTGCGAATCCCCAGTTTACACGGGTTGCGTCAACATCAAAGGGGTGAGGGGCTTTAGAATACCGACTATTTTGTTTCTGGCCAGCCCTCTGCCGAGTTTAGATCAGTCGCTGAAGTGGGCAGGAGGGACGGAGGTCGGGCACCACTCAACAATTCAGAACAAGTTGGGATAATAGCGATTATATCAATGAGAATATACGAGCATTTCAGGACACCGCGCTTAGCAATGCCCGCAGTTAACGTCCGCCATAATGGCACATCGAAGATCGTTATCGTTGTTAGATTGCTAATCGGAGGAGGAACTTAGTCATCCCGATTTATGCCCGAGCCGGAGGGTGGAATCTAACTGGACTCCCATTACGTGAGGAGTGGTCCCCCGAAGAGAAGGAACCGCGCATAAACCAGGATGGGTCGTGGAATAGTCGTAAGCTTTTGCGTAAGATTGGGGAGGGCGTAACACCTGAGTTGGCTTCTATTAACTCCCGGCAACTATGTTGATAACGGTAGCATCAGATAATGCGATCGGCTTAGATTGGTTGAACACGCGAGGGAAAGGAAAACCATCCCGCACCATGGGAGAGGGACGGGGGCGGACAAGTATCAGGGTTGCGACGTCCTATGTGATTGACGGCGCGTCCGATTCACCTAGTTATACGTATGCTTACCTAGATGCGTGGTATTTCCAGTAAAGCCAGAGGATGGAGATACATTAATGCGAGCACAGAATAAGGTTACGAGGGGTATGCCATCCATGTGATTAGGTGTTGGTAATGGTTGTCGCTGTAGCGTCCCCGTGAGTATCTTTAGACCACAGTGCCATAACGATCAACTTCTATGTCAATTATGTGTTAATTGAGCCGTTATTCCGAATGACAATGTGCAAATCAGACAACCTTTGGCAGCTCTTGCGCTCATCCGTCGTTCACCAATGCTGGTACTAACGAAACGGATTTGGTGACAAACGCCTATACGGCAGTCGTGTGTTAAATGCGTCCCCAGTTCTGTTAAATGAAGTGCGCCACTCATAGGAAATCTAGTATATGGGACGAAACACGCCACCTGGATTACCGGGCACACGATTCCGTGCCCAATGCCCTAT,1587,48.96,Escherichia coli
SEQ_105564,ATGCCCTCGGACGTTTCGGGTAACAGGTTATGATTACGCCTTGGGCGAGGACTCTGTACAAATCGGAAAATCATCGGAAGCCGTGCTCCAGAAACTTCTGTTACGCGCACGGAGTTGTCACGGAATCCACGGTGGTAGAGTTCCACTTACGTAGTCTCCTTATTTCAGGAGTAGTGGGAGTTGGAATAGTCTTGAGGATTCATACTCGGAGTCGACATAATCAGATCTATATAATCTCACAAGGCTACCATAGGACGCGAGGCTTTGTTTTACGAGGATAACTACATTAGTTTGCTATTGGGACATTCGTGTTTGCGTACGTACAAGCTCACCCACCAAAAATTATGTAGAGGCCGGTGAGTCTAATTAGAGGGCTTTTCGATAAACAAAGGCGCACAAAATCCATAGCTTTCCCCTATTCACGACTTATACTCGGCCATCACAGTGGAAGCTAGCCCCCAAGCACCGAGCCATCTTTCAGTAGTTATCACAAGTAGTTCAAAAGGTAGAACAAAGCGTTTCCACAGACCTCGGCCACGAAGCTAAGGCTTGTCGCCGCTAAAAGGGCATTTACCTAATATCGTGATTTTTAGAGGATGTACGAGAAAGACCTAATAGATTACAGTAGTGACCCACCTGGGGACCCACAATCGCCGTGAGTCAGGGTCAGACACACTCAGTGGTCCCCTAACTTCATGCATAGCCTATGCGTCTAGGGTGGGCTGTTTGTTCACGGCCGTTCGGAGTTTGTTAGTAGACTAGGAGAAACGTAGCTTAAGTACACCACTCTTACTCTTGGGAACTGCGACCCCCAACTTATGCTGGATGGGAC,832,47.6,Caenorhabditis elegans
SEQ_391298,CTCAGGTCACAAAAGCCCACCCTGAAATCCAGGACGGGAAGATAAACGTTAACGCAGGACGGTGTCCTACACTATTAGCCGGTAGTTAACCAAGTACCGGACGGTCGGCAAATTAGCAACCCGCTATCCTGCACTAGCGGAGTACCGGCCCTATTCGCCTGCCTCTAGACATAGTGTGTCTGGGCGCTACTAATCGTCGCTGGGTCCGCAACGTACCTAGGCTTACGTCTTACCTAGCGCCATCGCCGAGGCCCCTAAGACTTTCGCCCATCTCTAGAACCCCGCCCCCGTGCGGCACCACTCTAGAAGCTCACCACTCAGGAAATTGAGGGTCGACTTCAGGTGTTGGCGTGAAATGTTAAATCGTAACTACGTGGGGAAAATAGGGTCGGATAAGCCATTTACATGGACCGGGATTAGTGGAACTATACGTCTTCGATGATTTAGAGACAGCGTTGAAGCAAGATGGTGTACGGTGATCTGTATGATCTGCTGATTCTGTTGGCCACTGGCCGTACTTTAACAAATTGAAATTACGGTTGTGGTTAGTAATGTGTAGTGCTCTGAAACGTTGGCTCGGGCTGTGAGTGACAGGTTTCACGAGTCTGGGTCGCCCCACGCTCAAGAGCAGGGAAGTACAGGGCTGCGGCATAAGAATGCCATCGAGTACAAGCATCTAAAGCTGGCTATGACCCTATATGTCGATGGGTACTCGACGCGGATATCGGTGTTAAATGAGGTGTGGCTGCAATGTTGTCTAGCTACGGCAGAGTGGTGTTGCTGCCCGAGCGAATTTTAAACCGCTAGTATATTCTAGTCAGACTGTAGGTATCTCATGTGGCCTTGTAATCTTGTGCTCCCGTAACTCCACAGAGCTTAAGTCGCCATAACGAGTTCCAGCTGTGTCGAAATACAGACATCCCCCCAGCTCCAAACCCAGAGATCGGCCGTTCCCTCCCCGCATCAACGTGTCCACCAGGCAAACCATGGACCTCGACCAAATAACACTGGGTGATTCGTATAATCGCCGAACGGCAATAATTATTTGGGGCACAAACAATCTATGGTGCGGAAGCGCAGGACATCCGGTCTGGCCTGATTTTGATACGCTCGTGATATAATACATCTGTTTTTAGTGACGGTGCCGGGACATTTGCATGAGCGGGACACTGGCTTCTATGTGAATAACCCGATTCTATCTCCTCGACAGGTCTCAATATGGATCACCATAAAATGATTGAGCTCAGGATGAATGGAAGTTTGTTTTTCTGGGCCGGAGCCGGGCAAACGCTGAGCCAAGAATTGATTCTCCGGTTGGTGTTCGGCGTATGGCTACTGT,1339,50.63,Escherichia coli
SEQ_810895,GGCCTTAAGCGCGGTTCGCTGTGCTCGATTGTTCGTACAACATGTCAAGCGTGCCGTGGCTTTATCGCGCCTGTCCTTATAGGAAATCACGGATTTAAGTGACATAACTTCTCCCATCTAGCAAACATCTTGCGGGCTGAGGGACGTAATTCCATCCCCCCAATCACGGTGACAGTGGATGTCCCAGACAAACCATTTTTGGAATAAGGGCGGTCAGCCGGCTCTAGTCGAAAGACATACTATTTCTAAATCCAAGCAGAGATTGGATGGGGCACCAATCGTTTATGCCGGATGGATGATGCGGCTGCTAATCCCTCAGAGAGTGCTGACCGATGGTATACCTTGGCTGTTCCTCCGATACTAGTTGGTGGGTATCCAATTGCAAACGTAGTCGAGCCCGAACGACATAGCGACCATGCGACCTACAGGATCCGATTTAGTTTATTTTCCACCCTTCGTCTTCTGTCTTACACTGGTGACCAAGCGGTGTGTGGGATTCCCTGAAAACGACGGCGCGGACTAGATAGCGCGGCTGCAATTGACTTGTTTGTGAGTGTCAGATTCTCGCTCAGGCCTACCAGGGCAGGTGGCCCCCCAACCCTCACACTGATACTCGAAGAGATGTGGATATTCCTCTACCAAAGCTGAGAGTACATACCTGAAGAACTTAACTGGGAGTCATGGTTGAAGTGACACAAGGGTGGCTGTCATAGTCCGTTAGCACGTAGTTCGACAATTGTTGTCTTGTTTGGAACATATTGTCAGGATGCACCGACGGTTTGCTTCAGCTCTCCTGAACATTGTCGGCATTGTAAACGAAGTTTTTGGATGAAACATGGGGCCCGG,846,50.0,Mus musculus
SEQ_412862,CGTGGCCCACTGCAGTCGCATTCAGTACTCAAACACATATCTAATTCCCTTTGGAAGCCAATGCACAACACTCTTCAATAAGTGCCAAGGCCGGATTAGGGTCATATGGATGTAAGCCATCAACTATGGAGAAAAGCAAGCAGTTGCGCGGACTCGGCGCGCTAGGTACAATAATCCATCTTCCGGCGCTCAACTCAATAGTACCACATCGAACTCGTCCGTCTAAAGGCACATGTAATTCCTGGGATCCCCGCAACGTCCTCATTAACTGGACATCTCGCTTAGGGCCATTATAACGGGGGACGTTGACGAAACATACGCCATTGCCACATCGTGCCGAACCGGCCGGGTGACCGCTCCCGTTGCTGCGCTGTCAACAGTCACCTTGAGGGCTCCCCTCTGTTTACACCCACGGACCGGGGATTAAAAGCATAGTGGTTGACCTACGAATGTTTTCTCGTTCTCGAGGTGTCCTATGTGGTGTATGAATGAGCTCATTCCCGTGTGGACTGACATGGAACTAAAAGTCAGAAATGTGTTCAAAATGAAGTAGTGGTAGGTCGAACGAGTTCTCGGCTCGTCAATTGAGGCGCACAATGACGCTATTCGGATCTCTGGCCAAGACGATTCCAGAAAAGTGGGCGCGCGTAAAGATGTTTTGCGTCTCCATCTAAGTGGCTATGAGGTCTAAAGGCGAACAGTGTGGGACTCAGCTATCAATCAGGTGCCGGCCTATTCGTTGTAGGCGAGCCACTACTAGCACCTGCATGATTACGTGTAGTCCACCCGTCCCGTCTGACCCCTAGAACCCAGGGACAATCGCTGTTGGTGAGCTTCTTCGCGAACGGAAGTTCTATATGAGGTCGTGGGTTGTACGACTCTGAATACATTTATTTCCTGGCTTTACGTGTACCTCGAACAGGAGCTCATCACCATACCGGCTATAATCGGGGAACCGTAGGTAGACTCTTATTAATGTAACTTGCACGAATACAGTCCACCAGTGCAATTTGCGCCTGTGAGTAGCAGCCCTGCGTTTAGTGTCCCGCTTATTATCGAGTTTTGGGAGTTATGCACTTGGAGCTTAGGGCCTCAACCGTGAATAAGAAGCAGCTCGCTGATCCGTCAGGTATAAACGAAGGATAGACTTGCAGTTGTGTACTTCCACCAGTGGCCGCTGTGGGCATCTAGAAGCTTCGGGCGCAGACCA,1210,50.66,Arabidopsis thaliana
SEQ_859873,AGTAACGTACAGGGTGAGGGGTCAAGTCAAGCTCAATGTGAGCGGGCCCTGTTAGATCTAATTACAACCTCGCAGATACGAAGACCGGTAGATTAAGAGTGGATATCGATAGGGAGGAACCCTACGACGGGTTCACCGAATTCCTTATATAGCTAGTTTGTGGCGGGTTTCGCGGTTTACGCTCTATGCTTGCCTTAAACAATCACGAACCCCTCGTGTGGACGTTCCAGGGGTTCGGTCCAAGCTCGTTTCTACTCACACCTCGACCCCCAAGGACTCGTATTCCTGTGGGTTGACATTTGTAGGGTCCTCATCTCATCAGAGCTGCAGCAAGTTGACGCACGCACTGCCCGATGTAGTACAGGTACTATACCAACAAGGGGTTTTGAGGGCTGTGAATTTCGACGCGGCGATCATAGCACTGGTATTCGATGAGAGTCATTCTGAAACTCAGGAAGCTCATGTATTGACAAATATCACCAGGTGAGTCTAACACTCCACAAACACCAAATCTCTGTCCCGGTTGTTGCGAAACATGGTATTACTTGCAACTCGGTAGATAACTGCGCTTCGCAACAGTCTCAAAGTGTTGTACCTCACAACAAGCTCCGCAAGTAGTTCACAATCTCTACCATGCCACCCCAATGCAGCCCGAGCCTCAATGTATCAAAGGAATGGTGGCTATCGCTTAAACGGCATGTCACCAATATAAAACAGACTACATCAACACGAATTCAACCCATGTGATAGACGCCACAACGCAACAAGACCGTAGGCTCAAGGCCACTATCACGCTCCAGGAATTAGATTTATGAGAATCTCCGGTTCGGTCTGTGAGCCAGATAGGGGTGCGTGAGACCTCTGCGCCAAAGCGTAGCTTGATGAAGCATGAGGCTGGTGCAGCTAACCCCCGACTCATGGTCCCACTGGCCACGACTCACAATATCTTTCATCTTGGTCGTTAGGGCTATAGCCCTACCATATAACACAATCCCCGCCAAGATCGTCCTCCCTTTTGCACGACACGAACAAAAATATTAGATAAAGGCACCACCTCTATTAAGAATGCTGTGGTTATTAAAGTTTCGTACTCAGGAGCGTGCCCAAAAAGAAGTGACTTAGGTTAAGAGTTCTTAAGGAGCCACGGACGAGTCCCAAATTTATAGTTATGACCAGAGCGTATGTCAAGGTGTCAT,1196,48.24,Escherichia coli
SEQ_221994,GAAAATCGAGTTGTTTAATTTGTGAGGGTTCATCCATTCTCATGAACTCCGGTTCCCGCCCTGTCCACCGCCGTAGTATCACCTTTGCGAATAACGCGTAGGTAGCCCATTGGGTATTCAGCGGTGCCCTCAGTTTTGTGCAATCGCCACTCTTGGGCTCCAGTCGACGTATAACTAGAACACTTAGGATGTGTCATCCCGCGGGCAGGCGAGGGCGTCCTAGCCGTCATAAAACCAAAGCCAATCGCTGGCAGTGTCCTCTTTACTTCGGAAATCGAGGGCCCCCTACAACATGACGTGACCAAGAGCCTTCCACGAACCTGGCAAGTGGACCGAATGGTCACCTTACACTCCCCGTGGAGTGGTCTCCAAGAGGTTCAGAAGATCACGAGGAATCTTCGAGAGACTCAGGGGGCGGTATGAAACGTTGTCGCCGGAAACTTCCGAGACAATCATCGCGAACAAACTGCGGCGACGCCGGGGTGAACGTGCCGTCTCATACTCCAATGCGAGTACGGTGTTTTAGGTAATCCACGATACCCAGTTGCTGAGCCCGCAAGCGTTATTAAATGCAACATAGAGCTGATGCTTAACAAACGGAGATCGGGAGGTCCAGTGCCGAGCACAGCGCTCGAATAGCCGCGCGGCATCCAAGCGCGTATGCCAGTCGGCCATCTGGCTGTGTTAAGCCCAGATGGGCACCATAATATTAGATGGGCTGAATTAAGATACTCTCGCAAACGCACAGGTTGACCAATTCCTAAAAATGACCCATTGTACAGCTGAAATTGAGAATTAAATATTTTAAGTTCTGAGTTTCTCGCGGGATGCTGATTAATAGTAATGTAGTCAGATCTATACTAGGTGCACCCCGAGAGGAGGCTGTCCATTGTACTATGAATCTTGCCTCACTATGCTTCGTTTTTCACCGGTAGGGTTAGTGTTCTGACGACTTTACTTAGTGGGGGGTTTGGGCTCTTACCCGTGCGTGTTGCCTATGGGACCAATTTAAGTCGTTTGCTTTAAAGCACGAGATAAGGCTTGTGTAGAGGACTAACTCCTACTAGCGGGATTTCCAGGGTGATAGAGGGCCACGGCCAGTTAAGGATCTATCCAAGTTCATTGAGGAGCGAACTCGGCCAACTAGAACTGAGTCACATTATTTGTACGTATGTTGCGCAATGCCTTAGGCGAATCATGTTGTGGGGGCGCTTAGTTCATTATATGTGCAAA,1233,49.96,Caenorhabditis elegans
SEQ_677647,TGATTTTGCCAGTCTACCCCCGTTGCCTAAGTGGTTGTAGCCCGCGTGGTGATTAACGAAGCATCGGAGTTCTGTTATTGACTTCAGAATCCGTCGGGCATCTAGTCATGTCGAAGTTAAATTGGTGTGTGCCCACCACGCCGCACGGGGAAGCATCTGGCGTGCATCTCATCAACTTCGACATAATCCCATTCGGGGCATGGGCCTGCTTGCGTTGGACTCGCCACACAACTGCGGTGTAGCACTTGGGGCCAGAAACGAATAATTTGACGACCGTCTTCTTGCAGTGGAGCATGTGAGACCAATGTATTACCTGTCAGCAGGAGGATAACTGCAGCAATTTTTAGATTGGCGCCCGAGTACATATCGTTGTGTATCACATCGGGGGCGCTGTCGCTGGTGTAGTTCAGCCATGGAATTTATGGAGCAGAGAACCCATGCTTATTAGCCGAACAGTAGTCATCGTCGAAAGTGGACCGTGGAACATACATAGGTACTACCGAGTCCATTGGACTGGCGCTGAGACGTCAAGGTGTAAACATACTGCAGGCTTGAAGCGTAGAGCCCCCGGCGCGCCGGCGAATGATGTCCTTGGTTTTTTGTGTGCCCACCACCATTCGACGCAATAATAAGCGTACGCACACAATGACCGGCACGTTGCCGTCTCCACGGCGAGGGGCAGCTGGATGACGGTGGAATGGATCTCGAGTGCAGATCTGAAGGCCAGTTTGACTCTGAGTTAAGGCTATCGGAGAAGGGATTTTCGAGTGGGTACAGGGATGCATTCATCTTGCATTCAGTCTAGGAAGATCTTACTCTACTCAACGGAATCAACTCGTCGCTGTTAGGGCCCGCGCCCATCAACCGCTTCCATTGTATCGACGTTCGAAAGGGACACTCAACCCGCTGTATCCCAACGAAGGGTAAATCTCCGCCGGTAAGCTGAAGGTGCTTCTGAACCCTTCAATCCTGCTAACGCGCGGTGGTCTGACTACGCGCACTGGTACTTTGCCCCGGCTAGGTGCTAGACGCCTCGGATAAGGCCGTCGAATTTAAATAGGAGGGGACACATGTTTTAGTACAAGTCACCTGTGGAGAGGCTGTGAGAACGTAGCCCTCAGCGCACACGGGCCCAGCCAGTACGCGGTTTTCTCACGCTTGCATAATCAAGTCTGATAGTACCGGCTGCAGTACTTATACCGCCGCGGCGGTTCAGCCGTGTACTTGTTTACGGCATTTCCACCGGCACGATACCACAGTTACCCTCGACGATCAGCGTGGAGAAGCGGCATCGGAATGATGGGACACGGCATCAATACAAGTGGTGTACTCATATATGCGCTGTCAACAAGTCTTATGACAC,1363,52.75,Arabidopsis thaliana
SEQ_607741,CAAGTAAGTGGACGTTGATCCGGACCATCAACAATCACCACGTCTTCGACCCAAGTAGCAAGGGCTATGCCTTTAGCTATAAAAACTGAAGCGAACAGACGGAGGCTCTATCAGTCAGCGTGTAAATAATCTTCAGTCTGCCTCGCACATATGTACAACCACTCAGGACCTAATAGACGTTACGGGGTAGTCTATGTGAATCGTCGATGACACTTAGACGCTTTTAGGTTCACTAATGACGTACCGTGCAACAGAGAACATAAAGTGGACAGTAACCCTCTAGGACAGGTCACTAACGGTGTCGTCTAGATGGCCAGACCTCCTCCGATAAGGAGTGATCGTCGATAAGGAAAGCCCGCCACGAAGACATAGGACCCGTTATCGCATACAAACGAACTTAACATGCCGAGTATGGGTTAATGGGTTTAAGTACTCGTTGACCTAGGCGGCTGTCTAGGCCGCAAGGTCGACTCAGAGAGAGCAAATTACGGAGGGCCGTGATGAGGGCTTATACGAAAGACCTGCTATGGGATGAAGTGACTGCCGGATCTCCGCCGACCCCGAGTGTTCTATTGACCGTCGAGGTCAAAG,591,49.58,Saccharomyces cerevisiae
SEQ_342498,CTTACCGTTGCACCTGGCGGTAAGACGTAACGAATTAGGCCTTACTATTCGGCTACTCTGCGTAAAAAAAGTGGCGCGCCTTATTGATCCAAGCGCTGGCGGTAAGCGAACCCGGGTAATAACGTGTTCTTTTTCCTCACAACTTATCCCCTGGTATAAAGAGATGGGGAGCACGACACAGTTCGTTGCCTGAACATATCACGACTTTATACAAGTCCGCTGGTTTGACTTCTGTACCTCTACTATGCACGCGCCAGAAGCTAGAGGACTTCTCCTACCGCTACGCACTCGGACCTGGATTGCCTGGTGATGTCCCGACACTGACGCTCATCAAAATCTCAAGTGCGGTGGAAAAGGACCTGAGCTCTTCTACTGTTTGACCCCGACTTATGGGAAGTACCTAGGGAGCTCGGTCGTAGTCTAGTAATTACCTCGACGATCCCCCGGACTTAACGGTCTCCGCGGGGGACTAACCCTCTCAGTGGAACCGCCTCGCAAGCACAGGCTTGCAGTCGGTTCTAGCAAGTCTCCCCATCCATATCGGGGGCGATGAGAGACGCGACGCCCGTCTCATTCGGTCTTACGGTCCAGAGGAGCTCCGATGCTAGTACTGTAATTAAGGAACGACCCCGTACTTTCTACAATCCTACGATTATTAGAGTGATACGCGAAATCTTACGATAGGACTCCATGCACGTTAGTAACACCGATTTCGTGGATGGATGAGGATTTAGCATGTGAGAAGCCCAAAAGATTGGCTCAGATCGCCAAGCAGTTTCTTGGTCTTGTCTGGATGGATCGAAAGTACACTGTCAGGGACTTTTTCTGTATCTTAGGAAGGCCTTAGCGCAAGTTACGTGGTCGATGACGTGCCACATCGATGCACGTGATTGTCTGGGTAAGCCGACTCGGGCCGCTCAGCAGGCCGGGGTGCGTGAGTATTATAGGGGCGCTAGTGACCTATACAGGAACGGTCGAAGTGACATGTGGTTAAGTCAGGGGAATTCGTCACCTAAGTGGATAGTTGGAGGTTTAAGGCGTTATGCTATACAGAGATATCGGTCCGTCGAGGGCGACAACCCTCTGCATGTATGCCGCAAACTAGCGGTCTGATACCGTTCTATCACCGGCGACTACTAGTTGTGTTGCAACGTAGGAAACTAAAAAAAAGAAACGTATCGGCGCTTTACTGAAGCTTTGAGTTGGCTCGTTGGAACGATCCCTAACCTTCAAGGGGATACTGTCCAAGCATTCCTGGAGATGAGGAAATTGGGCTCAATTCTACTTACTACGAATGATAGGCAGTGTACATATTCATCGCACCCTGCTAAGGCATTCATTAGCATGCAATGGAATGCGACTGACGAACCATTATTACGGAGTGTTGGTTTGGTGAAGCTTGCGCAGCCAGGTCCTATTAATTGAACAAAACCTAGCGCTGCGCTAGCAAAGCCTTTTCACGTCAATACCCCAAAGAACTCTCCCCAAAGGGCACCGCACCGAGGACTAGTGACGTGAGGTCAGGTACTTGCTATCTGGTATCAAACCCCTGTTAGCGCTCTAAGGGGCTCGACGGTACTAAGGCATACTTCCACCCCCCACCAGGTCTCAAAAAGTACTTTGCATGTTCGCCGTTTGTGCTGCTTACACAGAGCGGCCGGGGATTTCCCCGATGGCGTCTTATTAGCA,1689,50.56,Homo sapiens
SEQ_469816,AATAAGCCGCGGCCTCTGTATTGGTTAACGTGACACTAATCGCCTGGATGTCGACCTCAAGCAAAGGTTGTGGCACGACCATGGTGCCGCGAGACGCCAACCTTACTGCAAATCACTAATTAAAGGGAATCGACGTCGTATCAGCGGGATGTCAGGCGACTGTGTGGGTCGGCCCCGTCGTCGACCTGCACCCGGCCTGTCAGGTGTTATCAGGCCTCTCTGTGCTCCACCGTGGCTTGTTCGGAAACTGACAGATTTCGGTGCGAGTACCAACATCGCCGAGACCACAAGGGTACTGGGTTTTCACAGTCTTTATCGACTAATTAGTCAAGATTACCTCACGTCCCTACCCTTGACATAGTTGTATTGAACCCCCGGTTGGAATCACTAGAAAAACGATTTGCGCAGTTTACTGATTACTTCACCTCCAACAGTTAGTGCCCTCTGTACGCTTGCCGGCCATTCGCGTGTGTACTGAGGGAATCGTCATTATATAATGTCCCTTTAAATAGACATCACCTATATCCTTCCGAAAGAGAATCTCTGGCGCGACTCCCCTTGGCCGACAGAACCAGCTCGTCAATACTGCCTGCCCTAATCAGAGTGTTTATACCCTTAGAGCGCGGCGAGGATTGTGGGAAGAAATGTGAATCTCCGTCACTCGCGCATGGCCGCGATGGCAAGTCGTAACCCGCCCGCAGCTTGCAGGTGGGAAATAATGGTGCGGGGGGGTCGCACATCAAGGCCTTAACGTAGGCTCTAGCGGCCTTGAGGCTATGACATTGACCATAATGTGGTTATGAGCGTAATGTCTCGAGCGCGCCGACTTCGCCTTCAAAAGTCTCCACAGGCGAGGGCGTTAGTATTGCCAAATGGGAACCGGTAGTCCTAGAGGGGTAAACCAGAAGGGGTTGGAAGGGTCGCCAGCCTATCTCCGTACTAACGTTTAAAACCGAGCCCAGCAAGGAAAGCTCTTTGCATTGCCCTTCTTAAAGTCAACGGCGCTACCTCTGGGAAGAGGCCTTTGTTCCATTTCATGCAATGATATTTCCGAGCACAACTGACTTTGTACTAAAATTCTCCATCAAACCAAAAAACCAGGGTTGATTCCAGGAGATGCATAGCTTTGCCTCAGTGGGAAATTCAACTAAATAAAAGTGCGGTTTGTTCAGTAGTTCGTCGGGAGCACGGGTAGAATTAGTTACGCAGCGGCGACTGGAGTGGACTGGATCAAGTCGCGCTAGCCATTTGATATTTAACTTAGCAAGGCACCCCCCCGGTTGAATGCCCCGGCCGTTACAACTCTAAATCCCTATGTTTACCCTCATTAATATTAAGTAACGGTACCTTTTATTCGTCGTCGAAGAATTCAAACACTGGATAAAGGATATCAAGTACACTTGAAATTCATGACCGAATATTGACACGCGCGGATTACTCTCGTGAGGGAGCCTGCTCGCCTCTAGCGTAGATAGGTGGCAGAATCCCCGAGTTAAACTGTTTCCAGGGGCTTCGGCTAGATGATGCGGAACCCGGAGTCTATGCTATCTTGCTGTGTCCGGTGACATCGGACTCGCAAATTCTGCGCTCGGCTGCCTAGCGTATCTGAGTTGCCGAGCTTAATTCCCACACCCCACCAACAACTCTGTGGCCGTGCCATCACGTCCGTTGCTCCGACATGGCTCCTACCCAGTCAGGTCGATTGTGCCGACGCTCTACATTAGTGATAAGAAGAGTGTCGGCGGTTTGGAGGCCCGTAACAACCTCGGAAGACTGATATCTGG,1784,50.95,Saccharomyces cerevisiae
SEQ_418724,GGACTAGTTAAGCCGAATAATATCGACGCCGTAAGTATCAACACTAGTAACGATGGACTTACAAGGTAGCGAGTGGGGAGCCAGTCGGCTCCACCGCGGGTTGTAGCCACGTTCTGAAGCAGGGCCATGATGTGGAGTGGAATACCTTTAAAAATTCAAACCTTACCATTTTTGCGAGCACTCAACCGTGATTCAACTACTGATTCAGTGTTTATGTATTACTCGTCAACCGCCGGCGCGGACGCCAGCCAACGGTGTCCTTATCCGGTCACTTCTGCGGGATTCAGACTTCAAGCCATACGCAGGTACGGGTTCAGGGATCTATTATGGAAAGTACGATTCCCGAACCCGGTCGCCTCCAGCCGTCTAACAACCATGCAAGATCTAAGGGTACGTAGCGTCAAGCATCCATTCAGGAAGGGTGCTCCACCATGCGGGGCCCGACATAGATCTATACGAATTGCCAGTGGAGTCAACCGTTGAGTAGCGCCCTAATTGAAGTAATGTCTTAAATATTAAAATCCTTGCTATAAGTCGTTAATCTGGACTAATCCCTGTTTATCAATGTGTTGAAAACCCAGTTAACTGTAACTGTACCAAGAACACTACAATGGATAGGCCCTTAGAATCATCAAGCGTTAGGAAGCGAACACACTTAGTCAAGTCACTAGGTACAGGCAGCATACAATTTTACGCTAAAAATGGGATACTGCGTTATGAGGGATGACGGTTCAGTGAGTTTAATGTAGATATACATTGTGCAAGCAGTTTACGAGGAAGACTTCCGGAGAGCCTACAAAAACTATTTCCACTCTTTGCGCAACTAACAGCCTGGATACCGTTCAGATTCAAGGCCGGACGAATAAAGTCGTTCCCTTAAGTAACAGAATGGCTGTCCGGGTGTCCGCCCGAAAACGCGCAACTGTCCTGCTCCAGTAACTAATTTCACTCTTCTTAAGCTATCCCACGCAACTGAACGGCAATGTTTTGCAGCACTGCTAGGTCAGCCGGCCTGGACTATACGTAGTCGTGGAGCGCTTTTTGGATGAAGGCATTACCAGAGTCTCACCCTGCCGGAGAATAGCCGTCTAAAGCGTATGAGATCCTAAGCACGGGTGGAAACCCCTGGTCACGGTGCATTTCACGAACTCCTCTATACACTTTGTGCGTGTTAGCACCCCACACAGACGAAAATACGGAATCATCTCCTCGCGGTTTTGGATTGGTACCAACGCCCAAGCCCAACCTACCTAACTCGTCCGGGGCTTAGGAACGGGGATTTAGGCGACATCTGTCATTCGGGCCCATTCGCTGCTGTCCCAATCCCCCGTTAACAGAGGCTCCCCAGTATGGGGGATGCAAGTATAATCACGAACTCGGGATAGCGTTTGCAATTGGCGCGGGGACGGACAAGTCGTTGGTGGGCTGTTCATTCTTCTAGTATGTGGTCTCAAATGTAACCTATCATCTCTCCACTAACGGACGCTGCGTTGGAAACTGGCATAGGGGCCACCGCTTCATCGGATCCAATGGT,1534,49.15,Saccharomyces cerevisiae
SEQ_987143,ATAAGTAGCATAACCTGGCAACGCGGGTGGACTGCTCTGATTAACAAAAAATGCTCCGACTATTGGACTAGGCCCGCCTAGACCAGACACTTAGCAAGGTAAAGTTATAGTTACCGTGGACCGTGTATTAGTCTGATGACTAGAATTCGCTTAAACACCAGGTAATAGTGCGGAATGTTCATTGGAGTCGATTAAGAAGTGGAACGAGCTGAAGATGTGAGTACTAGCCGTCCGAGCTCAGTCCCGATACAGCACATGGAGAAATTAGATTCTGCTTCCGAAGGTTCATGTCATGTGTGGTTCGTCACCAGGACTGGAAACGCGCCCATGGCTTCCCTTGGACGGACCAAGGCGAGCGACGGACACGCGGAGGACACAGCCATGGATCAAATACATGTTCGCCCCCGCAAGATCATACCTATTCGGA,427,49.65,Caenorhabditis elegans
SEQ_352103,CACTTTCCAAGAATATGGTTCTTCGATTTATCGGCGTTTTACCCGGATTTGTCTCTATTGGGACTACTGTGATATTGACCCTGGAACCTAACCGATATTTGGGGGCAACCCACCACAAAATAACCCCACGTCGGTCTGCACCTGCCCGGCCCGGCGGTCTTATTTATCGGAACGCCAAGAATCGGTGCTACAGAACCGCCCGCCGCTTCTGGTGTGGAACGGTCCGCGAAATGTTCCTAGAACTCGCGGCTCGCTTAGACTACTCCAATAAGTCAAGTTTCATGCCCCGAAGTTCGTAGGCGCAGGTGGCTGAAACAGTAAACTCAAAACCTTGGTTGACACCTACGCATTTACCCGATAGCACCGCTTACTCCCCCTCTCACTCCTCGAGTGCTGGGCGGCAACTGCCAACTCAAGCTAGATGAGGGCCAAAATAACTCTTCGGTTGTAGATTTGTCCAGTATCGGCTGATCCTGTTTCTTTTGATCCTATTGTAGAGGAACTAGTTCAGGTTCCACTGTGGACTGTTAAGCTATCGGTTCAGTGACTCAGAGAACCAATGCCCTTGTGCCGATTTAGACTCACGTGCTAGTGTATGTGTAGGGCATGCGCTTTTGGGCGTGGTGAGTACTCAACGGCTCGCTTCACCCACACTTTTCGCCTCTCCCCTCCGATTAGCGCAATGATCTTCCACGGCTTGCGGAAGCGTCGCCCCGATGCGCACAAGATGCCGCATGCGGCGTTTGTGTCCAACACAGCGCACCGCTGGGGAGACGCGGATGATCCTGCCCATTCGTAATGTGGGGGGTGCGCATTTGAAACTTGTGTGCTTCTTGGCCTCAACGAGATTGACCTAACTCACGAGTCTACTCCCGAGTGGTGGAGGCCGAGCATGTATAATGCACCGCGCATTATTCAATTTACCCTATTTCCGACCAGTTAGGCGGGCGATCCGGGCTTGCCCCTAAATGTCTCCATGAGTATCCTGCATTGTAGGACCGCGATCTAGGTGCTTACTCTATTGGCTGGCATTGGTTATGATCCATATGACTGGTCCTTTCCCCTTCTGAGCCTCTCGCGATGTGTCATCCACCTGTTCTTGATTGATCCCTGCAGTTGGCACGAATGCATCTGCCATAACTACCGAGACGGCGGGCCAGTTAGACTAGCACGATGGAGAGCGAATCTTGCTCACGTAGCACTATAGATTCGAGCCAATCCGGTTGTCATCTCAGGACTGTGTAGGGAATCTGACAGACTACACTGTGTAGACATTGACTCGATAATTGCAGTGCGTATTGTCTCAGGGAATAATTGACGTTTAAGTTATGAGCGCTGGGTGGACACAGTCCTTTCTACCCGGAGCCCTATGGGTAGAGTACATGTGTACGGTATAGGTGTGCATGCTTTGTTTTCCAAGGGCGGTTAGTCTAAGTGTCTCATGGGAACTGATAGTAGGCGAAAGTTGGGCGGGTGTTAGTTCATAAATACATGGCTTTGTAGGTAACGAGAGCTTCTCTTAACCACCATCAC,1533,51.14,Drosophila melanogaster
SEQ_484603,AGAAACGTAAGCGATTGACACGAGCACGTGCAATTCAGTTCCCTTGCACCGTTAGACCTTTCAGCTAACATAATAGAATAGGGTAAGCCTCCGTCGAGCGGCCCGGTGCTCGACGTTGCGGCGATAGGCTGTGGCTAAGCTCTTCTTAATATCTCACCGTATACATATGTGCCGAGGGTTCCCTTA,186,50.54,Escherichia coli
SEQ_999230,ATACCTACATTGAGGCCGTCGTGCGACCCGATAAAGTACGGTAAGCCGCAAAAGGAGGGTTCCAGCAAGTCTGATCTTGCCTGATAGAGCATGGCAACCAATCCTGGACGCGCGGCAAGTGATGTCGCGCCCCTCGATAGCCTCTGCATCGGCATCATTTATAAGCTTAGAAATCGGACCTGGGAGCAATACGGGCGGATATTCCACCTTCCGCTGCTTAACTTCGTGGGCGAACCTCGTTCTACTAGGACACTTGAATCGTTGGAACAGACCATGCTAACCAAAACATAACCTGAGTCCTAGAGCAAGTTTCATGTCTCTAGTCCACGTTTTGCTAAGCTGGGTAACATTCCACGAAAAGTTCCCGGCGTCGCAAGCAGCCAGTGGCGTGCGATCTCTGTTGTGCTGTTCTTCAGGGCAACACCACTTCACACACATTCACTACTTAACCCGGGTACACTGGACGAAAACGAGCTATGGCGGACGGTGGGTACGAACCCACTTACAATCTCAAGGGCCGAGATGGTGAGCTGCTACGTCTGCCTCCAAAAAGGAGTTTTAATCCCTGGCCAGCAAAATGGAGACTTAGCAATATATATATATCCGGGTACTTTTACGAGCGCCAGGTGGCTGGGCCCAATCGAATTATGCACTTGATTGTGACGACTGAAGGCTGGCGTGTCGTCACGGGACTGAGTACCATGATCTTAGATCCATTAGCCGATATAAGCGGTCCGGCCAGGGGATGCAGGTTTTCAGCCCTCACGCGTCTGTTTAAATTAAAAGACGCGACGCCCTCCTTACTGGGTAGGAACGCGGTACCGTCTGCTGCGAAGCGTAGATAGCCTGACTAAGGAGGACCATGTCCGTAAAGTATTCAATCCTATTCGGGCCTTGGCGACATGACACCCCATAAAAACAGGGAAGTGGATCAGCTCCGCGTTACCACGATTCTGCGTGCTAACCCAGGCGACATCTGTGTCGCTGATAACCGGCATAAATGGATCAAGAGGACGACCTCTTTAGGATTCCACTCTGGTGGAGATCGCGGCCCCCAGGACGGGCGAGCAGTTGATCGATCTCCAGAAGACCAGCCTCATATCTAGAGGATTCCCTGAGAGTCTTCCTGTGGGGGAACTACTCCTGTGTTGATTTCACCCCGTCCGATCGCCCGGGATAAAGCCGTGGGACGGATCAACACCAGCCCTATTACGTCTGGCATTCTTGAGTGCCGCCGCGTATAGAGGTACGCGCATAGAGGACCTACATGAGCTGTTTAATTGCTGCCCCGCGACACGTATGACTTAACCTAAATGATCCCAAACTGCGAACGAGTAAATCATGATGCTGGTTGCAGATTACGACTGAGCGCTACATTGACGAATGTGTTTAAATTCGGCTTAAAGAGTATTGCTAACCTAATGGGGAAACCCCGGGACTTTTTCTGGTTGCACACTCAAGATGAGTGGATTTTTACAGCAGGTGGTAGAGTCCAGCGGCCCTCCAACTATCTAGCATCTTGGCGGCGTGGGTAAGTGGCGCCCTCGATGTCATAGTCGTAAACACTTTCCAATTACATACACCCGGATTATAACAGGAAATGTGTCGAAGGGCCTGTAGCGGTGGTGGATAGAACTGAAACAAATGCATGTACTGCGAATCTGTCCTCATATGGGAGGGTCGCGCTACACGCGTTCTAGAAACTCGGGCTCTACCGGTGTAATGGATGTGTCATCCGCTCGAGAGATTTTTGGGATGCCGCGTACTCAATCCGCGTGATGGACGCGGAAAACAGTAGGTGACGAGAGGATGCATTGCTGCGCCCCTGAACCCAAACGTTCTTACGCCGGTTTTGTGAATGGGGCGGCTAAAAACTCTGG,1880,51.6,Saccharomyces cerevisiae
SEQ_397500,TTGTGGTGGCCACTGCCGGGCGCGCTTTGGTCTTCGTCGAAACACACTGTGTAAGGCGCCACCAGACTGCGACTTTTTTTTACTTGCTGTCCTGAGAGAACGGCACGTGGCCGTCGGCCGAAGACTGTTCCTAACGTCGTTGGCAGTATCTTGTAGCCACAGCCCTGGTGAAGGCTCTGGCACGCCATT,189,57.14,Homo sapiens
SEQ_522105,CAGCGCTATAGATGGGCTCTTCGACAAAACTTGGTACTGGGAGCCTACTTTTTCTCTCACAGCTAGAGTCGGACACATGCGCATGGCTTGCCCGATCCCGTTAACATTAGACTATTGAGGACTAAAGACGAAACGACCTCTTACGCACTGTGTTCACTGAAACTCTTTTTACAATTGAAGCTACCCGGGGTCACTCATGTACCATTGGTTACCGCGAGCGTTGGGTCGTACTCATGTTCTCTATGATCATGAGCTGTTCGTAGGCGATCCAACATGCCGTCGTTTCAGCCGTTAGCGTTCCACTTACGGATAATCTCATAAGTGGCCGCTTATAGGCTAATTATGATCGAGATTATAATGGTCCTCGACAGCGTGCTGAGGCGATTGCCGCCCCACGGGGTGGTCCTCGGACACTCTCGGCTAGCGTAGCAGTCACCATAACCGATCGTGCGCATCATCGATGGAGTTGAGTACCGATCAGCCAGTGACAGTCTGTGCGAAATATTTCACGCAGAGAGCGATCAAGGGAATCTGGGTGGGTCGGCAATTGCAGCTGCACCGGCTACAAAGTTGCCATTTTGAACGAACTCAGTGTATGTAGAAGAAATTCCGCGTTCGTTTAGTGCTACGGAGTAGGCAGTTACCCCCCATCGTGACCAACTGATTGATAGACAAGCTGACAACCTCGCGCTAGCATGCTGACCTGGTCTCCTTGGACTAGTGCAAAGATAGCGCCAGTGAGGGAATGTCCTTCCATATCGTACACTCAAACCGAGTCAGGCGCACGAAGTTTGAATGCGGTCCGAACAGATCATGACC,819,50.67,Drosophila melanogaster
SEQ_726854,CGCGTAAACTTCAGTTTACCTGGCTAATAGACTTTTTCAAAGGGTATTACAGACTTAGGCCGCCTGCTAAGACAAAGCATTTACGTCAGCATTGCTCACCCATGACAAGTCGCAGTGGTTATCGACCTCGTTCAAAGATAGGGCGTAGTAAATCGAAATGCAGCCTTTCCTCCACCCGAGCAGCAGTGGATCAGATTTCCTCCTTGGTCACCCCCCTACCCTGAGGATAAAAAGGTTCGCAACCAGTTGGAAAACGGTCAATAGATTCTACACCCCCGATTGCCGTACGGCTCTGATCTCTGGTGGCTCAGCGGCGCTGGGACACTCAAGATAGAAGGAGCGCACCCATCTACCATGCGAGACCAATTGTACGTTAGGACGCGATACAGTATGGTTACTCCTTGCTTCATGGTCGCCACCACTCTGCTAAATCTCTTTGCCTCTATTTGTATATTGGACACCATGCACTACCGCAGGACCGAAGCACAGCAAGAGGCGTTTGTATC,506,49.8,Caenorhabditis elegans
SEQ_944391,TAACGTATAGCGGTTTACAGACGGTCTATCAAGGATGAGGGACATTCTTAGTTCGAACTATTCTTTGCGGCACATGCGTCTCCTTCTTGTATGGTATATGCATTGAGCGCGACATTGCGATTAGACCAGTAGCATCACCTGCCAGCCTGGGATGGTTCTTGGACGAGTATCGGGGGGGGAGAGTACGGGGGATGGACGAGTAGCAACTAAACGCACCTCTAGCCAATAATAGAAGTCGAACGTGTATTTGCGAATGCCAAGACGGAGTTAAATGGCTCGCGCGGGGAAGCGTGACCTGGACGCGACCACTGCCTCACTACTTATGAGACTGGACACCACCATCTGCTCTCGTCAGTCCCGCAGAGTAGCACACGCGTACCGGCGCACGGCTTAATAAAAAACCCTAAGCAGATCCGGTATGAAGTAGTTTTGCCGCGGCCGCAGGCGTTGCGCAGTCCATTTCTAGCCCTCGGACCCAAATTGAACTACAGTGTCTCATCCCGCGCGGTCTGGTGCCACCGGGGTTGGTACACGTCCATAAGTGCCGCGGCATCAACAGAGCATGGGCGATCCTACTTCCGGCTGCCATTGAGTAACTCCGAATTTTGTTAGCCTCCTCGCCTGCACTCACAATGGGCAACCGACCTAGGATATGTGGTTGCCGGTTTACCTCACGTGTGACGCGCAAAAGGATCAAGACGAAGCACGCGCTGTTGCTACTGCAGAGGGCATGCGTCTTATCCTACAGAAGCCCATGCGACCCATTGGGGTTTCGTCATTGAATATTTACCCTACGAAACCTATGGTGAGTTGGCGCCGATTTGCCATCATATGATCACAGCGCAGTTTCGAGCAAGCATGTTTGACGGTATAAACCGATCGGTACTCTCGGACCAATACGGGCGGCACGTGGAAAGACTAGCATTACACCCGAATTCCCAGAGCCTCTTCCAGGGCGGGGTGAGCACATCAGCTCAAGAGCGAACGAGTCTGTAGGTGAGGAGTTAAGGACTGCTCGTTCGGTAAGACTAGGCTTTGATACTGAAATACAATAGTTAACCCAATAGGATGTGACAGCATATTGATTGTATGGTTACATAAGGCTTAATGTTCGCATCCAGTTTAATTCCAGTATTCTTGGAACCCGCAACGGGTCGAGGGAAGGTCGGTTGTGGACAATTAATTAAGTGCGTTCACATGTCGCAGCTGGGCCTGTCCCATTACCACACGCGGCAGGTTATCGAAGGTGTAATGAAGCCCCGGGAAGCCTAGTATGAAAAGTTCTAATTTACACGACCAGTACAATACTGATGTGATAGTTATACCACAGCGTCGCGGTCGTCGCGAATAAGCGATAGTGGCTTTTTTCCCCGCGACGGAAGGGAGCCCAGTCACCGAATCCGAGAATGAGCTCAGTCACTCTGACTTGTTATGGTGACCAGCCCGTAGAGATAGCAACCGCCACGCCGCTCGCTGAACCCTAGCGTCATGAGACCCAATTTACAATTGTGGACCGCTGC,1520,51.84,Caenorhabditis elegans
SEQ_986784,CACTGTAATCTACAACCAACACCATAATCCATCACGAGGTGTCCGGTTGTAGTGGTTTGGGCATTTCGCTCACTTGCATACTCCATCTGTTTTGGGAACAATTAAGGCCCGGGCTTTATATTTATAACCCAGACGGTCGATACCAACTAGGCCGCCGAGTTAAAACTGAAAGCGCGGTTTGATGTTGCATGACGTGCGCATTTAAATCCTCTCATTTATTCGCTGAGCCGACACTAGCTATCTTCGCCCAGAGAGAGGCATTGGTACCCGGGGTCATCCCGAACTTCTATTGGTCTAAGTTTGGAGGGGAGTGCCGAGGCTTGAACAGATAGCGGAAAATTTTCTCTCCGCGTAGGGCTCGGGGTCCTTTGTAAGTAATGGGACGAACATGCATTGAAAGGGTGAGACCAGAAAAACACTTGTCCTACGGTATTCTAGTCTTGGTTCGGGGTATGAGATTAACGATTCGACATCCGAAGTAAATACTACCACGTTTCGTTAGGCACTCCTTAAAAACGGTCTTTGCTAGTGTCCGCGAGGATTCGAAATTCATTATTACTGATATAGACTGCCTGAGCTGCCTCCTACACTTAGAGTGAGCTCTGGATCTACCTAAGGCACTAGCATTTATAGTCATTACGTGCTTAACGCATCGGAGCAAGATAGGATAACGAAGAAGCGTACAATAAGTCTCCACAGTTTGAGAGCCGCCACATGCTCATTCAACCTACATGTGTGTAAAAAGCAATATGTCCCAGATCTTAGTGATCCGGCCGTGCGAGTATCGACTGCTAGACAGAGCGACCTCGAAGCGCTGTGATAATTACCTCCATATTCTTATGAAATTCCCGCAGTGGAAACAAGCACTCAACATTAACGTGTTGAGGGCCAGCGCTCCTTCCTCCGATAGCGAATACCCCCTATCAACGGGCTTTACACCAGTCATGCGATGCAAGGTCCTGATCATTGGGATGGGGAGATGGTTGGAGGAAATCTCAATGGGACTCCCGCACGCCTTAAACGGTGGTGTTTT,1033,47.53,Arabidopsis thaliana
SEQ_776557,TGCAGATCGAACAACTCTGGATGACCACAAACCCCGTTTCTCCGGGTCTGGAGGAACTCGTCAACTGTTATCGAGGAGCCGATGAGTTTGGCCTATGGAGTTTGGCTTTCCTGGGCAAGCCGGTTCGGATGACCCCCATATCATTGGTGGTAGTGGGGTACTTCACCTAGCTCCCACGTAACTCCCTACCTCCCGACGCGGACTCAAACCGTACTGAATCGACTATGACCGCCCGCGATAACTGCACTGAGACCGCGGCGATCTGCGTATCCGGCCCCCCTTGCAGCTAGACGAGGAAAGCGAGAAGCGTTGAGGCTTATCAGGCCGGAACGGCAGACTAGGAAGTTTCGATACTTCGCTTGTATGTTCCAAGCTCGCACGTTCACAATACCAGTCGGGACCTACTCGGACAGGGCTCGCGCCTAGGGACTTTACTTCCGGGCGTAAGCATCCTATCCTCGACTGTACTGGATTCGCTCTCTGACCAGACGCACTTAGTGCCGGACTGTTTCGATTATAGTGCTATACCAAATGGAATGAAAACCTTGAATTGCCAGGTCCTAGGGCAACATGATGGCTCCAAATTGGTTGGTTCGGAGTCCAAATAGCGTCTGTCTTAGTTCGCTCACGATTCTGGTGACGATACCACGGGTCAATAGGTGCTCCATCTGTAGATTCAAATTTTCCGCGACAGACACCCCTGAAAGGTTGTTACTCAATTGACGTTCCCAAACTCTAAGGACGGAAGCCTGCCTTAACGTGACGCGGGCTGTCGTTAGAAGACGCAGCATTGGCCTTCGAGCTCCGCTGCTTGGCATCGAGAGTCTATAAACAACGGTATGACGGGGGCCCATAGATTGAAACGTCGGTGAGCAGCAACCACATGGCAACCGCACCTGCGCAGATTTGAGAACGACGCTGGGTGACGAGCCAGATCCGGAGTTTCAAAATCACTACAGCGGTCTGCTAGTGGAAGGCACTGCCTTTATGTGAAGGTACCACCTGAAACCTTGCCGACCCCCGTAAATAAAGACGACTAGAGAATAAGCTTAAGGTGGCGTCAGCTCCTATCCTGCTGGATCATGGGATATGGAGCCCCCGCTATGCCAGGCTGCCCTACCGCGAGTTTCTTCAGCGTTGATTCGGGCTTGATTACCATACCGTCCGGGTGACGCGTATGGGTTACATCACGTGCGGACGTGTTTCTGATCTGCTGGGAAGTCGAATAGTCGGTAGCCTCCGCCACAGACGTCATTAGGTACAGCCCCTCCGCCGACCAAACATAATTTGGTAGAGTCTTTAGAAGATTGGTGCACATTAGATTGATGCGTTCCTTGATAATGAGTCCTATGGTCCAGGCCGAATGCCTTATGTGCACAGCGGAA,1385,52.92,Arabidopsis thaliana
SEQ_581157,CCTGCTTGCATGGTTTGTAATTCGATGTCCATGCCGGGAGATCATACAATTTAGGATGACGCTCCTGTAAAGTGCCGAATGCCAGGAGCTTCTTTACTGTTCAATGAGGCCATACGCGAGCTCCGCGTTATTTTAATGTGGGTGTGAACGGCACAGGCTAGAGCTGTAGGTCGTAAGTTAAGATGACACCCCGTTGTGGGTGCAGAGGTAGGTACTGAAACTAAGGGCCGCTGACCGGAGCTCGTCCTCTACACTAAAACCCGCTTCCGGGGCTGCTCACTCTGATACTGTTCTGCGAAAATGTCCCCCGCCAAACTTAGGACTGTATTGGCTCCTTCTGCTGACTCACCACGAGATTCACCCATTGCTAGGTCAAGGCCTAGATATAAACCCTCCATTTGATTGCTATCTACGTGAGCGTGTTCAATTCAGCCCACAGTGTACATTTATACGTGCACTACCTATCACTCTTTCTAGCGTACGTGTAACTGTGCTGGTGAATTCTCCGAGTTCCTTCCTACTATCCCCCCTCCTAGTGGTTAGCTGGCGGTGAGCCAGCGAGAAACAACATATCAACGGCGCTGCGGAGACTCCTGGGCCTGAGAGCACAGCCCTCGTATGCGGTTTTGAAGGGTACTATTATGCCGTGCGGCCATTATACTTTTTGACCCTCGTAAATACATTAGCCGTGTGTCCTTCTTCAATTGTCCCTTCTTCTGCCATTCGGAAGATGCATACCAATAACCTAGAGACCATACCATTGGCCAAAACGGGAGTATAAACACGCAATCACTTTGATGTTATGGGGCACCAGTGCGGAGGACACGGCTCTAGGTAACGTATCGTAACCGCCTTTATCGGCGTCGTGGGCCACACACCCGCTAGATATTCACCTAGTCTAGGTTGTGGATAGCATTAAAACGGATGTACTTGCTTGGCATATCCTTCAATGGATCCGATGGTCTATAGGACCACCGCCAGCTTCTCAGCATACTCGTTACTCTTATCCCTCTGAATACTTGGTGTTAAACTTCAGTGTTGCATAGCATTTCTAAGAATGGTTGAATACCCATGGATGGAGCGCTGTATACTATTTAGTCGAAATACCTACTGGTCCTCTCCCACTAATTGGCCTTTCGTCTCGCACCATAGTGAAGTTAGTAAGGGCAATTGCCGGCAAAGTATGAGCGTCAAGTCGCAGAGACTACTCTCTAGGGTAGATTAACGGAAGCGACCCGCAAAAATCTTTTATACTGATGTTGTTGGCAAACTTCTCATCAACGACAGGCAGTGAATGACTGTTACGCCGTAAAATCCCTCTATTCAAGCAGTTGGCAGACACCGCCTTCCCGGGCATCGTGTTGAACCGACTGACTTCGTTTGTGGTCATTTCCGCCGAACCTTTCAGTGCACTAGATCCAATAGGATAGACTTAATGAACGTGTGAATTACGGCTGTGCGCTAGGGTTAGACTGTGATGTGGGATATAGTCTCAGACTGTAGAGTGTTCCTCTCTCCCAATAGGGTTGAGCATAATACCCATTATAGATATCTAGGACTGTCTTTTCAGCATGCCCCGGTGGCCTTGCAACATCCGCTTCGCGTTGCGCCTCCTAAGAGGAGCGGGGCGT,1631,48.8,Saccharomyces cerevisiae
SEQ_522205,GCAAGGCTAATTTGTCCTATTCAGTGTCCGCCCTTGACAGCGTTTACTATGACGTATATAGTATGTGCATGATAAGCCTAGTAAATGCCAACGGGTCGCAATATTGAAATCTGGTAGTACTAGGCAAGGTCGTTGGCTGATTAGAATCGTCCCAGCTTCTCTACGGGAAAAGAGGCGGTACAGGGTATCCACGGGGAACCACCCTTTAGAGCTTGAGCCTGTCATTCGTTTAATATGAGCAGTCGTGGCAATCGCGCACCCGAAAGATGGTCTACTACGAAACTGGACGCACTTACTTAACTATCTCTCAGCTGGTTTGGGTTAAATTGGTGTCAGACCGAACGAACCCACGATTCTTGAGACAAGTGGAGGATTTTATACCTTGACAGGGGAGGTCAAAGGTCACCCCACTCAGAACGTCTTGGCCTAGTGCCCCGACTCAGCCGTATATCTTGGGAATGCAATGATAAATACGCATGAGTACAAAGACTATATATTGCTTGGTGTATTTCACATAGGCCCCGACAGAATGCGCTAACCCTATCGGGACCGGCTAATGTCTTGATGGATCCGAACGACCTACACAGCACTACACATCGAAGTGTGATGCTGCTTGACAGCGCTTAGTCCCGTGTGGACCCTCCAATGCATTAGAGACCATCACAGGTAGCATATATCGGTCGGGGATGTCTCGTCGAGACTATGGGACCAGCGGAGTAGCCCACCTACCGAAAACTCCGGGATGTGCGATGGAATAGGCAGCGGGCTCCGCATGTCTTAGGCAACTTGACTCATGGTTACATCTCCATTACGCAACTAAACACGCATTTGATAACCAGAAGCCATTCTCATGGGTGTGGTACTTGCGTATAGTTGAATATCAGATTAACTTCGTTGAGAACTTTACTTGCGTACTACTGATTCCGACATACTACAAGTCAGTGCACTGCTCGTGGGTCTCAATAGTCCTTAGGGGACAATAAG,984,48.07,Saccharomyces cerevisiae
SEQ_917026,TAACAGTGACGACGTGATTTACGTGCTATGTGTGACGATGACGGAGGGGATAATCAGAGCACGAGGAAGATGGTTAGATCTCCTATCAACGCGACCAGGGGTGCGGCTGATGATGTTCATCTACTCCTAAGGGCGCCAAAACACAAATCTGGAAGACTGCGGCTCCTGGGATTTCCTGGCGCATAATCCGACTAGTAATGAGGATTCCGATACATCGAGAAACCACGGGCATATGGTACGATTACGCCATTAGATCGACGGTTCTGTTTCGGCTCACTTATACCACTACCTCACAGCCGACGCGCGCAACGGCCTACGTTAAACACAAGTCTAACACGTTTTCTAACCCCGAGTCTTCTTATTGAGATCATTGGTAATATACGGTCTAGTGGATTGTCTCGACGGCACCAAGTAATAGCTGTGCAACAGGATCGTGACAAGACATCGCTTGCTTCGAGACAACAGTCTTCCTGCGCTTTCACGGCCCCTGGTTGCGAGTGTAGCAGGTCACAACCAAGCGTTGGCGCAATAAAGTGGCCCTGACTCGCGGGATGTAATAGCAGGAAACGGTTTATCGGACCAGCATCTTCGCTAGTATGTGAGGATAGCTACTCTTACGGTGGAGTGGAGACCTCGCCCATTCACATGTCGGCATTTTATATCGAGCTTTATAGGTTCTCGGACCCTCCCCCAACGCGGGAGGGTTACAAAGCAAGGTCCCAATGAGGCCCCCATGTGGCAAGAATATACTACTGGCATAACTCTGTGAAGTAGACAATTACGCCCAGTCTTGGGATTGTACAGATTCTCATTTGGTCAAGCAAGCTGGAGCACCTGCCGAGGCTGCCATGGACAACAATCCTACCTATCGGTGAACTTGCATATAATGTTGGATAGCTTTACGACTAGGGATATCCTACTCCATACTAACGGTATTGCCACTAACTACACGCGTGATCCCCTGGATACTCATGGCTGCCTGCCGTAGCCCGTTGTAGCGTCAGAGTTCAACAAATGGCTATTAGACACCGCAGGCGCGACATAAGCTTGCACGGTGACACATCCCGAACGATGTTCACACGTCAGTCAGGAGGACCGATGTCTTGTCATACAAAATATAGTGGATGTTAGCCGATGGTGAAAAAATATCCAGCAGTTCTCCTCGAAGGGCTATGTAGGAATGTGCTGCAATGCTTTTCCAGTAAGCAGAGTATTTCTTGTATGTCGCTGCAAGTCTTGTAGAAGGCGTCCATTCCTGTAGGTCAGAGGTAGGGCCCTACTAATAGTGCGCCCACCCTGCGCACCGTTGGCTGTGAGGTCGGCCGAGGTAACACCATCTCTTGGTCCACGGTCGCGCCCAACATATCGGGGCTGCTTTTCTAAGGAATTGTTGAGAGCTCCGCGGAATCCGTCGGAAATTCGCATCAGGCCCCTC,1435,50.59,Drosophila melanogaster
SEQ_583525,GCGACTCCGTAACAGTTGCCTTTAACTCTTCTAAGGTTATAGTGGATAAGCACTCGGGCAGCAATAGAAACGCGGTTAAGGACCCTTGCTATATCTCCTTTCTAACCGGGGTCGGACTCCCTGAGTCGAGTTAGCGGCGCGACACCACTTCCTGGCCTAACTCTCTGTTTATATGACTCCATTGTTCCTTTTTACTGACTATGATCCGGAGTATAGTAAACCTTGTGGTTCTTTGTAGTGAAATTCAGACACTTTTCGATGGGGACGAAGGCCCTTATACAGTTTAAAACGCACTGTCAGTTTGAAAGAGAAAAAGCCCGGGTAAGTGCAACCTCGAAAGGCTCACATCTTACTACCTTACGGAGTCCGATCAGTAAACCTCAAAAGTACCTCGTTGTACGACTCTTGGTTCCTATCCGTACCGAAAGCACGGAACCCGGCCGACAACGTTGCAGGTCTGATCTTCTTGACTGATTAGTCCCTGATGATAGTGAGTAGCTCTTAGGTCGGCGAATACGGCTTGTCCTCAACTTCCGCCCACTCCGGCATATATGCTGTATATGTTACGGTGCCACTACTACCGCGAAAGGCATGTCGGCGTGTAAAATTTCCTCACTTGCAATATGCTGGGCGATTCAGCAATTATTACCCCGCGGGTGTAGCTTCTCATTCAGACGTGTATTAAAGCTCTGTTAAGAAACCCTTTTACACCGTGGCAACAATAAAGATGAGATAATCAAATATTGACTATCGGTCTGAACTGCATTCGGCAATGTCGTTAACTCGAGGCTTAGACGAAGCAACCCCCCCCGAATCTACG,820,47.07,Homo sapiens
SEQ_836045,GTTATTAGAAAAAAAGACTATCATAATGGAGTGGGACGCGCTGTAAGCGGCCCAGTAACAGGCGAAGTAGGAATCAGCACCTAGAGTCCAAAGGCCAGCAGAACCCAGTCTCGCGACCTAGCGGACCGTTCTGGGCGCCTCATAGCGCCATGGCTCGCGAAGACAGGCAGTTTTCCTGTTCTAACAAATGACCATCGCTTCCTCCTAAATTAGGGTTTGCCTAGTGCGTTATAGAGGTGTCACCCCTTTATCTAAGAGAAGATTGAAATAGCCAGGCCGCAACGCTCCTATGGGCCGTGGCGGAAAAATTTTAAATCTCGCGATGACCTGACCTCCTACAAGCGAAAGCTCACCGTTTCCCGAGCATTCGTTACGGATGATGAAATTTAATACGGTGGATAAA,403,49.38,Drosophila melanogaster
SEQ_773918,TAACATTTTTTAGCTAACAATTATATACGGCGCGGTAGAATGAATAGTAGTGACGTAGGAATGCGGCCTGGACCGGCGAGGGTAGGTTAACACAGAATTTTCTGAGGTCAAGTTCGTTGCAAAGCGACGTTCGATTTGGCGTCTTGGACGGGCGCGGAGAGCGAGTAGCAGCTCTACTTTTCGTTTGACGGGGCAACGGAGCGTACTAGGTCTCGGCGCCGGCAAATAATGGCTTGTATCTATATATTGTCGCCCGGCCTCTGCGGCCAAAAATACACCAAAAGTTACTTCACGTTCGTCTCCATTATCTCCGGTAAGGCAGTACGTAGACTGGTTACGGTGGACCTCGAGTCACCGCTGTGTGATACGCAAGAAACTGGGTGACCCTGGACTGTCCCGATGTCGCTACCTTTGGCTTTTAGAGGCCGTGGCTAACTCATAGTACTATAGTGCGTTTGATTTAAGGTTTGGTCATTGCAGATTTTTTGTGCCCTATGAAAGAATCGGGCCATCATGAAGGTTCCGTGGAAAAAGGACGCTAATATCAGTACGGCTTGGAAGCGCAAGTAGGTCCAATATGGACTTGTGGCCTCTTACAGGTTGTGGTAATCCTAAGCCATGCCCGAACTGCGTGGCAAGCCGGAGTAAAAGGGCGACGCTGCTGCAAAAGTTCTCGGTGGTACTATGGCGTTCCTACCCCGGCAGCGGTCCATTCAGTATCGTACGGACGACCACAAAACATGAGTCCTGTGGTAGTATGTGGGACCTCAACGGCGTGCGTGTTTCTTTCGAACCAATATCACTAGGCGTTCCACCCCTTCCTAAAGGCGTCGAAAAATACCATCGAGGCCTCGTACGGGCTAAGTGGGTTTAATAGAAGCTTCCAAGGGTCTCGCCCCCACCAGGATTGTGAGAGAGAAGGACATCGTACCCAGGAATCTGTTATATCCTCGTTCATCAGAGTTCCGATTGCGCCTGCGAAGGCATAAACTTTCCTAGTCCACCCAACTCTCGTCGGCGAGGGCCGTATTCCGCGACGTGAGAGGACAATTAGGGATAACCTTGTAATCTGCACACGAGCTGCTTTTGTAGTCCAGGTATCAACGTCAGGGGCGGTGGATCAGATCCGGATGGCATGGCAACATAGTCATGCTCCTTCAAGCAAGTCGGGAGCCGGGGGGCAAGCGGTTCTGAGCTCGTAGCGTTCCAAACAATCACGCGCTTAATATCTCTTCCCACGTTAAGAGCCGTTTACCGAGCCAGGACTCAATCAAGCATCCGAGGTGGTACCGGAGCTTGATCTTTCAAGCCACTAGAAGATAGCGATTATGGCGCACGGTCGTACCTACGGGAGCTTTCTGCTGTCAGGCGATCTTATAGGTGCCAGGGAACCACACGCGACCATGCCGCGAGCACGGTGACCTGTGATAGTTGCGTAGTTGACTATTGCAGTTCTTCCGCAATATTTCAAAAGGAATTCCTCTCACGTTACTCCTCGCAGTGACTCGTGCGGAAGAGGGCCCCGCTTGAACAAGGGCCTGAAGGACACGATCGTTGGTCACTCTAAGTTAAAAGCAGTCTGCACGTGTTGGGAGGAGAGGCGACCAGTGTTCGTAGCTGTCCTAGTGCAACCACAGGATTAAGAGATCCGTAGGATTACTGCGGGACGCTCGCACAGTGCTAACAGTACGAGGATCAGGGTCCTCCGCGTAGTCACAGTTACATATCGCCCTTTCTTACGGCTTTTTCTATCCAGAGAATAATATTTGTAAAGTAAGAAATGGCGCAGTACCACTCGGACGAGGTTTCTTTCGGCCTCCGGTACGCTCAATTTGCGCTTCAAAGCCCGGATAGTGCCCACAGGGGAGTCAACCCTG,1877,51.62,Homo sapiens
SEQ_235476,ATCATCCCGCCACGTCCTTAGCGCTTCCGGACCAGCGGCATTCGGATCCTCGGTAAGGTGGGCGGAAGGGACTGCAAAACTCCGTGCAACGTGACTACACGGTATGG,107,59.81,Drosophila melanogaster
SEQ_300290,CATTCCGTTTGACCGCCAGACATCATCCATTATCGTCAAGTTGCCCTTTCCGGAAGACAATATCACGTTCGCCTAGATCCATCTTACGGGACCCCCAGTCAGGGATAAAAGTATGTTTCACACAGGAATATTTCGTTCGGCTTTACTTGGCCTTGTACCGAGTTTTGGTCATTAATCGCTCACCCGCAGTAATGAATATTTAGCGGGGAGCATCGCACACAACCAACTAAGAAATGCCCCCATGGAACCGATTTGACACATGCGACTAAGTTCACGCGGTAACGACCGTTGCAAATAATAATCCATGCGAGGCGTATCCGAAGAACAAGTATTTTCCTGGATCTCAAGGACCATACTTTGGACCACAATTTTTTCATCCTTAATCGCCAGGGTTTTGTGGATCAGGTGCCCCGATAGTCTCGATGGGTGAGGTTTGTGATCGAACGTGTGTTTGATGCAGCTCTAATTCATGATCCATTGATAATGCTCTAAGCAGCAAAGGTAGGAGTGCAGCTAGTTTCCAATCACACAATCACGGTATGAACATAGACATAGCCGCTGGGGATTAACTCAATCATTAAATGTCAGGCCTTGTTTACTACAGGCTGGGATAAGTATCTTGCTTGTGTTTCCCTTATAGGAGAACCATAAAACGTTGCCCACAGCACTCGGTGGCAGTCCGGTGAGAGGAACGTGAGAAGAGGATAGGAACCGATGTTCTCTGGACGACCTGTCTGGGTCTGTTTCCCCAAAATGGAATGGCTTTTACTAGTCATGGGGCTACGTGCGCAGTTAGGGAAAACTCAATGAGATTTCCC,818,46.45,Arabidopsis thaliana
SEQ_325097,GCTAGAAAGAGTCTCTCTGCCTAATGCGGCCATCCTAAATCTGTTTGCGTGGCAGCCAGAACCTACATCACAGATAACGACCAAGCATGTAAGCGACCTGTCCAGGAGGCAATCTACCGCCATGAAGGACGGTGGCCGATCTCTAACAATACGCGGTGCCCGCGAAAATGACATTCACCTCGGGTGTCATGATGGGTGAGTTCGTAATCCCATAGTCGGCACATCTGGCTCACGTCCTCTGTCTGATTAAAAGAATTGCGGAAAGAGAGCCAAACGAGGAAAGTTGAGCATCCATTCCAGGCTTGTACACACCGTAACCGTTTGATCCTGGGCCTGAGCGATACGGCGGACGTTTCTTGAGTGTACTTCTCTAGTACCTTGTTAAGGTCGTCGGTATGATGTGAGCCTGGCCACCGAGTATAGGTGCGTCATAGAAACTCGTCACGGCCGCCGCGCGTAGTCGTAAACTCTATATAGGCGAGTTCTGACAAGATCCGTGGATAGGGTACAACACGGCTAGCACTGATAGCGCCAAATCGTCACTCATGAGAGGACGCATTATCTGGCCCATCCGACTCATCGATGCGTGAGCGGATAATCCGTGCCGTAGCCAGGATGGTGACTGAAGGCCCGCGTTGGTCCACGTTGTGATGTGAGAGGGGCTTTTAAACGAAACGCCGAGTAATCCACTCGACAGTGGGGATCCGCCTAGCTCAGACAATGACATGCGAGAGAATCCAATGTAACACCGCCCGGATTCTTTTCCGCGATCTTGCGCGCTAGTTGAAGGATATATCAAGCAGACACATAAGTCGCAATATAGGGTGTGCCGGTCCAGAGCTGGACGCCCCACCCGGTTAAGTCAAGCTCTTGAAGACGCATTTACTTGCTGCGCTTATTCCCTGCCAACCTTCCAGTATATCGCGGGGAGGATTTTTGCTGTAATGACGGGACCGAAGGTTACACTACTGCTCCGTTGGCACAACTGACCTGCACGCAGCGCTTATTCGCAGACTTATCGCGAACACTCGGAGCGTTTTTTTGAAAGGCCACTTAACTGAATAAGCTTACGACATTCGTGGACTCAGCTATCTCGAAATTCGGGATGGTCTACTTGTAAATCAAATTGGTCGGGCCATGCTAACATTGATCTTTGGAATGACTTGTAAATCTTCGTCAGACTTGTATAGAGGAATCGAAGTAGAGAATGACACCCGTAAGCCTAACTCTCTCGACATCAGAATTCTAGCGAGACATTTACTCTCACTACCAAAGGCTACCGAGCGAAAGTATTATAACAGTGCCCATAACCGTAAGGTCTCCGAGTTTAGATATTCCAGCGAGGTCGTTATATCGGCAAACGAACCGTCAGACCATGTGTCCAGCAGAGGCGTATCAGTATCCCTGTACGTACGAACCTAAAGTCCCATGGCTCACATGACGAACCCAGATAAAGGACACTTAATCCCGGACTCTAATGCGTCCCCAGGCGCCTGTCAACTCTGGAGAGACGGATTTTCTCTTCGTTATCCGCTTGGCGTCCAACGCTGT,1551,50.42,Caenorhabditis elegans
SEQ_261688,ACAGATAGACTCACTAGGCGCGGTAACTCAGTCGGTAGGGAGATGCCAGGAGGAATTAGTTGTTAGTTGAACTGGAGTGAAAGAATTTCTATCTTCAACTACTCAGCCCCCGCGCCTCTGTCAGGTTAAAAAGTTCTCACGTCCTAAGCCGGCCGAGTTTGGATCTATGAACTTAACTTCTCTCATTCGCCTGCCCGTAACGTAAACTGGTGCGTAAAGCGACTGGTAAGAAAGTAGTCTGATGTACGCCCTCGGCCCTGCCGGACACGCTTTGTTAACTCCTCTTAACACACCGTGCCTTGGTGGACCGGACCGAG,317,50.79,Escherichia coli
SEQ_111297,TTGTAAAAATACGTCGTTAAATTGTACAGCTATCCCGATATATTAGGTGTACGCATCCGGATGTGCCCTCAAATAAACGCAACGCCATGAGCCGCCCGTTAGCGTAACTAAGGAACTCAATCCACGGAGATAAGTTGTAAAACGCGTAGTTTTAAGCTTTCGGCACGCCTAGAGTATGGTTGTTTATATACGAGCTTGTTTAAATGATTATGCCATGTCTCTTTGTACGCTAATTTGGAAATCCTCAACGTGACTATTTTCGACGTCTCCTTTGCCATAGATAGTCCGGTTGAAATTACAAACTTGAGAATCCTCGGGGACCACGTAGACATCAAATATACAGACCTACCAAGGAGGGAAGCTGCAGCCATGTCTAAAGATTGCGGCAGTACTCAGACAACCACTGCCATGCCACCATACATATAGACTTATCCGACTTAGGGTGTCGGTAAGTGTTACAATTGGCCTTTACGGTAATAAATTAATTAGAAGGGCGTCGTCGTAGTGCATTTCTCTGCGAGAGCCGGAAATCTCCGAATCGCTCGCTAGGCGCCTATCCTTAGAGCGACAACCGGCATAAGGCGCCTGTCACCTAGCACTTCCTTGAATACTAGCCCGCCGATGCCATCTTCCTAGATTTTCCACATATGCAGAACGACTCAGTCACCCCTTACTGTCCGCGCAACCATGAATGGCTCGTCTAGGGCTAAAGCGCAGGCTTTTAAGGCGACTTGCACAGTGTTTTCCACTGGCTGTGGTTCTGCAATGTGGCTCACACGAGGAACAGGACGAGACTTGCGACCTGTGCCTCGAAAGACACCATACGACATAGGGGCGGGGGCGCCTGTATAGATTTTTAGGTCGACCGTTTTCGGCC,877,47.89,Escherichia coli
SEQ_948302,CAGGAAAATATGGCCCGCGAGACTTAGTTACTCCCCTAGTTGGTGCCGATAATCAATCTTCGCGGGTGTAAATGGTAGCCATCAGTAGACTGTTCACCATGCACCAGCGCTATAATCGTCTGATTGACTGCCTCATTAGTCCCTTGGATATTGCAACGTCCCTTAGGGCCAACAGGCGAAGAAATCGCCGACCATACGGCATTTCTCGAAGGTGCGTGGCCTAAACCGCCCTATTGTGATATTAAAACGCGACTCCTAATTCGGCACCAAGGGGCAGAGCCTACCGGAGGCTCACTTCCCGCCCAAGTCCTACAATTTCGATCTGGCTCACTCAGGGTGTATGGTGGATTCGCATATACGCCTAATTAACATGATGGACGCATCCACATCGCGTTACCATGGTCTACCCGGTCAGGTTAATATCGGAGATTTCGGGGAGCACCGACGGGGGTCCTGTTCGAATAACGGCTCGATGGACACACTTTATCAACTGGGTTTTGGGCGCAGTTGTTTCTCGGCCGGACAGGAGTTCCCAAGACTCAACGAATGCGTTGTTTCACCACTTCTTAAACCGCCACACGCAGCAGACCACGTGTCCTTTCATGCTGAGAATAGTGGCCACTCGGCATCTCTCCTCTCCACGGCCTACCCGGACAGACGGATTACAGCGCACGATGACCGACATATTTTCCTACATGTTCTCATTCCCTAGTTTAACCGACATGAGGAGTCGCTCATTAACGCTCAATCTTTACCAACGCGGATGCTTCCTCCATGAGCTTATCTTCTGCCAGCATTCATCACAATTCATCGACACTCCGATCATATCGCCTAACATCTCTTACGATTATCACTCGTATCTCAGGTCAATGACAGGTTTGATATAAG,888,50.23,Arabidopsis thaliana
SEQ_271635,TATGTAGTGTAGATTACAACCATACGAGTTTCCTGAGCGTGGATGCTCTTGCGTCCACATCCTCCATTAATATCTGGCTTACGCCTAGAAGGATCGTGCTGTGCTGGGCAATGAAGGCTAATTTCACTAAAGGTAGTCAAGTGCGTGTAGAACTCAGTGAATTATATTCCACGCCACGAAGCCTTTAGATGCCAATCTACTTGCCACAGTTGGACCGCGGCGCTATTGATGGACAGCGCCTATGAGGCCCCTAATTCTAAATTACGCCTTCAATCGAGGGAGACTGATGTGGCTTAGTGGCATCAGTGAATCGGGACGTTAATACCTATTAGGGAATCGTTGAGCCCCATTATTACATGTGGGCGACAGGCTGTCATGATGCGCTAGCCTCACACTCGACTGTAACATTCACTGTTAACGTCAGTCATCCCTGCTGCGCATAGTGCACGCGTCACTACATGTGCTACTTATAACCAAGGGCAAGCTGCTTAGGAAAATTGCTCCGATCAGTCTACCATGTGTAGCATAGGCAATACGTGTAACTCTGACACTGTCGGAGGCATTCCTGCACGCATGCGCTGAAGGATGAGGAGCGACCTCCCGGGACTGAATCCTGCGCAAACTTTGATTGAGCTCACGTCTGGACGCCTGTATGGGGGGGCCTATGTAACTCAATTGATCGTCCTTGCCAACCTGGTCTGATATTGGTTGTAGATGATTAAAGTGGCTACCATGTGTGAGGGACTCCTTGAACGTCGTTGTCCGGGCCTTCGCACTTCCCTCACTCGGCATCAGTGAAGCGTCTCCTGCAAGACTTGGGGCGGCTCGGCGATGACGTCTAAAATTACGATTGGCAATTGAGAACCAGGATAACGGTGCTCACTCGCAGGAATAACCCTAGTGGATCCGGTTCCATCAGTTTACTAGTGTCTATCACTAAGCTGTTACAAACGCGCATGAATCATGGGTTCCGGAGCTGGCGGAGTGTCATGGCTGAAAGCAGACAGGCTGTGAGATTCTGTCGTATGCGAAACGCACACCTGTCCACCAGACGAAGCCTTACGGAATGACCTGTGACAACGACGAAGGTTGTGTTGCTGAACCTGTTGGTTAAAGTCACGTTTAGTTTTGCAAGGAACTTTCAAAGACTGAATTTTGGCCACTACAACCCGCGCCTCAGTATGAACTCGTTGCGTAACTGGCGGTTGGAACTAGCCACTATGCTGTAATCATTTGGCCAAGCGCAAGTGGACGAGTTAGACTTGTGAAGCAGGCACAGCATTCGAAGGCCTACCATGGGGCTAAAGTTTGTATCAGCTATTTTATGCCAATAGATGTGGTGGGAAGGTACCTGAACCGGACGCTTGAGCACGATGCTTTAAGTCGGGCCCAGGTTCCATTCA,1403,49.75,Saccharomyces cerevisiae
SEQ_539333,TTAAGCCTTTCCCTGGACCGTACGTTATCACTTCGGGTAGACGAAGGGATTATAACACCTTAACGATGCGTACACGCATCGCGGCATTTGTTATCCGTCATTTGAAGTGGAAGATTAAGACAGTATCTTTTAACTGACAGCACCCTTGTGTGAGCCGTTTCCAGAAACCGTACCTCAGAACCTTAATTACTGGATTGACTGTCTTAGATGGGAATTACGATGCCGAATAGGAAGAGCTTCGAACCGACAGAGAAACTGTGCCAAATTAAGTTACACCGACATCCCCCAGCGGATAAAAGCCCTAAATTTCTATTCACTAGGATCGAGAGCAATGAACCGTATCCATCTCTACTGTCGCTGCATCGATCAGCTGGCTGTTTCTCGTTAAACCGAATTGTACACCAAAGTCGACCAGCCTCCCTAAGCTGAGCTCAATTGGGTCCTATACTAAATGACTTCCGGAGCATTTGGGGTCGTGCTAGTCAAGGCACCTAAGCTTAAGCCGTCCCGAACGCAGGCGTATTTATCGTTCGGGTGACAGCTGGAGGTTCGATGACGGAGCACATTTAGTCAAAGGTAAAGGAAGGGGGTCCGTACAGGGGCGCCTCACGTGGGTTCTCTTTGCGGGTGGGGCGGCAAAGATGTTCTACCATATAAGGACAATATTATACTTATCTCTATGGGGGGGGCCACCGGTTTCTGATCGAAGGAACTCACAAACACGGCAAGTCTATCGTCACAAGTT,745,48.05,Mus musculus
SEQ_921538,GTTTGATCCTTGAATTCTTCATCACACCGGCGAGCGCAAGAAAGCGGGACGTTTCGTATTGGCAGAACGAATCGTCGACCCACGTAATTCGGGAAAGGGCCGTCATGTAAGGGCGTCAAACTTAGCTAGACCTAATTAACAGCACAGTGCACTAGATTGGAACCGTCCCATCTAACTGCATCTCTACACGATAACACAGGTGGTGGAACCCATCTCACAGTGCACATACACAGGCCCGATACCAATTGGGATCATCAACATCGTTAGTAGTGCTTACTGTTCCGCCGCCAAGCCTGACTTTCCGCGTTGCCTTGTAAACACCCCGCGAATTCCCATCAGAGTTTACCATCGGAGGAACGGCAGCCGTAAGATTGTAGAACGTACGGTGACCAACACACCTCTTTGGCATTGTCGTGCTGAGTGCACGGATCTCGTGCACGGACCTAGGAGGCCGGAGCAGTGCGAAAAAT,470,51.49,Caenorhabditis elegans
SEQ_559751,AATCTGCACCGTCATTTCACGAGCACGCAGATTACTTAGGCGGTTGAGCTCTTCCTAGCCTTCTTTATTCCCTTGACTAGCGAACGGACATTGATTACCCCGACCATATTGAATGAGCTTGCCGAGCAAAGCGACTTAGGGGAAACAACTAGCAAGCTTATGCGTGAGGAACACACTTTCCGGCATCCTAAAGACCGGTACGTTAACCCTCTGTGTTGTCAAGGGCCTATGGGTTGACACCAAATACATGTTACTAAACAAGGGTCAGGCCTCCCTCGAGGAGCCTGTTAAGAGACTGCCTAGGCACATTGTATTCCAAGACTAAAAGCCTCGTATCAACGCCCAACATGGGTGTTCACCAACAGCAATCGACAAATATTGAGAATGGAAGCGGTCACGTATGGCATAAGCCTGGGCTCCGGGCTCCGGGGTTTGTGACACTTGGTTATGTATCCACGGAGATTGGCTAGGTCTTTACGCCAGGAACCTATTTTGCTTTCGGGTCTCTGTATACGTCTCGCGTGGTAGTCACAATGCGAACAACCCGTAGGGTATTGTTTCGGTCGAATGCCTACTTTGGTTACCCGTAGATCTCTTTGTGCTCGTGAATCAGTCCGACAGGAACAATGGTATCAGTCTTAAGGATTTCTTAACCGCAACCCGTTTGTGGCTAAAACGAGAACCAGGTATAGTAATCAAGTGTGCTTCGATCGGATCCACGCGTATTCCGATGAAAAGCCAGGGCGCGTCAATGGTGCCTCCCCATAGTGAACGCATCCTGCTCCGGCAACGTACGCGCTTATCATATGTGAGCTACGTTCTAGAGCAGACGGGGCTATCACGACTCGTAGCTTTCAGAGCGTAGTAGGGAGGAATCCTGAGGGACTGCGTCGCTAGTCTCCTTAATCCGTACGTATCCCCTCTAAGCGACAGATAGCAAAAGGGGGTGAGTCGACCACACTCTACCCGCGGATATGAAGCAAGCAAGCTACAGCCTAAGGCGAAGGCACCGGTAGGACAAGTTAGACGATATACGGGAACGAAGAGGTCTACCATCCCTATAAAATCTTGAGGGCAAGGCTGTGCATATAGGATCACTACTACTCCGAGAGGGCGACTGGTTCTCAGCTACAGACAGGAGGGCCTTGTTACCGCGCTATGCGAAAACGAAGCTCTGGTGCCTCCCGAGACTAGAGATTTCATGGGGGTGTATATTTGGATTCTCGCGATTGGCTGTGTTGGTGGCAGGCCTAGCTTGGCCGCTTGCGTCCGTGTTGCCCAGCGTACCTGTCAGTGTTGGCGCGCACTGCGGTCAAATCCGCCTATAGTCTCTGATTGCCGCCAGGAGCTAGGACTCCAAGCATTGGTCGCCCAACGCGTCTCTGACCCACGTAGATGCGCACAGTCTGTTGTAACGCATCAAATTACGAATTCTTATTGCGTGCGCAGCAGTAGCTACACAGTAAGAAGAATTCCAATGCATAAACAAATGTGTCCTCTATAGCAAGTCTACGTGGCTGGAACCAATCCTCAGAATGCCACTACTATCTTAGCTTTACCCGTATCATGGTACGAACCG,1579,50.66,Caenorhabditis elegans
SEQ_591434,GCTCCTTTATATCCGTGGGGCATTTACATATCGCAGAACCAGAATTTGCCAGAAGGCTCGAGATCTGGAATTCACTAACGGCCTTTTTGAATCTATCTGCTGGGTCACTGGCCATGCGCTGAGTTAGACGCTGGTGGACAGGTTGAAACCCCCGTTTCTGATCTGGCAGGCATTGACTAGATTAACAAACTACATCTAGAGGTTATGATTATTGCGTATTAAAGCCCGCGGGCGATACATGGGGAACAAACGCCCCGACTTGTTGTTTCATGACCACGAGCTGGAAATTCAGGGTCGATGCTGATCCACGATAGAAGCTCACAACCAGCTGAAGTACAGAACAGGTGCTAACCTAACAAAAAACGCCGGAGAAGCCGAACTGGTGGAAATAAGATACCTATTCCAGAATAGGAAGCAAGGGATCGATCGCGAATGTCTCTGCATACAACATGGCTTATTCAAAGAGCCCCAGTGACGGCTAATGGTGTGTGAACGATGACTAAGCCAGTGAGGGCTGGGCAAGCTTGTAACCCTCTTGGACAGATGAGGGAGAAGTCCGATGCCGTCTTACCCTCGACAGTAGACGAGTAGTGTCCTGCACCCGAGCCCATTGGCGATGGGCTGTGCGGGTGACTGGGTGAATCAGATTAATTCGGGCCAGTAACCATATCGCTGGAACCGCCTACCCTAGCAGAGAAGCCCTGCCGGTAATTTTGTCTTATCCAAGGCTTACGTTCAGTAGTAAATCAGCGGAGCGTAGGTTAACGTCGATTCGCCAACATCTGGAACCAGTTGACCCTCGATCCATTGGGATCTCTCACCTGTTCATGCTGGAATACAACTAGCGCGTACTTACAAGCCCGGGAGATCCGATATTGAATACACCTACTCGAGTCAACGACATTCGGACTTTTCCCAGAGTTAATAAACTATCTGTCACAATTCGTTCTTCATTTCAGCGGATACAGTACGGGGCCTTTGAGGGTAAGGGCTCCAGGCCTCATGGTTGTCAGCCTGTATATCAGGGGGAGTGGGTCCGCCGTTAGTGACAGTGAAGGCTAATTACTCTTACTACTTCAAGCACTCGAACAGTTGTATTGCTCGTATCCTATGCACGCGGCACGTTCAAGGTACTTGTAGGACTTCGGTCCCCTAGTTCGCGTTGGTGACTCGGAGTGGTTCACTCCCGGCAAACTTAGGGACACCAGTGCGGCAGGGACCTGGCCAAACCGGGACGAAAATATTCCCGTCCGTGTTTATCCCGTGCGTCGCCTACTCGTAAGAGATTGACATCTGACACTCTATCTACTTGGTAACCAGTTAGCATCTTGTCAAACCTCGCGCAATTGGCGGTAATGAACAACCTTATAAACTTCGAAGCGTCCAGATCATCTATTTACGATATTGACGTCCCTCCACACTGTTGCAAGATAGGTTGTTGACGATGAGGAGGCGGTGCGAAGCGTTAAAGCTCTTAGTCCGTGACCGACGCGCGTTGAAATCTTTCCATTCTATAGTACATAGAGATGTACAAAAGCTGTTTTGAGTTATTTCGAGGCCGGGGGTTAATACGCCATTTTAGAATGGTAAAGTGACTGGAAAGCAAGTCTGCTTGGAGAGCTTGGCGAAGTGGATGCAAGAGCGAAAGGGTGAAGTAAGTGAGTGATAGGCCGAATGACCCACTCAGCCTCTCGTACTGTGGACTGATCTACGTTACACTGTTCGTTTTGTGTACGAGGCTATGACCATCCTGCCTACA,1759,49.29,Caenorhabditis elegans
SEQ_946421,GATCGGCTTAGTTACATAGGTTGTTATAGTCTAGTTCCCTCATCCTGTGAAGAGTGGCTTTGCCAGGCCCCAATAATTCCCATGTGTTCGCATGCAATGCCCACGGATGGTGCTACTTTTTTGGGGGACAGCATGGTGAGAGACCCTACCAATTCTCCTTGTACAAAGGTCCTAATATCGCCATTAAAGTACCTCCTGTTGAGTAAACGGCGCTCAAACTTCATTTCCCGCTAGCTGGGAGATTGTGGATGCTCCGCGAACTGCTAACGATCGTTCCTGGTAGCTATCCCAAGCCGAAGTTTTAAACGTGGAATTCCTATTGCTTATTAAACTAGAGCCGGTCTAGTCCTAACGGATTTTAAGGTAACGTGGTAGAGTGCGATCTTCTGACCCGCGGAGGATTAAGTCGTCAAGGCGCGTATATGATCACGTTAGCGCTTCTACCAAGGCCCATCCGAGCGCGAACCGTCAGCTCTTTGATGCCGAGGGTACCTTGAATCGCTTAACCCTCAGATCTCTTGCCAGGTGCGCACACCTGAGATTTCCCCGTCGAATCGTAAAAGTCGATGCATGCGAGCTCACTTTGCCGTTTCTTTTCGTTACCATGACCCCTATTGTAAAAATCCTTGTCAGAGTCTTAGTTTATATTCGCGTCCCCGCGACGACGCACGTATATGTCTGACCGAGCGAGCCGAATCCTTTGCCGGCATGTTGCCTGGGTTCCGTTACAGGGGAATCCCGTGAATATCTTCTGGAGTCTGATTGTTCACCATTGTTCACACGTGGGCTGGTATGGTCAATCAGTGAAACAATCTGTTGTACCCTAACTGCGTGGTTCGAAGCGCTTCGGGTTCGCCA,858,49.65,Homo sapiens
SEQ_728703,CGTGAGTAGTATCCTTAGACTGCGCGCTTGGAAGCTCGCTTTGGGTTATGCTGTATGTATGCATCTCGTCGACCAGAAGGCTCGTGCGACGCAGCCGCTGTCGTTTTACACACTACGCTACATTAGCATTCAGAGTACTTATTCGCAGGTAAAGAGCCCTAAATTCGGTTACGCAAATCAACGGCGGGAGTCTACTTGGCCTCTGACGATCTGGACGGAAGGGACCCAGTTATGCAAGGATCTTAACGCCCAGGGTACAAGTTTGCAAACGGTTCATGTCTATTTGACCGGTGAATCGAATGCCAGTCGCGCTACATACCATTTGCACAGAAGTTGAACCGGCCTGTCTGATACAGCTACCAGGAAAGCTCGCGAGAAACCTGTCTGAACCGACCCCGACTTCGTTATGAAAACGACAAGCGGAAACTTCAATGACTTTTAAAACCTGGGTTGCAGTAAAAAATATCCTACTTCGCATCCTGGTTCGGCGATATAACAATTTCCTGGAAAGAAGAACGCCTACAATGTCTGTTCACCGACTATGTATGGAAATCACTCAAGTTTGTCCGCGATTTGGCAAATTGTAATTGCATTCTACTATTCTATTGCGGAACCCAACCTTCGCGAATTATTGATTCGAGAGATACGTCGCATTGCAAGTACCGTACTTGCGGCGATAATCGGGCAGTTCTTAGCACAAAGAAAACAAATCCTAACCGGCGGCGACG,728,47.39,Homo sapiens
SEQ_586982,GTACTCAGAAAGTGAGTTAGCTCGAACGAAACGAGTTGGCGACTAGTTTGTATTTCGAAAGCCCATTGACGTTGAACAGTGCCGGGCAAGGTGCTTCAAGTTGGATTTGTCCATTGTCTCCCACATTGTAGTTGCTCTGATTGGCGCCGGATGCACTCGCGGTCAATGGTGCGGACATGTGGGAACGGCGTGATCAATACAGTTTTGGAAATCAGGAACAGGATTCGTTTCGGTGGCCAGAAGAACGGACTGTTGTTTTCCTTAAAATCCTTGCCGTTCCTACGCTGGGGAGTCAAGCTGCATCCTCGATTTCTCTAGCGTCCCGTCTATACTTGCGCACACTAAATGCGTTCTGAAGCTGGACTTCGCCACGGCGGTTAAGATAGCAATGCAGAATACATAACATTCGGGAGTGATCTGAGCGCAAGAACTCCTAAGGCCAGGTCAGGTACGGAAGCTCCCCACCAAAGGTGCGTAGATCTACAAACGCGTTTATGGGATTGTCCCAACGAAGGGGAATCGGTCAGGGATCGAAACGCGCCCGTACCTATCGGGCAAATCAGAACGGTCCCGGTATTCCGGTCTTACCGTGAGATGCGTACCATACTCTCTCGTCTCGGTGTGGCGGGTCCATGTGATGTCAATCACTGAGTAAATAAAGGGGTGATAAACCTTTGTCGGCCGGGACATTTCCTTCCATGGAGACACACTACCAACACCCTCCTATTTAGCCTCCGGGGTTAAACCGGAGCTCGAGATCAGAGGCTGCCACTAGTCATTCTGGTTGGCAGGCGTAACCTACCGTTCTGGACTTTATTGACACAATGGGGCGGTGAGATCCGCTAATCTCTACAAACGCCCCGATAAGTTCTGACGAGAGACGTGATCTAGATATCTCTCTATGGGTTAAAGGATTTTGGGCTTGGTTTGCAGAGCTCTATATCGGGGGGGGAGATGAGATGGCTATAAAAAAGATGATCCAACAGACCGGGTACGACCACTACTTTTTCCCAGAGTCGTGAGACAGCTCACGGTACGAGGTCACTAACTGGACTGTACCATGGATCTAGGAATTTTAATGTTAAGCCGCATTCCTAGTACTAAATGAACCCGCTTTGTGCAGAACGTATATAAGTTGTAAAGGAGGATACAAGATATCGCGTTGGAAGTCCGCGGGTGTTGATAACATATAGGATGCTTGATGCAAGTGATAGGTGAGTTATGTTTTCACTGGAGGGATGTGTCTGCAAGCAACAGTGCAGCGTTAGCGTGCGAACTCCACTCTCTTTTTAAACCCCGCGAGTAACTCTGAGAGGGAGTGAAGCTCAACCCAC,1334,49.48,Homo sapiens
SEQ_544699,ATCCTATCGGTATGACTGTGCACGTGAGTCACATGTCCTGTCACGTCCCCACACGTTGTGGTCGGTCACGTCCAGCCCTAGGGGCCTGGCCTTAATAGCCTTTTTGGAGGAAGCCAGATGTGTAACCATGTTAGTGACGTTTTCCTTTGCCTCCTCCTCTCCCAGCTTCTTTGGTAAGGCGCTAATAGCTTGTCGTCCGAGCGATTGTGTACCATACCCTATTTACCCAGTCGGTCTTCGAGGCAAAATCATCATGATAAATAATCGTGTCAACGCATTAATTTGTGTCGGATAGGGCATGTCAAACTATGGTATAGTTGTCCGAAGAACTTGTGTGTTTCGTCCGATTGTCCTCGGTTATCCCCGCGATTTTCCTGGACCCGTGCCCTGGTCGCAATTGTTTAATCTTACGCACGTCCTAGGCCCGTTTTCGCCACTGTTACAAGCGCAGATTTGCCGTGGATCATACGAGGTGTATCCTCGGGGGTATCACCCTACAGACGGCAGGGATCGGTCGCTGCATTTACAGACGATATACTGCGAGC,545,50.64,Saccharomyces cerevisiae
SEQ_640207,CTTTTACATGGGAATTCATGGCTAGCGACATCGTGTATCTGAGGCCAAGGACCCTAACAGCCTTGGTTGCCTACACTCACATGAAAGTTCGCAGATCATTAGTTTCCACCCGCTCCTTGAGATAATTGTAGGCAAACGCTATCCAAGTCCTGATATATTCCTAGTCGCGGGATCTCTTTTACGACCAATCGCCCTTTCCAGGAAGACACGGTTCCAGGGGTTGCTGAGCCAGTGGGAGCTGACCTCGTTAGGTAAATTGGTGATCACCGGCTTGTCATGTACACGGGCGGTAGGTAATCCGTACGTATTAAGGTCATGAGTGAACGGTGATCCGGGCGTTCTATGAAACAGTCTCTGTGTGCGAACGATCGATAGACTAAGTTGTTTCGAACATGTTACATCGCGTCCTTTGCCGTTCTGCAATTTGCTCATGATGTGAGGAACCAGGCCGGAGCAATTTCGCGCTATGTACTAACGGAGATCGTAGACGAATGCCTCATCGAGTGCCGGCGCTTCTTAGGCGCGAGTGGTAGAAGTCCAAACCAGTTCCAATGGTGCGCACTGGGGAAGCCCCAGGGTGCCCAAGGCGCGACTATTGGCATATAGTTGCGGCGGCAGTGCGTTCGTGGCATGTCGCAACTAACATTCTCGCG,653,51.61,Arabidopsis thaliana
SEQ_823640,CTCATACCGACCCCGCACAACAATTGCGCCAAGTCGTTGGCCCACTCGGTGTGGAACCCAAGCAGCGAAATTTTTTCGTCACGAGATTGCGGAAGCGCTGCTCGCACCAGAGAGCGTTCCATTGATCCCTCGTGCGCCGCCGTACGTAAACTGCCCACAGCATAACAGGGGCCTAGCCGAGATCAATTGCCGCACGCATTTGAGCTTGACTACACTATCCTTGCTCATAGTTACAGCCATTGGGAGCGGTGATGCGGTCCTACCAAGGGACATGCAAGCGGCAAACCCAAATTATAGGCTGTAGCGCAAGAGTCGGCGTCAACGTCCAGATCCGGCAAGTCTCTTGCGCACAATAGATATACCGCAGTCTCGTAGTTAGCGAGCCGCATAATTGCTGTTGTACAGCTGGCACATGTCTCTAACTGGGGGCTGCTCAGACACTGATCTTACTAAATGTTTCAAAGGCTTTTGAAGCACTCCCTGCTGCTTCGGAATGTCTTCATATACGTTTGCACCCATTACAAAATGTATGCCCACCGATGAGCATGGAATCCCGGATTGGTGTCATATGGCGGTCAAT,580,52.07,Arabidopsis thaliana
SEQ_595366,TCGAATGCGCCCTGCGCGTCCACTGCTCATTATAGCCTAAGAAGGAGGCCCTACCACTGACCATGCATGCTGTAACAGAATTGTCAAAGCACACGACCGTTGTGAGGGATATAGCATCGACCGGACCTCCATGTTACCTTGGCCAAGTAGTACGTGATGTGTGATCATGTTGCATGTGTTCGCAGATCCATAACCGCTCACTGAGGGTGTCCGTCGGGGATATCCGAGAGACAACTTGCACTGCCGCTTAGCCTAGCGGCGGCATACTCAACTAGCAGGCTAGCTGTGCCCTTAACTCTCGTTGCCAGTTGCAGCAGCCGTCGTCTTCGAGTTTGTCTGGTCGCGTAACATGCGGGTCGGAGGTTCGAAGGGTTTGAATCGGCCATATTGGAAGTTGCAGACATGCATTACTTATCTCATGCATTGGGGCAGGCTTAGAAGAGTCGGAGATTAAAAATGAAGGTTTGAGTATTCACTGTCAAGCTGCCGATAAGCCACGCTCACGAGGGCATAGGACATCTCGTTTTGCAAGTATGTCAAAGACAGCTGCGCCTATTTTTTCCAGCAAGCTAGCCCCGCCTAGGCTGCAATGTCAATACTACGCGAGAAACCTGTCGGCTATATTGGGTCAACTTTGACAGCGTATAGAATCCGTAGTACAACGCCGCTAGCGGGAATACCAACCATTCGTACCTCGGGCGGGGATGAGACAAGTATGATTTCATGACCGTTAGTTTGCCGCGGAGTACTGGTGATCGGTTGCCACGTGACACACTAAGAGCCACGTGTCTAAATGCGGCGAGCCCCCTTTATTAGGGGCATTCTATGGGCTGAAGAACTACGGCATACCCCGCCTTTCTTTCTGAATCCTGAGCCGATAACGCGGCGAATCTAGAGGCGCGGCGGGTCGTAAATATGTCTTTAGTAACATCCCGAAACACCTATCACACCTTAAAATATCGCTAGAGGTCGGGCTCACCTCGCTAACA,989,51.37,Caenorhabditis elegans
SEQ_208739,TGTCAGTTCACCAATGTACCCCATCACAGCCATCGCAACGAGACTTGGTCGCGCTCTTCAACTCTCGCTGACCCGGTTTGAAAGAACGCTAGCTTGACCACTAGTAGCATTGTTTTCGGAGCGGTGTCTTTATTCCCGTTGACGGCCAACACTCTCGGGTGTAGCCCGATCCCACAAAGATCTGTACGACGTGGATGGAGTGTCAAGGTGTGACATCGACGATAACCGAGCAGTAACGGAGCCCCGTGAGGCTCACGTATTTGAGAAATCTAACAATGAACACAACTAGGCAGGCCGGGTTAGCGACCTAATAATTCTTGCTATTTCTCTATCTCCGCGGAACGCGCGGTTTGATCCGGGGAAGTCGAAGCTTAGGTGCAAACGCGTCCCATATCTATGTCAATTGACAATATTTTCTGGATATAGACGTGCAAGTCACTTCCAAGCGCGCTCTACTTCGCGTGAATGGGTCTTCTATCGAGGTCCCGTTTTAAAGGCACTCTACCATCGGAAGGCGCAAAGTTTAGGGTTGCTGGATACATTCTCAATAGTATCGAGGTGCCGAAAAGCAGCCCTCGTCAGTAGGGCCCTTGGTAAGCACTAGGCAAATTCCAGTTACGGTCGGATTGGATACCATCCATACATATCCCCCAGCTAGTGTACTCGCCTGCCATAGTGGGTGCCGCCAGTACGCTCTACAAGTATGCTCGACGCGACGGATGTCCGTTCACTCCTAGGGGTGGCCTAAGGAGTGAGAGGGCTGCCACATGGCTGGCGTACTCTAATAGTGCCCTCGCGGTAAGATAAATAGTTGAGTCATCAGAGGGTTGGACCGGTCCTTACACTGCGTCCCCCGGTATACAATCATCAAAGTGTTCG,879,51.54,Saccharomyces cerevisiae
SEQ_839120,TTGGTCAGTCAGTGATCACGTGTGTAGCTATGTGAGGCACTCACTTGGGCGGGTCGTGTAGTCATTCATCCCTGACTTACGTGATAGATACTGTTAAGTCGATACGATCACACTACCTAGTCGAATTTCTTGGCTCATTATGTTGTGTATCGATCGAAAGTAATGTGCAGCGCGGGAACAAGAGAGCCTAATGAGAATTCGAGGGACTAGAGAGGTATCTTGAATGCATCGGTGGTACTAATCGAAGTATATAAATGTTACGTGGTGGCCGGCTAGTTCCCTTTAGATCCGACTAGATCGGTCCGTGACCCCTTGGGGGTGACGTGCTTCCCCTCAGACCAGACCATGGAGTCCGGTATTGCGTTGGGGGTACCACGATAGAGTTTGCTATCTGGTAGATACATTGCTACACGTGTTCCAGATTGTGGCGTATGTAATTTCCACAGCTGACAGGCTACGCGAGTTGAGACATCAGGATGTTGGAGGTAATCTCCAGACTCTTAAGTGATAATTAACGTGTACTGTATCGTAGCCTGATGGAAGATGTGAGTAAACATCGTTCTTAATCCATGTAATAGCTTTGGCACGAACCTGTATAGTGCATAGACCTAGCGAGACTCGGTGCGATAGGCGGGAATCAGCATGTCTTCGAACTGAAGAGCTGTCCATTTCCGAGGGGTTAGTCCTTTTTGTACTAGCTTGCTTCGAAGACATTGACTGGACTACACGGCACGCTATTTATATTCGTTTTACAATTATGTAACCATGCGCCAGCAGCTACGTGATCGCACCTATTGTTGTCAACATCGACGAAACACACGTATTGAATGCGACTTGGCTGGACTACTTCTACAGGAGAGTCTGTACTGGGACGCTCAATCTAAACTGTAGAACGGAACCTTGGATTCCCATTCGGTAAACGAACCGGGTGATGCTATGCTCAAAACACTAGATTGATCAGCGTCCATGCGCAGCGCAACAAGCCTGCCACGAGATAATGCCCAAAACAGCTCATCTCTTTACGGTCCCCGACAAGTGTGAGTTGAGTTGCAGCAGTCTCAGTTGGATTTCTTGTCG,1077,47.26,Mus musculus
SEQ_163078,ACTCTATCCTTTGCAGACGACCCACGTCCAGTTCAATCATAACCCTTTGGATCCTGATGCGCACTTGTGGTATACATGGCTGCCCTGGGCTTATCAGAGTTATGTACCTCCAGCCTTACCAGTGACTCTGAACAGAGGGGCAAGAGACACGTGTTTTACAGTTTGGCGATGATTATCCCAACAGGCTCTTGACTCTTGCTGGTTAAACAGTTCGGCAGATCTTTATCAAAATTGAGATGTCGCTACATATGCCGCTGGCCCGATGATGCCCTGGAATAACAGAAACATGAGTACTTGGACTAGCGGGCTATGTGCTCACCTACGTCGTAGCATCTCCAGGGGGCTGTGGTTGGCAATCTCGACATGTACGGCATGGGCTGTGCTTGTATCCGGCGCCCTTAAGATCAATCTGACCCCTCCTGCATTGTTACGGGACAGTCTCTCCTACCGGGCCAATGTTAGCGAACCCCTCAGGCCTCCGCTGAGGATTCGTAATGTGCGCTAGCTGGCTCGTGCGTGCCTCGAGCCAGGTTGTCACGCTTGGAAGAGGTTAACGCACTGTCGTGCATCTGGGGCGTGCAACCCACACTGCAAGATCGAACCTCATCACGGCTAGCGAGCTCCTCAGGGGGCTCGTATTGATGCTGAAAGACAAATTGAGGATGTCTCACTTAACTACACCCTTGTTTCCCGTACATCAGCGCATGCAACGAATTATTCCGACGTTTGGACCATCATACAGGCATGGGACCTACGTTACCACATATCAGTGCACCCAAGGGTCTTAACCCCTGGCAAGTACGTTGGTCATTGCCCCGATTCAGTCGGAAGTAGATTATCGGCGGCCGACACATAGGCGGGCCTCCTCATGGGCACCCTAGGTTCTGCCGAGCTCTAGAGGGATGTAGACGTTAGCTTTATAGTACGAATATTACTTTTACTGACCTAACTACCCGCGCAAAAAAAGGTCCCCTACCAGCTGTAGGGTAAGATGCAATGGATTTACGCGAAGAACGGGATGAGCAGAGTAGTGCCGAGTATGTGCCTGATTAAGACGTGGAGAGTCCCGCTTCGTGTAGGCATCCCTTACATTGCCCTATCCGTGGAGGATTCAGGTAAACGACGGATCCTCGGGAAACAATTACGGGCAACCGTGTTCATTAACGATGCACGGCGCCGCTACTCCCGCCACCTCTCGTGGAGCGGTTGGTCTCCGTCACAGGATGGTTAAGTACGCGCTCCTTGTCTCGCGGTAACCCTTTCAGATCAGTAATCACAAACCCTACAGTCGCCAAGTAGGCTGAGGCTAATCGTAAGCTCCTGACCGTTTCACGCTAGTCACTGGTACGGTTCTCGTGCTCCCGCAAATAATCGCAGCCACCTGATATTATATCGGTTACTGTCTGACCAATATGGGGTATGGTTAGGAATGGCAAGGGCGTAGATGTGATCTCCAATACACTGGGTAAAGCGGTTCCTAGAGCAATGAAGACTCGGATTTCGATTCACGCTGTCGCCTGATTTGGGGTTGCACATCGCCCCCAACTGAGTCCTACTATATACCCTTCGGAGCGCTTCGCAGCTAGAGAAATTCCCGCTATAGTAGCTGACCGTCCCCCACACAGCTCATCTCACTCGATGCTGAGGTTTGGTAAGAGC,1659,52.08,Escherichia coli
SEQ_614083,GTTAGTTAATTGACAAGTGCTGATAGCCTGAGTGGTGTATGCTCCGGATGGTTCAGTACATACCCCACGTATTTATGGCTCGATGCGCGAGTATTCGGGACAAAGCTTAAAGTAAGGCCAGGCTGCTTTTTCGGGTCTTTACATTATTCATCAGCTCCAAGTGATTTTCTCTGCCCCGCACACATTAAGACGTTGTGCGAGTTCCTTCGATACGCGGGCTATACGACGTTGCAGTCAGTAGGACCTCCGGCTTTGCTCCGCTTACACACGGCCATAGGACAGCAACGATCAACCAATTCGGGCCAATCGACGGAAACTCGCCCAACTATGACGTTAGCACAGTCTGCTCCTTTCAGCCTGCAGACAAGGGACCTTAGGTAAATGAATTTAGTCTGGATCCACGAAAATAACATCGGGAGACCGACGTTTCATGGCTGCGGTAAGTTGAAACACGGTGTCACGTACCTTCAGACACCCCTGCGCGAAGCAACAGCACCCGGGATAGCTGGCCGGAGCCCAACATATAGTGGGAACGCTCACAACCTTAAGGACTCCGATATTGTCGAGTATGGTCAAGCGATGTCTACAAGACACGGCGGAGACCGTTTCCCATTCCGTTTTTTCCCTGTTCTATCATCATCGTACTCTCTCTTATTAGGATACGTGGTGTGAATGGAGTTAAGCATTGACTCGGCTCGAAGGCCTTTACGATGTTCTACACGACGCCACAACAATTAGCCTAGTAGCTAGTCAGGCGCCGTGTACTCAGGCTGTGTGCAAAAATTCGTGACTGATTGGTCCTGCGTCTAGGAGGTCGCGAGCATGATCATCGCTACCACAATTTCGGTCGGACTCCGTTATGCCTTTTTCAAATCAACTGCATCTAACTTAGAGAACTTTGACTTGCAACCAATCTAAATACTTAATCTCCTGACACATTTCTCATATCGGCATCAAGGTCACTTT,966,48.65,Caenorhabditis elegans
SEQ_363999,AAGTCATGGTGTTTTCTTACGCACTCCCCCTTCAGATAGAATTCGATCGATGGGGCGCTGCTAGAGGAGATTATGGTTCCGGCGGTACGCATAAGGTTAAAAGGAACCGTTTCGATACTGAGCTCAGGGCGTGACCCACAGCGCGATGATGAAGGGGCGGTTCCTAGTGTCGGGCCGAGCCAGCTCAACGGTCAGGGGAGTCAGCGCTAAGTACGCATCGAAACGGACCTTAGTATTATTACGATGGAATGCTAGTGGTAAGGAGCTCATATGTTTGCACGGTACAACACTTCGTGAAACTGCGACCTACTACGAAGCAGGCGGCCGTGGAGCTGAATCCAGGGGCCGGAACCGTACTTGATGTATAAGTCTAACGCAAAATGTACGATGGTGTCGTATTATAAGCCAAGGTTGTTCCTAGACTAGTACTGGCTAAAAAACTACGGAGGCTAATGATCATTTTCCGCAGACCTGCAGACTTCTCCCTAAGTGTCAGTTGTACCGTTTTAGTTTAAATCCCGCTTGAACCCCACCTGCTCCCCTTAGCGCCCCCGTATATTCGAGTGGGGGGGCGCACGTCGTTTGGATCGCTGCATGTGAAAACCTTGCCTAGAGAAGACCCAAGCACGGCCCATCGCCCGATGTTCACGCCAGTGATAAATCCCCTGGACTGTACGTACCCGCAACAGGCCACTGACACCTGGAGTCGGGAATCCTGCTAGGGTCTTTAGCCTGACGTTTCGATCCGTCTACGCTACTGGAGTCGCAAGCACCACTGGCAGAATGCGAAATACGCTATCCTTTAATCAATTGTTGATACTCAACTTCGAGCTGCACAGCATTAGATCCTACTCGAAAGTCAGAAACATCGATCTCTTGGTCATCTGCGGCTTCGGGCTGATGCTACGCCGGTTTAGGTTTTATCACCACCCCCTAGTCTTTTTCCACGTCGTACTATCGCTGAGCGTCAGACTGACAGTTTGAAAGGAAACAATCGTCTTATCGCTTCGTAAGTGGTCATGTCGCTGCGTAGGACAACAATAATGGTTTCGCGTACAGTAGGAGTTCGTTCGATACGAGAGGTTGTCCCTATGGGCCAGAGTTGGAGCTCCCGCTTCCTAAGGAGTACCTATGAACTGTGCCAACGGGTTGCAAACGGCCAGATCAGTGGGACGGGGGACGCTAGTTAGCTGTCCCTGTATGCCTAGAGGAGGGGAAACCATAATTTAACTATTCTTTCAAAGGGAGTAATGCCAGAACGCGTAAGTCACCGGATAGCGCGGTGGTGAGGACTTAAGAGCTGCCACTAAATGGGTCAAGATGTGACGCGACAGTATAAGGTGCTGCCGCTACCCTCCACCCTCACAGCTCTATTCGACATTCATCTAATGCCAGCTAGCTGAATTTTCGTCAAAGGACAGAATATTAGATGCCGGGATGCTTCTTAGGGAAACGTTGACCGAGGGTTAAGGTGTTTAGAGATTTCCGGGAGGGCGGTTCCGGTTGGGCAGATTCGATCACGCTCTGCGCTA,1532,51.11,Drosophila melanogaster
SEQ_289945,AAAATATATGTAAAGGGTGACTCTTGGTAAGGTTTAGTTTGTGGTGCCTGAGGATTGCGAAGGCAACACCGTTGTGTGGCGGAACCGTCGTCACTTGCGAAGCTTCCAACAACGTGCGAGTACAGAGTGCCTAAGGTTTTTGCTAGCGGTCCTGCCGTACGATACGGCGGCCTTTGAGAGGGTCTATAGTCGGTGTGAAACACCAGCGTGGCGGACACAAAGGCAGCTCGACGATTACTGACTCTTGCGCGAGATGAATACCCCCCCTCCTCGAATCTACGTTGTCGCCGTCTCAACAATATATAGGGGTAGTACGCCTTATAGCCCGATTTTCGTTATGGTTCCACTATCATCCGAGACTCGGGTGGTGATATGTCAGCCTATCTCATGTTAAATGGTGTATCGATGTGGTTTTCCGCGACTTCTTCATCTTTTCCGGTCATCTAAAAAGAATGTCGAACAGCTAACGAGGACTGATGGGACCAGTCACGAGGTTTGCGGCTTTTTCACTGAGTTGAGGTGGCCTCCGGTCTTCCTCAAAGTGGCACATGCTGACTTAACACTTCATCTGTCTACTAGACTTTTATAGAGGTCTTAGGTAGCCAGTCGATATCGACCCGGGCTATGAAGTTACCTACTGGGCCCACTGCTATGTTTACCTCGAATCGCTAGCCACGTGTTAGGCCCGCCAGAGCTTCGCTACGCATCGGCCCTATTCTGCCCACCTGCGCAACTTAGGTAATGGGGCGCGGGGCCTGGCGTCTTCGCTTACCTCCGAGAGTGTCGGTACGGTTAGGTTAATCCACACGAGGCCGCACGGAAGTACTGAACTGGCCTCAATCGTACTCCCAGTTGCCTAAACGCATCTGCAACTTCTTTCGTTTGCACTAACGTGTTTAGGTTTGTATTGCATAGTATCCTTAAGTGGCTGTGGCCCGCCAAATCAGTAGTATATGGATTGAATTGGTGAGCTATCGTTGGACCCGTAAGGACTGTCCTGTAATGCTCGAACTGTCAGGAAATTCTATAGGTAAGTTAGCTGCCATGTGACCTACTGTAAAGAAGTCGGATATGCTGGCCCTCATATGCCACCCCTTGCGGACCATCATGATATGTCACCTTGCTCCCACGTTCCCTAGATTGGA,1145,50.31,Arabidopsis thaliana
SEQ_188223,GGGGGAAGTGTGCTACGTTCTGCCGAGGGTTGCTACGAGTCTCCAGTGGCTTCACCAGGCACAACTCTTGTCTCACTGTCTCTGGGAGTTAATCTCCGCAGACGTCTAATCTTATAGCGCCCCTCAGTCGTACCATGTCGAACGTATGAGGGCCAACCCGTGAGTAAGTTGCTCCGCTAGTGACAGGAGCTTCTCGGCAGACGAAACCTTACGTTACACTACAAACTGTCCAAGTGGCAGTAACTAAGAGGTTAGATCGATTTCATAAAGGGTAAGGCTATGACATGGGTTAGAAGCCTCGATATCAGGGCCTCTACTGTCTGGAAAAGAAGACGGGACCAGCCACCCCTATTAGCCTATCGTTCACCCGACCTGGACTCTCCAACTTGCAACCGGTTCATCCGCAATTATGAGGATGAAGGAGTGCACCAGTTACGCGGGTATATTTACTTATGCGAGAACGGAAGCGTGACTGCCGCAGCGCCCTCCACGTTTTGAGTAGACCGTCACTATAGTCCAATATGCTCAGGAAAAAGAGTAA,541,50.83,Escherichia coli
SEQ_288256,ACCACGCTGTTAATTGCGACAGAAGAACCCAGGGAGAACTAAGCTGTATTGGGCATATCTATCAATTACCACGATGCGGCATGCGAAATCGGCTCATAAAAGGCGGCACATGGGCAAACGGAAATTGATCACCACACAGTGACCGCATAGCTATAGGAACTCTGGCATAGAGGTCATAAAGCATAGTGAATTCCGACATGATTCGGCCACCCAGAGGTGGTGATCTTGAGCATGTATCGAGTGTATGATTCCGATGTACAGAAAGAGTGTTAGGGCACGATTATCTAAACACAACTCCCATTTAATGTCTCGCCCTGGTATAGGTAGTTTGCAATGGGACGAAAGCAGCAGTACTTGATGGGCTAGGCAACTACGACGCTTGTTTGCATATTCGTGAGAACCTTCGATTCTTCAACTACGCGCCGAGTCACAGCGTACAGGGGACGTACAAATCAGTAACATCTACTGGATCGGGCAGGGGGTGCCGAATTTCCGACTACCATCTGCCTTTCCGTCTAATTCACGCAACTGCTTTAGCTCGGGAATGTTACCCTTGACGTCTTTAATTGAATTTCTTCGAAACTAACTACAGCCTATGTATACACACGAGATGGGATCCTACTGCGCTGCCGTCCTTACGGTCCCATCCATTGCAGCTCTTGCGGGGGCGGTTGTAGTCTGGACGGGTGGGCGTCCGCGGTCAGCGCGAAAGAGCAAAATCGACCCAAGAACACTCATGCCCAGTAGTGTTTTCCCAGTCCGTTAGGTGCGTGGTTCCGCGGTAGAGTTCACAATAATATCTGCAGACAGACTTAAGGGTATCGTAATCAAATTGTCAAGCCAAGGTATAGCTTGCGCGGAAAGAACAACGACCAACCTATCGTATGCGTCCTCGTCCGTACTGCCTCTGACCTGCGGTAGCTTTACAAATCCCTGTGAAGGTGATTATCCAGAGGATCATGCTAGCATCGCAGACATATGCCTATGGACCCTGGGTGTGACGCACCTAAAAGCATGTGTTGCGATGGACCAATTGAAGGTTATTTTTCATTTTCTTGCAGCACATTTAGGGGCAATGTTCTGGCACCTGTGATGTGCGGCGGAAACTGATTAGCCTGCAGGTGGAGAACTGGCTCAGACTGTGCAACCCTAGCTGTACGATAGTCTGTTGATAGATTAATTGACGTTAAGCTGTACGGGCGTAGTTGTAGCTCAAGATAAGCCCTTCAGATCAGAAGTAAACGTTGATAATAGTTCATAGGCTCGTACTAGCGATCGAACCGCATAGGTTGGTTCCGGTTGGCAATGGGTCGGTACTATTAATGAATAGTGACCTGGCATCCACCATGCTAAGGTGTCGGTCGCTTTGGGGCAAGCGACATACTAGCAATCAATCCGCCTTTCATTTTATTCGACCTTTGACAGTGATAGATGATCATTGCAATCGGCTTTGCACGCAACCAGCAAAACCCTCGTAGATCGTGCAGCTACAGATAGATTATAGCACAGCCTCACGCACAGACACGAGCAACGGGACTGTGGCTTTGTGGCGCAGCGCTATGCAAAGTACTCCGCCTATCGTTGATTTGCAAGAGAGGGGGGTACTAGCCTACGCTCCCAGTGTGGCAATCCCCGACACGAGTCAGTACTCGAGAAGTGCAAGGTGGCACGTTTAAGCGAATAGCATTTAGGGCAGGCCTTTACCGACCACAGTGATGATCCGAAGCAATATTTCCCCTTGAGTCCGTTACTTTTAT,1757,48.89,Drosophila melanogaster
SEQ_173728,TTACAACTCGATTGGGCGCTCACACCGCGGCCTGCTATCGGACAGCTGAAATAACGACCGAGTTTCAATCGCAATCTACTTTTATCGAGAGAAAGGGTCACCCGGCCAGCCCAGCAATTATTCGCACCGGTTATTCTTGATCCTAGTCTCACGTCCATTCACGATATGCTACAGCCCGATCGGCAGACTTTGTAAACTAGTTGGACGTAGCTATGACAACCCACCCTAAGCTCTTGCTCCAGGGTACGGGCGCTACCATATGAGAGCCGCATCTGCGAGCCCTGGGTTTATTAAGCGACTCAAGAGTAAGCCAATATGGCAAAACAACCCGGTTCACACTATAGACCAACAAGGATGCTCCATACGTGGATCATGGCAGGCACTGAATAGTTATAGCTGGTAGAGCTCATGCATCGCTGTCTGCCAGCGTGGCGGTATAGTGCACACAAACGTTCGGCAGGGAAACCCATAAATCGTGGGCGCACACCGCAGGCGTGGCGGAGTAATTTAAGGGGCGAGGAGGCCAGACTGCGGGTGCCTAACGGTGTTGAAATCCTTTACGACAATCTCAGTAAATTCCGGTGCAAGTTAGAATGATGTCACACTTGGATTCAATCCAACTACTAGACAGTAGGAGGATATAGGCCCCAGAGAACCAATCCATAGAGGAAGCAGGCGGCACCGGCAAATGCAGTAGCCTGTAATTGAAATTGCACTAACGAAGCCACGTGTTTTCCAGGGGATAATATGAACGGACCGTCGTTCCTAACTCGTTATGGACGGTGAGCACGTGGCGCGGGTGGAGCCAATGCTGCGTTCTCCCAGCGATCCGTTCCCGACTTGCCTGGTGAGCAAGGTGGGTAATCGTGGCACTGTTCAACTCGGAGGAGGATTGCCATGTGCATACGATGGTACCCGACGGTCTCCTTATCGGGCCCGGTGACATCGGCGTTGAATTGAACGACCTGCATTAGCCCTGTAAACTTCTTTGCCGAGTTTTACCTCGCAAAAATGGCGTTTCCTAACCATCAATGCATACTCAACTGACAGGGCTCGTACTATTAGTGCCAATAAAAGATTATAGAGGGACGATCTGCATACACCCAGGTTTGGTTTCCGGTCGAACATAAAAGATGGAGGAAGTTCCCCGTAAGCAGAGAAAGAGAAACTTTTCCGAGAACCATAGATTGTGGTGCCTGAATCGGAGCCGAGAATCTCGGAATGTCAGAGTACAAATTGGGTGCAGCGCTAAGCGTCGGAGAGTTTTGCTCTTCTCCGAGGGCTGTGTGCCTGTGCCGCAATGGCGGTAAGTTCTAGCGTCACGTCCGCTTTCACCGTTGGGACCTTGTTGCAGGCGATCTGGGTGCCGAGAATAACGATCGACTGATTTGAGAGCGCGCTTTGCCTACTAAACGGACAGATGCGAAGTCGCTCGAACCTA,1441,51.42,Homo sapiens
SEQ_349205,ATAAAGGGGAATTACCTGAGACGTGCTTGTCTCTGGGCCTGCAACCCGCACATCAATGCTGTACTGTGGATCGACAGTGTGGGATTATACACCCTTTAAACTCCGCCGGGTCAGCTTAGTCGCTAGTATGAGTTTAGCTGAGGTGACCGGCCCAACCGATCTTCCCTATAAAGTATGGCTGCTTATTCGATTATAGCCTCCACCGGAGCTGTCGGCTTCCTAGCTAAAACCAGACAGGTGCAACTTGAACGGTATTTATTGAGGGTCGCAACTTACCATTTCGTGTGCAAATGGTGCGGACACACGTCTCAGGCGGCGTAAACCCGTGTGCCCCAAAAAGCCCCATGCAGGTCCATGCTATTCATATGCCAGTCGGACGTTGATTAGGCGCGATTCGAGCCCCGGTCAGGGAAATCATTCTACCTAATGTTATTGGAAAGAGGGCTCAGCATAGCTACCTCGCGGCGTGTGTCGGAGATATTTAATGCCGGTACCACGCGTATCACCGGGAACGAGCCAAGACAATCACGTTGTGCCTAGGAGGGAATTCCTTCCTGAATGCATATTTGCTATTGAACCGAAGCCTA,587,50.94,Escherichia coli
SEQ_270295,TACTGCTGTTCCCGCAATGGGACGTCCCCGTCTATGTGCTGTCGGCATTAGTTCGTTTTGCTATTTTTTAGACCGCACCAATATAAGAATTCTGGTAATCATAAGGTGGTGGTCTGCTGCACCCCGCTTTTAGCTGTCACCTGAGTTAAAGGCCGCGAACCGGGTGTAACCGCTATAAATCTGTGTTCATACATAAACTGGTACAATCGCGGATCGCCGACAGATGTCCTGAAGAATGCCCGTCTCCCTAACGTTGCCCTTCTCACGTACTTTCAGTGAACATAAGACGCAAGTTTCGGTCTTATGGGTAGATCATGGGGTTCATGGTTGCCGTTAGATGTACTAGCTCGAGTCGGAGCATAGGTTGTCCCAAACCTTATTAACCGCGCCAGTGCATCGTATATAGATTAGATTTCCCGGCATCGGAGAGACGCTATCAGTTGTCCGAGGGCTGCCAGCTACATCACTGTCCGCGTATTATAGCTACTAACACCCAATCAGACCATGTCGGTTTAAAGATTTTACGTGATTTACTGATTGATAGTCCACTAATGGTGGGAGTAATTGCCAATCTCTCTTAGATAAGTGATGGGCAGAATTACTCGACAGCCTCACCTGCCTTCATACTGAGGGGTCACTGTCGTCCTGTCATTCTGCGGCATGCGGTCTGGATATGTCCGACGAGTTTCTGATAGCACTCAATGTCTATGATCCTCGGACAAGATTAGTGTTTGAGGCGAATAGAGCTTAGTCAGGAAGTGTGCCTGGGCCTTGCAGAACGCTGGGACTAATTTAACTGCGACATTATCTGCTCGAACAATAGCCGGATGAGACCGGAGGAACCACCAGAGCCTAGCGAAACGCTCCCCAAAAGCTTGTCTACGGAATTATTCTACCAGCAATACCTGTTTAGCGTATCGTGTTGGCGACATGACAAACGATTGAAAATAGATTAGCGATCTTCAGTGCGTCGTACTGTCGTTTTATGGCTCTCCGCGATATCACCTAGCGCATTTACTTTTATCTTGAGGGGTGAGGAGAAAGCCAAGCCCTCAATATAAGATGTATTGTGTAGGACATGGCCGAGAGGGATCGGCTGTGCTGACACTGTTAGCTCACCAAGACTTACCAACCGGCTTTAATACGTGGGCATACATCACTACTCGTTTCCCGCCGACGATAAGCGTCTCCTTATTGGAACCCGCTGAAGATTTAACTCAATCTTTATTTCAAAGTCGATAAACGTGGGGCTGTCGATTTCCAGTAGACCTGTTAACGGGCTATGACGGCCGCAGTATGTTACGCAGTAGATAATTAGAGACGTCCCGCGCTACTTGGCAAGGGTTGGCTGTAGATTCCGCGTCTCAAATGTTCGCGTCTACGGAGACGTCTCTGTGTTGGAAGGGTAAATCGTGGCCAGTTTTCTGCAGTCACTCAGCGAAGCAAACGGATTTTCAAATAGCTCGTCGTGAGTACTCCGCTGCGAGGTAAATGTGACTTTAATCCCATTTGGCTGTGTTCACCCTTCTGGGACTCGGAGAAGACATTCCTAACCGGCGGAATTGGATAATCTGAGTGCTCAGTTGCGTGCCAAAACGGCGACCGGATAGTTTAATGCGCCACGGCGCGGATAATGACGCATCACAAAGCTTACCGGAGACTTGTCAGTGAGATGTGGTAACTGGATTCCCTTGATGCAACTCATTAACTTATAACTAGGGTCTTAACGT,1730,48.03,Homo sapiens
SEQ_610689,AAAAGCTCAGTGGCATATCCATGAAGGACGACCGGTCGCCGTGGGATATACGACGGGCAAGAGGTCGCGCACAAATGGGTATTGTCGGGAAGCTTCATGATAGGTCTTAGTATTCCTCCGATGCGGCTTCCAAGCTGTTTGACCAGTGACTGACGCCCCGACTGCATCGCGGAAAAAACATGCGGCACTATGCCCCAACAGGGAGAGAGGTTAGTCAATCTAAGTTTTTCCTTCGGCAGAGCATGTTCCCAAGGAGTAATGACACACGTCGTACAGCTGGGACACCGTGGTGGACACCAGGTGGCTGTCCATCATTCCACCGACAAGCACTTTGCTAGATGATCAGGATTCTCATTGCGCATGGTTTCTCAGTCGGATGATTACTCAGGTACTTGAACATCGGACGGTCACGCACGGAGCACCGCCTCTCATTGAAGAATTAGTTAGTTTAGGTGGAGCACGTGTATTACCAAGTTGGCCGAGGAGGCGCCAATGTTCGGCGAGCTTGTAGGTGTCCTCGGTCTAGCTAGGAAATTATGACTGTAGTCTCATGCCGCTGCGTATCCAGACTAGGATTGACTGTGTTATACACACAGGCTGACATATTCGAAGGAACAGAGTAAGGTCGACCTTAAAACTTGCGAGAAACTCGTCTAGCCCTAATTGACAGTACAGTCCGATACCTTTCGGCGCGAATCGAGGTGGTGTGACGCTTCCTGTAGCTGGACAGCATTGGCCGACCTTTTATACTGAGTAGTACTGGGCGGTGGCACGTTTGGTCGTACCCTGAGTATGTCATTTCGCAGTGG,809,51.3,Drosophila melanogaster
SEQ_792228,CTGTCCAGAAAACATCAAGAAGTTCCAGGCTAGACATGTGGAAATACGCTCAATTCGTTTACCACAGGTATGCCTCTCCACGTGATTTCGCCTATCGACTAGCACTCGGACCCGCATGTTGTGAACTGTTGGGACAATGGCCATGTGCTGATCGGTAATCGACGGGCTTCGGATTGTTACCGAAGAATCCGATGAAACCGTCGAACGTGATCGGGGTCTGGTGAAAGAATGCGAACTGATAGTTGGACGGCTTGAACCGAGAATTATGATATCGCGCACTCGATTATGTATTGGAGTCGGACTCCTCGCCCCCAATGCAATGTGCCCTATCGCGTCATTACAAATCGGAGCGGTGGCCGGTACGCCACCTCGTCATAGAGGGGGAGCCCCGGTACGCTATGCCCTTCAATATTGTCCAGATACGCTTAATACGGCCTTCTATGCTAGACTAACTATATTTTGCAACTTTGAATTACGCCGATGCGGGGCGATGCGGCACGTCAGAAACATTAGATGTGAACCCTCCGTTAGGGCAGTAACATTTCGCACTCTCGGATATAAATTCTTTACGACGACCGGTGCCGCCTGGGACTGTTGTCATGACCCATGGGATTCTCATCCGTTCAGACATTTCTGAGTGTGTAATCGAGACATGTCGAAGACCAGGACTGACTCGTCTCGCACACAATCCTAAATATGCATTCGAGCAGCTGACATC,718,50.0,Homo sapiens
SEQ_564546,GTAAGAATCTAAATCGGGCCGCCGTATTACTCACTTGCCCTTCATTCATGTGCGATACGTATCCAAACGCGCAGAGCGTCTAACAAAATCTGATCATCGG,100,47.0,Drosophila melanogaster
SEQ_408942,AGCTGTCTGGGCAGCTGGAATTAACTCCCGGACGGTGCACAACGCCGCCGATCGTCGGGGGCCAGGAAGGTCTGGACCTACTAGGCAGGTAGACAAGCCGGTAAATACACGATTAAGACCTTAAGTTCGGCCTGTCACTCTCTCCGTTAATGAAACATTAGGGAGTGTCCCAAACTACTCGCGAACGTCCGAGAAGCATAAATTGTGTCTACGAGTGCGCTGTCGACTAGGAACGTGCAGGTGCTCACGTCTACTTCTGGACACCCATAGACAGCTCCACTCACCGGCACTCAATCAGTAGTCTGTTCAGTGATTTTACCCAGAGGCTTTGGCGAATCGGGCCATGAAATCTATTAAGCGAATTTGGGCGGAAGATCAGTTGAGGGAAAAGAGCACTTCGTTGTAACATGCCTAAGATGCGCGTAAACAGCTAACAGCACGTAAACATTTGGGTAATTAAGACTACCTTCGGCTCAGCGACCTGTGGAAGCTACTGGAATTCTTTATACTTGTTGGCGACGTAATCGGCGTTTACATCGCAGGTGAGATAATGTTTACATAAACCTGGATCAATAACCAGAGCAGAAGGGTCCTGAAGTATCGCGAAGAGTCAAGCCGTCGAATTATTCGCCTTGTCAAACCCCCTATCCCTAGCTCGCTGTGTTCCGATAGATCTCTCAATATCAGCCCGTTCTCGTCCTACTTAGTACCAGGGGACGGTGGGTAGCAATACGTAATGAATTTCAACTGGCGCAGTTTAGTTCGGTCACGCTTTCGGGGACCTCTGGCAAATTCAC,797,49.56,Drosophila melanogaster
SEQ_517956,GTGCTAGTGGCTATTTATATTCAGACATTGACTAAGAGCGATCAGCTGCAATGACTTATTTTGAGGGATCGTATGCGATTTGCATTCTCGAGACTTTAGGCCATTCTGACAGTCATCTACAGCTAAACATGGAAGAAGTCTAATATTACGATTCTACAATAAGGGACGCAAATGTGAGTTCCAGTCACACTCTTACCCGGGGATAGAGAGAAAGCACCGTGCCAGCTTGTAAGTTTCGGAGAACAGCGATCGATTGACACCCATCATATGCGTCACTTGGATATGAAATAGCAACGATCAGTACTCGTGGAGGGGGGGGAAGACCCTGTAACGCGTTCTGAAGAATCTCAGCCGTCGCGAGAAAACATCGAGCCTTGCTTTTCGGACCTGTTCAACGCGTCTACTCTTTATGTCTTGAATACTCCGAGCCCGTTCAGGGCGTATCTTGGCGTGTGACAAAATGGGCGTCTATTTCTGCAGTTAGGCTGGCACCAGTAGTCACGAGGTGGCCTCGATGGCGATTATAAACTGCTAATTCGTTCAATAACAGGTTAGATAGAGAAATCGTATCGTGAGCTTCAAAGACTAAAGCTTAGATAGTTCGGACGAGGGTTCATTGATTAGTGTGATGTCGCGAAAGTTGTTCAGTGCGCGGGATAGCAATTTTCTACAGGTTGGTTCCGTACATAGACGCATCATGACATGAAGGAACATCTCTTTCAGTACCACAGTCGTCGGATGCACCCGATCGGGTTCATAACGCTTGTTTGGTTCTAGGGGGCGGGGCAATTACTCAGTAACATCCTATCCACAACACACACGCCGTTGTGCGGATATGGTGACACCCGAACTGAGCATTTCGATAT,866,46.77,Caenorhabditis elegans
SEQ_791105,CCCATAATGGTGGCTGAATAGACGGCTGGATTCATTAATTGGGGTAGTCATCATGGTGGCCCCCTCCGCCACGCCTTTACTTGGGTCTTCTTTCTAGTGGGTTGACGGATGACCCCCGTAACTGATTCAGTCTTAAAAAACTCCTTTGAACTGAGCAACCGATGTATTTTTCCGCGGAGGTTCGTGTTGGGATGATACAATAGGTCTGTGTCGTAGGCACCCACTAGAAGTCTTGCGGCATTGACAGAGTCGATACAATGCAACCAAATACGAGGATTGAGGTCTTCCCATACGGTTCGCGGGCCCGTCCTGTTTTACGCAATCAACGTGCACCCATGTCGTAATTTACTGGCCATCTCTATCTGGTATGGCCTGCCGGAGGACCTAGTTCACTGTGTGACTTAATGGGCCACCATCACGAGGTGATGGTTGTTCAAGTCGATTCAGGCTCCTATGTATCCAGCTTACTAATTATCTTAGCGTCACCCAAAGGGGATATATATAGCAGGTCACTACTCGGTAAGCCTTACAAGTACAGTTGGGTTATGATTATCCGGCTTGTACCTGTCGCTCATATGTTCACCCGTCAATTGACCCCTCCTACGGCGTGCTTGCAGGACCAGCGCAGTTTCAAGTTGTCAAGGCCCTGACTAAGTTAGGTTGAAGACTCGCCTGACTTTGTGAGTTCAGGAGCTTACGTACCTCACATTAAAGGATTTGGCCGGCAGCTTCCATTGGTGACGATGCCGGAGAAGTCGACATGTTTAGGGAACATCCGGTGCGTGATAGAGTGGTGTAGATAACCCTGGTAAAATCGTATACAATTTGTACGACCGGGTCATGCCGGATTCTGACCCAGATTCCCGCTCGCACACTTCTACCGCTAATCCACAGTGGGCACACAATTGGGGCGGCGCTACCATACTTGCACATCAGCGAAGCAAGACCGCAGATGTCTAAAAAGGTGTTCGTCGGCCGAACTTGCTGCAGAATTCAAGACCGACGGGGTGGAAACAGATTTGACCCTAGATTGGTGAAGCGTGGGGGTAACCTGTGGAAGTAGTCCGCTACGCGCCTTTCCAGCTCAACTCGGCATAGTTCCGATATGGTCCAGCAGGGTGTGAGCTACGTTTAAACCGGAACGCCACATAAGGTCGCCTCGGAGGGTGGCCCAAACAATGTCAAGAGCCGTTGTCGTGTGTCCTAGACCAGGACAGGCGCGGTAATGAGGAATTCGATCTTGCATCAAAGGGGCGGTAAGTCGTTCGTATATAAGCGCATGTACCTCTGTCTCACCCGCTCGTGAGGACCCGCGAACTTAGTCGAGACCCAGTGGGCAAGTAA,1344,51.12,Saccharomyces cerevisiae
SEQ_563678,CTCTAGTACATGCAGGAAAAGCATTTTGTGTCAACACTCATGTGCCCAAGACCGTTCAATCGTCCGAGGGCTACTATCATCTCACCTTTAATCTTACGATCTGCGTGATAGGCTGTGCGACTGTACCCAGCTTAGTGAGTACTTGGTCGTAGGATAGTATGGTCTTCGGATAGATGTATATAATTTCACTCCTTTGCGACACGTGTTAGTAGGTTAAGCCCTCAAGAGGGCGCTCCGGGTCCGCCACATCGCTCTACGGTAGTATATCTTGCAGGTACGTATGAGACGAGCCTCGGGCCCCAGTAGGGTGGTTTTGCAGGGTCAACTAATGCCAGGATGATCTTCGCA,348,49.43,Escherichia coli
SEQ_405172,GGGCGGGCAGGAATTATTATAACGGTCTAAACAAAGCATCTTTTCAAAGTTTAGAAGAGAACTGTCTAACTCACAGACGCAGATATCATTCTTCTGCTAATTCAATATCTTAAAACCACTGACTTAACCCATCCGAAAGTTAATCTAGAGCCGTGAATGCTCTGGGGGGTTCAAGATCTCAATCTAGCAGTCCATCCGAAACTGTAGCAGGGTCGGAGACGTCCAATTTTAAATCCTCTGAGCGCAACCGCCAATCGCGGGTCCAACCTCCCGCCCATATTGTACAGGATATGAGCTGACAAAGTATCCTACGGAGACAACCGTGGTCTGCCGAGTGCTCTGAGTGAAACTCCATGCGATCTTCGTCTAGGGGTTGCACGCTGAACCAGATCGATGAGGAGTTTGCTAATGTACGCTAGTACAGGAGTTGTCCAGTGAGAACGTACACGCAATTGGGTATCGAGCTTGCAAGCGGTCAGCGGGCGAAAGGGAAGTTATGTGTCCAGTAGCTGGGAACCTACCATACAATTGAACCCATCCTATAGAATCATCTCTGTGCGTCTTTCCTCTAAACTAGGTGATATTCCTTATCCGATTAGACACCTGAGGAGAGGTTAGGCTCTCCTTGCCGGCCCCAGTATCGGTATAAACTGCACCATCCGAGGACAGGCTTTCTGTGACGCCAGCCTAGGCCTCAACTTATAGTCTATTCGCCACCAAGGTCGGTGCGCGTCTTATCTATTTGGCTTCTTGCTCTGTATGATCACTGGATGCCACACGGTACTAAGGCCTTCCCAATTTCGCCGGCGCGAAGAAAGCGTATAGCGCTGTGACAGGTCACAACCGGTTTCTTTAAAACTGAAGAAACGGTGTGTGGCGTTAACGGTACTGTACCTTTGAAACTGCTCACTTCTCTGTCGGAACGATAAACGCTGTCCAATTAGAAATGGGAAATGTTGCAAGGCCCGGCTGAACTCGACTGTGTAACTGCCTTATAACCCTAATGCACTTTTCTGCTACGTCTACACCAACGTCCAGGCGCTACTTTGGGTCACGATCTCACTATGGAGATCGATTATAATGCGCAAGCGCCACCGAGTGTCGCTCCTGGACTATCG,1118,48.75,Mus musculus
SEQ_151463,GATAATAAATAATCGCTCCTAGAACACGATCTCTTTTGCGCGCACTCACAGCAGAATGGCCGGATGTGTCTCACAGTTCGAGTTCCCTATTAGCTTGGACATTTATCTTCTCTAACTTTAGGTTCCCAGAGCCACCTTTACGGCACAATTTAATGTTGGATTTAACCCCTTATCTTCGGAGCAGTGTTGATTGGATACGTCTATAGCAGTAGGACTGTTATCCTGATTAGTGGCGTGGCCAGTGATATTTTCAGTCCGTGCGGCGTCCGAACGTTACTCTGCGTTTCTCCAGCGGACCACTTACTCCAATCATCGTAAGCCCCGGCGGTGCGAGCGCAAGCCTACATAGGGAGTATTTGCGACATCTCTGCAGAAGACTATTAAGCTGTTGTGTCTTCCCACCGTACTCCGTCCAAACAGTATTCTACCGAAATCGTTTGTGCTCCCTGGTTGTTACTCACCACAGAATGCTAATCACTTGCGGCAGTCCCCTAGCAGGTCGTGTGGTGTGGAAACTCAGTGGCAGTCGGAGCTATCCAAGATGCTATTCCGGGCAATGTTGTTGCTAGCTTCTCTGGGCATGCAGAGGGACGTCGGGTGGGGAAATCGGGAGGAGGCCCGCAGACTCAGACGACGCCTGCCTCACTGGACTTTATGGAGGATTAAGTACGTCGCACTGCACGATTCGCCTATTTCTCCTGGAATGGTACTTACTCCTCTCTTCGGTTGTAATGGGCTTGGGGGGGACCCGCTAGCCGGAGAGTAGTCCATTTATTGATGTAAGTTGAGTACCTGTCGAAACGGTTGCCGCACATGTGATGTCAACAACTATAGT,835,50.18,Arabidopsis thaliana
SEQ_483734,TATTGTTGCGAATAGTGAAACCACAGCCGGACCAGTGTACGGACAAGGGATGATACGCACACAAAGTCTTCCATCTAGTCCCCATCAGCCTCCAGTCCAAGACGCAGGTCCACACTTGACTCATGAATATCTCTCACTGTAACAACGGATACAGTCAAGTCGGTTTTAAGCCGTCCGAACCAATGCAATACCCCTTATATTCTTTACAAGTGTGCGGACTGTATTAGAGCTTTGACTCAACAACAAAAAGCAACCGCAGGTGCTACCGCCTATTTGCGCAAACGCGCCGGGTTCACATGGGCTCGCTTTCCATACCCTGCTGGGAAAATATTCCCTTATCCTACCCTACTGGAACCTTGTGCTCAGGATCTAGGAACTATAGTCGGTGATATCTCGGCGCGCCTATCTATATACATGTTACGAAAAGCGAACATATATTGGGAGCGGGCCGGTAGTCTTCTCTAGGGTTTTTAACCGCCACCTTCATAGTAAACTCCGTTACCACTGATCAGGGGCGTATCCTCAGATATATATCCCGAGCGGACTTCGACTGCACATAGTACGTAATCCGCCGTAGACAGATTCGACGCGGTCATGAACGTCTAGGTTAGTACGGAGCATAGCGTCTTGGATCTACCTCGTGCTTCAAGTAGATAGCGACTCGTTCTGATCCTACTAGTTTGCCCTCGAGCTTTTTGCTGACACGGAATTGACCCGACCTATCTAGTACATGTCTAAAAATTCGTATCAGCCTGACTTTTACTCAAAGAGCCATTAACTAACTCACAACCTCCAGAGTATCTTTGGAAAAGTCCGCTCTTTCTCCCCGGTGTAAAGGCCACTTGAGTAAGGAGCGATTTTCCTCATTCGCCGGTGTTGCTTTCACACAGAGAGTCATGAATCGAAAATATACACGGAGACCAATCAGAGTATGGTAATCCTGCTCTAAAGTGGGGTCGGCCCTACTCAGTCCTCTCATCCGCAATAGCGTCAAGGTTCGTGAAGAGATAGCCTGAAGGTCTGCATACGCGAGGGTACCGTGAATGGTTCGTATTTATGCTATTTATAACCTTCAGTTAACAGAACTTGCATGATGTTCCCTCTCAACGCGCAAATGACAATCCGTTCATTCCCTATTGCGTGGTCCCCGGATTATTATGGTGTAGGTACTAGGAACATCGAAGCAGCAGCGTGTGGCATGGCAACCTCACTCCATAACCAAGCGCGGTCCCGCCATTGTCGCCTTAAGCAAAAATAAGCACGTGACAGGGTCACGTCAAAAATATATCCGCGTACTCTCAAAACGGGTCAGCACTTCCAAATTAAATGCGCCGTTCTAACCAGTAAGCAGATCATTGTAGCAACTTCAAAAACGGGAAACCTTACCTATCCGTAATTCCCGTTTAGAATACAAATTTTGAATACGCCACGCAATCCTGAACGCTACAGTGAGACTGTTCATCGGACTCATATTATGACGCACCAATCGCCGAGACCGTCAGGGCTTCCCCCTAATAGATTACATTCTCGGACCTAACTGCTGCCCTCAAGAGATCGTATTGTCGGTCTCACGACATTACTGAGATTGCCCT,1592,47.36,Escherichia coli
SEQ_361672,GTCATATAGTAGTGTGTCACCGACACAACATCAATTGGCCATTATATCAAGTTAGAGGTAATAGGCCTTAAACGTACTTATACACTCAACCAGTAAGCAAGCAAGAGTAATGGCATTGTCGTCCGTGCTTTTTTTCATCGTGACACGCACCTGGAAGGATGTCTACCGCGAGCAGAAGCGTCCTATGTGCCACAGATATTAACAACAGCGCCCTTTGGTGGTACTTTTTCGGCTCAAAGGTCGCATCGAGCCATCTAACTCTGACCCCTAGCCTCTGTGCAGTAGCGGCTCACGGGGTTTTGAGAGCGACGTGTGCAGACGTTTGCCTGAGGACGAGTCGGATCACTATGTTGTCGCGACTATTATAACGCTCGGAATACATCGAGCTAAACCAATTTCCGTGTTTGAAGGTATCACCACAGGTGCAGTGGGGGTCTAGCGGAAGCGGAGCCACGGTAAGCAGGTATGGACACAAAAGACCTTCCACAGCGCTTATAAACACAAAGTTATGTCAGACAGTCGTCCAGTGAAGGGTTAGATATGCGGCGGATTCACGATTATAGTGAACTACGCAAACATGTAGACGATCCCTCAGGGAGCAGTGACCGTACTACGGAGTGCTTTTTTATTTGACTTGGACTTGTCTGGCCGACGTAATTATTATAAGGGAGGTTATTAAGGTTTAGTACTCCCTGGCAAGTCAGGACTTGAGAGACCAGGGACCTCGTTGAGATCACCACTCCGTAGCGCTGCATAGTCCCGTCGAGAAGAACGGTGATCAGCTTGGCATTTTGATTGGAGCCCGCGCAATGGGGCAAGTTCTTGAGATTAATCCCTTTGATATCGTCAGCGGCTGCGTGATCATAATATGACAAAATCTAGATAGACATGAGTATAGCTCTCTCAGGACACCTTAAGGGCTTCCTTTATCGAGACCGGATCGGATCCACTAGGTAGTGAGGCTACCACGCGGCGTGTCGCTCGTATGAAAAAAGCCAAAATTCACCGCGACGTTACGACGTACGTGTATCTTCACCTCAACGGGTTTCAGATTGCTCCTGTACGTCGCTAAGGGAAGTATTTCACGTCGGACTCAAAGGCGGGACCATTATGAATCTCGGTACACCCAGCTCAACTGTGGGAGAAGAACTGAAAACCAATCCGATCTGCAGGCTCGTTGTCTACTGATGATTCTGCGCGCCGCGACAGCTTGAGTCGGAATGTAGGTGTAATTATCCGACATTAAATGATTACTGATGGTCGCTAGCTTAGTCCAAAATGGTACATACCGTTGGGGCGGCAGTGGAGGACATCCTGCCATGTTCACGCGGTGCTCACCCTCAGTTCTACACGAACCCACGGCTCAGACGATAGCTCTTCTCCGACCTTCCGCTCCAGGATCCGCACAGGTGCGCCTGCCGATGCCCACTCAAGACTAATCGGACGGATAAGTCGTTTATGTACTAACACACAGAGGCCTGCCCAGGTGGCCCCGACGAATGCTGTGAACGCGGTAAATACCAGAACCTC,1530,49.93,Saccharomyces cerevisiae
SEQ_236171,CGCTAACGCTTCCTCCCGAAGACTCGTGTCCCCGCGGTGACTATATGACAGAAATGCGACCTATGCCGCAAAGTAGCTCTTTAACGCAGCTAGGGTTTGTAATTACGAGCCTACGGAGGTGCTTCCGGTGTTAATGGCTAGCGCAATACCAATAGGGACGATCATCCATACAGACCAAGGGTTACCCAGCGGACTCGAGTTCCTAACGAAATGTATGACTGGTTTTCATCGGGACTGGCTCACCAGTCGGTACTGGCTGCGGCATCCCACCCGCACTGCCGCGGGACCACCTTGTGTCCCGCCGTCTCAGAGGGGACAATGGGTTGGTATAGGTCACGTTTGTTCACACACGGAAACTGTCATGGTCGATCTAATATGTGCGAAGCGCAGCTTGAGTAATCTACGCACGTTAAGAAGAGAATGGGGGTGTACGCTCCTGAGTGCCTGTAGCTATCGGTCTCCCAGTAGCGTAGCTCAGTTCTTTAAATGACATTGTGACGAACCGTCGATCTTTTTCGCGCGGCGTTGGATTCGGTCTAAGGGGCAACTGCGGGCAAAACAGCGCGTCGGTGTCCCAATTAAACCATAAATGACCACGAAATTGTCGCTCGGTGACATGGCCCGAGTGCTCTCTGGCACTTTTTAATAATCGAACGACATAGGCTACCTTCGCTCACAGGTTTCCCGAGTACAAAGATGTTCACTCAGGGGGTTCCCTACTCGCTCGCTAAAACCGCACAGAAAGCCCTTCATATGATTCTAGACAACCCGGGAGCTCTAACTTTGCTCCATATCCCTGCCGAGACGCGGCCCGTTTGAAGGATATTAAGTGCATCAAGCCTGCGGTTATACATCGCGATAAAGTTGAACCAGATCCCGAATCCACCAGCCAAGCGACTCAATCTAAGAAAGTCAGAGACCCCTATGATCCTGGTTAT,938,51.71,Saccharomyces cerevisiae
SEQ_250940,GAGCAGCTAACCCCTGCTATCACTGCACAGCTATCCTGACCTTACGTTCCTGCCCAGTTAAGTCGCCACTGGGCACGCGCCTCCCTTTTTAGATGAGTTTCGGGACCTGAGTGATACCCTGCAGCTGGCCACTTAAAAACTACCGTCCCTCGGCCCTAT,159,55.35,Homo sapiens
SEQ_206755,CATGTTTCGCCATTCAGTACCTGCAAAAGGGTTTATCTGAGGAATGTGTCTTTGCGGTCAGAGACCAGCTACCTTGAGTGCTTTGAGCGTCGCCGATCGTTTGGTGCAGAGATGTGCACCTTAAGCCATCTTTAGTGCTGCACCTCACGCTTGCCTGATGAAACTATCATCTTCTTCCCTCTTTGACCTACCCCAGTCTCAGTCCTGATAAGCCGGATCGCGACAGTATCGCAGCCGCATATTGTCCTGCTAGCGCGGACAGGAGCCTCAGCCCGATCGACTTCGACGATCCTCAGGAGAGAGACTCCCAATGATACGCGATAGTGGGAGAGCGCTTCCTCTTACCCCTGATTGTATTTATGGTTATGGCACTGTAGAGAATAGAGGCCCATATGCGTCGGAATTACGTGTAAAGAGTAAGTATCGACGGAACTATTAAATGGATGTCCATATCCGGTAGAGATCTAATTTACAAGGTTATACTGACCGAGAGACTCATTTTCCTCGTCGTACGAGCTAGGTAATCGGTATGTGTTGCGAAATTGTATGTGTTCGACGGGCTCGGGGAATTCGAAGAGAAGATACGCACTAGTGAGTTCTACCCCTAACGGTTAAGTGACCCAAGCTCATTGGGTCCATGAATTAAGTAGCTCAACTAAGAGACCGTGTCTAGGACACTTGAGCGCCGAGCATAGCTATACGTGTAGGGGTCTGCCGGGAGAGCTAACTTGCTGCCACTTAATTGGCGTGGCACGACTTAACCATTTAGTATGACCCCCCCCGCTTGCTATGAGAATGACTCCCGCTGGTATATCAACGGATAGCTCCGATAGCATGGACTACTTTCCCCTGCAAGTGGAGCTATCTAGACTTGCGAGCGCACTGTTGACAAGGGATATCATCCGTAGATCATCAATAGAGATTATCTCGTGTGTCATACAACGACTAGCCGAACATCCTTGGCATGAATAACGGATTCTGCCTCCGTCCCTTGGCCCAACACGTCCTAACCCACAAATTAACAAGACATAGACTGCCTAAGGGCGAGCCAATGCCCGAGTGAGCATCAAGATAGGAACGATATAACTGTCTACCATTTACCTCACTTGCACCAGCAAAAAGGTCCGATGGGGTCACGAGTCGCTGACAAGCTTCTCCGGTAAAAATGCCTAGCACCTAGGTACTGGATCTCCAAACTGAGGGGCGTTGTACCATC,1216,49.26,Escherichia coli
SEQ_155591,GCCGTTTGTGTGAATAAAAACCCTGGTTCGTCGCCCAAAACATGAGACCGGTCTTGTGAAGTTCTTTCACCATTTCCCGACGGGGCAGCGCGCCTGCGCCGACATGGTAAACTATTGTCAACGAGAAGTGGCTATTTCCACTCTATGCACTCCACACGCGGAG,163,52.76,Mus musculus
SEQ_678736,CATAGAACGCGTGGAAATCACTCCCCTCTCCTTCTCGGGTTGCCGTAAACTTGCTACGATTTCCCGAATTCCGTTCTATCAGCGAACAAACAGTATCCAGCGGGCCAAGTATCAGATAGTTATAATAGGCTTAAATTAGAGCGGCATAGGTACGCCTACAGTACGGGAAAGGGACTCGCCGCGTCATACATGCTGGCCCGCTGCCGTATAACCATGCAGCCCGGAGGGACCGGATAAACTGACTGGAAGGGGGTTATCACAGTGGCTAAAATGCCAGAAGGTCATGAGCCAGATGGGCTAATAGAGAAACTTCCAAGCAGCAACCAACAAGACCAGCTACCATTTTGTTGAGTGATTCATTCGTGGCGGTCAGAAACAGAAGACGAGGTGCCAGTGATTCTCCCGCTGGCAGCGAATGGCGTCCCAACGCTTATTGAAATCCTGTTTACGCACAGTCAGTACAGCGATACACAGCCGTCATAGCCTTGTTGGCACACCGAGTAATGTTAAATCCTCATCTCCAATACCGTTTATTTGTAAGTATAGGTAAGGACCCGGAATAAGCATTGCATCTCGATTCTGAGTGCCCAACGAGAAATTCCTGCTACGTAAAATATTTTGGGGGGGGCAGAATTTATGCATACGGAGGCATTTAAGGCCGCTACACTCAGAGTACAGGCCCTCGAGCGCAGACCGAAGGGCTGTGCCGGATTAGGCT,718,49.86,Mus musculus
SEQ_674551,CCACAGCCGAAGCTTCGTTGTTCTGTCATTATGGCTCTAGATAAATGTTCAAACCCTGCCAGTGGCAAGCATTCGTCCCGTTATCGCCGCGCCCGTCACGCGCTTTCCAGTAGCTCGACTGGATACTGGCCTGCCGATCGCCGTAGCGGTTTCTCAACCTGAAAAATAGTTTACAGTGAAATATGTCAGTCGTCGGCGGGGGACGCCGCAGGAGGCGATTTCGTTCAGTATCAGGGCCAAGTCGCGGGCCTAGCTGATTCCAACTGCTGCGCCAGATACAACGACTAGGCCAAGGAGTGGTGTGCTCCAATCTAAGTATCTTTGCGAAGTTCTACGTTTGGGAACCGTAAGACTGGGAGGCTGGACCATAGCTACAAAGAGGTTGACATTAGCCCCTCAAGGCTAATTAGCGTAATGTCAGTACGGGGAGCCAACGCCTTCCAGCCTTAAGACTGGCCAGTTGGCTGAAACGCATCTACGGCTAAGTTCAAAACGCGGCCAGACGTGACATGTGTTCGCCGTACAAGTCGGGATTAATGTAGAGCCCGTAAGAAAATTTAATATAGCACGCGTATTTCGGTGACCCAGGGCGAACTTAAGCAGAACTTACGCGCCAGGACCCCAGAACGATCATTGCCATAGGCTAGTGAGAATGGGCTAATACGTAGCGTTTCAGGGGTGCAATACGCGGTCATTCTGCTCCAAATAGCGTAGGGAAGGGTTAAAGGTGGGCGTCACTCGCTGTAACTTCAATTTGGGAAGGGTGTAGAGCCATTTGCTTGGGTATTGTTTGGCGTGTAAGTTAGGATTCCACCGGCGCGGAAAGCTATATTAATATGTTTCAAGCCTGTTTCTAGGGACCTATCGACATTTCCCGGTATGTTA,885,50.96,Homo sapiens
SEQ_373978,GTATACCTTGACGTCAAACGGGGATGCAACGTCAATATCCGTTCTAGCATCTTTGAAAGTAGCCCCGCACGCATACCTGAGGTAGCGGATTGCTCTGTCGAACGGAACCACCGTTACAAACCCGAAACAGTATCTACACTGGTAAAGCCAGTTCCCATGAGACAAAACATCAATTCCTTGGTGCATAATAATGGTAAACGGGTCTTGTCTGTGAGCTCTAATCACCCCTAAATTCTATCGATGTAAGAGATGCGTACGACGTTTCAATGGCCCGATATTTTATCTACTATACTGTATATGACGCCGGAAAATTCCAGGAACAGTACCCTGCGGGGTTAAGCTGTCCCCGTTCCCCGGTTGCCTTCGCTAGCCTGAACGGGGTCTAGTGCCAGCATTCCATTGGCGAATGAGACGTCGATACTAGCACGTGCGTGCTGTTCCGATTGCATGAATATACTACTGGCGTGTGGCGAACCGTAGCACTTTTGGTATCATATGCAACGCGCCCCATAAACACAATTTCCGTCGTACGCTTGCGCGGTTTACCACCTTACGGAGCGTTAATCACTGAGTTTACGCTACCCCCTTACAACAGCAGATATCATGAGGGCGTACTCTCGGTTCTGTACACTCTAACAATGGAGCCTGTCGTACCCAGCACACTTTCGATCACAAACATCGCTCTCGGTAATAAAATGTCCGTTGCCTACATTACCAGTAACATTATCGTTTTACATGGTATGACTACTCCTAACCGCGGTTGCACTTCCTGCTCCGGCCTAGTTAACACTACTGGCGCCAGTTGGGTGACAGTTATAGGTTAAGATTGACATTACGGTTACACACGGGAAATATCAACCGGGTCTGCGG,870,48.28,Drosophila melanogaster
SEQ_729219,AAACACAAGCAATTAGGGTTCCCCCTGATCGGGGGAACCCTGTGTCGTCCGACTTACGCGGTACACTCTAGGGCACGCTGTGTCTCCGCCCGGCCCCGATCTGCTTCAGCGTATCTGCCCGCATGAAATATTGTGGTCCAATGGGCATAGAGCAAGCAACCACCCCTTTCCTGCTATTAGGATGTGGAGCGTGTCACCGCTAAGCGCGCCACGGTGGGGGCTCATGGGAGTTAAGAAGGATCCATTTGGTCAGAGTAGTTTTACGTTACTTCCACGTCCTAAAAAGTTCATACTTCTGTAGCTCTCTTGATCGATGCACCGTCGAACTGAAATGAATTGAAGGGAACAGTCGTGCCAGTTTCCCACCGTCGGGAACGATCTCCTCCCCCACAACACCCGGAGAGTTCCTACTCACATCTCGTCAGCACGGGGTTGATAACTTGTCATTCAAACGTACATTTTTCAAGTTATGTAACGCTATCGCGGCCAAAGTCAACGCTACTTTTGCAGGGCGGGCAGTACTGTTAATCCCGCTGTGCGCCCAATGCCTGGTCTATCACACGATCCCGCAGTCGCCGCCTGCTCGCGCAACACGCACCTCGAAGAAGTCCGGGTATCAGATGTGACTGGTATTACTTTTACTCCGGGGCAATTGGGACACAGCCCACCCTAATACCCTAAGCTAAAAGATCCTTGTACGATGCCCCTAGGAGATACCCGAACTAGGCCCATGCGCTCACAAGTAACGAGGCGGTAGCGCATAATGCACGGTATTGTGACTCCCGAGGCCTGCGGTAATGTATTGCAGCAATCCCATACAGACCGGGATTTCGGGTCACACGGTCCGAGCGCTTTGGGAGCAGTTTCTGTTGAATTATGGCCACGGGAGTGGAGGCCAGATCAATTACGTTTGACCAGAGGGTGGGGGTTGGTTTTTATAACCGCATCGCACATAAAAACGCCTCAGAGCGTAGCCCTGCCGTATGTAAGGGTATGCCGGAGGTCGGTTGGTCAAGAACTCCCACAATAAATACTATCAATCGTACCCGAACGACTGTATAATACCCTTACGGTAGCTAGAATATCGGGGAAGTAAACTCGCACGGGAATCGAAAGGCCCATATTGGGGTAGGGGGCTAGTCGATTGGTGGTCTCCTTAAAGTTACGCAAATGATCCGGGCCTCGGTAAGCCCGAGGGTAGATCACACATTTCTCGCGCGATCAGGATACGGCGTGCCGCCATCGTGCCGGGCAGGATCAGGCTGCGCACCGCGCCATCTGGGACGCCTGGGTCAAAAGCACACCGGGGGTAGGTCGATACTATATTGGAGGTGACCACCAACTCGCCCGAGATGCTGAAGAAGCACCATTAGTGTCACTAAAATAAACGTATAGTCAGCGATCTTAGGACGTCGGATAAGCGTTGCTCACACTCCAGTATTCGGTGCCCTCACATTACATGGACCCTAGCGGCGGGCTATAGACAAGACTCATGGGACAATGAGAGAACTAGCGGCTAGGAAAAATCGGCGATTGCAACTTCCAATGTCTGAGTTAACCAGTGTATTTGGTTTATAGTATGGGAGTAAAGCCCCCGGTTCTCGCGCGGCTCCGATTCATCTAA,1624,52.71,Caenorhabditis elegans
SEQ_463262,CCACTAAGGGCGCCGTGGCAAAACCGCACGCCATAACCCGGCATTTAAGGAAATCTATCGCCCTATGACGACGCATCTACACTCAGGCCACCACGAAGGACAGTTAAACGTTGATCATCCCCCGACCAGCCACCGCTGCTCACCGTCCAATCGCTGGCACATCAGCTAAGTATGGCTGGTCAGGGAGAGGAACTAGCTCCCCTTAACGCAGTCAATAGGATGCTTAGGTTTGACGTTCACGGGACACTATGGCATGCTGGAAGTAAACCAATGCGGGAGACTCCCCTATGCGGGCAGATACCACCCTCCACGCACGCACTTTCGTCGAAATAACAGTCACTTTTGTCGCGGACCACTCCCAACCCATTAAGTCGTGGCGTCATGATACGGAATCGATTACAGTGTGTGTACTGTCGAAGAACCCCGTAGCTTGGGTCTGAAATCAATGAGCTGTGAAAGATAAGTCGATCATCCGGAGCGCACCCCGTTGCCATCCAAGAGTCGAGCGGGGTCTTCGTAAGTTGTTCTATCGTACTGTTCATGCTAGGTTTATTGCTACACCGGCAGCGTTCTCCCAATTCGTTTCGTAGGCTGCTTGCTCTGCACGGAGGCTTCGGAGGCAATATCACCCGTCGTGGGGACGGGCGCCTTAAGATTCGGATTCACGTATCAACTTCACTACAACCCATCGCAGGGCCTGGCAACCAATTGTGCGTCTGCAGGTTTTCGTACTGAACAGATAGAAGAGGCACTCGTTTATATGATAGCGGGTATGCATCTATGAAAAAGTTTCCTAAACCTTGACTTTTGCTATGGGCTTCGCTCAAAGATACCAGGTCGGCTTGTTGCGGAC,853,52.05,Saccharomyces cerevisiae
SEQ_945342,GCCGACAATGCGGGTAGTTGATGTTGAGTCACGTGCAGGTCTAGCTCACACATTCTATTAGAAAATGGGGCTATTAAGCAGTGTAATTCTGCCCGAACTTACCTAGAGACATTCCTGATCAGTGAGACCTTTTACGACGCCATAAGTTATCGTGTATTTTAGCACTACATCATCAAAGGAGGCAGACGGAGAGCCCTACACACGGTCATGGCCCCTCATTGAGTGCTAGTAGCGCGCGTGCCAGAATTTTAGTTGTCGAGACATTCTCAGGGGTAAGTTTACACCTGATCCTGAAGTTTTCATCTAAAGTGTAGAGCTTACGTGCGTTTGAGGGCGAATACTAATGAATATCGCAGGGTACCTATGCAGCATAGTGAAGAGACAGTATAGAATCCCGTCTGCACCGACTGGCTAACGTGGCGCTAGTCCTGCACCTTCACAGCGTGACTGGCGGCACGAGTTCGTGTTACTCGTCATAGCCAGGGTGTCAGCGATCAAAGAATAATCAACATATCAGCCAATGCCGGGCTATCAGACCCGCAAGGAATCGCCAATAAATTCTGACTTTCACTCGTAGCTATCAGTTAGCTAAAGTCTAAAGCAAACGAATACCCTAAGCGAGATACATTGCCACTTCTACAAGTGGTACCACGGCAATCATGATCCAATGTCAGCACCCTGCTACAGCTGTCCTTAAAGCACGGAAAACCGCCCCGTGGAGCCTCTTCCACGGTGGAGTTGTCTATATTTGCACTAAATCTAAATGCGGATAAGAAGAAGAGCTGGTCTATCTAATCATGCCCAAGACGCGTACAATTATAGCCCAAACGAGTCGTGAATATGCGCAACCCGACTCGGAAGATATCACCTCTTCACGTCAGAACGAGAAGTACGTGACAGTAACAGACCGAGCGCTCTACGCCGCACCTAACGGCCCAAACGCCAACACTTATCACGTGGCGGATACCTGCTGGCTGATTTTCAGACTAATACGTACTGGTATGATGGCCACTGATAAATCATCGGCAACTTGTGTGGACTATCCGTGCAGAGTAGGTGAAGTTTCCTACTCCTACCATAAATGTGTTAGAGTCTTCCTAGCTTTTAAGTTCTGAATATACTCAATATCAGTGCGGCAAATCCCGACTCGCAAATACAGCGCTTCGTACTTCCAAGCGCGGTGCACGGATCCTGCGATCCGCTGCCTGATGGGCCCCCGAAACCGACCGTCTCACAAGCCCACTAGCAATATTCTGAGGTCCGCAGCAACCCGTAATTAGGCAGACATTAAAATTTGATGGAACAAATGGCCGCCCGTATCACCACGAGAAGTGCCTATAATACCCCTACAGAATGCACCACTATACGGTGTATCAGCAAGGGCACCGCATAAAGCTGATTTGCGAGGAGGCGAGTGACTTTGTGCCTCCTATGTCTCGATGATAATTAGTCTTCCCGTACCATCCATTGATAGCAGCGAGACGCTACAAGTCAAATGATCCGCCACCAAATTCTGCTTGTAATAATATCGAGTCCTGTCTCGCAAGCTAGGTTTCCACAGGGACAAAGTCGGATCTACGTTGGTAATCAGATTACGGGGCTTCAACGAAAGAGGACGTGTCTACTGTTAACCAAGTGTCAGCATCCCGACGTCCTCATAGCGTCTCGTCACCTGTCCTCTTGAAGCAAAAAGTGACCCCTTGAGTTGGAACAAAGGAAGGTGTAGGTTTGAGCACCATTGTATGATAACCTAAAGACAACGTCATGTAGGGAGAATGGATATCCACATGATCGCATCCCTAAGTAGCAGTCTAGATACCGTGTCCATAGACTGCAGCAATATAGTGAAAGATAAACGGGTGCGCTTTCCGAAGGATGCGCGCTTATCCAAATTAGCCGGATTAAAGGCCCAGCATCATACATCCGTCACAGTGGAGGAGAACATAAGTGATTAACCTGTTCACATGG,1968,47.92,Mus musculus
SEQ_524614,TGCAGGTTAATGCTTAAGTTCACTGGTACCTCCACTCGCCAGTGACGTGATTGCTTTTCGGTAACTTGTCCCTTATACAAAGATAAGCGGGACTTGTTAGTGATGGGGAGAGACCCGCAGATCGTCCAAGAAGAGGATCCCGGGGCAGGGATGATTAATAATCAGGCACAGTTATTACACTGAAGGAGATTAGTTCGTAAATCAGTGCTTTCGCCGCCTGCGGTGCGTGCTTCCACCGAGATGAAACCTTGTTCT,255,48.63,Escherichia coli
SEQ_260032,TGGGGATTCCTATTCTAGCTAGTGGTCAGCCCCCAGGACTGGTCATGCTATTTTACGGGGCCTACAAGTCACACCGATCGTGCGCAGATAATGCCTGCTTGCCGATGCATATGGTGTTTCGGACAGATTCGTGCGAGACACGGGCATAAATATTCCCGGGTCGCGCCCTTCGTTTGTTAGAATCAGTACCACGTAATAGAGTACCCAATCGATAGGACTTCTTCCTCAGGTTCGTAACCCACTCCGTTAAAACTGGCACTTACGTCTCTACTTCATCTGATTACTCCTTATCTATAATGACCGGAAGGCAAACTTAGAGCTTGCTCGTCCGGCAGTTTCGGCTTCCATCTGTAGAATACTCCACCGATCCATAAGCATAACTCAAGTAGTCTTAGTCGACTTTATGACGGACCGTCTCCCATTCTTAGCATAAGTTGAATGGGATTCCGATCTTGTCAATGCTAACCGCGAGGGCACTGTATCGCTGTCGACGGCAGGCGCCGCGTCGTGAATTGAGAGTATTGATCTCGTTGAGAACGCTGCCATTGCTAGATCGATCCTTGTGCTTTCGGCAGTGGGGCCCCATACTTCCATATATTGTTTAATCGTGTTAATAAGATCTGTCGCGATAAGTAGGGGCACTGTGGTCCTATGTAGTCCATCTGTCTACTTCAAGTATTACCCTATCACCCCCCTCTTCTCATCCAAGTGCGAAAGCTAACTTCACGGAGCGCTATCCCGCAGTAGACTCCGACTTACCTTCTCTATATTACACAGTCCAGAGTGTGGGGCGGAGAGTCAGGACTAAAGCATCCCCGAACTCAGTTGAGCACTCGAATAATCTGGCCGAGCCTTCAGTCCTGGCCCTCCTCCTGTATACTGCCCTTGATTCCGCAGTGCACTACAGTGAGTCGGGGCGGTCCTATGAATATCGG,935,49.84,Caenorhabditis elegans
SEQ_431638,CTGGACATGAGTGAGCTTATTCTTTTAGGTCTATGACAATTGGTAAACGTGACCATAATACAGTTCCGGTGCGA,74,41.89,Saccharomyces cerevisiae
SEQ_690627,AATGTGAACCGTCGGAACCTGAAGGAATCGAAGTTACAAAATCAAAAGCTTAATTAACACCGCGCTGGGTGTCAAACCACGTCTAAACGGTGAAGGGAATATGGACAGCTCTACCTATAGGCGTATTAAAGTGGTATTCAAGCGATTTACGCCGCGAAGGTCGTCCCTTGTTAGGATGCCCTTTGTTTGGTTATAGGGCAGAATTAAGCTGGACATCAGACCATCGGACGATATTCCCTTGACATATCGGGGGGGACAGCGTGCTATGGAAATAGTGTCACAACTCATGACACTACTGACCGTTTTAGGGAGACCGTAGGCGAATCATTACCTAATAGAAATAAGATATCGACGTCAATTGAATTCATTTCTGCGTGATCTTCATTCTGCAGGCCAAGCTCTGCGCGCTCCGGAGCGAAGAGGAAGGGTAACGACAGTATTCTCGATATGGCGTTTGCAGCAAGAATCTTGGGACCGTATTAAATATCAAGTCTAAGCCGACCTCCATAGTCTTCACGTACTTCACTACCG,531,46.14,Saccharomyces cerevisiae
SEQ_115705,GGGGCGTTAATGTCGTTAGTAGGATGGCGACCGGCACCAGCCCTAACTAAACATGGGAACTTAAGTCAAAATCTTTTTGCGAGTAAATAAACGCATCCAGTGCGTGCTGCAGTAGCGTCATTTGTCAAGCGTGTAAGCGTTACTATTGCTCCCTGACCCAGTTATGACTACCCTGGAGTACTATGTAGCCAGGACTATGGGAATCTGATGACGACATAGCGCTCGCAACGTTGGCCATAGGCCCTGTCTCCTGCGTCTACTCTCCACGGCATCTGATCGACCTAAGTAAACAAAAGAGTGCCCGGGTATGGCTTTCCCAACAAGAATAATATGACATACGTTTGCTCGCCTATAATGTGACGCTGCGTGGATATAGGTCAAAACCTTGTGCATACTGTTCAAATACTTGCCACTCCTGACGGCGAGTTATGAGTAACCTTCACGATGGCCAGTAACTTAAGCTGATTATAACCCAGGTACCGTATGCTCTATGTACCAACCCATTCCTGACCTCCGTCCGGGCAGGTTTTCACTTTGAATGATGACCACTCGGAAGGTATAGTGAAGAGTTTCCGACTTTAATACTAACTATCCCTCGCGCCGCCCAAATTGTGAATGAGTGCGACTAGCGAAGGGATGGCCCATTGTATTGGCTACCTGGTGGGGTGCCATTTGACACATCATTTCGCTACGAGACCCTTCCTGGTAATCTATTGCGCGAATCGGGGACTTTACCAAGCGGGACGAATGTCTACTCGCTTAGCAGTATTAAATGACTCCTCGCCACACCTGATAGGTGTACAGGCAAAATCGCCCCCTACTAGATTCACCTTTCTGGGGAGTTGG,846,48.7,Homo sapiens
SEQ_251676,AATTGGTATCTTCGTACGCCTTGGCGGCCCCTGTATCGAGACGACAGTCTAGAAAACAAGGTAACACATCTTCCGTAGTCCCTTTTGGAAATCTCTCCTAGCTGCGGGGTGTCAGACTATTTACACTTTGTAGGTCAAGGCAAGTTCATTCGACCCGGCAGTCCTAACCTTTCGAAACCTCAGGACGGGGCGGCCACGACCTTGTTCTCCCATCTGCCCAACTAATAAATGCTTCTACTCACGTACTTCGACCGTTTAAGCATATTGGAGGAATCCCTCGGAGGGAATCCCAATTTCGTGGACCCAAACGTCCAAAGCCTTGGAGATAGATCGGTGGGTTGCTGGTGTAGTACCATTAAAATTAAGGATGTCACGATGCGGGTTGATCAAGTCATAAGCGGCGAAGGAGCTTGTGGCTGATACAATCAACGCACACCGTCTGGCCGATAGCCTCGCCAGAGAGTGGGTCATTCTAAAACGCAACTCTGTCGGGCGTTGATCCAGGGACTCCATCTTCCCATCATCCCACAGGAACGATTCGACGCAAGGTCGTGCTCTCTTTCTTTTAAGATGTTAGTGGCTAGTGAGCATCTTGGCGAACGACCACGCTTCCAATGATAGGATCCCATCGGCATTCG,638,50.47,Mus musculus
SEQ_757727,CGTCTACACTGGACCGTTTTACAACCGCACTTTCCTTACCTTAGCGTTAGGTAGGCGGCAGATACATCGCAGTAGATGGCTCTGTAGGTGCCATGAACGCCTAGCATAATTTACCACACACTCGTGTTTGTTAGGCGCTCCCATAATATACCTGTATACGTACACCTACGATAAACCTAACGTTCCCACCAGCTCCACGCTAAACCTTTGGGCTCTCAGGGCATGTGAGGCTACGCTTCCTGGACGATTCATTACGCATTCTCGTTTCAGAGTGTCACGCCGCGCGAGGCCTCTCCATGCTGTTCAAACATGTTCTAAGCTTCGCTACGTCGGGCTACCGAGTAATCGGTTTGTCACTAGCATCACGTACTCTGGTCAAACCACAACCCATTGAGGGCACGGGATAAGAGTACTAGTTGGTTACTACAAGATGCTTAGAACCGGCAATGAACGGTGTTTTCGTAGACCGTCCGCAAGGGCTCAACGTCTCCTAGCTACGTCGAAAACGAGGTTGAACGCGAGGGATTCCCGCCCTCACAATGAGTGTCGCGCTAGAGTTTACCAAGGCTAAATACTCGGCATACCTAGGGCGTCTCATGAGAGTTTATCTCGAGCGCGAGACGGGACGCAAAACCTGTGCTTCCAGGCCGCCGGCGACCAATCACGGTTGACCGATAACCCAGTACCAAACGGGTCGCGGCTTGGCGTAGGAATAATTGTCGCTAGCGCTTTCAGGGATCGTGATCCAATCAGACTTGCCAACT,764,51.96,Arabidopsis thaliana
SEQ_366035,TGCGAAGCCCTGATGTACTTGTGTACTTGTGGGTTGGCGAATACAGTAGTCTCTCTTCTATTAAGACGTAAATCCC,76,44.74,Mus musculus
SEQ_786512,GTTGCGGAGGAGCGACCGGACGTGCGTTAGGCTGTCCTTGTCCGTTACTCCCGGGTCGATACTTTTCTGTTAGGTTAAGAGATAGTCAACGCACACGACCGTTCGAGATTTGCATCCCGGCTGTAACTACGTATCCTCTTCCTCGCATTCTGAGGGAGCGATCCCTTCAGAAGTCGACACCGGGTGGGCCTACGCGCCCTGGAGTGTCAGGGAGCGAACTTGTCTGCCCCTCCGGACCACACGGCTTCATTCGTGAAACTACTTCTAGCAGCCTTGGATTACTATAGGTCTTGCAATTTGTAGTTTCTCTGTATTCGCGACGTGCCGGCAAAGCGGGCCACTGCGCGGTGGAAGCTGTTGTATTCGGTCTGGCATGAGCCTGAGGAGAAGTATTAGCGAAAAATAATGAGGTACAATCATGCGGACTCTTGAAGATGCTACGGACCGTGTACGTTTCGACTCGGGCGTGGGCAAATGATTGAGTGAACGTCAGGAGGTCATCCGACCCATACCGGAAATGGGAAGGCACTCGCGGCCCCCTACGCTGTGATCGGTGGGCATTCGTGTCGGATCATGTTAGCCATGCAAGGGCCTAACAGCGTTCAATCGTGGGATTGCATGTTGTCAGGCATCTCGACACTTTCAATAGCGTCCACAGCACATTGCGTTTTTTGGGTGGGGGAATTGATACTTCAGGGGCTTTTCATACGCCATACCAATGGATATGAATGTCGACGAACCGGGCCGGGTTGTATATTGGCTAAGCTTGCTCTCCGCGATAGTACTCTTGAGGCAAGCGAGAGCATTGATGTACCTCGACCCACGAAATGCGAAGATAGGTCCGGGCCTTAGCCAGGGAAGTACGGCGAGTGGTACGTCGCCGCAATCTCCCTATGATCCTTATTTCTGGCGGTAGGTTGGCTAGGCGTAACTCTTGACCTTGAAAGGCGGACGCCTTTGTTTTGGAGCCGCGGTAGCGATATCTAACTAA,991,53.28,Caenorhabditis elegans
SEQ_206398,AACAAAAAAGGACAAACGGGCACGCTTGAGACATTCGTAGGCACCATTGTCATGTAGTATCTCGACTGGATTGATTTTAATCGTCCATGCTACAAGCTACGTTCAAAGTCGGTGCGCCACTACACAGACGAAAACTCTGCCGTCAGCTGCCAGCCCCCATCAAGTCGTTGGTGCTCGTTAAGCAACCACAATATCACATGAGCGAAAGGGGCATGTTAACTTGGTCGGGGTCCCGGCTCCTTCCCATATGAGATAGCCACATCAATTACACTCCTCCAAATAGGTCTCGTGAAGTGTAGGGCGGCGCGGGGGGAAGGGGGTCGCACTGTCTGGGTAAGTATAATGCCTCGCCAATAAAATAGCGACATGGCGAGAGACCGTTGCGTATGTCGATTTTGAGCAGCATGGAATCGAACCTTGACCGAAAGCCTCGTCAAAGACGTCCGCTACTTGGCGCGAAAATACTGCTGGATAACGGGGACGCCAGCCCAAGTGATCATGGTGCGCCATATCAAATTTTTGCTATAATGGCACAAGCGATTCAGGAGCTTCGTAAGGATATTCTTACCCAATATCAGTGCCTCGCCTGATAGCGACGGCCTGAGGGTTGGATGATTAGACACTTTTTCTACGAGGTGCGGTAATGTATAGCCACGGCGCGAGGTGTGCATCTGGCTCGAGTCCAGATGTTTGGTTCCCCCCTCATGATTTGGTGTGAGGAACCGATTGTAGACAAAGGTAAAATTGCGGATAGCAACTCGTTTTGGCGACTGGTAGATTTACCTGCGTTAAGCTCCACCTTAAGATAATTGCACCTTGATGTACTAGGGGGCGGTATCATCCATTAATGGAGGGATGTATAAGCATCCTCC,872,49.77,Homo sapiens
SEQ_375352,TCCAGCACATTGGAACCTGCGCCTCCGCGATTGTACAAGACAGGGCGACCAACCAACGCATTCCCACGGGAGAATCAGGCATTTGGCACCGAGGGCACATGCCCTAATCACAATGCCAATACGCCGTCCCGTAGATTCTGAATCGCCAAACCTATGATGAACAAGAGCTCGGCGCGCTGGCACCGTATCCCCACGGTTCGCGGCACCTGCATTCGCTTCTTAAGCCATTGCTGTCGTGTGCATTGCGAGGAGGGTTCCGTAATGGGGCAAAAGTCAATACAATAAGGGGGGGGTATCCGAAAGGAGCCTTCTTTCAAATTATTTTGATCCCTTTTATGGACATAAATATCATAAATACTTCGGAGAGAGGGACAAATCAATTTTAGTTTAAACATTGTTGCTTATCTGATAGCGCAGCGTCCTCAAGGCCAAAGCCAGAATTGACCGAACAACACAACGTTGACGAGCTGTTACTAGGCAAGGCCCCTACTCTATCCGGGAGCTTTGCTCACCATCATCCTACTAGGGGGAGGGTATAATTCTAGACCGCCGATCGATATACAGGCTTTACAGCAGCCGAGAGGTCGTAATTACGGAGTTCGTTATTAAATGTATGCAACAACTTGAATTGCACTTAATACTTAGCATTGTCTCCTTTTCATTTTGGCCTCGGGCCTCCGCATCCGATCTATTAACAAAGCTAAGATTGCTACGGCCAGGTGCCATTCGACAAAACGGTTTCTATCGGACTAGCCAAAACAGGTACCATAAACAGGGAGAGCACGTTGGGCGTTCATACATCGCAGGTCCCGGCAGTGAGTGCTGTGCGAGTCTTTTGTCGTGCACGCAATAGACATGGTGGTCTTACACATCCTGTTGCTTTCCTACTTCACGCCAGCTCTGACGAATTTTTGCGTCTAGGTGTTGCATCACCGGGTTGAAGTCCGCCAATGGCTCTTGTCGAGTGTCTCGCTTGTGGACTCTATGCAGACTGCGCGATCTTAAACCAAGTACTCAAACTGGTTAATAGGTTCAGACTACACGGGGTGATCTGATCGCCTTTCGAAGCTACCACTCTTCATAAACTGCGTGGCCTATACCGAATCGCATATGGCTATGAAAGAAATAAGTTCTCTTGAACACGAGCCCCGGCAGGTTACTATGTCGGCGTCCTCCATCGTTGGCATTATCAGGTGGGACTTGAACATTCCCGTGGAGATGACCGATTGTTCCAAGTTGAAGATATAACTCGTGCGACTTGCAACACCAGTATGACTTAGGGGTCCCGTGTCAATTCTCGACGACATTTCCTCGAGGCTTATAGATGTATTTCGCGTATGGGTTACTGCCACTATCTGACACGTCCTACTCGTGTATATCGAGTAGTTTGCCTAAAAACAGCATGA,1406,48.51,Drosophila melanogaster
SEQ_111925,CTTAGTATCTCTTCGAATCCCTGTGGACACGTTATTCAATCTACTGGCCCATGAAAGACTCAATCTGGTCGAACTCCCTATATAACTCACCCAGCGCAAGGGAGAAGCCGATGCGGGTCACGAAAGCCTGACTCCGGTGGTCATGGAAGCACTGACCTTTGCCGGATTTCACATCAGTGTAGCATACGCCTAGGCTCTTCCCATATTACAGACAGCCGCCTGATGATGGACTGACGCTTTTTAACATTTGAGCTACGCTGCAACCACATCGTTCCTTACCAAGCAAAGGTAGCGAGGTCCTTGACACAATTCTAGGGGTGTATAGAGCAGATTAGTGTTGAATACCGAGCCGTAGTGAGTTTGACAGCGCTTGAGATGACGATCAGCTTAGCACGACCGTCAGGCCAATAACCACCCGATCACATTGCAGGGACCGAGGCGAGCTTGCAGAGGCACGGTGTAGCACCGCGCCACGCAAATACGCATTCACGACGAATACATCAGGGTGGATCTTTTATAAAACTAGTGCACTTTTTTTCCCCACGACTTTTAATAGCTGCCGAGCGCCCTCCACAACTATATTTAAAAATGGGGCTAAAGATCAGAAGTTCTATAGTCCTCGGGGAAAGGCTATATACATTACAATCTCTAACAAGATACCTAACCTAACTCGTTCAGCACTACAGCTCCAGCATTGCAGGCCGCATATGAGGGGGGTG,719,48.96,Escherichia coli
SEQ_109287,ATAACCTGTCTCGGCATGATACCGTTGAAGACAACTTACCGAGTAGACCACTGCCCGTGAGTAGTAAGTTTGTACGCGACATTCTTACCGCCACTGTTAAAGAAAACGCGCTACTAAACCGATGAACCAATGTAATTGGACGCTCGTTTTGATCTTTCAGATAGTAGCTGTATGGGTCTCCGTCGCAAGGACTAATTAAAGCGCCTCCGACGGCCTGAAGTTACAACTTCTATAGGGTGGCAACTGTTCGCAAGACAGAGAGGCTCCTTAAAGAAGGTGTGTCAGGATCGCTTTGGACTGAACGGCACGGTATGAAACTCCGTATGATTGCCAAATCCAGGCATAGCGAGCATGGCAGAAACAGTCGTTAGCTCAATCCTGCATGCGATTCCAGGAGATCCTGTATAAGCTGCATTTCATTTGTTTAGCTGTCAGCGATTTACGGATATATTGCAACGGCTCTTGGTTCGAGAGTAGAATTTCGTGAGCGGGTTAAGCGTTAAATAGAATCCCGAGGGATGCTGATACAGACCTCGCCCTCTTTATATGCACCAACGTGTGCAAGACAAGTATGCCCGGCGAGCTGACCTTGCACTTACCCTCGGCACATGAGCGGAAGCTACTCTAGATGGACGCTCGCTTGTCAAGCACAAAAATAACCCCCTGAAGGCACCAGGCCGGGTACGATACGGTTAAGCCAACCCAATTATAATGGCTCAGAAGTCGTTAAATGCGGCGCATGGGACGTCATCTCGGTCATCCATAGTGTGTTGTAGAGAGACTTGAGTTAATCAGTCCTCGCTTACATCCCTACTCCCGCCTTATTTATCGGAGAAGCAACACCCGTCCACGAATTTTCGGCTCTAGCATTTTAGTCAAGGCGGAAGTATTCTAGCCAACACCAGGCCTAGCCAACCCTTTAAACGACGTATCTCGAAAAGAGTTGGGACGGCCTCAGGCGGGCCCAAGCAGCATCGAAACCTATGGTCTCTTTGCTATTAGTGACCTTTGCCCGGTAGCATCGCTAGGCGGCCACACATGTTTGCTGGCCCCCTCACAGAACGTAATGGGAACCCTGGATGTTCTGCTAGGCCAAGACTTACTTCTCTGTTGTAGTAGCGTCGCATCAACCCCGTCTCTCTCTATTATGTTCGGCAGTACTCCCATCTTCCCCATGCAGCCGAGTAGGAGCTAGTTCCTAGTTCCCACACGTCTGATTGATGTCTGTAAATCTTGTAGAGTGGGCTAGT,1250,49.44,Drosophila melanogaster
SEQ_342870,TTCGTGCCAAGGTACCTGCTTTTAATGCAAATTGTTGACGCCCTTTAACGTAAGCTAGGGATGAAAAGTTGCTCTGTGAGAGGATACAGCCTGAGATGTCCTCAACGG,108,46.3,Homo sapiens
SEQ_355305,CCGTGTATTCGCAACCAATCGTCATGATATGTCTGAATCCCTTCGGTGATCTTCGTCTACTACGTTTATCGTTTGGTCGCGAAATAGATTGCATGCCAATCACCTACTTTGCTGAGCACGCGCTTGAACCATGGTAGTGTCGCTGAGAGTTCGGGGACGAACAGCCAACGAATCTGGCCTTACTGCGGCTGGCCCTACGGCTATGCGCGTGCAGTGTGAAGCATCGCAGGGATGGGGAACACAATCCCCCAGTGAGCCATTTTAGATTTGTCAACAGCACTCGCCGGTATGCCGGGGGTCGCTTAACTGAGTGACTAGCTAACTTTTGGTCACTTTTCGGGCGAGCGTAGCAGCTGGGTTGTTTCGGAAACGCCTGCGTAAACGACCTGACCGCGGAGAACCCCGTAAGGGATGAGACCGGTGCTTCATTAACGAATACCCATTATGATTGGCAGTGGATGGTTGGAAACCAACGCAGTGAAAGCGATGGGCCCAAAATTACGTACGTAACGTCCGTGTCCGTACTTCCGAATCCCCGTAATAGGCCCGGTTAGGGGCCACGCAGTGAAATGATTCATGCGGGTAGTCGCTGGAGAGTTTTACACTGAGTCACTCATAGCTGTTGCTATGCCGCCTTTATTTTAAAAAACACGATACGGCCTCTACGGGATAAACGTACCCTTCCCGAAGGTTCGTCCAGGTCTGCTCGATTCTCGGCTTGTATTCACACGGCCGTATTGGGGCCTGATGGTACTTATAAAATAGGCGGGGCGAATTGGCGGAGTCAGTGGGTAATTAGCCAGTCCCCCTTTAACTTCTGGTCCCGTCCACCGCATGTTCAGGCCTGTATGGAAAAGCCAGAAGTAATCGGCCTCCCCTAGTATATGCACTGGTCCAGCGATTTGCCACACAAACAGGGTCAAGTTTCCACGCATGGACACTGTCCGACTTCGTTTCTAATTCCTCCTCTGCGTATTACCTCCGTCAAGGAGCGTGCAGTCAACAGCAGGGGTGCTCTAAGCACTCACTGATCTGACCAGCCTGATAGATTTCTTAGCGCCATTCAATTCAATTTAAATAGTTCATCTAGTCGGAGCAAGGAGAGGCAATATTTCCGTTACCTGCTACAAGCGTTGGGTGAATTTTGCGGTATCTGTTTTAGATACACTACTGGCGACCCAAGAGTAAGAAGTCGGGCACGGATGTTGAGGACGCCTAAAGCCTATCCAGCGTGACCGCCATGGAATCCGAATGAAACTGGTACGGACCCTGAATGAAGGTGCTTGCTTCCAGTCAGTGCGGGTCAGATGCGCCACCCCGAAACCCGGCAAGTTGCCGCAAGCCTGTGGAAAGAAGGCCATGTGACCCACGGTAAATGTAACAGACTATACTGGTAATTCCAAAGAGAGTACGAGGCCGGCGCATATACCGTATATAGTGGGCTCAGGCTATCTGAATGGAGCTCTGGGTAGATGACAGCTTTACCTGCCCGCGATAGCTCCACAATGCCCGCTTACTTAATGTGGAAGGTATTCTGCTCCTGGTTTGCGTAAAACGGAACAGGGCTGGTGTCTATCGGTGGCCTTCGCGGTAGGTCCTGGAGCCACATGAAGTTAGATTCTACGAGAACTGGGGCCCCCAAGTGAGGACCTTTATCGTCGCTACGAAGATCAGGATAGCACAGGTGCGGATATACAGTAGAAAAGAGCACCAAGATAAAGCTAGTAGATGATAATCGCGACGCCACCCCATACTGGGACCACTTGCTCGAACCTTATCAAAACATACCGAACCCGAAGTCAAGTAGGGATTTGGTTAACAGCAGCCTGGCTATGACAGCAAAAATTCTCGAGGGGAATGAAATCAAACTGTCTGTGCTGTCGATTAGTCTCGATTCATCTACCTCCGTTCAAGTTAGGTCCCTGGAACAGTACCAAACTGAGAGGGATTCCCTCGGGCTTCGGAGCGCCCCCTAAGTCGCGGTAACTCCGTT,1993,51.23,Saccharomyces cerevisiae
SEQ_407328,GGACAGCCCTATGGACCTTGTATGCAAACTATTTAAGCCATAAGATAGGAAGAAGTTAGCTACTTTATTGCGTCTGGGAGAAACTAAACACGCATTTAACACGGTTGTGTTAGAATATATGCTTATATGGTTTTCTCATACAAACTCGTCGCCGCACATGAACTACGTAATGTGTGCAGGGGACTTGATCCTCGGCCGGGCCTCCTTCCAATCATGGTGCGAATGTCGGCCGGGGGCATTGCGTCGTTCCGGCCCCTTTTTGCCGCTAGGTTGCAGATGGGTCCGACAGAACGCGAGCGGCGGTACACGAATGACCGGTATCATCGCCTGGGATGTCGCAATGGCTGGTCCCCCTGCATCGATGACAGCTTCGGATGCGGTTCGGCCAGATCGCGTCGCGGGTTTAGAATCCAGCATTTTGTATGGTAACTCGACTGCTGAACCGCTGGGCGCCAGCGGTAACACCGAATGAGTGTTGGTTTAGCGCTAGAAGAATCACAGCTGAGTCAGTTGCTCATACCCGAGTAAAGGAACGTTCTACAGTAGCCCTTGCTAAGTAAGGGCCGACCGATCCGATAAAGTACGTTAGGTATCTAGTTTGGGATGTACGTCGTTCATGCGCAGTTGAGCCTAATGATACTGTTGCGGCGGCGTGACCTACGTCAGCGTTTATCTGACTGGTGTTGAGAATGGCACAGGAACATTGAATCGTCATCCCGTCGTCCCTACCTGGTCCTCATTCTCAGTACGTCTGCCGAGCTCCGGCCCTGAGTTGGCTTGGGACAGAAGTATTTGACCATGATCGGTCCAGCAACCTCTTTGTTTCCATCTTACCGCGAGCGCAGCATTTGCTATTATAGGTAGAGCTCCCGGCGAGGATCATAAAGACAGACGGGCTCGACACGACGATCTATGCCCTTGTTCTTGCGCTGCTCTAGAAATATTGGAATGGACCGTAGGGCCCAACGACGATCCTGCGGACAAAATGCAGATGATACAATCCCATTCAGTAACGCTTCTCGCAGGAGATGCGTGGACGTGTGCTACGGAGAAATGT,1057,51.75,Homo sapiens
SEQ_243782,TGTTCTCTGGCATCGGCGCATCGCCGCCGGGCAGCAGGTTCATAAGATATCACTTCGTTATAACCTGGCTTGACTTAGAAGTGTAGCGCAGGATCTCGTAAAACTCTTGGTGATCGAGATCCATCATAGGTCGACGCAGGTGTTCCGATTCTATAACCCCAGGGCACATCAAGATGAGGATGACTTAAGTCACCGGCCGTTTAGGGCGAACCGTGTACAGCACAGGTCCAACGATACAGAATGTGTCCCCAGCATAGATAGTGATGGTAATTCAATGCGTCCAACTTAATGTACTGCCATGCCCAAACAGGGAATAGGAACAAAACCACTTTGTACGTCTTATTGCCGCAGCGATGGCCCTTGGTGTAGAAGAAATGTATGGGACACTTAACGTCTGAACTATTGAACTGCAATTTTCCTCCCTTAGTGAAAGCTTGCCAATCCACCTATGGGTAGAGATTCCATTAACACTTAGATGCGCCTGTCGGCTGATTCCGTTGACCTACCATACGCCGAGCTCCGTCTAAGACAACCCAGTAAGGTACGCCATTCAGCAATTACAGTTTATGTTAGACAAGACGAGACTATGCGGCCCGCACGTTAATTAAGATGTGATCCATCTCCTGCCTTTCGATTGGGTCCTCGGCCTAAAAGAATGCTTAGAATCAGCAACAGCGAACGCAGTAGATCGGGACTGGCAGAACGACTAGTCACTGATTATAACTTACCGTTGCCCGAGCCCTTCGATCTGTACTTGAGCCTTCACAATCATATATTAAGGTCCCCTTAATGCAGAAAGTTTCCCTCGTACACTGTCATTTCACAATGACCTCTAAGACCCGTGCTCTTTCAGCCTCTAACCCTTTCTCAACATCTCTCTGCGGTCTTTTGAGTGCGACGTGGCTATTGTGCCCCTGTGTGGGACCTGTATTTCGCAAGTACATGGGCACTTCTCCGGTGTTTTCCAAGACAAGCTGGCGCCTGGAGGAAAGTTGGATCTAACCGACCATCATGAAACAAGCGTCAATTCCAAGCTTGAGCATGCAAGGAGTCGCACGAGCAATTCTCATACACGCGAATCCCATGACTTTACGACACTACGTCGGCCCTATATAACTGTACGTATGCAAACAGTCGATGCTTTCAGCTCCTAGCAAGGTGTAGTGTACATAGTATGTCTGTATACGAGTTCGATGCGCAGCGAGGTATTCCTTACGCTGCAACTAGCAGAGTTATCTGGATCACCCTTTAATCATGTCACTAGAGATTAATGGTCGAGGACATCCGTTGCGTCATCAGCCGAGTGAGTCCCCGGTGAATATCACCGTTTCTGAGGAAGGAAACTACCGCATGGTTCGTTTGACTTCTCTGGGGCGTCCCACAACGATGGTCACATCCTCAAACCCGTTTGAGGTCTTGCCCTACTATACCGATGCAAAACGTCCACGAAGCAGATGTTGGGTTCTCCGTTTCGACACCTAGATTACCCGTACGGGGTAATGGGTCGTAGAACGACTTATGAAGCCTCTCTTACCGATGGCGGAACCCTTTTATCAGTTGATACACGTCTGTCCTATCACCGTCTCCTACATATACTCAAGCGCAAGTTGCCCCGGGGCCACTGCTTGGCCAACGCTGCTCCGACGTCTTCCATATAGAGTTCTCAAAGGCTGCGCCCTCTCCCGGTTTGGTGCTACCTGAGCAGTAAGTGCGGTGACACCCACCGATGCAGCGGTCTCTGGAGTAGGACCGTAGGTCATCCCCTCGA,1768,49.55,Saccharomyces cerevisiae
SEQ_442765,CTGCGTTAAGGTAGAGCTAAAATTTGCGCCCTCATCTCAGGCACTGCAGACATTGCCTATGGTCGGGTCGATCCGGTCCGAGTCGCGCTAATTTCAGGTTGTGCTATGCCCCCCCTGTTGTCCTTTTGGCTAGCGGTTATCATGGTTACAACACGGTCTGCTGCAGCATCGGACGCAAATGACATCTATTCTACTTGTAAGCTAAAGAGACCCGGAGAACGATATGGTGTGTACGCGGGACCAATGGGAACCCCCTAGACACTGACGTGCTTGCTTGATGGATCGCCGATACCGTCTAGGAATGCTTGGAGGGTTAGCACGGATGCTAGTCAACAGCAAGGTTTGCTAAAATAAGATCTAAGCACACTGGATACCCGCGCAACGGATAAACCGAGCACGCCAATGTAGCCTCGACCGTTGTAATTGATCTTGTTGCTGTTCTAGCGGCAGTCTCCGCTCTATGCTAAGGCCCGGTAAGCGCTATGCATGGACAGGGGTGCGACGCCCTCATAGTTGATTGTGTCAAGGCAATTTAGCCAGCTATTTCTTTGGTGCCAATGCTCTTTCGCACTCCCCACAGGGTCGTGTTCGGATACACTGGAGCGAGGCTTAGTACGAACCGCGCCTCTCTACAAACCGAACTCATAGTCGTCAGCGCCAATTTGCCGGCGCGAATTTAAGTGCTAATATTCCCTCTGTGACTTACTCCTCTAATTAAGAGTCTCCGAGATCTCGGAAATTATTCGGGTGAGAGTGTGTGATGGAGATCTTTTCTGAGCTTAGTCCAGGTCCCCTCGTAAACTCGGTTTTCGCATCGCGTTAATCCTCATACCTCGTGTGCTTTATAGTACCCCTCTCCTGATACTCCGACATCCCGCATTCTAGCCCCAGCTCCCGACATCTCCGCTTAGGCGGCCGCATTGAACCAAGTCCGATAATGAGACCGTCGGACTCCGGATAAGGCGCCGTGCTACCTCCCCCGTAACGACGTTTTGTCCACGCTCGTCAATACTCCATCCGTTACGAGCAAGAACACGCGCTAATTTATTATGGGGTGAAACGTAAACCGTTTCGACACCGGACTATCGAGGTCATTAGGTAGTAAAACAGCCACTTCTAGCGCGCTCCATGTTTCAGAACTCATGCACGTTATGTGGCTGCTAGCAGCCTGTTCTCATGTCTAGGTCGCCCTTTACCGAGCTGACAGCGAGTGAAGCAACCTGGATACCTTTAACCTAGGCCCCTGACAACGCGGGGTTGTTGTGGTAGGATGCGACACGAAAATAGAACATGATAGATCATCGTATGGGTGCTGGGTTAGCAGAACGGTGCAAGCGAGAAACATTACCAGTCAGACCTCTGTCCCGTGTACAGACAGCAGTAGGAGGGGCTACATGCTTCTCACGGAAACCTAGTCGAGGTACGATTTCTCGATGGCCTCAAGTCACGTATACAATGTCCATGATGGGAATGGATG,1477,51.32,Saccharomyces cerevisiae
SEQ_846378,AAGAGCTAATCACCCAAGCGGTTTCTCTTCAAAACACTTTGATAGAACTCTAGTTGAGCGGACGGTACGAGCTCCGCGTTGTATCCGTTTTCCAATGTGGCCGTTGGTATCCATGTTACGAGACGTCCTCACTTAGAATACTGCAGAAGGTCACGACTGGTGGGCACGACTTATACGAATTACCTGCTGCCGCCCTACAACATGAAAAACCTTATTAAGCCTTAGTGACCGCATTCTAATAAAAAGGCTATGATTGTGTTTTTGTGCACGTGAGAGCAATGCCCTGTAACGCAGTGTACGAATACTGGCCCTAGTAGAGTGGGACCAGTTGCCTATGTCTTCCGACGCCGAATGCCAATAACGTGTTCCCGGCTCGAAGTGCTCACTACTTTGAAGTTCCATAAGTCACCTTCCGGTAAACGAATAAAGCTCACAAGCGGGATTTTCGCGTATCCTATTTCTCGTAAAGTACTTCACTGTCTACGGCGTCTAAGGCCAAATGGCCACAATGCCATAGTACATGCCACTAGTTAGTGAATGTCGTGCACACCATAGAAGGCGGGTGTAGCGGACCATGTAAGCGCCCGGAGCTTCGACCGATCACCAACCCCTTGTTTGTTATCCCCGGGCTGTCGTAGGACGCTTGCACGCCTAAGGGTTTGAAACATCTTAGGGGATCCAGCCAGGACCCTGAGGTTGCCAATGCATGCGCGTTTGCACTGACTTGGCGACTGGGGGGAAAAAGGCATGCTGATTTATCGGACCCCAAATGATCCCGAGTGAAATGGCTTGGAACCGGTCTTATCTTACATGGAGACTAGCAATATGACCTCGGCCTTACCTGATCGAGATCTGCAATATGTGCCCCTCACTGCGATCTTGCTTATCAAGCGACTGAGTGGGGAACAATGCAGAGGCTGGTTGCGTGACCCGCTCTTATCGCGAACGGAGCTTTACCTGGAGACGATATTAACGTACTAAGATCGCAGGGTGGGGTACACGATTCGTTTGTCCTACTAGACCACGCTGATCGCGAAGTCAACCTTGTGATGGCTGTGCTTAAGCATCTACCCCTTTCGTATTAATACCGTCTCCCTTGCCAAAACAGTCTACGATGGTAGAACCAGATATTTTCCGTGCAGGAATCACAAGTCTTCCTAGAAATCCCTGCCAATGTCTTCAACAGGCGATAACCGTTACGCGCTCTGAGAAGTCTCCGATTTACGACGATTAAATTCCACTAGACTTTGCTAATGGAGGACCGACAACCAAGGAACGAACA,1282,49.22,Homo sapiens
SEQ_823086,CAGCCTAGCTTTAACGCGGGCGCAGTTAATTCCACGTATTATGTCGTCGAAACTAGAATAACTAAAGTCAACAAAAGTTGTCCTAGAGCCCTTACATGCTGGGCGCTGCGATCACAGGTCCCTCCTGTTGCATAGGTATTTTTCTGAGAGCAAACTTGGGGAAACTATATTTAGACCTAGCTGTTCTGTGGTCCGAATGGAGTTAAAGATGTCGACTTCCTGATATGGGGCGGTCCAAGGACAGCAAGGTTCAGAAACGCACTCATGTCTGCGACCGCTCTGTAAACAAATTTGGCCACACCATGACCGAGTGTTCAAGCAGGCAGTTTACTGCTGCCGAAAGGGTACACAACCTTTCCGTCGTCTGTCTCTGAGCTCACCGCGAGAGACACGGTATCAATCTATAACCTCACTAGTGGCAATATGTCACTTGATTCATGGGCCTAAGGTGCTGTGATAAGGATCGAGCGAATGAAGATCAGGCCTGTAGTGTACAACCGGGAGCCCGGCGTACGTCAATGAAAACTGTTCGGGCGGAGGACAAAATCATGCAAGGGCATTACATGTTATAAAATTGATTATCGCATATAAATCTCGAATTTGAGTCGCCTAGATCAGTCGGTCGACGAGAAGGGCTTGCCGGATTTCCATCCTACTTAACGTAATAATGTTGCGCCGGACCCTGCGAAGCGCGTGACAGGTGGCGTCGGCAAAGAGCTTTTGTATTAGACTAATTATAGTGGACGGCTTGGCCTAAGCTTGTCTACTATCCTAGCATTGAAAGTCCGCTTCTCTATTCCTTTGTTTTTACTAAATTTGCTGCCGCTGCCTCTGCTCGCACACGCGTGGATTGTCATGCTATCAGTACAGGTTGAATATGATTAGTGCCTCTTTGCTGGTGAGCTCTCGGTAAAAAAATACTCCACGTGTGCCAGTGGACTCGCGACCTGTACACATC,958,47.81,Saccharomyces cerevisiae
SEQ_361081,TTGCAAGATGCGAGCTGTGTCCGTGTGCTGCATTACGCGGTAGTTGCGAGAGACCATATGCGCTTAGAGAATTCTAATCGCGTCACATTTGATCATGATCTACCCGTCCCGACAGCGTAGCCGTGGCTAACTAGAGCCACTTGATGGCGCTAATCTTAGCGCATTGTGTTTGAGAGACAAATAGTTACTGCTATGCCCATATAGTCATGTTACACACACGGGAGTTATTAGGTCTTTGTAGGTGGGGGTGACGTGCATGAGCAAGGCATTTAACCCTAGAAGATCCAGGGTCGGAACCGTACGGCTAAAGTACTCAAGGAGGAGTGGTATATCATCGCGTGTGGACACCACTTTCCGAATATCTGGTGTTGTTTTCGTGGCGGGTAGTGTCTACCTGTTTGATCGGATACTCACCTTTTGCTCCAGGACACGCTCCATGCCGCATAACAGCGTTTGACAGCCGCCCCATTTTTCAGAGTACTTACCGCTACCGTACAAGGATGGGCCTTATCTACCGCACGGACAGCCGTGTTTTATAAAGTCAGCCATATCGTGGCAGACTGTCGAGAGCCAACCGATATAGTCGTCATAGCCCATGACGGGGAATAGAGGGATCCTACTGGTACCTCTCTAAAAATCGCTTCCGCGGTAAGCTTGGCAACAGCCCTTCTGGTGCCCAGCCAGTAGCGTCATGAGACTACCTCATGATCCTGGGGCAATTCAGCGCACTCCAGACTAGTTCGGAAGTGCACTTCTTTAATATACGCAGCGTTTAGATAGGCCATAAGTGTGAGTTGTAAGCCCTGCGCCGTAGCTTCGGTCTTGCCATGGTTACACGTTGAAACTTTACACCGGCCTAAAGTGCGCCGACCCTGGCAGCACTGGCTTACGAAAGTAGCACGATTCTTTCTTGCCAG,917,50.6,Arabidopsis thaliana
SEQ_332719,AGGGTTCAGATCCGTATAATCCTTCCAAATAGTACACCCCTATGCATCAAGGGATCATTTAGGCACGCGTTGTCCACATGCCCTCACATCTCTTTGACTCCTATCGATTAAAGTAGGCGCCCGCCGCATGTGATTACGCTCTATGTTACGTGCTGAGATTTTGGTCTAGAAACCATCTAAACTGTCAACACGGTTGTAACGCTCGCATGCCCATCAATGATATAAAGTCAGCGCAGTCGTACCGCCGTGAAAAACCCCAATGGACTTCGCAGTGAGGGTTCTGGCTCTAGTTTACGCTGGTACACCCTGCGCCAATAGGGTACCTGATGGGAATCACTGTCGTGCTTTCTTATCAGGCTTTTTATCCAATCCAGCTCTAACGTGTCGCCTTCTGGTCACCTTGTTAGGTGGCTCCGTCTCCGACGGCCGCGTTACTGCCTAAAGGGTGAAGCAAGAACATAGGCAGCTCCAGTGTGCACCCCTCCATCTCAGAAAAACGATTGTGCGAAGACTGATCATGCTGTTATCGTTACGTGATTCAGATGGTTATTAGAAGCAGCCGTTCATTAACCAAGAGTATTTCAACCAGCGGCATTTTGTTGAGGTACGAATAAAGTTAACACAGGGTTAGAAATCGGCTTCTACAACGTTAAGGTACTAAAAGTCTCAATTTCAAGGTATGAGTAATGGCAAACATGAGCCTGTTTCGGTAATATGCAACGATCCCCGGCTCCGGCGTCTCGCATAGCTCAAGAATAGAGACTTAAGGTCTCCAGATCTGTCCGCCAATGCATGTTAATTTGCTGATAAGGGGTTTCTATAATCCGCAATTCGCCGGGAGTTAGGTTATGAACAGCACAAAAAATCATACGCATTTTCCAGAGGTCACTCCCTGAAACGGTATACTTCCACGCGCCGCCGAGTTAACGTGTGGATACGGACGTCGAGAGATAGGATGGCGGTGGACGTATGTATGAGCTTCGTGAGACTGGCCCAACTGGCTCCTCTAGGTCTATCTTTCTGTGCATGATTTCAGCGAAAGTAAGGAACATATGGTTAAAACCAATCCGCATCGTTCCAGGTATTTGACAAGAGTTGTCGCTAAGATGCCAACAAATAGTCCAGATAAGGCGACTACCCCCGCGCAAGACATCGGCATATAGTATCCTATGCCGACTGTTGGGGGCGAGGGCTTTATGTGGATTTCCTTAACCTGCGCAGAGGCTTGCTTCAGCCGCCCAGTCTTGTGTAGTGTATCACTACGGGGGGGAAGAGGACAGGTCTCCATCCTGCTAAAGCAGGGTGGCCCAGTATTTCTAATTCGAAGTATATATTGGATTCGCTGAACTGAAACCCAGTATGAGCGCCGTTTCTTATGATAGTTGCACAATGTCGGATTCGGCGGCGCGGCACTGAGGATGGCGGTCGCATCGGTTGACAACTTATAAATTACAATTCTGTTAGCGGTCTTGAACCTACGGATTGGATCCAGGTGTTGTCTCAAATTTAGCCCATATCTTGAACTAGGGCTAAAAAAATTGCAAGAGCCCGGGAGAGTGGAATATAACCCAGAGCGTACAGCTTGTCCGGAAATGTCGCCCTTCGTAACAACGAAACGAAGGGTGCACTTCAATAAACCCCTACATATACACGTACCCGCTTTAATGCTTTGCGTGTACAGACTTCAATTAGGCTCCGTGACCGACACAGCAGCGCAAGAGACGGGGTGACGGGATGGACGTCCCAAACCTATGGGCCAGACTACATGCATTGACGTTGGTTTGAGCCGAATTGTCCTCTGAAGTGTTTGCCGTCTTATAGACTCGTGCAGGGCACGAACATTGGATATAGAAGTCACTCAACTTGGTTGAGACCAATGGGGTAGCAATGAAAGCCTTCCTGCATTAACG,1910,48.17,Arabidopsis thaliana
SEQ_356436,GGGCTACTGTGTATTCAGGGGTAGCCAGAACGCTGAAACTTTCCAGGGGACCTCGTTCTAGTCACCCTTAGCGATTGTACTCCTCGTGAAGTGAAGATGCGTGGATGTAGCGCTGGACTTCCTGCGTGGCTTGTAGACACGGAGTCCTGTTACGTCACCCCTGTCATATCAGGATCGGATGATTGAGGGGGCTAAGGACAGTCAGACAGAAACGCACGGCCGTGGGCGATGTCAAACGACCGCCAACTGGTCCCGGTCTAGTATCCCCGTATCCTCCAGAGAGACGCTTCATTTGGGGACATTAACTCCGGGAGCTCGACTACCGGGCTAATTTCGTAATCAGATGTATGGTGGCGGTCGTAATCCTTTCGTCTGCGCCACCTGGAACTGTCCTCCTGACGTAGACTTCGTCTCGCGTGCGCACACTGCCGGCCATCGACGTAGAGGACGTTAGAGCCCAGCGAGTGCCGAACGATCGAAAGGTCTACTCATAACCTGAGAGAAAATATTGTTTACGTTACGATCCTAGTTCGCCTGACAACTTGAAATAAGTAGCTCACCGCGAATCCCTTGCTTAATGGTTGTGTGAGGACGATACCGATTGATAGCGCCCATGCACCTGGTTCTTCCTAACTGGCAGTCTGACACCGATGAACAGGAGCTACGACAGTCAAAGTTCCATCGCCGGCTTCGTGTGTCACGCTGGTGTACTAACACGAGGCACTACTGGACAGGTATCTTTCAAACTTAGAGATTCGGCGTCGTTCCTGCTTCCTCTCGTACTGCAGCCTCCAGCCTTAATTCGTCCAGGGTGGGCTCCGTAATAAAGTGTGTTTACAAGCATCCGTGACCACACTGTGTCCTGTTGGTTGACAAAAACATGCTAACCACGACAGAAGGGAGACACGATTTGCTCAAAAATCTTCTTCTTATAAGGTGACCACGGTTTAGAGATCGCGTAGCGCTGTCCATCGGTATCCATTCTGGAAGTTAACTGAC,999,51.75,Homo sapiens
SEQ_161955,TCCACAGATTCGAAGCGCAATTGGTTTTGCGGAAATTGTGGGTTGTAATTGTCATAGCGGCCCTACGGTCATGTAGTGTAGTGTCGACCCGTGTCCTCCCCTGGTTCGCTCAAACCGTGGAAGGGCCGGTCGCAGCGGTGCCACCGACGGCTTTTTTGTGCCCGTTTACGGTCCCGGCATCCAAGGAACTGGAACAGGATGGGACGTTCTGTCGGGCTTTAAGTGCCCCAGGAAGTTGGGACCGTGTAGGTATGGCGGCAACACGTAATCACAGTACGGCAAAGTACCGTGGAGGATGTCATTAACTGCACGCTAAGACATCCCAGCTTAGCAGTACTCGTATACGCTACAAGAGTACGCTTGCTCAAGTGGTGCCACGCATCAGGTTGAGCCTCTGTGTAGCTGCACGTCACACAAAAGGCGCGCCGATTCTACTGATATTGCGGAGCGTGTCAGTATATTTGAAGAAACAAGATTTTTACCTGGTCTTAGAGATTCATTGTGATCACGGTTTGCATTTAGTTTTTGACTGACATCCTTAAGGGAGTAATTTCATTCTCTCTGGAGCAGATTGACTGGTTTGGCGACGTCCCGCACTCATCCCCAATCCGCAACTAACGACGGTATAGACCCGGTCTCTTCTGTGAACTAGTGGATTAATGCGTAGCCCGCCTCGGTGGGGTACCCTGATATTGTGAGTTTGGGTGGTGGTGGTGCTTTTCTATGTTACAATAACTGCTAGCAGCGACACTACTTTCAGCGTCTGCAGACTTTACGAGAACATGTGTTAGTCAGCCTACTTGGTTGCGTTTAAGAGCCTTATGGAAATGGAGATCTGTCTGATTCATCACGATAGGGCGTCCCTATTAGGCAGCAATGAATTCTCAAAGGAACGTTGCGAGTCATCTAAATTCGGAGCCGTCGACACTTTATCGAACACTGGGGTTGTTAATTTAAATGGGGGTCTCATTAGGCGGGTACGTTTCTAGTTATACCGGGGGCGCGAATTATTTTTCGACTATAACCGCTAACTAGTCGCCAATATAGACAGAGGTGAGATGGCTGAGGGTCGTCTGCATGATAGTGGAACCGAGAGGGGCTGGCAGGTCGAAATGCCCGAAAAGTTG,1127,49.69,Mus musculus
SEQ_820247,GTCCAAACAAAAATAGCTCCCCTGAGCCAGGCATCAGTAGCTAATATGCTGTGTTCCAAGCAGTCCTGCCGCGGTCGTAGGTTTGGGTAGCAGTAGCCGACACGACGAAGCTGCCCATGAATGGCAGGAATTGGAGCGGGACTAGCGGCACGTGTGTTACCTTGCATCCGGCCGATCGGTACGAGCTTGATTCCGCAGTCCAAGAAGGCTCATAACAACAGTGTCACTATAAATGACATAGAGAAAATGTAGATCTGGTAGTAGGTCTGATTGTAAATCGTGGACCGGGCAGTCCAGCTAGGTGCCATTCTACGCTCAGGTCTGTATTTCTGCATCTTCTGATGTACGTTCCCGACTCCACGGCAAGAGCGTAAAGTTGGGCGCCATCAAACCCCCTGGATCCCGTTAACACTACACTCTCCTTTCGGGGAGGGCCGCGGTATGCAACACAGGCTGGTCTAATCGGTGCAAACAAATCGGTTTAGAAATCTAAGGTCCGAGTAAATTTCGCGCTTGGGGACTTCTGAAGCTATTTAATGCGAGCAAGGTGGGGTGCCGAGGGGGTGGAGTCCGCATCGTACTTGAGGAGAGAATACTACATCCGGTCGTAAGCCCCAAGAGAGTCCTGAGGGCTACGCAATACGATAAACCGAACAGATGTGACTACGCTGTCTGCCTTAGAATGGATGGCTACAGTGTGTTGTAAGGCACAATACTTTCCACACTCCCGCCTTTTTTCTCTGAGAGCGGTTACGGTGGTATACGGCCAATGTGCGGCGCGTTGGGTGCGAGGTGCCCTGTCTCGACCAGAGTCTTAAATCTCCCGTCGTGACGATCGTCCAAGACAGACATTCGTCCATCGACGCGATTTCAGTGTGTCGCCCAAAGACTGGAAAGGCACGTTTCGAGGGCCTCCACCGCGTCCTGATTAATTGTAAGCGGCATACTTTCACGAATACGGACGGCCGCGGTGAACTAACGGGCAATGGATGGCGAATCAGGGGCGGGCCTTCAGCCTGGGTTGGGTACCATGGCAGTGTGACATTGGATTGGACGCCCTCTCACTTTGACTCAATTGCAACGTCTAGGGAGCCTTGACTGTAACTCCGGCCATCTGAGACGCCACCCTCTTCATGAGAAGAGTCGAACGGAATATCTCACATTCCGGACTCCCCTCCCCTGGCGTACGGCGTGGCCCTAGTTATCATCTCCGTTCACCAATCGCCGTCTCATAGGGCGGATGATCCAGACTCTAGCTCATCTGCTGACGGCTTCTCCTCGCAATCGAGGATTTTCTCTACCGGTGACTTACTTAACTCTCGCGTAGGGCTGGGTTCCAAGGTGTCACATGGCCTAACGCGGGGAGGGTGATTATCCTGATGGTCCGCGCTTCGGGTTTCTAGGTCGATACCCTTAGAGGTACTGACTCCGGCGTTTGGAGTGGCCACTGGGTCTTGAATACGGAATATTACGGGCCACAGCGGGGCGGGGCTAGTATCCGCACCTTGAGGCTCCCGGAATCGGAAGCGTGATAGAGCGAGCCACAGCCGTGTGTATGAATAATTCGGCAGTGCTTGCCGATCCGTGTTAGTAACGCAG,1599,53.97,Caenorhabditis elegans
SEQ_817358,AACGAACCTAAATACATAATGTTCGGCAGGAATTAAGGTGCACTGCGTAGCGTAGATTGTAGCTCATATTCTTATCAGCGCACGTCATACAATTTCGGGTTTACCGCGCCGACTGGCCGCCTACACACCCAGCACTATCTCCCACTCCTTAGGTTGCAATTTGTTAAATAACGCGAGCGAACCGCGAAAGAGGGCAACCACACTTTCATTCAAATTCCCACATATCGGTTTCACTGACAGTCCATTTCTCCCAAGAAGAATGCGGCGCATAACGTCATCAGGCCGCAGCGCATCAAACGCCGCGCACAGCTGCTTATCTGCACCTCCATCAAATAAATCTCTTTGCAAGTTTTGTAGGACATTCGACACGTGGGCCATTAGCCGTAGCGCGATTTATCTTGGAAGCAGCGCGACTCGCGTTCCGTTCCAAATGACGTTGCGTAAGCTGCGACCGCATTCATACGCAATAATGACCATCAAGTTCTGCGATGTGGAAGACATTTAGTCAGGTTTGGTACGAACTTGCTATTCTGCGTTGCTTAGCGCGTCTTACTGGAGACAGCTAAGCTATGGTGCGACTTAAGCACTGGTATTTGAACTGCCTGATATTGACTAACTTAGATGTCCCCATCGGACCTCTTGAATATTAATCAGGAGGTTAGGTTTCAAGGTGAACTCAAGCTCCGGTTAGCTCAAGCCCATTCGAAGCACCCAACCGGAAGAGTACCGTGCCTCGGCCACCCGATACACTCCTTATGTTCTACCAGGTGTCGCGTTACGGCTAGGCGAAAGTATCTGACGCCGTCAGGTCTTGCCCCTTATCACAAGGGAACCGCGGGCAAGTCAGCTGGTACATTTCGCTCTCCGCCCACGCGAAAGGAATTGAGTTCGTCCTACTCCATGAAAACCTCTGCGGTAGCCCAATCCGCAATGAATCTT,939,49.73,Escherichia coli
SEQ_116455,CGCAATACTTACACACCTGGCTGCGGACTTAACCGTTTGTAACTAATACTGGCCAGACGATAGTGGTTCACTCGGGAACATAACGCTTGGGGAATAGCTAACATCCAGGATCTGAATTACGACAGAAGTCTTGTTCGCAATTCTAATATCCGCGCCGATGAGTCTGTTCTATATACCGGCAAGCAGGGGCACCCGATCGACATAATACAAGTCTCGACAAGAATCGGCCCCTAAAACTGCCTCTCGCTGTGGAAATACCAGTAGACCGTC,270,48.52,Caenorhabditis elegans
SEQ_719150,GACATAGAGGACCGTCTCACACCCGAACATCCTCATGGCGATTTAATGAGTTACCTTTGCGCCGGGTGAGGTGGTCCAATTTCATGGTAACCTCTCGATATACCGGCCCTCTGTGTGCGCGAGCAGTTCGGATTTAGTATAGTGCTAGGTCGCCGGTCAAAATGTCGTGTACACTAATACCCACATATCCTGCACTCACGGCGCTTTTCATACCAGGTAAAGCGGTAGCGTCGCAGACTGGATCTATTGCTAAAGTGTACTCAAACTCATGGTATGAGCTGAGTCCCCCTGACCCACCAGTCGATGATGGCATTTTCACAGTTCACGCACTGGCAACAACATAGCTCGCATGCTCGTCACCAAAATCGGTAAGGCCCACTCACACGGGTTTAAACACATTATCCACGGGTCGCGCTATATAGAATAGCGTTCATCGGCTTTGGAATGCCGTAGGAAATATTAGCGGCAAAAACGTCAGTATGCCGCTGCTTTGGGAGAAATGTCTCTCACCAGATACTGTTTAAACAGATGCTTCCAGCGAACATGCCGATGTAGAGCTGAAATGCGAACTGTTCGTCGCTAGGAGATAGCGTACTCTGCCATCAAGAGAGCTAGTTGTTACATCGATTGTTTCTGTCGCAATTAACGGCGTCGACACGTAAGTTTTTTACGTCCTCTGGCTATGCCCCTAGATTGGCGGAGAGCGCGCAGTAACCTAGAACAGCGGGTGCGTTGAAAAAGAATGAATATCGCGGCAGTAAGGCGTGGCTAGGGGTTGGGTCGAGACTACTTGTACCCCATGCTCGTCGCGTTGTAATCATCACGCGGACCGAGCCGCGTGTTTTGAATTTCGTGGTAAGGGACATTTGGCTAAACCCCCGGCAGAGAAGCCTAACCCACTAATCCCGTCTTCCTTCCCCCTTCTTACTGTGCCCGTTACGGGACACTATCTTTCGGTGGTTGAATTATTTAAAAGGGGCTCTAACCTGCGACATACTGTGAGGAGCGGTTGGGGCTATCTCTGCACACACGATCTGTTCGTGCTACAGTATAAATGACTTGTCTTCGCGCCCCGCCGATCGCTAGCCGTAACGCCGAGACGGTTCCTGGATATTCTCACCCCCATCTCAATTACCACTTTGTTCGGTTACTGTGTACCATACTAATTGCCGGTCGGCAGACGGAAGTTGTCATTGTCCGGACACAGACCTGCGACTTTATACAGACCCACGCTAGGCACCGCTAGCTGCATATGAAATGTCGCCCAGGCACCCACCACTGGTAACAGGAGCACTAGTGAGTGCCAGGCGTGCGGTTGGAGGAGCCTGTAATGTCATTTATATCGCGTCATTACCAGTGCCGTATAGACAACCTACAGTCAGCTCAGAATATTGGGAGGTTATTATGACGGTAAGCATGTCGACTAGGAGGTTAGGTCCCCTGGCGGGGATAGGACACAGTCAGGTGTAACTGACGGAGAGCGGATCCTGTGAAACCGCAACTCAGTTCGCTTAGTGGGTTCCGCAACATAATAACGGTTTGGCACAAGGTTGAGGCACCCCCAATATGATTCTGCACATTAGCCAACACTGAGAGAGTTGCAGACATAAACAGTTGCCCTGAATAGTCCAGTCAGATCAACCTTCTAGCTCGGGACTGAGACCATCTTAATCATTCCCCGGCTCTTTAGATAGGGAGAGAAGGGCTCGCCGAAGCTAGCAAGCCCGACCGGGTTGCCTGTGCTAAGAGGCGGTGGTATAGAATCCGCAGCAGAGCCTGAGGTTGCCCTAATTTCCACGAGGCTAATGTCCCTAGGTACGGGTCTGACCTATCTATACTCATCCCCGTGATTACCTAATGCCCATATAGTATAGCATGTCTAGTATGGCTCGTTTTATTCGAGCCTCACGTCGACAAATTAGATCGGTTATC,1932,50.62,Escherichia coli
SEQ_179946,GGATTATGAGACTCGCTTTTAGTCGGTTAGGAATAGCGGCACCAGGATTACTCTGTCGACATTAAGCTCTCTTTAATAGCCGTCTGCCTTCATCTTCTACCATACTGAGTCAGTTCTCGAAGATCCTGCATTAAGGAACCCTTATAGGTATGGAGAAAACAGCATCTTCGGGCAATGGGCTATCGTTGGACGCGGGCTACCACCAATTACTAGATTTTTATACGAGGAACCCTGCTACTAGAACCGAAAAGTGAGCAGTTAGAACTTTCGCCCTCACAGTCCCAATTATCTGTTCTTCTCTCTCCACTCCGGGGAAGACGAGCGGGTCGACTGCTTCCGAAGGTCTACTCCCGTTTCACCTTCTTAGGCCGCGAGTCAGAATAACAGGGGGATGTCGTTTACACATTACAGTTAATACAAAACAGTTGAAATACGTCTTTTGTAGATAGAGAATCTCTATAGGCCGGGGATGGAGCAATCCGCACAGAGAGGCCACATCGAATGTCCAGACAATCATTTCGCTAATAGACCATTCCGTTCGAGATGGGACACCCTCGGCGAGCAAGACACCCACCAGTGAAGAGATGCGCATCAGCGATTTTATCGGTAGTAAGATGCGGGGGGTCGCGAGTACCGAACGCGATTCAATCCGAGCGTGCTCACGTTTGTGGAATTGCATCGAAGAGATGAGTCGCGATTCGCGAGTCACCACCTTTGCAGTAAATAAAGACTCCCTTGGCGAGCGAATGATGTGTAAATAATATAAACCACAGTAACAGCTAGGGTATTACTAACACAGTGAGAAGTCCCAACGAGAGGAGTTCTCTATAGATTTCGTTTCTGAGGGGAGCTTGATAATCAATGCTAGTAAAAATTTGAGGCACACGCCATATCAAGGACGGTGACTATACGCAATGGCATACTATGGATCACCGTAAGAGTTATAGCTTTAGCAGTGACTGAGCGCGGATTAGCCCGTTCGGCTGTACCGGCGCGTTTACTCCAGCGATCCCGTGTTCAGGTGTGTGAAACTGTAGTATCATGTACACTATTACAAACGCCCATCCGAGCAAATTTGAATAAGGAACGTTACCAGACATGCGCCCTAGAGATTGCGGAGTATACTCCGAGCTATACGTCGTGGATTCAGTGAAAGATTTCCGGCTCGAAGTACTATAACGCGGTTTCAACAAGCTCGTATCCCTCAATTCCATGCTAACCCCTCCGGGTTCCCAGAGTACGCGGAAACTAGACTGTCGGACTAACGCGTAGAAAGTACACGAGCGGCTGGGGTAAACCACAGTCTTCGTAATTTATAACTAGGGGCAGGATAGCCCACTGCTGACGGAGTGATTTGAAGGCACTGGCGTGCCCTTGGGGGTCATTGTCAAAAGATAAATTCTCGGTCGGTCCACTGGATATATTTTATCCGGGCCGTTGTTGGAAAGCACGAGACCTTC,1460,48.08,Saccharomyces cerevisiae
SEQ_478046,CTTCTTCTGTAGCGTTGCTATGCGCCTACAAACACCATATACTATCAAGGCATTATTATTACTTAACGGCCAGCAAACTTTTGTGAACTGTCCAGTAGGCGTCACTCTTCGGGCCGTACAACCTTTGTTGAGTAGCTAGGCAGAGCTCTCCTCTCATCAGACACAGCACTGAGCCACAATCCTCATTTTTCGTTTCCCTAGACTTTAGCGGCTAACTGGGTGGGCCTTACAACACGCACGCTCCTCGTTACTGGAAATTTTTTCGGTAAGATCATGATACGAGACTGATATAAGGTGAACTTGCTTTGCAGTGTAAGGCGGCAGGTCTTGGTGTGATACTACTTGATTTTGCTATGGGCCTCCCTATATACTGTATTCACGATTGATTCAGCGTGGAGTCGAATTATACCTGCTACGCTAGGCAGCGCGAAGAGGAAAGCCTACGTTATACCAACAATTTGATAGCTTCGTACATTTCTCTCCCTTAAATAGTGGTATTACGGTATGGGATTGATTTATCTCGGGTCGAGGTAATTCAGGGCAGTCGAAACTTTCTGTCGCCACGACGCGCTAAGCGGGTTCAAACGGGAGCACCAAGTTTTGAGGGCGAGCATGGGACAGGAGCCGGTTGTAGCGTAGCCGACATCAATCATTGCATAGATTAGAAGGAGACGAAGGTGCACCGGGAGTGACCGGCGTGAGCTGGTCCTCGGGGCTATCCCGTTTAGCATATTGCTTTCCGAGTCGGAGTCACCATTCGATTTTTAGTGGGTATGTGTAGTGTAAGCGAGAAAGAGGTCGCCCGGACAGCACACAATGACCTTCACCCTAGACATATTCAAAGCCCCCTGCGCACGTCCGACCTATTGAAACATTCAGAGGAGGTTTCTTTCGGCGCTGTTGCCTCCCGTTACGCAACTGCTATCTAAGAATTATTAGTAGTTATCACTCGCATCGACCGTGGAAATCACGATAGCACGATCCACCTATGCTGGCCCTTAGGACCGTAAATAGTAACGAATTGGGCAAATAGGAGGGTCATATACCCATGTCCGCAGTTTTGGAGGTTGGTGTTAAGTGTCAGTATTTGCATAGCACGTCGAATGTTCACACCAATGCAACTCGACGTGACACCATGGATCGCTGGCGGTGGTAAGGCTAGTTCAATCAGCGTCTACCCCACCACTGTTGCACCCAGCTAATTCTTTATTCGCTTTAGGGAATCCTGCGACTCGTCACTCGTCCAGGCGTATGCCGTGAGACCCCCTGGTGTAATTGGAAAGTGGATGCTACTTCAGAACACATAGTATCCCAAGATAATAGTGGTTGGCGGTACGTTTGTCACTTGGTAGTCCAACCGATAGATGTTCACGAAGTTAGAAGTCTGGCTACTGCTCGGCGAAAGAGAACACAGTCTGCCAGCTGGGTTTGTGTCCCGCACTTGCGTGGGGCTATATAAACTTAACGAAACTAATAGGTGACATGGACACGCGTACCGCATCTCATGGGGTTTCAGTATGAGTCGTTATGCATATCCATCACTGTGTATGGGCTTCCGCGATGCCTGCGAAGCCTACACGTTAAAGCACTCCCGCAAATCCTGGGTGGGAACAAAGCGGCTAATGTGAGCGCCCGCTAGAAGTTCGGGTTAGATTCCTCACATGTCTCTCTTGACGGAGCCCAATCCATAGGTT,1694,49.0,Mus musculus
SEQ_309362,TCTGACTCTTATCTTAGGGACTCCCTAAAGCCTTCAACCTGTGAAAGTTTTAAGGTGGACGAGATTTAAGTGCCACCGAGTAAAAGTACCCACACTGACAAGCCAGCGCTCGATAATGGGCCCCGCGTTTTAACGCATTCAACAGCACACAAATTTGCTAATGTTCCCAGAACCAATGGAGACCACTCGCGAATTTCCCAAAGCCAGCTGTTTGTCAGTTGTGTGCCACACATTCACGCAGGTGACGATTTCGTGCGCAGTGCGTTCTCACCAAAACATGTCGCAAGACGGAAGCCAAGTCTTATTATCAGCAATAAGCAGCATCCTCTACACCCCATTGGGGGAACCAAGAATTTCGCGCGCGTTAGGATTACGGTTGTTTACTTGGAGCACGGCGTAAAACCTTAGTCTGTGGTCTCAGCTCTCGGATAATATTAGCTACCCCAACGAGGGGCTCCGTACAGAGCAGGCCAACGCCTAGAATAGTAACGGGAGCAACTGTTCGTAGAATGCATATACCTCATACAGCGTTGCCGGCGAATGGACTCGACCAGACATGAGGGTATCAACTATCGAGGGTGCGTGAGAACCTGTACGTAAGGCTGCGAGCGACCTCTACGTGGTCACTACACCCACCTGGCGCGGGCGCAGCTTACTTGTATCCCGCCGCATACGCCCGTGTCTCGAAGTTGTTAACATGCTGGGCCCCTGGAACTGATATGGTCTTTGTGAAGCTTCTCTGCTAGAATGACCTATGCCGCCAATTCTCAGAGAAAGGGGTACCGGTCGCCTTCCATAGTCTGAGACCTAGTCAGTCCCGAACGCCTTGCTGGGGGAATGCAGCAGAACACAGCCCACATGGCCAACGCGTGCGTATTCACAAATTGCGTGTAATCGACTTGTTGCGACAGCATAATCCTAGGGGAGGCATTTCCCGACTCAAATCAGGTGGGACGTAGGTTATTGTCCTACTGCGCATATACGGCTTCGCATTGTGAAAGCTGCTACATGGACAGCTCGAAAACTGACAGGGAGACCACTCCTCTTTCCTCATTTA,1057,51.18,Drosophila melanogaster
SEQ_185755,GGGACAGGATCGCCCATCCCGCGCGATGTACCGAGCTTAGCAGGGCGTACCCCTCTGCGAGGTCATACAACTGTGAATTGGGTAGCCCTTTTTACCTCGGCTTTCCGCAATGCATGGCAAAAACAGAGAACGGATTGAGCTACGTCCACCATTGTCCTCTCTAAGGTTTATTAGAACCTCGCCACTGTTTCGCGACATAGATTGTAGAACTACCCATGACTTAAGATACTGGCCGAAGATGACTCAGTTCGCGTCTAGATTGCAGTTGTCATACAAGCATGGTCACGAGCACCCGAAGTGGTGCTTCCCGTAACAGGTGAGAGCCACACCATGGGCCCCTCAAACTCATGTTCCCTGGCCCATGTGCTTGGGGCGGGGAGCCCATAATCGGCGTCGGATGAATGTACTCATGGCTGCTTCACTTATCATGCCCGGCTACAGCCAACCCCCCAAATCCGAGCGATATCGCCGCTCCCGTGTGTCGCTTAGAAAGGGAATGCTAGATCTATCTCCCCCGCGCAATATTAGAGCTGTTCTTAGCTTCCAGCAATCATCATTGGTCCCGCATTGGGAGCGGAGCCCTGGGTCCCAATTCGATGGCCGTATGCTCTCCAATAGGTCATAAGTGACGACCATGTGATGACACGCTGACCGCAACCCGGAAGGCCCCTGCTGCTCGTAGAATGCCCAAATAAGCAGCCATCCTTGGCGCCACTTAATTAGATAACTGTGGAATTAGTAAGACACGATGGTTCCAGGGCGTACCATGGTGCAACAAGAGGGTGGCTCTAATGCACACGTACCGTGGTACCCCAGTCCCGCGCAAAGATCCAGATCTCGCTGGGCGTTCACCGGCAATAGGGGGTATGTATAGGAACATAGTGCGCTGAATATCCTGCGGTTGTGACTGGACGCGGTAGGATAGTCCTCTATGCATCTTGCCCCCCAGACTTTAGTCGATCCCTGATTGGCGCCATTTTAATGTAACTTTATCCCATTGTTAGTTAAGGTGGTTCTCGCCGGGAGCCTAACTCCCCACTTGGATCAGGGACGGGATTATTGCCGTAATACCGTACTTACTAAAAAACTCAACGTCGAGTACGGGCAGGCGTTTTATTAAACGACGAGGCGACGGATGCTAATTCACGGTATAACTAACCCGAATGTATAGACCCACCCTTTGTGAAGGAAGAGTAGTGAATGAACAACGTTGATTGATCCGACATCTTTGACGTTAATGGAAGGGAGACCCAGTCGGAAGTGCGAGACGTTGAAAGGAACGAGGCGCGCCCTATCCTGTTGTTTGTGGCCATCAACCGAGACGTTGGCTCGGCCCTAATTTGGCCTAGCACATGTCGGCGACCAATAGTCTATACCTCAGGTCGCAAGTTAAGAGTACACGAGTTATTCCTGGAACAAGAGTCCTGTAGTCTGCCAGGATTCGAGTTGTTTAAGCGTAGATTAATGGGAATTATGGGACCTACGGAGGCCGTCGCGGACAGCCTGTCCGTCAGATATCGCATGTGGTTCCAGCTTGATTAAAGTGGCTCTAGCTTTTGAGTGACAGTAGGGACCATTCTCACATCTGTGGCCCCGAGTCTTTATTTGACTTCGGTGCGCAATGTGGCGAACCAGACTACCGCAGGACGGAAGAAGCTTGGGCAGAAGACGCTTTTATTACACCTTAATAGATTACCGACAATATGACAGACTGAGCCTGGACCTCGTAAATGGGTGACAATTAATCCTTTGTCTGCTGGTAAAAATTTCTGTCCGTATAGCTACCTAATCGATGGTTTCAGTTCTGGGTGCCTAGCGGGTAAACGCTTGATGCTATTAAAAGCTCCGCCGACGGTCGTTGTCGATCGTCCGCGATATCTCATT,1884,51.01,Drosophila melanogaster
SEQ_568273,CCCCTTGCAGACTCCGCCAGACAGATTCTGATTACAACCTCTCTCCCTATGATAAGCCGCGGAACAGCGGTGCGATATATATAGGACGGACGCGTTCTGCCCAAGTCAGGCTGTTCAGCATCTTAGGATATACGCGGCGTCAAAGTGAAGGTCAGCTAATAACAAGTAACTATTGCCTTAGGCAATTAAGACGAGTTTTGCATCTATACCTGAGCTTGTGCTCCGATGAGACTAGTCGGCGCAACACACTATCAATGTACTATTTCGCATAGGTACGGATGTGCGACGGACACCTCATAGAAACTTTGCTGGCACACCTTTATGGTAACATGTCTCGTAGGCCCTGAGTGTATAATTATAAGGGCCGCAACGCTAATTACGGCTGGGGGCGTCTCACTTGCAGCACGTCACAAGAGTGTGCGGGGAATTTGCTTAGCATAAAGTGATAACTGGCCTATCGTGACGTATTTCTAGCGATTAAGTGATTGTGCTGCGCATCAATAACGTAGCGCCCTGCTGTCCCTTGGCGCGACTGCTATCGCAGGGAGCACTCAATATCGATGGCGCTTGCGACTACAGGCACGACGGGCAAGATTAGACCCATACCAAACTTTAATCTCGCTGCATTCGAGTCTCATACCTGATCATTTTCTGATTTCTTACCGCGGCTCCTAACCAGGTATTCATTTAGGCGGGTGAGGTTGGATAGAAAGATACCCGACAATAAAATAATGGAACAGTGTAGAGAAATTGAAGCTTGGCAAGTATCAAACCTGAACGGGGTGGGCTGATCTATGGACTAAGTTTATCTTATAGAGTTAAAGAGCTCTTGGCTTCCAAGACGTTGTGTCTA,853,47.48,Mus musculus
SEQ_497734,AGTACGTCCCAAGTCACACCTGAACTCAGGCCGCTCTAAGGTAGGCTCGGATTACCCCGTCTCAGCACGCCAGATGGTCCCGCGCCCAAAGAACAGATGTGGTCATCGCTAACAATTAACCGGACCAATGCGATGTGTCCTAGTCTAGTCGGGGCTGTATAAGCCTAGCAAGGGATGTTCTACCTAGATCATCAATCCGACAATCATTGACCTGGCTAGTAGCGGTGTTACTGCGATCCTTATCCGGCAGATCTGAAGACTTCTATTGAGAACGACTATGACTAGCTACAGATCGATATGGGCCCACTGATTCATACTCCAAACATCGCATCTCCAGCTTCTCGTCATAATCTAGGTAATTAATACCGTCCCAACGTGACGGTGAGATACGTGATCGAGCTACGAAGGCGGACTGTATGACGTTGGTAGTTGGGTGACAGCTCCTTCCTCTCTCAACAAGTCGGGAGCTACTTCCGATTGTTACTGACTGTCCGGGTATAGAATGCACTAATTATGTATTATCCCGAAGTGCGAAATCGTTCACCGGCCAATGACAAGGTTACAGCTATCTTGAGGGCGGGCTGTTGGAACCGTAACAATGCCTGCTGTCATGACAGAGAGTCA,624,49.52,Arabidopsis thaliana
SEQ_432221,CCGCAACTTGGCGTTCGTGGACGCCATGGCATGGAAGCCCGCACACTACATTGACACTCCGTACAAGTGACCCACAGATGACTAGGCGTCACGTTCGGTGCTGGGGTAGAACGCGGGAGTAGCGCTAGTACACTTGCTAGATATTAAAAGTTGTAATACCTCTGCGGCGTGGTCAACACAAACGCACTTATCTATCCGCCTGGTTACTCGTCGAAGTTGGGCGTTGCTATATAACTATCAAGGTCGCGATCCGCGCCCCACCGTCCTACTCAATTTATTGGTCAAAGTGCAGCCGATAATACTACAATCGTCACGTAAATCCACAGTCGAGAGGTTCGACGCAGTTAAGCAGCTTTAGTAGCTGATCTCCAGTATGGGAGTGCCAGGTGCGGGAACATAGGTGCCGCGGGAAGGGAGTTGCCATTCTAGGCGAAAGGCCTATGCGTATTAATGGTCCTTCTTCCTCCTACCGCGGTCACGAAGTTGGCTTAGCTCAAGCCCGCGGACGATTTATCTGCCCCTTGTATTTAAGACGCGATAAGGGTTAACTTCGGTTATCGCAAACTGGCCGCCCGCTCTTGCATGCAACCAGATCTCGCGGAGTAGATTTCCCCAGGCCTCCGTTCATGACTTTAGTATATAATGGTGTTACAATGTTGCGATAGAGTGTTAAGGGCCCTATGAGGCGGTCCCCAGACATCCCCACTATAAAGCGTGTTTAATAGGCGAACTGGGGAGCCGCCTTCTGTACGACACAAACGCTTAAGTACGCGTCCGCACGGGCAAAGCTTTATGCATTAAGTATTAGCTAATATGTGCCAGGCGCGGCTCATTTCCGTAAAGACTTGAAACTCTGGCGCTCTTTGACAGGCTTAAACTGATAGTCCGTAAATGCATGGTACGGTCTGACCCCGGCATTAAATCCCATTTTCCTAAGAAAGGGAATTGTGCCCTGGAAGCTCTGTCTAAACCGAGTAATCCAACTGTTATCCTCCCGAGGACAGAGGGAAAAGCGCACTCCCTCACTGCATCGCGGCCGAGACGCGACCGGCGTAGTCCGCACGATTTCGGAACCAGACGCAAAGCCGTCACACTTACTGCATTGCTCCACAGAGCCCCTGAGTCGAACGTATTGCTTAGCCACTAACCAATTAGGAGGAGGCTTAGTAATTTACACGTTGGGACGTCAAGCCTCGCAACTTGGAGAAGATGGCCTGGCCCCCACGGGGTGGTATCATAGACTGCGTTCGTCCGTTCACGTCGTTCACCTAGCCACATGCGGACTGCGATTATGTAACTTTTGCGGACTCCCCCTTGGGAACGCT,1325,52.0,Drosophila melanogaster
SEQ_377840,CCTGAATTGTCCTGGCTGGCCCAGACGTGCTTCCTGCCTCTCGTGCCAGATTTCTTCAACCGTCTAGGGTCTAGCTATGTGAGAGCCCTATCCATCAGAAAGGAGCTATTTAAGATCATCTACGAACATACGAAGCGGATACTTTGGAAGAAGTTTTCACGATATATAGAAATGGTTGCTAGGTTGCCCATTGCGCGTATGCATCGCAAATCTTGTACGAACACAGGAATAATTTATGCTCAGAAACTTGGCGAGCATTTTATTGCGGTGTATTCAACAAAGCACACGGGCGAAGACCCTGGAATGCTTCGAATGTGTAAACACCCGCGCGTAAGCTTGAAGCTAATGACCCACAATGAAGTCTGGGACCGTCGGATCTCGTAGAGAACCGTGACAATGAAGTTTGCGAAGGATGAATCCTTAGTTACACAGCAAGGCGGTCACTGTACAACGCACATCTTGCCCCCGGAGCGCCGACGAATTGGATCGTGAACAGAAAGAATAAAAGGCTGAGCCTGGAGAAGAGTTCTCGCCCACCTAGAGACAAGAGTAACTGCGACCTTTTAGCAGATGCAGAACCCTTAGGGACTCATTTCTAATGGATCGCACTCCGACGCTTCCGTACTGTGTACAACTTTCAATGCTGTCCTACTTCGAAGAGTGGGGATCCGCCGCGTATTAGATAAAACTAACATCAGACTGCGCGCCCAGTACAAGAGTTAGGAGATCAGGCATGGTGGGGGCCCGTGAGCCCCCTACGTACGCCCATACCGTGGCCGTAAGCTAAGCGATACAGGGACTCCGAGTTCAGAGTTCCATAATCTTAGAAGATCTGTATTAGAAATATTCTCAACCCCGTTATAACTTTCTATAAGCGAGAACGTAAAATGATCTAAGAGAAGACGACCCCTACGAAATGGAGGTTACCTGCTGAGTCGGAGAGATCCTAAAGAGGACTATATATTTCATGTGACCTGGAAGCTGGTGCTTCCGGTGGAATAGAAGTAGGGCGACAAAAAGAGGTCGCTTCATAAGCCGGTGTGGTTTATGGAATGTGACCGCTCACCGCTACGCCTGCAAGACGTACGCCTTTCCGAGCAGTCGCCGGAGAGATAAGTTGAGTTGACAACGTCTGATG,1138,48.59,Drosophila melanogaster
SEQ_447791,GTATGGGCCCCTGAGCAGGGTTAGGGCAGACCATGAAAATGGTCGAGAGTAATTATATAATCCCACGTAATGTCGGGTGCACCGGTTGCTGGGTTTTTCAGCTCTGTTTTGCAGTACCCAGCCTCGCGTACGAACTTAGCGTGTAGCGCCTGCGACTGCAAATTTTGCACCAGCAAGGGATTACCTAAGGATTTTTATGATACGATATCTCTATGGGCATCAAACGCGCATGGTACAAAGGCACCGTGATTGGTCCGGAGAGGCGATTCGAAAATAGGAAACTCTACTCTGTCAAGTACCCACACCTAGTCATGCCGGAAGGACTTCCGCCGATCCAGGTCTTTCCCTACGTGAGAAAATAGGTCCCACCCGTCCCATGCTCCGAGAAGCCGTCTGGTGTCGCCGTGGGAAAAATATCCTCTATTTGAGCGATCCCGCATCTACATGAACTGGAAAGTTCAGTGGCCTCGAACTGAGTTGTTGCTTGAAAACAGGTGCCCTCGTTATACTCACTCTCAATCTACAGCCTTAGATGAGAACACAACCGCACCGCATATTATGGACTTCTTCGTCTT,575,49.74,Homo sapiens
SEQ_706709,AGTTGCTATACTTACTTATTCCCGTGCCAAGACAAACAAGGAATACCATGAGGCGGATGCTGCTTACTAAAAACGCTCACCGACAAGCATACTAGACCATGCCCAAGTACGGACTAAACTACAGCACTCGGCTACGCGTTATAATGGCGGGGCCACTCCTTGGAGACCAAAGCTTGCAGCATGCGATCTCGCGAGAAATTTGAGCAAAGAAATTCCAGTAAGTCGAACCCCGAGGGAATGACACGATATACCACTTTATTTAGTCAGCTTGCAGGGCGGTTTCCTAGTGCCCACCACCATTATTAGCCACAGAGGTAAGTTACTGAGCACATCCCCGTGGGAACATAAGACGGATGCGTAGCGGGGTACTCCATAGAATTAATGCGATGATCCTACACTCCAGTTTAAGGGTCAAGCGGAAGCGCCTCTAGACGGGGCGGCACACTGAGTAATCCCCCGTTCTACATCCCTGCACCTTATGACGAGGTGACCCGCGCGAGTGGCATAGATTAAAGGAGTCGTCAGGCACCTGCGCCATCCTAGGGACTAACTGGTTTGGTATCCTAATGAACGTCATTCGAGCGTGGCGAGATCGGTTGGGATTCACCTCTTATTGACCGTCCTAAGGTACAGGCGGGGCTGGAGTCTTGCTACGTTCGCGGTGCGCACCTCTTTCCGCCTTCTGGACCATATCTGCCAGCTCTCCGATTAAATGCTGCAAGAGAAGTGTTGCGTATGAAAAAATACATCCGCGGCGCTCTGGGACTACTCACGGCCTAGGCATGCCAAGACAGGAAGCCGAAAAGCGCGCGTTGAACTAGTGCAGCGCTGCATACTAATACCGCTCTCACATACACTCCACGTCAGACGTGGATCCGTGTCTTGGGCCTACGTTACGAACACCTGGGGAGGTGGGTGGCCACTACTCCATGTCGGCTCTAATCTGACATAATAAGACCCCGGAAACTGTATAATTGGCAATCACGTTATCAACATTCGTTAGATTCTTAGATGGTCGATGGCGGGGTGCGAGTGCAAGGAAGGACAGGCCCGCGCTAAGGTACTTAAATTCAACACGTCTCTCTTTTCAATGTTGCCTTGATGGCGTGCCTTCCCTAGGGACTCCGCGAGTGTATAAGAGGGATCAGGATACCATTTCCTATATTCATCCATACGCCATAGAAGGAGACTTACCAACTAGATAGCGACTGAAAGATAATACGTTTTGGCCTGAAAAACTTCGTTACTAC,1250,50.56,Mus musculus
SEQ_905890,CCTGTCAACGGACCCTGTCGCGCACGCTAATCCTTAATGTCTACGTCGTGCTCTGTATGGTCATTGTCGTCCTGAGCCCTATATGGTATGAACGCACCGGGCTATCGGTGTACTAAAGGAATGCATCCATCTAAAGCTGGAACGTCAGTCAACGTCCAGATGCCTTGAACCTCGGTATGGCCTAGAGCCTGCATCGCTTATATCATCTCCTAGGCCGCACAGGATGCATGCCAATCTGCGTACCCGAAGATGGCCTCTCTTAAACGATTAACTGTGTGTTCGGCACGAAGTGTATCCGGGCGTATGTATGCCACATGACTGGTTCAGGTGAACTGATTGAATCCCCTCCGTAGACCCTCGACGTTTGCTAGACCCTCGCAGTCCCCCGTCTCTGGCGATGAGTATAAGGCGAATGGCGTTATAAATGCAATGCTGAGTGTGCACCATTCGCACCTCCTGCCTTTTGTCCAGGCTCGGACTATTTAGTCCGACTGTCTGGCCCCTGGACGTGGGCCGAGATGTTCTCGCACGGCTAATATTAACCACGACGACCTGCTAATATCACCCAGGCCAGACGGGCGCACCAGGCTGGTGCTTGGTGATCACGAGTTGCTATACGCTGTTCGCCATTGCAGCGTCTCAATATGTATCCTGGTTCAGCAAATTGGTTGTGCATTCCTACTCGGAGCATCTGCGCGTAGGCGGCCCGAATATGAACGCCGCCTGGGGGACGCCGGACATGTGTATAGCACTCGTGCATAAGTGGATTGTTAAAAAGGCCGGGCAAACAATTGTGGAGGCCCCCATAGGGAGAGCTGAGCCATCGTTGGATCATCACTCTAGAAGTTAATCACCCATTCGGCAGAAAAATGAGACGTAATGATGAATCGGATTTCGTGAGACGTGTCCGAAACCGCACTCCACTCTAGCTGACTTACGCCTTTTTTATTATACAACGTGACCCTTGAATGCTGCCTCTTGTTCCCCGGATTCGTACTTAGTGATACGTCGCCCTTCAGAGGGGACTGCATCAGGCCCGCAAACTGCGGGACTCTTGAGACTCTGCAGAAAAATGGCGGGCAGACCTATAGGTCGCGGCCCTACACCGACTAAATTCACGGATTTATATACATGCGCAACAGAGTGCCACTGGCTGGGTTGAGATAAGCTCGAAAAGCTGCCCTAATGCTTTAGCGTCACGAAATTTGTCGGAATTGGGTTCTCAATTTTGGGTCACGTAGATTGATTCCAACCAGCCTATTCAGAATATGTAGTTCTGTCGGCCCAAATTGTCAGCCAGCGAAAAGCTCAACCGCAGTGCCTTAAGGTGCGAAACTTAATGTGAACCCTTCGGAGTGGCCCTTTCAGGAAAACATTATCGTCAATCGGCGGTTAAATGCCTGGATTTCTTATCAGCAGCTCTGGTGACGTAGCGCTGGTAGTAGGAGAACAGAGACCTTATAATATTATACGTTTCGTCGATTACCGAATGGGGGTCGCGTAGTCGCAAATAACTTTGGTCGAACAAGAGTGTGTCTCTCAGGGGAAGGCGGATCCGCGTATTAGGTGCGTTGCCCGTCATTAAACATGTTTGTCATTGCGTCACACGCCAATACGGGGCTTGTTGTCCCGAAGAGCCCCTGTTTCCGGCCTACGCCGTATTGGTTTCCAGGTTGCTGCGATCGCCGTTGTCAGATGTATTCGACGCCTCCACATAGGATTTGCCCTATGTAACGTTTTCTCTTGCTTGGCGGCCACCTTGGGCGTTTCTAAATGAG,1778,51.24,Saccharomyces cerevisiae
SEQ_486996,ACGGTTGACTACTAAACTCAGGCCTCTCCCAGACTTACAAGATACCCATTCGGCGGTCAAGGGGATCGCTTGCCCATGACCGGCGAAGATGTTAGGCGCCTTGAGAAGCTGTCAGCCTGTCCGTCGCAAAGTCATGAATCAGTGTAGTTACTCATTTCCCGGTTAGCCTTATTTAGAACATGGCGGCGGACATCATGTCGGCATAACGTCAACGTCCCGCTGACAGCACGAACCTTACCCTTACAAATATTCGGTAGTATCAGTAAGCCGATCTGTCGCATCATCAACTTAAGGCGCGCTGCTGCCAGGGCAGTAGAACTAACTGCAGTGGTGAGCGTGCATGGAACTCGCACAAAGATCGGACACTCAAAACGGCAATAACCTTTTCGCACCGCAATCTAGATATCATGGTTCAGGGTCTGCATCTTTTGACGAGGCACACAGCCAACGTGCAGCGAACAGTTCGTCCCGCTATCAACACACTACTGCACATAGCTGTATGAGGGATGGGCAGTGAACAGGCGCTGATCAGT,533,51.41,Drosophila melanogaster
SEQ_855130,AAAGAAGTAACCTTATAGCACTTCGTCTAGCTGCTCTGAAATCTCTTTTAAGGCAATAGCCCCCATGGGATTTGCGTATCATCGAAAACAGATAGATTCGGGCAAGCTGAGGTTCATGCGGCACTTACAGCGTGAGGACATGCGTATGACAAAATTACGCCCGAGATCCGGGTAGAGCGGGCACTATGATTTGCCTCCACTAAGCCACGGGTCGCTTAGACAACGCGGAGCGAGATTTTTGCGCCGAAGTACGTTTGTCGGAAATGGAGAAGGTGGTTTAGGTAGCACTGGATATAAAGATCAGATTTGGATCTGAGTGGTGAGACAGATTTTAAGTGCTGATAAAGGATAGTGCTGGCGGAAAGCTCTGCCCCCCAGCCGATACAGCTGATTTCAGCGGCGGTCGGTATCACAAGTGCGAGCATCGCGAGTGTTAGTGCCCGGAGTCCAGCAAGTAAGTCGAAGAACTATAGAGAGGGCCACAGTGGTCCCCTTAGTTAGTGTCTGTTGCAGCCCTGATGTCAACTCGAGGTGCTAATGCACTCAGGGAGAATGATAACCATAGGGGATTCGACTTTTTAAATGTAGTGTCCAGTGGAAGCAGATTTCCCATTTTGTCGACTGCAGTCGCTCCTATGTATTGCTGTTGCGTGGTTCCTTCTCACATCAACCTGTAT,677,48.89,Saccharomyces cerevisiae
SEQ_173151,CTGCTTGTCTACGAGAGTCTGCTATCCGTGGGGCCCGAAGAATACCGAACGCAGGAAGCTTGCGTAGCTATTAAGTTGGTTCGGGCCATAACATACGTATCCTGAATATGTCGTAAGTCCAGTTCCGACCCCACCCTAAACTAGCATGAAGTGCTCGATGTAGCATGTCTGTAAGGTGCCCAGGATTGACCTTCACCTCCATTGTAATGCGTCGGTGTAAAACGACCTCCTTATGGTGAGATCCGTCACTAGCTTACAACCAACGTTTCCCCGGGATGCTGCAGCGGGGATAATATGAAGTTACGTACCTCTGCATTGCGTCTCTATAGTATGTGGTTCTCGTACTCCTAGTCGATCTGACAGCCACCCGCTATTAGGACACCAACAGAGGCCAACTTCTGCGGAGTCGAAATTGTGCAAATATGGAGTCAACCGCAGCGACTGAAGTGTGGATGATAGGAAACGTTGTCCCGGTAGTGATTGCAGGTCAAGGTAACGTACTCCGGATCATCTCATACAGATTCTGTCAGGACAATATTGTCTCCCTATCTAAATGCGTGCTACTGGGGACACCATTTCAACCTGGTCCGCGTCTAATCGCCTAATACGATGCACTCTCGTGAGACCCGTTGGATTCAGGGATGTCAATGAACCTTTCAGTTAACGAGCAGCCGGTTCAACGGGTACTCAAGTCTGTTCTAGAGCGCCCTGGCGATAGACCTCACTAACATCGTAGCCGGGGTGACGGGAGTGGAAAAACTTAGGTGAAGGACGCGATAGCACTGGACTAGTCGGGCCTACCCCTTCGGTTTTGTCTCAAATGATCCTGATTCAAACCATGAGTATTTTACCGCGATAATAA,862,49.54,Homo sapiens
SEQ_156150,GCTCAGGGCTACTGTCAATTACTCTTAGCACAGTTTCTGCTGGGTCTCTTCTAATAAAGTGGCACGAGCTCACAGGTTATGTATATCGAAAGATATTCACTAGGTTTCGGCATTGAGTATAATTCACTTCTAAGTCTCTCCCGGAGGTTGCGTTCCCTTATGTAAGTGTGAGTGCACAAAAGAAGTGTGGCTATTCGGCAATCCATTAGTCGGGGATGTTAACCACTTCCGACTGCCGAGATTCCTTGACTCTACAAGCGGACGGACCCGGCTTCGACTAGAGGGATACGGGCTGGTGTACAAATCTTAATGATCTCTCTCATTCAAGCTTGCGTGGATACTTGACTACCAAGAGGTTGGGGAAAGGAATAGGTCTCTGCTGTGTCCTACACATCGATAGAGTTGTACCTTATAGGATTAGCTGCATGAGAGAGTCTTCAGGTGCAGGGGAGGCTCAGCCATGTCTACCGCCTATCCACGTATGCAAGGTGTCGCATCCCGTATACCCGTGCTACGACGCAATCTCGTTGTCACGCTCAAACTGGCCTGAGCGACGAGCGACACTGATGGCTTGCCTCTTGTTCTTCGAGCCATGTGATTCGGTCTATGTGAAGTCCATATTTCTATTTGACCTATCGGGAATTCTATACAACGCGGCCCCGCGTAGACGCCGTGAGTTACTCTGATTCATGTGTAAGCGCTCAAGTCAAATGACAAGGTTTTCGGTTAACAGCTCTGCCTCCGCCGCAAGTCAATGCGAAGTGTCGTATGACAGGGCGCGTGTATAAGTTTCTTGAACTGTCATTGCGAGGGAATTGGAC,821,48.84,Homo sapiens
SEQ_310526,TTTAACATCTTGAATGCTTTGTGGCAACTCGTGGGAATCAACGTATATTAAATACTCTTGACACTCTAGTAATGAATTTTGCCGTAAAGCAAAACGAAGAAAACTTGTCTTGCGAAGCGCAAATCATTATCACAGCAGGGGACGGCCGTGAGTACCCTTAAGCTGCTGCCGTGTTAGATCAGAACGAAATACTGACTGTTTCTAACTCACGGCGCTGCAAGTCGCTCTGTGTGATAGTCTGAGGCGGCTGTAAGGCGCGCAACCATGAAATTAAACGAATTCACTCTATAGCTCTAGAGCTCGCACGAATGATCCAGTTGGGAAAAGCGTGTCGTCACCGGTCCGATGCTAGTCACCTGACGCCTCAATTGGGTCCACGCATGCCACCACTCACTGAGGCTCCTGCGACGGCTACCCATCCGGCATTACCCACAAACGCTCTCCTGAAGACTCCTCAGCCGGGTGGTGTCGGCGTACATATCTGTCCTTTCTCATAGGCAGCTTTACCGGAAATCAGAACCATGCCTCCTGAACTCGAGGTGCGACGAAAGGAATACATTGTATCTTCCGTAGCTCACCTTCCTACTCCGTTCCACCCTTGCGGTGACCTGGGCCCTGGGTTAAGCGTGCGCCTCCACAATGCCATGTGGCACAAGGTTGCATTTAGATCGCTGTTAGATTCCTCCTATGTCTATTAGCAGCGCGCGCCCACCCTGATGTGTTCAGCAAGGCCTAGCCTTAGATTAACTGTCTCCCGCCCACGCACACTCCTGGGTTTCTAGTTGTATTTGGCTGACGGACCGGTGCAAACCTTACCAATTCACCGTAAGATCCAGTGCGATAGCCTTGCACTATTATAAATATTGCTGGAACTCACTCTCCCAATGGAGCCAGTACCGACGTGAAGTCACGCAGCTCACTATACGAATTGGTGGACGGACGGAACATCGAGACATTCGATTAATCACTTTCACTTCTCTTCGGTGCGCCGACGCCAATTGATCGGATAAGAAAGCATTGGCGGATTATTTTTACACGGAGATTGCGCCCTGGACGATACAACACAAATGCCCTTCCTTCACGATGGGGTTAAAGCAGGTTTAGGAGTAAACGCCCAAAGGGAAGAGTCTGCCTCGCGGTTGTCAATCGGCTGAGTGCGACGGTTGTCTATGTTCGCTGATCCTGAGTGTAAAATGTCGTCATCTCCCCGTTAATCGCGGTCGATGCGGCCGGCCGTCTAGCATATGTTGGGGGTACGGCTGACGCATTAGATCGCTTCACTGACAGGGTGCGACACACGTCGGAACAACATAAGGACTAGGGATGTTGATTCGGGTCATTAGTGGCGGCAAGCACATCTTATGAGCCCTCACACGTCTGAAATTGGTAAAGAACGTCGGTCAGGAATCCGAAGCTCTCGCCACGCCCAATCGTCAATACATCGATAATCACATAAGCAATCCGTGATCGACGGACCTGGCCTACACTATTATACGGATCAAGCTGAAGCTAGGTAAGGCTCTGCGAACGAATCCCGTCCCATATCCGGGTCAATCCCTCTCTCGGAACGGGGGGCGGGACGGGCTTGAGCCCCGTAGGGAACGACGTTAACTAGGCCCGGTAGGTAACCTTGGAAAACAGTGGTCGTCCCACTAGGGAACCTAACGGAACGTAAGTTGCTCGCTGCCGTACATTCCAATGCCTTTGTCCGCGAACTTCGCGAAAGAGAAGTCCGGTACGGACTTCTTGCCCATCGAGCGTACAGCATGAAGTCCCCATGCAGTTGGAAGATCTTGCCAGCTTGTTTTTACCCTCAGCGATTCCCGGAGCATCGTGAATCGCTCTCTTGGCGGTCATTCTGATTAGGTGCATCGCCTAGTGGCCTTCATCATAAATCTCA,1900,51.47,Saccharomyces cerevisiae
SEQ_580453,TAACTAGTCATTCTAAATAGGGTAGGATATTGTCTCGGCATCATGCATGTATAACTCCCTCACTGGAGTTTCCGGCCTGGCCCCGTGCATGAAAGGCACTCGAGAATCTAACTCCGTTGCAGGCAACAAGTCGAATCCATCAATTTATATGTGTTTCGGTATCCGACAGCCGATATTTAAATTATGATGAATTGTTTGGGCTCCACCGATTACGTTCTGGATGCGACGACGAGTTAAGGAACAAGTGCTTCTAAGTATATTTCATGGTTGGACATTCTTGCAACCTCGAGGGTGTTCGATGATCCCCAGCTTATAGAACTTATTGGCGGTTAAGATGGATCTCTCCACACGACATGTGACAGAAAAACTTCCACGCCCGCAGGTGCAGCTTGACCAAGTCTCTCCCGTTAGGCTAGTCTCTAAGACAAGGAGAGTGCGAGGAAGCTGTGACCGCATCATAGAACATTTGGGGCTCCGTGAGCAGCTTCAGTCACTCCGCGGTTCTGACGCGGAACCATCCACCGTAGTGCGCACAACCCCAATTTGGAATATATTACACGCGGTAGTCGCTCGCTAGAGGTACACTGCCCGGGGCTATTTTTTCTTCTGATGCGCAATTTGTCCATTTATAGCTAAGGCCTAGTAACTTAATAGTGCAGGCGTTGGGTATTCTGATGAAAGTGGGTCAAATGCGCGGGAGTGAGAGCGGCAACTGGAACCTCATTGTGCGCCTGATTTGATGGGTGAATCTCCTAAGTGCGGCAGTGGATTGGTAGTACGGTGCTTACTCTAGCAGTTTCACTCGTCTACGAGGCCACGTTGAAGGCCGTCGGTCATCAAGCACAGTGCCTAGGAGTAACGTAGCAGATGCGTTATAATAATTCCTTCTTAGTCAGAAATTCCGTACACGCAAGGTTTTAATTAAGGGGTACCAAGACCGCGAGTGAAACTGGACATTAATCACCCAGTCCGTTTGATAACTGGGTATAAGGGTGAATAGTGTGTGTGGGGATATATGAGATCCTTAGAACTGACCCGTTCACTGCGGTCGACCGCTCGCTCTAGTGGCATAAAGGAGATCCAATATTTGGATGATTGGGCTGTTGCGTTGGCAGTGATAAAACAGATCCGATCTCAGCCTTGCAACTGTTGTCGGGCCGAATTCGACTTATCCTTTCACAGTCTATCTACTCATTCATCAAAACTGAACGCTCCTTGACACGGGTTTGTGACCCCTGAGACATACCCGTATGACGAAGGTGTGAGGTCCTGATGAAGTTAAAATCTTGAGGGAACTCTACGAATGCTTCGCGCCAGACTCGTTAGTTCAGATTTTCTGGAGTAATACAAGCCCAACGGATAGTCTCCACTCTGATCTCATAACGTGACTTGAATTTTAACGAAGGTCGATAACAAGTCGTAAATGCGCGCACCCCACCGCGCTCGGAAAATCAACGTTAGACAGTTGCCGGGCTAAGTCGCCTACGTTGGCGGCATCCGGTACCTTGATGCAGATACTAAGAAAACCCGCCTAAGAGTAAGAAGTTATTGATCGCGCCAGTGTAGTGGGCCTCGCGGATTTGGGCTGCTAAGTTTGCATACCCGATACAC,1611,48.17,Saccharomyces cerevisiae
SEQ_804004,TCCACCTAAGCCCGGAAAGCTCATCTATAAAATTGGGTGACGCCATGGAAAAATGAATTCAGTGGTACAGTCGAATAAATTACTCCCTTGCGGTTTCTCTACTAAGCCGTCTGATCAGTATGTCGCCCAGTCCCCACCTCGCGTGTACGCCAACCTGTCCAGGCGGTCGAAACTGGTAGGACAAGTCGCCATCAGGGCCTGTGCTCTCGCTTGCTGGGGTCCCGCCCGGACGCTGACTTTGGCTGGGTACGCTCCATGGTTCGAACAATGTGGCAGCTACCATTCCGACAGTGCGCGCCGCTATTGCGTGGTCTATCTGATGTCGAACCTTACAAAAATCCAAATTACCTGCTGCCCGAAGAATTGTGAACCAGCAATTAGCAAAGTAACCGTTAAATTTACTCCGCCCCCGGGGGTCTTGACAAATGGTCTCGGGAATCACGCACCATGGTCTACTGAATGCGAGGACTCCTAGCAGTTCTTGAGCTCTCTCCTTCCGCAATATAAACTAGTCCATCGGCGTTGGAATGATCGGACTACACCCAGTCATACTCGCCCTATTGTCGACCCTTAACGTCCAGCCGGTCTAATACGATAATTAGACCACTCCAAAACCCTCCGCGAACACAGATACATGTAGTCGAAAGATTGAACACGACGAAATGAGTCGACGGTCTCCCATGTCAGTTACTGTGGTCCGCGCCTACTCCATCGCCGCTATATATAGACCGGGGCAATTACAATTTAGTAGGATGTTATCATCGCTACCGTAATGGCCCATTACTGTCTGAGATGGGTATATCGCGTGGAATACTGCTCGAGAAATAACGCACCGCATCTGCCTGCACGTCATGTGTACGTAAACTGTCCGTGCGACACCTCCGATCAGGATAAGCAGAAGCACGTAAGTCTGTGCTTTAGAGACAGCCGTAGTACTCTTATGCACCACTTTTCCAGTTCATTGAGTTAACCCCTCCGGGCGTCGATATTGTCCACTTTTTCCTATACTGTATCATCTTATACCGCGCCCTGACTGAACTAGGTCTTTTCAATGTGCTATCTACAGATGATCAATGGGATGAAGGTTAGAACCATCGACCTGAATCAAAGGCTTGCACGTAGGCGCACTCGAACATGTGCATCTCCAGCCCTTATCATCTAGATTATCAGCGTTTTCAGCCAGCGTCATCACCGCTCCCGGCCTATCCGGGCGGGGCTGTGCTGTCCGGTACCGGAAAAAGCGACCACCGCAGAGCGTACTGGCGTAGAGGCACCACTCTCTAGTTAGGCAAACCTATCTCGTTGACTAGCCCTCAGCCGCGGCTCGCCTCGGTAGAACACAGGTAGGGCCAGTCGTACCGGCTTAACCGCCATACAACGGTGGATATACGTCAGAGCGCGAGAAATCATCCAAAATAGACGGTTCCAATAAGGCACTTCGCACACATACAGACTCGTTCCTGCGAAGGTGTAATCCGTGTCCGTGAACATGTACGTCTCTCGGAGAAGGTAATATCGCGGTCTGCGCCCGGGAGCTAGCATGGGATGTGAGTAAGCTAGTGTATGAGTCCGATGAGCCCCATGGTCGGCTGCGAAGACTCGTAGGATATGTTTTCTAGATGCTCTTGCCTACTACTGTAACCCAGCAGGGTCTAACATCAACTACGTTCAACACAGCGAATTCTAGACCCATAGGTCATGAATCCCTGGGGCCCTCGCGCGGTATCGAAATGGGAGTGGCGAGCACGGATCCGCGGGAGGATCCCCACATATCTGCGTAATAACAAACCGAGGCCCGCTAGTCTTGGGTATCTGGGACG,1820,51.76,Homo sapiens
SEQ_881885,GACGTATTCGGCACCGCTCATTCCGGCGCAGTACTGAATGGCTAAACTTTAGCGGGTCAGCGAGTCCCTGTCACTTCACTAAGAAACCGAGAATGTCTTTTCGACTACCCACATCCCTTGTGGCTGTTAGCCGGTAGTTAGGGCCCTCGTAAATCTCTATCGCACATACAAGCAACCAAGTTTAAAAACTAGCTATAGCATATGTGTCTAGCCTATCATCCGCCATATCTCGTGTGTGTCAAGAGACACTATCAAGTAGGGTCTGACTCCCTCACACGTGGCACAACTCCATTATCATATTGGGCCGTCTGGTCTTCCGGATCGTCCCCTATTGGCTCAGCCGCCGACAATACTTAATTTTTTGAGGATTCCGATTACAAAGTTCAAGGAAACGATTTACACGTGAGTGGGTTCAGCTAAACAGACTCATAGCGCGACGTTGACATAGTCTTAAATAACTGTCGTGGGCACCTTCGATGAACGATAACAGCCTACACCCGCATGGTCACTTGGCACGCTCAATTCTATGATGACGAGTTAACCTACGAGTTCTAGTTTCTGTGACATGGTGGTGTTACTTTTGCTCTGGTTATATTAGACAGCCAGCACGGTTACGGCCTTGATTAGCCCTCGGCACTTTTAGTAAGGGGGAGGGAGCCTAGTGTCGACTTGTTAGACACGTGTTGCACTGGAGCCGTTGTTCCTATTTATTTCTATCCGCATTCAGGGCCCTTCGAGGCCACCATAGGGTAGATGACAGGAGCTGGTACTAGAGCCCATCCAGATGGTAAGTTCAAGGATAGGTATACCCAGTATCCCGAAGGTGTCCGGATGCAAGACTGCTACCCGGTGGCACTCGTACCCGCAGTATTCAGCGCAGATCCGTAGAACTAGTGGAGATAGCAAACACTCTCATCCTGCA,922,48.92,Caenorhabditis elegans
SEQ_949608,AGTACTGAGGGGCTTAGACGAGGTCATCGGCTAGGTACTAACTGTAGTCAGGCCAAGCCGTGCACTGGATCTCGATTAGAATGGTTCAGAAAGCACTCAACCTCCTTTAGTAGAAAAACCATTGGGCTAATGCCACCTTGACGGAATTATGAGGGACAATTACGGCCTAGAGAATGGGTCGAAAAGTCACGTTAAGATCCCCGCTACAATCTGGTAGATGAACCAACACCCTTAAAAGCAATTCGGGCGCTGTCGCTTTCATTGAATAAGGATTGTATTTTTCCAGAAGGAGGGCTCTCGGACGCCTGCGAGAAGACGCTGGATGGCACCAAATTCAAATGTATGCAAACCCAATGACGCCCAAATTCCCGCAAAATGCGCCCCTACCGGATTCGCTATGGCGATATATCGAGGTCACTCGACAACAGGAGTTCTCCAAGGGCGGTATTGGGACCCAGCCTGTCTGGGTCTGCATGGGCGGTCCCCTTGACTTAAACTTCGCTAAACCAATTGCATCAGCTGGATGGAAGATGGTTTTCATTAACCTTAGGTTATTGGACGTCAATACCTAGTTCCTACACCTAACCAGAAGCGAGAGGCTTTCTAATCCCAGTGCCGGAACGTATACTAGAGACGTAGGTCGTCATCGGCGCTGTCGTACTGTCTACCAAAAAACCGACCTAAGACAGAGAGGGGTATTAAGACGGTTCGAACGCAAAGAACGTATTCTGACACATGCGTTAACACCGGTACTAATCATGGTGAGTACTTGACCGCTGTGGATCATCTAGTAGTTACACGTGATTTAATTAAGCGTGCTCATCTCATTAGGGCCTGCTCTTTGATCTCTAACACAGACACTAGGCCCATACCACACTCAGCTGTCAGCTCAGTGCTAAGATAGCTCCGCCGTCTTAGGATCCCATGCACATGGCCTATTCCCATTCAATCGGGCGGGAATATCTGGCTTCATTTGCTCCCCCCTTACAGGCTATATTTAGACCTGGAGTTTTTCCAACCAATTTACGCGACAAGGGGTAGAATGAGAGCAACCGACGTCTCCCGCAGGCGTACAGGAAAATGCCCCCTTTAAGAGGGCCAGCAATTAGTCCATCATATAAGTGAAATCGCCCATCCGGAGTCGCGCAATAGTATAGAAAAATGACCTAACTTGGCGCAACGATACCGCCATCCATCGCCTCATTGGGAAAGTCCCACGGCCGCGGACATAGTCTACCGGGCATGGTAGCTAGATTGTGCGTCTGTGGTTTATACTCTACGTGTCCCGAAGCAACTTCAGGGCCTTCTGCAAGCTCATGTTGGGGTAGCTGATATGGAGGTTTATTTGGTAAGCGGTTGCTTGACGCAGGAAACGGACCGGTGGTACCTCAAAGATGTTGCCAGGGGCGATCTTTCTCTGGTGCGTGCTCTATCATCAGTTCGTTAGTTCAGGGGCGATTCCCATCCATAATCTGAGAATTAGCCGTTCGTTTCTTTTGGGATGTACCACACAGAGGCATACCTAATCGTTTAAGCATTATGCAGGCTATGGCCAGTATGGAAGCGATAAATGGTGCTGTGTTGGCGATAGACCTGACGGGACAGCGAATCGGAGCTTTACGCGTGCTTAGCGCTATACCATGTTCGGCTTGTCGGGCTACTCTGAAACCCCTCTAACTGGAAGTGATTCCCTGTGAAAAAAGTACGATTGGCATACTTATAGAATATTGAATGACACGATGCGCCACGCAGTGCGTAGGAACCACATGGACTCTGTAATACACTGCAAAATGGTCCATGTAAGTTCGTTGTTTTAGAAGCGCCCGGCATGCGGTCCAAACTGCCAACATAAGCGAGAAAGAAGGTATCGAGTGCATCGACCCTGAGTGGACGCAGGAATCGGATAATTGCTCTATGAGTCATGGGTACCGACAATCATCTTTAGGCTATGGAACAGACCAA,1962,48.93,Drosophila melanogaster
SEQ_930838,AAGGTATACCCGATTCTTAATATAATAGCTGCATCGGCGCTATTCGTCCCAAAGAAGCCCAACTCTCAACTAGACCGTTGTATCCGATACATTTAGACAAAGGCGGTGTTGTGTCCAAAACAGAGAGATCTCCACGGCTTATTTTTTCGTTTATGGCTCTTATAGTACGCCATGTAAACGGGGTCCACAATCGAGGGGAGGTCGTGTGGTTACGTAGTGCAGGAATGTTGGATCCGGTCGATGCGATGCCGAAGCTCATGTGTTAACATCCTCAGCCGGCCCATAAGGGTTAAAATTGGCCATGCTGAACTATTCTACACTCGCAAAGGCTATAGGGCGATCTTTCAGTCAGTACAATGCCAGACTGGTAGCGAGGGTAGCCCCTTTATACCCCGTCAATTGCCCAGGCCTGCCCGGGAGCAATGTGGGCTGGCTGGAGGGACTAGAGATGTCACGGGTGCTCGACCGTTTGTTACAGTCGTGAGCTATCGAAAGTGGGAAGCCTTTTATCTGTTAGCTGCGGCTTTCAGTCCTATACTGAGATAAGCCTGATTTTTTCCCGTAATTTGAATCCAGCGGGCAGGACTAGCCTCCGCCGGTCAACTCGATGCTCTAGACTTTTAAGTAGGGGAAGGGATCATGAACTAATTGGGGGCTCCGACGCGTCTAAAAATCTGGGGCATTAGGTCGATCTACCATCGGGAACAGGGTAAACCATAGAGACGCTGGGAATCCCATTGCACATCTAACTAGTGCAGTCAATTTCCTAAAGCAGTCTATGTTTCACGTGCAGGATATGTATCACGTATCCTCGGTTCGCCGTACTCAGGAAGCGTGACTGACGATCATATCTATACTTACCTGCTGTCGTGGAACGGGCACCCACCCTACCCGTCCCCACTTCTAGCTTCCGCGTAGCATTTCAGACCAGGAGATTTTAAGAAAGAAGTAGGGATAAGTAGACTACGCGGTATCTACAGCAACGACAGGAGATTATCAAAGAAAACAGAGGTGATGTGGCGTTACTATATAAGTGTCCCCGTGCAATCTTGCACCCGATGATCCTATGTTCGCCTTGACTCACCCAAATCCGCCTGCCGTCTGCGCGAAGGCGCTGCACTGACCTCCCGGTACGGATGATATATCCGGCAGCTAAGTTTCGGCTTTCAGCTGCGCGGCCAATTCGGAATCCGCTGTTGACGTATGATCCTTGATCGAATGAAAGGCTAAAATGACCCGCCGATACCGCCTAATGACACAGGAATAGGAGAAGTCTACTTTCGTAGCTCATTGCCCAGGCCTGTCACCCGCTGTCTAATCGCTGGGAGCTTTGATTTATGAGATACACCGTCGCCCCCAGCGTGGCTGTCTGTCCAAACCCATGTCATCACTCTAGGATCTGTGAATGACTACGTACAAGTACGCAATTTTGCGCAAAGTGCTTATAATAGCATTAGTCCCCACAAACCTGACGGGATCGTAGATGAGTCTGCGAGAGATACTTCTAGCTGTTTGCTCTGCGAACCTTACTGGGGACCGGAAAATGAACCTCACAGCGAGAGGATTCCTGGGTGAGGAAGAAGCGACTGACGCGGCGGATCTCAGATATTAACACACATCTAAAATGTGGGGCCCCGCCGTACGGTCGTTTGTTA,1655,50.03,Escherichia coli
SEQ_472503,GGAGCCCCACGACAATGACGAGTACATAGCACGTCCTAGTGCTTACCAGCAATTATGAAGTTTGGTTTGGTGTCATACTAGACCCCCATCGGCTATTATTGAGTGGCGAACCAGGAGTGAGCGCAATTCATCATTTAATTAACTAAGCTCGTGTTCGGGCGCAGGGTACGTTTATTATGCGCTCCGACTTGATACATATTATATGCCTCATTCACGACAAGTTGACCGGTAGTCTGTATGGGTGCCCAGACGGGGACGCGAATGCACATCATTCGTTGAATCCTCCGGCGCGAGATTCAAGCACCGATGGTCATCTAAGGTGTCATCGAGAGGGCCGCGGGGTCAGCTATCGGCGCCTTCTCATTGATGTGTTCTGTAGAGTTCCTATTTTAGGACAACGAAATACTTACACCCAGGACGGACATTCTCGTTAATTCAC,439,48.97,Escherichia coli
SEQ_198752,AAACTTCGAATGTGGTCATTGAACAAGGCCGGGTAAGGCTCATGTCACTAGCCGTAGCGGCTGGACACAGCCACTGGTGTAGCCAGGTCATGGCAGCTACGATCAATCGCGCTTCAAACGGGTGGGAGTCGAAGTTAGTCCACCCCCAGAAACTTTCGGAATTGAGCAACCGCGAAGGATCGCTGCTGCCTCGAATCAACCCCCGACTCCACCTAATGAATGCAGCCATATTTTTTCCAAGGGGGAAAGTCCTCGCAAATGCCTAGCCCCGGATCAGCTTGTATTCTAGCGTGGCAGCGTGTAGGAATGCTATTATAGAAGTAACCAACGAAGTGTATGTTCCGAAATTCACTCGGTTGTAATGACTCGAAAACGACCGATTCTCCGTTAGCCGGACCCTCACGCGGGTGCGTCAGCTGAACATGGAGGTGCTCGTCCGTTGGAGTAAGGATCACAAAACCCTGTTTAACTCTCCCAAGATATTTTTCACCTATCAAATGCTGGCAACAGTCAACAACCTGGCACGTCTGGACCAC,536,51.31,Homo sapiens
SEQ_669917,TCATGACCTCGCATTGAATCCTATCTGATTTCAGGGCATTTTTTGGTGACCTGGGCCTATTAGAGCAAGCTTCGCGTATAGCGTACGTGTCTACCATCAATTGAGTGGTGTGGTTGTAGTTCGACCGAATGCGGAAAGTCTGCGCGGGAACTTCTCAGACTCGGGATGCGATGTATGAAAGTGTTTTACTTTTACGGCTGGTCCCTCCCCAACGAAGGTTGACAAAAGCATTGGTGCTAAACAACGAAGCGTGATGCATTAGGTTGTGACTATTTCTAACACGCAGCTTAGTTCCCCCGTCTACCTGTGTTCCCGCGCTTCTACTCCGGTAATTAGTTCGTGATCGGTGAGGCCGCTGAGCTTGTTATTTTTTCCTGACAGCAAACACGCCGACTCGAGGATCATCCCTCAATTTCGCTTGAATTATTAGTAATTGTTAAAGTTAATAACATGAGTGTTAGTGAATAAATAACACATTCAACACTGGGTTGCTGCATGGCGGTATTCAACGCATCTACTCTTACCTTCGTCATTTTCGAGAATAGTCTTCAACACGAAATGATACGAAAGTGGATGAAGCGTTCAGCGGGAGCCCGTATATCGGAATGCGCAACTGTCCTCGATTTACAACAGATGACGCAAAAAAGTGAGCTTTGTCACCCGTACGCATGGTCTCCGCAGTGTAGGATGAAGGATCCTCATATAGAACACCGCGCATAACATTGGGATGGAACGCTAAGCCCGTAGTCATGTTTATGTGAAGACGACTCCTATGCTGGGGGACGTAAGATAAGAAATCTCTAAGTGCCGTGGCTTCATAATCCCCTCATATTTTACTCGCGCAGGTCAGGCGTCCTGATGGGATACATCCAGGGGTAGCTTGACTCGGCACACACACAGGTGAGGTCCTTTTGGGAAAAAAACTCACGCACGAAGGGTATGATGAAGCGGGAGAGATGGTGACGGCACAGGCTGGTGGGGAACACAACAGGCCGGAATAGTGTTTATGCTTCAGTAGGACTCTTCTTGTTAAGAAGGTTGCCTGCGGAAGGGGATGGATGTTAAGGTCTGGCATGTATCCCTTTGTTTGTCTTTAGCGGGTCGGCTGTACTCAGTCGCTCAAGGTGGCCGGGAATGTTGGTATCAACAGCAACATTGTGGAACATCAGCAAATTCGGTGACCCGGCCTTCGCGTTCCTGATGGGTCACACGAATTCGGATTTTGCATGGAAAGGAGTACTCACTCGCCGACCCTACGAGTACTCTGAATGTCAATTGAGTTCGCGAGGCGGGCTCGTTGAGGCGCTGGTGCGTACGATTATGGATGGCGATCCTTTCATTTCTCACATTCAAAAGCAATAAGGAGCGTCGTCGAAAACGCACACCTCCGTGTCCGCTTTCTGGGATCTGCGCGGAGAGATACAACGTCAAAGCCATCTCGGCACGATAAGAGTCCCGAAGTGCACTTTTATGCGCTAATCTGACGACGGGTTACGAGTAGGACTCACAGGAAATCATAAGAACTTGCATTCGCCTATATGCTTTTAAATTCATCACCCTCAAGAGCACATGACAAATATGTGCGAAGAGTATGAGGGGGAGAACGCGCTAGTCTGACTCCTACCCGCGTAGTTCATACTAGGACAGGGATGATTACGTCAAGCGAGCGCGCGTAGCCCTCAGCGGAATGATCAAGTTCATAGTTAGCCTGGATTGTTGGTCGGGGTAGCACGTGTCGTTCAGTGGAACGCTGTATCCGGTGGTGACGAGGTTACACTTTGCCAATCATTAACGA,1795,48.75,Homo sapiens
SEQ_421347,GCGTGATCGGAAAACGTATCCCTCGTGGCGTGCCGCAAATAAACGAAAAAAACAAGTCCGACTACGCTGAATTACAAATCTTAACTCAGACAGCGCTCCTTATGGGTATAATCGTCCGGCCTTTATCGAACAACCGCTTTACCTCCTGGACACAGACTGGCGGCATATGAAGAAACTAATAAGGCAGATGCTACGGCGCACTCGGCTCAAAAAGGAAAGGCTCTCGAATAGATTCCAGTAAGTCTAATGGTTGTAGGCAATGTGAAGAAAAGGTTTAACGCTGAACTGCCTCGTTTACCTGGAGCGCGGACGGAAGCACATAATACGAGATTACGCCTTGGTTTTAGGTATTATGTAATTTCGGGAGAGTGAATGGGACCCGCCTTTACCCGAGTTACCTAGAGACAGACTTCTGCGCAGACGTTACAGCGCAAAACGTCAGGTCAACCACGAAGTAGTTGCGGTGGTTGTTTTAGCAAAAATAAATACGCAATCAGACTAAATTGTTCTGGAAATCTGATACCGTTCGTTATTTTGTGGTTTAGCCGACGGAAATAGTTCCAACCCAAACTTTGCCGACGTTCTACCAACGTCTACCAGGAGCCAAAATGCCAGCCATCTTCATCCGTCGCCGCATTAGGTGATAGCGAGCCAGTGATATTTTTAGACGGGCTGTCATCATGCGATTTATTCAGCATTCAACCTAATTTACCGAACTGATGTCTCGGGCACCAGTCTCCGATAATGTATGCGGACACAGTGACTCGCCCACACCGCATTGGATTCCGGGATGCCGTCAGGCCGGTCGGATGCTTCTCTTCACCGAAGCACATGGTAGGTTGTCACCATTGGTGCACATGAAGGGTCGTGTGCGCGGATGCGATGTTATGCCGGTACCCTCCCCGTCAGGACGCGATGCGCCCGGGTTGCTCTAAGAATCTAGGTACCGAAATCTCCGCCGGGTGTTGAAAGAGACGGATTAAATTTGTGGTAGGGCCGCCCCAGTCAAGGGCTACGTAGAGATTCATATACTACAAAAATCCATGGTTCCAATGTCCTGCATTCTTCAAGGGCCGCCGTCATGAGTGACCGAGTTGGTTTTCAGAGACAGTCTTAGAGATTACAAATACGTGCACCAAGAATAACTAGAGTGCCGACAATTGCCGCGCGGTACACTCTAAATATCTTCCTTATCGAAACGAGTCAAGGGAAGTGACGACCTAGTATACAAATTGCTGAAGAATAACCTAACTATGTCGTAGATCCTCCACGACGGCAGGCCCGGACCCATTCTAGCTCGGTCCATATTCTGTTCGACCTATATACGCCTTTGCGTCTATCCAAACTAGCAGAGACTTGTATCGCCCGCCAATAGATCGGGTCAGTAACATTACATTCTATGGCCGGTGAGTATGTCATCAAGAATATATGCTGGCTCAAACCATAGTCAGAACGCGCCGACTAACAGGTTAGTTTAAAGTGGGCAACCGTCGCAAAT,1498,48.2,Drosophila melanogaster
SEQ_523505,TCCGACTTATTTAGGATGCGCGACCCTCACAGTGTAATCTCGGAATCAATAGACCCGAGAACAATCCGCGCAAAAGTCACAGCTCGGTTGTAAGAGCAAATCGCAGGGTAAACGAATAGGTTTGTCTCTGTTGCGGACGTTAAAAGCTCCCGCCCGTGGAGCCCGAACACCTTGTAATGTCAGGTTCGAAAGTCAGTATTGTCTGATTCGAGTGGAAGTGTTCCCGCCCAATAGCGAGCCAGCTTTTGTCATAACGGCTGAAGTCAGAATACGGAACGGCATAGGCCACGAGGACCTGGCGCATGGGGCCCAATCTCATGAATTCCGTAATTTGGAGCAGGATTGTCAGATGGTGCTACAAGCGCAACCCATAGTCATTGAGGAAGGTGTCATATCCTGGGCTACCAAAGTTCGGTCTCTTTGGCATGCTAGAAGAACGAAATTCACAGAAGAAGTAAGCGCGAGGGTAGCGCATCTATTAGCTGCAGCCTGCGCTAGCCGTGGCATTGGTAAGCAACTGGCATCGAGTTAAGACAGGCCCTCCCATTTCAGACTCGCACCTGGCAGCTCTTACGTCATCCTTAAAACATACGCGCTCCATACTATCTCGACTAAGACTCAGAGTCAGTTCGAAACGCACGTGGTCACACCAGTTCTACACACTGTGTTAGCGTTACGTTTGAAGCAACCTGATGCTGTGTACTTCTCGTGCAGATTCCTTCGAGCGTTTCCCGCTATCGTATCACGCAGGGAAAGCGCTTCGCTAAGGTTCTATTCTTCGGGGACGTCCATATGACTAAAGTAGCGAGTAGCCCGATGGCTTATACCAGGTCACATTTAATCTACGAGGCGCACGATACTTCGGTACACGCCCCGGATGCCCAGGGGAATGTATATATAATGGGGCACTTGGGCGAAGTACTCTTCGTCCGCAGGTGGGCGGTTTTTTTTGAATTGGCCGACACTAATTAGTCGATAAGGCCGTGAGTGGGGATGTTTCCGTAAAATGTCGAGAGTCGACGGGGGCTTATAACTTTTGCGCTCTTGTGCCCGCGAGTACCGGTACCTCCACTGACGGACGCGAGGCTGGGAGTATAGTTCCCGAAAGCTCTAAACCCCATTCTGGAGCGGGGAACGAAATGGTTAATCTTTCGTACCTCGCTGTACTGATTTATGGGACGTCGGGTAATGGTCGAACTTGGGGCTGATGGGCTCATTAGATCAGTCCATTCTCATTTTAGGAGCCGCGCCGAATCAAGATTAGCACGTTTCTACACTTCATCTTAGTTATGCGAGTTAAGCGCTCTCCAATCAATAACCGCCATCGCATAACGTTGTCGTGTAGCGCGCCCGGTCTTTCACAATCATTTGCCGAACGTCAAAATCCCCGGGCCGAGCGTACTTAAAGTTGCAGAGCACTATTTGCCACTAGGCAGAGCCATCGAGCATTGGGCTCACTTGCGGCGTACGGCGGTCCATTAAATGAGGTGCACCTAGCGCAACCGGGTTGACTCCAGGGTTAAGCGTTGTCGTCTAATTCCTTTAACACATTTTTTCATG,1560,50.64,Caenorhabditis elegans
SEQ_820308,CGAGGCGGCCTCGATGCCCCCAACATCCCGGTGCCCGAGTACCTCAGTACGCACGGGTCCAGCTGACCCTCGTTAACTCATGTCACTCTTCATGCTGAAAATTAATTTACCCCGCGAGGCAACGTCGGCTGTGTCCCTCCAGCGGCGGTTGGGATATGTTCCCGGACCTTTGAGCTGAGTCTGCGTAGACTCGAGTGGGCGGGCGATATCTATGGCAAGCGGCCAGCTGTAGTCGCAGCAAGATAATCTAAGTGAGAAGTTTAGCAGGCTATGTTCACGCAAGACATTGTAGATCGCATGTGTCCTGCATTAGAAATTATTGTATTGGATACCCCGCCTATGGCTAGAGTAATCCGATGGCGCAAGTAGAATATGTCTTCAGAAAGCCTCGTGCGAGCCACTGCGCCGCTACTTTCTAGCTCGGTATAGGCGTTATGCGAGATCCCGTTAATCGCTTTTAGTGGTACCACCGCTAGCTTGTTTTCCGACTTGACGTCCGAGTGAGGGGTATATGTTGGATAGCCTTGCGTCTACACCGGCGGCCATTATAAGCTATTTCAAAGGGCCCGTAGGCGTGTTGAAGGGGGTATTCCAAGCAACACGATCCGTAATAGCTAGCGGCGCCGAATAGGGGCAGCCAAGGAGATTTGAACCCGGCGGCGGCCTCCGACGTAACTTTTAATGCCGGTTTGGGCCTTGCCACGGTTGAGCACTGCCTACAAAGTTACAGCTACGTTTTTAGCGCTTGGTCTTTGGGTGGCCGTTTTTACCCTTGAGCAGCACGTTTTCGGCGTAAGTCCAGACCTACTCCTTAGTCTTGTGTTGAGCATTAGGATCTGGAACGTAGGCACCGGCCAGCCGGCCCCTGACAGCGAAACAAACTGCAACGTAAATGGAACGACATCTATAGACTACAAGCGATGACGGCGAGAACTTACAAGGCGTTCTCTTTATCGAAATGCCTTATGAGGAAACGTTATAGGTCGAGGTCAGCACAGAAGATAGACTCTCCGCTTAGAAGAGTCAATCCACCAGGTACAACCGATACTAGCATGACAACGACGGCGGCTGAGTTACTCCCAGCGAAAGTAAGGCGTTTACGGCTGCGACCCGACCTTATTTAAAAGAGTCAGCGACATCTGTGATGTGGTGACTTTTCAATATGAGGGTTTGTCTGCTGTTCATAAGAAACCACCAGGAGCGCGACGGAGCATTAGTTTTACCTTAAACCTCCCAGACGTCCATGGACCCTCACAGGCTATAGGAGCTTGGGGAAATGGTGCAAGCATAGGTCTTTTGTGTCTCGCAAGGAGATTGCGCGTCGCAGCCAAATAAGTTACGGTTGCTCGCTCGAGTTGACAGTCCGTAGTCCACCAAGCACCTGATTCCGTAGGTGGCGTGGTGGACAGCTCGATGAGACGTACACATAGTCGCGG,1436,52.09,Escherichia coli
SEQ_176740,CCAGTTCGGGCGCTGAGGGTATTACTCCCTTAACCGCAGTGGGACAACATAAGCAAGTTTCTTTGCACCAGCGCGCTCAAGTGTTATTAAGTCAGCATTCCGTCCATCCGCGTTCTCATTACTCCCGCGATCGAGAGTTGGGCAAAATCCTTCGAGAACAGATGCTAAAACCATCCCGAGCAGAAGGTCGTGGCTCGCGACCCGACAGGAAAACCGAACTTTTAATTCCTTTTACTCACCACATCTTTCCAGTGTCTAGTCGTATAAAGGTGAATCTTTCTGCGCTTCGACCACTGCTCTGCCAGTTCGAGCCGCGTGTTTATTTTTCGTGGTTCACACGATGAATGCACTGCGGCATATGAGATTACTTGTATCATCAACAAGTCACCAAACCGTACGATCATGTTTGTGGAATCAACTCGTGATTACATCGCGTCCTAAATCAGGGTCGGGCACTGCTAGAAGATGATGCAAGGCTTCTGAACGTACTTGGTAGATAGACCGATAAGTGGCATTACTGACGATATTCGGTTTGAACGGGCGTAATCGTTACTCATAGCGTACCGACGCTGAATCAGTGGACTCGTTGGAACGCAGATACCTAGGCCTGCATACAGTGAGACTCGTTAACGTTAATTCACGCATTTTTTGTACAACCGGCCTTCCCTTCGAGGACATTAGGATTTCAGGCGGTCTGCTTGGGTGGAGCGCACACTCGTGTCGCGATAGTTGGCGCTTACGGTCACTTGCTCGCCTATCTGCCCTTTGTTTAATTTTAATACAGATCTCTGCGAGTGAGTACAAGGACCACCTGCCCTATCAGATGACATCAACTAATAACTGAATGTCCGCATTAGTGGCGCCTCTATGGTCATGGAGGCAGATTCCGAGTTATGGGAACAGGCACAAGAGCCAGCTGGGGTTAAAAGATCGTCGGGTCAGAAGAATAGTCTTCTGCTGGGGTTCGGCGGCTCCTACGTACCAACTCTACTCGTAACCCTGGTCCCACAAGCCCACCCGAGTCCTCACAAAACCGGTTCAAGTGTCTGTCGGGTTTTGGTCTTAATCAGCGGCTAGAGACATGGGATATTTAGTCCTTGTATGAGGTGTTCCGCAAAATTAATAGTCGTACGCTATAGGTCTTCGCAATCCACGCCTTCGTCGTTATTTATGAAGCCCGATGTCGCGGCTGCCACACTTTTTGCACAGGTAAGAGTCGTTGGTACCTAATACGACTCAACGTCTTATTAACCCAGACCTCTACTGCCGCCCGAATCTTTGCCTGTGTTCCATCCTTTCCTGGCGATATTTTTAGGAGCTTCAAAACGACGCGGAGTAACTCATCGCTGGAGGTAGTCTAGGGTAGCGTACGTTCAACTGAGAGAACTCGTGTGACGACAGTTCCTGTAGGGAAACTGATGCACCACAACGATCAACTATCACGTCGCCCATCCATGCAGCGCATACCCGTGGCAGTAACTCGACTCGGTGAGAGATCCTTTCGCACTGATAATCCTTTACCAAGCGCTCCGACACTGGCGCCCGTACATTTGCTTGCGGAATTATAGGATACAAACTACAAATGCCGGACTTAAC,1596,49.25,Mus musculus
SEQ_500304,CGGGGGTCGAGTGTACATTGGGCCTATCTCTTAGGATTACCCCGCGATTGCTCTATCGACCGCTCTCCTGGGTTAGCTAGCGGAACGTGGATTAGAGTAAATGCTGTCGAAACGAACGATCAATCGCAATCTTATTGTAAAGACAAGAGTCAGTGTATCACGAACGTATCGTTTCTATGAGATGTGGGGGAATCCCACGTTGGTTGATAATATGACCTCAATCCTGTTACACCACACGGTTCACCGGGCGGCAGTAATCCCTTAAGGACGACCTTGGACAGCTGACACTCCGACGGAGCTGTACTCTTTGGGACAGCATTTACGCCCCAGAAGTAGTGTGTGAGCAGATTTCACATGTAGTGCATGGCGACTTATAACGTGCCTCGAAGAATCAACAAGCAAGACGTCTTCGAGGTTTCATGTCCCTTCATGTCATAGTGTGAGCCCTACTGAAATCAGACAGCGCCCGGTTACTCCGTCTTGTCACGGGGTCTTGTCCCCGACCGGCTGGGGGGCACGCTCTTTCGTTACGGGTTCATAAGCGCGTCCAAAGGTGGACATCTACGACACGGAAACAGAGGTATGGGCTGTCGGCCCTTCGTCATGTCCGCATCACTAACTAAGTTTAAAAGATCAGGGTCGCAGGGACTGACGGTCTTCAGTAAATGTATTAGCGCTACTCGGCGTACTCTCTCAGGAGAAACCCTTTGTACATAAAGACGGTACTGTTCGATCTCGTTATGGATGTACTGATGACGTATCTCTCGCTTGCGATGTCGGTCTTGGAGCAAAAAGACTAAGGACCTCTACCCGATTCGTTAGGACATGCGCGGAAAATGGAGAAGAGAGTCTAATTTAGATTGGACCGTCGTTGGGATAAGGAGACCTAAGTTGGTAAATTCAGCGAGTACGACTACGCCAACTAGGGCAGATCGATCCACCATCTTGGAAATAGAGGAGATTCTGTTACCCAGTTTAAGCGAGCACGTTGACGAACGGTGGAAAAGGGGATTAGTCCTGGGCATCCCACGGAACCGACCATTAAATGACATATGCGCGTGGAGAACGTCCGGTGGAAAAGTCTCGTTGATTAGATTTTACACTAGGTGGATACTGCCGGCATTCGAGTATTCAAGGTCTCATTGAACTCTTTATGTAGTGTATTGGGCCATCTGCTAGAATTCACTGCCGGCTTGGCAAGGATATGATTCACAATCGAACGATCCGTCCGAGGACGTAGTATTTGGCCAATCGCAGCGGAGCGTTATCAACGGCAGCTCTGCGAGAGAACCCAGTATATGAAAATATCGAGCCCTTTCGGTTCTCGGGGTTGTAGCCTAGAAGTCCACACCCAGGGCATAGGCATTGAACCGGCTCAATATTATACGCTATTGGTGTAGCTAAGCACATCCTCAACCAGTCAGGATTCTGACAGTGTTTTCACGATGGGGGAAGCCTGCGTGTAGACGAAGGGAACCCAGGGATTCACGTCCCGGTAGGTTCCATCTTGCATCCGCCTTTGATGTCTAATGGGTACTCAATCGTTCACCGTATGGTCGACCCACAAAGCGCTGGATCACATAATTTCACCCATCGGAGATGACGGTATAATGGTCTATAGCAGACCTTCGACATGGACGGTCATGTACCGAAGAC,1656,49.64,Caenorhabditis elegans
SEQ_886089,CATAGGAATGAGTGGGAATACGTCGGTGTATCTCAAGGCTTGCTTGTTTAATACGTCCGTC,61,45.9,Drosophila melanogaster
SEQ_357081,TAAGTACAGCAGTCGAAGGATCCGTGGAAGGTCACGGTAAAGCTACGTTCTGGTAGGAGTCGCGCAACGGCGGTCCCCCTTCAAATCGTGTAAGCTCTCCTATGATCCAGGTACATTAAAGTATGTCCAACAAGGGTAAACACGTGGATCACTCAGACTCACTTCGGAATGTGTGAGTAAGCCCAACTTGGGAAGTTTCAGCGTCGAGCCCAAATGCAGAAACACTTAAGCACGGAACGCTCCCCCGTCGGATGGTCCCACGGGTTTTCATGGTTTGGTGCTGGGGACCTACTCCATACATTGCTTAGTTCATCGTGAAGTCGCTTCCATCTGACTCAGGGTCCTACTTCGACGAACGACCTTATTTGTATTTCCCAAGTGTCTTCGAGGCTTACATAGGCGCGATAAGGCATGGTCTCATCTAAAGTGGAAAGCAGATGCCCTGGTGACCAAGAAATAATGAGTACAATAACTATGCGAGATTAGGGAGGCGGCGCACAGGGTCGCCGTAACAATCAGGCACGCCCAGAGCAGGGAATGGTCTGCTATGCTCCTGCGATCGTGGCGGTCACGGCGGGTATCTGACCGGGCGATCACCACAAGTCGCTATTTCGTCGGCAGAAGCCCACGGCATTGATACAACACAAATTGAACGGATTTCAGTCACTATCCACGTGGAGATACCCCCGAAAGAGTATCTCGCTGCTAGCGTAGTCTCGATGCAACGAACACACCCCCTCACCAGAGTCCAGACCAATACCCTTAACCTGAGAACGCAAAAAATGTATTGTTTATGGGTAAATACTAACCGGCGGCTGGCTTGAGGATGTGAATACTATTTGTGCCGATGGTAGGTTAAGTTCGAACGGTCATGTGGGGGGAGGTTACTCATCACCGAGGTATCAGACGCGTTCCGTACGCGTTGCCCGGGCGAAACTTGGCTTGCGCCTTAGGGACCACATGCGTCTCCACTGAAGGTGAATTCCGCGACATTCATCTGGAGCAAAACGGCTCCTCAGAAAGCGAAGAACCCGTTCCTCTACCGAGCAGACTAGACTGTGAACTAGGATACTAGCACGCTACGGCTTTTACGCAAGCTGCCGGCCTCAAAAGATAGGCGCGCTCTGCAAGACCAGTTGACCATTCTATGCTACTCTAATTTTTGTTGCAAGAAGTTCGCCCTACGCCCGATTTCGCATGTTCTGGTCTTGCGCGGCCGCACGCTTAAGCGATTGACTTAGATCTAACAGTTTACGTCCAGAATAAGCATTCTGCTACGCCCTGCTCACGCTTATGGCCGGCCAGACGAA,1310,51.6,Caenorhabditis elegans
SEQ_604324,AGCACGTAACCTTAACATGCAGATACGGTAACCGCCAGTCACAAAGAGCGCAAGATGATTTAACACACCCTTAAATCTGCAACATCGTCTGATACTAGTGTCCCTATAGGTACAGCAGTTGCGCCAGGTGGACCTGATCCCAGGTAACGTGGTTGATATATTAATGGGGCATATATCTGCCTAGGGCACCTGAATCGGGTCTGATAGTCGTAACTAACTGTATTCGGGATCAACGACAGAACTAAATATATTTCCAGTCAATACCCTCAATAGGATGACGAGTGGGATTAAAACCACTCATGACCTTCGTTACGATGCATGATGTTAGGTCGTACAAAGGAACAACCAGCTGTGTGCGAAGTGTCGAGTGTAACAACGCGTCGGGGCAGCCGAGAATCGAAGGACCATACGTTTACTCAATCGATTCCCATCCACGCATTTTAGATTGTGGCCACGACATTACTGTGTATGTCCGTTCGTTCTGCTTGCCATTGATAGTCCGGCCCAACGAACTGAACGCACTCTGAGTCTTGACGATGAACTTCTGCCCTGGGAGGCTCGCTAATCAATGGATAGAAATGCTATGCCTCTGTGTCAGACACCGAGCAAGTCATGCCAATCCAAGCTTTGTCGAATCTAATGGGCTCCCCAAAAAGAGGTGTGCAGGATTCATTGCCACCTGAGGATTGGCCAAGAGGCGAGAATAGCCATCTACCCTTGTACTGAGAACCTACTCAGCACTAGCTATTTCAGAAGACGTGGACTTCTAGTCCGCGCGAAGCACAACAGTGTATCGCTGAACTTGGTGACACCCTCTCGTGTCTTGCAGTCTGTACCTTAAGGTTTACATTTGTGGTGGTCATTCCCTTCGATTCCGCCAGAGCCGCTCCTGGCAGGTTCAGACGCTTTAGAGCCCCTGGGTTCTAGCCCTATTTGTAGCGTAAGTTTTTGACAAATAA,959,48.07,Escherichia coli
SEQ_897170,GGTGATAACGCATCCGACTACAGTTTTACAGGCATCGACCATTACTTCCGTTTTTGCTTGAGCCTCGCATGAATACTCAAACCGCCAACCAAAACCGAACGTCCTTTTACGTTGCAGTTCTTGTTACGGCCGTGAGTGTTACGGCTAGTCTCTCTCAGTGCGCTAGCATTCTGACGTACGTGAGCGAAAGGTGCCGATACTTGGCATTACCCATTATCCGTGTGCGCGCGTTTGTACAGTGAGGAAAGTTAATGTTTCGCAGTTAAATAACCACCTGGAGCTTAAGTTACACTAGGCTCGCACGGCTGCATAGAACAAGCCTGAATAGTGCCCTAATCCGCTGTATTATTCACCCAAATGGCAACTTTTGAAGACCTGAAAATTACGTGACTCGGAGGGTATAGACTGCGCCAGCCTGAATGGCACATTCGGTGGATGCCTTAAAGCATTCCCGGGCCCCCTGCACATTTACATACTAATGTCATGGGACAGTGTTCAACTATCAATATTCGGAAAGCTACCGAAAATCGTACATGATCCCCGTGGGCACCGGTAGCATCGTCTTCACTCATTATGAAAAGAAGCTAAGCTGGACCATAGCGTACAGTTATATCTCCGCTTAAACACTGGGTACGTGAGCTTATACCGGGCGGCAACATCAGAGCCTTGAGAAGGGTTTAGTGTGCTACTTTACACCCGGATAGATATAATAACCACCCACGGCGCTCTAGTTTGGAGGGTGGGTTCACGGTGCTTATAATACGAAGGTGGACATGCTACCTTGTCTCTCCTGAGGCCTATTAATGATCTCGGCGCATAAAGTGCGAAAGATCAAATCATCTCCGCTGACCAGGCGATTAGTCTGAGATGTAGTGCACCCGTAGACGGAGGGACGCGGGGTAGCTTCTTGGGTGAA,916,48.58,Caenorhabditis elegans
SEQ_708353,CAGAGTGAATAGGCTTAATACGATTTCAGGCCAAAATCAAGGACGGAAGCAATCCCTTGTTAGCACATCCATCCAATGAGCTTTTGGGTCTAAGCGATATCGACACCGATTTACTTCATCGTTACATGCAGACTACACCACCTTGAAATGCATCCGCCGAGGCGCGCACTTCGGTGTTCGCTCTTTTTCTAATTGTCTGGCTTAAGGGCACAGAAGTTGCTGGCTTTGTTTATTGATGCGTACTGGGTACCGAAGCAAGCTCTTCCAAGGGCCCTTGCCGGCCCAACAAGGCGTGCGTACCGAGCCCCATTGCACGCGTCCCGCGATACCCTCAAATTTCGGGATACATAGGCGAGCTGCCCTCTCGTCAACTTCACCTCTTATAGTCGGGCAGAACCTACGCGAACAGTCTAGGCTATCTAACCGTGGCCTTTATTTAAGTTTCATCGTACATAATGCCGTAAGCTAGCTCAGCTAATCCATTCGGTAGGCATGGGAGGTCATATGTCGTCTGAGGGCTCTTCGCGGTACACTTTTGTGAGGCACGCGCTAAGCTTTTGTCGGTGTAAGGACGTCACATTTCCGATTACAGGCGGTACATGTATATACAATTTCTTTAACGGGCGTCATACGAAAGGCATGTGCCCCGAGAGTACCATCGACTGATTTCTAGACACACATTAGCGAACATTCCGGCCGTCGGGAATCCCGTTGCGGTGTTCGCGAGAGGTAGTGATGTTGTTCGCTCTGTTAGTTTGTAGCCCTCCCAAGATTACTATTCCCCGCCGAGCGCTGTCGCTAATGCCGGTATAAGCGATCACAACAACGCTGGCGTCTGGCTCGGCCCACCAATCGCACGCACGGTGCGCCACATAAGTCCTCGGCGCAGTGGGTCCGCCGCACCCACAGTGCTGAGTGCCTCATAGGTAATTTACGCGCCCGTACTTTTGCGCAAACAGGTAATTCAGGCTGCGGCAAAACTTAAAATCTAGCTACACAGGCACGTTCATGTGACCGTCTTTCGGGGGCCCCAGTCGCTCATAACGTATTTAGTCATGATATAGATTGATGTACAGGTTGGGAAACGCCTAACCCATACAGTCAACTGCCTTCGTCTGTGGACATCCGACTAATGCTGTATTAGGGAAGGGAAGCATCGATCTTGTGCTTTCCCCAACTGACCGCGTCAGAATTAGGGATGCCGCCACCAGGCATTCGGCTAACTCAGGTTTGGTATGTACCGCGTTATACTGCGAGG,1258,51.43,Caenorhabditis elegans
SEQ_666380,GAATACAATTACGTCGGACACTCCCCCATCGACTTACGAGAAGCGAGACGGCACAATGGCTGGGTGCGAGGATGATGAGGGTGAGCTCCCCCGCCCAACGTACAGCATATCTACCAGTCGTGAGTCAAGCCCGAGAAATTTGACGTGAACTCGAGCGAACCTACAGAGTTGGCTTTGTTGAACAATTAGGATTAATGCGTCACACCGGCTCTTCATAGGGCGCATTCATTCCTCCAAATGCACCAACCTAGCTGATTATATCGTTATTAGGACAGGCCTTCTTCAACCTTAGTCCGGCTGGGTGTAAAGATTTTGGCTAAGGAGACTAAAGGAAAAAATCAGGGGGTGTTTAGAAGCTCTTCACCTAACATCTCTTCGATCTCTGTCAGACCAGTACTCGGTGTCTGTGGCACACATCAAAACACCGCTTCAGGTATTCACACGTGCGTGTTGGTCATTAGACAAGTTTAAATTGACTTGCGTTCCCTATGCGACAGTTTTGTCTGACTTATGCTAACGAGTATGATTCGAATCAGGTCTTTTGGCGCCCCACCTGCCTTAGGCACAGTAAATAGTGCCTTCCGGCTAAGTGATGCTCAATAGATATGTAGCGGAAATTGCGTGTCCGTTCCCATCTCGATAGACAACCACCTCGCAGCCATCCCTCGTTTGATCTGTTCCCTTGGCCTTACTTCCGTAAGTCCGGTTGGGCTATTTACCCAAGCGAAGAGAAGGCTGAGACACCCTGGGCAACCCCATATGGTAAAGCGCGGGTTCCGCTGCTCATCACATTTAGCTCGGGGAGACGGGCCAGTATATGTTGGCCGCATGAGTACGGACTAAATGGCAAGCACCTTTCGGCGCCACATCCCCTATATTCTCGGGCTGTGGAATGCCTCGTGTATCTTATGACCACTGGGAGGTCACAACTTTCTGTGTCCGGGTTACTCCGGTGCCGAACTATGTTTTTGCGACCTTCCATCATTGCAACAAACCGATTAAAACAAACGGCAACAAATAGGTTGAAGGGTGAATATGGGCGTGGCCGAGCTAGCCGCTAGGAGACTCAGGATTGAGACCCCTGTGAGGGAGGAAATTGGGCGATAACTGTGCTAGGTAACTGGAGATGCGACTAGGTCGCACTAGGTAGTTCAACCGAGTTTCAACCATATCATTCTTCTCTCAGATAGGGTAGTATAGGTCCGAACAGGTACAGGGACCATACGAGCCGGGGGCCCGACACACCTTTATCAGAACTCACCGGTTAATACGGCGCGAATTCTTCAATGCATTTTTAACTACCGACGGCAGAGGCAGAGTCTTGGCCCTTATCAGTCCTTCAGACTTCTTGGCGGCCGCTATGCACAAACGTTCACATCCGAGGAGGCCTTACTAGACAAGGCATTAAACTTACGCTCTAGTCCGCCAGTGCGTGGTCTTATACCGGGGATGTATTTCTGCTCTGTATAAAGCCTGGATCGCGAGCCCGCGAAGATCGACATGGCGGGGAATGGGTGCATAGAAAATGTGGTGCAGAGAGGTATCCGCAGGTCCTCGAGGGTTTTTGGCCATTGGTAATATGAGATCTTTGTGTTTCACCGTACTGTGTCTTACGTACATGGCTCAAGGCGCAGAAGGAGGGCGCGTCTATCCAGCGGAACTGTTGCTAAAGCGCACACGCGTGACAATCCTAGATCCAATCGTGGGGGGCGGGACCTAATATGTCAGGTCATCCTATCTAGTTTTGACCTAGACGGACCCTTCAATGAAGGTGATATGCACACCTCGATTGGCTCGTCCTGCGGTTTGTTTTTGCCAGTATAACAA,1827,50.3,Saccharomyces cerevisiae
SEQ_820611,CTGACCTTGGTCTGTCAAGCATCTTAAAACGGCCCTCGACGTCGGGAAGCGATGCTTTGAGGATTCGGATTCTGGCCGTGCGGCCTGGTTTGTAAACAACGTGTCGTTAAAGAACCCGGGCCATTAGGAGTCAACATGCAAGCCCCCAGTGCTGGGGTTTCGATTCGGCCATCCTCGAGTCTAGGAGATGAGAAAAGCTAATCAT,205,52.68,Caenorhabditis elegans
SEQ_851090,CGAATCGAATGCCCACTAAGGCATGCAGTGTTGGCGCTACTATTCCCCAAGTTTCATCTTTGCTGCTATATGGAGACGGTATACAGAGGATATGAACTATAGCAACGTGATGAGAACATGATAGGTAATTTATCGACTGGATTAAATCTCACAACTGTAGGCTCAAGATCTATGGGCGCAACGCCGTCCACTGGAAGAGCCAAGTGATTCTTACTGCACACTCAAAGTCCCCTCTGAGGACTGGGTGCTGTGCCAGGGAAAGCTAAGACACGAGCTCTAATCGAAATTCGTACACGATGTGAGTTATAGTAATTGATTCCATCCCACTCCCCTCTCCTTGCAAGAGCTAACGGGGTGGTCGTCCGTTTGTACCCTATGTCGACGTGAAAGTCGACGTCACAAATTCACCTAATGTTGAGCGCACGTCGTAGGCCCTGGTCAGTGTGTTTACTTCACGGGGCGATCACAGAAAGTGTAACCACGAAGCCATGAGTAATGCAGCAGTGGTTACAAGTATGTAGCCCCGCCGTGGAAACATTGTACCCTTCCTGGGTCATCATCCCAT,565,48.5,Drosophila melanogaster
SEQ_544922,GACAGCCGTAACGTCCAGAGTCCAAAGTGTTTAAGATATAAGTCGTTGTTGACCTCTCCTAATAATCTGGTAAAGCCTCCCGTCTCTGTGCTAACTTTCATGGGCGCAGGGGATGAGGGGCCCAATTTTGTAGATTGCACTCGTCTAGCTATCTACCATGTACAACTGTTGGGTTCGTCGGCCGGCCGGATCGGGTGGTTCACAACCCCATATAAGTTATTCGTGGTTCCCCCGGAGATTAGGCGTATTCCTACAGCGGGACGTCCAACGCTGACATGCAGAAAGATAACATGGGGAAGATGTCCTTGGTTTTAGTTCTGTCGCGATTCGGCCTTGTCGCATCACCGGGGCCGGGTTAAAATCTGAACTCATTG,374,50.53,Escherichia coli
SEQ_970855,CCTTGGTTCGATAATGACCTCTAAGTCGTACCTACATTCGGTCCAGGTTCATGCTTGAGGCCGACCAATGGGTGGCGTTTCTAGGGCCACGGTGCGAGCGAAAATCCCCGCCGACCTCGGAGACTAGAGTGCCTCGGGTTGAGTATAGTTCTCCAAGATCACCTCGATCGGACCTCTCCGTCATATATTCAGGAGCTGACCACTTACCCCTACTGAACGGGGTCGCCGTGTGTGGCACGCCTCGCTGCTAGGATCATGGCGGGTGCTAGGAACGCGATGTCCTCTACTGTAGTAAGGAACTTCGTCGTTTATCCCACACTTAACGAGATTTTCGTGCCACGGCACAGAATCTAAGAATAAAGGGACTACATTGTATCACCACGCTCCATAAGACACGGACCCAAGTCACGATACCATGATGCATCGTCAGGATAACCTAGAGAGCCGTCTATGTAATTATGGGTGACGATGAAGGGTCTGGCATTCTCGTATCGCCAG,498,52.41,Saccharomyces cerevisiae
SEQ_783807,AGAGCACCAGGAACCGCGTCTTTAAACAGATCATCGAATGGCTGAGAAAGGGCTTTGGGCTGGTGAGTCACGGTCGTTTGCCCATTTCAGTAGATACTAGGCTTGTCTAGAAGGACAAGTCAACACAAAGGGCCTAATGTCTCGTAAGAACTTTAGCTCAGTACCAGAACAACACGGAGTTAGAAAGTGTACCCTACGAGGTTTCTGGAGTAATGAAGGCACAAGCGCCCTCTTGAAACCTGCGTTCCTAGGAGCGAACCCAGTTTCTCTGGCAACATGCAAGACACTATTACATAACGCTTGGAACAAACATGGGAAGTGAAAGCATTACTGTTAGCCGTAGGTAGCGGGCACTACAGAATGTTGTGTTATCGCCCCACCGAGGCGGCACTTTTCGGGTTGCCGTTAAGAGAGAGCTAGCTACATGAAGTTCCCATTCCTCACAGACTATATGCAGGCAGGTCTGTACATGCCGGATGGCTAGCAGTCCGACAACGAGGGCAGCTAACCCACGGTTGGTACCCGGCATTTATAACACATCTGATAATCAGCCGAGCTCAACAAAGTGGAGGCTTGGCGTCCGACTCGTGGTGGACTGGGGATCTCGCTATGTGCGCTACAACACGCGTTGCTAAACCCTGTACAACGCGGACGCCCATCAGCTAAGGAGAAGGCACTAGGCCTCCTTACACCGTGCATACTTTCCCGGAAACCCAGGCCCCTTGCCCCAGGTGTCTCCTCGTAATACGGGACTAGCGAGATTCACGGAAATTGTTATTAGGACTGTATATGAGATTCCTTGATCGGCATCTCTTGTGAAGGCGTCCGATCTCTTGCTAAGATTCAACAGACTGTACAGTCGTAATTCTTTTCTTCGCTCGGTGTACGGCATTATTTTTCATGGCCATGTGACTCAGCAAGAGTGACAATTAACGGGGCACAAGCCCGCTTTGTGAGATCCCACCCCTAAGACCAGCGAGCACACGATAACCGCCTTGCGTTTCGATGCTGCAGTTGATTGAACTGTGGTAGGCTCTAGTCAGTGTTCAGGCTACTATAATAATTCAGAGCATTCAACGATATAAGTAGGAGTATCCTTTACTCGGGACAGAGTCTGATTTTGCAAACTAACTTCAATCGATATGCTTTCCTCGCCGACACCCTGGGATCCCGGCGGCGAAGGGAGGGGACAGGTCAGAGCACCTCCGCCCAACCGTTTAACTGTCTGATGCGGTAACTTCCTGGCGCCCCGTATACCATCCAGGGGGGTCTCGCGTCTTTTCCCACTCGTGCGGACAAATAAGGTGACGCGCCAAGTTAAGCGTACTAACGTAAAGCATGAACCGAAAATTAATGACTGAGGTTCGGCTCAGTACGAGTGACGGAGACGGACACTGTATAGTCGGCAACACGTTTTAGGCGGGGAGTAACTACGTCTGTAAGATAACCGGTGAAGGAGTGATTATGCAAACCCCGAAGAATAACTTCTCTTAGCTTCATCAGAATGTTACGGACGTTCCACACGGTACGTCAGCAGACATATCCACTCCAGTCCGGAAGGCCCACCACTTTAGATCCTACCCCTTGCTTTGCGTACGTGGCCCCGTGGTGACTCACGAGCGATTTTAGGCCTTCGTGGAAGTCACGTCCAACCTCCGCGGTCCCGGGAGTCACAAGGCAAATACATAGGAACTGGATAATGTTTCTGGCTAGGGCACTGTCAAGGAAAACAAAGATAGATTTCTTCGATGGGAATCTGTGGCAACCAAGGGTCGGAAGCAAATTACTACGGCCGCTTCATAACCCGAGGCTAAATCCGTATAGATTAGAATAGATGTAGGGTCTCTAAGAGTCAATTCGTGAAGCAAGCTCCATAGAGCCGCATTCTCCGTGTCTGCGGAAACCTGTCTTTTAGAGTTTCCCACTCCCATGAGCGCACGAGTAGATTCTGTTA,1954,50.2,Drosophila melanogaster
SEQ_900312,GGAATCCCTAACGATCAAATTCCACCGCTTCTGCTCTTACCTACGCTAGAAGGTATGACAAGGTAAGTGTAGCCGACTTATTGGCAATTGACGAGCTTTATTTTCTTCCGGGTAGTGATGCACAGCAGGTGTCGATCACTTACTTGAACGCGGGAAGTTTACTCGGAAATCGCATTTTCAACCTAGCTGCTGTGTGGGCTTTTTGGCTTAATGCCTCAGGGGCTGCGTTTATTCCTGTAGTTCGTCAATATTGGTCAGTCCATCGACCACAGCGGCGGACCTGAGATCGGGTGATGAATCTAACCGTTCGGTCGACTGTTGGCTTTGGACACTTTCCCCTCTTGCCCCCTGTTTGTCCTCCAGCCTGCTCTCGATTAGCAGTTCGGACGTCACTATTACGCTCTTTATGAAGCAGAAATATGCCCGACCCGTTCCATGTCTCCGGAACGTTCAAACTCTCATACCAATTGACAAGCATCCTAGGTTTCTCCTAGCAACGTTGGTCGGGGAGGAACCATAAAGCAGACCCACCGTTAGGGCGAGGCAAAGTAAACACCAAAAAAAGTGGGCAGACCCTCTGTGGCATCTCGGAGAACCAGGACTTTCGTTATGCCTTACCACGTGCTTCGGATTGTCACGTCGAGGCCACACACGAACTATGCCTATAGTTCGTCCTCCGTGTCGTAAGCCTCGAAGATGACCCGCATAACAGGAAGGAAACCCAGACGTCGACAAGGTGACCCCTACGGAATGAGGGCCCTACGTCAACGTGGGTATACAATGCTTATACGTGCGAAGCATGCTGGATGCGACCTTCCACTAGTGGGACAGGTTCGGGTCTCGGACTTACTCCCCCCGGAGATCTCCTAGTTTGTATCCGCCTAAATACCTAATGGGCGCGAGGACTCGAATGACCCGCCGCTGGGGATTTGGGGAATTCCATCAAAATTACTATGCGGGTACGGACGCCTGACTGACCACGGTATGCCGAACAGTTAGACGGTGAGTGCATGATGTAGTAACAGCTATACAGTACGACGTTGCCTGATCGTGATCTCAAAATGAAACCTGTGTACAGACGGGTGCAGACACCCCGTCGTACGCTTCACTGTCGTAATGTCTTTAAGTTGCGTCGGCAACCTCTAGATCCTCCTGAGAATCCATCTACGTCAAGCAACGTCAGGCTCGGAACCACAGGTCGTAAAACGCCTGCCCCAAATGTTATGGTGCACATAGCAAGACTCCGAGTATAGTTCTATATGTTCCTAATCGGGTGCGAGATACATATGATCGGGCAAAAGATACTTTCCAGGGCGACCCTACAACTAACGAGACCATCTTTGTGCTTGAGTCGAGATCTCCCTTTTACCGCCTTAATTAGTCTTACCCCAGGCAACTCTGCCGGGCGGTGTGTGGCCGTCCGAACCAAGGATAGCTATTTGCATTTGACGGCATGCGCCGATCCGTTGGCTCCTCCGTTTATATGCCTCGATTCTTGTGACCCATAGTAGACGGGCGTTCTCGCGAATTGAGTATGATATAGGACGGGGTTACTAAAGGGCATGCGTGTTAAAGCAGGATTGTTTTCCGTACTTCGATTCAGTGGTAGGTTACACGCAGCGCGGCAATGATGTTTATACTGATTTCCTGACAAGAGAGCTGATGCGCCCCCTTGTAGGCCCCCCGGTGATGAGGC,1696,51.0,Arabidopsis thaliana
SEQ_832183,AGAGACGCTACGGAATATCACGCTCATTCCATGAATGGCATAGGCGTGCAGCACCGTCTATATAATCTCCAAGCTCACGGCACGAGTAAAGGATATGATACTCTTACACCAGATTGTTCTTTATTCTCTCCACTCACTGGTCTGTTAATAAGGCAGATCAGTTGCCAGCGTTATCAGAACGCCCCTTCGACCGTTTACCCCACTTGATACGCGCCGTCGCAAAAGCACTGTGCCACAACTGGGGATAGGGGGTCAAGTCGAGGCTGCTGACCCGCTATCACTCTAAATCCATCATCGCTGCTTGCCTACGAACCTTAATACGGGCGAGCACGCCAAAAACCCTCGTCGATACGCAATAGTGCGTGGCGTCCGTGACCGACTCGCTGGCAGACGTATTCGGGACCACTCGAAATTAGAACCAGACATGTATAGGTCCGACTGCCAACCAGCAGGTCAACACGGGGGAGATACCTTGGGACAATATGCTACAACCTAAAAGATGGTGGCTCGCGCCTGCGCGGGGATGTTGACCCACTTGCCATAACTGTTATATAAATCCTTCACTGCTGATCCTCCAATTAATCTCTCGATTATACTCCTTGGCGTTACGCTTAAGACAGCCAGAGGCGCCGTACGGCGCTAGAATTTAACTCAGGAGTAGTACGGGACTCGCTCGGCTGCTGCTAATGCTAGGGGACGCATGTCGTGCGTGCTTTGACACGCAGCTGGGGTGGAAATAACGGGGACGGTCATGGACGATACGCCCGGACCCCCGGAAAATTCAAAACCTAGGCAATATGTCTTTCATTACTTTCTAACTCAAGTTCGAAGCCTGAGAGCCGAGACGATCGAATTGTGTCAGCCACTTGGTGTGCGGTTCGCGTTTATGATAACCGCATCGCAAGCACCGCCGTTCCCGTGGACCGCCGGCGGGCCCCGCTAGCTCCTGGGCTTT,955,52.88,Arabidopsis thaliana
SEQ_815305,ATTGCAAGGAATCCTCTGTTTAGGGCAGATGGTCTCCACAAGTGGAACGGAACCTATCCCGTGATCCAATACCAGTGGGGTTAATGGAATCAACCTAAAATGACTAAATAGAGAGGAAAGTAGTCTACGCCCGCCATGTATAACGCCTGTCTTACGACTTAGTGTGCCTGGGGGTAAATGTTCCTACCTAATATACTAATCGTGCATGGCGCCAAGGAGCAAGATGATAAAACTCTTAAGCGACAGGGCATATGCTCTTGTGACGCAGGAATCGGATTTGTCACTCGCGACTCAAGTTCTGGCGGACGTCTTCGCCCGCATGATTGCTTGAGTGACTCAAGTTTGCCCTAACGGCCTGTCGGTAGCCGCCATGTCTCAAACCACGCCCCGTGTCCTATCTAGATTTTGCATCATAATCATAACGGGAAATATTATATGAATTCCTCTGCTTCAGTGTCTATCTCCTTAGATTGGTAAATTTTAAGTGGTCAAGTTACTTCTAATCCAAGCTTCCGTCAGCTTCTGAATCGTTGAGAGAACTGTGGTGGTTTCGAACCGTGTAGCAATTGTTTCAAGGAATTCGGCAACGATCTCATGGTGCAAAGCCCCGCCGCGTTGCGTCCCCTTAGGGTTTTATCCTGACGGACAGCATCTACCAGTACCCGCAACCGGTCTTCCTGGGAATCGAGACCCAACAGTACCAGGAAAGCTGATCATGATAACCCCACGGAGCTTCCATAACCGGAACAGTGGGCCATTGGTGCTCTCCCACGTCGATTAAAGACTTTCTGCGAAGGATATTTCGTCCATAGGATAAAATCGCAACTTAGTCTCTTACTGGCGGGCCTCCCGCTCTCCAAGACGGCCATCCCAGTGGCTACTTGGACTACTGAACCTCCCTCCAGATCTTCTCGGGCTTCGCTTCCGACTGATCCCGTAGCCACTATCGCGGTGACATATCGGCCTTTAGCCAGCTACTTGGGTTGTGAAAACTCTGTACGATTTCCCGTTCGAAGCTGCTGGTTACCTGTCAGGCCAAATCTCATGTAAGCACATTTAAGGTATTCCTTCTGGCCCGTCAGTCGTGTCTTTGGACGTTGCACGCACAAGGAAGCTTAGTAATGAGCCGTGTCTCAGCACCTAGGTGTCAGTAGGGGGTATCAGGATTCTTCTTTGTGCAGTAGGAATGCGGAATCACGGGGCTAGCACAGCCTTGTCTCGTCTCCGAGGTCCGACAATCTGACTGAAAGGTGCCTTAGGCGTAAATTCCTAGAAAAGGCAAAGGGATGGTCGGGTTATGCTAGACGGGCTGATCCGAGCGTGGCGGTCAATCAGCACGCTGGCTAGAATCGAGAGAACATTCCGGCAGCTACATACCTTAGCTGGGAGACATTCAAGCGCGCAGATGCAATGTCCGGCCTCTGGTACCAGCGTATCCCACCGGCCCTCCAACGAGTGTATTGTACAGTGAGGGCCAATCACGACTATGTCTGCCAACTAGGTTACACCGTACCCCAAATCGACCGCCAGTTACGCTACAGCTGAACTAACCCTATAATTAGGTCCATTTGCA,1573,50.29,Drosophila melanogaster
SEQ_222796,GGTGGGGCCGAGTAGGTGATTCAATTCGAAAGACGCGTCCGAGCTAACGCCGTTCTCAATGTAAGCTATCTACTGATCCGTCCTACGCCCGGAATTTTGGGATGCGTGCCTCCGTCTATGACTGGGGTGTCGGTCCTAGAGAGACGACTGAATGGCTGCTTCCGCGATTCTGAGCTTCACGGGGCGAAGTCCTTTCACTGCATGCCTGGTTTGGGATGCAGTATATGCAATTCTCCACGAAACCGTGTGCAGCTTCTTCTCCTGTGGTTAGGCGAACGAGGGCACAAATTCTAACAATGCCCAAATCTAAAGCACTGGTTCATTTAGGCCTCGTCAGCAACGACGTTTCTGAATATGTAATCTTGGATACCTGGTAGTTCAGCTTTGTTTTGCCCTACTCAACTTTTATAGCGGGGAACAGGTCAGCTAATTATGGAATAGTCTTGAAGACCCATTATCGCATTAAAACACGCTGGTTTGGCTTCACTCGGATGAATTTCCTGTCCCGTCTCAGGTCGGATCCGACAAGTGGATATACTCTAAGTGTTGAAATTTACGCGGGATGACCGGGAGATATCGCTGGACGAATGACCGGAGTCTATCGGGTGAAAAGATCCCGCCTAGTTTTACTGACGTATTTGTTCTTCAACGTCATTGAGCCATCATTAGCTACGTGCTGTAAGCGTTCTGCCCTACTGCAACTGCATTTCTCAATAGATTGTAAAACGGATTAGGCCCCGTTGTCTGATAACGCAAAGTTTGTTGAGGGACCCGTTAGGTGCATCAGCCAAGGCGTGGCCCGCCACGCCTGAGCCAGGTGCCGGATGTATTTACCCTATCCTCTACTGGGCGGCCAGTTATGGGAGAAAAAGCGCCTACGTAGCACAGAAATAACAACAACTAAACAAGTCACGCCTGGTAACGTGTTTTGTTGTCAGTCTCTGAAAGGGACCCTCGAATGCTCTAATGCATAATGCAGAGATACAGCTGGCGGCGTCACAGAATCAGGGCATCGTGCTATCTACGCTGCGAGAACAGGCAAAGACTTGCGTCCGACATCAGTGTGGAGCCCAGTCTCCTGTTTATCATACAGAATCACGCCATCTCTAGAAAAGCCATATACCGTCCTATGAGCATTGTATACGGTGGATTTGCGCATTGAAGCCATTTAGCGGGAACCCACCGGTCAGAGGCGTCGCACCCCGTCGTACTGTCGGAAATGGTCGTTCATCG,1233,49.8,Saccharomyces cerevisiae
SEQ_593741,CATTTCTGGCGGGCGCCGATATAACGGTCAAATGAACTCGTATCTAGTGCATGAAACTCCGTCAGAAAGGACCCCTAACGACACGGCGACCGGCTAGTCCTCTTACACTCAAACCCCAAATTCGGTGGAAATCAAAGTTTGGGTCGTCAGGGGCGATTCGTTTATCGGACCTATTCCAAATCAATTCACGCAAATCCCCATTCGACCTATGTTAGGTCATCGCCCTGTTACTACGCACCACGCCTTGGGGACTAAGATACCGTAGACCCCCGTTGCTGAGCCTCCTCCAAATTGCCACCCGTGATGAGTTCGAGACCTTTACAGGCACCTATCTCCGGGATCAGTTGTTAATAACGCGTCCCATCGTCATGGGCTTGAAGGGAATGTCCATATAAATTATAGGGCACTTCCACTGTACGAGAGCTGATGACTAAATCGAGCGTATGTATTGTTACTATATTCTTCTTCGTCGAGGCCAACCTTAGTCTTCCCCTTCATAGTATAGCTTCTAGGTAGGCTTGGTCAACTCGTTCAGATTATCCTACGAAGTAATACAAATCATTCGTTCGTTGACCCAAACAAACTGGTGCTATCGACGTCTAACACGTGGGAGGCACCAGGTCGAAACCCATTTCGGCAAAGTTCCGTTTAGGGACGTGCAATGCAAGGCAATTCCACAATACATGTTCACAACCATGTCCGCGTTTGCATACGAGGCCGGAGCGGATTTCCCGAGAGCGACCCCGATACCAAGAATGGTACACACTCTATCAAGCTTAACATTAGAAATCGAGTGCGTAAGTAAGAATTTACATGGCCAGACCACGTTCCAACACGAGCCGGGACCACCGCCTATGTCAACAGATCAACATAGTCAAAGTACCCAGTGTGGCTTTCCCACTGGAACTCCCGGGGCCTCGACCAAATGTGCACTTTCACTTTAGACGAACCCCGATAAGCCCCTCATTTTTTATGTAATGGCATTGTCAATTTCTGGGGCTCCATTTGACGCGTACTCCCGTTGAAATGAGACGCAGGGGAAAAATGCTCGTATGCCCGTTTGTGGAGACGGCGGCCACTTACTGCTCATGCTTACAGTCTCATTATATGTCACTTATCGCCTGCTATGCAAACTCGCGACGAGCACGTGCTACAACCGGATTGCCTCCCCTATAAATAGTAATAATTACGTGTAGTAGGGGATTCCCAGAGTAGCTTAGCCGGGGCCTCAAAATGTAGAATAAAGCAGCGCATATGAAGAGTACGGTCGTCCAGGGTAGAGGGCTATTATTGGAGAAGGGGTACCCAGGAATTCAAACTCTATTGTGGTGCAAACGCCCCTAGGGATATCTGAATCGGACTAACGCGAGTACGAATCTGTATCATACCAGGGTAATACCAAATAAAGGATTGA,1414,48.3,Saccharomyces cerevisiae
SEQ_753278,GGATGCGCTAGGCGACCAATCCCATGAAATTAGTCTCCTTGAGTGCTCTGAAGGGGAGGACAACCCAAGACGGTCTCATGTTATAGGGACTAAGGCCGCGTGTTAGCTGCACTTCAAATTGAGGTAGGCGAACGGTAGTTCCGTCTCCTTGTGCGGAAAGTAGGATTCTACCGTACGGCTCTGTCGTTGCACATCCCTCACTAACTGAAGTTACTTCTGCTATACTGAGCTGGGGGCAAATGTGAATTCTCGCGTAGCGGAACACTTTTGCAGAATCGCTTCCACTCGGCCTACAGACGACGGCTGGGGCGGGTTGCCAAGGCCTTCACTGATCCGGCTGTTTTACGATAACGCCGCGGCGAACAGTGCTGAGGCACATCGACCCGGAAGGCGTTTACAGAGACGAATACAAGGAAGTGACGTACAACACTGATCGGAATCCGATTTTAATCGAGAGTCCTTGATTGCGAACCATTCAGCGTCGCCCACTTTTAGCCCGCCGTGGCTCGGCCGCAGAACGAGTTACCTACGCCCGAAACTAAATATTGCGGTCGTGTCCATTGGTGCAGAGTTCCCAGCGCAGCAGTTTGAGGACTTGAATCTCCGAGCTCAGGTTGTCCCGTGTTTTAAGTGGCTTCCAATATTCGAGGTCCTGAATACTTGACCGACTGGAGAGAGAAATCCACCTTTGTTGACGGTAGCCTCCAGCCTACTTGCATCGGCCGTAGACCTGCCGCCAAAACGAGAATATTTTGGCTCACCGCCGTATGCGATACTAGCAAATCGCACGCTGTTACAGCAGTTGGATTCAAATCCACGGGTATTGGCAGAAA,833,52.34,Arabidopsis thaliana
SEQ_991255,GTAACAGATTACCATACCTCAGGCGCCACAGCGGTCTGGGTAGGAGTGAACTATTCCGTTCCGTAGGGTACGCGCATGGGCCAAACGTAACGCAATCCGACCGACATACGGTGGCACTAACCTCATTCATCCACAGGGGGTGATCTGGCTTTCCTGACTGCGGATCGTCTCATTTATACGCTGTTTTCACAATCCCGCGGCATGTAGACGCATTAGGGTAAATATTCTGGGCGAGCTTAGGATATCACCCTATAGTTGTAGCGAGAAGAGAAAAGGTTTCTCACGATCTGAGTACAATGTGAAGGATATCAGTGTTGTTGGGCGCCGAAACAAGGGCAGACAACTCGTGAAAACTATATAGTCCGTGAGTAACTATTGCTGTCACTGATCCAATGTAACTATACTTTCGATGTGCAGCTGTACTTCGTAGTGCCTGCACATCCGTGAGGGATGGATCAGGACTATGCCCCATAGATTCGTCGCCGCCTTTGCCGTGAGAATACCTCACTGACGTGCAAGGTCGTAAGTCCTTTATCTGGCGCGCGATATCTGGAACGGCCAAATGTTCGCGCGAAGTCCATTCTTAGTCACCGTGGCTATATTTCTAAACGGAGCTCAGACGGCACACATAGGCGCTTTCGGCCGACTTCCCGTTGCATTGGCATCACTACTCACCTCGTGCGCCCCATGTCTTTCTGTAGAATGAGATCGAGCTGGCGTTCGTTTAGTTCCCTAAGTTACTCCTTCGATATATGATTTTACGAGATGGGAGATCACTGACGAGTTATCTGAATTCGACCCCGGCTTCCTGATTCATCGCAGCTTTATAATTGGGAGTTATCACCCCGGATGCTTATATTGTCGAGTGCGGGTTGTCTACTTAATTTCAGTAAACAACGAGGCCCGTTGCCATAGCTTTGTGCCCCGGAGTCTAAGCGCGTGATCGCTTTGCAAGCGTCTATAGCGCTCGTCTTAACCACAGTAACGCGAGTAGAGTGCACAACGCTTCGACACCGCGAATCTACGCAGCGATTGCTGCGCGAGTCTCGACCGACTTCCACGCGGCTTCGGTTCTTATAGTGCGCGGACTGAACACGCCTGGGGCTATGTAGCAAGGAGGGACACAATACCGCCCAACAGGATACCGACGATCTGGTACAGCACGCCTTCCGTCTTAGACCCTACTAAATGTCGCGTGGTGCGTCGTTCCTAGAGCAAGTTCACGGCCACGTCGACAACAGATTCGAGTTGTAATGAGGTGGCAGCCAATGCAGAGTTCGAACGCGTAACTTATCCGGTGTCACACCATACTCTCGCAGTTTACGCTTGCCACCCTAAGTCGCAAGTTTCTAGTGTTGCTGTCAGGGACGGACTAACATCCTGGACAGCGGGTAAGGCAGTACTGGACTTAGTAAGTATCGGAACCGATAGGTTTCATTATCGGGGCTGGATCCATGGTTTTTTGTTGTGTCTCCGTTCGAATCACACACTCGGGTTTTACATCACATAGGGGCGTCGAATTGGGCCTGTGTGCACTCACTGATTTAATTTATTGTTAACCAAGACCCAATAAAACCACTTTTGACCACGATGCCCCTCCGGGCTGCAAGGCAAATGATCGAGAGACCGTCAACACTCCTAGGCGACTGAGGTGTCTGCTATGTTTATCCCCTCATGGACTTGAATAGAATTTACACACCCGCTAAACTTGTAGGCCTGCGCTACACGGGGCTCACCATCACTAGGCCTGG,1751,50.66,Arabidopsis thaliana
SEQ_797022,GTCAGCTTCCCCTCCGCTTGTCGTGGGGTGTTGGGAGAGCTCGGTACAAAACGGGGGGTAGGGTAGCGCCCTGTGTTTATAGATTATAGCGGAAGGCCGAGCGTGGGCGCAGACATCGTAAATTTTGTTAGAGCTCCTTAATACTACACCCCCGATGCGGAAGTCCTTGACCGTGATACCGTCACGCCCAGCGTAGTACGCAGCGTGGGTTGACGTTGGCCAGGTCAAAGTGACGATTAAAGAGCATAAAAATAACATGTGGAGGTACCCACGATGTGTGTAAATTGAAGCGAACTGGTGCATAGGCGAATGTCGAAACTCGCCCAGCGCTGCAAGTGAGGGTCGTTATTAATGTGTTCCAGACGGACACCCAGTGAGCATTATCACTACCCTGGTTGAGCCCACGAACGCTCCGGGGGAAACACTCGTGGAGGGTCTATCCCTTCCACTGGAACGCTACGGTCCTGGGGCGAGGCGACGGACTGACGCGCTCTTCCGTCAATACCTGGGGGCTAAGCTGGCACATGCCAGTTTCCGCACCGGAGGCATAGCTGTACGCATCCACAACGGGGCCCGCACCGCACCGAACTTCCCACTGAAGTATGTTACGTGGCTAAGTGGCTCATTGCGCCAGTAACGGACTGCTACGCCCGGTTCTCAGGACCCCTGGGACGCGGACCAATCTAGGGCTCCTTTCAGAACAAAGAAAGTGTCAATGTGCCTCCACACGGCTGTGACTCATACTCATCCTAGACCAGTACTAATGAACGCCGGGCGCAACCGCGAAGGTAGGGTTTTGCGATTGCTAGGAGTTATTACGCAATAGTGATCGCAGTGGAGGAGGCGGGGAAA,852,55.52,Escherichia coli
SEQ_734417,CATAGACCGGACATAGCGTGGCCATGTTTAGGCCTTACTCCTGAGTCCGTAGAAGGGGGTCGGACATCTACTGCC,75,56.0,Saccharomyces cerevisiae
SEQ_293715,TACTTCAATGTCTGCGGTGACTGTAGACGGTTAACTTTTGACATTTCAACAGCTATTAGCGCTTGCTCCGCTTCCGACTAGTGGGACTTTTGAGAATTTATCTGCTCAGTATTGTATGCAACGCGCGAACTCGCGACCGGGACCATCGGACCTTTCAGCAACTGCCGTGCGTGGTTGAGCAGCACGACGGTTTTCTTTGTCGGTATCGACATACATCGAATCCGACGCCAAGTTTCATAAACTTTGAGCCGGAGTGACGAGATTCTCCCATTCAAATCGATCTCAGGACGGCGCGTCGGCCCAGGGCATGATCGTCTGCTGGAACTCGCCACACTAGCTGCAAGCTTACGTGCACTTTATGCTCAGAATCCAGGGGGTTTCAGTGGGTGTGGGTATCGGTATCAGGAGTAGAAACTATCCTGAAGTATGGCGGCAGTACCTGCCGCAGCCCCCCTCAGGCATAGTATGTGTGCCACACATGTGGATGGAAGGCCCCAGTCCAGCGTCTTGCCGGCCTTGTTCCGAACAACTCGCTTCTTCGATTGAAATTGTTCAGGATCGCCGGATCGGGGTTTTAGAACAGAACTGCGGTGCGTAGGTCGATCGCTCACACATGGATAGCTCGGTGATATTTCAAAGAACGGCCTTCTACGGGATAACTTCGAGCCAATGTAACTAGACGATATCGGGTTAATCACCATCGTTCATGGAGTACTGTAGTGGTTTTTGCACGTGGTGACTTGACGTGCGGTTTCAGGCCCTGAACTAGAATGGAACAAGGAGTACGCGCTTTTGCCACGCTGGGTAATGAGAGGTTTAGACGACTTGTCGCTAGGATCGGGGCCACAGATGAATTATATTAGAACTTTTGATGAGTGGCCGGTACCGGAAATGCGATCCGAGCGGACAGACCGCCGTTCTTCCTCGGAAGGAGATGGTAGGGGCCTGGCGGTCAGTAGCCGCCCTAAGATTGCCCTCGTGGTTCCCCGTGTAAGGTCGGCACATCTGGATCCTTAATCGTTTCTGACATCAACTCTCTATGTGCCAGCTTGAATACTTGCATTTTGAAAAGTTGGATGTCGAGAACCGCACGGGATTCCCCGAAGCGGTGGCTGAGACGCCGTAACAATCATTTTTTCGAATATCAGCCGGCCAAAAACATTGGCCACTCACTATACGGGGGTCACCCTCAACTTGCGTGGATATTTACAGCCGCCAGGGCTCGAATGTTGAGTCTCTTCTACTACAAGCAGATGAAATTTTACTCTCTTCCCCTTAGGTGTAAATATCGCACCCTACACCACTCTGAGGGTGACTCCTGCTACACACTCTGCGCCTTGTACGCTTTATAGCGTATATCTGCGATGAGTGCTCTACCTGAGGGTGTAGTACTTGATGTTAGACTTCTGAAATAAGGTATCGCACAGCGCGTTACACGGTTGTTCGCCAATTTGTTTTAACTAGCTACCAAAAGCGTGGATATGACCCCTTAGTACAGCGCGTTCAAAGTGAGTCCAGTAGGCCCTTTTCACCGGGACTCGACTTGAATTTCATAGGCCCTGGGACTTCATGTACCTAGCGTATGTTCATGCCTGCGGACCTTAAGGCCATATCGTTATATATACACCCTGGATATGTACCGAGGCGCAACCAATCGTCCGAGTTTTTCGGCATAGTCCGAGGGCACGCCTCTCTTCGTTAAACATTTGCTTTCAGGTAGGATCTGCCCTGGTCAGGGCTTGGAA,1745,50.6,Homo sapiens
SEQ_405139,ACTGGGCTTCAACGTTCACGCGTGGGTTGACTACGCGACCTTACAAAGTGTGCTTAACCCGCACGTGCTATTCGAATGCCCCTCCCTGTGCTCGACAGGTTGTGTTGGTGTATTCGGTCGCGTACTTAATTGTGCGAGCCACCAATTCCTGCCGGCAGACGTGACCTGGATACATGTCAGCTCACAGACAGTGTAATCCACCCGTGGCCGTCCAATTGGTGGGTCAACTTTCCTAGGGAGAATTCACATATACCTTGATAAGTTGGCAGACGAAGGGCCCTGGTTTGTAGTGCCTCAAAGGCCTTCTAAACTACCGAAGGAATCTGGATTCGGGCTATTTTCGTCTCTGAAAGGAAGCATTCCTGCACTTTGGAGCACAGTGGGGACAGCCTCCATTGAATTGTCGCAAGCGAGTTGTAACGTGTTCAATTACGCCTTGTACATATCCGCTCGGGAACCAAAGTACGCGGCGAACCAAACGCCTTTATAATGAATTAGACACCGTCTCTTTGGTCTTTCTGTATTTTAGATCTTCCTCAGCCTGAGAGCCCTACTAGAGCACCGATCGGACGAGACAAACATCTGT,586,50.17,Arabidopsis thaliana
SEQ_111749,ATGTCTCCTTTTCGAATTATATAGTCAGGGGGCCAGCCCGCTACGCTTGGTGGTAACGCGGGTTAGACCTATGATTTCGCCGAAGGTCTATGCTAGGGAAGAATCGCTGACACCATTGCCCTCCGATTGGTTAGTCGCGTATCGGTTACAGTGAGTATCAAGGCATACAAAGCCTCCCACGCTTCTCTTCCTCGAATAAGCCATGATCCGGGTAGTGGATTTCGATGTTTGCAGGATGCATATAGTTTTGTATAAATAAACAGTCACCTCAGCTACTCTCTGCCTTGCTGCTGATGATGCTATGAATGAACCTTGAAAAGGGCGATCCATATCTCAATCGATCGCAGCCAATTACGGAGAGAGAGTTCCGAAAAAACCTGTCCTTCACTAATCACGGCGTGTCCCAAACCGTCCAACAGCACGGAGAACTTGCTACTTATCACCGCCTCAAGCGAGCTCATGTCCCCAAAAGTAGTCGGAATGGTTACTAGTATATCTGAATCCCTGCTCGAGCTCGTCCGGTAAACATATACGACGTAGCACTGTGTGTGTGATCCCTGGGCATTGCTTTTAGGATACGTGGACGGGCCGCCACTCCAACTGCGTGAGGCCATGTTCTTGAAGGTTCTGCCCTCGAAGGCAAGGCGTGGTACCCGAGGTTTCAGTATTCGGGCTTCCCTTTGTCAGGAGAACTACAAACTAAACATTTAGGTTAGCACGTCCCGAGGTTAAAGTTCTCCACACAATTATAGAAACTCAACCCTAAGAGACCAACTTCGCTCCACCCATCGCAATGCTGTTGCTATTTGTTTACGGAATAAGGATAGGAATGCCCGCAGCTGGTCGTTAAACGCAATACGAACCCAGACTACAATGCACCATGACCGGCATGTGCTCATGTATAATTGCCCATAATCTCGAACTTTCGTACGTCATGACGTGGGAAAGTACAGGATTCGAGAAACAACCCGGGAGTCTTAGCACCCACAAGTTAATCGGCCGGTTTTACACGGGCACAGGGCTACCTGTTTCTTGTATACGTGTCTGTTCTAAGTCGCCTCTCTGTTAAGGAGGCAAAGGATGCACGTCAGTTGACGTAAAGGCCGAACGAGCTAACTCCAATCTTATGACTTGCAACGAGCTCACAGGAGTATTGAGAGGATACAGAGGAGAGTGACCGTAATTCCTCAGATCATGAGCAGATTAGTAATTTTCTCGGGCCGATTCGAGGCTCATTTTTAACGCAGATGTAGGTCCGGATTTATCAATGGGCCCAGTTGTGCGCCTTTGAAAGGCCTAGTAAGAAGGCCAGTCTAGTCTAGGCATGTTGTTAGCTCTTAGAAAGGCGGAAATTCTGTCCAGGTTAAGGCCCAGCTACCCCCGGCCTGCAAGTGTCCCACGGTTAACGCCAACCTGGTATAAGACGGTTTAGTCTCGCCCGCCTCGCAGTTAGAAGACACACTCGGGCGTCGATACAAAGGGATCGGGCAAATAAAATGGAAACAGTCCTCGCAACTATGGAGCAACACTGTTGGCGGAGTGAGCTATAGCATAATATGCCAGCCAGGGCCCTACGTCATGCAACATGTGTGATTTGGACTAACGGACAGATCAAAAGCCTCACCCGAACAAGGCACCTTTGTACAGCGCTAAATCCTGGAGGTACCATGCCCCGCCCTCAAACGCGCCACCGCGGATGGGAACAGAATACGCTGCATCCCGGGGTCGCTGACACGAAGGGCCATAACCACAGTAAGGTACTGACCGACCCCTACGTCGTCCAGCCCCCCACTACGATACTTCTCACTGGTCTCGTCCTCAGGGGGTGCTTATGAGATTCCGCAGTCCCTAATTACTACCTCGAGACCCAACGCTGGAGATAGCGAACTGGACACGAGTAGCCTCATTAGTGGCCCCGGGAG,1922,50.47,Caenorhabditis elegans
SEQ_392825,TCTACACAGAGATGCCTGTTAAAATCGTCGCACCAGAATATATGAGGCAGCAGGCTACGACCTTCCGATCTCCCGGCAAGCCTTCTGACGTATTCGTGGTGGCCCCCTCCACGCATCGATGGAAGTGGGTTGTGGCAACCGCTACGGCCTCGATAGTATTTGTTGTTAGATGTCGGTGCCTCCATGTAGCACTTAGCGACCATACTATGTCGTGTCTGAACGGCTTGCATGTTATTCCGGTGCTCCCTCGCCAGATCCTTCGGTGGTGCACTAACGGGGTCCTCGTTCTTAACTGGAATTCAATAGAAGGCCGCAGATTCTCCTTCCCGAAGAGCTATGGTCTCTGTACGAATGATTCCCCAAAGCATGGATCGTAGGGGCACCCGTGGGTCAAGCGAGGCCTCGCACCGCCGCGCGAATGTAGCAGTGAAGCGACTAGCACGCTTCGAAGGGACTATGTTAGGTGGTACTTTATCCCCTATTGCACAGTCGCCCACATTGTTTCACTCGTATAACGCGGAGCGGATTCGAAGAAAAATACGGCTCACGAGATACTGTCGACTGGGAGCAAACAAGGCGTGACAAGCGTTCGGATAATAGAAATCGGTCCGAACTCGCATAACTCTTTAGCGCTTGATCGATCGCGATGACTTGGGGGAGCACCAAAACTTGAGCGTCGTCGCTATTAGATCAATCCCCGACCCTTAGGAGGCATAGGTGGGTACGAGTGAGATTATTAGAGCCAGCCCCAACGGAGATCCTAGTATTGAATCGCTAAGGGCTCGTGTCGAAAGGTAGGTTTAATTTCTCGTACGATCCGGACTTGCCCTTTACGTTGCACATCTAGGTGGTGTATTTACCACGTCACAGGAAGTAGCTAGTCAGGACCGTACGGATTTATGTAGAACAAGTCTAATTATATTTTTGAGACCAATCGCATAGCATCACATTTATGAGCTTACGGCAAAGGTGCTAGGTGCGCGCAATCCCATCGAGATGACCATTGCTGGGCTGCAAAACTCGGCTGGGGGGGAAGGACGTATGCGTGAATATGATAAGTTGCTACTGCGATTCAGTTCACACCCCATGCATCGCGTTTGAAAGCTTCAGTTTGATGCCAATTATGTCAAGGACTCTAGCGCATGCCTAGGCATCCGAAAGAGCTGATTTGGAAGTGGCGATCGACGGGCCTGGGTTCTGACGCTGCGGGAAAACAGTCAGCGCCTGTGAGGATTGTGTACCTGTGCAACCCAGAGAAACGGTTGTGGTAACAGATATGTATGGTACGAGATGTTCGTAGTGACTCGATCTTCGTATCTACACTCCTACGACAGCAGACGCAGGCAGCTCGTGCGTCACGTGATCGTAAAACCGCTTTTTAGAAAGCTAGAGGTGTAACTCCCTATTAAAGTACAGTTTGCGGCCTACCTGTGCTGGCCGTAACTCGAGGAAAGTAGCAGCTGCCGACATCCGATTTGCTTCTTTCCCTGCCATTCCTAGTGTAGGTCGACGACCTTCTCGGAATACATCCCGCTGCTAACTGAGCTTACAGCCGACGCTGAATAGCGGGACACCATCCGATTGGTCTAAAGCCACACTTCCCAACAGCACAACGTGTGGTTGGGCCGAGTAGAGTCATTCGTTCAACCTTTTCACAAAACAATGGACTAACCAGGATAGTTGAGCATGCCG,1692,50.89,Saccharomyces cerevisiae
SEQ_475899,TTCGACTCCGTACCTAAAACAAGAGGCCACATTGACGGGTCTTGCTCCCTTCATTGTCGTGTCTGACCCGCTAGGTTCGACATCCTATCAGGGTGTTGAGGTCCTAGTCAGATGTCGCCGCAGGTGCAGTATCCCCGGAACATTGGTGAGCCCAAAGCCTAAGAAGAATCCCCCGAAATCGTTTTTCCATACGAGTAGCCAGCCCGGTAATGTTACGTATGGGGGAATATTTCATGAGTTCGAGACCTGTAAGCCTAGCCAAAAGCGAGGAAGAGGGACAGAATGCCTAGGACACCCAGAACTCTGCCCTTGAGTCTAGGCAGCGTCGTAGTTCAGGGGTTTTCGATGACTAAGAACGCAGAACGGTCTGTTCTAAATAAGATGATCGATTAGCACAATAGATGAACCCTCTTGACACGTCACCGACTCTTCGAAGTGATCCTGGAAAAACGTGCCTGAATGGGTTCATAACGACAAGCCTCACGCGGGTACAAGATCGTCTTCTACTAAGTTCACTAATTATCATCCGGGGTTGTGCTACTGTTTAACAATGTACGAATGATAGGTCAGAGTACTGGCCCCGATATTGAAATTAAGCTATTATCCAGGAAGTCCGCACAAGTCCAAAACATACCTGCGGTTCAAACAAGCGATCTCTTCAGTTGGTTGGACCCACATATTAGAAAGATATACCAAACTGGAGGGAGGAGTGGTATATGCGTACGATAGTCGATGTAGGTTGCTGTGTATTTGCCCGAAATCACCCAGGTTAGGAGACATTCCGTGGACGTCCATCGCTGGTCGTGCTCTCTCCTCTAATAATTTCGCATGCTTTCGATACTGTATAGCGGTCCAAAAACTCGCAGACTAGCAGATCGTGCGCTTCGGTATAATAACCGGGTTAATAAGTTGGCTATGGCTCATAACCCTAATTAGTCATCGTACCACAGTCGATATTTTTCGTAGATAGATTCGGGGAGAGTGTGACTGTTAACGCCCTCCGCTGCGTCCATGGTGACTTGTGAGACAAGGAGTTGGGTGACGACCTCTTCCTTATGCAAACGATGGCGGCCGCCTCTATGGCAGTCGGTCGATATATCACACTCTACCTACGTTACCATGGAACGGCTTAC,1133,48.19,Drosophila melanogaster
SEQ_413268,GGTCCACGAGGATCCCGACGACCCACTTCATAGTTAGTGTCGGTCATGCCTATGCCTGAGAAATTCAGCAGGGTTCCCCAGGAGCGCTTGCATAGCCTATAAGGAGTGTACTAATTCCAGTACGAGTCGATACGAGGTATGTTTTAGCACCTGGTAATCTGTTTCTCGCGAGATGGTAGTACAGCACAACTCGCATGCTACCATATGCAGGCATCTGTGCTGCGGAGCGCATTTAAGCCCTTCGAAACGCTCTTCGCGAAGGAATCATAGGCTAACATGTGTGGGTCGCAA,291,50.86,Mus musculus
SEQ_481003,GCGATCGGACACAGAGTTGCTCACGGACTAAACGGTGCGCACACACGTAAATCTATCCACAAGCCGACCGGTTTTTAGACTGAAACGATAGGGGGGTCCCTGTCCCTGGTCATCCCCGGCAGACTATATTTGGCCCTGCATCTCAGAGGAAACTAAAGTTGGTCGACGCGATCGCTTGAAGGTCGGTGACTAGTAGGGTGTTTAATCTCCCGATGACGCTGCAAATGAACCTGCCGTTCCATGATTATCCGGCACCGCATCCGCGTTGGGCCAGAGTCGCCCATCTGGTAACCTACATCACGATTTTTGCACTAGAACACTCCAACCGGTAGATGAACTCCGCCGTCTACCAACCCACCCCGGACGCCCAGCTGTCTGATAAATGCGTGCGTTTCTACTTGCTCAGACTTACCAGCTAGGGGTCATGATAGTGGTCCGAGAGATTGTTCAACGCCCCTGGCAGATCCTCAGGTTGTATCGACATGAGAAATCTTACAGACAAGAAATCTCTGACTTTACAGGGTCAAT,528,52.08,Caenorhabditis elegans
SEQ_752754,GTATACTCGAATGTATTTGCGCATCTCCAGAGCTAGCGGCCCATGTTAGGGAGACGGCTTGCCTTGGCCAACTATACAGTCGCGGAAGTTCAGACTTGTACGGGTAAGGTCACGCCTGCCCGAGAGACGGCTGTCAAGATAGGTAGCTTATTAGCCGTAACCGACTCGATGACAGCTCACTTATCCTAGCAACGTGTCCTTACCACTATATGCGTCCTACTCCGTGATTCGATTTCTAGTAACGAAATCGTTGTAGTACCATCGGCTCATGTAGTTCTTAACTTTGACTGCAACTCGGAGTCACACATACCGTTGGGCTAGGCGGGTACACAGGGGAGACCACTACCTCTGAAAGACTGGGTTGTCTGGATGCACAGATGCTTTGCGATTTATCCCGTAGAGATGTAAGCGTGCCTACACGTCGGGTAGACAGTAAATCTAGAGGGGCTCTTCGGCGGTCCCGTGACTTCTACTAGGTTATCGTTGTACGCTGTCAGGTCTATTTATTGACCATGAATCTTTAATCTGGACCACTCCGGAAAGTTAATCGATGCTGGCAGATCACGCTAACAGCGTCGAGAGGCGTGTTCCCTCAGGACTCTCACCATTTCGTGTACGTGACAATCGGAAATATGTTTCGGACTCTGCCGATATATTTACAGGGTTTAGCCAGTTATTTCCCATAAGGGTTACACTGCAAGAAGAGTAAGTCTGCACATGACTGTCTCCAACCATTAGATGTAAGGAAACGCGGAGTTACTCGTTGTTTATCGACGCAAAATCACACGGCATTTGCCTTTCCCTTCTTCATCTCTGCTTCTAGCGAGTTGCACGGTTATTGGTAAGGAACCTCCCCCGGCGGCGCAACGCCAGTTAACAGGTATTTGTCAACAGCGAAGATCAATACCCCCAATAGTCCAAAGTAGAGCTTTCCTTTTCATGTTTACCATCGTGTTTAAGCACCAGAATATATGACGCCGAGTCCGTTCTAATATCAAGTGTGACGGCATCAGAGCCCATACTTGGCACTTTCGCAAGTAT,1041,48.13,Homo sapiens
SEQ_657468,AATGACACCCCCAAGCAAGTGATACGTATTAGTGTCGGTGGGCTCTTCCGTCGGTAATACATCGACGCTAGCACGTTCCACTCCGTGGCTATTCATATACACTAGTCGAGTCATTGTTGCGGTGTGGCACTGTCATCAAAAGCAGCCGGCTGGTCCTCGGCGGGTAACCTAAGAGCAATTTGAAATGTCCAACATATGCCCAGCCCGGGACGGATGAATGTTCTACGGGTCTGAAGTGTTCACCCTTAGACACAACATCATACACAAGCCACCGAACCAGGACTCACGCCGGGCAGATGTGAAACCCTAACCATAGTGGTGGATTGGACTACGGTAAACTACTCCTAAATATTGTAGTTGGTGGCGCATTGGGGCGAAGAGCAGGTGCTATGATCGGGTCTTACCGCGCAACGGAAGCACGTGGCCGACTTAGAGGCCAACGGTAAAGCATTCGGGCCCCTCATGGATGATGCACGGTCGCGGCTAAGTCCCCGACTGCGCTGAATGAACTTGTATTTCGGTCGAACGCCTGCAGCCCGCGCTTTTGGGTGACTGGCGAGAGCGCGTACGCTAGTCTGCGGGAAGCCAGTATCATCTAGTCCCGCACAAGTAATAGTTTAAGAGAAGCAATCTTGACACGCTATACCCACGCAAATTTCAAATCGACAGAAAATCGCGCGGGCGCGCCCTTATACTGGATAGAGCCTCCAGTATAGGGTTATTGTGTCGGGACAGGAGATAACTAGCCGGATTACACAGCTCAACAGGAATTTCGTCACACCGCAGAATGGCACATAGCAGCACTCCTAAGCTTGTGGCCTCAAGCCGGAGGGCATAATGTCTGTAACGGATTTTTATTGTGAACGAACTCGGATCCGAAAGGACATAAATTCAGTAATGTACGCAAATGGGGCCTGCGTTTACGCTCGCCACAAAAACGGAGCGTACGCACCATCCAGCCACCCGAAGAAGGACGTGTGGTCCCTTTTTTTGCCAAGCCAGTCTCTGGTGCGCACACTGCCTCTTTGGGAAATAAGTAAGTGTGGAGCGCCTCAAAGTCTGAGGTAAGAGGACGATGCTCGGATCGCAATATGTAAAGAGTCTATAATTTCTAGAGGACTGCGAAAGAAACCTGAGTGACCTATCACAGTCCAGAGAGTCACTGGCATAGAAAAGCACGTATCAAAGATACACACGTCGGACGTG,1206,51.24,Drosophila melanogaster
SEQ_481420,GACAACATAGGGCATTGGAGTGCTTTCTGTGCCAGCCGGTCTTCTAACATGGTAGTTCATGCAGGGTACCACGAAAGACTCAGGCGAGGAATTGAACATGTGGGAGACCGAAGTACTATCTGGGGTGCGGCACCCTTGCACCTACACATATTTGGAATTCATCACACAGCTATGCCTCATATCCGACATACTAACGGAAACTCCGACTAATTGTCGAGATCCGGTAGTGGAATAGACGTATTCGCTAAATGAACTCGCTCCTGAGGTACACCTCCGGTCACTTACACCGTCCAGCTCGTCTCTCCACCTTTACTACCCCTTCAACTATTAACTAATGCGCAGGCGTAGTAGTTAGCGTGCCTGCCCAATGACGATTCGACCGTGTCCGCTCCGCTACGAACAAAATGTCCCAGCCCAACCTAGTCTCTCACATAGCATAAGATCAACACTCACGCTGGAGATCAAGCCTAAAGCCATTGTCTAACAAACATACGCGCGACAGTGTTAGGCCCTAAGATCTGGACTTCCGTTTACGCGACACATGCCTAGTGTAATAGATTTTGCTCCATTTGCGCCACAGGCTTCTCTACTGAGCGTGTATTTAGGGAGTCTTAGTCGTCGACGCTTAGTCGGCTTCTTATCCACCCCGAATCATGGCGGGAGTTTCACGAGTTAGGCTCACATAACCGGTCCCACACTCAGTCAACTCATTCTCTTAATAAGGGCCAGCACAGAAGCCGGGCCTGACTTCACGGGGTAGACAGCTGGTGCACTGTCATCTCCTAACATCGGACGCCGGTAACTTCATCTACCATATATGTTACAACTGAGGGATGCTGAACGTGCGATCTTTAACTGCAGCTAGCCACAGCCGGGTTAGCATGGCAGCCGGGTAGTGACTGAACGGAGTCGGGAAAGGTACCAGCTGGTACGCCCACGATTCATTAGTCTACTTATTGAAGCTGGCTGAAATCACGGCCTATCCATTAGACACCTCTTCTCATAAAACGCTCTAGCGAAGTGCAGGCCAATAAATTAGCAGCTGCCACCTAGCAATGGATGAATATGATGCAAGAAATGGCAAAAACACATACCGTAACAATGGCGCGCGATAACGGTTCTTCCAGGCATAATAAGACAGTTATCAATAATACCTGCTGTAATGGAATGTGGTGTGTTTGCTTCATTCTTCCCCACCGCCACTCTGGCCGCATCGTCGTCTACAACGCGCCCCGGGCCGATATCTGTACGTCTTCTTAATGACGTAAGGATAAGATGGTGAGACAGTGGGCTTAAGGGAAAGCCAACTGTATTGAAGATAGCCAGAGTAGAAAGACCTCCGGACCAACCCACCATTATTCTATTGCAAGAGTCATATATAACTGAGGATGTAAGGGAGCACAGGTTCGATAGCTATGCACTTTCATTGCCGGGACGTAATACTATTCGTTATAGGCTTTTGCACTTATAAAACCGTGGAGGGCCCTCCCGCTCGGATTCGTTATTGCAGCACAGGCCGAAAATATTAAAACAACCGTTCTTGCCAACACCACATAGACGCATATGCGTGAGCATGATGACTGCATCGCGACCAGCACTATGAGTTTTCCCTAGGGACCCAAC,1623,48.98,Homo sapiens
SEQ_504591,ACGGCTACGTTTCGTAATGAGCTCGCAAGCACCGCCTTGATCGAGTATTGGCTCGGCGCACCGCACATATCCGTCAGAAACGCAGTAAAGACTGGGTCCCTTTAAATCTTTGCTCGGACGGTCTCGTATGAAGTCTAGCACAAGGCCGGTCTGAGGCTTTCTAGTCCCGACGTGTCGTTTGTGCGATATCCCAATGACGCTCAATAAGGGCGTCGGACGCGTTGCTCCCATGGAGGCAGGGGCACAGGGTATCGTGCACGGAGAATTGCCGCAAACGGACAGTGGGAACAGAAGGATATCAGCGTGTAAAAAACATACAGGCGCATCATACTGAGCGTTTCAAATGAGTATCCTCCGGGAGTCAGGAGGGGTACATTCCCGGCGCGATAATACCTGTCTTCGCCCTTAACACCCTAACCCGACTCCCAAGGCGTGGCATCAATACTCATCAATTCTAAAGAGTGGCCAGCCGAAGGATACGCGCTTTCCGCCATACATATTAATCAGGGTGCAAGTTATTACCTAAGAGGCTTGGTGCCAAAATCCTCTTTGTATCCCCCAACCTGTGCACGTTTATCCGAGGGCGAATGGTCCGGGCGGTGAAATCCATAGATTTTGATTCAACAGTAGATTAACTTAGGCTCAAAAGCCCCAGCATTCATCCTCGAGCAAGATGCGCGACCATCTGGTCGAGGGGTCTACACAGTTGACTAAGAACATAATCATGGGTCGTCGGGATAAGTCGGGCTTTTCTGAGTTGCGTCGTGAACGTGCCTCATCGGCAGCACAGATTCTATTTTAGGGATTTATCGAGGGGGAAGCTCCACGTGAGGCGACGGTAGGTCCCGCAATAAGACTGCTTCGCCATCAGTCCAACCCCCCTAAGAACCGGTCGCAGGCAGCACTCCATAAGAAGGTGATGTACGAAGGCTACGAGCTGCTATCCGCGTGTATCGGTTGCGGAAGTAGTGACCCGAGCGCGCGGGCACAATTTGTAAAGAACCGTCATTCTCCGAGTCGCACGGAGTCTCCGTGGCGAACGAGAGTCTCCGGATAAACAGCACATTATCAATTCTGGTCAC,1082,52.5,Caenorhabditis elegans
SEQ_191620,TTGGAATCCGTACGGGAAAGATCTCTGCCCTGCCAGTGCAGTATCTCAGAGAACTGTTGACTCGACCCGTGACTCGTCTTAGTTGGGACCTGAGCTCGCACTTGTACTTAGTACGGATGAGAGGCCGGGAATGCCATTCACAGTTCCGTGAGGGGTTAGAGAGAGGCCGGGGGTTTCGCTGCTGTACCAGCCAGTCGGGGCTGACTTAGTCTTACTTAGTGCGGCCTTGAAACGTTTCAGCTCGTAAGATATTAGACTTCTAGCCAAGACCGCTTCGCCGTATCGAGATTGCGCAATTCCACATGAATTTAGTAAACTAACCGCCCCTTCACCTACACAAGGTTAGTTAGTGTTTATTTTGACGGAGGTATGTCACGTCTAGCCCGTTTGTAGTCGCAAAAGAATGGAATACGTCAAAGGCCTAGGTTTGGAGAGGTATAAGGTCAGATGAAAAACGACTGCGCGACAATGGTGGACAATCACTACATCGTTTAATATTCTAAAAAGTACTCTGGCGTCACGGGGTCAGGTATCTTAGATCCTATGCCATTCGGACCGTGCTTATGTCCGAGCCACCCCTATGCCAATTAAGGGGTCCGCCCTCCTCGCTCTCAGAGTAGTACTGGCGTTCACTTCTCGGAATCACCAGAGTCATATCTTCAGGGAGTGTGACAGGATTGTCCCGGATCGTACAGCCTTAACAGCTATGATGGCCTTATGATAACATCGCGTGTCATTTAGGCTTTGTGATATGACCCTAGTCGGTACCCTGGATAACGCAATACCGATAGTGTCCAGTGAGGTATGCAGCGCTTACCTGTCCACAGTGCGTAATACGAGGCCGGAGGGAAAATCTATTGTATGTTCAAAAGACTAAAAGGTCGATATGCGACCTTACTTAACACCTATCCCTTCAGATCTTATAGAAGAGCCCCTGTATGGCGCGGTCCACCGCTCTATCTTGAAAAAAGCGGGCTGGCACGACCTCCATGCCCCTCGACCGGGCGGCAATTCCGAGATTGTAACATTCGGTCCGTTATTGCCAGAAGGATACGGGTTAAGTTCGGAGCAGCCTACATTTATCTGGCCTTACGCACGTCTCCGACGGACACTTTCCGCCTGCGTTGTGGATTTGCTTAGGAGATGTATCTATCCTAAAGAAGCCATTAAACCCCACGTGTCCCAGAATAATAAGAACCTCGGCCTCCCATTAGTGCG,1218,49.67,Saccharomyces cerevisiae
SEQ_118948,AGCGAACTTCGTCCTTTGCGCTCTCAGACCTGGGACTATATATCAGGTTATCCCCGTCCAAACCCTGCCGGAGCATAGTGGATCGTAATCGGAGGGTCATGCCTGGCACTTTTTGATCACGAAACAGGCGGCCTAGTCGATTTGGTGACGTCTGTGATATGAGCAGTGCGACGCGATGGAGGATACTAACACCGAGCGAGCCTACATGGATAATCCTCGAGGGAAGTTTGCACTAGCACTACCCCGTAGGTCACAGAAGGTGGGCGTAGTCCGTCGCCAACCTGTCAGGTCGCGTTTAATTTTTTCAAAGGGGATGACCAGAGGATCTCGATTCAGACCCCTAGACCCGCGTTGATGTTGTACATCCCGGCGGGGAATGGATTTAGGCTCCACAGAGATGACATTAGCTTCCCATACCAGTAAGGATGTATCAACTCGGTGTCGACTATGATACGCTGTACCTTTGACGAAAAGGGCTGGGCCATTATGATGGTACCCCGGCCAAACGATAGGACAAGGATCCACGACCGCATTAAACTTATCTTGCAAAAGCCGGTCTTCTCAATCGACGTTAGTGGCCAGATAAGGGAGGCCCTTATTTTTAATGCTATGGGT,615,51.06,Escherichia coli
SEQ_598263,AGTTCGACGTCCGTATGGCCGAAACGTGGTTGCGCTAGTATCCGACAAGGGGGCAGAGTAAATCTCCCGGAGGCGTTATAGAGCAAATCAGATCCGAACGTGCAGCGGAGTATTTTGCGGCTATAAGATATACTACCTGGCACAGGAAGGTATCGGGGATAACGTAACTCAGCAAATATGGCGACGCTCACTTGGTGGGCCGACCTTAGCGACGTAGCGGAGACGCTGATGAGTACTGACCGCTGATGAGCGTAGGGAACCGAGTCGGCGAGACCATGATCGAGATCGACACTGCATTTCAAACCGGAATAGGGACTATGCGCAAACCACCCCTGGAGTATGAATCGTCAGTGGCGGGGCCTAAAACAAGTCCGGGAATTCGGCTACAACGGGCACCTGAGAACTTCGAAGGGTAGACTAGACACATCACTCCGTGAGTCATAGAAGAAAATCGTTGAAACTGTGTACCCCTAGTGCTCGATTGCTCTAGCCCCTGAGTCTTGGTTGAATGAAACCAATTACGTTAGGAATAGTGTAGGCTACCGTTACGTTGAACTTGCTTCAATAGTTCTAGAGCGCATTCTGTTCTGAATTGCGCTTGCTGACGTCGAAGGATGTCTGTATTGGACCCTTGCAATCGACTAATCTCTTTCCCAACGTACGGGGTCAGTGAGCTCTATGCCCACCTACCCTCAGTAAATGGCAAGGGGAGACTAAAAAAATCATCATTTTTAGTCTGGTACCTTGGACGTCGCGCCGTTCCATGGATCAGCCCGTGGAGTGTCTGTGCGAACGAGGTGTTCGTCTACGTATTCGTTGGGTCGATAAACGGGCTCAGCGAATTCACAATTAAATACGGTAGCCGCAACTTAAGGATGAATACTTGCGAAGGTTGCGGTCTCCGATAACCTATTCCGCAGGAGAGCGGGAGCGGCTGATGGTAGTATAGTATTGAATAATACCTAATACGCTGGCTTATCTAAAACCATCTATAAGCGGTAGGACCTGCGGTCAGTCCCTACCCAAGGTACCTCAATCAAAAGGAATATACAGTGGCCACATATGATTATTACGATCTAAACATCTAAGTAAGCTGGGTTGGCCCGTTTCTTCAATCACGCACGTATTATTAAAAAGGGTTAGGAGGGACGACGTAAGAAGCGCCAATGTGAGAGGGTGGCTACTAATGTTGTACCCCACAAGGCGGTGGTGGCTAGCGTTGATAAACGCTCTGTTCGACGCCGGATGGGGTATTAAGGTGTGGGTCCTCAGCTCTATTGGAGTGCTCCGCACAGCACTCTTCGCACGTGTTAACCAATTCCTCGAGCTATGTACACAATTGGTGTCCCAAGGTGGCCTGCAGCTTTCGCAGGCTCCCAATACTATCAAGGCCAGGCATTACCTGGACACAAAAGGCAAGAAGACTTCGAACGAGCCCAGGCCTATGCTGTTGTCTGACAATTTCACGGATATTGGTGTGGTGCCGGACGACCGTGAACCAAACCGGCAATAGCAGGTACCATCTCCCGGGCGGTGCGCTCATTGTCTACCATTATGTCGGATGCTTAGGGGTAGGCGATTGCCCTGTTTTGCCTGGGAGGAGCTAT,1607,50.34,Homo sapiens
SEQ_856512,TACACGAGAGAGTAGCCGCGAGGCCCTCAACGGGTTTGTGTCAAACACACAAGGCGCTCCTGGTTCGAGGATAACGAGAATAGACTCGGACAACTCGTGTCTCTTTTTTTAACCTCGGTGACTGCTCTCTCGTGGTCCCCGTATTCTATTATCAACGATCGTTCGCAATATATTGTGCGGTGGACACCGCGCAAAATATTCCTTATGTGTCGAAACGGCCACTAGTCTTTCAAATCCGCGAGATCAGCTTTCTTGGGCCACTTAAGGCGTACTGCCTCCTGGATTTTTCAACATACTACGGAAGCGTGTAAATGGCTCTATGGCGAGAAGAGATAGCTATCGGCAGCAGAATCCGCTTACAGAATTGATCAAGCCAAGATCCGGGGGACCGACCGGGTTCACCAGAAGCGATGAGCGGGTGTACAGTCGATGACAGCGCCCTGATCGCTGACTTTGTGACTCACCTCACAGCTACATTACTTTAGAATCAGGCGTTATCGTACCTAGTTTCATAATAACTAACCACAGCGACAATGGTTGTTTACGGGCCAGCTGGCAAGCACCCGGGGTGACCGCTATGGGAATGAGGTGATCGGTCGATTCGAAGCGACATTCATTGAGGACAATCCTGAAGATCGCAGGGAGCCGAGTAACGGGAATCTATCCTCTATATGCGGCGGAGGGCGCGTCACCGGCCTTCATCTTGTAGTAAGTGGAGCGTTGGAACATGGGCTCCACGACAGCTCAGGTATCGCGGGAGGCTGAGGCCCATTACCGTAGGCCCGACCGTGTGAAAAAGTTACGAAAACCTCAAGCTCACGTCAGATTCTACCTTGCCAATTCTTAGACGACTTTACGCGACAAGAGTCTGTAGCACTACTATACACATCGCGGAGACGGATGGCTGCTCCTGTTGCTTTCTCATCAGTTACCTCTACGATCCCCTCTACGGTACAAGCGTCGGACTTTTCTACCGCTATATTCTCCATTCTGGTGACCAGCATAGTTGAAGATGCAAACTCGATAGTGAGCCTAAAGCATCATATTGTCCCGCGTACCCATGCGCGATTCGGGTTTGGCACCCTTTAGCTTGTATCACCACATACCAGAACCTTCGGTGTGAACGTCCTAGGAGCCACTACTCGGCGCTACTGTAGCTGCTACAGATCGCCTCAGCAGTGAGCAGCCTGCGCTTTCAATGCATTACGCTACGGGTTCACTCGAGAGTGTTCTTCAGTGATCGCGATTAAAATTGTGGCGCGGAGCACAAATCGTCCTAGACTTCATAGGGCTCTACTTTCCGGACGAAAGGTTGAGCGCATGGACCTCCTCTTTCGTACGGTGACAGCCGGCGTAAGTTATGAAAGCGGTCTGATTGCTACGCCAGCACTAGTAATGTTCCGCTTATTCCTGCTATGGTCGCGGTGAGAGGGTGATCCTCAGAACTAATACGTAATTACGATGTGGGTTACCCTTTAATTGTACTGCCGCGATCGTTCCTTATATAGCGGGTTCTTCTCAACAAAGATAAAACCTAATATGATGGCGCCGACGATGGGGAGATTTAGCTCCCCGACAAATAGGCCCTATTCCTCCGTGTTTCCTCGGCGGCACGATGGCCCTCCCAGTTCTGGGTAGGCTATACTGATATCAGTGCGTGCCTGGTCGACCTGGGGAACTCTCAATCAATCTATGTTCCCCGCCGAACGAGGGGTTGACCAGTCGTGTAAGTGTTGTGGGGAGGAACGTTCCGGTAGG,1758,51.31,Caenorhabditis elegans
SEQ_187330,TTCCGGTGGAATGAAAGCACACGACTCATGCTAGGCTCAAAGACGGGTCGAGGGCTCTACCTCATCCTACGAAAACGAGGTCGGATAGTTCATTTTTTGACTTGTTGAATCGGATGGGTGAATCAAGCAGCCGCATCCGCTGATTCCGGCTAGAAATGCAGCGCAAGACGGTCGTGTTATACGACATCTAGTCAATTACCCGTTATGTTCTTCTGATGTCACCCTAAGTCCCGTCCTCCATCAAAAGCGTTAGTCACACCGGCCAAAGATGTTACATTGAACCTATCACGAACCCCCACACGCTATATACCACACCTTGCGGTGAGACTCGCGATCAACGGCCCATGACTCCACACAAGTAATTTTATAAGTCACATGGGCAAGGGGGGCATCCCATAGACCTTAAGCACAGGGAGGTGTAGAAAAGATTTTACTCGAAGTGAGGATTCGTGGTTCCCTATGAGCTTACTTTTAGACCGCATCCTATAGGTGCTTCAAATCCTCTCAGAGGACGACTCCACGACAGACTTACTGGGGCCTCGTAGATTCAGTCGTCCGCTTGATTGAGGTTTGCGAGAATATTGGTCAACTGCACAATTTAAAACTGATCCGGGACGGCATATGTGCCGCTGGATGTCTTGAAGCAATAAAGCCCACCTCTACGAACAATTATCGGGGAATTGTGTCTAGGATTTGAGTAGTGAGTGTTATTGGTATTCTAAAGAGCCACGTGACATAGAATATATAACTAAATTACCGAGGACCGCCCAATGCGGAATAGGATATCTAAAGCGTAAATCCCGGTTCCAACCCAGTAAGACAGTGTGGGTCTTCTTAGAGGCGCGCTGTACAGGCTTCGAGAATTGCTTGGGTTCAATACGCCTCGTCAACGATGAGCATAGGCGGTTGATAAGTCCTTTACAATCGCCCGTCAAACCCCGTATTGGCTCACCCCGCTAGGTTGATCGGATGCATGCGAAATTTCGCGAGTGGGCGAGGCGATGAAACGTGTGACCAAACAGTCCGCTAGCGTAATTCTTGATTATCCCCAGCGACATTAAATCGGCAGAGTGAAAGCCGTGGATTAGGTAGTATAAAAACTAACCGGAAGACTACTGAGGTCCCAGAGACATCCTATTATGTGACATTCCCCTTGTACC,1160,48.02,Mus musculus
SEQ_290291,GCTGTTACCGATAATGCACGATCGTGCCCCTCCCTCTCCCGGCGTAGTTAGACCAGGACCGTGAGTCCAGGTTATATGGTGCCCCCATCTTTCAAGTCGTCGGCACTTTACGTAACCCAAGAGAATGGGCGTGGCAAATCAATGCAACGCCTTACTGTAAGATGCGGATTGCGCGCCCTTGCGCACCAGTAGGCTGCCCAAATGCTTGTTTATGTTAAACGAAAGCCAGCGGCGATTCAGCATGCTGTTTATAGGCAGTGGTGTTGGCGACATCCTTTCAACGACCTTGTAACATATTTAGTCGCCTATGAGACAAGAGGGTGATACAACCGACGTGGTTACGATCGATGGGGACTCCAGAAATGCGTAAAGTAGCATGACAACATACTGAATCATGGCCTCCTCCGCTAGCGCCCCAGTTCCACCGTTATAAACAATGATGGATAACGTTACATAACAGTATGGGCGGAGTGTGATGTATGTCACTAGAGATGGGCATATTTATACTAAATAGATCTTTGCCGCAGGGCGATCCGAAGAGAGATCAGGTGTTCCGCGTGAAGTGTGGAATTTGACACCCTCCTGGAGTCCATCACGATCCTTCACATGGAAAAACGGTATATGGCCCGGAAGCCGATTCTCGTAGTCAGTTCTGGGCTATGCCTACAGTGAGACTCTAGAGTAAATACTAGTTGTCATAGACGCTCTCTTCTTAGAACGCATTTGTCTAGAGCGCTGGGGCCGTTGCGGTGCGGGTTATCGGCCACATATGGGTTCCCTTGATATGTAACTTATACCTGGAGCATCGCACCCTATGCTTACAAAGTTTTGGACTCCTCGAATCTCTCGTGTTCTGAAATAGAAGAGTTTTAATGTCCCACTCGCCGCTTCCCACTGCCCGGGATGCCGGGCAGTAAGGAAGCCTGGCGGGGTGTAAAGTAACATACTTAGACGTCAGGGATTTCTTCGCATATAGGTCGCCCCCGATATCTAAACCTCGGACCTACGCTGACTTAGAAATAAGGTAATAAAGCTCACAACTCCCGGGCGAGTTCCAGGGTTCTTCCTGGTCGGCGGTTACGGAACGCCATTGCGCAACAGGGGTGGTATCTCAGCGTGCAAGTACCTATCCCTTGCATGGAGTTTTATATGCGTCAGCACCCGTACTAAAGTGGGCTTGTTCCGTAACTAGCAGTAGGGCAGCAGGATCCATGCCTCCGTTACGCGATGAAATCCGTACCGAGCGGTTTACATCCGGAAAAATTCTGTCCACTCTAGTATAACTCTCAGGCCTGCCGTCTCAAGCCTCTACCTAGCGAGTCACTAGGGAACTCGGTGGCATTATGCGTGTCATTCGCACCGTAACATGACGGCTAAGGCGATTGCAAGATTTAGGCTTGCAGATTAAGGACATGCATCCCACTGCTTGGAGTACAATCAGCTTAGACATCCATTGGTTTAAGATCGACGTACCCAACGGGACTTAGTTGTAATTGTAAAATGTGTAGTGAGCGCCGTGAACTCCCATCTGGGTCATTATTTGAAGGGAACTACTAGACGTAGTAGATCGGTGCAAAGCCGGCATTCGCTGGGAACCCGCAGCCGCGCTGTACAGGAAGACGACCTTTCTCGATAAGTATAATCAGGTGGTATATTATCGCG,1662,49.88,Drosophila melanogaster
SEQ_397653,TTAACCGAGTGCCACAATGTTTAGTAAAACGCCGGTGTCTAACTCTAAAGGTGATAACATCGGTCACAGAGACCCCAGCCACGTTCCCTACATTTCTTTCGCTTTTTCCCAGTGCGGGATAGTTTTGCCTCGTTGATCCAACTTTACAAGCCTCAGGTTACCGCGTAAGGAGGCAGCGGTTGGTAACTTTAGGCAGGGTCATTGATAGTCTTTACTCAAGAAAAATCCTGTGAAGACGACCATTCGAGCTACCGTGGTCGGATTTGAAAGCAAATCAATTATAGATTGTTATACACCCGTTGGGATACGGGGCGAGGAAACCCAAAGAAAGCTCAGGGACTCCAAGCAGCGGAGTAGCAGTTACCATTCATTGACTAATCCTATCCGGGATCTTCAGAGTCGTATCCGTTGGATCATCAATAGTTAGACGCTGACGGCTTATATGAACCGCTAGACGAGAAGACTTAGAGGAGCTCATTTCCGAACTTGATCCACTGCAATGGTAGCATTGGAGGATATAGGAACATTGGTTCGGTACTAGCGTAGCCCATAGCAGTCTCATAAGAGTCTCCCGCGAGGTAACCACTTATCTAGCCTCAACACGAATGCTAAAGGGGGTGTAGGACGGGTTACAGGGTGTTCCGAAGCGCGAGATTGCATATGCGCCCTGCTAGGAGATTCTTTCGTAATATGGGATAGGGCCAATGCGTCGGCGAGGCGAATCCTTAAGTGAGAGATATGGTTAGGTACAACTTGTGTGCTGGTGCCACCTGATGATGCCTGCTTTCCTTGGTGCACGGGATCGAAAACCGCGCCACTCTAATGTCCTCGTATTTTTCTCGTATGGCAGGGACAGGGCACAGCACACCTTCTGTCCTTTTTGAGATCGCAGGCTTTAGACGGGTGGCTTGTTTGTCCCATGATTGAATCCGCGTTCGCAATGAACTC,948,48.73,Caenorhabditis elegans
SEQ_884771,CATGCTCGAGGGCGTAGCTTAAATGGAAGAGGTAATTCGTACATTGGCATGGTTATGTATGGGTTGTACCCAATTGAGAGCTAACGTCAGCCGCCCTAGATGTGCCAGAACGTGCCGGTGAGGTTCGAAATATCGGTTTAGCACCTAGTGACATCTATCCGGGGATTAGAAAATTGTCAAGCATAGACCTGAAGCTCATTTGCGGAAGTGTTCTAGACGGTTCATATAGGCAAAGGACCACCGGCCAGCCGATCCTTGGTCGTATACAACTAATTAAACGTGTGTACCACTAAACTCCGCTGGCGTTTCGGGAGTACAATGAATATAAAAGAACCCTGCTGGGACTGAAGAATCGGACACTATCTGTTGTTTGCGTGCACTTCTATGGTGTAACCTGTATTCCCGGCTTGGGGTGACGCAGAGGAAACATAACTATGGTGAGCCGCGCGTGTTAGACGCGCGGTGAAGCAGGGCCATATAAGGGAAGAGAACCCAGGGACTCAGCAGAATGGCCCATCCCTTTGTGCACCGGTGGTCACTCAAACTCACGCTGAACACTTACTAGTGGAGGGCATGAGGCCCACGGGACCCCACGGGGGGACCCAGACGTCCCCCGAACGTAGGTGAAGACTATACTAGGTTCTGTATGTGAAGAAGAGATCGCGTTCCTCACCTCAAACCCAAGATCCACTTGCCGTCGACTCACTCGCCCAGGACTTCTAAAGTCCAACCTTAATTGATGGCCTGCGGAGACCACACCGAAGCTTATAGTAACGTTTCTGATCGAGATCGATACGCCTTTGAGCCTTAATTATACGTGTTAGGGATCATCGACTAAGCCTAACTACAACGGTATGGGGTCCTTCTCATTGAATATTGTTAAATGGATTGCCCCGCTAGGCCCAGTCGGATATCACTCTGGATGTCCCCTAGTTCGATTTACTCTCTCCTCGTCTTGTGCAGAGGTCACGACTGCCGTGGCCGACCGGGGCTGATGCCAATGCGTCGGCGGGTTCCAGGGTTGTAGGCGTGTACGCCTGTGCTCGCCATAAGACACAGGGTGTACAGCATTGCAGCCCGAACGCCAAGGTTATTCTTAACTGAGGCCGCACTATAACTCCACAACGCTGTTAAGGGAAACTGAATTATATAATGTGCTGGATTAACGTGATCTCCAACGCTATGGCCAATCCTGCTAATAAACCCTAGATGTACTAGTCTTCAGACAGTGTGGGACCGTTACTCTGAATCGCTGCAATGCACTTGGTTGACTTTGCCGACCTTCCGAAATCTGAAATTGACCCTATCTGAACTCCACCATTGTGTGGCATCGTCAGCCCGTAGACGGAAGGACGTTAAACGTTCTCGTGCCTATGGTCTCGAGTCAACAACGCCCGTTGGCCGCGAACGTTTATAACTTGATTTAGGTGAATGCGTTCTCACGAATACCCGAATATACAGAGAAGTCGTAGCCCGCTCATGGACCATGAGGCCTTAGGGTATATTACCACAAAATCCAACCTTATGCGCGGGCTCCGAAAGAG,1544,50.39,Drosophila melanogaster
SEQ_532046,GTTATGTTACTCGGCGGCTCGCGACTAGTGGCAGGGTAGAAAGCTCCGCGGGGGATTACATCTTCACCATCTTCGTGGCGTTCCGTTACTCCAACCGTTGACCAACGGCAATCCGTGTTGCGCTCCAGACAGGGACTCCCCTGGTATACTCGCCTTTTTGTAGTTATTCGCCGGTCCCAGCGAGGTCTGGGTGCCAACTCTAGGGGAGCCGCCCTAGGGCATGCGTTCTAATATCGAAGCATCAACATTAGTCGTAAAGTGCGCCCCTCACTACGCTCGACGAGCAACGCCGGTTGGGTAGCACGCCGTTGAATAAACTAGAAAATAAGCGGAAAGTTATTCTAATCGACCACCTACCGGGCCCATTATAAAGCCTCTAACATCACCGTTATGTAAGCTTTCCCCTCTGAACACAGTAGTGTGGGCCCACAAACGCGTTATACATGTTAACAAAAGGATGTATCCATTAAACATGCTAGGCGTAGGCCCAATCCAGAGCACAGGCCTGGGCTGTGCGACTGGGCTCAGCTAAGGATAGTGCTTAACCCACTCTAACTATGCCGGTTCTGTTTAATCGCTCCTCTACCCGCAGGCTATTACCGACGAACATCGTCCTGTTCCATGGGCAGGTCCCTAGTCAAGCAGGCTGATAATCGAACATAGGCGATCCTGTTTTCCTGCGGATCTGATCCACCGTGGCTAAATATCTCCCACAACGTAATGTCTTCTGGCGCCTATGTCTGCCTGCCAAGCAAGACGGTACTCAAATGCGATTGCTGCTTAATCAGATAACACACCTGCTCGAAGGAACCAAGTGTTGGGTCGAGCAATCTTTTGACGCCGCAAAGGTCCAGTATGTTACTGTTCAGGGCCCGCTTACAGCGGGTCCTTGCGACTACGGTTTGGGTTGGGTTCCCGGCATCGGAATAAACGTAAACGATATAAGAGAGGAGCCGTGTCTGCCCGAATCGCTACAAGTTCAATGCCAGCGGGAGGAATGGTGGGACACTCGACGGGAAGGTCGACTGGCCGGATTTTGGGCGTGGGCTGGTTTTCCGACTGTCAGTCCGTTGCAGTGGGTTCATGCGCGTACACGGTACCCATTACAACATAACAGGCATGCTGTGTCGTAGAGCTTA,1139,52.59,Homo sapiens
SEQ_792736,AGGCTTTCGTTCGCCTATTGCCTACCGGGAGTAGAAGAGTAACAACAAGTCTCACCGTCACGAGGTCGCACACCTAGCCCGAGTGTAATTATGTTTCGCAATATGAGGTTACAAGTTAGCCTATGGCGTACTCGTTCGGGCCTTATTACGAAGTTTTGGGGATCCGAGTAATAGGCCGCATTTTCGCGACATCAGCATGCTGCGCTTTTACTTCTACTTCAGATACGATTCAACACTGACACACTCCGATGTCATGTGCCGTGTATTCCAAGCCCCTTATTAGGGGGGCGGGAGCATGCGTTGGTATCCACACATAGATCAATACGGGTGAAAAGAGCGTCAGCAGCTCGCACCGAACACTGCCCCTCTGACCCGTATATAAAGTTCCAATTTCCTCTCCAACAACCAAGAATGTAATTAGACTAGTAGCAATGGTATCTAATTGGAAGCTATCCGCTTGTGATGGGATGATTTGA,476,47.69,Saccharomyces cerevisiae
SEQ_716210,GTTGTGAGATCTGTCGTGCGGGGAATCGGTCGATCTCGACGAGTAAATAATAGTTTGCCCCCTCCGTCGAGTGACTCTACCATACGCGTTGCTAAATGGACCGCGATTTTTAGCGCCGTCAATATTACCCAATGGTCCACGTAAGTTGGGTATGGCTCTGTGCGTTAAGCAATAAACTTCCCACGACTCGAAAAACTAGTCGGCCACTCCAGTTTAACCTAGCGTGCCAGTTATCTATACGACGGGTGCAAGAGGCCAATCAATTTAGTATCACTCATGGTGCTTGAGAAGTGGAGACCTAATTCACCATATGCCTCAAAGATAGGATGGCCT,333,48.05,Arabidopsis thaliana
SEQ_678419,AGCGCCTCAATGGAAAGTTGAGTAGGATCCTCATACGGAGGGATATTCTTCGGTTCACCTATATCTATAGGAAAGGATGTGCCCCGTTCCCGCACAGGGCCGACGGCACCTGCTCCAAATATTCGCTGCGGCATAGATATTTCACCATGCGTACACTAGCCTAATTCCGAGTAATAATAAGAATTTTCAGGTTAACGACGCGCCCGGGAGCCACAGCAAAGGAGCGTATGTTATCCTATGAGCCTCATCTGTCACGTACTCATGCATGGACGACGTCGAATGATCGACTGTAGATCGATGGGCTGGTGAGGGATGTTAAGCCTAACGCTAATGTTAGCACATAAAGGAGCCGGCGTCTAACATTTTTTCGCGGTCCTGGTGTACTTATCGTTTGTGGCTCTGCGAGAAGCTGGATCTCTACGCCCTCGAATAGCTGCTGGGTAGTCCGGGAGAGTGTCCAATCACGATTGGCTAGCCCCTTACATATTAACTGTGGAGGGCAGCTCGGCTGTACCTCTGACGTCATGCGAGGGACGGCTACTATAGCTCGAAACATGAACCCAGGTCTTGTATCGGTCTGGCGGTTTTAGTACGGACGTTACTTTAGCGTGGTGCTGGCTGACTCTTTCGAGGTATTCGATCAGATAAAGGTCGGGGTTGCACTGTGTGTATAATGAAGCCATATCACGCTTACACCAACTCGGAAGGACGAAACTTTATCCTAATAATGAGTCCCCAGCAACGGAGATCTGAAAATGTCGGCCCCCAACCGTGTTCCGTTTCTTAAGCAATTCGTAGATGCGGTAGGGCATGGAACGGCACGTAGCATCGAAACTCTAAGATAAATAGGCAACTCTACCTGCACAAAGATGAGCATTCTATTGGCCGGTATGCCATGCATTCCGCGGGAATACTCTAGCAAGTAACGCTACCACCCAATGACAGCGTGACGCCACGCTAGTCACTGCGCCAGTCGCCAGGCAGCTCACGGAGGAGTCGGAAGCCGCCGACCGCATGTAAAGTTAACCCCAAGGCGTATATGGGCTGCTCACCTTCGTCACTGGCTTGTACAGTCTATGTTCCTCCCGACATCCACGAGAACTCAGTTTTGACGAATCACCGATCATAAGTCACTCCCTTTATTTTATGCAACGTCGGTTCCGTTAGTTGTGACATTTGCGGCTTTCTGCCATACTGTCAGTGTGTTAGTGGTTTATCCAGTTATGTAAAAAAACGCGCGCGGAAGGATCTAGACCCAGAGGGTGAGATTCCGCCAGTTGTTTTTGCTATGAGCGTTTCAGATTGGGCCGTAAGTAACAGTTCCCGTAACGTAACGCCCAGGTTGTGGTTAACGCCGTCAATAGGCTGTTTGGAGTGACATCGCGTTGGCCAAGTATAGCAAGATATAGTACCGGCACGTCAAAATTTGCTAGATTGTGCTAGTCTTGACGGTTTAGAGCATTTACTGCCTGACAGTCTAAGCTACGATGTCGGTATCTCATCATTTTACGTATTGTCATTCCAACCAATCTCCCCTAGTAGACCACGATAGACCTGCTGCAGCTGGGCAGGCACGTTCGGCGTTACCGTTCCGGAGGTATCGTTCCTCCGGCTCTCGCTCCGGCATCAGACATTGTGGGTGCTGTGTATAAAACAGTTGGGTAATCGCCTGACCAACACAACGGCAGCATGATTTGTATCAAAGCTCAGCCTCTGAGTACATAACGGCGCCCCCGCAGTTTGCCGACCAGATCCACACACTGTGGCAATAACTCGTAGGATCTTCTTCAACGGTTCCCGATTCCAGCATTCTCTTTGAGTCAGTTGCGGCGACCAGTGATCTCCAGATTTTAAAGCGGATATGGTGAGGGCTAGTATTGCGGGAATCCGGATGAAGAACCCTAGACTCGTGTGTTAGAGCGTCGTGTTTACACATAATCGTTTGTCTATGCCAAGGACAGACCGTGATTTGGCTTCGGATGG,1983,50.03,Escherichia coli
SEQ_324680,AGTAGGTTCCCTCCATTCCTCTGGGCCAACCCAGTGTAGATACAACAGGGCTGGACTCTAACGCCGGTCGATACAAATCATGCACAATTGTAACGACTACGTGCTTCTGTTGCACTGTATGTTTCTATTGATCGACCAGCATGACACCTACATCAAGAAATCTCAACGATACCTTAGAATCTAATACAAGTTATTACGATAGCCCCCCTTGCTCCGCCCCTTTTCATAGCTATTAGCTTCATTTCGCCTTTTCTTGTCAATCCGGTTGGGAGACTGCCGCAGCTCAATTTTGATAGTTTCGACATCCCAAGACATCTCTGCATCAGGACACTAGGCATGTTCACTTACGTTCGATTGAGCCTACATATCTATCTCCCAGTTGAGCGGCGTAAAGCTGAATCGTTACTACAAGATTCTAATTCTAAAGTTTTGAGAGCGAAAGAGGTGGGATTTTCACTGTCTACCAGGATGTTCCGCCAGAAGAACTCGTTGCGCAACACATCACCGACTAATATGGCTCATGGTCGGGAGAGAGACAGTAGAGCCGTCTCCCGCCATCTTACGGTTGGCCCGCACTGCTTTGGAATTAGAGAAAGTGTATAGCCTTCGCAGTGCGCTAGTGGTTTTCTGCGCAACACAATCTCCGATGACAAACGACTACGTGTGAGAGTGAGGACGCCCGTCATCGGCCCACAGGCGACAAGAAACCGCGCATCAGCTCGATCTGGGATGATGGAGGAGGAGGGACCAGTCGGGTCAACACATGTTCACAATCGGCCACTTCGTCAAAGTATGCGAACGTACTAACAAGCTTACGGCTAGGGGCGTTGTCTCACGGACGAGCTAGGCCCTGAACCGCATTGGTTGCGTACCGATGCGTCTCCATGCGCATCGCCGAGAAGTCCGACTTGCCTGGAGCTAGTACGCCGCGAATGTAGTGGGACTCGTAACAGGGTCATAGACGGATCACGAGTTGATCCTCATAGGTGCGCCCAAGAAGAAACATTGTGTGAGACGGACCGTTCTCTCCTGGCCTTTCCTCCATCCGGCTCGTTCCGGATGGATCGGGACATTGTTTGACCATAAAGCCGATCTATCGGGGGCTTAAAGACCCCTCCCCTTTAACTGAATTCGTAGTAACACAACCTCGAACGATATCTAATCTATACAGGCGTGTCTATGCGTAGCTGAAGCACCTACATACTAGCTCACTCGGTCAACACGTAAAACTAGGGGGCGGGTCCCTAGTGCAACGACGGTTCCTTATTCTGGAATCAAGCCGATCTTACCTTGGCAAAACCACAGTCCCAACGCCAGGTGCCTTGGCTGATAAGTAAGCTTCGGCCTGAGACAACTTCTGGAGGTTTGTTCCAAGCAGAGAAGGCACGGATGTAAGAGCGCACCGTTTTTGGGTAATTCTGTCAAGGCTAATGAATGTGCCCTCAGCCGGACGTCCCGTGCAGTTACGCTAAACTGTCTCGTACACCCGGTATAATTTGGCAGTCTCACATTGATCCAATTATTTCGTTGGCAGAGCTTCGTGCAGCAGAGATCAGCTTGTTAATAGTTACCAAAGCGGACCGCCCGGC,1589,50.41,Escherichia coli
SEQ_699034,GGGGCAGAGCGGCGATCGTATGTTGGACAGAGGACTCGACTAATTAAAAGTATTACGTCAGCGTACGCTTCCGCTTTCAGGTGGTGTTTGTACAACCTCGAAGATTGGAAGAGCCTTGGGGTTTCTAATCGGTAACCAATGATCCTACCTTGATCTCTAAGTATTTGGTACGGGAGAACAGCTCATCGACAGTCCTGTCCTTTTTAGCAGTTAATCTATCGATATTTTGATGGGGAGAGCGGGTGCGTCCATCTAATATACAGTCCGTTGTCATTCCCACTGCATAATGATGGTACCAGGACCTGAGTATGTTTATGCCCTCACTGGGGAGGAGTGCTAGGGGTCTGTCTGCGCCGTTCCGATTCGCTGACGCCTACCTATGTATGCAATTTGCGTAAGTACACTCTATAGCGGTCGAATACGCAGGTCGACCTCTGGGGAGATCGCATCATAGTAGGATGGAACACTAATGCGCTAAGGCAGCAAAGCTCTATTATGAATATATGGTACCGACCCTCCTTCGGAAAGATAGATGAATAAAGTGATAGTAGCATGTCTCTTCATGTGCCCTAATGGCATTGACTTTAGATAGGGTTGATACGGGAGCCGGACTGCATACCCCGAAGCACTTCTGATCTAGTGATATGTGGGCTCTTTCAGCGATAGTCCTCGGACATGATCCAAGAGCTATGGGTACCAA,700,47.71,Caenorhabditis elegans
SEQ_995416,CCAGGAGTATTCGGGTCACAGATCTGCTTCCCTACCAACCTGCCGGGAGTTCCAAGCGCTTTTTTGTGTTATAGAAGCGTGTCTAGAAAACCTGCCCACTCCATACCGCGTACCATCCTGGCATAAACTACTGAATCACGTTAGTAAGTTAAGTCTCGCTAACGCGTTGATACCGATCCTATTTGGCAGGCGTTCCGAAGCTTCAAGTAGCTCATTCCATATGTTCACGAGGCCATAAGATCAGTACTGTGGGAACAAATGCTGCCACGATGCTACTAGTTTCGCCCTTTGTTTGAGCTTCTCGATGACCAACTCTCCGCAAGTGCTGCGACGGCGTGGAGTAATCTTGCTAGGCAGTAGCTCATAGCTATCCCCCCTGCTGGTAGCTAAGAGTCCACTTTATTAGGCCTCTTCTCTGATCGGGGCACAGTGATAGAGCATGCCCATACAGCCGAAGGGACAGCTCCTCAATGCCGCTCAGCCGTTCATGTACCACCACGACTCCCCCATTAAGGTGTGCAAGCCCGTGAAACGCGATAATATATCAGATACGTTTATGCAATAATAACGGTTTAGATATTTAACTCAAGCGCTCAACTTGCAGGGGTGATATCCTTAGCGGGTGACGGTCTGAGTAAGAGCAATCTTAATCGTGATGGCACCTTTAGAATTGCCTGCCAGTTGGAGTCTACTTACCTCCATTTCAGGTTCGGCCGTCTGCGGGGTCGTAAATCCTTCAGTTAGAAGGTCGCAGCATCGCCGTTCTAGAGTTATCATTGGACCATTGGAGCTCAAGCGGCCTCGGTGTGCCGTGGCCTTACTCGCACTGGTTACCCGAATTAGCGTATGGCAGTGCTCGCAATCGAA,867,50.17,Saccharomyces cerevisiae
SEQ_158203,ACGTAGTAAGCAATCGCCATAGGGATACTTGTGACGTCACATATTCTGAGGCTCGGCTGTAACCAAACGGATACATGGAGTGACTGTAGCTTCCTCGCAATGGCAAGTATCTTTTCGCCTCCAGTTGTACGACTTTAATTGGTACGCAAGTCACATATGTCTGACACCGACAGGGAAAAAAGACGGGTGAACGGCTCAGGTCCCAGCGCTATATCGTTGGTCGAGTCCAGGCCAGGTGGGCACTCATATTACTCGGTTACGCATCGGACCACCTTAATGTGAAATGACTGATTGAGATCACACATCCATAGAGGATCGTTAAGGATTCGCGAAAAAACGCGAAGCCGCCGATTTGAGCAAGAAGCTCGATCCGTTTCCGCGGTCCGCGATCATGCCTGCTTCCGCACTTAGCTTATGGTTTAGGATGAACAGTGCCCTTGCATACACATTAAGATTTTCCGTCTCTCTCCGAGAAGTCAACCGCTGGATTAAAATCGTATACGGTTGTAGATCGTCCGACCCCGTCCCTGGATACGCTCCTGACTAGGGTGAATCGGGTCTGTCATGCGCTAGACGGCAGAGCCGCTCGGGGACACAGACGCAGGAATTCAGCGGTCCCGGCAGACATGTCAGCTACCGGGACACGACATGAACTCGTGGATCCACTGCTACACATCCTACCGTGGTAACGTAGGACCCGGCTGGCATCGAATGTGGTATAGTGTCTGAGTGAGATTACTTCGACCAAATAGAACTGCGGCCCCTGGTGAGATACTCACGAGGTTCCAGCTGGCTGGTGCATTCTTGGGTTGTCGATCAACAGCTCCCCACGACGTCATGAAAGGACCTAAAGCCATGTTGCCTTTTCGATTTATACGGTAAGCCGAATGATCCCGCGCCCTTAGACGTCGGTGTATTGTAGACCTAGGGGCCGTGTGGAAGAGATACCTGGGAATATACGTGCGCTTGACGGTGGGGTGTGTTGTTAGTCTTAATTCGGTTAACTTCTGATATCCCGTGCCCTGTCGGAGACTTTATAAAGGGTGCGTGTCGTGAGCCACCCGTTTTGGCGTCGGATCTTTCAGAGGGAGGGATACAACGATCGCCCCGGACCATCCATGACTGTAGGTCAAGACAAATGTAACCATTCCGAAATTGAAGGTGAACATTTGGCTCCAGCGCATTGTCATAACCGACGCCACCTTCAATAGTAATAACCAACCCATATTCGCCGATATTACCGCTTTAAATGTTGGTGGCCGCCCAGAGAGCTAACCGGATTGCCCTCGAATAGGCAGCATGAGCCTCCCATGTCAACCTCTTGTGTCCAACGAGATTCAGCCTAGACTTTGCAACCTATTCGAACGTGAGTACTATCGCGGTCTAGCGTTAGATGTGTGGTGCGGCTGGAAAGGATGTACGTAAAGAGTTCCTAGTAACAGGCGGGCCCACTCAGGGTCTCGGGAACGGTTTAAGAAGACCTAACAGTACCCAATGATGCTCGTACTACGGAGCAAGGCTATGCAACACGAGATGTATACTGTGTAGAGGATCCATTGGTAGGGTTTATTTCGTGATTAGAGAACATTCTCTGTAGCCATGTTGCGGCGGTCGGGAACTGTACGTCACGGGGAACTGCCCAGCTAGTGGAGCGAATTCTCACATGCTAGGAACATGACCCGTAGTTCAGGGCATATAACCTTGCGTTCCCCATCGGACTTAATTAATAGTTTTCTCTTTGTTGTAGAAACCATCTACGTACTAACATGACATTCCAGATCAGTTGAAACACACAGGCTCC,1801,50.42,Saccharomyces cerevisiae
SEQ_170232,GACTTTCGAAAAATGAGTAGGATACCGAGATTTTGGTTCAGGAGGTCCGGGGAGGGAGGGTATCCCTGGACTTCAGCTCATATAGTCCTTAGGGTGCGACCTGGTACCTCATCAGACGTATTTCGAGAGACCTCTCTAAGGTACAGACCTATCACCAAGTCAATCAGACACAGTCCGGGGAGGTAGGTTTTCTTGACTAAGCAGGTCAAGGATTTTAACACAATAGTAGCTTCGTCCAAAATGGGAGGATTTGTGTCAGTTTGCTACCAGCGTATCCAAGTATGTGACCGCCATAGGGCTGCAGCCCCTCCAGTTGACGAGCTGAGCCTCCCGCAATAACCCAATGGTCTCGTTTCAATGTCTCAGAGT,369,49.32,Escherichia coli
SEQ_515882,AGCTCTGGTACACGCTCTAAGCTTTAAGCATCAGACTCTAGTGTAGAGCGGCGGGAAGCGCTACTTTGCGGTAGGCTGTCAAGCAGCCGAGATTGAACTACGTGCCCGCACGCAGCAGACAGCTAGATCCTTGACAGGCCGGTCCTGGAGGAATGAAGCGGTGCAGTCAAAGCTACGAGATGAGGTGCAGTGACGACAACGATTCGACATTATTTAGCCTCCAATGATCTAGTCATACGGAAACCTGATCCACCATAATCTGGAAATTCGAAGCGATATTTAACCTATGCAGTACAGTGGCCAGGACCTATATCTTATTCCTAATCCGGGACGGGATTCATGCGTGCCGGGTTGGGTACGAAATAACGGGGCTTACCCATTATTACTGAGCGCATAACACCCGCCCACCGCCCTACAATGGTAGCACCCCCCTCTTACCGATATGCCAAGTTCACGCTATGTCAGTCTCAACAAATTACCAGGGAGCGGGAAAGGTGAAAAGCCAGGTTGTTAAAAGCATGAATGGTAGTACAAGCAATCATGCGGAAATGCACTGGTTCCGCTAAGAACTACTTTCCATTTTGGTTCACCAAGGCGCTTGCGTGCTGGCATGAATGTGGGTTCGGGCAAAAGAAATTTTAGGCAAGAACCCGATGTGAAACAACCGCATTCTGCTTGCATTTCGGCCGCCATGCCTGAGGCACCGCGAGCGGGTATAAGCGAATTATGCAGGACTCGCTCTAGTCGAGAGCTACAGCTCGCCTGTGGCGCAATCTGTTCACAATTCTTAACGCATCCGTGCGAGCAGTCAGGGCATATTGTGTTACTGAGCCGCCAGTCGTATTCGACGAGGAATGTAAATTTATATCCAAGTACAGCGTCATT,885,50.17,Homo sapiens
SEQ_380304,CCTGTTTCGTCATAGTTATAGTCCCGCAATAACCCCGCTCATGCTCACGACAGCGGTGTCTCAATGGTCTTGAGTCGCAAGTCATAAATGGAAAACGGTGATTACAAAACTGATGCGCCTGGGGACGGACATTAGTGAGGGGTTTGCGTGTCACGATCGTGCCGCTTGCCGAAGGCACAGTCGTCTTTACCCTTTTATCCTGGGAACACAACCTTCGATGAAAAAGTCGGACAGTGGCTCCCGGGTCAGCCCAACCCACCGAGCCCCACAGTGAACGTTTCAGTTAATGAAAGGAACAAGAAGAGACGAATAATTCGGGCTCCGAGGGCACACTTGGTAACACTGGAGTGTTGAGCGTCACGTTTGACTGCTAGGATTCACAATGGCCCTATATTGTGCACTGGACAAGAGTCACTACCGCATAG,425,51.06,Arabidopsis thaliana
SEQ_732262,GCTGTACCGATTACGTCCGGAATCTAGTAATCGCCGACAGCAAGGGGCAGGGTGGTTTCTATCCCAATTGGACAGAAGCGGCGGAGTTCCAACTCCGGTTCGCACCCGACTCGCCTCTTGGGGCTACAAAGGTCAATGCCGCTATGGGAACAACTGCAGCTAGGCCATTCAAGGGGTTCCGTTAGGAGCCCTACCTGCGCAGAAGCATGTGATATTGTGAATTGCCGTTTTTTCTACAGTAACTGCTTGGCGTTGTCGTGTGTCGTCCCCACTAGAAAGCCTAAGGGGAGGCGCGTTCTACGTCGGCTGCCAATGAGCGAAAGGAATTTTGAGAGCGAGACTGTGGGTAACGGTGCACCGGCTAAACTAAACTGTTGTCATAACGGTGCGTGACCTGGAAACCAGTATTCCCAGTTCTTAGAGACGTCGACCTATACATACTTTGGGCAGCGTGCGGGTTTGCAGTTCCGTGAGCGTGACTCGAGCCTGGGCCCAGACGATTCGCCACACTCCCTCTCGCGACACAAGGTTCAAGTATATTCGCCCACTCACTTGTCCTATCTTACGTAATCTGTTCACTAACTATTGAGACCCGGCCATACAGGCTTTCGGCCATGTCAGTGGTGCATGTGCGAGACCTATGCAGTACCAACGTCCCACTATTTTCCGACCTTAACGGAGACGCGATTGTATCGTATAAACGCGGCCAGCGCTTGTTGTTCACCGTTCGGCTAGACGTGGGGTGCTTGCCCCCGATGCATAAGTCCCTCTACTTTATTTGTACCCTCAGCGGAGGCAAGATAATGTGATACTAAATATCATTGCTACGCGTAAAGCGAACCCGTCCCAACTACTATAACTTTTCTCCTCACCCGTGCCTTAGGATCATCTCTTGACGATTTACTCGTCGCCCCCAGTGGAAGTGTATGCAACATGTCCTCGCATTCGCAATTCGGTGCCTTTCCGGTTGTAATTTCCCTAATGTCGGTCCGAGTTGTAGGTATTTTCTTTCAATACCAAAATTGGGAAAACTAACCTCTTTGCCTTGTTGCCAGCCCGATCAAGTTCTCTAACTCGTTGACCTTTGCAGGTGATGCACCTAGCTTCGTAAACGTATTTGGCCTAGTCGATAGACGATGGGCTAGCCCTGAGCGCAGAAGGGGTTCCGCAGAATGAACAACTAAATGGGCCTCAATTTATGGTTAATTTCCCAGAATCTTTCCCTCCGTATCTGCATAGGGCACTGCTACACTTCGTCGGTACCGAAACATGTAAACAATGACGGTTT,1288,50.54,Drosophila melanogaster
SEQ_230644,TAAATAGGGCCCATTGTGCACTTCACTCGCTCCGGCTCCGACTCCCGCTGATGCACTATGTACCTCCGCAGACAACAGTGCCGCACGTTAGCTTGGGGCAAAAGTGGACCGGTAATTCATCGAAAAACCTTATCAGAGGAAAGAGCTTGGTGATGTCCCTTAGCGTATCGGCAGTTCTCGTGGATGTACTGCTCCGAAATAGTAGACTGTTTCCCTCATTTCGAGCCTTGGCAGCGTGCTTGCTTCGTTACTGCTTTATTAAACTCACTACCGATAACCCACCCGTAAGGAATGAAAGGATCCCAGCCAAAACCTCGATCTTCTTGGAAGTTGCCTCCGAGCGCGTTAGGGATTGGCCCCATTTGACTCATGTCATGTGGATCCTAAGCTGACCTCTTTATCGTTCTGTATTTTAACCGCGCGTACCTGAGGTGTGTTGTACCCTGTCCTGTATCGGTGTCCTGCTGTTGTCCCCCAATATGAGCTCATCTGGTCACACGAGCTATTAGATTGTGTTATCGCTCGGTGACGTCAGTTTGAACGAGCGCTTGGGAAGTAGAGATGTTGGGCCCGCCAGACGCGGGCTTGCACGCAATTGCACAGAGAATACGTTCCGTACGAGTACATACCACAACATCGGTGCGGGAGGATGTGTGCAACAGCTAGTCTCTTGTAGTTGGGTCGTCCGCCACCAACGTGGTATATTCTAGTTAAATGCCCGACTAGCATCACAACAAGGATGCCCCTGGAGAGTTATTTCGGCGTGGCAGCATATGTTATTCGGTACTCACGAAAAACACCATTGTACCGATCCGTATAACCCGGGCGAATAAATAAGTTCGATGGCCAACGTGTTATCATGCTTCTACAAATTTTCAGACGCAACGACCGAGTTAAGTAGTGGCACTGCGTGTCTAGCGGGCTCAGTAAGTGGCTGGAGTCAGATCGCCCGGCTCGCCTGCCGTTTGCTGCCACTCCGGGAAGTGGAGTATATATGGGCAATCTGGTTCAGGAATGACGTACTCGGTCGGGGGCTTTACAACCAACGAGCGATAAGTAGCGCGCCTATTATAACTATCAAAAATTTTTCCCCCTCTGAGACGCAAGAACTGATACATGCCCTTGCATTACCGTCGCATTACGCGGGCGGGGGATGGCCGAACCTAAAGCTAGTTAGTTACGAAACTGCATGCTATAGGAACACGAATTGGTAAGGTCGGTCATACAGCCCACCTCTCAGCCAAGCTCTCTACGGTCTGACGCCACATTATAATCCCTATATTGGCGCGAGTCCGTTGCGCAAATTCTCAGCGCTAACATGTGCCTCGCAACGATCGATCTCGCCCGATGCGATCTTTTAAGGACGATGGTCTACACTGAAAGTAAGTTACTCGTCACTTACCAACCCGGTATGGAAATCAATCAACCCGGATAACCTCCCCGCTGTTCGATACCAGGACCTAGTATTGTTTACCTAGGCACCATTATCTGGCTGGATCCTGCAAGGAGTTGCGAACACGTGGAGATATGTGTCCAGGAGCGCGACATGTAACATACTCAATCAAGGCCAACGCAGTGTCCGGAGGGGCCGCTACGGGCCGGTCTCAGGCATACCAGGTAATGCGTAGTTCCTGCCCGCTCACATGACCCCAGGTCGGAATGTTGCATTTTATGGCGAATAGGACATACAACAATATATGTCTCCGAGAGACGCTGTAACGTATGAGCCGACGGTCAGGAGGAAAAACGGCCGCGCGCAACTTTTGCTCGTTAACTGAATTCGCTTCTCGTTCCCCCTACTCCCT,1805,51.02,Caenorhabditis elegans
SEQ_801775,AGTGTCATTGCAACGAGGCGTCGTAGGCTTTTCGGTTAAAGTTCTAAGTGGCTTTACGCACGGAACATGCGCACTGTGCTGTGTAAAACACCCGCTCGATTATGGATGGGTATCCCGACCCAAAGCTCTCTGGATCTGGTCAAGTTCAATTTGGGGGGCCTTGTCGCTCGCCGGGCTCCACCCCCGAAGAACTACCGTCCTGCCAATCCGTACTTATCCATTGTGACTCCCTAGCAGGAGAAGGGGAGCGGCACCTACCGGAGTGAAGGCGCGATACAATAGAACCCGGTGGCATGATCCCGATGTCATGTGGAGCCACGCAACGAACGTGGGTTAGATCACGACAGGGGGAGGGCTCCTTTGTCAGGCTACGTAGCCGGGTCCGCGCTATCAAGAAACAGATGAGACTCCCATCGTGTGCATTAGTTTAATCCTAACAAGAAATGTAAGCCGGCTGCCAAGCAAGCCGCCGACCACGATAGGCGGAGTTGCCGTTCAGCTTCGTCTAAATAGACTGGTCCTAGCAAGCAACCCTCGATATCAAGCTTTATCATCTATGAGCATTAACACATGAGGACCTGCAGAACTCAATAGATAAGCAAGTCAAAAAGTGACAAGGCTGATATGTATTAGGATGCCAAAAGACTCGAAAGGTTCATTGTAAGGAAGGCCTGGAGCAGGGCGAATCATGACGCGATACATGCGCCGGCTACACGTTCATACCTTGGGCCGCGAAACGGAACCCGGGGCGAGCTTATGTGGCGAGTTCTACTGGCGACTCAGTAGTGCATGGAATTTCTGATATGCTTTAGGAAGTTAGTACGGACACCCTGACCTGTTCACCCTCCTGATAGACAAGAACAGAGGTGCCACGGTGCGCGTAGTTCCAAAGCTCCATTAACGGTCCTGGGTGCAAAAATTCTGGAGCGTAAGTTAATTCTTGATCGATGACACCGCATTACGAAGGCACTATTTTCCACACTACGCGTAAGACGGTCTAGTCTTGTAGTAGACCACCTATGTCGGCCCTTTGCCCTCTATCTGATTGACCAGGTTGATCCCGAGATTCAACCCAAACAGGCCGTTCCGGGCGAGCCTACCTGTAGATGATGTTCGCACTAAACCCGTGACCGAAACCGTGTAGTTTTCACGATACCCGTCCACACCCCTCGCATTGGCTTGTCACTTACCATAAAATGAGAAAACCGGCGCCATAAAAACGTGCAATCATGCGCTTGGGTAATAGCCGAAAAGTAATGGTGATCAGCCAACATGTATTTATAATAGTTGGGGGGGGCGTTGATGGTGACTTATCCAAACAGGTCGGGCTGAACTCCGCCGGGATCGAGGGCATGAGGTGAGCCTCTCCATGAACGCATTCTGTTCAACAGATGGGCCCCTGAGAGAAGCCGAGTTGAGTGTAGCGCGAACGGGCGCAGTGATAGGCACATCTCATGAGCTAACTCCGTGATACAGGGGGTTGCACCCCGACAGTGCTTTTGAGCTTGACGTTAGGTGCTTCTTCCGAGGCGTGCGAGATTTTCCCGCTGTTACCCGCTC,1560,51.99,Saccharomyces cerevisiae
SEQ_319568,GAATTAATTGTCCGCAAGGCTAGTAAACGCCTTGTACCCTATCGAAGATTTGTAAGACGCCTTCTTACGCGGGCGGTTATTTGCTAGGGAAGTTAAAGGATTAATGGGGATCCAGTCGACATTCCCAACATCAAATACGGAGTCCTCACAAAGTGTGGGCCACGTGTCTGGCCTGTCAACGAGGGAAAATGTTCTCTAGTGGGTGTTGTGCATCGAGACTTATCCTAGTCTGATACGGAAATTAATCATCTATGGAACCCCGGGGATCTTTGGTCAACTCAATACGCTGGTTGCGGCCAATTACTCTGGTCTAAATCTGAAGGGACTGCATCCAATGGCTTTACAGCTTGTTAATCTAATCTTTACGCAGAACGACATCGCAAACAACAGGTGACGCACGCGTGCTGTCTTCCACTGCCGTCCAGTCCATGATGTCTCCCGGGTTTCTTTATGGTTATTACGTCCAGTATGGGTAGATCGATCCACTAACATGGCCCACCACGGCATGGGTGCCGTAGCCTATCAATCGTCAAATTATCGGACGCAGGTACCCGTGCCGTGTATGCTATCAAAGTGCTAAATTTCTCAAGCAAAATTAAGTGCCAAGATGTATTACAATCTGGCATAACCACCGTGCTGCTTAGGGGTCGTACACTAATCGTTGCGAGACACTAAAACGCCATGGGCCTCACGTCGCATTGTCGCGGGGGAGACCCGATCAACTACCTTTGGTAATGCTAGTCCGATTTAAATCAGCGGTTCACAGTAGAGAATTACGCTCAGATCTCCTATGGCATTGGATCACCGGGCTATTTACTTCTTTGCAATTGACATTTGGAGCGGTTCGGCGAATTAGGTATCCATCGTGTACCTTTTGCCTCAATCCCATCGTCAAAACCCTTGGGAGGGGCCTGACATAGTCCATGAAGTCTTAGACGTCGATCTAGTCGCACCTACGCCCGTAACCGGCGCGAACTTCTGGCTGAAAAGAGTGTAATTCGGATAGCAAAACTTTCGATTGCTTTGTTCGTATAAGCCTCCTGCAGCTTAATACGCATTACACAAGGCTCCAATGAGAGACCTGCGTGGTGTTTGGTCTAGTCCCTCTTTTCGGGGT,1117,48.08,Saccharomyces cerevisiae
SEQ_268864,AGTCATTCCACGTGCCGCACCAGCATGAGGCAGCCAACCATGAATCGACATCCTAAGCGGAACATGCTCGGAAAGAGAATGGAATATCTATTGCTCTATATATTCGTAGGTCGCCACCGGTTCGGCGACTGTAGAGGGGCTCCACCGAACCTCGTAGATATATAGGACAAAGTTTATGGGTCGAACCTCAATGCTGTGAGGGTGCACTGTAAACATATTTTTTAGAAAAGGGGACGTGACCCAAAGACGGGAGAACAAAGTCAGTCAAGCCAGCTAGAGGTGAGGGCAGAGGCATTAGGCGGAGCTGCGCACGTTGGACTTAGTGGGGTCCTCAGGACCGGAGCGAGATATGGGCTAACCTTCATACCATTTGAGAAATGCCTGTCGCTCTCTGGCCTGCCCGGGGCGCTCCTAATCTTCCCTCCATCCCAAGAAAGTGGAGAGACAGAGGTTGTAACTTATATACGAGAATAAGGTCACGCTACGTCGAAAGAGTATCTACCGGCTACGCTAACCATCGCCTAAGCGCCAAGGGAATCGTGGTGGGTTCCGGCCCAGTAATTTAACCTGTGCCCACCGCAGAATTTGGCGTTGATGGTAAAGTGGAGGGACGGCAATTGATCCGACGCACGGGTAATACTAGTTAGCAGGTGGGGCTGAGAGACCCAAACGATGTTTAGAGTACCTTTCCTGTGGTGGCACAATATCCTTTCACACCACAAGATCCGCGTTTGGATGATCAGCCCGGGAGTTTCCGTCATGTTCTACCAGTTTGATGCCGAATAAAGTGTCATAAGTTTGCCGGCACCGCCAGTTATAGGATATCCGGACCTTTAAACGCAATGTATTGATCGTGGCATATGATATCTTCCTAGCTTAAGGGATTCCCTCCATAGGACGTACCTTAGATCGCGTATTCGGTTGGACCACTTGGATCGCCGTTGAATGGCATGGCTTGCACCAGGGTAGCACGAGACTACCCCGGTGGTGACCGGGGAAACCCCACAGATACTTTTGGGATGGTAGGAAGTTTTTTAGGGCATGTAATGGGAAATTGATTCTTCCCCTGTAGGC,1074,50.74,Escherichia coli
SEQ_326486,GCATTGGCGACGAACCACCGGGATTGCCCGCAGATCATGTTTTCCACGGCAGAGAATGTTCGATAGATGCGATACCTGGCCTGTCAGTGCTGTGCGACGATACTTAAATCTAGTCTAATTATATCCCACCTGATGAGGGACACAATCGCAGATTGGGTCGGACAATTGGGATAGTGGCGCGAACGCTAGAAAGTACTTGGGAACTTTCGCGACGTCGCGCGTCCATCAACAGCGCTTACAAGAGATCTTAAGCTGCCGACACACGCGATGGGATATAGTAGCCGCGCTCTACCGCCGTAGTGAAAAAACCAAGTTCTTGCATATCATAGGGAAATTTCATAGCTTACAGGGAAGACCAGTGGTGGAACATCCCTTAACGTTGCTTCGCGTTGACACCGACCATAGATTCTCTCAATGCTCACTGGTGACCAAGTCGCTGACGACTGAACGAGTCCGGCCAAAGATACCGAAGCGCATCCCGGAGCTATTTGGGATCCTTTAATTTCTGAACGTCAGCTGTGACAGGTCTGACACTGTGAAGACTGATACACGCCTATGGGTGGGCCCTTTAGGCGGATTGGAGGGTCACAAAAACGTGGGCGCCGCTTCACAAAGAGATCTGGTTACGTAGCCTCGGTTGCGCCATATTGCGTCCTTACAGAGCCTTGGTCTATAGTTAGCTAGTTTACAATACTGTGATCACTTGTTCTATCGGTGACGACCCGTTCACATACAAGGGCCTAATGTTAACCTACAGAAGGCGAGATGATGTAGTCCTCGCAATAACACCCTACTATATGAAATTGCCACACCTAAGGAACGCGAAACCATCTACCGACATCCCGCAATTATCGTAGTGCGATATACTCACATCTTCATATGTGGGCAAGATGTGTGCATGATGTCTATATCTACCGATACTAAGTCTCGAACGAGTTCGGAGCTGTTCTAATGAAAGAAGAATGTGAATGGTTCCAGTACGACTTGCAACCACAATAATGGAAGGAGTAGAGTATAGTGCCGAAGGCAGAGCCGCCAGTACTTTCTGACTTCCGCGATTACCTTAAGCGCTATCTGGGAACGACGTGTCCTTGTATAGAGGAACTGCACAGGAAGGAGTTCCTGATATGCACGCAGAGCGGGGGGCAGGAGAGTCGCAGCCATGTACCAAGAGCCCATGGATGGTGAATCAATTTTTCCGGTGCTCACCGGTTAAGGGCGATAGTTAATCGGCCTACTGATGGTATACCGTAGGTTCACCCCGCAAATGGGCACGGAGAATTTGGGTTACGGCGCAGTCAACGTAACTCATATCTCCCGTGCTCATGCGACCTTAACCCTGAGCGTCGGGCAGCCCATCTCAGCTCATAAGGGGCCTCCGGGTAAACAGAACCAAGCTACATGGAACTGCTACCATGTTCAGACTTTTACCCCTGCATGAACACCGTGTAGTTGATGATTTCTAAGTCTCTCAAAGAGTATATCGCTTCTAAATCTGACAACTCGTCTCCGCAACCGGAGTACACTATAGAATAACCTACTCCCGAGGCCGTTGACCCAAGGATTTAGTAAGAACGGTGCAGCGTACGGAGTGGTCCGTAGATTGGCGCCCA,1613,49.72,Caenorhabditis elegans
SEQ_652260,ATTGTACATACACTCACAGACAAGCCCCTTAAGTTCGATGTACCAGTACACCGGTTGGGTAGTAATATTTTCGTTAGAAGCGAATACAACTACGTATTCCGGTGGATAATAACACCATCGGGACCTTCCAGTCCGTCATACAAGTTACAGCGCTGCGATAACCCTCGCTGCCGCCTCTATAATCGAGGTAGCATAGAAGACGCGCATCCTACCCCTGGTATG,222,47.75,Saccharomyces cerevisiae
SEQ_451409,TGTGGGTACTTAGAAATGTTTGCCGCAAATCCCACTAAGGAGGCGAGATGTGTGCAGGGCGTCGTCGTTTCTCTCGGGTTCCAAACGGCGTTTAGGCGGACTGTTACGCAGCAGAATAATTGATAATCGGGATCTTCATGTTAACCGAAGATTCCATCTGTGATTTATTAAACTTACACAATGGTTCCTCAAATGTAATGGATTTGTGAATGTTCATCGACTACAAGTTCAGTCCGTCTGAAAAGCCTTGGTACGTGACTATGGTGTATACTGGACCCGGTTTTTAAAGCCCGCTGACTTGGGGTTTATATCACCTATTCATGTGAAGCATCGACTTGGTTTCAGTCGTTGTACCTTAAATCTAACCCTGCGCCACTTGTGTGGCCATAACGCGTCTGTAAAAGCATTCCACTACTGGGAGCGTAAGGTCATTGTAACCGCATCGCCCCAGATTATACGTATGAGCTTTCGACATGATGGAATCCAACAGGAGCCGTAAACGACCTCTATTAATAATCAAGAACTCAGCGACCCTTTGTGTCTAACCAATAAAGAATCGGTCCTCGGCGACGTATATTATGTCGAGATTCATGTTATACGGGTGATTAAAGACTTGCCTCATGAACCCAGTGCCGGTGTCATTTATATCGATCTCAACACATTATCGATTAGAGCCGTGCTGATATGTTCCGAGACACGAGTTGGTTAAGGCAGAGTCGGGATATACTGAACCTAAGTTTGTTCCGGTACTCCACGCAACAAACTGCGACGTGACCCGCGTAGTGAGTGCCCTGTGCAGTTGCTGGACCCAGACGTTTGGTAAGTCTCCCGCCACCATTCCGCGCCATTTGTGGCAGGCTGCTACACCTCGTGGGGTTCGCCTATCAAACCGCTGGATGTTCGTAGTGCGAAATCTGAGATGAACTGTTCTTGTACTTGAGGTGCCAGTTGGTCTCAGTAATATTCTAGAGCCGGTCTTGACCTTCGTCGCCCGAGGATGGGAGATTGTGTTTCGGGTCAGCAGCATAACGCGGGCCCTAATCGGATGCGCGTACACGGGGATAACCCCGCTAGACATTCGCTCAGTTAATGCTAGAGTCACCTCACTTTTCTGATACATTGGTCAGGAGAGCCTCGTTTATGCGCGGCCATGAGCCAATTCGCTGTGCGTACATATCGTGACCTCAGTGGGAAGCCAATGTCTGCCTTCTCGACACAGCCGGTGGACAACGGTCGGATAACCCCGATTCCTTAGAATCTAGTTCCCGAACTTTGCCCGCAAAAGGCTCCTAGGACACTCATGAGTCCTCACTCCACAAGGCAGCCAGTAGAAGGAGAACCACTGCTGCACTCTTATACCATGATGACAATATCGCAAGCGGCAGCCGAGGAGGCATTCCTGTGGGGCAATATTAATAGCCACGGTTCGCGCATTCGCTTCGCGCGAATCAAAGATCTGCGTCCCAGGCAGACACGTGCTCGTAACATAATAAATTCCGTTGGAGGGTGTCTTGGAGAGCAAGGCGTCCTTTGAACTTGTTTCACCGTAATGGCGCCACGCACCGTTCAGAGAAAGGCGTAGATGGTTGTTCCCACATCTCTGCTTTCGATATTAAGGAGTGTCCTCCAGGTCGAAATAATTCCAGTAAGACGCGTTGCACTGTCA,1666,49.28,Arabidopsis thaliana
SEQ_638076,GAGTTGTTGACTATCAGGGCTTCAAGTTGGCAGCAGCACCTAGATAACGGTTGGGCGCCCCTTAGCGGATAGGCGACACGGGGCAACTTTCTAACCAGGGTTGGTTAGTCAGCAACAGAGTCGGGGGGGGACGCGGGGGATCTAGATCCCGTTCGGGGAATCATCGCCACCGGGCTAGCTCTAGAGGCGATCTGTCCTGCAAACTCTACACTTGAGGGTAATACTTTCATAAGGACCGGGCTTGTTAATGTTGCTTGAGATTTGAATCACCAGAACGCTACGGACTTTCGGTTGTTAAGGACGGAGCCATTATCTGAACCGGCCCGTCCTTTCATGCAGTCTTCGTCAACTGCATTAGGAGAGGAATGGAGTTGTTTACGCCGGGTACCCCAACAAGACTATAACGGTTTTTAGACAATCCTAAGATTTTGCCTGCTTGAGTTATTAAAAACGGTAAGATCGGCAGACATGCTCTGTCTCTTGTTCAATGATAAGGCTAATAAGCTTGGGCAGTTAACCTCGGCAGAGCCAGCGAAGCACAAGCGATAAGAAGTGCTAACTAGCCCGACGTCGTCGGACACAATCGGAGTCTATCCAGAACTTTTTAGTTTCGCATCCATTACACCTCTTGCGCGATGCCCATGATATGAAGATGGTCCAAAGTTTGAAAAAGAACTGCTCCTGCACGTTTTCGAATTTACGAAATCGTGGTAGACACGCTTGGTACTGAACAACTCGCCATCCTAACGCCAGCGACACTTAGGGCCGAGCAACGCAGGCATCCTACCTATCCGCCGAGTAGTCGGTCTTACTAGAAACTGCGAGCCAGCGTGAAGGGGCGTGAAGCTGATTAGGGAAGGCTAGTTAACCGGAAAGATAGACCGCATATTCCAGTCTAAACTTGTATTTATCAGATGTCAACGCCGCACGGTTTTTGCGTGTAAGTATAAGGGCCATGCAGCGCTTGTAGAGTGTTCGGCCTGTATCTGCCAGCCGATCAGTAAACACGATCTTGAATCTGCGTGGAGTAAAGGTAAATTCAGTGAAGATCGATAGCTTTAGTGGGACCAACGTAGGTTTCGCAAAACAGTAGGTACGATGACCATTCGATGGCTCCATCCGCAGCCGTCTTTTCCCAACGCCTTCGTGTTGGCATCCACGACCTTTGCACCCAGGTGAGAACAGCACGTCGGGCGCCGATTACTGGAAAGCGGTCCGGAGTTGGCCGAGTTTCACCGGCTATGGGTCGCTCGGTAACCTGCGCATCCGCATAAAGATAATCGCATTCCGAGGGTATGGTGAGTGTTCAGGATATAGCGAAGCGTCGATGCCAACCTGTTAGGGCCTGTGGTATACAGTGGTTGGAGCCGTTGGCCGAAAAGGAGCGGCCTGACGCTTGACTCACCTTTCCTAATCGAACTATGCACAATAATACCATATCATTCCATCCAGGCCTATTGACGAATAATTCTAAAATGTTCAGAGACCCAGTGGCCGCCAGACATTATTAAATCTGTATCTGTGCCGTATCAAAAATCAGACCAAAGGTAGCTCCTAATGGCGGCGGCTTTTTTTCCGAACTACTTATAGCCTGCACTCGACATCAGCCAATCAGTTACGGACAAACGATGTAGGTGTACCGGCACCAGAGGGATAGGACGAGTTCTGAGCTCTAGAAACTTTCCATGATGCAGGAATCTCCTTCCCT,1708,49.82,Mus musculus
SEQ_870008,CCCGTAAGGAATATTTAGAAAACGGCCCGCTCCCACAATTTAATCCTGACAATCGAGCAATCCAGCGTGCCAGCGGCTGGTAGCGACCAAACCATTTATGGTTAGAGAGAAACTATATTGCAGCGGCTACCCGGCTACTCAGATTCTGCGGGTAGCGCCGCTTGGTTACACAGGTTAGAGCTCAAACGATGGCCTTGAGTGCCACGGTCACAATCACGAGCTTGGCGTCTGCGTTCCCGCCCACGTATCATAGGCATCCCGCAGGAGCCACCCATAATCGTTCGGGGTATCGTTCGCCTTCCGGCACCCTCGACAAACTTATCAAGCTCCTTATAGGGCAGGCTATTATCTCTTTAAACATTTAGAACAAGCTACCATAGTCCGCCTGAGTTCGGCCGTCGTGCTAGACCGCCCTAATGACTCGTACATGACTCCTGACTGCTCTCGGTCTCCGCACGATCGTCACGAGTATATCGCTGAAGCACGATTCGTCTCACCAGAGATAAGTGTCAACCTAATACCATAATTATGGCACGTGGATACACAGAGACACTGATTTTGGGGCGTCTCAAAGTGAGAGAAGGCCGCCTCATGCGTTGCCATATCGGTCTAACAATACGGCGGCTTACTTACATGCTATATGTGTAAGTGGACCGCTCAGACGGAATCGAAATACTAAATGAGACGCGCAACTGGTATCTACTGGCTAAGGGAAAGTGGCAAGTAAGGATCTCGATAGCTCTAATTCTTGCGAATGGGATTCTCGCGAGGTGCAGATCATACTTCTTGTAACACCATCTGGGGTATCCAGTGGTCACCGCTTTATGAGCGACACTAGTTAACTAAGCAAACTGTCTTAGATAATGGAGGCTACCAGGTACCGCGGTGAGTATTAAATCGCTGGCGGTGTCTGGCTGTAGCTCGGAGCCAGTTTACATCCGCATCATTCCTTATCGACCTCAAGCATTCGAATCAGGCGCGAATGGTACCTACCAAGTGTCTTGACGATACGCGGATGACAGGCGCGCCGAGCGTACAAGCGAGGACGCCTCGGCCTACATAGATTTCGTTCTCGCGGTCATAAACTCATGTACATCGATCTGAGCAGAATCTGCGTTACTGCGTGTCGGTTGCCACGGTGAATGTCGAGGGCATACGTCGTAAGGGGGATAGCGACCTTAGGAATCTCATTTAGCCGCTCTCTGGACAAAGAGTCTGACTGAGGTACGTCGGGTCTAGGACCGTCATGCTGTCTGCGTAGTTTCTGGCTGGGTAACCTACCGATGTCCGAGCGCACCGCGCACGACCCTATTGAGCTTTTCTCTTATCCAGCGCTCCAGCGAGTACCAAGTTATGTAGCCTTA,1364,51.32,Saccharomyces cerevisiae
SEQ_259095,TCCTATAACATTTTCCGTCTCAGGCTGAGGACTGGTCTTTGGCGCAGATGCCTGCTGCCTCCAAACAAGCCAAATGACCAAACCAGCTCCTTCGCTATTGTCGCCGGCCCCGGGTTGTCTAGAGGGTTGTTGAGAATCACAATCAGTTGAGCATTACTAGCCTAATCGGGTTGGTTAAAGGCCCCAGTTCAAGAGCCGGTGGGCACCTGGACGTTCTGCCATCTTTGATGGGAAGGAGGTACCACTTGCTTTATATCGCGCTTGACATGAGGACCACAGGAGGGGGTGTTTGCGGAACCGCCTAACACACTTCAGTCGGGAGCGGCTGCTTTTGAAGTCGGTGTCGACCAAGCAACCAGAATCCCTTTTTCGTCGGGCTGCGAACGCAACAGTTTTTAGGGTCCTTCTATTATTCCTCTGGCAACTCACTCAAAAATCATTATTTGTCTGGTATCACACCAAATTGGGGTGCCGCAATAATAGTAATTGATCCACTCGCCATGCAATGGGCTGTGTTCAAATTTACATATTTGCTCACATATACAATCGCCGAGGGTAATCTTGTTGACTCGAAAAGTTCGTCCGATCCTGTGCGAGAGTTGTTTCACTGGGGGTGCCAAAGAGGATGATCCGGCAAAGGCTATAC,646,49.69,Arabidopsis thaliana
SEQ_321444,GATACCTCAAGCTTTGGCGTGTTCCATTACGGATCGGCGCCAGTGCAATTTAACCATCCACCATCATAGACCGACTAGGGTTGTCTCTGCTTCCCGAAAAAATGGCATCCTACGGGTCGTCGGAGCGGGGGTTCGCCACTTTTGTACGACCTGGATGTGTCCGTTCGTCTCGCCACGGGACGGGGCCCATCGACACGGGAAGTAGCATAATAGACCAGACGATAAGCTTACGAGGTAAATGGCCTCGGTGCTCAGCAGCCTCACCCGTCATCGGATAAATAATGTCCTGCGCGGACTGTCCATACCATAAGTCATACCGTGTTCAAGCAGCCGGGTCAGGACAGTAAAAGCTGCTGTCTCGTAGTGGAACGTGAGAAGTTTTTGATGACCATGGTGCACATCCGCCGGGCTTGGTCCCTTTACCTGAGGAATGACGGATCAGTCGTAGTACGAGCGGCTGGCTCAACGGCCATGACAAATAAGGAGTCTGTATTGCCTTGGAAATATGAAAGCATTGTGGGTTTGAGTTGGTTGCCGACGAGGGCCTAGCCCTTACTCAGGAGGCGTATATCGCCAGGATGGACATTCCCAACCAACAATAGATTTGTATTAAAAGAGTTACCACTTGTTCGTGCATCGGTTTGAACACAGTTTGCGCCCATGCAAAGAGGGTGAGGACTCAATCAAATTACCGAGAGTAGCGCGAATAATCCAAATCTGCGTCTTGCCGAATCTCGGCCATCGGTGTTTCTGACGAACGCAGTGTCGATCCGGTTACAGAATGTTAATGATATGCCATTTAGAGGGTTGCGAAGGGTTTAGCTAAGGGATGCGATAAGTGACTGGTATCGACAGCTAGAAGCAAATAAGGGGTTCAATTTCTTGAAAATACTACACGTTAGAGCCCTCGTAGTACCCATGTTAGGGCTCCGAGGTCTTATCATGACCGGTGGTATCGGTTGAAGCCGAAACAGGCCCAACATGAGCAGGCTTCTAATGGCGCTGCGGGGGTCGCGGTATAAGCACATACCCTCCCACCTGACACGTCAATGCAGCAGTAGTACGGCTCTAACGGACCATTACCGTCCTATGCAAGTAGACGCGAACGCTAATCGAGATTAACGTGTCTGGCTACCGGCCAAGTTGTTCCGAGCCGATCGAGGTTCGATTGTAGGATGGGCTCACGAGGAGAATATACCTAGGTTGCTGGCCTTAAGCGTCGAAGTCGGATCTCATGCGACCTGTCCGGCTAACAACCATAAACCGTGAGGTACGATTTCAAGGGCCCGGCCACGTTGACCCGAATATCAGTGATGCACTATGCCTATATGAGACGGGGGCACTAAACAACCTAGTTCACTGTTCAGCACTGGGGCCCGAAGGAATTACGCTGATCTAGGCCCTCCTAAAGGAGAGTTTTTCGTTCAAGGCCCCCGAAGTAGTTAAGGTAAGCAACATCCCTTACTCGTGAGCCTATTTATTGTGCTCGAGATGAAGACAACTGATGACCTGTAATTTAGAAGGTGGGGAAACCATAAGCGTCATCATACTTCGGGGACGAAACACAACAGGCCACTTAGATGGCAGTGCAGTAACGCGCACGTCGGATTAGTTCA,1616,50.8,Drosophila melanogaster
SEQ_906536,CGGTGAGGCGTCTCTCGTTTTCGGGCACACGCTGTGGGGATTTTTCACAGTGGCGGCTTTGAACTTGATTGGTTAACTTCAAGCTGCACTCGGAATAGACGATTTGAGAAGTGTGGAGCTCCAGACGCGAATAGAAAACTATGCTGCCATGTCCGCGTATGGCAATTATGTAGTCAATAACCCTGACTGCATCGTGTCACCCCTGCGACGTTCACATCACCCTGCGTTAGTCAGGCGATATATTCGTGTATTCGTCAGAACCTTCCGGGCTACAGCGTAAATTCCTTTCACCAATTTATCTCTCGGAGAGCCCTAACATGATATGACGGTCCTCTCTATCGGTTGCCGGTCATGTTGTAAGTGAATTTTCTTATTTTGGAAGATCTTTGAGGCGAGGTATAGGGGTTGGATGACAGGCCAGACTGACCACAGCGGCAATGGGAGCGTTTCCATTTCCAGCGTGGTTCAGCTACCCGGATGCACCAGGATGGTTACTGTGTATACACTATGCTCGGACGAGTAGCGGAGGTCTATTAATCAGCTGATAGAGCACACGCTGAGCGGAAACACTAAAAGCCGAGGGCCTAAGTGTCTGCGATTGCTATGTTGTGAAGCCGCATGTGGTCTCGCTGCACAGCGCACGTTGGTCTGTTTACGCAGTTAGAGTGGACGTGCCTTAGAATTGTTGCAAGTGATTCCATCAGCATCGTAGGCAGGTCGTCGACATTAAGTTATTCGTTTATTAGCGTAGTAAGTGTTCTTGCCTTCTTCTTTATGTCTTACCTTAGAGCGAAGAGTTAATGCCCTGTTTTATTGGCCTGACGACAACCGCACGTCGACATCGACTGTCGGGGGATGCCCCTTGTTGCGTTTCTCGCGATGAGCTACTTTCGTGACCTCGTGGAACAATTCTATCACTGTGATCCGTGTAAAAGAACGGGTCAGATACGCTCTGCCGTTTTTATTCTCTTTTAACCCTCTTCACAGTGTGCGCCGGGCTCTGCCGCTAGATAGTCAGTGCATCTACCTCAACCTTTAGTTGGCCCACGGTGCAGGCCCATCGGTGTTATCTCTACATAACACCCGCTATAAAGTCTATCCACTGTTTCGGAACGCTTGATGTAGCCCCACACTCGACGTATACGACTGTCTACTTAACATCTGACTAGGTAGTATCAACCAATCATTTAGTCCTCTCGTTAACATAGGGTGCAGAGGCTGCACGAGCCCACGTTGGTGTGATTCTGGTCATTTCGTCCTGCTAACAGACGAATGTGCATAGAGCCCGGGATTCACCTAGCGAATTTATTCTATGCATAAGCACTTTGTCTGCAGCCTGACTAGATCCATACCGTAAGGGTCCCTTGGTCATTAATGATTGGAATCTCACGGATAATCAGCCTAGTCTATTTCTAACTGACTCGATAGATCACGCTAGTCTTCTATTAATTTGGAACCCATGTCAAATAGCGGGGCTCAATGGTACTAATAAATCTCAGTAACAAACGGTCGTGCGGCACCATTATAGCGGCGAAAGATAGTCGCTACTACCTGGAATGAAACTTCTGTAAAGTCTCCATGATGTATTGGCGAGAAAGAAGCTCGGCCGCAGAC,1614,48.14,Saccharomyces cerevisiae
SEQ_419038,GTTATGCGCTTTTAACAGTCGATCTACCTGATTCGGGTGAACTCCGCTTATGCATTATAAAACCGTACGCCCGCTGATCGCTAACTGACACCCGGCTACATCACTACGCTCGGGGCTAAGCAACAAACCGATGGTCATTTAGACGTCAAGGGCCCACATTCCCAGTTACAAATGTCGCCGTAGGGTAAGCTTATAGGAGACGATGAAACTCTCACCGATCACCTCTCCAGAACTAGTACTCCCCGGTCCCAAGTATTCAGCGGATTACTAACAAGAAGGCTTGGAGCGTCTTGTATTAGAAGGGTCTCTGCAGACATGGGGTACGATTAAGGAAGGATAACCCTGCGTATCGGAAGAGAAGACGAGGGTGGATTGTACTCAATAGGCAGACAGCTCTCTAAATGCTGGCGCACCCGCACCGATCACGGCGAACAGACCCCGTCTAACAAAAAATCCCACGTTGCTACGCCAAAAGGGTAGTAATACTAGATCTGGACCAATTACGCATGACCCAGGCAATCGGAGCGATAACTCCAATAGTTGATTCTCAAATATTCCTTGCCCTGAACCGCGGTAACGACTCGAAATAGACTTGTCTCCAACCTAACAGAGTGGGGCCTAGTAGGAAGGAGAGTATGAAGCGTCTCTGGTCCGCCTCTTAGTAGAGTTGGTGCATTTTTTATTATGCATGTATTTCAGATTGATATTTATCTCTAACATTTGGAGCAAACGGCTGGACTCTGATACAGGCGTTTCTTCCCAGAGATGTTTCCAGGCCATAAAGTTCGTGAATTTCCATGACGTTATGGACAAAGACGCCAACTCCTGGTGCAGATAGGGTTACGAGGGGTCAAATAGATAACTCCCCGCGTGTCCGGCCTCTAAGACGCCGCTTAGAGTAGTTAGTTGTAATCACATGCGCAGCAGGAGCTTGCACCACTGGCGTACGGTTACTTCGTGGAAGTCCTGGGCGCGGCGCTGGATCACGAATACTCAGCTATAACTGGAGAAGCTTCATGCTAGCTTGATAATATGTGGCATTTAATCATGTACCGCGTGACACACACCCAAGGACGGTTGTTCGATAGAACCAGGCCAAACAAGCGCACAGAAGGTTTTGCAAAAATTAGGCCCTTACGCTGACACTGTTGCGATTTCCGGAGGATGGGCTACGAGAAACGCTTAACACGAAGGGAATACAGGTATAGCACATGTGATTGAGGTGAGCATAAACCACTCCGCTTTGGGAGAATCCTTAGGAATAAGTATTGGCTACGGTGATGTTTATTTTACAGGGACCCTGACCCATGCGCACTCTCCGTAGCTCTTCTTCTGAAGTCCGCATGTGCGAAAACCAGTGGTGATAATAGTAACAATGCATCACATAGAGAGACTTCACTGATTTCACAATGGTGCTGGCAAGCCTTGGATTCGTCTTGAAAAATAACTATTTGCAGTGAAGGAAATTATAGGGGCTAGACAAGGTCAATCGCGACTACTAGAGTTGGTTCTTTTTCTTTCGTCATCGTCCTCAATAACGATTTTCCCACCCCTATCGTCCGTGCAAGCCTTAGATGCTCGCGTGTACGGCCACCGAACTTTATACCGTGTCACAGAGACGACGTTGCAATGCTTGAAGCCAGCATGTGAAGGGGTACGCACACGGTCCGCGGAGGTTTGCGGGAATTCGTGGGAGGTATCTCAGTAAGGCCCACAGCCTCGACATTAAGCTCCTTGCTTCGACGCCCGGTACGCTAATGACGGCTTAGGCGCCGCGGAACAGTATTTGAAAGACAGGAAATTCGGGCGTAGGTTCCTACCGACATAAGTCCAGCCCCACCCTAACCAGAATCCCTTTCCAACTTATTTT,1870,48.72,Caenorhabditis elegans
SEQ_956826,TGGTTGATGGTCCCCGGCGGTGGCAGTAGGGCCGATTGTAATGGGGTAGGAGATCGATATACTCCGCCGGCAGGGACCTAGGTAGTACTTACGCCCACGATAATCACAACAGCGTATATCTCATCGTAACAACTCCTGGCAGCTCATGGGACCAATGGCAACTTACAAAGTATAAACCTTAAAGTTAGTTCTGGCAGTCGCCCTGAGGTATGCTGGCTCTTGAGCGCTTCTGCTCGTACAAGAGTTACCTATGACCGTACGGGGTTGGCATGCGAGGAACGTATGTAGGTCAATCCCAGTGAAACCACGTCACCTCAAGATAAATTGATGTAGTTTAGACTAGTCCCGACACGTGACCTGCATTTGATTGTGAAGTCCAGCGCCAGCTTAGAGACCGGACAAAGGCTCGTATTAAGCCCACCCTGAGTTATGAGGTGTCTTTTCTAGGTGCGCAGGCGTACATCGTAGGTACAGCGCCTTTTTTGGCAGCTCGACAGGACTGTACGCTGATCTCGCCTGTTATAGCGCTCTTTAGGACAATATCCGACGTGGTAGGTCTATTTTATCGGTCACGTAATCATGCCAATGAGTAGTTCCCGTCATTGAATCGCTTATTGTCTAGGTACTGAAGCAAAAGGTACGCTCCTTTAGTAAGGCGCGAGTTAAATCCTTTGGTCCTCTGGTGAAACCTCAAGCGCGCGGCCTAGAGCAAACCGGACCAGATTTCTTAACCATAGCATAGACAGGGTAAATTTTGTATCCACGAGCGTGCGGGTGCTCTAGTTGCCATTGCCGTCAGTCGCGCACTTGCTCCGACAATGCCTACATTGCCGCACTGTCGAGAAAGTCCTAGGCTACACCATCTATGCACAATAATCGTTCGGCTCGCTCAAAGGCATGCTCTTCAGTTATGTGCGGATAATTGGTTGTTT,932,49.68,Drosophila melanogaster
SEQ_950394,TGACCTATCGCCTACCTATGAAACATGGCATAGCGTCTCGATGTCGTGTTTTTTCTATCCAGGAGGAAACGCAGACGCGAGAACGGCTGGCAGGGCGGACGAGCTAGGGTATTTCTCGCCCGCGAATACCTAATGCCATCGCTCCCATAATCTGGATCCAGGACCGTGGTTCTAAGCGCAAGACAATCCTCCCTAGGAGAACCTTAAGACTCAGTCATGAAGTGGTCGTCTAATCTATCTAGAAGCGTGCTTGGAGAACCAAGCGCGACCAATCAGGAGATACGCCTCGCGCGGATTTCCGCTGCTCGCACAGCAGTCAGAGGCGAGAGGAGGACTGCGAGCACGCTGATAATCGACAAGTGTCTCTCCTTTTCAGTTCGCGGTGCGACGCCCAAAAGAGAACGGGAACGGGAGGGTAGGGCGACGATTACGGGCTCCCCCTACAATCAGAATCTGGTCTGAATCGATCTTCACCACATTTACTTTTACAGAATTTTGACTATCTGCGCAGGGTTTGACTCGATCCTGAACAGGCAGTCATAGAAGGACCAGTGGGGACAATCCCGGGACGTGAAGTTAAACCTTGAGACGTTGTCGGGTTGAACGGCTATAACCTAAGTGCGACCACACGGTAGATCTAGCCGGTCTTGTGCTGGGTATTGCTACAAATGTCAAGACGAGACGAACGATTACTAGAGATGCGGACACTGGTAGAGTTGACCCAACGAACTTGCAGACGTCGGGGAGTTTGTAAGTACAGGAGCACAATCTCTCTGCTCGTTTCCCGTGATCTCCCCTAGCATCGCATTCCCGCGATAGTAGCTACATCTATAGGGATTAGATAGAGCCCATTTGGTCGGGTATCGACCCGCTCCGCGGGACAGGGTAGGACGCCATATCTGGCTCAAGCAGGTACTGGCGTACACGATTAGAGAACACAGCGGAACCGCTGTCTTTTAGGTATCCTGTAAACAAAAGCCCAAAAAATGTTCGGTAGCTGCGTGGACTGCTATCCTACCGAGTCCGTAGGATGCTCTCGGAGTCTGTACTTGTAGACGATTTGAAGCTGTGGGAGGTAGAATCTTG,1086,51.93,Caenorhabditis elegans
SEQ_552614,CTGGAACCAACCACCGTCGAAGTCGGACGTTACTGCTCTACAGAATCGACTTCGCAAGACGAGGCTTTCCGGCGACCAATTACAACGCCGTCGGTTTGGACGAAGTAGATCTTTGCTAAAAAGACGGATATTTCAATTAGGAGTATCACCGAACGCGGAAGGACGTCTTAATATCCGTCTGGTAACCTACGAAAGGCGCCCGATCCTACCACCTGGTGTGAACGACCGGCACGCGATAATGAGCAGTCCATGTATGCCCGTTCTGACAAGATTTTAATGCCACACTCATGTGCAGTATCGTGGTGGTTCGGGCGACTATTAAGCAAGTAACATCCCCCTCAGGGCACCATTTTGAAGAAACACGGCCGCAGTAAAGGGGGTCTACACTCGGACACTATTAAAATCCATTAGATTCTGTTACGCCTCTTCAGCGAAAGTGACAACATGGGGATTTCCATCGAGTCTAGTTTCGCTTGAACATACCGGGTCGCTTTCTCGACCGTCCAACGTACGAGCTATTGGCCTCTATTGTTTCTTGAGATTTTTTACGAGTTCGCTACGATCAAGAAAATGTGATCCGGTGGAAAGCGTCGTAGCCAGTCGTCGCCGAATATAATCTTCTGATTATCATCACCTCATCGCTCAACCGACATCTCATCACGTTGCTCCACTGGACGGTCCAAGAGTGTCCTTGGTCCCCTGTTTGGCACGACTTGGAAATCCGTGGTTGAGCTCCACCGCGATCTGTCGGTTTTTATAAGTCTTATCGGTTTTTAAAGGTCGTCCATCTCATGCACTGGTGTGTAAATGCCGCGCCATGGGTGAATCCATTGCCGATAGGAGCGAATGCGCTACCGCCTCAAAGCGGTGCAGTTCAATTTAACTCGGCCCAAGTTCACGCAAATTTGTTCCACAATGTAATCCAGGCTGATGAGGTATCCAGGTTATACCTCTGTCGGGCCCCATGCGCTCTGAAGCGTGAGAGCTTTTTTTATACGATTCACCAAAACGTCAGTTGGGGGGCGCCCAATTAAGCCATGCAAATCGACAAGTATCCTCAATGTACTGCGTGCCCGGTGGGAAGGTAAAGACTTATTCGCGTCGCTGCTCGGAAAGGCGATAGGCATCTAGGCGGTCTACAATGAAAAAGTAACTACTCAGGTAAGAGTTAAGGTGAACCTCGTTTGCGCAGGACTGCTGCTGTAGTTCTACAACAACTACGGTCAGCTGGCAAGTGCTGACGCGGCATGACTCATCAAACGTCTGTCGTTGTTGATGGCGCTACCGTATGTTGATCATCGCGGGATCAATATCGGCCAGTCTAGCGTAAATCGAGTGAGCACCAATCTGTGC,1353,49.59,Mus musculus
SEQ_486191,TAGAACACTTCGCGTGATTTGCGGCTGCCCTAGCCCTGACTTGACTACCGAGTAGTGGCCTCAAGAGCCGAGCGGCGAACGAATTATGCGACGTGCTTGGGAAGCTTACCTCAAACGGCTAAACAGCAATAAAATAGGGTTCGGACATCTTGATCTAGCATAGGTGATCTTGCGACGAGTCAACGCGGCTGTGATGGCCGTATCAGAAAGCACGATCTGGACATAGCATCGAGTGCCTATGACGAGTAGTTGTGTACTGGAAGTGGGGTTGTTGCCTTAAGATGATTACGTCCACGCCGAGTAGAGTACTCTTCATAATCCCAACTGAGTTCGACAACGAAGCCAGAGCAGAGAGAACCTAGTAACTCGCCGACATGTGTAGCCATGCCCATCGGTTAACGCTCTATCATGAGATCTTGTGAAAAACGGGGAGAGCTATGACCCTGATGAACGTGTCGTTAGATTTCATAGAACAGACGCTAGAGTTGGTGGAAATATTTACATCGGTAAAAAGTACCCACACAATTGTAGTGCTGTACTATCTTGACGTTCCCTCCATTTATGGCTACTACCTATCTATAAGGCCGCCTACCTTTATACTCAAATGGGAAGTGGCGCTTCATGTCCCCCTTTGAGACCA,640,48.12,Escherichia coli
SEQ_597895,TAAGGCCAAAGAAGCCTACAAACACGTGCAGTCCTTGGTGTCTGGCCAGCATCCAGGTACCACATAAGGACTGACCATTGGACTGCTTTTACCTGACCGTAAAACAGTGTATACCATCCGCCAGGCTTTGTAGATCCTTGGTGGTAGTTTTGGTATAACAATACGCCAGGTGTAACGCCAGCAAACGAAATTGATTGAGACTATATATCATAATATCCGTATTGTAGCACTGATCGCTTCGCAAAGGTTGCGGAGAAACCACGGTACGCAGTGCGGGGACATAGTGTACTTGCCTCGGAGCCGTAGAGGGACCGGCTCTGAATTCACAAGATAGGCCGTCTTGTAAGGGAAACGAAGGTGCGTCCAAAGCGGAACCGAGAGCCTAGTGGTTCGAGCTAAACGTGAGACAGCACTTGTCGGTATGAAGGCGACAAAACTACGTGCTGATATACACGCTGAGACGAGATTCGGCATATACCGAATTAACTTCGTCGAATCGGTGGCAATGCAGGCGCTACATGATGGGCTGACGTCGCCGCACTAGTCTTCTGCCGACTGATGCGATCCGGCCAATACGCGCTACCCCTCATAATTTCAGTCTCCCAAAGGCTAGATGGGCGTCCTCGCCGTTCAAGGAGTGGCCGTCTGAGCGTATGCTACAAACTCTTGCCACTTAAAGCAAAGGCACGGGGTTAACCGCACGGCTGAATCTCAGCTTCTTCGCGTTTCGTCCATTTCAAAGGACAGGACTCCCGTCGTCATTCCTCTAGGAAGCGGAGCAGCAAATTGTAAAATTACCCGAGCGGAGCAAATTGTTCTTTTTGGGCTAATAGTCACCGCTTCGCACCATGGATTGAGCATTAAACAGACGCGCCGCCTACCAAACATGCCATCAAGGTAAGTCAGCAGGACGGTGATGCGCGCACCAGACGCAGCCAACGGATTCCCGAGAACACGGTACAGCTCCATGCGACAGCCAACGGATGGCCTTCCGCGTTTGTCTGATCGTCTGTCTTGGCGCGTGATGGAGCATTAGCATTCGTTCGTAACTGAAGTGCACCATACTACCCCCCTTATACGCTTGTACAAATCTTAACGAGCCCTTGCGCTAATGACGCTAGCAGATTGCTAAAGCTTTATATCTATCTATGGTTAACGCCTACTTGGTCGCTCGTCAAGATCATGCCCCTGTTTGCACGGATGACGCCGCCATGCGTAGAGTCGGTCGCGAGGCAACGTTCCAGAGTTCACTGCATACCGTCGAGTAAGTGCAATGAAAGAGTCCCTTTGCTCACCAGAGCTGTC,1305,51.42,Caenorhabditis elegans
SEQ_167844,GAGTTGTGACTATTTTTAGACTTTTGGCTATTGCGTTCCCTGAGCAATCTTCGCTAGAAGAGGGAAAAAAACATTTGCACACGGGTTTGGCGATATGATCTCAACGTGACGGCTGCCGCGCGTACTGACGTTCCCTGCCCGTGTTGGATTTCCGGTGGGGCACAGAGGATTCCCCACTTTGCCCAGACTGCACACCACGTGCTGTAGCTGCAAGATGCTCGGGGACTACTAACCGCGAAGCCCCTCGACTAATCTAACCATGTTCGCCGCATACCTCAATATTATTTCATCCTACACTATGTATTTTTGTAGCGTATCGTATGTTCATCATGTCTCTTCCGGTATGATTCCTGGCAGCTTGAGATTCTTATCGCTGAATCGGTCGTATAGACACTAAAGTACTTCCTGCTTCGCGTATGTTAATGGTCAATATTCTGAATCGGCAGGTCTATTAGCGTTGCCCTTCCCTGGATGAGGAGTATAATGTGATCCGATGTACGTGTTATCTTAGGCGGGTACACATGTTGCGCCGGTCTTTCACTGGCACAAACTGGGTATTCCGGCGTGCCCATACGGACTACGGTTACAGTCACAAGCACTGAGTTACACGGGATATGTAGTGCCGGCTTGCTAGTGACGATTTAGCGGCACATCTGCCCCAAGCAGAAAAGTACAGTAGCTTGGGGCGCCTTATGCGGTGAGTTGTGTATAGAACGACAAGACGGAGGAGTTAGCGACTCGTCTTACCTTAGCAGCCGTTGTACAATAATGTGAGGCTGACAGAATCCCCGCGACCCTTGCTCCGGTTATCGCATAAAGTCGGCCATTCACTTAAATTAGAGCGCTGGACTCGCATCGGTGTTGCAGCTCCTCAAATCCCTCACAATGAAATGCCTGCGTCACTTAGTGACCCGCCGTGGGCAACGAACTCACTCCTTCCTTGTCTCATCGCATCAGGAGATTCAGCGATGAATAGCTGACTAATGCAGGAGTTGTCTCTCAGGGAGCAGTCCCTACCAAAGCTCTGTACGTCAAAAAGTCGCTACAGGGAATGTACCGGACGCGGAGTAGATCCATAGTCGTACGGGCAACTATCACTCCGATACGGGTTATAATTGTTACACTGCGTGTATCCTAGCTCGCAACTCCCCAACCTTCTTTACCACGATATATCTATGCAAGGATATTATAGACCTGTGATGTGGGCCAGCCAGGTGTATAGTACATTTACCATTTGCTCGCGGTCGGCTCGGGTTAAAACTCGCTTGTAAACTACGGTAACTATAGACATTGGATGACCGGAACCGCCCAATCTCCGATCTCTACACTAGCCTTTACCGTAGTCGGACCCTTCAAATAGCGGTGATCTCCGATCAGTAGCGTCGAATTTACTTATGCACGTACCTGCACCGGTCGGGCGAAGTAGGCAGTTTGGTAGAGCCCGCTACTAGGACTGCGACCTGTAACCTCAACATGTAACATTAGACCCGTGTCACTAAGATAAGTTACCTCAATATCCATCCGTATCGGATGTAACACTCAGTA,1545,49.26,Caenorhabditis elegans
SEQ_398181,AGGATAATCGGTTGCTAATTATACGTATTGTGGGCTGACATTTATCCCAACCCTTGTGGATCGTCCTGACGCTCTTACCCTAGACCAGTGTCTCAGCCTGGCTTGACCTACGCTTGGCTGGTAGCACGCGCCTTATGTAGTTCGCATCAAAGAGTAGGCGTGGACGCCGCGCCCGCATAACTCACTTCGGTACGGATGGGAGCGATCCCCCCCCCGATCCTTAGCCCAAGGGCCAGATATAGTTTCAACATACCACAGACTCTAGATTTTGATTCTTTTATACTTAAGTAGACGCACGTCGAAGTAGACTCAGCCGGAACTGTATTGCCACGATTGTGTGGAAGTGGGTGCCTCCGTGCGACTAGTAGGCAGCTTATGTCAGCAGTCTACCTTCTACTCTCCCGCCGCGGATAGTCTGGACCATGCACTACTAAGGACGGAATCACAACATGCAAGTCGCGAGTCCTTCGATGGGAAGAGGAAGATATTCTTGCCGGGGACATCCGTAAATGAATATAGCACAGTTATCCATCGGGTTCCCTGCTGTCGCTGTTCAATGACGTCTTTATGAACATTTCTTATTATCTGCCTCGATTAGAACTGTACGAAGCATACCCAGACGGCATATCAACATATTAGCATTTCCTAGGCGGATCTGGGGACGCGAAGTTAGCGCCTGAAATGCTACCCCGAGAACACGTGCGGTGTATTCGGAAATTTAAACCCGCGAAGACCGGTAGCAGACCACGAAGAGTGGAGGAATAGACCAGCATGCCAGATCGGGCTTTCAAGCGAGCGGCCGGTACACCCATCCATGGGTCGCACGCTACAGGGCAAAAAAGCAGGACAGGACCTGTTGGAATGCCGTCACACCTGAGTGGCGGAATTAGTGGACAGCTTTGGAAAGCCTCTGGCTTCTGGAGCCATTATCATAACGATCCGCATGCAGGCGCACCGCTGGCTGGCTCTCCTGCCTCTCTGTTATAATGATTCTCTGCAATATATCGTATATT,1013,51.14,Caenorhabditis elegans
SEQ_276082,AAACATCACAAACCCAACAAATACTGGTCCGGGGCCGGGTCGTACGTAGGAACACCATTAGGTTTCGGGCACCCATTCGTGCTTGCCGGAATGGCTTACGATGGTAGATACAAGATGGACTGCCTCTTTGAGTCTACTGTCGTACCAAGTCAATCGTCGGATATGTAGATGTGCTACGTCTATCATTTCTTGATGGCTGCCCATGCAAATGTGATGGCGGGCCCTGCTGTGGCCATACCGAGCACTGATTGGCATCGTG,259,51.35,Escherichia coli
SEQ_748856,TGCATATGAGACATGACTGCGATATGATCATCTTCTAACCTACACGATACAGACCTCGGGTCCCAATATGGATCGCGCCCGAACGCCGTGGAGGAACCTGTTGAAGCGGTATAAGGTCACACTCCGAATTGATCACCCACCCCTCCGGCGCATTACAATATCATACGGTGTGTCCCCGTTCCATGATCTACCTCGCGGCGCCACCCCTAATAAATACATTCGCCTTGGAGCCGCCGAGGTTTACAAAGGATGATTATCTCTACAAGTGGGATTACACCTTTGTTACACTGCCGTCGATAGAACCGATGCAATCTCGCGGATAGAATATTACAGGTCATTGGGCAGCTCAGCTGGCCGCTTGTGGACCCATGCGAGTTGTCAAAGCAAGATAATTAGTTACCCCTCACAGCACTGCATTCCTAGTCCGAGCTCCGAAGGATTGCGGTACACAGACGTGCGTGAGCGTCCAAAGGGTAGAGAGGGGGCCCGAGGAGGAGATTTGAGCCAATGTATGCAATGATCAGCACACCTCGCGGGACCGTATTCGCAAAACCTCCCCCAGAAGCACTCAGACAGCCCTTGGCGGCCTCTCACCTGCTCTTCCTCCTACCTCGTGCTAGTTAACCCCTTGTCTTGTGGGTAGAGGGCCCCGCCGCCCACTTTAGGACATATCAGAACATTCATGGTGCAGCTGTCTAAAACATGCAGCCGGCGTAGCGAGTAGGATCTTGTGTGCTGGACATCGCGGTCTGGCACGCAAGTGTCGTGCTAGGCTAAATTTTTGTAAGGCTATCAGGGTACGTGTGGGGCAAGTCGGACCTATGGGAGCTCCTAGCCTGGGATAATGAGAATAGAGGCCGAAGCTGATTGCTTTTTCGGATCTCCTAAGTGATAAATTGATATGTGTAAAGTCCGCGAACTGCATACTGAAAGGTAGTTCAACAGATCGGCGCAGACGTTGGTACGCCGCCAGGCTATATCTTAGGCGCATAAGCCTTAAGAGGCAAGATAAATCAGACCGCGTTTAAGCAATCAACGGGACCCTTGTCAAGTGGTAGTCAGCGTATTAAGCGTGCCAAATTCTAGTAGGGACGAGCAGTCGTTAAGCTTCTGGTTGAGTCTGGCCAGCCTTAGGAGAGTTTATTATCTCCAACTGCAACTGTTCCTAAAACTTCGATAGGATGCGATAGCGAAGCGCGGACCCTGATTTAAAACCTGTTATTCCAAAAAGAGACTAGTTACCTCGAATCCTATTCGAAGGTGCTACAGCCGGACTAGTGGTTACACGAATGCGTTAGGGCGCCATTGGGGTCGCACATTCACTCTGACGGAGCCGGGGCCGAATTCCTCGCGAATCTCACTGCTCTTTGGGGTGTCT,1378,51.38,Arabidopsis thaliana
SEQ_616818,GTTAATATAGGGCGTTACAGATGCGCTAGGGGGTTGTATTGTTCAGCTCGGGCCCATATAATTCATCTCAGGAATGTGAGCAACGACCCCACTCAGAGGTACGTGTATATCACCAGCTTTCTTCCTTGCTTTAATACTCAGACACGACGGCCGACGGTCCGGAAGCTGGCAGACAGAGGTCGATATAGCTGGTCTATGAGTCCTTGAACAGACATTTTTCACCGGCGGACGGCCTCTCTGTGAGGTTGGAAAGTAGCCCATCTCTGAGGCACTGTTAGTACCTCACAACATGAGGCACCGTGCTGGCCTGCTGTGTGCTCACTCGAGAACCCGCCATCCGTTGGATCTCCCCCCGTCGCTGTTTATGCCTCAAACCGTACTCCCTCGATGCTGCGCAATTTAACCGGACCATGCTCATTGTGCGGCCACGTCATTAATATAACTACTGAGCGGGAGCTCCGCACGGAATACTCCTGTAACAGCGTGCACATGTAGACCCGCCCCGTTGTGAATATTGAATACTAGCGCTTTGACATTGCATATGTTCACGACAGCAGTATTCTAGCGATATAGATGGGGGGGCTTTTATTGCCTAGACCTTACCAACCATCAAGGGACGAGGGGGAGCTGCGCGTCGCGCTGAGATCTTTTTTTGTTGGGATCACGCGCACTCAGAATGTGACCGGAGTGATAAGTTCCGTAGGACGCATACGTCCGCTGTTAGTGAGATCTGATAATTTACGGGCTAAGTGTAGTAATCGCCTTCACGTCTGGCGACGATCTCTAAGGTCGACCTACATACGATGAAAGGATGATAAGATAGCATTGACCGAGGCGGCGCAGCCTATGAGTCTATTCTAATCTCATTAAAACAGATAAGTCTGAATTAGTCTGTTTAAGTGGTAGTGTAATAACACGGAGTTAATCACGGAAAAGACATCAGGGAGCTGATGATTATGCTCTAACGCCATAATGGGGGACTTACATATGATTGTCTGGTGCGGGCGGAATCACTTTTATTCTAAGGAAATTGGTGAGTCCCATTGAGACCAATCCTCTCATATCCCGTCCAACGGACTCTGCCCGGCAATTATTTGCACCTCTACGCGATTTGACGTTGAGTGGAGCCAAATGCCTAGCTAAGGCTGTAGATAAGTTCGG,1161,49.27,Mus musculus
SEQ_859970,TATAATGGTATCACCACGAAGTGATCGGCTGGAGTAATCAACGTCGTGGTCGATAAAAGTGGCTGTAACCAGTCGTGTGATTATGCCTGGGTTTTTCGGGGGCACGTGGCACCTTCACTGGAAATAATCTTATCCCGAGGTCTGCGGCAGGTCGACACTAGCCCAAATAAGATCCCATAGTACGTGGGCCGACACCATCGAGCCCTCCTCACCGGCGTATTTATCAGGCCAGGGTGTCATGAACGACGAGGGGGCCTTCGTATAGCATCACGACTACTAATAAACAACCTCCCGGCTTCATGACCCTTAGAGGCCCTATTTACGTATCATCCTAGAAGCGTTACGGAAGAGTCTATAAATGTAATGGAGGCGTTTTTTAACAGGAGTTCTCTGAACTGCGCCGTCCATATGTATCGCATGAAATACTACTGGCTAAACTTTTGCTCACTTAGGTCTCAGCAGTGCCTGCTGCATCTGAGCACCGCGAGTTCTTAGATCGGACCCACCTTAGTTCGATTGCGCCGATGGGGACGCGGCGCCTCTAACAACATATGTAGCTACAGGTTGCGAGTTATTATCTGATGGCACGCCTCTGGGGATCACGTGGCGCTACATCTTACGATCTAGAATGTCTCGGGAGTAGTGAGATGAGGTCATCGAGTTTCCCCCCTTAGGTCACCACGTGGCCAATCCTGCCGGGACATCGGGCCTACCACCGTCAAGCGATTCAAACTAGCTATTTCCTTTCAAAACAATTCTCGGTCTGCCCCGAGGTTGGCAAACTGCTCGGTCGGACGGTAGGGACTACCTCTCTCGACACTCACAAAGCATACGAACTGACTTTCAATGATACGTCCAATAGGTGAAGTGCAATGAAGGTCTTTTATTTGTATGGTGATAGTCTGAGTATCTTTCGGTTGGTCCGGGCAACCTATGGTGACCTTTCCGTCCTCTCGGTAATAGAGGCATCAACAGATGGCCTGTCCCTCAGCGGGAAGCTGCGACACAGGCAGTGATGCCGTCCACAGTGAAGACTTTCTCGTTCATGCCCGGGGGCACAATAGCGTTATTTGCCTGGAGCTATCGAGAGACGAGCATGCGTGACCCCGCCGCGGGGGCCTTCCTTACAAAAAGCTACTGGCCACCGTCCTGTATAAGATGAGCCACTGGATCTAGGGATGGCTGATATAGTTGCCGATAGTTCTCGTCTGTGTTGGAGGTGAGATGTTCGTTACCGGCCGAAACCGAGTCTGTAAACGAGAGGGGTCAGAATGCAATTTAAGAAATTGAACAATCGACGGACTCACTAGGCAGGTAGGCATGAAGTTTGAGCGTCCGGAGAAATATCATCTTTTTAGTCTCGTAATGTGGGAGGTGTTGCTGTCCTTACTATACCCTCCGGATCCGCGCTCGGATGGCCCATTTCCAAGGTGCTAGTTTGGACTTAAGCCGCTCTGTCCCAAGCACGTTTGGATGCTCAGTCTCTCTAAGGGAGTTGGTCCTACATTTCTGTGTTTTCTTCATTTCTCATTACCGCTTTATCAACAGCCGCCTGTTTTTGAGTTGAACCTTACTGTGCAATCTTCTCAGTCGCACTTGGAGGCTCGTTCGGTTAGCTGTCCGTTCGTGAACATCTAGATGGTCGTATTGCTAGGTCGTGAAATCTTGGCAAGGACTAGTGGGTCTTGCCGTAGATTTAATCTCAGGGCCGGCTCACCGGTATGACTTGTTGTACAATGATTCCGAAAGCTGTGACCAGTGTGGCAACGTAGCTCGGGCCAAGAAGTTAGAGGCGGTTACGCTACTTTGACTTACTGATCGACACACAGTACACTGGATGTTTCCCACCTACTTATTACCGCGCAGGGCGCGAACGATAGAAACGGAGTACGCGGCGATACCCCAGCCTGA,1911,50.71,Drosophila melanogaster
SEQ_346765,TTCTTGCCGTGGTCCGTACTGGTTCCGGGGTAGCCTACGTGTTAAAGAACGGAATACTACCAGCTCCGCTCCCGCCCACGGCCCCTTATATGGAGCGTTTAAGCGTGATGACATTTTCAACACCGAGTAGCTGTAAACGAGCAGGAACGAACCATAGATAGTGCCCGAGCCTCAAGGTGGGAATACTCGGTGGTACAAAAAAGTGCCTGTCGTACAGAGTCACCAGGGTGAATGAATGAGAGCTATTAATGGTATGGGTAGCTGGTCGCAGCCCAGCTTTGGAGTTGTCGACATCAGGTCTAGTTTATAAACAGCAGTACTCCTCTTCCGTCCCGTGAAAGGGGCAGCCCCCGGGGCGGCTCAAAGGTCTGGCCATGCTGAGTGGCCTCTATCCGCGCTGTGAAATCAGTAATGAGTTCGTGAGAGAAAAATAGTTCGTATGACACGCGCCATTGAAAAGGTGGCCCCCGGACGATTCCTTCGCGAAGCAAGTTGGTTACCCCCGAACGGAAACCAGTGCCCATTCTTATCCACGCATGGATAAGATGATGGGTAACCCGAATTAACCTAGTAGCCCGGCCTCTGACGCCAAAGTCGGATTACCGACGGGGTGAGCTGGTCTTGTGTCTGGCGCTCAGTTCAACCGGATCTTCATCCTCTCAGTTGTCTATACACTAAACTAGCGCCTGATGACCGGGACGAGCAGTGTTGGAGACTGTGCATAGTGATTAAGGACCGCTCCAGGGACATCTTTTATATAGACTTATTATTTTGTTACTTTTAAGGATATAGATGCGGTCTGGGTTGTGTACCGTAGATATAGGTGTCTACGCTGAGGCTCGCTAGATATAGTTCGGATCGTAGTGAGTAGAAATGGGTG,880,50.8,Drosophila melanogaster
SEQ_101515,ATCAGACAGCGGTCAACTCTCCCTTGATACGTGGAACCGACTATAGTTGTTATTTCTGTTCGGAGGGTTACTCCACCCATTTTCCAAGGTCGATTGGGATCTCCCGGTGCGGCCCCGACTTTGCCTAGCACACCCCGAAGAGCTAGTCACGTGACCAGTTGTTGGTAGTAAAAAGGTTATCAATGCCCGAATGGGAAACTGATTGATAGGCGTACTAGTTAACGATGTAAAGGAACGTGCTTATTATCTCGTCCATTAGCTAACCGCTTGCAGTCGAGAGTCTACATTTCTAGTCGCGTTTCGAATCTGGAACTGAAGACATTCTACGGTATCGGAGCCCCGAACGATCACTGAGTTGGCTCAGCAAATCTGGCCGCCAAAGCAGAATTGTTGCAAGTTGGCACTTGACGAAGTTCCTCCTGAGAGCAAGCCCCCACTTTGGGTGTTAATATGAGTATTGGGCCCCCAGGAACCTGGGTATTCTCTATCACCTAGAGACTGAATACCCACAGGACGGTGCACCAGGTCCGGAAAATCGAGGCGAGTTTTGCGCAAGGAGTTTGCATTATTGCGCTTTCATAATTCTTAGTATAAATTAGGCTCTACCTCACTAGGAGATATGGACGCCATCCGGTAAATTCATAAGTCCAGGGGCGCTATTATATCGGATGGGTGCTGACCGGTTTTGGTGTATTTCGGTCCGGGAACCGGTCCGCCCCCGTTGG,725,49.52,Mus musculus
SEQ_137701,GCACAGCCCTTTAATTAACGGAATTGTGCAGGAGCTCATTCTCGAAAGGACGCAGTCGGCTCTGATGCACCCCGCGCCAAACGGGTCCTGCTCGATGTTCGGAACAGTCGGATTGTCTCCTTGAGCTGGGACCGCTTTAGAACCCCTACATTAGGAGGTGCCTAACGTAGAGTCGGAATCGCTACCTAATCGGCCGCGGCAGTACCCGTTGTTAACAACGCGCGGTCGGACCTGACACGCTACAAACCCAAACGCCACCATTCTTACAAGCGTGATGAATTATATGGGTGGCAACCTACATTTGATTCTCCCTGCTCTGATCTTTCTCGCGGTTCATGAGAAGTTGTCGTGGTCTAACCCGATTCTTTTGAAAATGTCCGTTCGTCGGGTACGTCGATAAGACTGGTAAAGATCCGTGCACAAGAACCGATCATTCGGTGTAACTACAATAGTGCTCGCTAAAATTTAATTCATTGAAACTGCAGGAGAGCCATCTGATTGTCCGTATGGTACTATACGAAAGGGGATCTCATCGTCATGTCCCGGCGATCCCGCGTTTGTAAACCCTTCGGAAACCACGACACCTACGCGATACGTCGTCATGCTAGCATGGGCCGTGATAGGAGCATCAACGCCAAAACTCACTCCTCGGTAGCCGGAACGGCTCGCGCGTTAGTCCCCATAACGACACGAGCTTGACGGACCAAGACATGGAGTATTCTGAACATCTGCTCTTCGCTTCGTGAGAGGATGGACGCGCAAAACTAGATAACCGTCCTAGGGGGTACATTTGTGCCCCTTCGATGGATAGTACAAGATACCGCTCGCTAACTAAAGCTCCTGACGGACCCGCAAGTTCCAAGCGTATCACTAGGAAGACACTCGAAA,888,51.24,Caenorhabditis elegans
SEQ_575293,TAGCATAAGGATCGCATCCACGTGACTTAACACGCGCCATAACTTTATCACAGGCGAAGGTCTACTCGATAGTGGCACCTCGAGAAAGCTAGCTGGTTGTCTCGGTGATTGATCTAACTCAGCCATGACTCTCTGTTTTCGGCAACGCTTGTATCCGTCTATCTCCAATTTCTGAGAAATGTGAAGTCCGTCCCGGCTATGTTGCTACGGAGACCCCTAGTTCCTAAGCATGCCGCGTCTTCAGCCTCTCCCTCGCATGTCATAGCTCAACCCTGCAGAACGAGGATCCAACGTGATCCTTACATCCGTATGTTCCTACAATTACAAAACCGGAGGGGTGTGTAACTCACACCACAGTAACTTGAATCAGGTCCATTCTGCACGGCACAGGCGCATCGGATAAAGGGCCGAGCCTTCACGGGCTTCAACCTCATGCCGATCTGCTTGACTCGAATTCTTATGATCTATTCGGCTTAAAAAGTACAATCCTTACCCGTCTACGGAGAGGTCCCGGACAACAGTTTAAGGCATGGATTGCGATTATACAGACCCATGTGGCTCAATTCCCCCACAAGCGCCTGGAGTGGCTCATGATAGAGTGACCCCGCTTTGGCCTCGCCAGGATAACTCCAGGTCCATTTCCCTTACAGACCATACTCTGCCTTTCGAAGAACGCGAGTCG,682,50.73,Caenorhabditis elegans
SEQ_469819,AGAGGGGCGTTTCGGAGAGTTAGACCACTTTATGGATCAAACTGAAACGAGGTGATGCTC,60,48.33,Saccharomyces cerevisiae
SEQ_456854,CCTTAACTCAACAGGAAGATAAGCCAGGGAAGGCGATCTGCTCTCACCGCAGAAAATGGTACCATCAATACCGTTTACGCTGTGAGTATACACATCAAGCAACCGTGATAAAAATGATTTTCACGTCCCATTTAATCTGCGAGTCTGCTGAAGGACCATTTAGGATGGTACGGACTCTGGACTTCTGTATCTGGATGCTCGAGAGGATGCCTGAAGTCGCTAACATCGCCGGGTGCTTAATAGGGGATGCAGACAAGGGAGGATGCAAATTGTTTTAGGAAGTCCATGTATGGTCTTCGCATTAAGTAACAAAGATCTCCATTGCCCGCCTCGGGCTTAATTCTCGCGTGGGCTATGCTTCATGCTAGGGGCTGTTTAGTGTCCAGCCAACGAAGCTAAATCCTTAAGACCGTGGGGCCATTGGTCAATGGTTTTGGTTTACCTTGGATTTCGTGCTTTCAGCACTCTCGTAAAGCACTCACCTATTCGCTTCAAAGGGTAGGTTAATGACTATACATGTGGCCTTCGTGATGTCCAAGGGGTTGCTTTATCAAATTAAACCGTTAGACCCATTTGTGAGTACAGAATAAGAAGGGGTGACCGTCGTTTCAATCTCCGCGTCGGCAAGTGAGTGACCCTCGCCCCATCTCTAGTACTAAACTATTGTTATCTTTCAGGTAGATACTACGTGGCCCCACCTCGAGCGACCTCCGGTTCGTCGCCTGTGGCACTTCATCGTACTCCGGGGTTTGGCAATCGGCGCACCAAATAGCAGTGAGCATGAGTCGATTCTGAGATTCTCGTGATCCGCGGTCCATAGTTTAGCATCGGAATCAACCCGCTGCGTTACGGAGCACTAAATTGTCACATTCTTAAAGACTGTGTTAGGTGGGTGTCCAAGGCAGAACTCTTTGCTCCTTGGTGTGTGATGGCCTCGGCTGTCCTCCGAACCAGGTGTGTCCTCGACGACTGATTGGCTTATGGCGGGGCCCATTGTTGTGCTCTACCAGATGGCCCTTGGTATGGCCACCCTTCCTGCTAGATCGCATCACCATCGTACCAATCGCGTGATAGGCTAAACACAGACATATGTTCGCCCGTACTTCCGTACCATTACACTTCTAGGGTTGTTGGAATATGTGGACAATAAGGCGGGTAAGATGAGGAGGTAGGTAGGGGTCTTGCTTTCAGCCAGAACCGACAGAGTCTATGATTTTTCCGTTGCACATCATAAAACGTCATTATCTATTCTAGTGGTTCAGCTTTATCTCCGGTGTATTGCGTCTCTCTTACATTTGCTACTAGGCCCTCTATCGGTGAAACGCCAGATCTCATAGGAACCGACAACCTCAGAGCGGTTAAACGCCTCATGACCGGACCGTTGCTTGTACGAAACCAAAGGCCTCTCGGTCCACGTACTCAACCAATATTCTGCGCTACATTGTATGGCCGTGACCGAACCGTACGACATTACCGGAGACCCAAGTGAGAGCCCCGACATACGAAGCTTACGGAATACTATCATGGTCAATTAACTGGGTTCTCATGCCTATAAGTGGGATCCCCCCACCTAACTACC,1579,49.15,Drosophila melanogaster
SEQ_140528,GAGACCAGATACATGGTGTCGGTCATATCACACAGTCGTGGTAAATATATAGCCACAAGCATAAACGTTGTATCTATGTCTTTCTGGCTGAATAAAAACACCATTTTGCCACTTATAGAGGGCTTCGCTGTTCTCTCCGTTAGACTCAAATCGAGCACACAGCGGTGGATTGAAACGGGTGGCATTATTCGAGCCAAAAGAAGGGCACTTCTGACCACTGACGCTGGATTAAGCATAGCTATGGAGGATGAATGGGTAATTGGATCTAAAAGAAGTGCAATGTTGCTGAAACGGACAAACGGGAGAGTCCAAGAATTGATTAGGGGTGCCGCATCTATGGAAGTTTCGGCTAGTCCCGAGTAGTACGCTCAAAGTTTCCGTTTCTTGGGAGCAGGATTACCGTGATTATCCGTAAACCTTTACGCTATCATGTCCAAAGCTTGGCTGTAATTAATGGACTGTACGAACCTGGAGACAGACGAGCAATTTTGTGTACACTTCGATGGTCTCATACGTCCACAGCTAACCGCAAATTAGCTTAGCTGACAATAGTTCGAGTGCGAGCGCGGATCAGCTACAAGGCAGAGAGCACCTACTTAGCCATAGATGCTGTCAGGATGGCCCTCGTTGTTTCAGTCGAAAAGGCTAATAGCCAAACTGGGATTGAGGTCGCTCCATCAGCCCAGGTGCTATAGCGCAGGAGACCTTCGCGGCGTAAGCATACGCGGAGCCTGTCGGAGCCTCTATATGCCCCAGACGTGTCCTGCTCTAGTCGAAACGGACATGAAGACGGTTTTGGCGACTACGCTGCCTAAGATTTTCGTATAATTTTGTCCCAAAGAGCTGCACCCGTAGCGGAACAACTATCCGATGGGTCCCCAGGTTTTAGTTCGATGAAGGACCGCGCCTGCCTAGTAAATTGATTGGCGCCGTGTTTGCCTGACCGGGTCAACGCGAATTACAGGGAAACCGAGAGTTCGGACCGCCGGTGAAAGTTACCTTATAATTATTCGCCGGCTGAAACGGAATGGCCGCTGGGTTCTCCGCTGCATGACCCGTCCCCGATCCGATGGCATCGCCGATCAAGAAGATTGTCCTATACTGTCGTGAGTTGTACCTAGGATCGAAATAATCAAATCTACCCGAGATGTAGTGTTGCGGAGGGAATGTAACCATTATA,1180,48.98,Drosophila melanogaster
SEQ_211879,GCTATGATATGGTTACCACCACGTCGGAAGCGCCTCAACATCTTACACATAGTATCCAAAGGCATTCAACTTCTCAGTCCTTCAGAACCTACCCTGCGGACGCCTGACCACTGCCTTGCCACGGGTTCAGTCCGTTGAAATCCGTACGCAATTTCTTCGTTGTCCGAGAGCCTTGAAGAATGCAGCTCGGGCCCCCAGGGCTCACCGTAAGTGCATCACTTTGATCCATTCTCGTTCACAACTCCGGGATCTTAGCTCCACTGAACACTGTGCAGGAGTCGGAATGTCACTAGGCTGAGAGTAGGGTCTGGGTAACTCTGAAGCAACTATAGAAGCACAGCGCCACCTGTGATATACCAATTAGGTTCACGAGCTCGAGTGATTAGTCGAACGTCACAGCGGGTCGCTGTAAGGTTTCCGATGGGGTTGCGGGCCGTCTGCTTACATTCGCCGCCGTTAAAACTTATTCAGCTGCTAGCAGACGCGTGCTTGCGGTTTAGTCGTTGAAATTTCGGTCAATGTATCCCCTCCTCAGGACTGATACCGTACCGATAGACCCCGTAGAGGGTAAGTAAGCCGAATATCAAAACAGCAGGTCAGGAGGCCTGCTTAGAATGTCTCGTGCAGAC,629,51.83,Escherichia coli
SEQ_720220,GATAATTTGAGGTCTGCCGGATAACCTTCACGCAGTGTTGCCGAGTGAACGCACGTAAACCCGTGACCTGAATCGATACACCAAGATATCTATAGGGGAGTCCATCTGGTATTAACAGGTATACATATTACCTCCGGTGATGCAATATGCTAGCATAAGGCCAAGAGTAGCGACACAAAGCTTCTCATAAGTCCCATGTGTAGTCTATGTGAGCGACGCCCGGGGAATTTTTTGCTCGGAGCGTCTATCAATGCTAATAGTTTGCATATGTGTTGGAGGGGGTGATTCGCTTTCTTCCTCGCTTAGTTTTTCATC,315,46.03,Drosophila melanogaster
SEQ_975950,CCCACTGTAAACTTTTTAATTTCCCCTTCCTGGTTTACGAAAAAAAATACTGCCTTACGATTCGTACGGACAAAAAAATTGTCATAGGCAGCATGGATCACTGATCCGCATTTTGCCACCAATGTAAGGAATTGGACCGCATACTAAAGTACAATTCTAATAATACAAACGAGGTGGGTTGCGGAATCAAGGCCGGTTTGTAAGATACACCACTCGACGCGCCAGGTTAGTCGACTGAAGGCTCCACGGGTGCTGGTATGGATGACGCGTACCGTGTAACTTCGGGTTCCTACAATTGCTCTCTACATGGGTGCAAGTAGGTGAATGTTGATAGTGGCCTATGGCACTCACGACATTCGCTGAGCATCAGGTTACGACTCCCCGCGCTACACTTTGAAATCCGGACGCTAACGGTTATGGAGGATTCTTAGCAGCAGATCCTGCTCGA,448,47.32,Mus musculus
SEQ_339683,TCCACATCAGCTAGTATAGTATTATTAGATTCGCCAGCTCCGCAGGTGCCGTTTTCTAGGCCTCATGGCCTCTTCCCAACAATGTTTCAAGTTCAACGACAACGTAGCCGAAAACGGATAAGATACACGCGTAATGATCACGTCGAATGGCCTTCTTTCGACATAAATCGATTGATCTGAGCGAGCATTGGCCGTGCCTCGCGTGTCCAACAGCTATGATCACAGGACGGACCGCTTGCGGGCCCCGCCAATTTGTTTGAAAAGAAGTCATAGACCTAAGTTCACGTAATCAGGACCCAGTACTCTATTCATAAAACGTGGCCTCGTTTTGCGGGCCGTGCAGCTGTGACGACTTGGACATCGGCCCCCGGCGCTGTTTGAATATATTAGATATAAGGTTGGAGCAAGTTTTTTGCGCGTTCTTCGGTTAACTGAACGAGCAGAGTTTGCCCCTACCAGATCCTTACAACAGGATCATAATTAAGCTGTGTGATGTCGTAGTAAAGCTTGCTAGACAGTCCAACGGGGCAACAAATCATCCGGGAGGAAGGATTGATCTCTGACCGCGTCAGCGACGAAGGCGCACGCCATTCGCACCTGAAGAATGAGGGCCTGCGATGGCCAAACCGGACAGCAGCACGTCTTGACATTATTTCAGTCACTCCCACAGACGCTATCTGGACCGCCGAATGGCAATTTTTTAACGCTGGGGCGGCTCGCCACTCGCGCCGGTTTCGACGAACGACGGGCTGGCCTGGGACGTGGCCAGCAGTTCATGCCAGGTACTGCCTGTTTAATTATAAGCACGGCGTCCATTACCCCTAAACGCGACAACGGAGTCTTGTGGCCCGACGGCGTACCGCAACGGCACATCCCTATACGTGCCTCTTACCCGTCAAGCTATGAATTCCGATCACCCCAGCAGTATTGTGGGCTGACCGAAAACCAGTTAGTGACTATCTGTAATAGGCACCAGGTTTGACCAACCACTCCGATGGTCACAGTAGGCGGAGTCTCCATGGAGGCGTCAGCCACGACGATATAATGTAATGGTAGACCCACTTCACTACAGACGTGGGCCCGACTTCTACTAGAGGATTCTCCGTCCGCGCTTTTTGAACCGTCAGACGGGTCGGAACGCTCTACTTACACTTGATCAGCGAAAATAATCAGAGTATCGTAGCGACTCGCTATAGCATTCACTGGCCCTGAGCTTCCGTGACAACAATAGCCACAATAATATCCTCGCTCATATAGGCGAGCGGTTCAACTGGTTTACGTTCTAGTTAACGCCTTCTTGCCAGATGCTTCATCTATCCTCCGCTAGGGTAACATAATGTGGTACGTTTCGCCTTGGTAATTCAAGCAATTGGGTCTGGACCATGCGCCAACTCCCCCGGGCGCCGCATACCATTGCTTTTGCGACTTCCCTCCGGGAACATTAAAGCGTTGGTTTCTAGCGTCTATGTTCACATGCGTCCCAACTTCTGGCTAATAACCGCTTAAACGCTCTTCCCCAGCCGCGCTGAGGGTTAGGCCTCGTTGGAGTTGCCCGGACCTGGGGTTACTTCACACGCGGATGGGCTCCTGAATCCCTTGTCCAGTACAACTAGACACATAGTGC,1624,51.91,Drosophila melanogaster
SEQ_872311,GGAGCTACTCCTACGAAAACGTACGGGCATATGCCCTAATTTGAGTAGACTGCGGTGTAACCGACGGAAACCTCATCATGGTGTCTGCGTAGGGTCAGGCGACGTCACGGCGTAGCTACAGCGATCTAAATATGTCCAGAAAATGATTCGCGTGGGCAACGGGAAGGAACCAAAGACTCGAGACATCGC,189,52.38,Escherichia coli
SEQ_578702,CTCTGGAGGAGCTGGCAAATGAATGACCAATCACAAAAACCGGACACACTATTGCCGCTAGAATGTACCAGAAGTAGCTCTCCCATGTCCTTTACCCACGGAGTACCCCGGAAATCCGTGCGCAACCCCGTACCTCATGTCAATTAATTGTTAGATGCGACGACCGACGTCGGGTGGCTCGCCAGGTTCAGTTGGAACGCCTGCACAGTGTTCGAAATCTCGACCCCGTGAACGTCAAAAGCGGCCCCTACGTGTGATAGCCTCTTGCCGACCATAGATTCAGGGGCAAAAGACGTCAGACTGAACGTCAACTTCTATGCCTGCATGAAAAAGCCACTAAGGGGACCACTTTCGCACTTTAGGTACGGAATGGACTACTGTGCGGTCAATTGACACCTTCCTGGGGGTTTAGCACCTATCCCATCAGGTTCAATCTTCTGTCTGACATCACAAGCGGATTGTTGCCGCAAGTGTCCCACGAGCAAGCTGGCAGTACCTGGAGTATGGCCCTCAACTGTACCATTCAATGACCGTCGTATCTAATTACAAGATACTAGGGTCGACTGTCCAGGTCGGTCATCGTTGAGAGAGTAAATCTGAAGCTTCCTTGTTGACGGAACTCTAATTCCACGTGCATTGCATGCTTTGTGCACGAAGCAGACCCCAGTGCTCATTGCCCTTCCGTCGGCGCGTCCCGCTTTAGACAGCCTCTCCTTAGCTGGCACTAGTATGACCACACTCAGCGCACTAAACCGCGCAGAGGATTTATAAGAGGCTACAGTAACTTTTTTTCCGACATTTATCGGTTGCGCTAGTAGGCAAACATGATGGCCAGTTTGTAGCCATCCATCTCTCCAGATATCCCCCATATGACACGGGATCTCAACTTGAGACTGTTAAATATCTGCGCCGGACAAAAATTTGACTTAGATTTTCATCACGAATGGAATCGTCCACCAAGTAACTGGGGGGGCCGTGGGCAGCAAGCGCACCATTTAATGTATAGGTGGCAAAACGTTTAGAACGATGCTTTATTTATAATGCATTTACCTCATTATATAGGCCAACACATTGTGTGAATGAGTCTCTAGTCCGCATCCCCGCGGGAAGACGCGAAGTAGATCGCGCTTGACCAGGGATCCTAACTGGCTGCCCATTCTTGCTTGGAGATCAGCATGGGCCCACTTACTTGGCGTTAAAGGTGAGCGTGCCTGGAACTGGAGTTGCCGGTCCAAGAAGAGGCCATCATCGGGCTGTTATGCCCGGTACGCCCAACCCCCGTAGAGCACCCCCTTCCCAAATTCTGGACCAACAATAGAAACGCGAAGGGGTACTGCGTCTGTGCTCAGGCACGCGCTGTCACTTCATACA,1371,50.91,Mus musculus
SEQ_239442,TGGGCGTCTCATACAAGTAACGGCTTAGCCAGTAGTGCCACTCTAAACAAATGTCCGAGTCGCCAATTAAATGACCCTGAGCACGGCCTCACTCCTGGCATTAGACTTAATTTAGTAAATACTGTGACTCGAGGCCAGAGTTTACTTGGACAAATACGAACGTAGGAGTCAGTCCAGAGGTCACACCGGTGATACCTCACAGGTCATGAACATATGGCTAAAAGTCGCTT,230,46.96,Escherichia coli
SEQ_860845,TTCTCAAGCCACTCCAAGGTTCGGTAACGCCGACGAAGACTACAACGTGGATAAATAATCACCCCCTGACATGCTTGGTAAGGGTCGTTACGACGTCGCGCCGACCCGCTTTTCTCGCTAACCTCGCACCGACAAGGTCCCAAATGTGTACTGCCCTGCGGA,162,54.94,Escherichia coli
SEQ_449154,GTCACGCACTAGCACGCCTAACTCGATTTCACTTCTGTCGATACATAGATCTGCCCTTACGGACCAACCAGGGAGTGCCGGTGGTTACCTTAGCTAATCGGACCGGTACGCGGTAGATAGAGAACGCCCGTACGCGCTCTGCCGATACCTGATGCTTACGGGCGTGCAGACGAGGATGGCTTCTCAAATGCGACTCTTATAAGGTTATGCTACATTGGGTATTCATCGACCGGAAAGATGCTGAAATCTACTAATGAGCCGGTCAAGTACAGTCTGAGAGCTTATACTGAAGGCGATGTCTTCCAGTCTCATCCTACGTCAGCATGATTCCGTTAGTAGGGTGTTCCTATAGATCTATATACAGTACCCATGGTTGGAGTGGGTGTTCGAGTTTCAATCCTTAATATACCTACTGAAGCGCTCGCTCAAGGGAATTAGAATTGAGGAAAGAGACTGATCTTATGGCCTGGTCTCGTCGGCGGCGATCCTATCGAATGAGCTTACTACTATCGTTGGAGTATACAAGCTCTAACCGGTTTGCATTG,545,48.44,Escherichia coli
SEQ_596560,TATTGACGATTGTGTATACACGTCGCTGTAATCTGACGACTACATCAAAAATCACTCTATTATATTGGTGCGGTGACGCCGCGCGCGTTAGTCTCAAATTGCAGACAAGAAGGGCTGGGAAGAGAGAGTTCACTGCTGTGAGAAGGCTCGTTCGGTGTACGCAGACAGCTCGTTCTCCCAATCCTAGCCTAGGCAGCTGGGGTACCGCTCTAACTCTTGTTAGCAAGAAGTTCGGTAGTTAGACCACAAGGTACCGATCTCCGTGCGTTCCGATCGCAATATTCAATGTAGATCGCGTACGGTGTCCACCGGTCCTCGCTACACGTCTGCCGGTGTTAGGTCCGCTGATACCTTGGCTAAATACGTATGCCATAGGGGCTATTTAGTTATAAGACTATCCTAGATGTCCAGGCCCGCGGCCTCTGGTTATACATGGGGTTATCGCTCCAGCGGTCGAGAACACTAGGGGGGGTGAATTGAAGTCGTTTAGCCCAGAGGTCGCTAGTTGAGTCTATGAGTATTACTACGCCGAAATCTGGCGGCTCTTCTGTACGTCAACTGTGAGGTGACACGTAGGACCTAAGGAGAAGATGGCAATGCAGTCGGTAAGTCTCAAGTGTTTCATTCCTGACCTACCGACGTTGTTATAGCGCTGACTTTAGATGGTGACAGGCTTTGATTATTCTTTTTCGGACGAGTTTGTTGCGGCCACGCACACTGGTTAATCAGGTCCCCCGCTGATTGGGTCGATCTCGACATATAGATCTTAACAAGGTTAACTAGACTGATAGATTCCGTAATGTCGGGCGGGCTCGTTTTTAATGAATCGGCGCTATGTAGCTAACTACAGGACTAGTCCAATGGGTCCCAATAGCCACACAGAGCCTGTACTAACTAACCCGCTGAGTAGCCCCTCTACAATGGGGCTGGATGTTAGTATCACGAACGAATCGTTACCGGCACTCTCTATGTACACCTCCGAGTCCGAGATATCACATTGCCCTAGGCCCCTGAGCCGTTCGTGTCGGCTGCGTGACACCAGTCTGCCAGGCGCTCATATGATATACCAAATCTGCCTATCTTGCTACAGGAGTGCAACAGGCCAAACGCATGAAAATAGCATTTGTAACCCACCGGATTTCGCGGTGCAGTGTAGAACACTACGACTCCGACACTGATGATAAAAGAGGGGTCTCCCGGGCGGAGAAGGCGTAAGATCTTCTGTTTGTTTATTGAGGCAAGAGTCCGCCTTCAATTCGGGCTCGGCGGTGGAACTATTCGGACGTGACTTAATAGCACATACTCCCGGTTAGTCTATGGAGGGAGGGTAGCTCCGCGCGTCAGGACGGAGAAACCTATGTTTCGTGCAGACTTTTACTACCACACCGCCAGGTTGTCGACGCAGGCATTGGTTGTACGTAAGAGGCCGACACCAGGATGAAAGTCAACATCGACTTAACTGTCTTTTACTTACCAATTAGCAAGCCGGATATTGTGCGGGCCCGGTTCAACGCACTGCCGCGGTCTCGCGCGAGAGACGTGCGGGGACTCTGACCATGTATTCGTCGGCCA,1572,51.08,Homo sapiens
SEQ_927409,GTGAGGATTGGTTCACCACCTGCTCCATCCAGTTTTCTTTACAAGACCTCTACGTTTCCATAGTACTTTGAACGTGGCTCGTGCCATGTAGGCTGGCCAACACTCGGCAAAGCTAAGGTTTCCCGTTGTGAATGGTAGACCCACAAGCTCTATAACCCGGAGTGTACACCGGGATTTGAATGATTCCTAACCGTTGCTAGCGGGGCTGCCCACGAGGCCTGCGCGGGTACTCATTTTTGGTTCATCTTACCCTCGAGCGACTTGCGAAAAAACAGTGGACATGGAGACGGAATTACTGTGCTTCCTCAGGTCAGACATGAGAAAGTTGCTGTTTTGAGATTCTGCCAAGCTGCCACTGACTTCTGTTACCCGAGCGCTTACAACAGTGGGCAGGCACTGTTCCTCAGTCCACAGCCTGCGACTCCCTTACCGGCTCCTCCGAGACTCGGCTGTTACTAACCGCAGTCGTCTCTGGCAATCAGGAGGATAGCCAGTGAAGATTTGCCCCCGAGAAGGTACCGACGGGGGCCGTTGTGGATGCTACCATCCTTACTCCACCACTTTTAGTCCTCTTGGACGGATGGGTGTGCGACTTAGTCCACGTGAGTTCCGTGTGAAGACTACGAATTGTGCAGATTACTCGCCAGTGCTTGCATTCATGGACCAATGAGAGAAGTAACAATAGCATAACACCATCAAAGGTCTACTGCATTACTGGTGAGAGTAAACTCCAATATTTTCCACACAGTGAACTTGTGAGGCGTTCGTTACCGAAGGTAGACCGCGTCACCACGGCTATTCTGCCCGCTCGTGCGGGCAGAGTAACCGTTAGTAGACCGAGTTGACTAGGAGCTTTGCGCATGCACACGTATTCCTTGGGTTTGTAAATAGATGGTTTTCAAGGGCGTCCAGTTCAAGTCCACATCCGAGAACCACTACAAGTTTGTCACACGCAGCGTGTCAACGGCAACCGGTTATTTTTGTACCACCGTATTCCCGCCTGACGCCTTCGAGTTACCGGGTCGGCATAAACTCCCGCAAAATCTAAGCTCAGCCAAGAATAATCTGTAAATGTGGAAAACACGTACTACGCATCAACTTCGAGTCGTCGGGATGCCTTCGGGCAGGGGTATGCATGACGCCTGGGGTTTTCGTCACTACCTGAGAGAAACTGAAAGGATCTCCCCCAACTACGGAAGCGGGATTGTTGATTAAACCGC,1220,51.23,Saccharomyces cerevisiae
SEQ_116240,CGGTGAGCCCACAGCTGCTCGACATCGGACCTTTTTGATTTAAATCTGGGGAGTGCCTGTTGCCATAAATGGGGGTTATTCGGCAATTCACGTTGACAAGTAACGTACCTTCACGGGTGATTAGCAACATAGAGGTCAGTCTGGACACGCTACCTTGACCATTAAGCTGGAATCGAATCACCGTTATAGCAGTTAGTCACGGAGCGGTAATGGCACCAACCCGCAGTGGTCACCTTGTAAAGGGGTCACTTTCGTGGCTATACGCATCAATCCCTATACGCATACGTGACCTGCGGGCGACGACTGGATTAGCACGGCCTGACAACAGTATTTATCAAATGCAATACCTACTCCGGGTGTGAACGAGTCTTCAGTTCATGGGCTCGGAGGGACGGAGCCTGACCATCTTAATTACCCCGCGGTCAGCCAAGTCTTTAATTGGCGGAGGGAATCACCTTCTCGACCGGAAAACGGTCCAATAGCCTCAACGTTCAGAAGCCACTAAGTATATCCAACTCGCATAAATGTGAGACTAAGGAAATGGGTCGTTTGCGACGATTATCAGTAAAACACAGAGGGCATACCGAGGTGGTAG,595,49.92,Homo sapiens
SEQ_297153,AGTCTCAGAAAGCCCAACGGTTAAGTAGACCTCTGAATTATAGCCCCAACTTAAGTCTTCAACGTAATAAATTATAGTGACAATTGGAGATCCAATTCTCCAGAGAATTGCCTTAGATTCGTGGCCTGTCTAGTGCTCGACATTAAACGCGTAGCGCACACCCCATCCGGTGCGGCGTCTGGTGTAACACTTGACGTCAACATATAGGAAGATGGACGTAGTCTGACTTACGACCTTATTCTATTAGTGGGGCTTGTGTACCATTTCGCAATAAGTTATAGGTCAGGGTTTAGGGACAGATAGGACAAAGGTGTTTGGTCTTTGTAAGTTGCCAGAAACAAAAACCAAATACGGTGCGCCATTCATCCAGGAGATGGGATGTGCACGAAAAAAAGGAGATGTGCCTGTGTAACATTTTTAGAATGTCTTAGTCGGATTATCGATAGCATAGAGACCAGTCAGGTAATATCCGCGTCCGGATCGATTCGCCATCCCCGAGAAGTAAAGCGCTCCGAGGCAGTGCACTTAGATGCCTCGTCCTCGAATAAGGCCACATTGCCACGGTCCACCTAGTCGTTTGCTACTGGCCACCGATACATCGCTACTCCCTTCGTATATCGAGACAAAAGCGAAGACTCAAATCGAACAACCGAGGTTGAGAACAGAGGAGTTAACTCTAGGAGGGGTCCACACCTGTGCGACACCTGAACTATGAGTTCTGGGTAGACACACCCGTCGGTATACGTCGCAACTTTAGGGGTAATTCCTCTCGCTAGATACACCGGCCCGACGAAGTGGGCCTTGCCGCGCTATGCTGATTGTCGCGTATAGGCGAGTGGCGGCTCAGAGCAGGGCCATCCGCCGCTAATCTTACTGGAGTTAATGGTGAGACTTTGAACAGGTTAGTGGTGGCAGAGAGACGTCACTTCAGGTCCTGTTTGGCCGACGGTCCACGACTTTTCTAAACGGCTTAATTTAAACGATATGAACAAATCCTTACGGCCCGAGGGGCCATGATTGCATTATCTGCTTACCAGATACGGGCAAATTCGCCCAGGTAATTGCCTGGTCCGTGGACTTGCTAACTCAACAAGAAGAAGGCACACTGCCCACATAGACTGTACACCAACCTGCGCTGTTGACAGGAAGAACTCACAGATTCTGAGCAACGGTGCTCTAGTCAACATTAGGATGGATTTAGCCGGAGAGGGATGAACCAACATTCGCACAAATATCACTAATTTAACGTATCCACCGATGATCGAGCGGACGCGATCTTTGGCGTGTCATTGGCAGACCCAAAGTAACCGCACCGCCACTTAGAGTTTGTTAGGTGCGCCGTGGCACCGCAACGGGATAATTTCTAGTGTTTAATGTATACATCATCAACCGGCCTGAGGTTTACCCGTACCAATGGTGCTAGAACCTGGTATGGATGCTCAACAGCGCAACTATATCAAAGGCTTCGGCCAGCTACAGAATCTCACTCTCCGCCGAATCTAAATCAGCGTCAGTAAGCGACTTAACCTGATCCGTAATACAATTGATCCATTGTTAAGTGTGCTACTTAGGACGTTTTTGCTAGGCCCTATAGCCCACTGAGTCTAAGGGTTTAAGGCGCTCGAAGTGAGCAACTCCTGATGCGGGCGAAATACTAGCGGAATGTCCGTACAGATATATAGCGATTTCGTCATCCGCACCTTTCTTGTTAATCTTATGGGGTTATGTCTCAACATGTGAATTCAGGGGCGTCTTAGCAGAAGAGAAGT,1769,48.28,Caenorhabditis elegans
SEQ_934857,TTCAACTGCATATTGTACCGTCCGTTGCTAGCAATGCACGCTATAGAAAGTTGATGTTGCAATATCACATCTGGAAACGCACCGTCCTTTATAGTACAAGCTACGAAGTAGATTGTTCTTCAAACGAGGACTCTCAGGGTGTACGGAGGGCGCTTCTAGAAATTCCGCGAATATTCTTCGCCAGCCGGTTAGGTTCCCACTCGTCATGCTGCGGCCAGACCGGAGCTAACCCACAGCAACTCCTTTTAATGCATTGCCGCATGCGACGGCCCTTTGTGAGGCAAGAACATTGTAACATCGCAAACTATAAATAGTGGTGTAGGGTACAGCTCTCTGGTTAAGAAATGCGGTATATGCTCCACACGAGAG,369,47.97,Mus musculus
SEQ_848557,GGACGATGCACTCTAGAAACGGTATTAAAGGCCGAAGTGATGGTTTATTGAATTCGTATCCAACATGTCATTAATGGGATCCCAGCGCGCCGTAAGTACCTGTAGGCTCATTTTAAATAGAGCCCATCACCTAAACGTCGGGACAGTTATTATCTTGCAGTGGTAAAACCTTACCCCTAGCGTGTCTATCTTTAGTTGGTAATCACCACGTATGACATTTAAATGAAAGGATCAGGACCCCCGTTTAATACTGCTTTTTGCTAGACAATTCCTAGGTGTATTTCGGTGCCACGAGCACTGCACGGGCAATTGAACTCGGGCGTCCTTTCCGCTAACCTTGCGAATACGACTATAGACCTTGAATTGATCGCTGGGTACCATGTGTACAGACGTCAAATAAATGGGTCAACAAACACACAAATCGCATGATCCGAGACAAGCGCTTCGGTATAAGTGGGTGCTTTTGGCAGCGGTTCCCCATATCGTAGGCATATGCACAGGCGGGACATGTAATATCTTTCACCGATCGTTCCGCGAGATGTCTGCCACTTCTGTGACCATATGTACGGGCCAAAGAGGGTCTTAGAGCAAGACTAGTACTCGAGAACACAAGAAGATCGGAACCGGCGTACGGGTGAATAACACATGCGTTCGGAGGCGATGTGGGCCCAGCACTAAAGGTTTCTTTAGAGATTTGAGTATTCACTTTATTAAATATTGATAACGGAATAGGTTCTGGATTCATTGGATAAGACGAGATCAGACTGACCTATTACGTACTCACCCTGGCAACGAGGACGGTAGTATGGTTTGAAAATACGACATATGTAGGTCGAGTACCAACGTGACAAGAAGATCCGACGGCGTCTCTGGCTGAACGATGTTTGCACATGGATGAAGACCTTCCGAGGGACCTGTATACTAGGGGGGTTTGTCAGACGCTAATCAGTAATATGGGGACTATTTCCATCTAGATATTCCGGACTAGCGCTAGCCACGGTACTTAACGATATTCGGGCCAGGAGCGATATTATAGTTCGAACGCAACCGCGAGAAGACTCTAACCTTTATATGTAGGACTTGAGAAAAGGTCCTGGACCCCTGTCCTGATGACACCCTTTAGTGTTCGGCGCAGGGACTGTGAATATTGACAGTCACACGAGGTTTGTTACAAAATTCCGCA,1183,46.49,Mus musculus
SEQ_692441,GATAACTTTGTTGTTAGAATATCAGAGTCAGAGAGGGCATTGAGCGATCACCCCCTTAGCACTCTGCTGCGCGTGGGGAGAGGATGCCTCTACAAAGGGCGTTTTTGCTTGCGAGCTCGCAAGCCGTGGCACCCCGCCACATCGTGACTTAGGGCACGGGCTTCTACCCGATATTTTATACCCACAAACAGGGAACTCCTGCCCATCGGCAGACGAGATATTCGTCCTACATTAGAAGCACTGACTGTCAGATACGTACAGGGGGATGGCTGCCATAGTGGCTATTGTAAGCATATCGCGATATGAACATAGACTATCAATCCACTGTGGTTTGATATCCCTGGGTGCGAAACAAGATGGAGAACTTAGCATACATGAGCACCTGCGGTTTCGGCAGTGCCATTCAAAGACTTGGCTTCTGGCCAAATGCCCCGTAATCGACAAAAGCACTGTGCCCAACTATGATATCAACAAAGACATACCTATAGTTTGCCGGTTAGACTACTCACCCATAGCTAACATCACTGCGGCCGGAAACGCTGTACGTAGCCTGTCAGGGCAGTGGGCAGCAAAACCCCACTTTTTTGATCTGACGTATTCCGGAAATAGCCCAGCGGTTTAGTGCGGTCAGCTTTGTCATGCAACACAAGCATGGGATTGAGGGAGCCTGCCATATTTGTGGTCATTCGTGTGGTACCAACCTCCGTGGAATCGAAAATCTGGGTAAGAAATTTGTAGGTGGAAGCTTAGATGGTCTGCAGAAAGAGGGGTGGGCAAGTGATTTTGGAGTTCGCCCTTTATACACATCTGCACACGCGCTAATGTTAGCCTGTCAATACGACTTGGGGAAAGCCCGCCCGGTAGTAGTACACCTCGTTTCACCGCGCGACTTGGCTCATAAGAACAGTTAGAGAACAGGATGTCTCTTCGTCCACCACTTTTCGGATCTACGCATTTTCTCGAAGACGCAAGAGTTATCCCTCCACTGCAACCATTTTAGCGAATATGCAGGCCAGGTAGTTGATGTGAACTAAGGACTTATCGACAACGGCCACTACGATGGGTAAGGCCAGGACTCCTTGGTTAATTACTCCTACGACAGATACCTACAGAAGGGAACAGTTAGGGGTCGGGGACGTTGCATTAGATCGCCACATGAGTTACAACGTGTGTGAGGACAGCCACCTGAGCGTCCTACGTACATAAGCGATCTCCCGGGCTATGTCGTGCAAGCCCTACTCGGGTCGTGGCGCCAGCCAACCGCGGATGGAAGGAGCCTGGTGTTACGACTACTAACGGCTTTATCGTCCTCAAACGAGTAGTACCGACCGTATTGAAGTTGTGTCATTACAGGTCGGTCATTAATATGATGTTCTCTGAAGGTGTGGGGGGGCGTTACAAGCTGGTTAATTCTTGATTCGTCCTGAGGGTACGGCGACCGGTGATGAAAACATCGGCTGGGATTCAGCACCCAAGGCAGTCACATTCGTCTG,1493,50.5,Escherichia coli
SEQ_327600,TGTCGTCAAGAAAAAGATCTCGTTCGATCAATAACGTTAGTTCCTGTGACCGGATATATACCTCACATAAGTCGGAAATTGGTTCCATTAGATTCCATGGGCCGGGGAAGTGCGTTCGAATGACGAAACTACTGTAATGAGGACGTGTTCCCACAGTGACATGGCTC,167,45.51,Caenorhabditis elegans
SEQ_312306,TAAGCTATGACAATCTGTTGCCTTTTCCCGATGATAGAGCTTTACGGATATTGGTTCTACTGTCTAAACACTACCCGAGGGATACCCGAGTCACCGCGACGGTGCTTACCAGATTCGATAGAAGGGGAGTGCCTTGGTTGGACCCTACATGTCGTGATATAAGAACTTGTTTCCGTAGCGTGCCGTCTAGGCTTACGCGTAATTTTTTGATAGTATTCGAAACGAAAGCGTTCCATTCCTGACTTTCAAAATCTTTGTAGTGGACACGGGCACATCGAAGTAAAACGTTTCCATAGTGGCCCCTTCGCAGGATCCCGGCTAGCATTTGTTTAGGCAAAGCAAGAGCCTCAGTTTCTATCATGAGTATAGCTCAACCTTTGGGGGATCGCGTTAGCTCTGAGTTCCGGGGACGCCTTTATTTCTCAAAGCGCGGCTCATGGATTCCCCTCTTAATCCTAAGGCACCTGGCAAATCAACATATTTTGGGGCATCTCTCCGCTCTTACTTACTTTACATTGAAGTCACCTCAATATCCAAGAGATGAGGACCAGCCGCGATAGCACAGGGGGCACATGCGCCCGACTGACATCGATTCTCACAGTTCATCTATAGCCAGCATAGGCCACGAGCTCTACGACAGCCTCATCAAGATTTAGACGGAGTCGGAGAGAAACTGTTGCAAATGGATGCGGCAGGACAGTCCCAGCTCTTTGTACTATCTACAAGGGCTCGCAGGCCAGAGATGCATATATTGGGCCATTCTGTAATAGGCGAGGTTCCTTTAAGATGTGGATACCCAACAATCTGTCCGGACCGCGCTTCTAAGCGCAATCGGAGACATCGTAAGTCGATATTCCACGATACCTCACACGGTCCTAGCTAAGTTCTCGGCAATTTTTATACTAACTTGATCTATTCATTCTGCACTTAGATGGTGTGAAGGACTGCGCATTCTGAGACAAATGAGATCCCACCCCGCGGCGCCCAAAACGCGACGCTGCTACCATACGAGGGCCTAACGGGGAGACGCGGTCTCTAAAACCTATAACTACCATCCATGTCATGCGGAGGATCGAACGCCTAAGGTTACTGTATTACTTCGAACTTCTCTATGTGAAATTGGTGCTAAGCGGTTGAGCTCATTAGCGCGGCCAGCACTCGTTGTCGCGTAATTAAAGAACGATGTGCTCATCCTCCAGTTTTTAAACCGTGCAAGCTTTTAGCGAAGGCGTTGTTACTGAGCTCCCGCTGACGCTGGGGTCCTGGGTTCATTCAATGTGTCATCGAGGGGTCTATTTGTACAGTCTGTCATCCGAGGTAGGGCCTGAGTAGCCTCCCTCAGCTCAGGGTTACACATACTACCGGTAAATTTCAACGCCACTATTGACAAATGAGGGGAGTGCGTCATGCGTTCAGTAAGCAATAGAAATGTATGGCGCTTTCGGTCCCGCTTCGTTCATAATTAAGATCGCCCTATCGACCAGACTGGGTGCATTCCAATTGCCTGGCTGTTCAATGCGACA,1523,48.92,Saccharomyces cerevisiae
SEQ_539491,GACCGTTACCAAGACTCGCCGCCTATTCTAAGATCCTTCAGTAAGGCTTTGACCCAGCCGGCTCTGCCCACAAATGCGCATATGCATCGTGGCGTAATTGGGCGATATCAATTCACCCGTGACACATCGGCCGACGAAACAGAAGAACCATCTTCGCGGCACGGAGTGTCCTTTGGAAGCGAATTCGAGTAATACACTCGTGCTTGGGATCTCCTTAGATTGGTTTCGCGTCTAGCATCACTAAACCGGGTGTTTAATAGTCCTGAAGGTCTCAAGTAATGAGGCCACCTCGTCCATGCCTGTTTATATATAATCTTCCTGACACGACTACTACAGACCTATTCCGCGAGTAGCACTGGTCCCTCTTAATAGGCTATGGAAGTGTTGAGAAATCAATCTACCCCGGTCAACCCAGGACTTGTCTCCGCCCTATACAGACATAATTCTGATTAAATCCTAGACGCGGTGAACCTCAACCTCCTTATTTCGCCGCTCGTTTTCCAGCAACGTCGCCATAGCCACAAGCAATATGTCATGCTCCGGTGGACGATATTGCAGGGGGGTCTAGCCCGTTTTTCCCGTGTTCAGTTAGAATTTACTTCGAACAATTCATGAGCGGTGCAAGATGTCATATAGTATTGTTGGGTAAGGGAGTGTAGAGGCTCTACAGTGGCGTTTAAGACAACCTGCTACACTAGACGTCCACGCTTCGATGCCTTACGTCCGGCATGGCACCATCGTGTAGGATTCTAAAATCGCGCCTGATTGGAATCACGCGAGTACGGGGGTGACGCCATGGGGACGGGCCGATCGGACCAGTGCACACGATACCAGTCGGCGACCTATGGATTACTGGAACTGCGGCGAAACCATATCTTGGATCAAGCGCGTGGCCGCCTAATGGCAGCTAGTTTCAGCGGGGGATCAGCGTTGTGTAGGTGGGACCCTTAACTATGGAGTAGCACGGAACGGAGTTACATCGGTCTCACCCGGTCCCTAACCAGTAAAATGGTGATCAGCGGAATCTATAAATACGGTCTTACCCATTGGCATTGATTGTGCCTGATTGTCCAACCGGGGCGACCCCAAAGCCTCTAACATCGCCCGCAATACGTATTGGAGGTTACACATGAAAGCGAACGTCCCTATGCAGCCCGGAAATACCGTGGTAGCAACCCAGCGAGTTCACACCGGCATTCCCGCCGTCTGACTCTCTGCCGCAATCTCGAGACTGCAGCGGACAGCTAATTACGATCGGCACTTTTTCCGGCGCCCAGTCAGGAACCCATTGAGGGTAGAGGATACCTTCGTCCTGATCCTCTTCACACACCGCTAACTACGCCTCAAGTGGTCCAGCGAAAGCAAACCCCTTTGTCCGAATGTCGCTTTCAGAATGAATAGAGAATTTGAAACGATCTCATGGGCCGTTCTACTTTTTGGGCTCGGGGCGTTCCGCTCGCGTTAGATACTATACGTTGGGCACCGTGGTGGATGCGTGTCTGTTAATTGCTTGCACAACTGCACGGTCCCTACACCTAACTCCGCGGCGCCTATCTGACGGAGGCAGACCTTCGCGTTGTGTGATCATACGACCTGGCCACACTCGCTTAACGCTCGGTACGGCAGTAGGTGGCCGAGAAGGAAAATCTCCGTGCCTTTTTACGTGATGTGTGATAAGCTGAGTTATAATGTCAGCGCAGTGCTACTCGTTTATTCGGATATAACTGTCAGGGTTGCCTCATTTCAAGTCTTGGATCTTTGGGTACCCATTCGCTGAAATGAGGTAGAAGACTCAACATGTTCATTGTCAGCAAATATTTCGGGAGGAGGTATGGACCACGACACTAACGCGAAAAATAGCGCAGCACTCCGAAGTGCCTCGGGGAAGAAAGGTGGTGGATTGTTGAGGTCCAGCCAGT,1919,51.38,Saccharomyces cerevisiae
SEQ_277113,TGGTCGAGCTGCTTCTTGCTGTAGTATAGATCATCAATTCACTGTAGGTTCGCTAGAACTTATTAGGGGCTTTGACACTACTGTTTCCACAGCTGAACTCACTCATTAGAACTTAATCTCCACTACTGCGCTGCAAGGAACGTTGTTCTTTTAATAGCGCAATGGGCTGGTAAGTGGGAGTTACGAGTTCAACGGGTACGCTTTCGCAAATCGAAAAAGGCCTCTTCAGCTCCTCGTGCTCAGACCATGAGACCCATCGGCGTAACTTGGGGCCGTGTCGGCCAATACACTCTCACTAAGACTCATCGGACCCCAGTTTCGCGTGGTACTGCCTAGCTTTTGTCGACGGCGGCTTCATCGCCGCCTCCTCTTCAATTTTCTGCGACTTTTGCGACAGTCTCCAGTTAACGGCCTGACGCCCATGACGGTCTAGCACAATATGGATCCACTATTCGATCGGTAGTGACTAGAGACCGGCTTGATTTGCCCCGCCGAGGTTGAATAGGCCAAATCCTACGTCCGACGTCTCCGGTCCCGCCTCCATGCACCCTATCGTTTGGCGCTCGTAGTACTCCCAGGGCGCCAGTCATATCAGGGGCCGGTTTACGTAATCCGACCCAGTTCCAGTTTAGTCTGATTAATGTATCAAGCACTCGTTAACTTTAGCCATCTCGAGAACACACTAAACACACATCAGTCGGCCAACCCGAATTCTTTTAATTAGACGCAGGTGTTATATCTCCGCGTTACCGCACAAGGTGGCCGCGCGGACTAATATCACGGCCATGGTGTGCTCAGCATTCAGGATCCACACTACGGCGTCCTTAGCCTCACTTCCAGGTAGTCAAATATGCACAGTATCGTAGACTTCCCACAAGTTCTTCCTGTGAGGTATCAACTGGCGTGGTTTGGGCTAGACTGCATTCCGTAAGCCGACAACTGTTCGGTTCGATAAAGAATCGTCCCGGTATTGACCATCACCTACTTTGGTAGGTCTTACCTGCCCCTGTGAAGCGACAAAAGCGAGTCAGAAGCCTTATACAACGCATCTCCGGCTCATAGTGGGGAAGAGAGGCAGGCGCGCCTATTTGAAGGGAGAATTAATACGTCGTCAGACCAGGCATCAAGGGACAAACTCGGCGAGAGCTTACCATTGTCGAAGCCTGGTTTAACGGTTGACAGACGGGAATACGTGGGGATTATAAACTAATGCAGTGTTTCATGTATCAATGTGCAGCACCGACCAGTACGCTGTCTCCCGCGTACGTAATAAAACACTTAACTCATGCCCCCCAATTATGAACCGCGAACGAGCTGTTCTCGAGAACTTCCCGAGAAGCCGGCGGGTGTAGTTCGATGCGGCTGCCCCTGGTGGTCAGCCAGTTAACTAATTTAGAGGCATACAAACCGTGGTTAATCCCTTTCGTTCCTTACGAAGCGGTAAAATGTTCTCAGGTGCTTCTATTGATTTCATCAGAACACTGCATTAGTAGTTTGTGGTAGCCGCGTCTCAATGGATTATATTTATCGGGGGGAATTCCACAGAGTGGGCTAAAAATGTCTAGTGAATATCGAGTCATCCAGTGGGTACCTATCAAAACAATGGGTTATACTTCGATATAGGTGCGGTGCACTCCTACCCGGAGTCAGGGCCGAGAGGAATGCACGTGCGAGGCTCATCGTCCGAATACGGTCGGGTGTTAACCCCAGGACATTAGTTACCCATTAGATGGGAAAAAGGAGCCATCATGAGAATAACCTGAGTTCATCGAAGCTTTCTATATATTAGGGCAAAAGGGGCGAGGCCTCCGGGAGCGTGGATGACTCTTGAAGTTTTACTTCAATTCCG,1849,49.86,Arabidopsis thaliana
SEQ_354384,TCGGCGAGTTCTGCTGGTAAGCGCACATTCTTACAGTGTCGCCTCTCCGTGGGTTGACGGGCTTGCGCCGCTCAGCACGTTTGCCTTCCGGCTCCCGGGGACACGTGGAGATGAGGGATTCACAGAAGGTTGAGCTTGAGCTTAGTCACGAATGGTGCCTTGGCATACAGGAGAGTATGTTTGGGGCCATAAGTTGACCTATTTGCAAATGCCATCCAAGAACTGCACATGATGCTGGATGATTCTCGCCGATGCTAATTCAGTCGGTCGCGCCGCTCAGTTTTTGCCGAGGGTTGACGCGGAAGTTAGCAGAGCAACCGAAGTGCGTACTGGTCCCGTACTCTGTTAAGACATTGCTGGGCCCAGAACCGCTACTGCTGTTCATCGCCGATCGTCAAACCCAGGAACACCTGGGCCCGGTATCAACCTGTAAGGGCAGATTACGAGCAGCTTGCGCTATATAAGCGTCCGCTCCGCCTCCGTACAGAGCCTTGCCCAGGCTTGGCAACCACACCATTCATCGGGATGGATCCGATGATAGTCACGGAGACTTCAACGGCGTCCTTCTACGCCACAAAAACGAATAATCGGAATTTCGATTAACGGAGGAAGCGTACGAGATGAAAAGACAGGCCACAACACTCTAGCTGGGGTAAACAGATTGCACGAGGGGACCAACCGTCCGCTGTTCTAATTATAGGGCGGACTAGCTTGATGTACTCCAGCTAAGGATCTATGTCTGTTAGATGACACCTGTCGGGCGATAAATGATAAGCCTGTCCACCCGTAGCTACTCCAAGAAGTATGTCCGGGCATGCCAGATGTGTTTTGAGCTGAGTAACTATTCTATTCGAAGGTTCCGCTTTCGGAAAGCTACCGTCCCCACTGTTACGCGGGTACCGGCCTGTCGGATACGGATAGGGTACTTAGCCACCCGGTTATTCTTTTATTCCGCACTCAAAGGACGTTTTTGTGAAGCCCAGGCTACAACAACAGTAGATCTTCTTGGTCATTCAATTAACAGCAAGGGGATACTCCCGGCGCGAGGGTCAATTCATTGAGTTGAACCTCTGGAATTTAGTCATCCGGTCCTTTTGCAGGAGGATGCGATGAGGATATATCGCAAGTATACGTAATACATCTATGCGTAGACGAGAGCTAGGTACGACAGTTGAGGGTGAGTCTGCGGCTAAGGTATGCCTACATTCACCAAACGCAGAGTTGAGCGCTTGCGTAGTTAAGAATCCCGTCTGAATATTGTGGGAAAGGTATTCCCGCCAGCCGATTTAAGAATCCGATTGTCAAATTGCGGGAGGGCGGAACGAGCCTTTAGAAGGAAGAGGCTAGTTAGGAGGGCTTTGAGAACAAGGGAACACCGGTGTTTCCTTCCCGCGTGTCGACACTACTATGTACATTCTTTATCTGTGTGGAGAGCAGGGTTATCAGGGGACCATGGAGTTCGCCGCTCGTGATTCCCATCGAAGGTCATGCCTAGCAAAGTGCCTAGCTCACCATGTATGATGTGGTTTGATCACGAATATGTGCTCCTGGCAGCTAAGCGAATTTATACGTGCAAGTAGCCACCGACTTAGTTATATCCGGGCGGTAGCAAACCGCAACAGCACACATATGGTCCAAGAGTAAGTCGGTGTAGGTCCCATTTGGTATGAAATTGTCAATATTCCAAGGGACCGAGCTGAGCATGTCTGGCGAAGATAGCTGATCAAGCGCCGGCATTCCATCCACGAGAAGCTCAACCAGCCCACTAAGAGGGCCTGGACGCCCCAAAAAAGAAGAAATTTCGCGCGAGGTTTCGTGTGGTCCATTGTTTCACGACTAAATTCATGTGGGCGGCCGAACCCTGTCGGGGCGCTCTTGGTGGGCTGAGTGATAACTG,1897,51.4,Homo sapiens
SEQ_607250,CGCGTACTACCGGCCGAATCGACCGGTCAGGAGGCGTCTTCATTAGTTATATAGTGTTCCCTAACGTCGGCTGCTTAGTTTGTTTTTGGACGTCGAGGGAGTCGCGTCTAATCTCCGCGCATGGTATTGACCTGACATTCGTCAGGTGGATTCGCCTGCAGTTTTTACCTGCGACCGTAACTCGAGACAAGAGGGGCTTCCGGAGAGAGGGGCCTTCCCTGTTACTGCCGAAAACAGAGACTTAGCTTATGCGGTCTTCCGCCTACGACAACACCGATTGGTTAAAAACTCGTCACATAATCTTGCCCGCCTAGAATCCACGTAGCTTTGACCGGCATAATATCCTACTAAAGTTAAACAAACTGACGGACTATAAGGCACTCCGCAGTTCTCGGTACCGGCAGGGCTTCATTCCGGTCATGACATATGGATTCGCGCGACAGTCAATTATCTCGTATGGTTCCCTAGCGCGGCACCATCGGCGGCCCAGCAACTGTCGCACCAAGGGAGGAGCCCGGGCCAGGTGTACTAGAGGTGTGGTAAGCGACCCAGGCGTTCCCTTAGGCGATCTGCTGGTTGGGCTTTCGAACCAGGTGCTTGCTCCAGGATTCGTTGCTCAACAGAACACTCGGTTGCCCAATGGTGCGCGCCACCATGTGGTGTCCCAATAGGGTAAGAGTAGACGGACTATCCTCAGAATACCATTGCAACAGAAGCATCAGAGTGAACTGTGAATTGAGCACGTGGGTTCTTGGTTCATCCATCCGACATGCGACAGGAGATATAGCACATAACGGTCGACCGACACAGGTGGCCGATTACGGCTCGGCTCTAGTAGGCGGGGTTTTGCCAAAGATTGCCTTTGAGTCGGTAAATTTGGTCGATAGCGGAATCGGAGGCTTAGGGCCTTAACCAACGACTAGCACCGGAGTCCTATGAAATATGGACACAAACAACGACATACTCGGATTTTGTCCGTGGATTCCCTCATTGTGCCAAGGCGAGAGTCCACGCAGCATTCCCAAATTCCGCTAGATGGAGTACTGAGACGCTAGCCGACCCGCGATGTGCTAAGGCAGCTATGGCGATCCACGTTGATTTGTTACCCGGTTGCTCGTATAGCAGTGAAATGGTAGTCATCGGGTTCCATGCAAGGGTAGGCGCT,1165,52.88,Homo sapiens
SEQ_848963,GCAAATGTGTCAAGGACTTTGTTGAGACTGTCGATAAGGTCGCACGCAGGCCCCGGCTAATAGGCCGAGATAATGTCCTGTCCGACGATTTTAAGTATCACATTATGTGGCAGTCGCTATCTACATCGGAGCAAACTCCGGACGTGTATCTCCACACAAGCATACCCTACGTCTCTGAGGTAGATTATCACCAAGCATCTTCGTATCTAGTCTATGAAAGGTGACAAAGTTGATAACGAGGGCTATACGCCATGAATTGGAAAGGCTCGTAAACTAGCCACTTCACGAATGAACATGCTCAATGCTTGAATACACTCGGGCCCTGAGTGGCGTACCCCTATATGCCAATCTGTCCATGCATTTCATGCTTGACTTGCGTGTTATTGACCCAGAGAAGTGCTCTCAAATATGCACTGCTGCTTAAATTCGTACTCATGTTACAACTTGGCCAGCATCGACGGCTCGGCAGGAGGCCCGATGCATGGCACGCTTTTGAAATGTGCGCAGCGCACTCAACCCTCCCCGACTGATCTCCCGTTCACTGCCGACTTGCACCACACCGACTCATCAAACGCGGATGGACCTCTGACCATTCGATCCAATCTGCTCCTAGAAAGGTGAGAATTCAAATCGGCATCGCGCCCAAAAAGGAAGGTCACACCAGACTCCGGCTAGGTGGTTGAGGTATTTCTATAATATGTTTCCTTGCCACGATTAGCTGTTAATCTACCCAAGTAGTAGAGACAGACTCTTTTGGTCACCGTACTCCGGGGCGTCCGTCACCCTACGGAATTACTTTGAAGCGCTCAACGACGTTAAAGAGGTTATGATAAGCTACGTACGCGTGTACCCAAACTGAGTGCGTAGTTTATCTCGGTATAGTTCAAGGTGAGGGATGGCCTTTTCCCGCAAGGAAAGCCGCGAATGTGGGTGGCGGAGTAGCCCGTCCCCAACATGCAAGCAGGCATGATCAGGTCTCCACTTTCCGTGGTAATGACCTTAGGCTTTTCATACAACCATACAGGTCAATCTCTAATCTCCACAGTCAGAATCTCCTTGCGGGAAAACAAGTTTCATGCTTGCTCCTTGACTAAGCGGTATCCTTCCCGAGCGCAATTCGAACGTAGATTCTGAACCATGCCCTTAGCCGCTGCGGTATTGATCGTGACTGAGTGCCGGAGAACGCAAACAAAACAATGTATTAGACTAGGGCATTAGGACGAACTGTTCAAATTGCCAAGCCGAAGCCCTCAGAGCGGATGTACGAGCAGAGTACCTGTCAGGTTGTCTCACATTCCGGCTCAATGTTCTTGCTGCTTAGAGATCCAGCTCCCTGTCTGAAATGCAGAGTGTCGTGCAAACATTTCGTAGATATGAGAGTCCCCGATTGATAAAGCGGGCCATCACTAGATCGGCGAGAAGTCTCATCTTTGCAAAGAGCACAAAATCCATACTGCAGGGTCATTAGACCGCCTAGCTTAGTGATCAACACTCAGCTTATCACGTCGGGCCCTATAACTTAGTGCGCGGGGGCCACCAGACCACTGCATATTGTCAACCTTTAGGCGAAGAAATCTGACTACTCGGGCATGGTGTACTCGTGCCCTAAGCAATCATGGATCAATAGGATAATCGGCTTATAAAGCAAACTATGAAAAGCATACGCCACTTTCGTGTCTTCGCTTGCTCTGCGTCAGATGAACTGCTTATAAGTCAGATTAGGAACGCACACACTATCTAACCGCAGATCTCGGAGCGATGTCGGGACACGGTACTGACAACATCTTTAATCCAATGTGGAACGACGTCCACCGTGCGAACAAGGTTGCGCAGTTTAAAGCATACGCTCAATGGTTTGCAATCTGCCTACTTTTATACTTGTCTCGTCATAAAAACGACACAGAATTAAGAGTGTAGTTATTTTTCGGCCCACTCTGTAGGA,1942,48.46,Arabidopsis thaliana
SEQ_896555,GGAAGAACATCCAAGGGTGTAATGCAGTCAGTGACGACTTTCCTGTCATATGCTAGACGTGCCTAAGATGTGAGCAGAAGCCCAGCGTACTGACTATTGTTACCGTAGCATACACGTTTTCTCACATCTTGCGTGAAACGACCGGTTTCGGAGAGGGCAAGGTTAACTTTGCGTCTTTTATCTGGAATGAATGCGAGTATCCAAATGGGTAGTTGATGATCCGTACTGGTCGGGAACCCCACTATAGGGGCGCTTCGCGAGCCACACTGTGGGAGGGACACGCTACTTCCATCCGCCCTATCCTATATTCGGAACAAGTACTCAAGTCGAAAGGAAAGGTCACTGGTCCGGGCCCTAGTTCCGAAGTAGTCCCCCCAAGAGATAGAACTCGCACGAATAAGCGTGACGAAGCATTACTAGCGGCCCTAGGGATGAGGCACTAACTCGTGAAGAAAGCGTTTGTATTAATCGAATGGGGACCACTAGGCTGGGAGATGCGGGTTGCGACCGCTCTTTCTTAGACGGATACAGATGATTTGATTTACACCAAACTTACGAATGAAAGACGCAAGTGTTCACTCGGGTGAGTCGTTACAAATCCGAGGGCAGCCATGGGCTACCCTGACGAAGCGGGTGTAGGGGGCCTCTCCTAGTGGTCATGTATGCCACCAAGAGCAAAAAGAGACGCGTCCCTTCTTTAAATAGTACTAGGAAGGCTCCGTAGAAGAATACCAGACCCTTACCATTTCTTTATATTATGGTCTAACGTTCACATGACACTAATAGAATACCCCCATAATAGGTGATCCGGAATCCGGATCTTTGGACCGTAGACGTTTAAACAACTATCAGGCAAATCACACTCATCGACGGATCGGCGGGGCTGCTAATACGTGGTAATCTAGTTTTAATCGTGGATGTAAAAACGATCAAAGATCATACTCCAAATGTATTACAGTACGTATAGTGGTTTCATAGTTAGCTATATCAGGCACCGTCACTCCACAGAAGTTGCATGTTACAGCTTTTCAATTCACGCTGCAGAGACTGAGCTTGACCATACAACTGAGGACCGCAAGGAGATTCTTGTGTTAATAAGAAAGGTGATCACCTGCCCCGAAATTTAGGTGATGCGCTGTTTAGCGCTGTAGTCTTATGGTCCCTGGCCATTATCCGGACAATAACTCTTCGCGCACTCCTAACCGGGAACTTGTGGGCCGAATCACACTCCGGCTCAGGCCCCCCAGACATCACATGAGAGAAAACGTGCCTGCGGCTAGCAGAATCAAACAGAAATGTAGCGTGCTCAAGCAACAGAACTCGTTGTTTTCTTTTGAATTGACGTGTGTTGAA,1353,47.89,Arabidopsis thaliana
SEQ_885008,TACGGATAATGCGGTCAGGGCGAGCATGTCCCGAATTTCACTTTGTAAAAGGCATGCCCTTACGGCCGTTATCCTCACGCGCCATCACTATTTTATGGACTGCATGTGTTCGAAACTAGGGGTCAGAATAACCGCTAGGCGAACCACTAATCCCGTTGATATGTAGACCCCTCTCTCCAATGGGGACCTCGAAATATTAGGTATGGTTACCAATTAACGAGGGCCTCCAGTAGGGGACGTAGAAGGAATGCAGCCAGCCCGTTGGCACCTAAACAGAGCTCCGTTAGGCCGTAGCAAGGACCATTCCCTTCGGTGATCTTAGGCCAAATCTGTTTTTGCGACGCAGGATTTAGGGAAGGCCTATGAATACGGGACCAACCATTATTAGCCCAAGCACTGACAGTGAATATATTGTCGGCTTTGGCTCAAGTTTCTTTCGCCGATTATGACCCGGGCATGTGAAAAGCGGGCTGATGCATGTCATCATAGCTGCCAGCAGCTGGTAGTTATTGTAATATGTCACCTGTTTGGGCAACTCAATGTAATGTGCGATCCGGCTTAATGGACCTCTCACGGTAATTAGGGTTCACTACCTCTTGGGGTCTCATTCGGCTTGGAATCAAAGCTACCCTCCAGGAGGAGCGTGCATACGATTTCGTCCGTGCGGGTCTCGTAAGTTGGACGAAGAGGCGCATCGGGAACGGTTAATGTGTAGGAGCCCGATCAGACGCATCTGAGGTGATCGCAGGACGATGAATACGGTAAGAAGTTCCCCGAGACTGTAGCGCGCTCCCTAGGGCGATAATTCAATAGTTTCGTGGACCATTAGAACTAATGAAAGCTTCCCCAGTCCATAGTCCCCCTGGCTCTTATCGCCGCAGGGGGATCAGAGTAAAATGGCCGGACCTCCATCTGGCATGACTACAACGGGTTTGTGCCGCAACCCCAGACCGGCCGAGCTACTGCTTGGCAGGTAACACGTTATGACAGTATGCCTTCCGAGCGTCATAGCAGAAAGTTGCCTTATGACGACGTACTATTCTCGCTAGACGCATTCGTCATTACACTGCTTTTGCCAGGCGATTTGCACACTACACGCTACGTTAGATGATTGAAGTGCGGCGCATATATTCCAATGGTGACCTTATCTGTTTACGGAACACCCCCAAGCGTTCCAACGGTTCTCTAGTGTGGCGAACACAAGGTATAGTCGATGGAAAGACTGCGTACGAAGGTTGGCCACGTATGGACTTCCCGCACAGCTGTTGAAGAATTATCTACTTACGTGCCAAGGTTGTTCAACCGCGAGTAAGAAACCGATTCGCAACGTTGGCGAGCTCAAGTAGGTTCGGGTCGTACCGATTCTATGTGCTTGAGTCGTACTAAGATGCCGGCCGATGGAGACGGCCGTAGGTTGTGCCTAATTGTCGTGCCCTTCGTCTAGGTGCTACTGTTTCGAAACCCGGCCCCATAGACGTTTGGTCAATTCGTGAACCTAAATGTGTGGTGGAGTTCCACATCATGCATTGTCATCACTTTGCTTGTAGATCTGATGCATTTCGCATTACGTGTGATGGGGGGTTTTGCGCTGTGGAATGCCGTTCTACTGGACGTTCTCTACCTACCAACAGCTGCAGTATAAAATGTTTACGAGAGCAGTCGCGTCGATCACGTCGTAGGAGTACGGTCAGGCGGATACCACCAGGACGATCGCAAGTGAGGTACTGCGGTTCCTTTCCCGCTCTGTCCAAGCACATTTATCATAAGCTCTGCCGTGATCCCTCAATATGGGTGTGGCTTTTATCACTGTTAGGCACCTCCAACGCGCCCTTAATAAGCACAAAACCAGTACGGTTTCTTAAACCAGTAAACCGGTGTTGCACAGACTTTTCCTCGTATCAGTCATTGTCAGAGCGAAAGTAGACGCGTAACTTTAATACGGAGAGTGCAACGGAGAAAGGTCTATCAGG,1970,50.25,Escherichia coli
SEQ_676378,CTCGGCACCTCAATATGCTTGTACAACAAGGGGTACTCGCTCGCCCTAAGGCTTAAGCAACATAGCGCCCCTAATTGCCAGCCTGTGCCGTACATCAAGATCTGCTTCATGGGTTAGGTACGAATGTTTAGATAACATATAGCTGCGATGAGAGGTACCATGTCGTCTCCATTCTGCATTCAAAAGACCCAGCGTCCGTTCGCGTGTACGCCTGCGAGCTCTCCCTCAGCTTATGGACCGCACAGACTTGAACGGCACCATGTATATACTTCAACGCATTCAGAGCAATTTCACTATAGCGTAACTGACTTTGTGGTCTCTAGCTTCATGCCTCTTCCCTAGATCCCCCCTTCGCTCCTATACCTTCTATCCCGTGTAGCCACATCTTCTATGGAAACATAGACCGTACTAATCCCCAGACTCCCTCGGCTGGTCCCAGGAGTAGTAAACCTGGTTGGTGGATGAAGAACTTCAGCGGAGTCGCGGCGCGGTATGGAGATGTAATCGATGGGGGAACCATCTTGGGTACCGCCTGCGCCCGTACCAGTGATTGGGTATGTTCGCTCTGCCGCGAGGAGGGCGGAGCTTCGTCTTCTGGACCTGGCGCAGCCTCAGGGGGGTGGCTGTCCACGTTCCTCGACCCAAATTATCTTAGAGTGAGCGACAGCGGGCTAGCATCGTGTGGGGGATCTCAGTGCCGCATTCTAACAGCGTCGGGCTCTAATACACCTTACTGCCCAGAGTCGGGCATACCGCCCGGTCTGAATGACCCCAGAAGGACTCAAAGTCCTTGCGCCGACAAGCTAGCTCTAAGGTGTCTGGTCTGGGCAGAGATTGGTGCTTCGCGTCTAAAACTAAGTATTGTCCGGGTCGACTCTATGCGCATTAAACACTACTCCCTCTACAGGAATCCGCCGAGAAATGAATCACTGCCTGCCCTCGCTACCTATACGGTATTAAATAAACTGGGGGCGCCTAGTGGAATGGGGAGAACCTCGAAGCCGTGAGAAACATATGGGCTTTGACGAAGCCCATCGCTAACTGCAGTTGGGGGTGAAGACTCGCCTCCGATAGGCAGGTAAGGGTGACGAGAGACCTCTCACCAAGGTGGTAGTGGAACACCTTGATATACGTTCCGTACCCTCTACCAAGAATCCAAGCCATGGTTGTCGCCAGTCTTGGTACCAGTGTCTGCTCTAGTGAGTCGGGCGCCAAACGGAGGAACGGAAAGGGGCGCTCATATCCGTGTCGCAATGGGACTGGAGATAACTGGAGAACCTAACCCTGAGAGATCATGCAACTACAAGGCGTATGTTGCACCGAGATCAGAATGTGTCAAGACATCCTTCCCCCTAACTACAGGTAGGAGAGTGAAGTTGATTGCTGCTACATGCCTACAGTGATGCAGGCCGCTTGTAATCGGTCGAGTTTCTACTGGAGTGTGCAATACCAATGCGTCGCGATACCGGTTAGCTTCGGGGTAGCAACGGCCCCTTTTGGGTAAATCTCGGGGGGGGCCACTTTCATATAGTAGCACGTGTATCATATTATCCTGTGTCAAGGGCGGCTAGCGGTCGAGGCAGCCGACGGACGAAGCTTACTGAAGCAGGGCAGCATCATAGCAACCACAGAGAGATCAGATTGTTAACAGGACTTCCCGGGAACCCAAATCGGATTGCGCACAGAGTTTGGAGCCACCCGCTCCAGACGGAGCTATATTGCGGCTTTACGCTAGCGGACTGGGGAACCGCACAGTCCAGCTTTTTGG,1768,53.45,Escherichia coli
SEQ_742514,AAAGAAGCCTAGAAGCCCCGTGAGTGCGGCATGATTTAGACGGCGATAGATACCAAGTCTTTTTGAGATGCTGAAACTTTGTCCCGAAACGAGGGGATCGCGAGTTCACAGGCCGTTACACTGCTAGGTGGGTGTCAGTGCACCAGTTACCCACCAAATCCATGTGAGGCGAGATCCATGTTCGATCAGCCTATGCGACGGGGGGCCCGCCGATCTGTTTTTCACTAAGTTTCACCGCGCGCCTTCCCTATATGAACTTCCTGGCTCGCCCCAGTACAAGTATTCTTGCGTTTAGGACCAGGGAAAGCCAACTGGCCATAGTTCGTCAGCGCGCGTCGTAAAATCCATGTAGCATGCCAGTTGCTATGTATCGTGGCTAGGATGGGGCTGCTCCTGCGGGGGGACCTACCAAATGAGTACGTTCTGAAAATTCACCTACGCACTGACGAACATGCTTCGTAGGGTGGAGCACGGTAAAGTACTGCTTATACCCAGGTTCTTAGGTCGGTTCTTTTCGTATGAATCCTGTGTAATTAATATACCATCGATGACCTAGTTGAGGACATAAGAATGACATAGGACTACAACCTATACGATCATCCAGTAAAATGAGCGTATGTCCACCTTGTACGCAAGTTAAACATTGTCATAATGCGCTAGCTACCAGGCGAGACGTCATCAACCCTTGATAATTCACTCTTCTACAAACCTTGTTAATCTAGGGTGCCAGGGCGGACGTCGTTGTAGCCGTGGGGCTGGGGTCAGAATGACTTAGTCCTAGCCCAGAACTCCACCTTAGGCACGATCAGGCAATGACTAATAACGGAGGTATGCCAAGTTACTCTAGGACTGACAAGACATACCTGTCGTTAGATGCACATACGGTGAATCAAAAATCAGA,901,49.06,Saccharomyces cerevisiae
SEQ_567951,TCCAGTTTTGTATTGAAGGGTTACCAATATGGTGACCGTGTCGTTTCGTTCGGATTCTCAATATGCAAGCGCAGGTCAGCCAGCGCTACGTAGGTTAACTACCGCGGGTCACACTTGGATCGCGAGCACCCCCTACAGCAAAGACCCATACATAGATGCCCAGCCGGTTCCCCATACGTTTGCATGAGAAAACGACTGTCCAGTATATATACGGGAGTACGCACCCTGTTCTTTCCTGCGAGAAGACCGTAGAAGGACACGAACGGACATAATATTGTGTCCGGACATCTCTAGCTCTCGATCGCGGTCAGTAAAAAGCAGGTATACCTTATAGTGTGTCTATTTCGGAAGAGACTAGGTCCCCAGCTGGCCCTGGAGCGCACGACCCGTATGCACAAAGGCCGATCTTTTCTATTCTCACCTCTGCGCCCACGGGTCGACCCTAGTTTCATTCGTGCCAATGCGTTCAACTCATATAGATATTAACTATTACCTTGCGGACAACTGTAA,510,49.8,Mus musculus
SEQ_877771,ACTGTATCCGCAGTATGGTGTTCGTCGTTGTGGTCAAACTGCCCTTTTCATCTGGAGGCGATTACCTGGGGAAATCAGCTGCGAACTATCCCCGGCAACCAATGGTTAATCATTATGAGGGTCGCGATATGGAGGTAAACCAGGGAGCCATGTCTGACGGGGTTTTGTCGTTACTAGAGTATTAAAGGCTGTTAGTTCTCAGCAATCCCAGGCCACACGCCGGTAGTTGTTGCTTTCCCTTTTAGATTGTTGGAAAACCTTCGCTAGTCAGGAGCATCCTCTGAAGGATCACGTCAGCCGGGGACCTTGTAAACACCGCAATTATTTGCATTCGTCCTATCGAACTATACTGCAACCTGTGAGGAGCGAAAATCATAATGAATGTAGCGGGTCATCACGAGTTGCTCCTTCTGCCAAACCTAGGCGTGTTCGCGAATGACATCCCCGTGCTGCTTGGCGAAGTCCGTTCACTACCGGCCATGTAGTGGCTAGTTTATAGAAGCGTGTCGCCCGAAAGATCCGTCTATACAGAATTCCTTGCTCTGACATTCGATACTGCGACGCCTGGCTGCCGTTTTCCGCTTCAATCGTACCTCGTTCGGAGTCAACGTGTTTTTCGACAAAGTGAGAACCTCCCTCAACAGTATGACTGTGGGAGACAAGGGACAGGGGTCAAACACTTATGGATCGCAATGGCATTGCTCAATGAACAGTTCCCGCGTCATCTACGGCGCAGGCTTACAGGCCTGCCCAGAATTAGAGTCAGATTGAGAATTCTATGACACAAACGGCAGTTAGGACCGTACCGTTAACTCTTAATCTGCGTTACGACGAGCGCCGGAACTGAGCGCTTTACGGTGCT,862,50.12,Arabidopsis thaliana
SEQ_109105,CCCTGTAAGGAGAGTATAGTTGCGAGTACTGGGCACATTCGAATCTTCCTAGTATCCTCAGGCCCCCGCGAGGGTTTACACGAGCCACGCAACTGTAAAGCTACCTCAATCTATCCACTTAATTGTGCTGTGTGTCGTATGATGCGCATGCCTACCCGGTACCGATGATCACTAAATACTCATACTACGGGCTTCGCTTGTCTTATAGACGAGGGAGTACGCCAGACGGGGCGAGTGCAGTTCAAATTTGTAAATGGTTACAACGACCCGGGGTTTCAGGAGCAAAACTGTATTACTTCTAACCGATGGTTCTAGCGGGACGGTTTCCATGTAGGCGGGACCGAAAGCAGAGGTTAGTTGAATTCTGTTCGACTCTGTTGGATCGGCCGCGCACCGAATCTTTTTCGCTGATATCAGGCATATCAGCGTCATGATCCTGCCAGCAGACATTAATATTAACAGATCCTTATCGTAAATGAATGGTCCAAAAAAAACGCATTAATAATTCAGTCAACAGTGTACATATCCCTCTAAGCCAGTGGAAAATGGAACGGCCCCCGTAATCACATAATGCTCCATTTCTACGTGACGTTTTCGCGACTCGTGTGGTTGTTAGAACTGCAGTTTAGGTACATCTCCAACGACCCGTGGCA,653,47.47,Mus musculus
SEQ_444337,GGTTAGTATCCAAACATGCTTGTCATAACTTGCGGACAACGCGCAGATGAGCCCGTTCTCAATAGGGCGTTGTGTGAGATTTTCCTTTCTGATACCCCCCGCGTTGATGCATCTTTGTCGTCTGTTTTTATACAACTTTACGCTGCAAGCCGAGAAATAAAGAACATATGCAGGCTAGATAGTGAGCGAATAAAGCGAACCAAATGCAGTCTGTATGATCTACTTGGACACTTTTCCAGAAGTCTGATATGCCCAAGGGTCCATGCACTTGAACTTAGAACCCATCGCGTTAGTTGATTCATGCGGCTCGTACGCGAGCGGAGTTTTTTCTACTGAGTCCGCACCCTCAAGAAGTTTCAACAGACCAGTGCTGAACTGACATAGCACGGCTGCAGTGCAGGTTGCTGGACGCAAAGGCCATGAGATCTCAAGGCTGTGCGCCACTTAGTAAAGTTGATTGTACAGCAACATGTCCCAGCAGTAGCCACAAACGCGG,496,47.98,Drosophila melanogaster
SEQ_767925,ACGGTTTCAAACCAAGTACTAATATGCTGGCCACCCTAATGCCCTTCTCGCAATGCCGACGTGCCAAGAACTCCGTCACTAGTTTGTTTGGTAGCAGAGTAAGCATGATATGCGCCAGATCTATAGGTTACACACCGGACGTAGGAATCCATTGGAAGATGACTCCAGCAACGAGCCACGCAAAGGTTATGAGTAGAACGATTGCCATCTAACAACAAGATAGCCTGAACCAACTTGCCATATATAAGCTGTTATAACCCTAACTTGAAACTGTATAGCAAGAGAGTAGCTAACGTTGGGAGACTACGGAATTATTAAAAACCCTTGGTTGGGTTTCCAGATGCGTTGTTACACTTCTACCTTCGGTGATTACTTACCATCAACCGCCATACGCCAAGGCTCATAACGAGGACTGCTGAAAACACAGGGTACTTCTAGCTCACGGTGGATAAACCTACGGAGCATCATACTGGTACCGGTATTCCGACTGGTCCGAAAATGGGGATACCACTTGTGCACCTACAGCGGAAGACGGATAGAAGTGTCGGCGCTGTTCCTGATGAGGTCATCATAAGTGCATACTAGAAAGCTAGCGGTCCGTGCTTGACTTTAGCTCTACCTCCCTCCCAATAGTGGCACGGCATTGGTTGCGTTCCACACGATCTAAATACTTTATGAGGATACTCTCAACGTGACCCGTCTCCCCTAAACTCCATGTCAATCCTTTGGCCTAAAAAGTAAAAGGGCGTGCACATTTTATGGAGCACTGTTATTGCAGATCTCCAAAAGGCGACCTCATTATTACACGTCGAAATACCTCAGCCGAAAGGCGATTACGTGTTCGTTAGCTCTGGCGCCGGGTCCACACTGCTGAAAAACGCTTAATTATACCACGTGTCGATGGCCCTCTAGTGAG,916,47.27,Saccharomyces cerevisiae
SEQ_731948,ACTGGATCAAAAGCCTTTAAAGATAATTGTGGAGCCCATCCCGCGAGTGCAACGTTGCGTATCTGAATAACGAAAATAAACACGCAGGACTCTATCTGTGGTGAAACGCGGATTTGTTCCTCTCTAGAGAACCGGAAAGGCCACCAATACTCCCCCTCGTTCGACTCATCTCTACAGTTCCAAGGTGAAGCCCTGGGGCTGAGAAACACATGCATGTTCAGCGAAGGGGCTCTAATGTTATTTAAGATTACTTTGGTGCTTTTGAGGAGTTAATAAGGCTTTAGGGAATCGCAGCCCGTCCGATGTAAAGTACCGGCGCATGGATGACGAGCGCCGGATTACGCCTGTCGTACATGATCTACACCATAGAATGGAAACGCAAAATGACAGAGGTGTATCCGGTGA,405,47.9,Saccharomyces cerevisiae
SEQ_736415,ATTCCAAAGGCGGGAACGCTTCTAGATCGACTCCTAGGATTTGTCCATAGTCAATAATCTTGTTACTTCGCACTCGCATTTTATGACCTGGACAAATACTTTACAGGCTACCGCGAGTGTGGAGTGTGGTCGTCGTATTGTTATTGGACCGCTTTCTTATCTGATCGTTCCTCACCACGTCTTTGGGGTTCCCCTAGTCCGCACAAACTGACCTGTTCCAATCACCGCTAGCCCAGCACTAGGGACCCTGCGTTGCAGGATGCAGTGACGCCCGGTAGCGGCATTCACAGGGGTATCAGCTGTACTCCCTCTAATGGGCAGCACACGTGAATTGTTCCCATGGAGGACGTGGACGTTCCCTGCGCGTATAGCACGAAATGTTAATGGAGATCTACCTGAGCCATGTCAGATCCCACTTCGGATTAGCTTGCACAGGAATGCTGGAACGGGTAGGCAAACTCTGACAATTCGCTGAGAGGTTCAGTGTACCAGACCGGGAGGTACTGTAATTCAGCTTGACGCATCTTGTCACCCGAGTTGGCAAACGGGCAGTTAACAGAGCTTTGGTTCTTCATGGTCAACAGGGCCGAAGCGTGGACATTTCGACGGTATCATAGCTCCGGTTGATTGTTTGCAGGAATTGCCTAATGGTTTAGGTTTTAAACCGATGCCCCGGGGCAAATTAGCGAGAGAAGGTGGACGACACAGTTCGCGCCCACGGTTTCCGCGTCGAAATGCGGCGCGCTGCGCATGGTGGACGATTTGCTCCCAACGTAAACCCGAAGGTAAGAAACCAGTCTAGGGTTGGAAGACTACACTCCAGATCCGCGCACACGCGACATATGTCGCGGTGCTACACCCCGAACTTGGAGGACGGTTTAAAATGGTCAGCCACCATTTCCATTTCACGTGGGCGCTGTAATCTTTTTTCGCTCATCTAAACGGTCCAGAGCGCGAGAGTTAATCCACAAAACCCTTGGGCATAGGCGACGTCCAGACTATCCAGATGACGAGCTCGCTAGACCCGACTCAGTACCGAGGAAATCCAGATTACTACCATCAGTCGCGCGGTCGGATGCGAAATTTTAATAGTAGGGGTGAGCCCCATTCACCGGGGTGCCCAATGACAATTTTATCGCGCTGTCCCTAATCAAGTACCACAGGATGGGATTGCTGACAGTAACA,1185,51.81,Saccharomyces cerevisiae
SEQ_610255,ACTCGTCGATCGAGGCTGGCAAAGCTATCACGCACGGTGGGGACACAAGGCAGGGACGATGAGCTATTGAAGGTCAGGTTTTGCCGATTAAACTGCCCAGCTATACCGGGTTACAACTGGGTACGCAATCTCCGATGACGCCTTGCATTCTTCGCGTCCGTTACTACTGTTAAGTGGAACTTCTGCAGACGTCAGACGAAATGAATCATGAAATCCGGAGACGTTTCAATCGACAGTGATTGTCAGGATGCGCGCGTACCTTTACCTCGCAGGAAAATTGGTTTTAATAAGTTACAAGGTAGGATCCGCGCCTCAGACTCTAAGCAAAAAATTCAACTAGTTCGGAGTCACCAATAAACCGTAGGCGATGTCAGTGGGGTTGACCCTAGAAGATCTAGAACGTAATAAAAGTCAACCGAATCCGGAAACCCATCACCGTCATTCCTGTCACTGATACGTGTCATCAGCTCACCGTTTCACTTTGCTATAAGTTTCGCCGGTAAGATTAAGGCAGTCAATTGCTATTTGTCATTGGATACTACCTACACGTGCAGCATTGATGCTTAGGAAAACTAGTAGCCATAAATTAAAGATTTACGGAAGTGCGATAGTCTGAGGAAGAGCGGGACACCCGCCGGTTTTCATCCCTTGAGGGGGCTAGGGCCTTGAAGATTTCCTTTACTGGCCACACAGCAAGTACGTCGTTGGTTTCCTATCTCCCGAGGGCCAGCGTTAGACAAGACCAGGAAGTACACTATCGAGACACCGGCATTCACATCAGCGCCTGGCCTTGAGTGGAGGCCGCGGTGGATGCGATTTTTAGTTCCCCCGCTTGAAGTACCAGGAAATGTTAGCAGACTACGAACGTCGTCTCTCTTTCACCGATCTCTCCCAAATGTAGGCCCGTTCCATTCCTGGGGTTTTGGTTATATGATACTTAAGTTCACACTTGGTTTTTCATTAGACAGGGCACGGTATGTCCGGCTACCAGGAACTACCTCAGTGACTAGTATCAAAGTAGCGCTGTTATGGTTGTCGAAACCTGATGAGATTGGGGGCATATTCTTTAAGTACAAACAGAGCCTGGTTATTGAGCCAACTCCATAACGAAGGGGCCAGGTCTGGTGGGGGACATCACAGTCTCACTGGCGTGGGTCAATGTTGGTCTCTGGTTCCATGCACGGGCCATGACGGGCGCCACCGGTCAAATCACCTAGATACTGGGCACACAATCCCGGGGGGGGGAGCTCTAGCCCCGTCGATGTCACCCGATTCCACCCGCGTTTCTATAGAAGAGGAAGGCCTAAACGGTGGACCTATTGATGCTCATTTCTCCCAGCAGCAACACTGAGTGAGGGTACCTATGACAGATGCACTGAAACACTTGGTTAGGATCGCGACGATTGTTTGACTATGGTACGAGGTGGCACCATGATTTTAATCCATGGACGATACACTCCACCAACGATAGCCCTATCGGGCCTTCCTAAGTAGTGCGATTGCAT,1505,49.63,Caenorhabditis elegans
SEQ_205918,TGTGCGCTCCCCGCGTTACATCCCAGGCATTCACGCATCCCTTGGGCATCGCCACTTCTCCTCGGTTTTAGCAGGATCACCCCTACAATGCCTCCCAGGATGGTAATCAATGCTCCGTAAGATGTGTACCCACAAAAGCCCTTTAAAATTTATAGGATAGTATGCATCGAGTTCGGTATGCGATTCACATTCCCTGCTTGGAGGACATGACGAATACCGTCACGGGGATTGGCAGATGCCAATGTCCGGGTATAGGATATGCGGCCCTTGTTTCGGAGTTAGGGTCTATTATTGGCGCGGCGAACGATCTCTTGATAATACAGCGCAGCGCGTCCTTAGTGATTACCTCTTACCCTATGAGCCAACAACCCACTCAAGGTTCTTGCATGGTGAGCGGGGCCTGGTAATTCCCCTCCAGGGGTGAAACTAGCCAATGGTTGCTTGTCAGGGGGTGGTTAGTCCCTTCTAACTGCGTGGTGACCCTACGACTATCCCCCGAGCAAAAATTGCGCCTACTAGACCCACAGAACATAAAGCGATATTGCGCTCACAAACACGGATTACGGACACCACTCCAGGAACCGACTCCAAATTCCGTCTAAGATATATTTCCAGGCTGAAATCTACTCTTATCCTGGAACGTACCAGGATACTCGATTTTACCGGTCACGGTTGGCGACAGTCGCGATTTACTGAAGCGGCGGTAAGCAGAGTCGTAAATGATACTGATTGCAAAAACGGCACTTCTACGCATTAAAATCCCGAAACCCCCTTATTTGTCTTTCCCCCGCCAAGCAGCCTTCAGCTATCAGTGAGGTGATGCCTATAGCGTGAGCCTTCACCCTCCAGGTTAGCGAGAGAGTTTGTCCAAGCGTTCAGAAAGACCGGGTCCCTAAATGGGTCCGAATCAGGATGCACTAGTCGCTGTAGAGGATGGGCTTACTCTGCCCCTAGTTCTAGAGAGATTTACCTTTTACCTCCGTGCCGGGCAAAACGTACGGCGGCTGGAAGTTATCGGTCACAAACAGGGGTAATTGATGGTTGCTGAGCACTAATCATGATCGTGTCGGCTCCTAATTGAATCTGCCGTGTCAGCAGGGCCTTTAGAGGACGGTGCATTAACCTTGAGGCCCTTTAGGACCTAAAACACCCGAGGGCCAATCGAACAGTCACGTGATGAAAACCCCGCCAATTTTGGGGTCAGAGCCGGAGATTCTCTCTCTTGCGAAGCGACAATGTATCAAAGTGTGAGTTGGCAACGCGGCGTCGGATT,1273,50.98,Arabidopsis thaliana
SEQ_413552,GGATGAACAATTGCGGAACGGGTCCGGTGATCAATATTATAGGTAACAAGCTTACATGTGTTCTGGGTCTGTCGAGACGCGCCAACTTGCGAATGGGCACTTGATCGCCCCCCTGAATAGATCTGGTTTTCAGGACACCGTCAGATGGCGGGCTCACTCTGAAAGTCTGGGATGGGGCTTGGGGTACCAAGCGTTCTGGTTACTAGCACATTCCCAGTACGCGTGTGGTATCATGACAGCCATTTACGAAGGATACTAAGTTAATCTGCCTAGAGAGAGAACGCTCTCCGCAGGGCGTGAGCTCCGAAATGGGCTCGAGAGATAGGGCTTGGAAGCCTGAATCGCTTTTCTTAACCGCGCTAGATACGTACCCCCTCGCAAACAGAAAACACTGTCAATCTCAGCCGGACCTAGACCGCCGCGCGTATGAGCCATGGTCAAAGGGTATGGGGGAACGCACAAACCGAACCCAATCTGTAAGTGTCATTGGAGACTCTCCCGCTGACACCTGCCATCCATGTTTAATCGCCCGCCATAATAAAAACGAAAAATCGCAGTTAGCGGGTCGTGATGTACTCAGGGAAGCATGGATCGTCGTATTGTTAGCGTGTGGGCAAGGACATGAAATGGCATGCAAAGCGTTTGGGGGCCCAAGAGCTTGAGAGAGGTTGCTGGTAAGTTAAGTCCTTGTCCCCATCCAACCGGATAGTTTCTCAAGTCTGATGGGGATTAACTAGACCGCCAGTTGGGGTGAGCCAAGTACCAGAGAACCCTCT,776,51.8,Caenorhabditis elegans
SEQ_694530,CAGTCCCCTGGGGGAGGGACAACTTGGGTAGGCTATGTGGAGTTTGTTGAATCTTAGCTGACATCATCTTGCCACTTAAATGGGGATATCCATCCAATAGGTGTAGGAAAAACGCAAGACTCTTTTCGGGTTCATTCGGCCAGGGATTGCAACGGCATCCGCGATCTGAACTTGTCGCATGTGCGTCGCTTGATCGAGCTGAGAGGCTAATAATAAAACCTTACGGTGATATTCTCCATTTTAGGCCGGGACTACATGTGACAGCTCGTAGCACCCCGGAAGTCTACCTAGTGGAGGCCAATAAGTATCTGCTCAGGCAGGATCTTTCTCTTTATTCTATGCCCGTTACTCCGGACCATGGGGACACACAGGCCGTGGTTCTAATTACTTGGCTTAAAAAGACTCCTGCGTAGCTTTATCCCGTTCAATGGCTGCATCTCAAAAATCACCCCTCCGCGTCGGCCAGTTTCCATCGAGGTACGTCGAGACGGATCATGATTATTCGGGAGAACTCTAGCCCT,521,49.71,Caenorhabditis elegans
SEQ_693204,GTTTCTTTCTGCGTTTTCGATCAGTCGCTCGATAATAGTCTACTTCCTTGAATTTAGGGGTCCTCGGCTCAGGCGCATGCTTACGTAACCTTGGTTAGCACTGCATTCCCTCGCGAGGCTATATTGTTCGATGGCTCGTGCCGGTCGTTCGGCTG,155,51.61,Escherichia coli
SEQ_875777,CTGGCCACGTGCACCTTTCTATTGGGTGAATCGGGAAATAAGATTCATCAGTCATGTCCCCTGACTGGCGAAAATTTTCGAGTAGTCTCCAATTAACGCCGGCTATCGCCGACTGACTCAGAAGCTCGTTCTTTACACTCGGGATAACCCCTTAATCAATGATTTTTCCTTCCGATGGGAAGGCGAGTCCATAGTATGATGAGGACATGAATATCGGCCCTGACTTCATAAGTTGCGATGAGGGATGTGTAGCACAGTGGCGCAGCAGATTGATGATAATTTCCTGCTTCGGCCGTCGAAACAGGACGGGTGTATGGGCGCCCGCAAACTACCCTGGGGTATTTCACAAGGGTTGACATTATAATTAGGCACCCGAAAGTCGAGCTGCATAGTGGGCTGCACAAGGTATATTCTAGTGCTCGCGCACAGACACGCGAATAGTTGGGGACGTTTCGCACCGTGGTCTTGGTGATGGAGCTTGCATTGACCGGTGATCGGCGTTAATACCCGACCAGTTCGTTAAGGCCACTTGGATTAATCCATACCACAAATACACCTCCGAAGTGATGCGCTTCCACATC,581,49.91,Homo sapiens
SEQ_244312,CGGATCGCTACCCACGAGAAACCCACCACATTATCAAGGTAGACTGAGGCGTGTGATGGGGGACTAAGACTATTACTACTGTTTCCGAACATATGTGATCACACATATGATTCAGAATGCCACATGGTTGGGAAGAACGCCGAGCTAACGGCTCCTGAGACCTGTGCGACGTCAGCGCTAATGCGCGAGCTGACTA,196,51.02,Drosophila melanogaster
SEQ_755066,TAGTGACGAGGCAATCAAGGGCTGTCCAGCTTCGTAGGTGTCTCTCGGCCGCATTCTTATGGGTATCGTGGATGCTGATGGTTGTGGCCCCCATAGGGGTAATCCCAGGAGTCGCCGAACTCACCGTGTCTTTTTTGATCAGACGATACACGCTAGTAATGAAGGATCGTAAATTGAGCGCGTATCCGCCTCTATGCTCCAACTAGGCACGGTAATTACAACGATTTAGGATTGTCCTAATTCTGGCGTCGCAATTCCTCGTATGTACACTCGT,274,50.0,Mus musculus
SEQ_957330,CTAAACATCGAAGAAACCTTGTTCAGAGGTTGCGACCTCGTCAATCGTGTAATATCTCTTCGGACTCTGTCAGCGTAACCTCTAGATAATATGAAAGAGTCCTGGGCACCACGTGATAATCCAGGATTCTCAGGATGGATGGCATGCCTGCATACCGCTACTGCAACCATATAGGTATTTTTGAGTATTGATGCATTTGCAGCCCAGACGCTATCTGTGAATTTGATCGCGGCTTTTTGCGCTCCGAGACCCGAAGAGATCTTCGTTACACTGAGAATCCCGTGCTCCTGATGCCATGACGTATAAAAATCCAGAACGCTCATCTATCATCCAAGCTACTGAGCAAGATATAGGAGCGACAGCACAGAGTAAAAAGAGAATGTGTGCGGCTTGCCTTTTTAATGAAAGGACAGACAACGCGGATAGCCTCCCGAGCCAAAGATTCACAGCTCCCTATCAATCCTTCAACCCGGAATCCACTACTGAAACTAACTATAGGTGCGGCAGTCAGCCTGAGGTCCGTTTTAAGGATCGGCAAGCACTATGTTGGTCGACCGAAGGGGTGCCTCTTGGAGTACGAAGCAGCGACATTAGTGACGAGAAAGTGTCGTACCAATCGAGGGCTTTGAGGCCTACAATAACACCAATAACCCCAGCAGGAGACCTTTTAAGGGTGCGTACTGCGAGCTAGCTAAATAAATAGAGGAATCTAGATAGCGTTGCGCCGAGATGATAGAACCACTCGAGACGACACAATACTACGTCGCCTCTGGTATGTGCTGGGTTAGTTTATATCGTGCGGCGAGATGTGTGAGGCAGACGCCCTCATTTGCTGTCCTAGCGAGGCTTTCCGCTGCTCGCTCTCATGCCATATTTCAGCCGGCGGCCGGGACCAGGTCTATATTGTGGCAGACAAAGAGCTAAGCTATTCGCTCGTGGTTCTTATGGGCCCCAAGGGATAAATAGCTGAAGGTGGTCTCAGTCCCGCACTTCTATCTCAACACCTATTCTATGGATACTCCCGATTCTTGATAGTAGGCGAGGAACCTACTGTGTGATGAGCAGG,1066,49.06,Escherichia coli
SEQ_953914,GCGGGTGCAATCTGAAAACATCCACATCCCAGGGATAACGCTTAGCTAGTGGCGGTTTACACCTAGCATGTTGGTCGCAGTACGGTAACTCCCGGGTATTGTTCCCGATAGTTCCTGATGTTTGTCGGTTTACTTTGTGCGTTAGGCCGCGGGGCGAGCCAATTCGAACCAAGCCACTTTGATGGTACACGTTGGTGGATA,201,51.74,Saccharomyces cerevisiae
SEQ_719163,ATCATGGACCTCTGGCTCATGGAGAGCAGCGTGAGGTATACCGTGCTGGCTTACAAGAATCAGGTTCACGGCGCGAAACCTATGCACCTCCGCGGACAGGTGCGAGAAGATGGGAACGCGGCTCTTTTATCACACTAGCAAGATATTCATGAGTGTCGAGCTGTAGTAAACACATGTTGGCATCGTAGTTCGCGCTATCGTGGTACACCGTTCTCGCTCTTGTTCCATTTATCTCAGCGGCAGTTTACCTCTAGGGATGCAGAGCTGGAAAATGATCATGGACGAACTAGCATCAATGGGATGACATTAAGTTTGTTGATCCCAGCATACTGTACCTGTTGGCCTAGTCATCAGCTGGGGTCGTAGTGTTTGAAACGAGACAGGTGAGTTACGAAATCTATCGAAGCCAAAGCGTCACTGGAGACCAGTGGCCACTATCGCTCGGTTGAGCGCCACGAGGTTGTGATTCGGATAGTTGTCTGGGCATTGGGCGGACCTTATAGAGCTGCAGCTACACATACCCGCTTATATCGATATTGGGTCGGGGCCGGCGGTTACAGTAAAGCTGGCTAAAGTATTTTAGTCTATGCGACTTCAGTTTCGCTCAGACTACGGGCCAATATTTAGTGATGTATTGGTTGGATCAAAATCGTTATCCACCTGTCCGTCAGTGACGAAAGTGCCTATAGACTTTTTTTCGCGGCGAGACTAATAAT,716,48.88,Mus musculus
SEQ_118771,GACCGGTCGACAACTAACTGTCGTATACGTTAAATTTAATGGCTAGCCGATTACGATGAGCCCACGTTGTTGAGGTATATTGTTTAGCATTTAGTCGTCTCGCAGCGAAACCGTTGATACGGGTATGGCGCATCTAAGGGCCTCGACCGAGTCTTGTCCGAAATGATCGTGGCACTTCGCACTAGTAACGCTGAGTCGGGGCTACATCAGCGTACCATACGGTCCATCAGCGTTTAACAAACGTTGATCTTAATCTTCACTCTAGAAAATGTAAAACCATTCTAGCGTATCTCTGTAGGCAGGCCACAGTTATAAACGAGAGTTGCCCAGCATAGGACCTGCTCATAAACCGGGATCACCACACACCCTGGGGGGACCGTCAGACGGTTCCAAAACGTCCATGCACCCTGCTCAACCGTCTATGGCGTATGAGTTATCTGGTGTTGTTAAGTGACTGAGTCGTTGCACAGTCTGTGCGGCAGCGCATGAGGTGAACAGTGCAGCCCAGTTTTTTCGACGGAGATAACTCTCTCACCTTGCCTCGGCTAAATATTAACACCATCGTAGCTCCTCCCAACCCCCTCGCTTTCCGATATTTATGACTTCGCCCGTCCCGAGGTATATGTATAACTCGACTGGCCTACCAGCCCCGTAAAGCTATCTGCGCCACCCATAACGTGCCATTGTCCCTACATATCAGGCAGGGAGATATGGCCCGTCGCTTCTCTGACGCACCCCGTCTTTCCGTGAGGCCAGTATGTGGCTTCCAGCTGGGAAAAACAAGAAAGGTACAGGCACCATTAAGCACGCTTGGGCAAGTTTCATGTGCGCAGGTGCGGCTAGAGCTTAGTCCTCAGATGCTCTGAATTCGGCAGATTCCATTCAAGCAGCCTGCTATAGAACTCATCGGTAATTAGGTGATCGTCAATGTGAAGTTGTCGCCGCATGCAAAAAAACATGCTGCGATGAGCTGGTCGACAGCAGAGTTGCGAGCTGTCGGGAGGGCTGGCGGTGTCGGAGTTATTAGGCGAGTGCTCGTAGCGGCGCGTTATAGTGCGAGATACCCCGGTACCTGCGTTACCAGTCACAACGTCCTCACGGTAGACTGGAGAAAGTTTGCGCCATTAATCGTTTTGGGCCGCGTCTACTGGGAAGATAACTACTCGTCAGCCGGTCAGTGTACGCCTGCCATACTGCAAAGGGGTCAGACCTCCCTGGAGTGGTTGACACCGCGAGATGTATACACCAGACCAATCTTATCTGCTTCACAGATAGGGACTTTCCTCGTGTGCTACTATAACCCAGCACGCTTATTGCGCCTGGATAGTGCATCGAGTCGGACCTCCGGGAATACGCTGGATTCTACCCTGGCGGATTTCAATGGTGCTGTGAGTTCGTACACGTGCCCATATGTCGCTTGCACTGAGTGATCAGTACACAATAGAAATCTCTCTTAGGCAATGACCTACTCAGTAGCCGCGCCACTACCCTGACCCAGCGGGAGTTATACGAACACAGTTTATTCCAGTGTTGGTCCTATCTTCAAAGTACCACATAGCGCTTTGGCCGTATATTAACGGAATTGCCCCCGCTGCCGGAATTGCACGCGTTGATTACTACTCTATTCCATACATATGCGCAATTCACCCGGTACTGCACCGATTCACACGTGATTGCGATCCTTGTGGTGCGTATTTAAGAGACATCCCTAGGCTGCCTTCAGAAAGATCTGACGACTGTTGGCCAGGACTCTTTCTGAAATCTCGTACCGCCTTTTAACAATTGTTCTTTGGAGCTAATGGAAGTAGGGTAATTCGACGATAGAAATTCATGTCTCAAGCAAAGAGCACGTCATTGGCTGATTGCCCAGTTACCGAGGGAG,1882,50.69,Saccharomyces cerevisiae
SEQ_799895,CCCGCGATTACGTTTTTCTAACCTGATGTGGGTGTGCAAAAGAGTACGAGTCTTGGGCGTGGAGCCCCACCGGGTACTTTCCAGGAAGTTTTTAATGAAATAAGCTACTCTCACAGCGATGAGGGCAGTGTGGGTATAGCGGGCATCGTGTCGTCTAAGGCGGGGACCTAGGGTCTACCAAATACCTAAATTTATTGGGTTGTAGTAACTGCCAGAGGCCAATACGAAGGACAACATTCCGATCCTAGGTTAATATCGGAATGGTCGTTTACGACTGCGCTTAAAATCCAATCCCATCTACCCACTCCTAGGCATCCATTCTCTCTGTACCAGGGCGCAACCAGGCGTATAGGGCAATGGTGATACTTTGACTCGTGGGTAGCTACCCGAACAACTTGACTTAATGGCTGG,411,49.39,Saccharomyces cerevisiae
SEQ_317336,AAATGGGGGTCCTAGACACGGCAATAAGAACGGAACCGGTAGTGATCGACTTAAAAAGTACTATCAGATTTTAACATCATGACGGGTACGTCATTATCTAACGGCATTTACAAAGACGTCGCATGCTACAAGGTATTTAAAATTCTCATTCACCCAAACTACGAACGACGGTATACAGCTAATTGGACTGTGCACCAAACGAGTACGCGTGTGTTTCAATAGGCCGCGGCCATTGTTCTTACGTCCACTGTGAAGGTGACCGTTAAGTATGACCGCCCCGGTCTCGAAGCGGCGAGCTTGAACAACTTCAAAAAGGCGAGGCTGAATACGATGGAAAAGGAATACACGTAATGATAACGCCGCGGCGCAGTCCGTGCAACGCTATTGCATACAAGTTCAACCTTCGGCTCTGGCCCGTTCCTTAGGACTGGTAGGTTCGAGTCAGCCGGGATCGTCCTGATACACTAATCTCGGAGCGCTTTCTCAACTACTTATTTTATCCAAGGCTGAACAACACGACGACGAGGCCGTGCCGCTAACCGCCGGAACGGCTAAAGGCCTCTTCCCCTCGACAGCACTTCACA,584,49.49,Arabidopsis thaliana
SEQ_793770,GGTGATACGAGGGTCATAAATAGCGTCGAGATGAAACAATGGTGGTTAGAGAGGGTCAGCAGTTGCCCGGTAGCAGGAGATAATCTGTTAGTCCACGCTCGTCGTGTACTGACCTAACTGGTCTCGTTTCCAGCCTTGGACGGCGTCCTTACAAATTATCGCTGCCCCCGCGCCTTGTACACGCCATGGTGTTAAGACCATATACGCTACGTGGATCGAGCACTGATTACAAGGGGGTTTCAACTGAGGCCCAGAAGCACAACTAAACAATAAAGCACAATTCTCACTCTTCGTTTGGCAAGACGACGATTCGCCTGCATATGCCGGGATAGAGAAAATGGAAAGATGCGAGCGCCGTTGGTCCTTAAAAGTTCCAGACTCATGTAGGGATTAGATGTTGGATAGTGGGTTTGTTAGGTTAGCCGATAGTCTTCCAAGCGTTGTATCTTCACATGTTTATAATGAGAGTGTTGGAAACCCCGGCAGGAGTTTAGTTGGTACCCCGAAGGGTCACCCGATCGATGTCGCGAGGTTAAGCTTCGCCCACGGCCCCGGGAGGGCTCCCAAATACTGCATATTCCCTCAGCACAGAGGGTAGCCTTGCAACAGGGAACCTTACACTCAGGGTGGAACGCTGCTTAAGCCTATCCCTTAGTTTCAAAAAGACAGCTAGGTGCCTAGGCTCGTCTATTGGCGTCTCAGGGAGGGGAGGAATTGGTTCATACCACCGTCCAGCGCGCATGCGGGTCATTCCTTCGGGCTGGTAAAACAGTCAGCCGAGACATGGACATCCCGCTAACTACAATCATATTCGTGATGCTTACGCGTCCCACACTACTTATGCGGATTATCTATTACAAATATAGGAGGCAGACGATCGGTCTGGAGTCACCTCTCCTAGCGCTCAGGTGTCAAACCATTCCCTAAAATACTGCACATGATAGCCCCTGCACAATATAAGTTAACGGCGCACCGGAGGAGATAGGCCAAGATAACAAATCTCAATGGCACAGGATTCCAGATGGGTTCATGCGCTAATACGTGACAGGGAAACCCGGCATAGACATGACTAACAACGCTAAGGATCTCGTTACCGCACCCGCACCAGCACCTATTTATAGAGACGACTTCCTGCGCGGTGTATGTTTCCTG,1152,50.43,Homo sapiens
SEQ_791316,TCAGTAGGAAGTAACGCAGGTACATGACCTATGCAGAACATGACTACGGTGAGGTATGCCAATACCCCTATGGATCGGTGACAACTTTTCGCAGTCGAGGAGTTGATGTCCTAATCAAAGATTCGTCTATATACTACCCACACCTCGAAGAATGTCCAACGGTTGTAACCCCGTGCAGTACTGTAGACTGTTCCTAAAAGACTTACAACAGAGATATAGAAATGAGAGCACAGTATAGAAGGGCCATCTCCATTTCTTAGTAGTCTGGGAACGGATCCTTATCCGGTTAGAGTCGGGTACAAGTTTTAGCAGACTTGCGCGGGGGTCTAAACAATATATGCTCCTACTATTACCCATACAAACCCTCTCTAGACATACTGGTATATACCAGCCTATTTAGCTGATGCTCTCCGCATCAGTGCGTATCATCTAAGACGGTTTAACGAGTTCAAATATGTAGTTGGCTCAATAGAATCGATAAACGCCCTTTCGTGCTGGAAGCAAAGTAGATCAAGTCGGCATGCCGGGTGCTACCGTGTCCATTAGCTTGATGAAAGAGTTTCTGGCTAAAATCACGAAGTAGTGGCAACTCGCCGTTTCCATAGCAATGCACGTCTTCGACTTGAAATCATGTCCGACAGAGTCAACTCAATAGTGAGGCCGCTCATGCCATAGTGGGTAGGGCTCGCGGGGTGTGCTCTATGGGAGGCTGGGAGGGAACTGTGGTGTCAACCCGTGAGAAACATACGGCTCCCGCTGTGGCGCGTTCTGAGACGTACAGTTCATTTGTATACGCATGAGTGGTATGTGGGAGCCCTACTTGTTTCTAAACTGGAAATTCACGGATCGGTATCCATCTAATTTAGGTTATTGGGAGGACTAACTCTCTTGCTTCTCGGGTTAACTGTGCGAAGTGGTGGCACCCTTGCTCAGGACTGCAAATCTGAGACAATTATCGTCGCCAGTCACGGTGTTGATTGTCACTAGTAATGTCCACTCAGCGACTAGCGCTGTTACATGGACAAAGGGTCCGGGCTATGGATGCCGAATGCTAGAGCAAAAAAGAGGACGCCCCTGGTGCGGCCTAGAACCATACGTAGGACTTGAATCGTGCGTACGATCCATATACTTAGTTTGGGTTTTGCTCTCGACCTGACTTGTAGGGCCTTGGCGGCCTCAGTTTCCCGCCCCCCTAGGCTTTAGGACTAGTTAACAGTAATACACTTGCACTTTCTCAGCCCTCTCTGCCACGATTTAATCAATAAAATTATCAGGTTACGGGCAGCGGCTGTAAGTCACGATAAACATCCGTAGAAAGCGCTATCAGCGTCGACAATGCACCCCGGTCGAGCCAAAAACCACGGCGGCCATTCAGGTCGTAAACAGAGTTGACCCCGAACAGCTTGGCTAAGGACTAAACACCCCCTACTCTAAGGTCCTAGAGATAATCTCACTCTATGATCACCAGCTCCTGTCATTCAATTGGCGTAGTGGATGATGCTACCGTTTCCACACCAGTGCCGCCTTTTAGTAGCGTGGTTTCTCCGACTCTGGACATCGTGCGAATTCGTAACCTAAGGTAACGCGGAAAATGGA,1596,48.43,Mus musculus
SEQ_811623,GCATACATTCTAGTTCACGGGCGCGGCCGGTTAGCATTTCTCTCGCACTATCCTGGAGTTTTAGCCTCAAGGCTCAGAACAGAACCACATTGCTCCGCAGGTGGCACACGGACATCTACGAGGAACCTCCTGGTTAGTGGGACACCAACATGAAAGCGATGTTAAAGGTTACTGACGTCTGAACGCCCATTAAGGTTTAAATTGCCGTTAGGGACCTATCAAGTGCACGGAAATAAGATAGCTACCACTGGAAGTCGGTTAACCGGCATTGGCTCACAGGACCGGACCCTTGATAGGGTAAAGCTTGATATCTTGGAAGTCAGAGCAGATTTACAAATGTGGCTTATCGGCTCACTTCCCGTCTAGAGGGGCTAGATTGATCGATAAACATAGTCAGTGCCTGCCTGATTAAGGCACTAATATTCAATTTGCCCGACTCCAGCAACTTACCGTGACTTGCCGCCCTGTTGCACGCCAGAATTCTATGTAGATGCCAATATTTTTTGTAGCACAAAGTCTACAGTCCACTACCTACGGAGCTTCTGTTTTAGGTCGAATCGAAGCAGGTCATCAACTGTTCCAGGCGCTAGTGATAAGTATGAAGAGCGCAGCAATTACACGATTGCCCTCGGCCTAGTGGATAATGCTTTACCAGACTAATCAAGTAGCCAGCAGGATACCCTACCGAGCACCTACAGAGGTGGAACGATTCATCGCTTAAATGTCTCCAGCGTTGTTTATTCGCTCTTCAAACGGCCGGGACGCTAATAGTCCAGTGGGATATGAGAGTTAGCTCATTCGATTTTGTTTCCTCCTAAATGTGGTGACTGCCCTGCGACGAGCGTGCCGCCTGAGCCGGACTCACGGTATCGCCATACAAAGAAACCGATCCGCATGTCAAGTTACCGTGGAGGTGCCAGCTTTGGGGACCGTGCTCACGGCCCTCCAGTTCTATCAAACGCAGGTTCTGGCCTCGTACATACGAATTAGCCTGCCTCGTTAAATATCATGTACAACACTAGCCAACGGTGCATACACTAACCTTTCCACATCACTGGTGACAGACTTGTGCATGGACAGCGGAGAACGGGGGGTCTTACGGCGATACCACTAGCGCAACGATGCGCACGGCCGGTCGTGATTTAGAGGAGTGTAACACGGCTGCCGCGGACTCGTGATAGGCGTATATGCCTCGCCGACATAGTGTGATATTACGCCACGGGGTGGCGCTCTCTTCTGATTTAGGGAGACCACTGTATTTTATCTACTAGGGAGCTAG,1279,50.27,Saccharomyces cerevisiae
SEQ_797258,CCGCGGACTCGTATTTCAGAAGTGGTAACTAGGTCTGGGGTACGTTCAAAATGAGGGGGATAGTACTATTGTTGCTTTGTGTTCTATCCTAGTGGTGGTAACGGTAATATAGGTGTTGTACGACGGGGACTGGCGTCGCAGCAGTACAACGCCAAGGACCAGCGCTCAGGGTGAGACTCATGACCCCTGACTCAGCAAATCATAGTCCCCTGAATTCTTTCCTCGCCTACGTGAAGACCAAAACATGACTTCTAAGGCTTAACACATAACCGCATATGGCACTAGTTTAGGGACACTCATCGTGGAACATGTCGCTCTCACACCCATGGGAAAGCAGTCGCAGGAGTCTGTCGTACTACCCGCGAGCAGATACCTAACCCCCATATTCTAAGTACGAGACTCCCGGCTCCGACGGCTATACTGGATCCTTTCTTACTTGGGAGATAGGGGGCCGGGGCCTCACAAAGGCTCATCTCATGGACCTTCACTTAAGGACGATGGAAGTCGAAACCCTACGAATCCATGGAACTGATTGAGTCTTCCAGAGGGAACTGTCTATGTCGTGAGCGTACTCGCCAGTCCGAATGAAGTGCGTCTGTCAAAGGGGCTGATTAAAGATATGATTATTCAGAACTAACTGCGTCGCCCCTTTGATATCCCCTTGCAGGACGAGGATCTGAAGAGGTCCGGTCAGAGAAGACTGTGGGAACTAGTGATATAGTGGTTCGCTGGGCATCCAGACGTGGCGGGAAAAAGTGTCGATCATACATGCAAGGCGGTGATTGCCTCTGAGCTAGCTCAGCATTCCGGCGCATAGAAGCCTCCGGCTTACGTCAATAAAAAAATTGTTAAGACAGAAAACCGACCTAGCC,872,50.46,Mus musculus
SEQ_253042,CCCGACAGACTGACGTGTCGACTACATTGGTCTGGGAATACGTGTCCATTTGAATTGAGTTAGTCAATCGCTGCCGTGCGGATCCATGGAGCTATCGCGACACCTAGGGAAGCTTGAATATCGTGCATACCGGTTAGTAAGCTGGAAGACTGACACTATGAGGGCCCCCACCATGCTAATTTATCGCCCCATTACGTCTTCCCTTCCCACGGTCAGCCCCACGGACCATGCCTAACCGTACCTACTTACTGGAGTATTTCCTACCTTGAACAAACTCGATATTAGTGTAATAGTGCACCGGGGCCATCTGTACTTGGAGCTGATGAGAGCGCGCCGCACACGGGATTGCTACCGAACCAGACTATGGATCTGCACACACTAACGCTCCGGGGATTCGGCTAGGACAAAGGATCGTGGCAGTTGGTCAGCCAACATAAGAGGCGGCGTTCCTGAGCATCTCATACATTTTGTTTTGGACCTGACCAAAACGAAGGCCCAGTTGTCTACGAAAATACGCTGAAAGGTACATGCAGAGCTGAACTCGGGGCCCGTACCGAACGCGTGGTGAAGTTCCATATCGGATTAGTTTAGTACCTCTCTTGATAATTCGTAACCGTCTCTGATGACTGATGAACATTCACGTTACCTTAACTCGTCAGGCCGACTCGATACCGGTGAAAGAGGGCCGGGTTCTCCTTAGAACGAGGGCCCCCTCTGTGCGCCGTTTCTCCTGTAATCTTGCCGGCTTTTCATATATCGCGGAGTTGTTTGGATCCGGTCTCCAAACACATGTGCAATGCTGACTTCACTCGTGTTAGTAGGCCCGACGACACTACAGTAGGGATATACGTGGTCTGCCGTCGCTGCCCACAACCTCTCTCAGCACTTTATCATAACTCTCACAACTAGTTCCCCGGTTAGGGCTTATTTGATGCCAATGGGGAACCAGGATTCATTATTTAAGAAGAGGCAGCGTAACATCGGAATTTCTTCCTCATTGCAAAATGTCTTGGCGGCCGTTTGTGGTTGGCGTACATGTCAAGTATGGCTTCTTCCAAGGTGCACCGCCTGAAAGGTGACACAGCGCGCGTCTTCTGCTTCATCGAACCGAAGAATTGAGGGCAAAAGTCAGTGACGCTGGCTGGCCTACAACCCGGTGGACCCTTAAAAGCAACTCGCTAGTGAACAATTCAATGTATATTTTGCAGTGCTACATTCGTGCCATAACGCGCTTACTTCAATTAACCCTTGATAGGCTGTACCTGGACTGCCGATCGCGTACGGAGTGGTGTGCGCTTCGTTGGACGGTCCGGAGGTCAAAAACCATTGTCACTAGATAGAGGGGTGAAAAGGAAGCAGTTACTGTCATTGTAGCTCGGTGGTTACAAGATAGGACCAGCAGATCCAAGTTATAATCTCCTGATCACCA,1429,50.31,Arabidopsis thaliana
SEQ_335150,GCAGCGTAAAAAATGCATTTGTATTGTTTGGACACAGGACCGATGTGAGACCAAGGAAAGGTCCGAGAAAACCTCCGAGGCGTATGAGCCGTCAATTATTACCCAATTTTACGGCGCATCCGCCCCAGGTTTAGCGTTAGGTGTGCCTGAGGCTATCAAAAAGTGTAAACCTGGCACCAGCATCCGGGGCCACAAGGTCCCGGGTAACGGGGAAGAGAACAAGGGTATCATGCCCTCAGTCTGAGTCTTTGTGAGACTGCAAGGACTGAAGCGTGTGTGCTTTGCAATCCATCTTTCTACTGAGTCAGGCGATCGTGTCAGGTAGTCGTTTGGAGCTGCTTCGTCTCAGTTGCTCCAGTCAATAGGGACTACTTAGTGGCCGCTTTTACACTCGCCGAGGAGCGTGGTACTTTCTTTGTCCACGCATGGAATCATCGTGAACGCAGGCCTGGGAGCGGTAGCCCGAACCACACGAAGGTAAACCTGGCACAGCAGAGCGGACCGACAGGTCTGTCAGTTATTGGATCCGCCACCGTATCATATGAGCTGGGGTAACGGGAGAGGCGGTTATTGATTGTGCGGTATGACTCCATAAGGATCAACTCGCTGAGTTACCCCGATAAAGGAGGAGTTCACTTTATATTACGCAGCGGAATATATTAACCTCTAAGGGGCTTGAGTGTACTAAAAAAATCACCGTGGGAGTACATTACCATGCCAAGACAGAAGATGTTCAACACAGGGTTTCCGACACTCTCTTCTCCATCGCGGTACCAGCATAGCTCACGTCAGAGCCTGGGGATGTCCGTTGACTAGGTCAAGTGGCGCAATTTTAAGCGTTAATAAGATCGTGGTATTGTTAAGAGACGACACTAGGATCTAACTCTAATTGTGACCTCCGTCCTGAATTTTCGACATAAACCTTCGGGATCTTCCCATATCTCATATTCGGTCACCAATCGGTAGTACGGCAAAATGTAGTTTCAGGGGTTGCCCCGGAAGTGATGATGAGCGACATCAGCCTAACCCAGTTCATACCGACTCGGCCTACCGGGTCAAAGGGGATCTACCCTATAGAGCACTAAAAAAGGCATGCAACCGGGGGTCACATAATCTAGCCCTCGCGACATTATAATACAAGCCCAACAGTATCAATAGGTAGCAGGAGTATCACGGGACGGCTTCCCAAACGATAGTTTTGACGCGGTAGATGTTCTGTAAGTACCAAGGCTACGGAGATCGTTATCAGAGATGGTGGCAACGGAGCACGAATGCTGCTTGGTCGGGTATGGGTTCGCGGAGTCATACGCATCGTAGCTCTGATTCCGACCCAAAGCCACGTATACCCCCTGCTAGTAATATTTGCTTTCGTCTCATACGGACCACCTCATTTAGCCTGTAGATCTTAACCGTAGCAAATCGTATTTAGTGCCTTTCCTCAATTCACGACTCAGCCAAAACCTGGTAACGCTTCTTACTTCTCGGGAGAGCCCTCTGAAATCGCCCTCCTGACAGAACTCAGCAATATTACCGTCCATCTTCAGGTACAAACATGCGCTTGATGTGCTGACACCCTATATCTTGGCTTAGCCAACCGGCGCGGTGAACCACTGTTATTGATCGCACAAGCCGTCTTCGCGTGCACGCAATTGATCACCCGAGCCCTCGTCCGCAGATCC,1679,50.09,Mus musculus
SEQ_197265,CCGAAGGGGCTGTAATGGGGTTCATGAGAGAACTGCCCCGGCCCTATTTGGCCAGGAGGACGAATTCCGCCTAGAGTGTGTTCTTCTTCGGGTGTAAGCTCTTGTCGAAAGGCGAACTCTTCCATTGATATCTAGCTGGACCCAAGGGTGGCTTTTCCCGCACATGTCACTCAAGAGCATATGCTAATGCGCTAGCTCGCTTGAGATAGGCAATTGTGTGGACGACAACTTGGACGGACCCGCAACCAAGTCCGTATATGTCGATAGAGGAAGTAAGGCTTGAGCGCTGCCGACAGGCTCCAGTCGCACAACCGACACGTCTAACGACAATTGTAAAGACGCCGATTATGCGCAGTTTTTGTGCTCTGAAGAGCATCGTACGCTTGACTGCCTTACATCCCATCCAGTATGAAACGGGTTCCGAAAAAGCTATGATGAGGCGCGGGCCAGTTATGTACTCTCCCCCGACTGATGACGATAGCACCTCTCCCCTACTCTAGCATCGCGGGCAGGACTCGCTTTGTGTGCACTTCCTCTCGAACGTTGGGGAAACGCGTATGTCCTAGGATGTGGTAGTAATGCGTTGAGAGTTTTCTGTAGCAACAAGCGATGGCTACCGTAGTTCCCTTTAGAGGCAGGGATTAGGCAACGGATCCCGCTGTCCCAGCGTCAGCATCGCCAGAAGAAAGCACTCCGAGAGTTCACTAGCGTCGTACCTCTAAAGGATGCGATGCTGACGAACCTTCACCATAAGGGATACATAGGAGCACCCCTACTTCCCATTTAGACAGGCAGCACGACCGGTAGGAAGCTAACCCGCACCACGTCGCGCTCGTGCTGGTCAGCAGGCTCAACATCGTGAACCCTTATGACGAGCAAAGCAACCAGGATCAGAACTCCTACACGAACAATAGTTGACGTCTCCTGCTATTAGCTATACTCTATCAGCGTGATGACCTGCAAATGGGAATTTTGATTTCACGAGGGTGAAACATACGCCTATCGCTTCATTCGCCCCAAAACAACGCTCGTACGAGCCCTCTTTTGACTGCCGTCGTGGATTATCGCGGGCCTGGTTAAGAGGGGTACCGTCATGGGGAAAGTCCAACACTAGTAGAGCGGGCAGACTGCCGCGCCGCGTGGACAGGCAATCCCGCGTCCAATTGTGATGACATTTCCTGACTAATATCGGACCGATTCATGTCGTAAGATAGTATTGCACCGTCCGTCGTATCTTACTTCCCGGGGAACAGTAGATAGCAGAACACCTGACAGATAGGCGAAGAATACTGCGTATCTATTCCATACTAGTTGTCCTGCAGCCCAAGTCGCTTTATCCTGTGTACTGTATATTAGCAGATACCAGCCCCCCGGGGGTTTGGACAGCTCTTCGGGAGGACTGACTGAGCTGGAATTCAGATAGTTGGAAGCGTCGCGCTGCAAGCACTATGACGAGCTGTGTTTACACAGTCATTAATTGCTCCTTGCCATGTGAAGATAGTAAAAGGGCGGTGCACTACCAATACAATATAACGCTCGGCGCAGTCCTTTGCGAGAGTGATTGAGGCCAGTACCATGTTCTTATGCAAAAGGTATCTGGAGCAAGCACCCGCCGACATGCCCGACTGGCCTATTGGCAAGTGCGCAAACGTACACCGGGTCATCGGAAGAAGCGTGGAGGGAGTTACCGCGACAATTATTTCCCGTCTGCCCCACGGCAAGAAAACCTAGCAGGCAAACTATTGTAATCTATGCCTGGCAAGTTGAAGAAACTGTACACTCCCAACCGACAAGAGCGGCCGGCCACCGCGGGGCCTGGACTGACTGCACAGAATTATACACTATGCATACCATATAACGACTTCCTCGTGTAGAACGATATCTCCGTCTACCTAGGAATACGTAACAAAATAACCCAGACCCAGGTGGTCTGACAGGCTGGACGCGATCTGGTCTTCCGTTCATAGGCTTCAGCTCTTACAG,1983,51.84,Homo sapiens
SEQ_605924,AAACTTGCTCAATACATGGAACTAGGGCACGTAGGACGGTCAGAGTTATACGCCGCTCAGTATGTGCCCTTTTCGCACCGGGAGTCATCAGGCTTGCCGCCCACACATGGTTGTGGGTTCTAGTGCCGTCAATGTTTTTCGTAAACGTCCCCCATCCCGCGCCTCCGTAGGAATGTTTAGCTATC,185,52.97,Drosophila melanogaster
SEQ_625073,GGTCTAAAGGCGCGCCGTTCCACACGCGAGTGATCTTGGGAGCCTTCCGTTGGACTAGAAATAATACGTAGCTCGGCGACCTTCCAATTCGTTATTTGTTATCATTAGTGGCAATCAACGTTACCGATTTCACGTTATAAATTGCGTGGACGGCGCCCCGTGTGCGGATCACAGGAGCGTTCACTGGATATAATGCGGGTGTTTCTGCAGTTTTTGCTCATTGATGGGTTGTTGGTCAACATAAAATGCCCTAGCATCGGTTCGATACAGCATATAGACTTTCTGATCTATATGGAGGAGTAGGAGGCATTCGCGTAGCTGGGTCACATGAGTGGCGCGAGCTTCAAATCACGTATTTTACGCATTCCGAAGATGATATTGCCTACCCGATCTAGAACTTCTCATTCGATGCCCGCGGTGAGTGATAGCTCACGTCACTGAGCTCGTTCTGGGGCTATACCAAAGCATACTCTGCAGCCAACAGCGACGTGTGGTGACATAGTACCCCCCGTTAACTCCCATTGAAGCTCGCAAGCTCGGACCATCTCGCACCATTTAGGATATGCGCCATTCGCAGGACGCATGTGTTGCCACTGATCTCCCGCCTCCCGTCAATTAGACAGGCAACTAAGCATCTCAAGATATACTACGGGTGGTCCCGATGCATAGTTTGGCGTTCTACAAGGTATTCATGGACAGTGGAAATGTGAGAAGGTAGTCCAGAGAAAATGCTAGCAGGACAGCACCCAAAGTGTGGATCGATATTCTGTGAGGTAGCCCCATTACAGCGAGCTCATCTTTTACGTCCTAACGACGGCGGAGAACATACGGCGACGGGATGCGTTGCCCAGACTGAGGTGCATTGCCGTCACTCAATGCAGGTGTAGATTCGGTAGGGGGTATGAATCGAACAATCTAGTTACTCCCCTGGTTATGAGCCACTTCGTGTCTCACGGGTTTTACAAGATGTAGTCCCACGATAGCATAGATGGTTAGTTGGCAGCCAGATGAGTCACTCAAACCGACAGATCCATCTGTGTATTAGCCTCGTGATGCTATGTTCTCTCAACTCTTTTTTGCATTTCCCCGTGGAAGTAACCAGACCTGGTTAATAAGTAGCCAGGCAGCCCGCAATTGGACCCATAGC,1147,49.61,Escherichia coli
SEQ_372391,CTTCTATCCTACAGCCAGACGTCTTAGGAGTGGGTCACGCTCCGGGCACGAATGGGAAGATGGTCACTCCGTAGGAGGCCTAGAGAATAAAAACGCCAACCTTCGTAGCATGCCTCGCCTGTTCAGACTTCCCACAGTGCACGGTCTGTTATGACGCGAGGTGACCTGACAGATTCTGGGAGCCGCAGAAGGGTAATCATGTTCCAACTACACTTGTTACACACTGGCAATCTCCCCGCTGGATGCAGCTTGTTATAACGGTACGGTGAACTGCAGGTATGATCGAACTAGTCAACTTTGGTCGGAGCCCGACCTTTTTCATACTATGGCGGGTACGATCCATGTCCTTGTGACACTGTCTGACACTATGCTACGTACGATTCTCCGGGTGGGCAGTACGGCGCCCTTCCAGGCCTCCAGCGTGCACACGTCATTAATAGGAATAGGGCGCTCCGTTGTCGGACCTGGCGAGAATCTGCTCGTCAAACGCCATGTTCACCTATGGTTTCCAAACTTCAGACCAATAAGACGCGTTCGGTGCGGTGTGGATCCCGCAAGCGACGACATCGAAACGGCAGCTGACATTAGTTTATAGCTTGAGCCAGGAATCGAGCGCCCGAACCGAGAGCATTAGTGTCAGCAATGGTGAATCTAACCCATCCACGATCTGGGCTGTTTCGATGACCTCGACCACTTAATTAGGTCAACCTACTCAGGCAGGGCTGTGGCTCGTAGATGGCGCCGCCCCTGCAAAAAGTCTTCGAATCGGCAAATTCCAGCATAGCAACGTGACGACATATCGCAACTCCTGCTACAGCGGCCTTCGGTCATCATCTTTGGGACTCACTGATTTCTTATAGTGTCGGGATCTCCCCAGAATCCTGGATTGCAGCCTCATCTTCGCAGTCTGCGTGTCTAAGCCACATTTACACAATGTGTGCGTCAGGAGTCAGTTTTGGCCTCTTCAATAACTGCGGGTTTATTGTTAGTATAGGTTGAGTTACGGCCTAATACACATCGCTCGAGGGGAATTTTAGCTCAAACAGTACGAGTCTCTTATAAGTTACCCTATGCAAGGATATGATATGGCACTGGCGCACCATCAAGGGGATTATTTTTGCTTGCAGGGGCTTTTATGGATTTGACGAGGTGCTAACATATAGACCCGCGCACCAGTGATGTTGGGCACAAGGCCAAATACGTCGTGCTATGGTAATATATGCAGTGCCTCATGACATCAATTTATTTAACGACATTACGTAAATCCTGGTGGTTCACCTGATTCGATATTATCTACAAGTAGCAGGCATAATGGATGATGTTGATGCCGCCATTGACCCCTCGAAGACCCGAGAGCACAGCGGATGTAAGCATCTTCCCTATAATGATC,1390,50.07,Drosophila melanogaster
SEQ_941450,AGCAACTATGAGACACTGACCCCGTAAAAGAACGGGGACTCGGCATATAAGAGAAACACATCCTTGGACGAGGAGTCGGACGAGTTTTGAAGGCCGGGGCCCTACAGCGCGTACAAAGCCCAAGGAGCCTGACGCATGCAATTGGCAGTAAACAGACTCATGGGCTGTTATCTGGCTTCACTTACGCGATCTTTGAGTAAAAGAAGGGCGTATGATAACGCGGTCATGTTTCACGGTCCATCATGCGATGTATACAGGCACGCGGATCTATTTACCTCCCTCTATCTCTTAATTCGACACCGACTCGACGGCATGTCCGGGAGTGCGAAACATTGGATTCTGGGTAGTGACGAGAACAGCACGTTTTTTTCAAGGTGTGGAGAGGAGCCCCGGACCTTGGTATGCGACTAGGAGTACACTCTAGCTTCGTTCCAGACCTTGTCGGATCAAAACTAGAATAGTGTGGGGGGAAGTGGGATTATCCCGGACGACTTGTCAGCGGTGCAACCTTTGTGTCGGCTATAAACGTCCAGGGACTTGCAAAGTGAATTTTACATCCTGTTGGGCGAAGGACCAACAGACCTCTCCTACATCCATCCGCCTAGTGTTATGCAGGAACGACCATACTCAGTGAATACAACATCCAACAGGGGAGATCTAGCTGTGCGCAAT,672,50.6,Drosophila melanogaster
SEQ_649079,CTTTGCTTCACGGCGCGGAGCAACGGTTACCACTGGAGCCCAACCTCAGGGTGAGGAAGTATTAAATTGGTCCATACTAAAGATTCGGCGTCTAGGGCGGACGCTTCTGAGCCGTGGACGTCGGTGAATGGCCAACGAGCATGGGAGAATCCCGCCGAACAGGCGCTTGACAAGCTTTGCTGCCGTCCTCTCTATATCACAGTCTGGCCGATATAGCTACAGAGAAAAGGCACAAATGTATTCTCAAAGGGGTTGGGGTATTCCAAGCAAAGGACCTTCTAAGATATTGCAACCTTATCACCTTGGCTCTCTAATATCACGATATTGGCATGGCCATATGACTTTTCTTCCACGACTAAATGGTAGGTCAGTAAGTACAGCAAGTGCAGAGGCGCGAGTCATATATGCCATTCCATAAAAGTATAGTGCGCCAGGTCTTAGATGGTCTCGGCGGAGTTCGGCCGAACTACTCAGTCGCCCCCTGTCCAGCGAGTAACCATATACACCTCATGGGAATCCATACCAAGCTGATCTAGCCAGACAGCCGACCTTAAGGATCTGCAAGACCCACCGTATGGAGTTACAATGTCACACCACGAATTATTGGGGGCCTAGGACGGC,621,50.72,Arabidopsis thaliana
SEQ_669220,TTACACAAACCACTCGATACCAGTGGTCGAATCGGATCCTGAGAGTTAGGCACATCACGTGCTTAGTATTCCGAGCTACGGTCCTCTGTATTTGGAGATACTTAGAGAATCTACGTTTCGCTACTGAGAGGTCTTCGTCGGGCGAGTTAAGTAGACCCCCGGCGACAGATGCGTTGTCCATGAGGCTGCTGGGTCCTGACCCGGATGGAGCCTCCTACTCGGAAAGATCCCTTCTATTATCTGACAGAACTCACGGACCCGTTAGAAAGGAGCGACCTGAGGGCATATAGCTGGGCTCGCAGCTATGCTAAGAGGAACCAGATGGCGATATAAGCGTGAGCTAACTAGCCCACGGTTCGGTTCATCCCCTCATCTCTGCACTCTTCGAAACAAGTTATACAGCTAGGACAAACGTAAGGCATGCTTCTCAGCACATACACTTGGGCGCATTCCGTATCTTGTGGTTTTTGAGGGGG,476,51.26,Caenorhabditis elegans
SEQ_361014,TATTGAGAGTTGCTACCGTAAAGGATGTTCCATAATGAACCATCAAACTGGCCGTATTTCCCAATCTGCAGCGGCCTAAAAAACCTGATGCGTCGATTTAGGTGCTCCTCAGACCCAGTATAAAGCTCATACGCCGAAGCTCCGTCTAATCGTTGAAGTAGCATGAAGGTTTTCGGACACTCCGCTAGATCGTGTTTGCTAGGTCGTTGTTATGTCCACTGGTCTGTACATAGAGTATATGACCGTGGCGGGGAAATCATCTTGGTCACGATGAGGCGCGGTCGGGTTTGAGGGGCCCGAAAATCGACAATCGCCTTATACACTTACCTGAGTCCAAATACCAGGACAGTTCACAAGTTAGATTCCATAACTTAGGACCGCCCTTCTTCTCGAACGTGACCGACGCGGCCTCGGCTACGATTCAAGATTGCAAAGACTGGTATGCGAGATTCGTAGGTGTTAGTAAAATACTTGAAGACCTTGTAACATGCTTTATCCCAACTCGTAATCGCCAAACGCCGTGGCAACGTGCACTTTTGGGGAGTGATAGGGCGACTATAATGAATGTGCCGGACCTTTACATAAGATAGCGCGGGACCAGGAACCTCCTTCTCAAAAACTGGCAAAATAGTCAATATTGTAATTCTATATGACTACGAGGGATATAATGAGAAGACACAGTTGTGAGGGGCCACTTTTTCCTTGTGTAAGGTTCTCGGAGGTCAATAGATGTCGTTCCATTTTCTCACTTAGTACCAAGGTCCGTGCGAATCCCCCGTGTCCACTCACATTCCACCTGCTAAAAACGCCACTGAGCCATTAGTAAAGCCGGTTTCCTACCACGACGTATGTCGCTCACCTTCCACTCGCTGGGCGCCGCGTTAGGACCACAGGAGACCTATGTCTACAGCATGGGCGGGGCTCGCCCAATCAATGCTTGTTGTATTGTGTACG,954,48.43,Caenorhabditis elegans
SEQ_829265,GGGCGCCATCCAACTAGCCACCACGCCCTAGTAGGTGAACCCTCGTGGAATTAGGCCACAGTGTCAAGCTCCTACATACACTAAAGGTTTGATCGCCTCTAGTAATCATCCAAAACTAGGCATGTCAACGTCCCATCCGCTGCCTCGATTGACCAAGCAAACCAAAGCTGCGGGGTAATCGCCTACTCGCAATCGTCTCTGTTTTAAGGACTAGTGCACGCCCCGGATCAAACGGGATATCGAACGACTGAAAATGTGGCGGAGTGTTCACGTGAAGAATTCATTATTTCCCGGCGTGAGTATTGAAGTCCACGGTCCTTACGGACGATCGGCACTGTCGGGTACCACCAAATCGATATTTATTGGAGTATCCGGTTCCGGCGACTTATCGATCACCCTCCGTAGATTCCAGAGGCGCGTTTGACGAGGCTCGACGGTTGGAATCCTAGTCGCAACCTCGCGGCGTGTGTACGAATAAGAGACTTCGGTGTACATGCCTAGGTCGTATCAGAGACAACCGAAGAGGGAAAGACAGGGACTGGTACTTTTGCAGCCAAATACTCGGTTCCTAACCAAATCAAACAACGTCTGTGG,594,51.35,Saccharomyces cerevisiae
SEQ_523732,TTGACACTAAGCGGCTTCCCAGGAGGTACGGCAACTGGACCACGATACCGAATCGTGGGGGCTGAGTACCCTTCGCCGAGGCGGTACTAACTTGATCTTCCCCTGAGGGAGCTCTAGTGGAGATAGGACCAGAGTATATTGACTTCCGACGACCGCCGTGTGCCTAGATGTATCGATGCGTCAACCCTATTAATGAACAATTCTAGAGGGGTAAGTCAATACAGGAACCCGGCCGGATCCGATGAGTGGCCGTGCGCTTCAGAGCACGTCATCTTAGACTATGAAATCAGGAAATAGAACTTCGGCTCTTCACCCTTATCAGCATTATACATCCAGCGTACCTCCGCTGAAGCAAGTGTATATTTTGCATATGGCAACAATTAAAGGTGCCAATAGGTGATTTTGAAGCCCTTGGTTGGGGCCCCACAGCTCTCGCTAGACATTCGAGAATTCACACCGTGGAAATCCTGTATAGCCTTCGGTCGTATCCGCCTTGACCTTGAACCGCCACAAACTGGTGATTGGATCAGACCAGGTATGGATAGAGCCCGCGTCATATAAGGAGCTCCATCCTCAGTCGAGGATCGCACGGTTGTGATCATTATGCTGGGGCTATGTTATGTAACGTCCCGACTAGCTTTTCTTTGCAGGAGTTAGTGGGGAACCCGCCATCCAGCAAGAGTTATCAAAAGATCCGGAGTAACGGTCCAGTTCCGTATTTAGGACGACAGGAGGTGTAACCGGGCATCCAGAGGTTGCAACGGAAGCTCTGTGGTTGATAATCTCGATTCCTACGGTTCTTTTAGATTATTAGCCCTAAACGTGCTCTCTCTCAGACGAAGACAACGGGTTCGAACAGTCAAGCGTATAACAGGTCGGGGCGCAAATTAGATGAAACCTTATGACTTGGCCTTTATGCGGACAGCGATCATTGGGGTTATTGACACTCTGGAGTATGTTCTCATTAAACTAGGGTAATTATTTATCGCATGGTCGCTCGCCTCGACACCGTACCAGCCCCCACCGTCTAAGAGTGTATTTTGGGTGGTCCTACATGCGGAAATGCAAATTTCACTTTTCAGCGTGGCCTTTCAGGCCGGTGACGGAATTATTAGTCTGGGCAGTCCCCTTCCCGCACCGAAGCTTGGCTCTTAATGGCACACACCCAGGAACTAAGGGCGAGTCATAGAATGCTTCATCGCCTACCGCCT,1211,50.12,Saccharomyces cerevisiae
SEQ_417971,ACTTCCGAGGGACAGGTATAAGATCCGGTATCTCCAGCGTCGAGCAACACCCTTCTCAGTCGTTCATTGACGTTACCGCTCCTCATCACGTCACAGCGAGTTTAGCTCGTCCATATACTGGGCCTTGTTTAGGAAAAGGTTCTAACAGACGGCAGTGGCTGAGCGGTATCTATGCTCCCGCCTCATTCCGCCAGGCCTCGAGCATATACCCCGCACGGCGATTGATTGAACAAGTCGAAAATTGTGTCTGTCATCATGGTTCAACATTTAAATATCTAACCTTAAAACTTTTATTGGACATAAGCTTTTCTACGCGAGTCATTTAAATAAGGCGCAAGTGCCGTTTTCGTTACTCCAGCCATCAGGTAGAAGTGTCTATTACCAGACGTAATAGTAATTTGGATTCATAAGACTAAACTTTTTAACTTGTAAAGCGTTGGTACCAAGGGGTCGTCGTAACAAGCGCGGATTTATCGTTTCCGTACCAGCGACGGCGCGCCACTCCCAGCCATCTGCCTTAGTCGCGCCCAAATCTCGTCCTATATGCTTCCGGAATAAATAAGAGAGAGATTCTTGAAATAGCTACGCGTTATGATGTTGCAGAAATCCCTACGCAAACTGCATAGAAGGGCGTGTCTGCTTGGCTCACCCTTTAACAGGGGTTGGACGATATCGTTACCAGAAGTATCCCGCTCATTTGTTCCAGGCGGAACTCAATTCGGAGTGATGGTGGCTTTTTGATAACTCGGGCCTACCCGCCAGAATTCTCCGTAATAGGAACGATTCCGGCTGGCGCTACACACATCCGACTATTAGATATAGAATTCAGATACTGGTGGATACGCAACTACTGGAAAGATACACCTTTCGAGATGATCTAACCTGTAGCCTTTTGCCGGGTCCCAAGCGGTGTAAAGGTGATCGGAGGGAAGAACCGCTTTTTCGTACGATGAGAACCACTTGTGCGCTTTCGTAATCTCATGGCGCCAGGCTCTCTTTACC,1002,47.6,Caenorhabditis elegans
SEQ_649650,AGAGACTCGAACAGTGCTCCCGTAAGAGGGGACCTTGGATCTCGAGCGTGCCACGACGTATCGGATTATAAATCTCTAACTGGAGAACACTTTCTCATATCACCTTGCGTGCTAACCAATCGACCTAATGCACTATTGCCCAAATCTTCTCGACGACGCGGGACCGAACCAGACCAGTTTTTTTTGACTTGCAGCACTCTCCACCTCCCTTGCAACGTCCTTTGAAAGCACACGCGAGCGGTTAACGGTTTAGACTATCTTAGGTATTGACGATCACAGCAGAGGGCTGGCCCGATATACTCTTTGGGTCGCTGGATGAGTGGGCACTATAACTGATTAGTAAGGAAGGGCTGTCTTACTACTAATATGCAGATGGTTTTATCAGCCGCGATCTGTTACTCCACGCTGCCTGCGGCTAAGCGGCAACTCGGGAGAGGTGGCCAGTCTAGTTACCCCCCCCCATGTGACGGCAGACAGACTCGTATAATAGTTTGCGGCCGTCTTGTGTAAACAGTAGCCTCTTAACAACGCTCATAGACGTCCTGCGCAGTCGTAATGTGACAAACGGTACAACTCAGGTTAGGGCTCGGGACGCCTACGTTTTTGTGATGTGCCTATTTCGACTGGCTCCACTTCCTTGACCCGCAGTCGGATACCCCTACGGCTATCCGTTCTACCTCACTAAACGTAGATCGGGGCGAGTCGGCGCGTTGCATCCAACACTCAGAAGGGCTGGTGTTAGCGTTAACTAAGCAAGTCGATCCGAATAATTTCGCAGCGCTAGCCTGGAGACTACATCATGAACGGCTCGCGGGAAGGGTAGCTCAGAGACATTTGACAACTTGGAATCTAATGTTATTCATTTCCGTGTCTACGTCTCTACGGAAGGCCCCTCCCGGTTTAAAGTGCTCCGGCGGTCAGAATAATCTAATTAGTTAGGTCCATCGGTCTTTGACATAGAGACGTTTCGGTATCTCCACGCTTCTGACTAACGCCATCCGGTCTTAACATCGTGAAAATTCAGTTTTCTACATCCAACTGCGAGACTGACACTCACGTAGTCCTTAACGTAGCCGCGGCATGGTCCCACGTATCATCGCGCGTCCGTGATCGCTGTAACGGGGTTATCAAACAGGCAGGCGCTCGGCTGTTGGCAACTCTCATCGCGCTCACCGGCTCAGGGCTCCATGTTAGCAGTCATCTGGGGTACCAACCTAGCCGCATTACTACCCGTGATTGGGTGAATGGTTCTACTGCCGGTGACACGGGGCGTCGAATCTATTAAAATCCACCCGTCTACCAGTACGGAGCCTAAGGGTCGACCACTTTGTTGAGACGCGTTACACGAAGAGGGAGACTCACATGACGACTAACTGTCATCTCCCAGCTAATGCAGTTACGAACCAATCAACCATCTCACTATTTCCACACGGGGTTTACGCGGACATACCCTAATACTTACTGCAACCACCGCGTTTGCACGTCGTCCTTCACTGCAATGACTTAATATCCGAGAGATCAGGAAGTGGGATATTGAGTACTACTAGGGTCGCGGGAATGCTTAGAACGGAGCCCACGGACCTAGTATGCCCCGAAACGGGTTCGAACGTTGTGTGGTTCAGGGCACCGAGTTAAACATGTCGTGCACACTCTGCGGTTTGCCGTCAATGGAGCCAGGCAATAACTCCCGTCGGGATAGGCGGCCTACACTTAGAAGGTTATCGGTAGGACCAGGAGGCAAGCACATCGTCTTTGCAAAATTATGTTGATTCACTAGGCAACCGTTACAGAACAGTAGGGGGTAATTTCCGACTTATTTAGGTTTGACCCTGACCGCG,1838,51.25,Drosophila melanogaster
SEQ_566593,TCACGCAGCCCGTCCTCTACCGAGTGACTAAGAAACGATTAAACCATAGATTGTACAGTACTAGATTCGTACAGGTCCTACTACCTAAGATCGGCTTGAGAATTTACCCCTTATGATCGCCTGGCTGACCAAGCAGAAAAAAAGAAAAACGGATCATGAGGTTTGGTTGCAGCAACGCCATGCTGAGTTATCTGTACTTATCACTCGTCCAATCACCCCGTTTGACTTATACCATCTCAAGCCTCTTAGCCCGCTCAGGTATTGCTACAAGGGAGTCGTTGAATCGTTCACTATACATGAAGTCATTGCCCATGACCGGACGTTACGAGGACGAAGTACCTGCGTTTGCTGGGGCAATACGTCCACGCCTACTATCGCCACGTCCCGTGGGGCACTGCGCTGTAGAACACTGTTTGTTTCCCGGAAAAAGGAATATTATTATGGGAACGTCGGTAACTCCTCTACCTTGCAGGCTTCCGCGCCCATAGGGAATAATAATAGGTAGCGGGCCTTTAAAAAGGCGCTTGCCAAATGTTTAAGTCTTACAGACTTTGTTCGCAGCGTATAGACGTGATATGTTTCATGTAAGTCCAGTGAGTTGAACAGATCGAAATGCCTGAGTTATTATGGTCTTCTCAAGGTAACTAGTGTCTGTTACAACGCCCGACGACGGCGTCAGGGACTATTCTCTACCGTGCATCCGGCCATTGCGTACCGCGATTCTGCTCAGCATTGAGGAAGGAAGCCAACTCCCAGGGATAGCACAGATTGCCTTCAGTACCCCGCCTGTGAGGGGTACTTGGGCGGATGCTAAATCCAAGGGAATATATCGCACAGTTTTCCGATCAATCGACACTTGGGTCATTACGGGGCTCCGACTCCAATGTAACACGTCTCAGTGCGA,904,48.78,Mus musculus
SEQ_512661,TATGCTTAGAGATAGTAGCACGCGCGCCCGTGCCTCCTGACCTACCTTCGTGTCAGATGCAGTTGCGTAACACAGCCCTGGAATGCATTTTGCCTGTATTCGTAGGAACCCCACCTTTTGCTCCAGCGAGGGCACGAACGGCCCTCCTTCTCCTGCATGCTGGGTTAATGGTTGGCGACGTGACGCCAGCATCTTGCTGCGGGGGCTCTGGACATCGCAGGCACTGTTAGTTAGGGATTAAGGTTTTCCTTGTCCAAACCACTTGAAGCCGCACGGCGCAACGCACCAAGAGGGTCATAATTTATCTTGACTGGCTGCCTTCGTGACGCCTATGTGAGTTGCCTAGATCGGGTATCGATGTAACCTCAGAGATCTCATTTTCTCATTGCGTACGATATAGAGTCGCTTACGTCACTATCTACAGGATATCTCCCTCTCGATGTCGCTCTGACGCCCCGGGTGATGGCAGGTCACGTTTATATTGGGGAATCTAGATACTATGGTATTAAATAACTGCTCGACTCAAGTGTATACTCCACGACAACGGCCTGTGCTTCTAGATTCGCTACGAATGACTCTAATTTGGACGAGCGGGCCATACTGAACACCCACGTATCAAAGACTGGTAGCCGACTATGGAAAGACGATTTTGGCAGCTGGTGCAGGACCCTCGATGAATCCACCCGTTCACTTTCGGTACACGCTCACACGTGGTTGCGAGTCAAAGGGCAGCGAGCGGTCTGGCGGATATCGTACGGCGCTTTGAACTTAAGGAGGATTCTAATTGCGGAGCCTACATGTCAGTGTTCCCCAGACGTGCCATCCGTAATAGCTAACTATCCTGCCCAACCAACCAATTGCAGGGTCTTTGGCCGCTAGGGAATTCAATTTGGTGCCTGAAGGCTATATAATAATAATCGGGTGGCCCTGTTGAATCTAGGGAAATGGAACTGGGGACCGCGCGCAGACAGCTTCTAAAGTTCTCATTTGTAGTGTCACCTCGTTCACAAAGTGAGTAACGCATGTGGTTGTTTACCCCGCTAAGACATGAAAAAATGATCCGGGGGTGGGGATGTGGCCCTTCTGAGGAGCTTTCTGATGCTACACGCCACGTACGATTCACAGTTCTCGCATGTGAGCCGATGTAAGATGCTAGAATAAGTTTAGTTCAGACACCAACTCGATACGTCAAGCCAGAAGACTGCGGGATAGTGCGCAGATGGGTGAACTGCTACGCGGAGAGTCGAAGATACCGCCCACCGTCGAGCAAATAGATTTGCGTACGTTCGGTTGAGCCGGGTCTTAAGGAGCCACTGTTGGTGGCCACCGTACCCAGGGCCCCCGTGCCGCATCCGCCATCTCCTCAGCGATCTCATCACCCAGTTGATCATGGGGTAGAGCTTGGGCTGTGCTCTGCCACAAGTTGGTCGTGACCATAACGGGCGTTTATTAACGGCGATGAGCTCTTGTAACCCCTTAACGATCACAATGTAGAGCATGGCTACAGAAGTACTTCGACGGTTTCTGGCAGGGTAGCGCGCATTAGCGCTATATCTCCGCAGT,1563,51.95,Drosophila melanogaster
SEQ_116237,CGCATGCCTCGTTCTCTGACAAGACTTATATACATGGAGGAAGAACTTCTGGTCCAGTGTCCGGTACGTCACAGGTGAGACTCCACCTAGTGCCACAGGCATTTATACACTTCCGTTTACTAACTGCAGCACACCCAGATATCTCCGTGTAGCGGAATACAGACTCAGTAGTGGGCCAGGTTTCATGGCACAGTCGGAGGATGAAAGTGAGGGTGAAGTGAATGCGTGACCTGCTAGACGAAAATTAGTCCACGTCCCATTCCGGGCAAACCCAAGCGCGTAATATATCACCTGGAAGGTCGTATATTAATCTACCATTATAAAGGAAAGACAACACCA,339,48.08,Homo sapiens
SEQ_764025,CTTTGGCATATTCACATTCGCGCACAAAAAATTTCTTCTGGCTAAACTACGAGCGACAATATAGAAGCCGGACCTGTCAGCAGCTGCATTAGTTCAATTGTTGTCGGTCAGCAAGTCGGAAGGGATCGAATGCGCTTCTTGGGAAAGTCACTCGTCAAGTACCCGCTTCTACGAGAATCGGTTCGTGACCTTGATATCGCTTTTCCAACTTGATTTACCGAGACGCTATACGTACGATGCCGTGCTCTCAACAACAAGAGTTAACTCGGGCCCCATTTGAATATTCGAGGTTGATCCATGGTATTTTGAATTTGCAGCATACAATAGCACGGCGTTCTTCGAGAACCAGGGCCGGACTGTGCCAGCGTCGCGGGTCCCCGGTTTGAAGATCCGCAG,396,48.99,Escherichia coli
SEQ_864932,GCAGTGATCATAACACGCCGAGCGCCTCATTTGAACGAACGCGTGCGGGCGACAATCCGCACCAGGCTGCCTAAAACGCAATGTCCCTCCCGACCTTGCTAGCAGAGTTTCCTGCCCATTGGACACAACCTATGCTAATCATCTCTAGAGCAGGTCGCCCGTAGCCTAAGCGTATCACTTTAGGGGGCCGTCACTTGCTGCCCGTACTCAT,211,55.92,Caenorhabditis elegans
SEQ_496112,TAAGGGCGGAGCGCCATCATGGTCCCGCATAGAGTACCGGTTTGCGATTCATAACTTGGAGGGGTTCCCAAGGAAAGCGCATATATCCACATCCATGTATTAAAGACGGCGATTTGAAGCGAGTAAGCCTTATCACGTTTATTTTTGAGCTGAACGGACTCGCAAGCGCAGGATAACCTGCAAGCCTGGCTGAGGCATAAATAAATCGCTTGTAGGGTGTGACCCCATCTCTAATCACGTCCGCTAACATAGAGGGGCTAGATGCCGTATACCGGTAATTACGCAGATGGCCCGAGAACGCTTTGCTGTCCATTGGCCCGGCATCTGGGCTCTTCGTGATAGCCCAGTCTTTAAGGCCTCCAATTCGCATGGCTCGACCCGGTCGTAGGGGTAGGGATCCATAACCATACTGTCACGAGGTGCTGGGCTGGGGCCCACTGGTGCCCTGCCTGGTCTCCACGAATCACTTCCGTATGAAGATTGTCTCAATGTTAGAGTCAGGAGTTACCGTAGACATTGAAGTCAGTAGGACTATGACTTACTGCGCGTTGTCTCGTTGGACAATGACTGGGGGCGCCATTCTGCCTCTCCGTGATCCGTGTCCGCGGGCAGTGTGAACCCGAACTGCATTCAGCTACGATGCTGTGGCAATGTACGAGTTATATCGCCAGACCTATCTCGATTCATCTAAGCCGAGTCTATCTCTCGCGAACTATTGGCAGAGGCTACTATTCGTAACCCCCTACTGTGACTGCTGAGACAATGTTCTGGATCTCTTGGTCATCATCGGGAACTAAGGCTGTTATGACGCCATCCTCAATACGGGTCGCATAATGTTTTTTGATTGGTACAAGACTGTCTTGCTAGCAAAATTTGTGACGGTAGCAGTCTCTTTGGGCTGCATGATATCTGAGACGGAATTTAGCTATTAAGCGCTTCATTCTATCAAGAAATTTCTGTGGATAGATAGGGAATCTGCTGCCCGAAAGATACACTACGGCATATAGAACTCTCATCCACACCCTTATCAGATAGAGGAAATATACATTGTTACGTCGCTATTTTAAGTTCCAGTGGACTTTCGCAGGAAATGATCGTTTCCCCTCCCGATCGGAGGAACCCTTGCACAATGCTCCTCCAGTAGGGACTACTAAGATGTTGCAGCGGTACTCAGCCTCGTGATTATCGCACCGGCAGATGTGGCGCCACTATATGTTATATGATTAAGGCATTGAATCATTTGCGGAAAATCGTTGAGCCTTGTATGTTTTCTACTCTACATGTAAGCTCTGAATTCGCATACTGAGTCAATGTCCTGCACAAGTCCGATAAAGAAGTCAAAATCGGGCACTTCGAACCACCCCACGGCCCAAGGGCGTGGCCT,1384,49.06,Homo sapiens
SEQ_441437,GGCGGCGCAGGTGGCGTGGGAGAGAGCACGCATGGAATCTCACCCACTGAGCCAGCAACGGCTCGCGCCGACCTAACGATACACGACACCCGTACTCGCTAATCCTTACTTCCCAAAGAACATTTAAGCTTATATGCGTACGTATCCACAGGAGTGTTCGGAAAGGCCCTAGTTTACCCTTCAGGAATAAAAAATAGGGGTGTAGCACGGTGTCCAAGTGTCTAATTGTCTCATAGAAATCACCCCGAGTTCAGAAGTTAATCATAAACATCGCCAAATCTCAATTAGCAACGCCCGCTTGCGGGACTCGCGACCCTGCTTCCGGCTGGGGCCCTTATTATTTGGGGCCGACTACTGTGCGCTACGTCGGTAAACCCTGCGGCCCAGTTTAATACAGCCGTAAAATGCACTCGACAGATTTATCGGGACGCCGAGGCGTAGCTTGTCGGCACCTGCCGATTACGCCCCTTAACTGGGTCTTCTCTGCGCGGCACGTCAGTGAGCCTGTGGCTCATCGAGGGCTTTGCTGTCGTACCTGACACTCGCCATGAGCCCCTCTAAGACTCGAGAATATCGTAGCTGAGATAAATTATAAGCGACAGGGTTGAAGTGTGGGGCAAGCTGAACAGCGGTGACTCGCGAGATCCTTACGTTTTAATTGTAGCATTCCGCGGGTGTACGCATCTGCAGCTACGAAGTTCGTTATCGACCATGTAGGATAGTGTCTTTGCCCATCGCGCAAGTACGCTGCGCCTAGGGGGATGGCCCCCCCAAGAAAACCTCCGCCATACCTCAGTTTGTGACGAGTATGTTTCGTACCATTATGCTACCTAGACGATATCTCTCCCCAGCAGGGTAGCGTACTATGAAGGTGGTAGAAGGAGCTTAGTGTTGCCTTGGGGCTTTTCCCGACGAATCAGATCGGAGTTGTCTCAAGCGTCATAATGCCCACGTAGTATTGACGGCGTTCTGGGTCGGGATCTGAGAGATTAAACGAGACGCTGAGCGACCCGGCACGTACGCGAACGTGCTCGCGAAGATCAGAGCAAACGCCATAACGGAGTGAATGGGGTGCGGTGAGATAACTTGTCCCGAGCAACGCCTTTAAGGTACAATCTTACATAAATAGGCGTGACGTTGCTTAATTAATCTGGGGGGGACACGGGTAGACCCCAGAAAGTTCACAAGTAATTGGATCAAACCGAAACTGCAGATTCGGCATCCGACCTAGAATAACCAACCCCCGTTCTACATGGCGTTTGTCGCGACGTCAACAAGCTTGAGTTTCGTATTAATGAACTATTTTGCGTCGCACTAACAGCAGCCATATTTATCCGCTCCTGACTAGTGTGGGTGCACCGTACCACAGTCAAGCGTCCACCCTCGGCCCGTAACCGGGCATGGTGACAGCGATCATTTTGAAAAAAGGGTGGACTAAGCCTGTGAACGGCTAGTCACATTTCGTGATCCGCTAGGTTTCACGGGCCTTCTCAGTGGGCTCAACTCTCGGACGTGAACTTTTAGCTCAACACCTCATTTGAAAATACAATCACGGCCAGTCATCGTACTGGCTGGAACGAAAGGGTGACTCCCCACAACCTGTTTGTGGCGCTGATCGTATCTACTAGGAGGTTTGTCCCATCGTCCGAACTACAAGCACTTAGCGGAGCCCGGTCAGTTTTCGCAAGGTTGACATTCTATT,1702,51.88,Escherichia coli
SEQ_403910,GGGGAAATCATCTATGCCGCCATCCCGTGTTTAATGTCACCACTTCTGGACCTGAGGATTGTCAGTAACCGGAACGCGCCATAATTTTTAAGGTAAAACCGTTTGGCCCACTTTTCCCGCAAGGCATGTCGGTCGACTGAGTAACAAAGTCCTTAGAAATACTTTCTCGAAGTTTAAGTCTTAACGAGCGATCCGCGTGCTTTCCGCTTACGCACCCCCACATCCGTCAATCAAAATAGTAGACATCGACCATAGTTACCGGCGTTGGCCCGTTCCGAGTTGGTATTCCACCAGAGCATCTTTCCCGAAAGGTACGTTCTGGATCTAGCTTACGGTTCAGACATATAACTGTTCCCGCGTCCAGTAGTCTCCAGTGTCTTACGAATTATCACTGCCGGATTAAGGCAACACCGGCTTACGAGGAGGCTC,429,49.18,Escherichia coli
SEQ_270024,ATCCAGGCATGGGTCACCAATTTAAAGACCATTGACTCGTAGTTGGCCCCCATGGACTTTTTGAGATCGCACCCAATGTGCGTAATATTTCCCAGGAATTCTTAACCTTCACTTTGACGGGTATCAAGACCGCGCCAGTCGCTCATACGGTAACTGGCGACTAGAATAGGGTTTAGTATGAATCCTTTATGTGTTGCCGAGCCACATGCCCTTTAAGAAGGTATAAGACGCATCGTGCCTCCCCAACGCGCGGAGATCAGGGCCGGAAGTAAGTACGAAGCTAGTTCGAGTGGCTCGGTTCTAATATGTTTCGAAGAGCGGGGGAAGTTGTCCGGCCACGGGGCCCGCCATGGGGCAACTATGCAACGCAAGAACGCGGTATCGGGTGCGGCAGGAATAGCGCAGTCCGCTCTGAACTACCAGGCAATTAAGGCTACTCAATCCAGGAAAAATCCTTTTGTAGGGGGCAAGGCCTGCAGTCCTGACATAATTTTTGAGAGTAAAGTGGAGGACGAGGTCAACACACATAGTCGCTGGATTTACACGCCATACATAGCGCGCGCCATGAGGAATGTGGACCACAGATGGTATGTATTGTCGGCGTATGATACCCACGGGTGCTTTCGACATCGTAGGTCGTCCGCCCGTCAGTCGGTCATTCAGTTGAGAGAGGCATACTCGGTTAAGATAAGTACGGGAGGGAGTCATCGACCGTACGCTTAGGTGAGGAACACTCTCCGTCTAATTCGTTCCCGCAGTTCGTGGAGGCGTCTCTCGTTAAGCTCCTCGGTTGTCGTTTTGTGATTGTATCAACTACAATAGGCCTACATGGTGACCCACGTACATAGCGTTTCTCCTCCCACAGACAAATTATCGGACTAATCTTACGCAGTTCCCG,898,51.22,Arabidopsis thaliana
SEQ_847705,CCTACGATAGATACATTCGCCGAAGTTCGCTAAGATCTCTCCCATTTACGGTATTGACACCAAGCTAAGACATAGAATTGCCAAAAACAAAAAACTAGACTGTGCGAACCGAATCTCCATTATACCGTCCAATTTCCGCATGTCGATTGTTTATGAGACATCGGCCTACCAAGACTAAACTATTTTTACTTAATGGTCGTCAATGTCCAACTTCATTGTGGTACAGTCGGCACGCGGGCCCTCAATCACGTGCAGGTCGATGTATTTGGCTCAACAATTTACTGCACCTGAATGCTTGAAAGGAATTACTTCTGCCTGACTCGAGATCTCATCCAGGAACCACATTCGGCTCCGTCCCCACCAGGCTCCGTAGCCTTGTTTTTCAACCTCTCGATCTACCCGGTTTAAATGATTAGGGTAGAAGCGATCATATGTGGAGTGTTTCTGACGCGATACCCTGCTTATCATCCGTCGATGTATAATTTCAGCCTCGACGCCGGTATCAGCCACGGGCCTAGACAAGCCGAGCGACCAGTTTGATTGTTACACGTCAACATGCCTTACGGCCCTTGTTAAAATCTCCCGCTGACTGGGCCGTTCAGCATCGGAATACTTATATGGGGGCCCCATTCTGGGTTTCACTTCTTTGACAGATACGGAAAACGCGTGCGGTTTAGGAGGCTTCCAGGTTGGTTAAATCGGGGTTGTGTTCAACCGTTAGAGAAGTCGATCCAGTTTATCAAAGCTGAGGCGCGTTGTCTGGTGGATTACCCGATGCGGGCACTGTATAGACTAATGCCTCTGTGCGG,809,48.08,Arabidopsis thaliana
SEQ_713953,TCGCTAAAAGACCTGGGAATAATTTTCACGTTGTGCTGGCTAGTGCAGGAGCAGAGGTAAAAAACCTAACTAACGGCAGAGACACTGCACTGTGCCGTCATAATTACTAGGCCAGAAGCGGAGTCTGGGCCACGCGGGATCGTCATAAGCACGGGAGAGTATTCTCGCGAAAGTCCCCGACATGTTCACCTACGCCGTGGGCGGTCTAGCACGGTCGCTCGCAAGGTTCGTTGGAGCCATGGCCCTCTAACAGAAACGAAGGTCGCCAAGCCGTGAAGCAAAATCACGCACGTTCCTTGACGGTCAACTCTTAGCAGTCATTACCCTGCGCGGCCCGCGAATCTATCCCCGGCAGCTAGTATTTACTGCCCTCGTGTACGAATGCTAGCATTCGATCAGCACCAACCGTTAGTTTAGAGAAGATCGTACTCTCCGCAGGCAGCATAGGTAGAGTGGGCGTAGTTTGGTGCTTCGTATTTGCTCTTCCTGCCTTCCATTCTTTTGTTTCGTTTTATTGCGTTCATACACGTTTTATTTCACCACCTCCCTGTAAGCCCTAAGAAAACTTATCCACCTAGAATAGCATATAATGATGGACAATAAATTGGGGCGCTCCACGGTCTCTTTCGATCCACCGTTTTCGCAGCAGATAAAATATAAGCAGAGTAAGCGTACACGTGCGGCTCCGATCATTAAACGTTTCAGTTAATCCATAGCTTCTATGAGGGTGAAGCGAAAGACTAGCTACTCACGTAGCATCGTAGAGTAAACTAGACGCTTTCGCCTAGGCGGGAATTGAGGTGTGCTACATCCGCGGGTGCTTATTACACGACCTGCTAGTGAGGACTCATATGCCGTGAGCTTCTTTTTCGTATATCGCGGGGTAATACAACCA,895,49.5,Homo sapiens
SEQ_847243,GGCTATGTTACAACGGTGTACAACAGAGGCCTTTGCGAGGGCATCCGATAGAAAGGCAACGTCACGAGATGTGCGCGCTGGGACCTCACGCGGTAAATCACGGAATGTCTCTGAGTGGACAACACAGGAGAACCCGCACATATGCTGGCTGCTCTTTTGCAAAGCCGTAGCAGCAGCTGAATTAATCCAGCGGTTGTGTTTACCATTGGGGGATGGACCTGAGATTGCCGACAACCAGACTCTTATACCACGTCCGCCCACTCTTTAAGGTGACGTAGCCCCGGGGAGCATTAACTGGCCATACTCCAACACCCCGGTACGCGACTCCGGTCAGGTAGATAGTATAACCATTGGGGAGGTGACCTGATCAGAGTATCTTACCTAAGCTCTGTACTAAGGTCGAATGTTGGTTCCACTTTTGATAATTCGATGTGAATACACCTGTCTCGATGCCCGTCTATCCGAAGGAAACTCACCACCCCCCACTCACGTTGGTAAAATCAAGATATGTGATGTAGTTGTCACTCTCTACCGGTTGGAAGCGCTTTCTGACGAGCCCCTTACTGTGATCCGCAGAAAATGTATAAACGAAATTATAGACACAAAGGCAGTTGCTAGTCCCACCATCTCATCACATTCTGTCTATGCAGCGATATCATATGTTCCAGGGAGCGCAGTGAGTATTGCGTTCACTATGAACGTCGCGATGCAACTTCTATAATTGGATGGGGCTGCTTTGTAGACGGGGAAGTGATTCCACGCCAGCTGTTAGAGACATTTGCCAGCGAGACTGTCTATTAAAGGCTAATCCGTAAGGCGTAGGGCGCTCGCAGTGTACGTCGTAATGCTGAGATTACCGGCGACCCGTTTTACATGACCAATGAAGTCTATCACCAGCAGTTTCGCCTACTGTAGGGCGCCATCACTTTTCGTCCCTATTGAGGGCAGGTTCCGAGTGCTGCTAAGAGAACCTCGGAGGGCCCTGTAATTGCTGCTTCAATAGTGTGTCCTACAGAGCAGGCTATGCCTTCTCCCTGTACCTGAGGTTGTGGGTGTCGTGGGGGGTTTGCGAATGCTGTTATAGTAGCCCGCTTGCGAGTTAATGATACTACAGTCTCTCATCTAGCATGGGATTTAACGGCTCTAACGGACCTTCGTCATACTGGAGGAGGTGGATCGATGGTAATAAGAGAAACCCTGACGGTCCCGTGATGAGTCAGCCACCTGGGTTCAGCAAGCTATTTGGCACAGAATAGC,1257,50.36,Drosophila melanogaster
SEQ_896917,CGTATGCCTTGAGTCGCGAGCTAAGGTGTATTACTAAACCGTTAACTCCTGTGTTTTATTGCCCGCGAGACGTAAATTAGTCTGAAGCTTTTTGACAAAGGATATTACATAATCTTATAAAGTCCAGTTGGCAATATTTCGGGCAACGCTCTCAGCAATTCGATTTTGATACCGTCTGAGTGTACTCAGGATATTCTGCCTCCGCACGCACTATCTTCCTGATCCTTGAACACGTGATTTTGTAAGCGGTACTTTCGATACCTGGAGTAAAGTACAGATCACGATATCGTGCCTAAAATCGTATCCACTACTATCGCTCTGGGCCAAATGATAACTTTTCAGCATTTGATTCTGCGGCAGCTAAATATAAAGCACCGGTCGTGAATCATAATGACAATAGCCACAGTCTACTAATTGTGTATTGCCTCTACACCAAGACTAATACTGCATAAGACGCGGCCGCGGGAATGATCGCGGTGGTGGGGGTTCCAATCATCGAAAGACTCAAGGCGCAAAATTAGGACATAGACTTTAGCTACGCATGAGTCGCGTTCTAGCTTTCCATGTTATCCTTGCCTTTCGTTTATTAGATACCGGCAGGGTTCAACCATCACTAAAGAGGTGCTTCTTGGAACCCCGTAAGAAGACTTGTATAACCTCTTTGATTCACTCGATTCCGACACTGGGTCCATTTAAAGTAACGCCGTTCACCCCGTGTGATTGGTTAAAACTCGACGATATGGGTATTGATCAAACCACTTAAGTTCTTCACATTGAGCCGCGTTGTCGTCTTGCGTCGTCTAGTAGGTGTCATCTAGATCCGCACATGGCTGTGCGTCGGATAGGAAAGGCCACAGACATTGTAGCTTCCTGAGGCCCTTGCGAGTGTTTCGTATGTGTAAACC,905,45.08,Escherichia coli
SEQ_387209,CAGTTTACCATGCGGCATGAGAAGAAGAGCCGTGTGTGCGATAGCCCTGGACTGCCGTACGCTAGAATCCCACCCCATACGTTTAAAATGCACTCTACAACGTGATTTAAAACATCGGGGCCAAAGTCAGAGCCTTAAAATCTTAGTTCGCTCAGAAAAGTTTGGACGGCACAACAGGCCTATCAAGAAGCCTACACTCTAGCGCCTTATGGCAATGGGTTCCCAAAAACAAGCGGGATGGCTGAAGTTTCTTTCAACCCCGGCGGTGCTGGATTCCATTCGGTGGACGTCTCCGCCAGGGCAACCGCTCGATTCGTTATGGTGGCCAATGCATGGCCCGATTCGCACTAATTTTTATTGCTAATGTGCAAAGCCAGGGTGAGTACCAGCGCCCAGCGTAGTGAGGCCGTAAGCTCCCCGCAGTGAAAGACCCCACAAAAGCAGCACTGACCTTCATATGAGCCTGCGCACCGGCCTCTAGCTACGACACACGCAGCGTGCATTAGTGGGAGGAGCTCTCACGATCGGGGTAGTTTGGCTGAAAATATAATTAGTAACTTTAAGATACCACCGTATGCTCGGGGACATTGAACCACACTGAGTCTATTAGGAACATGGACACGTTCGATCGTCTGCGTCTTAGCTCGATCCCAACCAAAGATGAACCACTCGACGCCGGATTGTAGCTAAAAGTCAAGACTATTATGCTGCTAGGGCCCGGAATACACTCTTAAAATGAAAGCTAACGCTCCAGCGAGTTCTCCCACTGTGTTCTCTCTCTGATGACCGCTCGTGCATCTGCCTGTCTTAGCGCAGGCATGTAGGGGATATGGTACAGACTTGTTTGCCTTAGGGGTCCGGTCGACCATTCTAAAACCATCCCGGTATGTGCCCTAGCTATCTCGACGCCACGGGGGGATCCTTACGCCTGGCATCGTAGAGCATCCTGCCTCAATGGATAAGCGAGCTCTAATACAATGGATGCTCTCGAAAGCCGTCGCCCGAATTATCAACGGAGCCCCGATGATTCAGGCGGCGGTCGCTGGGCACCGCTAGTGAACTCAGACTCACGGCCCCTCACTAACTGATCAATGAGAAATGCTCAATGGTACAACAGTTGAGACGCCCGAATATTCTGGCCTGGTACAATAAGCGCGTCTTCTCCAGTTCCACGTACCGTCCTCCGTCACCGGATGTTAAAGGTAATTTGGGCTATATGGCAAGAAATGCTATGCAATTAACTTCCCGGATCTGTCGGGACCTTATAATTGAACATGTCCGTAAACCGCAGATACTGTCATGCGGGATCGCCATATCAGCCCAGAGATTCATCCCGTTCAATGTCCGCATTTTTCCATCCGCTGAGTCCCTATGCTGGCATACATCGCTAGTAGGGATACTCGGAACACGAATCTGGGCCTGACTTCAATCCAAAGGCCATTGATGTGAGAAGAGCACCTAATATCTTCTGCCACTGGGAGACCTCACTGCCTACCTGATTCATTTGCCGGAGCAGATCCATCAAGCGCAGCATACCGCTGCCCCTAGTTTTAGCTCGAATCCAAGGAACTATCAGTTTCAGGCGTAGCGAATATGGCACTTCGTAAAGCAAAGTTGTTTCACCCTAATACGGGTCGGGTCCGTTTAGCAGTTGCTAATTGCAACCCCCTATGAACCGGTCGACTAATACGAAATTAGATAATGAACCAGGGCCGTCCAATCACCTCTGTACTACGACCGTCCTGGGTACGCGCTTCGACCGTACGAATAACTGGAAATTCGTTCGAAAACGCCCGGTCGAAATATTCATCCCAATTACGATCGCATTGCTTTCCAAATGGAAGAGCCCGTGTCGGCAACGTAAGCTCATTCACTGACTGCTAGTGCGCACAGGGACATACGCCAACATATATGTGG,1917,50.76,Caenorhabditis elegans
SEQ_980064,TACCCCGGGGACAATTGACGGCCCTATCGTGCGAGTTCCCGCATCACTCAGGCGCCAATTCTTTCTCTTGAAATTGGATGCAAGCACCTAGCGTCGCACTTCGCGTCCTATGGCGCCAGGAACTCGCACGGCAGTGTTCGTTAATCGGGCCAAGCATGTTCATATACGAGTAACAGCAGCCCCAATCCTAAACGAGGTGCCAAGATGCCCCTGCTGTTACATAGGTGAAGCCTAAGTTAAGGCTTATACCTAGGTGCCAACACTACGCCTTCAAAGTCGGATATAATGGTATTACCTAGGCTGTGAAGTTCACAAGTTCTTATGCATGCGTCCCGAACGATCGTTACACCGTCCGAAATGGGCGTAACTGATCATCACGGCAATGTACAGGGAGTTACTGAGATGCCTGAGACCTTAGACACGGAAGCATCCATAAGTGGCGATATGGCCGCCCTCTCTAAGATGTCTTGGGTGTGAGATATCACTTTAGGCCATAAAACACCGTTCACGACACATCCTGTGGCTGTCTAACCATAAATAGCGGGAATTAAACATGCGAATCCACTGTGCATTCAACGGGGTTTATACTTCCTAGACCTGAGGGTCTGCTTCAACATTCTCTCCCGTTCCGGGGTTACTGTAGCACATCGCTGGAGGTACTCCTCAAACGTGCTTGCACGGGCTCAACGTGTGCCCGTGATCGGCAGCTTTGTATGAGCTTAAGCACCATGCATCCAAACCCGCGAACTTACCCTATGCCCGCCCTAACAGATCTATCGGGCCATTCTACCGTGGCGATAGAGGGAGGAACGCGCCATTAAGCCAGGAGTCCCTCAGACGGACTTACGGGTTCTACCCGCACTGGGATAGGGTTAGGAGG,880,51.82,Saccharomyces cerevisiae
SEQ_799070,TGATCGCTCAACTACTCCGGGATAGGCGAAACTGCCTGAAAGTAACTAAATCGGGCGCAACCTATGTCTGACCTCCAATACCGAACCCGCTGCTCTACACACAACACCTGCAGACCAGAGTTTGTCCAAAAAAAGAAGTGACCATGGTTTAGTAGGAGAAGTCAGGGGTTTATGTGTAGGTATGTGTCCCCCCCATAAAACCGGAACTGCAAGGGAACTGCAGACGCGGCTCGCCTAATACACTACTGAACTAAATCCCAATGCTCTATCAGGCACAGCCCCGTCAGAGGAGCGGAAGAACATCTAGGGACGTGAGTAGTAAGCGGCCTCAGTGTATTGAGAATGCGGGATACATGCTTTCCATGCTGACAACTTGCCAGCGGCAAGGCCTGACTGAAAAGGTGAGTATCTGGAATCCTACATGTACCCGTACTGGTAAGAAAACAAAAATCGCCACAGAACAGCCCAGCAACGGCTCACCCTTTAACGCGGCGCCTATCTACCCCCTATCATGCGCGAGTCTGCTGCGACCTCCGCCAAACTCATCAGGTCAATCCGCCGTGCGCTAGGTTGAACACGAGAAGTCACTCGAGCGCGTCCACCGAGCTTACACCTATGGGTGTGTAGACGCCTCG,635,52.44,Homo sapiens
SEQ_251840,TCACTCCCTCAGTTACCTAGCAGGGATAGGTACCTCACCAAGCCGCCCATCATCTGGCCGGACTCCTATACTACCTTTGCTGCCGCTGTTGAATCATAGTGCGCCAAGCTTGTTCTAAGGCCTCCAGAGACCTTGGTCATTTCTCTATACTCAGGACAGTTCAACCAGTTTCACCTGACCCCTGACACCACCAATTGGGGACAAATCTCTACGTGTTTTTCACGATGGCTCGACAGGTTACCTAATGACAGGCGTTACTTGATTGCCAGTTCCAAACTATCAGAATCGACACGCCAAGGGGAAGAGCATGATTCAAGTCACTCTTGCTCGCCGCCGATAAGGTCCTTTAGATTCCGCTGCACACAATAGCGGGTCGGAGAGATGTTGGTAGTACCTCGGGGGTTTATCCCTGTCGTTTACTTTCTAGCTACCAACTCCGAGATAAACGAATGGTCCCGATTGCATATCTGCCATTGCGGGCCCGAGCACTGGGGTTTAGTATGGTGTGATTGATAAAACGCTAATCAGTCTATGGGCTTTCCCATACACATCAACGGTGGTTCGCGACCCCCATGCGAGCACCCGCATCCCGAAACCCATGCGAGAATGCGACCCAATTCACCACTTCGATTAGTTAAGGAACCGAATAGTGCCCGCATTTCTCATCGGTCGGCCATCCAACCCCTAACTCTAAGAGAGATGTGTATAAACTACCCCGCAATCCCTCTGCTGATTCACACATTCTCGTGCCCCGTACTACCTGCGACTATCGCACGTTTGCAACTGGCCGTCCCAACACACAGTTCCCCATGTGGTTGCCTTCACCCTGCAATAATACGAAGAGGTGTAACAGCGCCCGGCCACCTGTCCGAAACGTCATTCAATCGCGTGTACATGTGAATCTAAGGTAGAACAGCTTATCAGTTGGCTTTTGCGGAATACACAAGGCTTGATACCAAACAGTTAAACTGCGCCCATACGGGTTCTCATTGTTAGGGTCTTCGAAACCAATTAGGCAGACTTTAAGAAGGTCAGGACATAGACGGAGGGGAACTCATATGGCTTGATTGTGCAGTATATGCTGCATCTTCATAAAGCCGTAAGATCATACGCGTGAATGGATGGCATGCCAACTCCGTCAGTATCTAAGACGGTGGCAGTTCCTTCCCCGCTAGTCATGAAACAAGTCTCGAATACTATTCCACAGAACCTGTATTGGAGATATGATGCGCCGGACTGGCCGTGTGGATCGTGGACATATATATTGGTTACCTTGATCATGGAGCTCCATGGAAGATAGATGCTCACCTGTATTCGGATTCCAATGAATACATTACCAGCGGCATTACTCAGCACCTTGGCACTACGACAGCCCCAACGGCTTGAACCATGACTAAGCGCCAAGGTTAGGTTTACGAACTCCAGCCTTCCTGGAGGAAAAATATGGACTAGCACCATTCCACTGAACTTCCCGTACAAGTCAAGCAGTTCAAAAGGTCCTCCATGCAGCGATTGGCTGAACAGTTAAACGATCCTCGACGTCCCATCTCTCCAGCCATCCTTGTTCTTCGAGCCCACCACGAGGCTACCCGGTGGAGAGACAGTCCGAAACCACCCCCCCAGTTTCAGGGATCTGGGCACCTCCCTAGACAGCTTTGAGTTGAAGGTAGGCCGGTCGTACGAAATCAACGGGCCCT,1697,50.38,Escherichia coli
SEQ_141533,TCTCCAGTGCCAATTGGAGGTTAACTAGTCGGCCGAGCTACGAATAGCCTCACTACTCACGTTCCGAAGCTGATAGGTGCCCCAAACACCCATTTAGCTACACAGTAGTCTGTAAAACGTACTTCGAGTTTTACCCCCGTTGGGGGACCGGGCCGGGCATAGATTTTCCCCGAAACTTATCCAGTGTAGTGAGCTGAAGACTACGTATTGGCCCGGTCCTTGCCCCGTGTTTATAGACCTGTATCTGCCAAAACAGCGTCATCCTTCGCAACTTCAGCTCGAGATCTGAATCCTCGATGCCGGATGGTTTATGGGTAGGGAAGACGGAGTCTTAGTACTACGCTCGCGCGCAGATATTGCATGTATAAGGCCTAAACGACTTTGAGAAGGTTTCGAGGCACGCTACGTTGCATCTATGAGTCTCACAGTAGATTGCTATACTCACCCCCTGCACGGACACAAACGGCGTCAGATTACGCCAGTGCGCTAGGTTACGTCGGAACGGCAAAAGTGTAGCACTAACCCTCTTAGTCTGACTAAGGCGCGGATTACGACATTATTCCGCTGAGGTACAGGCGTTTTAGACGACTTTGCGTACAGCGTCGAGTCATGCTCGGCTCTAGGTCGGCCCGCGGAACTTATGAACAACGGAAAGTGCGGTTGGCGATTAAACCCTTGCGAGTCTGAGGGCTGCTGATCGGATACGCGTGCCGCAAGTGCGAACTCTCAGTTGCACAAGTTTTCGGAAGGGGATGAAATGCAACAAGATTAGGACGCCGCCAAGGCCAAGACTTGGGGGTTTCCCAGAAGCTAACATATAGAAGACATTATAATTGACCGGTGGATAATGCCGTATCTCCGGTCTAGTCTATCTAGTGGCCTGCCCTGAAGTCTCTACGCCACTGACTCCTAACCATACCAACCTTTTTCACGACCAGAGGGC,943,51.43,Mus musculus
SEQ_103634,TCTGTACGTAGGTCATCATAACCAGTTCCAATCCGGAATTTAATTTTAGGGACCGAACATACACCCACCCATCGACACCTACATCCAGGGCGGGTATGATATCCTATTAGCGTATGGACTACGCTATGGCGGAAACTGGACAGGCATGTGGTGTTACTGCTTTCCGGGGTGCTTGTGTAACCTGGAACGCACCCACGTCTAATTATTGCTAGATCCTCTCACATAGGAGAGCGCTCTAGGCGGTCCAGTACGGACCTATGATGTGGGCCTGACACACCATCCCGTGTTAACGCCCTCAATAGTTTACCTCT,311,50.16,Arabidopsis thaliana
SEQ_203460,TCCCTAGACAACGAAAGCCAGTCGACCCTCGCGAACGGGGAGGACCATTCCGGTTTGGCCGAATACTGCGCGTTAACAATGATAATCTGCGGCTTAATACTAGTACTACTTTGGGGTCGATGCCGCTGAGTAATGTCACATGACATCTGTCGCTTAGCACTTCGGCACCGTATCGGATTGGTGGCCGCACCGAATGTGTTCGGCTTCAAGGATGGCTCAACATAGATTCCTGCAAGTACACTCCCCATTTCTCACCCTAGTGAGAATCGACCCACAGGCTTCCTAACTTAGGCTTCGGCGGAGGGTACCCAACGCGGCGACTGGATACGGTTCAGCTGTAT,341,53.08,Saccharomyces cerevisiae
SEQ_738175,AACTCAGAACCTATAATACGGCAAAGTCCACAAATGAGGACTTACCGAGCCAAACGCCGCACGAGCTTTTGCTACAGCATGACGGGTAGCCTAGTGACAATCCATAATCACATGACTGCTAGAGAGCCTCGGTGTGCACCCCGGTTGGTGTACCCAACTTTTACACTGCTGGGGATTGCTCGGTTGGGCCACTAAACGCGCACAAGGAAATTCCCATCAAACTTACATATCGTCTATGCGTGTCCGTCTCTCTGGGTGTTGGAATGACTTGCACCTAATTTGATCCCGTACCCATCAGATTGATCTCAGAGCGGGCTACGGTGTCTCAGGATACCGCTGCTATCAGGACCAGGGTGCATCACCCAAGCAATATGGTCGTACAGACAGTTCTGGAGACCTCTTCTGATGCCCAACATATAGACGGAGAAGAGAGAGCGGCACACGTAGGTGAGAAGTCAAAAAGTAGACGACATATATTTTACGCGATTCGCTCAACGCCTATCGTGTATGAGAAGTGACCCTCGATTGGAGCGGACGCCCACGAATCTTGTTCCTTACATTTCAGTGAGCAGACGTTGCTGCTCGTTAACCCTGCACTACTAGCAGGATAAGGAGTTTATTGAAGTAGGTAGAACAACACACTATTCCCCCGCGGCGTCTTCCACCGAGAGAGGCCGTCACCAGAAAGTACCTGGGACAGAACGGTGTAAGTGGTGGAATAGTCATGCCCTCAACTTAGTGAGAATCCGTCTACGTATAAAGGTT,765,49.8,Mus musculus
SEQ_335260,TATTCGCAAGCTCGCGCGTCTCCCTCTCGTAACATTAACTGTATGGAACATAGTTGCTGCGAATCGGTCATACCATTACGCCCTACTTACCTCGTATCATGGACCTTTTGACCGTGTCACAAGCTAGTATAGTAGTAAGTCAGGGCGCGGTGAGTACCTCTGGGAATGAATCATCGTAATACGAGCGGTTATCTTTGACGGCACGATTGCCTATGCGGGGCATATTGTTACGCATGCAAAGAGATAACAGCGGGTTCGTGCAGCGCACTTGTTCTGGAAATTTATTCCGGCGTGAAGACTACTTAGGGATAAGCTACGAATCAAGCTGAACGACGGGCTATGACGGAGTAGTGCGAACTGCAACCAGAGATCCGTAAGGTATTCCAGCGCAATCGCTCGCGGCGATCGGCGACCAGGGGCGAAACAGGGTTAGTTGGACGATATTCTTGTAAATAGCCGCTTGGGACAACTGACTACGACGGTCTACACATTACCACGAACCCCAGATTGCTTCCATGGTCGAGCTGTCTACTGCCTCACTCCCGACTTCGTTACTTGCCTCTGGGGCACTAAACGGAAAGAAGCTCAGTATACTTGACATAAGTCGATGGGAGCCATGATGAGCACCAGTTCGCGGGTGTATACACTTTATGTACATGAGTACCGTCCCGAGATGTATGCTAAGCGGATATCCCGTCGGGGTTTGCACAAAAGCTTACATCATTCGTTACAAGCCACACGTCACGTCGGATCAGGAGCGTTCTTAGTAGGTTTCTCTTGAGGTATTGATCATATCATGCTACGCGTCTCGGCCTTCCACATGTAAAAACTGACACACTCTGGTTCTCCGGGCTCTAGTATAGAGACTCCAAGAATGTACTCGGGCGGAGGGGGAACTCGTGCATTTACGCGCTGCTTTCATGATGTGGTTTTATTCGGTTGGGAGAAGCCAGCGGGTCGATTCGGGAGGTCTCAAGGGACTCATCTTAGTTCCAGCTTTCTGAGCATCAATTCCACCCGATTAGCGATCTCCCAACCAAATGCGGTTTTTTGTTAATTGCGCTGGCACAGCGGTTCAATGGGACCCGGTGCACCTAGATCCGTCCGCACAGGCAAATTCAATGACGCAACGTACTTAATGACGACAGTATTAGAGCCCGGCACCCGTCGGGGCCGCCTGTGTCGGCCGTGGAACCGGCCGCTCCCCTAGAGCTTCACCAGAGTCATCAGGTGTCACATGAATCGTGGCAGGTTAAACTCGGGCGTCACCCCTGTAATTACGCGTGAGCTGATACAGCATGCTGTAGATGGTCTCACTACGCCAACGGCAATGTTGGTGAGAGTCGAGGAGTTTTCCGAGAATCGCGTTACCTAGCCGTTGCTAACTCTCTGGATCAGCGAGGAATTGAATATGCAGCGTTTAATATGAGGGTGTCCTCTCTGTCGTATTGTTATACTGATCCCCACCTTTCAATGGATGTCTGTGTTAACCATCAAACAATACCGGGGCGTGTAGGCCCGAATACCTACCACTCCACCGAGTCTAAGCCCTTGGTTACTTCTGACCGAAATTCAGCATAACGCCACCACTCCTAAGTAAACAGAAGCTGCGAATGTTTGGCACCACGACGAGAGTCGCCACTGCGCAGTGACGTGCGTTTATCCTTTGTGATCGTCCGAAAACTGCTTACTAGGGTGTCGGTGCGACTAGAATCGTAGCTCCGGATAAGCGCTGCATTAGCGTCACGTTAGCGCTAGTCCTTATCCTTACCTTCGTAAGGAATACTTAGCAGCTCAGAAATGCCCGCGCTAAAGGGAGTTCGCTCCATTTCACCTTATCATGGCGCGAGAAATTGCAATCTCCTACCGGCTCTGAGTCCTTTCATCT,1888,50.74,Saccharomyces cerevisiae
SEQ_393045,AATTGGACTGGACCGGGATATGATATAGTTGTATCAAACTTTTTTTCCTTAGCAGGCCAATTTCGGCTATGCTAGCCGATGTTCCTATACGTCGCCCGAAAGTTTTCAGCTAAGGGGCGACTGTGGACCGCAGGTGCTTCAAGATAATGGTATGAGTAGGCGTCCCGCCATGATTTTGCCGCCAAGTATGCTCTTGCGAAGTTGCATGCACTATCCGAAGTCCTGTTTACTGAGATAGAGCTGCACAAAGCGTGGGGATACTGCGTTCCCAAGGTATGCAAAGTTTGGGATCTAGGAATAGTGACTGTCTAATCATCCTTGTAGGGCCTGGTCCCCTTTGATAGTGCCGCTCCGTTATGCCACCCGACCAAAATTATCGGGGCGTCCAACCGGTAGAATTTCAGTGTAACTATTTTAGAAAATTAATAGCAACTGGCCAGACTATTACTCGGGAGGACTGATCGA,465,47.53,Homo sapiens
SEQ_963404,CGTTGTCGAGTGACGGACTACGCGAGAATTCAAATGACGTGAATACGGTATAGATCAGGGAGAAGGTGAGGCTGGAGGCCTTCAGTTGTCGCGCTTTGTTTTATATAAATAGCCCTCCGTCGCTACCAAACGTAACAGCGCTGGGCCAATGAGACGCTCTAGCTCAGGAACCGATACGGAATTCAAATCGTGAACGATATTAATCATTTCGGCTCTCGCAGGGCGCCTGCCAGACTGTCATGGCTCACTTTGTCATCCGTACGCGTCCGCTCAGCCCCGGGATTGCGACTACACTTACAGAAATCTGGATTATGACGCGTCGGCTCACACACACATCACTACTTCTATGCGGGCCGGCAGAGCGTTATTTCTATTTTACCGAATATGTCTGAATTTCCCCGCGTCGAAACCGCAGAATACTTTAACACTTATTTACTACACTTAACGTAGAAGAGCTGTGTTATCAAAAACTTCGAACTTCCTCCTATGATAATAACAATCGAGATTCTGGATAGGAAAATGCCAAGCCCCCTGGCGGTGATTTGGCCAACACCCCAGCCTGCGGTGTCAGCCCACCACTCATATCATACTACCTCCGTAGCGCTGCTTGCCAACCCAAGCTGATCACTCCGCACCTTTAAACAGTTACAACACATCTCGAAACACTTTTCTTCACCAGTCTAGGCCAAAATACTTATAGTCCCCGTGAACCTCCCGCCCAACTGTAGAGTAATCTATTA,740,48.38,Saccharomyces cerevisiae
SEQ_295923,GGCCGGGACCTATATCTGGACATCCCGGTCGCTCACCGACGGTTTGTCCCCAAAGAGGACACCGCAGGACCGGGTGATGGGTGGGCCGGTGGCCTCTTGTTGATGTTAGCATCAAGTGTGTGCCGAGGGGCGGCGGTTTCTCCGTGTTTAACTGATGAGTGTGCCCATCCTACTCCCCTCACTAAACATATGTTCATTCTCCCGGATGGAGTATGGCGGCAGACAGGTAGGCTCCTGGTCTAATCGTTACTCCTTAGAGGGGCGGACGAGTGGCGGCAAAACGAGTTGATAAGAAGCGTATGTCTAGCGGGAAATGCCCGAACGAAGCATGTACACTACTGTCGGCAACCCTGGAGGACATCGATCAGCCAGGCGGGATAACCAGATATCTAATATGCAACGTCATCTGTGTAGCGCAGCGTAGCCCGAAGCAGCTAGATTATCTCTCCTCCCGTATGCGTTAGTGGGCCAGGTACGGAACCACTTATCATTGTCCCGCAGGACATGGTCATATGATGAACGAAGGTATATTATTTTGATCAGGCGGTATGATATATCAATGTGTTTTAACTCACTGAGCACGGTTGCTCTTCCATCCCCGTCACGCAAGCTCCAACCGGCCATCCACTCGCGTGCCGTGGTTAAAAAATGTGGGGGGTGCT,662,53.47,Mus musculus
SEQ_424772,GTCTCAAAACAACGGCACCTTAGTCGTAATTGCCCCAAAATGAGTCCATGACGGACGAACTGCTACACAGAAGGCGGATGCAAATGCAAGTCTCTCGAACGTGCCTACGCCCTAGGGGCGAATCGTGTGCAGGGAGTGCATAATGTTGCGGAAAGGAACAATGCGGCGGAACACACGCAAGCTCTTCACAGACGTGGATCCACAGCGGGTACAGTCAGAACATACCCAATTAACTAACATACGCGTTAGAAGAAGCATGTCGAGGGCATTCATTGCATGATTTTAAGACCCATCGCTGCCATGGGTCCGAGACTCATGCAAAGAGTCCGCTCATTCAGCATCGGTTCAGTTTAGTAAGGCACCGTGTCGTTGTTGATTACCGGACGTGAAATGCATCAATCAGACGTATGCGTGTCAACCGCTCGAGCTTGCAAAATATCTCCGATCTCCCGTGGAGCATTTAGTTATCGTCCTTAGCCGTGTTGTCACAGCCTAAACTTGGGAATGGTCAGTTT,515,49.71,Homo sapiens
SEQ_311370,TGACTGTTCCGCGGCCTCAGGAGACTGGGGAAACGAAATGGATCTCCGTTAAATAGTTTATTAGCGCCAAGTTTCTCAACCTATAACGTGTTGAATAAGTAGCGTTACCTCAGTGGATCTAATTGATTGGTCGGGACGACAGATATCTTAGGATATACTAACCCGTGACTCGGCGGATTGTTCCGTGTGATTGAGCAAAGAATGTACAGTTGCTTTTTCCTGTCAGGATCTGGAGTGTTGACGCCGGGTGCCTTATCTGAAAGGAATAACCCTAGCTAGGTACCTTTGATGAGCCGGAACGCCTGTCGTTAAGCGCCAAAAACTATCGATCGGGACAACAAGCAAAAAAGGAAGTCAATAGCGGTAGTATGGCACAGGCACTTCTTAAAAGTCAGTATACATCCCTGCAGGTTCAATTTTGTGGCCTAGTTGAGTTTCTATTCTTTAGATGGGTATCTTAATTGCATTTGGAACAGGTGCTTATCCTCGTTTTCTGCTAGTCCTACGGTTCACTGTCCGAGCACGGGTCGCCAATTCACTAATGCGGTGGGTGGCTTTGTAAGAAAGCCAATAGGCTATGCCATGTAGTGGATGAAAGATGTAAGTGAACTTAACAGTGCTAACTGGGTTCATCATACGTCAAGGTTCGCGTATATTTGAACACAGGAGGGGCACCATAGGATATCTCCAGGCTGCCCATCTTAGCTGGGATTGCTTACTAGGTAGTCGATAATAGCTCTTGACTCAGCAAAGCACTTCTTTTCAAATAGGCCCCAGATCCCCAAAGGCCTACCACGGCTGTTCAACTTCGAACAACACATACTCACAATCCGGCCGGGGAATTCTTGCTCTTTGGCACTCTGGTAGCTTGGTGAGACTGTCTATCGAGAATTTTCCTATCCACTACCCGTTTGATGAATGTTCTTTGCACTGATAGGGCACGGGTGAGTAATAACGCTATGGTACAAGCAGAAGGAGTCTCCCTCCGTGGACAATTCACGGCTACGGCACTCTGCTTAACTACAGAGCGGGCTCCACTAGCAAACAAACACACCGCTGCCGACACTGCCCCTATGCCAGGACACTACGAGCACAGAAAATTCGTTTGGTCATGCGCAGCGATCATAGTGATCTATCACCGCATAAAGCAGTGACGGCCCCTCAATTAATGAAAAAGTGGGGTAGGGTAAGCCGAAGCGATTAAAATCCTCTGACAAGACGTACCTAGTATGCGC,1235,47.21,Escherichia coli
SEQ_519835,AACCACGTATACCCTCATCAGAGAATGTGTTAGCCATTAGGGTCATCGCAACTCGAGAAATTATTGTAGCCAAGTTCCATAGATGGCTCCGACCAATTGCCGGCATGAGCTTGCCCACAGACGTAAACGAGAAACCTTAGCAGCGATGGGTACGTGGTGCCACGCTAGCGGCTCGCCTCCCTCTGTCCGCTGACGTAAAGTGCTTAATTATTGGACTGGTATTTTTTGACGGTTCATTCCGGCCTGGCCGTACACACATGTGGGACACTAGTTCTAACGTGAATTCCGTCGAGCCATGCTGGCGAGGAGTTCGGGGCGAAGCAACGTGTCTCGCAGGGATGCCGTGCGCCAAGGAAATGCAGAGCAGCTCTACGCTCAGTACGGATAACTAAAGCGATGGTTCCCCACCGCATGCCTATTTAATGATTGGTTCGCCAGGGTTGTTTAGGGATTGGTATCGAAAATGATGCCCCAATCAGATCCGGGAGAGGTATCGTAGCTCGAGGTTGACACGTCTTGTTGACGGTGCTTTCGCCAATTTTCTCGCGGACCCGCGAGAAGTCCGGTAAAGTGGCGGTATAGCGGATTGATTCAGGCATTTTTGACCCCCCATACCATAGCAGGCACCAGGTGTTGCACGACGGGGACGGACGGTAGTGCATTATCCTATTATCCGAGTTCCAATCTGATGACTCACCCGAATGTTCCCTTGACGACTGCACATACCAAATGGAATTCTCGAACCCAAATCGCGAGGATCTCAACTACTTATGATAAAATGTAGACCAAATTTCAGCGATGAGGAAAGTGGCTCTTACGAGCAGTACTCACCATGATCCACGGCATCTTAGTGAGTATTGCGACATCAACGGGAACCGCAATTCTCGTGATGTAGGGGTTTGGCATTCGCACCGAAACGCCCAAATAGAAGGGTGAGACTCGGGTCCAAAAACGCACTTTGAGTCGATGAGACGGGCGCGTTATATATCTACACTACCAAGGGGCTTCTGTTCCTACGAGTCAATGCGACATGTCAAATGAAGATAGCTTAACTTGATACATCCGGAAAGAATACACCACGTAGAAACCTATCTGGGTCGAAACCTTTTCAGATGCTCTCGTTAGCTAATTTATTCGACGAACGTTGCACTGTCTGATCTTGGCTTAAGACAGTGGTATTTCGACCGCAAAACAAGTGTTACTCAACGAAATGGTTCATCGAGAAGATTTCATGCAGGTTGCGTGAGGGCATGCTTAGACTCGGCGCCCGCCAATAAACGGGGCGCTGCTAGTAGGTTGCTAGATAAATCACAACTCAGAATACTCGGCGAGGAGCTGAAAATAACTCATGCCGACTGGCGGCTCATGAGAGGGAAATGGAAAGTCTGTAACGGATTAGACTCGACGATGATTTTTGAGGATGACTACATTACCCATGAAAACATTTTATATGCAACAGTATTCCTGAGAGAATCTACTATGCTGGAGAGAAATAAGTACGAAAAATCTGGCTAGAGCTGGCGCGGAACTAGGTATTTAGGACAGTTCGTTCAACGTCTGCCGGGCCTAGAATTTTTATTCTCTTTCTTAGGAAATGTTCTCGAGTCAACCTAAGTATCCCCTCAAAGAAACCCTCGACACGTTTGATGCAGACTACATGTACGGTATACTCTAGGAGCTCCAGGCGTGGCTGTGCTAGCGTTCTTCTCAGGCAGTAAGGGGCCGCCGGGTTGGTTTGCATCAAAAACTTTGGTACAAAAAGCATCCTAAGAGTTAAAATGATCCGCCATTCTTAGACCTGCGCGCTGGAATATTAAGGGAATCGTGTCACTTCTCCGTATCGCCACCGGTAAACATGTGGGCTGCACGACCAGAAACTAGATAC,1885,48.38,Homo sapiens
SEQ_500519,GTATCTATTACACATCACTCACCTGTGTGGTTCGGGCACGGGTTTAAGTCGCCTGATTCCGATAACACCTACATCATTGCGGGTCTAAAGCCGCAGTGTTCCATGGTGTTGCTTTGGTTCTTGCCGGACACGCTGACAGAGGCCTACCACAGCTTCCGGAGACGTGGGTATGCTATGCGAAGCAGCCAAAACGCGGTCCGCCCCATTACCCCACACCCTTAATCAAAAACATGCACTTGAGAGTGAAGGTCCGTAATTAGACTAGAATCAGGGTATTGAAGGTTGCCGGCCTCTGTAGGTCTGAGCACAGGACGGGAAGTGGGGATAACCTCTCGGTTGTGCTAATAGACCTTTTCGTAACTATCATCCGATATATGCCGAGGCCTATGGATACCGGCACATGCTAAACGGCGAATCATATTTCTGACCTTTATTTAAGGCTTGACG,447,50.11,Saccharomyces cerevisiae
SEQ_534249,CGGGAGCCAGGACGTCAGTCACGAAACATTATGTTCAATGTGTGCACAAATATTAGCGGACCATTTCGCGGGTAGTACGTTAATCATGGGGCCGACCAAGTTTATGAAACTATTTGTCTGTCTCTTTAAAGGAGCGACTCTAGAGAGCGCTCGGACCCCTTCGCGCGGTCTGCGCCTATACCAAGAGACGTGTCACTCATCTCCAGGGCATGACCAACACCTAGAACGTCGTGAAAGGGACAGTTCGACAACAGAACTCGTCCCACGGGAGTGTGTTACGTAGAACACGGAATGGATAGAGACAACGTTTACACCCATTATGACACCCAGAAGCGAAACCGAACAGACTGCGGCTCTGACTTTCAAGCATTCACATGCACATGTAACGTAACGTGAAAAATCCCACGAGCGAGTCAGAAAAATAACCTGGGACTATGTCTAAGCTCTGCACGTGTTCTGTATGGCCAAGGCCTCAGACGCTCACTAAACAGTCGCACGGTACAGCTTAA,509,49.51,Homo sapiens
SEQ_788770,GTGACTTGAGTGAACAATGACATTGTGATCAATAAGATTGATCTTTTCTATGCGTGTTCGCAGCTCTAGACTACGTTGTCTACGAGCTTACCTCAGCATTATCGTTAGGGGATGACAAGACTAGCAGGCTTGGGGGGCCGCACTCCAGACGAGAGTAGTGATCCCCAGGCCAAAGGGTGTGGAGAAGAACGTCTCATCCTGTCTCCAATTTTCATAGTATATGATAAAGTTGGTGTCTCATAAGCGCAGTCCGTTACCGGGAAACCGGCTTCCCGTGGGTACAACCTTGTCAGCTGGGGTTAGGATACGTCCACCCAAATGCGTTACTCCCTTGTGTGTTGGCAGTTCAGTGCAACGAATCGAGGCTACGAAGTACTAGCAGGCAAGGACTGCTGCGCCGGCTTCCGTCCTCTATTGCCCAGCACTTCAGTGATTTAATTAAAGCCCACCCGGTTCATTGAGTAACGCACTTTCGGTCCACTGACTCTGTCAACGTAGCATCGTTAGAGCGG,512,50.2,Caenorhabditis elegans
SEQ_482957,CGGTCTCGACCAAGTTGGGATGTGAGATCTTCTACCACCAGTCCTGACCAGGGTGAGGAAGACCCTAAAGAGAATGTCGATCGCATTCCTACAGCTTAAAAACGCAGCTCGAGATAAGTAGCACGGATTAGGTGTTAGCCTCACATGGCGTTAGGTTGAGTAATCGAATAGAGAATAATACGACATCGCTATGGTCGATGCGCGTATGCAGTGAGGCCGGGCACCCCATCCAAAAACGCCAGCATTTCTGCGGGGTAGATGACCCGGCGTCAGCACATACGGACGGGTAATCAGTGCAATCACCGGACGTGAAGGGTCCAATGCTCGAGACCGTCCTCTACGAGGCTACTGTATTACGTAGCACGAGGCGGTGATATGACTAAACTGGTTCTGAGGAAATGGCGGGGACTCGAGAGAATCTGCTCTGATGGTACACAAAATATTCCATGGTAATCGAATTCGTTGTAATTAGCGGTGCTTTATCAACGTACCATCATATCTTGATCCTGAGACACGTGTTGGTGGAGCCAACGACATAACGTTGAGGCAGAAACGTGGTAAGCGCAATATAACGTCATAGTTATCTCACCTGTACTCGGCAAATGCCAAATCTGGCCCATACAGCCTACTCTCGCACCGGGCGGTTGCCACACACATTACCTTCAGACGGCAGTGTAGCACCCAAGAGCCTGGGCCCTGAACCACTTCATTACGACGGCCTACCCACACCCCAGTCATGCAACAGTACCTATTAGGTGCTTGTTGGTATTTATTCCTCTGGAGATCAATGGCAGCTTTAGCCGAAAATCCTTGGTCAATACACGTGAATAGATAGCTTGCCTTAAGTTACCTCTGTACAGATAGTAAATGCGTCGTGAAAGTCTTGCGGCTAATTACAGGGTCTGGTTGGCCGATGACCGACAGCAAAATAGACGCTGTCAAGAACCGGGCCGCCAGGAAAACGATGTCCCCTTGACCATGGTAGTGATGGTCCAAAATAACCTCGGCTGTTTCGAAGGATTTTGCATCGGACGATCGGGTATACCCTAGTGGACGTCGAACGGGCTGCCCTGATGTCCCTACGACAGGTTTGGAACTCTCCTAATACCGACTTCGCGTCTGACTGAATTCAAATGTGGGTTCACGGTATACCTCCTTAGTATCATGGAATTCAACTTTAGTCAAAACACATTTGTGGATGTGTGTGATGTATAGGTGCGCCTCGCACGAGACCTTCGGTCGGCTTCGGAATCGCAGCGAGGAAGACTTGCTTTAAACCTCCTCGGAGCCCAGATATCTCGTTTTTTTCGAGGAGTTTAGACGAGACCCGACCTGCGATGCCCGCAGGATACGACTGAAGAGTCGAGACTTCTGTAAAATCGCTATTAGGTACCACCGGGTCTCACCACGCATGCTTGAGTACTATGAACAATCGGAGAACTATCTCGTCCAAGATCTCATGCAGCATCCGAGCAGAGTTCGTAGCTTGCCTTGTATTCGCGAGCCAGGAGTTGCCATTAGTGTAGCGTTTAATCGCAACTTATCGACCGCACGCCTCTCCTTGTCCCGCGGCGCACGGGTTGACGGACATGGGCGCTCTAGCGCGCCAAAGTGTTTGTAAAAGGTTCACTGGTTAATGATAGGGTCACGACC,1653,50.33,Saccharomyces cerevisiae
SEQ_804463,TTAGTGCGTTTAATAAAAAAAAAATGGGTAATAGGTATGTCAATCAAGAAGAGCAAGAGACCCAGCGTGCGTAAAACAATCCATTCGATGTGCTAGAGTTAGCTATGAACGTTCCGGGTCACCAAAGTGGTAACTAGTAACATGGGCCCAGTCATTCAGGCGGTCGGCCGAAGAATTTATTGATCAACCACAAGTCCAACGCTTCCTATTAGTCTGCCCGCACACGACGTCCCGAGAGTAGAGTGGCAAATAGCACCGTCCATCGTAGACAACGAGGGTGGCCCGAGGCCACTATCCAGCAGCCTAGGTTAGGTGAGGTCGTCTTATGGGCTAACCGACGGTTGGTTCGTCCCCGTTCTTCACTTCGTAGCCGATATCGTCGCCTAGTTTCTGTTTTACTTCCAGTTTCTTGGCGTCAATCAATACAGCTTAGGGCACCTTTTTGGTTGCGTCTTCCCGCAAGACAAGTTTTGTCACGCAGGCTCCCTCCCAACGCTACTCCAGCTCGCCTCTGATAAGATGGGAATGTAAGTGGGTGAGGCCCGAACACTGGGTTTTTCTAGGGCGGGAGCTGTGACTAGTAATATCACACGATCTCTACCAATCGGCATTCTTATGTTGAAGTACAGAGGGGAAAGTCTATGTCCACCCAGCTCACAGAGCTCAAATACCACACTGGGAATATATAAGACCTTATCCGGGCGAAAATTTGTGGATACCCACAGCTAGGGGCATTTTAGAGCCATATCATCTGCTGGGTCACGGATCCGGCTCGGGCAGGCGAATGTAAATACGGTATCAATGCCCATTGTCGAATCCGAAATCAGCAGCAAAAATGGAGTCTACAGCGCGGCAGCAGTCAAGATGACACGATCATGCTGTAGGAAAGTCAATGACATGGAGTCTGGGTGGCAACACTGTTCATTTCTAAGATCGCGACCAGAGCCTCCTACCGTCATACCTATTGCTTAAGGATTCGGAGCGAATGTTCGTGGTCTGTACGTTAGGGAACGAACCAAGCCCCACTAACGAGATCTTTGCAGGTACCAAGGAGGCAATACATCAGGCTTCAGTTGTTCTCACGGGTTCACCTGCTGATTTACTTGCACGAGACACCAGTATGCGAAGGGCAGCAAGATGAGAATTTGCCCATGGTTCGGGGCCTTCGACGCTTCATCCAATCTCCGATACCGGTACATAAGACCGCAAAGTTTGTGCAGACCGCTTGAATACGCGCTTTTTTATGAGTTTTGCAGGGTGGATGATTGGTGCAGAGACACGCTCATTGAAATTAGCGCCTTTCATTACGTTTTGTACCGCCACTTCCTGACTTGACTTGCTCTAGTTGGCCTTGGGACGTTGATAAGCGAA,1371,49.16,Saccharomyces cerevisiae
SEQ_548464,TATGATCGCATGTCCCTCATCTACGTGAGGACGCCGGTTCCATGCAATGGATCAGTTCCGGATGCCATCTGGTGTTATTCTTCTGAAGAAGTGGTCCCGTATGGAAAACGGCGTTTCTCGAGGGGCACTGTCCTCGTAGTCCCTTCGCACCCGTGAGGTAAACGTCTACCAGAGTTTCTTCAGCAACAGGCGTCATACTACAAATGACATGATCGCAACCAAAAGATAAGTTGGAGTTATGAATCGGGTTCCCGCATCCAGGCCCGGGCGCGCATAAGGGACTGATAGAACCTAGGTAAACCCATCATCAAATGCTAAAATCACCTTACGCCAGCATTCCTAACAGCCTGTGGCCAGCGGCCTGCCAACACTCTCTTACGGGGTAAATTCAGTGTCAGCAAAGCGTTGGTTAGCTAGACTCCAGCTCTCGGAACGATTGTTATGAGCGACCGGTACCTACTAAACGCAGCTAGTTTTCCTACCGCTAATAACAGGCCGGAAATACCCTGAGGTTGCACTTGAAGTGCTCAAGCAGAGGAACAAAGTATCCAGAGAACGTCTTTCGAACCTCGGCAGGGGTCTGCCTCTCTCACTCCGACTCTGGATCGACAGTGTCCGTTCAGTGAATGCGGACGACGTGAATGGTTATGGAGCTGCACTGGATGCATACGCTGCTGCCGGAGGTCGCGAGTGGTAGTAGTCGGGATTGAAACTGCATCCAATCGGATAGAAATGGATAAAACTCAGGTGCCAGCGGCACTCCTA,765,51.5,Escherichia coli
SEQ_693160,AGCTTGGTCGGATCCCAAGCGAACTTGCACTCATAGTATCCGGGCCAGCAATCCTCTACGTGTGCTGCCAGTTACGGGAGGTAAATGCAGGACGTAGCCGTCTAGGTGCGCAGAGGCAGCTACTGGATTAATTCTACCCGATCAATGTTGATAAGAAGGATAGCACGATAACCAGAGGTTGTTCTGATTCGCCGGACCTAAATCTTGCGCGACGTATTTTAGAGTTTCCTGGAT,234,50.0,Arabidopsis thaliana
SEQ_445205,GGCCCTTCTTACACGGTCGTAGACTGCGAGTACAGTGAGTCAATAGTACACTGACTGGCGCCTGAAATAATAAGTAGATCTCTTAATGGCACGGCATAGAATAAGAGCATCCTAACCATTGCTCTGGCACACGTAATTACCGGCTGGCGCGTTAGCATTCACATCCACTCACCGACCGAAATTGATACCGTGCGGGCACCGCATGCCGCCCAGAGACCAAACTGCCTTATAAGCACATTTGGACCGGTTATCTACAGCGTATCCATTGCTTAGAAGAACCAGCTGCATTAGCTGATCCCTCGCGAAAACTACCCGCGAGCAATATCCGATAAGGGATTCCATGAAGAAAGATGACGAGATGAAAAACTTATGGCAGGGGTTTGGGTATGACTCATAGCAGGGTTGCTTGGAATCCAACGACGACGGTTGCTCACATATGCGGATGTAGGGCATGGGGCTTACTACATTATGCTCTGGACGTCCTGAACTAGACGCTATGGGAATGTAGGATATGTCAAACTGCGGACCTGTTTTAAGGTTGAGTAGTGGTAGGATAGAATATCGATTGATTACATAGCCTGCGCTGCGTACTATACGAGCTTTCACACTAAACAAGGTGAACTGTGCTACTCCGCGTGTGTATGTCGGGACGTCGACCGCACAATTCGTTCGATTCGGACTATCACCGGGTACACTAGTATACTACCTCACTGTATATCCTCCATGGGTAGAATGCAGATTCGGAACTGTTAGGCGGGACACGGTCGGA,769,48.76,Saccharomyces cerevisiae
SEQ_528302,GGTATAAGAACGAAGAGAACGCCGCTGTCCTACACTGATGTCGGTAAGCGTCGCTTTAACCGCATCGTGTTCGACACAAACTTACAATTGATCGTCTAGCCTCCAGAGGCCTAGTGACGTTAATTATAGCAGCCGATCGAGCACCTCGAGAACGGCGGATTATTCGGTCACGAATTCACTGGAGTCGCTGAGGTTCCTCACTGGCAGCGCACGCCACGGCCCCTATGGTTGAATGACGCAAACCTAATCCATACCTGGAGGTCTTTCCGATAGAGAACGGCCGACGGCGTTGCGTCACCGGTATATTGCTTCCAAGAATGCGGCAGACAGCCTTTAATTAATTATTGTGCCAAGCACAATGTGGGCTCCCAACTAGACATAGGGCTTATCGATAGAATCCATGGTTCTAGGGTGTTAGATTTGGCGCGACACTCGCTTTCATCTCAGGGTTGGAGGGACGTCGCTTCCCGTCCACAGTACGCGTTGGTTAGCCATAGCCCTAAAGAAGGTGCTCGTGTCTGACATTTGCCCCTGGAAGCGGGCGCAGCGGTCGACCATGGCGGCGGATACGCGCGTCTAGACTCGGCTCAACCCCTACCCAACACCCCAAAGAACAATCTCTGGAATAGCTCACCAGGCTCATGTCGCGCTGCGAAGTGTTATCATCACGTTAGGACCACAGTGCTTAACCGCTAGCGTCCCAAGCACGACCGAGCGACCCTGTTCCTTCAATTCCGCCGATAGCTAAGTCTGTACCACCAAACGAACGGTCCGACTTTAAGGAGACAATTAGCTCAGAATCGAGCCGAAGAGTCAAGGGAGAACCGGCCGGTGTTCCCAGCCAATTAAACCTAGTTGCCTCCAATGAAATTTAACGGACGTTTCCCGTCTAGACTAAGGTGGGAGGTAGTTAAGCGTCCCACGCCCGAGTCAGATGTAGGGGGAGCCAGATGGAATAACGTAGAGTTTCACGGGCAAGGTACCCTCGCATACTGTCACGGGGACTGAGGGTGACTTTTTTAGAATCTGTCTGAGCTTGTGGTGAGACAATATTGCGCTCTTAATCTGGGCTGAAAGGGTTATGAGTAGCTGGCATTTGTCAATGGTGATATGGCGAAATAATCTTAAGGTACCGTACCTACTGACCTT,1149,51.96,Arabidopsis thaliana
SEQ_299252,TAGACATGTCCGAAGCATCGTAAGGTATTTTTGTTCTTTTAGATTATACGTATTTTACGAAAGGGCATTTAGTCGGACCATCTTACAGTAAGGTCGCAAACATTGGTGTGAGTACTTAACTGACTCATATTGTGAAGCACGAAACACAACAGGCGCTGGCACCGTACTGAACTGCGATTGTGAGCTTCGATTTAAAACAATCATAATACGACGGAATAGGCTATTGTCGAATTGTCTCCTCATAGGATGGAGCATTAACGATGCGGGGGCGAGGAACCCATTCTCTCTAAGCGCATCTTAACCGAGTGCTACGATTTCTCATACACGAGGCGGAAGTCCTACGGTATAGTTCACGTGTATGAGGAGGCAGCAGCTTGGTATGGGAACCGAACAAGAACAAGTCAGATAGATTCCTTTTGGCAGGGATGTAGCAATCATGAAGAGCCCGGGACCCTATTAGCTTACAGACGCCAAAAAGGGGTAGGAGAGTTCCTTGCCGCGGCCCACCAGCGGTTTTCCTGTATATGAACACGTCAGCATGTGGGGCAACACACTTTTAGGTGGAGGTCCGCGCGGTGCGGGCTTCCCCATACCCCTAGCGGTTACATCTATGTGCGGTTTCTAGCGCAGCGGTTAAATCGACGATGCCACGAGTATACATGAACTCGGCGATAAGGACGATAGTTGGTGGAACGTGAGCTAGGATTAATAACCTTTGTAGGAGCCGAATGTTGGCAAGTATACGCACTGTTACGCGGGCGAACTAATGATCCCTGCCCTGCCGGTGTTAATTAGCGTCCTTCTACTTTTCTATACGCCGAGCAGTCCGCATCCTTGGCAGCGTAAGGATCTCCTTATAAATCCCGACTCTGTTCTTGCCAGTGGGAATTTGGTTTTTTCTCCATAACGGCGTCGTAAAAGGCATTGGTGGGTCGTTCGAGCTCGGCTAGTTGCATCACTGCGGAAGTAGACTCAACGAGGTCCGAGTTCTAAAGCATCTGCTTGATGTTAAGAAACAACCTGCTGGGAGCGGCTTGCCAGAGCCCCGTGGCCATGTAATCGTCCTAGCCCGTGCATGCACTCTAGCCAAGAAAATGGAGCAGGTTTGCGGAATCGAATCTGTAGTCAAGTATTGGACGTTGAATAGCCAGAACGGGGTGCGGATACATTACGGGTCCCCCGTTATTTTGTTGGTCTGTTATGGTCGGAGGAGACGCGTCGTCGCAATCTATATGAGGCTTACCACAGTGGTACGTATGAAATGGCCGGAGTTATATCGTCTTCGATAGCCTGTGCAGCGGACTCGCGGGAATCATACCGCGTATTTGAGCTCGAAAATTCTTGCTTCATCGCGTTATGAGAAATTCCGGAAGATCGTCGCGCTACGCTTAGCCAATCGAGAAACCTGAAGTTCTCCCAGACGGCCGTCCTTGCGCCCTCGCCAATGTGTATTCACTGATAAGGGTGTACGCCAATTTGTTTCCTATAAGACA,1493,49.3,Homo sapiens
SEQ_190842,CCTGCACAGAAGACCCGTGCACAGCGACATGAGCAGCAGTCTCCGGTTGCGCTCCGTTGCTGCTGAGTGTTATCTCGAATTGACGTCAGCGTTACGCACTGGCTGTGGGCAGTGCTAGACTGGTGGTGATCTACATCTGACGTAACATGAACTAGGGCTGGATGCGTCTGGCTCTGCTAAGCTTGCATCGAGTGATTGTTCACGTTACTAAATTCCATTACAGGATTTTACTGGCTCTGACTTTCTCAAAAAGCCCTGCCTGGCTGAGACCGGTATCTATGGTTGAGTGTGTCGCTGACTCGCCGGGCCTACAAACTACTATCTGGTACAAGTTGAAGACTTGAGTGTGTTAGTCGTCCGGCGAATGCAAAAGCGTATAGAGCTCCGGCGAGT,393,51.65,Escherichia coli
SEQ_986878,CTTATCTCCCCTGCAACTGGGCCAACCGAGTTAGCCGTCTCGGAAGTCTAAATGCACACTCTATGTCTAGATAGTCCTACGTAGAGCCCAGACTGCTGAGCTTGCTGGCAGTATCGTAATGCCCGTGCCTTCGCTAGGCACCACCAATTGCGAGAGCGCAACTTGCCGAATGGGTTCCGAATCAGGTTACTTCCTCCCGAAAGTGAAGCCTAGGTTATTCAGGTACTGATAGCTAGCTCAGGCGTCGAATCTATCGACCCATTTCCGTGTCTCTTCCTTCGAAACCCCATCTCGGAGGCGAGATCCGCGCCCAAGAGGATTGTAGACAGTGTCGAGGCTGGTTTGGACGTGATGGTTGTAGGGAGTCGTGGATAGAGGATGTGGTAACTGCTGACGTCCCCGAGCGTCCCTCAACCAAACTAGCTCCCCAGACAGGAATCACATTCACAGAGTTTCTGGGGGCAGTGTCAATTTGCCGGGGGGTTTTTCACTCTGTGTCCCCAAAGAAGTTTAGAATCTATTACGATCCTGCTACTACTCACTAAGACATCTGACAGTTAGGGTACATTATAGGCGTGAGTATGTATTTTCTCACCATGTTCTAACCTATTTCCCTTTGTATAGGCTTGTCTGCAACCAACCTCCGGTTTCGGGCCCCTGACTTTGTTAAGTCCCCTGCTGCACTCTTATCCGTCTAGTCTAAGGGTTTATCCACCACAAATCGGTTCAAAATGCGCAAGAGTGGCTCTGTGACTCATATCCCTGCTTCGATTGTTCCCGAGAGGTATTACACAATACACTGTCCTCGGAGTGCTAGACTGTTCCTGTCGTAGAATTGCACGCAAGAGAGAACTCTCTCGTGCAAGATCGTAAGTTCATTACCATAGAGTAGCATCTACAAGCACCGTACTCACACTGAATAGCCCCTTCCGTGAAGCAAATGTCTACCGGGTTGTGACGCTACTGAGACTTGGCTCTATTCCAAGGACCCTCAATACAGTTCAGTCTTCACACTCCCACGGTGTTGGATCCGGATCGGAATTGCTCTCGTATTGGGTCCCATTACACCAAGATGCCACGATACTAGTTCTACTTAATTAGGATTACTCGGGTATAGCCCCCACCGGGTTTGACGGTAGCGTGCGTCCTCGAAACGCTCGATGGTAGCCTACATGAAAGCAGTCCAAGGACTAAGCTGCCCTATTCTATTCGCGTTGGTGAACGTGACTATGCCTCCCTTTGAGAATGGCGGTCCAACGCGGCATATAGGTGCCTCTGGATCGATGGTACCATGCTTGAAACGCATGGCTCAATATTGGCATATAAAATGATGATTGCATTCCTCAAAGGTTCTTGGTGGATCTCGATTTTAGCTCATCCTGTACATACGCTGCCGACCACAGCCACGTTCCATAAGCTGAGTCCGGGCCCGGATTTTAAAATCTTCAGGGTGCCGTCGATAGGATCGTGTGTCGTCTCAAACGTTAAACGCCGGTAACGCAGGATTTTTTGTAATTTTCTCCTTTCTATTCGCTGTTACACGCCGCTTAAGCCCACTGAATAGTCAGGAGTTCCTATATGGTCTCGGCCAATTTGCTTTGTACCCTGACATACCGGAGGACGCTGAAGTTATGCGCGCCCAGGATATTTCTAGGCATCAACGTTTCACAACCCCTAAATCGCTCTTAGGAAGAAAGTATGGTCCGATGACATCCCGGATGTTATCGGAATGTGTATGACTCAGCTCACCCCTGTGTCACCTGTGCATGTGCGCGGAGATATCTAGACCGATCCCATACCAACCTAGCAGGGCGAGTGA,1819,49.64,Saccharomyces cerevisiae
SEQ_793258,TTGTGTAGACAAGAATAATTTGCTTAGCATCTGGAAAGAATTGAGGGCCGACAGTACACATGTCGCACATTGGGACGCTATCGGGGCGTTGACCGTCACGTCAGTCCAGCTCATATGCCCCGTCAAGTTGGGTTCTGTTTACACACTTATCTGGACCATACGAAATAAGCGAATGGGGAACCAAGGCTCCGGGAGATGCGTGCTGCCTGAGGATGAAAGTGTGAAGCACCCACCAACTGGGCCGACGACTATGTATTAAACTATCTTGAGTAACTCCCGCAGTCAGCCTGTCGAACGAGTTGCTGCCGGCCTGGTAAGTTCACAGCAGGGACGCAAATACTCCTCAAATCGAGTCGTCGCCAGGTGTCGGGGCAATCGCTCCGCTGGAAAAGTGCAACGGTGGATGGGATCCTGGTTCAAAAAGGATATCCAGTGCACTGTCTAAATAAATATATTGGGACCTATTAATCTACACGTAAGGGCCCCGATGGAATTATTCAGCCACAACCTTACACTGATTTGTTGTCATACAACGGGCTTTGGCCAGTTTTAGAGCTGGCATGTAGGATGCTTGGGCTTACGTTAGGATCGCAAGGAGTAGTCGATTTCCTAAGCCGGCGGTGACAAGTGAAGCACGGTTTTGCTCGGGGGTAACTTAGCCAAAGCAATTCGCGTGTTGAACTCAGTCAATGACTGTTCACACACTCTAGTGAGTCGTCAGATGAAGTAAGGCAGCCGGGTTATGTCGGTGCCCTTCTCCCGTGCGCTATGGTAGTTCCAAACTGAAACCATCGCTCGGAAACGTGACAATCTGAACCCCCACAGGGGTTCGAAGGTAATGGGACTCGTGGTGTATTCCCTGCTGATACAAGCACAGAGCTCAAGTCTTGCTAAGATAATTATTGTTCCAGGGAATTATCAACAATTAGCAACCGCTGAGTTCCCTCGCCACCGGGTATTTACAAAAATCACTCGATACCATCTGACAGTCGGAGTGAAACTAAGAACGGACGATGGCCGCAATCACTGTCTCTCAGACAGTGATGTCTGGTTCTTCTGGTATGATACGGTCGTTTTCTGCAAACGATTGACCGAAAACTACGGTCCACACCTTCCCCCAATAGGATGAAATCGGGTCTATATGTGTCCCGGATGAAAGGCGTAGCGCAAGTCAGCACATATTTGAAAGGTTTAGTTATGAGACGGTTATTGGGCGGTATGTGCGTTTCCAGGTAATCGCGGGCGATCCGTGTCATGCTCTCGACGGCTCGGGCCAAGCCTAATCGTACTCGCTCCCCTTGAAATGCCGTGTAGACCAAAAATATATCCAGCGGCATGGGAGTT,1344,49.63,Homo sapiens
SEQ_887526,TGGGGCATAGGCGTGTAACTGGGAGGCGCTTAAAATCAAGGTCGCCCGTGTTCACTCTGTGCAGCGCCCGATACCGTCTAACCTCCCTTAGGGTTATGACTCCCA,105,56.19,Caenorhabditis elegans
SEQ_479941,GCAAATTACCGATCTGCAGCCCCATAGTACCTATTAGCAGCTATACGAGGTGGTGTAGGCGGGTTACAACATCTATCCAGGGCGGATGGGATCTACTTTCGATTTGAATAAAACATCATTTCAACCCTTTTCGCCTTCGAAGCGCCGGACAATCGACCTGTCCGCTTTAAGGCCGTGCCCCGGTAAAACGACTTCGCAGTATCCATGCTGACACACATATAGACTGCGTCCGATCATTGAGGTAGCCTCTCGAACGAGCCAGGACCAGAACTACACCAAAACGTAGTGTTTTTGGTCCGATAGTGACGTTAAACAATAGCGAAGGACTCCTTCGCAATACCGGTACTGCCCGGTTTGGTTATCAGGGAGCAATGGAATCACGATTGATCCGCTTCCTACACGACGAAGAGCCAGTTGTTTTACACCAGAAACCTCTTGCCGCTGTCACGAATTATCGGTAAGTGAAGGTACCTTCCATCCGGAGCAGCATCCGTTGAGACACGTTTACGACGTAGGGGAACATGAGATATATACTGGGATTATGATAGGGTTATTAAGGTGGCTAAATGATAGCCATAGTTGGCGTCGATTTGGACGCCAATCGCTGCGGGAATCACGTCCGAGACCTGTATCCAGATCTATGGCCATCACAGCACACATCATTGCGATGAGGATAAATGCAAAGGCCTATGAGGCTAGACTAATGCATCGACCTCGCCACTGTCGCCATGAATGCAGGCCGAAGAAGTCAAAACTTGATGAACTCTGCAATGCTTTCTATCGATCAAGTGGAGTGACACATTTTCTGACACTCAGGCTGTTGTCCCCTGCGGCTTCGGGGCAAACTTTGATACGCCGCATCCCCCTATCCTCACATAATACTACATTCCCAACGCCCAGCACAAGAGGTTCAGCGGTCTACTATGGACACTACCGTACATGGAGTCAGAAGCTCCCCTAACAGAGCGCCTTGAACAAAAACGCCAGATGGTCGGCCGACTCGAGCCCCTTCAGATTCGGTTTTCCCTATAGATCGGAAATTCTTCTTCCGGCTTGTTCCTTATGATAATAGGATTTGCTCCCGCGTGGGGGGCTAAGGGACGAGGCAGCGTATCAGATACCTTAGAAGAATTAATCTCTTTTGGTTCACTATAACGTTCCGTAGATTGCTCTGACTGGTACAAATGCCCGTTAGGATCGATTTATGTCGGCAACTTCTGTTTCGGGCCCCTATTTCCACATCCAAGTCATCGGGAACGCGTTTGGTTACGACCTAAATAGGCGGATAGTACCAAGGAGCAAGCCTTTGTGCTTGGGGCTTCGTGGGATGTGATCATCTCGAAACTCGGCCCAGGGCCAAACTCTGCACCTCGACTATGGCGAAGGAGATTAAAGTCTGCGCGTCGTGTATATGAAACTCTGAGAATGGACTGTGGACGCCGGATACCCTGCCAATCCCCACTGGTCGTTTCTGTCCGCTGCGCTCTCGGGTGGTGCTATTTACAGTCGAACATATCTGCGACACCCCTCGACGGCT,1537,50.03,Mus musculus
SEQ_515079,TGCACAGGTAACCCGTGTAAAATAAGTGGGCAGGACTAACGTTCCCAAAAAACCTAGAGGCTTACTAATAGTGATATTAATAGCATCCGATAGAGTCCTCCGAGCAACCAAAGTACATCTGAGCGAATAACGCTCTCATTAGGGAAGGAAGGCTAGGTGTATAAGCATGAGCGGGGCGTAGCATACCTTAGCGTTACGTGAATCTCCTGGAAATTTTATCTTAGCAAGGACGATGTATTTCGTAGATTGCTGCTCCTTATGTAAGGGGCCTACGGCAATGGATAAGGTTGGTACCCCGCTTAAGGAGGAGATAGAGCTTTTGGAGTGCTATCACCAGCACTCTGGTGACTACCCGACACCGATATTACCAAGCGGGGGTGACGCGGTTAACAGTGAGGTTCCCCGTTGGTCGACTATACAGAGACGGGTTCGGGCCAGGGGTAGACAGTAAAGCCATGAGACGTCCTTTATACTTAAGCTCGAGCGTGTCATGAGACAACGAACCCTTGGCTCAATTAATTGCCGATATACCATCAGACACTAGGTATAGTGTATATACATTAACTTGCCAGGATCCATGGAAGTTGCTGTGGGACGGGCGCTTTGCCTGCGCATTTTAGTTTTCCCTGAATAAAGGGAGTAAGACTTCCGTTCAGAGAATTTGTCGTGCTCCAGAATCGCAGAGCCGGTGTCTGAGGCATTCCTGGAGTAATGCAGGAGAGGGCCCAAGTATTTGTCAGGCCCGAACTTGGCTATAATCTCACGCTCTCTCTGAGATAATTCAAGGATTGTCTCTCTCTATCTGCCATCATCCCAACGAGTCTTAGGAGGCGTAAACCTGTACAGCCTCTTCCTAGGTAAGATCCTACTATCTCTCAGCGACCCTCAATGCGATGAGTGCTAGACCAGGTTGTTTTAACGCCGTATACGATGGTGATCC,940,48.09,Caenorhabditis elegans
SEQ_217772,TCCCACTCAAATCATCTGATTTGTGGCAACCCGATCTATCGTTCGGCCAGGTCTTTTGCGCGCCCAGCAGATTAGGTACAGCGCTCGATTTGCGCTATCTGTGCAAGCGTTGCGACTGTCCCATTCACGTGTTCCCCCTACGCAAGTATGAGGTCGCCTGCCTACCACCGAGCTAACACGCGTCCGCAAGGACCCTCAATATTAAGGTCCTTACCTGACATCGGCGGTTGTTAATTGGGGCACACACAGGTTATCAGTACGAGGCCGGTGTTATCCGCGTGACAGCGACGCAAATATATTTAAGTTGTCCGTGCGAGGACCGCGATTACGTATTAGGTCGGTGGCATGACTTCCAGAGTATCTGATGCCCTGAGTTGGGGGAAACCTCGC,390,53.59,Homo sapiens
SEQ_697949,AATCAAGACCACTATACGTGTGCTCGGGACACACGTGAGAACGAGTGGACACCTCGCTAATAGATCCCTACTAGACTAAGGGGCCTTCCCGGGTCATCCTGACTGCGTGTTGCCGTTGATTGTCAGATCTGCTTTCGTCTACGCTCCTAAAATTTCCACCCATGCGCAATTTATCTTATGTATCCGTAAGCAGCTAAACTTGTAAGCGTTTGTGTTAGCGGGCGTCGTTGTGCGCTTTTTCGAAGGCAATTGAGTAAAGCCAATAAACACGGGTGCCCGAGAACCAGTCTTGGTATCCATACGTGCCGGCCCTCAAGTAATTGATTGCAGCATTCCCAGACCACGGCTGATGTGCAT,357,49.58,Escherichia coli
SEQ_707016,TATCCTTTCTGGTGAGTTAACTATTATTACGAGGAAGGTCGGGTTTCGTACTTGCGCATTCCAGATCGTCACCTACTCGGCGGGGACGCGACGACCTACCGACGCCTACTGACGGGCTAAGTAAGAGTCCGTTCGGCTCTTTCGAGGTACTAACGAGTACGATTTCTCAAACTCCAATTCCTGAAACCGGCATCGATGGCCTGTAGGATGCTCTATCATGATGCATACAGT,231,50.22,Arabidopsis thaliana
SEQ_802280,GCGTCTAGGCCGCACAACAGCCCTGGTATTGGAGGGCCAGAGTCGCACAAACCCATAGCTAGTGCAGCTTATTAATGCCCCCGCCTTTCATGCGGATCCTTAGATCGGTGGCGGACGAGTAGATGAGAAGCGATTGCCTCGGTGGGTGAGGCATTGATGATTGATTCGTTTCCTCTCCTAGATCGAT,187,54.01,Homo sapiens
SEQ_124365,GCTTAGATACTCGCTTTTTTTTCACGGCCTGTCTAACTCCAGACGTCCTCTTCCGCTCTCGAGGGGACACGCAAGTATTAGTCAATTCAACGCCTGTCACGAGCAAACAAGAAATACATTTGAGTCCCCTCAAGCACCGACACTGTATGGGATGTAAGGCCATGATTGGGCTGTAGTACCAAGCTGAAAGGGCCGAGATGTGATGTACTTCCTTTGCCACCTGTAGGTAAGTACTACATAAGTATGTTGACCTTTCGCTAATAAACCTATGTGAACATGGCAGCGAATTGGTTTAATGTTAAACGAGTAAAGGCTTCTTACTGCGGATATTTAGAAGCTAAAACCCACGTCGCGCCCGCTCACTACAACTGAGATTATGCAGCTAGGACTTTTAAAGATTACGCCGCCAATGGCCCCCGCCTATAGGTTGACACAAAATATAGGCGTAACTCCCTTTCTCCAGCGACAGTTTGCAGCGGATGGTTCAAAGACATACTTCCGCTCAGTCGATAAAGGACCTTTAGGAATGATTGTAATCGCCCGCAAATCGAACGTAGTTCCGGGAGCGGCTGACGACATCCTTCATGAAGTCCCGTACATTCTTGTTTATCGTCGTCGACTATACCTGCACTTTCACCGACATACCAGCCGCTAGACTTTTATTATGATCGGTATTTGGTCATGCGGCTTGACACGTCCGTGGTATTCACAACTTCACGGGCCATGTAGCGCTATGAGTTTCAGTAGGCTCCAGGGCATGTATACAGTGACTCGCTAAGGATGTGTATGAAAAGCGAGCTAGGCTAGATGCGACACTATGTGCTGAAGTATCATAG,836,47.01,Arabidopsis thaliana
SEQ_591361,ACCGTCACGTTAGGCCAATGTGAAAAAGACTCCGTCAGCATGAGGACAGGTGACGTGTCATTTTGCCGTGAAAATATGAACGGGGTCTTTTCCCCTTATTAAGCACGTGACAGGGACCCTTAAGGGAAAGTGGAGGCCGGGGTCATGAGTTTGCGTAATACTCTGAATGTGGGTAACACGTGACTCCGGCCACCGGCTGGAGACTGTTGGGGTGCACAGCAGTCTGGAGATTCTGTCTGGAGTTCGATGACGCTCACGACTCTCGCCCTCAAACCGACGCTCTATCGCGCCTCGTTTCCCTTCTGGACGCGGACGGTTGGTAACGGTTCTACGAAATGGTAGGGTGCTTTCTTCGACTGCCCGGAAACCGTACTAGAAATCATTTTAAATGATTAGTAGGCAAACGGAAGGTTCGGCACCGGGTCCGACTCTTACTTTGATGCTATGGTCTGGCGTATCCCTGATGTAGTACATATGACTGTCCTATTCCGTTACCAAACGGCATCTTCAAGAACGGTGTTTGTATGGACGACGGACTTCGAAGCATTTCTTTGTTTCATAATGGTGTCAGTCGTGCGGTCTCCTCCTCACGTGGGATACCGTACTGTAAGGCTTGTCTAACGGACGTCGTGTGACTCGAATGGGTTCCTGCGGTCTCGTCGGGTTAGTCGGTCTTCCAGTCTGTGCACCGGCGGTTGGCCAGTCTGCAGCGGAAGAACCGGGTATTTGCCTGGGTCCCCGACCTACAGCTTCTTTCGGAGAGCGTACATCGCTTTGCCAAAAGAGACTATCAAGACACCACGGTGAGATCGAGGTGTAAGGCTATTATAGCGCGCGATAATGTGCTTGATGGGAGTTTGAGCCCGCAAGTTACCTTCGGGGTCTAACTGGTCGGAGAGACTTTGCTACTAATCTGATATCGCTGTCCCTTTAATAGGATAGAACCTTCACATGCGAGCGAGACAATTCTAGACTGTCGTACGAGCCCGGGTTAGTATTGGAGATACCGGGAGTATAGGCCTTTCAGTGCATTACTTCACTCCCCTAATGGGATGTGCGTAGCTCGGATTCGTTTATTTGCTATATCATGGGCAGACAGGCGGTACGCGATGGTGCTAACAGGCCCTCGCTCGGTTGTCCGCGCGTGTTGGAATACGTGCGTAGGGTCGTACACCGTACGCTGCCTGCATATTTTAATCGACCTGATCGGCATCAACGGAACGTTTTCTAAATATCGCCATGGTATCAAACCAAGGCCCGAGAAGAATCATACGCCAGCTTGACCGGTAAACGTTCGGTAACCCTCCGCCAGCTGAATCGCACCATTTTCAGTCACAGTTCCAAGGCATGAATCGGCCAGTGTCATGACGCATATGCGGAGCCTCCATGGGATACTGAATTCCTCCTCCTTTGCGTTGTTCGGTGGTGTAAAG,1433,51.64,Caenorhabditis elegans
SEQ_197912,AGGTAGTTCATGTCCTTCTTCAAGGATTCAGCGCCGAAGCGAGAGTGGTGACGCAAGATATTCCGAATCAGGGTGCAGAGGAGGTGTATCTCCCCTGTTCAACTACTGCTTTACGTGGATGATGACGACTCGCCGTTTCCGAGGCGCCCGTCGTGTGCCGCCATGCGGAATCCTAAACTGCTACAGAGGTGCACTCCAGCGAAGTCTAGAAGTGACAGTAGGCTTCTCACCAATGGATTCGAGAGTCGACAGGTGTAGATGGCCATGGGCTGGAACTGGCAAAAATCCCAGCCCATGTACTCCATTTGCCGTGCTGAGTTAGAACCTGACGATTTCCCAGTGGGCTTAGCGAGCAGCACTCCTGGCTTAACTGGCTGACAGGCTAGACGTCTGATTGACGTGTGCGATCGCAATTGGGGGTCTTAATGTGAAGAGCCACGACAGAGCGGGAGCACTCGAATTATGCGACAGCTCTGCCATCAAGTTCAGTTTATTGGGTTACCGGCGGCTCCCTAGCGTCGCGCGCACTCACAAAGAGACAAGAAGCTCATGCCCTACATAGAGACGTGATGCTGGAATCCGTGAAGCTCCCCCTGTACACAGTTCCTGAGTCGCTCAACTATTTGGGAATGACGCGAGCACGAGCAGTGCTAGCGATCCTGCTATGGGTTTTTGCCGTATAAACAGCTGAGTTGTACAGCTTCCAAGAAGATATACCACTCATTAAGATTCCCGGCACGGGAGGGTTTTATCCCCCGACCATAGCCATGCTCTCAGCTGGAAAATGTAGTAGCCGATGTAATAGCTCACCCCAATAACCTGGTGTTCTAATAGGACATCCACAGATTTTGGGATTAGCATTCGAATCCGTTAATCCCGCCAGTCGATACTTGTGTGGGGTGGATGGTGTT,911,51.92,Caenorhabditis elegans
SEQ_711910,CTGCATTCACTAATTTGAACCTTGATGTCGCAAGGATGTGGCGTGAAGGGTAACCATGTATTTCCACTCCTAGGTGAATATATGTAACTGGTTTGTATGGCTCAATAAGAAAGTCTGCACCTGTCCCCCCGCGCACAACTGGCGCTAGCGGTGAGGCGCTTCTGCGCCGAAGACATTAAAAAGGTTGATTACCTATGACCCTGTGCGGGAGAAGCGTAGCTCGACGAGTGACGTTTACCGCATCGCTTCGGAGTTCAACACATGAACCAAATTGCCTTCGAATCGTCCCCGCACGCACAATAGTAAGCTTCTTAATTACCGGCGCGAGGTCCTCTCCCAACAATATCGCGCCCGTAAGGACTGGCACCTCGTTGAATGAGACACTGCGGCAAAGCTTTCCCGAACCCTAGGCGCTGGAAAAGTTCACCCCTAGCAGTTTTAAAGCGTGATATGCTGTCAAACGTGGTATCGACTTCGTTCGGCTTATGGGTAAATGCATGCTTAACAACCGGGCTACGAATATAGGGCATCATGTGGGTGCGACTAAACCTATTCCGAAACATGGCCGTCGCAGTATTTTAGAAAGAATAGCTAGAAAAACAATCTCTAACATGCCACCTTCCGAGGGACCCTATGCTTTGTTCGACACCCAGAAAGCTTGCTCGGAGTTCCAGCTTTGCAACATACACAGATAACCCTTCCGTTCTCACTGATTAGCGAATAAAAACTCAATATCGGTACGGGCGAACGCGGAGGCGGCACGCGGCCGTCACATTACAGGCACATCTGGCCTATAGTCGTGCGGAAGGTGCCACACCGGGACACATCTGTGTTGAGTCTACGCTGTGGTGTTTCTCAATCTAATCACGGTGAGTATTTGCCCGTCACGTAAGGAAATTACAATGACACAGTTAGGACGGGGCCTGCGCTTTTCAATAGAAAGCAGAAGGATAATACGGGACGGAATCACTCCAATGAAAATCTAGGACATTGAGTCTAACGCCTTACCAAGTACATTTGGCAGAAACGCTGCTGCGCCAGATGAACTTTTTTGGTCCTTAGAACTAGGGGGTAACCCCAGCCTGTCAAAATTCCGGGGAACTCTAAACAGATGCGCAAGCCTCGAACGTACGAACAACTATACGGACAGGAAATGATGGGGTCCGCTTGGTATGCGGTGCCTGATGATTGCTCCCCACCTTAGCGGGAGTGCTTTCACGCATTTCAAATTGAACCACTAGTATTAGAGACGCAATAAAGCCCCTCTAAGATTATACTTAAGACGCTAAGATCGTGCGTCAAATGAAGAGTTCTGCGCTGCGCAGTGGAGCACCTCGTTCGTAAATCAGAAGTGATTTCGAAGTTTGTCGCTGACAATATACACTGGCAGCGAGATCCTCTGTCTCTAATGAGTTCCACAGCTGTGCCGGAAGTCTATCAAAGCACGGTATTGCGGGTAGGCACAACAGTCCGGATATCACAGAGTTAGCGACTGTACGACCATTGGGAACCGATGTTCAGGCGGTATACGCAGATGTGAATGTTACGTTTCTTAATACAAGCTATTTGTAACTTCCATCCCGATGTATGTCTTGCACGTGACTGTTTGATGCACCTGCACGGCGCGGACCTGGATATGCACGGTGGAATACCAAAAATGAAGTGACTTGGTGATCATCAAAGCGTGTTATGTTCATAGGTAGTCACTGTAGTTGCTTTTGTAACGCTCTTGGGGTGTAAAGTCTGTTTAGATCCCGCTTGATATGTAATACGCATTGATCCACGGACTAGGACCCTAGTGCATGGGTCGGTCTAAAGCACTAGGCTTGCGGAAACAGTGACCAGAAGAGGCAGATGCCCCTGAGAA,1867,48.63,Saccharomyces cerevisiae
SEQ_512986,TACCACTTATCACAGATTTCGCTAACCTGCTCAACCCACGCGGCTCGTTCGTCCCCCGAGCTCAGGTTCTAGCCATCTTCTCAGCAATTGGCCGTTTCGATCAGACTATGGCAGGTTGAAGCGCTAATATATAGAAGGTATACTCAAATGCGCGGCCCAGGCGACGATTTTAAGTATCTGTTAGATTTGGGGTCAGATCCTTTACGACGATAGCCAAACCGCGAGCCGTAGGATTGCATTCGATCATCGACTTTAATACAGAATTCACCCTTAATAATAGTCAGTCTATTCTAACTACAGGGATTACCTGAAGTAGTCATTTTCGCGGGCTGGCTAGGGCCACATTGTTGCGTACCTAGGCGAAAGCGGTCGGGTCCTGTGTGGCTCGGTTGAGTGCAAGGTGGTGTGCGACCATCGGCTAGTTACGGCCGCTATCCCGCGTTTCGGTATGGTAATATAGCAGGGCAACGTTTGTGTGGCAGTTCGTACGACTAAGCATGTTGGTTTTAGTAGACTCTAAATACATTAACAGACTATGTTTAGGGGGAATTATAACCTACCCCCGGAGCTAAGAACAACCGTTTGGTACTTGACCTAAGTGACCCCTAAGGGGGGACCGTCTGATCGACCTGCTTATAGAGGGCTCTACAACTGGGAGTAAGGAAGATAGCAGCACAATCCGCTGAGCCGAGAGTAAGCTTAGCACGCATCTCTATCAGGTAGAGTAACCAGAGTGCCACATCATGGCGGGGTGCCAATAACATGATGTAACAACTGGGCTCTGTTAAGTAAGTCCATACGTGACTTATAATATAACTGGTAGTAGGTCTTAGACTAATACTGCTGCCAATTAGG,855,48.07,Mus musculus
SEQ_602917,GTCGTTTGACACTCCTTGAGTGCCTCATCTATGATCTAGGGCCACGCGTGCCTCATTACTCGTTCTTTGGCTCTAGCTCCGGGTAAGCAGGTACCCTATGGTGTACGGCAGCACTCTTCAGAAGACTCATACCCAAGGCGAAACCGACTCCGCTGCACAGGGATCACGAGGGTGACAGCAAGTGCGAGGATGAGTCTGATCCCTGCAGGACTATCGGAATGAGCGTAGATATCGCGATGAACTTACCCGGAGTTATGATTGGCTTGTCGATTGGTATGCACAGCATATGGGAGCACCAGCGTTAAGACGTTTGTCCAGTACTATGTGATAAAATTCGTGTAACATATAAGATAGATGCGCCGAGTTGCTAGTTAACATCGCTGTGCACTTCTGGCGACGAGCGTAGGCAATGAATCGCGCTGAAGTTAAACATCTACGTCACTAGTTTAGATACGGGACAAGAAGAGGGTACGGTGTCAGCAAGAGCATGCCTTCGCTTAATCTTGGCGCACGTTTGTTACCCCACCGGCTACCCACTGAGTGAAGATCGGTGGTGGGGCGCCCAACAGAGCCATGAATAGCTCACTGTATCCAGGGTGACAGCCTCGCTGAATCTGTACATCCCGAATTCTTAAGTACGAATATCTGGAGAACGCACCCGGGGAGCACCATTAATCTTATAGTACTAGCAAGGTGGCAACGGGTGTCTCAAAAAGGGTGGGAGATGCTGCCAGAATAAGGAAGGGTGAAACCGCATAGTGGGTTGGACCGATTCAGACGGCAATCTCTAGCGACGTCATGACGGTACTCACGCTATAAGTCAATCCCGAAGGAATGACAGATTCTGTTGCAGCCCGTACTAGGGGACTCTGCCAGACTCTATCTGTGATCGGCTGGCTGTTAGTTCAAGTGCCCCGCCTACGTTTCCAATTCTGATCGGTGCACATGTACGTTATGGATAAAGGTCATTAGTCGGTTGAACAGGCGCATCGTCGTACGCTCTCCGGTATTTTCGTAGAAAATCCGGCAACGACACACACCGATAGTCAATGTGCCCTGGGCCCATTCACACCTCTTTTAATTTCCTCACCCCCCTCTGGAACGACCTTATCAGTGTTGGCATGCGTGGCGAAGAAACCGAGGCAGGGGCGACAGCGAGCTTAGTGAGCACTTGTTGAAGGGATCATTGGGAACTAGTTGAGCGCGAGCCTAGCTACCTGTCTCCACCCCCATCCACCTCCACGTAAGTTCGTGGAATCCTTTCAGAAAACTTTGCCGCTCTCCGTTATTAATTATTCGGATCGGCTATTGCTACTAGTCAGTTCCTTCGGTGCAGAGACTCGGTGTTGGTCAACCTGCAACAATCGTGACCGGTTTTCTCGAAGACTCAAGCAGTACGGGACGACTCCGTTATGTGGGAGTCAGGGACAGCGCCTTGTAAGGATTGGTAAGCGCTCCGCAGTTCGGATGTCTAGTTGACCGTTTAATCATCTCAAAACACGGCAGGGTAGAACGCCGCTCTAGCAATCCGACGCAAATTAGAGCCGGGGCCGAGGTTTTATAAAGGCAACGCTGTTCAGGTGTATGGTTGGTCCCAGTTGCGAAGTGTAGT,1612,51.24,Escherichia coli
SEQ_295537,AAACCCAAGATGACTGAACAGTATCGGCGATCCTACACCTCTGCACCAATTTCAGATGTCCGATTGCCCTCGCCTTTACTCTGGACCCCTTGATTAGATTTGCGATCATCGAGGGCGGAGAATAGCTGTACTTCCCACACTTCTGGGCGCGCATGCCTTGAACTAATTTAAAGCGGGGGCTACTGTGCCAGATCTCGTCCCATCGAAATCATCCGTTGCGTCTTTGTCGTTCGAGCGAAAGAAGTGCCTGACTTGCTGATGCACCCGAAAATGCACTTACCCAGCAGGCTCGACGTCAGGATTATCATAGAGGGAAGTTGATAATATAGACTGGGGGGAGCCCCCTTAGGGGGGCATAGTCAAACGCACATGTTGACGCTTGATAGCAAGCTCACAGACCCGATTTCGCAGTGTTTAATAACCTACTCTTTGCTCCGGTAATATATCTCTACAGGAAGTCCAACGACTTTCTACTTGGGGATCCCAGTCACAGCCCTAATGTGGATTCCATGAGGCATATATCTGGCCTCAGCGCACGAATCATCAGTACTTGACAAGTCTGCATGGACACGAATACGAACCGGTCCGGGCTATCTGTACCCCTTGAAGTCTTCCATGACCCCACCGATTAGGTGTCGGCACGACCCTCGATTAATAACTTTAGCACTTAGGGTCGAACAGGTATACTATCGTACCGCGAACTTATATCCTTGGCGCCGACTCCTTTAGCTTGTCCATTGAAGAACTGGAGAATCGTCAGACTAAGCAGTAGCCGTTATAAACGATCGTCGCTGGATAAACCTGCATTAATCCTGGCGTACTGAATGTAGAACAGCATCCTGCCCTGTGTCAGTATCGCAGACGACTGAATGCCATTGTAGCTGAGTCCCGACCCATCACCAACGCGGTTCACCGAAAATAGTAAAAAATCACCCGTAAACAGCTCATTTACAAGCTTTTAAAGTCGGTGCAATTAAGACGGGAGACTTCACTCTAGCTACATATTAACATCTAGGGTACCTTGACCTCCCTTATCACACGTTGGGTTCAAGCCATACCAAAGACGCCCCTCGAGATTTCCTCGATTGGAAAGTCTGAGCTGTGCCATAGGACCCAATTCCTTATAATGGGGTGAGGAAGTGCGAACGACGCGGGACTGGGGCTCTATTCTGAAGTACCGGATGCCCTTCTATCTGAAGGCACGCGATGGACATGGTTCCAGTCACTCCTTGGTCTCGTACGACTATATTTACCTTTCCGGTCAGTGCAACTGGGGCTGGTCGTTCCTACTATGGGGCAGCTATCAATGAGACAGTAGTATTACAACAGCCTGGTCTTACAGCACTAGCTTGTTACAGGTCCCCCTCCAGGAATTTTCACGGGGGGACAGCCAAGGTAACAGTTACCGTCGATAGCATCTAAATATACATGGAAGACGTTCTTGGCTCTAGCTACTGAGACACCTGCAATGCTG,1474,49.19,Escherichia coli
SEQ_401845,ACCTTTTTGTTGGCTTAGCATGAACCTCTTGGACCTTAAAGTCAATGCGTACGTTAATAGGGCGTCCAGTGCAGAATGAACGGGTCATAAGCAGGTAAGCACACGTTCACATTACGTGCTAATTCCTTACGCGGGTTCATTGAGTACGTGCCACTTCCGAGCTCATGGGTAATTCAAACCTCGAAGATAACGCAGGGGAGATCATCCGTAGAATCCGTCTGGTAACTGGCAGCCCACTGAAACCAATTAGCACGGACCCAGACCTGTTACTTAATGCAGGCCACGTGGTGTTTATTGCGCGGTCGAGCCGTAGCACGTTTCACTACGAGTGATGCCGCGGGCTGGTTTGTTCAACCGAGCCTACCGTCTCACGGTTTACCGCGACTCAGGCTTGGATCGGCGTACCTTACCTCGCCTGACAATTAGTCCCGGGCCCATCCAGATCTTACGACACGCACTACAGATGAGCTCGAAGCACAGCGTCCCGGTGTTAGAGATATAAGGCTGGGCCCAATCACTAATAGAACCAAATTCGGCATCTTGGGGAGATGTGCGCTCTAGTCACCCCACAAATCGTATGGGGAAGAATCTCGGAGATGAACGTGATCGATTGTCATCTCAACTTCAGTAGCCTCACGGACGTTCCGACCTCAAGATCATCCTCGGTAAATCACCCTCTCTCAAATCCAGCAGTAGAGAGGGCCGAAGGAGCCAATCTTAGCAACAACCACTCGGCTTAGTGAGGCACGGCTTACCATCATAGCTTGACCGCAAGCGACAGTTTGTGCACAGAGATCGTGAGGTAGCGGACAACTTGGCTCGGCCCCCGACGTTCAACCGAAGATGGGGGCTTGGTATGAGCTGTAGTTCCCCCAAGCTCTTCTCGGACATAATCGACCTTTTGCGTGCTGTTGCCCAATGGGAGACCGGGGATGTTCCGACGCACTGCCCGACTAATACGCTCCGTCGAAGATTCAATGTCAATTGGACGACCACCAGCGAATTTGGCCACAGCCGGGGCCACTCCGTACGCATCAGAAGCCAACGGCGACATAGACACGTCCAACGGGACTGGGTCCCTCCGACCCCCGGCCAGTCATTAAAGAACATCATCGGTATTTAAGACCTATCTGTATCCTTTCTTAACCTGGATTGTTAGCCGTGCTGATGTGTCAGACGCAGATGAAGGATGTGTCGACTCTGGCGACGCACAAGAGGCTATTAGTGTTAGCACACCCAAGGGACTCTCCTAACGTAGCGCGAACTAGGGTCGTCGTGTCGCAAAGGGGCCGGTGGTTAATACGCATTTGATCTCCTCCATGTAGGCATCTTCTGCGCCACAAAGGGATCGGGCGCCTGAGGTGGCAGTATAGTCTGCGAAATGCTTGAGAACCATAAGCTGATGCCGAAGCTCCAGTTAGCCTATATCCGCTGGACCTTGATGCACTTGTATTGAACCGTTACTTGTCCCAGTTTAACTTGCCGACGCCATGCTATTCTTAAACTTTGTGCAGGACAGTCCGTAAGTGCACGGTTGATCGTGATGGTTTGTTATGCTGATGCCTAGATGAGTCGGGAATGAGTCATCCGCGCGTGAATAGGGCCCATGGGGATCCAGTTTAAGGGTAGGCCCAGTGACTGTGTCGGACCAACTGACGTGACGATAGGCTCTGGCGGAAATAAGTCCCCACACGTTGTGACGACACCATTTGACGCGGTCTAGTTCTGAGGTGCGAGCTCTTTCAGACGGCATTGGGATAGGGCCTCGGTAAGAAAAGACAGGTCCGGAGTTGGATGAAGCACAATTATAAATATGACAG,1820,52.36,Saccharomyces cerevisiae
SEQ_745852,ACTCCGGACGACAAGCGAGGAAGTACAGCGTCTCGCCTAACCTGATTCTGCTGACGGCTGGCACTAAGTACGTTGGATTTGTTTAGGAAGACGCGTAGGCGTGAGAGGCAAAACGGAGGGCATACACGTGGGCCCCCTGTCACTGCAGCCCGGTGAACATTTAGCTTGGCTGGCTAAGAAGAACTGGAATGACCGATGCACGTTTCACTTGCCTTGGACGCAGTTCAGACGTTCGGGTGTTCTAGACTTGCTCGCCACAATTTTCTACGACCTACACTTCCTCAGTCATGATGGTCTTCGAAGAATCCTCTCGACGGGATATCACCATCAGGCCCATCTATTGCGCACTATCTTATCTCTTCGACTCTGGTCGGATTTCAAGATTGTCCGTCCGATGGTGTCCTCTAACGCCATGGATCCGCACAGGCCTGACCCTTACCTGCATTAGTCTCGGTGTCCGAAGAAGGGGCGCGGAGGACGTGGGCTGAACCTATGAACGCGGCGCAGACCAGCTTTCGTGCTAGTTTTAGCCGTCCCAGACGTCGTCTCGTAAAGCGCGATTTCAACGACAATTTTACAAAGACGCATGATGCGCTAGCCAGCCAATACAGAAGTATTCACGACCGTCTGAGGTTCACCCTTAGACGTATACCTCCGGTGACGGGGGTTCATCTACACCACATTAAACACATCACAAAACATCATGTCGCCCATAGGTTACCGGGGTTCCCAGTGGTAGGTCGGGGACGTTTGCTAGTAGCCCATGACTGAGATCCAAAAGCCCGGGGGAACCGAGGGGTTTAGCAGTGATTCTAAGATAGTAATCGCGTTCCGTCGCTCGTGCGCGTCGGTGGGAGACTGTATTGGGGCTAGCCCTTCACTATGATGCTCCTGTAGCAACATCTTTGTACGTCCTAGGCTGTTGGGGTGCTGCCACTGCTAGAGATGATGGTCATGACTACTGGCGCAGCCACTGTCACGGGCCAAAGGGAATCTCCGTGACCTACTTTGAAATCTGAGAAGTCAATCTTACGACGTACTTCGACAAGTGCTGACCCTTCCTTCACTTGCAAAGGACATATCACTATTGAAATTCACCTTTCATAACAGACACCTTCACGAGGGCGGTGCAAGCTACCATCTGCCGAATCGCACCCCTGGGTTTAAGTAGAAAGAGGGGGAACACGCCAACAGATGAACCCTGACGGCAAGAGGCGCCTGGTTTCGGGGCCCAAGTCCCACGGAAGGCTAGAGATACCTTACCGTGCACCGCACCACTTTGAAGGGCCTTATATTCTCTTCCTGAGAAAAGGTCCTGTCGTCAGCATAAGAAAAGCGATCCTTCCCATTGGGCACTTGGAATGGCAACAACGTGCGCAGTAAACACACCACGCGAGAGACGGCAGGTGTGGGCCATATTGTGTTTCTGTACTTATAGATGAGGCAGTAACCGGGTCCTAGTACGTC,1467,52.62,Arabidopsis thaliana
SEQ_143929,GAAGTAGAACTGAATCTTTCTAGAAGACCGGAGTGGCAAAACCCAACTTCACGAATTGCCCCCAATCGGCCTCCTGG,77,50.65,Drosophila melanogaster
SEQ_396667,GTGTACGTTTTAGGCCCACTTGGAAAGCAGACTTCACAACACCGCAAGAACAGCTCCAACTACACGGTTCGCAATATACTGTGTGAAAACTAGCAGTCAGAAATGGGGGGCATGTTATATCTCCTGACGGCAAAGTACCCATATAGAAAAAAGGAGCATTGCTAGAGGAGACGAAGGAGGAACCTTTATCCACTCTCAGCTGCGCCAGGACAGACCCTTCCTAAACGACGACTGTGGGAGTCTCGGGGCTGAGGTAATAGGGAGTGATGTTAGCCCTGGCAGGCGTTCTATCCAGGATTCTAAAAAGATGTGTTGGTGGTGTCTTTTATCATGGACTACATCGTATAGAATAGTGATTGCCAATGGATAGGGAGACACGCGTGAATATCACCTGGGGCTTGTAGGATCTGGGTTTCGAGTCGGAGCATCAAACCATTCTAGGTCTAGGGGCGGGTGATCGGCCGTATTAAGTACCTAGTCAATCCCCATCTCAGGGGAACCTACTTGCTCTCAAGAAGGGACCGTTGGTCGTAGGGGCGCACGCTGGTCTACTGATATATCTCACTCAATGTAGCATAAGCCATTCGGCGAAGCAGCCCAACTCTTGCCGAACTGAAACGCGTAACATATTTACATGCGCTGTACATTGAACAGACCAGGTGATTATATAGGAACCATTCTCCAGAGGTGGGCTTGTTCGTCTCGTATCTAGGTGTTAACCTAGCGGGTGGAGCCTGACCTGAGCCACGTATCTGTCCGCATATCGTCGAGCCACTCTAGGATACAGAGTTACGGGGTGCCTTTATTATGCCCGCCCCTACTGAGCAACCCGCCTAGCACGCACGAACTCGATTACTGTAGCTGGTAAGTGGCGGGCCCACTTATCTTAGCGCATCATGACACAGCTCACCTATATGTACTATTACATCTGGTGGGGACGGACCTCGTCTCGTCATAATATAGGATTCTTGGGGATAACTTAACGGAACCCGAGAGGCTATATAAACAGTCAAAATGCCGGGAAGCGGGCTTGCTGAGTACCCTATCACGCTTTTGATTTGATCGGTTTCGAAAACTCTGCACCCCGATTTCGGACGTCTCGCCCTCTTAACGTCCTATACGAATAGAGACTAGTCCATAAAGCAAAGAAATTACCAATAACAATTTGACGCGAATATTGCTAGCACCGTGCTGTCTATAAGGAACCCGAAGAACG,1216,49.01,Drosophila melanogaster
SEQ_294219,CAACACTTAGGTTTGGGTAGGTGCGCCTTGTGCGTGCATGGGCTTTACACGTGGTACCCACAACCATAAGGGGCCTCCGTCCGTCACTGGGTTAAATGTAACCCTTGCCCCGGAGAGAGCCCACGTAATACCAAATACTTGACTCTATTGGATTGTAGACGAGGCTTACGCGGCGTCTACAAAATGCACCAATAGAGACTCGGGTTCTGGGTATCGATAAAATGAATATATGTAGGTGCTTATAGTGTGTCTCCCGCTTGACGAGGCGTTAGCTGGTGCGACCGAGCAGTTCCTTCCGCATAGAGGGGGTTACATCGCGCTCGATAATTGTCGTCGATGTCGCATTCCGAATTAGCGTGTAAGTGCTGACAACCTCACAACACGCCCGTGTGCGTCCCCACGAGAGACCGTCTCCAATTCCCATGTAAGAGTCATAAGTAGTTCAGTCGATGCGGATAGAGGAGGATGCTTACGAGCTTTAACTGCTACTGGACAAGGACTGAAGTTGTCTGTCCCATTTACTTACGGAGATGAGTATTGTAGTCCAATCTGCCTGGTGCTGGCCCAAGCGAACATAGTAACATATGGGAACAGACATCCTCCATGGTGCAGGTCATATCCCCAAGGAGCCCCATTGTTCCCGACACGTCCCTAGCCCGAGCTGAAGTACTCAACCACGCGATGGAGGTAATTGCTGATGCAACAATTGCCCGAACATCGCCCATTGCATCTTGCTCCCGCAGGACATCGTGGCAAGAGAAGTACTTCCACTCGGTTTGAAGCAGCTGTTCTATTGCAAAGTAGCAAGACCCCAGCCAGACTAGATGTTTGCCTCTATATAGAGTTATGACAAGGGGGTTGAAGACCACAACGTTGAGCTTCCGCGCATTGAACACTCTAGCAGTGCTAGTAACGAATAGGGGTTCGCGTAAGTTCAAATTAGTTTGATAAAGGTATCTCGTGGCGACTAGTCCGACCAAATGCGTACTGACGGGGCTGCCCGCATTGCACAGGAAATG,1019,50.54,Arabidopsis thaliana
SEQ_470545,GTTCCCTATACAAGGAGGGGGCCTTCTGAATTAGGTCGCGACTCCTGGGGCTACAAGACGGCCGGCCCTTCATTGCTCGTAATACTAGTGAGCGAGTACCGTCGTGCGTCGATCTTTCGCACTCGACATAATCAGTTACAACGGCGATCACACCTGAGATAACATAGAATCTCTTACAGCCAATAATTAAACTGGCCCCACGCAATACGTACGCGCGTGCTGCGGGAGGCCTGCTTTACGCCGGGCAGCGGGACGCCATTGATCGCTCAAAGATGCGGCGGGACTCTGTGCTTAAAATCGTACGTAGGACAGGCAAGGTGTTAGCGATGATATTGTCCGCTTAGACGGCGTCTTGTGGACGCATGTTATTCCCCCGATCGGGCATTCCCGACTAACGTTCGGGGTGATTAAAGCGATGAAGGAATACGATTTCTGCTTTCACGGTCTGTAGCCAGAATTACCGTGGGGGATATTGTGTAGACCTAATAGTAACAGTCTTATAGCGTGCTTTGATCGTCATAGCCATAGGCTCGAACTCTACTATAGCGTCCTTAAACTGGCGCATCGGAGCGATGGGAACTGGCCACCTTTTAGAAAACGACTATTATACACGTGACCATATAGGGATCAACGTACGGTCTGACTAAGGGGCAGGTGACACTTAGCCCGCCACACAACTGAACCACCTTTTGCGCGGATGATCTCTATCCTCTTTTAATAGCGCGGAGGCGTTATCGCCACGCGTAACCCGCATGGCGGACACACGTCTCAAGGCCGAAATTGTGAGGCCCAATATATGAGGGAGCACCCGGCATCTCCAGGCCTTTACCCGACCCGTGTACTTGTTCTGTTCGATCAAGACGTGGTTCTGTCGGTTTAAACGTGGTGGACAAAAGACGTGAATTGGTGAGTAACACGCCGGGGTCGGGAACCGGAATATCTTGAAGTTCATGTGTGCTGGATTGTCCTTCCGCAAATCCGTTTTAGGTTTCCGGTAGGGTCTTGGTGGAGAATGATTGTACGGTAATACTTTGTGAGGGATTAGACCAGTCCCAAAGCTTGTTGGTTACGAATTGATACCATTCGTAGCGCCTCGACAGGTGTCGACCCTTCAAGAGTTTAGGACGTTTAACGGTGGGGGGCTGTGGCTCATTTGGATAGGCTAATGGGAAGAACTGAGGCGCGCGGCGAATAAATATGGGCTTCTAACAGCTAGCCTGGATGATCGCTCAGTGATCCTCAGGGGGATCTGACTGTCTTGCTATATACCTCGGAATGCTGTCTGCAGACGTCTCCGAACATTAGCTGTAAGAGATTGAAGCTGGTCGATCAGTGCACAAAGCTAATCTCGTTGCAAGGAGGGTGGAATCAGGAAAACGGCAGCGCGAAGCAAGCCCAACCGGCCCGGCCAGCCCCGAGTACAGAATAGGCCTTTAGCGCGTCGTCCTCACGTCTTCGCATCGGGTAGCGAGCCGTAAATTCACCACTAGGTCACTCGGGGTTCATCTTTCTATCGTCCCACCCGATGTATAATCAACATTACACGCAATGCTCATGCATGAATGGTTTGATTGTCATAATTTTTATGGGGGCCGTATCTCCTTGACCGGTCATGACCAGTCGACCCGAATGGATGGGTATGAAAAGTCGCATTGGTAGCCTTGCCGACCCGATTTAGACGGTGTAAGACGCTGCATCCAGGGCACAGTGCATGGGACTTTTGCACAACCACCCAGTCTCCAATCGAGAATGGCAAATTGCACCGCTCAAAGCACGTTTTGCTCAGAGACGCCCATGTTTCATGAGCACTTGGCGATACAACCTCTATGGAAT,1833,51.28,Arabidopsis thaliana
SEQ_613033,GCGGGAGTGCGGCTCTGTAGCTGTGACCAAGCAAATTCATCCGTCGACGACCGGCGAGGCTTGAGTATGCCGAGCCGCGAATCTGGTAGCGACCGCAAGTCCCATTACCGTTGGGAGTCCCGGAATTCCCAGCGACAACCCGACGTTGGGAAGCAAGCGCCCGGGAAACGAAGGTAATTCGGATATTTTGTTAGCCAGATGTGGAAGAGACCATCCGATAGTTGAGGGGGGTCTTGCTGCCGGCCCTAGTTTATCATCTTTTGGGAAGCTAATTATAATTCCTCAACTTTAAAGCCTTATCTTATCCTAAGGTCTCGCGACTGAATACCGGAGCGAAGTAATTGGTGCTGTCTCCCCCGCCCCCGGCACATAAATTAGGGTAACATAGTGATAATACTGCCAGGCGTTAACTTGCATTGTGAAGTGGCAAACCATGACCTCCGAAGACCGCGAAGAGTATCGTGCCCGGATTTATTGGCTAGGGGGTCGTACGACGGTTGGGGGTCTGTCGGCAGACGGAAGTAATCTCCGCTATTGTGTGCAATCTGTAGTAAAACCTCGGCGCGAACTCGTCCATGGCCCCTTGTTCAGTATTTTTCAACTGCACCGAAGATTCCCAAATAAAAAGAATCGAGTATGTGTCTGTGGGGTTCAAGAGCAAAACGGTAAGCGCGAAGCGATGACTATCCATCCGCGGACCCTTTCGCGTGCTACATGCCCGGCAGTGGTATTGGAGGATTGATGCCTGTTGGTGGGATGTACCCCTATTGTCTATTCTCGTCTGCTTATATCTTATTTAGGCGCTCATATGTACATTACGACAGCGAAGATTAAATGATAGGGGTCGACATCTCAGCTGTGGGGGGAGATGGTTCGCATCACCCGAGAAGAACCATGCTACAAATTCGCGGGCGGATAAACTAGCCCGTGATTGAATGGCGACCCTTGCCCGCAAGTGCTGGCCTATCTGTTATGTAGTCAGTTAGTCGCACTTTTCGTCTTTAAAGCTGCGTTTCATATCCCCTATATAGTTGACGCACACTCTACGCAGTCGCGACGGAATTCTTGAAGACGTGAACTACCGAAGTTCACCGGAGGGGTTTTAGATCCATTGGGGCGTCGGACATCGGTTTCTGAGGTCGCGATTAATTAGCTTTTCCAGTTCGACGACCAGCGAGCCAGTAGGTTTCAATCTGGCTGACAAAACGAGCTCTTCATGTTAGCTTTGACGAAGACAACACGTCGCCCTCTGCCAACATTTCCACAACTATTTCATCCCCTGTCCGGTGGAGGGGATGGGCCCTAGAGAGATGGGGCCCGGATCTGCAAGACGTTCCGGTTCGCTTTCACATAGTGCAGGCCGGAAAACGAAAAGGAGTGATATTTTGATGGGTTTATCTAAAATTAGCTTCGGTAAGCGTGATACGAGCAGCTGACTAAAATCTACGTTACTCCCCGCAACGCTCTTCCCACGAGTTGAATTCGCCTAGAGTAAGTGAGATCCGAGTCTTTTAACATGTCTGGCTAAGGAGTCCTAAATGAGGACTGTAGAACGTATCAACGGGTTGTTAAGGATCACCGGCGTCCGTGATGGGCTTCATACTAATGTTAACGTCAAATGCGCGCATCTAAGCGATGTGACTCCGCCGCAAGGAGTCAGGAAGGCAAAACTGCCGCAGTTTTTTACAGTGATGGTACCAAAAGTTGATTTTCCCAACAGCGTCTCTTCCAAGACCATCGACGCAGCAATTGAACCTGGAGTGAACAATTAGGACCCGTACCTATCACACTGCACCGCCTGGGTTTGTTTCGTAA,1815,50.14,Homo sapiens
SEQ_408844,CGAGTGGTTGATTTATAGCCCAAGTGGATATTAGCTACGCTTTTTCCTGTTGGACGTACCGGGGAGTACGATTGAGTGAAGCCGTGCACCGAGTGAGTCCGAGCTCAATTGCTCTTCTACCGCACAGCAACCACAATGTGTCACACTAGGCCCATCTCTTTTATTTTTGGACCGTTTGTAAATAGTCTCTGCACACATTAGCACTACGCGTTTATCGGAGGTGGCGAGTTGCCAAGGAGTATTGACCTAGACCCACGCTTTGGGAGATCGCTGATAGGCTAGACTATGCTGAAACCGTAGTCCCAGCGCAACTAGGGGGAAGATTTCCAGATGAGCGTATGAGGATTCGTTAAGATGTAATCATATGCTTGGAACTTTTCCGCGTTCGCAAAACAGCCATAACCACGTCGCTCGTCATCAGATCTGCACTCTTACGTGCCTATCGCACATGGCGTGAAGGTCCTCAGATCGGTGACCCCCGCATACACAACGCTTTCCAAAGCCTGAAATCATGGTT,517,49.32,Homo sapiens
SEQ_438570,GCCTGCGATCGCCTTAATCATAGACCAGGCTACCTCGTGGCATGTCGGGCCGGACACTTATATGGGATCGCAGTCACTTGTTCGAAAGTCATCATGGAACTATGGGCACATGCAGTGATAAAGGCTCTGCCGCAATACTAAGGTACACGCGGGCAGGATGCT,162,53.09,Arabidopsis thaliana
SEQ_279402,TGAAGGACGTTTCCTATAAATAAGTGGGATATTTACGCTACTGGACGGATCGCGCAGGAGTACGGTTGGTACGCCATCTCTTTCACCTTTCCTGATATAGCCCAAATCGCTTACACAGTAGTAGGGGATAAGGAATCCCTGAGTAACTTACCGTCGCTAAGACCCCCCTGACAACGCAAACGTTTTTTCATGCCACGACAGACCGCCAGAAAATCAAGCAAAAGAATGTCGCCGCTCCACGGGTGCTGGAAATTGAACAAAGTGCTCATCCAGCGGATTCTCTCAACGGCAGCACCTAACAGGCCCGTTTGCACCACCGGAGTGAGGATTGGCGTCGGTCAAAAGTTCGTCGGGGCTGGTGCTGTACGCCGGACCCACGTATTTTGATGAGAGGGAGGACGCTATCCTTTGTGCCATGGACAAGACATATGTACAGGGAGGCGCAGGTGTCCTTTTTGCTTGTAGTTGGTATTCTCGTAGGTACCGAATGCACGCGTGCCCAAACACTCTCTCTCCTAAATAACCTGCTGCCAGAGGGTTTACGTCGAATCAACCACCTTCGGATTCCTGCCGCATATTACCAGTCAGGGTTACGTAGATGAACGTGTAGAACATGAGCGCAAATGAGTGGTCTCCTCATCTCATGTCTGGGGAATAGAGTACCAGACATTACCCGCATCGCTAATGCCGAGAACAGCAGGCTGTCATTATGCGACAAGGATTACCTTACATTTCATAGCCGTTCCCTAAAGCGTTAACGCAGCGGCCTCGGAGGGGTGGTCTACCTGACAGCCTGGGGTTACGACTCGTATCAATCCCACTCAGCACGTCTGTCCAGCCATGGCACCAGTACGCTGACATCGTAAGCACACAGATATACGTGAGCCGAGAGACTCCTCCAACGACCGCGTTTGTCTACCACATAGACTTTTTCTATCGCACGTAGAGAGACTGTCACAATAGCTTGCGTCGTACTTGAACTATTACGATGCTGCCGGAGCTGGGTATACATGTAAGGGCAAGTCCTTGATGAGTGGTAAGCCAGAAAGTATGCAGGGGGCTGGAAACCTGGACCATGGATCTTGGAGTACTGACGTCGGCGCTCAGCGTGTGGGCATTACGTCCTAGATGCTCTGTAGTCCGGGTTCAAACGCAGGTGCGAGGCGTTTTATCGCTTCTTGGAAGAGTGCCCCGTTCACTGGCGTTGCAATCGGCGTACACCGGCCTCCACCAAATAACGAGAGGATGAGGTGCTTGGGGGCTAGTCGAATGGGTTATATACTGCGAGTACTGTTGGCGGTTTAATTAAAATCACAATGGTGTTCCATCTACTAGGAGACGCTGACGGTGAAGCCAGTCGAGGTTTGTAGAATTCGACGATCAACCGGTCGGTCCGAGCCGTTAAAAAGGCTTCAGCGGCGTAGCGTTCCGAGGTTATGTCTCGTGATTGCCAAGGATCACACTTTTGCAGGATGCCAGTATGATAGATCCTTGTCATAACCTGTGATGAGAGCACTCTTAACTGTTAGTGGCATTACGCTTGAAACCCCCCCGGATCGGCTACGCCGCTTTCCTGCTTGGCGTTAGATAGTTCACACGGTACCCCTTACGAGTCATTGACTCACGCGGTATTGCAGTTACGCGGCAGAAGCCCCTGCTGACGATATGCATTGCCAGTTGCTCTTGACACTTGATTTACCCCTCGGAGACTCTTTGGCAACCAGCTTACGATACGACTATGCCTCTGCTTCGACACGACCGTGTCCTGAAACCCCCCGGTTAACATCTCAGCTTCGGGGC,1800,51.72,Mus musculus
SEQ_761236,CTACGGGGACCTAGTCTGAATGTAGCCTAACAGATAAGTCAGTCGAGAACACGTTTTCCTCACCTCGCAGGCGTACCTGCCTACTCCGTATCACCCCGTCTACAGGATCGACTGTCAGTCGCAAGTCACCCTTCTTACGTGGGCACTTAACTGCCGGCCATCTGAGATCACACCCGTGGGCCGCAGCATACGGGGCTTCCACGTCAAAGGTTCGGACGGCCGAATGGTGTTTGCGTCTTAGAGCTGTCACGTGTCAATTGTTACGCAATGTAGAACGAGGGCACCCTGTAAATTGTCGTTATATCGCGCTGTCGAGTTGGAGCTTAGCCGTCGGTTCTTACGCTACCCCACAGATGGTCCATTACTTGTCATGTATCACGCCATAGCCCAGAGACCTTTTCATTCTTGGTAAATACTAAAGGTGGTCGAGCGCCCATGTACAGACCGGGCACCCATTATCGTCGACCACCCAACCCGCTAGGTAATCATTCGAAGACGGGAGACACTATCAAGTCCAGTTGATCGCTAACTCCACGGAGTCAGATAACCCGCTGCCATCGTGATAACTGGCTGTTACCCGAGGGCAGCTAAGTTAATGAGCAGTGTCAGGCACACCGGCTATTTGATGATCCGAGCCCCTTCGGCACGTCCTCCTATAAAGTCGATGGTCACGGTGTCACCTGGTTCGCCGCACGAATGCCTGAATCGAGCACAAGGATGCACGGAATCGCATCCCTACAGATATAACCTATTTCAACGGGTTTCCATACCGCACCCCGGCTACCCGTTGGGTGACCGTCCCCACAGCAATCCCAGGTAACCCTCTTTTAGCATCCGGTCGAATGCTAAAAAGCGTCCAATCCGAGCAAAAGACTTCATCGCTATCTTCCGACAGAACTGTTAGGTAGACTCAACTGCCCTAGCCATACCCTTCGCGAGTACACGACGTACTCACTTGTACACTACCCGCGAGGACAGCATCCCAGTTATGCGCTGAGTTTTTGGCATTGGACCAGGCTCCTTTTGGGCAAGACTATCCAAATACCATTATGTATTCGAAGAAGAGTCTGGCGTGGCCGAAATGCTTACTCCTGTTCTATGATCGCTGTGAGAGTCCCCGTCTAAAACGCTTGATGCCCTGTCCAAGAGAAGACCCCACAGGACAGGAGCATTGGTAGTATTATAGAATAGTACGACCTTGAGTGCATAGGCACCCAGAATAGATACTGTTGCCGTGTCTATTAGGTACTACTGTGACCGCTAGAGATCATAGTTGAGGAGACCTCGCTTTCACACTTCCGTTCAAAGGGTTTCCACAGAGGCCACGGCTACGATATAGCTCATAACATCCGTCCCTAGACTTGGCAATTTGTGCCGATGATAGCTTGCAAAGCGGCCAATGGAGGGTCGGAATCGTAGACTTTTTGGCAAGGACATTGAGTGCCTAGTCTTACGCGACAGGCTTAGTTTTTAAGGCTACTTACAAGTTGACTGACAACGCCC,1503,51.3,Drosophila melanogaster
SEQ_726402,GCCCATTAGGGTTATGCTGCCTGCGGGGACCTTGCTCAGGCCTAGACCCCAGACAATGGAGGGCTGACAATACACCTGCATAACCGATAGGTGGTTGTAATGGGACCTACGTTACTATCACGAAACCTTGGTGATAACTTCGGGACCCAATTTTGG,156,51.92,Saccharomyces cerevisiae
SEQ_410183,CCCCAACGAAGCCCGGCTGACGGTTGGGCCCAATGAACCAGGTTCAAGTTTTTGCATGGTGATGATCCTCCGTGCGGAGAGGGGGTAAGTATAATGTTGCAATCCAATAACCTGCCCACATACTTTGAGAGCCAAAAATAAAAGTCCACGGAGTTATCAACCGTAACCAGTATACCTCTTGCAAGTTAGCACTAGCTGAGCCCCGTGGCTCCTGCTATATACAGAACGGTTGTACTTCACGTAGACAGTCATAAATTAAGTCGAGGCCAAGAACTACAGCGGACCCTCGTGGTTTTGAGCTGTGTTAACAGCTGGCGTTCAATGAGATAATGGAGGCTCATTTACCTGGAACAATATACCACTTGCTCTTTAAAACCACAAGCCGTAAGCGGCCGAAGTCGGCTTTACCCAAGCTGGCTGATCACGGCTTCCTCCGGGCGAGCGGACACGTTTCAGCGACTGGAGTCCTGCAATGTTCGTGTTCATGCATTGGACGGGTCCCATGCCACACCCGGCCACCCGACTCAAGTCCAAGAACGGAT,542,51.11,Saccharomyces cerevisiae
SEQ_437692,CCCTGTGTCGGCACCGAACGTGTTCCCGCGCTCGGGTCGAAGGGATTAGCCAGAATAATTCCGATGCAGTAACTCCCGCCCGATGGTGCGGTAAACAACCTCCCTCTGTCTGGGCAGCCTAGAGATGACAGACTCCAACGGCTCTTATTGAACTAGAGTCAACGTGGTGTCTAATCTAAGGTTTTACGATGGTCCTGTGCCGGGCTAGCAGTCTTCTCGCTATCTGTTCACCACTCGATGGGAAGTCTCAAGCCTGGGGCAGTAGTTATATTTAGAGTTCTGAGTGATTACTTGTTTGGGGCCCATGGCCTGTTAACGTTATTACTCACCTACTGGGATAATACTAACTCTTACTCAAGCGAAGGAAATTCCGTGGACCAAACAACCGTAGTTGAGGACAGTGCGGGTCACTTTTCTTCGGAAATTTTCCCGGGGGGCGAGTTGTAATTCAACCCGCAGGCTGAGCGGCGTGGTGCAGACTGGAATTGGCCATCTTCGTTCTGTAAATGGTATCCAATATGGGATACGAAGATCACGAGCGCGCATTGCAACCACGATTTTTGAGAGCAATCGTGTTGTCAGCCGCTATCTATGATGAGCATCCTATAGGAAAAACAGAGACTTCTCGGGTCGACTAACACTTTCTAGTATGTGCCAATCTGACACCGCCTCTTCAAGGAAGTTGCGGGCATCTAGTGGGTGTGAGG,707,50.21,Saccharomyces cerevisiae
SEQ_582234,TCCTCGTCGCATGCGCATGCTCCGAATCTCCCGTGGCCGATCGGTTCAGGCTGGCATGACACCGACACTCGAAACGGGCGTGGTATATGGAACATCTTAATTATCGTGGACGCTTGACTCGTGGGCAGGCCACTCTATTCGTCGCAAGTACATTGAGATAACCTAGTATGGCGCAGTCCTCAGTTTTTACTACGTACGAACCGCCACAGCATTGTGGAACAATTTTCATTGTACAGAAATTTTTTGTCCAACTAGTTGGATGGGGCGGAAGAGACCGAAGTCGCCAAATTAGATGCCCCTTGAAGTAGATTCAGAGGCGGCGTCACGCCGTTGCGGCGCCCAGATGCCTATCTAGGCGGGACTCCGAGTGGTAAGACGGTTGGGTAATAATAAATTGGGTCGCATAATTACTCTACGAATATATTTTAACGCTCTCGCCAGGGGGAGGGGGTATGTAGGGACAGTGTAGCATTCCAGCTCGGATTGACTTCACATCGTGTCTTGTATGCGTGTAGCAGGTTGGGACAATCGGCTACGCCATGACATGTTGGTCTGCCCGCCCAGCGACCGCAAGATGCGAATGCTTGGATAAGGGAGGGTCGAGGGTCTTGAGGTTACCTATACTGGTACCGGTATTCCGTCTCGCCGGTCGTCGCAACAAAGTCTAGCGGCTTAACCCGCAAATAGGCCGACGCGTTTATCGTACCAGAAATTTCCGATTAGTAGAGCCACGTAATTGGTCCAATCTACCATGGCGGGCCCAGTCCGGAAGGAAATGGATAACCGATTTCCCCATCCATCGTACAGGTTCTCGCCCATGAACAGATACTTCCCAAATAGTAAGGTCAGGAGGCATTCAATGATTAATCGTCGCGGAAAGTTATGGGTCTCCCTACCACGCTAAATGGCAGGGTGATGCACTGTCACCGTGCCATGGACATCTCAAGATATCTCGTTGAGCATCGCAAAGAGCTTAGATCTCCTTGGTCACCTAGGTATAACTCCGGAGGAGTTGGTGTGCTTGCTGCCTCTGTAGGCGGAGAGTATCGAAGGTGAGAGGCACTCGTTCAACGACGAGGTCCTTCAATAGTAATCCGTCGCTTATTCTAGGCGCACCATTGGGACTGTAAATCTGGACGATGAAGTCACGAGTAACTGTGATGCATGGTGACCCATGCAGAGCAATAACATCGGTCCGTGACTTGCGAGATCTGTCTTCCTAATGTAGAATGGATGATCTCGGTGACAACCGCCCAGAAATAAATTCGTATTTTGTCGACTATCAGAGCAGGTGGTAAGTAAAACTGAATTGAGCGCGTGATGGAACTTGCGTTTTGTTCCGGGATAGCGCCATTGTCTTCCTTCTCCACGAGGCTCATGGGTACAAATAGCGCGAACGCGTCAAGTGGTACCTTGAGACAGAGTTGGACTTTTCTCCATGCGCGCGAAGGTCGTCGAATGTTCGTAAGGTCGCGATTTACGCCCTCGAATCAGGCCCCGACAGAATCCTCAGAGC,1516,50.92,Homo sapiens
SEQ_761104,CTTTTCGAGAGAAAACGACGTGGTCACTAGCGAGTAGGAAAACTCCCTGAACCCTATTGGCCAGCTACGCGTGGACCTATCAGGCCGTACCGTCATCTCACGCGGCATACGACTACGGATCATCGACGCTGTAGGTCGAGCTTGGCGGAGAGTGAAATATAAATGCGTCCTGGCATTAGTAGTAACGTACACGAACTGGCTTGCGGGTCGAGAGAAGGATCAGGACGAACCGGTGGTGCGCATAATTGTAACATCTATAAGCGAGGGCTGGAATATGTTCCCCGTGGTTACCCGAATAGCCGCAGCCAGCTGTTTAGCGAATTGCAACGCGGTAAGCGTCTGGCGGAGTAAGATCCCGTGTACTTAAGGATCAGAACAATCGTAGGTAGTCTTATACGCACCGGAGATCTTTCTGATAACTAGACCCACACATCGGGGCGGATTGGTCAGCAGATACACACGGAGCAACGCAATAGCCAACTCGTCGTACTAAAAGACAATCGCTCTATATGTAAAAGATTGATCATCATACACCGGTAAATACCGGTATCCGTATGATGACAGTTATCCGAGAGGTTCCGTTTGCTGTTTTGATGTCCACTGGGATCGCGCGCATTGGTGGAAAACAGCCAACTCCAAAAGCTCGGCGAGTTGCTGTCCGCTCTTACCAGCATGCGTATCAAGAATCATAGGGCATCAGCCTCATTTTGGCTCGATATTCTGGTCCTGTGTTCAGTCATCCTTTATGTTTAAATTCAAGTCCCTCTTGGGCGATGTCATTACAAGCAGGGGCGTCGAGGTGTTTAGGGTATTGACTTGGTACCTCTTACGCCGAAAGTACGCTAACCGCACCTACCGTAACGCTCAAGCGTGAAAGGGGGAACAGATAGTGCTGACCAAACAGGCCGTCTGGGACTTATTCTGATGTACACTCCAGGCGCACCTATTCTTTCAACGCCCCAGGTTCGGTTAACTTGGATCCTCCTGAGACTATACCAACGTTTTCTCACCTAAATCCTAGAATGCAAGAGAATTCCAGCTATTTCCCCTAACTCAATCCATCTTAAGATGCTAAGGATATCTCGGACGTCAGGACACATTACTGTTAGTGGTCAATTGTGTATTGGCTAGCATGGTTGTGGAAAAGACCTCTGTGGCAGTCAGACCTGCAATTTACAGTACTGAAAGCATCAAGTTCGGTAGATGTGGTGGGTTTTCCCGTGTACCGCCATTATCTTAAGACCGGGGGTTGCGGGTCGGGCCTACGACGTGCTCTGACGGATGTATTGACCCACTTTCCTAAGTGCCAGCTCGACGGTGATCAAATATATGGGTGCAGGGCTAAGTACGTCGCCATGTCGCGATCCCATTAACAACAGATAAGGGCTCTTCGACTGGGCGACTCGCGCCCCACAACCATTGGACAATAAGCAATAGAGACAGGCGTCGAGAGGCGCTAAAGGATTGTATCTACTTCGTAATAGGGAGGATTTAGGGAGGTGTTATACGCTTGGCCCTAACGATCCCAACGATTTCTAGATCCGTTACTACTCGTGACTCGAGACGTCCTTATGCGTCGTCCTGCTAAACTATTATAGCGGCG,1603,49.47,Mus musculus
SEQ_135282,TGCGACTCATCGGATTATTGTTCGGTATTCAATCAATCCGTGCGAACCCACTCCAAGACATCAGGTGATCGAATTCGGGTAAATTGCGTCATCACCGTCTTGCATGAGGAGTCGATGCCCCTAGAGGCACTCTCCATGCTGCCCGTACTTAATTGGGGCCAGTTGAGTTAAAGGACTTTGAGGACATCGATCGCCAATACCAGGCGACGCCACAGAGGGCCCTCTATGGAGCTAGTGGGTGCAAGGTCGTAGACATTGCGTGTGAAGCAACGTAACCATCATCCACGAACAGGCTCGAGTTTTTACACAGTTCGTGCCCAGCACTTGGTCTCGATTCGCCTACAGTAGGCATACCTAATGTCCGACTGGGGGCAATGTAGGTAGACGACGCAAATTGGGAGCAGTTCGACGGCTACTGAAGGCACCGGGACCGGTTAGTAACTAGAGTTTCCTATGCGCGCAATCTCTAGGTGCCGAACCTGGCCATGTAATAGTCGTATTCACTGATCCAACTGTCTTACCCCCTTTTATGTTCGCAACCGCTTATGCGGACGAACTCCTCTGGGGCATAATTGTTGTTAGACCGCGATGCGCTACGTGCCCGCCGCCGAGTGAGTAATCCGAGTCGCCACGTAAGCCCGTGAATCTTTGCCAAGGGATACATTAAGATGTTTTGATCGAAATGTCACTGTCACAGGTAGTTCACACACTAGGCTTCACGTGCTTCGGTTGGCGTCCATAATTCTTGGTGAGCTTACTAGGGTCCGCCTGGATTGCTGTCTGAATCCATGGGATTAGGACCTATTTTACCTACGATAAGCCACCAGATAGTGTGGGTCCACGGAGGGGTGTGTGGCCTACGATCCCCAAACTAAGATAAGCCATTGTGAAATTCGAATATACTCAGGGAGGCGGAGAAGGTGCACCTGACACAAAGTGGCCGATAGACAATCCTATTTTGGTTGTTGTAATTAATCGCACGCAATACCGCCAAGACGTGGTCTATACATCAGCCATTCTAAGCAACTTGATTTGGAAGCGACTCTCTTACGATACGTGATGACTTGTGGATAGTGATACACGTCCTGTTGCTGTCAAGTCACCCGTTCCATACCGGGTAAACACTTCGCTGTCTGACCAGATGACCAAACGGCCATCGTAGTTGATGACGTGCACCAGGTGCTCTGGCCTCACGGGCTCCAAATAGGCCGTATGCGACGTTTCGCGGCGTGTGCATGGCAACGTAGGCAACATTGGGTGTAAACGCACGCTGGTGGTACCACGATTATCCAGTGTTCATACTTTCTGCAGGCCGACCGCTCTCATATTGTGACTGGCATACTCAATGATTTACGAACAAAGCTAACTCACGACTAACACCTCTTGTGGCAGTGGAGCGTGGCCCTCACCCATAGATCAGTTACCACCATTCTGGTAACTCCATCACAATTGTGATTCAGTGGTGTGAAATGAAAGGGGACATCGAGGCCATACCTTAGTCTGGTGTCTTACTTTCTGCAATTGGCCTTTCTCTGTTCGGCAGCTTATGACATGTAACAGTATCCCCCAGTATGCCCGCCCATCTCCAGCGGACTGCCCCTGTCCTACAATCTCCCTCCCGGGCATTCCACCTAATAGTGTCATACTTCTTCCTCTGAGACTGAGGCGAGTACATTCAATACTGGGGTTACTAGCACTAGGGGATACAAACTTGGTACCGCTCCTCAGGGGAACCATGTCGAATTTACACGACCCCGTCGATCAGTGGGTCATTCGGACGGTTATGTTTACTCTACTGACAAATGACAACATCTGTCACCATACAGAATGAGGCCACCCCTCAGTGCTAAGGGTGAGGGTATGACGCTATTAGACACA,1878,50.43,Drosophila melanogaster
SEQ_325746,TGACGTCCTCGAAATCTTGAAGGTTTCAAAGCCGAACGGCCTTGCATAAACGGACTCGCACCTCGCAGGCTTGCTGAAGAAATACGGCTTCGTTCAGAACTTCTACCCCAACTCCGACTGCGCGCATAGCTCACGGTGTATCCGCTGTGCATCGAAAGTATGCGGACCTACTGACTGGGGTATGCTCCCTTGCCTACCGTGGGTATTGTGAACACATCATCGCACGAGCGAAAGAGTAAAGTTGCATTGACCCGGTGTAAATGACAATCCCGCGGCTCCCACTCGCCAATAGGCAACGTGTAGCAGGAACATGAGTGATAGATACGGCCGGGAGGAACTGATCTAGGTGCGGTTATTGATCCTAAGTGACATTAGGAAGTGTGACGCGAGAGCCCGGTGAGGCGCGACAGGAGGCAAAGCCGGTGATCGTTTGCATTCCGCTCAGGACTAAGTTGGCAAAACTCAAGGGGCTGTTGCACCCTGGCGTCAAATTTAATGACACCCGCAGTACGCACCTGGTATTTTCAGTAGCAACCCTCTCATGGCATCGTATGCTGCGTTAGGTCGCTTCTGAGCCAAACGCAGCCTAAGCTGCGTGAGGAGGACGATTGTGGGCGTCGTATCCCATAGTTAACGCTATGCGACATCCCGGGCAGCCCCTAATAACTGGACGCCGGGAGGTGTGCGACTGGTCATCACCACCCGGAGTGGCTTGAAGAGAGGCGACACACGAAATTCGATGCAAGGGTGCTGTAGATATGACAAGCCCCGCGCTACTCGCTATAGGCTGTTGCACTACGCCACCACAAGTTTCGCTTTATTTATCCAGGGCACAAAACAGTCGGGAAACACAGTCAATGTCAACGCTCTCTCTGGTCCCATATCTTCGGCTCATTGGCGCCCTTTGCTAATCCATAGTCATGGAAGAGACGAATGACGTTTCATTTGGCGCGACACCGGCTTTGTTCATGAGATTTAACCCGGGTAGTGATGGCTGGAACCGTTCAGCTTTAAATAACGTGGAGGTGGGAACGTGCCAGCTATGGCCACGCAGGGCTCACTCGGTTAATTCTATTACACCTGA,1084,52.95,Saccharomyces cerevisiae
SEQ_902547,TAAAACCTCGCTGCATTCTAAAAAAATTCCCTCTCTGCTAAATTTTCGGAGAGATCCTTACGCATAATCCAAGTGAGCTCGCAATCGAATACTGGCCTCATATTTATAACGGACTTGAGCATCTTGACCGATAGCTATTCCCACCGATTGCGTACTACCAAAGGGGTCAGTCAACGTTCAGTTAATGAATCTGACCGGGCGTGAGCGGTACCGAGTTATGCTATCGTAATAGATTATGTCGCCCGTGCGGCTATCTACTGGCAGGTATTTTGTCAGTTCGCTTCGACGAAGCTATTAACAAATGCGAACGATTACGATTCGAGCGCTCCGTCTTGTATAGCCTTATACAATTGGCGCTAAACGTGGCAAAAACTAGTTAGCGATTGGCGTAAAGTAGTTACGCAGCAAGCCA,412,45.15,Caenorhabditis elegans
SEQ_642953,GTAAGTTCCTCGTTACGCGCATCTTTGACACCAAGAGATGTAGCAGCCCTACACTGTGGTCGTAACGAGATAATACTCGCTGGGTACGACAGAAGCCGTTCAGTTCTTCAACGACTTCCACTAGTTTTTCACTTGCCTGCCTAACCATCGTGCCGAACCGGGGTCTATCCTGTTGTTTTCCGCGGCACAAGTCTTCAATCGTTCGAAGAAAGAGGCTCAACCCTGGGTAAAACGTATGGTCGTCCAGCAGGGCAATCGTAGACTACCATAGACGGATGGAGCCCATACGAATCCAGTTACCCGTGCCAGGACCGATACTGCATATTCGGGAAGTTAACAGACCAGATTTTTTAGTCAGAGAGACTCGGTATGTAGTTGCGGTCCGCCGTCCGCAGGTCCGTTCATCGCTGTTATCTTCTATAAGTCACTCCAACAGACGGGCAAGGTTGGTCCTTCCAAGATTTATCCAGACCCAGGACACTTCCTAAGTCGCTCGTGTATTATGTACCTTGGCTGAGCCTGCTACGCACTCCTATACGAATTGTCTAAGGAGGATTGCCTGATGCCTAATGAAGGACAGTGTGGGGGAAAGGTTCTCTGGCAAGGTTGGCGTGTTCGACTAGGAGCCCTTGACCAGAACCAAGACTGTTTGACCATCCCGTGTTTTCACATATATGGAACCCGTAAACGTAAACAGCCGACCACAGTCGGTATCCCATTTTTAGCATCTCCGGCGCGTTCCAACTTGATCTACCCTCTTTATGAGGCCACCAACTTACGAACTGTCTTGGCTTAGGCCAAGCAGCTCCGCCAGACAGTGCGAGAGCTGACCGTTATTTTGTTGGCATCTGACGTAGGCTTCAGGCTTGGCCTAATGAACTATGGTGATGCATGAGGTTCCACTGCAAGACATCACCGATCGCGACGATAACATACCTGGCACCTAATCTTGAGACGCACCCCTGGAAATACAGCTTGAGACGCCTCCTGGCTTGTTGTCTCTATGCGCACTGAGCTATAAGTGACGAACATGTTCATGATCACATGGGGAGGGCAGACCTGCGTCCCGCAGACTTAGGTCACATTGTTACCTGGGCATCCCGGCCAGCAAGGGGCGTCATCGACCCCTCGTATTATATGCTCGCGGCGAAACCTAATGTGGATCGTGCCTCTTGACTCCTCTGGTGCCTGGCGCAAGCAACTGATGTTTCATTGACGCAGTATTCTTAAGGAGCTGCCGTGTCCCGATCCATGATCCTGATACAGGTGTCTAAGCGAAACATACATTTGGTCCGTTAATATAATAGACGGCGGGCTAAAAAACCAGCCCGCGAACGCCGACAGAACATCCAGTCTACGTAGGAAGGCGCGGGAGAGGGTCGACACCGTTAACCTGCTCGTGCCTGTGAGATACGATGCGTAGGCGGCGGTGTGATTTACTTGCGTTTCGAGTAGATTTCGCCCCGCGCGGCCGTGCTAA,1480,51.76,Caenorhabditis elegans
SEQ_956672,GCCCGCCAGAGCTTTTGTTTTGATTTTCCGGAGGCGCTGATCTGGGATCCAACGAAGTATACTTCGGCGGGAACGCTTAAATAACAAGTTGCCTTGTCGCACGGCATGGATACGACGATTAGTTCTATTCTTAGTTACTCATGTGGATACCCGCTGGGAGCAATAAGACAATAGAGTTTTTACAAACAACACTATTAAAGTGGTAGATGATTCCAGGTAAGGCCTGCCGGGCTCCGCACGCACGCGGAACAGCACTAATGTTCGAAATTATTTGGGGCTCTACTAAAAGGGGGAGGAAGGGCATCCTCTACCACTGGTTTTCTGTTCTTTGCACCACTGGTACGGATCATGAATACTCGTCGACGTAGATCACGATATTCCACCTATACGACATCGCATTGACTCCTTGCAATTTGTCCAAGGCAGCATTGCCTATTCGGATCCGATGGTATGCGAGGTGTTATGTGTCGCGTAAGGTGACCCAGGCTAACGCGAATCATAGATTCATGCGACCAGATCTAGAAAGGTGAATCATCTATGTTGTAATTACCTTGCCTGACATAGAACGCACTTTTCTCCCCGAACAGTGTTCTCATTCGTATCCTTACGGCTCAGGCTGTTCTGCACTATACCGGTGTTAGGGGGTAGGGTGTAATGGTCTATTGAGAATTTCTTGCATGACCCCGCTGTTTATCCATCTAGCAGACTTCCGCCGTTATCCATGTCTGCATTGATCAAACCTATGTGCGGCTGCCAAGGACTCCCCCCGGAATTACAGATCTTCCCTTTGTTAGCAGTATGGGCAGCTTTTAGCATCACCGAACGATACGCCGACTCTAAATCAACCGGTATTCCGAATGAGAACAATTCACCGGAATGTTGTAATGGAAAGATTCCCGCCTTTGTTGCCAGACGATAGCTGACCCCAGCCATCCTAATACCTGTATGCTATATAGGTGCGCCAGGAGGGGAAGAATGAAGAAAGTTCTCTGACAATATAGGCTAACTAACATTATTTATTAAGAGTACCCTAGGCGATGCGTACGGACCATATGCACTGTTCACTACGGTGTAGCGGTAATTTTGTGCATACAACCGACCTTTACCTCCGCTCCGCTGATAGCCGATGTACGGAGTTTCTTATTTGGGGAGGTCCTGAAAGTCGAGACATAGTCGACGGCCCTGCTTACATGCGACAATCAGTCGTGTAATGTTCACGTTTGTCAACCAAGAAGGGTCAAGCTCTGGGACCAGCTCGCGAAACGCTTGTTCCGGTCGTGTGTGATTTGCCGGCCTTAGTATTCAGGGTGGTTGTGTAACCACAGCTAACGGACCATCCCGATGGGTAAAGGGCCTTAGGGCCTCAAGGCTATCTTGTAGCTTAGAGCTAATGCCTGCATCGCTACAGTCAGTGTCGGCGGATTGCATTGTGAGTGTGCTCGAACTGTATTGCGTAAGGGAGGGTAATTGGAAGCATCTCAAGCTAACATGAACCCTCTTAGGTTACCACTCTAACGCAGACCGATCGGCCGGTCTCCTAGTAAGACTTTTCGACGTCCGTATGAGGTTACCCTCCCGGTGGCATCTGACTGAACCGCTACCAGGTAGCGGAGCCTAGCGTTGCATGGCCTCTATCGGATTTCTCTCCTGATGGCGTTATCACCTAAGCCGAGAAATACTGCTATACAGTAAGGTAGTAAGCGAGGGATCTTACTAAACGAAGCGAATTTTCCCTATTATACTCTCAGGCTGGTCTGGACGATCCAGTCGCTGCGAAGTCACGAGATAGTCACGCTATCATCTCGAGGGCGGTTTATAGAAGACTCACGAGTGAAATTCGGACTGAAAACATAAATATTGCAATTAGTAGGGACATGCTATTCGGCCCTCGCTTTGA,1897,48.34,Caenorhabditis elegans
SEQ_473427,CAGCAGGTCTCACGCTATCGCTCACGTTAAAGCTTCACCCATCCAACGCCTAGTTATGCACTGGTCCCAGTTCAGGGGCGACCATAAGCGCGCCCAGTGTAAAGGTGGAATTTAAGCTCTCGGATTCCAGAGCGAATAATACCGATACTGCGGACGTTGAGTTGCCCACGCCATGTGCGAATGTACCTCTTAACGGTGATTCGCGCGGTGAAGTCAATGAGATGCCGGGGCTGTTCAGAGAATCAAGGAACCCGTAGCCCCACTCCGTCAACGAGGTATCGACACACGCCGGACAGACTGCCTAGCCATTAAGCCCCTCCACACATATGCGATGGGTCTCGGCGTTGTGCTACTGTAACCTAGAGGGCGTCGTTCTATCGGACCCAACAACACACTTAGTCGGCCCCCCACAGTACAAGGATTTGGCTTAGTTCGCCCACTCACCTCGTTTGAAAGCGGCTACAAGACGCTCCTCTAGTGACGTTCGATTTTCACACTCCCGGCTTGAAAGCTGCACTTGAGACGACGCCTGGATATGTCGGGGCGAATGCAATGAGGTTGGTTATGGTTCCGCTTATCCAAATTCGCCGCGTGTCTAAGTGCAGCGTGCTGAACAGAGGTACGACCCAACCATACCGCTTGAACTATCTTGGCACTGCGAGCAATGCAAAAGGTACCTTTCCAGATACCTCATACCTTAGATCGGAGGCGAGGGTTCGTACGACATCACCCGCACGTGGTAGCTTAGAAGCAGCCATCCACGGAAGTTTCCGTGGATGGTAGAGATGGCAATTGCGGCCCTGCAATGCAGTACCAGCAAGGATAGATAGTGAACTAAACCATTCCGCTAAACGCGTAGTCAGTTAAGAAGAGTACGCTAGATGCCAAGACCTTTTAATAGTGTTAATAGTTAGTTGGGTAGCAAAAGATTCGAGCACAGCATGGTGAATAGCCGACCTAGTACCTACCGGGAGAGGCGCCAGAATAGGCGATGCAATGGAAAGACAAAATATACATCATCTACATACTCAAACTCGCTGATTACAATAGCTCATTTGGCTGTATGTCGTGCGGCTTACATCCGAGCGATTAACGAGGGAAAGCGGTCACGCACGCTGCACCTAACATGTAGTTTATTCGTCTTCTCAAAGCCTTGACCGCGCCCCATGAGTATGAGTTCTAAGTCCAGTCAACGTGTCTGATTAGTCTCGGTTATACCCACGACCTCATCCTCGGGCTCCACATAAGCTCTGTTCCTTAGAAAATTGCATACTTACCAGGTACAAGATTTTCCTCCTGATTGCTTCGCGCTTATACATGGTTTCTCGTGGCATGATGATGTCGTGATCAGGAAAAGTTTATCTCATCGTCTTTCGCTCACAGTTGATCTGATCCTTCTCGCTAGTCTCACGAACGGGGTGTCGAGTCCGTCGACTTTGCCTAATACCCCAAGCGATGCTCTCCAATCCTCACGGTAGACTAGGAAAATCCCAGGATCGTGGTTCATGTTATCAGTGCGGCTTACAGATGCAATTCCATTCCAATACATTGACGTGTAGCCAATTAGCAGTCTTGGCCGTCTCTATGCGAATTCGCACACTTCCGCTGGCATTGGGGCATAGTCCATAAGCGCGTCGCTGACGCGGCCAGTCGCAACTATATCTCTCATGCGGATTCCAAGGAAATAATCTTTGAAGATAGAGCTTCAAGAGAGCGAGCATCGCGCCTTCACACCCCAGATTCCTACGAGAAAAACTCCCTCTCATGGTATTCGTCACTGTTAGCACTAACTGTGAGCCTCGTAAGCCGGGAATGCTGTCCGAAGAGTGAGTTGGGACTTGTGATCAGACAGAACCATGGACGCAGCTAGGGGAGTGGCTAGTCGCCCAACGCCGTCACACCTGACTATG,1910,50.63,Homo sapiens
SEQ_788339,TCAAATGTAGGATGATCAAGATGTCAGCTTAGTTGCGTATTGCAAAACCGCCGTCAATCACCGTTACGGGATGCAACTATGTCAGGTAAGGATCTCCCTACCCATAATGCGCGTAATGAGCCAAGCCCCACGCCCTCAGGGGAGTAGATTGCCGTACGGTATACGTGTGAGGTTCTGGGGTATGGAACTCTGGCGCCAGATGGATGTGTTCGCACTACCATGCTAATCGCTCCGGACCTCTTCAGAACAAAGGCAAACATTGCCTCGATCACTTTTAAACCAAGTCGTTCTAGGCGCTTCGAGGAAAGGAGTGACCTCAATGGCGGGATGGGGAGGGTCGCCGCTGCGTGCGGCGAAGGACTTAGCCATACCACGCTTGGGACTTCGTTGGAACGCAATAAACAGAGAGTAGAAAAATTTTTGCTGCGGACATGA,435,51.49,Caenorhabditis elegans
SEQ_396483,CTGCAAATGCCTAATAGGATGATGGTAACGGCCGCCGCCTGGAAATTGATTCCTTATCCAGTGTCGATGCGTCCTGCTGGCATAGAGCCTAACAAGACGGCTATGAGTCGGAGCAGTTTCGGACACACTCGAGCTAGGTCTGACAGTAACTCCTCTCATTGGAAATGACTAGCAGACGCGGGGCCTCAGATAGCATGGGGATCATCGTTCTGGACTTGTCTACCAGTCTTCTTCAGTGATAAGTTAAGCCCTGTATTAACCGATCCCGTCGCACTGAATGCCGTCTTAACGTCGATAAAGAAGTAGCCTCGCGGC,315,51.11,Mus musculus
SEQ_410864,CCATTCGGATAGCACGGATGTGTGGCGTGAGTTGCATAATCTTTAATTGAACCTCTACCTACTCTGGCTAGGAGAGGGCTGAAAGATACTAAAGGGTAATTTTCTGTAGCCCTACGATCTAGTTTTTCCGTAATCTCTGGAGTGGCTCTGATGGAGAGTGCGTCGTGGCGCAAGTGGTCGAGCATCTGGTCCCGTAACACTCTATGTAGATTA,213,47.42,Drosophila melanogaster
SEQ_481783,TAAATACGTTTCTGGCCGCCTTTCTCGCCGCCGACGGTTGCCGCCCTGCTCTACACGGGAGGTCTGCAATGAGCTTCCGTAGCCGACGTCGTAAATTGAGATCTTTTAGTTCTTGCAGTCGTAACCGACTTGCGTATAGATGGCAACCTGGGGAGCGGGCACCTCGCCCTCTGGGCGAGGATCATGAATGTCCTTAAATCATTGACGGTCGATTCACGGGTGCAGGGGAGCATCGGACAGACTTATAAACCCGGGAGGAATGCCGTTTAGACGAATCCTAATGGAGGATCTCCCTGTCACCTGGTGATGACCTATCGGTAAGTCATAGCGTAAAGTCATGCCCTGCACTGGAGAGGGGGCCGAACCCTGGTGGTGTGGGCCAACGGTATCCTCAACTTGTGAGATCCCGTATTGGATCCAAAGATACAGTCGCCAACTCTCTACCCACGTAGGCGCGATCAGATCACCGCCCAACGCAAAGGCCTGACACCCAGTTTTTTACCAATAAAACAACCCAAACGCATGCTT,528,53.6,Escherichia coli
SEQ_433838,TTGAGGTTTCCCACTTTAAATTAACAACTGTAATACTGGGCACGTGCGGCTGGTATGCGTCTTCTCTAGCTTGTCTTGCATGGTTGAGGCGATAGCACGATTAAGAGTAAGAACGTTGGCACTTACTTGACGTCGCCTGAAGGCTAACCGGGGTCTGCTGAGCCCCATGTACGCGGTGACTATATCCCGCAGCGAATTAACTGGCTGGTTTCGGGCTTTGCCTACAAACTCGCTTGGGAAGGTGGTATCCGGGCTCGCTCAGCTCATTCCTATCAGATTAGCTCATACCTAGAAATTAGTCACCTCTATCACTCCTGATGTACCTGCGTCTGTCATAACACGTACGGGGGGCACGAAACCGTTGGCTGGGTCGTACGGACGCATGAGGATCCGTCCGCCCAGTGAAACGGCCCCGATGTGAACCAGTGATTCCCGGACCATACTTCTGTTAAAGTGTCCTCTACCGCCTGGGTCCTGGCGGAGGTTATCAATGCGAGCGGGTGTTGCGCTTATATAGTGTGCGTACACTTTGGCCCAAATCAGTTGGGGGTGTTTGCGCTCCCTCGACCAACACTAGGACAGAGGTTACTAGTTAAATCCGGCTACATGGATCACTTGATTCCATAATTATCCCGGAAAGCGGCTTGATGCCGGCGCAAGGCATTGAACACACCCCACCTGCTCGCCTTCTATTTCAGTTCCGGTTATGAATGCGCCTGGGACTTACATTTTCAGACCCGCGTGAACGACAATGTAAGGCTTCGTTAGGTTCCCGCTTACCGGATGTGCGTCGCCCCCTTAATTCGCACACGGCATGATCCCACGAGGGGTACTGTGTTCTATCTCATATTCGTCGTATGCAATTTAGAGCACTAGTCGCTGCACATCGGTGGTTTTTCCGACCGTAGTTCGAAGCAGCCACAAATACCTGAATTAATGACAAGACCCCGCGTTGAATCGTACTTCCTGCGGTTGGATCTATTCGGGAAGAACGGTTTGGGCCATGTGCGATAGCCACGCTGGCCCACGAAACGGCTTGGAAAACAGGCTCCAACGGGTTTGAACGGAGAACAAGTCACTCAGGGTGCGGCTCTACCACACACTGGTACTTCCCCGGAGAGCTTTGAACCAGGTAGGCAGTAGCGATTGCAGCAAAATTCCCAATTAGCTTACTGCTCTCGCGTTATCGCTACAGAATGGAACTACTGAGGTGCGATAACAACACCAACCGCCATTGCTGGAACCTGCTAGAGCGCATGAGCGATTCTGGTTGCCGCCTAAGCAGTTCCGCGCACCATTATGTCTTACACGGTTGCCGAACGAATGATCGCGACGGGCGCCCGAATGCTAGCGAAGCCCCTCGGGTGGGTGGGCCATTGTCCCATAAAGGTATTCTTAACGGGCCCCGGGTGGGTACTTGAGGCAAGAAACCTCGCTTACGATTGTCGCTGTAGTCCGGGTCCTAAACCTGTTTCAATCGCATAGGCTTGCATTGTCCATGCCAACACAAGCTATTATCGTGCAGGACGTAAAGCTCGGGTGGATTAAATAGCAAGACCAGGAAGTGTTTACCCACAAATTTAAATTTAACCTTTGGATTGGTATGTCATAAGGGGAAGCCCGATTGCTGTATGAGTCTCAAACAACCGAGTGGGTCGACTAATAAAGCATGCCTCGTAGAACATAGTTGCAGGAAAGGGACTGCCCTCGTGCATCGTGCGGAGTCGACAGGTCCACCTATATGGGTTGAACCTATGCATTGTGTTAATGGTAAGTC,1777,51.6,Escherichia coli
SEQ_574163,TAGTTGTAAATACCAGGTACGATGTTGGCAACCCGTACGACTTCTCCTCCCCCGACATGACAAGATACTACTGATGTGAGGGCGGTAAGGCAACAGCGAGCACAATTCAGTATTTGCCCTTCGTTAACGCGAGAACCACACTTAGTTATCTCCTGGATGGGGCACGTCAGGTCTAGGGCCCATGCATATATCTTAGTTGTAGATAGATTTGGAGATTTGGCCAACTTCCGCTCCACCGTGATAATATTATTGGGCGTCCTAATAGTTGTCCTATTAACTTGAGCCGATTCGCAAGCCTAAAGGAAACGAGGCCCG,315,47.94,Mus musculus
SEQ_612980,GAGGCCGCGATATGATACGAACGGTAGTGTGTTATCGCTCGTTACGTAGGCTGTTTACCGGAGAGCGGCATGGGGTATATGCGCCAAGGAGTGCGCAATTGCTGTAGTACAGTAGGGGGTGCGTGAAAAGTCGTGCCTGGTCTCTAGCTAAGCTTCCTGTGTTCTTCATTGTGGCAGAGGAGGGTACGGGTCGCGGCAGAAGACGGAACAAATTCCTGAGTTACCGTACTGGTGCTAAGTTAATCATTAATTTCATGTATTGTTTCACGGAGTAGTAAAGCACAGTGACGGCATGGAGCAACACCTGGCTTCTACCTGTTGACCCTACGTTAAAGGGACAAACCTAGAAGGAACTCCTCAGGCCCCGCACTGACATGACGTCAAGAATTGTCAACCTGTACCCCGAAAGTGCACAAACTCACAGCGAGCATATGTGTGGTTAAGACTGGTCTAACGTGGGCTAACTGTGTCCGGGACACAGTGTGCTTAGGACACTCTTGCTCAGTTCGTTAAAAGAATCTAAAATTGTCGACTCGCGGGATATATCGACACTAAGGTATGCACGAGCGGTGGAGTACCTAAAATATTTGCCCGCCCTAGGCATGTACATGCGGGAACTCAGGCGAAAACTTATCGCGCGTTCGCGCACGGGAATGCGGTAGACCCGCTAGACTATCATTATCGTACGCGGTGTGCTACGGCTTTGACAGTTTTTTCCGAGGGATGCGTGCCCGATTGGCTCACAGGGCCACTTCCCTTAATCAACAATGCGGTGGTGTCGGGCGGCACTGGGGCCTCTGTAGTCCCGCTGCGACAGCGTCAACGGAGTGGCGTAGTTAGCTATAAGCGACCACCATTTATCGGATGAGGTGCTTATCTGGGGTGAGGGGTCGAGGAACTGGGTTTTCGTATTATACTAACACAAGGCTGAAGACGCATTGAATATCGGGAGCTGCCGTAGCTTGACGCGTATCGGGTACAAATTTGATTGAGATGCTCGAGAGACCGGACACATCAGCTTTAAGTCTAGTGACCTAGTTGTGGCAGGAGGGTGTGATCCACGAATATAAACATCCTACTCCTCTCGTCTCTAAGAAGAGTTGCCTAGCTTCATGCAGCTGCAACCCACGTGGTCCGATAACTGATGTTATAGCGACGTGGAGATTCGGGGCCCTCCCTACGCTATAACTCTTTAAGGTACTCCTCTTCATCCCAATGTTGAATTGCGGTTATCTTTCAGTTTGATTAAATTGTATCCCAGCTGCTCTACTCGTACACTAAGGCCGTGTACCGACTAGCCCTGCTGGCGCGAACGGCTCCCTGGACCGTGCGATCCTCTAACCAGGACTGCCTCCACAATATCCTTCTCCGGGTCGGTAACATCAACCCGGCTACCAGCCTAACCCTCGGGCCAGAGGTCTAACTTAGCTTTCGGGTAGCTCGTGGACCGCTTGGGTCTAGGGGATGTCGTAGGGAACTTGGCTTTGAGATACTTGTTCATTACATTACGCAACGGATCGTCAATGATGAGGGGTAGTATATCAAGGCAGCAAAGTGTGTGAAATACGGAACCTATGCACACTTTCGCGACTGGCGGACTTTCTGTCTTACTCACTATTTTCATTCTACTAGAATCCTGTTCGTAGTAGCAACCGT,1656,50.72,Arabidopsis thaliana
SEQ_213543,CTCAAGCATCTACACGATTAATAATATATTGGCACGACCGGAGTCGTCACTATTTTGACCCCTGACAGCGGTATCATGTAATCCCACAAGATCGGACTGAGATTTTTTGCGCCCCGAGCGCCTAAGCGGCAGTGGGCGTTTCAGGTTCAGCGGCTAAGTCACGCTGTAGCCTGCCCTTCGGTGTTCATGACTGCATCTGACCTTTTCGTGTCAAGCGAATTCATATCTACATTAAACAAAGCGGAAGCATTGTACGCTTTTTATTACAGAGCGTTGAAAATGTTACGTAATAACCACCCGCAGGGTCGTCTTCGCTCCCAGTCAGGGAATCGTGCAGTGGTCGCACCACTTATAATTGAACGACGGTTCACCGGTGATCAGACAGGACAGTATCTATAGTATGAAGATGTTATTACTAAGCCTTTGATGTCGCTAGGCGGCTGACGCATACTAATTCGACTGTCCACTCATTGATGATAAAAGATCCGACATAGGCAACATTTATTTCACTTCTGTCGATCTGTGCCGAAATCTTTCTGATACTTCGCATACGAGCGATACAGTTTCTTAGCTTTTTAGGAGGATAAGGGGCAGGGCCTAGATTAGATCGGGCAGAGCCATCCTTGAAAATAATCACGACGGACGTGCGACGAATCGAGCAACGCGGCACTCGCCTTTATTTACATGTCCGCTGAGACATATTCAATGACAAAGTCTACCCACGCGCCTGGTTTGACTTTGATTGCTCAGCTGTAGGCATTCCAGAGATGATGAATCTAGGAGACGGCTACTCCTGGCCCTCAGGATCGTCGTGTGGCAGCCTAAAGGCTAAGTGTCAGCGATTTTTGGTAGACTTAGGCAAGGGGTCAGCCCTTGACGTCCCGGGTGCTCTAACGGAATCTTAACGTCATCACGACATCGCAGTTCACCCAAGTGTTTCCTGTTTTCGGTTGCTTCTATGCGTAGGGGGCGGATGATCATGCCCTCATTAGCTAGTGATAGTTCAGCATCTCCCGCATAGAACACACAGGACTTCAACGTCGGGAAGGACGCGAATCGTGGGAACAAAAGCCACCAATCGTGGCCGATATAACATTTCGTGTGCGGAAAAGCCGCGAGTCCGCGAGCCCTAATAAGCCTAATGGCCCCCTAGGGCTCTAGCGGTTCGGAGTACCTGAGCACACAAACTTCGTGATCTACTAGCGTAATTCGCGCGAGTACTGCCCTGCACCTCCCATAGGGGTTTTTTTTATCGTGTTGGGGAGGAGTGCGTACACAGTACTGTACGAAGCCTTGACCGCAGTTTACGTTGTAGGGCTATCGTCATCTACTCCCTCCCAA,1341,49.44,Caenorhabditis elegans
SEQ_609564,ACAAAAGCCAGAGCGTGCATGTGAATGCGTCAGTACCGACGTGTCGATCATCAGTGCAAAGGTGTGGATTAGGATTAAGGTTGATTGATGTATCCTGAGCGTCGTTTCCCATTCGGAGTTTTAGTCCACCTGGTATGTAATTCAGGGGATATTACACTCCCTCTAGACCAGTCAGAAATCGACCTCTACTGCCTATTAGCAATCCCCCCTGCCGTTTCTTGTGGATCAGAGAAAGGGTTGCTGGTCACCTTGATACAATGGCGGCCCTAGTCTTAGTTTCCCTGGCGTGGTTTCCGAGTGGACGGAGATCTGGCACTGCTC,321,49.84,Escherichia coli
SEQ_467107,GTGCGCCTATAGTTCGAGCCAACGCACGGTGCTGATGCCTCAAGCCGTCCTCGGAGGCCTAACTGCTTTACACGACAGCCAGTAGCAAACCATCCTGAACCTTCCGCAGAATACCCTGGACTTTAAGTAGGCTTAGAGCTCTTCGGCAGGGCCGCTGAGCGTCGAATTTGCAGCGTCGAACCGATTGCACCAACACTCACGGTGATGTTAATTACAATTTGTTAGGCTTGCTAAACGTGCGGTGCTGCGGGTTACCATTGGATGGCTTAAATCCACAAACGACAGGTGTGGGGAGATGACCATCCCATCAGGGCTGACGCACAATTGAGCGGATCCTGATGCACATTTCTCCAAGTCAACGGCATACGGCGAGACCGGAAGCCGACATTAGTAGGCGTTGCCGGTTGTTGTGCCGATAATATGAAGAAGGGCTTAGCTCCAGCGTCTATTACGAATGCAAAACGGGGGATGAGGTAAACGCTCCCAGTTTGTGGCAAACCTCAGCTCTCGTATACATTCATTCGTTGGGCAACCTGATAACCTCACGTCACAGTGTGTTTCGTACCTGCCTTTGCAAAGTTGCCCTGGTTGCGTAATGGCGCGATTATATCACATCTTTTCCCCGTCCCGCAGCGCCGCCTGGCCTATCGGACCGTGGGGCTTACCCACACAGCACCAACGGCCCGGCTTCATGCAGTGATTCGTGGCTCGAAGATGTAGAACAAGTGGCCTTTTTGGGAAATTGAAATATGTTACTCATTCGACGCTGAGTTTGCGATCGTGCCCCCACTGTCACGGAACAAGTAAGGCTCGGAAGACGCTAAGTCGGAAGGAGTCCTCCGGGATGCGATGGAGATGCACTACAGTATGCACTGATCCTTTGTAACCCACTCGGCCCTCCATCTTCTGTGGTTTAGATCTACTGTCGAGCGTGCGCCATCCCTAGAGGACTCCAACCCCACGACATATTTCGTGTCACATGTCGTTTCAGACTGCCGCATCTCTTCGGGTGTACGTATATTTACGAAAGCGGTAGAGTGACTTGGTATGATAGACGAGTCACTGAAGCAAACCGGGGGCGTGTCCCTGAACGCGTTCAGGGGACCGACCAGGAACCGTATATTAGTTTTAGCGTATATTACGAAGGCAGATATCGTGTCAGGAAGGCGTGTCTTGGGCCGTTGCTGCAACCATGGATGGTCACGCCGGAAGTCGACGTAGGATGATATGGGCAATTGTCACCATTGGCCGGAAGGTATAAACCTTTACGACCGGTAGCAAGTTCTAGGTCCTCGTTTATTTCACAAGCCTAAGGGCACCCTCTCATCCACTTGGGGCTTAGGATTTGGATACCAGTACACGTCTCAGCTCAAAATCGGACCCCACAATTTCAATACAGTTAGAAGTTCGTGAAAATTGATAAACCATGTTGTAATGGCTAGCTTACCATGTGTTCGTGGGATTCTATAGGCAATAGCACATCAGCACTATGCTGCTACTACCCTCGCGTCGATACAGTGAGCTTCCAACGTCTCTTGTCGCAGTTTGTGGAATCATCGCGGTATGTCGCGAGAAGTCGGGTGATGGTAAGGGTAGGTGTATTTCTTAGCCTCCAAGTGCAATATACTTGTTCGGCACCTACCATCATATTGGCATCCGAGCCAAGCAGCCTCTCATTCTGCGCCATTAGCGGTCCGCGTGGAGTGTCAGCAACAGGAGATCCACCTGTGGCCTGAGGTCAGGAGGGGTAGAGGCCATCGCATTATAGAGAGGAAGTGCAAAGTGGGTTCATCTTTTGATGCAAATCTCTTCATGACTTAACGAAGACTGACCGGACGGCATAG,1844,51.3,Escherichia coli
SEQ_505972,ACGGATAAGGAGTCCGCGGAACCTGAGCAGAAGCGAGTTTCTTAATGAGAGGATCGGTGCCCCAGCGTATCAGGGAGTGCTTCTATAACAGAGAGTTAAAAATGAGACAGGAGTGATCTCCGAACGAGACTACTTTCTTACATGATAAACGCTGGGATCATCGAATCATTGGGACCCTTACTACGACTACCACAGACGTATGCATACCGCCTGTAGGACTAAGGTGAGATATGGTAACCCAGTTCAGGGCCCAGCGAACTGCCTGTGACTCGATGCACCTACACCATGTTCGATCGTGGCTAGGCGAACTGAAGTGACGCAAGCGGTAGTTTGTCGTCAAGGTGGTTGGCGACCGATGTTGTGCCTATATAACCAAGGAAGGTTGCTTCTAACGCCCTTTAAACCGCCGAGAAGTAATGGGTGAACATATTAGATGTGCCAATCTCGATCAATTCAATAAAAAGTACGCGACGGGATTACCATGCTTTCATGCCCTCAGTCTAACCAACGGACATCGCATAAGGTACCTCTTTCTCTGTACCGCTGCGTATTCCGGGGAATAGCTCTCGGAGACGATTTCATGGGACGGTATAAGCCGCCCTAGCCGTTGCTCATCGCATTTCCACCTTTGGTTTGGCTGATGGCTGGCGTAAACACATCTCGCCTCAATTTTTCTTCGCGTTCACCGAGCTGCGCAAGAGTGGGGTTCCGTATGACGTGTCAAAGATCGAGCCAGACAATTCTACGTAAGAGGAAGTAGAAGCTGACGCGGGGTAGATGCGGCGCGCCTAGTTACCCAAAGGTTATAACATACCTCCGACGGCTGCACGAATACGGCACGTCAACTGTAGTCTAGATATCATGCGCTACGTGTCTTAGATAGGTAGTTCGCCTCGCCGTGGACATGGACCTCCTATGGGACCGCCATAGGGTTTAACCATGAGTCGACTTTTCGCGAATGCGATCGAGAGACTAACGTGGCTCAACTCGCACGTAGTGATTCACCCTGTAAGCGCGCTGAGAATAGCTGCACGTAGCCTGTTTCCGCAGGCGTAACACGCCCAGGCAGCTAGGTGCGCAGCCTTATGCGTGTAGATTGCTTCCAATTGCATCCATGAGAACATTGACGGGAGTTAGTTGTGGGTCGCATCAGGGTCCGATCTGCGCGCGTGGGAATAACAAAAAATGTAGCTTTGGCGTTCAAAGCATACTGACCACAGTTATCGATGGGCGCCTAGGATAAAAACCGAAACATTTCAGCCGCCAGCGAATCTTCTCACATTTTTGGCATATTTCATATATCAATGCGACTTCCGGAGAAGAACATCCTTAGTCCTAAGTCGCAGGTTTCCAGCGTATAAGTCCATAAGTGCGTCTCGATCAGAAATCGACATGTGTTATTTGAATCGTAGTATAATGCGACTACCCTGCGCCCCTGAAGAGGTCAAAG,1450,49.86,Arabidopsis thaliana
SEQ_915731,ATCGTTAAAGCCTGTTGCATAAGAGGGACATGTTGGATTCCACGTTTTGCTGCCCACTGGCGTGAAAAGGCGGCGCAACGCGATATTCCGCTTGGGTCAATTCTGAGCAAATTTTCGACGGCTACCTCAGATGTCCAGCCATCAGGTCACACTATCGTCCTCACCGGAACGTCTCGAATAATAGAGCTACAGGTACGGGGATCGCGCTAGCTCTGAATTGGGTACTTGCCTCACAACCTTTTTGGAGCCACTTAAGATGCCTGGGAATTGGATACGGGTCATGTACGGCTAAAGAATTACATCATTATCTCCGATGCTTTGCAGAGGTGGCGAAAACCTGAATTATTGCGTTAGGCCCTCCTGCCCCAGTGCCGGAGGAATGCCACTACGGCTGCCTGTATCTAAGGATCGGGCAGTGCACGTGTTACTGGATGATGCCATTAAGCGGAAACGATCGTCGTCGGTAATATCAGCCAATGCGAGTCAACCTTGGCCGAGAATTCTCATGGCGTCGACCGCTACGCTCTAAAATCGGTGGGTCTGAAAATGATAACCCAAACTTTCGGCCGTCAAGGGCATTTATCCCCTAAGGGATCAGATTGTAGCATAGAGTGCTATGAAGCCAGTGGCAGATATTTCGATGACTCTGCGGCGTCGTTGGTAAAAGCAACAAGACGGGCAAAAGCCCGTGCCGTTACCTTGCTTACGGCGGAGGTGCAATGTTAAAGCCGTCGTGGATCGGCGACGGACAAATGGCGTGAA,762,51.18,Caenorhabditis elegans
SEQ_483181,GCAGGTAATAGCCACCTGAACCAAGTGTGATTCTGCTGGTTCACCTCTTCTGCAAGTCCTTCTGTAATCCGAGAGCGGTCTACCCTCCCAGCTACTAGGTGGGGAGTGTGTATTTATCTCAAGGAGATAGGTTCTAACCAAGGGCTCAACCGCAACTCTCGTAGAACCCAAAAAATACATTTTGGAGCAAACATCGAGCTATATATTTATTCCGGCTACAGTGTGTTGAACCACAACACCAAACCCCAGGGTAGGGATGTCTCCCAAATCAATTCATCAGCGGACGTAGGACGCTGGCCAGTGGATGTATCAGTTAACAAATACTAATCTCCGACTGCCGTAGGTCTGCCAAGCTCAGCGGTTTTCGACGTGTATATCGCATGGCTCCTTATCAACAGAATAGTGATAGACCAGACAATGTCGTCTGCTGATGTAACACCCTAATAACAATTTTGCATTTAACCCGTTACTGTTGCAAGGGAAGTTTGACGTAGTCACATTCTCTTGACTGTACTGACGCACTCGTCAAAGGATTTTATTACCGACATCCTCTGGCTCCCTGTGCGTGATACTATTGGCTTCTCTTGTATGACCCGCGCTATTGGTTCCAAAAATTGGTGGACTGGGAGAAATTTGTGCACCGCTTGCTATAGCGTATACCTACGGCTATTACATGACTTTAGTATATACCAATGTCCGGTCGGATCCAATCTACGACTGGGACGGTAGGGGGACACATAACATATCCACCTCGAAAAGGCCGATGGAGCTAATCACGATCTCCCGTAACGCGCGAGTGAGTAGGTAGATAAATAATAGATTCTTACAGATCTGTACGCCTTCACTTCCACGACAAGCAAACTCCGCATGTCGTAGTCCCAACCCAGGATTTTGGATCAATCTTGTGATCGACTACAGGGGCATGCTTCTAAAGACTTAATCCGAATGGGGTAAGGTCCTCGTCGGGAAGCCGACGAGGAGACTCGAAAATCTTCAGCTACGGACATTAGGATAAGCGCCAACCATGAGATTCTGCATGGAGGGTTAGACTCGGCTAACCCGTGCCTCAATATACTCTTACGTATCGACTACAACGTTGCTGATGATTCACTAAGGGCCACGTACCCCCATCCTACGTCCCTCCTCTTGCGCATCAGTCCATGGATGATCATGTATGATAACGGAGAATAATATGTCGAGCACCTTGGCGGCCAAAGACTCGTAGGAGGGGACATATCTTGGGCTTTTTCTAATCGTCAGGATAATGCACCCCCCGCGTTGCTCTCACCCGCTCGGTTTTGTCCCAGTCGATTGCTCGAGATTAAAGCGCGACTGTATGGCTACAACATCAAGGACGCGCCCTGGTCCATGGAAGTGAAGCTCTGCGGTTTAAATGCGGCCTAGGCCTAGAGAATATATTTTACGAGCTCTTAGACCCACAGAAATTCTGAAATCTGAGTTGACACGAATCCCGCACTACGCGTTGGGCCGAGAGGA,1497,48.16,Drosophila melanogaster
SEQ_396470,CTGGGAAACGCGTTGGCGCTGTACCATCAAGTCTTTTGGCGGAACAGAAGGGCGTTCCCGATGTTGTTTCAGAATTGGGGAATCCGCTACTTTGAACCGTTCATATGAACAGACTAGATCGCGTACGGGAGCCTTCTAACGAAGGTTGTCGACGTCTTGATCCTAGTACGCCGTTCAGTAAGAGGCTTTATGTAAAATCTCCGCTTATAAGGTCCCCCGACACAGGGGTTAGTTGAAATCTCAACTCCCACGCCTTCGTGATACGCCTCCTAGATACTCATGCGTGGTCACTCAGTGAGGCGACAGTGCGCAGCGGTTTTACGGTATACCTAAAGTCGTCCTAAGGCACTCTCGCAAATGAGTAGGCTCTTGGATGGAGGGTTTTGATCCATGTCCGCTTATACACGGCAGATTGGGTTGCATCCGATTTCGATAGTCGGAAAGATGCCCGACGATAGAGATCCAGATATGGTGGGTACTTCTCAGCGTCCGTCGAACACGCCAGGACACATTTGATACTAAACCAACGCGTAAACGAGTTCATCGCCAAGCTAGTGGGTGTGAGAGTTTCGAAAACACAGGCGCCTGAAGAGACAACTCGGGGTCATAGGCAAGCCACTATCCAGTAATTCACGTCGAAAGATACACGAGGCGTGCGTGCTTCTAAAAACGGCCCCAGCATCATTCACCTAATGTGGTCAACCAACTTCCAATTTGGGCTGGACCCCAATTTGGAGCGTACTTCTACTGGATAATCAGTTTGACAGTAACGGTGTTTTTACCAGGGATACGTGTATTATTGACAGGGTAACACGCTTTCCAGAGGCCTAGCGTCAACCTTATGCTGATGATCCAAATATAGGAAGCGAAGCACGTACTGCCTTAACCTATAATATTGGTAGAGAGGTTTTGAAAGACGAGGGCGTGCCGCAGCCG,936,49.36,Caenorhabditis elegans
SEQ_803511,CATTATCTCACCAAATTAGGCTCACTGCGGCCATCGAGGTTATTTACCGCAATAGATAGAAGACCTCCAAACTTTCCCCCGTCTTATAATGTTAAGAGATGATATATCACACCTGACAATCACGATATTGCCATCGCCCAGGCTACATAGGATAAAGCAACCGAGACCCGGCCACGTTTCAAAGTCACACCACAACTAAGTAAACAGATAACTAGGGCCTGCTAACCCTATGAAAGAACATTCCCCTTAACGAAGAAGTTAGAGAGATTCAGAAACTTATGGAGGTGAACTGTGTTTCAGGCGGTGATGATCTCATTCACCCTGATTTCCCCCTAAACCAGTGTTCCTGGTCTTTACTGTTACGGACCACTTAGATACGGCCATTCTATAAAGTTTCCTACCAACGGTAAGATTTATATTTTATGTTGGACGGGCGAGGTGGCATATGCTATCATATTAACTTTGTCAGCCTTGGTTTATGTCTACGATTAGCCTAGGGGCCACTACCATACCAGCCCTAAGCCAATTATCGACACAGGAAAATGGGTTAATCGCTGCACGGATCTAGAGAGGTTACTCTCAGAGCGAAGTCCGTTTCCAGCGAGGACTGCAGAATTTACGTAAACAGTTGGTTGTGAAACCCCTAGGCCCCCAAGTCTAAATCCCCTCAGTTTATCCTGATACTTTGTGTTATGTGACGGATAACGGCTGGAACCAATCCAAGATACGTGCCCACGCCGATGACACATCCACCACGACCTGCTTCAGTCTTACGCGGCGGTAGTTACTTTTACAACCCCCCACCTGTTTGCCCTAGCGGCAACACAGTAGAGCTCATGGTGGCCGTTAAGTCGTGACAGAAGTACCATGTCTCTTACCGCGCCACACCGGCCCTGTTGAGTCTAGTTGTTGTCGGCACGCGCCCCTTGTTGAACCCACGCTGAACTTATTCCGGATGGTCAACCTGTTCCACAACATCGCATCACAAACCACAGCCCACATGTTCCGAACCGGCGAGGTATGTTATCCAGCCCCTTGACCGCTATAACCCCGACCATCGATTTAGACCACGACGAAGCACGGAGCCCCGATTTCCGTCGACACTTTTGAGACGTAGTTGACACGGTGTAGTTGTGAATCAAGTTACGTATAAAAGCATGGATTCGGGGCCCAGAAGTCACACTCTCGCGTGCCACAGACAGCTCAATACGTCTATGCTTCGTTTCCTATGGCCAGAGGTTCCCGGACCGGTACCGAAAGCGGATTCCCCGTGACCTATGAGGACGTACCTCCGACTTGAGGCCTGTAATGTTGCCTTGTGGGCATTTAAGACAGAACCTCGGGATGATAGCCGGTGCAATTGCAGATTACGACCTGCTCGCACTGTATGGTTTAAACACTGACAAGGCCGAAGACACCTATGAACCGGACATTCTTACATCCGGCCCGGAGCTTTGATTCGCTCGGAGGGAGGACTGAGGAACCACTATCGAGAAACTGAACCTTTATATCCCGAGCTTTATGGTAATAGTCCGCAGTAGGAGAATAAAGTCTGGGTTGGTCATTGAATCCGAAGTGTTCAGACAGTATATAGAGTCGGTCCTGCATGACGCAGGTAGTTACGCATCATCGGCTGCCGGG,1641,49.18,Caenorhabditis elegans
SEQ_651348,TCAACGATGTGTCTCGGTAATGTTGCGCGAAGGTGGCTAGCTTATGTAACATACTCGGCGACGCGTTTCCCCGGGTCTACTAATACTTGAAGGCATGCGAGCAACTAGTTCAGTGGGTTTTACGCCTGTCATATGCACGTGGTGGGCCATTCCAGACAGTCAGTGATTCCGACCCTTGTGTACTCGCGGACGCCGCCAGTGAAAGTGTATCTGTGCGGACCCTGCGGTTCGCCTCTCACTAAACCTACGAGGATTCAGTTTCGAAGTGCTGAGTAATTGCATCGGGACGCCGCCATCGTGGTCAATTAGATGCATAGTGATTCAATGCCAAGCTATACGCTCCGTATATCTTAGGTAGCTGGGACCCTGTACAACGACCCCATGGAGCGTTGTCAGAATCCAACCTCGGGACGTCCGAAACTCTTGCGTGCGTCCTTGTATATCGAGACTAACGTGGAGTGAACGCTCGCGTCATATCACACACTTTTACTAGATTTCGGTAGGCGAGCCCCAGAGTTCTACTTCAACTAAACGCTTGAATCTATGGCCACTTGCTTACAAGGAGATCGCATAGTGGAACCTGTCATCACACCGTTAACCTGAAGGACCGGTTGCGAGGATGTGCACTACTGCGTATT,638,51.1,Mus musculus
SEQ_687929,AGCTCTTGGACGCTGATCGAGCTACCTATACGGGGTACGGAGGGTAGGCGTTCAGACTAAGAGACTGATTCAAACGCGCCGCCTAGCAACACAACGTCCATCCTTGGCAGAGAATCTGAAAGCGGTTTAGCCTGGATTTCTCCCGTAGCTAACGATGAGCATGCGAGTATAAATGAAATGGATGGTTAGACTGCGGGACCTCCTTACATACTTCGCAAGCGCGGGCGATGTGGGCTAGGAATGAAATGGCAGACGTAGCCCACTATTCGGCTGGTCGATCTCTTTGTTCGTGTCTGGCCGGAAGTTTCAGAGGCGATGTATCCATCAACTCTACGAGAAATTGGGTTCGTCCTAAGAAAATTGCTTTATGTTGGCGGGGCCCTTATCTGGGGACCACATGCGCCCTCCTTCGGGGATAAAAAACACGAGAATCTATGCAAGTTCAGGTAGTTTTTACCAACGAGCGTTTAAGGCGGCATCTTAAGGGTCTGGCCGTTTGACATGAGGGCAACTTAGCCCCTGTGAGTCGCCATCATGTCAGTGAGTCCGAGATAGAGATCGATACAATACGCGGGTGACGCTAGGCTCGGGGCTCGCAAGACGTCTAAACATCCTTTCATCCTTAGGCATTACCCTCAGTAAGTAATCCACAAATATCACGATTCTGAACTGTCTGCTCTCAGTAAAACCATTTGTGTTAGATATCAAGTGAGGGGGGAGACAAGCAGGGATCGCAT,737,49.93,Escherichia coli
SEQ_778384,AATGAGGCTACCCTGGGACCCCCCTAACAGTTGGCTCGCTCTCGCGGATAACGGTTAATGTGTTCATCCACTTCGATTTCTTGCGAGCTGGCGAACGACGATAGTTGGTCATTCAGCTAATTGCAACGATGCGGTTTTCTGTTAGACGTGATTC,154,50.0,Mus musculus
SEQ_122702,TCGGGCCCCACGATATACCAGATTGTAGAACTCAATTGATTCATTTGAGGTTGGGGCTACGGGTCGTAACGGTCACTTGCGATCTCAGGATTCGCGCTTCCAACAACACAGGTCGAACAAGATCTAGTGCAAACGTTACTAGAAAGGGATTCTCGGTGACGCTCGACGGAGCGCTTTCTCGGAAATCCACACGGAACTGGTGCCCCAAAGAGTTAGGTAAGTTGAGGTAGGGGGCAGGATCCTTTAAGTTTGAATTTGCCATGGTCGTCCGTCTCTGCCGTGGCCGCTTTAAACATCGACTCGCTTTTGAGGGTTAAAGGCCGCCCGGGGTTCTCGGCGCCCATCACGGGTAACACAGGACCCATCGAAGCGGGTCACGTCAGCTAATTTGGTATCATCTAAGATACTGGTCTGGGAGTGAATTCAGCTCAGCCCCCTTAAGTTCCTATTTGAGGGTTTTTCTGTCTGCCTAGCAGTCAGAGAGATAATCGCCTGGGGAGTGTCCATTTAAGGTCACCACCCAGCCGTAGCTAACGTCTCATAATTCTGCTGGAATGCGTATTCGCCTGTTAATGACGATTGGGTTTTAGGAGAAGGCTTAGAGTAATGAGCAGCTACCCTAAATCCCCTAGATACTTAATGTATCCTGGTCAGTAATGTCATACATTCTCGCGCGAAGGATTGTCAGCTAAGGTGATCTATTATGTTGAGAGACGCAGTGAAGGGCCCAGTAACCGCATTACAACGCGCCGGCTAATCTGGCTCTCGCAAAAGGGCACTTGCGATGTGTACAAAAACCCCTCAAAGCGGGAAATAAGGACTATGCCGATAAGCCGCCGATGTCGTTAGACACCCCACGCTAAGAGTAAAGAATTGTGTAGTCAGTTGTTTTCTGGCGCATGTCTGATGCGCAGAGTTGTGTAATGCTGCGTTCACTTCTAGATGCGACCCCAGTCGGGAACAGCACAGAAACGAGCCGAGTAAAGCTAGATACGCCGATAAACAATGTAGGCTCTGTAAAAGTACGGGTAATTTTGATGAGGACACCAGCTGCCTCGGCAAGCCCAAGCCCATCTTCCTAAGATCACGACATAGTCTTATTCAACCATATAAGAGTTTTCGGTCTTGTCGATCTTCAAGAAATTCCGAATGGCATGGGTG,1161,49.18,Mus musculus
SEQ_342588,CCGTGATCACACATTTACGCGCTGCGAAACGTTACGAGATAGCTCCGGCGGTCTCGATTCGGCGTACCTTGCAACCTTTTCGCTTCGCACGCAGACAATGTAGCCAAAAATCGTTCCCGAATAAGGGCCTTGACGGGCTTGCTTCAGCACTAAGAGATCGGGGACCTATCTAACTGACCCCACTAAGTTAACACAATCGGACTTTAATTACACCCAAATATAGCAAACTCTAATTCTAGAGAGCACTGGGGGTATTCCTTGATTACTACAATATATATTGCTTGCATGACTACGTACATCTGATAGCCTCAGATGTAATTTCATGTCCGACCTCA,335,45.97,Saccharomyces cerevisiae
SEQ_665727,AGTCGATCTAAACGTCTGATTGCGCCGATGAACGTTGTGCACTCATATACTAGGATCTTAGGGGACCACAGTCGGTGGCGAACCAGAGTGCCCCGAGCGAGTTAAGGGTAGTGTCCCAGTCGCGCATTTGAAGGAAGACGTTGGAAAACGCTAGCACGCTGCGGATAGCCGGCGGACAAACACTTTCCGAACCTATTCTCGCTCGAAGGTCGCCCATTCCTTCCTTACTATGGCTCATCGCTGCGAACTCATCGGCAGGGGAGTCGTGCGGGTAGTCCGATAGCTATGGGCAGCGCGCCAAGTCGGGCCGCCATTCTATACGTCTCCTGGGAGTATATATAGTAGGAACGTACAGTAGTAATTCTTAACCGATATCAGTGATTACTGCCTAAGTAGATCTAACTCCCAACAATACAAATGCGAGCCCGAAGCCTTACTTGGGTTACTGACAGACCAACAAAATTAGCGTCTCGACTTTCCGGCAAAAAACTATATGATCTACGCATGCTGCTCGGCGTTAAGTTGAAAGAACCTTGCGTTCGATCCAGCCTATGCTGACCAGAACGGGTTCCGTAGGAAAGACGACTATTCTATGGACTGTGCATCGCTGAAACGACGGAACACGGCTGGCGATTCGACTGGTTGCACCTTCGATACACCTACTGTCCTCTGAATCACATCAGGCAATAAAGTCGGATAAATTCGGCCTCGTCGCGAACTACAGAAAGTAGGGGAGTATCGGTAAGAAAATACGTGATAATTAGATTATCGGCAGCAAACCCGCGTGAAACCAGGTGAGAGGCACCCCATCCAAAAGCATAATGGTAGAGGGAACCCGCGTTCGGTCTAGAACGAGGACGTCGTACGTTGTGCCGGTCTAGTCATAGTCAACCAACGTATACTCGGATCGGATCGGGATAGCGCACTTAGACTGAGACGTGG,942,50.74,Caenorhabditis elegans
SEQ_140830,TATCAATCACCTTAATTCCAATGTTCTTCATCCTACGGTAGGGGTCAGATAAAAAGCTATAACGTAAGACACGTGAGCCACCACCACTTTCCAGACGGTCAAATGATCTATGAGTGTGCGGTGATTTTGGGAAAACTAAGCCGGTGCGGTAGCCGACTTGGTGAGCTATGGACACGCCATTCCCGGACTCAGGCGTTCCCTCGATGGTGACTCTCACGAGGATGAAGAAAAACAGTTACTCATTCTGAGGATGGGAGTGTACGCCGCGATTCTCCGTCCTGGGCCAGATTTTAGTCCAAGCTTACACATGCACAAGGACTAATCACGTTGGCTCCACTGGCAATCTTACGTAATGGTTGCCATCCGGGACCCTTATGCTGGCAAGCTTATCACCAAAGTGAGGCAGTGAGAGCGCGCCTCTTGAGGTGAGGGCAGGATATCAGAGTCCTAAAAAATCTTGACCCCAAAGAAAATCAGGGACTGTAATACTACG,493,49.09,Homo sapiens
SEQ_765260,TTCAATTAGCGGCTGTTAGTGCATTAATCCCTGGGGACGGAGTATTCGGACGCGGCGCGTGTCACTAAGTAAACATAGTTTGACCACAGAAATGGGGACCGCTAGAGTACTAACTAGCCATGTGTCTCGAGCAAACGGCTTTACGTTACATCGTAGATGCCCTCGTATTGCATCCCCACTGTCACAATACGTGAAGGGATGTGAATGACTATGGCCTTAAGCAAAATACAACTGTACGAGCTTTACCTGGCCCAACTGGCATGCGACACAGTCTGGTAAAATCCCATGCCTTGTAGCCAAACTAGTAGACTGATGCACTGGGAACGGCGAAGATAGGTAACCAGAACCGCCCAGCCATAGCCTCCAGCTTATCACGCGATAAGGACTACAGATGATTTGTAAATATGTGCACGCGGGTCAACATGGGCGCTAGGCACCTTGAATCGGGAGAGTCCACCCCGTCTGTGATTTCGTGTCGCTTTCGATAGCTCCTGAGGACCTTAAGCGCCCCAAATTGCGACTTGGGCGTAGCTGTTTCGTGGCTAACATTTCTGATAGGTTTACCACAACAGATTTTGACACGAAGTGACTCCAAACATTTGCAGTATATTTCGGTCTCGCTAGCAGTAACACATGGGGATCGCTGGCGTTCGGCTACTTGCCGCGATTAACTTTGAGTCTCTATCAGCCGTTGCTCGTCTCAGCGTGAGCTACCCATTGGGCATGCACGAGTCTTAGGAGAAGCTAGAGTCAGCCATTGTTATGATGATCGCGGAATGGCGTAGTTAATCACCAATCAAGATCGTATTGCCTCAAGAACGGGATCGCACAGTTGCCTCCCGCGCATCACTTTTTAGCGGTACCATGTCTAAAGAATGATTAATCAATCACTAAAACGAGTAATCGCACAGTTGCTTGCCCTATCTCCGCGCTTTCTCGTGCCGCCAATTTTGCTTCGGTCAAGTAAGAACTATGGGGGCCATGTAGGTACCGAGGCTTAAGGGTGCTCTAAACGCCTCTGAAGTCCCAATTTGCGTCTTAGAAAGCTGTTAGGGTACCAATTTATTAAGGTTTGGCTAGACCAATCTCGCACTGAGTTACATCCCCGAGATTGCGGGCTAACAGT,1126,48.93,Drosophila melanogaster
SEQ_323973,CCGGTTAGGATTTACACTAGAAGGATTGGCGGAGTTTTCGTCTTAAAACGGCGAAACTGTTTATGCGTGAAGAGAGTCCTGAGTCGGGGAGGAACCCCACACTCGCGAAACCTAGAGAGACGCGGTGGTTTTTTGCAATAGCTGTGCCCCACGCCGTGTGAACAAGGCTCGAGACTGAGGTTGGTACTCCTTACTAAAGAAGACGGCGTGTTAGGTCCATTGTAGTTACAAATTTGTGGAGCATCGATCCCGATGAACAAACAGATCCTGAGGTGATCAGCCCTGCAATGCAAAGCCACGATACGGGACGTCAGTCCTACGCGTGTATTTACCATT,336,50.0,Saccharomyces cerevisiae
SEQ_748162,AAGCTGTTAGTCTTGATGTGCGGGTACGATCCACTACCGAGCGGCTCGGAGTCCCGTGCACAGATGTTGGATATCGCGAGGATTCCATAGATGTATGCGGCCTGACGGTTTCACAGCTCTAAAAGGTCTCTCGGAGCGCATTATTGAAAGCATTCCACTTGTACGCGCTAATGTCAAGCTGCGCGCCGACACCATTGATCCCGATAATGGT,211,52.13,Mus musculus
SEQ_141947,AGTCCAGTCCTTGCATTTCACACTAGTAAGAATATCCGCGGATTTCCCCAAGACCAGTTTATCCTATTGCGCGTCTATAGTAACACGTTTATGGGGCTCGGA,102,46.08,Drosophila melanogaster
SEQ_488421,CAACGAACCGGTCAGAAGAAAGTAGGCGGCCGTTATGGCGTGAGCACGGTAACTGCTCCAATCCGGATGTCAGCTGAAAATGGTCCCCTCGAGATGATAAATAACATAATAAGCGGAGATTAAGAATTGTGGTTCCGGAGATAGATTTCCCTGTATGTTCTATTTGGTCCCCGCGAGGACGACACCATCGCATTGCATATCTCCTCTGTGGTAGGTTCAGTAACAATCCGA,231,48.05,Caenorhabditis elegans
SEQ_286037,GGGTGGTCACTGATTGCACCATTGTCCTAAGCGGAGTAGATCGCCGCGATTGGAGGAGGAGTCCGGAGAATGGACCTGACAATGGAATCTATAAATCATGAAATCCCCCCTTAGGGTTCCATCCGCGGTTACGAGCTGGAGCCCTTCCCAAACCCTATCCGAGGACACTTGCGCATGCCCATCCGATTAGATTCGTGATCGTGGCTGTGAAGCCTGACAGATGCGTCTGTTGAGACACGCCATCAAATGCACGGAGTGATATCTGTACGGGAGGCCCCTCAATGAAAATTTGGGCATGTGTTGTCGAACGACTATGGGTGTTAAGGCGGGAGACCCCACCTTCCGTTCCTGTTCCTATTTTCTGTATGACATGGACAATGGACTGCTAGCGAGTTCGCACATTGCAGTACGCGTTTTGCTGGTAGGACTAATATCCTAATTAATCGGACACAGCACTGGCCCGCCGGTACTATATCTACTGGTAGGATTTGCACATCTCACCCGAGGCGTATCCCCAGCAACCTTACCCATATTCCGTCCAAGTAAATAACGACCTCGGTAATAGGACCACCGGAACACCGGCCCGCGATCCTGTCCCCGGTCGTGGTGTAGTTGCAATTTGCAAGTCCGATTACATGTGAGGCCGGGCTAAGAAGCGCCGGGAAGGGAAATCCCTACTGCCCCCTAATGGGTCATGCGGATGACCTGGCTCACCGGCGAAGCTCTTTGTCGATATGAGAATAGAGGAATGAGAACATTGGTCACCAACTCGTGACGGATGTGTGGTGCTTCTCGCAAGGTGGGGCCCTCCGCGTGCACTAGCGGAAACGTCAATGTTTTTGATCTGAGCAGCTACAGCTCGCTTCAGGCATGCGCCGACCCCATGCGAAGCGCGTCGTGATCGCGGACGACATTCTCGACTTCCGTGTATCACCATAGGAGTGCATACGAGAAATTTTTGCTCAATAGGTAACTCTTTAACGCGCTCCGGATGACATGGAGACAAACAGTATCCATCTGAGTTATTTAATCTTAGCGTAAACACCGTTTCGTATGTATGGCCCCCCCGTACTCGTAGAAGCACAAGCTCCTGCTATGAATCAGGAGAAGACGGAAGTACGGTCATGAGTATGCCTCTGCTGCCTAGTGGCCTTACTGCCCTCGAGTCCGCTAACACTAAAAAATTGTAATCGCTATCAGGAATCACCGTCAATCATTGTTCAGATCCAAATGAATCGAGTGGAGTTCTTAGGGCGTGTCCTCCGATGGTCTCGGTGGTACGGAACTCCCCCCCCGAGCCAGTCACGACCAGGCCTCGTGAAATCTCCCAGAAGTGACGTGGCGATTTCCGCCGGTTAGGCCGGTCCTGACCATTGTCGACGACGAATATGACCAGGAAAGGTGATCCCTCTCGTAAAGGACGTGACGGTCAAGTCAGGCGGTAGGGACACTGCTCGGAGGTGCTTCCCTAGGGTCCCTACAGCTCCATTGGGTGCCGATCGCGCTCGAAC,1511,53.08,Caenorhabditis elegans
SEQ_198343,ACCTGTCTGTACTGCGGCCTACCACCTTATGGTGCTAAGAGTACCCGATGACCTAAAAAGAGAATTCACCAGCGATGGGGAGACGTAGTCCATTGTTCCATGTTTGGATGTAGGGATAGTCCTAAAGTACTCCGCGTGACGCAACAGCAAGTGCTCGGACGCTCACCTCGCCTTCAAGTGCTAGCCTTGTGTACGATATCACACGACGGCGTCCTCTCTTCACCGCGGAAGCGGTTCTGTTTACGTGACCGCGTGTAGGTATGTGATCCTTGGCTGGAAGTGTTGTCCAAACTAGACTCCGGTAGTGAGGTAGCGTGGACCTGTTCATTCGTAAGCAATTCCTGCCGGGATGTGTCGTTGTTTGTGAAGTCTAACTCTCATCCTTTGCGAGGCTCCGATCTACAGAGCATCTAAAGCAGTGTTCTGATTGTTGCTATGGGGCTTATACCGAGAGCCTATAACGACAATTGTCTCAGGCCATAGCATTTCAAGATTAAGTACTGGTAGCCCACGGCAGGTATCTCGGCAAGCCGTATCTTATTGGTCGCCGCTGTATGCCCGATACGAATGCTTCAGAGTGTTTCCCTCAATGCTACAAGTGTTAGGCAAGAAAGTTATATCTAATCGAACTAATGACCCTCAGGAGGTATCGGAGATTACCAAGGGTGGAGTCGATTGCAAACGCTTGCGAAGCATTTAACACCTGAATCATAGCTAGGGCACCTCTTCACGTTCGAGCCCAATGCCAACCATTCGGTTGCTGTAGTGAATTCAGCTACGCAAATAATCCTATTTATACGACTGTTAGGCCCTCTAGTCTATTGACTAGGGATGATCGGCCTAGCCGCCTGGTCCTCTGCGGCGACTGCCTTTTTGCGATAGCCCATCAATGGCACGGACAGGGACGGCCCACCAACTAAACAAGTGGCGTGGTTATCAGGACTCCCCCCTGACGAATGGTAATCAGC,968,50.21,Homo sapiens
SEQ_392053,AGGCGTCTACTCTCCAGCGCTCCGATCACAGAAAATACGATAACTTTGTTCCATGCAGCACCATAGGCACTGTGCAGGAATAATCGTGTCTTAACCATTATATGTAGCAACTGGGGTCGCGAATAACCCTATATCCTCTGAAGGTTTCGAATGTACACCAAGTCTGAAGATCTCAATTTCTAGCACGCAGCCCCTGTGTTTCTAAGTTTACAACAGTAGACTCCGGCGCCGTGTTGAATTCTGCGATCCCGAACGCACGGTTCGCAATGGTATCACAGACACCGGGGGGGGACTCGTAGACGCGCCTTGTCGCGTTTTGTGCACGGGTCACTGCTTATAATTTCATTTTCGCGGAGTTAACTGTCGAACAGTCGTTGCCAACATGCTTGACACCCACCCATGCCCACCTTCTTAGAGTCCAGTAGGAAACTGTGTGATGGCACGTTTAGTTAGAGGGCGAACGTGCCGACAAAATGTTATCGACCTTACGACCTAAGAGTCCATGGTCGCAATCGATGGCGCAACATTTAGCCGAAGGGGCGATCATAAGATTGCGGTAAAATGGCCACGGGCCAGCTGTCCTTATGTGAGAGCGTCAGTCTATAACCCTTCGTTATGAATCCGGTTTACAGCCCATCATATGTTGCCGAGCCAATAGTACCGAAGCTGGATTGGGTACCTGACCTTCCTACACTTGCCCGAGCAGGTGATGATAATACTAGGGACGGATCCTCGCGTGCCACGTACCTCTTCGCGTACGGGCCGAATAGGGCAACGTGCAAGCTCCTAATGTAGAAACAACAACGGAAATAACAGGAACCCCGCCGTTCGATATACGGCCATCCAGCCTGGACTCCCGACCGTTGAGAAGCTAATGTTTGCAGCCGCATGGGGTGACTCCATTGGCGCAATTTCCCAGCTAAGACGGAATTTACCCCGGTCATAGTGA,949,50.9,Drosophila melanogaster
SEQ_673233,CATTACTGGTATCTGTTTGGGTTAGTCGGGGCGGCCGTACTTCCTAGTAGGGGAGTTATTCGGCATGTACGTCGCGTCAACCGTGGGTTCTGCGGTTACCTCCGGTATCAGACGGGCTAAGTTCTGTCGGCATATCCACTGCACACCCTGGACTAACCTAGTCAGCTCGTATAGTAAAGAAAGGTAGGGGCAACGGAGCAGGCCATGCCACTAGTGCATCAAACCTTACCCCGGGATAACCGTTAAACATGGCGTTGCCCCCCTTAAGCTCGAGGCTTTCCAGCGGTACGGAAAAGAGTTTCGAATGAATTCATCGTGATGATGAAATCTTGTTTTAGCCAAGCTCTATTCTGCTGGACGACAGATAGCGCCCCCTATCGCAGTGTCCACGCCCCAGGCAAATCTGAATTTTTTATATTTTCGGATTATGAGATCGTTTAACGTCAGCACATTACGTACACCACTTGTCGATCTCCGAGTGGGATTTACGTTCGGCTTCGGGGCCCTGCGGAATCGTAGTCCGTGCAGCTCAGTAAACCATAAATGTAACAACCCGTGCGACAAACGTATGGTTGGGGGGCGGGAGGGGGCCCCCCCTGGCGTTGTAGGCGCGCGGATCCCCAACTGTAAGTTATTTCTCGGACTGTTGTGCCACAAAGAACCATGCCCGACGTATGAAGGGTCAACGGTGGTCGTTAGCCCGATGTGTTTATTTATAGTTATGCCAGACACCTACAAGGCACCTGCCTGGCATTCTACAATCGGTCTGAGGTCCCACACGCGTGCCCTAGGATGCCGGGAGCGCCCGCGAAGGGGCGATAATACGCTCGGGTTAGTCAGCGCTCTCTGACTAGGTGGGCTAACAATCCCGTATAAGAGCCGTCTTAGAATTATCGAATATGCAATAATAGGAGCTGATGAATAACTGTTCTGTGGTACTCTGATCAGTGATCGGGATTACAGATAAACTTCTAATCCTCACAGCGCGACTGAAGCCCCATAAATGCAACTAACTATAACAGAGTTTCCTGGGTACCCTGTGCGGGAGATTCCGCAATCCTGGCTCCAGGAGCCTCGTTAGACCCGTCAAGACACCTTCCCGTCGCGGAATTTGTCACTTCAGCGCGTTATAGTCGCCGGGGCCGGTTTAAGTACTATCCGCACTTTGGAACGTAACCGGCCAAGTGTCTCTGCAGTGGAGACTAAAGCGAACCCTTCGCGAACGAGTATGGATATAGATTCAGTCCATCTTAACACGGTGTGTCCAATAGGGCGCGCGAATTGGCAAGGGACCCTGGTGGGTAGTGCCATTTCTCGGCAGTGTTGCAGAAGAGACTCCTGTCGAAGTGTGGCGATATATGGCCTAAAAGCCCACCGCGGCTTTTGAATAGCGTCGGACTCTTTGCTACGCTGTGTTCCCATCAACACAGTACTTCAACGTAAGTGCCTTATTGAACTACTC,1462,51.71,Arabidopsis thaliana
SEQ_244295,TCCCAGAAATACTAGCGACAGGGGTCACCCACAATGTAGAAAAAGTCCAACCCGGAAAACACTTATCCGTGCAACGGAGGACAGCGGACATCCCGTACACGCGATAGTTTTATCCCTGGTTGGTTTATACCAAGAATCCAATGCCCTGTATATTTATAAGGGTGAATGTACAGTGTCGGCGTAGCATCACATTTGTTGCGTCTAAATGCTGCTGGCCTCCGGTGTATTAGAGGCACTCAAAGGTTCACACATGA,254,47.24,Arabidopsis thaliana
SEQ_182108,GCACTTAACGAAAAAGGCGTGTGACGCTTCCGGATTATGGGGAGAATCCGCGTCATGGGGGATAAACATGGACACACCGCTGCGTATCGCTCCAAATGCAGATTACAGAGTATTACAGACGCCCTTACGGATTGTGTTCGTATAGATTGTGGATTTAATTTGACAACCGATCATTTCAGCCTCACCCTTGCCATAGTGCTGAACCTGGTTCCAGTTACCCTAGTTCCTCTGAGACTGGGCGAGCTCATGACCAGCCCCAAGGCAGCCCCCTAATTCATTGGGTGCAACGTAATACCTATTAGAAGACTTATTCAACTATAGCCATTTGTAGGAAGAACGGCATTGACAATCTGGTTGTCGAGCGGGGTACCCAAATTTCCCGTCCAAGATGGCCCC,396,48.99,Mus musculus
SEQ_201293,AACCAGTAGAGCAACTTCCTTTCGCGTCGTTTCCCTGGTCAATACACTAGGTCTAAGGACTCAGCCTTCCAAGCTGTGATCGCGATCCCCGTCCATATGGTACAGTTTTAAGAGTTATGATACCGTGTTTACCTTTGGTCTGTGCGGACACATTTCTTGCTTAACGCTTGCTTTTGCTTTGTCAGAAGCGTCATGTTTTAAAGGGCAACTGAGGGCGTGTTCCCGCAGGAATCACATATATAATTAAGTCACGGGGCATGAACGCGCACGTTGATCGCGTCGTTTATACGTCGCCCTCTATTAGCAGGCTGCCGTGTTCGTTTGTATTTTTTCATTATGCCCCCTGATGCGATAGCCGCATCGCTAGAAGTGAGCGGGACTATCGACATTCACCTTGGCCATGCGCGAAAGGAAACGTAACTATGAACCGTGTATGGCAGTGTCAGCGAGTTCCCGGTACCTCTTCAATCAGACCGGCTCCCTACATCGCCAACCCTCGAGCACGCAGTAAATAATAGTGTAGAGGCCCGCAGCCTCGCAGCGTCGAATGGTACTGGACAAGCATTAGCGCTT,573,50.09,Homo sapiens
SEQ_947502,AGAGGACAGACAGATCAACCGACATCCTAAGCACAAAAATGTATTCACTGGACGTGGTTCTGTGTACAGCTTTACGCCGGTATTAATCTGATCATTAATAACCGTAATATGAAATGCGGGTATTTTGGAACGATTCTACACGGCCGTGCTGATAAGCTACTCCATCCCGTTGTGAAAGTGTTGCGACAAGAGACGTTCTCCCGTCTCGCAATACGCCCAGATTCATAGGGTCACTAAGCCCATGGACATAAGTCGCATATAAGCGTAAAAGGTGATGTGCCCAACAAACGTAGTTACACTCACTTGCTTTGGGTTGTGAGCGATAGTAGTGAATCTTCGCGTCACGGTGTGTGGATTTCATTACCCGCGGGCAGCGAAAGAGTATTATGCAAAGCTCTCCGTTCTCCGTAATTTACCTCCACTAGACCGATTGTGGCTGACGCTCATTGTGGACAGTTGGCGATCCCTCCTAAACTTTAAAGAAGGGTAGAGAGGCTGGCGTCTTTTGTGAGGGCCTCGACTGTATGTCCCCTAAAGGTTTCGGACTGCGCTCTCTCGCTTGCGTTCGCATACATGGCCAACGGGGCCGGATCTTTGTCATGTACCTATGGGACGACGCGAAGACAGATAAATCAAGGCAGGGGGGGTTACTTAGCACGTTACTCGGGACATGGACGCACGAAGTCTGACGGTTCCACCGGCCAGTCAACTCGGGTGTAAGTGGGCACCATGATACACTGGAGGCGCCACGGCACGCGTTCAATAGAGCCACCGTGTGGGTGGAGAGCCGTCCCTGCACTCTCAAGGTGGAATTAGTTCGCCAGAGAGGCGTGATATTTACTGTACTCCGCATGGCGAACTCGACTGTGCTGATGATATCGTAACCCGAGAACCCCTGTGTTGCAGTTGCATGGTTGGCTAATCAAAGAATAATTTATTGGATGGCGGCACCTATATGTTTGGTCACCCCTGATACAGGGTGCCCACAGGCGAACAATTAAAGTTCCTCTTTTCAAGTAGGGGTGCCAGTCATCGAATGTGCCGTGGGCATTAACACAAACTTTAGATATAAATGCCCGTTTCTTAGAAGCTTCATATACCGTGTTGAGTTCGTCTTAGACA,1122,49.47,Mus musculus
SEQ_286125,CCCTCCAGAGACTTTGTCACCCCTAGGCGTACTATCACCCCCGCCCAACGCCTCCGGTGGCCCACCATCGGCCATGTGGTGTAGCGACCATTGGTAATAAAAATTGTGCAGGTCAGTGATCGATAACTTAACTTGTTGGTAATGAAGCGCTCGCCCTGCATGTTATGGCAATCAGGTGGACGACCCAGGCGAACCGGTTAGAATACTGCACTTTTACGGGGCTATAATGGGCCTTGGCTGGGTCAGGCCCGCGGACGACTCGCATGGCGCGTCCATAATAATGGCATAGGCCGTCAGCGTAAGGGACATGCCGGCCCCAGTGAATATCTGTTGGGTAAGACGACGATCGGTGCCAAGTGCCTCCGCGAAGGCACCGATGACTGCATACCTTCCATAAACTTACCGCTTGATTAGACTCGCGAGTTTGCTCAGTGCAACGCCGGCACGGGAGCGAACTCGGCTACGGCTTCGACGTCAGTCGCATCGAACCGAAAGGGCCTTGGCGGCTCTCGACAGCCCAAGATATCAACAGGAAAATAAGTACCGTACTAACGGCGCATCCAGCTGTTCATTCACTTGTTCGTAGACAAGAGCACCATCCTGGGTCGTGGTGACACGACTACTCCCCACAAGCTAAAAGTAAATGAAGCCATGAAAACTTTATACGGGCACCACCCAGCCCTGGTAAAGTTGTTATAAAGTGCGTAAAAACCTCATTGAAACGTACGGCGGTGCAGTAGTTAGCCTGGACACATGGACAA,761,53.48,Arabidopsis thaliana
SEQ_858061,GGATTGAGAGTAATATCGCGATAATGCTTGTTATGCTTCTCGTCTCGGTAATGCTTTGACGCGACAGGAACGGTTATTCACAATGCGAACCGATACCCAATCAGGTTTCCAGGCTGCAGTTGAAGATAAGATTACAAGAGCTGGTCTGCCGCAGACCGGCACGATTCGTTTGATGTAAACAGCTTGGTATGGGGCCCAAGTTGTACTGACGTTCCTTTATAACTCCGAACTCTCCCGTGAGAACCGGGAGCTACAGAACTTAACTGAGGTGTCAGCCCTCCCGGTTTTGCTAAAAAACAGCGTACGGGCAATCTTTGCCGGGCTGTATCCTCATGTACGCCCCCCCGTATGGCAATAGCCGGTGAGGTCCGTGAGGGCGTTCTTACGCGTCAAGCCAGCGCGTTAGCGTAACCTTCACTGCAGGTGAAATGGTCGAGGGGTAACCTTGGAACGCTCGCGTTGCGAGATATATAGTGGACAAGTGACCAGACTAACGGTAGATCCATTACAACTGCGAAGCACCCTTACAAGGGAATATAATTAGCAAACCAGTCCCGACAAGTATAACTTATCACGAAGAGGTTATTCGTGAAAGGATCAATGTAACCATGCATATAGAGAAACCCCTCACGCGCAGGCGGCTTCTTCTGCCGCTGAGTCGCACCAATGTCACCCCGGCAGCGCACCTTTCGCTCTGAAACGTTGAGACACCCGGGTGCCGGCTATTAACACGCTCCACGGGCTAGGCACGTCGTTCAAGTTATGCATGCGGCGTGCGCAAGGAACTAAGGCGTGCGAGCGCGCGTTTTACCTGAGACAACCTCCAATAAACAGGCACGCATCTAGCCAGAACTGGACCACACGACGGCAATCGGTGGCAGCTCCCCTACGAACACACGTGAGCTCCTTGGGTGTTCGGCCCCTGTCATCCTTGTCCCCGCGCTCCACCCCGCCTGGGGCCATGACCTCCCATGAATAGTTGACCATGATACCATCTGGGGGAACGATCGCCGTTGCCGAGGTCACACGTTCGGGTAGCAGAGTTACATCCAGGATTGCAATGCGATCGCTATTGAGTGTACATCATTGCGCTCTTGGTAGCACAGGCAATTGCTTAGCTTCAACAAATCAACTATAGAGAAGTGCCCTTTTTGGGTAATGCCAGTTGATGGGGGCCGATCGGGTGTTTCTGTTTTAAGCATTGGGGTCCCATGCTAGAGAGCGCTTCCATAGAGGAGTTGAGTAATGAGTAGGGTCTATACATACCCAGAGTTTCTGTGCCCGCGTATAATGAATCGCCATCCAATGCGTTCTGCATAGGTTTAGAATCTCAAAGAAACGTACGCTAACATGACGACCTCTCTGTTGGAGTGCTCGGTATTTGTGTATCTGCAGTAGGAGGGGCGTTGCCGACGTGCTCTGAGAACTCCGCAGGGCCTGAGATGGTGATTATTTTCAATCTGAAACACTACCCGCATGGTGTCTGGGGGAGCCCCAGTAAATCAATGACCTCCGCAAATTCGTAGTGCTCGTAGTACGAAGAGACTAAGAGTTGAGCTTATCCAGCTGTATCTAATGAACCGGAAGTAGGCGCGACGTGTTATCCGTCAATGAAAAAAGTATGGACATCCACGAACGCGACAACTCTGGTGCCTCGAGAATTATTACTGTATGGCTGTTTAGAAAGCATGGCAAAATCATCTAATTGTGTAGCTCTGGTCCACAGATAAGAGATATGCACTTTCCTCGTATTGTGTTATGGCTGCCAGGTCCAGCCAGTGAAACCTCGCGTTAGTTAAGGCACGTCAAGGCACACATTCTTGTATTTGGCTCCAAATCTCCA,1843,50.73,Drosophila melanogaster
SEQ_188042,GAGCGTAGACCATACGTCCTACACTATAGGTAGTTCGTCTAATTTTGAAACAATTAGCGGTATTCGCTGCAAGGCACAGTTTTAGGACGCCACCATGCTACTTAAATACCCGGATATGTTTCACTTAAAATGTCGATGATGTCGCCACAGTCGACCTCAGTTGAGGGGCCACGTTTGCGTTAGTAAAGCAGACGACAACTGGCTGTCCCCACCAAGGAACTGCTACGCCAAAATACGAGTAGATCGGACGACTCTGAGCGGCGAGATGGAGCGGCGATTCTCTCCCTCTTTTGAACACAACGGCGACGCGCACAAAAGAGTCGTTCGCGCGCGTGCCGATGAGGGTTTCAGTGCTTGAAGACTCCAGTGCTCCGTGGGGACTGGTTCGTGTGACGCAAACTCTCCATTGAAGTGGGACCTTTACGTGCGCTCATGGCATAGATGAACGGGGCCACTGGAAACACGCTAGGAGCTGTGACATCACAGCTCTCCAGGTTAGTGCAGACTACAACCGTCCCTTCCGAAGGGGATAGGTACGTGCGGCAAACAGGTCCCCATGTGCATTGGTTATGGAACTGTATCTTGTGCGCGATGCACTTGCCTTGACACAAGAGTATAAGTTATTAACAAGACGAATTTTTCTAGGTAGGAGCCCTTCATACATCAGGCTATTTTCAGGATGGCATTATGAAGGGGACAAACATGGTATCTTTTCTTCCATCAGACGGGAATTGACCCATCACTCCCCGAGTATTGTTCAATATTACCGTGTGCACTGGCAGTTACGAGATATAAATTGACGCCACATGACCCTATCCATCGTAGGGGGTTTGGCTGAATATTATACGGAGACTAGTCTCAACGAACCCTTGAAGAATGGCTGCTTGCTAGACCCGACTTAAGAGGAGTGTTGCCCGGTCCGAGCGATGTAAACTTTGCTGGACTCGCAATGCAGAAGCTGAGCAGAAAACAGCAGTCAGCGTTGGCTAGGCGATTGCTTTTTGTATGTGGGAACCAAGAGCGGCCCAATCGAGACTCGCTCTGCATGTTGGTTGACTGGTTCGTCCCAAGGATTATAATGGAGCGGATACTTTTCCCTCCCATGGTCTCGGACTTACCGAAAATGCAAAAGTACCGTAGGCCACTAAACTCGGCGGCATATGGATTAAGCGGGATCTCTACCTATCCATTACTACCGTAGAACCGATACACCAGTGCAGTGCCACCCCATCTTATGGCTGGAGGGCGCTGATTACTATGTGTTTAACTGCGCTATAGGAGATTATCGGTGCTCCTTGTTATTACACTATAACATCCACAGGCGGTGAGCCATCGAACATGACACTCCGTAGTTTAGTCCTCCGCTTACGGCGGCAGACGCCGCCACGCACTGAATCGATCTCGACGTCAAAGTAGTTGCGCACGGTCTCCTTAGGTCGAAAGGATGGTGTTCCGTTGAATTTTACCCGGATCCAAACTACTCTGGGCGAGGAAATTATGGAGAACTACAGACACGCGTGATGTCTATGCCTAGAGTCTGAGCCGGCGTCAATACGGAGGTTAGAGCTCTCTAACTCATATGCCCTGCAAGGCCACGGTAGCGACGTTCTACCTTAGGTTGGTTTTTACAACATGAGCTCCCTTCCGCTGAATCATGAATTAACGAGTCTATGGGGTTCCCAGGTGGGTTTGACTTCATAAATTCCAAGAGCCGAATTACACAGACGAAAATCAATTGAAGTCCTGATCTGCGGCCTTCCGGTGTTGCAAATAGACGCCAAAGCATCCATCGCGGTCTACAACCCCTAGGTTCCCCATTAGCAGCACGGTGTATAGTGATAGGATCTCCAAATATCCTTACAAGATGGAAGTCATCGGGCGGAGGAATCGG,1891,49.76,Caenorhabditis elegans
SEQ_435383,ATGCTCGGGCGAAAGTGACCGCGCTTATGGTCTTTCCATACTGAGAAGTAGTCTATATTCATGGGATCGACACCATTGTGACTCTACAATTTCCAACACCCCCCTCGTTGCCCGTTAATCCGGAGTGCACGCCCAGTATGATAGTCGGATGAGAGCCCCAATCCTGGGTGTTATGATGCATACGCTTCTGTAGATTGGTTAGATGACCTCACCGTACCTTACACGGTAGTTCGGTTGCCGACTGTGCGGCAACGTCACTTACAAGCGCAAGTGAATATGAGAAAGACTCATTCAGTTTGCACACCTTACGCTCCTTATCCACAACGAAGCGAAAGGGGGCGATAATCACCCTGCCACCGGTTCCTTTTGCGGTACGCGTTCCCAAGATCGGGCGCTAGTGATGTCCCCTGGGCGGGTCGCATAGCCGGTCGCCGTGGACCTGGAAGACCTTGCGAGCCAGGACAACGAGACGCCGAACTGCACTCCTGTATAGGAACTTTTATGGAACTGGGTGCCGTTTGGATTAGCAGTCTCGCTTAGCAGGGTTGCAGGCCGTAATGAAACTACCGGCAACGCTCCCGAGCGCGAGTCAAACCAAGGGATGGCGGATTACGCCGGGCAGACGTTTACCAAAACCGCCAGAATAGACCGCAGCGGTTGCGAGTCCCACCATGGCTCCAACCTCGACAGGCAATCTGCTTATCGTGGCCTTAATCCCATAAAAGCGCTCGACTTTGGCCGTCTGTTCCTGCGCTACAAGTGTAATATAAAAACTCTCACGTGCCATGATCATCTCGCGATCCGGGCGGCCGTCACCTCCGGAACGACCCTTTGGAAAGTCTCTTTTGGAGAGAGTCAGTGAGGTAATAGGTATTATTTTGCAGGATTTGAAACGCACCCATGGGGGAGGACCTCACGCTACCACTTGGTCCTATACATCGAAAGGTCGTTACTGATTACCATTCGGCCGATTCGTAAGCCATCGTCAGTCCGTATGCTAACGCCCCGTTTTAAGGGGATTGCACTTGCTATGTCGCGCGGAAGTTTGATTACTTATCTAAAACTTCGGCCCTTCGGACGTAGAATCGCACGTATAAGAGACACCGGAATACCCAGGGCGCCAAATGGTCGCTCCCTTTACAGTGCCATGTAGACAGGTGGGAACACGACTACCGGATCTTAAGAGCTGAGGCAACAGTTTACGCGTGATACTGGCTGTCCACGTACCGAGAGGCTGCTAAGCCTTGGGGCCGGATAGGATCATCCGTGTCACGGACAGCCCTGGAATACGTCGCATCTTAGTTTGGCTACGACCTCATCCGGCGATTCCGGGAGAGAAAGAGTCATCATCAGTGACTGGAGAAGTCCAGGGAGCATTTCGTGGCAACCTCCTCACGTTGTAAGTCATTGGGCTTTTAGTACAGGACAAGGTCGTTTGGCCATATACCATAGATTGTCGTAGCTGCGAGTTTTTATACTGCTCGATCCATTTGAATTTACCACAATCGGGCGGTGTACCTACAGTTTTCTCTAGGGATCGCGGCTCGTATAGCCCGTTGACCAGATATTGTGTAATGTTCCGACCTTGAGACCAGGTTCCTTAAAGATTGGTTCCAACCTTGCGATGGTGAATCTCCAC,1639,52.04,Arabidopsis thaliana
SEQ_667037,GTTCCGTGCTGTCGTCTATTGATGCCTCTAATAAGGGTATTAGGTGATAGTCACTAGCGACATTCCCAGCAGAGACGCTGGGCGTCAGTTTTTGGATCCGCTTCCCCAATGTAGGCAACGGAGCAAGCCCGAGTTATTGCGGGTTACAGAGTGTTGAACGATAAGCGTGGCACATTACCGGATAATCGAAGATCGCCATTCACCCTACCAACATTTTGCCCGCTTCCTGTGTGAGCCTAGACCCTAATGGGCTAACGGTAACCCGAATGACAAAGGCACTCTCAACAATCCAATAGTGCAAATTAACGCGGAATGGGGGAGGTACAAGGCGGGAAACCAGCAGCTATGGCATGGCCAAGTCTAAACCTACTTAGCAGAAGACGAATCGCTATCTGGGAAAAAACATCGGCGGTGTACATTTGTCCACGTTTACTACTGGAGCA,443,49.66,Caenorhabditis elegans
SEQ_397030,TCCTCGCTCTGGGCGGCCCCAGTCAGGCCGTGCTCATCTATACGAAATAGTCCCACTTCGATACGGAATTCAGATGTGAACTCTGGGTCATCAACATTAAACACACGGTGGACAGCCCGGTATCTCAGCATCCGAGTAATGGTAGCAAACATAGTAAAGCGAGATGTGAACGCCTTTATGAGGGGTAGGCCTAGTTCGCACTGAGACAGGCGCGACGTATATCGTCCAAGGGGTAAACAGTAACTGCAATTGATCATGAAGGGTTACAGATGTGGTAGAACGAGGTTAACTTATGACAGCTAATCAAATCACGTAACGTGGTCCCTCACTCTTGATATAGGACGGACCTCAGGGTGTTGCCACGTTTATGCTTGTCAAACATCGGCTGGACATACATTTATATCGTAGTGTATGTCGTGATCCGAGTCGATACTTTCTTACTTGCAGTTCAAGTGATCTGCTGAAACTACCAATAATCGGTAGCCAAGTGGTCCGTAATTTTGATCGATTTGAGCAAAACAGGACATCAGGCTCGCCGAAGCAAAGTGCTCTCGTCTAACATATAGCTGGGAATGAATCGATGTTTTAAAGCTGATTTCGTGGTTTGTCCACTCGCCTTAATAACCATGAAACGCATGTCGTCCGAAAGTATTAAATCCGCTGGTTGCAATTAGCCGAGGCACAATACGTGGATGACGTAATGCGGGGTAGCCAATTTCGGCATGGAATGGTAGGCGTGCAATCACCGCTGTCCCATGTTGAGAGATACTCAGCACAAGTCAAGGGGGTTGAAACGATGCGAGTCCACGGAACCCTGATAGAACTCTACGGCCGTATCCCATTAGGTAACAGAACTAGAGCCAGAGTTATGTCCGTATCAAATAAGATGGCGATTCACATGCATCATGCCAGGCGGGAACGCTTGCGGTATAGGGCGACGAGGGGTCGTACGGTAATAGGTCCGCCGGATCGCGAATCCGTTGCGTATGCGGCACGGGCACTTGTTTGTTCACCTCCAGACTGAATATGTCTCCGCGCCGCCACAATAATAGGAATCGGACGCACTCAGGTAATTACATACATCTGAACGGGTTCTTGCTCGGGTCAGGATCCCAAAATGGAAAGCTCCGAATTGCGAATGATTCTTACCGTTTTTGGCCGATCCGAATCTCGGTCCGAGATTCTGGTGCTGGGGGTATCCGAGTGGGGCTGTCTCCTCTTTGACCGAGCTGGTACGGCGCAGTCCGAAGCAACCAGGGTATATATCCCACCCGGGTGTAATATCGGAAGTTGCTAGGTAGACCTTTTTCTGCTAACCTGTTATATTAGATAATCTGGGCCCGGAGCGTTATTGAGTCAGTCATGCTCATTTAGGCAAGGGCAAGGCGTGACTTACACGCCTGAACTACGCCGTGCCGGGTATCCTTAAGCTTCTGGTGTGTCATGACTCGGCGGTGGGACGCGCGCCATGCTCCAGGGCGTTCGCGTCTTTCTTGCGCCGGTAGTTAAATTCAGACAACATCGAGGTTTCGTGTACCAGCGAACTGAGGTATTCCCACGCCCGGATGCGCGCATAGTCGGAGGGCCTCAGTGCCACGCTAACAAATTTCTTCAAGATTTGGCACGATACCATGACGAGGGAGGTCGCTCGATTGTCTCATTCTAACAAGAAAACCTGCTTGCAGCAACGAAGACATATGGTCGCTCGAAAAAAGGCTCAGGGCTCGATTAATGATTGCTTAACACCAGGAAGATTGTTCCAACCTCCACTCCACCGGCTTGATAGTCTCAACCCCGCCGCGATATTACTTTTATGCGGCTGTCATAACTGTACTAGGGCGCGCTTAAATGTCATCTTAGCTGTTACATTGTGTTGCAGGGAGTTTTTAACCCGACGTAAGCCTACTTTTTTATCTTTAGGCG,1923,49.61,Escherichia coli
SEQ_537811,TGCTTGTGATCGCAACCTCCTCCATTGGAGCGGCGAGCCTGTTCATTGATTGGAACCATTTTGCCGCGGGGCAGTAAGGCCAGACCGTGCGTCGGGCTTCACGGTATCGACGCATCAATGACCTAATTACACGTTTAGAAGGACTCATAGACCTTAAACTAGCACCGTTCACATTTTGGGTTATTGTCACCCCCAAGAATGGGCAGTATCATCCTTAATGCAAACACTAGTAAGCAACATGTGTAACATGCCACCTGATGTGTGACAACACCAAATGCTGGGAAATGTGACCGGGCATCCATTCTCTGTGGAACTAGAAGCATAATGAGGCCATAGGACCTTAGAGTCCGACTTCCGCGTTTGCTAGTGTGAAAGGACCCTTTAGGTTCAGGAAGGTTCTGATTGTCGCGGGCAACTCAGGGGGTCTATCCATAAAACCAATGCCCATTGCGATTAAACCGAGAGCAAAGGGGCTGTGGGCGGGTGTGGTCCTCAATTAGCAGAAAGGGTGTACGATCCCAAAAACATAATGATCGCCCCCACGTGTTACGACATACTAAGACTACCGGTACTCAAGAACGCGTTTTAATGCCGATGTAGGCTGTCCATCATAGGGCTTTCACTGTCAAGGAACTCCACGATGATTGATGTTATGAACGCTCCCGATACAAGCCATGAAGGCCGAAAGCGATTCTGTAGGCACCTGAAGGACTAAGTCCGCATACAGAGTGACCGTAAAAATTTAACTACATTGTCCGCGAAAGTGTTACTCCATGATATTCCGAATAGGAAGCACCATACAGAACTCGCTAAACCTCAGCCAAAATCCAATGGAACGCCGGTTCATCTTCGTGCTTCATTTCACTGCCATACGCCACAGGGTACAGGCTCGCGTTTGGGGCGAAGCACATGAAGCCTGTCGC,923,49.08,Escherichia coli
SEQ_658812,ATGTACACAGTCAGCCTCGACCAGTTTTTATTAGGCTCGACCGCCTGAGACAAGGGGACTCGGAGTCACCTTGAGTACGGCCTGCAAACCATGACCTTGGTACTCTTTGCTAAATCTCATTTAGAATACGCCAGGCAATAACCGCGGATCTGATGGCCTAATCCCAAAATTCTGGTTTCCGGAATTACCAGAGAGGCACCCCCTAACCGGAGCGTCCCTACAAGCCTTATGTATGGGAAAAAATCATTGAGCCAATGTACTCCACCGATCATCACATGTTTTCGACCACCGCGCAATCGTCAGAGGGACTTGACCAGTACGCAAACGAACGAACCAGTTCATTAATGGTATCTTGTGCGCGAGGCCATTAGAATAGGCTTCATGTAGATAGACCACCCGTAGCCTTGAGGGTACAATCTAAGCATGCACCCAGGTCTGGATTTTCTGTGGGTGGGCTTTTCGATCTGACGATCTGTTAGCATTGAGCTTCCTAGGAGTTACGATGCAGAGGAGCGCCAGGGGAACCGCATATGCAGTTTACTAACTGCCTATTCTCGTTTTCTCATTGTCCTTGTAATGTGCTACCAGAACGAGTGGCATATTCTTTCCATAGTATAAAAAATCTAGCATGTTGCTCACGCCGTGCCGTCTTGCCGGGTGCGGGTACCTCCGACAAAGTAACGGAGTAAATTCTGGGATCCGAGCACGGCTTGATATTG,719,48.82,Homo sapiens
SEQ_334535,TGAAAGATTTCTGATTTAACCTAGGTCGGTCTCAAGTTGCATAAATTCTGAAGCCCAATCTGTTGGGTCCTTCACGGCACTAGAAATCCGTGACCGAGGACCTGTGCCAGAATGCTCACAGGGCTCGGCTAGTTTGTCTTATTAGCGTTTGAGTGTATGCGCGACGCGGTGCGACACCTTCCGCATCCCATACGTTGTTGAAGTCCACGGGGATGACTTTCAGGCAAAACTGCTCGTGCGAGCCCCTGCAAGGAATGATGGTCTAAGCAACAGCCAACACAGCCTGAGAATACGACGATATGCTAACATTCTTAAGACTAATTGCAGAAACGTGATGTACGTAGGATTGTGACGTACTCGCTTTCCAAAAACTACCTGTATGAATTTAGAGCATACACAGCATTAAGTTTTGCGTATGTATCAATGGATGCTTATCGGCGCCCCTGCTCCGAACGAGGCACACATACGAGGAGGTAACCATACCTAGCGTGCAGGGCGTGTCTCGGGATCGGACAATCCACCTGGGTATACGACAACTTTATGTCCGCCTAGTCTTCCCCACAGTTCAGACCACCGTACCAGAGTCACTCAGTTGTCCTAGCTCGTTGCCGGCTGGCGCGCTGGTTGCTTGGTCCGACACCATCATCATCTAATATCTTGCTTTGCCTCCACTTCAAATAAGCCACAAGCTAGTGGGTACATACGGATGGGGTTATAAGTGTGTGAGCACCTGATGGCAAAGCAATTTTTGCAGGCCGACAATCCAACCCGGAAGAGAAATTCTTTACGTGCCATGGTGTTATAACTTACAGCTGTTAGGCGATCTG,827,49.09,Saccharomyces cerevisiae
SEQ_993722,TACGCGCTCATTGGTTCCGAAACACCTTCATATCCTTCACGAGGTTAATCCATAGCAGCGGCCGGCCTGATGCGCGGGCGCATTTGGTGTATAACAATACGTTGCCATTCGGCCGCTGAAACTCAACTGAGTGAATATCCCGCAGTATTTCATCTTGCCTTGTTGTGGACGCCTCCCATTCCCTCGTTTTAGCAACCATGCCCCACAGAAGTGGAGGCATGGCGCCCAGTCCGTGTTGACATAAGTAATAGGAAGTAATTGGTTCCACGGCAACGCCCATCCGCACAAGTGCGAGCGGTTATTATACTCCCAGTCGGGGTGCTCAATGTGTGGAATCGTCGTGTCTCTAGCAGTCGTGCTCCAAAGAACTGGACCAGAAAGCGCACTCGCCGCTATCAACTACGCTAAAGCAACATGGCAGTGATGGAACCGTCGGCTCACGGTCTCCCTGTAGAGAAAGGCGAGGTAGGGAGACCCAGCCCAGGTGCGATGGTAACGCCGATTGTGTGTACGCTTGCCTTGTGTACTTAAGATTGCTATTATCACAGGGATTTCATAGCTGTAATTTGTCATTCGGCAGCGTTTTGCCGACGAACTTGCTGCTCGTGACCTGTTAGGGAGTTTAGGTTGGCGTTTGTGATTAAGGAGATAGCATCACAGAGGACCTTATGATCAGCAGAAAATTTTTAACGTGCACTAACCTCGCGGAGCAGCGTTATATCTGTAAAGCGACCTTCTTGCGATGCCTTTGGCA,754,50.93,Caenorhabditis elegans
SEQ_903302,AAGGACAGTACCCTTCATATTGTAACCGTGCTACGTGACTATATCGCTGCCGTTCACGTGCCTCTTGTATACCTCATTACGGACATAATATATGTTATATGACCCTCTGCCGTTTCCCTCCAAGCTTGCCATCCCATGACGACTGTATTCCCCCACGGGCGCTGCTCTACGGTGAAGGCGCGTGGCCGTCCTTCGCTATGAGGACCGATGGACGTTCCAGAGTTCGGTCGACCCGAAGACCCAAGGTTCAAGAGGGTAGGCTTACTAGTCCAGCCCCTCCCAAACTCGGCATTATCCGCAATACTCTAGTTCCAGGTACGAGATTGATATAGTAACCTACTCTCATGGATCGGTATTGTCGAGAGACCCTGAGATGGGTACCTAAAGACGCGCGACACACTATCAAGGGTTTGAAGCTCATTACAGCTACAATTTACACGTTACGCTTAGTGTATATATCAGCCTTCGCCCCACATGCCGATCATACCGGATACGCTACTTTGATTTGGTTGCTACTGCGAGATACAACGTTAGCCTAGACTATTCCTTTTACCGTAAATTAAAAGCAACTGACGGGCTGTACCTATCGTGTTCTTCGAACTTATGAGCCGATCTGACCTAACGGTCCATGATGATATGGCCGGCATTGTCGCGATACTGTGCCGATAGCTTATACCGGGTCTCGCGCCAAGAGATACAATATATGCGGTTTCTCGTACCATAAGTTGCCACAAATGTGGGGGGGTTGCCTCGCGAGGATACGGCGACGCGGCTTGCCTGGTCAACGCCGAGGCGATGGCACTGTAGTAGAGTGGTTTCGTATTTGTCCCGGGGAATTTGCTCATAGATTCGTTGGCCAAGCCACAAACGAACCGCACGCCCGGCCGCGAGCTGCGATGACTACAATAAACGACTACTTTATCTGCATCATTGTCGGGTAAACTAAACAGCGTTTGATTTGTATACTGTGTTATCTGAACCGTCGCTAGCATGACGATTACCGCTCTCGCTAATTGAAGGTCAGTTCCGGAGGGGGCATATCCCGCGTCAGGTGAGAACGTCAATGCGTACGGTGCCTGGACGGACCCGGTACGTTTTTATTGCGAGACCCCGCTCATCGTGATTCTCCGGCATCAAGTGAGATCTATGATTTGAGCAGGCGTTTCCTACTGTATTCAGCTCATTGAGGCTTCACGTGACCCAATTCGTTCCTGTAGCTATCAACTGCTGTATTGCCGGTGTCAGGATTACCTGGCTCACTTTACGAAAGATTTGGATGGGCCCAAGCCAGAGGTTGCAGACTACGGCCTACTGCCCCAGACTGCGCCCATCATCGGGGTCGCTAGCGACTATCCTGAGAAATGTAGCCCGGTTACTAGAAAGTGGTGGATCTACTACCCGTAGAAGAACACACTACGAGGCTTGAGAAAATCGTCTACTGCTGTAGCCTGCTGCGGACCCAAGTGGTGGCACCGTAGCGATCTGGAGGCTGAAGGGCCTATAGTCTGCACTAGTTTATTTTAGACCCTACCACCTCATGCTCATGGCCCCAGATTCCATATTCATCCCTAATACATGCCTTATTAGAACTCTCCTTGATCAA,1603,50.53,Arabidopsis thaliana
SEQ_622272,TTGGGGCCAGAAAATCCCTACTTTCAATCGTAATATGTCAGTCAATAACGTAGAATTCTTTACGAGCCAGAAAACGCCGTCTCAATACCAAAGACCACTTTCAAGATTATCGGCGGAATATCCATGCGCAGGGCTACCGGGGGTACATTAGACGATATCCGGCTTACTCGGTGCCACGCTCGAGTACCGTTCGGGATCCTGCTGTGTTCTCCGCAATATAGAATACCAGGAATGTCTCACGCTCTATGTTGGCAGCATGTCTGGCCGTTTCGGCTTAGGCTCGATTTACTTAAGGTATAAAAAGCCGCAGACTATGTGTCACCCTACGAGATGTAACCCCAGGTTGTAATCCAAGAGGGGGCGACCGGAAGAGGGCAGCATTCGTGACACGCCAGTCTTTCTCAAGGCGCCTCCCCCCGTGTAGTGACGCGGAACTATAAGGGTGCCAAACGGGGATACAACGGCGCCGATCCAACATATAATTCTCTGGTTGTCTACTGCAGCTGCAAAACTTTTGTATCACTGTAAAATCTGGCTAAAGCCAAGACCGAACGATAGTTGCTTTCCTGCGGCGCGTCGAGGACCCTTCTCCAGTTTTAATAATCGTCATTTCATGCGGGACAACCATAGGGTAGAGATCGGACGACTGATTGCCGGCTTTAGAACCAAGCGTGGCCAAGGCATTTGGCCTGTTCTTAACTAGACTCTGGAGATTGACGGGGGTGCAGGCGCATAAGTGGAGACTCCGAATGTAGGATCCGTCACCGATTCAGTTAGATGTTGCAATGCTTATCAGTCATGAATTAATCGATGGGGTCGGCATTAGGATACTTGAACGGCATAATTCCTTTGTTGATTCGTGTCTAGTCGCTCCGTATGGCGCCTACATTTTCCTTCCCAAACCACACACGTACGAGCAATATATCTACTGGTTACACGGGACTTCGTCGTGGCTGAGTGTAAAGTTAGCGTGGTGTCGCCCTGATTTACCACATTGGAGCGGATCAACCCACGTCTCGGCTCACTGGTGCCCCTGCCTTCGTAACTAAGTCGAGTTGGGTGACAAAGTAGCGCTCTCCATTCGACGAATTAAGAATTCGCACGGCTGTGCTCCATAAACGTCATGACCGTACGGCAGAGTTGGGGACTCGACCCTCTACACGTTCTTGAATCTGAGACCTACACGGCGATATTACACTAGATAGCCTGTTTGTTGACGACCACTGAGAGGTAAGCAGGTTAAACTGTAGGTCTTAGCAGCCTAGTATCCGATCCGATCAGCCCCCCCGGCGGAGGAAGGTCGACTTTCTACCTTTGGAGTTACCAAGGCAGTGTCGCATGACGCGACCCGCGATAGCGAACGGCGCCCTGTTACGGCGGTTGAAATCGGCGTAGGGCTTCCTCGT,1406,50.92,Homo sapiens
SEQ_938166,CCTCGGTTCAGGGAAACCTTCACAGGACAATAAAAAATAGGCTTAGTCAACAGTTGCGACTGATGACTTGGGCTGTCTAGACAGCTCGAGTCCCGGTGGTGGTGTAGACCTGATACTCATCGCAATATCTGAGATAGTCCCAGCGCATTAGCAATGTCTCACTCCTCGGGGTGGAAGTATAAGGCCACAGTCGGCTGCTTCAAATATACAACAACCACATTGATGTAAACTACCGCATCCTCGTCTGAGTCGGGGATAA,259,48.65,Escherichia coli
SEQ_643227,TGTATTGTACACGTTTTCGCTTAAAATGCACCTCGACACAAGAAGCTCTACGGTGAAGGAATATTGTTCTACCTACCTGACACCCCCCATACTTCGTATCTGTTAGAGAGCCAAGACAGAGATCAAGCCGAATGTTTTTATAAGAATGGCTGAGTTCCCTATTGAACACTAGTACGCTTGCAGACGCATTGCCGTGAGGTGTCAAATTGTACCAACGCATTACCGCTGGATAGAGGCTCAAGGCTAGATTGTGCAACGCGCCAACTTCCAGCCTGATACCCTGTGGGTAAGTTAGCTCCGGTAAAGCTCATTAAGTCGAAGCACCGTTATGCCCAGAGCAAGACTGTCGCCGCTGCCGAATATAGAGCGCCGCATCGACAGTTGTCGACAGCGTGACCAGACAGACTGACACCTATAGACCACTTGATTTGAGCGCTAACACTGACTGCATTTCGATTAGCCTGAGAGTCCGGCTAGAGGACAATCTCCACCGCCCCCCAGGGCTGTGTAAATAAACTTTGGTTGCATGCGTGTAAAACGAAGACTTAGATGAGTTGTGGTGACTCATAGTTATTCTGTTAAGGGGTTTATTTTCCAGATACCCTTGCACGGCAGCAGGTGTATCTTTCGTTAGCGAAACTCACGCTTGACCAGGCCAGTCAACCCACCCCAGGGCGGGTGGCC,684,49.42,Mus musculus
SEQ_754353,ACTCCGCGAGGGACATCAAGCGAGGTTTTGGTCATCGACGCACGTTCAGTGCTGGCCTTCAGGGCACGAGCCTATGACATGGTCCCGTTGTAAGTAATTGGCCACTACTACGTTCGTTGGGCTGGTCTTACTAAGTTGCTCAGGATACGCGTCGGACGACCTCGAATCGAGTTTCAATTACAACTCTGGTTCCACGAGGATGAGAATCGTCGCTAACCGTAGGAATAAAGGTTACTCACACTGGGATAGGGCTAGGACC,259,52.12,Arabidopsis thaliana
SEQ_280880,TGATGTCACTGAGACTCAGCCTTGACATAAAGTGGGTACCGGCTTTCTGGACCATTTTAAGAGTTCCGGCTGGCCGGCTTCTGCGCAGCGCGATAGGACAGTGTCCGAGAGGGCAAAGTGTTACGGAGCTAACGTCGAGCGTAGTACGACTAGGAAGATTCTATAAGCCTGTTCGCAATGGTCATATGCAGAACTAATCATGATCGAGGTGTTAACTGCTCATATTCGATGCTAAGGCCCATATGTGGTAGTCGTCGGGAGGCATGAATTCCACGAGGGCGAGTATAAGCACCACGGCGACTCGTTCGCATGAATGTAACAAATTTTTATGGTTGACCCAGAGAATGCCACTCATATTCAGGTTTTGGGAGAATTCCTATTATAGATTCGTCATCCTAATCTCAGGTTGGCCTATCGTAATTACCCAAATTGTGGGGTCGTGCAGAATCCACACGTAAGATTCCTGCTCCATGAAGACCTATCTGGAAAATTTAACGGTGGTCGCAGTGATACGCTATATTTTCGTCTTCCGCGTCTCTTTTTCTAACTGATCGCTGAACCTCATGTGACTGATCACTATGAACGAGGGCTGGGCTTGTACGATGTGTCAGACCCTAGATCAGTATTTGGACGCCCTATAAAAAAATGAGCGCTGTGCAACATCAGTACATTTTGTCGGCAAATGTCGCGACCACATGACGCAGGCTAACCCCTTTACGGTAACCTGGGGATGGTGGCGTAACCTGCGCAGTGTTGGCCTGTTCCGCCTCACTTCGCCAAGTGTACGGCGCGGAGCAGCTGCGTAGAATACCACACCCAGATATGCTCGTTGCTATTCGTATGCTATGGCAAAAGATCAGGCGACGAATTCGCACGGACACCAAGTCGCCCCAAACGGTCGGTACTTTATTATCAGGTCCTAACTCGTCTGATCAAGCCAGTCCAGCGTCAGGGTACACGCCCTATTGCAGTCTATTGACCAGAGGCCGATCAAGTGATTCTACGGTCGATCTGAAGAGGTCGCCATAAGTGTGCCATTTCGGTTTATTACCCGATCCTTTGTCCGCACACCTAAGTGATATCGCCATCGAAGCCTAGCACGATCCTAATTGCCCTGAATGTCAGGGGGGTGGCCTCCACCAGACAAAGTCACAGTGCCTAGCCACTTTTACCGCCAGGGCCCGTGAGCTGCGCTTCGTGAAGGGGTAGGTCCGCCTAGGGGTGGCATTGCAGCTCACGTAGGTGGATGTCTAGTCTGTCAGGTCATGCGGGCGTATCCGGTTAAGGCCTAATGGGCAGTTATCTGATACCATTAATGGACGTCCAAGAAGATGATTGGCACTATCTCCGACCTTTTTCGGGCCCTTATTGTGCGGTGTTCAGTCAGCGGCACACGATATAAGACAAAAGACCATCAACGTACTGACTCAATGTACTCGGTAAACGTGCATCCCATGGTATGCACACACAATCCACTGGTGCACGGCTCCGATTTACTATCAGCTTTTAAGACTCTGAATACGGTGCAGCTGAAGCGCTCGATTCAAGAGTAATGTACCAACAATAGCTGACATGGTAACACGGCACGGAAGCTGCTTCTTGCTTCGACGCCCAAGCGTACCCAAGTTTAGAGCTAATCTTGTGGTGACACCAAGCATGCAGACATCCTTATCCTGTGCAACCATAGTGATCCTCCTACGCCTCAAGTCGACGGGTATAATGACATGGTATTGGTATGCGCTGCCGTTCGATCCGGAACCAAAGGCATATTCGTTTTATGTTATGCTGATCGCGCAAGTGCGCAAGCTAGTGTTTACATAAGTGTATTTTGTTTAATTACAAATTATCCCCATTTTCCTACGGTCTTCGAGGAGGGCGACCAAGCCCACAAAGAATCGGCGAGATGTGAAAATCGAATCAAAAATACCCCCCAACTACTCACCTCCAGGAAGGTCAAGAGATCCCCTAAAATTAGA,1976,49.24,Homo sapiens
SEQ_119523,ACCCGTAAGTCACATGAGTCCACGAATTACCTCGTTAGTTGCTAAAGACAGATGCAATCACTTGAGGCTTCGCAATTTCGGTACACGGTAATTGACTTAGCAGTCTTAGCAGACCGGGTTACACTTTAGTATCGGGTGTCCGGACTTTTACTATTAACCGGTGAATGTACCTTGGTTGGAATCCACAGGCCAAGCTAGCTCTGCTCTCTAATCACCATTGAGGATTATGCAACGTCTGTAGCCGGCATTACCACCTAGGCAGGATGCAGTTTCTAGCCCCTTTGAGCTATTACTTAAGCTCATTACTCTTGGCCGGAAATAGCGTAGTAATTACGCACGATGCGCAGACATGACAATTGCGCGTATCAGCCAACCGAGGTCTTGAGTTCAGTGACAGGTGGTTGTCCAAGCACTCATACGCTTCGCTTATCAAAGTCCACATCTCGGCATAAGGTCTGACGAGGGCGGGCTCACTGGGCCAGAGGATTTGTGCGCTGTGGGCCTGCATGAATTGGTGCTGAAATTCATGTGCCTACTGCAAATACTAAGGGTCAGGTTACGCTAATCATAGACCTGCAGCTGTGATTAGGCTCCGTGACGAACACGGTAGAGTCCAAATCTCTAGAAAAACGGGTGGGATAACTGAGCAAACCACTCGAGCGGATACGCGTACGGTTAGGCGTCTGCTCTGGTCGACTCGCCCTGGCGGAACAATAGCAATCCCTGGTACCGTACTCTT,739,49.66,Caenorhabditis elegans
SEQ_816974,GACAGTTAGATTTGAAAATCGCACACAAAATGCTAGCGCATGGGCCGGGGGACTACACCCTGTATCAGTTCCACTACTGCAACGGGATTCCGAAGAGGGATTTATCATTGCTGTACAAACGCTTAAGTATCGTTCCAGACGGCTCTGAAGCTAGGCTAAGGTTGGATGCTGTTTGTTAGGGAGATTAGCCTCTGAGCACCTATCCGAAAGCACGTCGTCCGACTTAGACCGTCCAAGTCATGTTCACATACCCCCCTCTAGGTTAATTCCTTCCTATGCACACGTGAACGACCTAACTGCTACTTTGAGAGACGTCGATTCGCAATCGGGAATGTATTTCCTTGTAGTACCAGTCATTAATCTATTACCAGGCGATGCGACTACTCTGCACACGAGTCTTCTGCGCGCCTTAATTAGGGTCTAATCTGTTAACGCCTAGTTGGAATGAAGTCATATTAATTGATCCTATAAGAGCTGGATAACTTAGAATAGGATGGAATCCCATTCCACTATGCGTTGGGTCCTAAATGTCGGGGAACAACCCCTTAGCCGCCGATCACGCCAGCTTTCGACTTTAGTCTAGCTCGGTTAAGGGCCTTCCAAATTTCTGTGTTCATGATAGGCTTGGATGTAACGCTGGCGGATTGACGGAACGAAAGCGATACTAAGTAGGTTTGATAACTGAAGTTTTTAAGTGGTAGCTTCGAAGTCGCGGGCTGGTGGCATCAAGTAAATTCATTCATTAACTTTCATGCTCCTTTAGATCCTCTGGAGATGGTTATAATAAGATTAATTAGGTGCGGTGTGTCTACTATCGATTTGGTGTGAACAAGGCTCCCAGTCTGGCCGCTGATGCAAACATAATTTCATACCCTTCTTTCGCATTCAGGCAACCGCTTGGGATTGTTTCCCTATCGCCTAGAAAGGGTCGATCGACAGTCCCTGACAGGAAGCTTAACAACCATTTCTTTTTAGTCTTGGCTCTCGTTACAACGACAACTGGAACGGCCAAGGCGTCTCTGACAAACGCTCTCTATGATGCCTGGCACCAAGGAGTCTATCACTGTAACTACTGGCCTCAG,1082,46.49,Drosophila melanogaster
SEQ_124800,TGGCTGTTCGCCGAGCTGAGTAGCACTTTGTACCAATTACCATCTCTTGGGAGAGTAGGGAGTTGTGTTTGTGGTAATCGTCTCAGCGACATTTGTTATTATATAGGAAAGGCACGAACCTTCATTCGGTGATTGCATCAGTCGCCTCGGTGGACGTCTCGGCAACGCACCCGTCCCATGCATGGCGTTTCACGGGTGTGAGGTTACAAGCACAGGCCCATAGTCTACAAGATTCGGCATTCGCACTGAGCCATAACAGCAGTACTTCATGCATTCCATACCGAGGGAGAGCGTACCTTACGCGGACTGCTATGTCGTTCATAGCCCAGTCAAGCACCGACGCCGCTGCACACACTTTCTCTAGATCAATAACCTGCGGCAGGTCACACCGAATTCATTTCGTAGCTCTGGCCAGTGGAGACCCAGCGTCATATACGGATAGTAGATGCATTCTGGGAGCAGTCTAGCACTGCCTTGGGATGACCCAATGCAATGATAGGACATGATGGTATAAGCGGCGGATGCACTCCTTCTTTTAGTCATGTTCCAAGATCGCTCTAAACGAGTGGACTGCTTAGTCAGTGAGACAACCCTTTCCGAGCCACGCGCAAACAGCTCATGTAACAGATGTGGACCGTACTCACCATGCTGACGCGTAATTAGGGTGGGGGCAGTTTGCGCACCGCCAATTTTCGCTACACTCTGTCCCACTTGGCCCGGCATATCACTGCTTAATCCGACAAACCCTCACATATGCAACTTGTCCCTCGATGGGGTTCTTGTCACTAATGCCCCAGAGGAGATATCGGACAAAAAGCCTATATTAAGTAGCGTTAGTAAGGGATCGAGGATGAAGCCGATCGCGAGCTCGGGGGTGCCAGAACTCACCCAGTAGTACCTCACGCCCGGGTGTCAAGCGGACCAATTTCGGAGCCCCCATTGCGCGTTGAGAACTCTTCATAATGGCGTGTGCCATAATGTCCTCCCGTGTTCCAGAAAACAAGTAAGCGACATGTCCTATCCGATCACTGTCGCTAGACCAAGTAAAGTGTTAGAGCGGGAGCGACACTAGGGGTACAAGCCGTGGATCTAAGACATTGTCTTGCCAAATCGAACAAAAGGTGCGCTACCCGGAAACGAATTAACAAAAATCGTGGTACATGGCTACACTAACGTGCAAACCGACCGCATCTAGTAACGACGCCAGACTGTATAGTCTTGCGTCCCCGGACGTGGACCCCGACCTACTAAAAGGAATTTCCTTATTTCGCACACGACGCCCTGGCCTCTACCTATCCGCGGACTGTGCGCCCAGGGGTGATCTAGGAAACCGAGGTTATGCTCCCTCTCTTGCAACTATCCGGGCTGGATCAGTTACCTTGTTACTGCGGGGCCTCAGTGGTAAGCAGCGGTTGTGCTTCATCACCAGGGCGCGGCACACCTACGTCGTGGGGAGGTCATTCCACAGCTGGCCGAAACCTCAACACCCGTTCGGAGTAACTACCATCAACTCGTATGCGCCTTAGGCGGGGGATGTTAGCGGAATTTCATGCGATAGAAGTGCTAATCACACTAAGCTAAGATTGAACTCGGTAGCTCCTCTCGTGTAGAGGGTGCCACAAAATATAGTCGGCATCTGAACGAATCGCCTCATAGATTGATTCGTCGGTTGTATTTCGTTCGCCAAGCCGAGCGTGACCCAGGCATTCCAACAATAAGGGACTATTCCTGTTTTTGGCGCACCCGTGCAGTCCTTGTCCGGGAAAGTTCTTACTGGCTCCCCGCCACATGGTCCACTTAACCAA,1805,52.08,Arabidopsis thaliana
SEQ_684099,CCTGCTAGAGCCTCTCAGCATCCGGTTCCCCGGTGCACCCGTTATACAATATTGCGGTAGATATCTTTGGGCAGACTTAGGGTCCCCATTATCGCATTTAAAACCTTGCCGT,112,50.89,Caenorhabditis elegans
SEQ_684788,TGTGTGAGGCTAGAGCGGATCATAGGGACGGGACGAGTTTGGTCGGTTGAGTAGACCTCAGTAGTATAGGCAAGGTCGCAGAACGAACCTAAAAAGGTTATGAGCTCATCTAAATTAGCTCAAGGCGCGAATTCGATGTTTCCTGATCGATTCTGGCTCTCGGTAGATTCTCAGTGGAAGATACGTGAGATTATATCCCGCGTATTTTCGCCCGGGTTGCGTCATACATCGGAGTTCTAGTACTTTCAGTGATGCACAGATTTAGGTCTATGCAAGAGCCGATCCCAGGGCTGGCGCCTGTCTGGCGCGCCGACCCCGATTGGTTTACCCTTAAGCTCCAATTTGTAGCGCGCTGTTTAAGAAGATGCCACGTTAAGGCTTCAGTGTCTTTACCCTCACGTTGAGATTCGCTACTCGTCCACGACATTTGGATGCCAATCCCGTTGCATCCAGACTTGGTCAGTACTGGCCCTCTCTCACTTTGCGCAGGTCGACTCTAAATCTCCGAACTCTATGTGGACCAAGACAGAATTTAACCTACAATTTGTAAACCTGCAGGTAATCACCATGACCAAGTATGCGTTATGCCTAAGATCTCAGACATTGCAAAAGGAAGAATCCGAAGGGAGTCGCGGTTCATCAGTGTACCTCTACGTAGCAGACCCCTCGCTCAATGGTATGCAGTCACGTGTTCAGCGCGAAGGTAATTACAGGGGAGGCCTGCGACGAAGGATACATAACTTGCCACCTAGTCTCGATCATTGTAAAAACTTGTAAGTGCTGCGCATTCATAGCCCGAACTATACAACCTTCACGATACTCCTTGCAACAAGGTTATCACCATATGGCTAAACGCGTGTGCTCCCCTGGTATATTTTTAAGTAGTGATGCCTAAGGACAAGCATGGTCTATATATATGAAATGCCCACACCATTGGGACGAGGTGAGTAAACAATTGAGTTCGTGACTTACGGAACAGGCACCAGAATCCTGCTTATATAGGCCTCAATCCTCGCAAAACACGTGTGGACGCCCGGGAAGGCAAGTATTTGGACTATATACCACTACCATAGTTGCGAATTTAATAGGTAGGAGAAATAAAACGAGCCGTGCTCGAACTCACTGCTGCACGGCCCGATATGTACCCAGAAGGGGAGTATAACCGCTCTGAGCCACCCCGCGTCCCAGATACTGGCTGCTCCTTCCAGAGAGCTGATAGTCGACTCACAACTAAGTTCAACTTTCGCACCTCTAGTCGATCGTCTCACCGTTGTTGGTTATGCCTTCGCCTCAGACTACATCTCTGGGGCCGTGTTGACTGATGGGGGTCGGACTGGGCTGGTTTTTACTTATATACAACAGGATATCTCTTCAATCCATACACAGGTTGCGGTTGTGGTCGCACGTGTT,1410,48.72,Homo sapiens
SEQ_891905,CTCAGCGCATGGAAATGTGAGCTCGTAATTAGCACAATGAGTTGTTGAATGTGGCCGGACAGGGCGCGCGAATGTTGGGCTTCGTACCGGCACGACGTCCGCTCATTGTCACTTTAACCCAAACGTGAGAGTCTATGTTCAGGAAATTAGGAGCCCAAAAACTATCCAAACTCTGTTAGCCAGTTAGTCCTTTCAGAACATGTCGTTCGCGGCACTGTGGCGATTGCACGCTACTTATTTCGTTACTTGGGGCATTTCAAGACACGGAGTATATGAAGGCGGGTATATCATCCGGATCACAGCAAAGAAGGGCGTGACCTTATCGGGACACCCGTGAAATAGCAGACTAGAAGTATTTTTAAAATGCTGCCTTATCGATGGGGAGTCTATTGTAACCACTGAAAACTGGTAGGGGTACGTTCGAGTTATTCATTGGACGATGCCTTAATAATGTCCAAGCAGGGTGACTAACAATTAGAACGGGCCTCCTCCACAACGAGGCGAGCGAAGAACGTAATTCTGAAGCTTACGCGAAGCCGGCCGCAGATGCTGGGCGTGTTGGTTGTTACTTTCTAGGGTTCAGATCTCTTCTTGACCTCGCAATAGTTATGCGTCCTGCGAAATCGAGTGCCCTCGAAGTCTTAACCTGCATGAAATATCCAATATGCGGTTCAGAGGGAGCCACATCGCACGGTCGTAATCAAAAGTTCCCCCGACTGAGGTGGACCATTATAGTGATATTTGTCTCGGAGTCGTTACTGTGCATGTCATAGGGGCTTGTTGGCTATGTACTCGGGCCTGTACGCATCGAGACGAATAGCATCGCGAGTGAGGGCACAGAGATGTCTGCGTCGCGCACTTCACGAAGGGGGTCGGACATTACAAGATGGCGGGACAGGAGATTAGATTGCCCTCCTCCGGCATAGTACGGAGGAAACGGGGTTGGCCTCTGGTTGCCGGCGATCACGGCACTTCCGCACCGTGCTCCCCGGTTCCGGAGTCTTGACGACTACGTATACGTCCATTCTGCAACCACCAACGCTTCGACTCAATCCGACCAGGCATCGGCCTCTTCGGCTTAAGGTCCGGTCGTCGTTTATGTCTAGGTAGCTCTGAAGTCTACTCCGGCGCTACAACGTTTATCCGCACGATCCAATGAGAGACAGGGTTGGCAACGGGGGGAGAGAACTTAGTTAGGACTTACTTTCGACTCGAACTCCATAGCTCACGGTGGCAGGACACGGATCCGTCTAAAAGTCACCCACTGCACTTTGACGTGTGTCTTCTAATGCCATTATTACATAGGCAGAGTCGGGCGAACCCCTCGGCTTGTCCGCGCGCAGCAGCGATCCTAAAACTCCTCCCAATATTCAATATATTACTGTTGTGACCTCACGAGACCGAACACCGTTAGTAGGACATAACGGATCATAGTGGTACCCGGTAGTTACAAGCAATATAGTTGTAGCTAAAAATGGCGTCACCTCGATCTCGCCGTGTACAGCCCAAGTAGTGCACCGCGCGCGTTGTACCGATACTGGTTACGAGTTGGGCTGCGTCCAGACTGTTCAGACATGCCCCGTAAACCCCTTTCCACGCCTTCTATTTGAAGGTCCCTTGTGGCCAGGCATGGTCACGTCAAAGTAGTAGAACCTAGCCCAAGAATGCAGTGCCAATATATGTGGCAAACCGTCACTCTGAGCTCTATCGCGCAAATGCTCGCTCTCTCTGAAT,1734,51.21,Drosophila melanogaster
SEQ_528196,ATAAGCGGGGGGACCCCACCTCGGACGCACTCATAGCACGTTACGAACCATAGATCTCCCAGTTTGCTTCCATACTTCACTGTGGTAGGTAGTGTCTACACAGCACTAACCGCGACTCTAACGTGAGTTATTGTAACGGGAACAGCTGTTCTCGCCCCGTAGGATAACCGGGTGAGCGCTAGCATTTAGGAGTCTAAAGTACACGCTGCCAAACACTCGTGGTCCGGTCGCAGTCGCTGGACGGTCGTGTACGACAGATCGAAGAATCCGCATTACTCCGGCCGAAGTGTTACCTCTGTCACCTCAACTTTGTGGAACATTATCGACCGGACACCGGTGGCCCTGTTCACTTGTCAGTGCGCGTTTACGCTATGGCAATCACCCTGAAAACATCTTTAACTGCATTTGAGCGTAATGATAGCGCGTTTGCGTCGCATCGGTTATAGTTTCGAGGACTGACAGAAAAAGATGAAAGTTTTACAGCCACCATGAGCTCGCTACCGTACAGTCAAACGAAGTGTCGCTTCACGCCGGAGTAGCGCGAGTTACATCGAATTGCCTCTGATCCAAACGCAGAATATTCTTGGCTCCCCTAAGCTTACTCGGACGCGATAACCGAAGGCCCTCCTGCAGCATTAAACTATCATATGCTCCGCCTTGGCGAAAACGAGCAAGGAGGGTTAAACTCGACCCGTGTCTTCTCGTAATCGCAGCCAGATATTTACGTCCAACCCAATATAGCTTAGGGTGGATTATTAACACTCCTAAAGCTGGGGGCTTTTTCTTTTCTTTATATCACTGGCCCGAACCGGTTGCAGAAAGAGTCGTACATGTAGAGAGGAGGATTATCGAGTATGCCCCCAAGTGACTCTAACAAGCATTCTGTGGTTATGGGTCCTAATCCTTGAAGCGCGTAAAGCGGGCTTCGTATGCAGCAGACGCTCCGTTATAGAGTGCGATGATACTGGTGTATAAACCCGAGGGGACTTGCGCGACACTCCAACGCGATGTGGCATCTTTAGGATGGGCGGTGTCGTTGCAGGAGACGCGTATGAATCCCTTGTTCCGATCTCCCTCGGGACCTTTAGCACTGGATCTTCGCCTGACTATAACCGGTTTTGGGTTGACTTGGTGTTAAATGGTACGGAAGCCTGGTTATACGAATCCCCTTGTCCATCCGTTGGAGCAATGGTATCAAACTGTCATAGAGG,1211,50.37,Drosophila melanogaster
SEQ_540236,TAGCACTCCGACCGACGATGGAAGCTCGCAAGGCGTATTCCACTTCTAATTTGGGTCGCAAACCTTCCATTAACTGTGCGGCTATACAAAATGAAATGCGGACCTATATCGGGCTATACATCTAACATGCGGGGCGACTCAGCGGCTCCAATGGCAAATCATGCCCGCGTCTGTTGATATCGGAAAGGTATGCAGCGCCGAAAACTACTGCTCCCGGGCTAAAGTCTGTAATGACGACGCGAATCACGGGCCACGTCCTACATCAGGATGCATGCTGAATCCGGATAGCCAGATTTCGCTGTTTGCACAGGGTCATGAACAACAGCGAAGCTAGTCCTTGGCCCTTCATCTTTCGCGGCATTCCTTTCGTAATGCACTTGCTTATATTTCCGCGGTTTGCTCGTAGGTGATCAATATTAGAATAAATCCGGGACCTGATGCAAACGCAGCAATTGGGCCATCCTTCCGTTTCGTAGGAGGAGCTGGTATTAAAAATACCAAAGTTTCCACCATCATGGACTGCGCTCCTTCATGGCTCGAATGATTTAGAATAGCGTAGGGTACCCAGTGAAAGTAGTTGACTCGCGTCGGTGGTGCGGTTTATCGAGCGCGCTTTCGCCATTTTG,626,49.84,Arabidopsis thaliana
SEQ_113724,GGGGACTCATGTGTTCCAGGGGCGGCGAAATTTGTATTTTAGACGTATCCCTCATAGCTTTGTCTTTCACAACGGACCCCCGAGCTACCCTACTGGCCCGACATTTATGTTACTACAGACATAATACAAGCACATGTGCTAATCTTGAGCCGGATAATATCTCGTTATGACCGATGCGAACAACCGAAAGTAATCATGAGTTGGAATTCCAGGGGGACTACTCCGCCCGTAGCCCTCCCACAATCTTTTGTTCATCATGCGCCAGACTGGGCTCTGTTCGGGTGCTCCATAGAAACTCTGCAACAATCGTAAGCGGATCGGAGATCACAATGTTCGCATTGAGATAATACTTTTATTCGTTACACTTGCGCGGAGAGCACTCAATGGGGGGCATGCTGACTGTACATAATACAGTCCAGCCGAGTCTCAGACGCTCTATCTCTGCATGCTGTCATGAC,458,48.47,Escherichia coli
SEQ_223859,CTGCAATACAGGTCGTATAGAACCCCACAAAGAATTGCCTGACACAGGCAGCCCGGAAACGATCTGCGGATGTAGGTGGATGAGATTTCAAAATCGTCTTTAGCTATTTACATCCCCGATTCCCCATACAAGTGTTGAATCGGTTCACGCTATTACTTTGTTGACTCTCCCCAAGTCATAATCGAAGTGGCAGTGTAATTCTTACTATTCGGGTTTCGCATGCCCAACAGTTTCAGCTTTTCTCCCACCCTCTACGGTTCTCCCTATCGTGAACCGACAATCTCCGTGTCGCACAGGCAGAGCAGCCGTTCAGGCCCGGTCTCCACTGACGTGATGTCTGGCCATCCTCCCTTAATCAATAGGGGCGCACTAGCGATA,378,49.74,Escherichia coli
SEQ_584615,GTGGCCGTAGATGAATACGTTACGATCTGAACCGTTTAGACCAGGTTGGGCGGGCCTGGATGCAGAGTACACTAGGGCTAAGACGCGGAACGTCTTACATAGTAACGACGAGAACTAAGAAATTCGCCTTCCGTCTGTCTTGGTCAATTCAATGGGCAGCTACCGGTTCTGAAAATTACGCCGGCCTTCATCAATAGCTGGGCTGGCGATGTTAGTTCGCTGCAGTCGCCAAAGGACCACTTCGGAGACCTGAGCTCCTAGACTATGTCGCGGCGAGTGACGGTTGGGTTGTCCTGCGTATCGCTTACGGTCAATCGGTGACGCCATGATGGCGCCGGATTGATCGTCCCCCGTCGTAGAGATCGTGTATGGAGG,375,54.13,Escherichia coli
SEQ_482131,TAGAACGATAGCACATGGGCAACACGTAAACCCCCTGGAAGCAACGGAGGCCTGGCGTTGATGAGCCGATTTTCATTATGTGCAACCCATCCTGCTTAATAGCATATTCCGCGGGCAGAGGTTTTTCACCAAGACGGATAGCTAGAGTGCGAGCCTGCTCGCCTTCGAGCTCGATGCACACCACATGAAGCCAAGAGGACGTACATTGATTCGATCGCGCCAGAACTCTTCCGGGAGCATCCAGGGCCAACGAAGTCCCCACCACACGCATCCTTGGAATTCCTAATGAGATCACTGATGAAATCGCTATTCTGGTATATGGCTGTAGCCGATCTCAATTGGTAGTTACAACAAGGTTATCCATACGGACAGCAACGCAAGCTCGACTGTTCCTACGCCTCTTAGACCGCCGTGCGACCCGCTCTCAGTAAGCGTATGACCAGTCTAAGTCCTAATGACACTATGCCGTTCTGGAGAACATTGTGTATGTCAGCCACTAAGCTCAACCTTCACGGCTGAACGGCCCGTTTGCATCGGAGTTAACCGGAGTGATCGAAAGTCCAAAGCCTTCGGTTGGCTCGCCTTACCTGCAGATCAAAGGTTCTCCAAAGCTGGAAGGAACTCTGGCACCAGCTCGCTATACCACACTCTGCGGAAGCGTGCGCTGCCGTACGTCATGTACCGCCTGTTACCCTCGGGATAATGATCCGCGTCCCAGAACCTGTGTCGCAAGGTGTTTCCACGAGACCGACACTCTTAAATGCTCCGCGTTGGCCATGGACTTCATAGCGAACACCCTGAGGGGGAGGTAGAGGAGAAATTGTAGGCGATCCGGACGGAAGGGGGACCAGTTTCAAGTTCCTTGAAGGTGGCTCTCTTTGCCTACGCCTTCCGGGCTCTACAGATACTCTACGTGATGCTGCGACATTCGCTAAATTTAGTCTCTGGGTATGTGTCAGTCCCATCGAGACTTATGTCGCTGGTACCTACGTCGCTCCATGTAGGCCTGAGCCTGAAGCGCCCAACGCGAACCTGTATCGTTAAAGTTGCCGCGCCTAAGCGTATGGCACCGAGATGCATAGGATCCTTTGAGCTGTGCGCAAACACAGAGAAAAAGCGTGCTTATCTTTCGTGATCCTGTCAGGGTGTGTTACAGTCCATTAATTATACCTCATACCGATGCTCCGGAATCCTCGTCCGTATCAGACCGAGTGCTTATGAGATAATTAGGCAGGACGAGCTCACGAGCCCCAGGTGATCATGGCGACGGGTGATCTAAATCAGGACCCGGGAATGATTTCAATCTAAAAGTTTCTCACGTACCGATATGGGTGTGAGCCCTGCAACGCTGGATTTGGGACATCCCGCATGTGACGTGTCCTTCGCACCAGTTTGCCGCCCTTAGTACAAGTAATCTGCTAGTGTGGCATCTCGTCCTGAGTGCATAGATGGGATAGTTAACGCAACACAGTATGGAGAAGTACTTATCTATAAGAATGCGACCCCACTACCCAAGCGCTTTTCAGAGCTAATCCAGCTCAGTACATTAGATATGTTCGTCAAGGATAGGGTTAACAGAACATGCTACCTTCGGTCTGACATAACCGAACATAATTGCGAGGCATACTCGACACACTAATCACCGATGCCGATATTTCGAATTTGTTCTGG,1671,51.11,Mus musculus
SEQ_757214,CAAGCGTCGTCAAGCTTCACTGAAACAAACGATAGCCAGACTGCTATGGCTCAATCGAGCACACAGCGGGGTCGTGTCCGAAGAGACACACCTAAATAGATTTCTAGCGATGGCGTGTAATATCCCTATACTCCCGCACAGTTGTGCGGCGCTGGTCGGCCTCTGCTATCCAGACGGCCGGCCTAAAGATAGGGAACGTATAAAATTGCGCTATGGGTACACTTAGTTTTGGTTCAGCGCTGCCCAGACGAACTGCGTTGAGAGGCAACTGTCTTCGCTTCTCCTAAAATGGAGGTTTCCGTGGCAACACCTCGCAAGCAGGTTGTATCCAACTTTTTCCCAGCAGATGGGCCTGGTTACGACAGTGTATACAATCCTTTACCGTATTACAATGAGCGCCTATCTTGAACCCACACGCGCAAAATTCAACGCGTCTTGTTGTGGGAGGAACACTACCCTCGCCTTTACGAACGATCATAGCTATCGTTTTGCTTGCTGCAGTTACGACGGGGGAAATCGGGTGTGAAAGTACCTAACGACGACCGGTTGGAGCAGAATGACTCACAAAAGGATAATCTCGACTGGCAGCAGTGCAGCGCGGCCAACGAGAGCCCCTCACGAAGGTCAAGTTAACTTAGCAGGTGGTTATGCTTCTAGGAAAGTGAACAGAACAAAATGCCCGTAGGTAAAACTCGATGTCCTCCTTTGCCCCTTCCTAGAGGGGGCAATGCGAATTAGGTCCCTGCAAGTCCAGCAGGTTTAGCCGCGGAGATGAAACTACCCCGCGGTATAAGCCTACTCTCGATCGAAATGGTAGAGAGAGAGAGTATGGATCTCATGTAATCTTAACTAAAGAGCGGCCTCTTAGGCTCCGCGACAATTCCATACTACTATGTCTTAGTTGACTCATTGGCCCTGTCATTGGAAGACATACATTTACGCGTTTTCCAGGACTCGATTCGTACAGATCCCGCACGACGAGCTCCTCACTACAACTCGGCCAACGAGACAGGATCATGATCTAAACAATAGCCTCCCTTCGCCCACACCATTCGGAGGAAAAGATCGAGTTTTACTATGTGGCTGCCCCTCTATTGAAAATCAAGGTTTTAGGCATACACCCTGCGCCACCACGTCGAAAGTTCATCGATGAGTAGGACGAGATATTACTACCCTGGACATCGAGCCTATAATCTAGCTATGTATGACACTACCTAAGTCCTCAGATCACGAATCGTTTGTTCAGACTTTTATTATTGAGGCATCACGGCCGGCTACTACCAGAGCGTAAACCACCGATGGCCGGCTGGTTTTGGAAGGAATTGAGATTCGCCGTCATGTAGGGGTTACGTGTCACGGTCGGAGGGTGGATTATGTCACCGGTCGAGTAATAGGGGTCGCTGCAATCCTCAACATTCTAAAGTTCCCCACGAAACTGTTGGTCGAGGTGCACGGATAGTGCAGGCGCTGGGAACCGCTGATTTAGACCCTCTGACATTTACATATTTAGGATCATCCATTTCAACATCCGGGTTCGTTGGGTTCCCGTTACCCAGATCTTAGCGTAACTCGAAGAGCCTCCCGCACATCTGATTGGCATAAAGACTTGTGAGCCCATCCAAATGTCCCTAGTAATCAGAAATGGCAGCGCGGTCTGAAGAGGTGCGAACCGCAAACAGTGGCCGGACTCGCATAGCGCGGATATGCTCAGACTTTCTGGCTATTGTAGGCAAACTGTAAACTATATCGCAATT,1754,49.71,Drosophila melanogaster
SEQ_733498,CTACATTTGGAACTCGCCGTTGACATTGTCCTTGGTAGCCTGTCTCGATAGCTCCGAGGCAGTGCTTATGCGTCACAAGTATCAGTGGGAGCTGGGGTCTTTAAAGAAGCGATGTCCTTGCCTAAGTAGGAACTCCCCACACTCCTAGGTGGTGCTGAGGACTGCGGTATCCTACTGTTACTGGGTGGCCATAATTTATACAGAATCAGAGAATCGAAGGACAGCACTTACAGCTAGGTGTTCGGTGACCTCGTCGTTTATAGCTGAGGTTTCCACGGAAGGTAGACGATGAGGATTACACTTCGCGCATAAGGCATTTAATATCTCCCAGCTAAATAGGCTAGTACCTCCTCAAGGACCAGAGAACCACTTCTGAACGTGACTCGACCAGGTATGCAAGATAAATGAGTCGGAGGCCAACGTTCACGTACAACCGTCGATGCGTTATGTACCTACCCCCGGGCCCACACGCCCCTCAATTGGAGTCGGTCGCATCCACCATTCATTACACCCGGAGCTACTCCCTGGACCGTCGAAGACGCCGATTTATGGGAAAAGGCGGCTGTTCAGGCACAGGAACAACGGCTGCGGGTCAATCGTATCGTTCGAATGGAGGAGAGTGCGTTTCGCTTGCTAGACCCGGGTTGTGATTACAGCTTCTAAGTTCAATGCGCGGACGTAAGTCGGCATATCGGTCGGCGGTCCGTTGTGGACTTGGCGAGTAAGACACAATCGGACTCTGAGAGAACGGTGTTAATTTATAAGCCTTACAGGTAGGGAAAGTATCCGATCGTTCATCCTGCCATAGCGGGTTTTCTGGGGTTGTACCCTTTTGTGTTACCGAATGCACTAAAGACGACGTGATTGCTAACGAGGTCCAGTGTAGAGTAGGGTCGTCCGTGAGGCGGTTTCCCGTATGTCACCGCCAACAGTAAATCGGTATGACGCAACTAGGCATCAAGAGAGTGGCCTGATGCACGTGACTTCAATCCCGTAGAGAGCAAGCTAAGGTTTGA,1016,51.28,Mus musculus
SEQ_787642,TTTAGCAGAAGCGGTGAGGATTAGCAGCGGTCGGAATCACGTTGCTTCATTTACGTTCCAAAGTCGCTCTTGATACGCTCCATCTTTCCTCTCGTCTGAGATACTGCCCACTCTGAACAGTTGACTGTTGCATTTCGGTACAAGCAAAATCGGTCGGTGTTTGTCCAATGCAAAGTTTACAGAGGAAGGTGCCGATATCGCGAGTACATAGACGGAGCCAAACTGGAATTTACGCGAAAGCCATCTTCACCCTTGATGAAGTAACGTAGATTCCGTGACTTGAACCCGCGAGCTCATGGAGAACTTCCACCACTACTTGAGTGATAAGTTCCGCTGGGCGATATGCGGCACTCCTAAGATGACGCCCGGCGACATTTGGTGGATGTCGGTCCTGATACTCCCTCAGAACCAAAACTCATCGCCCCCGGTTTGATCGCCGCGCCTACAGGCACCGATGCGGCGCTTCAAAGATTGACTATCATACGATATACACTTGGACAATTCGGCGTTTAGCACCAAGTCCATAGTTCCTGTAATCAGGTTGGAGGAACGTGCTCTCTCAGCCCTTTACGGTACACTCTAGTCCGGGGAATTTACCCCAGTCCCATCCGCTAATATTGCGTGTAGAACGCGTAATGCCTTTCGGTTTGACCCGAAGCATACAGTGCGGTAGGTTCATGAGACAAGCTAAAGACTGATGATTTCGCCTTCTATACTATGATTCATGTTTGTGACAAATTGAGTGGTAATTCACTGTGTCAACGCTCGGAACCCCTGCATGTAAGGGGCATGTAACTAGTTATCGACTAAGAACGCCGTGATGGGTCGTAAGACCAGTAGTTTGATGACTTTTGAACAACCTAGAGAGAGCTTGATTCGACGCTGAATGGTTGACACAAAATTCAGAATTGCCATCTGGAGTGCGAGTCGAGCGATCTTAATTTACGGCGAGAATAAAGCTGAGTTATGAGTACTACCTACGTCTGTATGGCTACTGGCAAATTGACCCAGGGTAGTTCTACGTTTCGGCCGTCGAGGTGCCGGTGGCCTATAGTGCGCACTTTTAAAGGGTGAATATCTAGCCATTGGCGCCTGCGTGAGATGCTCGGTACGAAGCCGTGAAAATCGTACTATCCATGGCGGCACGTTACGTTGACCCCACAAGCATTAGCTGCTAATGGCATAGACTTATCGGTGCAAGGTTAATTTACAAATTTCGAGCAGGACCTAGTTCCGCTCTTAACGTAGCGGGAGGCAACCCAGTATTCCAGAGATATTTGTCTTCACGGGTTAGTTGAGCGCAGGTAGACCTCGCTGAAATCACCGTTCCGAATGTTAGCGATGCTGGGTACAGTCCGGCAGGCTTGCATGTTTGCCTCGCCTTAAGCCTATTAACGTAACTAATGTTCGCGTCAATAGAACTACCATCATAGTTAGGTGCCAAGGGGGCGTAGAAATACCGGATGAGGCGCAGAATGGGAATTCAGTCAGAGAGCTCTGTCGACTTCCCACGCTACACGCAAGGAAGCGGAGTGGTAAGGAGCTTCGGTACTGGGCAGGAGCCCGGATTTTGGTCCTGATTCCTCGTCCTTCT,1594,49.31,Saccharomyces cerevisiae
SEQ_637490,GCACAGTATTAAGGTATGTAAACTAGTGCCTCCCGATTCAACGGCCAATACTGCCCACA,59,47.46,Homo sapiens
SEQ_299085,CTGCCGGCGTGGAAAACCCAGCCTTTGGTCGTGGTAGCGTGCTTGAAAGCTCAATCATTGGTATGGTTGTCATGATAGTGGCAAAGGCCCACAACTACCGTTTGGGCTCAGATAGGAATATCTACGGTCTGCCAGCCTAGATGTCAGCCCTAGGTGAATAGGTTGAAGTGCGGAGTAAGCAAATGAAATCGTAGCCGGTCGCAATACTTTGTCAAACGGTGTAGTGCGTGACTGAGAGTTGGAGTCTATCTCTGTAACGAGCTATAGCTCTATACATTTTACTCGTAGAACTAAATACGGCGCGTCAGAACCTCTTAACTCACAGATACACCTAATCACTATCACACTGTGGTGTCACCATGGTGGCACGACAGCACACAGAAGGTACCATAACTTGTCTTAATTGGTAAAACTCCTCCGTGCGGTTAGCCACATGATCCGTCCTCGAATCTCCGCGTCGCTCCTATGGTAATGGATGAATAATAGTGGCAAAGCCAACTGAGGCAGTTTAAGCAGTCGACTCCTCGTCATTCTTTCATCCGGAGCATGGCACTGGAGGCCGAATCCTTGTGCCGTATCACCATTGTAATAGAATTGTTTCGATCATCTCAGTGAGAAGTTGGGAAATGTACCCCAGAACCTTGTGGACAAGCGGGCTTCAGGTGACTCCGAAGATGCGATCTTATGGGATGGAAATGTCGCTGATTCAGACTAGAGTTCCTTGTCGTCCAAGATGCGGGTTGCAAGTCATCCTTACAAATAAACTAGGAACGACTCGTGCCGGTGGCACACTCCTTATTTCCCCAGGGGTCCATCACTACACGTTTAATTTTAAAAGGTCTGATTGTAGACTTACGCCCGTTCAACGGCACCCAATGGATGAAATGCGGCACTTCACATAATTTACTCTTCGTTAGCTGCGTTAACGCCTAAATCTGGACTACAGGTCATTACACGGTGGCCGAAGATCGCGATTTAGGCTCACCCAATTCATGCTATAGCTGTAAGAGTTAGGGAAATTAGATTTAGGTCCGCTTAAACGATTTATTCGCTGTGTCACGCCATCGCCACTCGTATATCAGGAGGCTTATTTATTTCGCCCGGAAAGATGGCCGCTCCAGGTCGGATAAGAAGCGAGTAGGAAGGCGAGATCCCGTGTCGTAGTGGTAATTTGATTAGATACTCGCTGCCGCTTTTAGAGCCCTCGTCTTGGCCAACCCCGGGGCTAGCTCCTAACAGGGGCGTCTTGGCCTGTAAGCATTCAAAATATGCTCTTCTATTAGCGCAGTTATGTCGCACGGTTCCGAGAGGTTGTTACGTCGGGGAGAGCTGCCAGTTTTTGTGAGTTCCTAAACGTGGTGGCCTCGTAGAACGCCTGACAAGTATTATCTAGTTTGGGGGTTTCGTAATCGAGGGAAATAGATTGCTCTTAATACCGGACGAGTTTTCTGAACTGCGATGAGGAATCCGGCAAGGCTGGCCATTCGGCGTTTAGGAGGGTTCACATTGGCTCAAACAATCAATATAAGAGCGTACTGCGTTATATTTGTCCGACCAGCACATATTTTTACTGTCCGGATGAGAGATAGGGTTTGAGCGGGATGTGAGATGTGCGGTAGTCTGTGCTGGACGACCCCTACCCAACCACAACAGTCGAGATGTACGCACTGCACGCTTCACGCAAAACCCCGCAGTGGGGAGACGGGTCCTTTCCATCCCGGAAACACCCCGGCTTACTTGGTGGACTAGGGGGTGGTGTCGAAGCTGATAACTCGACCCTAATTAGCGAGATTCGTAGTGCGTAAACGCTTTTCA,1815,48.98,Caenorhabditis elegans
SEQ_618240,TAGGCAGGTACCCAAGGTCACGCAACATTATCCCGAAACCCAAAGACTGATAATATTTCGCGGCGTACCTCGATCTGCTGCGCAGAGCACCACTTATAGAATCGGAAATAACCTGCAACTCTGCTACCACCTACCATACCTTTGGGCATTACTTGGCCTATGCCGACGTTTCCCCTCGCATAACCGTACAACATGCTCGGAAATCAATCTGTCGATTCCGTGATCAATATAAGTGAGGATTACGGATACCGTACGTAGAACACTACAGGGCAGGATTCAACATAGTTTGTGCAGCCTTTATGGGATAGTAAAATTAAGTGCCAGTTTTCCCAGTATAAGCAGTTCTCGGGCGATTGAACAGTGATGCACGAGCAGATTTGCTGAGGTAAATTGCTTCTATCGGATCGCGATTAAACATTTCTGAAAGAAAAATATACGCCCTATAATCCCACTTCGTGAAACGAGATGGCATAGTTGAATGATGCTTAATCTTTAGGCTTCTAGCTTAGGCTTTAGCCAGCCCCCCT,527,45.16,Drosophila melanogaster
SEQ_996643,CATAAAGCTGGGGCAACACGGCATCGGTCAAAGCTTGCCAGATCTTTCCTGTTTGTCTACGCAATTGGATTCCATTCCCTGCCATATGGTAGTGAAGCGTGTTCCGCTGACGTGTTCGGCTAAGGATCTCCACAGAAGAGGGAGAACCTTATTTTAGAAGACTGTTGTATGAGCTATTTAGTTTTTAATAATTGTCACGCATGTGCTGGCCTGAACCGGGTATGGAATTCGGTGACACTTCAGCACGCCTCCCTTAGCCAGGTTGGCCCTAGGCGGACCCAGTTGGAACTGTCACTCGGTAGTTGGGCGGTTTGATATGTCTCATCGTCGTCATATATCATTTGGATTAGACTAGGAATTTCCCGGAAGAGTTAGCTAACTGGACTTATCAGGCCATCGCAATCATCTTTAAGCATGTTATCATTATTTGGCGGTGCTATATCTCTGCAAGCGAGGGGTTGGCACGATTACTCTAAGATATCCGTGAGTGATTTGTTCTCTCCTTATCCTCTAACGTCTGATGCCCCGGGAGATCGAAACGACATGTCGAACACGACGTCAGATCGCCCGAACAACTGAGGCGCGTTAAAAACGAAATAACCATTCTGTACGAAATGACAATCTTGACATGTGTTGTGAAATCACCAAAAGGATCGCCGTCCGTATAATAACGAACAGTAGCGCCAAGATAGGATGGCTAATTTCGGAGCGCAAAAAGTCATAGAAACATAAGCGGACCGGACCATGGCGCGTCCTTTACGCACCTTGGACCTTCCTAAGGGCGCAAGGCTAAATGTTTACCCCGGTAGACCATCCTCCAGCCACTATAGGATCTATTCTATTCATCCCCCAGGTCCACAAATAATACAGCCCGCTGAAATATGGGATACTGTATACATCGACCAACAGGCATCGATCACGATTTGTGAAGCGACATTCCCGCCGTGAGTATCAAAACCCCTTTTGTTAATATAAACAATGCGGGTATCATCCCAGTCCCGGCTTAAGTCCAGGCGGTGGGAGTCATTAGAACTACTTCAACCTCCTCGATCTGAAGTTTTGGCGGGTCGGTCGTTCATCACGCCCGCTGGAGCTTCGGGCTTCCACAGCCTTGGTTGAAAATATCCCGGGACCGCAACAGCGAGCGGGTCAATGTCCGCTCTAAACCAGGAGTCTT,1177,48.43,Saccharomyces cerevisiae
SEQ_950036,AGGCAAAACGCTTCAGCTGAGTTCCGACCGGACCCCAAAGAAAGACAGCACTTCCAAGGCTAGTGATTTGTGCTCGATCTCGTGCAACATTGCCCAATGGTTCCGCACACCAGAGGTGAGCGAAGGACTCGTGCAAGGCAGCCCCCGTTGTGCCAGCCGCCGGACTTGGCGATGTCAGAACTACGGGTGCTGATAGGTCCCCAAACGCCCCAATCCGGGCGCACGACACGAACCAGCATAGCTCTGTGAGGTGCTAAGTGACTCCCTGGAATTCCTGGTGCGCAGATCACTCATAACAGGCACGAGGGTGTCACTCAAAGACACTCTTACTAAGCTGCTATGACTATTGTTATGAATCAACCCGTTCTCATGTAACGGCCTGTCGTCACTAGCGGTAGTGTACAGCAGTCTCATGCCGGATGACTCACAGGGATCAAGGATCTCTATAATTGTAACGAGCCACGCGTATGCGGGGGGGGATCGTCCGCTAGATGCTGTGCTGTTACCGATGTTCAGGGGTTTCTTGACGGCACTAAAAGAGGCGGTTTTGAGCTTCTGCTAACCTGGCGATAGTGATAAATGAGGAATATTGGGTCGTAATGTATCTCTTTCCCTCAGGGTTCGAGCGGCTCTGCGAGAAGTGGTCGCTAGGGTTCGTGCTCGCGGTAGATTAAGACAGTTCAAGCAGCCTGTATATAGAGCCTGTACTTTTCATTGTCATACAAATATTAGCTTGTCGGGAACGGCCTCTGGCACTTGTGTCCAACAATGTTTGTGCTTACCGTTCGAAGTCTACTACGTTTGGGGTCATGGATTCCGGAAGCCTAGACCCAGACTCATGTGATGTCAATCACATGTCCGAATGAGTCCGTGTGTTTATTATCGTACCTCGAACAGAGAACTCTTTGCTCACGAAGTTGAGGACGGGAGCCGGCAGTTAAGCCTAGGTTTTATGCTGAGAATCATTGCTTTATCAAGTCTGCGATCGAGGATAAGTAATCGGCTGCTTAACCCTGCTTTATAAGTTTTAATTTCCTCCAATGGCTAAAGTTCACAACTAATGACTTCCACACCCTCCCATCAAATTCGGCCAGGAGGACAGCTATTCATGCATCTAAGAGAGATAGGAACCAGGCCTGGTGTTAAGCGACGGTCTGGTAAGGGTCTTATTCCCCTATGGCGGCAAGGTTAAATTGTCGATATCGACTACAGGGATGTTGTTGTTACTATACGGTCCGGCTCTAGCCTAAGTATGAAACAGCCCCGTCACTAGAAGCGAGAACTTTCTCGAGCGTCTTACATGGATAGCAAATGCATCTGGCAGGTATCGATTGTTTATCCGTAACGAATCGGATCAGCTGCAGAGGGACCATATTTCCTTACGCCAACCGAAATCGGCTCAGCGGCCGCCTATGTCCCCCGTCTAACGTGACTCAATTACCGCTTGCCGCGCCTGCGCAAGCGCAAGAGTTCTCCCGGAATGTAAGTGCGCTACACAACTTCACTTCGCCCCCAATCCATTGAGGCCGCCTATTGCTCGTGTCCGGATAACTTTCTCGCGGAAATTCTGCGAGACACTTTGGTTGTGGTCGGTACTCCTCACGGCCCGCGTACAGTGCTAGACCA,1626,50.8,Escherichia coli
SEQ_307494,GCGGGTCTCCGTACATTAACGAATTTGGAGCGAGCATCAGGATTTTCCGTACGTGAATTAGATAGCCTTGGTTATAGAACCCCGCCCTTTCTGGTGTGCAACCTATAGGAAACCGACTGAGTTTTAAGTAAAGGCCCGTTACACGCGGGTCCTCCTACCTCATACAGGTATTTAAGTACGGAAATCAGAGAAGACGATTAAATCCCTATCCCGTATTGGGTATGGATGTGGGTGGTTGTAGCAAGTGCCAGTCTCAATCAGCCCTACTCCTGCTCACGTACAGCAGCTAAGTCGGCTTATTTATGCTACTAAACCACAAAAAGCCCGCGCATTGGCAGTTTACGGGACTTCGGAGCTCACGTTAACCGTAAGGGAGTATAGTCGGTTGTAAGCGTAATTCCCCCAAGTCATTGGAGAGGGGCAATACGCATTGTTTCCATATCAGCATCTCAGACGCCGCTATAACCCACGGTCCGACTGCTAATTGCTCCTTCTACA,498,48.39,Caenorhabditis elegans
SEQ_573299,GTATTTGGAACTAGATTACCGAACGTTGTGTTAGTAGCGATCTATACCGAATAAAAATACCATGCGGCAAACGAAATATATCACGGTACGTGATACATCCGGAATCGCCGGAGACCACAGGCCCGAACGTATGTCGAAGCAACCCGGGTTGACGTTGTAACACACCGATGACTTATTTCGCGAACCTGTTCACAGGGATAAAGATAGCTATCCCTTTAAACCCATGCGCAGGTCGGCAGGCCCTCTCTCGGGGAAGGAGGCTGTAGTGCTGGGTTAAAGACGGGCTATGATCTACATTGGCTCACATCAGTCCGCATACGCCACTTGTTCGATCGGATCTCTGGTAACTTGAACCTCATGCACGTATACCAACTTGCCATAGTACCAGATGTAGCGTTCCTGATACGATCCCCATGATAGCCACAAGGGACATCAAAAAGTCAAGCACTCATAATAACACTGCTGCATCCGGATCGAGGTCCCGGGAATTGAGAAAGTCGCAACCAGTCAATGAGGCACGTGCGTTGCATCGAATGCTCTAAAAGAAGCACGCCCGTATGACCCGGCTCACCTTAGCAGGTCGCGCTCTCGACAGTATACTGCGGATCTATGACTCATACAGACTTGCGAATCATCCCTGCTTCTATCTGAGATTCGTAAGTCCTCCTGGAGCCTATAATTACACGGCGTTACTTCAGAAGCAGATAACATCCGAGAGGTGAATCTGTAGCCTTCCGGAAAGTTTTATTGCATCAGGTGATAACAAATACCTTACTAATGCATAACACGGGTTTCGCCCTATGGATCATTTCACGTAGCTGGTTGGCCGCGATGCATTGTTCGACGGCACGCACGGGAAGCCAGTGGAAGCATAATGCCCGCACACTGTATGGTGATATAATGCGGCGCTGCGGGCGCTTTATACAATTCCAAGCCAATACCACTCTTCGGTTAGGTCAACACCCTTTCATACGCGCACGATACGATGTTAGGAATCTCGATTAGGGCACTCCCCAATGAGTAATTCGCGATAGTCCCTGGACGATACTTAGGTCCCTACGGCTCCACGTACATCCACCTCTGTCCAGTAAATATAGATCACGTACCATAGATAGGCTCGTCTTGCGGTCTATGTCCGATGCCGGATTGTCACTGTAGAGGCGGGTTGGTACGCGGGGCCGACCGTGCGACGCTAGGCAGCACCCGTCACGTTACCGGTCATCCCCTCCGCCGCTAATCCTTAGACTTGTTTTTACTGGCCGAGCCCCTCGGGTTATAAACAGATCGAATCGCAAGGATCGCATGTTACATCAGACTAATTATCGCATACTAGACACCACTAGTCGTCAGTCGGTGTATTGCCCCGGAAGATGGCCGAAGTGTCTCTCCCCCACCCAACTTCGCAGTCGCATATGACGCCCTCCCGTAACAACCGTATAGACTAACATTGGGGGGCTGATACCCGATCGCTAATTGCGTGGCACTTGAGGAAAAATACATGCTCAACCCAGTTGCGACCGTCCTATGTACGCGGGGACTTTTCTCGGTCGGACTTCTCCAGGCCGTATAGTTTTCTTTCTTGTTGACATTCCCGTCAAAAGTCATGCCCAAGTACTCTAATCATGAGTTATGTTGAAGGAATCATCTTAAACGACGTTTGGTATTGATGTGGCCCTCCCTACAACGTTTTACAGTGGGATTGCAGAACTTCACTGGGAAGCAGGGCAGAGGAGAAACCCGGAGTGCACGCGACTAG,1756,50.23,Saccharomyces cerevisiae
SEQ_763986,GTCTTTTGACTGTGTCTACTAGGCATGACTGTGCGTTGACGTTTTAATCCTGTACGACGGTTCAACTTCGCCCGTGTGGACGCTTCCTCCCGGTCTAGTAGCAGGGCGTGTACCGCCACTAGTCGGCACGTTCTCTCTGGGGACTGTAATTTCGCAATCATTTTCCGGTTAGACAACAATGAGAGGCTCACGGGACCTGGACGTGTGCGCTCACATGGTTCCACAGTGTGTCGCTTCACTTTACCGGGCACTATAGTGGACATCCCGAACCGGATCCGCTTGCTGTCGCCCCTAAAACTGGGTTAACGTACACCCTGATGACCCGATTCTGCGCTTCACCACATGCTAAATACCTTTGCAGTATGGGTGTCCCGTCGTAGGCGGCGCACCCTGCATCACGAATAAACGAGTCTTATAAAGAGCTGATACTACCGGG,436,53.21,Arabidopsis thaliana
SEQ_266165,TCTAACAGCCAATGGACCTGAGACGCATGGACGTCGATATAGTGGCGAATTGAGCACCTGACATACAGAGTTAGACATACATGTTACCGTTCGTTTATTTCCAGCTCGACTATAATGCATGCTCTTTACCGTCCGGGATTATCCCCTCCATCGCCTATCTTCCCCTCTATGTTATGTCTCAGCTGAGAGGGGTGGTTCATCCCGGGGCACAAAGCACCCAGACGATCCGGGTTCATTCCTCAAACTTTGTTGAACTTCATCAAACATACGCCCGCGTTACTTGCGATTGAATACAAGACGTGCCTCCGCCAACCAGGATTCTAAACACGCAGCTTAGGGGCTATCCCGGCCACGTTTGGCCTGTCTGGCCTGCTTTGACCACGCCGAGCATGGTCGCATCTCTTATTCCTGATTTTAGGTGTGGTATCTCCAATATAGACTACAGTTGAGCTTTCAATGTTGCAAACGAAAGGCGGCAAACCTAGCAAGTAAATTATGGCCGAGTCAACGGGTTGAGTAACGTATAGCGTTTATCGACTTCCCAATACCAGGCTCCGGCGGAGTTACAGGGACGAGCAGCTGACCCTTCAAGAAGGACGACGGTGCACAGTTAATTCATAATACGCTTATGATCATGATATAGACCCGGATGCCATACGACTAGAGTCAGCATGAATCCGCTGAGGAAGCATCAATGTCTACGTAACATTGGCCCTAGCATGACGATTAGAGACGAATGCCCCGCCCTAGGCCCGAAAATGCAGGCTACCCAAAGGGACGATGCTACTTGGCTTTTTCGGCGTGAGCAGTGATCCACTAAGAGTGTAGATAGTCGTCTACGCAACCGCCGTAAATCCTGCCGCTCGACAAAGATGAGTTGGGCCGAAAGACCATTATCCAAAATTAGCTTCTTAATGTTGGGCGCAGCCGACCGTGTTTTAAGGGTGAAGGCCATTACTGCTCAGAAGTTGGGAACACGGAGAAATAACTAAAATCATAGTCTAGAGGCAGTGTGTAGTTACAGAATCGTAAGGAAAGGCGACCAGTCCTTATCTACTTCTGAGAAAGGAAAATTGGGTTGACCTCCGCAACCGATACCTATGAAACCCTGCGAGATGTAATCGCTCAGGCTAATTGTGGAGGACTTCTGACCAGAAGGGGGGCTCACCACGTCTCATACGCTAATACTCTCGTACGGGTCGGTTAGCCAAACGAAGACCTATGAAAGAGTATATGTATGTTTAACTTCTAAAACGTTTCTCACTGTTTGGCTTGAAGAGGTGTACGAGTTGTGTTCCCATGATATTGGCCTAAAAACCCGATCGGATGCCTTATAGTCCGAAGAATCCCTCTGATGTTTTGTTCCTACTACTGCGCTGAGAACTTGACTCTGGAAAGGTTATGGACCCATCGCTGCGAACTGACCTATTGTGCCCATGGCTATGGGAAGCTAGGGACCGGCCCGAGAACTTGTATTTGTGCCACACCCGCTAACCATCGAGTATACACCCGCCACAATGGCTTCTTATTGACATTTCTCACTGCGTCAGTTTTCGTTCTTCATGACCATTGTGCACGTAGCGTAGCTGAGTATCGGGATTATACGAGGTCTTTATAAGAAAAACTGACCGGCTATTGGCGACCCTTTGGGCTTAGTTATCCACGGACCTTTTTTTAAGGCTGAACTAAGGCCTCACTGGGCCCGAACATTTACGTCAAAGCCAGTAGGCCACTGTACCTGAAAGACCTGAACGCAAGACACACCCTGTGAGGGTATACATTAGCAAGTACAAAAAAACAACCGAAACAAAGCATCTGCATTAGGTGTAAGTCGTAAATCTCGTATGCAAAGCGGTAGGTTGTACCTATCCATAAAACAGGGGGGTTCTCATGTTT,1896,47.89,Arabidopsis thaliana
SEQ_829524,GGGAGCCTGTGAACAGGGCGCGAATCGCAGTCGCTCGGCCCGGTGATCCTCACAGACGACAGCATCAGTAGTCCGAGTTTCACTATGACGAAGAACTGGGGATGTCGTCACGTTTCTTTAGCCGTCGCCCGAGCACCAGCCACGTCCCCGCACCATTTGATCTTTGAGGTCATAAGGATCGGGGAGCGGCACCTAAGAAGCCGTACATCCACGACCGGTGGGCGATTACAATAATTTGAGAGGATAGTGTCTTCTCATCTGGGCCTTTCTAGTGATTTTCACTTAGTCTTGACTTAGGACGCAGCAGCAAAGTCGATTAAAGTCCTCGTATAGATTATCCTGGCGCGGACACTAGGCGCTCATTTAAGTATCGGTATGAAGTGAAACTAAAGGACCTCTTAGCGTCGTCACCCCGAGGGTCCCAGCGCATTAACGTTGGATCCACGCCTCAGCTCTGCTCACCTAGTTAAGAATCCATCGATCACCTAGTAGGGCCTGAATACTATCGCTTGAGTAGAGTGCTCTATCGAATGCTACCAATGCGTATTTCTATCACCCCGACTTAGCGAGGATCGCGTTGAAGGCGCTTCACTATGTCCCCTAGAGGTCCCAACCCAGTTAGAAGTCCCGGCGAGACTCCAACGAGACCAGACACGTCCGCCCGTCGCCCCTCGAATGTAATCTCCCGACGCTAGCGATGTGAACCACGAATGACGCGCTACACCACTTGCCACCAAATCAATTGCCGTACGGGACGATCGCCGCAGTGTCATCAACCCCGTTCTACTCTGGCTCCTCTCCACTCGGTAAGCGCGTAGTCCGATCGGCCCATTCTGATATGAAGAGCCAAATTGGGGGGAAACTCATCTGATCGGTCGTCACCTTGGCTCGCATGAGAGTGCGGCTAC,908,53.74,Drosophila melanogaster
SEQ_253165,TCCTTGGCAGTGGTTACCATAGACCCGTGAAGGCCATCCCATGGGAATGCAAATAAGAAGCAGCCTTCTCTAAGGTGCCTTGTGCGTCGAGCTCACGAATGCTTGCTGCTTGGATGTATCCGTAGTACTACTGGACGCTCCTTGGTAGACATCGAATCTAAAGGTTCCAGTGCCCGCATCTTTGTCGAGATGAGCACCACTGGTGGAGCTGTAGCAAACCATGCTTCGAAAAACGCTGTAGGGTTTTATGTAGAAGGGGCATCAACAATTATCACTTCTGTGATGATACCGCTCTTCCAATCACTAAGGAAATCAAATAGCGAGGTCCTAGAGATCTCTCATCGTTCGCAAGGGATGGCCTTTACTGGGGCCGCGGATCATTTCTGGTGCGATCAATGTCAGGCATGATCCGAATTCATGCGGGAAGCGGTGAGGGAATCCTCGCAACAAGAAAACGATGCATTTCATCTGGCTTCTCGAAGCCTTTAACACCGTACGTGAACTTACTAAGTATACTTGATAAGCTAATGGGGCGCCAACTCCATCGATTGCGTCACCATAGGGAGTTTGTGATCATTGTGCGCTGAGTACACCCCAGTTCCAAAATCCGAATGGGATTCCTCCAGTACAGGTTAACATAATGTATTTGTTTAAACTTTGAGAAGCAGGCGGAAAACATTTGGTGCAGGACAGTCTGTACTCTTGTGAAACCGATCTTCGGCGTACAATGTATGTCCACCGCAAAAGGTACGCCCGAAGCCAAGCGAGTGGGCTGCACTTAGCTAAGCAACCTTGTACTTCGGAACCGGCGACGAGAAAAGGACTTGGCGGATGTCCGACCCAGGATATCATGATCTGGGAGAATGCACAGAAAACTAATAGACGGAGAGAATTCAGCGAGACCAACCCAAGCTAGCGATTAAAGTGTGACAGTTGCGGTCTAGTCCCGTATCTTGCGACATACTGTTCTCCCCTTCGGAACGAGCGTTAGTAAGGGGGCTGGGGTCAGGGTGGATCTTTGGATGGACGACACGCCAGCAGAGTACACCACCACTGCACGGGGGCCCTAGAACCGGCGGGCCGATCCCCGTAAACTGTCGTGAACTTTAGCTCGCCACTTGTTGTTACCATATGGAGGGTCGTCGAGGGTTTGCCTTCCATAACAATCTGCCCCTTCGTAAAACACAGTCAGATTAAGGCGTTGACGATAAGCGTCCGTAGAACAATGTAATCCGCCCATAAGTTCTAGGACTCACTTCGGACTAATCGGGCGACTCGAGCCGTGAATGAAGAGACGAGGGTAAACGACATACCTTGAGGGCACCGTGCACAGGTATCGCGAGCGCCGTGAATGGCACGTGTTTTTCACGCAGTCACTAAACAACTAAGCGATGATTGATCATGCCGAATCATTTCATATCGTCTACGCTTCTTGTGTTGGCGACACCTACGGATTTGCGGGACATATTTTCGAGCGCGGTGGGCAGAGAACCGTAACATTTTGGATCCGTGCACCCCTCTCTTTCAGTCAAGACGACACCATCACCCTATGCTTTAATCTAAGCGCGGAATATTGGTTTCACGCTGCCAGACAGATTTCGCTTCTCGAATGTCCACCATTCACATGATAATTCAGCGTTCAATGGCGTCGCCCATTCAGCAGGATTGTCCGCTGTGCAACAGTTGACCGCTGAACACCTTAGCTCTAAAGTTCTGTGATTGCTAAGGCTTGGGATTAGCTCGTCTGATGGCTGTGAACTTGTCGTCCTTCTAGAGCAATCAAATTCTATTTTAAATTGGTTCGGGTAAC,1810,49.45,Mus musculus
SEQ_712936,TCCGCGCGCGCCACACAGGAAATGTGGCCTTACCTTGGACCCTGTATGTCAACACAAAATCGACAGAGTCTGATTCGGTAGTCTTCCACGAGCCAACACACATCCCAACCCGGCTGTGACCGTTATGTGATCTTTGGCATGTCATCCTCATTACGATCGTCATATGTGTAAACGTTTGGCAGTACGTGCCCTAATGTGTTCAATCGATTGCAATGCCCACCTGCGTGTTCCCGGTATATTGTCTTCGGTCTCCGCAGCCAATGGCAATCCTCAGCGGAAGCGGAATCATCCGGCGAATGAATCTACCAATATTTTTCTAAACTCTCGCGCTGTGAACGGTAAATCTGTAAAGCTGTACGCAGGTGTGAAGCTTACATTAGATATCTCAGTCGGGTAATCCTACTTTTGGTTTATTTCATGTTTGAGGGGAGCGCGCAGAATGCCGCTCACGAACTCAAGACCTAGGATCCAACTAGTTGCTCTCCCGATAGCCCGAACCCCAACCACGCCAATATTGAAAGTCGGTCCCATACAACTGTGGCGCTACGGTAGTCGCAGACCGACATGGCTCTGACCATGTAGTGCGTCTGGTAGCTACACCCGCGTACAAACCTTCATAGTTATGATATAGATAACTAAAAACCTGTCCGTTTGAGCCGGGAATTAAAGAGAGACTAGAGCGCTATTCTGCAATCGACCCTACAGCTTAGGTTGCTATTTGGCTCAGGATTTTCCTATTCCCGCTACTGTATGGAGGCGTTCCTTCGTTCTACGGTAATGTATTTTGGCAGGATACTCACCGTACTGGCTCCAACCAAGAATGCTATTAGATCGTCCAGATGAGATCTATGGCTTTGTTCCGTTTCCAGTACGGAATCCGAATCTTACATCTGACCTAACACACCTTCTTTTGCGCCAAGAAGTCATTGTTTACTCGCGTCTATAGCAACAGTTTTCGGACGAATGCCCGTTTACTGACTCAGGTATGAACCGGTACATTTAGTCGTGTCGTCGTGAAAGACCCATGTACGAGCGACGGGCGCGCGGGACCTCAGCTAGGTCTGTCTCCCACACTTTAGAGGTTCTGGGATAGTTTACATGCTGAGTCTTTGGCAAAGTGGCATTCAATATCCTCAGCCCACGCGCTATGACTAGCCTCCAATCTTCTGGGTCGTCGAAGACGTCATGAAATAGTCGGAACGCTAAACTATTCGTCGGAAACTGGTGACTCACCTCCTTCACCTGCGATTGATCGACGCAGCGATGTAACAGTTCCCGCTTGACGTTCCAGCATCTCAAAAACATGCCGAGCACCCCGCCGAGGAACTGAGGCGCGCGGGCTAGAGAGGCCGTGTCTTACCTCAGTTAAGGTCCATCTTCGTTACTTATCCCACGTCCTTGAGCCACTTACTCGCGTAGATGACGTGCAGGCCTTAACTACGCCCCACGTAGGGTGGTGACGTCCCGTCCCTACAGGGTGAGGGGGTTAATAATCGGCGTGTGGTTGAGACGCCATGTTGAAGCTGCGACCGTTGCACGCAGCCATGCATCGGGAGTACATCTGCCGCCTTCCATGTTTCCGAGTGGCCGACAGATAGGAGGGTGCGGAGCCAATACATCCAAAGTGTACTGTGGGTCGCAATGAGTTTCGAAACATTTAAGTACAACAAGTCCCCACCATCAGAGCTTGTGGTCTCGAATCTATATCGAACAAAAAGTATCTCCGTCCCGTAGAGATTTACCTCTGACAGAAGGAACGATTTCGTAGGGTATAATGGGATTTGGGTGCGCGGTGTTATAATATGCCGTGTCACGCGATCTCGTCCACGTCCATGCAATGCACAACGTTTTTCCGCAATCAATTGACTTTCAGGCATGGGTCATTGCTTGTCATAGTTTGAGCCGTCGGTGGCCTTTGTTACCATG,1926,50.0,Homo sapiens
SEQ_800327,GTTTTTTAGAACATGACACGGCGATATCTAGTGATAGCATAAGGCCCAACCATAGTGGCTCGCACTGATCTATGTCTCGGCTAAACATAGTAAATGATGATACGTAAATCTTATTCACGGAACGTGCATCGGGCATGAGGCTAAAGTTGCGAGGATTTAGCAAGAGGTGATTTGGCTTGACATTCCTCATACAGTGTTAGTAATCATCTTACACTGATTCGGAAAGCCTACCTGTATTGTCCTTCTTGAGGCCCGATGTCTATGCTAGCGAAGACCTAGGTGCCTCCCGCTATCTCTTGAAATCGTCTGTTAGCTATAGATCTGGACAGCGCAGTCTACTGACTATATGCACGTACGCGGTAAGCCGCAGTCGGAAGGGTTCTGGTCGTCTTATCACCAGACAAGAAATTCTCTTCGAACTAGTGGGGGCAGTAGACTAGTGCGAATAGGGCCTCCTTATACTTTATTCCCTAATTGCCACAAACGTCCGGAGTCTAGGACGAACCTCCTTTCTCAGTTGATGACGACCACCACCGACGCAAGCCGCCCTTTGAGTGGAAAATATATGGAGCGTTGGATTCACAACTACCGTTGGAGAGTATAGCATGATACGCGGGTAAACTCATGGCCCCTACGACTTCGGAGCGATATCGACGAGGAGATAGGGCCCTGGATAGGACGCCATATAACCTGTCTCCTAAAGAAGGGGACTATAGCCCAACACGCAAGCTTCAGCATTACCGTATATAATCGCGTAGACTCAGTTGCGCGGTCGGATGAAGGAGGTGGGAGAATTCGCGTGGAATGGGAACAGGAACCACAGTCCTTTTTATTGGGAACCGCCTTGACCGATTATCACGTGTTATCACAACCGGTATAGGGTAAGTTCCGTGCGGAGGTTTTTCCAAGATTATGCTGATGTTACTAGTCTGAGGCTCTCGGAGTTCATGGCCGCTTCTGCTCTTAGGTTCCTGATCCCCAGGGATACTAACGTTATACTTGTCCGGCACCAACCACCCGCCGGGGACAAAGATATGACGCAGCTGTTGACAGCGCAGGGACCAGTAATGGAACCTGAGGGGGAACTATGGGGGATTTCTGACGAGGGATTAGATAAACCTGGGAAATCGAGAGAGTAGTCATACTCAAGGCGTAGGTCCTCCCTGAGAGTCGGGATATTTTCTCCAGAGATGAAGGGCCCTGTTTATACCTTGCCTTTGTCTTATGTTAGTATCTAGGGGATTTGACGGAATAGTATCAGGACTCGGTCCACACCAAGCGTTTGTGTCTGTGGCTCTTGTCAACCGGAACAAAAGGTCGTTCTTGGGTGAAGGAGGTGCTTAAGCGCAAAAATCAATCGGGGGTGACCACTTGTCAAGAAAGGAACTACCAAGACTTTTTG,1402,48.64,Escherichia coli
SEQ_875916,AGGTAGCGCATGCGCGTTAAGGGTTCTTCATAGTCTCTAATCTGGTGGGATCGCGTATCCACCAGCCTGAATTCTGTGTCATTTTATGACTAAGCGGCGCGATGGGGTACGAGTCTATAATTTCTACAACGTCAATACCCCATAAGCGAGCTACGTAGAAGGCAGTTGTTTCGTAGTTACTCAAGCGTCAATGTTAGGCGTGCCGTCTATGGCTGCGTAGACTCGAGGATCAGGTCGTCGTCACATAGATAATCTCGGATGGCATTACAACAATAGGTCCTCGCCGCAGTTGATACAGCCAATCAAAGCTAGCTGTTACTAGACATGAAGCGAAAGTGGGCTCCAAAGCCGCGCTACTATAGTTCGTTGTGGGCAATATTAACCTATATGGGGATCTGTGTAGCACGGTAGGTCCGCCTGTGCCAGAGCCCTCTATAGCAGACTATGTAGCATCGGACCTTGCAAAACTCGATTGTCGGCTGAAGCGAGAGGCAGCTCGACCTGGTCGGCCCACTCAGGACCGAGACATCAGGAATCGTTCGCCCTCTTTCAATACTACTCCACGCGCGAATGAGTGACGGAGTATAGGCAAAAGGTGATCGAGAGACAATACATTCCGGTACCGACCTGCCGATTAGGAGCCCTATGCAGCAGATTCGCCCTCTGCGATTGAATCAGCATTTTCAGCTACCGTATAACTCTGGTGGACGATGAAC,716,50.42,Caenorhabditis elegans
SEQ_796627,GGGCCGACGTCGTCATGAGGTCAAAGCAAGGTACGTCCGCCGGGGGTACCGATTGGGAAGAGTATGCGGTGTACCTGCCTTGCGTGGTTACTGTCGCCGCTTCTGAACATTTAGCGCCCTGGATCATAACCGGGGTTGGCCGTCGTTGACGCTAGCAGCGCCGAATCCCTCGTCTCAATGATGATGTATTGCTCGCTCCAGGGGTGCCACCCTCCTGACCCAGCCATGCTAGCGGCGATTCACCCTCGGAAAAGAAAACGTCTGGTTTGCAAGGTGGACTAGTGCCGGAATGGTCGGCCCGAGTTGCAGCTATGATCTACCACCTGAACCCGGTAGGAGGCGTAAGGCACGTAGTCCGTGCATAGTACCCCCCGGGTGAGACTGAGTGCCACACGGCAGTGCTTGACCACAAAGCGAAACTACGCTTGCCGTGATTAACTGTTACCGCTAAGACGATAGCTACTACCAGAGAGTGATCCTGGACCGTAAATCAATCACCTACCGACCCGCCTCCGCCCCTTCAGCGGAGAGTTTACGCTTCACCAAGAGATTTCCCATGTTTCCTACCTGTATCTATGAGGATACTGTTTGACGTGTGTCTGCAAGCAATAGTAGCCAGCACCTGTTCGGGTCATTGTGGGTGTTCATACCGGTGGACCGGCTTCGAAAAATCATCACATCGGAGATTAGACGGTGGGGTTTCTCACCACTTAATCTCATCCTAGGCTGGACCTATTGTGACGCACAAACTGTAGATACGGTTCGTCTGACTTAAACAAAGTCTAGTCACGTACGACTAGTTGAGTCTTACGCGTCTTGCAGCTTAGAGTGATGACGAATCAAAGACACGATACTAGGGGTTGCTTCTAGGTCCGGTAGATATGGGCAGATTAGGCCTAAGTTACTTACCGACGGATCCGCTATGATCGGAAAGGCTTTCAGCTTATAGTGGTTCGCCCCTGTATAGAATGCGCAATAAGCT,982,52.65,Arabidopsis thaliana
SEQ_747267,TAGGTAGCAGTGCCCAGTTCATTTAGGCAACTCAGGATTTAACCATCCGCATACTTCGGAGAATGGGAGGAACATTAGCCTGACGGCCAGGAGTGCTGAGTCACTAGCCTAGCCGCCCCACGCTAAAGCAGCGATGGAAGTCAGATTTGAGAAACGTCTAAAG,163,50.92,Caenorhabditis elegans
SEQ_845792,TGTAACTATGTTGTAAGTAACATAACCCTCTCATCCATTAGCTATTTCCCGATCATATGTCGTGACCCGAGCGCGGGGGTCGTGCTCATGTCGATGCTATGGACTCCATTGATATAGGGTAAACTTACACACAGATGTACAATCCCTTCAGATACAATCTCCTGCGGAGTGGGCGAAAACAACGGCTTCCCCAATAATTAACATGAAATTCAAATGATGAGCCTGCGTTGCCAACGTCAACACAGCAACGATTCGCTTTAGAGCGAAATCCGATATGGACATGCAAGTGTTGTAACAAGCTGTAATACCAGAACACATAAAATTAATAGGCAGATTTCTTGACGTGTTTTTACTGGCACGCGTACGCACAAACGGGCGTACGAAAGGATCATGGAAAATATCGATGGCTACCACTCAGACGGACACTCTACTAGGCGACCATATACCGTGGAAATAATTTTCTGTACGAAGAGATCAAGATGACCTACTCACCTATCATGAAAATAAGAGCCGTGACCGGCGATTG,526,44.3,Caenorhabditis elegans
SEQ_596630,GCCACCATGCCGAAGTTCTCACGATTCGTCGGCAAGATCGCGAAACCCGCGTAGTGTCTCAGGAGGTTATAACACATTCGTGAGAGGGTTCCACGGGTACCCCACTTGGTCAAAAGGCTTTAACCTGCGAGCTCCGGCGTATTTTCCAGAATAGCTCCGTGGCGTGTTAACTTGAAGAAGGGACCCTTCAGAGAGGTCTTTACGCTGAGTTAACGCAAAGGATCTGGAGTAACTCTCCGACTTATGCACGATGTGGCTCGTATCTACATCTGCCGGGCGCTCTGGAACGGGCTGACCGAACGTTCTCAACTGTTCATGCGTGCATTATGCTTGAGATGTACAGCAACCGGGGGATGCGCTTCGCGTCGGCTTGAGTCTTGCAAGGATGTTCCGAAGTGTCATTAGGCGCCGGACTCCATGTAGCCTAACGTATGCGACTCCGTTTCAGGCCCTAATATCTCCGCACGGATCATTGTGAAGTATGATCCGTGCTCTGTTGTTAGAAAGGT,509,52.46,Escherichia coli
SEQ_482653,AAGGGCTGTGGAACAAGTGATCAGACCACAAAGCTTCAACTTACTTCAATTGCCTATCAGCGACCACCCATGGTACGGTCGCAACCCATGCTGGTACTCGACTCAAGCCCACATATACCGTCAGCCGAGGGCGTTGAACACTCGAAGCTCGTTGTTAGATGAGTCCACATTAGATCCGCCTTCGCGGAGATGAAGCCAGGCGATCGTCGTGGGGCCCAGACACGCGTGTGACCTGCACGTAAATATGCGAGTTGGTTCGCGCCGCAAATCAGGACCGTCAGGGAGTGTCAACGGATCCGAATCCCCCCGATCGTATCATTGCGACCAGTCGTACTTCTTCATTGTAGCAGATTCCACGAAGGGCGCTGCTTCAGAGTGACCAGGATGCGGTAAAGCCGGTGGGTGATGTAGAGGCGAGATGAGTAAGCTTCTCTCGCCTGATTACCGAATCCAGTCTTTCGCCACCTATACGCACATGTGCACACATTATCGAGGGGCGGTTATCAAGTCTATAAGCAGAGCATAGAGTTCGATCGGCGTAATTTTTAGAATCTATCCTTTCAACCTGTAGGCACGATCCGTCCAGTGTGTCACGGGTGAAGTTGCGACGGACGGCGTGATTTCTCTTTATTTAGTTGTAAGCATGAAGGCATGACTTAGGCGCTTGGCGTCGTTCATGATCTATTTCAGATGACAGCGCCAATCATCTCAACGATGCACCCTTAACGATGTCTCCGTCCTTCCGATAGGTTATATTCCAATAAAGGTGTACTGCTTCGTACTCAAAAGTCTTTCCACGAAACTAGGCCAAGGGTGAGCGGTGCTAACGATTAGAGAAGTCTGACCGCGTGCCCATGTGGTTATGGTATTTCGTACCACTCCTAATGATCTAGTGCATATCGATGCTAGTGCTCATAATAAAAGTGTCCACGCCTCGATCGAATCCCCGATGAAACAGCCTGCTTGACTGCATCCGCTTTCCGAGACCGTCGCGAAACAATACCCCTATAGCTACCCCTGCGAGGCGATCAGTTGAGGTTTTTGTCCATCGCAAAATTGACGGGGGCAGAAGGCGCCAACGTTATCTTCTTGGGCGTGTTGCTTCGTTATCAGGTAGGGAATTGGGAGTGAAATTATCCAGGTAAGTGGTAGGTATATGACGCATGTCTACGCACTTCCTGCACCGTCAGTATTAAGTTTGGCTCCAGGCATGATAGCAGCATGTTCCCCGAAGGGAACGTACACGACTCGGTTTCTTAGTCACTATTGTGTGTGAGGACGGAACTACCAACATACCCTCTCTGCGTCCCATACTGACACAATTTGATAGACTCGCTTGTTTGACGTTGTCCCAAGAGGGGGAGGCTCGCCCCGAGAATCTGTGTGTAACGGATCACACGTGTCTGTCGTGATTCCGTGTTCGGGGTATAAATTACACACTGGCGTGGTCTTCTGTGTTTGCATACTCTCTAGCTTTCTAACGCGTTACAACATGTCAGAAAACCAGTCTGCTACCAGCGTCTCAGATTCGTCACTGTTATTGCTAAATGGTAGCTATGAAAACGGATCTGATTGATTTAGTTGGGAGATGTAGGATTCTCTGCTCGGGGTTTAAATCGTACGGGAGAAAGAGCTCGTGACCACTTAAGTAATCCCCACTCGGCGCGCTTTCATGCGCGCCCGACTGCGCACTGGAGCGGTCTAGAAGTCTCCGCCCGTAGCCCCTTGTGATGTC,1735,50.37,Caenorhabditis elegans
SEQ_567804,CAGTCCTAGCTTAGCTTGCAGACGGCGACGCCTACAACGTGTGTGCCGCCTTAAACAGGTTTGAGTACTTGGGGTCTCACATCTTGGGACGAGATTCAGAGTACAAAGGCCGCCTAATCCACTTCCGTAGATCTTCTTCACCCCTCTTAGAAACTCCTAAATAAGCGCGCCCCTATTAGTGGGGAGAGTGGAAGGTATTTGCTTTCCAGTCGTCTGGTTTACTCTGGAATTTTACCGAGATTTGTGGCTCAATGCCTGCACCCCCCTACAATTCAGCGCGTTCCCTTTTCCCCCCTTCCTAGTCAATGACTGTCCTGTGAGACGGTATTACTTTATGCCCAGCTGATACTCAGATTTCCCCACCAATTTGTGGATTGGAGGTGGTCCTGCGGGGTGACGCACCCGCGACCTCAATACAGCGTTACGAGTTATATCAGGTCTCTCTCTTTTACGGATCTGCGGTGGGCAGCATCTCCGTGTCGCGCGCCACACGATGTCTTCGCTAGGGGTAGTCATGAGGAGCACCGTCAACGCAAGCCAGGCCTATGCCATGAAGCTGACAATAGTTACCAACTTTGTGGAATTACAGCGAGCTCTTCGTGATTGGACGTCGGACCACCTAAAATCTGAGGCCTATAGTAGTCTCGTCCACTATTTGGACAGTTCTTTGGGTCCTGCGAATGCTGCTATGTCGACTAAAATCCCGCACGGCAGTACCTATGAATTTAATTCGCTCATGATCCAGCTAAGCTACCTTTGATCTAAG,766,50.52,Arabidopsis thaliana
SEQ_393718,GCGCGAGTACGAGAGACCGTGAACGTTGACCGGGGTCGCAATTCGTAGTGTAGCACCATAGAGCTAGGTCGGTGACAATCGCTCCCTCAGACCATTGGATTACCTCCACTGTGATGACCTACCAAAGCAACTTCACTAGTCTTAGCACGCCAGTCCATAGTCTATAACCTGTTGGAAGATAGGGTTCTCGACCCGTTAGGCTGCGTTGGTCGGATCGAGGTCCTGTTCTCGCCGGGTGACCTCCACTGGCGCGCCTTCTTGACTCTCGGACGGCCGTTACCCCTGTATTTTTCAATCTGGTACGGCATACGCGGAACCCGTCCGCCCATGCGTGGAATGTCATTAGGGTAGATGTATTGGTGGCTCGGCCTACCGTAGGAGAAGCTTTGTCGGGTTAATCCTGCTCTTACGTGCTTCGCAGTTGGAATCGCGGCTATGTACCCAGCGTTTCCCGACGACTATTACCCGGCCGCCGGCTGCGACTAGGTACGTTGTACAGTAGTTCATCCCGCATGATGCGTGGTCGTCGACCTAGACTACACTGGCTGGGCAAAATAGGGAAGGTTAATTTCTGGGGTAGGAAGAAGATGATTATAAGATTAGTAGGCATGTTTGCAATTCGAAAAACGGCATTCAATTGCGCCTGCGCATTTGCTTCGTTAGGAATATAGCGCCGATGCGATGTGCACGCGGGGCGTCGTGAAGGTGAGTTGCTCAGCGCGGCGATTGAGACTCTTACCTACCCTCAAATAAGAGAGTTCCTTTACCGCTTGATTTAAACTACAAAACAATTTGGGTAACCATTGCCTGAACGCTCAGATATTGGTTCCGGCAGTAAATAGTGAAAGTGCCGCAAAATACGTTGCATGCGTTCGGGAATTGGTCTAACATAACAGGAGACGGAGGTTTGCTGAGTCGGTTCTGACTTCGTGCCACGGTCATTCTCGGATACGACTATCTACCTGGCGAGATCCATGCGTGAGAGAAGGTCTGGACGCAGTAAGACCCCAGTTTCCGCTTCATATCCCCGGATATCATCGGTTCACCATCCTATGCGACCCCAACTTCGATGTCCAAGCGTTTAAGCTTTATACATCATTGGTCGGCGGGCGCAGACGGTCAAGCCCTTTGATTAAGATATTGTTCGTGCGGTGGCGAAATGATTTCTCCTACCTAGTATTGGTTGGCGGCTAGCCAAAAGGGATGCTAGTTTAATTCCGGGGAGATCGCGACAGTCCAACCACCTCGAAGGTTATCGCCCACAGCAGTTCTTTCTAAAAGGGCAGTGGTATCTCCGGAGCAGAAAATAGGAATCCTCTTACAGTAGCATCCTCGACTTTTGTCCCCGTACCAACCAAAGAGATTTGTACCCATGAGACGCCAAATGTATGCACTGCCACTGCGGAGCTTGGAAGTATTAAGGTCTGGTCGCGGTTGTCCAAAAGACTCGCTATAAATTACCCGATAAAACTTAATGCTGTATGTGGAAGTCACCAGCGCTCTTAGATGGGACAGAGGCCTCCGTAGTAACCTCGATTATTCAAGATATCGAGAAGATCGAACGTACGCACATTGCGTCAATCTAGGAACAAGTGCCATTATCGCGATGCGTCTTGTGCATAGTATGGGTTGCGCCATCCCCGTGGCACCTCTAGACACCTTCCGTGTGTGGGGGCCTCCCGAGGGTCAAA,1691,50.98,Mus musculus
SEQ_490924,TTGCTTATGATGTACCCGCTTTCCCTTCTTCAACTTGGTACGTCCGCCTATACCGGTTTGGCTGCGTCATTGCGCAGTCTCAACGCACGCGGTTCCATGAGAATAGTACCACATAGGCACCGAACGCTTAGGGCATCCACGGCATACAGTAATAGAAGCGCAGGAAATAGCTGCGTGTGACGCTTACTTCTTGACCCAGTAAGAGACGGCTCTGACTTGCTCGGGGTTGGCTAAGGGTCTTGAAGCCCTGTACACCTCACCTGAGATTGGACCCTTCAGTCCACCGAGCGTCCAGTATGTTAAACATTACGTTAACTACACGATCTTGCGGGGACCGGCAATGTCCCCCCCTGGAAAATCTAGATGACGCCATGTAATGAGGACTATGGTGCGCTACAACCATGATGCGAGCCGGGATGATGAAGGCGCACAGGGTGAATGAGAAGATATGTGAGGTCAAGAAGATACTTAGTTAGCGATCAGGAGGTTGGTAGAAACGTTTATGTCGATGCTGCCTATCCCCCGGACCACAGAATGGGTTCGGTGTGCTAGCGTGCATCTCAGGGGGCCATCTTCGATTACG,583,51.97,Caenorhabditis elegans
SEQ_226823,CTAGGCCAATAATTCCGCGGACGTGTTAGGCCTAGCCAAGCCTTAAAGAGGGCGGACGGCTGGTACCCGAGCGATGCCGCTCTTACATTC,90,57.78,Mus musculus
SEQ_413663,GACTCTTTTGCACTTAGGCATTCCAAACACTAGATTGTGGTACATAAGGCTGCCAAACAAGCAACAGGCACTAACGAGAACGGCCTTGGCCTGCTCACGCGTTGGGTCCTTTCGAAACAGTCGGAACATGGCTTTGCACTAGAGTCAAAGTGGCATCGCCCATTGGGTAGGGTCCTGTGGTAATGATAGCCACGAGGCATCAACGAACACCGGGTTGTGCTCATGACTGTTAAGAGCAGAAGGAGAGTAACGTGTGCCATCTGCTGGCGGACCGATGTCGCTTGATCGGCGAATGTGAGGGGAGACGTTGTCGGTTGAAGTAGTCCTAGGTGCCGATGCTATGCTGAATCGAGAGTCCGGTCTGGCCCGACGACTGCCTTTTCCTAAGGTCGTTGCGGGGGTGCAAGATCTATTAACCGATGCGCCTGTAAGGCTGGTTCGTATAGGCTTATAGATGGCTTCTCCGGAATCGGCATAATGTGGCGAATTCGTTTCCTTCCTAGGGCCAACCATGCTCTATGCTTAAATATTATGAGCCCGCGCCAGTTCACACCCCTTCGGTCGCGAGAACCTTCCCCTTGCTAGGACTGGTGACGCGGCGGCCTCCTGGTAAACAGGGGATTCAACTGTCTAAGCATGGTACTAAATGGGCTTCACCGTCGTTTGAGGGGAGTTTGTGGGTGAAGGACACTAGCGCCGTCGCATCTCCCTAGCCCGTACGAAAAGA,727,53.37,Drosophila melanogaster
SEQ_590065,GTAACTACTTCGGGGTATTGTTCGCCTACCTAGAGTAGTTAATTGACGGGTCCTTGCCCACGAGGAACGACTAGCCGCGCCGGGACAGCCCCGATATGCGAGCCTGAATGTCTGTACTTTATGCTCTAGCGAACACGGAAGATTGATAGATTTAGGAGATTATGAGCCTAGTTGGGTTGGTCTGCCGCGTATGTAAAGTTATCCTGCCAGCTGGTGGGATTTGAGCACTTCCCTGTACAGGCTAAACGTCCATCATCACGGTTGTCCATTTACAGCAGACACGCGGGTATTAACGTCGGTACCTGAAGGATTCTTAACTATCATCCGACTTCCGCCCTTGAAGGGTAATAGTTGCCATTGTGAGTCCAAATCGAAGGACGTCAGGCTATCTCAGGATTATACGAGGAATCTTTCCTGTTAAGAAGGTAACTGGCCCACTGTGGGCGCGTAGTGCAAGGATTCTCTGCGCATACAGGACATGAATTCCAAGTGCTAATTTAGATGGGTTCCACATCACCCAGTTTGCAGTTGAGCTCTTAATTTAAGTTCTTAAAGGGTTTCTTTCCGCTATGGGGCTCTACGGGCCAACCGTACCATTAGCAGCGGCCAAGAGTGGCTGATTAGTGATTAAAAATTGTCCGTGTCTCGCACCTTCTCGGGGAAACGGAGGAAAGATTTCTGCTATCTTGATCGTACAATGCTTCTCGCCCCTGGAGGTGCTACCCTTGGCTTTCTCAGAATTGATTTGTATATGCCATCGCGGATTGAGTTGCTCATGAAGCCGCGCGATGGCGAACAGGCTGTTTAGGATTGAATAGATTCGCGTACTCATTGGTCACCGGCTCGACGGCAGCACGTAATCGATGGTGAAGCAGGCGATCCTGCAGTCCACGATCTTTACTCCTACACGCCTTGACATTATTTTCAACCGGTCCTTCTACCTACGATCGCGCGGCTACAAAGTTGACACAAACGTGGAACCATCAAATGTGGCGATATCTCGCTACGGGAAAACATGTCTTTGTCATGAGTATTAGCGTTCCCCCTCTGAACTCCAATAGTCAACATACTGTCTGATGCGTGGTATCCCCTCGTCTTTTTGC,1103,48.87,Escherichia coli
SEQ_960911,GTAAAACATGTGAGAAATCCCCGCATAAAAAATGGCCGGCGACGTGATTGTGCCTGATAGGAGGCTCGTTGGACCCCAGCGGGCAAGCAAGGATGTGGGTCAGTCGTCAATTACGAGGTTTTAGTTCGACATATATATAGGGTCTTGTCACAGGATCAGCCCAGTTTGCTCGGGTCCCGAAAGTGAGGTGTAACCCAGAGTACTAAGCTCAGCGCTTCTAGTGCGTTTTACTTATGCTTAGAGCCTGGCTTCGATTTTCCTTACCTCGAGTCACCATATGATCACCATTGTAGCTGCCGGCTGTTCTCGATTTGAGTTTCTTACCAGATCGTTGAACGGTAGAAAACATTAGTTAGCACTTCCACCGTGGGAACGGGTTTGTCCAGGCGGACTATATCGTGCCGTCCACCTAAGAGAACAGATTGCTGGTCTTCGACCCCCGGGTCGGCATGGCACCTTCGGAAACTACCGTACAGGTCCATCTCCTGGTCTGTATAGGGCTACTTGAAACCCTCTGTAAGTTACGCACAGCTAAATATTAATAGCCAGTCGCGCATGAGATCAGGGTGGTGGCGGGTGCACATGAGTGGGTCCGGCCTTCCTTGCATTATTCCTGATTGCTGAGAGTGATGAGCACCAGCTGCGGCACTGAGCTCTATCAGGCTACGACTGTACGTGCAATCTCTCAAGTTTTTGAGTGACATCCGCGTTATT,714,50.42,Arabidopsis thaliana
SEQ_646020,CCCCATTAAGTTTGTTGGTCTCTTAGGGCGATTACCGTGTGATCACGCCTTTCCAAGTGCTCCCGTAGTTCGGCGTATTTAAAGGTATGAAGCACACTGAATTGTCGTGCCTGACCTACTATGAACCATCGGCTGGCCGTCACCAGAGTAATCACACCGTCGCACGGGTACCAACAGGTGCAAGCTGGCCCATCATGCAGAAACAACGAAGAGGTTCGTTTCCCCGAACTCTTCCATCCGCCGCTAATGTTGGATTTAAAAGCCTAGTGCGTTTCCCCTTCTACGGAAGAGTACCTCCCCTTATAACACCAGAGAGCATTGCTTGC,326,50.92,Drosophila melanogaster
SEQ_347554,AACCATAGACATTAGGTATACTGAGTAGAGATAGGACTTTTACTGGACTAGTATTCGCCCGGATGGAGAATATCGTGATTTCTCGATACTTAGTGATTTAAGTCGGCACTCCCACTGCACAGAGGCTCTACCAGTATGGGATCTGTTCGACAGAAATGTAACTCGTAAGCACATACGGTGGATAACTGTCATTTCCAATACTCCCCTCGTGGAGCCTATGAGAAAGTAGGATTCAGTCCAACAAGTTACGGGTCCGGAATCTAGAGCCAGACGCATATTTAAGCCGTCCGCATCAATCCTGCTAGTATCTTTGCGGTCTCGGCACTAAAAGCTCTACAATTACACTCACGAACTGGGTGGCCTGACCATCCCGAATGACATTCCGTCCTGTAAGCGCGCACGTGTCGTCTAAGGGGTTCTTTCACGTCAGCCGCTAGACACCGTATTGAAATGAGCATGGACCAACGGCTATGGTGTTGCTCTCGCCATGGATATCCCGGGAGAAAAGTGGTTTCAGGATCAGTATAGGCTACTGTGACTGTATGCGTTTCCTCGGGGTGTAGACGGAGTGAGGTCTGAGCCTCCACCGCCAGGTCTCCGCTTCAGAACCTGACCGGGAAGTTAAGCGCAGTTGGCCTTGGTTCGGGACCCTGGGTAGCGCAGCCCCATCGACGCGGCACACACGTTAGCCGGCGATCAATCGCTAATTAGGCCCTTACACCCCCGGAGTGTTTGTGACGCTGACTTACGTAAGAATACATTCTGCGGAGTTCGGCTTGTTTTTGGTCAAGTACGTGAAACATACCTACAGGGGCGATTGGATAGTGGCGTATTACATCTACTTCTAGCCTGGTCTATACAGATCTGTCTTACCTAGACG,880,50.34,Mus musculus
SEQ_639906,TCACGAGGGGGCGGCCATGGATGCCTAGGTTAAATTCAGACTCGCCGTGTGGATGCTGATGGCCCAGTACCTGTATCGGAAGGACCTGTACGTCGTCTGCGGTTTTATTGCGAGGCTTAATGATAACGGTTCAACCTCAGCACTGCCAAGTCGCCTTCAACTGTCCCCTTCGGTGTCGTAACTAACCCACGACGATCGTACCCTTTAACCAATCGGTCGAGTATATAATGCCATACCGAGCTAGACCAGGTTAGGGAGAACTCACTCCAAGTTGGGATTATCAAAGAAAACAAAAAAACTATAGCGGTAACATGAACATGTTAACAGTTCTACCAGGGAGTCTCTGGGTGGAGTATTGCTTCGCGTGGTACCCACTTTAAGCACGTACGAAACCAGTACAACCACGGTTTCGCCTTGTAGCCTTCCGCTTCTTTTCGTGCGTCTCTAACTATACCGCCGTTGCCCCGAGGAGGGGAAGGGGAAAGCTATTGTTTCAGTCGTAATAAGTTAAGCGCTCACCAGCCCGGCAAAAGTGATGGGAACGACCCGTAAGGAAATGGCCCAGTCCTAGGAACCCTTCCCAGCTTATTGACCTAATACATCAGGGGATAGGGAGTCCTTGAGAATACAATATGACGAAGAGCACTCTCGCATTCAACCTTCTTTGTATGTCGTACGTAGCGAGATGTCCCCCTCGCATAGCAGTGAGGATCTGACTGTTGTTACCGACGTACGGTACCGACGTGACGCACGTAAACGTACTACCTTCAGGCTCTTTAGGGCACGCACTTGTTAACGCAGTCCT,805,50.19,Escherichia coli
SEQ_179414,GGATCTGGACATAGATTGAAGCGTCGTGACTACAGGGCGCCAAGTTCGCAACAGGGATGGACAAGCGATAAGAACGGCGGGAAGCCCCATAGACCTGGAGCCAGGGGGAATATAAGAATGGTATTCCTTATTTCCTGAATTCCCACGTGCCGAAAGTGAGGTACGTCTCGACAGTGGAGTTGCTAATGGTCTTGCGCCTGCACTTCCGTGAGTGAGTTTTCTTCAGTTACATCCGACTCAGAGGTTTGCAGCTAACGCAACGCGCGAAGTGCGTCGCCGATTATTAATCGGGCAGAGTTGTGCCCTGACATATCGATCTTCCTACCCCGACCGAGCTAGCGTGGAAGTACACACCACGCAAGTTTTCTACAGTGCGCTATTCTACACATGCGCAGAGATTTTTCTGACGGCGACTACGGCAACCCTAGCAAGCGAAACCATCCTGCTCCAGCCGGTACTAAGACGAGTAACACATTCTACCCTCATCCGGGTTGTTTCCAGCACACTGCCAATACGTACAAATAACGGCTTGATCCCTGGGCCGATACTACAGCGCGTAGTTGCCCGCTGACGATCGGCCCCGCGTGTTACTCCTGGAGCCTGGGAGACGTAGGATAAACGAGTGACTAAAGCAGGTTGTTCCGCTACTCATTTTCAACATTATACAGACAGAGCAAATGGTAAAGATACCATTGCTTGGCCATTCGAGCTCTATGAGCATGGAGTTGGCCGCAATTGATATATGTAGCCATTACAGAAGGGACGCGTGAATCACGCAACATCCTACGAATATTGGCAGATAACCATTTCTACTCACAGATGGGATAAATTGATTTACACTGGAGTAAGGCAAGAAAGAATCGATATCATCAGACACCATTACGACTTATCCGAAAGCTTACCCTTGAAGTGTCGCAAATTGTTCTGTGCAGGTAGCACCGCTAATTCTTTACGCCGGCCCAGTGCATCGTACTCCACTTGCCAGATAACGCGGAGCTTCTATAATGGTGCAGAGAGCACATTAAGACTGCTGATAGAGAGGACTCCCAGAGTTTCTGTGGAGCAGATAATCCAATAGGGTCGATTTACCGTGAAACGTATGATTACGGATTGTGATGACGCGACCTTCCAAAGCTAATACACTCTTTCCCAATGGGCGTTCTAGGGTGAAGCTCACTAGTCAGCGATCAAGGTCCCTGAGGAGTAGGTTTGGCGCGCGTCATTCTCAGCTCATCCCACGAAGTGTCAACAACTGCCCCCTGAGAAGATCGCTTAATTTCTATAAAATAGTCTGCTCACCCATTCCCCATTTTCTAG,1317,49.13,Saccharomyces cerevisiae
SEQ_760694,AACTTAACTCAACCTGGACGCATTCTGACCAGCTTGGAAGCCGGGGTAAGGCCGTGCTATACGGGTGCCGTAGTCATGTACATGTACGATCCGTTTGAATGTAACCCCTGAGATTGAATTAATGTAGCCGCCCTCTAAGTAAGAGTTCGCGCTACATACCGCCTTTCCTAGGTAGGGCCGTATTTGTATATGTGAGCGCGGAATTGTGCACCGGGAGTATTCTAGTATCGGCATGGGCATGACTCGCAATGTGTGAGATCAATGACGGTGCACAGGCCGATCAACAGCATGATCTGGTGCTAAGCCCGGTACTGAGGTTATTCCTATGGAACGGCTCTCCTTGCGGAACCGTTCTGACCATCGACGTTTCGGACACAGTTGAGGGATCTTACGGGTCATTAACAACGAGCTCTTGATTACTGCAATATGGCTCACATCGGGATTCAAGATTGTGAGTAACACTCAGCTCATTTCCGCGCGTTAACATCGGG,491,50.1,Arabidopsis thaliana
SEQ_461248,CAGCAAACATTTTCTTCTGATGAAAAGATGGAGTTTAACGTGACCTATAGCGTTCGCGCCCTCGTATTCCGTCCGGTTTATTGTGAGTTGTACTAGTTAGTACAGACCCTCTGCAGACTTAAGAACCATAATCGTGGAGGGGCGCGGCGGAGCATACGATGAACGGATAGCTTAAAGTTGAGGCGTGTACCCTCCTTTAGGGCTCACCAGCATTCGACCTTACGGAGCCCCCCGGGTGATAATCGGCAAATAAATTCGGTCGACAGAGAAATCCCGTTTCGAGTAAGTTACCCTGGCTTCGTAAGTTGAAATTTCGCAAAGTCTGTACTAGACGTCGTGCCTCGATTGAACGACGCTCGCCAAAGATAAGCACAAACTGCAGCCGGCGAAGTGTAGCCATAGCGTGCATCCTAAATGCTGGCACTTAGCGCTTCCTTAGGTAAACCTAAGCATTATTCTTCGTACGGTCAGCGCCTATAGACGAGTCCTAGTACTGCATGTCGCCCAAGTTAAGCTACGCTCCCGCCCGAATGAGTTAGTTGGCCCCGCTCCCATAATTCAGAGAGCTCTTTTTGCCACGGCTGCCGCCCAGTACAGTGAAGTACTTAGACTCAACGGGGTGATTCCGGACGCTAAGATATTGCAGATACCTTAATATTAGGGCTTTTTCTTGAAGAACACAACTGCCGCGCTATACCGGTATCACGAAGCGATTAAGTATTAGCGACCCGGTCACACGGGATCTTCTCGATCAGTATACTTAATGAGGATCGGGTCCGGGTCAACCGCACAGTAAACGTAACACTGTGATCTGTTTCTTGCATACTGAAAGCATAACGGCTCTAAAATCCGGGCCTAAAGAGTCATAATGCCCAGGAACCGGACGTGGTAACAGGCTCTAACAGCAGCGGAGATGTTAGAAAACAGAAGCGTCTATCGAAGTGAATCCTAAAGGCCAAGTTGAGGCTCTTACAACAAATAGCAGTATATCTATTTATGTCACACAGCTGCTGCATGGGGGATGCGGATTTAATAGAGGGTCTCAGCCCCGGAGCGGCTATCGCTGTCACCGTGGGCCGCGTTCTTCGTGTTTCCTTTTGAGGCATGTTCCACAGTGGTCCCGTAGACGCTCTCAATCTTGACTTCGCAATTCTCTATCTATTCCGCCTATCCGGAGGGTGACATCATTGTCGCCACGAGCCAGGAGACTTTGGCTCCATGCGTTTAAGTGAATGGCACCCGTCCGGACTACTGCAACGCTTAATAATCGGGCGACTTCTCTTAACCTTGGAGAGCCTTAATGTGCTATCTGCATTATCGCTCCCATGGACCCAGGTGGGTAGAATTCAATCGACGCGTCTCGTTTTGCGCCAGCCATGTTTGGGTCTGCTATTTTATCGGATGCCCCTAGTCCGCTCCTAGCCACGACGCATCTGAGAGAGCACCGAGATCCCTTAAGAGACTATCCTCGATAATTCGGAACTCCCGGCCGGCAGGGCGCGTGTTAATTGGTGACCGAGGACTGAAGTGGGTCGGTACTGTCGATATGTCGGACGGACGGAGTCCCTACGGGACTAATCATGTTAGATCGGGGGATATTCCGTATGTACAGTTTATCTGGAATAAAAAAAACGCGCCACATGATCGGGACATTACGTCCTAGTAGGTAGATCCGGTCTTCGTTTTCACTTGCCATATTTATCTCCATCGAGGTCCTAGTTGTTCGTTTAAGCCAAGGAGCCCTTTCTTTCAGCTGTATTGAGATTAAGCCAAAGGTG,1778,49.66,Saccharomyces cerevisiae
SEQ_533927,CGGCCGCAGTAACCGTTCTCTCTAGCAGGAATAACATGATAGTTAAACTCGAAGCAGAAGTCTTTCTAGGTGTGTATTCAATGACTGCGCCGTAGTCGAAGGTGCAGTTACCAGTCAAAGATGTTGCCTCTGGATTGACGGGTACAAAACGAGCACCAATACGAGGTTAACAGATCGGCCGGTGTTCGATGACGCCAACCTGTCTTGCGCAAGCCCTCACTAAATCTCGGATTCAGGGGCACTACTGTGTACTTTAGAGGGTATGATCCTTCAACGCAAGGCTACCTAGAGAAGCAGTCTCGCACACCTAGGGGTACCCTCAGTACATATCACGGCTGGGAACGCCGTAACTCTGCTCACGTAGTTCTGCACACAGTGAAACAATACTTTCCTAAGCACCTTCGTCCGCTTAAACCTTAAGCGGACTTCATGCTGCTCGCAGGTGTGCGCAGAATTTAAGCAGGGTGTACGTGGGAAGGCGGAAACCAATAGGCATCGGCGGTCGGTCGCGAACACTTTGAATGATCCCCTGTATGTTGTTCGACGAAGCTCATACCAATAACTGTAGGATGCGGGGATCGAAATGCAATCCCGCTCATATCTTCATGGTCTGGCCCCATCTGCGTGTTGTAGTCAGTCGACGTCGTGGTCTTATCGCTTGTGGCTACATCGCAGTGCTGTTCACGAGTCGCCTCGTGGGTTGATATCCCCATACCATGTAGCTGTATTTCTGTCACAACGCCCCGTCCAGCAGACATAAGGGTTCTGTTCGTAACACGGCAGTCAAACGGCTATACATAATTAAATTCGACTGCGCAGAGTGAGCCACTCTAGGGATGGCCATAACACCGAACTGCGCTCTTCGTCCTCGGTGATGCACCTTATACTGTTAACCGATCTGAGTCAACAGACGACCACTCATGCGCCCCTTCCCGAAAGAATCGCAAATGATGCATCGGGTCAAAACGCAACTACGTAGGAAGGACAAGAAGGTTCTCGTCTGGCACGTAGCGCCCGGGTC,1021,51.22,Mus musculus
SEQ_508504,AGTAGAGAGCTGCAGCAGCTGGTGGATTCCTGATTCGTATAAAGTACGTTGACATTAGGGTGCCCATCATGCACTTGCGAGTCTACGAGGTCCATCCACGGACAAAGCTCAGTGCCGTCTGACAGAGAATGTTCCATACTTACACCAGCGTGGAACAAGCCGCAGTTAGCGCTCCCGCGGCCAGTACAATTTACCGACCCGCTGGTTAATTCTGGACTTGCCTCTCTAGTAAAATCGAGTCTGGCCTTCCTAGCCGTAATTTATAGATTAAATTAACTGGTCTCACAACCCTTTCGATGCCCAGCGCCACCGAAGGACTTTGGCCTACAGCCGCCTCCTTGACCCTCAGACAGTTTGAGTTAGGCGTCAGACTTTTGCCGTTCCCTGGTTATCCCTTCCATCGGATTCGTTATGCTTGTCTAAGACGAGTCAATTGGTAAGGATGTCAATCCCGCATCTGTAGAAATCGTTCGAATACATGCGGTCCGTTGCTACAATGGAACTGGTATCCATATTCGAGTGGAATGTCGATCCCACCGCATATACACGGTTCCAGCTCTTTTTGCCGCCGAGAAATCGCCTGTTCCAAAAGCGTGTACTGGTTCCCACCCTGACCCTAGGTGTTTGAATGCGCTCGCCTCCAGGGTGGCGCACCACGTGCACAGGTGTCCCGATGTAAGTCTCCAGACCAATTTCAAGTGGGAACGTCTATACACTAGATCGGATTATAACAACGGCACGCTCTGACACGGTTACCGACCAAGTGTAACTTGCTGTGCTTGGACCCACGTCTAAGAATCCCTTAGGGGGGAAAACCGATGAAGCCACCTGGCAGGGAATTCTCGTCGATGTTACGCCCTGAACGGAACTCGTATCGGGGACGTGCGGACCGACCCCCAA,900,51.78,Caenorhabditis elegans
SEQ_187792,CGCGTGCAGTGCGCCTACTCCGTGTCCAATAGTAAACCACCTTTTCAACAAGCGCGCTATGCTATCTCTCCGCCAGTCGCGTCAGCGCATCGATGTGAGTTTTCTAGAACCAATACAGAATGGAAAAAGACGTGGGGTGATTTTCGGTTTGGCTAAACTACAGTCCGATCTTTCAACTTCTCCACTGCATGACTGGGTTACGTATCCCGGTATTGATCCGCGGACCCGGATCGGCCGCGCAAATTCGTACACAGTCGGGAGCACATCTCGATAATGCTGTCTGTCGCCCTTGAGATATTAATCAGATCCTCGTCTTGCCTTGTATCCTAGCCTGAGACTGACTTAAAAGAGAAGGAATAGCACCTGACCACACTACCTGCACACCTAAGTTCCACTGTGTT,401,49.88,Mus musculus
SEQ_905741,ATCTCGGCCCAAAAGCCCTCGTCGAGGATAGAGCTAACAAACGGGCGCGTAGGATGACCTCTAAATGTGTTCTTGTATTACCTGTCCGCGATACGGTGGGGATGTTGTATATCCCATAAGACTTCGTAACGTGCCTCAAGAGGGTGGCTCATACATTTATAGTCCTCCGTGTGGGTAACCCAGATGTGGTTAACTTTAGTCGAGTCCAACCGCGCATGCAAAAAGGCCTACGCAGTCGCATCATCCAAGAGGTACGGCACGCGGTATGGCATCAGCACTGACTCTAATATATCCTCATCCGAATATTGTCAAACCAACTCTGTTTGAACCAAAAGCCCACCGTCAAGGCATGCGCATATCAAAGTAAGTGCTATGCTAGCTGAAGGCTACCCTTGAAACGCCCTAAACCATTGTGAACG,419,48.93,Caenorhabditis elegans
SEQ_712840,CTACGCCGACTCAAAGCTGCCACATACCTTTTATTCTGGTGTCTTCCAATCAGAGCAGTTTAATCTGTTGACGGTTCGCCAGTTTCGTCTGTCACTCAATGAGACGGTTTTCACGATGCGCTTCTCAACATTCAAACTACTTCACCTATTTCGATGAGGTTATCAGCGATGTTCAACATCACGCCGCTTCCCTCAGGACTTTTTCCGTCTACGAAGTTAAAACCCGCTGACGGTCCAAGGTTGACTAGATGACGACTGGACCGCGGCTTGGTACCCGGGTCCTACTTGCATGATAAAGATACAACATACCATAACCATTGGGCGGAGCTTCCCATGGAATGATGAACTGTTATAGTCTATAATCTTACAAGGAGGGAGCCATTATAAGATGGGTTCCACCCGAGGTTCGGGTCTGTCCGTGGCACTCAACTAGCTTCCAATACCTTTTCAAGAAGTGCACCCGAGCCCTTCTTGAAGAGCCAGAGTTTCATAACGCACTAGCAATCACATGCTAGATCTACCCTTGAATGCG,532,47.56,Caenorhabditis elegans
SEQ_773782,TCTTTTGACGTGGACAAAAATACCAAATTTCGAAGTGACCCACACACAGAGGGAGGCTTTTGCGGCCCGGTCTCATTATCTGATCAACTCTCGGTAGTTACCAAATATGTAGATGTACCTTAATGGCATATATAGCAAGACGAAGACCGAACTAAGCAGGTAAGAATGACCGACTACCATCAGGAAGTGGCAGACGCGTAGGTTTTCCTCATTCGCATTGCTCGTGAAATCTGGGGGCTCCATCCCAACTCTTACTCGCGCGTTACCTACGCTTATTTTCCGGTGCATCAGTTAGACGTGACACACCGCCGGACACTCACTAGGTAACTTTCGAGCAAGTCGTCCCGGGCATATGTACTACTGTTGTTTCGCTAATCGTCCTCAACCCAACCTTACTGGTGGGTATCGTCTTGCGCCACTATCTCTGTAGGCAGGCGCAGACTGACGATCAGCTTAGCGTATCACCCTCAGTGTTGCGTGAATCTCCACGGCGAGCCGTAACCTAGCCGGGTGACGGGAAAACTCCTTGTACG,533,50.28,Mus musculus
SEQ_227991,ATGTTGCCCCTGCATGAGTAGTTAGCTTGGATCGTCATTACGCTCTTCTGGGACACAACTTATGTGGCCACGTTCAATGAATCACGGGCATGGTCTGAAGTTGATCCCTCTGCAAAACTACCTACCCGTTGTGGATTCCTTGGACATTTCAATGATGTCTTGACCGAACGTGAAATATGGAACTTAGAAGGCTCCGACGACCTGCATTATACGGCTAGCACATTCGCACTCGCTGATCGCGATAGTTAACAAAATGGCATTGGAACGGATGCGGAAGATAACTCACCAGCTGAATGCGTTGAGTAGTTTATCTATTTGTCGTGGCCAGGCAGTATGGCCAAAGTAATAGACCTCAAATGTCTTGAGTACAGCGCTGAGCAGTCAGCCTCAAGCCTATGCCTGCCGACATGTCTACAAAGGAGAATAATGGAAGCACACGCCTGGGCCCTGAGTACCC,457,48.36,Drosophila melanogaster
SEQ_446953,AAGGCGCCTACCCTATAAAGGACCTACCATCGTTATGGGACAGGTCTGAGGGGGCTAAGAAGTATGTTATGGTACCACTACTATAACGGCCACCAGCGGTCGAGCCTCGGGTTCTTTTTAGCCGTAGTTGCCCCATGGGCTGTATATTGAAAAATTTCTGCGTTTTGCGTGGGCGTTCCA,180,50.56,Escherichia coli
SEQ_977662,AGGAGCGCGCTTACCGCTGCGACGGATCTTAAGTTAGGCGCAGGCCACGGACGCAAAAACAAACTTCTAAGGGTCAGTATCTTCGAGGGGACAAGCGCATACTTCTAGGTGGTTTTAGCGGTGGGGGTCAAAACTTGTTAGTCCGTGCAAGCCGCAAGCCCGGCAAGACTTAGCTGCCATGTGCTACGCAGTTATGT,197,53.81,Arabidopsis thaliana
SEQ_215496,TAGAAAGAAACTTGAATTGACTGCGATTGGGGACCCGCGGTGGGAGAGGAGGTGACGGAGAGTGCAACTTCCCTTAACCATAAAAATTTACTAGTCACATGAACTGCTTACAAATCGGGTAGGCATCGTGCAGAGGAGCCGACGCGTCGGCATATGAAATTAAGTCGCGACCTAGACAGTTCCGTTTGCGATATTTACCCGCAGAAGGTGTTCCCTGACAAACGCGTAAAGCGGCGTGGGATTGAATGTGGGGGCCCATTAACTCGAGTTGATCCCGGTTACGCACCCCCAGGTAAATCCCGAGATCCTATGGTTTATGTGACGCTGTTCGTGTGAAAATCTGCCGGGTGGTCCGAGTGGCGCCAATGGGACAGCGGTTCTCTCAGTATGTCTTGTGGCACTGCCTTGGGCGGCTTCGAGGTTCGCGCGGTAATGCAGAGGTGTGCTGCTGCTATAGCGGTGGGCAAAAGAAAAGCGATCCCTTCCGGCGCGGCAACGCCATTGCCCAGGAAGATAATGAACATGTTTACACAAGCGTTCACTTCTTAAAGACCCGGACCTGATGTACAAACTAAACCTACCGATTAGGAGTGTTCTGTATGCTATGATCCCTTCATGGAACGTCTAGGGACGAGAATCGTTCAAACGGCGTATTTAGTTGTGCGACAAGGCACGGACTCCTTAGACGTTGGCGCACATGGTCAAGATTTCAGGTGATAATGCCTCCAAATAGGACCAGGACTGGTAAGCCCTGCTGGACCGTCCAATCGCAGAACGTTCACCGCAGTGATTGGACGCGATAACGTGCTGGCAGTTAATACCTCGACAAATATACACCGTCTGGAGTTTAAAAACAAATGATTCATCCGAAGTTATTTGGAGGCGAAGAAAAATACTCTTAAGTACCTGTGTCATGGATGCCACCGATTTGCGGCGACCACCAAAAGCATCAAGTAGGAGGCTTGAGTATATAATGATATACATTTATACACCCAGGTGGTTATATTCAACATTAACGTCGACTAAACCTACTACATTGGGACTCAACTCTACTGGGCGCGTAAAAAACCAGTAAGAGTGAATGCCAACTCCCACTGGTTGGGCAGAACTCCGGAGTGGACCATCGAGGCGAGCAAAAGTTCCCACGCGGTAGTGCCGCTCTCCCTTTAACACGCTGTTGCAGGTAACTCTTCAGTGAATACAGATCTGCACCCTGGTGGGTTCGACGGGCATACCTACACGGTAATCCAAGCTATCCCTTACTGAAACGACAGACTATAGAAAAGTAAGATGCACAAGATGCCTCGTATACACAACACACGGTTAACGAGGAAATCAACCCCTGAATTACCTGTACTTACGTCACCAGAACGGCACCTAACACCTATCGCTGCAGCTCCGCTACACGTAGAAGGAACAGCCATCAACGCATAAAGAAGTGTCATTTTGGTGTGGTGGTCTTCGTTTCTGGATCCGGTTCACCCACTAGAAAACACCAAGCATCTAGTAAACTTGCCTCAATACCTCCTTGTCGTCCAAAACGCCCTAGGCCCCCGGCAGGTGAGAGTGATTTATATCCTTGGAGTTTATCAAATGCGTGCCTGCTAGACCGCCTATCCCCGTTATGCCCGGGATGTAGCGGAGTTGGTGCAATGGTCTCCTATTGAGTGGAATCTGCCCGTCTCATAGAGCCCGGAAAGAGCATGACCGTCGTT,1715,49.68,Caenorhabditis elegans
SEQ_914218,GTGCATCTTCTCCTCCATCCTTAGCTTTGGAGACTGCCGTCCGCCTGGGATGGCTTGGAATCACGAGTATTTCGCATGCAACTCTGGTGCGTTCCATTTAAACCAATGCAAAAACCCCACAGGGGAAATGACGGGGTCTCTATTCTCCATAAGGAGGATTCCGCGCATCTGCGATCCTTTTTAGCGCATTCTGTATATCACAGATAGACGGCCTTGATCGGAGTAGAAGTACCTTGTGGGCCGATCGAGCCCTAGGCGAAAGAAGTCTTGTGCGGACCCTGACTCCAGAGTAGTAGACCCTGAGTACTCTGAGCCGGTGGCCTAACCCACGGTGTCCCACTCGACGTAGTTAGCCCGAACGATCTAGTGTCGCATCGGAACATTCGGGTCCTTTATAGCGATGAGCGGCGGAAGTTTAGAGAGCTTCTATGCGTCCAGTGGCCACGACCGTCGGAGCTAGCGAAGCTCGAACGTCGCTTTGCCATTACCAAACTGGATTCGAATTGATGTTTTCCGACGGCACAGACTTATGTCGCCTTAGCGTTTTTGCAATAACGCAGCACTATGCATACATGATGCGGCTGGTACAACCTGGTGGCTTGTGAAAGAAGAATAACGCTAGGGGAATGCCGAGAGCAGAGGTGAACGTAATAAGCAATCCTACTCAAACTTACTAATCTCTAAGTCACTTAGTTAGTAGCGTCGGAGCGAGCGCAGGTGGGAGCACGCTGCCCCCGCTGTTTGTTACTGGTATTGTTCCATGTCGTTAAGAAAGGTCGATGGATGCGTCATCATCTAGTGTCTATGCCGCATTGGGTGCATACCCCTCAGTAATTATATCCTTTACAATGCCGCGTTCGGCAGTACAGAGCCTGTCCCTTCATAGTTATCAAGGAGGTGAGAATTTTGGAGCTTACACCCTGGCCAAGTGGTGAAGGGAAATTATAGATTGTATGGAGAGTGGCCTTGTTAAGACCTGGAACTCGTTACTCCATTCACAATCCGTAACATAAGTGCTCTCGTGCGGTATTAGACCCGTAGTATGGGATCGATCGACTCGATATCTCCATGGTCGCTTATATCGTAGGCCCGGACTTCATCCTTGCAAAGCGTAACAAGGCGGCCATGTACAAAACGCACCGACGGTCGCCTACCACACAGGAAGTGATCGTCAGTCATACTAACTTTCGAAACGAGGGGGTCACGAGATCCTGCACACTTCTCTAGACGCCGAGTAGACTAATGACCGGAATTACTTATTGACCGGAGTATTAGTGTGGCAGTCGCCATGACGGCCTTTCAACGGTCCAGGGGGTCGGAGATCGTACTTCCCATTACGTCTCGTGGGCGGGGGCCTTCGTCGTGAGGGGTCTACCCAGACGCCTGCAATGCGTCCATGTCAGGCTCCCGAAACAACTAGCGCGTCTGACGATCAACTACTTCCTGACATCCATCCACGTGCTCACACAATGCTCTCTCTGGTCAGTAGCCTCCAAGGGCAGCGTGTACGGCAGTCCATCTATGTACGCTATACGGAGAACGTAGACAAAACACACT,1557,51.32,Saccharomyces cerevisiae
SEQ_158615,CTGCATCCTGCCTGACCCAGCACCATCGCCTTGGAACATACGACGCTTGGGGTAATCACGGACCGGCAAAATATTCTCAAGTCAGCCAGCTTTCGTGTATGAGAAAGCACACCATGTTAGTTGCCTATGGATATTACTACGATTCCCAACAATGGACATCGCCTCAGCCCCGCATTGCGTCCTCTCCCTCCAATAGGTTTTGAAGAGGTAGTAAACTGCATAATCCTTTTCATCAACTCGGGTAGGTACGTATACAGTAAATCACTGGTACGCTCAGAACGGATGACTCCCAAAGTGATGTCCAAATTATTATGTGTCAGGGACGGCTCCTACCGCGCCATGCCTGAAGAATAAAGGTGCGATAAAGGTCACCCTCCGGGGGAGGCTCATGCAGCCAAACGGAGCCTCCGGAAATGTGAAAGCCACCAATAGAGTCGGTTTACCGAATAGCCTACCTTTTGAAGTTTAGCATTCTAACGCCCGGACGAAGAATCTATCCCGGTAGTCGACTTCGACCACCATTTCCGCTACCATCCGACTA,541,49.72,Arabidopsis thaliana
SEQ_159026,CTATTTAAGAATCTAGAGGGACCGCATTCCATGTCGACTAGAGAAACGTGGGTGGCATGACTCTGGAGAATAGCGGTAACAGGTCTATAGCCAAGACGTATGTCCTCCGGGACGTAGGGTCAGCAATCTTACTGCACTCAGCAACACGCGATGACTGGCCCTGACGGTTGGTTACCCATCCACTTCGCTCGGATGGCGTTGCTTGCGTTGACGCCACGCCACACCCACGCAATGCAAAGCGATGCCGTAGATCGAACAATGGGAGCAGCAAGTTGCACCCGTTCGGCACAATGGAGATCCAATCTATCCAGTGGATAAGGCCGCGCCGAAAGCGAGTACTGGTCGACGCGGCGTGAGACGCGTACAAGGTGACCGTGGAGGCCAGGTCTGTATGGGCAACGTTTTCCCGCCCTTCAGCACGTCATCTCCAAAAGGGATGCTCCTGACAGTTATCCTTATCACTAAACAAATAAGCTTAGTTGTACGCACCTGAGGGGCTATCCCACTGGTTCTTGTCAGGAGGCTATCTTACGTAGGAACACACTTCCCGGTCGGTAGGGCCGACTGCGAACCAGCGCAGACTAGAACAAGAAAACATCGGGACGTCTACGTGCCGCCTGCGCATGAGAACTGGGCATACGCGCAGTGAATGAC,654,54.59,Caenorhabditis elegans
SEQ_801906,TCGGCCCGGAGTTGCAGCACCCGGGATCGCCCTACCAAATGCCAGTATGCATGAAGAATTACAGTACTCGCTTGGTAAGTACAGAGGGGTCCGTCTCGTACTGGTTGGCAGAAACCAATTCTGAGTCTGTTTCCGCTTGGAGATGAGTGTCGAGAAATAAACAGGGTGCGGTGTTGAGCGACCCTACGATAGGGGCGCATTCTCCACTGCGGTTCGGAGGTGTGGAAGGTTTTACGGTGAGGCAGGACCGAAGAAGTGTAGTCACGCTAGGAAGGCGTGCCATTTCGAAACCCCGAGTAGACGTATTGTACGGGGCCTATCAGCAAATCTAGCGGAATCGAAGTGGGTACTCTTATCAGTGGTGCCGCCGTGGAGGATATGTCACTCGTGGCCCGTCAATACTCAGCGCTCGTTTTGTACCACGAATACACAAGTACGCGTTCGAACATACCCTCACTACTCGCTGATTAAGTATCATCGTCACGTAATATCAACGATCCACTGCGCCTCAGGATCTCTCTGCTCCCCGGAAGCTGCAGGAGTTGCGGAGACTACCTCTTATGTCTTATATTATTGGCTACACTGCGAGGGACTGAGGGCACTAGACTGCGCTACTCTCCTAACTATCGTTGCATCCGGAGTGTCCTGTGCGTAACGTGGGATGGTGACGCTATTGCGGACCAAAGGAGGGCGACTTAGTTGCCAAACAAACAGGACTGCTGTCGGAGGGCTAATGGACCAGTCCGACTGAAAGATGAAAGTCTGGTGGAGCCCCTATATACCATCAGGCTGACTGAACTGGCTTGTGAAATACCGACGACAAGGCGGATTCAGGAAGTGTAGAATACCCGTATCCGAACTTCGGGTAAGAAGAAAGGATAGGGCTCTGTCGGGGTTTCCAGTATAGCCACTAAGCGCTCCGCTAGTAGTCTTGATGGCTCTGGAACTGGGCGCACCAGGATGAAGACCACGTACCTGCGCCAAGAATTCTACTGTCAGTAGTATTCATCTGTGTGGTCTGATTCTGTCAAGCACGTAGTTTGCACGTAAGAATACTTCATGGGCGACGGTTCCTCAGTTGTGAAGTGAAATACCTTCCAACCCAAGGAATGTGAGCACTGACCGCGGAAGGAATTTACCTCAATGGTAACCGTCACACGTCAGTAACGCGTATCAAAACAGTCGCAACCGGTGGGGACCTAAACCTATGTGACTCATCTCCCCCTCTGCCCCTGCCTAAGTCTCTTCGTTCGCAGGCTCTTCCTTACCAAGAAAACCAACCGTTTTTAGGGCCTGAGTGTAACGTTGTACTGTTAAGTCATTCGACTGGTATAGGTACATGAGCAGTGTGACCGGTGTATCCTCACTCCCAATCAAGTATCTAGCATCAAGTCTTCAGAAC,1402,51.14,Escherichia coli
SEQ_171977,TGTTTCTTTTCGCGAGGCCATGCTTGTTGCAAATAGCCCTGCCAACTCGAATTTGGTGAGTTCCGTGTGCTCACGATCCCCCCTCCATCTCTAGTACCGGGGCTACAATCTTACAAGGAGGGTTTTTTGGTGTTGCCAGAGGTAACGGAGGGCGCCGGATATTGGCGGCGTGCAACATCTTTCGTGTGTGTTGGCACGGGGGCTAATAGCTCCTCATTGTGCTAGCATCTTCACGCAGGTTAGTGTTTTCCGCGGACTAGCCCCGTACTTCTTGCTACCTTCGCAGTATGACTGCTGGGCATGTGAGTAGAACAGCCAGACCGCGGACGAGCGGTGAGGGTACGGGTATGTAAAAAAGTTCGACGTGCCGCGCTTAGCCGATCTCCGTAACAGAGCACACCAGCTGGGGTAAAAGGTGGTCCGTGAGATGGTGAAATTGACATGCTGATATAAGGCCAATGACAGCTGACTTAGCACACCTAGGCTAAGCGGCCAGCAAGGAAATAATTGATTAGCAATGACCCGAGAATACGAACTTCCAGGGTTGTTTAATGAGTCGGCCTGCCGCTAAGGACCTAAGGACCCTTTCGAATTGTTGCCAAACTAATTATGGAGGGAAGGACAACCTGTCTCGGCTAGACCTGAAGTGTACTACCTTGTTGCGTTGGACAAGATCTCGATAAATTATATATGAATGACATCAACTGACTTGGCCGGCTGGTGTTGCTATGCAAGGGCGAATGCTGTCCATCCTCGTCCCATAACCCTTTGGGCAACTCGACTAGCATGGGCATAGGAAACCCAGACGATAGATGTTTATTATGTCCGCTGTAATATCGGCCCAGGTCGTCCTCTTCGTTGCAATTGGTC,870,50.8,Drosophila melanogaster
SEQ_541334,CGCTTAAAGGATAGCAAAGTACCCGAAAGCCTCGATGGAACTAATGCGACCGTATGCAATACTCCCGACGAACCTCGAGACTTCAATAGCAGAAGCTTCCGGATTCTTTGCAGGAAGCCAGTCTCCCGTGCACCTACGATCATAAGTTTTGTGTGCGCAGGTAATGCGAGTCCACCGACCCTGTGGATGTGTGAAGGCTGAGGTTCAACCAGGCTCGAAAGGGGTAGATTAATCTTGTCCTAGTAGAACAGTAGATTGGCTGGAGCAAAAGGTCGGGTTAATATATGTACTAGGCCGCTTAAGACGAGAGTGGATCAAACAGCACGCGCACCTTCTAGATTGTATACGTCAGAAGAATAAACGGCTTGAATGTACTTGCACGCGTACCTGTCAACCTCAATACCGACTTAGTGTTGTACGGTGCGCCGCTAGGTATCCCAAGACGTGGAACTGCCCGCGCATGTCCAATCCCGGTACTTGCCGGGTCCCTGAGACTGTTCGCTGGGACTCGCTTGACGCGTGGCCTATGGTGGTGAGCGCGAAGCCTTGGCTAGATTGATGTTCAAATTCCAGGCAAGGACGTGCGTGTCGCAGGTTCAAACAGCATCGCCCAGAATTCGCACCTTAAATGTGCCTGCGGACGCAGGGGTCATTCGGTGCGGAAAAAGCAGCTGCTATCACTTGTGGCCCCTTCCAGCCGGACGTTTGCCCTCCGTTACAACGTTGATACGATAAGACACTTTCAGTCCACCACGGAGGCACTGGCTGCAAGGGACACAGGGCGGTCAACAATGTAGGAAGCAGCAATTTCGATGGGCAACTCGATGCGTCTGAAAACACTCCTAAGATCTTTCCAGCAGCCCTAAAGTGGGGTCGATTTCCGGCGGGTCCTACCCGCCCATTCTTTTCAGTGCAACACTGGCACTATCACGTGTGCTCACTCATAGGGTGCCCCAGGGTGATGGCACGGACTGTCCCGGTCTTGTGCTTACGATGATCTCAATTTACTGCATGAACCCGCCCGTTCTGCTGGGTTGCATTTAGATAAGAGTGGTGAACGTTGGGGCTCTAGAAAGACTCATAATGAGCAATTTCACAGGAAAATGGGGCTTCTAATTGCCTAACGTTGGACATACGATGGGAAGCAGTACGCCCCATCATGGCTCTAGTTGCCTTATGAATGCTACACAGGTGGTGTTAGCAGTCAGCAAAGTTACCTGTAAACTGAAGGACAGATACTGCGGCCCGCCTGTGAGACCGCAGCTAGGACAGTACATCTCCTCCTTATAGAATAGCCGTTCCAGATAGGTTGGTCTGATATCCATACACTGAGGGGGCGCTTATGATGGACATTCTATGGATCATGGTGACAATTGGCGTGCGATAGGGAGATTTTTGGTTTACCGTGAGCAGCGAGTGTAGCATCAATTAGTTCCTTTTTCTGAGCCTTATATTGAGTGATTTGTCGGTTGAGTGTTATTCAATCGGAGGTCCCGCATCATGGTGCACGATATGCTGCCAGTAGTTAACTTAATAAATGGGTAATTGGATTAGTCGCTCTATTTACTTGGTATCGCTGAGCTTATATATATCTGACCGGCGCTGATCAGGTATAACCAGGCCATCGGGAAGAACGGAGCGCGGCAGCATAACCCCAGGCCTTTTAGACTAGGGGCAACTACTGATGCCGGTGGTGCTACAGTTGTAGCCCAGAT,1715,50.67,Mus musculus
SEQ_335374,AGGTGTGTCAAGACCTTCAGAGATACCCTCTGGGTTCTACATTTAGATGCAAAGCGTCTGCTGAAATTAATAGTGCCGTAATAGATTCGCGATATAACAAAACCGTAGTAAAGGTCTAACCCGAAGTTTCAGGAGAAGGGTCGAGTATGACTGTACAAGCTATGATTCCGTCGAGTAAGTCGTAGTTAGGGTTCATGACCGCCCGATCCGAGCATCAAGCTGAAACCGACCATAGGGGACGCGTAGTTGCCCGGCCACCGATTCGCGACCAGTAGTTTGGGATGCCGTCGTCATATTTCCTGGGTCCCGCAAGCCTTTTAAACTGTAATTTCCTGTCTTCCAAGACCATGACTCAATTTCGGTTGGACGTGTCTAAAACTACGTGAGGCGCGGTCAAAGGGTTTAAATTAGACAGTGCCCGTGTGACACATGGATTACCCCGATGGTCAAGGGGCTGTATCGTGACGGTTATAGCCACGCGTAAGCAGTGCACTTACAGTGGTTCACCAGATGTCTATCCTTCC,524,48.85,Mus musculus
SEQ_111138,GACGCGCATTACTAATATGTAGCTTGTAGATTTTTATGAGAATTACCGTGGGCCCGACCATTAACCTGCTGCCAGCGCGGTGGACCGTTTAGGAAGTAAATAATGGCCTCGTGTAAAACGAAATAATCGCGTACGGCAAGATATGAGTTTTCGCCAGGAAGGCACACCTTGGGCGATTCGAGAGCCCTTAAACGTTTGGCGGACAAAACTCTCCCTTTTCAGACTCGCGGGTTTGGAGGTACTCGGCGTTTTCCCTTTATTTGACGTCCGCCACGACCCGTGCACGTGGTGATAAGTAACATATCATCCAGAACTAGGTCAGCTTGGGCGCCGACTTGACACACTCCGATACAGGGGATAATGTAGCCAAACTTTTCGATCGGGTTTAAGCAGACCAATGATCCGGGTCTCTTTACAACCCATGTACCGCCCAGTAACTCTAGTCTGTCAAATGGGGGCGCTGGCACGGAGACGCGCCTGGACTGGACACCACAGCGAGACAAACCTAGGCCGGCCGCTTCTAGTCATAAAGAGGACTGCAGTTTGGGAGACATCCATGAGAAGTTCTTTTTCATGAAATGAGGGTCCGCCTGACACAGCGGAATGAGATTCAAGGCCGTTGAGATGGTGTGGGGAAGTGCAATATAGTCCCTGTCTCATGAACGCGCATGTTTGCTAGCCGCATGTAGG,690,51.01,Homo sapiens
SEQ_875083,TCGGCACGTTCCTCCACGCTGTAAGAACGTTGACGACGCTCAAATTAAAGCGAATTGTAAGCAGGTGAGCGGTGTACGGCCGGTAACCCCCCTACGTGTCGCCATGCGATCTTCTCACGGAACCCTATTGGGCGGCCTTCCATCGCCTTAAAACTCATCAGGCATGTAGCATGTGACAAAGTTTCATACGGAGTATGCGCCCTCAATCAATACTGGTGAGTGCTGATGCAGCCGGTCTCGATGTAAGTTAAATCGGGTGACACAAAGGACGGCGAGTCTAAGCCCCACCAGAAGCCTGGGACCCTTTGATACACGACGAAGTTCTATGTTATTGACCGAACCTGGCTCTGCTCACTTCCGGAACGACGCTGGCGCTATGCTCGTAATTTGGGCCCGAAAAGGCGGACCATTTCTCCACCGTCCCTCCCCGATGGTTATAAGGATGCCGTCTTGTAGTCGCCGCGAACACCAGGGAACTTAAATAAGGGCCTAGTGGCGAGGGCCTAACGATACCGCGATTGAGCAGAGATAGCGTCTCAAGAGGAGCCTGGGCCTATTGGTCCTGACAGGTCAGGCCTCTCAGCTGACCCACCTCAACGTTTGCGCTACACCCTCTCTTGCAAAGTCTCCACCTAAGGATATCGCAAGTGCTGGCGATTGCAACTGCAGTGCCCATAGCTTGTGTATCCCTTGTACCCCACGCTACGACTTATCCAGGGACGTCTGGACTATTTGTCCGGCGAGTTTTAAACGGGCCCAGTTGTCCCGCGAGATACTAACGCAGTTCTAACAGATGTTTGGCAAAGTTGCGCCTGTAGTGCAGGTCCGAGCACCCACACCGCAAATGGACTGGTAAACAGCTTGAAAAGGGCTACTATAAGCAGTCGGGCAATGGTCTGACTCACATAGCGGTTCAACCGGACTGTGTTGCGAAATATTTGTGTTGGTGCGCACAAATTTCCAGAAGTCAGCAACCTCAGGTCATAATACTGCAGCCGGACAGGGTGCAACCGCAGTCACAAGCTTCAAGATCCGATCTAAGGCCGTCCTTAAAGACCTAATACTAGCGGACGTCACCA,1079,52.92,Caenorhabditis elegans
SEQ_852570,TTGCGTCTAACACCACGACATCCGCCCGCATCGTTGTGCTTTCCCCTCGGAATTCAGCAATACTTACAGATTACTGAGACAGGGACTTTAATGACTCGCGTCGCGAGAGCCATACTGAAGCGCGCGGGGTGCGGGTATGGAGTGAGGCAAAGATGCCTACGCTCAGAATAAGTCTCCAGAAAATCGTTTCTGTCCCTCAGCACTACTTAAGAAAGACGCAAGTGTCGTAGGCC,233,51.93,Escherichia coli
SEQ_640925,AGTAACTCCTCACTTGCAGTGCCCGTACAGAACTATACCGATCTACTTCGGTACACAATACGAATATTGGCTGATAGGTGATAATAGAGCGTAAGTGTTTGTGACTCAGTCGCTTTACGGGTGAAGGGGTAAGCATTGTTTAGGGTTAGCGTCCTTAGCGATACCCGGAACCGGAGGGAACCTATTGACGGACTAATAGTAATACTAGGTAAACCATGGCTTGTGCGGCGCCACGCTAGATGAGGCTTGGGGACGAGGTTCATAGGCTGTGGTGTGAAAAGCACTTCGAGCTCCTTAGCCCGGCTACGTAATGCCCTTCGTATAGATTTACTCGCCAGCGGGCTGTTCTTTCGCGGACTTAGAGTACCTTTAGCACGTTTACTAGTAGTTGCATTGTGGTCTGAATGCTGTCTAGTTGGATATGATTATCATGTGGTCTGCCTACTGTAGAGAGGCCGAGAGGTTGAGCGCACGCTGAGTGTCTCTCTAGAGTTGTGAACCCGCTCAGAGCTAAGCGCGTAAGTGTACTGGCCATTGCTGTAACCCTAGCACGCAGTTACGGTCCTGCGTTAGCCATCAACTTGAATATTTCCTGGCAAATTATGCTTATTGATAGCATTGTGTATCCTGAATCCAGATCATTGACCACCCACTCCGTTGCGTACATCATTTCTCAAGCTGACTTCTAAAGTTCCCCAGACACAGCACCTCTCTTAGATAGCGCAAGGCAACGTCAAGTTCTGTACCGTGAAGCGGCGTTGCCGCCTGTTGGCGACGTGACCGGGTAACTAGCGCCTTAGGCTTACCTTCATGCATTACGTCTCACCTAGTGAGCCGGAGATTAGGATGTACTAAGTAGCCTTAGTCGAGGATATATAACGACTTCACGCCTGCGTTCACGGACTCCCCATATATAAGAGTCTTGTCTAACTTAAAATCTATCAGGGTAGG,951,48.58,Homo sapiens
SEQ_327979,CGCGGAGACCACTAAAACAGGCTGGGGATCTGTCATAGTGCTCGCCAGGACCGAACATCATGCCGGTCCGACGATCACAAGAGAGATATAAGGAACCAAGTTCCCTTCCTCCATCCGCGCCGCGCCCCAGGGGCGTGGTTTTAGTTCTCCACTACGACGCGGTCCTGGCATCTCGGGATTAGGGATTCGCAAGCGACCTTTATCAACCACCATGATACCCATCTTCGT,228,56.14,Saccharomyces cerevisiae
SEQ_479869,TGCCCGGAACAACTCTAAACGAAGTGGGCCCCGATATGGGCACCGATGAAACTTCCTAGATGGCTACTTACAGCCTTCAGGGCCAAGCGTCACTAATTTAACCTCTTGGGCGCTACCCGACTCTGGCGAATAACATGTTGCTTATAACCCTACATTCTTCCCGGCACCCCATCTGCTACTATTTGACGCAATATACCGCGTCGACCAGCGGGCAATCGTCCGCTGCTCAGACCCGATTCTGCGGTTCACCCGCTATTTTTTTCCCAGGCACCCTAGTTAGTAATGGAATCATTCGGGCTGGCCATTCGTCACAACTCATTAAGTGTGTCCTCTAATAGACGTGCCATGCTACAGTTTTCATATGACGCTTCGAAGCCGTGGACACAGACACTTGCATCTTAACATTGAGAA,411,50.12,Mus musculus
SEQ_828003,AGACACGTATTTGTGCAACTCCCCCATTTCTACTGCATATATGGGGAAGGGCGGTGTGACAGCCTAGGAGCCTGGCTTACTGGGGCGACGCACCCTTTGCGAGGTTCCTGCGCCACTTTCTAGGTGTTTCGATGGGGGAAGCGCCACAAGCCCTGACTTAGTGGCTCTGTCTACCTCCTGGTGGCGGTGGACAGCGGCGCATACTTGGTTGATTGAGCGACATATTTCTCGTGCGCCAAGATTAAGCGGGTGATATGGCCCTATCCCTGAACCCCTTAACTTTGAAGGACTAATGTGGGGAATGGACGGCAGCACAAGGCGATGGAATTTGACGACTGTCTTGGGCAATAATAACAGGCGGCACCCCACGGTGCTCTTAGATTATTTGTAAAGACAGGTCTAAATTTCCTGGCCCAACTTAATGCAACCCCTTTCACGCCTGGTCTAAGTACGGCAACCGTCATCCGCGAATTTTTAGACTCTGTAGAATTACGACTAACTGGTGCGTGAGGGCCGTAAGCGTCATATGGAGCCTATATTCTTACTGGAAAGTGAATACAAATGTTCCAAATGCCCAACACAGCCATGGTAGCTAGTGTATACGCGTACTGCCAAGATTGAATCATTCCACGACGCTTATTTTAGCCAGGTTTGGAGCTAAGATTCCAGCATCTTTGCGTTACCAAGCAGACGGCCACTGGCGCATCAAGCAGGGCAGGGATCTCAGTCAAGGTGCCACAGGGAACAGTACAGTGTCATACCCGGCTCCGGGTTCTTTAAGTTTTTGGCGGCCCCGCCCCGTGTATAAGGAACAGTTTCGCGTGAAAACGCATGACTCGGTATTCGAAGAGCCCCTTTATAGGGCTACCTTTAGGTGGCGGGGGGTAGTAAAGCGGGTTACCCGATGAAGACACAACCGGCAATGCGCCCCCGCGTCAGTACGCGACATGGTTGAGTATGAATTACACATAGAACCCTGAATGTCTTGCTCATCCATCTTCTATCTGTGTCACTCACTGTTCGTGTCACCTAGTTTGCAGATTGAAACTTGCGAGGGCATCTGTGGGAGTATTCGCGCGAAACATTTCAAGTATCAGAGCTCAGATGGACATGTTAGAGAGCGACTCCAAGGTATGCGAGCACCCCTGAAGCAGAAGCCTCTACTGAGATTCCGGAGTCAAATTCAGCGGAAACATTGGGCGCAGTGAGGTTGACCCGCGGTTATTATTGCATAACGTGCGATATACTGGGAACTGGCCACTGGGGTTTGAATCGCCAAAACTAATAGCAGAATTCCCGCGGTTGCCCTGAGCTATCCAACTTCGCGCATCACTTCATAGTGGCACGAATATTTAGTCCTTGTCGGGCACATAAACGGCGTTATGCGTGAGCCCATACAATATATTATTAGAATAGTTGCACCTCTCTCCCGTTACCTCTGCACCCTAACATACACTTGCAGAGTCAGGACTTGTGATCGGCTGACCCCTCCATCG,1496,50.67,Saccharomyces cerevisiae
SEQ_293504,ATCAGATCAATTTACAATGGTTTGTCTGGTGTGCTGCAAGCTGCCTGGAACGCTTGCTTTCCCATCGATTTGTGCTAAGCGAATTGCTTTCTGGAACTCGGCGGAACCACGAATACAAATGGAACGGCTGGTGAT,135,47.41,Saccharomyces cerevisiae
SEQ_474807,GGCGACAACTAGCCGTGAGTGACGGATTCAGGCGTTTGGAACATACTCATTGGTCGTTCTCGTGCCCTAGCGACATACAACGTCCCGCACAACCCCAAGTGCGCTGTCCTATTCTCGTTAATGTCACAATGCATTCTTTAATCTCCCAGCGGTCCCCGCTCAACGGTTATATCACATAGCACATTGGTGGTAGAATGCACCTGCGGTTAGTGAACCGTGCGACTCCACTTCCACGTGGCTAGTCGAGTCTGATCCAACCACCGATGGGCATATCCGCGCTACTGTCAGACCTCCACTAGCGTCTATTTCTATCTGTAGACACTCAGTCCGCACTATTGTTTGTTGGCTATAACCGGACTCCGATGCCATCAGCAAGCATTAGCTCTCTATAAGCTCTGCGCAAGTCAGAGTCAGATAAATTCATCGAATGCAGAGTGCTCTAAGGACGCCCTCACCAAGAGACCTGAGGTCCCGCAGTCGGTTACGAAAAAGTATTACGATAAATGTGAAAAAAATGCACCACGCGGCTAGGCAGAGGCGCGGAGGCGCGACTATAGTGCTCAATATCTGCCACATTGTGGTGGTGCCTGGTTCATTCGCACATTAGAGTATTAGAGTACGATATAGCGCCCTCGGCGCTTATTGGGTGCTCTGTTTGGACTTATTGAACACTTAAGTGACGTTTTTAATTCTGAG,696,49.71,Drosophila melanogaster
SEQ_313316,GGAAACGGCATATTATCAGCCACGAACTCGTGCACTGAGGACGGCAGGAACAAGCGAACCTTGAGCGGGCTCAACGCGCTCTCCACCATCAGGGTTGATCCTCTAAGGGCCAGGGTGATAGACGCCCCGGGGGCGCCTTACGCGTCGATGACCACCCCCTTGCTCAACTTGGGTTCATACGATATAATAAAACTTCACTGTCACTGTCTTGACTATTGAGACTGTGGTGATATGGAGCATGTAATAATTAAGGTTGGACCCTACTAGACCTTGAGTATCCTACAGGTGATGAGCTTCATTATGGATTCCGTAACATGGGCTAGAACGTGTTTCCCGTAGGTTCTGCACACTACATATATTCTCTGGACTTAATTCTATTGGCGTAACCGCCCGACTCGAGTTGGCAGGGCTGCACACTAGCAATCGCCATGCTAAGGGTCATGATGCCTCTATATCAGCCCTCAATTAACAATGACCTACATTACCTGCTATCTAGCATGATTAAATCACTTATTGTGGGCACAATTGATTCTCCGCGGGATATTCACCATGCTCACCGGTGTGACCGATGCTTACGAGGAGTCTCTAGATTCAGTAACTCATGCCGCAGCAGCCCCGCGTCTCATCATTGTTTCGTTCGTCGGCCGATAGCTTAAGTCTCGTTGGTATGAACGGACTTGTAGCGTGCTTCCCAGACTACCACGGACCTCCGTGATATGGCGGTCGTGGATTGAGAGCGACAGGTAAGGATCAAGCGAGTAATGTGACTTCAGGGGCTTGTCGGTTGGCCACTGATGCGTATTCAGTCACCACAACCTTTGACTGCCCTCGCTGCCTTGTAAGCGCTGTCAGTACATGACTAAATCCGGCTGGGGTGCCTATGAATTTGACAATGTGTAGGTCCAAAGTAACGAGAAAGGGCTAATTCCGAGTCGTTAGTGTACGAAGCTATAATCGAAGTCACGGAGGTCCGCGTCATCTCACTTAACTATTAATTCCTCATTCAAGAGGCCAGCTGTTGCTTCCAGCCATCGTTGCCTTGAATAGCG,1049,49.76,Saccharomyces cerevisiae
SEQ_841512,GCTTTTTGGCACAGACGTCTACACAAATCAGAGGATACCAATGAAAGATGGTATTTAATCCTCCTCCGCGTTAATGGGTGGCCTGAAGTGTATTTTGGGTTCTCAACATTCAAGTT,116,42.24,Homo sapiens
SEQ_771870,CTTCCTTCGTTCGCACATCTAGTCTGGTCCGCTGCAAACAACTACCGACGTGGGCTCGGACCTGTACTAGGTAGATGGTCGTGTCACGAACACCTAAGCAGCGGCCGGCGACGGATAGCGCTATTGCTCCGCTGGGTCAAGAGTCAGCATTATTGGGTGGCACATATGAAGGCATCCAACAAGCATTAATCTCGGAAGGAGAGCCATTGTTTTGGAAAATGTTGACTGCCCAGACAGACCTGACACCCAGTCGATGCGGGTACGTGCCCGCAGAAGTAGGCAACTCATTGGGTTAGACAAATAGCACAGATAAATCAAAGCACTACGATTTAGCTATTGGAAAGGAGGACGTCCAGGCACCGCGTTGCACATCGTGGAGTTAAACTGCAAATGTGCCTCGAGGCGTTTCCAGGAGTCAACTAGTTCCACGACCCGCCTCTGCTCCGTCACTTGAGTGGTTTGCGAAAGATCTAGGATGCTACATGTCTGCATCGTACTATTTACGAACATTCGAAAACGGTTGGTTTAGCATTACCACCAGACCTATGTAGTGACGATCAGCGGTGGATTATACGGGATCGCTGGACGTCGGCCAATAGACGTGTCGGACAATTTTTCGACCAATATTTGCTGGAACCGCTTCATTATAATTATACTATAAGCTAACGCATATTTATGGGTGCAGAATATGCCGTTGTGTTGTGTCCCGTCCAACGTGGTGGTCCTTCGCACCATCAAAGAAGGCGCGGGCTCAGTAGTCAGATCTAGGTGGATTCTAGTCCCACACGTGAAGGGGGTGAGTGCGAAGGGTCTCCTGGTCGCTTTCAGCACTGATAGTCTGACCAGATAGACAGTTTTCCGTCCTGTTAATTAGTCTCTAATAAAGTGGAATTGTCCGTAGGCTAGTAGAACCACTGGTAAACCGGTTGCGACCATTTCATCGCATGATGTGACCGCGGGTGG,963,49.95,Caenorhabditis elegans
SEQ_416329,CTTTTTTATCGTGAATTGTTTTGGATTGGTGAGCGGCAGGATATGATTGAGCACAGGTAACGAAACGTATGGTTCTGTAGAGTGTGCCAGGCACCTATACACACGAGCAGCGTGAATTGGCTCTACTTGCTTCGGACGGCGAAGAAGTGTATAGTCGCCAGGGCTACGATGGCTCGTGTGAGGGACTGGAATTGGGCTCGTCTTGATTGAGCTAGGACAGATGGGCCTGTAGCAGTACCCCGGTAAGTCCCAGGGGACAGCAATACTTCCGAGATCGTAGCAGGACTTTATTAGTGTCAGGGGGCTTCCGAAGAACGTCATCCCGAGATGAGCTCATTCCTCACGCAAAATCTGAAAAGGCCTGA,365,50.96,Escherichia coli
SEQ_292750,ACCAATCCCTCGCTGCCGACCCCCACCTAGCGCAGAGGGATTTCCAAGTCACACTCTTCAGACTTACAGTCATAGCACGCATCTACTGACCGTACTGGCTCCGGGCTTCACTGGAACTCGAGTAGCAAACACTCACGTCCGTCCTAGATCGCAACTCTGACCGTCATTGTTTCTACGCCCTGAGCCTTGGACCATCTATGTTGTGAACCTGTAGTCCCTACGCGCATAGTCTCACATTGACGACTAGGACGAAGGCCGGTGTACCCAAACCTGGTGCGACCGACAGTGGACATCTATCATAGAGCAAGCCAAATCAACTTAACGGGTCAGGCTAGGGAGTCGATACATCTGGGAGTTCGGTCGCACACCGAATTATAACATGCTTGCCATCACCGTCCCGGTGGAGTGATACTTGGTTATTACATTGAATTCGACATACCTGCGATTTTAGAAGGTCACTCAGCGCTAGCCTATGGGATCAGTGTGGCGGGGTACGAACGAAACGTTGCCTGTAGTCCTTCAGTACTACTCGTTTGTCGCGTAGCCGCGGTGGTTTTAATCTGTACCTATGATGGCTTATATTTACTAGATTCTACACAAACGAGCTAAGATGAGCGAGTCAAAACTTAAGTAATTGGTCCCCACCACCGTCTGAGAACGCCTTAGTCGGCCCACCGCCATTCTCTCCCGGCCCTCAGTCGGCTTGTTAGGTCATCACGAAAATCCGATGATAGACGTCGGCGTTGTAGAAGTATGCCTACAAGACCCTCCTGTTGCTCTAAATCCTATCTGGGATCGGACCCAAATTTTATGAGAGTGATGTTTTTCCCGCATCTTCACACTTATTTAGGAAAGAGGGTTGATCTGACCGCCGGCGAGCGAGGTCGGAATTTCGGAATCATCTTTAGCTATAACTGCAATGTGAAGTATGCCGACTCGGTGGTGATTATTCAGTCTATCGAACGGAAAAGCTTTATACGTGAGATAAATTAGAGCCCGTTTACCAAGTCGGTACCCAAACACAGGGCCACCAGGGCACTTGCCGAGATCACCTCAATTAACCAAGCTTGCACGGCAGACCCTTCATTACCCCCTAAGACAAATCTCGTTTTATCTAAGGTTCACACAGTAACACAAGTGGATCTTGGGTACAGTACCACGAGCCGGATTCTGACCTCAGAAACTGGAGATCGTCTTCCTACACCAAGTTAGAACCTTTATGGCGGAAACTGGGGTTCGCGCAAACAATGTTCGAGTTTGAAAGCGCTGAGGATGGCTAAA,1281,49.34,Caenorhabditis elegans
SEQ_304911,TGACTTTAAGAGTCCGTCCAAAAGGATGTGCGGGACCGTAGGCCTACAGGTGAACGACTGGATGCTATGACGTAATTTAATGAGGACACTGCGGCGATCCTGGCTTCTAGTGAACGCGCATGGTTTCTTTTGATAATCTAGTTAGGGCGAATACCGCGCTGTGTAAACAACTGAAGGCATACGACCCTGTAGGCATCCAGTGATCAGGACTCATAATATACGAGTAAGCCTTCATGCCGAGTCCAGAGGGGGGACCCAAAAAAAAAATTTGTTTGGGGGCTTCGGTAAAATCCGTACCATACTCGCGATGTGTGGCGTGCACTATGCCAATTAATTTTGGTGGTGGCGTAATATCAGGCAACATTGAGAACGCTGACCCTCGCTTAGCACAAGGGGGCTAATAAAGTGCACTTAAAAACTATAAATAAATGGCTAGGTCTTGCGAGTTCAAATTGACCAATGTAACGGCGTAACCCGTATAATAGTTAGCGTTAATCAGACGGGATCGGGGTAGGACTGGATGGGCGTGGACGTTCTCCGCCACGATTCAAATCGGGCCCCGCGCGTTCCAACAGAGCGGCTTGACGGGTCTCAGTTGCCGATCAAGGCATCGGGACCGCCTATTATAGGTAGAGGGGAGTGTCCTCCTCAACCTCTCGCCGGCGAAAACGGGCATTCTAAATCGGTTAACACCGTTACCATTTAGCGTCACGACAGCATGTGTGCGGAGCACATGATGTTGCCGATGTGCGGGGGTCGAGACGAATCACTAAAGTGGTACCGCTGTCCTCTTAGGTAGCTCAATGAACGTTGATTTCTAAAACGAAGAAGGACACTATAACGCGAGCTATTTCCCCCGCACCCGCGAACTTCGGGTGTTTGCATTGGATAAAGTTCCATGCGAAGTGTCCGATGACGAACATGTTTTAATGACGTACTACGCGTTTGGAAAAGCAAGCGATGGGGGAGGCGGATGATCTAGACACCCCGCATAGACTCGCGCCGCTCCCTGGTAAAACTATCGAATCAATGAATAGATGTGCTATGTAAAAGGCGTTCGGTCAGTCACAGCCTGAGTGATCCTGACTCGGAACTGCCTGGATTGGCCTAGTGCGCGGACAGCAGAAGACAACGCCTTGCTAGATTAAGAGGCGAGAAGGCGGTCGTGAGTCTGTTCCAAGGATAGTCTACTGCATCGACATGTGCCCCACCACGCGTACTTACTCAGTTTCCCGATGAATTTAGGTTTGATGCCCATGCCAACAAAAAACTACCTCCACTGGCCCTTTTAACTGACGTTACACTTGGTCCGTCGCCGAGGATTGCCAGGACGATTGCCGATTAAGGTGTGAAAGTCACTGCGTAGCGTGACGGAATTTCCTGGTGCTGCACATGCTCCTTACCACGACAAACCCTTCCTGTGTTGGGTTGAATTTCTACGAATCGAAAAGTGGCCGTACTACAACATGATTGCCCAGCACTGTTCTAGGATACATTCTCCCTTTCTCAAATTTGAGAGAGGCGAATGTTTAGTGTGGGAATCATGTACTAACAAACTTTCTACGGTATATCTCACATATGAGCCGTTGACTGGCGCTGTTGCGCGTACTCTTTCTTAACCCGGGAGAGTATCAGTGCGTATCAGTTGGTAACCCTGGCTGCGCGGCACGCCTTCTGTCACAGTCCTCACCAACGCGAATATAAGATCCAACCAACCTACGTAGAGGAACAATGCTCTGGCTGTTAGGTACCAGCTTAAGTATAGTCTGGTCGAAATCCAACTTGGATGCGAGCCTTTGTCTGGGCC,1807,49.81,Escherichia coli
SEQ_418058,AAGAGACTGATAGGAGTTATAGAAGCATAAGACTCTAGAGCGCAAGAAGTCGACAAGTGCAGTGAGTGTCTTAGCGGGGGTACAGTAAGGGAGTCCCCTCAGGCAGATAAGCGTATCACACACGCAGCATCGTGTACGTGTATCTGGCCCACTTGGGTCACACATTACGGGGATTAACATCGGCTTGATGCATGGTGGTGTGCCAAGCTAGTCGCATCGTGCATGCGATGGGGGTTTTTGCGAGTGTGACAAGGCATTCTACGGCTCGAACATACGACGCATCGATCCTTGCTCTTACCCCTTCACGAGAGATGATAGGACCACCACAGTGTGCGCAGTTCCAAATGGATCTACTAAATCCATGCCCCCCGATTGGGCGCATGCGTGCAAGTCTGATGTTGATCCCTGGCGGCCGAACATTTCCGCGCTAACCCACGTACACAATATCTAAATTGTGGCCTGTAACGCCGCGGGGTTTTCTAACCGAGGCGTCCTGCGCCAACCAGATGTACCCCGGAGTGGTCCTGCACTTTCACAGTATTACTTAACGGATCGTATCTTCGCGTGCAACTTAACCTCACGCTAAAAAGTAAGATCTTGAACTCAGCCATTGTTGCCTCAGTAGGATATGTCGTGCGCGTCGGCGAGCCAGACCGTACTCCTTCCCATAAGGTCGCGCAGAGGATCTATTCACCGGCCTCTTTGGGCTCATTGAGAGACCTAACATTATACATCTCAGCGGACCTAGCACTTGTGTAGTGGGAGGACCTGGGTCCGGTGGACGACCCGTATATGCGAGACTCGCGTGGCGTGCCAGGCGCGTTTTCAGTTTTTTTTGGTTCCCCCTAGCTCTTTCCATGTCCGCGATT,869,52.7,Arabidopsis thaliana
SEQ_949506,ATTATGCTATGCGCCAAGAAGCGTGATTCACACTCAACTATTATGCTCTGGCCTCCTGCCTAACAATGTTACGAAACTGATTGTTTCAACACGGCGGGCGTTACAGCAGCTCCGGCGCCAGAAGGCACCTGGGCGTGGATGCATCTGCGGCGTTGACTGAGGATTCCACGACTTAAAGCCCCGTTGCTCAACTGTGGCAACCCCCGCTTACCCGCGTAGTGTTGGAAGGTGCGTCGGGTACAAGAGACTGAGGGCGGCCCAGACTTCAGGGATTGGCCATGTCAAGGCCATATTCTCCCGCAGGATGGGGCTCATAGGATAGTACGGCGTACCACAATCATGACCTAACGCTTTACTTTCACATCCTCGCCCAGACACCTTCCGCACCGTTGGCCACACGTCGCATCGAGTCGGACATAAGTCTGACTTAGTCCATCGGGACTGATAAATTAAGGGCGCCTTGGCCATGTAAGGAAGTGAATGTTACGTACGCAGATATCGATCATCTCCCGCGCGATTCAGGTACGTCTAAGTCGTCCGCATGATCTCTTATACACTTAGACTACCACGCGATTCTCACCAGAGGGCGACCGGGCGGCTATTAAGGCCACTATGTTCTGGTGATGCATTGTGAACAAGAACAAGTCTCGGCACTTGTGTCGACTACTCGACGCTAGTCGGCAGGTCGGGGTGATTTAAGTAGTTCTGAATTTTATTTTCCTGCTCCGGGTACCCCACGGGGTCAGCGCGGCCGCCGGGCCACAGGGCAGAGGCCAGTCGAGGACTCACGTGGTCTGTAGTAAACAGCTCGCTTTAACACTAGTATTCGCCCAGAATGTACTTAC,845,53.73,Homo sapiens
SEQ_183124,ATATTACCTCGACGGTAAGATCCTTCCAAAAAAAGCGCCGTTCCGCACGGCCCAAATGCTCGACGATAATGTGGTTGTTACGCGTGATTGACGGTGCTAAACTGTGTCAGAGCCCGATACTCGTTAGAGTCCGGATATCCGGCGGGCGAACATGTTGGGAGTCCTCCCCGCATCGTGTTGCAGTTTGTTGAAGACGATAACTCCGTGGCAACAGGCGTGCGCCCTGGCTTTTAGGCCAGCCTACCACAGATAGTGAATACTGTAGTTATTGATCAACCCTGCTACTCGCTGAGGTTTCTCAGCAGTCTTATACCACTCCCATTCACCCGTGCGCCACCGGCTGAACGCTAATTGTCAGAGTCGAGTCAGATAACGTACACCAAGGGCTGCTTCAATGACCGAAGGCACGTCCCCAACGCCCCGGATGAACGACACCGTTTGAATGGCCCCTTTTGATAAGTACACAACGGGTGATTTTTTACTCCTAGACGTACCCATTCCACTAGCTTAGGAGGAACTATATTTGCTTACACGTCATTCGCCAGCACTCCTCGCTTCATGCCTCACATCTATCATAAACTATAGTCCTTCACTGAGCGTCCCAGAGTATCCCAGCTCTCTCCGCAGGCAAACACGCATATGCCGTGAAGTGCAGCACTATGCTAGTTAGAGCGGACAATTCGATAATCGTGCAGAAAGAATCCCTGCAGCGCCCCCTTGATCCACCCCATCATCAGATTTCGCCTTATTGGACTTAAGGCTATACATTCACATTTCTTAAGACGAGTCGGCGGAGTGCGTCTCGAAGGGGTGGAGCTGCCTCTTATCTGTCCACCCCATACTGAGAGTAGGTCACAAATTGGGAATTTCAGCAATATCCGATATGCATTTGCTATAGCTGTCAGTTCGTCGCCCTGACACTGTACTTGAAACATATCGTCCCGGACAGGCGGGAGGGTCTTATTCTACCCCTGACACAACGGTGAGATTATCAACTGAAACTACTACGTCTGCTCGGGTATAATTCGCGGGAGATTAAGTCTGAAACAAGCAGAAGTACACCTTGCTGAAGTTGGTCCCCTTTTTCCGCCGTGGCGCGGTGTTGACGTCGCAGGTGGTACGGCAATGGTAGATGAGACCCCTAGTAACCATGAACTGCATTAGATACCGCACCGAGTTGCTGATCGACAAAAGTCCTCTCCGTTAGAAAGCAGTGGGCACTCTCATACAGATCCGTCTCCAGTGTGGCGAACGTGTATTAGGGGTAGGAAACATCAAGACCCGCTATTCAACCATCATCAGCTATCGGGCCGAGGCTGAGTT,1323,50.64,Caenorhabditis elegans
SEQ_280491,GACTGGCGCAAACCCAGGCCCGAGCAAAGCTATTCCCCCTTTCTATTGGCGCCCGAGCTCTGTTATCGTGTAACAGAATTCCCTTTCTCCCCGCGCGGCGCTGGGAGGTTTGCTTGTATAAGATTCGAGCTTGTCGGACGATCCGACCAAACGCCGGTCCCCGGCTACCAGCCAAGCTGGTCTGACCTAGTACCAGCACCGGGCAGACAACCGACCAGAATGCGACACTTTAATATCTCCGGTGGAGTAACACTGCGGTCCGTATAAAAAAGCAATCTAATAAGACATGTATGGTCTGAGATCGCCGCAAGGTTCAGGGGATTGCGAGAAAATTAGGAGTAGTACACCAAACTCCATGTTGTTACTTTGGAGATTGGCGCTTTTAGGAGTAGGTCTCTCTTCTTACAATACCACTGCAGCTATCCGCTATATGAGCTGGCAACGCAATTTCCGGATGGAACGCGAGCTACGGCTACTTGACGATAGGTTCTAATTCTGGATACTCCGTAGGTACTATGAGTGTACAAAATGCGAGGGTAATAAAATATTGTCAGGATAAAAGAACCAGTACAATGCCGATGTTCTGGTGACCCGGGACGACAGTCCAAGTACTCACAGGAGGTGTAAAGTCCTAAGATAACGGCAATGTCCCTGGCAAAAAACTTTTTACGTCGCGCAAAGCGACGCTTACTGAGAAAACTAGGTTATGCACACGGACCCAGAAGATACGTCGGAATGGTCATGCCCTGGTC,752,49.6,Caenorhabditis elegans
SEQ_418103,GAGTTGTCGTATTTGGTTCCGATTAGCCGTTCGGATTTACGGCTAAAGTGAAACGTCAGTGTGACATATTTCTCATCTTTACGGCTGATACTGCGGGAACCTTCTATATCTGTCCGACCCTGAATAAAGGATGTGCCGCTCGTGGACGTCTTCTTGGCGAAGTCTTGGTGCAGCTTGTGATACTGTCTTGTAAGTCGTCTACTTAGCTAACTGTGACCACCACGTCATGAGGCGGTCGCGAGGTGCGGTACAAGTGCTTGGAAGCAGAGAAGAAGCATCAGCACCCTCGCGACCTTGACATCTGTATCCACCCTATGTACTCATAAGGGCTCAATACGCTAGATAAAAAGTACGATAGTAGGTTACCAAGAACGGTGGTAAGAGTTGAGTGATCGATATCTCACCAAGTCGCGAATTAGAGCCATCCTGGTACCCTTAGACCTAACCGTTTGTACTTCCACTCTTATGGTGAACCTTGCGTTAATCCTCCTCTGGCAGGATACCTCGTCCTTCAATGCGCGGACTCGTATCCAACACTTACTGTGATGTTGTCTTACTGCCTCGCTTGGGCCACTTTCTAT,581,48.19,Saccharomyces cerevisiae
SEQ_601274,AGACACCAAAACAGCTGCTGCAAGCATAATTGACCGGTGTATTGAGTCTGTTGGTACAAGGTTATTCGTCCAAGTGTGCAGTTGCAATTATCGTCGAATCGCTCGCACTCCAATTCGCCCGTCTGTTTCACGAATCTTAACGCTCACCAGTGTTAACCGGGTGGTTCAGACGCCGGAAGCTCTAACTCTTCTTCCTACTTACGTCGCTGGCCCCTGGTCGACCGGCGTAGTCGGGCAGAGAAGTAATCACAGAGACATCCTGTAACAACTCACGCAATGATGTATTGGAATCTACAAGTTGAACTCTATACTTTCACATCTTTTCACTACGCTCCACCCACGACATGCATTGTGCCCAAATTCCTTTTTCAGAAGCGGCTGGGCTTTGTGGCGCACAGGCAAAGTTACAACCACAGAAAGTGCGTAAGAAAACATGGCCTTGGTAACAGAGGCCTATGTACGACCAACAGTACGTGACTTCTTCACCACACACTTCAAGGGTAGATAGTGGCCGCCCCCTTATAATGTACGATATACTATGCATTACTCTCTAAATAGCCCTTCGCGGGAAACTGGGTCCGGACACACCCTAATGTGCTGTTGACTCCGCACGCCCCCATCGCTATCGCATTTCATACAATTCGTAGAAACAGCTATATTAGGATGTCAACCCAGAATTACCCAGGACTTGAGTGTAGAATGGCGAGACAAGTTAGAAGCCGATCCACAAATACTTCAAAGATGACGCACATTGCCGGTTGCTATGAACGCGGAGCTTTGATGAGCATTCCAAGCTTAGAATGTGGTATCTCCGAGACACCGTCCCGCGGGGTCTTGAAGCTTTAAGAGCGTTAAAAAGGTCGTGGGTTCTTAATTGCCTGTCGTGGACCTGTAGGATAGGTGGTCCCTTTTTTATTTAACGTGTCTAGGCAGGCCTGGCCTAGAATCTCAGTCCCAATGAAATCTTTCGTGAATACGTGGTATAACATTGCCGCAGAACGTATTTCTACTAAAACACAGGCCGACGATGTGTCTCAGCGACAAGGCTACTGTGTCCTTGACCCAGAAGCGATCTGACTGTGCAAGATATTACATAAACATCTTTTCCGACATAGAGTTCTAAACTCCGCTGAATGCCAGCATACCGATCATATCATGCGCGCAGTTCCGGAGCTCCCTTATTTTAGACGAGTGGATGGGCTATGGCCTGTACTTTCGCGTACATGTTTGATCATCAAGGCT,1242,47.67,Caenorhabditis elegans
SEQ_202917,ATGAGGCAAAGTCCTATAGTAAATGCCGTAAAATAGGAGGCTTTGGGGATGACACATGTGGCAATGGTCCCACCTAACTGCTGCCTCAGGAGGTGTCCATTCAGTGGGACGCTGGTCTTCAATAGCCACGCGCGAGTATATACCACTAACATGATGTTCACTAAGGAATACTACTGGGGAGTCCGATGGCCCTCTTCTTTGCGGCGTGCAGCCGGTAGGAGGACTGACACCGGCACGTTCCAATTCCTAATCTGCTGACTACAGCGTCCATAACAACCCTGTGATCGATCAG,292,51.37,Escherichia coli
SEQ_575604,ACCCGCCGCAGGTCGGTCCTGACGGTTGCGTTGAAACGCCAACACTAAATACATAACGACGACAAGAAACAGCGCGGCGTCGAGACCTGAGCATACCATATCGCGTGACCGCATTTCCACCCTCAGTAAAAAACCGGGTTACGGTCAGTGTGGCCCAATCTCTGGACCGATGGTTAACACCGCAATAAACTATTTGTTAGAACTGGGATTAATCCGGGGATTTTGGCCATACGAGTTTCAGGTTTTCTTTATAGATGAGTTCGGCAAGGACAGGGTCAACCGCTGGATTGTTCAGACACTCCTACCCGTAGGGAATCGAAAATTACGTGTGGGGGAAATACTACAGTACTAGAGACTACAGCTCCGCGTAGTTTGTACGTCCAGAAGACATCGTCTACCTAGCAGAATGCCGAAACGGTGGTTCTCTCCTTTGCAGGCATATACAACGGCGGATGGGGAAAAGTAGCCTAGTTAGCTATTCATCAAAAGGAGGATCGCGTCCCTAGACTACGACTCCAGTAATGGCTTTCCACAAGGCAAAAAACTATGCTGACTAGAAATGGCTGCCGTAAAGTATCCACATGCAGTATCCAGATATGCAACGGAGGAAGTGCGCTCACATTAAAGCTTAGCGAATCGTCTCAAAGGCAAGGAGTAATATCTAGCCATCACATCAAGCTGCTTTGTGTAAGGAACTAATCGCACGCTACGGTTATCAATCACACTCCGTATGACTGCGAGGAGCGCGAATGCCCCACGTGCAAATTGCAGATATTCAAGAGGAAACTCTTCAGTTGAAGTAGTATAAGCTTGAAATTAGTGTCGGGAGCAAAAAGTACCGACCCTTAAGTGACTGCCCCTACTGACCACCAAACATAGAGTCAGCGGGCGACTCCTGCCGGCGAAGATGCCCGGCAGCTGGTACTATAAGTCCCCATAACACACAGCCATGTTGAGGGCATATACATATACCAAAGCACGGCTCACTGGGTAAAATAACGTGTCTTCACAACA,1014,48.32,Homo sapiens
SEQ_814958,AATGCCATTTTGAGCACCCTGAGCTAGTCTGCACTCACTATTTTCCCACCCCGAATCAATTTACGACTGTAACCTCCCTAGCGACGTTTGTCCGAAGTCGGGTAGCAATTAAGGGGTAACCGAGGTGTTCATACTATCCCCTCTTCATAGCTCACATTACAATTTAAGACACCACCGCCAGCGTGGATATATCACTCTGCTGTGAGCTGTCCTCATACAAAGCTACCCCACCTTGGCATTGACCGACTGTTGTGGAGACGCCAAGAGACGCCTAGGTGGGTTGAAGTCATTGGTATCGCAACCGTCGAGCGCGGTCAGGACCAATCATTTCAGGGCGAGAGCCTTTACGGCACTCACACCTAAGTTGCTGGAAGCGATATCACGCATCATTAGTCAGTCACAGTTAACCAGCTGTTATAGCGTGAAATATGCTTATAGGGGGGGAAGAAACCGGTGGCGTGGTATTTGTCAAGGGTAATTTTGTGATTGTTACGTTATGCGTTGGTTCGCATACAACTCCGAGGGCTAAAGGAAACAGGCCAGGGTATTAGAGGGTCGGCGCCGCTAGCGCACAAGGAATCCCTGACCGTCCAGCTTTACCAAGCATATCCATTATACCAATGTGAGGGTCTCTGCTCCACCGTCCTCAAGGATCTTGTTCCATAGGATAGAAGATTAGATATTGTCTGACGTACATGTAGGAGTTTGGGAACAGAGTTGACAAAGAGCTCCGGACCCCGTAAGTCGTCTAAATCCAACCACCCTACCAAGGCAGCCGACCATTTGGCGGAATCCGCGGCTACCCTATTCCCTTATAGACATCCTGGCAGGACCTGTATAACGTGTTCATACACATTAAAGTATGGACGCCGCCTACGAGACCGAGTTTTTTGTGTGGATGTCGAGGCTAAAGCTGCAAACGCCAGCCCCAAACGAAAGGCTTTGGGCTAAGGTAGAGCGGCCGTAACTAGCTACTGCGGGAAACTTCGAGAAAAAAGGGGCACTTTTACACCAGGAAATTGGTCATCTCGGCAGCTAGTTGGGGAAGTACGGCAAGAGGGCTTACCCTCTCCTACATGAGTAAAAGAACCGACCAACTTGTAGCCCTTCACAATTGCCGCACTATATTTCGTGCTAACGCTCCACTACTGCGCATGACAGAGGGCATTGGCGTCCATTGTGTTATATGAAATTACCCGTGGGAACGTCGGCCCCGTACCCTACCGCTCAGAAAGATTCTATCGATCGGTCAAAGTGTCGAGTTGCTACGTACAGGTCGTCCATATAGCTACCGGCCACAATCTAGCCAATGTTTTCGGAACTTGGATCGTGCTGGTATGGCCGTCCAAAGAGATTGGCATAGAAGGGGTTATTTCTCTATACAAATTGCGTTGATGAGTTTTATCTCCCACATCCAGCTAAC,1423,49.47,Arabidopsis thaliana
SEQ_911734,CCTTCCAAATCCGGAGATCAGGCGCAGGCTTACACGCCAATTTCTTACCCAAATCCTATGGAGAAGGAGAATGTCCTAGTTCAGTCTATTTCCGCTGTCCATTTAAGGAGAAGTACACTGCCATAGCGTTTGCACGGACTTATCGCATGTGCGTCTAGGCGAATCTTGCCATTGCCAGATGGCCGATGCGTGTTGCTCGCTCAGTCAAATTTACGGGTAGTGGTTGTGTCAAGCTTATAGAGACGGGGACCCTCCGTTAACCCGTGAAGCTGGACTGCAAGGGGAAAGCTAGGGCAAAGACCATAACCCGTTAATTCTACGCACCACATGAGCGCTGACTACCTATGATTGGTGATGAAATGTGTCAATCTACTCACACATCTGTTTTGCCTCAAGCTCATACCAATTCGGTATTCTCGATCTAGGACCCTGCCTCAGGAAAAACACATGGGTGGGAGATAGACTCAGATACCGCCTTTGACTTTAAGATTAGGTTCATATTGTTTCGAGTTCAAAGTCTATGCACAGCTTGAAGATAGGAGTCAGATGCAGCATAAATAGAAAAGCACCGGGGGGTGTGAAATGTAAGACCGCGCGCATGGCGGCTCAGGTTGTTGGCGGCCTTGCTTACCCTGGAGTGCACCTTACGACGACTCTCAGCGACTATCCCAATGCACTGGCTCGGAATTTGCGGCTCCTTGAAATATCACCTACGCCAAGTGTGAGACCTTATCAGCGCGTGGGAGGGAAGAGTCGACCTTCCGGACCCAAGTAACGTTATCTTCTTACGAGTGATCTAAACGCTAGCAGTTTGCCTACTTGTGTGGCTACATCTAAAGTAATTGTTCCACTGCCGTAACGGGACTAGATCCCTCCTGGCGATCCAGGGCTATGAATACTTTTGGCGTATTCTAAACACCAGTGACAGTAGACATCCCTGGCACTTTGTTTAGGATAAACGGCGGCGTTGTTTTTGCCGATAATCTGTTGTCTCCAGGGCAGGACGCCCTGGCCTAGCCATGCACTTGGTCTGATAGGTAAAAGGCTTGAATGCGGCCCACAAACAAGAATTTCTAGTCTACCTGTCTGCATAGCCGGGGGCATTCCCCCCGAGGATTTCTATAAGAGTCTCGACAGGGTGTGGAGCACGGGCAATTGGGACAATGACGCCACGCAGATAATTAAAATGTCAGGGTCGAACCCGAATTATTCTCCGTTCAAACCACCTCTTATGTGAAGCTCGGACGGTTACACATCCCCTAGAATCTCCTCCCATTTTCGTTACCGAAGAGTCCCTCAGTAACTATATGTTTCATGGAGTGGGCAGCTGATGATATAACGTCTGGTCCGTCGCAACGTATCGAGATAACAATCTTAATTAAGTGTACATGCGAAACGTCATACGGTCCGGATAGTCCCCAGACTTAAGCCCGATTGGTTATTCCGTGAGATAAAAGTGTATCTGCCACTAAAACGGCAAGCAGGCGACGACTCTGACACTTTCTCAATAGGGCTCCAGGCGTTAACTCGTGCGCGTGGCCCCCTCTTTAATATCTCGATATGTCGCTAAAAGATATGAGGAGACTCCATTCGCTAAATGATTCGTAAACCCTTTATACTCTAGAGTTGAACCACCCGCAAGCGTACCTGACGGATTCAGCCACGATTACGAAACCAACAACCCCTCGTGCGCCGTATCCTTGCATTGGCAGTCGATAACTAGGGCCACTCTGAGAGACT,1740,48.97,Saccharomyces cerevisiae
SEQ_909466,GTTTGTCGGCGAGTCGATACATTACAATCCCGCATCTGGACTAAACACTCGGTTTGGATTCATTCAGTACATTTCCGCAGACCAATTGTGACATCTCTCCCCAATTAGAACTGTCCTGCGTTCAGGTTCTCCTTGCGGGGTGGGACATCGCTTGCCATAATCCGGATGACGATAACATCTCGCGTCCAATTATTGTACGCCGATATTAATCTTGTAGAGGTCTGGGGACATGGCAGAAATGGCAGATGACGCGCTAAGCATAGCCACAGGTGTCGGCTCTTTATGTAGCATAGATTTAGAATGCGAATCTCTAGGGCTGGGGGACATGTTACGGAGCTAACAATAGTACAGCCTAACAGTACCCGATTCTAAATAGTGGCCTTGTCTTAAGACTTCCAACTTCACCCTGGTTGAACTCTATCCTGGACGACTGAAAACAATCCGAACTTCGGGTCTGTGCCCGAATCGAGAGAGGTGAAAGACAGTTAGTCGCCTACTCAGGTAGATAGGAATGCAATATGCAATGGTGAAGTAGCCACTCGTATGCGCAGGCGAATCCTCGTGTCATGGCCCAGAAACCGAACCCATACGTTTCACGTAGGATTCCAGTTCCCCCAGGGTTATGCCGCCTTAATTCGGGCGATCAAAGTGAGGCACGATTTTACAGGTCACAGATACTATCAGTTACAGTTAGCGTACGCCGTCGGTATTCATTCTGCTGTCGGCTGTACGGTGTGTACAGATGCCCTGGTGGACTAGGGAATCGATAACTGTTAATACCGATCAGGGTGGATGTCTCGAGCCACCAATCTCTTACGCATTTTGAGTCAATCACCGGGCTAGTGTAGCAGATGTGAGGCAGCGCATGATTCACGGGGTAGGTTGCGGTCGCTAGCTGCAAGCCACACACAGTTGGTGAATTGCCTTTTCTCCCCGGCTGTCTGAACGTTAGGGCTGAAAAACGTAGTGGTGTGTTTAAGCCAGAAATCCAGCGGCATTGCATGTGGCGGTCAGCAAGTCATTATATCCCAGACTGTCCTATCCAACAAGACAACCATAACTGTAAGTGAAAACTCGTGAACCCCCGGTATCCTCACCCGTGGTCTGAATAGTAGATCTAGTTCAGAAATGGTTGGGTCGGTGATAAACCACCAAGGTTGAACACTACTACATCCTTACGTTCGGACAGTAGTTAAACCAAAGGGCCCAGCTCGCTGATACAGATTTTCACCGGTTAGACTCCCCACACCTACTCTATTCTTATGGAAATTGACTCTACGTGGTTAGGCTGAAACGGCCTCCGCGAAGGTCTGTACATTTCATAAGTGTATCCCTCTAGCGGTACCACAACCGCGGGACGTACTGAATGTGGACCTAAACCGTTGTCCATGGTCCCTTTCACTCTCGGTCCTTGCTTGCCGTTTTCTGATAGACAGCCGGACCCGAGACTGGGCTCGACTGCGCTATGCAAACAACTTTTTAGAGAACGGCTGCAGGTTGATGCCCACAAGCGCAGACATCTTCCACCCGAGCAAGCTACAAATTCCTATTCTACCAGTTCTCCGAGTTGGTCTAATTGTACATTCTTAGGCGTTACGAAACCTGTATCGTTTTTCAGATTCCAACGCGAACACTACACGAGTTTGCGAACGCTATCCCGCGGTCGTCGACTGCTGTCTCGTTTACTATGCATGGAGAAACCGGGCACTACAGAATTGGCGTCAAAGACGAAAAGAGACGCCGCACAGCCGGGCCGTTAAAAACCGGGCCGCCTCTATGACTAACTAGAAAGTATAACATGGCAGGGCAG,1810,49.45,Saccharomyces cerevisiae
SEQ_539908,GCTCTCACTAGCTTACGTATTGCCGGGCGCCGATTTGGTGCCCCTATTGCATTCCCCCCCGGACATATCCGAAATCATGATTTGTTGTGTCAAGTCTTCCCCCGGCCCTAGCCACCACGACAACGTGCCCAAGAGGGCAGCGGTCGTGCGTGTACAGAAGAGACCAGTCGACCGCGCCCCGATTCGGTGAATCTTGTCGACGGACGCGAAGAGCTAGGCACGACGCCCCGTCCACAACGACGGCTCGGTCTCTGTTACTGGTTCTTAGTTATGTTGGAGGTAGACTCGTTTGATGAGGTATGCGTCAGGTTCTTTTTCTATTTAGAAAATTCGTTACGTTCTGATCCCCCAAGAATGCTAGCTGCAGAGCCCCTACGAGGCATCGTGGTCTGCACATTTTATCCTAGCGCACGAAATGGCTGTCTCCGGAACCAACGGGTAGTCGAGTCGGATTAAACAAGACCTCTGCACACTAAGCCGGCTAGCAAAAGACTCTAACCATCATTAGGCGCCTTACAATTCCACATAGAAAAACAGCGAACGGCCCCCGTGTCGTTTCAACTAGCGAAGGGCAGGTGTATTGTTCCATGGCTTTTGCGTCTGAGCATGAGCTGTGTTCACAGAGCTCATGACCTCTATAGCCCCCGGCTTCCTAAACGCCTCTGATACTGTAATCGATATAAGAGTCCTCTGTACGGTTCTGCGCCTACCACATAGCCGGGGACACCTACCAGGGTCTCCGTTGGTTTCGTCCTTCGCTGCCTAGCTCTTCAGGAGTGTGGATCCTTGACAAACATGACAGGACAGATAGCTGCAATAGCCAGACCCTCAAGTCCCTTTCATTCCCGTAGGGCAATAGACCATCATCCAGACAGCTTAGCCTCATTTCGTTTGACATCCTCGACGTCAGGTACGCCGCGGAGTATGCCCGGTCTCAGTATCATCCTTCAAGCGCGAATCTGTATGGAGTTGAACTTCCCATCACGAGTTGATCTCGTATAGCTTGATCGTGTTTAAAGTATTTGGTCACGCCTATGGATAATAACATCCAAGCCGGGCTTTACGCCCAAGAAACTCAGTGAGATAAACGTAGCTAGGAGATCTTAACGCCTGGGCTTTGCTGTCGACAGTAACTCGGTTCGGTCTGTGTATGTAGGTCAATGAAATAAGCTTACAAAATAGCGCGCATCGATATGTATAATAGGACGTGGCGCATCCGGCTTGAGACAACTTACTCACTGTCTACACGTGGTTACTAGGTAAGAGGTTTCGATCCCATCACCCGATTCCGGGGTTCAAGTTGGCGTAAGAGCCATAACACTCAGCTGGCTGAAGGAACGGCAGTGGAGTGGCCAAATGAAACATATGCGCCATGTCTCCATCTGATTAGGGGGACCGCGACACTATCCGACCCGTTTTGAAGCGTAATCCAAGAGTTGGAGCCCGACGCATAGCTTAATTGTCCCCCCGTTCTCTGTCGTCAGCTGCTACACGGCATAAGTACACTTTACATTCCGTCGCCGGGGTACCGCTCAAGCTACGCCAGACACACCCCTCGGGTCATTGCTCAGTAATATAAGATCAGATGTACTTATTATACATAAGAAAGGTTCTGGACATCGGCACTGGGAATAGGTTTTCGAAGATAGTTATTAGAAGCGCGCACGCACATACTCCATGCGAATTGTGTATGGTAGCCTACTTGGCAGCTAGGCGTGCAAGGTTTTGATAAGGCGTACAAATGGAAAGACGTCGCCGGGCGCTGAGTGACTGTTGCTATCTTCTAGATGGTCATCAATGGCCACAAGAGCGGCTGCCGGATTCTAAGGGGAAAAATTGTGCCTAACCTAGTATGATGAAAGCAGAAGGGCCCAGCGTTCACAATATGAATGGGAGGAACTGTGCCTGTAAACGGATCCTTTAGTCCTCTCTCGTCCTGCTCGAGAGGAATGGTTGGATCAACAAATCGCTGCG,1974,50.71,Mus musculus
SEQ_988653,TAGGAACTTAGACTCCACACCTCATGTGTATTATCAGAGTGATGTAAATCGCATACCCGCAAGTCTTTACGGGCTTATATGATTTTGCGCAAAACTTCAGAATCTTTGGCAGGCAGAGATGTGCATGTGGGGGAGTGCCGGGCTTGGTTAGGCAACTTGTACCATCGCCGGCTCATTGATATGGCAGACGTTTGAGTCTTAGCGGGGTTGTGTTCGGGCCTAAAACCCATAGTGGACACTCAATTCACTACTAACTGGGCCGCGATTATATGACTCTGCCCGGTATCATGTATCTGGGCTACCTGTATGCGCCACAACCTAGCATAAGATCTTGACTAGACAGCACGTTGCTGTCTGCAACTTGAGTTTGGACGCACTGCCAGGTGTCAACAGGCGGTCAATGAATTTGGTATTGTGCAATTCGCGAAGCGACATCCCCACTCACACTGAAAGAGACTTTGGTTCTCAGGAACGCGCAATCCACGCCTCCTGGCAAGCAAGATGTCGCGGGCTTACGCGATATGTTCTAAGCTACCTCCGTACGACCCTCCCCCGCACGCACTTGCGTTGGGACTACTTGTGTTACGCTGGTTCAGAGGGCGCAAAGACTGCCTCTGCTTATCCGACACTGGCGACATGTTCTCACGGGTCAGTGACAAAACCACAGTTGTTTGTACGTACAGAGAGGAATGATTCATTATCAGATTGCGCCACAGCTTATTCTAAGACATTGCCCCAGACGATGGTAACTGTTCCGCGGGTGAACCTAATTAGCCCTAGCTGTTATTGCGTATCTAATTGGAGTGTCACCAGTGACCTGGAGCGGCGGTCACGATACCCTATTATCAAACAAACTTACCTGCCCGGGTGCATGCATCTTACAACCACGCCCAAACTGCGAACAATGTTTTCCAATACACCTGTTGATGGAACGTTAACTATCACGTAACAGTGTGTTACACCCGAGTGTCAAGGAATCGGAAAGCCTTAAAATTCACCTTCTAGTTGACCTTTTGCTGTCGCTCCTAGGATGGTCCATCACCATAATGACCGAAGGAAGTCCTTAGTTGAATACGGGACGCTAAATCGATTACCTTGACCATTCGTAAGGCGCCAAGCACTCATCTACGGGGTCTTAAGCACTAAGGCTCAAGGGAAATTCGGTGCGATGAGGGCGTTAACGACGCGGAATTTGCTGCACACACCGCTGTGAGGATAAACTTACCCTGTGTGTCACTCATCTATGACGAAACCTACATTACTGGTCTGGGCGAACGCTTCTAACTTGCCTTTTGAAGTAGAGGGCGCAACTCCCTTGGCTTAGCCCGCAATTAGTACTGCAAACCGGCGACAATATCGGCGCTCACACAGTCTCACTGGATATGGTAAATCCAGGGA,1398,49.43,Saccharomyces cerevisiae
SEQ_696760,GAATAATGACAAGTCGGGCGACTCGACTACGCAAACCGCAAATATAATTGACGGTGTCCCCGGGCGCAAATGGCTATAACCAACGGTACGAGTTTTATTGCGCCACTTCAACTTTGTTTCAAGGAGTAGCACTTTGCACCAAGAGAATGTAGCGAATGAGAATTTAGACCACCCCGGAGTTTCTCGCTTTTAAAGGTCAGTGACATTACTTTCGTAAGCGTCAAAGACGCGATTGTCCATATTTCGGTACCTAATCGGCCGAAAATAGCGTTGAACGCGAACCGGGGTCAGATGTCACGGTGCGTGGGATAGCGCAGTGGTGGACGTGGTCAATGTCGCGAAAGGATGCGGGGTTCTCAGACGTTTATGTATATAGATGAATTATACTTCCCAAGAAACTCGTGCACTATTCGTCAATACTTCTGTGCGCCGGGTCTAGGGATATCGCGCGCCCGTGTTTGCTGTTTTGTTGCGCAGACATTCTCCACGACAGGCATGAGCCCATTACGTTCGGCAAAACGCTAGGATAAGTACAAGGATGTACTCTACCTTAGTCCGTTGTGGGGTTATTCGCAGTTTCTTCATGCTTCAGTGCTTCTCTGATATTTTAGGAGGGCGACGTTGTCACGATCCTAGAGCTTCGTCAGTCTTAATCATGTCACGTACAGGGCAGACCGTTTGGGGGTGGGCGCAAATAGGTACCATTACCTGCTGTCCCATACCGTCCGGAGTGCGGAGTCTCGCTACCCCGAACTGTTCTCCAAGTGACTGCGCCGCTAACGTTAAACCAAATCGACCCTTTTTGCGCATTGTGTCGACGGAACAAAGAAGCGCATGCGTGTTGCAACAAGCCTTTGGGATTTATGACATCGAAGCACAGCGTCACACAATCGAACTCAATATGACTCGTGTATAACTCGGCTGGGGGGGACCCGTTTTCAGCCACCGAACATTGACCCCTAATTTCGGATTGTTTACGTGTTCTACCGCTTCTTGCCTAGGCCTTCGTCTTCCCCGCTGATATAGCGCAAGTTGTCTCTCTCCATGGCAATGACCAAGTGGTAGTGTCGCTTATCGTCCCCAGATTATGGGAGTAAGTTAGTAAGACCTCCGAGTCCGGACGTAATGCGGCAACCATACTGATCCCCCATAATGACCAATACATGTAACTGACCTCAAAAATATGGACTATATAGAGCGAGTGATTGTTTTTAGTTCCACTGTTTGACTTTCGGTCTACAAGAATGCAGATATGTGACCTACCTAGTTCGACCCGGCCAACGGAATAAGGGTGCACCATAAAACTTCTGTAGTTAACTCCGGTAAGCAATGTAGACGATACCTATTCCTTCGACAATTGAATCATGTGTAAATCGTACGGGATGGCTCTTACCTATCATTGGGCCATATCGTACTCACATGTGAATACGCACCCTTGAATGCTGTAGCCCATTAGCAAAGACACCGATGGACCCTTAGATCCGGTGGTGAACGCAAGGGACGGGAGTTAGCGGCCTCCGGACCAATGGTACGGGCAAATTAAAAGAAGTGTCCGATAACTAAGAGCAGCGAATTTTGATGGGTTTTACATCTATTGCTGCCTACCATGCTTTATTCGCTGTGGTTCCGGTAGCTACACGTGCTTACCTAGCACGTCAGCAGTGCCGGCAATTCGGCATCTTTCACCATTGATGACCATACTTCCGTCACAGTCATGTCCGAGACATACGTCTATACCAGTGGCTACTTCTTCTGATGTTGCCCCAGTGAGAGTTATGACCTTTTACACCAGAACAGGTAATGAA,1805,48.25,Mus musculus
SEQ_543379,AGTGCCCGTGCTTGCCTGACTGTCGTAATACATTCAGGACGATCTGGGCACATGTTACAACCATTGTATTTTAACCGAGGGCTATTAGCACTAGGCCCTTGGTTACGTAGACAGACGACTCGCCAGCCGCTTTCTGGGACGCTCCCTAGACAGAGCCCTGTAGCTTGTCATCAAACAAGCTTCTCGGGTATACGGGTGTTCGCTCAGTTTGGGATAATCTGCACTGGTCACTAACCGCGCCTCACAGGGACATGACTCCTACCCCGCCCAGAGGCTCAATAAGGCAGGAAGCACGTTCGTGTTGTACCCAAGCGTGAGGCAAGTCAAATGTAATGGAGGATCTACGGGAAGCTGTGGGAATCGACCTAACCCCCCACGCGCTTACCGGGAGACTCATTCCCTTAATTCAAATTTTGTGGACGTCTATTTGTTATAGCCAGCCGAAACACTGAGGCCCTCATCCTAACTCCTCGTAGACTTGTCAGTTCGTACTGTAACCAGCCAACGACAATAACCGA,518,51.54,Caenorhabditis elegans
SEQ_800871,GCAGCATGGATTGCCTAAGAGGCCGCAACCGAGGGCTGCGCTGTGCGGGCCAGTCCTGTCTCTACTATGACACTCTGTGGTTCTACAGATGTCATGAATTGCCGCGTAGTCCTTGGGGCCACATCAATTGCAGGTCACGTGAAAACATTGTGGGATCGAACTTGTTGAGAGATCCTTCATCCCCCAGCGCAGACCCTATAACTGCATCTAAGGCGGACGGCGGATTGCTGCATCTCCGCAAATCTGGCGGGGCATTAAAAGTGTAATTTCGAACTGATTTGTACCTCAATAGTGGCGCTGCGCTAATTAGGTTCGCCATCAGGATGACCGTTCGCCAACTTAAGTGATATGGAGTCAGAGTCTAATGGGAACTAAATCAGACCCGGTCTCCTGAAAGATCTCTTAACTCTGCGTGGAACGCCAGCGCGGCGGTGATGACGGCCTGATGGATTCCAATCTCAGAGAGATCAAACGAGTCGTCTGCAGTAAGCCTATTATACACCCGCCCCAACTAGGCGCACGTATGCAAAACAACAAGTTGGCGAATGCACAACCGAAACAGTTGACCCAGTAACATTGTGACCCGCTTGGGGGCTCTGGTCCCAGAAGGAGGATCCAATATTCGGGGGGGTACTTCAACTTAGTAGCCCCATGCCCTCAACATTCGGCTGATCTCATGTCGTGTTCGATATGCAACGCGGGTACTCGCTCGACACATTATCGACCTCCAACAATTATCAGTACTCATTCCTATGGGGGCGAAGTGGCGGCGTCAAGCCGTATTGGTCTGCTTGCAGGGGAGTGCCCCATGCTCAGTCAAGTCTCAAGAAGTGTTGCCCTCTAAAATCAAATTCACGAATCCGTCATGTTCGAGTAATACACCAGGCTAATGCTGCACATCGAGCTAATCTTCGGGTTAGGCTACCTATATGGACCTACATAACGATCCGATTAATGATTCAATACATACAACCGGCTTCGATGGGGAACGACTCCAAAGGAGTAGGAGCTGCGCGGAAGGATGCGCTTTTGCTCTGCCACATAACAGGCAAGGAGCATTCCCATGATACGGTCCCGCCGGATGTAACGTTTTATTGAGCTGATTATTCCACACACAAACAGGTTCGCTAGAGCCCTGTTCCATTTAGTCCGCGCTGCTGGTTCTCCGCAGCTAGGGAGAGGACAATGGTTCTGCGCGAGGTCATGAACGGTCAGTTAAACACCCGATTAGTGCGACTTCACTAGATCAGTTCCCAAGTAGTTGGGCGGGGGGAGTGTTCATCGGGCATGAGCCTGACATCCGTATCCAACACCCGCCCCACAGGGTATAAATCGCCAGTAATAGCCTCGAAGCTAGCGCTCTCCCTCGAGTCTCGCTGAGGTGATTGTCTATTGTGACTTCACCTGGAATCCAAGCATTGAATGGGGAGGCCAAAGTTGAGTTGGT,1447,51.49,Saccharomyces cerevisiae
SEQ_355503,ATAAATGACACCTCATGAAGTTACAGTTCGAGGAGTACTGCGTATCGGAGAAGTCGCGGACGTACCTAACTTAAGCCCGTATCAACGGGAAGGGCCGGGAATGTGGCACGGG,112,52.68,Saccharomyces cerevisiae
SEQ_666425,CCTGACGTTCCACCATTGCCGGGGGAGAAATGGACGCGCACGGAAGGCTTGGCACAAATATCGTGTGTGGGGGTTAGGCAATTCATAGGAAGCGGCGCAAAGTCGGTACCCACACGGAGACTTGCGCGTATTGGAAACAGGCAAATTACTCGAGAAAGCGCTCTGCTTAGACCCCATGCACTCCAAGCGCTTGTGACAACGTACCTAGACCGGTATGACACGACTAGTCGGCGTAGCCCCCCACGACAATAAATTTCCCCTTGTCCGCCACGGCGACGGTATATGGTCAAGTAGCAAAGTCATACCGTGTAGGATAGCGTTTAGGCTAATAACCACTGGATGCTGGGATTGATGAACTCCCAAGTACGACTTTACACGTTCCACTGCTTTGGTGTCGGCTCCAACTCGCTTTCTACATGTAGCTGGGAGTACCGTCAATCGTACTTCGAAGTGTAAGCATGGCAACTGCGATCTACCGACGTGTCTTCCCGCCCAACTGGGGCCCTAGGTATATATAAATTATTATCTAGCAGATCTAAGCCTTACGTCTCATGCGATTCTGACTGGGACAAAAAAACTTGAACAGTTCGTATCCCACACCATCGGTCCGCGTGCAAGCATATTAATACTCCCGCGAGGGTTTATATAACTGACGTGATTTGAGACCGAGACTATGGAAGATCATGTCTGAGAATGAAAGCGCTCGCTTCGAGAATGAGGGATGATCAGCAGTAGCGTCTGGTCACCACTGGCTAACATTATCTCACAGTTCACGATAATGAAGTTGGCTACACCTTGGCCTACCAGCTTCACGATCCACCTGATCAGCTATACCGGTCGGTTGACGCATACCATATTAGTTGAGTTTTCATAAGGAACGGGATCCCTAGAGTATATTCAGTAGCGCGCACGGCGACCGGTTTGAAGAGGTGAAATAGGTTTATTTAGAGAACATGCTTACACCCTACCACAGCCGCTAAACGGTCCGGCCGAGTGATCATCCCTTCCTTAACGACGGAGTACAATTTATACTCTTGCAACGCTCTGGAGCTTTGAGAGGTGCTCCACCAAGGACAATACAACTGTTGCGTCCTGACTGGTCATTTCATCTGGACCGGTGGGAAGATCTAATTAAAAAAGAATTACCGCCCGGTGAATGACCAATACGCTCTTGTGCACGGCAGCCTTGGCACACCCGCTAAGGGGACGGTCCGTTTCCCATTCGGTTGGACGAAAATCCCGCATTTCATGAGCATATGCTAACGATACAATCGTAATTCATTCGGCGCCCGAAAAATACCCTTTCGCAAAGTCCCCGGATTTGATGTGCCTCGATGTAACTGATTTCTGATCGTGAGTGATAAGGGCTAGGCCACTGGTATAGTCACATTATGGCAGCCCACAATTGCGGTACAGTTCCCCTTGCAGAACCCCGATGGCAGGAGGCTTTAGCTGAGGGCTAGTATGAACACATCAAGTTTGCTAAGCGTAGGTGAGAGTATGGACATCGCCCTGTAGTCATGCCAAGAATGGGTGATATCCTGACGTTCATATGGCGGTAGGATCAACTCGCTGACTCCAACGATGTCAGACACATGTAGGCATTACATGAGGTCCCTCCTTGTAAGTAATATTCACAGCTCCGCCCCCGGCTTTTGGTCAGAGTCGCCACGCTTATTGGATAAAAGCAAGGTGAATCAAGCTGATATACCCCCAATGGACCATCAGCTTTTAATCCTAATCGGCCCGAGGCAAGTAACATAAACGTAACCAGAGTACGCTAATAAGTTATCAATACCTATGTGGCATCTATGGATTCTTGAGTTTTCAATTCGGAGTGGCGTAAGTAGGCGTGTTACCAAGCCGCACAGAACGGGTACAGGAACTTTCGGGCTTTCTTAACGTTCCGTAGTTGATACGTCTTCAGACGGGTGATAAGACTTCGTTCCGGTTTGCGGCTGACGCTCCACGGGGCATAAGT,1981,49.22,Homo sapiens
SEQ_823217,AGTAGACTTCATATTGCCAGGGTGCTCTATTATTACTGATGGAACATATGTTTGAAGAAGTCTATAATGATCTAGTTATCTGCTCAGCGGGAATGAACATGCGATGGGTCTAAAGCGAGCGAGTCAATTTCATCAGCAAATACCTGCGGTTACCAGACAAGTGAACGGCGAGGTCCAGCGTAAACTATTCAATCGCGCGCGGAGCGGAATGGTATTCTCAC,221,45.25,Caenorhabditis elegans
SEQ_377307,TCCACCACTATTGGGGCCGCATGTAGAATCAAGTTATGGGAACGTATATATTGAGTCAGACGGCTTGAGGGGCTACCTCAATGGCTTGTAGTCCCGCGTGACGCTTGGGACTACAATCGCACTCTCGAAACCATACTAACGAACTTGGGATATAGATCACTCTCGCGGGTGGGGCGCTAAGTTTAGGTACCGTGCCCTATTCCCCCCGGTGGAGATATGTGATTCAAGTACTCAGGTTAGTGTGGAGGCTGTAGCAAGGAGCTGAGGCCCTTTTAGGAGCCGCGCTCAAATCGGTGAAACGTCACCCTATAGTAGTGGTGATAACTCGAAGCACTAGCCCTATACCTTGCGGAACTCATGGTTGTAGCCGAACCCCCGATTTGAACGCCTCGTAACTAATTGTTTAACCCATATTCAAACCAGTTATCGCCTCTCTTGGGTGTTCCGTCACTGGTGGTAAGTGTGGAAAAGATATTGTCCTATGTCGTCCGCGGAACGAAGCGATAAGAACACGCGTACTTGCGGCAAGGCTATGTCCATGCCTTCCAAATTTTTCGCGCTTGAATCTGACCGTTTTCGAGCGGTCTCTGCTCATTTCGTTTACATAAAGTCCCCATACGCCTTTAGCGTATCCGAGCGCCTGACGGCGCACTAGCTATAAATGTTTCAGTGAGTGCCACAATGACGAGACTCCCAGCACGTATTAAACAGCGCTGTTAAACCTTATCAATGAGCGGCGAATTCCCACACCGGGATAAGCCATGTATGCGGTGACAATACTGCACACGTAGTGCAATCACTATGCATTGTCGGCTAAGGATATACATCAGGGCGGCTGTAGACGTTTTGGCCCTATACTCCCTTATACTGAGTATCCTAAGCCCGTAAATCTGAGTACGACCACCGCCGAAAGTGTGCACGTTATCGGTTAAAACTGCGAAGTTGTGTTCACGGAATCTTGTTCAAGCAATCCGCAAGCGAACTGCCACGTCATAATTCAAAGAAGCAGATGCCACATATATGTGCTGCCGTCCTCCAATTCGCGGCCGTTACAATATTTGGTCGGGACCTCGAATCTTAACTCGATCGGACATTTGGCGACCGGGATGAACTCATCAGATACACGGTGCAGAGAATGTTACCTTCCCCGGCCCCACCCTGTAGACGGACACCACTCCCCGCACATATCTTGACCCGAACTTTGATACCCGGGGCGATTATGATGGATCCAAACGTTTCGCTTGACCACGCGCTTCGTGTAAGAAAACGAGGGCCTCACTCCACCACCGCGACATCGTACCGCGCCGTTCGAGATGATCCACGCGCA,1327,50.64,Caenorhabditis elegans
SEQ_705158,TCCGTTATAAGTCTCAGCGTGCCAGGAACTTCTCTCTCGTGTCGCACTTTCACGGGCGATGTTCTCAAATTAGGCTTTCCCGCGCCGACTTGAGGATGTCGGAATAACACACATACACACAAAGCCTGCCTTTAGCTCGCGGCCATGGAAGGGTCGCTGTTTTCCCGAATTTAGCCTGCCCAGGGATGGTGCACTCCAGTTTTCGCACACAATAAGCAGCGCCATCGCCTAAGTTCATGCCCTGAGCCAGAGCGATCCTTGTCCATGATGGGGACTTCTCAAGTATCTATCCACTTCTACAAGGTCGCCGCAGTCTGTACATCAAGCATTTTTGATTACGCGTGAATGAACTAAGAACACGATCCCCACGCACCAACACCCGGGCCTTTGCGTTTATAGTAAGGTGAGGATTCATCACGAGGCCGCCGGATTCGTTCGTTACAGAGACACTTGATGGATGAGATGCTATACGTTGAGGACGGCATAAGAACGTGTGAATTAAGGCGGGGCGACCCGGCACTTCTTCTACGATCTACCCCCCAATGGTGACAGGAGGGCATTTTCTTAAAGGTACCCAGCGAGGTGCCATAACTGCCGGTAGGGATAGGACAAGACTAGAGACGGGTCGCCCAGTTAATCGATTGTACATTTCGCCTTCTAAGTGGGACGCACGATAACGGGTTCTGGTACATTGTGCGATGTACCCGCTTCCTTGGAAGTCCTTAGGAAGACTTATCAAATAGAGCTCTATGTGTCCCGACTATACACACTGAACACTGCACCCCCAAGCAGGATATTGAGTGTTTCATCGGTCCAATACGGAAGACTGACGGGTCTAGCTGCATTACAGCGTTTTCTTTTCTCTGTACAGAGAGTCACGGGTTAACGGTTATACACGGTCGATGTTCCTGTTTCGCTTGTGGCCTACGGACGGGCATTGTCCGTATAGGCTTTACTTTCGGCTAAGATAACGTCGGCCAGTAATAGGTGTGATAATGCCTAAGCTGTCGAAGTCATCTAAACGAAGGCCTAAGCACGGTTCCTCTACACTTCCATTATGACCGATTCGAATAAGGCCTGAGGGGTACGAAAAGATGGTCTCCGCAACAAGAGGAAAAAACCTTGTAAGCCGTAGTTAATAAGTCTATGACATTAGAGCTAAGATACGAGTAAATCG,1177,49.36,Homo sapiens
SEQ_261693,GCTTGGACGCAGTACGGCCCGAGAGACGCAAATCCGCTTCGGAAGCGAACTTGCGACGTATCATCCGATCGCTAATAGAAGAGTCTTCGAGGGAAATCTGAACGTCGTGTTAGTCCCGATTTGGGATCATGGTCCATGCGGTCAATAACGCGCGGTATGGGTACCGGCCCTACTTTTGCATAGGGAGGAATACTTCTATGCGAGCGGGATCCTACTTTCCTCTTACAAGGTATTACCGGGCCTTCTCATGACGTGCTCTCGCTCCGAAATCTACAATAGAGTACACACTGACCCCCATCTTCTGACAACTCAAACCAGCGACCGCGGACCACCCAGAGAGTGCTCTGGCAGGCGCATAAGCGACAGGTGACAACTTTGTTAATCAACCTACGTCCAGCGGGACTTCCCGGTAGTCGGGGAGTGTCTGAGGGGGGGGAAGCTTGGTGGCGCTACCATGGAGTACGTATGGGGGGCAGGGCCTATTCCCTTCCAACGTATCTACCCGGCGCAAGATCCGTGTCTTGCAATATTGCCTCTATCCACGAAACAGGTTTGCGCAGGGGAGTAATTGACTGGCTTTGGTTAAATTGCTTATTTACTCATGCTGCCGATCGATCCTACAGTTGAGCGGGGACCGAAACCGGCAGTCTATATACATCAACTCCGCGATCTCGTTTCAGATAGTAGGTGTAAAGACAGATCCGCCGCCCAGTGTATCCTTCGGAGATATCCCCCAGTATATTCCGTCCTTGCGGTTCTATTAAGAACATTATGTCGTATAAAGAAGCAAATTACTTG,798,51.63,Arabidopsis thaliana
SEQ_418843,GCCCTTGTGGCATATCTCTGTGAATTGCAGAGGGTGCTGAACAGTAGCCCATGTGAATACGGAAAAGATAGTGTGGCTAACCGCACTCATAGGGAATTTTAATATTACTACATTCCATCGTTATATGATGCATAAGATACTGTAGATGGAATGCCCATCTAGCTCGTGCGGTGTTTCACTTGCTCTGCTGAGGGTGGTAGGCCGCGGGCAAGTTTAATAATTTGACGTAGTGAACCTAACGACAAAACGTCAGGAGCTTGGGCGCCACTTGCACAAACACCTATGAAATTTATGATGATCATTCCGCAATCTATTAGTCTTACCGCGCAATCTCGACAAGTCCAAATGGGGGCGGCACTGTCCGCCCACAGTCGACGTTTTAAAGTAAAGATCCCCGACACCGAGACTAAATGCCATAACACAGGTCGCCAAGCAAATACCACGGGCCAGTTTGACGCCTTGGAGAGGCGTCTCAAGCGACCTAGTCATACGTCCCCGATGCGTTACCCGAGGAGACTTCGCCGACTCTCGAAAGCGATCGCCTCGGCACTAGTTACCGAAACTAGCGACAACTCTTCAAAATAACTGGAACTTTCAGCCTATAGCAGGCTCTTCACAACTCTGCACGTACGGTTAAAGTGATAGCAATTTAGTCTCAAGTTTGTATCGGCCTGTTGCTCCGCAAATTAGCATCTTCGTGAGATGTACAGCCACGGTGGACCAGTAATGATCCCCTAGGCATTGGAGTTCAATACTCAATCCTGGTTGCCGGTTGAGGAGAATAATTATAAGTAGCATCCTCCGTCCGGGAAAACTCTCTAATTGTCGTTGACATTTCAGGGTGGGAATGGCGTGGATTACCCATGAAGGTGCGACTCATTCATCGGACCATCCTGTCTTCGAGCCAGGCGTATGGTCGAAGGTGACCAGTCTTACCCGCCCTCAAGCCCTCGGTTTTATGGTCCGCAAAGTAATACCAAACTATGTAGACTTCCGCAGTTCCCAACAACGGCGTAGAATATCCAAGACGTACAGTTGCGCAAGTTTACGACATGCAGATCTTGGGTGTAGACACCGGTAAATCTGCCAGGATGAGTTGCAGTTAGCACGCCGCGGGCACGTCTTGGTCCACTAGACACAAAATTTCGTGGACCCAAGCAAGGCAGCAGACGTAGCTACGGGACAGCTACCTCGGAGGAACTTGAAATTGGTTAATTTCCTTCGTAGTCGGTGACAGGGCCCTAAAAGGTTGCGCCGTTGCTTCACACGTTGATCTGCATTCGTGAGTATTTGCTTTCCGCAGACTCTGTTAACTCGATTGGTCCCAGTAATGTTGAGAGTCAAGTGTCGCAGAGTTATTATCCCTAATTTAAATGGCCTCCCAGAACACTCTACGCAGCGACCGAAGCCCTCCTGCAGTGTTACCGGTCTCAGAATAATAGAGGGTTTAGTGATAGATTATAGTAAGCGTGAATAAATGGCACGCGAGAGCCTATTAACCCTGCCAAGAACACAGGCAGAAAGACACAATAAACACGTACAATACGCGACCAGAGTCGCAGGGAGGCTAGCGACAGCAGGTATAACCACTACTCGCCGAGCGTCCTGGCGTGCAAGGGGGATTGGGGACACAAGGTCTCCGCTCCAGGGAAGTCAACTCGGATTTATGGAGGCAACTGCTTCGGGTGACATTGCGCGCCAGTGTCCGTTTCACCGGCTGAGGGGATATCCCCCTCCCCAGGAAGACCATACATTGTGAACACCCGTTCCCAAGCTGCACTCGTGTTTCATCGCTACTGCCGTGTAGTCCTCACTCGTGTCTTGCGTGTTTCGCTCAGGCCCTTGATTCTTCACCAAGTTGGCGGACAGGTTATTA,1876,50.0,Arabidopsis thaliana
SEQ_785067,GGGCATAGGCTACCCTCACCAGGTGCAGGGAGGGTTATGCTGTAACTAGCAACTTACCGAAGGCCATTCACGTAGACCGCATAACTTTGAGTAGAGGCTCGTAGACTAGTGCGGGATAATCCATTTTAGCAAGTCTCCTGGAGGGGTTCCACTCTCATCTCATAACTTGTCCTCGTCCGTCGAGAGACAGGTTGCGCTCTTGTCCTATCTGGCGATCCAAGGGCAGCACCCGCAGCAGTGTTGGATGGAATAATGCAATCTTGAAGTCATGATGGCTACTAGTTTACGGATTATTAGATAGAACGTCTAGTTCAGAGTT,319,49.22,Escherichia coli
SEQ_837600,TTATGGCCTCGAACGCCGGCTGCAAGTGGTGCAACTTATATTTAGACCGCCATGATACGCAGATCAGTCGGAGGGCAATATTGAAGCGCGTCTGACCCGGAACCTAGGCCACCTCCGATTGTATCACTCGCGCAAAGTTTGCGAGCTGCAAATGTAAAAGATTTCGATATCTCATAGATATGCTCATACCCACAGACCCACTAGGTGAAACACCGTCGTTGATGGCAAAAAGCCACAGTCCTAAGCGCCCGTGTTGACAGATCCGCGTACTGCTGCAGTCGCCTGACCGGTAACCCACGCCGCTGGGTTTAAGGTAATGACTCACGATCGTAACCAAGGGCACACAAGCAAGCACGAGTTCCAACCTGTCATTCTCCCGTCAAAAGTCGCAACCTAGTGGCATCGCAGTTATAAACCCGGAGAGTTAGCCGGGTAAGTTTAACTATGTGCTATTAACCCCAACCGCCCTTTGACGCTCAACAACATACAACGGGTATGGGAGGTCACTAGTCTTATTAATGCAGCACCCAGGGACTGCCCGACTACTGCTCATATGATCAGTAATAGATTTTCAACCGCCATGATGAGTCCAACCTTCGGAGCAGGCAGGCACGTTATTAAACCTTTCATATACCCCATCCCAAATGTGTGGATTAACGGGATCGTCGAAAAGTCAGGGAACTGAAGATTAACATGTAATAAACTTTTTAAGTACATG,718,48.61,Escherichia coli
SEQ_689785,AACAAGTATATTCACGATAAGGGTATGATCTATACCCCTCGTCCTTATTGGTATTCGGGTTTTGCGAACGCCTTTTGATGCTGCTCATCGACACGCCCCGACGAATTGGATTTAGCATTAGAAGCCGACTTGAAGGCAACTTTATTATTTCCAGCTTTGTCAAAAAGAACGTACTAGCGTTGAATTCAACCAGAATACGCCTACGGACCCTCTCAGTAATATCAGGTTATTGTGTGTCCCGAGGTACGAGAGCCTAAACTACTTCGACCCACTTATATTAGGTGTCTTATAATAACTGGAGTCTCCGTGGACACGGGTTCAAGCGTGCGTACACCGTGGCGTCCTTCCAGCAATGCAACCGAGAGAAACAATGCTACCTGAGGTGAGGTGTGTTGCGTGGTTAACGATCATAGGAATTTTAGATCGAAATTGATCTACATCCCCCGGCTAACTGTCTTGCGTACGCGGCTGAGGCTCATGTGCGCGGCGGGAATTCATGAAAAAGAATATGTACTTTGCGTGATCCAAAAGATGTAGGCTTACGAAAACATCAGAGTGCAGATATGGAATTTTCAGTACTCTCCGCGCACTCAGCTTTTTAAGCCACCAGCATGGTTGCCCGTGGTGTACACGGGATACCGTCTATAACTTAGATTTAAGCTAGTTAACACCGCCAACTTCTGAAATGATTGTCTTTTATTGCCTTCACTAGACCCCATGGACAGTGGGTGTTGAATGCATGCCCGGATCACCGACGGCAGCAGGCTTGCGTACCGATAGCCGGCAGCGAAAGAGAATTACTAACGGTACTACCAAACGCGGGCACCGATTTAGCTGCCGGGGGGGCTTGTCACGATCTACACGCAGTTCTCAAGACCCTGTTACGTGATCAGGTCGCAGATGGTGCCCAACTGCAGCGTTTGTTAAGTAAATTAATACAAGCCCCGCGGCCAATGATCGGTAGTTAATCTTTTAAGAACATGGGGGCCCGTAACGAATCGCGATGCTATATACTCAGCTTTAGAGTAGATTACATGGCTCAAAGAGAAACATTACGCTAACAGTATTTTCAGTGTGAAAGTAGCGTTGGTCTCCCGGCTACCACTAAAGGTGAACGGCTAAAAGGGGTGGCCGTGATATCCGGAACGTTCGAGTGTCACTTTACAGTGTGACGGTCCCAGCGTCCCAAGCGAGTTTTA,1199,47.62,Escherichia coli
SEQ_821212,GGGAGTATCTAGGCCCATCTGCATGCCAGTTTGATTATAGCTACCGATAACTGAACTGTACTCCCCTTGAAGTAAGTTGTCACCTTTTACCTCAGACTTAAGTGCGGTATGCCAGTGTATTAAAACAACTGCAGAGTCGTTGCTGTCAATAG,152,44.08,Homo sapiens
SEQ_679536,ATTGCAGTGACACGTAGTCTAAGTGTCTTCAGCAGTGGAGTTTACAATGGAAAGTGTGAATGGACGGCATCGCTGTGTCAAGCTACGCGTGACGATGGGGACAAAGGCAACATTGCTCGTGTATCTGAGATTAA,134,47.01,Drosophila melanogaster
SEQ_354594,CTGATGTACGGTCATCAAATGGGTCATTACACCGCGCGTTATTCGCAGAGCCTATAGTTTACAATGCGGTCTTGTGGGAGTTGATTCCGCTGCCTGAGGTGGTCATCGGAATGTCTGATCCCTGCAGATCTCTGCCTACTTCACCTGCGACCAAGTGATAATCGTCCATGGCTTCCCGACCCCGGACTGGTCCTCGCTAAAGGCTAAGACACAATTTACAAATTGGGTCATTGAAACCGAATCTAATCCATTCGAAGGGGGCAGGCCATAGAGAATATGATGAACATACTGGACGTATCGAGTGGCGTCTTGTTTTTGCGCGAGGTTATCTTAGAATAGCATGTACCGCGTACAAGGCGACGGAAGGTTGTGTGGCGAGTGTCTTAGGTGGTTTCGATCCCAGGTATCAAGTCCTCCGAGGGCTGAGGCAGCGTTGAGCCCAAACCTTGCTAAATCGTCTTACACTCGCACGTACATTCCGTGCCCGACACGCCGGATTCCAAGAGACTTGGTGTCGTTCGACGCTACAGCTCAAGACAGATTTACCTTGTATGTAAATTAGGCCGGGAAGTGACAATAGATATTACTGCCGACAGAAAGTCGATTGTAGACTGAGTGCTGAGCGACTTACTGAGGATTGAGTCCTGCGGTCGTGTAAGGATAGTTTCACACACTTCGAGTGGATACTTCAAGCAGGATCCGTAAATGTTCGTCGCAGCCCAGCGAGGATTTCCAAACGGGGGAACAGTTATTGGGCCCACGTGATCACTGACAATCCTCTCTGCCTGCCTCTTTCTTGTCCGTATCCTCCACGGTTTATACGCCGATAGTCGAACGTCTACCCGTGCTCGTCACCTCTTCATTGTACCGCCCATGACTTCGAAAAGAGAGACTGTCTCCCATTTCCCTGACTG,914,50.44,Saccharomyces cerevisiae
SEQ_538868,CGAATGCACTCAGCTTTGTTAAGATATATTTCGCTTAAGCACAACGAGCTCCGCGATATGCGGAAGGCAGCAAAATCGATCAGGGGCCCGTCTGCTGGTCAAGCTACTCCCTAAGGGAAGCAGAATTCTTTTTATCACTAGGCTGGGAATGCAAAGACTGCTTGATATTGGCGCAGAAGGTCCCCGTCTAAACTCTGTGCGGCGCAACACGAATACTCGACCTACAGCTGCGGAAATTACAACGCCTGGTTATGCGAGTGTTATATTAGGGCGATGGCACCGCCGACAGCCCCCCTAGGACCCTCTTCTTGTTTTCCAGGTGAGATTGTCAATTGAACCCGAGGTGCGGATATACAATGGCGCGATGGCGATTAACTCAAGTCGCCCACCGCGCGCACAAACTGGACAGATACGGGGACTGGCCAGTTACAGGCGTGTATTGAAATGGGAGCCCCCTGGCGCAATCTAGAAACCCGTGTAAGTTCCGATGGGGGCACTTAAATCCACGTTCACTGGTTCCAGGGTCCGTAGCGTTCTCTCACGATGCGGCAGTTCGAGGCTATCGAAAAGAGCTCTTTTATTCAAGTTCCTGACTCTCTTGTGAGAGCGTAGTACTCAAGTAGATTGCTGTAGAACGTGTCCTCAGCCTGCCAATGGGATGAGATTACAATAAATAATTAGGGTAAACAGTCGCGACCCGATAAAAAATCCAGATTTTAAAGTCAGATCAAGGTAGACATACCGACTCTCTGCCCTTGTAGTGCCAATCCACCCATTAATCGTCGGGTAATCTCGAACTGGTCTTAAGCCTGTGGGTCCTCGCGCAGCAGATAGTGGACACGCCCGACTATCGTGCTCGATTGGATGAGTCATCTTCAATTACTCATCCCAGGATGACTAGTACCACCCTTGTCCCGTGCGGTGTGGGTACTCCGAAGCTATCCTTGCAGTCGCGCTCACTCCTGTAGCGCAGCAGTGGGACATGTATTGCCGATTGTTTGCAACGTCGTATCGTATGCTCGAATTGAGTTCAACGCAGTCTGCAGCCGCGAATCCGGACAAAGGTCAGTACGATGTTATCGTTACCGACGTCTAGCCTTTTCCGTAGCAGATGCTGAGTGGTCTTGGCTCCGTGGTCGCGCGTCGATCACTCGCGATACGGTCACCGCTTCGCTCTGTGAGACGATTTTTCGGGAACCGTATCACACATCCCCAGATGCCAATCGTCCCACCGTGGTTGTTGTCTCGTACTGGTCGCGGCTGGCCAGGTTATTGGAGTTCCCGAAAATGGTAATCCAAGCAAATCAATGAATTGAATTATGACATCCAGTGCTCGCGCTTATCTCGCCTTTGAGAGCTACGCCCCAGGAGCGGCAGCGGTAAGCCAATTTGCACTGCACAGCCCTTGCCTTGGCCGTTCTCCTACTCCGTATGGTGTGTGCAAAACTACGATATCCATGGTTACATCTTTTATCGTTCTATAGCTAGGCGTTATATCTGTCGGGCGTATCGTTAATCCAAATGCTGGGTGCCACTGTCTGGACGCGGGCTAGCGCTATAACGCCTGCTATAACAGTATCTCGCGTTAGAGAGTACCATGCACCAGGACCATACTGTGATCATACCGATTTAGGGTTGAGAGCGGGTTCAAGGTACATGTCCGACTATAATGGCTAACAAGTTTTCGATCTACGAAACAGAATGCGTCATTCCAAA,1716,50.76,Mus musculus
SEQ_132906,GCCTAATGTTGTAGTTGGTCCTCCCGTATCTAATATCAGGTAACCCTAGTCGCATACCTAGAGGAAGCCAAGCAAACTCCCTCGTGCTTTGCCAGCCAGTTACGACAACTAGGCTGCCCAAAATCATCTTAACATGCAGAAGCATGCGTTATAAGCACAATGGTATCGATGAATCATAAGCTTTCGCACTTGATAGTGACGGTCTGATGGCACTTAGTCAAGACTACGTGAGGTCCTGTGGGTCGCGTCCTCACCAAACCCAGATTCTCCAGGCAATCAAGGCTCGACTTTCACTACCATTTGCACGCACCCCCGTTGTGGCTGATTAGGACTGTCCGTTGCCTGTGGCTAGCGCCGTGCGTATTTCTAAGTGTATCGACGGGGTCTCGGCTGTGTGCTTGGCTTTTCAGGTATTGGAATCCGAGGCCGGCTAACCGATAGCGTTCAATAGACCATGTAGATAACAGAGAGCTTTCGCATGCAGGATGAGTCCCCCATATAAGGCTTCTAGATATGCGTCATGTCTTGATGCCTTCATATCATGTAGGCAAATACTCTCTTATTACTTATGAACCTAGGATGTGCAAAGTGACTAAATCTCCTACTGATTAAGACAATTAGTCGGCTGAGACCCAGGCGGGGGGCATCCCGCGAGATACCAGTTTCTCCGCAGTAACCGCGGTTCTCGAGTTCTAGCACTAAGCTGACTGGTAGTCATCTACCGCGTACAGGCAAACTTGGTTCCCCCTTTTGTGTGGAAAAGTATGCACCGTTGGCCGGCAGAGGGCAATTGACGCTTTTATATGACTAAAGCCTGATGTTCCCAACGTTCGTCGACATCAAACTCGAATGTCAAGGGTTCGGAGTACGAAAGGGTCAGCACATGTAGAGGGGAAAATAGACGCTCCCGACGGCATAAGCGTGTTCCAAACCCGTGATCACAGGTGGCTGAGTTCCGAGCTCTCAACCCGCCGCGGAGGCATATAGTCTTAGGTGCAGGGCGGTCACAACACGCGGGGTATGGGTCGGCTGGTGTTATAACCAGCTTGGACAGACGCAGATAAATTAGAACTTGACATAAAGGACTCGGAGTAGTCTCCTCTCGTACGGGAAAGCTCATCTGCTTGCGGGATTCTTATACACGTTATACTATGACACTGCTGATATTTGGACTTAGCACCGAACTGAGCATTTC,1195,49.71,Homo sapiens
SEQ_410265,GTAAAGGGTGTTCCCCCACCAGTATAGGCACGCGAGCAACTCGAAAGTAATGCAAAATTCGATTGCCGCCTGTAACGGTTCACGCTACCGACCAATGTACCGTTCATGCATATTTGGGTTTAACTCGAAACCAGCCTAGGGTTCTTCAGAAGGGTAACCCCATGCGTCCTTCGACCATCCGCGATGACTGAGCGCTTGTTCCTAGTCGGAGGACGGGACGGGCTCTGCCGTTCCGTAGACCTGGCCAGGGTTTTCCAGAGCCAAAAGGAGATAGAGGGGTTTAAGCCTTCTGGTCGCGAGACGCAAGACGAGGACACACCTGAAACGACGAGGTATTCCAGACCCAACCAGAACTGGAGCGTGTCACACATGTTACCACCTGACCGTTTACAGGTCAACCCGTCACAGGGTTCGCTCACGATTTAACACATCGGCAATCCATCTTTAAAGGGTCGTGTATCGTAAGCGCAGCGCTAGAACTCGCTCAGCGTCGAAACAAGGCGATACTTGCAGAAATTGGCACTCGCGCCGAGCCAGTTCTCTCTGGCCCATACGTCCATTTGCAACACCCTGGTTAGGTTCAACTTGTCATCGTACTTGTATCGGACGATGTGATGTAGTAGTCTGTCGGAGCACGGCTGGGTGCTCCAACTGGCCAACTTCAACGGGGTACTTTTCGCTTACTTGCATCTAAACGCCGGACCACTAGCATTTCGAAGGACTCCGTCGAACCAATCTGATCAAACGAGATGTCCACAGTGGGGGTATATGTTATGTCGACGTAAGTCGAGTTGTACATGAGATCTGAAGTGCCTACCGCCGGGGATGCCGACGGAACAGTAGCATGGCCGGTTGAGCCTGCCGTGATCGAATCGCGTAAAAGCACGGTGGGGGGAGGCTCCGGGTAAGACTGGCTTCGGAGGATCTAGATGTTACCGTACAGTGATTATGGATGCAGACAGACCTTGACACTACCTGTCGAATCATGTAGTGCTAATAGTCTCCGAACAAAAATACGAGTTTCGTGGAACTGCATGGGTACATCCCGATGCGCAAAGCATAAGTGTTCTAATCATACTTAATCTTGACGAGAGGGTCACAGCATAATCTCCGGCTACACTAAATGCTCAAAACCATAAGAACAGTGGTGTACCAAAGCCGCGAACTCAATATTCAGGGTGTGGTGCCCCTACTATGTGGTAGCATATACTATTACGACTTATCTTAAGTGATTACAATCTATAGATCTCATAGAGAGGGCATTATGAGGGTCATAACAGGGTCACGTTGTCCACTTCCGGTAGCGACCCTGCGGCGTCCCATACTAGCGGTTTCCCGTACTTTATGCTAGTACGATTATTTTTAAATTACGGGACGTAATAGCAACCCTATGTAGGACGGAGTCGATCGATGCCGATACCAAAAAAAGGGCTTCAGCTCATGTCGTCTGTGGGCTCTGACTGTAACAAGAGGGCAGTTAACTATTTGCCGCGTGCCCCTTAATTGGGGGGGCAGGCAAGCGATGCCAAATTCGCCGAGTCCTAAGAAACTTTCTCGATCTATTTGATAGTGCGACACCCTTCAGCACAGTGCCAGAGCCCAAAACCCACAGTGGTGCGCCACAATACCTGCCAGCTGCTCATAATTGTCGCAACCGATGGGAAAAGGTAACGTGAAACACAGTGTTACGTCTCGGGCAATCTGTACAGTTGATCCACTGCTTCCCGCAATCCACGAACCGTGCGGTACCTGATTTTCTGGAGCGCTATCGGAGTGAATAAATATTTCCGCCAGATCTTTTTATTTGAATGGTCACCGTTTTAAGAGTGCACTCTTCAATAAGACCCATTTTACACCATATCTACCGGGTCCCTTCACCCGTCGAGCGCGTGAGACGGTGCAAGGAGCTAGACCTTGCCGTTTCTTAAGCAATGGACTTCG,1941,50.23,Saccharomyces cerevisiae
SEQ_673367,CCCATGCGACGATGTGGCTATCTTAAACTCAGACTGCATAAGTAGGGGTTAATAGGCGTTCCTCGTCGCTCCGACCTGCACGCTCTCAGACTCAGCGACTGATCGAAAATACAGGTGTGCAAAGACCCTAATCGTATAGGCCTGACGGGCCGACATACCAAGGGTTTTCGAACTTTGAATTATTAGGTCAGGACCCGTAAAGCATGTTTATTTTAACTGCTCGTTGCGTGCTTACGAGCCTCGTGCAGACAGATGACCACCTGTAGCAAAATCCATCTTTACTCTCCATGCACACAAGGCGATTAGACTCTACGATCCGTTAAGAGAACGCAACGGCAAGTGGAACTGACCAGTTAGAGGGAATTAGTCGCGACCGTCATTTCGGTAGCCTGGTTAGTCAAATCTATTTCGGCTCGGGAGATTGCCCAGCCAACCGCGAGGTCGCGTGTGCCACTTAGAAAAACCGTCATACAGTACCGATACCACTGCACATCATTAGCACCTACAAAATGTCTACCATGGGGACTATAGATAGCGATTGGGTTTAAAGGTATTTGTTCCCCAAACCAAAATTCGCACTCTCAATAGTCACCGTTGGAGATCAGGTCCGGGGGCAATAGCAAATTCAATGCGATTTACCGTAGTGCTAATAAAGGATCCGGTCGAGAATCGCTCGGGACCGGAACTGTAGAACATAGCGGGCGAACACTGAGTTTACTTGGTGTTGAGGAACAAGATGCACTTACCGAATCAGCATAGTAGGCGCCTTGCACGAGTCGTCTCATCAGACCGTGGCCACTCCCGCCGGCCGAATAGTGTGGCATAGAGATGTGATAACAACTGGTGTGGATCAGTGCCCGTTAACCGCCTCTTGTGGATATGCGGGAACTCGGTTTTTAAACAGGCTGAGGGGGGTTAGCAAGACTAGCTCAAATGGGCTGTTGTACGGCCCCCAGCTACGACTCTGAAAGACATACATTGTGTTGGCTCGGGCATACCCCGTAGATTGATTAATCCCTGCAGTGATAGGGAGATTGCCAGAATCTATGGTACTGGTGTAATCACGCTTGGGGGGCAACCGATCAGCAGCGCGACCTAAGCATATTTTACGAGCTGGCTTCATACTCTCACCGTTGTAGACTAAAGTCAATTTTTATCGAAGACCCTTACTAACCGAGCAATAAATTGAAAATGTAACTGTCATCCTTCCTGCATCCAGCTCATTCGACACTTGATCGCGTTTAGTACCCAGCGAGGGCGTTTTATATGTCTAGCAAAATGTACTACATCGCCTGCTTCATTACCAATGACTAGTGTAAGAGCGTTAAACATTCTATCATCACTCTATCTCGGGGCGTTTAAGTAGAAACCAGATAACTGTCCGGGAAAATCATCAGTGACCTATTCTCCCAACAATATTACTTGTACTCTCACGGCTCTGATCCCAAACTCCCGCCTAAGGAACACTGTATCCGTCTGACTTCCATGCGATGAGCGCTACCTAATGCTAATACTTACATTTAGTCACTGAGTTGAATTCAAGTGGCTAAAAATGGCTTGCTGCGTAGAGTACGCACAGTGCGATATGGAGGCAACTGGAGTCTTCTCGCCAGCAGAGAGCTTTAGCCGTTAGGTCTTTATTGCCTGGAAATCAGCTCGTACTGACATGTGTTGACTGGACTTCCCGAGTAAGGGTCTTACCTCTTTCCTCGCCCTGTGTGAACTGATGACTCTACGCGGGGGTCACCAGCTCGAAGACTAAGGTTCTTGTGCGTGCTCTACGCGAATAGAGCTCCGCATAGCGCCCATACACTCGTTTATCTGGGGTGTCGGTCGGGTAAGCTCTTAATTCGAGGAAGGCCATAACCGGATAGAAAGTGCCAGTGTTTTCGTCAACAAGGATTTATTGCCGCGCCATAATGGGCTTCCAGAA,1933,48.42,Arabidopsis thaliana
SEQ_711558,GCTCTACGACTGAGCATAAGCGAGCCTGGTAGTTAAGGGCTAGAAACCTCACTTATCTCCTCATCGCGAGTTACGGTACATTCTGGTAGCTATTCGGCTATGTCACGA,108,49.07,Arabidopsis thaliana
SEQ_465342,ACTCTACTAATCTTTGTTATGCTCCTACGGTAAGAAAATAGGGTCAAGAACTCGTGGCCACAATTTTTTGTCAGGTGAAGTAGCTCACTCTAGCGCGCTGAATACCGTTTACCGACTCGACAGACACGCCAGGGTCTCATGCCGTCTAGGGGCACAAGGCCTGCTGGAGTGCACCAGTTGGTGGCCAGTGACATCGGGCTCTCGTGCACCACTTGGCGTATATGCTACCGTACTCAATCTATACTCGAGTATTTAGGCTATGGGTGCGCCAGCGTTGAGTCTTACATTGCATCCTGTGCTACTAACCCTCGGAATCCTTGCTGGACACAGTTTGTAGGCTAATGGCTCGGGTGAACTCTCAGTTCAGGTGCATTATGTTACCTTGCATCCTGCTAACCAGCTTAATTCCTACCCCCCGTCTACATGGATCATTACTAGCAGTAGAAGCCCGTCCATCCCCTTCACACCAGCTGTAACGTAGCCTAACCAGCTGCGGTTGTAGGCTGGTTGGCGGTGGGGTACCCACTCACGAGAGGTTACACGACATGTCACAAACCAGAAATTAAGCGACCCTGGCAAGAAAAAAGAGGAGCCCCATATAATGGAAGGATACGAAACCCGGGTGGAGAGGCGAGAGCTCCTTGGACCTAGTGCACTAGGTACTCGAGGGTCCCACAATATCGGCAACACGAAGCGGCGAGCGTTACTTCCGGCCTTTCAACGATAAGCCACCGCATTCCTGCAAGCTATGTGGTCTTGGAGACCCGATCCAGATACAGGACATTAAAGGCAGGGCCATATCGTCAGGGTAGGAGCTGAAATTCCTCCTGGGCC,834,52.16,Saccharomyces cerevisiae
SEQ_275023,CAACACTAAACGCGCTGGGCAACGAACGGGAATCAATGGTTCGCCTCTTCTCAGAATTACGAAGCTTTGGGTCACCTATAACT,83,48.19,Caenorhabditis elegans
SEQ_498081,GCTTATCCGAGCGTTTAAATGCTTTCTCTTGAATATAGGTGTAGGTTGCCGCAAACGTAGGCCCGGGATACAC,73,47.95,Saccharomyces cerevisiae
SEQ_555770,ACTATACAAAATACGTGTCGAAAGATAACTAAGAGCAACGAGATCGTAGCAGCACGCATAGTTTGATAATAACGGGAGCACTTGTTGAATACGGATGGAGCCGCACTGGCGCCGATTGGCTGTCAAATGACCTGCGGAGTAGGTGTTTTGCACCATGATGTTCCAAGGGCTTTGAGATGTTCTTAACATCCAATAAAATTGGGCGTTAACTGATAAGACAGACCGTAACTCAGCGTTCGAAGTAGGTCTCTCTTTACCAAACAAAATTGCATAGATAGAAGTAAAGGTGCGATTCCTATAGATCCTAATCTCAGGCGTCATTGTATATGGGTTTTTGTCCACTTCACGCGGAAATTTCTTAACCCCCATCTCGTCTACATTAACGTGCTATAAATCTAGAAACATGATAATGAAGACGGGGCGTCTACGTAGGCGTGCCGGCTGGTTGCCTATTTTCAGCCTGATGCCCGTCGTCCCTAAGCCGCGAGTTCACCTCAACCCCATCGCCGGCTACGGGATGTCCTGCGCCGCAGGGCCATACCGACTCTCGCGCGACTGATTCCCCACACGTGAGAAGTACGATGTCAATGTTATCTGGTGCGTGTTAACACGATCTGGATGCCGAGTGCATGGTTAAACTTTTCGATCAAACATAATCGGAAGGACGACACTCAAAAGAACCATGGATAGGGCTGGCGCCCCTTCTTTCCAAGGGTTGCAGCGTTAAAAGAGCATACAGCATGGAACCCAAAGGTGATGTTCGATCTAACTGAGCAACCTAGAACTTCCGGCGGTGAGGAGTATCCATGAGACCGTCTGACTGTGTAAGGACCCTGTTGTGAAACAGGACACGAATATTGACCAGACGATTGACGGACTTAAAGGAAAGACAAATAAGCCAACTGTATCAATAGCGCTCACCTTAAAACGGTTCCGGAGGTGACAGTAAATGTACAACCAGTGAGCAGAGAGTCGCGGCGGACTCACTAAGGAACCGGTAGAAGTATACACTTTGAAATTAGGAGATCCGTAATATTAGGCAGGTTAATCTGCGGTTGGAACTCGCGCTGCATCGCAAGCTCTACGCCAGTGCGTGTCGCTGAGTCTCAGATGCATCTGCCCGCCTGCGGTCCGTCTGTCAGTTTTGGAATGAGGGAGTGCGGTTAAGGTGTGAGATTGCCTATTTCCCCACGCGAATGTGTGTAGCTTCTTACGGGGCTCACACAGGCCACGGGGAACATCGGACTCAACGGAAATCGAGGTAACTGCGATACGTCTCAAACTCGTCACAACTGCTTGCAGACTACATAAGAAGACCTTGCCGAGACGGTAGAGATTGTGGAGGCCGCACATCTCCGCTATTAGTAACGATCAACGAGGTCAGGTGAGATCGCAATGGACAAGTAAAGATCTTTTATGTGGCCGGAAATCGGGACTGGCCATCAGGAACGAAGGGCCTAGAGCAGAGCTCAATCGTAAGTGCTGCACGGAATTGAAGTTAAATCGACTTGGCTAATAGAAAGTGTGATCTTGGACTTAAAAGCCCCTAGTTCCACACCAGCCCAATAGGCGATGAGCTCTCATTGACCAAGCGTACTCCTTCGGGGTGATTATACAGCCAGTGATACAATTGCGATCCGCATACTGAAGTCTAAGGAAGAACGAAAAGAAGTGGTGGATTGAGATGTGCCAACGGTGGGTTTTGTGAGCGCCCATTCGATACTCACTAACCCACGTTCAGAAACCCAAAGACCCACGCCCGGCTCTAATCACTGCTTGTTGCGTA,1786,48.88,Mus musculus
SEQ_665270,GTCAACACCTTTAATGGATTGACGCCAAGAGAGGGACTCGGGAGACGGGAACAAATTAGATCTCATCTGGCGGCCCATCATAGCGCACGGGTCAGTATTATAGTATGCGGGAATCCGATCGTGTGCTGACCGTTTCAAAGGCCGTTGTCAGGTTTTGGACAGTTACGGTAATTAAGGAACACGGAAGACCTCTCATGGCGCTCTGGCATGATTCATGACGAGTCCATCCGACTTCCCAATACTTTAAATGCGTGGTTAGCATGGTCCGTCACGTTGGTTGCCAAACCTTATCCGGAATATTGATCGTTATGCCTTTGACGTCAGCACACCTTGCAGTGTTGAAGTAACGATTTTCGTCCAATTTGGTCCGTGCTGAACGCTCCCCTACCATATACCATGTAGTAATCGTAACGAGGCCAAGACTGTCCCTAACAGCGCTACTTTGAAGCATCGGAACGCGGGAACATGCGTGAGTAATAGAATCGGACGCGTCCCGCGACAGATCCTTCTCAGAATGGCGGGTATCAGGCACAAGAAACAAGGCGCTATCGGACAGGGCTTAGCAGTTTTTATCTCACATCAAATAAGGCTTCGTGTTTTCAGAGGATAGTTTCCCCTTGGAGCCAGTGCGTTCGGGTCAATCATGCCATTTCGACGGCATTCAGTGGGTTCCACCCTGCGACCAATGGGAGTGCGATTGCATCCGCCCTTCTCCCAGACGCTCTCTTTGACTCTGGTGACAGACACTCCCCGCATACGCCTTAAGTAATGTTTTCTTTTCTCCAGGAATTCAACGTTTACTCCCATATCACGGATTCGATAAAGGGAGCCAAACCGAGCGGAATATTGAATTGGGAGCGACGAGTGTACGTGACCCGCACTGTACTTGTCCAATTATTAAGATAATCACCACCCACTTGCTTTGTAAGGGAAGCGTCTTGAAGAGGAGCCTTACTCTCCCGGATCATATTACTTGGCTCGTGGCGCTTGTCACCGCAAAATCTCTACCATACTCATCTGGTCTCGAAGCCTTATTAGCCCGGCTGCTTAGGACTCACCTTGAATAGACCTGATCGATGGGGTGCGCGACTGAGTATTCCGAAAACTTGGGGGTGGTGTTATCTCTCGATGCCTCTCTCTCCCCCAGTCCAGCTAACGTTGAGCTATCGCCTAAGCTGTTACGACCTGAGGCTAAAGCTACTTAACGGCCCTTTAAGCGCACCCGAGGCTCCGTAAACAAAATCATACGATGGGGGCAGTCATTGCAGTGGTTCTTGTTCACTACGCTATAAGTCAATCTCCTCGTAGTTGCAGCCGCGATCCTCCATTTGTGACTCGTGCCCGAACCCGAATCCAGATTGGGGAGGTCGCCTAACAGGGGATTGTGCTGGTTGTTGGGTCTCTTTGAGACTGAACATGGTTTCCGTTCATACGAGGAGACTTATCTACCGTGAGAAGCGATACAGGGGGATCTTTGTATTCGTGCGTGGAGTGGCAACTCGCACTACGATGTCTTGCAAATGGTCGGCGGCGAAGATAAAGATCGTCTAAGAAATAGCGAGGCCCTTACGGTACGGTATTCATAACTCGTCTCTCGAGACATCTTGTTCCTACGCTTGTATACTACAGCTCCGAAGGGCGGGGAAAGCGACCCACCGGTAACAACTTCTTTTGTGACAGATCGACGTATCATGGAAGTAGGCAGTTAATCCTCTTCGCGTGCCTGGTGCGTCCTCCCCAGTAATGTATACGCAAGTCTGGTGGACGTCCGTGTGCTTGCCTGATAGAGCTCGGACCTATCTCGGTGTTA,1810,50.39,Drosophila melanogaster
SEQ_447042,CTCAGCATAATAAATCTGTGCCTGACTCAACGAACAATTAATATGAGCCTGTGCCATAAAGCACCATGCAAGCAGAGCCCTGATAGTAACGATAGCCGGTCGAAATAGTACACGTGAAGGTAAATTGCCGGAGCCATGATTTTTTTGCAACGGTTGTAGGGATGGTTAAGTTCGCTCGAATCCGGACTTACGCTAAGTAGCGCCGGACACGTTCTTTATGGTAGTTTCTGCAAGATATAATCGCTCCCTGACCGGCTATAACTAACTAGTACAGCCCTCCAGTTCTCGCATTACGTTTCCGGGTTGGAGTTCCCTGTGCCAACTCCGGAGACCCCGCACTGCAATATCTTGTTCCGACTGTTAAGCGCCAATTCGGAACGCTGCCCTCGTGCCGGTCATCCCACGCGAATTACTGTGTGCAAGTTAATTACTCTTTTTGCAGGCGGATCCTAACACTCTGTACCTTTATCCAGATAAGTGGGCTGTTATCACACCCTCTATCTGCGTCTTCACGCTGGTACTAGTAAACGTGGCTTCATTCTCAGCGTCCTTAAGTCCCTAGTAAGCTCCGCGCTGGCAGGTCGGTACATATTTCTATACATAACGGAATACCGAACATGGCCCCGAGATCGACAATACCTCCCGACAGAAGCTTAATGAGACTTGGGACCTATTTGAGAGTGCACCGACACTGTCCGTCCGGAGTATTACGGGGTTGTGTAGGCTGGAAGCAGTGAAGAGAACTGCGACGGACGCAAGAGAATTCCGCACTCGCGCTCGGTGAAGGCGCCAAAAACTCGGAGGTTGGATTAAACTTTGTTCTCCGACTTAACACCCATATTCTTTTGCATATGTCTAGCTTTCGCCGATCAGGTAAAGCCGGTCGCCCCGCCTCGATACAATCTGGTGCACAGGGTACCCACGTAAACGCGGACTCCACACACCCGGAAGCTGGTCAAACGACGGGCGGAGGGACCCCAAGCCGAGGAGATAGACGTTTTTTCTGAAATTGAAGCTATTAGTGCATTAGCCAGGAATCATTAGCCGACTTTCTCTAACTGTGACTTGTCCGGCGGTTTGTTGGCAAACAGGCACATCACATAGTAGTGGCTATTACCTGGTAATGTTCACAGTGCACGAGGGTGTTCACGTACATGTCCAGGAGTCCTGAGCATGTTTGTGCTAAAATTTTGCAGCGTTTCCCCTGAAGGTGGAGCGCATTCGCCTACACGTAAAATGGCCGGGCTAGACTTCTCTTTTCACTTAGTTAGTCCGGGTATGGATTAAGCCGTCTCCTTCTCTTCAGTCGCTCGCAGAATGGCTCTTGTGGAGCAATGGCATGATGCTGTTAGCTCGTTATACCCGTCCCGCACTGCGCACATCACTTATTCATCCCTAAAACCACGGTTTGCAACCTATGATCTTATAAGGCGCTGCAATTAAAGATCAATACCAGTGGTTCAAGCCGACCGGTGCCCAAGGATCCACACACTAATTACACGGACTTTTACGACATAATCGACTGGGTGCCAAGGCATTCACATTGTGCGATCGCCAGTAGCGCACTTCGTAAGTGTTAGTGCGATGGGCGCTTCAAGGATTCATAACAGTTCCGTAAC,1619,49.6,Drosophila melanogaster
SEQ_726376,CATGGGTCTGGCGCCCCCGCCGCCGTTCACGCCCAACCATGTGGGGTAGTAACTCACAATGACGAAGCACCGTCGAAGGAACCAACGTCCCTTAGTTCTTAATCCCGACTGGAAACGGGTAAAGGTCGCATCTAACCGAGCCTAACGAGAGCCTGCCCGCTGATGGATCGTCACCGGCCGATGCAGTTGGCGTCTCGAGATGCCATGAGTGCCCCCGACGATCCTCATAGCATAGACAGCAGTCAGCCGAAATTGCATCCCAAATCACAATCGCGTAGTCAGATAGGCTAGTACGGGATTCGGGTACGAGTTCTGTCTCGACGCCTAATTAGCTCCCGTGCTGTGGGAGCGTTGTGCGCTCAAGATGGAGGACGGATCTTTACTATGGTACAGGTACTCCCTTTGCGCATGTTCTCCATACTCAAGTGCTTAGCACGAAGACTAGCAATTCTCCTTCTTGAATGGCATGAGGCCGTTGTTCTCACTGTCCTCCTGACCGCACCGAAGTATAGGATAGCTTTACACCCAAGCCTCGCTTTACGCCCCAGCCCTCGCGCAATACAACGACATTGTGTGACAGGTGTTTTCGGCCACAAAAGGGTAATTTGATGATTAGGTACAGTTGACCGTCGTTGAGGTAAATCATAATCAGCGGTTCGTTGGAGAGGCGGCCCATCCAACACGAGCACCGTCGGAGCGTTCGTATCATAATCTCCATCTCAAAGGGCCGAAATGTGGTTAACCACTCTATTGAGGAATATAATATGGTCGTGATACGTGCAACAGTTATTTGAGCTACACTACTGGCCCGTTTAAACTTGGGCACCCGGCCCCGCAGTTGGGATCTGTGCTAACGAACCCTCCACGCCCACAACGTTGCGGGTTTCGGCTAACACCATTACGAAGCGTTGTTGCATTATTTCCCGTGAATAGCTTTCCCTTACGCTGCTTGCGGTAATCGGACTCTCTGCAGGCGTACATCGGACGCGCTTCCTTGTGGAGCGGATACAGCCACTGTCGCTAAACAGACTGCGTTTGCGGGCATGGAGGCCATATACGGCAGTGGCATCAGAGTTAGAGTGTCCAACGGTTACGACGAAGTTCTAACTATAAATTTGATGAGAGTTCAGACTTTAGACCAGGTAAGCAGCGGCGCGCACGCGGGTGAGCGTTACTCCGACCCTTAAGACCCCGCTGTGAAGGATCTTCAGTACCGCTTGCCGCGCAGTCGTGGTTAGCAGCAGGATCTATAGAGGATGTCGCAATCTGGAATTCCTGGGCGCACGCTTACAGCCTCGCCAGCAAAAGAATATATCAACTTTGTGTGTCGTTGCAGCGTGAAGAAGCTCTGGAATCAAGGGCAGCCGGTGGGACCATTGGGTACTTTCGTGGTAGTGAACCTGTATAGAGCCACGGGCGAGTCATTGCCTGGAATGGCTTTGTGACGGCTTACGCTTGCAAAGGTGATCTTTTGCGAATACAGAAGGTTGCCGCAATCGAAATACTTCGTGGGCGTCCTACATGATCTTGTCTTTTCTCTCCGTCCCTATACACCAGACCGAAGCGACGGGGCTAAGACAGGGAAATAGATCAAGCCATAGTACTTACGCGCCTCAGGTCGACCTGATCTTCGGCGAACACAGAACTGGTCATGTTCGTCTAATATTTGTGTCCTTCGAATGCTCATACTTACAAGGTCCGACACCCGGGTCGCAGAAAACGCTAAGAGCGGTCTTTGAGTGCGTGAACAGGGTCAAAAGATTATGACAAGATCTCTCACGTGGCACCAGAGCTTACTGAGGCATAACGCGGTTT,1815,52.12,Caenorhabditis elegans
SEQ_159109,AACGGGGCGTCCGACCGGTTGAGTCCTGGCGGCTTTTGGTCGACGAACCGACACTTGTAATCTTCGGGTTACATGGGGTTCCGGTTTCGAACTACTTTGGCTGCTGCCCACTACACACCTACGATGGAACTTGTGCTTTAAGGGCGCAGGAATGGTTAATTCAAGTCACGTATATCACGTTGGTCAATTTTCCCTTAGTAACCTCCCCCTATCGCGGATTACGTGTTCAGTTTTGCAGGCCTTATTCAGCGGTCCCCTTGGTTCCTGGAGGTTAGCGTTAAGATCTCGAACGGAAGACTTACCATGGCTTCCCCTCAGGGGGTATGTACAAGTAAATACAGATTTCTTTGGGTACAGGAGAAACGGTTAGAGCTGACACTGTAAGTCCCCCCACGAGTATCACCCTCTCGTCCTCGGCGACGTGCGCCCGCATAGTTAATGATCATCACATGGTGGACAAAGCAACCCAGCGGTGCCCACGTCAACTGCCCGTATGCGGCGATGGCAGGAACATTTATTTAGCGAAGCCGTTGAGGCGTAACGGTCAGCAAACGAGGCGGGCGTTTAGAGTTAATTGGGAATCGGAGGTAGTGATTCTCGTAGTCGACTAAGTTGGCCTCGGTGGGTGCAACCTGTCGCAGAACAACGTCCGAGGACGTTTCCCAGGCCTGGGAAGCATTGCCTCAATCTGCCCCCCTTGGTGGGTGATCAGTACGATTTCTGATAGAACCTAAACTACGTTATGCGGGGCGCGTATTAGAGACGGTCCAAGGAACCCTATGAGCGTGGAAAGAAGAAGAAAGGACGGTTCAAGCCGCCAGCTCCGATTTTCTCCTGTTCCCTAAATGCATCGGGACGTGTGCGGCCCTAAGATGGACTTAACATTAGTGATTCATTGGTCGATGAAATAGTATGTGACAGAAATTCGGCCACTCAGCCGCTCAGGCCAGGGACATTGGCGAGCACCGCCAGCGCTACGATCTAGAGGACAATAAACCAGACGTGGCATCGATATAAGGCCGGAACCTTCAGACGTTGTAGATCGAGTAGACTAGTAAACACATGCCCTAGGTATCAAACTACTATTTACCGCCCATTGACCGTTGCTTGGTGCGTGCAGTGCGGTGCGCAGCCCCTACGTGAGCGCGGAGGGCCCGTGATATTACATCTGTTCAGACCAGGTGTGTTCGGGGTATTATCACGGGCCATAGTGCTGCCCCATGAGGGCGTCTGGGGAATTAAAGTACACGGATAGGGGCAAGGTCGTCGTCATGTTACTAAACGAGTTGAGTCGCCAGTATACCTGCCAGTGATTGAGTTTAGCATTTCAGAAGGTGACACCCGATGATGGACAAGTACTCGTGACCGTAGCAGAAACTCTCAGAGGGGTCCGTGGTGCGCTCGAACAACGATCGTTGATTTCTGTCATGTAACGCGGGGCAAAACATTAGACACATACTGTAACAGAGTTCCTAACGCCTCACTAAGTGGT,1492,51.94,Arabidopsis thaliana
SEQ_707665,GAGCCGAGAAGCCGGAGGGAAGCCTTACACATCAACACATACTCCACGACGTCCTACAAACGAATGGCTACTATCTGTGTTCGGCGTTCCCAACGAAACACCACGTGGACCGTAGTAATGAACTTTCCAAAGCAAAATAGGATACCTCCAATCGGTGTCTTTAATGAGGCAACAGCTTCATGAGAGACTCAGGGGCATTAACGTAAAACCCCGACATTAGCAAGTGAGAGACTAGCTGCGGGTTAGCACTTAAATGTGCACCTGCCCAAGCGATTGAAAGATCCTCGATACAATCTATTCTTCAAGCGTAACCGGTTGTGTGGTAAACTAAGTCCAGTCCTTTACGAGGCAAGCGCGGAATTACTTGCCTGGTGCCCGCGCCATATAAAAACATTTAGTAACACCGGTGTAATTGGTACAGAGAGGGCGACGCAGGTATCACCACGGTCATCTCCACGCCAGGTTGGGAAGCACCGACAGTATGCCAGCTCATCAAGGACGCCAGTATAAGCTCGTTTCAGGTCCCTCCTCCCACTAGGACTGGCTGGTAGTGGACTACGAATGTCACCGGACATGGCCCACCCTCTTTGCGCGCCCGTACTACTAGAACCTGGGGGCATATGACCAAAGCCAGGCACATCACTGCCCCCACAATGCGGCACGCCCATCGGATATGACCTGTCAATCTCCATCATCGGCTACGAATATGCAAGAACCGAGGTTGAATGTAGATAGGTTCATCCTGCCTCTACGGGGTCCTAAGGCGCGGCCACAAAGGTATGCAACCTTACCAACCTCTGGGGACGCTACCAAAATAGATTCCGGGTTGCGCCACATAGGCGGCCATTACTCACGTTGTGCCTTATCGGTTTTTACTGGGGTTAAGCACCCTTCGAACGCCGCGCGTGATGGCAGAGGAAGAACTCTATTTCCCAGGCAAGCACGTGAGTATTTTTAATCTCGGTATCCGGAAGTGTTCGCCCCGACTTTAGGTAGTATTCTGCTTCTTAAGGCTGGGCATCCGAGGCCTCGCGTGTTCCGGAACTAATTTGCTAGACTTCCATGTGTCCCAATCATGGAATATACGATTCGTTAGATGAGAATCGCGAGCCAATATCTGACGATTCGTCCCCAAATAAAGCTTGTTCCAACGATGTTTGGATGTCTCCTACTATTATAGGGCCCCTAAGCGAAGTACGGCTTCCAAGTAGGTGGTTTTCACCGCAATTAAGATCCCAATCCCGACTTTTGCGATAGACATACGGGGCGGGGGTCGGGTACCTCCGGTCAGATGGTACCTTGGTGGTAAATCAGTGTCATTCGACAAACAGTGTTGTCGACCGGGAATATGGGTAGAGTCGAAGTACGCGTAGGGTACAGTCTGTTAGCGCAGGCAGGTGCACGCTTTATTTTCCTGTCTCCCGAAAAGCCTCCAATCGCCATAATGTGTGGTTAGAGGTAATTGGACACGAGCTACGATCCTCCCCACACCCGACAGGCGGGCCTGGTGGAAGTTGGTACTTGTTCTGGCTTCCAGGAGGAGAGTGTCAACTTATGACGCCTTAGCACACGTGAAATTAGAGGCGGAGGATGGTCGTGAACCCACATGCCCGCCTGGTACACTTCGGGACTCACCCATATTGGAAATCATGATGGGAGTTATATTCTGGCAGACGTGAGCTTCCTCGTCCGTCAATCCCAGGAACGTGTCTAACATTTGCACCATGGTGCTATGATAGTATAGTCAAAGAGAATTAGCCTTGGGAATCGGCCACTACGGAGTAGTG,1787,51.04,Arabidopsis thaliana
SEQ_510826,CCCCCCACCTACTGTGTTCACCATCCATAAACCGTCGAAGGGAGGACCCAAACCAACCTAGTCAGAACAAAGCCTGGAAGCAGAGAGCTTCTTCTGCCGCCATCTGCGTATTATCCTGTATCATCGCGTACAATCATTGCGTGAGCACTCAGTCTCGACCGTATCGTGCCCACAGATGCCAAGAACTGTGCCATAATTAACCAGCGGTGCAAGAGTTCGTATGTGGCGGGGCCATCGATCGGTGCCAATCCGGACCTTGAAAATATCGCCATTTTCTCCCACCATGGGGACCACAGTAGAGGGGAACGTAATGAAGCCTAGGCTGTATGCGGAAGCGTAAAGGGGAATAGGGGCAACTGCTCAGGCCTAACCGCGTAAGAATGGTTCTAAACGCATATATTGGACGATGTAACTGCTGAGTTTCGCCCTTTAGGAACCAGGAATTCTCCGAGGAACAAGCGGGACTGTCCGTGGGTTGGCCGCTCGTCGTCCCCGCCGCCACCCGATTAATTGCAGGGGTGATGGAGTCCCTGTTCTTTCGCCCAGTGATCTTACGCGCCACCGGGAAAGGTCAGATGGTTACATGGGCGGAATGCAAACGAACGGCGTTAGGAGGATTAAGTGGCCATCGGCAAACTAGAAGCTCAGCCAATGAGTACCAATGAGGCTCGTGACTCCCAAGCGTACTAAGCAGGCCGACGTGCACAATGAAGCCCCAATGAGGCCTACGGAGTGATGTAGACCATAGGTTGGTAAACACAGGGTTTACTTCCAAAAAAGAACTAAGTGCTTCTCGTCTAGTACTTCTGGCCTTGAGCGTTCAGTAAATTGGATATCCACGATGCCCATATACTGCTTCCAATGGCGGCCCACCGAGTTAAGTGACCCGCTCCGGGATGAATTGGCTAGAGTCTTCACTATAGAGTCTTTGATAAAAGGCACGGTTGTTGCTTCTATACGTTAATAGGTACTAACCATACCGACGACCCACGGCGTCAACGGTCAAGCAGCCAACATACATTCTTACCGAAACCTCCAACAGATGCGTAGATCCCTACTTCGCAGGGGGAGAACTTCGGCAGCCACAACGAAACTTTCATGCCATGATACGGATGCTGATGATCCCGAATATGTTACCTCGCACTAAGGATGTACGGTTGCATTGTGAGTCACCAGGCGTGCCGGGCTACTCCGGCTAGTGCTCCCCTGTACCTGACGGGGTTAGCGTTCCCAGGTTTAACGTCTTAACGCCCAATAGGGTCGCTAGTCCTTAGGCCCAGTTACGTAAAGGGCTTGGTCGCACCGTGCAACATTGTTACCCACTCCTCTGCCGAGCTATCCCAGAACCATAGACGATCTGCGATGGGCCGATACACCGGCCATTACCAGCACTAGGGCCTCGCCGAAGTTGTGTGAGCGTTGTGTTCCCTTACGGATCTTCCCGAAATACATGTTTCGTCATGCGTGTCGAAAGCGCTCGGGCTACGACTGAAACTAGATGACGATCCCAGCCCAGTTCATCGGGCAGCCTACGACCCGCGGGTGCATTTAGGCGGTGACCACCAGTCGTACGCCCATAGATCTGCTATCGTGGTCGTCGTGGGGTTTTGGAAGACCATACTATCACAGGCATCTGATGTTTCTTCTTGTGCAGGTTCCCCACTCGACATGTGGTTCTAAAGAGTCAGTCAAGCATATTGCCACGAAAAA,1710,52.51,Homo sapiens
SEQ_110768,ACGCGGATTATTGCGCAGTGAAAGCCGACCATAATTAACGGCGTGACTCTATTCGCACCCAGCCACGTTCCAAAAATCGGCATGACTACGCACTTCATCGATAGACGCTAGGGAGTATTCATGAAGGCCAAGCCACTCTGTTGATTCGTGAGTAATTTGACTGTGCCAGTTAGAGTTCTAAGATCGTCCTGAATGGTGGTAAATACGCAAATATAAAATCGTCAAATTGGTAAGAAAGTCCTCATAGAAACGGCAGCTGGCTCTTTGAGCTCTCGCGCGATACGATGAAAGTGATTTCGCTATAATTGCCTTCATGAAAGTAATGTATATAGATCTGTTGGCCTTAAGTCAACTCCACCAATAGCACAGTGGTGCTATCCAAACACGGTGAGGACACGACGTCATCCGGTGTTGCATTGA,420,45.24,Caenorhabditis elegans
SEQ_851591,ATCCTACAGTGTCGGCGCGCGTGGCACGCGTCTGATGCTAGGGCGAAATGCGCCTGGGAAAGGCTTATGACAGCCTACTTTAATGCTAGCGGTATGCAAATTCCTACTCTCCCCACCAACAGGATAGTGGACACTG,136,54.41,Arabidopsis thaliana
SEQ_784684,CTGTTAAGCTCCTAGCTCAGCAGGGGTCGTCGGGGAGTCCGCACTTGTGGTATCACTAACAAATTCGCATGTGGCACATATAGACAATTCACTCGTTCGGCCCTATAAGGTTTGACCGAATTCCGTTCGCCTGTACGTAACCCGAGGCTGCTAGTGCGCTGCTAATCATCGTTACTAAATTAAATCCTCCGCCTAGTCGAACTTGGTGTCCGCCCGGTGGTTGCCATGACTATGTTCTGGCTTTATCTGTGGTAGAGGTCGTTGTTGAATGTGCGTTTGACCAAAATGACATACGCTCTAACGCGCGCGCTTCGAGGGGTGACATGTTTGCGTTACCATCAAGAACCAGGGAGGGGATACCCCCGACTCTTCATATAAAGTGATGGTGTTGTCCTGAGGTGATTCGTACAATCCTAATCATACGGCATCTTGCCTAGGGAAAATCGATTCTCTACCGCTAGAGAAGATAGCTAGACGTCCCGCCCAACGTTGTAACCCAGCATCCACCAGGAACACCGGCAAAACTAGCCACTAGGGGCGCTCCGCGAGTAACGTCAGTGTTTAGCGGAAACATCGGTATTCATTATGATCACAGCAAGATTGTCCTTCTACCAACAACGCTGATCCGGGGACTCCATTAGTATCGCATCCCGCAGGACAAGGGGCACCCTTCACTGGGCATCATATATGCCATAGCGATCTCTAGTCTAGACGGAAGAGATCATAGAATGACGTCACCCCGCTCTATACCGTTTTAAAGGTGAACTTCTGCTTATTAGCCTAT,784,49.74,Homo sapiens
SEQ_342499,CCTGTAAATTAACAGTGCAGTGGATCCCGATAAGGAAACATAGCGATCACTTGTTTCCACAGAAAATTCGCTCAATTAGCTAACCTGGAGTTGAAGTAATTCACTCACGGCTTTGATATCTCGTGGACGGGAATCGCCCAGTGATGTAGACTATTTCTACCACGTTGTCAAAAGAGTGGAACGCTTATCAGGTGATTCATTCCCGAGTACCTTGTATCCGTCATCCATAACGAATTCGGATGGTAGATTGCACGTTGCAGTAGATAGAATCAACGCTTAGAGTATTTGTACAGTTGTCGTGTTACCGGGTGTCGTCCCGTATTGTCAGTAGTTATTGAAGACCCTCCGAGGGGATTGATCGCTGCGCTTTCTTTTATCTCCTAAGATCTAATTTGACGCCCAGTGTAAAGGCAAGATGCGCCGTGCGAGAACCGGGCTTCAGGGGAGTAAACGGGGATTGAAGATGTCGCAAACCGAGCAATATAATTATACTTTTCATCGGAAAGGCACTGCAACGTCCAACATCCCCGTTCAGCTTGATTTTGAGCAGCCCGCCTTGCCTAAATAAGCAGTTGCTCAGTCTATCACTTGGTGTGTTCATATTGCGTAAGTCAGGAATGCGACCTCTTTGGCGGCTGGAGCTCATGTGAAGATAAGCTAGTGCCCGCCTCGTGGCGTAGCTGACGATTTGCAAGTTTTAGCCCGGACCCAATACGAGTTTCGATATGTCAGTGGCCGAACTACTCTTCAGATATCGAGTCGGTGGCCCATAAACACTACGTCAAACAACCTCGAAAAAGTGCGTCGCTCGATCAGAACACTACCGGGGGACGCTGCTAGAAGGACAATTCATCTAACCCTACGGTGCCGGTAATGCGGATTTGACGACTTATGCCCCAGAAAGAAGTTATAGTTGCAGGCCAGCTCTCGTTAGGTACCGAACGTACACCTATTACCAGACCAATGCTGCGATAAGCTAGTGTTGTAACCACCTTGTCTACCGAAATTTACCTCGGACATGGCTGGAATACCTGGGAAATCTTGTACGGATAAACTTGGCTAGTCACCGCGTCTAGGTGAGCCATGATAAGAGCACGTCGTGCGCCGCGATATGGTCTATGGCTATCGACCGATAATGACCCATCAATTTAACTCTCTAGACACGTTTGTCTACCGCGATGAAGCGCATCTGGACCGCACAGGTGAACGCACCCGCTTAGCAATACCGTAATGAAAATACCCTGGATATACCGCATTGGATCGACCCTTATATGCCCCTCGACTAGGGAATTCCCCGGGAAATTCGCAACATGGTTTAGCTCGGTCGGGCGTTTCCGAAGGTGGCACTGGTGAAGCTCAGGGAGTACGAGTGAAACTAAATCTCATCGCGAATCTCTGTAAGACTTCGGTTATTAACCGGTGATCGACGCTTCTGGAAGAAGCTATGCGGAACGGTGCTCGATCAAGCTCGTGCGAGTTGCCCACCATGAGACAGCTCGGTTAAGCGGGTGATATACGCCCCTTATGCTGCAGAGATTTATATGTAAAGGAGTCGTTAAGCGCCTGTTCCGGGACTAACAACCGGATCTCGGCGTGTAAGATTGCGGCTGCCTATAACGGGTTGTTCAGTAGAGAGAAACACCGAGGATCATGATTGCAGCCGGGGGGCGGCCCCGAAGGCCACGACTAAACACTCTTGTCGCCGGGAATGCCACTGCCGCTCCTGCCCTCTAACTACACAAGGGTTCCCTTAGTGACTAGAAAGTGCCACTCATCTGAGGTAGGACTGACCGGCGCCTATGGCAAGCTGGCCCCTTACTGGACGTAGTTTCTTGGAGTTTACCTGGGCCCCCTGGAATGCAAGCAAATATCGACCTTACCGTTGGTTCCCCTGATACTCAT,1902,49.84,Escherichia coli
SEQ_359896,GCTAGTAGTAGATTTAAGAAGACGGGTTGCGCACTATAGAATCTGCCTCGGTCATTGAACTCTCCGATGGAATAGCAGTTTTTCCGCCTTCACGCCCTCTGTGACTGAGCTACGCTTGAACCCGAAGATTCAGTGAATAAAAAATGCGGAGGCAGCTCGAGAGTTTATCATTGACTACGAGCACGGCCTAACCATGGAACTGATCCAAGCTCCAATAGTCTAACGATCGAGAGGGTGCATGCTAGAGCGAGGAAATGCTAAATGTCTTAGCAGGCAAGAGTAAAGTACAATGCTATCCGAAGTTATTCTGAACTTGATCTTCTCCGAACAACGTATATTTGATTGGTGGTTACGGACTGTATAACTCCTCGGACACTCTCAGCATTAAAAGCCATCTTTGGGGTCCTCCATCTAACGACCTGCAACAACTAATTAAAGAGATGTTAGGAATAAAGTGCACCGTAAAGCCACATTCTAGAACCGCCCACGACCTTTCGAGGTCCAGTATTCATTTACATTGGCCTCCCGAGTTGCTGCTTACAAACAACGGAGGTCGCCTCCTGGCGTATCTCTGGGCAGGCACTCAGAAGTCCCAAGTCAAGTTAATGCATATCGTAATCAGATCGGCGGGCTCTAGCCCGTTGCCTAGGATGTTCTTGAGCTAAGGTCCGTTTATTTCATACGTTACGACGTATTTTCCGACGTGTAAGGGGTCGTTCTAAGGAAGACACTTGGACGGTTTGAAAGAGTATTGCAAGTTCGCATTGCCTAATAGCTGAACCCAAAACGGAACATTCCTCCTTCGTGCGTTCGCCTCCTGGTTTTATTACTTACCGCCGATCTGTAGAATACCTTCTGCGCGGCACCTTAATATAAACTATACTCAGCTAACTATTCTACTTCTGGTTACGAATCTCGTATCGTATATCTAATTCGCAGGCGCTTAAACACTGCTATAGAGAATCGGACCCAAAATGCTATAATTCCTCCCGCCACCTAGTCATCTAATTATTGTCTAGGAGAGAGCTAGTTCCAGAACAGACAGGAGAATTTGACAGATAGTCGACTATTACATCAGCCATAGTTCCGTCCCCGAATAGAGGCGCTGGTAATCACCTACTCAACGCTGCTGGTATAGCCACTCCTTACTTGTCTCAGGACTGTGAAGCTGCTCATTTGATGAGATCAGAGAATGGCCGCTTAAAGATGAATCACGTTCGGTCTCGCGGAGTCAATGTCCATTCCATGCGTGATCGACGTGCACATGAGGCTCCATTATCAACCAGCTTCAGTAATACGTGCCCTGGGTATAGGACTGCTTAGCATCGCTGTTTCTCTGAGTGTCTTAATCCAGTTGGCACATTCTGAGTTTGACATGGGAGAATCCGTCCCCCGTCTGTACCCACCGGCCTTCAGAAGCGGATGGTTAACGCGATTTGTTCAGTGTCTGTTTGCTCGGGGATGATACACGAGAGAATTAATCAACGTACAGCAAATAGCTGTCCCTTTTTTTATACCGCTCCCGGTAGACCGAAGTAGTCCCCCTAGATATGATACTTTTAGTGTCGTACCCGACTAGTTGTACGCATGTACGGTGGTCTGAATCATCGTGCTATTAAATTCGCCGCAACAGACGAACCGGCGGAGACA,1650,46.79,Saccharomyces cerevisiae
SEQ_404296,TCCTGGCCGACCTATGATAAAAGCAGCTTCGCAACAGCCAGAGTAAACACTATGAGATGGTTAAGAAGCACGCGGGGCGAACGCACCAGACTTTGTGACACCTCGCGTTGATTATGTGAGCCACAGATCGCTGGATCCTTCTAATAGGTGGGAACACCCGCACCGGGAGGTATCACAGGATTATGCTCACTCACTAAAGCCCGCTGTTAGATAAGATAGTGACCAAAAGAAAGTCATGAGTGTTCGCAGCACTGACAACCAAGTAATTACGGACTGCCTGGGGTTGGCCTATAGACGGCTGCTAGACACTTTCTCAAGTAGACGTACTGATCCTACATCCTTACCTAGGGTGGAGTTACAAAGGCGAATAGGGCGGGGCCCGTTTGTATACCGCGTAAGCTCTAATAAGCGCTCGCCGCGCTTCAATAGGGTTTTATGATTCGGTAACCGTTCCTAGTGATAAATCAAGGAACAAGCCTGGGCCTGTGGGGGTTGCGAGCGGGAGGATATACTCCCCTTTGCACTCCTTAACCTTCACTGATTAAATGGGATCGAATGGCTAGTCGTCAGCTGTGCATGTATAAGTTACGCGCCGAATCTACTCTCACCCCGCGAGACAAAGGGAGTACAGCTAGCTCCACGCATGAGCAGGAACCTCCCCGCTCGTGGCTATAGGAGAGAAATGTGTCGTGGCTGAGCCCGCAAAAGAGCTCTAATCTCAAGGTGTCCTCTATCCATCGCCAACGATAGAGTGGGCTTCGCTCAAAATACACCGCGACTTCGTCAAGAAATTAGCGCTTGCGTGCAAGCGTGATTGAGGGGACACCCGTAAACTCGTAAAGGAAGTATCCACCAAATCCTGAGGAATGATGAATACCTTTTAGTCCGGTACTCTTTCAGCGTATCTATATATTGCCTGT,920,50.11,Escherichia coli
SEQ_338334,ATGCGGAGACAGACGTTGCCTCAAAGTGCTCCAACAACCAAGGAACAAATGAAGCGTTCAAACCGTGCTGACTTCTTTACCTGGAGGAGGTATACTACCGTATCGTCGACACGTGTAGCCCAGGAATTTCAGATTTGCGAAAAAAACAAAATGCCATCACTAGTAGCCCCATGCGGACAATCTCCACTAGTCTCGGATTGGTCCGCCTGACAGGTTGCAGAAATTTGGCACGCTCGATTTTACTCTGCGGGTCCGCTCTTTATGGACGTTGGGACAGCACGGATCGCCGCCATAGAGTCTCGCTCAATAGCGCATAGGCATGATCACTACAATCGTGAAAAAGATTTCTCCTGTAGGTTACCCCCAGTGCGCCCTACGCTGCTCCTGTTTGAATGGAGGCGCCTTCCCACCGTGTTACCTGGACGCTATTGGACTACATGTTCACAAGACCACACGTTTACGCTCATCACCTCATGCAGAGGAACTTAGTACTCACGGGGTATGCCCTCAATACCACTTCATCTGATGTGGATGAGACGGTGGGTACGTCTGGAATCTTCGGTTCGACCGTAGACAGTCCCAGAAGCAAGCTAT,594,50.67,Drosophila melanogaster
SEQ_259079,GCGCCACGTCGATGGCGGCTTTATGCTCACGACAGGGCTGACTCCCTGTAGGCTAGAATGTGTGATACCGTTCTCGACTTCCAAGTCCAGCTCCCCGCCACGCGCAACTTAACCGCATACTTTGATCGCGAGCGCGAATAGTGCACCGTTCCCGCTGAGCGACAAACAACCCCCTTAGTCAGAGTTTACGATCGCCTTCCACGCGCGAGATATTGTGGAAGAGATTCGACGCAACGAGACGAGTTCTTCTACGACCTGTCGTTACAGTATGTCGCCGCATTCTATCTAGCGTGAAACGCTCCCTCCGCTCCCGAGCCCAAGTATCTCCCCTCGTCTTGATGTTAGCGATCAGCAATCGATTTTGGGCACCATTTTTTGCCCATGCGTCAGCCCAAGAACACAAAAGGCCCTAGCCGAACTGCTTCGGTAGTGGCGCGTGTGAAGTGAATCCGAGGACCCTCCCAAACTTTCTTCTAGTTACATCGGGTAAAAGAGTGTATCCGCGCCGTGGCTAGTGTCTGCAAAAGCAAGGAAAGAATAACACACCCCGCTACGCTGCTACCTCGCTGCGGTGTCTTCGCACTCGCCCATTTTCTTCCGTTCCAGGAGCTACTCGATTCGTGCTGCGGGGGCGGTGGCAACAACCACTGTCCCGGTTTGTCGCGAACTTTACCAGTGGCACAGGGTGCATGTAATCACCCATGCGTTTCTCACGCGGAAATCGATCCGTAAGGGTGTCGGTCAGGATGTAGGCCCAAACGGATTAGGGAAGGACGACACTATCTGACGTTCCCCTAACGCGTCGTCCATCGCATGACGTCCTCTAGAAATCAGGTTTCCGGCTGACATTGCTAACATGGCGCCCTTTTCGCCAGGATGCGTGAATATCATTCTGTGCACGAAAGGAATGGCGACTGGTATGATGCCAAATAGGGGACGCAAAGTCAGATATAAGTAGCTTGGGACAGGGAAGTCCGGACGAGCGTGAGGGCAGAGCGTGTCCCCTAATGGTGAGAGAAGGCAGTATCTCGTTACCTTCCCTGGATTGCTGCATGCTTCGTTCTGCAGCCCAGGCCGTCACCCCCGCGAACTGAATCTTTGTTGCCCTCATAGCACGTAGGGCTTCTTATCTTACACGAGAGATGTGGTGAAAGATGCGCTTCCCCTTACGAGAGGAAGTTTGTTAACGCAATGGGTACTTTCTGCCTAGTTAAATCCTCTAGTTTTTGCTCACTTTCCGTCGCTGGGTGAGCTCACTTTGACGGCGGCAAATACTCAACTTTAGGACACTTGTGTGAAAACCCGGTGATAGGTATCGCCTCCCGTTACGCCAAGTGAGATAAGCACAATGTTGCCGGGAATACTGGCCCACTGTCCGGTAGTATCTTCTATTTAACTCGATCTTTTAACGAGCGCATTTTGCCCCGATGACCAAAGAATTTCCCTCTGCACCTGAGCCGGCGCTGCATCCTGGTAACCTCACTCGGTGCTCATCACAACAAGACATGGATATTACCTAATGTCGGCCTGGACAATCCTGTGCAGGTACATATCAGGCGTCCCCGGGGTATGACATTCTGTAGATTTGGTAGTAGAACCGAGCTCCCCAAGTTGATCTGAGGGGATTAAGGTTCATCGCCAAGCGATTACCATGTGCTATCGTATTGTTGGTTTTGCAAGCACTACATCCGGCACTTGGTCTATTCGTTCATTTGGGTCTCAGGGCGGTACAATA,1735,52.33,Homo sapiens
SEQ_535596,TCTGTCGCCGTAGAGCAGAGCAGTTCTATTACCAATCAGGCTATCCCTCCGTTGTCCGACGGCTTACAGCCTCGCTACGGATAAGGGTGATTGAACAACCCTTTGGGAACCTCACTTCGTGAAGGGCGCCACATGTTTAGCTTGGGTGGCTTACAGCAATGGCCTAGAGCCATCTCACGACTCTGTCGTCTTGTGGGAGGAGTCGATTTATAAATTTGGTGTTT,224,50.89,Caenorhabditis elegans
SEQ_136139,CCGCTTCGTTTGTGTTACTCCCATGTCGTGCTAGGTCGCGTTCTTCACTGGGGCTCTCATGAAACTACCGCTGCATGTCCTGATTACCGTGAGAATGGATAGCGTAGGGGCCCAGAATTAACTCCAAGAGGAAATTAGAGTCAACTTAGTGTCTTAGTGCGAGCGCTAGAAGAGAAAAAACGGGGAAGTTAGAACTGCTGAAGCATGGACGGATGGAGCACAGGCTCAGTTTCCACGAGTCGCGTTAGAGTAGGATACAGCCCCATTGCGGGCGTAGTGATACTGTCTGTTGATATTTTACGGATTGAGCGCGGACCTTTGTCTTTCCTCGAAGCGACCGGTTGCACGCGGCTTACATCTTTCTGGTTCGAGTACCTATTGGGTGATGCTACCCTTGTGTGATGTAGGCCTCGGATTCACGGGGAGAGTACATACACAGACGCTCCATTTTTCTGGACGTGCGTACGCAATTCACTAATAGGCGACAACAACCCGAAGAACTCATCACAGGACTGTTTAGTAAGCCGTAAAAGTTATTGAATTAACAATCTACGGCACCGCTTAACCCTGCGTCCGGGTGTTTTACAACCTCTAAAGGGCTATCGTTAAGATCGGCCTGGTCCACAGGAATTTCGGGCTTCCAATATAACGAGGAGTCGGTGCTGGACTCTCTGGAGGCGAAGCGAAGTACGTGACAGGGCCGTCTGGACACATCGTATTGTACACGGGCTAATGGCTCGGCCACAGATAGACGGTGTTCCCTTGCCACGGAACAAAGGGACATCACACTGGCTCGCGCTCCCCTG,806,51.24,Saccharomyces cerevisiae
SEQ_757008,ATCTCTTCAGGGTGTCGGCCGCGCCGTCCGGTCAGTCTCCCAGAACCGCTCTCTAGTTCGCAGCTGAAGGCCCATGTTCAGCTCGACGGACCGGTAATCCCGGACGTTGTCGCCAACTGGTCGGGCCAGCTACTTATCTCCCTCAATCGCGCCGCGTTGCAGCTTCACTGCGCCGATGATTATTCTGGATGTTACAAATGCGGCCAGTCTTTCAAGCCGTCGTGCTAGTCTTCCTATTATGCCTGAGGAGACGGGCCGCGACTCCTTC,268,58.58,Homo sapiens
SEQ_515948,AAATCCTTCACTTCCAGTATTCGGTTGCTGGCTGCGATTACTTAGAGGTAGGTCCTGAACGAGCTACAAGGGACGCTAATAGCCCCCGAACCTGATCGGACCCCACGGGGTCAAAACGCAGAGGCCATCATACTCTACGGGCAAATGCGCCCATACTAGAGCGTGCACTAATACATGAGAGTGGCCGTATGCCTCAGCGTGTATCTAACGTCAATCACGTCATGCGGATTAGATTTCACCTGGCTCCAGTGGCCATACCGTACAGAGTCCTTTTTATTAGGGTAAATACAGTGCAACGGCCTTAGTTGCTGTCCTTGGTTGTAGGATCGACCCGTTATTTACCACGAAAGGCCTAACGGCCCCAGATACACGAGTGAACTCACCCTACGGGGATATTTTTTCGATTGAGAAAGTTCCTGTCGGCGGCCAATTATTTATGCTCGTTTGACTATCTGAGTATTAGATCATACGACCAAGTGGCTAGTCCCGAGAGTTTAATCGATGTTTGTGGCCGTGGTTCCATGAGGGCAGAATACAGTCTTGTACATCAGAGAACTGAGATTGCTCACTTTTAGCGGTTAACTTGGAAACAAGACGACGAACATACCTGCCAGATGGTTTCTCCACCAGCGTTCGATGGACTATACTATATAATCAGGGGTAAAGGCAAGTGACATGGAATCGCAGGGAGCACGCGGTATCTGCATGCTGGGCGGGCGGCTACCAGTCACTAGGAACGCCAAGTAATTGTCTAAGAACTGGACAATCGACATGTAGTTACTAAGGCTTCGGTATGAGAAGCAAACCTCTCCAGAAGTGAACAAGTTACAACAAAGACCGCACACACCCTTTAGTTGTCTAAGTGGACGGGTCATGTGTGTACATACTTTCGTATATTGGCGTGCAGGTT,910,48.24,Drosophila melanogaster
SEQ_971007,CGTAGGTGCAGGACATCGCACAAAGCCATACAGTTAGACCAAGAAGTTAACGTTTGTCCGTCAGTGTCATTCAATCTGCGTATATTAGTGTACTCGGCGTCTTTGACTGTGGTAATACCTAGGTGCTAGACCGAACGTACGCGCGGAGTGCCGCGTTCTCACCTATGTTCCCAGTGTTAGATTAAGCACACTCCGGTCTATCGTAACCGGGGGCTGACCACGAATATCCCGTAACAGAAAGTAACATGGAAACTGGGGGGCACGAGTAAGGTCGACAATGGGTTGTCTCCATTAGTAGTCCCACTCTGGCGCAAGGACCTGCAAGCACTCTTCTCTGCTCCCATTCTGGACCTCATAATGAT,362,50.28,Drosophila melanogaster
SEQ_644998,TCTGATAATGATGGTTGGAGCGGTAGGCTCGTAGTAGTGATATAACTCCCAGTAGGTGCTAACCCATCTACTCGCAGGCACGGCCAGATCCTCCGGTGGGTAAAATGCGAGGTCTGGACCTGACTGTCCAGCCCGGTCCGGTCAGGGGCCCAGTGATTATCTATTTTTGGAGCGGAGAGATGGCGTAATACCTCGTCAAGCACGTCTATGAACGACCGCCTGACGAGATCGAATGTCTTTGCCTGCACAGTTCGTACTCACCCGTGCGCACTGGCCCGTCCCGTGGTCATACAAACTTCGTTTTTGAGTCGTGCCTATGATCTTTGGCTACGTTTCCGGAACGTGGTTACGATATAAGAGATATCCCAGTCCGTGCCTGACATGTCAGCGTATCGGAACTCGTTACTCCTGGCATGCATGTACACCGAACGACTGCTATTCTCCTCGCATTGTGATTTTCCTGTTCTTTTCCCAGCTTGATTCTCGCGCACGCCAGGTGGACTTAAATTCCTGGCTTCAAACAATAGGACATTCATGAATCATCAAATATGCAAGAGGAGCAAGGTAAGGAACCGGATTAAGCGGAAGAGCG,592,51.01,Caenorhabditis elegans
SEQ_204822,CTGTCAGGTGACGCCCGTGTTTTACGAAGAATCCCACTCAAGAGAGGATTCCGTTGTGCGGTAGTCAGAATGGGGCGGAAGACGTTACAGCGTGAGAGTGTACTCGGCATATATGCATGTGGGCCATCTCGGTGTTTGAGCCACCGTCCGCAACGCTAATCAGGTACTCTGAATAGCGCGACGTTAGGTGGCTAAAGGCATGATGTCATTTCCCAGGTCCGTTACGGTACGCTAATCACCAAGTGAACGATGTCCAGAAACAGCGCTAACGACGTCATCGTCACTCCCATCGTTGCGCAGCGAGGTGGGACGCGAGATTTAGTGGAAACGACAATACGGCCTGCACCCGCGTACCCTTAACTAGTAAACTGCTTTACGCCCACTCATACTGTCAATAGGATTGCATGATGGGATGATTTACTTATATTCTCACAGCTGGATATCGCTCTCACTCGATATACCTATCTGTGGGGGCTTGTTGCTCCGGCAACTACGCGACTTGCCAGTATCTCGTCGCGACCTCTGGATGGGCAAACTTTGACTAATTGCAACCGCTCTCCATTCGTTATCTGTCATGGGACACGCGGCTTCTAACCGACGTACAGGAGGACTGAGGTGCCAGAATGGACGTAAAACTTGCCAAGGCAGTTACATCTTGCACAACCGGTCTCTAAGGCAATCTTTGGTTTTATCATGTATTGGTCTGACCCCTAAGTTCCTGCGCCTCCACGCTAGCGAAAGAAGCTGACGAACAGAAATCGTATTGAGGTACTGCTGGATTTTGATTAAGGTGGGCCCTGGTACTTCATCTAAACCACTACCTTTCGTGTTATATAGAAGCGTGCCAGCAGCGGGAAGTACTATAAAGGAAGCGGAGACATGCCAGGGTCTTGCGAGCCCCAGGTCTTCCGATCTGGCCGAACGCGGATGCTTGTAGACTGAATTGTCATCTTTATATCAAGATGGGCGCCTAGTGAGAGTTTGAAGTGCCCTAGTTAGGTAACCCGGGGAGCATGATCCCGGACCGAATATTCCTATGGTTCTGGCAATATTCCCCACTTCCCCAGAAGGTTTTTGGAGAGGCTTAACTAGACACGCCCCCGGCCTGGACGACTGGCCATTCCGTGGTATGTCCGAGGGAAACCAGTTTGGTCCCCCGGCTTTTTGACAACGTTAGTGCAAATGCATTCGGCCGGCCAAAGTTGTGAAAGTATCATATTCTTTACACTCCGTTGCCTTGTTCAACGCTCCCACCAACAGTAATCGAGGTGGCAAACGGATGATAGCCAGGTTGCGAACCAATTTCTGAACTGGAGCGGTATTCCAAAATGCTGCTAATTTTAGAAAATAACGTGCAAGAAGGGCGAGCGGCGATTAAACTGAGTTCACCACCTGCCCATTACTGGACAGGTTATGTGAGCACGCTGAAAACTCGAACCCGTCACATGGGTCCTTTAGGAGCCACGGGCTCAGGAGACGTTCGGGCTGTCCCGCTAGTGGGTAGTTCGTATAACTAGGTAAGCAAGATCCTAGCACGTTCAAAGCAATCAAGCAGAAGCGTGATAGACTATCATAATATAACCATTGTATTCAACGGTTTTCGTACCACACTTGCTGGTTAAGGAACTATTCGAACGGCAACTGCA,1646,50.0,Arabidopsis thaliana
SEQ_840681,TCGAACCATCCCTGGAAATAGGTTTCCGTAAAGAGATGATAGATACCGCAAAATTCTAAGCCTCTAGGAATACCTGTAATTTCCTCCATGTGTCTATAAACTACGTGTCGTCCGCCATCGACATTCTTTAAGGACAGCTGAACGCGACGAATAGGTTTGTGTATGTAATCAGATTGCTCAACTCCGACCATTGCCACAAAGCCCTTCCTGCGCATATACAACGCCGGTTGAAACGTTCACGTGGATGGCGTAAGTATGATCATACTTCACGCAACACTGCCGTATGGCGAACTCGTACCAAGAAGGTTTCACTACATTTCGAGTCTCGCCGTGTACTCCGAATTAGCATACCGACCAAATCATGACTCGGCCAGATTATAGTCCATATAGCCTGCGCATCATCTTTGTGGAATAGCATAGATATTAACAAACGTATCTTTCGTTATCGCGGAGGTGAAATGTAAGTATGGCCTAGCATTGAGCCGTCAGAATGGCACCGGTCTCGGGTCCAGAGAACAACAAGATACATCGAAGCAGTAAAGCCCACCACCCGCTCTTTGTCTCTCCAAGCATTAAATCCCCCGTACAGTCAGTCCCAGCAGGAAATTTCCGATACGCTCATGATTGTCGGTGCTGGGTCGTTAAGAGGTAAACGGAAGGATGAAACGCTCGGGTATGTGACAACGCTTAATGTACATGGCGCCTAGTGCCGCGAAAGAGCTATAGTAGCCGGGCTGTTATGAAACTCATGTGCTTTTTATCTCTATGTTCCCGCGTCCTGTTAGATACCAGTTTTCGCGTGCGCTAATAAAGTTTAGACAACATGGGTGGGGAAGCTAAACCTCGCACTAGTTCCCGCTTCTTGGATAGACAAGGATGAATTTTGTGGGACACTGCCTTATAGTGGCTCACTCGCATACATTGGCCCCCATAGACAAATCCTACCGACTCGTAAAGAGGACGCCCCACTCGGCACGGTCCTCTGCCTTTCTGCAATGGGCGTAAGACAGGGTGTCTGCTTTTAAGACCCAGGAAAACCTGAGCACGTGAGAACCTACTATAGGAGGTACTACTCCAGTTAACGTCGGCTCTCAGTTTAGGCTGGAGTCAAACCAGGTAGGTATTGGAAGGCGATGCCACTCGCATATCCGATCTAA,1157,47.97,Arabidopsis thaliana
SEQ_792786,AGGCTACCAAGTTGCCACTACTGAAAGTGATACACAGGAGAATCGAGCTAGCCCCTGGCAGAACTTAAATAACCTCACCTGGTAGGCCTTTCTACTGCTGACGATATCTATGGGTCCTTACGTTCGGACAACATTTAGTGCCCCTATCTTTTAAAATCCCGCCACCTAGGACAAACAGAGAGGCCGCCTACTCGTGAGAGTTGACTTGGTCGTTGAGGTAACTGTTGGTGCCTCCACCACGGGGAATTAGTCTGTAGTTCAATAAGAACCACTTTAGAGATACCTGGTAGGTGGCGTCGATCTGTGGCTGTTAATCGAAGGTGGAGGTGGTCGTGGACTTACTGTATACTAAGGAAGGGTCGACCAGGATAGCATGGCCCAAGGTGCTATATTGCCAAGGCGGAAAACTTGGCATGTCTCGTAGGGTTCAGACTGAGAACGACATCCAGTCCGTCGGCCCCAACCCAACAGCTCCCCTATGCAATTATATAATGGTTCGATAACCCCGTATTGGAGTCGTTGTACTAACCTTGTAGTCCGGTGTATGTGACCCGGGAGCCCCGCAGATCGACGAAGCCCCAACACGTGAGACGTGCGCTCACTGGGTTGTGATTCCATACCAATGGCCCATTTCTCTCTGATGGAGCATACCAGCAAT,658,50.61,Saccharomyces cerevisiae
SEQ_563435,GGACCTGGTCCGCTACCTAGTAGGAATATTGAAAAGGAGCTATTCGATTAGGAGCTGTGACACCAGAATATACGCAATGTTCGCTCACGCGGATTATTGATGCGTTTGGACTACTTACACAGGTTTCTTTGCCGCCTTACGGTATCAGCAAAACTTCTGACGTCGGATACATAATAGACAATGTCGCCCCGCACAAGATTCCTTAGTTGGGGAACATAACGCGTGACGAATTCAGACCATATCTATGACACGGTCAAATGAGTAGCAGACGCCGCTAAGTCAATATTCACCGCCTGTTACTGTGTCTGGGATAGCGCGCTTTGTTACACGTATTTCCGGCTAAGGCTCCTTAGCCATATCGCTGGGACGTACGCCGACCCCAGTAATTCTTGGGCGCGTCGTAACCGGAACTTGCTTCTCTGAGCTAGATGGGGCTTCTTGCTTTGTTGGATCAAATTCGAGCAATCCGCTGACCGAACAGTGACAAAGCCCGGTCTGAGGATAGAGTGAAACCCAACGGCTCGTCCCATGAAACCCGATTTCAGGGTCGAGATTCGATTCTACCACTATGCATAAAATAGAAAGATTTACGAGTGCAAATCCTCCGGGAGTGTTGTATCGACTTTCTACTCGAGCTATCCCTTGTAGACCCAAATGAAAGGGTGTCCTTTACACTTAAATCCCAATGGGGGAACTTGGTCTTTAGGCTCGCCTGAAACACCTGCGTCCCCGATCCTGGAATAGTCCCAACTCAAACTCTAAGTGCGCTAGCGCCTCGGCCGCAGGTCCTCCTTGGCGTGCGATCGGTGGCCAT,814,49.75,Arabidopsis thaliana
SEQ_238357,TATAGAAACACAGTCGCACCTACGTAGTCGGATAAGTTGTGGACGACGCAACTCCAATTGAGTTTCGCGGGACAACTGGGGCTGCACATGGGTGGTCTCGCATTGCGGCCGCCTCCGATAATAAGCCACTGTCCCGTAATTTGCCACGTCTGGCCACACCCGTCTGAATTGGAACTTCCTTACTTTACCCAGACTAGTTTAGAAGGAGACTTTCGCGCCTGCCTTTGCGGTGAAGAGTCGGATCGCCAGAGAAACCAGGTGCAATTAGCCACCGGATCGACGCGGCGGGATGTATCTTTCTCAGTTTAGTAGCTTTCCGGAACTATGGGCCCCTGAAGTCAAATGTGAACCGGGGATTGTGAGTTGGAGCAATCGCCGGCGTGATCTTCCGGACCATCCCTCCGAGGCTCCGATCCCAATTGCCGAACGGGATACAAAGAGGGTAAGATTACGGCGGTTAGCTGAGGCGTCCTCTGGCTAATTAACACTGGTGATTAGACAATTGGGAGCGTAGGAGCCTGGCGAGAGAGCCCTCCGGAAGTAGATCTGTGCTCTTCTGGTCAGAGTACCGATCATGCCGGGAAATGGCTAGATTCGGTCTGAGAGGGGTCGTGAACATGTGTCGGACTGATAGATGAACGCAGTAGAGTTTAGTGCAAGGCCCACCTGCGGCCAGCTATGTCAGACAGCTGTAGTATAATCTGTTGTACGGACCTAACCGCACATATAGGAGGGGGTGCTCAAGACAAAAGATTATCTCTCCAGAGGTCACTTCCTGACGTTTTCCGACTGTCAGTGACAAAACATAGGGCTCGTTGAAAAGCGTTTCAAAAACCGAATCACACGGCCGTGGAAGCCCGTGATCTCCAGGGGGAGGCACACGTTCGCCAGACCGTAATAGAGTAGGCTACAGAACGCTCTATTTCCGGATAACGAATAAGTTTTGCCTTAAGGCGCCTAAATGGTGACACTACCCGATCATCAACGTGGCAGGCAGGCGATAAACACAGCCGGGGTAGTCTCGATGGATATGCAGTTTAAAACCAAAGCACAGGCACCCAGCTAAGGCTCCGGAGCTCACGAACTGTACGGGTTGGGGGAAAGCGGAAGACGTCTAACGGGACGAGCTCCCGGCAATACATACCGTGCAGTAACGCGTATCTTGACCATCATCTGGCAGCGTACATGCTCTAAGCAGTGTGAATTGTTTACGGCGGCAGACCACCCGGACCGTAAGTGGAGTTACCGTAATCAACCGCACGGTCTGTCGTATTCCCATAAACTCATGTCCGATACGTCTGTATTGAAGTGAGGGCTGAAGTTTGTGAAACTACCCTCCTAAAATCT,1347,52.19,Homo sapiens
SEQ_517739,TACACACTTCAACGAAGGCTCTCGAGAATGATGGGCTAGATAAAATACGTTTCGCGCCGTTTGCTATGAGCAAACTTGAGATCTTTTGCACGTAGTATTTATATACCACTGCACTTATAAATGGTTTAAGTTGACCGCGTCCAAACTAGTAAGGTAGTGGTTGAAGAAGTTCAAAGATGGAGTTAAACAACAACACGGCATCCCGGCAGTCCGGGAGCTGCTGAAACTTTTGCGGCAAGCTCCTACCTTCTGTGTGCAATAAGCACTCCTGCCTCGCTTGTGAGATTCTTCAAACTTCTTTTGAAAGCACACACTATCAGGATACTCGGTAGTAACCCACGTCAGGAAAGCTGTGATGTGTCCGAAGGTGGAGGGGAACCAAATAAAAATTCAACTGGTACATCATCTACTGGCAGTCCCAGTACCCAGTCACCTTACACAAAGCGTCACCAAGACACAGCTTCAAATGACCCACATAGTGGAAGTAAGGATGGGTCAGTCCGGACTGAGGGTGCTCCCGGGTATTGAGGTCCTACAGACTGTTGCTTGAAGCCCTTGCCAGTCTCCATCGTTTGTGCGAAGGTCATCAAGATCATTCAGGGATTTCAAGACCTTGATGACCCGCCGGTTAATTGTTTTCGGGTACATTAATAGTACCCGATAAGATACGACTGGCGATGCTATGCGGAGTCAGCTCGCTCATAAGTACTGTCTTAGTCCACCTTGTACCTGCATTTTAACGTTCGGATCTCTCCATAAGCGAACTAGACATTTACAGGTAATAAATCCTTTAGGGGGCATGAAGCGCTATATACCGCGTTCGGCTACCGTTAAGATTTTTAACAAGGCAGTAACCGGCAGTTCACCGTGTCCTGCTCCTATTATGTGGCTTTTGTTTTGTTTGTCTTAGCAGAAGTTACTCATATAGTTGGAAAACACACGTTAGGTAAAGGATCGGCCAGGCTATTGGAAAAGCCCACATCGATATGTTAAAGCCCCTGACGTCCCCACTCCGGGTTGACGGGGGGACGCAACGTAAGTGTTGCGATCTCGACATTAAAGGGTAGCTT,1070,46.54,Escherichia coli
SEQ_670481,CCATCGTTGACGTCGATCAGTTAGTCACTTGGCACGCCCCCTAGGAACTAGTGGTCCGCAACATAAAGGACGTAGCAATCTGTTCATAGAAGTGCACATATAGTTTTTGAACTAAAACAGCCCGATGTAGCATGTGCTTCAGTTAGCACTCCAGTGTGAGCCCAGGGTCTGATACTACGGTGGAGACGCCTAACAATAAACCCGGGGTTGTAGTATAACGACTGGACCTAAGACTGGTACATGAGCATGCTATGTAGGGCGTCGTTGGTGGCCCTGCCCGGGTAAAGGGACTCATCATGGAGCAGTAGAACATCAGCTAAGATCGAGTAGCCAGTCGCAGATCTAAGTGAGACGCAAATAGGGGTATCAGTAGCTTAGTCTAACAGTATCTGTTTCCTTCA,401,48.63,Caenorhabditis elegans
SEQ_444643,GGTGAAGCGATTGTGCATTCCGATGGGCTCCAGGACATCGAGTTTCTTTACTCGTATAGGGCTGCTCGGGTCTGAGAAAACGTCTACTAGACACGATTATCCCCAAATGGCAGTAATACTTGGGGTCACCTACTATGTTGCTGTTTCAGTAAGCAGCTGAGTCCCACGGTCTAGGCGATATATCACGTGACGGCCCGGGTCCAGGCTGGTCCCATACACGACCAACGATCCTAGGTGATAATGGGGTTAAGAGCTCCTGGACTGAGGTCGTGGATTCTATATTCTATAAGGCTAAGGAGGTTTCTCTGCGTCGCTGTAAAGATTACCAACTGCTACGATCAGCCACCATCGGTGATATC,359,50.14,Caenorhabditis elegans
SEQ_976741,GAGCGTCTTCATGGCATACCTATACCTGGGGCGCTCCTGCATTCGGAGGTGATCAGAATATCTTGGCAGCGTAACAAGTAGTGGCCTCCCGGTTGACTAATATCATAATGCATTAAATGACAGGCCTTTTAGTAATTGTCCAGGAGACTGCTGCAAGGGTCTTCTTATCGAAACTATGGTCGCAACAGTTCAGAGATAATCCGTGCGTAGAAGGCCCACGCAGCTCGTGGAATTGGACGCTGTTCGGAGGAAATGCACAGCATCGTCTCCTACCCACCGCTCTGCCTAATGACCTGAAATGGTTCCTGAGCGTTTTTCCGGCACCACTCGAAGTTGTAGGATTAAGACGTACCTCTTCTCGCTTTTATTCTCACGCGAAGTCCTCCGTCCCGGGTGAGCAATTCATGTAGATCGATATCGACAGGCGGACGGTCCACTAGGGAGCCTCGACAGTGCTTTCCGTCATCCTGCGACTTGGGGCTCACTATGCAGTACTTAGCTGCACCTCATAGTAAAACGTTCCACCGACAGCGAAGAGTGTGCATCATTCGACCCCGGATTCGCGCAGCTACGAGGACAAGTTGATCAGGCAAACATTCGATGTAGCTCTCATCGTGGCTCCACTTAGATCAAAACCCGGGGGGCAGTAGCCACATGTTGCTCTCAGGCAGTACTAGTGGCGCCCCAAGAAGAGAAATCGGCACAAGTTCACATCTCGGTAGCCCCTCCAGGCTACCCCGTTAAAGGGGGGCTGTAGGATCGCAGTATCCTCTCCTCGCACGTAGGTGCGAGAGGATAAAACCATTAGCAGAGCCCCACTTGAACATCCTGCACCATGATGGCAGCCACCCACGCAATGTTTGGGCGGCGTTCGCATACCGTATCCACCTTTTTCGCCACTAACCGGTATAGATGTACGTTTACACTGTGATTGATTTTCATAGACAGAAATAATCGTCCTCACAGACGATTTTAAGTTTGCCCGGCATCAGATTATAGAAAGATTGTAGCCTGGACAACTTCACATTCGAAGCAGGTACGAAAGCATTAACGGTGGTTCCTAGCGATGACCCACAGACCGAGATCGGGGGTGCCCGAAGGGTATCTTTCGCTTGAGCACGTCCTTAGGAAAGTCGACAAGCAGAGGCCTACATCGGGGGACACGCTTACTATCACTTGAACGTCGTGGCGGCTGATCCCTATACCATCGGTAAGTATCTACGGTGACCTCCTGAGGAGAAGTGGCGCTCGTAAAAGAAACCTCGTATGACATCACCTGTCCTCCGACTATCATTGTCCTCCTTGGGCGTAAGACAACTTCACATCGAACACCGTGACTACCGTCCGTAGGACTGTAGGTACGTCGGGGA,1370,51.61,Caenorhabditis elegans
SEQ_267294,ACAAGGGACGCAGGGACTAGTGCCGGCGCATGTAAATCTGGGTAGATCGGTGTCCAGGAAGATATTGAATGATCTGGGTACACGATGGTAATATGAACGCCCTTTCCACAGGCTCGGCTGACCTGTTGGTAACCGGGCATGAGGTATCGCAACTGAATACTCTACTACGGCGGCCTAGACCCGCGATTTTCTAAAAGTGTGCGCAGGCTATCCTCACAGGTGCGAACACGTAATTGCCCCAATCGCTAAAGTAGCGGTGACCAAGTTCCATTCCGGGCATAGCCGATGTATACCCAAGCCTTGCTGTGGCCATGCAGACGACAATTCCGAGATGTTTTCCGCTGATGATGAGTACAGCCCATGAT,365,52.05,Saccharomyces cerevisiae
SEQ_542018,TCCTTTAGGACCAGGCGTCAAATACGCCTTGTTTGCCGCGGACGGAAATGCCTTGTATTAACCGCCCGGTATCTGCGCCACATCGCACCGCGACTATGTCTCGCTGATTTACTCCCCTACAACCCTTGTTTTGCGACTGGAAGAATTGTGCCCCCTTTCATTCTCCCGGCTAGATTAACCACAAGGTTCTTTGCTCTCAAGATTGCGATAGTGCCATCGGTTCGTATACGTGTCATACAAATACTGGGGACAGGTATCAGTAGTCGGTTCTACTAGTGTCCAGTAAGTAGTGACCTGGACTCGGTAAAATATCATTGTTTAGTGTACTAATGTGAGATTTCATGTGAGGAGTGTCATGTTCTACTGCGATTGAAGCGTACTGCGGGGCAGATTCACGCTACTGTTCCGCGGGTTGTCCCTTCTGGCAATTGTCAGACCCCTTGGGCGTCCAAATTGGCAAGATTCTAAGCTTAGAGTTGTGTCTGGTGATTCGCTTAACGGGGGTCGAGGGCGGTTATGCAGCTGGTTGCCCGCCTAGGGCGCCTGTGCCGGGTGCGCAGCGTATAAGGTTATCCACTACTATCGGCATGCGTTTACATTTCTGGGAGATGGTGTTCAGGTTAGCGTGACAGTGCTTTGCGAACTATAATACGCTATATTCTGTGTAGTGGCCGTCACTGGCTCAAGTGCACGCAAGACTGATCTCCGAAGTGTTAATTGGCGCGCAATGATATAGACGAATAGGTACAACCACTTCGTCCTGGTTCTATTTTTGAACAAAGCATTTAACGGAACACGCGACTATGCGCATGGTACCATGAGCCCCGGCAGGTCGCGTTAAGTTGCTTCGTATGTCCACCGAGTGGACGGTGCAGCCGACTGGTTGGCGAGATTAAGGGGCAATCGCCTCACGAAGAGACTGTGGGAAAGAGAAAGAAGCCACGATAGGTCTGACGTCGTCTTAACATGCTGAGTACAGTCAACTGACGTGGGTATGGGCTGGTAGAAGTTGTCTGCACCACGATAATGATGCGGATTTCCGGGGGATCTATATCTCAGCATATCAGAATTAGAAGATGTCTATTGGCTCCATTCTCTCCTGACAATCACCGGACCGTAAGGGGGCATTCAGTCACAAGGTAAAACAACTAGCGCCCTGAAATCTGTCTAATCCAGTAACCGTTAACTGCGGTCCTGGATGTGGCGCAGGCATCAGTGAAGCCAGTTGTAACATTAGAAACGCGTAAGTTGCGGACGCGCGGTCTCATACACACACTAGTTGACTACTATCTCTTGAGGGGTGGAAAGGACACCACTTAGGCGTCGGAGTCTACACCCGGGTGCGTCCCCATTTGCCTGACCATCAGCCATTTCCCCTACAAGACCGGG,1389,50.54,Arabidopsis thaliana
SEQ_859568,TTCAGACGAATCCCTTAGTAAGTGTATTATCCCTCGCATTCTACAGAAGAGAGCACCGCAGGCATAGGGTCGATTGAGTATCAGAACACGTACGTGACGTGCGTTTGGACGATCCGCCGGCATCTAAACCCTTATAAATACGGCTAAACCTGCGGGTTTAGAGTTACGTCACTAAGGGGATCTTTGGGAAGGAAAAGAGCGCATAGCCCGCGATGAGCAAATGCACGCCCACAGCTGGCCTTACTACTCGTTTATCGTGGCAAGCTAGGGAAAGCGTTAAATTTCCCTTGAGTCGCGTTCCCTGACTGGATGATTACAGTCTTTCTGAAGCGTGACCAATTGGCCGCCGGACCCTGTCCCACTGCGTAGTACCCTTCTAAATGTTCTCGCTTAAGAAAGATGACGCGCGTTTCTATTGCCTTTACAGAGAATCTATGATGAACGCTGTCTGTTATACATGAAAGTACAGGACTGCCACCCAAAACGTAACGGGGGCTGATAGCTTGTGTAGACCGTTTCGGCCGAGCGAATGCTCTCTCGACGATCAAGAGTATTTTCCGCAAGGAGTTAGCAGGCTGGTACTCCTCAGCCTTGTACTCCTTACTGCCGTCAGCGACAGTACTAAGGACGACACCAGCCAACTGGTCTCCAATCTTATCTATAGACCACTAGACAGGCGTAGTACGCCGCGACGAATAACGTCATGTATGACGATGGAAGAGGGTTGGAGTCGGATTGCAAGGGACTATGAGATTTCGATGCATATAACGGTGATCACTAGCTCTTGTGCGACGCCCAGTTCCCTAACTCTTCCTCTGCAATCACTGACCAGATGCAGGACAATGCTGGCAGAAGTAAAGGGTAAATTATATGGCTATCATATGGACTGTACTCGCCAGATGCATCCGGTTCAGGGAATTACGGGCTGCAAAATTGGGTTGCTATCGTCTTCTCTAAAAGCCCGTGGTGGGCTTCTGTTCTCGAGTCTGCGCTACGTGAGGTCTTTACGCAAAGGCTCAATCCGCTACTTGCCAGGCTCCATGTGGGGTCTGCGCCCTCTGTATCCCGTCAGCAGGGTCTCCCTGCCGTCCCATACATCTGAGCTGTGGATACCGTTGTTCACGGCGATGTATACGATACGGAGCTAGGCATTAGTACCTATCTGTCGGAGCAGAACCGGGCTGACTAACCGTGAGACGTTCCCGGGCTTAATTTGTCATTAGTGCTGGGCGGGATGGGTGAATTTTGAGGACTTGTACTTGTTCAAGGTTCACGAATCGTCCTCTGTAATGCTGACAAAAGGGTGATTCCACAGATGACACGGTTGGTAACAAGACATTACTAACGAACCGCATAGGAAACATAATTCGGAAGGAAGAGATCTGCCGGTGACCGGTTATTCTGCGAGCCACCAGTCTCACCGCCGTGGGCTGAACACGGGGGGGATTTTTTCGTAGTTTGGGCGTGTCGTCATTGACGCTGCTCAAGCGCCCCATTTATAGATACCCTGTGATCCACAGTACGAGGGGTAGTCTGCGCACAAACATAAGATATGTTTTGTTGAGGAAAAGTCTGAAGCCTATACGTCAAACCCACGGGTACGCTGAGCAAATCATTCGCTCGCTCGGCACCCTACATTCACTGTCCCGACTCACCCTACTCCCGATGTTCGGACCCCTGTGACAGTTGCTCAATTCGTCAGCGCCTGCGATGGGCAGATCCTCAGAATCTCAACCTGTATGGATATTGCTCGTGGTTAGGTGCACAGATGAGACCCAGCGCAAAACCCTGGCGCTGTCGAAAAATGGTAGCCGGAGTCGCGAAACAATTTACTGGCCGGAAGCTTCCTTAAGTACACTATCGTCGGCCTATGACCCGGCCTTATAGCGCGCAAATGTCAGTATCTTTACATTCCAGTACGATCCAGTGGACAAGCGGGGGATTTTCTGATTATATAGGATAAGTCGGCAAACATCCTGTCCATTGCTCAAAATTT,1996,50.35,Caenorhabditis elegans
SEQ_259199,ACTGCCGATAGTATTGCATATTGCACGTAAGTAGTTACAAGCGACGCAGACAAATATGTATGGCGCCTCGCATATACCTACACTGATCAACTTTTATTAGACTCGACACGGTACCAGATACATCGCAAATATTCTCCGGTTCGGTAGGCAGAGCAACGGTAGAATCTTTTTGATCGGGAGGGAGGTCGGCGAAATATCTGTGGATGATCCGTGCGGTCTGGTATTCTGGAAGCATCCGACGTATGTCACTTCGGCGTTCCAAGCCAGGGTCGAGGCATCCTTAGTGTTCATATGGAGCCATTCCAAAATTACGGAATCCAGTAGGTTCAGGATCCTGGTGCCCGGCCATTGTGGCATGCGAACCCAATGACGACCTAGCTCAGATCCCTTTGAAGGTTGAATCAGAAGGCTATACGTCAACTGTGTGCTGAAGGCCTTCTTAATGCCGCCGTAACTTTCCCAAATAGGTGAGCCACTGCATCCTTGCTAGATTTCCACGAATGAGTTCCGTCAATCTTTGCCAACGCTGGGA,532,48.87,Homo sapiens
SEQ_296615,TTATGACTGGTGGGATAACTAATCATACGTAGTTTTATAGTATCAAGTCCCTGCGGCCAAAACCTTTGATAGCAAGTGCTAATGTTTCCCAACGCGATAGATAACCGGCGAGTGGGACGTCTTATTGCTTTAGCACCATCATGACAAACTTGCAGAATGGTATTAAACCTACTCCTACCACAGTGAAGCTCGCATCGTATAGGCGACTGTTGCTCTCCAGTTGCAAGAGCAACCTAAGTCTCGCGTTCTGAGCTATATATCGAAGATGAATTTCGTACGATGGCGTGCGGTCCTTAACTCTTTTGGGTAGGCTAATGTGATAGAAGAGGAGATCCCTTAGAGCCGTGACACACGGTTCGCCCCAGAGATCACCGAGACTTAAAGGTCAATTTGATGTGACTAACTGGATGTTGCGACATGTCAACTCCACCGCGGACGCGCTAAACTATATGGATAACGTCCCCCAATCGTACGTCGAATCAGATAAGACTTCTGCCCCTCTGGTTGACTGTGCAGTACGAGATAGACGGAGGGAGCTTAGGGGCTTCGAGTAAAAACTATTGAACAGAAAGCGTTCCACACCAAAGGCAATAGTGTAGGAAAGTATGATGTTCCTACCAGGGGGAGGTAACTAATTTACAGCCATCTCGGAGCCCGCTACTCCCCGAGTGTTCTTGCGATGCGTGCGACTATCCCGAGTGTAGCTGTTCTTTTTAGGGAGCATTATATTTGCAAATGATTATTCCAACCCTGACTACGGTTTCGCACGAGTCCTACGGTTCTAACGCGTACTGGTTTTTCGGTCGCGAAGCAATGTCAGTCCTAGGTACCGGATACGAGGGTACGTGGGACATCTTTAGGTGGAATCATTTGATCAGGCCGACCGTATCTATTCGAGGTCCTAGCTGCGCTGATATCAGCCGATGTCCGGCGAGCTCATGACTTCTCACCGGAGGACGCATACCAGCTCGAAAGAATCTCAGGTCGCTGAAGGTAACGCAATACGGCCACGGGGCGGCTGGGCCGGGTAGACCGAGATCAGGCTGCGTGGATAGAACGGCGTGACGTGCGTGTGAGCAGCCACGCGTACGCGGGTGCCTTGGTGCGATTTCAATACATGTAGTATTTCACCTTATTACCCGCCATGTTCCTTACATCACGAGACCGTTCTTTACCAAGCGACACTAATCGAGCGATACAGTGCGTTGATTCATTCTAGACCACTCGAACATAGCATGCCAATCTAACTCACGCATTCTCCTGCTCACCCCTACCGCATGTTGTAGAGCCTAGCGATCCGACGCTAGATAATCCCTCCCAAACTCTCCAAGGGGGGCGAGTAGGCCTTGGAATGAGAGGCGCCCATGGGAGAAAGGCTAGGTGAACGCCACGAATAAACTCTTAAGTCGTTCAATGGCAAATGTCTAGAGGCGTTTAAAGTTCGGTCACTAGCCAATTCAGGCGACGGACTGTGATCGGAGAATAACAGCTCGGACCGCCGGAGTCGTGAA,1511,50.17,Arabidopsis thaliana
SEQ_588939,GTGCTGAATGCAAGAACCGTCGGTCAGTGCTGGCTCTAGCAGTGGCGCGTCCTCTCATACAGTGGACGCCGAAAATTACCATTGCTGGCAGTCCGTTTTAAGTTTGGTCGAGCATATACAGATCCGTTGTTTGTATCTGCATGACACGGCTTGGTGTATGCGCGGCCAATATTAACCACTAGTTGTTAGATGTTGCTTTTGCCTCATCCAAATCGATCCCGCAATAACTGACCGTGTCGGCTAGATGAAGTTAAGCGGTTTGCAGAGTACTCATTCACGAATGCAATTGCCAAACTCATCGCGCACCTTGAGAAATGAGTACTAAGGGTAGTATCATAGATTTCATATTCGTCTAAGGCGATGGTTACCCGCGGCGAGCCCGTCACGTTATATGTCCTGATGGCTCAATCAGTAATAGTGCTAAGTAATGTAGTGACGCTCTTTAAATAGCGGTCTTCCATCGTCTCGCTCCCGTGATTTGTGACGTTCCT,491,47.45,Mus musculus
SEQ_458621,GAGTAAAGAACTAAATAGATGTCAGGCAACGCATAGCAGCCTATACTAGCTTCAGTCAAGTCATCGTCGGATGGAGCGGTCGCGAGGGATGTCGTATGTCACTGTCAAGATTCCCGCCTTACCGCACCGCCTTAAGCGTACTTATCGTGCTCTTGTAATACAAGAGCCTACAGCGTCTAAGTTTGCATTTCGTCGCCTCATCGGACCACACATTCGTCATCATATGGCGGGAGGTTGAACATTATGTGCTACATAGGTCCTCTAAGGAGACAAAGTAGTCTGTGCACATGATGTTCCGAGAACCAGCTGCATTCAGGCCCTACAGGTACGCTTAGGACTCTTCGCAGCTTGGCGGTCCCGATTAATCATGTCCTCAGATGCACGATGCGGCGATCCCACTTTAGGCGTGGTCTACCTAACGGAACTCGCGCAGGCTAGTGAGCGTGATAATTTTAACTTTCTTTAACACTAGGGGGGCTGTCCTACCGGGCGCACGCGCCGGGTGCGTTATTGAGTATGCCATGGGAGTGCCTACGGGCTAGTCCGACTCCAGGTGTCCGAACTAATTCCGCCGGCGGCCGGGAGAAATCTATTGACCCTGAAAACCGTAACGATACCTCAAGGGCGGAATAGATTAACCAGCTAGTCATAAATATATATACACGACTATAGGGTATCGCCTCCGAAGAACCAATCCTACGTATATCTTTGCACTATTCAGATTACGCTATAGCAGGCTTGGCCCCCAACTTTGTGCCGAAGGCCATTCGAGGGGTGTACCGGTTGCGCGAGATCATTCTGCGTACGTCTAAGGGTTCACTAGGGACTATGAAAGAATCGGAGTTGTTATACGGGATCGGAAGGAATCTAGGGATAGACTAGGGACGGCCTGCCGTGCGCCCGAAGATGCCCGGGGTCACTATATGTGTGAGGCTTAGAAGGTGCATCGATTCCTCTGAAAAAGCGACATGTGCACGACGTCAAGCAGGGCAGAAACACCTCATTCTGCCATACTACTCTCGTGGTTGCGTATCAACATATGGTGGCTCTAACTTCAAGTGCCTAGGTCTTATCTTTGGTCTCGGCGCGTTTTCTACTAGAGGGCAAAGATGCTGGCCACCGACCATTGTATTAAACACTTGGAACAGACGTTATTCGCGCTAGGTCTGAGCTTACCCCTCCTGCGGATGGCCACAGGTCGATGAGTTAGATGGAAGGCAGGTCGCGGGCTGACTTACCTGCAGCAGTAGATAAACGTGAACGCGCATAGGTCTACAGGACACGAGCAGGAAGTGCCTTGAGAGCCCAGGTTAAAGATCACCTGGGCCAGCGAGAATAGTTATTCATTTCAGTAGACATTACAGGTGGCGACGGGGCGACCGCCGCGGTGAAGCCTTCGTCCACGTCACGATGAGCTACTCTTCTCGGGGACCCTGATATGGATTGCTGACGTATGACCCGAGCAAAAGCAGACGTGGTAAGTGACTAATAGACTCCCCCGCTGTGGCGATATGGGATTGATCGCCGTTCGAGCCCTCCGGCTA,1544,51.94,Arabidopsis thaliana
SEQ_382819,CAATGCGCCGACTTTTCGAAAGGTCGTCCACCGGCCACGTTTTAGAAGGCTGGGCGCAACCCGGACATCGCCTCGGAGATCTAAAAGTTTAGTAAGGAGCACGCTCATCATACATCCGGATCTCAAAGTTCGTTATCGCGGATATACTTTGAAGCGAGCCAATTACACGGCAGGCTCAGAGACAAGCTATGTTACGGATCGCACCTGGTCCGAATCTCCACCCAACTATGGAGAGGTAAGTAATTACATATTTGTACATTCGTATTTTAGACACTGGGGGAAGCGGTCTGCCCTAACGGTGATCAGAGCTTAAGACTCAAGTAAGGCCGTCAGCAGTCGGTTCTCTCATAGACCCTCTATAACACGAGCAAACGGATT,378,49.21,Homo sapiens
SEQ_187627,TTTCAAGGTGCGATATAACCCCGTTGGTCCACCGAGTGTGTAAATTACATATAACGGCACACTTCCTACACTGTAACCAGAACCACATGACAGTACCTTCGATGGACTCGCACCCTTTGGCAAGGTCAATCTGAATTGTTATTCATGTAGATATTAGGCGAGGCCCCATTGCCTTTCCCGTTTGATCTGACACTACGTAATTTCGTCCACTACCTCTTCGCCGCTGCCAATATCTCACGGCTAGGATAGCCGGATATATGGGGGACGAGCATTGCCAAGGCGCATGCGGCTCCTGTATCCACCAAGCACCCAGTTGGTGCATGGCGTACGTGTCTTCTCCGGTGAGAGTATGAAGTCGCAGGCACCCGCCGGTGATCGATTGCTTAACATCTTACTTCGCCAGGGCCCACTTCTATCCCCCAAAAGGCTTGAGGTTGTATGGCGTTGGCCTTGGCGTGACAGTAACGGGCTGCCATTATTCAGTCAGGAAGGTCAAACGGTTCATCTTGAGACTACGCGATCGCGAGCTTCCTGTATCTCACCACGGTCCAGTAGACCCTTCGATTCATCGCGGCCTGTCGTCGTCCTTACCATGAAGCCCCACTGCCAGGATGATCTGATCGGTGGCCAAAGACATGCGGCACAAAGGTTTTGGTGCGGTGCTTTCTTTGCAGTTCACTGTCGGCGCCGAACTGTTTAACCTGGCAGGGGGGCACCAGTCCATTTCACTTCCTTCCGATGACGTGGAGCGAACAATTAGTAACATGCCAGACTGTCCATTGTCCTTTCGCGTTAGTATTCTCGGTATTGACGCGTTTTTTCGTATATTTAACTATTTCCTCTTGTGGAGCACGTTTCATTGGTGTACGTACCGGAGTCGAGTCATCAACACTCGGGGGGTACAAGCCGGCTCGACAGGGGACATACCTTCGACCAGGGCTCGAAATAGGCGTCGGGCTGAGCACCTTCGCACCCAGAGGTTCTGGTACGTAGTCTCCTGATCACCCCACTAGGAAGGACCTTTGGCCTGCCCTTTAGTAGCGGGAAGGTGGAATTTGGGTATTCCGGATAAAGCGGCCGCCGACATTCATTATTCAGTAACCGCACTGGGGATCATTGTGTAAGACCGCACAACTAGCTCGACGCTGCTAGTCAGTACACTAACTGTCGCTACGAAACTAACGCGACGCAATAGGCCACTCCTCTACCTTCACCGAAAGTAAAATGCGCGTGAATAACAAATTGCGTGCATTGTGTTCCATCTAATCATTCCAAATTGCACACATCGATAATATGCTGAATCATCGATAGGGTACTGGACCATTGCTGGACATTGGGAATCGAGTCCCAGTGC,1354,51.33,Drosophila melanogaster
SEQ_346759,TCTCTGCTAGACGCCTGACAGAGCACCCGTAACATGGCAACGCGCGCTCTAGTATTGGATTAACACGACGGACGACCATCCTCGTAAAGCGCGACATCGAGTCTGTTTGGTCCCCTAAACCCACATCACCGTTATGTGCTCCTTCCAGTAGAACCGGGGCGGACTACTACACGCGGTGAAACTCTATCAAATCTACCACGCCCCTCTGCGAGATGATGCACACGAGTCCGGAGATCCTATTCTATTACGTATTGCCGGCTTCTCGTGACGTCTTTCAGGACTAAGGTGTGCTAAGGCTAGATTTCCGCATCGCCCAGCCGGACCTTGGGGCTGGAGCTAGCGTAGCAATACCTTCGTCGAAGCGATTTCAGTCTCTTATAGCTGATCCAGGCAAACTGCTTTAACACTGGTTTTGGTTATTGTACTTGCTTTCACAATTCCAGCTAGACTTGCCTGCAACGTCGGACCTAGACAGTGTGTAGCTCCAGCGGTTGAGTACTTACTCTACATTATAACCCCGCGAGCAGTTGGTGATTGAATCGCGCATGTTTCAGATGTAAAAGCCGCCTCGTTAGTCTCTCACGAGGCCCCCCTCAATGCAGTGACTGAGGAAATCATTATTGACATCGATGCCTAATAAACGCGGAATCATCAGGAGTCTCTACAAGTATGAACGTCTGAGCAGAGGGGCCCGACGCATTATCAGGGGTGCGCAATCTGAACT,724,50.97,Caenorhabditis elegans
SEQ_645959,TCAAGTACATGTTCAATTAGCGCGATTACCTCTGGTCTTGATTTGGGTCGCGGATCTGTCTGTGAGTTACGCTGTCCGAGCAAATTGAAACGAGACGCGGCGTGGACATTGAGGGAGATCGATCAACTCAACGGGCAGTGAGCGCTCCGCTCACCTGTGACACATGGTCAGCACGTAGAACACTAGTGAGTGTCTTAAGAGGCTACCGTACGTACCAGTTACTCTGGGTTCGCAACTCGTACCTTCCATTCACAGCGCCAGATCACCTGATGACAATAGAGCTTCGCGAAGATACGTTTATTTCCGTTCCGCTACACCCTCTCACATTGCATGTCTGTCGGAGTAACGCAACGCAGATATCTGTCACTAGAGCAAATTGAGTCTTCTACTCTCATG,396,49.75,Mus musculus
SEQ_265045,TAAGACATCCGTACGGGCGCTGTAGGACCCAAAGCAGGTATGCTCATATTGGTCGCCTACTCAGCTGAAAGTGCGGCTGCGCAGCGCGCTTCCCTGTCCCATATTTAGTTGGCTCCCTAGGGTTCCACCGCCACGTACCCGTAATGTCTTCTCCCGCATGGTCCGTCGAATGGTGTTGGGTTTGTTTCCCCATGAAAGATCAGATAGTTCATCAATACTCAGAGCCTGGAAATACCCAATCGTTGAGCATGTGCACAGTTATACATCCGGCTAAGTGTACCCAATGTTAGGGATCATGGCGATGCAGCCGACCGATGTACCGCTTACTCGCCAGATCTACACTATGGATTATATTATTTGTCACTTTCCGGGCATTGGAGGATAAACTGTAAACCCTTTGTTTGTCATGCCATCTATATGACCCGGGCCGACTCCAACGTGAAGTTGGGAAATCGTTCTAAGCCCGACCCTACTAGCCCTCACGTGGTACAGAGTGGAAGTGGACGCCAGGCGTATTTCGAGAACAAAAATGGCCAAACTAGAGACTAGAAATGAAGTTTGGCATTGTATGGTATTCCCGATCGTCATAAACTGCTTGGGGATGACGATTAGAATTTGGAGTGCTCATTACTCGGCGTGGGAGTCTCGCGCCCTGTTAAAACACTATCACGTGAAGCCAAGGGGGTCTGCCATAAATAGGACAAACAGGGGGCGTGCCGTGTAATTCCCTCAACAAACGACCCCACATTACAACTTCACTAGTTGGGGAGAACTTTCCCAACTCGACCACTTGAGGCAACAACAAGCGTGCGTTGTGGAACCGTCCCTTGTTATCCTGTTGAGAGAGTTAATACACCGTAGCGGACAACCCTCAGCATAAGAGCGCTCTTCACAGCAAGCTGTTACATAACAGCGCGCCATCTGTTTGCGCCTGTACACGATTGACACGCATACATGCTGTAGGCCAGCGAGAGGTATCTGTATGTTAGATGAAAATATTACATCTTGCTACACGGGCTTGATTGTTGACGCCTAAGCTGATTCGAGGAGTACGAGTTTGAGGGGTTCGTGTGGACACGTTGTAAAGTATACATAAGATGCGCGTGGTTGACCGAAATATTAGGTGTCAGTGGTCAGATCCAGCTTTTCACAAAAGCTGTGACTGAACTCTAATGTACCATGTAAGCCCGACACGAGGTGAAAGGATACCCAAACTGAGTCTGAACCAACTCATTTGGGTCCCTCTTAAAGATCTAACTCAACGATCGTCTTAGCATTGCCGTAAATACCACGGTTTGGACTTAATCACCAATTGTCAGCAAAAGCTACGAT,1332,48.27,Saccharomyces cerevisiae
SEQ_263412,GGGATTTTATAACGTCTTGTAGCTACGTCGGTCCGGTAGTGTATAGGAGCACGGAACAGTAATAAGCAGTTTAGAAAGCAGGGGCCAGCGGGGATCTGGGGCCACCATATGTACACGATACAGCCTTGCCTTACAACTGAGTCACTTAAAGCGATAGAGAGCCGGACTGGAGGGGCACTAGTATAGTCAGCAGTGTCATAAACCAGTCTTTAACGGCCCGATTTTAGCGGCAAGTAACTAGGGGTCAGAGCTGCTACCGCATGCGTCTGAAGGCGACAGTGGCTACTGACAGTTCGTAGTTGGCTCCTCAGTGCCTTTGGATACCTATACGAGTATTCGGCGAACTGTCAAAGTTAGGAGGCTAGCCTGCCTAAACGTGGAGCGTGTTCTGCGAACGCCGGTTACAGTCTGTTCCCTGATGCCTGGACGTTCTCAGAGGTTTAACTGCCCCGCAGCTATCATTTATCTTGGTCGAGGGCCGGGTTAAGGGTAACCGTGGCGCGTGAACTAGGCTGAGTTCCGAGTCTGGTAAAATCGAGCGACTAGTTAACCCACGGCATTGAGAAAGTTGGAGACAGGGGTTGTCCGATCCTGTCAGATACGGCTCGAGAATGATAACATGTTCAGTTAGCCATGGAAAAATTTGGCACCACCGTTCGTGCAACTTAACGATGGGGGCAGTTAATTGTAGTGGAGTAAGGCTATCGCGTCTTGTCCATCAAGTCTTTCTTACCGCAACTGATAACCCTAATATGGTTCATGAGTGTGACAATGGCGGGGCGGAATAGCACGCGAATATAATACACTTTTCATCCCGTTATAAATAAGAGTCAGTCATTAAATCGCTGTCACTAAGCATAGCCATAGGCGGTTCTTTGGGGCTTGGATGTTTTGCACACGTACAAATCGGGCGACTCCGCCTCGAATAAGCACGACCTTTCGCCATGGTTTCAGCTATCGTTCTACATCGTATGTATCTTTGGATAAACCTCATAACACTAAACGCGCGCGACTTTAACGGTCCGTAACGAGCTGCGAGCCTAGCTCAAGCTCTTCATCATCGGGTGGACGGATAGGCCAATCTCTTTTGATGAGGCTTTTGGTCCATGATCGTACGGAGCGCGATTCCTTACGAATTTGGCGTCACCGATTTGAAGGTGAACAAGTGTTGTTGTGTGCCAAATGATACGACCCATCTTTGGGTGCCCCTTATGAAGTCTGAATGAGATGAAAAAGCTCGGCAAGCCAAATCGTGATAAACAAGCCGCACTGATCGAAGGGGCAGTCGATCAGACATGATGTTGGTCCTTAATTATATATAGACAGTCCTTGGACTTTAAGACTGTTTTCTCACGTACCCCCGTTCAACTCCATGTGCAAGCATTTTTTAAACGCAGATCTATTCCTAGGGTCCTACAGGTCGTTTTTGCACAGAAGCAGGTACGATAGTTATAGTGTGACCGTTAGACACATAGGGTCGGTCACTGCATGCAACTAAAGGGATGACACAGAGCAACCCCTTCTCCACGACAATCCGCCTGGTTAAACAAGATCATCCCAAACAGATTGTCGATACCTGTTAACCCATGTTATGTGGAAAGCGCTCATGCACTCCCAGAGGTAGCCGCCGATTCGTGTATTTGAACTACGAAGGGAGACCCCCAGTGATCAGAGGTATATTTTAATCAATACTCTATATCTTGTGGTGTTATTCGAATTATTAGATATCG,1730,47.86,Drosophila melanogaster
SEQ_854189,CGCTCCAGATAGGGCGAGGCGCACTGTCAATACCTCATACATTCTCTCTGATCGTTGTGTACAATCTTCGGCGCAGTAGACGCACATGGGAGCCGCATATGCCGATCCTGCAACCCGGGTCCTCGTTGAGTCACGACGGTAGTTCTGGCGTTATCGCAGATCGCTACAGTGGTTCAGGAAGCAATACCGCCCGAAGTGCTGGACAGTACTGATTCCTTCGACCAATCCTATCCTATGGATTTCTCGGGCAGTGACCCTTGCGTCAAAGAACAGCTAGCTAGCTCCATAACCGTGAGCATTCAGTATCATTACTAATGTAGAGTATCCGTCTCTA,334,51.5,Arabidopsis thaliana
SEQ_863202,ACAGCCTTCTATAGCATCCGCCCGTAACTTATTCCAGTCCGGCGGGCGATCGCAACTTACAGGAACTAGAGACCAAAGTGGGGTAAGCAA,90,52.22,Drosophila melanogaster
SEQ_178706,GATTGGCAGGAGGGCATCCGCATCCCGCGTACAGGCAACGGCCTCGAGTCCTAGCGAACGCTCATCTCGTTGCTGATTGGTACAGCCGGCACGTTAAGTGCAGAAGCACTAGAGTGTAATTCAAGGAGGCGGCTCGGTCGACTCAATGGACAACATGAGGGCCACCCCTAGACGGTGCGGGTAGGCACAGCTTTGTAATAGCGCACGACCGATGGAGCCTTGTGTTGGCGATGTAAAGCGAGCCCGTGACTACCCAGTGATACAGGGTCAAATTGTAGGTCGGCATAGGGCATTGAGAACCTCCCGAGGCTCGATGACAAGGGTAGGACAGCGTTGTGATAAACTAGCACGAACGGTACGCTTACGCTCACCAGAAAACCTTCCTGCCCTAGGACAAGGAGTAACGTATTTTATGACAGATGCCGGTTTACCAAATTAAATGAAACCGTACCCACAGCTAGGATCGAGAACCGGTTTCTAACGCAGGACCAAGTCCGGTGTCATTTTGAAAGTGGTCTGCTCGTACACCAGGTGTGATGAATAGGCAACATTAATTAACGTCGGCACACCGTAGAGCTTCCGGTGCTATCACACGTTTCAGCCTTGATACAGCCGGCAATTGTAAAAGGAGCACGCATACGCGGACCCAGGAGGTTACTGCCAAAAAACGAGTCATTAATTGAGCACGCTCCCGGGAGATTAGTCGCTGTAGAGCCGCTGTGTCGAGGGACAATGCATATGTTTAGTTGCTGCCCCACGTAACATTCCCCCCCTGTTGCTCGTCCATCGTGATGTGAGCCGGGTTTGTAGCGTCAATGCTTGAGGGTTCCGACGTCTAGGACGACACCACCGCATAATTTAATTGGACGCAAAGTGCTGGCTTGTCCAAAACGCGAATGCGGGTGTGGACGGCGCTTCGGCTTCCCAGCAGCTAAATCCAGAGACATCATTCCTCCGGCTATGTCAGCTTACTATACGACAGCAACCTCCTCAGCGAGACATCGGAGACACCGGACTTGTAACCGTCTAGCACAAATGGGTAGAAGAGAGGAGGTAAGGTGTTTTGGAACCCAAAAGCACTTACACAGGAAGGGGCGCTTTAAAGACGTCCAAGCGGAAATCTAAATCCCATCTACAGTCTCGTGCCTGCGTCGAAAGATCAGTAGCCCGGCATTAGCATAGGCGGTAGCTTTCTTTTGCAACCCTTCCTGCTATTGCAAGTCATACGTAAGTTTTCGACCATCTTAATTGTCTTCTTTTTCAGCTCTATGAATTGGTATGCACTCTCAGTAGTGTACTTGCCGCAAGGATTTACGATATGCGCTGGAACGTGGATACCGTTCACTGGTGATTGTAGCAACATTGCGCGCACACACGTGTAAGGGTACTAGAGTACAAGTAGGTATAACCTCATAACAGGTTTGAGACATGTAATCAGACGTAGATTAGGAATTTAGGGGGGCAGCCTTTGCTGCCATTGACAAGGCGTCTCACACTGGGCCTGGCCCTGCATGTTCTGTGCCAACCACTAATCGTACTTAACATTATTATGGAGGCGCTTACCAGCCTTGGCTCGCCGAAAGTCTCGGGTGGCGTTTAGAATACCCGCCGCTTCATCGGCTCGACGACCACCTGCCTGACCCTTCAATCATGACGACTTGCCCATGGCAGGGCGAGCACTATTGGACGCGTGTTTCCCTAGATTACTTCCCATCTGACGTAGGTTATGGTTCTCAAGAATTTGTTGTCTGATTTACGGGTATGACCCA,1769,51.05,Saccharomyces cerevisiae
SEQ_848047,TGAACTTAGCCTTTAAAGTTGGACTCCGGCAACTCTTGAGATTCTCAGGCGCCGCCTGCGAGGTCGCTCATAGGTTTGTTCCTAAGGCGGTGGTTCCGTTGCGCCAGTAGCGTGGGTGCTCCTTATGTTACATTATTCTGGCATGTTTTCCATGACATAAACGAGCTCGAGTTTCACAGGAACAGCTGGCTTCTTTGAAGATTAGGTAGCGCTTGCAGATGGTCGCGGCGCGCCGTAAAACAGCATGCACGCTGCGGACTATAGGGTGTTACCTGACGCGGCGTTGAAGAACCTGCCACGGAGTTTCAGAGGGCATTAGAGAGGCCGTGACGGGTCGCGCTGGAAGTTTCTAAGCATTCCTCTGGGGCTCGTAGCGTTCTCGGTATAGGGACGGCAACCCTACGACACTTAATTCCTACCTGTAAACAAGACTCGGGGTTACATCCTCACGGACTTTGGTAAGACCCGGTGCGACCGTGGAATCGGGCCATGTGAAAGAGACCCGGAGTCAAGCGGTATTCTGTAAGGTGGTCCGCGCAAGCGCGCACCTGTTTGTGTCACATGAGCAATTGTGACTAGCATTTCATGAGGGTCTACAAAGCCAGTATCACGTCCATCTACATCATGGACCCTTCGTGGTTTCGAAAGTTGGTATATTTGTACTGCCACATGGTCGAGGTTATAAGCAGGCATCGGCGTGTATAAGGCGAAGAAGCTACAACCCACCGCCCAGTCTGAGCGAAAACGCACTGGAAATTAACGCGCCCCGGTGAGTCGAACGTCTATTCCACCACTATAGCGAACAGAATCTTCCAGCGGTTCCCGCGATAGACGTCCTCTTCAAAGTCACAGAATTCCGGAGCCGCAAATGGGCTCTCTGATTCGCTGATCAATAGTCCTAATGAAAATATATACCACTTAGATCATTCTCCGGGTTTCTCGTGTTGACGGCAGGGGTTTCACGCTAAAAACGCTAGGGTCGTCCCGTTGATGTATAGTAACCTTTTATCGAGTCGGATATCAGCGGACGAGCCCCGGCTCATTCCTGAGTTGGCGAGCCACGGACAGTGCCGGTAAGCAACTAATACGATCCGATCTCTAGTTGAAACACCATCATCCCCCGACCAAGTATATTCCTTGCGCCCGAGATAATGCTCATAACTAGATTAAGCCTGCGCGGACCTTTATCTGATTTATAGGAGGCGCGCCCGAGGTCAAAGTTACTAATTCTCTCCCGCCTGCGTTCTGGACGCTCCGCACATAATATAGTTGGACGTTATTGTGTGTATTCAGGAATTAGTGGACTGACCAAAAGGAGCGGGCTGTGGGTTGAAGCGCAATCCTAGAATGGGCTAGGTGGGTTGTCGCTATGCGGGTGCATCAACCGTAAGAAATCCGTTCCAGGGCAAAATTATTAAAAGGCTCGCCGATAGGGTTGCGACCGATGGATGACAGGTGATAATCCCCAGATGAATGCACACGGCATACAATCAAGGGTTAGTATTGTCAGTAGTACGTTTAATACTCCTCCGGAGACCACTACTTGACGTATAGAAATCGTCGTGGCGCAACCCAATTCGTTGAGAGAAAACCTTTGGGCGAAGATAGAGACTCAAAATTATGTGAAACATCATAACCCATATCGGCGCCTCACTGGGCGTAACGCCGCTAAGCCGCTATCTGCTAGCCAGGTCCTATTGCAATTAGCTACAATGTGTTGTGACGGTA,1728,50.52,Mus musculus
SEQ_945998,ATCAAAAGACAGGGTGTGCGTTACCTTCTGTTCACCAGACCTGAGCATATGGTCACCGTTCTATTTCATCCAGCGGACTTAGCCATTAGGTGCTCCAGATTAGGTAGTCAGACATTGAGCAACGTCCGGTTATGGGACTGTCAGGAGCAACTATCACGAGTATTATGGAGCTAAGGGCGGTGGTTTCGGAAAAGCCCCCGGCAACCTGGCCGCCCTACCTAACCACTGCGAGCACCTTAACAAGGATTCCTCGGCCCTTTCGGATCTTTGCCCCAATACTGCCTACAGGGGGTTTCCCACTCTCCTCGTGGGCTTGAGACGAACGTGCGTTAACCGCCCCGGTAGGGACCATCAGATGCGTCATGCGGGCGGTAGCAATCACGAAAACACGACATGCATATGCCCGGGAGCCTTCCTCATAAATACACCAGTATGGGCACGCCCTCCGCTACAGCGTGGCGTGTAGGGTTTTCACATGGCAGCCCTCTCGCATCTAAAAGAAAAATGCTCACTTAGTCAAAACTGGACGTTTACCCATACTAATCTCTTAAGCCTCATCATAAGCACGGGTGATTCCGTTGGAACGCTGATCGCATCGGTAAGTTCCGAAGTATAACTTAGGCGTAATCTTCCTCAGGCCCGATGGGATGAATCCTGGGATTCTAGGTACCGACGCTATGAGTGCACGCCGCGGATCACACACCGCCCGCATGTAACCGGGCTAGCCTGGTGTCGATCGTTCTCCCCGTGACCTACGAGACTCGGAGCCCTTAATGCAAATCGTCGATTTCGTGTCGAGTTCCTCAGATTCAAGGTCGCAATTTCGACAGTAGTCTTGCTTGTTAGCGAGTGCACCAAATTTCGTGAATATACGGCCCTCTTGGTTTGCTGAGTTCAGATAGGTTGCTATTCAGATAAGAGAACCTTGTGTTAGGCGGAGATGTTAATTCACGTTGGGTGCCACACGGTATAGCCTCGCTCGTGAATTCCGTGGGTGCTCGGAGCATGTATTCGACATGAAGTAGGAGGTCTAACCAGCTATATGAACAACTGCGGCAGGCGGGGCGGAGGTTCATATACTGGCAATATGATGGACCTATGTTATAGAGGTTAGGAGTCTTGAGGTCTTCGGATCTGCGAACCGGGTGCCGAGTTCGCTTGGAAATTTCCGAGGCGTATCAGAAAATGAAAAAAGGTTCTGGTTTGATGCCTGCGGTTCCGCCCAAGTTTAAATGAAGACGGTTACTACCGGGTCCGACAATCCCAAGACCCAAACAGGTACGCTTATACCGTGTAGGCATATATGCAACCGACTTTTTCAAGCGGCAGTGTTCCCGTCACCGCACTATAATGTCGATCCCCAGCGTAGACATGATATTCTTATCATCCTCTGCACATGTTGGAGCTACTCGCTTCTCGCTAAGGCTCATCACAAGGGCTAGTTTAATCGCCTTTGTGGGTAAAATTCTCCTAGAGCTACGGCGCCTTTTCTAACACATCACCGAACGCACAGGATCCTGACACCAGCATGAGGGCGTAGAGAAATAAATACGGGCGGACAAGCTTGCGTCACAGCCATATGTAGCGAGCATAATTGCAGATAGTATAGGGCCGTGCTTGTGTCTATCGAGCGGCTTGAGGCGTAGGCGGCACACTGTATAGATTTTCAGCATGGTCACCCGGGAGTCGGTACGTAATAGCGCTAGTGAATCCCAGGGCGGAGCCGCGACCGTTGATTCTATTTGATGTGTGGTTGCTCCGACGAAGAGGCTCCGCCGGCTGCAATGTACCTAGGACACATTACA,1805,51.36,Homo sapiens
SEQ_257294,CTAATCTTGCGTGTACGTTGCCAGTGCCATGTACGCGATGTATCGCCCTCCGGTAAATAAAGGTAGCAGTGGGCGTCTTTACATTATACAGGTTCCGAGAACAAGGGTTTACTGGGCAACTCGGGCCCGAGCCCTCTGGTGTGCGGGCAACCAGCCCGATACACGTTCCCGAGTCTGCTATTATTTACCAGTTTAGTGTAACCGAGCGATCTGGACGTGAGCGGAACACAATGGTTTAGATCGAGG,246,52.44,Saccharomyces cerevisiae
SEQ_692223,TCTGGGAGCGCAGTGTAATTCATCCCGGAATAAGTAAGTCAACCTCACATATTGGCACCCTTCTGTTAACTAACCCCTTCAACAAAATTTATAGAGGTAAAAGTGTTAACACCGCGCCCCCCTCTCAAGATTCCGACCAATGAGGATGGTCAGACGGGGGCTGCTAAGACCTTCGTACATGTCTGACATCATTTCCATAGCCCTTAAGAATGGAGGGAATATGTGTGCTCGCCCCGAACACGGATGATGCGGTGCCCGTGTATAAGTTATCCGACTGTAGATTTGCCGGGAGTTCTAAACTGGACGCAAGTACGACATGTGATGGCTTAGTTTCTAGACACAGGGCCGCAAGTGTTGACAAACCAGCCGGACACGTTAGCCAGTTGATACTTATGGTCGGGCACATACAGCGTGCCCGCATTGAGTTGCGAAACTCGCTTGCATCAAGCCTCCAGTGCTATAAAGATTCTCCCGCTTCGTAGAGCGTGCGACTCTTGTCCAGCAGCTCCCGAGTCAGGCATCGTCATGCCTAACCATACTGGACAGGCCAGTAGTGCGATCACCTCTTGTCGACCGGGGTGGTTGTCGTATAGTGTTAACGCCCTACTCCAATGGCGTGTAAGTAATCACGCTTCCAGGGTGGACGCTGAAGAATATCACTATTGCTTCCGGGAGGCTACTATCATCATTCCTCTATGCGCCCAGTAGAAAATATGGAAAAGTGGTAGGTTGGGCCGTCACTTTCAATTAGATACGCTGTTGCCGAGCTGACCTGGACCTCATTTTTTGGAGCATCAAAGTATTGTTACAGAGGATGCGTGTTCATCGTAATGGTTCTAGGGTTTTGATTGCGGGCGTCCTGCGTGCGATACGTGAGATGTATTACTCTGCGGTTGCATCACAAGGGCTCATCGAGAAGTGCATAGGCCGAGTTTTTGTGTGTTCGTATCCTCGATGCGTATCTTTTTTTGCCCCGGCGTTCGTCCTAGCAGGACGTTGCAAACTACCGACCTCAGAAAGACTATTAATGTGTAGCCGTGGTATGTCCCCCGAGAGGACACGATCAGCTGGTCGTCTTAGAGATCTAGTCCCCTGTCCCCCTCTAACTTTACCACGGTGGTCTCTGAGAGGAGGACCACCTGCGCCCTATTGCTAATGCCTTGGCGGACAGTGTGGCGGTTTGTTTCCTGCTGACCCAACCCCGGTTGTGCCGTATCTCCGAGGACCGTTTTATCGCTTAATTATCGGTCGTCATCACTCCAGATAGCGCATAACCTTGTTTTTGTAGAGCACCGGATTGACTTCTTGTTTAACGCTGATATTGTACAAAGAGGCTACTAACTGTTCGTTGAAATATAGTGTCGAGGAACGAAAAC,1376,49.78,Arabidopsis thaliana
SEQ_303122,TATGACAGGTGGAGACCACACGTCGGAGTTTATGCATTAATGGGGGGGTGGGAAAGGAGATGTCTTAAAATGGTTACTGATGCGGCTTGACCGCATACTATATGCAGGCCCGGGAGACGACTCATGCATTCTTATTGCCGATGAGTACCACAGGACAGTGACTCATTCTTTGTATCTACGAAATTGGAGCTTCGAAACCGGGCGATAAACAGCAAAAGTCTCTAAGCCACCGAAGAGCTCGGGCATGGGCATCAAATGGTGGTAACCGTGCTCACATGTCGCTTACTTATGTATTAAGCTTCTTTAATTTGAGGGGGAGGGGTCGAGATCAAACTCCTGACTACAGTACGCATCCACGAACTGACATTTCTCTAGCTAGTGGATCGCCCTAGTAAAGCATCGATCTACTCGGGAATAATTCATGTCATCCAGAGTCCGAGAACCTAAAAATAGCTCTTTTCTATACCTGTTTATCTTTGTCCGGAGGTCCTCATTTAAAGAACGGGCTCGCATGAAGCTAATACTTTAAAGTCGAGCGACCTCACGCCATTGGTTTCCGCCCTGTTCTACGAGAATTGGGCACCCGTGCTCGCATAACGAGAACTGAACAATACTATTGAAAATTCGTCCAGCAAACGGACTGCACAGCAAGTTGTGGTTGTGCTGAAATATCGATGGCCGGCCTGATACTAATACCCCCTATTTTCGGTTTAGTACGGGGAATCGAAACGCTAGAAACGGTTTGGTTTCGACTATGAAAGCCCAATTGGGGAAGTGACTTAGTTCTGAAGGAAGCCAGCTAGTTACTTCGATTCTATCATCGTCCAGTGGTTACGTTACAAAGAGGATTCCCTGTAGTTAAGCCCGGTGTCGCTCCTTACCACTGTCACCGAGGCTGATATGTAGACTCAGGCTAACACGGGCTGAATTCGGACTCGAAGGCCGGGGGAGTATGGTCTTTGTACTCCTAACTATGACTAAGTAAGTCTCGGAAGAGTTCCACCTGCCTGACCATTAGATGTATGCTGGGATGATCGAGAAAGCTCCGGTACGTTACTCTACCCTAACGTAGTTTAAGTAGGCCCCATCCGAGAGTCGAGCATCCCGGTATAAAATATACTAGGACGTATTGACCGTAAAACGCCCACCTTCTCTGCGTCGCTCTAAACTCCCATGCTTATCGTAAGCCAGCGTCTAACGCCGTACCCACGGAG,1214,47.86,Escherichia coli
SEQ_608799,GTTAGAAGGACAAACCCACACCCACCTACCACTATTAAAATAAAATACGACGGTACCGGGGTCGCTAAGCGTAAACGCCTAAGTCTTTTGAGAGGTCGGATTCTCCTTAGCCCATTCCTGAAGGGAGATTAAATCGAAAACGGAAGCCCAGGCTGCGTTTTTAACCCGGTCAGTCCCGCAAGCGTAGTTCCACATCTCCAAGACAGACGGACCTCCGTAACACTTCGGGGAATATAGTCCATGGATCATGTTCCCAGTGTACTACTTTGTAAATGTACGTATAGCTAACTTGGTCGACGAACGTTAGAGGCAATGCAAGGCAGTGGACGGATACGGCTGGCTCGAATAGGTTGGTCGGATGCTCATAATTATTCAAGAAATCTTCGACTGCCTTTTTGGGGGCCCTAGTAATATTGCACAAGCACCCAGATCTGGGGTCAAATGGATCTTAATTGCGAGATGGGAGGTTGATCTAGCATTAGAGATACCGCTTAGAAACTATCATTTCGCTTCCAACAAGGTCGTCAGGACGCCGACAAACTTCCAAAATCAGCCACGCTCTTACATGTGGACAATTTGCCTGCTACGCTTCTACAATACCGGACGGTGACTCAACCCGTCTCATTTCTGTTACAGAGGAAGCTCACAGGAATTACCCTTGCTGACGTCAAGGCCTCTTAGCGGAAGTGCGTTTACAGCACTATATTGCGAGACCGATGATCGCGAAGCCCTACCATACACGGACTTGGTGAACCCCTAACACTCGTAGCGTACAACCTTCTATATGTTATTGACTAATAGGACAGTTAAGAGTATCCTTCCCTCATCGTGGTTTGGCAAGTTGATGTGTTTTATCCTCCGAGACGTCCTCCCAGGAGCGTCGCTTCGCGTCGAACGCCCACCGTACTGACGTAAGGACGGCCATAACTCCGACGATTTCCTTCTGTCTATGGTCAATTCTTTCGGCCGTGCCATATTAGGCCAATGCGTTCGAGTGCGATGGGTGTGCATCTAGTGCTTGGTGGCACTCACTGGCTGCATTTGGGACAAACGACAGACCGCGCGGTAACCTATCCAGCATCGTATCTCATTAGTCGAGACATGCTCCTAATTGGGAGTTAACGGCAGCTCACCGTCGGACTTTTGTGAATCTAAAAGTTTCACAGGCAGTATACTTCCGTGGATCTGGCGGTAAATTCCGTAGCTAGCCCTGCTTCCTTGCACCTCTAACTGAAAAAATCGCGGGTACGGATGATCTACCGAGTACAACAAGGCACCTCCGTGGAGGTTGGCCTATGTATCTGACCTCTAGTGATATACAGCGGCGCGAAACAGGCTACGCAAATTGATTGTCCTGTTTTGTGAAATTAGTAATATCATCCCTACCGCGACTCCGTGAGGCACCATAGCCTGTGTATACGCTTTCCCTCAAGAGTATTCGTATACAATAAGCAAAATAGCCCTCCTGCAACAGTGATAACCTCTGGGCGACGAAGGGGACCATAAACATTCCCTCATCAACTCCCGACGCCTATGACTGTTTCGCGCCAACAACGTCCGCAGTAGAATACTGACTGAATTCGAGACGCGATACTCCGCGCGGGACGATTGTTACCAAGCGGCAAAAGCGCTGGAATAATAGTTGATCGCGGATGGCAAATGTGAATCTTTGCCCAGATATGCGTAGCTATCATACCCAGAGTTA,1705,48.86,Drosophila melanogaster
SEQ_783652,GAAGGCAACAACATGTGGCCAGGCCCGTTTGTGAACCGTTTGATTCTGTTCTGCTTCATGTAGAACCCCAATACTGCCAGAGAAATGGACCGCCTGCCTCGAAACGTGCGGATCCCCAGCACGTCCCGATTTTGGAAAAACGCTGTCCTTAAACGGTACTGTACAGATCGGCCACCCTAAGCTTAGACAGAACAGTATCCAACTACGAGGCTGTATCCTGAGGTCTACCGGCGAGCTAACACCGCGGCTGCGACTTTCTATCTGAGCCAGAAAATGTAGTTAATGTTAGAATGGGTTGGAGCAGCGCACCTTCGGAAGATCCAGAAGACGACCCCGTGCGTACCATTGGACGTACGTTCCCGAGTGGAATGATAACGATGCCCTTCTCCCCCTATCTTGCGTAGTAAAGCTAGGTCGCGACTTTTTCTTGAATGGGGTGTTAGTCACC,448,51.56,Saccharomyces cerevisiae
SEQ_754327,GTCCAAAGCCGGTCAGGCGGCGGTGAAGTGTTAAAGATATCTAGATACGGATTGACTTCCGCGCAAGAAGTAATATGTATTAAGCTGTCTATTTGTTTATGACGCCCCAGAGGTGATCTACGACCTTACGGGCAAAGGGGTGGACACATGGGCCTCTCAGCCGGAAGCGATATCGTGTTGTAACTGGAACCTTGTTGCGGCAGACCGCTCCGTGTTCGGACGGAAGATCGTTTACTGGGCCAGTTTACAAGTACTGCGCGTAAGAGCGTCCAGGCTGGCTAGGAGATGTCTACCATAGCCAGTTTAGGCCAGTGGGCGCAAGAAACAATAGGTTTTCTGCTGGCTTTATCCTTGTCTGCCCCAATTCAAAACCACGGGGACGGCACAGGCTGTTCACGCCCGCACCTGGCAATCACACGCCAGCCGGAAAGAGACAGGACGCAAATGCATAACTGGTACATAACGCAAGAGGACACCTCATCCGGCAGTCCCTCCTCCAAAACGAGTGGCATACGGTACTGGGCTGGGCTACCGTGTTTGCTTAGATACGCGGAAACGAGCAGGTTCTCGTGGTCACACACTGTCGCTAAATGGGGTTTCGCGTAAGAGATTTAAATGGGGCAAAATGCTCCCGCCGCTTATCGATTGCGGTCACGTAATCCGCGGCCGGGTTACGATGCGCGCCAATCGTGCCAGACACCGTGTGGTCCACTAATTCCAGGAGCAGAGAACTCTTAGGTCACTAGCGGCCCATACTTGGTTACCGACATCGGTGCTCTCGCACAGTTACAGAATTATCCAGCGGACCGGATTCCTATGACCTTGGACCTCAATCGGAGAGTGGTTAACGCGTGCCCAGTATTCTACACGGGGTCACCTGTGGCTCCACCCTCCACCGGAAACAGGACCGCGTGAACATACTAGTGCAGGCCGTGGGGACACCGTATAACAGCTTGGCTGACGGGTTGAACTGCCGCCCATGATAGGTGGTAATGTCATTTAGTATATATTCTCAGGTTAGAATCCATAAATAATGTGCAAATCTCGGACGCGATCTATTGGTCTATGTCAGCGAGTCCATCGCGTTCTAGTACATCAATTCAACTAGAGCTTCGACATTTCCGCGGGTGAGACGGGCGCAAATGCACCAAGCCTGGTTTCGAAGCGACCCTTACAAAAGTTTATTCGACTGGCGCTGCCCAAAAGTTAACGCATACCCGCCGGTGTCTCTTGTCCGAGCCAAGGACGCGCTAAAGTGACCCTTCTCTTCCATCTGCAGCCTAGGGTTCTGTACCAGAGACTGCCTTCAGGGCTGCCGCCAGATACGCCGGAAAATCGACCAAATACCAGGTACAACACGCTGGTAATCGGAGAAGATGTAGTACTAGACGCATCTTAGCGTACAACGTGCAGGGGTCAACATTGCGCAATCTCTCGCAAGGCGCCAGGAGCTACAACACTAATGCGCGAGCTGGTTGTTT,1481,52.87,Caenorhabditis elegans
SEQ_147388,CTTCTGCGCCAAACCCCGCCGAAACGGTAGTTAACTGAGTCACGGCCGTCAACATGAGTTAGATTTCAGTGGGGGCCACTTCCCTTCACTTAACCGCCCTGCCAAGGCAAGAGTTGTCATGCGCTATAGAAAGCAGTTGTCAAGTTGCGTCGCAATGTCGTGGCGCCAAACGTCCGCAAATGTGGATATTCCAGGGGAGCCCGTTGCTCGAATCATTGATGAAGGAAAATCTCATGGCCCGTGCACCCATTTCAGCCCCCTGTAATTCTGTCGCGCTTCGGCTAGATCTAGACGTCGTCATTAGCTTAAACTGGGAGGAATACTCTAGGGGATCCATGCCACTTATTATCATGAGATGCATTGCCGTCACGCCCGGGCTTCCCCACTCTAACAATCCGCGCATGGTCCAGCCATGGATATCAGGGTTGTATAGACTGAGCTGCAGTCGAGACATGCCGGGATAATAGGATCTCGACCGTTATATATGAGGCTTCGTTACCGCTGTCGCTATTAACACGCGATGGGACCTTGGTGAGGTGTTTAAAAGTGGGGGCTCTCACGTCGAGGAACGCCACATCAATGTGAACCAACGACTTAGTATTGCCTTTAGTGCTGATTATCATACCGACGCGTGCAGTCAATGAAAAGGCATAACATTAGAGCACGACGCTTGTAGTGCTCTAGGAAACGGTCTCAATAGACCGCAAACACCACCGGTGGGAAAGACACATGCGGCTTTACTACGTGTGGTCTACCTGGCAATCCATTCATTCCAAGTGTCGTTCAGTTGCTAACGTCTCAAATTCGTCGCTGAGATTGCCTAATTACTGGGACCAAGGAGCAGGCAATACAGCCGATCTAGAGCCGGAAGCGCTTGACGAGACAGCTGACGGTCAAAACGTATGCACGGCTTTAAACTTTCGTCTTATCACCTACTATCATCCATATCTCCGAGGGACGACAAGGGCTGGTAGCTATGCTAGTAAGCCTAACGTGTGAACCATAGAGTTTCCAAAGCTACAGAACCTGATCTTATATTTTGTCAAAAGGTACTCGAGGCGTACGGATCGGCGTTGCTTATGATACCTATGAGGGCCACTGAATCGGGCCTTCTATCGTGGGTGCAAATATTGCAAGTTCGGTCTTGACGCTGTACTAGGTCTGTCGCGCCGCTTCGGCTA,1181,50.3,Caenorhabditis elegans
SEQ_570181,TGACGCGCTTGCGTACCGCCGGATATCAGGGTTCTCAACTTGTGCGTTGCGTCCCTATGCAGTTTATTCGCAGGGTCGGTCACACTTCATCGCAACTCACAACTGGTGCCCCTGCCAAATCAACACAGCCCAATGTTCGCAATTAATACCAGCCGCTACCCATTCTCGTGTCTTGCCGGGATTAAGATGCGCTTGCGGCGGCTGCACTTAGTGAAAGTGGTTGAGAACCTAGACTATCGATCAGTCCCCGAAGTTCATCTTTGGCAGCAGAATTTATTGCTAGCATTAAAGGATGCGGATCCTCCATTTGTGTATTTGTGATTGTTTGCTATGGGCTTGCATGCCATGGTGAGGTGGGTGTTAATTCAATTGGCGTAATGTCACAGAATGGTGATGGATTGGAACCATAATCGGGGGCGCTATGAAGCGGAAAAAATAAACCAAGAACGAGCCCACCCTTATTAGCACACCCTGAGATTGCCCTCCTCGCTTATGGTCATAGCATTCTATTTAAAGTATATGATCTAGAAACGCTAACCTATGCTCGGGTCAAGCGATGGCCGTGATAGAAGCGCTATAGTGGTGTCAAATATCATTACGCAGCGAGAGTAAGGTAAGCCATGTCAAATATAAGGCCAATAGCGCACGGACGCCTAGAGGTGGGGATGTGACGAGATTCCGACGT,685,48.47,Saccharomyces cerevisiae
SEQ_457140,GAGGTACTTTTCAAAACAAGCCATGATGTCTCGGCGGTTATCGGCGCGGAATGTTGACACGTAGTTCCGACAAGGACGCCACTCTTTACGTTGGAACATAGCGTATTACGATGACATCTATCAATGCCCGCAAACTACATAACGGTCTGCCAACGAGTGTCCACCGGTGCACCTCTAGGCTCAGACGGACTTGGGCTAACCTGAAATTCGACCTCCTTTTTCGTAGGTTCGGGTTTCTATCCCATACTCTTCCTGTCAAGAGATGCGCCTGATCCCTATGCGTGCTTGTCCTCAAGTCGATCTAGGGTCTAAAAGACACAATGAGTAAGACTGACAGCGACTTCATCGAAGATCACGCGTCTCCGCGGTGAGGAAAATACCTACGTTGACTGGATCGGGTTGACGTTCGTTGCGGGGGGATCAGGTAAGACACACCCTACTGCTGCCTCAGAGAATTAAACATAAGGAAGCTTAGGCGCCCTCTGAGAGTTATTTCTAAATAACCCAAGTCTTATAGCATGCTATAGAGGTACGTCGCGACTACCAAGATGCTTAACAATCTGTCTGTACGCGAACTAACTTATGTCGATTCTGTTATATATGGAGACCTTTACGACCTCTACAAACTGTTAAAAATCGTTCTAATCTCCAGTGTAGTCTTGCACATTGTGCTATCCCCACTTATTCTCTTGAAGGCTATACCTTAGTTCCGTATGGGACTGGATCGTAAATTCGTGAAAGTCCCTAATTAGTGTCGTGACCCAGGCCGGAGTTACGTGGATGAGAGGCCGTAACTCCAGACTTTTGAGTGGGGACCGGTAGCATCGCAAGGTAACGCGTGGATTACGCGGAATGTGGTATTCACACTGAGCGGAGAGGTTACGTGGTCCTTTATTTGCGCAGGCCAGGAGCCCACGAGACCTGATAGAGCGACCCTTTAAAACGTGTTTAGCCGCCTCGAGATAGGCCACAAAGCTGGGACTCGGTTGGAAACGGCTTGCCGAGGAGAACAAGGAAAGGCCCTACAACGCCCAACCAGCGATCCGCATGAACTTGCTGCCTCGGTGGAGGGTATGTAACATAGTGTAGCTTCGCATGACTTCTCCGGGCGAGTTTTATGGTTTGCGAATTTTTTACGTGCGGCGTCTCGTTCTCATTACTTTGGTGAC,1169,49.19,Arabidopsis thaliana
SEQ_379052,GTCAGCCGACCGAAAACGGTCTAGTAAGTCCGGACGCACAGACTATAGGAAATGGGGCTCTACTAAAAGTGTTTTTGTCTTCAGATTGCAATTTTTGTCCCTTCATGTGAACTAGTTGTCGCCGCTTTAGTTGGGGGGGCACTTATTGATGGAGCGGGTCTATAGCCGTTGTGTTATTTGGGGCCCGTCCCGCTAGGCTATAGGAGCCGTAAGTCGCTGCCAGGCGGCAGGTATCTGAGGCCAGGTGACAACACAGGAGTATCACACCGGCGTGCCTCCCTATATCGCTCGGTGTCACGCACGCTTATAGCGCAGTTCGTGCGCTGCGCCCATTGGCCTTAATTGTGCTACTCTGGCCACTTCTGGCGAGCATCCCTACGTGGCGATCAACTTAAGAGCATGTGGACGCTGCAGTACCTACGTAGCTTCCCGTAGTGGCGGGAGAAGTGTGCCCTGGTGCGTAGAGAGGCTAGATTAGTCATGCCATCAACTTGCATAGTGTTCTCAGTGATCCAGGTTGCTCTAAGGTGCTGGTCGGGATAGCTGGACACTTCGGCTACCAGGTTCGTACACACATATAGATAAGTGTCAGGCTGAGTCGTTGTTTATGCTACCGATCAACTCGTTTGTTATATACCGTATATTATACCGACCCTTAAGGTTGCCCTCGGTGATAGTTGTAATTCCTCATAGCTTACCTAGTGAACCTAGTAAGGTTGAATCAGTATTACCCGTTCTACTGCAACCCTCGGGAGCATGCAGGCACTGAAGCCAAACGCAGTCACGGGAGAGGGCCGTCACAATCATTACAAGGCCTGGCGAATCGTCCAACCTGCAAGGCCGGCGGAGCGCAACCGGCGCGAGGGGGTTATAGTCTCAGGATGACCTAACGTATGACGAGATCAATTCCCTTGGTGATCCCTTATGCGTTAAACATAGTATTTTATTCGGCGAAGCACACGCCTGTATATCCAGCAGTGCACCCCTTCAACACATAGTTACCTGATACCCGCGCTACGTGTTGAGGCGATCAGAAATGGCTAAAGCCTCCGCACGTCATATGAGTCCATTTGATGTTCCAACAAGCGTC,1090,51.56,Homo sapiens
SEQ_725063,GTTAAAGCTCAGCTTGTCACGGGGGGCCTGAGAATAGTACCATATCGTTTGGGTCGTCAGGTCTTCAATCTGGTTGCAGTTAGGCACCTCATTAATTGAGAGACGGCGTGGTATCTCTACAGAAACAATTTCTATTCTACAGTCGTAACGCACGACTTAGGACAACCTGGCAGGCATTTGGAGAACTGCCTCAAAATCCTCGTGCGCGGAAGCTCCTCGAGTTGTTTGTATCTATCGATACCCATTGGATGTGCGACACAATTAATGTGCAACTTCGTCATATGCGTAGGTCTTCGAGCTCCGGCGCGTCACATGGCTAAACCGGCATAGTCGGGAGGACATCCATGAAGCGAATTAGTTCACACCATGTGGGCCTAATCAATCCGGTGGTCGATCTCAACAAACATAAACTAACTTATATACACTTAATAATAGAGGCTTCACAATATTGCAACGTAAGCTATTGTTGATATTGATGGCCGTTTGGACAGCCGCCTGGCCGTTCTTCAGAGTCGTAGTCGGGTGTGACATCCTCCGTGTACATATTATTTGTGCCCCAACGGTACACATAACCTTTTCTTTTTGAAGTAACATTAGGAGGGACGGAGGGGCTGATTTGACCACCAACGAGCCATCCGGTGCTGCCCGACCGTTATATGTCGTGAAACAAGTTAGTGAGACCGTTTGAGCACGTTATTAAGACCGTAATTTCACGATGAGCACTCGTGCATTCTTCACCAACGGGCAAACGTTATCAAACATCATGCTTAGGTCAACTAATACTTCTGGCAGTGCGATACATTACTGAGTTGTTCGAGTTTGAGGCTATTAGACTCGTCCAGCACGGACCCCTGGTAAAATAAGCAACGACCTTAGGAGGTCTGCGTCTAATACGCATTGCGCGAAGGTTAACTCGAAAGACTCTATTGTTTGAATCAAGTCATACGTTCGCGCCGCCAATGACACAATACGATAATATATTGTTTTAGCCCTATACAAGTAGGGCAAATTAAACCCAGAAGGGATACCGACAATTGGCGAAGTATGAGACCCTAGGTAGAAAGTGCACGACACATCGTTCTGCCGTATAGGGTCAGTTCTCCACCTCTTGGTGCTGAGGTTCTTCGAAGGCAGAGCAAACCTTACACGCTCGAGAATTCATCTGGGTAGGAGAATGTGTCTGACAGTTACACCACCTGAGCTATAGCTCCGTCCTATGCCCTGAAGGCGCATACGACTAGTCGTTACCGCGCTACGGCTTGGAAGCACCATATCTTTCCATTCATTCAGTACCCAAACTGTTAGGGTTTTCAGGCAAGTGGAGCGACGGCAGCGAGTAAGAGAATTAATGTCCTAGGTATTCACCTTGTAAGCCAGCAGCACTTCCAAAGACCCTGTACTTAATCGGATATATTCAGTGACCGAGTTGCATCTCAACTACTATAGGAGTAGCGTGGTACAAATCGCACGATGTATCGAAAGGTACTTGTCTCGGTGGCAACTGATCCCGGGGTGTTTACGCACCTATCGGTGTCCGAAGAAAATCTACCCATGATAAGATTATATTGTCGAGGTCAAAACGAAACCCGCACTTAAGGGCAGCTTCGACCCTCGTAATTTCTCCTGTGGTCTTTCTG,1637,46.92,Homo sapiens
SEQ_839932,AGGCTTCGACCTATTGCACTGGCATGGCTCTGTACATATTGGATGTGTTC,50,48.0,Saccharomyces cerevisiae
SEQ_895982,TAAGTGTACAACGATTTGACCGCGTTGTCGGTACGTCCAACGCGTGGCTAACCTTAGGCGGACGATAGCCGCCTCTCCGTATGCCCATGCCCCTGTAAGCTGGGGCTAGCGACCTTTCGAGACTCATAACGCATTCAGGGCTTCCGGAGGTAGGTGGCCTTATTGCGGGCAGCGGGCAGTGTGGATCTGCTCAAA,195,57.44,Homo sapiens
SEQ_661608,ACCGGACTCTTTTTCGGTGTCAGGTGCAGAGCACAAAACCGCGCGCACTCTCCCATAATAAATCTTATGCGACCTTGGACCGGAAGCGTCCGCCTGGTGCTTCTAGCGCCCCCTATCGTTTGAAAGACGTTCTACGCGGGGATGATAATACAGTTCCTAATAAACGGTAATTAGCTCCTCTCGACTGGACCTGGTTTACGATGTAGAGCCCTAAGCAAGGGTGCGCGGGAAACTCGCGTGGGATAGTAGAAGCGACGAAATTGTGTAGGTACCCCAGGCTGAGTAGTGTACTATCAACCCCCGCTCTTATCTTGCCGTAGCGGTGCCGAGAGACCCCATCTTGGCCATCACCCAACCTCGGTCCGAAGTGTCTACCAGTCTGGATAGTGCGAATACTCTCCAAACTGCTAGCTCGTAGTAACAACGCCTAATTCATGCTCAGAGACGTCTCATCCAGACCTCGCTCGAATCCCGGCATCGTACTCTCGGGTCGCTTACGGCGGCGAGAAATATTCCTTGAACAATACAAACGGCGATGCAATTGCGAGGGCAGCTGGCTTGGATCTCTCGTACCTTCAAGACTTAAATTTAAGTCATCGAACTGCGGCCTGAGGCGTAAGTTTGGCGAACAGGTGTCTAGCGCTAGGGGCGGTTGCGTTCCACTTGTACAGTTACAACTTCCTATTTTCTAGATTACGAAGCTTGGGAGTCCACTGGGTAGGCGAAGCCGCACCGCATGGATCGAAGCTTTTCAACATCGCTGGTGTGTGGGAGTCGACTCTGGGCTAAAGTTTAGCCATCGAAGAGAGCAGATACGACCCGCCGCGCGACCAAGAGTAGGATTGACGGTTAGGACTGTTACCGATGATTTTAACCTCGGGTCGGACGA,889,52.53,Escherichia coli
SEQ_182565,GGTTGGTCGATTTTCGGCACAACTAGACACCGTTGTTCACGGGTCTATCCGAGAGGCGGGGACTAGCTGTCCGGAAATTTTCATGGAAGACTCCTATGCAGTAGTTATAGCACTGCCTCCGACGTACCTTTCGCCTCTCGACGTGTCGTATACCATGCAGCAATGTCCAATCCTACACCGAGCCAGCGAGGAGGGCGCAACCTAGCTTTTATTAGTCGAAAGCGGATCCGAGGAGGACCATGCCCTGCAACGGCTCTGACGAACTCATGGCCGTATGTTATCCAAACATCGAGTACGTTTTTAAGCATAACTTTGTTAGCTGGGGGATCGCACACATGGCCTGTTGATTGGCTGCTGTAAAACCGGCCGTGGGTAGTCCACTTGCCGAATTAACGACCTAAGTCGGGAGTTGAAAGCTCATCCTGGCTGTTGGTCTTCTGTTCCGACGGCTTCCACTTCGTTCTCTTAACGTTTATCTACGAAGGTTTTACAGCATCCAGGTACTTACCTAAGCCTATGCCCAGGGTGTTGTAGGCATTCCGTATAGACAAACACCGGTATGGGTCCTAGGTTTTATTCGACACACCCTCGCCATCAGAAAGGATGCGTGCTACCCGCTGAGGGAAAAATACACCGCACCGTCCGCTATCTCTCTGTTTGTTCGGGGTGTTACTCAAGCACACAGAGGTACAGTACAGCACAGGTTGCAGCTCACGCTATACGTATAGACTCGCTACAATCCACCGCCCTCGCCGCATACCAGATCTAGGTGTGTGGTCGGCTCCGTAAATTCGGAATGTCCTTGGCAAAACGAGGCTAGACTCTCAGAGACGCGAAATCTAATCTCCACCCAATCTGGGTGATATCATTTAAACGTAGTTGGAGGGAGAGTTCTTTTCGGGCGCACTCTGGTTGGTCAACTAAGAGCCCTCCTAGGACCAACTCTTACCTATCCCGGTCACGCTGCCGAAGAGGGGAGCCGGATGATGATATAACCATGAGGCAGTTCGAGATAGTTCTATTAAGCGACCTGGACCGCCGCTGCTAACCGCTTATGACTTGCGTCGTGTGTTGTCCTTCTCTGTACTCCGCTAAGCTACGAGATGGCGTCGATACACAATTAAGCGTCCGATAGACGTGGCCCCCACTGTAGTCCCATCTAAGACTCGGTCCCCCCATCGAGCTGCACTCTAAAATCTACCAATGTGCTAATGTTCTCTTGCAGAGGGACTTAGCTAATAGGTCAGCAGGATACCTGTCAACCAGGACTTTTCCCGTACACGGTAGGTGAACAGATAGTGCCCCAGCCTCACTCTAGCATCGCGTGTTAGGGGGTTTAGTAGTTTTTCCTTTCGCCTCCCCAGGACTAGTGATACACCCACCGACTGGCGGTGCTAACCTCAATCACGGGCTGTGTACTAGCAGTTGGTCAATCCGTGGCCGCGGAGGTCGAACTATCTACAAAGATTACCTGTGAACAAGGACTTGGTCAGGCCATGGGAGCCTGATCCTGCGAACTCGACCAGAAGACACCATATCCTCTCCATCCGAGGACCTTATTGGCGTAGGATGCCAGCCGTAGTGGGCGCCGGCCTAAACGCTAGTTAGAAGCACTCTAGATTCGTCGACTGAATCTAAATTTATCGGTACCGCACTACGCTAAACTCCTGCGTGAAATGTTGGTGATGGTTACACGCAAGTACTCTACTAAGATTGCATTAGCGGGCATAAAAATATCGGGGTAGACATACTCTTAACGGCTATATGTTTTCGAGCGGGGGCCCTCGTCATATTTAGG,1798,51.22,Mus musculus
SEQ_181156,CAATCTTGTGAGAGCGCTTCCCGCGCGTTCCATACGCACCCAGGCCTCCTCACCGTGGGTGGGCCTGACATGCAAGCGGTGCCAAGTCGTCTGTCCGGTCGGCGCAGCTAGGCATGTCTACGTGCCGCTTTTCATGTGTTCTATGAGTCATGTCCCATAGGTACGGTCATCTCCCCCGCAATTCTATGAGCGCTGACTGACGGAGGCTGAGTCTGCGTCATGCTGCAGACTGCTAGAGCCGACAGGACTAGGCACGCCCACTACCCAGTAAGATAGCTGTTGACCTTTTATAGTGTCCAACTCAGGCGTGGGAGACAGGCGGGTAGGTGTACATTTGTGACTCTATTGTCAGCTGGTACTTTAGTCAAATCCATGGGGCGTCGAAACATACAACGTGCTTATGCCGACACTTTCGGTTGCTCTAGGTAACTTTTAGTTGGACTGCCTTGCTGGGGGGCTCAGGTTGCCGTAGCCGGCTAGGGATGCTGATTATTGATGACCAATAACTAATAGTCCTACCTTGCTCTTACACCTACACATTTGTAAGTGTAATGCAGGATCTTCTCTGCGTACTCAACAGGAAGCTAGGTTTTGTGCACTACCCTGTATATTTGAACCTTCAGGTTGTGCATCAATGACATGGGTGTATAGTTCAGGTGCGGGTAATGGCAAACAGCACGTTGGCCATCCAGTAGGAAGTAACACGCTACGAGGTAGTTCGGTGCAGAGCACATGCGAAGGTGAATCCATTGTAGAAGCGGTCATCCTAACTAGCCGTGACCGTTCCGATTTAACGTGTCAACTAATCTATACGGAGTCGAATTCGGAGTACCATTGACGATTGCTATACGCCTCTTGCAGGAAGGGTACCACCGGGTACAACCAAGAGCGTTGAGCCAGTCGTCTTGTGGTACGGCCGTTCGCAGTATAAGGGGCCCGGCGCGCACCCAGAAGCCAGGAGATCTTTGTTCGAGGTATCCGAGTAAATGTCTGGCATGGAACCCGATACTAGGCAGATCGACTGACACTGTATTACCACCGAGAACATCCACGCGGATGGATGCCGTGTCATAGTCCAGGCGCATTGATGACGCCGGCTAGCGCGTGAGTGCGTGGCCTTCACAGAATGTAGGTTTATTGCCTTCCGGGAAGAGCATCGTCGCATTCGTCGCCATCACATCGATGGCGCTGATCTCGGACCTCCCCTGGGTGCGGCCAATGCCCGCGACTGCAACTTCAGGCCAACTAACAAAATGAAACCCCAGCGGTGTTCGTGTTTCACAAGCTAATCTAGTGGGCCTATGCTTATTTACGTCACGCTATTCCAGTCTTGTCCTTTCACAGCCGAAGGCAGGGGCGTTTGACGTAACACTAGAGGTCGGCGACAAATATTAAATCTGGCATTGAATGAACTGTTATTTCGATCAGGGATTACGTGCCAATGGTCTGGACACGGCAAGCGAGTTACTTCAGTAAGAGGTGCCTCTGCTTAAGCTCACTACAATTGCACTAAGCTGGCTACGTGAATTTGGTGGTGTGTGGGGCTGGGAACTGTCTGACTCTTAGTCTTCCGTTCAATCTACAAATTGACCGCTGGCCATCTACAATAGTGTACCGAAGCCATCCCATGGTAGGCTTTGGTTAGCGAGTGCTCCGTAGCTTCCCTTCGCGATCAGTGGTGATTAGCCCCCAAACACCCCTCGGTGTTGACCGGGGCGACACGTTTCGAACGTCTGCCGACGTATTAATGCTGTCAAGGTTGAGCTGCCAACCGTGCGTTGTATTAATTAAATTCTTTTAACGAGACTCACCCCAACGTGACGCCCAGTAAGGTAATCTGT,1841,51.77,Drosophila melanogaster
SEQ_138015,TGGCGGCATTGCCTGTAGAGCTTATATTTCAGGGGTCCCTGCCTGGACGATCGCCTGGCTGCGCGGTACCTATTATTTAACGACCGACGTACCCGCCACTGTCGATTACCACGCCCGTGCTGTAACGATGGTGGATATTCCTGTGGCTATTAACCAGCTCTGATACAAGATAGCCAGTATAGGTCAGTGCGTCAACCGGGGCTTTTATTCACCATCTATGTGAATTGATAAACATACGCCTTCTCACGAGTATTCTACGGTTCCGGTACCAGGGCGCACCAATAACGTCAAGACTAGAGCACTGACCTGTCGCGAAGGATATTGCCAGCGTCCGTTCCGATGGCCGAGTCAGAGGGGTCTCCAGGCTCGAATTCTAAATAGTGTCCGCAACAACTGCAGGTCTATCCTGGCTCTATAAATCCCGGTATTTCAAGTATCAATCACATTTAGCAATGAAATCAAATGCCTTCTCGTGTAATGGCATCAAGGTATAGTTGCATCATCGCCCCGGCCATTTGGAGGTACATCAAGCTTGGGTCAGCTTAACGTAGGGCAGGTCTTGATCAATTCGGCCATAGAGATATTGATTAACTTGCCGCTGAAATACATCGAAGTTTTATTTAATTCATATTTCGACTGAGCGGCCGCTGTCGAGGTAGTCTATGCTTAACATATCGCACGGAGGACTGGTTGGGGGCACTTCCTCTTGTCACGATGAATACGATCACCGGCATAGGTTGCCCGTACACCGTCGTTGACTTCGTGTCGAACGTCCAGCCTTAGATCTGTCAGTGATTCCACCAGTTCGCGCACATGACGGCTCGTCCTCCGATAACAAACCGTACCACGCGCGGGAAACGAACCAGGGCTGCTTGATCGGGAGATCGCTTTCTGCACGCTTCGTTGCGGGGGTGCGATCACTCAAAACCCGCGTGCCGGTCGGTCGCCGCCTCGAACGGGTCGTCGCATAACCTGTGCAGGAAGCCAGAAAGGCGCCTGCCTTACGCATGAAGAGATTCTGGAGATAGGACAAGGCGACATTACACGCGTCAATGACTAGCCTTACCGGAACGGTTCTGAAATTGAGCACAGTGACTGCTCTGGATCAGGACTAAATGGCTTCAGGAAAGTAAAGAA,1137,51.19,Escherichia coli
SEQ_647125,ATGTCTAGCTAACAGTCGAAAGCCTCTTGTCTCCAACGATTAAACTAGATCGGCGCTTTAACTCCCCCATGTCAAATCGGGTACACAGATAGCAGAGACGGCTCTTACTTCGCCACTCAAGTAGTGTGGCCCTCTCAAAGTCATGGTTCTTTAGAGTTCCCCCAACCCTCGGGTATCATTCAATCAATAAGTAGTATGAAGTTGGGCATTTCTACTGCCTGGATTCCCCCGGTGCCAAACCGAAGCTTATACGTCAAATCAAAATATGGAGCACCTGACTCTACCCGGGGTATAAAGTACGCGATGAACAATCGGTCGATCAGGGACAATTATGGATGGTCACAAAGACGCGTGTGGAGTATCCGCTGGCCAGCGACGGATACTAGGGGTATTCGTTTACACAAGAAACTTAAGAGCGCCGAAATGCGGGCTTGACGTCGGACAGGATTGGGTTGTAGCATTCGACTAAATCCGTGATGGTTCCGCCCGCGATGTGACTATTCAGTGTACTGCAAAGCCGAGTGATGCCGTGCATACCTGTAATCACGTTCATTATCGCGAGGTTACAACGGGAGGCGTGGGTTCGAATTTCGGTGATTTCTTCGACTTGGTGAAGTTGTTCTACATGACCCTAATCAAATCCTCATGACCATGATAATTGGGACGAACCGACCCCCGAAAGCACCAACATAGCGGCACGGATATTCATGCCTCATGTGCAAACAGCGGCAATCCGCCCATGCGAGGGGAGCCAGAGCATATCGTCGGATTTTGATTGCCGCCGCTCTAAGTCGTCTAGTCGTGATTCTGAGCTACGATAATCTCGTACAAACTCTCGACATGCTCCGTATGCCAAGCCGCCAGTAGAATTGATGCCGCTCACAGGAGTACTGCATTAAGAACGCTGCGAGTGATGGTAATCCACATAACTGGGCCTGAAAATCATACAGCAGCTCTCATCAGTGCCAATGAAATCTGAGCAAGCATATCGAAGCCTCATGATGCAATTTGTTTCTATGAAACCGCTTGCCAATCGACCACATTGGCAACGAAGCCGCTTTTCGCCTGCACTATCTTACTTCTATACGAATCTGACCCCAGGCAAAGTTCCGTGCCGTCCCTGACTTTATCTCGAATTTACCGCTTCGATCCTCTCGGGTCGAGGTCAGTTTAACGACCGGAGCGCTCAGCAGAGTGGCCTCGAGATTAGAGGAGCACTACCTATGCCGGAATGACCGTGGATTGTGTTGGGAGTATTTGAACACGCAGACTGCGAGCGTCCTAATGTACAACTCAGGAGAAGCGAAATAATCGACTAGCAGATTGATTACGGCACAGTGGCATGGACTCAATTTCGACTACCGTTTAGGGTACGACCTACACATAAGCTGCGCGCCGGGCGCCCCTACCGCGGA,1415,49.96,Caenorhabditis elegans
SEQ_361947,CAGAATTCTATCCTGTCCTCGCGTGCGGCAGCGGCTGACAGTGAGATAATGCTTGTGGGCGTTCTCGTCTCTTTCACGGAATATCAGATGCCTCTGGCGAGAAGAAATGACATACTAAGCTGCCGTACAGTATGTCTGAAAGCGGGGAGAGTTGGGAAAAAGATAGTCCTCGTTGTCTAAGTGATTTTCTTGTTCATCAAAGCTGAATCAAATTAGAAGAACTTCACCTTCTCTCCTGCGAAAACATTGGTGGGGGATGTGATACCGTTGTAACTAGCGGGGCCATTCGAACTAACCAATGGAGCTGAGACGATAAGACGCAAAGTCGGTACCACAATTGACTTAGGCGTATGCGTTTTACCTACTGTAGTCGCCGAAATTAATTTAGTGCTCACGCAGGGGCGGCTGTTCCCCGGGGATATAATCT,427,47.54,Escherichia coli
SEQ_731734,AGCAAGGGGCCTACAGGGCAAGAGCGAACATAACCCCCGGTTCCTTAGATTTAAACTTGAGATTACCTGGTATCTGGTAATAAAGGTATAACAGGCCGAAATGTATAGAGGCCAATCGTACTGCTACAGACTCGCGCGTTCAGTGCAGCTCTACGAGGCAGATTATGACTAAACACACCTCTCAATTTCAGCAGCCTCTCGGACCCAGCCGCAAGCGGTTGTAGCGGACGAGCTGCGGGAGTTTAGCGAAGTCATTGGATTCGGATCCCCGACCTTTGGCGAGTTTTACGCAAGACGGAGCTACGTTATAAGGACGCGATAGTTCAAGCGCGTCAACTGAACGCTTTGTGCCGCTGAAGTAGTCCCTGGCGCATACGTCAAACGGTCGTTGGAACGCATATAGAGTAGTTACCTTCCTACAAGAGGAACGCATTTCTCAGACCAATGATAGTACTAATCGCAAATGCGGCCACACAAGGCCAGTCTTGCTTCTTTGTAGGAATGACTCGTTGTGCGGTCCTCGAAAAGGACTGAGAGCAGCTGCCCCTCACCTCGCAGATTGATCTGCCATGAGTTCCAACCGTATAGCAGATTAGTATACCGCGCATTAGCATATCATGGACTTTTATGAACCACTCTAAGTCTTGATTGGACGTAACTCGTGTGTCGAGCGTTGGCATAAGATGACCAAATGTTGAGGTCCATAGTGTAAACTGCAACGAATCACACTCTACCAACTTAGGCACTACGCAAGTGGATACCTGCCGAATGGTCGTCGAGGAGAGTTCTGCGTGCTGAGTTAGAAGCCTTAAGGACAGGTTGTCCGGCCACGAGCAAAGGAGCGACTCTGGACCACTAGACGGAACAAGGCCCGTCGTTTTACTCATCAGTAAGGTGCTACATACAGCATTTATGGGATTGGACAAGGTCCAGTCGACGTGCGACAGGTTGCATAACTTTATAGTTACCATACGCCCAGGTTTGTACAGCAGTAATCTTGGCTGCCCTACTCTCTGTGGACTCGCCCAAATATTACGGTCGGATCCAACACCGCGCCAACTGGGTTTTCCCAGCACATGATCTAGTTAAAGTGCAACGATGCGTTAACCTCGGCCTACTGGGGAAAACACATTTCGCGCAGCGCACGACAATTCCTATGGGAGCTCCTTGGTTGTTCATAACCGCCGACCTTCCATTGTACCAAACGATGCTTGTG,1216,49.92,Caenorhabditis elegans
SEQ_723954,GTGTCAGCGGCATCCCAAATCAACAGATGATACGTCTACCGGTCGGTGAGGCCGATCTTTCATAGACTGATTTAGTTTGTTGGGCATGTTGTTGCGTTAATTAGCGACTAAATTATAGTCGATCTCATCTACGGGCGCTCCAGCAACGTATCTACTCGCGGCGTGTCTATGCAGGGGATAGAGGATGGGACAACCAAATAGGTTCGAGCAACAGCCCTGTTGCCGCAAGGTATGGTGAGACGTATCATGA,250,49.2,Homo sapiens
SEQ_636462,TAATCACCCCATACCCCACCAGAAACGACCATAAGCAAGTGTTAGTCTGTCAATTCCACACCGCGCCGTAAACGGTGGCTCGTACTAACCCGTACCACAATGCTTACAAACTGCAGTCAAGAGGTCAGGACCTTTGATTCTCTTACCTGCGACGCCGTATATCGACTAACCAGCTGAACGAGCCATAAAGGACAGCAGTTTGCGGGCCGATAGTGAGAGGCACGTTGGTGGTTACCGTTTTGACCTCAATTAGGGCCGCGGTAGTGTAGATAGCATTACCATGTGGATAAGGGTGTAGGTAAAATAGCCGTGACCATCGGTACTCCCGTACGGTGCTGGGTGGCGATCAAGACTGTTATTTAGACAGAGCCG,372,50.81,Homo sapiens
SEQ_303228,CATTGAGAGCCCTATAAAGGTCATACCGGGTTCACACCGTTTAAGGATGAAAGCATACGGGTAAGATAAGTCGGAATGAGGTTCCGAGGAAACTCGGCATAATGGAGTCTATAAGAATTCGCAACCAATGGCGATAGTCAATAATTTCTGAACTAGGGCGCTAACCTTTGCTACGGGTAGTGGACCAGGTGAACGGGTTATGGGGCCCTGTTTGCCGGTGGGGCCGATGGCTCGGTAACCCTGTATGTGTGATACCCCGGGCGCTGCTCTAGAGAAGCTACCCTACAAGGTAACCTGCACCGTCCGTGCTCCCGTCGATGGTAAACCCCTACGTGGATGGCAAGGGACATCATCCGATGACCCGATCTCCGGTGCTCCAATAGCGATTACACCCCCCCTCGATGGCTTCGAAGACAGAGCGAAAGCGTCTCAGGGGCCCAAATTGGAGGGTGCTTTCACTAGCTACGAGATAAGCCTAAACCAGCTCTATCACATACGGTGCATTGGGGTCGCCCGCCTGTCTGCGCAATGATTGCTGTAAAGAAAGAGCCGGCTTCGGTAGGACGGGCTTAGGCTCCGTAAATACAACATGTATCGCGTGGAAGAAAGAATCGTCTCTTTTTTCGTACTTCCTAAGTAATGCAGGCGTGATTGAAGTATCCCAGCGCAAGGCTTTGGGGTGAATCAGTTTCGGATCCAAGATGACTCGAAGCGTATGGGCGTTGGAGAAGAGGCGCGCAATTCGCCAAATTGTGCCCGGGACACCCTGCCGCTATCTGGGCGTGATGGACGTGGACTAGCCTGTATGTAGAATTGGCTACGACGCCTACATGGGAGGCGGGGAGGGTCTGTGACTTGAGATGAACTACTCGAAGCGTAACATCAGTGCAGTACTAAAGCGGCTTCGTACATGTGGATTGTGTGCCCATTGACGTGAATAATTGACCCGGCTGCTCTAGATCCATAGGGTGTCCAGATGGCAGACCCTCCCCCAGGGATAATTGGTAACTCCGAAGTGGGGCCTCCCTGGTCTCAAAAACATCCGGCGTCGTATGTTGAATTACCGTGTAACGTCGTTTTGCGCTCCAACCATCAATCAAGAATCTCATTATCGGACCCGTTAAGCATGTGAGTCCGACCGAAGCGAAAGAACCCATATTGCGTGCATGGCGATACGCCAACGGAACGTAGTGCGGTCGTCTTGAACTATAATTGTGCTTTCGGTGCACCCTCGGACAGATTGGAGTACACTTGCAGTCCTGGCGGAATCCAAAGCTTGACAACTATTGGGAAGCCACTTTAGAGCTTCTTATTAACTCAACCTAGCGTGGCGATGCATTCTCTTTGGTCGATAATAGATATGGGATGGGCTGCCGATCTGTGAGTCTACAATATAATGCGTATGGACAGGCTAGGGCGGGGTCGGATCGCCGTTGTAGCGAACCAAGATACTCCTTCAAATCCGTTCTTATAGAATAAGGCCGAGCATTAGGGCAGGAGCATAATGCGCGAAAGGAAGTGAAAGTTTGACATCACCCGCTGTCAACTGCATCTTAAAGGGGCTCTTAACTTGCGCTACTGGTACCTGGAATCGTTTTAAGGTGGCGGGCGCGCGAGTGATGAACTGTGATGGTAATCTAGCGAGTTTTGTTAGGGTCAAGCATATCCGCGGATGGAAGCGCTTACTGATTTGCACTTGTGGATATCTTACCCGAGAAAGTCCCAGCCATTCAGAGGCTTAGGTACACTATAATACTGTTTATA,1764,50.91,Arabidopsis thaliana
SEQ_101684,AACGGAATGCACCTTCGAGTAATACTTAATAATTTGTTCCACGGCTTCCGGTGACGATGTTACGCGGTCATAACTTTGGATCTTTCACCCTGGGGGCCCCTCTGGCCGTCGTCGCGGACCGGAACGTTTTGGGACTGATGTAAGATAAGAGTACGTGACCGCCCGTGTCTGGCCTGCCTTCTAACGACTCGAACAACGCGGAGGTTGTAATCGAGACCAATTGAACCCGTATTTTCCCGGTAAAAGGACCTTTTCGACGAGTGGGGCCCACAGAGTCCTCAGTGGCTTACCTTATTATCAAAATTTACCTCTAACGAAGCACGCTCCGTATGGGACAAGCAGACTCGCCAATTCATACAGCTATCCATTGGTACGATCGCACCTGCAAGTGGGCGTACGTCACGTTGCGGAGGCGACCCGAATTACTTCGATTGATATTACGTGTACCGAGCTCCTACCGTCTAAAACCACTTCTAGATAAAGACATTTAACCTAGCACGACAGCAATACCCCGGAGAACTAGGACATCCAGCGAGAGATGCAGGCAGCACGGTCTACTAACTTTGGACAGCGCAGTGTGCCAGAAGCACCAATATTACTTAGCTTCGACAGCGATATCGATTTTACGTACTGATGGTTCAAACTTTCCGGACGTCGACAGATTACTATGTACGTCAGCAGATCATCAGCGTGTCCTTCCACTACCTGGATCGGTTGCAGACCGTGAACTCAATAGATCACACTAACTACGGACTGTTGATTCGCCGATTAAAATGTACCGCAATATTAGCAGCAAAGCGGGGGTCAATCTGATCCGCTGGGGAAATTACGTAGTATCGCAGTAAGATTCCAAACAACGCCTTTTGCAAGACAAGCAAAGTCAGGTTAATCCCCCTCGATTGCCGCTCTGTGGGATAATCGCCCCATCTTCGTGTTGGGCGCACGCTGATCACCGCCAAGCCTTTGGCGGCCTAAGTGCGTAGCCTCCCCCTTACCGTCGTGAGTACGTCCCAGGTAATTCGTTCTATGGGAAATGGCATAAAATGAGTTCAGTACAGATGGTGCAACGCATCCCACTGGACCTATTGGCCGCCTAGTCCTGATTCAGAACGCTGGCTATCGGGGCGAGGTCGTGCCTTTCGTGATCGGAATTCACATCGTGTGGACTATGAGCCATGAGTCTTTGTAGAGTTGATCCCATTAATTGTAAGGAGCATCTCAATCGTTAACGGACAATGGCTTAGATATCTTGATGGGCGCGTGTGAAGCAACCGCAGTATCATGGGCCGTCCCATACTAGCAGGATTGATGCCAGACGTCGTTGAAGTAGACTACTAAGTCGCTCCAACGGCCTCATCGGTAACTATCACGATTCTAGACACACGAACCGACATTAATAGTCGAGTTGCCTATAATTATTTAAAGTTTCGAATGGAAGGTAGTTGCGAAACATCCTTCTGGAAGAGGCCCCGTCTCAGTCGGTCACTTGAGGAAGATGAATGAAAAACTATCGCCGGTCTGTGTCGATGGTGGCACTAAGTAGAGCAAACAGTTTCTCT,1559,49.33,Mus musculus
SEQ_800806,GACAGACCCTCTCCACCTTCGCGAGTATTTGGAGGAGATCGCAACCCGAGTCCAGTTTAAGAATTACATGCACAAATGGATGTCCGTTTTTATGTTGCTTTTCAAGCCATCTTAACGCCAGCCAAGTTTCAATTGCGTCGATATTTAGCTGGCCGTAGAAACCAGCATTGTAGGGGGATCAGATCATTGTAGGAATGGTTACAGTCTAGTGTCGAACCGTTGCTGAGATAAGGTAGACCGGGTCATGTAATTACTCAACTCGCACAGCCCAATGCACTGAGTAGCACTTGCAGTTGTTGTAACAAATTCTCGAAAATTGCTCTACTAATCCTTTCTGATTGATGCTACCACGATCGGTCATCTAAACTCAACTCCGCGTTGCGCGCGTTCCCCGGCCTAGGCCTGGAGTTGGGGTTGTTAACGTTGGATTCCTCCATTTCGCAGTACACATGAAATATTCATCCTAGCTGGTTCTTTGGCACGCCATTAGTGCCGCGGATCCGTGTCCATTTTGCCCCTTAGCGTGTGCGGGATTTACGTCCTCCCTCAACTAGGAAAGAACCGATAACTGACAAGTGGTACTATTTACGCTCAGGACCTCAATCTCCAGCACACAAATCAAGTTCTATACGATGATACGACAGTACGAA,650,47.08,Homo sapiens
SEQ_693859,CTCCTAGGACAGAGGGAGATGACGAGAACGCGGTTCCAGAAGTGAGGATGTTTGCGCCTTAAACCGGAGCCCGCCGCAGACGCCTATATTCAAACGTAGAACCTTCGCTGGTTGATGTTGTGTACCGAGTTACCGCAAAGCGTTCCATAAGTTAGGGATAATCCCACATACATCACTCTCTGCCTGCACATAATGGTGCGGCAGTCTAGACGTGATAAGCATAGTGCCCCTCAGTAGTAGGTCCGGGTATTGTTCCCCCAAAGCAAGAGAGCCATACGTCCCCACATGCTGCTTAAAAGTCTCTGATCATCCGGTATAGCAACCCATCTTGATGATCAGAGACAATTAGCTTAGTAGGGGCTCCGTGTCTTGGCTTTGCATTGGCTAACTAGTACTTTCAACAAGATACCTTACGGGTTTTTTAAGTAACTCTTACAATTGATTAACGAAGTTCAACGGGTGGTTACTGCGAACGCCTATCGCCACGACCACTCGATTGTAACTCCGATCAGCCGTAGTGCCAGGTACCTGACATCGGTAGCCCGCACAATTGTATAACCCCTCCTGGCAACTGCGGAGGGTTTGGCCACGGTATCGAAGCGAAGGGCTAACCCTATCGACAATAGTCATCATAGCTCACTCGGCCAAGACGGGATGTTAGTTTCAAAGCAGCGAATGAACTAGTCTATAGGGGACGAAAACGAATTCATCAATATTAATTTATGTCGGTGGGTACCCGACACTCACCAATCACGGCAATCATTTCTACCGTCGTGAACTCTAGCTGACGGATCATCGATCTGATTACGAAGTTTTACCATCTATCGAAATACCCTACGCTGAGAGCCCACTGTGCGTGGTGCTAGTTGGGAATCGGTAGGGCCCGCACCTGAACCTAAATGAAACCCTCTTTCGGGACTTGCCTGGACCTAGGGGATCAAATCACTACAAGCAGTGAACGTAACGAGTCGATTTGTTACGAGATTCTCGAATTTGGATACGCTGCCACCCATACGAAACTTGGCAAGAGGATTGACCTGTGGGGTGCGCCTGCGACTACGCCTTTAGGGCAGCCCGAAGTTTTTAACCGTTTTGACTA,1099,49.14,Caenorhabditis elegans
SEQ_330066,GTTCAGCTCTAACAGAAACCTCCGCAACAACCTAATCGTTAGTAGAGCTCCCCAGGCCCCTCGGTCAGGTTCTTTAACATCTCATTCTGACATAGTAATTTACTTGACCTTACCAGAAGCTCACATGCCTAGATTGAGCGTTGGCGATAGGTTGCACCCATTCATTCTAGACGACGCCTCAAACCACTCCTAGACGCGATCGGCTGGTGGCTTACAAATGTAAAAACATATTCTCCATGGAACCCTCCTCGGTGAGTGATTTGTTTGACTCCCGGCGTGAGTGACGATGTAAATTTGCCCGATAAACCGGAGTCTTTTGCACTATTAAAAGGGGTGTCAAATGCGACGGAAAGTGTACATCGATCCCCAACGTAGAGT,378,47.35,Saccharomyces cerevisiae
SEQ_666469,GACCATCCTTAGATAAAGACACGCCATATGACACATCCCCTGGAGCCCATGTGGCCACAAATGCTCAGTGTGTTACGACGTGATTACGTAAAAAGAGGATAATGACGGCGGTCCGGCCGCTGGTTTCTATTCGCACAATTCCCCAGATAGAAATGTACCATGTAGTTCTGTTTGCATACGTATTCAAGTGCTCACTGATTATCGAATGACCCCTTTACTAACTAAAGATCCATGGTCCTTTTTCAGCATAGGAAGTCGGTTCTTTTATGTCCGGGTAGCCCAAAGGGAAGGATTTCTCGTGAATGGGCACCCGAATCTTGCCACCACGGAAGGTAGACGAGAAACCGAAGCTACTTCCGTAAATGACACTTAGTTTTTAGTCATTACGTTGTGACATGCCGGCCTTATTTGGCAGTTACAAAATACGCAACCCACCTGGCACTGCTGAGTACTATACCGAGGCGCTTTGGAACCCAAGGTGGGCAGCGTCATTAAACACGCACAGTTATATACACGCGCCGTTACCCTCTCGGTCCGCGCATGTAACCAAAGCTCTTACCATTTAGCAGAAGCAAGAGTGAAAGCGCTGGCGAAACAGAGAAGAGTATCTAACTTGGATTCAGAACCATAATGTTGGCCAGAACCAGGAGCAACCGTTCCCCTGTGTACCCGAGTTCCACCACCCCCGAATTGGTCCCGCCTGTAAGGGTAGCAGTGCAGCAGCACACGAGGTCTTTAGGGCTGTTGACGAGCTCTCGCTCGTAAACTGCAAGCCGGCGTGACTCTCCATACATTGTGTGTTGGCGCTTTACCTCTGCCAAGGCAATATCCCGGCGTGATCGCAAGTAATGGAACCCAAGGAGGTGGTCCCCTGGCTCGCCTTATCGTTTATATCGTCTTCGCTACCGAAAGATGTACGACGCGACCGGGCGCGGAACAGTGTCGGATTCCGTCACGTGGATTGGACGACGACAGACACTGTGCAAAATTACCAACGGAAGTTTTCTCAAAAACATAATCCCTAATCACTCAAACCCTAGTCACAGGGCGTGCTCGTATAGAGTGTGTGGCACACCGTACGCCAGCTATCTTTACGATTCCGATAGACGGGCATTCCACGCCTTTGTTATGACGTAGCAATGCAGCGTAACTTTCCGCACTGAAACCTTGGGAGCCTCCGATGAACTGCCGATGCAGGCGCGGAGATAAATTCAAGTGCGCAATATTTCAGCCGGCTAGAATGGTCCTTATTAGTTTTATAGTCGTTCAAGCTTGATTCAGGTAGTATTATCTTTAATCCACTTTGTAGGGGAGGTATGCTGGCCGCGAGAGTAGCTACGGCGTAAGATTTTCGTCAGGTGGAAGCGGGCGTGTCAATCCGGGAGCTCAGGGGCAATTGATAGTCTGCCTGTTAAAGAGGGCATCTTTAATAGAAATAGACTCCTCCCAAATGAAGTGGCTTGTCCATATCTCATAATTGTCCAGCCCTATTCTTAGTTGCATAATCGATACATTCCTGCGGACCTGCGGCTTGCCAGGCCACTCGGCGAGCTACCCTGAAGTACATCATTGGGAGCAGCACAATTACCTTCCGAACCGGCACCTAGGGCTTTGCTCGGTCTGCGAGGCCCTTAAACTCTCATGTTCCGGTGGTCAAGAATGAGCCCGCCACGCAGAATGGATGCATTACAGGACCGAACCCGGTACCCAGAGGCATGAT,1720,50.17,Caenorhabditis elegans
SEQ_908677,GGTTTCAGATCACTATGGCGGGCGGCCTTATCACTCTAAGAAATATTAAAGAGTGCGTGAGCGCTCATTCGCGTTGAAGCACGCGGGTAGCTCATTTCACGGTTTAGCCTTAAGGCGGGATACAGTCGCAATTAAGAAGAGTAGGCGAACCCTGTGGGTATGCAGCTATGGCCGACCGTGTTAGATATTTCCGTAGCACCATTGTACGCTAACATCTGACGCGATGTCGGACAATTCTACATTTCCCTGATCCCAGACGAGGCTCCTCGAGCTTTCTAAGACAGTCTCTCTTAATATGCGCTGCTTAAAGGACCAGTGTTGCAAGCATTAAGTTGGAGCTGATTACAGGCGCCGTGTCATTTCCGCTCCAGCCTTAAACTATGAGGTACGTTCTCACATGGGAGGATCGCCAACGGCCGGGTCTAGAATTTGGGTTGTGACGAAGGGGATTCATCGGTCAGATTCGCCATGAGTTTAACTTATGCGTCCACCACATCGCTAGTAACGGAATTCAATAACTACCCCATGGCAGGAATACTCGACCGTCGACGGTCT,555,49.73,Arabidopsis thaliana
SEQ_560400,TGAATGTTATTGGGGCCTTCGTGCCTTACTGCGGTCCCATTTGTTCCCACCGCGTACTAAGACCTGTTCCAAGCTCTACGGAATTAAGTGATGATTGTGCCCCGGCAAGAATTTCACTGGAGGATGCAGGAAAGGTTCATAGTAGCTTTGAAAAGCGCTCATATAAAGAATTCGGCCAGACTTCCAGAGCTAGGCAGAACAATTGGCTCACCGGCCTGTCTGCCAAACCACTGCTGGGGAAGTAAGAAACAGTCTGTGGACTATACCATTTACAGGCTCGGATGCTGGTTAGAAGAATGTAGCTCCCAGCTTGGTCAGACACTGACCACGGCTCTAGAACGTTGTGGTCCAAACTGATGTGACCCAACAGTAGCTACGCTTCTTACACTCGCCAAGGATTGCGCTCAACGCCTCTCACAATCGTCGGTAGCTTGAGAGTCGTCTCGACCTACGGGTGGAGATTTTAGATCGAAACTGTCCGCAAATGGGAGGCTGTCAAGAGTCCAGCTGTC,512,50.39,Homo sapiens
SEQ_123454,GTTTCGGTTGTGATACGATATTTGATGTGTTCCTCTACAACCACATCGGTTATTCTGTACTGGAACGCGTCTCGTTACCCCTATTAATCATGTCCGCCTCTTAAATCTTAGGATGGACTCTCAAGATCCCTGCGTCGCTGTTAGACGTTGTCCTAACTCACCCTTATTGTCGCAACTCGTGTGGTATCTATCAAACACCGGGCCCGACAGCCAGGCCATAAATTAAGGCTGTAAGGCTTCGACCTTGCCTAAACGAAACCTGGATCTCTTCGTCCCCTCGTGGCTCTCTGAAAATTTGCCGAAATATACGATCGCATTCGGTACTTGTTTAATAGAATAGTCTCTCCAGTAGAGTTGTGGATCTAGAGAGACAGGGAGCGCCTAAGCCTAACGATTTTAGTACACACGGCGATAGATAACTCGCCGTCGTATTATGTGCTTTTGCAGGAATGGAGCGTCTGAAAACGTAAATAAGTTACCCCGGCGGTTTCTCATGCGAATCTGGGGGGCTTCTTAAACAGGGCATGCTACTGAAAGCACGCCCGGTCTCCAAGTACGCCCCTGGAAGTAAAGGAGGGTAATCGGTAGGAGTACCTCCGGCACCGGTCGGAGATTGCAGGGCTGCAAGAGATGCCAGCACCGTAACGCGGCAACCCCGCCGGCGTGTGGAAACGAAATCGTAATTAGGCAGACCAAAGATATGTCAACCGTGGTACTATCCTCCACCAACAAGAATACAAACCCAATCCAATCGGCTCGCGCAGACCATGAGACCCGAGCTCCACGAGTGCCAATGTTTAGCAAGAGTGCCTCGCCGTGCTCTGCATAGGCGCCGTGTGGCGATAACGAATGAGACTAGTGGTACGTCGAGCCTCAGTGGCGGCGTTTGTTCGCTTTTTCCCTTCAATGGGTCGAAACGTGACCGTGGTGAGGACAGGACTATCTGCTACATCCCCGGAATGTAAATGTGCATCGGGACGCTCTGTACGCAACAAGACCCCGCGTTCTTCGCACCCGTATCCGTAAATTACGTCAGGGTTCAGACTCCCTTGAGAAATCGAGGTTTGTTGTATGACAGTGGTTTGTTTAT,1090,50.64,Caenorhabditis elegans
SEQ_122649,AGCCAGTCCAGGGCCCTTATCAAAAATATACCAGCTTACACACCACACATCTCTGTAGCGAACTACCTCGCGTAAGACCATATGCTCTGAAAGGGTATATTCCACCGCTCTATCGTTAGCATACAATAATTCGACCAATCGTTCAAGGTTTAACCCCGTTAGCGCCGCGTCTATTCGTGTCTCATAGGACGCGAGGCGAATCTAGACCAATCCCTCACTATAATTATATAGCAGAGTCTGCGTACGCCGACATCGGTAGTGCAGGTTTGCGACCGTGAGTGCTCTTCGTTCGGTGGACGTAGAGAACGTCGTGGTCTTATGCCTGGGTAGTGTCGTACTGGCAGTGGGCATTAACGTTATCGACGCTAGAGATGGAAGGGACAAAAATGCCAGCGCGAGACCTTCAGCCTAAAACTTTTCTCGACCTATGCCAGGCCGCTAAATGAGTAGAAGGCGCGAGCGCTTTCCCGGCGGGGGATGTAGTTGTCTTCGTAAATTCAACTGGTCGCAAAATATATAGCCTGTGCCTATATAAAAACGAGCGGTTGGTGCGCATATAGAGAGATCCGAAGCTCTGCTCGGCAATGCGGCAACAACTTCAGCCTCTCAAAGGTCACACGATGTAAGACAGAGGGCTCTTTCAATGGATTGCGATGCCAAGCATAATGCTAGTGTGCTTAGACGATAGAATTTAGGGATCCCCCGATAGATGCTGCATAGAGTTAGGTCTGCCCTTCGCCGTGACTTGTGCCATCATGGAATATCCACTACGAAAACGGGTTTATGTATTTTTAACAGTTCTCCCCTGAGAGGTTAAATGGAATCAAGGTCTGCGCGAGTTACTGTATCACTCCAGATTACTACCCGCGGTTGGAAGCAGAGTAGAAGTTACCAACTATCCACAAAGCTCCGACTGACTAAAAGAGCTTTCATACGCGTTGCGTCATAACTTAGATGTTAACAGGTAGTACGGAGTGTGCGCCCGTACCATGAAACTCCAAAGACCCACGCTGGCAGAAATTAACAATCATGACACGCAGTTCCCAACAGTGCTCTGACTCGCTTCCTGTTATTGGCTTAGGGTCCCCGCATTCGCATACCAAAAGATGGTTGACCGGGTACAGCTAAAAAGGAAGCCCGTATCTCTAGAGCATCCACCAACTCGAGGAGCGAGGAGCGTCGCCGGGCTGAAATTGATTGGTCACTAGTGACGATAGCGCAGATACGTGAACCCTCCCATACCGAGTTCTACTCAGATTGGCGTCATAAGGCGGGATGAATTGCGCAAGGCAGGCTAGGGAGTGTAATATGCTTCTCTCCCGGCAGAGACGTCCGCCCGTTCAAAGGCGACGCGCTTGCTAGCCGGAAGCGGCAATATAGCCTGTCCGG,1389,50.04,Homo sapiens
SEQ_200471,CCTATTTCTTCTGTCAGACAAACGAGTTGTATCAACCCGCAAACCATGAGCCAGCACGTGCGCCCTTGGTAATGAGTATTTCGCTACTCAAACCCACACTTTAAAGCCGACTGTGGTAGGGAGTACCCGGAAGCTAATTAGCTACTCCTCGGCCTCAAACTTGGGGGCGGCAGTCCCAATTGGGACGCCTTGGTGACGAGATGACTTCCATGATAATTATAGCTCGCTGTTAAAGGCAAGATTTGGATGCGTCTCGCGTAAGACGAGGGTCGCTGATGACGTACCCAGTGTGAGGAGGACAGTCTTTACAAAATAACTACGGTTTACTTATCACACCTACGATCATTGAGAGGAAAGCGGAACGAATTCGATAGTGGGGAGCCAGGCCATCGTTCGTAGATCAACGAGTGATGAGCAGTTCTGTAAATATGAAGTCCCAGCGCCCCACTCCAATGAACGAGTACTCCCTATCAAATAAACACCGCTTTAAACTCAGGCGACACCCTCTCCTAGAGACGGCAATCTGCAGTCCGAAACCATAATAGGATTGGGCCCGTGACAACTAAGTCTCTTCTAGCGTTGGTAAACCCCCTAATGCCCCCGGATGAGTCCATGCGCCCGCGGCAGCAAACTGCAGGGACCAGAATGTGCACCATGACAACAAGAGTTGATCCGTCTCTCGAACACTCCATCTCGGAGAACATAATCCGGCATAAAGTAGTACTGTTGCAATTTACGTTTTCGATATCTCTACAAATGCGTAGAGCCTAGCCGGACTATTAAGCGGAGGTAGTGAGTCACTGTGTGTGAAGGCAAGTAGTCGTAGCTTCCAATCTTTCGTGCGTTGACATCCCTAGAAGAAGTAAGCGTAAGGACCCACATTCTGATTCGAATGATAAACAGTTTACATGTTTGATTGCCGAGCAACGGCTCGCTGGCCCCAAAGCGTGCGCAATACCGACTGACTGGAGGAATCGGCAACTAGACATTGAGCATCTTAGGATCATTAACAACACGAAATATATCCCAGGGTAACTCTCGTGCGACCCGCCTTTCCTCCGCTATGCGGGGCACAGCCATAGTAGTCCAGAATGAAAGGGCTGAATTGGCCACTACGTATCTGAGCCTGAGCAGTCCATCAACGGCTCCCAGGGAGACCCTGGCATGAAAAACAATTCCGTCTAGTGAGAGAGCATAATCTAAAATGAATATGCTTCTATGGTGGAACCGTATCTCCTATGTGCACTACCTCATAGGAATACAGACAGTGTCTTTTAAAAGTCAATCTGCGGGTTATGAGTAAGCTTTGATGATATCGTGAGAAATGGGCAATGCCTTGTTCGTTTAGTGAAAAGCCCTCTGTAGGACGTCCAGGGAAAGACATGGGCAAAAATTATCTCAGACTTGGCTGGTTACTACAGAGTGCCGTGTTTTCCTTCGCATCTTTTGGTACCTACGGTGTACTACCGGGCCCTGAGCCCCCCTGCGCGGTATAGTCGAGGTCCAGTGGCAGTACCAAATTCGTGTCGGCGACTAGGATTTGTGGGTGAGGGGCTAACTCTATGTTCGAAAATTATTTAGCCTCGGTTCCAGACGACACTGACTGGTACTTACCAGATATCCTCATTCAGGAAAAGCAGAACACCTTTGCATTCTACCCGTAATGAAAACTAGGTGAGCGCAGTTTCCTGGCCCGGACGGGCAGTCAATTGACTGCAAGCCATCAGCACCAGACGTTCCGAGCCTACGCTGGGTCCTTACTAGGTTAGGCTAATATTAATTTG,1784,48.82,Drosophila melanogaster
SEQ_697491,CTCTGTCCCGCTTCCACTGGTCCCGCGGACTGCATAGCTTCCCCACTACACTCACCCACGTGGCAGGTTGTGGTACTATAACCCGACCCAACCACGACCGCGCCTCTCAGATTCGGTTGATGGTCTCTGCAAGGACTTTAACCCGTTGCGATACTTGGTAGTGCAGAACCCCTAGAGCGGGCACCGAGTGCCGATGACGCCGAGTTCGCTAATTAATATAAAACGAGCTTTTGAGCGCCACACAGCTGGGAACCCAGATCCGACACAGTCGGGCGCGAAGCGTTGCCTCACGGTCATATTGGCAGGATTCTCGATGACTCAAGGGGATACCCTTAAAAAACAGGAGGCCTCTAAAGCCGGTTTTCAGTAAGTGGGGCTTCTCCATCTCCCGTATCCCTAAGACTTGTCTCTTAGAATCCATTTTCCAAAGCCCGTGCTTGGAGAACAGCGTTGAGAGTACCTTTCGATCCGATATCCCAGGAATAATCTATCCTAGGGTCGAACTCGGTGTGGGGAAACATTCCCGTATCATTGGCTGACATTATAGCCGGAGGAAAGACGTCACCACGCGATTGACTTTTTGACTTATATTAATACACTCACTAAGACCGCACAGATGCCGTAAGAAGTGAATACCGAGTCGCCCATACTGACGAAAAATTTCCGCGACCAGCGGTACTTACCGATTCTAAGATCTAACCAAGCTGAGGAATTTGGGAGCGCCGTATACTAGCAGATGTGCTTCGGTTTCCTTATATCGGCGTTACGTAGCATCGCGTGCGACAGTAATTTAACACGGTCGACTAGAAGGAATTCCAGACCCAGTGCTGAAGTCTGGTACACGATTGAGGTTAGTGTCCTAGCTCTTAAGCGCAACAAAAGGCCATTCAGTATGTTATGGGGTCTTACGCTGGCACATGTCGGTGGGATGAGTAGAGATATTTGCCAGAAGATACGGCCGTCAAGGCATTTCGCTCTGAAAGCTAGCAGTACGAGTCTGTTCCCAATACGGTAGCTATCGTCATATTTTTAGGCAGAACTTGCGCTGAAGGTGCCCTTCCTCCTGCTTACGCCTCCTGAGACGACCCGTATTCCCTAAGTTACCGACAGGCGAGGTTGTATCCA,1125,50.58,Escherichia coli
SEQ_339662,CGAATAATCTATCCTGGCCGAGACAATTACTTCAAGCTAAACCCCTTACTTTTACGCAGGTATTTAGAATACGCCAGAGGCCGGCGCAGTGCTAACGACCGATAAAGTTCGAGCGTGCCGTGTTCAGCTACCAGACGCGGGCCCTCAGAGTATTCGCTCACTGAGAGGCGGTCAATGTGGTCCGCCCGTATAGGGATACTGGTAGTGAGGGCCGTCGTGATTAGCAGATGGGCACAGTCACGCTTCCCAGGCTGTGTCCAGTATGACTTGCTAGTGGGTCACAGATTTTGCTGAGTGTTTAGGTGCAATCTTATGACTAAACCCTAGTTGCGCGCGACTTGGGTAACGACAGTACGGGGAGCGTATCGTCTAATACGAGGGCCATAATGCTTCTTAATGGTAAGAGCTGGTAAAACCATCGGCCACCTACCGTATGACTTTTTACCCTACTACCATATTGGCGCCAATGGTGTTGCCCGACGATGGAGACGTCTCTTAGACAACCGACCGTATACGATCATCCGTTGATCATGTGAGGATTGAACCCATGAGGCAATCGAGCGGAGTATACGCAGGTTCCACGGCACGCTCGCCACTCTGTGA,603,51.74,Caenorhabditis elegans
SEQ_280257,AGGTGCGGGTGCCGGGGAAGTCTACCGACGGGGCCGAGCCGTTGTTGTCTTCCGAGGTCCTACGGTCTGATCGAGAACCCGTTCTGTATGTCCGTTTCCAATTAAAGGCAGTTGCTCCGTTCCTGGTAAGCTCGGGTCCGCCTGCCTTGGTTCTTTGAAG,160,58.13,Mus musculus
SEQ_774559,TCGAACGCAACGAATAGCACCTCGGAGAACTCGTGCTTTTAGGCTGCGATACTGGGTATATCCAGTGAAGACCGTCTGAACTTTCACGAGGGCGGGGTCCGCTTAGCTGACCCGCAGAATTACCCGTCTCAAGAATATAGACTTTATCCTTCAGGGCAAGTGACCGAAGTCGCAACGCAAAGACTGATGCGAGGTGCACAGATTCCCTGATCGCGATGTTGTTTGCGACATCAAAGCAGACTGGTGATACCTAAGCCAGTCACGGTGGGCCGCTATCGGCCGTTGCCTCAGTCATTCAGTCGTCTGGCGATGTTCTGACCAGCAGGAGAAGACAAGGTTTTTGACCGATTTATCTTAATTTATTGGGACAAGATTTTTAACGCCCGAAGGTACATTTACCGATACACTAGCTAGTATCTGTAGGCTTGCAAGCATGAAATTTGAACCCTTGGACTGATGGCTAATGAGTGACCAGACCCAACGCACGAGTACCGACACGGACGAGGTTTGCCCAGTATAGACATTCAAACTGACGGAATGATGGACGTCTACCCGGCGTCGGGTCATAGAACCGAGGGGGTATGTTGGTGTCCCAAGGGGCGTATTATAGGATTACATAGTCTGTTCGATTTTCTCCTGTGGGATCTCGAGTCGATTAGTCAGGGTTAACTATTTGCCACGACAGTCCCACCCCAGTTATAGGCTGTGAAATTCGCGCCAGTGAAATAGGCCGGTCCGACGCACTGCGGTGTCTGGGCGCACCAACTTACATGAACCTTCATGTGTAGATTAATGATTGGTCGACTCTGAGTCTGCCTATTTTGGCGCGATGACCGGACGGCGAAAAAATGCCATCCCGGCTCAGATACCTACCCTGTTACGGACCCGCAAGTGGTTTCGGCTTAGGCGTTTTGAGTCTTGACACAACCAAGATAACATTAGTGTGGCACCAGCCAGTCCGAACCCGGGGCGCACTGACTAAGCCCCTATTGAACGGATATGTGTGACTTACCAAACAACATAATCTGGCTGAACCCAAGTCCATCTAGTAAACGTGTCCTGGGTGTTCTCTACTCCCGTTTGAGACGAAGCACCGCCTTCTGCGATGCCCATGACGGGAGATGTACCACGTTACCGTCGCTAGATGCACAGCGCGTAAACGACCTCCTGGTGTCTAGTTTATATAGCACTTGGACACTTCTTTCCTCAAGCAACAAATTTCGTGTAGTCTACGGGAGCCGCTCTCTCCTTT,1252,50.56,Mus musculus
SEQ_510297,AACTACGCCAAGGGCGGTCTGGGTGTCATCAGCGCATAGCTTATGATCACCTTCTCTTGACAACAAGCGCGTCCTTCCGAAGTCGCCTAATTAAGGGGTTCGGTTCCCCTTGAATACGAAAGGTCCTTCGGATATGTTGATCTCCGCGATGGTCTCCCAGTCCAAGGGACGGTTTATTTCTCTAACATAGGCTACATCTACTAGTTTTACCCTGCAGCTTGCTGATCAAAAAATAAATGCCTCCTTGGCGGGATAGCGCTCTTGCCCCACACCGCTCTATATAGGGAACCCACAAGTGGCGGCACATATCCACGACTAATTACCTCCTCCGGCATTATTCAAACGCGTGTTTTTTCTAACTTTTTTCTCGACATCGTGAGTTTGAACGAGGAGCACGAAACACTGTGAAACATATTGGGTACGTGTCCCAGCGATAGGGTCTCTCAGTCGGAGATACATACCGTTGGAATGGTATTGGGGATCTGATGTCTAAGCGGGAACACGAAAGCCCCTCAGTCACACGATCTGCCGCGCAGATCGGGCTAATTGATAGTTGACGCCTGATATATGTCGCCCCACAGCTCCGGCTCGGGGACCCATCAAGTAAAAAGAAGTTAGCACACATGGGGGATATCTATTAGTCTAGACATATAGCACTATTCGAGATCATAATCAACGTGCTGGATATTCCCTAACACCCTATGCAAACATAAGTTTGTCCTGATCAATCCAAGAGCTTATCGTCGCTAGTACCATTGGGAATGATTTTCAAGTACTAGCAGTCCACCGGGCTTGGTCGTACCAAGCTAAAACTTGTTGGCTGGAGGCAGGATTTTAGTAAGCACCTAGTCTTGTACCGATTGCATCCTCCTCCAAGCGACTCCCTTGCGCCGGTATGGGTACCAGGACCAGCCGGTGCAGACACGGATAGGGGACAGAAGACGACGATCTAGTGTTGGCGGACGCGCAAGGCATCTGAGATTAGCCCCGACGGCGAAGACTCGAGTAGTCCCACGACCCACACCCTAAGGGGAAGCATCCAGAAGTTTGTGTGAACAGGAGAGCGGCGCATCCGCATGACGTATGCGGTAGCCCTATACGACGGGCACGACACGCTGTTCTTAGTGAAGGGGGGGCTTGGTACACAGGAAAACCCATTGGAGCGGACCAGCGTTGAACCAGACGGAGCGGATTCCCAGGATGACATACCATCGTAACGTTCTAAAAGGTCGAGCTATTTTACAGGGTCAATGTGATCGCACATAGATACAACTGATGATCCTAGCGTCGGGCGAGAAGACGACGATCAAGAAGAT,1316,50.53,Saccharomyces cerevisiae
SEQ_520706,GGTAACTGATAGTCGTGTAATTGACTCGTCGTAAAGCGTCCGTTAGCACATGTTCAGAGTCACATATCATTTATTTGTATCCGCCAAGCCAATCATTTACGCGATGTACATCACTTGTGACATGAGCACCACTACTGGCAGGTGCGGATCAACTTAAATGCGGAGCGGTGATAACCACTTTCAGGGCCCTGAACCCTCGCAACTATGTGGCAATAAAAGCCGAACGAATACAAGATTCTGCTGCAAACTCTAACCTTATCTCATTTTCACACCAAGAGCCGATCGTCCTCTATCCACTGCTGAAGACGCACATGGAGTTTGAGGCACCTCAATGCTCACCTCATCCATCGTAATGAAGACGGACGAGGGATCAGCTTCAGTCAGGGGGACCCGCGACGAGGGGCCCCTTTAAAGGAACAATCGAGGTAGCAACTCAAAATCAATATTCGCGGATTTTTGACCCCTTGGCTTTTAGAACGCTCTTTTGCGGCCGGAACTCCGGACGTGGACTTAGCAGCAGGGCAAGGAGACCGATGATCGCACAGTTGCTTACGGTTAGACAGCAGGATGAGTAACTAGCGAGCTATGCCAATTATCAAGTCAGCCCGATTGCTTTGTTAAGTGTAAATGCCGATGTAACAGCCTGTCAACATCCTGAGTACCCGGAGGCTGGAGGCGGACGTCGTTCGAAGACGTTATTTTAACTAGTGCAACCTAGAAGTTTGACGCACAATTTAAAACATTACGCTATCAAAGTGCCTTTGGGACTGGTCAGCGCCAGGCTGAAGAATAGCAAAGTTCAACAGATAGAGGGCGATCGGACACGGCTGCTTCCTGGGATGCGTAATTAAGCAAAAACGCCTTGATTGAATGTTTTGACATGGGTCGAGCTGACTCAGTGTATGCGTTACACGAGCTTAATTGCTTTCTCCGTTATAGACCAACTATCGTAATCCACATCGAACGGCCGGTGCACCTGGCCATTAATCCCGCTTCGTTTGTCGCGCGTAATTCAAGCTTCCTCGTAATTCTTCCGCGTCTGGTAAGTACGGGAGGATCCTGTCATATCAGCTGGCCGTCGACGGCCTGGGCTTCAACTTCGCGATGTGCGAAGAGCGCCCATGCCAGCACAATTCCTGAGTCATAGTTGAAACGTTACAATATATACGACCCCACCAGTCTCAGTGGCATTTGAGATGCTAATAGACTTTAATTTTATGGTGGAATAGGGAAGCTGTTGTATGCTGTATGCCGAAAAGGGACCTGTCGGAGAACTTTTACGACGGCTTCGTTCTTCATTCTTAGGAATCGGCGACCGTCGGGGCCCACCGTTTCGATTTTCGCGTACCTACGTCTCGAAAGTGGAAGACACAAGGTGCGTCCTCTGTATAGCATTTTACAGATCTTTAGATTGGTAATTCTCGTTGTCTCATTGTACCTTGTACTGTCCGACCATGCTTCCTCGTAGTCGGCTAACTACGTAGAGAGATGCAGTTTTAACGAGAAACCGCAAGTATCATCGATTTGGAATGTGCGGTGTACACTTACGCGCGCATATTAGTAAAAGAGGTTTGATTTTTGAATTGCGGCCCGCCAATTTCCGTTATCCGTGCGGGTAACTCCAGAGGTCAGTCCCTGTCAAGATCTGTATGTGTAGATTGATACGAGAACCACCAGTTTTCCCACTCGCTTTTCGCACAGCACTGTCAGCCGCCATAGTCTCAGGGGCCAACATCATGCCGCCCGATATGTGAACTCGCACCGGCACTAGTGTCGTTCACTGAAAATCATAGCTCGGACTGGGCCAGACTTATATTCCGGCTTAAGTTCGGCGAAGCTATATATCACTAGCCATATAACTTCTACACCGATTGAGTGTGGTTCGCTCTTTAATCACATCTAGCTCGACCGCCGAGGAGTACATCTCTAAGCTGGTCGACAGAGCGCAGGCAACTTCGTTTACCACGTCGCCATGGGTGGGCACTCCG,1988,48.79,Caenorhabditis elegans
SEQ_770152,GTGCGATCGAATCAAGCCCGGTGACCGCCTGGCTCCATTAAGCTGAGCTGAAACTGAGCTGCCGCATGGAACTCTAGTAAGGGTTCCGAACAATAAATAGGTTACGGATGGGTGCGGTGCCCTCACAGCCTCCCCAATCTACGGACGCGAGGGGGTGAGAAGGAGCTTCCGGGACTTTGATAGGTTGATGCCGTAGCCTTCAACAAACTAGATCTACTAAAAGGTGTACATAAAACCCATATTTCGCTACTAGTTCCCCAGGGGCTCGAACGCCAACTAGCACGGTAGGATTATTGGGAATCATTATTGATCACCTAAAGGTTTAGGGGTCTTCGACAAACCACCCGTGGACTCTGCACCGCATTGGAACTGTCTCCTAAGTTTTCTGGATCAAGGAAGTAAGCTGACACATTCGGAAGGTGACGGAACCCAGAGACTGTCGTAATGTGTGTCCCCGTGAGCCTCTCCAACAGAGCCTAGATTGCCGGTTTGGGAAGGCGGACGTTACGCGCCTTGCCCACCCATCACGCCAACAATAGGTTCAGCTCATACCTGACGAGATCCACGGGAGGCTACCCAGTGTGGCTACGGCACCGAGGGACCACTGGCCAGTGCACGACGCCAACACTTTCATTTCACAACAACAAACCAATCCTTATTTGACCCCCTCGGGACACAGACTACCCGGATTCAGCAGCTGTGTTGCCGTCCTTTCCATTATGGCGTTGTCCCCCTCCTAGAATGTATGATTCAGCCCGTTATCGCGCGTTACACAATCGGGTGGGTCACATTACTGTCGCGCTATGCCCTGGTCTTCACGTTAGTAAGGCGCTGGATACATCAAGAAGCTCGGGACCAACGATTACAAGTCCGTTGGCGCTGTCTTCCGATCCAGGGAGATCGAAATGTAGTTCGGGAGTAACGAAGAAGTGTTGACTCACCAAGTCTAGTACATCAGCTGGTTCATCTTCCAGGCGTTATCAAACGCTCTGGCGAGGGGAATGCAGTGTCCTTTCTGGTGCATCCTTCTCCCCTCCAAAGTGATTGGAACGTCATAGAGCTTTTGATAGGATATGAGTTGTTTACCACATCACCCAAAACGACTTAAAGTGACCGCTGCACTCACGCTCACCGTATGGTAGGCAGGCCAACAATCTGCAGAGAAAGTGTGCTCTCCATGGCTTTGTTCCCCGTGCCGGATTGCCGTTTCGCGACAAGAGTTCATGAGTGTAAACCGATACGTGCAAGGGAAGTCATATCCTTACTCCCGCGTCACACCTTTTCGGCCTAGCCCGGATCAGCCGCGCAGACGTAATGCTAG,1321,52.23,Caenorhabditis elegans
SEQ_254977,GGTAAGTATAGCCCCGCCGTCCCGACTGCTTTATTGCCGTGACGTAAGGATTTTCGCTCGACTGAACGGCTAGCATTACTTTCAACGAATCTCTGAAGTCTCCAGTATGAGCTTACCAAACTTTCCACTGGTGATTCGGCGACCACATATAACCCCACCGGGTCGACGGACTAGCCTATCCTTCTACTACAAGAGGGGCGGCGAATAGATATAAAGTGATCGTTGCATTAGCGCTCAGTAATCGACGCGCCCGCATGGCAACTTGTGTTCCACACGTAATACGCTCTTGACCAGTTGACACCTCCGGATTTTGCCCTGTTGCCCCGCGCGCTCAGTTCGGCTCCCCTCACGTGGTGGGGTAGATCGGGTTAATACGGAGCGCCTAAGAAGTGTCGTCAAATTGAAGTTGGTCTGTGGGAGTGAGTAGCCGTTCAGACATTTTGTTCAACCACCGCTAAAGCCCCTTGGCGAGGTCTCATCCTGTTGCGCCACTCTATTCATTGAGCGGATGTATTAGTGGTGACAGACTGGTACCAAGCCGGGGATGCAGGGCGTGTCTAGACGGGGTCATACCCTTACAGTACGGCGAAGGCATCAGTTCTCAGCACATATTCCACCGCTGTTAATATGTCTTGCTATCATTGATTATGGGGAGCTAAGCGTGCTGATTGGCGGCAGGCGAGGCAACCTATCGCGTGCTCGAATAGAGAGCCCCCGGGGACCGATAGGAGTGGTCTGAGGCGGACGCGGTGGGCTCCACTTCTTTTCCCGGCGTGAGGTGATGTATGATCTTCGAGTACTAAATTACTAAGCATAAAAAGAGCCCTCGTTCCCGGAATTACTCTGACCCATCTTGTTTAATGTCGACCGTTGGCAGTTTTCCACCAGGAGTGTCGCGAGTATGCAATTATCAGCTGACGTAGAATAGAGGAAACTTTATGATTCAGCTCAAGGGTTTATTAATATCGACCAAAGTTTACTTCTTTTATAGACGAGGATGTAGATAGTCATGAGCGAGAGAAGCCAATTAGAGTATTGATTAGTAGTGCGTATGATATGTTCTCCCTGGAAGGTGTCCATACCACGTTCCTTAAACTCAAGTTACCCATCAACGTCGCCTTTCCGACGCATATCTGGTGGCCCGACCGGATGGAGTTAGGATTGCTCAACACTCTCCAGGTCAGATCTTTTTTAAGGAGTGAGAACTCCGCGACCAACTCAGCGCCCGCCGCCCCGTGCAAGATACGGAATCAATTCTTTCCCCTATTGCAGACCCAGCCACGGTTTCGTACGCCATAAGTGGAAGGCCAAGTCTTACAGGGTGCAGTGGTGCTACAGGCATGGGTGGAAGGTTTGGTGCGCTGGGTTTATTGTAATAAATCGCTTTACACTGCATAGTGTGCGACGGGTATTAGTCTGATGGGACGGTTTCTGAAACATGTTTGGGAAAAAGTGTCACACATTAATCGATTAGCTTTCCATAACATTACACAGGACCGGATCCCGGTCATCAGGCCCGTGATCTGGACTATAGGTAGCGACAAAAAGTATCTCTTAGCGTGGAAGTATATCCCTTTGCCCGGTATCTAAAGCAGTGCCGGTATAATACCGCTCGAGATGAAGAAGGGTGCGTCTTTCGGGATCGGTTTATCGCTGTCTCGGTGGCGGATCGAAGCCCCGTCGACTACGTGGACAGTATCGCCAGTAAGTCTGAGTCTTCGGTAATGACAAGATCTACGTAACGATTGACCTTTCACTAAAAAAAAAGCCCGTACAATACATCCTCGTACATGACCACACTACATAGCACGTAGCCCTAA,1820,49.78,Caenorhabditis elegans
SEQ_295006,CGCTTCATTGACTTATTGCCTCGGCGGTAATCGCAACACGGAGAGCTGATTTATGCGCTGCTCACCGAGTTAACCCCCTAAGAGTGGGTGAATGAAATTTTTTACGCATCTCATGAAAAAAGCAAACGTAGGAGCGGAGATCCCAAGTGGGGTAAGTCCACGAGCTAGACTCGGTTCGAATCAGGGCCACGTTTTCAGTGGTCCGCGCGCGGCAAACATACATGTCACTGACTCAAGGCGGTAACCAATCTCACTAAACGCGCATTTACCCGCATAGACTAAGTTTCTGCAACCCAGGTTGGGGCTGAGCATGCCAATAATTGGGTTATCTATATACGATACCGGAACA,349,49.28,Mus musculus
SEQ_760820,CTTATATCCGAATAAGAAATACCTTGAACAATCCAACTGTCTGCGTCCATGCCGCATGGTATCGACAGACGCTTAGGACCACGGCCGTTCGCGGTTCCATGATTACTGTACACCGGCTTGGGACAACCCCCCACGTTCCGATTGCCATGTCTTCCATGCCACTACGGATCTGGAGTTTGTTGGCAAGCATGGAGAACAGAGTATGGAGGCTCGATTGGCCGTGGGATGTACTGTCAAATCTCCTAGCGGCATTCTAGGAGGGGCTTAGACGTTTTTGTGGTATCATACGTAGTCTATGATGCTCTCTAACCCAGGAACGCTGGCGGCCATACTCCATATCTCCCACCTACGCATCGTCCCGAGCATGGCCAAACTTACGCTTGGAATAGCGGCAAATCTCCGTATCCCCATTATTAATCTCGTCAACTTCGGGAGACTTAGAACAATCCTTATCGTTGTTCTTCGGGCCAAACGCTCAGTAATCTCGCTCTTTGCTAGGCGTTCCTACGCTTTGCAATTTGTGAGGAACCAAGGTCTGTAACGCGTGTTGGAACAAATATATAAAGAATGAGAACAATATCCGAAGTCTTGGGCGGTTTCATGTAACGGGAACTACATACTGTCAGCACGTACGTTTTATATGTTAGTCTCAATCCCGTGGGCCCAGGACCGCGTTCAACTAGGGGTAATCGCTATGGGATTATTTCGATGTGCCTCACGTCGTGGAGTCTTTCTAGCTTCTAGGGAATGCCCTTGCATGCCCCGGAACTAACTCATGGAGACTGCATCAACTGCTAGCCTCTAACCGTCGTGGTCTCTCCATGGATATTGGCTCGAACCCGTCGTAAAACCTTGTCGATCTAGCTTTGCCAGAGCCCATAGTTAATAAATCCATCGGGGTGTCTTGGGCGTACGTGTTAGGTACAGTAGCGGTAAAGGACAGCACTATTGCTATGTTGACCTGGTGTGTACTGTCTACCTACCTTAGCTTCTGTTACTTTCACGCTATACAAAGGAAACTGGACAGTTCACCCGCGAAAACCAGGGGCCAGTCTCATACACACGGACTGGCTACAACTTGGGGCCTAATTGTCAGCTGGGACGTTTACTGGGCTACGACGAGTGACAATCACGCCATATTCTTCTGGGCCTTAGGGAGGTTTGCTATCTCGAAATATTTATAGACAGAACC,1192,49.08,Mus musculus
SEQ_207849,AGTGTCTCACCGCTGGCATTGTTCGTAAATTTTTGCCACGCGTATCGTTGCGGTAGCTCAGATGTGCAAGGTGGAGTTGGGGCATTTCACAGTATCAGACTTACTAAGGCATGACTTGTTATAACTTCCTTTAAGGGCCTTGTCAAAATAGTGGACCAGGATCCTGTGTGGACACAAGGAGCTGGGACCGGCTGCTGTTCTCAGTGTACGAGCATCGGACCGGGGTGTAAAAGGGGATGTAGTATCTCACCGTGCCTCCATTTTAGACCCAAGACGGTACTCCAGGATAAGCTGTACACGTGCAGAAACAGCTAATCCACAGGTATCACTTTGACCCTCGAGTTTGAACAGCTTCGCTCCCGGGAATGAGGCATTGAGTGTGTAGTGTGTGTTCCGGTGGGGTCACTATCTCAAGTCGCCGAATAGCGTTCTTCCACCACACCGGACCCATGTTCGATAAGCATGGACACAACACTCGCCATTAGCTTGAAACTCGGAGAGTTTTACGCTATAACCTAGTACTAGCTTCGTGTCCCTTACAGTGGAGCCAGTCAGATTCTCGATAGTAAGCGCAGCCGTCTGATGGTAACAACGCTAGTGATCACTCATTGGAGAACGGAAAATGACGCTACAGCAGCGATGAATGGCGATAGAGCAGTAACGTCTAGGGTCATTGGACACTTCACCGCTCTGAAGAGCGCTCATGCGAATGGTAGGCCGACGCGGCTATGCGTGCCGAATTTTCTGGTGAGTCCGGGTCACTTTCGCGCATAATGTTAGTGACGTTACACAACCGCACTTAGACACTCCCTCCCAGAGGGTGGGGTGACGAGGCACGTTAGTAACATAAGTTGCTTGCGAGCTCACGCATTTGACAGCTCCCACTCACTTCTCCCGCGCGTCATTGGAATGTCTCCCTTGATGCCGCAGGATAGCTTCTTCCGCTAGCGCGGCGGCCATCATAGATAGTTAGGCCATCCCCTAATAGTCTACTACAGTACGTTTGTGACCGATCGCTCCCCATGTACTACAACAACCAAAGCAGACTAGTTCTTGCAACGGGTATGCAGGACAATTAAACCCTTGCATTGCGGACCAACAAATTCAAGATCAATTTATACAGTCGAGGTTAAGACGAAAGGCTGGTTCTGTTCTTCTAACATATAACCTAGCGTCCGGATCTTTTGAACAGGGTACGAGCGGTGGAGTAGCCGGGCCGCACCCTGTATTGCGCTGACGATCCTCGTTCAACAAGCTAATGCTACCA,1267,50.51,Drosophila melanogaster
SEQ_860331,GAGTACTCCTCCTCATTAATGCTCTAGGCCGGATAAACAGATGGGCGCCGCGCGACCTTAACACTCCGCAAGAGATTACCCCGCCGGATTCCAGTGCGAGCCAATAATTCCACCCTGCGACGTTCGTGTCCTCACCTAAACTAGTACGTCTATGCGCATCTAAATAAGCAGTGAGTTAAGGTAATTAGGAACTTGGACGCGCTCATCATATCAAGATATCCGTTGTTCTGACTTCCACGTTGACACAGAGTAGAGGGCAGCGATATGTTAGCCGCTGCGAGACCTGGTGGATGAGAGCCGGACACAAAGATGGTAATTGTCTTGGCTGGTTATAAAGCGGTTCCCAGGCGTACGAAACCGATCTTGGTTTTCGCAGATCCGTGCAATGCCTCTGACATCATTTATAATTGTACGGTGACCGGGTGCATACTATATCATAAGGTGACGGAATTTGGCAGAGATATAGTCTAATAGACTATGGTGTTTTAGGAAAACCCATTAGGCGCGGAAACAACCGAAGGATCCCTTACGGCCCCGACTACCACTTTCGTTAGCACCGCGTACATCTCAAAGCAGCAGTCGAATTTTGTCAAATGGACAGGGTAACCTGGCTTGATCCTACCGTACTGAAGGTTCGCTTTACCGGAAAGCGAATAGGGACATCCGTTGTAGATCTTGCACGATCCGCATCTAGTACCGTAGCTGTATTCCCAGCGCTCATTGTCGACGCTGACCGGATACTTAAAGCTAACGCGGAGTTCGGCGAAATCCGAAACTCGTGTCCCTAATCTAGTGGCAAGAAGAAGGTGGTCCACCCACAAGTTGTGCGTTAAGGGTTCGTGGACAGATCTAATTCCCCACAGGTAGATGGTGAAGACAAGCTCGCCGTCGTACGACCTGTTGCGACCGGCAACCAGTTGAGGGAGCAACGATTTAGTACGCTCGTGGAGTTAGGTGATCTAGCGTCTGCATAGCGCCGCAAGACTGCAACTCGGAGCCGGTATATGTCATCTATGGAAAAATGGCCCCCAACCAGACCCCAGACAGCGCATCGTATTTTGCTTTTGACGGGACCACAGGCTCATTAAAGATCTCTGACTTATGATAAACAGCGACTAACACTGTGGAGTTGGGGGATTAACAGGTAGCACACAACACTTTCCGCATAGTTGCGTGGCCGAGGTTAGCGTGCTCCTTATGGAAGACGCGCCAAAATTCCGCACTACCCCCAGATACACTTACCGAGCCGCTTTGGCATCATTGAGCAATTGTATGGGTTGGAGCACCTGTTGTTGAACTACGGGCCATTAGATACACCACTACAATCAGATTAGATCGTCGGACATCGCAGAGGTGCTAGCTTAATCTAAATGCGCTGACACTCCATTAATCAAAGTTTACGATCATTTGTCACACATATTCCCCACAGGAGGCACGGATACAGATCGGTCGAGCCCACTGCATTTTTCCCAAAAGTCATGTACTGTACAGTACGACCGCGCAGGATGGCGCGGAATAGAAGCCCAAATTACGGACAGAGTGGCTCGTTTACCTGGCTAAATCCATTGACGGGCGGAGAAAATAGATTATAGACAGCACCAAACACCATAGAGAGACCCGACAGTACGATAAAACGAAATGTCCCCGTGCGTCTGGGCCCACGTTTAGGGAGTAAGCTGTGGAATAGATAGTAGTACCGGAGTGGATGCCGTAGGGCGTTAAAGTTAGGACACAAGGGAAGGTTATGTTAGTTTTAAACAATAAACTGAAAGATGTCCCACAGGCGTTTAGGCACACCGGAGAGCTAGCCGCATAGAGTTTCTATCTGTGAAA,1833,49.21,Escherichia coli
SEQ_239245,GAGGCTAGACAGTTTATATAGCGATATCCGGGTGGAGAAACGCCAAAAATGTACCATTTAGCGTGCAAGTAAATCCGGTTTCAATATGCCACTGATTGTGGTTGTCTGAGGATTGGTCGAAGAAAAGCCCTTAGCGTGCGAGGTATACCGGACACTTTGAGCGCGAACTCCTATCGCCTCTCAGAACATTCGCTTCACCCAACAATGGTACGCGATTTCTCTCTAAGCGGGGCGGATTTCTGGAAAGATTATGCGCGTACTTTGAGTTTCGGAGCATCACTAAGACCATTCGAATCGAAATCTAAGTTCGATTCGGTATTGCCTCGAGCAAACAAGGTCCTGAGGAGTAGGACAGTGTGCCGACGGGCGCGCTTCTAAATTTTCCGGAGAATCCCATGGGATCCTCAATAAAGAACTCGCCCATAACGGTTTGGCGTAGCTGATTAGTTTTTAAAAGCCTATGTAAAATATTAACCCCACACCATCGCCGGCATAGCCTTTACCTATTCGATTTAAGTATTCGCAGCAGCTCCAGGTGCTTACTATAGACGGTGAACACAAATTCTTGCCAACCCGTCCCTGTCCGCGGTGGACAGAAATTCAGGGCATAGTATGGCGTGGAAGGCAACTCCGATGATGGCGGGTTATCATAAGATTTATAGTCTGGTGGAGTTGGAAACACCTCTCGACATTTTGCCTTGTTAGTTGGCGTTCCGGCTAGCAGACTTTGCCAACAAGACCATTAGGAGGCGTGTAGATTCTACGCGAGATGCTCCCGCGTGATGTCGGGTTAGGCCTTACTCAGGGACAAAGGCAGATTCCTGAGGAGTTCGGCTCAGCCATATGTCAGCGATGATCAGAATCGTAAGGCTAGCCTCCCCGATAAACGCAATTCAACCGCACTACATTTTATATCAGCACCCGCGTGCCTAGTTCGTTCTGCGATACGCGCACCAGTACTTTATGCTTGGTCCTCTCAGT,981,48.62,Caenorhabditis elegans
SEQ_543053,GCCATACCATCACATGAGTCTATGCTAACGAAGAGACCAGTCGTTTCCTTCGCATCAGCCGGAATATGGTGTACCTATTCCACAGCGACTGTAGGCAATTTGCCGCCCATATTATCTAAGATCGTCCCGACTAACGGTGAAATCGCAGACTAGAACTACCTTGCGTAATTCGCATCATATAAATGGAGCCTAAACATCTTGCGTATGCGGAAAAATCTAGCGGCACGGAACGTTCCACACGCCGTCCCGGTTGAAACTCACGGCCTGACACGGGCTGTACGTCTCTCCGGGGGCGGCATGAGAAAATTGGCTTATGGATGCTTAAGCTTCGACAGAACGGGCTAGTCGGCGCCACAAATCGTTGCTGACGTGAACCAGCTATGTTCTCAACAAACATCAACGCTGTAAGGTAGGTCGCACGTGGTAGTGGTTTATTTTTAATCGTCTTGCCAGAACCAGCAAGCAATTCTCGTTTTGC,478,49.37,Mus musculus
SEQ_641490,TCGGTAAACGCATGCCGCCAATATCTCACCCTCCGGAGTGTCGCCTGAGACGTATTTTACGCAGCGCCGGAAGAGGAACATTTGGCGCCAGTTTATCTTATTTCTTAAGGGGCCGGTATGAGGTATGCGCGAATCTTCACTGCGTTGTACAGTCAATGCGGGACGACCCGTATTGGGCCAACCGTATGTAATTGCGGGTCCACAAGTTCACACCTTACTCAAAGTCTTCCACTCCTCACGGGAAAACATAACATCAACACTGACAGGACAGCAGTAAACAGCTGTTCAGTGTGGCAACAGGAGATCCAACAGAACCGTTGTAACTAATCTCACTGCGGACCGAATTCCATGATCGCGCAACGCAGAATGGGTAACTTCCTCTCCCTCCGGTAGGTGGAGGGGCGAAAGACGCGCGCCTGCTTTTGAATTGACACGACCCTCGATTATATGTGGATCCTTGCCCGAAGACAGTAGGACTGCAACCTGTATAGAACAGCACGTGTAAGTCAGGTAAGCAATCTACGGAGTATAGAATCATGTGGGGGGTCAAGGAGGTTGCCTGGCTCATAGCTCCAACCCAGCTAAGATGGCTGCGCTTTTGTAGGATAGCGGAGTATGGGCCCTAGTTGAAGGGGACGTGGCTAGGAATGGGCACCCCAAGGTCTCCCTAAAGTCCTTCGAGACCGGTGCAAAGCGTGCCGTAAGTCCAATTGGGGATATCCATATATTTCAGTTCGGCTGCATTGCGGAGATCGCTGGTTCAGACCGAATGATGAACCGCATCTTGTGCGGGCGTGGATAGAGAGAGCTCATTCCGTTACAAAGATTTGGGTGAGTTCCCCTAGTATTGGTCGAGGGGCCGCGGCGACCTCCTCCTGCCAGAGCCACGACATCAATTGCACCGGGTCACTTTCTTGCGGTGGTTTCCTTTTGATTTGTGCTATTGTTCGCTCGGCTTATTGTTGCCTCCGATCGCGGGGAAATGGCCCTCGCTCCGCAAACAAGTATGAAGGTTCGACTGCACCAACACATATCCAACCGTGAGTTTATAGAACCACCGCACATGATCAAGCTCTTAAGGTCGATTAGAAAACTTTCGAGTTCGTAGCCTCTAAATCGGTTTTTCTGTGAGGCCATCCAATGAGACTAATTCAGCCAGGTAGCACATAGGCAACCGAACAAGCTCGGCTTGTAGAAAAACAAAACAGCTTCATAAGCCACCGGAGCGGCGTATTTCTGGTACTCTCCTTAACGAGAGAGTAAAAGGTATCGGACCGAACCTCACACACGGCCTTTGATAACCGGTCAGAAAATACTGCACGGCGCGCTCTGGCGGCTGAACCTCCAAGAAACCTGGTTCGTCTGGTCTAGCGTTAGCTTACTTGCCGTGCATTCATCGATCCGTATGGTGAAAACGACACGGCTATCCAATTAAAATGAGGCGTACACCCCGATCAAACTTGCTAAGTTCTACTACCCCAAGAGATGCCTCATCACGTCGCGCAGTAATGGGTTTATCAGTAAAGCAACAATCTGATTAGTCGAGGCATACTTTTAAATTATTGCCGATCCCGCCAC,1578,50.57,Caenorhabditis elegans
SEQ_763865,TTAGGATGAAGACAGGTCATTTGAGCAAGAGGCCTCCGCAAGAGCTGGTAGTAATTCTGGGAGCCCACTAGTACTTCATGTCCAATCCGCTACCCGCCGATCGACCTGGTTATAGATTATCACGGAGAAGTTACATGGTCCGACGTTAGGAGTCACGCACTAAGCTGATATACCAGTAGAAGGTGCGCATCTACACGCGCCGAGAGCAATATTGATGTAGTCGCTCCAATCTCTTTCAAATATCGTCGTCAACGGCTAGCCGTCCCCATCTCGGTAGTTGAAGGCCATCTATAGGTTGTCGGTTTTCTTACGCGACCAACAGTGGGTTGTGTGGCGTGGCGTTCAAGCCCTGCCTTGCGGCACGATCTGCCGACATCCTGCTACCGAGGAAGGGCTTTTGATCTAATCATTATGCGGCGCGGACATCTATACAATTCAGGGAGGCCAACAATCTTTTGGATCCCACA,467,50.96,Drosophila melanogaster
SEQ_661977,GATTTTTTAAGATTCGGTCTGAGGGAAGGCTTACACATATAGACTGCTGACGGCATGAGGTATTGTCCGGTCTGCTTGCGTGTTCGCACAAGCAGGTTTCTGGCTTCCGGTGACTATCAGAGGAGAGCTACCCGGATCCCTGCGACATGGTTCGCGTCTCAGGGTAGTGGTCTCAACGGTGGGGGAACAGGACTCCAAGCTTGTCTGCTACCTCACAGGTGGGCTTTAATTAGACGCTCGGAGGGCCGCGACTCTTACAAACTAAGTTGCTGTTTGACATTTAATCTGCTCATGGAGGCACTCGAGGCGTTATCCCGTTACACCTACTCTACGGAAGTGATACGAAAACTGCAGTGCTTGGTTTCTCTGCATCCTCCGAATAACAGTCAATTCTGTGATTCCCGTACCAGATGTAGGAGAACCGCGTATAATCTCTTACACGTGGTAAAGGGATGCCGGTACAGTGTAATTCGCACTAATCGTCAGGCCTTCCGCAAGGTATTTATGTTGGTTCTGGAATGTCCCGTTCGAGTGGCAACGGACCTTGGCGCCCAATATCCTTGCGCTTTTGCGACGCGGGTATGGCTACTGCTGGGCGATGTGGCATAGCTGAGTTCCCCTACCAACCACCGGAACACATAGAGTCCGGGCGTTGTCACGGTGGCCTAGGGGGTTCTTACGAAGCTAGTGACGTTGCCTGTAACTGTACTGAAGCAACCGGATCACAAGCCCGACTATATCTGCTGCGGGGTGGCCCCTCAAGTATACGGAAAGGTTGGATGGCGGTGTTCCGACTGGGGATGCTCCATCGTTCTGCCGATGTCGGTCCTTGTAGCAGCTGCTAACCCGTCGTGCTGATCCCCTGTAAGACAGTTACGGGCTTTGTCGTTGCAAATGGGAATACCCTTCCACCTTGTAGCTTCTTCCTCACACGGTCGATATGTGTGTTGTTCAGACTGTAATCCATCTAGAGTGCTTCCAGCATCTGGTTCACGTCCCTGGTGACGAGTGAGCGAAAGGTAAAAAGAATTTAATATGCGTGCCATCACCTTCCAAGACCACCCTTGCATTTCAGCCTCGGCCCGCTGGTGGTCTTGCTGGATTGGGCATAACGTGTGGTACCCCGTCACATCACAGAATGTGTCAGCTCCAGGGAAATCGCTCTGGTCCGCGACCTGACGTACCTACTGGAGCAGCCGCAACCGGATCCAAGGTAAACGTGGGTGTTGATACTTGGCAGGTCAGCATCCGTTATGCCGAAACAATAATCGGATCAGTCAATCGCGTCTCGTACATATCTATCAGTTGAATTCTGGTAAAATGCATGCATCCTCGAACGCGTCGGTTGACTAATTCGTATCTCCCTGGCTAAACGTTCAGGTTTTTGGTAGGTCCGGGGGATCAAAATCCGAGGCAGAGCGCTAATATGGCGACTTCGCCTGATAACCTCCTGACCGGTCGTCGGGTGTCACAGCGACGGTATCACAACAGTGCCATGATATCAAGAATTAAACGATTTGACCCAGCGCACTTCAACTCCTACCTGTAACAATCCGTCGATGATGTGGGGTGGAAGCGCAACGAAAAGCAAGGTCGAACCGTGACTCGAACTGTAACTTTCAGATAACGGATGGCAATCGGAACTCCCAAAGTTTTCGGGTCCCCTTGTATTCGAATGCCTACCGGCGTATAGTCTAACAGTTTTGATCGACGGCAGATTAGCCCTTTCTCCCCGAGTCGCCACTGCGGGTACCACACGCCGTTCCTAGGACGCCTTATTCCATGCTTCCTGACTCTGGCACTTCAGTTCAGATAGGACCTGTTAGGCAACGGCGTCTTTGGTAAACGCGAATAAGAGACA,1861,51.8,Caenorhabditis elegans
SEQ_456523,TCATCTGACCGGACCGCGCGTTGGAGCCGCATTCTGGACTCGCCGAGAGGGGTAGTTTCGTGCGTACACGCTGAAAGCATTATGAAAGCAAGACATAGCCGTTAAACTTCCGCGCGGTGTCGCAGTCCTACGGGACTTATATAGTATCTGTTGCGGACCAATGGCCACATGATAGCATCCTAAGACATTCTCATATGTAAATCTTAGAAGCGCTAGCGGTCGCTATCGATGAAATCGCGTAAAATACGGCACAAGTTGACGAGGGGTACTCGTGAATCACCTTGATCTCAAACGCTGATCTACATAGTGGGAGCTGAGCTTAACGGCTGGGGAGACCTCTGTCCTGTGATACATCAGTTACAGACGCTCAGATGAAGACCGTCGGACATATTGCCGTGCCGAGGGGATTATTCATCATTACCCGAGTATTACCCTCACAGGACTGTTGGACCGGGATCCAGCGTGAACTAGGATGGGAACGTACAGCGCAAGCTGGCGTGCTATGCGTCGGAGGAACGTGCTCACACCTAAGAATTAGGTACATGCTGTAGCGCTATGGCTGAGGGGTACTAGTAAAATGAGGTTTTTATTCCATATACCATTCGCTTGGAGCATGGTCTTCCTAAGTAGGTCGCCTCGAAGTCCAGATCAGGGGCCGAAGTGGCTGTGTGAAGGCAACAACTAGTAAGCGCCTTAAGAGATCTCGTCAACGATCATACACGACCGCTTTGTAAAGTTGAGAATCCACGTTATGGGGCGTCATCGGATGAGGCCATAATCCGCTCCATGCTTATTCCGTTACGGATCCAATACACGACATATTCCGACGATTCGCCGCTTCGATAACCAATACGGTTTTGTAGATCACTATGAGGACTCCGGACGCCCACGTCTCGAGAGGTACGCTCAGGCCAAATCATCAGAGAGAGACTGGAGATTAGGTAGCTATCCTTCTAGTATTCAGAGAGGCGGCTTGGGGACGAACTGGGGT,991,50.55,Homo sapiens
SEQ_259115,GGCCGCTGGCAAACAACGATATGTCCGTATTTTACGAGATAGAAACATTCACGTTGAACAGCGTCGGCAACTAGCCACTAGATGCGGAAGAAAGGTGTTGAGAGTATGATAATCTCTTGGAGCCTCCTTTAGTATGATTACCGCTGGGGTATGCGGTTTCAATTCAAGGAGGTGAACGCCCTTACTCCGGGACCTACAGCGGACGGTTGGCCAGCGAACGCCCCCGGGAGGCTGCAGAAACCAGGTCGGCGTTAGGCATAGCTGCTTGCCCAACGCCTTTGGTTTTGCCGATCTTGCCTTGATGAACAAAGCAATTTATTAGCTTCCTAGTAGGGGAATGTGTCTGGCTGCCCGTCCGATAGTACGATAGAGACCGAACACAGGGTAGCAGCCGTTACGTGCTTCCATTTCAAGGAGACGCCGAAGAAGGTCGTTTAATTGCGGTGCGTTTTCTTTACGCAGATCATGCTACGCAATTATTTGGGCCTAGCCCGGAGAACAAGCAAAACTAGGTCTCTAGGACTGTTACTGATTGTATAAGGGTATCCCTGTACCCGGATGTTAGCCTCTAATGATTACGATATATTCATCCGATCCTGCAGGACATCACATGCGGACGCCTCCTCAAGCGGTGCCTCGATCGATAGATAGTGATGAATCCTCTAGGTAACCCTGTCAAATTTAAACGGGTCCCGGCTGAGATTCATAAACATCAGTTCTTCTCAGGGATCGAAGCCTAATTGGAGTGACGGGCCCACCAAGACATTGAGTATTTAGGGCTGGGAAGGTCATGCCGTTATGTGGAATCGACAACCAAAGTGCGTGCTTCCTGACTTGTTCCATCAGCGGGAACCCATGATTAAACACTGTCCTATATTGGGTGCTTTCAAACCCGAGTTAAGACCTCGTCTGCCCGGTGAACCGGTATTGGTGGTCAATTATCCAAAGTCCATGCCAGTAATCCGTTGTCTCCTTGAGGGGCGTTGAGACACGTGATCGGGTTACTCGGGGAAGGTTCATGGGTCACAACGCCCCGCGGTCCTTGAAACAGCATGCACCAATCGAATACGCCTGAGTGTACGCTACCAAGGGTATCTCACGCTTATAGAGAAGATCGACTCGTGGTTGGTCCTCTTTGAGGGTAAACCACAAACTACATAGGGTCCGCACTACAGTAGGACTGGGACTGATAAGAAGGACGCAGAACCCCTACTGCATAGAACAAACTGTGTACACCGTGTATTTTCACGGTGATAGCTCATTTGTTCTTCCCAACTAATGTGATTGCTGTCTGTGGTAGGGCGTCGAGGAACTCGGTACCGTAGCAAGGGCGTGGGACACCCTGAACAGAAATCAATATGAGCGGAGCGCACGCCTGGATGTGAGCCTTCACAAATCGCGCGTGGGACATGTGCGGAACGTTTTACTCACTTATAGCCTAGTCGAATTATTCTTCCCGATTTCGGTACATTGTCACAACACCATACATAAGGGCCCTATTGTAACTAAGGCTTGATAGAGTTGTCGTTAGATCATTAGATGCTTACAGAAGTGTGGATTTTCTGGCTGCGAGTGCACCAGCCAGCAAGACCGAGTAGTGTCCACCAAACTCGTTAGTGTAAACTCGGATATGGTAGCTATTCTATCCACTAAAAACACCTTTCGTATCAACCCCTCGAAGTTGCATCAGCGCCCCAAAGGTATTTAAAGACTGTGTTGGGAATGTTGTGA,1731,49.16,Arabidopsis thaliana
SEQ_763276,TCAGCTTCGAAGAAGTATGAGTCACATATTGCATGGTAACTAAGAGCAGCGCGAGGGGTCATGCCCTGCCCAAGGGACGACCCGGGATATCGAATCTCATAGCGGATGCCCCCTACGTGCCCTTCGTTGCAGCTTCACTCGGTCAATCTCAAGGATTGTGTCTCCACATATTTCCTACTTGTGCTCTTGCGCAAATGCTAAGCCCCTTCATCTGTTGTCCTCCTACCGCCAGGTTGATTATTAGTAATTTCCGCATATACCCTCCCCTGCGACGAGCAAACCGCGCTTCCGCCCATCGGATGAAGTGTCGCGTAAGTAAGACAAGCCAACATTCAATCCGCCATGATAGTGTTACCCGATCTTCATCATACGT,373,50.94,Homo sapiens
SEQ_775480,CGCCAAGCTAGGATCCGTGAAAGCGAACGCCCCACTTAGGATTGAGTCTGTTCGGTAGGTCGCGCCCGTGAACCGAGAACCCCGATATTCCATCGATGTGTCTACATGCGCCTAGGTCTTCTGGGTTTTGCATCTGATTGTACCAGCCCTTCAGAATTCATTATACATCGCCCAAACGAGATTTCGCAGTCAAATCGACGACTTGGTGGCACAGGGATTTCTTGAAACGCAAAAAAGTACCCGACACCACCTCAGACTTAGTTGCGGCCAGCCGATACCTGAGAACACCTAGTCTAGGTAGGCGTTAATTATTTCGGGTACTAGTACAGCATCCAGGCGCACCGACTTCGGGAAGCGTCTGCCGGAGATGTCCACAATTCGGACACCCGCCGAAACACGCAGCGACTCACAACTACGCGTCCAGGACAGGGGGCACACTTGCGTTCTGAATCCGGTCGTTCAACGGCTCGGCCGCGTCAGCAGAATGCACATAGAAGATCATACGATAGCGGCGCGACTCCACCCCGTTGGCGACTTCAGGCAACTAACTTTCGAGGTTGCTTTAGTCTCACCTAGCGGGCGGCTTCCCGGTGGGGGCCTGCCTTTTAACTTTAATGTGTCTGAGTGGAGGTCGGAACTCTTGAACGGAGCACAGTCCGATGGCGTCAATACATATCAGGGCTGGACCGCAAGCCGAGCGCAAAAGTGTCTAGGAGACGTGACAGCTCCCTTAGCCCATCTATTTCATCGGTTGCTCTCGAACTTGCATCATGATTTGTTAGAAACAGACGTTACTTGCCCATTATTAGTATCCACTCTGGATATGTCGCCTCGATTAACCGCGGTGGCAGGGCCGTGTTCTCAGTCGCCAAGAGTAACATACCAAAGCTAGTAATACCGTAAAAGCAGTCACCGGGGACAATTGGGAGCGAGCATACACACATCGGAGCCCTTCCTTAGAACATAATCGGACTTCCACGACATGTTAAACCACATATACGCATGCTAACTCCTTCTCGTGGAGACCTCGTAAGTCGTTCAATTACGAACATTATTCCCTAAATTGAAAGCTTCGAATAAGAAGGGATCCCATATGGACTAATTTGCTAATGGACTCCGGGCGTGCTTCTAAGCTTGTTGGCATCTTGGAGCCTGCTACTCAGTGAGCCTGTGTCTAGGACTTGTGTTCCAATTCCTCTCACCCCACAACATTTACAAGAGTGTCGTCACCCTTTCGTTGGTTAAATGCCAACCGTCCGGCAATAGCGTATGAGGATTGACCCGATGCGGAGGTTCGGACCCAT,1304,51.3,Escherichia coli
SEQ_102524,TCAACAATACCGTGAACGCCGACAAGATTTGATAGTCCGGACGGAATTGTCGAGTCAAGTTGCGGACCGCCGTATCCACGCATGATAGTAAGTCTGTTTGTACTTATTCCAGTCATCGTAGCTTTAATGGAGTCTACACGTTGACCGCTCAAGGCCCGAGCAGCCTGGTCCACGAGTAACTAAGAGCTTTTAGCCGGTGTAATCATGAGGAAAGTGATACAGCCTAAAGGATGTTGTTTCCCCTGTACGTTAGGCTTGATATATCCTGGGTCCTGGCTTAAGTCAAGCTGAGAAGGCCCAGATCGGTCATCTGCGCCACCCTTACAGTTTTAGGTTCCCAGACCAGGCAAAGGCCCGCGTCAGATGCGGGGTAAGGAGGAGGACGCTAAGTCTAACAATTCGGGTCTATCTTAAGTCACTCTAATCCAGAATCTAGTACTCGCTCGAGCTTTGTTCCCAGACGGGTATGAAGCTGAATTGGGTGTGTGCTCTATGGTAACGAAAGGTGTGAAGCGTGGATCGCCGAACCGTGCTATCATCACGTTCTTCTGTAAGTTTCAAGGCGTTGATCGATGGATCTATCTATAACAATTTATAACTGCCGGATTACATTAAGGTGGGCTACAGACCACACCCTGGGAGCTCCTGCCCAGGATGGCATTGTTATCACGACGAGATCCAAATCCCTGTATTCACTACCTATTGTTAATGCAGTTCAAATTCCACCTGGGAGCGCGCAAGCTAAACGATCGGGCCCAGTGGGCTTCATGTGTTGCCTCGTTACCTGCTCGGACCAGGTTGGGTATAAGGTCACCTAAGCATTGAGAGGCATTCCAGCTTGCCGCTTTCACCTAACTATGGGACAAATTAACGCACCACTAACCCCTCAAACCCTGTAAGTCGACACGCCTATTACCTTAAATTTTGAGGAGGCTCAATTAGGACGTCCTGCTAAAATGTCGTACGTAAAGTGGGCATATTGAGTCAGACATTGTTCGGCTTCAAATCTTAGAGGGGCGTGAGCGGCTCATTGGGCATGCATCCTTGTCTACTAGTATGGCTATCCTTCACCTG,1074,48.79,Caenorhabditis elegans
SEQ_956987,CCTAATGTGGATGTTCAACATCATCTAATTCCCAGGGTAATCGCCGCGCTTGGTCACCACGAGATTATTCACACACGCATGATCATTCAGCACAAGAAGTCCAAAGCCTTGGAGGGGGACACAGGCTTCACTGACTACGACACCTTCTTGTAGACTCAAATTAGCCCTTCGAACCACTCCGCAAACGAGTGCATTCTAGTCCGGAGAGCGCTCCCTGGCTGTGTCCGTCATTGCTGTCGTCCCATTGCGCCGCTGCTTGTCTCAAAGCCAGCACGGCCCTACTGGGTGAACAGGCGTATACCAGAAGTGCACATTCCTATTTTAAACTTCAGGATCGGAGCGCAAGTGTACGTTAGCTGAGGAAGAGCTCGAGCTAGCAGCTATGTCCGTTCGGCGACGTTCGGCTAGAATGTCGCCGGGAGACTTCAAGAAGCTGTGTTCATTACCTCCGCCCGAGTCTACTTTGCGAAGAGGAAGACCGACTCGTCAATCTAAGATCAGGATCATAGACTAGGAGACCTGCGACGAGAGGGTAGCTTCTGATATCATTACTACTGTATCATTTCAAACACCCGCTAAGACCCCGTCACCCTGCCACTTGCGGGTTGTTTATGAGGACTAGCCTGTCATGGAAAACTTAAATCCTTGGACTTTTTAGGGTCGCGACGGTAGGTAATTGCCATAGCTTGCCTATCCACATTGGAGGGTCGTCACAGTAAGCCCAGCAGTGTGAGTCGGCCGAAGGCCCCTCGGTAGCTGGGCCCTTCTTTACAATCACGCGCAATTTGCGGACAAAGGGCGATAAGGCACTATTTAATATCATAATAGACGGTTCTAGAGACGTGAGACCAAACTCCGCGAAGTGTCCATCTTAGTATGCAAACTGAGAATCGGACGTGAGTATTAAGTGTCCGACGCAACGAATGAGCGTATTACGCTTCTCGTCACATGGAGGGGTCGCCAGCCCCAGCACTGTCCACCCGCTCTGTTGGTCTCATACCGGGACAGCGCCCCATATCTGAATTACCAAAGTCGTTCACGTATTGTGATGGCAAGCACGTGGGAGTTAAGAAGGTCTAAAGTCTACCATTCGACGTTGCTCGTATCCAAGGTCTGATTACTGGGGTACTGCAGTCCCAGGCTCACGTGCTGGGAAGTCGGTAGATATTATAGCTGCTTAGGCTTGTTGACCCCATCTATGCTTCGTTACAATTCAGCGCAACCGTGAATATTTCGATGTTCATTGTAAACTGGCATCCGTTGGGTCCAGGAGCTCGGGGCCCGCTTTAGTGCCTAATGAACGTATAGTTCAGTGGCTTGGGCGATTCGAGTCAGACACAACTCGATCCTTTAGTACTTCCACGTAACACTATCACAGCCAAAACCTTAGTACTATTAATGGGACTTGGTTGGCCGCCCATTTAAGTGCTTCTCGGTGAGCCCCCTAGGGCGTGTTGTCTCTGTGCCAAAGATCCTCAATAAGCATGTACCCAAGTTGACCAGGAGCTTAGAAACATCCAAAATAAGCTGATCATCGATTCTGGCTGGAAAATGGCCGACGGAATAGTCTTGTGGCGATGTATGGCACAAACCGGCGCTTGATACACTACGGTTCAGCATGCAGCTCCCGAATTTACAATAGGAGATAATACGACTGTCGCAACATCGTACCGTATACAGATGCTGCCGACACAAAACACGCATACCGAAAGTTCATTCGACCAAAATCGTCCGGATTTAGCCAATTACATGGCTTTTGGAAAGAGCAGCTTGCAGTAGCAGATTTCTGGGATGCGGCGTTAGGCCCGTTGCTAAGATCACGCATTTTGC,1830,50.0,Saccharomyces cerevisiae
SEQ_553802,CACCCCATTCTTTGTCGCAGCCAGGCCTCGCCGAACATGAGCTTGTCCGAGAAGGCATATATCAATTCTGCTTAGAACCTTTGAACGCCTGTGGGGTGGCGAACATGGTCCCAATTATTACATATTACGTATGGACAGAAAGTCGAGAAATGCAGTGCCGGAAGACTGGACTACCTCGTGGTTTCGCGGGCTGGACAACCATGTGTTATGGATTGAAGCAAGAAAACCATCAGAACCCTGTCGGGTATCGTGCGGAGTCGTTCTCTCCTGAGCAACATACCAAATCAACCGAGAGGGCGGTGGGCGCAATCTATAAGAAAACTCCAAGCCATATAAAATCGCGACAGCCGTCAGGAGTGTATCGCGCTGCCCCGTATCACATACAATAATTCAATCTTGCTCTACGTGATCAAGAAATGTGCTGTCTTTATTGGGTAGTTCATTAAGACGGAGGTGATAGAGCGTAATCAATCACCATATGTTTCTGCAATATGGCTTGGTCCTGAGAGGAGCGTCTTTTGGCTGGAATAATTGCACCCCACTGTACCGTACTCGCACCGCGCCATG,567,48.85,Homo sapiens
SEQ_408237,ACGGCGGATCATGAAAGGGGGCAATGTTAAATACGGTTTACCGTAATACAAGCTCTATACCCGAGAGTCTCCAGTGAATCCGACCATGATAATAACCACGCGCTTATACCGACCGAGTATTGTTCGCATTACGCCAACTGAGGTACTCAACAGCGATGCCTGTCGTGACAGGCAGTCAGTAGACTGGTATGGACCTTCTTTAAC,204,48.04,Arabidopsis thaliana
SEQ_369390,TCACACTACATGGGCTTATCGTGGATACCCTAAATGGAGCAACTTGTCATTTTATCACCACCAACGCGCCATTGTGCATCGTCCTCGAGCTCAATACAGCCGTCACGCTATCGTGAAATGAAGTGAAGCAGCCCGATTGAGAGGGAATGAGCAATAAGTTATACTTATCAAATCAACATCCGGACCTTGATCAATAAAAGACAGGGTAGTAGCTGTTTGCGTGCTGTTAGAGTATCATTCATGTCGAAACTTAACCGTGGACGTTTGCCGGTCCTTGACATCAAAGTGGATTACTCCACGTGGGCGCAGGGCTTCAAAGCGTGACTAGTGGAGCGATGCGGATCGGAATTCCACTTAATCAAGCCGCGCCAGATAAACAGCCGGCAC,387,48.06,Homo sapiens
SEQ_499499,AGCCACTAACGTCGCGCTCGCTACGGATTGATAGCCATGCGTAAGTTAAGATGGGGACGGGCAAAAGAACTTCACGTGAGAGAGAGAAGCTGCGCGGCAATCAGCATTTCCCAATCGGGTGTGCAGACAATCGCTGATCGGAAACTACCAAAGGTGTATTCTGTGCCGCCATCTCGCATCCGCGTTAAATGACCTTGACGACCTCCCGTCAATAAAACGGGGCAGAACGCTCTCCGGTTGGATGAACACGACAATCATCGTTCATTTCGACCGTACCGCTCAGTATAGCCCGATCCCGATTCCGTCCACGAGGGAATTGGGCATCTATTCCATTTCAGATCCACAATGGGTCCACCTGTGTGGGCGCCGAGACATTTTATTTGAAACTTTGGCCGTGTAGGTTAGGAGCCTACATTAAGCGGGGAGAGACTGTGACTTACGCAGACGCGTGGGTATTAGAGAGCTACGTTGAATCCAGAGGCTGTGAACTAGGTTGACCCCAATGCCAGCTAGAGCAATCTAGGATCCTGCAATCAATCAGTATGAGGATAGTAAGCACAATAAGCGACGGAACCGCGCTGTATGATATGCGCCAATGCGTTCTCGCATTCCGTGACCACTAGGGCTGAATTAGACCGATCCATTAGCGACATGTCTGATACACCCGGGAGGATCTAGTAGTCTCCGGGTTTGGCTACAGGACAAAGGTGGTGCGCTTAGCGTCGTTATAGGTAAAGCGTACATCTCTGGCTAGTACTTAGGTACGTGCAAACTGTCACACAGTTAGTTTGACATGCCGGATGAGTCATTACAACCCTGGAACGTTGCATACGTGGCTCGTACCGCGAAAGCGCCGCTCGGTCTGGCTTGTACACTGGGAGCTAAGGGACCGCAGCGCGTGTTGCCGTAGACAGTCTCGCGGTTCATAGGTTGACACAACCGGGGCCTAGCAGCGCATAGGAGACCAAGCTTCTCGATGAGACCAGTGGTAGTAAACATCATAGCGAGAGTCTATTGAGTGGTCTCATTGTTTGAGATCAAATCCAAATATGGCTCGTTTTAAAGGTGGGCTATCAAGGGCATCTGTTGGATTCCGTTTCTAAGCGCCTGCTATTCCTTTATTGTTTTCATTTCATATCAGGTCGCCTATTTACCTTTTTATGGATGCTGAAAGTACGACCACGTACAAGTAACTTACGGAATACCACACAATTACTGTGATGTTACCTCTTCGCGGCGTCGCCTCATTTCTAATATTTCGCACGTAAGTCCAGAATAAACACACTGTAGCTATGAAGACAGCACGCATTAGCTATGAGTTACAATGTGGGGGAAGGGCTGCAGCGCGGGTAAATCGCGTGAGGGGCCTGTTTTCCACCTCCCCAAATCAGCGATGCTTGGATGCTGTGAAAGCAGCGATAGTAACGGTATGGTTTTGCGCCAGTCCCGCAGCACATATGGCAAGGACGATTCGTGAACTTTAGGGTCCGCGAAACCCCTGCAATCAAAGCCTGCGGTGTTACTGCCAAAAAGAAGACAAAAGCGACGCAGCTAGTACGTATCGTATTAGTAGGTCCGCGGCCGACATCGCGGGGAAACACACATGTCTATTCATGTACAGCCCGACCGAGCTATAATGTTCTCCCCCTTTAGCTCTTT,1659,50.15,Caenorhabditis elegans
SEQ_971712,GGGGCAGATCGAATTTTGAAGATTGGAACTTAAGCATAATTTCGCGATAAAAAGGCTGGCTCTGGCGTTTAGCGTCACTGGGATTTTTTTGGCTCCCTTAGAGGGACTACTGTCGCCACAAGGTAAACCCACTTATTGCTAGGTGTAGGGGACATTGACTCTAGATACGGTGTTGGGGGGTCGGAGGAGCATCAGCTCGCACACTTTGGGCTTGATGCCAGAGGACAACTGCACCTAAGTCCCGGAAGTGTTTGAGAACACAAGTTGTGTGGTTTTTATATCGTCTCACATAAATCCCGCGGAATGATGGGATTATGGATACTCGGTCGTATTAGAAGCTACACGGTAAAGGAGTTATTTGTAGATAAGAGAGCCCCGGCACGTTGGTGCGAACCATCATTTACCTTCGAAACGCGGGAGACTCAGGGCGAGCATCATATCCCTGCGCGCACGTGCGTGAGAACACGGTGATATAACTTGGTGTTTAGCTATGCAAGTGCAGCAGTGCTCAGCCTGCCGGTATGTCAAAATAAAGTCCAGATACAGTCACAGTCCGGTCCCATGTTACCTCGCCGCCTCCCCGTGTGAGGGATTTTTGAGAATTCACCTGTAAATCCCTCCTTTGCATAGGTGAGCCGGACCTCGTCGCTCAAGGCCAGAGGGGTGCGACATTGTACCTGAACAGACAGCAGGCATTTTCAGATCGGGGCACGAAGCCGACTTCTCTTATGGAATTGCTTCATGAAAGGGGGGAATATGTCTTCAGATAGTGGCGGCCAGAGAATCAATGGCTTTGGGCGCCCTCCCAAGGCGGCGCATACGTCATATATTGGTTAAAGTAATCCTTCCAGGTTTCTGAGCTTCGCCGCTCTTATGACAGCAATTGGAACAGATCACATCCATTTTACGAAGCTCAGACTTAGTACGGCGACGCGCTCGTTTATTGCGACTACGCCTCGCCGTATCACATTTCCGTCACCCGTAGGCTCGCAGGTGACAACTTCTCTGCGAACTGAGCTCATATTAGGTTAGGGGCCCGAGGCGCGAAACTCCTACGTAAGCTGGACACGACGACTCCACTGTCGTTACGCTGCGACTGCTGATTCCTTGGTTCGCCCAGGGGTTGAAGTCTTGGCCCGGATGCTAGAAGTGCATCAGATCATTGAAGATTTGCGACACCGTCGATAAGCGGGCAACCCTAGGTAAAATAGCTTGGCATGTAGCCAGTCCCGAATCTTGTTCCGGGGTTAGTGCCATCGACTAGAGTCGACTGTTACGCAGCTGGAGTCTCTTTGAGGTCGGTCCGTTCTCAACCTCGCCGGCAACTAGAAGATGTCGATTGATGTATGCGTATCTCTCTGTATTTGGGAAACGTCGAATATATAGCAACTAAAGGAAGGGAGGTTGTTGTCATAATGCAGCTCGCTAAGAGCCTCACTCTCTGCCAGGGCTTGTGCTTCCTCTCATGCTGAAATTCCGCATAGGCGACCATGTCAGCCAACTGTCATCTATATATCCTCTCCGCCCCGTACGGGATGAAGTACGGCAGCCTGTGCCAACGCCTCGGCCGCCAAGTATGTACTGACATTTGGCATGGCCATCTAAGTTGTGGCCAACCGTAGTGAGACGAAATCACTGGTGGTTAAACG,1649,51.06,Caenorhabditis elegans
SEQ_959232,CCGGCGCACTGGGTTTTGTGAGGCTGTAGATATGGACCCAATAAGCATAGGTCCGCTCAGCCCGTTGAACTGGCTTGCGCCGCGACAATAGAGAACCTGAAATCCCTGGTTGAGAGAAACCGTATCTTCCGTCCTCTACGATGCACATTGGTACTATAACGCAAACCGTACTGCTTGTTCGTGCCGTTATCTCTTAACAGTCAACGTCCCGTCGCCATATGGAGATCCGCAAGGTCCCCCGCTACCTATCGGATCAACTCCTGCTGAGACGTTGCATCCCATACACACGCAGTCCCACCTTGATCGGGATCAGGACATCGTCCTACGTACTATGTTACTTGACCTGACACTGAGATGAGCTAGGGACGGCCGGGCCAAACTTACGGGGTCGAGCCCAGAAACTGTTCGAGTTCTATGGAAAGGTTCCCGATGTTCCGTGACGAAAATCGGAAGAACGTACTGAGCACGTTATGTTAACTCCGTGTGTCGCCGGCCAAATCCATCATCGCCCCCGACAGACCATGGAACCCAGTCTCCGTCGGAATCGAAAGATCCACCTGAAACGCACTCATGCGGTTCCCGTTCTTCTCGCGCGGGTGGATCACTCATCTGCAACGTCGGTTGCGTATCCTGACTTCTCAACGCTCGCCGTACGGTGTTACGCCTCTAGTCCAGCGTGCGCGATGAGGGCT,692,54.48,Escherichia coli
SEQ_319313,TCTTTGTCCGTAGCAATCGGAGAGGTATTACCACGAGAGGGACGCACAAAATTGGGCCTTGCTCAAATCTCCGCCTGGTTAGTTCGTTGCTTAATGTGTTGGCTCTCAACTCATAATCCGTTGTTCTGAACTAGAAAACCATGACTTATCACATTTTGGACTTAGTCACTGCGGTTATCCGCATTTTTCGGGCCTTAGTACGTCTGATTGAAGGTCTACAATATCTACAGTTACTATCAGTTCGACGGACTAACAAGGGTGCTATATCATCATGCTTGTCAGAGGCCGCGCACGGTATACACGTCGTGGCAGGACTTCATCGAGCCTTCTAACTGCTACGACATTCGTTTGACCACGGCGAAGGCTGGTTCCCTAATATGACCTACATAGTCGCGTGCGTGTACCGTTGGGCAGGAAAACCTGTTTGAGATACTCCTAGCCTACGTCATCTCGCAGTCGTGAGGCCGATAAGAACAGCTGGCTGGTTAAA,490,47.96,Arabidopsis thaliana
SEQ_792383,AGAGGGATTAACCGTTGGCTGGTATCGTCCATATCGATACTTATTCAACTCATAGAGGTGGCGTTTATGCTCCATGAGGACCGTTTTATGACTACAAACAGTGCGATGATCCCAGGCAGGTAGTCTTCGTAGTAAAGATCGGATTTCAGAACTAGACGGGCCGGATGATCTCCGCTACTGACGTACCGCACATGCAGTAGATGGCACTTTGCCCGGACACCTATGAGACACCCAGTCCGTAAAAGGGAGGGACCATGTAGGGTCAACATTAATGAAGCGCGCCCGCAGGACCAAAGAAGTGTTTTTTAGGCGACCTAAATTTGTCTGTCACAAGTACCCATGGGCGCCATAGCTATTACTCCATTCGACGGTTCTTACGTGGGCGTGATGTTCCGTCGGCTCTACCGGCATATTCCCTCAAAACTGGGGGTTATTACATTATCCGCCTCGCCAGGTTGTTCATATCGATGTCTCTGGTCACAGTTGTTCCTTTCCCATACAAGCTTATCTGGTTGG,516,49.22,Homo sapiens
SEQ_574429,CCGAGCGCGGTCCATCTCAGATCAGTTAATTGGCAGATCAAGGCGTCATCTACTGCATACTGACCTGAGTACACCCCATATAATTGACACCTCGGTTGATGCCTCGCAATCTACGAAGTCACAAAAGCATCGTCAGCATTAATGCAGGAGTCTCCCGGCAACCATCGTATACGGTAAACCTCGCTCCAATTCAGGATATACAGCATCGGGGACCGGGGACGTTCCACTTGACGCCATGCAACTCGTAGCAAGTTCAGCAAGGACAACTCATCTCAAGTTTCCCTCTATAATGTTCGGATTCCGTGTGGAGAGCTCGCACCGTAAGGATACCCGTAAAGCTAGTAGGTGAACGGCCCGTCTTCTCGGGTCGAGTTACCACTGGAATCCAGCTATGCCGCTTTCCAGCAGTAAGGCTTTGGACTTACGCTTCGCCGAGGCTGCCTAAGTGGGTAAACAATTCCCTTGAACTCCCTGTTCACTTGGAGCGATATGCGATTATAAATCAGTGGTTAGAGTTTTCAATATTACCGTGGGTCTGGCGGATCCCTCATATAGAACACAGCCAAGGTCTAGATACATATTATAAGATGCGAGGAGCTTCGAGGGATGTGGATCGCGAATAAGCTCGAAGGCCCGTATGTTTACCATAAGCTAGAAGCCCGTCAACATCGTTGAAGAAGTCCAGCCCCGGTAGACTAGTGGGACGCACTGTAGCAAATGCCCAAACATGCCGAGAGAATTGCGTCTGGATTTAAGCCGTGGCCCGTACGATCTGCCCGTTACCAACCGCCCAGAACGGTCGGAATAGCATTGTACCGTTAACCGAGCTCCCAGTATATCGCTCATCTTCCTCGGGGTCTCATCTATCTAATTTCTGATTAGCTCTAGTTTTACAATGATTACCCCATCTAGCAAGATCCCAAAGCTATTCACCAGTACCTGGTGGGAAGCATGAACCCGGAATACTCCTAGTTCGGCCGCCATTACTTGAGCAAATGCCGGGGGGTCAGCGGTTTACTTGCGGTCCCTCGACTATTAATCGGCCTCCCAGATACACAGTTCTAGCTACTCAGCAAGGCGCGCGACTATTGTCCTAAAATTTTGTAACGTCCTATCTGCATAAGCTATTATAAATAGCTTCACGACAGCTTACAGTCGCAAAGGTACTCGGCTCAGAACGAACACGACTCTCTTCGGCGACGGAACATCGCGGCAGCCCATACTTCGGACCCTCCGGTAGTGATAGTAATCCTATGTTGGTACAAGACGCCAGCCACTTTTTGATGACCAATCCGTTCCAAAATAAGCCCTACTGTCTGAGGCGCTTTTCGAAAAGCTTCGTG,1343,49.74,Escherichia coli
SEQ_482904,GCAGCTGATGCGATCTGTAGCATGGCTCCTTACACCCCCCTCCTTAGGACTGCGGTGCATGACCTTCGAACGGATTAGCTACATACCAGCCTTAATCTCCGTAATTGCAGGCACCTATGACGCGAAGAGTCGACAAACGGCTAGCTTGCCTTTAAGCACATCCTAATAGTAACTAACGCAACGGCATGCTACGCTTGCTGAGTTACTAGTAAGTCGTACCTGATAGCCGGTAGTGGAAATCATTGTTAAATGCCACACAGGCGAAATTATATATCGGGTTTAGCGGCGAGCCCTCACATCTCGGCTTCTAGCTTGAGCGTCCTTTAAACCATCGCCCGTTTCGCAACTAATACCCCGGCATTTCCGTTCAGCGACTCCCACTAGCCGTATGGTGAAAGTGGTTCATCGACAATGATAGCGGTACTTTAACCAGTAACCCCGTTCTGACGGTGTTTTCCGCATTGGGCGCAAAGCTACTGCATTATGACACTAGATAACGGGACTGATCCAAGTCCGGACGTCTATTTACGTCCTTCAACCTGGCGTAGCATGCAGCACTCGTGGGATGGGAGCACTTGATCTCGTCTATCCGGGGGTCCACAATTTTCAATTGGAAGCCATGGCTTGCCTGTAAGACCAATGTTCCAGTGTGGGTCGAGTTAAGGTATCGAGACTGATTGATATGCGGGCAAAATGGCGGAACGCAAGGGGCATATAAGCCACCCTATTATCCCGCCTACCTGTGGCGAACAGCCGGCTAGACCAACTTTGCGCCTGTCGCATAGGTGCTGTTCGCGATACGACCTTCTGATTAAATCGAGTCACACTGATGCGGGCGGTCCCCAGTTAGACGTAACGTCAGGAGGACGATTTGGTTACTAAATATTAAGGGACATCGAAACACCACAAACCTCGGACGTCGTCAAAGACACGCAAGAACTCTAGACGCCATAACATCGGCCAGCCCGCGAAATGTTGGGAAGAGGCACCATAATGTTGCGCCGTTGAATTCACCCGCTGGAAGCGCGCTGGAACGTAACAATCTACAAGGGAAGGTTCATGTTACAGGTCAAACTGTGAAACTTTTTCTGGGACACTCTTGCCGGGGGTTAGACAACATCAAGCTTGATTTCCTTTTCATAAGGATACAGGCAACTGCGGTCCCTTGTGGGATAATTGGGTTCCATGATATAAGCTAGTAGTTGGTACCGAGGAGAATACAGACCTC,1228,50.0,Homo sapiens
SEQ_178563,TCATTTTGCAGTGAGACTCTTGGATCATCACGCTGGAAAATAAATATCGTAGCACGTTCGCTTTGTGTAAACTCACACAAAGAATCCTGCGTGGTCAAGCACCCATAGACTAGAACTAGTCGATTAGTGATTCAAGCTACTATAGCGCTGCCCACAAATGTGGCTCTCTGAAGTGCGCACTCTGTCATTCGAGTTCGGTCAGGGACATCTACGCTCCATGACCTGCCGTGCTAATTCGAAGGAGCTCACTGACTTGAGTCCACCTACCCAAAATTAGGGGACAATGGGTGGGCGGCTGCGGCAGGTGGTGTTCGGCGACTCACGCATATCCAGTGCCCCGACGAAGGTTATACCTCTACGGATCTTGTGATTACAACCTGCCGTC,385,50.39,Drosophila melanogaster
SEQ_694190,TGCTCGATCTTTCGGGACACTTCCCTTGCTATAGCGTCACGGAGTCCACCGATAGGGACCAGCTCCATGTGCACTATGTGGGGCTAGGCAAGCGGCACAGGGCCGAAGTTACTGGCAAATTTCGCGGCTTTGAAGTTCTCCTTAGTCTAAGAATGACTGGCCCGCTGAGACAGCGAGCGCGGGGCCAGGAGCTATAATTATAAGCGGCTATGCTGTTAGCCCGCAAGGTACGCCGTTTATGACCTGTGCCATGAGGGTTATGGCAGGGTAAATCGCCGTAGCGGTACGCTAGGTCGATCACAGGCTACAAACCTTTCGCAATCAGCTCGGGAATTCAGGCCACATGTAATCTTGATAGGACTCATCACTCTAGTTAAGGCTAGGCCCCTATATGAAACGTTAGTGCACAAAGTAAACCCCGCTTCGATGACGCTTCGGGGAGATTTGGACCCTATGGTCTGTCAGAGTAAGCAAGCTCGCAGAGGCGTACCAATCGAGCAGAAAGCATTCCTTAGCGGGATGCGTAGCTCAGTATATTTCCCGACATTACGAATTTAGATGGCAGGTAGATATCTGTCGTAACGTTTGAAGTGGACGCCCCGATTATGCTCCCCTTTGAATGCCCCCGACGACTCCCTTAGACTACTACGGTTGGCGAGTTCGGAGAAAGCTAGGTTAGTAAACACATCTTTAGCTCAACCAACTCCTGTACTCGAGCGAATGCTTGCACGTCTC,735,51.56,Homo sapiens
SEQ_471154,GGACAAAATACGCCATACCTCAATTTAGATCGCTATCGCATGGAGTGAGGCGGCCTTGGTATCTCTCTATCCACAGCCCTCAGTGTCTATGGCCCAGCGCATGTGCCATAGCGCCACGCTCCAGATGAAATATGTCCATTAATTCGCTAGTATCCTTTAAGTACATGCTCTTGGACTTTCTCTTCCCAAAAAAGGTTAATTCTAATCGTTACATGACCCTGCTATTATATCGGAATTGGCAAGCACGTCCATCCGGGGTCGCGGGAACGTGCTCGACTTTTCGTCTGAACGTGGGGTAAGCCTGAGTTCCAAGTACAGGATAACGGCTGAATGTGAGATCAGTTGGCAGAGAAAGGTCTATTGACAGCAGGAAATAACGGTTCCGAGGGGCGAAAATACGTCGATACTTGGAGTTAGCCGTTAGAATAAGCATGCTTTTCTTGCAATCTCGCCCTACACGTATTTAGCGGCCACAACATTCATAGCCGTCGGGACTCAGTCTTCAAACATTTGCCTACCAAACGCTCTCCAGTCTATGACCGCCCACACCTCGATCCTCCGTCCGTGGGCTCAGGTGCCTGATAAACTGATCCGTGATGATCTGCCCGTATGCCGTTCAAACTGGGATATATCAAGAGGCCCTCGACGGGTCATCATCCCCGTACGGGGTTCGTAAGTAGCTGGTAAAAAGGTTAAAGTTCGTGAAGCTCACCCCCAGTTACTTTTTATTTCACCAAATTTGTTAAAGCTGATTCGCAGTAGCAAAATGCCG,772,48.45,Mus musculus
SEQ_995252,AGACTGCTACTGGGGGTCGGCTCTGGTTTGTTCCGAGAATCTGACACCTCATCATCTTCCAGCTGGGGCAGTTGTTCTGGCCAGGAATACCAGTCAAGCTGGCAGCAAATTAGCACTTGCGGTGTGCTTCTCCTTTATTTAACCCAGGAGAGATGCCAAATCTACCTCGTTCCCGTGGAATCGAAGTCTGCATGGATGGCAAGACGCGTCTCTGTATGTAGCCGAGTATTATCGCACTCATGACACATTCGCCCAATTACGAGCGATCTCGAATTACAGTGCTGAATATATTTATAGTTCTATATAGCAGCCTCGAAGACGTGCCATAATATCCGAGGACGTCGGCCCACTGGGGACAAAGAGCGAACAGAGTTTGTGGGTTCTGGGCGTACACCATAGTCGGAAATCTGCACTTCCAAAGCTCGCTACTCAGCCTACAAACGCTATAGTTACCCGAACAGCACAGATAAGTCGGCCAAAATTACCTTTATTCATCTTAGAACGCGATCTTATTCGGTCTTCTCCCCACTTTCTAGATCCGATCCCTATTACCAGATGAGAGAAATCGACATGCTCAAAATGCTCGTGCCAAGAGCGCACCGCACGGAATGGATTTTTAAGGCCACTCCCTTGAATTAGTTGTCACGATGCAATCTAACCAGGGGGGAGGCTGATGAGCCTCAAACCCTTTACTAAAGTTAGTTTATACCTGTACGTTGGCAATATATCCGACTGTAGGCCATTACAGGTAAAGGGGGCTAAAGTCTTTGAGGATCTCACCTCTTTCTGCTACATTCCCGCCTGCGATTCTTATTTGATATGTGCCGTCGGATCGATCTCTTGCCTAACCAAGCGCTCCTGGCCTGCCGATATCGGATTTCGTCGATTTTTCGTTTAAGAAATGTCAAGTACGGGGTCGTTAGCAATTGTGAACAATAGGTTCCAGGAGATAACGCCGATTCGGGCCACTTATGTGGGCGCCTTTCGGCGTGCACCCCTCTGTTATGAAGTATAATGTCTGTAACCTTGTATTGTTCTTGACAAATACGCTTACGGAGCTGCAGGAGTCCGACCAGGGTAGGATCCGGCCCCACCACCAAATTTAGATTAGTCCAATACCATGTTATGTCGTAGAATGATTAGTCTCCAAAATGGAACCGAACCGTCGGCGTTTGCCGCTAGGTTTCTCAGCTAGTTCGACACCGTTCCCTTCGCCGTTCCGTGACGCTAAGGGTTTAAATTTCAAGTGGTCTGTCCGCTCCGATCAGTGTATAACTTTGTATTGACGCGATTCCATCGTAGGCATCCTACCGTTCGAGTAAGACATGCCTATATTCAGGAGTCCAAGACGCGGACTGTTAGATTTCCGCTTCTTAGACTATAACTACGACATGTCCGGTCGTGCTTGCGGGTAAATCGTCACACTTTCGGTACGTTAGGCCAGGTAGTCCTGAAACGACAACTAAGACTACGACCCTCTTGTACTCGCAGCGAGGGTATGGGCAGGTCTAGCGGGCCCACTACCTGTGACCTCTGGAGAACAAACCCTTTGATTGCTTACCGTATCGTGAGTAGTGGATAGTTATTATGGCCAGGCGAGGCAAGCTGTAAGAACAATCTGGGACCAAAATGCTGTAAAGTCACAGCATTGCCTAATGGTCACGCATTCCCTCTCGGGTTGTGTGAGCCTCGTCCCAATCGGAGGAAATGCTAGACCCAAGGTGGCAGGATGGTGCAAAAGATGCTTGATACATTGGCCCTGCATAACATATTTATAAATAAGCCCAGCGCGATCTTAAACCCATAAAGGCCGGTGTAGAGCGTGAGTCATCCCTGTCAAACTAGAGAACAGCATCATCTGTACTCAGCGGTTCGTCAGCTTACAAGCGGT,1891,48.55,Escherichia coli
SEQ_159029,TGATTTACTTAGCGTTGATTTGTTATGACGGTCGATCCGGATCAAGGACAACTTAACTTAACCCAGTGAACTTTTCGTGCTCCCCCTTATAGAGAAGCAGCGCTAATACCTTCTGATAGGATCGAATATAAGCTAGTTAGCCAGATATTATGATTAACTGTAACCCCTCGTCAGTACATCTAGGCTGCCCTAGCTGAGCCTGGGCAATTTGCGAAAGATATAGAATCCGGCTATACACCAGCGCGCATACCGCTAACTGACCTAACGCGGGGGAACACGCTCCTAGCGGCACTTGAGTACACGACAGGCTGGACGGACGTTTCCGCAACTTCAGCAAGTAAGGAAAAATAGGGAACAGCAAGTCTGGTGTTCTGTCTTTGGTGCGTCTGACAGTCAATTATATCCTACGATATTAACGAACCCGTAGTAGTAACCATTTCACGTGGAGGCTATTAGAGGCCGCGCTGAGGAGCAGTGGGGAGACGTTTCTGGCCTTTAGTGTTGGTGTATTTATGTAAGGAGGCGGAAGTCTAGAGACTGGATAGAATGGACTATAATCGTTTTGCGTGTATAACGTCCTGCGGTGATACAGTTCCAATCCGTGTGCATCCTGGCTCTGGTATTATTAAAATAGCAACGAGTTCAAAAGCTTACATAGTGTTGTAACCCGAGCAGCTATCTGCACATGGAAAGCCACTGCATACCCGAATATTTCGAGAATAACGCTAGTCGGCCCGGACGACGAGCTCAAGATTTGTCTCGAGAATACGCTTGGTCCGGGTCTGTGACCGGTCCGGTCTGGCTCGTCCTTTTCGATGTCGAAACGTCTCGTTTCAGCACGCGTCCCCACTGTCGGTGCTTCGCTCCTACCGTGTCACATCATATAGCACATCTCACCGCTCTTGCTGACCGTGTGTTAGCCGAATAGTAGCGGCCAA,938,48.72,Escherichia coli
SEQ_870632,GGTGTCTTGTATGTACGCCCGACTACAATTAGTAAATGTCTCGTGATCGGCCCGGTGGTCGACCCGTCGAACACTACCATGACGGAGGAATCCAAGGCCTGGACCAAGTGCGTCGCGGGTCAGTTCGATTGATATTCCTCGAATTCTCCTGTGTATAAGGATATATTGGAAACTACTACAACGCAGGCATCAGTTCACGTAATTCAAACCTCTTGGGGAATAGCGCGAAAATGTTACGGGTCCATAGATGACGTGTGCTGCTGTCAATACAGCATCCTTATAGACGAGAAGCCTCCGGCACCGAGTCCTAAAAACCCATGAGGCCGCTGATCCCGATGGCGCACGGGTCGATAGTCAAGAAAAGCAATCCATAACATAAAGGCGACGTGCACTTACTCGGACTATGGGGAGTCACACGTTCCTTTACAGGGACCTCGAACCCACGGAAGCACGCATATCGGATTACTCTTCATTTTACACTGGCAATTGCGATCCTTTAAACGGGCAGTATCTGATGCGAGAAGACTCGTCATTCAAGGAGAGGCGGAGTCATCTTATATAGACGTCATAGCAACCCCAATCAGTGAGAGGCCGGTTCACGCCACAGGTGGACTAGCCAAAGTTGAAGCTGTCATAATCTGAAATAGCAACCGCCATGTGGTCTAGTACTGAGTCCTGAACGCTAGCACTTGTTATCACGAAATTCTTAGGAAATGCCGAAGAGGGGCTTATGGAGTTTACTCCCACGTTGTGCTATCCGAAGCCCGTGCTGTACGTTAACACTCTAAGGCTAGCTTATCGCGCAGGGCTCAGCATCGTGTGGGCGAGTTCGGTGGACCATATAATTGCCGGGCGGTTGTTCTTATTACACCAGGCTTCTAGAGGACAATGATGAGTGCTAATGGTGACCTTGTTGGGAGCAATACGCGTGTCTTTGGCCTATCCGTATCGGATCTGTTCGGTCCTCGTGCCGCCTCGGCTCCCATCATCCCTCAAAAATTTTCGTACTTCCCCCGCACGCGGATCACTACGGAGGAGCCGAGAATTGCAAGGCGTTATATTATCTCCGGCTAGGTTATAACGTTTCCGGAGTCGCTTACCCGTGAACAGGGCCTCTTGAATATGCGATCTATGATGCCCCTAGATACATCCGACGTATCGTACAATGACCGAACGGCTCCGGTCACGTTCTATCAAAGTTTCTTAGC,1208,50.25,Drosophila melanogaster
SEQ_234251,AGAGCCGAAGCTTATGGAACGAGTGGACTTCAGGTACGGCTATCCGAACGGAGGGTAGCTCCGGTGGAGAAGTTTAGTGAAGAAACCGCGGTACGCTCAAGCGGCCAATGAATCCCATAGAGATTGAAACAACACTAACGGTACGAACATAGGAAACTGTCCCGTGGCACCCCCCCATGAGCACACTTAAAGAAGACATATTTTCATGAGATGGTTGCACTATACAGATTAGTCCCAGGGACTAAAGGAGGCTCGATAAAGGCTGTAACGATCGCGCCAGTCCATAATCCGCGCGGTCCCGTGTCATATCGATGCATTGTTCATCGGGTTGGCTAAAGATTGATGTGAGATATCATCTGATTTAATGACGCAGAGTCCCGCACGCGTGTTGTTATCCCATGTTCTCGAACGGCTCCGGACTGTCATACACAGAGCGGTAATGAAGAATAACGATAGCGGGGGCACGTCCATAGCATACGCTACCGCTACACCCTCGTAAGAGGTAAGTGGAACGGTAGTAGCATCCAGAATTGCATATGGGACCCAGTCCTTGAT,555,49.91,Arabidopsis thaliana
SEQ_682499,GATGTTGAACGGGCGACAATGCCTAGGCCATATTACGGACCCCGGACATCAAGAAGTACCGTGTTGTGCGAGTTGTATAAGCTTCTCATACCTTGACGTCATGTCACACGCGAGCATAAATTGTGCGGATTCAGAGAACCAAGTTAGGAGCAGGAACCGCCATGGTTGCTTCGCCAATTGCATGTCGCACCATGCCCGCGTTTGCCTAGAAGTCCACGGTTTAAAGATAATATGTATTGTCAGTTCAACCAAAATCACGGAACGCCTTGCCCCGCTGGTCTTCCTCTTAAGGGTTTTATTAATCCATATGATCATACCCGCGTGCCGTGGCGATCAGCACTCATTAAAAACCTGGACTGAGAGAACTCCTCTTGTTGGCGGCTAACGTGCGATCGCGGTGAGCGAACTCTGTTGGTAAAGTGAGCCTGTGGAACCGGTTATTTTTCCTTTTCAGGTGAACGTTTTTCGAATTGAGAGGAGACCTCAGTCCGTCATTGATTAAGAAAGCAGCTGATTGGCTCTTTGGGGGTAGTCACGACTTGCACCCCGATTCTTTTTTTCATCCAACCCTCGGTTATGCGGCCGTAGTATAATGTGGTTGGCAGCTACTTCTCGCGCACACGTTATTCACACCCATGAGTTCAAACTTTTTTCCATGTTCATGTGGAGGGCAGCAGGGCAGTTTTGCGGTCTGCGAATGACACCAGTGATTGGGGTCTTTGGGGGCGGACTTAGGAATAGCAAGGGCCGATACCTTTCATGCCTAAGGCAATCTCCGGGTGGGAAAATCACGCAGTTTATGTGCCGCGCCGGCTACCCGCCCCTATGTCGGGGTGCCGATGACATCCAGCTGAGTACCAACGGTTATAGACCAGTACTATTTGGGTGACGGGTGCGCCTCCATGACAGCTGGAGTATACAGGCTAGCCTAACTTTAATTCCACAGATGGCAACTGTCCTGACGTGTCCGCGAGTCTCACAAGACGCACTCACGTGATGCGTATGTCTCTGGAATAACGAAAGCTCCTAGAAAAAGCGTCTTCTGGAACTTATCCCACCAGGGCGGCATCCAGAAGTACTTGATCCAACTCCACCAGAGACGTAAGCTTGACTGCCACTCGAAGGAGTGGCGTAGCCGTAGTCGGACTAATAGTCTATGTGTTTCCTTCCTTCCATAGTTTGCGAATGGACTAAGCTGGGCCAGCGATGACATATTGGCAGAAACACGCGGGTCCTTATATTTCCACCTGCAAGCGGGGCCCCAAGCATAATCTTATCAAGAATGGTAGCCTATTATTATGATCGACAAGTACGCTGTCATGCTGATCGGCTGCCGCCCCTACATACGTATGGAAATCAGGGTCGTGTCATCTACGAAGTCCTATGTAGGTTCGTGAAAATGTATAACAGACTAAGTCGGAGCTCGGTTGGATCAGTTGGGAACTAGGCGGATTAGATCAGGACAGAGCCCAGTTTGGACTTAAGAGA,1488,49.93,Caenorhabditis elegans
SEQ_464018,ATGGGCGAAGAGTCACGACCTAAAACTTTTCTGAATTCCTTTGTCTTCCTGGAACAGTCACGTCAATACAATCCTCTGCGTTAACACACTCAACAAGATATCTGGCGTTTCAGTAGGGTCGTCGGTTTGTCACGAGACCTTCGAAAATCAGTCACAGGATTAGTTGTTCCCCTGGCGGGGCTCCCTGTGAACGAAAACAAAGATGTATGGCGACAGTGTCGCTTACCTACATTGGAGGACGACCGTTGGATTGCTAGGGCTAGAGTTCTAAGAATGTAATTAGTAACCTCAAACCTGAAAAAGCTACCTTAGTTACGGGGAATACATGCGCACATGGAAGCGCTCGACAAAAGTGTCTTGGGAGCTGCAACACCGTTGGGATCTAAACGTGAAACGACGGACCGTTTTCATGGTATATTTCGAAAACCCGGTCGATTGTTCGCACCGAGTTTTTAAACGCTATCTCCAAACTGATACAAGGCTATTCCTTCACATCAGACAGGTCGTGCGTCTGTGCCTATGCAATTAAGAGCCCCATTCACTCGCTGCTTGGCGGCGGCAACATACGGGATTAGTATGGCTAGAGCACGAGTCCATGACTGGCCAAACCCGTAAGATTACAGCTCTTGACCCCGGTATATCATCTAACATGCGCGAATGCACAGAGGCGTGTTCACCCATAGATAGTGAGGGTTCATGGCGCTGATGCACATCACTTGGTCATTTCTGTAACGCAATTATTCACACTGGTTACAGTATTGATAGGTCAGTTTTCAGCCAATCAAAAGTCATACTTAAGAGACGGAGCGGCGGTGGGTATAATCATTATCCTCCGCTTTACCTTTATTTTGCCTGTTGCAGTGTAAAGAGTAAAAAATTGGGTTCCGGGAAAGCAGGGTCTATTGGCCTAATCCATGGTTCACGGCCACTGTTGGCGAGGCGCAAATACCCTATTACTGTGTGTTACAGGTAAGTAACTTGATATGCGCCATCGTGCTTGTAGTCGGTTAAGGGTCCTTCTTACGCTGGGTGATACTGCGCCTCAGAATGTAAGGTGTGGACAGTTCCAACGTCAATCTACCAGCCATACGCCAGGAGACATGACACACTGTTTATGTAGGGCCAAGCGTAGGACTATCGTAATGCAGCGGAAGTAGATCAGGTTTCGTTTGAGCTCGGCACTCTATCACTGCCCGGGAGATAATCAAGGAGGAGGGGCAGTACGGACCCATGCCACTGAGCGGTCGTGAACGTATTCACTACCATAGCGCCTCTGAAACCATATATTTGGAAAAGTAAACAGGGCAACCCTTCTTTGTGACTGGCCTGTTTTGTTCACGGCATGAACTTTAACCCAATAGACCGCCATTTGCTGGAAGCACGACATCCACACCGTCTCGAAAAGCTACACTTACTGAATAGGAGAATTTCCTCACTCGACCAAGCCAAACGTACCACGAGGCAGCGCAATGATGCGTTGTTCGAAGGAACCCAGAAGTTCGAGCCCGCGCGTGGGAGGTGTACTAAAATATCAAGCATGGCGACGAATGCCCGTGTTACATTTCATGCTTTCAGCTGCTGACTATCCTCTGCTCTTTGCACGTCAATTTCAAGTCCGTAGCCTGTGTAGATCGACTAGGAAGGCAACTATTGTCGACTACACTCGGCGACCTCTCCAAACCAGCACAACGACATGCTGACCTGTCGCGCCCCATGGCTATCAAGGTATCCACCATGGGTGATCCACGGGGGCGCCGCACCAAGTAAAAAATGGGGTTAGCATGCTGTCATCGACGTGCAGAGCAGCATGTCCCAGGTCACATGCATAGTAAAGGAAATGTACTAAACACATATACGTCATCATCGAACAACGTCTAAGGCCCCTTATCGGACTATAATCCAATCACGTTATTCTGCAGGATCAGTTCTGATGAGAAT,1938,48.3,Saccharomyces cerevisiae
SEQ_244424,TCATGTCACTGTCACGATGTTTGAATCGACGTCCAGCGAAATGGCGAGACCTTACACGGTGGTCGCTGGGCCTCCGATATACCATTTGACCGCCGGTGTCCGCATTGATATAAATCGATGCCGTGCCTCGGGCTGCGACTCACTGGTGTAGGTGGGTGGAACAATAGGGAGATTGTGTCATAGTAGTAACTTTCGGATCTGTCGCCCAACCTCCAGTTAAGCATACCGTTCGAGCACGCTCTCACTATTTAGTAACCTATTAAAATTCTACTCGGCCCTGATGCTTCCTCCATCGGCCCACCATGACCGCGCTAAATATTGCCGGAAGCTCTAGCCCCGTGACCGTGAACCTTGTGGCTAATCCAAGACCAACAGTGTGAGGTGACCGACTACTTTCAAGCCGGTAAGACAGTGCTAGTAATCCTGCTTCTTCTGGACTTCCCCGACGAGGTAAGTATATAATGTACGCTAAATGTGTACCATAGTAGCCTGACCGAGAAACACACTACTTCCAACATGCTTTCACTACGACACCGTCCTCGTTACTAGGTGGAGGCAAGTCGGGGAGTGCCACTCCGACCTCGAGGCTTTCTCCAACTAGTGAAAGGTGCAACCGGATTATAGCGACGCCCACATGACCGCCAACACCCGCGAGACGACCGAGTCGACATTCCTGTGGCTCGTTTCTGCCTTACAAAACTAGAGACAGAGAACAAAGCCGCTCTACCGGCGAATTTAACCACGTGAACTTCATATAACGTCTAATCTGGTATAGATCTGATTTAGTATAACCCTATCGATTTTGATGAAACAGGGAAGCGTGAAACAGCCCCCCCTACATGAATCCGTCCCGTGAAAAGAGTCACAAAGCGATCAAGGTACCGCGTGTCTTCAATGGGAAGACCTTTAAAGGACTTAAGTCTACTTGCGCAGGTCCCAACCCAGTGTGTGTCTAGACATATGCGTTAGACCGGGAGGTTCGTCCACGGAGGTGCAGGTTAAAAGGAACGTACGCAGTACACGTAATGTCAGATGGGTATACCCATGACCTAAACCTTAGGACCTGTAATGCATCCCGAGGGCCCCCGTAGATCTGGCTTCCCACGTAAGCGCCCTCTAGTATTGAGTCCACTTCGGACCTGAATAGCAGATCCGAGCATTCTCATCGAAGAAGGGAGTGTCTTAGCGGCCGCGTCGACGAATTGAAAAAATCAGCCGTTAGAGCTTAAGTTCTTGAAGAGGCTTCTAGTCCTTAGATGTAAATCTAGCAGTCGGCCTCTCCGTGTTAACAACTGGTGCTGTTGGTTTGCCCCGATATTATGAGCCCGTCTTCCGAGAGCGCCATGGGCAAGCTTCAACAGCGCTTATCGAATCCTCCGCTATAATACGTTTTGACATTCTGGTTTTATAGGCCTACGACATTTATTTTTGTCCCCAGTACACGATGCAACTTCGACGTCGTAGTATTTGGAGGTGTGTCTGGAGAACTATGCGTCAGCGGGCAGCTGTATGCATTTAGCTGTCCTACTCCCGCTTATTGTCACATTCGTGCCTAAGTCTCGACGTCTACATGTGCACCTTACCCTACTTACAGTTTCTACTGGTCTCAGTTTAGGCCGCTCCATCCTCAGCCAGAGTAGCCTGCTGACGTATATTCCCATTGGGAAGCTCGGTGCATCTTACATTGTCTAGTGTGGTATTGGTACCTTCTACTAGTGCGCACCATCAGGGGTCACTCTAGAACCTATCAGTCACCGTGGGGCACGCATATCAGCATTCGGTGGTTTTCACTGAAAGAAAGGGCCGACTAGTTGTATGTTTCAGGAATGTTAGCAGAAACTATCTTGATAATGCATAGGCAAGCTATTGCTCAAGTTAACGAATGCACCGTTGCTAAAGGTGACAAGCTCTGCAA,1915,49.4,Saccharomyces cerevisiae
SEQ_775726,TACCAGTAACTATACCTCAGAGCCTTCTCTATCGATGATTAGCGAGTACGCACGTCCGCGCGGTTTGGAACCGTTGTCATGTAGTTGACTAGGCCAAGTTTCCACAGTACATACATCTCTAAAGCGACGTGATTCATTAAGAAGCATAATTCTCGATGAATAACTCTCCACTCCGGGTCAAAGGGTGCCACAACTGTACGACAGGCTTATGCGCCAGCCAGCGGGTCGATTCCAAGTAGTTTTAGACCTGGCTATACAAACAATTCCGGGAACCTTTACGAGGGGTAACTCACAAAATCACTGAGGTCGTCGGGCTTCGTATAGAGTACGTCTTTATTCCCTATTGAAACCTCCCTGCCCTGGTAGGCTGACAATTCTCGCCATTTTCAGCGCATGTTGCGGCTGTTCTCGGGGTCCTGCAGCACTAAAAGCAAGGTT,438,48.63,Homo sapiens
SEQ_678760,ATCGAGTACTGGTCACCTGCGATCTGCCGGGGGAGGTACTCTCATACTACGGTGCTCGTCCCATTGGCATACGCCACCTTAGGTGCAGGACGACATTCGATAGGCGAAACGAAGGATTGTTAAAGCCACAGCGTTCGGATCGTGCGAAGATATAACCGGCTGTGGCGAAGGCCGACCCCGAAAGGATAGCAGGAGTATGGGTACAATTGTATTGCATATGGGTTGGCAAGGTCGATGAAGTGTCATGAACCACCGCAAAAACCACGTCCGAACTCAATTAGCTCTACTAACACAAGGTCGGACTTTCTGTGGTGGGCCAAATACATCTGCTACCTAGGAAAATTCCTTTCCTAAACTCCTGAACATGTTGTAAACCTTGATGTTCGTACCCT,392,49.74,Escherichia coli
SEQ_370176,CAATCCTCGAAAACTGATGGGTCTACAAGAAGTGCAACCGGTGTCCAAGGTCTGGAGTATCAGTAGGTACAGGTATAAGGCCGTAAATTGGATCGAGGCTTCTTGGTCAGAGTGTGGGGGTCCGGCGCCGGATCAACCTAGAAACTGCTAGCATGGGGGGCCTGACATATTTGGGGCGGAAACACCAGCTCGTGGGGTTGGAATTATTACTGTTACGCTCAAAATCCTACCGTTTGTTGCTGGATGCGGGCCACGAGGAATAAGATGGCATGACAGGGCTTAAACGGAGTAGATGTAGATACTAAGTAGCTGCACACCCGCTACCAGTAGCTAAGCCGACGTACTCCATATGGACTCCACCAAAGCGGATATGTCGAGACGAATAGCTCTCCTCAGGGCTATAACTGCCCCCGCACAGCAATTTCTTCAATTTCCCTGGATCGACCGTGAGAACGTCTTGAGGAATGATAGCAACATAGTGTTTTACATAAGTCAATAATGATCGCTTCATCTACTCAAGTCATAATGGGTAAGTTATAATTACTATCACATCTCGGCGGAAGTGGACTGCGGATGCTAATTAGGACTTAGGTAACCAACCCTCGGGTAGATGAGAGAGAGCAGTACAAGCGCGGAGCCCGGCACACACCTGACCTTCTCTTTCTCGGCTGGTCTAGGCGCTCTTAGGCCTCTACGGGGCGTAGCGTGCGCAGCCCTAATGGTCCGGTGATGCGCCGCTTGTCACTTCACCAATTGGCCCCACGATGCCGAGTTCTCTCTGTGGTCGCAAATGTTCTCCGAAGCGAGAAGCCGATCTGCAATCTCGTAGTGAGGTAGTGCTGAGAAGCGTGGCAAGAACCATGACTATGGCTCCAGGTGATTCCGCCGACCTGTGATTCATCCCATCTCTGAACACTGGAATCTGGCAGTGGCCCGTGGACAGCGCTTTTATTGCTGTGCATCCCCTTATCACTAACCACTCCCCTACCATTGCTATTGGTGCCTTCTGACGCACATAAGAGCACCGAGACTACTGGGGATTGACTGAGTAAGGAGGGGCGCACGCTAGATCCCCTGACAGTATGTAGTACTACCCCTTCATGCTCTCGCCCGACACACGTATACGGTATTCAACTAAACTAATATATATTCCGAACCCGCTGTCTCAGCCTACGTGTGTGGAGGTTGGAGTGCTTGCCCCATCGGCTGCATCGTCGCTCGCTAATAACTAATATCGCTGCTTCTTTTACAGATCACCTTCGTCGAGAGCTCCCTTTCACTCTAGGAGACGCCACCAGCCGGACCACCTCGGGCCTGTCAACGCAGATAACGTCAGATCCCGGTATGATGTCTATTGAAAAGCGTTAGCGTACTTCATGTATGTCGCACCCTCCAGGCAGCCCCCCGAACAGTGACAAGTGGCTTGGACGAATGATGGCCCTGATTATCCGACCTGTATGCTCGCAGTTAATCGATCAACGGGTAGCAACAGGGACGCGGGTGGTAGAAACGGCTAAAACGCGTGAAAATCACTCTGCGGTCTGAATTTTTTTCAACATACGCAATATGTGTAGTTTTTTCGCGGGATGGCCGTGTGTTCCTTCCCATCAATACTCGCCGGCCGAACCTGTTTGGGGCCCCACATGTCTTGTGTAGTTCGCGACAGGGAATCTATTACCGAGTCTTCTTCTAGTA,1695,51.5,Escherichia coli
SEQ_406066,TAGTGCGGCCGAAGGCCCGTGCATTTATTGTAAGCCCTTTTTGCTACGTCTCGACGTACACGCGGAATGGCCGAATTTTCGGTACTCCCCTTAGGATGAGTGTCCGACATCCCCCTGATTAACGACGACTTGAATTAGCAGAGAATGTACTAGCACAGGTCCTTTACATTCTTACGCGGCATCCAGGAAGCTAGCGACTGAACCGCATTTAGAGTTTCGGCTGCATTTATGTGCCCCACTCTTCCGCATGAGAGGAGCACGACTTGCGTACACCAGCCTAACTTCATTAGATGGCTCGGACGCGATGGAAAGCCGAACGAGTATGTTTGACCAATTTATACAGTCAACATTCTCTGAGCTCAGGTTTCCCAGTGCGACGCCTCGGTTTGCAGTTCAGTACTGCTTACACGAGTCACGGTGACAACACTATGTATTCGAGCTAGGGCATCCCAGGGTGGTGCCGACATGCGTCTATGCGGGACTAACTGCCGAGCCCAATCTGGGTCTCTCCTATCCCTAGGTGATATAAGTTCACAATATCACGAATTCATTGCGACAGTAAAGGCTGGGTTGATCAAAATCAGATCAGCCGCCAAAGTAAGGTTCATTACTGCAATAAGTGGGGGCACCTGCGACAGAAAGTCGCGCACACCTACGCCACGAATGCTAGGCCAGACGGGAGCACTGTTCACGGCGATTGACTTTTCGGATTTCACCTAAAACGGACGTTTGGCTCTCTGCTGCGCTGTTCTAAATGAGGAGTTCTGCTCGAGATCTGTGGTTCGTGTCTACCCATTTGGGTCGTCCGGGAAGGGGAGTTCCTGACCACTGCGGTTTAAAGTTGATGCCCGAATCGATTACCGTACACCATCAACCAGCGACGCCGCAATGCTTTTATGGGACCAAGGGTCACAATGGGTAGAAGTTTCGCCTTGCAGTCTGACATACCAGTATGTTGCGACAAGTGCTTTTTAGATGGCACCGTCTTTTTCCGCTAGTCCATTGCACGTTGACCTCGTTGCAGAGGCGGTACAATGAGCGACATACTTAAGAGGATTGGGCTTCTTTGAAGTCCAAAGTGGCTTTGGTTAGTAGAGTCTTCATTCGCTTCGATCTCTGAGCAGTTTCACACACCTAGCCTTCAATATCCCGGGGGGGAAAATCCTACACTTTCTTCACCTGGCTTTGGCCAGGTATGGCCCATTGCATTTTACGCCTGCGAAGAAGTTTATTCAGACCAGGGAAATTAGAGCCTTCGAAGATGCTCTGCACAGTATAGGCCCAGTTAGATGATGGGGCCATATGTATCCACATCAATGGGAATCCTATTGTCTCATACTCAGCGCGTTTTCTCTCCTAAGAGGGTGCTTGATTCTGTCGATTTCGCTAACTCGGCATTAAGCAGATCTAAGGTAGTACGTGGGGTGATGTCCAGCTGAATGGTTCATCAACTTTGAAAAAGAACGACGTTACATGTGGGCGGCATTTGTTCAAAAGGCGTACCATCGACAGCGTGTCCTTCACGGACATGCCTGATACACCGAGGGATTCAGGGACTATAACCTGTACACGCCCAGGCCCTGCTCGCGCCCATGCACGTAGCTTTCGGCAAGTTCGTACTTAAGATTTACTCGACGGCTCGTGGTGCATGTGGGCCTACCCACCAGATTGATAACAAGAACGGGGATGATTTATCCGCGCTTGTTTGGGCGCGGCTAACTGAGGGCTTGTCTGACATTCTTCCTATATGGGTGGGATCGTCCAATGTTTAAGGGTTCATTTGTACCGGCGCTGAACACCACGTGCATATCTCAAGGCCAAATAACAGGGCAATTTCATAATTCGACGTGCACACTGCCAGGGGTTTTTAGCTGACCCTGGTCCGTACTAGTTTGTCGTATTCGTGATGTCCTGCCTAGCGATAAC,1926,50.0,Homo sapiens
SEQ_183383,ATCCGGCAGGCCCCCGTCGTGAGTCTATAGCTTAGTCCATGCTGGAAGGGTTTGATTCACTCACGCGTAACCTCAATTCCATCAGCCACCCAGCCGTTGGGTTGAGACCAGATCGTGAGTGCAAGATTCTGCGATTCTCTCATTTTAAAGGTCTAATGGGTCAGGCGACAGTCCGCCTGGTACGCATTGCCTTCCAGGACTAGGACTAGTCCTAAGAGCGCTGCTCCGTATGGAAGATCGCTTCCAGCACGCAGCTGTGTTGCAAGTATAGGCTAGAGCAACGGTGGAAATTCGGGACACCCCAAGGACTCGAAGTAACCGTTCCCTTAGACCGTATTCCCTTGGTTACTGTGCAACCTAATTAAGAGAGTCTCGCGGAATCCATCCAGGCGCCATACCTGGAACTGATACAATGTCATTCCGAAACGTCTGCGGAGAAAGGCGGTTGAGACAGTGTGCACGCTACCTCATTGTGGCGCTTGGGTCCTATGATCGACGGTTGAAACATACCGTGTCGGCCTTGCCCGCCGGTTTAGCTAACTATTGGACATAACAACCTGTTATACTTTGGACCCCGTTCGATAGTTCCAGCGTCGAGCAATTACTGGAAGTCTCAAGAACCGAATTGGGAGTGGATCGTGGCGTTAAATATCTGCTCTTGTAGTGGTTACTGTGCAAACTCCTTCGCCAACTATCTTTTTTATACAGTAAGCCAACCAGTCATCCAACTCCGGTCATACTGCACGTATGCCATTCACAGAACTCCGATTTGATTGTAACCTAGAGTCCTCGGATCTTCGGACCTCGGGCCAGGCTAAATATCGTCTCATATAATTAGTGCTCAATCAGCCTGCTTATGGTAGGGATATATCTTGCCGTGCCGAAAAGACGGGCTGTTATTAGAAGTTAAGTCCCACAAATTCTAATGCCCCTAGTGGTAGACAATCCGGTTTGACTGTTTTTTTGCTTACGTAAGAATTATAGCGACGGGGCCAGTGCCCAGATGGCGCAGTTACTTATCGAAAGGCTCAGGTTGTGACTGGTGTGCGGGTAGGTGCCGTCGTACTCCGATTCCGCCAGTATAATTGCAATAGTCTTTTCAGGATCCCATCATAACGGGCAAGCCCAACATCACGCCGTGCGGTTAAAGGAAGATAAGATTTTCCTAGTCATCTAGGATCACTCATCTAACACCCGAATAGAGCTAAAGACGCATGGTCCGGCGGAGACGGAAATGCACTAGGATGTGATCACACGGGCCTAGTCTAAGGACGCCATGGCAAGTGAGGTGAATCCAAGCACTTTTTCCCCTAACACTTCCCCGTCTTTTGCGCACCTAGTTGGACCCGGTATAGAGGGGCGCTCATCTACACAGGATCTTAGACAGTGGTCATAAGAGATCAATATGAAGTTAAACATGAGTTACCATCTCGCCAACGGTTTAAGAACTCCGCAGGCGATGCCACTGCCCAGGGGCTCAGCGGTAAGACGATGTTATTACTCTGCGGGCCGGGCCATCGCTCAGAGCCCTGCGCTCCAAAACAGTAGGACCTATAGATGGATGCCATGAGTCTAAGATAGTCTGGTATCGTTGGTGTTCACAGAGAGGAAAGTCTGTCTACACAAATCACGTTAGTGTGCTGTACAAGTACATTACTAGGGCTAGTGGCGTTGCTGAGGGTGCCTTAACTTCAGTTAACGACCACAGGAATAGTGTGGCTTGTGCTTGAGGCCGACGTTTATAACTATGTTTTATAACTACCGTGTAGAGA,1772,49.38,Mus musculus
SEQ_586323,TTGTCTGGTAGAACGACTCGATCTAGCTGCATAATACGCCTGAGCTTCCATAGAATAGATCCAGCTATCCATAGCGACCCTTTAGGACATTGTTCACTGGAGTAGTTTGACAGTACATGGGTGGCGATACGCGCACAGGGAACGTGACATTGACCCCGATTCGAGTCCATAGAGTCTTAAGACGGGTTCGGTTTGCTACGGTGGAAGTGCGCCAGTAACACACGTGAATCGGATTCCGCGTTTAATAAAAAAAGTACAAATCTACAACGTGGTGCGTCCCGGTGTCTGCTCGCCGGATCGTGTATCCTCATCAGAAACTCACCCGCCTCAGGATATTCGTTTTTTTGGCTCCAGAGTTGGCGTCTTCATCGCCAGCGAGTATTAGCCACAAAGCACTTATAAACCAGACCGTACCGCCGGGTGCATGTCCAAACGGGGGCAAAACCGAACTAATAGAGCAAGTGTCCATTGCCGTTGCGACCTGTCTTGCACAACCAGCTGGTCCGACGGGCTGCTTGTAGGGAGTCACAAGTGCGCAGGTCCTGTTGGAGAAGCGTCCATTTCAACTTCTCCCCTTCCAAAATTCATGTATCCAAGTAGGGAGCTGCTACTTTACCGATACGGAAGTCCCGGCCGCCGGGACATCGCTAGATCGAGCCCGGACAGGTCATGCGTTGATGTTCTCTATCGCTGGACCTAATATGTTCCGATCTACAATGGGCTCTCATTAGGGCAGATCCATGTTGAGCAGCCATGCGCCGGGAATAGTCGGGCTTGTGCTCCTACTGTCCCTGCCGAATTTGCCGTACCCGAAGACGTATCTCCAAGCGGTGGGCGGCTAACCCGCGCCCCACGAAGCGCAGTTGGATTTTTACCGATTAATGTATCATGCAGGTCCCCTTCGACGCGACCGGCTCTAGATTATCAGGTCACAAACAGCCAACGGGACTAAGCTGCGCCAAGCGCAAATTAAAAATATATATCGTTCAATACAAACCGCCTGCCGGATTCCAAGATATGTCCCGTAGGGTGGAGGAATCTTGAAAGGGGGATCGCAAACGGCCGCTAGCTCTGACGCTCAGCGAGTACATATCAGTATATTGGTGCCGCGC,1112,52.16,Escherichia coli
SEQ_977852,CCGTCGAATCCCTGGCTACCCGAGATCTCTGGATTCTTCGGCAGGCTCGGCAGTCGTTTGAATACTGTAGATACAACACTCCCCTTTAATCTGGGGCAAGGTCATGATGAGATGATTCATCTGTTTGACATCTGCGGCCTGATGATAGTTGACGGAACCCACAGCATTCTTAGCCGACTGAGTAACCAATGTGGGCCCGACCGGGCTCATGATTCCTGATTGAACACATTTTAAAAATGGCCCGAGGTTACTCAGAGGATATCTCCCAGGCGGGTAAGCGAGCATATAGATACACCAGCGCTGGTCAACGTGGTTATTTGGCTAATCGTTATTTAAAGCCAAACATAGGCACCCAGAGTGTAAAATCTAAGCCGGAGCGGGTAGGAGCTCCGCTGTTCTTTACATACCAACGAATGATTGTAGAGGAGATGAAGGCCACGTCTGGCCTTCGTGGGTCTAGCCTCAACTTACTCGATCCTCCAATGTCGGTCAACATGCGTCAACTCGTGAACGGAGGGCGCGCCCTCAGCGACACATTTACGTTGGCTTCACGCTGGATGTAGTGACGAGCTGTCGCCTTCTCGAGCTCCCAAAGGGGGGTTCGCACCCCACGGATTTATTAGCTTGCGACTATCCGTTCAAGAGGGGGGTTAAGGTGGACGGGCTCAACAAGTGTCACGGATTGTTCGCGTGCTGGACGGCAGGGACTCTGCAGACGGTCCTGCGCAACCACGCTCTTAAGGCCGGCTGTAGGACACCGTTAAAAAACGCGTGTTGGGATTTCTATCAAATGGCGCTAAAAAACACAGAAGCATAACCCGAGTCGTGCCATGGTTTGGGCCAGCGGATCTCTTTAGCAGAGCCTGCTCGTCTTAACGATTACAGTTGATCGGAGACGCTAAAAATCTGCCTAATCAAATGGCTATATTAAACTTAGGAAAGGTCAACATCCCTATGACTAGGTCTCGTTTTATTTGGATTCTAATAGAGAAAGTTAATCCCGGTGAATTAGGCCAGTTGCATAGCCTACGAAGTCCCCACGGGCAAGTTTTAGTGTGTAATACATTGCCTAATTTGTCGCCGTGTGACCGGACTAACCCGATTGTCCGAATCTATTTTTGACTGATAAAACTGGCGAACGTAACCAGATGTCATAACCCGGTTCAAATTTATCGAATTGACCGTCAATTCGGGTGCATAAATGAATCATTTGAGCTAATCACGAGAGGCGGTGATGAGTAGAAACAGTTGATACGCGCCTTATTCTTCCTTGTTCCAAACGTCAATCTAAAGTCTCGGGAAGCCACTCCGCCAATGCATAACCATATCTGGACCTGCAGGGGACAGCGCTCACATCAATGCAAAGTTGCATATAGGTCCCGAAATGTCGCGGCTTCTACTCTGACCAAAAAGTAGTCGTGTGGACCTTGATTTCCCCCCCCGCGTTCAGGGTATGTGACTCGCCGGGTGTAAGGCTACTACGACTGGCATTACCGACGTATAAAAAATTGTGAAAGGTTCTGACTCTTATGCTGTACGCAGATCTGTGATAATAACCGGCTTTACCGTCAACATAAGTAAGCTTAGGCTGAACCAAGGTCCGCATGTGGGAACCCTGCTGGTCTATTCAGGCTAAAGTGAGGGAGGAAATTAATTGGTAACATTGCTTAGGCGATTGCGTCGTGGTTCCGGGGTCTCCAACCCGGGGAAAGGGAGGTTGCGACTGTGAATTTGGGCGATTGCAGGAGACATAAGGGCGGCATCATAAGCCACCGACAGTGGTTCCGAGCGACAACCGGAAATGGTAGGAGTTATACGGACATCACTATGGAGTGGGATGATCAGGGTTGCGAGCTTG,1858,49.46,Drosophila melanogaster
SEQ_686221,TGTAGCTACATTGATCCCCGACAGGTTTCTCCGGCAAAGCGGCGTTTATTACCTTTTGGAACTCGACGGCCGATCTACGTCATCAACCCTTTCATGCGGTTAGTGTATGTACGACCTGCAGTAAACTGCACCTCACCGTTGAGAGTTCAGTCCATGCCTAACGACGGGATTTAAGTGCAGCTATCCTAGTTAGTTGATCGTCCTCTTTCTAGGATAAAATCGTATGGAATAAATTAAGATGGTGCAGAGACCCCGGCTGTGCCCTCGTACCATCGCCCAACAGAGTGATTTCGAGTAGCGGATCTGGAATTCACTTTTCCGAGAGCGTGTACACTATTGATACGTTGACGAATAAGGGGAGCGCATCCCTGGAGTGGCGGCGGTTCCATTAGCGGCTCCAGCCATTACGACACTAGAGGGTGCGGCAACGCACTATGGAATAACACGTGAATCCAGACTGC,461,50.11,Mus musculus
SEQ_426914,CCTTTGTGGACGTACTTCACGCGACCGGGGCATTCTGATCCCGGGGTATTCCTCACATCAAGGCCGACATCCCCTGAGGAAACCGCTGTACGGTCTGGCGACTTAAAGCCCAACGGAGCATGTGTCAAGGTTTAAGTAGACCGGTGACGCTGCGAGATCTGACGTAGAGCCCCTGTTGCCGTGGTGACAGGTTAATAGTCGGTCCGGTACCGTCGTGGGCGTAACGATTGCTACAGCCGGTGGTATTTTCAAATGTAGCTGTTGGCGCCGGACACTAACATGGTCGCGTGTACTAAAACTCATTCGGTAATGGTAACTAAAGCAACAACACCTTTGGCGCACTCGCTGTGGACTACCTCGGAAACATTCATCCACGGGATTTTTGTCTGCTATCCATAATCTGGCCGCTTATAGCAGCACGTGTGTACGCCTATTCCCCGCTATTCCCGTTCATAAAGTACTGTTTGAGCATGACGCGCCCCGCCTGCGGCCATTCGCATGCGGCGGGAAGCGGGAATATACCGATCCCTAATGCTTTAAGGAGACAACAATTTGGGAGGAACAGTACGACCGTGGTGAGGTGCTTCGAATGGGACCAGGACGGAATCACTTCTGAAGGGAGTTGGGGGTCACGGGCATTTTCTCCCGACCCGAATGACTTTCGCGTGACAATCGAGCGTGGTGGAGCAAAGCATGGCCGGTTTCTGGACGGTCGCCACAATAAATTCTATGGCTTTCTTCAGGTCGACCCCTATGGGCAGACAGACGTCGGTAAAATTTCGTCCGCAACTATGGAGTCCCTAAATTACTATTTACAAAGGTTGTAGAGGGACGACTATCTGGTTTATGAGGTCATCGGCTTGAGGGTTGCGGGCCCACGTATGGTAAAATTGGGATTACCGACGACGTAATAGCCCGTACTTCCCTAGTTGAAGGGGGAGAACGAGGTAATGCGTACCTATCGATGCGAGCGTTGATATACAAAAGCTTAGTGTACGACCGGATTCGTGGCTCCGGATAATTTCCCCGCGGTCCAGAGCGAGTTGACTGATGTCAGCAACTCTCCTTCCTATTAGGCATACTGACAATATCACCGGGAAAGAGGAAAATGCAGTGCCGTACCGATGGA,1129,52.08,Mus musculus
SEQ_278488,GTCCTCCCTACTCACGGGGCGGTCAACGCCAACTATCTAAGCCCATAAGGACGTGGAAGTACCGTTACGCGATCGTCGGCTCGGCTAGATCAGTATGCTAGCAAAGAAACCACTTGATTTAGCCTCTGGCCTTCGCCTCAAATGCGCGACTGATTACACACCTTTTAAAAAGAGAGGGTGATGTATCGAATTGGATACCCGCTAGCTTCGCGACTCGAATCAGTGGCCGCCTGATATGTCTCACATGGAGCCGCGAGATTGTGCAGTGTTTCTTCAGCCCCGTCTACTACCCTCGGACGACAGATAGCATCTCATGTGAATTTCTACAAGCGGAGCTGGGTCTGGGCACGATCCGAATGTTAACACGTTACCTTAGTTAGGGAGGTACTGGACTACTCACGTTCTCTCATATGTCCCTACGTCCTGTTCCTAGCTTTACCATCGTGAGTACAGCTCATGCCAGTGTGGTTAGTGAGGGATATGGACCACATGCACACGTACGTATTCACTATTGCAATATATGTTACTGACAAAAACCTACCGCAACAAAAATAAGAAAAAGCGCATTGTTAGCGCAGTGGCTGCCGGTGGCATTTAGGTGGAAAAGTCGGTGCTAGTAACACCCGTACATGAATTACGCCATAGAAGTTCCAGCTTCTATGCGACGTCGCTCAGGCTTCGGGGCAACATTACACAAGAGCTACAGGAACTATGGTGCAACGCTGGAGACTTTATGTAGAAACCTGCGTACAGGTGCATGGGGGGAAGGTGGGGTAACTTTGTTGGGTAGGCAAGTCCATTATAAACCTATCGTCAATCAAAATTGCCACGGGTGTTGTCTGACTACGAGCGAAGCTAACGAAGTACGACTGTTAATCTCGTCCGTATCCAGGCCGTGGTTAGAATCTTATGCTAGGCTACCGTTTGCACGCGTCTTGCGGCTTCGTCTCGAAAAGATACATCACCCTGAAATTTCATTTGCCAACCCCAAATAACAGTTTAGCAAACGGGGCAAGCACCAGTTGATTCCTAAAAGCATGTTCCGAGCGTCGCAGATTACTATGTTTCTAAGACAATCCGGACGAGGCCCACGGTTATGGAGTGATCT,1108,48.83,Saccharomyces cerevisiae
SEQ_558536,AATCCTGTACGTGAGAGTATTGCCCGTCTGCTGGCAAACTTGAGTGTGCGATACCGCTAGGTAACAAAAAATTCAACTAAATTTTACTTGAATATGAGCACGGATGGTCGGCAAATGCAGGTGGATATGTGCTTGTTGCGCATGCTGCTCAGATCCCATACCGTCTGTGTTTAGTAACTAGATGCGTTCGTCTCTGCGTGTGGACATAGGGAACTAGAAAGAATGGACCATCCTCCGGGCTTAACTAGTTAGAGCTTTGCACCCTCTGAGGGCCCATTGTTTCACAATCAAATTGCTTCTCCCAGGGGTAACGGAAACAAGAGCTGCCCGTAAACAAGGTTGGTCGCCAAGAAATGAACACATCCCGGCCAATAGAGTACGGTGACCTGCGACATTACGCATAACTCGGTATGGGCAGCTTATTAAACTTTATGCCTGACGTCGCTACAGACGCGCGCTAGCATGTAGTCAAGCAGCGCCTGTGTGTTGACGAAAGAGATAAGGAGATCGTCAAGTGTCCAGCGTCGCTCCCTTGCGTGGGTCGACCCCGGCTGTGACTCATAACCCTTTCCTCGTCAAGCGTTAAGCCGTGAAGCGGGGGCCAATAAGCGGGCCCTCCTTACTTGTGGGGTAGCTACAGATAGCTAAGTTTAGACATTGAATGTATCGATTGACATAACCGATTAGGATGGGAGGCTCGTGGCGAGGAAGAGTGTAACTTGGAGGAACGTACCGATGGGGATGCGCTTATACAAGCGGCACACGCCATGCGAGCCACAACATTCTGACCGAGGGTGGATGAGCTTCATGGCAGCGGGCTTGTCGGTTTCTGGCTGATGACGGAGTAGATTAGACTACGTCCCGTGATGACGAATCAAGCACTAGGTTCTTCATGCAACAGAGGAGTAAGGCGGGATGCTCGGCACACGCGATAAGGTCATTTTCTCTTAAGCCGGCGGAGTCAACTACTTCAATCCACAGTTTCCTGAACGGTTCTTTAGGTGGCGTTCGAGCTTTACCTGTATGTTGCAGCTAAGAAGGAGAATACGTTAGATCACTTCCGCCCTACTCTGCACGCCTACAAAGATAGCACGGGCAGCTACTTTTATTGTCTCAAGAAACAGACACGCCTGATTGTCACCTCCCGCTGCTCCTCAAGGCTCCCAACCCCGCGAAATGCCTCTATCCCCACACCCTTCCAAATGCAGGGCAGACAATTGCTGGTTACGCAGCCATCTACACCGTCCTGGCTTGATGACCTCTAATTCCATCCAATCAAACGTCCACTCTACGAAATATACTACGCCGGCAATTACTGAGCACACTCGCGAACTTATCCCTGTGGTTAATTCTATGCCTCGATTTCTGGTACAGTCCCTTAACTGGGTCGACGCTATAACAATCGTCACTTGCCTTCGTTATGGCGCGGCTCAGGTCCAGTTGGAATTCACCTCGCCCTGTCCGCTATATTCCCCGAGGTGAATACGGGCTCTCGCGGTACGTGGTTACCCCGCCCAGAGGAGTTATGGCTAACGAGTTTGGCCAGATGGGATTCTCGGTCCGGCGTGTCCGCTATGTTGAGCTAGGACGAAGGCATCGACTACAG,1606,51.31,Mus musculus
SEQ_427905,CCGAGACGTTACGCGATAGTGAACTTCTGTCCTACAGTTTCGCATTAATCGTTTATGGTCTTCGCCAGAGCCCATCGGTGGAGGCGGTTACTCGGCGGTGGCGGATTGGGTAAAGCGTTTTATAGTTCGGTGTCATAAACGATCCCGGAGTAACAACGAGGGAGATAGGAAAACCAAGCGCGCGGGGAAAAAGCATGGCACCACACCACAACGCTGTAGATGGTCAATAGCGCAGTCGGTCGACTACACGACAATCGAACGAGAATATGGCGAGTTATTCAGTAATAACTCGGGACAGCCGATTTTTGGAGACCCAATTCCTACACCACGATTTTAGGTCGGCTGGGGTAGATTACTGGAGGCAATCGGGGCTCGCATGAGATGGTCACGTTAGTAATATAAAATGGGACAGATCGGCACAAGTGATCTGTGATACTGTCGACTTGGGAACGAGTGTTTCACCACGATCTACGCCCGCGGTGGCGCCAGAGACAGGTCTAACCTCGCAATGTCGGGACCGCGTGAGTCACGCCACTTACAATGGAAATCCTTCACATTGGCCTTCATAGAGAAGTGCGTTCTCACAGGACTGACTTAGTTTTTGTAACCGAGAGTCGCGATGTTCCTAACGCCCGCAAGCCCAGTGTTATCTCCAATGCCCCCCTGCCTTGGGAGAAAGGCGAACTGTCTACCTGAAGAAAACAGCATCGGTCACCGGCAAGGTAGGCTCAACAACATTGCGTTTTTACCTCCACAGGCTTCTGGCACGTGACACGTCCGTCTACGCCATGGAATGACGGCCCGTCTTATTGTGTCCACCACAGTACGTAAGACGCGCAGAGGGTCTTATGAGGCTCGATGATTGACCCGACTGAAATTTGACGACGGCCTAGCCGGTTAAATGAATAACGTCGTAGCGGTGCCGATCCGGGCGTCCGAATTGACGCGTCCGCTGGGAAGTCTTACATACGCATGGTTGCTGGCACGTAATGAATCGACCCAGATTGACACATGCCAAATCTGTTCTCAGATAGTGTCACCTCATACCTTATTCTTCTGTTATGGCAGAAGAATCGCCGCATTTAAGGAACGAATACTCGGCGTCGCCGACCAGTTATTTCTTTTCGGCTTGCGACCTTGCTCCATTACGGCCAAGAACATTGGTTTCGAAGAGTCGGCAGACAATTGGCCCGGCTATGTGATTTTTCTCGTCTCGCGGTGTGCCATCGGCCCACGGATAGTTTCTATTGCGGGCCCACTCGGAGTGCGGTGTAATATTGGACGTAGGAGCGCAACCTTGTCGGGGCAGAGTATGTTCCCATCGATAAGTC,1331,51.84,Drosophila melanogaster
SEQ_889926,ACATTGTAGTGCAGTACGTCTGGCGTTCTCCGTTAGTTATACGCAGGTCACGTAGTTCAAGAACTAATAAGATCGCGCCTTGACATTAGTTTGTCAGTTGCTACGGACTACATTGAATACCTCCGTTCACAAATCTTGACTGTGTCGTCGTCCGGCCACTTGGCAGTACATTGTTTTGCCTCATCCTCGACAAAAACCTGCATGAGAGCCGCAATTTGGTATGTCCATGCATCCTGGCCACGTATCTCATTTGCAGCATCTAGACCTGAGCGATTAGGACGCAGAAACCACCCTATAAATGCGAAGGTCACCATAAGAAAC,321,46.73,Caenorhabditis elegans
SEQ_863468,AACTACGATGGAGTTAGTGAGGACTAGCACATAGCTTGGCCAATTCAGAGCAATTATTCAGTCGCCCGTAGTATCCAATATGTACGAACCACTGGCTACGTAAAGAAACACCATTTTATGGCTCGAAAAGACGTGATAACTGCGCCGGTGCTATTATAGTCCTGAGTTAGTCGAAACGCAAGTTTAGATGGAAACGCCGGCGGGATGTTTGGCGATCGAATTAAGAAGCCCCGTGATTTTCGTTCAATGGGCGCGCTTCTTCCATTGGCACTACAGCAGCCCCTATCGATCTTGGCCAGAGCGATTTCACTTGGCTTTCCCGATTCCTTGCTGCCCGGCTCCTCGCGATTTGGTACGCTCGTCCGTAGCCAGAACGAGTCCCCATTACATACTCAGACATGAGGTATGCAATACATTATCCGTATAGCGAGTTGGTGGTGTTTGAGTTATCTTAGCTAGTCACTCCGTGCTCTCAAGGCCAACAGTGGAAATACTAACAACGTGTCGTCCGCTATGGCATTCTGAAATTACGCGGCCGCAGCTCCGATACCGCAGAAACAAGTTCATGATTCTCTGGTCGATTGCGCCCATTACGTCAATGGAGATAGTTAAAGGTGTAACATCAACTAGGCGTTCAATCGCTTATGCGTGCCCCCCGGTCGTCAGTGCGATTTCTCTACTAGTGTGCCACCGCTGATCGACCGCTACGTCATGTAGCTGTCCTTGGCGAAATTTAAAAGGCGCAAGCGCCCGAATCTGGCAGTCTTAGTATAGCTGCGACACGTATGATCGAGAACTATTCTGGTCAGGTAGAATCTGGCATACCAAATACAATGAGGCGAGGTGGAGGATCGATGCCAGGACCCAACTGGATACAAGGCGTGCCCGGATGTGGTTCGGATTAGTTGTTGAAGTCTCAAACTGTACAGCATACTCTCGAAGTAGTGGCGAAGCTTAGTAACATATTAGGTCGTTGCCTAGGACATCGACAGTCTGCCCGTGAGAACCACTAGTTTAAGCGTTAAGACGTACCGAACTACCTGCCGATTGCGTGCTTCCTCTTAGGCAGGGTACGTAAGTCTCGCTTACTGTAGGAAATGTAGATCTACATCGTGTTATATGGTCACGTAACGTATTTCCACGAAGGGTAGGGACTGTTAGCTGATCGGTCTGCTTATGTATAAGTGTACGCGCTTAACTTGAGTTTTTTCGTTGTAGCTTAGTCCAAGCCTAGTCGAACCCCCTCTCTAGTAACTTGTATAGAACGATGGAATGCGATGCCAACGCCGCATCTAGTTCTGAACGGATCCCAAGGAGGCCTCATAAATGATGTGCTCCCCCCCCCAATTTTACGAACTCCCAGGGAGGGATGAGGGTGTCCTCTTCGGAGATCCGTCCTGAACGATCTGCCTGCACCGTTTTACGGAACCTCCTCCTAGAGAGTAGTAGAACGAATTCATCCACGTGCTCCCCTGTAGTATAACGGTAGTCGAGCATA,1498,49.13,Drosophila melanogaster
SEQ_378004,GTAGGTTGTCGTCTACGGGGTGCATACTTGGTGCTGCCGTTAGAAACAGCGTTATGAATTCACTCATGAACCGAAGTCCTTACTGAGCCCTGACCACTAAGAGGGACTTCCATGGCCTTTGTGCCGGCTGGGAGCCTGATACGAAGTGGCAGGCGGATCAGTGTACAATGGCAGGCTCGTTGTAGGTCCGTTTGTTTGATCGCAGTCAACGTTGCCTGGCATGACCGTATAGCGAGGTAAGTCACACATCTATGCATCACATGACCTGAAGAGGACACCTATGTGGGGGCGCGGGGAATAGAGATTTGCTCCGTGGAAACAATACGTAAGTCGATCGCTATATCAATACCGGCCATACGACGTGAGGCGGAAGGTCCAATGCGCAACAAATTAGGTGGTTTCCTATATGCAGACTCGCTCCGACTGGAGAAATGGCTGACGCGATCTGCGCTTCAATGATGATGAATACTGCATGAGTACTTCTTTATTGACACGTCTCTTAATAGGTCCGTACGTCGGGAGATTTCTCACATCCCGTCGCACTTAGATCAGCCCGGCTGGTCCCTGGTACTTCGTACAGCTACTTCCATCCATATATCGCTAAGTAGAGATAGACCGTTTGTTTAAATCAGCTCCACCCCCACAGTTTTCGCCAGAACGAGCCCTGGACAGGAGTCGCCATCTCCCCGCCATTACTAGCGGCCGTACTAACATTGCGGTCACTAGAGTCGTCGCCATCCGATTATAAATGGCAGTAAAAAAAAGGAACGCCTGACCGGTGGGATTAATAGCAACAAAGCTGGTGATCACGTGCCGTCACATCCGTGTGAGCTAGCGCTGCGGATTTGTCATTGACGCCCACTGTCTATGAAGGTCGTTCATGCCCGCTCGGCTAGTTGGTTGCCAACGAAGGCCGCATTGCTGATATGAACGCTGAATCGTAGGCGGGCACGCTTTCGTGGGGCGGAGAATGGCGGTTTCAAGGAGCTGGGAAATTTGCGAGGAACTCCCATGCGCTCCAGCCGTTCATGGGGGCCCCTGATGGGCGATTCGTCAGCCGTTTCGACAACAGAACCACGTCTGTACCGGAATGTTGATCCGGAGAATGCTG,1111,52.48,Mus musculus
SEQ_460076,TGTCGATTACACACTTGTGCTCGTGGTCTTTATATAGATTGGTTGACCTGTAGCCTTATCAAACCCCCAGAAGCTAAAGTATTCTCAAAATCCTACACGCCTCGTTACCACGCTGCGTCAGCTCCTGGGAAGACTCCTCACAACCCATGTCCTGTGGAGAGAGGCGCCAGAACTAGTCTAGTTTGACTCTATTACGACCTAACGTGACGACGAGGCAGAGCTGTAAATCACATTTCCCAAGTTAGTCAGGAAAAGAGACCCGGGTCGAAGTACCCTGCCCTGTCGCAACGATTAGCTCGCCTTACCGTAAGCAGAGAACACATCTAACAGTACCTTGACCGAATAGATCTGGCACGAATGATGGGAGTATAGGTCACGCGATACCCTTTCCTGAATTTTCCATTAGTTTCCGGGACCCAGATTCTTGTCAGGATCTGGTGCCGGTAGCCCACAGCTGGTCAGAATACTGATTGCCCCCTTTACAACATCACAGTGCAATAACAAATGATTGTGTAAGACCTTCAGCCTTTTTCCGGGCACCCTGTTCTAATCAATCCGGCTTAGACGCTATACGGTATCAATAAATGTATGCGTCGGAGGCTCGGGGCTCGAAGATCGGGCGCGTCGTTCACATTATGCGCAGCCCTATCCGAGTTTTATATTCGCCAGGATCATAAGGAAAAGAGCAACGATTGTATCATGCCCGACGCCTTCATCACTACTGCGACCCCGGTTCCACGATTTCACTTTTAGGTGGTACTGAAGCCTGAGGGGGCGCGTACGTAGGGGTCCGGTGTGAATACCAACCAACGACGGGGGCATGTACCAGTTTGCCGGCATTGGGGACGACGGGACGGAGCATCTCTTTATCTTTGCATGAGAGCAATGATGTTACGTATACGCTGCTCGGTGTAAAATCAATTCAAGGTAATCTTTGGCTAAATTACGTCCGATAAACAGTGACTCCAAGGCAGAGCCGTGTCAGTATCGCTCAACAATGGTAGGAAACTACCTGGTCCAGTACCAGTGTAATAAACGGCCGTGTTCATGTAGTTGAGGTTAGGGCCTCAATTGTCATGACG,1082,49.26,Drosophila melanogaster
SEQ_511109,TCGACTCACTACACGGTTAACAATGCCGGCCCACCAATCTACGGGCAAGTCTACGGGTAAGCACTGCCGTTCACATCCATGGTGAACATGAGTCCTGTCGCGTGACAAGTTTGATTACGATGCGGCCATCCGTAATGTGGCCTGATCTTGCCAAAATCAATAATCATGACATGGCAGTATTTGACACCACGGTATTCACATGGAGAGTATATTTAACCTAACGGGTGAGCTTGTGTTTTTCCCTTATATCCCGTCTCACCGGTAATCAACATCTACAACTGGTGGGCCAGGCCCTGCCTCCATGTAGCAGTACGTACTAGGTCAGGCTGAATTCAGGTCCATCGAAAAAAAGAGTACCGCGCGTCACAAAGGGAGGGACCCCGCTCGGCTAACGGATAAGACTGTCTTGTGCTTTTCCCGTTAGGAACAATGCGGCTAGCCCGGTCTATAATTCCTGGAACGAAGCGCAGAGACGGGTCTCCGTAGTCTGGAGCAGGCGGGAAATCCGTCCTGAACATACTCCTGCAACCAATACTCACCTACTCCGAAAAAGATCAAAAGTCTTCGATGTAAGACAACTAAGATCAATTTGAGCACTGATTCCACGCAGTGCCCTGGACCGAATTCCAGGTAGTCGTACTACTGCGCCCGGCCTTTGTTGAGCTAGCCTTTATAGAGCGGTAACACTATTAGAATTCACCGTCTTATGAGTGTACGGCAGGGGTGGTAGGCATACACCTGGAAAGTTATATCAAAAATTCCGCCTTA,768,49.22,Drosophila melanogaster
SEQ_465807,AATATCATGGGGGTCTCTGTGGTGTTCAAGAAGTCCGAGTTGATTCTCGGATGCTGAACTCTCCGGGCCGGACAGTTATCCGCCCTGCGTTTTACAGAAGTTTGGGGGTACTAGCCTTTCAGCTGTATCATAAGCAGCAGTCTTCTAGCCTAATTGTTTCAAAATCGGGCGACGTGCACCAATTGCTTGGCATTAGCCTGGCGTGGCAAACATAGTTCCAGTAGTGCCTCGTCTATCCGAGCGGTGTGATAGTCCGCTATTTGAAGAGTCTTAAGAAGTTTGCTGGAGATGTGGAATCCATTACGAAGTCTCAGTCGAGTGAACCGTTCGGTCATACTGGGTGAAAGTTCAGTTAAAGGTAGTGGACCGT,370,48.65,Arabidopsis thaliana
SEQ_346871,TTATTGCCTTAATGTCTGGTAGCATGTAATTGCAGATGGATTCTTCTCCCCCGACTTCGCGCTACCCGCAATTCGCGAAGTGCACTCTACGCAACTCATACGCCACACATTAGACCATGAGTCAAGGTCGATTGTCTTGCGTATAGGGTTTTGTCGGTGGCTAGGTGGTTTAAGGGGGTCCTTCCAAGCAGAATCGTGGTTAATGAAGAACGTTTTGTAATTTATACGGCCGATGACCCAGCGGTACTGTTTGGGTTATATATGACGGTGGTCTACTTCAGCGAGAATGTATAACAAAAGACAGAGAACTCGTCTAAGAGCGATTGGCTAGCATCGCCGCGGGAAGGCTCTCGTGCGCTCGAGTTATGCTGCTCAGCATGATAATCGCACATCCCACCGATTCATTCCTAAGTCAGGAGTCGCCGAGTCGGACCAAGAGATGCAGTCAGTGAAGCTCGATTTCGCCGCTTGCCGACCGTTAACCAGCCATGCGATCCCATGTTCAGTAGTGCTCAAGGCTGCTTCGCGGGTTGCCTCGCGGCACGCTTGTGAATGAAAAGGTTATTGACACTACGCTGTAAAGGATCCCCGGGCCCTTACTACGTTTTCAAGAATGATGCGGTAGCTAAACTCGATCTTATTACAATAGTTTGATGACAGCTAGGGAGTCAGTTCTCGGGAGTGCCCGGCGTTAGTGGGTGCCCATGATAACTAGAAATCTCCGTCTCACCGCGCTGACCCAGTCGTGCGCCGGGTGACTTGGCCCGTCAGCTAAACCAGAATTTCTTATATGGTTGCATGCCTGTGCGACCGATTTTTGGGGTTACTTACACAATTTATGTAAGCGTTTCTGTAGTATTGTTTTGAGGCTTGCATAGAGGGCTATATTAGATATAGAGCAGTTTACGGTCAAGAGCCGACATCTGGTGGACGCCTTGGCTGACCGTGCGCGGTATGGATTGCAAGTGTGCCACTAGCCATTTGCGGAGCCACTCAAACATAACCCGATAATGGGAAAGGGAGTTACCTTTTGAACCCGCTCTAATGGGCAAACTGAATTTTTACCTCGACACGCAGGCAGTCTGCTTCCCTTTGCGTAACGGTTTGAATCGCGTAGCACCTCGTAAAACTACATATCAATAAGCTCACTGTGGAGACGTATCGCTCGCGACGAGGTAATTAAGGCGTACGATCGCTGATTCGAGCGTCGAGTTCATGCATGTGAGATGGTAGCAGGCGTCTACCGAAACCAAAAAAGATCGTCTGGTGTGGCCCGCTGCGGAGGAACCCTGTCCGCCACTTAGTGTTTTACATCTCGCCTCCCCCTTTGGTGCCTTGATAAAGATTACAAACACCAAAGGGAGCAGAGCAACCACTATTCGTGGTGGGCTGCTACGTTTGCACTGATTAGTGCAAGGTATAATTGGCGGTCGAAGAGGCCGTGCACAGATTTCGTAGAGCCTCTGAATCATTACTTAGGCAGGATAAGGTCAGATTCAGGGGGGCTACGCAATGCAGTGCTAAGGCATTATCTTCCATCGTCACGGAACGGTTCTAACAAGATACCAATAGCAACACCACACTTGTGAAGACGTCGCAAACGGGTCCTAACGTCAGCTGGCCAGGTCGCAGATCATGTCCTACTGAGTCTCTCAACCGCTAATGCACTTGTTCCCTTACATGTAGCCGCTATCTCTCGTAATGGATGCTGGACTGGCTCCGCCATAGCTCTTAGGAGCCGCTATGAACCGCATTTTACATCGTTGTTCACTGCCTA,1777,49.97,Escherichia coli
SEQ_144100,ACCTCTAGATAATGTCGATCCTATGGAACAGTCAGATGTATGGCCCGTTCGCGTATAGCTTGAGGTCCATTAAAGATCAATAAGGTTTTTAGTTACCCGGTAGCTGGCGCTTCCGACTCCTGTGGCTCGATAGATTGCGCCCAAAGTAGGCACGCCTACCTTCTGCATCGGCTAACACC,179,49.72,Homo sapiens
SEQ_246283,TAAGACTAGGGTAACCTTCCTACTGCTGAGGGGGTACACGACCTTAGTAATCACTACACATACCTGCGGGGGCAAATTGGATCTTTAACAAGTGAATCTAACGATGAGCGCTTCGCGGATAAAAAAAGGGCCTCTCCCCTGCAGACAGCCGAGGTGAGTCCGGTGTCACAAGGCCGTAATTTTGAGGTACTTTCCTATCGTATTACTAACTCATATAATCCCCAAACATGCTGACGTTGAAAACCGACGGATTAAGGTGAAGGCCTGGGCCCTTACGGGGTTCGGGACCTTAAGCCACAGCCCGCCAAGTCCACGGACCAGAACTTACTTGGTCGCCCGGAAAACGCGGCGCTGATTAATAGAGAGCACTTGACAGGGCAACGCCCAAGTTCTCGGAGACCAGGGTTTGGTTGCCTGATTGTTTTTAATTCTTAAAGAGGTGGCTATTGACTCCCGCGGCACTTCGTTTATTCTTTCATCAAGCTCATGGGGAAGAATGTCCTGGGTCCATGAATGATCAACCCATAACATCATAGCCTTTGGCACTTGCCTTATTGCAATTTATAGTTCGATTTTCATTACTCCAGGAAACTACTATCTGAGCTGCGTGATACTGACCGTTCTTACAATTTCCGTCGCGGGAAAACAGTCAGTGTGGGACGCAACGGAAGGCTTGAACAATAACGTCGTCGGTACCGACGTTGGGTCTGGCCGCGTCAAGGAAAACGCTTTCGTCGGTTCTTCACCAAGGGAAAGATGTGCCCGCAACCGAGTGCCCGTTTACTTCGACGATAACGTTCCAATCGGGTTCTTCATCTGAACCTTACGTTTCCGGATGTAGGCAACCTTAACTTTCTTTCCAATAAGTACGTTGCTACCTCACCACGAGATTCATACGAATCTTGAAAGCCATGTAAGCTAGGAGAGACCATGGAGCCTAACATACCGCGCGCTAACTGTCCGAGGGCGTTGGTCTGACGAGGAGCTACGATACCAATGCAGATAGATTGAGTATGTGTCCTGTGGCTCGAGGGGTGACAGGTTTAAGCTCCTTCTCATTGATATACAGGGACCTTGGCTGAGGGTCGACACCAGCTGCTCGCCCCGACAACGGCGAAAATCCCTATGAGGTGAGATCCTGTGGCAGTTGCCATATGTTGGAATGGCGCGGAAAGACTGATCGCAAGCAAAGAGTTTCCTGCTGTATTATCCGCACCTGTAAACTCCCTGTCTCTAACCGAGTCAAATTGATGGGTAGTTCGATACCCTAATCCATTTAGGGTCCAGGCAGTCCAAATGATTGCAGTGTCCTGTATACCGACTATCGAAGGCACCGGTCATATCATCACAGACAGGGATTTAGCTCCCCCAGCCCCAAGCTCGG,1384,49.78,Saccharomyces cerevisiae
SEQ_681993,TCATATCTTTTGGAAGCCTCTATTACACAGCTGACCTTCACATTGAATGTAAGATCTGCCGCGAGGCCGTGGACAAACTGGATTCTGGTCTGCACAAGATCAGATACTCTTTTCGATGAACAATAAATTGATTTCGGTCTTAAGCTACAGAGGTGCGGCCCTAACGAGGATTAGCCGGTATGTAGGCACGCGCTTGTACGCCAACTAAATGGAAGTCGCCTCTGCGACGAGACCTGGTGTGTCCACGGCGGGTTTGGGTGCTGTTTGGTGGCAGCATACCCCCCAACAACGAATGTCGCATGGTTCTTGTGCGGGTCATCGACTTAAATATAGAGGTCTTATGGATCTGTCTGGGATCAAGTTGTATCTCTAGAAGACTCATTTCTTGCGCTTCCCTGCATGGCCTCTCCCCGAAATCCTCTTTGACGCCATGATCCGTACTGCTAACCGTAGGACCCCAGCGATTGGTTCCCGAACGCCGGGACGGCATGTTCGTCGCTTTACAGCTGGCACCCTAACATTCCTGCAGTAAGGTATTAATGCACCTTCATGCCGATGTAGGTGCCTGTCATCCAGTGTTATGGTACATTGTTCTATGAAGGATCTAATGCCCCATCATTTTCTAAACAGTCTTACCCTGGCGGAACTAAAGGTAAAGCAGGACAAACGGGCGGTCCAGTTGGCCCGATGCCACTATTAACCTAGCCCGCTGTGTCCGAATTTGCCGAGGGTGCACATGAAGTAATTACAAAGTTCCAGTGGAAGAGATGACCTAGAAGTTCAGGCGCGGTCACAAGAGTGACAGGACGTCGCGAAAACGTCAGCATGTAACCGCCCTGAAAGTACTATGCAGATCTGCATCTGATGTAGTGTTTTGTCTTAGGCGAGCGCCGCGCCTGGGGTGATGGAAGGGAGGCAGACGACCTTGTTCAGTGCTTCCTACAGTCAGGAACAACTATGCGCATGATTAGTTTGAGGCCGCAGTTCCAAAACAAAATCACATGCAACATCGGCTAGTGCACATACCGCATTTGCCATGGCTTACTAGATTATTAGGACGTCTCGAACCGGCTCAATGGCATGGAGAGGGTGTGAGCGGACAAGGTAAGCTTATGCGGTTACGCAATTTGAGTTTGGAGTGCTTAGGTTGAGAATTCGTGTAGCCCCACAATATTTTAAGGTAGTATTCGGGGACCGCAAATTTTCCACTCGGTGTCCACCCGGGCCTACCTGTCGACAGCACCACACTGACGATCTATTTTGGGAACAGTGGGACTAAAGCATTGGGGACATTTTCATAAAGCCAAGGCTCACGTTGGATTAAATTTACTTCTCATTTTTTTTCGCCACGCCCTCGAGGATGGATGACGACCTGCCCGGTATAGGTCAATCCGAAAGCTAGAGCGCATTCAATTAAATCATTTCCGCGCGCTCTCGTGTGGTCTGCCGGGGCAGGACCATGGTGGTTAGTAATTACCTCTTCATTTTCGTCACCGTGATGTATTACGGGTAGCACATGTTGTCGCTGATGTCGCAACCTGTAGGCGGCATCTATTCCTCTACTATCAATATCCTGTAAGCGAAACGCGAGCGTAGACATCACCTCGCAATTTATTCGCGTAGAACTAGCGTTGCCGTACGTATCCTCCTAGATGTCCCCGTGAAAGCTGACAACATGCCTAGCAGCAGGAGTGAATATTACAGCTCAGGTCTAGAACGGATCGTAATATTCTAACTCTCGATAGCC,1747,49.4,Mus musculus
SEQ_501564,GTACGCAACCTCATGACAGAAATAATGAATGCTTGAACCTTCACTCTGCTTCCAGATTAAGTACCATTAGGAGGGGATAGAGCAGCACCCTGAGGCCGTTACGCATGCGTCTGCGCCAAAACATGCGAGCTCGTACTATTTTCCCCACCAAAAGAAAATCTTATACTATGGGTGCTGCACCCCCCTCAGTGGCGACGAGCATGCAGGAAATTTGAAGGTCAGATCTCCCAATCCATAGTGGAGGCTGACCTCTTTTATAGAATGGCTTAGGCGTATCCCCATTCGCTTTGGAGCGGTGAGTCGCGTGGGCATAGCGCAGGAGGCACACTGGTATAGTCTCGCAATCAGGCACCCCATCATAAGACTGAACAAGTGGCGGGGTCACACAGCTGAGATGCCACACAGGCGAAGGAGGCGGGATTCCAAAAGTATGTTGAACGTAGGCATACAGACCGTCCCCCTTCGAACCCCTACGCCGCCGACATGTCGAGAGCAGATCGAACCTGAAAGTGAAGAGGTAATGCAAACGCCACCTGCGCAGGTGAATCCCCTATAGTCACTTCCAAAGATGAGTCGCCCCAATTCATCGGATGATTTCTCCACTCCACCTAACAAAGTCACCCGCGCCCAGTGCTTTTCTTCGGTCGGAGACACCAAATCGTGCTGGAAGGGTGCCATGACCTCGCGTTTTTATGAGCTCTTCCCTGCGTTGAAAAACCGCGCTGGCCGCGAGTAGCTGCTCAGAGTCCCTAGGGACTTCGATCACTTCAGCGTTCTACGATCACATATGCTTGGTTTTTGCTTTAACACCCGCAGTTCACTTTTTGCCGTACTTCAAGAGTAAAGTACATTTTCAAATGACGGATTCCCAGTCCGGATCCTGGAAGTGCGCTGAATATTCCGCGTTGGTGGAGTGATAATTACTCCGAATAGCGCATTATTGACTCATCCGTAGCTGCACATTTGTATTCTAATTGACATAGTCGAGATGAATTACTCGCAACGCCCCCGTTTTCGGACTAGAGACACCGTCTGCCCCGGACGCTCGGCAAACACATCGCTGAGACCCTACGCGATATATTAAGCTTATGTCTATGTTTTAATGGATATTACATATAGGAACGAGGGCCTAGCCGTCAGGGTTACGTAAAACACCTGAAGTAGTCGTTTATATGATCTATCTTGTCGCTACGTGCTCGTATCAATTAAGACGGAGCGGCTTCGGTCGGTGAAATTCCACACCTGAAAGATTACTAGTAGCCAGGTAGCCTGCCCGCAGTCCGTCATCGCGCCAGAGACCTGTTAACCACCTGACACACTTCACATTGGTGACGTAGCGTGGTATATAATGAGATCCCGACGAAGCATGGCCTTATACAGTTGAGTCAAATTTATGCATCGTTGATATCAGACTAGTCCAAAGGTCGAACTAAGCGTTTTAACGATGTTCGCTCCTCCGACTAATTACTTCTGACGGGCACCTCACGTGCAGTGGCTTGAGTTGTAATCTAATGATCTGGATGACACCTAGTTCGAAAGTGCGCTAACTATGCACACCATCGATGAGGTAGACAAGTCATGCGTCACATCTCATATACCATCAATTCCGGGGCTAACATCTTCCCCTCTGCCACGCCCGTAGGCATGCAGCCTGCACTCGTTGCCCAGGCAGTCTGGTGATATGTTCAGTCTCCAGAAATCGAGTAGCATAGCGGCAAAGTTCCAGTATAGGCAGCATTTTCCGGGCAATGAAAGTAGTGGAAAACCGCTAGTGTGTAATTAAAGGGTGGGAAGCCTGAATGGTGAAAGTCGTCGAGTCTGGGGAAGAATCATATAGTATACAGAAGGCGTATCCACCGGGGGTTCTAATCAGAGGCTAGCGGCGTACATACAATTCTGTTGCCTTTAGGCAAAGGGAAACCCAATTTGTGATGCGGCAGCGACCTAGAATTGCGGCTCCGCTAGTGCTCGACCCGAATCAATATCA,1987,49.57,Caenorhabditis elegans
SEQ_976662,TTGCCGCGTCTGTCTGCGCAGTCGTTAGACAGGATCGGAACGGCTCCAGCCAATTGGCCCACGACATTATATTTGATGACGGATTGCTCCTAAACGTCCTATATTTACCAAATTGTTTCAGGTCATCTTGGGAGC,135,48.89,Mus musculus
SEQ_693153,CTTAGTAGGGCAGTAAAACCTTGACGTATCCCAGTGGCTTACGTATTTCTAGACCGGGGCCGAGGATTAAATACATACTCGTTTGTTGTAGAGGCCGCAAGCTGGCTTTATTCTAGAATTGACGAATGCTGGTCAGCGAAGGGCGAGTATAACGGGAAACAACGCACAGGTTGCCTCTACTAACCAGACCCGAGGCTGCGAGCGATCGCCACCAGGGGAAAGCTACGTGTTGGTACAAGCTTTGAGAGAACCTACTGGGCGACGTGCGTAAAAGTAAAAAGTACGAAGGTTCAGGGGTTAGGTTGAGTGTGTTGGTTTCCCGAAGGCCTCTCATGAGTTAACTACGCCCCTCAGCCCCAGGATAAGCTAGAAATACACAGTCGCCCTTCGCGATCGTAGGCAGCCGAGTCCCTGAGAGGTATGTAGGCTAAGTAGAACAAATTAGTACCGAGATGGGACCGAAGGGATTAGTAATCGGTTTTAAAAGAAGGAGTGCAGCGTCTAAACATCACAGACCAAGGGCAACTCACTGTCTTTTGCCTACGTGTCGTCCCTCAGCCCGAGCAGCAGCGTCATCTCAAGTAACATGAAACGGCAGTCAGACTCCCAATGAACACGGGAACCAGACTGGGTTTAGTCCTGAATGCGCATCTCCGTAAACTTGCTACTTGGATTGCAACGAGGTATCCCGCGCTTATCTATCTGGCGGCTTAAGTAGCATTTGGAACGTCGGGAGCCCCTGCCTTGACAAGGTGGAATCAGCTCCACGATTCCTGTGGAGGTAAATATACAGTTGACAGGTAAGGAATGGAACATACCGTCTGCCGCACACCGAATCTCGGTGTTCGCTTTCGGCGTGGTCTGAGGATCTGGGAGAGTAAGTGCTCCCTAGTGCACATGATGTTTGTCTGCCTGTAAGTACTGAACTATCATGGCAGCTATGCGGAGAAGACAAACGCGGCATTTGGTTACGAAAGACAGTGGTTCACCTCGCAATAGTGGCTGGCGTGTAGCGTTGTACACCCCTCGCCTAGTGGCGTCCGGGCGCCCACCAAGAATAATTCGTGGGCAGAATCGTTTTATTCCACGTGACAGTTTCGTTAAGCGAATTGCTCAGAGGACATAGAAGTTTCCGGTTTGCGATGAACGCTGAGACTGCCGACTTCCAGTGAAATGCCCGCAAGGCCAGCACATGCGGCACACGCGGGTGGTGCAGTTGCCCGAAGCATAGCGTCAACTGGACTCCCTACGTGCTCTCAAAACAGCCATATTATCCGTCTTACATAGATGCAGTGCCGCGGTATGGGAATTACGGAGTTTGTCTCCGTTCAGCGGGCCAGG,1341,51.68,Escherichia coli
SEQ_943030,CTATGTCACAGGGCTTTCCCTAGGCCAATTTTTATGACGGCTAGTTTCTTTGAGCGATTTTCTCGACCGTAACCAGAGTTTATCAGTCTAATGTTTTAACTGATCCCCTGTCGTTTATCCAGGAGGGCTCTAACTAGGCAACTCATCTCTCCTAAACTCAAAGCCATGACTCAGGGCGCTAAGGGGAGGGAGCTGCAATAAATGACGAGCCGCTCCGGGAGAACTGATAGGGGGAGACAATACTTATTGATACTCTCAGCCTTTACGTCTTAAGAGCTGGACGCGCTCTTCCGTAGATCGGGGTGGGAGGCCAGTGCACGGAACGCTGCATTCCAGCCTCAGCCTGCAGTGGAGTCGACTAGTTCCCTGTTCGCTCCTCGAGTGGAATGCTTATGAAGGCGCCTGACAAGCATAATGTAGCACGGGTCTAAATCCTGCTCCAGTGGTACCAGTTTCTAGTACCTTTACAAGAAAATTTTAGCAGCTCCACAGTATCCAAAGACGCAAAATGGGATCACCATAGCTAGCATGCGCATTGGAACTGGTCCTGTGCAATTCAGCGTTAATGCAAGCATGGTATAACTTAGAATCTGGACAAGTAACATTCCTCGATTGGCCTTTGATCTTGGGTCCGGTACTGGGAAGGTCAGAGAATTTACAGTACGCCGGGAGTTGGGACGTGGGTTTATCTGACGTGGAGCTCAAGCAGAGTAGGTTGATCGAAGTCCCCAACAGCCATGTCACAGTCATGGTTAGAGGTTGATCCCGTACACGCTAATTGAGACATCAAAAAAAGTGCTACGGTTCGACCTGTTGGGGCCTCAGCCGACGAGAACTCCCAGCCTGTAACCTAGATCGACCCAGGGCCGCATCCTCAGTCGTGGTAGGGTTGATGGTAGTCGGGCAGACCGGTTTGAGCCTAGACCCTGGGGAGGCTCAAGCCCTTATTTTGAAGTGATGGTGCTGAATGATGCCAGGATAGAACGTACGTGGCTATAAGTGCCATAATTTCATTAGTAGGTTAAAAGTATTCAGTGTACGACTTGCAGGCCTAGATCAGCCAAGAGGATGATACTAGGTTGAGAGGAGCCTTGGGAACCCGAGTAATATTAGGGCGGCTGTCACCCAACAGTCGAAACAAAGTCCAGGGAAGCATAGCTATATGGTGGGGTATCTCAAATGGGATGGAGTGAGGATTACACCGCAGGGGATGTTACACTCTATTCGTATCGCTTGTGTTAGCTTTGTCATGGCGTTTTTGTGTGTTTGCTAGGAGGGAGCTCAGCCGTGTCAGCGTGAGTAACCTTGCTAGCGTGGATAGTTTATGGGGACTGAATGCGGCAAGTTGAGGTAACATTTACCCGTTACCAGGATAGCTTGAATGGGTGAGACCGGGGCTGCTGTCAGTGATCTTCAGTAAGACACAGGACAGGACGTAATGAGCCTTTCTGCAGTCGATGACGACTAATCCGAGACTGGTACAACTGAATTGATAAACCGTGCTTCAAAGAAGTGGAAGGGCGAGAGGGGAACTCCCTTTTCATTCTAAGGGTATGGCTCACATACCGATTCTGGTCGAGAATACGTCACCTGTGTTAGATGTCGATCTAACCGGGTCCCTAGCGACAGGCGGTTAGCCTCGCATGGACGCCCTCGCGCCAACGACGGCATCACACTTCCTGGTCGAACAACGAAGTAGGATCGTGTGCATCAACTGTACAGGCCAGATAACTCCCTCCATCTCAGATTGGTTCGGACTCCGTTCACCCTATGGGAGGACCGTTTAGGGCCACCCTACGGATAGTGCCGTAACTACAGTACCCTTACTTACCGTGGCATTCTCAACCAATCCCTATCAGGAAGTCCCAATGTGGACATACATTTCAGCTTGGGCCGGACCCTTGCTCAGAGTCCAGCGAACGGACATGGCGCTTTTAGGCAGTCGTATCATCGTCCCGAACATTATGGATCAACCACGAGTCTTCCACGTGCGCA,1995,50.43,Caenorhabditis elegans
SEQ_997081,CCAAACATCCAAGCGCCCGGCCTTTCCGCGGTGATTATCTGGTAGCTCATCCGTGTCGATGACTAGTCGTGCGATGCATCACGGGTTATCTCTCCCTGAATCCAGATGAATCCAACCGCCCGTACCTGAGGGTACAGTACATGCCTCACTAATAGCTCACTTGTACTATTTTCATCAGCTATCGATTCGTTACGTAAGGAATCTGTCACACACGAAACCTACATCCGGTACAGATGGAGGTTGATTAACCTCACCCGTTCCGATCGGTACTTTGTCCTGACCTTTGGGTTATAGAGCACATTACTTAGTTCTTGCTCTGTCAGCAATTTACCCCGTCTGACCAGTCAGCCTGTACTGGCGGTAGTTATGTAACAATTGTCTAAATTGAGTACGTGGGCACGACTGTACGCAAGCTGTTTGTAGTACGGCTCCGCGAACTTGTCTGTCTGCGGCTCCAACGGTGTCGTTTTAGCCGCAAAGCCTTGCTACGACCAGAGAACGCAAAGTCAAGATCTAAACAAGTGGGACAATCACGCTATAAGGGCCGAACCTCACGCCTTTGACTAAGGCATAAATCCCGCCAAGATGGTCGGACCTGACCTGCACTAAGCCATACTCTCGCCGCAAATTCTATTACCCCCTGGCAGACAGTCCCCGACATTCAGAAGGATGGAGGTACGGAGCTTTCGTGTACTGCAGTCCCGTCTCGTGTGGACCCGAATTAACACTCGAATGCGCAGTCATGCCGTTCTAGGTAGTCTCACCTTTCAATGACACGTTGAGGTATTCGCTCCATACAATAACTGAGGTAGGGTAGGTTAAACCTGTCACCAGCGGGATCTACTGCCCCCAAC,854,50.35,Drosophila melanogaster
SEQ_723502,GCAGATTAGTGATGGTCGTAAATCCTCCGCACGCACATCCATGCCGGAGAAATCCGGTTTTCGCGGTTAACTACCTACCAGGACCGAGGAGAGAGCTCAAGCTCTATCACAGATATCATGCCATGTTACGAAAGATTCGGGTCCAGTGGCGTAGTGTCGATGCCGAATGACGTAAACTTTCTGGACACCCAGCAGAATCAGGTAGAAACCTATTGGCAATTGACAATGAAGTTCTCAGCCCGGAGCATTTTTAGGAGTAGTAGTCTGAAGGAATCGACGAGAATGAAGACCGGGCGCATGTCCTACCCCGAACTCGTACACCGGCGCACTACATAGGATATCCCCTTTACATTTTGAGGAATTTGAAGGCCGTTGATCGATATGTCACTTCCCTCGGGTCTTCTACCATTGTGCAAACTGTCCAGCCGATGAAAAACCAGGCTCAGTTATAGACCAAAGTCGTCATCCCAATAGCATAATTTAGTCCGTCTTTCTTAGGGAGAGGTATCGTAACAATGTTCTCTAAGGTGACCGTACTGTCTCCGTCGAGGATTCTCACCATAGCTAGC,569,48.15,Mus musculus
SEQ_569313,AGAGCTGTCAGCATCCAAGTGCTCGACGGGATCCCCTGGCATGCCGGCTTTCGATTTATTAGATCCCGGTATAGACGTGTTCGGTATAATTTAGGTACCGCTTAAAGCGGCTGCATGCAGACTCGGGCTAAATCGCAGCACTAGCTTCGCGAGGACGATGGGCATAAGGTCGTATATATTGCCCGTTGCCAAGACACGTATACGAGGGCTGTAAGTCACTCATAGATTCTCTTCCTGCGTACCTTTCTAAGATTCGTTCTTTGGATTAGGGTTGCTATGGATACATTGGATAGCCATTGCTAAACCGTTTGGCAACATATATGCCATTGGCAACCAGACGCTCCTAAGCATCCTAACTGGTGGTTCCTCTCCATTGTTTCTTACATACAGGGATCCAGCCGACTCCCTCGTGGCACATCTCCTACGGTGTTAAGGCTGTAGCAGAGGGGAGGGTCGAAATTTGCCGCATCGGAGTGCTGCACGTCGAGGCCGTGCCCGAAGAGAGCCTATACTTATAATACGTATTGTAGGTTCGGTGAAGAAATGCTGAACTACAAGACCTAGGGTATTCCACCATCTGCGTTGTAATCCTCAAATTAAGTATCCACGGGGAATATTGGACCACACTTCTCCGTTGACAGCATACCTGGGATGATTATGGCCGTATTGATTCGACTCTAGACGTTTTGCATGCTTTGTGTTAAGGAAACCTCGCCCAGTCCACGCAGCGTCCCGCACAGTCTATAGAGATATGGACAAGATTGTAGCGTCAAATCAGGGCTGGATAGTTCACGAAGTCCACCCGAGTTCAGAGAATCGGTATTTTGATTCGCGAGAAAAACGTAGGATCTGGGATGTCTTGTGCCTCCTAACTGCACCACAGGGCTGGTCCCCCTCAATCTTGGCGTGTTACCCCACGTCTGTACAACCAGGAGAGATTTCCCAATGTCGCTAAAAGCGACCTACACAGCCTTCTTCAATAATTGGCCTGTTACTTAGTAAGTGCCTAAAGGGATAGGGTTGGCTGATTCTACCCGGAAACAACCGTGAACCGTGTCCGCTCTAATAAGCTTATAATGGTATGCGACCGAGATGCGTTACCGCGAGAGGTCAACCGAAATATGCACTCAGCGTATTAGCCAATGAACAGGACTTACTGCTTTAGCTGCGCAGTTTCCACAGAGGTCTTTGGAGAAGACCTTACGCGTTTATTCCCATTGATGGGGTAGCCTAGGGGTCGAATTGTACATACGAACAAACGAACCGGATTGTGGCACGGTATCAATAGCTACGACTTCGTTCTTGTGACTCGCACTCCGTTATGCACGTGGAAGGGTAGCTCACACCGATCCAGACCTAGGAAACTGAATTCCATAAATAGCGCCTTGTGTGCCCTGTAGCTTTGGCTTTCGGTATGTAAATATGTCTAGGAACTTGTTCAGATTTAACCCTCAAATTACGGAGCGCTCGGAGGGAGTTAATATCGATAGGTGCTGGCACTCC,1503,48.7,Caenorhabditis elegans
SEQ_825498,GGCGATCAATTCCCCCGTAGCAACTTTCCTGGCTGATACTGAGTATATCGGATGCTTTTGTTGCCCCCAGCATTGCTTTTAATTTACATTATGGTTCGTATCGGCGCTTTGTTGCTGGTTAGCGTCCCATCCTGAGTGTAGTAGCCTAGCCTGCGTGCTTATTCAAAAACGTTGATTTATCGGCAATAGTGCGGGACATTCCCGAATTATAAGATGTACCCGGTTGTCGTGATCCAGACTGTCCAATGTATTGACAGACCGTGCTGCCCGTTGAGATGTGCTGGGGAAAGCCCGTTACAACCCGGGGACAAGCATCAGACGGCGCAGGTTATACATGTTTTAGAAATAACGGCGATGATTGAGCGGATACCGCTAGTCCACCGGACGTGTTCGGGCGCTTCGAGACCCTGTTAAATGTTCATTATTATGCAGAAGAATATACAGGGCTTTAATGATAGACCCGAATTCGGAACCTACAAGTGGACAAGTACACTCCTCGAACGGTCTTCGACATCATACCTATTCTTAACTATGATACCGAAAACAGAGTTCGCACCCGAAGCAGGAACACAAATCGCTATGCGTACGTCGCTATTCGTCCCTCCAACCCGGTTCTTACGTACCTACGACGTTGCAAGGTCACGCTACGCTT,652,48.31,Escherichia coli
SEQ_360902,GTGGTCGCGCACACTTACCTTAGGGGCGGCAAGGTTAGTCGGATCAAATGTTGATCTTCAACCTAGTGTTTTGTGCTGTATGCTTGAGGAATTCTGAATCCGAACTTAATATTTGCTTAGGACATACACGCTGAGTGGAACCCGTCGCAGGTCCTTAGCTCGACAGTCGAGGACTAGATCCCCCTGTGCTTTTAGCCACGAACCTATGGCCAATGCAGGATAAAATTGGTCCCGCTAAGGAGGTGCGAGGATCGTTCTGTTAGAGTGACGCTGCGGACGGGCGCAACTTCGCGCTGGCTACAGGAGATTCTCAGGTCGAACCCGCTTGTAGAGAAAGACTGAGTTAGTCCGAAGACACCACTCCGTGAAGGAACGTATACCACTTGCGACATAAGTGGGGAGCTGAGCTGCTCTCGCATCCCGTTGGGTAACAATTTGCATTTTTAATAACAATGGCCAGGCGAGCTGGGTCACTCACCTATGAGGTCGCCATACCGTACGGCCATCG,508,51.77,Escherichia coli
SEQ_469275,TGTGGTTTCCCAGAAAGCTAGTTTCTCCTACCCCGAACGCGGCAAAGTGATGAATATCTACCGTATCGGTACACCTAAGCTAACTGACTCAAGGCTCAAGCCACGTCGCTCGGTGAATAAAGACAAATCTTCGACGTGGAGAGAGACGTCCCGGCTGACAGATGGCTACCCAACGCACGTGGTTCTTTGCGAAAACATGAGGCCAATGGAATCACCTTGCTGTAGACTGAGTTTGGGTGGGTAGCGGACACTTGGGAGCCAACACATGGTTCAACCAACCGGGCAATGACGACCTAAGCCTTTAACCTATGATCCTTTACCCGAAGGGCTACGAGTATTACTCGTAACCGCACGTTTTCATAATATTCTGAAATCACAGCTACCGGCAATCTGGTAGAGTCCCGTACCAGATTTTCTTGATTTTAGTTGTTCTCATACTCGATATCGTATGCATTCGGACGGAGGTGGTGACCTCTCGGTTTCTTTGGCCCGCTCCTGCTCTTGTTGGTGCATCAAAGTATTTGTACTACCTTCCTTAGAGCTCCCCAAGACAGAGGTGAGGCCTCCAGCGAAATAGGTTTTTCCCATAGCAATTTTCTTGTACAGGGACTAACCGTTCCCAGGCCGGATTCGGGGTGCCCTCTTCTAGGTCTTTTTAAGTGTATGTGCGTCTTCACGAACTCGAG,686,49.13,Escherichia coli
SEQ_782904,AATATCTTTGATCCAAATCTAGTGAGGTCTACTATCGGAAGCGGTTGTTCCCTTTTAATACGTAAACGGCGCGGTCCTCATGACCGTTCATGAGGATCGAGGACCATAGTCTGGAAATTCTAGCGATGAGACGTAACTTTAGCATATCAGGATGAATTGCCGGTGGTACTGCACCGGGAGGAAGGAAGATGGCAACCTACATGGTTCCGCCTACTAGTACAATCAGATGCTGACCCCACGAGAAGGCTGGCTAGGACCGATACGTAAGGACGAGTTCCGCTCGACCATGGTTCCTGTAACCGTTTGACGTCTGTCGTGCCCGTGACCCCTGCATCTTACATAGGACCTAGGACCCGTACCACTCCCTTCCACGATGTGCACTAACTATGCATATACTCGGCTAACAAGCACTTGTGTGCCGGCCCTCACGGGAGGACGTTACAACTGTCCTTTCGCGAGGTACGGAAAAATACACGTCATGGGCAGAATGTAATGAAGCCAGTCCGCCACATGACACTCAGAACGCGTCAAGGGTTCGGGCAGTAGAGACAAACTGCCTCATGTTGCCATGCTTAGCCCAAACTCGATACTTCGGTACCCCAAGGCATGCGCAGATCTGCTCTCGATCGCTATGAGCACCTTGTATAATAAAGTCAACTGCAGCGGATGCTTTGCTCTCTATTGCGTCCAGTGGGCTCAAGTGAGTTCACGCTGTTGAGGGCAACGTCCAAGTTCGTGAACTCCCCTGTAGTTAGCGCACCTTTCGTGCTATACTCGGGCGGTGCGAATGCACTCACATCAGGGTTCAGACATTTTCCTTGGGATAAAACGACCACCTCGCGCAGCACGTTCACGGTTCGTGGTGCTCCCGCTCAGCGAGCCCATGTTGGCTCCCGGAGTAATTAGCATTAGTTTTTACATATCATGGGCGAATACAAGCGATTGATTCGGCATGGAAACTAGACCGCATGACTTCCATTACCAAACGAATGTACGATGATTACTCCATAAAATACCGTTATACCGTGCTTTACGTATACCGGGTGTCTGCACGCACAGTGTCCCACTGGAGATCCTGTGTTAGCATTGGTGGTAGGTGTGTTCATATCCCTGGGTTACAAATCGGCCCAGTTATGTGGGTGTAATTCCCTGTGTTGCTGGAGAGCTTTGAAACCTTCAAGTGCTGTGCGGAGGCACGTAGTCCCAGGCCACTGAAGATAAGAAGTTGTAGCGGTCGGGTACTCCGCTGTGGAGTTCCTATTGTGTGCCTCTAGTAACAAAGGATCCATCCTGCCGAAGCTGAACAAGCCCATGCTTTTGTTCAAAAAGTACTGATGTAGCAAGATTGTCAATGTGCCGCAACCCTTTATAAAACTATGCAAGTCCACTGGCTAATGAGTGTGCACTACCGTGTAAGGGCAATAACAATGTCGGCACCTCGAATCAGATCCTAAAAACAAAAATAAAACTCATGGGACAGCCGTATCCGGCACGCCACAAGTTGCTTCCCGAGGCCTACACTCTGATTTTCGACATTAACAGCTCTTTCTTACCGGCAAGATGTATAGTAGGTTACCAAAAGACCGAAGATAACATCTCGTGAGCAAATCCATCGGGTGGTCAAGTTTTGCCTCTTCCGACGCGCGACGGTTCTTCCAACGGTTAGAACGAAAGATTCCGATACAAGAAAACGGTTACGTCCTCATAGGCTGTAACTCTAGCGGACGGTAGTAAGACCAGCGTTCCGTGATTAGGAGTTGACTGTACACCTGATGAGGCAGTCTACATTCGGGAGCGTACTCGGGCCTTATAGTGTCGGATGCGAATTATTACGAATGGGCCTTTCAGACCGAGATCTCATACCGATTAAGAATTTCAGACTGTACGACTTCTGAAGACTACGTTGACCACAAGACATGTACAACCTAGATGTGCGACGCTTCCTCATCACGAGGCGA,1958,49.44,Arabidopsis thaliana
SEQ_514216,AGAAAGTAGTCCAGACATAAGGACCGATCGTCTGAAAGCCTAATAGGGGTTCCCGTGGAAGTTATGGTCGTACTGCTAAGGCTGCGCGCCGAGGTTACTGGGATAACACGGAATAAAATCCGCATCTCGCGGTAACACGTTGACTCTGACTTGACATCACGGCTGGTTACGGTTGGCAGCGACTATATCAGCAAACTAATGTCCCTCGGACCGGGCAAACGATTTGAGGTTATCATCGTATATAAATTAGTGCTCCGTCAAATCGGACTGACACCGTAGACGACCGGGGGACGTGCTGGATATACCCCTTTATGATCGAGGCATGGATATACAATATATCTTTGCGGATGTTTGCGGCATTACGGAGTGCAGGCACTGATGTGTTACAGGCATCAGCCGGATAGCGTGAAGATGTTGCACGGATGAACATCAATACCTCTTTAGTCTTCTTCAGTGTAC,459,48.58,Caenorhabditis elegans
SEQ_778795,AACCCGGATGTAGGTTGAACCAGGGCATATCTACGAGGTTTCCGGAAACAAGTTTTTGTATCGAGGGATTATCTTTGCTGCTTCCCGAATAACTCTCATAAGGTTGGATGCCGCTGAATTATCCCAACAATCCCCTGCTTGATTTCTTATTGAGGTGTCTAGAGGGCGGGAAACACACCGCATGTGATTAGTCTCTTAAGCTCCATCCCCTGCTGTCTATCAAAAATCTGCTTACGTGGAAACCAATTCTCGTCGCGCCTGTAAGGAGCCAAAGCGCCTGCCATCAGTTTATCTTTACCAGCACGCATAATGGGAGTAAGGAATAGGGCATCTGGCTGTACGTGAATGGACCGTCCGGCCAGAGATCAGGAAGTAAGAACCATGCGCTAGAAGTGATTTAGGTCCGACGCGAAGCGCGTCGGTGAACGAAGCGTCAGATTAGGCTTATGGACCTAGCTCAGCTGAGAGAACACCGTGCTTTGCTAGTTGAACATTCAAATACACTTTTTGGGGCTAACCAAGCGGGGGAACGGGGGTCTGGTCGGAGGCCACCAGACGTGCAAAGTTCGGTTCGTCCGGCTGGCGAACGCCGGATAGACGTTCTGGGCTAGTCCTCGGCGTCTAACAGGTCCTCGCTCCTGTTCATCCAACCACTATTTGAGCACCCGGAGAGTTTGGATGTCAAGAGCGCGAACTCGCTGTGAAGATAGGCCCTAAAAATTCGCGACGGTACCTAGTTAAGTGCAAATTAGAATGGGCCCAAGATCTCCTGGTTTACAATGCGACCTATCATACTAGACGTACCTATGAGAACATATCAAAACTGGATTCGTAACGAGGTCTCCATTCGCCTGTCCTACACTAGCTGATTTCCTACCTCGTAAAAGTCGCAGCTCGGCGCTATTAAAAATCAAATAGTGGAACTCTGTTGTAATTCTACTCATGAGTCGATGGTTTGGATAATGCTCGCGGGTGAAATACCC,983,49.24,Escherichia coli
SEQ_691320,CTCGTGCAAAACTATACTTCCACGCCTGATGACAACCAGGTTCTTGTCTACGGATAACTCATGTCTTTATACGACTCCAGTCTTGCGCAAGCCCCAATCACCATTTGAACTATGGCATACACCGACAGGCAGAGTTACGGAGTAATAAAGGGTGTCAAAGACTCGGGTACCGGAACACAAGGATGCGTTTCTGGAGCCTAAACCTGCCGGCATCTTCTTCTGTTGAAATACATGACTTTAATAGTCGGAGCGCATCGATGATACCCATATGGTTAACGCCTGACGCGCC,289,48.1,Caenorhabditis elegans
SEQ_135902,CGCTTACACGACCTTAATGGACCCCCCAATGCCACGTCTCCTCGTGGCTAGCTACTCATCGGATGGTACG,70,57.14,Caenorhabditis elegans
SEQ_961738,CACAGGAGTGCAGTTCGAATGTGTGCATAGAGTCCGAATAGGCCCAAAATGTGATGTCAAAGTAGTTATAATGTCGATACTAGACCGGATGGCGACGATTAGTGGGGCCATTTTATCGAATATGCGGGGGAGGAATTCAAATAAGTTGGGTAGAATACATTCTGGTCCTGAGCGGGTCGGAACTTGGGTACACGGGGTCCGAAAGTATTGTCTGCATTCTGGGCTGTGTCAGACGGCGTACGTTCAAGCGCGGCCCGGCGAGCGCTACATACCACGTCAAGAATACAGCGATTGTTATCTTTAATCTTATGCAAACAGACCTTTATTTGGTCAAGTCGGTCCTGACGAGCGGTCGATATCAGGCCCTAAGTCTCTTCGTTCCAACCATCGTGAAGAAGTGTTCTCCGTCGCATTTACGGTTTTCTCCTGGCTATCCGCATTAACAAATAATACCCGCTTCAATATAGATAATCTACCGGGGTGGTTTTTGTTCCTCATGTTAATTACGACCTGAGTGTTGCATTCGTCGAATACTTGCTTTGTTCGCCGTCGGTAAAGTAAATCCTTCCGGTAATGTTGGCGCTTCGGCAGGGAACCACGAGCCGCAGCACTACGAGACAATGGGAGCACGTGCGCCCAGTTCAGCCTGCAGCAGTTCCTGTTGCTCTCATTGTCATGGGGATGGTGTGTTCGCGTTGTTGACCGAATGTTGGTATCTAATCCGTAGCCGCAAGGTGCAGATTGGAAGAACGTTCCGA,758,49.08,Drosophila melanogaster
SEQ_278980,TTCTCTCAAAGTCATATTCTCCTAGTGTATTATATGCTCTGACGCCTATCTGCCTCCTAGCAGAGTGACGGATTCGGTTCGGACGCTGTTGAGCGGCCCAATTACATGCGTTCATTTACGCTGGGATTGTTGGTTCTGTAGCTCTGGCAAATGTACGTGTGGCCTATTCGGTATTTTGAAAAGACATCTTGCATCTCGGGAGATAGAGTAGATGAAAAGCATCATTGACGTTGATCAGCGTAATCGAGTGTCGTGTGATTTCATCAGTCAGTTGGCCGACGCGGAAGCTTTGTGCTCTCGGTCGTGCACATACTTTCCGGGCTCTCACCTTTTATCCTTTCGGACAACCCGCTTCTCTGCAGGAGGGCTATACACTTCCCATGCCGCGACCCGGATCTTACGTCGCTCTCCTAATAAGGTCGCTTCTTGAGACCCGTTGGGTATTCGACAAAGTTAGCCGTTATTCGAGATGAAGACTAACACGTTCGAACGTTGAGGGCTTATTTCTAAGAACAACAGATTGTATTCAGACGCCATAATGGTTTGCCGCACCGATGGTGATGCTATGAGACAGTCGCTTGACTCGAATGAACTTTATCACAAAGTCACCGTTCTCAAGACGTATCGGTGACTGGTACAACCACTGAGCTTGGAACAAAGCAAAGAGCCCGTATAATTCTCGCTGTAGAAGGTATACAGTATGTCGTCACTAGACAGCTAACATCTAAGCCAAGGAGCTAAGTAAATGGTCTGCATATCAAGCAAATGTCCTGTCCTACGGTGTGGCCAACGCGCCGGTTATACTATTGTACCAAAACTCTGCAGTTCCGACAACAGCGAACTGCCTGCCTTGTACCTATGGGCGTTGATTGTTAACCTACACCGAAAATCGCTATAGGTAAGTATCATCCCCCTCGTATAACAAACCGGAGGCCTAGCACTACTTCCATTACGGTCATGGATGACTTGTTCCTCAGGACATCCCTGGCGCTGTGTGCAATCCGCATAAGGGTATGTCGACGCCCCTTCATAGGCTAACCTACGTGGATCCAAAAGGCATGCGATGGCGTCCACCCCAGCTTCAAATGATCCCAGAGAGACCCAGACGCGGGCGGTATACTAGTACGTTTTGTATTGCGTGGAGGACCTTAGGTCGAATGCTATGAGGATACGGCGAACGGGGTTCATGCTGACCGACATTCAAGTCCGAACCCCTATCGGAACAAAGCCTTTTCCTCACCTCTTAGCCTTATGTTCTCCAGCTCAACTAGATGAGCCGCGTCGTTTAAAGTTGTGAAACGCTATAAGGGTCATATACACGAATTAAGCGTGTCGGACATGAACGTCATCTTTTGGATATTCCTCTGAGTCTATCAAACTACCGACAGTTACAATCGGCGTCTAAACCGACATGAAGATTGACACAACTGGGCTTCGACAGTGGTTGCAGTGACCTCGTTATACCGCTTTCCCGTCGAAGAACCCCAATTAATCTCTTACATTAACGCAATCATGGTCGTCGAAAATACATGAAGTAAGTTAAAACTTAGAAGGTTGTTCAAGCGGCCATATACCTGCGAGACTTCTATTATTAACTTTCACTCACCGCACTTCCTATTAAAGCGATCTGCCCGGCTCGGTGCTCCGAGTACACGGTACGCCTCGTGAGGTTTCGAACCTATACCCTATCCCGACCCTACGCTGCGTAGTATTGAAGTCAAAGTGCCTCCACACCCAATCTCTCTGGAGGCGGAAATATGCCTACCCTACAGGCGCGTCGACTCGCCATCATAACTACAGCCAATTGTCCTGGCAAATCAGCTCGCTTGATTCAAATTCGAGGTGTCGGATATTTAACTTAGTCGCTCGTAGGCGAATGCCCGTGCCGATTATTAAGG,1898,48.16,Caenorhabditis elegans
SEQ_761603,GATAGCTCATTGACGTCTCTCTAGATGCATCGGAGTGTACAAGTGACTCTTGAATGATATCGTACTGTCGCGTTCTCATAGCCTGCCTTATAAAATTGAGGGACTCTACAGTTTTTTCACCACCAGTAACCCGACCGTTTCGGGGTTCCCGCCTGTTGGTGAGACGGCTCCCCAAATTATGGGGTCGACGGCGGCATTCGAGCTCGCTAACCTAATTAACCGAGACAGTTGCCAAAGAAACTGGAGTTTGAGAATCCAAACGAGTTATACCCGTCACATTTCATTCAGTCTCTAACCTTTTGGGGCATTGAATAAGCATTTAGGTATATACCGATCCTGGAGCGTGTCACGTAAATCCAAACACGCAACGATGCCTGCATGATAGCCGTTCCTACAGTGTAATGTCCGGCATTACTGGTTAGTATATCACACACTTGAGTAATCTAAGCTTGTTGTGGGGCTGTACCCCTGGACATCGCTTATCATCAAGCTTAAATTGATTTAGGCAGGCGTCAACAGATTCTTGGGGTTTAATAACACAGCTGATGGGAGCGGAGATCCACTAAGATCGGTATTTCGGGCATTTATCTGTCTCACACCAATACGTGCCTGAATACGGGACGAAGCTATGGCGCCGCGGCGCATATCCAGTACACCAAGCATAGCATTATTGTCCACACAACCATTTCAAGATACGACGTGTCATCGTTCAATGGACAAATGCGCGACGCTTACAATGCCGGCGCGTTCATATATCGTGTCCCATTGTACCATAGTGGT,780,47.05,Escherichia coli
SEQ_642008,GCCGGCACACGGTTTAATTATTGGGAGCATCCGAGTTGGCTATCGATTCCTCGCATGGCGGGCAACTCGGATGAGAAGCAGGATTCGCATATCAAACTCGTAAGATAGTGATTGTGTCTGATGCGCTGATTCAGGGCCCATTTCACGATCACACCGCACCATCAAAGCGCAGCGGCACAATAATTACATGTGGTGTGGACAATGCTCGTCGTTGAGCCGCTTAAAACCGCTTTTAATCACAAACCCGATGTAAGTTTGAGGGCTATGGTGTATAAGTGTTCATCGTAATTAAGGTCTTATATAGCTCCAGAGTATGCAGCCCACGGGGCGGCCATTCGCAAATCGGCGCAGTGCGCGCATTGGGCCTCGCGACCCTCCAGGCATAGCCCTAGCTGGATGAAGTTGGGGCGAATAAACTTTAGGCCGGTCGGGCACCCCACCAAGAATAGCGTCACTTATAATGTTTCTAGACTACTACCTGGCCGACCCTGTAGCTGCGCCGTGAAATAGACACTAGAGTCGCAAAATCGATAGCACAGTGGCTCT,546,51.28,Mus musculus
SEQ_767360,CAATTTATATTGCCGCAGTTCATAGTCTTGATCCTTGTGCTTGAGAAACCTACGGCGGGAATAGTTACGTAACAGCCTCTGAACTGGTTTTCAATTGATTGTACCATTACACGGTTCAGTATTTGTACTTGGCATCATCCAACTCATCCGTGATATCTTTAGCAGGTATACACAGAATGCGGCTCGTCGTGTTCCCCGAAACGAATCGAGTCACTCTGGTGGTGACGACACAATATGTAATTTATGTAGGAGTGTGGAAAGGCGCTGGCCGAAAATTGTCTAATAGAAAACGCGCCTAGAAGGTCATACTTGGGGC,316,44.62,Escherichia coli
SEQ_293367,GTTACCAGAGCCTACTTACCGGATAACTAACAACAGGCAGTGACTGAGTTGAGAGATACTACACTTCTTCGGCAGGTTTCGTGGATCCAAGTGATTACAAGTGTGCGGGTGCTGGTTCAGAGGGACAAAATACCACCTTTGGATCTCAAGACACAACTGATCAGCAGAGCGAAGTAGCTCCGCAAGTCGTATTTTGTGCTAAACGCGCAAAACCTTGACCAAGGCTTCAATTGGTCAGGAAGTTGGCTGATCATGAGAAAATCACTTGACCATTTACTTGCGCCCCTGATGTTTTAGCATGTCGCTACCGATGTCTGCATCAACCCCCGAACCAGTCCAAGTCGGACAGCAGGGTCACCGGGAGGCTTGTCGCTGTCGGAGCACAAGAAGGACAAGCTCTGAGCCACAGTGACCGGCGACCCTGCAGGTACGGGGTAGAGCAATGGATAGGTACTCATCCAAATCGAGTTAACTCGGACCCGCGAGTGGACGATGGATGAATAAGCTAAGTGCTACCTCTAATATTTGTAGCAGATCAGCCTTCGCCCATTTATGTACAACGTGTCTTGCCACCGGTCGCGTGCGTGTATATAATGAGCCAAGACCTCGCAGGAGATAAATAAATATTTATCCCGACGCGGTGAGGGTATGACGTACAGGACTTGCTGGTGCCATGACTCCGACTCTCGTGAAACAGGCCTGTTCGGCCTACCGAAAGGCTGGTCTGCAGCGCACTATAGGCTACCCCTTCTCTAGCAATGAAAGATGCGGCATAGACATCCGCCATCGTCCCTTTGGTCCCACCGGAACCCCGCCCTAGATACCAGCGTTGAGAGTACACGGCGGCCAGCTGAACCTCAGTCCCAGGGTGTTATTTGTTCATACCAAGAGCACTTGGAAGTTGCCCGCCAAGGCTTATTGTACCAGATGTAGAAGGCCGGTTGCTCATCTTATATGTTATAACGTAATGCGAAGCCAAGTGCCAGGAGGAACGGAGACTTAGCGTACTGGCGGTCAGAACTATCCGCTCATAATGTGTACATACAGTGCTTGACGAATTCCGTGTCCATACTACAGCCGCCCCTCCGCTGCCAGCGGACCCAGTGGGCCTAGGAGACTAAAATTAGCCATTATCCCAAATTGGATATGCTGGTGCCTTAACATCACGCGTGAAGTCTGAATTATTCTAAGGGAATATCATCCCGCCGGTTCCAACAGTAGGTCTTGGAATAAGGACATACTGGCGATAATCCAGGTTTGGGACTCCGAGCTTTTCAAAGTTGGTGTTGACCTGCAGCTGTCGAAACGGGGCAATCGGAGTGATCGGACCGCGGTGAGAGTCAACGCATCAAACGGTATTTGCACCACCACCGTGTACTCATGTGACAACACCTTGACCGCGTCGCCCCAGCTCGTTGCTTGCCTGCTACAAGGACCGGGGATAGTACCGCTTTTATTGATCCAACTAACATAAGCTACCCGCACGTAAAGACTAAAAGCTTAATTGTTCGTCGCCTTTTCAGAAGTCTGGACATTATTTAGGGTGAAAACAGTAGAGATGGCTTCCACGTGATTCCTAAGGATTCGGCGCCTAGGGGCGCCGTGCGAGCGGACTTGTCCTTTTCGGAACGAGACAGCTGTAAACTCTCTATAATCACAAGGGTTTTTTTCATCACCTAAGACCGGGCCACTGGACCTGGTAAGGCATCTAACCTTACCGAGAAAACCACTAGCCCGTTTACGCATTCTCCTTTGAAGAGAAATGGCAGCCCAAGGGGAAGGCATGCGTTCACTGCCACCAAACGTGAAGCTATCCCTAGGTGGCGAAACTCCTGGCGGCCGGTACCTACGTAATATAAGTGCTGGTTTCGA,1872,50.91,Caenorhabditis elegans
SEQ_928879,TACGAGTACGTAATAAAATCGTTTGGTCTCTTTGCTGATTTGCGGCGGAGGAAGGGAGCAAACGAAGTATTTATACGATTTAGACGCGTAACATTGGGTCCGAGATAACACACTCGCTAAGTGACTGATGGTTTTGGCTCAGGCACTAAAAATCCTGGCTAGGTAAAAGGCCAGATGAGGGCGTTGCTCGGTGACTCTGGGTCTAGTGCTGTCATAGACGAAATGTTTTTATTTTTCAGACGTGCACCCAAGCGGTTCGCGGGGATTATGTGGTTTTGAGTCACCGATCTCAGATTCCGTTGCTATCCGCTAGGCTCCGTACCGGATAGCCACACTCGACGGACGCTGGTACTGATATAAAGAAAGATGAACCTGCTCTTAGCATTTCCCCCGAACCGGTCTTCTGCGCCAAATCTATGAGTTCATACTGCTTACCTCAGAGGTTAGTTAGCTGGCCCCTCGTACGTCTCGCTTCGCGACAGTTCAATGTAAAGGTCACCGCGCTGTACCATATGATTCGGATACACCTGCCAAAGTTAGGTTCCCACGCGCGATCAACGTCATCCGCGGTAAATTTGCTGCGGATAATAGATAGACGCAAACCTGTACGCATCGCCTTCAACGAACCCCCACTGAAAACAATTTATCCTCGTGATAGGGGTCATCAAACTGAAACCCACCAACTCCTCCGGCGAAGGCCTTATCGTCAGTTATAGGCGGGTTCAGCCTTGCAACTTATTGTCTCTCGATACTAATTGCAGCTCTGGACAGGCTTAGGGCTTTGATTTAGCGTATGTTCGAAGACCTCCTAAGTCACAAATCGAGGCATGCGAAGACACCGATAACAAATGACTCACGCGCTAGTTTACTATTTTGCGGACTAGTGGCCTCCTCGCTCCGAAAAAGTGAGGAACAATGCACCGGGTTTGAGGCATCTACTGATTCACGACGTGCTGAACTAGCGAAGTGATGTGAGGCGTAAACGTCACGGATTAGGTTTTTAACTTGATATTCCGCCCAGCTCATGAGAGATCGTGATCGAGCAGGACAAGGACAAGCGGGAGACGCTAAGAGTCAGCGGAATATCGTACGAAACGCGCGTTGGCGCGTATCGAACTCGGATATTAGATAAGTGGAATACAAGTGCTCCCAATTAGGTAAACAGCTGTCAGGCGGGCTAGCTTACAGGTCTCGAAGGGCATACAGGACAGCCAGCAAGGGGAGGGGTGTTGATTCGACCGCTGTCCGCTGGTTCTTTTTCGTGAGCGAAAGCGAGGCATAGGTTTATATTTAACGGATGTATGATAGCGAGAGGATGATCATCCCGTGTTTTATTGCCGACAATTCGGTTAATTCGTAATAAGGCATGAGTCCGCATAGTCTGCGAGGCTCGTATGCGTACCAGCCTATTAAGAAATGGAACACCGGTATCCTTATTCGTATGGTCAGGTGCCTACCAACCCAACCCTACAAGCCCACGATATAGCATAGCAGACCGAATGTTTTAACGACGAGACAGTTCGTACATCTGATGCGAAAGTACAGATCCATATCTGGAATAGCATAATTGTCGGGTTACTACTAATGCCCGTGCGGGACGATTCTTTCCCTTCATCCTGCCGGTCAGTAGCCGGTTAACGTTATCCGGATCCGCCAAAGGTCCGCCAGGTGTAGGTTCCCTCAGTCCTAGCGAATCGCTGCCTGCCCTCCGCTGAGAAGATTCGATGTAACCATAGATATGCCACCACGGCTCAGTAGGATGCGGCACACTTACTGTTACTGATATAGCAGCCGTGTCTCCCAACACATAAGCGTTTGAGTAACTCGAGTCCGGCTACTCCTCCGTTTTATACGTGAGGACGTCCAGTCGAGCAGAAGAAACTGAGTATCGGCCCGGGAAGGGTCAGGACTAGAGTA,1917,49.45,Mus musculus
SEQ_799977,TCACATCCTCGGGTTTGCTAAGTCAAGCACCCTATCTATAGTGCGACTTCGTAGGAAAAGACCCACCACATCCCACTCAAGGCAAGGGGGGCCCGACGCAATAAACCCAAGATTGGCCGAAATGAATGATACTTGGAATATTGAATAGGATATACAATTGAGTCAGGATATAACCACTCGCGTCCACAGGGCATTACGGAAACGTACCCGAGCCAATTAAGTCTCTAGGTTAGGCTTTCGCTCCTGAGCCTATGTGGCTCTTGAACGCAAAGTTTCTTGTGATGTAAACACGTCGAATACTGAAGGCGGTTTGGGACTCTAAATAGGCGCTGGCGTGCACCGGGGGCTTTCTACTGGGCCACCGCCGTGATCCTATTTGTTAAGGCAATGTGAGATTTCGTATCCATCGTAAAGCTCCGCAAGATCTTTCTTTTGCCTCGTGTGCACGACATCTCAAAAAGTACACGTATGGGTCTAGCATATACGAATTTGTGGGAGGGGATAACTTCCCACATTATGAACAGGGGAGAGTAAATACCCCACAAAAGCCAGGTCGCTCTGGTGATGCATGGCCATTCCCCCGTGTTGTGG,591,48.73,Arabidopsis thaliana
SEQ_425378,GGTAGCGGGCTTAACGCCTCTAGTGTAAGGTCTACTACCTAACAAGTCAATGCCGCAGTTTGGATATTGTACCGAAGGCTCTCAAGTGAAGCCCCAGGAAGGACTGGATTGCCTCGTTGACAGCGTTCTGTTCTAGTTGAATGTATTCGCAAACTAGTTCTGCTGAATGCGGTACACTTGCTGGCCCATTCACTCGATTAGCCCGCGTGTTTGGTCCTGCGCAGTCAATCTCATTGACTGACTACTTCATCCGTTTAGACTCCTCTTGGCACGGTTCACCTTACCAATGTAGCCGCTGAGCTGCGTGGTAGTATCTTGGCACTCAGGAGCCAGGATTCTAGGGAGTCACATCCTAGGACGGTGCACG,367,51.23,Caenorhabditis elegans
SEQ_897518,ATATTATCGCGCACTTATTTATTTGTCAAGACACTAGTATAATCTGCTTGGTATCGTTGACTGGCATAAGTGTATCGCATAATGGCCCGACTTTCTGATTCTGGGTGGTAAACGGCTCCACCTGGGTACGTCGAATGACTTATGGTCTAGCCACGTGAACGTAG,164,44.51,Saccharomyces cerevisiae
SEQ_271962,AATAGGGGTAATCAGAAGTATACAGCGCACTTCCTGGCGGTTGGCGATGGGCCCCCCACCGTGGTGCCCAGTTGCCCGGTCGAACTATGTCAATTATCCATTACCGGGCCCGATGAGACTGGTGGCGGCGATACTGTGGTAAACTCACCGCGATTAGCATAGGCTTACTTATCATTCTGGACCAATGAACTTCGGTGGGGGCTCGACTTTGTCCACTATTATTAACTGGGTTCTCATACCATGCGGCTATACACTCTTCTCGTTGAGTTGCCCAGTAATTTGACAACTTTCCCATCTCTCTTTAGTTTCATCGCCTCAAATTTTTGTAGGGTTCCAGGGATCAGAGTTTGTACTCATCCAGCATCTTAGAGTCCGGTTCATGATATATGCGGACAGACTCTAGTGAATCGCGAAAACGTAGCCTTCTTCACAGGACCTTTTCGTCAAGACCTAACAAACCTATTTGCCCCACTATGTGACGGGTCTTTGGCTTGGTCGATTTCAGCTATCATACATGCTGAGGTCAGCCCGCACAGCGGTTGGGCTCATAGCTCGTCAGGGGCACTGGTTTTCTTAGCCCCGCACTCTCGACCACGACACCGCAAACGGTTTAGACGAGATGGCGCGGATGCGAAGAACGCAAAGTCCCGGGAGACTTGGCACGCGGATGCCTAAGCATACGATTTGCTAAAGATCAGCACATTATAGTACCACGCATCAGGGATGCAAGCCAGCTTAGATGGTCTACGTCTGCATCTCATGGATCCCTGGTGCGGGACTCATATTTTATCTATAAGACAGCATAGGGACATATCACGCACCCTCCTCCTTCTACGTAATCGTGCACTGTCACGTCAAGACAGGAGGCTTTCGAGATGGTCACGAGATCGACCCGACAAGTAAAGTCGCCACTCTTAATTGACCTGGGGATTCCGCATTAGAACTAAGATGGTCGGGTTGTAGAAGCTGTAGGTAGAGACCAAGCGCAGGTGTTCGCTGTAACATGACGACCAGCTCCTTTCCTAAATAGCTAGGCTCTTAGTCGGACGTTGGAGTGAGAACGACGGGCCGTAGGATCGAGCCTTAGCCACGCTTTCCAATACTCGGGCCCCCATATGAAGATTCCTTGGCCACAGTTGGTATATGACTGCGAAGAAAAAAAACTTAAGGGATAAACAGCTGTGTACTCAGTAAAGACTTCGGGGGTATTTCATTATTTGTTTGTACCACGATAAGTCTCCTGCCAAACCGCGGCATTGACTCTATTGCAGGGACGCGTATGCGCACGTGCCGTGGCATGTTTACCTGTCTCTGGTAGCGTGACCCCAGACTTGCGCGCGCGTGGATGGGAGTTCCTGTCTAGTGACATGGTTAGGGGAGGGTTGTCACATGAGCAAAGCGGACGACTTTGGAGAGTGCTGTTCCCTTGGTTACTGGCGCTGAACCAGTGAATCGCCCTCCCCCATGGATTATTTTGGTGCTTGAACGAGACCTAACAGCGGCAAGAGCCGAGTTCGTTCACAAGCTAGAGACCACTGCCTATGACTGGCAGATCCTGGCAAAATCATCCTGCAGCATTTGACTTCGGCAACTACTAAGCTTATTGAACGTGCTCGGGATGGACTAGAGTAGTCCCACTTCTACAATCCTATAGCGCCATCTCAAGCCGCTCGGCCATCGGATCAAATGCCTTGAATAAATCGTCTGCATGGGAAGGATGCTATTAACGCCATGTATGACAATGGTTATCCAACTGTTGGAAGCCAGTTTTCGGTCGCTTAGACTCAATGATGCCTGTACGAGAAACCAACAGATAATGGAGTGCAATCCACATTCTTCGTAAAATGTCG,1850,50.05,Escherichia coli
SEQ_874821,TACATAATGGTATGAGTTAAAAGGGCGGACGAAGCCCGACAGTTATGCCAACCCAACGAAATCGGCTTGCTCCGCAATAGTCCGTGAGTGAGAGTATCCATTACTACTGCCCTTGCGTATCGAGCCTCAGCTAATGGTTACTTCATTGTTCTGCATGGCACACGTCCCCTTACTCCCCCTGGCTCCTGCACGAACACATAGTCATAGGGACGCGCGTCGGTTAGACTACTAGTTGAATGTCAAAAGCAGAACTTTGACGTACTCACAGGTGGCTCGCGTGTACTTGTCGTATACAGAGAGGCCCCCACGGGCGTAAGACGATAGAGTAGCATCTACTTTGATCTATTCCAAATCCAGCTTGAGGCATTGTGCCAGTTTATTGTGGTCCTAGCGCTTCTGCTCTTGGAACATGTGCTGAGCTTCACCCCAGCAAATTCGAGAGAAGAGACGAGACGACGTCCTGAAACATAGGGGGTTTTGCTTCATAATCAGTTGTTGCACGTGACTCAGTTCGCAGATAAGCTCTCCTAGTGGTTACCAAAGCCGCCCAGGGTTACAGCAACCCCATCCATAGGCGGGGGCGCTGCGCTCGTTCCACACCAGCTTAGACCGCGGAGGCCTCAAAATTCCATATTGAATATCAACTTCCTTCCGGCGTCCGGCCCAATAAACGATATGCCCCTTCCTGCACTACAGAATTCATTCGCCGGTGAGGACCCGGCCCATACTCCAACCTCGTTTCCGCACAGCAAACATGAGCTGTGGAGGGCGCTCGCGTCTGCGCCACACCCGTGTGTTACTGGTTTGTTACGTCAGGATAGTACTGTGGTATTTCCCTTGGCCCCATAACAATGAACGGTAGAAGGTTCGCGGGTTCATCCTGGACCCACTCCCGTGTGCGCCCCCCGTGTCATAGCTTTGTCGCGCACCTTATAAGGGTTTGTATCACTGGACCGCAGGCAGCTGTGCCTAAGCTAACCACATGATTTAGGCTTAGAGCCGCGAGGATTCATAATGCTGGGGTGATCATGTTGCACCGCGCGCCACCTCCATAGTGTAGAATGATCCACCACCGGTGTCGT,1082,52.68,Mus musculus
SEQ_246299,ACAATGTAACAACTGGTCCCTCACGCTCGTGATGCACAGCACTTAGAGAACACTTGGAGGTGTAGAACAAGTGACAGTTTTAGGAGGTGTCAAAATACTTGTTTACTTGAGAGAATTCACATGACGTCCATGAGTGATCCATTGAGCTATAACTGGCCGCCGGTCCCCGCGCTGGCGACGTGAGAAGAATAGCGATAGTGGCTAGGCCTTCCTGAACCACCTACTTTGAGACTGGTCTAAGAGTTTCCAGGGTGCACCGATTCGGTGTGGCCACCGCCCCTGACTACGTCAGCAGTCATAGAGTATCTACGGGGATTGAATGATCTGGTTATAATCCGCCGAGTAAAGGAGCTTAAGCAAGATAGCAAGAATCTAGGTGGATACGTACCCGGCTGCCTATCTGATCATTTGGCGAGGTAAGTTTACAACTCAGTAGTGGAATTTAACTACAGCATAAGTCCCCAGGTACCTTCTCGACATCTCCCGATTTATGAACCCAGTTATAACTTTGAGATTGGCTATATGCCGTCAACGCGGGCGCTAAGGATCTATGCCCCATTCGGGCCCCCCAAATCTTCAATCCCCCAAGCGTTTAGCCTGTCGAGCACTGTTTATGTCTAAATGGAAGGATAGCCGAACGGGCTTCAGCCGAGGGATCGTTGGGTTGTGTTGTACTGGCCTAATACAATCGACACGACTATGAAGATAATGTATGACAATAACTCAAGGAGTCCGTTCAAAGGACGTACCTAACAGGTCAGGATGTGCGGCGGGAGTCTATTGATTGATTGTCTTAGATACGAGTAGAGCGAAACAACGGCGGCAGTTAACAAGCGCCTTATACTTTCACAGAAGCTCAATAGTGCAGGCTCGTTCACAACGTGGGAGCTCTGTTACGGTAAACCGAGCCTTCGTCGCCAAAATGCCTGCCCTAGAAGGTGAGGGAAAGGTTTCCAGCTCCTCGCCCTTGTATAGGTGGACGCCTTTCGAACATCGTCAGTTTGGGGTTGGCGCGAGTAGTATATGAGTGAAATACAATCGGGAGAACTTAATAAACGGCGGCAGTGCCAAAAAGCGCAACCGTCGCTTCTCCATACAGGGGGGAACATATCAGTTGTCCCCTGTTTCTCAAGTGATTCTCCAGATATTGGCCTCCACGACATTTCCG,1168,49.06,Caenorhabditis elegans
SEQ_952751,GACTACGTAGGCTACGCAGCGCGCCCACTGCCGTACCGTACGTGTGCTGGTACGTTCCACAAGACTATATGCAACCCCCACCCGCACAAAATAGCTCTTCCGAGCATGGAAGGTTACTTGAGTTACACACACAGGCGCGCCGCAAACTACTGCCCCCCAAAATGAGCACCCATCGGTAATCTATTCGCAGGCCGACCTCGCCTCATGCTAAGCGCATGACTCAGTAGATAGTTC,234,55.13,Mus musculus
SEQ_544136,ACTCATGACGGCGGTTTTACGGCAAATCTAACAATTATGCCTCTTGCCCGTATGATATTCCGTCAGCAGCATATCAAGGAGGCCATCGTAGTCGTAGAGCATGAACGAAGGGGGATATCGTAGCCCAGGGCACTAGCCTCTCGAGGTTGGACAGAAACCCGATACGATCTCACTTGCTCCAGAAAGGACACCTCAGCACAACCGAAGGGC,210,51.9,Drosophila melanogaster
SEQ_646221,CACCTCCGCTGTATTTAGGCTCTTGGCAGATGTCATCAGGCTGCCAAGACTTCGAGGATCTAAGAAGGTAAAGGGGGCGAGTGACACAGACGCGCAACAAATACAGGCTTTTCTCTCGCAAGCGGGAAACTATAGTTAGTGTACCACCTGATCAGGTAGTCCCTCTAATACGTATCTGTCTCGCCCGGTACAAAGCCGAGCTAGTCACATCCTTTAATACCTTCAGGCCTTCTTTGGCTGCGATGACCACTCTTCCGGCAGTGACACCCGTGTGCCTCCCCGAACGCGGTTTTAACCGCAACGGGTGCTAGCGGGCACGACCTGCGTGGGGTGCCGAGTTTGAAACGTTACCCCTATAGGCAAAACTCCGGCTGATTACAAAGTCGCACTCTCAGACGCATACTGTGGCGAGTTACAATCCCGACGACCCTAGTCAGGTTAGCCGTATCCTTTACCCTTTTCGTATCTAAGGATACGTGTATACCGTGTTATTCCAAGCCTGGTAAATGCATGAGCCATAAGAACTTCCTTTCGTACTCTTGCATGGCATGAGCCAATCATGAAATACGGCATGGAGGGACACCAGGAAGCAGTACAGGGGTTGGGCTGCCGCTAACCTTCACGAGGGGTCTTCGGTTAAGGAATAACGCTACACTACCACTGACTGGACGACTGCCTACGATGTAAGCGAAAAAGATTTGCCCCCGTGGTCTTCGAACCAGTTGTAAAGGCGATTGTAAACCGTGCACTCAACTGGGGAACACGGGAAGGATACTCACGATGTTTGATTTTGATGGCCACGCACAAGTCTTAGAAACGGTTTCGGGATGAATCTCACGTAGGGTTAGTCTAAGCTGTGATGCCATCTTAACCACACGGTTTTGTTATACCCACGTCAACTATACGTACCGCTAACCCAGATTCAGAAATCCCCATCGGTCAGGAATAATACGTCCGGCGAGGCCTCCTAATATTGAGTTCCCTGCGAACTACGAGCGAATATTTCCGCTTCCCCGGGCAGAGCCATATTACTCATACTTGTTCATCCCCTAGAGCGGTTTCCTTAGTTCCCCGATAACCGAGTTGACTTCGGAACCCCATAAACTAATTACAGTTCGCAGTGGAATATGAGACGTCCGCCACCTGTGACACGAACAAGTCATACATTATACCAAGTGAGATCGCCACTAGGGTACCCGGTGGCGGAAGGAAATCGTTCCTCGTCACAGTTAATCGATGGGGCAATCTATAATGTTGTTCTGGGCGGGCTAATACGGACATCCCGTTGTTCGGAGATCGCTGAATGCATTCACAATTCCATCGCCTAATTTCCGAGGCCCAACATCAACAGGTAACAGGACCATTAGATGCTCATTAAGAAGGCGTTCCATATGAATTCCAGGTCCCGAAGCATCGCAAACCGTATTCGACCCAGGCGAACTGGCATGGTTCTATTGGAACCTTCAGTAATAGTATAAGGGATTCATTAAGAGTCCCGCTCCGGCCTAAATTTAGGACGGCAGGCCGTTCTATCCGGAGTCTGTGCAATCGGCGTTGTGTATAATTACATGGTACCGGTGGATCCACCTATAAGTCCGCCTCTATAACAGTGGGGTAATAAGTCAAATCTGACTAGCGGGCTCATAAAATTGGATGTATATGTGTATGAGTAGGGTAGTGAAAACCGTTTGTGTGAATACAGACGAATATTAATAGGCTCATGCACCTTAAAGGGGTAGAACCCATGTTACGACAAGAATACACAGCAAAGTTCAACCTCTGAGCCGGACTCCTAAATGCGTTGCGTAGCCTGGATCGGTAGGTTCCCTCGCCGACCTGTGTTTATCCTGGCTGCGACGTCAGCACGACCACACACATGACTTTCTGGGTATAGCCCACGAAAGGTCCATTATCTTCGCCGCTTTTAGCCTAAACCAGCATCTTGGTCGCGTGGCCTCACGTGACTATGAT,1971,49.42,Mus musculus
SEQ_619335,TTCGCGCACAGTGTGTTACATGGGTTCTAGCCCACATAAGTATACTCCTCTCTGCGCTACCTGACAACTTCGGTGCGCAATTATGTCTTACACCAAGGATGTGGATCATCGGGTGGTAGAAAAGGTGGTTATTGTGGCGCACCGGTCTGTGAGCGCAAGTCGACTCTTCCCCTTCCTAGCGGAATCTTCCCCCCCAAGGCCGGATCCTACACATCTGGTTCTTCCGATCACTACGATGCGTAATTGTACGGTAGCTCCCGAACGAATCGTTGAGCGAAAGACTTCTATACTACGCTATCTCAGGAGATCTCCCCGATCATAGTCTGCGGAGTCGTATACTCTGACCAAGCAAGTACAGACTCCCTGTCCTTGGGGTCGATCCATGATTATGGAATCACTCGAACCACCCGCTGATTACAAGACCGCTAGCCCTACCCCCAAAGAGTATTGCAGGGTACGGAGTGTTGTTCCTGGACTCTGCTAACTCAAACAGTATACTAGTTTACCAACGAGGTATAAGACTTGATGTGTGGGGTCTGGAAGGGTTGATTTGTCCTGTATTTGTAGCACCCTATAGCAAATGTCGTGGACCATAGGGAAAGTCATTGCCCATGGAGTGCGCGGCAGATCCGCGATTAGCGAAACTCGGCATTCGTCGTCCGGTCTTGGGATGGCATCCCGGAGCCGCACTTCACCCCTCTCTGTTTAGAAAAGCAACCGTTTGAGGTTGCAATGGATGCTAGCTTAACACCGGACCGGCGGATAGGACGTTTACCAGCGCTAGAGACAGTGAAATAAGCCAGTCATTACTCGCTAACGAGCGTTTCGGACCATCTGCGTGGTGTCGCGTACATATACCATGTGGACTTTGCCTTGGATTTACTATCGATGTGGACGAGCCGGCTAAACATCGTCGATATGACATTATCTAATGTGTACCGCGTTCGGCTATGTGTAGGCCCAACCGCGCTTACTTTACCTTAGGGATTCCTGCCCCGATATCGCCGGAGTGTCCCACTAAGCATCAAGCAAGCAGGGTCCGAGTCTCTCCTAAAGTGTCCTTTATAAGTATCTGCCATCGTCTACTTTCTCTGTGGGCTGCGGTTTGTTCCCGCCGCCTATAATTACGGACTCGCGTACTAGCAAGGACCCCAAAAAATGCCCATCAAGAGACGAGCCGTTATCACTAGCGTGAAATTTTAATGGTCCAGGTACTGATTAAAGACTTAAGTACAAAAAAATCTTCCAGGTTGGCTCGTCAGAATGCATGTATCGCATGTCTACTTGCTGGGAATCAGAACCACAACCCCAATGAGGTAGCATCTTGACTGGCCCATGTCCGTTACCACACGATTCAAGTAAACCCCATAATTCCTCTATGTCGATCTCGCGAAATCTGAGCCCAAGAGGAATAAGAGCTACGTTCAGATACAATCCAGGATCGGTGCAAAAGGGCGGAGATATGATCAATACCTGATAATTTCGCTGCTATTTTCTGCCGCACTGTGATCGTCGGCTCTTAGCAGTG,1528,49.61,Arabidopsis thaliana
SEQ_441248,CCTCCGGTGCCACCGTTTGGGTCGAAGAATCTCCATCCTACGAGCAATGGTCGATCGTTCAATTAGATAGCTTGGTAGCGGTACGTACTCTAATCCACTGTTCATCGATACGGCTCCTTTTTGGGTAATATTAACGCTTAGGAAGGACATCTGTGTTTCCAACACAGGTTTCTCATAGCGCGCAGCCAGGGAAGGATAGGACGTTATCAAGTGCGCTTACGAGGGATTCAAACTTATGCGGCAAGCTGATATTGTAACTGGTATAGTGATGATAATAGGTGGCGTCTAGTAAGACTGCGTCCAACGAACAGATTCCCTTTGCCCGGCTGGATCAGATCTCTCAAATTGGTCTGAATAAGACCACTGACATGTAAGAGGTCCGCAGTGAGCCCCTGAGTCGCCTTGGGTGCCCTAGGTCAGGCCCCCCGCTTCTACAAGGCCGTGAATGCTCGCGATGCATGAAATGGATTTTGTTGGTGATATAAAGGCATCCATAATCTGCAAATGGCTTGAACACTAAGTAGATGCTGCCATCAGCATTCCCCGGACTGTACGTGTATCAATCCAAGGATCCGGCACAATAATATCTGGAGGTTCACCCAAATGAAGTGGAGACGCCCCGCCCTACACAGTGCATAGATTGGATTCCAGTTGCGCCCTATCGAACTGGACGGTGGTATTCTAACAACATATTAATGGGATTACGTGTACCCCGGATTCTTTCTGCCGGTCAATCTTGTAGCGAAGGCCATTTTGTCGCCGTTGATTTGCGGCTGGATGGTAGTGATACACGCCCTTCTTAGGGATGCGTTGTAAGAGAGTCGTAGATAAATTTGGACCAATGCTCAGAAAGCTAATATTTAAGTCATAATATTTTCGTATCGCCTCGCATTTATGTCCCAGGCTTAGAGTGCAAAAGTACTCTACGAAGTTCTTCCGCTAGTGAGGCGAAGGAGGCATAATAGCCCCGGGACTGTCAGGGCTATCCGCACGTATATCAGAAAGGGAGATAGGGTGCAAGACACACGTTTTACGTAATTTTGGTACATGGCATATACTATTCTCGAACATTGGAGGGCACACGCACCTGCGGTCGCGAAATGGCAACTCGATAGTGCTTACTAGGAGAGCGCAAATGCTAACATACTCATCCGAAGTTCAATCGCGCGAGATACTCTGTAGGTTACAAATTAAACTAGTTGGCGGTCGAAAAATCGGGTTCTAACGGTTTGGCTTCCGGATCACGTTATGCGACATGGCCTAAGTATATACCGAAAGATAGTAATGGTTCGTAAGTAGCCAGTTCACCTACACACGAGGCTATAACTAACAGAGAATCCCGCATTGGAATTACAGCTCCCAGTGGAAGGGCAAAAGGGTGTAGACATTCCTACGGCCTTTATCTCTTCCTGGATAACAACTATAGGCGCTTCCCATTGGGGTCGTAGAAGTGGGATGATTTGCCAGCCCCCTGGCAAAGAATGCGAGACCATTGAGACTTCCCGACGCCGGCCGGCTTCTTCCATCCAATTAAACGTGCGGGTCTAAGGTCCCGGATAGAATGCTGCGGCTCCATACAGATACAAGTTTGTCAACCAGGTTTTTGAATCCAGAGCACGGACCCGCATGACAGTATAATCGGACATAGCCTGATCATTTGTCATGGACGCCTTTTTGTTCTAAACCGCGTATAAGTAAATGGCAAACTTTGTAAGTTCGTGCGTATCATCGTGGAAGACTTGTTGTTATCAGCGGCCTCCTTCCGCAACCCATTTCGATCAGATTGCCTCCAATGTAGGTGGTGACATTGTTTAAGAAAGTTTTGAAGCACGGAGGAATAAATATCATGTTCTAGAAGTCTTGGGCCTTTGAACCAGAGTTAACCGACCG,1890,47.51,Caenorhabditis elegans
SEQ_990988,CCGGGGTTCGATTCATCCAATGAGAGGCGGTGACGAACTAAATTCAGACGGTTTCACACACTCATCTGGGGGATATAAGTGGGAGCCCAAAACCCCTAGTCCTACTGATGTATAGAAAACAGGCCTGCTATCTTACTAATACCACTGTCTACATACTCTGAGCGTGATGCGGGATAGAGCACCTTTTACTCCCTGGGGCTGGGAGATAAGCCGTCATAGCATAGGCTAGACGCCTACAGGAAATTCCATAGCGTCACTTATGTCACGCCCGTCGGCTGAGCCGGGATCTAACAATCGAAAACAGATTTTGGCCGACACACTACGACGCGGGAAGCACGAAATTGGGCTTTTACCCTGAGCAGTCCCATGCACGAACGAACCCCGTTCAGTGCAAATTTAACTGTTCCTGCGCATCACGGGAGCCAACAGGTCCGACTTCCCCCTATCCGGCTCTCTGTACTTCACGGGTGAAGCTGCATCGCCGGTGGCCAGTGCAGTCTGTGGTTCCTGCTTTCGAGTGTTTCCAGAGAGGGTAACCGCGTTGCGGTACCGCTTATATAATCGACCCTCCCGCTCCGTGTATAAGACGGGATCTTTATTTTTAATTTGCTTTGTTCGTAAGCATCACAAACACGCAACGAGGCATCCAGCGTACTAAATGGACACCTCTCCAGGCATTAGCGGCCGACTACTAAACGATCGCATGTTACAGTATAATTACGTCGAACCAATTAACAGAAAATATCTATAAATACCACTCGAGCTACTAAAGAGAACACCGGCCATTAACACGTGCCGTCCCTCTGCCTGTTAATAAGCGAAACCATTCCCTCTTGGCTTCATGTTTTATAAAAACGTACCCAAAATGTAGTGGAACTCCACCTCAGGACCAAGAGTTTAAAACCTTTTTCGATAGGACGGATGGGAGGCTTTGCGATGTCTCCACGGGAAAGGTGGACGAGTTGCTTCATAGGCTAACACGTCGACCGAAGGAGCCCATGAATTAAAAGGAGGGGTGCATGATTCATTTTAGTTAAACCCGACGCATTGTCCTATGTACAGAAACCGGGCAACCGTTGCTGTGAGTAGTATAATACTTCTTGGGGAGCGCAAGGTCCTGTAAACGCTGGCTATGAGACCCCAAGTAGCCAGTACTAAATATTCAAAAGCTCAACCAACACATTACCGAGAAGTAGGTTTTGCTTCAACATGGATATTAGGGATCTGGCTATCCTGTGATGTCCCCCCTCGATTTTTCTTGGGGAACCTACAAGGTTCGCCAAGAAGACGACTGGCGGAGAAATGCGATCGATAAGATGCTGAGATTAGGGAAT,1334,48.5,Escherichia coli
SEQ_643017,AGGCACCCGGCCTCTGAGATTATCACCACCGACACAGTAATGAGATAAACCCGCCTGGAGTCGAAGCTAATGGAGAAGTGCGGGGACGTCCAGAGGCAGGTCCCAGTTCGGCTGTCAGGCCGAAAAGTGTTAATTATCCCTGGGCCTGCGGTTTAGTTAGATGCTGTGCATCTACTCAATAGTTGTAGGTTCCCGTCGCTGTCCGCCAAGGCCCAGTCCGAGTTACTAAGTGGGCTAAAAATAACACACAGAAATGCCCGTCTGAAACCAAAAGCCATTAGATATACATCATCAACTCTGCGGAGACACATTAAAGTAAAACCCGAAGGGTCGGGTGAAACATTCGCACGTTTGATGCCTAGTTGGCCACTCACAATACCTCTTATGGCGGCGGTTACGCTAGTAAACGCATTACGGGGTAGCAACATATTGAGGGTGCACAGCTGTTGTCAGTGAAACTGATTCTTCAGCACATTCTTAAAGGCAATAAAATTGCAGATTAAGAACACCCAAAATTCCTACCACCCAGAGGTGCTGATTACACCACCCCTACTCGTAACAAAATTCTCAGGGAGTAGTAGGGCCTCATACTGACGGTTAATACGTGGATTCTGCTAACTACTACTCATGTCAGCCTATAATTGACGATTCGATTAAGTACGCGAGCACGATCCTCGTATTCGTAAGATAACGGCTCGGACTAAACGAGGGAATGGAACACCGGTTTATGAGCATTTTTGAAAATGGTTTCAGCTCGAATAACACGACATTTGCTCACGTATATCGGCGTCGATTGTATTCAATCCTATAAAAACGGGCTAGGGAAGAGCCTGCCGGCAAAAATCCATCATTTCTTACAAATTCCTCAGAGTAATAAAATTTGACTTCTCGAGTCTCCCCTTTCAAGACGCCTGGCCATAGTAATCTACTTGAGCAGTGGTCATAAGTTGCCTTTAGCTACTAGTCTTGTCCATAATAGGGTCGTCAACCAGCCAGGCACTAGCATTATATGCGTTTTCTTCCACCCACCGCGACGTTCTTAAGCCCTGGAATCCGGTGGACATCTAGAGAAATGTCGTATTATTGTCGTTTTCTGTATAGTGCGCAGACTGTATCACATTCACTGTGAAGTAGTTGGTTTGGTAGGCACTGATCCCGCAGCCAATGGTAAGGAGAAGCCTTCTCTATCCGAGCGAAGGTTGCCTGTAGGCTGGGAATAGTACAAACGATGCTATCCCAACAGGCATCGGTAGGTGGAAGAAAACGAAGCCTCCGGTGTTAGCCATAAGCAAGGGCAGTATATACACGGCAGTGATCTTGTAACCGTCTGGACGTGCGTATAGCGGCCCGGCCGCGAGTAGGGATACACGGAAGTACGTCGCAGTATTTGAACGGTTCCCGG,1402,47.57,Drosophila melanogaster
SEQ_366812,GTTAGGCTTTAAGCACTCTACCCTACACCTGCCAAAGGTGTGAGGTGGATCACTCAGGCGCTGTCCCTAATGCCAAAACGTGGGTGGTGGGGTGCGGTGCCTACATACGAAGGCACACCCTTCGGTGCTGATGGTCTTACAGCGCGCTAGACTCCGGGCATGACTAGTTCCACTACGTTCTGTGTTCACTTCAGCGTTATAAGCAACGACCCCATTCGCTCGCGGCTATAACACAGGCGGTTAGAATGGTCCAATCTGAAAGTGATTTCGGCACGGGTCCCAGAACCAAGACGGGGAAACGCGCAGCGGATTACGAGTCGATTTGGTTCCTGGACTCGTAATTGACAGCGCTGATGAAATGCAGATGACACCCGTCATGTAAAAGTTCCCACTTAACTGATCCTCCTTTACATTGACACCCACTAGAGGTGTTGAGTTGGGAAAATGCTCCGGCCGCTCGTTCAGTTCGTAAACACAAGCTAAACGCGCAATCGAGGTCCTCAACTAAAACCTCTGTCCGCATAGATCAGCGCGGAGCGGTATTGGACACCCTAAGGCGGTCCAATGTTCGGGAATACAGCTCTCAATCCAAGAACGAGGCCTTTAACTCAGGTCGCGAGTTTATAAGGCGCAATGCCTGAAATGGCTCAGTTCAACAAGGGATAATCTGGGGGGACACTGTGAGTCGTACTTTGATTGTGGAAAATGTCAAAAACCATTTGTCTCTGCCTTGGTCCGACGCAGGAAAGGGAATCCTACCGAAACCGTAATATCCGGCGCGGCGTGCAAGAGGCGACGTGTGTAGGTGAATACCGCCAGTGGTAGGAGACACGACAGTACGGGAGCCACTACTCTAAAGTGGTGGAACTTAGGGACAATCTAGACCCCGAAAGAGGGCACCTGGTACGGAAAGTTCCTACCGTGACGTTCTTTAGCGTGCATTTCGCCTCCCACTCGACTGTGCGACTGACGGGTCATTAGGAGTTTTAAGTGAACCCATTTCCCGGCAGTACAGCCGGCTGGGGTAATAGACGAAGCATAGAGGGACAGCGATTCTGAAGCTACTAAATCGATCGTGGAACTTTCTAGGACGGAGCCCAACAAATAACCGACTCTATTGCTCGATGCAACGGGTAACGAAACGGTCGCAATATGTTCACGGATGCTGGTCACGAAGCTACAAATCTTCCCAACGCACTAACATCCCTGTGGTGTATACTACTGAACAACCCGAGTGGGGGAGCCACAAATGTAATAAATGGGGGAGGTGTGCAAACACGCGGGGAATCCAACTCCACGCTCCGTTGGGGCTATGCGCTGAACGCAAAGGGCGACACACAAAGCTAGGCGATAAAGTGGGTGGTAGTTCTCATTCTGCGGGTATGAATACGCAGTATACATAGAAGGACCGGGATTCAACACATGATATTCGTGATGGGCTCCACCTACGAATTCATTTTAAGTCCTACGTGACCATTACGGGCAGCTCGAGTATATTC,1499,51.23,Homo sapiens
SEQ_448574,GATGTCGTGTCAGGTCCTCCATCTTGTTAGGGGGTTTGGACTCGGTAGGAATGGTAGACTAGAGCTTTGTCCACTTCGTGGACCTTCGGATCCGGTATGGCTCGCGTAGTTTTAGAGTTGGCGGTTGGGATTAATGTAATGCCACGTTGCGTTATGCGACTGTCAAGTCTGACTACTGTTAGACTGAAGGAATGGCCCCGGGAAGAAGCCCACTACGAATACTCGGCGGGACGTAAACCCTAAGGTATCGATTTACCCTAATTGGTCTGGGCCCTGCCATCAATTTGCTTCCTGAGATATACGGCCCTCAAACTGATAGAGGTATGGTAGTGCACCCAAACGACGGTTTCTACCACTGCGCAATTGCACAAACTTCTATTAACAGCATGCCGGGAGCAGTATATGCAGCTTCCGCATACGGTTCGTTTACACGGTATTCTGCACCGCGAGGTAGGCAGCTTTGGCCGGAAACATGCGAGGTCTTACTCCATCAACCTTAGAATAGTAACGTCGCTCAAGAACCCTTGGCCAACGATAGGAACAAGGCATGCCCGCTTAATCTACTTTAGTACGCCTACCGGAATTCGGACATGCCATACGGAATATACTCACGTTAGCTTCTTTCACGAGCAAGCTCCTTCCAGGCTTAACGTGGGTACCTGACCATTATCCTAGAGATTGACAACCATGGATGCTGCGGAATTGGCTTAGGACACCATATCCGAAACCTTGAGAGGACATTATTGCGCTTCGCGCCTAACGATACCCAGAGGGTACGGAGTAACCGTCACCAACAGTTATGCTGTCGTAGTGTCCTGATCGAGGGTAGGGCCTGCGGTCAACACGCCCAACCCCCTCTCCAGATTGAGGCCGCGACCCAACGAACGGGTTAAAGGTCTCCACGCGGTCGTAGGGAGTTGTGGGCCGAAGCCCATAATTGTTCTATGCTACCTCCGGACCCGGGCTCATGGGTGTAACCGCCCCGCCGATGCGTGTCCATGTCCCGGCAGAATCAGGCTCCGCTTTTTGGAACCTGGGACTCCATCACCGGCGGCGCACCCTTCCTGGTAGGAACAGCTGAATGGAACCTTGATTAAATCACTCCTCTCATCTCCCCAGCTTAGGGCTAACCCTTTGTTGGACTAGCGTGTCACGTCAAATTCGGTCGTTGGATGGGAGGGGATCAATTTTTTTGTCATCAGG,1203,52.29,Mus musculus
SEQ_117270,TCTAACGTTAATTCTTTAAGTTCTCCTGGTGGGTTACATTAATTGTAAAGCATCCGAGTCTTGGATTTTTCTAATTTTTGTCGGTGTACGCTTGAAGTTATCAAATGATTCAGCCGCACTCAGTGAAACTGACAACGCGGTAACTTCAACGTGATCGCGTATAGTCATTGACTAGCAGGTTTCAGCTACCGCGCCTGAACGCATCCTGGCCGGGCTTAGTGATGTAACGACGCAATTGTGATTAGAAGTGATCATTCATCTAAGCGTGGCTCGACTATCAAGATGTTCCCTGTACAGCTCATAACTCACCTTGTTTCCATCGTTTAGGACCCCGTAGAGTCCCGGTCACATCTGGTAACCAGTTCCGACAGACATGGGCGCCATTAACTATTAGCTACACTTACGACCCCGGGATGACCTGCTATTCATTTGTAGCCCTTGCAATACGGATCACGGTCCATTTGACATTTCCGTGCATAACATTCCTACCCGGCCCTACTCGTGAGCTATATCGGCCCGATGGGACCCTGGAGTTTCTGGACTAAGCATGAAGATGTTCCTAAAAGCCTTAATCC,575,46.61,Homo sapiens
SEQ_432050,GCCCAGGCTCAGTTTGCCCTAATTACTATCGCACGGTGCTATCCAAGTCAATAGATATCTCCTACCCCAGGCGTATTAGACAGGGCGCCAGAGAATTGTCGTATGCAACCATATGAGGGCTTCGAATGGCTACCACTTGGGATTGATCGCCTCATCCAAGTTCCCAGAAGTACTCCGACAGGCTGGGGGGGATCCGTCAGCACGGGACTGGGGCGCGGGAGCTGACGGTTCCTTATCTACTCATTTGGGGAGTGAACGCAGCAATGCGCTGGCTTGAATCAGTACATTTAGTTTTGCCAGCATCGTGGGAGGGGAATTGCGAGCTCGCAGATCATTTGGACCCTAACCATTACACTGTGTTAATCCGGTTCGCGGAAGCCGATGTATGCTGGTTCAACGTGATATAGTATATGTGCTGTTCAAACCAGCGTCCTGGTCTACGTGTATCATTTCTGTCCAATCTAGAAAACACTCGTAAGAATTTAAGGATCTATGAAGTCTATTCACAAACCTCCTACTTCTCTCACACGGGCGGCACGGCTTTGCTAGAATACTTCGAATGACTGTTTCGCGAGACCCTGCGCGTGATCCCCGTGGGAGGAGAGTGCGAACATACATAATGGGGGCGAATCTAGACGGGGTGCGCGATCGCCAGGCGGGTGATCATCCGCTGAGATAGGAGCGTTCTTTGTTGGTAACGGGGCACGCGCCGGTAAAGGGGAGATAATTGAATGTTGCTATCGGTCAGCAGTTTCGGTAAGTTTCAGACTAACAAAAAGAAAATTGGACAATTTTGGCAAGGGGTAAAGGCTGGAAGATTGACCGGGGACATCGACGGATACGAAGAAGGACGGATGAGGAGATAAGCGGCCGCTATATGAACTGATGAAGCATCACGTTATGATCACGGAACCCTCTTCCCGCCCCCACTCGAGTGCGGTCCTTCACGTGAAATATCGAAACTGTGGAGATAACGCCAGTATCCGGCGTTACTGCATATGACGTCGGGCGAACGGCCGTTACTTACCGCATAACACTCCTGACGGAGAATAGGGCGTACGTCAATCCTGCCCAGCTCGCTAGGGATTGAAGTTAGGGGCGACGTCGTTAGGGGGATCATGTGAGGGTCACGCCTTAGAGTACGATGAAGGTAGGGCGTCATGATAATGGCAGAGAGGAGTCACCAGCATACCGTTTAATTTACCGGTTCGTATAAGGGGAGCGATACTGGCCCTTACTGATACACCGTGATAACAGGTGGTGATATTCTAGTGTTGCATCAGAAAGACCCTAGGTCGTTAACCCAGTGGGGGTTGATCTGCCTGGCGCTTCGTTTGCGTGTATCTCACGACGCTTGTCTGGCGCTGGAAGCCCGGACCATGCTCC,1386,51.8,Homo sapiens
SEQ_503220,CGATGAGATCATGGAAGGAAGTAGCCAGTTGACGCATGGTTACCAAAATTGCAAACAACCTCGACTGGTATTTATGTTATGCATAAAACCCCCCGACACGAGACTTCGACTGTTTGACATTGAGCAACGGTCTCCCCTCTCCATCGCTCATATCACCTGTATCACGAACGTGCCCGATTGGAGCGGGGTTATGAACGCGTTTGGTTTTACACGAGACGCTAAGCGTTGCGAAATCAGCGCTCTTACTCACAATTTGACCTTTGTATCGGTTTGCATATCTGGTTGCGTTATACACCGCCTTAAGCCGATGTTACTAACGCGAGCGGTTAACGCGGGCGTGAAGGCCTTCATTAAGATTCAACTCCCGTGCATAAGTAACTTTGGTTAAGAGCTCTTATTAATATACTCTCCCGGGTTCTTCGAACAGGACGCCTGAGGCCACGGCATCTGTATGCAGCGCATCGATGGGGCTTTAGCGTATTTAGGAGGCACGCAACGTATCCGCACGTTTACACCTACGCTGCAACGTACTGTTATGTAAAAGGTGTAGATATTATGGGTTAGCATCGCCGTTACAAGTCGGAGCACTAACTCCCCGAATTTGAAGAATTTCCGGATTTTGGTCTAGCCTGACCTGGTTCTGCGGTCCCTGTATCAGAACGACGGACGGCTCCAGCATTGATGGAAAATTAGTGCTAAATTTAAGACTCCACTTAAGGGTTATCGTATATTCAACTCTCACGAGGCGACATTATAACGAGCCGTGCCCGGAAAAGTCAAGACCGCAGAACTAGTCAGTCAATATTGGGCTACACAAACGTAAGCGATGCGTTGCCCCGCCCTAGCGACACACATCCACCGATGGAACACCATCTAGTACCCTCTGACATTAAATGTCTATACGCCAGAGTTGGGATGTCTAAATCGGGCTAGAGACACAGGTCGACAGAAAATGCTCAGATCGAACCGATATGAGAACAATCAGCCTTTAACCTACCCCGCAGGCCTTTGTGCGGTGAAGCAATCCGTAATCCGTTCCTTGGCACTGCCACGTCGTGGGGGGACGGACGATACACATAACTTATAATCTCTGCGTTCGTCTGCATAAGTGCCATCATAGGTCCTATGCTGTCGCATAACGAGGTTAAAATGA,1153,48.31,Escherichia coli
SEQ_414268,CCAAGGGGTGTTGAGTCAAGTGTCTTATCGCGCCGCACACGGAGCAGAAAGAGTCCTGGTGCATAGAATTTTATCGGGAGTTCGGCGTGTCGCCACACCTTTCAGCGTAGTACTGTGTAAGACGCTTTCGCTGGCAATTCGGCCCTGGAGACTCCTAGTGGGCTTGTAGGAGACTGCGCAAGACTCAGCACTCTCTAGCCATAATCAGTGACGCTGAACACGGACGTTAGGTATGGCAATTTAGCTCCCTGGCGTGGAGCTACGCGCAGCGCACAATCCCGCGGGGGGGAATGGCACGCATGAAGCCGAACGGATTAGCATGCCCCATGGTGGTGATACACAGTGCATCCTAGCCCATTATGAGGATGCAAAAGTAATTAACTTACTCGGGGACGGCCCTGATTGGCGAGCGGTTTAAACATACTAATTCATTCCCTATACTGAGCATGCGTCGCCCAGTGGCGACGCTCCATTTCCCCCAATCCCAAGTGACCCCGAAGCTCTCTAATCCATGCCCGTCTCACTGTAGAGGAGCTGGATGCATGGACACCATGAAGGACTGGACAATACATGGGTCGAAGATGATGGCTAGCTAATTTGAACGCGCTTCATAAGGCTTGCCCTATATTCTAACGCGATCCATTAGACCCTTACTAACAATGTGCACTCAACCGACTTAAGGGCAGCCCCGATCCATGTCCACCTGTACTAATCTAGCCGAGCGGTTTCCAAACTGGGGACGCAAAGTCGGCGGTAGTGCGATAACTAACGTCCGAATTGTCATCACATGCTAGTACACAATTTATTCTCCAAGCCGCCCCCGGTGACTCTCGTCAGTCCACCTACGACGTATTAGGACGGGGTGCGAAGTACCTAATTAGAATGTCCAGCCGATTAGGGGTACAAAGCTAGCATCGGACTTATAATCGTCGACCCCGAGTTCTCATACCAAGCATCGCCCTCCGGGCTAAAAGTGAGTTGGTACAATCACCAGTCGCGCCTTTCTGTTGATGTCACCACTGCGTCATCCGCTTTCTTTTGGGCCCGACATCGTTAGGCGAACAGCGATGCAATATGTTACTCCATTAGTTTCTTGCAGGCAACAGCAACGGACTCGATGAAAGCGTGTGTCGAATATACAAGTAGGAGTGAAAGTCCCAGTTTATCAGTGCGGACTTGGTACATGAAATTACAAATAGCATATCAGACTGCCCGCAGGTTTGACGCCACTAGTTGCACCACGTTCATCCGAGCTACACTCACCGTAGAAGACACGTTACCTGGACGCCAGACGACATTCGATCAAATTGTCCGCAGTTA,1320,51.36,Saccharomyces cerevisiae
SEQ_973163,GAATGCTCACCTCGCATACTCACGGCACGTTTGAAATCTACCTCCGTGAGTGGTAAGCAGAGACTTGGCTAACTAGGTACCGTTCGACTTATGGGCACATTCTGCTGACTGAGCACTAAAGGCATTGCCTACGATACCTCATCCAGAATGTTGACATAGTAGTTTAAGCGGATGTCCCAGGCTGAGCACGGATGCGCCTCTCTCAGATGCGTGACCTTCCTAGTCGTCACTCCTGGTCGGAAGGGATCCATACATCGATCAAACCCAAGGAAAAGTACGGCAACATTAAAATACAGGAATATAGATCGGCGCCAGTGTCTCCCGGTATTAAAACTAATTGCCGGACCTTCAGAGGCCCCATCACAAGTTGGTTACGATCGATGAGCATCTAATCTCAATGGTAGGCTAATTTAGCAACGCCCCAACGTGTAGCATTCACGTGTCAGCTCCTTGTAAAAATAGGATCATGCGGATCAAAATAGACCTTAACCAAGACGAGTGGCTCTGTCACCTTCTACCAAGCAGCTAAGCCTAGCGGTTGCCGGCACATACAAAGTTTATGGCATGGCTTTTAAACGTATTACGATGCGCTGCCCATTACTGAGCTCATCGTAAGTCGTTCCCAGACGTTAGCTCTTGCACTCAGATAGCGGTTGGATCATTCATGGTATTGCCGTCTGCGTACTAACGGACGGGTACATTCGGGACAGGCGTTTCGCCAACATAAATTCAGCACTATTTGTCTGTAGACGCTCCCCTGTCGAACTCGCAACTGTTTTGGAGATGACCGTTGACCTCATATGAACTTGTCATAGTTAATGCACCCTTTTAGGTAGTAACGCGTCAAAAGCTATAAGAGTACAAACAATGGCGCCAGGCAAAGATGATAACGCAAGTTTCACCCCACGGTGTATCTTTATTACCTCTATCCTTTATCTACATATGTGGCGCATAAAATTTTATTAAAACGCCTCGTAGCGGCTCACACTGTTTGGGTGACCGTGGTATTTCGCGGGTGCGACCGTGCAGCAGCTCATTAGGAAGGTTGCTTACATTCCGATTGACAGGTCTTGGATAGTGGTAATACGGGCTCCCCCCTTGTCTCGAGTCTGCTCTCCATATACCGCAAAGTGCTCACGACCGTTGATTTGAGGAATTGAGGGAAAAAGACTTGTCGGGTAAGTAAGCTGGTGTTGTTCCGTTGAAAAGGTAAGGAAACACGGTAATTAGGACGGTGTATGATTATTTCGTCATAAGACCGAT,1263,47.19,Escherichia coli
SEQ_495029,GGGCCGCCGAGTATACTGGTCGTACTCTATCAGAGTTTGTTAATTTGCTAATTCGACGCGGTGGAATTACCTAAAGTATGGTCGAAATCGGCTGGAGGTCATAGATGCGGGCTACTACGGAGTCATTACTGAGCGCTGGCAGCACGGAAGGTGATGCTGCTCGGTATTGTATGGGTCGGCGCCAGTATCCTTTTGACGGGGACCCCCGGTGACGTCACTTAACTCGTCGTGGGGTAAATGTACCTATAATTGTCAGGGGCGCGGTCGAGAAGCGGGCAAGTTGGCGACGGTTATACGTCGTCATACACCAGAACCTTCCTATACCCCCTCCCTGACTAGTCACCGACGACGTATTTAATAATCCGAGCGCATTACATTATCACTCGGGCTACAAACGGTTGCTATGAGGTCCGCCTTCAGCCTATAGCTTATGGGACATGGATGGCACCTGCCAAGTACCTTCTTAACCCGGTACGGCGGTAAACTAGTGGTGAGCCCATTATTAAAGCTTTAACGCCAAGTCATTAGTGTTTTGATGTCGGGGGTTAGTCTTTTGGCGATCATGGTACATCCGCTCCGGGACAATATGCTTGCAGTCGAGTCATTTGTGGGCGGGTTTTCTTGCAGATTCGGCAGTAGTGGTTCAGTGGAAGCCGTCCTGATAGTCTGCAGTTTTAGTTGTCCACACTTATTCGAAAGTGGACCGAAAAGGAGCACACGGTCCGGTGAAGAGGTAATTGGTGGTTACCTCCAAACTATTCAACGTAAGATGTGCCGACTAAATTATCGGTGATGAGATTACATCCTCCAAACTCAAAGCGGCTATCTCATAGCCATACGTTTTGAACCAAGTCCTCAAGGACGAGACGATTTCTTGTCCAGAGATCGCGGATGGAGGTGCCCCCACGAAAGAAGGTCTACTTAATTAGTCTAGTGTCCGACACATGCTGACGCACTTTCAGTTGAAACGGTGATCAAAACGGCGGCTCAGAAAGTGTTTAAAGGTGCTACTGGAAAAGGACCCAGCTGCTTACGTGAGACGGAAGGTCATTCAAGGAACAGCCGGGCCACTCTCATTCAATAAATTGCGCTCGGTAATGCTAGACTCCTGCCTGTAAAGTTCGTGGGAACGATGTCAGTCACGTGAAAGCGGTCAAGGGGCATGGTGCACCGATCAC,1178,50.0,Saccharomyces cerevisiae
SEQ_457901,GGCGTTGTTACAACCAATTGGCTCTTCGGGGATCCGGCTGTCTTATGCACCGGAGAACGCCATTCCCCATCCAATGTCCAAGCCTACCTCGATGGATGAAAATTTGCGTTTTGGTAAGACAGACACACCGCAGGACGTCGTCGGAGGCCTTGACACACACCAGTTGCACTGAACATAGACATTGCAATCCAACTGCGGCGGGACGGTCTTGCAAACCCTAACCTGCTTAGTCTCTGGATGGGCCCACCGATTATAGAGTGCTCGTGCATACCCACTCTGGTGCGACCGCAGTCAGAAGCAAGCGATCGCGGGTAAATGGAACTAAGGTCAGTTTTTGGCCCGAGATAGATGGAAAATCGCAACATAGTCGTAGAGAGTAACACTGGATTGAGACGGATTCGGCAGGACAAGACACGGCGCACCTGTAAGAGACGGAACTGAGCCCAGGAGGGACAGTCCCATTACTTGTGGATGTCTTATCAGCCCGCTGCATGGGCCATCAAATCGTACATCATTAAGCTTTCTGACCCAGCTTTTAATATTCCTCTACTGCAGTGGGCATACCGTGGACGAACTGATCTCCACCCAATAATTGGCTAAGACGGCGTCGGCCCAGTTACAACACACCAAACTACGTCTAAATAGTGACACTTACTGTCGCAGGTGACAGCTGCCGAGGGTGGGAATGGAGTGTGAAACATGCAGTTAAGGGCAGATCGTTATTTGAAGGGCCGTCCAGACC,742,51.75,Homo sapiens
SEQ_945558,TATCGCCCTACTAGCTAAAACTCCTGCGCCCCCATCGCGGAATCTTTCTCCCGCAGCTGATAATGACATCGACAGGGTAGACGAGAAGAATTGCGTACATCAATGACGTTTCTTATTGCTGCCGTCATATTATCGGGACGCTGTATCTTTAGTTGCAGCAACATCTTGAAATGTGGGACACTCTCTAGCGCGCTAGTCTGGCAAATGGAGCAGGTCAAACTAAACTGGGACCGCGCAAACACGTGCAATTCTTACCCAAGCACGCGGGGAGGCGGGGCCGTCCCCTAAGAGGGCGTCTCCAGTAATCGACCCGACACAGGGAGGCCGGGAGCTAGTTTGAGTCAACAGGCAGTGGCCCGATCGCTTACAGTAATATAAATGCAATTAGGTGTACCACGCTTCTCTTGTCCGCATCATGCGACTAATCTTCCGGTCGCTCCTTCATTTGCTAGGGGGAGCGGGCTCGGTAGATTCAAGGGGTATCCGCCCATGTGAGTGCGTTTGAAGCACGGCGAAACTATTCGTCGCTTGTAAATCATGAGGCCTTGAGCCCTTTGTAGTTAAACTTTCAATTACCCCCGACTTATGCCAGCCGCACCCCATGATGATTCAACTTATTTCAGCTGCTACAATGCCAGCGGGAGCGATCCTTGTACAGCTTGTTTAGCAGGAGCGTAATATTGCCGGTGGCAGCGCTTCATTGCCGTGAGCGACCGCGAAAAACCGACGGCTCTCATGGGGATTAGAAATAGACGACAAGAGGCGTACACCGTAGGCTAGACCGGTGCGAAAAAAATTATCCATCCCGACACCGGATGGCGTGTCAGGGCTACAACGGCTGATTTTACTCAGACGGAACGAAGCTAATTGCCCACCGAATCCTTGATCGTTGGCGGCAATAACGACTTTAATCTTCAAATCCAGTGAACCACTTCTCGTGTTTTTGTACGTGCGCCAGCCATTCAGGCCCCTCCTATATGGCCACCGGATAACAGTAGAGTTATCGACGTGACAAGATCACTATATCGGTGACTGGTGGTAGAATAGGCCCGACGTCCAGAATACGCCAATGTGTGAACCTTGAATATCTCTGGTTAGGTTTTTTACGATAATAGTCATGACCGCGCAGGGTCCGTATAGTTATGCATTTAACAGGGTGGTACGCCGTGACAGATCCGTGTCGTAGTCTTCATACCCCATGCTCGTTTTGGACCGTGAAGCGCCCCGGAGCGGAGGCTTTCTACCCAGGCCAAACAGAACTCACAGAGAGGTTCGACGGTTCCACCACGGGCAAGAGACAACGCTCAAGGTTAGCGTTGCTGCCGAGAGAATTAGTGAGTTTAAACCTCCGCGTGCCTTGCTATAATTCAGGTGATATCACGTGAGAAGCACACGCTATCGGAACTCTCGGGAGATGTACACACTACCCCCCCGTTTAGAATGACGGGTTATCTTACCACCGTTGAAATGATCGACTGATAACGCTGTAACCCGAGAGTGCACAATCAACCTCGGTTGCGTGCAATAACTGGTTTTGGATATAGCCTATTACAGGTGAGAGGCGTAAACGGTCCGCCAGACACAGTAAGCGCCTTGGAGACGTTACGTCGTGTCACGGGCACGGGCGGTCTCCGTACTGATCCCGGACCGCGGTGAAATCGACCATCCGGAAAACCCGTCATCGCTAGGATCTGTGCTTCTCCGCAATCAAGTGACAATTCACTCAGCTAAGTCTGCCGAAAAGATAATCGCGCTGCGTAAAATCTCACACTTGCGTTATCACCTTGAAAATGCTACTCATAAC,1804,51.16,Saccharomyces cerevisiae
SEQ_331560,GTTCACGCGAAGCGACCCGGATTACTGGGGGCCGGACAATAGGGGTGCATGTTAGGGGGAACGGCCAGAGACCGCAGAGTATCGCGTTGTTTGCGTTACAACGCAGTGTGATCTCACGGCCCCCTTCTCCTAAACTAGGGCTGATTCGATAACAGGTGCTTCGGCTACCAGGGTAGATCTTCCTCCGAAGGTAGCTTCTAAGTCACTATATCTACGTACGCTGGGGTGCTGACTCTCTTGGCGTTTATGAACGTAAGTGATATACGTCCTCATAATAGAAACAAGGACACCTCATGATCCACAAAGTACTGGATAATTCTTTAAAACCGTCCTCTTGTACGAACCGGCATCGCCATCATGGGTTGTCGCCTAACATCATCTATATAGCAGGTGTAGTTATGTCTTCATTCCTATTGCCGATAGGACCGCGGTCGGTTGCCACGGGGTGAGCCCCCAGCAACCTACTTCCCTTTCTGAAACAGGACCATCCCGGTGCAATCTCTCATCTGCGCAGTGACTGGTTTGGAAATACTGATATTCCACGTTAGGCCGCATAAGACCGGGGCTTCGACGCAGTGCACGTTCGTAGGGTGTTACAATACACACCATGTCTAGAAGAGAATCCCGGCGGAATTCGGCACGTGCAAGTTCGTCCGGGGAGGTCGTATATTAAAATGTTTAAGTTTCCTTCGTTATCAGAAGTCTCGCGTGTGGCTGATCAGGCTCTACTTCTGAGTTTCAGACCTAAAGTATTACCATGGCAATCTGATACATGCTTGATTTGCGGTTCGCGAGAGGCGTGGTTATGGTCTCAGGCAGGAATTTGTTTTCTGCGCGTTGTGCGAGTTTAGCTCTTTGGTATGCCACTTGTCAGTTGCAAGTATAATTCGACAGTTCTGCTGACTACCAAGTTATATTAACGCATCGACAAATCACTTGTCCACACCGCGGTAGTCGCAGACGGATAGAGGCTCCGCCAACACATAAAACGCGGCGCAACATGCTTCACTCTCGGATCCGGGGGTCGAATCAACCTTTAAGTGAAGATAACGATTTACTTTTTCCGCTGGGATGTGGGAGGGACATTTTTGATCAGCGTACTCTGAACGGGGCCGCGGTGGGTCGAGTCAATCTCCAAGTTGAATCATTACTATTGTAGCGCTGCACCTCGTCTGTGCCGTCGTTGCATCGCTATCACCCCCTGGTGGGCAATTTGTGATACCACACTCAAATTGTCAGACGTCTATTTGACTGGCTACGGGGCCATAAGCGGGCAGATTCTACCTGAACCTCCGACGTCATGAGCTTATATACTACATTTGCTGGGGCCTTTAGATACAAATACTGCGCCTACACGACAGGTTCCGTTATGTCATCCGGAGTATAAATCGCATCACATTAGACCCGGGTAGAACGGCAGGGCGTTACGCTGCGTGTCTCCGCTTACCCTATAACCGATGTCCCACGCAGACGGCTCCATCCCTTAGAATTCCTGAAGCCGATGAATCCTACTGCCAATCGGTGGTCGGCTCACCGCGGCAGCTATTAGGCCCGAGGCTGAAGAGCTAA,1569,50.54,Caenorhabditis elegans
SEQ_446962,ACTTTGAGGTAGTCCGAGTTCTGTACAAGAGGCATTAAAACGTCCCTCGTTAGCCTACCAATTTGTCGACACTCAGAGGTCGAGGATTCATTCAGATTTCA,101,44.55,Homo sapiens
SEQ_756944,CACTTCGGATAGACCGACGGATTATGTTACTATTATACTTTGCCGCTTAGTATAAGCCGATGGCCGGATTGGAAAGAGCCATAGGCTAAAGATCGGTTAGATTGAAAGCGCTGAGTCCTTAAAAGTGTCACAAAGTTGTAATTGCCTACGAAGGCTTTTACGTCTTGGGGCGGTAATCGCGGCGATTCACGTACCACGTGGATAAGATGTAGGAGACCTCGTACGTAGGTTGATCCCGCTCGGGCAAGTCCCGTTCAACTCAGAGCCTGTGCACTAATGAGGGCTCAGAGTAATAGCTTAGCTGTGCTACAATCATAGTGTTACCTCTATTCACTTATAAGTTTATAGGGCACTCCTGGAAAAAAAAGGACTTTAAAACGTTACGCTCGCAGTTATGTCTGATGTATCTTTCGCGGAACTCATCACCCCCCAGCTCTCACTTACATTTGCACTTCAAGTTGACTCCGATACGACTCACACTGTTTGCAACACGCAATCCCTAACGCGTGGCTAGCCTACTTATCGTTTCCAAAATATGTGATTCCTTTCCCCTCGCCTCCCCTACTTGACTCTCTCTTAGTGCCGCCCGGACGGTCGTAGCAGATTGAATTATACCCAACCAATAGCATATCCAATGTAATTATAAAAATCTTCAAATATCGGAAACTCCAGTGTAGTGGTCTTAACCCCTAGAGGTCGCGTCCATACGCACTATTAGATACGGTTAGGCGGACAGGGAGCACTGTCAGTAGGCGCATCAATCTCCATACCCTACGTAGACGGGCCGAAATGGTATAAGACTGAGCCTAATGGGTACTGTGCGGCCGTTCTTCATGATGCGTGAGTCCCGCCCAGGTAAGAGTGAGGTAGTTGCCACCCGGTGAAGTGTCCGAGCTACTTGCACTAAGGGATCATGTTACGCGACCTTCTGGAATACATACCCCACAATTC,951,47.63,Saccharomyces cerevisiae
SEQ_801988,CTAAGCCGGGGGTCAACGTGGAATCGAGGGCCCCCGGCTTGAGTTGGATCTTTGTGAGCGTCGCTCCCTATCGTGGAGGAGCTTCGGACAGCTGCTCCTATGCCTCACAGATCCGGCGGCGAATTGGAATCACCCTTTGAAAGTAGGTTGTAGATAAACACAGCGTGCGGATTACCGGATGCGGTCTTCTAGATGTCAGCCGTATGCCAGGAGTTCCCGGTTAAAGTCCCGTATTCTCGAAATGTCGGCGCGCAGTTTATTACCGCAAAACAAAGGCGATAGCCAACGACCCAAGCGGGACTCTGTCGTAGTTGGAAATGGGTCGGCCCCCACATGGTACGTCTGTGCCTACCCATCAGCAGTCAGCTTTAGACAATTTGGCAACATGGGCAATTGAAGTTATTCGTCTCACTAACCGCGCGTGCTCTCGCAGCCGTTCCCAACTATCGAGGTGCCGATCTCGCTCAACGGACACAGGGGCGAGCACTTCCCCTCTACTGAATGTAATACCGCAACAGTTATAACCTGCTACCTGCTATGTAGTACGGAAAAAATTTCAATAATGTGTGGAATTCTCGGACAGTGCCGATCTTTGCGACTGCTCGTCTGTCTTTAAAGCTCCAGGCTGATCCGAAGATAGGATTCATATTGGGGAAATGCCTGCCTACATGAGAAGCAAATACAGATCCATCAGCGATTACCTACCTGTGACTATTGAAGAGGGTGCACAGGAAAAGCACTCGAAAGGTTGTACCGGCGCCATTGATTCCGAACGACGTACTTTCGACGGGCGGTTTAGTCGTTGCCTCATTAGGCGCGATGAGACCAAGATCACCTCTCGTTGCCGGCCTCCGAGCTAACTCTACCTATCACATCGTTTCATTAGTCCGCGCCAATTTGTGCGAGGGAATGCCGCGATATGAAACCATTGTACCAGATCCACGAGTATTTGGCGCCCTCCTCATTGCCATAATATTAGCGAGAACTAATGGTCTGGGTTGATGTACTTAGCTTCTGGTTTCGCGTCCCCCCGCATCGAAATGCCAGGGTGGAAAGTGTCCTAGGTCGCGTCACTCTAACGTGCAAGCAGGATGGGCGTTTGTAAGACACAATCCAGAGATCCGAGACGTCTAGTCGAAGGATGCCCTATGCCAGTTCCACGCGGGTTCTGCCATGTAGAAGTGCGAAGTGAAAAACAGCATCTGAGTCATACACAGTGTCATTGGCATGCTTTCGTGGACTCCGCCCTCAACCCCTAATGAAGGTTACTTAAGCAGGCCGCAGACTGGCATCCTACTATCGTGCGTGCTAATAGAAGACCACCGAACGTTCGCTTCGTGCATCTCACCTGAGCGTAGTGATATCATGATGGTCGGGGTTGATGACGTAGTCGCCGTATTGGTCGCGGGGCGTGGTATTGCGGCATTTGCCAATCTGTTGTAACTAAGGACCTTGCAATT,1460,51.64,Homo sapiens
SEQ_512845,GGGGATGCTGCACTATCAATCACGCCGGATCGGCCTATCAGGTCATCATATAGCAACAACGGCGCTCTCAGACGTACTCAGTCCCGTACATTCCATTAGCCTGGCCAAACGGGAGACGAGCGCCAGGATGTTTGTAGGCGGGTTGTGCGATGGAGTATTCTAGACTTGCTAATCTCTGTAAAACACCGCGGTATGAGAAAGTGTGTGCGCAGACCTGATGCTGGGGCAAGACTTCACCTGCCGTGACTGTACTTTAAAATCAGTGAGCAAGATACATATGTGTCTAGGCGGACCACTCACAGGATGCAGTTGTTCTATCTCACCTCCACGTCAGAGCGTGCAGGCGCCTAGAACGAAGCTGTCTACGGCGGTCTTACAGCTCCCTGGTAAGGATTAGGCGGACGATGGCTGGCGACGAGGTGTGACACACGGTCGCTATTTTCTCTACGATGCACAGTCCGCCTGTGGCGTTAACAAGGTCTTCCCTCTACTCTATGTCCGTAGCACAGTTTACGCGCGGAGAGACGGCGGTTCGATAGAGCGTACTTATAGCAACCACTTCGTGATACCCGCCAACTGCTTGATTTAGAAGCAGGGATTTCGTTTGCAGGCATCAAAGGTCTACAAGGCACAGTAGCGGTGAAAGTCTGCTCCGTGATGGCTCAGACCGTCATAGATCGCGCGGAAATGCGGACGTGGGCTAATATTTTGGCCTCTCTTCGGTTACCGGTAACCAGACAACGCGGAGAAAGCTTGCACTGTCCCCACCAGTCAGATTCTGTTGCGTGGGCGTTTGTCTATGCTTTCGAATACGACGGTGTCGTGTTCACACAGGACGACTCAAGCCCCACAGTGTTTAGCAGCACTCCTCAGGGTAGGACATAACGTTTATAATGCGCTTCACAAACAAGCCTATCATAGCGAGGGTTCGAGGTGTCAAGTAACGCACGAATGATTTGGTTAATATCCAGGCTTCCGTTTCGTATCACATCCTGGACAGATTATTATCCCTAAGGTCCCGCATGGTAACGGTAAAATACGTGGCCATGGTAGAAAATACAAGGGAGATAGCCATCCACTGAAGATTTATGAAGTCAACTACGTGCATGTCCCCACTTTGTAGTATAACCCGACTCAACAGCCATGCTACGAACCCCATACACTGGTTTTCCATTAGTTAATCACCCGATGGAAATCTTTTACACTTGATGCTGGAATTGATTGTATCCCTTTCAATGGTTGGCAGAAGCAAAGTGCCTATGGTCAAACCTAACTTGACACATCATCTCAATTAGGACAATATTGTTATCACACATTATTTGTTTATTTTACACTCAAATTAATATCGCAGTGTTGGTCCAATCGTCCGAAGCGGGATTCCTTACGGCCACAATCCATGCCAACGTGAAGCGTAATAGAACAGAGTCTGGGTTGCTTACGGGGTGGAAGTATAGACTTCTAAGAGTGCGACGTTACCTGATGACTCACTCCTTATAGATACAGCGGAGTATATTACCCGTTTAAAGCCCGATGAGCTTACGCGCCTGATAGTCACTTGGTCGATACAGTCCGACCTGGGCTAGGAATGACTGAGCATCGGCTAGCTGCACGACGCTCGGCAAGTAAACGTGTGAAGGTACTAACACGCTGATCGCTAAACGACGATTTCTCAGGGAGAGCGAAGCATCATCATGTCTTCACTCTCACTGAACATGCAGACTTGTTGCTTTTGTTCACGCCTATACGACCCAACGACTCGGTATGCCCTATTGGTCGTACCACTCTGGGACGATAGAGCGATGAACGAGGCAATGGTGCAATAGAGCCCGAGAGTAAAAACCCTGACATC,1849,49.11,Saccharomyces cerevisiae
SEQ_341416,ACGACCAAATTTAATTTAGTACCCGGTCACGACGCAATACGATTTTTGCGGGAACTAGCGCCCATGTCTATCGAGAGTATATAAACCATCGAAAACCCAGGCCCTTCCGAATGCACTTAAAAATCTACACCCACTAGGGGGGAGACCAGAGTCAAATAAGAAAAGAGTAGCTTGGGAGTCTTCAATTCACTAAAAACGAGTAACTTAGGAGCTAGCTCTTTGAGAGCCAACCGGTCAAGCTGAAAAATATACCCAACTAATTGGGGGGGCCATTTTCATAAGGAATCGTCTTGCCAGCGACAAACTTGCACAAGGTTTGCTCATGATCACGTGGGCTCAGTAACTTCCTGACTCAAGTGGTATCAGGCCTTACTATGCATTTGACGATCAGCTTATGTGGTTCTCCGATCCAATAGCGACTTAAAAGCCAGGAAAGCTCATTTGGCGTTCAATGGCTCGATTCCGTAATTCAGACTCCATGCTCCCGCAGGGTTCTGTCCTACAGGTAAATAACTCAGCTTGAGTGGTGAATCATCGGGCCCCCGATTATAAGAGCAATGCTTGTATTATCGTAGTAGTTAATGGACAGCTGAACGGTTTCATTTCGCATTCGTTGTAGTCCCTTCCGCTAAACTATCACGCGAAGGTGCGGACCCTGCTTAAACACGATTGTACGCTCCCGTTGACCTCGCAGTCTTGCTTAGAACCTGCGCCGTCAATTAGTGTCCCAGCTGTTAAGAAGAGCTCGCGATCTTAGGAACGGGGTGATACATAGCGAGGATCCCCTCTGTTTGTTGCCCTTTGGATACAGCAAGAGGCAGTTAACCAACGAAGCCTTTCCAGTGCCGCTGGCTAATGACTCTACCAAGGCAGAAGTCCGTGTGGAGCTTAAGTCCCGGGAAGGGTTATAGAGAAACCTGGATGCGTTCACACAAAGTGTATCCTTATTGCATTCAGGTTCAGTGGTGATGGGATAAACATACTTCTCGCCCCTGATTCGCCTTCTTATAGAATTAGTGAAGGGAATTCTATCGTTTTAGAAACTCCTGTAGAAGTGCTTTAGCACCTAGACAAGTCTACTGACGTTCTGATGTCATTAGAGCCCATGTTAACTGCGAAGTAACGGAGCACTACTAACTGTCGCCAGACCTCATTAGTTTCGCCTAAGCACGCTGTGTGTTCACGAGCGGCTCATGTACGACTCCATTCAAGACGCCCAACGCTTTTGCCAGAGCCATATGTGTTGGCCCGACACTCGCCTGATGAGATGCCAAGAGGTTTCAATGTTAGCCATCGACGGGTATCCACATCCCGTCTGGGCTGCTTCAACATAACCCCAGGTAGGAAGACGCTGAGCCATCCACCCCTGTGTGTTGCCATCGGCGCAAACCACTCTTTCTCCTGAAAGATCGCCCGGTTTCAAAAAAGGCGTGAGCTTAAATCCAACTAGAGTTGCTGAAACTCCTGTATCAGTCGGTCACCAATGCCGGTG,1492,48.12,Saccharomyces cerevisiae
SEQ_747644,AAACATTGCATAACGAGTCCGCCTCTTGGTCTGGGGCTCATGGTCTATTGCACCCGGGAATAATCTTCGGCCAGGTCTTGAGATATGAGACAGTACCGCTATTGTCGAAGTTGCGTCCCGGATCTCGTGTCTTTACAAGATAGCACTGATTACAGTCTCTGGCAGTGACCAGTTCGGCTCCAATACTCCAGACGACCGGGTGTAAAGAACGACCAAAGGCTTCCGTGGACTGCGTGATCCGTCAGCGCGTGGAAGTGTCCGCGCATTAAAGGTCTAAGTCATTGGGTACTTTCGGGGGGTGAACAGAACATTCGGAAAGGAGAGATTTAGGTTGCGGGTCTCACCGTAACAGGTATCCCCCTCATCTTGCGTTGATTCAACGAGGTGCGTGTACGAAACTTTTGTTTCGGAAATTGTAAATTAACCGATGTAGATAGTGCTCTCTAAGTTATCTACTTCTTCCTCGTTCGACTTACCGGTAGTACGAACAACTCGGGGATAATCGGGCCCAAACAATTACGTTTTCATTAATTCCCCTATGACGAATGTGCAGCTGGAAGAAGGGTAAGTGATACCGTCGGGACCAACAATTCCTCTTTTGCAAATTCACCGCGCACTCAAGTGAGCCGTTCAATGAGGTAGGACTAATTTCCCCCGGAGGTGGTCACTGGAGGCTGTTAATAGTGCCCTATCGTATTTATTTGCTGTATGCCCGTGGTATTTTTGTGCATTAACGCATTGTTGTAAGTTCATGGTTCACAACTGGGCGAAAGAACGAGGTTCGCCATTCGATGGTCGGTGACGTAACACTGCCCTCATGTTATGGTAACCCGGAAATTGAAGAGACCTGTGTCTGTATTTAATACCAACTTCGTATTAGTTCTGTTTGACAACTATACTCTGTCCCATGCTGTGCTGGCCGATATACTGCGGCACAGGTGCTGTTTTAAGTCCCGGCTAGAAGCCCACTTAGTTATACCGTAATACATAGCAGGGTAAATTCCCAAATCTAAAAGATCTAGACGCAGCCGAGTAGTCACGAAAGGCCGGTGTTTCCATGTTCCAAACTCCCACGATCCGTCGAGGCTTCGAATCCATGCTTCACTGGTACTCAACCCGTACTAAACCCAGTATCATCGACACCGGCGGCACGAATCTCTCAGTGGTGTCCTACACACACGGGACTGAAAAACGACAATTCTTTACACAAAACTGCAACCACGGCCGAGGCAACTAGTATGAGTCAGTATTTATGCCAAGGTAGCCCATGCCTTCTGGGCGGACCCGGGTGCATCGAAGCCTTCGACGTTAATAACTCATATCGTACAGGCACGCAACCTTCGATGACTTACACATAATTCAGCATTGGATGCGATGTGGAGTGATCTCTTTCCCTAAATCAGGCAAAACTGTGAGATAACCCTGCCCTAGGTGTTGTCTAGCCTTTCCTATTGGCAGTCTGCACTAATTGCAGTCGATATCTGCACGCAAATTCACTTTCCTTGATTAGGACAGGTGCTGCCGAGAATGAGCTTTCCGCTTTGACCAGTAGGCTAAGATGGAGGGCTGGTGGGCCCCACAGGACCAGCTTTCAAAGAAGACTCTTCATTCTCGAGCCTAGGTCCTGGCTAGTTCATATGGGAATACCTCTTTAACCCAAGCTCCGGATAATATAACTATTAGGGG,1686,48.1,Saccharomyces cerevisiae
SEQ_308584,GTGAGTACCGAACTGCCTGTGCTCGACCGAATACATGGCCCGCAGCTAGAATCCGACCTTCGAAGATCCTCGACGAAGTAGAGACGGCTCAACAGCCCAGTTGAGCCATCTAGGTGCCCCTGCAGTTGGAGTACGGCCCCTCGGTTACCTTGAACGTGATCTCATAGAAGCAAAAGGGTGTATTGATGCTCCGAGCACACCGCACCCTATACGTGGGCGCCCCGTTTCTAATACAGAGATCGTAGACTTGGATGTTGTTACCCATGATCCCGCTACCGGCGACGATATTGTTGATCACGCATACCCGGAAAAAAGAAGCATGGTCTCTGGGAGCATTGAGG,341,53.67,Drosophila melanogaster
SEQ_627763,CTAAGGTGCTGCCGGGTTCCTCTCCTCTACTGACAGGAATTGAGTATCACTAGCCTAAGTCGACCACTGTCCAAGCACCACTCAAAGCCTCCGGCCGCATCGTAACTTAGTGACCGTGCCTGCCAGCTAGTTTCACGCTGCTCTCTACGGTCCGCGGCTTGTTAGGTCGTTTCCCTGTACGTCCTTACCTTCCCTAGGTTCTTGGTCAATAATATCATGGCTCGTAGCGAGAGTTCGTTGAAGGGTAGCCAATTCACCATATCTAAATGGGTACGTGCTATAAATATCTTCGTAGTGGCCATCATCGAAGGACTCTCATGTTCCTTAGAAAAGTTATCCGGGCGCCCGTTGACCCCTTTCTATCTAATTCGCTCATCTGAATAAGGCGCCTAGTCGTACTCTCGTTCGGGCTGGAGGGGGGGTTCAGCAATTGCCCGAATGGTGAAGAACCATCGATTCCAGAGAACTTTTGTGAGCTGGAGTCATATCTGGGGAAGATGCGGATTGCCAAACCGCATTTGGCAAGACCGCGATCGCGAGGGGGTTTTTTTGAAGGCCTCTGGGGGCACTACCGCAAGTGCTGTAATAGTCCTCAGGATGTGAGATTCCCTAAGTCCAAACTATGGCTAATAGCATTGTACCTGAAAACCCCATCTCTTCTCAAACCTAATTGGCCGCAAGGGCTCTGCACGCCACACAGAACCTGGCGAGTCGACCACTAAGGAACTGCCAGAACTCGGCTGCGGCGGAGTAGTTTATGATACCCTCCATCCGGGAATCATTACGCTTGAAGGTACGTTTGATCCGGTATTAAGGCAGCGTAACTCTCTATTGTCATAACGTCTTATTATTGTCAGAACCGTCGCACATCCTCCATAGCGACAGGAATAATTGGCCTAGGGAGGATGCCAAAAGCGGACTCTTTGCTCCGGAGGCAATCAACCCTTGGAGTTTTAGTGTCGATTTTTATGTCGCCCCTCTTGGAATCGGTAAAACCTTGTCTATTAGGGTCCTTGGCTGCTGTGAGACTAAGTTGCCTTCCACAACAATAGAGAATAAATGGGTGGGTGATCGTCAGGTTACGCCGTACAAGCGAATCGGAATCTCATCGCTCGGAGCTCCGGTATTTCACCGGGAACGTATTATTGTCTGTTTGACATTGTTCCTACATAATCCGGCCACAGGGTGGTTTAACTTGGCCTTCAAGAAAGAGCTTGAATAGAATCGAGATGCGAACTCCGTTGGCATGCCCCTCGTAATCAATTAAGTTCCGTCGATGGTCGATGTCAACAGCATTCCATGGCATTCTAAATGTTAGAAAGGCATTCAGCAGGATGCAGTGCCGACGCCGAGTTTATGCCCCCACGCATGCCTCTAAGAACCAATGTCTCTAGTCATTTTAACTAACGTTGCAAGGAGACCACCTCGCCAGACGGGTGGATGTCTGGCTCGGCCGCCGCGAATTGTGCGGCGTCAGTAGCATGGTAGTACTTAAGACACCGTCAGGGACATACTTGTGAACAAATAGATTTATCGCCCGGCCATGGCAACAAAGTT,1557,49.84,Saccharomyces cerevisiae
SEQ_250464,ACCACCTCGTCTCGGGTTATCCATTTGATTATCCAACGTATGCGGATCCGCCAACAGGACGATACTGGAGTTTTATCAGTCTACTGCGTCACAGCACTCATGTATTCACCTTGAAA,116,46.55,Escherichia coli
SEQ_137214,AGGCAAGACGTTCGTCCGTCATCTTTGTGGCTACCCAATACGGTTACGGCCCCTGAATAGCTTGGTCTGCCGATTCAAGACCGTTTAATGGGGAGTCGCTTGATTGTTCACTCTGCTCAATCTCTCGCGCTGGCCAGCCAATAGGCTAAAAAACGTGCCTTCTTAGGAACGTGCGTGAACCAGTAACGAGATCGTGCGATTCGCAGGGTAGGGATCCATGTTACTTGCATGTCCTCTGTACGCTCACGAGCACACCCCCCGGGCGCCGCCGTGGGGTGGAGACATTAGCTAGTTACTGTTCGTGTGTATCAGGGGCCATTAAACGGTCACCTTTACCCAGGGCCTACTCAGGCGACGTTCCTCTTAGTGCAATCACACTATCCTCCTTGCCGGTTATAAAGCCTACGATAGGTAAACTCTTCACTCCTCCATACCCCGATTTCATTACAATCATAAGTCATATGGATGGTTGCGCTTCCCTATAACTCTCGCGACATATGGTGCAAGGCGAGGGTCACGTTCCTCGGATCTAGGGTTTGGCTTTCTACAGACCGTCACACCGAACCGAAGGACATTGCGTGGGTTCTCACTGAACGGCTACATGATACGAATCTTGCTTCAGACCATTGTTACTAAGGAGAGACAAGAACATGCGAACTACCGTTCGAGAAACCGAGCGATGTTCAGAAATGGTTTCAAATGGTTAGGCTCTTAGGCACTGTTAACTGGTGGGTCTCCGGGGATCAGACGGCTTGTCATTTCACTCCCGAGGCGGACGCTGACCGGTATCGACCCATCTAGGACCTTGTGCCGCACCTCTTGGGGCGTGTCCTGGTCCGGGCGGTGCGAGGGCCTCATCAAAGTGTAAAAGTCAACGCGCGCTAGTTGAAGGCCGCAGCTTCGGGGGAATCTCTCATTAGTGTACTGTGGCGAGTCACTGAGGTTCGACGGCAATAGGAACATTTTATTCGCACATGTTAGGCTGCTATGGATACGCCAGGATAGAGCGGAGAAGCTCTGTCACCAGGTGATACGGCTAAAGTCACATCAAATTACGAGTGACGAAACACTAGAATCACGACATGAGACATCTGGTTCGCAGGTCACATCTCTCACTGCAGGTTCATAAACCCAGCGATCTCCGGCTCGTGGCTTGGGCATGCCAGATCTGATGCCAATATCTCCAGCGTATTGACTTAGAGTCCGCATCGCTTGGA,1217,52.01,Drosophila melanogaster
SEQ_115060,AACGTCTTACGTTCCTGTTATTCGTTACATAGCTCCGGTATCGCCTATGGGGTTCGAGGAGCTGGAACCTACTATAGCACTAGCGATTTGCCCTCGTTTATGGAATTGGGCATAAGCTGGCACTTCATTTGACCCAATGCCGCCTGGGTCGCTAGGTATCCTTATTTGCAGACTTATTATACTATCCTGCTCTATTATATTATAGCTATAGTGGATACGAAGCGGGCGATACATTGCCTACTAACCAAGATTCACCTCCACATCGAGACTACAGGTATCACACTTCTTACTGTTGCTAGATTTACTTATGGACTGGGGAGACGCATAAGTGGGCGTATAGTTGTCAAAGGAGGTATCCATCGCATACCCCCTTTCAAAGACTGAGTATCTATCTATTAGATTGCGTTTCAGATACGTCGTTCGTCACTTTCCAAGGCTCGACCGCACAGTCTCCTCGTGCTATCTAATTGTTTACCCCAATGTTGCAAGGCACACCGGTTCACAGCCATAGCAACCACTAGCATACAGCAGCTACCCTGGTGTTTATGGAAGCCATCTTATCCAAGCGCATCTTAGCATACGTATAATGTGCAAAGCCGTCATCCGGACTGAGACAGGTATCATTCGGTCGTACCTATCGGTCATAACATCGGTAGAAAGCCACGTACTGTCGTTCACGCGATGCTTGACTTTATAAGATACTCATGGGTCAGTACACACAGAGGAATAAATGGTAAAGGCAAAGCGCGTGGCTAAGTTCCAGATGCGGTCCTTCATCTCGATTCGTTAACAATCCGATCAGAGCACCTATCAGCGTGGGGGTATGCAGGCCCTCTAGCATGCAAAAACGACGCCAAGCGCCCAAATAAGGTCTTTTAAAATAAACTCGAAGGACCGGAGGCTCATTGGTAGATCTGACCGTCCGCATAGTGCGTTGAATTGCAATACTTCTCCTCGCTAAGCTAAGTAGGCATTTCGTTGCGTTTAAAATGTAGCGGATTGGATCCCAGGGGGACTGCCGTCACGGGGGCCCGCCTACCATAGTTAGATCACGACAGGTGCAGGTGAGAAAACGCCATGGTATTACCGACTAAATTCAAATACTACTGCGTTCTCTGTTTACGAGATTGACGAGTATCGCCGTAGGACAAGTGTTAAGTCGCCATATCGACACCCTAAAAACGGGCAAATGCTTACGCTTTAGACAGCAAAACACTCTTTCCTGGCGTTTCATACTTGCAGAACACCTGACGTACCGTTTTCCCACGCGAATCGCAGTGAATTACACCTCTATGTCGCATTATCCTCGGTTGAACAGAGCGTGCAAGATTCTTGCCACGTAATACGCTACATGTACGCCGAGACGCGCACATATGCAGCCCAGACTGCAGCCTTCCACGCTAGGTTAATCGGGAAAATGCTCGTTCAGTAGGGTCGTTGTTAGATGGGCCTGGCACGATCCTCGGTTTGGTTTGGGCCACGTAGCCTCGACGAAATAGGGTCGTGC,1507,48.11,Drosophila melanogaster
SEQ_732051,GGGACCACCCCAACTGCGAATTTGCAGGTTTTGTTGAGAGGGATAGCTCTCCGGTATTCATGCTTCCGCTACCCCAGCTAGTGTGGTCATGCCCAAATTTTGGAGAACCGCACTAGGTCTGACCCGCATTCTACGCGATCACGTATAAACCCATTAGCATCAGTCGGCTTATCGGTACTGGAATACAATAGGTTCGTCTCCAAGACCTACTCCGCCCGAATACACCCGGTAGTGCCACACTCAATCCGAATCACAAGATAGATGTAAGTTCGAGGGTCCCATGGTCCTCAAACACCAGTCTCTGGCCAATGCACAGTGCATGTCTACAGGGAACCTTGCATAGAGTCAAGTCTATTAATAGCCTAAGAAATAGCAGGTGACAGATGGCTGGGCTCCCGGGCCGGAGCGACGCGTTACACTACATAAGCGCAATGCCCTGACGGAGGCTATGATCGTACTGTTATCTCCCGAATATAGAACGCTGGCCCACCCTATGTTCTCCGGAGCCTCCCCTGAGCTTCCCGCCTTGGACCGCCTCTTTTTAGGAAGATCCAGGCTGTACAGTGGGCTCCTTAGCAAACTAATTGTATTGGCCTAGTCAGTAGCATCTGCGGCTCAACCTCGTCTTACCCATGAGCTTGACAAGTAATCGCATGTTGAGACTTCCTCCATTACCTAAGCTGGGGTGCGTATGCCGAAAACAGCAATAGATCCGTAAAAGACGGAACCGGGCTCCTCCAAAAGAATAGGCAAATACCGCTGCTGCCACGTGTCATTCAGTTGCGCCAAGGATGAAACCGAATGCGGAGTGCATACACGGGTTGCGCTGACCACGCCAGCGCTATTGATATACGCTCATCTCGTTGCGTGGTTTTATAAGAGGTATCAATACTACCTCGGTTATAGGGGGCGGTCATTCTCGTTGGTACGATTGACTCAAGAATGGCGGTTATGTTTAATCTAGTCCGTGACATACACATCGTGGGTTGTTCGTCCACGGCTCGTACCCATTTACAGAGCTCAGACTGACTGTTGGTCCTATATGGATCGGTGTTCCCTCGAAAACACTACCGTCACCTCTACGAATAACTCGATCTCCTACCTTGCTCTGAAATATCTAGAACTTTCTACCGGCTTCTGTGAGACAGCCGAGTCGTTTCCTGCCTCATGAAACCGTCGAAGGGTGGAGGCTTCGATAACTTAAATTAATCGTCTAGTAATGAGA,1225,50.12,Arabidopsis thaliana
SEQ_833507,GGCGCCATATCAGGAGCCACAGAGGAGCCATACGGCAGCAGCGCATGCATGCCCTTCCCAGGGGGTATACTAAACACGTCCACAGTGACGACCGTAGTCGCTGTCCATTCGAAGCATTTCTACCACATGCGAGGACTCGCGTAAGGTCGAGTGTAGTGTGTCCTCTCTGCACAACTGGTGACAGCGATCCAAGCAGCGTTTTGAGTCCATAACTACTGCCTCCCTACACATAAATCTTCGGCCCGTAAGGGTGCTGTAGCCCGGGACCACATCATATTCAATTGGAGCTGCGGTTTATTAAACAGGACTTGAGTGGTTTCTTCTTGCAATGTTCCCGTGAGACCAATCTATGGCCGAGTATCCACGGGCATACGGGGTGCTTGTAAATCCAAGGCAAAGTTTAGGCTGCGGGGTCGCTCTTCTCATCCTCGACTTGGTAACCCTCGCTCCATAATCAAGTCGTGATGGGCTTGAGTGGTCTAAAGTTCGCTCAGAGCTCCCTATCCACTTTGATTATCCTGATCGGTGTCACGCCTGAGTACGCTATGTGTACTGAGGTCTGCCGTGATGTTTAAGCTATCCGCCGAAAAGTTCGGTCTACGATATTTGGATAAGGGTTACCGTCAAAAGCCATATTACTGGACATTTTCCCGATCAATTTCGTCATACTGACGCAGTGGCCGATTTATCATATCCACCCAAAAGTTCGCTGAAGTA,717,50.35,Saccharomyces cerevisiae
SEQ_522931,ATCATGTATACTCACCAACACGCCTCGGACGCGACCTACTTATGCATACGTTTAAAGCAGGCAGAAATCATTGTCACGTTATCAGGGCCAAACGAATAGCGCTTACTGTCTAGAGAATCTCAGCGGAGTCAGATTACCGTCTGAGTGTAACTCTAGCATCGAAGTGATGCCAGATTGGTGATTTAGGTCTCCAGCCGAAACTTGTACACCACATTTGGAGCCGGATTATTATAGGAGTAGAGGACTTGGAGTTGTTACGGTGCCAACGCTGTGCTACAGCCGGCGGTTCGGGCCGGTTGAATTCCTTCAGCATGCAGCCTATAGAGCCGCAACGGCAGACGAATAGACCTCTGTTCATAGTTATCCCCGGGGGAAAATGTGCGAAACATATGTCATGGTTCCTTGCCGCTAACTGTCCTCTCGGGGGGTACGACAAACGACGCGGAATACTTACAAGCGAAGTCTTTCTTGTACAGCGGGCGCAAGGGAATTCGCCGTTGTG,502,50.2,Arabidopsis thaliana
SEQ_307803,GATTTGGCTGTATGCCTATCGGATCTAGTTTACCTTATTGCCGTAGGCTGCTAAGATAGGTCTCCACACTAAGAAAGTGTATGAGCGGTGATGCCCGCCGACTATTATATACTCACAAAATACGGTTGTCACGTTGCGCTGCGACCGCAACCTCCCTGACGCATATGACTGTCCGGAGTGCGGTTAGTTCAGTCAAAACCAGCTCCTCACCTTTTCGCGACTTTGCGCAAGTATGGGCGGCTGGACCTCACGAGGGATATTTGCCGTTAAATGCCTTCAGTGCCCATGTGTGTAATTCAAGTCTTCACACACGAGTTGATACTTGTGCCCGCCCGAGGGTAATTAGAGCTTTGGTAATGTAAATGTATCCACCGTTATTAATACTGCGTGGTCCTCTTAACAGTTCGCGCTATATGTAGGACCCCTGACCTACGGAAGGGAAATGCTCTATGGGAGCTTCATCGGGTCTAGCCCGTAAATAAACCCAAGCCAATGTTGAGCTCGATTCATCCCAGGCTCCGCCATTGCTATCCCGGAGTAACATGCTGCAAATGGGGTGCTGCCTTGAGTGTCGCCCCGGGGCCGGAGTGCAGAGCATAAACCACGGAAGGTGATCGGATGTCTCACACAATGAAGAAACATTTCGGTATTCGTGTTATCAACCCGGTGTACTTCCCCTTCGCGGTCGGAAAGGATGTTTCTAAGTGATGCCAAGAGCTAGCCAAGTAGCCCCGCTGTACGTTTGGTCCCTTATTGACTTCGACGGCCTATTCGATTGGCTCTCATAAATCCTAGTATCTAACGGGAGAGTAGAGTTATCGAATAGAACTGCCGTAACCTCACTTATAAACG,852,49.53,Caenorhabditis elegans
SEQ_805967,TGGGTCAAAAGTTGATTCCCCGGGTGTGAACACCCACGTGCGTCATACAACAGGCAGAAAATTTGCCGTGTGGTTAAGGACTTCAACATTAGATCGTTCTAACGGTCCAAGATATCAGCGGGCTAATATCGTGTGAGCACCGATACCGTGGTGGCGATCAAATAGATAAATGTTAGAGAGGCTTTAGGGCACATTCGTCGACATGACCCGCACCGCCCCGAACGAACCTTCACGACCTTGCCAACTGCAATAGATTGAGAGGCAGGTAAATGGATTGCGGATGTCAACCTGACTACCTTCCCCGCAAGCCTTTAGAATTTCCCGATGATCGTGTAGTTGACCCCTCAATCGTCCGGACCTACTATACTGGGCTCGCATACTAGCGATGCCACGTGAGAGACGACCTCTCTGGTCTATACGAATATAGGTTTTGGCAGCGACGGTTAACGAAACTTTACCGGAGGGCGTCATAAATCAGTCTAGCCTCGATTTCGGGGTCTAGCAGTCACGAATGGCGACGTGCATTCCCAGCCGGAGGTATTGCATACTTTCTCGTGTATCATGCGCGTCTTGCAACCTACATCCTTTGACAAGTGGTTCTACCTATGAATCTATCTATGCCACCTCCTGAGGGTCCACTCTAAAAGCTCCGGTCGTCAGGGTTTCACTTCTTAGCCAAACGCTTATTGTATCCTTAATGCACTGGCTCCCCTCGGTTCGCACACCAACATGTACGCTTTCGCCGAGCGTACCCTGGAGGATGACAGGAGACGGACATACGGAACCCGAACTGCATACACTGTTACTTCAGGGCGTAAGTATCCACATCGAGGGAGTAGCGGCTTAATGTTCCTGCTAGGTTTATCCAAGTTGCGGCAAACATTATACTTTCCGACCCGTAACAGTCTACAATAGGTGACTCACTTATATCGGCGTAGCACGTCCTAATAGTTTATTTCTCGGTTAACACCTCGTGCTGAAGGTCATAACCGTGTATTATACTTAGAGTTAGTTGTGTCGAATAGGAGCTGTCGATGAGGGCATGCTACGTGAAATTCTGTTGTACCCAACCCATCCCAGATTTAAACTTGGCGTCGAGTGCATACAAAGGGGCTGTTTGTAGAGGGGTACGAACCCGAGTAATTTGTCAGCAAACCATCCAAGATTCGGCAAGCTGGCTCGTCAGCGGTCAAAGCGGGTATTCCTCACGCATTCTATGGCAACTACTCGATATGACGGAGTCCGTCAGGGAAGTCTACGGGCATTCGTCCCTGAGGTCAATGGCTTTCTTGACTCGCCCGGTGACACCACGGACCGAGAGGTACCCCAGAATGTCCCGCTAGAGTCGCCGGGTACGGCTCCTAGACCTGCTTAGCTGCGCATCTTGTCAATTAATAAGTCAGGGTTTAATATTCAGATCGACTCACGTAACGACGCTGGCAGACATAGTAAGCTCAGCTTAGACCGAATCGCGGTTAAGCGCGTGTCTGACACAAGCTCCGACCGTAGGTACGCAGTATCGGTACTAGTATCCTGGAAGAGAAAACGTCAATCAACACCCAATGTATTCTACCAACGCACACCGCGCAAAATCACCACCTATACTTTCTGACCCTCGGTCGCTCGGACCACCCAGCACGGGAAGAACGTGTGGTCTTGGAAGGCATAATAAATTGCTATGCCTGTCTGACCTCGCCCCCCCTGAAAAAGGCTTGCCCTGTTTAAGGCATATGGGGTAATGCCTGCGCCCGGCAATGATGAGAGAACCGCGTAAACGCCGTGGGCCACGGATTCCGGCGCTTGAACAGGAGGGGCGGGGTAGCACTGCCAGGGAACCTTCGTCACCCCTAGGCATGGACAGCTTATCGCAACCGTGTAAGCGCGGACCGCCAAACGAGCCAGGGTATCTTTCTTGTTGCTTTCGTTATGCGTGAATAGACATATTGAGTAGATCAC,1956,50.97,Saccharomyces cerevisiae
SEQ_519206,GCTACTAAATGGAGGGCGGACACGTTTCGAGACATTAATCCGTTCCTCACCACGATACAGAATATCTATAAATCCAATACTACGCATCGATACTTCATGGTAGAGTGTGACGACGGGACCGAGGAGCTTTTATTTACCGACGATGACCGTAGCATTTGCATCATCGGTACGGCACCAATGCTCTAATCACTCGACACACGGACTTGATTGGTCACAGCATGGGAGCGGTCGGCGAGCCACTAGAATCATGCGATCGATGATTAGCTCATCAGGATTTAGAATTAGGATACGATGGTATTCTTCCTATGCTTGGAGCGGATATTAAGTAACAAAGGCCCCAGGAAACTGGATCGTCCGACTTTAAGCCTACCCAGACACCGGGACTTAGCAATGACTGAAGAATAGGGTGACGACCACAATTTTTTAGCGCCGAACTGGGACTCCTCATTTATTTATGATCGATTTGGTTGGGACTACAGTCGGGAGGGAATAGGCCCTCTACTGCCATCAATCTTGCCGCGAGGATCAGTCTACCAGTTGTGCAAGCGGTGACGATGTCCACTTTGCCTTACCGTGTGAGCATATTTTAGCCCATCTTGTAATGTTAAGCTAAAGGGCGCCGGCCTCGGAACTAGATGGTTGAAAGAGGACGTCAGGCCGTTGGCTAACTCCATACTGAATGACGACTTCGCAACAGTTAGTCCGTGATCCCGCCGCTACAGTCTAGTACCCGCCCTTAATCACTTGCCATATAGAAACTTCGACATTAGCATATGCGAGTGGTGAATGAAGAACGAGCGTGGATGCATAACGCGACTATGTTCCCTCGGAAGGCATACTACTTAGTTTGTGGTTTGTATTTGCTGCGTATCGCGGGATGTCGTAGCGGACCCTCGCGGGTGTGCAATCAAGAAAGCTTTACTGCCGTATATAACTTTAAAACTAGCAAGCCAGACACGATGAGGACCGCGGAAGTGCCGATCGCAAAGGCGGCCTACATAGTGCTACATTGGACTCGTTGTTCACGAACCGCGCTGTTCGCACGCGGATCAGTCCACTCCACACAACAAGGGCCCAGTTTCCGAACTCATAACGGCTTAGAAATAACGAACTTCGGCAAAGGTATTGCCAGGAGGTCCCCCCGCCATTCGGAGAATACAGGCAACACTCGTGACTACTGCCCTGGGGAGTGACTGTACAGCGGTTCATTTCGGTCAATTCAGAAGCCCAGGCTTAATCCACTAAGCGCTTCGCGTCTAGCTTAAGCCCTATGGCCTCGGCGCAACCGGACCGAGGACCCGCGCAGGCAAGATGTCGACTACACTTTCGCACGAACAAGTAGGAGTAGTTACATTGTTGTTTTGCGCTAGATGGATAGAGTTCCTGGACGTGCTCCTTAGTATCTGCCAATGAATACCATAGACCTGATAAAAGACTCAAACCGATGAGTTCCAGCAGGAGCCGGATGGCGTGGTGATGTGCTAGACCTATTTGACCCCGGCGGCCCCGATGACCTGGTCCC,1522,50.46,Mus musculus
SEQ_437466,TCTCTGTATTTAGCCGTATTGTTGACTGCATAGAGCTCACGGTGCCGTTTCATGCAATGAGGGTCCAAGTTATTGCCGTGGTCGGATATTTCGCCGGCGCCTCTCGCGAAAGGGC,115,53.04,Caenorhabditis elegans
SEQ_974030,ACCAATTCTGCAGTACCTACGAGCTCTGGCGTCAACTGCCCGCGCAACCTACCAGAGTTAGCAAATTAACCGCCGGTGACTCGAGATACTAGCTGTAGACACCTCACGACGTACCATGGGGTCGCGCGGCGAACCTGCTCGAGATCCTAGGTTACGGTGCACGCGAGGTAGATTCGGCCCTAACTTACGCGTCCAACCTAACCGTCGGGAATATAACTCCCCTACCCAAGTGTTCGACGACGCGCAGTTTATAGCTCGGCACGGCGCGCGACTAAACTTGCTATATGTATTTATCCTGCACTGGATCGGTCCAGCAAGGGGAACAATCAACTCGACGAAATCCGCTGGCCATTTATTATTGCGGAGTGCCGTCACGCCGCATGTGATTGTCTTCATAAGCTCCAAGCAGGATCTACTCAATTGCGTACTATTTTGAGCTCCGTTACTAGAGATTGGATAAATTATCGGGCGGCAGCAGACATTAGTAATATTCCAGGGTCCAGAGAGCTAGCCGCTTCCCAGCAGGCCCGGTTTGACGATGATCGCCGTCCGCGACTTGTCACAATTGCATGCGTGTTGATGGGCCCGTCTAGTGTACTTGTTGTCTACCGTAGAAAAATGCACTCGGCCATTCAGTCGTCACGGAACAGTAATAATCACTGTAAGGACTAGAGACGATTATTGCACGTGAGTGCACGAAGGATAGGATCGGCCTGTTAATAAAGAATACACCGAGTAGCGCTGAACCATCACGAGCTGCGACGGGTGCGAGACGAGGCCTAAGTCGTGTATGCTATGGATGTGTGTCGACGATCAAATCTTTGCGCCATCGTCGTATCCGTATTACGTGGACTTGGGTCCCGTAGCTATAATGTAAGTATTCGCACGCAACAACTCTGCCCGGACGGGTACCTGTACGCATCCGGTCTACAAATACATTTTCACAGTCACTTGCCCAATAGTAAACGCCGTCTTCACTAAACTAAAATCAGCGAGGAA,999,50.95,Mus musculus
SEQ_524992,TCGATCCAGCGCGAATAACCGTCCCGAGGAGACCGTAGTATCTCATGTAGGATAGAGCAAGCCTAGAAAGTACAATGGTGCAGGCACTTCTTATTTACATTAGGGGTGATCACAAAATGCCTGTAACGACAGGCAGCATGCGGAACACATAGCGCCCCCTCTGCATGTCTCCAATCCTATCTTGTTCTATAAATCCCGAACGCCCAGTACCGCTTTTGTAAAGACACCGGTATCGGATCAAGAGTAACTCCGGGATATAATACGGTAGCTCGCCCGCCACACCTAGTTGTCGGGCAAGCTAATGCTAGTAGGTTAGGATTAAAAGAACGCGTCGTTCATACTTGCCCTCAAGAAAACTTCATTGCGCAGTTGTTCAATGGTCTAAAAGCGCCACCTTTGCAGCTACGCGTTTACCTCGCAACTAGCTTTAGAAAAATTACTTAGCGAACGCGGGGCGGAGCAAAAAAGGGGTATCACACATTACGCACTGATAAAGCATCCGGCCTTCCAAACGGCTACTTTACCTGTCGGTTAGTACGAGCCGCGAACGTCCGGATCGATAGACATAGGGAAGTACCCGGCAACCGTCTATCTCATGTGCACATTCGCCGTTACCAGACCCACTACTCGCTCCAGCTGGTACCTCATTGAACCTTCGACTCTCGTTGGATGTTAACGCGATCCCGCTACCTGAGCAAACTGACCGACGGGCTCTCACATTCTGGGTCGTTGTCCCACCTTCCCTTAGTCTGAGGCGTGTTATAATACTCCATAGATTATACTACCACTTCACATACCTTGAATTGCGCATCCAACGCTTTATCTTGTATCGCGAGGCTTGATGCCAATAGATTTACTATCCTCAGCTTCGTCCTAATACCTTGAAGGACGTCAAAGCCGCTAGTAGAATTACTTGATTTAAATCCATGAGCGCTCAGGTTGACTGCTGGCGATATTAATGGTTATTGGGTTTCAATCATGGAGTCATTGGCAGAAGAGCCACTGGGCGACCACTCTCGTCACAGCCAATGGGATAGCAAGTCTATTGTGACCCTGAGACGTTCATTGCCTAGTCTAATCCAAACACGGTAAATTAGCTTTAGTTAGTGGTCTGCAAACTTTATACAAGAGTGATTAAGCGACCAGGGCGACTTGGCCATAAGACGCGCCCATACTAAGGACGAATGACACGGCCCCTCACCCCGTCGCTAAGAGTGATACAGTATGTGCTGTGCGCACGAATGTATCGCACTGAGCCGACGGATGCCAGCGCCAGGAACGATCCCCATAATCCCGGTCCGTAACAAGGCTTGCATTATGGCACTCCCGTAGGAATTTTT,1340,48.96,Arabidopsis thaliana
SEQ_723910,CACCACCCTAGACAGTATTATGATAACCAGGTATCCGAGGCAGCAAGTGGGAAGAATCGCGGCGGCCAATACGCTGTCGTTCCGGCTCAATCCGTACCGATTAAGATGCCGCTGGTCATAGAACTCCGGTGAAACAGGGATCCTCATTTATATTGGTTTTCAGTACCCTCAATCAGGGTTTGCTAGCGCAAGACGTACGTCTATACCTAATCCCCGAAGGGGGGCCAGTACTTGCGTGGTCGTGAAGGGACCATCCACAATAAGGGCACTCAGGATCGAAACTTTGTGGCCCCCAGAAGTCATCAGCCAAGGTGGCATGACACTCGGGCAATGTGCATTGCCACAGCAATTCGTCGAAAGCTTTGCCGGCGCTTACCGCCTATGAACAGTCTCTTCGGACATATTGCAGTACAACTCCTAAGGTAGATCTGATGCCGCTCTAGCCAAATCTCAAATTTTTGGATAAGTAGTCACACTGTAGATCCGTTTGGAAGGTGCCTAAAACCCTGTAATTGCATCAAGCTCGAAGCCTAATGTCTATGCTTGCTACGTTACTCATACGTCGGTCCAGGACCGGAAGGTTTCTTTCTAAACGGTTGTTATCCGCACCACAGGGGACCCCTTGCATGTGTTACGTGGGCGCTTTTGAACAATGGTCAGGGAGTCTCTAGTGTACCAAGTCGTGATATAGTAGAGTCACAGACCTTCAGGCCGTCGCCCACTACCGATTCACAGAATCTGCTATCCGGAGACTTGCAGCTGCCGAGGCTAACTCACGTGTGCGGTCTAGGATGTATTTCGCACTGGTGAATCCTGGTTATTTAAAATGCTCCCCAGCTGATATCTACGACGCATAATGGGGATTCAGGGAATCGGTTATCTCGTGTCAGAAATCAGCGATAAGATAAGTTTGTCGTACCTTGGCGATGACTTAAAGGGCAAGGTAGAGGGGTATCTTCTTGAACTCGGTCCTTGTGAGCACCGACACCGGGTGGTCCAACTAGCAATCGAACCAACTTCGCTGGGGTCTTCGGAGAGCTGCATCTCTGTGAGACCTGCAACTCTCGGACAAGTTCGGGGCCTCACGGCATATCTTGCTATGCGATACTATGATCGATGTTTAGCCTACAATCTGAGAGCATAGTACCTCACGTCAGCATCGCTCTACCTCAAACAGTGGAACGATGGCAGTGCAGAAAAGTACCTTGATAGCGACTTAGAGTTTGCCATCCTTTAGGTGGTTGTGACTAGCTGGCTCAGGATCCTTATATAAAACCTTGTTACGACGCATGCCATCGGCACAATTTACGTATATCGCGTGTATCTGTCTATATGATGACAACGCCCGGTTCGGCATCTTCTGTTTTTGAATGTGTTCCTTTGTTGGACCGGAGTATCTATAAGCCTAGCGAAGCCATGCGTGTTGACCGAGGATGTTCATAAATGGGCAAAACTATCAAGCCAAATGGGAGGTTCATACGGCACGTGGTCCGCGAGAGCGGCGTCAGATTCAGGTGGCGCAGAGAACTTGAGGGACTTGCGATGATGATGCGTTCAAAGCGGATATAAGTAGCAAATAACGGTGGAAGCATCATTTCGAGTGCAGGCCGCGCTAGATGCGGCTGGAGGATAGGAAGCTAACTAGTAATAACCCTACGGTTTGATAGCGACCAGTGTGTGGTATAAGGAAAAATTATGTAGCCTTCCCTTCGCCGCTCGGATTTCATGATGAAGTAAAAAGAGTCCCAAACCTCACTCAAAACAAAGGTGCTATG,1775,49.13,Caenorhabditis elegans
SEQ_313635,ATGTACCAATCTGCACACTACGATTGGTGCGATGTTGCGCTTGCGCCCCAGGGACAGGGCTATCGTCACCTGTCGATATAGTTGCATCACTGCCTGCCTTCGGGCCTAGGGAGCTATGAAAACGCCTGCCTACGGTAGCCAGCAAAGGTGCGTATCGAAAGTCCGATAAGCTGTTCCTCGTAACATGCCAGGTTTCCATCTTGAGAACGCGCTACAGCGACATACATCCCGTCGCTCGGTTATGAACAACTTGATTGATAGCGGGATCACGACAGCCTGAGCAATGTAAACCAAACTTTTACCATCACGATCCCTGCTGTTTAAGTGAGACGCGTGTAGGTCTTATACACTGTAGTGAGTGATAGATGCGCGGGAGACCCACAAGCGCGGTAGCATACCTGGGGTTCGCTTAGCTACTTACATCCTGGCGATTGCTCCAGACCTGGGTCATAGAACTCAAGCCGTTCTCGAAATCATACTGAGACAATTTTTCGTCCTGAGTATGGCGATGTGCGATGCTCCTTATCGGCCTATGCACGGAACGCCCTTCGATTGTAGATTGTAAGTGCAAGATACTTAAGAAATGGAAGGGTTGATCACCAGGAGGACCGTAAGTAGACGGCAAAGC,628,50.64,Mus musculus
SEQ_798158,ATTGGGCTGGTGAGGAGTAAGATTCCTACATAATTTGGTGTCGAGGCTTGTACCTTATCCCTCCGCGTATAGATGTCAACGACCCACCAATCATCTTATAGCTGAATCTCACAGATCAACAATAGAGGGCACGGTCGAGGAATCGTCCGTAACATTGCGTATGTTGTAGTCCGACCATACAGTAGCACTCCGAATGAGTATAGGGAAGATGTTAGTCTCTTGTTGCCTGAAGTAAGGTAGTCGAAGGGAGTCGAAGTTAACTCTTCTCATCTATTCTGTCATATCCAATGGTCTCGTTGTC,301,45.18,Escherichia coli
SEQ_440780,CAAGAATCAATGCCCAGGTCTTATCTAGCTTATACAGACGATTCATCCGTTCGGACTTACATAGCTTGATTCAAGTGTGGACGCCATAAATAGCCGGCTCACCCTCCTCGCCTACAATAGCGTTAGCGCCCACGTTTTATCTTGTCGACCACGGGCCCTAGCGCACTCTACGCCGTGTTAGTGGTGCACAAGGGGCCTGCCGTGAAAGAAGTTATAGGATTTTAGGTTTCTGATGATTTACTATGATGTCCAATAAATCTTCGGGTCTAAAACACATTGACAGGGCTGGCCACCGTTAGTACTGATAGTTAGTCAGTGTACGTGGCAGGTCCAACCTAAGATCGGCTGTCCAGGAATCAAGAACTACGCCTGATACCTGCGAGCAGAGGTGATGAGGTCGTAATTGATGCGAAAACCACAAGTACCAAAACGTAAGTAAAATGAACTAATCACTTGTCCGCCCCCATAGAGTCACAGCCTCCCATTCTCCACAATCACGTTACATCTACGGAGAGGATGCGCATGGTCACTGGTTAAACATAAGACAAGCCAGCTTCACGTTCGGCTGGAAAGTCCTATTGACAGCAGACAAGGTACCCAAAAGCGTGCGGTATAGGCCTCATCCGAAAGACCGACGTCCGCATTTCAGAGTAGCAATTGCAAAACAGAGGCAAAGCGGTGCAGGGGATTTGCCGTGCTCAGCATAATTGATTCCATAGAGTAATGGGGTCTCTGGGAGACTGCCTAGGGGTGACCGAGACTGTACCACTGTATCTAGTTTTGCGCGTTTCAGTCTACTTTGGCTACATGTTGTCGTGCGAAATGGTCACTAGAAAGGTAGAGGAACAAATGGCTTTATATAGGGACAGGCTAAGTCGTTAGGGAGATTCAGTCACGGCCGTAGGTCCAATACTGGACTAAATCAACCGCTATATTTGTTGGTAGCCATCGCGTTCTCTCGTGGCTCTTCTTGCGAGCGCGCAACGTCCCATAGTTAACGCTGACAATTCACCTCACTATAAACAAAAATATGCAAGCGCAATGCTCTAGGACGGGTCGTACAGATATCGCACCATTCGCACGTTCAAAAACTGGCACAGGTCGGCAGAAATCCTCTGGACACCATATGGGGGGTGTGATACTCTCTAGTGATTTAAAAAGTGATATGGATCCTATGAGCGACAGGGGATGATGCCTGCTCTTGATCGTACCTCGTGTGGAAGCGGAAGAGGCATCAGCTACTTAAATCCCGAGCCCATCACGTTCCGATCAAGGAGAACGTTGTCGAAACCAAACTGTAGGAAGCCCTATCGTCTAACAAACATCGTGCTCGGCTTGAATGTGCGATAAGATTGTAACGCGTCTGCTGGCATCAATTGACCTTAGGATTTATATTGTCAACGAGTATAGGCAACCACCTACCTGAATAGGAGCAAGAAGCTGCTTGCTATTTCCATATGTGTCGTGGGAAGGCCTATATCGCTTATTTGTGGGAACAAGCGGGCAAGTGTCTCGCCCTCCAATATTTACTGGCATGTCCCATTCTGCTTTGCCACATCCAGCGCTATGTTCTCTGTTTTACCTCCAATCACACCACTTCATAAGTCCAGAGGTAAAATACGAAGCCAGGACTATGGTTAAACTGGAGAACCTCTTAACACTTAACATGAGTTCTCAGGCTTAGGCACAGACCCACCGTCAGCCCATTCCATGGT,1715,47.93,Arabidopsis thaliana
SEQ_517799,TCGGCAAGATCATTGGTTGTTAGCGGACACGTCGGGATCGTTTAAACTAACGTAACTTTGAATGCACCGTTTTCGTTAGACTACCGGCAGTTCCAATGATCCAGCGCCTAAGCGGGCGACAGACTCGGATTTTCCTTCAAGTAAGGACGGTGCGACTCACACCCATGATGTCTGCTTAGCATTCTTATACATGTCTGTGAGTCCACACTTTGTGAGTAGGAACTAGTCGATCAGCCTCGCCCTTCCCAGCACGGGCGGGCACAGTAAGGATGTGGCAGGGTAAGTGTAACTCAAGTCCCGCCTCTCGGAAATGACCGTCGCACGCGCGCAATTAACACGGTGAATCAGTGGATAACAAAAAGTAACCGGACTTATACCCAGATAGGGACGCTTCTTCCAGTGTCTTTGCAGCGGTTATACGCTCGTGCGTGTGAAGATATTGAAACAGTGCACTCCGTCTGTGTAGCCAGATTCCAGGCACGCCTTGTTAAGCCCCTGAATTTTCAAGCAAACGGAAAAACGGTCGGCGAGCAAGGCGAAGGAGGACCAACTCAAGTCGAGAGCGATCACGCTGTGATGCGTACTCCATTAAAGCAGTCGGGGACAATCCTCGTGTTCGTCTATGGCGGGAAGTGCTTAGCAACCCCAAATCAAGTCGGGTGATTCTATTGATGTGACCTATTAATCGGCAAACCGATGTCTGGACCCAGTCAATTAGGCGCGCTAATGCGCTGGGATTTGTCGCGGGACCTGGAAGCAATTAGACCGGCTTAGCAAGCAAGAAGCTAATCTTGCATATCTAAGAGGCACAATATTAATTATGATTGGTAATCTTTGGGGATCTCTTGGTCCAAGTGGACATGGTGTTAGTCATTTACCTAGTCGCGCTGCTGTGGCTTGTCAACTGCAGTGGGGCATGTCGTTCTGGAGAAGTACCCGCTCCGGGTTATAATGTGTATGGCAGAATCGGAATTTAACTAAAGTGTGCGAGCGACCTTCATCATCTGAGTCTTCTCGGTCTAACTCCGAGATAGGAAACATAAGTGGCGTGTTTTTGAGAGACTCGCCAGAGTTGAATGCATTGACTGGTCCTCCATCGTGAGCATGACTCCTAGACGTCAACGCAAAAGCTGTTGTCCGTATGATAGACTGAGCAGTCCTCTGCGTCGTGCTGCAGTCAAGTGATCTTTCCTCAAACTAACGACTTTTTTAGCTAAGACCATAGAGTAAGATCCAAGGCCTGCGGGCGTTGTTGTCCGTACTAAAGTAGGAAACATTCTCACCCAAACTACCCAGTCGTCATAGATCGTGTTCTGCTATAGCTTCATGTAGAACTGGTTAATTGTAATAACTCGACCGTCTCAGGCCCGTCGGATAGGCGGGAAGCTTCGTCTCATACTTCACCA,1406,49.08,Escherichia coli
SEQ_333548,ATTTTAGTGATCCAAGGCCTGATAACGTGAGGGAGTGGGTGCTTTGGCATAACCAATTGCTATAATGAGACGGTCGCCATGTTCATTGCTTGCCTTTTTTGCCAGCTATAGTATCATCTGTTACGTGACAGTCTCCGTTACTATCGGCTCTGTTGACACTCGAATTTTCTTGGCGTTGAAAGGACTTAGGAGTACCGGTCTTATTTGCACGGTTCACAAGGTATTTTGCTTTTTCTGCTGCACTCTGTTCTAGCTTCAGTATCCCTCCAAATACCCTGGCATTCCCACAGCCAACCAAGTGAAGTAGTATTTCTTTGCGGAAATTCCTTTTGTGGTCCCTAGAAA,345,44.35,Drosophila melanogaster
SEQ_726803,CCAATGTTGGTGCTTCGAGGTCGACAGTCGTGGATAGAGGCTCGGTCACTATTGATACCGAGATGAACAAAACGGTAAGCGTACCAAATACGGAGTAAATTGGTGACACGGGCCATCATTGAGTTAGCAAGGATACAAGGACGCGTGACTACTTTGGAGGCTGAACGCTGGCACTGAAATACACATCCGGTGCCAATGGTTGAAAACGGAACCTGGTGGATCGTCTTTCGGCATCTGGAGTTTATTCAAGGCTCAGTGGTGAATCTAGCTCCCCGGGTTACGCTCCTAATGCGGAACCTGCTCGCGAAGGTAGAGCTAAGGACCGATTGCGGGGGGAACGCGTAAATTGCTCAACTTGTTCTATTGCAACTAGTACGCCCCACGACCCCTTTGTGAGCGCCGTCTCTTTCCAGGTGGTACCGGTTGAAGATCCCGTTGCGGTTATTAGTGCCCGATCGAGCAGGGAGACTGACAAACCTGCGAGCATGGAAAAGGTATGTCTGTCAACTCATTAGGGTGTGCATCAAAAAAGCGACGCAATCACCCATAAACCCTGCGTGCCCTTTCTACCGCAGGGTGTGGACACGTCCCGCCCCCGTCCATCTCTCCCGGGAGAGAAACGGTACAGTC,630,52.86,Saccharomyces cerevisiae
SEQ_115131,CTGATCATGAAGAGAAAGGTCCGGTGCGGGGGCCCCTCAGTGGGGCTGCTTTATCCGTTATCAGCCTGAGTTCTCGGC,78,58.97,Drosophila melanogaster
SEQ_140782,GTAGTCCTCCGCTAGCTGGTCGTGATAACACTATCTCGACGTATCGACATATGGTGACTACGCCAACTCCGCACCATAAAAGAAGCTACATAGACATACCCTAACTTATTTGCCTTTAGTCGGACGGCCATTCAAGTAAACTTAGGTATGAGGTTTCTGTGCCGGGCGCTACTTGACGTTGCCGCGATGCGCTGCAGAGCTACCCTATACGAGACGTGCTCCCTCATGCTTTCACGCGGACATCTTATTCTACGGGCAGACGCATACCATTATGACATGAAACAGCATGACCTAATAACATGCATCCATCCGCTCGTCGGCACTGGTCTTGTCACACTGAGCTCGCCCTACACGTAACATCTT,363,49.86,Saccharomyces cerevisiae
SEQ_303227,GTATATTTCTACCGCTTTCTATATGACTGTTTGTCAGATTATAAGATCGACTTCAAAATTCTGCGTTGGCCATTCGCAAGAACGTTTCATGGCCGGGCATTGCTAATTAGCCCATCGACCCTGTC,125,43.2,Homo sapiens
SEQ_880538,GCAGTAAAGACAAGAATTGGCCACGGATGTGGTAATCAAAACTGCATGCAATAATCGACCATTGTGTTTTAGTACATTCTCCCTTCACCACCAAAATCGCTGATGGCAAGACCCGCGCATACACACGGGCCCAGCTAAAGAGTAAATCTAGCAG,154,46.1,Arabidopsis thaliana
SEQ_596756,CCCTAACTATGGCTAAAGACATTCTGCGGTATAAGCGGGGGGTTTGGAAACCCCATCCTGAGCTTCATCATTGTACCCTTTACAGTTCATTCCGTGTGCTAACAGGATGTAAACACGGGGCAATGCTGGAGCGTCTAATTTAAGGAAACATAGTGGATCATGAGCAGGCGCTTGGTCGCGTCACCAACTGCTTCTATGTAAACAAGATGTCTGTATCCGGGGTTATCGAAATCTGTACGGTCTGGCTGCGTGACGTTATGAAGTAAACTATAATAATGGGCTACATCATGGTTGGTGAAAGCACGCAATTGAAAACGTCAACAACGACAACATCCGTGTTGGCCCGCTTAAGGACCGTTTGGGCATTTCAGGGCGCGGCAGCTAACTTCTCAGGGGTTTACAGTAAGCTGTACACTGGTTCAACCGGCCCAAGCGAACTAAGTTAAGAAGTAGGCCCCGGGTCTTTAGCCGCAAGGAACTTACGCTGCAAACGAACTGCCCATTCTGTTGTCGGCAGGCGCTTGCACCTTTGGGATTCACTGCCAAGCCACAAGTGTTTTTAAGCAGTTGCCCGCCGTTTCGGCTCAATCGATTTATCCTTGGGCGCCACTCTCTGGGTCAGGCTCTGGAGCAGATTACATCCGGATGTCAAAGTATGACAGCGACCGAAGATGGGAATGTAATGGTCATCAGACTTGGTTGAGACCTCTTCTAATAAAAAAGTGATTGTTACTTAGGAGTGGTTCGGGCCTTACCTCTAATCCCTACGTCAGCCTGTTATAGTCCGTTCAAACGTGAAACTATCATAACTTGGTCATAGCTAGGAATATCCAATACGTAAACTCCGCACTAAAAGGCCCCAGAGGGGACGTTGTGATGTACCAGCATAACTACTCATCATTGCCGCAACTGGAGCTCCGGAGACGTAACCTGGAATTTACAGGATATGCCAAACATCGTAAAATAGAGTTAATAATGTAGAGAAAGGCGCGAAGAGAAAGTTACTTCCGTCTTTGGACCAGCCAACAATATGATCTGTGAGAAACCGGCGAAATTTGTTTGCGCGATTACTGCCCTTTTTTTGCTCCGTAATGAGAGGTAGAACTCAGCGTGCGTTCTGATTCAAATTGACTAGATTTGGAGACTCGGACTGATCAGGTCGTTATTAGAGTCCTCAGCCAAGTACTCGGCGAGGGTGGATCAGAACAGGTCCCCCGTCCTGTCCAGCGGCCTCGATCTAAGTGAGCCTAGCTATTCACTGGGGTCACCATGGTAGCGCCGGCCAGTGATCGTCTTGACGTCTCCCAGCGGTGTTTCCTGCTAGTCAGATGTCACCGGGCCTCAGTGCGCAACCTTTACTGTAGCGCTATAGCAACCAACCCAGCGACATCGTATAAGCAAGTCAATCAAGGCATTTTTAAGGACTGTCCTCGCTGTAGGCCGTCCCAGTCAGAAAACCAAACACTCTAATGTGGATAGCATTCCCTCGGCGGTTTCTAGTCCCAGTCACATTAGTTCATCATCAACCTCGACCGCTTTAGGATGTTTTGCTGTGCAAATCCCGCTGTAAAGAGAAGCGCCGGCCTGAAACGGAATCCATCTGCTGCGACTAGCCCGGAACAATGATCGGAAGACGGATATATACGCGACAATAGACAATAATCCTGAGAATGGCTACAACCCACTAAAATTATGCTAAAATTCTGCCAAAATATGAACCTAAAGAACCAAGCTTTCCGGTAAGTGTTAAGGCCGCAGTGCTTTGAAAAATACCGAATTAGCATGTAGTGCCTTAGTACGATCACGTTTGTGAGGAAACAGTCAAAACCCCGTGAATCTTAGCCTTAGGTAAAATCTTGCCCCTCTTCGTATCGCTTACCGTCCCAGCTGACCCAGTTCCCCTCCACGTCCGCGCCACCCTTTAATCTGAACCTACTAA,1939,48.22,Escherichia coli
SEQ_998391,AATGCCCACCCCATGTCACCGTGCCTAGGACCGTATGTGCCTTAACTGCAACCAATAGAGAGTTTTGGCATAGGTCATATCCGGAAGGTGATCATGGCACATAAGGTCGCAGCTAGATAAGGTCGTAGGTACTCGTTCGGGCCGAATAGATCAATGGCTCCTTTAAGTTAAGATAGCTACCAGTGCGATCGGCTGTAACAGTCTCATGTCTCCGCTAATCGAGGTCTTATTACGAGTTACCCCGAACGTTATGTACATCTACCTACAAAGGAATCCCTAGCTGAGAGTTTGACCCCGGGGTCCTGCGCCCGCAGACCGACTGCAAGCCATAGGCTATCACATCAATTATACAGGTTGACCTAGACGATTTTTACCAAGATCTGCGGGGCATGTGGAGACTCACGGCAGCTACTCCCAACTGATCAGGCGTGTCGGGTGCAGGGAGAATTCTAAGATTGCTTTCACGCAGCCTTCACTTACGTCCAGCTTTATATTGACGCTATACCTAATTCCTTCTATCATGAGCGAAGGGGAGCATTCGCGGGATAGAACGATATTGTGTAAATCTTTTTATCAAGGTTAGCGCCTCCCCAAGTTCTGGCCACCGGTACGGACCGATATACGGACCTCGATTAGTTCCAGTTACCTCAGTAGAAACGGCTCGGGTGCACGAAACTCTGGGATTGATTGTTCCGCTATATTTGCCCCAGCATCCGTTTCATTCATAGCAAAAGGTTCGTTGCGGGTGGTTGCCCAGCGCGC,762,49.87,Saccharomyces cerevisiae
SEQ_686618,AACCACGCTATCAATTGGGTCCCCCAATCTACCCACTACAAACGGTTTATATTGGGTGCCCCACAGCCCTCCTAACCGATCATCTACACAGAAAGCGTGAAATATACGTTCCTGTCGCTGTCCAGATTGGCAGTAAACCACGTCGCCGCGCGAAACAGATTGCCCTGTAAGTATCGCTTTATCGGGTCCAATTGTCATCAGGGTTGATTGTCAAGTCGCTAGAGCGTCGGCATCACGGAAGGATCCTTGACGATAACAAGTGTATGTTAATAACTTATCAGCCATCCTGGGTACGGACTATAGTCCCAGGGGGGCGCGTGATTTCGAGGCTGTACACCCAAAATAATAGACTTTATGTTTGTTAAGACTCTAGCACATACAAAGGAGGCTCTATTCACGAATTGATTGAGACTAGCATAACGTAGGCCACGACTTGTTCATTCGTCAACTTACAGCTGAAACTAAGAAATCAACTGAACCCTGCCATATGACCAACACCGCCTGTACGTATACGAACTTCTATCGCCCACCCTGATGCGACACGATAGGATTGTACTAAATGCCCACACTCTGTTTACGACGTCCCTTCCGTCGTACCGACCAAATTGAGCCCTAACGACGCTCGCATCCATCACATCTTGAATTTCTAGATTAATACTCAGAAGGTGTAGGAGTCATAGGACTTCACGTAGCGGTGGTCTTCACCGGGTGTTATAACCGGGGTTAATTGGGTTGAGTCCACAGACAGCGGGTGGTACAACAATTATCGAGACGGTGCCCTGACCGGCGCAGCAAACCCCGGGATCCATCAGTCCGTCCATACCTCTAGAGACATAAACAAGTGTTAAGAGCGTTTTGATCACTTTCTAGGTCGTCTCACAACTCTGCATTTCGGAGAAGAAATCATTCGCTTCCTTAGAAAGTTAACTATGTGGGGGTGAGGTTCGCGTTACAAGACTCCTAATCGCCCCACCTCTGTTGTGCCCACGTTACTTAGTCCGGGGAACACACAGCAGCATCACACATCGGGTACTCATAGCAGTGACCTGCCAATCAATTGGGGGTCCATCAGAAGTTCCGCTCTACAGGCTGAGTATTTCTTTGATACAGGGGGATTTATTCAAGGTCCGGCCTATCGTCTATTGGGATGACCTTCGCATAGCATTTCCTTCTGGTTATGTCGGTATGTACTGCGGTAAACGTACCAGTACGGAAATCGCCCGGGTTGCTTCGGAAAGTCCTTTAAGATGCAGGTGAGGGATCACCCTCCTTCTATCGGGACGTGACTACTATCCCGTACGGAGTGTGGTTTACGAAACAGATAAATCGGAGGGTTTAGTCTATGCCCATGTTCCTGGTTCTACTGGGCATTCTTGACCCATTCACACATTTATTTGCTCGAGATCCAGAGCTGCCAGTTTTAAACATGGGTTTACTTAAAATGCTATTACCTTGTAGTATCTAGTCGTGCCCCCTTCTAGGCTGGGGACGTATCGCCCTGTCCCATTATCCGTCCTATTGAGGCGCAGGATCACCCAGTTCAAAGAAACAGGCGGTCTTTGGGCAACCGTCTGGATGATAATGGCCTCAAGTGCCGTACAATATTTCATTTGGTAACCGACCAGGCACGGTAACCTCAGTATACAAAACCCCTATAGAGTTACTACTTCTGGTTATCTAGAAAAAGGCCAGTCAGCGGTGATCATAGTGTA,1712,47.96,Homo sapiens
SEQ_817442,CACACAGCGGTATGCAGCCCGCTCTGATCCTAGCTCAGCAAAGCTGGAGGCAGACGCAGTGTAACAATTGCTGCTCGGGGTTTCGTTACTGCTACCGGGTACATCAACCGATTATAAGGACACGCACCACGCGCGAGCTGTCATCTGACATTAGAATATAATTCTAGTCCCATCGGGTTTTGGTAGGGCAAATTTAGCTTGCACACCATGGCACTACCGTCCTCGATGCGGATTAGCATGGCGAATCCACCCACTGTAACATCCATCGGGACGTAGTTCATAGAGTTTAACATTGACATCTCAGTGTGGCTCCAAAAGTGCACGTCGAATACCAGCGTTTAAAGATTCTTGCACTCGCGACGCGGCCTACCGGCGTAATTCGTGTGTCTTATGCTTCTACTCTGGCCCTATATTGACAGATTAATATAACACTGACTCGTATCATACAGATGCGGGTATGGGACTAGGAATGGCTTTTCCGTTGTCTGATTTTGAAATTAAACAAGTTAGAGTATTCGACCTCCGAAGGGCGACTGGCTCTCTGCTGGCCCACCTGCGCGTGACTGTTATAAGCGGGCTAAGAGGCTCTGGTGAGTGGCAATTCCAGAGTCTGCCTTAAACAGTTCAATTTGGTCCCGCATGCCTGTACGGTATGGGGTGCCTTTTTCCATGTGATCTCGACCGTTGCTACCGGATACCGGGAGGAGGAATCCGTTAGTGGAACTGGCTCCCCCCTA,737,50.34,Caenorhabditis elegans
SEQ_568010,CATCAGCCCAGGTTTCCGCCAGACGGTCCATTCCCGAGCGATAACGGTGTAATCGAAACTTAGTAGGTGCATCACGGATAATATTTTCGGAAGTGGTGGTTAAGCCACCTGGCAGTAGACGAACTTTTATGTCTTAGCACATAGCGACGAGAGCCGCGCGCCTGCTTGGGCAACCCCACTGTGACAGTCTACCTGCCCGTGGTA,204,53.43,Escherichia coli
SEQ_624047,TCCCGGTCGCATGAGATCAGCCTTTCTAAGAATAGGCGGCATCGTCCTGCTCCCAGGGCGTGTTTGGGCCCGCCGACTTGCACTTCCAAGCGATGCGCCACGTCGAACCTGACAGGAGTCCCTATACGACGACACAATCGCTTATCAGTCGAAGACTGTATATCTAAGACTGCGACATTTGTGCAACAGAGCCATACCGAGTCCAGTAGAGATTCTGCAACTACTTAGAAGCGGATGAGAACGGCACACATGTGGGCGGTCGCATTCGCAGGCCAAGTGTTGTCGGCTCCGTCGATTCTGCCACAATTTATCGCTGCGAGGGACTATTGTGAAAAAGTGGAGCTAGTGGCTAAGCGATATTATACTGAGTTCGGAGAGCTAGCGGACCACCACATTTGCGTTTAGCAGTAACCGATAGCATCAGTTATTGAACGCGAAGGGAATCGGGTCAACTTTTGATACGACCTATTTTGCAGTCGATTACGGGTCGACTTTTCAAAGGTGAGGCCCGGTGCCGGGGTGCCGAAACATCAGACTTACGATGCCGTACGTAGCGTCTTACAGTAGCCCTGTAACCTGCCAAGAGCAGTCTTTCAGGCAAGAGGCAGACGTGGCCCAGACTTTACGAAGTAGTGAGCCTCGTAAGGCCCGTTATGAACACGTTCGAGTATACTTCGCGCGGCAGGGGGCTCGGGGGGTGTCCGATAGAGTAGCCCCATCTAAGCACATCTAACAAAGATAGAGCCCAAACGTCATCCATCGGCAAAAGCATTTCGCGATACACGATGCTCCAACAGCGCTCCGGATTATTTCACCATGGTCACATAAGGCCATTTTAGCGGAACTGGACTCGGTGCTCTACATGTAGCTCCGCTACCTCCTGTACGATCAGAGCAGCAGAAATCGGGTACTTTATGATTGACCCTCTAGAGGTAGAGAACTCTGAGTCCTTGGCGGCAAACGGGGCCACTCGATCGAAGTGAACGCCGATCGATTCTTGACAACTCATTAAGGGTACGTAAAGACGAGTTGTCGACTGAATGTCTGCAAGAACCTTGCATCCAATCTCCCCAACTTATAGTCTGTCCATCAAACCAGTGCCTCCATGTCCCGACAGGGGCACCGGAAGGTGAGAGGGTTGGCATTAGAAGTACGAGGGCACAACCGGGGTTAGCAGCACTAAACGTAAAATCGTGAATTGGGATTACCACAGGACTATCAGCCAGCACGGTCAAATTGCTCGGATAGGCAGGCTGAGAGTGGCCCACTAACAGAATGTCAGCAGCTGTTAGACGGGTTGATTGACTACCTTCCTAGGATAGCTTTACAATCGATTCTGATTTACCCGTTCGCGCCAGCGGGTGGGTCCACACCGAACTTCACCATACGAGACTGAATAGGTAAGAGAAGCGGCTGTTTGCATTGGCATTATTCTTCGAAGAGTCGCGAGACCGGCAGCTAGACGAGATTAACGACCCAGTTGCTTTAGGGAATTATGGAAGGCAATCCTGGTTCGCCCTATGAGTGATCTATCATCCATGGACGTTTCGATAATGGATACCTCGGTGATGGGATCCCGGACAAATCGCTTCAGGCGCGAAGGGAGCTAACTTAGCTTTTGAGCGGGCCAAGCACTCGGTCGCGTACAGGATTAGGCGGGGTCACCCGGGGACCGTAGGACCGAACCCTCTGATCTTGTATCTAGGCCCTGACCAAAAGGCGCAAGTGGTGGGCTGACTAGTGTTCTCGTGGGAGGCCTCTATGCCTGAAGTGTAGCAAGCCATACGCCAGTCCTAGCCGATTGCTATTCGCGACATTCGACTTGTTGTTAGCAGGCTTGTAGGCAGCTAAAGGACGACTAGAGCTCCCTTACAGTGGGGCGACTGAAGAATTCAGATACATGGGGCGAACAGTCGATAGCAAGATCCAATAAGATCGGACCACAATAAGGACTAATATTTTGTGACGTGGAACAGTGCCATGGTGGGCACTTGAG,1996,51.8,Mus musculus
SEQ_918503,GTGACACTAGAAATACGCAGCCCAACATTCCCGAAAGAATGTCCGAACCTTAACAATACTATCGACAGCCCCATGGGAGCCGCCGCGCCGGCCCGGGCTGCCAAAAGGGGAAGTGAAGCTTTTCTCTCCCGCCAGTGAGGCGAGTCCGACGTTACTTTGATCTAACTCCCAGCGTAGTCACGAACGGCTCTGATCTTGCCGATATTAAGAGCAGCATGACACTAAGTAGAACGGATTTTTTGTACCGAAGCTGCGACCCCTCCTTTTATTCATATCGCTCGCTCTGCTATTTGCAGCATGAATCTCATTCTGTCTACATAGGTGGCTTGTGCGCACTAATACCAGCCCTATTAACTGACAAGGAGGTAGATACTCGGCGGCTTGGCTCCTGTGACGCCCTAATTAATTTATTTTCACGCCACCTACCCATTGTTGGCACGACCGCTGCCACTGTCTGAAGCGTGGATGGGGTTGTCCGGTGGCTCCTAAGCAGCCCGAGAATGTCTTACTGAGTAAACCAGAATCGTTTATCATAAGCCGAAGTCGATGTCTAACGCTACTCTCTGTGGCGTACTGGAAACACATTGTCTGCGTATGTAGATTTGAATGTGCATTTGAGCCATACCGTGACACTGGGACCATCACTGCGCTATTACAGGCTTCCAATGGCTTTGCACACACGGAAATAGATTCGAAGTCTGGGGTAGTAAGCAAAACAGGTTGTATACTTTATAGGTACGTTCCCCGCATTGGTGAATATTCCGACTCGGAAGTGTGACGTGCGACCAAACAGTTTAAAGTGATTCCAACCATGAGTCGTCGCGAAGAGGGATTACTCCTGCGCACGCCGTTGTGCCGTAAGCCGCCCAGAAACACCTTGCCTACACCTCACGTCCTCGGATTATAGCTCGCCACCCCACTTCTGATTTTCTGATCTACATGACGACACCCCAAGAGCTGGCATTTAACTTCCTCGCGTAACGAGTCAAGTCGTCCTACACGCGGCGAGACGTTAGGCACTTGCGTAGTCAGCGCCAGGCACGGAACGCGGTAGTGCTGCCCTGCGACAGAGACGTTCAAGCTACACATTGGAGCCATATGCTTTTTGCAGGGTACCAGCGGTGCAGACCTAAGAGTTCCCATATAAAAGTATTGGTCACGTCGACGAGTTCAGAACACATCGACCGTTGAGCGGCGATTCTTGTCATAAGCAATTTACTTGACGGGGAACTTCAGACCGGTCTTCATACCCAAGAACGCGGAGCCAATTGCGAAATTCCAATCAGGTCGCCAGCGGTATAAGACCATACGCTCGGCTAATTCCGTATCTTTTGGGAACGTTATATCTGTTCGATAATCACTCGCACTTAGATAGACATAAAAGTTTGTCTCGAGACTGTACTTACAATATTCCTTCGCCGCAGCGAGCTCACTGTAGTTCGAGGCATGGAATAAGGGGACTTGCGCAGACAGGAAACTTATAATACTTCGTTTGCAGGTATTCCCGCCCATGGTCCAGTAACCCCCGGGACCGTTTGTACGCTTCTATTGCGCCTATACGACGTAGCTGAATCTACGCTTAGTAATTCTAACCGTCGTAGTTGGAGAACAGTCCGAAAGCACCGGAACACACGGATATGCTAAGGCTAGTCTTATCTCAAAATACATTTACCCCCCTGCGTTCAGATACGCCGGGCAGCTACACGTAA,1709,49.91,Saccharomyces cerevisiae
SEQ_522510,AATGGATAACCAGATCTCATAGCGTCAGGACTTTGAGCGGTTAAAGATACCTGATAGCTTCGGCATGTATAGGGTAGGCATTCCTACGCGTCCAGAAAGCGATGCTGTTAAAGAATTCATAAGCGGACACACACCGATGTCTTGTGCAAACGTCGTGCGTGTGGGATCCTTCGGCTATTAGATCTTCCTCGTCTTCGTGAAGAAACGAGCAAACATGGTGCGACCCATTGTTGTTATACAATAGCTGCAAGCAAATTAGACGTCGAAGGTTTATCGGTTGCGGTCGAACGTTTACAGTAGAAGAACATGTCTAGTTCAGTGTTAACCGCCTACGTATACTTAAAAATCTCACTGGCGGGTAAACCTACTATCGTCTTCCATCTACGGCCAGTATAGCTTGCCTCTTTGCTAAGTACGAAATGTCTAGCCGGGGGCGACCTATAGCTGTTC,450,46.22,Caenorhabditis elegans
SEQ_616679,AATAGGCAAGGCAGCAAGGGTGATGTTGCACGCGAGTGGTCAAGATGGCCCTTCGTTATTCTACTTCAATTATGCCGAATGCATGTAAGAGCCAGAAAAACGACCCCAAGCTCGGTTACCGGGTCAACCCGGTTGGGAACTCAGGTACTGAAGATGTTGCCAGTGTCCTCTAATTACCGAGGTAAGCATGCTTAATTCGGAGCTTGATTAAATGACTTTGCCTCATGGCGGCGGAGAAACCTCACTCGGTCACAAAGGACGAGTAAGGAGCAGTTATATATCGTCTGGTGCCCAGAGGCTCGCCGTCAGGGCAATCGCTAACCACTATCGTACTGGCATACTATAGGCTGTTCAGATATTGGCGAAGGACCGAACCATGACCCTGGACTCAGCCATTCACGTGCGAGGGTTCCAGGCACCATAACGGTCCGGAGAGCTGGATCTCGGGAGGACAGTGCGGTTTGGACGCTGAAGATGATGAGTGTAGCAAAACAGCGCCGGTCCCATCATTTAGTAATCTTTATACATAGTATTGGCTTAGATCAGCGTGTAATGGGGCCCATTTGCAGAGACCCCGGTTGTCCTCACATCGCATACCCGCCCCTGCCCAGGAGATCCTGGCCTGAGTGCATGATTCCCGCTTATCATTTTTTCAAGTAACAACCTCGCCTTGGGGTGATTACAGCGTCGGTCGGTCTTGAGCCGGGTAAGGAACTAACAAGCACTGGCCAAAATGCGGAAAACTCACATTACCAGTGCTCCTACCTGTATGGTAAATACGGTATCGCAGTGTATGGTCTATTTGCTTTACTAACACCCGTTGCTACGCTGTGTGAGTGAGAGGCCTACGCAGGATAAATGAGAACGTGCCCCTAGTTAAGCGATGTCTTCGCAAGCAGGACACGTCAGGCCAGTACATAGCCTCGTGGTTTTCTGACTTTTCTTGAGCTAGTCGGGGGAAATTAGAAGAATGGGCCTTCACAGCGAGCCGGCTACATGCGACCAGAGCTCCATCAGTATGTGGCAAAATTAGCGCACGGAGCGAATGCTCAGTGTAGCAGATGATCCACGGGAAGACGGGGCCATATCAGATCGGTTTCCTACGTTTGTTTGTGACGCCGCCTCTCGCTCGTGGCCCTCGGTAAATTTTCCGACTCAGA,1160,51.47,Drosophila melanogaster
SEQ_132425,CTTTCCCACATTTGCATCTGGAACCCAGGCTTGTAGAGTCATTGTCTTCGTAGATGTGTACAGAATCGCTGTGTGCCTTCTCACCTAAAACGGCATGGTATTGGGAGGTAATATTATTAAAAAACGATCTGCATGTATTGTACCGAGCCCGCATCCGCATGTTCTCCGCACATACCCTGTCTGAACTCGTTTCTCTATCTGCGTGTGCACAGACCACTCTATGATGGGTGTCCATCGGCGCTCTTGCCATTTCGGCAAAAAAAGATCGCTGGTCTCTAGGGGTGGGTGAGGTAGCACGGTGTATACCGGACTTGGATAACTGATTGCTAAATCGCTTCACAAAGGACAGCCAGGCAGTGTCATAATGCCGGCCCCGGATACCTTTAGCTCGTATGGCAAGTCGCTGTTTAAACGTGACCGATCCAGGAGACCAATCGATTCGCAATCCCCGGTCAGGTGAGTGTACGGCTGGATCAGGGCGGACTGCCACTACGGCTTCCAGACCTTTGCAGAGTAGGACCCGCCACCAACCTGCTCGTCTAATAGAAGTACAGTTCCCTGAGGTCCTACTCCGATACCGTGCGTCGATTCGCTGGAACTTCTTAAGGGCTTAATGCGACATTTT,625,50.88,Homo sapiens
SEQ_106940,TAGCGGAGGGTAAGGGATCGCACTAGCATTATCAGCGAGTGCAAGAGTCCGCTTATCCATAGACCTAACCTCAGGAGCCCTATAGCGTGCTACGCCGGCACTTGGGACCAATGACAAGGAAAATTCCCACCCAGACTTGGAGACTTCCTTATGTGGACTCTCGGAGACGCTTTACAGGCCCATGCACCTCA,191,53.4,Drosophila melanogaster
SEQ_475647,CGCTGGACCTTCTGATAAGAGTCTACAATGAGACATTGACGAACGACGAGAGGAAGCGTAGGCTGTCCAACGTCACGTAAACCGTCGTTCTTGGTCATCCCAATTATCCCCCACTCCGGTCCAGGCTAGTATTCCTTAGCAAGCGGCGACCGCGGCTAGATGGCCGCTGAGATGGTACAACGGTCGTGAGGCTACTACCTCGCTTATAAGTGCTCTGCACGATGATGTCTACACTCTCCGATGAAATAGGGCAGCCTTCGGTTGTCGGAGTCATCTACCAAGCCAGTTGTTGAAGCAGCAGAAGATCCGAAGTCCCCAACGGTCGATCGCTCATACGAGAGAACATCATCTTAACACTCGTCATAGCTGAGGACTGTACTAGTGTACTATGGTCTGTCCCCCTATCAGCAGTCAACAGAAATGGTACATGGCAAGTTAAATACCCCTGAGCCCAGAGACTTATCATTTGTCTGCAGGAATGTACGGAAAAAAACATTAGTCAGTTTTGAGGTGGCTACAACGGGATATACAACAAACAGGTCGCAGGGCCACGCCGAGGTCAATTTCTGGACCGAACAGACCCGCGCCGCGGCTAGTGGACTAGATCTTCCTTCTCTGGTAACTGATCCCCCTTCAATCTACTAGTTACTTGTCGTCCTAATGAGGTCTTTAGAA,675,50.07,Saccharomyces cerevisiae
SEQ_631211,GGGCATTTAGTCAGACGCACTGAAGATGCTGATGGGTACTATGCACCGCACATCTGGGGTGTGACTCGAGCTCCGTAGCATTTCTGGGGAGCGTCTACGGACCTATATATGGAGGCGCTGGTCAGCCGTTATGACCAGGGGTCCTGCAACCAGGTTGGCCTCTTTACCAATGCCTCGAGCGAGGCCGTGGGTAGCACGCTGACGCGTTGGAATATTGGCAAAGGTACTAAGCCGGTAATTTGAGTAAAGGATGAGCGCAAATTAA,265,53.58,Drosophila melanogaster
SEQ_242594,GAGAGGTCTGGAAAGGCATGACAGCACCATGGTGTGAAAGATAAGGGAGCTAGCGTCGAACCGGAAGATACTAGCAGGTACGGCTGTGGGGTACGAAACTTATGGAACGAAAAGTCATGACACCCTGTCCAAGATGCAAATTTGCGTACGTCCGACCATCGATACGTGTCTTGGCTTACGAGGGACGCTGAGCCTGATCCGTAGACACGGAGTATTTAACGGCCCCTATTACAACGGGTTACTCAGTCCCAGCGCGGTTGAAACAAACACTAGCGAGATTCCCCACCTTCAAGGATGTTCGAGTCCCCTCTGTTCGCACCAAACTCACACCAGTTACGTAAGCCAGGTGGCAGTGTAGCTCCACGATTCGATGATGTGTGGGCTTCTCCAATAGTGCAAGCTAAAGTGCAAGATTTGTAGCTGCTAGAAATTTTTAACGACAATCACTTAATGCAACTGTATCTCGCTGTGAGAACGCGAGTTCAAGCTGATAGGGCTGTGGCGCGAAGGGTGCAGGCCATCACTGACTATCGGAGGTCGTTGCCAGTCTCTAGCTCGGAACTATTATGTGAGACAAAAATAACTCGGGAGCGACTTGCCAGCTATCAACTGATTCAAGAAAGGTTACTGTGAATGTCCATGGGGTATGAGTTATTCACATCAGCTGCTTCGTCACCTCGCCGGTGCTCATTTTTCTATAGGCTCCGAAGCGGCGTAGGATTATAACTGCACTCATGGGGTTTTAACCCAATGGAGGAGTCTAACGTATAAGCAGCAAAACGACGAACGCTTCTGGGTCAATCACGAATGGATTCACGACCGTCGGTACCAATCCATGAACGTTGTCTAGGCAGAATCAGAGAGGCGCCCTAGACGCGCGACGCCCATGGACAAGACACATTGCCTGCCTACTTCCATATCGTAACCCTGTAACCGTACTCCATTGATACTCGACGGAGTACTCCCAATATAATGCATGAGCTCGTCTTCATATACATTGCAAGTTTGGCTAGGGGAAGAGACGGGTGGTTACTATTATGGCCAGTAAAAGTACCCCTACGGCAAGCATCCAGATGAGGTTGAAGGCTCAGTCCGATCAACAACTCAACGGTGACTATCACCGTATGAAATTTAACAACAGCCGCGGGCAATGGGCGGAAGGTGATAGCTCCATGGGGGCTAGTCTTTCGAGTTAAGTACCACAGAAAGTCCTCTCGTACTTTTGTCGTATAACTAAAGCGATCCTTGCGTAATGCATCAGACATGAGACTGAAGTCACGGATTGCATTGCGGGCTCCTTTGCTTGTTGGTTAATCCCCACAGCCGTTGTGCGGCACCTGTCGGTAGAGCCGGGTGTATGTGCGACATACACTCTGTGCCTCAAGTTAGCTTTCCCGACCCAGTACGCGCGGTGTTCAGGGCCCTTTGCGAGTCCAATCTGCACCTATAGTAAGTAGTCTGATGCAGCGGAATGGAAAGTCTTGTTTTAAATAGCCAGCGTCAGGGGCTTCAGATGGAACCCGTGGCCTGTACATCAGCCGGCTATTATATTATGGAGAGGTACGACTCCGGATCTGGGTCGTCACGGGCTCGCAAACCGTGCGCACTTAGGCTCACATGTGTTTGATGTGCTGGCGAGCGACTACCCAATACCGTCCACTATTTGCTCATCGGTGGACACCCCAGGTTTAAGGCTCCATCATAGGCGGACGACGGTTATCTG,1723,50.44,Escherichia coli
SEQ_318985,AGCAGAGAACGGTAGTTATGGGGATCAACTGAAGATATGACGGCTGACAACTCAGCCCATTGCCAAGCTGAGGGTACGCGGTAGAGGCGATCTCGTTAGGCTTTCATTTAGAATACGTAGACTCCCGCGAATCCCGGACTGGGTGGACCTCTAGTCTGTCGTGATCCCGGTTATGATACCGCGCTGTCCTTAGCGGTGATATTAGAACATCCGGGGGCCGGCCGCAAACTTACTACTTATTAATCCGGGTCAATCACGTTGGAGGAATAACCTAGGGGCTTTCTGTAGCCATGCTGCACAAGCGACCCTTCGGTCTGTTAAATCGCGGCTGCACGGTTACCATCAGATAATGGGTACAGTAACTTATGCAACCGGAGAAGGCGACTTTAGTTGCGACTATGCACTACTGTCTCTTCTCACCATCGACCCCGTCGTGGATCCCATGAATTCTTCAAAAGCGCTGTAGTACCTTCATCACTCCAAAGTTACCAGCAGAATTATAGAATGACGCTGTATCACCCAAAGCGCCTCGTCAGTCATGGCCATTCTAGCTCAG,556,50.54,Drosophila melanogaster
SEQ_712050,AAACTGCGATGGGCTGAAGAGCCGCTCCCGACAATGTCTCCGTCTTCTGTGCTCATGGACGGAGGCAAGCACACTCGTATTATAATAAAAGCACCTGATCTATGAGTGGCACAGTTTATCCCTCTTTCTCGTTTTAATCCAGGGGTATTTCGTATTGACTACCTGGCAAATCTGACGGTTCCGAGCACCTAACCGTTACCTCGTATTACTCCAGGTAAAGTAACTTTGTCAAGACCGGCAGGGCATGTCGGGGCCGGCCAATTACGATGGATCGATC,277,49.46,Homo sapiens
SEQ_350390,CGCCGGATCCAAGCTTTCTGTCACTTAAGTATACCAATCTTCGTGTGGGGTGCACCAGTATCTACAAACATCCCCTAGGCAAAAAGATTACTCGCACTGGGTGGTTTATTTACCTCCGGCCCCTGTTACGGAGGGGTCCTGCAGTGCGATAGGTCCATGCATCTTAGTATTGATCGATATACACGAGCGATGGTTTCCAAGAACTTTCGACTCTAGAACCGGAACTGGGGAATCGAGATGATCATCGAGACGTGGAACAAACTGTTAGGACTCCTGGAGCCGTATGATTTTTCCAAGAGGAACGTGTAGACAGTCGATC,319,48.59,Homo sapiens
SEQ_934669,GACGATGGCCGGAGCATTTTGGAGCGTGCATCGCCGAAATAACCAATTGACACTTACGGTAACTGAGGAGATGATTCATTATTTCTACGTTCCTGGTTTGTTGCCGCTTCCGAACGTTGGCCCCCAATGTCTTGGCAACTCAGAGATGGGGCATCTAGAGTTCTAGTACATGAAGCGCCAGAAACCGAGGCCGCACCTATAGCGCACCGCGTATGGTATCGTCGCGAAGGCGGCCACCTACGGGGTTTGGTGTTGCTTCATAGACTTCCTTGCTTCTTCGAGAGACACAGATTGGTCGCCGGAAGTTTCTAACCCCGGTGTAGGTTCGAGAGTAGACTGTTCTACCGGAGATGACTCTCGCCTGCAAGACGATGTACGTGTTGATCCATAGCTCGTGATTCTTATAGTACCCTCCATCACCTTGTTGTCAATCACCCCAGCGGAGTGACACCGTTAGTTTAACGTCGACATTCGCCTACGGTAAACGGAGGTAAAAGTTATTATTGGATTAAAATTCATCCACGAAGCTGCTTCTCGTCGGGCACGCGAGCCGCAAACAATTACTGGTCGAGTGTGAAGTATATTCTTCAGCCGTGGTCGACGCCTTCAGAGATTCCGCTTGCCACGGCGGGGAGGCCGGTGCTGATCTCAAATTTTCTCCTAAGCAGACAAATAGACTTGCAGCTCCTAAGGCGTGGCTTATTAAGCCGACTAGCTCAAGGCTACATGTCCAGTGTAATCCACCGTTCAGACGCGAACATGCCTATGTACTTGATTCCATATTAAAACGGTCCTACGTTTTACGACTGCGATGAGTTGACCTGTTAATACAAGATGTGTCCCGTGTACAAGGGTGCATGGCAAAGCGGCCTTAGATAGCGGGCTCTGGGCGTCCGACTGTGGCACTACACGTCCAACGAAACCGAGTATAGATGAAGTCGCTCTCATCTTGTTTTGCGAAGCTCTTCGTCCTGTGGCACGACAACGTGCAGGAAGCTGGAACCCAAAGTGATTGCCGTCCGTTCTCATCTCTTCCAACAAAATGAACAAATAAGAGTGAGAATACCATACCGGTTAGCGGCATGCAGACTAGTCGTATCTGTTATGCACTGAAGTAAACGCACACGCAGCCCACCCGAGCCTGCGTGCGTTCAGGTGAGCGTGAGTTTTATCAGACCTACATTGTACTTCATGTGATTGGACCTGATAGTAAATTCATTACTATTTATACGGTCAGTACAATCTTCGCTAGCATGTCTTCTCAACCTAAAGGCATGTGCGTGGTTTGCGAGGCACACAAGTGAAATAACCTACCTCGACAAACCAATTCAACGACAGTCGCATACTGAAGCATTAAAGGTGACCCGCCTAATATCCCTTGTTGGTTCTACCAAGAAATACCAGGTTGCCAGTGATGGCATGGTGGGTTGGGGCTTGGGTAATCGTCCCACGTTTCCATTGACGAGCATTGAATCTACTGTAAAATCGGAATAGAATCTCACCGTACCGCTCTTTATAAATATTAGTATTCTACCATCTATGCAACGCGAATGTTGTGTTCCATTTTGGGGATCTAACCATCCGGTTGAACAGTCTTCTGGCATCAAGTAAGAGTGAGATTACTCTAAACGTTATAGCTCGATTTGCTTACGAATGGGGCCTGTAATACCTTTTCATGTACTTAAGAGTGCACTAGTACTCACTGTTGTC,1710,47.95,Arabidopsis thaliana
SEQ_861127,TACGAGCTAGTTGGAATCCGTCCCAGTTCCGGCGATGCATGTTATATTCCAGCAGGCTACCTTCGAGAGACGCCCTATGATCGTCCAACTTACTTCCAGGTATCCCGCAGCCAGGTCGTTGAGGAGTGGGTTTAAGAAATCGATAAACGTCAGAAGTGGGAACGGTCGTCACCTAGCAGGCAGTAAATTCCCAGTATGAAGCACTTCTAACGCCTTCGCGCCTCGGATAGAAAGGGATTCTGCTGTAGGGCAACTCAACGGTACGTGAGCACCTCACATAAGCAGTCGCCACAACATTGGGTTTGAAGCGCTAGGACCCGCCGATTGTAGAGACTGACTAGGACGCCATATAAGACCTTCAGGTTAAGATAACGCCAGAAATAATTCGGCTCTGGCCTGCAAGGGCGCGTGCGTTCTGAACGCGGCTTATTCAACCGTATTGTTCTTTTCCTCATAACCGAGTATATTGAAGCAGAGAAGGCTAGTGATGAAAGGGCCATTTGCTTTAAACAGGTACCAGCCTGTAAACGCACTGACCAGGATGTTTGGCCGGCTCACTCGGATACATATTTCTTAATAACAGTCGTGTTCAACATAGGTTTTGTCAGGTCGCGGGTCGCCCGAATATGTGGACTTGCCTTATTCTCTAGAATTGTGG,658,49.39,Arabidopsis thaliana
SEQ_964417,GAATGGCCAACGGAGGAGATTGAGTTATTGAACCACAATACGGCCCCCCCCTTAGACTAAAATTCGGTCGCCGCCTTGCCCTATCGCTGCATAACAGTCTGACGTGACGATGCAAGGGGGGAACCGCATCGGCGTGACACTGGCTGGCTCAACGCCTCTGTCGTTTCTAGCGGTGTACTTCCCATCACGCCATCCCGGTTACGTCCTATAGGAAAAAAGTCCCGGGGCAGTTACTGGTGTAGGCGATCTCACGAGTCCCCTCTGATGCTTCACAAAATCGTATTGTGGGTAGCACCCTATGCACCAAATATAAACTTAGCTGTTTGGTCAGACTTTCTAGGAAGTATGTCCTGACACGACACTATGACCGCAACCCTATTCCGC,384,52.34,Caenorhabditis elegans
SEQ_568897,CCTAGGCCTCTGGTTGTTTCTGGTTTCAAGGATGACCACTATTCACCTGTCATCGGAACGTCACCGATATCTGCGCGTCTAGGGAAGAGTAACCGGCGTTGATCGGTGGCCGTATAAAAACATGTGAGCCTTGTGGTTAAGACGCCTCCGGACGAGGTTATCTAACTTGGATTTGACTGGCTCATGCGCATGGACGAGAATGGCCTCACTTTGCGCATGAGTCGAGAGAGCGGCTGTTTTCGGGTTTTTCTTGATTACGAATTGTCGGGGAACTGCAAACACTGCCGGTGAGTGAGATGCCCCGAAGCGAGTCAGCTGGATTGCAGAGTGCCACTAAACGTAGATTGATGGGGTCGCATGTCTGTAGATAAGCGATGTCCGCCAGTCTCAACACGGGTTCCCAGATTCGTACAGTTGCTTGCACCAATGGCGAGTCTCCAAAAGCTGATCGCTTCCCCTGCCGGAATATTTGGGGCCATGTCTAGTGCCATTTCATTAATTCTAGGCGAATCAGTTTGACCTACCGGGTCTCAAAACTGCCTAAGTCCGAAAATGGTAACAGCGGGTAACTACACCCCTCGTGTCTGCGGTATGTGAGTGTGGATAGAGATCGCCGGGTGTGGCTTACCGATTAGTGTCTCAGGCCCTGTAGAACTAGGGGGAAGGGTGGCTGTCGACTGAGACGTTGAACAATCGGATTAAGCCCTGGGGCAATACGAAGCAGAGGAATCCGACTCAGGAGGCAGCAAGGAACACGAAATGAGCGGTTCGTGGTTGCCAAGACTCGACTGCCCAACGCAAGATTCATTACCTGCTCTCAACCCCAGGCCGTGACACTTACAGCGATCACAAATGTCTACAAGCTACACATAAGGCGCGGGGAAACCCATCCCCCCTATACTATAGGGCGTCTAAATAGGATAGAGGATTAGTAACTCCTGACCCACAATTTTTAGAGCATCAATCTAGATAACGGGCGGTTTGTAGTCTGATCAGTACT,1000,51.1,Saccharomyces cerevisiae
SEQ_899825,CACAAATCTCGAGCGCATTAATGGTCCCTGATCCCATGTGCTTCGGGGAGGGTGTTAAGAGTCGCCCTTATGCTTAGCCTTAACATACGGCCCCATTGTCGTGACACTATTATAGTTCAAATGTGGAAACCACCTTAGCATATCCCCGATATCAGTTTAGCCTATTCTACTGATCCTGCGATTGTCTCACGGTTGGGTCAGTACACCGTTGCGCAGGCCTGATGCCCGGGGCGCTACGGGGTCTATTCCTGATTTGGGATTTGGGAGCGTGTCGAGAGACTGCATGGGCGGGTAGGCAGGAGAAGGACGGCCCACAGCCGGACTGTCCGAGTCGACCGCTACTAGATTCCCTCGACTTATGTCTTCATAAACGGCCGCCCGTTTGGTTTGGTATGAGGAGGCCTTATACTTGTCCCTGTGTCCATCACACGAGATCTACAGGATTACCACTATCCACCCCATTGAGCCATCCGCCCGTAGCTATACTTATACTTCTCGAGTCCATGCGCAACCTCACCATTCCCTAGCAGACTCGTCCTGCTAGCCGGAGCTCGTCACGGAGCGGTTGGGACCCAGAGATGGCTTGTTCTATAAGGCTCTGCGTTGCGAACTTCGGGCCGCAGCCTCACTGAGAGGTATAGTAATACTTCAATAAAATCTAGCTGTAAGGATGTACCACCACCCTCAGGGCCTAGGTTTTCAACGGACAAGATTCTAAATACACATGGCTTTCATGACAGATGTCAGAGGTACTTTCCCTGAGTTTACAGTCGACGTTAAAATTAACTTCAGCCGCATGGGATCATATTATGGACGTTCATTCAGCCACGCTTTTCAACTAACTTAGCTATCTCGAGTGCTTTTGAAATTTCGGAGTCGCAAGTTCAGTGTACACTGGTCTGGGTAAATGCATGGACGTGATTGGACCGGAAAAGTACCGTCCATTCTTAGTCTTCAATACCATGTGGAATCAGTTGGGCACTTTATTTAAGTGTATAGTCCATCGCAACTACAGCCGGGCGGTCCTCAAAGTCTTTGCACGGTTTGCCGATGCCGCATCTCCAGTCGTGACCGACTTCTCAGTGGTGACCGTCGTAGGTTTGTATATACGGCAGGAGGGTGGCAACAGGTGTTTCACCAATACGACAGCAGGATGAGTGCCTCGTCTGTTTCCTTGACACGCCGTATCAGGTTGACCCCGTGGAATCTCCAGCATAGCTAATGAGCGTTGCCGGTTTGGAAAAACGATTACAGGAGAAGGGCAGCAGAGTTTC,1274,50.47,Homo sapiens
SEQ_687507,CCAGCCGCCCACCCAACAAGGCTTCAACAAGATAATGCTTCGTCGAGAATTCAGCGTTAACCATCTTTCTAAACGGTGTCTAATAATCTATTCCGATAGGCCCATTCTGACTGGAGTAACAACCGTCATGACCTGGTTATTTTTTGAATTAGTTTACCTTTACGAGGGAAGTCGAGCCGACCGAAAACGCCATTGTAGGGCTAAGTGCCGCATAATCGATTGACAACACATAGACGTCCTAGGTGGTGGCAAGAACGCATTCTTAGGATCTGTTCATAACCCCTCGCGGCACTTTGGAGCGACCCGAGCGGCTGGCGGCCGTGGGGCATCAAAGTTCGGGATCGACTGCGTGGCAAAACTTAATTTCATATCACTGCGCAGTTTCGGTTCCCGTGGAACGGTAGCTTGCCTCACGAAAAATAGAAATGGGGCCCTTAAGTCTGTTTGGCGGCGCGTCCTACGACCTAGCGATATCCTGCACGACACTGATAGGATCCCCAGGTAGGGGACGTGCAGACTTGGGTAGAGTTTTTAACTCATTTCATGAGTCATGCCTCCG,559,50.27,Mus musculus
SEQ_238453,AACTCGTAGATTCAGACATGGTTAATTGGTGGCAAGGCTAGTGGCATGTTGCTCCTTCCAGGAAAATCTTGATCTGGGTTATGTACTGACCCTGTGCAAACCAGCGAGTTGTCTTCGCGACCTACCCCGAGCTATTGGAGCTTTAAAAAAATATAGACTTAAGTCCGGCGTTGTATCCGTTACTTGAAAAAGCAGTTTGAGTACACCGTACCGCATA,217,45.16,Mus musculus
SEQ_128694,TGATTTCTCCTCGTCATTGGTTAGGGGCACGGAGGAAAGAGCGTCTGGCACGCGGCTTCTCTTGTGGACGCATGACGGAGAATGAGGTCTAGGTGCCCGCTCCCGGGAACCCCCCTGACCGCTTGTTGAATTCAGACGACACATAGGGCAGGCTTTGTTTGTCATGGTTGCATGCAACATTAACTCGAAGTGGGCACATAGGCTTTCTGACGTTGCATTAGATATTTGGACACTTAGGGGCTGATGGGTATACCCTCTCCTAGGCTCCGTGGCTACTCCAAGAATACACAATGACAGCTAATTACCCCCGGGTCCCTCTCCGAAGTTATATATATTCTAGCTTACGTCTTGAGTTCACGTTGT,363,50.96,Arabidopsis thaliana
SEQ_634865,GGGTCTGTTCGCTCGGCCCACGTATCGTGCCCGGTACTATGACAGTCGGTTACGATATTGCTTCGTCTAGTGCACGACAGGATATCTTACAGGGAGTAGAGCATCAACAGGAGACGACCCCGCTCGGCTATACAAGCGGTAACGCCATCGAGACCAACGATAGGCTCGCTATTACACACAGTATGGCGTCTGATATATGCCGTGACGTCCCTCATTCTTCACACTTTCGTATACAAGCGCCAAAGACCTAGCTTCCAACAT,261,51.72,Saccharomyces cerevisiae
SEQ_361605,TCGATGCGCTCCAGGCGAAGATGGACATCGCACTGTTCCTTGTAAGTAGCTAGTGCGGGTGTTCATATAGATGCATGGCAACCAAAGTGTTCGCCTTCCAAGTAAACTAGAGTTATCTTCGACAAGGCTGACATCGGAAATATCCAACATCCGGACATCGTCACTTCCTTGGGGACCTCATACTCGATTTTTATAAGGAACTAAAAGTTCTGGGGACAATTTACCCCCCCTAATATATCCATATGCTGGTCTTGGGTACACATTCCTGACGTACCTCGGAAGTGTATTTACTGAGGAGTTTTCCCCGTTTAACTCGGATGTGTTCCATATTTGGAGGATTTCTATTCCCCGGCCTGGTTCTATAAATTAGCCCTGGCTGACGCGACCCAAGGGGATGACAGGTATAAGGCTGTTCCATTTTATTATAATGGAGCCGAACGGGAGGTGCTTTATGGAATATATAATATATAGATCTAGCCCCGCAGCGCCGGTCTTCACAGAGGGGTTATACCCCTAAACGGGTGAGGATTGGATTTACGGTCTACCACGTGCAAATACGGTAGACCCCCACCGAAGGAAGGGGAATGCCGAACAAGATTTTGACGCTAATGAACGCTCTTTTAGTAAAAGGTCCCTACCATGCATGGCTACTCTCAGGATCTTTAATACGACGTTGAAGAGGCAGACGCCGCGTTAGCCGGCCCTAAAGGCCCGCCGGGACAAATCGGCAGCCCTTGGATTCGGATGTGCTGCTCTCCTCTGGCGGAGAAAAATATCTCTCGTGATGGGTGCCGACACGGGAGCACGTACTATCTATCGCCGCTGGTCGGTGCTTAACACGACTCTGAATACCAGAGCCTCGGTAGACACGACTCGATATGGACAGATGGCTCGTAGGGTGCAGCACGTGACTATGCCGTGACGTCGATGAGCAACGGACCACCACAACATGGGGACAACATATGCAGGTCACGATAGTCGTCGTTCGTTGGCCGATCCAAGATTAGCATATCTCTTACGCGCTCACGCGGGTAGCAGCCCGTAATAAGCCAGCATTTGTAAGGCGCTTCGAGGCGAAACTAGGAAAATGGTCGACGAGTTGTATCTCCTGCGGACCAGTTCTCAAGACATTAGAGAACGCCGTGGAGCACGAAAGAGCCGTATTAAGCTTAGGGCCATTACCTGATCAGGATATGCCCCAGGCAACAATGCCCGTGCGGCTGCTTGCGCCAAGCTGAAATACTCAAATGGCGGAGTGTATGGAGTCGCGTCATCCAGGAGCTCTAACTCCATGGCCTAGTTGACGAAATACTTGTTGTATGATGCCGACAATAGGATGTGAGGGTGGTTTACTTTTAACCGGACTAACCTAAAACTGGACGTCCTCAGCGAAGATATAGGGAGCGTGTAAGAGAGCAAACATTATTTAACATCGCATATATGCATCACTCAGTCAAATTACTCGGCCGAGCGGTTTCGATGTCTGCAGATTTAGGTAATTGGAGCTAATTGGGGCATATATGTATTCGGACGCGACGACTCTTGTCGTTTAGCACTTGGGCATGTACCAGTTCCGGGTGCTTTTCATGGATGCATACTAGGCCAGTGGGCCTGGAAGCGAACTAAACAAATGATTAAGAACAGACCAGACATGGTACATAAATTGTTGACGCCTGTGCTAATTTAAGTATT,1692,49.0,Saccharomyces cerevisiae
SEQ_978680,CTTTTCATAGCCGGCCAGTTCACCTTACGCTCTTAGGCAATGACCAGCCCAAAATATTCCGGTTCGCAGCACCATTAATGCTCAAGAGAATTTAGCCAGTAACCATCCCTACTATTCACTATTTGAAGTCATTCCCGCGTGTGCCTTCTATTCGGACTCGGGCCAACTCGTTGCAACGTTGCCAACGTTTAGGCCGGAATTATCCTACGTTCGTTGACACTATGGGGTAATGGAAAATATCTCATATCGTTGTCAGTGTTCAGCCCTAAAATGGCGGCTAAAAAGAAATTATATAGGGAGTGTGCCAGAGGCGTTCGAAATTAGAGGTTACCAGCAGCCTAAAGCATCTGAACGACGGCCTACGAGGTCCGGCTGTTCGAAAGAGCTCTGGGCAATGATTCTATGCTTTGCCCGCCCCTCGAGTAAGGAATTTCTGTATGCCTCAGGGAAAAGCGAGAAGGGCCGATCGTGATGGGAGTCAATTAGCGAGTGGTGCTGTGGCTCTCTATCCCCGTCTTCGAAGTTAACGGTACTGAGAGCTGTATGACGCAGAGCGGACTATCCGGCTCGGCTATTCGCGCCTTTTTCAACCGGTCATTAATGACCCCTCAAAGGATATGGACCGCCTGTGACTCGTCTTCCACTCCTGATTCAGAGGCCACGGTACTTTTGCTTGCGATCTGCCCCTAGCTACGGCCAAATGCGACATCGTGCTCTCCTGTGTATAATCAGCTGGGGCCATCACCAGGCGAACGGTGTTCGGTCCGGTCGGCAAAACTTGCTATGAAACTCACAACACCAGACGAGCCGTATGAAACAGACCAGAGCGGAGGATACAAGTAGCAATCACGGGTAGCTTATAATGATCTACTGAACGTATAGAGGTTCCCAGTACGAGTCACTGAAGACTATTACCTGCCAAGCCGCAGGGAGCAGGGGTAGATCGTGGTGTGAAAATCTGGTCGAGATCTCTCCGAGTATTGAACATAACTCGGCCGACGTCGGCCAACCCACAGCCTTTTAGACACTTCAGGGAGTCGGGTATTCTATAGGACTGCGAAAAGCTTGTCTCTCAGCAGCGGCTACGTATTGTCGACCATTACCCTAG,1108,50.54,Saccharomyces cerevisiae
SEQ_542232,CGAGGGTTTCGCCTCGCACTAGCGGATCGGGAAGAAAAAGTCCGTGCAGTAACGTGGGGTAGAACCGGAATGTCCGCCAATGTCTACAATCCTTCTTCTTATGTAACTCAAGCGTGTTTACTCTATCTCCATTGCTCTCTAGCTCATCTGTTAAAGTAAATTTAGTCCAATGCAATCCTAGAGCGGAACCCCGTGGACTGTTAATGCCTATCGAACAAGTGACGCGGAATCGACCATGCTGATGCGGTCAGAGTGGCACGCCCCCCTTATTAACCAAAGTCATGTGGATAACTTCCTAATCAAGGCTGCTTGTCCCCCAGGTTATAAGGTCTCTGCTTACGGTCGCGCGGACACGGCTAACCATGTAATCTCCGGACATGTCACAGGAAATACAGTGCAGTGTGTGTGTGTGATAGGTTTGGCGCGTACCTTTATACTTAGCCCACTCCGCGTTGCTGAGCCCGAAGACGCCCAGTCTCTCATGCTCTTCGGTAGTGGCTACGGACACCAGCGCATGCTCGATTCATGGGTGGACCTCCAGAGGGTGCAGGGGTTGGCCTCCGCTTATAATCGAGTGGCTATACGTACTACTTAGGCCTGAGAAAAGGTCGCTCTTGAGCTTCGGATTGCTTGGTATGCTCCCGTTTTACTTAAAAATCAGCGGGTCCAGTAGAAACACGATAAATTCCCAGGAGAATCGCACAGGCGTTCATAGGGGCAGCTGGTATCCGTTCATAGTGTCCCCTGCCTTGCAACGATCCCCATTTTGGATGCGGGACTCTCCGACAGTAAACTAGGACGACAGCGAGATGGAACTAAGTTATACTGTTAAAAGTACCAGGCTTTGCTGCGGTTCTCTGTTTTGATATTAATCTACGGTCACGGTGCAGCGGATACCATTTCTTTTCTTGAGTATGTATGAAGGGTTTCAAGGTATTTTGGCCGCGCGAGCTTAGCCATAATAGTCTCACGGACTT,977,49.85,Escherichia coli
SEQ_808359,CGCTACAAGATTAAGAAGAAGGAAATACATTCACCACTTAGCTTACCTTCCTAATAACTCAGTCAGCCGAGAGGGCTAATTCTGGTTTTCTTTAAGGCTAAGTTAGCCCGACCACTATGGACAAGATGGTCTGAGCGGCCAGTGTAGTCTGTAGAACAGATTAGAAAGTTACCCCGACGGAGAATAGAGGGCCCACGCAACGCAGCCCGCAGACCATGCAACATCCCCAAGGTGTCAGAGTCAAGACTTCCATCGCTGTGAAAACCGACCACATGTAGAAAAGAGGAATCCGGTTAGCAGAATCCCTGGTAAGTGATTTTGCTTGGCTACACACCTGCCACTTGCTCCAATTCTACACCTCGACAGACCACTTGGACGTAACCCGCTAGTTGATCTCAGGAAAATTTGGGAGGGAGGACTCCTGGGGAGTAAGTTCATCAGACAGTGATTAAGGCAAACAAGGTCGGCTAACGACTGTTTATACACGTAGCGGGAAACGAGAGAGCCTGGGCGCGAACTTAACTGTTTGAGTGACGTTTGAGGGACAGTAGCAACGAGAAGCAACTGCCCAACCAGCTAGGTAGTAATCGTCCACATCGATGTACCTGTCTGTCGTATGACAATTGGTCGAAATGACCTTAACGAGCGGTATAATGTAGTCCGGACCTTTGCAAGTGCGAAAGTGTGCCATACCTAGGGGGGTCACTGACGAAAATCGCGACCCAGAGCAGCGCGTAACATCAGCCGGTGTTTTCCGTTAAGCCTTATGAAGCTGGCAGCTTGATCAAGCTAGTCCGCGCTTATGGTACTGCCAATGCTGAGAAGATGGTGACTTTGCAGTCTACCATGTGCTGGCTTAGGTTATAGACGTGGACCACAACAGTTAGCGAGGGAAACTACGCATGCTGAAATCATTGTTGACAGGTTAACGTATTGGACTGCGCTGTAAAGGGCTGTTGGGATTATTACCTTAGACCCAGATGAGGTTCGGAATGTTGTCGATATTCACTCACACCGGAGGGTGGACCTCTCTGGTCGTGGAATCGCATGGATGGAATGAGGCTCTCACCTGTACTTTCTCTGGGCTACATCAGCTGACTTTTTATCGGACTGGACCTTGGACCGCATTATAGACCTACGTCCAAGGTAACCAAGTTATCGATA,1164,48.97,Escherichia coli
SEQ_895496,TTTTCATAGTATCCTTTGGTTTAGGTTGATGTACCAGACGTGCATTGCCGCGCCTCGGGCACTCTTCGGAGCAGGTCAGACGGTTGATCGCCCGTATAAAAGTTTCTGACCGCCTGTGCCCGGCCCCGAGAAACACCTCGTACGTGCATTTCTTTTGAAACCATTTCGAGTGACTATTGAATTCCCCCTTTCATGTACCTTGCCGTCCTTGCAGTTAATATCTCTCTGCTTCGCTTCCAAAGCCACTAATAAGCTTCTGTCCACGAGCCATGATCGAGTAGGGATCCGGAGGTAGGCCGGTTATGCTCTCTGTACGTAAAATGCCGCCATGACGCCTCCGCTGGTCCTTTGTTCTGATCTTCGTCAGCCTCGTTAAGACCATGTGTTCTCTCCTTTAATCGCAAAACGGGCCAGATGAGCCTTTCGGGGGAGCCTTAATAACCAAGAGGAGCCTAAGACGCTTCTGTCCGGTCCGTTGCGGGAAGTACCCGACGTTGTCTGAAGGATTACTAGCTTCTGTCGCTAGCTATGTGACTGGCTGCGCGGTTGATAACTCATAGGATGTGTCTGCTATACACTATCGACTGGCTCCCCGTTTCCTCACAAGTTACGTTTGCATCCCAGTATAATAGGTATTTGTAAACTATCAACTATGGTCGTTTGATATTAAATAGTATTGCAAGGGAGAGGCGCTTGTCTTATCGGGGCGTTCCTGAACCCTACGGAAGCGCATTTCAAACTAGGCCCTACACAAGCGCCATCCAGGAAACCACAGCAGTACTTCTGTGAAGTAGCTACTTCTATGGCCGAGATGCACATCATACGGTACGAAATCTCGCATTATACCAGAGCGACGGTTGTCTTATTAAGTTAGAATAACATACGCTGCAAAGCTGACCCTCAGGACCTAAGCAGCAACAGTGTGATTTCTTGTTACATACCCTCCCTCGGGGCAGAGATCCGTTAAGGACCCCATACCCCACTCGGGACTCAACTTCGGTCGAACCCACTTACCGGGGCGGGGATATCAACTGTCGCCCCTGATAGATCCTATCTCCAAATAGGATGCCAAATGTCTTATGTGAAGGTGACATACCCTGCATTCCACACATGTCTAACTCCAAGTGCTTATCAAGGTCATAATTCCTATGTGATGGGGACACCAGATGGTATGGTCATATCTCCAACTTATTTTGCGGGCGCCTCCCGTGGCCGAACCTCGTTAAGTCTATCCGTGCTGCATTGGCCCGAGCAACGGGCGTGCTATCATTAATGTAGCAGATAGACTGATGCAGGGCCGCGCCAGGAGGGAAACCGACTTATCCCCAATACAGCCCTCCTTGGTGATCCCACAGTTGCGGACAAGCGGCTCTATGCACTAAGTCTAGGTCCCTAGCCGTAGCCCCAACTAATGGTACAGTCTTGCTCAGGATCCTCCCGCATCCGCCCTCTTTGTCGAACTGTTTTCTAGACAGGGCATTGGTGGGCAGGAAGTATAGACTTTGGTCGGTACAGAAGGACGATTCCCCTGGTGTAGACGGCATGGGCCCTTATTACCAACAAACCAGACCACACGCCTGAGTATATTTGATGACGCAAGAAGTTTTGAGTAAGACCCTAGTGGCGGAAGATTCCAGGAATAGACTGCAAGGGCTATCAAGGGGATGCCTTCCTCTGTCGCAAGTGAGGAGCAGGTGCAATATTTTTCTGACACTGTCCTTGATGTTTGCCCGCTTCCGTAAAGGATTACCAGCGAATGTATAGTGCCTACGCGTGATAGCGGCAGTTCTACCGTGTCGAACTCTGCTGTTAACCGGATCGTCCAACTAGAGACCTACTTC,1841,50.24,Homo sapiens
SEQ_446946,ATAGGTCACTTCGCATTGCCATAATATTCTACTTCGTCACAGGCAGATCTATAATCTCAGAAGACAGGAAAATGATCACGACAGACTCAGAACGGGAATACGCATATTAGTGAAGGTAGCGCGATCCTTTAACCCGTCTTACCGGTGTACGAGTGGATCACGTGCATGCTAGCATTTCAGGAATTTATCCGAAGGGCTTGCCCAATTACAATATACCTCGGCACGCGGCTTCCCGCAAGGGACGGTTGCGGAGGCATTCCCGTTACCCGCGCTGTCCGTAGGGGGGATGAGCCGACTTGCGAAACAACCGTCAATACCTGGTGGGGAGGAAGGTCAACGTCTTCAACCACCAAGTGCTCCCGACTGGTGGGAAACAGTTGTCAAAGTTTATGTTAGCATCCCGTCACGTTACATGTCAGCCGGATAGTGCCCGGAGTAGGCCCGCGGCTTGTAAGCTCCCAACTAGTTCACATCTTTGAACTGTGCGGGCCCAAACCCAACATCCACTGGGGGTAGATTCTTCTTAAATTGGTGTAAAGCGCTGGAGTAATGTTACATGTACAAGTCGATCTTCCTAGAATAAAACTGCCGAATACATCTCTTTGGTTGTTAGGAGCAGCGCACTGGATATCAAAGGAGCTTGCTCTATAAACCCATGCGGCGGCCTCTAAAGAACCTTTGCTGGTACTTTATGGAGTCGACTTGCCCCCAGACGTCGTCATTCC,725,50.07,Escherichia coli
SEQ_230925,TAGACATGCCCTCATGGATGAGATGTTTTGTAGAAGGATCTGGGGTACTGGTGTATGAAAGAATAGATCTTTGATGTAAGTACGAATTAGAGACCACAGTGCGGTGGAAGTAGTTTCAATGTTAACTAGCATAGTATAGTCAGGTATGAGGTTCACGTTGCCACAACATCGCGCCGTGTGATAAGATGACAAACATTGAATTGCAGGACGTGCCCAGCGCTTAGTCGGGCGCCTGTAGGTCGGGCGCAGGACCTTCGGGGTAGACCCAAGGGTACTCACCGAAGGGACGGCGTGCTGGCAGGAATCCAGATAGTACCCAGGGCGACGTCCCCTTCGTTTCTCCCATCTATATCGTGGTGCAATATGGTGGACAACAACTCCTTCCGGTAGGTGTATGGGCCAACAGCGTATACTTATCCTCCGGGAAAACCGTGGCACCGGGGCGGGCGGTAGTCGAGGAGCCGACCGCTCGCACTTGAATCCATGGACTGCACTGCGGCGTTCGTATGAACAGCGCATTGCTGAATAGGGCTGTATCTAATGTGCCTTCCGATAATTAGGATTACACTAATTGATTTTCCGGAGATACTGACGTCGTTGCGCTAACTTCTACATACGCGTACGAGGGCTAGAGGCAGCTTGCAACAACTGGACGGAGAGCGACATCTATCATGTGCACCTGCTGGCCATGCGT,694,51.87,Homo sapiens
SEQ_509580,GTTAACTAGTCGAACTGGCCTAAGACCTCCCCAAACGAAGTTACTTCTGCTGAACCACGACGACTTCCAGGGATTCAAACAGACACACTGAAGACTAATGCTGGGAAGTAACTAAATTGCGCGAACTATCAGGGCCCGTCCGAATGAGTCCACATCGACCGTGTTTAGATCTCCCATCTGTGGTTCGAATTAAACTAGCAGGATTCGTCTCGAGACCGCGGTGCCGTACCGTTTAATTGTCTAGGCTCCAATTAGCATCAAAAGTATTTCTAAACCTGACTGGGCTTAGGTGCATCCAGAAGAATGCCACCCGCCGATATAACGTCTGCCGGGCACGTATCGTAGGTACTCAGGACTAGCTGTGCTATCGATCTGGGGTGTATACGTCAGGCACCAGAGTCCAGTGGTCAGAATCGGAGTTGTCCACCCGATTGTAGATTCAACTTACTCTCAGAGTAGAGAATGAGGTTTGGTACGGTGAGCTCAAATACCCAACATTATTCGCGAAGATCCCTAACCTTACGAGTAAAGCGACAAGGCGACACTCAAGACTAGAAGTGTCCTGCGCTCGTCCGGCCACTGCGGATGGCCATTTCCTTTGGTGCCGCGCCGTCCAAAGACTCAAATGACAGTGTTGGAAGAGTTATGTTGACGTAGAGGACCATACCCTGTTATGACTACCTTTGGCCGGACAACAATCTTATTCCCGTGTCGGTCCTCGCACTCGTCCGAGAAACAACCCACTAAGTAATCGTTCTCTCTTCTGATGTTGTTTGGTAATTCCGAGGTGCCTCGTCTTGACCTGCACTGGGCCCCTAATTGCTACAAACTGAAAGCCCCGAGTCCCGTGGCCAAGCTTACATAGACAGGTGACAGTTTACGAAACCGTGCGTCTCCCCGAAACCACGACTTGCATCCTATAACGACAGCCATGCGACGACTCGAACAACAGGAATGCCAGAACACCAGAACCGTGGGTCTCTAAATCATGGAA,994,50.1,Mus musculus
SEQ_718757,GTGAATTATGACTACCGACATGGCATGTTACCGAGACGCGATGCACAAGAAACACACGCGTGGGAACTCCCAAGCTGCTCGCATGTTACTACTTACCGCGGACTTACTGAGACAGCCGGCAGCTTCGCACTAGTAACAAGTTGCTGGAGGAACGGGGCTTTCGAGTGGCTGACGCGCCGCGCCCAAGCCCACCTCACGTGAATCCTTGATCCGGGACTGCATGACTCTAAAACGTTCCATACGCGCTAAAGATCGCCTTAAACTATATCAATGCACCCCGACCGTTCTAAAATTTAGCAGCTCGGAGGCAGCGAGCCCTGGCTGCATTAATACGAGTCGTCCCTCTGGTCAACACCATTCCCAAGACCGTTCTCATTAACCCGGACCAGGCCTTAATCGATGATGCCACACAGCGATGTTCGTTTGTACGCAACTTTCTCACAGCTGAGAGTACCACGCGACGATGGGTGAACATCACGTAGGCAACTGCTTGTAGCGAAGCGTCTTCCACCATAAAACGTCCCAGGAGCAGCTATATGATTTCGCATTCTTGTCTCAGCCAGCAGGTCGAGCACTGTAGAAACTAGGGTTCACATCGCGAGAGACATCAGAGATGACCTTCACGATGAGATAGAGCGACCGTGAACGCGGCCTCTACAGGCACGCGGGACTAATCCAAGACGTACGTAGAGGAATATACCGTCAATTGCAAAGAGCTATTTAGACACCGAAAGCGGGATCGAGAAACCGAGATAGTTGGGTCCACAACTACACAGGAAACCCGAATAATGATCTTTGACTAGTCTTCCCAGCCATATGAATCACATCCGACATTATGCCCATGTGAGGGGAGTACCTTGACAGCAGATCCCAAAGGGTCTTCCTCAATGCGTGCCTCAGTGGGCAAGGTTGACCCGTACAACTTCCGTATGCGGGCTTTGCCCATTGTTGGCAGTTGTCGACAGGTATTCAGAATATGTTATAACGTTCGCTGCCGTTGGCAGGTATGAGGTTGCAATTAAGCGAAAACCGCGGACACTAGCGCTGGGCCGCTGAAAGAAAACGAATGTCGGGTCATAGCCTATCTGGTTCCAAAAACAGCTGAACGATGTTAAGAAGTTGTTCATATAATTGAATTCTGGGTGCACTGGGTTCGTTACCGCCGTTAATGTTTAAGCGCTAACCCTGTTCCGACATTTGCAAGAAAGAGCCGCAGTGTGATAATACTCTATTGAGGAACTAGCTATCGAAATGGCCAGAGGCCCCCA,1268,50.47,Saccharomyces cerevisiae
SEQ_951089,ATATAGGTCTACAGGCGATCCCCATCGATGTCTTAAGGTAGGACCCATGTACCAGTTTGTATCCAAGCTGCGCCCACCTAAGTGCATCGTTTCAATTCGCTGCGCA,106,50.0,Drosophila melanogaster
SEQ_423566,CGACTGTTCATTAAGCAACATGTGCTGATCGCGTGTATAATGCGGGGGGTAATTAAATTTATGTTAGAGGACCGTTTAATACGTCACGGGGGACAGGGTGGATTAGCTGCCCTACGTGCAGGTGACTATCCTAATGGATCCTGACGGCATGAATAGAGGTTACTTCCAGGGAAGTGGAGGCTGACCTCGGTTACCGGACTGAGCTAGTATCCCACTGCAATGGGTACTACCATCATCGCATGTAAATTGTTCAGAGTTGATCACAATGCGTCCTTGGGCGCAGGTCCATTATGTGCTAGATCACCCCGTTGAACCCATGTCACTAGTACCGTTTACTTCTCACAACCTAGACTTGTTTATGATGAGCTGCCGTTAACGACCAGCGCGAACAGACCATATCCATCAATTGGTCACGTGGTTTCCCGGTCGCCCCGAGTAACTATCTAAACCGCGGAAAGCTGCATGTGTGGATACCGTCATCTATGTTAACGATTCTTATCACTCCCTTTATCATTCCGTCGTAGAGATAAGTAAGATGGACTCTCTCGACGTATGAATCAGCCCGTATCCCGAGGACTGACAGACGTCGGAAACGCTGCATTCTCGACAATCTGGGTGTCCAGCGACGATAGACCTAAGGGCTGATAGTACAGCTAATGCTGATAATAAAAGTCCAGTGGGACCACATAGGCTTCACGTACAAAAACACTTGAGAACATCGAGTAAACCACTCAAGCCGAGGTCATGACCTATGCTGCGATGGAAGAATTCGGCAGTCTTATGGTGTACCGCAGTAAGAGCCCATCAGCCCCTCCAGGCTATTAGTGACCAACGGTGGCAGTCCGCACAATAACGGGTCCGCCCACGCAATTTAGTAACCCCCCGGCCTTAGGGGCCCATAGAGGCTTCAATCCCACGGAGGACATCTGGCAAAGATGCGTATACGAGAGCCGCTTCGAGGTAAAGTGTCGGGGGGTTAGGTTTCCACGTAGATAGCGGCAGCACTTTGAGCCGCCCGGCGATCTGGTTTCTGGCCCGTAGGAAACCATCCCGCACTGTTTCAGAAACTCAGTCTGCCATACAGAAGTTTAAGAGCCGTGAGCTTGTCTTCGGATGGCACCTAGGCATCGATTCGGGCCTGTATTCCAGCTGTACCGGAAGGTACACGAGTCGTACTTCGAAGCGAGACCCGTTCTGGACGTCATGAGGCTGATAAAGTTCCTCTCAAGTTTCCTGTCAAGAGGGCAAAGTCGCGTAACTATTGGGGAGCATATCATGAGCGTAGACCATCTAGTCTACCTGGGAGCTGGATAGCCTGCTTAGGACTGATAAAGGGCGCCGACCTAACATGCCGTGGATTTTATGGCTATTACTCGTGGTGCTCGCTGAGATCTGAAGGAACATCCGTTGGAGTCACTTTCACCGAAGAGCCCGCTTTCAGGAGTACTTATTCCTAGGGCGAGTCACGGTTATTCCAGTGTGGGTTTAATGTCGTGCGAAATACAGAATGCAGAGAGTGATGTAGGAGATCACGGCTCTTGTATTATAGGAGTTTGGCGGGTTCGATGGGAAGACCCAATCAGTGAGTTAATGAACCGAAACCGTTCCACCGACCTGTCATTCACTCAA,1629,50.4,Caenorhabditis elegans
SEQ_711359,GAACGATCCGAACGAGCCAGCCTGCAGTCCGCGTCTGCTTAAATTACACGGATCCCCTAGGTTGTCTCAGCCCTCAGAACGTAGCACGCGAGGGCGGTTGCCGGCTAAATGATCGGTCGCGTCTCAAGAAGGACACATTTATAGTGAACGAGCGCTCGGGACGAGACACATTTGTACGGCGGGGCAATCGTTACGAGTTACTGTGAGTTCAGAGTCCTGGGTTGCCTGCATTCATCGTCCATAGTCGGAGTAAACGGCCCAACATCTAACAGTGAGAGAACCGAAGCCAGATCCGGTGGGGAAATCGGAGGGACTAACGTGTCCTCACGCAATTGAGACTTCCCGAGAGGTGTCGCTTGTTAAATATGTAACAATCGCACCTTTGTGAGCGTGCGGCGGCTCAGTGCGGGATGGTGTAAGGGCGCGAAGCATGGCCATCTAAGAAAACTGAGTGTGGTCTTAAAGAATGGTGTACTGGGCGTTAAAGGTCATAAGCCTGTCCCCCGCAAGCTAAGCGTTACGTGACTCTGAGTTCAAGATTCGTTGGTTATTAAAGGTCGGGGCTGGCTTGAATCGAGTTGTGAGAAGTCCTGGTAAAGGGCCTACAGACTCGCACTCGCAACTTTCCAATTTGCACTCGCTCGAGGACTCTATGAAGGACAAGACATTTGGATCGCTGAAGTAATGTCGCGTGCACACCGTATGCGGTAAGTCTGGGGTGTCGACCAGCGTGATGATTGCGACGAAAAAAGTGATGGACCTAAGATCGTTGCATACTCATGTCGACAGGGCGGCTGAGCCAGCAAGGCCTCGACTTTAGAGGGCCATAGATTCGCGCTGCATTGTGTGAGCTGTGTGTTCACTAACCTTGCTATAGTGTAATTTCAAAATACTGAGCTAGCTTGTAATCGGAACCGCGCCGCTATTCACAAAGCATGATCGCAGCTCCAGTGAGCAGAAATAATACGCGCCCCATCTTACTAGGACAATAGGTTTGGATCTCAAACGGCCTCCGGTGAAGGGTCATGACGAATACCGTTCTTATGAGCCCTGGAGCCCACACTTCGTCCCGTAAG,1076,51.77,Arabidopsis thaliana
SEQ_398681,ATGTAAGATACTACGTATTCCGTTTTGCCTATAGCACAATATAGTAACACTCGTCCCCTCGTGTCACGATGGGTGATTTGCCCGGCGGCCTCTAACTGTCAAACGTGAGTATTGTTCCTGGGGATACGCGGTACATTAGAAAGTGTCCTGCCTGTATATCCAGTCGCGCTAGCGGATGTGCCAGTGCGTCAGATCATCATTATTGACTCCGAGGACTAAGAAGGCCCTAATTAGCGAGTAAGCAGAAGGGTAGATGCATATGAGAAAGGCCCCAAAGTCATCCAAGCCTGCTAAGAAGCGGTGAAGGGTAGTGCGCGACGGGGACGTCTGTCGTGCGGCGTATTGCGGACTCAATAACCGAACCTAACCTCTGTCATATAACTCCAAGCCCACGAAAGACCCGTTATGGTAGAATCCTCGATCGGTGACTAACAGGAGTTGCACCTAATGGTGCTATCCGTGCTGTTAATTATTCAGCCCGACATTGGCGAAACTCCAAAGGGCGGCCGATTAATCCTTTGGCCGCTACGTCTTTTTGGCGACTAACAGTTCGAGTAGTCACGGGATTAACTTCGCCCTGCCGTTTCAAAAGAACCTAAGCGCAGCAAGGAAGTGAATTGACGCGTTCGACGAGTTGAGAGAAGA,645,49.92,Saccharomyces cerevisiae
SEQ_655749,CAATTATGCCTTGAAGCACTCTACCATGTCAACTCTGCGTAAGAGGATTCTAGGGAGATGCCTTGTACTTCTTAGGCGGAACGATTCCAGGAGATCCAATCTAGCCTCTAAAGGTTGAATGATGAATAGCCGACACGCGGCTGAGGTAGCTACGGTAAGAACCATCAAAGTTATCAGTTCAGTCCAAGCACCCCAGCCAAGGATAAGTTGTACGCGACCGGATCCGTATGCTTTCTGGACCAGCGGATCTGGAAGCGTAAAATTATGGCCGATTCCTGTTGGCAGGTGATTTTCTCCGCACCGGCCACTGCATTAGACCTATGAGCAGCGGAGGGATAAATGCTTTAGCCAGGACGCAGGAACAGATATTCACCATGTTTCGGGCTTTCCAGACGCAGTTTTGACAGGGCCTCGTCCGTCAAGGCAAGATGA,432,50.0,Drosophila melanogaster
SEQ_948776,TAATCTCACACCCCTACTTCTCTCGATTCAGACCTGTTGAAACAGCAACGCGGACGGGCCTAATTGCGAGCTAAAAGTGGTCAGAAGCACCACGGCAATTGGGAGGCGTCTGAGTCGCACAGAAAAAGAAATTTACGAGGGTGAGTACGGTGTACCGCGACACCGCCCTCTAGCTCGGATCTCTCGTGTACGAGATGTACGAGGAGATAAGTGGCCTTGCGAACTACTGACAAGTTTCCCTGGAACAATCCTCGGACACACCGATAAGCTTACCTTCTCAGGGTAAAGGGTGGAATCAGGAGGCCACGTCAGACTATTCCAAGTGTCCGATACAAACGGATCATCATCTCGATTACCGGACATTGCTGCTGCCTCATCTCGCATTACTCCAACACTAGGTCTGCCGTCCAACGGTGCGAGCCACCAATATCGGCGCTCGAGGTTGCCTCTTTTAGATCGGGCGCTAGTCCCTAAAAACGCGTCTCGCATAGACTCGAATTCCTAGGGCACTCCTACGGGATGTCGCTAGATCCGTCCATAACCGTTACGGCGGTGATATATAGTCCAGGCTGAACAATTCACAAGAAAGGGTGACCGCGGGGGCAACTCGGTGCTGCCGCATGCAGATTGAGAGGGATAAGAATCCTACCCTAGGGTGCATGCAGATCTTTGCCCGTTGCCATGTTTCACGAGCTTG,697,52.65,Drosophila melanogaster
SEQ_372901,TTAAAAAAGCTTTGCGCAGAGACCCAACGAGAGCCTGGTCCATCGCGAAAGCCTCTATGGCCCAACACTGCTTTCTTGCTCCAAGCTGCTTCATTTTGAAGCTGTACCCTGCGTCACACTTGTGCGAACACCCCAAAGTTGCCGAACCTCTACCTCTCAGGCGGTAAGGCTAGATAAGGAACCACGCGCCTCCCTACCTTCTGCCTAAACTAGGCGGATACCCGAGACGCTGGTACTTGCCTTCTTATTGCACTGCTCACGGATGATCCGATTAAAAGCCAGTCTAGTACCTGCTTTGCTCTGATACAATCCTTCCTTCGATCTTTGAGCGGTTCATTGCATGGCAGAGTCGCGGCTTACAATGAGAATATTGTGTTAGATGGAAATCTCATAAGCCTGGGAATATACAGCTATTTGGGAGCGAATACCGGTCATCAGCGATGCCAAGAAAACGGTGATCTGTGGGTCGCAACACGGAATGTATGGAGTCGTTGGGTATTGCGTCGGCCCTCACACACATCTCAGCACAAACACCGGATCCGTACCTTGTAACCCCACCAGTGTATAGGGAATGGGATGGGATGGCGCATCTCAGTATTGAGTGTGTGACTTCATGACATATTGGCACTCTCGGGACCCGTACTGAGTTATGCGAAGGTCGAGGCCACACCCTGTATCATACCTGTTACACTTCGCTGAGTCCAAGGGCCCAGACCGAGAATATCGAATTGATTTTCGCGATGCACTTGCGTCATGAAATCTCGCGTGGTGCTTATTCCTAGTGAGAAGCCCAACTTTATCACCCGCGGCACTACCCACTGGTCAAACGATCTCTCTTCTGGCAAAAACTTTTTTATACGTCGCCCGTACGTTGCCGTTCTTGAGCAAGGTAGGGGTTCCTTCGAACGTTATCGTCAGCTAGAGTCGATTGAAAGGGATGTGGTGCTGGATCCAATATAGTGCATAGAGATGCGGCGATGCGCAGGAGGTGGGTCGATACTGATAACGTACAACGCAGTGCGGAAATGTAAATTTCAATCTCTGAGACAACCCATTACGTATTTGCATATCGCGAAGACGTCTAGAGCCCGGAAGATAATACCAAGAACTAGGAATATCGCGGCGAGGTGGTCAAAGTGGGACGACCCCGATGCGCGCGTTTGAGTTTTTATCTGACTGAGTGGTTCGCAGAATGGTCCGTTCTCTGGCACTCGTCTCTTCCGATACCATAAGCAAGAGATGGTCGGCGATCCACTCGTCAACGTTGGCTGAGAGCGAGAGTAACTGAACAATAGAACGTTCCAACGACCTCAAGCCGTAAAATAAGGGTACGGAGACCACGTGTCATTCAAT,1353,49.96,Mus musculus
SEQ_966032,CCTCAGGGTGGGGTTTGCTATATATTATCAAATGAGCCGCAGGGACCTTTATTGAGCATTGGAACGATCTCCGACACTTTAAGTAATTCTGGATGCGTATTAACAACCGGAAAATGCAGAACTGATTATTCCGTCAAGCAGTGGGACACTGCTTGTCGCTGTGACCGATGTGACCCGTTAAGTAGTCCTAACTCAGTGGAATACGATTATCTGATGTGTACTTGCTTACTGAGGCGTTTCAGCCTGAAAGCGAATCCTACATGCGCTTACCTGTTACACTGTAGTTCAGTTACGGCGGTTCTACTCCACCTGCCTGTGAAACTGGGGTGCTTTAACGATGGCCTGATCCGCGCGACGACTTCTCTCTTCCATGGTATGTAAAGAGGCCGGATGCGAGGCCCCGCCAGGGGTCCACACAGCCGGCCTGGGTTGATGAACTCGTATTATGGGTAAGAATGATGGGGGCCATCGACTGCCTCTACTTGAGCTCAGCATTAGATCGTGTAACCCGAACGTTTCCTAGACCAACCGGCCCCCTGGATGAAACACAGGTTGTCTTACGTAGCTCCAACCCGAACTCACGCCCTAGTGTGGGAGTAGGCGAAGTTAGCTTGATGGTCTCACAGGGATGATGAGGGTCCGCTATGTAGACCGAATAGAGGAGAGCTCACCCCGTAATACATCAGGTACCGCTATCCAGAGGCAAATGGCAACATGACAAGAGAGCATTACATGCCTGATTGTTCATCGGCTTTGTAAGGTGGGTGACTGGACCGCCTCGGCTCAAAGATTGCCGGT,798,51.0,Drosophila melanogaster
SEQ_722507,AGTGCGCTTCTATTGCTACGAATCTATGCGGCTACCTCCTATCACTCTCACTACGTGTGATGGCATGTTCCGGTCCCACGGTCCTCACTAGTTGAGCTCGGCGATAGTCTTGGCCTCGCAGTTCGTGTACACCTATGTTCTTCCCTCAGAGGTTGTTACTTTGCGGTTCGGGATCCAACTGCTGGGAGGCCTTACTCTCGGGTAGCGCCCCGAGCATAATTGCCGAAGCTGGTCTAGAACAAAGGCGTCCGCATAGCGAAGAGCCATTTGTACCGATCTGTGTGCGACCAAAATCTTAGCAAAGATGTTTTAGGGTAGGCCGGATGATGAAGGAATTTACGTAACGGCTATCGTTCCACTGTTATGTTAACGCATGCCGGATGAGTAGGAGGGATTCCGTTTCCTCGAATAACCTACCCACGCGAAGCTGAGAGCGCAAAACTTGGGGCTCAATCCGCAGCTACGAACACCTATGGTGATCCTATACGGAGCCATGCTTGCTCCGACACTGCGTGTATGAGTGAGAGTAGGGGGTATGAGCGACGAGCCGAGCCCGCCGCCGTGCACAGTGAACGACCTTCCCATCGGCACGAGTCGTGTCAGTTAATTAACGAACGTGGTCAGGTACTTTGACTAACGTAAAGTATCCTGAGGTCACTCCCCTTCCTACGCATTTAAATATAAATCAGCATGTTATCTAGTGCAAAGAAATATCGGTTATGCGTACGCAGGTGATAGATTACTTATTAGGCTGAGACATCTGAGCCCGTACCAGACTCTTCATAATCAGAGTGGGCCCTCAGCGATAGGGCGCACGTCGCACTACTAGCCGAGGGTTCGCACACGAGTTTATGGAATATAGAGCGGTGTCAGGCCTAGGGTGGTCCTTACGCGGCCGTCAACATGATA,909,51.49,Caenorhabditis elegans
SEQ_374545,TTTTGCTGCCGCCATTGGACCACTGCACCATACGGACAGATCAGGAACCACATGTGTTCCCAGATCGTAGAGGCATCTGACGACTGATCCCCACCGTACATCTAAGGCCTCCATGATCACAGCGTTAGGCGATGCGTTTTTCTTCTTCTCCGCAGCGGGGCTATCGCTTCATTTAACACATAGGTCAACCCGGCTTGCACGAGCTAGTCGCGACCTATGCTGCCGAGGCATAATTTTGAAAGCCGGCTGAGACATTGACCTGCTAACACGGCAGGCCTAGTGTTTTGTATTTTAGCTAGTAAAAATTCCTCCTTACCTCTGGTCTGGCTTTTCTTATGTTTGGATAGTAATTACTTACGTAAACAAGAGCATCGATGCGAACAGCAGTATACTGTCTTCTATCGTCGCCGCTTTAGCGAAGTCAGTGTAGCCTACCTATTAGCACTTGAAGCCGCCAGGCGTTTGTTCAGTGCTGTAGGTGCCCATTTGTCCCTTTGACACTCGATTGCGAGTCTGACCACGCAGTCCTTCCGAGTCGATTAAGCCCACCCGTCAAGCTGGCTTTCCATAGACAGTAACACAGCATGTCATAAGCCTATATACCCTCCAGCTCCTCGTTCACAGGAATGCAAGAGCAGTTGACACAGCGTCTTGATCACTGTCCGCCCGAGCCCTAACGAGCGCGGGTCTATCTTGACGCTCTTACAAGATCACTGTGGGATAATACTGGTTACTCAGGTGGAACATATAAATATCTGCCTGTCCTTTCGCGGGGCCTCATTAAACTTTGGTGTTCGATGTGTCGTACACTTTGAACCCCTTGTACAAAAGTCATACGCGGGTCACGTGGCTCTTGTGTCAAATATGCCAGATATTATGTGTCCGCGAGAACCAAACGGACCTAAGCTGTGCTTAATGAATTGGGAGGATCAAAATGGTCGATGGCATGAAAATCTTCTGAACCCGTCGCGAACGCTTTATGCTTTAGTCGACGGGAGGGAAAAGGCCGCGTCGGTCCCCAGACATGATTAGATACTCTCGGTCCCATGTTAAACCTTGTCCATTCTCCAGCCCGGATGGCGTTAATCGATTCGTAGGCTGTTGATTTCAAATGTCTGGAAGCTTGCTACCGGCAACTATACAGAGCTCACAAACGCCGCTGTACGTGTCCGCGTAAGTGGTAGTTCCACAGATCATAAGTGTACGGGGAACTGCAGCTGAATTCAGCATACCGGCGTACGCGCTCTTGTACCCTCATGTGGACTCCTAGCCCTGGAAGATCTCTCGTGTTGACGACTGGGGCATGCACCCCTATCGTAGAGTGTCGTCATCAGGCACTGTGTCCGCGTAGCATAGGGGATAAAACGCCATCGGCTAGATAAAC,1384,50.07,Saccharomyces cerevisiae
SEQ_191018,GGGCACCGTCTCAACCTTCTGAGCAGACCCCCCCATATAACCAGTCTACCGGGTAACATGACCCGGGCTCCCCGGAAGCCCCATGTTGGGAAGCGAAGGTTAAGTCCAAAGTATCTATGACTAACCCTGCTGACTATCCTGGTCACGCCCTGTCCATAAGTGGTTGTATGATGTTTCAAGTGCTACGGCATAGTCAATCGACCAGATCAAACTGGTGCTGTGGGGTAACCATAAATTTTTGCGTGTCGCTTAGGGGGCCTTGTTCTTCTGGAGTCTCAGGACTCAGAAATAATATATATCTCGGATAACACCTCATCTTGCGCAGAACTGTCTAGTAGGTGGTAATAATTGACTCGCCACTACATAAAGAGAGGAACGAGAGGAGATACTTGGCGAAGACCTAGCCTATGTATGTGTGGAAGGATGCTGTGGGGCAAAGTCGCACGAAAGGCCCATGGGGCACTTCGTCGGAGCACGCAGGCTTCCCTGTATCTGTTCATTTGCAGACAGGCAGAGGCTAGTATATTCGTGGGTAGTTCGACTTTGA,547,50.09,Mus musculus
SEQ_180286,GGGTAGAGTCCTAAACCATCCTACAATTAGGCGCCGTCAAAAGTCGAGGGATGCCCGGCGGAGCCCACTCTTGTGTGGACTACGGTGGCGGCGTTGAATCGAGCATCACTCGAAGAGTTAGAGCCCTAGTTTCGGGACCGCGCCAGCAGCGGATAGCCGTTCCTACCTCAGCACCCTGAGGGGATGAAATCCTCTCCTAATCTAGTATCTCCTAGTTTTGATGACTGCGAGCAGGTCTGAGAGGTTTACGCGGGTCATTGTCCCAACCAACCGCCAAAGCTCGGTTCCAAGTACGTCTGTCGTAACGTACGATTGATAGTCTGCCGCAACCCCAGCGATCCGAGCCACATAGATCAGCAAGCCGTATTATCGCTACTCCGTTAGAGTCTCGTACGTGCGAAGTCGGCATCGCTAAGGCTAGCCACCATTTGTAACTTATGCGTGCAGCCGTACCAACTCTATAGATCCTCTCCACGCACTCGGATCGATCTGACCGTGTTCTGAGAGTGAATGTGATTTGGATCGCGATGTTTCACTGGTGCGGCAGATCCGGCCGAACAATGCACGCGTTAGTGTGCTTGAGCGTTAGTCACATACCATTCGGCCATCATAAGATGTTCAGCTTGCGGCGAGACTATCTCGGTGGGTATATTAAGAATGAGCGTAAGAGTGCCTTGAACGATGTAGTGAAATGTGCAAAATCCCAGAATCTAGCAGATTCTGCATGTAGACATAGGGATCGCTTCGTTGCTAGTGCACGGCTAGCATCAAAGTTTACGCCCATAAGGGAAGTCCATTTCTAACCATCGGCTAACGTAATTTGTAACAGACGCAGGGCACGTGGGAGTAATCGTACGCCTGTTAGACCGCTTGTCCTGACCGCATATGGGGGAGTTGCAGGGTTCAATATTCGTAGACACTCTCCTCACAACGATGGCCCGTTACTGTAGCAAATGAGGAGGGCGGGACTGGAATATCTCGTTTATCTCCTACCGTCATTTATGGCGATCTGTGCTTTGCCGACAAGCGCTAGGAATAAGCCTTTAGACCAATATGGACGTGTCTGCGCCACGGAGGGGAAGACCACCCCGTACACCTAGGACACCGGTGCCTAGGCTCACACCTGCCGGGGCAGATCAGCAGTCGCGACTCAGAGTGGAGTATAGAAACATCCCAGGTTATTAACCCAAATAACGATTCTGTGCTTGGTACCACCGTATAGATCTATCCGTGCCCCAACTCTTCCAGATTCATTTGTACTACTTTTTCCCACGTATACTTCGCACAAATCATTGGTGCCGTCAGAGGCCAGAGTCGGGCAGGTAGTGAGGCTATACTGACGCCCACGTGTGAGCGGGATTTGTCCCGCAGTATTCCACATATGGTTGGCGTACACATGCCCCTGCAGGAACGGTGATGATCATATCTAATTACTCTATCCCGTAGTGGGTGGCCTGACGAGGCGTCAGATCAGAAGTCCGCGGACAAACGGGAGCGCGGATACGTTGAGGACCGCGCGCAACGACTTCGACGCAATCATCCGACCCGAAATCGACCAAATGAGTCGATGCAGGGGTCAATCCTCCCGACGACCGGTGAAGGTAGAGGATAGTAGTTCTCCTGTTCAGCGCAAACCTCTTTTCTAAAGCAATTGCTATTAAGCTTATGAAGACATTGGGGTCTGGCGACATATGCCAGACTAGGATGTGACACAGTCAGAGTGGCACCTCGCGTAGTGAAACTAACATTCAACTGCAGGGTTAGACAACTATGGTCTCCTTATCAGTTTGGCGGTAAAGGCCTAACCAGACAACGCTCGTCAGTACATTGTGAATCTAACTTCTCCCTTAACGCTGGAGGGTACACTACTATCGAGTAAGGTCGCGGGTGCT,1892,51.59,Mus musculus
SEQ_682960,GCTACGATAACAATTTCTATAATGGCAATATCTAGGAGGAGGATACTGCGTTGTCTCACAGATTCGTTTTATCAAAATTAGGAATGGCGCAGGGACCCTCTGTTTTCTCACGCGACAGACATTCACGTATAAGTCAGTTCTTCAGGATTCAGTGAGTCTTGGCTGTTTCAGCCCTCCATACATCTTCGTGTACGATGTAAGACCCCAGTTAGGTTGAGATCGGAAGCAGCGTTGCCGCCGCACAGTTGGTGTAACCCTACGCGAAGAGGACACGAATCAGAGCATCTACTACCGCTACTAAAACAACTTGAAAGCCTGGAGAGTGTGGTCAAACACCTAGATATGTTACATATTATTGTAGCAATAACGAGACCTTCACTGAAAGGGTTCTTTGGTGCTCCAAACTAGGACTGGATTCAGATCTTATATGTAGAAGCGACGCGGGAGACGGTCATGGCGAGCAGCTGGCCAGCCTCCACACTAGCGGCGTCATTATTAGGTTCCCTACCAAACGCCCCGGTGCTGCGTTACCGACGGGTACAAAAGACAACCGAAGCACAGTCGTACAGGGTGCCAGAGTTAGCCTAGTACGAATCTCGCGTTTCATATGAGTCGTTGAATGTCTGCACTGAAGTGATCGCTCCGGGGCGCTCTCCTACGAACGGCCTTCAAACATACCCACGTGAACACTCGAAGCGGTCCTTTCTGTATGTAGGCATTCGAGCCACTTCTTCTGAACTAGCCCCGCGTGTACCGCCATCCATTAGGCAGCATACTCAGGCGTAGAGTTGTATGGTCGGTAGAATAGAACGAACGCACCGTGAAAGACGAGTCAGTGTGGACTAATAGTCCTTAACTTTAAGTATAGTCTCCGACGGCAGGGCTTCGGCCCGTCGCGTAGGTATAATTGCTACCGCTTTGAACTCTCTAAACAACATGCAGAGGTTAAAGACATTGACATCCTCCGGTGGAATGGGTGCTGAAGAGAGCTAACATAGTCCTTTCACTTGCACCATGATGCGGAAGAATCTGCGGTGTTTTTAGACCCTCTGTACGTCCGGATTAAAGTTTACCCATCAGGCAAACCGTGTCGTTTGTTTCGTCGCGTCTACATTCGTACCCTCGGATCAAACGCTTTTGACAGAGTGGCTATCAACATGTTAATGGGACTCTACTTGTCGCCACAGACCTTTTTATAGAAAATTTCTAATTGCCGCCATCAGGCCGAATCCTGGATAATTTAGAGAGTGACGCTAAAGTAGTCAGGAAGTGTTAGTCTGGATCGCGCGCCTTGCCGGATGGCTTCGTTGTTCCATGATTAGGGAGATTACAGGTCAACGTTCATGAACTGATACATGAGGCCCTTCCTGGTTACTCGTATCACTGCTCGCACGACACATCATGGCTGCGCGCAATCTATGCATCCCGCCTAATGTCTGCTTATT,1445,48.58,Saccharomyces cerevisiae
SEQ_644432,TCCATAAGACATGCCGCAATAACTGTAAATGACGTGCCCAGCAATATAAAAAGGGCCACGCGCAACAGTATTACAACGCGCGGCATGACATCATAAAGGTTCTTGTCATAAAGAGTGGGGCTCAAGCGAACAGAGCAATCGCTGCTTTCGGATACTGCCGAATGAGCAATGTAGGGAGAGTGTCTCATATTAAGATGCGCCAAGACCCGAGCGGACAGGGGACTGTCTAATAAGTACCTCATAGATGGATATCCGTGTTGTGTGCTGTATCTTGCCGTACGCTATCGGGGGGGTCCGTGCTCATAGAAGCATTACTGAGACATCCAATATCGAGACAGGCAACCCGGTCCCTCCACAGTCGGTGTTATTACTAGATAAAAGTTCCCTCGCCGCCGAAGAGAGTATACAATTCGGGCGAAGGGATTCCCGACGGGCGCAAACCCCATGTTGTTGAATACTAAAACTACAGGTAATAGATGAGGTATCTATAAATCCTCGGGAGAGGAACATGTATCGTATACTACCAGCACGACTAACCTTCTACCGCCTGGGCGGACGTTGTTGACGGAGATGATGTAATTAGTTCAGCAATATCGTGTTTGCACCAATGTTAGCACGGCCGGGGAACATAAGGTGCGCGTTGGCTAACCTGGTTATTAAGTGGCGAACATTCACAGCCAATCGTCATATTACCCACACTCAACGTATACTGTAGGCCACTTTAAGAATCTCCACTCTCCTTCCTGTGGGTTTAGGTTGCGCCTTTGGTCCTCAAGCGAGGGGCAACAAACTAGTGGTTGCAGCCTTAGCAAGGGTACAGTGGGTGAACAGAGCACTGGTTGTTGGCACCTATAAGGTTTGTGGAGATCACACCCATCATAGTGCAAAAGTGGTTGGAACCATGAGCGGCAAGATGTTCAAGGTGTTTTGCGTTCGCCTAGCCACTCGCCCGCCAGATTATTGCCGAAGTCTTCCGGCG,979,49.34,Arabidopsis thaliana
SEQ_998573,CACCGTTGCGTGCTAATATCCGTGAAATTGAAGTACCCAGAACCGTTGTGTCCAGTGGATTGGACTCGAGTGAGACAA,78,48.72,Caenorhabditis elegans
SEQ_471030,CCAGAGCTTCCACAGGGCCGCGCAGAAGCTTACGGTGGTACTAGCCACTGAGAAGCGGGAGCCAGCATGAGTGCAAAACTACCCTCATCGCGTTTGCGTGCAGGGGCTGTACGGGAAAACTATATCAGCCCACCGCCCTAGTACGCCCTTAGATACCTCTAGCCGCTCCCTATCGGGAGGAACACTGCATATGCCAATTGGACCTGCAAGCTTTCGTTACGCCCATAAGGATAACAATTCACATCAGAACCAATCGCGCGGGGTACTGTGTCGTATGGAGATAATTTGGGGGCGTCCCAAGGTTAACGGAATGCCAGCCCCGCTCGGGTTCCCAGTGGAGGAACGCTCGGAGTACCTCTGAAGGGGATAGACGCGGTTTTCCGAACATGTACCGGCTAAGAGCCGGAGTCCCAGGCGTGATCCAGGGTTGAGCATCACAGCCGTGACACATTCTACTCGACCGTCGAGGTTAACTCCATGCTCTCTGACCGGGAGCGCCCCGGTTAGTAGACTCCAGGGGGGAAGTATCAAAGTAGCAATGACGGTGTCGCGGATGCGTATTGGGCAGCTACATTGAGAAACATCCCTTCTGGGCGCACCGTAAAAATCACTCCCGCCGGTAGGCTTGGTCTTCCACTTCGAATTTTGTCTCGGGGTTAGCACCGTCTAAAGCTGTGTTAATGCGTGTTACGCCCGATTCTGCGTGTATATTTCTTAACGGT,722,54.85,Drosophila melanogaster
SEQ_230590,CCCTGGTCAACAGGCGCGGACATTCACTTGCAATTCATCGCTACATCAGGGGGCACCGTTGTCCTGATGACTTGGCGAAACCATATCGCGCTTAAGCGTGACTGCTATTCTATAGAAGATTGAAGGTGCGCCCGACAAGAATATTTATCGCCCCAGGACACAAGGCTCATTTCTACACTGTGATCCGATATTCAAGGATGGACTAATCACTTCCACCTTCCTCGGTGTGCAGCCTAATCTGAACACTAAGGATACGACCGAAGGTTCCAACTATTGGTAGTCGATATGGTTTAGTCCTAAAAAAGGTAGATGGCGGGTCGCCCATCGAAAGAGATACACCAATTTAACCTAGCCATGGCTGCAGCCTGAATTGGTATGCACAGCATTTTCCTTTGTTACATATAGGCATGTTCTTCTCGATAATCTTTCAGGCTATTCTCCCCGGGTTTTAC,452,46.9,Homo sapiens
SEQ_301579,GGTGTTCGAAGTTCCCATAGAGCCCTGTTTTGTCTCAAGTGTAATGATTTTATCTTTAAGCATCTGGGGCTCGCGGAGTCTCCCTGCGAGAGTACATAAACCAAATTGTCTCAATGAAAGTGTCCCTGTCATGCACCCGCTTGATTCGGAGGTTTCGTAACATACCACTCAACAACGCCAGACCGGTGTGCGCGGTCATTACACACGGCATACGAAGAATCAGGCGGAGCTACTTCGCAGCTCCTGCCCTGTGCATACTTGTTTATAGGGATTGCGCATCGTCGTACAGTGGCTCGGCGCTATTATGCCACAAAATATCGAGCTTTAGAAAAAGTACATACGTTGTATGAGGTGGAATCTTAACGATGCCAAAGGCATCCTGCCTTGATTTAACTTATCTTGTTAAAGCATTCCCCGGTCGAGCCGCGCGTCTCAGGTCTCCCCCAGATCTGAAGTTTAGTAAACCCGACTAACAAAGACATGTTTAATCGCAGCGCTTGACGACTCCATTCCCTTCTTTTAATTATATCAACCACCAAGTTTTCTGGCCGCTATGTCGCTGTCGCGGACCGGCCACCTTTAGGCTAGGAGATGTGATAGGGCACATCGGTACGCTTATATTCAGTGGCACAACCAGCCCGTTAAACTAGGTAGATCAGAGGCTGACTTACCGAACTCGTTCGTACGTTCTCCGTTCAACAATGCTCGCTCTCAGTCAAATTGATGTCAAATAATAATTGGACCGACAAGTCGAAAAGTCCAAGGCCGGCTGTCGAATGAACACAATTCACACAAAGGGACCCGAGAGCACTT,813,47.97,Escherichia coli
SEQ_768141,ACTGAGTGTCAGGTTCCCTGGTAGTGATCAAGTAGTCGCAATAACACAAACGCTAAGGTTACCAGTCATTGCAATTTTGAGCGAAGTCAAACTGGCCGACAATTGGCAAGTACGTTCTCATGACGGATGGCGATACGGGCAGCGTACCGTATGTTCAACTCTTATGGTCCGTTTAGTACGCTCAGTGCAGAGGGACGTAGTTCAACCTTGTCAGGATCTTTCCGTCGGACTAAGCCGGGTGGCCCTAATCCCGGGATACTCGCGAGCAGGTCATGCTTATCGGTGTGTCACCTCTCTGGCACGTTCCGGGTAGTTGACAAAACCAGTCTACTGTCGCAGACTTTATTCCAACTTTAGAAGGTTGGCTCATGTTTCGGCGTGCGAACTTCAGGTTGACATCTGCCGGGATGGGTTTGAGCCGGAGTCCTAGGAAGGTCCGTCGACCGACAGCGTATTAAATATGTTACTAACCCCCCTGGGAAGGTTGTCTCTGGTCGAACGGTGTGTGGCTTTGGAGGGGAACCGTAGGCGACAAAGGTGAAACTTCGGCTTTTCAGTATCTTCGGGGCGTTAGGAGCGATGATCGCGGCCTGTTGTAGGAGCCCGGCAACTGCGCCGTGAGCCGCCGGACCTTATGTATCGCCTCAAACGGTGGGCTTATCTTGGTGCCTCGTCGGGGGCAGCGGTAATTACAATCTGCGTTTGGGGCAGGATGTCAGGTCTAT,725,53.24,Homo sapiens
SEQ_604096,GCCCATTCGTTTCTTGTAGATGACAATTCCAATAGAAGATTTAATGAGCGTCGCCTCGCCACTCCACACAAAGTCTCATGTCACGTTGTCGTTACGAGTATCCTGAATATACCCTTGGACGAAAGGTGCTAGCGGATGATATACGGCCATCTGGCTGAGTAGCCGGACTTCTTGGTAGAACTAATATGCGGTGCTGGTAG,200,47.5,Mus musculus
SEQ_165124,ACATGGAAACTTGGATCATCCTGTATCAACCAAAACGTCCCGGAAGTTCGATGGTTATAAGAAGCAGTCTCCTTGCCGATACACGCAGCTAGCAAATAGTGCTAGTTCATGGTGCGAAGTGACAAGCTCCCCCGTCGAACTCCAGCTTCGATCAGACGCATAGTAAGATACCGGCCACACGCAGCTTACCGCTTATGTTACTTCATTCTTTTGGAATGTACATAGATATATGACGTCGCGTGCATTACCATTGGGCTGTATAAGTCCCTGTCGTCGCCTTCGGCCCGCATCGCCTTCCTGTAGTTGTCCTTTGATTTCCTCGGACATGCTGCTCCGTTTACGGTTAAACATACCAGGCTTTTACGGCGGGAGTCACAAATATGGTGCCACGTCCCGCAACGACTCCCACTAGGACATAGTGCATTTGTGTTCCCATCACCCGACCAATTAACTTCCGTCTAGCTGTTTAAGGCATTTTTGTGATTAGTTCGTGGTTATTGATTGCCGCCGCTCCAACTTTAAAATTCTGGGAGCCACTCGCGATAGACGTACATCAAGCTCAGCAGACATAACTGATTTTCTTCGATAGATTCGCTGTTAATATACTCATCACCACTTTTTATGCGCGAAGTCGACTATATGAGATGGGGCGGCGACTTTCTATTACAGATTGGCTACTCCATAAATTGTGGGGCGAGGGCTAACGCTCGAACCCCCGGCGAGGGGGTCCCGACTCCTCCGCTAGTTTTTGGCAGGCTGCTGGCGTATAGGGTGGTATGCGCATTTACACTTACCGAGGAGATCAGGGCGGTTGCCGATGTCGCCATGGTAACTATATTGTAAGTTGTGGTGCACTCGTACCTGTCTCGGGCGCGACGCCTCATGTCAGAATGCCTGCCTTCGAATGTCGTGCAGCGATACTGAGCAGACCTGTCCACCAAGGACTTGAAGCGCGGCGCGCCCGGAGGCGCAAGAGTACTGTGGCTTGAGCGCATGCGAAGGGCGTAGAAGGGAATCGTCGCGATTTGCGAATAATCTGTCGCGTGACCTTGATTTCCCGGCCTGTACATCATGACAGTTGTTGTACCTGCTCATTCGTAGCGAGCGTCGGCTGCCAGAAAAGACTCAGCTTGGCTGACATGAGCAACGCGGTCTCCACACGTAACTAGTGCGCAAGAATGCCGTTCGAGTATGTAACTGGTCGTTCGAATCGTTAAAAGTTTTCAGGCAGGCATCGGGGGCAGTAGACCGCCCGGTGCACTATACATATCAGGTCGGCCCTCAACTGAGTGTGAGTATTAAGTCCAATAAGCTCGAAGTTACACCAGTCTACCCGACAGAATTGCTCCGATTATCGCGCCAGCAATTCTAGATGAGATTCATCGGACTTAGTCAAACATAGTCATCAATGTCCATGCTATCTCTCTCGTTTTGGGGGATACATAACAGACTATGAACGTTAGCCGTATATTCAGTTCTAGTACGCCTCGGTTTTGATAACACAGCATACCAGTGACTCAGTGCTGCTGTAAATGAACTCTCACGATGGGGTCAGAGAGCCTACGGTCTGAGATTTAATGGATACGATGGCAGACTCATTTAGTGGGGATAACTGCACGGCAGGTCAGGTCACGGAGCAACTGAGGACTATGACATTCGAGGTCGGGGCCGAATGAAATCCCTCGGACAAGCTTTCATGGGCGGCCTCACCGTCTTATGGAAAAGTTCGACACTAATCAACAGTGGTTATCAAGCTGCCCGTTCCTTATCGGTTGC,1776,50.23,Escherichia coli
SEQ_510631,TGAGTGTCGGCGCAAAGCCCCTCTCCCCCGTAGTCTCATCAGTGCTCGAAAGCTTTAGTCACCTGCTCGGTTGTTTATAATTCACTGGAACGGTGGTAGGATGGTTCACTCCCTCGGCATGCGACACCAGCGACGAAGCGATTGTTTTGTTTTAAGATTCCGGTAGCTGGACTGGATAGCGAGCTAAGATGGAAAGGATGGATCTGCGACTTGTCCAACCTCGAGACATAAGGTTCACGGCCCGAAACACTGAATTCTGGGTCGGCGCCCTGTTCAGAGATAAAGCTTACACCGTCGACGGCCCAGTCGACTAAAGCATACCTCTGGTAGAGGGAGATGCTGAACTGCACGGGTAACCTTAGCGGATGTCCGTCCAATCAGCCGACTAGACGATGCGCCAACACCGTCATCAGGTAGACCCAATTGCTACAAGGAATTGCCCACAGTATCTCGGCCCAAACCTCTGGAAAATTCTAGTCATGGTATCATAATCAGATCCGAGTTTATCCCAATGAACGATACAAGGCAGGATCTGGATATAACTTGGACGGGAAAGAGAAAGAGATATTGATCTTGTGCGTTGAACGACTGCTAGCTGGTTTGTCGTCCGCGTATAATCATCGATGGTTATGGAATTCGTGACAAAGCCGGTGGAAAATCGACTTACCCCGAATTGACGTTCTTGGTTGCTTTGCCAGCGCACGTACAACTTCTAAATGCAAAACTAATTATTGCCCGTGCGAAACTTAACCTAGCGACCAGAGTCTCCGAATCTAATGATGTTCTCCTTCTCCCTACCCTGGCCAAGTCCACTAGTGACCCACGTCTCCAAACCTTTCCTCGGGTTCATATGTGCCCTTCCACAACTGGTGATCCTAAGCAGATCCTACTTTATCTTCACGGGGTTCTCGTTAACGTGTCCCCGCAATCCCTCCGTTGCTACCCTAAAATTAGTACTCGGCTGAAGGTTTTAACGCGTTACCTTGTGAAGCAGCTACCAAAGACATCATTGCAGGTAGTAGCGCGCGCGGGGCCGTATGACACCCTAGCATTAGCTATCTCTTAAGAAAGAATCTACTGGGCTAGCAAACGAATACCGGTCATAACGCTACCCAGGGAGTAGCTTAGAGACGCAGCTCAGGCCCGTCTATATCAGGATGACTTTTTGGTGCCATCGGAAAGACACTTTTAGTCTAGGAGGCCTCGAGTAGCAATTCCAGCGAGGAGTGCTACAAAACGTTCTGTCATATTCCTTAGTAAAAATGCACGCAACCTTACCTTCTCGACCGTCTTTCACCCCGAGATTTACCCTTCGCAGTTCGGTCGATAAGGCGCCAAGTCGGTGAATTGCGCCCATCTTCCCTACCCAATCTAGGTTTCCGCCAAGGCTCTATGCTTGACTGCGGGGCTCTCAGCATAAACTATAATATCTGCTCTGGGGGGACCCAAGACCGCCGGTTAATGGTTACGATACGAATGCCGCCCATCTTACCAGCTCGGAGAATGTGAGCTACATAGATTTTAGGCATTTTTGTATGATAAGTCTGAGCCTCGGGGACAACTTGCTGCTACTTGAGGACTAAAGGGTAGCGCGCGCGAAAAGCACATCCTGTCTATCGACCTAGCGACCCTCATCGCTCTTGGCTTCGTGAGGTCACAAGGGCAAGGTGTAGCCTATTCGGCAGGCTTTTTGAAACATTACAGACCATCAGGTTTCTGAGTACACTCGCACTTAACGAATGGTGGCTCTCATGCAGCACAAAAATTGCAATACTTGCGACACTGTTTGGAAGAGGGCTTGGAGGCTAGTTCTGTTTAAGGCGTGGAACAAGGTCAGCTCCACCAAATATGACGGAACCGAATGAACGTTATCTCCGAATGGACATGAGTTGTCAGAAAGG,1901,49.45,Saccharomyces cerevisiae
SEQ_357096,TATGGGTCCGGTACGTCCACACTAAAACTTTGTGAAGATATTGATGTCCGATTGCCCAGAGGTGGTCTCTAGAGGATAACTGGGCGGTCATTCTTCACCCCCGACCCGTTCCCGCGGGCGGCGTTTGAAGACTGGTGACTTTGAGACACCACTCAATCACCCTACTAGCCACTGGCCATGAAGCCAATGTCACGGCTGTAACAACCTTCAAACACCTCGACCGGCTCACGCAAAGGCTGTTCAACGAGGGCAAGGATGCAGGTAGTTTCGCGACTCCTGGCTCTAGCCTCATATCGAGCCATCAGCTCCTCGGGTGCTACCGTTAGTGTAATTACATCCGCAACGTGTTCCCCAGTCTGTAGGCGATAGTATTTTAATAGCTAGACAAATGATCACATCACCGACGGAGTGGCCAGAATTAGTAAAGTTAAAGAATGGTAACTGTTACGGTATCATTTCTCGTTAATCAGCAGTCGTGTTTTGGTGACAGATATTTTGTTACTCTGGACCGTTGCCCTAAGGTACTTAGCCGGAGTACTGAGAGCTTACGGTACAAAGAATCTAATTATGACGATCTTGATGAGAAGGGAGTATGACGTATCAGAAGTTCCTTCGACCCGTTAAAGGGGTAGTAGACTTACCTTACTTGTCGGTTTCTTAGTCTGTTGACACGGATTCGGAAGCAGGAAATACCCCTCCGGGAAAACTACAGAGATCTCTGTACTGTTCGTGGACCGGCTTGATAGGAGTTAACGGCAGTACGCGGTCGTCGTAACCCTCCGCAAGGCGGGCACTTGTAGGGTCCCAGCCGCCAAACATCCTAGGACTCATTCTGTTATATGTAGTCGCAACAACTTGATCCCGATCCTTCAAAGCCGTACGTGAATTTTTAAGTGTGCTGCCCTCGGCATCGTAGACGGCTTCGATAGAGGGCAATGCCCGGAACCGAAGGCCTCTCATTGTCTAAATGAACGGAATCAGGGCCCTGTCCGTGGCTTCTGGCTACCAATAACGGGACAAATATAGGGTAGCCTAAGCCAGAGTGTTCTTCTCTAAAGATGGACCCAATATGGATTAATGCGAATGTTATCACCCCACATTTCTTTTAACTTCCGCGGCTGATATTGCGCGCACGACGAAGTACCCGCCGGGATCGCTGGCCGAATTGCTGCGACTCCGAGCCTTGTCGTCCCGGACAATCACAAAGCTTGAATTGTTGAGGTGTGAGAGCAGCTCGGCCACAGACCACTAGAATTAGACGCGAGGGAGTTATTCCGGTAGAGCGAATGGCCAGCCAGGAATATGAGGGGTTTGCTAAAGGTGTTTAATGCCCCTACGAAGCCCCTTGTCTCGACAGCTCCGGATATGACTACCGGAGTTAAGGTTGCGCGCTGAAACCTACCCGCCGTTTATAGCACAGATCGACTTGGTTGACTATGAAGCAGCATACCGGAGCCTCTCTAAAAGCTATGGGGAGGCTGTTTGCCTGTTCTATATCTCGTCCGCCGTCA,1511,50.36,Homo sapiens
SEQ_297329,TGTGTGCTGTGTGTAAGTCTACGCCACTCAAGTTGTTCTGACGTATACACCGGGTCCGTAAATGTTAAACACTTCATTCCATGACGTTATGTTGAGCAAGCCGTTATCCGTAATAACACAGACTTTTAACCGGGGAGGACTCGACCCGTATTCTTTTGAGTGCGTACCACATCTACTATAAGACTGTGACGAGGGACGCGTCCATTAGAGGACACCCCACGACAATGGCCGTTACATCGAGTCCAGAGCTAAGGCTCATGAGGCCTGTCTTCTTCCTCAGGTATGGGAGAAACCTACAGTTGTC,304,48.36,Escherichia coli
SEQ_891927,GGCGTGAGTGTAGGTACGAGCCGATAAGCATCTACGCTGAGATTTGCGTGATTGACAGCCGTAGAATTTTCTAGCAACAAGTCCAACTACGGAATCTACCAATCTAGAGAGAACAGATTTCCCTTATAGCTCGACGACCAGGCGAAGCCATGGTTCTAAAAGAAGGGACTTCTCCAATTTTATGAAAAAACCGCACAGTGTAGTATTGCTAGCAGACCTGAGGACGACTGAGTCACACTAATCTAAACTCGTAATACGCTAGATAGCAACGGGTTGTTTCGCCTTGGTGATCAGCCTAGGTAATCCAGCTACGCTTCGAGACCGATGCTTATTGTTACCCATCGTCCAATATGTGTGTAATATTTCGCAGTGCGCGTTTCACATATAGCACCGGTGCAATATGATGGAACAGCAAGATAGTATAGGCCAAATTCGCTCGAGTCAAGCCTCCGCCGTGATATTTGTGAAATCCGGTCTTTCAGGCACGACGATGTGCTACGGAGATGAGGCTGCAGCCCGTACCACGCGGACATGCGGGCGCGCGATAGACTACCATTGGGCTTAATGGATATTCAGCACTCGCGGGGTTTCAGTTATCCACAGCTAAGCCGTATCACCCCGGCCGTGAGTCACTGGAGGGCACCAAGTTCCTGGTAGGAGAACTGCACAATAGTAGCCGGCGCCATCGTACACATTTTCAGTCAGGGGTAGCGTGGCATGGCGACTGCACCGTGGGTGTCACTAACTTCGAGCGCAAACGCACAACTTTAAAGTTCGTCCAATCCCGTGGAGCTATCTTGCCCATTACAAATCAGTAGCCGGACGAGAAAGAGTAACCGGAAATAAGGCCAGGGCTTGTAGACGCAAGCCGAGGCGCGTCCGCCTAGCAGCTCTTGGATTTTGGTTTTGCTGCAATTAACCGATATGAACGCTCGTTAACTCAGCGTGGTGCGACCCTTTGTAAAGTGAATGCTTAATCGATCTGTAAAACGCGGGGACAAGTTGCACCAGCTACTCCCGAACGTGATTCGTAGTATCTTTACACGTCGGTGATTAATAACCTCTAGATAAAAGACAGATCATGCCGCAAACTTTACTTCGCTGTCTCCTAAGTAAAGGAAAGTCCACTACACAACGCAGAGGAACGGTGGGGAAACGTAAAGTGCAACCAACATCCGGTCGAACCCAAATGCAGACACGAATGTCCCAGCATCCGAGGACTTAAAGTTCTAAAGCACTCGTCTCTCAAGTTCCTGGAACTAGCTACACGTTGGAAGTCTTTATGGAGATAACAGAATCGGCCCGTTGACGTAGCAAGCAATCAACATCTGCGGATTCTCTGCGCAACTCGGTCCTACTTGCGGGGTACCTCAGCCAGATTTATCTATTAATTGTGAGTACTCTGGGCTTAGCTTGATCGCAACATTGCGAAGAAGTTCCAAAACAGAGTGAAGTTTCGTCGCTTCGTAATATGAAGGCGTAGATAGTCGTCAATCTTATTGGATCCGCATGGAGCTCTTTCCTAGAGTTGTTGAAATTGCACGCCATCTGCTCAGATACGTCGCTTTGAAGCAGGATCGCTACGCAGGTCTGCATTTAAGCAATGTTCCACTATTGGAAAGCCAGATGTAGCATTGTGGCACAGT,1646,48.54,Drosophila melanogaster
SEQ_706546,ACGTCGAAACCCCCTAGTCCCACCTTTACCATTTAGCATAAGGACAACGTAAATACGGAGTTCGTCGTGAGGTCACTTCCTGGGCTATTCGCGACAGAGGTCGCGTTATGGTAGAGCCATCCGGAAGTATGCAAGCTGGCGATATGGCTTATAGCCAGACTTTCCGTACCGAAGTTCCCTCACGAAACCATGAAACCTATCTCGTGAGATCCCGCGATCCACCGTCTTAACTGATGGAGTGCTGGCTAAACCCTCAACCCGTCCCTTTATTACTGGAGAGCTGCAACTTTGCGGAGCTTTCCACCAAGTGGACTTATAACAGCCTAATAGTTGATTATCGGGTAGAGTCGACCTATTCCAGTGGTAAACGACCAGAGGCTTGACCGACCAAAGCTATCATGTACAGTGCTTCTTACGTTCAGAGAACTCTGAAGCGCTAGACCGGTGACCATCACGGGATGTCGGCTTGATGTACTCAGAGTTAGCTCAGACGGTACGCGCCTACTAATCACCAACCTGGTCGAGATACTCGGAATACATTGAATGTTGTATGGGACCGGGTATCTAAGGATCTAGCCAAGTCCAGGGAGGACATCTGTTTCGGATCATTCTGTCAGCTCCTTAGAATGACGCCCCTAGATAGCAGACGAGTTGGCCCCCACGGTGCTCCTTGACCGGCCCATTGATTGGATGCATTCGAGGAGGTGACCTCCACGCAGCATTCGTTACCTAATAAACGAGCTAACCGGCCCTTTCAAGTCGGCCCGTACCCCGACGCACCTATCGCCCTCCCGTAGGGTTCTTTCCGCAATGCCTTGCAGTGTGAAGGGTTAGCAAGTCCAGCACAGTGGAAATCGCTTGAGAAGGGACTAA,873,51.55,Mus musculus
SEQ_672285,GATAGAGTATATTTCGATTCATTATCTCTACGGGGCTGCTTTGATCACTCGCTTGCTCTGTCACAAAGCGGTAGTTGGGCAAATATATGGGTAGGGTGAGCAGGCAGGTAAGTCGATTGACCGGTAGCTCTCCACTAGGGATGCCAGTAGCCTTTGCTCGACTGCCAGGTACTAGAGCTCGCGCACATCGCGAAACAGGGTTGTTCGGATATACGTATCAGTGTGGTGCCTACTGACGCAGCCACAAGGGCATGTGTAAGGCGAGCACCCTCATTCGTGTATTAAACAGGTTTCTTGGGCTGATTTGAGTCTCGCGCTTAACTAGCCGAGGACGCCTGGAAGGAATCGCCATCGGCACCCTGAGGAGGGACAAGCCCCGTAACAACCTCTCACACTAGAAATATCACTCCCTTCGTTGTTAAAACTAGTCGAAGTAGAGCGATACTTAACCCGGAGGATTTTGGCAATAGTCGGGATGAGCATTGTCCTTCCATTAAAGTAACTGCGCGACAGATAAAGGTTACGATTTTGTGTATTTGGTAGATAATCCTTTGATAGGCTTCAAAACCCCTAGACCTGTTACGCGTACCCCAGGGTCGGAACGCATCGTTGTTGGTGGAAGGCTGACAGTCTTACAGTGACGTGACAGGGAATATTAAAGTCTTATCAGCGTATCCCACGTACATTAGAGCGGATATTGCAGCCCCTTATGCATAGTACTTTCAGGCCTTTAAGGGGCAACCACCGTGGATGACCTTTAGTTCATTGTTGGTTGCAGCGAGTACCGTGACGTACGACGCAACCCGGACGCTTACCATACGCTGTCGTCAACTCACTGCCCTGATCGCATGCTATTCCGCGGAACCCGAATGCTTTCGCTCCAATAGCATTGTATTGAAGCCCATGCGCTCAATGGAGTAGCTGACTATTAGGGAGAATAAACTCTAGTTATAGTGACTCGCCGTGTGAGAGGGTCACCGTTGCCGACCGACCTGTGAACCAGTAAATTAGGCCCACCTTCATCATGTCGTTGGCCTTGCTCTTGTACGTGAGTACTAAAGGAAACGAAATGAGAGCCTTCGTGGGTAAGGCCTCTTGAGCTAGATGAGCGGCAAGCTTTCTTTCGATACATTTAGAATCTCGAGAGGAACACCACTTAAATCACACCTCTATCAAAAGTCGAAGATCGCCCTGACGTCACGCCGTTATTGTACACGACGTTCATCATTCCTAGGACCGGGACTTGCAACAGAGCACAGTCTGCCGGTGGGCTTTTAATGCCCACATGGTATTGACACTGCTTCGTAAGTACATCTCGATAACAGCGATTACATTATGGCTCGGTTGGGGTGGTCTCTGATATTGTTCCAGGTTTCTTAAAACAAGGCCTCTGACATAACTCGGTGGATACCTAGGTTCCTCGCCTGAAAATGAAGTAAATCGACGGGTGCGAACATTGTTGTCATCCACCTCGGCAGCTATGGAACTATGCGACGCCCACAAAGTGCGGCTTTGTACAACTAAATGCTGGGGGATTTTTAGCGCAGGTGTTGAGATTGCCCTGCACTGTTCTGCTTAAGCTGAGACCCTTACAAAGGTAGAAGAATGGTGAAACTGGCCCTGCGTCTGGGAATACTATCGCGGGAAAGTGATATGGTATGATGGTCGGCGATCCGGCGTCCACGGTTATACCTTACGGAGACGCACAAATTCACAGGGTGTACGCAGTTTCTCCGCGCAACTGCCGGATCAACTACTTGATTCGGATCGCCGACCGACGGTATACCGGCATATCAAAAGCCTGATGTCCCTCCTGGGGCAATTGAGCTCGTTCCTTAGGTGCATAAGGAGTGTACAAAATACGGTCGCGCGCCTTACGCAGATAAGCGTCAACTGCGCGCCATCTATGTGTAGCGGCCTGACATAGTTGAGTATGTACTAGACTGACAGACAACTAAGGCGACTCTAGGCGAGTCGGCTGATCAG,1986,49.75,Mus musculus
SEQ_458903,GTTCTTCTAGATAATACCCGTAGCCGTGAAAGCGGGATCCTCACCATGAGACTGATCGCAGACAAAGGCGCGCAAGCATCGTCAAGCCAACGGTGTGCCGTTTATTTCATTAGAGACCCTCGTTCGTGGTATCCGTGACCAGTCGAAGAGGCAGCTTCTCACACCTACTAGGTATGACAAGATACATCGCCTAGGTTCTGTGCTAATGGACTGGCTACTTAAACCACCGCTTTTCGATGTAACTAACCGCGAATGACGCTACGGGCGCCATCATGGGTCATCCCGAAGGCAGTAGACTCGGGTTGCGGACACTCGCTGCCCATAAGAAGCGCGTTACCGAATCCAGCCTGTGACGGATACTGTAGTCCGGCCACCCTAATTCGTCTTACAAGCTGCCTTTATGACTCGTATAACAATATCCCCCGTTATGGTCAGCGGCCGGAGGCAAAATGAATAGAGGAGGTCTTGCCCATTGTCCCTTATACAACAGGAGCTCCAGCATGTGAACAGTAGGTTGCGCCCTGTTCGAATTGAGAGGAGACTGCGGACCGCCTATACATCAAATTCGTTATTCATCTAAACAGCCCTCTCAGGACCCATATCGTCTTACCTGTTACAGTCACATCCGATGGAAATATAATGCCCCCTGCTTCCCTCGGCATCACATTCGGTCAACATGAATCCAGGATAAGGCGGGACGTGTCGGAGAGTTGCTAAGGATATCAGGACACTGAAGGGGATTTGGGCATGCGCGCGAGGATGCTTCGTTAAATAGAAGATCAGGCCGTTAGAACATGAAGAGATTAGGCGTTCGTAAATCGGCGACCTTATGCGTAACGAATTTGCTGCCTTCGGGTAGGAGGTTACGGGCTAACACATGAGAGCTGCGGAATTATTTTGCGGATGC,907,50.72,Arabidopsis thaliana
SEQ_202540,TACAAGACTCGGAAGTGCATACTACGTCCCGGTTGGTCTAAACCTTTTCATGTTGGCCGTAACTCTGGATGAGCTTGCAGGGGCGGCGCCAATCCGTACATAGCCTCGGCCTTTCAACCGACTTCCGGTTGGAGAGAGGTACCTTTAGCAGCGTATCTCCGTATTTACAAATACCGATAGGACGTAAGCGACCCGTAGTGGTACTAGCCTTTCTTTACCCTGTGTCACGTCAGACAAAGCGGTAGCCAACCCGTTCTTATTCCCGATTATATTAGGATGGTCAAGCTGTAGGGGATAGAAAACCGATAGCACCGGCGGAAGAAGATTCCCGAAAAATCGGTCTTGCTGGCTCGCTTGAGGTTTTCAAGCTTACGCTGTAAGCAACTCACGGCAGAGCATGGCCACTGTGGTCTAGGCGTAGGTTGTCCATTGCTCAGGCATACAAGTAGACCGATCCGGTCTTACACTGGCGCATCTTTCGGCTGCATTTAGCCTCATATATCCATAATGGTCCGTCCCGACTTTCATCTGTTGTATCGCCTAGGAAAACCACTCCCTCCTCAGACAGTGGTGACTTCTTATGATCTGAACGAATGATCGGGGCAAGTTACTTTATAGGGCGATATAGGTTACAGGTAGAGTCGGCCGGTACGTCAGCAACACACGCCTGGTCAGCACGGGTCCCAAGATTTAGAGGTAGTCCTGCTCCCCTACTACCCGTCACGTTTCATATGTTCCTCGATGTACGTCCTGATATCTGCCAATTCCAGAAGCGTCCCTGGGTTCTGGGCACTACGCACGTTTACCTCCATGCTTTGGCTGTCCGACGCCTGCCCCACAAAGTCTAACATCCTCTTATTTTACTAAAGGCTAGAGTTGAACCGCGTTCACAGCAATGTTGACGTCTCCTAGGACAGCCTAGAGGAAGAACCTGCTATTTCACAGCAACTAGTTCAACCGATTACATTCGAGAGGGTCGACAGATCTGAAAGGCTACACGAGGATTCGTCGGTTCCCATGTCGAAACTATCACCGATGAGCCTTCGAACGCGTATATACCCATGCGCGGTCACCTGAAAGTGATCGATGTTTAGCGCTAAGGCTCGTTGGTCATAGGGAAGTTTTCGCGCGTGTGAACACCTGGGGCACTGCTATTGGCTACTTCAGGGTTTTATCGTCCAGCTATAAGCCTAGCCAGCGCATTGTTGTTCGGATCTTGGGCACTGTCCCAAAATGGCGCAACTGCCCACCTGACCGGATCGAGTCATAATACCTGTGAATAGCTGGAGTGGGATTATTTACGGCGGTGAAGCCCGTACAAATTCCCACGACCCGACAACAAAAGATACCGCAGTGGTATGTCGCTATACGTGAATCGAGAACAACTCTATCAGCTAACATCCTCCTTCCTTCACCGTGTATTTCTACACTCGTAGGTGATGCGAGACGCGCGCCTTGTACCATAACTTGAACGCGCAAACCGCTCCGCCGACAGTACGCGCGGCGGAACTGCTAAGCCCTTTTGATATACTAAAGTTCATGGTGGTGTACGGCAATGACCGGGTACCACGCAGAGGAGTCCGATGTCGTTCGAGTCGGGATCTTCTTGCAGTAAATGGAACACTATCCAAATCACAGCGCTCTAGATCATAGCATGGATTCTCATATCCCTATGATTCGCCAAACCTGTAGCATTTGGAGGTCGCCATCGTGCTACCGACATCGGTTATGACATACGACTCGGTGATGATATC,1754,50.51,Escherichia coli
SEQ_314144,ATTACAACGGATGTAAGGACTAACGCCCGATGTCAGAAACGTACTTCCTTTTCCATTTATGTTGTCTAATAAAGGCAAGGGTCAGGACTGAGCGGTGTCATAGTTGTCGCGCTGCACCGAGGATTTTACCGGCGATGGCCCCTACCTCCGGGCACTCCTGTTCACGGTTCCTCTTTAGTAAAATACTCGGCTCGCGGCGCTCTCCCGCCTCCGGTATTTGCTTGGCAGGGCTTCTACCGTAGTCTACCGAGTGAGACGTCGAGAAACGTTGTCCGTTCGAATCTGGAATACACGACAAAGACGCGGGGCCCCAGACCCGTACCGTGATCATCCTATTTCTTCGTGTCGCACTACTTATATGAGGTAGCTTGCCATTGATCCTGTTTAGCAAAGCGCCAATGTTGCCTCTACTATCGATCGATCAACCACGGCACTACAGAACGGACCTTCTTAAAGGTTGCGCGACCGTCATGACTTACGAATGATCATAGGAATATGCTCATGACGACTGAACAGGAACGATGATTTGCCCATTCTGGTAGCCAGGGTTCCTGCGGAGTTTATCTTTAATACGGCTCTTTCGGGTGTTGAGGGGATGAAACTCGAGGTGTAGATGTTTATGGAGTAGTGTAGACTGCCCACATAGGCGGGGGTCCACCGTGTATTTACTGAGGGCCCTGCCAAGTTGAAAGCGGAAAGACACGACTCTGGCGGTATATGGCATTACTGGGCCATAGGTAACCGTCTATTGAAGCGCAGCGCTTGACATTGCTCTAAGTAGAGGCATTACTTAGATTGCAGTGCTTCGTACGCACACGATGTGTCTAAGAAAACCGCTGCTACTGGGGTCCCCTCGAATCAAGGTTTACAGGGCCCATGAGTACACTCGCTGGTCCTCCTTGGGCTGCCGAATCTTCTCCCGCCTCCATTCGTCCACACGCTAGTAGTTGTATTCA,956,51.05,Saccharomyces cerevisiae
SEQ_311298,GTCATTGAGGAGATGACCTCGCCCGGGCGACATTACCTACATGTACGTGAAAGTGTACACTCTGAGCGGTCTATCTGGGAGAATAACTTCGTTGTTTGAAAACTGAATTAATCCTCCGTTCCATTAATGTAGAAGAGCAGTCATAGGCGCGGAGCTCTTGTTATGAGGTGCGTAGCTGATGTAGGCTACGTCAACATTTGCATGATTTCCAAGGCAACGGTCGAGCCATATGTTCTGAAAGACTTGCCCGCGTTCCCTACCACCAATCTGGCCACTTCGCAATTAAAGAGACGCTCGCTTATTTATGACCTCAGACGGTCCTTTGGACCTTTAGTCGTACCCGTGGCAACTCAGTGCCAGTATATTGCTTATCGCGTTCTGATGCGGAGGTCCCGAAAAAACACTATGGGGCGTATGTGAATAACGCCGGAAAAATCTCCATGACGTTACTCCAAAAGCGAGTAGCGCGCGCTCTCAGTCTACTGTTGCCTACCGTCAGCCTTCGAGTCCTGGGAGGGGACATTGATTGCATTCTCCAACGACCTGATCATATCTAGTCGCACACGCTGCACTCTTCCGTTCGCTGAATTCGATGGGCGTTTTGACTGGCGTGGCTGTATACGCACAATTATTCGCGAATACCGCTTCATCTCCGTGCACGCGCTTTGTACCTATTGTCGTCGAAATGTCTATCCAGCGCCTGCGGACAAGGTCTGCTAAAATCTTCGGTGCTTAGATCCCCTTGTATTAGACAGGTTTGAAGACTCATGTGGTCAACAGGCACCGACCCCTTGACCCCTACCAGGCGTCCAGCTATTCTAGGTTACGGGGTTGCTTATGTGAAATCCGCTCTCTAGTGCGCTCGACATCTATCTAGGAAGAAAGCAGTAATCAGTTACGCCACCGCACTCCGCTAACAATCACTCCCCCTCTCGACGCCCGTGATGGCTGTCAGATGCGGCTCGACAGTGAGTGCCCCCGTGAGAGCCATGCATGCACTTCGGTGATGGCTTTCATGGCATTCACGGGGAGGATTAGTCCCGTTGTCCGGCGACATACCTCATTGTCCCAGGATAGAGGATGTCGTCTGAAGAATTTGAAGAGTTAAGCCGAAGGTTTACGCAGCCTGAGTCGCGAGATCAGCGCGGAGCTAAAGTCGATGATTTACGTCTGGCGTGCTGTTCCCAATGTCCTCCGGGTGCGAAAATGCCGTGCTTAAGCTTATGTCATGGGGAAACGTCTTGCTGTGATTATAAGCCCAACTCGTGCGCCTCTGGTTCACCGTATTGAATAGCGATATCTGCTAGACTTAGCACCTAGGAAGATAAGCGCAGTACCATGCGACGTTTGACCAACCTCTCCTTGGTGCGTAAGACGCTGTGTCTAACATGACGGAATCTCACCGAGTCCATTTATCAGTAAGTGCGACAAATAAAGCGTATGCCTAGCCGACAGCACGGAGACAGTTCGCCT,1473,50.92,Arabidopsis thaliana
SEQ_511843,TTACCGTCTTGGGGTCTCGGACCATACGCCTAATCCTCATCTATTGCTGAGCAACCTAGTGATGAAGCGTTCGTCCGGGCGCTATGGTCGAAACGGCTCCCAGCTGGATTCTGGGAATTGCGCCACGGATGAAAACTATTTCCGTTATCGCATGGCGCTGATGTGTATCTAGGCTCATGCGGGCATTCCTACCGCTAATGTTAGACAATCTCGGGGCTGTACCACCGCCCCTAATTGCGAAGGGACAAGAACTGAGCACTAGATTATTCAAGCGTCCAATGTCTGCACTCGCGCGAGAAAAAAAGAAATGGGTAATTTCCAAACACCTTGCGGATACACAAGTCAGCAACGAGAATGTCTCACTTCGGCCATGACATTAAGATTCTCACGCCGTCATGTATACGGATCCTTTCTCGTCGCAGCTATTCAGGACACATTGAGCTTAGCTGGCTCCCAGGCAGTCACATTTTCGCCGCATAGCGCGTACGTAGCCGATGGCGATAACTGTTAGACAATCATTAGGTACTCGCCCATAGTGATCATAACAGTTGGGGCACTTACCCTCACCCTGGAAACACTGGTAGTGGTCCGGAGCTTGGGGGATAATAGATACGATAAGTACTTGTCTTCCCTCTGCTAACTACACAGTTAGAAAGGAGCCCGACACCATAAGTCAGCAGGATAATACGGATGTTAACTACTTGAACCTGGATTCACGTGCGACATATGCATCGATCAACCGAGGATAGGTGGCGTGGCATCCACACACAATAGTAGTAGTACATAAGTACAAGCCGGGCGTTATCACATGGGTCGGCAATATGACGGGGCTGACCAGTGTTTGCCAACATGTATATTCTGGTGAATGGATTCTTTACGAATGTCAGGGAAGTATCGCCGGCTTACGAGAGAGCTGCTATGCGATACCCTTGATTATGGACAGATTTCCTGACGGGCATGGAAGCGTTTGCAATGTAATAAAATTTTAACACCCGTTCGTCTACGGACCGTCTCTAGTCTCGAGGGGGAGATCGGGTCCACTCGGTGTTACATGGGCCAAATTTTCCTTGAAAGGCTAGTAGTCCATCATTCTTTCACCTACCTAACGGAATCCCTGCTCGTATAGCTATGTTACACCCATCTAACGTCGACTTGGGACCCGAGCTTGCTTGGGGGAACGTCTCAGCCATTCGGTTGGATCTCAGGGTACCGACCCGTTCTTTGGTAACGTACAGCCCTAGGTTTGATTATGCACCAAGATCCCGCAGTACTTTCCCAGGGGCTTCTGCATGGTCTCTATCCCCTCACTCCGGTTTAACTAGGGCGAGTGCGTCCGTATCGACAGCAAAGTCCCACTTCAGCCGCTCTCCTAGTAGCTGCTCTAACGTCATGGAAGGATATATGACGTTCATCACGTGCTTTAGCGTTCGTCGGGTCGAACACGTGGTAGTGTAGTCTGCGAGTGGATAGTCACTTCCTGCAGGACGAGGTCTGGTCACGCTAACACTGGTGGCTTTATAAGGCAGAGTAGAAATTACGTGGTACACGCGCGTAAATAGTAGTCTTGGTCTGTAAACTATTGGTCACGGCGGTTTTGCATGGTCTGAACTTGTCCGGTTACGTCTACGCAGCTACTGCCAAAGCTACCTAGAAA,1654,49.76,Drosophila melanogaster
SEQ_151476,TAACCTCAATCGCTTTTAGTGGACATAGATCCCGCTTGGGGGCTACAGCAGATTGCTCCGGACTCACTTTAGATCCGCTACCGTGATTGCACTGATGCTATAAGGAGCGGGATCTTTAAGTCAAATGGCGGCAGGATATGAGTCAGACGGGACTAATGCGCCCCACAGCGCCCAAGCATAAAGGTGACTATGCCCGCCTGACTCCCGAAATCATCTACGATAGCAAAATAGCCTTGGGACGTGCTATACGCAACGCTTTAGGTGCCACAACCCGACCTCTCGAATATATGAGGCCGTTCCCAGTAAAAGTCCAATGTATAACAGGGTGCTTTGTCCATCCAGGGAGTGCCCCGGGGCTTTGGTAGCTCCTTAGTTTTCACGGAGACACAAGAACGCGTTCAAAACTGTTCTCGCATCACTGTTTGCCACGCGTTATAAGGGCCTGTCACAATCCTCGATTCGCACGAACGCACTTTTAAGGTGCTCCAGGCTAGCGACTTTTGAAAACCTAGAGTCACTGATTCGAACACGTATCACGTACAAGTGTCGTGCGCTAGAACGTGACTAGCTATGTGGGCGGGTATGCGTCTAATGGAACAGAAGCGTCACTAATCAAATCGCGAACGATGCCAAACCTATCACGCCATAAGAGCACCATGCAGTCAAATCGTAGGTCAATTTCGTACAGTGCAGCAATACTCTCGTTGAGCGGGGGCTGCAAAAGTACCAACTCCATCAGTCCCGGACAGGACAGAGATGGCCCTCACAGGCAATCGGAGGATTGTACTGTTGGTCCAGGGATTGGAAACCCTATTCTCCTCGCCGCTTCATCGTGGACCCGGCTGATCTTACCTTCGAGCACGTCGATCCTTCATGCCCCAGCAAAGAAGCCGGGAAAATATATCATACCCGATTTTCCGATCGTGGCGTACGTTAATAAACAGTTGTTATTCTTGTGCTGAGCGCGACCCGGAGCGAGGAACTCGTGGAATCGGGTAGGGTCGCCAGAGAGGGGTGGCCTCGTACTAATCTCATGGGCACTGTAAGCGGACTATGGTTGGCCCAACAATACTTCTAGGCCGGCCGGGAAAATTCGGAGATTGAACAAACCTATGCCTTACACGTCACCCACTGCTATTTAGGTTTATCCTCGTATGATGCCCCAGCCTCCTAGCCACATGATATTTGTGGTCGGTGCCAAGTAGGTAGAAGTGTTCCTAAACACACCGCTCGGAATGCTATCTTACGTTCAGTTCATCACCACGAGTTTTAGTAAGCTCAGTTCGTAGTGAGTGAGATATGTCCACGGGAAAGCGCATCTTATTTTGTTTATGAGCTGTCTTTAAGAATAAAACACGTAGTGAGAGTCCACGCAAGGCAATTTGGAAGAAGTGGACAACCACGCATTTAAACTTGATATGGCAGATGGTGTTAGTTACCTAGAAACCTATACCTGGCTTCTTCAAGACATATATATTCCTACCCCCCGTTCTATGCCCCCTGATCGCTTCGACAAGAGTGGTCAGCGAAGCACATTCCGACGCATAAATGGGACTGCCGATATGGGAGCC,1571,49.78,Arabidopsis thaliana
SEQ_668581,GCCCGTTTACAAAGATTTCTAAAGCCCCGGCGGAGAATACCCATTGTTACCTCTGAGACTGGACAAAGTGCCCTGTGGAACGGTCGAGTCAGAGTTTCTAGGCTTAAGAATACATGAAACTGCCCGCGCAATAGAGTTCAATGCCAGCAAGTATAGCGGTACATCGCCACCTACACACGGTGTATTAGATGATAAGATATTATTGTTCAATCAGCTGCTTGAGATGGCGGACAATAGTTGGTAAGTGTGGAGTGGATCGTCCATCGATTCGTAGTAAACCCTCGTTTTACGTTCTTCCAGAGCAAGTAGTGAGGTGGCCGAAGTGTGTAGGAATATCAACGACGAGTCGGGGGATTCCCGAATCGGCCATCGTAGTATCCTAGCCTAGTTCAAAAGAAGCCCTATTGGGGATTGGAGCGGGGGTCGTGTTCGATGTTGGTCTAAAAAGCGCGCTCTTTATTGTTGGAGACTTTGCCGCTTGAAGCTCGGTACCCGCGGTACCCTCGAAGTAGGATTGAGCGTCTGTGAGCTTAGCCAGTGCAACACAGCTGTGGTCACGCGTTGCTTTGGAAAAATTATACACGCCGGCGCTTGGTTCTGTGTCACAATTTATGTGAGATCCGAACCCCTCTTCCTACGTATTGTCGCTCCATCGGAAAACCCTCTGGCCCATCCATGGACTTTAAGTACGGTATGTTAAAGCTTAGGTTAGAGCAGAAGTCCCAGCTGACGGCTTTGTGGGGCTATTGCGTTATGGTGCTATACAACTCAGAAGCTACTGCTGGTCACTTATTAAAACTTACGGTCTGCGTACAACCTATGGCTGGTACACAATCCTGACTGGTTATTCTGCAACCAGCAACGGTCCCGCTTGGTGTAGCCGACCTCCCCGAAGTGACTCGGTGCAATAGCCCCGCGTTTCCGTCGCAGGCTACATCTACCTCTGTAGGTTGTGATGTCTCAATATGTCATAGGGAATCAATGGGCGCCTGGCGGCGCTTCTACGTGTCGTTTGATAGTGTTCCCAGTTGGTTACCGACCCTCTTTGATTCTCCACAAGGACCCAGGTTGGCGACGTAAGTATATGTCTCACTTAGACTTGGGCGTGACGTCAGGACTGTTGATATACAAACTAGCTGCTCCGCATCGAGTATAGCCGAACCATCCCGAGGTCTTGATCTCAGTGGTGTCCTGGTACGTTGACCCGACCCTCTTTGTCGAGCCGAACATACATCCAGGTGCGCGTCTTTCGCTGTGCCACGTTTGACTCTGCATGCCAGGATCGCGGTCCTATGAGCATTGGCGCACGCTCAGAGTAATATCGAACCCAGCAATTAAAGTTATGATATGCGACATGGCGGATGTTGTACAAACCGGATAGCTTCCAGTGGGTCAAGCTAGATGCTCTACTATTCTAGCGAGGGCTTGTAGCACAACGTCAAATGACTAACTTTATCGGAGCAGTAACGGAGAGATTGACGCTTGTCTGGTTAGTTTCCCCCTCTCGGATAAGTTCGCCGATCATAGAACGAATGAAACAAATATGATCCCCGTCGAGACCCCAGCAGAGGTCATGGTGATAGCTTGGTCCGCATCCCGCGGTTACGCATTCAAATACTCAGACACTGATCTTCAGCTGGGGGTAATTTGGGTGGCGTCGCGTGAGCAGGCCTTTAAACGGAACATGGG,1689,50.27,Mus musculus
SEQ_356320,CCAGATTCCGACTCTGTCATAAAATGTAAGCGGCCTCAAGAAAGGGATCTGGGCTTCACAACCTCCCTGCTAAGTGAAATCGCGAGCTGTATGGATCGGTTGCCTAGAAGAACGCACCCAGCTGTCAGGTAAGCGTCGTGACTTGCTTATCCACCGCGGAACCATTGCCACACACTTGACCCTTGGAGGACCCCCAGGACGCCCGTTGGTGCGAACCGATCTCGCATCCTCACGGTACACTTAGACCTTGAAATACTTGGCTTTTCGACAATGACAACCCCTTCATCGAGGGCACAGACACTCCGGCTTGGGGAGGAGGCCACCGCATTCACGACGTAGTTTGTGTCGACCAAAAGTAAATGAGGAAGTTGTTGGCATCCACGGTCCGGTCTCGCACGAAAAGTACTCCGGGGTCTCCGTACAGGATGTGAATATAACAGCAACACGAATATGAATGACGGGTAGTGCTTGGTAAAGGATACCATTGAGGGAGAACGAGGAAACCGCCTGCTGTCCCACATCGGTTTTAGGCATATACATGGCGCTTTCTCGCCTAGGCGGACTGGCCGCCAGTAACTTAAAGGCTCCGATTCTCCCGTGAGCGGGGCAACCTCTCGAAGGGGTTTGAGGTATATACATCGATGGCAACTCACGACAATTCCTTCTACTATTGGTTATGCACACATATACGTAACGCGAAGTCCCCAAGGTATATCGCACTGCATGTGCGATCCTTGAATTTAATATTACGATCGAGAGAGCAATAAGGGACGCCGTCGGTGGTTTTGCGGGATCACTGGGTTGTTGTTACCCTTCTC,818,51.71,Caenorhabditis elegans
SEQ_274139,ACGTCCGCTAAGGGAGACTCCTCAAATAAATACGGTCGTCCGCCAAAGAGTGTTAGTCTCAAGCAGATGTTAATAGGCGTTCTGGACCTCTACGGCAGTGGCTAATCGATGTAATTTATTGTTTCCCCTTTGATCAGCAAACCCCCTCTGTCGGCTTTTTTTTCCAAAAGGTCGGCCCCAGTAGTTCATTACTTATTGCTTACCATATTCAGAACGGGGACACAGCGAAGATTTCTGTTGACTCGCGCCTCCGTTCTCCAGAGTGCCGACTTAGTTCAATGCGCAACGGCCTTTCTTTAGGTGGTAGTCTTGTGGGTGGTTATACCTTTAAATATAGTGCATGCTGGGTTCCGTATACCCGTGTCTAGCCTTTAGGAATTTTGAGTCCAACGGGTCACGTAATCCTTGAGTCCCGTATAAAGCACGCAGACAGATGTTCCGTTTGTGTTCGGTAAGGAGGTATTACTTGCTGTACGCGCTTAACTGATCAGACTCCCACTGCGACCTAGTTGTATGAGTAGTGGAGGCGGAGCTCCAGGCCGCGTTGAGTAACTCAGCAAATTCCGGCAATGCGCAGGCGGTCGGCATGTATTCGTGGGATAGTAACGCTCCTGTAGTGACCATTCAATGCGACATGGTGATAGACATGCTCATAGCCGCGGCCTTCGAATATCCACGTGGGAGGTACCTGTGGCCGTACGTTATCACGAACGCCTCTCTTTGCCGTTGTTCGGATATTTGCGGTACGCTATGAAAAGGAAAGGAATTTTGTGGCTCTCGCTTCCTGCTTCTGTGAATCCAAACATTTCGGCGCGCGATGAGCGAGGGTTTTTCAATCGTAAGACGAGAAGCAATGTGTGTAGCTGGCAGTGGCGGACCCTGGGATCTAAATAACGAAATCGTCTCCATTGGCTTACAGTTAGAAAGTGCCGGAGATGGAAACACTTTCAAGCTACCTACGACGACTTATGAAAAAATATACAGGAGTACGGATTTGGTCTGGAACGTTGTTGGCATCTTGCGACGCCGTTGGCAGGGACCAAACGATTAGCCTCAACATGCGCATGAGGCAGCATTCATACGCTGGCAAAGTGTTAACTTCGT,1104,48.91,Homo sapiens
SEQ_928597,GAGATTGCCAAGTTTCCAATATAGGCAGCCTGAATGTCCTATCCCTCCATCAGACGTTCTAGTTGCAGCACTGACTACTTACAGCGCGCGGCTAGATGATAGCAAGACGACGTTACTTGTTGAGTGGGAACACTGCAGCAATCTAGGCTTCTAGAAGCCGAGAGGAGCGCCGACTTTCTCAACTTGACTAGCTTTGGAGCCACATCACGGAGCCTGAATCAGTACAGTTTAAACGGCATGGTGGTAAAATCTAATGGAAAGGCAACTCAACGACGCTGACGCTGCACGAATAGCTACGATTTATGTCATTCGACCGTGTATCCATAAAAGATTGCCTTCAACAGTGTACTTCTAAAACGGTTTTCCACGTCACATATCCCGAGACACGAGGCCCAAGGCGTTGCAACTTTCAATCTCGATTCCGTTGGCTATGACTGTCGGCATGTCGCGGGGAGCCGGTATCGCGGCTGTGCGGGTCTCCCACCAGTTTAATACGATAAAGCGTGCGACCATCCGGCGGAAGGTGTAAATGATCCGCCTCCGCCTTGCTGCTTCAGAAGCCCATGCCCATCGATCACGATGACTCATTGCTTCGAAATAAGCATAAAGATTCGCTCATTGCCAGTATAACCGGCCTCGAA,641,50.08,Escherichia coli
SEQ_521928,CCTATCGACGTACACTGTAAGCAAGCGTCAGCAACCGCGTGTTCCAATGGTATGTCATGGCGCTTGGAGTTCGGCGATCCAGGGCTGTACTTGGCATTTCCCCAGTATGTGCGCAACTGCGCGGCGTCACCGCAGGCTGGGGTAACTCCGTAATGTAGTGTTTAACGGCCATCTCATAGCATGCCAGTTGGATATAGCGAGGGAACGAGTAGTCACGGAATGCCACGTCATGAATCGAGTACCTATGACACATTCTTGCGAAGAATCCAGGACGGTACATATGTGACAGAACCTTACGTTGGGACAAAATATGCTTGTTGATTCTAGTCCAGCGATGGCATATTAGTACATATCCATCTGGAAGGACTTATATTGTAAGATATCTATTTCCGAGGATAGTTCCCACCCATGAGTAGAGCAATGCCCGCTGCATGGCTAGTTAAACTGACCGTGCGTTGGCACCTCCTAGGGGTCTTAAAGGCCGATTTCCAGCTCGGTAACCACGACTCTGCGTATAGTGTGTTCTCCTACAAACGTATCTCTGCTATGGAACGCCTGCTCACGGGCACTGTTTGCGACTCAAAGATGTTCACCTGCTTAACCTACCCAACCCTATACTCCCTTGGCAACACATGGAACCAGTTTCCCGGGCTACCGTGTTATAGGAAAAACAAGAAGCAGTATCCATGCGACGGACGGGATAGCAGTGCTGTATGACTGCCCGTCAAACCAGCTCTGTGCCCCTACCGACTACCATAAGT,761,50.2,Homo sapiens
SEQ_493163,ACTTCAGGCGTTGGGTGCTCCTCCTAAGTGAAAGTATGGACCTTCGCGAGAAAGGATTTCGGGCCGCTCTCGTACCCACTTACGTGGTTTGAGCCGCAGGGCGTGGTTGATAGCATAAGAAAAGCGGTCAGAATGGCCGCCTTAAGAAATCCCAACATCTCATGGGAAGTCGACGGGTCAATGGTACCACATGGAGCA,198,53.03,Caenorhabditis elegans
SEQ_858353,ACCCCTTCGTGTTCGGAATGCAAAGTTTTTAGTGAGAGCGCGAAGCTCCAATTGATAAATTCTGTATGCTTGATCCCGTAGCAACACATACCCGGTGAGCGTTTAGGGCATCTGTCATAGGTAGCTGCCTGCGCGGACAGTTTAGAAAGAGGGCGGGCAACCCCAGCAGTCCCGTCGAGGGAAGGTTTCTTGCGGGTATCCTGACGACATATGTATGGCTAAGGAAACGTGCGTTTCTCGAGAATTCACAGAGGATAACAAATAGCAACTATTGAACTGGTTCGTCCACAAGGGGTCACGATAAGGGTCGTAGGTATAGACCCTCCATGTGCTTTCAGACAGGGAGAGAGGCGTATTTTGATATTGCGCACTAGCCAGTTAAGACCAGATAATAATTGGCAAATCATCTAGACTAGCTGAGGTACACACCTCTCAATGCCGTCATTCGGAGGTCGTTAACACGACCACCAGAGCCATTGCTACAGATATTTACTGACGACGTCTGCTGCGCACGCTCCTCTTGAGTCGATGATCACCTGGAGACGGCCAACCGCATGGCGTACTCATAAGACGAAGCGAGCGGCACACACTTTATGCGATGAACTAAGGTGTTGTTGTTTGCCGTATTATGTCGTTAATCAGGTGTGACCCTACTCGATGATGATAGTCCGTCGTTGCGGCCGCTTTGGCGGATTGCTGTAGTCGTCTCCTTGGCGTAAATAGCGACTGACACTATCTACATACGCACCTACAAGAGGTAACTCATTACTGCTGTATGGGGATTGGACTAACCCGTTGGGTGGTGCCGACAAGACGCCGGGCTAATCCGGGGGAACAAGCCCCTATATTCAAAGAAAACCATGTTATCCGATCAGTGCCATGTCGTTATTGCTCCCAGCGGGAGATTCTAGCTTAAGTAACCTCCGGTAGTAGTCCGTAACTAACCTAGAGGCAAACTTCTGGTCGCGTAATCGATTTTCATTCTGTATGACTGTAGCTGGCTATGTATCAGGTGGTCTGTCGAATAATGATTGCCCTTGGAAACTACGCGCGCTTAGCCAAAGAGCGTTTGTTTACTTTGGTTTAAGCTGACAGTTGCTACTTCACCTCTGACTATGAATCGGCTTGCTCTGTAGTAGCTATTCAATAGTAACGAGTTTGCCTGATCAACGGTCGCGCGGGGGGGTCCCATGAAGGACTGGTGTTGCGAATGGTATGAGGGTCCCGCTGAGCTATGCCTTTCCTACTGAAGATCCTCGGAAGGTCACTCAAGGAGACTGATTAAGTACGAGAAATAGGCACCTGCGGATGATTCAACCCCTGGTGTGAACTCCGAGTTGTCGAGGGACGTGAGCCCCCTCTATAAAGAGTCTTCCTCGGAGACCTTCCCGATTCGTTGGGGGTGAAGGGGGGTCCACTCTCGCGCCATTCGGACTTGCAAAGCTGTTGCGGGCTTTGCAGCACTAATCGTGAACCTCAGAGACAAGCTTTGGAAGGCTTTAACTTAACCTAGAACTACTATTAAGCCCTTTCTGGAGTGTTCTCGCAAGGTTTGTTAGGGGCCTATAAAAGACATACAAGGACCAGGTGTTCGACGC,1598,49.69,Caenorhabditis elegans
SEQ_635593,TATAAGTCCTTGTCTTGTGACCTGTGTGGAGACTAAAGAGATCATCTTCGAC,52,42.31,Arabidopsis thaliana
SEQ_960828,CAGTTATTGCCTGATTCATAGGCCGGGGAACAGTTCCACACGGATTGAAATTGCCAACGTTTGCCCTAGGTTCTTATAACAGCCCGGAACCCCCTAGCGGCTCCCCGCTACTACACTTGTCCAACTACACTGGCCGCCTCTCCTTTACTGTCAGCCCGCATTAGATATTTTTAATATACTAAAGATCGCTTCACACCCACGGTTATTGATCAGTGGGTCGCACAAGTTGAACACATGACGAGTGTTTGTGTGAACTCGCAAGGCACGGGGAAGAACTGCTTAACTCGTGCGTTTCAGGCATGCTAACTATCTACGCTGACAAACTTCAGTTTAACTTTCCCTAATGAGTGTGTTCCAAGTACTAAGCTGACAATGACCTAATTGCTCTCCAGCGGGCTTGT,401,47.88,Homo sapiens
SEQ_331460,TATCGTGATTACTTAGGGTGATCAGCGAGTGGGGCGTATTAGGGCATTCTCCATTTGCCTGTGCGTCAAGTGTCTCAAATATTAACTCTTAACGGATATTGACAGCTTCGGTGTTCACTCGCCAGTTAGTACCCGGAGAGAATTGGGTAACAAATTGTAGCCCAGATATCCCAAGAGGACGCTCGTTCCCCGATCGCCTTGAGTTGGCTTGACTTAGGAACTTTTAGGGACTTGTTCTTTTTGACGAGGAGTATCTGAACGAACTCAATCTTTAAGGATTGACCTGCCTCTTCTTGATCGTGGACCTCGTCACATACATGCCACGTGTACGCCCTACCGAAGGCGGCCGGACCCAAAAAACGACTTCAAGGCTGCACTCCGCCTAAGAGACTTGAATTGGAGAAAGCCTCGTCCCGGCAGGACTCTGAGAAGGGGACAGCCTCGAACTGACGAATCGTCAGGCGCCGAGCAGGGCCATCGACCCCCGGCTTGTCCCCCTCTCTATCCCTTGGTACCCCTGAAGCGGAGAGTAACGTGATCAGCCAATGCCCGGCGATGTACGGTTTATGTTTTAGGATGCACCTACGTTCCGTCACATGATGGTGGGCGACCCCCAATACCATGCCCTCGATGTGTATTGAGCGGGAGCTGTAGTTTGTTACCCAAACTCCAGATCTATTTTTGGTATGTGACGGCCTGAGTCGGGTCCCGGGAATAGTCTGATCGTACTGATGAACCCTTGCTACATCACATCGTCCTCCTGATGTTCGCAGGTGTCTGTTGAGCCACCGAATGATATATCGCGGGTCGTGTGGTGATGGTCTGTTGGCATCGTGGCCGGGGACATCCTGGGTCCCATCGTTGTGCGGCCTAATATTATGCCGAGCGAGAACCCTAGTCTTTGATCAGCCTCTTGTCTAGTCGAGTTAAGTCGGAAGCGCACCACAATATTTGAACACGGTTGTGGGACCATTCTAGCAGTCGACGAAAGAGGCAAGGGGCAACAAGCCTCGACGCGAACCCTCGGAGTGCTCACGCTTGTCGAGCGTTAATCGATCGCGGAAGTTACAACCTGGTGTCG,1081,52.64,Homo sapiens
SEQ_119963,ACAAGAACCTGCCTTCCTTCTCCGGAGCGATAATACGTGTCCTCTCGCTGTAGGTATTGGGGTTTCCTATCGAAACTTAGGACTTGAAATATAGATCAGGAATCAAGACGCTACAAAACTGCGACTGTTTCGTAGCGGGCCACGAACAATAGGCGAACTAAGGCGAAGTCGAGTCCGCTAATCTGATATTTACCCCCGAGTTTCAAATTGCTAGATGAGGCTCGCACGATACCGTTAGTAGTTTTGACCCGCTCTGCCAATAACTCCCCAAAAAGATCTGCAGAACCAAGACACACCTATACTTCCAATTTAGACGAACGCGAGAATTTCATCGCTTAGCCAGAAGGCTTAGGAAACGATACACAGCAATGGCTCACGACTCATATGAACAGCATCGCCAAGTAGGCCTGTATAACTTATTATTAAGTTGTAAAAGGTAATGCGTCGCCATGTTTTGAGTTCCTAGTACTTCCCCAAACTGACTCTTGCCTCGCCACAAAATTTTAACACCATTATTACAAGAATCGGAGAATGAACAATAACTTTTTTCGTGTCTTCTACCGATCGCGCGAGGTTGTCTGTGCGGTGCGGTAGGTTGCCGATATACAGATTCCGTTACATGTATGCCAAGTTGAGAGACTCGTCCACAGAAAACCTATTATGGAGGAATACGGGAGACGGTGGGGTTGTTTATAGTCAAGCGGTTTACTCACAGTCCAGACGGTTAGGGTATGTCAATCCGGAACGAGTACGCTAAGAAGGGTATAGTAAAAAACACACATTCCAGGCGACAATAAGGAGTAGACCGCCTCTTTGGATCGCTTGAAGTCATTCTTACGTTTGTTACCACCGTACATACCCGGTGACTGAGGGGAACGGGAACTAATGGCGATGCCAACACTAGTCAAACATAATGGTAGGAACACGCATCAGAGGATATCTTGGTACTTTTACCTGATAGCCGGAGCTACTTCCCCCGATCCACCGCTTTGCCTATGCCACTGTTTAGCGACATTGTGGATCAATTAGGTGTACTTCCCCATTGATTCCAGATGAAATAACGGTGACTAACTAAACGAAGAGATTTGTCTTGTCCGCTATTAGCACAATCACTGACACGCAATGTCAACAGGCGGATTTAGTGTCATAGGGATATCGAATCGGAAGTTGCGATGGGCGCCTAAGTCGCGGTTATTGGCACTAATAATAGGGTCTGAAGAGATTCCCCAAGCCGGAATCTTTAGCGATTTTCTTACGTGGTATGCGGCTATGCTACTGTCCGCGCCTGAGATGGGTAATTATTTCGATGTAAGCTGGATGATCACTAGATCTACTTCGTGCATGTACAGTTTGTTCCCCAAGTGACCAGTCCGGGAGGATTGTTTTGTGACCACCGCCTGTATTTGCGAGGGACACTTGTTATTGGTGTACTTTTCGCGAAGACTTTCTAGATCGTTCAAGCTCGTTCCCGTCCCATAATCGACAGTCCACTACGATCAGTGGCACAACACGAGCATCATCTGCTCAGTGCTCACGCCGGAAAGGTCGCGGCATCAGAAGGGACGTGCGCTGATATCGTTAGTTTACGCTACGCTGTGTAATGTGTGGTCATCAAAGGTATTAGGCGTGCAGACACATGACGAACTCTAGGTTGTGCCGATCTGCCGAACTATTTAGTGCGCTAGTAAAATTCTTCCTCTATACAGTTTATGTTTTCGGTACTCCAGAGTGGATACAAGTTATACGAAGCAATCTCTTGACTGGATATGTACCCGGGGACGCGATAGT,1788,46.36,Caenorhabditis elegans
SEQ_411366,TCATCGAACCTTCATGAATCCATCTGCGATGACATCGATCGCAACATCCTAGCAGTTGTTTCAAGCCTCTCGCCAGGCGCCCAAGCCGCATCATCGCAAGGCAAATCCGCACTCGCTCAGTACGGGAGGCGGTTTATTGTATCTGTAAGCTTGTTATATAATGGGACCGCGTGCTACACTTTAGTCTATATTCCCCTGCCCAGATGCAAGAAGCATAATAGACTCTTACAGAACCTTGTGGCGGGGGAAAGATCGATATGCCGATTAATCCGACTCGTAGATCATCTTAGGGGTCGTACTTTGTCCTCCAGGCTCATGGACCATTGGAAGAGAGCTGGACTTATCAATCCAGGTATGACTTTCAGTCTTTCTGCCGGGTACCAAGCCAAAAGCCCCTAGTGTACGTATGAAAGGATGCTTCGCACCAGCTGTATCGACGATCAATCATGTGCTAACCTGCGTGAGGGTACGGGTACGTTTCATATTAAACCGTCTTTCGCTGAAGACCTCGACCGTTGACCAAGATTAGGGTAGCTCAGCGTATCCACCCACCGTGGCGAAGAGAAAGGTTGGACGGCAGAAAGACTGACGACCCGGGCAACAACAGACCAACCACGGTTTTCTACGAATATCGACGCGTGGGAAACCGATGACGCTGTGTTAGTGCCGTCTAG,674,50.45,Saccharomyces cerevisiae
SEQ_519728,ATTCTAGACGATCTGGGATGATTGCGTGATAGATAGAACACCAGCATAAGAATAATGGCTCTCAGAAAGGAGTAGGCAAACGTTATGGACCCCGGACTGTACAATAATCTGGTTAATACGCCTTGGTGCTCTGCCGACTGCTTTTGTATACCGCCGAGAGGGCGTACCCGGCAAGCATTATGCACCGTGCTGTACTTGCATAATTTCTCCATCGTGTTGTGCTAAGTACATCCGTGCTTTTGGCCTGACAGCGCTGATTTAAATGATCAAGAACTGCTATGTTGACTTAGTGAGGTGGACGTCACCCATCATACGAAGAGTGGCATTGGTAACCATTCACGTGAGCAGATTCCCCGGGTTGGCCATTAGGACGGCCGTGTACGATAACTAGAGATATAATACCAGACCTATAGACAACTTCGCAATGATAGGAGAGGGCTACTGGTAAGTGAAACACCTAGAAGGGCTCGCCAGAAGGGTCAGGATGTTTAGCTACACAATGTCTGAGACTCCGCATGACTAGGTATCGGTCTCCGGTCCTGATTAGCCTGAGAACTCGGCCGGCACACCAAGCCATATCTTGCTTAAAGTATATGTCCCCCCTGGCACGAGTTATAGACTCCATCCCCACGAACGACTCGTTGGAATCACTTCAATCTTCAGCGTTCACCGAGTCGAATTTGGTGGTAAAAAGCAGGCAGGCTCATTTGCTGAGTAACACTCCCGAACAAGAGAACAAAGGTCTCCATATGTAGGACTACTGGGGTCGCAGGTGTGAGCTCGTTGCGGAACAGTTTTAAATGCTAATCGCGTAAGGCTGACTGGTAGGTGAAGTTTTATAAGGCCCAGCACCGCAAAACTCCTTCTGGAATGGACCACCAATAATTTGCCATGATGTAGCTTCAATCTGGTAAATGCTAACCAAATGGACTCTCAGTAAGACAAATTCTCGCGGAACGCAGATACTTGAAGCAAGTCTATCATAGTGATTCTGAGGTCGGCGCAGTCGTTGTAGTTGGAAAATGCGGGACATAACAACAGGCTAAAAAAGCATACCTCAAGAGTTAGCCGCGAAACATTATGCATCGGGTGAGCATATTAGTCTATAAACAATTTAACACTATATGTCAACCAAATCGCCTTCCCACACCCGAGGAGAAGCGCCATAGCGCATAACTATAGGAATCTTCTTGTCTCCGGAAGATCTATTACACCCAAATAACCGCTATCGGGCGCCACACTACCGTTGCCGTAAAAAGGAGAGGCAGGGTCAAAGCCCGAGCCCTACACGTAGTAGTCCAGGCAACTGCAGATGAATCACTCCAGTGTTCCAAGCGCTGGAGCACTCATATTAGCCTAAATTTGGCAGACCTGGAAAGTTACCATTGAGAAAGTTCCAGTAATGCAACCCGTGCATCCGAGGGAGCCGATCGTACCGGCCCGTCATCGACGAGTCAGGTACGGTTTTATATTTCTCGTTGTTTTTTAGAGAGTTACTCCTGAGCAACTCTTGGCGTTGCATAGTGACGCACTGTAGGAACTCCCCTGTTTTGTCGAGCCAGAGCGAGGCGCTACCCGA,1579,48.07,Arabidopsis thaliana
SEQ_425839,GTCTCTATTGTGAATACGAAAAGTTTAGAAGTCACTCAGCTGTAGAGACGGAATTCAGCAACGTCTTGCTCGGGGATCACTGGTAATCACGTAAGAAACGGCCTCTATGGTACCACCGGACTGGTTGCGAGGAGTGTACGAACCGTCTGGGACCAACCAGAGCATCTCTTACCGTGCTGCGATGTAAATCTTCAATCCTGCCGAACCAACACTTGTGAGATAAAACATTCTCGCAGGTACGGGACTATCCTATTAGCGCTCCTCATCTTCATAGGTGTGTCAGCTTGATGAACTATCTGTCTAGTTATTTTAGGGATCCAGCATCCTCATGTGTGGCGTAGTAGACTCGCGGCACGTAACGCCTATTTGTCTACCGATGTGTCTTCCTAAAAGCCTGTGAAAGGTTTTCTAACCCCCGCCGAAGAATTCATGATTGTAAACCAATCTGAAAAGGTCCGAACGACACAGACCCAATTTTACACGCTGAGAATCGGAGCCAAGACTGAGGGCACTTGCATTGAGCCGATTACTATCTCGACGGGTATCCGTTCCATTGGTGTGTCGCTAAGAACTAGGTGAAATAAGTAGCGCGTGCGATATTCGTATTCAACTCATTGTGGCTACCCCACTACGGGTTATCGTCTTTCCCATTCCGATGAACAAGGGATGCGTACTTCTTTCGGCGAGTAGGTACTGTATGACAGGGCAGTTATGAGTGAGGCTTTGTGTAGTTGCAGTCTTTTGACCTTCGGTCGTGCTTTCATATGGACTTGTGGCTACAAGTGCCATAGATCCCCATGCGATGCTCTTACGCACCTGGGACTCCTGACACTATCGGAATAAGCCGCCTCAACACTTATGGATACCCATGGCGATGATCATCCCCGGCTAGGAGCGCCCTTCTACAGGTGTCATTGCCCATTAATGCGCATAAGCGGCCACGTCCGTGTCTCCAAGTACTGCTACTACACACATGCGCGGTTTACGGCCGACAGAAACAAACAGCACGCTGTTCCGAGCGGGCCCGGTCTTGTGATTGCGTCACGGAGCTCGTTGGTGGGCAAAGGAGTGTAGCAGAG,1079,49.86,Saccharomyces cerevisiae
SEQ_919339,ACTGACCACGACGTGGTAGAGCCGTTCGTGGGATGATTGATATAGTCGGGCCTTGTGAAACGTGTGGGAGTACAGTAGACCTTTATAGTAGGGGGTTATCCGATTGGCCACGCAAGCTGGCCAGATACTGGACTTTGGTCCGCAGATGACAAGAGTTGCTGACTATGCAACGACACTTTACTTCGGGGGTACGAATCGGTTTGCCGGAGGGAACGCGATCAACAACTAACTCGTCCAACCACTTAATAGGCGGGGGCTTCGGAGTCTAGTCTCGGTATGCATAGCTTGACCAGAGGCCGCATATCGAACCGCAGTCGCCATTCGTAGTGTCCGCCAGCGTTGCGAGGAAATAGTGGCGGGCATAATGCGGCACGCTTCGGAATCCAGCACCCTGGCGTCGCTTTCATTACGATGTGCTCCCACGTAATAGGCTAAGAGCGGGAGCGCCTGCCAGCGCGGGTGTCCCCCTCTAATGATGACAGCCACCTCACAAAGCGCACTTGTATGTCGACCTTAGCTCTTAGGGAACAAGGGCAATCCACCGTTAGGAGAGCGTACTATCGAATAGCAGTAGAGAAGGTGCGTACCCTAGAGCGACGATTATAAAAGCGTCTATCCACAAATCAAGAAAACCCCCATACGCCGAACAGTATAACTTTCTTGCGATTTACCGAGGTGCTAGACAAGTAAACCCCACAGGTGTTCAACCAGGTCCCTGGTTATTATGAATACACTCTCCGATATAAACTATTCAACGTAGAATGAGAGAGGGCTGAGTTCGTCTGGATGGACATGAACCAAGACTGCTGTTTGCGTGCGTGAAATGCAATCTGCTACTCATTCGACGCTGCTACTGTCGGCTCAGGTGCACGGGTCCCTACGGCAATTTCTCGCAACGCTCGTTTCGGCAGACCCAACTACGGTCATGGAGTTTGTGACGCGAATTGAAGAGTGGCAGTTCAGCGAAACAAGAGGCCCAGTCGCTCACGTGCAGGGCGGCCGGGGCTTCTCCCAGAGCTTCTATTGTGTTACACGCCTGAAATCCGGCCACTTTTAACAACTAAACGGCCGAATTCGGCGTGTTACCGTGGCCCCCGCATGGAAAACTAGACCCGTATGTTACGCAACCGCTTGGGAAACTGTGAAAAGTTACCAACCGCCTATCTTCCACAGAATTGTGGACGCGCAATTGGCGGTCGATGCACCGTGGTGTGACCTAACCGTCCCGGCATGGGACTAAATAAACGTCGGCGTTAGTTTGATGTACCTGTGCACATCTCAGTCTCTCACCTGAATCAAAGTGCCAAGTGTGAGTTGCTTTGTAAACCACGTGGCGGGCCCGCCTCTACACGCAGTCGTAATGACTTCTGACCGAGGAGGCCTCCGACATTGGTTTGGGTGCGCCCGAGAACATGATAGGTCGCAATCTAGGATAGCGCGATGGAATGCGACCGAGACGTTGCCCGTTGTGAGCGACTAAGAGTCATCTCGGCGCATATCCGCCCCCCCGTATTTACCCAAGCGGCTCGAAACAGGACCAGCATGGAACCTGACAGCGGTACTACTCAGGTCTATGCATTGAGTCAGCTATCCCAACAAAGCTAACTGACCACGAAAAGATAGATAAAGATTTGCTTACACCCTATCTAGTTACCAGGGCAGAACAAAGCTGAATCAGGGTGAGATTCGGCCTATCGCGAACGGAATTCTCATATGGATTTACAGGGTAGAGTTGTGTTTTGGTCTATCGTCATGGCTTTGTCACAACACGGTTGGATCCCATGTAACCTACTGTGGGAGTCCCGTAATTGGCTTCCTGAG,1821,52.11,Arabidopsis thaliana
SEQ_479923,GAATAGTATCTACGTACGGAGATTGCGAAGTGCTCCTAGCAGTGCTAGCGTCAGGGTGCAGGAAATCTGATGGCGCGATCATTACTTTGTGTGGTGATATTTTCATCTCACCTTTCACACCCCTCCTCACGCGTAAACCCCTCGCCAGGTCGATTCTGACAATATTTCCGCTTAGGGGGGGGATCCTATTGCACTTGCTCGTCACGGTGCCTTGTTGAAGAAAATTCAGTGAAGGAAAAGTCCACCTCAAACTCTAATTCTAGTATTTTCTTCACGGATACGAAGTTTGTTTAGGGGGTGTCTAGTTCTTGAATTGTATTCGCTTGGACATATCGTGACGAGTCAGAATGTTCGGCGACTACTAGCCAGTGCTCGCGTGCATCAAAAAGGCCAAATTCATCAGTTCGGACTAAGCTCTGGAATTCCGTAATCACAGTCGGCCAGAGGGACACTAATGAACACTAGTGGGAATCAATGACTTAGCTTTTCGGGTGGTTTCACGTGGTGCGTCACTGCGGCGCAAGGTGATTCGAGGTGATCGGCACTGCTGTCTCTGGCATGCGCCTAGAATCGGAGACAGTTGTTCGGGAAGGCACGTCTCCTCTGTGTATCACGTATAACCCTGACGCCCACCGCTAACCGGGCTGACGTTCAGTTGAACACCGCGACCCCTAGGTCCGCCCCTTAAGACTATTGAAAACACATCTGAAAAGGCTGACGGTCGGGGTTAGTTCAAGTAATATTGGGATTCCTGCCGAATGGTAACCCCGGTTAGATGACTACATCCCATTATATCGGACTGAAGCCAGAGTGGCTTGGTTATTGGTGCAGACCTTCAAACCAGTCAGATATCAGTAGCAAAAGCACTGATGCGAGGGAATTCAGTTAAATAATGGTTGAGGCGAACTTGTGTCTACGGTTAGGTGGTCTAGATATAGCTGATGCGCCGTCCTGGTGGTGCGCTAGCGAGACTGAATAGCGTTTACTAGGAGCACCCTGACTTTTCGATGGTACGTCTCAAACCAGTTCCTACAAGTTTCGGGGAGACACTCGTCGCAGTAGACCTCTCGCCTCTACTAATGTCAAGCTTCCGCGTTATTACGAGGTTGCAAAAGTCCGTCAATAACCAGATTCGTAAGCCGCACGCGCAGCTGGTATTCCCCTCTAGTCTGGCGTAAACGATGGTGGATCATTCTTGACCTCCCGCGAAC,1211,49.63,Drosophila melanogaster
SEQ_271352,ATGCGTACTTCCCTGAGGAACTGTCATCTGGCCCTCCTCCATCAGTTAGATGTGTAAAATGCTCCTGTGAACTCAACAAACTCATGACCGATTCACCACATGGCAACAGAATCGATTCCTGCACTAGACCGTCCGTTGTGACTGCCCCGACTGTTATACATAGGTAGACATGCATTCTGACCACCTGATTCTAACGTGCCGGCGACATTAACAGTGAAGCCAGACATTTTAACATTTCATTCATCGCAGGGGTGACAAGCACAATCGGATTTCAAGTATACCCCTCACGTCTACTATCAAGGAACCATGCTTACCGCAAACTTTACATCTACGATAGCCGATGCCGAGAGTAAGGAGAAACCAACGGAGTGCTATTCAACCGTCACCAAGTATCCGATGCCGAGCGCCGGTCGTATTCAAGTCTTCGGAGTATTCCACTCGCCGATTTACGGAGCATACGTTTGGTCGACAGTAAGCCCAGCGTCCAACCCGGTGCAACAAAGGGATAGTTAGCTTCTTTCCGTCAATAAAACCAACCTATATAGCACGTTGTTGTAAATAAGGTCAAGGAACGACGGAATTTGACGTGCAACCCGAGCGTTTCGGCACTATACGCATCATTTTTTCTCTCGCTTAATGTCGTGGGGGTCACATGGGACCGCTCGCGCTAGCGATTCTTTCTTTAATCCGGGACTCTCAAAACCTAATGGCATTGCCCATACATGATAATCAAGGGCGAGCAGGGGGCACGCCGCCAGTTCCCTATTATTGTACACACTACGCCTTCAACACCAGGTATAATATAGGTCCGCTTTTCTTCTGAGTTCCCTTTGTGGAGCGCCCACTGGTGACGTAAGGGGACCCTCTTATCTATTCATTTGGCGTTTGCGCAATCACCCGATGCTAGCATAGGCCGTCGCGGCCAGCGAGCAGTCAATTTTGCGTTGTGACCTATAGGGTGAGATGAGGGTTTTCACGTGCTCCCGTCATGTTCCCTACACAGTCTGGCCGGTGGGTCGTGTTGTGCGGGTAGGACAGCTCATAAACCTAGACTTATAAACGTGGCTCTTACTAAGAACAGCGTACGAAACATCCGGGGCCGATCGGATCGTGAACGGATAGTCGTCAGTAGAGGTGGTCGCATGTGGCAGACGGCATGGCTCTCTAAGGGTTAAGGCCGTACATCTAAAGGCCCCGCCTTCCTTGCGTAGGCCCGTCCCTTTTTCCGGACATAGTTGCCCCCCATGCGCATCAACCCGACGATTTGAATTAGTTTTCACACACGTACACCAAGTCGCTCCCTGAGTTGCGATGATTGGCGTAGCAGTGGAGGGACTCATACACAAATCTCCAGTGTTGAATGCTGGACACGACTCCGGAGACCCAGTCCG,1391,50.68,Caenorhabditis elegans
SEQ_337498,CGGCAGGGTCGCCACGTTCCGCCCCGGGTCAGCCATGGGGCTTGCTCATAGTGACATTTCTGTATTAGTTACACCATGGTCATTACGTGCAGGGCATAACAGTCATGGACTCTCAATGACCTGTTCGATCTCCTGCTCCGGTATGTTTGCTTCTAATCGCACACTTCTCAGCGAAGCCCACCCGGGCCACCAGGGTCTTGTGGTGATCGTTAGGCCGCCTACCGGCCTTTTCTTGACGCGTGCAATCACCGGTCAATTCTCCCAGGCGAACTGTGTACATAAACGACATCTGGGTTCACAGGCCCCCCTCATTTCGGACTGTCACCGGCAGTTTGTTACTTCAACCTCAGCGTCCGGGGCTCCCGCATTACGATTCCTCATAGGGTCGATAAAAAAAGTTGATACGTAACGTTCCCTATAGCTGCTCCGGCCTCACCTGGCGCTGACGCTCATGGAGATCCCTTCACAGCTCTATCTCACATATGTTCCGGTTACAAGTGATATGGATCATTGCATTCAAGAGGTTTCGAATGGTCCCGATTCACCCCACAAAGAGTGCAGGTGTACTAATAGTTGAAGAGATTGCCTTGTCATCCTATCTGGTCGATTAAGCCGTCACAAATAAACCGGACGCGGGGGTGGACGCCTAGTCTCGAAAAGGTCCGATAAAAGGTTGATCTATTAATTGCGTTATGGGGCCCCCATATGTCAGCCATGAACAAGTACCCGTTGATGCTGCAGCTCGATGCTCATTCGCACATTTGGTAGCATTGGTTTACAGCTTTTTCGAAGAGGCACCTGGCGAGACCGGAGTATAGTGGACGCATTCGCAGACATATAGGCTGAGGCGATCCAGCGGCGCAGCGACCTAGCTGACGCGTGAACAAATTGTGATGGGTAGTTGGACGTCCGTTTCATTGTACATTTCTCCGTCCTATAAGGGATTGATCTTTCTCAATTTAGAAGGACCTGGGAGGCCATAGGTTTTTGGACTAAACTCCTTGTCTCAGACACACACCCTCCTACGAGCTTAATTTAGGGCCTAAGAAAAGGCCAGCCTATGCCCAAGTGGAATGTTTTTTTTACCAAGATTATGGTTGGTGACAAAAGGAAGGACCTCCGAGGCGCGGGGAAGAAACTTTTCAGAATTTTCGCGGAGG,1160,50.6,Homo sapiens
SEQ_893385,CTCCGGCCTAAGAAATCTTCCAGACAGGGGATCTGCGGGCGACATGTGTCTCCGAGAGGGGCGAGGGGAAAATCTATCCGGTGAAACGACGTGTGCGACAACCATTTTGAGGTAGCGGTTACAGCTCCTTACCGATCTGGGTGGTTTTGGACTAGGATGACAATGACGCTCCCCCTCATGGTGCACCGTTCAAACTTATCGGGAATATGAGGTCCCTGCAACCTAGAAAATATATAT,237,51.48,Mus musculus
SEQ_291452,ATGTCAACTTAGGCAGCGGGATAAATAAATCTTCAGGGAATGAACTTCGGTGCGTCAGATCCGTGACTCAAGGGCGAAAGAGTAACCCGGCGCAAATATGCGGTCTTATGTGTCGGCGATATCGGACCCGCTGGATTTTTGCTCTGCTGTGACGAGCGTGGGGGTACGCAGCTATGTAAGAGGACTCTAGAGGTCTATACGCGATGACTCCAGTGCCCCTTCGCTGATGAAGTCGTATGACTGCGCCGGGGCCCTGCTGTAATGGGCTCGGATAGTTAACAGAAAACATCGATATACAAGGCGCATTGCCAGCTAGGCAAGTCTTTTTGGCGACCCTGGATGATAACTGGCCGTGTATGCCGACGCACCTCAGAGGGGCTGACTTCTATAATTGTATGCGTTGGACGCAGCTGCCACTAAGCTCTAATTGACCCAAAATCTAGACCCACATGTCCCCGACTGATTAGCAGCATTAGAACGCCAGCTGCAATGATAATACGTTTCATTGGATGGACCTTGTAGCTCCCCGAACAGCCGATAAAACTAAACAACGCATCCTATGAGCATCTTTCGACGTTTGGGACTCATATCTTGTTTTATGTTGAGCTAACACCATCGATCTGCGATTCTAGCTACTTTGCCGTTAGAGTAATGTCACAATCATCGCAGTACAGCCAATGCTACCGCTCTCACCTATTATGCAACTGTGGCCTAGTGGATAGTAATTGGGGCCGTGCGGGGTGCGGCTTTTGTCTAAGAGAAGCCGCAAACCCCAGTATCAGTGCACCAGTCTTATCCGCGACCCCCATGCGTAAGAGTTGTACCGATGAGGACCCTGTAGCCCTGTGACCGTTCAGTCGGACAGGAACGTCCCACGCGCCGATGATAGATTATATTTT,899,50.39,Escherichia coli
SEQ_713449,ATCTTCACGGGTCTAACGTGCCATAATTCTTCCGGGAGTATAGGACATCTTACGTACCGTCGGAACTAACCCTTCACTCGCTTAACATATTCGGGTCGGATGGGCGTGCCAACCCTTGAAGATAAAGAATCGTTTTGTTGATGTGAGCCATGTTCGCCTTTAAAAGAGGCTCCGATGAATATCACTGCCGATACAAGTACTCCCGCACTCGATAAGTTATTCCTCTCTCTTTCTTGGCGAACAATGCGATCGTTTAGAGGCGCGTATAGATTAGCAGTAGATGGGACCCTCACTCCGTTCTCAAGGAGTGTATGTCCGTGATAAGCATAATATTGTCTGTAGACTTCTTCATGGGGGACATGTACCAACATCGCTCTGAAGCGTGTATACCCCGGTAACGGGGTCGCGCCCTTGGGGTAAGCACTGTAATTAAGTTCTCAAATGCCTATCCGACGGGCGGCGCTCCATTCCATCATCGACCCGTTTCCAAAACAACGTCCTGAGAGATTCGAATGTTGTACACGATACGGGACGGGACAAATCCTGACCCACCCCTATGCCTCCGTGACACGCGTTCAAGGGAAGTCCCTTCAAACGATCAGGGCAGGCAGCGGTCCGTCCTAGCTACTGTTGCCGGGGTGTCAATTTTCATAAGTTCGTACAAGGCGGCCCTGTCCGAAGCCAATCCTCCATCTCGAACCCCAACGCCAGCTACATCGGAACCCTACTAGATGAAGATTGCAATCCGGCCTCAGCGTGTGATGGATGATAACTTAGCCAGCTAGGAATTTAGAGCGTGGACGAGATGCACGCTCGACTATTGGCGGTTATTAGTTGCGCTCGTTAGTAGCAGTGTCGGCATCGCGTTTAGGGAGTATCGTGACCGTGATGTGATCGCCCTAGTTGACCACGCACCAACGGTTCCTCGAGATTCATCTAGAACCTCGCATAAGACATATGCACAACGGAAGCCGATTAACTGTACCTATGTCTCGATTCGTGATGGCGCGCAGCCGGCGAGCTCCCGCTCTGGCACGAGCGGGTAGTCGGAGATGTAATGGGTGAGTCGCGACGCAAGCTACTATAAACAGACGTAGGGGTAAAAAAGGCGAGTCGTTATATCATGGATACATTTTACGTGGTACCGTTATTTAACGCCTCAAACAACGGGCCCGATACCGTGGACGGCGTACCATACTATCTATACGAAGCATATCCAGTCAATCGATAGCTATATGTGTTAGTGGGAGGCACGAGCGCTTTGTTTATAGCAGTAATCTGTGATTGTTGAGTCCTGAACGCGGGACATACTGCCCCAGTGGACGGTGAACATTCTCACACGCGCAGCGGCGATGTGTGCTATCCAGGTGAGAAAGGTGGTCATTGAATGCCTCTGCCACGCTGCTGCAGTCGCATGTATTACGATACTGGCTCATAGTTAAGCGCCAATGTGCGGTGAGACGGACGAAGTAAGGGATTTCGATAGCCAGGAAAATCCCATGGCGGTAGGTTGCCGTCTCGGGGGATTAATTAATCATCATTAATATGAAGTTTCCATTATATTTGCGTGCTTAACCGAATGAGTTGCGTCAGGTCGTTGGTTGCTAGCCGATT,1614,50.31,Saccharomyces cerevisiae
SEQ_454477,GTACATCTGAACATCCAGCCATTAACTAATTAGGATGGGAGTTTAGGTAAGGGTATCAG,59,40.68,Saccharomyces cerevisiae
SEQ_313788,CTGCTGCAGCTAACCGCCTCTGGAACTCACGAGATCTGTGATCTAATCTAACTGGCAGATCTTGTAGCGTTAATGGATGCCACTCCCCCCAGCCGCGCCAGTGGAGAAACCCTAAAAAGACGACGCTTTTTTTTTTGATGTGCCAACAAAGTATATACAGTTTACAGTGCTACTATGAGAGGACCGGAACGAAGTCAACGCGTACTCCTTGGTCCCGTATCACTACTCGCACTACATCTCTCAAGGAGAGACAGTAGATTAACAAATACTCCGGCTCTTACGGAGGAGTCACGCATCCCTTCGGCAGGGCTCATCTATCGCAACGACCGGGTTTATTTTTTGCCTATGGTATTTGAACATGCATTATTATCCAGATCTGTTTGATACAGTACGGAACGACGACATCATCTGCTGCTTCAAGGGTAGCAATGTGGGCAAACCAAAGTGTTGAGTCGTCGGTCAAGCACAAGAGAGCATTTGAGATTCTCGTATCCTGTGCATATGTTGATCCGTTACTTATGTTCTGTTAAATGCAAGCACCCTATTTAAGAGAATCGATCAACAGAAAGTTGTAGTAAACACATTCCCATTTGAGTGCAAGGTCCAGTTCGACGTCAGTATAACATAGCGACCGCCGATCCTTGTCACAGCTCGTTAATTTCCGGGGGCGTCTCGGGGATAGAGTTGTTTGAATCGCCTCTCCCACACTGTTTATCTGTGCACTGACCAATCTACAGGTATTGTTCCTACTAATTACAACACTGAAGACTACGATAAAAGTACGCTCTAGAACTGTTGTCGAAATACCCGATTTAGGACATATAAGCATCCCCTGGCGTGGGTAAAGCGGGGACGCTTATTAGCTAGGTACTTAAATCGCTTCAGATTGGTAATGGCCCCTAGTTGTTCCAGATGGGCCCCCGGTAACGACAGTAAAGGATACGCGAAAAAATGACTTTGGGTTTGTTGTGTACTGAAAGATGAGTGGTCCTCCCGCTGGCTTTGCGTCTTCGGTGGCGATGCAACATTGGGAGTATCAGCCGTCATGTGTGCCTGTACGACAGTG,1066,46.81,Homo sapiens
SEQ_730162,AAATTCTGCCGGGTAATTGGCCCTATAGCCTCTTGCCAAGTTTCTGTAGCATACCCTAGCCAATCCGAACCGACACGCAAGGAATGAAGGCTGTGCAACACGTTGCTACTGCCTCCGTGCAACATTCCGGCTAGCTTTCGTCTTGCGTCCCAAGCATTTTGGGTGATGCCTGCCGGAGACGATATGCCAGGCATAGAGCAGAATCACACGACCGTTCAGTCAATCGCCCACGCGTCGGATAACTAGGGCGTGTGGAGTCATTTAATATCCTGAGATGATAGGTACATACATTTCCATTATTCGCTGGACGGAAGCTGAGTCGTTAGACATCGCATAGTCAGACGAACGTGGTAACAAATTCAG,363,50.14,Escherichia coli
SEQ_485926,AAGTGCAACATGTGGGACGACTATGTTTCAGGTTCGTGTGACTTGAGCACTAGGCGGTGATGTGAAACCCCCCACTGCCACGTGACCTAGTCCTATTTCATCGGCCTAAACACTGACCCGCCTGTGTGACTCAAAGAGTATTTACCTCGGTCCTCTTAGTGGGGGCCGCCAGGCTTGGGTCAGATCTCCTGTAATATACCATATAAAATTGATAATTGGCCAATCTTATTCCCAGGCAATCGGAGGTGTCGTTGAAAGAGCTGAGAGGCACTCTCTTGCGAGTCGTTGCAGAGAAAACCGGGCGTCATACCGAGGCGCCATGCAATTGTCAAGATCGCGTATTTAAATATGCTAGGTCGGCTTTGATAGGGTGTTGAAGAAATCGCGTACCCAAGACTGCATAGACGAAGCAAAGACCGCGAATCGAAGCAATCTTACGACTGTATGGTCGCGCCCTGAATAATGAGGCGTCTCGCTCAATCCCCCTAGTGAAATCATAGGGGCTCCCCCATACTGCATAGCTATGGTTTGCACGGGAACTACCTTCTGTGACCTACGTTATAGCACCGCAGGCTTAGCGGCGTTGACTTAGACGTGCCTCGGAGGGTACACAACCCGGTGCTTACCTAGGCGTAATGATAGCCCAAGCGCGCTAGCCAAAGTGTCGAGGTGGCTTTAACACGGCCTTTGACCGAACCTCATGTACCTAAGCTAGCCAGCACAGTATGCCTCAGATTGAGAAGCGCAGAACCGATGAAGTCGGGGATGGTATCTGTGTTCGAGGGTTACAGATCCACTACGCCATCGAGTTTTCTTTTGGGTGTGGCCAGTGGCGCGCAATAAGACGTTACGGGGGCGATGAACTGCTTACTGTAAGCGCTAATCAAGACATAACTCTATACTTTAACAGGAAGTATGAAATAGACCCTATAGCATGATGGTGTGACCTCTTTTTGTTGGTTGGCGGCTTGGCGATCAGTTTTCAGTCCCTAGACATAGACAAAGCTCAGGCTAATGGTGTACTACACTGGCACCCTTCGTTGATCAGGAAGAACAGACTGTCCTGTCTGCCGGGACGCTTCCGACAAACAACACCCATACTGCACCAAAATGACTACTCCTCACTGTCTTGATTTATGGCAGCATGGTGATCAATGTGCAGTAGAGTTCTAGACGCTCTACACCCCCGACCTAGAGGCACAAAGCCTTACGCCTATTGTACCGGTTCGGGGAGGTTGGGATCATATAGCTGTATGAAGAGCGTCCACTAGTAGGCGGTTTACCGGACTATCAGGTTCCTAAGTGTCGGTCCTGCTAGTAACGTTGGAAGGAGAATTGGACGTTCTTGCTTAGCAAACATCAAAACTCGACAGGGCGTAGTGCTCGTACTACGTCACGGAATTAAACACTGGTAGGCCTTGCAGTATGGTACACGCTATACTGTATGGCACCAGCCTACTAAGCATCAAATGACGAAGGTCGGCCAGATACTCTCTCATATGGTTAAGGTTGGGACAGCCATTGCTACATAAGCGCCCAATGGCAGCTGTTTGTATAGGCTGTTAGTATGTGTTGGATGCTGGTTCGCCTTAATCTTTAGTTAATACTCTGACTTGGTGAGAAATTGCATCGGTAGTTGTGTTTATGATTAATATTCTACGAGCATTGTTATATGTACGTCTGGAGTGGTTAGATGAGGATTAAGATGACAGGTGGGCAGAATGCCAAGTATAGTGCCACTTCTAACCCTTCGAAAGCATAATCATTTTTGAACGAGAGTTACTCTCAATGCGTGTAGGGATTATCCTGCCTTT,1814,48.46,Drosophila melanogaster
SEQ_542843,CTGGGTGTCACTACTGTGGACAAGTGGGGAAGCTGGCCCACCCGCACTCTTTACCGAAACCAAGCACTGCCACAATCTTATCATACTTTCCGGTACATGTTTGCGTTGACGGTGGATCGGAAGCCCCGCTGGGGGATACTCGATATATTGCCCCGTACGAATCGCGCGAGAGGTAATACTACCGATGTGTCTTTAGATCTACTGAAATTAGTATGGAGTTTGCGCGGATATCAACTCGGCAAGCTGGTATACGACACCTTCGCCCATCTTCAAGAAGTCCAACAAGGAAGCTTAATTCTAGTGGGGCGACCGTGCGCCTGGTGGATACCATCGCTGAGGAACCGCGAGTGGGATCCGTCCGGCCGGTTTTATTCTCGTCTAAGCGATCTTCCCACTCGCTGATCGCTAAGGTGGGATCAGCCGGAGCTACCAGCCTTGGCCGCGTGCCGGGTAGGCTGGCAAGACGTATTGAAGTCGTCATGGGACTACATTCTAACCCATTACATATTAAGGCATATCTCTATTTGATTTGCATGGGTTCGAATCTCATGCAGAAGGTCATGAAGAGTACAGGGCCCCGTAGGCCCGGACTCCAAAAGGCTAGTAAGCCATACTCTCTGTATAATCTTCGGACAACCTCAGCAGCCTATGTGGGCGGTATGATTAGCTCCCGAGTTAAGCGAGCGTTTCAACAACACAGCCCGAGACCGTGCGAGGCCTGGGCTGATGAATTATTATCTGTCCGGCTAGCGGTCTATCGCCAGCAGAGTTCTGACTTTTTTGTTTACAAAACAGGCCGTGGCACTCGTCTTGGACAACGAGCGGCATAAGATGAAGTCGAATAGAAAAGTATACCTCAATGAAGATGAGTCCTAGCTACCTGTATAACATCCAAGGGAATGAGGGAGAAGGGTGACAGGCGTATAGACCGGTGGGAGGATCATACACACGCTTTGCACTCTTAAATCGGAATCTAAGTGACATCAGGTCGCTTAGTAGATCTGGATAACCACGGTCGGAATGGCAAAGGATGAAAATAGCTTCCACAGCTGGGGGGAGTGTACTGAGGGTATTAAATCCGAGCGGTGGGGGGCCCCGCCATCCCCCCTGTTAGTTGCCCCTGGTTACCTAGCATGCTCTAATCTG,1146,51.4,Mus musculus
SEQ_876369,AGTCATAATAATTGTATTTGACGATGAGTTATCCCATAGCGCTAGCGTAAGAACGGGAATAATAAGGGCCGTTAGAGCCCGGATAATACGCAACCCGTCGAGGATTAGGATGACCGTCCGATACGTCGCCTTTCGACGATCTATAGGGTAGGCAAGAATTCTAATCTTCCTACACGGTTTTATCTATGAGCCCGTCAGTTAGATCATGACCCTGCAACAGGCCGCCATATACTGCTACGCAAGGTACCCGAGAGTAAGCGAATTGCCCGGCGAATTTCTCTGTGCTAGTAGCTCATGGGCGTTCACCTGCAAGTGTCGTAAACCTTTTTTTTGCATCCGCGGCTGCAATTCAAGAACCGCCCACCTTCATCCAAGGCGGAATCGTAAGGATAATTACAGCGCAAATTCATTTATCGATTTCCTTCTAGTACCTCGAAGTCTCCCCCATTCGCTCAGTTTACTTATTCGGCAATTGAATCCTGCCGTTCCGCTATATTTACGTTGCGTGTGAGGTGATCCGGGGAGGTGGGAGTATACCGCCCCATGGATTTCCCGACCTATCTAAATAATTGCCCACGGGATTTCATGCCTGATTTTTTCATATCCGTAACGGGCGGGCTGAGGGAAAGCTTGTCACCAGTGGGTGTGTTAACTATCATGCTGCGGATACGCGATATCACCTGTACACAACACGACTCATGATGCCGATAAATCCCATCTCGTATCACGCAGGTACCGACACTGGAAGCTCCCATTACGCGCGCTATAGCAGGAATATACACACTAATGATTACCTCTTTCTCATATACCCCACCCACAGATTAAACTCAAGATTCCTCCGCGGTCTTAAGAGCGGAGGATGTAAAAAACAGGCATGTGCAAACAGCGAATATCAACAATGCGGCTAGGATCCGTCATACTAACATAGCGGAACTTGGATCGGATTCAGAGGGCCTCCCGTTTACGTGGTAATTTACCGCCCTCGTTGTCTTTGACTTCTGAGGTTCATGCCATATGTAAAGGAACTATTCAGTACCGATATCTCGGGGACTACTGTCTAATTTTAGTGCGGTTCTTTCCCATCAGCTGCTATATTTCATACGGATATTGCCTGCGGAGACAGGCCTTTGACCGATGACACGGTGAACTAAGTATATCGTGTGGCGTGGAGAACTCAATGTGGGGCACTGGTGCCGGACTTTGGCAGTCCACAAAGGCGGTCTTACACAGACGACAGGTAATAGTCGAACCTACTGTGTCGGTACCTGACTGCAAGTTTTCGTCCTTGATCCACCAATTGGAGGGAGGTACCACTGCTACCGTGGTGTAGAGCGCACGCCGGTCAAGAAGGCAGATACGCAAACGTGCGCCGTCTAGGATCCATAGATAAAGCAGCCTCAACGGACTAAAAACGCTCATAGCCAGACGGGGTGCTCAGTCTGAGGGACAGGTGGTGGCTCATAATAGCCAGGGTCTCTAAAGACCGCTCAGTAGTGGACGGTCTACATGGCTCTATACGACTGTCCTAGGCCAACTTGACAAGGTCGATTTAAACCGCAGGAGCTCGAGGGTCTAGTGGTATGAGAGAACGGCAATTGTTGTTTTAGGGATAGCCTTACCTACTCTATTAAGTTCCAGAGTGCTAGCTCCCGTTAATATATCCTACCACTCAGAGCTCAAATGACCCCGCCGTAACAATCAGTTCGTTCCAACATTAGGGAGTTTTAATTGTCCCCCCGACCCCATAACATTCGGGCCGTGCTCGACTTCCACTGGCCTGTGCAATGCTCTGTGTACGTTAACCTAACCCCATCACAGCTTAAAGAGTAAACAGGTACGACAACGATTAAGAATGCGAAGTCTTAACCCATAGTTTCAGCGTTAATTCTCCAATATTCCAGGCCTGAGC,1909,48.61,Caenorhabditis elegans
SEQ_623067,TAGTGATTAGATCCAAATCACCCATCGAAAAATGGAGGACGGAATGTTACGCGTTTTGCCTATGAAAAATCAGACCAGTGCCCACTTCGGCACGTAGCAAGAAGGGATACTCCAAATCTGGCCAAACCATGTTACACGAGAAAGAGCTACTCGTGGGCGCGCCCAGGATAATCGCCCTAGTTGATACCCCTGAGAACATACTCCCCCTCACGTTCTGTGAAACGGCTTTCAGCTACGAGCAACTCCAATCAATTGGGAAAACCAACTCCAGAGGAAAGACTAAGACTCCCAGCGGTACTGCACGTCGCGATGGGGGGCATCGTACAGGCTACGCTATGCCTAGACGCAGCAAGCATCTTTAATACTGCATGAGTGCGGACTTACGTGTGTGCGATAGACCTATCTACTTCAATACCCCACTAGAATTGAAAGCTAGATACAGACAGGACCATTATTTCATATACCCTGCCGAGCATCACCGCTCGGCCCGCTTGGACGTATGGAGAACATGCATATGTAAGAAGATTATACGCAGTAATGGGAGTGAATTATGGCCCACCCTTAAACTGCGCTTATCGAGGCTTGATTCGGACGTAGTCGGTCGCAATCAACTACAGCCTCGGTCACACGCCAGCGGCTGGGCCGTAACAAACGTCCCGGATGTATTAGGTGCTAAACTCTTCCGGAATCCATGCAAATAAATGTGGGAGTTTCTGTGAACT,722,49.31,Arabidopsis thaliana
SEQ_536836,TACCCAATAGGTCACATCGTACATATGGTGATTATTTCAGAAGCTATTGATGGGATCTTGTGAATCGTCCTCCCCGGTTTGGGATGATCCAATATGGATCGTTTTCTCCTCTTATTTAATAATCTATTCGGACCAGGAAGTTAATTGGAGACCGTGCAATGGCAACGATATAGTGGACGTCAGTGTCCTCCCGCCCATTGGAGGAAATGGGCGTATTTATATGCCTATGGCTTAACGGCTACTTCATGCTGTGCAATCATTCATAAGCGCACTGGCCCGCCTTATCTCCTCAGCCCGGTAGTCAAAGCAGCAAACCTAAAGGTTCGGCCGGAAGCACACGCCTTAATTCGGTGTGCAGTTTTCACCGGACATGGTCCATCTGACAAGCCACCCCCTGGCGTACCAAGATGGTAGTGCTGCAATTCGTTTCTCGCAAACAGCGCACTTTCACGTCTGCGTTGAAGAGCAGGCCCTGCGATCCGATTGAGCGAGTCGTGGCTTATGGCCAACGGGATGGATATCGGCTCTTGAGCGCGTATATTTCTCTAACGATCGTCGGCGCTGAATTTCGCTATTCTTCGAACGGCCATCCTAATGGTCCATAATACCGGAACCCAGCGGGTCAAACTTCATTTTCCTGATCGCCAGGAACCAAGAGCCTTATGACCATCGAGGACACCCGAATTCGGCATCGCGCTTGGTTAGATAACATTACGGAGGGGAAATTGTGCCCAGGCCTCAATATTTGTGCCAGTATTCTG,761,49.67,Caenorhabditis elegans
SEQ_872465,GCGCACCTACAACCCGAGCTTAAGCCGACGGGGCAGAAGCCAAACTGCTTTTGGCATGCTAAAATGTGTGGTCCAGACCTTTGTTACCCTACTGTCCTATCACCCGCGCTCGTCTTTAGCACGCATCCCGCCGGGTCAGGCACCCCTTGCCAGTTGTGTCGAACAACTTTTTTTAATCGGTCTACCTGATTAAACATATCATAGGAAGGTCCTGCCACGGCCCGAACATTTAGGCTACAAATACCAAAATGACATATTATTGCAAGCGCAGTGTCGCGTTTCCATTGTCGCTTTAACATATGCTATGTGCCCGACCATACCGCCCGAAACTCTCCCGCTTGCTTTGGGACGTTCCACACTCTGTTAGCGTATCGATAAGTGTTAACCTTCGACGAATCTATCCAGTATCGGTCGGACAACTATCACTCATCTTTCAAGTCTATCGGCAATTTGTGATTTCCCATATTGACGGTTCAATGTTAGTATGATAGTTGTGTCAATAAATGCTCACATTCAGAGCAAAGTCACCGAGACAGCTTCATGCGGCTCTACGAAATTTATATGAAAGCCACATGCGGCACCTTAGGTGAGCATTACCGAAAACACTGGTACCCACTGAGTACGCCGGTTGAAGACGCAGAATGGAATTCCCGAATGTGGACGTCTCGTATGTGGACTAAATGGACTATGATGTTCACTCTAGGGCCATGAGGACTTGGCGCTGTGGGCATAATTTACGTAACTAAAGCACGCGGATTGCGCCAAGCAAGAGTTTGTCAGTGCACTCTAAATAATTGGTTGCACTGGTGTGGCGGATATCTGTAATAGCCAAAAGAAGACCTTCGCTTGACATGGTATACGAATGCAGCGGCATAAATATAGAGATTCCCCTGATAAGGCTCTCAGCTAGCTTTACAGGCTATAACTACCTGGGAACCTTTGGTCTGATACCGGCGGGCGTCGTGTGATCCGTTATACCGCCGAAAGGGCCCGTATGCGGAATCTTAGTCGCGGGGACAAGAAGGTCCCCGGCCCCGGATCGTTAGTGGGGTTAATATGTTCGTTAGGCCTGGGGAAATGTATTACATGACCTCAAATTTCGATATGCACGGACTGAACTCCGATTTCCTGTTGCATGTATCTAATGCCGCAGTGTTGATAGGCGACAAAAGCGTGACCAAACTTCCGTGGCTGATCCTTCGCCTCTGCATACCAGCGAAGATCTACATTCATCAAGTATCCGTGTCGCGATAGATGCGCACAATTTTTGACAGAACAGTTGATTGTTCCTAATCAACGACTTAATCTTGCACCTTGCAGCCAAAGCGAAAAACTACTGCCTGTGGCCGTTCTTCCAATACTCATGATGGTGTGGTTTATATTATGCGCTTCGGGATCCCACTCCTGGCGCAGGATACGCCCACGGGAACGAGCTCTTCGTCTACCCAGATGAACAAGAGCTCGCATATCTACTGTATTCGAGTAGCTGGACCTTAAAAATAGGTTCGCGGATGGAGATCGGTCCTCATTATACCACTATCCGAGACTCGTTCCGCTACCTCTGTACTGTACATTGGGTTTTAACTTTCGATGGGCTAGATTGTAGTACGGAAGAACGTAAACTGTCCGAGGAAGGCGTTTAATAGTGTAGACACAATGGGAAGCCGTTCGCGCCCCGTGCGTCTTACCTACGCGTTCGGCTCGTGGGACTGGACTCGGCGTGCAGTCAGCTTTGATCGCTATAGGTCTAGCTTCTGCG,1759,48.66,Caenorhabditis elegans
SEQ_611833,GAGGACCCTTTAGAAGGACGGCGCGGTATAGAAGCTACTCACTTAGTCTAGTCTACAGGGTCGGTGCCAATGCTGAACACGGTTCTTGGCTGTGCCGCGTGGGCTCACTGACCCGACTTAGTCATAGCCGGTAGTTCTTGCTTTGGGTAACCGCCACGAAGGAGGCTGAAGTGCTGGGCGACGCACGCCGTTGATACAAGGAGACAAAGCCAAGCTCTGTTCTATAGATCGGCATTCGCCACAAGACGGGATTCGGTTGTTTTTCGTGGGGATGGAGCACAGGATACCGCAAACGGGACGAGTACGTTCCGGCACAGGCGGTTCATGCATCTATTGGCTCCGTCCGACGCCCGCGTCGTTCACCTCAGTCTCGCAGGGCACAGTGATGCACAGGTCGATTCGTTGCGAGAATCGCGTATAGTGTCCTTCTCAGGACATCGTCGTACTCGCTCGGTCGATGCCAGCGCGATGTGCGCCCGATCATCAGTTTTCCTGGTTCCGCTATTTCGTGTCGTTCTGATTTTGATTGAATACCGCAAGACCTACGTTTACTCATTCGCGGGAGCGCAATAGTGCCCCCGGCGTTCAGCACGAACATCTGTAGTAACTTATGCTTCCTTGGTGTGACCGAAACAGTCTAGTCCCTCGCATGCGGAACACTCGTAGAATCAAGCATAGGTAACGCATCACAGACCTTCCTAGACGATACGTCGAGGCCCGCGGACGCATACGCGGATGCGGAGGCTCTTCTTGATCGAGAATGAGCAATTTCTAACGTATGAGACAGCACCACGCTTAGTAAGGGGGTAGGCCGAAGTTAGTTTTGGCTTAGTTCAGGAGGCTAGACTTAGAGTTACCAAACGGGATGCCGCTCTTCGTCGAAGCTTACGGGTTCTGACGCGGATCCGGCATAGAGCCCTCTAGGAACCCTTGCATCGTCCCCTAGTTGACTCAACCCCCGCAGGTCTCATCCGGATGGTAATCGCAGTACAAGAACCGATCAAATGGTAATCTGTTTACCATAGTAAACTTACCTGTTGATGGGTATAACTAAAGACTTATATGCTTTGGCGAGAGCCAAGTTGCCGAATAAAGCAACACGAGTCCACTAAACGGCGGTAGGAGGGCCGTAGTGCGAGATACGCCAAATAGGGCACAGACGACAGGTTTTATATATCCTGACTATACATTTTGTGGGGAGCACCGCTAGGGCAGGCATTCAAATTGGCTGGACCTCTTGCGGGTTCCCGTATTTCGTCCGCGCCACATGAACAGAGAAGCACGGAGCTTGTGCCGGGCGGTCTTGGAGGCTATTTCGACGGCCTCACCTTAATTACATGTTTCAGACACCCAAACAGGTTTAGATGGTTTTGCAGCACCGCATGCCTCAGAGGCTCCGGGGGCCCCGCTCAAATCCGCAGTACTGAGTGTTCGACGCGATCAGTGCTGCGCCCCCTATAGGTATCTGACCCCACCTGGCGCGCCCGTCCCCTTGTTCAGGTAGGGTTG,1509,53.81,Caenorhabditis elegans
SEQ_811171,GCATCCAAAGCGGGTTAACGGATTACATAGACATAACACTGGGTGCTATCATGCTTATGATTCCGCATCTCGATGACTCCTATATGTCCGTGATCGTACTCTAGGGCCGGCGGTTGAGTGATAGAATTTAGAACCAGGTTCATTCGCGTGTTGTTTTACATCCCCGACACCCCACGCTTGGGTGGCTTATGGTTCCAAGTACAAGCTGTAGCAGGTCGGTCAGTCCCAGAATGCATCAAGTTCACGTTTACTCTAGGGCCGTGGGCTCAGTCTGAGGGCCAGGTGTGGGACAAGTGGTTGCGGATGTGTGGTATCAGAGTAGAATCAGTGGCTTCCTGTGAGTGACTGACCATCTTCCGCTCTGGTGATCTTTAATGACCTGATCTCAAACCAATTTAGATCTGTGTCGGCGCGTATAATTCATTTAATTTAACCGTCACATACAATGCTGGATCCTGCCCTCTCTTTGTGTATTACCCGTGGCTGTCCTTCGTACTGCGGTCTATGAGCGTTGCCAAGCCCTAGACCGGGCTGAGATAAACAAATTCCGCCCTCGCCCATACTTGATACCGTGGCTCATTGCCCCAGAGTTCTAGGACTCTTTACAGACGTCACATAGCATTTACATATGGCTGTCGGTCGTCCGTTACTGATTATAATGTGTAATCTGTCGACTACTTTAATTTGCCTGCTGGCAGCCTCGACTTCCTCTAGGTTAGGGCCGTCCGTAACTCAAAGTATAGAGATCAGCTCTAGCTCGTGCATGCTACAAGTTGAAATTCTCTATGCTCTTCTCTCGCACGAATCCCGAACATCAGATGTGGCTGAATGAAGTCGGTACGCGCCGGGAAGGTCCAGGTCCTGAACTGCCCTCCTATGAAATACCATCGTTTCTGCTTGAGTTACATGCACGCGCTTCGGGATCACTAAGAAAGATAACGATACGCCACATACCATAGAAGGTGCCGTCACACGGTCGGGTGGTGGGGAAGACACGTGACTCATTAGACAATCGGACTTACGCTAGGTACTTGAACTCACCCCGGCACGTCGTGATGCGAAAATGGCTCGTGGTGCCCAGGGCGGTGATAGCTAGCACGCATTCGGTCACGGTTGCAAATAATGTTCCCGAATACAAAGCCCAGATAGCTTGGGAAGACGGGAAAAGCATGCAGCCCGCTCGTTGCTCGGATATAATTGTATAGTTTCAACTTCTATTTCAACGCGCAAGGGGGGACTCCA,1242,49.84,Mus musculus
SEQ_208608,CCACCACTTTGTGCACCATCTCCTTGCCTTGAGAGTTACACCCGCACTTGTGTACTTCCGCGTATCGATTGAAAAGAATGTTGGAGGCACGGTGAGTTGCGATAGAGCCTGACTGGACATTGTGGCGCGTATGTCAGCCCGTATGAACTGATTACGGTTGAGATGTATCAACTTTTCTACTGCGCTTTGGACCCCTGCTTTATTGAAATAGAAACTGACGCTCGTAAAATAGTCAACATGGCTCGAGTTTGGGCACAAGGAGAAAGGCTTATGAAAAAATGCCATCGGCCTATACGTGAATCACCAACTCCCAGTTGACGTTTATTTATTCATCGTTTATTTTAAATGCCACCGTCCCGGCGACAAGCGTACGAATGACCACGACGGTTCTTAGTGGTCCAACAGGGCCACCTGCTGCTCGGATCAAAGCGGTTTTTCGGATTCAATGAGATCTTCACCGCGGCCTCATTTTCGTCGAGTTTGACTCTAGCACATGTCTTATGCGTCTTTAAGGCGTACCCTGTTGTGCCAGCGGCACGGTGATGTTGTGCAGGCGTCGGTTTAGTAGTGCTTTTGCTGCAAACACCTGAGAAGGTGGTTTAGGCTAGTTAAATGCAGACTGCGTATTTAAGATGTAATTACTCTGGCGGGGGACCCACCATATCGATCAAATACTTAGGCCATCAGTATATGCGGGACCGCTCTGCCGCGCCTAAAGCCCTTTGACCCGTGCAATAGCTGATTCATATGGGGTGCGCATTGCTCTGTCCACGGAGGCCAGTGCTGCTTACGTTGCCTGGGTAGTCCTGAGCCCGGCCTAGTGGACCGGATCATGTACGCAGGGTGGGAGCTGAACAGCTGCAAGTAGCGTAACACATTCTATACCTAAGAGGTTAAGATTACTACCACTGTTCCTCCAAATGCACAGCAAAACATTTCTTGTTCCCTGGCGAGGCTACACCACTATGTCTCTACCAGTCACTCCACAATAATATTATTCCTATAAGCAGTCGTGGCCCTTCCTATAGGGCAGGTAATACTAATGGAATCGGATGGTGTTATTACTAACGAGACTCGAAATTAACTTGGTAGTGCTAATTTGGTCTGAGTCTCATATACCTAGGATCCTACCTGGTCATCATTTGCATAATGATCTGAAAGAACTGATACGCACGATCGGATGTACGCACGACTATGGTTCATTAATTACTGCTGAACAGGCGGGGTGTCACTTACAGAGGTTACACACATCGGAAACGATAAAGTCGGCGAGACCAGGGTCTCTCCCGCATTTAGTTGACCAGCCACGTCCTACACCCGCCGAGGCACTCCGAGACCGGCGCGTAGGTTCAGTATCAAGACTGCAGTTGCAACGCAGTAACATAACAGCCGGGTGAGGGGACTATATGAGACATAAGCTTTGAGACGCGGCTAGAATCAGTTATGCTAAGAAAACTATAGGATAATCTTTAGTCCGCCAGAAAACAGACACTGGTAACGTCCGTT,1506,48.34,Saccharomyces cerevisiae
SEQ_974160,GGAGATATAGATGAATTAACCAACTGAAGGACTGTCTGTCACTCACGGCTATTTAACTGGATTGGGGCGGCTGCACAGAACTAATACCCTCTAGTCAACCAAGAAGGTTGGGTGCCGGCCAGCACCTATACAGTCTCGGTCGCTTTGGTAAATGTTTTAGCGTAACTCATACTCCATATATTGCATAGGACGTGGGACAGAGGCGACACCTCGAACCCTATGCGCGCAACTGGAGGCCCCGGTGCTTTTTTTTGGTTGCGCCCCGGCCTATCGACACTAGATCCCCCATGACATCCGTGTAAACTGAACGCGAGTGTCGCATTGTTGAATCCGGCGACGGGCGAGTTCACAGCAACTACTCATACGCGCTGTCCGTTTACAACGAAGGACCGGTACTCTGGAGGCATCGATTGCCGACCAATCTCCGTCGCTAATGGAAGCTCGAAAGCACGCAGCGTCGCAATGGTGCGAGTACTCACCACTCACGCTATGAGTAACTAACATCGTAGCTCACCAAAGCGAGCGTGGGTACCTAATCCATAGCGGAGCAAGGGAGGCTTAACTAGCACTCGTTCCGATGCTTAGACCGCCTCAGCGCCCACGCCGATCTAGGCAACGCGAACGTCACGCTCGTCTTAAGATGGGCCTAAACGTGCACGGTGCCCCGCTTATCTCCTGGCCTTAAAAGCCCGCCCGAGGACAGAACCAAAATGACCGGATCTCATCTACGTCGGCTTACTACGGGCCTTCAGTGGGGGTATATTTTACCAGGTACGTTACAATCCTCTTCAACTAGAAGGCGTGTGACAGGCAACCGCGACACAAGTAATATGGCCAATGTGCATCTAATCATAGGTCGTCCTAGAACTGTAGATTGCATTCTGCTGGATGTTATCGGACGCTCGATGGCCGAGATTGCGCGTAAAACCGATTGTATCAAGGACGGCGGTCATAGAAGTAACCTCGTTGGAAAGAACGTCAAGTGTGTGGGGGAGAGCACATTGGCCTACACAAAAACGGCAAGCGAAGGCTCCGGCGTAGTCCTGCGTGCCGTTCAGATAGGTTAATTACTTATCCGGTTGCAAGGTGCAGGGATAAAAGGGCGTGTTTTCTTGTTTATCCGGCTTCGAACGTCTTTGGTGAAGCTATAGCAGTCGACACACGAGGTGGTGATCTTCCTGCGGTCGCGGTTCGACTACGGGAAAAGATATCCTTCCGGTTGCAGTCATACCCCGTTCCCGAAGTGATCCCGTCACTAAACTTGGTCGTGCGGTACCTATAATGCAATGACCGGTCGTAATCAAAAGTAAACCACCCAGGATTGCTCAAGTTAACTCGCCCCAGGCTTAGGAGGGGTGCTCAGGGTCCGTACAAATACAACGCAGGAAGAAGATATAACTGACCCTGGCTTCGTACTCGCAGCGATGTGTCACAGACAAGGTCGATTAAAACGCCCGTGTCCTCCGGCCGACGCCACTACGCCTAAAAAACCTGCGACCCCGGTGGTTTGCCCTATCGTTAGTCTACCATAAGACTCTACAGAGCGTAAAACCCTTTCTATACAAGGCAGCGCCACGCACGATCTCTGATCCCCTCTGGTTAGTGAGGCTTCGACGTTTCGTAAGAAAACCGCTTGAAAGTTTCCCTCGACTAGAGTAGTACGCGTGGCTACCCTGGCTGGGAGTCTCGGGACGAAGTTAGGTGAGCGATAAGGTTTGGTGCCATGACTGTATACTACCACCAATCTCTCGTTAGGTTAGGGCCACCTATCATAATGCCATAAGTTTCGTTTTGTATAGGCAGTTCGGAATTCACTGGCTGTAGGTCGGTGTGGGTTAGCCTCTCGCGTAGTGATAATCCCATTAGGCTTCAACGCCTGCCTAGGATACGACGAAACACCCTAGATTGCTCTTCCTCCTACTGGCTAACGCTACAAAGCGCGTGTGCGTAACAATTTGCCTCTGTTCGGCCTGTCCGTC,1979,52.0,Homo sapiens
SEQ_397783,GTAGATTGTTTCGCATGCGATCTGGATCGTACTAGCGGCGTACAGACTGCCTCGGCCCGGAAAGCAGACCTAGGGTCGAGTAGTTATTGCCCAGATACGGAGTGCAAAACGATCGTTGCCGGCGTTATGCGTACGTCGTACAGCCCTTGTTGTATATCCCGTCTGTAATCGGCCTAGAAATCCGCACGACACACAATCATGCATCTGGAGCGCCCAGATGCCCGAGTTAGCTTGGTACTTTCCTCGCTTCACGCATCACGGAAAAGAGGTGCGGAACCCCTACTTGTGGCTGGGATTCGCCAGCTTCGCCTGAGCGACACGAAAGATAGACACTTTCAAAAGGTTTCTTCCGTGGGACCCGACCAACCCACTTTGCCCTTCGCCTTACCGCGAATGCGCCCTTTGGGGACGCGGTGGCACCAATTGAAAATGCGGCTACGATAAATGAGGATGGGCAGATTGTGACTGGTATATCGGTCCAGGGACCAATCGCAGTGTGCGAATATCTTTAATGTTAGACAGCCGTAATACGTAGGGAGTTTACAATGAGGCGGGTTCAAGAGTTGCCGTACGACCACTCTCCTGGAACTCCGCGTTAGGTTAGCGATGGCAGTAAGGCAGATGACTGGTGGCCCATCGTCGTTGGATTCCATGCAGGGGTAGCTACGTCGCCATTTGCCCTTAGAAGCGCACACGACGTCGGTCGAGGCTGCGTAAGCCCTTTAACAACTCGCGTGTCGGGTGTGGCGGCTCACGGAGGGACGGAAATCACGAGGCGTTACCATACGTTGTCCGGACCGCCAGATATCTTGTTTGCATACCCACACGTTAGTATGCAGCTGCTCGTTCCGTTCCGTATTTGTCTCCTGGACCGCCCCGCGCACTTTGTTATGAGGAGCGAAGATCCTTTTCACTCTCATTGCGCTTCTCAAAACGGTTGTCAAGGTAAGTGGTCGAAGCCGGGAACAGTTTGAGTGGTAACCCTCAACCATAGACTGTTATAGACGCCATGAAATATACATTGTACACATACTAGGCACTAAGCTAGTCTGGCCCGTGCCAATTCAACTTATTCACGAAAAAATTAGACGCCTTTTAGGGGCATAACACTGCGAGGATCGCATTACCAAATCGAACTGTTCCAATCAACCTAACCACCACTGTACCCGTCGCGCCTCCCGAGCCATTGGTCGGGTCGCTAGAATACAGCA,1211,52.6,Saccharomyces cerevisiae
SEQ_339031,GTACAAGTCCAAGATATCGAATACTACCATTTTTCTGATCTTGCACTATAAATCGCCCTCCTAGTAGTTGCACCTTTTCTTCTTCCTAGGCGTAGGATAGCAGTAAGTCATTTTCACCCGTCTGGCAACTATTATAAACTAGAACGATCCGAGTAACCACCTCCGATCAATCACCGACGTTTGTTGAGCGTACCTGTAGAACTTCGAGGTTAACCACGGCTGGTCGGATCTCGTGAGTACATAGGTACAACCGGCGGGTTAGTGAGGGCCCTCTCGCTCACTATATATATTATGCGAGGGCACCATGTGCGGACACACTTTATGCAGATAAAGACATGGCTTGGGCCGTACGGAGCGTCCGGTCAGTTTGTACATCTGGCAGGGCATGCAATTTCGCATACATTGTGTGGCCAGATGATCCACTATCACGTGTGGTATACCACGACTGTCAAAGTGCCTTTGTGCGAGACGCCCGGAATTATGTGAAGGCTGGTTCGTACCGTTCCAGTAGTTCTCACCCCTTAGTGGCAAAGGCTGGCTGTGGGCTACTTTCCAGAAAATATCCAACCTTATTTACGAGTAGCTTCTGCCGGCTAGGTTTATTGAGTAGGTTGTTATTATCGCATGAGTACCGCGCACGATTCATTCAAATGCACAAGTCTAACCAACGATGGAAATGCGATACTCCCGATAAGTGAGCATTCGCCG,708,47.88,Caenorhabditis elegans
SEQ_389176,AGCTAACCCGACGGATTCTGTCTGAAGGAGTATTGCCCATCCACGCGGCGTTTGTCAGCGCATACCTGGTTCCTCGACACCTAATCGGATTAACATTCGACGTGTCTGATTCTTTCACTCACGTCTGTTCGTTGAAGTCATGGCCATTGGCCCTGAACTCATATGGCGTGTGACGACCGCCTTTTTTTTGCTGACAAACATAATCCCAGTCTGAGTCCTAATCGGTGGATCTCCGCCTCGGCCTCTGTTATCTCGGTTTTCCAGTTCTTTTACCTAAATGGTAATGACAGGGCGTGCTGCTCCGCAACACCTGGTCCTATCCTCACGGGGAGTACGGTTTCCGGAAAGTACATCAGATAATATCGACCGACGAACCCACTAGGTTCAAGATCTTGGAAGCCTAATAGTTGGAACGCCCTTAACCTGATCCCCTCAAACTTCGTATTAAGCTCCAGGTTGTCGCACATTATTAACCTCGTACGACCGATACCCTGGCAGCCCCCCACTACAATCGGGGAGTGAGATCTAGAGCCGAGTAAATAGCACGCGCAGAAACAGGTGCACTGCCCCTCTCCAGCAGGAACCTAGCAATTAATATAAGCTCAATTCGGTCCGATAACGCATTAACCGATATTATGAGTACCACACACATGCCGGCGAGCCGGGCGACGAGAATGACCGACAGCGTCCGCACGACCTACTATCTCTCGCTACTCCTGTCGGCTCCGCCGGTATTCGTTAATCATTCATCATATCCTTCGCGAAACGTTGGCTCATCGTACGGGCCCAACCTCGCAGTTCACCAGCCGCAATAAAACTTACCCTCCACCGTAGTTTTCGTTTGCTTCTGTCACATCAGCCCGGAGCCGTGCAATTGCGTGTATCTCTTAATCACTTAAAGGCCCCTTATCTAGTACCGCAGACGTGATTGCGACATCTTAACAGCGGAACACGCGGTGTTCATGATTTCTCATGTCTGCTCCGTGTAGCTGCTCGTTCGACTCCGCATTCATCACTGATGTGGTGAATTTATCACTAGGGCTCCTATCTTCGCGCACCGTGAATATGCCATTTGATTCGTAAATCGGGTTAACTACTCCTCGACGAGGCCTACGTTTTCGCTATCGCCGATCAAGTATCCGACGCGCGGCATTCGACTGTAGATCGCATCTATGTACGCTCTGTTCGATTCATCGCGCATAGGAGTGGTAAGTCCGCCTTGGGTAACACTCTCTAACTTCAGGTAAGTAAGTACGAATGATAAGGTCGCATATCACGCTGGGATATATAGAGCAGTCCTTCTGACATGAGGAACACTCAGGTGGATAGACGCGAGTATGGTGAATAGATGACGAGGAGTGCCCCGGGTTTTATGTAGCCTAGGTAAAACGCGTGCTATTAGGAAGACTGCTGTCAAGAGAGACTGACCACTGAGCCGGTACAACAGACTTGCCAGTTAGGCTAATGTAATATCGATTGCACTCGAATGGCTACGATAAGTTAGGGAATTCGCTCCCGGCAGGACCCGTGTGCTGACCGAGTAGGATCAGTATTCATCCTCGGGAGTTGCCTCTTTACTCGTCTGGCAATACAAGTTTCGTCGTGTTGAGAGTAAAAATAGTGCCATACGATCCCGAACGAACGCACAATCTCAGCAGAAGCGAAGCCAATACGAGTCG,1679,50.09,Drosophila melanogaster
SEQ_753333,GCGTGGGGGTTCGGTCTACTCTACCTCGTAATAATGATTCAGCATACGCGAGATGACTCAAATCCCCGTAACCGGGATCGGACGGTGAAATGCAATGCAAACGGTGGGGTGGACATGGAAATACCAGGCCCTCTCACCTGCGGAAGTCAAGCTGAAATGGTAATCGAGCATTGTCACCGTTGTTCAGGCCGCTGGGAACAGCACCGGGCCATAAGACGCCTTTCGGAGGTATACCCTGGTGAGCAACTGTAAACTAGAACATCATGCGAACACACGCATTGCGGGAAATAGTCACGCTGACGTTATGAATAGTCATGTAACGTCCCACCCATCTCTCAAAGCTCAAGGGCCCACGCCAGCCCTATCGAGATAATCGTCACTGCACCTGTTGGGCCGACATATCTACCTGAGGATATCGTGCAGGGAGTGGAGCGCGAACTAACAGATAAGGAACAGGAATACCTAAGCACAGAAGGTCCCAAAGGTGCGGGCTGTGGAGTTTTACCGTCCGTATGAATTTGTACGCACTAAAGCAGGCGCGGCCGCCATCGCACTTTTTCGGGGGACATATGTCGCAGATTCAGAGAGCATCAGAGGTGCGCGAATGCGGCAATAGCCTGGCATTAGGCCACGCACCTTAGTAGGGGGTGACTCTTACTAGCTGTCGCGAAACCCGTCCGATTTCATCTCTCATACAGGAAGGGATGCCAGTAGTTTGCTTCGGGGCACAAAGATTTTTATCAGTGTAGCGATGATATAGTGAATCCATTGCAAGGGTACTTCACTAAGCGGTCTGGGTACTGGGGATAAGCGAGATGTTATTGTCTAGCCAGTGTTCTGAGGGTCCGAGCACCACTAGCCACACTTACCCGCACTCACTGCATTTCGTCTTAGCCATGATATACGTGTGTATATAAAGGACTGGGACTGCTATATATGGATTCTGGGCTAATTTCTAACTGTCATAATACAGTTCTCTTGTTGCGTGACCCGAGACGCCGACCCTGTCTGGTGACGACTTAATCAAATTGTCTTCGCAGAGCCGGCTTACTTCTCAATATAAATCCATTCTCGTTGTGTGTGCCGACCGCAATTTACGGCCACCGCTCCAAGATACACTTCATCGCGAGTTAGAATTGGATTGAT,1146,50.35,Escherichia coli
SEQ_967635,TTCAACTCCGCCATCCTTCCGTGTGAGTAGAGGAATGCCTATGGCCGCCGGAAAACTATGGTCTTTCTTCCCTCTTTATCGGCAG,85,51.76,Drosophila melanogaster
SEQ_676823,TTAAGCAGCCCAGGCTGCGACAGTTGGCCTAACAAAGCTGCCCATGCCGCATACGGACACCTGACCTCTCCCCAGGGTGATATTGTAGAGGCATCTGGAAGTGCAGGAATGAGGCGGTTACGTCCGAACCTAGACGGGAGTCACAGGGTCTGGTTGGTGGTGACAGGAGCAATGGTCCGATCGCCTGGATGTATTAATCTGAAACGGTCTATCGTAATGAACCGAAACCTCATAATCTTTAGTGGGACCAGTAAGCTCAAGCCCAACTTGTCTGCCTCTGAGCCTGCCATAACATTGCATCAAACTGCACTACCAACAGACTCGCGGACGTTCCCCGTACCGTCACTGGTCGGTAAATTTTCCCACACGCGCAGTTTATGACGGGTACAGGCCAGTTAAAGCTTGAGCGGTTGACAACAATATTGTGCAAGACAAGCGGATCCCCGCGTAGGGGTGCCCCGGCTACACATTCGTCAAGTAAATTTAATTTTGCAGGCGCGAGTTCTTTGTCGTCCGCGAATTGCACTGGTACCATCACCGAAGGTGAGGAGATCCATAGGGAACATTAAGAACGTATCGTGCAGGTTAATCGGCATTTTCGGCGTAACTTCTCGAATTCGGAGAAACTGCTCCCCGCCCGCAAGATGGGAAGATTAATACGCGATAAGCTGGCGCCCATGTTGCCAAACTAATAAGCCCAGGGTAAAACTTTTAAATGTGCGGGGGGCGCCTGAGGGCCCGCATCCAACCTTGAAAGGCGGTCACCTTCTTTGTTCACCCAGGAGGAACCTTGTGACCAGTATACAGTCACGCCATGTATAACTGTGTGGGTCTACGGGGACTCGAGGTATTGTCATAAGCTCGCAACATGCATAAGAGAGTATGCTGCTCCCTGCGTGGAAAAGGCCGAGGAACGTCGCGCTTTAATCTAGAACGTACGGAAAGGTATTATGTCGGTTTGCCGGTATTTGCGTGGTTGAAGGCAAACGGCTTTACTGAGGAGTCAACCATCACATCGAAATTGGTAGTAACCCCAATGAATAGGAACTCGCGCATCACGTCCGGCCTGGACGGAGCGAAGGCTTTGATTATCCCGCGGCATAAGGAAATTTGATCCTAAGAATGCGGTGTGAAATGGACGGCACAGGGCTATTACACTCGTGTGCCTTTACCTATCTTTGGAGCATTTTGATAGTGTGGGATCCCTCGCACGAATACTGCCGGCCCATACTGTAGCTGCTAAAGGGTCCTACATAAAGCTCCTACCGCGAAGAGCAGACTAATCGTCTCGTTATCCCCCCGAACCTGGTCCGTGTTCTAATATGCTTCTCCAAGTCACTGCGTCTCATCGTCAATGGAACTCCGTTTAGAAAAGTCTATATGTGTGGAAGCATTAAGCCCATAGACCCCGAAGGGAGTAGCGATTCTTCCTTGGTGCACTCCCAAGAAAACTATTCGCCACTTTTATGTAAATAAGAGTATATCGTAGCCTATGACTGTGTCATATGACTGTTCGCAATTAGGACGGGGTAGAAACATAAGACGCAGACTGACTCCGTCTTCGCATTAATTTGTGTGTTCCCCCGTGTCGGGGCGCGTGCGAACACCATGACGGCATATGGTAGGCTGTCACCGGTAGAGGGTTAGCCGTTTCCATAACGGGGGGGTGCTCGGGTGAGATGGGGTAGGAAAACTGTTGGCCATTTATTAAATATATTGTCGACGTCCAGAACCCTTGCGCAAGACGTCCGAGATTGGGACCGTTAAACCTTCGATATCTATGCTAACTTGTTCACGCTAGAACTACTTCACTTGCGGCTTCACAGGTTCGGTTTATCGACCCTTGCCCATTGCATTCCTTCTTCTAACCCACGCTCTATCCTCAATGCGCCGCATCCTTACAGGCAGGACCTATAAGACCTCCCCGATTATAGTCCAGGGAGAACTCCACAAATAGTGAATTTTACACTTAACAAGCTCTACCAAA,1987,50.03,Arabidopsis thaliana
SEQ_529645,TTAAGGCATAAGGCTAAACAGTTATCAAACCCTTCACGGAACATCAGGACACGATGGTCTGTGCCAAGGTCGTATATTAATGGTATAAAGTCGCTGGCGCCGCGCGATCTCTCGAATCCTGGTAACAGCCGTTCGTCAAAGCGTGCACGCAGAAAGGCTATTCCTACGAGAGGTCCTGTCGTACTGCGGGCATTGCTGGTCAATTGAACTACTAGTCCTCGCTTGGGTGTTTAGACTCAGTAAACGCTGGTGTTCTTCCCGATTGGAAACTTATTACCCACTGGATCTCGGTTCGGGTTATTGTGTAAGGGCTCTCCGAGGTATCTAATTCAGGTCCCATAGTTTGCTCAAAGGTAGCATCTGGCTCCTCATCACCATTGAATGGCAACACCGGGATGTGTACGCCCTCAACCCGGTAAGGCTTCTGAGAGTTTCGCACATCAAC,445,49.66,Homo sapiens
SEQ_999122,CCGGTCCTTGTGCATGAGCCTAGAGATGCCGACCTAGGCTAATGTGACAGTAAACCCAAAGCAACAGACTTTCAGACCTGGAGCCTAATTCGAGTCAAAACCACGAGCTCGGAGAGCTTTCGTATTCATCGCTCTTCTCGAAGGTCTTTAGTGAGGTCTTATGATGACTTTCGCACATGCGATATGGTTAACACTGGACGCAAACGCTAAAGTCTTGGATAGAATTAATCGAATCTATTCCGCATATCGAACTCCCGGGAGTGCCATTCGTTAGGGCGGTTCCCAGTGACCCACCGCATCGCTTTTTGAATTATTGGACACGACGCGATGTGGCACCCGCGTCGTCATAACCTTCCTGGCCTGATGCCAGTATTTCATGTGGTGCCGCTGTTAGAACTTCCTGACAAGGCAGAGGGTCCGGAATCGTCGATTACCATAAAATACTTAAGCACTGGTGGTCAGAAGTGACCTGAGTTGAAAGAAGCTGATAGTTGCCGTTAGTGGCCTAGCAACATTATAGATGAGTCCGAGAAGTCTCGCTATTTGCATGAGAGCTTCGTGAATCGCTATGGGTGAAACGCTGATGTGGCGGCATGACCTTCGTCCTAGCATTCTAGCAAAGAGTCCCCGTACCATTCAACTATTCGCGTCTGAAAATGAGGAGGGGGGTAAGGTACCAGCCGGTTCGAACCCAACTGCTCGTTAATCCGCGTGTGCAAGAAGTTCTTCGACCGATTGTGCTAGACTGTGACCCTGACGTGCTATAGAGCTAGCTATCTAAAGGAGCGACCTTGTTAGATCTTTAAACCAGGTCCCAAGAACGGGGTCCGAATAGTAGCCGGACTATCGTGCTGCGGGGGGAAACCTATCAGATTGGTAGGTCTGGCATACCGGAAGCGGCACGTGTTCCGGAAACACGTCACTCGGACCCACACATGACTATATGCGACGCCCCGACCAAAATAGAGGACGTCCAGGTAGTGTCCGGATTCAATCTGAATTCACGCTATTGTATGGGAAGACCTATGCGTCAAGGTGGGCCCTTAAGTCGAAGTGTTTATCCTGGGCAACGTTCCAAATGTGACGAATCACGTCGTGAAAAAACAGTGTGCGGCGAAAGTTGCCGACTGTAGCTAAGTCCCGATTTCTAGCCGTTACCGTAGCTCCATTTGATAACACAAAGCACGAACATTATAGTTGCCGTACGTTCTCAATCACCGGGTCTGCCACGCTAGTGTCCTTCGC,1245,50.04,Saccharomyces cerevisiae
SEQ_407649,TTAAGCTCAGCTAACTCGCTCCCTAGCGTACGTGATTAGTTGGGTGCAGAGAAACTAGACCAGACTCAGGGAGCCACGTTCGATAACGACGCGTGTTTGATATAAATAGAATGTAAGTCAACTACGTCATTTCCAGTAACACCGAATGCGCTTACAAGTGTCACTATGCCGACTGAGTTTGAGCGCCTCTGAAGTGGAAAACGACATTGCTATCTTTCAGCCTCCTGCCTTCTCTAGTATTCCTAGGAAGTGAGGGCTCTGTTGTAGCCATGACGGGCGTACTCACCTAGATAGTATATTTAGTACGCGCGCGCAGACCTGGGCCAAGGCAGCAAAGTCTCCTGTACCTGCGGCACTGCGCTTCTATTAAATAGCCACATAAGTAGACTTCATATACGACGGGGAAGACGTGATAAGCCTCCTGGCTGCTGGTAGGCCCACAGTAAAATAAGCGTTGATATGCCCCTCCGGTACCACAAGGTTACCCCTGGGCTTCACAGTTAGGACCTGCTGACATGCGCAGCATGTGTGCTTGGAACCGTTCACACTTTAAGATCAGTGCACTCAAGACAAGATGCAGAGGTCGGTGATATACGTGTGATAGCTAGGAGCACAACCAAAGTCCGCCCGCTAGCAAAGCGGGTTATCAGGATTGTAATTAACAGATACCGGGTAAGCGAGCGATGGGAACGCCAGTAATTAAAAGGAGTTGCTGAGCGATAGGGTTATGTTTTGCCGGGTCTACAGCATGCCATTCTAACTGCTACTCTGGGCCCTATGTCCTCTATCCTATTGCTGCGCCCTAGTGGCATGATACTGACTTGAGGTTCGTACGGGAACATAGTGTTCGGCCGGTCGGGAGACTCGTTGGACCGATGTCCGCCTCCGACGTTACTAACCTATCATGGGAACAAGGGGATTCAACGGTTTCGACTAGCATCAGTAGACCCTCCCTGGAAGGTTAACCACCTTAAGAACTGCGACGGAGCGCGTAAGTCTTAGTCGCGAGTTTCGGGCAGCTTAACTGGAGGGAATACACTCAACTACGAATTCCTATTAGGAGGTCTGTGGTCTAAGGTTATGTTTTTACAGCAATCTGAAGCTACTACAGTGTACTGAGATTCGTTTGTAACTAAGCGTGACTTGCTGACAACGCTGCCTATACCCACACCTGGCCAATGTGCGACTAGGGATGGGTAATCGATATTACGAACATCGGCCGTT,1224,49.59,Homo sapiens
SEQ_840028,ATTAGCCTCATGGCGTCTGTGAAGGCGCCAGTTATGGGGTCGAGCGGCACACATCCTTACGATCCTGGGCAGTGATCAATGACCCCGGCATGGCACCACAGCGCAACACAGTAGCAAGAAAAGACAGTGGGCAAAACCGGCGTAACCACGGTGGTGCTATGTAAGACCCCAGCTCGGCTGCAGAAAATTTCCTTATTCTAGGTCTACCGTAGGTCTGCTATAGGGCGACAGGTCGACAGAGAAATAGGGTAAACTGGCAAAGGGGCAGAGTTGCGCCATCGGGGTCATCCGGCCTGTATGCCAGCGATAAGTGCGTCGTTGTGACAGACACTTTAGCACGTAATACGACCGAGACAGTCGAACTGTGACCTGACCTAGGCATAGGGTTCTTTCAGCGTTTATTTACCACCTGCGTCCACTACCTAAAGCTCCTCGCTATTGCCCGGCGAGAAAAACTATCGTAATTTACCAGATTGCACTGATTACCGAGTGAACGCCGTCAATCACCGTTACGAGACCATTTTGTTAACAGAACGCAGCACGGTATAGTAGGCGACTCCCCCCGTGTTGGTCTGATGCGCCGTTAGACGCAGGGATCGATCTACCCGAAGAAGATCCTCGTTAGGGCATAACCGCGTCCGACGATGTTGGCCGGGAGCCTACTAGCAACTTCAGATCTTCAAAACCCGTGGCGCGCGCGCCGCTTACATCTCCCGCCTGAGGTTCCATACGGGGGTTGCAAATATCACGTGTTTAAGATTATTCTTCGGCTATCCAGTGGTCTTCCCTCCATCGTTCGCAAAGCTAACCCCGGGAAAAATGAGATATACTCGCCGACTTGTACATCGTAGGCAAGTATACGTGTCATTTTCCGATGAGGTCTGAATGTTTAGACACGCGGAAGCGCCTACGCGTACAGCGCATCGCCAGCTCAACATACAATTTTCCTTGGCTAGCCCAACCTTTCAAAAGCGACCCGACGATGTCCTTTACGGGACTTCCGCTTTGACTTTTTTTGGTTACGTATCATTGAATTGCCACGAGGGTGGCTGTTCTATTATGCAGGCTCCGACAAAACTAGTAGGTGCTTCGTGCACAAGCTCGGGAGATCTAAATACAAAAGTGGCGATCGAAAGAGGAAGACCGATCCTTTGATGGCGATTAGTAATCACCTTGCGCAGGTCCGCGCCAGGTACCGTTAGGCTCAATCAAGTTCGAGTTCTTTCGTCGTCCATAGCTAGAGACGCTCACGTCACAATAACAAAGAGATAGCAGTGTCAGTCCTTTGCTACAGCTCCTATACCTCGTAGATCACGTGGGACTAGTGATCAAGCTCCAAGGTGGTGCGAGATAAATATAGTTCGTGTCTGACTAGGAGGAGCGCCATTCAACGCTACGTAAAGCGTAAACCAGTGACGCGAGTCATCGGACCAACGCGACAGCTGTGCGAAAGCCTTCTGAGGTGAACGTAGAGGTAGGCTCTTCGCTCTTAGGTCTATCTTGACCTCATCCTGGCAAGGTTCACAACTAAAACCGTTAGGTTTCGTATTAGGTAGCCCTGGAATTACAGGTGCTGTTACCCACTCATGGCTTAGCCGAGTACCGTCCAAGAACTATGGGGGGTGAGGACTAAGATATTAGGATTACTTGTGTCACGGTTGCTCCAAAGTGTAACTTGCCAAATTAAACATCCGCTAGAGCGATTGTATCATGTACCTCCTGTAATCCTTCCGTGCCCCCGCGACTACCTAGATCCCGGTGACTTGATAACATCCCTTTATACTGAATCGAACCTTAATCAGATACGCTCCTCTACAGCCCGCTGTCCTAAAGTAGGCGCCCTGGGTAGCCAAGACTGGACGACGCATAAGTAACTAAGGTTGCAACAGATTTAACCTCCTTTGAGAGTTGGCATTGGTCGTTACATCCCGACATGCGCCCTTAGTCCTTTGTAATACCTCATAGATCTATGATGCGTACGAGAAGC,1987,50.38,Caenorhabditis elegans
SEQ_310406,GGTTTACCCATTCTCAAGGACGACTATAGGGGTTCCGGTAGCGATTCTCAGTATCATCTGGCCCCACATGCTGTGGATTTTTCATTTATCGCTATGGTGATCAACTTATTCCTCATCTCGCTGATGCCGGCAGCACCACAACGGGGTCCCTACGGAATACATCTAGAACTTTCGTTCGTCCAGGCAGATTATAGGGCTTTGTAAATGAGAAAAGCACTTAACTTTCCAATTTTACTGAGGTTTAAACTTCCCTTGTTTTCCAGTTTCAGTCGAGCCCGGACTTCTTCGCAGGCCTAACGGTCCCCCAAGAATCGTGGTAGCGAACAGCTAGTGTTACACCTTTGTTTGCGTAGAGTCCTTTGTATGCACAAGCCGTACGTTCAACTTAAGCACGTCTACGCATCAGCTGTAGTAGAATTGTCTTTTGATAAGAACCGGGCAGACGAATTTAACGTTACTCTAAGAGTATTCT,472,45.55,Mus musculus
SEQ_397615,AGCGTTAAGCGAGCGGTTTCGCTTGATCAATACGCCCATCACCTGTACGGCGCAACCCCTGTCTTTATTTGACATCAAGGTTGGTTGAAGCATGACCTACACCAGGGTGCGGGTATAACGTCATACCCGCGCGACCCCCAGTGCCGTCGCTGCGCGGTGTTATGCAATATTTGACGATACGTGCAATGTAAGCTCAACTCAGCGTTTAATTCTATCTCAATGCGCTGTACCTACAAAGTGAGGTTACGCTGCCAAGTTGTCTACTAGAGTTAGCGGGAATTCAATAGCCCATACAGAACTGTTATTTCCCTTGATCGGGCTGATTGTTAGTAACTCGGGACGATCTCTATACCCTGACCCAATCTCACAGAAATCAGCTAAATAGGAAAAGTGACAATATGGGCCCAGCGTATTGGATACCGCGTAGCCGAATGGGTCCTACGAGAACAATCAGATCCATAACCACTGTACATTATGGTTTCGCTGACCTTCTCGCCATCTTGCGCCGTAACATGCTATTTGAGAGTCGTCATCCGGCGCTACATCCTGAGCCAGTTCCACGAAAAGCAGAGTCGTTACAGCGTAGGAGCCGGGAGCAGCTTAAGAGCTCCCAATAGTGGCCCGCATTCTATGCCCGTGGCGGCCAGTCCATCTCATGCCTGTAGCAGGTTTAGATCGCTTATACACTTCTGGGTTGCAGGAAGGGTAACTCCCGATATCGCCCAAATTAGACATGAATTAAAATGAAATCCAGCTCTGCTTAGCCGAAGACCCGTTTCACTCGTTTGCGCACGACGTTATGGCCTATACCCAGGCGCAAGCGGGGGATTGTTGCCCATTGAATATCGAAGGTCGCGCACGGTGGTCCCGGTCGTGGGGCGTACTGAATCACGCTTTTGATAATCATAGTGCGATTTCCCTACG,924,50.43,Caenorhabditis elegans
SEQ_643863,ACGGCCCGTGCCAGGAGAGTTCGGATGTTCCCGCAAGCATATCGTGGCCACCACCGGCGTACGCGAGAAGACTCTCATGAACACATTATGCCGCATCAGCTTCCAGGTAGTACTTAAACCACCGGCGGGTACACTACAAGCATTCCGGAAGATCATATTTTGGGGTGGCTGAACGGCGACTCGTGTACCCATAGCAGGGAGACTCCGCGACAGGATATATATCAGGTACAGCAGTACCTGATTCCTGTCCCCGGTAGAGGAACAGAATAATCAGCAGCCATATGCACAATTGGCAGATATGAACTGGTGTGAGAACATGCCGCGGGTCGGTGCGATCAACAAGTAACGTTAGTAGAGAGATTGCGAATTACCGTTTTAAAGAGAATTACTTTTGACATGCCCTACTACGCAATGCGCTCAGGGTTAATTGACCTCCAGTAAAGCTTGGACGATAAACCTCGCGGGGGAGATCCTATGAATGCTGGGGAAGGAAGAATTCCTCTAATTTGATTAGGAGGGGCTCGGCCCGCTGTTTATTATAGGACAAACTGGGACAGAACAATGCTGTTAAAACTTATGTGGTGTGATATGTTAAATCTGTGCGATAGGTACTCTGACAAACCACCCTCAATCTGACAGCTCCTTGGGCTCTGTTGCTTGACAATATCACTGTTTCGAGACGCTCACTGTTGTTTCACGGAGTAGAAGCGAGAAACCAATCGTCATGCGCGCGTTCGGTGTAGCTGTGATTAGACGAACACGTCCCCTAGACGCCTCCGAATTTAGCTCTAATGCGTTTGCTGGACCAAACTAACAGCCTATTGCACTCCCAACGAAGCGGAAGCACCAAAACGACTGGACGTGTCACTGTTGGTCGCTTTGGGATCTCTAGCTCTGCCCAGCACCTGTTGTAGGGGGTCCCCAGTGGATGCCCACCTAACTACAAACCTTTAGAAGTACAGTCTGTGGGTTGCCCTCCATGATTTGTAACTTCATTCCAAGACCGTTGCTGATCCCTTCGACTTCGGGAATCTTTGTTGTGGTTCAATTTGAGGGATGTGTAGACCGCGGCTCACGCCCTGGACGCGTTCTCCTTTGACTCAGCACACCTGTCACATGTCGCTCCCTATCATCTCCCGGTGGGGTTTCCGGTACGGTATCCAAGAACGCGAAGGTGGGAATGCACTTGTCCGTGTCTTACTGTGCCAGGCCCATGGGATTCGATTCTATCTTAAACGACGATGATACTGTCCTGCCCCTTGCCCATGGTTAAGACCTTAATACGCAACCGTCTAGTCTCCGAATCCGTAGGCGCGTTGACGCTTTGACGCAATATGTACTACACGCAGCTGTTCGGGACTTTGTATGAACATCCGCTAATTTGCTAGAACCATTCTCAGTAGTTTGGGATTTAAGACCGCGGGCACGGAAGCTGCAGGTGGCTACCGCCAGACGGATCGTTACCCCAACAGAAGCCATCTCGTCACCAGACTTCCC,1497,50.7,Mus musculus
SEQ_304420,AGGTCTTCACTGCGTAGATCGTGAATTAGAACAGTTTGCTCTCAGTATCGGTGCAAGAGAGAACCAGGATCAGCCTTATATACTGGAATAACACCACCAACGAGGCCGGTATGTCACTGACCATAAACACGGAAGTAGGACCTACCCGGCATGTCAGTTCGAGCAGGTCTATGAAAGGGCCGCTCGCCACACGTCCCCACGACTATACTGTGGCGATTCGTACAAGGTACCAAGCAGGCTGAACTTAACCACGGGTACGTCTCGTTATCTAGTAATATATCAGATGCCCGTTTGCGCCTTCATTGGCCTGGCGACCTGGGCCGATATATTACCGATGGGTCATAGTCTGATGAGCTGGGTATGCGAAGTACGAGCTCTTGCTGCGTTCCCTCGCACAGCGAGGTAACTATACACCTTTCGCGGAGGTAAGGCCATGGCGGCCTGCCTTCAAGGGATTCCATGCAGAGTCACAAAATAGCCATCGCA,486,51.85,Homo sapiens
SEQ_678952,AAAAACCAGTACGTGAATACAAGTGCGTCGCCGCTATATTCACTCCGGGGAACTAGCCTGCCTGGTATCCGGTTATCATACCATAGCAGTCTGCCGCGCGTTTTATTATTATCCACATTCATACAGGAGGCTAATTTCTGCGTGCTGCAACTCAATGTACATCCCGTGTCTAAATAACGCTTCTGAAGGAGATTTCCGCAGCGTTTTTGGCATTTTCGCACAAGAAGTCGTACACCCCACCCTGAAGGACTTAAGTGTTGAGCCAAGACTACAATATTGTTATTCCCAAATATTGGATCCGCACATTTGTTCTTTCCATGTTGATGCGAGGCCTACGGAGATTAATCCTCAAAGTGACGTGGACATACCCACGAAGGCAAGGAAGCGGATTCATGCATCTACTACAAAGACTTACATGACCGTACAAGGATATGTATTTATACTACTTATAGTACGTGTAGAGTATTGTTCTCCGCCCACCTAATGGAAATCTTTTACTAGGCAATCCACTAGCGACAGATCTAGTGCCCTGGTGGCAGCGAAACCTGCTCTTTATGTCTCGTGTTGTGTATTCTAGCAGACGTACGTGTTATGGGTTCACAGGTTTGGCTTAGATCGGCGGGTTCACATGACATCAACGCCAGGCTTGTGAAATCCCCAGAGGTTTGG,669,45.74,Drosophila melanogaster
SEQ_272405,AGCGATTAACAGTTGGCTATTCGACTGTAGTAAACTCCATGATTAACGGAACCATATAATTGGTTGGGCATTGCTAGTCTGATACCAACGACCTACATCACGGTTATTGCGCTATGTTTGGTAGGTAGCTGGTACTATATCGTAAGGTCTTGTCACGTGTTTTCTCGCAGGCGTAATTGTGCCGTTAATTGGAGTCCGGGGATCGCATCTTCGTCAAGACTTCTCTCCCCTAAGTATGAGCTGAAAGAACGTGGAGGTATATGAACTAATTTCGTACAAATTCTCATATGGGTTGACTCTAAGACAATCTGCGTATACACGCGAGAGGTCCATGACAATCTAGGAAAAAGGTGACAATCCGAATGGGAGTTCACTAAAGTCCATTCTAGTGTTTAGGCGTTCGGGACTATCCCACACAGCGATTGGTTACTTGTTCTATTCCCCGAGGTCTGTAGTGCGCTTCCCGTGGTAAGCTTGAACGAGCACCTGCTATTTTGTACTTATGTTAGAAGGACCCCCTGAATCGCGGCAGGTACGCAAGAGTTTGTGACAGCCAGCGGAATACTTCATCTGATTACCCCCGCAGA,587,46.0,Caenorhabditis elegans
SEQ_311273,CCCTTCGCGGTTTACTGTGCGCAGATACCGGACGGAGGCGGGTTTAAGCCTCAACCATGCTGTTGCTTAATCGATATACGGCAGCCTCTTGTCGAGTAGATAATCTACGCGGATCCGATTGATTACTACCAGAGGAGTGTATCGCTTATGTGCGGCGCGTGGAGCGAAGACTGACAGCGCGCGATACTCAGCTCACCAGATTTAGTGGCGGTAGATGTGGTTGAGAAGGTATTGGTCGGGCGACCATTGGGATCCAGGCCTTGTACAAGTCAACCATCCTTGACGGGCGAAGGAAATGTCTCCGCGCGCTTGTGATCATCTCCGTTAATACGTACGGTTAGATATGTCGGTGGGGGCTTTTGGATGTATCGTCTTGAGCTATCTGTGCCGCATCGAGAAACCACCATCCTAGAGTCCCCATTCCCGATTTCGCAATCCCGGGTCGTATCTCGACGTTTGGACTTTTGGGGTCCCACAGAAGCCCGGTTGATAACAGGCGCCGAGTATGATAGCATTGGATGATAACATGGCATCGTGAGAATGTGAAGCGCACCAGCTACCAAATTGGGGGCGATGCCTTGTTAATGAGAGCTACGCTAGCCCTGGGCCCCGCGACCACGAATTATACGAAGTTCTCTATGGGCTGCCACGTCGCCTTCACAATAGCGACCTTTCATCGTAAATACCTCCTGTACCAGAAGACCGCAGACAAGTAGCAGGATGTATATGTACTTATGGTGGTGATACTAGGACAGGACAATTGCACGAACAGAACGCGAACTCTCGTTGGACGAGTGCCGTGTGGTACCCCCTTGCGGCTTGAGGCTATTAATGGGCGAAAGCTCTGTTTGTAGCTGGTAATAGGGCAAGAGTCTTAATCTCGATAACGAACGAGTACGCTCCCATGTGCTAATAAGCTTACAAGAGTATGTATGT,936,51.28,Escherichia coli
SEQ_699330,TACTCACTTAATATCGCAGTATATTCCTACCCTCAGACGGTATTTCTATACCCGGTCAGCGTCTGGGTACGTCGTTCCCAGCTGGTCTAGCACATTATGAAATAATGAGTTGAGTGGTTGGCGGAGAACAGTGTTGCTTGCGTTGTCAACAAAGCAGAACCATGCTCCCTCCTGGGTGTGGTTCAGTCCATCGGCTGTTTTCGGGTTCTCCTCCCACAACGATAAACCATGCACCAGGTGTTTTGCAGACTTTAGGGCGTATCCGTTGTGCTGATCCTCGCCAGAAATCTATGCAGCCTGCACCCCGGCCCGGATCGGCCTATGGGGTACTGCGTTCATCTTTCCTGATCTTTGTCATCTGGGACCTAGGATTTCTTCTTGTTGGTAAAACTTGACCGTAAAAGCCCTGATTCAACGACGAGTCTGCACATTACAGTCGTCCAATAAGGCGTACTGCGCTGGCGTCAAACCTCACAACCCTACCAGTACGCAGACACTTGGCCGCGGACGTTATGTGATATTATGTAGGTGCATGTTAATTCGGTGGACGTCTTATGATCTGGTGTGCCAGCTCTCGGCCCACTAAGTCAATTCTATTTAGATGCCTGACTGGGCCAAGCCATCAAAATCGAGTTGCTGCTTAGCTAAGTCTTGTTAAAGCTGGACTCGTATCCAGACATATCAGATTCATTGGACCGCATAGGAGCACCCAAGCGCTTTTTTAATGGGGCCGAACGAGCTACATGAGCGTGGGCTTATGTGCAACGAGAAAAGGTCGTGCTCCTGACACTTTATGGCATCGGTTGCTCACACGAGAGTCCCCGGGACCGCACAGCTGGCTCCAAGGGGTTCTAAGTCCGTAGCACGTATACTAGACTTTTAGCGGCGGAAGTGACAACCGCCCATCTCAGGGAGTAGATCTCAGCCTGTGGTCGGCATTAACGCATAAGAAGCTCCGTAATCAATTTGCGCCTCTGCGTTTATCGTGCAGTATTACGTGAAAGGCCGCTTCAGTTAACCCCCAGAGCCTCACCAGAATATGATCTTACTCGACTCGTCTATGGGAGCGTTGCTGGGGGAGAGACGCGTGGTTCTGGAGTGTCATATTCGGGGGTAAGGGTGCCTATCTATTACCCTGGTCAACTCCATAATTAACCTGGATCATGCCAGCCGTTAGGACGTGATCGAAATCTGTGCCGGTTCATGGTTGTGGAATGGCACGGTTTCGGACCCAATCCCAGCTGTCGACAGGTTACTCAAGTGACTTCAAGCGACCCGAACCCGTGCGCTTTAGGCTGGAGAGACATACAGGCGTTC,1317,51.1,Arabidopsis thaliana
SEQ_187732,TTAGTTCGACAGCTGGAGGGACCGAAGAGCAATTGTTGTCGCCGGCTCTTTATATTGAGTGTGGGGTCAATGTTAATTTCGGATCTAAGGCGACCGTGATCGGTGCTATCATAGATTACTCCTTGAGCGGTGGGACGATATTCTTGTAGAGCTTGGCTAAGAATCTGTGTAGCAATACATTATACTTTATGCAGAATCATTCTCGAAAGTGTGGGAAGTGTTAGAGCCCTAATGTGATCCCAGAGGGTCTAAGGTGATCCCTTAATTCGCGAAACAGACGGATCTGCATGGAGCCCCATGCGACTTGTACCTGCCTAGTGGCCCGGTCCCTATTATTGTATCACCCGATTGAAGCTAAGGCCCATCTCTCACACAGTCTCAATCGCACAGACATCTCTCCAACTCTTCAGTCTTAGATCGCAAAAAAGAGGTCTCAGGAGTGGGGGATTAGTTGTTCTCTATGCTCCTTAGTGTGAGCACCGAGGCGTGCGTGGGGCCAAGAATTGTGGAGGTGAAGTGAACCTGCGGGTCTCGGTTTGGTGACGTGGGCGGCCCCCAGATACACTTGTCAGGTAAGAATGAACGAAGGACGTCGTCACCCGGATCTTCACAGCTGTCCGTGATCACGACAAGGCACGTTTCGTCTGACGTTCTGGTAAAACATGAGGGAGTAATTGCTGTGAGTCTAGGGCATACACCGTCAGTAAACACGCTGTTACCTGAATTACCGCCGCGACCGGCAAACCAGAGTCCGGATGCTTAGTGGACCGTGCGGTACACAGTCGTCGATGTCGCCCAGACCCGTGAGGAATACTCCCTCCTATCCGCGCATGTAGTTCTTGGATAATAAAACCACCCGAGTGTTATAGCGAGTCCAGCGGGGACGGTGCAGTTCACGGATGAGGAAGCCTTTATAAACACGTCGTCCGAATCATCTGGTTGCTTCATTGTTATGGCCTTACTAGGACGATCAGATTTCCATAGTTGTCGCTAAACGAATATGGCCTGGAAGGACAGGCACCGCCCTCGCTAGTTCTGCTGAATTGTAAACTGTAGTCCGCCTGCCCGCGAGCCGAATACTAATACACCATGTCGAGATTTGAGTTGAAGAAACACGAATGGCAGGTTAGAGGCATTCGCCATACGTTTGGGAAGTTGCATTCAAAGCGCAATTCGTCATTAATCCTTGCGTTCAATGGAGACGAGGACCGGTGAGTCAGGAGTCACTAATCTCATCTAAAACTGCATTGGACAGGATACACTATTGAGCGCCCGGCGGTAAGAATTTTCTATCCCTCGGGATCGTCCCATATATCTGGCGATTCCAGACCGATG,1335,50.04,Escherichia coli
SEQ_203908,AATATGATCGGGATGGATCTGGCCAACTTCTTTGACAGAATCACCCTCATACTCCGGAATCGCGCAAAGGGAGCACTCAACACGGGGCATCGGAGCCGTGGAAGAAAGCGACCGGAGCACCGCGCCAAGTACCACCCCATCCACCGATGGGCCAACCATCTCATACGGAACTAGATGGGTCATCGGGGAGCCCAGCGATGTCACCCAGGGGTTTATTTCTGATACAGATTCTCAACGCCCCGTTCCGGGGAGTTATCAGGCTTCCTAACGAGAGATGTGATGTGTTTTACCATCAAAATCCAAGGTTCAGCTGCGTCGCAAAGGCACTGGATTGATCGTGGTACAGCTCGTTCACTGAATGCATCGGCCTAGGAGGAAACAATCGGGGCTCGCTTCGTTGTCCGCAGCGTCTTACACTTACGTGAGGTCGACACAGCCCTTGACTTACC,449,54.12,Arabidopsis thaliana
SEQ_996569,CGGAGCCAGCCACTGGCCCCTTGCCCTACTCCGTTCTATTTGTGAATAACTAGCCACGTATTCGTCCTTCGCCAGAAGCGTCGTGTTAGCCTGAAAGGCCTACAAATATCCGCGACAGGAGCGACCCTAAATTATTCTATCTGACTGATGGCAAGGCTCGTGGACAGGGTTTTTCGGGAGCGCATAAAATACCGGATCATTCGTGCGAACCCATGAGACTGAAGGGGCAGGCTATTGAAGTTCGACGCTTCAATAATATTCCACCCCTGTCACTCGCTAGGAAGAAGAATCCGAGGCGACGATGTCTAGTTTATTTGGCAGATAAGTTCTGGTGTACCGGGCTAGCACGGCTGTAGGTGAAGGCTTTTGCCATTTGAAGCATAGAGCGATTTATTGGACCTCACTACTTTAAACAACATCACATTGCCTCGATCGTGATAAACATAGGGCTGTTAACCTTCTTGCCCTCCGGCCTATGCAACTAATTCACAGCGGACGTTGTAAAACTTTATCAAACGTAAGCCTCTATACAATGTTTATCGGAGAACAGAACGCAATAGGCGTAATGTACTATCCTCAACACACGCGGGCCCGTCAGGGCGTTAGGTTGCTATCTGGTGGAGTCGGTCTGGCTCGGTTTATCCTTTCTGACTGACTCGGTACATTAATGTAGATTTCCAGTCGTACTGGCACAAACATGATATGGAAGAGACATGATGTGCACAGAAAATCGGGGATTAAACGTCGCCTTGCTCCGCTATTCCGTTATTGTTCATCAGCCCCATTCTTTGGTGCCTACCAACGTCCGCAAGCCAACGGCTGACTCTCACAGCATTAGTCGGCTTAGGCAAGGCAGATGGGTTCACCAACCCAGTGTGGAGGAGTAGCTTCGCACGCTATTGCAATGTGGAGTCATCTATCGTGCACCACCAAAGCGAACACCGAACGGGACCGATTTGACTACTCCTTCAACATCTCGACTCTTGGGTTTTTGTAAATATGAGATTAATGCACATCGGTTTTTACCCGATCCGAATGGAAATCAAGAGCTCCGGGGGAGTCTGGTGGCAACCCACACTCCGGTTCGTAACGATGGACCGCCGGCCGTAACCATGAGAGTTTACCCATTCGGCAAGGCCGAGATTTAAGATCAGAGGCGTGGTTTCAGGTGGGCAGTAAAACGCTTATACACGATTCATTCCTCCACGTCGTCTCTTTACCGCTTTCCAACTAGCCCACGAGCTTATGCCTGTATGACGGGCGATGTGGAAT,1272,49.37,Homo sapiens
SEQ_919968,GAGATACAAGTGCCTCTCAAGTTAGTCTACCCAGACTGGGATCGCGGCCGGACTTACGTCTTGTAGCAAAGTCGATGTGCGGTACCTACAATTAAGACCTCATGGGACAGAGCCTGGTGTCCACTATTAGTGTAGTCAGGGACGTTAGGTAACGTGATCCTTGTGAACGTAAAATACTGGTCATCTTGTAGTTGCGCAAGCTTCTTGTGTGCATCTTGTTATTTCTGAGTTCATCGATGGTCTGTGGGTGTTTTTGCCGCAGCCCCATTGGGCAAAACCAAGGCACCGTGATCATGGGCTATCCCCAGGGAATGGCATAGTGACTTGTAACCTGGAGGTAGGTGTTCGGAGCGATGGACTAGGCAAGCATAAGCGCGCAGAACCTACTCAGACAACGATTGGCGGTGTCGCTATTACACAACGGGTTCGAAGCCGCATGGCGGTGATGCTGCGCGCGAACCGGCCGCGGACATGCGTATTATGTGGAACTGGTCCGTACGACGGAATACTGAACAGCAAGCTTCGGCTTAATTTATGCGGTCGTCCGACTGTAAAGAGAAGAAAAGTTTACAGTTATCGACTGCTCAATCGGACTCGTTCTAAAGTCGACTGGTCTTCCCAACCTCAGCACTTCATTCCATTAACCTGCGCG,652,50.77,Mus musculus
SEQ_599804,TGGTTCGTAGATTACACACCCAAATCGTCCGTGCTCGTCGCGGTATGCTTGGGGGAGAAGCAGCTGTACCGACATCTCAGGACTCAGTAGACAGATAGGCCACACAATAAATAATTCACGTAAGCGATCGCTAATACTTATACAGGTAATCGGTACTGACGCCCCGGGGAACTAGCCGTGTCGTTGAGCAATGTGGGAAAATACTTATTGTGATAGCTGGGGGGTCTGCTAGGTTCCTGACTGTGACCCTAGTTCGCACAATATCAGTCAGGGAGTTAATCTATAATCATGCGTCTCGGATTTTGCAATGGGACCTTATCATTGTATCATTTTGTTAACGTAAGGCCCTTCCATGAGTCCGGATAGCTGAGCGCTTCCCTTAAATACCTATGG,393,47.33,Caenorhabditis elegans
SEQ_431589,ACAGAGCCGAACGTGAGACATATCATACGCGTCGTACATCCGATAGGGTAATCAATTCTGTTCAGATGGGCAGACTGCAACCTTACCGTGCCCTCGTGTAGCGCCAGTATGTTTGTAATCCTTGCATCGTCATTGATTAGGGTAAGAAAGTGCTGTAGCCAGCGGTCGGGTTCCGCGGGAAGGTACTAGATCGATTTCTGTGCCATAGCTTACCGTTGTGTATTCTTCCCAACTTGGTCGGCCTAGTTGTTTAGTGGAGCCATCCTTCCGCGCGTACAGCAGGGATCCCGTGCCTTCCGGTCATCGTATAAAACCTTAGGATTGGTTAGACACTAAAATAGTTAACGAAACTCAAACCGTAATTAGAGATAGTGCATGAATGAAATGCCTCAGGGGACTGTCCGGAAACTAGGGAGATTCAATGGCCGTGAAGCTCCATTAGTCATCGCTCGTAGAGAAGTAACCCCTACAGAGTAAAATACTCGCAGGTGCCCAAGCTAGGAGTAGAAGAGGACAGTTACCTGTTGAACCTCGTTCTTCCTGAAGGCGGGGAGGGGGATAGCATAAGCGGCTGTCTTTTGTAGTACCATCCTTCGAGTCTCCCTCCAAATTGATACCATGTATGTAG,628,48.57,Drosophila melanogaster
SEQ_242687,ATCTGTAAAGGATCATGTGGCGAAAACTGGGCGTCGTCATCATCGAACCAGGGCACATTAATGACGTCTATGAGCCGTTTATATCACATTTATTCCGCGACGCTGCTTAAACACACCTTGCTGCGTAGGGGACATGACGTTCGAACTTGACGTCGTAACGTTAACATCCCTCCCCGGCCCCTAGAGCAGCTCCGATGAAAAATGTCACGTATCCGTTATGAGTTTAGTTCCCAGGTTTGAGCTGCCGCGGGTCCATTGCGCTGGTATTCCAGTGAAAGCTGGCCGCTAAAGATGGTCAAGCGAAGCCGGTTTCATGCGCAATTAACCGAAAGGGATATCGCCATGATGAATCTGATACTCCACCCGGAACACCATCGAAGTTTCATCAAGGAGTGGCGTTTTATTTACGATTTGACGTGTGTGGCAAGGTTACACTTAGTGCAGGGCCTACTTGACTGGCCACCCTCCAGAATCCGTGACCAAATTTTCGCGCCGTTATGCAAATAATCTCACCCGTTGACTCCTCTGGTAGGAGTGGTGGCTCCGTTGAGGCCGACAAGGGTTCCTTTCCGGCTAGTGAACAGTACAAGCGGAAAAAATTTCTGGTGCCGAGACTGAGCTACATGAAAGAAGCACGCGTTGATAGGTCCCGAACACCCAGTTGTGCTTTAGGTCGCATAGTCCGAGGGCCCAGCACGGTCCCTTGTACTTTATTATAATACACTGTAGCCCAGATCGTTGTTTAGTCTGCTGGGTTCGATGCTTCCTGGCTACCTTAGCCATAACGGATAGTTTCTCCGCGTCTCCTCCCAGCAGCGCGTTTGTTTGAAATGGTGTGAACTTGAAGACCCTAACGGTAACAGCCTCCGATGCTGCGACGATAAGACGTCTCATAGATCCGTTTGGCGTCTGTACTCGGAGCACATATGTATCTGCTGCCGCTTAGCCCCTACACTCTCCAGATCGTATACCGACCTTCCTAGCATTTCCCGAATGGCCAGGTTTCCGGCATCGTCCGCTAGTCTTGGGTAGATACCATATGGAACGCCCATCTAGAGGCCGCCGAAACGTGTACATACAGAAGCGTTCGCACTAGTCCGGCTCAGGGGGGCCTAGAAAATCTGAGAAACAATATTCTTAGCACGTGGATGCCCGAGAGATTTGCAAAGTAGACATACCCCGTGGTTTCTACATGGCTTAAAGCTGTCAACCATTAGGACAGGCAATAGAACTGCGTGCGGCTCACCACAAGGGTATTTGCCACCAGTCCGAGGGGGGAGCCGCACCGAGCACTTCGCGGTAACAGTTGACTACCAGGTTGCCTTATCAGTAAAAGACCCTCGCCGGAGAGGTTCTGATTCCGTGACCAACGCCCGGGGACATTAGCGAAGAGTTCACGGCAGGTAGGAACGCGTGGGTAACCCGAGAGCTAGGATAAATTCAGCGCTGAGGAGTATGCGTAATGCGACGTTCCTGGGGTTCAGCTGCATCGAAAGGCTTATGGAAATAATGTTAACCGGGCCGGACGAAGTGAGTGCTACAAGAGCCATATGTGAGTCTTTAGTCGCGGGGATGTCCTGTATCATCACCCACGGAACAGCACTCGGACCACCGAGCCCTTCGTAACTACGACACGATAAGTCAACACCCATACTTGGATTACGCACCGTATGTAATTGTCCCACAAATCATATAAGCGGAAGAAGGACGCGACAATTATCTCGGCTAAGCTCGATGTTTTTTTACTTTTCTACATCGTACGACTGTACCAAGCGCGTCCTCCGGTACAAACCCTATACTGTGCGGACT,1809,51.08,Homo sapiens
SEQ_158509,GTCCGGCGTAGCGAGCAATCGATTCCACGCCCATGCGTAACGGGGGCTCCCCGCTGATGACCCCTCGTAC,70,65.71,Escherichia coli
SEQ_529302,GTGGCAGATCTCGTCTCAACATCCCCGGATACTCCAATGCGCTCCTTGGTCTCTATGGTCGGGTCGCACTACCGGTGCGTCTACTTTAGTATTGCCGAAGACTCTACCTTTACCCCATAGCGAAGATTGCCACTTCTCTGTGTTAGGAGAAGGTGAGGTGGCCGGGAGGTACCGCCACTGTCATAATCTTTTACCAAGGAGAATAGGTGGCTAGGCTTGTTGGTGTCAAGTACGGGCAGATAGTTAGCAGACGTAATACCCGCCGTTCCGTAGTCCTGGGGCACCTTCAGACCTCCTGGATCTCCGGTGTGACGGTACATCTCGGTTATTTGGTACCAGCCACCGGCAACGGCCTGGGTCTACTAAGCTACTTGTAAATTTTCGTTTACCTATCCCGCGTAAAAAAAAATCTGAGTATCGTAGCCGTAGAGTCGGTAAGACCACTAAGAGTTAGGTCACCACAAGATAGGGCATATCGACTGGACGTTAAAGCAGGAGCTCTCTTTTTCGTTTTTTGACTGCAGAATAGAGACGATATCTTGGGCAATCACCGCCAGTTGATCTTTCGTCTGCTAGTGATCTAGAGCGCCTCATGAGCTATGACATTCGCGCGGATTCGTCGATTTCAAACTAGCGATTCTCGATGGTGGTAAGAGCCAGAAGGGGAGTCCCTTACCACATGGATGTCGAAAGCTTAACCCCTAAGCGTGGGGTAAACCTCAAATAACAGAGTGCTGACCTCTGTAGGTCCGGTAGCTAAATTATGAGCTGACTTTTACTCCGACTGGAGTTTTTAGTTACCGTTCTAGCCACCCTCAGAAGTGTGAGAAGCAACTGCACTTTACGCCTAGAGATCCCCTGATTACACGAATGACCCATGCAGATTACCACAGCCAAGCTTCCCGACTCCACCCCGACCCTCTCTAGGTCGTTTCTCATATGGTGCCATAACCCGCAAGCTGTTGAAGAGACGACATGGTGCGGTCAGGTCCCGTAGCCGCGCGGTAAAGATTAAATCCTCTAACGTCCTACTATCACTATACATCAAATCACTCGTTTCGTGTACCCTGTAGCGGGC,1078,50.0,Drosophila melanogaster
SEQ_893400,TATCTGTCTTACTTTATCATAGAACGCGCGAAAACACTACCTATCGAGTCTATATCGGAGTCGCGCTAATTGTACGGGGGAATCGAGAAGGCGCTATCAATGTCTACGATCACCCAGATGTTAGCGGTTTAGTGATTTGTTAGGGGAGGACCGCGGACAATAATATGAGACAAGGGCCATCCCCGAGCCAATTCCCGGTAGTATGACCTGAGGCTTGTCACCTTGTACGCCCACAAACTGAACGGTCCCAAACGGTATCGCAGATACTGCTTTTTTGGGGTAATGCCTCGATTCTATCTGGAGGCGCGTATCCTTGCGGGACTGACGCAAAATAGCTAGAAAATTTACTGCGGCCCTTGGGGTGAGTTAGGCAATAAACTATGGCCATTCTAGGGATATTCGATCTCTATCCGTGAGAAAGGTTCCCAAGCAATCGCTTCTTCTTTGGGTTGTTGGTAGAATATATCCATCAGCGCAATAGTATTAAATTGTGCCCGTGCACTGGGCGGCTATACTATACGATGAATTAGATGCGAGCTGGACCGTCAGGACACGTAAGACCAAGCTTGACAGCAATGCTCTGTACGTTCAAGTTCCTAATGAGTTTCGCCGTGGGATTACATATTGGCTAGAATGGATACCGCGACTACGACAATCGCGCTTAAAAGCAGCGCCGCACAGGTAAAGTTTATGTTAGCTCTCTAATCATGCCCTGTAAAATTCCAAGCAACTTGAGCTCAGCTGGGAAAAGTAATTTCGCGTTGAGTAATGGCTGGACTCGCTCGGGGTCGTTCGCATCTGCTCTCAGTCCACCAAGTTCCGGGCAGCTATTCATACTTCCAGTTCGGCCAAGTAGGAACCCTAAAACGGGCAGGCCGAAGTTGCGCATAGGATGAAGATTCGAGTGAGCTCATCCGGAGAGCTAGGCATAATCAACCGGCACGGTACGTTACAAGCCAATATGAATCAGAGACGACAGCTCGATCGACACTCCCGCTCAAATGTCTTTAGACGGCTCACTTCCCCTTTAAGGAGATGTACGGCACTAAGGTGCGCCGCCGCCCTATTTCCACTGATAAGGGTACTAGCATCGTAAAAGGCGGTTAGGTTTATCCAGTATAAATTTATCAGGAAGTGACTCACCTCAGAAACGGCAGTCGGCCCTTAATTTATAACGCGGGGGTCCGATCACAGACTTTTAATGAGCTCTATCATACATGAGGTAGGGCGTCGCAATTATCTAACTCCCCGCGCAATTGCACATGTTTGTATCCCACGGCGTTAGTTCGGGTGGAGGTAGGGATCGCACGAAGATCATCGAATAAATTTCGCTCGTGCTCAGTTATCCCACATGCTTGGATTAGCCTTCCGTCAAGTACATTCAAAATCATCACCGTGTTGTACATTCGGTACCCCGTCTCGCAAGAGGGAACCCCCCTGCCTATTGAACGGTCTCAGATCTCAGGTCACCGGCACCCCTTCCAGCATTTGCACTACGCGCATCCCCAATCGTTTAGGACTCGCAGAAGATGCGGTTGTCCCTTTATCACTGTCGCTTAGGGCCCAAGTATAATCTGGATTACTACTCACGTGCAACCGGTATGATGCATTACGAAGGGGTTGAGTCGCGTCACCTTCGAGCTTCCGACCGGTGGATGTACAGCCTTACCTGGATTCAAATTATGCTTACGACAGTGTTCCACTTCGGCATCGCGTCTGACAACGTAAGCCTGCCTGGAGTTGCCTATGGGATGTTTCGCGTAGACGATTTACGAGACTCAGTAGCGCAAGGGCTGTGGATACGTCCTGCATAGAATGTGGACAACCCCAGCAGGAATCGGTGAGTGCGGCCTGGGTGCGTCCGATGGAAATAATCCGGAGTTTCGTACAACGGGACGAAAG,1902,49.68,Caenorhabditis elegans
SEQ_840533,TGCACAACAACAGACGTGGACACTACGTACCTTCCGTCGGTTCTCTGGGAACTGCCGCGGGTTGTTCGCGATTCGAGATAAAGATAACAAGAGGTCGTTAGAGCAGACCCACTAGTCACTCGCTGCGGGCGATCTACCGGTACAGAAAATTTTTCGCTACCGTACCGGAACTACCCGGAATAAGCGCCTTTTTTGAGTCATAACATCCCAATAAAGCGACTTTTCGGGAATTAGTAGCGACTAGAATCCTTAGAATCCCGAGGTTTCCGTATCAAATAAACAACCATTCTAGTTTATAGCGAGTCTACCTCGCGCATGCAAACTCGATTTGCATGTGTCTATTAGCCCAGTATGCTTGTTTATCATATAGGAAAGAATAGATAGGGCTCTTTCACTCAATAATTTGGCGACAGGCGTACTTGTGCGGTTATGGATATGCGGTATGTCGTGTCTTATGAGTTGGGGGAGACGCCTGGATTCAGCAATCCAAGGAGATTCGAAATGAAATGTCGAGGTATCTCGCTCGTACGCGGCTAAAGGCTAGTCTGAGGTCATTACTCCCATAATACCATCAAATAGTCCTTAATGATAGTCGCCGCGCAACCCCCTAAAACACTAAAGCTAAAGTGCCTCGGGGGCTCCAAAATGCATCCGTCTTCATAACCCACTGGAGCTAATGGGTTATACCGCAGCGAAGGACTCCCCTTCTTGTGGACTCTTGGTACGTGTCTGACGCGAACAATGACGCATTTGCATGGTCAGTGCCGAACACCATGCGTGCCCACTGGTATCCCACGAACGTAGTGTTATTTAGTACAGAAATAGCACTTATATATTTGCTATTGGAGATCTCCAACGGCGTTGCCTGTCGATGGAGAAGGTGATTGTTCTTTCGCTGACTAAACTCGTGCTGTCGTGGTATCGACTTGACCTCGACCCCGACGTACGCTGTGCAGTAATCGAATGACACCGTTCCGGTGGGGAGGCACAGCGACGCTATATTGGCGTCACCTACTAAGATCGAGATAGTACTCATCGACGCATGTTAGGTTCGTATCGACTCGCAAATTGAACTCTAAGAAGGCTAATTTTCACTCCGGCACGAAGTACACCATTAACTGTTAAGAACGTTTACCGAGCTGACCCGGGTGACCAAAACGAAAATTGGTGCTCTCGTCCCTTCAATGTGTAGAATACTTGCACACTAGCTTACTCAGCTACCAGACGCTTCCAAAAACACAGAAACATGTTGGGCATCTTGTTGATGTACGGGGTGTAATGCCCAAGCGGGTTCAGAGAACCTATACCGATGGGTTCCCAACGTGTGTGTCATTCTTAAATCCGTGCTCGCGTGAGCGATCGACGATTCTGCGCGAAGGGTTACACAGCGCTGAGGAGTGCGGTATCCGAGTGGCTGCCAGCCCTC,1426,48.53,Caenorhabditis elegans
SEQ_304622,GGAGTAAATAACTATCGTGTTTGCCGCCCACCCCAGAGTGTAACTATCACACTTGCGCTTCGTAGAGACCTCGGTAGTTAAATGTCTCGAGCAGAGGTGTGACTCCCGACAAGGGAGTAGGCTCCTGCTTGTTTTGGTTATCGTACCGGCCACTGCGATCGCATCTTACTGAAGATGCTCGGCAGCAGACGGAGAACCGTTGACAGAAGTAGATACACGTCGTGGCGGTTAGCTGGAGGATTCACTCGGACGGGGTTTGCGAGTATTCCCCAATAACGAAAAGTGGTGTAACCCCCAATTCCTAGTGACTGTTTCGAGAGACGAAAAAAGTGCTCTTTGCACATACAGCAGGATTCAACAGCTCGACGCTGGACTAAGTCGATTTGTTCACTGAAATAGAGAGACTTACCCCTGGGAGTGAAGTGTCGACGCAGACACGCCACCCCGACGGTGATAAGATGTCTAAGGGACGTAGAGCAGCCTCCACTGTGACCAACCTGAAGGTTATCCTCAGTACACGGCGACACAGGACTCACGATCAGTCGGGTAAAGTATACCCCTGTCCCAGGGAGCATCTGTTACACATGTGCCCACTCCCGCGAGATATTAAAGCTTCACCTGGGCGATAGCTGTTTGCGCTAAGTTTAGTAGTCTTTATATCACGAGATACTATACGCTGATTCGAGCGCTACCTACGTATTTCGGCACCTTAGGGGACATAGACACCAATGATTATATCTGATAAGGTAAGACTAAGCCCTCGTAAAGCAGTGAGGTACCACTGGGTGCCAAACGTCAAGAGGCTACGTCCGCTCGCGTAGAACAAGGAGGCATCTGATTGATTAGTCCGACGACCCATACAGAGTCGCATCACCGTAGCGGTTACTGCCAAAGACACTTGCAATCGTAGCATTCCCTCGTACACGGGTAATAGCAACTTGGAAATCCTTTGCGGAGTGCTTCAGGTTACTGGCCAACTACTCGAACGTTGAGTCTTTTCAACACCCAGCCTCTTCCCGTCCCAGGGTCGCCAAGAGAGTACCGGCCAATGTTAATTGTAGGAGACCACAATCTTACATTCGCTCACTATCCTGCCTTTTGGACATCCTCAGCTTGCTGGGTTTTGAGGGCTCCACAGATACTTTACAGTGGCTAGTCCACAAGACGCAGTATCCTGCCGTAGAAGTTGATTAATACGTACTGTTGTTTGGTCCTGTGGGATCCCAACGATTCTGCATACCCATAGTCCGTATCGCGCCCATGAGGACCCGTTCCGAGCACACCTACCAGAGGGTAAAGACTTAGCCTCATTTTCGTGACTTGAAATAGTGGGTTTGGTCACAGACTAACACAGCCATTGGTGATCCGGCATCAAAAACGCGGCGTCGTCCGAGGTATTGGTCTCATTCGAATGTGGGGCAATAACATACACTACTCCTGACAGTAGCCCAGGGTTGTACGGCAGTACTGTTCGTTGAGTCAACATCTAGTGGTGACATTTGTAGTATGTTCGCACATTTCCCCCGATGCTCGCTTCTCACTGCGTTCTGGATTAGTTGTCTCCCTGACCACATCATAATTTTTGTGAACTGCTGATAATCGGCGCACGTCTATGTTCTGTCCTCCCGAACCTATATGGGTTGCTCGGTTTTTTCTAGTAAAATCGCCGAAGCTAAGCTCCTTCCGGTTGAGCAGCAACCACTATCGGTATAGGGTAGGTGGAGCAGGCGGCCTTGCTAGTATTCTCAAGTTGTACCCCCAGAGAACGTAGTACCGCAAGTCCGACATCCTGCCACTTGGCTGCCCCCTCTGGCGACGACGATGACACCCCCCTACAACGGCAACGGTAATCGAAGTTGGCAGGAAGGCTACTCCCAACCCATATTTGTGAGCCATGGCATCTAAACCTACGTACCTGGTCCCTCGTCGGCCTGCCTAGGTTAGCTGAGACCGAC,1955,50.74,Escherichia coli
SEQ_153563,GGATGCAGTTAATGTGAAGTGAGACGCGATGCACAAACCCCCATGCTGAGGGTATCTATTTCTGCGTATCTTGTGCGTGCGCTCCGACAATTATCAGTTTCTCGAGTAGGTAAAAGTGGCGTGAATCGGTGATATTATAATCTTCTACGTCTATTTGCTCTAGGACCACGACGAGCAGCACCACATTCGCACATAGCCCCGGGGTGCTGGGGCGGCGCACTAGCACGCGAGGTTGGCTCCTGCACAGAAGCAAATGGAAACCGTCGTGCGCAGCACAAAGAAGACTAAACCAGCATGAAACTTCGAAAATGTCAACCCAGCCGCTTACATAACCAAGTCGATGTCAATGACTGCTCTGCGTTCTAAGGTCAGTTGTCCTCCATACAGTAGTATCGCCCCGGAGAAGCTTGCGAGGGTTATGTCCAGGACCAGAGGATCCTAGATTGGAGTGCAGGGCTTCAGTGATATGCATGTCGATCGAAAAAGAAGACAAACTGACTAAATTGACGGCTCTTGCTGACCTTGAAGCACGACCGACGACGTGTCCTGTGCATCAGCAACCGACCGCCTTTTATTATTAGATCTCAACTAGACTAGTAACCGAACTCTACACAGCAACAACTGGTATCGGGGCTCCATCTAGAAGTGAACGCACAAGGCTTTTGCTAATAGACCTCACCAGTTTGGAAACTCTCTCAGAAGGTCTAGATGTGCCCCCGTAAGTGATCAAGATACCGGCCCGGCACGGCATTGCGAAACCCCGGTGGCTTAAGGGCCCCAGTTAAGAACGGAATCATTGATCAGGAATCGTATATCTGGTTATCGTAGGACACCTTGAGGAAAGGACGGATAGTCAAGTATCCCCAGTTATAGTGTAGCAGCAATACGACATAACAAACACAACGCCAAGTGTCGAGGTGCTCTGTCTGACTCGTCTAGGGAATGGCTGACTTAGTAAGCTTCAGTTGGGTGACCAAGCTGACCGTACTACTAAGTTACGGGCATTAAGTACCGGCCAGTGTTAGGTTCATGGGGATGTAGGTTAGTTACAATCTTGGGCTGCCCGATGACAGGTCTTGAATGTAAGTAGAGCACTCCACAGTTATCGAAAAAGCAACCCCAAAAAAACTGTCCAATCAGGCTCAGGATCGGGTAAACCCACAGGTTATTAGCTAGATGCATCGGTTGAACTCCCCGCGGACCATAATACATAAAGGGAAGCGCTCGTCCCCAGGAGTCGATACTCTACTACCGCCTCTCGACGCCCGTATGGGATGACATCACCGCCCCGTATATGCATGTGCGACCACGGCTCGAGTGTAAGTACGCGGAGCGATGTACATGCGACAGTAGCGATCCGATATACCTGAGCGCCCCCCACAAACGTGGCTACATGACCTAGCAGTTGCCCTGAAAATATGAAAG,1425,50.11,Caenorhabditis elegans
SEQ_338140,TGAAAAGGATGTTCATGTATTATCGGACGGCCCTTGTCATGTAAATTTAGCTGCCCTTGACCGGCTGTGGATTATGACTAGTCAGCGGTGGCGATGCTCGGAGTATGCCGCCTGCGCGAGCGCTCTCAGAATGGCTCGTCAGTTCCGGTCACCCGTATAATAATCCTGGAAAGGATGAAAACATAGAAGTTGCTTCCTAGTGCTCGTTGATAAGTGTGAGACTGGGCGTCGCGGCAAACAATCACCAGCGTTACGGCGCCTCCTATTGTAATCCTAAGAACGTCATAGTTTAACCTCGAAAACGATCACTCGTCAACGTTCGTAGCGGAAACTACGTGATGCATAAATAAGCTGAGACCGCAAACCTCACGGACAGTTCCGCGACGGATGCGACTGGTTAGCACTTTTGATAAGCTGGAGGTCACTATGTATCCGACAGTTGCGCCCTCGACAGCCGCGTCTGTCTGAAAAGATGGGAGCCGTTTGTAGATGAGTTATCAGGTTTGCGCGCACCCTCTGCGAAACTGGTTCCTGGGTTCCAGGGCGCGAAGGATCCTTTTACGAGCATTTCATTGATGATGGGCTTGGCTCCGAGTCCTTAGGCCTAGCCTCCTATGCGCCGT,623,51.52,Drosophila melanogaster
SEQ_769489,GGTCCCGTTCATGGAGCATTTGCCCCTTACCGGGATGTCTAGGTTGGAGGTTCTGCCAAGTGCGTGTAAGGATTTAACCGTAGAGTTGGGGCTGCTTGGTTTCCGCAATTTAGTCCCCTACGCTGATGATTAACCCCCCAAACAAGTGTGCCACAGCGCATACCTCACATCTGCTATCGCCAGTGTATCCCCGCGCCATCAGACCTGTTACTTTCTTCTTGTTGTGGCTGTAGGGAGGGAATTAGCAGAGATGGGTTTCTGATGCTAAATTCGTGGAGTGTTCCCGAGCTAACTACAGTATCCCTGAGTCTGTTCTAGGGTGTGACCATACGGGCGATTTGGGATGTATAAACTAGTAGGGCGGGGTATGTCGAGCTTCCCACCCTAAATCGTTAGCCTGAGTGGTTCGTACAAATTCTGTGCCTACAGATGGGCGACGCGTTGCATGCCGGCGCCAAAATTTAAACCATATTTCGAGGCTACGTAAAAAGCTCTTCTTGAGAGGTCCTGGTTTCTCAACGGAGGATGGTGGTTGTTGCCGTCAAGCAATGAGACGACCTCGGGTGCGTACCACATTCTCGATCATGGGATTTCGTACAAATGCTCGGTTGAGGGTCCGAGGTCTGTAATGTCGCAATTTAGTCCAAGGCTGTCGTAACGGTCTGTATGCGCGTATCGTCACCTGTGGATCTAGAGCTTCTTGGATCTTGGAATTACTCGTGGTTCAGTGTACGTAGGGTTAGTGCCATTTTTACCACTGGAGTGAGGCAGAGGGCAAACACGCGACAAGGACGCTTTTCTCAGGTTTTTGAAGATCCCAAATATGCGCCGTTTACTTTCGAGCCGTATCCGATTATACTGTCTATACAGCCATGACAATCGGCCGGAGCGCGGCCATACTCTGACCGTCGAGTATTAGAGCTTCTACGTAATCGTACTGCGACCGTCCGGTGGTAATGCCGCGTTCGTCATCACAGAACAGGAAATCCGAGTGACAAGTCCTACACTCGTAAAGTTGCGCCCACGCGGGGTCACCGGACTATGTCGTTGCCTGCGGCGAAAACCGGGTGCACCTACTAACATCGATCCCTACATACGTATCCGGCCTTCGCGAAAAAGATAAATGGCAATCCACTCTGTAGCCTTGTGCGTCAGAGTAGAAAGGGGTACCGGGTAGCCGGCAAGCATTGGAAGTTTGATGTCGCGGGGAAGTCTAAACTTAGGCTTCGCTTTACGCTAAAAACTGTGAAATTGTAGTTTATGCAGTAAAGGTTGAGACTTCGCACCAACAGACTCGCCACGGTGGTCGTCATCCGCAAGCTTACCTGGCCGACAATCCTGAATCATAGTATTGCCCACATCTACCCGGAGTAGGGGACCGTCGTAAAGTAGAGTTTTCAGCATGAAGTTTACGTTCCGACCTAGTGGGGTCTACGGTTCCACCCTGTGTAGGATTCGGAGAATCCACGGAGTCAGAGTCCGTGAACCATCCAGGACTGTCACTGCAAACAGAAAGAGGCGATCGAATGAATACAAGCACGCCCTTTAACATCTCGCCCAGGAGCCCCGGTAAGGCATAACCCCTCAAATTCATGGAAAAACATAGAGATTCTATCGTAAGG,1622,50.62,Saccharomyces cerevisiae
SEQ_708034,ATATTGGTGTAAAGAAAATTACGAATCAGCAGTCTGCATCCTGCATAACTAGTCCTGAGGGAACCAGGCACCTGGCCTATAAAGATAGCTATCAATGCACCTATACTTGTTCGTGAGTGAATAGTGGTCGATAGGGCTGGGTTCGGCTGTTTACGACGACGACGGGAGCAGGATTGATTATCAATCAAGAGTGGGAGGTGTCCTCGCGGGTGCTTACTGTCTTAATTGCCCTAAATTCACCTCGTAATATCCGGCGCAGTGAATAAG,267,46.82,Homo sapiens
SEQ_593525,AACGCTGGCGTTGGAAAACGAACTGCATTGTTAAATCTCAGCATAGGGCCTAACAATCCAGCAACACGTTTTTCCTAGGCGGGTTATACGCGAGACCCCCTTCACTGTTTAGGCGGGTAACCGTAAGGTCTTCATAGACTAAATCGAATGGCCCCGGGGTAACTATATCGCTTTAAAGTTACAGGACACGTGACAGCGGTAGCTGGACGTTCTCTGCCGGTGATAGTAAGGCTTGCGCGCAATCTTGTCTACGTTCTTCTTAAAGAGCTTATCTTAGGGCGCCTCCTAGACGCGTCAGATCATACCAACTCTGTATAACACTTCCGAAAGGCCTGAACGCACCGACATATTCAGTCCCCCATGAACGAGGTGTACCAGGGGCGGCTGACACAACTCACGTACATTCATGGACAACACCATCCTCTGTCGGAGTTGGTCCGGGACGAGCGATAAAGAGTAAAACATCTTCGCAGACGCTTTTATGTCTAGAGCTTGTCGGTGGTTGCTGGATGATTTGTCGTTTCGGTCCACGATCGTTCTAATCCTATTGCCACCGAAAACAACGGTGATCTTCCGTGTTCTCCTACAAGGGCGTCTGTCATGGTGCGTATGAGCCTCTCTTCCCTTCGCCGCCCACCCTAGCGCTACCTTCGGATACATAGTTACGGTGCCACGTTTAATTCATGCTCGGGCCTCTTTTTTTTGCCTCTCCTAACCGAGGGCCCGAAGGGTGCACGTGCGAAGCTATACACCTTCCATAGTAAGTAGACCCCCAGTACCTAGCCCCCGCCCTACGGCGGCTTCCTCGTTGGGAAGGCGTTGGGCCCGCTAAATGCGACTACTGTGATAGCATCAGGAGCCCGCTTTTTTGATGCGCCCATAGTTCTAACAGCGCATGTTAGACCATATGTCCGATGCTAATCCTGAAGGCGCGATGGTACATCCTGTTTACAGGGTCGGACCTGAGCGGTGCGCTGCTCGAGCAGTGGGACTGTTTGTTCATAGCCAACAATTACCGGTTTAAATGATCGAAAATCTCTCGGGGATTCAATTGTAGTGAATAGACTGCAAAGAAGGAGGTCATTCATCGCTGCGTGAACCCGTGATGCGCTCATAGCTGGGTTCAAAACGTCGGTAGTGAGGGCCAGCGGATATTACACGCATAGTACACCGCGCAAACGGCTAGGTGGTTCCTGACGTGAAAGGA,1207,51.53,Homo sapiens
SEQ_483675,TTCCGCATTGAAGCCCTCCTTTCGTCGTTCACTCTGGCAGTATTTAACGCTCCAGTATGGGGGAGTGGATGAGAACCTTAGATTGTGCGCACTCGGACGGAGGTCATGTTCACAGGATCGTGAAATCCGTTGTCACGGGTATATGGATCTCAGGCATTATAACCGGGATCGTTCGCGTTGAATTTAAAAGTCACGGAGCTGGCAACAACATAGACACTGATATATTGGTATGATTCCCTTGGTGGCAACTTGTTTTCGTTTCATACCTATGGTTCAGCACGCACAAAACTGTAGACCGCTCGTTTGTGTCCTACCTGACGGCAGCTAACAATCAGTGACTCGATCCTTAGGCCAGGCTCCAGGGCTCCAGCATGTCAAGTCCGGGGGGTCCCAGGTTTCACTGCTAATACACGCAGGTGCCTAATAACTGCAACGGGGAACTCTATAGTCGTCAGATCTGAAGCGGACTTGGAGCCATGATTGGCCGGGGTAGTCCGCGAGCCGTTGACTGTTGGCTATGAACCTTAGATTTCGATTTATCGCAGGACTGCCAACCGAAAGGCCGTATTTGGAATGGGCAGGCGAAACGTCGCCGCTCCCCCATCGTTACCCTACCTCCTGCTATACGTTGAACTCTCCGATCATTAGATGCAGGAGAAGGTGTCCAAGACCAGCGGTTGGATGGAGGCTAATACTCTATGTCGTTCTGTTGTTGACACCATGTGCCACTATAGGACAGATAGTTACTACCAGACAAGTAAGGAAGTTGACTTTTGAAGCAGGGCACGGAAACTCCACCTTCTTTTAATCAAGAGGCGTTCAGCAGCGCGATTTCCTAACAATGAAAGAGAAACAGACAGGCCTTGGGTCACTACCGGAGTGGCTGTGCCTCACTATGTTATAGCTTCCATCCGTTTCTGCCATATCGTTGTACACACTTCCGCACATAGTCAACTGTAAGGCTGATCACCGCTTTTTTCTCTCGCTAGTTGGACCGGTTGAACTGGCGCACGGCCGCGTCTGAGTTTGTAAGTAATTCAAGTTACCGTATGTAAGTGTGGTCTGAGTGATTTTGGCGCTCCATTCTGTCACAGTTATTGGTATCCTCCAATATGGCTCGGATAGAGCATACGGAAGGATACGCAGCCGGCGATCATCCAATACATCCGGCGTCTTGAAGTTACAACCTAGACATCTTGACCTCTCTACGGTGCGCCAAGTAATTGTCGTTTCAGGGCATCCATTCCGGACACAAAAACTGAACGAACTACTTGTATTGCGCCTGTCCATGTCCGTGTCTGTCACACCACTCCATTTCTCTTGTTTTTTAATAACAATAGCATAACTAGAA,1351,48.85,Homo sapiens
SEQ_701395,ACTTTAGCCACTACCCGGAACACCTCCCCTCTTGCCAACCTAAGAGGCGCAGTTCGGGGTTAGGCTCAGGGTGGGGTCAGTACGGTACAGACAGGATCAGAGGACTGAAAGAGAAACTAACGAAACTCTAGTGTTACTCATTTCGAGCTGTGATCGTCTCCAACCTCGTTACTGCCCGAGAAGGCGCGCAACCATGTCACAGACCGTCCAGGAATTCTTGCGGTCCTGCTGGTCGCACTGCCTGTAGGAATACTCTTAGCCCTATGAGAAGACACTTATCTCTACCACAGGCGCACGTTCGCACGCGCGCAACTACTTCTCCGTATTTACACGGGATTCACGCTGAACAGGATCATCTGAAGTATATGGAGAGCCCATCCGGAGATGGTAATTCCTCAGATGCACGCAAGAATCGATGATTAACATAAGACTCTCGAGAATGACGGCACGTAGCGCGTTATAAATAGTAATTGCCCAAGTGGCCATCGCAAGAACCATGCGCCATCTTGTTGTATGTTAGGAGCATGAGGTGACCTTTGTGAGTCCACTACCAATACAAAAAAGTAGAGAGAAAAGTGTGCGAACGTTCAGCAGTTTAATCCTGTAGGGTCCATTTGGCGGCCTCATCACGTCGGCCTAACGCGCCCCAACCATTCGATTTGAGGCAGTTAATCACGAAGTTATTACGTTCGACCATCCGTGGTATAAGCGATCCAGCCCGCCACCTTCTTCAAGCTCTCTAAATGCAGTACACGCGAAGACCCCAAATGCATTAGTCCACGATGCTGTAACCGTGTCGATGAGGCCAAGTTAAAACCCAGCCAGCCGGCCTCAGCGTTTATGATTGCCACACCGATCGATGCTGCATCGCTCCCGCACCCTCTTGTGGTGCAGCTCCAGGGCGCACAAGGGAGTTGGTGGATATTGCTCACCGGTTAGTGTCGAACCCAAAGCAATTACATGGCTGAGAGCGTGCGACGTTAGAAGGGCAAAGCAAGCTCTTGGGCATCACAAGCCGTCATACAATTATCGTTACGACTCGACTCCCATCCCACATTGGCGCCCACCGTATGACCGGCAAATGTTTGCGCCCAGGTCCATGTCAAGTCCATCATTTCCGGTCATACGGACCGACTACGAGATTTACGCTCAAGATATCACAATGTCTGGGGGCAGACCGGTCGTTACGCCTCGCTTACACCCACGGCTAGGGAAGGAATCGTAACACTAATGTAGCCGGAGAAGTCAGGAGTTCATGACATACAGTGTACAAGTGCGTCATCTGGGGCGAGACCGCTCAGTAAATCCGGGTTTCAGATGCTTGTTCATGCGTGCTGAGTCTCCATAACAAATCGTTGGGAATGTCTGAAGGGTGTATATCGTGTAGGACAACAACTGCTGTCGGGTTGGTTCGTCACAGCAAGACTAGTCTGGAAGTTGTAACCGTCTTGAAGAACACGATCGGTTCTACAATAGACGATTACCCCAGCTTAAGCAGCCCGGCGCCTCGTATATCGAAGCGCACTACGCAAATATGCTGATGGTGAGCCGCATCGAAGCAGCGTCCTGTTCAACGAGCGTAGCGCACATCAAACCACCAGATGGGTCTTGCTGTTGGCTATCAGTGGCGATTTCGGGCCCTCCGGGACACAAAGGTTGATATACCAGAATTTCTCTATACAATTAGGGAGGTGACCTCTTACGTCCATAAAACTGGAGGGCAGTACGCAGGTAAGACATTCAGAAGGCTTCTGTGCGTGATCACATCTCGTGGCCAACCCTCTCATTTCGGATTCTTAACCGCAATTTTTTCATGTGTTAAAGCAGCATCGCCGAGGCGTATTGTAAAACCTTTACTATATGTTAGTGACAGTGATAAGTAATGATACTACAATA,1896,50.32,Caenorhabditis elegans
SEQ_752430,CTAATAATAATAAACCTGAGGTATCATTTCGAGCTGAGCCGGATGGGGTGAGGCGCCACGCTGAGGTGCTTGCTACTGTATTAACGACCTGACATCTGCCTGTCGGTGTCACACAGTCCGCGTGTGAAGGTGACGACGGACTAGACGACGGAGCTTTCGACTTTCAGTCCACCAACTCCAACCCTTATTATACGTTTAGCGCAATCTAGCAACGCGCGCTACAGTACCATGTTCGCTAGGTTTCGAAGCAATCAGATGCTTAGGGATCGCAGGTAGGAAAGCAGACCCAATTATTAAAACACACGTGGATGCCAGGCGTAGGGGGCGCCTGTCAGCAGGGAGTATTCACATTGACCACAGTACACCGCTATAACCGTGCTGACGCCTATCTCCCAGTCGCCCAGCGTGAAGACAGAACCAACTAATCTCGTTGGGCTCCTGATCCGACTAAGAGATATTGTAGATCCCTTCAGACATCCGAAAATGATTGTGGTCCCCTGGATCCTCGTTCATCTGGCTGGAATTAGGGTTAGGGTCCTCACGGTCCCTATTTTTCCTGTATTTTCGAGAAGAAGACCGAAACGGCGAGCACGCATCACTTATAATCCGATCAAGGCTTTGGTTTCGAGAGCCGCCTGCTGATCTCGGCGTACCTGTTCAGTGGTATATACGTAAGCGCCGTATTTGCTGGTCGCCCGATGAGCTTAGTCCTTCGGGTTTACCGCAGAGTATGTGGCTTCCCACACTTTCAGGTATGCCAGGCGGCTTGCCCAAGGCTGTATCGCGGCTAGGAGAGCTTGTTATGCCATGACCCTCCATATTCGCTGTTACGTCCTCCAGATGCTATATAACTCTTGAGCGCCTAGAAGCGGGCCCTACGACTACCAACCGGGTAGTCAGGCGTTGTGGACCAGATCAACCGGCCAAAACTGTCGATGTCACCGCTCATGCCCTGATGGACACGCCACCCGACTCCCATTGGACTTAAAGGAGGTAAGTACTACGAGCACCTGTGGAGTAATAGTAGAAGCTGGCTGCCACGTCCAGACTAAGCGGTCCCTTTTCGCTACGCACTTTACACAACTAGGTCATGCTGTTAAGAGCCCCCGAGCTACAACTTTCGAGAGAGAACGGCAACTCTTACAGACCGTCTTGGCCGGATATATGTTGTCTAGGAGCTTTTTCGGTGAAAAGCTTGACTACCTTGCTCCGACTTTAATACTTAGTGAGAGCGGACCCGGGCAGCTGTGTACTTCACTGAATGGCCCGCACCCCAGCTGAGGA,1284,52.1,Mus musculus
SEQ_606641,AGCTTCCGTACACAACGACACATGTTTGTTCGATCCTAAGGAGATTCGACCGCTGGGTATTTCCTCGACCACTATGACATCTAGTACCAGTCGTCGTCTCATGTAGCATGCCTTATTGGAAACCAGACGCTGCGAGCCCTGCCCAATTACTCATTAGGAGACAATCGAGCATCTTGCATATCTGGTCATCAGGTAGGTTACTCTTTGATATGACTACGAATGTGAAACACCACGCCCTACATTGCCAAGCCTCGGTACGATAGGCGTTCGCGTGATGCGAGTAAAGGACCAGTTGAGCACTGCCCTGTATATGCCGTCAATCAACTTGTAAAGACCTCCGTATATATACAGGAGCCCGATTCTAGCGTTCCTAGTACGAAAGTGACATGTTCTTACCGCGTAACGGGCTCCAGTCGTTGGGCTGCTCCGAGGGAACTTCGTAGTCGCATACACAATCTTAGTAGCTCCCTATGCCTTTTAAATTTCACTACTTTTCCATGATCGACGGCAAATATGCTCTGGATATCACCACCGCGAAATTACCATCAAAGTTGCATTTGGGCATACAATTACTTCTTTCCCCCTAAAGCCGATTGGTCGGAAGACTATTGGAAATTGCCAAACAACGAGGGAGATATCATCTGAGAATATTGTCTATAACCATACAAATTCGAACCCTGTCGGGCGTGCCAGCCGAAGAGGAATACCTTCTCAGAGCCTGTGTTTGTGTCATTAGTGTGGCACTAGAACGCTAACAGTGATGATACTATCATGGATTTTAATTAGTCCACCTCGTTCGCCCTTCAACAATCCAACAAACTGAAGTTCGATGACTCACAATTGACAGTGCACCCCGTCTGGAGTCCTGCGATTAATAACCTGCCACATCGGCTCACGGGAGTGTCGTACCAAGGGGCGATTCGGAAATTAGATAGAAAGCACCGGGGCGGTGCTTCACAGAGTCTTCTCCAGTGGTGTGGCGTGGTCCTATTGCTCATATTGTAGGGTACCTGGCGCACAGACGCCCTTGACGGGTGTCGATCCTCGAGTCAAACGCCCCACACCTTTGATTTTGTGTCCACTTAGCAATGATATCCTATACCTATTAAGATTAATCATCCCCTTGCTTTAGGAGAACCAAGTTATGCTGCAAGAGTGGGCCCCTTCTTGACCCGAGGACATGAGCGTGGCTGCTGCATGAGCGAGTCGGTCACTTCACGGAGAGCAGCTGGCTAGACCGGACCGTATATGAATGCACAAGACTGTCCTAACGGTCTTCCGGTGTCCCGTCAGACACCAATGCATCCGTGGCTGCCGATTAAACTCATGGAATCCGTAGGGATTGTGTTCGAGCTAAGGGCGATTCCACTGGCCCGAGCGTGCACAGCTTCAGAAA,1396,49.07,Arabidopsis thaliana
SEQ_192995,ACTGCGACGCAGAGGATTGGCTGTACAGGAATCAATGAACATGGCTACCGTAGCGGCGTTGCGTTCGCACTGGCTCAATCGAGGACCATTAACAGTGAGTGGTGTGTGAAGTATGTGATAGGTAACGCAACGTAACGATCCTAGAGATCGGAAGTCACCGAGGTCAGCATCCCGGCTGAATGTTCGGGTGTTGCAATAATTGGCCCGCTGGACGCCGCTCCTCGGGTCCAATGCCGGCCTGGAACCCTACGGTACAGGGGGGTCCCGAGGGGATCAACCGGTCTGGGGCAGTCTTGGCAAAACATCGGCCTCTGGGTCTTATTTGTGGCCGGGGTTCGAGCGCTCTACTGCGCGCCACTTGTCAGGAGGTCGCCGCCCAGCTGTTCTATATGAGAGCTGACCGGTGTCTTATTCCATTATTGGTTAATGAAATTTGTGTCGAAGTGGTACCAACCATACGACCTGTCTAGTTCAGACAGCGTTAGTAGAGCGCGAGCCAGTTTAAATTGCATGTGCAGCGCTCCGAGTGTCAGCGTCACTGTCTCGGGGCTCTAGTGGGGAAGGA,565,55.22,Saccharomyces cerevisiae
SEQ_378273,GGCCAGTTGTATCATATATAGGCCACCTATTTAGATGCGGTGGAATTTTCTCGGACCTTAGGCACCCGTGCCTCGGCTGCGGACGAGTGAGCTCACGCTCCATTCCTGACGCCCTGTCTTATGTAGGTACGCGTGTCCGAAACTCGGTCTAGTCACGAGGATGAAGCCTTGGCCCATCCAATAGACAGCCCGGAATCCGCTACCACCCGATGTACCGCATGACTGCGTTGCTCGATTACCGAAGCAGTAGATAATATACTTCAGCCTACCGAGTGTGGCTATTTTCGTTTGTCCGCAGTTCAAACGTCGTGGGCACCGGGATCGGTTAAGCGCTCCGGGCTCCCATAGGCGGCGTGTGGAGTAACACCCGCGGCTCTTAGTTATGATGGCCTCCTCCTGGTGACCTTCCTCCGTTGTTACCTACGCCGCAAGCGGAGTTAAATGGAGGTCGAGACGTCATAGGCTAAGAACTACCCGTAGATGCGCCGCGGCAATGCACCCATAAACACCGTGGCGAACTCAATGTGGCGATTCCCATCTAATTCCGTTGAGCAACACTTAATCGCGGGGCCACGCACTTACAACAATGAGCTTCTCCCCGCCGAGGCAAGAACATGGGCGGCTGAGCCGACGTTCTGAGGGATGGGGGCTTGGACATGTTGTTCAAAGCGGGCAAATGTGCACCCTGCAGATCCAGCACTTGCGTGCTATTGGGTGTGTATGACTGATAAGCTGAAACCCCCGCCGGAAGGACAGATGCTAACTTTGGTTGCCGCGAATCAACTTCCGCAGGCCTTTGACACACCGGTCACGAGGAGCCACTTAAACACTATATTGTGATTTAGTCTGCAGAACGTAGTGCGTTCCTCTACGACGCGATTTGGCACAGAGGACGTAAAATGTCCGGAACCTGTTTTCGCATCGTAGAGTAACGGTGTCCTAAGCGTTTCGGTGGAAATCCACATTAAGATGCCACGAAGCTTGTACCAAAAGTTCTTGGGCGGACACTTCATGGCCTGGTACTTGCGACGCCTTGCTCTCTCTTGGAAGGAGCCCTGACTACAGGTATAGTGGTGGCAAGGGCGGGTCCAATGTCCCCAAGTGGTACTCGAATAGCGTTAATAACAGAGGCTCACATTCTGTCCGCACCATCCTCGGGTGAGACGGCCATTTGGCGAATTAAACGCGGGGGGGTGACCGGACTCCCAGCTATTTCTGATCTGGAATATGAAACAGTTTCTGAGGGAACTGAGGCTGGGCGCTTGCAGGGAATTAAGCCCGGAAGTAGGCATTTGAAGGATTAGAATTCAAATCAGGGTTGTTTGCAGAATCAAATTAGAGGCCACGCCGGAGA,1354,53.32,Saccharomyces cerevisiae
SEQ_802148,GTGACAGGACTAGTGTTGGACTAAAAGACTCAGCGTTGCGCGCTTGATCTTTCGGAAATAACTCAACTGCTTGGGCCCGCGCGAACTTCACTAATTCCCAGAACAGCGTGAAGTTAGGATCCTGCCATCAGATAGCAGTATTAGGGGTTATCACCAATAACCCGTAGTTTAGACGTCACTTTCCTGCACTTGAAATGCGATCTCAAAGGGACAGTGAGTCTTTTTCTCTACTATCAACCAGGTTCCTTCCCAAGAGTCGCAGGGTCGATGATTAACGACAAGATTTATCCTCGTATATGTCCCAAGAAAACTGTATTTCCAACACCAATCGCTATTGAGTTCGTTAACTCCAAAACGACGATCGAGCCTAGCCTGGGCCACCGTATGGCCGTAGGATGCCACTATCTGTAGTTGATATTATGCTCGAGGGCTTCGCGGGACACCCTTCGGATTACAGCGCAAAGTAGATGGAGACTAACAATACCACCGGGAGGATATACATAGAGGATCGATCAGCCTTTCGCTACCTGACTTAGGCATTGATACCGGCGTATGAAGCAAAAGCCCGTTCATTAGTGAAAGCAGTGATGAACTATCCTTTTTGTGACTAAGACGAGGAGTCCTAGCGAATCATACATACATCGCCACTGCAGTACCTAAGCACGACCAACGTCAATGAACTTTAATAAGTGGCGCTCGCAGATACGCCGCACGTCTTGCAGGCCGCAGGGTGTCACTGGTTCCCTGCCTCCGATAAGGCGTCACCGCCTATAGATTGGCCGCAGGCAAAATGGCTCGTATTAGTCTTCTACCGACGCGTTATAGAAAGGTCGTTGAGCGTAACATCTGACTGCTGATAAGGCTGAAAATTTCGGTGGATGCTTAATTCCGTGCGGAGGGCTCCCGGTTTAGTTGACGCAATACCATTCACAGAAGTCGTCACGAACATCCCACAGACATCGGTGACCTGAATACCCATTTCCACATCACTAACTGTGTGGCACCATAACGTAAGGGAGACACTGAGCAGTTTACACTTACGGGGTTAGGGCTTAAGTTGTTTATTCCGCCTGAGGGAGGCTCCGCAGCCCAGCCCATAGCTCATTTGGAGGTTTGTGAGTAACTTCGGTTGCGTAAATGTTGGCACCCCTTTCGTACTGCCTGCGGCTAATCGCCCCTAATCGCCGGAAAGGTTTTATTTGCTATTGGTAGTGACAGGTTAATACGGAATCTGAGAAGACTTCAATTGCCATAATTCGGGGACTCGTGGTACGCTCCTGAAGATAGGAGCGTCACTAACCCGTTAGGCATTAGACATCTTTATAAGACTATGAGTAGCCTAAGGCACGGGGGCGCCAGGACAGGTATTGGCGGTAACGATGTGTACCTCTCTATATTTCATGAGGACAAGATAAAAACAATCCTACCCCTCAAAGTCTACTCACATGCTAAGACGTATTCCAGGCCTCATAACTGCTCCTTCCCCCTCCGTAGACGCAACATTACTTATTAGCCTCCCCGAAAAGTGGGATCATACAACAGACACCACCAAACGAATGATCGTATACGCTATACCAAGAATCAGTCCATCTCTGACGAGGGATCTGGCATCAATGGACTTTGCTGAGAGCCCCTAAGCGTCCAGTCCG,1649,48.51,Drosophila melanogaster
SEQ_240887,GCGTTTCAGTTTTTTCATAAAACGCTATCGACAAAGTGGTCGTATCTGTAAAGTGGCCTGTCTGGTTTTTCGGCATAGTGGGCGGCGGTAATGATCAGTCGCGTTACGAGAGACGAGGACCATCGCAAAGCATGAGGCTGGGTTAAAAATCAAGGCAACTTTTTTACACGAGTCACGGCTGCGCGACAGAACAATAAGATCAGCGGTCGAGTCCGTACCGAAGAGATCGGGCTTTGTGTACATGAGGGATTTATCTCGCGTGTAGCCCATACTATTTGACTGTTGGTCGCACTATAAAGGAGGAGCACAAGTTCCTAATCGTTTATACGACAATCTGATTCTGTTCT,347,46.69,Homo sapiens
SEQ_943234,CTTTGTCTACTCTACCACCTAGGTCCGTATCAACGCAGGCATCAGAGGAGCTTTAATTAGCACCAAGTTTTCGCGGAGCACTGAATCTTCCGCCACCCAGTGAGTAATTGGGCTAGGTTACCGCGTATGGAGATGATAGAGCCAGCATCTTGTAACTAGGGCACAGGTAACGACGTTCTCTGTGCTTTGCCCACAAGTGCGCAAATCTACGGCGCACCAACGTGTGCGCGGCGGCGTCCATCAAACCTTCGAAGGGAGTCCTGCTCTCAGGCAGCAGTGCGGATACATGAAGAGAGTTGCATGATGCTGAGAATGAAGACTGTATCCGCAGTTGCCATGGACTCATTTAATAACGATATACTGTTTCTGCGGTCGGGGAGGTTTGTTAGACATTTATCGTACAAACATTATTCAGAGGAGCACCGGTTGACGCTTGGGAAAAACCCGAGTACGCCTATACGTTCGATCTTGACCACCGTACTACTAAACGGAGCGCGTAATATATTTGAT,510,49.41,Saccharomyces cerevisiae
SEQ_400254,TGGCCTATCCCATCTTGTATGATGGCACTTTTTATCACTTGTCGTCATTTAGTTTACAGGATCGACCCATCTTGAGGGGAAATTATGGCAGTGTGGTGCCGTTGAGGCCGCTTTTCCGCCTGACGCTCCTTCACTCTTTACCACCACTTGCCTCAAAGCTGACGCCAAGTCTCATGAGGTATTAATACTTGACTGTCATACTTCGACCAATCTGAATTGCGTTTCACTGCTAATTCTGC,239,46.44,Drosophila melanogaster
SEQ_447553,TTCAAAGCAGATGATCAGCTATGATGCTACTTGGGCATAACACATTTATGCTCTACTCAACCCAGATTGTGCTAACGATGTAACAAGGCACGCTCGATCCAGGCGCAGACAAATTCTAAAGGCCAAAAAGCCGGCCGGGCGATCAGGTTCGCTCATGCGATGTGCGTTGCGCGACGCCAGTTCTTAGAGACAGTCGGAGCGTCGAAAAGTTCGCCGTTCCATCGGCGGCCAATTCAGGAAAGCTGCTGCTTAATCTCGCCTGCCTTTCTTTGAACCCGGTTGGATTTTCCAGGCCTCCACTAGTGTCTCGTTTCACAGGTCAAAGGAAGTATCGATATACGTGAGGTGTGAGGTTGCATCGGTTGCTTCATGCAGGCGGCATTATTCTTGACCAAGACAGGCCATATGATTCCATCTCTCGCGGAGAGATGCCCCGCCTGCCAACACGTGGCCAGCGTAGAGAAGTCAGCTGCGCACGCAGTATGCTTCCGGGAACCCGGGTTGTCGAACCTTAAAAGGGGGACGCCATAGAATGGAGTGTTCTATGAACGCGACCCACACCAGAGTAGACTCCTAGTGGGCATTCAGTTGTGCGAAGCTATGGCTTCAAATAACTTTGACTACACGGTAGTCATAGAGTCTGCGTGGGGTTATCGAGAAAAACATCGACATCGGGTCCAGCTCATACCCGGGTCGGATCTACCAAAGATGAAACATAGAGGTAAGCTGGCCGCTTTGAATCGCCACCTCAGGCATTCGTTGGCGCATATGGGCCCTCGCACATTAGTCTCGTAGCTTTGTGGGCCTTGAAATAGTAGTTGGACG,825,51.88,Arabidopsis thaliana
SEQ_600111,TCAGTTTTGTGAAAACAACGCATCTGTACCGGAACCTACATGGCAGATTTGTGCCATCCTGTAAAAAGCGCGGTTTATAGGTGCGAAAGATTGGCACGCCGTCAGGTTGGTGGAGAAAACAGAGATTAGCAGGATCTATGGCCAAATAAGCAACGGTTCCAATCTGACACTAACTTGCTAACCGATAGTGCCTTCGACATTCTGTAGTCAACACTAACGTCAAACGTTATTCATCCGAATTGAGAATCGAGCTGTCTTAAAGTAGTCCTGGATGTTGTGCGAACAGCGTACTGCTAGATGCGGATAATAGGACGCGTATAGCCAATCTGCATGACTACGGCAGTAATAGGCTCCTAGAGCCGCTCGCCGGAATCTGTGCTGGCATTTAAGAAAATCAGGGGTTGAGCATAGCTGGTTGCACAGTGGCCCTAATGCAACTCGATAACCGGAGAATCGAGGATGTGAGACCGCTCCCCTCTTCTGACGGTGGTCCGTCCCATACCACGATGATGGAAAACATCCGGGCTAATTGATGGTGCATGCAGGATCAACATCCTCATTAAAGTGGTGAGTTGGAAAGTAAACGTCCGTCTAATAAAACCGGCTGCATTGGGGACACTGGCATATCTTCACGTCGAGGCCGTTT,646,48.14,Caenorhabditis elegans
SEQ_455754,AGATAAGAAAAGGGATCGTCCACCAAGACCGCATTGTTTACTGGCTGCGAGGGGGATCTTACTAGCGGGGCCTCACCCCTATGCCTCATTCCGTTGTGCTGTGCTGAACTTTCGCTGGGCTATATCCCTCGCTCATCTTGGGAACGGTTCGTACTGATTTTTTGAGTGGTGAAATATCGGAACACAGCCCCCTGCATGCTCGGGGAAGTGTCCCTATTTTCTCGAAAAAAAAAGGGGCGTGCATAGTTCGAGTATGATCCTCATCACCGCTGAATGGCACGGATGAGGGCCACCAGTGGCATTAGTCTTGGGAGCTTGTTGTTGACCTCGAGCACATAAACGAAAACCAGGCGAGGATCATACGCTGATGCGTTTGGCCGACGCTGCGCCCGGTAAGATTAAATGGGCACCTCTCCGAAGGGGTGCTAATCAGACGGTGCTTTAGGACATTGATGTTGTATCGGAAACGCCTCGTAGACTTCCGTGATGGGCTACCAGGCCGATTAACTCCGGGTATGGCTTCGCGAGATCGATCAGGTTAAAAGCTAAGTCTTCTACCTAATCCAGTCAGTAAATCTCGATGGTACGAGAGTAATTCCGGATGCCAAGTCGTGATTGCGTGAAGCGTGTGGAATTCCTGCGGTGTAGACCTGGAAGTTTATACGCACCGTAGGCGAGGCGAATTGATTGCTGTGGTTAGTGCGGCTGTCGTCGGCGAGGGAAACCATGCGCTTTCAATCGACCTCTCGGTATATGGCGAGTTCATAGACCTTGACCGGATGAGAGATTACTGACGGAAAGTTTAATGGTCGAGCTTTATTGCTTTTTTATAGATGGGCTCTACAGTGCACGAGCTAGGCACGCCCCCAAAGGAGGAAATATGCTGGAAACGACACCGAGTGTTGCTTAAACCGTGCCTTGTGCCATTTCTCTGAGGACCGGTGCTCGTTGCCTTAACGTGCCTAGCTACGTCCGCAGTCCGGGTGTAACGCCAAAGTCTATAACCTAACAACCCCCCCCTGGTGCCAGTTGGCGACTAGTTTAACATTTGGCCTGGTACCTTCGCTTGTTAGAGTTGATGCGTGCGCCCCTAAGTAAAAGGAAACCTGGTTAAGCAGTATCAGTCTATTACAATTGAAGCTGCGTACCGCGTAGGCCATTGGCGTGCCTGCGGACGAGGATCCAGGGTCCACCGGTCGGTTTATACATGCGACAATGGTTCCAGTTAACAAAAAAACTTCATGGCACTGGAGATCAGGTACGTGGGAGTATTTTCGCCTTAGGGCAAGACTGCCCCAGTGAAGTTACTCCACTTCACCAGTACGAACTAGTCGCAGTATAACACAGGAGTTGAATGTTTCGACTCGGATTAGGCTCTTGCCTGGCTCCATCAGGGAACCGCTGTTCTGCAGGCGTATGTAATCGACGTTTTCGTGGCAAAAGTCAGGCCTGCGCTTAGAAGAAGGATGAATTAAGGTTACGCGAGGGGTATCATTCGATGTTGAGCAGATGCTTATCCCTGACATTTGGTACGAGCGCACGTATTGTAAACAGAGCCTCATTCCACTGCGTTATGGAGTTCACGTCGAAATGAGGACATCGAATACCTAGGTTGTTCGTGTCGACTTAGCTTCAATAAGTGAGAATTTTGACGCATGCGATGCCACTGCAACGTCCCCCAAGCGATTTACACGCGCACATCGTACTCTTCGGTCCGCAGTTGGATACACTGGTCATGCTCTACGATCAAGAAGTCATGGTACACCAAGTGAATCGCAAACCACCGGGAGCTTAAAATTGTGAACTGTTTTCGCCTATTCAATTAATCTTGAAGAGTTAAGGCCCACTAAATCTGATCAAGTCAGCACACGACCTGCGCGCAATGAGGTTACCACGGTCCATTATTTCAGGGACCATCGGCGCGTGGCGACGAGTCTGAAGCGTAGGGCCACGGAGGAACCCCAGATGAGACAGCACAAAAT,1982,50.45,Caenorhabditis elegans
SEQ_156505,GTTCATTAGATACAGGCTAGTCCGTACCCATTACATTTTTGTGTTAACTATCGGATGGGGCTGACCCTCTTCAATGGCATGGTCTCTTATTGCCAGAACGTCACATCTGGAATAGCGTAAATTGACAACCTAATCATCACTTCATAATCGTGTGGGTATGCCGGCCGTAAGGTTACGTAGCTAATACTGCCCAACCCCAAAAATCCTCACACGATAGTACTGCGTGCGATAAGGATGCCCTGCTCTTGCGCGTTATGCTCCCGCTACCCTTGCAGTGTCCACAGATGGGGTGATCTTCGCGCAGCTTTGTACGTAATACCGGACCACTAGACAATGCGCGTAAGGAATCACTGATCTTAAGGCTGGGGGCTCAGGCGGACTGGTGTCCTGCAGGTGCTAGTGAACACGCGCTGTGTGACAAAAAAACTTGTAGAATCCTCCTCTAACGTTCATACGCCGCCCTTGTTGGGAGACCAAGATTAAATCCGTCGAGCGACCGCGGGCGTTTCCGCCCTCTTTCCTAATGCCGTACCGGGTCTGTTCTGACGGCATGCCCCTCCGGAGCAGTACAGTCGCGAAGAAGAGTGTCGTCGAGATGCCTCCCGCACCGCGCAATTCCAGAACCTGGGTTACCCCTCTAGTGAAAAGGCAGTAATAATAGAACTGCTGGTATAGACGATTATAACGCTGTGGGCCTAAGCCAGCCAGGTTGAGTAACTAGCTTCGCTGGGGATCATGCGTCCGCAGCCGGACGCTGATCGGGGCCTAAGCGCATTAATGCGTTTGTAAGCTGTTATCAGGTCATTGTCGAAAGGACGCACCAGTCTGGGCGTGGATTGTTACGGCTACTAATGCAAGACCATAATTAGTAATTCTAATACTCAGAAAAGTGAGAAGTCAAAGCCAATGTTTAATCCGTGCCATACCCTCATGACGGAAGCCTTACAGGCCCGGCTGTCGTTTGCGGGGCGAGTTTACAGTTACCCGAGTCCAAAGGCCACGGCACGGCGCGCTTGGAGAATGTCCCAGTCCGGTTCCTACATAAACGGGTAATGCACTTTTTGCTCCCAGCGGGACCTGGGTTCCGTTTAGTTTAGATCCTGAAATGAGCTCTTCAAGTCCAAGAAACTGAGTGGTGCTAGCTGGGATTAATGTAGCACGCGCATCTAGCTACAGTAGAACCATCTCTATGGCGGAGGGAGGTAGAAGTAGCTTATAAACCCCGAGCTGTACAGTATATAACGTCTTCTATGTTCTATCGCGATCTTTACTGGGGGTCTGCGAGATCAATCCCAAGTGGGAGCGTATGTAACATAGACGTTGATCGGCGACCCACGCTGGTGCAACAATAGACAATACTTCTAAACACTTCCCGCCGGTCCGCCTTCGTACCCCTAACAACAACTTTCGGGATGCAATACGCCTATACTCGGTCAGAGGTAGGGACTTCATCCCCGCGGGACACCTATGTTGTCTAGTGCCGCGTGGCCTTACTCGAATCGGATCAACCGAATGTTGCCTGCCGCCCCAATGCTTCCACCCGACGCTAGAGAGAGCGATTGTTGAGGGGTTCCCCCGCTCTAACATTCCAGGTGGGGTGGTGGGAGCTGAACTTAGCGTTTCATTCATCCTCGTAGTCTTTCTCTATACTCCTTCCCCTGGTTTCTCATGGGCGCCTACAATAAAGCACCAGAACACTCTAAAAATTGTCGCCATGACCGTCCATGGCCTTGAACCCGCGGGCTGCAGGGCTACGAGAAACGTCTTTAATTACCAAGATCCTTTGCGTTCCTGTAGCTTAGGGAGTACACTAGTACCCAAGTACAAGTAGCAGGAGGGACGCTACGTGAGGGTGGGTTGAAGGACTAAAGACAACTTCACTGTGACGTGCAAACACGCCATCCCACGTTTACAGTGCGGGGTAATGTAGCACTCAG,1937,51.47,Caenorhabditis elegans
SEQ_606564,CAATAACATGTGGCGTCCCTCCATCGCATGGACGCTGCTTTACGTTGCTTGGATTTAAGGACGGATTCATGAGTCCTTACTGATCCGCGCATAGGTACGTCGATGCTAATCCATATTAAGGTGCTGTACACTCTGGATTACCAGGCAGGCCGTTTGACGTTGTAGGCCACGGGATATCCTCAGACCTCTTGCGGATGATCCCGACGCGCCCGCACGTCCAGAACGCTACTCGTTCTCCCTGTAGCTAAGTCGTTCATTTTTCGCGTATACACGGAGCCCTTAATGCTTATGGTGCCGAGTATGATGAATTCGGAGTAAGTACGAGCACACCGACCCGCAAATGTAAATTTTTGCGACACATCTAACTCTCACCACGCGGTGTAAGGGTGCGGAAGTCGGGGTGCCCGTTACTCTGATGCTACGACGTCCAGACCTGGAGGAAATCACAAATCCGTCGAAGTGCGCAAGTCAGTGCGGGCGCCCGGGCACCGCTGGAACATATTCCAGATAAAACTAGTCGTTACGGATGGCGCCTGTGGATTATTATGCCCACCATGGGGTCGTCTCAGAGTTCCTCTTCATCGAGCCACTTGTACGATGCCTCGGTGTGCAGCCGATTATTCTAAGAGAAACCCAGAATTTTTCGATACCTACGCAGTCGCCAACTCAAAGTTACCTCGCGGCGGATGACAAACTTGTGTTACGAGCTAGAACAGCAGCCGGCAAGCATTCAGGCACCAGTCTCACTCCACTTAACGTTTGGACGCTACAGAGCGCTGGAAGCTCCGTAGATCAGATTAATTACATCGTGCACCAGCACTTTGCGCCACGGGTGCATCCCGCGCAATATCCCCCTTCGCGGTGTGTAATCCCGTCGTCATTGTCGATGCAGATCGGAACCTTCTCTCTTCAAAGGTTATTGGTTCATACCACGCGCGCTTTATTTCACACTAGAAGGGTGGCATAGTCCGGAAAGCAACCTAGAGCCCGGAAGATGACCCGTGCCGGGATGAAGAGCCCAGTAAAGAGACATCCGGCTACCATAACCCGATCGTCTACAAGTTGTGGTCAAGGACCCTGTGAGTTACACGACAGACACAGTAATCGCCTCTAGTTCGCGCGAGCTAACCAGTGTTGGCCGTAGCATTCCAAAGTAATCGGTTCGGCAGACCGACACCCAAGAACCACGACAACAGCAGCTCACTAATGTACCCAGAATGGACTTTCACATCATAAGCACAGTATCTGCAGATATTACTTATTCACATTAAGCTTCTGTTTTAGTGCTTTCGCTGCCGTACGTACATATCGTTTCGCTCGGTTGCCAGTAATCCTGCCATAACCGTCTAATGGTAGAACACTTTTCCGGGCTATCATCCGTAGACTTGTCCCATTATCCCGGGGGACAAACGTCGCACAGGTGATAATAAGTATCGCTCTTGACTTCTTCGGGGCAAAAATGAGCCAGGTCGTGTGGGCCAATATTACATGTGCCAATCTTCGCGCATTGTAAAAGGCAGCCAGGAGCTCGTAGATGAGTTATAAGGAGCTCCATGAGAAAACACGTATTTTTTTCCATTCTTGGAAATACCTTCGAGTCTAATCCGTAACGGTGAGCGCGTAGGCGGCTCGTCCAAGTTTTGGGCTATGTTTTTGATCGTTAATACCCGCCAGGTTCTAGTAAGGCTCTTCTAGTAAACCTACTGCGCCTACGTCATGGCAAGAAGAGAGTGGAAGTTAAAACTAGACGGTGTTCAACGTACTTTCATGCTGTCATTGTCGGCTTTGTTTAGAACAGGAGATTGCGTTCCATAAATTGCGCGAGGCCCAGTCAATCGTTGTAGACATCCCTTGTAACTATTACATGCTACGTGAGACGAGATGAGTATTTGATTTAGGAGAAC,1904,49.68,Arabidopsis thaliana
SEQ_221782,GGATAGTCCGCAGTGCTGGTCGGCGTAAGGGGAACGCCAAAAACGCTCGGAGATCCAAGACACCTTAGCACACAGCTGCCGTTGGAGTAGCCAAGCGAACCCCGACTAGTAGGGCTTTACCACACAGGCGCAGCAGAACCAGTAAGTTGCCGAAAGGCTGCCACGATCTGCCTAAGTCTTTACAAGCCAGTACTTTCGACTCTGGCACAGGGATTTACAGTAACACATAATTCCGTGAGACGATAGTACCTTTTTGAGATATTTGAGAACATAGAGTGCATCCCTGGCTGAACTCCTCTTCATCGGCCACGGTCAGTACAGGTACGGTCCTAAACTTGTATGACTAGACCCAAGCACCACCCCCCGTTTCGGAGGATTCATAGGTTAGGATTGAGTGTAAACAAGAGTCAAGGAGACGTAGACGAGAATAAGTTGGACTCGTAACTCTCGCCGAGTGATACCCGTATTTTGGTTCCCATGTAGTGGATACACAGTGGCCTTGGGCTGCAGGCTGCCCAATAATTGTGCTATTCCCGTACTAATGTATCGGGTAAATCCTATGCGGAGCGAGTAAGGGGCACCCATTTTTTCACTTTAGGAAGTTAATATTGCGTAAGATAATCAGCCTTAAGGTTCCCATTGGTAAGCTTTAACTGCCGCACTTTAAGAAAAGACTGAATGGTATAGGCTACTGCGCTGTGACATGTCAGCTTATGAACTCAGACCATCTCGCCTTGCTGCATGCCCTGTGCTAAGATGGGGGGGACGACAGATGCTAAGTTCCACGTCACCAGGTGGAATGTATGGTCTACTTGGTCTGTAAGTAATGTTCATAACTTAGCATATTATAATCTTAGGAGTCATTGGAGGATATTCGTAAGAAGTAATAGGAATAATTCGAGTTAGTCCTTGCGCTACGCGGACTGGCATCTCTGTTTAGTAGACCCTTATTACCCGTAGACTGCGCCCCTTAGGATTGCTGGAGTCTCGCATCTCGGTATGGTGTCAGTCCGGATTCCGACCGTCTCAGTCCGGCGGGCCACGCAGCGCACGGACGGCATTCTACCCAAAGGTATCCACCGGTGCTGACTGTATGAGTGGATTGCCACGGATACCGGAATCAGCCTGATCTCAACCAAAAGTGGGAGTCGCATCCGGGGCTAAAGAGCAGAGGGTATTTGGTTTTCAAAGGACTTTGCGAGCCAGACAGCAGTGTTTATTGACTGAGATTTAGAGGCCAGTTCGCTACACCTCCACCCGGTATGGGACGGAGGTGGTTTTCTCAGTTCCCCCTCATTCTTGCTGCTTGAAGCTAGGCCCACGTAGTTTGACGCTTCCAGAGTCGAAGGACGCTAAAGCGTGTTGGACAATCAAAACATCAGATAATCACAGCTACGCTAACTCGTATCGTTGATGCGCATAGAACACTCATCCGTGTTGAGCCGCGCCGACCTAAGCTATTTGCATCGTCGGAGCGCAATACACTACGCGCCTGTAATTAAACAGTCGCCACAGGCCGACAGCAAGTGGATAAGCACGTATTCTCTCACACCGGTGTATTAGTGTACACCAACTGCCAGCAGAGCTCTATTCGGCATGGCCAAACGGCCGGCGTCTTCTACTAAAGCTTAAGATACCCCATAGGATTATGCCTTTTCAGCATTCCAACAAATAATGCGTCTCCGCGCCCCGGGCGGCAACTGCTTCGCTAGCCCTATAGTGGCATTGACGTCTGAAGCTTAAAATCGATCCCTTGATACTGTTAGGAGCAGCTCTAAAGCTATTATCCTGTCCAACCAACAAACGAATAAAGAGGCTACGTCATGGCATCATAGGACGGCGCAAATCCCGTTGTAGCGAGTCAGTCGGTCGGAG,1875,49.76,Arabidopsis thaliana
SEQ_636789,TCGGCGTAAAAGAGCCAGTGAGTAGACTTTGGTTGTTGGCACGATTGGTTCTCTTGTTACTTGGCAGACCTATCCGATAAGATCGTGGATCGAAGCAGGCTGGGCAAGGTGACGAGCGTTTACCCTCCAAGCCTAGCCGGGACAGGTCAACCTTATATGATATTTGTGTTGCCGCTCGCCATATAGCGACTATGTGAGCGAACACTATGACGCAAGAACACCGATCATTATCCTTATTCGGTGCAATATATTACTTTGAAATTACTGACGCTGTTACAGACCGCGTTACGTTACTGGCTACTTGAGATGGTGTCTATCCAAAGTAACTCTGGTCTTATATTCCAGAGTATTGATATTGGGCGGATCAAGTTTATCAGGTGCACGCGACACAGAGTCCGTACTAGCGGAACAGATGCCAGGGTCCCTTCGCAGGATCCGTCGGCTGGTTAACTTCCCTAAAACGACATCACGGTACATCCCCCGGTCTAATTAAGAAACCCTTGTGCACAGGGATTCCCAACTACAACGTCGCGAAGAGTCAGGAACGACCCTCGTCCTGCACTAGGAACAACACATGAACGGACCGCAGTGAACCATCTTCATGGCTTCCACTGTTGTACGAAAATCGCGATTAAGCCGTGTTGGCGCTTGACCGTTGAGCATAGGGGTCAGGGGGCGGGGTATTTGTGATTCCTCGAGTCTGCTGCAAGGCTGAGAATTAGAACCAGGGTGTGTCCACGAAGGAGATAACGGAGCTTCTCCCCTTCGAGATCTCACTTACGCATTAGTAGGTCCTTGTGAGAGTCGGGGATGATTTTCATTCTTCCAGTTCTGGGAAGTGGAGAGGTCTATAGGCTACCGTCTCAATCTAATCAACTTAGATCCCCGCGTGGAGAGGCAGCCCTTCCAATAGCCAGGTAACAACAGAGTGTCGTACTTGGTGCCCTAGACGCTTACCTGGGGTTGTTGAGTTACACCCCAAACCAGTTGTTCGGGCTTGGAGATCTCATCTCTTGACGCTGGACCTCCTTTGCTTATGGAAATTGCCCGCTCAAATATAAATATGCGTACGTCGGGGAGTATGAATCTGTAATGGTCACGACGCTGCAATACTAGATTCGACA,1124,49.47,Caenorhabditis elegans
SEQ_623300,GGCCATGAAGCGCTCTTACTAAAACCTACCCTATCTCATCTTTTCTAGGTCGCGGCTTATTAAACAGTATGGCAGCGTGTTGAGTGCCGGAACACAAAGGGGGACTTGCGCACTCATATTGAGCGCTTATCAGGATGTCGACTGGGTAACAAGTAGCCCT,160,49.38,Mus musculus
SEQ_189881,ACTTGTTCGCGGTCCACGTGTTGGTAGGGTAGTCGTGTAGCCCAAGAGTGAACAGTACGTCAGTCGACGCCCGCATAGAAATTTCATGGCGCGAGGGGACGTAGAGCGACTCAGCTATAATTATGGGAATGTGGTCTTTTAGCCAACATGGCCCATCTACAGGACTGTCTTCTATACCCTTCGTTGGTGAGCAACATTTGGATTGGTCCGATATTTATTACAATGTGCCCAGGCGTGTAAAATCTTACGTGAGAATTAAATAAAACTCTATAGCCTCACGAGGCGAATTGACATCGTTGAATATTGCACAGCTTTGGTGCCGGCTTCTTGTGCATACCCCACGTTGGCAAAAAGCGGCAGTTACACATTTAAATCTACCCTCGGCTTCGAAGAGGTGTACCACTGGTTGCGTGATCAGATTAGCCTCGGTTGTCATGGAGACCAACGGGGGCAATACCATGAGTTATTAATCCTTGTAGACGCAGCCATCGCGTGCGCATGCGAGGCACGACAAAAGAACGGATGACCAGTAACCGGCTGGTAACACTTAGAACCGATAGCCTTGGAAAGTACCTGACGTCATCCGGACCGTGGTGCAAGCAAAACAATGTGTGAAGTCTTGCAGACTGGGTCATGCATCTCCGAGCTCGCGTCTGTACGCGTAACAATTAAGGCCATCGGCGGGGAACGGGATCGGTTAATTGATCTCAATCTCATGGGGTGTGTATGCTACGCAATCTAACCGGAATGTTTTTGTAACGAATCCCCCGACCCGTCGTACTTCATGGTACATACTTATAAGTATTCAAGCTCGGTCACATCAGAGACAGGTTCAGAAGCCGAGCCCCAGTTCGCACTCGAGGCCCTGTATAACCAGACCTAGGCTGGGCTCATTGGCAACGAGGACCGGTCGCGGTAGTTCCGCCCCGCAAAAGAGAATGCCTCATAAAAGCGTCTCCATGCTCTCGACAATCCTGAAATCTACCCTGATCTTGGTGCTGTTGCATGGTTCTCCATCAGAGATCGGGAGAGTAGTATGTCCAAACTTAATCTTTGGCCAGCTCGGGAGTCACTCCAGGGGCGCCGCCTGCCTCCCACTCTCGACCAGGGGTCCGAACTTAGGTGGTGAGTGCCATGAGCGTAAGACTTCCTGGTATTCATTCACACGGCACCTCGTGCCCTCGCGACGCGTTCTAAATTCCGGTAGCAAAACGGGTTAATGAGCGTATGATCATATCACGAGAAACAACCCGTTATCTGTCGTGTACCGGAGCGTTTGCTAAACTCGCTGTGGAGTCTGGTCGCAAGAAAGTGGGAAGACACTATTCCGACTCTGGCTGTTCAGAAAGGGTCAGTCAGTTTCCTTCTCT,1370,50.73,Escherichia coli
SEQ_605534,TGCCTCAAGTTCATGTATGGCGGAACCCCATTGCTTGGCGGGACAAAGGAGGCTTATTAGTCAAGCGGCTCAGCACAAGGTTTTAAACCGATATGTGCTACTATGCCGGAACCCATGCAGTTTCGATCCTCCCAAATTGGAATTGCAAGCTCCTATAGCCATACAAGACACCCAAATCCGGCCCCCTCTGGGGCGGTAATCCTAGGAGACAGCATCCGCAGTGTGGGAAGAGGTATCGATGGTGCTTGGCGACACGGATTGTAGGATATGACGTCGGCTTTAACTCTTTTGTAGCACGAGATATACAAGACGGCATCCATTGCAAAAACCAGGGGAAATCATCAGCTAGACGCGCCCGCTAGGACTCGAATCTTCCGCCAGTGAGTCAAATTACAGCGACAGCGGGGCCAGACAGACTCGACTACCGTCGCACGGTGAGATTTTCGTGAAGATCTGACTAGGTGCTAACGTTACGGGGACTCCCTCGTACACCTTTATTTAGTGGGTCGACAAAAATCGTTAATAATGATAATGGGTATCCCAGATCCAGTAT,553,50.09,Saccharomyces cerevisiae
SEQ_977992,TCTTGTTTCGGGAGGGGTTGATGCACCTAAGCCAGGGCATGCCTTACCGCTGCACCACTGCTAGTTATTCCGCGGACTCAATTGTAACTGGGTTCACGTTTTGTGGCACTCGGTAAAGCTTCTAAACAGTCCATCCGATCC,141,51.77,Homo sapiens
SEQ_841552,CGTACAGCGGGCTTTTCATGTCGGTCGCCTCGACCATCCACTCTCTGACCCGCTACATACTTCACTATAAAGGAGAAGTGGTGAAACTCGGCCGTCAGAGGAAAGCTTATGCGAGATCTGGGAGTCGTCTATAGCCCGTCCCGCTACCACGGTG,154,55.19,Homo sapiens
SEQ_329994,GGAATCACCCCGACAGTAGTCTCCTACAATCCGAAGTAGCGCCCCATGGTGCAGCCACTTTTCTACCCTCGGGCACCGATTACAAGTGATAACGATATCGGTCCTGGGTGCTAGCTTTCATAACCATCGTCTGTATAGAACGCGTTGCTGCACAGTCTCTTTAGGGGGTCAATGACCTGGAGTCAGTGAGATGTGTTGTGCCCTCCTCCCCAGCTATCCTCGCAGCAGCAGTTTGGCAATGGAGCCGTCTTACCGAAGCTGGCGGTATTTGCTTTTTTGAGCTGGCGAACAACGGCCCGCATTCCCACGACTACGTGTGGATGCCCCAACGGTTGTACCAGGTGCCAGCTTGCACTTAGCAATGGGGGCACGCACATGGAAACCGCTGTCGCGCTAAATTTCGCATGGGAGAGGTCCTAATATCTTCCTTGGCATACCTGCTCAGGGGGTTAATTAACCAACATCCGAGACGACTAGCGGTTTGCGGCAGCAGGTTACTTTAGAGATTGCAATACTTCAGGCTACGGCATCAATCCTGTTACAACCTAACAGTTCAATACGGTCTTGAGAACATGAGTCATTGAGCCGACGGGCCAAGTCATACATGGCGACTTAAGACTTAACGTCCCACTACATGTAGACTATCAACATTGCGTTACCAACCGGACACACGTTAGGATAACTTCTAGTCACCCGGTTCGGCCGAGTAATTAAACGGTACGTCAAGGGGTTGATCGAATGTCCCCGATGCATAGACGATGCAATTACCGCCGCTTTCGTTGAGTCTGCAGTTCGTCTACTGTTAATAAGGCAAGAACTTTTGACCGAGTCTGTCCATTAGAATGGTTACGACTCTTGGATGGTTACCAAAGAGTTAATACCCTGCGGGATTGCTTGAGCTCCTCGCAGTCCTCGAGGCGTAGTGCTTAACCTTCCGCCAACGGTGTGGTAGTTCCTAGTCATACAATGAGAAGAGCTTAGGGTGGGCAGACTAAGCTGAGGCGCCGGTTAGGGTTAAGTACTATAGGTCCGTTGCGCATATCAAACGGGCTCATTACAATACCAGACAGCTAGAATAGTTCGTAAGCTCCGACTTCGCAAGTAATGAAGACGTAAAGTCGGTTTATGTCGCTATTAATAGACCAGGCAAAGTGGTCGAGGATTATAACGCACACGTCATCAAGGCGCTGACGAGGTCCAAAAGCGGGTTCTGAGTGGCTATCCGGGTTGAACTATGTGGAATCTGTCCGTTAGGGTGGCGCTCCCGGAGTGTGAAAATGTATTGATCCCCAAATATGCCACAATACCGCTTGCTTCGCATTAGGGCGATATTCTTTTTTCCCGCACCCCACTAAAAGAATGCTGCTGCGGACTACTTCTATGAGCCTCACACCTATCCTCGCCGCGTCATGCCGGAAGTAGAGAATAGGACCGAAGCGAAGTACTAGCTAGCTCTAAGAAGAAAGAGATACCTCACCTTGTTCCACGCGATTATGAAGTATTGGAGACTGCAGGGGTCCGGTGCTAGCAACCGGATCTGTGAAGATGGCTACATCGAAAGTAATGATGCGGACATTGACTTAGCGCGATATAGAGTACGACTTGGACGCCAGCAAATATGGCACGCTGACCACGTCTCCATTCTAGTAGGGCTGTACGAGATCACCCCCCTAGTAAGCCATACAGACTTGTGTAACTCCCCGACCTGGCTATCACGAGCTATCATAGAGAACTGGGAGGCTGCCGGCCTTATTCGCGCTAGGACTTTACTCTGAGCCGCAAGCTGATTG,1790,50.39,Drosophila melanogaster
SEQ_414529,ATGTAGTCGGAGGCTCGGTACTATCAGTAGCTATTCGTAGGCGTGCTCATTATTGGGCCAACAGCCCAAGGCAAGTAACGAGGTCCCTGAGGATTCAACCGGCCTGGACTAGCGCAGCAGGTAGCAACCGGGTCCGCTCTGGGCCCGTCTCTGAGACGGGGAGCTCATAATTGCTGCAAGTGTGAGTCGCGAATCCAAACTATCTTAGATCCGTGTGGGGCAGCCCCTCCAACTTACCCGAAGGCGAAGGAAGTCCAGTAAGACTACCGCCGAAGTTTTTCTAAGAAATCTCCGAAACGTATGTTCTAGCGTCCAAGTCGCGAAAGAGATAACATCAACACCGCGACGAGCCTTGCGGCGGCAGTGCGGGCCGACAGCCACGAGCCATTCCGCCTATCAGTGGGGCCGGGTTTGACAAGGTTAGCTCTGGCCAGCTCTCCGGCGCAAGCTCCTCCTGTTACAAAGAAAACCTTGCGAGCCCCTGACGAGTAGATCCCATGATCCTGTAGCCATCACTAAACCGCAGTATTCATTTTGGCGCGTTGACTTCACAAGGAGTTGGACGATCAAATCGTGACACGCTCGCCACAATCGCTAACTT,601,54.74,Drosophila melanogaster
SEQ_253706,TCATACTCCCCTGCTTTAATGTAGCAGACCCCCGCTCAGAGTTAGAGCAGTGATCCCGTTATGAGTAACTCGGGTGGGCGGTAGATTGTTTTCAGTGGGAACACTGCCAAAGGTGGCTCCTTCGCTGCCGAAAGGGACGAGCACAGGACAGTTTAGACTTGCACATAAACATACGGGGTTAGATAATTTGAGTCTGCGCACGCACCCGGGTAGGGTCAGAGGTCTGACCTAACTATCTGTAAAACCCTTTCTCCGCGGTTCGCTCACTCAGATAGCCTTAGACAAGCTGTGTTCCCTCTGGCCGCTTGAGTCAACGCGGCTTATATACCACCAGACCCCATGCAGGGTTAGTAAAAGTATCAAGAAGATCCCTTCAACATAAACCCAGGTTCGAACACGAAGAATGTATAGCTCTTTGCTGAATCGCGAGTTTAGTTGTTTGTGGAATTCACAGACATGCTCTTGTGGTCTTGTTCACGCGTATGACCTCGGCTCGTAAGTCGCACATGTTATCCTCCGGTCGGCGGTAGCTCGGTTATCTCAGGTATGCGATTGGGGCCCCTAACGAAACTTTTCACGAAGTGGCTCGCTGGGGCGGACCTGCCTAGCATTGATGTGAATATGTCCGGCCATGTCTCTCATTACGTCGGCTTAGTTTTGTCGCTGCCCCAATGAAGGTGCTGTGAAAGACACCGGCGCGCGAGAGCAACACTATAGCTATGGCATCAAATGAACAGGGCATCGTAATGCCCGTTCTACGTATTGAACAGGGTGCTAAACCTTAACATACCTGGGATTAGAGAACCTTCCGGACCCGACGGAAATGACACTAAAACCTGTTACATAAAGACACACTCGAACGGAAGTCATTCCCCTATTGTGGTGTTCTTAGCGGTGCGGTGAAACTTTCTCTCGGCGGTTTTTAGCAGCAGATCCTAGGTGTTATAGGTGGTAAATTGGGCCGAACTATTGAGAAGGGTGACCGTACTCCACGCCTGTATAATAGTTGCCGGCTATTATAATAAGCTCATTAGTCTCCGTTGATTATTTTCTACATCTAACCACTGAAGGGAAGAGCGGCGGCTCTTTGCCCGTCCCTAGTGGAAATCCGGGATTTTAGGCGCGGAGGTTTAACTTCGGTTACGATACCCTTAAACAAGTTAGCA,1166,49.31,Homo sapiens
SEQ_852968,GATGAAACGTCGGAAGTGCAGGGACGGCGGCTCCAGGCTAGGAGCAGCATGCAGACCGCTTGGGGATTTTACCATATTACGGCCTCCAGCGAGTCGCTGGATCGCCGATAGTATATGTGTAATGTGGCACTACCTAACCCGCCGCGGCTAACTTTAAGCTTTACGTTCATACTGCATAATCGGCGTCTAGTGAAAGGCAATTCCACAACGGCAGGAAATGGGGATTGAATCGGGCCACAGTAGTTCGCCGACCCAAGGAGACATCATTAGCGCGCAAGTCAACTCGGTTTGCGTCAAACCTGGAATGTTAGGAGGGCCATATCTCGGCGATTATAAAAGTAAACCTGGATTGATGCAGTCACTACACTTCATGAACCTCGTTGAACAGTCCAGCAGTGAATTTTTCTCTTAGCTTTATCATTACCCCAAATCGAATAGTGTAAGTCGCACAGAGATTTACACGGAAAGGTTCGGCATCGACTGAGGGCCTACAGCTAAGTCTTGGATAGGTCTAATGAGAATCATAGCTCCGATTCTGGAACTTGGTACGCATCGAGTGCGTCTGAAAATCAAACCACATTACTTCATTAAACATGAGAGTCAAGAGTCAGCGATCCACCTAGGTACGGTTACTCGCAGAGAATACCTATAACAAGACAAGAAAATACTTTTTTCCAGAAGCCGCGCTCGTCAATTATAGGGCGTACTTAAATCACTAACTACGCCGGTTCATGGTGGTGCTTTAACTGGTAGCCACTACGTGGTACTGTCGCTCTACCCACTTAAACGAGTAATTCCAGTCGCTATACAAGGAGAGCGTAATCTAGTGGGGTAGTCCTTATCGATGGAGATCCCTCGACCAGTGAGGGCATCTATTTCCTTTCACGGCGCCTCCCCACATTAGCGTAGCCGAGGGGATTCCAGCCGGGCATTGAAAAAGCCGTTAGTCGGGATATAAGAAAAAGCACCTAACAGAGATTATCGTCAAAAACCCGCCCCCTCGTTGTGTTTAAAGCTGCTATACCTGGTCGATAGTCGGATACGCGGTATATTGCCGAGCCAAACGTCGAGTCACGTTTGCATCGGTTTATTCGACAAAATGGGCTAATCTGCATATCATCATACGTCATGAGAGTTAGAAAATCACCAGAAGATCAGAGTGCGGCATCCATACCTGAGTGTACATTGAGCCACGGGTCTGGACCGGGGCGCAGATGGGTTGGTAGATAGACTGTAATATGGACATTTCAAAGAGTACCACCCGTCACGCAATTCGGACTCTAGGGTTGAACGAGAGAGTGGAAGCGTGAAGGTTTTAAATGCGAAGTGTGCGAGCAGAAAGTAGTAATAACCTTTATTCCCGATTATCTGATTTGATCGATTGGTGTTTTGTATATCTACGTCTACATGTAGGGCATAATTACGGCAGGGATGCATGCAATAGATTTCACTATGTCGCAAGCAGACCTAAATCACTTACCCGGCGGGTCGCTGTTGGGCTACAGAGCACTGAGAACGTACTGTTAATTTCCTAGATCGTCCCAATCCCAGTCCAAAAAACCGTGCTAGGTCAATATGGGGTAAGGTGTTTGAACTGCGCAAGTAAGCTGCTGCCTGGAGCGTCGTTCGTAAGCAGTCCATTATGAGACGTTCGTTCTTTCCGGTCTTACTA,1672,47.49,Saccharomyces cerevisiae
SEQ_445215,AGTGGTAACAGTGGATTGAGCCATCGTGGACTGGCCGCCAAGCCGACACAGCGCACGCCCGCGCATGTTCAACAGATCATTTGCCAGCGGCGATGTTGTTTGACATCGTGCTGGCCTTCACGGGAAATCCAAGCCGCCTTAGCGGGATCTCGCTGGGATAAGAGGTTAATGCATTTTCCCGATGGGAAGAATTAGCGGAGCTAAGCTGCACTGTACAACTGCACACCGCGAAGTAGCAAGCCGGTTCGCATGATTCTGTGGATATTAGCGATCAATCTGCCTTTTCACTCCAGCGTAGAGTAACGTCAGGCGTGGCACGGGACGCTTCGCCAAGGCTGGCTAGGTAAGCAATACAGCACGTATAATGGCCGTTGTTTCGACCACTCCTGTAGTTACCCACACACAGGACGATGGAGACAAGCTCTGACTCTTACTCACACCGTTCACTACGGTAAAGCCATTGCTACGACCCTGGCTTAGACTGAGGTGGCTTGCGGAGGTGGTGAATATACATTGCCACTTGTTGTAAGTTCATCGACGGATAGTAAATCACAAA,556,52.16,Mus musculus
SEQ_693429,AGATCGCCGAGTGAGACCTCAGGGTAGCCGTTTCTGGTATCGACTCGGAGGTGCTGCTGTTAGATTGGCCCCGATCTGTTGAAGATGAGGATTTGACTGGCATCGTTAGCAATTATTCGCGGTGCACGTTACGCGGGCGGGTAGGGCCCTCGGCACGTCAACATCGTAGGACATCGGGTCGGTTATCGTGTGCTGAAAGTTATTTGACCTCTCAGTTTCGGGCCCGAGATCCGCCTTCATCCGAAGACGAGTTCACTCCCAATAGTTGACCTTAGCGAAGGACCATTGAGTGACTAGACTCGCAACAAGTTTAGAGTCTGCTTACTCCAGGCGAGGTATGGCCGGTTCGTACCACTATTCCGCCTAGGCACAGTTTAGGGTCCAAAGTCAAACAATATGGGCTATCGCACCTATGATTTGCTGTATCATTCTTCTCACGATGACACGAATGGTATACCCCACTCGAGTTGATAAGAGCCAACCTGGAAACATATCACTATGTGAGCTACCCCTCCAAGCTAGATCGATACCGCGGTAGCAATGGTGCTATCGACGCGATATTAAGCTGGATCATTGAGCCTCATTGCCGTGCCAATGTACTGGCACGTTGCACTGTACCGAGATAAGCTTAAAATACAACCGTACCTAGAGCACCAGCCCATTTGCATCCTTCCTCAATGACGAGACGGATCGTGTCTGAGACTGATAAGGGTCTAACCATTGCCAGATATTACAGGCTGTTCTGCTGTCTCACTTGCGCGTGTGGTCACACCAAATTCAAGTTTGCTTCACTTTACGCATCCCTCTGAAGCCTACGTATGAGACGTAGTAATGTAGCAACTTGGCTGAGGCCGCCCAAGGATCTCCGACAATTACCACTTCCTATCGAGTTTAAAGGTCAAGACTACCGGGGACACACTCGCCCGTATTATCGGTCTCTTACCGAGGAGCAGTTCCCCCTTTAAAAAGGCCCCCTTATGGACGGTTCTTTCTTGCGGTGCCTTTCGTGCTGCGCTTCGGACCGAGAGGACAGGGCTGGCAAGTAACGCAGGCACTTCAATGAATTCTGCTCCCTAAGGTTCTCTCTCGGAATAACACCAGAAATGTCAGGGACGCACGGAGTGAGGGGAATGATCCCCCTACTTCTGACGTTTCTCCCAAAAGAACGGCACAGTAGATAGCCAACGGTATGCATCGGCGGGGTTTGGAAAATTTCGCGAGCCGGTGAGATACATTACGAAAGTAGCTCAGTGCATGTTATAAAGGCTTAGTGATCGGTAATCGATGTGACCTCACCGATCTACAAAATTGTGGAGAATCGGTGAATACTGCTACGCGGTAGGTTTGAGTGTGCGTTATATGGGTATGGGCGTCTATGCTAGTAAAGCACGATAGCAAGTCCCTCATAAATGATCCCATGGGGCCGGGACGAACGCCGAAGTGTGTGAAGATCGGTCCCCTCTCCCACGGTGATTATCCTGGGGGTAGATCCAGTTGGTATGACAAGAAGACAAAGTGGTTTATAGATAATCGTACCGACGAAAACCTAGCGCTGAAAATTTTCACCCGTCTCTAAGCCAATTACGCTGGGCTATCTGGAGACGGTGACAATATGTACGTGCGGAGTTTCTCCCGGGGTTCTAGTTTGGAAGTTGCTTCCTATAAACTCAACAAGGACACTAGCAAACTATGCTGCTTTCTTACTATTTCAGAATGTGATGAGAATTG,1728,49.54,Drosophila melanogaster
SEQ_882234,AAACTGGATACTAACGCCCATCGATGAGTAATAACGAATCCTACTTCGAGGACTATGAACCCTCCCTTTGAAAGGTAATAAGCAGCCCCTCTTGGTTATCTAGCCATTCAGGAATGATACCCCAGATCCGTCTGCTATGTGGGATTCCTGGGTGTGCCCTTTACGGGACAATTGCAATCCCAAGGGGCAGTTTTCGCAAGTGCAGACTAAGTGGGACCCGATAACGAAGGTACGTAGGTTGGTGGTTAGCGCGCAAGTAGGTAAGCGTCTCCGGCCAAACTACGCGGGAGGCGACGGGCATAAAGAGCCATCAGGTATGTGAGAGCCATGGCACCGATATGACTGTCGAATTACCTCTATCTATGTTGTTATGCTGGCGACGGGTAAAGCGGGTAGTTATTTGCGTACAACGATTCTTCTAGCAGCTGCCTGTACAACTGGGACCCTCAGCTATGCCGAGCGATATGCTGGCGATCCCCACAATTGTTCCGACAATTATGAAGGGCATCGATCCAATACTGGTACCCGCGTGAAGCGCGACGAAGCGTCATGTCCTATCTGGCTGGCCAACCACTCCAGAGTTCATGTCTATATGGCTTTTGCCGACAACGTCAGAGAGGCGGTCCTACCGTCCCGCGTTGGAGCACAAACGAAACTTGCGCGATGAGCACGGGAACGAGTATACTGAGATTCCGTGACCCTTGAGTAACCTGAGCCGCCTGCTTAGCTCGAATACGTTAATATTGCCTGCGCGGGGCTTGTTGCTATAAGCCCCTGGAGGGCTATCGTTTTCACACTGCAGGGTCAACACAGACTCATCTGTTATATTCAAATAACTAGGATATAACTCTGGACTATATCTCCTCGTTATTAGCTAGGGCCCAAGTCTGTCTAAAATTGTGTCCATCGGATTCACAGCACGATGCCGCTTCTATCTAATACCGCTAAGCGGTGCTCCGTACATGTGGACAGCTCGTTGCGTTAGAAAAGGCCCGTGACCAATGAAGAACATTAATTACCTGACCTATGTGGCGTCCACTGTCCCTCAGGTTGGTGGGGATAGATCCGTGTGCTCTCAAGAACTCGGACGATGCTGACCGCAAGGTCGAGTAAAGGACCTATAAGGTCCTATGGGCGAAAAATCAGGGCCGACGCTGTCGCTCGCATAAGTTAATTGTGTGAATACAGGGCGGCTTAGACCAAACTTCGCACGAGTTCACTTTTTTCCGGGGAAATCATCAATTTGCATACATACCTCATTACTTAATCATAGACGACGGACCCTCATGTTGCGGCAGCTCTGATGCATTCGTGGCTCCCGTGCGGTCGGTTTCCTGCAGGGACGCCCGAGAGTTCCTCGCATCGGCGTGATGTCGGTGCATGTTCTAATAAACGTATATTGATATGCAGACGACAGAAAACGTGCTATATGAGGGGGTACTTGGTTTACTCAAGCGAATGCATACGTAGATTTCCTCCCATTGCGGATTAATACGGCCTGGGGCCTGTTATCAGGTGCCATTCGATCCCGCCTTACTTTTTAGAAATCTATACATGTCTCATGATAGCACCGATGGTAAGTTAAGGGCACACATCACGAGAGGCAAAATACGACGCTACAAT,1623,49.91,Saccharomyces cerevisiae
SEQ_750848,CGCTAACGTGGCGACTCTGGCCTGAAATCGAGGCAGCCCGTCCGAGAGTTAGCTGGCTTTGACTATAATGAGGCCACTTGCCTGACAAACGTTTCCGTCGACCGCAAGGCCTGCGCTTACTTACATAGGTCCGGTCCTCCGTGATTTCCTGCAACACCGAACATTGTGAGTGCAGCAGTCACGTGGTAAAAAGAGAGCGATAACACATCCCCGGGAGAACAGGCTGCGTCTATCCCGCGCTACACGCCTGACGAACAGTAACTCGGGGATAACCAACTGGGGGACCCGCTTTACACAAAAGCAAGTCGGCCCCGCGAATGGATTTTGGCCAGAGTAGACTTCGGTCTCTTTTTCCTTGAATCTGAATTCGGAAGGTCAGTCCTCTCGACCGGGCGTATAGCCACCCCCGCACTCTGCGGCACGTCATTCCGTGGTTGAGAGCATTGAGGCTGTGTCCTATGTCGGCCCAGTTGTACGATAGGAGCGTAGTCGTGGATTGTTCACCAGTAACAGATACCTGCATAGTCATTGCACATGTCAGGTCTTAAAAAGTGCTCACCGAGCAGATGGTATAAGCAAACAACACTCGTCCCGCCATATTGGATTCATCTAGACTTGGATATGATCCGGGTAAAGATTCGTTATGAACTCAGCGGCCTGGGGAACGCCTGGCCTCGGTTTGAACAGCCTCAGTAGCTCCTGCTGCAAAGTGAGGATGCGCTCATGATGATCATAACCATACAC,744,52.82,Arabidopsis thaliana
SEQ_250716,TTCCAATTCGTATGCCGTTAGCCAATTATTGGGCTAACCATACCACAGGAGAGCCAGGTATGTACTGCGGCACGGTCCTTGACGCAGACCCGTGAGGACTAAACGCATTTCATTATGGGACCCGCAGGGGCGTGCGAAAAAAGCGAGCCCGGTAAAAGGTCGCGATTTAACACTTTTAGAATTGAATTAACCCGGCCATCAGTGCATGACCCCCGCTCGTGGCTCGAAGTAAGGTTCTGTTGGATACCCTGTAGGCATGCCCCTGAAATGCTCCCAAAACCTGCCTTTCTCGGCACGACTAAGTAGGGGCGTTCGCGTCAATCTGGGGGACAACGAAGGGGTGGCACATGTGACTTAATGCAGGCACGGAGGATGCTATCCTCACATCCGGAGGCGCGTGGATATCCTACCGTTAGCTCAAAAGATGTTATGGGGCCGCTCACTCCACTTTGTGGAAGCCATGAGAGTGGTGGTACACAATGCGTCTTAGTCTGGTTACTAAACTTTCACACCAGACGTTTTCTATTCCGGAAGCACTGGCGACACTTACTCCCTGAATGTTCATATTACACTTAGTAACGTCGGCCTCAACAAACTCTTCACTCTTCTCGTTAGTTAACAGTAAAAATCGAAGTTAACAGTTCGGTGGCCGATCCCGCGGAATCTTAAGGTACCGGCTATTTGCCGAGGTGGTAGAGTCCTTTTCCTAAAATTCCACTTCATTTACATGTACGGCCGTGTACAAATTGTCGTAATCATAAGGGATGCTGCTGGCTGCTAACATCTATTGCATTGATCACTTGTTGATGTGCCCCTGCCAGCATTTTCGACGAGAGGATGGGGAAGCGATGACGGCGACCGGTTCATATACATGCAGCGAAGTCCCAGGACAACAAAGGGGCTGAACTCTCGACTGCGCCGTTGACCTTTTGCTACTGCTTACCGAGTCCACGTATCGTATGCGATGACCCAGTAAACGGTCAACCACTATCTCAGCATCCCCACGCCAGTCATAAAACTGGGCCTTTGACGACTCATTCTAAGATGGTGTGCTTATTCATACCGCCGCACCGTTGCAGGGATCGTACTTAGCGTTTGAAAGGAAGCTTAAACCCCCCTCCTTCAATGCCGACCCACTGAACAAAGCTGCTACTAAAGCGTCACCCGCCGCCCTTGCGTCTGTGGCGCATTTCGTCATTGCCAAGTCGCCCTTGGTCCAACACCCCACGACGACGCGCCACCGTTGCCCGGCTTGGCGGGGTATGAAGCGGATATGTACATGATACCCACCCATATCCGCTCCCAAGGAACTCCTAATCGTCCGTGTTCAGTACACCATTTCTCTTCGATGATGAATGTCCATGGAATTTATCAAATTTCCTCGATCCAGCCTAGGCACGGTTGCACGACCCCAGAGCATAAGATTCACCTGACACAACAGTTGTCGATACTGAAGACTTGGCAACCCGGGCCACCAGGTCGGTGCCTCACGGTGTATTGTCCGTTCCATGGGTGTTATTCTCTTCACCGATTCAAATGTGTGTCGTAACCTAACACAAAAACATATGCCAGTTGGAT,1578,50.82,Drosophila melanogaster
SEQ_182770,TGCGCACCCATCTGTATCCGCTCACAGTTCCCGAGCCTTAGTGAGGCGTGTCTGTAGTTAGTGGTGCAAACTCCGAAGCCGCGTATATAAGAATAGACATCGGCGATTACAATTGGCACACCAGTGAGCGATTGTAAAGAAAACTACTTTGCCAAGAGCGTACATAGGTAATAACCGTGAAAGACACACTCGCCAGAGCGGGGGTTTGATTCGCGAACAGCCACCTGTTTACTACCGGTGCTCCACAGGTAGACATCCAGGTACTGCCCAGCGGGATTTGATACCGATGATTCGGAATTTGACACAGACTAGATATTAGCCGGCATCACAGGTATCTAGGCGATCAAGTGTTTGCTCGTCGGTGCTGCAACCATGTTTGCAACACTTGTGTGGCCGAGGAATAAGACCGCACCCTTCATAGAGCACGAGTTTCCTGACTTGCATATGCCCACATCGGAACCGGATGTCCGGTCTTGTACCCGCAGACTAATTACCAACCTAGCTAATAAGGCTACCTCAGGAATTGGACGCGAACTCAAGGGAGCCGATAGGGACGAAAGGGCATGTATAATGAGGGCCTGCCTTGTTCATGGCCAGAATTCGCATGAACCCCACACAGTGCGAAAGATGACGCGGGCAAGGGACCCTCGTTCTCGGCCGGAAGGATTATATAGACTTGAGGCATTACCAGGAGACCGTACATCGTCACAGTTTTAACTGTAAATGTCCTTGTTATGACGTTTACCCGTAGCCACAATTGGGGGCGTGCATTTTATGAGACCGCTTGGGTTGGCTGTTACACGATTTGACCTGGGGCTTCTCGCCGATGGACACGAGAGACGCCATGGAGAGTTCGCATTTCATCACAACATGCGTGATCAACTCCGTGTAACTTGTTGGCGAGTTCGCCACGCAATTTTTGACTACGTGAGGGACTACCTTGCGCAACTCCAGGTCAGTGTCCATCTCGTGAGACACGTAGGCTTGTTCCTTTCCGGGAGCGTACACGGCTGCATGAATTTTGCTCACCTTGCCTAGCGGGCTTGAATCAGAAACATCTGGTCGGGATTCCGTGCTCACTTGGTTAGTTGCACTCCAACCACCTGGCCAGAGCGGCTCCAGTCACTGTCTCCAAACAGGCTGGCCACCAGTGAGCGTTCAAAAAAGCTCAAACACAGTAATCCTCTCATATCCGACTCTACTTAACAGGGAAGACAACTGATGATCAAGCCTCTTCTGTCC,1242,51.05,Arabidopsis thaliana
SEQ_693951,AAGATCCTCTCCGTTCTTTTTTCCACATTGCGAAGGATTTGCCTGCCTTACAATTCATAGAGGTCATACTCTCTGTGGACGTATACGGCTAGTTAATTCCAGTTCCCCTGGACGTACCGCCACAGTCGGACCGAATTCTTATAAGCGCCATGTGCATAGCATGCTCGACTTAGGGTACCCGTGGGCGGAGGTCGTATCCGTTATTTATGGGCTGTCCAACCAAACCGATGACCGGAGGTCGTTATAACCCATTAACATGGAACGGCGTACGTTTCACGTAGCACCTACTTCCATAGCGAAATGGAAGACCCTTTCATTCTACATTTCGAGTGCACCCTGTTACG,344,48.84,Saccharomyces cerevisiae
SEQ_174909,CCTTATTTGAAATAAACGATCCCATTCCAGATCCGTGCTTTCGGTCCAGCGGCTATGGTGTCGGCTACCAAGCGGTCAATTGTTTGACTCTGCTGATAAACGCGGATGATATCAAG,116,47.41,Drosophila melanogaster
SEQ_731846,CTATAGTTTCGGCAACGGGGCTTGAGTCTCTCGACAGCTGCCTGAGAACGGAGACCCGCGAGAACGAGCAACGCGGTACGGCTTTACGTGTCCTCCAAACCGCGACGCAGGGAAGGTCGTGGAAATCCCACTGTGCTGTGCACCATCTCACATAGCAATTAGCCTAGAAAGCGTATTTCAGGCGCTGCAAGTGTAAGTCACCGCTACCGCAGCTCAACGCCCTCATCTATTTCCCCGACCAGATCACCTGCTGGCTCAGGCTACCACCATTTGCTGTTCCCGAGCAACGCGAGTGCTGCATAACCGTCAGTGAAGCCGATATGACAGAGGAGGTGAGTAATATTTTGCTATTCAAAACACTATTTACAGCTTGTGTCCCGCCTATGGGTAGTAGTACGGCGCAGACGCTGAGCTTACTACCTGGCCTCTAAGTTTAGGAGCTCAGAGGAGTGAGCAATTCCAGACGACAGAAACCGACGTAGCAT,485,53.2,Saccharomyces cerevisiae
SEQ_382287,TAGCGAATGGAGCGGCTTCTCGGTAGGTGGCCTGCTCCAGTTGGCGGTACTCCTAGCTCTTGTCACAATGCGGTACCACTATGCTCGACTATTCTGTTTACGCGTAGACACCACGAAATGACATCCCAAGAGTCTATGCACGCTAGCGTGTAAACACTGGACAAGGAGTCAATCGCTACTCGAAACCCCTTTAAAAGCACCAAATCAAATGTCTATGGGCGCTCTAGGAGCGTCCACCTGCATTAAGTGTCGCGCACTACATTCACGCGTAAGACGTTTTCCGGAATGTGTGCTATCAATTGGCTTTGTAATGAGGTTTATAATTGGAGAGAAGTACCAAGAGAACCACTATACTATACCTATCGCCTGTAGACCATGACAAGGAAACACTAGCCCGCTAAGAGAATGGCCATAAAAAAAGAACACCACCGAGTGTCGCCCTGGCTACCGCTGCCCTAGTGGTTACTCTTAGTACCCCCACTCCCTATACGCGCAATTCGGGTCTAAAGGTACTGGTCGTTTTTAACCAATTGGCGCAAGCGCTCCGCCTTCCCTCGTCCGATTTCGCTACAGACAAGAGTCCGTTAGTCACAGTCGTGCTGGCCGTATTGGG,613,49.92,Escherichia coli
SEQ_740168,ACGCCGTTGTGCCTTGCAAGGCTCTTATGACTGATAGGGTAACACGCTATCTCATTTGTTGCTTACGCCTTACACCTAAATTATTTTTTTGCAACGGCGTATTCTAGGAGCTTGCACCCATGAGGCCCTCGGTGGTTATGTGGGAGAACGTATGCCATGTTAGCTCCTCAACAGTAATCAAGTTGAAAAAGAGTTAAGACCTAAGCTCGTGGAACAGGGTCTGCGTCACTAGT,233,46.35,Caenorhabditis elegans
SEQ_867107,GATGGTTCGTTACGACCTGGTAAGCATATACCTCAATCAGTAGTGACTACGAAACAGGGAGCGAAATTCCAACGAACAAAACGCGTAGTTAGCGTGCATCACTAACCTCGCAGACCTCAGTTGCGGTTTCTACAGAATACCTAGATTTCATCTTTATCCTGGGGATTGTTGTTCGAACCGTGTTGTAGCGGCTGTAGGAATTCGACAATCGATTATGGCGGGCACGACAAACGGACCCACCTTTTCCGGCGCAGCAATAAGATTGCGACTCAGTTCAATATCAACTTGCATTTACTTGTTCTGACATAGGTATTCAGGTAGGGTCGCGAGAAGGATGCCCACATGATAGATTGAGTCCGGTCAATGAGCGGGATACCGGCCCACAGGTCATTGCTAGAGTAAGGGACCCAGATCATCTGCTTCAGAATACCCTATATAAGCCGAATAATGTCGCTAACCATCTTACTGTTTTACGGATGAAATTCTTAATAAAATCAAAATGCCGATCAATAATATATCCTTAGTAACTAACCCAAAGTAAATGGCCCGATTCCCCAAAGAGCTGGAGTGAGAGTGTACGCGGGGGTACCGTAGCTCCGAACTTACTAAGGAAGCCTGGAGTGTTTAATAACTAATCGATTCCGATAAGGGAATGTCGCGCTAACGGATACGACTAGGAATGCGACGGTTGGACTTAACTTAAGGTGCTCATGCGAATACGCTAGCCATGAGGTACTCTCATGTATGATTGATTGAAAGAGTGCCACAGAGGTGGC,776,45.75,Homo sapiens
SEQ_530548,ATCCCCGCCGCGAGTTCCCGCGTTTCACGGCCGCGAAATAGCTCTAGTTTCATATTTCGTAAGCCGGATGGAGGCGGGAAACGTGTTTAGCAGGAACGCAGCGCCAGGGCCGCCGGGCCTACACTGCCGTGTGCAGTGACTTGGGGACTTTCTAAATCGACAAGCGGATCTCCTTGCCATACCGGTGGCTGTACAACGACGAATTTGCGCTTCGCCATGGGAATAACAAAGGCAACCCAACGATAAAGATCTGTCGTGGTCAAAAGAAAGGAAAGTAGGACACGATCCGTTCCCGCCCACCCGAGTCGGCCACAACGGATTGATGGATTCTACGAGCTTTTCGGACTGATCGACAAACGCACTTCAGAACAGCCATCGGAGACATTTAGTAACCTGGGGAGGATTACTTGAGAATAATAGTAGTTTATTTAGAAGTTCCACCAAGCTTAGCCGTCTGTGTTTCGACACCTGTTGCTATTAATTCCTAAAGCATGTGTGTATCAAAACTAGCGTACACAAGTTTTATACTCTTATCACCGCTGACATTGACTACACACGCCTTTCTAACGGGACTGTTACGCCATAGTCCGGGGCACATTATGCCGCCCAGAGTACTTGAGAGAGTACTGGTGAGGCATCTTGTGAACGAATTGGCACCCAGATTTAAAGAGCGCAGACTCATTCCCTAACGGGAAAATTATCTCATGTAACGCGCATCGGAATCGGCGGGCGCTTATGTCAATAGTACGCAGTCCTAATAGACTTTGCGTCTGAAAGACTACCGCGGCGCTTTGTTGTGGTCGCCTTTTTTCTGCTAGTTGAAGTTGCAGCCAGCAACAAACTCGCTATCTTAGTGGGACGCTTAAAGTACTAATTTCCACTCAGTTGCTACTTAGAGATTACCTGAGTATAGGTGTTTTACGTCGGCCTGTGATATAGATTCCTTTAGAACTCGGTGGGCCTTTGAAATTACCTCGAAGGATCTTATGCACTTACGGTCCGTCAGGCTTGAGAGCACGACGGCAATAGCAGGGCACGAGCCGCTTACTAAGTTCCATGTGGTAGCCGTTCTTAATCTGTTTAACCAATAGATGGCCAGCGATCAAAGTTGTTAGTTGTTGATGAGGCTCAGCTGTGTAGGGTCGTTCGGGTGTGACCCACCACGGTTGCGTACACCTGTGGGTGCTGAATGAGACCTCCATGTGAATATTGACGCCGCGAACACAGGCCAG,1232,49.35,Saccharomyces cerevisiae
SEQ_136304,CAACCTGGAATATGGACTTAGCGATCCGTAGCCGTCCTCCAGAGTTACTTGATGACGGGGAAGTTTTTCCGGAGACTAACTGCGCAGCTATTCAGTTAAATTCGATCGCGTAAGGTCGTGTAGCCCATTCATCACGCGACAACCAGGTGCGTAGCATGAGCCTGGGCTGAAGAGGGAGCTGCTTGTTTGACACCTCAATTGCACACCCCCGGTCGATTAGGTGGTTAATAGAGTCAGCCCGTATTGACTTTGTCTAGGTGTTGTGTGTTTCAGTATACTAAGCTTAAACTAAAACAATTGGACTAGGCCTAGTCGGTACAACTCCCAAGCGTGAACGTAGCGCCCTGTAACCCAGTCAACTGTCATGATATGGTTGTAAAAGAATCTGTTTCACGTTTTAGTCGAATCGTCGCGCGCCTAGTCGTATGTGTGTAAGACGCGATTATAAGGCCGCACGCAAAAACGCATCCACCCTTCTACAATCAGTGCAGCGTACCCACCCTATAATAGCCGTGCGACGACGGTGGCTGGCAAATCCCTAACGATTCCGGCGATGAATACGTGAAGACACCCTGGCGGTTACTAATCCGGTGTGATCGTAGGTAGGTTTTGTTAATATGCCAGCGTACGCCTGTGTGTTCCGGCCTAGGGGGGGCTTGTAAGGTTTAATTGAGGCGGGCTTTTGATAAGTCATCACGGCCACACCTGAGCTACCGAATAGACATCATTACCAATTGTGCCTTCGAGTACTTTGTACGCCCTACCATGGGTGTGTTGAATCCTTGAGACGTTCGGTATTCGCCTTGCAAAACTGGAACCATGGATAGGGCCCCAACTCTGGTTTTTGTCCGAGAAGTCCAGGATGCAATTGCTCACTGGCAATCCATGCCCCCGGGAGTAATCCTAGCAAATAGGCCCTTTCTGGACACCCTCACGTGATTAACCCTTGCTATGGAGCGCCCACGTGTAACTGTCCATAGGACTGGGACCTCGTACTCCCGATCTACCACGGGAGGCCGTGTGTAGCTTTCTAGAATTGGTCGCCACCGGCCAACGGTGTGTTCTACGTGAGTGCCCACATCATCGGGACCTACTACAAACAACGCGTCGCGTTTAAGACGAAATCTTTGACACTTAATACGCCGTGGAAAGGTGCTTAAAAGTTGCTACTGTACGTTGCGACGGTAGCAGCGCTCTACCACGACAGGAGTCCTCTTGCAGGATGGACACATACGACCACTACCTGTTGAATGTCCTCGTGCTCGGACCCCATGTACACCATTCGCTACGATACTAATAATATGGCCTAGGTTATCTGAGACGCGGGTCACGCCTAGCAAGCAGTCGATATATTCGCCTACTGGACGGCGCTGGAAATCACTTAAGCGATATTATTCTCAGTCTGAGCTACTTCCCACATGGCGACCGTGAGGACGCGGGGAGTGCCCGATTTCAATTATGAACACTTCACTCTAGTCAATAAATCTACGCTCTGAGCCTGGTACGTTGTCATAGGTCCCGCACTGGCTAAGAAAAGCTTTCTTGGGTTTGGGCCACCCATCCAAGGAAGCTCAGTCTACGACACAAAGATCGTGTGCAGCGTGTAATTGCCCCTTAGAGGAAGCCGATAGCAAAGGTTTGAGAGATGGCTCTCGCCGTAGCTCTAATATTCGGAGAATTGTGGCAGCTTAGATGTAATTCCTCCAGGAAAATTGTGCTCCGGCGCATTCGACATTATGACCGTTATAACCACCGACTTAGAGTTAAAGGTGCGCTCTACTTGGTTTTTACAGTAATCCAATTCCTGGTCTTTATGTCTATCTGT,1825,49.86,Saccharomyces cerevisiae
SEQ_958834,TCTACCATGCCCTGTGCTGCGAACCTCAGATCGCTTTCAGCAACTCAAACCATGGCGGACTGGATTGCAAACCAGGTTGGACGGCGTAGTCCGTTGAACCCCGATCAACTCGCTTTAATAGGTTTACCTTTGTGGGCCGCACAGTTATTAAGGCTGCGAGCGCCTGTAACGCGGGACATAACGATGTATCAAATTGCGCTCTTCCACGCTCTATACGCAGACCATTACACAACTGCTATTTCACATGTTGAGCCGGCTACTCGAGCATCGGCCTCGTTGATTTCGCCCCTGTGCCCGTCCATTGTTATCTACTTACAAATCTTTGTCACCATGAGAGCCACCCTGATGTGGATGTTAGGCCCGGAAGCAGAACGCCTGCGTCACACGCATCTCGCCTTGGGGAGAGCTTTGTTCGATCGAGACCGTCTCAATCGGTCTGACACTTATAAGCCCGCCCATGACTTTTTGACGTTTCCCGTTAATTCGGTTGCAGCCCACGATAATCCGCTTAGTGAGCTGTTGCGTGCTCTTCGGAAGCCCCTGGGTGAAAGTTTTTCAGGGACGCATGTTACAACAGTTTAGACATCGGTACCACGTTTCAAATACCGCCACACCACAGATAGTGGTCCAAAGAAAAGC,639,51.33,Homo sapiens
SEQ_908854,GAGGATCAATGTAGGAGTAAGTCCCAGATCCGTCACGCATGTTTTCGATTGTCGAGGTTGAAATCTCACTGATAACGCTGCGGTCGCTGAGCGGCCCCTGCGGGAAGCCCGTACACGCTGAGACTGACACAATCGAATTGAGAGGTTATGTGAAGATATGGTGAGCAGTATGGCCTGGTTCCGACGTGAGGCCGATTCGTGGAGCCATTGTTGAAACCAAGGTCACTAGGGCACCCACCGCCCGTACCGCTAAGGTAATGAGGGACAAACCGGCGACGGAATGTGTCTGGAATTAATAAATTTAGAGATGCCTGAAGTTTGAAGGTCAGTAAAACCGCAATGGCTCCACAAACGTAGAACAAGGAAATGAGAATCTAGCGGTTGCTAAGTAAGAAGGACGCCTGTGTGGACGGTTGTGGTATCATCAACACTGAGCTCGCCCGTTACGTTTAAAGACGGAATGGTGATCAGGGTAGGCCGACCGCAGACTGCTATATGTCGCTATATCCGCCTTTACGCAGGCGACACGATGATCGCTAAAGCGGGATTATTTCCCAAAAGACTAGGCTAGTCCCGAATGATCGCACTCTACGATACTAATTGTCTTACAGGCGGTCACGAGCAATGGTGCAGCGCAGGTGGCCTGCCCATTCTCGCTCTGCTAATCCGAAGGCGTTCTTCTCTTCACCGAGATCGACATTTATTCTGTCTCAGTAATTGTCCGGCCGAATAAGAGAGCCTTTGTCAATCGGCACTGAGTCGGAATTTTTTGACATATCATTATCTGTTGAATGTGAATTCATTATAGCGTCATTTACAGTTGCCTTGATGAAAATATGCCTAACATTAGTGCAGCTGCGGAACGATGGGAATGAGCGACGAAGGTGGGACTTCAATTATGCGAGCCGGTAAGTCAGGCTGATGCGCCGCCATTCTCAACTGGCCGGTTAAGCTTT,956,49.37,Homo sapiens
SEQ_469454,ACGAGCACCGAGCGGAAGTCGGTATTATAGCTCGTGATGGATCTCTGCGGCGATAGGCCTTACGATTACGCAGGTGAAACCGATCCCCAGGGTTTTAACTGGTATAAATATCATGCTTGAGGCGGCGATCCCGTAGACTAGTTTTTTCCCCACCATGTTAAAGCGACGACCCCACCCCCGCTACGTAGCTCCATATAAGGGAGTAGCAACAGTATAATAGTCCTATATTTCTTTTCGCGTGACCCTCTAGGCGCACGCAGGAACTGTCGCATGCTCCACGCTCAATCACACGCTTGGTCTGAGGAGCGCTAACTATCTAAAGTCTGAGATCGATTATACGTTCTATTTTAGGAACATCCTTGGGGAATTGTGCTGTGGTGATGCGGCATCAACACTCGAGTACTTTTCCTCCTTGACGACTGCGTATCGTGGTGTGCCGAGCATAAAACTTGGACCCGGGTTTGGTCCCTCTAAGAATTCGCCGTTTTATCCCACACAAACTATACTGGAGGGCGTACAATGACCGCCCAACCACACCGAACTAAGTAAAAATCATGAGGAATACGACAACCAGGAGTACTACCTATAGGCAACGCACGTACGCCGCCGAATTAAGAGAGAAGCCAGCCGGCTTTGTCGTCGTGTTAGCATGATATCCCAATCACCCAGACATAAACTGCGGGCGGGCATTCCAGTGATATATATGTATGGGCTGAAATACCACAAACTTAGAACCCTGAACTAGCTCCTTTACCTTGGGTTTGAAATAAGCTTAGAAGGCTCACTGCTAAACGTTATCTACGCTGGAGCGAGAGACTACCAGGCATCAAGTAATTTATGCACCGGGTTTCAATCTTGCAGCATATCATATTTACAAGGGACACTGTATATTCGCCAGGAACCTAAGTGCATCTTGGTGTTATATGGCAGGTGTGATTTAGCCCCAACCTGGTATGTATGTTGAGGACGTACGCTGTTGTCTATTAATGGGGTTGCGTCACTGGCGTGGACTGCAGGAATACTTCAGACGGATTAGCGAATCCCATGTCACAAAACAACGTGACTATGTGTGGAATCACGCGCATGCGTGTGATTAGCTCGTCGAGTGTGGATTGAGGCCGACATACAGCTCCATAAAACTCAACCTCAGAGGACAAGCTGTCTTCCAGTTAGCGAGTGAAAAATACTTTTTTATCTAGCCCAGACTTTGTTGCATCTTAATCACTAGCGGCCCAAATGCACACTATGTCAACTAACACGTCGTTTAACCGATCAGCTGCCTTAGCGTAATGGACTACGTATCTCGGGCAATCTGACTTACAATGGCGTATGGCGGATTAGCATATGGAGCTGGCGCATTAGAGCGGTGACGAGTCTTATACTTTGGGGAAGGCCTCGCCATCTCGGACGCAAGGTGTAGCGAGGATCGGGCATGGATTTCGTGTTGGACTTAGTCACTAGAATAACTGTATCGCGAATTCAGGACATACCCTAGCGCGAACCTGGGTACTTGAGAGTATAGTCTGTCATTGGCTTTCTCTATGTCGTAGCACTGTATATTCTGGTCTGTAACTAAATTATTGAGGGATTATGAATGAACTCGTCACTATGGCTCCGATCCCCGCCACGGAGAAATACCACGTAAGCGTCGTTGCACGTATACGTTACCTCGGCACCGGCGCAATGGCTCAGGCCTGACTGTAGTTGTCCTCTGAGCGACTCCCTCAGAATCCCAGGTAGTGATTTTACCCGTCTGGCACCGGCTACG,1768,48.47,Saccharomyces cerevisiae
SEQ_547683,CTCAATATAACGTTATTCCTAGGAAGTGACCCGTACCGCTCCATGCCTTTACTTGCGGGGAACGCCGCTGATATACCTAATGGTTGATGATCTCGCTTCCAATAATTTGAATGGGGCGATAACGCACAAGTCTCTATGATTAATCTCTCTTCGGTGAGAGTTCGCTTCTAGCACCACCCCTACGGATTCTCCTCTGGCTCATCCCCTTATCTGCCACCAACAGGCTACCAGCTAAGCGTCAAACCACAAGACGGCCGCCAGCGTAGCTGGTGTGCGATAAAAGACACAAGAGCACTACGGATGATTAATTTTCAGGAAATTGGCACTGTGTAAGCGCACCGTGACATGCACCAGTAGCATGAGCTAAGCGCTTGAGGTGTTCTCTGGACGGTGGCTCTATCCCATGAGGCTCGATTAAGGCTTGTAAACATCCTCCCCACGCCCATGAGCATTCGTCCCTGGCTT,465,50.54,Homo sapiens
SEQ_289336,TTAGACGAAGCGCATACTCCTATAGGTTAACAGCGCTAGCGGTCGATAATACCGCGACCGGATCAGAGATCGCTACCGAACCTCCGCCCGGTTGCACGCCCCCCTGCACTCGAATAGGTGATGTTATCACGCAGTGTCGAGGAGTTGGTGATATGCATTAGGTCTAGATATTCATGATGACCCAACTTGGCGCTAATGGAACATTCTGGAGCCCAGGAGCCCTGCCATCAAGTTAGGGCTGCTCATCCGTACTTGAACGTAGCAGTACTGGCCGCACCTTCCTAAATACACAAATCCACGCCCAGGTATCCCTCGGAAGTCGTAAACTCGGATGGACGATCGCCTCCTACCGCATATATTCG,362,52.76,Homo sapiens
SEQ_863038,TTGTCCTCGTAACCTAGGGCGAATAGATTTCCACTAGAATAAAACCTGTTGGTTGACTCTACAAGCCTTGGGTATCGATCAAAGGATGATGATGCGCCCCTGCGATCCTACAGTCCCTTATGTGTTATGGCTAACATTAGACCTTCGAGGAGAGGCAGTTCTTG,164,46.34,Mus musculus
SEQ_639983,ATGACGTTACGTGACACTTTAATCAGTAGTTATTCTCGTGTCTGCCTACGGTGGTGTTCCTTGTGACTTGTCACACCGGCGACTAGTAGGTGGTGGCTATCACGCAATATGAAGCACCCTAAGCAATAACTCAATAGATCTCTCGCGGTCACTTAGCGGGCATAATCTCTGCCCAAGGTTCGTGCCTGAGCCATCAGGTGCTGCCAACTGCCGTGAACATATAACATGTGTTGAGTCCTTCTACTTTCAACCTTCTAGGGGACAAAGTACATTGGTAGGCCCTTCCAGAAAGCCTGGCCGTACAGAGTTCCACCCTGTAGCCAGAATTCAGTGATTCTATGATAGATGTGCTCGCTAGTCAATGCGAGCCACCGAGTAAGAGAGAGTACGGTCGCAACAGATTGTCAGTTAAGAGTGATTTCTCCTAGCGCCTGTAGAATGCGCATTCTCTCGATTGCGAACCAGCCAACTGTAGTAGGACTCAAAGATCCCGCCCGATGGTCTGTCGTGACTAGCCGCTGTTTGTTGAAGGACCTCGCTGTTAAATTTTCGAAGGAGTAGAACTCCCTCTGTTTTGAAAGCCCGAGCAATTTTTCTTTTATCGCGACGATTAGCCCCGTCGTGGGAAAAGACGTGCGACGTAGGTTACCTGAACGTTATAATAGTATTCAGATTAAGGCGACCCCTGTCAAGGGCGGGCTTTGTAGGTCTCGATGCGATTAGCCTGGTTCCGGTCCCGAAGGCGAAGACGATCCCCAGACATTACCCCCTAGCCCGCATGAGAGTAATTACTGAATGATGCAGTGACCACATTGCGAGTGTTCATACAGGCGAGTAATGAACCTGCGGGAATTCGTGACACGAGGGCGATCGATGGAGCTTGCACTGGTCGTGGTTTTCTCGGTGATAGATTAGATATCCCAAAGTCATTTGGGGTAGCTCTCCTCTCGTTGACGGACCACACCAACGGTCTCCGCACCTTGGTGAGGATAACTAGTTACGACCATTACACGATATCGCCGGTGACATGGTCAGGGTGCTTCGGATGAGTACAGGAAACGTGTCTAGAAACATGGGATCAGAGCCTGTGGGT,1093,50.05,Caenorhabditis elegans
SEQ_364835,GTGGTGTGGAGCGAGGTAGGGTTAATTCTGTCATCTGACACTATCTTCGCCTTTACCTACTCATAGGCACTGCTATAAAAGATTGTAGATTAGGCATTCGTGGCTCAGTTATTGCGTCTCTGCATGAGATGACCCTAGAACCCAGGTGTATTCGGGGGTTGGTCCCCGCGGGTTCTATTGACCCCTATCCGTGTCCTAACGGGGCCGTCTGATCTGAGAGTGTAGCTAGTCGCGCAAAATACGTGTCTCCACCAGGCACGACGATCTTTCCAGCGCCGCTGTGTCACCCTAGCCCTAAATACCACGCAGCGTGAGGGACGAGAGTATGTGTACCTTTCCCCTAGGACCTTGGTTTATAGAACAACTTTTATAAAAGCTTTTTGCTCTTTCGTGGATTGGCTCCCTTGAGTGACCCGTTGAAGTTAGCCTACGCTGAACACATACCAAATCGCTGACTAGATAACGCCCTTTCGCACGCGAATCGGATCCCATGCTTACTACCCGGGGACGGGAAGTAACCAGAGCTGGTAGACATCAAATCGGCCCGCGAGAAGCTTCAATTTACCCGTTTTGACACTATGAAGGGGTCAACTTCAGTGTACCGAACCAGGCTTATGTGCGTATGGCAGTACCTACCGAGACACCAGAGAAACGGGGCATTATCTCGTTATCCTGGGGTTGGGTCATCATACGACCTCCTCGCTTCGGCTTTTATTGAAGCAGTAGCCAATCCAGCCAGATTACCTCCCAGCCCTCAGGTCCAAACGCTCTGTGACCTGACGAATTAAGCGAACAAAGAGAAACTCGTAAATGCGTCCTATATGCAACGCGGAACCTATTACTTGGACAGTGGCCGCGAGGTTAGTTGAATTGTTTCGAGGCTGGCTTAATTAGTCAAACTACATGACCATTGTCCCTTTTACGCATGTGAGCCTGTGTTCTCTGGAAATGCCCCCTAAAATGAGATAAGACCGATCGCCGATTTATGAAGTGAGATACAAAGTCCCCCCATGGTTGACAACGCACTAGGCTATCGGAGACAACTCAATGACACCACGCATACTTGTCAATTAGCGTGCATTGAGTCAACACTAACAACTTAATCGAGCATCGTGTACGTGCGACCCAGTGCGGCAGATAAGCAACGCCTTTTTGTACGAAGAAGCAGGAAAATAGGGGCCTGAAGCACTGCGAGTAGAACAATAGGGGGAACCTATGTGCAAGGCACCGGTCGGATGTTAGGTTGGAGTACCCGAACATGGCAGACTGAATGATAAGACAAAGTCCAGGGCGCTATCTGTTAAAATAGCAAAGCATACTAGGGAACGCGAACGCAATGAGAAATCTTGAACTATTAGAAAAGGAGTAGGACTAACCCAGGACGTCAGATACTGGTACG,1399,49.11,Saccharomyces cerevisiae
SEQ_377431,ATAGGGGATCCCGTGTGTGATGGGACGTACAGCCATATGGACCCCAGTACCGTCTAAATCCAACGCGGTTCTAATGTATCGGCATTCCAACCACCTACTTGAGCGGGCTAGTGAGGAAGTACTCAGCTTATGAGCTAGATGTTTGCCCCCCAAAAGCCAGACATATGAATGGTACGGGGGCGAACAGGTTTATGAACTGGGCCCGTCGTGTTCTAGTGCGTCTGCACGCGACATATATTTGGACTACACTTTTAAGGCGATACATTTTTTCGCGGGAGTTATGCCGAAGATATGCCTCTGTAGCGACGACAGTCACAATTCCACCTAAATGCCCGTTAGAATTCATTTAGATACCTCTATTAGAACCGGGAGTTCCTAGGTTGCGTTGAAGGACCCTAATCTGGCAACTACAGACAGTTACACTTATCTTTCACAGACTGCGCCGGCTCTGGGGCTCATTCGGATGTCTATGGCTTAACGGAAGCGGTAACGCGCAGGATTAGCGTGGTGACGATTATTTAACCAAGTGTAAAGGGGTTCGTACCCCACATCCGCCCATCCCCCCGTATACGATTCCGGTTGTCCGACCCTGACCTTATCCAACTGGACAAAGGAACGACATTTTGGGATCTTCTGCGTATTCGGCAGTCCCACTAATTAAACCATCAGCTGAAGCTACCAATGAAAAAGATGCCATCAGCGTCAATATTTGCCGATGACGCAAGTTCAAGAACTCTGTTCATCCTTATACGTCTAGTGTGGCTGAAAAGAAATCAAGGGTTGAGTCAAAACAACCGTGTACATTCACTGGGTTAGTGACGTTAGGTCGACCACGCGAACTTCCCCTGGATCTACCTAGGCTTAGATAATCCTGCCCCGTAGTAGTTTTTCGTTTATGTGGAGCGTTAATAGGACTTAGTTCTTTCGCTGGGGGAAATGAAATAGCGAAGTCATTCGAATTGAAGCCGAAACTTGCGTCTAGCAATTAATTGGTGCTAACGAGGGTGGTAGCACAGTACTCTTCCTCATGTAGTCTCAGTTTTTCCTCTATTGTAATTGGTGCCAAGTGCATTACTTATGTGGTGCCAACTCTTGCATTGGGGACCAAGGATCGGGGCGAGGAGCTGTTCTGTGTCAGCCCGAACACTACTTAGGTCCCCGGATA,1165,47.98,Saccharomyces cerevisiae
SEQ_655623,TCCAACCCTGCAAGACCTGAAAAAATCGAGCGCGAAATCCAGCGCATCAGCGTGCACCCGCTCAATGAATAATTGGCCTCCCGGTTCGCTGCGAGGATGCCTCATGAGACACAGGTCTAGACAGGACATTCGACAAAATTGCCTAGTGATACTAAGGTCTGTTGTCAATGGAAGCATCCGACCGGACTCTGGGCAGTCAAGCCATAGGCCGACTTGTGTGGACAGACGTTTATTTTCCATCTCAGGCGTCTATGCCTTGCGAGAGACGGGGTTATAGAGCACGGAACGACGCCAATCGCTCTAGCGCGAGGATCACATTTTAGTAGCCCGAATATTCCCAGGACGTAGACTAAGCGCCACTATAAGGGTGTGCATTCGGCGTTGCACAACTATCTCACGCGAGTACCAACCTCTGCGAACTCATTCCTGGATTTATGTTTAAGATCAACAGGAGTTAGCCGAGGTGCGAGCACGCCATTGTTGCTAGATCGCAATATAATGTCAGGTGACATAGGGAACATATATGACCATTAGTTAGGTACGTTCACATGAATGAACCGAAATACGAAAACCCAGCCCACCCAAGTGGATTCGAGGGTTGTCGACCGTGGCTTCCGATTCGCGTGCAGCGCCAATGGGAAACAGTAGGCGTGCCTAGCTCATGTCTACCGTAAGGGGTAGGGGAGGGAGTGTACTATGTGGGTCCATACAAAGCGTGATGGTACCAGGTACTCCATCAAGACTATGCGTGTAGTTCGCGACTTGTGTTGGAGCTAGTGTTGCACTGGGCAGTCTGCACGGGTCAAAATTAGAGCATACGGAGTGGCCAACGACGTCCACACAGCGGCCAGATAGACGTTCCATAAATCGCCCAGCCTGTCGGGATTATATCACGAGTTCGTGGCAGTTGAGAAAGGGGCGTTGAGCACTAGCCATTATGCCAATTGGGAGGCAATCACGTGGTGACAACCCGCACCATCTGAAGTGATCCCTCGCTCATACTAGAAAGCGTAGCTTTGAATCTGCCACCATTGCAGTCTGGAACCTCATACCGGTACATACAGGGAGGAATTCAATTGTTATTTGGATCAACCCTAGTCGATACGGTACAACTAGTCCTTTTTTACGTTCGCACGCAACGCATTGGATTGCAAAAATAGAACGCTCTAACCCTGCTTTTCCAAGAGGCTATGTGCCACCAACGCAATAATAATACCTCATGTCAAATAGTGGTGCGACACCCACGCGCGATGATTTGGCGTATCCCAGGGCGAGAAAATAGTCGAGAACTAGAAGCCAGGATACCTCC,1309,50.34,Caenorhabditis elegans
SEQ_968623,CCCCTGGACGATCTGACGGTGTATACCGTAGTATCGGAGTATATAGTGCAATGTTTCGGGTCAAGTGGGCCCGATGACATACACTACTTATGGGTGTTACGGGCGCTCTCCGGGGAAGTATTACCGATAAGGACGAGCAGGCAGTCACTTGTGACCACAAAGCCCAACGTACGAGAAGGATGATATAAGTTCATAAAACCGCCACCATCGAGAACTTCGGTGCATCCATCGGCGGCAGATCCGTTTTTAGCGATACTCGCCGGGGTGGAGTATAACTTAAGATACGCCTGAGATTATAGCTACTATTCCTGGCCTCTTCGATGGAACTCAACGCATCCGATTAGAGTAAGTGACCAAATTTCTTCGTTCAATCATGACTGGGTCGGAAGAGGGGGTTATGGTGTTACGTCTTCGAAAGTCCGGCCCGTCATGGATCTTTGATCACCTTCGACAAATTCGCCCGCTGGTGTGCATCAATTGCGACCTTTAGCGATGAAAACGGATTCACGAACGTGTTTAATGTCGGGCTATACCCGCTGTAGTCACTGAGCGTCACAGTGGATGCCTTGGGACCCTGCCGGATATTTACTTCCGGGAACTGATTGGAGTCCCGTGAAAGACTTCACCTATCTGATCCGAAAGTCATATGAGTGTTACGATAGTTAAAATGAACGGTAACTTAATCAGTTGGTTAAGCAAGTCTTGCCGGTCGCCCATGACTTGGTGCTTGGCTAATGATGTACACTCACATTTGCGGGCTAATATAGTGACCGTTACTCATTGAGATGCAGTAGTTCTGCAGCACGATAGGCTTTGGGGTGTCGCTTTGTCATGACCTATTACGATGAG,849,48.41,Saccharomyces cerevisiae
SEQ_746968,GACTGGGGCGTCCGCCTCCCGCGGATCAGTTACGTGACCTCGCGTTCCTTCCCTGCTAAGCCAGCTTTGGGAATGCAAGCCTCCGCCACTTTCAATTGACAGTGTTCAAAGTGTTGGCTTACGGGAGTCGTTTCCCTTAGGAAGCGCTCGGAACCGCACGACCGGAAAGGCACCCCTTCTAATATTCTGAGCCCGTTCCGGCATAAGGAGTAAAACATAAAGCTTTCCATGTTGCCGTTACTCGACCCGAAGGCGGACAAGAGCCGCCTTAAACGCCGGGCAGCTTATATTTCTTATTACTTTAATAGCACACAGCCGAAAGATTCGTGATCCTACCTAACGTACCCTCACCTAAAAAGTGGTGCTCTGCGCGATCAGTCACGTCGACCATTTCCCCGAGAGTGATGCGACATTGAGTTTGATTAGCAGCAACTCGTTAGGCTTTGTGAAGAGGACGCGTACAAGAGGTGTGGACCACTTGGCCCTTGGGGCAGACCGTAAGTACTAGTTAATTGACATTTGAAACAGGGATAGCGGCTGAACAGCTAAGTTCTCGTATGGTATCGGCGCCTTCCCTTGTCACGTGATACTAGTTGTTTACTAGTGTGCTCCCCCGCCATCGGGATTGACATGGTCAACTCAATAACTTAACACTACGACGATTTCCATTGAGCATGTCGGGCTTCTAAAGGTGGCCTACCCGATGCTTCGAGCAGAAAGAAGGCTTCAATAGTATATAGGTTTGACTAGATGCTCGTACCCCGGCTTACTTCGTCCATTGATCTCTTCGTCAGACCACTTCAACAGATAGATGTACCATTAGAGTAGAAGTGCTTCACGAAGAGTTCCTGCGACAGTGACAACCCTAGGTCTATCGATGGTCGTGGGTGCGTGTCCGTCTTGGCGTAGTGGATCTTAGGCAATCGTATCTCTGCCCGCACAAGACACAATGCTGCGTTCCCACAAGCGGTCGTCGCTGTTCGTGGGAGTCAAAATCATTGTATCAGGCGTTCTACACAATAATCTATAACGTAGTTGCAGCCCTGGGAGTTCTTGGGGATGTACACCCGCGGCCCATTGTTTCTCTTGGTTAAAACCGCGACTTACGGCGTTACACCACGAGGATGTGACAGGCGCCTAGGACGAGTAACACCCTGAAGCCGAGATTGAAATGTTAGCTAACGCTTGTCTCTACTCGTACATTTGTCAGTATCCATGACCGATTCTTTGTAACAGTCGCGCCTTTTAAATGACCCGATTCAACTCAGGTTCGAACTGAACTTGTGTAGTGCCAACGTAGACGGATAACCTGGTGTAATACCTGAGAGAACGGATAGTTACATTTGAACGTATCAGA,1357,49.59,Saccharomyces cerevisiae
SEQ_979918,GCGGCCTCATCAATCTCTCAGCTCGTCTAGATTTCTGATCTAGATGCTTATACTGCGCTTGACAATGATTTGGATACGGCGCCTCATGGGGCTTTAGTAAACAGAATCGCGATGGTCTGCGGTCGCGGTGACCACATTAAACATTAAAACTGAGATAGCCCCCAATAAATTGTGCGCGTCTTTTCAAATTGGTCGCTTCATCACCCGTCGTCAATGCATGTACTACTGGTAAGAATGATCAGACCTAATCATACGTACACGTCATCGATTCGTTGTCAAGCACGGGGTCCGTGAGTGGGAGAAACTGAGGTGCCGCGCGTGCCATCGTAGTCGGACGGGCTTACAGTCAATCCCCGTATACTGGTCCATACCATGATGCGGCTACTAACTCCATGGTTTCGCTTGATAGGGAAGAAGTCTCTTAGCCTAGGCTCGCCGATCAGTAACTATGGAAGTGGACCCCAGTCGGTAGACGATGAACGGGCCCTGCTCAACAATCGACTAAGGATCCGAGCGGTTAGTAAGACAGTGCAAGGATCAAGGCTAAATACGTCTGAGTCCTCGCCTACGCCAGGGAAACCCCTGGCAGCGTGCTTGGTACGTCGCTTAGACAGCCACTGGTTGTCCGAGTAATCGACTTCATGTGATGATTTTATGGTCTGGACGTCCCGGAAATTTTCCTGCACAGCCCTGCAATTAGCGTGGACTATACTATGAGGCATCGGGAACTCACGGGATGATAGTGTATACGACGCGATTGGTATCACGCAGCGCTGGCTCCGTCACGTCAAGTCACCCGACAGGAGTATCACGTATGAACATGAATCCTTAGAGACTAGCTGCAGAGTACACTCGCTCAGACCCAAAGTTTAAGAAATCATTCACGGCTATAGGTCAATCCTTTTTCTGTAGATGAAATCATCGTTGCAACGGTTCATGCGGTGGAAGCTCAGTTCGAACTCTGAAACTAGGCAGGCTGCACCCGCTCCCCCGCACGGAGTTACAGCAGCGAGACCAGGAACCGCCGCAACCGTTCCGTACTTGCTCCGACCGGAGGCGACCAACCGTGTTGGCATGGCCGTCTAATGTTACTCACCTTTCAAAAGGACTTCCTTAACCCGAAAATATCGTAATGCCGCCACGACACGATAAGGAGGTTATTTAGGTCGTTCATGTAGCGAATTCTGGTCGAAACTTTGCTCGACTTCACCAAGGCATTGTCGCCACGCTGTCGTCACTTTCTGAGTGGCTGACTGTGACTATTAGTGACCATGAGTTTCGTAACTTCAATGACCGACGAATTGTTAAGGAGTTGGATAGGCTCAGCAGGACACTGCCTAAGCCAATATCTGTACGTCATGGGAATCATGAACAACGTAATTTTTGCCATCGCAGGAAGAAACCGGAACAGGTTCCTCATATCAGGTCGAATACACGGTTGCATTTTCCGAACAGGTCCCGCGTCTTTTTGCAACACTACCATACTCCATAGTCCTCCTGGTTGCTTTTTTTATACTTATGATAAGACGCTTCAACTCACGACGATGGAGTAGTCCTGGCCCGCCGGGAGGAGTGTCTTAACTCCCCTTAAGATCCCACCCGGGTGACATAACCAATTCGTGCCACTTCCATGGAGCCCGGGATTTCGACAGCTGTCCTTGTAGGGCTCGCATGCCGCCG,1680,50.42,Caenorhabditis elegans
SEQ_272308,GGCCAATACCAATGGAAATGCGATCAAAGCGAGATTGTGTCGGTGTGATGCACCAAGAGTTCGCGTCCCGAGGTTCTTGCGTTTTCCGTATGTGCTAGGAGCTCGCGCGGCCACCGAAAGGCGGTCAGTGTCGTAGTAGTCGCCTTACGCCCAGCTTACGCTGCGATGCAACGTTATCGAGGAGGGAGGTGGTCCGTGCCTCGAGTCCCAAGAGGCCGCAGCGATAATAACCAGGTGTACCATTCCTTGTTGCGAGTTTTGTCCGCTCCGACCTTCATTAGACTAACTAGAACGATCGTGAACAGCAACAGTAGAAACAAATATGGTCGCGTCTCCGTGTGCCCCCCGAGGTGCTTCGGACCTGCACTCCCAACCCCGTTATTTCGTGTCCAGTAATGGGTGTATAGATAACAACTTCGGGCTTCGTGCGGCAGCTCCCGAGGGGCAACGGCCCGCCTCGTGATCTAAGGACTGTTGACGCGAAGGGATCCGACTCCTTGGGGTACTGCATCGCGACATAAGCGTTTCATGCTTCTAGATAGAGTGGGATGCCCCTTGGGAATGATAGCTGTGTACCCAGTCGAATTCTAATGGGTCAAGTCTCTCTACCAGAGGGGAAGGGGTCAACAAGGAAATGAGGAAAAGGCTAGTTTCGCCCATTTGGACGTGTACAATTCTCGCCTGGACAGGGGCCGCTGATGGCTAACAAGTAAAACGGAGCTTTACAACCTGGCAATCATTTTAAGACCTAAACAACGGACCCTTGAGAGGGTTAGAGAAGCCATAAACTCCATCCACGGGCAGGTGTTAATAATTATGGGTTTAACCGCTTCGCCAAGAACGTGATCCCTTTAAATCGGCCTATCGACCTTGCTGGGTATTCTTAAGGAACAGCAATGTAGGAATCTCGATACAGATGCGCACGAACATTCGAGTCGCATTTTTACCTAATGTGTCTTGCGAGGGCTCTCAAGCTCAGGGCTTCCCTGCCGTCCATACCATGCACTGGGTGTATAGCCCGACATATATGGGATGCGCTTGAAGGCGTTTCTAAATGCATGGCTGTGTCTACATAGGGGAGACTCATGACCGGTCGTTTATAGTATATTAAGGTACGCTGGCGTTGGGTGGGACATAATGTAGAGAGGGGAGCGAAGGGGATGGAAACTTAAACCGACCTGGCAGAATGTATGAATCGGACCACAGGTAGTCCAGGCCTTTCCAAGCCTCAGAGTAA,1237,51.66,Escherichia coli
SEQ_816467,CTACCTCAGGCAGGAGATGACTAGCAGATTCGAACGTAGCGAATTTTCATTCCGTGTACCAACGGCGACTCCTCAAGCGAAGCTTAGGGGAGTCCCCAACAAGCATGTGGTTACAGTCCTGCCATATGATTCTGAAGTCCCGAGTTTATCGCTCGTGCTGAACCCCGATTGCGTCTGACTATGGGGTAATAATGGCTCTTGGAGTCGCGATCGTGCCTATGGGGGTCCCGTGAGGCGAGTTCACACTTCGGTGCGTCTCTCAATCAGAACCACTGGGCCCTAGCGATGATTAGGGGTATGGATAATTAGTCTTGCTGAAATAACAGCTGCCTAAAAGATAAAAGGCTTTTGATGGTCTCGTTTAAATAGCGAGGTGCTTCTAGCCATCCGCAGTGCGTCAGTATATGTATCAGTCCCTCGGCTAAGTGGCAGCACGAGCTAAGGGACTTTACCAATTGGTCAGGCACTGAGCATTCAAAAGTGATGCAGGGTATATCCGGTATAGCTCAAATAATGTACTTAACCATAAGTCCCGCCAATGTACTTATCTTTAGATTCGTTCGTAGATGAGGGGAGGTTGCGTACGGGGACAGTAATACGTAGACTCCTT,610,48.69,Homo sapiens
SEQ_908106,CTCTGGAGACACCTCCGGTACCGCAGGAGGTGCGTGTGCCACTACGACGTTTTACACTTCAGACATGACGCGTGTTGACCTGGATTGTTGACTATCCAAGGCGCTACGCTCTTTCAAGGGACTCAAACTGCTCATCTAGTCGAATCGTAAATCACGTTGGGATTGGGGCGTTGCTGAGTGTCGAAGCAAACCTTGCTGAGTAGTTCAAGCCGCCTATTGACTGCAGCGCATGATCGTGTTCACTGGGAGAACTGCAAGGATGCGCTAGTCTCATTCATGGGGATCCAATTGTCAGCAGCGGATTTAACATCCCCATGTACGTAAGTGACCGGGGGTTTAGGCTGAGGCTCCATGACGCGCTCGCGTCAGAAGTCCAGGTTGGGATACAGAATTCTTACAAGACTCCTCGTCAACCGATCTCCTTGTCTGGGGATTATTATAACGATTAAGAACACACGACTGCACGTTCTATTGTTCGTCCAATTCCAGCTTACCTAATATAATTACTACTCGGTGCCATAATTGCTCCGCGGCGCGAAAAACATCCTCCCTTGGTAACCGACCCTGGGTTGTAATCTCTGACGGAGGTTTAACATCAGTTTCAACTTTATGTAAGACGTAAGATTGGGTCCACAGCGGGATGGTGCCCTGCAGAGCGGGGGTAGGCAACCGGCGCTTGCAATACTTCCCCATCACTAAAGACAGGTGGCGTGCACAACACTGTGGGCTCTGGAGTAAAAAATACGTATAAGTCCCCATTCAGGGTACGTAATCAGGGCTCAAGGCTCACTGGACTGGAAGGGGTTCTTATACAAATAGCCCCGTCGCCCTTGTTATCTAGTGGGAGTTTCCCAAAATTCACGAAACTTTACCTCCGTCGTGGTGGGGGAGCTGCCATTAAGGGCAGACAGCTCGCAAAACTGTTCTCTGCACGTGAGACATATTGCTCGCTAGGGGTTCATTCTTATGCATTTTCCTAGTGTTGGAATTGAACCTCTCAATACCCCGATGAATGATTTGTGGCGACGTAAAAAGATTCAAAGCGTATCTCTCTAATAGGTACGCGAAAATTAAGCACATAGAAGGCAGGAAGTGCACCGCGTCAACGTTTTCGCGGATTAGTCGAGACTATGCAGAAGTCACTCCCAATGGTGTGACTCTAGTCTACACGGTACAGAAGGCGGGCGACTACTAAGCTACTGGGCACGCGGATTTTTAGGGAACGGGCCTCATCCCCATAGTCTAAAGTTTTTCTCGTCGTCCGGCGGCGGTAGTGGCCCTACTATTGTCCCTCGGCTTAGTGGCGCCGTCACATCGTTAATGATGTGGCTGCCTGCCATAATTATAGTGATGGGGCCTTCCGGATTTTGTAACGCTCGAGGTCGAAATCCACCTATGCCCAACTGCCCACTGTATACCTTCCTGGGCGGAATGTCTTACTATGAGGGCTTTCGACCCCCAGCTCGGAATCGCCTGTGCCGAGCGCTTAGAGCACGAAGTTCATGACATATACATGTGGAACACCCAAAACGGGTCTTCCGCGACGAATCCCTTCTAAATGGTACGTGGTAAATCCTTCCACCGGTAGCGGGGAAGATGTCGGTTTTTGTTCAATTTTCGCACAGCACACCTTAACGGGCTGTTGTAGTAGAGTTGATTAAATAGCGTAAACGATA,1676,50.0,Drosophila melanogaster
SEQ_459386,ATGTACGTGTCATCTGATCGTCAGTAGACGCACGACTCGATCGACGTTAATCCTCGCCCCGGCCGAACCCGATAGGGGCCCGTCCACTTAACCACGGTCCCCATACCATGCTATCGCACCAGGGCCTCCAACCGGAGTACTTACTTGTAGATTACTGTACCCTTCACACTTGGGCATAGATGTGTCGCGGATCCGTCATTGACACTCTTTCAAGATGCACCTCTTTCGTCATAATGAGCGACGCAAGGCAAATGTCTAGCTGCACATAGTGTTAGCTCCGTCAACCGTCAGCAAGATCGCTATATTGTTCCGTTACACGTCCCAAAGATCAGCTGTTGTGGGAAGACCTCCGGCTTGTTCAGAGGGCTGTGCCATTGGATCAACTAGTGCAGCTATTGTAGCGAAACAAGAAACCATAAACCGGACGCGGTATATATCTCAGCTGCGATTGTAACGGCCACTTAGCTGGGCTATATTCTATAGAAAAGCTCGTAGTAGCTCTAACCGATGGATCCATGCGCCATCGTAAGATGCCGGTTGGGTTGGTTGTGGATTGCCAACGGGTAATATAATTACCCTTTCGGATATCGGTTCTAGAGGATCAAATCTAATGGAATACCGTGGTCGAAGGCTTTAATGGAACTCCTATGAACACCGCACTTAAGCAAATTTACCGCATGGCGACGAACGGGTGAGTGCGTCAGAGCCACCATCACTATCATGTCTAGCACAGGAGTAGCAGGCCCTTTAAAGACGATGACTATAGCGAGAAGAGGTCCGAGTAACTGTAAGAAGCTTGATGCTCCACGCCTGGTGAACCATCGCCGACGTATATTCCTCGAGTACTATCGAAGTCTATGCGGATAGCCAATCGCTTTATCCCTTGCAAGAGGCCCGATAACATCAGGTACGGGGTGCTAACTAGCCATTAGTATATAGCCCGTGCCTCTACCAACTCATGCAGTTGTAGCTATTATTTTGGCCTTCGGGTCGACACCGCCGAGGGTAGAGCTGTTGACCGCAACGGCATCAGCAAAAGTGCCCGACTGCAGACAGCATCGAACGCTCTCGTTCTACCTATTCTACGCGCGGTTGTAGCCTCAGACGCCGGTGAAGGGCGGACCATATCTGTTCCTATTCATCCTCGTGCGCCGCGAGAGCATAACAGTAAGACCGCTCCTAGTCGTTCACACCAAGCTCTCGTCGTATATAGTCCGGGAATCGTAACTTAGGTAAGATCGC,1242,50.64,Escherichia coli
SEQ_254917,AGGTAAACCATCGTGAAGTGATGTACTGTCTTCGTACTCAGTACATTAGGGCCTTTAATACGGCTACTATTTCGGCCCCTTGCCACAGTAGCCCCTCAGCGATGGTACAGGGATGCTTCATATGAAAATTGCCTCGCGTCCGTCGGCTAGCAACACTGTGTGGTCCGCTCAACCCGATGGGGGAAATACCTTACGTTCCACGTAATCAGCTAACAGCTGGCCTGAGTGTAGGACGGTGAGCACCCAAGCATCCCGCCCCTTCGACGCACCGTACTATATAAGCACCCGGGCGCAGTATTGGATCACAGACCCGCGTATTCGTTAAATGAGCAGTGGCAACTATAAGACGTTGTGCATAGACTTGTGCCACTATGTATGGTGAGTTCCCGCGATGACTTTTCAAGTCAACTTCGCTAGCTTATCTAGCCTTTCTGTTACGTATGCAACTGGTGCAGTTGGAAGCAATTCACTGTCGAGCTTAGAATTTAGTTGTTCGGCTCTCATTTTACTTTTCATATCTATAGACGTAAGAAGGGGCCACGAGGTTTGACCAGAGCTCCCTCAACGCGTGGGCATCCCCGAAAGCCGAAAAAATAGTCACTTAGCCAGGCCCACTTCACGCGTATGAACGCTCTTGTCTACCGCTATCACCTCATGAGTGTTTATTAAAAGTTTCCGGTATCCTCTTCGGAGCACAAGGCAACGTCGCTTATTTAATCCAGATAGCCACCTTCGCGCGCCTTCTGGCTGTGGGCCACGATCTCCAGAAAGCATGCAGGGCCAGTGTCGGTGTTGGAGACGAGAAATCTGCACAAGCATGGCTTGGCAGCCTGGGTACTTTGACCGAGGTCCGAGGTGCGCCACGGGCACCGGCGGCTTAAATGCTAGAAGAATAGCATTGGGATAATCCCAACTGGCGACTGATCCTTATACCGAACACTCGAGGCCATTATGCTGATCAACTGCGGGCCGGGAGGGATTGAGCCCCAGATATGCCCTCCGCGTGACTCCGCTCGGCAGGAACTCTAGATCAGAACAAAGGAAGGGCCCGGCGAAAGGCAATGCGCCTTTCCCTAGTTAAGAAGGAATACCTCTCAAGTGGAACGCTCTTG,1112,51.8,Escherichia coli
SEQ_580631,TAGGAGCCGCCATGGTAAGGGGTTTAGCGCAGCACCTAAATTTTGTCGGCCATAGGACGCCACCTCCCCCGTCCCACGACCCTTCAGTCGCGTGTTACTTAGCCTTGAAACGCGATATGACTTGCGTGACTAATACCCGCTCGGAGGGTGGCCAGGCTAGCAGCTTTATGCATCTGATGGATTGCACACGGCACCCTATTCTTTCGGCAGAGCTCGACCAAACCCACAAACGATGGCCCAGGATTAGGTTCCGGTAGGACCATGATAGCAAATGCTGCTTCCGGCATAACTCACAATGAAGGCCCCGCAAGGTATGTGCACACTCCACCACGGCTACACCGTTTCGGATTCCCATCCATCGCGACCGGTGACGTTTGCGCCTCAATCTGCCACCGCTATCGTCCGTGGAGTAGCAAGTTCGGACTCTCCGTTCTGTGGTCATGTGAAGAACACTAGCGCAAGGTGGTTATACAGCCTTGCAATGGAGCTACAAATTGTCCTTCGTAAGTCTCTGATAACTTATATGCGGTCCGAATAAGCCCATTCGTACGTTCTACTAGGCAACGAGAGGTGAGTTTAGGTAGCATCCTAGACTTACAAACCACTAAGGACGGGTTCGACAAGCAGTTCCTCTTTACCTCTTCCACCGTTTCCCAGACTCGACGTGTTTGTACGAGAATGGCCCACTGAGCGGTTAGATCCAAGTATCCGTTGGGGATTTGCGGTAGCTCGTCAAACAGGCAAGGGCTGGCTCAACTGACGGTCGAATGCTGAAGCGATACCTGTAGGCAGCAGCCTGTGGACCCCGTTTCTTCTGTCGCACGCTGAAAGCTCGTATTTTAGATAAGTGTGTTGGATAACCCGAATCTTCTAGACCACCTACATCAGCTCCGGTGCGGGTTGGTTACAACATCAGTACTTGACCCCTGCCCAAGGTGATCCTGAGCGAGATGGCTATAGTGGGTCGAGTCGATTCTTTGAGAGAGTTCAGAGCCTCGCCACTTACTGGGTACTGCTAGCTGCTCTGCAGTGCAGGGCGAACCGCGGAGACTACTCAGAGGTCAAGCGAACTCTCCGCTATTACAGACCTCAGTATGTATTGCAATACCAGTAACGTAAAACTCTAGCACTCCCA,1135,52.42,Saccharomyces cerevisiae
SEQ_564219,GCGTGCGGATGATATTTTTGAGCATAGCGCATTGTAGGTGCCTGGAGGAAATTGTGGGAATTTAAGCTGCACTCATATCCCCAAAGGTTGGTAGGCCGAAGGAAATAGTCTATCGAGTGTGCATTCCGCGGGATGTAGATGGCTTCTACTTCGTGTCCAGATCCCTTCAGCCACACTAGAAGACGAATTTTAGATTAGTTAACAGTGTGCATTTGAACAGCCTTGGTGGACCAGTGTAAATAGAACGCAGATTCGAGTTAGACGCTTCGGGGATACGCTTACCATTCACGACGCCGTCCAATGGCGATTATCCAGTAGCGCTATTAGCACTGCGAGTTAGACATTTGGTGTCAATGCTGCATTAGTTACGCCTTCAGTATGCTTCCGGGGCCGGCAAGTGTACAACAAACACGTTAGATGGTCTAGTCACGCGTGCCGTAAGCCTAGCGGATGAAGCCAATATCTGGTCCCATCTACGAGAGGCGAAGATTTAGGTAATCAAGTATCTCCAGCAGCGTCAGGAGTGAGCCAAGCCGCTGACTCGTGCCCTGCATGGCGTGACCCCCATAGTGGTCTTCGAATGTGTGTTGTGTATTTGGTGAGTTAACATTTCCTGCGGCTAAGCACGTCCGAGAAGTAATAACCGTGTCTCAATTTCGCCCATACTAGGGACACGCTTGCGTTTTACGCAGACCGACGGAGTGGGCAGTTACGTTTTAAAC,722,49.31,Escherichia coli
SEQ_744223,ATACTGGTTGGCGTGAAATCGTTTAGTTTATACCACGTTACCTGTAAGGTCGATTTAAAAGCCAATAGTCCGACCTCACAATTTATAGAACTGACTTAATTTGAAATATCCCGACAGGGTAAGCACGCCGACTCCTTCTGGGTAAAGACTGGTCCTATTGATAACATGCGATCGGGAGCGTACCGCTGAGGTATTTTCGTTTCAAAACCTACTTAGGCATACGCGAGGAACATCATGCAATTACGGCTGTCGAGATAATCTTATAGGGCTGCCTGGGTACTCTCCAGAATGTATGGGCTGCACTAGCCGTTTAATAGGTGGGCGATAGGCGGGAGCAGTAGATCAAGAGGATCAACAGGTAGAGATGCATATGAATTATTGTGTACGTAAGTCTACGTCCTTCCGATGAGTTCCACTCGTTTCTTCTGGGTGATTACGAGTTATGCCATATTTGCAAGTGGACACAATGAAATTAGAACTAGTCGCTTTGGTCTGGGGTAACTCATATCGCCCGTTCAGAAAGCCCTCCCACCAGGCGTGCCCACTCAACCCATGGCTGGAGCCTTGGGATCCGCATAGGTATAACCTCCCTGGCAACTCCTGAGACTGATTTAGGAGCGTGGCCGCCGATAGTTACAGCTGCCTTTAGTGCCTAGCGTATGGAATACATCTACATAGGTCGGAAGGTCCGCATAAATCTCAGTAGATATACCCTGACAAACCTTTTGAAACGACTAGAGCATCGGGGTGCGGATATAACGCCAACTGTCGACGCACACTAGTGCCTCGTGCGGAAAATCTTTGCAGGTGACTGAATGCTTATATACCGTGACGGCCACCTAGCGAAGAAAACGAGATTGCCTAATATGCGCAGGGGGCTGCCCAGCCACGGTTAGCGTTGATGTCTAATTGTGTACTAAGTATCGCTCGTGTTGACGAGCGCGTCAGCCGATGCAAAGCCTAGTTTTACAGCTAGGTACATGCCCCGCCTGTTGGTCACTCGGGTAGCATATAGACGAACTGCTGGAGTTGGCGTTGTCACCTCTGAGAAGTAATTTGGTGACTAAGTGAGGATTCAGACACAGGGCATTCGAATCTACACCCCCTCCGAGTTAAGCACGCCATATTACGAGTCATCCAGTGGAGTGAGTTTATTC,1157,48.4,Homo sapiens
SEQ_808206,CCTGAGTTGGGCCTCCAGGAACGACTCGCCCCCGACTGAGGCGTAATAGAGAGATGTACGTGTGCGACACGTACTATAGCGATTTGCGGATATGGCACTAAGAATAGAGAGATAGTGAACCGTCGCCAAAGTATTACGCGTGCCTGGCTACTTGTAGATTTGGTTATCCCGCAATGTAGGCCTACATACGCACATACAGACGACCCTGATTTTCACGATGAGACTCGGATTGACAAGCTTGTTGCACCGTCTATCTCGTCCCCGATGGCTGGGTTAGATTAGTCTACTAAGCGCCCAGCTGCTGCGACAAACCGCGGATTATGTGTCAAAGTTATTGTCGGCCTGGCTGGACAGCTAAGGCGTAGAATTCCGATTTCTAGCGGCTGGCTGAATACGACTGAGACTGTGT,409,51.1,Escherichia coli
SEQ_194685,TCCATTAACCAGCTCCTTGTTATCCAGAAGTTGATGGCACCATTCACCTGAGGATAACGGTGTATCATAATTCACGTTCCAAACGGTTCCATGCGCATTGTCTGCAATCCTCCGCCAACATTCCCAGCGGTGCTTCTCTCATTCTCGTAGGCAACTACGTTAGTGCTTATGCACACAAGCGTGTATAGTTCTCGCCGTACAGAAATCAGAACTAAGCCTAGGGTGTAAGGGAAATCTTTGTTGATTCCTTTCAACAGCAAGAGCGAGACCTTTAACAGAATAGGCGGTGCCACTTCGGAAAAGCGTTCCCCTACCTGACCAATACGCCCAGGTCACGACCCCTGCTGTAAGGAGTTAATTCGATTTATTATTGGCTAGCACTTCTTACCACTGCCCACGGCCTGGCTGGCCACTTGCTACTGACAGCTACAATATGCGTAAGTCTCGATTACACTGATGTCACACCTGAACCTCTCATTATGTCGTGGTGCGCCATTAGCTAGTAGTACGGACTGTTGCACATATGACCGTATAATGCGGTCGTGAAAGGGCGTTACACTGGCGTTTTTTCCTGTGGAATCCAAGGGTTGGGACAACTTCGTCTTTTGAACAGTCATTAGGGTGCAGCTAAGCCGCGTCATGTCAGCCTCCCAAAGCCTGAATGATTCCCATGAACTCCGGAGGTAAAGAATTGGGTGGCACAAGGGGTGAGACGCTTAACGGATTACTTAAGGCGTAATTCATAGTGAGCAAAAAGTTGGGATAAGATTCCTCGTCCCCATATCTGTTTACGGGCTATCAGCAGTTCCCTCGTACACATGGGAATGTTATTAGCGGCGAATGTGCGACATACTAGCTCCGCGCCCGGTATATCTAGAGGATAATATAGAATGCCTTGTTGCGGGTGTAACCGGATAGACACCTTAGACACGTCTATTGCGATGACCCCGTTGTAGAGATAAGCAAGGTATGTCATACGCCGGCTGGTTTTCGAGGTAGAATCGTGAAAGAAGGCAATATAGTGGCTGATGTTTTCCTAACGTTTAGAAAGAGGAAGTTAAGTCACAATCCCGAAATCGCTTCGTGCCCTCTGGCATATCAGCGACGGACTTCGCTGGATTGTGATCAAAGGAGGAAGTAAGCTCGTATTCTATTGCCGCGACTAAAACTGACGTGACAGCCTTTGTGGTATAAGTATCACAAATCCTCCTGTAGAGGAACCTATCGACTGATTAAAAGATCCCCGATATTAGGCCCGGAGTACAATGCGAGCGCGTGAACCGGTTTGATGACATCCCCCAAGTTACTGCCACATCGAGAAAGCTCCTAAGGACCGAGCCATATTGCTCGGGCCCCCGCAGTGCTTGCCACAGATCGTTCGGAACCGCTCAGCATTGCCTCATTCCCGATCCAACTAGGCGTGCGAGCCTCTGAAGTTTACTTGGCTGAACAGTGCGTGCGTAGTGTGGCAACTTGACGCGCGGGAGTAGAGGTTTTGATTAACACCGGATTAGCGCTTGTTGAATTGGACCCAGTGGATTCGCGGTCCGGTGTAATGAATTCACCACATGAGTTCTATTGATGGGATAAGCCCTTGTGTTCCGAGCAATTTGGGTTGAGATCCTCCATATTTGTCCGTGTCGTGCTCATAACAGTGTACCCTCAGCTCCGTCGCAAACGTCTTTACTTTTCAACGGCCAATTACACAGTTCTACAAACGAGCTCACAATGCGCCCTTTCGGCATGCTCTGGGACGCATCACCCCCTGTTATGGCCCATTGCGACCCAGTTCCACGGTTATAAACTCGAGTTAAGGCCAGCTATAACGTGTGCCGACCCCGTTTCCTGGGTTTGAAGAAGTTTCAGCTGTGTTTACCATCCAGACGTTACTCTAAACGCACTTCTTTATCAAGGAAAAGAACGTTTT,1927,48.68,Mus musculus
SEQ_380659,GGAGGAGGACTAGAGTGAGTTAACCATCCAGCTTGGAAGGACTACTTTGGTATAGACCCCCCCATTGTGGCCCACATCCTTGCATCGATGGTAGCATGGTCTGAGTAAACCCCATGAGGAAGACGTCTCGGCATAATTACGGTTGTAAGTCTTACGGTCATACTTTAAACGAACCACGAAGTGTGCAGAACCATAAGGTCCGCTCTCAGTGGCGACTTAATAATGGCGAGGCATTACAACTGAGGGTCGGTCAAGGCCCGTAATAGAGTCGGCCGGGGGCCTCTTTCTCTTTATGGTTAGAACGTCCAGCGTAAAACCCGCAGAGCTTAAATTTGGGATCCGTAAATCTCGCACACGGGTGCACAGCGTATCGTCGTTGGTTCGGGCATACTGGAGGTTAAACTATAACATCAGTTCTAACGTCTCTGCTTCTTTCTTTAACGCAACCCCGCTTTCAAGGGTGTTAGGGGTGAGATAGTAGACCCGGATCTTTTTGAACGTTAACGGGCGGCTACGGTAACCGCCTAGTCAGGATGACAGCAGGAGAAGCCACGCGATAAGCCAATGCGTGCCCATCAGTTGTTATTAAACTATATCAGTTGGCGCAAGTTTAAGGACCTCATGGTCATTGTATCGCTAGCATTAGCGCGGTAGTAGCCGAACCAGCACATAGCGCGGGATGCTACCTTCCCCTCATCCGTCTAGGTTACACACAGCAATCCGTTGTGTTCGGGCAAATTGGACACACGCATCCATTACCAGCAACGCCTTCAAGAACGGTTTGCGAGATCATTAGTGCGTTTTGTCATCCTGAAGCTGCGCCGGTAACCGGGCCCGGAACCGTTTCACGCAACGTCTGGTTGTACAAATTGAATTAGTTGATGGTATTTGCGATCGGACTATCGTACTCCGGCTAGAATAATGAGTTTAACGCTCCTTGAAACCGGACCTTTACCACAGCGAACTAACAGACTTGCCGGGTAAGGTGTTTGCGTTTAGGCTACAGGCTCGTTGTTCGAATCGGATTTCGTCGTTGTGCAACGCATCCATGTAACGACTGGTAGGACTCTGGCTGTTCGGCTGAGTAAGGGCCTGCGCACGCATACCGAAAAACAAATGCATCCCTCAACGAGGGACGTAAATTACATACGCGCACCTGCCTCACAGCTTAGTTCTCGCGTGTTTAACCGTATAAAGGTCGAATGGAGATTTCACATGAGGGCGCAGTTGGAATGTTTGGGCTTCGACGGCACGGAGATTGAGAAACACGTGCAGTCGGGAACCTAGAGGAACGCCCGCAACCTATAACGCGCTACTTTAGCGCATGAATAGTGGAGAGAGGGTTCGTGACGGCAAGCAGTACGCGTTACGAGGTTATCTGTGTCTGCTTTAGAAAAAGAAAACGAGGGTTTCCGCGGCCCCCGATGACTGCCTTGGTCTTTGAGGGACAGGAATGGAACCAAGGGAAGAGCCGCCCTATCCGGCACAGTGAGCAGAGCACGGGGAACTGCGCCTGGGTCAAAGCAATACGCCGCAGAAACAGAAACGGCCAGATACTCTTGGCTGGTATAACAGGCGAAGAGCAGATGATGGTATCAGTCAAAGTGTTCGTACTACTGGATTCTCAAACGATGTCGATAATGAGTCGCCTTCTCCGTTCTTAATTAGTCACAACTCAAGCTGACACGACGTCGGGACCGTTGCAGATTAATACTTTACTAATCGATATACGTGGCATGTGTTGAATACTGCTCACTTGTTCACTAGCGCGCAAGACACGCGCTGCAGATAAACGAGCTCACTCCTCGGAATGCCGCGGGGCAGTCCTGCCTGTAATATCCACGAGCCGGCGACAAAGCACTA,1863,50.67,Drosophila melanogaster
SEQ_701218,AAAATGATAGAACTGTTTGCGCGCCCGGTGGCAACAGCTCGAAGTGCCTTTGTACTAGGCGCCATTGAATTCCAACTAGCCGCAGGGTGGAGGTTATGTCCGTACCCATTATGGGGCGGGTTGCAGATCGAGGCCACCTAGAAATTAATGATTTAAGTTGAAAAAGCTGTTTCCTTCCAAGTCGACAACTCTGTGCGGGAGATGTGATATCGGGGAGAGGTTAGTCGAAATTTGACCCCATTAGCTGCTTTGTCAGTCAAGAATCGGTTAATCTTTCGAATGGTTGCGTAAGAATAGGTTGTTTGGTGGCCTGGGTATTGGGGTCGATCGGATAATTTAGTACAAGCATATGAAACTGTAGTGCCTTAGCTCGACGTGACATCTAAGGAGAGCTCCTGGCTTACATCTTGAATATCATCATTGTATTACTCTCCAACAAACCTTTTGCAGTTCTCGCCGGCCGGGTTTTATTAGCATCATAAACCTACGCTCCCCGCATTACGATTGAGGTCGCAATTCTAAATATGTCCTGTCCCGGAATGTGGAGTTTTGCAGCCGAAATCCCCGAAAAGCTGTGACAAGACTACCCGACGTCTACTGTGTATTCGGGGGCAGCGAAAGTCACTGTGGCTCAGAAATTTTACCCTGCGGAGTTTCTTGGGTGGAGTCGCCCGCTAGCTCCTTATGCAGTACAAGGTAGCACGCGTGAGCTCATTGCCACAAGAAGTAACCCATTCAGGGACATGCGTCAAGGCGGGACAGTTAATTGACAATACAGATACCCGCAAAGTTGTTCAGCCGGAAAGATATCCGGTTTGATAAAACAAAGCTGATCACAACAGTGGTAACAATCCCAAGTAAGGCGCGCCTGGGCTAGGCTTAGAGAGCCTCGAGTACAGACGATTCACGAAGAATGAGCGACCCATTTGGAACCCGAGACCGACCTTCGTCTAACACAGGTTCGCAGTTAGGTCTTTGACGCAGCCTCCAAACGCTATAATTGGATGGTTATGCCACTTTGGCCGAAGAGCATTGGGCGGTGACCACAGCGCCCCCTATGCCACCTAAAAAACAATAGTGGGCGGTGTCTACGGTGAAGCGTTCCGTATACTATTGTGGCAGCCGACGCGGAGCCGGACAGACAGGTGTTTCCCGTCTGCTCACGTAGTTCCTTGACATCACGGTTGGCGAGCCCCTAATTTACCGGTAATCGGCTTAGGGTCGACGTGGACTAGCTAAGTTTTGTTTTAAGTGTAGACTGCGCTGGACTAAGGCGCGCCTGCATACATTAGATAGATGGTCTTAGAAAATCTCAAAAACAACA,1324,49.02,Homo sapiens
SEQ_538626,AACTACACGTTCAAAGGGTGTCCCAAAAGCGTCCAGGGCTGACGCAGGACCGGGTCTAACGCGCTTATTCCCTACGCTATGGTCAACGCCATTCGCGGAATACCCCATTCCTGTTGTTAGCCTGTGCTCCAATATAAGTGAAGGAGCATGCGGCTTCCAATTGAGGTAGAAGGTTCTTAAGGGCCAAGTCGAAACCCTCCCAGCAATCTGCCCAGGCGGATTGATGGTACGTCTCCCATCGCCGACGGACATCGTATCCGTCTTCATGACTGAAGTTGGGTAACTCCGACACAGGCACGAGAGCGTGCTCAGAGGTTGCCAGTCAAGGTGTGTAGGCGACAATTCAGCCATCAGCGATCGTTAGAATCCTGGCTAATCACACGACAATGTAATCCCGCCGGAAATAGAGGGCGTGACGATTTGGTCGTATATACTGCAGCGCGGGCTTTGTAACCGGGCCATTGCCAGTTGTTAGCGACGACCGTCAAGGACAATCCGAGAACTCTCGGTTCAGCAGATCTGCTATCAACTCATGCCAGCCCATCCTCTTGTCCGGAATCTGATTTTCTATTCGCCATTAACTCTGGCTTGATAATGGCGTGGATAAGACGCGCTATCCTTTAAGCTGAGCCGAAGTGATGTGGTAAGATCGCCTGTCCCCGGTCAATACCCCAGGTGCCACGCACAAAAGACTGAACACAAGTCATAGCCGGGAATGCCGTGCGGCGCATCAGTGGACCATGTTTCGCAGGCGTCATGTCGTAATGGGGGAGTTTAATAAAGGCAGGGTGCATTCCTGAAGCTACGTAGTTGGAGTCCTCTAATTGCATTTTACCGGTATGCTGGACCGTATCCACCTTGCCAATCACCGGTTTAAGGCCATCCTTCAAACGACATTCACCGGATTGCGGCTGCCCGGAACAAGTCATACTGGGTGGTTACGTGTGGCCACCTATCGTGAGCAATCCCGATCGACCAAGAAGTTCTCCGTCTCTAGGTCTACTTGCTTGCGAGCACATAACACTTGTGGATGAATATCTGAACTTTTCTAATGGATTAACTAGTACCTGTCGCAGATCGTCTTGTTAAGGCCCCGTAGAGGTAAATGCCTTTTACCTTTGTTGGCATTCGTAGCGCTCATATGCTAATAGATCCCCGCTTGGG,1164,51.37,Caenorhabditis elegans
SEQ_183565,ATCTAGAGAAACACCCCGGTTGACCGAAAAATAACTCTCACACGCGGATTCTGGGAGCTTTTTGACAAGACAACGCCTGATCCTCGACTCAAATCGGCAGGCATATCGTCCAGCGGCCGGTTCTAGCGTAAAAGACCGTTAAATCTACACTTGCGCAGGCGCACTCGCTATTCCGAACAAAAAATCCTGAGGACGGCTACCAGAAGCCCAGGTCGGGGCCGGGTCGCAC,229,53.71,Homo sapiens
SEQ_796479,CGTCTTCGGATTGTTTAAAGCGATTTAGACCTCACTTGGTCTGGTCATCGAACAAGGCTCTCCGTTCACCCGTCGAGCGCGACGGAGCCCTGCCGTAGGGGGCGGTACCCCAAACTTGTAGGAGAATAGTTGACTGATGCAATGCACTTGCAACCAACCGCGCTGCACGGGCATGGTAGTGAGCATGGATACCTGAGGAACGATCGTACGCCGGAACTGAAGTGATATGGGCTCGCATAAATAGAGAATGCTGTTTGCTATATACAGATTCTCGATTATAAAACACTGACCTGCCGTATTCTAGCGCGCGGCCTGAACACTCTTCACAAATCCCAGGAACAGGTGGCGCCAGAGTCACTGCCACCTGCTATGATTCTTCGTAGCTTCTAAGCAGTACGCATATTCTGATCCTATAAGATGGCAATGCTTGCGTCTGGTGACCAATACTCGACCTGCTGGATTTTGAAATCTCTGCAAATAAAAAAGTAGTGCTCATAGTTACTTGGTTAGATAGTTTAGACTAGTGTTTGGGAGGGTGCTATGATCTCTACCACACAGCTCGTTATTGCACTCTAGTTAAACAGTGG,587,48.21,Homo sapiens
SEQ_294387,TAGGTGACCCCACTAGCCCCCCTAGGGACGCCGTCCGGTACACTCGAAACTGAATCGGCACCCTATCCAACTATCTGTACTAGCAATTAGTGGGCTGCCTTATCCATAAAAACGGCGGCTTCGATAGATCATCCGAATATCTCTGCTGAAAATGCCTTAACCGCGGGCGTCTGACCGATATAAGGTCAACTGACATTATTTTCGGGGCCAATAGCCACCCGAACTTCCGTATCAGAGGTATTCACACATCTTTGTTGCTGGCTTTGTGGAACAACATTAGGATCGAACAGAAACAATATCAGTATTTAGATTAACGACAAGTTGGTGCGCGCCGAAGCTTGGAGCAAACGCCAGGTATGCGCCATGCCTAGCGAAACTAATTCTGTTTGGGCCCTCTGACCACT,404,49.01,Arabidopsis thaliana
SEQ_697835,TAGTACTTAGCCGCACTCGAGCCTAATGGACGGAACTGGTTGGGTTGCGCGTACCTAACTGGGCGAATTTCGTCACTTCAGTACCTCATTTTCCCAGGCGCGCATTCCACGGGCAAAGCATTTCGATGAACCGCGTGCTTCACCCATAAGAGAAACGAGCCTCCGAAGTGAAGGTTCATTGCACATGCAAACGCAGAATTTGTAGAGACATCACCCGGGTGCCGTCGGACCGTGCTATTGTAGGAGAAAACGAACGCCATGCCCAGATACCGCCCAATTGGACCTATATACCTCTTTCGGATTAGTGCGTTACAATTTTTCGGTGATTCCCATACAGGTTGCTATCTGTCTACACGTAAGCGGCAGGTAGGTTTACACACGGTATCTTGACTAGTTGTTAGCGCCCAGGAATTAAAGAAGGGCAACTAGTCATGACGGCTCGGAGGATCACTTAAATGGCACTTCCATAGCCGGCATGCTCGGCATTACTGGCAGCGTCTAGCGAGATCCTTGACCGGTCTTTGCCGGGCTTTCCGCGGGAGTCATGGGCTGTTGGGAGAGTGTAGATAG,570,51.58,Arabidopsis thaliana
SEQ_178088,CATTGTTAACATCTAAGATGACTGCATTCGCGCTATTGACCGCCCGGAGATCTCAAGGTGATTGCAAGGGCGGTAAACGCGCAACAGAGTCAGGTACTGAGTCCGTCGCGCCTTAGAACCGACCATAGGACATAGTAGGGGGCCGACTAGACCACGGCCGCTATGTAGTGATCGCATGTTGCATTAAGCAAGCGTCCCTAGCCGCTCTGGAGCCCGTTGCGTAACGGGCGCACTTGATTGTGAAATAAACGGCATTGACCTATTAGGGCGATAGGGGGTCAGAGTTAATAATACCCGCACTGTTCCTACGAATACGACATGTACTGTTTAAAGACTGTACATTTCGTGGCACCATGGCTGGGCTGACTGGGGTGAGTAGTCTCTTAAACTTCTGCCAATGCGGCCTAGTCGAGTTTATATTACTTGAAACATAGTCTTGAATTCAAGTGCAGGGGGTTATCTGGAAAGGGCTACGGTCCTTTCGGCCCTGTACGTAGGTTTATGTCAGAGTCGTAAAGGCCCAAATTAATGCGCGTGAGCCACCGTGGTTACGTTCTACAATACACAGCGCTGGGGTGAGGGGCCTGGTCCCTTAGGCCTACGTTATCGGGCGTCTGACACAGCACTCCTGGAAAAGTCTATGGCGCAACCGACGAACCAGTGTAGTAGTTCCCACTGTCGGGCGACTGTATCTTACAGGTCAAGTAGGCCTTAGACACTCGACACGCGAAAACACGTTTGACTCCGTGATCTGTCACAGTTATTCAATATAAGGTTAGGTACGCAGACCGAGAAGTTTGACGAACTTCATCACATCTGCACCCAGCAGTATCTGCCAGTACGCGACCGCAGATCAAATGAGTTGCACCCCGCAGGGCCGTGTCGAGTCATCATACTATCGGCGTCCTTTAAAACTCTGGCTATATGATAACCGCTCCAGGACAGCTCTGATGGGCCCAATGCGAGGTCCTCAAGGTGTACTAGTTGTGAAAGGTACAAAGAGGTA,1006,50.89,Drosophila melanogaster
SEQ_864027,GACAGTTCACATACTGCCACGATAATATATATGCACCTTAATATGTTTTGCAGGCGGTCATCACATCCTAGGCTCTCTCCTCCGAGCATAGCAAGAGACATGCGGGAATACGGATGCCGCGGCAATCGTTAGTCCCTCTATTTACCAGAGCGGAGCTAGCTTCCTCCTGTCGGTGGATCGTGTGCGCGCACCTTTAAACCCTGCGTAGGCACCAAAGACTGGTCCTCTGCGCCACCTTGGTACGTCATACAACAACTCGCGGAGCTACGGCACACGGTGCATCCAACGCTTTCGGGCCTTGTACCAACCTAACCTTTGCTCAACATGTGGAGCCCCCTTCCTTGGTACGACGGACGCTATGATATTGCCGTTGACCGCCAGACTAACCGCCCATGCCCTAGATGCTAAACAGCAGCCAAGTTGACATTTGGTGCTCGGGGTGGCGAAAACGCAGCTAACACCAGTGAAACCCCCTCGACATCGCTTGTAAGCCTCTGAGGGTAAGCGCCCAACACTGCGGGGTACGACTTACTAACATACACGACCGGCCTTCGACGCATGTTCTTACAGACCGTACTGGTTGCGCATGAGGATCAGTATGTCGTGCATAACTGCGTACTCCGACGGTCAGTGGACATAGTAAATGCAATAGAGGATGAATATTAACCTTACGAGATTGGCATCGGTACATATCTCGTTAGCTCGCGTGTCGTATCTCTCTATAAGGAATAGAGGCTCCGTTCTAGTTTCGACTAAAGAGTGTTCCTACCCGTCTTACGCTAGTTCCGGACTCCCCACTACCTCCCTCGCCGCCTATTATACGCTGTAAGTTGGCCTGCCGGAAATTTTTGATTATTTTGACGCTTCATAGCCGAACAAGGCTGGTCCTACATCCTTTTTCTAAAGGCACTTAGATGGCTCATATTTTCGCATATCCTGGGACAGAGGTAACACATCTCTACTGGCTGATGTAACGTGCCAATGGGATGGGATATCTAACACAGATAGGCGCTAGGTTACGACTCGCTTCCCACCATATATTTCGCCTAGACGAGTGCTTGTCTACGCGTTTCCTGGAAGCTCGAGTCCATGGGAGCACTAGCTTCGGGGAATGCTAGTAAACCGTCGGTCCGTCGCGCGCCGAAGAAGAGTATGGAGAATCTTATAAACACTGCAAGGTTGCACAACGGTGGAGTATTCATGCCCAGGGGGCATATGTGGCGACTTCGTCCCGCACAATGGCATCTCATGAATCTTCACTGTGGGCTGCGATACGGCAATAGCGATAGCAAGCAAGTTACTTTGCTGTTCGAGAACATTGAAACCACCGTCTCATAACGCTGACTATATCGATAGGACGCTGGGCCACGACTGGTCAACTCGCTGATTGTATTGCGCAGATCCCACCACTGATGAGTGGCAGGTGCGTGACCCACGTCCTTTGTACGTCAAAGTGTCAAGTCAAGTGGGAATTAGTGCTATCCGAAACTTAACAACACTATTCAGGCAGCCTAATTGGGGGGTGCCCAGGTCTGTGCATAGTCTAGCCTCGGCAGGAAAGAGTACCTGCCCGCTAACGACCA,1583,51.23,Mus musculus
SEQ_321601,TACGGAATCGCCATTATTGTAAACGTGGTGAGATGTCACGGCCTAGAGTCCGTAGAACAGGGCTCTATTTTAGCAAGCCGTTACTACTCGGCACTTAGTAAATGTATGTTAGTTTACCGGACTGACAGAGCCCGGCCAAGTGACTTAGTTGATAACTATCGCACATATTCAGCCTTCCGATGGTAAGTAATCCCCTACTCTCACTACACGACTTGGCACAGGCCAGGGAACCTTCGTCTTAATTTGATACTCCGGGTCGATTTGTTAAATCGGGGGCCCACTCCGACGGATTCAAAGGCTAACCTATACTAATTTACGTCAAAAGCACATACAGGGTTATCGGTGATATGGACACGTGCATTACCACTAACTACGTCGACGCTCTGTAGTTCTCTACAGGATATATAACTATCTTCAATGGCTTAAGTTTCGGACGAGGATAGCCCATCGTACTTATTTAAAATGACTCTTGGTTATCGAACATACCACGAGCCGTTATGCGCTGGCTGTATATCACATTTAGGGTGTACTGGAGGGTAGACATGGGTGGGGTTACTCTAAGGTAGCGAATGCATTTAAAGAAGTTGTTAACGCACTGACTAGAGGCCGAACTTCGAGTTTAATAACCGTAACTAACTACAATTCGATTAAACTGGCGGGGGGTCGCATATTGCATTTGTACCTTAGGCGTGTATCGAAGAGTCTCTCCAATAGGATAGCTTTATCGGTTGGGCCATCTCAGGGCGACCCCCCTGTCATCACAGAGTGTCATTACCGACGACATTGCACCAGTCGGAGCAGAAGCTACTACAAGATACCTGTATTCTATATGAAGTGACCGAACCGCCTAAGCCCTGCTTGAATGGTCGGTCCTACCCGTAGAGCATTCGAACTCAGCATGGGGTCCGAGGGAGGCACCATTGGGGCCCAGATAAGGTTGCCCGTTACAAGAACTCCATGAACAGTCGCGGACAAGGATGTAGACAACTCGTGCTACGGACAAAACAGGAACAAGTCTAGACGGGTGTTAGGATGTCATATATGAATTTGCGATTGTCGCCATCAACGTTTGGCGTGTCCTCGTTCGGGCGGACGGATCTCCGCTCCGGAAACCTAGCACCACAGTGCCGCTGCAAACTAAAACGTAAATGTTCCAGAGTATCCGTATGCCACACGGATGTTGGGTCTGCTTGATAGGGCATTGGCACTTCTCAAGACAATTAGACGCCGACGGATCACTTGAGTTACCATAAGCGTATCGAACCCCCGGGATACTGGTTGTAATTACCTGTGGGCATCCGAATAGGCTGAAGACCTAATTTCACAGTTCACTCAGGGTATCACCGATTCCCACGTGATTTTGATACGCTTCACCCAAACATTGAAAGCTCCCCTCGGATGAGATCACACAACCTAAGTTCCGCCTTGGCTACCTCCCCGTCCGCACCTCAGTTGATGCGGAGGCCGGGCCGAGGGCTGAGATCCTCCTTGGAAAACTATATGGTCCCAATAATATCGTGTTCAGACGGACTACT,1535,48.53,Homo sapiens
SEQ_707332,TGCGGGACAAATGCCGGCGCAAATCTTTAGACTGAGCTTATGGGCTCATTTGGGTTCCAGTCTCCGCCCTGAACTGTCACCCTTCCAGGGTAGCTGGTAACAACCCGCTATTCTATCTAGCCCACTCCCACGGGATACATCCAATATCCGGGCGATATGGTGTGATCAGTCAAGGTGCTTTTCCTCCAGCATCGGTCAGTGTGTGAACCGGTCTGGCCATCCTAAGGTGTATGCTCCAGGTTGCGCATATCTCTCATTCCCTCGTGTGCAGCGACCGATTTACGAGCGGGCTTGATTAAGTTTAATACTAATGGTCAAGTCGCAGCCAAACGCTGCTGGGCGGCTTCTAAGCTACCATGTTCAGGTTGGCGGAGAACACCTGTTTGGCAGTGAGTATCATCAGGGCCTCTGTCTTAGAATGGTCGTTGAAGCAACCCGCGGGCGCTACGGCACCGATCAACGTCAGAGCTATCTACACGGAGGAACGGTAAGTCCCATCTAGTATGGCAATCACTCAAACCCTGGGGGTTGCAATCGCAGCAGCTTTAACGGAACACTAGCGTGAGCGTGGGCACGGTTTCGAGCCGTCGTGTTCACCCATGGGTTCGGAGTTGTCAGATATGTAGATCCAGGATAGCCCTGTGCAATGTGTTCCAATATTCTAGTAATCAACTAGTGCAAACCCAAGTAGAACGGTGCATCCGGCCGGCAGTCAGTTGATTTGGGTGACGTTCCTCCGAGCGAACCACATAGGGGCCAGCCGTACAAACAGTAGCAACATATAGCTAACTGCAACCCTCCTGCTCGG,808,52.85,Caenorhabditis elegans
SEQ_969327,CCCGTGTCCCCCATCGCTTCGATGTTACTAAGCGGTCATTTAGCCGGTTAATTAATGCGAAAATAAGGTTGCTAATACCCTTTATGGGACCAAGCGGTTCGCGGAAATAATGAGAAACACCACGTAAAGGCTGAACGCAACGCAAGCCCCTCAATGCCCTAGCTAGGCAGCCACCTGGCATAGGTATGTCTAACTACCGAGTCCCTATCTGTCGTCAGACCGGGATCAGCCCGGGCCCACTGTCTATCTTGTCCTTGACTTATACCCCGCGAAGAACGATGTCTTTGGTAAGTTAAAGATGGCTACATATTCAATCTCATCGCACGGTAGTTCAATTCTTGCCTCCGGGGACGGCCTGTACGAGCTCCCGGGCCCTAAGTATCCAACTCTCTACTCAAAAGAAACATAGTTCCACTGAGGTGTAGTGCGTGTGGTAG,437,50.34,Mus musculus
SEQ_601687,GCAATGCCTCAGTGAGGATTGTACTCGGTTGGAACCGCTAACTAGGACGGTGAGCAAGCATTGGAAGTGGCGGAGCATGTCCAATTCGTATGCCGCTGAGCGCTTGCTTGTTAATGAACCAGATACAGGGTTCTCCATCGCAAGTCGTAATAGGGGACGAAATCCACTGACTGTGGGAACGTGAGAACCATATAACGTACGTCTCGGGAGGGAGATGCTACCGGTCTGCTCCGGTTAGAACCGCAGTCCTCATGCAACACTGTTTAAATCTTAACATCACGTCGCGGATGACAATCACCCTGCGTTCTCAATAGGAGTATTGGGATGCAGGGGCATCAATCTTGGTAGGCCCTGAAGACAAAAGGCGAGGGAGACCAGATTCCATCGAATGCTGAGCAATCTAGGCGTCGACGGCCCTGATATTCGGCTAGACTGCCTATCCTCCCAATATCGATACGAGCGCGTGATTACAATACATTTATGCAGTTTAGCGTTGATTTTCTACGGCTGCGTTTACCAAACACTGCGTGGACTGCTATGCTATTACGGTTAGATACACATTAAACGCGAAATGTCCCGCATTCGGATTGATTGGGGAAGGCGTCAACACCATGGGAATCGACTGCGTCGCATTTTTCGTCTAGGAACTCTAGGAGGTGGGAAAGCTTGACCCAGAGGGTTCGGGTTCCCCTTCTTGGCTATGCATAGAAAGGTAGAGGGTGTGATCAATTGGAGATCCGCTCTTTAAAGGTAGTGCGAGATTATTGGGACCTAGCAATTCAGTACCCGTTATCAAGATACATGCCTTGCCCAGAGTTAGTGTATCTGTAAGTTCGACAATGTAAACGTCTGGTAGGCACACTGCTGTTGCAGTCGTGTTATCGCGTATGCTGAAGAAGATGGATAATCCACTCAGACGGGTGGCAGCACCAGGGATAAAAACGGTCACTCAAGTAAGTCGACATACTCGTATCTAATTCCCCAACGCGCATAGATCAGAAGAGAGCTCTGACAGTCCAACTCCCGTGAAGCAACTAGCTCGGACGTGGCTCAAAGTCGACTAGATAGCCGGCACGACATTCTTTGCGCAATCGTCCTCAGGATCTTAACGACACTTCAGGTACATAACCTAACGACTACAGACGGAGACGTTTGTACAGTGGTGAGTGTAGAGCTTCACGACGTACCTCCGAGAGTGTTGGGTTTTATCTAGCATGACAAGCATTAATCATCCGTTGACTGTTGACCGCTCGCCATTTCAGGGGCGCGTCGCGGGACTTCCAAGTTCGGTCCCCTCCCGTGATTCATGCTGCCACCCACTAACCCTTTATTTTCTCAAATTGAAGAAGTACGCGACCCGGGTGCTGTCCGAGTCTAAGGGGGTCCACATTACGCTTTCCCTTGGACTTACATACTGTACTACGAATGCGAACAAAGGTGTATAGATAGCGGTTCGATGCCTAAAGCCACGTTTGATATAGCGAAGTTGATATACC,1496,49.33,Escherichia coli
SEQ_434266,ATACCGACCATCGGGTGTGGCCGGAGAACCGCAGGGTAGTTCGACTTTCGAGGTATCAGATTACGTGGGTGCGCAACATAAGTTTCGTAGTCAGGCCTAGTGCGCTAGAAGTTCCTGGGTCGCTTCAGATTGCCGTTGATTATTTACCTCTCGGTACGATCTAGCTGGTGGTCGCTATCCTGGCTTCATCGGCGGCCTTGCATCGTAGAGAACTTACGCTCTCTTGGGCATACTACCTAGAAAACGTGCTCAAAACTGATTCTTAGACGTGTTCTTTTGGGATCATAGCACGCCGCTGGCAATCTAACTAGTTTGCAGATGCCGTAGGGCCCTCATTGTGTGACTAATGACGTCGCTTACTCCGGACTACTTGAATGCAAAAGCGAGGTACCTGGTGTCGATGCTAGTGCACCTGGTTGAGAGAACCAGATAACGGGAGCGCGTCCCGTCATAGGGGAGTACGCTAGCGTTGGCATTAACGCCTAGACGCAGTTAGTATCCATCGTATCATAGGGCTCCACCACCCGGAACTACTCCGACTTGCCGATGGACTCACAAGCAGGGTTGGTGGATTGACTCTATGGGTCTAATAGTGATTTGGATCTAGATCGGCTTCGTAATGGCACTATTCGTGGAGTGACCTACCGTTACTAATTTTTGGCACGAGCACACCCCAAAATGACGAGGAAGTAACATGCATGGGTTTAGCCCGCTTAGGAAGGAAGTAGCACCCCCTGGCTGTGCATTGGCCCAGGAATCGTCCTACTCGATGCCCTTACAGCCTGAACCAAGGACGGTCGAGGACGGTATCTAGCACAAATTAAGTGCACGGCCCCTGGCTCGTCCAAGTACAAATGGCTATCTTCATACAATAAACGCCGTTCCTGTGTCGCTTAGGAGTACGTGCCCGGGGCTATTTCGAAACACATCATCCGATCTCTGCGGGATGCTCCTTTCTGGGTGCGCGAGGGCGGGTCTAATACTGCCGAGAAATTATTCTGACCTTTTGGACTGAGACACCTCAGAGGCCTATTAGGTCGGTTCATAGCTGGAAAATGCCGAAGGCGTACATTGTCGCTGCACGTGTAGAATCCTATAATATTCTCAAGCAGGTGAGATATACCTGCGTAAATTACTCCCCAGCATCTGCAGCTCGAGCGCGTGAGTCAGTGATCTCCAGCAATGGTAGTACTATAGCTCATGTCACCTCCCGCCCTCTCGCAGGCTGCTGCTGATTTAAGGGATCGGTCTGTCGTATTTAGTTAGTGGTATTAATTTACCGGTGCAAATACTGAGGCACGATCCTGCACCTTCGTCGGAATTAGGCTTTTGCGGGGGATGATGCCGAATAGTCTAGATGAATTTGCTGCACATCGCCCTGCGATCTCTTTAGCTGTACGGTAGTAACACAGGAGAGGTTATCCTGACACCAAGGTAAGTGCCCCGACTTAAATAGGTTCCGGTTTCCGGTTTTTTCCGTCCAGCATAAGAACTGGCACGCCCTTCACCACTTTCTAAAACTCAACCCAAATAGCCCGCGTCGATCAGTTATTCCACAGGTGATGTTGGCGTAGTTATAAGTTACTTTACACACATTCCAAGGGCTGGCCGACCCATTGTACTTACCTGACTGATCACGTGCGCTACAAGACCTCCTCAGGATGTTCGAATTAGTACAACAGAGCGAACATCTTCAGTTCTGTCGCACACGCCATGGAAACAAATACCAGACATTTGCGCGTCTCTTCGAATTCTAGGGATCTGACTTCTACATCATGAAAAACCATCTAGCCGAAGAGAATCTCCGCCCGCTCCTCCCTCGCTCAGCAATCAGTACAACAC,1842,50.27,Homo sapiens
SEQ_474307,CTGTCTGACCCTTGTACGAAACGTCGTTTTAGACCTGGAGACCGTTCCAGATTTATGGGGTCCGGACCTAACCATCGTGGTCAAGCTCACCGAGGACAGGGTGACACAATATCCACGGCGCGGAGGGCGGGGGATTCGTGATCCTTCGGCCGGGGTCGACGCGGCCCCCATACTATCAGCGTTCATTAGATCAGATCTCGCGACCGATAATCTAAGGCCATGGGTAATACGTTGTCGGCCAGCATCTCAATTTTAAAAAACGCGACTGCTATGATACGGGGACAAGGCTTAACTGT,296,53.72,Saccharomyces cerevisiae
SEQ_936007,TCCCTACCTGGGTGAGGATTCGCGGTTGGAGCAGCTAGCACTATCATTTACCCCCGTGTTCCGATGAGTGAATAGGACAAGGTTGTCTTTTGGATCGACTGAATCGCGACGGTCCGGGCACGAGCGGACTCCGAGACTCGGTTCAGAGGCGTACCCGCG,159,57.86,Escherichia coli
SEQ_261338,GGTCAGGCCTTGGTTGTCCGCGCAATACTGTCCTGCGCGTAAGTAAGGACGTCAGGCTATGGATGGTTAATCCTTGGAAATGTAACCATTATGACCGGGATTGAATGTGGACTGAGCAGTGGCAGCGTGTCGAACATAGATGTAGAACGAGCGTCTTTCGATAGTTAATCCGATCAAGCCATTCGTAATAGTGGGTTGCGCAGTTTACGAGCAGATGGTTGGGACCTGTTATACAATAACCTCCCTATGCAGCCAAGCATAACGGCGCTTGAGGATTGATCTTGACACGAATCTCATGACTTATTGCACCTATCACGCGCGGCGAGCATCTTACTCCGTTTCCGTAATGCAGCGTTGGAAGATAGTGTGTTGAGGCGGTCATTGGTGTTAACAGTTAACAGCCTTATAGGAGAAGATCTCCGGCTATAAGCTAGGTCATTATGATGAAGTGCAATTGCCCTACAGCAGACTTATGCTAAACGGTCCGGACCAGTCAGTTCGCCGCCTATGTAAAGCGATAAGTCGCTACAACGCTCGTGACTACTGTCTCCTCGAAACATGGAAATGGTATCCCCACAGGGTCAATCTCGCACAGGTGGCAGGACTCAAGGTACAACCTACGTGAGAAGTGATCATCACAAGCAGGACTACTGCTAAAATCGCTCCTGGGGAACATTCGTCATCAGAATCCTGTGCTATCTACCTCTATAGCAAACATATAGGGGTGTCACCGCGGCTCGTTAGCCACGATCCACATCGAATGGGGACATGTGAACTGCACAGGTCCAGCGCATTGCTAATTGCGTGATAGCTTCTTGCCCCCTGGATGGAACCTCGTAAAAAGGGTCTTTTCACACTCAGTTTTTCGGGCTGTCCAAATAGTCGAGGCGGACTTGATATACATCATGAATAACCAGCAAAGTTAGACTGTTAGTCCGATTCAATCTTACAGACAACCTGAGGGAATCGGTTAGTCTAGCTGAGGGACCTGCCTATAGGTCAAGTCCGGACACCGAGTCTCGATTAGTCACGTAAGGCAGAATTGTGCACCTACGTACTTCGCAAATGCATATCATCTCTGGTCGGGGACATGTGAGACATCGGACGCGGGCAGGTGCGCCAATCGCCTCCTGCTTTATTTACATGTGCCACTCTCCAAGATGGCAGCACTGAATAGACGGGTAAGTAACCACCTGAACAGGAATAGGAGGAAGATTGACCCTACCGGGCGGATCTATCCTGATTAGGGCTCTCGAACGGCTCCTACCGTTAAAACACGTCCAGACTCATGCAGGTCGGCGCGGCCATTACCAGTCCCATAGTGTCTTAAGCTTACTGTAACTGAGGAATCTAGACATAGAGTTTAGAATCTCCGTACTCCGATGCGAGTAATCTGCCGGCCAGTATGCTCTGTGGGGGCCAAAGTGGGCCGCC,1434,49.72,Drosophila melanogaster
SEQ_212173,ACTCCGTAATCAGGCAAGACGGGACTTACCGTACGTAGGCGATCTCCGTAACACATCTTTTTACGGACAAGAGTCACGCAAGTGTCCACCACTCCAAAACCCAGCTGTGGAAACGTGTTTTGTCTCTCAGGCCTTAATACGGACTGACCAAAACCGTGCCTGAGTCTTGGTCCGCCACAAGCAATATTGCCGTGCGGACCCAATGGCAACACGAGCGACGTTCGATCATCTGCGTAGGCGAAACCGGGGAACGGACAGGAACTGACCGACGTAAATGTATAGTTAAAGATAATCCCCTGCCTGAGAATGGAGAGTTGTTCAGGGGTGAAGCAGATGAAGATGTAGGGTTAGGTTGATTCGACTAAATGGGTGACTTCACCAGTCACGTAAGCAAAACAGGTCGGATTTGTGACACGCAGCTGCCTCTAGCCACTGCTTTACTACCAGTGAGTACTGCCCTCGGGGACACCTTGGGTTACGGTGTTACCGCCTTAGGGCAGGAGGCCGCTCTGTTCTAATGATCTGAGACCGAACTTGAACGGACACCGTAATATTTGTTAGTATTCCTCCAATTGGCAACGTA,583,50.6,Homo sapiens
SEQ_532107,AGAGCATGGACGAGCCTAGCCTAGTACGCTTGTTTATCCCTTCGTATGCTGCAAGCGAAAGCAACTGGCAGAATTACTCCCGGACAAATGAAGGTGTACATCGTCACTCACGAGTTTACTTCCCGCTACGATGTCGTCGCCCTGGCATATCTGTGGAGTCAGAATCGCATTGCAGCTCAGCAGCTAAGGTTGTAGCCACAGTAATTCCACGTCCGTAGACCACCAAGCTGAGATTCACAGTATTGCAACAATACGCCCTACAGGGGCCTACCGCCAATTCACGTAAGCAGTCTATCATCACATAGGATGACGTGGAACTCTGACAGGGGAACAAGGAATAGTATACCGCAGGGACAAGAACTCCTCGTTCGGTTCAGAATAGGCACTCTCATTAAGGACGACGCCATAGAGGAGTAGCCGCCCTAGCCGCCCCAGGAGGATATCTCGATAGCAGGCCCAACTAATAGTGTGCATCTGACACATCTCGTTTTTATTAGTCACCGCATTAAAGGCTCACCGGTTATCGGGCCCTACAAAGCGGACCACTTCAGCTCACTCCCAACTGAGTTGTTCCATCAACGCCGGGCGGCGGTAAGCGTTGCGTCGTCCGATATCAATTAGCACCCCTTCGTCCAACTGTAACGTAAGCTGTAGGGTCTCACTCCATAGGGCTCGATTCGGACTGTAGTGTAGGAGTCTCCACGGAGATTGTATATTGCTTTCCCGGCCGCCCTACCCTGGTTGATTATGGAGCGTAATACAAACGTTACCTTCTTGAAGACCAGTCATCCGGGCCCCAATGCCACCGCAGGACTCCATGGGTCCATGTGGAAACAATCACGCTAGTGATATCCCGAAGAACTTACTCCAGTAGTTCCGTGATCACCTATGTGTATATTGCTTCACACTGTCATAATATATATCGTAGAATTGGCCGAGGCAAAATTAGACGAGGGATTGGGAACAGGGTTTACGCCATATACCTATGACTCCGGCTAGGGTGCCGAAGAATAGCTAGAGGGAAAATAAG,1030,50.29,Mus musculus
SEQ_831798,ACAGCGTTGGGATAAAAGGCACTGCTCAAGCGGAGTGTGTCATTGACACCCCAGACCCGTTAATCTTCGAATCACAACTCTGAACAATGGTACCCTGCCGCGCTAACTCCCCTCCTCCAGTCCCCCATGAGTGAGAACATGTCAGATACCCATGTGTTTTCACAGTGTCAGACCAACCCATACCATCGCTTCCAAGGAGCGCGATGTATTAGCGTTTTGCTAGACGTAACTAATTGATCAGAAATTTCAAATTCATTATCACTGTAATGGATATTGCTTTGGGGACTTGTATGCCCCTTCCGCCCTGAATAGTACGTTACTGGCGTCCGGATAGTTCCGTGTTGCGTGGAGGCGCCGCCAGTGGGATATATACGCGTTGACGCTCACGTCTGCACGCACATGCTATTTGTGTCTCTGCAAAAGGAACTGCGGTCTAAAACGTCGAATAAATCAACACTGTGGATCGTGAGTCCAAGTCTGCGAATAGTCAACTGAGCCCTCGCATGATCGCTCGCTGACCACGCTGTTACAGTAGTTCAAGGCACGGTTCGTGTGTTACTTAGAGATCCAGAACAATCTGTTAAACACCTCACCGAAAGATCGGCGGTCTGGCCTACCGTCGACCAATGTCCAGTGGACCTACTACGGCCAACTAACATTCTGGAGAGTTAGTTAGTTCCACGAATGGCTTACGCAGGCCCGACCTATTTCTAAGTTCCGGCTTAGTCCCGCCCCCGCGGCCAAACTGTAAGAGAGGCCGTGAGAATACTTGCGCGCCTTATACGCATTTACCTTAGTGCATATAATGGTAAATAAGTTGAGTTGCCGGATGTTGACGAATAATTCGGGGTCTTCGTCAGCTGTGCACGATTTCGGGGCCCGTCTAAGTCCAATTA,896,49.67,Escherichia coli
SEQ_182825,AGTTGGTTGAGGGCTCCTTCTGCACGACCTTTTACCGGGGTCAAGGGTTAAGACGACCCGAGCGCTTGAGTGACTAGCAAAGAGCACTGTTCTTTGATAGGTCGCAATTAAGGCTACGGCCATCATGATAAAAGCGCCGCCTCGGCTCGCACTTTTTCTTAATCCGTTGCGCGCTTAGGCGGTTCCTACAGCTGTCCCCACTAACCCGGGATGTTAGGGTCTGAACCTAATGTCGTATCAGAGTCCCGGTTCTCACGTTAGGGACAGCGAACTTGCTCGCCAGACCATCATCGTTTG,297,53.2,Mus musculus
SEQ_890012,TAAGCAAACTTTAGCAGCTTCGTGCCAGCCCAAAAAGATAGAGACCTTGTACTTCATGCACTCCAGGTGCGGATGGGTTGTAGATGATCAATATGGGACCGGGGCTTAAGAGAAATGCGATACCAAAGGAACCAGGTGCGGCTTAGTGTCTGGGTCATCATATACTAGTATTCAGTCAGGCGAGCGTCCAAATGTGTCAGACGCCCGGCGAGCTGTGTCTATACTAGATTTGACGAACTTGCGCCGGGGTATCTACCTAGGGTGCAGCCTCGTGAGGAGGGCTCAGGCCATTTATACCTGTACCACTAAGCGTATGACTCGGATATAATGGTATGCCCCAGCATTATACGGAGTATATTTCAAAAGCATGTGCGGTCACATACCAGCAATTCCACCTACGTAAAAGTGTAAATGTACCACGTCAGTGAGTTCTCGCACTTACCGCTGGGAGTTGTGGAATGGCACTGGGTTCGAAGAACGGGACCTCAAAGATAGGGGCGAACTGGCAGTACTGATTGCTCCGTCCAATTTACGACACCGCTGGGATTCTGAGCCTCGTAGTTAGAAACTATGATCCCACCTTTTGGTCTACACAGGCCCATATGACTTGTGTTCCCGTAGGAGGTGAGGTTGACACG,638,49.69,Mus musculus
SEQ_424762,CTCTCCCAATGTTTCCAAAATTACTACATTCGTGATGCCGCTGACGCCCGATGGCGTCGCAAAAAAGGCATAATAGGAGAGGATACTCTTCCATTGTAGGCACGGACGGTATCGGACGCGGGCCTCCGAATCATTTTGCACGCTAAGACGTCAGGAGAGGACCAAAGAGCTAGTCCATACGAGTGGGGACCCTGAGCTTCTTACGCCGAATATGACGGCGTAATCTGAATAGCGTCGTTGACGTCCTGCAGATCGGACCCCTCACTATCGAAACGGCGGAATTAGGGCCTTTGGTCAGCATATAGATTTATCTCCGGTACGCCCTGGGAAATATGATCTCAGTCTGATAGACCGCTACACAACGTGTAACTATACCCACTTTGGCACACACAAGTTTCTGGTCCCCGGACCGGGAGACCCAGGCACTTGGTGCACAGCGAGGTTAAGTAGACGGGTATATTAAGACGTTGACGAATCTTAGTTGGTTGTCACGGATGCTATAACGAATGGCGTGTACAAATCTCCCGCTTGGATACCCGGCGAGTTAGCATTGTAGAGCGTAAAGCAGCGAGCATCCCACCCTATTTAAAACGTAAGCAGGGTCATACGTGAAAGCCTGTATTAGTCCTGACTCAAGTCTTCGCTTAAGGTACTCTCGTGAAGAAGTCGTCAGGAATTTCACATAACAAAGTTCAACATTTGTGTCTCTCGTCAACGTATTTTACTTCTTTAGGTAAACGTACAGCTGGAGAGAGCACAAGGGGATTTGCGATTCCCTGCTTCGGTGCTGGTACTTAGTCTAGTGGATCGTTTCTCCCACATATGTTCTTTAGAATTGAAGGACACATGCCTCCGAAAGTGCGGGCGTTATTGTGCCGCGGTCTATTATAGGAATCGTCTGCTGCTACGTCGCGATCTCATAACGGTCTCATCTGGGCCGCGTAGGGGGAGGGTGGTCTACACCTGATGAAGAGCGGCTCCAACAAAGATATTTAACACCAAATACACACAAATCGGAGATCACCCCCATAACACGATCGGCCCGCGCTTGTACAGGTCATTGAGTCGTATACGTTGGCAACGGAAGCCAACATTGTCTCAATCCACGCCTCTTCCGCTCACGTAGACAAGACTTTAACAATATCACACACGAGATTACGAGCTCTTGTCTACAAAATCTATAACCTATCGACACAACCCACGTGTTATCACTCGGAGATGTTTTTGAACCACTAACGACACCCTAGGCTTTACTCATAGCGTATGCCGCTAATGTCAATTGGTTATGTTTACTCACGGATCCGCCGCGGTCAACCAGTCCAATCCCCGGCCGGCCCAGCAGGGTCCAGTAGCGTGCAGTGCGACCGGGAGGCCAACTTATAAAGTCAAGCTGCCCGAAACATTGGCAAGCATACTTAAGCAACTCTTGCAATAATGCTAACGTGATTTAAATAGAGCAAGTGGATGGGTGCCAGGTCACATCGTGAGTTATTACCGCCCACTGTTTGGGCAGACTTGATTCACGAGCTATTTTAATATGTCGGCCTGCCTTTGACATAAGGGCGCCTAAGCAGCGTAGGTATAAGCCGCCATTTTGGGTGCGCTGTTCCGGCGTAACCAACTCGATTATTCTACTGCGACCATAACTAGACGGAGCTAGCGTCTCAGAGTGGTCTGTCGAGCGTGTGGTATCGCATGTTTGGTTAAGCGACTAGTGACAGTAGTTCTCGGTCCAACAGGGATAAACGAGCCTTTGTATACACTAACGGGACGTCAACCGCCCCTCTAGCACTATTCCTGTCCGTGTGACACC,1813,49.42,Caenorhabditis elegans
SEQ_149049,AGCTCCGGCAGCAATTGCGGGTGGGTACCTGAGCTCCGGATTCCAACACAGAGTCGAGAACCGCCCCCCCCATTACTGCATTTTGCCTGAACGCTAAGTAGGTCACAGACGTTACTATAGTTACGGGTTCTCGAATCCTTCCCCGTTGGTTCAGAGGTCCCTGGAAGTCCAGTCGTGTACGCTGCGATATGGGCAGGGGCGGCTCTTTTACGTACGGAATGGCTCTTACAGGTCCTATACTGCCACTGCGATTTAGAGTAAGCGGAGATTGCTCGTGCTTCATCAATGCGTTAGCATCCGTCGTCGCTTTCAGTCCATCTCTAGCGTAGCATTGACCGTGTTCGAACCACGCCCCAAGGCGTCACTGTAAACCCCTACAAGGATCCTCGTTCCGCGTCGCGGGCTAACCAGCACGGAATTGCATGTTAGAAGCGCGATCTTATCCTGTGTCCCCAATAGCTAATGGGGCGTGCACACCAGTCCGTGCCTATTTTTTTATTGTTGGTCGCAACTTTAAAGTTGCTGAACCCTACAAAATAATGTGGCAACGGCAAGGGGGTCCACCAGTCTATTTGGCTTAGCTAAACCGAATCCCGAAATGTCACGAGGCTGCTCGCGAAAAAAAGCTGGGTGCCCACATATAGATCACTGGTACTGTCTACCTGACGGATACCATCTAAAGTATCAGAGGTGGTCACGGTGAGAGGGGTCGTTCATCAGGTATGTGATCCATTCCGATTATCGGCTGTGCCGAAACATTTGGGCCAGTTTACTGCGCGAGGGTCCGCAACGACGCCTAAACCCGTGTTACCATCTAATTCCTCAGCTTCCTAGATCCCGCTGGGCCACTAACACTGTAGGGTGGGAAA,869,52.36,Mus musculus
SEQ_910580,TATGAAGTGATCCGGATATGTTGGTCTGTAGCCTTTCGACTCGTTACTACGTAAGACATGAAAATTTTAACCGTTTGCAAACAGCACGTGTCCTTAGACACCCTGTGTTACACATAGTGACTTATTACGCACGCTGGTTGGAAGCTCCAATGCCTCTTCACTGCCTGGCGCGAAATAAGTATATGCATTCTACTGGGTTAGCCCTCTACTTATTCGTACCGCTAATATAAAGAGAGAATTAGTACGCCCATTAACAGAGCTCGATGTACTAGATTAGGCAAACAGAAGAGAATGAGGGGGGGCATAAAACTCCACTATTGCGGATGAGGGCGAGGAAATATGTGTCTTTCGTGCCGTGGAAACAGCAATGCGCTCTCGAAGACCTGCAGTTTCCGGTAGTAGGTGCATTCGAATTACGTCAACGCCCATATTGGATTCTGCATAGCAGGTTATCATGATGGCGCTCGGTTGTTTCTAGAAAAAACTTAGGCTACATAAGGGCGCTCGTCCCGGCTTCCAGGGAGCAACGGATTAGGCCATGTCCTCTTCCCTCCGGACTCGGGTGGGCTTTAGAGTCGGTTATCGCGGAGCGGTTAGACCTCCACTAATATTATCGTCATGAGGAGTATCCGAACCGCGGTATGCCTCCACTAGTGTACATGCACGGCCGACGCGATGTCGAGCTATACCTTTACACTCTTCGTATGTATCCTATACGTGACTCAGTGCTAGAGACTAGGTGCTCAAGAGCCCTTAGCTAGTCTTGCCGAAAACCTACAAACCGCCTTCAATGGGAGCGGTTGGAAAGAAGCTGCGGCAGTGACTTCAATTCAGTCGGTGATGTACGGACACTGTTATCGTAATGGCACTACGCGTATTTGATTGCGTCAAAGCTACGGAACTACGGTAGCGTCGCGAGTATGCAGTACCTGTGAACTTTCTCTAAAAATTATCGCCACGCTCCGGTGAGGTTTGCGTGCCCGCAGTCCAGGATGACGGGTCGCTGATTTCTGCGGATTAACTCTACAGTGCCCTAAGCCATCTCAGCTAGAAGGGTTATCCCGGACCGAGACCCCCACCGTCTATTCCTCCACTTCAGACAGAGTCTGGTCAGTGATGGTGATAGGTACAACCCACTGGCTTCTTTAACCTTTCGCTGTAACTCGCAGGATACCACTTAGAAGGGGACAAGAATTGTATCTCCATTTGTACCGAGAGATTACTGCAATACGCGATGGAATCGCCCGTTTTTCTACCTTGAAAGCATACTATCTTCTATATCCCGCTGCAAGACCGACACTAATAGTTGCCTCATCAAGTCGGCACCAGTAGAAACCCGGCCACCGCTCTCGGCACTTCGCTCTAGGAGCGTACTTAATGCTGGCATGTATTATCCTCTATTACCCGGTAGTCTGGGTACTTAATTAGAGAACACCGCAACTGTGAAAGTGAGATCGACTTTATTGACTTCATCCACTCTAGTCGTTCTCTCTCCAGGGTATATATCGCATTAATTATCTCGGCAACGCTCCCGAGATGATGTTATTCTATGCCCGTCTTAATGCTATTGTCCACGAGTGGCGCAGTACGCTAATCTGCCACCCGGGTGTTAAAGTATGACAGGTCCGGGGTATGATACTGGATGTATGGTGATTAACCACCTACGCTGCTAACCTGGCGGCCTTGCATGGGATCGGTTACTACGGTGATCAAAGGCTGTCAGCCTATCTAAAAGACACGAGAAGATCCGAAGTTCCGTGCTAATAAGTGGAGTGCTCCACACTACCAAAGTGAACGTGTATCTGGTCTATTATCACTGCGCCTGGTAAGACCAGTCCGAAACATCGACAGCCAGAGAGACACGAACCAGCTCCTCGTGTACAGCAGAGGATCCCGAACCGTCGTCGTGGCTAACTGTAGATTACGACGTAACCAACCAGTAAGAAGATATTGTCAACT,1959,48.75,Drosophila melanogaster
SEQ_460134,CCCCCCAATGAACGGGGGAAATGGTGCTGCCGTAAGCCAACCGTGTATGCAATATTCCGCGTTAGAAATCAATATCTCCGTCGTTCAGCGGATCTCGTAGTTCGGTGGTTGGGCTTTGAAACGGTAATAGTACTTCAACGTTCCATAGGCAACAAGACCGACCTGCGTGCTAGCTTGCGACGTTTGCATCCAGGGCCTCGTCGGATCTGCCTCATTACAGGCACACAGACGTACTACCAACAAAACAGTATTCTCGGCCAGGGTCTGATGGTAGCGTGAGAGCAGGAAAAGGATGAAACCTTCGTACATCATCGACTTCTCGTGGAACACCGAGGTCAACGGTATCACGGATTTGCCTTACACATAACAAAGTCCTGTGTCAGTACTTGGTTTGATGCTGCAGATCGCATGCCTCGCTTTGTTGTCAGATGCCCAGGAGAACTGAGCACAAGAACCACAATCATGGTCTCTGTCCCTTAAACATTTCGAAGCTTGGTCCGTCGATCACCCAAACCAATATTGAACAAACCGGTCACCCCTTAGCCTATGGGCGCCCTTTGATGTCCTCGGCCATACTCTCCCTCGAGAAAGTGTCGACTCAAAGCCGTGTGGTCGCGTGGGGAATAATGGAGAGTTGCTGCCGATCAAAGCGTA,654,50.92,Homo sapiens
SEQ_359614,AGTAATGCTACTCAGGTACGTCGCGTTAAAGCAAGTCCTTTATATGCAACAAGTACTGTAAAAGGCTCCAAATTAGACCTGCTGCTGTTCAACAGCATAGTGCCGAGGCCCGATGAGGTAGGGCGAACCCGCCCCGATTCGACGTTGACGGAAGAAGCGGATAACATAACATGTCGGACTCTACCCGTATCCACCATCCCCGATACCGGAAAGGGCGGTAGCATGTTAGGTCGGGACATAGATTGTTTACAAATGGTTAAGGCTATTGAGTTCTTGCAGTGAGAGCAAGGCCGTCTTCATTCTCAAAACCACTTCCGATCGATCACAACCGAGAAATTAGGGCTTAGGTCGGCGTCCCACACCCGTCAGACGACGCTCGCTAACCCCCTACGCATCCCGGGAGTAGGGCACATCTTACGCGTAACACTCTCTTGATATGTAGGGATATCGACATTTTGGCGCTCCGCATAGTATAAGGGTATGTGTCTCTCTTGGTTGATCCTTAGAATAAAGTTACGGAATCAGGGCTGCTCGGGGAGTGCATCCAACGTTCACGTCTTCCAGACGTAAACCCATCCACTAAACTCATGCTCCATGGTACTCAATACACGTGAGGGTAGGATCAGGACCCCGGATCGTATTACAGTCCATCCCAGACCACAGTATCGTGAATCTATCCACATCAGCGGGGCACAGGCCCCCCAATTAAGTGGGTTCGCAGACTTCAGATGCCGGTGGATTCCAGTACTGGTCGCCCACAACTATAGCCAGAATCCAACTGGCGGACTGACACGATCGGTGCGATGTGGACCTTTAGAATATCCACTAAGCGTACCGTCGACTTACATCACGTCTAACAGTTCTACATGTCACTCAACACTAAGTTTTGCATTTGACAGGAGTACAAATCGAACCCCTAGTCTTAGTTGTAAATAGTTGCGGCAGCTCAAAGGTTTATCGCGAAAAGCTACAGCCTATATGAAGCACGCCCTGACTATTGAAATTACCAAGTAGCTCCGTAACATGGAGGATCAGCATTATGGCCGTCCGTTGACGCTAGGATTGGATTCCAATGCTAATCGTGTTGCAGCTTTAAGAGAGTAGGCTGTTAGCATGTATGTTAATTCGCTACTACTGCGAAGAACCAAATTTTACCCAGTCCCTAAGTCACGCCTAAAACTTTCCAGATGATAACTTAATGGACAGGGAATCAGCATGCCTGAGCGCAAGAAATTGGCACGAACGCGACTGAGAGTTGTATGCGTGTTATCCCGTCACTCATGTTCATAACTGCCAACGATCCGTAAGCGTTGGCGGTACGGCACGTAGGGTTGGTGTACGGTCATGGACCGAGAGTCAATATAACGAGAATTTTATTAGAACTACCGGAGATTGTTCCGTGTGAACATAGCCCGTTGCGACCTCCTTTAACACATCGAAAGAAATGAAATTGTAGGAGCGAGTTTCGTAAATGTTATACAGTATAAACGAACCATATCCGATGCGAGCACACAAATGAGCAATCCGGGATTGAAGGGTTGCACCGCTTGCTGGATCGCATGGAGACTGTCCTTGAAGCCTTGCTGTAAATATTGGGCGGGGACCAGCCAGTTGAATGGCCGGTTCCTTACAATCTCGTACTACGAATCACCTGTGCTATTATCAGTGCTGGAATATCACCCATTTGTAGCATCGAGTGGTATCTAGGCACCGCCAGGTCTTCTCCGGCCATAAATCGCGGGAGCGTTGTTTATACTCTAGAGAGGGATTGTTGTTGCTCTTTTGGACTGATGAAGGCGTTAGGCTATTTCTTCCAAGTAAAGCCAAGCATTAAACACGCTTCCAGGTAGTTTGAGAGAGGGTTCTGTATATTTAGAGTGTTTGACGGCGTAAGGAAAACTTGTCTAAGGCTCGCGCTTATCGAGTGTCGGAAACAGTTATACAGGTACCA,1951,47.92,Caenorhabditis elegans
SEQ_936665,ACAATTCGTACATTAATCAACGGGCCGGGTGTACGCGAACTGAGTGTCCAGGCAACTGGTGTTCTACCCGTGCATGTGTCAAGTCGCCCCACTTCAGCCTGAGTTGGTGATCCTGGCGTTCTACATCGTTGTTGATACGAAGACGTGACGATACGCTTCTTTATCACCTGAAGGCCCTTGGTAGAATTAGGCCTGTGTGGCGAGCTGCCATAATGGACGCCCTTGGCCTGCGCTTTGGAGCTGTTGTAGGGAGCTCGAATGATCCGATGCTGAGGCAAAATCGAGCGTTGTGGTCAATTGCTGTGTTCATATTCGCTTGAGCGCCGCGAGAGGGCTGACGCGCTTTCATACACACACACAACTGCCTCTTTTTGCTGACGGATTGCTACATAAGGAACTTATGCAACTATCGTAGCTGACTCACTTAGCCGGTACTATGCACTAGGAGAGCCCTGGGCTGTACTAGTTGATGTGAAAGCCAGCATCGGTATATATACTGCCCACCTCCTGCACTAGTTGGGACTGTTCAATCGTTTACTAACCTCGAAGGGTGAGAGAGGTGCGCGGTCTAAGAGGCTCTTAGTCATCTCATATCTGATCAAGGCAAGGATTATCGTCCCCGACAATTATTCTGGCGTGAATTCTGGATCTGAACTCAAGGTCCACCATGTTCGTCTACAGTCAGCGCCAGGGTGAAACTCCTGTATATACTTCGTACCGTCCCAGGCATCTGACCTTGGTGTGATACGGCCCGTGGAAGACTTGTGCACTCGCTGATCATCAATAGGTTAACATGAGTATTTCCTTTGGGTGGGCGGGATAGCCTCCTATGATCGCGTGACTTAGCGCTGCGATTAAGTTAGATCTCACGTTGGTTGCTAAAGCCAACTTCATTTTTACAGCCCCCGATGTGTTCACCGCCTTTACCAGTGCGCGGACTGTTGCAGCTCCCAGCAACTTGTTACCGGCGAATTGCAGGCCCGGCCGGGCGGGTGTCCTATGGTATTCAGGAACTGTGTTCGGAAATATAAAAGGGTAACGGGTGATATGTGAGAGTGGCGCGCTCTACTAGCGGCAGTTAGTCGATGTACAATGCCTGAAAAACGATTTGGAAACCAGTTTCGTTTGACGAGCGTAAACACGCGTACAGGGCGCGTGACACGCTAGGCGCGTGCGGGGTTCCGTAAACCGGTCCCGTGGGATGAGAGGTTGGTCCAGCATTCCACCACCTCACGCCGTGCACTCACCTAATGGGTTGGAGTGCACACAATAGATCGTTGTTAGGCAACCCAGACGAGATTTTCTACTACCTATTGACTACAGGGGTTCAATCCAACGCGCCCTTATTCGGTATTGCCGGTCGGTACCGGGGCAACAGTTGCGGGGTCCTTGAGCTGCTCATCCGAGCCCTTCAGATCTTATTCATCGTGGTCGGTCGTGTTTGGGTAGACGAGGGCTTTTCTACATACGATGTGCTCAACTCTGCAAGACCGCTTACGCTATGGCGTTATCCGAGCTGTATCATCATGTTCCGCACCTAAGCTTAGTAAGTCACAATAGATATGCCTGCCAGTGTACGCGCAGCTAATGACGGCCAAAACAACGAGCCGGTAGGAGCGGTCCACTTTTTAGACTAGGCGTTGAAATATGCGACAATATAACCAGGAAAGCGGACTTAATAAAATCGGCAGGAGAACATATCGATGCGTAAATGATAACCGCCACACCGGCCAAGTCGGTCCCGGCCTGGTCCCATGTCTGCAACGTGATCGTACCATCCTTAACGAACCGGCCGGCCGAAGTCCAGTCCATGCTCTAATGTATCACAGTTTCGATCGCGATTGCCGTCGTGGGTGTTGAAGGCTCGCGGTAAACAGATGCTACATTCTGGTTGACCGCTATGGAGCAATGACATTAAATAGGTAC,1926,51.45,Drosophila melanogaster
SEQ_371815,GTTGACATATACGAAACAGTTAAATAGTGGAGACCAACCCCCTTCCCTTCAGAATCCTCGCGTCGGACTCTGCGCGTAAAGCGGGAAAGAACAGCTGCTTAGGCTACGACTCACACATCGGTCAGGCTGGAAAACTGCTAAGGGTAAGGTTGGGTCTCACTTCAACGAAGATTACGTGGCACTAGTTTGATCATCTTCAGTACAAAGTGTCCGGAGGCCACGCGGTACAGTCAGCTCGTACGTGTCCTATTCCACAAAAAGACCGGATACCAACTGACCAGATTGAGATAAACCCAAGGGCTAAGACCGTTTGGGTTACTGACCGAAGTGTGCAGTGTTTAGGCATCGCCCTCTATGAAAGGAAACATTGTTCGCTCGAATTTGGCCGAATTTTTGGTTTCTTGCAGGCAATCGCGCGGGGACAACGTAGAGTAGATCCGATATTTGCAAAGTTGAGCGAGCTATCCTTAGAGATTGATTAGTATCATCTGGTGGGCCGCAGGGACGGGATTTTTATTCGTGCCTTTCTGTTGTCGTAGCGTGGCCTACATGCGCGGTGTCCAATCAATAGGGAGTGATCACCAGAGCTGTCTCCAGGTGCATGGGTCGCCAGAAAAATTGCCCATGCCCATGGCCGTGGTACAATCTGTGCAACTACGTCTTTTGTCAAGGTGTGACAGGACGCGAACACGCTCTTCCATACACCCAGTCGACGGGCCATTGGAAACCTGCTAATAGACCAAATAATTTCGGGTATATTAGTCTCCGGCCATGGCCGTAACTGAGCGGCCAGCTTTTGCAACAAAGCAACTCACCGCGAGTATGCGACAAAAGTCAAGTATCATGAATTTGCTGGCCACCATAGTAGCCTCTTCTCGCTGTGGATTAGGCTCTCCGCGCGACCAAACGATCCTTACTCGTTCTATAGGAAAGTCGATTATAATTAGCTTGCTAAGTCAATACCTTGGGTACTGCCAGCGCCATGGCCCCTGTGTGTATGGAGATCATACTAGCCTAAAAGTTTCGGGAATCAAACCATCTTCAGTGCACCCCTTGAAGGTAACGCAACACCTGGAACACGACTTTCATGTTATCAAGCCCAATTGTAAGGTCGACCATTTTGAACGATCTTTAACGGCCCGTTACTTCTTCGCCAGAGGGCATGAGATTAGTCCAGCGCAAAGCGCTAGCTATTTCTTTCACAATTCAGGCGGTGCATTCACGCAGCGGTGGAGCAGGCTACCTAACCTGGTCGTCTGTACACTGAACTTAACCTAGCCCATTTGAGCGGCGATACCGCTCGTGAGCTACTGCCGAGCAGAATCGGCACGCTCCCGCCTTTAGGGAAACTAGCACTGGATCATATGCGAATATAAAATCCCAGCTATGTTAACGCCCTCGGGATTGGGCTTTACCCACTCCGCATGACCGCGAGTGTTGGGGTTAGGAATGAAGTCGATAACCGTCTCCCGTCTCGCATGGGGTGCAACTAACTAGAATTATAGATACAGGGGTCCTCACTTGCTGGACGTGGAACC,1538,50.0,Homo sapiens
SEQ_690380,TAAAGCGTTCCCAACTGTTCCCGTACAGCTGTACAAATCGTAGCAGACAAACCAGCCCATGACATTGTCCGCTCGTACCTTTAGTATTGAGGTACCATCCCGTTCCATGGAGCATGAATGATAACACAGCAAGCTGCTCCATGGCGTTACGTCGATGCTTGATTTATAGGTAGGCTACTTTCGACTATTATGGGAGTTCAGCATGCTCAAGTACTTATAAGGTTTTTTCTGAGCTGGAAGTTAAAGTGGGTATTGTACGAGGCGCCCATCGATACATTTAATGACGCCGACGAACCCCCCGAACGTGTGTTAGGTACAGCTAGTGGCGCGTTACACGACCCGCGAATAAGATTGCACTCCATTAGTTAGACGTGCCGATGTTCGAAAAGACGGGTGGCAATAAGCCAATATACCTAGCAGAGCGGTGTAGCCCCGAAACCGCCGTATCACGTGTTAAGGGTAACTTCAGCTCGGCTGAGGTGAACCGTAAGGCGGTGTCATAAAATGCCACGCTTGTGTGCCTCCCCTAGCTTTGTTATGTGTGGCCTCC,550,49.27,Caenorhabditis elegans
SEQ_678971,CGAAGCCTTGACCAAACTCCAAAAGCCCACTTATCTACTTTACGCTTGTTTTGACGCCAAATTCATCAAGTAAAATATGAACAAGTAGCAGGGGTCAGTAGCTGATGCGGAGTGCGCGCCCCAGGATCCCTTGAAGGGAGATACCGCGTCTGAACGGCTCCGTGGAGTTTTCCTGAATCGCGAACCTCTTATTGCTGATCTGCAGCGTTTAAGCGCTCCCCCCGCCCCATGGGGTTTGTGAAAAAGAACAAATGGAGATCCGGCCTCACCGTCAGTTACGAACTCAAAATCAGGAACCGTCATTCCACGCCACACGGTGCATATGATGAGCGATATCAGAATAGTGCGCACCGGCTGTGCCGACTGTGAGTCACGTGACATCTGCTGCAAAGACTATATAGGCCACATTTATAAACAAGTTACGCGGACTATATAGCATCTACGCATGACCATACCTCTAGACGTCCGCCCCCTCGGCCAAGCATGAAATTTGCCCTATTAATAACCCGAAATTCATGACCGCGCGGCGTCTTGAGTCCTAAGACGCATTTAGCCTCTTGAAGGTTACCATATTAAATTGATGAGATTACCTCGGTTGGCTTCGCACGACTCTGCATAAAACGAGGTCGAGTCGAGTATAGAAGGTTTGCTGTACAGGTAGTGCGGGACACCTGGATTGGTAGCCTTAGGTCAAGATCCGCTCTTAGAGAAGGGATAATTCACGTCTGCTTTGCAGAGGTGTTGAATAAAGTTCGGCTCGTGCACGCCCTAACCCTCAGCTGTGGACGAATTCGGACAAGGCCGGAAAAAAAGGATCTTGCGGTATAATCAGACCACTCTAAATCTCACAACCCGCTGAGGAGATTTTTAGGACGTCTCTACCGGACGTGAGATGTTTACTCTTATTTCGCTTAATCCGTAAGTCGGTTTCACAAGTGCGCTAAGCGCGGAGATACCCAGTTGTCTTTCGCGGAGCGGGTTTGTTCGCCGGATTCGCGAATTGATGTCTTAAACTGAACAAAGCGGACCATGTAGCCGTTATCGTTCACCCCCGTCTATTTCTACGACGGAGGCCGGACCTAGTTAGGCGCCGCATTCAAGGGCTGGATTATCTCGTGTTGCGGCAGCGTGGGGGCGCCCCTGCTACTGACTTGCATCTATAGTGATACAGTGACTGAAACTTTCCCTCCACGCGTGGGATCTAGCTGAACCTGATCGTGTCTGGTTCGGTTTTTTAGCTGAACATCTATGGTTTAAAAGCGGTTTGGCATAGCCATATGGAAACTTTGGCGCCAATGTTTCAGTATGAACCGTAAGAGTGTCAGATGGGTGAGTCCAGACGCTATGTATCGTCGATCCGCGAGCGGGGTGGCGAA,1376,50.0,Arabidopsis thaliana
SEQ_210123,AGCTGTGTTAGTCTGGACCTGCACAGCGGTTAAGGGGTAGCGCCGAAAATTTCAGACTAAGAGGTGACAGAGATGATACCACGACGCCTAGCCTCTGGTGATTGTCAAATATATGCTGACATACTCATCAGCGCAATCGTAACTCGAGAGTGGGTCACTCGGGCGCCTACGGGAGCCTAGGCTATTTGGGGCGGATTTCCGGTAATGTGCCTTGTTATACCCGTTGAAGGGCGCCGTGGAGAATATCGAAGACTGTCTC,259,52.12,Saccharomyces cerevisiae
SEQ_285213,GGGCCGGTCTATCTAGCGACACAACGGTTATACGGCCCGTGTGTACGTGTGCCTTTAGGAGAATGTGAATGTGAAAGGCAGTCTCATACCGTAGTAAGCAGATTGACTTTTATTTATTGTCTTTGGCATCAGAAGTACTATGCTCGTGCGGGATTCGCATCGGATCGATTCCCTACGCCGTCTAGGCGAGAAATTCTTAGAATCGTTCAGCAATGGCAACCACTTTTACTCGATCGTCCGCACCCACCCTGAGGAACGAGGTCTGCTTGCGCATTGATGCCTGGCACTTATGCCCACTAAAGACCCTGCCATCAGGAGTATCTAGCAATAAGTTGCCTTTATGTAAACACCCCAGAACGTACTCTGGTGGCTAAGGGGCGTAAGTTCACGCTTTGACCTCGATTTAACATTAAGGAGCACTATCGGCGCACGTAGTGTCCCGCGGTGACAGGTGAATCCGCCTAAGCATCACAAGAAACAGATGCGCTAGTATCCTAAAGCTGGTAGGCGTTACCAGAAATGCTGTCAATGGTGGGCGCGTTCGGCGGTTGCGTCAGAGGACCTCACACGCGGTGGACGGGATGGCGTAAAACCAAAACCAGATTGGGGACACAAAGGAAGCTTGTTTTGGCCTACCTACTGTGACTGAGCTGCAATGTATAATTGATGTGGCAACAGCGCAGCATGTCGAATGTCCGGGTAAGAGTAAGAACATTTTCAATGCTAGTATGTTCATGTCTCTGTTGACACATGAGCGAGGTGGAAGCCCTCGGGCGTGTCAGTTGACCATACAAAGAATCGTCGTGACAAACTTTTAATTCCTGAATGTCCATCACGCCGTCTCGTCAATAAGCAGCAACCCCGGCCACACGTAAGGTGGTAACCTGTAGCGTTATAAGGCCGGTGTGCTTAACGAGCTGTCCCCTCGTGTCATTATTCTCCGTTGTGATCGTTTGCGATACGCGTCCTCAACATTACATACTCGTCACAGTGACTTCATGTAGCCGTTTCGAGGCGTAGGCTGCAAACTTGCGTTGCCGCTGGGGACTGGTCATCCATGCAGTCGGATACGCGTGCGTGATGAGCGTCGACCCGAGCCCAAATCAATAGTGCGATTTTGATGACAGCGCAGAGCCCGGATCTTCGCCAAGCCGTGGAAGTTCTGCTACCCGCCTCGGGTAGCTTGTTTAAGGAAGTCCGGTCCGGCTTTTACAACGGGGCGCCTGGCCGCCGGCGTGCTTGTCAAGAAGTTCTCGCCAGTTGAAGAACTACAGCGGGACCCCTCGGCAGATTAATTTTACAACTCCGTAAAAGAGCAACCGACTCGAGTTAATACGTTGACCCATCGGTTGCCCTATGGATAATGGTGTGTTTCCATCAAGCGTGTACAATTTCGGTCCATAGCGTTCTTTGAGGCTAAGAACTCATTACGACGTTGCGAGAGGGCTGAGTTTTGGGGAAAAACACGTGAGAAGAAAATTTGTTCTTAATCGATGCCGGAAGGCAACGGTCGGCTATGTACCCCTCTGATTATTAGTTACGTGTCCCCTTTGCAGCAAGGCGGGCTTGTCGGTAAAGAATTCCCATCACCTCTACCATACGGGAGTAGAAGGGGGGGTTACGTTTCTATTACAGTAGGTAACTTTGCTTCGACAACCGCGGTTTTCGGCGCAATAGGGCCCCCAGTTATCAGCGCCCGGGGTGTTCCGCTGGCTACAGGGAAAGTATTCAGCACCTTCGGCGTATGTAACTCCTAGCTCGTTATGATAACGCAAACTTGTATCTGGTCGTGATCAGTTCCCCTCCAGGCGACGGTCCGGACGGCGACTCGATTTACCGTGAAGATAGAAAGCCTGGGGGGCTGGAC,1867,51.31,Arabidopsis thaliana
SEQ_213607,TAATATAAGAGGAGAGGTCACAGTGTTGATATCACGGCAACAGGTACTTTACTATAATGGGTAGTTTAAATGATTTCTGCACTCTCGGTACTCCAGAAACTGTTCCGTCAAGCAGCGCGATGGAGTGTTCAGTGAATGATGGGCTACGGACGGTAGCTTGCCTATGGGAGCTCAGTGTATCCACTCAAAATTGCAGTCCCGAAGAAAGTTAGTCTTGTAGCTGCTGTTATCGACAAACTAGGGTCATCGGCCTACGAATCTTAGCGTTCGTACATAGGATGGCCCTAGACCTGGTGATAGGGACGACTTCGGCAACCTACACGCGAGGACGTCGGGTGCTTTATCAGCAGACCACAGTAGAAAAGCTTCGATAATCGTCTGA,382,47.64,Drosophila melanogaster
SEQ_865827,GACGACCACAGCATAGGGCTCAACCACCTAGCGTCAGCAAGCCCCAAGACCGGATCCGAAATGCTCGGTCTGCCTACCGGATCGCAGAGACTGTGATGGAACTGCGAGAAATCTGAAATGTGCCACCAAAACAATCTGGAATTCGTGTGGACTCTGCCTCAGGGCGAGGGGGAGACGTAGTGTTGAGCTGAGAAAGGGAAGGCGGTTAAGTTTGAACAGATTTCGGCACTCATCACGCTTTTCACATACAATTGTGAAGGCACACATTACTGTAAGGCTCCGAAGACGCTGGGGGCACTCTACCAAAACACTGACCTTTCCTCATACCGCTCTTACATCCTCTATCCGAACTTGGATACGAATATTCTCAGCGTGGTTCTTCCCTGGTGAGGGGAGTCGTCAGTAAATTCTCCTGACTCCCATTCACCGGGAGTTCTCGGTAGTCCAGCCAATTCAGATTCGATCTTAGACTCCAGATTTTGGTCACCAAGAGGTTAGTTCCCCCGTCCAAGAACAACGAATATCTTCGTATGCAAGACCATTGATGAAAACAACATCCGCCCGACCTCAACAATAGGTTGTTCATGACTTTCTTGGTTTGCCAGTTCTGAGCAATAGTGTCCATGGGTCGCATTGTCCTAGGTGAAGGGCCCCAGCGTCGCACAATGAACGTGCGGAATATTGGTTGGTCAAACGAACGCACCTGTCGGTAACAGTGGGAGGTAAAGGCAATATTGCCCTTCCCCCGGACAATGCGATGACCTTTCATATCAATCCTAGAAGGTGACTCCGTCATGCGCGTAGCTCGATACGACTTGTAATATTAGTGAACGTTCTAGTACTCTTCCAAACTGGGCTCCTTGCGGGGCGGGCTACTCACTTCCACAATCCTTAGATGTCATACTGTTACGTGTCCGTTGAGTATATGCAGTGTATGAATTTTACCCCTCCGGAACAATCATGCTGCGGGACCAAGGATCAGGCAATTGTCTTGTGGGGTAACTAAAAAAGGACAGTCTGAAGGTGTTAAAAGTATTTTCTGAGGAACACAACTATTCCATTTCTCGATCCGCGAAACACGGACATAAGACCACGAACCAATAACAACTAAGTCATAATTGGCCAAGTTGCCTGTGCCCGGGAGCGGGTGATTCTGACGTGACTGGAAGGCGGTTGAGGACCCCCACCCCACGGTTAGTCTTCGTCCCTCTTGCACGCTGGTAAGCTACAATTCCTTCCTACCGATTCGCCTTTGATCTACTTTCTGATGGAAGACCAAAATGAGTTCCGAATGTTCCAATCGCAGAGAATCCCACCGCATCAGGGCTCACCCCTCTTCGCAGCGTCGGGTTAAGCTGGCAAGAATCTCCCAGGCACGTTGTGGGCTCATGATCGGCGAAACCATGGTGGGACAGCTCTGCGATAGTAGCATCTAGGTCCGGAGAATTGGGCGCCGGAAAGACACTTTGCCGGTACAAAACGGACAATCGACACGACGAAGTAATTAAATAGTCGTCGACTATGTTTAGGTTAATCCATTTGAGGATATCACGAGTCTCGTGCGATGGCAAACTTCTGTGGAACAGCAAGTACTCCCCGTTATGGGACTCACGCTTGACAATCGTTGAAGGACTGCATTTGTTATGATAAGCGTTACTCCGGGAGTGTGTAAGGGAGATGTCGCTAATCATAAAAGTCGAGCTATATCAGCCCCTCGTAGATCATAGGATGAACTGGTTGGCTGAGCTGAGCTGCCATAAGTAAAGATACGTTTCTGACGTCCTGGATACCCTAGACAGCGCT,1803,49.42,Escherichia coli
SEQ_761726,CTTCTGCAAGGGCGCGCGAGTACCGATGTACCGTTCTTACGGCATAAGTACAACGAATCTGTCCCCGCTGGGAACCCAGCATGCCCCGACGTTGACGGATTGCTTGGCCTCAACGGAGCCATGCCACGACAAATTAACATTAATCGGTCCATGCGTAAAGGATCTGATGCATCGCTATATCCCACGTAGTTTTCGTAGGCGACTCCCTCTAGTGATAGGCCCTCTAGTAGAGGGCTTATTCAGTGAAGTCTTACTTAGCTTACCTAAATGAGGCGGCACTCACGATCTAGCTATTATGGTACAAGCCATCACATGGTCTAAGTCTGGATATCCTGCGTGTTAACTCTTGTGAATGCATGGACTACGTTCGACGACAATGCTCCGGCCTAGGCATTTGTGGAGAGTAGAGGTCACGAATTT,420,49.76,Arabidopsis thaliana
SEQ_830937,CACCATCGCGACGCAGTTGGGACTGATGCTGACCCGCGGGGTCTGTCCATGGCTTATTACTGCGCGGTTTGTAGACATACTGACACGGACTATGGAATAGAGCAGTGGTTTAGGGGTTTGATGGCATTGCGCATCGGCGGGGAACTTTAAAGTCCGTCAGACCCCTCGCAGGGAATCGTCGGCTTAAGAGTATCCGTTTCGTGTCCATGGCAAAGGTGCGCGTATGCTGCCGGCCTATGTCATTCACCTACGGGAGTGGTTAATTGACTGTCATTCTGCTCCCTGCCGTTCGCAGGCCCACCCGGCTAAGGACTTTGCTGCGGTCTGGGGCCCATACGCCGTGGAGTAGGTGACATGAGACCCCAAGAACGCCACCTCGTCTGCTGGCCAGATGAGCACGATCCACTACCGTATGTTCATTAAGTTTGATCCAACGGGTTGGTGTCCCGTAATAAATTAAAAGTTGCGGTGTTATTCTTGCACATAGCGCACGTAATGTACGAGAATCACAGGATATTGACAAATATGCACAGGTTAGTTGAGTCTGCAAATCCTGCTGTGCGTGATCATAAAGTTGCCGACGAATTTTGGCTTGCGCAACAGCTTAATGCGAGATCGACGAACCAAGTACCAATACGAATAGCCGGCCGGGATTGGCCGAGACGAGGGGAGGAGGTCCGACATGCTTC,689,52.83,Arabidopsis thaliana
SEQ_558498,TTAAAGCCCAATTGCCAGTCGTCGCGCGTACTGTCCATATAACGTTTTTACACCCTTCGGAGTTCGTCCCTGACGAAAGTGGAGTGTCTAGTCACCATAGTACAGTACTAAGAGCGCATTGCTTATCACTTTGGACTCGAAAATGCCAACAACCGGGGTTAGGGGTGAGACACTATAGTCCTCAGAGATTTAGCCATTGCTACTAGACTTTCAGTGCAAGTAGATTAAGGGCCTGTCCTTCCCATAGGACCCGTTTTTCGACTCAATTTGCTGCGACCAACGTGCTGAACGGACATGGAGGCTTGAAGAGCGTCGTTAGAGGACCCCAGTAGCTTCCGCTAAAGACTCTTCGTCCCGACCAATCTTACCTAAGAAACACCGAATCAGCTGTACCGTCGACAGTCGTTATCGCCTGGTCATTTGGTTACGACTGGTAGGATGCGAATGAACGTTTCAGACAGTGTCAATGGTGGTAACATGTGCCCTGATAATCTCGTTAACTGAATGTTTCTAATCAGTCCGAAGTCTATAGTCTTCTAGCCGTTCAATAGATACAAATAAGCGCTTCGCGGGTCTGGCGTCTTGGACCCGGCTATAGTCATTGCTCGTGAGGTCTCACTGAACGGGATCAGTTGATGTGGTGCTACCGGGAAAACGTGTAATGAACAGCCTGTTTGTTGGTATGCTCAGCTACCCTCGGACCTTCTATCGCGACCGATTGAGGCCAGATTTAACTCGGCTGGCATGGGAAAGCAAAGTCCAGTGCGAATTCAAGCGTGCGGGGGAGCTACCTTTAAACATGAGGGGAGGAAACACTTGCATTTATGACGATTTACAGCAGGTTCACGTGTAACGTGGCGGGCCTATTGAGTTTTCCAAGTCAACGTGGAATGAGATTCATGCATTAAGTCTATATCAACGGAGACCCTTTTGCGAGTACGGGGACTAACAGCGAACTTAGGACATGTGCAGACAAATCTGGAATGCTCCGCGCCGAATAGAAGTTGACTGCCTCTTATTCATCCGTCTGGTGACGTCGGCAGGCACGCACGAAGGGAATCCTGAACCAGCCGCACTCTCTCACGTGCGCTACCCGATCTCCAAGTATGTCAACACTCGCAATACTCATTTTAGCCGCGTGGACCCCATCTTGGGACCCTCGATATTACTCAAGTACATTACCGCTCGGACGTTCGAGAGCGGAGTCCCTCTAGACATGATAAATGCCCCGTAGCCGGGGAGATACCCGGTGGGTGCGATAAGCCTATTGATTGGTTGCGTATGTTGCTAAGTAACGAGACCATCTTATAATGAGCACTACAAGGTCTTTGAAGAGCCTCTAACTTTAACTATGGAGTTAGTGGGACGAAAATTAGTGCCAAGTAGTCGTCACGGGCTAGCACCGGGAACGAAGAAGCGTCTCCTGGGAAGACTGCCCCGGGAGAGCAACTCAAATTGACATCCTATCATGACAGCAGGTTCGCGTCTGCCTTTGCCTCACTGAACTGCTGCTCATATTGATCTCTTCCTGGCTGGGATCCCGAGCGTTTCGTCCGTAGGAAGATACTGGTCAGAGTAATATAGTATTGCTTTGACTTCGAAAATAGGCATTACGCTGAAAGACACTGCCAGGTAGGCCGAGCCGTCTTGACGACGGGTGGTAGTTGCTCGTATGGGGATGATGCCTAATCTCCGTATCGGCCATGGCTTGCACTCCCCTCATCGGATGACGGCGCTCTCTGTAGGTATTCTCTTAACATGGCTGGAAGGGGTGGCCACCAGCTTGGACCCTGA,1794,50.11,Homo sapiens
SEQ_673671,TCTGACAGACAGTGACATCCCGTAAGGCCTGTAGGACGTCTATTCACGAATGAACCCAAACTGAGATTGCGTCTGCTCGAGTGGGTTTAGAGTAATCCAAGAGGGTTCGACACGTCACCCCTACGTTCTGAGGGTCCACGTTCTCTGCTTACGTGTATGCGACGAAAACTGGAATTGGAGCAAAACGTCGGGCAGGGCGAACTTTTGAGGTTTACATGGAAGTTACCTGCACACGGTTTATTGTGGGCGAGGATTAAATCATATATTTTTCATTAGAGAGCTCGTCTCCGACCGCTGCTCTAAGTATAAGAGTCAACTAAGATAGGTGAGGTATTGTCGGCAAACTGGACCGACTTTTGCTGCCCAGACGGAAGGAGAATTCGCCTCGTAAACCACCGACATGAGTGTCAGTTATTAGGCGGATACTTAAGCAAGCGACCTATATCTTCGGGACACTTCTACTGCGCTATCGTTGCACGCATTAGCGGGTGCCTCATGATAAAGTCTGACCATAATCGGGGGTGATTAGGAAGCTCTTTGAGCTGCACTTCTCATTATGATTCCCGTAGATGGACACCTGGGAATGCTCTTATGAACAGTCCAAACATTACCGAGTCTAGGCCGTTTGCTAGGCCAATCGTCGTCCATTTGTGTGACATTTCAAGTGTCTCCTTAAATTAGGTACGCCGAGGCTTCCTACTGGTTCGCAGGTAGTGTGAATTCTTAAATGTATGGCGGACAAATATGCACGCGTCTGGCTAACAGAAGGCGGGTAAACGGTAATGCCTGGGAGATAATCACTATACCAATTTAGTGCAATGCTGCGGTGGTATAGTCCGGTGGAACCGAACAATCCTAAAAGTACGTTTCTTTGGGATAAAATAAATCCGTTTGCCTAGGGCGCAATAAACGTTTGTCTTCACCCCTTGGGTGATTTACTGTCCGCGTATTCTACTCCGATCACCAAAGGGGACTAACAAAGTGGGTCGTGAGGGTGAATGCTTTCTGGCTGGAAGGGATTCCGCGGATACGAGTAAAAAAGATAGCCCATCACGCAAGAGGATGTTAGACGGCGTGCCTGGTAATATACTTTCGGGAAACTTGGGCCGTCAAAGTTGCAAAATGAGGACCGGACTGGGTCCAGGGGTAATCGCGAGGTTTGCTGTTGGTCAGAGAGTTGGGTGCATCCTCATTTGAAACTCGAGTCCTGTCACAGTGCACATTGATTCACAAACCAATGGCGTTCACTGAGGGACAATCCCATAGCTGGAGACATTTAGACCAAACAAGCATCGCACTCGCTAAGCCTACATTCGCCCAGTCATCCCTATTTCGGCTTTTATCGCGACATACTTGGACGGCCAGCACACAGAAGACCTTTCGATCGATAGCAACCGGACGTCAATAAGAAGAAAAGCGTACATAAGTGCCTATTAGTTCCGGTCTGATTCGTCGCGTGAGATAGCAAGCGCTCCGTGGGTGGATGGGAGAGATACAGGAAAATACCATCAGTTCTTCGGGCAATAAGGATGTGCGTTCCTGTGCTAGAATGCGCATTCCAATCCTATATTGGTCGTCGTAATCGGTTCGAAACCTCACTGCCATATAGCTTTAAGTATATCCAGTCTTATTAGTAATTTCGGGCCCCGACATATTCGTTGTAGGAGTTCGAACACGCTACCATCGCCGTTGAAACTGGTTGTGTGAGAAATTGCACCACTGGAGTTTTCCATGATTATGATGGCGTGTACTGAGCTCCGATAATTACATTTCTTGGATTCAGCACTTCGAGGGATAATGATCGTGTAAATGATCGCTTAGGACACAAAACCCCCGAACCCTTCGAGCGGGCCACTGACAGGCCAAATCATATTGGAGCAAAAGACCTGCCAGGACAACCCATCCTTAGTGTACGAACCGGGCCCCCTATACGGACAGCGCTATTAAGAATTC,1953,47.88,Caenorhabditis elegans
SEQ_270178,TCAGCGCCGTGAGATCGCGTAACGGACAAATATGATCGTGCACTTACCGGTTGACCCAGCGAGGTCGTGCATTGCCTCCGGCCTTAAGAGAAAATCCACTTTATGCACTATACTAATAATGACAGGCCAATGACTGGATCAATACGAGTGTCAACTGCCTACGCACGTGGTATCTCGCTGATTCAATGCGCTAAGACCTTAGGCTACTTATGTACGATCTATTTAAACTTCCGGTAGTAGCGCGTAGGGACGAGTCTAAGCTGCTTGAAACTCAGGCTCTTTAAGTTTGCTAACCACAATCAATCTTTCTCTCAGCCGAAGTAAGCGACAGTCCACGTCATTGCTGTGGTAAGTGATCATGCTACTGTTTACGTCACAGGCCAGACACGCCTGTCACAGGGCCTTGGCGCTTTTGGGCCACCTGACCTTTAGGAGAACCATGAACCCCAGCTTATGAAATGACAAAGACATGCTTTTGC,479,48.23,Saccharomyces cerevisiae
SEQ_647800,CAATGAAGTCGTCGATACATGGTTCCCCTCCGTAGTGTGGTGCAGACGAACTTGCGGAAGGACCCCCTGTGCACGATGTAAACTCAGAATTCAAA,95,50.53,Saccharomyces cerevisiae
SEQ_298671,CGGGCCGCCGACTGGGAGGGAATGAATTGAGTCTTGACATAGTGGAGGACCGGCAACTATTATAAGATAGCATTGAAATCGTCATCGGATCCTACCGCCGAGTTCGTTATCCATAAGAAGTGTCACTGTCATTCCACCGCGGCTCTGTCCTTTATTCGCAAGATCCTTAGACCGGCATTGCCCTAACAAAACGAAAAAGCTTTCGACGAACAGTCGGAACGGGTACAAATGTCCCATGAAAAGTAAC,247,48.18,Mus musculus
SEQ_746405,CGCGGACCCTAGTTTCAATAGCTAGTCGAGTCTCTTGTCTTTCCTTAGGCACCGCAACCCTCTAAGGAGGCTGCGTTGCTACCATGCTAGCCCGTGGGACAGTTGAAGACGT,112,54.46,Homo sapiens
SEQ_244603,AAGGAAAAGCGCCCAAGTGTACCAATGTTATCCAAATTACACTAATTTCACGAATACTCGGTGCGCTAAACGGTTCACGCATATAACCGCTTGTGTTACTTGCGAGCAGGTGCTTCGCTAGCCGAGTGCTGCTAAGACGAGACTTCTTCGATCTTCAGTGAACTAGGGTACTAGTTCCTCGCAAGCCCCTTAAATCGTTTCGTGGATCTATCGCTCCCCCGAAAGTACGTAGTACCCTTGCGTCACACCCATTATTGGGTTTGCTAGAACAATTTGGGTTCACGACACCCTTGCGTGCGATAGTTTGGCCTAATGTACACGGTCAACTTAACTGCGCCTTCGTCGCGCGCGTCAGGCGATAGGCCCCTCCTAAAGATGCGCGCGTGCATCGCAGGCATCATACAGGCAGCTTGTGGCTATCCATACTGAAGTCGTTGCTGTCTAAGTGTACGATTTTAATACGGCGCAACACGAGATGCTATGCGCCGTAGGTCTAGGGATTCAGTATTTGTACCGCCGTCGTCACATTAGCGGTATCATAAATCGCCCCCGGCTACATGAGACTGATTCGTCGACCAGTTGGTAAGCGTAGAGGGAAGATTATTGGATCTAAGTGACGAGCGAGGCGAATGGGTGGACACGCGGTTTGGAACAGGATTGCCCCGTGTTGACTAGACATGCCGCGGTAGCGTCGACCGATGGGGGCTCTATTCATGTGCGGCATATGGTAACCAGCACTAGTCTGGGTAAATGGTTTAGCATATCGAGTTCACATGCACGGCAGAGGTATGAATGTAACCGCAATCGTATTTTCCATTTCACTATAAAGCTGCCAGCGTGTCATGTCCTGCGACATGTGGGAAGCTCAACTTGATGAAGCCCTCACTGAACGGCCAATGGTTGATCAGCAGAGCTGAATATTTCTTGGTTGGGGCCGCTTGTTGTCGACCGGTCTTCAGGTACTAGTGCTGGCAGTCGTTACTAGCCAGCAATGCCGGTGCGCGGAAGTTACCCGCAGGGATATAACACAGCTCCTTATGACGTAATAAGGAAGGCTGAATGTAGTCGAGATAGCCCATTTGTAATATTATCCGCTGCACAGCCCGCGCAAGGCGGCGGTTATGAAATCACCTCGTGACAGCGCCACGAACTAAGAGGGGCGCGCCCGCCAGATCCGTCTGGCAACTAGGGCCCGTATTCATTGCCGCGGAATCAGAGGGTACGGATATAGACTCTCGGGACATGGGTGGAGGTTCTCGAGTCGCGTGAAATAAAACAGGGTGCGCTGTTATGCGTGTCATGAGAGGTTATCGTCATGTGTCCAAGAAAATGCGTCCCCCCCCCATGTGGATCGAATTCCGCCTATGAAACGCGACGGACAGTCGTGCAGTCAGCCTGATAGTGGAGTTCACAGATGCAGCAGTTCCGACAGACTTAGCACTTCGAAGAAAGAACCGATTCCAACAACACTCGCAGCACCGGGTGCTATTCCCCGTTCAGTGAGGGCCGGTTTAAGTGTAAATTCGAACTGAAGGACGTTCTGTGCCGCGGATTACCCCACGGTTCAAGGTCCAACGTTGCAAGATTGATAATCGTGCCTTAATGCAGTACCGCCATGATAGCCTATCGCAACAATGGGCTGAAACCCCTCACTTAGGAGGACACGATGCCCTATCGGGGCAGTTGAGTCGGGGTAGATTCTAACCTTAGGTGACCATTAGGTCTGGGCGATTCGCCTGGCATACCGCAAAAAGTGGAGCTCACGGAACATGACCAATGGATATCTCCATCAGTTGTTTACGGTCCCTATTCCGGTCTGTGGTTAATACTGTTAGCCTAGCTCTAATGGTCCGGCTCTCGATGAATAGCAGTTAGGGGCATGCTGTGACCTCGCCATCCCTCGATTCCGTCTGTGAAGACGGGCAGCAAGGGCGACTGAGTGTTCAATATTGAATGAGGATATCAATCTGACTTTTTCGCTCT,1983,51.44,Escherichia coli
SEQ_765505,CTGCTAAGCGCTGGCCCTTTACCATGAGAAATTTGTGATCGTCGACCGATGACCCATCCGGTTTGATTACACCTGAGTGCAAGTGGTGCGGTTAGCTCGCGCCGGTTCTATACCGCTAAGGGCAAGGGAATTGTATGAACCATACTGCGCTCATGCGAATTCCCTTCATGTGGGTTATAGCCTTCAGCTTCGGTTGACGCACGGCAGGCAATATAGGTATATGAACCCACAGTCACAACCGCGCCTGGAACGAACTTACGACAATGGTCAGCGCGCGGGCAGCGCACATGGGGAGGCTTATTGAGTTGGAGGCAGCTGACGATAGAAAGGGCTCCCGTCAGGCTTTAGAGCCAGTACGATTGTCATACGGCGAACGTGCTTCCAGTCCCTATGAGAACTCCCCAGACACCTAGGGAGGTAATCAGCGTCAGTCTGATTGTGGACGCACAGCGTGTGCGTTACTTACCGTAAAGTAATCGGCCGGTGTGATCGGATCCCTTAAAGGTTGGTCGATAAAGCTGAATTTTTGCGACTACGCTTTCAAGTCAGGGACAAAATCCTGTAATCTGCTATGGCGAAAATGCCCACATGGTGTACATCGATACGACCTGCACAAACCGGATTGCGTGTATGGTCTAACGAAACCACAAAGCCGTATTGATAAACTGGTTCTGAGGCATCCGCCAGTCGTCTAATGCTTGTATCAAGCTTTGCCTCTAAGTGCACACGTCGGCTCATCACCCCTCCAGTTTGCCTGTTAGATACATAGAAAAGTTCCGCAAGCAGATGAAATCCTTCAGGGCCACGGCAACAGATCCATTCACACCCGTGCGATTACTCCCCGGAGCTAACAGCACCAATCGGAACCCTCCTCCTTATCTTCTCTTGCAGAGGCTATTTCAGGTGGCGTCATTCATGCCTGTTTGCGGGGATTCGTTTATACGGTGGGGTCTGGTCATAGCGGAGCCAAGATACACCTTGACAGCAGTAGGTGACAAACAAAAACAATAATCCTCTCGTCTACTATCGTGCCCCTCCAGTTTCGGACGCGGTAAGCAGCCACCACTGGGCGTGAATGCTAGACTTCTAGCTGGCTCGAAGACGGACACGAAATCCAAAAGTGGCATGGTCACCCACCACCGGCCTGGAATATTGAGATTATGCGGTGATCAACCCCCCCTATTAGTGACCAGTTGTGACGAGGGCATGACATAGTGTTAGACTTCCGTGGTAGCTTGTAACTTTGCTTATATACAGCCTTGAGGAAAGGTATGTCGTTCTCAGGGGGCATCCTAGAGGGAGCGCAGCGC,1310,51.37,Mus musculus
SEQ_564158,GGGAAATAAGGATAGCTCTGGTACAGGCCTGTGCTCGCACGGAATTATGGTCTCTCAGAATAATCCTTACGTAATGGGAGCCGGCGTAATGGACCATTACCCTTTCGGCACGAGTGCAATCAGTCAAGTACTCCAAGCGTCTGGAAGCACCTTTGGTTGTATCGAGTGTAGTTACCTTATCGCGCGTACAACTATTCAACTCACATAAATTTAGCAGGACTGAGCGAATGTCATAAGATTCGCGCTCTATCTATGGTGGTTGAATCTTCCGACACTCCTCTAACGACCCGGGCCGCTCTTCCACGTCCCAGACTCACCCCCAAGCTTACCAAATTTCCGAATAACGAGGCCTCGCGGGGAGGGAGCTAAATCAACGGCTAAGCCCCAGTTGAGGACCGATCTCTACGCCTACAGACTCACGGAAGATGAGCTGTCCGAGAGCACCTGCATCCGCTCTACGCCCCGCGCCGACTCTGTTCTAGAGATCGCCAGGACTTTATTGAGGAAGCTGATCGAACATTGGAAACTGCTGAAGAGCGAAGAAGACTACGTTTTGTGCCATGGATCGGATATAGATGGGTCGAAACAATAGGTCTTGCATGCTACGCAGATCCTCTCACCCCAGTCAGCGATTTCCCTCAAGGCGTTACAATCATATGTATACGCCTTTCGTGCAGCCTCTGGACATTGCTGACGAACAGGTAACGGTGTGGCTTTTCCTCCCTCGGGCGGTGAAATCCCTTGGATGCGACCAATCTAAAATTAAAGGCCCGCCTCCTCCCGCTAGCGACGTCTTGTGGGCCGAGTGAGGGGGGTCTGCATACAGGCGCTTTCAAATATGGTCTTAGTCGTAGGAGCGAAGTTTGAGACGGCACTACTAGACGAGTACGCAGGATTTGAGATGAAAACGCAGACGAAAGTGCTTTGGTGGCGTAATTCAACCTTCCAACTGATGATATTCTGGAGCAGTGCAACCACAGTTCAGGACGTACCGACTTGATACGGATGGTATTGATGCAGCGCGGATTCGGTTATTACCTTCCTCCCCACGGTGTACGCGCCTACCGACTATATTGAGTATATGGAATCGGATACCTCTACGGGTAAATAGTATGTCAGTGATCTTTTACGACTCACGAATCGCCCAGTCCATCCATGATTTCACGAAATGGCCTCGCACACCGTGGCTTTCCATTTTTTTTCCCCACGGTGCCCGACCTAACTTCCTCGATCCGAATACGGACTCCAATCCGCTCTTCTAGGGGTAGTCGGGGGCGAAGTGCGAAGGTGAACATACCGCCTCCTACGAGCATCCCAGTATACAATCCCTATAAAGACTATCAAAGATCTTACAGCTTTCTGGGAGTTCTAAAATCAGTTCTATCGTTCAACCACC,1396,50.5,Saccharomyces cerevisiae
SEQ_721441,AGGCGGGCCGGCAACACCGCAAGTTGCAATTTATCAAGTCAACACTGGGGGCCCTTGGACATTTCGGTGGATAGTTCCTGGGAGGCTACTCTAGGAACTAACACGCATCGGATTCGTATTAGACTACTCGCCGGCAATCCGCCGTAGTGCAGGGTTAACAACCAGTGAATTATTATCTTAATCGCCTATAGCACTCTAGATCTAGGTGGTTGCGGAATAATGTTGCTCTCTAGATTTAGGTACTTCGGATAACGGGTTCGGCCCACCTGAGTATGATGCTAGGGAACACTCGGCAGTCCGGATCAAACCAGCACCACTCAAAAAAGTTAATCAGATATACAAGACCGGGGAGT,353,49.01,Escherichia coli
SEQ_715007,AGTTTGTTATTTCACTTGTCTGCGTTGTTTACAGGACAGGGTAGACGGATATCACTGTGGCCCAAAACGGGATTAGACTTACGGTTAATAAACGCGGAAAGTTTATACATTTATGTCTTGACGCACCCGATTACATCTGAGCCACCAGGTCATTGCTCCTCAACAATGTAATTCTGATGCCGCAGAATCTGAAGCACGACATATGCAGGGGCGAAGAGCGGCGGGTGGTGACCCGAACACTGAGGAGTTCGGAGAATGGCCTTCGTATTGATGCTTAGTATAGGTAGGATAACTAAACTAGCTAATCAGGGGCATCGCCTAGGGTATTCTCCATACGCGGGGTACGCGAAATGGGCAGAAGCAGCTGCTACCCGTACGTATCGATCAGGATTAGGCATGAGTACACCGGGATGTGCCTTACACGGCGCGCATTGACTAGTCAAGATCGAAGGCACCTGAAATTCGTTTAATTCGCAGGAATAGTTCACTCCTTGTTCCCAGATTCTGTATCCGGTGCTTGAAGGAACTTGAATTTTGTTTTCTCCCTAGTGCCGATTCCGCGAAGGGTTGATGTTTATCAATATAACCCATTGCTGGTAGACCTTACAAATCGTTAATAGAATGGATAGCGTGTGGCGCCGTCGACCCGCGGGTCTTGACAACCCTAGTTCGCACTCCACATGTGTGCTTAGAACCAAAATCTTCTGAAACCGGCAATTTCGTAGTGGTGGGTAGCCGTGTGTTACAATCACGGAATAAGTAGGCAAATTGCCTATGGCGAAAGAAACTGGGGGCTAACGTAGAGTGGCGCTTAGAACGCGGGTGAGCAGTGCGACACGGCACCCCTCTTTTGGTCTAGGCTATTATTAGCTTATCGAAGTGTGGGCCGAGCAATCAAATGCGCGTAAGAGTTCAACGCAATATTTCTGAGTATGTCGGGTAATTAACCAGGTTCACATGCAGTGAGAAATTCGTTCGCCGGGGTGTCAACACAGGAACAATCAGTCGTGGAAGTATATTTGTTCAACGAGAATCGGGGTAATGCGAGTTAAGGTCTTCTCTGGTCTGGTGCGTCCCCGGAATTTAAACAAAAACCAGCAAACTATTGATTGTCGGTAGATAAATACAGCCTAGCTACTGTGGAAGCCTGAAGATGTGCACCTTTGGCCCAACGCGGTGCGCTTTACAGGCGGCTGGGTTAGTATCGCTGGGACTTCAGCCCTGTACCTTGAAACCCTTATCGTTAGGGTTTCGGATATTGAGATAGAAAGGTGCTGACAGCTTCCAAGCGGCATAACTAGCGACCTTCAGCGCTAGTCCAGGTCGTGATCGTGTCAGAGGGCTCCGGCAATTTACTCAACACTTCAACACGTATGAAAGCTAATTGATTATAGGGCCCCGCCTGTCCACTTTCATCCCTGGCGAGACAGTACGAATCAACTGAACTAGTGTAAACGATGTTCTCCGGCACGTTCCTTGTTGCATTTTACAGCTCCGCACAAAGTCCGCAAGGGGCAGTCTATTGTGTTCTTACAGGCTACCGCGCTAGCAAACCAGCGGGAATCTCGGCCTAAACACGCTCATCCGCCGCTACTTCCGGTGTGTTCCGAATGCGACAAGGAGTGAGAGTTCCTACTGAACTGCTATTCCGAAGAAAACTGGCCCCCCTAATATATTCTTGCGCTCTGAAGTCCCTCGACGCTCCTTGTCCTTAGAGGGTCGAAGCGTCTTCATACGAGTCGTTTTGTCGACACACTCTGCACTGAGGGCAAGAGTAGGATGGCATCCCATTCAACCTTCCTGGTTAACGGGGATGTAAGCTTTGCTGTCATGTCCGGTCTGACTGACTGAC,1852,49.19,Drosophila melanogaster
SEQ_187797,CAGGAGGCGCGTTCTACCAGGGCGGGTTTCTCCTTAGGTGATGGAATTGTGTCACCGTGGAACAGGGATAAGGGACGCATTCACCACACTTATATCTGGCTTAAGCCAAAGTTTCCAGCAATCGAGCGCCTGACATGACTGCAGATATTCTGACCATATATT,162,49.38,Caenorhabditis elegans
SEQ_222033,CTGCCAGATACGCTTCAGGAGTACCTACAACTCACTACTGTCTTCCCGGATGTACCTTTAATGCTCGTAGCCTCTTTGCTACCGTGGCTGAGTTTTAGACGTCAAGTTGCCTAAGGATGCTCATAGGCCACGATTATTGAAGGAGTGAACTCGGCCTTGTTCCACCGCACAATTCGACAATCAGCGTGATAGAGGGGTAGTCCCAAGCACCGTCTTGGTCTGTCTAAAGGCTATGTCTCATAACGTAAGAGGCACAGGTCTGTATAACGACCAACTAATACCCCCGATGGGGTTGACGAAATTGTAACGCACGTGACGCGGAGTCCTACTTCCACACCTAGCTGATGTCGACCTGGATGTAGGTATCCTAAAACCCTTGTCGCCTATGTCCCCATAGAGACGTTACCGTTATATCTCATTATAGGCTGCCGCATCAGCCATCGTATGAATTTCGAAGCAGTGGCAGCAAATCCGCTGCCGCTGGGGGTTAGTACACAATCACTGGGTCCAAAGTACCCCACGGGTGGCTCGGCAACACACGGGCGCAACGAAATACCCAACGTAGCTGACGCCACACGACGATCAGCTGGGGCGTATGGACCCCACGTAAACGCAACGGGCAATTATCCAGCTAGGCCGTGCATGTCGTGGACCTTGATGGGTGATTAAACATGTATGGCAACGGCCTACTATAAAAGCTTCTCATACGATCCAATCGCTAGATCTGCAGAAGGCGGGGACTCCCCCGTGGGATTCTAGGCTGTACTTCCAAGTTCGTATTTTAGTGTTCAGAAGGCACGATATACAAGACCTCAAGGGGCATCTCATCAAAGGAGTTTGAGACTCAAGTTCTACGTAACATCACACGCTAAGTACTATGAACGACTTCTGGAAGCCTTGCTTAGGAAGATTCCCGACGCCAAAGCCCCTACGCCGCCACGTACCTCTTCAACATAACAGTGTTGTGCCTAGAATAACGACGGAACGTCGGCCTTGATTAAGACACCCATTCACAGGCCGTGGCGTTATGGTTGCGATATAGCGCAATTCAGAAATCGTGACAACCCTGGCCTGTTAGAAGGTAATCTGGTTGTTTCTGCTTAAGGATCCCTGCAATAGTCTTGTCGCAGTGGAACGAACCTCATGCGGCAAATAGCGCCGTCTAGGGCAATAGCAACTTTAGGGCTTCGTTGATGTTTTCGGTCGGGAGTTTCGTTTGGGTAGAGATGCATCGAGCTGGAGCCGATCCATGCTGCTAGTTCCTATGAAGGTACTGGAAGGATCATCAGTTGCACGCCG,1299,50.58,Arabidopsis thaliana
SEQ_479603,CACACTTAAGAAACCCTTGCCAACGACGTATTATTCCTTGTCGATCGATGATGTACGAGAAAATGGAAATGTGGTCATCACTACTCCTCATAGCGTTTGACGTTCAGATAGCGCATATTTCAGCAAGCCTTTGCGAGGAGAGAGACCCCCAGAAGCATTGAATTAATTGTTGACACGGGACATGTTCGGCTGTCCATGCAGTAAATACCCTGATCTGCTCGGGGTATTCGCCTTATGCCTTGTTTCAACCTTCTGTTTTACGCCAT,266,45.49,Escherichia coli
SEQ_920400,GGACAGAAGTTCCTTCTCGATAGAGCGTTCACGTGTTATAAGACTGGACGACGCGCGCACATGGGCCTAGAGCCCTTAACCTACGGAGGTCACATTATTACGATAGCATATCCAGACGTCGGAAGGAAGTGGGAGAGTTCCACGCTGTCCGTCACCCTCGAGTGACATGGGGAGCGGAGGCCAAAGCTTGCGACTGACCTTCAGCACTTTACAGTGACCCCAAAGATGGGCGACCGATACCGGTGCCACTCCGGACGAGCAGCCACATGATTTCGCATACTGACGCCAATCGAAACTTTCAAGTGAGATGAGTTGTCGAGGCAAGTATGCTAGTCCAAAGTTGGTATACATCCTGTACTCAATTCCGAAACGGATAGTTCTTGACGTCGAACTGTACGCATCTGCAGTCGCACGCGCCGATCCACACGCGTCCGACCATGCGCACCTGGGTTGTATGCCTGGGTGATCGTGCAGACTAGCAATTGGCTGGTCATAAACGGCCACAGTCGTGTACTAGAAAGGACGTAATTGATCTAATATACCTTCTCTCACGCAAATAATCAGCCATTTTTTTTCTTCGGCCCCCCCCCTACTAACAGAACCTTATGTTATGAACATACCCTTCAGTACGACTGTCACTGATATTAAGTGTTAGATACGCTGCTCCACCATGTCTGCTCTTGCGTTAGATCCTCTAAAAGGAGCTGAAGGCCGTCGAGGGCAGGGATGGGGGATGGCATCTCGCTAAGGAATCACGTCTCACAAGGCGGATGGATAATGTGTCCCGACTCTGTTCGCGGACTCAGGGTCACCTTTAATCGCGAACGTTGCGAAATAGGTTCGCAGACTCAGGATTGTTCATCACCTTAGATGCTTAGTCACAGTACAGTTATATGTACATCAGTCATCTTGCGGAGTCGCTGGGGTTCCGTCTCTATGGTGTCAAGTAGATGCATCCCTGAATTCTGGATGAAGTCAAACGAAGAGTATAAAGTAGAGTCTCGAGGTCTGTGGTGGTAGGAAAGGCCAGTGGTGCTACGCCTCTCGTAAAAGTACTCGTACGAACATGGGTACCTTTCGACCCGCCGACATTGACGGCGAAGTCCATTCGGGGGCTCGCACGTTATGCTCTCGACCCTGATACAACATGCACACACGATTAGTCGCCAGCAACTCAGGCCGACTAATACTACACTAGCGTTGACAGACGGGCCGATGTAGGATCTAGCGCCGTACGGCGGCCGTCAGACGAACTGACACCACTCAGTATCCCACTCGGTGGATGTTCTATCCCGCAGAATGGGGTTTGATTGCAGCGCGCACTAAATGGTGGGGCACTAGTGACCCTCGTGCGGAAAGCGTACCATACTTCAGGTCGTCGTGGAGACGCCTGACCGAACTGAGACCTAGGGTATGTGATTCTTCTCGGATATCAAGCTTCGGACACAATGTTGACGCCCCCCTAATGCGTGGCACAGCCGAGAGTTCGTTCCGATCACTGGCTATCTTGATGTTATAGCCGACGCGGGACCAAGCTAGCTTGAGTGGTAGTATGTGCCTGACTTAGATCGTATTCCTCCACAAAACGTTGCCCTCGTCGGGCAACAGCTCGAAAGCTTTTCCTACTAGCCGCCCCGGTCTCAAGTCTTAAGAAATTTCACCCGGCCCTGTACTCCTTCCTGCTTTACCCTTTGCCTGTCGGATTCAAAAATCTGCCTTTCATGTAGTACGATTCTCCATAAGGTGGGGACGTTTTACTCACACATATTTAACCCCGGGATGGCATCGAGGGCTTTGTCTGGCGCAGGAGAAGGCAGGTAGTGGATACAAGATCAGTT,1838,51.58,Saccharomyces cerevisiae
SEQ_599124,CTGGACTACTTCCCAATCCGTACCTGGTCTACTAAACCAGTCAAGTACGTGCTACTCATAGTACAAACCACGCCTTGTGTGCAGCTGGGGTAGCCCCGTCTCCCAGTG,108,53.7,Drosophila melanogaster
SEQ_513227,GGAATGGGAGGAGATGCAGTCCGCCGTTTTCAGGTCGGGGCTCGCATGTAAGAGGTAGTAAAGGGGAACACACAAGACTTGTACTGACTTAGTGGCCGATTATGCGGTGCCACCCTATTTTGACGCTCTGTTAGCTTATCTGCTCATGGTAACCTCTTGTCCCTAAACATGTGGCTCAATAGGCCATCGGATGTCGCTTCTAATTTACATAGATTAAAACACGCGGATGCGTTAATATGCTGCCTAGGACCGCCATTTCATGTTCGTGATATGTACCTTACTGCCTTGCCGCCCCTGCTAACTAGATATATGCTGGAGCGGTATAGCCTGAATAACTTTGAATTCTCCTCAAACTGGTGGTGTCACGTGCCAAATGATGTCGCAGTCACGGTGTTTTCTGTTGTTGCTTCATGTCTGCGTCATTTGTAATGTAAATGTCATTGTGCAACGAGCAATAGGGGTCGCCCACAGGCATACGCGCCTGGGTCTGACCCCGGATCCGCGCAGGACCAATGTGCCTCGACTACGAGTCCATAATCCGGTCGGGTATTTATCAATCCGCTATCATGCTCACCTCGATCGTGCGCCTCTGTAGAACCGTTGCAGTCAAGTGAGTTCGACTCATGCGCCACGACCCCCACGAGTTTGTGGTGTTGCAAGAGCGTGAATATAGTACGTTGGCCGGCGGTAGGAGCCAACAGCTCTCAGTACTGATGGAGTGATAAGTAGAGAAGGACGGT,740,50.41,Homo sapiens
SEQ_630014,CAGCAGCATACTCCTCGGAGGCTTCTCGAGGCAAGCGGAGCACTTTACCGTAGAAGCCCTCCAATTTCCGGGCTAACGTTGTCCCGCGATACAAGATTGGGGTGGCCGTACCGTATACATTGAAAAAGACTC,132,53.79,Escherichia coli
SEQ_417466,CGTCGGCGTCTAACTCGGCGTGTGAATGTGCTAATGGGCCCTCTGCCTGCAGCGCTCTGACACCATTTTATTCCCACACCAAGCCCATGGGAGCTCACCTGCTACCGCCGATCTCGCTACATGGCGCGCACAGCAATAATCCTCATGTCCTGTCTGCACAAATGTAGCTCTGCTGATCCCTATACTACTTTTGCGGCGTAGAGCAAGCCTAATCCCTGGGTCGATATATTCACTTTCCGTCAACTGATCGGCTGGTAAGATAAAGCCAAGAAACGTCCGCGACTTGCATGTCGTGCCGACGTTATCATGTAAAATTCTCACCAGAGAACCATAGGGCATTTATAAGATGCGGTCAGTAATGACGAGAGCCTATCTCATGCGATAACTGCTAAGTTAGTGGGACGAGTAAGGGGTGTTAATATTCAGCTAGTCTTCGGATCTAACGGTATGACAAGCCAGGACATTCTAGGAGCATATTATCGACCAGCATTTCCACTTTAAGGTTAGAGGACTGCAGGACTCGACTGGTATATCGTAGCCCGAATGGAAACATGGTTTACATTAACTGCGTTACGAGTCTCTCCCAAGGAGAGGCAGTGCGACTCCACAATTCTGCAGGTCTAGCTCATGATACTCAGCCTTCAAGATACCCGTCTTTCCCCTATCGCATCATAATTTACCCGACCAAAAGATAGCAAATAAGTTAAAGTGTCGGTGTCATATACCATTTCTTCAGTCCTTTTGCGGGCCAAGGGGATCAGAGGGGTCCCGCTATTAGATCATGGTAACGAATACGCGGTGATAACCCACAATTGGCCCGCAGCCCACCATTTAATCTCCCCCCGCCTAAAGCCTGGTGGATATTTGGCTAGGTA,875,48.8,Homo sapiens
SEQ_632144,ACCAATTTCTGCCTTGATTGTCGGGTTGACTAATAGGCGCAGTTGACACTTCGGTAGGTGAGTCGGTGGGGCTAACAGCTGTCCAAGATCCTGCAGTCTGGCAGTCGGAAGTCCTCACATCGGTCCTGCCAATGTGCATTACTACTACCAGGTACTACAATCATGAGCCGGCCGCACGTGTCCCGCGCGTCACTGAAGAACTGGATTCAGTACCACGTGTACATGAAGGGCTGAGGAGTTTGTCAGCTTAACGGTAACGTACAGGTCATTG,271,52.4,Saccharomyces cerevisiae
SEQ_180443,GTTACCGAGCTCTGTATCGCTGAGGCAGGTATCGAATAGGTTGCAGCGACATAGATCACTCTTACATGTCCATACAACGGCCCTTGGGGAATCGTGGCTGCTACAACCCATCCGCGCACGCGTAACTTGGTTAGGCATTAACTTGACCTGTTACCTAATCCCCACGCGCGTTCTTGACACTGTCATTGGCTGTCAATTAGAACATGCTACTTCATGTTCAATCTACAACGTTGTACAAGAGATGGTTGCCAAGGTAGTTTCCTACTCGTTGTTACACCGGCGTAGCAGGCGATTTTGCTAACATGGATAAATCCAAGGGTGCTGTTCCGGGAGGAATTGCGAGTTTTCAGAGGCGTTGGGATATGTGGATCAGCCCGGTCTACCCGCAGGTCCTTTTAGGTCAGAGCTTTACACAGCCGGACAGATAGCAAACCTAGTCGTACACACTCTCTATCTTAACGTTCTAAACCTGTGGGTTCGGACTGGACTATTGCTGAACGTATGACGCTCCGAGGCTCCTTTGATGCTTGTTTTTTATCAAGCTGTCGTGCCCATCTAGATCGGGGTTCTTGGCATAAGGCGGGATTGGTCAAGGGCATTGATCTGCAACATGGCCACCAATGCCGCAGATTAATGCCTGATGCCCCCCTGGTACTCAGCCCTAGCGACTGTTCGAGTCTATAATAACTCATCTTGTTTAAATTAGCCGACAGGGCGTCTCGACTAATCGCGAGAGTTACAATGTTTGCAAACTGTCAACAACCGCCAGTGGTGTCTGTGCGTACAATACGACCTTAGACGTGAGCCAAATGCAAAAGGCTGGTTCACACTTGACCATAGAGATTGCTTTCGTGCATCCCGGGCCAACGTCCTCGGCATCAGGAACCATCATTCCACGTCCATTGTCGGCACGGCGCTGATTAGGTTGCACATATAGGTCGGCAAAGAGCCCTAGGCTGGGACCAAGTCCCGTCCGTCCTGCGATTGCATGTGTAGATTACATCGACGCACCGCGACTTATTCATGTGCCCTATAAGGGATTAACTTATTCCTTGTCTCTGCAGATTACTAGAAGTAATACCTTCCAACGTCTGAGCAATGCTTACGGTAAGCTTACGCACACAAGGCTCCCTGTTGGAGGAATCCCTTCAGCGCAAAGCGCAGCCGTGGGTGATTCCCCAAATCTACGTCATAAGACCAACATAAAGACATTCACAGCGAAGTGAGGCCCCATACGCCTACGGATTCATAGGACAACTCAATAGGATGTGTACAAGCCTCCCTTAGCGGCCTCCTACTGTATTCAATATCTCATTCACCCAGGAATAGTATTACAGGACGGGCCCTTAGTACCAATGTCCATAAGTCTACGACTCCGAGCCGGGCAAACACAAACGCCTGCAACACAACAGTAGGGCGTTCCCTACAAGCTTGCGGAGTGGGCCCTAATTTACTGCCTCAAGGCTTGATTTGGCTAGATCGGTGGATCAGCCTTGATGACATACCTTATGTTTATTGCGTGGCCACGGTCTCAGACATATTTCCAACAA,1550,49.61,Arabidopsis thaliana
SEQ_773922,GTACGCGTGCGGAGGCTCGATGGCAACTGTTGCTCCACCTGCGAACCCAATTGCCTGAGTGACAATTGTTAAGCTGTAGCAGTCTTTCAAGGCCTAGCATGGCCGCAGATCACTGGGGTCATAGGATCCACCCGTCTCCGCCAATAGACATAAACCATCACGACCCGGACATCGACGGAAGACTCTGTTCAAATGTAGATCCTTTGTTAGCTCAGAGCAAAGAGAGTCGTTTTTGCTTTACGAGCCGGTAGAGTATGGGTGGAGGTGCTGGGCTCTTCCTGCCCGCCCCGTACCTGAGGCTCCCGGTACCTGACTAGCTTTCCTAGCTACCAGAAGCTTCGCACCCTCCGATCAGCGCCACATTCCATGTACGGAAGGCGATTTGCTTCTGTACTGCTAAGGGAGCGTTCTCCAACAACTGGTGGGAGCGTTAGTGAACACACACGGTCTCTGAAGCGTACAATCCTTCTGAGGACGGGACTAGTTATACTTGGACATTTATAGAGAATCCCCGTTCAAACCACGCTGCATACGCCGGTCTCTTTGAAGTAGCCGAGTTGGAGAATGGTTTCGGAACCGCGATACTCTTCGATTCACGGGGTCAACGAGATCAATGAAAAGAAAGCTCCGCCTTCTCTCAATCTTAGGCTTATTAGGGGGAGTGGAAATATAAGAACGTGTTGTACCGAGCTCACCCTATGTCAATGGGACAGCCCACGAACCTCGAGGAATGCTCCTAGGCTACGTTGATAACATACGGCGTCACGTGAGTATAGAGGGCTGGCGAAGATTCGGGAGCCACAATACACCAGCCTTGGCACCGACCCAGCCCGTGAGTATGAAGTCCCATCAATAGGTACGAATGGCTGTATCTATATTGACCCTTCACAGCTATACTAAAACTCGTTAGTGGTCTGCCTTGCGAGCCAGTTGGGAAAGTTCCAGAATGACGCACGTCGCCATAGCGACATCAAGGCAAAATCTTCGGAA,990,51.62,Caenorhabditis elegans
SEQ_634978,TGAAAATAGAGGTTTATGGCTCTGTGTCCGCCCACTAATTGTGAGACTTTTGCTAACAGGGGACGTGTAGCATGGATGTTGTCAACACCAACATCAGGTTATTAATCTTATGCAAGGTGTGTGCGTGACTTGTGGTTGGCAGCTGCCATTGGTACAACGGTAGGAACCACTCTCATTGAGGTTGCTATGCCGGTACCATATTGGTTAGGCCTCCCGGTGGGCTGCTAACCACAGGGCTCGTGGAGAACTAACGTACCCGGCTCGTCCGAAGGCCAGAGAGCTTCCGCAAGTAAATCATGCCTACTTTCGCGAGCTCGATATTCACGTCGATGAGAACCATCTTGGACAGAAGTAAATTGGATGGGAACCCATCCCATTGCGCACCCATGACCTGTTGGGTAAACCTATGTTCTATATACATCATAATACTAAATTGTTGAACGGGGGCGGTTGAACCTAATGCTAAGGTGATGTAGGTGCAAAAAGAAGTAAATCAACTGGGAATAGAGCATGTCATCGTTATATTCGTATATCAGTAGCCATCCGTTCGACCTCCGGGCCCTGTCTACGTGGTTGGTATTCGCAAGCATCCTAAGAACGAGTGAATTAGCCATCTTAACGGCTATATGTTGCGAAGTAGCTGGCAATGAAACAGCGGCATTCATAGATGTACATGGCGCGACGGGTCTTGGTCATTGTCGTATCCAAGAGATACTTTTCTCGACTCTGGACTTGATTACACGACACGCAAGCTCTGCTATACGCCCCGTGACGCCGGTGCGTTTATTTTAATCGCAAGTGCTTAACGAGACCTGAAGTCAGACAACCAGCGGTCTCAAGGTATGCATTATGTAAGCATGTGATACTACGATATGAGAGAAACCAGGTCGTGTCAGACCATTAATAAGTTCCATACCGACAGTCGTGCTTGATTGCTTCTGGGCTTGCTCAACTCCCCTTTGTCATCCACAGGTGCATGATTCCGTGGTCGAGTTTTTGCGGCAAGCTGGTGACGGCATGATATCAAAGGGGCGCTGACAATAATCACAGTCCGGGTACCCTATGGTCAGGCTTGTTAACGCGCTAGTTTTTAGTCGGTGTAGTTAAGAGTACTTACAACATTGAGTACGGGTAGGTAGGGGAATCGAGTACAGTGACAAGGTTTGTAACCGCCTAGCTCCTTACGTCGCCACGCAATTTGGAAATAATTACTATTTTCGTGGTACCACTTGCTCCGAATTGGCAACACTCAAAGATGCATGTATTTTCCCGCAAGAGACCAAAAGTCCACTACCATCGCATTCCTGAGCTCAGAGTCGACTACGCATGGCCTTAGCGCCCAGCGACGGCCACCACTCGGCCGCTTATTTGGGCTTATTAGGCTAGCTGCTAGGGGATTGGTTGATCGTCACATACCAAGTGGGTCCTCTTTACGGGTCTGTAGGCGGATCGAACCCACGACCAAGGATCTACGACAGGGCTCATGGGTGAAATGTCAGAATCGATCTATTCGACACCCACCACCTTGTGACACGCCGATGGCGCGCCCCTAATCTAGTCTGCTAGGG,1568,48.92,Caenorhabditis elegans
SEQ_678161,GCTGAATCCGAGCAGTTCATTCACGTAGACGCACGAGCGGTCCAAACTAGACGGCAGAGTAGGATGAGTCCTCGGTTTGCTCTACGCTCGTTCTTATGTTGTAGTAGCTACGATTGTCTTTAATGCGTTTATGCTAGGGGTTAGTCTTAATGTCACACCGCAGTTGCTTTATAATATCGGGCTCGCCGGACGGCAGAGCTAGGCTGAGAGAGTGATTTCCTGTTCCACCCCCGTGGTGTTAGGGATCTAAGGTCTTCAAAAGACAGATCCACTGCAAGAGGGTTCGGCGTCGGGGAGACTGCAGAGCACCGAGTTGTCGGACAGTGTTCAGTGTCCTTTCCGGCCAGCCTGAACTCCCGGGTGTGAGCCATCCGCTCTGAGTGCAGTTAGCGGCGTCGCGAGAGTACCTACAACCGCTCGAAGTCAACTTGGCTGTCCCATATTGTCACTCCTCGTACTAGGTGCCACGGATTTCAAGGCAGGACCGTAAGCTACTCCGCTAGGGTTTCGGTGCAACGGCGTATAACCGTGCCTCATCTGATAAGTCCATCCCCTCGAGCCTGAGGCAACCTCACCAATATGACACCTTAGCTCCTAGCCACGATCAACGCACTCAGATCTTATAATACAATCATTGAGGACGAGGGTAAAGCCACGGGCGAATACGTGACTTAAGTCGTCGAGGGATATGACAACTTGCAAGGACTCAATCGGATAGGAACTTAAACGGTTGCCGGCGCTTTTCAATGGATCTCCTGTCTGAACGTCCTGTGAGCCTGCCGAGACATTCCACTTGCCTTCGTTCGAGAATTGGTCTCTTCCGGTTGCCACTGAATCCTCTAGTGAGAACCCACCCCTCCGGCGCGGGAGCCGAGTGCTTGTACGAGAGTGTTGGGGAGCTTTCTGCACGTTTAAGGATTAATAATCTGTGTCCGATCATATTTGACGAGTCTCAGCAGGACCTGGGGACGCTAATACTCACGCTCATGTCTAGGCGACGTCGTGCCAAGGCGTTGATAAGATTCTTAAGGTGCTGCAATGTTAATTTTTACTGCTTTTAACTCAACTGGTGTTATTTTTGCTCGTAAGAAGATGGGAAACGGGATTTAATTCCCCTAACCCCTGCCTCATAGCTTTTGGGCTCATCTATAACAGCGACGTAATGAAATCGTCAACCCGTCCCCAGCTGATGCGGGAAACTGATATTCATTCCCGGAGTTTCTCCCAAGCCCCCGATCACAGCCCCATTGAGGCAGGTACTTGTGTTCTACTACTCCCGCTAAGGTCTGCGTTGAGACACCATGGCGAGAGTCAACCGTGAAGCCCACCGGAGTTGTTGGCTAACATTGTGTGTCTCGAGGTAGGAAGGGCTGCCTCACGCATGGAAAGGAGGAGTTCGGACCGAGGGGTCGTCTACCTTCTCTTCCGCT,1430,51.96,Escherichia coli
SEQ_595107,CCTAAGTTACCAGGTCTTGGTGCCGCCCTTATAATAAATCAGCAAGTTGTGCCGTGTCTAGCTGTGCCCGTTCGGGCGCCCCATTGGCTGCGTTAGAGTAAACGTCACTGCAGGAGGCCCCCATACTTAACGTTAAGGTCACGAAGTAATACGATTTGGCTCGAACAAAAATTCGGCCCGGACTGTCAAAGAGCGAATCAGAGCCCAACTCATGTGTGTTTAGTTTCACGTATGCTCCAGGCTTGTAGAGGTTCCATACGTATCGTAGATTGACACCGCCTATTATTCCAGGTGGGGGTGGCATACGACTCACGTCACGTCACGTTAGAATAATATAGCCGCCATACCCCAAAATGCTGTTAGGCGCGGCCTAAGGAGTCTTAGGGTGTCCGAGCAAAATAGTGTCTCAGGAGATATCAACTGACGCCTCGATCCAATTGTACAATACAGGGTGGAAGACGGGGCGTGCGCGGAAGTACAAATACATAGTCACACAATACGGAGGTAGTAGAGCTTGACAATGTAATTCGGGCCGACAATGGTGTAGAACGCCTAAACGAACGCCTATTTGCAAGCCTCATCAGCTTGTCTCGCCTATTTGCGGAACGTGCTACATATTCCGAAAGAACTGGACAATTCGTCCGTCGTTCGCTACGTTGCGAACATTCGCGGAGACCTGAAGCGCATTTAGAGAAAATAATCCGTAGCCAGGTTGCTACGAAATAACGAGACATCCCTTTATTGTTGGCGGGGGGATGAACGACGAACGGGCAGGGTAGGCTGCGTACATAACTCTAAACTACTCCGCGTTTTTAATTTGTACTGGGCATCGGCGAGTATAGTTACTTGGTTGCGACCCTTACTTGATTTAGCGTTCGCTTGGCTGGTACCCCATCCGGTGTTAGCCACTGGTCAATGCACTTACTAGCTGTGGGTCAACGCAAGGGATGGGTGGAGCCTAGGACCGGTTACTTCTACCCCTAGCGCTATAGCAGCGCGAGTCGCTCGTAAATTCTCTCCCAGCGGACCATTATCCATTGTTAACG,1046,50.1,Mus musculus
SEQ_762331,CTATCGTATTAGTCACGTCGGTATTGAATTAGAACAAAGAGGGTCTGCGACGAGGGTGAGTTTTCTCATTCGGAATAGCGCGCTTGCTCCCGGCGCGGAGTTGGGAGAGTTGACGTGACATGAACGCGGCGGAGGTTTAGTATGTGCGCGCTGATCTGACGGCGAGGTAGGTGCATTCCAGCTTAGATGATATCCCAGTTGCTGGGTAAGCCCCCCGACCTCTCTGTGCCTGCTTCCACCGAGGAGCTACCGCGCCGAGGATCCGCTGTTTATACGTCAAAAAATGCATAATTGTCATAAACCCGTTCGAGTCCATAGGATAACCAAGCGCGCTCGTACCGGGACCAGCAGACTACCTCGATCCGTCTGCTGGATCCACCGTCGTGATGCCCTTCATTCCAATTTTCTTGCCGGGCGATCGGCTACACGCCAACTCATCTTCATAGTCACCAGCCATTCGCGATCTTAAGCGATGTCGCACAAACGCGCACGGCCATGCAGTCTAATAAGACGAACAACTCAAGTCCCCCAAGCGTTTGCGCTACTGTGCTAATGCATCATCATTTGACGGTCCGAGCTAACATACGCTCTGAACACTTAACAATACTTGCACGCAAGCCATTGCGACCCATAAGTAAATTCGTTATCATAGGACGCAATGGCCCTGGCCCAAATAGCTTGCAGCGTTCAGTGTGACCTGAATCCATCTATGCCACAGGTACATGCCCGTGGCCGTACAAGCCGGGCGCATTACTACACTAAAGAATGATTGCTGCTAAGACCATGCCCACCGTTATCATTTTTGGATCACCTTTACACGCAGATATATGGCGCAGGACATGAATCCGTCGAACGTTCAGTGTACTGAGGGAACCACGCTCGGCATTAGGGATCGGGTCGTTTAGCCTGTACCGATCCCATAGCCCCTTATAAGCCCAAGCGGCGAGATAGTGTGCGACATTTTAGGCCCCCCACGTTCCATAGGGGTTGTGCTTGCGATCGAGGACGCTCGAGCGTAATATTCCTTCCCCCTTACTCTTAAATCCATAATCCGTTCAGAGTGCACAATAAAGCAAGATCGCGCTATTAGAAGCCCACTTATGCTCGAAGAGCAAAATCTTCACTTCTAAGTTGTAGTCTCGCTCAACATTGAGGCGAAAGTTAACCACTAGCTGGGAAACCTGATAGGGGACGGATGTACGAGGGAGTCGCACTCAACGGACGAAGTTTTCAAATCACAGCCATACCGTCCTTGGCGGACGAAGAAATATTGAATGTTCCCGCTGTCCACCAATCTGAAGGTATCCTAGGCCGATCACATTTGTGAATTTTCCGCTTACTCTTGTTAATCCCCTACGCCAATCACGTTAGGGACAGCTTACAGCAAGATCTGGCGGAGGTGCATTTATGTTTGGAGGGGTAATAGACCAAACGACGACGTAAGGGACATCGGGTGACTCGTTTGTATATGAGCCTAGGTGTAAATGCAGTTAGTAAAAGAGTGGCTGCATCCACTTTTCCTGCCTGTGCCAGAGTTGTTTTACCTTCAATGAGGTTCGGGCTTGAGCTGGGTCGCTCATGCGCCACTATTACTTTAGGCAAATTAACGAGGGGGAACTTTTCCCCTATTAAATTGACTTTTGAACGTTGTCCCATTGATTTTGAATCTAGGGTCGCGGCCAAACCAAGGCTGTCGATGTGGACAGAGATTTAACGCGGACTAAGGTATCCTCGTGATCATGAAGTCTTCGGTGCGCATATAGCCATCTGCTGTTGTTAAGAGGGCACCATCAGTCGGCCAGCGTAAGGGAGCTTTCCCGTGCCACCGCGGCATGAATAGACCACTTGTAAGTTATAATTAAGCAACGATGGACGTTCGCCTACCGGACGGGTGATAACAATTGCATGTACTTGCTCTACTATATGGGCACTTCATATGGGCGACCACT,1949,50.03,Drosophila melanogaster
SEQ_486407,TACACAAGTGCCCAGACAAGAAGAATTGCGCGTAAAAAGCTGCATCCTTGATAGTTTGTCGATGTAGCTTACAAGGCGGGCGGAATTACTAAGCTAGCGACGCAGTTGACATGATCAAAGCCTTTCAATCTGCAGGACCACGTTATGCAGCGCACGTAACCGGGGTTTATCCATCACGTCTGCAATTCTCCATGACACTTATGCATCAGTTAGTAGTCCGAACGCCTCGCCGCGCATATTCGGCTTTAAGCGGGGTACGTTGGAAGGACGAAGCCACATACTGTGACCCCCGGGAGTACATAGATGCTCGAAGGCTCCTGAACGAAGACGAGTGACCCTATGATCAAATACCCAGTACTCTACAGACGGTACAGCAGACTCCTCTCGCACCATACATTAAAAACACGAGGCGTCGCTCGACGGACTACGTGGGAACTTCCATCTCTAAATCACATCGCTTGGGCGTCCCTCGCTCATGTACCCCTTGCGGCCCTTGATCTTGGCAACCCAACTGACACCCCGACCGAGCCGTCCTTTATTCGAGGACCACTCAATCTCGCCGACCTGTTGGCGCCAGCAAGCTAGTTGGAGATACGTCCCCCAAGGTCTTGCCATGTCGCCTGAAGTGTGGGAGCCTCGTACGCCACTTTAGCGCACTTGGTAAAGATACGCCACAGTACATGTTTTTCGATCCAGTCTAGCAGCCTCATGTCCTGTGGATGACTCATTTCCTCGATTAAACAAACTGGGGGGCCAAGGCGTTAGCTTCCATCTACCAC,779,52.25,Drosophila melanogaster
SEQ_949082,TGTTCTATCGCTCACGAGATGGATGCGCATCGTCGAGATCCATACCCACTAAAGAAGACAATCCGGACCATGGTTTGAGGAGTTGCAAAACCTCACTGCCTGAGCGTCATTGATCGCAGTGAGAAACGGCGAGACGCATGAACGGTAGTCGCCTTAGGACCCCCGTTAGTATTGACACCGCGAACAGCGACTGGGAGGTAGTCGAGGTATAACTAAGAGTGTTTATAATCGAACCGAATCCTTTACCTGAAATAAGGGCAATTGTAAGCTCTCGGTTCGGTCGGCAACGCAAACTACGCTAGAGAGCCGACCTAATCTCGGGGGAGCATCCACTTGACAGCCATCGGGCTGAAACAAATCTGGCAGTAACTTCAGAGAGTGAGAGGGCAAATTGCGACCACGGGCAGTGTCATCGTGAGCCAATTAAATTATTCAACCGCAGCGCTTTAATAGAGGAAGACTAGACTAATTGTACTATTGGAGTGCTCTAACGATCGTCGATATTAAATGACCTTAGTGGAGAACCGAATTGATCATATTGAGCATCGACGACGTATCCAATCTGAACATTGTAGGACACCGTCCAGGCATATCTGCCTTGGTTAACCCACACGCCGGGCGGACGCAAAGCCCGTGAAAATTTTAGACGTCCAGTTATGTGGCATATGAGACAACGACTTTAAGGAACGAGTACATCAAAAGGACGACCGAAACTTGACGGTATCCTAGCGACGGAAATTGCCTGCCCCCATAGCTGTCTCTTCCCTTACTATCAACCTAAGAATGAGCACATTAACAAACCTAAACATGTGCTTCACATGCCCTGAGGAGCATCATAGTGATAAATCTAAGCAAGAACCTACTATTCAATCGCGGCCAGAGGTTCTGGGGAGGGCCCGTTAACGACAGGCACCAGGTTCAACAGGGTGACAAACAGGAACCTTCGTATGAGGCGCAAGTGAATGCTGCGCGAACCACTTGTGCAGGATGGACCACCGATGATTGATGTTTTTGCGACTAAATCTGAGAGACAGGCGAAGAACCGGTCCATGGAACAAGGATCCCTCCGGCCCAAAATGACAGCTGAGTGAGTAAGTGACATTCAAAAAGTCTGTAATAGTTTAGTGTACATCCGGAAGCATTATAAATCCATTGACGAATGGTAGCGGAGTTCAATTGAGTACGGACAAGAGCCATCGCATTGACGTTGCGTTAGTGAGCGGTCGTCGTGACTTCCCTGGATGGCTAAAACAACAGGTACTGCGACGCGGGTTATCGGAGGGATCTATGCCAAATAGAGGGCGATCATCGCTCGCGTGCCGCCAGCCTCGTTATGGTTAGGAACGCGTACTTACCTGTTAAGTAATAAAACCTTCGCGACTGCTGCCCGCCTTCAGATCCGCTGCTGGAATTTTACAGGATTACTTCGAAGCTCACCTCCTGCACGACCGTGCTGCGACAAGTGCAGAATTACCAAGTGGAATCATAGGATCCATGTTCTAGAGGTCCATTTTATTGAGTTAAAAGTATAGCATACCGCCCCGCCGACGTCGAAAGGTGATGCTTACGACTTAAGTTCGTACCCTACGTAGAGGTACTAGCCGGAGACTCACTATTGACAGCATTCGAAGTGAAACGTCCTCTTAGGAGCTCAATGTGGCTCTGCACCTACTGTATGGAGGCTTTTTGTAGTGCAACCTGCGCTGTGCCCTAACCCCGGGGTTGCCTTATGCTTGAGTGCCGAACGGTCTGTACTTATTGCCTCGGACCTTCATCTCAAGATATCCACAGACGTCCCGGCTGACTTCTATTTGAAGCGATGAATAGCTTTAGGGGTCCTGCCCAAGGAAAAGAG,1855,49.0,Caenorhabditis elegans
SEQ_180928,CCCGGCAATCTGTGAGGTTTTGAGTCTATCTCGCTCTAATTAGAAAAAATGGATTCATAGTTAATAACATACAGGGGGTCTCAGATGTACCCAAGAATGGCCACCCCCCGGAACGGATTGACTGTGCTGATGTGCGTAGTCGGCACTACTTGGATTAGAGCGGTCGTCAATAGTGAAGTCGGTAGTGGCTCGTCAGACCGTATCCGGACAGACCTAGTCTTCGGTTGCGGGAGATGATTAGCTTGTGTAGCTAGCGGATCGGTCCGAGAGCTGAAGAGCCTTGGGGTTACCATCGTAGACTCTCAACACTGCCGATCGCGCGGTAGCGCGGTGCCAGTAGTGCCGTTGGTCGGAATGAAGCGTTCACGCTTTCCATTACTGTAGACTTGATCGGATTAGTCCAACTCCGGGTGCTCGCGACCTTGCCGAGGGCCTGCGCACGCGACAGAGCTACTCCCTCGCATGTTGAAAAGCGATAAGCAGAACGCTGCAAGGTTCTTGAGCCTGTTGGTCTGTAGTCTTCTCATCTACAGGATCATAAGCATCAAGCATGAAGTGGTGGGCCGTTTATATACCACTACCGGCTGCTGAGAATATTTCCGGTTCCTGCATTTGGTAAATAATCCAGACATGGGGCAATCTGTGGCATGACACAAAATATCTCAAAGATGCTTTGTATGGATAGCACTACGCAGATGTTCCACACCCTAGGCCGGTGTTCTGCGACTCCCGGAATATGCGTGTAAGAGTGCCTAGCGATCGTCTCGGGTCATAAAAATACTATCTTCACGCAGGAAGCCCCTGTGAGTCAACAACGATGGCAGGTCCTTGTTCACGGCGAT,842,51.19,Drosophila melanogaster
SEQ_742717,CATATACCTTACCTTGACCCCATACGACCCCCCGGTAGGCATACCTTGATCAATTTTCGCCATATTTGTGGGCACCAGGTAATCACTATCCTGAAGCTTACATGGATTGGGGTACCTTTTCGCTGAAAGTCGTTGCGTTGCGCATCTAATTGCGGCAAAACATTCCGACGTGCGACCTCGTTGCGGCGTAGTGGTGTTATTCTATACAGCCGCCTTTTGCTCGACCCCAAAGACTGGCTTAACACGTGCCAGGTTCGACATTGCCGTGGAGACCACACCGATCTCCACGCATCGTAGGACCTCTAAATCGTGACCAAATGGACAATTGGCGGTCGCGCCTGAATTATTTATACGGTCTGCGGACAACGGTGTTTGAACTACCGTAGTTCCCAAGTGAAATAGCGGATAGTAGGTCTGGTATGTCAGTTCCGCGCTAAGTTCGCAAGAACAACGTAGACCCACAAAGGAGTTCACGTTCTTCTTAATACCGTTATCGCGCACTTTCAGCTCCTCGAGGAGAAATACACTACGAACAGATGACTGAGCACAAATTTCACCTACGAGACCTGCTATGCGTCTGTCTCCATTCATAGTACTTGGGAATATCGGGCGATGTTGGACATAGCCTTCGCTGTTTAGGGATTTTTGTAAGAATCATTTTATTCCAAGTCCGCTGCCGTGATACACATCTACGCAAGGGGCACGTCAATACCGAGATACCTCCACAATAGGTCATCTGAGGCGCTAACTGCTGGGAACCTCTTCGTTTCCCTTACCCTCGGACGCGCCAAAGATCCCAATCGTAACAACTACCGTGGGTAGGGAGTGGCACATGTGACCCAAGGTTAGCCACGTACAAAATCCCGTTGACCGATGGAAATCTCAACCAAGTCTCTCGAATCGTCCCACAATTCTTTTCCGTAGCCTCCAATGTCCAGACGGCTCGCGCCACGTAGGCCTAATGTGCAACACCTCGACAGCCTTATGATCGAATGCTGATAGTCCGAGTTGAGCGGCCGGCGAGATCGCCACGGTTGGCTTATCATGTCACGTAAAACTTTGGGCGCTTTAAATGTAAGGGGACGATACAAGTGAGTAGAGCTCCTTGGATCCGGCGCGGCCTGTACAGCTTACGGATCAAATGGCCCTCGGTTCCGACTCGGAATGATTAGTTAACTCCACACGCCCTTGACCGATTGTCAGTGTTCGAGAAACCGGCACAAGTATGCAACCGCGCCTGAGGGTTCGTCGTACTTGTTTCGCTCGGACGAAACCTATCTACTAAAAGTCAAGCTAGTTTCGGCATGGGTACGGCTATGGTAACAACGTTAGTGGGTCTCTATTTGACTGCAAACCCTCCGTATTTCACAAGCATTAAGATTACTGGCTAACTAAGGATAGTCGGTTTGTGCGCCGCCATAGGATGTTAGCCCTTATACCCTTTCGTGCTAATCGTTCCTTAGTTTAACGCTCGGACACCACGAGTGCGGCTGTAGATTAGAGTCCACTCCCAGCATTTGTCAGTGTACGAGACCAATCGCAGGGGAAGTTTGCACCCTAGACGGTGGGCACCTCGGACAACATTGTTAACGATAGGCTCGAGTCTTGTAATATGAGCACGCCGGAAAACTCCAACGGCGCTTAGTTAAGTATCTTGGCTTCAGGCATGGGTAGTTGCCAAGCTTGCCTGTTAGGTTGATTGGCATTCGAGGACGCGGGCGATAGGTGCGCAAGGCCCGTCGTTTGTGATGCGATCTTAGACTGCATCGCGAATTTCTATAGATTGGAGTCTGTGGCCATCATGAGTTGGCTGTCCCGGCAGGAATTATGATTTCGCAGTTTGCTCGTGGCCTACGTATA,1860,50.22,Homo sapiens
SEQ_963792,CATAGCGCAGTACGCAGGTTCATAGGTAGTGGACGCCCATCTCCACACCGAACTAAAAAAACATAAGTGATATCAAGACACCCGGCACAACCCTCAGGCGTCTTCACCTTATCGAATAATTGATTGTGTCGACGTTTACGAGACTCAAATTGATGGCTAGGTCGGGCGAATTTGCTGCACCAGCTAGTACCACGGTAACTAGAACCCCGACAGTCGAGGTCAACTCGGACGTTAGAGGGGCGCACTATTACAAATGGCTTCGGGGGAACTGGTCGCGGGGGCCCATCGAACGGCCATGGGGGGGCACCAGTTATAAGCGAATAGGTGCGGGCTATGGGAGACGTTACTTAGCTTTCATGACTGTTCCTGTTTCTAGTCCTGGGCAGAACGGCACGCAGCTTTCAATATGTAACGGCCCCGTCATAGATTAGCTACAAATGCTGGTGCGAGGGTCCCAACGTTGGCATACACTATTTTGGAGGAGACACAGGTGTGTTGGCGGCAGAAATCTGAGTAGTCATGTAAGTCTGTGCTCCTTGAAGATGTCTTTTGCAGCGGAGTGAGTACCCTGTTTTGCTAATTCAAAGGAGATATCACACGCTTTCGGCCGGCGGAATGAGGTCAGTTAGCACCTCTGCTCACAGAGATGGTGGTTTAATCATTTCCGTAAGGGGATTAATCCGGCGAACTCAGCGCCAGCAAACACACAGCAACCTAACATAGAGGTTGAGCCAATGTTGTACCTCAGCGGTGCCGCCCAGCCACGACTTCGAAGAGCATAATCCTTCCCTCTTCTACTCATATTCTTTGTGTCCTTGATACTTACAAATGTGTATCGGAGGAACTGCCGTTTATAGTTTAAGAAGCCATAGCTAGAGGTGTTCTTATGCGAACAAAGCGTTACTAATGATGCAACGAGGTCTCCTAACAAGCCGTGTGACGGGAGGTAGATGCTTAGGAGGGATGGATTCGAGCCGAGCACTAATACCAACTTTTTCAAAGGTTTATCATGGGTCAGCTTGACAAATCTCGAGTTTTTCCGAGTATTCGCTTAGAGGTATAAAATATGTTTAAGGAGAGTTATACCCAAGCAACCCTCCCAGTGAATAAGCAGATTTCATGTTTCTATACGGCCATACATGCATGAAGCCGGGTGCTTCGCCCTGGTACATCGACGCAGCTGGTGCTGAACTGTGAGTCCGGAGCTTCTTGTCCTTGCACATAACTCATGTCCGAAAAACAATCTGGCCGCCCAACATTTAGATAGACGCGGGTGAAACTTAACTCAACGGTCTTTTTTTATAACCAGGCCCTCGAGCGGTTATGAAAGGAGGGTATCTGTCG,1344,48.66,Arabidopsis thaliana
SEQ_725996,TGGTCGCTGTTACACACCTACACATATCCCATCTACACGCTTTATCCCGTTGGGGATTAGTCGCGTACGTCTACGCCCGGCGTATCACGGATCGTTCGGTTAGTGAATTAGATTGGTTCTCTAATTGGAGGTTCGGTTTCAAATATTGCACACCCACAGCACCTTCCGGACTGCCCCATATCCCAACGCAAGCATGAATGAGTTTACGTAATCACCTCCATGAATACGGGTAGAACAAGAGCTACCATGTGACCGGCTACATCACCACACTGCACCGTGGAACACGCGTGCATAGATCCCCGGGACTCAGTGCGCGGAGGGCACCGCACACTGTTAGTTACAGGAGGCTGTCGGCCGACGCCTCATAGAGCCGGATAGCCGGCCAAATGAGTTTCTACGGTGATTAAGATGGGAGCCTGAGGAGTTACACGCTGGATAAACAGTAGGGACGTCATCTTCGCCTCATTATCAATATGAGAGCGGAATATCCGGGCATCGAGAGATCGTGTAGTTCAAAGCATACGCGAGTCGGAACTACGACTCGGTCGGACCCTCGCACTCACCGATATATCGCGCTGAATTGCTTCTAGCGTTAGACTTTTGGTTCTACCTACGCCCATTTTTCAGCCTACCTAAGGGTGTTAAAAGTACCTGTGCTACCGTGGGGACTGACACCCGCGCCGGAGTCTTCATAAATTGGGCACTATTCCCTTCGTCGTTCGGGTTCGCGAAGGTATTGAGAGGAGCCGTCTCAAATTTTTTATACACTCAGCTACAGAAGATTATACCAGTTAACTGCAACGTGTTTCCCGATGTGAGCTGAAGAGGGTTTAATCATGTCAATGGTTTAACCCGGTTCACCGTGCAGAGGGCTTGTGTCTATCCGGAACACCTCTTTATTCTCATTTCGCGTGGTCTAGCCATACAAATCCCCGTTGCTTTCTGGTGATCCCTAGGTATGCATCGCCAGAGTTCAGATGAGGTAATGACTCGAGCTGGCTGCGACCCAAGCAATCCAACATCAAGACTACATTATATATTATGTGTCATGACGCTCCCCTCAAGCAGCTGTGAGTTCCGGATAACATGCCCGCGCGTCGTCATTCGGTCTGGCAGGGGTACAGTGAACCTCCCCATATGGAGAAGAGCGTTTGCATCTGTAAAAGATTTCTGTTACACAATACGTTTTAGACGCACCCTACCGCACAGGTGAGGGAGATTCTTGTCCTCACGTCTTGTTAAGAATGTCGCTGATGTTATATACCGCTAGCATACATTGGGCCCACTAGGAGTTAGTTATAACGTAGTTGTTCGTGGCATTAGCTAGCCAGCTCCCTGCCTTGAGATTAGCGAGGCCCACTGGTACCAGACGGGGCTGCTCGAGGAGAGAGTTTGATACTTATCTGGGCCGAGACACCTATCTGCGCCCACGAGATCACGTCGCGTGCGGTACTGGTACCCTCCAAAACATTGAGATCAGATGTAAAAGTAAGATTTCTACGGTTTTCAGCAATAATCCTATTCACATCAATTTCTAGAATGAAG,1545,49.64,Arabidopsis thaliana
SEQ_424742,CACCACGAACTATCGCTGAGAGGCATTCGCTGTCGAACCCCCCACCATACCCTTTCGTCAGGCTAGAGAACTAACAGACCCGACACGGGTAGTAGCATGTCTCGACATCCCTACGCCATCCTCCACCGCTTATCTTCGGGTAGCCATAGCGGAGAAGTGAAGCAATATATGGTTTGTTTGGACCCCGCTGGCTCCTATGCGAGACAATGAAGCCACTCGTTGTCGGAGGCCGGAGCGTTGGCTGGAATGTGCCTGGTGTCTCCGTCGATGAGGGACTAGCGTAAAATACTCAAGGCCAGCATTAGTTACTTCATTTGATTCAAGAGTCGTACGTAGGCCACAACAGCAATACCAAGTGACACCCGTTGGCTTTCGAGGCAGACACCTTCACATCGATCTCGCTGAGTACCGGTCCGGGAGTGTCTACTTGCAGACTCTTACCTCCATACCTGGGACAACAGGTTTTTGGGAGCCGCACCTGCGCAGAGGGGAGAAAACGGCAGCCTGGTTACCAATTCGGTTCTGTGGGCAATGTACCTCTAGCTTCGCATACATAACGAATCTAAAACTCGTCCAGTACACCGTCTTTGCTCCCCATGTGATATTAGTCTAATCTAAGTGCGGCTATGCGGTCAATGGAGAGGTCTCAGACTTACCCAAATAGAAGGTGATGAGAAGACACTCATTGAGGGCGTTAAATCGGCACCCCCCATCCCTCTAAGCCCGCCTCACCCTGGTTACGAGTGACCCCCCTTGGAGGACACAAGCGATGTGATCGGTCTGAGCATTCACTGATGGTTCTACACGTAGCGGGAATTTTCTAGAACGACTAACGGATACTCTGTGAGAAGTACTCTTAATGTATTCCCCATGCGATGTTATGTTCCAAGACTGATTTATAAAGCAGCGCAACAGAGTATGTAAACGTAAGCGAAAGTTCTCTGGCACTGTCCTCGACCCTAGCTGACTTTTTTCAGGCCAGGAGAGATTTGGAGACACGGAGGTACCGTGCCTGCCGGCGGTCAGAGGGAATTGGTATCCGATACACCTCGCTCGTGCATATAGTCACATGAGACTAGGGTTATTGATGCAACTAACACCTTGTGGCTGGCAAATCCTTTTCGTAAGATCGACCCGACGAGCTCTCGCTCGAAACTGAGTCCTATCCCGTGGCTGGAAGACACGGCCACAGCAGTTCGAAAGCCACAC,1209,51.53,Saccharomyces cerevisiae
SEQ_510547,GATCGACTCTGATCGTCGATAACTCTGGGTGTTCGTCACTTATGAGTTTTCCCCTCTTCCGGAGTGCGGGGAAGCTAGAAAGGTTGATACGGCCTACTCTGTGAAGGTCGCTAGATAAGGCCAATCGATTTCGACCTGAATTACTATTGAACGTATACCAAGAAATCCGTGGGTTTGCTGAATACTTATCAAGATTCTACTACAAGATAGTTGCAAATGCCCTAATCAGGGCCCCCATGCCTCGAGAGAGAACGAGCGGGGTTAAGGTGACGTTGGACATACCTCTGTTGCTGCTCGTAAACATCCTATCTTTATTGCTCGAGAACAGCCCGCGGAAGCCCGTGTGCTCCAGAGACTCACAGTAACGGCCATCCCCTGGACAGTGAGAGGTCGATTATAATCTCGCGCAGGTGTAAGGTCCTGCATCACGAGGGATCCATCGGTATGGATGATGAGATGGTGTAGAGGAATAAGCAGCGGGTGCCGAGTAAGAGCGAGCTCGTCCCCGAGGTATGGACCGAGATCATAGACCGACACATCCGTATCCGGTGCGGTACCGTTTGTATGGAAAATAGTGGTGTCGGCGTTCCTACGAAGGCTGCCCTTACCTGATAACGTGTCGCGTAGTGCGAATACCCCGCGCTATTAAGGTACGAAATCCACCACGGAACATACGGTCTACTACGGAGTTGAGTCCCGAATGAGAGACGATAGCAAGCGTCTGATAGCAAGGTAGTTCCCGCGCAACTCCAATACGTTCGAGCTGTCAGCAGCCACGATGATATCGTGGCTACACGGTATCCGGGGAACTGTTTTTCCTGGTGCTTGGGTTTGCACAATCTATCGTTTTGTGTAGCTATTTCGTTAGCTGAAGATGTAACACGTAGGGTAGCGCCTTTACATTATCACCCCTTCTAGATAATGTGATGGTAGGCATCCAGTGTCCTCTTGGAGCAGTGTCATACATGGCATAGTATACTGACGACTTTATTTTGGAGATCCGGTTGAGGTCCAGTCGGCGACACGTACAGGCACGACATAAATATATGTGCGTCTCCGCACCGGATCGGGTTGGATACACAAGGACTCATCCAGTATCGTATCGGGTCGTTGCTTGGAGGAGGCCTATTTACCTTCAGCTAGTAACAAGC,1151,50.22,Arabidopsis thaliana
SEQ_112286,CCTACAAAATACTTGCCGCACCGATAACCTGATACACACCAGATCCGAGTGTCACGTCCGGAGTATCGCATAACAGGAGCTAAACGAGGGACTAATAGACTCTCATTGCGATAACGCTAAAAGTTGTAATTAGAGCGCCAGCGGGCAGTAAATTTTGAGCATACTAAAGTAAATAAAATTCTAGAAGCTCGGGATGGCTATTCCCGATTAGACCTCCAGGTCGGAGGAACTAATGGTTCAGTACAGGCTTTACTTTAGCTTCGAACGCCAAAAGCCATCGAACTTCCTGTCCAAGTTGATTATGGATCACGCTCCTGCGGTGATCAAGAATGGACCTCTGACCGGTCCAAACTCGCATACAGCAACATAAAAAGGTGAATGGACAACGGGCCCTGTCACACAGGCACTTATGATCAGGGATCACTGGTAGTGCTGGCGCGTTTTGGACTGTTCTCCAGTTACGCAGTCTCTGGGATCGAGCATCAAGGTTTAAACTAAACCTATGCGCATTGCAAACGAGTGTCTTAGCTGGCAAGCGTATCCTAACATGTTCTCACGTTCGTTAAGCTGAATGCCTTGATACGTGACCTAGTCAAGAGGTTGTCATTTAACTGTACCGGGGGCGAAGGTATTAAAGCGACTCACTGTCGACGTGTGGGTCAGGTGGATCGGCGGGGGACGTGGAAGGGGTAGGTTGCGGCATCGGCAGCAAACCAGTACTTCTGGTCTACTCGCCTCTGGGTCTGGACTGTTTCCAGTAGAATTAGAGCCGCGCGAGGACCGTTCCTCCTAGCGTTGAGAATCTACTGGGTCTTTTGGTAGTAGCAACGTCAAGCGACGGAGCCCCAGTCGGGCGAGGGCCCCGACGTCTACATTTTAAGATATAGACACAGCAGATTAGCGGACTCCCGGGTCGGCCAGTCATAATACTTTACGCCCTCTAACAGGGTTTAAACGCTGTGCCAATAGCCTTGGGCCTGGCGTTATAGACTCTAGTCGAGGTGTAACAATGGTCAAGTGCGTCCTTTCGTTATTGACAAAAAGTTCCCACAGGTCACGATGCTATGCGTGACTAAGCATGCGGTTCGTGCGTGTGGCTGGGCGAGCTAACCGGCACACGAGGAAGGTCAAGTCACTAGACGCCGGGCCTCCATTCCACAACCCGAAAGGCCTACAAGAAGTAGAGTATGTGCCTGCATTCCTTCGCGCCTGATGCGGGTCTGCTAGGGGAGTGTTGGGACCCCTTCACGACTACAGTCCTAGGGAGGAGATCTTGTCGTGTGGGAGGATGGTTAACGCCGGGCGGCAGTGACGGCCTTTGTCGCTACGAGACTGCAGATTGTAAGCTATGTCTTCATCTTTGGGGCGCGCGATCTTATATGGCCCTTCACGACAATGAAGCTGCCAGGGTCCCATCTTACATCATTTGTTATGTAAAGTCGCCTGCTCCCGGGATGCATGACGTATGCCAAGCTCCTCTGAGTAACGGCGCTTTATGTCTCCAGTCAGTAGGGCTTTTAATAACTTTAGAGACATAACTGTAAGGCGCCCGACCGTGCATTGTCTTTCGAGGAGGGCGCACGAGAGCTACAGTATGTCGTCAGAAGAGGGGTCGAGTGTTCATGATGAGAAAGGATGCAGAATACAATCGATAATAGTGTAAACTATCGTTTACAGGCTTGGAAGTAGACCGCCAGCCCGGATATTAAGCTTCTGGATCGGTGAAAAACAAATCCTCGGTATTGAGAACGCCGATGGGCCTGGGTTACTGCGGGATC,1778,50.96,Homo sapiens
SEQ_814209,GCGTAAATGCTGCACCCAAATTTAGGCGTGACCGACTCTCTCTCGCAACGCCAAAGCTCATCTAGGGTAAAGTTACATAGCCCGTGTGTCAACCATAATTTGCTGTGTGAGCAACCAAATAATTATAGTAGATTACTCAACGCTAGAAATGCGCGGCTAGCATATGAATGCCACCGCTTGGGTTGGGAAGAATATTACAACGTTGACGCGCCTGGAGACTCTCTACCCGATGGAAGTCACTGCGTAGCAGGTGTCCGAATCAGCATCCCGTCTCGGGTAGTGCGCTAGGCTCTCCTACGCAGATAGCACCATTTACCATAGGCGAGCTATTATGGCATTGCGACGACTGAGGGAACTTTCCGGCTATATACTCGTAGTCGTCGGCGAGAGTCTCTCATACCCGAGTATATATTATCCCTATGGATGCGAACGACTTTCCGCACCATGGCCTCAAGGGCAGAAATGCGCATGCACACATAAAGGTGCAATAGTCGTTGCCACGAACGGTATCAAGACGGGGCGCTACGAAAGCGCCGTGCGGGCTAAGTCTGAGCAGAACGCTTTCTTAGAGCTTATGCGCCCCACCCGAGCTAGGCGCTGCCCACACTGGCATTGTAAATGGGGATTATATTGATGCACCCCCTAAGTAATCTCTTTAAAAAAAGTGTAGAGGGGGAGCCCACGGTCTCTCTAGTGTTATACATGCTAGCGTTACCGCAGGACGGTAGCTGCACTCGCCCGATGGTCTAGTGCAAAGCTGGGCCTCTTTGTAGCGGTTTATGTGCATAGTAGCTGACGACAGGAGCATTATCTACCACGGATCTCGCTGAATCGTCTCGCCTCACGAGATTGCGATCGATACGTTGAAATCAAGCCCAAGTTCTGAGTGTCAGAGATTGGCGTGATGATAGTCCGCAGGCCGGTCGAGCTCATAACAATTCAGACTTCAAAAGGTGATGCCCATACACAGTGGACGAGAACTGGATTACTCGCCATCAGCTTACCTGATCGTCGCCCAGCCCCCAGAGATGATCGTGATCTTAGGTTTCGCATCGGGAACCGCAAAATCTATACAGAACTATGTTGCTGCCTATGTCCCGCGGGGCGTAGGATGACCTGGGTATTTGGTATTCGGCGTATCTCTAATACTGACCGACGGATTGTGTCCTGCCTGCCCGGAGGCGATGAGAAATTTAATGTCCGGGTTGGGTTCCTATGGCGCCCTAGGCAACTAGCTGGGAGCGCACCGAAAACAGCTCGGAGTATTGGGTGAGTCCTCGAACCGTCTGTAGGTCAGCATGAACGTGGACCTTTACGTATGATAATAGGTACAATGATATGCAGTTTAGATGCAAAGTGGTTTTGTTCACGTACGTGGTCACTCTTCTGGATCCTGCTCAGCTGGGTGCCCTGGACAAATTCATGCTGCCATACGCGTTGCCAATAACGCCGTCTACCGAACGGGGATCTCCGGCCGT,1478,51.42,Saccharomyces cerevisiae
SEQ_703727,CCAAGAAGTGGACCTTTATACATGGTCTGGTTGTGAGTTGCATCTGCTTTACCTAAGTAGAAAATAAAGACGCGATGTCATCAGGAGGATACCGCGAGTGTTAGAGGTATCGTCAAAATGTGGATCAGCTACCACTCTTAACCGCGCACGATTACGCGCTGCTAGCGCTGTTTTTTCAAGCCCTTTCAGCCTACAATCAGGTTTGAGCTTAGTTGGATCGCCGGAGGCGGTAGCGTAGAACCATTACAAGATATGGCATTATGGGGTTAGAGTATACGGTTATACAACGCTATACAAACGGGGTCCCCGAATCTTGTCAGGGTGGGCTAGGCAACCAAGGTTTAGACGTCCAGTCGTCCGTAGTGCGGCGTCTACCCCCCGCCGGCCCATCGGTCAGACAACGCCGTTCTTTAAAGCGTAGTGGGAGCGGTTAAGCTCTACGATCTTATCGCGTGGCAGTCAAATATGAGCGAACTCCTCGACTGTCGCCACTACAGCTGGACTTTGGGTAATACTCCTGGTCGCAAGACATGTCGCAATAATGACAACTTTTTTTGGCGACCCTATACATCGAACTCCGGGGTATAACCAGTTGGGCATCATGAAAGAGCGATCCCAACAAATTTCATTAGTAGGCGAGAGAAAGTGAAACATTGATGTTGCCTCGTCCGCAAGAGCACGATAGGTATGTACATCCTAAAAACTCTGAATTCAACCGTCTGATAGACCACTGTTTCGATGATGTGCGGTGAGCGGCCGCATTTTAATTGTTTACTATCCCGCGGACAAATCTATAAACGTTTTAGACAGTCGAAGTACATGATCATGGTACCACTCCACTACACATGTATTGATCCTAATAAGGTTCACTTACGTGTCCAATCCGGAGTGTCGTTCTGACTCGAAAAACGGGACGTTGGAGAGTTCAGGAACGTTCCACTAAGCATCCAGGCCGGTGCTAGCGCTTTCAATCACCTCTCTGACTCAAACGGACTTTGCCAGGAGGGTCGGTGGTGTGATCCGTCGCAGAGCTCAATAGATCTACTTCCTGGCTAATTCCTGGCCGAACGGTCCCGACTAAGTAGTAGGTGTACGTCGTATTTCCACACGCTAACGCGCTCTCGTATGCGAGCCCGCCGAGGGAGTTCGTGTAACTCACGTGAGTACGAGCATGAGTTCATGGGCGGTCCCCGTTGGGGCAATGTTAACCTCGTAACATTCACTAGTCATGTATGCCTGGGCGCGAACGTCAGGAGGTCCCGGTTTCGCATTCATTTCGCGACTACCACAAGCTACTGGCCCGACCCCGGACTACGCCTCGTTGACATCCGTACCTAGTCTGTTATTCAGTTGTACCTTTGTTTAGACCCCAGTGACATCCGAGACCACTCACCAAC,1397,50.04,Saccharomyces cerevisiae
SEQ_146290,GCGGATCCTGCTTGCTTCCCCTACCCACACAAGCCGCCATGATAGTTGATCGTCTAATTTATACTATATAGTGTGAATCGGGAACGCGCCCTGACCTGAGGCATATCCATATAGATGCCGGCTCATCATGTAGGCCATAGATGGCAACGATCGTGCTGTGACCTTGGGTATCCCTGGGGGTCTTCCTCATTGCTCTCCCCCTTGTATATGATTCACATATACGTATATCGGACTTCATCCGTCTATAAACTTCGAGATGCAATACCAATATAACTAGAGCATGTCTCGACCCGGGGAGTTAGGACTACGGCCCTCCTGGCTCGTACCTACAGGAACTCATTGGATTTACGGTGCGCGAAATCGACTGTTTCAAGAGACCTCGGGTGAAGGGGCGCCATAGTTAACTTCGCGAAGCATTGCGATTGCTCCGATGTCAGGGCACTCCCCCTACTGGACTTGGCCCCAGAATAAAGACATCGGTGATGATGTAGAAACGTCCGCAACAATGTCTTGTATATGTCTCTGGGGAGTAGCGCGTTTATTCAGCCCTCTTATACCGAGGATAGCCATCTGTTGGCCAGCTTCACCAGTTTGCGAGGAACGGTTCGGTGACATTATAATGTCGGTACTCCACTCGGCTAAAAAACATCCTGGATTATCTTGGTTACATGGTAATAGTAATCAATGGGTAACTTGCCCTTCAGCTTCAATTTGAGGAACTGCACTTACATGGAGGTCTTGTGTCGAGAGTGACGGTCCTAGGTAGTGTTCGAGAGGGGAGCCTGAACTGATGCCGCCCGTACGCTTTCGCGGGGCAAACATACTTTAAGCGGCAGCAGGCCGTGGCCAGTTAGTCTTAATACCAGGAATCCGATGACCAACGCATGGAATACAAGATCTAAAATATTGACACCCAACGTCAGGCAGCTACTTTTCAGGTAGAGGGATCCTCTTCCACAGGAACCCAATATCGCAGAGCGGCGAGACGTTTACCGGTTCTGGGCTTTTCCACCACGTGACTCGGCAGGCGTGTCGCAAAACCATCCGGTCTTCAAGTCCTTGATAGCAGAGAGGCGCGCTAATGGTAGAGGAAAGCGGTGCTGCCCTTGGGAGACAATAAGTGCGTCACCGACGCATCGTCAGAAAGCCAGCCTTGACACGGGAGTCGAGTCCCGTTAAGCAGTCTCCAACCTCCGATGTCTTAATAGTGGTAGCCGCATACCCAAGATGCCAGGTCTGTTTGAAGACGTCTCTTGCTGCCTCAGTACTCTCATCTATCCGTACGTAATATGTTACTGAGTGTAAACAAACTGGCCACAGACCCCGCACCGGGATGACCGGAACTAATCATCTGATTGCCAAATATACGTTTCTTGAAGGTAGTGATGCCTGACCACAAAAGCATCAGCGACGCTTGTCACGTACGACACGTTACGAGACGCATACTCTGAGTGGACCCTACAAACGCATAGTCCCCACTGTCCAGATTGTACATACACTGGCGAACGGTTAACCAGACGGTTCGGCGGACCGAGTACGCCTCCTCCACTACTTATGAATTGGGGCAGATGGTGTTACTTACACCATCAACTGATGCTTCCAATACACATGGATATAGGAAATTCACCGTAACTTAGGCTACACGCTGTACTCGTCTAGTTCTCGAGGACGTTAGGACCGCGACCCGCGGTGTACGCTTGATATCCGAGGCCTAGATTCACGAAGGGCGAGGCTGCGCCCTGAACGACTTGTACCGTTTTATGCGTAAACGCTGTCCGCATGACCCCGCAGGAGTCGACGTTTGAGTACACTGTCGATAGGCGCTA,1826,50.88,Saccharomyces cerevisiae
SEQ_574880,ATCCGGAAGCAGCAGGCTCTATCGGCTGACAGGGCTCTATCCCACCCTCATCCCGAGCTGTGAACAATAAAAACAACTTTGTTCAGACGGACGCGTACTTACGTCAACTCGATCCTGTATGCTCCTAAACCCGACGAGAGTTTTGCGCAGTTTGGGAAACTTTGTTTGACTAATTCACCTCACACAGGCTCGCTGCGATTTAAAGTAACACGTAAGTTAAAACTGGCCAAATTTCCTAGTTGCTTTGTTGGAACCACCCAGGAAGAAGTAGACTAGCTTCATGCTCGTCGACCCAATGCGCCGAATACCCGCCACATGCAGAGTGTACTATCGTCAGAAGCAGACTAGTGTGGAGGTTCGCGGACATACTCTCTGACTATTGCGTTGAGCAGAGGGGTTGCGCTCGCGGGTCCCAAATAGTACCCGGGAATGGCAGGACCGCCCCCGAGTGAGTTTCAAGATTGAGGCACTGTAAGCGTCAGAGTGCGCTTAAAAGTACATTTCCGGGAGTGAAGTTTCCTTATACTACTCCGAATCACCTCGGTCGGAACATGGTGCTGGCTCAGCGTTGCCGAAACCGGACACTAAACTGGCCTGCACTAGCGGATCGTGGAAGCAAATTCAAGCGCCAAGAAAGAACTTCGGGCAGGAGGAAGGTCGATTCAACCCGGAGGGTTACTGGACTCCTCTCCTTTGTCCGGCTTTTCCTTCGGCCGTTCAGCGCACTTGGAAACAGAAAGATAATGCAGCCTCCTACCCTATTGATTAACTGACGCGCGACGTAGCGGTAGTCACTGTCATAGACAAGCGCCTTTGGGTGCCGCATTGCTACTACTCAGCAGGTGGCCCTGGTCCTGGAAAGAAATACAGTTTAAGACAGAGAGACAAAGAGAAACATAACTCGTTAGCGTCCGCGTAAGCTGCGCGCACCCTAACTCAGATACAAGAAACTTTGTACCCAACGTTTGGGTTGATCGGGCTCCGCGTGTTAGCAAACGAAGTCTCAAATAAAGCCATGCACGACGGAGGGTGGAGCTTTTATAGGTCCCGCTTGTGTTGTTTCGCGACGTGTTCCATATTTTAATGCGAGAGCAGGCAATCATGTGTAAACAGACCGTTCACGGATATCGCGGGAGGCGTTGGGGGGGGCTTGTGCTATGCATTGGTTTATTGTAGTGTCTGTCGCGGCAATATTACGGGTAAATATCCGCTATACCCCCTTCGTACGTCCAATAGTGGCCGGCTGCGGACGTCGGCCTGTTATGAACGAACGATGTCTCGTAGTTCATTTGCGCGCATACCGGCGTTACTATTAAGCACAAACTGGCTAACTGCGGGGAACGACTCACATGGACGTGG,1359,51.29,Drosophila melanogaster
SEQ_511237,CGCCCGTTGCCGGTTGGTCATTTATAGGACAAACCGAGTGATACTCTAGATCAGTGCACACATAGATCCATTATGATTCTTGGGATCATAAGACAAAGGGGTTTCCGCTCTGGTATCCGGCATCACCTTAAAGCATAGTGGTTCTGATTACAACCTTGAACTGCTTGACGCTACACTTTGTTGCCCTCCCGTGGTAAATCAGCCAACAGCGCGCATTCAGCCAGTCTGGCCTTCGTTAGGCCCTTTAAACAGTACTTGCTTATTCTAGTTAGTTCTGGTGTGTAAGCTTCGTGTCGTCCGGACGCAGTTAGAATACACGTGAAACTACGCTCAATTATGTTATGGCACCCTAAACTGATGTAGGCAGATCTTGCAGCATGTCCCTCTGTTTCCATGCCTCTTCGCGCTTCGCCGCTTGATCCTTACAAAGCGACTTCGGCCCCGAAATCGAATCGTAAGTGAACATAACCGGATATAGAACTCTCCATCGTGGACCTACCTTGGAAATTTCAATACGGAGTATGCACCTAACCGGACGCATTAGGGGCGAGATAGGACGTGTTTCGTCTTCCTACGAGTCATTACACCCTACGTTGAAGCCGTTGCTAAGCTCATCGTAGCGGTCTTGGAC,631,48.34,Drosophila melanogaster
SEQ_798737,CGGGGGTCCAGACATACATATATCAGACTTCAGGTCGGCTTTGCGGCGACTCGGTTACTCTCGTTTTAAGCAATTCCCACTTCGATAAGTTAAGAGTACACAGAGCCCCTGACGATCGCCATCTGTGTCCTGTTGAGACTAAGGGGGGGTATGTGACTACTCGTTTACTTCACGCGTGCGCGTCAGTATCAGGACTTCACCCTTTGCCCTCCACTGAAATTTGTAGGTGCGAGCTCCATCTATATTCGTAATGACGTACAACGCGATACAGCGACTGGAAAGTTCATTACTGGAATCCTGGTACTACCGGCTACCTCGCCGGAGTGGTCGCGCGTCTCTATGTGCCACGTTAGGCGCATTAGGTGAATGGCTACTGTTCTCGCCGTTGTGGTGGTACCCCACAGCCCGCCGGTATGCGGGCCGACGTCTCGGGCATCTGTGAGAATGTTGGTTCGTCACTATACACGTGTTGGACCCTTCATGATACTCTTGCTCCTTAGGTATTAGAATTTTGCAGTGTCCTAAGTGGCACATTTGGTCCGGAGTGGCTTCCCTTGACAACCTCCGTGGATAGGCATGGAGAACTCATACACGCATTCACCTTTTGGCCACAGCCACATACACCTAAACTCCTAGATAGTCAACGAAAGATTTGCAGCCCTGGGCCGACGTCTTAGTACATTAGCTCTTTAACCGGACTTTTTTTCACGAGCAGTACGTACGGTGCTTAGTAGGGTCTCCAACTCCGCACTACCTTTCCGAGGCCACATATAGATACCGCGAAGGCGTCTTCCAGTTGCCAACTGCTTTAGAGATTACAGCGGGAAAGGAAGTAAAAGTGCTTCTCATCTGCGGGTCGGCCCCCGCATGTTCGACACGTCCGCCTCGCTTCCGGCCACTCCGCCTCGGTTATTCATTCTGGCTCAATGAGTTTTATCGCCTGATGGTCCCCCGCCTGACTCTTGGAATATCAGTCGCACGATAGCTGTTCAACATTGCCGCGAATCCTATGGTTTGGGTTGAGTTATCACCCTTTGTTGGTAGAAGGTAGAATCTAGACCTTAGTCTTGAGTTACGGTTAGATACGTCTGTAACTGTCGGGTGGGGGAAGGTGATGAAGGCGCGTAGTGCTGCATTCATTCGCTCGCAGCTAAGAGCTGTCAAGCGGCGCGCGCGTAAGGCGATTTGTAGGTAGAGAAATGGTCCGGGTAGTTAATGTGACACGAAATGATGTTCCGCCATTTCAAGGATCGTGCTAGCACACTCGTCTTACTATCTTGTTTGAAGGCAGGGTGTGCTCACGGTGGTGTAAGCCTAAAGTCGTGTGTGGACTCTGAGTGCATCCTGGCCCGTTTTGCCAAGATTCTTTTCATGTTTAGCACCGAAAGCTGGTAATCTATGCGGACTGACCGAGGGATGGCTCAACATACAAATTCTGGTAGTCGTGGCTAGTCAATGACGCACCTGGCCTAC,1473,51.19,Mus musculus
SEQ_911195,CGACGAATAGAGGCACGAACGACAATAACGCTGACCTGGTTAAGATCTTCTGTACCCCACGTCATCTGGAACTGAATCGGTGCTCTGGCTGATGAACCGAGCGCCTCCGTACATTGTACCGCAGGGCCGCGTGGCGTCGCGATTACTGAAAGAGTTCGCGGAAAACAGGAGTAAATCTACCCAAGTGTTAGCGGGTCTGTCTAATTTAGCGTATTGTAATCACGTTACCCGAATGCTATTTACGCGGAACATGTTAAGTAACAGTACAGTGTTAAACTCTGTTTAAGATATAATGTATTCCGGCTGATCGGGATGCGGGCGGATTTTCCTCGGGGGGACTGCATGAACCCATCCAAAGGGCACATACGATTAGGTTTATCATAACGAGGACGCGTTTTTATTGCAAAACGTAAAGCAGGAAGGTCATGACCTCTACGTTCAATCCTATTTGTAATTGATAGTAGCTTTTCTCGGAGCCTCTAGTTCTAAGCGCGCCTCTCTGGGCCTGCACAGGACTAAGCTAAATTAAGTAGATCGACCAGCTCTGCCGTATGATAACACGGTAGCGGAAAAACACGCCAGGTGATGTGGTTTGAGTGACGCAGTTGGTGCAACAGGTCAGTAGGGTAGGTCACAGATTGAAGATGATCGTCCACCGGAGAGTAGTTCATAAGGAACGAGCAAAGTGGACAGGAGGATGCCGCGCCAGGATAAGTAGTGCGGCACATAGATGAACCGCCCAGCAACCTGAACGCGGCAAACCATAATGATGTCCCGCGGACCTCGCGATCCCGGACCCGTAGAAAAAAGAGGCTCTTGTCCTCCCATGTCCGCACAAACTCTACCTCAGTGGCGGCCGGGACGCGAAGGCGGGGCTGGCTGTATGCAAAAAGGGTTCGACTTTTTCTCGAAGACAGTCGCTGGAGCAGTCCATTACGGGCTTGAATGACGCCGGGCCCCTCCTGAAATGTCTTCTCAGCCCACGATTCAGTACCTCCAGAAAGGGCCTAATTCGCATGCTCCCCGCCCCCGTTAGCTGTGGCATTAGCCCTTGTCATGTGAGCTTTTAGGAACCTGCCAGGAGACTCTGCAATCAGCTAAGTAATTGCACCTGTGGGTACGTGGAGTCGCGCCCTGACAGGGTTCCGCGATTTCGTCTCAAATGTAAGGGGACATGTAAAGG,1183,51.48,Caenorhabditis elegans
SEQ_287991,CGTTCCCGCATTTTTACTTAACGTACAAAATCCATTTTCAGGTTTCCGGTCTGTTACGATGTCTCCTCGTCAAGAGCAGTCTCGCTATTCGAAATGTGACCTCCGAGCTACTTATTTCTGCGCGTGACCCAAGTGAAGGACGCTGCAAAGAATACTAGCCACGGTCGTGGGTTGTCACGTTTATATATCGGCTGGAGCTAACGTGGCGCATTTAAGGTCCTAGTCCCAAGTCAACATCCTACACAGTTTATCCCGAAAACAAGAGGCATTGGCGTTACTTAATCCCTAGCGATTGAGCTTCTCAATGCGCAAGACAAGCGACGATGAGAGTTGGCATACTAGTAACTAAAATGTAATTCGCGCGCGAACTGTAACGTTAATAATTTCATAGGCGTGACCGCTGCCGGGCTACCACCCTCCTACAGTCATGCGACCATTGATTAGTATATTTGGTCCAATAGTTATCCTGGGAGTAATGAAATTACGCGGGAATACTAGCTCACCGCCCTGGACATAGGGTTGGCTGTTAACGAGGTCCTCATCTGGTTGAAATCTGTTATCTCAGAATGGACCGTTATCCACTAAGTCCTCAGCATGAGTTAGTTCAAAAGGGA,614,46.42,Mus musculus
SEQ_878119,GCCTTAGGGCAGCTGTGACCGTCTACGTCTCGGACTCATCTTGCTGAAGGAAAGAGTGTCGTAACATAGATTCAGATTATGACAAATCAGACAGGACGGCGGAAGCGGTATTACCGCGGATAAGGAGCACGAAGGTTTGCGGCATGCCAAGTCAAAGCTATCACTATCGAGACGAGGCGTAAAGAGATGTGTGCCAGGCGAAAACCTTCGACTGCATGTGCTTCCCCTCCTATATACCCCCATACTGTCTTTTACGGGGCCATGAATCAGTAATATAACCTTAGGTTAATGTCCCATTCCTTGCGTGCGCACGGATTTCCGTCCGATACTAAGGCCGTACTTACATATTCGGTCGCGGATCCTTATGAAAGCATACGTAGGGGCAACAGTTCACTGTAGGTCGCCCTTGACGGGTGAAACCCTGCAAGCCCTCCCGAGGTATGATGGTTTCCATAGGCGTTCAGAAGGGCAGGCCGGGCCCTCAGTTCTATTACGATAATATCCTCACATGGACTCGGAGAATATTTTGTGCTTATGGCGGGAAGGCCTCCAAGGTGGCTCAACCATTTCGCCTTTCCGTAATCGTGTGCTGCTTGAAGATGCCAAAAGTTAGTTCATGGGTTCGGAGCAAGCACTGACGTTAAAGAGCCATGCTCACCGAAGGTTTGGAAGAAGATGAAGGAGTGTCTGGCATGCGCCAATTGATGGAATATATAATGCTCCGTGTACACTATGACGGCCTAGGCTAGTCGATGGCTATCGGTGTCTTAAGTTTGTGAAAATTTCAGCTGTTAAAGACCTGAATCGCGAGTACGACTCCATCGGGCCGAGCTGGATATTATTGTCATATTCACATTCTATGTTAAGTGTCTCTGTAAAATTCCATGGTACTCGCCGCCGAGCCCGTAGTTAAGTCTGACTCCCGACCTCATCTCAAAGAGCAGGCTTTTAGTATCGGGGACACTCCTAAGCCCACCTACTATCATTATACGTAAGTGGGACAAATCGCGGTGAGTTTAAGAGTCTTCGTGTTTTGC,1037,48.79,Drosophila melanogaster
SEQ_629861,CCTGGGTGAGAGCCAGTAATTGTCCTTCTCAGAGACGAGCACCACACAACCTAGCGTTGCTAGGTAGGCCGCATCCCACTCGTATAGACGCAGTCTGTCTGGTACAGGTGGGAAACCCAGGCTCGCAGGTGCCGTGCCTTCTACCTGTTTCAACTCACAAAATAGTAACACATCCACCTACATGTCAGAGGAATTACACGGGGTATAGCGGTATAGTTCCAATCTGGGATGTCGGCTATTCCAAAAATTGTAATGCCCGGAATTTAACTACTGATAGTCATCGTTCGAACTAGGTGTTGATGCCATGGCGGGAAAGTTGGATGTCGTAAACAAATGTCGAAGTTGGACATGGCGTGAGGTGCTTACCCACCTGTGGCTACGGCTAGTTCCGGTAGGAGCTGGCCACCCTGCAGAAGGCTCTGGGACGTTTGCCTGTGGCCAGTCGAAAAAGGGTGTGTCTCTCCATTGTGGGAGCTAATAGCGTTTGACGTCCTCCCCTTTGTGCGAATCGGGGCTCAGGCGAACGTCCAGGAGAGTTGCATGGCCGCATAGCTGATCGTGTTGGGATATGCTAGGCGTATGTGCACGAAGTGGGGTCATAGCGATATACGCCATCGAAAAAGTAGGACGCTGAGCCTACATGGATAAATAGTTGGCCCGGTGCCGAAAAAGAGTACACAACAGGCCTATTGAATTGAATCCGACACTAGAGATGTCAGCAAGCCTGGTTGAAGTGGGCATTACGATGATGACTACTCCCGATAGATTAAGGTTACCCCTTGAACGCATAAACAAAGTGTCCAGGGGTAATGGTTCGTCTGCAGGAGTCTGACCTTTCAGAGATTATACTGAAATATGTCTGTGGCCCAATGGACATCGGAGTTTTGCGGAAGCGCGTTCTCATTACTGCCCGCTGAGATCGTGAGATCCATGCGCGCGGGCACCGAACAGTGGTACATTAAATAAATATGCTCGAGCATCCCACTGCTACTATGCCAAATACGGTATCTCTTTTCCGCCTGCCGCCAACTGTCTGAAGCTAAAGTACGGGAGAACAGTCCTGGGTGTGAAGCCTTGTATAGCGTGGAACAGCGTACACGCATCTCTCCTGGACACTGTAGCCAGAAAGTCCTTTTTAAAAGCGTATGCGGATCTACCCAAATATTTAATTCCACGTTTT,1180,50.08,Arabidopsis thaliana
SEQ_164573,CTTTTGAGCCTATTCCCACAACTCAGGTTTTTTACACACGCTCTGCGTGATCTACCTCGTATTCCACATCTTGAGATTAACCGCTCTCAGCTTACCACGCCGGCGAGGTCTCGCTTTGTTGAAACTAGCTAACCGCAACCCAGATTTCATGGCCGCTTGGGTTGCTTCTCCCATTTCGGTCGTAGCTCCCTGCCATAACTACCCGGGACGCATATCATGTTGAGTGCGAGCTGGCAGCATTTAGGGGGCAAGGCCACTCAACGAGCAGTTAAGTGAGCGAAGGTGGAGTAACACGCTATGGTGAGCTGGATTCGGCGATGTGTTCACCCGAGAGCGTCCCTCTTCACAACCTATCCTGTCTAGTGTTTTGAATCTCCCCGCATTTGGGCCAAATTGTGAGAATTTCTATGGTGCGAGTCTGTGAATAGGGTAGGTCCTTCGATTCGACGTACTCATGCACCTGGACTGTGGATGGAGACTTAACCTATCCACCTTAGCCCGGAACGCCTCCTCTAGATGTACGCTCGGCCTTGCTAGCCAGACTATCGTTTTTTGGCGAAGTCTTGCCTCTAATAGGCATAGCCGCAATTGACTGCCTAAAATATCGAGCCTGACGGGGTCAGCTCCACCCATAGCTCCTCCCGATACACCATCCATCGTGTGCATTTCCCGTCGAGCCGGTTTCAGTAAGCGGAGGGTGTTAGAACTGATCCACCCCTATCCAGCAAGAAATAGGGTATGCTCAGTTCCATGAAGTGTTGGAGAACCACTACGGAATGAAACACCACTTCCCCAGCTATCATAAGGTTATGACCACACTTGGCAGAGCAGGGTCGCAAACCGCCTTGTAGTTTGGTCGCCGGGCGGTCTTTCCCAGCGTAATAAAGACATACGAGTAATGTTGGGGACGGCCGGCCGATAGTGAGTCTCTTCAGCAAACCCCTATTCGAAATTGTGCAGCTATACTGATTGTGCTATATTCAGCTCATCACCCTATCCGCTTACCAGGCGCCCGAGGGGTGTTGCTGCTGTACATGCGTAACGGAGCGATGTCGTTCTTTCCGCCTGCTTCGACATTCGACGATTTGTAATGGCTAGACAATACGGCTGGTATCGAGCTCTTTGACCGCCGGAAACTCCCTCGGGAATATAGCTGGGCGAGTGAATGTGTTGCGGCATCTTCCCGATGGGTCCATTCACTTCGTGACGGACCACCATCGTCACGTCGCTTCCCATGTGGTCGGGCGTATCCACTGAGCCTGAATGCACCCGTCGATCCGTCTCGTCTAGTCATGTACTTCCTTCAACCACCTAGACAGCTTGATCCCGGAAAGGGTTCGCGTAAGTGTGAATATGGCGCGACTCCGTTAGATCCGAACCGCCTTTACTGGGAACCGGGAACTATATGCGCGTTTCGCTACTCATACACGGTCGCGGGGTCAACTACGTAACGCTCCACCGACGCAGATCGATGAATGCCGGTTAAACAACTTATGCCCTAGTCGTTATGTAGTAGGGCGCTCCTGCTTAAGTGGGATCAATGGTAACAAGATGAGAGATATGCCCGCTTTGATCGTAGTTTGGCGTCTTCGGCGAACTGTCTTGAGGATGATGTGTCAAATTATAAACGCATGGTGGTGCCGAAGGCCGTTTAACTTGCCCTTACCGTAGTATACGACGACATTGTGAGGATCCGTCGATCTGGCGACCCTACGTAAAGGCTAAGAACTCCGATGTTTGACCATAAGGAGATGATGCGCT,1761,51.85,Arabidopsis thaliana
SEQ_260966,GCTCCTAACCACTGGATAATCAGAGGCCTTGCCCGTGTGCACTTGTTCAGCCTTGCCACCCACTGTGCCGACGGCATTTCCTCCCCGCCACCAGCGAACCTAACCTGGACCGTTGTGCGATTGTCTGGCGGTTGAGTACAGCAAGCACAACGGAGATGCGCCACCGCTTACCCTCCGTCAGCGACGGAGTTTTGTAAGGGGTGATATTGCGAGTCTGTAGTCGACGTCCGTTGATATAGAGATCATGACCGAGTGATAACATGACTTCCCCGATAGTAGGGCGGTCAGCGGCATAATGAATTATCGGACAGTGGTTGTATTCCGACCTGTACTCCGTCTGTGCGAAGACAAAGGCGGCCCAGCCCCCGCTGCGGGACGCGGACCAAACGTAGATTATGTAGTTGCCCCACCAGCGTTTTGTCCGCCGGTTGTCTAATTTAGAAAGCTCTCGGAGAACTGAGGAACAAATACCGCGCAGTTTCGAATAATATTCGTTGCCCCTTATCCCCTGCCACTAACGTTAGGCAATTCTGTCTTCAAAACGATGTAACAATCAGCACTGTATCGCTCGGTGACTTAACGAATCTCCATCCTTTTTAATGAATGAAACAGTTCTCAAACCATCCCCCTTTGGCACCTTCTCGTCGAGTGAACATAAATAAATACCCGTGCCGTCCGAAAGGTTAATCAAAGGTACAGCACTGCTCAGTGTACGTAGAATGCATGAATTGCTCTCCATCCGAGCGCAATTGGAAATACAGAAGCGTGCGCGAATCCTGGCAATAAACTGACATGAAAAAACGGAGCGTTAACCAATATGCAGGCCAAGTCAGATAT,837,50.3,Escherichia coli
SEQ_893696,TACCTACGGGGCGTTAGGACCACGCTTTCTGGAATCAGGTAATGTCTTGGCTATCGATATAGATCTGCAAGCTTCGGATAGTGGTATGTAAGCATCGCTTCAATAATATGTTGCTGACTAGCTCAGCGGCAAAATTCGCGCGCACCTTTATAACTTTCAGGGTAACTTCGCTCCAATGTCAGGGCGCATAATCCACGAATGTCCGGGTAGGGTCAGTCTACTTGATACGTTCGTGACTGAGATCCAAACTTTGCGCTTGAGTTTCCATTATCTGACGAGCAGAACTTCAGCTGGAGGCACGCCCTCGGTACGAGGCCAGTGTCGGAAGTTGCGGGGGTTGCCAAGGTGAATGTAGAAATGTAGCGAAGAAGATCAGGAAACAAGTATTATGCCTTAATGCGTAATAAGGCGTTCCACGTGACTCCCGACAGAGGGTTCGTTCAGACCGTAAATTCACGGGATTCCAGTTTTGATCGGACCATTCAGATGCGGTTCCCCAATCTGTTAGCAGTTTTCGTGAGGAACCTCTTGATCTCTGTGTAGGGGCCGGGACCTACCTTGCACCATTGCTTGTGATACTGCAATTTAACGACTTAGTTTTCGTACTATCTCTGGACACATGCACGCAGCCATGTGCTTTCGTCCATACCGGCCAGAGGAGTGCTCGGGGTCGCACGCTGGAACACTGGAACACCGAGATTATCAGCCGTGCCGATGAGATGTCCAGATCACTGAAGTGCCCGTCTATCTCAGGACGAAACCTCAGCCAACCCTTTTGAATAGGACTAAGACTTCGATTACCTTTATGTCGGAAACCTGTTGGTTTCGAGAGCATGAAAGGCAGACGCGGTGAGTCGCTTATGAGGGATAGGGGATTGCCCGCTGCGTCCTTGCTCACAAGTAAGTCTATTACACTGGAGTGTATCCCCAGGCCCGCACTAGCTGTTCCACACGTCTTACATGAGAAAGTACAGTCCTGCACCACCCTATCTATTAATTTGATAAGACTAACCCCCTCGAACGCTCTTGAGCCAAAAACCGTCTATCCGCAGACACTTCCACTTTACGCTAACGGTTGGGTCCGGATCACGTAGGTCTACATGTACGGTTTAATTAATCCAGCTCCATCGCACCACCTTGGCTAAATGGGTGAGCGGAACCGCTGCTACGACCCCCTATTAGATCGCCAGCCATATAGGGCTTGTATTAGGCGCTAAGCGACAGTGCCGATCTGTAGGGATATACACTATTTAGTGTTAGGGTGGATTCTAAACGAATCAGTAAACGGCGGTAGTAGATAGCGTGACGTCAACATGTGCTCTCCAAGACCAACCAACCGGGCCCCTTTATGTACATCTCGCGGTGCTTGCGGTTACGGGGGTTTTAACAACGAGTAAGGGACGATAGTATAGAATAAGTTTCTATGGAGGTACATATCCTGGTCGACTAATCAATCA,1457,49.28,Saccharomyces cerevisiae
SEQ_367367,ACTGGGAACCTCCACAACGTTGACAGCCAGCGTTTGGTTACATCCTAATAGGCCGGATGCCGATTACCGCGATCACCCGCACGAAGAGGGGGAATTACAGGGTCCAGCACGGCCAAAGACTTGCACGTACTGTTGATTTGCCTTAGGTCACTTTGCGGTCCGCTCACCTCATTAATCTATTTCCATACTTTACTTTTGGCTAATCCCCTCGGCATTGCGCGAAGTGGGACGATCTGGATGACGGCGCCAATATTTGATGCGCTAAACCCATCTTTTTTAAGCCTAACATGTTGCACCCGGGGACCAGCAGTGTCAGGTAACAAATTCCAAGGGGAGGGCGATAAATTGCCCGATTGAGTTATCGGAGTCAAATGGAAGCGCCCACGCCCGAAAGTCCCCTACTGACGGTTAGCCTTTAGACATACTCTTTGAGGCAGCATGGTAACGACTATTCGCGCCTACGAAGAAGAACGACCAGCGTTATGCTAGACACATTGAGGTAATACGACAACCGATCGAGACTCCATATGTACAACATTAGGGTGTCCTACACTCCCTTAATAGGCAACCATTGCCGTGGAGTTGTATTTCTCCACCACA,600,50.0,Escherichia coli
SEQ_740239,AAGTGCCTGGATTTCCAACGAACGGGAGCCGGATTGCGATTCAAATGGTGAGAACCTGTTCTATGGTAACGAGGCGGGGAGGCAGACGGACCCATATATTCGCTGGTTTCGGCAGGGAACACAGGGGCCCGCCCGCGAAAAGAAGGGCGAAGGCATAAGATGGTATTGGCAAGGTGTATGTTCTTCGCCCGCCCGTACCAGGATGGAAATGTTGCCGCGGCTGTCCTACAGGTTTCGGATACAAATGTGGTCTTACTTGAAGAGTACCGCGCGTCC,276,55.07,Homo sapiens
SEQ_310871,TTCTGGTAGCGCTCGACTCTACAAATGCTAGTGCAAGCAGGACGCTACCGTATCCCTCCTTGCGCCTGGAGCTCAGGCGTACTATGGATTCTAAAAATTCTCTCCATCTGATGGTTGGTTCTTGACCGGGCTACACAGTTGGTGTCGTCTTGGCTG,156,51.92,Saccharomyces cerevisiae
SEQ_577892,ATGGTTTTGTGCCCCGTGTCCGCACTTCGACGAACCACAGGGTTATAACTTTTGGAAGACTGTCGGTTAGACGATCACTCACGAGATAAGATTCGATCGCTTGTGGCAAGTCTCGGCGCCCAGGCACTTCAGTAGTAGGGCCTCAGGCTGGAGGAAGTTGTCGTAAAGCCAGTAAATAACGGTACTCTCTCTCCCCACGAATATTGTGATCGAGTTATCGCCTGAAAGTCTTTAACTGCACCTTAAGCGCTTTCGCCGTAATGTTCCCAATCTCACGTACTATGTAGAATTAACCTTATCCGGCGTGACGAAGGTAGCGAGTCGCCTCCGCTCCGCGCTGAATTACTGGCCCGCGGGTCTTGCCGATTATAGCGAAGGTAGGGCTCATCGGTGCGTCTTTACATAGATAGAGCGTTATTTGATCACCAAGGACGGGCAACGCTGCAACCCGTGTCTCCGTCGAGCGCGGTTTTTACATTACTTCGTCTGAACGTGGGTTACCACCATCCTAAGAGGGGTGCGCCACTACCGTACCTAGGGTACGTAGTTTAAACAGCACATTAGGATCCAGCTACAGCTTTTGAACAGCTTACCGCTTTATCATCGGGTATGGCAGGATCAATACGTGTTCCTTCGTGAATGTTATTGTGTCGAAGAGGCGCCAAATGAAGGCTAGGCCATAGAGGGCGTGGCGGCAGTTGACCTAAGCGTCGTAGATCTTACACCATTCCCTTATTTAAAGCGTAAGTCAACTCCGATTAGTGGCTGAGAAGGTTTACGGGACGATTTTGGCTGGGCATCTTCCGGCGACGATGCTATGGCATTATCTCATTCCCCACCCAGTCAAGAGGGCACGCGTGCGTCATACTATTTGTACGTCTGCTGGAATCGCATCGCTCATTCACTGTACTTGAATGGGTTCCGCTTGGGATCATCTCCGACTGGGGCTTACTGTTGGTTGGTTCAAACGAG,972,50.72,Mus musculus
SEQ_560961,TTTCTCCACCTCCAAGCGCCCTACTTGGATCGCTTGACTAATCCATCACGATCACTGACTCATTGGTGTTGATAGAACCTTTCCGATACAGCACGGTAGCTTCATGTCTACCTCGCTAACGCGCGTGTGAAATTATAGCTTTTGCGTCTACGGTAGTTGCGACAATTCCGGTGCTTAACACTGTTACCGGGAATGGAGCATAGTTTGTCTCCGAACTATTGATAAAACTGGGTATTCGCACATAATCGGTGCAGATGTACCGAAAACCAGAGGATAATCGCTTGTATGCCAGAAAGATGAAAGAGATCTGATATGTGAACCACGGATATTACACCCATCCCCTCACCTTCAAGGAAAGACACGCCCTTTCAAGCCATAATGTTTATTCCGTTTATGCTATTTATTCAGTTCCCCAGCCAAAGTCAGCACTAGACCTACCTGTTATAAATCCATTAGGACCCCTCAAGCCAGCTTTCCGAGACCCAGCTGCGAGCACGGCGCTGTCGGCCTCTCTCGCGATTCGAGCGTACCGTGCTCCGTATTTAGTCGGAAGCCGGGTCCCCATTACTCCTTCCTTACTGGCGATCCTGACTCTGTGCACCACATGTGACTTACAACAGTAAAGCGCAAACCGGATGGTCCTTTGCCAGCACAGACTCTAGGACGTCCAGGCCGAG,677,49.19,Arabidopsis thaliana
SEQ_163848,AACACATTAGTTGTATAGCTCGGGCCCCAGCATGGTCAGCTCAAAGGGACTTTGACTTGTACCGTCAGAGAGTTTACGGCGAC,83,50.6,Escherichia coli
SEQ_345723,TCCCTGTCTCAGGTACCCACGCTACTACACACCCGCCTAACACACTCAGCTACGGGCACACGATGAAATAACATCGGGGGTTGGAACGTGCACGCTACCACAGGGATGAGCTGCACAATCGTAGCTTCGCTGTTTCGATAACGTTCCTGACAACACTCAAAGGCAGGTACGCGAACTCCGAGTTATGCGGTGGACCGCTTCCCGTGCTGCGTATTTTTTTACTCAGTGCTTAGGTAATCGTCTACGTACGGATGTGCTTACGTTTCATAATTGCCATTCCAGAAACTTTCCACTCAACAAAGTTTAATATCTGGCGAAATGTGAGGGAATGACACGCGCTCGCGGCTGGACAATCACCTAGGAGCATAATTCACAGCTATTTGCGCGCTAGGGTAGGTGACCATGAATACATGGGAGTTCTCTACTGATGCCCGTGCCACGTGCTTAGTTACGCCGCGCGTGCACCAGCATTACCAGAAGCACATCGTCAAAATATTCGAATACGAATCCGGCATACCCTGAGGCCAGCGAGTTGCTTACAGCTGCTTGTGTACCGAAGTCCTCCCGGACCTCACAGGCGTTGCCTGTCGCCCGTGAAAGCATCTAGCTTAGAGTTCGTAACCAACGGATGCGTGGGAGATTCTTTAGACGAGGGGAAGTCACCCAAGACAAAGCTGTTATATGAGTCAAAGCATCGTGGCTTAGGAGTCCTTAAACGCGTATGTTAAGTTTACTTGATATCTCCTTAGTCACTCCAGAA,760,50.13,Drosophila melanogaster
SEQ_638358,TGAAGTAGAGAAAGTCATAAGATTTACTGGCGTACACAGTTCAACTCGAATTCCGAGGAGATTCTACCTCAGCGACCACCTCCCCTATGCTCCTAATGTCGCCCTAGGTAGCCACGTGTCCAACAATTGTGGTTAATCTCCAGAGACATAGGTTAATCATTAGCAAGCTACCGGGGCGAAATTCGGGGTGTTTGTCGGACCTTCCAGTGTGACTAAAACGTAACTTACAGCTAGAATCCTGAGACAAAGTAAGGCCGTACTCAATGCAAAGATCACGGGCCCGTGAGCTTATTCCACCTTCGTCTCATCTGGTCCCAGCTGTTATGTACGCATCGGTGACTGACCTACTAGAGGAGCTGAAGAGAAGTTCGTGTACTTAACACCGTTGGTCGTGACGCCGACATGGACGCGGATTTTGCCCTGGGAGGAATATTCATATTTAAACCGTCTCCAGCTTCCGTTCTATAAGCAACACAGCTCACCGTACCGACCAAGATGATATATGGCCCACCCCACATCTAGAGCGCAGGGTGTTTGGTGGCCCTTGGGTCCTCCAGCTGG,561,49.91,Escherichia coli
SEQ_730540,TCGATGTGAATCCAAGTCCACCAAGCTCATACACCACCGTCCTATAGGTGACAAGTCCCCTATCGTGATCTATGGCAAGCAAGACCGTGTAAAGAGGCAGTGGTAAATTCGCTCATCCGAACAACCCGATGGGCTTGTCAAAATTTGCAAACTGTTAGCAGGCTGATTGACGGATTGCACAACTTCTCGATCCCAGATCAGGACACACGCACGCCGTATGTGGAGCTGTCATATTCGTCTCGAAATCTGACACCTATGATCTGCGCGAATGACAAACCTATCTAAGTACGATTAGTCACACGTTGGCATCGTTTCATGACAGGTGAGTCTATTATAAAATAACGCCGAGATGCCGACATGGAACTCGATTCGTGCGAGGCTTGAACAGTGGGTGGCCAACCGAATGAATGAACATGGGCACCCCTCCGACTCTGGACGTATACGGAGTAGCATTGAAAATTAGTTGAACCAGGAAGTAGGATTGACACAAGTCCGACGGTATCTCTCCGGTCAGTGGTCGCCGCGAACTTAAGCCTGTCTTTCGACTCATCCTAGAGGATGAGTCCATATTCGGCATGCGTCATCGTTTTAGTTTAAAGGTAAATAAGCGTTAATTGGAGGTTCATATATCTTACATTGGTCCGGAGTCCAGCGTCGACTAGTAAAATTAAGTACCAATGGGTACACCTGGACTAATTCCTAAGCCAGGGCGGCTGAAGTACGGTCCTGTTTAGGACAGTTTTAAATTGTGGGAACGAGACTGGGTATAGGCCTTGAGTCACCAATATACCTACTAATACTCTATGCTTATACCGCGGTAATATTCATCTCCCCGAGTCTGTACCCCGCAAACGTGCAAGTCTACGGAGGAGTATTATCGTCACTTTTATAAGTACAGTAGGGATAAACTTCAGGGTTAGTTTGCATTCGATTATTGGGCAGCCTGGGCTTGAGAATGCGGTCTAAAACAGCCGACACGCGAATAGCGCGTCTCAACATCATCCGTTACTCCCATTAGACAGTCGATCGAGACAGCTCCACACGGCTGCTACGGGATGAGGAAAGCTCATAGATCGTAATGTACATTTTACTGCATAAGCTTACCGCTTGGTTAGCGTGGAAATGCATTCCCAGAGCCACACGTTTCCCCTAGTCCGTACTGAATCATGTCTACCAGCACAGTGCCCAGAGTCGAATGACATCAAGGTCATCAGACGTATTATCTTACTTACGGCTTGGA,1240,47.18,Caenorhabditis elegans
SEQ_578633,ATGGCACGAACCGGACAAAAGACCTGTTCCGCGTAAGACTCAATAAGAAATACTCGTAGCATCATCAGATCTGCAATAGAGCGGCTAACGCGCCTAATCACAACGATAAGGGGCAAAGACACCGGTGGCGTTGGACAGCTGGAGAATGCCTGTATCAGATCTCTTACATTTACGGACCCATAAACCGCGCCCGTGACAAATACCAAATCCAAGTAAACATTAATAGAGGCTATACGCTGCTTGGCATCTGTCCTCGCACTGCAGGTGATCAGGCATGATTATTTCATATCTTGACTGCCCGTGCGGCGCGAATATTTGCGTGTAACGTCGAGCCCATGCAATACGCAGCTACTAGAGACGCAAAGATCGGCGTTCCGTGGTTTCCGGGGTTCCGGATTCATGGTGCCGCGATCAGATCGTCGACACCACTACAATGAGAGAAGGCTTGTAGGAGATATGGCGTACGGTGTCTGTGAGGGTCAAGGAGCCGTTCCTCCGCCGACAGGGAAGGATCTATCTATACCAAACGGGTCGGTAGATCAGTACCTCGCCAGAACCCCGTATTTGCGATCGGATGTTAGGCCAGTCCGCAATTGCACAGTCCATACCTAGATACTGAGCTTGGGACGCCGAACTTAGTACAGAGTGTCGACAAGCTGTTTTTCCTGGCCCAAGCCTGCTCTCCTTAGTTCGGGGGAGTGTCAAGGGTGAAGATATGTCTCATGAATGGTACAATGCCGAGCTACATGTGCCGAGCCATTCAATAGTATGTGTGCTAACTGCCTAACTTCTGCGTTCTATTACGCGCCTCGGTCCCCCCTGCGTTCGACTACACCTGTGAAATAAACGCTCGGCCGGAGTACCAGAATCTCTACCCATCTCGATTAGGAGGTTCAGGGCCTACTTCCCTGGCAGACTAGCTGCTTAGCCCCGAGGTGCTATATCACTGGCGCGCGCGCAGTCACCGATATATCTCCGTCACACTCGTCTGTAAAATATGATGTAGCCCCCTAACAGGTCTTCCGAGAACGACACTGCGGGACCGACAACCGAGCTTTTAAAAACATCGCCGGTTGGTGGAGCCTATCAGTGGAGAAATTCATAGGGTGGCCAGTATCGGAAGGATGACATCCTCCAGTTAAGGACCAATGATTAATAGCCGATAAACGGAGATAGATAGGGACGTCACGTTGGTCAGTAAAACTCAGATGACTAGAGGGTGGCTTTATTTTCGACCGCGAGACGCGTGGCTGTGTGTTTGCAGACTTTATAGTATCGTGGTCGCGACATGTTCTTACGCATGCATTCGCTAGCATCCTGGTCGAACCTGTAGGCACCATGCTTTAAAGGACGATGCTCAGCAACTCGGATGTGGCAGCTACTGGTATGACGATCAGAACTTTCGGCGAAAGTAGGTGACTGAGCCCCTGCTGATCAGGAACGAGGTTCACAAGACGACAAGACAAGCGTGCAATGTCCCCGGTACTGTATCACACACCGACTCG,1505,51.36,Arabidopsis thaliana
SEQ_155000,TACTCCAACGTGTGGCGTAACTCTTAGACTGTTTAACATACCCGGTTTTGGCGCGCTATACCCAATTTGTCCCCTGGGTACAAGAGAGTTGTAAAAGGTGCATCACGGAAGTTGGTACTGTTTATTCAAAAAGAATTGTCGGTCCAGATCTCCCTAGTTCCCTAGATCCCGCTGAGGCAACATGTAGAGTTGTGTACCAGTTTGGCCGCG,210,47.62,Escherichia coli
SEQ_710782,TCCTTCGGAAAGCTTAGATCACGCACCAAGAATTTTTTTAGATGTTAGATTAAAAGGGAGACACGTATGCTCTGTACTCTAGTCCCGAAAAGAGGATGGCTAGGGACATAGACGGTGACATTAAAACGCCATGTGGGATTCCATTTATCTAAGAGGAAGCCCATGGGTATGCTAATCAGCACTTGTTAACCCGTGCGATGAAGTCCTTTGGATTCCGACTTACGCCTGTCGCAACGGATCCCTCGTAGGATATCCATATTTCGATCGACAATCCTCTCTCCAGACTGCAACGCAACTAGGCCTCGCTTTATCTCTAAATGGGGTCGTCTCAACGTGCAGTCGCGGGGGGACCCTGCCTACATTATGTCCCCGGACACGAATTTTAGTCCCTAATCGTAGGGCAAGCTCGTGCGAGCTGAAGTTGGCAGCAATAACACGTGGAGTTTAATGTCGTTCGAGGACTATTGCGATCCGAAAAACGAAGGTATCGGAATGTAAGCTAACTTTTGTACGATTTGACTTAGGGATAAAGGAAATTTCGTCACTCGGGATGCAGTTGCGAGACTTAGGAGCCCACGACAAGCCCGCGTTTAAACTGCGGTACGCCACGGGGGACAGGGCTAACAATTGTGAGATGTTGCCTTGGCTACCAAGACGAGGTCCTCAATCGGCCTCCTCGGGCGGGGTAGAAGGATTGAGGCAGGTCGTAATCAGGCATACCTGTAAGCTCTTCACCTCGAGGTATCCATAAGATGCTCGAGAAGACTTCAATTACGTAAACCGGGTTCGCACCGCCAGGGCCGGTACAAGAGGCTCCAGCGGACGATGGTGGGCAACCGGTCCTAGGCCTCTGAAATGCTGCAAGGGCATGAAAAGTTCGCCTTTCGTTGATGATTGCGAACCGACGCTGTCTAATACGTCGATGTTTGGACGTGTCTACGGTACTCAAATGCGTATTATTGTAACCTGTAACTACGGGTTTTTGCCCGTCGCGAGGGCCTCACGACCGACGTACTGCCTTAAGGCTCTGCGGGCACCGAACCGACTAAGCAGGGCTGTGACTCAGCGATAGCGTACCGCAGTTGCACCGTTGCTACAAATTGCGAACGTTCGGTGAAGTTTCCAACGTGGCATTAAAAAATTTCCAGAACTGTGCGGCAGTGTCCCAGTAATGTCCATTATCGAGCCCTCTTTCGTCTTAAGGGTTCCCCAGGGCGCGGGCGCGACGGCTCGGCGATGTGTAGTATGTCGATAACTCGTTCTGTAGAGTCTGAGCCTGACGATAAAATAGACTCCATATCCACCCGAAAAACTACCCCTCTTACCCGGTGGAATTATCGTGCATACGTCCGGCGGCGAAAGAAAATAGGTAATCACAGCAAAATCGGTACTCTGGCCGAACTGTTTGCACACCAGAGTCATCGCGGAAAAGCGCCTGTGGCCACGGGAAGTGCTACTCTTCCCTCTGATCACTGCGCGCTCAGTCAAGCCCGAAGATTTGTTAGCCTGAACCGGGGTGCTCTCCGCTTTTTTCGGATTAGTTGTCGAAAATAGCCTGTTATGACCTTAAAACGACACCGCGCACACGTATGCCAATACTGGTGGCATCCGTAGTATTAGTCACCCTATGTCGTATCCCCTCGCAAACCCTACGATGAAGGAAAAGATATCA,1672,50.84,Mus musculus
SEQ_233941,AACCTTCGGATTCCGGCGCTCTAGTTGTGTATACATATACCCAAGGCGACCCGCCCCAGAGCCGGGAAATGTACCTATAGCTTCGACATCCTGACTATTAGTTATTTGGGACTGATCGCCTACTAACAGTGGGTGGGATACCTTCATCCTATACCAAGCTTTCCTCGCAAGGGCACAGTAGTAAGCATCTCGACGAGGTAAAACCCTACGATCGGGGGAAACCATCCGAAGAGGTAGCGCAACCATCCGCGCCAGTTGTACGCTAATTCATCTGCATGCGTGTTCGCCTGGTAAAGTGAGTCGCGGCAAGCCTGTCTAATGACACGAAACCCCTTGAGGTTATGCCTTATGTTGTGTTTGGATCTCTTAAAGGCATTCGTTCGCTAGCTTTACTCCTTGGACTAAAGGATTTTGTCTTATGAGCATCGCCAAGCGTCGAGTTGTGACGCGTCTATGTGCGGAGCGTGGTCCCTGAAACGTCTTCTTGGTCCACAATGCGACCGAGACACCACATCGCGGCACAGCATTAGTCGAGATCCAGAGAGTCGACCTTCTCCGAGTCTGTGCGTTTTGACCGTTTCTCTCCTAAGGTTTGTACTAAATAGTGATCACGGAGTGTTTGAGCGACTTTCGTACGGTGTAGCAAGCTGCGACCCAGGATACAGCTTACACCAGACGTGAATAACAGATATAACGAAGACTTAGGATCATTTAGACGAATTCTTCGTAAATTTTACCATTCAATTACGACGCCTGTCGGCTTTCTACCACACACTCGAATTGCGTTGGACGAGGCACGAATGATCAACGTCGTCGCTAAACCGCGGGCTAGGCTATAATCATACTTCAGCCCCTTTCTGTAGATGGTTAGATCCTCTACAGGGACTTAGAATATTGTGGAAAGTTATATCGGTATGTGAGGTTGTTCGGAGAATAGGGCCGGGCCATTGGCATTGAGGCGGGATGGCACATCAGACTACTTTAATTCACTTGCCTCCATTTTAGGTGTCAGAAGCTGCGCGAGTCGTGAACTACGCCGTCGGTCTGTAGGTAGGAGGGCCACCATTTCGAGCCAGATACGTAAACCAAGGCAGCACAAGACCAAGAAAATTTTTTTTTTTAAATAAGTCTAACGCACCACATAAGGTGAACGCGCGATGGCCCCTACTAAGGCGGCCCTTAGTTCCCTCATCGCAGATTAAGACCACGGGCTAAGCAAGTAAATTTTTGGGCCGGGGTCTATGCAGGCGTTGGATTGCCGTTTACTCGAACGAAAGTAGGTTGTCAGTTAGACAAAATGATCATCCGTCTGCATATAGCGGTTCTCCGAATGCCTCCCACTGGCTTAAACTGACCGGCTACTACCTTAGACTACTATCAGTGACCGATCGTTAACGAAAGGCTGATCGATCGTATGGAGTGAGACAAACATTAGGTTATAGCGCTTGCGATCAATGGGTATATCAGCACGGATGGAATTGTCGTCTTGCTCTTGCTCGCTAAGCGCCAGTGCAGAACAGTGGGGTTAAGTCTAGGGGTGCTCTAGGTCAATTTGTCAGCGCAAGCATCGGGGATACGCTCTGATTCACGGGCGGAAAACCACTCCTAGACATAAAAGTAAGCACGGCCTTCACGAGCCGACGGCAGCGACCAAAGGCCCCGAGTTAAAAGTCGACTGTTGAGAAGTCGCCTTTCGTAGGTGCAGTCGCTGTTATTGGGGCAAGAATGATCGCCGCTAACCGTGACCTTTCATGAGGGACAGATAGAGATCATCGTAGTCAAACGTCACACATATCGAACTCCGAATTAGCAAGGACCCCTGAGTACACTTA,1832,49.18,Caenorhabditis elegans
SEQ_484864,CAAATTCGATACGGGCAGTCGCGAAAGAAATATCACAGTCACAGGAGTGGGGGGACGTAGGCTCTTTTTTCTGCGACCTTTGACATTAGTTGACTCAGGCGTGGCATAATCCTTCCAGATCCCGTGTCTGCGCAGCAGGAATTCTGCACTCAGGTATGCGCGTTTACCCGATTCCTACAGTCAAGTTATCGTTAGGGCGCGTTGCGTCTAAGAGTGAGGAAGAACATCCGATAAGACACGGTGGATTTATAGTAAGTGGTCACTCCGGTTTGAATCACAGGGAAGAGGAAACCGACACCAAGAGAACCGAAAAAACGTCACCTGCAGAAGTACGATCTTGGGCTTGAATCAGCTTTGTTCTACTGTTAAGTTCCAGGGCACTGGCGTATACTGCTTTTCGTATGTTCTGATGGAGTGACGCATCAAAACGACATTAGGTATACAAGATGCCAGGTGCGCGAGCTGGATTTTCAAACATTTAATTGTAACAACATCATAGCTCATGGGATTGTTGTTTAATCCACCTAGGATGGTTGATTCAGGATCAATTTCCGAAAGGTTTTTATCCAATTGCGTTTTCTAGACATTGCGGTACTGTTGATCATCGCACACAGAGGTAGGTTACACCGGCCACTGAGTTCATGTCCACTGGCCCCCGATGGGCTAAGATTCATATATCTTAATCTCATGTCCCATCGGTTTATGTTAACTTTACCAGGGGCGTGAAGCATTGTAAGAATCGGGATGACGCCGCACTGGAAAACTAACTAACAGTACCTCGTAAAGCCCCTCACTAGTATACGTAAAACGCATTTATTTCTGTGGGCAAGATTATCAGTTGCTAGTATGAGTCAATCGCATAATAGATAGTACCGATAGAAGACTTCGTAGTCTGAGTCCCCGTAAACTGCCATACCGAACACCACTTCACCGAGGTTCCGCACCTTGCACCATTTTCGGCCCCATTCCCTAACTGGTCAAGTCGCCGCCGTTCGCAGAGGCGCATAGGACCGGTGCCGTGCTATGCCAACTGTTTTGCCAATATTACCCCGCTTAAAGATTATG,1065,46.76,Arabidopsis thaliana
SEQ_549186,AATCTGTGTCAAGGTGTAAGGCCGTAAGCCGAGGTCCGTATATGTCAATTTACGCGTTGCCAGCTAGATGACAACATATCCACATTCAATTTTAGAAAACTTCAAGTATTCCTGATGCTTCCGCGTCTGAGTCTATCAGTAACTCGACTTTCACGTAGAGATAAAACCTAGTTGCCATAGAATATTTTCTCAAGAACAGCTTATTTTTCTTATCCTTCGTGGCTTATAGAGTCTCACTAGGTAGCCCTTGTAGATAACGCACTGCGGTGAATATTGAGTTCTACTGCCCGACTTGGGTAATGGAACCGATGCCTCGCTAATTGTTTGACTAAGGCCGTCCTCTTGTGCCTCAC,353,43.34,Homo sapiens
SEQ_799351,TTGCTCGTCGGGGGAAGCCAGCCCTGCTTCCCCCTGTTCACAGAACACCGAGCTAAATGACTTCGGCTTGTGTAAAGGGAAAAAGAGATATACACCGGAGACGGCGCGACGAGAATCAGGGTGAGGCAGCCTGAAGATACCCACCCGAACGGTGGTTTGGACAAATATTGCATCGCTCTTGGGCCAGCCTTAGGACCCACGGCGACCCGCCGATCCCCTATTAGTAGCATAGCTCCGTAAATTAGATAGTTACGGCAACTTCAGGTGATCGGTCAGAGGGCACATCGCACAGTGCCTCTCAAATGTCCTTCATTCTGCACGCCCCCTGACTACCAGGTTAATCGGACGGGTCAGTTCCGGAGAAGACCATATAACGTTCGCCGGAAGTTCCCGGGCGTAATAACCCTAGCCATGTCTTACGCTACGGACCAGATGGTGA,439,54.44,Arabidopsis thaliana
SEQ_179174,TGCCCACTCACAAACACAAAAAGTCGCTGCTGTCTTCCGGGACTCCGACCGGGTTACCGAGGTATTACTATAAGCTGCAAAGTCCCGGTTTGACGACACTGCACGAGGGGCTTTCCTTGCGGAGGAAGCTCTCGCACGTTTTTGTAAGAGTTGACATTTTGTACCGACCCCGCAACTGCCGGCACGGAGGGGTCAAATACTCCCGGGAAAAGGGGGTGGCGAGAAACTTAATAAGCATGTCCTGAGAACACGCTGCCACACAGAAGACTGCTAAGCCCACAAGTCTAATAGTCCTTGAAGATAGTAACAGGTGATCTATACCTCTAATCTAACCTTGACCGAACTTTGAACCTGTGGAGCTAGTTATCCGACTGTCAGAGTCACAAATTTTACACTGGAGATCTCTAGCTAAGTCGGAGCGCTGATCGTACGGTGTATAACTTCACACTTAGGGGGAGAACATTAATTGAATTGGCCTTTTGCCAAACATCAGCGGGGTGTTGGGCTAACTATTATTTGGTCATAAACGATCAATTACGTATTTATCTCTTTGAAAAGGGCACAATTCGGGTCGATCGGTGGTTTGGGCTGGCCATTTAAATAAGACGAGATTCCACAGCGTTTCGGGCAACTGTACTAACCTCAAGACTACCCGGTTAACGACAATCCGCATTCGTATAGCGCTGGGCACAGTACTCTACGAGAGGCGGTGAACAACGGGGCACTCACTGAAGAGGTATTAGCCTCAGTTCGGCGATGCTGCGTGGACGGCGTCTAGAAGCCATGGAGCTTTAGGACACACCGTCCCGGGTCCTGTCCTCCTGGGTAAAGCTACTATGAAATGCGCATCCGTTCGCTACCCGTAGCCGCGCCCTCTTTTGCATTGACGGAGCCCGCAGACATGGCTGTTAATTAAGCCATCGCTTCCGAAGGTTCCTTGTAAGTTTGCACCCAAGCGTACACGGTAGTCGTGACCAATGCGTTGCGACTTCCAC,995,50.35,Saccharomyces cerevisiae
SEQ_764154,TAGTTGGGGAAAGTAGTCGGGGGTGTAATCGTTGTTGTTCTTCGCCTAGAATATGGGCTCATCGTCCGGAGTAAGAATCAAGTGTAAGGCTGTCAACTAATGTTCTGGTCTCCTGGGATCTCCCCGTATATTGAACCACCGATCATATTCGTTACCGCGGCAAGATAGAAGCTTGGGGGCAATTGCTCTTACTCGCTTTAAAGCTACTCAACCTCTGGCAAAGCTACAAGGTGACTTCTTAGCGAGAATAACTGCTGGAAATAGCCCTCCGCTATTCCCAGTCCGGTCATCATAATATGTTCTAGCCCATGCTTTGAAGTCCAGCCTATACGAGGCATTATGCACCGCTACACGACCATCAAAGGCCCGAACAAACCTGGTTACTAGTCCTCACAGCGAAGAGATCCTTTCCCTCAATGTTTACGGTCGCATGTGGGTCGGTTGACGCCACTTGTTGCCGGTCTCCTTGGTCCCCAAAGCTGATTGATATTTCCACTGGAGGACGGCCACTTTAGAGACGGCATCTCTACCAATCGGCTTGGCTGCCAATATTCATCGTAGTGAGCTAACATTGGGGCAGAAGATGTCACAGGTCAACAAAGATGGACAAGGCGCTGCAGGTGTGCGGCTTGGTGTGAGCGAGCGCGTGCCCGTATTATGAAGGTCCGCATCGGTTTACCACGGTAGCTCACATTAGTTTGTCAAACTGCCATCGTTTTTACTGCACTGGAAGTGTAGTGGACCTCAGAATATGCGCGACCGAACGACGCTTAGGTGAGCGTCCGCATCGAACCACTGGTCATCATGCCTTCATCACATTGGGTGTCCGTTCCAGTGTGGGGTCCGGTACAAAGGGCGTGCCCAGGCCCGATGAACTACCCTCGTAGGTAGCGACAGAACTCCGGGGGCGGACCGATCACGCGAAGAGCGGAGCTTCTGCTAAAATGGCACCATAACATACATGAGCCACGCAGGTACGGCCTTAAAAGTGAATTATCTGGACGCGCAACGCGAAGAGAATGAACCAACCATAACCGGTCAGGCGCTGAACGAGTGGCGCGCAGCAATCATTGCACCGGAAGGACGCGGTAAAACATCTAGCGCCAGCCAGCGCGTGTGGATAGCTGGGCTGTCGGGTTCCCGATAGTCCTGGGGTATACTCAGGGCTCATCTGGCATAAAAACGTCTCAGTAAACAAAATTTAAAATGTCTCG,1214,51.81,Arabidopsis thaliana
SEQ_770997,CGGGTCGAGTCGGTCCCATGCACCAGATGGGGGCTATGAACGCAGTCCTTTTGTGCGCGCGGATTGTGAACCGTAGACTCCAAGACGAAAAAGTTTTCCACAGGACGAATAGGTTACGTAGATAGAACAGCCGCTGCAGTGGATCCTACGCGGTTCAGCTTCCAGTATACCAGTCGAGGGGATACCCATAGCTGGGCACAGCGAAGTATTGCACAGGTTGGGTGTGGGAGCAACTAAACGGACATCGAGCCGGATTCGACTTTTAGGCCATGCGTTCAACTTCGTCTTATACCTGCACTTGGCGGAGGACGGCTTCGGCTATAAGTCTAACTTGTCGAATACAATTAAACCGATGAGCAATACATCGCCTTCTCACCTGGG,381,52.23,Escherichia coli
SEQ_133706,CGCTCTCCACGTGGTCGGTATACTTATGCTTACCCGTAAGCATAAGTCGATCAGCATTCGGCGCCGCCCTTTCGCCCGCGTAGCTACACGGAGAGTCGCGACCGGGGGCCGCACAGGGAAGATTCGAACGGTACTATCACAAGTCTGTCAGCACACTAACAATATAAGCACTTTGAGTATACCTGTACGAGTCTAACCCTCCGAAACCTGCAGACCAAATATGGCGACACCCCTCTGAGTTACGATAAATATCAACGATACGGGCCGAGATCGCAGTAAATCAGGAAGGCCGATTTGGAGTGGTTAAACGGCTCAGACCAGTCGTATGTCCGCCAGGCGAGATCATCCTAAATGGACCTTCATCGCAATCGTTAAAGCGAGATAGACAGCCTCCCAAGCGCCATAACGGCGTGGGCACATTTGAGACATGGCCGTTCTGGACAGGGGACTCAATGCTTGTAAGAACCATACAACCGTGAGGCGCGCTCTACGTCTTCGCCTCCACATCGCTATTGGCTGACTTATAAAGGAACATACAATTGCAAGAACGATTGTACAGAATGATGCGTCATCATCAAATCAGGCATGATTTGCAGCCCGACTCGCAATCGGTCCGAAGCTCTTGGTTTTCGACTCAATTCGGGATGTTATCGACGTAGTACCGTTCAGAGCTTGGAGCGTGATTCAAAGGATCAGAGCGTAAGGTCAGGGGATCCACAAAGAGCGGTGAGTCAAAGCTGATTTTGGGCCGACACAACTCCTGGTCGATCGCCGTCCTAAGCGTTTCATGTCGTGAGCCAGGGACTAATAACAGAACTCGAATTGTCAAACGCCGTGCTACCCTCAACTAACGTTAGAACGGACACTTCGAGCACCCATAGGCACCTCACCCGTCATGAGGTCCAGGTCAGCCTAGTTGAAATGTACACGGCTAATGTAACAGAGATATAAACTGTCTCAAACAATTTAAAGAGTAAGAATGATGCCTCACAGGTCGCCGCTACAAAGGCGGAAAGGACGTATATCGTTGTTGCGGGGGGTTGGCGGTAGTGCCCATCCACAGCTGGACCAAAGTGTTGACTTGCTGCGTAATCCGGGCTGTAAATGTCGATAATGATAATCCGTCCGAATTAAGGCGTGCTCAACGATCTAAACGCGCGCAGTCCGCTGCATTAAGCTCTTTCAACCTAGTCAGACCTGTTCCAGAGGTTGGAGAGTGTTTGCTTTTGTTTTAGAGGTTCACATCGAGTCGTTGGACACCTTTCCTACTAAATTTTGAGGATTACGTATCATCTAGTTTCCGAATCGATTATTGGTATTAGTGTTATAATACAACCGTGATACGTAACGTATACCTGCGTAATAAGCATGAGCGCGTCCCCGCGATACTCCAGTCTTACCAGTTCGGAAACCACTAGGGGCTGATGTTCTAGTCCTCCATCATGAGCTGGGGGTTGTGCAGGGCGGAAGCGATATATTGAAGCAAACTGGAGTGAGACACAGTCTGACATTATGAAATCATTTTTTATCTGTCACGAATGAAAGGGGAGGGAGGAATGGTTTTAGTCTCTCGGTTTAAATTATGGGGTTCTGGCGACTCCAGCGGAGGGCAAACATCACTATTATTCTCTCAACTAGCTCGCTGGTCGCTAGAATCTACAATCATCGTTTTCACACACTTTCAGACTGG,1690,48.76,Homo sapiens
SEQ_605200,TATGTTACCAAGGCGAAACTTGCGATAAGGACTTCTGAAGCAAAGGGCCTCTAGCGACGCGCGACACGACCCCAGACATCCGCTCATTGGGTCGCCGTCGAGATTACTGTGATACGCAGCAACCATCAGGGTCCAACACACGGGTAGTAAACGATAGTGCTCACGGCAGCCTCGATGCGGTACACCCGTGCAGCGGTGGGTAATCCCACGTTCAGTGTACCTTGCCAATGCCTCTGACTGGTTTCGCTAGTATGTACAATCGGCATCGTCTCCGATCCTTATAAAAGGCAACCTAGTCGCCTGTTTCTGGCGGGGAAAGATCAGCAAAACGCGCATGGATCCAGTGAAACATTTAAGCGACGGCACGTGCCCCTTGTCGCCACAACTCTCTTTTGTTAATGCTAAATCCATCGGCAGTCTATGGACCTTGTTGCACACGCTCAGCTCCAGAGGAGATTTGAACGGGAGTCGGTGTACCCTGTAAGGAGCAGTTGCTCGAATCAATGTCTTAATGGCTGGAACGTATAGGGCGTCATATAAACTATTTGTTTTACGAGGAGTAAACTTCCATTCCGCAAAGCCCGGGTAGCAATCGGAGACTGAAAAATCTAAATCTGACTTGGGGACTGAGGATTGGTCACGCCCCAATCTGCTAGCGAGGACGTGCACGACACAGGTGTAAGCGCCCACATGGGCCGTATAGTTGTTCCGACTGACCGTAACGGACCTGAATTGAGATTGGGGAATAAACGAAACACAACATTTTGGTTGAGGAAAGGCAGCTGCTTGAGCATAAGACAACATTTCAATTAGCTCCAACTACACTAAAACCTGTTGCTGGGATTGCTACAGCGCTATGTAACACTCGAGCTCGCAGCAGATAAGCTATGTGGCCGAGTAGCCCACATACCGCTCTACCAAAGAGGCGACACTCTATTTTGGATAATCACACATATCCCCAATTAGGCGTAAAAAGTCCCTTAGAGGATTAAGCGGGGCTTTACCCTCACT,1011,49.95,Caenorhabditis elegans
SEQ_855346,CAATGACCTTATTACCAAACGGCGCGGTCAGGCCGCGCTTGACACTATTGGCTCGGCTTGCTACCTAATTCAGTTAATCAATGTACTTAAGTGCTCGGTCTACATTAGGTATCAATGCCGCGCCGTGCTGATCTAGTGTAGAGACGAGTGGATTCGTGCCACACCCGGGCGCAAAGCATTTTGTTGAACGGGCACTAATCTGACGCTTTCGGGACCTGCTCACCGATACCCGCGAAAACATTCTGTCACCGCGCGCATATCCGACACCCGTTCCACAATATACTGCCACTCCCGTTGGGGACAGCGTTCTACATCCGAGGAGGATCAAACTTGCCGTGTGAAATACCGGTGCTAAAGGTTAGTTCGAACAGACTTCCACGTTTCCTGCGGCGGG,394,52.79,Saccharomyces cerevisiae
SEQ_799197,AGTGCCTCACCTGTATGGGACAGGGTCAAACAGTTCAAACAATATATAATGCGATGCTGTTCAAGCGCTGTGAACTAAACCCCGGGCTAAATTGACAGGCAGAGTCTCGCAAGGCGTGGCGCACCTCCACTAGTAAGAGGTATCGTTAAGAGGCCCTAGTCCTCACAGTTTATTAGAGTTATATTTGATGTGAGTCTCCATCGTGCTGACCAACTTGTACATTATGAAGGTGATGGGGCACGCTGATGCGGATCTACGCGGATGCTTTTTCTCGGGGGTGCCTGGCTCTACACGTGTGAGACGTAAATTCTGGTCAAGAAGATACTGCAGATTGGAATAGGGTTGCCACTTATGGGGGTAGAAGTAGGGCCCCTCATTGTTTTTAAAGCACCCCGAGCCCGACGAACCGCTGCGCGCGGACAGGATCTAACAAACGGCCCGAGCACCAGGCGTAATCGCACGTTAAAATTGACGGCTGAAGGGACTATGCCTTCGATCCGGTCAGTGAAGTCTGAACAATATCTCCTACGAGCCGTCAGATGTGGGGATAGTGTAATATTAGAAACAAGCACGCTCAGTCGTTCTTGCTAATAAAATGTTACGTAAGTTTTTAACGCAGTATCGTATATCCAACGTATTCCTACGGGCCCTAGGAGTTGCCATCATTAGATGCTATCCTTAACTTATCCCAATTACTGTTTGCCAGACTACTAGCCCGCGATCGGCGGGATTAGGCGCACTGCAACTGGTACTTGAGGAAAGGTCAAGGATTGGATGTTCCGGATCTTCGGTGAGACCCATGTAGCAAGTTGACAACGCTGAATAACGCCGCTAGATAAAAAGGACACACCAAAAGAGGTAAATTCATCACGATTCTGCACCTCCAGCAATGTGATTTATTTGTTCCTCCCATAGGTACTGCGAAATGAGGTGGTGTAGCCCATCCCCATTGAAGGCACCGGAAGGAGATGCTTATATGTAGCGAGACCACCATGTCGTCAGCAGGGTATTTGGTGTGGACACCTGCTTATATAGTCGAGCCTTCATACCAAAGCGGTAGAGACAACAAAACAGAACACGAAATAACGGTCACATGACCTGCATTGGTGGGTCAAACCAGTCATGATCACACATTACGGATTTCCGCCGGTATATAGGCTTCGACAGAGAGTTAGACGTCGCAGGCATAAGCTCTCTCGGAACAGTCAGTAGAGTGGCCCCAAATGCCGATCCAAAATAAACCCTCGATGTATCTACGGCAGCACTATGTCCAGTGGTCCAAGGATTACAACTGCAATGAGTCCGTCGCGTGCTGCATGGTTATCCAGATTGCCCGCTCTTACGCCTGTAAACTCTAATCTGTGAATGTAAGCCCTCAGATCGCGGGAGCGGCTCCCTTTTCAAAGTGGCTTCGTCTTGTCTAGGTTTGGA,1431,48.71,Saccharomyces cerevisiae
SEQ_766709,TTTATGCTTTGTCGTCGGTTTCTATGGGGAGATCAGGAATCCTTTGTGGGTGGTTGGTTGATGCACATATGCAGTCTGGAAGGAACTAATAATCTGTTGGACAGCACAACGAGTGCGACTCACTCGCCTCAGAGTTGGACTCCATAACTTGGGAAGGTCCAAGTGAGGTAAGATTGCTTTGGCTATCCATGGCAGGATGATAAGGTCTGGAGTAATGCCTCAGACTGCCCGAACATCCGCGCGGGGCTATACTAAAAGTGGTCATCGGATGAGGGAATTTAGAGGCGAGCCGTTTGTATGCTCTAAGGTGGCTAGAGTACTTTTTAGTTCTTCTAGCTAACGGCTCAATTATATCCCCACTGAGGAACCGAATGACGCTACAGCCTATAGGATGTGCTAGTGAATTAAGACTATTCCACGACCTGCGAAGACGAGTACTAGATCACTGCGACTAGGGCTTTGAGCGCTGCTTCCGCACTTACTGAAGAGGACACTCCCAGATGTTTTTCGAGCAGCCAGAACACTGTGGCATAGGTCAGCATTCTTGGAACCAGCCCAGGACTACACGGTTTGGGAACCCTGACTGCTTGATCGAGGCAAGAACTGCACATGCATGCCTTGCCATCCAGGAATTATCAACGCCTAGCGGGTGGTGGGGACGCTTAGCATCGCCAGGACCTATTGAGGAAAAAAAATCTCATTTCCGGTACCGCCGTTGTATTCCGATTCTTTAGCAATTCCGAAGCCTGTAGTCGATGGTCCATCCATACGGTGGAAAGGATCTTAGTACATGTGTCGGCATGCAACTTCGCCGGTTTCGGACAGAAAGCTTCATAGCACCGTCTGAATATTCGCTGGCCACGTTCGTATTTTAACCTTATTTGGGCCTACGTTTTCACCGCAGGTGAAATCAGTGGCCGTACAGATTCCTCTGAGTTGATGTTCCCCGGAGTGATCATGTTAAAAAGATTCGAGAGTTAGTTAGGGGGGTATACGCCGGGGCCAATCGCCTAGCCGAATACTTAGTGTTGCAGCTGAGTGGATATATTGACTTAGCTACCCCATTCCTGGTTAACTACGAGTTACCT,1088,48.9,Drosophila melanogaster
SEQ_397721,GAGATAACCAGCCTATGTTAGGCGTAGCTATCATCGGGTGATGACAAAGTACTGGACTATCGCTGTGCACGTTCACGGTTTTTATAAGGCTCATCAGGTCCCCACCAATGCAGAATACGGACGTGTCGAACGCTCACGGCCGGCGCCGGTGTCTTATAAAGGGACGCCGCACAAACCAGGAGTCCTGTCCCAGTCGGGTGTTAGGGTAGGTTACACCCCATGGCCCCTCCCTACTTAGGCATAGCCCTAACCAACCCCCGAGCGAGCCGTTGCGGCGGAAGGCCCCGGAGGAGCAGCCTGCAGCTACTAGGACTCAACAGTCAACATGA,329,56.84,Drosophila melanogaster
SEQ_790582,CGTGGTCTCCACTCATGATGGGCTTACAGTTTTGGACTTGACCACCGGAATAGTGCCGTACGAGAGCGCATTTAACATGGACATGGTTGAGATATATGTGAAAAAGAGCAACGGAGCAACTCTCGAGTAGCTGGCGCCAGAAATCAGCTTTGATAGGTCACGGCGATCCGCCGAATTTTCTCATCGCCACTGATACCCTTCGTGCCCAGCGCGAGTAACTTCTACTATCGCAGATTTTGGTTGCCCACCGCCCTGCGCGTAAACTAGGTGATGCGTGGGGATACCCATTACCGCACCTTCTCGCCGGACCACCCTGCTTTGGGCGGTTGACATGGGATTCTGTGCCGAATTTTGTTTGAGACTGTACGCACACTTTTTCCCGTTTACCTCATCCGATTACATACGCGCTGTTTTTCTCGTGCTATGCTGCCGATTAAACAGCAAATGCTATTGTTGTATTTATGCATAAGCAGGGCGATCAGGTCCCTCCTATTATAATTGTCTTAACATCGGCAAACTGTGAAGAAATATGTTCACTATTACGGTGCTAATTGTATCGACGCAGGGTTCACAGGATAGAATGTGGCGTCTCCATTACGCCAACGCAGGGCAGTTACAGAGACGTGGGCTCGTTCAGCCTAAGCACCTAA,650,49.23,Mus musculus
SEQ_827359,AAGCTAGCCCAACAAAAGAATTCAAACACTAAGGAAGGGCTCTTGGTATTTAGGAATTACTTCTTCTACAGTACACCCTTAAGAAAGTGTTTTGAGCCTCTAGGATGTTCTCCTTCGCAGAATTTTTTGCCGCTAGTATCCATAGACTTAGCGGGATTCAGACACCGAGGTCCTACTACTTCTAACTTTACCGGCATCATATCTCGGGGAGCTAGCGGTAGGTGTTCACGCACGGACCAATTTGCTGGCTTTGTATCCGGATCCGCTTATCAGGTCCTATTGCCAGTGCATACCCTACTGACATGGCAGCGGACCGTCATCTTCCCAATAACACGATGTGGCTGCCGCTTCATGTTAATCAAAACTACCTTTACCGACGACTTCATATTTTCAAGTAGTTCGAAATAGGTGTATTACCCTAACTACTGTTCTGATATGAACCAAAAAGTATGCACCTCAGAGTACTAGTCAATAGTCCGCTACATGTTCCCCTGCATATAAGCCGGCACGCGATTGTAAATACGCAGTCTCGATGAAGGTGTCTTCAGGTAAAACCCTGCTAGCAATTTCTCTCTGACTAAGCTCTGCAATCGAAGATTAAGTGCTACAAGTCCGGGATATATAGAAGGACGGGTTCCGCTGGCCATCGGTGGGCACTGAGTGGGTGCCGAATGTGGTGATGGTTCCCAATTCCTCGATGAGCTCCGAACACCTGTTGGCATGCTTAGTCAACTGTTTTGCAATATAAGTCGATGAAACAGAATAGTGTCTCTCGGTACCTCCAGCAGTGCTCGGCGTCTGGAACTCGAAGCGCTGATTGGGGAACGTAAGGAAACCCATCCAGTGTTCACTGGACACCGCGACCCTGCGCCTAATCACCGGCTGCTCAGCGAAGCTCACGTACCTTTATACTTAGCACATATACGTAAGTTGCAGCGGATACCAGCAATGGTGCACTTCGCGACCGAGAGGATATCTAACCATGGGTACCGAGGCGTACGGATGTGCACACCGAAAGCGCCCGCCCCGACCCATTAACTTCGGCTAGTTAGTTGTAAGCCGCGACACCAGGTGAGTATTACACAACTTTCCGCACATAGGTAAAAGACGTCGCCCGAGGGTTGGGTCCCCCAGGATCTACTCATTCCAAGTCTTACATAACGCAGACGTCAGTCTTCTCACAGCGCACGTTGACTGTCGTGTGCTTGGTCAATGGTGACAAGAGTGCGGAGGCGGGGTGATGATGAAGGAGCCTGCTTTAATTCACTGTTCTACTGACCTACTAGGGCCGACTTATTGATGATACTGGCTATGCGTTAGCGCGACCCTGAGACCAACGTGCAAGGCGGCCCATTGCTCCCACCCTGTCAAACCAAGGCCCGCAAGAGTGTATACCCAGCGGCGATGAAGAACCGTTCCCTAGCGCACGCGTAGTCAACGAGTCAGGGCCTACTTCCACGGACCTTTCACTTCCGACGCCGTGGCGAAAAAAGAGATACCGAGAATAAAAAGCCCACTATTATCACTATCCGAACAAGATCACGAGTTTACTTGGTAGTATATTACATCGTGAATCTCTGCGCATGTGGTGATGCCACCGGGTTCC,1606,49.81,Saccharomyces cerevisiae
SEQ_281324,GTAGAACTGCTTGGCCTCTCTACCAGTAGTCGCGGGGCAAGGAGCGGTACCGAGCAACCGATGTAGCGTTAGGGTTCTGCCCGAGAATCCACAATCGAGAAACACCAGGGCGTTCGGTACTCCTTACCTGCTGATTTGGGAGCCTCAATCTTGGATAGCAAATTGCATCCTCAGACGGTCTTGATGAGTCAACATGTTGAGCAGCGCGTATCGGGGGTGCGTAAATTCTACCTTTCTCCATTACCACTATTAATATCTAGGGTAAAACGCGAAACCTAACAAACGCATCCGAGAAGGTGTCATATGATAGAAACCAGAAGTTTAGAATTTGAATGGCGAAGGTAGGGCGGGCACAGGAACCGCTCTCCAAGTAGTATGAAGATTCCACGTCCGGGTAAGGTCGGCGCTATTGGAATGTACCGCAACACATTATTAGAGGTGGTGTCCCGGCATTCTAACTGTGGTGCGACGAGGACGGAGATTCCGGAAGGGAAGCCGTACTTCCGGAGGGTAATTATCGCAGTCAACACGGCAGGACAGGTCAAACAAGGCAGGTCCCGATGTACAGCGTTATCTGATCGTAAATTCGCTAAGATTCTAGAACGCCTCACGCGTACTAATGTCGGCTCATTTCACTCACGGGCGAGAACAATAATGGTGGTGGCGTCCCATCTCGGCTGCTGTTAAGCACATCGACTCCCACTCTCGAGACCCGTGCGAAATGCAACCGCTAAATTGGTATCGGTTATCAGACTAATCGAGGAGATCCCTCGCATTCCGATATTCTGCATCTATCTACCTTCATGTGCATGTTTCTAATTTATTGAATAACTGGTAGGCAAAAACGGCAAACCTGATGGGCCAATCAGGCCGCCCTCGGCACGGTGCGCCAGGGAAGTAAAAGAGTAGGGGAGGTGCGGGAGTAAACGAGATGTGCGGATAGTTAGCAGAGAACGCTCATCGAGGCGTTAAAGCCGGCTCGTTCTCCGAAGGTCGCGACGAAGGAACTACTATTCAGCTTGATGGCCGATGACGTCGGAGACGGGTTTAGCACCTGGGTCTATCCAATTAAATTATTACCAGGAAGTGAATCGGTTAATTGTACCCGATCTGTACGTCGTACGCGCTATGTAAACACTTGCAAGAACATCCTACAGGGTTAAAGCATCTATCCGCTTGATAAAGTAAATGTTAAGGCCAGGTTAGGATGTCTATTAGGCAATAGGAACCTGGCCACTTAGGGCAGGGCCGGCTCTAGCTCTTTAGGGGCCTTTCGACTACTTGAGTAACGCTTTTATACTGAAGATCCACATGAAGC,1318,49.7,Mus musculus
SEQ_997546,TAGCAGGATGATGAGTCTACGGGGCACGATCTTTAAGACATATAGCGCAAGGTTCCACTTTCAATCAGAATAGGGAAATTGGGGGCCTAGCGTTCAGGTACATGCTCAGTCACGACGCGGATCGCTCAAAATAGACGAGGTTTGGGTAGGCAGTATGTGCGGGCCAGGTAGCGGGTTGTCACACTGATGATCCACGGGCTCGACCTGTCCGCTGCTAGTGTTTCTGGACGCTCAAGACACGAATTCGCTCATCGAGGCCGGGAGGGATGAGTGCCATCTAACAAACTGCTCCTGTCTTCAGGTACTAGTACCTAAAGTGATTGGGGAACAGGAAAGCATTTTCTTCCAGGTTACATGGTCTCCATCTTTAATTGAGCACGTTGGCCGAAATTTGGCAGGGGCTGATACCCTTTCGCCCTTACAGAGGCCTCTTTATGGAGGGTCGACGAGTTCATGTTCAGAGCTGTAATGCGGACAATAGCTCGTATGGCTCTTATCCTCATCGTGCATCGGACAAAAAACGATCAGTAGCATGCCCTGGAAGGCGGCGTTAGCTTCTAGGTCTTGTTGTCCGATCAGGTGCCTTTTGTAAGTAGTGGGGCTGTACCCACGGCGCTTCTATACGTGAATCAAGAATAATAGTTTAACGATGGGCATTTGGAGAGGAGTTATTTGATTACGGGGCAGCGTTCTGGCCCTTCGCGGGAAGAGAGGATGATACTTTGCGTCCCTACAAGTGCTTATGTTGCATCGGGGACGGTTCGAGGTCGACTCATCTAAAGTTCCCACCCATAAGTAACGCATGCGCGCCAAAGGTAGAAATTTGTTGTGCCACGGTGGCGACCTTAATATCACGATGCGTAGATTTATCCGCACTCGTGACCGAGCTGTCCAGATGCGACATCGCGCCTC,912,50.88,Caenorhabditis elegans
SEQ_379406,ACCTGGGTCAGAACAAAACTAATGCGGGCAACACCCAAATCAACGTAGCTGTGGGCTTAGGTAGTTGGGAAGGATTTGCATGGGCTCCAGGTATAGATGAAGCGTAACTCCACATCGAAGCTATTCATGCGAGCTCCGCAACGCTCGGATATACTTGCGTCTACGATTTCGGGATCAGCGTCTACATGAATAATGCTCTTCCTAATATGATTGGGACAGCAGCTTTCGGGACAGTCAGCCATACTCTGAAAAGGGACAGCTTGCGCCAAAGACTGTTTTATTGTGAGCGGTCGGCGTGTGTATTGTCACCCCAATCATCAACTACTTTATATAGGCCACTTTATCACGTATATGTGCTCACTTGGTAGAAAAAAGCGCCAGCGTTCCTCCACGAGTGAGGAGATGACCACAGCCGCGTCGCCGTTGGAAACCTGGACTTAATATTGGCGCAACAATATTACTGGCGGGCGCTGACGGAACTGGGGAATGTCGGTGTCTGTAGTACAATGCGTATCGAGGCATGACTTGATCTCGTACACGACTTACTTCGACGTGACTCCCGTAGTGTTCCTTTCAATAGATCGCCTGGCGCTTCTCGTGACTAACGCTATGCTGTCGACCAGCCAGACAACGGCGGCGCCGCCAGAAAGGTATACCCTATGTCGAGGCCTCATGCGAGCTGTGAGCAATCGCACGCTTGGATTCATGGAGGATCAACTAAACGTATAGCAACTACTACCCATGAACACTACTGGATGAGTGTAGGACATGAACCTAGGCCGTGTTAGCACTCACGCGGAATCACCGTGATCATCTCCACCTCTCGCTTGATTAAATTGGCAGTTAAGCACTGGGAACCGTCTTCTTTCTTAACCGGACCAGATGCACCGATTTGTAAACCTGGACGTACCATGAACTTACTGACATGAGCCAGGTGGCAAAATCAAGTACTGGTGCAAGGGGGATATGGGCTACGGATGGGGCGGTACTACTAGTTTACTCATTACCTGAGATGTTGTTTGCGACCTTCACAGTTCCAACCTGGGCCCAGACACTGAGCTGAAGTTGAAGTTATGCGGTTATATAGCCATCCAAACGCCAGGCTTTGGGCGTGTCAGGCAGCATGCGCATGCAGAAGGGTTTCGTTCTGACGCAGCATGATGTGCTTGCGGCGTCTCACCTCTAACGATCACTCATGACGGGAGTCCCACGTATAGGCTTTGCTCTGTTTGACTTTGCGACTATAGCCGCTGTATAAGGGCGCCATTATGACGTTGTTGGAGACGTGGTGATTTTCGATGTGTGTGTGTTCGTGTCCCTGCGTTCATGACGACATTTGATGTTAAATCGATGTGTGGTTTGAAACCTCCTAACTTGGCCCCGGCTCCTCCTACAGGATTGGGTGCCGCACCTTGCGAGGTCCACGCCGCTTCCTTTGCACTCAATGTTTGAACCGGCCCAGATATCATGAATTTACATATCCAAGCCATTGCTCGTAGAAGTTGCTCCCGGACATTGTCCCCCACTGAGTTACGTCGAGATCACCCTTGTAGTAAGAAGAGCCGATAGGATCGCGCTTGGCCTTGGTTTAGTCGAGGACGGCATGTCCCGAATACAGTAGACTGGTCGTCCACCCAGGTAGTGGACTGCATCATTCGTCTACCAGAGTGGGTCGCCATTCGGGTCGTGTGTGTGGGCACACCGTAGATGTGGGAGGTAAAAAACAGATGTACCAGGCGACGTCCTCACGATCCGGAGTGCAGACCGCTGTACGTGTAGACTTAGCCTAGGGGAGGGCGGGAGCTA,1806,51.27,Escherichia coli
SEQ_844759,GCTGGAGTTGGATAATTGAAGTATAGAACTGCTCCCTGTGAGTCGGCGTAATCCCCGGGCCAGGACATAGACGGTGCCATGACTTAATTTCGTAGAATTTCGCCCGCGTACTGGACTGAAAGATGCTCGGTGTCTTGTGGAATCGTTACCCGTTATAATGGACACAGTCTGTCCGTGAAGAGACAAGACTCGATGTCTACTATGTTAGGCTAGCCCACACGCCAACCTAGTTTGTTCCGATGGTCTCCGTGGCAATATAGTGGCGACCACGTAGCCCTGACCCCGTACCTGCGAGGGTTATAACGGATCAGACACCAATACGCGCCGATCCCTGCCCTAGGTATAACACATGGGAGCCCCTAGACTCGGTATTCTCGACCTCGTAACCCGGCCCCAGTAGCATAGTAGACAGAGTCACGGGTACCTTACGATCACTGTCACGGCCAAATTGCTAAGAGACCGGGTATGAGCGCTTGACTCACCTAACAACGTTGACAGAATTGATGCGATTCTATTTCATACGTAAGTTGCCTCTCTGAAGCTGTGCCGAATGTCGCTTTCATCATCAATTAGGAAAACACGCGCTAACTTCAGCGTCCAATGCTACATTACAGTTTCTTTACTACATGCCCGCGCTACAATATACCAGGGTATCCATGGACGATACTCATTTCTAGTGCGTCGGTACGTGCGTGTGTCACTGAATGCACGGCGCTTGAACATAGAACGCCTTAGACTTCAGGCGACTAGGGGGTCGACCTTACTGGAGGCCGACTGGGCCACGTGGGAGCCATCGATGGGGGGATGTGGTCGCGGAAGGGCACCTTGAGCCCCCCGCGCCGCGTTAATACCGTTCCCGCCTAGTACCAAGCGGTATTCATTCCAGTGAAATCACCTTCTGCGACAGCGGAAAGTGCTTTCTTTACCGCATCCTTAGCGAGTTAAGATGGTCAGTGTCAACGTGTGATGCCCCATTACTAATAAGAACCCTTCATCCCCAGCCTCCCTTATTGCCTGGTTTGGACTTGGTTGG,1033,51.89,Homo sapiens
SEQ_533007,CCGGTCTCTAAACTCGTGGTCAGATCCATCGAAAAGAGTCACCCGCCAATTAACTACGATTCGTATATAGTGTAACCTATGCCTCTCACACAAGCTCAGCGATGGAACTAGGTATGATCTAGCGACTCGATGCATGTGTTTATTCTGACTAAAGGGAGGCGGAACGGGTAATACGGAATACGTGTCTGCTAAGAGGACGATCTATTCAATCTTGGTATTGAACTCGCCAGACTCCTAAAGTTATTTCCGGTTTTGTTACGCTTATCTAGGAGGTAACTGTCTAGGATGGACGCGGGGCTAGCGGAAAGTTTTGGGAGTCGGCGTGCGCTTATGATACAATGGACAAGAGGCGAATTGTCTGCAGTATAATCTAGGGCCGATCGAGTGCTCGGGTACAGACCTTAAACTCACGTCATAATAGGCCTGTTTTGTACATACCTTAATAAACTTTTCTTAGAACACTTCCCCAGTGTTTCGCACCTTAACCCGCTTCATAGTATGAAG,504,45.63,Caenorhabditis elegans
SEQ_845644,ATTCGGTTCATTGTCAATCGACCCGATGCACTTCGTTGATTAATGGTTGCTTCTGGGTTAAGCGAAAACGGATTTCGGGTTCTAGGCAAAGCCAGATTCAGGAAGTTATGACCTCACGTTGTACGTCTACCCTTCAACAATTAAGTAGGGTACGGCACAGCCTCTCACTGGAGAGTATTCTAAGTTGGATTGAATAGCGCTTACAACCGAGGCAATGGGACATGCTGGGAGAAACACCGAGTAATGACTAGAGCCACCCCGGATAGGAATGTACCCGATGGGTTGACGTCTCTCCTCAGACCAGCTCTATCCCCGTGATCCACGCCTGCCGCTTTCGCGGTGCGAATAAGCTCATTGAAACGTTGACAAGTCAATTTGGTCGCGACCGGGGTTACTTCCCTCCATTAAACGCGATGGCCTCTAGCCGATGATGTCTATAACCAGCTAGAGAAAGTTGTGATTCTCCCACTAGCCAAAGCCTACGACATAGTCGACAGTTCAGCCGGCTGGGACCGAGTCCAGGGCTAAGTGTGTTCGTGCCAGATGTGTTAGAGTGCCTCATGCCATGTACTGATCCATCATCGGAGCAAATACATAGGTAAAGCAGAGGCCTCCTTTCTTCGCTTTGGGCCACTCAACAGCTCGAGGTTTCTTAAATGGCGGGTCTAGTAGTCCCATCTACCTGGCTCGCATATAGTAAGCCGACAGCTCCGGGCTGCAAAGGTACACGAAAATTGGTCGAGAGGTGATCCGGGACAGTGGTCGGCTCGCCATTGATTCCGCGCGCTTTCGTTTTGCCCGCGTCATACTTGAAGAGGTAACGAGAAGAGAGAGATAGTTACTCTTAGGGAGTAATTAGCCTTGACTACGCGCTTTAACTCCTTACGTGGTTATAATCTTCTAACCTACCCTTCCTACATACCGGACTGGCGTCGGCAGGTTCAAGGTATGTTCCGCATTTGACCGGAGTATTAGGCGATCGCTTAACCCTCCGAGTTGGTAAGACCGCGTAGAGGAGGATTGGGAAGCAAGGACATCCCCAAGCGTCGACCAGGAAGTCATTCCCCCGATGCGGCTAATCCTGTGTGCACGTGCGCGACACCTCGGAGCTTTGGGGAAGGGAAGGCCTGTAAGGCCCAGAATGCGGCTCACGATCGAGGTGTATATGGCATTAATGTATTTGAGGGTTCCTCTCGGACATGCGGGCTCTGAAGCATGGGCAGTGTGTCGTATTAACAGTTAGCGTACAGGGTTTTGCGATAAGTCCGACCCTAACCTAATCGGGTTCAACGGACGGTTGAATGGGGACTGGAGCTCACTGCCTTTCGAAAGGGTCTGACAAAACATGATAGTGCCCCGCATGCTGTTACCCGGCGTTGGACTCAATAAAGGGGAGAAGACCCACGAGCTGGAGCCTACCGTAAACTCTGTATGTTGGCGTCACCACAAACACCAGGTTACCGGTCTTGGATCGCAACGGCGCTTATTTCGCTCCTAGGTGTTTCCTTTGAGGTGACTGCTATCGCTATGGGTTCCAGAAAGTGCAGGATATAGAGTCACATTCGTGGAGGTGGCGGAGCGACTGCGAATTGCATTCCGGATTGTATAGTACGAAAGCCGTAAATCCTACCTGTGCCATAGACGTGACCTGGTATTGATTATAGGCATTAGGCCAGCAAATCGATAGATCCTACTTGCATTAATTCAGGA,1710,51.05,Arabidopsis thaliana
SEQ_552443,TGGCGATTCAGGTCGTTGACCGTAAAGACTGGCAGCGCAGAACTCTGCTAGAACACCAAGTTGGGCGAAGTTACGTGCCTTTGTTGAGACCTCTCCGCTTTGTGAGAGAAGGCGTCATTCTGACCGTTGAAACAATCTTGAGCTGTGCTCATCCACCATTTGATCGTCGACTGAAGGATCGGTCGGTAGAACTGACTTCTGACCTCGTACCCTGTAAGCAGGCAGTATTGATTACTCTATTTACATACGGCTGCCGCGCTGTGAAGAGGTCGAAGCCGTGAGACCGAGTAACGGCGAAACATGCAGTGCACAGCTGTGCACGCCAGAGGCATGAAACGTTAAGATGGTAAATTCTGACTCCTTCCCTCGGCCTCTCGTACTGGTCTGGCATACTACCCTGTACCTCTCTATGGGACAACGCTCCGAGCTGATTACCTGTTTTTCAAACTTTCGGAACTGCCATCAAGTCCCTCAGTTGCACTGACACGAGCAACGGCTGGCAATCCGGGCGTCGAGCATCTCACTCACCCGGAACAGTTTCCTATGAGCGCTCTACTCGCCCCTACGGAAATTGCTGAAGGACTTACTGGACGGAACTTACAGGCGTCTTATCCCACTACGGAATTACGGTACTCCCGCGTGACTGCCCTCCTAGTCGCTGGAGTATCAAAACCAGTAAGTTGCGGGACTTCGTGATCGTCGCGCAGACAATTCACTTATGGCATGGCCAGGTTACGGGATAAGCCACAGCTTTGTTATCAAGATTGCCCTACTGAGCTCACCGCAGTGCAACATCCGGTAATAGATACGACAAGAATCCGGAGCCGACATCGGTCCAGATAGTCATCCTCCGTAATAAGAGTGCATCCCCGGTACTACGGCTTGCCCTTGTTAGGTCCGATTATTTTACCTCCGTGGCCTGGGTTGGCGTGTTTACAGACAAAAGACTTGAGGTTACAAGCAAGAAGCGAACGTTCCAGTTGTCCTGCGGTCTGAAGTGAAGATCTGATCCTGGTCAGCTGGCGGTTCCGAAGCCCGCGGGCTACTATACTTCTATCATGAAGACATTTGCCCGTGGGGTTGCAGTTTTGCCCGCCTATGTCATCTTGGGTTGTCACGTGTAATGTTGAACGTATATGACAAGACCTGTTTAGTGCGTTCGTGGTGTGACTGCATCTCCCGTAAGTGCCTTTACTATTTATAGGGTCAACTGGTTCCTCGTCCGTCCCTGCAACAATGCAAAACCATCACGGAAGCGAGCCCCCTCACAGGCCCTCGCACCTAGAGTCCAGGCTACTCACTACAAACCGTGACAAGCTGTAGAGGAGATTATGAACGTACACTTATGGGTGTGCGGGTTCTTCGCTGAGCTTATCAGGACTATCGAGGGAGCACAATCCATAAGCCATGGTACCAGGAGATCCCGCTGACCGATAGAAGTGGTCACACATCTGCCCTGCCTTGTGCCAAACTAACAGTCTAAGTAGGGCTCGGGGATTTATCCATGAGGCGCGGTTGGCCAAGCCCCTCAGCGGCAAAAAAGGAAGTGAGAATAAGATGTCCGTCCCCCACTCGGGCTCCTGGC,1585,52.11,Caenorhabditis elegans
SEQ_241101,CGGGCCTCAAGGCTCGGACGGGGAATGGAGGAAGGCAGATTGGGACACGCATCCGTAGAGTGAAGGAGTTCCTATAATCGCGGATTGCATCATTTCCTCCCGTGGAAAACGACACTGAGAGGTATTGGGATTATTGACCGGATACTTGGGGCTATCAGTACCCTGTTTAGACTCCATCGATTGCTCTATCGGGGGCAGACTGCGGACGTTCCAGGCGTGGAGAGTTCGAACATTGCTATCTATCGTAGACTTACGACGCAAATCTCGACACCTCCTTGAGAGTAACGCAAAATGCAACCCTCGCTCCCAAGTCATTCGCGGTTAACAACTAAAAACGGAACTCTATCCTCCTCTGCTCGGGCCTGAAGAGATCGGGCGGGCCATCGCTAGTACTTCCTAACAAACAGCACGGTTGGAAGGAGATGCACAGTGAAGCATAGCCAATTGTTTTAAACACGTGTGATGGATCTAAACGCCCCCATGAACCCAACGTTATCGTGAGGCTAGTTAGGTGCACAAGGCCGGAACTGCGAGACCGATCCGGGACACTACATTTGGGGGCGTAGATTCTCCGGGAGATCCTACAATCACTACGTGTATGGACCGATGCCGGCGGGTACGTGTTAAGCTTATCAAGAAAACAAAAAGCCGGCAGAGACGTCTTATGTACTTGGAAGAAAGCCTCGTTTCATCCAAGTTGGTTGTAATCCCCAAATATCGAAGAACGAGTAGAAACGACATGGGCTTAAACTGTGTTCTGCAAGTCTGGGCGCCGTAACAGGTAAGTACGATATTGGTCCGACGGTCGTCAGCATTTCCTAACTGCAAGTATGTGTACGATTTGCCAAGAGGTTGACCACCCCGGACAGATCGGGCGATACCATCGACCTCGTGAGAGGGCCCCCGTATTTCTACAAGCGTGTGTAGC,928,51.08,Mus musculus
SEQ_771223,CCATCTATCGCGTTAGTTCCAGGCATTTGGTGGATGGTTCCTCACATCCAGCTTACGCGGCGCGGGCCAAGTGAGTATCGCACCAGTGAGTGCGAACGCGGAAATGAGTAACTTGTGGGGTGAGAAGTCATAAATCGGTGTAAGGTGGGTTGAGACCTCACAGAGAGCGGGCGTCCCCCCCCCATTTTGGGTGAGAATGTTTGCTTTATGCCGCCCTCCGTGAACGCTAATTTGTCAACGTCGAAGAAACTCTGGAGGGCTATATCTGCGGGTTCGTTTATTCGGGGCAACCGTCTTGCCCACGCCACTTGCCATTAAATATACTAGAATGATGTACGTAGAATGGGTCCTCCCGCGCACAGGAAATACATTGGTGTACGGCACGGAACATGATCGCGTAAACTAAGGTACGACAAACTCTTCGTCCGAATCCCCCAACGACTGCCGGCTGACCGGGGGTATGCAAGGGCTCACTAGGAGGTTTTTTGTGCCAGACATAGGCGATATTAACAGGGTTAACAGAAGTGTCATACTAGACACAACCTGGTACTAACTCCACTTGCCATAAGCATACCGGTAGTCATAGCGAGACTTCGATGCCCTCTGGACAGTCTTTAGAGACCCCGCCAGGGCGGGAGCCAGTTTTAAGGCATGGATACGAATATTTTTTCATAAACAAAGGTCCACAACGATTTGTCCCCATTATTCATTACAAACGACGAGGAAAGCATCAATAAAACCGAATTCTGTGATGTCAGTTACGTATAAGGGTTCCGGCATCCGATTTTACTAAGGAGCTAAAAACCACTTTCTGTCAATTGTTGGTTGAGAAAACGTAGGGAATTGATTGTTAACGGGCGGTAGATGTTGCGTCCGCTAGTATGGGTAGACGCGACAGTGTCTAACTTCCTTTGTAGGAAGGTGATTCCATCTCACATGCAAGCACTGCAAGTGCCATCGCACAGAGACCAGGGCTGCTGGTGCAATCGTGGTTTATCGTGACGAAAGAATACCGCTTCTGGCTGGGCCAAAAGACCGAACCGTGCTCACCCACGGTAAATGGGGGACGCGCCTAATGAAAGCAACTCGTCAGTTCCCCCTTGCGGTATTCCATTACATCATATTCGGCACTTACTCTGAACGCCTTCGAATTGGGTCGTCGCGCCTGGTATTTTCAACGGCGTCAAAGGAAGAATCTCCAAGCACAAATAGACTATTTTCCCGGTACATAGCTACACGGAGCTCTAGAACCGCTCCTTCTACCGTCCAGTTCAGAATCTCAGATTGGTTAATCGCAGATCAAAAGGCCGACTACTTAAGACACGGAAGTCGCCCATCTTTCGTACCTCAGTCGGCACCTGCCCGCGCTCGTATTCGGGTTGGTAACTTGGGTCCATTGATATTTTTTGCGACTTTACTACTCATTACGTGCCGATTAAGCTACACAGTTCGCACTGGCCGATTGTCGGTGTCTGGACCATCGGCTATAGTTCAATGATCATTCATCTCGCGGCGCGTCCTACTGTGCTCAGTCGTTAACCCCCGCGACACAGCGCCTCTTGGTATCGTACGTCGAGCGAAAATTAGCGCTTGTCCTAGCTCTCTACGGCTCGGGATGACACTCTTGAGAATCGTAGTGCCCGTGTGCACACGTGCCAATCCCTGCATG,1669,50.21,Saccharomyces cerevisiae
SEQ_184006,GCTCCATCAGCTGCTGATTAGTATACAGACACAGTGAGCTACGATGATGACTACACTACGCAAACCCGCGCAAAAATAGCCCTCTTCAGCCAGAATCCTTCGCCTCACTCTATGGCACACGCGAGGCTTAGCTTGGGAGGACACCTGATTCAGTTAAGAGAAGTCTTGCTGCACCCATCCTTTCGCGTAGAAGACGGCAGCCTAAGAGTCCCAATACCGGTAGTCCTGTGGCAGAAGAGGTGTAACACTTGGCGTTAAGGTCTTAGATGGGGGTAATCACACCTTCTACGCCAGGCGTTTCGGTGTAGTTAGGCGACGTTTTCTGACCTACTAATGCTGATTAACTATGGCTCTCGAGCGCCGCACAACACCGGAAGCACCACCTGCTAGTTACGTACGGGTGGCAGATACCGTGCATCCATTACTTGTAATCACGGCGACTTACGCAGCAAACACACTTTGGTTTATACGCAATCCGTGGTCAAATATTGTCCGATATAGGCGGTACCTTAGTTTTCGAGCGGGAGGGCAAACGTGACTAGGTATTCCGGTGGGATATGATGGGACAACCTGAACGCGTAGCCTAAGCGTTGAAAGGCCCGCGAGTAGAGACAATTCACCAATCTTAGTGTGACTGGTGATCACTATATGGACCACCTTTGCCAACCAAATGCGGAACGCGAGTCGGTTTCTGTGGGAACCCAATTGTCGATCCACCCGGGGAAGTACACACCCGTCACTCTGCAGCAACCCTCGTTAGGGTAGCCAACGTATAGGGAACTAGAGGAACAAGCACCTACAGCTCTGCCATCTTTCACCTATTCAGTGGCAGCATGGAGCCACTAACGTTCGTCACAGGATACGGGCAGCAGCTAATAATACCGCGGGGTCATCTGATACGTCCTTAGTAGAAGCCCGGCCCCCCTTCGGAGGCTAAAATTCGCGAAAGGTGCTCCTATAGGGATGTAATAGCACGTTTCCCCGATCCATAGATAGAGTACTGAGAAAGTTACTGTAGCTCCTTGCAGTATGAAACTCAACGGGCAGTCAGGTGATGTTTAAGCTCATGATTAGAACATCCCGCGGCGTACAAAGTGAGTTGGTAGTTTGATGCTTCATCCCCTTGCACACGCTGAGCCGACAGACACGACCGCTCCGCTGGTTCCATGACGTTATAGTTATTAATTCTCACACGCTCTCATGGTTGCATCAAGCTACACAATGGTGTCTAATCTACGGACTCGTAGCGCTCTGGGTGACGTTCACCATGAATAACGGAAGATGTTTAACCCGCCCGACTTGTTATGCACAATCTACCGGACCTTGGGTGCTTCCATCCATGCACTCTCCCTCTAATCCAGTGGGAATGGTGCTCCGCCGGGGCTAAGGTGCACACTCGACCTCGGACGAAATCGGCAACGCGTCTGTAGACGCACCGGACGGCCCCCGAACCTCCACACCTTGTTTAGTTATGTCGGGTGGGCATGAAATCATAGAACCGCATCGGCCACGGGCTCTCCAATAGCGTCACACACATCTGAATCTATGGTGCTATAGCAGGCCCATTGCGGTATTCTTTAGTCTGGCTCGTCCTACCCAAAGTCCATCACCGTCCATTGTTGTTCTGCAAGGCCATAATCATAAAATCGCGAAAAGAACTTGACGCTTGAGTTAAATTGGCCCACTTTTGTTATGTAGGGTCATCGC,1707,51.03,Mus musculus
SEQ_198306,CGAGAAAAACCTTTATAAAAAACGACTCAGCTAACATACGCGATAGCGACGGCGGTTACCGTCCATAAAGAATCGAAAAGGTTGGTGTACAGGAGTTTCTATCTGATAACTTGTCTTCGATAAGGTAGCTTATTCAACAGGTCATAAATGATAGGCGTTAGCGGAAGGCGTGTAAAGCATGTGGTTTGTGTGCGTATCGCTGTTGAGGAAGATAGAGTGAGTGTCAGAACAAGCGCCTGTACTGGAAACAGGATGGAGCTCATAGGTCAAGGCTAGGAAACCAACGCAGCTCGGGCCAAGTTGCCTACTCCTAGCGGTCGATTATGGACATTGGTTCTCCTTTATTCTGTGCTGGGCCTCAGACGGGATGAGGGTGCTCGCGGCTTCTACGACTTGGACTAATCACGTGCTGCACGTAGTACGTGGTCCTCTCTCATAGTTGGTCTTTCATGCGTAAATTGATCGGGCGAGATAGAAGGCCGGATGGGATCATGTCGTTGCATCTCCGGATACGACCCCGAAATCCCCAAGAAAAGGCCCCGAATTACGATAACTCGGGGAGACCCTGACAAATAATGCGCTTGGACGTTTAACATGCACAAGTTACGTTTCCGGAGAGAGGTCGATATCCCATGGACTATTAGCAAACTGCCAACTGATTTTCCCCCGGTAATAAGCCTTTGTTGTGGGCAGGTGCGAACCCTGCCATCAAACTCGCTGGGAAATAGTATAATTGGAGCTCGCCGAAAATGCTCGGAGCTCAACTCGGAGAATCCAGCTTAATTACTAAAGGGCGACACCACCTTCTCTGCGTGTCCGGAGTGGTTCAACCCAGGTCAGCACGGCCTGCGCGACATTCCACCGCTTCATGACCTGGAACAAGAAAGAGCTTCCATAAGCGAACTGACGCCGCGTCCATGAGACCCGGTGATCATATTTCAACGCGCTAGGGTTCCTTCCATCCCTCGTTGCGTCCTCAACTACCACCTTCGAATAGTGTCGGAATATACCTATGACCATCACCTGGTGATTGGACAGATGGGTACCATACCGGCTAATAGCCATGTCTCTAATGAGGCTTTACTCCTTTACGAACTCCCTTCCGAATTATGAACTGCGACCCCCAACTAGGTCGAAGCTACGGTTCGGATTCTACGCCTAAGGCCTATCGCGAAAGATTGCAAACTCTAAAGTGAACTATGTTCTCTTCGCGAAGCAAAAAATATGGTCGGTGCTCGCTAGAAGTGTTTGTAAGATCACAGTCTCTTTCTTACTCGTTTAGAGTA,1286,48.99,Mus musculus
SEQ_310959,GAGGGCCTGTTGTAGGGGAGACGTCACTGCTTACAAGTACACTGCAACTGGCTGTCACGTTTGCACGGCTGCCTTAGAGACTATTCACGCGAGTGACCGGATACACTCAAATGTACGGGCAGCGTAAGCACACGCAGTGCGGATCCGGTGTCACTTACGTCGAGGCGCCGCTTATAAGGACGTGAGCGATTTGTGTCCTATAAGTATCGTCAGTCCACAGCTAGACGTTGCTCGATTGGCTTCTACAGATCCTAGATCGGTGTCGTCTACTCCGTCCGCAAATTGTCTTACACGTCCCTGCGGTAGATGGCGGAGTTCTACTGGGCAGCTCCACGTCCTAAATTATACCACACTACATCGGGCAAATAGCAACCAAAGTCTGATCTATTCGCCGGTTCGTCGAGGCAAAAGGGTTCCCTGGACCATCCATTGTGCATACGCCAGGTCACTATAAAGTTCGTTGAAGCGCTTTCTGCGGGCGCGTGACAAGGTCGAATAGGAAGGCGAGCACCTGAATGGACGATGCGATACGCACCTGCTTGTAGAAGGCTGTAACCTGCGGCGTCGTGAATCTGTCCGGCTGTAGAACCCTACTAGAGAATTGATAGAGAAAACGGTTAGGTTATTCCAATTGGCTATGAAATTGGGCAGTTGGGAAGCTTGAAACTAATGTGGTGGGGGTGAAGATTTGTGTGTACGCAGGTAAGTTAAACTGGCAGGACCGACGCGAATAGTTGGCTCACGGTCGCATCTCGCGTCATCTGGGCTCCGGAGCTAAAAGATTGCTCCAACCCTCCGAGATATGATTGGCTGTTTATTTTGAAGGGTTCGTGCGTCACACTATTCGAGCAGTCCTCTTGTATGCACAGGCATTCCACACATCTAACACTATGTGTAGAAATCGGTTCGCCAGAATCACTCACACTGGATAACCCCCTCTAGAACCCTCATTGACACTGCCATATATTTGTTGTCTCCAAGTGTGAAGTCCTATGTGGTCGGTCTGGGTTTAAGACTAGCCCTTAAGTCCAGTCCGCGATAGGTAGCGACATCCAAGGCGCTTGAAGTCGTTGAATAACCCTGACTGTACTAGAACTAAATGTCGCATAGCACACCATACCTAGACCTTTGAAGTAGACATGCGCAGATAGATGTTGTAAGGCTGTTACAAGAACGTAGTCTTAGTAGGCATGTCCTCAATCGTTCTCTGGCCCCGAGTGACGGCACTCGGGTATCGCGGCGGAGCGGGACCCTTACAGCAAGACTCGTAGAGCCCTAACCGGGGTCCCATGCCTAGACGGAGTTCGCACTACATAGAGCGGGACGCCGTATCTGGTGAGCCGTAAACCGGCCTAACGGTCATAGGGATGTACTGATGCCAAATACCCACGCAGCTAACTGAGGTAAGAGCGGATCGAGAGCAGGTATCGGGAAACGCAATAACTCCATCAATTGTCATTGAGGTGCCTTTGTGCTAGGACTGTCAGGCGTGAGTATCTATCGAAACTATATGAGTGTGAGTCCGCTCAAACTAGAGACAATCTGCTGAATACAGCGGACAACAGTCATAGAACGGGTTTTACCGTAAAGAGTCCAGGCACCCCCGGGCTAACGTCCTGCATCACTAGGGTTATCGGCCCCTGTATGAGCCGGAAACGAATTTTTATGCTTCCCCCGATCTATTTGTGGGTCGTAGCGCCGCTCCTTTCCTGAGGCGGGAGGCACGCAACTGTGATTTTAGTTTCAAAACCAAGAATTGGAAATTGGTGATCGGACGACCGCGAGATTCCCGTCCAAGAGTCGGCGGCCCTCGTCGAGACGAAAGACCTCAGTCTCCAATTTTGGAACAAACGCTTTTGACCGTGGATACTGCAACTGGGAAGGTGCTTGGACCTATGATTGAGAGCAGGTCATTCACACGGACCCCATGAGGCGGTGACCAAGCCCGATAGCGCCTCTCTTCAAGGTG,1969,51.35,Caenorhabditis elegans
SEQ_404279,CCTCCTACCTCCATAGCCACGGAGCTCGTTAGATCTGACACGAGAGCCCATACAACCGTCCGTGAGAGAGCTCCGCTCCAGATAAGGGCTCATTGAGAGATACTAGGTTAGAGTTCTAGTGCGTACTAAACATTACCGGTTTATATCCTTGCGCGGTGTATAAGATAAAATTATTCGATTATAATTGCGATAACTCACTGAGCGTTTGGCGGGACGATGAAGTGAGTACCTTGCACAAGGTCGCCGTAAGTGGAGGCGGGTTAAGTGTTGCGTTTTGCAATGCACGTAGGTTGTAGAAATACATAGTAGGCTTAGGGATAGGACACGCACTGTGGGTGTCTGGAGGATGCTCTCCTCTTCCGCATACTTTGAAATATGGGTGATGTCCTTAGAGACATTTCACTCAGATTACACTAGAAGGGCTGCTTTGTTTGCGATGCTTCGACCCATTCGTTGCATTCACACGCCCCCTTTACTAGATCCCTTCCCCGCCAGTCTGCTGCAGCCTCTCGTGACAGTGAGCGCTAGTACGAGCTGGGTGAAATAGAAGTATGCACCACGACGGTCGACTTTCCGTGTTTAATTGATTGGAAACCTCTGAGGGCAGATCTGGAGGTAAGTGCGCTATCCACGCCGACGGGATGCAGCCACCTTACTCCCGCTGCGTCCGTTCGCCTGGCATGTTAGTACCTCGGATCCTCATAGTATTACCAGATCTGTATCCGTGCTGTGGAGACTGACCGGGCGAACGTAGCTCTAAACCAGCATCATATCGCAATCTTGGCAGGTACTCATGTGGATTAGGAGTCACGGATCCTATTTATTCCTTTTTGGGGCAGTGGAGCGACAGGGGGGCATAACGCACCCTCTGACCGATTTTCGGATTTAACTATTAACTTGCGCCCGATTACGATGATTAGGGTCGTGTACAGAAACATTTTGTATTGGTTCTTGATCTTAGGGACCGGAAACGTATGTGATAGTCTCCTGTCAAGGTACGCAACTATATGTTCCTAGACCAGGAAAGCGGGTTCCCGTAGTGATGCAATGGTGGATTCCCTCCGCGTTCAATAGACCTATCTACTACAGGAACTTCTATGAAGACTGAACGTTTAATTCGCAGAGGCAGTCAGCCACGGTTTACGAGAGGTGAGTGCATGGGGCGGTAAGCCCACGCGAATCTGCTCCGCCAAGATGAGGTCCTAGGGTGCAAAGCACTATGTATACCTTGCGCATAGACTCCTTGGCAGTTTGATTCCGTACCTACCGTCGCAGGCGCGGTCTCACTGGGATTAGAATACCGAGATGCAGTGCAGACGTTGTTAGTGGAGGAACTTTCAGCCCGAGGAATTGTCGTCTGCTAGTACCACCGCAAGGATTTGTGAGGAAGTACGGTTACGGCGAGAGTACGCACTACAGACTCGTTCCATTTTAGTCGTTGTCTCCTAAACAAGCCTCTGATAGGATGGAAGCTATAGTGTTTGTAAGCCCTCCAGGGCTTCCGGTAAGTTTACCGCCAAACCAATCACATCGGTTACACGCGGCAAAAGCCTCGCTTGCAAATTACTACGTCGTCTCCACCTAGGCACAGATTACTAAAAACTACTCGCGATGTCAGCAGTGAACATCACGGGACGAATAACCATACGAGGGCAGTAGAACTGCCTCTAGGGAGTGACTTGCGGGATCTTCTGGGAAGCGTGTCGGGCGACATGTGCCTATGACCTTAAAAATCAGCCACCAATAAACCCAGGAACCTCGACCGTAACAATCAGGATAGGGTTATCCAGGATTTTAAGGCCGTTTTCTGTAGACTATCAAAGTAACGACCCTATCAGATGTACAAGTACATAACAGGGCCATTGTCTCCCCCCCAGGGGGCAGGCATGCCTGTTTTGCTAAACTCGAATCGGGAGTGCGACCGACCTGAGTAGCTATTCTCATCGTCTGCGCCCGAGGTCTTTCT,1966,49.95,Saccharomyces cerevisiae
SEQ_141730,GGACGCCAAAACAACCCCTTTTTGGAATTTAAAGCCCCGATCGCTCTCCCCCATCTGGCCCGCGCGCGTGCTTAAGTCTACCGAGGATAGGATCGTATAGTTCAACAAGCTCCTGTTGCGGTATGGAAAGAATGCCCTGGCTAGAAAGGATGCAGGGGTCCGTCGAGACCTTGAGATATACGCGTGATGCTTTTAAAAAACTTAGGGACAGTATTTAACATGAACCGGCCTTTGGCGTCTCCAAGCGCGTGTTACAACCTTGTTTACTAGAAGCGGGATCCAGAACTCGTCGTCGCTGAATACTTGAGCGCACTCTCAAACGGACGAAGCCAAATGTCCTCTGTCTCAGCACGTGCCTACGAGAGGTGGGCATCTACGCGGAAAGTCACGGCGGCGCGGGCTCGATACCGTCATACCAAACCAAGCTTCCGTAATAGGATCAGAGCTATCCATTGGTTATGGACACGGACCTCATTTAGACTAGGGTTTCTACTTACATCAACAAATCCGGCATCCAGATCGATGGCCTTGTGCCTTCAATTCGTACTTAACTTCCGTTGGACAATTGGCGGGACACTCCCCGTCGTCGTCTGTGGTAGGCGCAGGAATCAACGAGCTAGACATATAGCGCTCCATCGTTGGGTGTAGCAACTTTGGCGAGTGAAGCATACAGGCGCGCTGGGAA,685,51.82,Drosophila melanogaster
SEQ_244941,GTCGTTCCGAAGCCACGGTGCGTTGCCACGAGCATAATCAGATGCACGTCCGGCGAGGCTCAATGTCGATAGGGATAGTGCACATATTAGTCTGGCCACCTTCCGCATCTTAAGGCACCCTCTTTTCTGGGTTTAAGCAAGGCGAAGTCCTCTCATTTGCAGTGTGGGAGGGTGGCGTACGCGCTCCGCTAGGTCGGTGTGCGAGGGGTTACTCGCGTCAGAAATGCTGGTTGGGAGACATACGTATCAGGTCCTTTTTCATACGCAGCGATTTTTCGAGAACAGGGGGGGTGGTTATTTAAGCCAGGAATTTACTATCGGATGCTCGCTCAGGCACTTAAGCGCCTAACCGTCTTAAGTTCGCATTATGGCCCGCAACTCAGTCGATGTGTATACTTCAGCCCGCCGCCCAGCTGCTCATCAGTACACTTACCGACCGGACGTGTACATTCCTTATCGACATGGAGATGTTCATGGAAACACGGGCGTCACTTGAGCCGTATACCAAGTCCGCTAAGGGCCACGAGGTGCCCTCACAACCACGGTCCGGTGGGGCTCTGAGCGCGCAGCGGGAGCGAGCCCAGTCCAACTCACAGGCACACACTGTACTACCTTGTAGCTTAGGCTACATCGTGCGATACATCGCCACCGTGTTGACCTGAGAGCATCATGGCTTAGCTCCTGAAGAAACGGGACACTCTTATGTTGCACGCTAGAGCGATACTCGGCTCACAATAAGGGCCCAAGCTAAAGCTCTGTGCTGCCCACTATGAATTAGGGACTGCAGATCTCGTTAACGGACC,803,54.3,Homo sapiens
SEQ_651999,GAGCAGTGCTAAGAGCAACGTCGATATAGTATACAGATATGAGGGAGCGTCGAGGGACATTTCGAGGTTGGATTTCCTACAGACCATGAATCGGACGTATCTTAATAGACTGAACGGCTCGATACTGCCCTTGCGCTAGCACCTTTGCGCTTGTTTCCACACCTAGGATATTTGGATCGGACACACCTCCAAAACCGAGTCTGGAATACGAGACTCGCAGCGATGCTTCAAATGTTAGGTCTTACTATGGGGGACGAGCTAACCTTCGCTTCCTGGGAAGAGAAGGGAGGAACGAAGTGTCTATACCAAGCATTTACATTGCCCCGTAAACACCTAAATACAAACAACAACGTATCACTGTAGAGAGATCACCAGGCTATCGGCGGACGGTACAATCCTAGCCCGCTGGTACATCAGTTAAGACCACCGTCACGCACTACATATTAACAATTGTGCGGTAGATCTGAGATCCCCATCGCCACATAATGGTGTTCAGTTACCTCCGCCTGCCCTTGTGCGAGGAGCTCATATACCTTCTCGCCGATATGGGGCAGGTTAGGACGAGCTCCTCATGACTGAAGGCCACAAGTGCTAGCGCGATGGGCGGTGAGAGTGGTGATTTTGCTAACGCTGTCGCTAGATGCTGTACCGATATCGGCTTCTGATCCTACATGTAGGCTAACGAGTTACTTTAGAAGCGAAATCTCGGAGGATATGTGCAACTACTAGGCGGTTTGGCCAGTTCCCCCAGTGGACTTCAAATTGAGTAGCCGCACATATTACTAGTACGTAATTTATCAACTATACACCAGGGGCTTAGGCCGAACTGCGAACCGATATGGACAGCTTGGACAAAAGCGATCTCGCAAAAGGAGGACCGCGCCGCACTGCCATGCACTCCACCGCAGAAGACCCACCGCCAGAAGGACAGGGTGATGGGGCCTTTCGCACTAGACCCCGGCTTGATGGGTGGGATGCATCGTTGCCTCGAAAAGTAAAGCAGCTAGTCACTGTAAGCGGGAAGCTATAGCAGCGATCGACGAAGCGCTCTGCTCTGTTGCGGCCATAAAGAGACAATTGAGTCCACTAGCTGATAAGCTTGTATGAAATACGTTGCGACCAAATCCACGTCATTCCGATTACTGCGCAACTTATTTTACTAATCGACTAGGTCCATTCACAGAGTATGCAAGCCTGTCGACCGAAAAGTTGCTGCGCTTATCCGCGGACAACCTTATTTAGGAGTGCGGAAACCAATCTCGTGAGACTGCCCCACGGTACTTGTCCTTGTTTTGGGGGGCTATTCGATCGATTAAGGGCTGCGACCATAGTTATGGCCCCTTCCAAGCCTCTCAATCAGACATGCGGCTAACGC,1375,50.47,Arabidopsis thaliana
SEQ_681173,TTCCAGACATTAACTGGACCTGATAACATTACCCACTAGAGACTATGATGCATTGCAACCTGCCCACGCGGGTGCCCACGTACTCCCATCATTCGGTATGTATCTGCCACCATCACGAATGTTTCGGCGATGTAATGGCGCATCCGCCACGTGACCAAAGAGGTATCCCCTACGTTGAATTATATCTCCAGTACGGTATATGCCTCACCATGTCCATGGTCGGCCGTTTTAGTAGCTACCGCGCGCGGTCAGGGTCTTTCTATGTCTTGATGTACTTCCGTAGCCCGTTTTCCGGGAGGCCCTAAGGTTCGTTCTCAGGGACAGTTTGGAGCGAATAAGGCGGTTTTTCGTTGACTCCCAAGCCTGCAGGGAGACCCGCCTTATTGGGAGCGATGGCATCAACCCTCCTAAGCCTATCGCACCGAGAATAGGGGCAGTTATTGCAATGCTTCTCCCACTTGATGCTTTCATCTCGCCACAAAAGGCCTTCGTTCGCTCCACCGGAGTCAAAGCTTACTGTCAACAGTGCTATGTACGCGCCCCAAGACTTGGCGGGGCAATGAGTCTCGGAACATCGTGCACAAACTGGAGAGAGGATAACTTAGCGCCCGAGTACAAATAGCGCGTAAGGATTTTGTGCGACCACGAGAGCAGTGCTTTACATGTATCGCGAGTACATATAGTCATACCGTCGAGCTCGTCTTCCGAAGACCATCTCGCACAGTCTTCTACGTTGGCAATGTCGCCAAGGCCGTTCAATAAAATACAAGGACAAACCGGATGCACCCCCTTAGGTAGCTAAAAATATGTAGCCTAAGTGATGCTAAAAGATCAGCTTACTTTACTGAGGTAGAGAGCTGTACCATGTATAGGCGGCCTAATCC,884,50.68,Escherichia coli
SEQ_613942,AGCCCCAGGCACTTCAGCTGGGCTCCGTGCTTAATTCAGTTTAGATGAGCACTGTTTCCCTCAGTCTGCGCATAATGTGTGCAAGAGGGTCTCGACAAGGGCCTAGAGTAAAAGACGCGTAGCAACTAGGGATTTCTAGTTACGACCATTCTGAGTGATCCGCAGATTGGATCTAGAAGCAGAAGTGTAGCAGCGTGTTTGACCGCCTTACCTAGTAGGTCAAATAGGAGGGAATTAGGACTCTCCTATGTCCAATGTCAACAGTCGTCAGGCCTCAATGGCCGAAGTCACTAACAAGCTGGGCAGGTAGGGGCCTCCACGGTACCGGCCCTGTCATTATTCTAGTTCGCCTGGAGGTCTAACTTTACCCGACTAAAGTTGTGTCGAGCGATAGTCACCACATACCCCGTCCCCCTATGTATAGGAGGCGCAGGCGTCTGTTGTACAGGAGCAATGTACAACTGTATTGCAAACCAGACTACGCCTTCAGCAAGGTCCAAGAATTTCGAGGAACAGTGGGGGTGGTTCTGTCGAGCTGATCGCCTGGCTAGCGGTAGCTACCCACGGGGCCAGTTTATTGGGCGGTGGTTTTTCGCCGCGGAGTTGGTTTTCCGCTCACCCCTCTCTTTCAGGTGGGGGTAAACACAACGGCCCGATATCCCGGTACATAAGGTTAAGATACCGGTTCCCAGTACCCGACCTGGCCCTGCGGTCGCCAGCAAGAAACTTACGGTACTCGTTCGCGGATGAAACGATGAACATATAAAGAGGGAAACTTAACTCGTACTGAAACTTCGCGGGTGAGCTTTAAGCTTGATAGCAGACAATCGCTAGACTAAGTATTTTTCCGTCCGCTCCAGACCGGCACAGATACAGAAGCTCCCGAGGTTTTAGCGAGTGTGTTCCTCCCGCGGGTGACAAAAATCCCTCACTTTGTAATCCATCCTATGCTCTAAAGTTCCCAGGAGGGCGTATCTTCGCCCCAATTAACGACTGCGCCTGAGGTGCAGCTCGGCCCGGAAGACAAAGATTGTCCTGCTAAGTAGGACTGGTGGTCCAGTGTGAATCGTCCGGATATAGTGAGACCCTTTACCCAGCT,1099,52.14,Arabidopsis thaliana
SEQ_777044,TCTCAATAGCAAATGCTTCGAGCACTTAATGTGCATCCTTACAGAGGTCAAAGCCAGGCATGGCCAGCGATGACTAACCTTTCAGCGGGTCACGTTTAATCAGATCTCTTGCCGCAAAATTTTCATTGCAAAGAGGCAGCTGTGTCCGCTACGGCAGAGCTGATTTGAGCCATTGGGAAGTTACTAGCCGGACTTCTCGCCACTTCAGACTAGAAGGACGGAATAATAGGCACGCGGAGACCAGGGACTACTTAAAGGAATCTCAGTATTCGAACAATCGTGGTTCCGTTATTCAGACTTCTGACACCTACGAGTCTGGCAAATTTGCATCATGGTTTCTCCACCCGTGATACACTAGGACGATTTGAACGGCAGACCACCGTGCACCATAAATAATTGGAGAGCTTAAATAAGGTTTCCCCGATAAGGAGGTCCTTCTAGTGTACCGCCGTATGTTTACACGCTGCTATTCCGTTCTGTCCCCAATAACTAGCTATATAGGACCGACGTTGAATAAAGTTCGTGATCAAGGACACTGACCCGCGTTCTCATTTCGACGCTGTGAAGCTAGTACCGTGTGAGAGTAACTGATGGTGCCGCTCTCTGACATCTCCCAGTAGCCGAGACGTCGCGGTTAGCAGGGGCCTACCGGTATTGCTGACAACAGACTAACACTGGCACCAGGCCTGTATCACTCGGGAGGAGCGTGTAATGTAACGCCCCACTGTCTGTTACTGGGTAACCCGGTTCACTAGCAAAATCGATGGTTCGTGCAGCCTTACTGAGAATATACTCATCTGGCGGATGGCAATCACATATCACCTGCGTCTGGTCACACCATTTTTTAACCTTGATTCGGAACACAATACTTGATCCGGACGAGATCTTTCCTAGAAGGGGGCAGAACACTGCTCTTTGCGAGTTTTGTGCCACAAATTACTCCGGCACGGAAGGAAGCACAACTATACCGCATAAACTATGGTCCACCAGAACACCAGTATATAGAATAGTGTCCAATCATGGTGCGTCACTGATTCTAAGATCCTATCTGGGAATGCTTTAGTTAGGCCGAGAGGTCCGGTTCGCTCGTCCGACTACCAAACGACAGAAGATGTGCTCTAATTTGCAGATTTGCCCTAGACGCATCTGAAGGCAACAGTGAGATTTGTAAAATGCAGACCTTGATGTGAGGTTGACGACCCGGTTTGGTTTAGAGGTCGGCGTGCACACGTGCTCCATCTTCGCTCTCTGGCCTAACCCGTCTGTCGTGTAAGAGCCATCTTATAAGGCTGGACAAAAAATGGATTAAGGACAACGGCCGATCCAACTCCTACGGAAAATGGATCTCTCGATATCCGCTAGGGCCGGGCTACGACCACTTTGTTATGTACATAACGTACATTGGGCAACAAACGTCATACTCTTTATCCCCTAGAATAACAAGGGTTAAGATCCGCGCCGACGACGCTTGTTAGTAGATGCCTGCCCCTGTCGGGCGGGTTTGTCCGTGAGGGTAATTAC,1521,48.92,Drosophila melanogaster
SEQ_765351,TTACCATTGCTGATATTAACTGTACTCCTGGGAGATCTCTCGCCAAGTCCGCCCTTCTAGAGTAAGCACAATGGCGACTTGCCTACATGGGGCCGCGGAGGCTGCATTCACCTTGTGCCCCTGTGGTGAGGCTCGATTAGTTGTCTACCGCACATGACGTCTGCACTGGAGAAGGAGGACACCCCGTGACTTAAGGCGGGGACCTAAATCCGAAGCTCCTGTTGCCTGAAAAGTTCCCTTGGTCGTCCACAGTAACTTGAGAGGGGGAATGTCGCTATGATCAAGGAGACCTGGCGGCTCGGAGACGCGTGTCCCGATGAGCATCAGTATGGAGGGTGTATACTTACTTTTGCGTGTAGGGCGCGAGCTTGTCGTGCGCGCATTTGCATACGTAGAGGCCATAGCGTTAGGTTCGTAGTGCCCTGGTGACTTCCTGCGTGGAACGTGCGGGATTTTTCAAGGAACGCGTATCGCCGGACGGGGGGCTTCCGGGTTTTTTAGTGGTCGTCTCTAAACACGGAGGACTCTAATATGAGTTGGCTAAATTCCCCAAGGATCATTCTCTCTTATACGTTTGATGTGGACCAGCCAACGAGTCCGCTGCCAGTAAAAACAGCGATTGCTAGGACTGCACACCCTTTGGAGCTTACCGGTTCTACAAACACAATTGTCGCGATTGCGGTTATGGGCGTAACCCAAGCCACCTTGTCATGCAGACCTTTCGGACTGGTGATCAAACGGAACTTAAGGCTTCAAGCCGAATGTACGGACCCCGTAAGTCACCGACGAGCGCAGGAACTATCGTATTGGATAGCATTTAGAATGGAACCATTATCTCTAAGAATTTTCAATCTCGAGACTCTTTATATCGGCGCTAGGAAACGCCCGAAGCTCCCATTGACGAAGCCTAGAGTA,915,51.91,Caenorhabditis elegans
SEQ_310221,GTGTCGCAGCTGGATGACCTCTCACGTATCTGTTCAACAGTGCGGCGTTTGGCGTAGCACACGATGAATCAACAGGAAGCGCAGTCTTCTTTCCTCGGGTAGGGGGTGTGCCGACGTATGGACCTGCGTTCTGCTCGAAAATATCTAGTGTTCGCGTGAGACTGGAGCCGGGTGCCGACGGTGGTGAGAGATATATAGTACCGGGAGAGGGCTCTCGTGATCTCCAGAGATGCGGACAGTGCCGTGCTTTATGAGAAGTGCCGGCACATAGCTACCCGACCACTGGCAGTATCTTAAACATACCTGTTCACCGTGGGTCTCGTAATCACTGGGACCGTGCGTAGACAAAACCACTTGGTATAGACAGAGCCGGCGTCCTGGAGCCCTGCCATACGGCGTCTTTTCACTGTGATGAAATACAAGCGTTCGACGCGGGGGGGAGCTAGTCTGAAGTAATACCAGTATTAGATTTTATGGGAAATCGTCGGAGCATTCGATTTGCGGAATGTGTCGTGTACATATCTTTGAACCGAGCCTTTTTGATCGTTTTTTCCCCTGATCCTGGGCTTGCAGACGTGGAACCTTGGTGCTCAATGTGTACTAAAGCTTTTCGGAACCGGACTGCGCTTCGTGACTCCGGCGACCTACCGTGTATGTCGGGACGGTCAGCAGGAAAGCAATCTGTATAGCAATAAGTTTCTAGTTTCCAAGTCCCGATGATCCCCGGGCTCGTCATGCCATACAGTCACCTGTAGCAACTGTTGTCCAACGCAGCTCAGACGCGCTTTATACGACCAATAAGTACCACCGGGAGAGAGGACGTCGGTGCGGAGGTATTAGGCCGGTGTCGGTCAAAAGACGGGGTAAGGACGGAGTTTCCGTTCAATCCAATGGATCAGGTCCGAAGGTATTCCGGAATTCTGATCCCGTATCCAGTTTGTCACTCAAAGATTAATGCCAACCAAACAGGATCCACACTGATCACAT,987,51.98,Saccharomyces cerevisiae
SEQ_943898,GAGAGATTGAGCAATTTAGACTTGGCACTACTATCACGTGTCAGTCTTACCTAATTCTAAGCACGAGATAGAGTTGGAGGGCGTTGAGGAACCCTTCCGCGCACATTCCTACATCTCAAAACGCACTAAAGTACAAGTGGTGCCACTGTCTTATTTACAGAGGGAGCCTACCTTCACATCGTACAATACCCTCCATTCCGCTTTGTCCATGTGCAGTCTTACCCACCGGTCCTAATCATGGCTTGCTGGGCTTCATTCACATCCAACCCAGCTGGCTACCACAGAAGTTCGACTTAAGTAACAACTTTTCGTTCAGCAACTCGGGATGTGGCTTGGCGGGGAATCGATCGCACCTATGATATCGTAGACTTCGAAAATCTTCTAATGACCATCTTCGGCGACTCCACCGACATTATTTCCTATTTCTTTTCCAGCTTTTTCTCGCGGCTAGTCCCACAGGCTTGATTCAACATGCTCTACCACCTGTGCAGTGTTCATCACAGATGGTATGAGCAATACCGCGGGAGCCATGCAGAAATTTATTGCTAACTCGCAAGAAAAGTCTACGCTCGCCGTTAGTTATAATCCATACCCTACCGCAAGAGTCATGACCTGTTGCGCACGGTGGATTCGGTTGTCAGTTCAGTGCACGCGTGAACCCCCTCTCCTTGATGGAATTAGGTAGTCCAAGGCAGGGCCGCAGTTTACAGACCCCTTTGTGCTTTACAGGTGAACCATTTGTGGAACAGGGGCTAGGTATTGCCCCCGCGCCTGTTCCCAGGACTGTGTTGCCATTCCGGGTGAAACCTGATTTGAGCGACACCACTTATGGAGTGAAATTAAGCAAAGTACAACTATGCTTGTGAAAGTAAAGGGGGCGCTACGGTTATACGACCGGCCGCGTATCGAGCGTTGTTGCAAATAGTTAGCTACCACTTGTTATATTCCACCCATCAAATCTTTTCTAGGAATTGCCATAGGCTTCGCTCTTCTAGCAAGGTATCAGGAGCGCCGTGCTGGCCCCGTCCTCTGGC,1034,49.13,Caenorhabditis elegans
SEQ_983724,GCTAGGTATACAGTGGGGATGACTGCATTGTACCATCTGTCTCGCGCGCCGCCGGCAACGAGATACGAGGGTCGCAAACCGAAGGCTGGGATTTCTACTAAGAATTACGACAACGTTGATCTGGATCTACACGGGGGAGGTTAATGCGGGATGGGTGCCGCAGTTCGTGTTTTGTGCCGAACACGCTATACCGGTCCGGCCACTCGAGAGTGCTGGTTCCAATGGTGCATCATCCTACAAGCTTTCGACCATGGCAGCAAGATTAAGGCGGATTTCTGTCTTACCAGCTCCCGGGTGCTACAGCGTAAGACGCACTCTCCAATCCCTTTGGCCGGAGCTTGGTATGTTCTAGAGCCGTGTATAGCATAAAGGCAAGGACCCTCGTGTACGGCTACAGTTCTTACCTGTTGCGTAAATACAGGGATACAGATGGAATCCAGGTGTCCGATGCCGTCATGGTACGATGGACGTGAGAGGTGGGCCACTGCGCTACCCGCTTGAGGAAAAGAGGCTAATCCGTTGCCCGCGTGTCGGGATGGTGCTTCTGGAACCTCATGGGCTTCATCTCAGCAGTGAGGCAAGAATAAAGGAATACGTCATCGGTCGTGGCACCCCATTCGACATTGATTCGGGGTCTGGAGCTGCACCCCGAGGTTTACTTCGATCCCTATCCGGTTTAAAATGTTCTCTTTTGTGCTTACGCTTGGGGGACCCTTAAAGGTTGAGTCCATTCCTCGTACGGCATAGCTGATTAAAAAAAGGTAGTTATCCGTGATTACGAATTGTTTTGGGCAAAGACGATTTGCTTTTTTTCAAACTAAAAGTGCATAAACAGATCCAAGGTCGAGCCGGCACGAGAATTTTTGACCAGGAAGTAATTGTTGTCTTGATGGGGACAGATGTTTTCAGTTGACCTTAACCTTTTCAGGTAACTGTTGTGCGCATCGGGTGACACCCAAGCGAAATAACCGGTGGGGCATAACTTTTCCGCGTGCGCGTCCCTCCGACACAAAAAGTGTCCACCCTCCAAGCCAGGGTGCTACTACTTCAGCCGCAACAAATACGCTGATAACCACAAGCAGTTTTGAAGCCGCGCTGCCTCTAGTCCACACATTATATCTGATGCTTCTGGGCTTACGGGCGAGCCTCTAACAACTCCGAGTGGTGGACAGATCGCACAGCTGTGTCTACCGGTTGGCGTGTGTCTTTAATCGGGCT,1218,51.31,Drosophila melanogaster
SEQ_762152,CTATACAATGGCGGCGGACAGTTAGAAGCAGACATTTATCAATCGACTTCTTGTGATCATGAGGCTTGGAGTCATGAGGCCCGTGATTAATGGATTCCTGTAGAATCCCACAATCCTAACGCTCCATTCCCTCTCGGGTCTGGCGGCCGTGTGGAACCGCCTCTAATCACGATCTGTGGCTCCCCGTGGGTAACCAACGTAAATAGCATAGCTCAGAGTGTCAGACCCTGCATCTTGCCTGGTAGGCTTCCACCACGAAGGCGACAGGGGCGTCAAATAACAAGCCGGCTATGACACCCACCTTCACCGAAGCTACCGTAGAAAATAGAGCAACCGGAAGTTTGGGAGAAGTGGTGTCATGCCTAGAACGCAACACTTAAGGCTCCGCATGCTTTGCACTCCTGGAGTGGCTCCCAGCCAGAGCCAAGAGCGCCCCCGTCAGTGGAGAGTTCAAGTGTGTGTCTCCACATCTTGCGCGCAAAGTCGTCGCGCCCATCGGACGCCGACCCGTTGATGTCTGGTCCATTCTACCCGTAGCGTTACTTAGGAGCTTACCACTTTGAGTCCGTGCTCATCTCCCCTCTCTATCTGGGGTCAGACCTAATGTCCTATCGGTACCTTGTGCGCTTTGGCATGAGGTGAACGTATACCGGCAGCAAGCATGTGCTCCCAAATTAGGTCTCCAGGGCCCTATGGAAAGTGGCCTGTTCGATTAATACTCGTCTGATCGCTACAGGTCCGCCCCCTCAAAAACCTTTCTTCGGTCGGACCGCTGTATGCCGCAATAGGCTTGCGTACTTAGCGCGCGACAGAGACCTTCTATCAGGAGAGTACTAGAGGGTTGTGTCAGTTCGTGGAACATAAGGTTTGGGTTCTTCGTGTTGACATTGGCTGTAAACCAAACCAGTCTATTTAGCTAAGGGTAGAGCGAAGTGAGACAGGTGCGGCTCACGCTGGCGTATGCAGATGATCTGGGAATTTGCAACCCATGATCGGGTTCTTAGGGCAGTGAAGTCGATACCATCACCACGCCCCGATCGAGAAATGGACTCTGATAATTGACGTCCACGTTTCATTTCCTGACAATTCGTCTAATAACTTAGTCAGTTGATGAAAAAGATCGTGAGGGGGACCTCGGGCCCCCGGCAAGGGGAACATGATGATGTACGCTTCGTAAGACATAAACCGAGCGTTCTCCTAGAAAACCTCTCGTTAGTTTATGTGAAACGTATTTCATGTCATCGCGGCTAATAATCGACACGCCCAGTAGTGTGTCTAGCCAGAACCATTTGTAAACACGTGGCCCTGCATCTAAATGGAACTTCCCCTAGTTAAACGGGCGGTATCCAATCGGCGCATAAAATTCCCCGGGTCTGGTTTTCCGAGTAGCATGATATCGTCTCCGTAAGTACTGAATAGTAACACACTTACATCGAATGTTGGCACTTTCAAATGAGTATGACTATGTAGTAGCGAATCCGCATCAAATCAATGTGAGTCTGCGCTGCAACTCATGCCATCTGTGTGGCAGTAACATTATCCGAGGGGGACATTTGTCTCGATTCGCTGGATAGAGTCGAATGGCTTTGCGAGCGCCCACGAGGCTTGTTCCGTCTCCTTATAGCTAATAGCATAGGATAGGCTGTCACGAGGCAGAGTTCGGGGCCACGGTAAACAACAGGGGTTTTGGTGTCATCGCGCAGGCCCGTGAGACCCGAACAAGGAGTAGATCTCGCTATATACAATGACCACTAATTTTCGCCGATGTGTGCAGAAAAATATTGAGCTCATGGTGGGCCTGAATCTTCGGAATATCTTACAAATCAAATGTTAAACGCTCTGTACACTCGCGTTAGTTTTTAACGCCAGACACCTTACGTGCTTATGATCATTAGCGAGTTCAGGTACTCAGTATTTGAATTTCGGAGCTCTGAGAAGTGTTGCCGGTCTATATCGT,1957,50.03,Caenorhabditis elegans
SEQ_784929,CTCTGGTATACAGATGTAATAAAAGCGGCAGGCGGCACTTGGCCGCTGCACACCTTTTGTAACCAACGGCAAGTATGCTAGCACCAGTAGATTAGGCTCGCGATGACGCACTTCAACGGGGATCCTTTGTTTAATATGACAGTGTATTAGACTTTTTGCGCTATCACGTATAAACTATGGTAGTCCGGCAATGATTAAGGCGCCACATAGTCATGAGCAAGCCCTCTAGTCACAGTTTACCATGTAGTGTGAAATACTGTCTCATCTGCGGGTGTAAGGCGAAAGGTCCAACCGCCCGTGGTGTTACGGAAAAGAGATTCCCCCCTCGCTAAAAGAAGGACTGTATTGCCATACAGCGTACGGGTCTGATTACCCTGCGTCGCCTATATCCCTCAAAAGGCAGGTGCCGCCAATATCCCTGGACATCCGTATGAAGAATACTTTTTCATAGAGGCAATTAATTTTTTTCTTGGTGCGCAAGGTAGTAGCCAACGTACACTGTAGTCCCAGAAATAGGTCGGTCGACCCCGAAATGGAAAGGTGCTAGACCGGCTCGGATTCTCGCGCAGCGATCCCCTGGTGCAAGGTTCGAAATCTTTAGTGCGAGTCTCGGGTTCGCGAAAAACCGTTTTATATCGCGTGCTCCCTCAAGAGCCAGTGTCCGCCCGAGGGTGGATCCAATATCAGAGAAGTAGTGATACAGTAGATTAATATGTGGATATTTGCCTTCACCACAGAGTGTTTCAAAGAACGCAACACGGGCAAGGATGCGATCGATCACGTGGAATTCATGGATTGTTGGGAAACATAGTATGTAATAGATTAACTAGTCGCTGAGATTGGAAATGCGTTAGGTTCGACTCCGGCCTGGAAAACCCTAATACTTAAGGCTGCATGTTTATGACCTATGTACGGACCTAGGAGGACGAGGAGCCATATCACTCCGAATTCAACTCTCAAGTTCTAGTCCCGTCGTAATCATGCTAGCTGAAACACTAACCAAAACGCACCAACGCAATTTATCTCCGAACCGACAGGTCTGAGCATTGCAGCCGCGATCCAACAGTTCAAGGAATGCTTGGACTTCTTTCTGAGAGATTCTGGTGGATGACTGAGGTCTATCTTCGGTCGCTGAATGGCAGTGATCGCCATCACCTCGGAGCCCAATAACAGCAGTCGTCGACGACCGGCACGTGAAGATCTTCCTTATGCCCGCAGGAAGAAGGGGGCTCACTCGGCGAACCAGAACGTACACGATGGCCTGTCGTCCGTCTTGTAAATTT,1283,48.87,Mus musculus
SEQ_596946,ATGGATGGTAGTGAAAGTGGCAGCCTCTGCCTCTATCTCCTGGTTCATCAGGTTATTACCGTCGTGTCGCTCTAAACTATTTCACAGCACATGTAGACGCGAGAGATACGCCGGGCGTGTCAATCCCTGAAGGTAGAGTCTCTATGACACGATCAAACCTCTGAGTATTAGCTGTCCTCAGCTACAACTCGGCAGTTTAGTTCGCTCCACTACATGCTTTACCAGAACACTGGTTAAATCAGGGGGAGAGACCGGTCCGAGGAAGCCGTTTTTCCATCAGGTGTACAGAGTACGTTCCGGGGCCGTATCTCACTGATAATAGGACGGACAATCGACTGGAGTGGATTTACTCAGGGCATCGTGATTTGGGAACCCAAACCCTCGGGGCACAGGGGTTAGATTCAAAAACACGAGAAGCGGACTACGGCCGCCCGAGTTGCGTAATGGCGACTACTACGGAGC,462,51.52,Escherichia coli
SEQ_148124,TAGTCCTGTAGCCGAAACGTTGTGACCCTGAGGCGTCACGATCTGCCCCACTTATGTGCTAGCCCTTGTACTAAACCTAGAGGCGCTCCCACCTATTCTTAGGTGGGGTGCAAGTTCACGGATGAGACGGTATCACGTTCTTCGGGGGGGCTTTTCGATAATACACACGAAGTCGCCTGCTCTTCCCGAGTCTGCGATTCACTTTCACTGTACTGTCCCGCATGGGTACGACGACGTTCGCTAGCGGGCACGTACGGACGCCGGCAGTGACCCCCTAGTCTCTCGAGATGCCGAACGTAGAGCTAGCTTGAGTCGCACTCGGCCGGCTTGCTGCAACCGGCGAGTGCCATTTGCTCTTGGATTAACGTTGCTAGCACTAGGTGAGGGATCTGTCCGGGTCTGTATAGAGATAAGGCGCAGATGGTGAGAGAATTAGAAGATTGCGCTGTTTTATAAATTTAAAATCGGTTGCGTGATACATGGACAGTCAGTGGGGAGGAAGTATAGATAGCTTCACCGCGACCCGGACGCGACAACGTCGTCGTTGGGGGCCAGCCTCCAAAGATACATCGATTGGCGATATTTCGCCACTCATGCCCTATTCTCACTCTTATCGCACTCCCCCGCTCGGTGGAACAGTGTTGAGCAATTCGGGCGCCCAACGCACGGATGTCTGGCAACCCACGAGGGTCTGTGAGGCTGCTCAGCCGGATAGTCTGAGACTTAGATCTGATCTGTAGTCTGCGCGCGGGCATTAACCGGCCAGTGTGCTTGCCCATTGTCACTTGCAAGAGTCCGGACGACATACGGGCTCGTGTTCCCATGTTCTAATTAGGGGGACCTCCTCGTTTTACCAAATTGCTGCTCCCGTTGGTCTGGACGAATTCATGCGCGCTTTGGAAGATTTGAAGCCCAATGCTTACATTTTACAACTACACACATAACCGTAACTTATGCTTTTGACTTGTGTAGGCTACTGGAATCGTAGGATGAACGGGAGGCGAGTACTTAGTTATTGGGAGGTTAGGATTTCCTGTGATCCCAGGAGCCCCGGGCGCTTTTTAGACGCTGGGATAGCGGCGGAAGGAACTTATATCCTGAGATGATGGCGACAATTAAGTATCGCACAGTTGCTCGGTAGGATACCATCTATGTTATTGGTGGAGGGCATGTCAATATAAGGTTTCCAGTCAAACAGGTAGCGATAGATGTCCTGTCGGTGACCCCAACGCTCCACACTCCCCTAAACTTCAAGTTGTCGCGGCGGCCCTATAGAATAACGGAGCACTCCTAACTGGTATGGAAGTATTCACCCCGTTTTTCATGCGTAGCAGTCGTGACAAAGCTATCCTCTATGTGACCTTCATTGAGCACTGGCCTGTGCCTATACGTCAAGCCAGAGTGCATTGGTCTAGAGAGCGATTCTGAGTATAGGCCTCGAACGACTACACTACATATCCAGTGTTGATGATGAAGAGTTAAAGAGTCAGATCATTCCGTTTAGCGTGGGAGTGGAGAATACGTGTGAAGAAATAGCCAGAGCCGGGCAGCGAACTTCTAGCAAATCGTGATGTAAGGTTGGTTTTCGAGGAGTGTTGCAGACTCGAGCGGTTAGTGGATTGATATTAGCCCGGTATTGAGCCACGTAGATTAGTCTGATTATGCTACAGCCACACGGGCACCAATTGGCATACCAATCTTTAGGAAGTTGAACAGTTGGCGCATAGACTGCTCAACAGTATAGAGCTTTAAGAGACTTCTAGACCATGGGTCAGTTTATAACGAACGTGCCGCACAACGATTGCTTTTCCTATATGTTCTCAGGGAGCACTACTCCT,1838,50.71,Homo sapiens
SEQ_671928,GCCTTAGAGCTAAAGACGAAGTCGCTAGTTTACTAGGCGTGTGTAACCTCGATCTAGTGCCGGAGTAGCCGCTCCTGGTTTATCATGATTCGATACGACCAATCCGTATAGTTCTAGCCCACTGCAGTCTAGGTCACATAAGCGCCCGTCGGCGGGTGTAGAATGTCTGTCCTGCGACGGAAGGGCGTACTATGTAATTGCTGCCCTTTCGCTGCGAACGGCGAGGTGTCCCCGAAATGGATACCGTTCTCAGATGGGCGAGTCATCTGGACACAGTCTGTCTGAGCACCGCGGATACTACCAATAGTATTGGGAGTAGCAAACTGCTGAGAACCTTAAGGATCAAGAC,349,52.15,Caenorhabditis elegans
SEQ_997410,GACTAGCGGCAAGGAGGACAATTATAACTCATATAGTCGGGACGATCTGAATTCACACACATATGGCATAAGATCCACTAAACAGCGCCATCTAACACAGTTAGCTGATCACAACAGCCTGGCCTGTCCCCGGTAGCCATCGCGAATAACCGCCCTTGTGGTGACCACCAGCTCATTGAAGTTCGACAGGGAGAAGGCTCCACGTTCTCGGGTTGGAGTTGACAGTAACCGCTTGTGGCACGACCCAGGGCTGCCTGGTACTGTCAACTTTCATCATTAGCGCCGGAAGAGAATTATATTATTCCTCACTCTGGCGACTCCGCCGGGTGCTGATCGTCAGAAGTTCTGTGGAGCGACGTCAGTAAGATGGTACAACCCAGCTATTTCATTCAGAGGGGTCCTGCGTTAACCACCTTCGGGCGGCCATTGCTGACTCTCAGTTGCGAAAGGTAGCAACGGACACCCATACGGAACGTTGCCTGGTGTAAGAGCCTCCACCTCAGAGGCAGACCTGGTCTGAGTCTCGTAAAAACGACTAGCATTCGGTATCCGCCTCCACACCGCTATGGTCGTTGTTTGGGGTGGCCTTGTCCCCAACATCTTTGCTTATTATCCTGTGACATCCAGCTGGTACCTATCCAGCTCGTCGCAATGGTATCGTAGCCCCGACAGAAGAACATTTCGTCGCGTATGGATCCAGTTGGGGAACGCTTCACATGAGCATCAATGGTGCCCTCCCAGTATGGTCGTGTCTTATCTTTGCTCCCTCCGGCGACTTCCATAAAAATGCGTCACATGTAAGGAAATATTAGAAGGCGACGGAAGCCGACAGCGGCAATTCCCAGCAGGCATCCCCCCTTAGGTGTGCCGCATTCGTGGCAGGTGTCCAGGGCTGAGCACCCCAGATGTTCAATCCGGGGATACCACCTGAGAATAAG,938,52.99,Saccharomyces cerevisiae
SEQ_962370,CATAGCATACAAATCGCACTGTACGATTCATCAGCCTGCATCAGCTTTCGGCATGAGATCCCAATAGTCCTCCGTGTTAGTGATGAGCGGACTCGCGGCTCTTCTCAGGAAAGTGGTGCGCCTGATCTCCCATTGATTGGCACGATTAGTGTTAGAACAAGCTTACTTGAGCGAAGAGTGGAGGAAAGCCAGCCCCATGCGTTGTCCCTAGCCAATTGTAGAACGCCGTTCACTCGAGTCACCAGACTATGTGACTGAGTCTACCTTGGCGTAGGGCCAGCCTTTTGCAGCCCCGCGTAGTAGCATCGAAAAAAGACGGAATATATCGTTTGAGTGTACAAACAGCTAGACCATTCGTGGGCACATGCGTATGCATCCTGAGCCGCTAATATCTGATTGTCGTGCGAATACTGGGCGCGTGACGCCCCCATGGAAGCGGGTTCGTGGTGAACCAAAAATCATCTTTCCGACTGTACTTTTGTGTCCCATAACTAGGTGTGTCTGATTGGTGCTAAAACCGGTGATGTCCTTGACAGATGAATTGTCGAGTTCACTTTGCGTTGGAACTGTTCGTGCGTTGTCGCCGGGAGAGAGGTAGGGCTTCTTTCACGTGCGTATATCCTGGTGTTACATATTACAATGAACTCCTAGCCGGACAGTTGATTAAGTGACGGCAACAGATCTTTTCTGTAGTCCCGACTTTAACAATTACTGTGGCGCAGCTGTAATGATTCGCGGTCATTAGTCTTACTTGTTTTAAAATCGGGACCTCGTGGCTTATCAAACAAATGAAAGCTACAAGAGGGATGGCATCCCCCTCTCGTAGGTCCGGTCACCCTCCTCTAGGGTACCATTGCTTTTGAGTCTCCACAACCGCACTATCACGAACTATATCCCATTCCATGCTATAACCCCGGCCTGGGACTGGAGATGCAATAATCGGTCCACTACTCCGAGCAATGCGCTTTAATCCAGGCTGTTGGCTTGAATTCTACCTTGTTTCCTCGTAGACATCCTTATTCCCGGCAAGACCGATAATCGGTTGCGTTATAGTAGTTTCCATCCGTGAATCACGAGAAAGGTCAAGCCAAGTTGGAAGTTGCGGCCTCATCGCTGCGGCCCCTGAATCACGCGACCGCTTTGCTCAACTGTAACATATAGCATGCTAAGGAAAGGGTGGGACCTTTCTGGACACTTGCCATTGAGGTCAGGTCACCTTCGGGACATTTCCAAGGCATCCTGTCTAACCAATCTCACCAGTAACGTATCGCGCAGAGAATCACTAAACTCAGATGAATGTGAGATGTTGTTTGGGGATCGCCT,1323,49.28,Caenorhabditis elegans
SEQ_581010,CTCCACTTACGAGATCTGCTTATAAACGTCCCGGCGCGGTTTATTAGACAAGTTCTAGTCGCCGACGCTCGAGCTGTACACTCGTTGCGGGGCACACTGCTGACCTCTCAAATGATCACCATGCAGGGACTGGCCAAACAAAAAGGCTAAAATGAAAATTATGCTGTTTTTCTCCCTCTGAGCGGCCGGCGCCAGGGCTAGCTTTTCACCCCGACCCGATGGGGCCTGCCGTTACCGAACGGAGTATGAGAACAGTAGTGTTGAGCGTCTTGCTCGACCCCCTTGTAAACCTCAGGCCGTCCAATTAGCTCGGTTCCAATTACCGTCCCTGAGGAGGTCTTTCATTTTCTTCCTCTTTTGGCAGACGTCTAAGATGATCGAGAGTATGGTTCCGCTGGATGTCATTACTTCCTACAGTACTACTTTGAAGGCGACTGTCATTCATATTAAGGAAGGATAAGAAGATTTCTATTCTGGGCGTCGCATGCGCTCTTGCGGACAACTTAGGATGTATGTGGTTGGCGTAGGAAACGTATACAATCAGAAGAGTTTCCCGCACTTAACTTTGGAATGGTATAGTATGCCATAGGTCAAACAGTATTTTTGCGGACTACAACGGGTTGGTTTTGTCTCTATGTCATTGTTCAAGTAAGCGAAGGTATATCTGAGATGAAGTAAGGACCCTGTTGATAGCCCGGGCCTTGACAAATTTAACTCAGAAACTGCCGGCCCGAAATCCTCCGTTATTAGACCCACGTTAATGCACGCGAAAATCAGGAGCCGTGCCAACCCCAAGATCGAGTACGCCGAAGCAGTGGCGTGATATTGCGCCCTTGGATCAGGGGAGAGACTGCCGGCAACTTAAAATCGTTACCCTCTGATTAGGTTTCCCGGTACTGGAAGTCACGATAAGTCAACCCCAGGTGAATGATAGGGCTTGGGGGAAACCTTAGGATGTTATTGGAAAGATCCTTTGGGTAGTAAACGTGCGGGTCTAATGTCAGCTGATTAAACGTGTTTTCGCGTATGTTCCTGACCTTAGAGACTCGGAGGATAGCCACCATTCCCGCTACTAATAAGATCCGGGACCTCTTAGTAGACTCATACAATGTTGTGAGCTAAGCCAAGCGCTCCGTCTTACCTTGGAGAAGTGATTCAGAATGCCCTAACTCCCGTGCAGGGTTGGGGGTAGGGGCAAAGAACCAACCGCTGTTGGAACAGGCCGGGCGCGAGATGTTACGCCTCACTAGGTCGCTGTAATCCTGTAGCGGCGACTCGTTGCGTGTGCCACCTATGAGGGTGGGCCTTCCCTGTGATCGACCTGCTTTCCATAAGATTCGCCATAATCTTTTAAACGTCGAGTCCTAAAGTTGCGAGCGGGTTCGTTACACTGAGCACGATCCGTATCATGGGGCGATATCTAATATTCGCCCCCTCAGACGAGATGTCTGACTGGAAATGTGTTACCTACGGCGAAGCAAGCGTAATACT,1491,49.7,Drosophila melanogaster
SEQ_443552,CGTATCACCCGTCGCGGAAGATAGACTTGCTGGGGTCTAGATGCGCGGAAGTCGGTACATTATGTTGTCTACCGTAGTGGTAGGGGTATTGGCCACCCCGCGTAAGTCTGACCTTACGCGATAACTGCGCCCGCAACCTTATGCTAATGGGATTCTCGTCCCTGCCAGGTACCTCCGCCTGAATGGTGACATCGGTGAGCTGACGTCTTACGGTAGTATGTAGTGATCCATCGAAGATTCCGAATCCATCCTAGTAGAGGGATCTCACTGTCTTGAACCAGCTTTAGAACACGCGTCGACAGTCCGCCCAGTCCGAAACTGCCACTTCACAAAACGGGCGCGGGAAACAACAGGTCGAGAGATAGATAAAAGCGTTTCACTCCATATTGGCTTGAGGTGATCAGCTTCGACGATTCCCGTTTGTTTGGGTCTCGGGACAGTGGAGGCGAAAAATAGACAGTGAAGTTATTGTGGCTCATTTCTGCAAAAAATCTTGAATTTGCCGGAGCCG,511,51.27,Drosophila melanogaster
SEQ_583295,TTGACTTAAGACCGTGTCAAGTATTCGTTGTAGCAGTACTGGGGGCAAACAAAATAATTCGACTTAACCTATTGGGTGGGCGGACCTCGGCGTGAAAGTAGGTCTCGTTCCATGCATTGCGTGCGGCATCTTGACACGCGAGTAATGGTACCTTTGCGGGATTCATTTCGGGATATTACTGATGTCCCTCAGGACGCGAATCACTATCGGGACTTGCAAGTAGGCCTCTGGTCTGAATCAGGGAGCTAGCACCTAAAGCTATCACCGTAGAGAGCGCCGGGGACACATATGATACCAGACCATTGTGTTGGCAAAAAAGTTGCACGATAGAGCTTGCGCGGGTTGATTCCCTTTTAGACTTGAGGAACACTAGCTGAGCGCCGGCAGACAGGACTAGGGATTAAATAATTCTTCTCTCGTGGGAATTCCTATTGAAGAATCAACCAGGTACACGTCAGTATCCCAGTGCCAGCCATGTGAAAGATACGACGCTTGAGGTCACAAGAGGCCCTTCCAGGGCTTATACTCATCTGATGCCTTGACAGACGATAGCTCTATCACCGGCTCTACTCAGTTTGCATCAAACGATGACTCTTTGCTATAGTTCAGGTTAGTACACTTTGTACGCGATCGATCCTCTCGGGCGATCCTTTAGATTTAGTAATTTCCTAGCAAGCTCAAGCCACGTCGTGTCAGATAGCCAGGATAAAATACACCCATGGCGTGATGTTAGGGATGTCTGCTAGTCTGCACATTATCAACATTAAATACAGAGGTGGTTTTCGTCAATGTCAAAGAACAGTATATTTTGCGCGAGAATACTTTATTAAACCCGTGTTGATTGGATCAATTCCATGGGATCCCGATGCGACTATATCGATCCACATGACTGCGTGCCTATGGCTTGTGGTTTGAATCTCAGGATGGGTTCAAATCCACGCGGAAATTCCTAAGCTTAGATTCGCACCTGGACCTTGAAGTGGCGCCCCCGGCTTACTCTTTAATGACAGGGGTCAGCCTGCCGAGGCCGCGCCCTGTTCGGCTTGCCTCGGTTTCTGTCCTCAACTGTTGTGCTGTCTTATTATCGAGGACCAAGGGCATATGTAACGCATTATCTGTAGAACAGAAGCGAAAGAATTTTTTTCAGATTCATCATCTCTAGGATCTGCCAGGACTTTTGAGCTGAATGAGCGCTGCTTACCTGACTTGGGGTTACTTGGGGCAGCGCAGTTACTTTACTTGCTTGTTTGCATTATATATCCCAGATAAGGCTATACCTGCACTAAGCGGTCACAGGAAACGCGTCGAACTTACAAATGTGCGGTCTTCAGACATATTGGGGAAATATACGGATCCGGGATACTGGAGGCACATAGACTCGCGTAACAGTGAACGCGAGACCGAA,1405,47.69,Caenorhabditis elegans
SEQ_991679,AGCTAACGCGGGGAAGATTACATGTATTCAATAGTGTTGATCACTATAGTCCCGCCGTCAGCGTAGCAGAGCACGACTCCGTCCCATAAAGGATATGAGGCGGTACTTTAGATGCTCATTTTACCGGCCACACATATATTTACGTATGAGCAGAATCATGTAGGGCCTTGGCTAAGCTTTCAGAGCGTCTTCCGCTTTGACCTCGACCGGGCATCCAGCTTATCGATACTAATTGTGAGACCAATTACTTTGTTCATAGGAAGTTACTATGGGTCACGCGACCTGTGTAATTACCCGTTGGGACGCGTCGATACCGAGGTCTCATCAGAGTTATATTATAAGGTAGGCCCTGATAGTCAGTATTCACGGCCCCGGTCATGCTCGCTTAATATACAGGTAAAGGCAACTCCTCCTCGCCCCGTTTTTTCTCCCTGACGGGTCCAGTGATGGCCGTAAGATAATGCTGTCAACACCTCTAAATTAACGACATTTCACAAAAACTATCAGAGCTGTAGAGCAGGCCCCCCCCCGCCTGCTCGACCGATTTGTTTATAACAACTTTAGATATCCGAGACTGAGGCTCCCCAATAATTCTTTACGGGGTTGCACACATGTAGGCACCATCGGTCATATGTCATGTCCATGCTTCCGAACGACATATCTCAAAATCACATAATTTAATACTGCTGCGTATGTATGCTACCTTTTGGTTACGCAACGGATTCCACTCCTTAAATGTGAAACGACTACTGTGCCCCCCATGTATATATACGTGCGGACGTGTGTCATTGTGTCCGATCACTCACGCTTATTGCTTGCAGGGATATTATTGTGAGTCAGTACTACCTTGCCGGCAATAGCGCGTCTGCGTTCGAGGATATACCGCCGCACTCATACAACCATTTAGGTTAGCCACTTGTGTCAGCGAGATCGAAATACATGAGGAGTGTGCGTAAAAACGACTCTTGTGACATACCCTAATTTGGTTGTTTGTATACGGGGTCCCCTCGCCCTGGTAAAATTCGCGCCCGCTCTCATCTTGTTCCGAATACTATACGGAGCCTAAAAAACACGGGCATTGCGGAAATGATAGTGAAGCCGAGGAGCCTTCAAGCGTTTCGTATCCAGACGTCGACAGCGAGCTCCCGCCAATGATGCTATTAACACGGAATATACTGACATTATTCGCATGTGGACCCAGCATCGATAGGAACTTCACCCCGCCTCAGAGATTCGCTATGGCACCTAGTGATATGAGTAGGGGTCATTGTGGCCGTCCATCTGAAGAACTTACATTTCTGCCGTGTGCAGATTAGCGGTTGTTTGTCTTGCGATCTATGGAGACTCGATCTGAATATGGAGCGCGC,1367,47.77,Escherichia coli
SEQ_787929,CCGACCGTTGAGCCTGTGTGGGAATTCCGAGGTCCTCCATTCTCCCGACACCGATTGCGTCTGGTCATCAGTTGAACAAGCTGCTGACTCCTCTCTGATCTGATCATGATATTGATCTGAGGAGGAAGAGTGTTGCGTAGATAGAGCCACGCTCACCGAGCTGATTTCAAGGAAGACTACTAACAAACCTTTATGCGTAATCGACTCATACCGACGCGACCGAGTTATAAAAGATAAGTCTTTGAGCTGAACCACGTCTCTCGTTGTGCTACGAAGGCGCCCCTGACTAGTAGGAAGAGAGGCCATTCTCAATCAACCAACTTATATCACGGGAGGGTACTTCCGGGAAGGCCTAAGCCGATGGCACCGCGTTAATGACACCACTTAGCTCACTTACATGCAGGTGTATTTTAAAACAAGACTCATAAGACTTGGACGGTTCAAAACAAATCAAATTGCTGCCCAAATCTTGAAGTGTG,479,47.81,Saccharomyces cerevisiae
SEQ_126265,CTCTTCGCCATGCCGCCTGCCAGGGCACATGCCCATTAGGGTACCAATCCGCGCTGTGGACTACTTTAGATTGTAGTAAATCCATGGAGAGTGACACAAACCTCACTCAAAACAGCAATGAACAGAAACTACCGACGGTACTCCGCGAACCACCTGGCGTACTTATTCGAGGACAACCAGAAAAGATAAAGTACCTTAAAACTAAACTACAGTCGGGGTAGAAGGACGAAATGCACATGGTACGTAACGACCTCTACCAGTAAATTCCCGGCGGCAGACGAAATTTATATTCTACCAACTACTTTTAGTATACCAGTGTAACTTGGTCTAGGAGCTCGCACCATAAATCTGTTGGCATGACCCAGTCCATATCTTTCCTGTTCGCAAACCCAGCTACGTAAATCCGGAATTATGCCTGAGAGCCGGCCATGTATTTGGAGCCTATAATCACTTATGAGCGAAACTCCCCGCGCGCAGCTCTTGTCTTGCAGATTTCCTCCATCGGGTACTTTCGAGTCCCGCCCACGCCACACTGTCATCGGAGGAGCCCCCCCAACCGATTGCTGTAATTCCAGAGAACCAACGTTAGCAGCACCATAAGTGCCTCAACCGCACGACCCATTTCCCAAGACGACGTGTATTCGTTTCAGCCCCCCTCTGTAGCGTCAACGTCTTGCTGGATGGGCGATCGGGCAGGATAACGATAGTCCACCGGATCTTATCATGCCTGGTGAGGTTCGCAAAGCTGCTCGGTGTGATATGATTGACTTGCACCAGGTAAATTAGCGATAATTGGCCCTATTAATTCTGCAACTACACAGAAAAAATTAGGGCATGCTTTACACTACCTATGTATTGCAGCGTAACTGAGCAAACACCTGAGAAATGAGGGGTTCTTCGAAAGGCCAACTAGGGCATGTCCCAATGTGATTTGGCCCATCACATTATATTTGAACTAAGCTACTTTTCGAGGACGCGTTTCACCCAGCGCAGGACGATGAAAGGACCAAGTGGGGTGTGAATGGCCGGTAGCTTAACTCCCGGGCTAAAGGAGTAAACGTGCCACCTTAGCCGTAATTTCTAGCACGA,1089,49.04,Drosophila melanogaster
SEQ_488823,ATGCCCCCAAGCCGTCTCTAACTTATCTGAAGCTTTCAAGCAAACCTACGTGACTCCTAGGTGTGGCGCTCCTCAGTCCTGCCCAAATCCCTGTAGCTATCCATACGCAGGTATTTCTGTCAATTATGTATAGTGACGACACCCGGGTAGCAGCATCGAGTACATCACGCCTCCTGCAACTCGAACCCGGTTCCTATGAGACGTAGTGCTGAGTATTATTA,221,49.77,Homo sapiens
SEQ_443415,GATGGCTCGCTCAAAAATAAATAAGAAGAGACCACATAGGCTCCGGACCATATCTGCCCGTAATTGACGACATCCGCCAGCGACGAAACTCGCTAAGCGCGAGTGCCCGCGGGCTTGGGAAGCGACAATCCAAGACATATCGGCACTTAGCCACGGGTCTGTTGGAGGGTCACGGGCAATTAGCCCCGCGCCTAAATCTGAGGCAGTCGTTACGAATCAGATATAATCTCGGTAATCCATACCGCACCCCTCGCCATGCAACCGATCAACGTTAGCTCGGATACATGAGTTCCTGGTGCGTTATCGTATTCAATAGTCATGAACGCTTAATGAACGACTCCACGTCACGGTTCCCAATATATGCCCCATATGCCCCGGATGCAAGAGGGAGCGAATGTGACTGATGTGTGTGACTACAGCCCGGTAGTAAGCACATATATTCAAAAAGGTCGCAGGGTCTGTAGTTTTGCACGCCTCCGAATGGTATTCGGGTTAACTGATATTAGTGCCCTTAATATGCTTCTGTTATGCACGTCGTCTCTGGACGCCAGTGCGTTAATAGGCGGTTAACATAGCCGTTGGTCGGTAATGGTCGGTTTCGTCACGGCGGGCGCGGATCCTTGTATTCCATGGCCATGATGGACCGTTAATGGATAGTCCTATATCTCGAAGGGGGTTTATCTCAGCAAACCTTCCGCTGTCTGTCGGGGTGACTCTTATGTTCAAGGGGGGGAAAGGATGCCATAGATTCGTTCTTAGCATTGCAGGGACCTCACATTTATGTAGTAACCAATCGTGTCTATACAGTTTGGCACACCAAACCATTGAACTATCACCAATGACTGAGACTTGGCAATCGAGACTTGTCCCGAAAGCTGCTGGCTTACGGTTTTCATATAACAACACTGAAAGGTGCTACCTTCTCACCGGTATGCGAGGAGTGTAAGGAAGACATGATGGTCTTAAATAAGTTCACGGTTGTATTCCTTCTCTGGCAGTCCCCATTATCCTATCCCCGCATCGCTCGTCTACCTCGAGCTGCCTTCCCTGTGGGTTACGAAGTACCTAGCCGTCGGAAGGAATACGTATATGGAGGATTCAACACGTACTTATAGTGATGGCCTAGTGTCTTAACCTGTAAGGCTTTATTCTTCCTCCGTAAAC,1164,49.23,Caenorhabditis elegans
SEQ_632679,TGTGAGATGCGAGGGGAATAGCGAATTCCACTCTTCGAGTTGACTTCCAGGGGAAGCTGAGCCGAGGACACTCTTCAGTGACTGATAGACTAATGGGTTGACGTTGGCCTCATTTTAATGGGCGCCATTCCCATTAGGTTTGCGTGAAATATTTGCCCCAATAGGCGCAAGCGGAATACGTGCTCAGGGTATCCCAGGTAGCATAATGCAGTGATTATGGCGCTGTGACATAATATATCACATACACGACCTCGGCACAGTTGGATCATTAGACAGTGAAGACCCATAGGCCTCCATACAAACCTCGCATATTGTACTCAACGTACTGCGGGGATTGCAAACGTCTGTAATGACCAGTATTTCCTCCCTTTACGTAATGGCGTATGATCCGACCGGTGATAACCTGGCAGTGGATTACTACCCTCTAGAGGACGCCCTACGTGGTATGCCGGCATTCGTGACGGAAGTGTATCTTCTTCCACACGCTCGTCCCCTGGATGTGTTTGAGTTCGCCGCGAATGCGCACATGCACGTTCGGTCTCACCCCTGATGGCAGTTGCCACGGCGGCCCCTGGTTGGTAGTGAGCAACTTCCGACAAAATAGTTTCAAGCTATATGACCTGTAATAGCAGAGCCCAGGGTGACTTACGTGGTCTCTCCGTGCACGATAACTTACGATGCATGAAGTGTAATGTAAAATGGTGTAATGTTGTCCCGCGAACTCAATCTGACTACTTCACACTGGTCCTCGAACTTGCTGTTTAGGCCGGCACCTCGACAGAATCGTAAGTATGTGTCGCAACCACCGGGTAGTCATTGCCAGCCGGATTTTGGCATGGAATATAACTTATGCCACTCAGGCGTTCGTGAGTCCGGTTGATGGGTCATGTTTCGAGCAATCTTTAAGCCTGTGATAGGGCGTCCCTTTGTGGAGCGGAGGTAACCTCGAGTGTCTTCTACCATCAATTCTGCCCGCGCGATCGCGGATAGCGTACTTATCGCGGAATAGTATCAGACGCATTTTTGATTGATCTATCCGAAAGATCGCCTGACGACATATAGTTTCAGACGTGTGCAGAGATATCACGATCTCAGCGCCCATAGTAGGATCGTCCCGTGAGGTTTACACGTATTATCGGCGACATTCGAAGTCTGACAGGGGTACCCGCGCATTTACCGTGCGGCGCGTCTAGTCGGGTGAAATTGCGCGACGAAGGTGCAGGTAGTGTGATCACGAACTGTACGAGGCGGGATCTGTGAGATGCGGCTATGAGGTTACACCTGCTTTATGTCGTATTGATTAGCTGCAGACAAACCTCTATCTTAGCGCCGATGGAGGCATACACGCAATACGTTAGCCTGGGCGTTACGTTGCCAAGGAATTATACCGTGTCA,1395,50.47,Mus musculus
SEQ_895426,TCGTCCGTAACATTGCCCCGGCGAGGAGGTCGGAGATTGCTGCGGCCCAACTTGCCCCTACGCTGTTCATAGGGACTGGGACCCGTAATCGTAATTGCGGAGTATAGGACATTTCCTGCTCCGAATGCGCGGACATACCCTCTATCTTACGTTGTACTAGGCGGCCCTTTGAGCTAGGGTCGAACACTCAGCGTATCCTTGGTTATGTTTCTTATCATTCATGTTCATTCGGGTATATATCGTCCACGCTCATCCAATGGACAGTAACCGCGAGCATAGTGCTCCGGGTTATGCATGTCCGTTGGCAACCGTCATCCAGGGTATAGTTTAGATCCCAATGTATGTCCCGCAATACCGCCTACGAGCCTTTGATGCCCCCAATTACATTACGCCCGCGCGTCGTTTTGGGGTCCCGAGGGCCCCATGGTCGATCAGCGCCTTTACTAGGCTAGGAAGCTAATCTACCGGGCACTGATTGGGCGACGGCTAGCATCGGGATGGGGTGTGGTCCCTACATCTGTAAAGTTCAACTAGCTCGGATCCAGGAAGGGACCGCTCCACAAAAAACGTCCGAGTCTTATTATTCTTGGAGGCATTACAATCGCCGGGAAACATAACTTAGCATGGTAGAGCTAGCCCATTTCTGACTGCAACGGAGGCCATTTCTTGAGGGCCACATGAGGATCGCAAACATGAGTTGCGCGTTATTACGGCTGAGGTTGACGACAATAAACCTCACGTCAAGTGAGCGCAGCAATGAGGTAGTCGACGCCTGTCTCCCCTAGGACTTACTATAACGAGGCAAGGATCTTTCGGCGGGACGCAGTATTCTAGCACGCGGTGGACTTTAGCGTAAGTTAGTGCCCGTAAGATAGCAGGGGACAACTAAGCCTCCTGATTGATGAAAGTCTGCAGGTTGTTAATGATATCTTTGGCTATTTAACATGCGCTCACCCCATTAATAACTTTAGGAGTGTATGATAGAAGTTATAAAACGCCGGATCTCGATGGTTTTGAATAAGTTCCAGCATTTGAGAAGGGTGGCTGAACTTCGGGAGTAGTGCTCGCCGTAAAGATAGGTGCATAGCAGATCAGACTAGGGGGCAAATATCGGGGGTCTGTAGCAGATCATGAGAAAGACTGATCCGTGTTCGAATATGGTGAGTTCTACCAAGTAACTAGCTAATATCTGTTAGCTGGCGTTGGGCAGTAAAACGGCAGGTAAACTGTTGCCAGTGCACTTTATCATCTTGCGGAAGCGGCGTTAGTCCTTGGACACACGTAGATTGAGTCTTCCAACTTGACGCACTATAGATCGGCTTGCGCATGGGGGATGCCGGACCTTGATGCACGTAGTCGACCTGAGTGGCATCTCGACTATCTATGACGACAAAGTATTGTGCCGAAACGGCGGATTCCGTGTACGGCCAGTACAGCTCTCGTGAACGAATATTACTTCGACGACTCCAAAATTGGCGGACTCTCGGCCCACGTGATTTCTTGAGAGTGGTAATTTCACCGGAGGCGACGATCGCATTCGCTTTCAGCGAATCAACTCGCGCTGAATTAATACGTCGGAACGACACTCGATCTCTAGATACCACATCTTCTCGCAGCTCACTACTGCGAGTGCCAGAGTATGTATATGGATGGTATGGCGTCGTAGCGTAGCTATCAGGTGATTGGTATTTAACGAGTGCCGCATTGTGCAGTCAGCGCCCACCTAGTACCCATCGTTTATTCGCC,1746,50.4,Homo sapiens
SEQ_119111,TAGCCGTGACCAAGACGCTAGTCCTCAGCTCGTCCGCATTCGCTTGGTTATGAGAGCCCATAATGATCATGGTATATTCACGCGCAGGATGCCCCGGTAACCAGGCGAGGCGAACGAGGGATGCCTCTTCGATAGTTAGAACTCATCAGAGCACATGTGGAGCTTAAGCAGTACGCTTAGGACCCAAGAGCTGCCGCCGTGGTTTTGGGAAATCTTCTGCTACTTTTCGAGCTCTCTCTGTGCCGGCAGGATCAAATCACTGCAACCCTCACTAATTGTGCCTGGCAAGTGTGTGTAGGTGTATCTTGAGTGGGATCAGTATCACCCCCAAGTCCGAGTTCCTTAGCAGAACAATACTTCGGTTGGATAACGCCGACTCCAGCGACTTACCTTTTGTGCCTACCAGAAACAGACCAGAGTGTATTGGATACATTTACGTTTTCAGATGAGTCGATAGGGGGTCGCTTGATATCCTAGTCCGTGGTATGTTCTCCGACGTAACCGGTGCTTGTAAGTTCCGGAGAGGAGGGAGGTTGGAACATCGCCGTGTCAGTTAAAGAAATCGTGCCCCGTAGAGGGTTGACGCCCGCTTTCCATTGGGTGTGCCTTTCCGTACATAGTTTATCTGAGGCGGGGAGAGCCGCATTCCAATAGTGATCTCGTCTTAGTTCATTTAAGTGGTCGTTAGTAGTGTGCGGTCCCGAGGTTAACGAAGCGCGACCAGGCCCCGATGTTAGCTTTATGGCTATGCGAGTTAGGTTATAGTTTCATACGCTTTTGGTCATGTCAAAGAGATTTCCCAGCAACTTCTCCGTGTCAGTTCGCTGGAGGGTAATTCGTATACCTGCCATCGTTTAGACAGGTGGTTTGCATATAGCATTTGGTGTCATGTTTTACAATCTTCCTTCAGAACTTCACGATTCTGTCTTTTCATGACGTCTATCCCGCCGCGATCTGCGGTGCTTATGCACTTTGTATTTTGCGCGATGTTAATTCCATCATCTCTCCAGGAAGACTTCTAACAGACCCATTTCACTTTTGGGAACTTTTCTAGATTGATATGACTTAGTCCTACGTCGCCAAAGTATGCTGGAAGGAGCAAGTAACGGCGGACCGCGCTGCCAAGGCGGTGATATATGGGCATGCCGCCGGTATGTTTCAGGGAACCCACCGCTGGGATTTTAAAGCCGTTGCCTACACTGACGGGTGGTCCGCGTTTTAATTTCTAGCGTAACAGTGGCCTCATTTGGTTTCGTTCCGATGCTCTAGAAATCGGCGGCCGGTCGGGCATAAGGTCATTCTTCTGATTTAAGGCAGAGACTGCGTTTGAGACGATCCACCGCTGAGAACCGCGGATTGTACTGTTTCCACGATTGATTGGGTAAGGAGCTCTCTCTGTCCATGCACGCTTTAGTCGTCTCCCGCCATGGACGTCTCGACTTTTCGGGCCAGTAACCTCGTCCAGTCCGTAAAAATTCGACTAAGAACATGGCTCAAGTTCGGATGCACCTCAACCCCGGCCACACCCATACATCGCGGAGCGAGGCCTAAGCAGGCGAGGAGGGTCAGGAGCGGGTCGGGAACGGGTCAGCTAAGCGATACCCTCCGCCGCTTGGGCATGGGTACTGTCGTCACTCAGGCAAGGCCCCGGAACGTAACGGCCTCTAATTCTAAATCCCGGGGACGGTGCCCCTCACGGTGCATATCCTGGCCTCTGGTTGGAGAT,1726,51.62,Caenorhabditis elegans
SEQ_256472,CCTTCCCACCCTTTGACTGTCTGCAACGTGTGTTAAAGGGTGCTCATGTTACTCATTCTACGTGTTGGGTGAGCTGCGATAAGTGTAATGACGGGAACACTCAGACGCGTATATTGAGGTAATCCTAGTAGCCGACGGGAGCGCGATCGATTTGCTACACTTGATGCTTGCTGAGGCA,178,50.0,Escherichia coli
SEQ_193708,CCAGATCAGGCAGAGCCTCCTGGACGAGGACTTGTTTGTAGAGGCTTGGATAAAGCCGGTAATCAACAAAGCTCTTCAAATTCTAGTTCAAAACTCGTATATTATTATGTGGATTATGTCAAGTAGATAGTGAGTATTGGCTGTCGCCATGCTTCATACTACGGTTATGGGGAGCGCCACCATTGTGTTAAACATCGCCCGTATAGCCAGGTTCTCAGGCGGAATGTGAGGCATATCCTGGAGTTTAGCGTCTACGATGTCTGTAAATGCCCAGATCATCGATTATTGTTCCATGGCAACTCAGATCCGTCAATTTACGCGAGTAAAATTCCCCCTGGAATTAGTGTCTATCAAAACGCGGCTGAAAACTCTAGCAATCTACATCAGAGCGCGGTGCACTCACAATAACGTACGCGCCCTGATTACATGGTATGAAGGGTTATGCAGCGATGGAT,455,45.71,Mus musculus
SEQ_800596,CTCATCGTTGTGGCAATCCATTCAACCTACATCGTAAGTAGTTAATCCTCACTAACCATCAAGCCTCTTCCGAGCAATTCGTCGCGGCTGATGGTTGACTAGAGACCAACACAAAACCCCATTAGTCTCTCTGGGGACCTAGGCGCACTGCTATCAGCTTCAATATCGCTAGACGGGAAATGTAACCTGTTGGTCCAAACTTGGGGGGTTCTTTCATGTCGTAATAACACACGGAATCAGGAAAACAGCGAAATTCGCCACTCTTCCGAAAAGGCAACTGCCCGCCCGACTCCACGCTTCTGATGGACATCATGTAATCCTTGAGGGTAAGTAAGTGGCATTCATCCGAATCAACCGAGCAAGCCGAGGCGAGTTAATCATCGTCCAGCCACGTAAATGCGGAGGTAACTATACCGACCTTTACGCACAGATGCTTGGGGCGTACCTCTAAGCCGGAAAACGTTCCCCTGCGGCTGAGAGAGTGCTTATGAAGAGGTCCTGCAGCGCAAGGCACTCCTCGATCGATGCCTATTCATTTGTCGGGGTCACCGCTATTGTCGGCTGTTTGAACAGTCTCGGCCTAGGAGTTACCGTGGATTTGGTTCCGTC,609,50.9,Homo sapiens
SEQ_909122,AGTCGCTCTGTCCATCAGCACAATGAAGAAGAGCACACGCAATACGGCCCGAAGAGCTGCTGTTCCGTGAACAACAGTCGCTGTGGTCATTGAGCATATTACCTACCCAGTAGGACGCGTTCGGTGCACCAGTATTCATCACCACTCGGGACGAAATTATCGGCCCGCACGAGGGATCATATTGATGCCCCACATAACCATCACCTAAGAACGACTTTATAACTAGCCAAGCGTGCCGCTGTACAAAACCCCTCAGCCTATTTTTGCAGTGGAATTGATTTAGGGGCCGGTTGTGTAGGCGTGCGACTGATACGATGCGGTGGCCCTTGGATCCTGCGGTGATGAACCTAAATCATCCTCCGGATAACAGACGCCAAGATTAAGTTACAGAGACCTGTTTATTCACTCTCAGCGAAATCGCAGAAACTCGGTATTCAACGGCATCTTTGCCAACCAGTCCTGCGTGACGACTATAGTAAACCGGCGAGTCTGAGTGCGTTGGTCAGGGAGCGCTACGACGCCTGTATGCTGAAAAATAGCGCTTTACCATAATTTTTGAATCTTGAATAACCGACATCATGATTGCTGAGGGAAGGATTGAACTAATCGTTCGTTGACACTAAATGCCTTTAATAGACAAGTCTGTTTCCAGCTTGCTTGTAATGATCGAGTTCGACTTCTCCAAGGGTGGGATGTACCGGTGTATCTCCACTAAAAAGTGCGAAGAGGGAATGTTAACTGCCGGGGCTAGGGGCATACAAGAACGCGAGCAAAAGCAGTGAGAATTTTAAGTCCCGCATACAAACTACGAGTTAGGTAACCATGCGAATGTGATCAGTGCTCTTCGATTGCAACGACTGTGGGTACTTTCAACGTCTTACTATGAACGTCACGGTGCCAGTGGATCGCGAGTCGATCGGATGGGTGACGCCAAGAGAGATTTCCCGGAGTTGGCACTCTGTCGTGCACACCTACGTTACAATGCTTGCCAGATCTCCCAGACGCTTTCCCGCATAACAGATAAATGTAAGTTTAGGGATGTACTAAGCGATGCGGTACAATTATCTTAAATTGGGACATGAGTTGCGTACAAGCCTTCATTAACAACAGCTCGAAGAAGTCCACGTCCTATCATGTGATTAGAGAGTTGTGGGTACGACCACGGGTTACAAGCGTGCGACTTCTAACATAGGGAAAACACTGGGGGCCCTGAATTATACGGGTTGTGGCCATCTGGCCACTGGAGAGATAGCTTCTACTCCTTCACCGAGCACCCGAAAAGAACGGCGGGCCAGCTCAAGCAGGGAGTGCAGATGGTTCATTACTTGACCCTCGTGAACGATACCGCCACCAAAGTACACGACAGCGGAGTAGCAGAAAATATAGCCGAGGCCCTCCCCACACGGTGGAAATACAACGCCATGAAATCGGCGCGTTAAAAGTGTCTACCAACATGTTGTGCCTGTACCTGTCGAAGAGCTACCATAGAGGCTCCGTCATAGAAACTCGGGCTTGTTGCGCAGTCCATCGTCATAACAGGTATAGACATGCACAATATATCCGGCTGGAGGTAGCTAATGGTACACAGGAGCTTAACGGAGCGAGGGAAGGTGCTGCATCTGCAGCATGGCTTTTG,1636,49.39,Arabidopsis thaliana
SEQ_527915,GAGGTGATCCGAACTGGACAACTATGTCGGTGCCTGCACGGCCGACGGATGATAACCCCTGGCCTACCACATTCATCCCGGGATGGGTATACGAAGTAGACGAATCAACAGGACGATACTAGACATGCCCCGCATCCGGACAGTGTGCAGCTATCCTCTTCTCTAGTATCATTTCAATGCCGCCTCGCCTTGAGATGTGTTCATAGGGTTTAGGGCGCTTTAGCCGTCCTATTTTCGATCATGGAGATGGGTAACATTGCAATACCGCATCCCGATGGACGCGGCTCTCTCGTAGAGAATGAGCGAAGCAAGCCACTTCATCACGATCTCAGAGCAGGCCCAGGCTACATTATCGCTCCTTACAATGGTGAACCCTAGCATAAGTCGAATCAAACAGCTGCCGCTTGATAAAACACCGTGCACCATTGCAATCTGTCTTGTCCTTAAAAATGTTAATCGCCCTAACGCGATATCTCGTTCTGTTATATTGTGGTGGTGCTCTCCGATGTACTTGCTTAGCGCTCCCTGTGTCCTCCGGGCGACGAACTGTCAGTGTCAGAGATGCAATGTGGCTCCGAGCGTAATTATTCGTACTTACAACACATGGGATTCGTACGAACCGGCGAATACAAACCGTGGAGCTGGGGCAGTTCCCCCACAAGGCGGGGCGACCACTGACGGGTAGCTGGGCGCGTGAGACCAGGCTATATTCTTTGTCATTGACATCGGAATCCAGTCCTGGCGTAATATTTGTATGGGGAGAGGACACCGAATCGTGATGTAACTCGACGGTCAGATTCACGAGCTATCCCTGTGGCAGTATGAGACACAATCTCTGTAGGTGGCTAAGACTGACCGCTTGTTGGGGCATACCGCGCTACCAACTAGTAAAGTATTGGGGCTCAGTGCCTAATCCAGAGCGAGTTTGATCGAAATATAAATAATGAAGCGAGGATTCAACTAGGCTGCGTTTTAAGCACAGACTCTAGTTTTTAAGTGTAGTCAGGTGTTACGCTCTTTTAGAATTGTGCCGCACACTTTGCGGAATAGGTGCTCTTTAACTCAAGACCCAATCTAGTACGACAGGTCTTAATAAGATATTCAGAGGATACAGCTATGGCGCCTCTCCACCCAAATCTAAGTTATACTCAGTACTTGATACCGGAGTAATTTTGGATTACACTTAACCACACTGAGGTCTCGATCCTCGGCGCAATAGAGACCCCGGAGCGGAAAC,1237,49.39,Escherichia coli
SEQ_764107,TGCCAGGCCATTACACTTCAGTCCTCGGATATTTATTTGCCTCAACCCTAACTTAATCAAGGCTTCCGCCCCAGATCAAGCGAAGGGACCGCAAGCTCACCGCAGCGCCTAGGAGCCTCTAACTTTATGGCGCGTTTGCCCGTAGCAATAGCAATTGGGATAACAACAACACAGTGTCCCGTTCCGACCAGGACTATTAGGCCAACATTCAAGGACGCTAGTTCCCCAGAAACCGACTCACGGCAGATAATCAAGTACACATGTATCGTCGTTTCGTAAGGCGTGAGCCCCATAAGAAAACACTTATGTTTCTCAGCCCTTAACATCATGATGTCTAGGATACAACAACACTCTAGTTGGCTAGTTTAGCGAATTGTCACCCCCTGCGTGCCCCCTCTAGCAACGGGGGCTGTGCACCCGTGTAATACGATACCTACAGGCAGAGTTCGCACTATTAGATCATTGACCAGCTACTCTCAACCTGCGAGCAATAGCCTATTTGAACGCGCCGTACTTGATCTGGCCGAAAAACTAAGCAACATAATTTAATAAGCACGATTTTGCCGACCGCCATTAGAAGAGCCAGCCACCGTTCACGGGTTATCGTATGAAAGTCGGTGTGCCACTCGCTCTCGGATGAGACTCTTCTAATTCTCTCCGGCTATTGTAATTGGAATCCATCAGGGATATTCATTTGGTACGCTTGTGAATGTGCATAAGCCTGACACTAACGGATCTCTGGCCTTACGATCAAATTCCTACAGTACATGACCTAGCAGCCGCACTGAAAGTGGAATGAGAAGCAGACGACCCCAAGGCATTCAACCCCGGACGCTCATGTGCAGATCTGACTTTAGCTAGTATAACATCGACGGCCGGCGATCTCGAATGGGAGCAAATATGGTTACGGCCAATACAACACCTTGAGGTAGCTCGTAAGGTTTATTGGAGTGGGGAGCGTACGAGTTTGTGACAACGGCGCAGACGTTTCGTAGCTTCTAAAGTGATGATTGTTTTTAGATCGACCGGTATTGTCGCTTGGTCCTACTCCTCCCTGACTCGTCACAATTCTTGCTAAGTCCTGTGTGGATGACCCACTACCAACAAACACAAGGGCGAGGAGCAACAGCGCCCGTGTCATCACACAGCAGCCGCGAGGCAGGGTAGCCGTCGCTTCGTACCAGGATGTCAATTACGGCTCGGTATTGAC,1210,49.75,Saccharomyces cerevisiae
SEQ_545922,CGGATACCAGGGGTGTTGCAACGCGAGGGAATTGGGGGTCTTCCGTACAGGTAAGATAGGTCCAGTGTATCATTTCCGAGTATTATTAGCCATTGCATTCGGCAAACTGCAGGAAATGGGTAGGTGCAAGGGTTGCGTGTGAGCATGTCAATGTGTCCCCACCACCTCCTAAATAGAAGCCAAACCGGCATTTGTGAGTCTCGGCTTCAAGTCGACCGGTAGAACCATGGCTTGTTCCTAACTCTGTGAAGAGTGATATCTGTGTTTTGTTAGCTAGGGGTTGAGACCGGGATTTTAATCCCATCCGATTGATCACGAATTTAGGGTCTTAAAGCCTGGATGTCACCCAGATTTGATGCAACCCTGTCCGTAAGAACTCAGGGAGCCAGATATAACCTAAGCGCTCCGGCCTACCTCGCTAACTTTACCCGAATTGTTGAGGGACGCGTCTCAACCTGAACTGTTGTGTGTTTCATAAAGATTTGGACATTGGCGCTGGGATCATCTATTCGACGAAAGACTCCATCTTACGAATATAGTGACCCCAGACAGACAGCAGCTTCTCGGTTTTACTCTGCCAAATATTCGCGGCCAAGGGGTAGGCACTACTAATTGGGCCACATTAGCCAGCCAAGCAATCATACGGGCTGCCATCTCATGCGTTCCAGGTTTCTGATAGTGGACAAACCGTTTGGTCCGGCAACTTGCAATTAATTATTCGGTCGCTTCACATAAAGATGGGGGGTTCGCCAACATACACGGTTAATAACCCCCAGTAGATACGTTGGGTGCCTGTTCTGGAGTACTTAGGTCAAGATAAACAAATCGAAGAGCCTACCCCCGCGGACTGGAGTATAGTGATCAGACCTAAATCGCGGATTGAGGCCGATCCCGCGCAGTACCCCCTGTGGGGGGACACAGTGAACTCTCCGTCGTGTCCATAATATCTTGATTTATACAACGACACCGTTGTGAGCTGTAAATCTTGAACTAAATGGGGAACCAATTTTGTCAAAATAGGACGCAGTAATTACTGATTCGCCCTTCAAGCATACCTCTAACAGTGGCAGGGAATTAGTGATGCGCATGCTTTAGCCTGGATAAGTCAGGTGATTCCATGCCAGCGCGTTCATACCACTGTGTAGTTTGGACACGGGTCGGACAAGTCTCTACCATAAATACGTATGTAAAGTATTCAGAAGTGGAATACATCTTTAAAGAAGAATACGCGTGTCTGCCATTTGACCTAATTCAAGAGCAATTCCTTCCGAGAGCCCAGGCGATGGTGAAACGGGGAACCACTTCGTGATTGGCGATTGCAAATTCCTGGGCATGGTCTATAGCCCTGAGGATACAGAACGCATTGTCTTGAGGTAGACCTAGAGAGAGCCTTATTTTAATCGCTAGTACAACTAAATGAAATTTGAGTCCGCGATTATGAAGAAGAACAGGGGAGGTAGGCGTGCCACAGAGTATGGACGTTTTCCGCTTTGGACATATCCTTTCGCGGTACTCTCATCATCCACGCTTTTTGCGAGTTGCAGTTCGGGTCCGAACCCTCTGGGCGCTCCGAGTACGACCATCGGCTTCCTTCCGCGGGACCGCACGGGTAATTTTGGACAAACGCACAAGGTCTCAGAAGCCTCGGAGGTTCCGAGGCTCCTAGTCGGAAAAGGACCTCTGACTGGTGCTTCTTACTCCTCCGCACGGAACTAGTTACAACATCTCGTCGCAATCTACGAATGACATGCCTCAACTAATGCCCGGAGGTACACTAAGGCTACACGATTGGGCCGCTAAGTCT,1804,48.89,Caenorhabditis elegans
SEQ_358641,GAACAAGCTGATCAGTTGCCTAGCCCTACTCTAGGTCCGTAGGCCGACGGTGATGTTGCAGCACCCGTCCCCTCCATCTCAGGTCACAGTCCTCTTTGTGTAAATAAGTTGGTGTTATCATCCCCCCGGGAATACGCCGTGGGAATACAGGGGAATAATGAGTTTCTTATAACCTCTAGTCATCACTGTTCGCGCCGGTGTCTCGACGTTATTCTGACATGCGTCCTAGGATAAAAGTGACGGCGGGGCCTCCATTTGCTGACCATAGCACACGTAATTTATTGTCATGAGGTCCGGTCCGCGCCACCTCGACTGGCCCGTAGGTGATAGTTTACACTAACCGGTGTCTAGAAGATCTCGCTGATACAACTCCTCTGCGTGCCGAAAGAATCATTAGTGTTTTATCTCCGCACAAGGTAAGGTGGTAACGTCTCTGGTTTGTGTGAGAGGCTGGATATTATTGGGTACCACTCAGGCATCCCTGTGCAGATGCGCAAAAATAGTCTCACGATGCAGGACTCGCCTACGGCAATTTATGGGTATCTTCCAGGCCTAATAGTCTTTAAATACTTCCGGCATCTCGGGAACCTCTTCAGACCTTACGCGCTCGCCCCGCCAGTGGCTCCAGCCCTAAGTTCAAATTCGCCGCCTTCCATGCGTTGCTTAAAACCTGAGGAACGCTGGGGCGATAAGGAATCCAGCCGTATGCATGTGGACAGGTCCCACCCACATCATTACGGACTCACATTTGCGCCGGCACTTCAGGACGTATAAAAGATACCAGCGTGCAATAGATACCACCTAAGGTGGCGGGGCACGTGCCCTCCATTGGCATGTGACATGCGAACATTGTAATTTATTCTCCGGTGAACCCTGCCACTGGAGTCTAATAAAGATTTCTTATCGCGTCCGGTGTGCCTGCTCAGCTCCGTAGCGTGTTCCAGCGACATGGAGGGCGGCGATCTGCCCGTCCTACATGGTAGCGGGGATGGAGTAATTCAACACTACAGATAACGTTAAAAGCCGCAGGTCACGAATGAGTCTGATTATGATTAACGGTAGGCGTGTCGAAGGAGATCAATGTGTTCACATTATCCCCTACGAATATGTTACGACCCCGATCGGGTTCGCATAATACCGATCCTCATCCACCTCAGGTCAAATATGTGCCATCACCTCCGACTCGGGAGAGACCGGTGATTTTTCTAGTGGGCAACCGATATTCTGGGTTCCATCGGTTAATAACAGAGACCAGTTCAAACGACATAAGGGGGTGACCCTGTATTTCGTTGGTAAAAGATGTTAGCTACATGTATTTCATCCATTGGACCTATCCTTACCAAACGTGGCTAACCCTGGGAGTCCACGGGGACAACGGGATCAACCGTTATTGAAAGAAACGGGAAATGTCGTCGTCTCCGGATACATGTCGTAACACCAGGGAGATTGCCTCCCGCGGGTGATGAGACGTAGCTTTACCCGGCAAAGAAGCCTTCACAGTGAGGCGATAGTGGATGGCCCTATCACGGAAGACAAATATTAAAGCCGGTGTCTTCGTGTCCCATCTGTCGCCCCTATTGTTTGAGACGCTTGCAGGCCGACAGTCGACTGCAGATTAGATCGCAGCACCTAGGGAAAGGCCATAACCCTACTCTACTTGTATCACATATTCGTGGGTGCCAACCGGCCCTCCAATCACCCCTTCCACGTGACACGATAGGAGTCCGCCAACTCTACTTCAGGTCTGGACCTGTTGAACCCGGCATACACCCATGTTAACAAGCTCAGGCGCCGCGGTTTGCTTAACGTCCTGAGAGAGGTTTTTGGCAATCAAGTTGAAGCCGGTCTCGGCCAAGAGGAAGACTTGTGGGCAAAGAGGGCCGTCAACTATGCCCGAAATCTCTTTCCAGGTAGTAGACGCTCGAGCCGAACATAGCACTTAACTT,1946,51.23,Drosophila melanogaster
SEQ_131341,ATCACGTCCGCATGCACTTAGGACAGTACCAAACTCAGCACTACCGAATCTCTTCCGCGGCTATATACTAATCCGGATATAACAGTAACTCCACGATAGCCGGCGGTGGAATTGATTTACAGTGTGCATGTTCGGATACGGACAACGAGCACCCCGGCTAAGTAGACAAAAGCGGAGCATGCGTCGGAACAAAGCGTTCCTATCCTACAAAAGTCGACCGCTGTAACTGCTAACGGACCTCCTTATACCCTATTTGTGAACCCCAGTGCTACTAGTCCTTACCAATGTCGCTAATTACGCGGTCTCTCTTCCTGGTACACTGAACGTGAGATAATCTAACCAAATTTACGTGGCGGACACCGCAGCAAAGGAAAAGTCACACCTCGGCTCTGCCTTCTCATCGGCAGGAAACATTTTGGGCTGAAAGTACAGCGCGTATCCGCCTGACTCCTAAGTCGACTGAAAATCGAACGCTAACGTTACTGTAACTTTCCCGCTAGGAGAATTCGTGGAGGGGAAATCCCGCTGGGTCTGCATAATATTAGGAGACAGTGACATAATCTTCTTCGGTACTACTGATCTATCGCGACCTAAGCCGCCTAGCTACGCATGGTGTAAGTGGGTCCGCCATCCCCGAGGGTTGTGCGCCTCTGGGCGATCCTAGCTTCCTTTATGAGTTTGCGTAGTGCTCTGGATCTAGGTGTAGGCCGGCGTACGAGCGTCTGTTCACTTATCATGGTGATTCTATCGTCCCTAACATTAACTGTTCGGAGCGTCATGTCCTTGTGAAGCCTATTTATAAGATCCCATGATAAGCAAAGTAAATTCCCCCCATTTGACTGAGTTGCTATGCCATCGGGTGGTTCTCTCTTCCGGAGGCTCCTTTCGTGTGAAGCTTCACTTTAACTCATTCCCTTAGGTTTGGTAACTCCGTTGGCTATGTAGTACTCCTTGCCTAAGTTTCACGGGGCTAGCGCCGCGCGACTGCATGATACAGTTACACCGGCAAACTCTCCGTGAGAAATCCTCTGGACCAGGTAAATCATAACTACTGTTTGCCGGGGGGACGAGGCTATTCATACGATCGATCATAAGAACTCGTTTGCCGCCCTGGGCCGGGATAGGCGAGGCTTATGTACTAACATTGCTACGATTCTCCTGAATTTACATGGCGTGCGCCTTCGTTTTGTAAAGGTGTCGAACCGCGCTGAGGAGGAGCTGTGGTGAAGAGCCCACAAGTCCGAACTAGCGGCTTCCCGGCGCTCTCTCCACGTCGTGGTGAGGACTTACTCATGATGATCGGTGACCCGTATTTACCGTAACCCTATAGACAACTTGTGTTTTACCAAGCGT,1353,50.18,Mus musculus
SEQ_551833,AGTTCATACTACCATACCCAAGCTTGCTTTGAGGGTGTAGACCTTGAACTGACAATTCAACCCTATACCATTAAGTGTTTGTTTAGTTTCAAGACTTTTCAACTAGTGCACTTTTGGCTCTTATAAGGCCTTGGAACCGAACTTAACCCTGCCGGGAGGGAAACAGAGGTCCCTTAAGAGGATTAAGATTCTACACTAACGGAGCTATCGTTGGGCTGGGCAATGGGAGTGACCCGGCTTCGGCCGGAGACAGGCGGAGAATGCATTTCGCCTAAAGCAATTTCGCCCCTTAGCCTTTGTCCCTGTCAGCAAGTCAGTCGGACCTCTTTCATTGGGTCAGGTCGAGTTCTGGAGTCCTGCGAACATTTCTGTCCTAGGAGAAACATCCCACCCTCTTGCGCGCAAGTCTGCCTACCATACCGAATTCTTCCTACAAAGAACTTCGATAAGCGCGATGTATTCCCCTATCGATCGTCAGATTCACTGACGCAACTTGTTTTGTAACACGATGGCGGAGGGTTGGGCAAATCCGCCCTTAAACATAGTTGCTAGCCCACCTAGCCCCTGTGATTCTACCAATCGCTTAAATCCCCGGGCATGGGATTAGCCTACCGTATCAAGACATATGCGGTTCAAGCCCACGTGTGAGTCACGG,655,49.47,Drosophila melanogaster
SEQ_557614,GTGCTAACATATGGGAAGGAAATAACGACTGGAAGCAGACCTGTAGCCGGAGGCAATTGAAGGTCAGATATACGTGGTTGCATCGCTTATCTTTTATGTTTATCGTGCACCCTATATATTACTACTGGTTCCCGTCCCCTCCAGGCTCCTTATTAAGACCGTTAGAACGTTGTTTATATAGGCCCTAACCTTAATAATACCAATTACGCGCCTTTTGCTATTACGTCAGGCTTACTGCTGACAAACAATTCAAAGGAGAGTAGAAAACTAACAGCGTCGAGTGTATAGGAAGCGGGTCCGAATGTGATCGAGGCAGCACACATCTGCCCCTAGATCGCCATGTCGGGGAA,350,45.71,Drosophila melanogaster
SEQ_654779,ACTGCGCATAGCTGTTTTTTGGGAGTTTGATGCGGACTTTGCTTTGTGCGACGCACTTGGCAGTCGCTGACGGTCGCAATGGTCATACGAGTGTGGTGGGTGTTCAACCAGCCATAGTTGCTTGCTAGACAAGCTGATAAAATCAAATGCTGAGATTTAGTTGAAGTAGGGTGGGACGGAATTCCGACTCTGTCTTCTCTTTCTGATTCCTATGTTCATAAATATCACTCACCTACCAGACATGCCTTGTTTGGCTTGCCTATAAGTAGGGGGATTCAGTAGCCTCCTAACACAGGGAGAGATCTAGTAACGGTCGGTAAAGTACGATCCACTAATTGTACCGATTGGAGCCGAAGGTATGTATCACTCCTTGTAGAGAGTCAGTAGTCCGGTGCGCGGACGGCGGTGTCTCGGTCCCGTAAACAACAGGATCTCGCAGGAAACATGGGTGTCCCGTATACTCGGCGGTATACCCGCACTTTGTATAATCCGTGTAGGAATCGCCAGGACATCACAGAGCTCGCTACAAAACTGTGGAAATTCAGGTCACTTATTTAGGGCTTCTTACCACCAAAAGTCTAGCGATGTTCTCTTAAGGTGAAATCGATTATAAACACTTAAAAGTCATAATTTTACGGGTTGTATTCATGGCCAGTCGAAACGCCCTTCAGCCGAGGTGATATGTTCCCCGAAAAGAGATATGAAAGAGCCCCCGCACCGACGCATACATGACCCTGACCTGTCGTCGGTTAATCGACCACCCGTGAAATACTTGGATATAGGCGGTTATTGCCGAGTATACTGGTCTGACTGAGCGGGTTTATACCCCACAGGTCTAGAGAATTTGTCCCAGTCCAAAACCACAGTTATAATTGGGTCGATCGAAGCTCGCAATACCCGAGACAGCGGACTGGTTGACGCTGCCACCTAGACAATGCAGCGAATAAATACCATCGATACGCCCTGGTTCCTACCTAATGAGGAACGACAGCTAAAGCACTCGACCTATCAACGGCTTTCGTAGTAAAGCTTCGGCTATCGATGAAACAATCTATGCCGGGTTATCAGACAATTACCAAAGTCGTCCTGTATGTCCTAAAAACCATTAAGAGCATTTTATGCACGCAGTATCAAAGTCGGATGTAGCCTAATACGACTCTGATAACCCTGAGTCCACGTGAGAACGAAGACATGGTTCCGTAAAAGCGGTTCTCGACAGGTGTATCTATTCGCCAGAATTAAGAACTATTAAACCCCCTGGTTATAATTCTCGAATAATGAGGGATTTGGACAATGACTCATTTTCTGACGTCAGCGTGCCGGCCCAGCAGCTGCAGGGTCAATTGCAAGCCAGGCCATTATACGTGTAACCGTCATAATTATCGAAGCGTTGGTATTAGCCGTATATTTACATACAAGAGCTGTTAAGAGTGCTGTGGTCACCGTACGTGATGTACTTCAAGTGTTGCCCTTTCGATCTCCCTACGTTGGGCGTTCAGTCCCT,1504,47.07,Homo sapiens
SEQ_804091,CGTCGTATGCCTTAAGTACTTGCCCGGCATGCTACTTTTAATTAAATTGCGTCCGCAATACAAGTTTGGCTTCCAAGGTCGCGGTGGACGATGTTGTCCAGGACGTCTGGATGCATATTTCATAGTGATTTCCCGAGGAGCTCATGGTTAAGCATCACTGGAGTGATGTGGAACAAACCGGAACCGAAGTGGGCATGCAAGTATTGTATCCACCTATACCTGTAAATTCGGGGCTTACGCAGGATCAACGCTGGACCTGTACTTTAGTAGGTATAAAAAAAGTGTAGCGCCCCGGCTACATGTCCACACGACCTAGGAGAGACTGATAACTACGGGGTATGAGATTCCAGAAACATCGCATAAGCAGCATCTTGCAGTTGTGTGCTATCCACCGGTAGAGTTTGAATGTGTGGTAGTACAGCACCTTCCACCTACCATTTGTCTCCGGGCGAATTCCTGATTCTATGCACGTGTAGGCACGTTTACTATGCTTGAAATCATCTGGCGGGGCTTGTAGGATCCCGCAGTCGGCACTCTGGTGAGAGTTTAAAGGGAAGAACTATGTTGAAAGCTCTTTAACAATAGACAAGTCCTCAAAGCTACTTGTAGACGTGGTTGCAGTCTCATTTAGACACCGACAATTACGGTTAAACTGAGAGCCAAGCCGAGCCGTCTACCGGCACCCGCCTGAGGTGTCGAGACATCCGCTCTTCATCGAATCTC,723,48.41,Caenorhabditis elegans
SEQ_616065,CAACTTCCTAAGAAGAGCAGAGGGAGCAGCGTCTGGTATAGCCTGATCCGGATCCCCAGGTCAGCGCTAAGCGACGTCTTCAATTGCCCCCACCCCGTTTCTCTGTATGTTGGTTCATCTGCCGACAACAGAAAAAATGTTGTGCGGCTCGTGGCGGCATGCCAGAGGGCAACCCAAACGCAACCAATGTTCTAATATTGCCTAGGAACCAACTTACGCGAACGTGCACAGTATCTGCACTATAGCCAGTGTACTGCATCATTAGTTGGGTATACGGGGTGCCATTCAACGGACGAATCGACCAACTGGCTACCAGCTCAGCCGAACGCTTGGGTTCGTCAGTACTAAATCTCTTGTACGATAGCCCACACCTAATCTCCCGTGCGGGTTCCTTTTTCTAAGTCGGTCCTTCAAGAAGTCCTGACTAGGCTAGATACATAGGCAGTTTTTTGCCCAT,457,50.98,Arabidopsis thaliana
SEQ_445173,AAGAAGTTGTCTACTTAAGCCAGGGAGTTGATCGCTCAACTACAAAGCGCGACCTACACTGAAGTAAGGGTACGCAGCCTTGATCGAGTTCCCTGACCGCACATGACTGCCTTGCAACCTACAATCGCAATAAGGGCCATTGGCCGTCCTTCAGGCATTGTGTTGGAAAACCGGATGTTCTGGGTTGTTTAAGCGCCAGTCGCGGCGGGTCTCGAAGCCTCACCAGGCTATCGCGCTGGGTTGGAAATTGATGAAGATTCCTCGGGAGCATTCTGAACCCAGTCGCTAGAAAGGGGGAGTCTTTTAGGAGAAAGTAGCCTGTCAGCATACGGGTCTCAAGAGCGTCCGATCTCGGCAATAACGCGTGAGAATGCACTTACCAGGCGAGGGCCTCTAGTCGCTCCACCAGTAACAAGTCAACGGCAAATCTAATTCAGCAGCGTGCTAGATAATCTTGCCCCATACTGTGTGGCTCCTCTCAACGAAGGGGCAGACACTGAAGGGTCACACTACTGCCCAGGGAAACCATGCCGTAGGGAGACTTGGCCAAATATCAACGAAATTATACGAAATCGCGTCTGATTACGTGCCGAGCTAGGAACGGACAACTGCAAACAGAGGTATACTTCTCCCTAGTACAGTACGCCCCCGCCTGTAGCACAGTCTGCCTAAGCATTGCCTATTTAAGAGTACGGAATTCGTGCGCTGACATGAAGCTTTAGTGGGCCGCCCGGACGATAGCAGAATGGAACTTTACGCGCCTGTACGTTGCGCCCACAGAGTATATAGAGAAAGCGGGGTGGGAATGCCATTTGCCTTATACAAGTTGAACTAGTAGGGAGCTGTCGAGAACCAGGAACAGGAAAGTTATTACAGTCCAGAGGCTTACAAAACAGTACTCCGGCGTAAACTGTTATGTAACATCACGGGTTTCTTGTCGTGTTCACGCTTTAGGGCGCCACCAATGCCTTGCCGCCTATTAATGAGATTGCCGCTGAATTGGTAAGCTGCAAACTTCTG,1020,50.98,Mus musculus
SEQ_332915,GCACGGTCTAATTGACTCCAATAGGGTCAGGTGAAGAAGTTTCACGAGCACGGCTACGATAAAAGTAAATCTCGTACCCCCTTAAAACTCCATTGCCCTCTGGACTGCTATAGTGTGTGACTCCAACACAAGATAGCAGCTGACAAGTAATGTACCGTAAAAACCGAAGCCTTTTGATGGTCGGCTCCTACTGAGCGGCCCGTGGTAGCCACAGCTATCCGATGACCAGAAAAACGCCGTTAAAAGACACCCCTCCTATAGTCCCTTCTAGGTGATGCTTGAGTCAGTTGGAAAGCGTTGCAGGGAGGATACCCGCGGAAAGCGGGACATGAGGCAGAGAGGCGGCGGGGGGTGCGCAGGTAAGCCTTGGAGTTCCGCCACGTGTTAATTTCGTAATGAAGTTGATTCGCACGGCTGTTAGCGGCCATTCTCGGGATGCTGTTGCCTTCAACGCGCCCATTTCGCTTTATCATACACGTTAGTACCTTCATCTACTTAGGAGGACGTCATCTATGGCTCTTCACCTGCCCATTTTCCAATACGTCGTTCAAACGCTTGAAACCCAAGGTGCCCACATTCGGTGTGTCTGCCCCCACAGAACATAACAGAACCCTGATACGAAAATACTAAATCAAACTTGAGACCTCGGATCGATGCAGCCATCAGTTAAAAATCCGGCCGATGATAACTCCTCACAGGAGTTAAGCGTACGGGGATTGATAGGCCATCCTCACGACAGGACGGGTCTCCGAATAGGTACGGGAAAGCGACGTGTAAAGCTTCGTTTGCACGTCCCACTTAACATTGGGCCTGAATTCTACACGCCATATTAAGATATTACCCCCCATGATTCTCAGGGTTCGCAAGTGTACTCTTGGGAATGAATAGTAGGCTGAGATGCGTGATCAGATCTTGCCTCTTGTTGAAACGTGTCTCAGTCGCAATGAGATTCCAGCGTCGCCATCGCGTTCCGTCTGGGGCTAGCCTCCCAAGGACTCTAGTGCGTTGATCTGGTAATACGTTGCTGAGTCAGTACAGACCAGATGCGTGACTCATATTCGGTGAGCCCCGTCTTATAGCTACCGTGAAGCGTAAGTGCAGCTTCCCTCCCGAGGTATGCGAGGGACCTGCTGCATCTGACAATAGCCGACCACCACACGCAAGTAACCTGGGGGTTCGCTGAGTAGTCGATGGTGTTGTGAAAATCGAGATCCCGCCCAGCCCGCGGGAGTGTGTAGGGCTGCTCGCAATGCAGATAGTGGCATCAATCTTCGCTAATACATTTCCTGGAGACCGTACTTGTATGGCACTGCATCCTACCAGCATCCTGAGTATAGAATCGTAGCCTGGAATTCCGTATCAAGTGCTTCGCAGTAGATTCTTCTTTCGTCATGGTTTCCTAAATTCTCTAATTACCGCACCCGTATAATTAGTAGGGTGTCCCGAACGACAGTTGCACTCCGGCAAATACGTGCATATTCAGAGTCGACGTATGCGCACAGGGTGCCGGGGGACGACATCGCAATTGTGCAAACATCCACCCACTCTGACGCCTCTCGCGACTATTGCATGATTAACCGTCCGCCACCAGTA,1593,50.97,Homo sapiens
SEQ_378883,CTGGTTAAGACCTGCTTCATTTAGATTAAAGCGCCACGTGTCGTTCGCTAGTAGGCTAGTTATGGCAAGCCTCGCCAAGTAAGCTATACTTAGACGGAGTTCTATGAATACCCGACAGGAGCACGTTGTTTCAATATATCGAAGACCACGCATTTACGGCTCTCACCGTCTCAAGCCCTCCCTCACCTACACAACGCGCGCTTTGACCATAAGCGGAACGCAGATAAAGACGACCATCAAAGTGCTCCGACAGAGCCCGGATAGCGTTAGCTCCCCCTACTATCACTCCGACC,293,50.85,Saccharomyces cerevisiae
SEQ_469615,TATCCCCGAAGTCAGTGGGAGCTGTAACGGTTTTCGTACGATCCTGCTTTCGTAGTTAATCGCGCGGTCCAGTCGAATTACGCAATTTGTGGCCATTGCCCGGACCGAATGAGGGCGGGCCGTACAGCTCCTACCCACTACGTACTCAACAGACTCTCCAGCCGACCGGCACAGATATAAAGAAATGGCGCGACGGCGTCCGGGTTTAGAGAGCCTCTCCCCGTAATACTCGCTAGCATCCGAGGTGCTATGCCGACTGGGATCTACCAAGTTTTCTGTTGACTCGAGCATGACTTTTAGTTAAGTACAAGTCCTGTCAGGCGTGGGCTAGCAGACGCAGTATTTACACGATCCTTACCCCGTATGGGAATTAATTTCCGTTGACCCAACATTACGATCAACAGATGTAGAATTTTCGTTGTTACGATATTAGCTGTTGTTGAAAGGAACGCGGATTGGCAGGTCTGCTACGGTTCTATCTACATCGCCGTGATACCAACCGCTTGCAGTGAGACAGGAATCTCTTCAAGCTATCGGAGGACGGCGAAGAGGCACGCGCCTCCCTGACGAGTCTCGAGCACCCGTTTTCTACTAGACGTCTCAAACTCAGCCGATGCTTGACTTGTTCGATGTTGACCGATCATTTAGTAACGCCTTGGTAGTCATTGCCGAAATACACCAGTCGATGGCTCCGACATGTAGCCTCTAAACAAGCGCAGGAGCTCGTGAATATAATTATGCCGGTATTCAGATTTGTTTTGGAAATTGGATCTGGGGAGGTACCCATCAATGTGGATGTCCGCCGTACGAATTGAATTGGGGTTTAGGAAGGCACCGGCGCGTCAATTTGCTGGCGTAGCGGCTATGTTGGTAAATTCTAAAGCGTCGGTGCCCAGGGGACTGTTGGTCCTTACTCCTCATTCGTTTATTGACGCCGTCACCGCCCGGAGCTCTCGGTCCAACGAGGTTAGAATTTTTGGGATTATTTTACAGGCGCAAATAATACGGCCACGTGGAGCGAACACAAGGTCCAAGCCGGCCCGTACAGAACGGAATCCAGTCCCCGATTAGTCAGCACCCTATAAATTGATACAAGGGGCTGAACTAGCGAAATACCGGAATAAGGGAGGATCAGCTTACTTTGCTAACAGTGTTAGACGCCACAGAGGTTTTGATCCCGGTGCTGTCTTACGTATGCAATCTTGCCCGTGCCGCTATGAGTGGCGTTCCCCACGGGTAAACAGACGCCCCAGTCCTGGCACAAGTAAAAATCCGGAATCTATACTCGGGAGCTTGCGGTCGTATCGTTCGAGCTCGGGCCCACAGAGGTCTCGTTAAAGATTCCTCGGCGAGGGGAGGGGGACAGCATGAAAATAGTTGGCTGTGATGGCCCACGACGCGGGTCCCCGGCTGAAAAAAGTTGAGGACTTCGGATGCGCTGCTAGCAATGATACTTGGATAA,1462,51.44,Saccharomyces cerevisiae
SEQ_774046,CCCGGCAATCCATTTCAGATTGTTTTAGTTCGTAACGGGTCAATTTCGTGATGGCGATTAATAATGGGCTAGATTAGTTTGTCTGTACCCTGACTTGCTGGCGTTTTCAGACTCTGAGCGACAGGTCCGAGCGTCGCTCCATGTTGGGTATGTTGCGCAAAAGTCATTCGCTAGAGCGGGACCTTCACCATGCAAGGTCTAGGAGCCACGTTAAAATACCTCCAGTGTAAGCCCGTCGTAGTCGTCCATGCGGGAATTTATTCGCATTGGGAGGGTAATTGAGCTACGGGAGATGTACGCTGACGTGCTTATATCTTAGCATAAGCAATTGTTGCCTTTAGATCGAGAGTAAGTAAACTGTACCCCTTCGGCGGCATGATCTTCTCTGA,389,48.07,Caenorhabditis elegans
SEQ_483182,GTTTGTTTCAGCTATGAGCCCTTACTCGTCGCAGTCCACTGGAGGTTAATACTCTATATATCACGGCGTTCTGCGTCTAGGTCTCCCTAGGGAGCCGCCATGAACTCGTACGGGGGTAGGAGTATCTTTTGTAGGCTCTTAGCCAGAGCGCCTGCGGTTTTAGGTTTAAAGTTGCACCCTCTCTGGAACTCGAATTCTTTGGTGTATGGATGGAGAGCCTAGCCTAGGCTGAGAGACATGTTGGAAAAAAATTGATAACTAAAGTTTCCCCGTCGGCATGTCTACTAATCATTACTCTAACAGATTGGTAGATACGACACCGGTTGGGACAATTTTTTAGTCTAACATTGGAGCCTATGTAATGCTTCTCCTTACGGACCCCTGTCGGCCCTCGAGTTACGGACTAGGTGACGAGTACTGGGGGGCGATGATGGACTGGCAACAGAAAGAACACGCACCCTCCCGCGGGAGCCTGCAGCTGGTGATTGCGGTCCCAAAAACAGGCGCCGGTGAAATATCCCAACCTGGCTCATTGTTTTTCGCAAAAGACAGTACTTACGGCCGGGATTGACTCCCTCGATTACAGAAGAGTTTTACGCGAATGAACTTTACCATCCTACATTTCCCGGCTGCACCTTATTCCTCACAGGATGAAAACAACGTCACGTTTGGATTGTTTTTCTCTTAGCGTTGGCCGTCTACGTCCCCCATGGCCGTATAATGTTTGGCCTGCTCCATGGATGGGGAACCCCGTAACCTGCTACAGTAGATCCCTCTAATTCAGTAACATGTCAGATATG,800,49.25,Arabidopsis thaliana
SEQ_347245,CAATTATTAACGACGTTGAGTGGCGATGCTGCGCTAGACGGCCCTCGGCGTTAAAAGCTTGGACGGCACGACTATGGATCCCCCAATAATATCCGCGGACTTTGAGTCACTGGCCCACTTTGTGGGAAAGATTGTTATATGCCTGACGGTTTGTGGTCAGGCATCTGTTACTTTACGGCGCATTCCGCTTTCTCATCATATTCCTGTAGACGACCTATCCGCGTGCCTTCAATGTCGATAAGGATTCCCTTTAGATAGACTGATCTCTTCGTCAAAGGCTCATTAGGGTAATGACACCATAGTCCCGGGTGCAGCCGTTGGCACATTACCCTCAGAGTTTTGGGCACGTGTTGTCGTAATAGCGTCGCGGCATTAGCCAAACACATAAATTGTCCGAGGGAGTGATGGGCACGAGGAAGAGACTCACTTACGGACAAGAAT,441,49.66,Arabidopsis thaliana
SEQ_175528,CACGGTTGACGGACGACAAGCAATGTCGGTAGAACGTCTGGTGAACCAAGAACCATTCATTAAGCAATAATACGAGATGTAACCAGACCTTCTCCCGAAGTTATTGGAGGTTCTCTAAATGGGGGATAGCAATCCTCGAAGTAACGCATGTGTGTATGACGTCGCACAGAGACTTGCCTATTTATATTTTTACTGATGTGGTGTCGCGGGGGAGAAAGACTCAAAAAGGGATATCCTCGCGTGGATAATGTAGTATATCTAAACTAGGAGTTTCACCAGGTCCCTTCGGCCTGAAGATCCGACCACCTCAAACACTATGCTCCATTAGGTAATAGACATTCGAATCATTATGACACAACTAGAAGATACGGAACTGTTCACGGTAATGACACTGCCAAAAACCCGTATGTCGCGAGCCCCGCAACCTGGTATGGTGAACTTGAAGACTATCAGCTTGATTCAACACTACTTCCAGTGCCCCCGCCTACGCGTTACAGTCTGATAAACGCGAAACAATGTGAAGGAATAGTTAGTCGGTCGATCTAGACTATTGTGCGGAGACTGCTAGGTTCAGCGCGCCCGGTTGCCTTGAGAAAATTGTTCATGTGGATACAAATTCATTAATTCCACTCAGCGGGTGTCTCCGAGTTGTTGCGCTATACCGCGCTCCACCCTACATCACTCAGCGACACTCGGTGAATGCTCCTACAACCTATTGTCTGAAGCACTATTCTACTCCTGGGCCGCAGAGTTTGCATAATTCTAACGACGGAACCTCCGGCTCAAACCCTGGGTTCTGTGAAAGTAGCCAATTTGTTCGGACTCGTTCTGGAGCACGTAGCAGGTAAGTAATCACGCTATTGCCCAATGCGGCGTCTAGCAGTGCTGTTTAATAATAGCTGTATCTTCTTGCTCCTCCAGACATAGATGCATCTCGCACGCTAGAAAAGGATGGTGGGAATGTGGGTAAATAGACGGTGCTTAAAGTGTCATGACACCTAAAAGCATTGTTCCGGGCACGCTTACTGTACCTCGCGTTGCGAGCGTGTACAGGTCTGGAGCGGCGCTCGTTCAAACCGCGGGGTTTACCCTCCCTGAGGACCCGATGCGATATTCACGCATCTTCATCAAACACACGAGGAAAGTGTCAAAGGTGATAGAACCGACAATTGCATCCTCCACCTAACATCCATAGATGCCTTGGATGCATGA,1212,48.1,Escherichia coli
SEQ_806220,GGCGGCCGTAAGGTGAGAAGGTGTTCGTGTACTTCTGCGCGCCAGAAATAGGCCCAATTCGATTACACCCCCTCTTGTGGGGAAGAACAGCAGATTTTCACTAAGGATCTCCACTATGCTTCACACGGTTATCGATAACTTGTTACATTCTATACGTACTGTTTTTCTACTCTTACATTGAACACCATGCCCTTGGGCGCGGTAGCAACCTCCGACGTGCAAGCCTCCGATATCAACCCGTCTATGCGCACGCGGACCCTACCCCGGACGTCCGGTGTACAGGGACAATACTTAAATATGAGATCATAACCGAGCTAAGACACGGGACCGATAGCTGGCAAATACTGATTACCGTTAGCGCATGGACCGCCGCCACGATATGCCAGACGTCTAGCAGACAGGCGTTAATGGCGCGGCATTAGTGAATTGCACTGTGCTCAGATGATTGGGGGGAAACCTATTATTGCGTTTATCGGTTTACTGCCAACAGTATGTCAAGAACCTCCGTCTTGTTGGCCGTCCTCGGTAGGCGTCCTCGGGGAGGTTCTTGCCAATCTATGCCCTCCATCAGCGCCATCAGGTTCGTGTGAGTGATTAGACTATTCCCAGTAGTTGCGAGAGTGTCTACTGTGGGCGACCTTGCGAGGGATGCTCCGCTGCAAAGTATTGTCCATGCGTTTG,681,51.69,Mus musculus
SEQ_544632,AAGCCGGATGATGGTTTGGAACGCCGCACCGACTCCCCCACTTATGGAGACGCTTTACTAGAAGGTTAATCTAGTTGTAGGTACCGTTGCCTACTAACTGCGCTATTATTAAGCTAATGATCCGTGCCCGCTAGCACCTCAATGCGCAGACCCACTTGTCTGTGTACTTTTCGTAGTGTGTCTGTTGTAGTCGCCTCATCCACTTAATGGTCTCAACCTTTTGGATTCGTACCCTACTATTACATTATGCCGCGGCTGGAACCTGCATGGCGGAAGAGCATGGGGATTGAAGTATGGCTGCAGCTGAAGGCTGGGTAACGATGAATGGCGCCCCAGGCCTAGATGACAAGAGCGGTAGTCTATCGGACGGCCCCATACTGCCAGACGCCGGCTCCCGGTCGATAGCCGCGTAGGAGAGATCGTAACCTGCCGTGTGTACGCTTCAGCCGAGCTATTGCAGATTTATCTATACGCTTTATTAGAAAAACGACACTAATGAAGCCAACCGTTACTTTCGTCCCTCGACGGGGGCCCAGCATAGGACACGGAGATATCATATTACTCTGATGGTAATCCTCGTCAGATGGGCGTCTACGTAATTGAGACCACCTCTGAGATCCCGTATTGTAAGCAGGAAGGGCGGCCGTACCACACAGTCTCCGCGGTTTTTGCCGGTATGAACAGGAGCTGCAAGGTGGGCTCTGTGTCAGACGCACTTTTGAATTATGTCGAACCCTCC,739,51.83,Escherichia coli
SEQ_621469,GCTGCGCTGCGTGGGACGAGTCAGAGTCTCGGCAAACACATATTTTCATTTAACCTGACGGCACTGCAGAAATTTATAACGGCATTCCCTGGCCATCCTTGCCGCCCCTGTCCATAGGTAACTGGCCTACTGATTGGTGCTGCTCGTCTTGTCGTCTATGGGAATTCCTAGACACCTCACCCTCTAGGGAGCAGGGTTTGATAAAGACTGTGGATGAGTCGCGTATCAGCTGTGCATACTTGCCCCATTCGCGATCAAAGTACGCGACTTGACATGGGCAGTATCAAACCTTGATCAGCTTGAGCACATCGGTGAGTCGACCGGACTCTCAGTCTCTGAAAAATAGAGGCTTAGCAATCAACGGGGAGATAGTTTTCTCTTAAGGGAAAAATTGATTTCACTATACCTACGTGGCGGGGATAAGGTCCTGGGTCTGCTCAACAGAGAAAGTTTTAGCTGTCGCGCATCAGCTCGTCCATAGGAACTGTCCCTTCTGTCCTGTACTTCCCCTAATCAAGCCCCGCAGTAAGGATTCTGAAGCAGACCGGATTCTGATCGTTCAAGACGGCAACAGCGTACTACTAGTAGGGGACTGTATTGAAACTCAATCCGATGTACTCACAAACGCATCTGTATTACCTAATCAATAGGCGTGAGTAGACGTGGGTTACAATCGGCTGTACCTTGTTTTGCTGCGTGCCTCAACTACCGCTATAGTTCTAATTCCGAATTAAAATTGGTTTCCTGATTAAGGGGGCTCAACCGGGCGGTCCGCAAATGGGCTCGGTGGTTCAACGGTACTCCACAATATCACGTATTGGTGCCGCTCTAACTGAACTTTGAAATATGGGCTATCTGCGCAGGGCCTTAAGCCCGCTTGAAATGTGCTTACTGTTTAGCCTGCTAAGGATATAAATTTACAGTAATCGATACTAGTTTAGCAACGGCACCTGGAGACCCAGAACTAAAGG,971,48.4,Escherichia coli
SEQ_848441,TGCAGCAGGACTCGTTCCCTATCTTCGGGTTAGCTACTTAAACGGCGCTCGCTCACCCGTATACAAGCCACCTATTGTGGGAAAAAATGAGCCACTAGGTAAACGCAAGTACATAGGTCTCTCAAGACTTTCGTAACGTCATAGAGACTGCCGGAGAATTCCGGTCGAATGAGCACGATGCGCAGGTATGCTGGCGTGCTGCACTTACCGCTTCAGAATCTAACAGGTTTATGAGAGCGGGGCTTCCCCCCAGACCTCGATGTCTGTGCCTGCCAGTGTCCCTTCGTGGTGTGTGCCACCCAGGTGATATATCCTCAATTGTCCGACGCTTACTCGTTTGGATCTCCTGTTACAGTGGCCGCAGGGACTCTACTCAATACCGGTGGTGCTCGGTCCCTGCGCGTTACGAAATGTACTAACAACGATCGACACACCCATCTGGACAATAGAATTCATAACAACGCCGGTTGTAGTAGCGTTGTAGCGTCTCGATTTACCGATTTACCTGTGTATTGTGTTGACGACAATTGGAAGGCGTCTCAGAGATGATACGGAAAAGAGGCGCGCTCCCAGCTAGAAACGACATGAATCGCCCCATCTCTCTAATAATTATAAGTCAGCGGACAAGTAGATTGCTCCAACCATAGTCTAGACTAAAGAATACCCGGCTGGTCTCTGCTGGGCGGCCTAGTCAAGAAGGGCGACCGAAGGTGCGAGAAATGGGATGAGCTGGAACCAAGCGACCTTGGGCCCAATCTGCGACATCGACTTGGGTGTAGCTCCACTCAGAGTATGCGGCTACACTGCACTAGCTGGCATTACCCTGCTCAAACAAACGTTGGACAACGACGCCACATGTTGGTCGAATTTGTCCCAGTCGGCCCCGAATGCGTACGTTAGCGTATGGGCCTGCCTCAGTCCCTCGTCTTGCTCGCTAGGCGGCATAGTCATGGCCACGAACGGAGAAACCATTACGCAACAGGAACCAATCATCCATCCTTTTTTTATGATGCGCGATCACATGGTGCGTCTAGCTTCCGATCTGAGGACGTATGTTGTAGCTACCTCATAGACGCCGATTCTGGCAGTTCGTCAAGCACCGGGAGCTCGTCCCCATGCACTCCTTACACAATGACTAAGTG,1142,52.01,Mus musculus
SEQ_788699,CGGTGGTCTAAGACCATCAGAGTGCCGGATCAACGCATGCATTGGGGGCTAGGTGTCACTTGCTGCCGATTCCGTAAAGGTACCATACATGGCGGCCCGTTAAATTCGAGTCCAGCTCTAAATTCGCTCGAACACCCGTCCGATGACGACAGGTACTTTATGGTATCGGCACTTCGCAAGTCCGGCGAGATAACATCATCTTTACGTCGATCTAGCAACTCTGCCAGTATAGCAAAACAAGGTCGCTGACTCAGCCGGTCGACGGGTGCGCACATGGTATCAGCTAGGCTCCTGTCGACGTATGTAACGTAATAACTGCGCCATGCGATGCGCCTATCGTGTTGCTGCCCCCGCCGTGCATACAAGAGGGAGACATTAAACGGGCTCGGCTCGATGATGGAGTGTGTCTAAAAGGGCCCGTGGAGACTTGCCGTTAGAGCCTCAGGTGTGAGCGAGGTTTCAGAGGCTGTGATATAAGGTGCTCGGAGTTGGTTTTCTACATAGTTG,507,53.25,Arabidopsis thaliana
SEQ_106757,GCAGACGCTTAAATGCGGCTACCAACGGGTAGGGCTACGAAATGTGAGAATACACTCAATAGACCCCCTATTCCAAGCTATTGGCGTAGGTGTGCCATTATGGTTTGAGGACCGAGATGGTATATCAAGGGGGCGTGGAGGGACCATGTGATTTCGCCCCCAGATGGAATCCTTGAAAACACTAAAAGCCCGAGCTGCACTTGGGGTCCACCGCGACTCTGTCTAATTCTTACTCAAACAGATGAGACCAGTCCTCATAGTGAAATATTTGGAAAACGATATTTGTTAATCTTAACCCATTGTGTGACGCCATTCGCTACATCTGTTGGAAGTCGCGAACTTTGGCTTGGGACGCAGACCTGTAACTTCCGGAGTCCTCTAGCTGAGATTTGAATGCCGTTATGGTACTACCGCCCGAGGACAGAGGGTCTCACCGTCACAACGTGTCTAGTGCGCGCGATAGGATCAGCTGTACATATATACGTATTGTGAAGCCAACATGCGCTAGTGATTTCGATCACAGAATACTCACCCTGCAAGTCGTAATATGCTTGCTAACTCGCTCGACCGAACCCCCTAGAGGCACCGACGTAACGATAACCACAGACAATTTGAACATCGCAACATCCTAGAGGACTTAGTCAAGTTCAACAATGCTTTGCCAGGCTCTCCAAACTTCAGTAAACAAGTAAGGACGGTCCAACATAGAGTATGATTGATACCGACACCTCCTTACTTTGAGCGCACGAATGCCTAAAAAGAAGTCTGCTCCGTGTTTGTCGTGTTGGGAGCGGAGACTACAGGCCTGTGCCACCTCTGTGACAGCTTTGAGGGTAGACGCGACTGAGACGCCGCTGTCGTAGTTGCGATTGCTGAAATGTACTCAT,887,48.82,Drosophila melanogaster
SEQ_751855,TGATTAAGGGATTAATCAGCGCCTATGCTCCCCAAATGTGTATTGGCCCGATACAAATACGCTTGCATACCGGAATTTGCGAGGGGTTTATTGGGCGCCAAGGGATCGTATTCAACCGGCTAAGATGGAGACAGCCTACAGTGAGGCCGACTTGCTCTGGACGAAAAAACAGGAGGTATAGAACTTAGATGCTGCTTGTCCCATCGCCGTGTACGATGACCCAAATACAACACTGGTGAGGTTGGGGGCACGGAGCAGAAGTGTCGCTGAGTGCTCTACATAACGACCGAATATCTGGTATATAAAACTTCACACTACCTATGAGAGTCCTGAGACGGAATCGTGGTTGTGACGAAAGCCTCAATTCCTACATTAATAGTGCCGAGGAATGTGCGGCAACGACTGACCTGTGCGCATGAGACCCCCATATTTCCGTGATATAACAGTCTTGTCTTCCGTGTAGATCTTCAGCCTTCACTTACCCCAGGCGTGTTCGTTATTGGGACTTTCCTACGTGTGTTAAGATGAGAACGTGAATCATAATTTGTTG,550,47.82,Mus musculus
SEQ_936264,TAACATTCGCTCTACGTTGGTATTAGTGGGCAGCGAATGTAATCGCGTATTTCATGGATGACCTCGGAAACGGGTTTCCTCTAACGGCTTTGAACTGGTTGCGCGTCCTAGCTCAGCTAAGGACTGCAGGAGTATATGCTAATGGCAAATGCTTGCCTCAAGTGACCAGTGAATATTTCCAATCGAAAGCTCGCTCAGTAGCTCCTTTACGGTTACTGAGAACTCACCGAGCGTGTCGCTCGATAATTGACTACTACATGCTAAGCCCACGCTGGCGGCGCTCCCACCGGCCTCTCTTGCAAGGCCTAGGAGCGATTCTGTCCGCCAAGGATCTCGCTTCTGCACTAAAGAAAACACCTCCGAAGACGACATAAGATAGACCACGGTTTATTGAACTGTGTGAGTAACAAGACCTGAAGGCTTTGGCGTTCTGAGTCGATGAAGGCTCGTCAGCCACGCACAGTCTCCCTTTACGAAGCACCCCGCGGCCCGGCGTCAAGGATCAGAATTTGTAGAACATGAGAGTTCGGATTTTTTTGGTTGCCTCACCCCGTATCGTTCCAATGCGTAACTTTATTAGGCCCTTGGTGATACTACGGGTCGTCGGGCTATATCTTATTGGGCATGATTTTAGATTTGGCCTGGAAATGTCTCGTCGTCTGGGAAGATCAGGGAGGCGCCCCCATCAAGCCATTACGATCGAAGCTGGGATGATCTTTGCGCTTAACCTACTCAACCATTATCATATAAAATACGTGTGTGTACGTTATACCGATTTTAATCGCAGGAAGGGGGTAGCCCTTACCTATCGTGGCCCAATGACGAGGCGGGGCGTGGCACAGGATTTTGTGACATCAAACTCTGTGTTTTTTGGGTCGCACTACAGAGAATGTGGGCATCAGACTATGGTGAGTAATACCCAACCTGGATCCTCTTGCACGGCGCTATTACCTGTGAGAGAGAACTGATGTGCGGACTCAGTCTACATCCTTAAGTAGCGGCGGAATTCCGGAGGAAGCGAAGAGCGAACATCTAGGTCGCTCGATGCCTCTTGTGGTCTATTCCCACACTTACTGTAGATCAGAGAAGTGTCTTGGCCTGATATAATATTCGTCGAGTCCGAGTCTGGATTAGCTAAAACTATGGGGAACTAAAAATTTTGACCCCGTATGAGGTATGGTGTCGCCCTAGGAGAGAATTATCGCATACGTTGGTTCAATTTTAGGCAAGGCCAGTAAGAATCCGTATAAATCAGGTACCTCCAAGACTTCCTCCAGAAATGCGTTAAATTCCTAAGTACAGTCATAATGGACCTGCAGTAACCTCATGGGGTGACCTTCCTCACGCGAGGTCCATTCGCAGGGTTCCCAGATCACCCGTCAACGCCTAACTCGTCGTCAGTGGGGCGACTCGGCTGAAGTAGCCTCGTGCTTGCGTCCCAGGTTTGTAAGTTTCCTCGCAGTCTCCCCGTCGAATCGGTCAACTGATATGTCGCGAGCACCCACCGGCGCGTTCCACCCTGGAACTTTTGCTTTAGATGATTAACGGGGCATTCACCGTGGATATAGTCGATCGTCCCCGTTAACGAAAGCTTGTTCGG,1600,49.94,Escherichia coli
SEQ_979876,CGCTGACTCTAGTCTTATAACCGCCGATGTGTATCAGTTGCGTGTAGTGGGTTTCGTCCAGCTGTATCCTTATTGTTTTTTA,82,43.9,Escherichia coli
SEQ_388117,ACTAAGAGCCAAATTGATGGATCTTCCGTCCCACCCTTCTGAGTCCGTGCGCTCTGCAGTAATCTGAAATCGCTTTCCCCTAGACTCAGCCGTCCGTCGTCAGCTTTGGTCAGATTAACGGAAACGTGCGGGATTGCAACAAATGCGTACACTGAAACTATTCCTGAGTAGAAATCTACGGAGACTATCGGGTGGCACCCCGCGGTTTTTAGCCAGAGTCCGGCAAACCTGATCATCTACTCTAGTAGTCATGACGGCAACTTGTGCAGGGGCGTGATGAATAAACTTCTTCGATTAATCGCGTCGTTCAGTTCAGGTGTGCTTCTAAGAATCCCGGTGTTATGACGTCAGTCGGGTCACATAACTGTCCAACGCAAGCCTCATCTGATTCCAGCTGAGCATCAGGATGTGGAGTTTCAAAGCAGAGCTGTTCGCGGTGGGTATGACATCGATTAGACGTGTTATGCATCAAGCCTACCTCACGCCTGCGTGGTGCCAAGATCATTCGGCGACAGCTGTGTATAAAGGGGGCTATTAGACCGTCTTTAGTTAGCAATGCTGGTATATAAATCCTGAGGGTAAAGCATCCATCCAGTGAGTTGTATACCTGCTGCATCGGTCCCACTACTGCGAAGTGTGGACTCGATAACATGGTTTAGCAGCTCCAACGCATAACAGCCCGTTCGTACTAGTCTACCGGCCCCTAGTCAACGCAAATCACGTCGAGCTTGGTCATTCACGTAATGCACCCTCCAGTCGGCTCCCCCTTTTCACCTAAACACGGATTAGGTCAACACCTCCGAGTTGTCTGATACCGCCATTGGCTATCTGTATTCGCGTATTGAGCTACCAATCCCTTTACAGCACTTTGCTATTCCTCGTGAGAGTCCCTCAATTTGCATCGTTGAAGCGGAGCGAGCGTGAACAGTACTCATCGAGCACCCATACAGTCTTCCCGAGTTAAGGTGCCATGAGCCTATGAGGTTGCACGATGGCTATCACCGGCTTCGGTTCAGCTCATTAGGGCTCATAATTAAGAGAGCGAACACCTTCAAGGCCAGTCTTGTGATTCTGCTTCTGGTCGGAGAC,1089,50.14,Mus musculus
SEQ_263873,AATCACGACAGACTGTTGATGTTACCCTTGCTTTAGATTTTCAGCTACGGCCTCCCGAGATCGCGGGTCGGGTAGGTTAGCTTAACTTTCTGGGTGTTTTGATCAACGTTGACTTGCCACCTCTTAAGGCGACATTTCTAGTGTCCAGTATCTCCCCTCAACGCAACGCTGACTAAGGACAGAGGCATCGTGGCCAACATAATCGGGCCGTCTGGCTGGAACGTTCTGGTTTCACCGATTAGACGCAAGGGCCAGGAGGGTCCGGCTCGCTGATGCTACTTCTCCACATCTCTGGACCTACTCTTGAGCTGGCCGGCAGTATGGATCGCGCTCAATCAAGTGCAAGACAGCTGCGACTATCCACTAAAAATTGCTGACCGGTTTATCGAACCGGCACGGCCTTGGCGCCGGACACGAGGTTCTTGACTTTAGCCGCTCACGAGATAGAGGGCATAAGAGCAATTGAATTGGCTATCAACTACTTTGTGGCACTTGTTGGCACGTAACAACTGAGGGATTATTTCATCGGGCAGATAGTACTACCAAGCGTCAGCACTCAAGGGTTCAGGCTGATCGTTTGCCGAACCGAGTGCTAGGTTCTTATGTCTTCCTCGCAAGGTATTGGACCAAATGCATGGACACTGTCCGTACGTATTATATTTTGATGGTTGTACCGGTTAACGTTCGCTAGTCGGGAAACCAGTGTGACATTGTGTTAATAAGAGGAAGCATCTAGGACTGCACACTGTTGACTTGATCGGACCCTCCCTAACGTGAAAGCCCTAGATCCTTGTTTTGGGGATTGGGTGCCAATAGCTGTTAGCCAAAATGAGAAGATTCACCCGAAATAACTTGAA,857,49.59,Arabidopsis thaliana
SEQ_506649,CGCAACCTCACATTTCCTTTGACGGATGCCCGTGGGAATAATGTTCAGGTTAAGGTACTCAGCGCAGTTCTACTCCGGCCTTATACAGCTCGGACCACTCCGATCCACAGACCTTCTCCGACTTCAGAGCTAACTTCATAGCGTTTTGTCGACCACTTGTAATCCAACCACTACAAGTGGCCACTGATTATTGGTAGCCAACTCTACGCCGGCGTGAAACATTGCTAAACGTCTTACTAACTGTCTACACATTAAGAGTTGCTCTTGCGATCGAAAATGCGTACGCTGGAGGGGTTTTCACGAGAATAAACCCTTGATTCGCGTTAGGGGACATAGTGAGGGTGCAGCCACAGCGCCAGGCTGCCTTCAAGCACAGTGAACTTTCACATGCGGGGAACCTCTAAGGCTAGCAACCTACAAGAGACTAAAGGGGGCGACCGGCAGTAGCGTCCGTACTACCGAACATGGCGGCAACTTCCTGTTGACTTCGACCCTGGATCGTGTTAATTTCTCACCTCTTCCGAAAAATTCATGGAAACGGGTTCTTTCCGCGCATATACGTGGGGGAACTTTGAGCGTGTAGGTCACTCAAACTTCGAGAGGATTCCGAAATACCTGTCTAATGGCACTCCAAGACATTTGTCCGCAGCAGTTTGGGCTTGTACCTGGTGAGACGACCTTCCCCAAAGGCCTAGACTCTTACGGACATCAAACCGAGATGCGCTTTGGCGGCCGCAACTTCGCAATATAGAAGGGCCTGCGGCGCGAGTAATCTCTTCACTCATCATCTGTAAAATGGGGAATGTCGCCGCGGGTTAGGTAAGCATCTCCTCTCTTGCACAAATGCCACGCGGGTGATTCTCGGCCCCCATCGGGCAACCCAGCTACGACCCACCCGTGCGACCGAAGGGAAGTTGTATGCCCAGGAAGAGGCATAAAGTTTGGCTCACCCCTCCGACTCGTTCGCAAGAAATTACCTTGCGGTGTTGGGGGTAATTCGCTCATAAGTCTTGCGAAAGTTTTCACCAAAGCAAAGCTCTCATCACATACTCTAAGACACTTGAGGCACACCATCACACCGTATCTATCGACCGCTCTCCACCCAGCTTGCCGCCACAGGATAGGTCAGAGTTAACGTTGTAGGTATCCTGCTAGGGGGTAAGGCCGTCGATCCTCTGAAGCTCTGCACCACAGTACGTGAGTGGGTGTACTGCACGGGTACCTGGGCAGATCGAGTTCGCCACGTATGTAAATTATTACAAGGATAGGATCTTACGAGTATTACGCCTTCTAGCACAGCGGTGTAGATCATCGACTCTAGATAGAGGATAGCCATGCAAACTCTACTGGACGTAGTTAGTCAGACTATAACCTACTAGCTTTACCGTGAACAACACGTAGAAGTGGGGGTCCCCTTGTTCCCCTCATTACATTCGGATGTTAGCCTGCACTCGGCACAATGAGCTTATTAAAAATCATCCTTTAGGGCCATAGGGCCCCATTTTTGAAATGCTTCGGCTCTGGTTCAATGGCCCTTACCACGTTCAAAGTGCACCTTGCAGCTAAGCCACGCATTGTCTGACAACACGGGATGATAAACTGAAGAGTCAATACTACCTTTAAGACATACTTCCTTCAGGGTGCGTAGCTGGGTCGGATCATATACCTGGGTCACATTCGAAGCCGGTAGGTTAAAGTCATTGGGGCGATCAACCGCCTGGTGGAGTGGGTAACACAGCCGCAGCTGTATCCAACA,1756,50.68,Saccharomyces cerevisiae
SEQ_358791,TACTGTCTAACATATTGTCACAGTGCTCTGCTCCCGGGAACTGTTGGTCATGTTGTCTGCAAGAGAGGATTGATCTAGCCAGGCTTGAAGGTGGCCATCATGCCGAGATGTGGTCTGGTCACTCTAGCTTTGATGTGGTCCCTCGTGCACCTTTGACCAGACTAAACCGTGATACCCGATTATGCGAAATTAGTACATCTTAGTTGAGGCTACCCCCGTTCTGTTATTCATTTCAGGTCAGAAGTATGACGGACTAGCAGTGTTACATCTGGGCCTACGTACACATCGTTCTGACTCGTGCCTGCTAGCTTCTTAGCTAGCACGCAACGTCGTTTGTGCAGAGCATAGAGTAGCGTCAGAAAGCTATCGAACCCAATCTTCAGGACGTTCCATTGATTATTATGGGGAAACCCATAATCGATCTTCCAGTAGTTCGTCCGATACCGCGCCAACCCACCTGTAGTATATCGAGTGGGGCGGTCGCCTTGCCTGAGCACCTACGGATTACCCTTTCATGGGGAGCCTGATAATCGGCCACGTCGACTCAAAGGAAGAACTAGGCGTTGACAGACTTGTTCTTCCGCTTGAACTACTTGCTCAGGAAACGAGTCCACAACTGGCATTGATCGTAGGTAAGAGTCCGTAGCTCAGGCCACTAACGTGGCCAATTACTCAGCTGGCGGATATAGGATCCCCTAACTACCC,705,49.93,Caenorhabditis elegans
SEQ_592847,CCATAACAGTATGTCGGAGCGCAACGAGCGTGCTGTCCCACTAATCGGTGTCAATCTGAGTCCACTTGGGACAAAAGAAGCCTCAGGCGGTGAGGAAGCGAATGCCCATGTCAGTGCCGTTTATCTTATGAGCACGGACCCCTGCCTAATCTTGCACGTCGGTCGAAATTCATTAGAACACTGAGAATCTAGTCCCCGAATACCATATCATAAAACGCGAAGTATTTGTGGACTGTGTTACCGGAGCGGGATATACCCAAGCCTGTGATCCAGTGTACAACCCAGGACGATGAGGGGTGTTATTTTAGAGATTATACTCTTGCGCGATAGGGTTTGGATCGTACCTTGCCACCAATCGTCAGCCTGGATATACGCTTGAAGCTCAAATAGTCATACTACCACGTGTACTGGTGGGTTACCGTCCGTCCGGTGAGGGCATGTACATCTCAACCGTCAGAGAGGAACCCACCATCGGTTGGACACTGTAACACAAGCCAAATCCTCTCGTCCACCGTAACCAGGTGTAGGTTGAGAAACTAGCTTGTGTGCCGGAGCATGGTAAATCCGGTCTCTAAC,576,50.17,Homo sapiens
SEQ_501178,TTAACCACTTGTACTGCTATAGGGAACCGCGGTGTAGGTAGTGGTTTTATCTTACTGTCGGTACGGCGCCGCTAGGCTATGGCTCGTCTAGCGGTCAGCGGGGTCTCCCCCCGCTTTCCTGATACTGCTAAGGCGGATTTCAAGTGGGTCCCTGGCTGTGATTTGTGTCAGTTTATCAAGTGATTACGAGCACAAAGAATACTTAGAAGGAGCTAGAGTCAGCCTCAGAGATACCATATAATCGGGCAGGTACCAGTCTTCCCCACTAACTCCTAAACCATACTAATTAGCCGTAATGGTCAAAATTTAATAGGTTAAGACCTGCACCTCGCAGCTAGCGTACGAAATGATGCCGAATATAGAAGCATCTCACGACTGACGATTTCTATGCAGGGTTCGTTTCACTCGAGGCTGGTTGAAACCAATAAGTGACTAGGGCTTCTGAGTATTGCCCGTGATACTACCGAAAGCACGGGTACCTGTTTTTTATATTATCGGGGCTATAATAGCGTCTATTTCGGACACGTTCTCACCGGTACACTATTCTCTGTTGATCAGGGCGATCGACTGTGATGAAGTTGAAGGATGGCTAACACCTATGTTTGTGCCGCAGCACCAAGTCATGGGCTACGAATATGTACGAACTCCCCTACTACGGAGGTTTATACGTTCAGAGTTAAGTCGACGGACACTGGCCGCTTTATCTGCCATAAGCCAACTATTGCCTCACACCCACTTTCGTAAGCATTAAAACGGTAATAGTGCAATCACCGTTCAGGTCTTGACAGACGTGGTGATGCCGGGACCTACGGAAAATTCTACGGTAACGCTGCCGTATTCAACTTAGAAATCACTGGTATGCCATGTGTTATATTCCTAGCAAGCCTATCTACGAGGCCAGGGGGGGCATAAGGACCGATAAAGCAACACCATATGAGGCGTAGCGCTTTTGGCTGCTACTCTGTGGGTTTGGTTAATGCAATTCAATCTGAGCCTCGGATGCTGTTACAGCAAGTTGGATAGCGCCCAAGGGTTTCTCCTACTAAACCGAATCTAACGGTTCCCCACTACAGTACGAGCGCAGGTTTTGGCAGCTCGTCATAATGGAGACAAAAGCACCGTGCACGGGGCGACAGAGTAACCCTGGTTACCCATAGTTGGGACTCAAGACGGTGAATGTCTGGTAGTCCCCTTGTGAGATGGGCGGGGCCCGTCTCTATCATGCTCCTACTGCGATAAGCTTCGCGATGCTCAGTTCACGCGGTGAACGTTTACCGGCGAAGCGTATTTCAGTCGAGTACTTACCGTCGGCATACGGCGGCATGGTCTGCCAATTATGACACCGAGATGAGGTAGTATACTGCCTGTTGTGTCAAGCGTGCGCTTTATTGTAGGTTGAAGTCGCGCGACCGTGCCGGGCATTACAATAATGCCCGTCTGGGTCACTAACCACCTGAGTGTCCATAATTGTGATTGCAGCACTA,1484,49.33,Arabidopsis thaliana
SEQ_488492,CGACTTTTATTGCTGCCGAGAGCTATGTTATATCTTCCGTGCAGACGGCATTTAGATACTGGGTCGAGGGTCTTTAATTGCCTAGCATTTGTCTGCGAATTGCGGAATATTCGACTCTGTCCGTCACCAACTTGACCTTGTGAATCGCTAACTATTAAAACATGCCAGGGGTAATGTAGGCGAGCGGTGCGTAAGAATCAACGTCGGACTTAGCTCAACCTTATAACGGTTGGGTTCGCCGCCAAGAGTTCTATAAACCGATTGAACCTGGGGTGGAACTTGGAACTCGACAAGAGAGGGAAGGAGACACGGCCGTCATGCTGGTAGGAGAAACTCGTAATGATAGTCTATCAATACAAGACGTTACAACTGTGTTGCATGTTCCATGGACAAGTGAATACAGGTCAAGAACCCAGTGCTGAAGCAACTGGGCGAGATTTCGAACGGGGGAGTATTTCTGCTATTGGTAGAAAATTTGGAGGGTGGTCACGGGCGTCTGGTATACTCGGGGGGTAGGGCACACGTACAGGGAAACCCGGGACGAGACGCAATATGGACTCCACTTCACGGGATAATAAGAATTCATTCCCTGCTCCATAAATGGCGGGTTCGAATGCACCAAACTAACGATATTTTTGCAATAAACGTCGTACCTAAGTCCAACCCGGCCGATCAATGTAGCCCTTTTCATCTCTGGATATTTAACCTGAGCGCCCATAAAAAGATAGGAATTGTAGTTTTCTATATTCGAATTCAAACTAAAGCGGAAGATCCCCTGCAAGCCTCCTGTCATTTCTAATATCCTACGGTCCCAGTGCAAACATCGTTGTAGGCACATCTCTCTTACATCAGCCGATAAGCCGCCCTGGACGTATGGGAAGGTGGCATAACGAGAAGCAAAAACGATGACACAGTAAGGAGTTTATACCTCATAAGAACACTCTGTATCGGACGTATTGTCCGGCCACACCGGGTGTGCATATTGACTCTACGGAATTTCAATAGTCAGCAACAATAGATTCCTTGGGATAGCACCTGCTGGAGCGTATTAACAGGGATTCCATACGAGATAAGTTTGATAACGACGCGCGCGCTTCCACACAAGACCAACGTCCTGAGCGTTACCTAAGGCTAAGTCGTGTGACATAAGCCGGAGATACTGATGAGCTGGGCCTAGTGACAACCGAGCCCCGAGCTTGGATGACATTTCGCCCCGGTCTCTTCCTAGCCTAGAGACCGTACTTATAGTTCGTGTAGTTAAGCACCGGCAATGTATATCACACTCAGCCTTTATCTGCTATTAGGATATGGGACCCGATCTCGTCCACACCGGCTACTTAGAATGGATGGCCGCATAGCCTCGATTAACTAAGCTTGCCAACTAGCATCATAGGGACTTAGTCTTTCCTTTTCTCACCTCCAGGGCATCATGGCCATCTCCGTACAAGAAAGATGTTTTCCAGACAGTCATATCTGGCGTAAGGCACACATGGGGGTTGACAACAGATTGGCAATTAGAGAGCCTCTACGCGTCCCTCGATGTTTCTGATCTATCTTCAAATGACAACTGTACGATGGAGCTGCCGTTCCCTGGATGCATAGCGTCGTTTGAGGTGCGAGTTGGTTTATTCAGACTCATTTCGGATCTGAGAGTCTGGATCCCACATTGAATACCTGTCTGATGTTCGTTCCGGAGCCCTTTATTCAGAGTGAAGACAATCCTAACTTTTTACCAGAACTAAGCCGGACCCTGTTTGTGTGGTATTTTCTGATTATCCCATGACTATTCAGTATCAACAATAACTGGACTAAGTGCGATCAGCGCTCACAGGGGAAGCTACGTTACGCGTGTTCGTTTATATCTTCCGATCAAAA,1875,47.2,Saccharomyces cerevisiae
SEQ_672216,ATGAAACCCCACTTAGAACCGGAATGGCAAGGTTTCGTCTGTTTACGTATAGGTTAGGATTTCTGGAACTATTCGCATAGCTATATCTCAGGGTAGCTTGGTCTCCTGGAGCTAAGTTCATGGATGAAGACTGACGACAGGCTCACAGTGCGCGCTGCCGTTGATCGCCAATATACATTCCCCTATATTCTAGTATCTTTGGGCGCAAACGTGGACGCCACTTCTGGTACCGTGTCCACCAATGAGTATGGACGTCTTCTACTGGGGTGACAGTTACAACGAGGTATTACAATCTTGCACTTGCGCGTTCCAAGACACCGAAATTTCTGCGGTTTACCACTTGGGTCACCGCACAGTTAGGGGCGACTTAATGTTCACCCCCGCGTCTTGGCAGCAAACCCATTCTCCCGCGCGCAAGCCAAGGGCGTTAGTAGGCGCAATCCGCAGGCAATGTAGTTATCCCAGTCCCCCTCTCTGCATCATAACATATTCGTTCGGCCGGAGGTATCGAATGCGCGTGGGCTCTTCGGCTAGCGGTAAGCCCAC,546,51.83,Arabidopsis thaliana
SEQ_625582,ACTCTGCGAATCACACTTATCTTGAATGGAATCAGGGTGTGCATGCCTTGTTCCGGCAACCACAATGCAGCCTATTTGTTTAGCTGATAAAGACCTGGAATCTAGGTGGACGTGACCCTGGCGAGTAATGGTGGTATGGGCGACCCCGGACCAATCACGGAATTTTCGTTATGTGGCACTGCCGGTCTGTAACGGGGTGCCCGAGTCTATGCTAAGCGCTCTAAAATTTTTTACGCGGACCTCAGCTCGCAGATTAGCATTGGAGTACTGACAGGAATCGCTCCGAAACTATTCGCTTGACGTCTATCTGTTCCCCCGTTGGACGTTCATGGGGGAAAACCCCGTTGTTGTGTACTGTGTAAGACTTAGCTGGGCCCGTAGTAATGTAGTTGCTAGGATGCTTGCCCGCGCAGGTTAAGTTTAGGATATTAGAAAAGTAGCAAATAGTTCGGAAGCCAGGACTGACAACTGTGGCAGAAACAGGTCAAAGACGTAAGTAACTGCAGTGTGTGTAGCATGACTTTTCTGTCAACTTAGAGAGTGGCAT,547,48.63,Arabidopsis thaliana
SEQ_716512,GACTGAGTGCTCAAGTAATTATATAGGGGAACCTTTGCGAAATGTTGTACAGCTTGTATCCTGCAGTTGGGGACCTGGGTGCGATTGGGTGGAGGGGCTTAAGTACTATGCTCGCATTCGAACTACAGTCGGGAAGCGATGGTCCCCCTGTAACGACTTTCAGTATCTCGACTATGAGGGACTACGTTCGGTGCCGCGATAATTCTACACCCGTCGCCGCCATGACGTTACGCTCAAAGACTGTACCGTAGCTCTTTCGTAAACGGCAAAAGAAAATTCCGCTAAAACGTGCTAGCG,297,50.17,Caenorhabditis elegans
SEQ_487295,TACTTTGAACCGGCTTAGAGTATCGGACTTCCGGGGTAAACTGGACATCTAAAATATCCTGCCAATTTACGTGAACGTTGACTTATGATGAGTGCCTTTCCCCGGACATCATACCACGGAGTAACGGCAACCAAAAGTGCTTGAGGGCACCCGTGATATGTCTCAACCTCTGGGACAAAGGCCATGGTAGTCCCGCCCGCCTTTGAACCGATGATCTGCAAGTAAGA,227,49.34,Drosophila melanogaster
SEQ_386302,CAGCAGACTTGGCCGAGTGCAGAGGTAACTACTGTCCGGGTCCACGGAGGCCGAGAACCCTATGCATCCGTATGACGAGAACAATCGAATGCACCTATTGCCCGCCAGACGGCTCGCGACGGTGTGAATCGGATTTTTAGCAAGGTAGGACAAGCACTAGTTATCTATCTAGCGGTACGTACACCTTACTCGTCGTTTAGCGAGTAACTCAGGCCACATTAGGGCAGATGTAACGGTCAGTCTGTTCCGCCTATTTCCCTTCTAGCGTCCGACCCGACTCTTTCGACCATCTCAGTCGCCGCAAGAACACTTGCCCACTTAGTGTCAGTTCAAATCCATTCTCATTGTCCACAACATCGGCGCCACGGTCGGTCAAATCTCTCAAATAATATGGTCGAGTTCCTATCAGTGCGCACAATTGATTTGTCGTAGGGTAAAGCCCTGCTCTCACTGGTGGGTTTAACCTCCCAGTGCCTTAGTTACCCGAATGCCTCATTGAGGTTCGATAATTGTTTACCGAGAGGCCTTCTCAGTATCAAACCGCGGTCCAAGTCCTTGTATAGCGGGACTAGGCTTGAATGCTTTCGGCATCTGCACTCAGCACAGGATTCTGGAAGACGCAAAGTTCGATGACGAGGTGATTAATCGGGTTGAATGTGCCGGTGCTCAATACAGACTTTAGTTCAGAAGTCACCCCGACACACGGTGATTCCCTCACGGCCAAGGAACGGCGCTTACACAGGGTTCACAAACGCTGATCAGTATTGGCCTTGAGACATCTCTCTCCAAGAATAACATATCACCCCGCACTTCGCTGATTCATGACGGGTAGCAGAAACTCCATTCTTGACCTGTCCTCCATATACATACATGCACGGACAACCTGCCCTATTGCAGAAAGCGCGTGCTGGTGAGAGATCCGAGGCAATAAGTGTGATCGCTCTAGCTCGATACCGGTACGCGATCCCTTATCCTCTATATCTGCCGAAGAAAAACGCTTCTCGTCAGTTTTGTGTTGCGTCTGGGGATGGGGTAGATTACCATCTCTCGTTCATATACCCGCTGGTCGGTTCTGTAGTTATGCTTTAAGACTACATTTTAGGGAGTACGAGTTCACAACTAACTCGATAATTCCGCAATGATTACGAAAATCAGCACTGATGACAGTTACTAGATTATATCTGGTGGTAGCACCGGATACTCTGGCGTATAGGTCTGCCAGCAATCACATGCCGTATGCTAGAACTGATATAGTAGTTGCATCTGATACTTCTAGACTTACAGGATTAATACAGGGGTAAAGACATAGTGAAATTACAGCGCTGTAATATAAAATGGTCCAATATTTTGAGCCGTCTCGCACGTGGACGCTCAAGCTTGACAGGCTCCGCGCCGCTCACAAACTATGTTAGACACCTGGAATCCTCGTGTTTTTTGCGAACGACACCGCTCGATGCTACGACCCCATAGGTCCCCGTTGGGGTTGGGTGCTTTCTAGACTCCCGCACTGTACTCGAGTGCGGTGGCTCGCACTGTATTCAGCAACGGTGAGTCATGGGGCAACCCTGGATAAAAGTGCCGACGGTGTCTAACGACC,1597,49.59,Drosophila melanogaster
SEQ_659992,TGCCGGGAGCATTTTTCGTATGTTGGGGCTCTAACAGGCCGTTGAATTGTTCCGTAAGTCGCCATCTGTGGTGTCCGGGTGTAACCGGTCGCGCGTACCTCGCTCCCCATTCGCAGAGTCAGGACCACGGAGAAGTAGACGACGCGAGCACGGGCACTCACCCAATTAAGAGTCAAGAAGGGGGTGGAGTGGACGGTCTCACTGTGTGGTTACAGGCTGTGATGCCACCAACGGTGGATACCCATCTTGTTTATTGACGCCCTTCAAACAGTCCGCAACGCTCCGCCGAACTTTACCACCTGGTCCACGGTGGTGGATAAGATTTATTGTCTTGTGTGACCTGGTAATAGGATTCGAAGAATGCGAGGGAGATTTTCCGTAGGACCCATCCTAGCATTCGGCAAGCTTCTGTCACCATGCCCTCTACAGCTTTAAATACGTAGTTCCAACAAATCCGAATTCACGAGAACTCAGCCATTAAATAAGGTAGTCATGGTAGCCGGTTGCCAGAAGAAGCAGCGGTGTGGTAGCTTAGCAACTTTCGTCGGAGATAGCTCCTTCGTATCAAGATCAGGCCTCTTACATTGTTACATCTCTTTGCTAGTCACCGTGCTGTTTAGGCTGGGACAGCGGCGGACTACTTTCGCGCACAGTCAGCGGCTGTCCATGCTGTGCAACTGCTCTAGT,687,52.11,Mus musculus
SEQ_519151,CACGCGAGATAATGCCAACAAGGCTTAACGACAGATGCTAAGGAATTTTCTTTGAGCGGGGTTACTAATTCGGATAAGTAAGGTCCAAATATCAGATTCTGCGAGATTTCGATTCCTGTACCCTATGTTACTGGCTTCCTCCGGATGCCGGAGCGCGAGGCGGATACCCGTCGCTGTATTATATTTACTCCTACACTCATTGCCCGCTATGCTGCGTCCACGAAATTGAATGTTATTGCCATATCACCCAGTAAAGACCCCATCACTTCTTGGCTTTGAAAGACATTAGTCATTTTCAGCTGGTTTACACTAACTAGATGTGCCCGATGGGTAATTATTATGTGCCTACAATTGACTTGCTTGTGCGGGCGCGCAGCAGACAGGAACTAGGCCGATCCTATCCTA,405,46.42,Drosophila melanogaster
